delivery_start_utc,delivery_end_utc,local_date,da_contract_id,da_mw,afrr_up_mw,afrr_down_mw,fcr_mw,ein_mwh,eout_mwh,efc,afrr_up_activation_mwh,afrr_down_activation_mwh,da_data_valid,afrr_hour_data_valid,fcr_hour_data_valid,initial_no_prior_commitment,da_eur,fcr_capacity_eur,afrr_up_capacity_eur,afrr_down_capacity_eur,afrr_up_activation_eur,afrr_down_activation_eur,total_eur
2024-12-31T22:00:00Z,2024-12-31T22:15:00Z,2025-01-01,2024-12-31_24,0.0,0,0,0,10.0,10.0,0.0,0.0,0.0,True,True,False,True,0.0,0.0,0.0,0.0,0.0,0.0,0.0
2024-12-31T22:15:00Z,2024-12-31T22:30:00Z,2025-01-01,2024-12-31_24,0.0,0,0,0,10.0,10.0,0.0,0.0,0.0,True,True,False,True,0.0,0.0,0.0,0.0,0.0,0.0,0.0
2024-12-31T22:30:00Z,2024-12-31T22:45:00Z,2025-01-01,2024-12-31_24,0.0,0,0,0,10.0,10.0,0.0,0.0,0.0,True,True,False,True,0.0,0.0,0.0,0.0,0.0,0.0,0.0
2024-12-31T22:45:00Z,2024-12-31T23:00:00Z,2025-01-01,2024-12-31_24,0.0,0,0,0,10.0,10.0,0.0,0.0,0.0,True,True,False,True,0.0,0.0,0.0,0.0,0.0,0.0,0.0
2024-12-31T23:00:00Z,2024-12-31T23:15:00Z,2025-01-01,2025-01-01_1,0.0,0,0,0,10.0,10.0,0.0,0.0,0.0,True,True,False,True,0.0,0.0,0.0,0.0,0.0,0.0,0.0
2024-12-31T23:15:00Z,2024-12-31T23:30:00Z,2025-01-01,2025-01-01_1,0.0,0,0,0,10.0,10.0,0.0,0.0,0.0,True,True,False,True,0.0,0.0,0.0,0.0,0.0,0.0,0.0
2024-12-31T23:30:00Z,2024-12-31T23:45:00Z,2025-01-01,2025-01-01_1,0.0,0,0,0,10.0,10.0,0.0,0.0,0.0,True,True,False,True,0.0,0.0,0.0,0.0,0.0,0.0,0.0
2024-12-31T23:45:00Z,2025-01-01T00:00:00Z,2025-01-01,2025-01-01_1,0.0,0,0,0,10.0,10.0,0.0,0.0,0.0,True,True,False,True,0.0,0.0,0.0,0.0,0.0,0.0,0.0
2025-01-01T00:00:00Z,2025-01-01T00:15:00Z,2025-01-01,2025-01-01_2,0.0,0,0,0,10.0,10.0,0.0,0.0,0.0,True,True,False,True,0.0,0.0,0.0,0.0,0.0,0.0,0.0
2025-01-01T00:15:00Z,2025-01-01T00:30:00Z,2025-01-01,2025-01-01_2,0.0,0,0,0,10.0,10.0,0.0,0.0,0.0,True,True,False,True,0.0,0.0,0.0,0.0,0.0,0.0,0.0
2025-01-01T00:30:00Z,2025-01-01T00:45:00Z,2025-01-01,2025-01-01_2,0.0,0,0,0,10.0,10.0,0.0,0.0,0.0,True,True,False,True,0.0,0.0,0.0,0.0,0.0,0.0,0.0
2025-01-01T00:45:00Z,2025-01-01T01:00:00Z,2025-01-01,2025-01-01_2,0.0,0,0,0,10.0,10.0,0.0,0.0,0.0,True,True,False,True,0.0,0.0,0.0,0.0,0.0,0.0,0.0
2025-01-01T01:00:00Z,2025-01-01T01:15:00Z,2025-01-01,2025-01-01_3,0.0,0,0,0,10.0,10.0,0.0,0.0,0.0,True,True,False,True,0.0,0.0,0.0,0.0,0.0,0.0,0.0
2025-01-01T01:15:00Z,2025-01-01T01:30:00Z,2025-01-01,2025-01-01_3,0.0,0,0,0,10.0,10.0,0.0,0.0,0.0,True,True,False,True,0.0,0.0,0.0,0.0,0.0,0.0,0.0
2025-01-01T01:30:00Z,2025-01-01T01:45:00Z,2025-01-01,2025-01-01_3,0.0,0,0,0,10.0,10.0,0.0,0.0,0.0,True,True,False,True,0.0,0.0,0.0,0.0,0.0,0.0,0.0
2025-01-01T01:45:00Z,2025-01-01T02:00:00Z,2025-01-01,2025-01-01_3,0.0,0,0,0,10.0,10.0,0.0,0.0,0.0,True,True,False,True,0.0,0.0,0.0,0.0,0.0,0.0,0.0
2025-01-01T02:00:00Z,2025-01-01T02:15:00Z,2025-01-01,2025-01-01_4,0.0,0,0,0,10.0,10.0,0.0,0.0,0.0,True,True,False,True,0.0,0.0,0.0,0.0,0.0,0.0,0.0
2025-01-01T02:15:00Z,2025-01-01T02:30:00Z,2025-01-01,2025-01-01_4,0.0,0,0,0,10.0,10.0,0.0,0.0,0.0,True,True,False,True,0.0,0.0,0.0,0.0,0.0,0.0,0.0
2025-01-01T02:30:00Z,2025-01-01T02:45:00Z,2025-01-01,2025-01-01_4,0.0,0,0,0,10.0,10.0,0.0,0.0,0.0,True,True,False,True,0.0,0.0,0.0,0.0,0.0,0.0,0.0
2025-01-01T02:45:00Z,2025-01-01T03:00:00Z,2025-01-01,2025-01-01_4,0.0,0,0,0,10.0,10.0,0.0,0.0,0.0,True,True,False,True,0.0,0.0,0.0,0.0,0.0,0.0,0.0
2025-01-01T03:00:00Z,2025-01-01T03:15:00Z,2025-01-01,2025-01-01_5,0.0,0,0,0,10.0,10.0,0.0,0.0,0.0,True,True,False,True,0.0,0.0,0.0,0.0,0.0,0.0,0.0
2025-01-01T03:15:00Z,2025-01-01T03:30:00Z,2025-01-01,2025-01-01_5,0.0,0,0,0,10.0,10.0,0.0,0.0,0.0,True,True,False,True,0.0,0.0,0.0,0.0,0.0,0.0,0.0
2025-01-01T03:30:00Z,2025-01-01T03:45:00Z,2025-01-01,2025-01-01_5,0.0,0,0,0,10.0,10.0,0.0,0.0,0.0,True,True,False,True,0.0,0.0,0.0,0.0,0.0,0.0,0.0
2025-01-01T03:45:00Z,2025-01-01T04:00:00Z,2025-01-01,2025-01-01_5,0.0,0,0,0,10.0,10.0,0.0,0.0,0.0,True,True,False,True,0.0,0.0,0.0,0.0,0.0,0.0,0.0
2025-01-01T04:00:00Z,2025-01-01T04:15:00Z,2025-01-01,2025-01-01_6,0.0,0,0,0,10.0,10.0,0.0,0.0,0.0,True,True,False,True,0.0,0.0,0.0,0.0,0.0,0.0,0.0
2025-01-01T04:15:00Z,2025-01-01T04:30:00Z,2025-01-01,2025-01-01_6,0.0,0,0,0,10.0,10.0,0.0,0.0,0.0,True,True,False,True,0.0,0.0,0.0,0.0,0.0,0.0,0.0
2025-01-01T04:30:00Z,2025-01-01T04:45:00Z,2025-01-01,2025-01-01_6,0.0,0,0,0,10.0,10.0,0.0,0.0,0.0,True,True,False,True,0.0,0.0,0.0,0.0,0.0,0.0,0.0
2025-01-01T04:45:00Z,2025-01-01T05:00:00Z,2025-01-01,2025-01-01_6,0.0,0,0,0,10.0,10.0,0.0,0.0,0.0,True,True,False,True,0.0,0.0,0.0,0.0,0.0,0.0,0.0
2025-01-01T05:00:00Z,2025-01-01T05:15:00Z,2025-01-01,2025-01-01_7,0.0,0,0,0,10.0,10.0,0.0,0.0,0.0,True,True,False,True,0.0,0.0,0.0,0.0,0.0,0.0,0.0
2025-01-01T05:15:00Z,2025-01-01T05:30:00Z,2025-01-01,2025-01-01_7,0.0,0,0,0,10.0,10.0,0.0,0.0,0.0,True,True,False,True,0.0,0.0,0.0,0.0,0.0,0.0,0.0
2025-01-01T05:30:00Z,2025-01-01T05:45:00Z,2025-01-01,2025-01-01_7,0.0,0,0,0,10.0,10.0,0.0,0.0,0.0,True,True,False,True,0.0,0.0,0.0,0.0,0.0,0.0,0.0
2025-01-01T05:45:00Z,2025-01-01T06:00:00Z,2025-01-01,2025-01-01_7,0.0,0,0,0,10.0,10.0,0.0,0.0,0.0,True,True,False,True,0.0,0.0,0.0,0.0,0.0,0.0,0.0
2025-01-01T06:00:00Z,2025-01-01T06:15:00Z,2025-01-01,2025-01-01_8,0.0,0,0,0,10.0,10.0,0.0,0.0,0.0,True,True,False,True,0.0,0.0,0.0,0.0,0.0,0.0,0.0
2025-01-01T06:15:00Z,2025-01-01T06:30:00Z,2025-01-01,2025-01-01_8,0.0,0,0,0,10.0,10.0,0.0,0.0,0.0,True,True,False,True,0.0,0.0,0.0,0.0,0.0,0.0,0.0
2025-01-01T06:30:00Z,2025-01-01T06:45:00Z,2025-01-01,2025-01-01_8,0.0,0,0,0,10.0,10.0,0.0,0.0,0.0,True,True,False,True,0.0,0.0,0.0,0.0,0.0,0.0,0.0
2025-01-01T06:45:00Z,2025-01-01T07:00:00Z,2025-01-01,2025-01-01_8,0.0,0,0,0,10.0,10.0,0.0,0.0,0.0,True,True,False,True,0.0,0.0,0.0,0.0,0.0,0.0,0.0
2025-01-01T07:00:00Z,2025-01-01T07:15:00Z,2025-01-01,2025-01-01_9,0.0,0,0,0,10.0,10.0,0.0,0.0,0.0,True,False,False,True,0.0,0.0,0.0,0.0,0.0,0.0,0.0
2025-01-01T07:15:00Z,2025-01-01T07:30:00Z,2025-01-01,2025-01-01_9,0.0,0,0,0,10.0,10.0,0.0,0.0,0.0,True,False,False,True,0.0,0.0,0.0,0.0,0.0,0.0,0.0
2025-01-01T07:30:00Z,2025-01-01T07:45:00Z,2025-01-01,2025-01-01_9,0.0,0,0,0,10.0,10.0,0.0,0.0,0.0,True,False,False,True,0.0,0.0,0.0,0.0,0.0,0.0,0.0
2025-01-01T07:45:00Z,2025-01-01T08:00:00Z,2025-01-01,2025-01-01_9,0.0,0,0,0,10.0,10.0,0.0,0.0,0.0,True,False,False,True,0.0,0.0,0.0,0.0,0.0,0.0,0.0
2025-01-01T08:00:00Z,2025-01-01T08:15:00Z,2025-01-01,2025-01-01_10,0.0,0,0,0,10.0,10.0,0.0,0.0,0.0,True,True,False,True,0.0,0.0,0.0,0.0,0.0,0.0,0.0
2025-01-01T08:15:00Z,2025-01-01T08:30:00Z,2025-01-01,2025-01-01_10,0.0,0,0,0,10.0,10.0,0.0,0.0,0.0,True,True,False,True,0.0,0.0,0.0,0.0,0.0,0.0,0.0
2025-01-01T08:30:00Z,2025-01-01T08:45:00Z,2025-01-01,2025-01-01_10,0.0,0,0,0,10.0,10.0,0.0,0.0,0.0,True,True,False,True,0.0,0.0,0.0,0.0,0.0,0.0,0.0
2025-01-01T08:45:00Z,2025-01-01T09:00:00Z,2025-01-01,2025-01-01_10,0.0,0,0,0,10.0,10.0,0.0,0.0,0.0,True,True,False,True,0.0,0.0,0.0,0.0,0.0,0.0,0.0
2025-01-01T09:00:00Z,2025-01-01T09:15:00Z,2025-01-01,2025-01-01_11,0.0,0,0,0,10.0,10.0,0.0,0.0,0.0,True,True,False,True,0.0,0.0,0.0,0.0,0.0,0.0,0.0
2025-01-01T09:15:00Z,2025-01-01T09:30:00Z,2025-01-01,2025-01-01_11,0.0,0,0,0,10.0,10.0,0.0,0.0,0.0,True,True,False,True,0.0,0.0,0.0,0.0,0.0,0.0,0.0
2025-01-01T09:30:00Z,2025-01-01T09:45:00Z,2025-01-01,2025-01-01_11,0.0,0,0,0,10.0,10.0,0.0,0.0,0.0,True,True,False,True,0.0,0.0,0.0,0.0,0.0,0.0,0.0
2025-01-01T09:45:00Z,2025-01-01T10:00:00Z,2025-01-01,2025-01-01_11,0.0,0,0,0,10.0,10.0,0.0,0.0,0.0,True,True,False,True,0.0,0.0,0.0,0.0,0.0,0.0,0.0
2025-01-01T10:00:00Z,2025-01-01T10:15:00Z,2025-01-01,2025-01-01_12,0.0,0,0,0,10.0,10.0,0.0,0.0,0.0,True,True,False,True,0.0,0.0,0.0,0.0,0.0,0.0,0.0
2025-01-01T10:15:00Z,2025-01-01T10:30:00Z,2025-01-01,2025-01-01_12,0.0,0,0,0,10.0,10.0,0.0,0.0,0.0,True,True,False,True,0.0,0.0,0.0,0.0,0.0,0.0,0.0
2025-01-01T10:30:00Z,2025-01-01T10:45:00Z,2025-01-01,2025-01-01_12,0.0,0,0,0,10.0,10.0,0.0,0.0,0.0,True,True,False,True,0.0,0.0,0.0,0.0,0.0,0.0,0.0
2025-01-01T10:45:00Z,2025-01-01T11:00:00Z,2025-01-01,2025-01-01_12,0.0,0,0,0,10.0,10.0,0.0,0.0,0.0,True,True,False,True,0.0,0.0,0.0,0.0,0.0,0.0,0.0
2025-01-01T11:00:00Z,2025-01-01T11:15:00Z,2025-01-01,2025-01-01_13,0.0,0,0,0,10.0,10.0,0.0,0.0,0.0,True,True,False,True,0.0,0.0,0.0,0.0,0.0,0.0,0.0
2025-01-01T11:15:00Z,2025-01-01T11:30:00Z,2025-01-01,2025-01-01_13,0.0,0,0,0,10.0,10.0,0.0,0.0,0.0,True,True,False,True,0.0,0.0,0.0,0.0,0.0,0.0,0.0
2025-01-01T11:30:00Z,2025-01-01T11:45:00Z,2025-01-01,2025-01-01_13,0.0,0,0,0,10.0,10.0,0.0,0.0,0.0,True,True,False,True,0.0,0.0,0.0,0.0,0.0,0.0,0.0
2025-01-01T11:45:00Z,2025-01-01T12:00:00Z,2025-01-01,2025-01-01_13,0.0,0,0,0,10.0,10.0,0.0,0.0,0.0,True,True,False,True,0.0,0.0,0.0,0.0,0.0,0.0,0.0
2025-01-01T12:00:00Z,2025-01-01T12:15:00Z,2025-01-01,2025-01-01_14,0.0,0,0,0,10.0,10.0,0.0,0.0,0.0,True,True,False,True,0.0,0.0,0.0,0.0,0.0,0.0,0.0
2025-01-01T12:15:00Z,2025-01-01T12:30:00Z,2025-01-01,2025-01-01_14,0.0,0,0,0,10.0,10.0,0.0,0.0,0.0,True,True,False,True,0.0,0.0,0.0,0.0,0.0,0.0,0.0
2025-01-01T12:30:00Z,2025-01-01T12:45:00Z,2025-01-01,2025-01-01_14,0.0,0,0,0,10.0,10.0,0.0,0.0,0.0,True,True,False,True,0.0,0.0,0.0,0.0,0.0,0.0,0.0
2025-01-01T12:45:00Z,2025-01-01T13:00:00Z,2025-01-01,2025-01-01_14,0.0,0,0,0,10.0,10.0,0.0,0.0,0.0,True,True,False,True,0.0,0.0,0.0,0.0,0.0,0.0,0.0
2025-01-01T13:00:00Z,2025-01-01T13:15:00Z,2025-01-01,2025-01-01_15,0.0,0,0,0,10.0,10.0,0.0,0.0,0.0,True,True,False,True,0.0,0.0,0.0,0.0,0.0,0.0,0.0
2025-01-01T13:15:00Z,2025-01-01T13:30:00Z,2025-01-01,2025-01-01_15,0.0,0,0,0,10.0,10.0,0.0,0.0,0.0,True,True,False,True,0.0,0.0,0.0,0.0,0.0,0.0,0.0
2025-01-01T13:30:00Z,2025-01-01T13:45:00Z,2025-01-01,2025-01-01_15,0.0,0,0,0,10.0,10.0,0.0,0.0,0.0,True,True,False,True,0.0,0.0,0.0,0.0,0.0,0.0,0.0
2025-01-01T13:45:00Z,2025-01-01T14:00:00Z,2025-01-01,2025-01-01_15,0.0,0,0,0,10.0,10.0,0.0,0.0,0.0,True,True,False,True,0.0,0.0,0.0,0.0,0.0,0.0,0.0
2025-01-01T14:00:00Z,2025-01-01T14:15:00Z,2025-01-01,2025-01-01_16,0.0,0,0,0,10.0,10.0,0.0,0.0,0.0,True,True,False,True,0.0,0.0,0.0,0.0,0.0,0.0,0.0
2025-01-01T14:15:00Z,2025-01-01T14:30:00Z,2025-01-01,2025-01-01_16,0.0,0,0,0,10.0,10.0,0.0,0.0,0.0,True,True,False,True,0.0,0.0,0.0,0.0,0.0,0.0,0.0
2025-01-01T14:30:00Z,2025-01-01T14:45:00Z,2025-01-01,2025-01-01_16,0.0,0,0,0,10.0,10.0,0.0,0.0,0.0,True,True,False,True,0.0,0.0,0.0,0.0,0.0,0.0,0.0
2025-01-01T14:45:00Z,2025-01-01T15:00:00Z,2025-01-01,2025-01-01_16,0.0,0,0,0,10.0,10.0,0.0,0.0,0.0,True,True,False,True,0.0,0.0,0.0,0.0,0.0,0.0,0.0
2025-01-01T15:00:00Z,2025-01-01T15:15:00Z,2025-01-01,2025-01-01_17,0.0,0,0,0,10.0,10.0,0.0,0.0,0.0,True,True,False,True,0.0,0.0,0.0,0.0,0.0,0.0,0.0
2025-01-01T15:15:00Z,2025-01-01T15:30:00Z,2025-01-01,2025-01-01_17,0.0,0,0,0,10.0,10.0,0.0,0.0,0.0,True,True,False,True,0.0,0.0,0.0,0.0,0.0,0.0,0.0
2025-01-01T15:30:00Z,2025-01-01T15:45:00Z,2025-01-01,2025-01-01_17,0.0,0,0,0,10.0,10.0,0.0,0.0,0.0,True,True,False,True,0.0,0.0,0.0,0.0,0.0,0.0,0.0
2025-01-01T15:45:00Z,2025-01-01T16:00:00Z,2025-01-01,2025-01-01_17,0.0,0,0,0,10.0,10.0,0.0,0.0,0.0,True,True,False,True,0.0,0.0,0.0,0.0,0.0,0.0,0.0
2025-01-01T16:00:00Z,2025-01-01T16:15:00Z,2025-01-01,2025-01-01_18,0.0,0,0,0,10.0,10.0,0.0,0.0,0.0,True,True,False,True,0.0,0.0,0.0,0.0,0.0,0.0,0.0
2025-01-01T16:15:00Z,2025-01-01T16:30:00Z,2025-01-01,2025-01-01_18,0.0,0,0,0,10.0,10.0,0.0,0.0,0.0,True,True,False,True,0.0,0.0,0.0,0.0,0.0,0.0,0.0
2025-01-01T16:30:00Z,2025-01-01T16:45:00Z,2025-01-01,2025-01-01_18,0.0,0,0,0,10.0,10.0,0.0,0.0,0.0,True,True,False,True,0.0,0.0,0.0,0.0,0.0,0.0,0.0
2025-01-01T16:45:00Z,2025-01-01T17:00:00Z,2025-01-01,2025-01-01_18,0.0,0,0,0,10.0,10.0,0.0,0.0,0.0,True,True,False,True,0.0,0.0,0.0,0.0,0.0,0.0,0.0
2025-01-01T17:00:00Z,2025-01-01T17:15:00Z,2025-01-01,2025-01-01_19,0.0,0,0,0,10.0,10.0,0.0,0.0,0.0,True,True,False,True,0.0,0.0,0.0,0.0,0.0,0.0,0.0
2025-01-01T17:15:00Z,2025-01-01T17:30:00Z,2025-01-01,2025-01-01_19,0.0,0,0,0,10.0,10.0,0.0,0.0,0.0,True,True,False,True,0.0,0.0,0.0,0.0,0.0,0.0,0.0
2025-01-01T17:30:00Z,2025-01-01T17:45:00Z,2025-01-01,2025-01-01_19,0.0,0,0,0,10.0,10.0,0.0,0.0,0.0,True,True,False,True,0.0,0.0,0.0,0.0,0.0,0.0,0.0
2025-01-01T17:45:00Z,2025-01-01T18:00:00Z,2025-01-01,2025-01-01_19,0.0,0,0,0,10.0,10.0,0.0,0.0,0.0,True,True,False,True,0.0,0.0,0.0,0.0,0.0,0.0,0.0
2025-01-01T18:00:00Z,2025-01-01T18:15:00Z,2025-01-01,2025-01-01_20,0.0,0,0,0,10.0,10.0,0.0,0.0,0.0,True,True,False,True,0.0,0.0,0.0,0.0,0.0,0.0,0.0
2025-01-01T18:15:00Z,2025-01-01T18:30:00Z,2025-01-01,2025-01-01_20,0.0,0,0,0,10.0,10.0,0.0,0.0,0.0,True,True,False,True,0.0,0.0,0.0,0.0,0.0,0.0,0.0
2025-01-01T18:30:00Z,2025-01-01T18:45:00Z,2025-01-01,2025-01-01_20,0.0,0,0,0,10.0,10.0,0.0,0.0,0.0,True,True,False,True,0.0,0.0,0.0,0.0,0.0,0.0,0.0
2025-01-01T18:45:00Z,2025-01-01T19:00:00Z,2025-01-01,2025-01-01_20,0.0,0,0,0,10.0,10.0,0.0,0.0,0.0,True,True,False,True,0.0,0.0,0.0,0.0,0.0,0.0,0.0
2025-01-01T19:00:00Z,2025-01-01T19:15:00Z,2025-01-01,2025-01-01_21,0.0,0,0,0,10.0,10.0,0.0,0.0,0.0,True,True,False,True,0.0,0.0,0.0,0.0,0.0,0.0,0.0
2025-01-01T19:15:00Z,2025-01-01T19:30:00Z,2025-01-01,2025-01-01_21,0.0,0,0,0,10.0,10.0,0.0,0.0,0.0,True,True,False,True,0.0,0.0,0.0,0.0,0.0,0.0,0.0
2025-01-01T19:30:00Z,2025-01-01T19:45:00Z,2025-01-01,2025-01-01_21,0.0,0,0,0,10.0,10.0,0.0,0.0,0.0,True,True,False,True,0.0,0.0,0.0,0.0,0.0,0.0,0.0
2025-01-01T19:45:00Z,2025-01-01T20:00:00Z,2025-01-01,2025-01-01_21,0.0,0,0,0,10.0,10.0,0.0,0.0,0.0,True,True,False,True,0.0,0.0,0.0,0.0,0.0,0.0,0.0
2025-01-01T20:00:00Z,2025-01-01T20:15:00Z,2025-01-01,2025-01-01_22,0.0,0,0,0,10.0,10.0,0.0,0.0,0.0,True,True,False,True,0.0,0.0,0.0,0.0,0.0,0.0,0.0
2025-01-01T20:15:00Z,2025-01-01T20:30:00Z,2025-01-01,2025-01-01_22,0.0,0,0,0,10.0,10.0,0.0,0.0,0.0,True,True,False,True,0.0,0.0,0.0,0.0,0.0,0.0,0.0
2025-01-01T20:30:00Z,2025-01-01T20:45:00Z,2025-01-01,2025-01-01_22,0.0,0,0,0,10.0,10.0,0.0,0.0,0.0,True,True,False,True,0.0,0.0,0.0,0.0,0.0,0.0,0.0
2025-01-01T20:45:00Z,2025-01-01T21:00:00Z,2025-01-01,2025-01-01_22,0.0,0,0,0,10.0,10.0,0.0,0.0,0.0,True,True,False,True,0.0,0.0,0.0,0.0,0.0,0.0,0.0
2025-01-01T21:00:00Z,2025-01-01T21:15:00Z,2025-01-01,2025-01-01_23,0.0,0,0,0,10.0,10.0,0.0,0.0,0.0,True,True,False,True,0.0,0.0,0.0,0.0,0.0,0.0,0.0
2025-01-01T21:15:00Z,2025-01-01T21:30:00Z,2025-01-01,2025-01-01_23,0.0,0,0,0,10.0,10.0,0.0,0.0,0.0,True,True,False,True,0.0,0.0,0.0,0.0,0.0,0.0,0.0
2025-01-01T21:30:00Z,2025-01-01T21:45:00Z,2025-01-01,2025-01-01_23,0.0,0,0,0,10.0,10.0,0.0,0.0,0.0,True,True,False,True,0.0,0.0,0.0,0.0,0.0,0.0,0.0
2025-01-01T21:45:00Z,2025-01-01T22:00:00Z,2025-01-01,2025-01-01_23,0.0,0,0,0,10.0,10.0,0.0,0.0,0.0,True,True,False,True,0.0,0.0,0.0,0.0,0.0,0.0,0.0
2025-01-01T22:00:00Z,2025-01-01T22:15:00Z,2025-01-02,2025-01-01_24,-100.0,100,0,0,10.0,13.970719999999996,0.01102977777777777,20.684,0.0,True,True,False,False,-1627.4999999999998,0.0,205.06222231157395,0.0,10736.264709595705,0.0,9313.826931907279
2025-01-01T22:15:00Z,2025-01-01T22:30:00Z,2025-01-02,2025-01-01_24,-100.0,100,0,0,13.970719999999996,21.517019999999995,0.020961944444444446,16.7975,0.0,True,True,False,False,-1627.4999999999998,0.0,205.06222231157395,0.0,3081.9652218491783,0.0,1659.5274441607526
2025-01-01T22:30:00Z,2025-01-01T22:45:00Z,2025-01-02,2025-01-01_24,-100.0,100,0,0,21.517019999999995,35.571859999999994,0.03904122222222222,9.723,0.0,True,True,False,False,-1627.4999999999998,0.0,205.06222231157395,0.0,1512.9184254437992,0.0,90.48064775537333
2025-01-01T22:45:00Z,2025-01-01T23:00:00Z,2025-01-02,2025-01-01_24,-100.0,100,0,0,35.571859999999994,57.68451999999999,0.061424055555555565,0.9645000000000001,0.0,True,True,False,False,-1627.4999999999998,0.0,205.06222231157395,0.0,141.42477402947267,0.0,-1281.013003658953
2025-01-01T23:00:00Z,2025-01-01T23:15:00Z,2025-01-02,2025-01-02_1,0.0,100,100,0,57.68451999999999,49.88209739130434,0.021714285024154588,7.185,0.008,True,True,False,False,0.0,0.0,205.06222231157395,220.65298244908627,1057.3004623952072,-0.4664160350616192,1482.5492511208058
2025-01-01T23:15:00Z,2025-01-01T23:30:00Z,2025-01-02,2025-01-02_1,0.0,100,100,0,49.88209739130434,44.742966956521734,0.014275362318840577,4.728,0.0,True,True,False,False,0.0,0.0,205.06222231157395,220.65298244908627,686.2828732836091,0.0,1111.9980780442693
2025-01-01T23:30:00Z,2025-01-01T23:45:00Z,2025-01-02,2025-01-02_1,0.0,100,100,0,44.742966956521734,45.20886608695652,0.002145613526570048,0.141,0.673,True,True,False,False,0.0,0.0,205.06222231157395,220.65298244908627,19.27584889728795,-29.32997889065359,415.66107476729456
2025-01-01T23:45:00Z,2025-01-02T00:00:00Z,2025-01-02,2025-01-02_1,0.0,100,100,0,45.20886608695652,48.927966086956516,0.010330833333333334,0.0,4.0425,True,True,False,False,0.0,0.0,205.06222231157395,220.65298244908627,0.0,-84.56327124504936,341.15193351561084
2025-01-02T00:00:00Z,2025-01-02T00:15:00Z,2025-01-02,2025-01-02_2,1.0078094303164035e-14,100,100,0,48.927966086956516,47.28952608695651,0.006559888888888896,1.8399999999999999,0.393,True,True,False,False,1.708236984386304e-13,0.0,205.6653464948433,220.65298244908627,251.54299270219735,-15.080182947668927,662.7811386984582
2025-01-02T00:15:00Z,2025-01-02T00:30:00Z,2025-01-02,2025-01-02_2,1.0078094303164035e-14,100,100,0,47.28952608695651,44.10637391304347,0.008842089371980683,2.9285,0.0,True,True,False,False,1.708236984386304e-13,0.0,205.6653464948433,220.65298244908627,402.1284249411954,0.0,828.4467538851252
2025-01-02T00:30:00Z,2025-01-02T00:45:00Z,2025-01-02,2025-01-02_2,1.0078094303164035e-14,100,100,0,44.10637391304347,38.16180869565216,0.0165126811594203,5.469,0.0,True,True,False,False,1.708236984386304e-13,0.0,205.6653464948433,220.65298244908627,854.7334197141191,0.0,1281.0517486580488
2025-01-02T00:45:00Z,2025-01-02T01:00:00Z,2025-01-02,2025-01-02_2,1.0078094303164035e-14,100,100,0,38.16180869565216,36.819417391304334,0.003728864734299525,1.235,0.0,True,True,False,False,1.708236984386304e-13,0.0,205.6653464948433,220.65298244908627,166.69557809452968,0.0,593.0139070384595
2025-01-02T01:00:00Z,2025-01-02T01:15:00Z,2025-01-02,2025-01-02_3,0.0,100,100,0,36.819417391304334,32.45311304347825,0.012128623188405798,4.017,0.0,True,True,False,False,0.0,0.0,205.6653464948433,220.65298244908627,605.7480297943347,0.0,1032.0663587382642
2025-01-02T01:15:00Z,2025-01-02T01:30:00Z,2025-01-02,2025-01-02_3,0.0,100,100,0,32.45311304347825,24.4753956521739,0.02216032608695652,7.3395,0.0,True,True,False,False,0.0,0.0,205.6653464948433,220.65298244908627,1182.6332110331518,0.0,1608.9515399770814
2025-01-02T01:30:00Z,2025-01-02T01:45:00Z,2025-01-02,2025-01-02_3,0.0,100,100,0,24.4753956521739,22.878656521739117,0.004435386473429952,1.469,0.0,True,True,False,False,0.0,0.0,205.6653464948433,220.65298244908627,212.9109374560222,0.0,639.2292663999517
2025-01-02T01:45:00Z,2025-01-02T02:00:00Z,2025-01-02,2025-01-02_3,0.0,100,100,0,22.878656521739117,22.871850434782598,0.001774572463768116,0.297,0.3435,True,True,False,False,0.0,0.0,205.6653464948433,220.65298244908627,40.60232001769164,-10.061709656018174,456.85893930560303
2025-01-02T02:00:00Z,2025-01-02T02:15:00Z,2025-01-02,2025-01-02_4,-99.99999999999991,100,0,0,22.871850434782598,45.87185043478258,0.06388888888888883,0.0,0.0,True,True,False,False,-1140.249999999999,0.0,205.6653464948433,0.0,0.0,0.0,-934.5846535051558
2025-01-02T02:15:00Z,2025-01-02T02:30:00Z,2025-01-02,2025-01-02_4,-99.99999999999991,100,0,0,45.87185043478258,68.86495043478256,0.06386972222222217,0.0075,0.0,True,True,False,False,-1140.249999999999,0.0,205.6653464948433,0.0,1.0206218210329505,0.0,-933.5640316841228
2025-01-02T02:30:00Z,2025-01-02T02:45:00Z,2025-01-02,2025-01-02_4,-99.99999999999991,100,0,0,68.86495043478256,91.18001043478253,0.06198627777777772,0.7445,0.0,True,True,False,False,-1140.249999999999,0.0,205.6653464948433,0.0,100.18667095554974,0.0,-834.397982549606
2025-01-02T02:45:00Z,2025-01-02T03:00:00Z,2025-01-02,2025-01-02_4,-99.99999999999991,100,0,0,91.18001043478253,108.89507043478253,0.049208499999999974,5.7445,0.0,True,True,False,False,-1140.249999999999,0.0,205.6653464948433,0.0,781.7282734565047,0.0,-152.85638004865112
2025-01-02T03:00:00Z,2025-01-02T03:15:00Z,2025-01-02,2025-01-02_5,-83.00000000000425,100,17,0,108.89507043478253,126.39083926956613,0.05032502212560619,1.6810000000000003,0.0,True,True,False,False,-1093.110000000056,0.0,205.6653464948433,36.142216682414904,227.8726438953781,0.0,-623.4297929274197
2025-01-02T03:15:00Z,2025-01-02T03:30:00Z,2025-01-02,2025-01-02_5,-83.00000000000425,100,17,0,126.39083926956613,144.8123809391323,0.051895194251210267,0.7055,0.00068,True,True,False,False,-1093.110000000056,0.0,205.6653464948433,36.142216682414904,94.9518097746326,-0.03964536298023764,-756.3902724111455
2025-01-02T03:30:00Z,2025-01-02T03:45:00Z,2025-01-02,2025-01-02_5,-83.00000000000425,100,17,0,144.8123809391323,162.910846921742,0.0513467956038672,1.0455,0.0,True,True,False,False,-1093.110000000056,0.0,205.6653464948433,36.142216682414904,142.92836895116704,0.0,-708.3740678716308
2025-01-02T03:45:00Z,2025-01-02T04:00:00Z,2025-01-02,2025-01-02_5,-83.00000000000425,100,17,0,162.910846921742,180.71637249565606,0.05086311451691061,1.367,0.013005,True,True,False,False,-1093.110000000056,0.0,205.6653464948433,36.142216682414904,181.35965722442253,-0.4932937345449428,-670.4360733329203
2025-01-02T04:00:00Z,2025-01-02T04:15:00Z,2025-01-02,2025-01-02_6,0.0,100,100,0,180.71637249565606,184.82141249565606,0.011402888888888888,0.0,4.462,True,True,False,False,0.0,0.0,207.4747190446513,220.65298244908627,0.0,-91.90064051788262,336.22706097585495
2025-01-02T04:15:00Z,2025-01-02T04:30:00Z,2025-01-02,2025-01-02_6,0.0,100,100,0,184.82141249565606,189.34873249565607,0.01257588888888889,0.0,4.921,True,True,False,False,0.0,0.0,207.4747190446513,220.65298244908627,0.0,-82.58783679459602,345.53986469914156
2025-01-02T04:30:00Z,2025-01-02T04:45:00Z,2025-01-02,2025-01-02_6,0.0,100,100,0,189.34873249565607,189.89015249565605,0.0015039444444444445,0.0,0.5885,True,True,False,False,0.0,0.0,207.4747190446513,220.65298244908627,0.0,-18.76193512394202,409.36576636979555
2025-01-02T04:45:00Z,2025-01-02T05:00:00Z,2025-01-02,2025-01-02_6,0.0,100,100,0,189.89015249565605,187.63131336972677,0.006397219794247953,2.098445595854922,0.024,True,True,False,False,0.0,0.0,207.4747190446513,220.65298244908627,292.0362451592514,-1.3992481051848575,718.7646985478041
2025-01-02T05:00:00Z,2025-01-02T05:15:00Z,2025-01-02,2025-01-02_7,12.72019792994204,87,100,0,187.63131336972677,186.51568348509957,0.014581502662079047,0.07525499999999999,2.574,True,True,False,False,364.9106781152123,0.0,180.50300556884662,220.65298244908627,10.133183107496832,-50.58424116925675,725.6156080713853
2025-01-02T05:15:00Z,2025-01-02T05:30:00Z,2025-01-02,2025-01-02_7,12.72019792994204,87,100,0,186.51568348509957,183.91516319407896,0.011280917563062834,0.0,0.9094999999999999,True,True,False,False,364.9106781152123,0.0,180.50300556884662,220.65298244908627,0.0,-20.657156571037973,745.4095095621072
2025-01-02T05:30:00Z,2025-01-02T05:45:00Z,2025-01-02,2025-01-02_7,12.72019792994204,87,100,0,183.91516319407896,182.81309252549363,0.014220418017625355,0.0,2.5015,True,True,False,False,364.9106781152123,0.0,180.50300556884662,220.65298244908627,0.0,-54.43695693693332,711.6297091962118
2025-01-02T05:45:00Z,2025-01-02T06:00:00Z,2025-01-02,2025-01-02_7,12.72019792994204,87,100,0,182.81309252549363,185.5959783999998,0.021841516086850744,0.0,6.6290000000000004,True,True,False,False,364.9106781152123,0.0,180.50300556884662,220.65298244908627,0.0,-85.18240344987034,680.8842626832749
2025-01-02T06:00:00Z,2025-01-02T06:15:00Z,2025-01-02,2025-01-02_8,55.9999999999836,44,100,0,185.5959783999998,181.40491304348222,0.03610863487922462,0.0,10.8795,True,True,False,False,1945.9999999994302,0.0,91.28887637964657,220.14032689330733,0.0,-2.2156638386843848,2255.2135394336997
2025-01-02T06:15:00Z,2025-01-02T06:30:00Z,2025-01-02,2025-01-02_8,55.9999999999836,44,100,0,181.40491304348222,173.229289530443,0.038335345314003635,0.0,6.948,True,True,False,False,1945.9999999994302,0.0,91.28887637964657,220.14032689330733,0.0,-37.616782935606444,2219.8124203367774
2025-01-02T06:30:00Z,2025-01-02T06:45:00Z,2025-01-02,2025-01-02_8,55.9999999999836,44,100,0,173.229289530443,159.5812962434909,0.04139349690820159,0.0,1.5485,True,True,False,False,1945.9999999994302,0.0,91.28887637964657,220.14032689330733,0.0,-33.82940622424157,2223.5997970481426
2025-01-02T06:45:00Z,2025-01-02T07:00:00Z,2025-01-02,2025-01-02_8,55.9999999999836,44,100,0,159.5812962434909,144.5121316869736,0.042197248212548145,0.00396,0.1505,True,True,False,False,1945.9999999994302,0.0,91.28887637964657,220.14032689330733,0.3564867775074888,-5.685542108120061,2252.1001479417714
2025-01-02T07:00:00Z,2025-01-02T07:15:00Z,2025-01-02,2025-01-02_9,0.0,100,100,0,144.5121316869736,144.4349664695823,0.00038045893719806766,0.0985,0.0325,True,True,False,False,0.0,0.0,207.4747190446513,220.14032689330733,11.976044309523331,-1.8948151424378281,437.69627510504415
2025-01-02T07:15:00Z,2025-01-02T07:30:00Z,2025-01-02,2025-01-02_9,0.0,100,100,0,144.4349664695823,144.49448560001707,0.00039178019323671503,0.0375,0.109,True,True,False,False,0.0,0.0,207.4747190446513,220.14032689330733,3.178464445829396,-5.221354415874228,425.5721559679138
2025-01-02T07:30:00Z,2025-01-02T07:45:00Z,2025-01-02,2025-01-02_9,0.0,100,100,0,144.49448560001707,150.35534560001707,0.016280166666666665,0.0,6.3705,True,True,False,False,0.0,0.0,207.4747190446513,220.14032689330733,0.0,-22.063208118051506,405.5518378199071
2025-01-02T07:45:00Z,2025-01-02T08:00:00Z,2025-01-02,2025-01-02_9,0.0,100,100,0,150.35534560001707,165.13192560001707,0.04104605555555555,0.0,16.0615,True,True,False,False,0.0,0.0,207.4747190446513,220.14032689330733,0.0,836.8473866629138,1264.4624326008725
2025-01-02T08:00:00Z,2025-01-02T08:15:00Z,2025-01-02,2025-01-02_10,0.0,100,100,0,165.13192560001707,168.38642560001708,0.009040277777777779,0.0,3.5375000000000005,True,True,False,False,0.0,0.0,207.4747190446513,220.65298244908627,0.0,-29.706152871876327,398.42154862186123
2025-01-02T08:15:00Z,2025-01-02T08:30:00Z,2025-01-02,2025-01-02_10,0.0,100,100,0,168.38642560001708,169.29170560001708,0.002514666666666667,0.0,0.984,True,True,False,False,0.0,0.0,207.4747190446513,220.65298244908627,0.0,-25.281407289760963,402.8462942039766
2025-01-02T08:30:00Z,2025-01-02T08:45:00Z,2025-01-02,2025-01-02_10,0.0,100,100,0,169.29170560001708,171.0318856000171,0.004833833333333334,0.0,1.8915000000000002,True,True,False,False,0.0,0.0,207.4747190446513,220.65298244908627,0.0,-39.26703956494642,388.86066192879116
2025-01-02T08:45:00Z,2025-01-02T09:00:00Z,2025-01-02,2025-01-02_10,0.0,100,100,0,171.0318856000171,172.87694560001708,0.005125166666666667,0.0,2.0055,True,True,False,False,0.0,0.0,207.4747190446513,220.65298244908627,0.0,-39.34474819565349,388.78295329808407
2025-01-02T09:00:00Z,2025-01-02T09:15:00Z,2025-01-02,2025-01-02_11,0.0,100,100,0,172.87694560001708,172.21281516523447,0.0018448067632850242,0.611,0.0,True,True,False,False,0.0,0.0,205.6653464948433,220.65298244908627,82.15352626605818,0.0,508.4718552099878
2025-01-02T09:15:00Z,2025-01-02T09:30:00Z,2025-01-02,2025-01-02_11,0.0,100,100,0,172.21281516523447,172.73767516523446,0.0014579444444444444,0.0,0.5705,True,True,False,False,0.0,0.0,205.6653464948433,220.65298244908627,0.0,-15.103265213807521,411.21506373012204
2025-01-02T09:30:00Z,2025-01-02T09:45:00Z,2025-01-02,2025-01-02_11,0.0,100,100,0,172.73767516523446,174.13628473045185,0.003894084541062802,0.0015,1.522,True,True,False,False,0.0,0.0,205.6653464948433,220.65298244908627,0.09046862749040027,-32.69021370700227,393.7185838644177
2025-01-02T09:45:00Z,2025-01-02T10:00:00Z,2025-01-02,2025-01-02_11,0.0,100,100,0,174.13628473045185,177.74841429566925,0.010042751207729472,0.0015,3.9280000000000004,True,True,False,False,0.0,0.0,205.6653464948433,220.65298244908627,0.09046862749040027,-28.47387386662914,397.93492370479083
2025-01-02T10:00:00Z,2025-01-02T10:15:00Z,2025-01-02,2025-01-02_12,0.0,100,100,0,177.74841429566925,180.04013429566925,0.00636588888888889,0.0,2.491,True,True,False,False,0.0,0.0,205.6653464948433,220.65298244908627,0.0,-33.95233851349993,392.36599043042963
2025-01-02T10:15:00Z,2025-01-02T10:30:00Z,2025-01-02,2025-01-02_12,0.0,100,100,0,180.04013429566925,180.84856386088663,0.002254695652173913,0.0015,0.8805000000000001,True,True,False,False,0.0,0.0,205.6653464948433,220.65298244908627,0.09046862749040027,-21.05262560061117,405.3561719708088
2025-01-02T10:30:00Z,2025-01-02T10:45:00Z,2025-01-02,2025-01-02_12,0.0,100,100,0,180.84856386088663,184.05568386088663,0.008908666666666667,0.0,3.486,True,True,False,False,0.0,0.0,205.6653464948433,220.65298244908627,0.0,-70.77334794234133,355.5449810015882
2025-01-02T10:45:00Z,2025-01-02T11:00:00Z,2025-01-02,2025-01-02_12,0.0,100,100,0,184.05568386088663,184.0037829913214,0.0021656135265700482,0.3825,0.3955,True,True,False,False,0.0,0.0,205.6653464948433,220.65298244908627,52.290866689451356,-14.583669910134498,464.0255257232464
2025-01-02T11:00:00Z,2025-01-02T11:15:00Z,2025-01-02,2025-01-02_13,0.0,100,100,0,184.0037829913214,175.42389168697358,0.023833031400966185,7.8935,0.0,True,True,False,False,0.0,0.0,205.6653464948433,220.65298244908627,1661.7578188013915,0.0,2088.076147745321
2025-01-02T11:15:00Z,2025-01-02T11:30:00Z,2025-01-02,2025-01-02_13,0.0,100,100,0,175.42389168697358,173.3374786434953,0.005795591787439614,1.9195,0.0,True,True,False,False,0.0,0.0,205.6653464948433,220.65298244908627,325.3413769325104,0.0,751.65970587644
2025-01-02T11:30:00Z,2025-01-02T11:45:00Z,2025-01-02,2025-01-02_13,0.0,100,100,0,173.3374786434953,172.98802212175616,0.0009707125603864734,0.3215,0.0,True,True,False,False,0.0,0.0,205.6653464948433,220.65298244908627,42.614763273758065,0.0,468.93309221768766
2025-01-02T11:45:00Z,2025-01-02T12:00:00Z,2025-01-02,2025-01-02_13,0.0,100,100,0,172.98802212175616,173.01723081740832,0.0004555314009661836,0.062,0.105,True,True,False,False,0.0,0.0,205.6653464948433,220.65298244908627,8.47590518887839,-2.738388854265093,432.05584527854285
2025-01-02T12:00:00Z,2025-01-02T12:15:00Z,2025-01-02,2025-01-02_14,-36.820617322266074,100,63,0,173.01723081740832,181.8534392015295,0.024545023289225545,0.0,0.39942,True,True,False,False,-1070.559448644886,0.0,205.6653464948433,139.01137894292435,0.0,-12.66121490922981,-738.5439381163482
2025-01-02T12:15:00Z,2025-01-02T12:30:00Z,2025-01-02,2025-01-02_14,-36.820617322266074,100,63,0,181.8534392015295,189.71050324368593,0.02411810114302618,0.601,0.00504,True,True,False,False,-1070.559448644886,0.0,205.6653464948433,139.01137894292435,82.1615970728373,-0.2938421020888201,-644.0149682363699
2025-01-02T12:30:00Z,2025-01-02T12:45:00Z,2025-01-02,2025-01-02_14,-36.820617322266074,100,63,0,189.71050324368593,190.00000000000173,0.031234034240829267,7.976,0.0,True,True,False,False,-1070.559448644886,0.0,205.6653464948433,139.01137894292435,1598.98587804829,0.0,873.1031548411717
2025-01-02T12:45:00Z,2025-01-02T13:00:00Z,2025-01-02,2025-01-02_14,-36.820617322266074,100,63,0,190.00000000000173,174.98879108662464,0.04565646892906941,22.8965,0.0,True,True,False,False,-1070.559448644886,0.0,205.6653464948433,139.01137894292435,16649.522252970386,0.0,15923.639529763268
2025-01-02T13:00:00Z,2025-01-02T13:15:00Z,2025-01-02,2025-01-02_15,-14.3773439795624,0,0,0,174.98879108662464,178.295580201924,0.00918552532027598,0.0,0.0,True,False,False,False,-447.53077472382864,0.0,0.0,0.0,0.0,0.0,-447.53077472382864
2025-01-02T13:15:00Z,2025-01-02T13:30:00Z,2025-01-02,2025-01-02_15,-14.3773439795624,0,0,0,178.295580201924,181.60236931722335,0.00918552532027598,0.0,0.0,True,False,False,False,-447.53077472382864,0.0,0.0,0.0,0.0,0.0,-447.53077472382864
2025-01-02T13:30:00Z,2025-01-02T13:45:00Z,2025-01-02,2025-01-02_15,-14.3773439795624,0,0,0,181.60236931722335,184.9091584325227,0.00918552532027598,0.0,0.0,True,False,False,False,-447.53077472382864,0.0,0.0,0.0,0.0,0.0,-447.53077472382864
2025-01-02T13:45:00Z,2025-01-02T14:00:00Z,2025-01-02,2025-01-02_15,-14.3773439795624,0,0,0,184.9091584325227,188.21594754782205,0.00918552532027598,0.0,0.0,True,False,False,False,-447.53077472382864,0.0,0.0,0.0,0.0,0.0,-447.53077472382864
2025-01-02T14:00:00Z,2025-01-02T14:15:00Z,2025-01-02,2025-01-02_16,-50.0,100,50,0,188.21594754782205,189.05098059130032,0.03440890821256039,10.628,0.0,True,True,False,False,-1626.3750000000002,0.0,207.4747190446513,110.32649122454313,2374.2953282000763,0.0,1065.7215384692704
2025-01-02T14:15:00Z,2025-01-02T14:30:00Z,2025-01-02,2025-01-02_16,-50.0,100,50,0,189.05098059130032,187.09584233043074,0.03505366183574879,13.4085,0.0,True,True,False,False,-1626.3750000000002,0.0,207.4747190446513,110.32649122454313,2942.615969421604,0.0,1634.042179690798
2025-01-02T14:30:00Z,2025-01-02T14:45:00Z,2025-01-02,2025-01-02_16,-50.0,100,50,0,187.09584233043074,189.95137885216988,0.03394200966183575,8.6145,0.0,True,True,False,False,-1626.3750000000002,0.0,207.4747190446513,110.32649122454313,1842.4250834321786,0.0,533.8512937013727
2025-01-02T14:45:00Z,2025-01-02T15:00:00Z,2025-01-02,2025-01-02_16,-50.0,100,50,0,189.95137885216988,183.83531798260466,0.036015169082125605,17.555,0.0,True,True,False,False,-1626.3750000000002,0.0,207.4747190446513,110.32649122454313,4262.2323103677045,0.0,2953.6585206368986
2025-01-02T15:00:00Z,2025-01-02T15:15:00Z,2025-01-02,2025-01-02_17,0.0,100,100,0,183.83531798260466,177.61629624347424,0.017275060386473428,5.7215,0.0,True,True,False,False,0.0,0.0,207.4747190446513,220.14032689330733,1149.9753746406386,0.0,1577.5904205785973
2025-01-02T15:15:00Z,2025-01-02T15:30:00Z,2025-01-02,2025-01-02_17,0.0,100,100,0,177.61629624347424,163.79510059130033,0.03839221014492754,12.715500000000002,0.0,True,True,False,False,0.0,0.0,207.4747190446513,220.14032689330733,3125.3221945678624,0.0,3552.937240505821
2025-01-02T15:30:00Z,2025-01-02T15:45:00Z,2025-01-02,2025-01-02_17,0.0,100,100,0,163.79510059130033,151.82553537390902,0.0332487922705314,11.012,0.0,True,True,False,False,0.0,0.0,207.4747190446513,220.14032689330733,2670.2744005950826,0.0,3097.8894465330413
2025-01-02T15:45:00Z,2025-01-02T16:00:00Z,2025-01-02,2025-01-02_17,0.0,100,100,0,151.82553537390902,140.94510059130033,0.03022342995169082,10.01,0.0,True,True,False,False,0.0,0.0,207.4747190446513,220.14032689330733,2401.868719969442,0.0,2829.4837659074005
2025-01-02T16:00:00Z,2025-01-02T16:15:00Z,2025-01-02,2025-01-02_18,100.0,0,100,0,140.94510059130033,114.28531798260468,0.07405495169082127,0.0,0.473,True,True,False,False,4250.0,0.0,0.0,220.14032689330733,0.0,-13.42726241933214,4456.7130644739755
2025-01-02T16:15:00Z,2025-01-02T16:30:00Z,2025-01-02,2025-01-02_18,100.0,0,100,0,114.28531798260468,92.57281798260468,0.0603125,0.0,5.0245,True,True,False,False,4250.0,0.0,0.0,220.14032689330733,0.0,-84.69354817957016,4385.446778713737
2025-01-02T16:30:00Z,2025-01-02T16:45:00Z,2025-01-02,2025-01-02_18,100.0,0,100,0,92.57281798260468,67.87390493912642,0.06860809178743961,0.0,2.277,True,True,False,False,4250.0,0.0,0.0,220.14032689330733,0.0,-50.99480227578859,4419.145524617519
2025-01-02T16:45:00Z,2025-01-02T17:00:00Z,2025-01-02,2025-01-02_18,100.0,0,100,0,67.87390493912642,41.544013634778594,0.07313858695652174,0.0,0.7765,True,True,False,False,4250.0,0.0,0.0,220.14032689330733,0.0,-41.880046139000015,4428.260280754307
2025-01-02T17:00:00Z,2025-01-02T17:15:00Z,2025-01-02,2025-01-02_19,28.000000000000014,72,100,0,41.544013634778594,47.082605043474246,0.0346611838647343,0.0,13.5995,True,True,False,False,1117.4800000000005,0.0,149.3817977121489,220.14032689330733,0.0,6520.399903902215,8007.402028507671
2025-01-02T17:15:00Z,2025-01-02T17:30:00Z,2025-01-02,2025-01-02_19,28.000000000000014,72,100,0,47.082605043474246,45.24152692173511,0.027068985893719817,0.0,5.966,True,True,False,False,1117.4800000000005,0.0,149.3817977121489,220.14032689330733,0.0,970.0060400876541,2457.0081646931108
2025-01-02T17:30:00Z,2025-01-02T17:45:00Z,2025-01-02,2025-01-02_19,28.000000000000014,72,100,0,45.24152692173511,40.30321888695249,0.023933202318840587,0.012240000000000001,2.776,True,True,False,False,1117.4800000000005,0.0,149.3817977121489,220.14032689330733,0.7382240003216664,-54.60194045153897,1433.1384081542394
2025-01-02T17:45:00Z,2025-01-02T18:00:00Z,2025-01-02,2025-01-02_19,28.000000000000014,72,100,0,40.30321888695249,38.23930539130031,0.026839733043478267,0.0,5.7355,True,True,False,False,1117.4800000000005,0.0,149.3817977121489,220.14032689330733,0.0,-70.27633511590037,1416.7257894895563
2025-01-02T18:00:00Z,2025-01-02T18:15:00Z,2025-01-02,2025-01-02_20,0.0,100,100,0,38.23930539130031,33.097607999995965,0.0163576038647343,5.074,0.406,True,True,False,False,0.0,0.0,207.4747190446513,220.65298244908627,991.3482680283871,-9.216520777628114,1410.2594487444965
2025-01-02T18:15:00Z,2025-01-02T18:30:00Z,2025-01-02,2025-01-02_20,0.0,100,100,0,33.097607999995965,28.736194956517704,0.012115036231884058,4.0125,0.0,True,True,False,False,0.0,0.0,207.4747190446513,220.65298244908627,652.5803964536298,0.0,1080.7080979473674
2025-01-02T18:30:00Z,2025-01-02T18:45:00Z,2025-01-02,2025-01-02_20,0.0,100,100,0,28.736194956517704,25.516086260865528,0.008944746376811594,2.9625,0.0,True,True,False,False,0.0,0.0,207.4747190446513,220.65298244908627,464.46765997868954,0.0,892.5953614724272
2025-01-02T18:45:00Z,2025-01-02T19:00:00Z,2025-01-02,2025-01-02_20,0.0,100,100,0,25.516086260865528,21.131847130430746,0.012178442028985506,4.0335,0.0,True,True,False,False,0.0,0.0,207.4747190446513,220.65298244908627,738.2397282925554,0.0,1166.3674297862929
2025-01-02T19:00:00Z,2025-01-02T19:15:00Z,2025-01-02,2025-01-02_21,39.000000000001336,61,100,0,21.131847130430746,9.999999999995602,0.03297953091787536,1.08946,0.66,True,True,False,False,1279.1025000000438,0.0,126.55957861723729,220.65298244908627,188.46140145956053,-18.109032789851433,1796.6674297360764
2025-01-02T19:15:00Z,2025-01-02T19:30:00Z,2025-01-02,2025-01-02_21,39.000000000001336,61,100,0,9.999999999995602,10.387169460864829,0.033690869275362495,0.0,11.151,True,True,False,False,1279.1025000000438,0.0,126.55957861723729,220.65298244908627,0.0,-24.565782352586396,1601.749278713781
2025-01-02T19:30:00Z,2025-01-02T19:45:00Z,2025-01-02,2025-01-02_21,39.000000000001336,61,100,0,10.387169460864829,14.411868834777543,0.03509901396135256,0.0,14.8435,True,True,False,False,1279.1025000000438,0.0,126.55957861723729,220.65298244908627,0.0,1498.9305956856517,3125.245656752019
2025-01-02T19:45:00Z,2025-01-02T20:00:00Z,2025-01-02,2025-01-02_21,39.000000000001336,61,100,0,14.411868834777543,23.27248813912505,0.036971074154588904,0.0,19.7525,True,True,False,False,1279.1025000000438,0.0,126.55957861723729,220.65298244908627,0.0,4419.0227397921235,6045.3378008584905
2025-01-02T20:00:00Z,2025-01-02T20:15:00Z,2025-01-02,2025-01-02_22,30.711525453745892,69,100,0,23.27248813912505,18.962126467907463,0.02668601853683883,0.0,4.1545,True,True,False,False,950.5217127934353,0.0,143.1575561408094,220.65298244908627,0.0,252.74955348706297,1567.0818048703939
2025-01-02T20:15:00Z,2025-01-02T20:30:00Z,2025-01-02,2025-01-02_22,30.711525453745892,69,100,0,18.962126467907463,12.906383810966807,0.025170383627244632,0.0,2.3575,True,True,False,False,950.5217127934353,0.0,143.1575561408094,220.65298244908627,0.0,-29.411756900745864,1284.9204944825851
2025-01-02T20:30:00Z,2025-01-02T20:45:00Z,2025-01-02,2025-01-02_22,30.711525453745892,69,100,0,12.906383810966807,9.999999999995573,0.027905189522825703,0.0,5.6,True,True,False,False,950.5217127934353,0.0,143.1575561408094,220.65298244908627,0.0,-46.79519913150118,1267.53705225183
2025-01-02T20:45:00Z,2025-01-02T21:00:00Z,2025-01-02,2025-01-02_22,30.711525453745892,69,100,0,9.999999999995573,12.023807554372318,0.03218641534425038,0.0,10.676,True,True,False,False,950.5217127934353,0.0,143.1575561408094,220.65298244908627,0.0,-3.803275366397941,1310.528976016933
2025-01-02T21:00:00Z,2025-01-02T21:15:00Z,2025-01-02,2025-01-02_23,0.0,100,100,0,12.023807554372318,14.680767554372318,0.007380444444444445,0.0,2.888,True,True,False,False,0.0,0.0,207.4747190446513,220.65298244908627,0.0,-62.212679278663465,365.9150222150741
2025-01-02T21:15:00Z,2025-01-02T21:30:00Z,2025-01-02,2025-01-02_23,0.0,100,100,0,14.680767554372318,17.11002755437232,0.0067479444444444436,0.0,2.6405,True,True,False,False,0.0,0.0,207.4747190446513,220.65298244908627,0.0,-61.54407179188195,366.5836297018556
2025-01-02T21:30:00Z,2025-01-02T21:45:00Z,2025-01-02,2025-01-02_23,0.0,100,100,0,17.11002755437232,18.026347554372318,0.0025453333333333335,0.0,0.996,True,True,False,False,0.0,0.0,207.4747190446513,220.65298244908627,0.0,-30.143512193160568,397.984189300577
2025-01-02T21:45:00Z,2025-01-02T22:00:00Z,2025-01-02,2025-01-02_23,0.0,100,100,0,18.026347554372318,19.48776755437232,0.004059500000000001,0.0,1.5885,True,True,False,False,0.0,0.0,207.4747190446513,220.65298244908627,0.0,-32.73572726724433,395.39197422649323
2025-01-02T22:00:00Z,2025-01-02T22:15:00Z,2025-01-03,2025-01-02_24,-36.30001812450847,100,63,0,19.48776755437232,15.269788717982173,0.035396760358518936,12.248,0.004095,True,True,False,False,-868.8409338101102,0.0,205.06222231157395,139.01137894292435,2273.549004644056,-0.23956997245732894,1748.5421021159866
2025-01-02T22:15:00Z,2025-01-02T22:30:00Z,2025-01-03,2025-01-02_24,-36.30001812450847,100,63,0,15.269788717982173,15.80723333953705,0.03076950571533154,7.611,0.0,True,True,False,False,-868.8409338101102,0.0,205.06222231157395,139.01137894292435,1363.9589539816247,0.0,839.1916214260128
2025-01-02T22:30:00Z,2025-01-02T22:45:00Z,2025-01-03,2025-01-02_24,-36.30001812450847,100,63,0,15.80723333953705,24.929594334276906,0.0255629954533099,0.058,0.9053100000000001,True,True,False,False,-868.8409338101102,0.0,205.06222231157395,139.01137894292435,7.212459339377979,-20.552344307512918,-538.1072175237468
2025-01-02T22:45:00Z,2025-01-02T23:00:00Z,2025-01-03,2025-01-02_24,-36.30001812450847,100,63,0,24.929594334276906,36.671576902913856,0.032616618246213744,0.0,3.6880200000000003,True,True,False,False,-868.8409338101102,0.0,205.06222231157395,139.01137894292435,0.0,-39.75922970587644,-564.5265622614884
2025-01-02T23:00:00Z,2025-01-02T23:15:00Z,2025-01-03,2025-01-03_1,0.0,100,100,0,36.671576902913856,38.05370994639212,0.0038452971014492758,0.001,1.5035,True,True,False,False,0.0,0.0,205.06222231157395,220.65298244908627,0.1284654510363684,-30.661534046360146,395.18213616533643
2025-01-02T23:15:00Z,2025-01-02T23:30:00Z,2025-01-03,2025-01-03_1,0.0,100,100,0,38.05370994639212,37.866344729000815,0.0006993478260869566,0.202,0.035,True,True,False,False,0.0,0.0,205.06222231157395,220.65298244908627,25.999484529864702,-2.0443909450955955,449.67029834542933
2025-01-02T23:30:00Z,2025-01-02T23:45:00Z,2025-01-03,2025-01-03_1,0.0,100,100,0,37.866344729000815,39.636424729000815,0.004916888888888889,0.0,1.924,True,True,False,False,0.0,0.0,205.06222231157395,220.65298244908627,0.0,-36.36534448442934,389.34986027623086
2025-01-02T23:45:00Z,2025-01-03T00:00:00Z,2025-01-03,2025-01-03_1,0.0,100,100,0,39.636424729000815,48.11192472900082,0.023543055555555557,0.0,9.2125,True,True,False,False,0.0,0.0,205.06222231157395,220.65298244908627,0.0,-14.427811061297522,411.28739369936267
2025-01-03T00:00:00Z,2025-01-03T00:15:00Z,2025-01-03,2025-01-03_2,0.0,0,0,0,48.11192472900082,48.11192472900082,0.0,0.0,0.0,True,False,False,False,0.0,0.0,0.0,0.0,0.0,0.0,0.0
2025-01-03T00:15:00Z,2025-01-03T00:30:00Z,2025-01-03,2025-01-03_2,0.0,0,0,0,48.11192472900082,48.11192472900082,0.0,0.0,0.0,True,False,False,False,0.0,0.0,0.0,0.0,0.0,0.0,0.0
2025-01-03T00:30:00Z,2025-01-03T00:45:00Z,2025-01-03,2025-01-03_2,0.0,0,0,0,48.11192472900082,48.11192472900082,0.0,0.0,0.0,True,False,False,False,0.0,0.0,0.0,0.0,0.0,0.0,0.0
2025-01-03T00:45:00Z,2025-01-03T01:00:00Z,2025-01-03,2025-01-03_2,0.0,0,0,0,48.11192472900082,48.11192472900082,0.0,0.0,0.0,True,False,False,False,0.0,0.0,0.0,0.0,0.0,0.0,0.0
2025-01-03T01:00:00Z,2025-01-03T01:15:00Z,2025-01-03,2025-01-03_3,0.0,100,100,0,48.11192472900082,55.43558472900082,0.0203435,0.0,7.9605,True,True,False,False,0.0,0.0,205.6653464948433,220.65298244908627,0.0,721.3726008725196,1147.6909298164492
2025-01-03T01:15:00Z,2025-01-03T01:30:00Z,2025-01-03,2025-01-03_3,0.0,100,100,0,55.43558472900082,60.66118472900082,0.014515555555555556,0.0,5.68,True,True,False,False,0.0,0.0,205.6653464948433,220.65298244908627,0.0,-34.1478297581472,392.1704991857824
2025-01-03T01:30:00Z,2025-01-03T01:45:00Z,2025-01-03,2025-01-03_3,0.0,100,100,0,60.66118472900082,64.12498472900083,0.009621666666666667,0.0,3.765,True,True,False,False,0.0,0.0,205.6653464948433,220.65298244908627,0.0,-49.831127239098535,376.487201704831
2025-01-03T01:45:00Z,2025-01-03T02:00:00Z,2025-01-03,2025-01-03_3,0.0,100,100,0,64.12498472900083,66.12736472900083,0.005562166666666667,0.0,2.1765,True,True,False,False,0.0,0.0,205.6653464948433,220.65298244908627,0.0,-43.66170754508353,382.656621398846
2025-01-03T02:00:00Z,2025-01-03T02:15:00Z,2025-01-03,2025-01-03_4,0.0,100,100,0,66.12736472900083,66.65268472900082,0.0014592222222222222,0.0,0.571,True,True,False,False,0.0,0.0,205.6653464948433,220.65298244908627,0.0,-23.723229931042802,402.59509901288675
2025-01-03T02:15:00Z,2025-01-03T02:30:00Z,2025-01-03,2025-01-03_4,0.0,100,100,0,66.65268472900082,70.16984472900083,0.009769888888888889,0.0,3.823,True,True,False,False,0.0,0.0,205.6653464948433,220.65298244908627,0.0,-51.30126133370861,375.017067610221
2025-01-03T02:30:00Z,2025-01-03T02:45:00Z,2025-01-03,2025-01-03_4,0.0,100,100,0,70.16984472900083,74.59182472900083,0.012283277777777777,0.0,4.8065,True,True,False,False,0.0,0.0,205.6653464948433,220.65298244908627,0.0,-53.27628535815524,373.0420435857743
2025-01-03T02:45:00Z,2025-01-03T03:00:00Z,2025-01-03,2025-01-03_4,0.0,100,100,0,74.59182472900083,75.91294472900083,0.003669777777777778,0.0,1.436,True,True,False,False,0.0,0.0,205.6653464948433,220.65298244908627,0.0,-39.4695747974508,386.84875414647877
2025-01-03T03:00:00Z,2025-01-03T03:15:00Z,2025-01-03,2025-01-03_5,0.0,100,100,0,75.91294472900083,82.77982472900082,0.019074666666666667,0.0,7.4639999999999995,True,True,False,False,0.0,0.0,205.6653464948433,212.60127460244064,0.0,-59.25312478639351,359.01349631089045
2025-01-03T03:15:00Z,2025-01-03T03:30:00Z,2025-01-03,2025-01-03_5,0.0,100,100,0,82.77982472900082,94.36354472900082,0.032177,0.0,12.591,True,True,False,False,0.0,0.0,205.6653464948433,212.60127460244064,0.0,-0.0,418.266621097284
2025-01-03T03:30:00Z,2025-01-03T03:45:00Z,2025-01-03,2025-01-03_5,0.0,100,100,0,94.36354472900082,110.24872472900083,0.044125500000000005,0.0,17.2665,True,True,False,False,0.0,0.0,205.6653464948433,212.60127460244064,0.0,203.55593172634246,621.8225528236264
2025-01-03T03:45:00Z,2025-01-03T04:00:00Z,2025-01-03,2025-01-03_5,0.0,100,100,0,110.24872472900083,131.86182472900083,0.06003638888888889,0.0,23.4925,True,True,False,False,0.0,0.0,205.6653464948433,212.60127460244064,0.0,16848.355693492293,17266.62231458958
2025-01-03T04:00:00Z,2025-01-03T04:15:00Z,2025-01-03,2025-01-03_6,-63.19366877282512,0,0,0,131.86182472900083,146.3963685467506,0.04037373282708272,0.0,0.0,True,False,False,False,-1439.3937904730242,0.0,0.0,0.0,0.0,0.0,-1439.3937904730242
2025-01-03T04:15:00Z,2025-01-03T04:30:00Z,2025-01-03,2025-01-03_6,-63.19366877282512,0,0,0,146.3963685467506,160.9309123645004,0.04037373282708272,0.0,0.0,True,False,False,False,-1439.3937904730242,0.0,0.0,0.0,0.0,0.0,-1439.3937904730242
2025-01-03T04:30:00Z,2025-01-03T04:45:00Z,2025-01-03,2025-01-03_6,-63.19366877282512,0,0,0,160.9309123645004,175.46545618225016,0.04037373282708272,0.0,0.0,True,False,False,False,-1439.3937904730242,0.0,0.0,0.0,0.0,0.0,-1439.3937904730242
2025-01-03T04:45:00Z,2025-01-03T05:00:00Z,2025-01-03,2025-01-03_6,-63.19366877282512,0,0,0,175.46545618225016,189.99999999999994,0.04037373282708272,0.0,0.0,True,False,False,False,-1439.3937904730242,0.0,0.0,0.0,0.0,0.0,-1439.3937904730242
2025-01-03T05:00:00Z,2025-01-03T05:15:00Z,2025-01-03,2025-01-03_7,-1.2357264969740872e-13,0,0,0,189.99999999999994,189.99999999999997,7.894919286223336e-17,0.0,0.0,True,False,False,False,-3.4359375248364495e-12,0.0,0.0,0.0,0.0,0.0,-3.4359375248364495e-12
2025-01-03T05:15:00Z,2025-01-03T05:30:00Z,2025-01-03,2025-01-03_7,-1.2357264969740872e-13,0,0,0,189.99999999999997,190.0,7.894919286223336e-17,0.0,0.0,True,False,False,False,-3.4359375248364495e-12,0.0,0.0,0.0,0.0,0.0,-3.4359375248364495e-12
2025-01-03T05:30:00Z,2025-01-03T05:45:00Z,2025-01-03,2025-01-03_7,-1.2357264969740872e-13,0,0,0,190.0,190.00000000000003,7.894919286223336e-17,0.0,0.0,True,False,False,False,-3.4359375248364495e-12,0.0,0.0,0.0,0.0,0.0,-3.4359375248364495e-12
2025-01-03T05:45:00Z,2025-01-03T06:00:00Z,2025-01-03,2025-01-03_7,-1.2357264969740872e-13,0,0,0,190.00000000000003,190.00000000000006,7.894919286223336e-17,0.0,0.0,True,False,False,False,-3.4359375248364495e-12,0.0,0.0,0.0,0.0,0.0,-3.4359375248364495e-12
2025-01-03T06:00:00Z,2025-01-03T06:15:00Z,2025-01-03,2025-01-03_8,0.0,100,100,0,190.00000000000006,187.18043478260876,0.007832125603864733,2.594,0.0,True,True,False,False,0.0,0.0,207.4747190446513,220.14032689330733,432.1676697291972,0.0,859.7827156671558
2025-01-03T06:15:00Z,2025-01-03T06:30:00Z,2025-01-03,2025-01-03_8,0.0,100,100,0,187.18043478260876,186.7101660869566,0.00144430193236715,0.4555,0.027,True,True,False,False,0.0,0.0,207.4747190446513,220.14032689330733,60.475246275708166,-1.5201769164270922,486.5701152972397
2025-01-03T06:30:00Z,2025-01-03T06:45:00Z,2025-01-03,2025-01-03_8,0.0,100,100,0,186.7101660869566,184.86614434782618,0.005122282608695651,1.6964999999999997,0.0,True,True,False,False,0.0,0.0,207.4747190446513,220.14032689330733,231.92537343439008,0.0,659.5404193723487
2025-01-03T06:45:00Z,2025-01-03T07:00:00Z,2025-01-03,2025-01-03_8,0.0,100,100,0,184.86614434782618,178.85581826086965,0.016695350241545892,5.5295,0.0,True,True,False,False,0.0,0.0,207.4747190446513,220.14032689330733,1096.274149996984,0.0,1523.8891959349428
2025-01-03T07:00:00Z,2025-01-03T07:15:00Z,2025-01-03,2025-01-03_9,0.0,100,100,0,178.85581826086965,183.63927304347837,0.018048847826086956,0.7885,6.131,True,True,False,False,0.0,0.0,207.4747190446513,220.14032689330733,151.4287452001367,-43.52996441567319,535.5138267224221
2025-01-03T07:15:00Z,2025-01-03T07:30:00Z,2025-01-03,2025-01-03_9,0.0,100,100,0,183.63927304347837,181.50994173913054,0.008626253623188406,2.408,0.5305,True,True,False,False,0.0,0.0,207.4747190446513,220.14032689330733,456.7115401781227,-13.394589071389799,870.9319970446915
2025-01-03T07:30:00Z,2025-01-03T07:45:00Z,2025-01-03,2025-01-03_9,0.0,100,100,0,181.50994173913054,170.79961565217403,0.029750905797101452,9.8535,0.0,True,True,False,False,0.0,0.0,207.4747190446513,220.14032689330733,2239.546173679661,0.0,2667.1612196176197
2025-01-03T07:45:00Z,2025-01-03T08:00:00Z,2025-01-03,2025-01-03_9,0.0,100,100,0,170.79961565217403,147.8354852173914,0.06378925120772946,21.127,0.0,True,True,False,False,0.0,0.0,207.4747190446513,220.14032689330733,5267.202649725577,0.0,5694.817695663536
2025-01-03T08:00:00Z,2025-01-03T08:15:00Z,2025-01-03,2025-01-03_10,25.143441520000014,0,0,0,147.8354852173914,141.0030282826088,0.018979047041062812,0.0,0.0,True,False,False,False,862.9857715702004,0.0,0.0,0.0,0.0,0.0,862.9857715702004
2025-01-03T08:15:00Z,2025-01-03T08:30:00Z,2025-01-03,2025-01-03_10,25.143441520000014,0,0,0,141.0030282826088,134.17057134782618,0.018979047041062812,0.0,0.0,True,False,False,False,862.9857715702004,0.0,0.0,0.0,0.0,0.0,862.9857715702004
2025-01-03T08:30:00Z,2025-01-03T08:45:00Z,2025-01-03,2025-01-03_10,25.143441520000014,0,0,0,134.17057134782618,127.33811441304357,0.018979047041062812,0.0,0.0,True,False,False,False,862.9857715702004,0.0,0.0,0.0,0.0,0.0,862.9857715702004
2025-01-03T08:45:00Z,2025-01-03T09:00:00Z,2025-01-03,2025-01-03_10,25.143441520000014,0,0,0,127.33811441304357,120.50565747826096,0.018979047041062812,0.0,0.0,True,False,False,False,862.9857715702004,0.0,0.0,0.0,0.0,0.0,862.9857715702004
2025-01-03T09:00:00Z,2025-01-03T09:15:00Z,2025-01-03,2025-01-03_11,0.0,100,100,0,120.50565747826096,117.41109226086965,0.008596014492753623,2.847,0.0,True,True,False,False,0.0,0.0,205.6653464948433,220.65298244908627,479.49922538750724,0.0,905.8175543314368
2025-01-03T09:15:00Z,2025-01-03T09:30:00Z,2025-01-03,2025-01-03_11,0.0,100,100,0,117.41109226086965,114.24370095652182,0.008798309178743961,2.914,0.0,True,True,False,False,0.0,0.0,205.6653464948433,220.65298244908627,425.8385010353632,0.0,852.1568299792928
2025-01-03T09:30:00Z,2025-01-03T09:45:00Z,2025-01-03,2025-01-03_11,0.0,100,100,0,114.24370095652182,111.86109226086964,0.006618357487922706,2.192,0.0,True,True,False,False,0.0,0.0,205.6653464948433,220.65298244908627,319.6884437385658,0.0,746.0067726824954
2025-01-03T09:45:00Z,2025-01-03T10:00:00Z,2025-01-03,2025-01-03_11,0.0,100,100,0,111.86109226086964,109.00607660869574,0.007951043478260868,2.63,0.004,True,True,False,False,0.0,0.0,205.6653464948433,220.65298244908627,361.94660541605515,-0.1698799782875294,788.0950543816972
2025-01-03T10:00:00Z,2025-01-03T10:15:00Z,2025-01-03,2025-01-03_12,0.0,100,100,0,109.00607660869574,109.0336548695653,0.00046006038647343,0.0635,0.105,True,True,False,False,0.0,0.0,205.6653464948433,220.65298244908627,8.680967411189965,-5.687470095092579,429.311826260027
2025-01-03T10:15:00Z,2025-01-03T10:30:00Z,2025-01-03,2025-01-03_12,0.0,100,100,0,109.0336548695653,111.87775313043487,0.007936504830917875,0.006,3.0985,True,True,False,False,0.0,0.0,205.6653464948433,220.65298244908627,0.8202488892462958,-64.29725437767637,362.8413234554995
2025-01-03T10:30:00Z,2025-01-03T10:45:00Z,2025-01-03,2025-01-03_12,0.0,100,100,0,111.87775313043487,113.44924095652182,0.0044105338164251206,0.0075,1.717,True,True,False,False,0.0,0.0,205.6653464948433,220.65298244908627,1.0253111115578697,-39.905467320721336,387.4381727347661
2025-01-03T10:45:00Z,2025-01-03T11:00:00Z,2025-01-03,2025-01-03_12,0.0,100,100,0,113.44924095652182,113.17680182608704,0.0009612198067632849,0.2845,0.04,True,True,False,False,0.0,0.0,205.6653464948433,220.65298244908627,38.893468165095186,-2.1420960575782555,463.0697010514465
2025-01-03T11:00:00Z,2025-01-03T11:15:00Z,2025-01-03,2025-01-03_13,0.0,100,100,0,113.17680182608704,111.93821660869574,0.003473736714975845,1.145,0.0065,True,True,False,False,0.0,0.0,205.6653464948433,220.65298244908627,156.53082969783478,-0.3789630284875656,582.4701956132768
2025-01-03T11:15:00Z,2025-01-03T11:30:00Z,2025-01-03,2025-01-03_13,0.0,100,100,0,111.93821660869574,111.86205313043486,0.00034700966183574876,0.0925,0.0265,True,True,False,False,0.0,0.0,205.6653464948433,220.65298244908627,10.77380179328924,-1.3290862668623469,435.7630444703565
2025-01-03T11:30:00Z,2025-01-03T11:45:00Z,2025-01-03,2025-01-03_13,0.0,100,100,0,111.86205313043486,104.67400965217399,0.019966787439613526,6.613,0.0,True,True,False,False,0.0,0.0,205.6653464948433,220.65298244908627,1297.919408134135,0.0,1724.2377370780646
2025-01-03T11:45:00Z,2025-01-03T12:00:00Z,2025-01-03,2025-01-03_13,0.0,100,100,0,104.67400965217399,98.9185748695653,0.01598731884057971,5.295,0.0,True,True,False,False,0.0,0.0,205.6653464948433,220.65298244908627,1008.0214802677871,0.0,1434.3398092117166
2025-01-03T12:00:00Z,2025-01-03T12:15:00Z,2025-01-03,2025-01-03_14,-100.0,100,0,0,98.9185748695653,120.43277486956532,0.05976166666666668,1.6150000000000002,0.0,True,True,False,False,-2727.75,0.0,205.6653464948433,0.0,264.4504463118957,0.0,-2257.634207193261
2025-01-03T12:15:00Z,2025-01-03T12:30:00Z,2025-01-03,2025-01-03_14,-100.0,100,0,0,120.43277486956532,135.61553486956532,0.042174333333333335,8.497,0.0,True,True,False,False,-2727.75,0.0,205.6653464948433,0.0,1682.937607004282,0.0,-839.1470465008747
2025-01-03T12:30:00Z,2025-01-03T12:45:00Z,2025-01-03,2025-01-03_14,-100.0,100,0,0,135.61553486956532,157.7695948695653,0.06153905555555556,0.9195,0.0,True,True,False,False,-2727.75,0.0,205.6653464948433,0.0,125.13618413381315,0.0,-2396.9484693713434
2025-01-03T12:45:00Z,2025-01-03T13:00:00Z,2025-01-03,2025-01-03_14,-100.0,100,0,0,157.7695948695653,180.6325148695653,0.06350811111111113,0.149,0.0,True,True,False,False,-2727.75,0.0,205.6653464948433,0.0,20.369514082949678,0.0,-2501.715139422207
2025-01-03T13:00:00Z,2025-01-03T13:15:00Z,2025-01-03,2025-01-03_15,0.0,100,100,0,180.6325148695653,183.6606948695653,0.008411611111111113,0.0,3.2915,True,True,False,False,0.0,0.0,207.4747190446513,220.65298244908627,0.0,-65.90345178022156,362.224249713516
2025-01-03T13:15:00Z,2025-01-03T13:30:00Z,2025-01-03,2025-01-03_15,0.0,100,100,0,183.6606948695653,189.1319348695653,0.01519788888888889,0.0,5.947,True,True,False,False,0.0,0.0,207.4747190446513,220.65298244908627,0.0,-52.91575822761907,375.2119432661185
2025-01-03T13:30:00Z,2025-01-03T13:45:00Z,2025-01-03,2025-01-03_15,0.0,100,100,0,189.1319348695653,189.24308269565225,0.001812367149758454,0.249,0.415,True,True,False,False,0.0,0.0,207.4747190446513,220.65298244908627,34.040328903721274,-18.431002593433988,443.7370278040248
2025-01-03T13:45:00Z,2025-01-03T14:00:00Z,2025-01-03,2025-01-03_15,0.0,100,100,0,189.24308269565225,185.82351747826095,0.009498792270531402,3.1460000000000004,0.0,True,True,False,False,0.0,0.0,207.4747190446513,220.65298244908627,541.5508120061921,0.0,969.6785134999297
2025-01-03T14:00:00Z,2025-01-03T14:15:00Z,2025-01-03,2025-01-03_16,0.0,100,100,0,185.82351747826095,186.87235226086963,0.00357768115942029,0.11,1.27,True,True,False,False,0.0,0.0,207.4747190446513,220.65298244908627,14.312140889809212,-26.77338010896444,415.66646227458233
2025-01-03T14:15:00Z,2025-01-03T14:30:00Z,2025-01-03,2025-01-03_16,0.0,100,100,0,186.87235226086963,182.20082617391313,0.013053128019323672,4.3105,0.015,True,True,False,False,0.0,0.0,207.4747190446513,220.65298244908627,863.0237838000844,-0.8745300657405359,1290.2769552280815
2025-01-03T14:30:00Z,2025-01-03T14:45:00Z,2025-01-03,2025-01-03_16,0.0,100,100,0,182.20082617391313,171.96930443478269,0.028420893719806762,9.413,0.0,True,True,False,False,0.0,0.0,207.4747190446513,220.65298244908627,1990.7299947729239,0.0,2418.8576962666616
2025-01-03T14:45:00Z,2025-01-03T15:00:00Z,2025-01-03,2025-01-03_16,0.0,100,100,0,171.96930443478269,156.61332617391312,0.04265549516908212,14.127499999999998,0.0,True,True,False,False,0.0,0.0,207.4747190446513,220.65298244908627,3145.716895518787,0.0,3573.844597012525
2025-01-03T15:00:00Z,2025-01-03T15:15:00Z,2025-01-03,2025-01-03_17,0.0,100,100,0,156.61332617391312,147.85897834782617,0.024317632850241546,8.054,0.0,True,True,False,False,0.0,0.0,207.4747190446513,220.14032689330733,1736.2918803401622,0.0,2163.906926278121
2025-01-03T15:15:00Z,2025-01-03T15:30:00Z,2025-01-03,2025-01-03_17,0.0,100,100,0,147.85897834782617,141.77365226086965,0.016903683574879227,5.5985,0.0,True,True,False,False,0.0,0.0,207.4747190446513,220.14032689330733,1113.4251688747713,0.0,1541.04021481273
2025-01-03T15:30:00Z,2025-01-03T15:45:00Z,2025-01-03,2025-01-03_17,0.0,100,100,0,141.77365226086965,139.90881139130445,0.005185224637681158,1.7165,0.001,True,True,False,False,0.0,0.0,207.4747190446513,220.14032689330733,274.22865563619547,-0.0583020043827024,701.7853995697714
2025-01-03T15:45:00Z,2025-01-03T16:00:00Z,2025-01-03,2025-01-03_17,0.0,100,100,0,139.90881139130445,139.85715747826097,0.0004935942028985507,0.1055,0.0685,True,True,False,False,0.0,0.0,207.4747190446513,220.14032689330733,14.422709635914034,-3.7645047345248392,438.27325083934784
2025-01-03T16:00:00Z,2025-01-03T16:15:00Z,2025-01-03,2025-01-03_18,39.0,61,100,0,139.85715747826097,130.5681867478262,0.02995557647342995,0.00305,1.332,True,True,False,False,1482.0,0.0,126.55957861723729,220.14032689330733,0.4169598520335337,-41.635008544259264,1787.4818568183189
2025-01-03T16:15:00Z,2025-01-03T16:30:00Z,2025-01-03,2025-01-03_18,39.0,61,100,0,130.5681867478262,120.45764119130448,0.0296343843236715,0.002135,0.49699999999999994,True,True,False,False,1482.0,0.0,126.55957861723729,220.14032689330733,0.2918718964234736,-18.31349229006252,1810.6782851169055
2025-01-03T16:30:00Z,2025-01-03T16:45:00Z,2025-01-03,2025-01-03_18,39.0,61,100,0,120.45764119130448,109.83199598260882,0.029560888913043478,0.038735000000000006,0.0145,True,True,False,False,1482.0,0.0,126.55957861723729,220.14032689330733,5.2953901208258785,-0.8182394805090368,1833.1770561508615
2025-01-03T16:45:00Z,2025-01-03T17:00:00Z,2025-01-03,2025-01-03_18,39.0,61,100,0,109.83199598260882,99.33576956521752,0.029542788937198066,0.01891,0.124,True,True,False,False,1482.0,0.0,126.55957861723729,220.14032689330733,2.5851510826079087,-6.804257252568305,1824.4807993405843
2025-01-03T17:00:00Z,2025-01-03T17:15:00Z,2025-01-03,2025-01-03_19,0.0,100,100,0,99.33576956521752,99.42456000000013,0.0004459154589371981,0.033,0.1355,True,True,False,False,0.0,0.0,207.4747190446513,220.14032689330733,4.5113688908546274,-7.6988822098470076,424.42753261896627
2025-01-03T17:15:00Z,2025-01-03T17:30:00Z,2025-01-03,2025-01-03_19,0.0,100,100,0,99.42456000000013,99.82577217391317,0.001277521739130435,0.027,0.468,True,True,False,False,0.0,0.0,207.4747190446513,220.14032689330733,3.691120001608331,-16.799958987555538,414.50620695201144
2025-01-03T17:30:00Z,2025-01-03T17:45:00Z,2025-01-03,2025-01-03_19,0.0,100,100,0,99.82577217391317,101.47487217391317,0.0045808333333333335,0.0,1.7925,True,True,False,False,0.0,0.0,207.4747190446513,220.14032689330733,0.0,-42.758950362879716,384.85609557507894
2025-01-03T17:45:00Z,2025-01-03T18:00:00Z,2025-01-03,2025-01-03_19,0.0,100,100,0,101.47487217391317,101.15030956521753,0.002069451690821256,0.492,0.2285,True,True,False,False,0.0,0.0,207.4747190446513,220.14032689330733,67.26040891819625,-10.255143945638409,484.6203109105165
2025-01-03T18:00:00Z,2025-01-03T18:15:00Z,2025-01-03,2025-01-03_20,0.0,100,100,0,101.15030956521753,100.42965739130449,0.0020018115942028987,0.663,0.0,True,True,False,False,0.0,0.0,207.4747190446513,220.65298244908627,90.6375022617157,0.0,518.7652037554533
2025-01-03T18:15:00Z,2025-01-03T18:30:00Z,2025-01-03,2025-01-03_20,0.0,100,100,0,100.42965739130449,96.79813565217405,0.01008756038647343,3.341,0.0,True,True,False,False,0.0,0.0,207.4747190446513,220.65298244908627,612.0778361914719,0.0,1040.2055376852095
2025-01-03T18:30:00Z,2025-01-03T18:45:00Z,2025-01-03,2025-01-03_20,0.0,100,100,0,96.79813565217405,89.1258530434784,0.0213118961352657,7.0585,0.0,True,True,False,False,0.0,0.0,207.4747190446513,220.65298244908627,1490.5438749723571,0.0,1918.6715764660946
2025-01-03T18:45:00Z,2025-01-03T19:00:00Z,2025-01-03,2025-01-03_20,0.0,100,100,0,89.1258530434784,88.64190695652188,0.0013519613526570048,0.4465,0.0015,True,True,False,False,0.0,0.0,207.4747190446513,220.65298244908627,59.97063840694799,-0.0874530065740536,488.0108868941115
2025-01-03T19:00:00Z,2025-01-03T19:15:00Z,2025-01-03,2025-01-03_21,0.0,100,100,0,88.64190695652188,79.08918956521754,0.026535326086956523,8.7885,0.0,True,True,False,False,0.0,0.0,207.4747190446513,220.65298244908627,1963.8633931766549,0.0,2391.9910946703926
2025-01-03T19:15:00Z,2025-01-03T19:30:00Z,2025-01-03,2025-01-03_21,0.0,100,100,0,79.08918956521754,73.50712434782623,0.015505736714975845,5.1355,0.0,True,True,False,False,0.0,0.0,207.4747190446513,220.65298244908627,1027.907374399389,0.0,1456.0350758931265
2025-01-03T19:30:00Z,2025-01-03T19:45:00Z,2025-01-03,2025-01-03_21,0.0,100,100,0,73.50712434782623,63.34571130434797,0.028226147342995167,9.3485,0.0,True,True,False,False,0.0,0.0,207.4747190446513,220.65298244908627,2085.724193019843,0.0,2513.8518945135806
2025-01-03T19:45:00Z,2025-01-03T20:00:00Z,2025-01-03,2025-01-03_21,0.0,100,100,0,63.34571130434797,61.608506086956666,0.004866458937198066,1.6049999999999998,0.008,True,True,False,False,0.0,0.0,207.4747190446513,220.65298244908627,278.11406184033285,-0.4664160350616192,705.7753472990088
2025-01-03T20:00:00Z,2025-01-03T20:15:00Z,2025-01-03,2025-01-03_22,0.0,100,100,0,61.608506086956666,60.784756521739276,0.0038138599033816422,1.0105,0.2985,True,True,False,False,0.0,0.0,207.4747190446513,220.65298244908627,157.49323365030858,-13.198967752960336,572.4219673910858
2025-01-03T20:15:00Z,2025-01-03T20:30:00Z,2025-01-03,2025-01-03_22,0.0,100,100,0,60.784756521739276,47.27443043478275,0.03752868357487923,12.4295,0.0,True,True,False,False,0.0,0.0,207.4747190446513,220.65298244908627,2639.538925232706,0.0,3067.6666267264436
2025-01-03T20:30:00Z,2025-01-03T20:45:00Z,2025-01-03,2025-01-03_22,0.0,100,100,0,47.27443043478275,35.06030000000014,0.03392814009661836,11.237,0.0,True,True,False,False,0.0,0.0,207.4747190446513,220.65298244908627,2355.906935324984,0.0,2784.0346368187215
2025-01-03T20:45:00Z,2025-01-03T21:00:00Z,2025-01-03,2025-01-03_22,0.0,100,100,0,35.06030000000014,30.408632173913183,0.013005632850241543,4.2935,0.0165,True,True,False,False,0.0,0.0,207.4747190446513,220.65298244908627,809.5268615427916,-0.8715135401379144,1236.7830494963912
2025-01-03T21:00:00Z,2025-01-03T21:15:00Z,2025-01-03,2025-01-03_23,0.0,100,100,0,30.408632173913183,16.0993930434784,0.03974788647342995,13.1645,0.0,True,True,False,False,0.0,0.0,207.4747190446513,220.65298244908627,2881.675993848133,0.0,3309.803695341871
2025-01-03T21:15:00Z,2025-01-03T21:30:00Z,2025-01-03,2025-01-03_23,0.0,100,100,0,16.0993930434784,10.003740869565359,0.016932367149758452,5.608,0.0,True,True,False,False,0.0,0.0,207.4747190446513,220.65298244908627,1110.923141874912,0.0,1539.0508433686496
2025-01-03T21:30:00Z,2025-01-03T21:45:00Z,2025-01-03,2025-01-03_23,0.0,100,100,0,10.003740869565359,10.000000000000142,0.0004243913043478261,0.072,0.081,True,True,False,False,0.0,0.0,207.4747190446513,220.65298244908627,9.842986670955549,-4.722462354998894,433.2482258096942
2025-01-03T21:45:00Z,2025-01-03T22:00:00Z,2025-01-03,2025-01-03_23,0.0,100,100,0,10.000000000000142,10.039579130434923,0.0036697246376811597,0.5895,0.7395,True,True,False,False,0.0,0.0,207.4747190446513,220.65298244908627,80.58945336844856,-18.429444321585816,490.2877105406003
2025-01-03T22:00:00Z,2025-01-03T22:15:00Z,2025-01-04,2025-01-03_24,-0.7170993889129078,100,99,0,10.039579130434923,11.358950989884892,0.0036649218318054694,0.0,1.254825,True,True,False,False,-22.215739068521884,0.0,205.02924681903156,218.41132485075076,0.0,-32.359749653259364,368.8650829480011
2025-01-03T22:15:00Z,2025-01-03T22:30:00Z,2025-01-04,2025-01-03_24,-0.7170993889129078,100,99,0,11.358950989884892,13.74532504933486,0.006628816831805469,0.0,2.41461,True,True,False,False,-22.215739068521884,0.0,205.02924681903156,218.41132485075076,0.0,-51.94452271000423,349.2803098912562
2025-01-03T22:30:00Z,2025-01-03T22:45:00Z,2025-01-04,2025-01-03_24,-0.7170993889129078,100,99,0,13.74532504933486,19.153278108784832,0.015022091831805471,0.0,5.698935,True,True,False,False,-22.215739068521884,0.0,205.02924681903156,218.41132485075076,0.0,-38.59659831453898,362.62823428672147
2025-01-03T22:45:00Z,2025-01-03T23:00:00Z,2025-01-04,2025-01-03_24,-0.7170993889129078,100,99,0,19.153278108784832,19.80116869565222,0.0025251327276474274,0.121,0.667755,True,True,False,False,-22.215739068521884,0.0,205.02924681903156,218.41132485075076,15.889771854710647,-13.455902831212686,403.6587016247584
2025-01-03T23:00:00Z,2025-01-03T23:15:00Z,2025-01-04,2025-01-04_1,0.0,100,100,0,19.80116869565222,10.458777391304393,0.02595108695652174,8.595,0.0,True,True,False,False,0.0,0.0,205.02924681903156,220.61749984924322,1671.8829041789786,0.0,2097.5296508472534
2025-01-03T23:15:00Z,2025-01-03T23:30:00Z,2025-01-04,2025-01-04_1,0.0,100,100,0,10.458777391304393,10.000000000000044,0.001310159420289855,0.428,0.007000000000000001,True,True,False,False,0.0,0.0,205.02924681903156,220.61749984924322,51.97091238014835,-0.40804840298297457,477.20961064544014
2025-01-03T23:30:00Z,2025-01-03T23:45:00Z,2025-01-04,2025-01-04_1,0.0,100,100,0,10.000000000000044,11.906826086956567,0.005308816425120774,0.002,2.075,True,True,False,False,0.0,0.0,205.02924681903156,220.61749984924322,0.12060543930531267,-26.27565880721221,399.4916933003679
2025-01-03T23:45:00Z,2025-01-04T00:00:00Z,2025-01-04,2025-01-04_1,0.0,100,100,0,11.906826086956567,19.460486086956568,0.020982388888888887,0.0,8.2105,True,True,False,False,0.0,0.0,205.02924681903156,220.61749984924322,0.0,-54.69870781322238,370.9480388550524
2025-01-04T00:00:00Z,2025-01-04T00:15:00Z,2025-01-04,2025-01-04_2,0.0,100,100,0,19.460486086956568,19.875209565217435,0.0037878792270531403,0.4365,0.9665,True,True,False,False,0.0,0.0,205.63227401555812,220.61749984924322,59.58708888620877,-21.888022372308992,463.9488403787011
2025-01-04T00:15:00Z,2025-01-04T00:30:00Z,2025-01-04,2025-01-04_2,0.0,100,100,0,19.875209565217435,22.407049565217434,0.007032888888888889,0.0,2.752,True,True,False,False,0.0,0.0,205.63227401555812,220.61749984924322,0.0,-59.64575127138234,366.604022593419
2025-01-04T00:30:00Z,2025-01-04T00:45:00Z,2025-01-04,2025-01-04_2,0.0,100,100,0,22.407049565217434,22.57111130434787,0.0006278285024154589,0.028499999999999998,0.212,True,True,False,False,0.0,0.0,205.63227401555812,220.61749984924322,3.895555689561599,-9.847139842006875,420.2981897123561
2025-01-04T00:45:00Z,2025-01-04T01:00:00Z,2025-01-04,2025-01-04_2,0.0,100,100,0,22.57111130434787,23.747247826087,0.003270065217391304,0.0005,1.279,True,True,False,False,0.0,0.0,205.63227401555812,220.61749984924322,0.06834308227301052,-28.976680938310317,397.34143600876405
2025-01-04T01:00:00Z,2025-01-04T01:15:00Z,2025-01-04,2025-01-04_3,0.0,100,100,0,23.747247826087,23.805000000000046,0.00018457729468599035,0.004,0.0675,True,True,False,False,0.0,0.0,205.63227401555812,220.61749984924322,0.5467446581840841,-3.934752457335826,422.8617660656496
2025-01-04T01:15:00Z,2025-01-04T01:30:00Z,2025-01-04,2025-01-04_3,0.0,100,100,0,23.805000000000046,27.737080000000045,0.010922444444444445,0.0,4.274,True,True,False,False,0.0,0.0,205.63227401555812,220.61749984924322,0.0,-21.891910993185792,404.35786287161557
2025-01-04T01:30:00Z,2025-01-04T01:45:00Z,2025-01-04,2025-01-04_3,0.0,100,100,0,27.737080000000045,29.04657565217396,0.003658623188405797,0.0035000000000000005,1.4275,True,True,False,False,0.0,0.0,205.63227401555812,220.61749984924322,0.47840157591107363,-30.87794779794569,395.8502276427667
2025-01-04T01:45:00Z,2025-01-04T02:00:00Z,2025-01-04,2025-01-04_3,0.0,100,100,0,29.04657565217396,32.45333565217396,0.009463222222222222,0.0,3.703,True,True,False,False,0.0,0.0,205.63227401555812,220.61749984924322,0.0,-22.324142394822008,403.92563146997935
2025-01-04T02:00:00Z,2025-01-04T02:15:00Z,2025-01-04,2025-01-04_4,-33.00000000000002,100,67,0,32.45333565217396,41.28692265217396,0.024537741666666682,0.0,1.351725,True,True,False,False,-803.0550000000005,0.0,205.63227401555812,147.81372489899294,0.0,-16.796505668455648,-466.4055067539051
2025-01-04T02:15:00Z,2025-01-04T02:30:00Z,2025-01-04,2025-01-04_4,-33.00000000000002,100,67,0,41.28692265217396,48.06072070434788,0.022016407632850257,0.791,0.0,True,True,False,False,-803.0550000000005,0.0,205.63227401555812,147.81372489899294,107.35492894329536,0.0,-342.2540721421541
2025-01-04T02:30:00Z,2025-01-04T02:45:00Z,2025-01-04,2025-01-04_4,-33.00000000000002,100,67,0,48.06072070434788,55.62450732173919,0.02120876717391306,0.049,0.026465,True,True,False,False,-803.0550000000005,0.0,205.63227401555812,147.81372489899294,5.704640495286338,-1.4861500040201814,-445.3905105941833
2025-01-04T02:45:00Z,2025-01-04T03:00:00Z,2025-01-04,2025-01-04_4,-33.00000000000002,100,67,0,55.62450732173919,60.24792489565224,0.024642675628019334,2.9165,0.04656500000000001,True,True,False,False,-803.0550000000005,0.0,205.63227401555812,147.81372489899294,471.6312723873847,-2.525848688415848,19.496422613519385
2025-01-04T03:00:00Z,2025-01-04T03:15:00Z,2025-01-04,2025-01-04_5,-100.0,100,0,0,60.24792489565224,82.09516489565223,0.06068677777777778,1.253,0.0,True,True,False,False,-2477.25,0.0,205.63227401555812,0.0,172.79129168425493,0.0,-2098.826434300187
2025-01-04T03:15:00Z,2025-01-04T03:30:00Z,2025-01-04,2025-01-04_5,-100.0,100,0,0,82.09516489565223,104.93922489565223,0.06345572222222223,0.1695,0.0,True,True,False,False,-2477.25,0.0,205.63227401555812,0.0,21.220531869987337,0.0,-2250.3971941144546
2025-01-04T03:30:00Z,2025-01-04T03:45:00Z,2025-01-04,2025-01-04_5,-100.0,100,0,0,104.93922489565223,127.75844489565223,0.06338672222222223,0.1965,0.0,True,True,False,False,-2477.25,0.0,205.63227401555812,0.0,26.858831333293132,0.0,-2244.7588946511487
2025-01-04T03:45:00Z,2025-01-04T04:00:00Z,2025-01-04,2025-01-04_5,-100.0,100,0,0,127.75844489565223,150.69864489565222,0.06372277777777778,0.065,0.0,True,True,False,False,-2477.25,0.0,205.63227401555812,0.0,8.884600695491367,0.0,-2262.7331252889503
2025-01-04T04:00:00Z,2025-01-04T04:15:00Z,2025-01-04,2025-01-04_6,0.0,100,100,0,150.69864489565222,150.70527755165583,0.0002217981777677655,0.03367875647668394,0.047,True,True,False,False,0.0,0.0,207.44135560513777,220.61749984924322,4.603420049477392,-2.739753562885686,429.9225219409727
2025-01-04T04:15:00Z,2025-01-04T04:30:00Z,2025-01-04,2025-01-04_6,0.0,100,100,0,150.70527755165583,150.83373314525798,0.00047884557332732603,0.02020725388601036,0.1635,True,True,False,False,0.0,0.0,207.44135560513777,220.61749984924322,2.762052029686435,-8.183084785623832,422.6378226984436
2025-01-04T04:30:00Z,2025-01-04T04:45:00Z,2025-01-04,2025-01-04_6,0.0,100,100,0,150.83373314525798,150.48817945298495,0.0009956491452028735,0.3238341968911917,0.007000000000000001,True,True,False,False,0.0,0.0,207.44135560513777,220.61749984924322,44.263654321897995,-0.4221190375685944,471.90039073871037
2025-01-04T04:45:00Z,2025-01-04T05:00:00Z,2025-01-04,2025-01-04_6,0.0,100,100,0,150.48817945298495,149.95596499026811,0.0014783735075467445,0.48963730569948183,0.0,True,True,False,False,0.0,0.0,207.44135560513777,220.61749984924322,66.92664533470978,0.0,494.9855007890908
2025-01-04T05:00:00Z,2025-01-04T05:15:00Z,2025-01-04,2025-01-04_7,0.0,100,100,0,149.95596499026811,147.53857368592028,0.006714975845410628,2.224,0.0,True,True,False,False,0.0,0.0,207.44135560513777,220.61749984924322,360.93049186918336,0.0,788.9893473235643
2025-01-04T05:15:00Z,2025-01-04T05:30:00Z,2025-01-04,2025-01-04_7,0.0,100,100,0,147.53857368592028,141.20596499026811,0.017590579710144928,5.826,0.0,True,True,False,False,0.0,0.0,207.44135560513777,220.61749984924322,1124.8668745100404,0.0,1552.9257299644214
2025-01-04T05:30:00Z,2025-01-04T05:45:00Z,2025-01-04,2025-01-04_7,0.0,100,100,0,141.20596499026811,139.84781281635506,0.003772644927536232,1.2495,0.0,True,True,False,False,0.0,0.0,207.44135560513777,220.61749984924322,174.68336006753907,0.0,602.7422155219201
2025-01-04T05:45:00Z,2025-01-04T06:00:00Z,2025-01-04,2025-01-04_7,0.0,100,100,0,139.84781281635506,140.24772672939855,0.0012376835748792272,0.021,0.4595,True,True,False,False,0.0,0.0,207.44135560513777,220.61749984924322,2.7395525538201775,-10.155015578202578,420.6433924299986
2025-01-04T06:00:00Z,2025-01-04T06:15:00Z,2025-01-04,2025-01-04_8,0.0,100,100,0,140.24772672939855,156.97286672939856,0.046458722222222235,0.0,18.1795,True,True,False,False,0.0,0.0,207.44135560513777,220.10492673219562,0.0,7414.5493995859215,7842.095681923255
2025-01-04T06:15:00Z,2025-01-04T06:30:00Z,2025-01-04,2025-01-04_8,0.0,100,100,0,156.97286672939856,160.82766672939857,0.01070777777777778,0.0,4.19,True,True,False,False,0.0,0.0,207.44135560513777,220.10492673219562,0.0,-56.94471848680376,370.60156385052966
2025-01-04T06:30:00Z,2025-01-04T06:45:00Z,2025-01-04,2025-01-04_8,0.0,100,100,0,160.82766672939857,160.91494151200726,0.0010455700483091787,0.133,0.252,True,True,False,False,0.0,0.0,207.44135560513777,220.10492673219562,18.179259884620798,-9.800793583790629,435.9247486381636
2025-01-04T06:45:00Z,2025-01-04T07:00:00Z,2025-01-04,2025-01-04_8,0.0,100,100,0,160.91494151200726,160.17607020765942,0.0022108647342995165,0.706,0.031,True,True,False,False,0.0,0.0,207.44135560513777,220.10492673219562,96.19489477175419,-1.8070714989246015,521.934105610163
2025-01-04T07:00:00Z,2025-01-04T07:15:00Z,2025-01-04,2025-01-04_9,0.0,100,100,0,160.17607020765942,157.73965716418115,0.006767814009661834,2.2415,0.0,True,True,False,False,0.0,0.0,207.44135560513777,220.10492673219562,306.3820378299061,0.0,733.9283201672395
2025-01-04T07:15:00Z,2025-01-04T07:30:00Z,2025-01-04,2025-01-04_9,0.0,100,100,0,157.73965716418115,157.6157545554855,0.0005435072463768116,0.147,0.039,True,True,False,False,0.0,0.0,207.44135560513777,220.10492673219562,10.236399324609538,-2.229190737502261,435.55349092444067
2025-01-04T07:30:00Z,2025-01-04T07:45:00Z,2025-01-04,2025-01-04_9,0.0,100,100,0,157.6157545554855,158.05601629461594,0.0020200507246376813,0.132,0.6345,True,True,False,False,0.0,0.0,207.44135560513777,220.10492673219562,10.070542121449678,-14.485384128324187,423.1314403304589
2025-01-04T07:45:00Z,2025-01-04T08:00:00Z,2025-01-04,2025-01-04_9,0.0,100,100,0,158.05601629461594,162.96008325113766,0.01375525845410628,0.022,5.3565,True,True,False,False,0.0,0.0,207.44135560513777,220.10492673219562,2.982972522060745,-66.34225893987818,364.18699591951594
2025-01-04T08:00:00Z,2025-01-04T08:15:00Z,2025-01-04,2025-01-04_10,0.0,100,100,0,162.96008325113766,161.5433615120072,0.003948115942028986,1.3055,0.0025,True,True,False,False,0.0,0.0,207.44135560513777,220.61749984924322,178.38343182777544,-0.15075679913164083,606.2915304830248
2025-01-04T08:15:00Z,2025-01-04T08:30:00Z,2025-01-04,2025-01-04_10,0.0,100,100,0,161.5433615120072,166.8839615120072,0.014835000000000001,0.0,5.805,True,True,False,False,0.0,0.0,207.44135560513777,220.61749984924322,0.0,-38.15391063136948,389.90494482301153
2025-01-04T08:30:00Z,2025-01-04T08:45:00Z,2025-01-04,2025-01-04_10,0.0,100,100,0,166.8839615120072,172.9651615120072,0.016892222222222225,0.0,6.61,True,True,False,False,0.0,0.0,207.44135560513777,220.61749984924322,0.0,-64.56538623891937,363.49346921546163
2025-01-04T08:45:00Z,2025-01-04T09:00:00Z,2025-01-04,2025-01-04_10,0.0,100,100,0,172.9651615120072,176.4363215120072,0.009642111111111112,0.0,3.773,True,True,False,False,0.0,0.0,207.44135560513777,220.61749984924322,0.0,-72.52648093429013,355.53237452009085
2025-01-04T09:00:00Z,2025-01-04T09:15:00Z,2025-01-04,2025-01-04_11,0.0,100,100,0,176.4363215120072,167.69878933809414,0.026052144927536235,8.3335,0.3485,True,True,False,False,0.0,0.0,205.63227401555812,220.61749984924322,1827.890718305896,-10.969739592755634,2243.1707525779416
2025-01-04T09:15:00Z,2025-01-04T09:30:00Z,2025-01-04,2025-01-04_11,0.0,100,100,0,167.69878933809414,161.41831368592022,0.017463654589371977,5.781,0.0035000000000000005,True,True,False,False,0.0,0.0,205.63227401555812,220.61749984924322,1180.5353036241934,-0.20402420149148728,1606.5810532875032
2025-01-04T09:30:00Z,2025-01-04T09:45:00Z,2025-01-04,2025-01-04_11,0.0,100,100,0,161.41831368592022,167.72215368592023,0.017510666666666667,0.0,6.851999999999999,True,True,False,False,0.0,0.0,205.63227401555812,220.61749984924322,0.0,-23.813761080624733,402.4360127841766
2025-01-04T09:45:00Z,2025-01-04T10:00:00Z,2025-01-04,2025-01-04_11,0.0,100,100,0,167.72215368592023,186.06327368592022,0.05094755555555556,0.0,19.936,True,True,False,False,0.0,0.0,205.63227401555812,220.61749984924322,0.0,6145.600900520614,6571.850674385416
2025-01-04T10:00:00Z,2025-01-04T10:15:00Z,2025-01-04,2025-01-04_12,46.893603768652405,53,100,0,186.06327368592022,181.11461081655477,0.034938393164356624,0.0,7.807500000000001,True,True,False,False,1503.995106870104,0.0,108.98510522824579,220.61749984924322,0.0,-80.54206265452572,1753.0556492930673
2025-01-04T10:15:00Z,2025-01-04T10:30:00Z,2025-01-04,2025-01-04_12,46.893603768652405,53,100,0,181.11461081655477,176.71900167628206,0.03490586991860977,0.0,8.3615,True,True,False,False,1503.995106870104,0.0,108.98510522824579,220.61749984924322,0.0,-51.41711551990995,1782.1805964276832
2025-01-04T10:30:00Z,2025-01-04T10:45:00Z,2025-01-04,2025-01-04_12,46.893603768652405,53,100,0,176.71900167628206,184.2829298546572,0.034202569405889095,0.0,20.3415,True,True,False,False,1503.995106870104,0.0,108.98510522824579,220.61749984924322,0.0,7571.879987637943,9405.477699585535
2025-01-04T10:45:00Z,2025-01-04T11:00:00Z,2025-01-04,2025-01-04_12,46.893603768652405,53,100,0,184.2829298546572,179.86435999999975,0.03490722016166425,0.0,8.3385,True,True,False,False,1503.995106870104,0.0,108.98510522824579,220.61749984924322,0.0,-44.59469155158898,1789.003020396004
2025-01-04T11:00:00Z,2025-01-04T11:15:00Z,2025-01-04,2025-01-04_13,0.0,100,100,0,179.86435999999975,182.07051999999976,0.006128222222222222,0.0,2.398,True,True,False,False,0.0,0.0,205.63227401555812,220.61749984924322,0.0,-49.44124665822429,376.8085272065771
2025-01-04T11:15:00Z,2025-01-04T11:30:00Z,2025-01-04,2025-01-04_13,0.0,100,100,0,182.07051999999976,183.89579999999975,0.0050702222222222225,0.0,1.984,True,True,False,False,0.0,0.0,205.63227401555812,220.61749984924322,0.0,-43.34578785503226,382.9039860097691
2025-01-04T11:30:00Z,2025-01-04T11:45:00Z,2025-01-04,2025-01-04_13,0.0,100,100,0,183.89579999999975,185.19161999999974,0.0035995000000000007,0.0,1.4085,True,True,False,False,0.0,0.0,205.63227401555812,220.61749984924322,0.0,-37.64974944219985,388.6000244226015
2025-01-04T11:45:00Z,2025-01-04T12:00:00Z,2025-01-04,2025-01-04_13,0.0,100,100,0,185.19161999999974,186.63325999999975,0.0040045555555555555,0.0,1.567,True,True,False,False,0.0,0.0,205.63227401555812,220.61749984924322,0.0,-31.597654626223644,394.6521192385777
2025-01-04T12:00:00Z,2025-01-04T12:15:00Z,2025-01-04,2025-01-04_14,0.0,100,100,0,186.63325999999975,189.37715999999975,0.007621944444444444,0.0,2.9825,True,True,False,False,0.0,0.0,205.63227401555812,220.61749984924322,0.0,-56.99836931395606,369.2514045508453
2025-01-04T12:15:00Z,2025-01-04T12:30:00Z,2025-01-04,2025-01-04_14,0.0,100,100,0,189.37715999999975,189.0690217391302,0.004316161835748792,0.8564999999999999,0.677,True,True,False,False,0.0,0.0,205.63227401555812,220.61749984924322,117.03347946692395,-16.835117087780663,526.4481362439446
2025-01-04T12:30:00Z,2025-01-04T12:45:00Z,2025-01-04,2025-01-04_14,0.0,100,100,0,189.0690217391302,184.59999999999977,0.012413949275362319,4.1115,0.0,True,True,False,False,0.0,0.0,205.63227401555812,220.61749984924322,751.5700346740639,0.0,1177.8198085388653
2025-01-04T12:45:00Z,2025-01-04T13:00:00Z,2025-01-04,2025-01-04_14,0.0,100,100,0,184.59999999999977,183.28464347826062,0.0041904347826086956,1.299,0.105,True,True,False,False,0.0,0.0,205.63227401555812,220.61749984924322,189.76591207863476,-6.120726044744617,609.8949598986915
2025-01-04T13:00:00Z,2025-01-04T13:15:00Z,2025-01-04,2025-01-04_15,-10.000000000000052,100,90,0,183.28464347826062,186.1395553043476,0.007954767149758488,0.0045,0.6084,True,True,False,False,-341.00000000000176,0.0,207.44135560513777,198.5557498643189,0.3065389254055358,-20.92546728577459,44.378177109085854
2025-01-04T13:15:00Z,2025-01-04T13:30:00Z,2025-01-04,2025-01-04_15,-10.000000000000052,100,90,0,186.1395553043476,186.75102713043455,0.010285489371980703,1.58,0.0027,True,True,False,False,-341.00000000000176,0.0,207.44135560513777,198.5557498643189,280.8296046151682,-0.15739009829343303,345.6693199863297
2025-01-04T13:30:00Z,2025-01-04T13:45:00Z,2025-01-04,2025-01-04_15,-10.000000000000052,100,90,0,186.75102713043455,184.2032805217389,0.017539773913043497,4.5295,0.0,True,True,False,False,-341.00000000000176,0.0,207.44135560513777,198.5557498643189,855.7002950813081,0.0,920.6974005507631
2025-01-04T13:45:00Z,2025-01-04T14:00:00Z,2025-01-04,2025-01-04_15,-10.000000000000052,100,90,0,184.2032805217389,176.305888869565,0.030076387922705314,9.5705,0.0495,True,True,False,False,-341.00000000000176,0.0,207.44135560513777,198.5557498643189,2118.6992797845182,-1.5163721883856964,2182.1800130655874
2025-01-04T14:00:00Z,2025-01-04T14:15:00Z,2025-01-04,2025-01-04_16,0.0,100,100,0,176.305888869565,186.435548869565,0.028137944444444448,0.0,11.0105,True,True,False,False,0.0,0.0,207.44135560513777,220.61749984924322,0.0,-19.872415425435687,408.1864400289453
2025-01-04T14:15:00Z,2025-01-04T14:30:00Z,2025-01-04,2025-01-04_16,0.0,100,100,0,186.435548869565,189.742028869565,0.009184666666666667,0.0,3.594,True,True,False,False,0.0,0.0,207.44135560513777,220.61749984924322,0.0,-52.75664596273292,375.30220949164806
2025-01-04T14:30:00Z,2025-01-04T14:45:00Z,2025-01-04,2025-01-04_16,0.0,100,100,0,189.742028869565,182.36757234782587,0.02048460144927536,6.7845,0.0,True,True,False,False,0.0,0.0,207.44135560513777,220.61749984924322,1525.9076786468072,0.0,1953.9665341011882
2025-01-04T14:45:00Z,2025-01-04T15:00:00Z,2025-01-04,2025-01-04_16,0.0,100,100,0,182.36757234782587,161.2474636521737,0.05866696859903381,19.4305,0.0,True,True,False,False,0.0,0.0,207.44135560513777,220.61749984924322,4553.72977718145,0.0,4981.788632635831
2025-01-04T15:00:00Z,2025-01-04T15:15:00Z,2025-01-04,2025-01-04_17,8.50566656000007,0,0,0,161.2474636521737,158.93614121739108,0.0064203400966184095,0.0,0.0,True,False,False,False,407.5915415552033,0.0,0.0,0.0,0.0,0.0,407.5915415552033
2025-01-04T15:15:00Z,2025-01-04T15:30:00Z,2025-01-04,2025-01-04_17,8.50566656000007,0,0,0,158.93614121739108,156.62481878260846,0.0064203400966184095,0.0,0.0,True,False,False,False,407.5915415552033,0.0,0.0,0.0,0.0,0.0,407.5915415552033
2025-01-04T15:30:00Z,2025-01-04T15:45:00Z,2025-01-04,2025-01-04_17,8.50566656000007,0,0,0,156.62481878260846,154.31349634782583,0.0064203400966184095,0.0,0.0,True,False,False,False,407.5915415552033,0.0,0.0,0.0,0.0,0.0,407.5915415552033
2025-01-04T15:45:00Z,2025-01-04T16:00:00Z,2025-01-04,2025-01-04_17,8.50566656000007,0,0,0,154.31349634782583,152.0021739130432,0.0064203400966184095,0.0,0.0,True,False,False,False,407.5915415552033,0.0,0.0,0.0,0.0,0.0,407.5915415552033
2025-01-04T16:00:00Z,2025-01-04T16:15:00Z,2025-01-04,2025-01-04_18,0.0,100,100,0,152.0021739130432,142.0880434782606,0.027539251207729466,9.121,0.0,True,True,False,False,0.0,0.0,207.44135560513777,220.10492673219562,2178.0285774588438,0.0,2605.574859796177
2025-01-04T16:15:00Z,2025-01-04T16:30:00Z,2025-01-04,2025-01-04_18,0.0,100,100,0,142.0880434782606,133.44239130434755,0.024015700483091783,7.954,0.0,True,True,False,False,0.0,0.0,207.44135560513777,220.10492673219562,1906.0421423546204,0.0,2333.5884246919536
2025-01-04T16:30:00Z,2025-01-04T16:45:00Z,2025-01-04,2025-01-04_18,0.0,100,100,0,133.44239130434755,130.9592391304345,0.006897644927536232,2.2845,0.0,True,True,False,False,0.0,0.0,207.44135560513777,220.10492673219562,397.3566972200446,0.0,824.902979557378
2025-01-04T16:45:00Z,2025-01-04T17:00:00Z,2025-01-04,2025-01-04_18,0.0,100,100,0,130.9592391304345,129.33369565217362,0.004515398550724637,1.4955,0.0,True,True,False,False,0.0,0.0,207.44135560513777,220.10492673219562,228.62280769462706,0.0,656.1690900319604
2025-01-04T17:00:00Z,2025-01-04T17:15:00Z,2025-01-04,2025-01-04_19,0.0,100,100,0,129.33369565217362,125.8249999999997,0.009746376811594203,3.228,0.0,True,True,False,False,0.0,0.0,207.44135560513777,220.10492673219562,552.7387927395527,0.0,980.2850750768861
2025-01-04T17:15:00Z,2025-01-04T17:30:00Z,2025-01-04,2025-01-04_19,0.0,100,100,0,125.8249999999997,113.11576086956492,0.035303442028985506,11.6925,0.0,True,True,False,False,0.0,0.0,207.44135560513777,220.10492673219562,3170.505668455648,0.0,3598.051950792981
2025-01-04T17:30:00Z,2025-01-04T17:45:00Z,2025-01-04,2025-01-04_19,0.0,100,100,0,113.11576086956492,100.9733695652171,0.033728864734299514,11.171,0.0,True,True,False,False,0.0,0.0,207.44135560513777,220.10492673219562,2902.681585961527,0.0,3330.2278682988604
2025-01-04T17:45:00Z,2025-01-04T18:00:00Z,2025-01-04,2025-01-04_19,0.0,100,100,0,100.9733695652171,92.52663043478232,0.023463164251207726,7.771,0.0,True,True,False,False,0.0,0.0,207.44135560513777,220.10492673219562,1864.1262057528795,0.0,2291.672488090213
2025-01-04T18:00:00Z,2025-01-04T18:15:00Z,2025-01-04,2025-01-04_20,0.0,100,100,0,92.52663043478232,72.46141304347798,0.05573671497584541,18.46,0.0,True,True,False,False,0.0,0.0,207.44135560513777,220.61749984924322,5167.7536030875,0.0,5595.812458541881
2025-01-04T18:15:00Z,2025-01-04T18:30:00Z,2025-01-04,2025-01-04_20,0.0,100,100,0,72.46141304347798,57.33478260869537,0.04201841787439613,13.9165,0.0,True,True,False,False,0.0,0.0,207.44135560513777,220.61749984924322,3873.1474977386474,0.0,4301.206353193028
2025-01-04T18:30:00Z,2025-01-04T18:45:00Z,2025-01-04,2025-01-04_20,0.0,100,100,0,57.33478260869537,35.64945652173885,0.06023701690821256,19.9505,0.0,True,True,False,False,0.0,0.0,207.44135560513777,220.61749984924322,5641.072149188929,0.0,6069.13100464331
2025-01-04T18:45:00Z,2025-01-04T19:00:00Z,2025-01-04,2025-01-04_20,0.0,100,100,0,35.64945652173885,9.99999999999972,0.07124849033816424,23.5975,0.0,True,True,False,False,0.0,0.0,207.44135560513777,220.61749984924322,10219.05653681481,0.0,10647.115392269192
2025-01-04T19:00:00Z,2025-01-04T19:15:00Z,2025-01-04,2025-01-04_21,-100.0,100,0,0,9.99999999999972,14.30835999999972,0.011967666666666668,20.317,0.0,True,True,False,False,-4004.75,0.0,207.44135560513777,0.0,5295.223030211662,0.0,1497.9143858168
2025-01-04T19:15:00Z,2025-01-04T19:30:00Z,2025-01-04,2025-01-04_21,-100.0,100,0,0,14.30835999999972,19.21701999999972,0.013635166666666665,19.6645,0.0,True,True,False,False,-4004.75,0.0,207.44135560513777,0.0,5213.462169289836,0.0,1416.153524894974
2025-01-04T19:30:00Z,2025-01-04T19:45:00Z,2025-01-04,2025-01-04_21,-100.0,100,0,0,19.21701999999972,27.85627999999972,0.023997944444444443,15.6095,0.0,True,True,False,False,-4004.75,0.0,207.44135560513777,0.0,3890.8755090554587,0.0,93.56686466059645
2025-01-04T19:45:00Z,2025-01-04T20:00:00Z,2025-01-04,2025-01-04_21,-100.0,100,0,0,27.85627999999972,43.338499999999726,0.04300616666666667,8.1715,0.0,True,True,False,False,-4004.75,0.0,207.44135560513777,0.0,1836.5170712979157,0.0,-1960.7915730969466
2025-01-04T20:00:00Z,2025-01-04T20:15:00Z,2025-01-04,2025-01-04_22,-41.0,100,59,0,43.338499999999726,30.043630991304074,0.04256304502415458,22.312,0.0,True,True,False,False,-1571.2224999999999,0.0,207.44135560513777,130.16432491105348,12673.65910952984,0.0,11440.042290046033
2025-01-04T20:15:00Z,2025-01-04T20:30:00Z,2025-01-04,2025-01-04_22,-41.0,100,59,0,30.043630991304074,32.17502883478234,0.03145158821256039,7.166,0.0,True,True,False,False,-1571.2224999999999,0.0,207.44135560513777,130.16432491105348,1560.1811915817404,0.0,326.5643720979318
2025-01-04T20:30:00Z,2025-01-04T20:45:00Z,2025-01-04,2025-01-04_22,-41.0,100,59,0,32.17502883478234,34.70313412173886,0.031165841980676325,6.7765,0.0,True,True,False,False,-1571.2224999999999,0.0,207.44135560513777,130.16432491105348,1449.9045658204186,0.0,216.28774633661
2025-01-04T20:45:00Z,2025-01-04T21:00:00Z,2025-01-04,2025-01-04_22,-41.0,100,59,0,34.70313412173886,43.4208218608693,0.026887900724637682,0.75,0.05605,True,True,False,False,-1571.2224999999999,0.0,207.44135560513777,130.16432491105348,119.36516311885666,-3.097052895535589,-1117.3487092604876
2025-01-04T21:00:00Z,2025-01-04T21:15:00Z,2025-01-04,2025-01-04_23,-22.757612341506146,100,77,0,43.4208218608693,23.15744823943574,0.057092641994136197,24.3075,0.0,True,True,False,False,-836.7974057971811,0.0,207.44135560513777,169.87547488391726,18072.972425073873,0.0,17613.491849765745
2025-01-04T21:15:00Z,2025-01-04T21:30:00Z,2025-01-04,2025-01-04_23,-22.757612341506146,100,77,0,23.15744823943574,13.441904002238676,0.03948934021725781,14.252,0.0,True,True,False,False,-836.7974057971811,0.0,207.44135560513777,169.87547488391726,3530.7798058252433,0.0,3071.2992305171174
2025-01-04T21:30:00Z,2025-01-04T21:45:00Z,2025-01-04,2025-01-04_23,-22.757612341506146,100,77,0,13.441904002238676,14.375938386041167,0.021716228856335153,4.0995,0.0,True,True,False,False,-836.7974057971811,0.0,207.44135560513777,169.87547488391726,736.0435569559187,0.0,276.56298164779264
2025-01-04T21:45:00Z,2025-01-04T22:00:00Z,2025-01-04,2025-01-04_23,-22.757612341506146,100,77,0,14.375938386041167,14.231116171794108,0.023516735631485014,5.128,0.0,True,True,False,False,-836.7974057971811,0.0,207.44135560513777,169.87547488391726,978.6688375645742,0.0,519.1882622564482
2025-01-04T22:00:00Z,2025-01-04T22:15:00Z,2025-01-05,2025-01-04_24,-72.87264496947459,100,27,0,14.231116171794108,17.211814437436335,0.03166477517861159,14.2755,0.0,True,True,False,False,-2222.4334899565515,0.0,205.02924681903156,59.56672495929566,3007.485058493638,0.0,1049.6475403154136
2025-01-04T22:15:00Z,2025-01-04T22:30:00Z,2025-01-05,2025-01-04_24,-72.87264496947459,100,27,0,17.211814437436335,19.028371891669618,0.03040662981882912,15.4815,0.0,True,True,False,False,-2222.4334899565515,0.0,205.02924681903156,59.56672495929566,3288.545195983839,0.0,1330.7076778056148
2025-01-04T22:30:00Z,2025-01-04T22:45:00Z,2025-01-05,2025-01-04_24,-72.87264496947459,100,27,0,19.028371891669618,25.134682053947127,0.035042780713417244,11.0375,0.0,True,True,False,False,-2222.4334899565515,0.0,205.02924681903156,59.56672495929566,2269.668443084283,0.0,311.8309249060586
2025-01-04T22:45:00Z,2025-01-04T23:00:00Z,2025-01-05,2025-01-04_24,-72.87264496947459,100,27,0,25.134682053947127,41.217894547826134,0.045826373286677435,0.7025,0.000675,True,True,False,False,-2222.4334899565515,0.0,205.02924681903156,59.56672495929566,96.02203059357977,-0.04056865464632455,-1861.8560562392909
2025-01-04T23:00:00Z,2025-01-04T23:15:00Z,2025-01-05,2025-01-05_1,-7.000000000000007,100,93,0,41.217894547826134,22.512826652173956,0.05414347082125605,18.893,0.0,True,True,False,False,-197.0850000000002,0.0,205.02924681903156,205.17427485979618,4774.727339243,0.0,4987.845860921827
2025-01-04T23:15:00Z,2025-01-04T23:30:00Z,2025-01-05,2025-01-05_1,-7.000000000000007,100,93,0,22.512826652173956,11.077118652173958,0.03636956111111111,12.1325,0.0,True,True,False,False,-197.0850000000002,0.0,205.02924681903156,205.17427485979618,2429.250901525659,0.0,2642.369423204487
2025-01-04T23:30:00Z,2025-01-04T23:45:00Z,2025-01-05,2025-01-05_1,-7.000000000000007,100,93,0,11.077118652173958,11.54658757391309,0.007461960772946865,1.0965,0.04185,True,True,False,False,-197.0850000000002,0.0,205.02924681903156,205.17427485979618,149.87637942471204,-2.1560543930531266,360.83884671048645
2025-01-04T23:45:00Z,2025-01-05T00:00:00Z,2025-01-05,2025-01-05_1,-7.000000000000007,100,93,0,11.54658757391309,13.266879200000048,0.0048572110386473485,0.014000000000000002,0.136245,True,True,False,False,-197.0850000000002,0.0,205.02924681903156,205.17427485979618,1.9136063036442945,-8.028730060905747,207.0033979215661
2025-01-05T00:00:00Z,2025-01-05T00:15:00Z,2025-01-05,2025-01-05_2,8.000000000000028,92,100,0,13.266879200000048,10.00000000000004,0.009178113333333354,1.0244199999999999,0.022,True,True,False,False,220.6800000000008,0.0,189.18169209431346,220.61749984924322,140.02404068423485,-1.3032442863173128,769.199988341475
2025-01-05T00:15:00Z,2025-01-05T00:30:00Z,2025-01-05,2025-01-05_2,8.000000000000028,92,100,0,10.00000000000004,12.676274121739166,0.017001002995169098,0.0,5.1965,True,True,False,False,220.6800000000008,0.0,189.18169209431346,220.61749984924322,0.0,-61.61136022834631,568.8678317152112
2025-01-05T00:30:00Z,2025-01-05T00:45:00Z,2025-01-05,2025-01-05_2,8.000000000000028,92,100,0,12.676274121739166,21.218693982608723,0.03025962038647343,0.0,11.4815,True,True,False,False,220.6800000000008,0.0,189.18169209431346,220.61749984924322,0.0,-10.553960783131322,619.9252311604262
2025-01-05T00:45:00Z,2025-01-05T01:00:00Z,2025-01-05,2025-01-05_2,8.000000000000028,92,100,0,21.218693982608723,40.64171749565219,0.05485187690821254,0.0,23.139,True,True,False,False,220.6800000000008,0.0,189.18169209431346,220.61749984924322,0.0,15190.698383887115,15821.177575830672
2025-01-05T01:00:00Z,2025-01-05T01:15:00Z,2025-01-05,2025-01-05_3,0.0,100,100,0,40.64171749565219,48.48793749565219,0.021795055555555554,0.0,8.5285,True,True,False,False,0.0,0.0,205.63227401555812,220.61749984924322,0.0,-8.358955154877485,417.89081870992385
2025-01-05T01:15:00Z,2025-01-05T01:30:00Z,2025-01-05,2025-01-05_3,0.0,100,100,0,48.48793749565219,52.98443749565219,0.012490277777777779,0.0,4.8875,True,True,False,False,0.0,0.0,205.63227401555812,220.61749984924322,0.0,-40.4830674988442,385.76670636595713
2025-01-05T01:30:00Z,2025-01-05T01:45:00Z,2025-01-05,2025-01-05_3,0.0,100,100,0,52.98443749565219,61.25523749565219,0.022974444444444447,0.0,8.99,True,True,False,False,0.0,0.0,205.63227401555812,220.61749984924322,0.0,-32.46042533518262,393.78934852961874
2025-01-05T01:45:00Z,2025-01-05T02:00:00Z,2025-01-05,2025-01-05_3,0.0,100,100,0,61.25523749565219,77.31337749565219,0.04460594444444445,0.0,17.4545,True,True,False,False,0.0,0.0,205.63227401555812,220.61749984924322,0.0,3280.1401315604335,3706.3899054252347
2025-01-05T02:00:00Z,2025-01-05T02:15:00Z,2025-01-05,2025-01-05_4,0.0,100,100,0,77.31337749565219,97.11315749565219,0.054999388888888896,0.0,21.5215,True,True,False,False,0.0,0.0,205.63227401555812,220.61749984924322,0.0,9916.731182636839,10342.98095650164
2025-01-05T02:15:00Z,2025-01-05T02:30:00Z,2025-01-05,2025-01-05_4,0.0,100,100,0,97.11315749565219,111.6762974956522,0.040453166666666665,0.0,15.8295,True,True,False,False,0.0,0.0,205.63227401555812,220.61749984924322,0.0,53.17546161731894,479.4252354821203
2025-01-05T02:30:00Z,2025-01-05T02:45:00Z,2025-01-05,2025-01-05_4,0.0,100,100,0,111.6762974956522,124.90313749565219,0.036741222222222224,0.0,14.377,True,True,False,False,0.0,0.0,205.63227401555812,220.61749984924322,0.0,23.729029126213597,449.97880299101496
2025-01-05T02:45:00Z,2025-01-05T03:00:00Z,2025-01-05,2025-01-05_4,0.0,100,100,0,124.90313749565219,142.5606974956522,0.04904877777777779,0.0,19.193,True,True,False,False,0.0,0.0,205.63227401555812,220.61749984924322,0.0,7841.831025548253,8268.080799413054
2025-01-05T03:00:00Z,2025-01-05T03:15:00Z,2025-01-05,2025-01-05_5,0.0,100,100,0,142.5606974956522,144.5290374956522,0.0054676111111111115,0.0,2.1395,True,True,False,False,0.0,0.0,205.63227401555812,212.56708677561357,0.0,-29.013493336549477,389.1858674546222
2025-01-05T03:15:00Z,2025-01-05T03:30:00Z,2025-01-05,2025-01-05_5,0.0,100,100,0,144.5290374956522,145.02629749565222,0.0013812777777777777,0.0,0.5405,True,True,False,False,0.0,0.0,205.63227401555812,212.56708677561357,0.0,-15.753039759593157,402.4463210315785
2025-01-05T03:30:00Z,2025-01-05T03:45:00Z,2025-01-05,2025-01-05_5,0.0,100,100,0,145.02629749565222,145.8662574956522,0.0023332222222222226,0.0,0.9130000000000001,True,True,False,False,0.0,0.0,205.63227401555812,212.56708677561357,0.0,-26.645821222537144,391.55353956863456
2025-01-05T03:45:00Z,2025-01-05T04:00:00Z,2025-01-05,2025-01-05_5,0.0,100,100,0,145.8662574956522,148.3295574956522,0.0068425000000000005,0.0,2.6775,True,True,False,False,0.0,0.0,205.63227401555812,212.56708677561357,0.0,-49.071084845926556,369.12827594524515
2025-01-05T04:00:00Z,2025-01-05T04:15:00Z,2025-01-05,2025-01-05_6,0.0,100,100,0,148.3295574956522,151.81543749565222,0.009683,0.0,3.789,True,True,False,False,0.0,0.0,207.44135560513777,220.61749984924322,0.0,-49.48266899837183,378.57618645600917
2025-01-05T04:15:00Z,2025-01-05T04:30:00Z,2025-01-05,2025-01-05_6,0.0,100,100,0,151.81543749565222,149.74877148528952,0.006780850028785262,2.073575129533679,0.2035,True,True,False,False,0.0,0.0,207.44135560513777,220.61749984924322,284.16678045029573,-6.390682928300066,705.8349529763766
2025-01-05T04:30:00Z,2025-01-05T04:45:00Z,2025-01-05,2025-01-05_6,0.0,100,100,0,149.74877148528952,148.89884560108138,0.003255349678355986,0.9300518134715027,0.175,True,True,False,False,0.0,0.0,207.44135560513777,220.61749984924322,126.64606532044753,-5.6856268467707896,549.0192939280578
2025-01-05T04:45:00Z,2025-01-05T05:00:00Z,2025-01-05,2025-01-05_6,0.0,100,100,0,148.89884560108138,156.92492560108138,0.022294666666666667,0.0,8.724,True,True,False,False,0.0,0.0,207.44135560513777,220.61749984924322,0.0,-14.889843815956098,413.1690116384249
2025-01-05T05:00:00Z,2025-01-05T05:15:00Z,2025-01-05,2025-01-05_7,0.0,100,100,0,156.92492560108138,165.0788856010814,0.02264988888888889,0.0,8.863,True,True,False,False,0.0,0.0,207.44135560513777,220.61749984924322,0.0,-48.21034452953828,379.8485109248427
2025-01-05T05:15:00Z,2025-01-05T05:30:00Z,2025-01-05,2025-01-05_7,0.0,100,100,0,165.0788856010814,166.19798386195095,0.003144838164251208,0.006,1.2235,True,True,False,False,0.0,0.0,207.44135560513777,220.61749984924322,0.675390460109751,-29.927288588715353,398.8069573257754
2025-01-05T05:30:00Z,2025-01-05T05:45:00Z,2025-01-05,2025-01-05_7,0.0,100,100,0,166.19798386195095,166.13682560108137,0.0010438840579710146,0.201,0.171,True,True,False,False,0.0,0.0,207.44135560513777,220.61749984924322,26.951308569016465,-4.548828921184346,450.4613351022131
2025-01-05T05:45:00Z,2025-01-05T06:00:00Z,2025-01-05,2025-01-05_7,0.0,100,100,0,166.13682560108137,167.07949168803788,0.002630594202898551,0.002,1.027,True,True,False,False,0.0,0.0,207.44135560513777,220.61749984924322,0.23317051599027117,-28.119102695531566,400.1729232748397
2025-01-05T06:00:00Z,2025-01-05T06:15:00Z,2025-01-05,2025-01-05_8,100.0,0,100,0,167.07949168803788,151.81046994890744,0.042413949275362316,0.0,10.9525,True,True,False,False,2896.5,0.0,0.0,220.10492673219562,0.0,-7.357586082132305,3109.2473406500635
2025-01-05T06:15:00Z,2025-01-05T06:30:00Z,2025-01-05,2025-01-05_8,100.0,0,100,0,151.81046994890744,135.46536125325525,0.04540307971014492,0.0,9.9625,True,True,False,False,2896.5,0.0,0.0,220.10492673219562,0.0,-24.268937566584253,3092.3359891656114
2025-01-05T06:30:00Z,2025-01-05T06:45:00Z,2025-01-05,2025-01-05_8,100.0,0,100,0,135.46536125325525,122.9610134271683,0.034734299516908214,0.0,13.496,True,True,False,False,2896.5,0.0,0.0,220.10492673219562,0.0,-0.0,3116.6049267321955
2025-01-05T06:45:00Z,2025-01-05T07:00:00Z,2025-01-05,2025-01-05_8,100.0,0,100,0,122.9610134271683,120.64579603586395,0.006431159420289851,0.0,22.87,True,True,False,False,2896.5,0.0,0.0,220.10492673219562,0.0,17919.108615248548,21035.713541980742
2025-01-05T07:00:00Z,2025-01-05T07:15:00Z,2025-01-05,2025-01-05_9,0.0,100,100,0,120.64579603586395,125.79181603586395,0.0142945,0.0,5.5935,True,True,False,False,0.0,0.0,207.44135560513777,220.10492673219562,0.0,633.6837686184647,1061.230050955798
2025-01-05T07:15:00Z,2025-01-05T07:30:00Z,2025-01-05,2025-01-05_9,0.0,100,100,0,125.79181603586395,133.44851603586395,0.02126861111111111,0.0,8.3225,True,True,False,False,0.0,0.0,207.44135560513777,220.10492673219562,0.0,-27.68144234054956,399.8648399967838
2025-01-05T07:30:00Z,2025-01-05T07:45:00Z,2025-01-05,2025-01-05_9,0.0,100,100,0,133.44851603586395,146.41407603586396,0.03601544444444445,0.0,14.093,True,True,False,False,0.0,0.0,207.44135560513777,220.10492673219562,0.0,1643.2824963315845,2070.828778668918
2025-01-05T07:45:00Z,2025-01-05T08:00:00Z,2025-01-05,2025-01-05_9,0.0,100,100,0,146.41407603586396,169.12427603586394,0.06308388888888888,0.0,24.685,True,True,False,False,0.0,0.0,207.44135560513777,220.10492673219562,0.0,23835.91320730065,24263.459489637986
2025-01-05T08:00:00Z,2025-01-05T08:15:00Z,2025-01-05,2025-01-05_10,47.78135836963345,52,100,0,169.12427603586394,165.7895309294937,0.03502257874657535,0.0,9.6515,True,True,False,False,1188.8001962364801,0.0,107.86950491467165,220.61749984924322,0.0,2411.534433053931,3928.821634054326
2025-01-05T08:15:00Z,2025-01-05T08:30:00Z,2025-01-05,2025-01-05_10,47.78135836963345,52,100,0,165.7895309294937,161.66996315935415,0.03510751375785397,0.0,8.8665,True,True,False,False,1188.8001962364801,0.0,107.86950491467165,220.61749984924322,0.0,-43.716733703190016,1473.570467297205
2025-01-05T08:30:00Z,2025-01-05T08:45:00Z,2025-01-05,2025-01-05_10,47.78135836963345,52,100,0,161.66996315935415,163.18812150513202,0.03449738824371373,0.0,14.5055,True,True,False,False,1188.8001962364801,0.0,107.86950491467165,220.61749984924322,0.0,-0.6297991919435566,1516.6574018084514
2025-01-05T08:45:00Z,2025-01-05T09:00:00Z,2025-01-05,2025-01-05_10,47.78135836963345,52,100,0,163.18812150513202,171.44025826086937,0.03376862420744992,0.0,21.241,True,True,False,False,1188.8001962364801,0.0,107.86950491467165,220.61749984924322,0.0,13294.691048664294,14811.97824966469
2025-01-05T09:00:00Z,2025-01-05T09:15:00Z,2025-01-05,2025-01-05_11,100.0,0,100,0,171.44025826086937,170.1897147826085,0.003473731884057975,0.0,23.8495,True,True,False,False,2387.75,0.0,0.0,220.61749984924322,0.0,15109.697821463746,17718.065321312988
2025-01-05T09:15:00Z,2025-01-05T09:30:00Z,2025-01-05,2025-01-05_11,100.0,0,100,0,170.1897147826085,165.98536695652155,0.011678743961352654,0.0,21.132,True,True,False,False,2387.75,0.0,0.0,220.61749984924322,0.0,8272.314225411566,10880.681725260809
2025-01-05T09:30:00Z,2025-01-05T09:45:00Z,2025-01-05,2025-01-05_11,100.0,0,100,0,165.98536695652155,151.96797565217372,0.03893719806763286,0.0,12.104,True,True,False,False,2387.75,0.0,0.0,220.61749984924322,0.0,639.9239719391344,3248.2914717883777
2025-01-05T09:45:00Z,2025-01-05T10:00:00Z,2025-01-05,2025-01-05_11,100.0,0,100,0,151.96797565217372,150.90330173913023,0.0029574275362318917,0.0,24.0205,True,True,False,False,2387.75,0.0,0.0,220.61749984924322,0.0,16713.65983396651,19322.027333815753
2025-01-05T10:00:00Z,2025-01-05T10:15:00Z,2025-01-05,2025-01-05_12,0.0,100,100,0,150.90330173913023,167.53322173913023,0.04619422222222223,0.0,18.076,True,True,False,False,0.0,0.0,205.63227401555812,220.61749984924322,0.0,11054.955171762247,11481.204945627049
2025-01-05T10:15:00Z,2025-01-05T10:30:00Z,2025-01-05,2025-01-05_12,0.0,100,100,0,167.53322173913023,177.31374173913022,0.027168111111111115,0.0,10.631,True,True,False,False,0.0,0.0,205.63227401555812,220.61749984924322,0.0,-17.78137269090836,408.46840117389297
2025-01-05T10:30:00Z,2025-01-05T10:45:00Z,2025-01-05,2025-01-05_12,0.0,100,100,0,177.31374173913022,181.37922173913023,0.011293,0.0,4.419,True,True,False,False,0.0,0.0,205.63227401555812,220.61749984924322,0.0,-46.79259904721703,379.4571748175843
2025-01-05T10:45:00Z,2025-01-05T11:00:00Z,2025-01-05,2025-01-05_12,0.0,100,100,0,181.37922173913023,183.63819999999978,0.00631117149758454,0.006,2.4625,True,True,False,False,0.0,0.0,205.63227401555812,220.61749984924322,0.36181631791593805,-34.05545086333394,392.55613931938336
2025-01-05T11:00:00Z,2025-01-05T11:15:00Z,2025-01-05,2025-01-05_13,0.0,100,100,0,183.63819999999978,188.87207999999978,0.014538555555555556,0.0,5.689,True,True,False,False,0.0,0.0,205.63227401555812,220.61749984924322,0.0,-57.538387505276496,368.71138635952485
2025-01-05T11:15:00Z,2025-01-05T11:30:00Z,2025-01-05,2025-01-05_13,0.0,100,100,0,188.87207999999978,189.99309999999977,0.0031139444444444444,0.0,1.2185,True,True,False,False,0.0,0.0,205.63227401555812,220.61749984924322,0.0,-28.503431023739168,397.7463428410622
2025-01-05T11:30:00Z,2025-01-05T11:45:00Z,2025-01-05,2025-01-05_13,0.0,100,100,0,189.99309999999977,185.0706521739128,0.013711799516908213,4.535,0.0075,True,True,False,False,0.0,0.0,205.63227401555812,220.61749984924322,823.6272487889204,-0.4371947174817584,1249.43982793624
2025-01-05T11:45:00Z,2025-01-05T12:00:00Z,2025-01-05,2025-01-05_13,0.0,100,100,0,185.0706521739128,174.39836956521717,0.02964522946859903,9.8185,0.0,True,True,False,False,0.0,0.0,205.63227401555812,220.61749984924322,1831.6952617138036,0.0,2257.945035578605
2025-01-05T12:00:00Z,2025-01-05T12:15:00Z,2025-01-05,2025-01-05_14,-51.0,100,49,0,174.39836956521717,184.33312838260846,0.0328989677294686,1.7920000000000003,0.0,True,True,False,False,-1332.2475,0.0,205.63227401555812,108.10257492612917,254.9532348388913,0.0,-763.5594162194213
2025-01-05T12:15:00Z,2025-01-05T12:30:00Z,2025-01-05,2025-01-05_14,-51.0,100,49,0,184.33312838260846,189.8674425043476,0.03367264188405797,6.1845,0.0,True,True,False,False,-1332.2475,0.0,205.63227401555812,108.10257492612917,1164.281943858168,0.0,145.76929279985535
2025-01-05T12:30:00Z,2025-01-05T12:45:00Z,2025-01-05,2025-01-05_14,-51.0,100,49,0,189.8674425043476,184.5676964869563,0.03557745671497584,16.999,0.0,True,True,False,False,-1332.2475,0.0,205.63227401555812,108.10257492612917,4308.723193632032,0.0,3290.2105425737195
2025-01-05T12:45:00Z,2025-01-05T13:00:00Z,2025-01-05,2025-01-05_14,-51.0,100,49,0,184.5676964869563,172.67755196521716,0.03673616256038647,23.5775,0.0,True,True,False,False,-1332.2475,0.0,205.63227401555812,108.10257492612917,18965.932656937828,0.0,17947.420005879514
2025-01-05T13:00:00Z,2025-01-05T13:15:00Z,2025-01-05,2025-01-05_15,-52.98225711111163,100,47,0,172.67755196521716,178.52649600332143,0.034266276026396536,6.346499999999999,0.0,True,True,False,False,-1528.4056620127926,0.0,207.44135560513777,103.6902249291443,1282.7433691129468,0.0,65.46928763443623
2025-01-05T13:15:00Z,2025-01-05T13:30:00Z,2025-01-05,2025-01-05_15,-52.98225711111163,100,47,0,178.52649600332143,182.7743465932632,0.03437150864154492,7.95,0.0,True,True,False,False,-1528.4056620127926,0.0,207.44135560513777,103.6902249291443,1615.0202315624433,0.0,397.7461500839328
2025-01-05T13:30:00Z,2025-01-05T13:45:00Z,2025-01-05,2025-01-05_15,-52.98225711111163,100,47,0,182.7743465932632,184.69968807162033,0.03452415663832394,10.276,0.0,True,True,False,False,-1528.4056620127926,0.0,207.44135560513777,103.6902249291443,2108.355356690587,0.0,891.0812752120765
2025-01-05T13:45:00Z,2025-01-05T14:00:00Z,2025-01-05,2025-01-05_15,-52.98225711111163,100,47,0,184.69968807162033,189.1462399999995,0.034358448903213434,7.751000000000001,0.0,True,True,False,False,-1528.4056620127926,0.0,207.44135560513777,103.6902249291443,1553.1649144706428,0.0,335.89083299213223
2025-01-05T14:00:00Z,2025-01-05T14:15:00Z,2025-01-05,2025-01-05_16,0.0,100,100,0,189.1462399999995,189.65434782608645,0.0033317004830917874,0.318,0.928,True,True,False,False,0.0,0.0,207.44135560513777,220.61749984924322,43.46620032563469,-27.88364952059338,443.6414062594223
2025-01-05T14:15:00Z,2025-01-05T14:30:00Z,2025-01-05,2025-01-05_16,0.0,100,100,0,189.65434782608645,183.88123217391254,0.016095210144927534,5.321,0.0115,True,True,False,False,0.0,0.0,207.44135560513777,220.61749984924322,1098.2967977245773,-0.6711696717521961,1525.684483507206
2025-01-05T14:30:00Z,2025-01-05T14:45:00Z,2025-01-05,2025-01-05_16,0.0,100,100,0,183.88123217391254,169.81003652173862,0.03908665458937197,12.9455,0.0,True,True,False,False,0.0,0.0,207.44135560513777,220.61749984924322,2984.862949004,0.0,3412.921804458381
2025-01-05T14:45:00Z,2025-01-05T15:00:00Z,2025-01-05,2025-01-05_16,0.0,100,100,0,169.81003652173862,145.87253652173862,0.06649305555555556,22.0225,0.0,True,True,False,False,0.0,0.0,207.44135560513777,220.61749984924322,14215.895815996302,0.0,14643.954671450683
2025-01-05T15:00:00Z,2025-01-05T15:15:00Z,2025-01-05,2025-01-05_17,0.0,100,100,0,145.87253652173862,139.51818869565167,0.017650966183574878,5.846,0.0,True,True,False,False,0.0,0.0,207.44135560513777,220.10492673219562,1451.5398609017268,0.0,1879.0861432390602
2025-01-05T15:15:00Z,2025-01-05T15:30:00Z,2025-01-05,2025-01-05_17,0.0,100,100,0,139.51818869565167,125.7355799999995,0.03828502415458937,12.68,0.0,True,True,False,False,0.0,0.0,207.44135560513777,220.10492673219562,3575.1335062011294,0.0,4002.6797885384626
2025-01-05T15:30:00Z,2025-01-05T15:45:00Z,2025-01-05,2025-01-05_17,0.0,100,100,0,125.7355799999995,110.53177565217341,0.042232789855072464,13.9875,0.0,True,True,False,False,0.0,0.0,207.44135560513777,220.10492673219562,4276.0661068564195,0.0,4703.612389193753
2025-01-05T15:45:00Z,2025-01-05T16:00:00Z,2025-01-05,2025-01-05_17,0.0,100,100,0,110.53177565217341,93.26710173912993,0.04795742753623188,15.8835,0.0,True,True,False,False,0.0,0.0,207.44135560513777,220.10492673219562,4866.0710905746855,0.0,5293.617372912019
2025-01-05T16:00:00Z,2025-01-05T16:15:00Z,2025-01-05,2025-01-05_18,66.8729438857714,33,100,0,93.26710173912993,70.85245394408335,0.06226291054179604,3.90324,0.0,True,True,False,False,3095.8829371917873,0.0,68.45564734969547,220.10492673219562,1001.4714747391907,0.0,4385.914986012869
2025-01-05T16:15:00Z,2025-01-05T16:30:00Z,2025-01-05,2025-01-05_18,66.8729438857714,33,100,0,70.85245394408335,50.438789844688955,0.056704622498317786,2.062335,0.0,True,True,False,False,3095.8829371917873,0.0,68.45564734969547,220.10492673219562,428.51995795694387,0.0,3812.963469230622
2025-01-05T16:30:00Z,2025-01-05T16:45:00Z,2025-01-05,2025-01-05_18,66.8729438857714,33,100,0,50.438789844688955,31.979972611426955,0.05127618547526251,0.264825,0.001,True,True,False,False,3095.8829371917873,0.0,68.45564734969547,220.10492673219562,36.19791352590001,-0.06010171058714748,3420.581323088991
2025-01-05T16:45:00Z,2025-01-05T17:00:00Z,2025-01-05,2025-01-05_18,66.8729438857714,33,100,0,31.979972611426955,13.835598260868874,0.05050347608173456,0.032010000000000004,0.0605,True,True,False,False,3095.8829371917873,0.0,68.45564734969547,220.10492673219562,4.375324127118133,-3.607210195179803,3385.2116252056167
2025-01-05T17:00:00Z,2025-01-05T17:15:00Z,2025-01-05,2025-01-05_19,0.0,100,100,0,13.835598260868874,14.298213913042787,0.0017228454106280194,0.0725,0.5885,True,True,False,False,0.0,0.0,207.44135560513777,220.10492673219562,9.909746929586523,-21.873831333293133,415.5821979336268
2025-01-05T17:15:00Z,2025-01-05T17:30:00Z,2025-01-05,2025-01-05_19,0.0,100,100,0,14.298213913042787,16.435833913042785,0.005937833333333333,0.0,2.3235,True,True,False,False,0.0,0.0,207.44135560513777,220.10492673219562,0.0,-55.90663540975699,371.6396469275764
2025-01-05T17:30:00Z,2025-01-05T17:45:00Z,2025-01-05,2025-01-05_19,0.0,100,100,0,16.435833913042785,22.917233913042786,0.01800388888888889,0.0,7.045,True,True,False,False,0.0,0.0,207.44135560513777,220.10492673219562,0.0,-24.65587147480352,402.89041086252985
2025-01-05T17:45:00Z,2025-01-05T18:00:00Z,2025-01-05,2025-01-05_19,0.0,100,100,0,22.917233913042786,33.49861391304279,0.029392722222222226,0.0,11.5015,True,True,False,False,0.0,0.0,207.44135560513777,220.10492673219562,0.0,-14.941846971798428,412.604435365535
2025-01-05T18:00:00Z,2025-01-05T18:15:00Z,2025-01-05,2025-01-05_20,0.0,100,100,0,33.49861391304279,22.42207217391236,0.03565694927536232,11.0,0.9565,True,True,False,False,0.0,0.0,207.44135560513777,220.61749984924322,2804.4129530241817,-19.579515970170256,3212.8922925083925
2025-01-05T18:15:00Z,2025-01-05T18:30:00Z,2025-01-05,2025-01-05_20,0.0,100,100,0,22.42207217391236,16.322615652173226,0.016942934782608696,5.6115,0.0,True,True,False,False,0.0,0.0,207.44135560513777,220.61749984924322,1164.4113471627572,0.0,1592.4702026171383
2025-01-05T18:30:00Z,2025-01-05T18:45:00Z,2025-01-05,2025-01-05_20,0.0,100,100,0,16.322615652173226,17.777028695651488,0.004393297101449276,0.0585,1.6500000000000001,True,True,False,False,0.0,0.0,207.44135560513777,220.61749984924322,3.5277090996803957,-30.386480130253876,401.2000844238075
2025-01-05T18:45:00Z,2025-01-05T19:00:00Z,2025-01-05,2025-01-05_20,0.0,100,100,0,17.777028695651488,26.099348695651486,0.023117555555555554,0.0,9.046,True,True,False,False,0.0,0.0,207.44135560513777,220.61749984924322,0.0,-39.06314056563951,388.9957148887415
2025-01-05T19:00:00Z,2025-01-05T19:15:00Z,2025-01-05,2025-01-05_21,0.0,100,100,0,26.099348695651486,18.353436521738445,0.022139978260869563,7.2295,0.122,True,True,False,False,0.0,0.0,207.44135560513777,220.61749984924322,1637.726104745824,-3.4453002070393373,2062.3396599931657
2025-01-05T19:15:00Z,2025-01-05T19:30:00Z,2025-01-05,2025-01-05_21,0.0,100,100,0,18.353436521738445,16.881986956521054,0.005625804347826088,1.6085000000000003,0.301,True,True,False,False,0.0,0.0,207.44135560513777,220.61749984924322,283.06612494723515,-12.548775854791051,698.5762045468251
2025-01-05T19:30:00Z,2025-01-05T19:45:00Z,2025-01-05,2025-01-05_21,0.0,100,100,0,16.881986956521054,18.076146956521054,0.0033171111111111114,0.0,1.298,True,True,False,False,0.0,0.0,207.44135560513777,220.61749984924322,0.0,-32.25601358821283,395.80284186616814
2025-01-05T19:45:00Z,2025-01-05T20:00:00Z,2025-01-05,2025-01-05_21,0.0,100,100,0,18.076146956521054,24.476126956521053,0.017777722222222223,0.0,6.9565,True,True,False,False,0.0,0.0,207.44135560513777,220.61749984924322,0.0,-24.671950390962632,403.38690506341834
2025-01-05T20:00:00Z,2025-01-05T20:15:00Z,2025-01-05,2025-01-05_22,0.0,100,100,0,24.476126956521053,12.650179999999313,0.03312840821256039,10.926,0.0545,True,True,False,False,0.0,0.0,207.44135560513777,220.61749984924322,2557.493089308328,-1.3256528774447727,2984.226291885264
2025-01-05T20:15:00Z,2025-01-05T20:30:00Z,2025-01-05,2025-01-05_22,0.0,100,100,0,12.650179999999313,9.999999999999313,0.007916166666666665,2.53,0.1085,True,True,False,False,0.0,0.0,207.44135560513777,220.61749984924322,449.878640776699,-4.434260588152526,873.5032356429275
2025-01-05T20:30:00Z,2025-01-05T20:45:00Z,2025-01-05,2025-01-05_22,0.0,100,100,0,9.999999999999313,10.079333043477574,0.00029585265700483095,0.0125,0.101,True,True,False,False,0.0,0.0,207.44135560513777,220.61749984924322,1.7085770568252627,-5.842322860761021,423.9251096504452
2025-01-05T20:45:00Z,2025-01-05T21:00:00Z,2025-01-05,2025-01-05_22,0.0,100,100,0,10.079333043477574,12.283375652173225,0.00641521497584541,0.0485,2.453,True,True,False,False,0.0,0.0,207.44135560513777,220.61749984924322,6.629278980482019,-51.780296086353495,382.90783834850953
2025-01-05T21:00:00Z,2025-01-05T21:15:00Z,2025-01-05,2025-01-05_23,-91.00000000000001,100,9,0,12.283375652173225,11.84148438260801,0.011194806859903374,22.857,0.0,True,True,False,False,-2456.5450000000005,0.0,207.44135560513777,19.855574986431886,23109.162573720074,0.0,20879.914504311644
2025-01-05T21:15:00Z,2025-01-05T21:30:00Z,2025-01-05,2025-01-05_23,-91.00000000000001,100,9,0,11.84148438260801,17.70821412173845,0.025051906280193235,16.11,0.0,True,True,False,False,-2456.5450000000005,0.0,207.44135560513777,19.855574986431886,4532.625845745643,0.0,2303.3777763372123
2025-01-05T21:30:00Z,2025-01-05T21:45:00Z,2025-01-05,2025-01-05_23,-91.00000000000001,100,9,0,17.70821412173845,28.820907721738454,0.036574843333333336,10.4995,0.0,True,True,False,False,-2456.5450000000005,0.0,207.44135560513777,19.855574986431886,2083.45713592233,0.0,-145.7909334861008
2025-01-05T21:45:00Z,2025-01-05T22:00:00Z,2025-01-05,2025-01-05_23,-91.00000000000001,100,9,0,28.820907721738454,46.728903408694975,0.05150095420289856,3.232,0.0,True,True,False,False,-2456.5450000000005,0.0,207.44135560513777,19.855574986431886,452.10969305915705,0.0,-1777.1383763492738
2025-01-05T22:00:00Z,2025-01-05T22:15:00Z,2025-01-06,2025-01-05_24,-30.0,100,70,0,46.728903408694975,38.43513523478193,0.038902878260869564,14.6535,0.0,True,True,False,False,-555.6,0.0,206.02424169330038,153.46137610806247,2719.0756428269915,0.0,2522.9612606283545
2025-01-05T22:15:00Z,2025-01-05T22:30:00Z,2025-01-06,2025-01-05_24,-30.0,100,70,0,38.43513523478193,37.73384445217324,0.02904049661835749,7.331,0.0,True,True,False,False,-555.6,0.0,206.02424169330038,153.46137610806247,1188.2780455888562,0.0,992.1636633902191
2025-01-05T22:30:00Z,2025-01-05T22:45:00Z,2025-01-06,2025-01-05_24,-30.0,100,70,0,37.73384445217324,44.834222452173236,0.022396883333333333,0.6325,0.93065,True,True,False,False,-555.6,0.0,206.02424169330038,153.46137610806247,86.45399907535828,-19.995066413395243,-129.65544953667413
2025-01-05T22:45:00Z,2025-01-05T23:00:00Z,2025-01-06,2025-01-05_24,-30.0,100,70,0,44.834222452173236,54.754904452173236,0.027557450000000004,0.0,3.28335,True,True,False,False,-555.6,0.0,206.02424169330038,153.46137610806247,0.0,-67.36645652173912,-263.4808387203763
2025-01-05T23:00:00Z,2025-01-05T23:15:00Z,2025-01-06,2025-01-06_1,0.0,100,100,0,54.754904452173236,49.94075662608628,0.014637632850241543,4.6385,0.24749999999999997,True,True,False,False,0.0,0.0,206.02424169330038,219.2305372972321,888.1316342037027,-8.777944280287041,1304.6084689139482
2025-01-05T23:15:00Z,2025-01-05T23:30:00Z,2025-01-06,2025-01-06_1,0.0,100,100,0,49.94075662608628,44.34293053912975,0.01554951690821256,5.15,0.0,True,True,False,False,0.0,0.0,206.02424169330038,219.2305372972321,949.6480331262941,0.0,1374.9028121168267
2025-01-05T23:30:00Z,2025-01-05T23:45:00Z,2025-01-06,2025-01-06_1,0.0,100,100,0,44.34293053912975,37.59619140869497,0.018740942028985505,6.207,0.0,True,True,False,False,0.0,0.0,206.02424169330038,219.2305372972321,1209.5471567267684,0.0,1634.801935717301
2025-01-05T23:45:00Z,2025-01-06T00:00:00Z,2025-01-06,2025-01-06_1,0.0,100,100,0,37.59619140869497,34.62336532173845,0.008257850241545893,2.735,0.0,True,True,False,False,0.0,0.0,206.02424169330038,219.2305372972321,408.17850509557985,0.0,833.4332840861123
2025-01-06T00:00:00Z,2025-01-06T00:15:00Z,2025-01-06,2025-01-06_2,0.0,100,100,0,34.62336532173845,27.09836532173845,0.020902777777777777,6.923,0.0,True,True,False,False,0.0,0.0,206.53681481034795,219.2305372972321,1270.3188025889967,0.0,1696.0861546965768
2025-01-06T00:15:00Z,2025-01-06T00:30:00Z,2025-01-06,2025-01-06_2,0.0,100,100,0,27.09836532173845,16.214669669564536,0.030232487922705314,10.013,0.0,True,True,False,False,0.0,0.0,206.53681481034795,219.2305372972321,1854.3120368248608,0.0,2280.079388932441
2025-01-06T00:30:00Z,2025-01-06T00:45:00Z,2025-01-06,2025-01-06_2,0.0,100,100,0,16.214669669564536,12.204887060868884,0.011138285024154588,3.689,0.0,True,True,False,False,0.0,0.0,206.53681481034795,219.2305372972321,574.862307584072,0.0,1000.629659691652
2025-01-06T00:45:00Z,2025-01-06T01:00:00Z,2025-01-06,2025-01-06_2,0.0,100,100,0,12.204887060868884,10.780430539129753,0.003956823671497584,1.3105,0.0,True,True,False,False,0.0,0.0,206.53681481034795,219.2305372972321,179.12721863756053,0.0,604.8945707451405
2025-01-06T01:00:00Z,2025-01-06T01:15:00Z,2025-01-06,2025-01-06_3,-100.0,100,0,0,10.780430539129753,31.803350539129752,0.058397,2.149,0.0,True,True,False,False,-1857.9999999999998,0.0,206.53681481034795,0.0,293.9316575207542,0.0,-1357.5315276688975
2025-01-06T01:15:00Z,2025-01-06T01:30:00Z,2025-01-06,2025-01-06_3,-100.0,100,0,0,31.803350539129752,51.67765053912976,0.055206388888888895,3.3975,0.0,True,True,False,False,-1857.9999999999998,0.0,206.53681481034795,0.0,478.49849393957675,0.0,-1172.964691250075
2025-01-06T01:30:00Z,2025-01-06T01:45:00Z,2025-01-06,2025-01-06_3,-100.0,100,0,0,51.67765053912976,69.14799053912975,0.04852872222222222,6.0105,0.0,True,True,False,False,-1857.9999999999998,0.0,206.53681481034795,0.0,970.8511804257373,0.0,-680.6120047639145
2025-01-06T01:45:00Z,2025-01-06T02:00:00Z,2025-01-06,2025-01-06_3,-100.0,100,0,0,69.14799053912975,88.59863053912974,0.05402955555555555,3.8580000000000005,0.0,True,True,False,False,-1857.9999999999998,0.0,206.53681481034795,0.0,562.1765711873607,0.0,-1089.2866140022911
2025-01-06T02:00:00Z,2025-01-06T02:15:00Z,2025-01-06,2025-01-06_4,-57.71875733919246,100,42,0,88.59863053912974,98.81846588667833,0.03626382360957098,3.0845,0.0,True,True,False,False,-1053.9445090136544,0.0,206.53681481034795,92.07682566483749,458.05280709159985,0.0,-297.2780614468691
2025-01-06T02:15:00Z,2025-01-06T02:30:00Z,2025-01-06,2025-01-06_4,-57.71875733919246,100,42,0,98.81846588667833,107.34290423780705,0.035924215214562474,4.796,0.0,True,True,False,False,-1053.9445090136544,0.0,206.53681481034795,92.07682566483749,746.3140541518424,0.0,-9.016814386626606
2025-01-06T02:30:00Z,2025-01-06T02:45:00Z,2025-01-06,2025-01-06_4,-57.71875733919246,100,42,0,107.34290423780705,118.9451097334736,0.036540728964659715,1.6890000000000003,0.0,True,True,False,False,-1053.9445090136544,0.0,206.53681481034795,92.07682566483749,228.58349996984867,0.0,-526.7473685686202
2025-01-06T02:45:00Z,2025-01-06T03:00:00Z,2025-01-06,2025-01-06_4,-57.71875733919246,100,42,0,118.9451097334736,133.15181999999993,0.03951542498398295,0.0205,1.03446,True,True,False,False,-1053.9445090136544,0.0,206.53681481034795,92.07682566483749,2.4682908199159783,-6.009969523005487,-758.8725472415584
2025-01-06T03:00:00Z,2025-01-06T03:15:00Z,2025-01-06,2025-01-06_5,0.0,100,100,0,133.15181999999993,143.67339999999993,0.029226611111111113,0.0,11.4365,True,True,False,False,0.0,0.0,206.53681481034795,212.3560272568293,0.0,-0.3080445838107299,418.5847974833665
2025-01-06T03:15:00Z,2025-01-06T03:30:00Z,2025-01-06,2025-01-06_5,0.0,100,100,0,143.67339999999993,154.65911999999992,0.03051588888888889,0.0,11.941,True,True,False,False,0.0,0.0,206.53681481034795,212.3560272568293,0.0,-0.95529920199401,417.9375428651832
2025-01-06T03:30:00Z,2025-01-06T03:45:00Z,2025-01-06,2025-01-06_5,0.0,100,100,0,154.65911999999992,163.2155799999999,0.023767944444444442,0.0,9.3005,True,True,False,False,0.0,0.0,206.53681481034795,212.3560272568293,0.0,-2.002218235542423,416.8906238316348
2025-01-06T03:45:00Z,2025-01-06T04:00:00Z,2025-01-06,2025-01-06_5,0.0,100,100,0,163.2155799999999,174.2307399999999,0.030597666666666672,0.0,11.973,True,True,False,False,0.0,0.0,206.53681481034795,212.3560272568293,0.0,-0.0,418.89284206717724
2025-01-06T04:00:00Z,2025-01-06T04:15:00Z,2025-01-06,2025-01-06_6,0.0,100,100,0,174.2307399999999,181.4375599999999,0.020018944444444447,0.0,7.8335,True,True,False,False,0.0,0.0,208.04438280166437,219.2305372972321,0.0,-17.83711994210939,409.4378001567871
2025-01-06T04:15:00Z,2025-01-06T04:30:00Z,2025-01-06,2025-01-06_6,0.0,100,100,0,181.4375599999999,189.2354799999999,0.021660888888888893,0.0,8.476,True,True,False,False,0.0,0.0,208.04438280166437,219.2305372972321,0.0,-12.359023095941629,414.91589700295486
2025-01-06T04:30:00Z,2025-01-06T04:45:00Z,2025-01-06,2025-01-06_6,0.0,100,100,0,189.2354799999999,189.93456078083398,0.002305442275460909,0.060204081632653055,0.831,True,True,False,False,0.0,0.0,208.04438280166437,219.2305372972321,5.3452012777613,-18.906089368630525,413.71403200802723
2025-01-06T04:45:00Z,2025-01-06T05:00:00Z,2025-01-06,2025-01-06_6,0.0,100,100,0,189.93456078083398,187.8877690860691,0.0057570880410135064,1.8948979591836734,0.014000000000000002,True,True,False,False,0.0,0.0,208.04438280166437,219.2305372972321,266.48818928162234,-0.7477529196566767,693.0153564608621
2025-01-06T05:00:00Z,2025-01-06T05:15:00Z,2025-01-06,2025-01-06_7,0.0,100,100,0,187.8877690860691,187.72411256433,0.0007229347826086957,0.195,0.0525,True,True,False,False,0.0,0.0,208.04438280166437,219.2305372972321,19.60943737562564,-1.9441642043056144,444.9401932702165
2025-01-06T05:15:00Z,2025-01-06T05:30:00Z,2025-01-06,2025-01-06_7,0.0,100,100,0,187.72411256433,185.94035082519957,0.00528967149758454,1.6964999999999997,0.0655,True,True,False,False,0.0,0.0,208.04438280166437,219.2305372972321,289.040646143641,-2.7636684154455367,713.5518978270919
2025-01-06T05:30:00Z,2025-01-06T05:45:00Z,2025-01-06,2025-01-06_7,0.0,100,100,0,185.94035082519957,179.04415517302567,0.019156099033816425,6.3445,0.0,True,True,False,False,0.0,0.0,208.04438280166437,219.2305372972321,1280.088224587429,0.0,1707.3631446863255
2025-01-06T05:45:00Z,2025-01-06T06:00:00Z,2025-01-06,2025-01-06_7,0.0,100,100,0,179.04415517302567,178.82661082519957,0.0008751787439613526,0.245,0.053,True,True,False,False,0.0,0.0,208.04438280166437,219.2305372972321,33.48811031377515,-2.8925158294639086,457.8705145832077
2025-01-06T06:00:00Z,2025-01-06T06:15:00Z,2025-01-06,2025-01-06_8,67.93845629123469,32,100,0,178.82661082519957,161.7379824671303,0.04964542654751059,0.0,1.3285,True,True,False,False,2267.785671001414,0.0,66.57420249653259,218.8084182596635,0.0,-36.116966471687874,2517.0513252859223
2025-01-06T06:15:00Z,2025-01-06T06:30:00Z,2025-01-06,2025-01-06_8,67.93845629123469,32,100,0,161.7379824671303,144.96609969406822,0.04926783959443494,0.0,1.635,True,True,False,False,2267.785671001414,0.0,66.57420249653259,218.8084182596635,0.0,-42.55357896641138,2510.6147127911986
2025-01-06T06:30:00Z,2025-01-06T06:45:00Z,2025-01-06,2025-01-06_8,67.93845629123469,32,100,0,144.96609969406822,127.04142834000933,0.05064205899461729,0.0,0.5195,True,True,False,False,2267.785671001414,0.0,66.57420249653259,218.8084182596635,0.0,-21.550755090554585,2531.6175366670554
2025-01-06T06:45:00Z,2025-01-06T07:00:00Z,2025-01-06,2025-01-06_8,67.93845629123469,32,100,0,127.04142834000933,107.6233695652173,0.053939052152200094,0.88,0.0,True,True,False,False,2267.785671001414,0.0,66.57420249653259,218.8084182596635,134.57354318679774,0.0,2687.741834944408
2025-01-06T07:00:00Z,2025-01-06T07:15:00Z,2025-01-06,2025-01-06_9,0.0,100,100,0,107.6233695652173,104.37173913043469,0.009032306763285022,2.9915,0.0,True,True,False,False,0.0,0.0,208.04438280166437,218.8084182596635,463.2083602685481,0.0,890.061161329876
2025-01-06T07:15:00Z,2025-01-06T07:30:00Z,2025-01-06,2025-01-06_9,0.0,100,100,0,104.37173913043469,100.28423913043468,0.011354166666666665,3.7605,0.0,True,True,False,False,0.0,0.0,208.04438280166437,218.8084182596635,702.5957073509015,0.0,1129.4485084122293
2025-01-06T07:30:00Z,2025-01-06T07:45:00Z,2025-01-06,2025-01-06_9,0.0,100,100,0,100.28423913043468,93.5624999999999,0.018671497584541064,6.184,0.0,True,True,False,False,0.0,0.0,208.04438280166437,218.8084182596635,1202.0085517296832,0.0,1628.861352791011
2025-01-06T07:45:00Z,2025-01-06T08:00:00Z,2025-01-06,2025-01-06_9,0.0,100,100,0,93.5624999999999,84.2766304347825,0.02579408212560386,8.543,0.0,True,True,False,False,0.0,0.0,208.04438280166437,218.8084182596635,1796.2915793282277,0.0,2223.1443803895554
2025-01-06T08:00:00Z,2025-01-06T08:15:00Z,2025-01-06,2025-01-06_10,0.0,100,100,0,84.2766304347825,65.89673913043468,0.051055253623188405,16.9095,0.0,True,True,False,False,0.0,0.0,208.04438280166437,219.2305372972321,3444.8827805584037,0.0,3872.1577006573
2025-01-06T08:15:00Z,2025-01-06T08:30:00Z,2025-01-06,2025-01-06_10,0.0,100,100,0,65.89673913043468,42.239673913043376,0.06571407004830919,21.7645,0.0,True,True,False,False,0.0,0.0,208.04438280166437,219.2305372972321,4724.321392490301,0.0,5151.596312589198
2025-01-06T08:30:00Z,2025-01-06T08:45:00Z,2025-01-06,2025-01-06_10,0.0,100,100,0,42.239673913043376,29.895108695652073,0.034290458937198065,11.357,0.0,True,True,False,False,0.0,0.0,208.04438280166437,219.2305372972321,2306.0035912279645,0.0,2733.278511326861
2025-01-06T08:45:00Z,2025-01-06T09:00:00Z,2025-01-06,2025-01-06_10,0.0,100,100,0,29.895108695652073,22.309239130434683,0.021071859903381642,6.979,0.0,True,True,False,False,0.0,0.0,208.04438280166437,219.2305372972321,1403.7190446039117,0.0,1830.9939647028082
2025-01-06T09:00:00Z,2025-01-06T09:15:00Z,2025-01-06,2025-01-06_11,0.0,100,100,0,22.309239130434683,12.316304347825987,0.027758152173913045,9.1935,0.0,True,True,False,False,0.0,0.0,206.53681481034795,219.2305372972321,1700.7337447988905,0.0,2126.5010969064706
2025-01-06T09:15:00Z,2025-01-06T09:30:00Z,2025-01-06,2025-01-06_11,0.0,100,100,0,12.316304347825987,9.9999999999999,0.006434178743961352,2.131,0.0,True,True,False,False,0.0,0.0,206.53681481034795,219.2305372972321,291.2782166475708,0.0,717.0455687551508
2025-01-06T09:30:00Z,2025-01-06T09:45:00Z,2025-01-06,2025-01-06_11,0.0,100,100,0,9.9999999999999,10.67542347826077,0.00222037922705314,0.056999999999999995,0.8015,True,True,False,False,0.0,0.0,206.53681481034795,219.2305372972321,7.791111379123198,-27.016812297734628,406.5416511889686
2025-01-06T09:45:00Z,2025-01-06T10:00:00Z,2025-01-06,2025-01-06_11,0.0,100,100,0,10.67542347826077,11.75412347826077,0.0029963888888888896,0.0,1.1725,True,True,False,False,0.0,0.0,206.53681481034795,219.2305372972321,0.0,-34.0239235964542,391.74342851112584
2025-01-06T10:00:00Z,2025-01-06T10:15:00Z,2025-01-06,2025-01-06_12,-100.0,100,0,0,11.75412347826077,34.73112347826077,0.06382499999999999,0.025,0.0,True,True,False,False,-1866.0,0.0,206.53681481034795,0.0,3.4171541136505255,0.0,-1656.0460310760016
2025-01-06T10:15:00Z,2025-01-06T10:30:00Z,2025-01-06,2025-01-06_12,-100.0,100,0,0,34.73112347826077,57.72560347826077,0.06387355555555556,0.006,0.0,True,True,False,False,-1866.0,0.0,206.53681481034795,0.0,0.8201169872761261,0.0,-1658.6430682023758
2025-01-06T10:30:00Z,2025-01-06T10:45:00Z,2025-01-06,2025-01-06_12,-100.0,100,0,0,57.72560347826077,80.26514347826077,0.06260983333333334,0.5005,0.0,True,True,False,False,-1866.0,0.0,206.53681481034795,0.0,68.41142535528351,0.0,-1591.0517598343686
2025-01-06T10:45:00Z,2025-01-06T11:00:00Z,2025-01-06,2025-01-06_12,-100.0,100,0,0,80.26514347826077,103.15796347826077,0.06359116666666666,0.1165,0.0,True,True,False,False,-1866.0,0.0,206.53681481034795,0.0,14.625411264548031,0.0,-1644.837773925104
2025-01-06T11:00:00Z,2025-01-06T11:15:00Z,2025-01-06,2025-01-06_13,-76.0,100,24,0,103.15796347826077,121.66059867826077,0.05139620888888889,0.0,1.11156,True,True,False,False,-1520.95,0.0,206.53681481034795,52.6153289513357,0.0,-15.922998130615694,-1277.7208543689321
2025-01-06T11:15:00Z,2025-01-06T11:30:00Z,2025-01-06,2025-01-06_13,-76.0,100,24,0,121.66059867826077,139.3737536695651,0.04920755613526571,0.003,0.25656,True,True,False,False,-1520.95,0.0,206.53681481034795,52.6153289513357,0.18090815895796902,-6.4606974371344155,-1268.0776455164928
2025-01-06T11:30:00Z,2025-01-06T11:45:00Z,2025-01-06,2025-01-06_13,-76.0,100,24,0,139.3737536695651,156.82078340869555,0.048544406280193235,0.05550000000000001,0.022080000000000002,True,True,False,False,-1520.95,0.0,206.53681481034795,52.6153289513357,4.5689410842429,-1.0169431345353677,-1258.2458582886088
2025-01-06T11:45:00Z,2025-01-06T12:00:00Z,2025-01-06,2025-01-06_13,-76.0,100,24,0,156.82078340869555,171.092782921739,0.044487921352657,3.3419999999999996,0.0006000000000000001,True,True,False,False,-1520.95,0.0,206.53681481034795,52.6153289513357,526.2885859012241,-0.019176264849544718,-735.5284466019418
2025-01-06T12:00:00Z,2025-01-06T12:15:00Z,2025-01-06,2025-01-06_14,0.0,100,100,0,171.092782921739,172.088682921739,0.002766388888888889,0.0,1.0825,True,True,False,False,0.0,0.0,206.53681481034795,219.2305372972321,0.0,-24.943259663510823,400.8240924440692
2025-01-06T12:15:00Z,2025-01-06T12:30:00Z,2025-01-06,2025-01-06_14,0.0,100,100,0,172.088682921739,176.406242921739,0.011993222222222221,0.0,4.693,True,True,False,False,0.0,0.0,206.53681481034795,219.2305372972321,0.0,-44.91597861263542,380.85137349494465
2025-01-06T12:30:00Z,2025-01-06T12:45:00Z,2025-01-06,2025-01-06_14,0.0,100,100,0,176.406242921739,176.64237944347812,0.0020478429951690824,0.2305,0.529,True,True,False,False,0.0,0.0,206.53681481034795,219.2305372972321,31.506160927857845,-12.314835876098014,444.95867715933986
2025-01-06T12:45:00Z,2025-01-06T13:00:00Z,2025-01-06,2025-01-06_14,0.0,100,100,0,176.64237944347812,179.26391944347813,0.0072820555555555555,0.0,2.8495,True,True,False,False,0.0,0.0,206.53681481034795,219.2305372972321,0.0,-56.75917154113651,369.00818056644357
2025-01-06T13:00:00Z,2025-01-06T13:15:00Z,2025-01-06,2025-01-06_15,1.6894653246859652,98,100,0,179.26391944347813,186.5938934918397,0.022050453337486113,0.0,8.4405,True,True,False,False,49.22679589803731,0.0,203.88349514563106,219.2305372972321,0.0,-35.00120906952903,437.3396192713714
2025-01-06T13:15:00Z,2025-01-06T13:30:00Z,2025-01-06,2025-01-06_15,1.6894653246859652,98,100,0,186.5938934918397,187.43459257088537,0.004742100171704624,0.0,1.4085,True,True,False,False,49.22679589803731,0.0,203.88349514563106,219.2305372972321,0.0,-35.76557739854068,436.5752509423598
2025-01-06T13:30:00Z,2025-01-06T13:45:00Z,2025-01-06,2025-01-06_15,1.6894653246859652,98,100,0,187.43459257088537,189.30562093082426,0.007490219669656135,0.0,2.525,True,True,False,False,49.22679589803731,0.0,203.88349514563106,219.2305372972321,0.0,-41.27531709180083,431.06551124909964
2025-01-06T13:45:00Z,2025-01-06T14:00:00Z,2025-01-06,2025-01-06_15,1.6894653246859652,98,100,0,189.30562093082426,188.22228487929533,0.0033484381544324534,0.6316099999999999,0.0675,True,True,False,False,49.22679589803731,0.0,203.88349514563106,219.2305372972321,86.33234838891232,-3.340672676837726,555.3325040529751
2025-01-06T14:00:00Z,2025-01-06T14:15:00Z,2025-01-06,2025-01-06_16,41.85951423968435,58,100,0,188.22228487929533,180.13730695199425,0.032334467135306084,0.0,3.3235,True,True,False,False,1447.7112999794833,0.0,120.66574202496533,219.2305372972321,0.0,-57.95565649560796,1729.651922806073
2025-01-06T14:15:00Z,2025-01-06T14:30:00Z,2025-01-06,2025-01-06_16,41.85951423968435,58,100,0,180.13730695199425,176.09354347375086,0.03324052980276637,0.0,7.406,True,True,False,False,1447.7112999794833,0.0,120.66574202496533,219.2305372972321,0.0,-24.97398058252427,1762.6335987191565
2025-01-06T14:30:00Z,2025-01-06T14:45:00Z,2025-01-06,2025-01-06_16,41.85951423968435,58,100,0,176.09354347375086,171.87654973743398,0.03320169061922552,0.0,7.231,True,True,False,False,1447.7112999794833,0.0,120.66574202496533,219.2305372972321,0.0,-33.4609441395807,1754.1466351621
2025-01-06T14:45:00Z,2025-01-06T15:00:00Z,2025-01-06,2025-01-06_16,41.85951423968435,58,100,0,171.87654973743398,170.3763013913042,0.03381079998624199,0.0,9.9755,True,True,False,False,1447.7112999794833,0.0,120.66574202496533,219.2305372972321,0.0,1.2652597037126376,1788.8728390053934
2025-01-06T15:00:00Z,2025-01-06T15:15:00Z,2025-01-06,2025-01-06_17,3.0,97,100,0,170.3763013913042,186.98547279999985,0.0472530727536232,0.0,18.837,True,True,False,False,115.8825,0.0,201.80305131761443,218.8084182596635,0.0,725.358349514563,1261.8523190918409
2025-01-06T15:15:00Z,2025-01-06T15:30:00Z,2025-01-06,2025-01-06_17,3.0,97,100,0,186.98547279999985,189.2917717391303,0.01034098739130435,0.0029100000000000003,3.3780000000000006,True,True,False,False,115.8825,0.0,201.80305131761443,218.8084182596635,0.17548091418922995,-44.39494180787555,492.27450868359165
2025-01-06T15:30:00Z,2025-01-06T15:45:00Z,2025-01-06,2025-01-06_17,3.0,97,100,0,189.2917717391303,185.2207282608694,0.011308454106280192,2.9953600000000002,0.0,True,True,False,False,115.8825,0.0,201.80305131761443,218.8084182596635,542.9856917887797,0.0,1079.4796613660576
2025-01-06T15:45:00Z,2025-01-06T16:00:00Z,2025-01-06,2025-01-06_17,3.0,97,100,0,185.2207282608694,180.77342176521722,0.012368502487922702,3.3440749999999997,0.003,True,True,False,False,115.8825,0.0,201.80305131761443,218.8084182596635,609.1823903897565,-0.17487788699270337,1145.5014820800418
2025-01-06T16:00:00Z,2025-01-06T16:15:00Z,2025-01-06,2025-01-06_18,100.0,0,100,0,180.77342176521722,153.59950872173897,0.07548309178743962,0.0,0.0,True,True,False,False,4192.0,0.0,0.0,218.8084182596635,0.0,0.0,4410.808418259663
2025-01-06T16:15:00Z,2025-01-06T16:30:00Z,2025-01-06,2025-01-06_18,100.0,0,100,0,153.59950872173897,126.7277695913042,0.07464371980676328,0.0,0.278,True,True,False,False,4192.0,0.0,0.0,218.8084182596635,0.0,-8.016451787975639,4402.791966471688
2025-01-06T16:30:00Z,2025-01-06T16:45:00Z,2025-01-06,2025-01-06_18,100.0,0,100,0,126.7277695913042,101.63700872173898,0.06969655797101448,0.0,1.9165,True,True,False,False,4192.0,0.0,0.0,218.8084182596635,0.0,-41.09559398178858,4369.712824277875
2025-01-06T16:45:00Z,2025-01-06T17:00:00Z,2025-01-06,2025-01-06_18,100.0,0,100,0,101.63700872173898,74.75929133043462,0.07466032608695651,0.0,0.2725,True,True,False,False,4192.0,0.0,0.0,218.8084182596635,0.0,-11.691498321574304,4399.116919938089
2025-01-06T17:00:00Z,2025-01-06T17:15:00Z,2025-01-06,2025-01-06_19,0.0,100,100,0,74.75929133043462,80.10541133043462,0.014850333333333333,0.0,5.811,True,True,False,False,0.0,0.0,208.04438280166437,218.8084182596635,0.0,-83.24556232286076,343.6072387384671
2025-01-06T17:15:00Z,2025-01-06T17:30:00Z,2025-01-06,2025-01-06_19,0.0,100,100,0,80.10541133043462,83.79599133043462,0.010251611111111112,0.0,4.0115,True,True,False,False,0.0,0.0,208.04438280166437,218.8084182596635,0.0,-76.75786608776056,350.0949349735673
2025-01-06T17:30:00Z,2025-01-06T17:45:00Z,2025-01-06,2025-01-06_19,0.0,100,100,0,83.79599133043462,85.95063133043462,0.005985111111111111,0.0,2.342,True,True,False,False,0.0,0.0,208.04438280166437,218.8084182596635,0.0,-50.25679953365898,376.59600152766893
2025-01-06T17:45:00Z,2025-01-06T18:00:00Z,2025-01-06,2025-01-06_19,0.0,100,100,0,85.95063133043462,87.72255133043461,0.004922,0.0,1.926,True,True,False,False,0.0,0.0,208.04438280166437,218.8084182596635,0.0,-42.895495386841944,383.95730567448595
2025-01-06T18:00:00Z,2025-01-06T18:15:00Z,2025-01-06,2025-01-06_20,70.43810620458737,29,100,0,87.72255133043461,69.54395924551413,0.05189975353528263,0.0015949999999999998,0.9289999999999999,True,True,False,False,2699.540420290811,0.0,60.33287101248266,219.2305372972321,0.09618283784598684,-22.34556011176104,2956.854451326611
2025-01-06T18:15:00Z,2025-01-06T18:30:00Z,2025-01-06,2025-01-06_20,70.43810620458737,29,100,0,69.54395924551413,63.283948480192436,0.03614574332645763,0.0,12.414,True,True,False,False,2699.540420290811,0.0,60.33287101248266,219.2305372972321,0.0,7775.92408490623,10755.027913506756
2025-01-06T18:30:00Z,2025-01-06T18:45:00Z,2025-01-06,2025-01-06_20,70.43810620458737,29,100,0,63.283948480192436,57.96659823436185,0.0348999319985424,0.0,13.322500000000002,True,True,False,False,2699.540420290811,0.0,60.33287101248266,219.2305372972321,0.0,856.0206355906654,3835.1244641911912
2025-01-06T18:45:00Z,2025-01-06T19:00:00Z,2025-01-06,2025-01-06_20,70.43810620458737,29,100,0,57.96659823436185,56.56567300869552,0.029724021313659588,0.0,17.097,True,True,False,False,2699.540420290811,0.0,60.33287101248266,219.2305372972321,0.0,7469.449697280348,10448.553525880874
2025-01-06T19:00:00Z,2025-01-06T19:15:00Z,2025-01-06,2025-01-06_21,89.0,11,100,0,56.56567300869552,41.39766382608683,0.046877389951690815,0.0,8.438,True,True,False,False,3278.76,0.0,22.884882108183078,219.2305372972321,0.0,933.7924428631733,4454.667862268589
2025-01-06T19:15:00Z,2025-01-06T19:30:00Z,2025-01-06,2025-01-06_21,89.0,11,100,0,41.39766382608683,23.520775686956394,0.05297682038647343,0.0,5.903,True,True,False,False,3278.76,0.0,22.884882108183078,219.2305372972321,0.0,-44.284662204265416,3476.59075720115
2025-01-06T19:30:00Z,2025-01-06T19:45:00Z,2025-01-06,2025-01-06_21,89.0,11,100,0,23.520775686956394,9.999999999999874,0.04316840690821255,0.0,9.9795,True,True,False,False,3278.76,0.0,22.884882108183078,219.2305372972321,0.0,4159.0577760357,7679.9331954411155
2025-01-06T19:45:00Z,2025-01-06T20:00:00Z,2025-01-06,2025-01-06_21,89.0,11,100,0,9.999999999999874,10.121395199999874,0.012451097777777781,0.0,22.746,True,True,False,False,3278.76,0.0,22.884882108183078,219.2305372972321,0.0,22503.735371163235,26024.61079056865
2025-01-06T20:00:00Z,2025-01-06T20:15:00Z,2025-01-06,2025-01-06_22,18.0,82,100,0,10.121395199999874,11.37265318260857,0.0236219122705314,0.0,6.465499999999999,True,True,False,False,552.4200000000001,0.0,170.59639389736478,219.2305372972321,0.0,744.8782607690606,1687.1251919636575
2025-01-06T20:15:00Z,2025-01-06T20:30:00Z,2025-01-06,2025-01-06_22,18.0,82,100,0,11.37265318260857,13.990086191304222,0.025853799420289855,0.0,7.903500000000001,True,True,False,False,552.4200000000001,0.0,170.59639389736478,219.2305372972321,0.0,-22.96429928239764,919.2826319121993
2025-01-06T20:30:00Z,2025-01-06T20:45:00Z,2025-01-06,2025-01-06_22,18.0,82,100,0,13.990086191304222,15.257970086956396,0.023649073623188407,0.0,6.483,True,True,False,False,552.4200000000001,0.0,170.59639389736478,219.2305372972321,0.0,-47.0017174214557,895.2452137731412
2025-01-06T20:45:00Z,2025-01-06T21:00:00Z,2025-01-06,2025-01-06_22,18.0,82,100,0,15.257970086956396,16.00950062608683,0.022805519613526566,0.0,5.9395,True,True,False,False,552.4200000000001,0.0,170.59639389736478,219.2305372972321,0.0,-36.19287674124103,906.0540544533559
2025-01-06T21:00:00Z,2025-01-06T21:15:00Z,2025-01-06,2025-01-06_23,0.0,100,100,0,16.00950062608683,12.624818017391178,0.015305229468599033,4.0915,1.155,True,True,False,False,0.0,0.0,208.04438280166437,219.2305372972321,793.7899831152384,-12.377205571971295,1208.6876976421636
2025-01-06T21:15:00Z,2025-01-06T21:30:00Z,2025-01-06,2025-01-06_23,0.0,100,100,0,12.624818017391178,10.203425843478135,0.012555311594202898,3.193,1.1405,True,True,False,False,0.0,0.0,208.04438280166437,219.2305372972321,592.5627536231884,-15.962506683551432,1003.8751670385335
2025-01-06T21:30:00Z,2025-01-06T21:45:00Z,2025-01-06,2025-01-06_23,0.0,100,100,0,10.203425843478135,14.364585843478135,0.011558777777777777,0.0,4.523,True,True,False,False,0.0,0.0,208.04438280166437,219.2305372972321,0.0,-87.71614303805103,339.55877706084544
2025-01-06T21:45:00Z,2025-01-06T22:00:00Z,2025-01-06,2025-01-06_23,0.0,100,100,0,14.364585843478135,26.054565843478137,0.03247216666666667,0.0,12.706500000000002,True,True,False,False,0.0,0.0,208.04438280166437,219.2305372972321,0.0,19.115046734607734,446.3899668335042
2025-01-06T22:00:00Z,2025-01-06T22:15:00Z,2025-01-07,2025-01-06_24,41.999999999999936,58,100,0,26.054565843478137,18.828747199999896,0.032608354009661805,0.0,4.229,True,True,False,False,914.3399999999986,0.0,119.49406018211421,219.2305372972321,0.0,-40.52185993688315,1212.5427375424617
2025-01-06T22:15:00Z,2025-01-06T22:30:00Z,2025-01-07,2025-01-06_24,41.999999999999936,58,100,0,18.828747199999896,12.512531286956436,0.03282675531400963,0.006670000000000001,5.155,True,True,False,False,914.3399999999986,0.0,119.49406018211421,219.2305372972321,0.9116967175219602,-24.876094996884362,1229.1001991999824
2025-01-06T22:30:00Z,2025-01-06T22:45:00Z,2025-01-07,2025-01-06_24,41.999999999999936,58,100,0,12.512531286956436,10.24227194782602,0.033679955942028966,0.0,9.234,True,True,False,False,914.3399999999986,0.0,119.49406018211421,219.2305372972321,0.0,-30.566546463245494,1222.4980510160995
2025-01-06T22:45:00Z,2025-01-06T23:00:00Z,2025-01-07,2025-01-06_24,41.999999999999936,58,100,0,10.24227194782602,14.547411078260815,0.035101835748792276,0.0,15.875,True,True,False,False,914.3399999999986,0.0,119.49406018211421,219.2305372972321,0.0,51.19670747150696,1304.2613049508518
2025-01-06T23:00:00Z,2025-01-06T23:15:00Z,2025-01-07,2025-01-07_1,0.0,100,100,0,14.547411078260815,19.45386673043473,0.013858512077294688,0.038,5.378,True,True,False,False,0.0,0.0,206.02424169330038,219.2305372972321,4.096062232406681,17.963421576313092,447.3142627992523
2025-01-06T23:15:00Z,2025-01-06T23:30:00Z,2025-01-07,2025-01-07_1,0.0,100,100,0,19.45386673043473,26.24342586086951,0.01887800241545894,0.003,7.3835,True,True,False,False,0.0,0.0,206.02424169330038,219.2305372972321,0.18090815895796902,-7.307956742849103,418.1277304066414
2025-01-06T23:30:00Z,2025-01-06T23:45:00Z,2025-01-07,2025-01-07_1,0.0,100,100,0,26.24342586086951,29.95746586086951,0.010316777777777779,0.0,4.037,True,True,False,False,0.0,0.0,206.02424169330038,219.2305372972321,0.0,-36.97154857384068,388.2832304166918
2025-01-06T23:45:00Z,2025-01-07T00:00:00Z,2025-01-07,2025-01-07_1,0.0,100,100,0,29.95746586086951,35.44710586086951,0.015248999999999999,0.0,5.967,True,True,False,False,0.0,0.0,206.02424169330038,219.2305372972321,0.0,-34.56491708376048,390.689861906772
2025-01-07T00:00:00Z,2025-01-07T00:15:00Z,2025-01-07,2025-01-07_2,0.0,100,100,0,35.44710586086951,38.14914586086951,0.007505666666666666,0.0,2.937,True,True,False,False,0.0,0.0,206.53681481034795,219.2305372972321,0.0,-30.580245432068985,395.1871066755111
2025-01-07T00:15:00Z,2025-01-07T00:30:00Z,2025-01-07,2025-01-07_2,0.0,100,100,0,38.14914586086951,43.37198586086951,0.014507888888888888,0.0,5.677,True,True,False,False,0.0,0.0,206.53681481034795,219.2305372972321,0.0,-37.20307021246658,388.5642818951135
2025-01-07T00:30:00Z,2025-01-07T00:45:00Z,2025-01-07,2025-01-07_2,0.0,100,100,0,43.37198586086951,47.23414586086951,0.010728222222222224,0.0,4.198,True,True,False,False,0.0,0.0,206.53681481034795,219.2305372972321,0.0,-40.71255824237674,385.0547938652033
2025-01-07T00:45:00Z,2025-01-07T01:00:00Z,2025-01-07,2025-01-07_2,0.0,100,100,0,47.23414586086951,54.99894586086951,0.02156888888888889,0.0,8.44,True,True,False,False,0.0,0.0,206.53681481034795,219.2305372972321,0.0,-7.03884701200024,418.7285050955798
2025-01-07T01:00:00Z,2025-01-07T01:15:00Z,2025-01-07,2025-01-07_3,0.0,100,100,0,54.99894586086951,60.01478586086951,0.013932888888888889,0.0,5.452,True,True,False,False,0.0,0.0,206.53681481034795,219.2305372972321,0.0,-33.107182053910634,392.6601700536694
2025-01-07T01:15:00Z,2025-01-07T01:30:00Z,2025-01-07,2025-01-07_3,0.0,100,100,0,60.01478586086951,64.95104586086951,0.013711833333333333,0.0,5.3655,True,True,False,False,0.0,0.0,206.53681481034795,219.2305372972321,0.0,-44.018476150274374,381.7488759573057
2025-01-07T01:30:00Z,2025-01-07T01:45:00Z,2025-01-07,2025-01-07_3,0.0,100,100,0,64.95104586086951,70.48162586086951,0.015362722222222224,0.0,6.0115,True,True,False,False,0.0,0.0,206.53681481034795,219.2305372972321,0.0,-27.814168526000522,397.95318358157954
2025-01-07T01:45:00Z,2025-01-07T02:00:00Z,2025-01-07,2025-01-07_3,0.0,100,100,0,70.48162586086951,74.92430586086951,0.012340777777777779,0.0,4.829,True,True,False,False,0.0,0.0,206.53681481034795,219.2305372972321,0.0,-39.707311302739754,386.0600408048403
2025-01-07T02:00:00Z,2025-01-07T02:15:00Z,2025-01-07,2025-01-07_4,-100.0,100,0,0,74.92430586086951,97.9238458608695,0.06388761111111112,0.0005,0.0,True,True,False,False,-328.25,0.0,206.53681481034795,0.0,0.05179199581901145,0.0,-121.66139319383304
2025-01-07T02:15:00Z,2025-01-07T02:30:00Z,2025-01-07,2025-01-07_4,-100.0,100,0,0,97.9238458608695,120.9238458608695,0.06388888888888888,0.0,0.0,True,True,False,False,-328.25,0.0,206.53681481034795,0.0,0.0,0.0,-121.71318518965205
2025-01-07T02:30:00Z,2025-01-07T02:45:00Z,2025-01-07,2025-01-07_4,-100.0,100,0,0,120.9238458608695,143.9238458608695,0.06388888888888888,0.0,0.0,True,True,False,False,-328.25,0.0,206.53681481034795,0.0,0.0,0.0,-121.71318518965205
2025-01-07T02:45:00Z,2025-01-07T03:00:00Z,2025-01-07,2025-01-07_4,-100.0,100,0,0,143.9238458608695,166.9238458608695,0.06388888888888888,0.0,0.0,True,True,False,False,-328.25,0.0,206.53681481034795,0.0,0.0,0.0,-121.71318518965205
2025-01-07T03:00:00Z,2025-01-07T03:15:00Z,2025-01-07,2025-01-07_5,29.905228132431688,70,100,0,166.9238458608695,174.81434323422926,0.037243574741571896,0.0,16.5135,True,True,False,False,495.9782085763796,0.0,144.57577036724356,212.3560272568293,0.0,164.08940059096665,1016.9994067914191
2025-01-07T03:15:00Z,2025-01-07T03:30:00Z,2025-01-07,2025-01-07_5,29.905228132431688,70,100,0,174.81434323422926,178.4526730609329,0.033348937844615276,0.0,12.1295,True,True,False,False,495.9782085763796,0.0,144.57577036724356,212.3560272568293,0.0,37.86186767573218,890.7718738761846
2025-01-07T03:30:00Z,2025-01-07T03:45:00Z,2025-01-07,2025-01-07_5,29.905228132431688,70,100,0,178.4526730609329,176.80198152999148,0.02850462785394363,0.0,6.676500000000001,True,True,False,False,495.9782085763796,0.0,144.57577036724356,212.3560272568293,0.0,-21.01629982512212,831.8937063753303
2025-01-07T03:45:00Z,2025-01-07T04:00:00Z,2025-01-07,2025-01-07_5,29.905228132431688,70,100,0,176.80198152999148,169.35746540130683,0.02458068647071736,0.3444,1.089,True,True,False,False,495.9782085763796,0.0,144.57577036724356,212.3560272568293,47.021271422541155,-21.526077308086595,878.405200314907
2025-01-07T04:00:00Z,2025-01-07T04:15:00Z,2025-01-07,2025-01-07_6,6.000000000064975,94,100,0,169.35746540130683,177.98047235781212,0.029016202898559836,0.0,11.025,True,True,False,False,124.41000000134724,0.0,195.5617198335645,219.2305372972321,0.0,-1.9590544533558465,537.243202678788
2025-01-07T04:15:00Z,2025-01-07T04:30:00Z,2025-01-07,2025-01-07_6,6.000000000064975,94,100,0,177.98047235781212,184.7783201838824,0.02465736714977467,0.0,9.0625,True,True,False,False,124.41000000134724,0.0,195.5617198335645,219.2305372972321,0.0,-1.5046784859997184,537.6975786461442
2025-01-07T04:30:00Z,2025-01-07T04:45:00Z,2025-01-07,2025-01-07_6,6.000000000064975,94,100,0,184.7783201838824,188.52571096647407,0.01737228115944839,0.0,5.7825,True,True,False,False,124.41000000134724,0.0,195.5617198335645,219.2305372972321,0.0,-33.79721250678406,505.4050446253598
2025-01-07T04:45:00Z,2025-01-07T05:00:00Z,2025-01-07,2025-01-07_6,6.000000000064975,94,100,0,188.52571096647407,182.64292956521416,0.016391506114610772,3.9211428571428573,0.0105,True,True,False,False,124.41000000134724,0.0,195.5617198335645,219.2305372972321,635.0392887724951,-0.5547847192908402,1173.6867611853481
2025-01-07T05:00:00Z,2025-01-07T05:15:00Z,2025-01-07,2025-01-07_7,0.0,100,100,0,182.64292956521416,188.75071826086634,0.017618253623188408,0.108,6.766500000000001,True,True,False,False,0.0,0.0,208.04438280166437,219.2305372972321,14.762105770970269,-21.91573991437014,420.1212859554966
2025-01-07T05:15:00Z,2025-01-07T05:30:00Z,2025-01-07,2025-01-07_7,0.0,100,100,0,188.75071826086634,189.89005999999677,0.0032674951690821255,0.017,1.2585,True,True,False,False,0.0,0.0,208.04438280166437,219.2305372972321,2.1327073911033394,-27.613183380570465,401.7944441094293
2025-01-07T05:30:00Z,2025-01-07T05:45:00Z,2025-01-07,2025-01-07_7,0.0,100,100,0,189.89005999999677,187.5168478260837,0.007203033816425121,2.2845,0.1195,True,True,False,False,0.0,0.0,208.04438280166437,219.2305372972321,350.0337634927335,-3.3039831956421235,774.0047003959878
2025-01-07T05:45:00Z,2025-01-07T06:00:00Z,2025-01-07,2025-01-07_7,0.0,100,100,0,187.5168478260837,184.32173913043152,0.00887530193236715,2.9395,0.0,True,True,False,False,0.0,0.0,208.04438280166437,219.2305372972321,414.93516161128866,0.0,842.2100817101851
2025-01-07T06:00:00Z,2025-01-07T06:15:00Z,2025-01-07,2025-01-07_8,100.00000000000007,0,100,0,184.32173913043152,159.3309782608663,0.06941878019323677,0.0,2.0085,True,True,False,False,4127.750000000004,0.0,0.0,218.8084182596635,0.0,-50.03788819875777,4296.52053006091
2025-01-07T06:15:00Z,2025-01-07T06:30:00Z,2025-01-07,2025-01-07_8,100.00000000000007,0,100,0,159.3309782608663,132.69891304347496,0.07397795893719812,0.0,0.4985,True,True,False,False,4127.750000000004,0.0,0.0,218.8084182596635,0.0,-20.805253070413478,4325.753165189254
2025-01-07T06:30:00Z,2025-01-07T06:45:00Z,2025-01-07,2025-01-07_8,100.00000000000007,0,100,0,132.69891304347496,106.50869565217059,0.07275060386473435,0.0,0.905,True,True,False,False,4127.750000000004,0.0,0.0,218.8084182596635,0.0,-34.580972481858936,4311.9774457778085
2025-01-07T06:45:00Z,2025-01-07T07:00:00Z,2025-01-07,2025-01-07_8,100.00000000000007,0,100,0,106.50869565217059,80.17608695651839,0.07314613526570053,0.0,0.774,True,True,False,False,4127.750000000004,0.0,0.0,218.8084182596635,0.0,-23.931160827353317,4322.627257432314
2025-01-07T07:00:00Z,2025-01-07T07:15:00Z,2025-01-07,2025-01-07_9,0.0,100,100,0,80.17608695651839,81.77396347825751,0.004511009661835748,0.012,1.751,True,True,False,False,0.0,0.0,208.04438280166437,218.8084182596635,1.6402339745522523,-52.528240165631466,375.9647948702487
2025-01-07T07:15:00Z,2025-01-07T07:30:00Z,2025-01-07,2025-01-07_9,0.0,100,100,0,81.77396347825751,83.08864347825751,0.003651888888888889,0.0,1.429,True,True,False,False,0.0,0.0,208.04438280166437,218.8084182596635,0.0,-38.91352931717221,387.9392717441557
2025-01-07T07:30:00Z,2025-01-07T07:45:00Z,2025-01-07,2025-01-07_9,0.0,100,100,0,83.08864347825751,87.17252347825752,0.011344111111111112,0.0,4.439,True,True,False,False,0.0,0.0,208.04438280166437,218.8084182596635,0.0,-72.64669902912621,354.20610203220167
2025-01-07T07:45:00Z,2025-01-07T08:00:00Z,2025-01-07,2025-01-07_9,0.0,100,100,0,87.17252347825752,91.24996347825751,0.011326222222222222,0.0,4.432,True,True,False,False,0.0,0.0,208.04438280166437,218.8084182596635,0.0,-74.03058714748036,352.8222139138475
2025-01-07T08:00:00Z,2025-01-07T08:15:00Z,2025-01-07,2025-01-07_10,0.0,100,100,0,91.24996347825751,95.31498347825752,0.01129172222222222,0.0,4.4185,True,True,False,False,0.0,0.0,208.04438280166437,219.2305372972321,0.0,-58.36356318719974,368.9113569116967
2025-01-07T08:15:00Z,2025-01-07T08:30:00Z,2025-01-07,2025-01-07_10,0.0,100,100,0,95.31498347825752,100.75494347825752,0.015111000000000001,0.0,5.913,True,True,False,False,0.0,0.0,208.04438280166437,219.2305372972321,0.0,-22.30107519749141,404.9738449014051
2025-01-07T08:30:00Z,2025-01-07T08:45:00Z,2025-01-07,2025-01-07_10,0.0,100,100,0,100.75494347825752,109.14856347825751,0.023315611111111113,0.0,9.1235,True,True,False,False,0.0,0.0,208.04438280166437,219.2305372972321,0.0,-33.34775050754789,393.92716959134856
2025-01-07T08:45:00Z,2025-01-07T09:00:00Z,2025-01-07,2025-01-07_10,0.0,100,100,0,109.14856347825751,126.23020347825752,0.047449,0.0,18.567,True,True,False,False,0.0,0.0,208.04438280166437,219.2305372972321,0.0,6480.576803955859,6907.851724054755
2025-01-07T09:00:00Z,2025-01-07T09:15:00Z,2025-01-07,2025-01-07_11,0.0,100,100,0,126.23020347825752,142.83436347825753,0.046122666666666666,0.0,18.048,True,True,False,False,0.0,0.0,206.53681481034795,219.2305372972321,0.0,1144.2335500211059,1570.000902128686
2025-01-07T09:15:00Z,2025-01-07T09:30:00Z,2025-01-07,2025-01-07_11,0.0,100,100,0,142.83436347825753,150.64976347825754,0.021709444444444444,0.0,8.495,True,True,False,False,0.0,0.0,206.53681481034795,219.2305372972321,0.0,-42.762725883937364,383.0046262236427
2025-01-07T09:30:00Z,2025-01-07T09:45:00Z,2025-01-07,2025-01-07_11,0.0,100,100,0,150.64976347825754,154.67890347825755,0.011192055555555556,0.0,4.3795,True,True,False,False,0.0,0.0,206.53681481034795,219.2305372972321,0.0,-65.99576996522543,359.77158214235465
2025-01-07T09:45:00Z,2025-01-07T10:00:00Z,2025-01-07,2025-01-07_11,0.0,100,100,0,154.67890347825755,155.89029217390973,0.005753253623188407,0.3955,1.7840000000000003,True,True,False,False,0.0,0.0,206.53681481034795,219.2305372972321,53.94481989587731,-18.869899696476313,460.84227230698104
2025-01-07T10:00:00Z,2025-01-07T10:15:00Z,2025-01-07,2025-01-07_12,0.0,100,100,0,155.89029217390973,160.26443217390974,0.012150388888888891,0.0,4.7545,True,True,False,False,0.0,0.0,206.53681481034795,219.2305372972321,0.0,-70.1749635168546,355.5923885907255
2025-01-07T10:15:00Z,2025-01-07T10:30:00Z,2025-01-07,2025-01-07_12,0.0,100,100,0,160.26443217390974,161.19041217390975,0.0025721666666666666,0.0,1.0065,True,True,False,False,0.0,0.0,206.53681481034795,219.2305372972321,0.0,-40.90761231381535,384.8597397937647
2025-01-07T10:30:00Z,2025-01-07T10:45:00Z,2025-01-07,2025-01-07_12,0.0,100,100,0,161.19041217390975,161.5705408695619,0.001083086956521739,0.0045,0.4184999999999999,True,True,False,False,0.0,0.0,206.53681481034795,219.2305372972321,0.30955375987457034,-24.26524392450099,401.8116619429536
2025-01-07T10:45:00Z,2025-01-07T11:00:00Z,2025-01-07,2025-01-07_12,0.0,100,100,0,161.5705408695619,162.09958869564886,0.0015843115942028988,0.019,0.5975,True,True,False,False,0.0,0.0,206.53681481034795,219.2305372972321,2.597037126374399,-29.86431084041891,398.50007839353555
2025-01-07T11:00:00Z,2025-01-07T11:15:00Z,2025-01-07,2025-01-07_13,0.0,100,100,0,162.09958869564886,162.93678869564886,0.0023255555555555555,0.0,0.91,True,True,False,False,0.0,0.0,206.53681481034795,219.2305372972321,0.0,-46.1808217250598,379.58653038252027
2025-01-07T11:15:00Z,2025-01-07T11:30:00Z,2025-01-07,2025-01-07_13,0.0,100,100,0,162.93678869564886,163.10106173912712,0.0006706859903381642,0.0355,0.2205,True,True,False,False,0.0,0.0,206.53681481034795,219.2305372972321,4.470442521457718,-12.405468552131703,417.83232607690604
2025-01-07T11:30:00Z,2025-01-07T11:45:00Z,2025-01-07,2025-01-07_13,0.0,100,100,0,163.10106173912712,163.31994695651844,0.0007770966183574881,0.028000000000000004,0.271,True,True,False,False,0.0,0.0,206.53681481034795,219.2305372972321,3.3307218235542426,-14.288224285915298,414.809849645219
2025-01-07T11:45:00Z,2025-01-07T12:00:00Z,2025-01-07,2025-01-07_13,0.0,100,100,0,163.31994695651844,163.2740791304315,0.0007995217391304348,0.1535,0.1315,True,True,False,False,0.0,0.0,206.53681481034795,219.2305372972321,20.561206054393054,-7.903374942209894,438.4251832197632
2025-01-07T12:00:00Z,2025-01-07T12:15:00Z,2025-01-07,2025-01-07_14,0.0,100,100,0,163.2740791304315,167.58933913043148,0.011986833333333334,0.0,4.6905,True,True,False,False,0.0,0.0,206.53681481034795,219.2305372972321,0.0,-53.60382861967075,372.1635234879093
2025-01-07T12:15:00Z,2025-01-07T12:30:00Z,2025-01-07,2025-01-07_14,0.0,100,100,0,167.58933913043148,170.14785913043147,0.0071070000000000005,0.0,2.781,True,True,False,False,0.0,0.0,206.53681481034795,219.2305372972321,0.0,-61.68186335403727,364.0854887535428
2025-01-07T12:30:00Z,2025-01-07T12:45:00Z,2025-01-07,2025-01-07_14,0.0,100,100,0,170.14785913043147,172.11895913043148,0.005475277777777778,0.0,2.1425,True,True,False,False,0.0,0.0,206.53681481034795,219.2305372972321,0.0,-57.73066142033005,368.03669068725003
2025-01-07T12:45:00Z,2025-01-07T13:00:00Z,2025-01-07,2025-01-07_14,0.0,100,100,0,172.11895913043148,172.7287547826054,0.004145567632850242,0.406,1.1425,True,True,False,False,0.0,0.0,206.53681481034795,219.2305372972321,55.49458280568454,-38.186906771995424,443.0750281412692
2025-01-07T13:00:00Z,2025-01-07T13:15:00Z,2025-01-07,2025-01-07_15,0.0,100,100,0,172.7287547826054,182.3395347826054,0.026696611111111112,0.0,10.4465,True,True,False,False,0.0,0.0,208.04438280166437,219.2305372972321,0.0,-13.128207200144727,414.14671289875173
2025-01-07T13:15:00Z,2025-01-07T13:30:00Z,2025-01-07,2025-01-07_15,0.0,100,100,0,182.3395347826054,184.09495826086626,0.005289823671497585,0.0685,1.989,True,True,False,False,0.0,0.0,208.04438280166437,219.2305372972321,9.36300227140244,-60.571964662606284,376.06595770769263
2025-01-07T13:30:00Z,2025-01-07T13:45:00Z,2025-01-07,2025-01-07_15,0.0,100,100,0,184.09495826086626,182.1944147826054,0.005279287439613526,1.7485,0.0,True,True,False,False,0.0,0.0,208.04438280166437,219.2305372972321,241.79376640736496,0.0,669.0686865062614
2025-01-07T13:45:00Z,2025-01-07T14:00:00Z,2025-01-07,2025-01-07_15,0.0,100,100,0,182.1944147826054,179.76606260869235,0.007397089371980676,2.342,0.1275,True,True,False,False,0.0,0.0,208.04438280166437,219.2305372972321,320.11899736678123,-5.2265286739431955,742.1673887917345
2025-01-07T14:00:00Z,2025-01-07T14:15:00Z,2025-01-07,2025-01-07_16,0.0,100,100,0,179.76606260869235,186.25114260869236,0.018014111111111113,0.0,7.0489999999999995,True,True,False,False,0.0,0.0,208.04438280166437,219.2305372972321,0.0,-42.36002814126917,384.91489195762733
2025-01-07T14:15:00Z,2025-01-07T14:30:00Z,2025-01-07,2025-01-07_16,0.0,100,100,0,186.25114260869236,186.92701043477933,0.0019227004830917876,0.0075,0.7435,True,True,False,False,0.0,0.0,208.04438280166437,219.2305372972321,0.8341871193390821,-22.435470059699696,405.6736371585359
2025-01-07T14:30:00Z,2025-01-07T14:45:00Z,2025-01-07,2025-01-07_16,0.0,100,100,0,186.92701043477933,188.77345043477933,0.005129,0.0,2.007,True,True,False,False,0.0,0.0,208.04438280166437,219.2305372972321,0.0,-54.81176747271303,372.46315262618344
2025-01-07T14:45:00Z,2025-01-07T15:00:00Z,2025-01-07,2025-01-07_16,0.0,100,100,0,188.77345043477933,187.00443565217066,0.00504681884057971,1.6495,0.026,True,True,False,False,0.0,0.0,208.04438280166437,219.2305372972321,234.26819091841043,-1.553597861263543,659.9895131560434
2025-01-07T15:00:00Z,2025-01-07T15:15:00Z,2025-01-07,2025-01-07_17,3.7712914454956886e-13,100,100,0,187.00443565217066,186.78360173912705,0.0011347608695654997,0.2895,0.10199999999999998,True,True,False,False,1.5424582012077366e-11,0.0,208.04438280166437,218.8084182596635,39.570644636073084,-6.1122909003196035,460.3111547970968
2025-01-07T15:15:00Z,2025-01-07T15:30:00Z,2025-01-07,2025-01-07_17,3.7712914454956886e-13,100,100,0,186.78360173912705,183.38197130434435,0.009448973429951978,3.1295,0.0,True,True,False,False,1.5424582012077366e-11,0.0,208.04438280166437,218.8084182596635,495.13459516774213,0.0,921.9873962290854
2025-01-07T15:30:00Z,2025-01-07T15:45:00Z,2025-01-07,2025-01-07_17,3.7712914454956886e-13,100,100,0,183.38197130434435,182.9300495652138,0.0012808937198070477,0.42,0.005,True,True,False,False,1.5424582012077366e-11,0.0,208.04438280166437,218.8084182596635,57.40818910932882,-0.3005085529357374,483.9604816177364
2025-01-07T15:45:00Z,2025-01-07T16:00:00Z,2025-01-07,2025-01-07_17,3.7712914454956886e-13,100,100,0,182.9300495652138,182.9572939130398,0.0004712101449278186,0.0655,0.107,True,True,False,False,1.5424582012077366e-11,0.0,208.04438280166437,218.8084182596635,8.952943777764377,-4.007106876520131,431.7986379625876
2025-01-07T16:00:00Z,2025-01-07T16:15:00Z,2025-01-07,2025-01-07_18,100.0,0,100,0,182.9572939130398,159.18229391303979,0.06604166666666667,0.0,3.127,True,True,False,False,4250.0,0.0,0.0,218.8084182596635,0.0,-68.93995055176988,4399.868467707894
2025-01-07T16:15:00Z,2025-01-07T16:30:00Z,2025-01-07,2025-01-07_18,100.0,0,100,0,159.18229391303979,134.43990260869197,0.06872886473429951,0.0,2.237,True,True,False,False,4250.0,0.0,0.0,218.8084182596635,0.0,-55.49445315483729,4413.313965104826
2025-01-07T16:30:00Z,2025-01-07T16:45:00Z,2025-01-07,2025-01-07_18,100.0,0,100,0,134.43990260869197,122.88120695651806,0.03210748792270531,0.0,14.366000000000001,True,True,False,False,4250.0,0.0,0.0,218.8084182596635,0.0,61.55702064363104,4530.3654389032945
2025-01-07T16:45:00Z,2025-01-07T17:00:00Z,2025-01-07,2025-01-07_18,100.0,0,100,0,122.88120695651806,109.75783739130067,0.03645380434782608,0.0,12.926500000000003,True,True,False,False,4250.0,0.0,0.0,218.8084182596635,0.0,-0.23644927536231888,4468.571968984301
2025-01-07T17:00:00Z,2025-01-07T17:15:00Z,2025-01-07,2025-01-07_19,70.96201087147118,29,100,0,109.75783739130067,96.85715394677206,0.04495690305086965,0.0,6.146,True,True,False,False,2876.445110675084,0.0,60.33287101248266,218.8084182596635,0.0,-34.09955818207401,3121.486841765156
2025-01-07T17:15:00Z,2025-01-07T17:30:00Z,2025-01-07,2025-01-07_19,70.96201087147118,29,100,0,96.85715394677206,77.61375869597829,0.053525115563311326,0.00928,0.048,True,True,False,False,2876.445110675084,0.0,60.33287101248266,218.8084182596635,0.6925164324911054,-2.8785527347283364,3153.400363644993
2025-01-07T17:30:00Z,2025-01-07T17:45:00Z,2025-01-07,2025-01-07_19,70.96201087147118,29,100,0,77.61375869597829,61.00364003280693,0.049959456358558585,0.0,2.574,True,True,False,False,2876.445110675084,0.0,60.33287101248266,218.8084182596635,0.0,-55.971526261834406,3099.6148736853957
2025-01-07T17:45:00Z,2025-01-07T18:00:00Z,2025-01-07,2025-01-07_19,70.96201087147118,29,100,0,61.00364003280693,42.68728061738845,0.05229541058579167,0.022475,0.9545,True,True,False,False,2876.445110675084,0.0,60.33287101248266,218.8084182596635,2.1859737331403646,-24.092831715210355,3133.6795419651603
2025-01-07T18:00:00Z,2025-01-07T18:15:00Z,2025-01-07,2025-01-07_20,0.0,100,100,0,42.68728061738845,35.31445453043193,0.020480072463768116,6.783,0.0,True,True,False,False,0.0,0.0,208.04438280166437,219.2305372972321,1433.3578345293374,0.0,1860.632754628234
2025-01-07T18:15:00Z,2025-01-07T18:30:00Z,2025-01-07,2025-01-07_20,0.0,100,100,0,35.31445453043193,26.4399980086928,0.02465126811594203,8.1645,0.0,True,True,False,False,0.0,0.0,208.04438280166437,219.2305372972321,1762.316901043237,0.0,2189.5918211421335
2025-01-07T18:30:00Z,2025-01-07T18:45:00Z,2025-01-07,2025-01-07_20,0.0,100,100,0,26.4399980086928,24.39978061738845,0.005667270531400965,1.8769999999999998,0.0,True,True,False,False,0.0,0.0,208.04438280166437,219.2305372972321,291.3400251261332,0.0,718.6149452250297
2025-01-07T18:45:00Z,2025-01-07T19:00:00Z,2025-01-07,2025-01-07_20,0.0,100,100,0,24.39978061738845,25.973193660866713,0.0044460748792270535,0.0125,1.725,True,True,False,False,0.0,0.0,208.04438280166437,219.2305372972321,1.7085770568252627,-39.78294036061026,389.2005567951115
2025-01-07T19:00:00Z,2025-01-07T19:15:00Z,2025-01-07,2025-01-07_21,36.99999999999997,63,100,0,25.973193660866713,16.543649399997154,0.02833447850241544,0.02583,0.665,True,True,False,False,1387.4999999999989,0.0,131.06796116504853,219.2305372972321,3.5306036302237227,-22.993421978331224,1718.335680114172
2025-01-07T19:15:00Z,2025-01-07T19:30:00Z,2025-01-07,2025-01-07_21,36.99999999999997,63,100,0,16.543649399997154,10.218936765214554,0.02982235620772945,0.005985,3.8055,True,True,False,False,1387.4999999999989,0.0,131.06796116504853,219.2305372972321,0.8180666948079358,-74.04848670325032,1664.5680784538372
2025-01-07T19:30:00Z,2025-01-07T19:45:00Z,2025-01-07,2025-01-07_21,36.99999999999997,63,100,0,10.218936765214554,9.99999999999717,0.03286611768115942,0.0,10.018,True,True,False,False,1387.4999999999989,0.0,131.06796116504853,219.2305372972321,0.0,1.9271193390821928,1739.7256178013618
2025-01-07T19:45:00Z,2025-01-07T20:00:00Z,2025-01-07,2025-01-07_21,36.99999999999997,63,100,0,9.99999999999717,22.43514719999718,0.03921846444444446,0.0,22.907,True,True,False,False,1387.4999999999989,0.0,131.06796116504853,219.2305372972321,0.0,1044.1703947818046,2781.968893244084
2025-01-07T20:00:00Z,2025-01-07T20:15:00Z,2025-01-07,2025-01-07_22,11.440335424000002,0,0,0,22.43514719999718,19.326360399997178,0.00863551888888889,0.0,0.0,True,False,False,False,383.7946526366401,0.0,0.0,0.0,0.0,0.0,383.7946526366401
2025-01-07T20:15:00Z,2025-01-07T20:30:00Z,2025-01-07,2025-01-07_22,11.440335424000002,0,0,0,19.326360399997178,16.217573599997177,0.00863551888888889,0.0,0.0,True,False,False,False,383.7946526366401,0.0,0.0,0.0,0.0,0.0,383.7946526366401
2025-01-07T20:30:00Z,2025-01-07T20:45:00Z,2025-01-07,2025-01-07_22,11.440335424000002,0,0,0,16.217573599997177,13.108786799997176,0.00863551888888889,0.0,0.0,True,False,False,False,383.7946526366401,0.0,0.0,0.0,0.0,0.0,383.7946526366401
2025-01-07T20:45:00Z,2025-01-07T21:00:00Z,2025-01-07,2025-01-07_22,11.440335424000002,0,0,0,13.108786799997176,9.999999999997176,0.00863551888888889,0.0,0.0,True,False,False,False,383.7946526366401,0.0,0.0,0.0,0.0,0.0,383.7946526366401
2025-01-07T21:00:00Z,2025-01-07T21:15:00Z,2025-01-07,2025-01-07_23,13.000000000000002,87,100,0,9.999999999997176,11.95140657391022,0.020474589516908216,0.0,5.8235,True,True,False,False,394.4200000000001,0.0,180.998613037448,219.2305372972321,0.0,-19.9805667450602,774.66858358962
2025-01-07T21:15:00Z,2025-01-07T21:30:00Z,2025-01-07,2025-01-07_23,13.000000000000002,87,100,0,11.95140657391022,10.202385913040654,0.013280377391304348,0.0,1.894,True,True,False,False,394.4200000000001,0.0,180.998613037448,219.2305372972321,0.0,-37.6260656495608,757.0230846851193
2025-01-07T21:30:00Z,2025-01-07T21:45:00Z,2025-01-07,2025-01-07_23,13.000000000000002,87,100,0,10.202385913040654,15.721439408692826,0.02741065584541063,0.0,9.612,True,True,False,False,394.4200000000001,0.0,180.998613037448,219.2305372972321,0.0,-28.318777060845445,766.3303732738348
2025-01-07T21:45:00Z,2025-01-07T22:00:00Z,2025-01-07,2025-01-07_23,13.000000000000002,87,100,0,15.721439408692826,26.182557321736304,0.03701880579710145,0.0,14.859999999999998,True,True,False,False,394.4200000000001,0.0,180.998613037448,219.2305372972321,0.0,88.03270819513959,882.6818585298198
2025-01-07T22:00:00Z,2025-01-07T22:15:00Z,2025-01-08,2025-01-07_24,14.88795273599734,0,0,0,26.182557321736304,22.136917991302244,0.011237887028983498,0.0,0.0,True,False,False,False,393.9724492763296,0.0,0.0,0.0,0.0,0.0,393.9724492763296
2025-01-07T22:15:00Z,2025-01-07T22:30:00Z,2025-01-08,2025-01-07_24,14.88795273599734,0,0,0,22.136917991302244,18.091278660868184,0.011237887028983498,0.0,0.0,True,False,False,False,393.9724492763296,0.0,0.0,0.0,0.0,0.0,393.9724492763296
2025-01-07T22:30:00Z,2025-01-07T22:45:00Z,2025-01-08,2025-01-07_24,14.88795273599734,0,0,0,18.091278660868184,14.045639330434124,0.011237887028983498,0.0,0.0,True,False,False,False,393.9724492763296,0.0,0.0,0.0,0.0,0.0,393.9724492763296
2025-01-07T22:45:00Z,2025-01-07T23:00:00Z,2025-01-08,2025-01-07_24,14.88795273599734,0,0,0,14.045639330434124,10.000000000000064,0.011237887028983498,0.0,0.0,True,False,False,False,393.9724492763296,0.0,0.0,0.0,0.0,0.0,393.9724492763296
2025-01-07T23:00:00Z,2025-01-07T23:15:00Z,2025-01-08,2025-01-08_1,-10.09098393194695,0,0,0,10.000000000000064,12.320926304347863,0.0064470175120772185,0.0,0.0,True,False,False,False,-210.90156417769123,0.0,0.0,0.0,0.0,0.0,-210.90156417769123
2025-01-07T23:15:00Z,2025-01-07T23:30:00Z,2025-01-08,2025-01-08_1,-10.09098393194695,0,0,0,12.320926304347863,14.641852608695661,0.0064470175120772185,0.0,0.0,True,False,False,False,-210.90156417769123,0.0,0.0,0.0,0.0,0.0,-210.90156417769123
2025-01-07T23:30:00Z,2025-01-07T23:45:00Z,2025-01-08,2025-01-08_1,-10.09098393194695,0,0,0,14.641852608695661,16.962778913043458,0.0064470175120772185,0.0,0.0,True,False,False,False,-210.90156417769123,0.0,0.0,0.0,0.0,0.0,-210.90156417769123
2025-01-07T23:45:00Z,2025-01-08T00:00:00Z,2025-01-08,2025-01-08_1,-10.09098393194695,0,0,0,16.962778913043458,19.283705217391258,0.0064470175120772185,0.0,0.0,True,False,False,False,-210.90156417769123,0.0,0.0,0.0,0.0,0.0,-210.90156417769123
2025-01-08T00:00:00Z,2025-01-08T00:15:00Z,2025-01-08,2025-01-08_2,-100.00000000000003,0,0,0,19.283705217391258,42.283705217391265,0.06388888888888891,0.0,0.0,True,False,False,False,-1866.0000000000005,0.0,0.0,0.0,0.0,0.0,-1866.0000000000005
2025-01-08T00:15:00Z,2025-01-08T00:30:00Z,2025-01-08,2025-01-08_2,-100.00000000000003,0,0,0,42.283705217391265,65.28370521739127,0.06388888888888891,0.0,0.0,True,False,False,False,-1866.0000000000005,0.0,0.0,0.0,0.0,0.0,-1866.0000000000005
2025-01-08T00:30:00Z,2025-01-08T00:45:00Z,2025-01-08,2025-01-08_2,-100.00000000000003,0,0,0,65.28370521739127,88.28370521739129,0.06388888888888891,0.0,0.0,True,False,False,False,-1866.0000000000005,0.0,0.0,0.0,0.0,0.0,-1866.0000000000005
2025-01-08T00:45:00Z,2025-01-08T01:00:00Z,2025-01-08,2025-01-08_2,-100.00000000000003,0,0,0,88.28370521739129,111.28370521739129,0.06388888888888891,0.0,0.0,True,False,False,False,-1866.0000000000005,0.0,0.0,0.0,0.0,0.0,-1866.0000000000005
2025-01-08T01:00:00Z,2025-01-08T01:15:00Z,2025-01-08,2025-01-08_3,0.0,100,100,0,111.28370521739129,117.95429304347824,0.01857470048309179,0.0075,7.259500000000001,True,True,False,False,0.0,0.0,206.53681481034795,219.2305372972321,0.4522703973949225,1467.2466725964343,1893.4662951014093
2025-01-08T01:15:00Z,2025-01-08T01:30:00Z,2025-01-08,2025-01-08_3,0.0,100,100,0,117.95429304347824,118.55191043478258,0.002339396135265701,0.11250000000000002,0.7825000000000001,True,True,False,False,0.0,0.0,206.53681481034795,219.2305372972321,8.579071941144546,-16.17062855534785,418.17579549337677
2025-01-08T01:30:00Z,2025-01-08T01:45:00Z,2025-01-08,2025-01-08_3,0.0,100,100,0,118.55191043478258,121.86621043478259,0.009206388888888889,0.0,3.6025,True,True,False,False,0.0,0.0,206.53681481034795,219.2305372972321,0.0,-38.688369112946994,387.07898299463307
2025-01-08T01:45:00Z,2025-01-08T02:00:00Z,2025-01-08,2025-01-08_3,0.0,100,100,0,121.86621043478259,123.78671043478259,0.0053347222222222225,0.0,2.0875,True,True,False,False,0.0,0.0,206.53681481034795,219.2305372972321,0.0,-25.515427445777807,400.25192466180226
2025-01-08T02:00:00Z,2025-01-08T02:15:00Z,2025-01-08,2025-01-08_4,0.0,100,100,0,123.78671043478259,135.90403043478258,0.03365922222222222,0.0,13.171,True,True,False,False,0.0,0.0,206.53681481034795,219.2305372972321,0.0,76.59719230537297,502.364544412953
2025-01-08T02:15:00Z,2025-01-08T02:30:00Z,2025-01-08,2025-01-08_4,0.0,100,100,0,135.90403043478258,140.1806504347826,0.011879500000000001,0.0,4.6485,True,True,False,False,0.0,0.0,206.53681481034795,219.2305372972321,0.0,-47.20634957486583,378.5610025327142
2025-01-08T02:30:00Z,2025-01-08T02:45:00Z,2025-01-08,2025-01-08_4,0.0,100,100,0,140.1806504347826,140.990712173913,0.0022833840579710146,0.0055,0.8869999999999999,True,True,False,False,0.0,0.0,206.53681481034795,219.2305372972321,0.4080485034875073,-19.968153128706103,406.2072474823615
2025-01-08T02:45:00Z,2025-01-08T03:00:00Z,2025-01-08,2025-01-08_4,0.0,100,100,0,140.990712173913,142.04591999999997,0.0031153115942028986,0.0305,1.183,True,True,False,False,0.0,0.0,206.53681481034795,219.2305372972321,3.977966592293312,-24.333194034050937,405.41212466582243
2025-01-08T03:00:00Z,2025-01-08T03:15:00Z,2025-01-08,2025-01-08_5,0.0,100,100,0,142.04591999999997,150.78959999999998,0.024287999999999997,0.0,9.504,True,True,False,False,0.0,0.0,206.53681481034795,212.3560272568293,0.0,-19.661735512271605,399.23110655490564
2025-01-08T03:15:00Z,2025-01-08T03:30:00Z,2025-01-08,2025-01-08_5,0.0,100,100,0,150.78959999999998,163.88165999999998,0.036366833333333334,0.0,14.2305,True,True,False,False,0.0,0.0,206.53681481034795,212.3560272568293,0.0,6.078476451787976,424.97131851896523
2025-01-08T03:30:00Z,2025-01-08T03:45:00Z,2025-01-08,2025-01-08_5,0.0,100,100,0,163.88165999999998,178.56669999999997,0.040791777777777774,0.0,15.961999999999998,True,True,False,False,0.0,0.0,206.53681481034795,212.3560272568293,0.0,27.920425335182614,446.8132674023599
2025-01-08T03:45:00Z,2025-01-08T04:00:00Z,2025-01-08,2025-01-08_5,0.0,100,100,0,178.56669999999997,189.99999999999997,0.03175916666666667,0.0,12.4275,True,True,False,False,0.0,0.0,206.53681481034795,212.3560272568293,0.0,11.785753482482061,430.6785955496593
2025-01-08T04:00:00Z,2025-01-08T04:15:00Z,2025-01-08,2025-01-08_6,19.33722262399861,0,0,0,189.99999999999997,184.74531993913078,0.01459633350241441,0.0,0.0,True,False,False,False,522.1533539045225,0.0,0.0,0.0,0.0,0.0,522.1533539045225
2025-01-08T04:15:00Z,2025-01-08T04:30:00Z,2025-01-08,2025-01-08_6,19.33722262399861,0,0,0,184.74531993913078,179.4906398782616,0.01459633350241441,0.0,0.0,True,False,False,False,522.1533539045225,0.0,0.0,0.0,0.0,0.0,522.1533539045225
2025-01-08T04:30:00Z,2025-01-08T04:45:00Z,2025-01-08,2025-01-08_6,19.33722262399861,0,0,0,179.4906398782616,174.2359598173924,0.01459633350241441,0.0,0.0,True,False,False,False,522.1533539045225,0.0,0.0,0.0,0.0,0.0,522.1533539045225
2025-01-08T04:45:00Z,2025-01-08T05:00:00Z,2025-01-08,2025-01-08_6,19.33722262399861,0,0,0,174.2359598173924,168.9812797565232,0.01459633350241441,0.0,0.0,True,False,False,False,522.1533539045225,0.0,0.0,0.0,0.0,0.0,522.1533539045225
2025-01-08T05:00:00Z,2025-01-08T05:15:00Z,2025-01-08,2025-01-08_7,4.000000000004252,96,100,0,168.9812797565232,187.10575360000044,0.05137679932366979,0.0,20.7315,True,True,False,False,129.91000000013807,0.0,199.72260748959778,219.2305372972321,0.0,10850.851847976843,11399.714992763811
2025-01-08T05:15:00Z,2025-01-08T05:30:00Z,2025-01-08,2025-01-08_7,4.000000000004252,96,100,0,187.10575360000044,189.05552173912974,0.010663124057973448,0.0,3.277,True,True,False,False,129.91000000013807,0.0,199.72260748959778,219.2305372972321,0.0,-40.358301272387386,508.50484351458056
2025-01-08T05:30:00Z,2025-01-08T05:45:00Z,2025-01-08,2025-01-08_7,4.000000000004252,96,100,0,189.05552173912974,188.92350716521554,0.005423027149761419,0.0,1.0305,True,True,False,False,129.91000000013807,0.0,199.72260748959778,219.2305372972321,0.0,-22.4541660133872,526.4089787735808
2025-01-08T05:45:00Z,2025-01-08T06:00:00Z,2025-01-08,2025-01-08_7,4.000000000004252,96,100,0,188.92350716521554,186.34916747825787,0.008264756908215716,1.56192,0.22699999999999998,True,True,False,False,129.91000000013807,0.0,199.72260748959778,219.2305372972321,226.02739634565518,-4.9139757583067,769.9765653743165
2025-01-08T06:00:00Z,2025-01-08T06:15:00Z,2025-01-08,2025-01-08_8,100.0,0,100,0,186.34916747825787,167.76166747825786,0.05163194444444445,0.0,7.8995,True,True,False,False,3902.5,0.0,0.0,218.8084182596635,0.0,31.12068594343605,4152.4291042031
2025-01-08T06:15:00Z,2025-01-08T06:30:00Z,2025-01-08,2025-01-08_8,100.0,0,100,0,167.76166747825786,142.93014573912745,0.06897644927536233,0.0,2.155,True,True,False,False,3902.5,0.0,0.0,218.8084182596635,0.0,-29.40735291161631,4091.9010653480473
2025-01-08T06:30:00Z,2025-01-08T06:45:00Z,2025-01-08,2025-01-08_8,100.0,0,100,0,142.93014573912745,115.7562326956492,0.0754830917874396,0.0,0.0,True,True,False,False,3902.5,0.0,0.0,218.8084182596635,0.0,0.0,4121.308418259663
2025-01-08T06:45:00Z,2025-01-08T07:00:00Z,2025-01-08,2025-01-08_8,100.0,0,100,0,115.7562326956492,88.58231965217095,0.07548309178743962,0.0,0.0,True,True,False,False,3902.5,0.0,0.0,218.8084182596635,0.0,0.0,4121.308418259663
2025-01-08T07:00:00Z,2025-01-08T07:15:00Z,2025-01-08,2025-01-08_9,0.0,100,100,0,88.58231965217095,88.39946313043183,0.0013640458937198069,0.31,0.1675,True,True,False,False,0.0,0.0,208.04438280166437,218.8084182596635,42.37271100926652,-7.921377314116867,461.30413475647754
2025-01-08T07:15:00Z,2025-01-08T07:30:00Z,2025-01-08,2025-01-08_9,0.0,100,100,0,88.39946313043183,84.94248313043182,0.009633388888888888,3.1855,0.006,True,True,False,False,0.0,0.0,208.04438280166437,218.8084182596635,669.5184766527971,-0.34975577398540675,1096.0215219401396
2025-01-08T07:30:00Z,2025-01-08T07:45:00Z,2025-01-08,2025-01-08_9,0.0,100,100,0,84.94248313043182,73.20933095651878,0.03259208937198067,10.7945,0.0,True,True,False,False,0.0,0.0,208.04438280166437,218.8084182596635,2531.0627851816116,0.0,2957.9155862429393
2025-01-08T07:45:00Z,2025-01-08T08:00:00Z,2025-01-08,2025-01-08_9,0.0,100,100,0,73.20933095651878,74.48596921738836,0.0069852270531400975,0.5695,2.0605,True,True,False,False,0.0,0.0,208.04438280166437,218.8084182596635,77.84277070895897,-45.5534970552172,459.14207471506967
2025-01-08T08:00:00Z,2025-01-08T08:15:00Z,2025-01-08,2025-01-08_10,0.0,100,100,0,74.48596921738836,76.20912921738835,0.004786555555555556,0.0,1.873,True,True,False,False,0.0,0.0,208.04438280166437,219.2305372972321,0.0,-49.44254658385093,377.83237351504556
2025-01-08T08:15:00Z,2025-01-08T08:30:00Z,2025-01-08,2025-01-08_10,0.0,100,100,0,76.20912921738835,84.97718921738836,0.024355722222222223,0.0,9.5305,True,True,False,False,0.0,0.0,208.04438280166437,219.2305372972321,0.0,-29.841122133108204,397.43379796578824
2025-01-08T08:30:00Z,2025-01-08T08:45:00Z,2025-01-08,2025-01-08_10,0.0,100,100,0,84.97718921738836,97.82406921738836,0.03568577777777778,0.0,13.964000000000002,True,True,False,False,0.0,0.0,208.04438280166437,219.2305372972321,0.0,79.61183782588597,506.88675792478244
2025-01-08T08:45:00Z,2025-01-08T09:00:00Z,2025-01-08,2025-01-08_10,0.0,100,100,0,97.82406921738836,105.02398921738836,0.019999777777777776,0.0,7.826,True,True,False,False,0.0,0.0,208.04438280166437,219.2305372972321,0.0,-52.28345011960039,374.9914699792961
2025-01-08T09:00:00Z,2025-01-08T09:15:00Z,2025-01-08,2025-01-08_11,0.0,100,100,0,105.02398921738836,118.66988921738836,0.037905277777777774,0.0,14.832499999999998,True,True,False,False,0.0,0.0,206.53681481034795,219.2305372972321,0.0,10.37252356831293,436.139875675893
2025-01-08T09:15:00Z,2025-01-08T09:30:00Z,2025-01-08,2025-01-08_11,0.0,100,100,0,118.66988921738836,133.22566921738837,0.040432722222222224,0.0,15.8215,True,True,False,False,0.0,0.0,206.53681481034795,219.2305372972321,0.0,28.864084504211142,454.6314366117912
2025-01-08T09:30:00Z,2025-01-08T09:45:00Z,2025-01-08,2025-01-08_11,0.0,100,100,0,133.22566921738837,151.37726921738837,0.05042111111111112,0.0,19.73,True,True,False,False,0.0,0.0,206.53681481034795,219.2305372972321,0.0,250.60181511186155,676.3691672194416
2025-01-08T09:45:00Z,2025-01-08T10:00:00Z,2025-01-08,2025-01-08_11,0.0,100,100,0,151.37726921738837,166.74540921738839,0.04268927777777778,0.0,16.7045,True,True,False,False,0.0,0.0,206.53681481034795,219.2305372972321,0.0,51.840393877263864,477.6077459848439
2025-01-08T10:00:00Z,2025-01-08T10:15:00Z,2025-01-08,2025-01-08_12,-17.961702191436146,100,82,0,166.74540921738839,173.00664507997612,0.01741709185797577,0.005,2.32101,True,True,False,False,-456.9457037501356,0.0,206.53681481034795,179.76904058373032,0.30151359826328167,-19.282732177531205,-89.62106693532523
2025-01-08T10:15:00Z,2025-01-08T10:30:00Z,2025-01-08,2025-01-08_12,-17.961702191436146,100,82,0,173.00664507997612,175.40034789764974,0.015618397813731314,1.8105,0.19147000000000003,True,True,False,False,-456.9457037501356,0.0,206.53681481034795,179.76904058373032,239.81982934330335,-4.05227940863133,165.1277015786147
2025-01-08T10:30:00Z,2025-01-08T10:45:00Z,2025-01-08,2025-01-08_12,-17.961702191436146,100,82,0,175.40034789764974,178.25947752654739,0.015756967253762126,1.5774999999999997,0.42968,True,True,False,False,-456.9457037501356,0.0,206.53681481034795,179.76904058373032,213.93581328267905,-8.784908609218276,134.51105631740347
2025-01-08T10:45:00Z,2025-01-08T11:00:00Z,2025-01-08,2025-01-08_12,-17.961702191436146,100,82,0,178.25947752654739,181.8825777999994,0.012855748393352568,0.5635,0.09512,True,True,False,False,-456.9457037501356,0.0,206.53681481034795,179.76904058373032,71.79542071197412,-1.1129932903173931,0.04257906559940983
2025-01-08T11:00:00Z,2025-01-08T11:15:00Z,2025-01-08,2025-01-08_13,-0.999999999999973,100,99,0,181.8825777999994,185.77308299999942,0.010806958888888872,0.0,3.97881,True,True,False,False,-25.822499999999305,0.0,206.53681481034795,217.03823192425978,0.0,-41.649180799614065,356.1033659349944
2025-01-08T11:15:00Z,2025-01-08T11:30:00Z,2025-01-08,2025-01-08_13,-0.999999999999973,100,99,0,185.77308299999942,189.6485599999994,0.010765213888888873,0.0,3.9624750000000004,True,True,False,False,-25.822499999999305,0.0,206.53681481034795,217.03823192425978,0.0,-40.504875203521685,357.2476715310867
2025-01-08T11:30:00Z,2025-01-08T11:45:00Z,2025-01-08,2025-01-08_13,-0.999999999999973,100,99,0,189.6485599999994,189.64857029565158,0.0031834525120772784,0.5325,0.37818,True,True,False,False,-25.822499999999305,0.0,206.53681481034795,217.03823192425978,71.0426008562986,-12.700109799191944,456.0950377917151
2025-01-08T11:45:00Z,2025-01-08T12:00:00Z,2025-01-08,2025-01-08_13,-0.999999999999973,100,99,0,189.64857029565158,189.34978248695592,0.0021681316908212394,0.5015,0.01683,True,True,False,False,-25.822499999999305,0.0,206.53681481034795,217.03823192425978,67.04660545940621,-0.9770865585237896,463.82206563549084
2025-01-08T12:00:00Z,2025-01-08T12:15:00Z,2025-01-08,2025-01-08_14,-4.000000000000062,100,96,0,189.34978248695592,187.27579128695592,0.01030558000000003,2.7715,0.0,True,True,False,False,-114.9500000000018,0.0,206.53681481034795,210.4613158053428,376.374479889043,0.0,678.422610504732
2025-01-08T12:15:00Z,2025-01-08T12:30:00Z,2025-01-08,2025-01-08_14,-4.000000000000062,100,96,0,187.27579128695592,182.59184780869506,0.01706150966183577,5.1875,0.0,True,True,False,False,-114.9500000000018,0.0,206.53681481034795,210.4613158053428,824.3483788618868,0.0,1126.3965094775758
2025-01-08T12:30:00Z,2025-01-08T12:45:00Z,2025-01-08,2025-01-08_14,-4.000000000000062,100,96,0,182.59184780869506,179.90263813912983,0.011898089082125633,3.341,0.0,True,True,False,False,-114.9500000000018,0.0,206.53681481034795,210.4613158053428,455.3992060141913,0.0,757.4473366298803
2025-01-08T12:45:00Z,2025-01-08T13:00:00Z,2025-01-08,2025-01-08_14,-4.000000000000062,100,96,0,179.90263813912983,181.3836523304342,0.007018276135265738,0.501,1.19808,True,True,False,False,-114.9500000000018,0.0,206.53681481034795,210.4613158053428,67.5420991376711,-15.113450835192669,354.4767789181674
2025-01-08T13:00:00Z,2025-01-08T13:15:00Z,2025-01-08,2025-01-08_15,-0.0019286819297270124,0,0,0,181.3836523304342,181.38409592727803,1.2322134551033692e-06,0.0,0.0,True,False,False,False,-0.06018934132195574,0.0,0.0,0.0,0.0,0.0,-0.06018934132195574
2025-01-08T13:15:00Z,2025-01-08T13:30:00Z,2025-01-08,2025-01-08_15,-0.0019286819297270124,0,0,0,181.38409592727803,181.38453952412186,1.2322134551033692e-06,0.0,0.0,True,False,False,False,-0.06018934132195574,0.0,0.0,0.0,0.0,0.0,-0.06018934132195574
2025-01-08T13:30:00Z,2025-01-08T13:45:00Z,2025-01-08,2025-01-08_15,-0.0019286819297270124,0,0,0,181.38453952412186,181.3849831209657,1.2322134551033692e-06,0.0,0.0,True,False,False,False,-0.06018934132195574,0.0,0.0,0.0,0.0,0.0,-0.06018934132195574
2025-01-08T13:45:00Z,2025-01-08T14:00:00Z,2025-01-08,2025-01-08_15,-0.0019286819297270124,0,0,0,181.3849831209657,181.38542671780954,1.2322134551033692e-06,0.0,0.0,True,False,False,False,-0.06018934132195574,0.0,0.0,0.0,0.0,0.0,-0.06018934132195574
2025-01-08T14:00:00Z,2025-01-08T14:15:00Z,2025-01-08,2025-01-08_16,0.0,100,100,0,181.38542671780954,184.52078671780953,0.008709333333333333,0.0,3.408,True,True,False,False,0.0,0.0,208.04438280166437,219.2305372972321,0.0,-66.9447409998191,360.3301790990774
2025-01-08T14:15:00Z,2025-01-08T14:30:00Z,2025-01-08,2025-01-08_16,0.0,100,100,0,184.52078671780953,187.07976671780952,0.007108277777777778,0.0,2.7815,True,True,False,False,0.0,0.0,208.04438280166437,219.2305372972321,0.0,-69.71893012924883,357.5559899696476
2025-01-08T14:30:00Z,2025-01-08T14:45:00Z,2025-01-08,2025-01-08_16,0.0,100,100,0,187.07976671780952,188.1405267178095,0.002946555555555556,0.0,1.153,True,True,False,False,0.0,0.0,208.04438280166437,219.2305372972321,0.0,-31.579624515065632,395.69529558383084
2025-01-08T14:45:00Z,2025-01-08T15:00:00Z,2025-01-08,2025-01-08_16,0.0,100,100,0,188.1405267178095,185.39378758737473,0.007629830917874397,2.527,0.0,True,True,False,False,0.0,0.0,208.04438280166437,219.2305372972321,442.72964823413537,0.0,870.0045683330318
2025-01-08T15:00:00Z,2025-01-08T15:15:00Z,2025-01-08,2025-01-08_17,0.0,100,100,0,185.39378758737473,182.4661777882134,0.008132249442114813,2.6934010152284262,0.0,True,True,False,False,0.0,0.0,208.04438280166437,218.8084182596635,418.19748742749516,0.0,845.0502884888231
2025-01-08T15:15:00Z,2025-01-08T15:30:00Z,2025-01-08,2025-01-08_17,0.0,100,100,0,182.4661777882134,173.1569745218263,0.025858897962186416,8.564467005076141,0.0,True,True,False,False,0.0,0.0,208.04438280166437,218.8084182596635,1895.355506571925,0.0,2322.208307633253
2025-01-08T15:30:00Z,2025-01-08T15:45:00Z,2025-01-08,2025-01-08_17,0.0,100,100,0,173.1569745218263,157.25706280255903,0.04416642144240908,14.627918781725887,0.0,True,True,False,False,0.0,0.0,208.04438280166437,218.8084182596635,3549.301347383153,0.0,3976.1541484444806
2025-01-08T15:45:00Z,2025-01-08T16:00:00Z,2025-01-08,2025-01-08_17,0.0,100,100,0,157.25706280255903,156.65773422608584,0.003573801601314402,0.86751269035533,0.3735,True,True,False,False,0.0,0.0,208.04438280166437,218.8084182596635,158.87170785158756,-13.938999879394562,571.7855090335208
2025-01-08T16:00:00Z,2025-01-08T16:15:00Z,2025-01-08,2025-01-08_18,100.0,0,100,0,156.65773422608584,131.7599081391293,0.06916062801932368,0.0,2.094,True,True,False,False,3880.5,0.0,0.0,218.8084182596635,0.0,-51.43051558825303,4047.8779026714105
2025-01-08T16:15:00Z,2025-01-08T16:30:00Z,2025-01-08,2025-01-08_18,100.0,0,100,0,131.7599081391293,105.29414726956408,0.07351600241545893,0.0,0.6515,True,True,False,False,3880.5,0.0,0.0,218.8084182596635,0.0,-20.307695933586604,4079.000722326077
2025-01-08T16:30:00Z,2025-01-08T16:45:00Z,2025-01-08,2025-01-08_18,100.0,0,100,0,105.29414726956408,87.13056031304234,0.05045440821256038,0.0,8.2895,True,True,False,False,3880.5,0.0,0.0,218.8084182596635,0.0,-46.83203421174296,4052.4763840479204
2025-01-08T16:45:00Z,2025-01-08T17:00:00Z,2025-01-08,2025-01-08_18,100.0,0,100,0,87.13056031304234,68.04142987825972,0.053025362318840585,0.0,7.438000000000001,True,True,False,False,3880.5,0.0,0.0,218.8084182596635,0.0,-74.16021950189955,4025.148198757764
2025-01-08T17:00:00Z,2025-01-08T17:15:00Z,2025-01-08,2025-01-08_19,52.000000000000064,48,100,0,68.04142987825972,55.9930934608684,0.03854109449275366,0.0,2.068,True,True,False,False,1976.1300000000024,0.0,99.86130374479889,218.8084182596635,0.0,-38.9984835876098,2255.801238416855
2025-01-08T17:15:00Z,2025-01-08T17:30:00Z,2025-01-08,2025-01-08_19,52.000000000000064,48,100,0,55.9930934608684,44.20345836521621,0.03847383971014496,0.00792,2.3335,True,True,False,False,1976.1300000000024,0.0,99.86130374479889,218.8084182596635,0.7892426702044262,-37.14631429777483,2258.4426503768946
2025-01-08T17:30:00Z,2025-01-08T17:45:00Z,2025-01-08,2025-01-08_19,52.000000000000064,48,100,0,44.20345836521621,30.24767822608576,0.03922850927536237,0.01392,0.1885,True,True,False,False,1976.1300000000024,0.0,99.86130374479889,218.8084182596635,1.2060530422722064,-10.159994271241631,2285.8457807754953
2025-01-08T17:45:00Z,2025-01-08T18:00:00Z,2025-01-08,2025-01-08_19,52.000000000000064,48,100,0,30.24767822608576,16.179491304346612,0.03927701700483096,0.017759999999999998,0.081,True,True,False,False,1976.1300000000024,0.0,99.86130374479889,218.8084182596635,1.0709763010311764,-3.804194657179039,2292.066503648317
2025-01-08T18:00:00Z,2025-01-08T18:15:00Z,2025-01-08,2025-01-08_20,0.0,100,100,0,16.179491304346612,16.323268695650963,0.0005231739130434783,0.0205,0.1805,True,True,False,False,0.0,0.0,208.04438280166437,219.2305372972321,1.236205752879455,-9.421382339343504,419.08974351243245
2025-01-08T18:15:00Z,2025-01-08T18:30:00Z,2025-01-08,2025-01-08_20,0.0,100,100,0,16.323268695650963,16.9330756521727,0.0019656473429951688,0.045,0.716,True,True,False,False,0.0,0.0,208.04438280166437,219.2305372972321,2.713622384369535,-19.364339383706206,410.6242030995598
2025-01-08T18:30:00Z,2025-01-08T18:45:00Z,2025-01-08,2025-01-08_20,0.0,100,100,0,16.9330756521727,18.8954356521727,0.005451,0.0,2.133,True,True,False,False,0.0,0.0,208.04438280166437,219.2305372972321,0.0,-53.14042211903757,374.1344979798589
2025-01-08T18:45:00Z,2025-01-08T19:00:00Z,2025-01-08,2025-01-08_20,0.0,100,100,0,18.8954356521727,24.3813956521727,0.015238777777777778,0.0,5.963,True,True,False,False,0.0,0.0,208.04438280166437,219.2305372972321,0.0,-60.472627791513396,366.8022923073831
2025-01-08T19:00:00Z,2025-01-08T19:15:00Z,2025-01-08,2025-01-08_21,0.0,0,0,0,24.3813956521727,24.3813956521727,0.0,0.0,0.0,True,False,False,False,0.0,0.0,0.0,0.0,0.0,0.0,0.0
2025-01-08T19:15:00Z,2025-01-08T19:30:00Z,2025-01-08,2025-01-08_21,0.0,0,0,0,24.3813956521727,24.3813956521727,0.0,0.0,0.0,True,False,False,False,0.0,0.0,0.0,0.0,0.0,0.0,0.0
2025-01-08T19:30:00Z,2025-01-08T19:45:00Z,2025-01-08,2025-01-08_21,0.0,0,0,0,24.3813956521727,24.3813956521727,0.0,0.0,0.0,True,False,False,False,0.0,0.0,0.0,0.0,0.0,0.0,0.0
2025-01-08T19:45:00Z,2025-01-08T20:00:00Z,2025-01-08,2025-01-08_21,0.0,0,0,0,24.3813956521727,24.3813956521727,0.0,0.0,0.0,True,False,False,False,0.0,0.0,0.0,0.0,0.0,0.0,0.0
2025-01-08T20:00:00Z,2025-01-08T20:15:00Z,2025-01-08,2025-01-08_22,0.0,0,0,0,24.3813956521727,24.3813956521727,0.0,0.0,0.0,True,False,False,False,0.0,0.0,0.0,0.0,0.0,0.0,0.0
2025-01-08T20:15:00Z,2025-01-08T20:30:00Z,2025-01-08,2025-01-08_22,0.0,0,0,0,24.3813956521727,24.3813956521727,0.0,0.0,0.0,True,False,False,False,0.0,0.0,0.0,0.0,0.0,0.0,0.0
2025-01-08T20:30:00Z,2025-01-08T20:45:00Z,2025-01-08,2025-01-08_22,0.0,0,0,0,24.3813956521727,24.3813956521727,0.0,0.0,0.0,True,False,False,False,0.0,0.0,0.0,0.0,0.0,0.0,0.0
2025-01-08T20:45:00Z,2025-01-08T21:00:00Z,2025-01-08,2025-01-08_22,0.0,0,0,0,24.3813956521727,24.3813956521727,0.0,0.0,0.0,True,False,False,False,0.0,0.0,0.0,0.0,0.0,0.0,0.0
2025-01-08T21:00:00Z,2025-01-08T21:15:00Z,2025-01-08,2025-01-08_23,0.0,100,100,0,24.3813956521727,20.776630434781396,0.027595458937198065,6.228,3.44,True,True,False,False,0.0,0.0,208.04438280166437,219.2305372972321,1250.7540083217752,-11.194227019638586,1666.834701401033
2025-01-08T21:15:00Z,2025-01-08T21:30:00Z,2025-01-08,2025-01-08_23,0.0,100,100,0,20.776630434781396,14.413586956520525,0.01767512077294686,5.854,0.0,True,True,False,False,0.0,0.0,208.04438280166437,219.2305372972321,1108.5616096805966,0.0,1535.836529779493
2025-01-08T21:30:00Z,2025-01-08T21:45:00Z,2025-01-08,2025-01-08_23,0.0,100,100,0,14.413586956520525,9.999999999998785,0.012259963768115943,4.0605,0.0,True,True,False,False,0.0,0.0,208.04438280166437,219.2305372972321,719.0200425134174,0.0,1146.2949626123138
2025-01-08T21:45:00Z,2025-01-08T22:00:00Z,2025-01-08,2025-01-08_23,0.0,100,100,0,9.999999999998785,12.189327826085743,0.0064739782608695656,0.065,2.4565,True,True,False,False,0.0,0.0,208.04438280166437,219.2305372972321,7.662471607469497,-50.565908661480634,384.37148304488534
2025-01-08T22:00:00Z,2025-01-08T22:15:00Z,2025-01-09,2025-01-08_24,-0.9999999999999997,100,99,0,12.189327826085743,10.765903113042265,0.005871314202898549,1.6434999999999997,0.14156999999999997,True,True,False,False,-26.484999999999992,0.0,205.4968032490249,215.83226104789097,261.73277755438494,-5.453168923157343,651.1236729281435
2025-01-08T22:15:00Z,2025-01-08T22:30:00Z,2025-01-09,2025-01-08_24,-0.9999999999999997,100,99,0,10.765903113042265,10.753265495650961,0.00266109115942029,0.451,0.26829000000000003,True,True,False,False,-26.484999999999992,0.0,205.4968032490249,215.83226104789097,70.08725702682054,-16.128254051228442,448.803067272508
2025-01-08T22:30:00Z,2025-01-08T22:45:00Z,2025-01-09,2025-01-08_24,-0.9999999999999997,100,99,0,10.753265495650961,11.02592461739009,0.000996516884057971,0.04,0.093555,True,True,False,False,-26.484999999999992,0.0,205.4968032490249,215.83226104789097,5.943142064417548,-5.624059069524308,395.16314729180914
2025-01-08T22:45:00Z,2025-01-08T23:00:00Z,2025-01-09,2025-01-08_24,-0.9999999999999997,100,99,0,11.02592461739009,10.352374347824872,0.003138809637681159,0.8380000000000001,0.006435,True,True,False,False,-26.484999999999992,0.0,205.4968032490249,215.83226104789097,130.26083075314648,-0.3868400418191323,524.7180550082433
2025-01-08T23:00:00Z,2025-01-08T23:15:00Z,2025-01-09,2025-01-09_1,-100.0,100,0,0,10.352374347824872,18.499434347824874,0.022630722222222222,16.1445,0.0,True,True,False,False,-2630.75,0.0,193.76533033093412,0.0,16174.417539205437,0.0,13737.432869536371
2025-01-08T23:15:00Z,2025-01-08T23:30:00Z,2025-01-09,2025-01-09_1,-100.0,100,0,0,18.499434347824874,21.185834347824873,0.007462222222222223,22.08,0.0,True,True,False,False,-2630.75,0.0,193.76533033093412,0.0,22949.30955004222,0.0,20512.324880373155
2025-01-08T23:30:00Z,2025-01-08T23:45:00Z,2025-01-09,2025-01-09_1,-100.0,100,0,0,21.185834347824873,24.20435434782487,0.008384777777777772,21.719,0.0,True,True,False,False,-2630.75,0.0,193.76533033093412,0.0,24368.30491193856,0.0,21931.320242269496
2025-01-08T23:45:00Z,2025-01-09T00:00:00Z,2025-01-09,2025-01-09_1,-100.0,100,0,0,24.20435434782487,28.213254347824876,0.011135833333333343,20.6425,0.0,True,True,False,False,-2630.75,0.0,193.76533033093412,0.0,17972.832675720776,0.0,15535.84800605171
2025-01-09T00:00:00Z,2025-01-09T00:15:00Z,2025-01-09,2025-01-09_2,0.0,100,100,0,28.213254347824876,19.102384782607487,0.02530797101449275,8.382,0.0,True,True,False,False,0.0,0.0,193.76533033093412,218.01238489685957,1484.273599260123,0.0,1896.051314487917
2025-01-09T00:15:00Z,2025-01-09T00:30:00Z,2025-01-09,2025-01-09_2,0.0,100,100,0,19.102384782607487,14.694776086955313,0.012243357487922706,4.055,0.0,True,True,False,False,0.0,0.0,193.76533033093412,218.01238489685957,600.3255559129841,0.0,1012.1032711407778
2025-01-09T00:30:00Z,2025-01-09T00:45:00Z,2025-01-09,2025-01-09_2,0.0,100,100,0,14.694776086955313,15.769617826085748,0.005171661835748792,0.362,1.596,True,True,False,False,0.0,0.0,193.76533033093412,218.01238489685957,49.49133459326873,-44.55470585869959,416.7143439623628
2025-01-09T00:45:00Z,2025-01-09T01:00:00Z,2025-01-09,2025-01-09_2,0.0,100,100,0,15.769617826085748,17.09809782608575,0.0036902222222222223,0.0,1.444,True,True,False,False,0.0,0.0,193.76533033093412,218.01238489685957,0.0,-41.43116972938196,370.34654549841173
2025-01-09T01:00:00Z,2025-01-09T01:15:00Z,2025-01-09,2025-01-09_3,-81.99999999999999,100,18,0,17.09809782608575,35.98691133912922,0.052499904685990334,0.028499999999999998,0.060750000000000005,True,True,False,False,-2103.7099999999996,0.0,193.76533033093412,39.24222928143472,3.896417226265632,-3.1666264224536573,-1869.9726495838188
2025-01-09T01:15:00Z,2025-01-09T01:30:00Z,2025-01-09,2025-01-09_3,-81.99999999999999,100,18,0,35.98691133912922,54.889347599998786,0.05253883260869564,0.029499999999999995,0.07659,True,True,False,False,-2103.7099999999996,0.0,193.76533033093412,39.24222928143472,4.033133620169688,-2.6176539627648885,-1869.286960730226
2025-01-09T01:30:00Z,2025-01-09T01:45:00Z,2025-01-09,2025-01-09_3,-81.99999999999999,100,18,0,54.889347599998786,72.91124027825964,0.051021682560386465,0.8840000000000001,0.0018900000000000002,True,True,False,False,-2103.7099999999996,0.0,193.76533033093412,39.24222928143472,120.55177208572924,-0.11361735493988502,-1750.2642856568414
2025-01-09T01:45:00Z,2025-01-09T02:00:00Z,2025-01-09,2025-01-09_3,-81.99999999999999,100,18,0,72.91124027825964,91.08769951304225,0.05127277323671497,0.72,0.00054,True,True,False,False,-2103.7099999999996,0.0,193.76533033093412,39.24222928143472,97.51904781052716,-0.032462101411395716,-1773.215854678515
2025-01-09T02:00:00Z,2025-01-09T02:15:00Z,2025-01-09,2025-01-09_4,-99.99999999999993,100,0,0,91.08769951304225,114.02053951304224,0.06370233333333328,0.073,0.0,True,True,False,False,-2520.499999999998,0.0,193.76533033093412,0.0,7.61188427359363,0.0,-2319.1227853954706
2025-01-09T02:15:00Z,2025-01-09T02:30:00Z,2025-01-09,2025-01-09_4,-99.99999999999993,100,0,0,114.02053951304224,134.65337951304224,0.05731344444444441,2.573,0.0,True,True,False,False,-2520.499999999998,0.0,193.76533033093412,0.0,366.1007881298002,0.0,-1960.633881539264
2025-01-09T02:30:00Z,2025-01-09T02:45:00Z,2025-01-09,2025-01-09_4,-99.99999999999993,100,0,0,134.65337951304224,153.55707951304223,0.05251027777777776,4.4525,0.0,True,True,False,False,-2520.499999999998,0.0,193.76533033093412,0.0,665.6209095661264,0.0,-1661.1137601029377
2025-01-09T02:45:00Z,2025-01-09T03:00:00Z,2025-01-09,2025-01-09_4,-99.99999999999993,100,0,0,153.55707951304223,174.80401951304222,0.05901927777777774,1.9055,0.0,True,True,False,False,-2520.499999999998,0.0,193.76533033093412,0.0,260.39853944670074,0.0,-2066.3361302223634
2025-01-09T03:00:00Z,2025-01-09T03:15:00Z,2025-01-09,2025-01-09_5,0.0,100,100,0,174.80401951304222,177.4094595130422,0.007237333333333333,0.0,2.832,True,True,False,False,0.0,0.0,193.76533033093412,210.6839840765612,0.0,-56.37637540713338,348.07293900036194
2025-01-09T03:15:00Z,2025-01-09T03:30:00Z,2025-01-09,2025-01-09_5,0.0,100,100,0,177.4094595130422,183.0527395130422,0.01567577777777778,0.0,6.134,True,True,False,False,0.0,0.0,193.76533033093412,210.6839840765612,0.0,-111.33645341589934,293.112860991596
2025-01-09T03:30:00Z,2025-01-09T03:45:00Z,2025-01-09,2025-01-09_5,0.0,100,100,0,183.0527395130422,184.8352395130422,0.004951388888888889,0.0,1.9375,True,True,False,False,0.0,0.0,193.76533033093412,210.6839840765612,0.0,-43.29399804978085,361.15531635771447
2025-01-09T03:45:00Z,2025-01-09T04:00:00Z,2025-01-09,2025-01-09_5,0.0,100,100,0,184.8352395130422,184.0513995130422,0.004211555555555555,1.058,0.398,True,True,False,False,0.0,0.0,193.76533033093412,210.6839840765612,154.32871446379028,-11.521899151554145,547.2561297197315
2025-01-09T04:00:00Z,2025-01-09T04:15:00Z,2025-01-09,2025-01-09_6,-1.0,100,99,0,184.0513995130422,188.31351111304224,0.01183919888888889,0.0,4.38273,True,True,False,False,-27.0725,0.0,193.76533033093412,215.83226104789097,0.0,-83.14304392617314,299.38204745265193
2025-01-09T04:15:00Z,2025-01-09T04:30:00Z,2025-01-09,2025-01-09_6,-1.0,100,99,0,188.31351111304224,189.7604655217379,0.004046219975845411,0.0045,1.328085,True,True,False,False,-27.0725,0.0,193.76533033093412,215.83226104789097,0.27142225260364305,-36.44904156278901,346.3474720686397
2025-01-09T04:30:00Z,2025-01-09T04:45:00Z,2025-01-09,2025-01-09_6,-1.0,100,99,0,189.7604655217379,188.93701396521615,0.004722145434782609,1.1725,0.238095,True,True,False,False,-27.0725,0.0,193.76533033093412,215.83226104789097,158.7719359443484,-13.81336830893884,527.4836590142346
2025-01-09T04:45:00Z,2025-01-09T05:00:00Z,2025-01-09,2025-01-09_6,-1.0,100,99,0,188.93701396521615,179.61920196521618,0.026710938888888883,8.7975,0.0,True,True,False,False,-27.0725,0.0,193.76533033093412,215.83226104789097,1515.5691573846957,0.0,1898.0942487635207
2025-01-09T05:00:00Z,2025-01-09T05:15:00Z,2025-01-09,2025-01-09_7,2.4714529939481744e-13,0,0,0,179.61920196521618,179.61920196521612,1.8655291319053249e-16,0.0,0.0,True,False,False,False,8.304082059665866e-12,0.0,0.0,0.0,0.0,0.0,8.304082059665866e-12
2025-01-09T05:15:00Z,2025-01-09T05:30:00Z,2025-01-09,2025-01-09_7,2.4714529939481744e-13,0,0,0,179.61920196521612,179.61920196521606,1.8655291319053249e-16,0.0,0.0,True,False,False,False,8.304082059665866e-12,0.0,0.0,0.0,0.0,0.0,8.304082059665866e-12
2025-01-09T05:30:00Z,2025-01-09T05:45:00Z,2025-01-09,2025-01-09_7,2.4714529939481744e-13,0,0,0,179.61920196521606,179.619201965216,1.8655291319053249e-16,0.0,0.0,True,False,False,False,8.304082059665866e-12,0.0,0.0,0.0,0.0,0.0,8.304082059665866e-12
2025-01-09T05:45:00Z,2025-01-09T06:00:00Z,2025-01-09,2025-01-09_7,2.4714529939481744e-13,0,0,0,179.619201965216,179.61920196521595,1.8655291319053249e-16,0.0,0.0,True,False,False,False,8.304082059665866e-12,0.0,0.0,0.0,0.0,0.0,8.304082059665866e-12
2025-01-09T06:00:00Z,2025-01-09T06:15:00Z,2025-01-09,2025-01-09_8,0.0,100,100,0,179.61920196521595,185.1306089217377,0.015720091787439616,0.068,6.071,True,True,False,False,0.0,0.0,205.949173670031,218.01238489685957,9.296714785475896,-51.083159958180865,382.1751133941856
2025-01-09T06:15:00Z,2025-01-09T06:30:00Z,2025-01-09,2025-01-09_8,0.0,100,100,0,185.1306089217377,185.43045066086813,0.0009355507246376812,0.017,0.346,True,True,False,False,0.0,0.0,205.949173670031,218.01238489685957,2.324178696368974,-15.035605372150068,411.2501318911095
2025-01-09T06:30:00Z,2025-01-09T06:45:00Z,2025-01-09,2025-01-09_8,0.0,100,100,0,185.43045066086813,185.37929239999855,0.00037721739130434776,0.086,0.046,True,True,False,False,0.0,0.0,205.949173670031,218.01238489685957,11.757609875748924,-2.734529735815674,432.98463870682383
2025-01-09T06:45:00Z,2025-01-09T07:00:00Z,2025-01-09,2025-01-09_8,0.0,100,100,0,185.37929239999855,185.74583239999856,0.001087611111111111,0.0115,0.412,True,True,False,False,0.0,0.0,205.949173670031,218.01238489685957,1.5722385298966586,-23.06878603884354,402.4650110579437
2025-01-09T07:00:00Z,2025-01-09T07:15:00Z,2025-01-09,2025-01-09_9,100.0,0,100,0,185.74583239999856,159.31920196521594,0.07340730676328502,0.0,0.6875,True,True,False,False,3945.25,0.0,0.0,218.01238489685957,0.0,-17.9615560537215,4145.300828843138
2025-01-09T07:15:00Z,2025-01-09T07:30:00Z,2025-01-09,2025-01-09_9,100.0,0,100,0,159.31920196521594,133.72083239999853,0.07110658212560386,0.0,1.4495,True,True,False,False,3945.25,0.0,0.0,218.01238489685957,0.0,-32.67130684788291,4130.591078048977
2025-01-09T07:30:00Z,2025-01-09T07:45:00Z,2025-01-09,2025-01-09_9,100.0,0,100,0,133.72083239999853,113.82952805217244,0.05525362318840579,0.0,6.7,True,True,False,False,3945.25,0.0,0.0,218.01238489685957,0.0,-20.942719852024613,4142.319665044835
2025-01-09T07:45:00Z,2025-01-09T08:00:00Z,2025-01-09,2025-01-09_9,100.0,0,100,0,113.82952805217244,113.78115848695505,0.00013435990338164279,0.0,24.9555,True,True,False,False,3945.25,0.0,0.0,218.01238489685957,0.0,17095.88223038723,21259.144615284087
2025-01-09T08:00:00Z,2025-01-09T08:15:00Z,2025-01-09,2025-01-09_10,26.697367109764492,73,100,0,113.78115848695505,109.89376349101815,0.02387762677239292,0.0,3.4910000000000005,True,True,False,False,1002.8198520605288,0.0,141.4486911415819,218.01238489685957,0.0,-86.5857559612369,1275.6951721377334
2025-01-09T08:15:00Z,2025-01-09T08:30:00Z,2025-01-09,2025-01-09_10,26.697367109764492,73,100,0,109.89376349101815,106.47129267892304,0.02439202179110161,0.0,3.9730000000000003,True,True,False,False,1002.8198520605288,0.0,141.4486911415819,218.01238489685957,0.0,-87.20342796252363,1275.0775001364466
2025-01-09T08:30:00Z,2025-01-09T08:45:00Z,2025-01-09,2025-01-09_10,26.697367109764492,73,100,0,106.47129267892304,109.44779911912345,0.03147189016063161,0.0,10.607,True,True,False,False,1002.8198520605288,0.0,141.4486911415819,218.01238489685957,0.0,-54.23137440186577,1308.0495536971046
2025-01-09T08:45:00Z,2025-01-09T09:00:00Z,2025-01-09,2025-01-09_10,26.697367109764492,73,100,0,109.44779911912345,111.03773187826043,0.029937776385955794,0.0,9.1695,True,True,False,False,1002.8198520605288,0.0,141.4486911415819,218.01238489685957,0.0,-31.360803510394465,1330.9201245885758
2025-01-09T09:00:00Z,2025-01-09T09:15:00Z,2025-01-09,2025-01-09_11,0.0,100,100,0,111.03773187826043,112.36023187826044,0.003673611111111111,0.0,1.4375,True,True,False,False,0.0,0.0,193.76533033093412,218.01238489685957,0.0,-38.391521573042745,373.38619365475097
2025-01-09T09:15:00Z,2025-01-09T09:30:00Z,2025-01-09,2025-01-09_11,0.0,100,100,0,112.36023187826044,114.36583187826044,0.005571111111111112,0.0,2.18,True,True,False,False,0.0,0.0,193.76533033093412,218.01238489685957,0.0,-45.300591097350114,366.4771241304436
2025-01-09T09:30:00Z,2025-01-09T09:45:00Z,2025-01-09,2025-01-09_11,0.0,100,100,0,114.36583187826044,117.81077187826044,0.009569277777777777,0.0,3.7445,True,True,False,False,0.0,0.0,193.76533033093412,218.01238489685957,0.0,-75.28449073143271,336.493224496361
2025-01-09T09:45:00Z,2025-01-09T10:00:00Z,2025-01-09,2025-01-09_11,0.0,100,100,0,117.81077187826044,122.03863187826045,0.011744055555555558,0.0,4.5955,True,True,False,False,0.0,0.0,193.76533033093412,218.01238489685957,0.0,-39.472626764244644,372.30508846354905
2025-01-09T10:00:00Z,2025-01-09T10:15:00Z,2025-01-09,2025-01-09_12,0.0,100,100,0,122.03863187826045,121.41623535652131,0.008337545893719807,1.667,1.293,True,True,False,False,0.0,0.0,193.76533033093412,218.01238489685957,255.39641199887413,-22.695220153604893,644.4789070730629
2025-01-09T10:15:00Z,2025-01-09T10:30:00Z,2025-01-09,2025-01-09_12,0.0,100,100,0,121.41623535652131,122.77694666086914,0.004377579710144928,0.099,1.596,True,True,False,False,0.0,0.0,193.76533033093412,218.01238489685957,13.076527001487799,-31.001637379870523,393.85260484941097
2025-01-09T10:30:00Z,2025-01-09T10:45:00Z,2025-01-09,2025-01-09_12,0.0,100,100,0,122.77694666086914,131.09972666086915,0.02311883333333333,0.0,9.0465,True,True,False,False,0.0,0.0,193.76533033093412,218.01238489685957,0.0,-40.08884685753348,371.6888683702602
2025-01-09T10:45:00Z,2025-01-09T11:00:00Z,2025-01-09,2025-01-09_12,0.0,100,100,0,131.09972666086915,137.02452666086916,0.016457777777777776,0.0,6.4399999999999995,True,True,False,False,0.0,0.0,193.76533033093412,218.01238489685957,0.0,-89.8528770758776,321.9248381519161
2025-01-09T11:00:00Z,2025-01-09T11:15:00Z,2025-01-09,2025-01-09_13,0.0,100,100,0,137.02452666086916,140.67048666086916,0.010127666666666667,0.0,3.963,True,True,False,False,0.0,0.0,193.76533033093412,218.01238489685957,0.0,-57.127181229643334,354.65053399815037
2025-01-09T11:15:00Z,2025-01-09T11:30:00Z,2025-01-09,2025-01-09_13,0.0,100,100,0,140.67048666086916,144.53494666086917,0.010734611111111111,0.0,4.2005,True,True,False,False,0.0,0.0,193.76533033093412,218.01238489685957,0.0,-72.94840745506454,338.8293077727292
2025-01-09T11:30:00Z,2025-01-09T11:45:00Z,2025-01-09,2025-01-09_13,0.0,100,100,0,144.53494666086917,143.3513875304344,0.0034997753623188404,1.124,0.0415,True,True,False,False,0.0,0.0,193.76533033093412,218.01238489685957,154.75485463830472,-1.3239399453134426,565.2086299207849
2025-01-09T11:45:00Z,2025-01-09T12:00:00Z,2025-01-09,2025-01-09_13,0.0,100,100,0,143.3513875304344,140.00831187826049,0.009789765700483092,3.159,0.0985,True,True,False,False,0.0,0.0,193.76533033093412,218.01238489685957,503.9887323575536,-2.0899514455748123,913.6764961397724
2025-01-09T12:00:00Z,2025-01-09T12:15:00Z,2025-01-09,2025-01-09_14,0.0,100,100,0,140.00831187826049,140.76346492173874,0.0021036859903381644,0.001,0.822,True,True,False,False,0.0,0.0,193.76533033093412,218.01238489685957,0.06031605613414291,-24.408795689412518,387.4292355945153
2025-01-09T12:15:00Z,2025-01-09T12:30:00Z,2025-01-09,2025-01-09_14,0.0,100,100,0,140.76346492173874,141.46961100869527,0.0020430386473429952,0.0135,0.7835,True,True,False,False,0.0,0.0,193.76533033093412,218.01238489685957,0.8142667578109293,-23.696708452290004,388.8952735333146
2025-01-09T12:30:00Z,2025-01-09T12:45:00Z,2025-01-09,2025-01-09_14,0.0,100,100,0,141.46961100869527,142.2634075304344,0.0022774541062801934,0.012,0.877,True,True,False,False,0.0,0.0,193.76533033093412,218.01238489685957,0.723792673609715,-22.475659656600588,390.02584824480283
2025-01-09T12:45:00Z,2025-01-09T13:00:00Z,2025-01-09,2025-01-09_14,0.0,100,100,0,142.2634075304344,143.98472753043438,0.004781444444444444,0.0,1.871,True,True,False,False,0.0,0.0,193.76533033093412,218.01238489685957,0.0,-25.873050786119265,385.9046644416744
2025-01-09T13:00:00Z,2025-01-09T13:15:00Z,2025-01-09,2025-01-09_15,0.0,100,100,0,143.98472753043438,151.7159475304344,0.02147561111111111,0.0,8.4035,True,True,False,False,0.0,0.0,193.76533033093412,218.01238489685957,0.0,1679.6288232337447,2091.4065384615383
2025-01-09T13:15:00Z,2025-01-09T13:30:00Z,2025-01-09,2025-01-09_15,0.0,100,100,0,151.7159475304344,156.5551475304344,0.013442222222222222,0.0,5.26,True,True,False,False,0.0,0.0,193.76533033093412,218.01238489685957,0.0,-71.4358719691182,340.3418432586755
2025-01-09T13:30:00Z,2025-01-09T13:45:00Z,2025-01-09,2025-01-09_15,0.0,100,100,0,156.5551475304344,158.8661875304344,0.006419555555555556,0.0,2.512,True,True,False,False,0.0,0.0,193.76533033093412,218.01238489685957,0.0,-52.748060637741766,359.0296545900519
2025-01-09T13:45:00Z,2025-01-09T14:00:00Z,2025-01-09,2025-01-09_15,0.0,100,100,0,158.8661875304344,160.40994753043438,0.004288222222222222,0.0,1.678,True,True,False,False,0.0,0.0,193.76533033093412,218.01238489685957,0.0,-36.15469580602357,375.6230194217701
2025-01-09T14:00:00Z,2025-01-09T14:15:00Z,2025-01-09,2025-01-09_16,0.0,100,100,0,160.40994753043438,171.57092753043437,0.031002722222222227,0.0,12.1315,True,True,False,False,0.0,0.0,193.76533033093412,218.01238489685957,0.0,27.995769230769234,439.7734844585629
2025-01-09T14:15:00Z,2025-01-09T14:30:00Z,2025-01-09,2025-01-09_16,0.0,100,100,0,171.57092753043437,176.2601675304344,0.013025666666666668,0.0,5.097,True,True,False,False,0.0,0.0,193.76533033093412,218.01238489685957,0.0,-43.5342703767743,368.2434448510194
2025-01-09T14:30:00Z,2025-01-09T14:45:00Z,2025-01-09,2025-01-09_16,0.0,100,100,0,176.2601675304344,182.00924753043438,0.015969666666666667,0.0,6.249,True,True,False,False,0.0,0.0,193.76533033093412,218.01238489685957,0.0,-28.83023101049499,382.9474842172987
2025-01-09T14:45:00Z,2025-01-09T15:00:00Z,2025-01-09,2025-01-09_16,0.0,100,100,0,182.00924753043438,189.3388875304344,0.02036011111111111,0.0,7.966999999999999,True,True,False,False,0.0,0.0,193.76533033093412,218.01238489685957,0.0,-62.19283224094253,349.58488298685114
2025-01-09T15:00:00Z,2025-01-09T15:15:00Z,2025-01-09,2025-01-09_17,100.0,0,100,0,189.3388875304344,175.47747448695614,0.03850392512077294,0.0,12.2475,True,True,False,False,3995.25,0.0,0.0,218.01238489685957,0.0,34.618923659978286,4247.881308556838
2025-01-09T15:15:00Z,2025-01-09T15:30:00Z,2025-01-09,2025-01-09_17,100.0,0,100,0,175.47747448695614,151.3443223130431,0.06703653381642512,0.0,2.7975,True,True,False,False,3995.25,0.0,0.0,218.01238489685957,0.0,-58.039491435120034,4155.22289346174
2025-01-09T15:30:00Z,2025-01-09T15:45:00Z,2025-01-09,2025-01-09_17,100.0,0,100,0,151.3443223130431,128.08236579130397,0.0646165458937198,0.0,3.599,True,True,False,False,3995.25,0.0,0.0,218.01238489685957,0.0,-67.7390295146568,4145.523355382203
2025-01-09T15:45:00Z,2025-01-09T16:00:00Z,2025-01-09,2025-01-09_17,100.0,0,100,0,128.08236579130397,101.12964839999961,0.07486865942028985,0.0,0.2035,True,True,False,False,3995.25,0.0,0.0,218.01238489685957,0.0,-11.714363062447223,4201.548021834413
2025-01-09T16:00:00Z,2025-01-09T16:15:00Z,2025-01-09,2025-01-09_18,99.99999999999983,0,100,0,101.12964839999961,82.89269187826054,0.05065821256038641,0.0,8.222,True,True,False,False,3860.499999999993,0.0,0.0,218.01238489685957,0.0,-41.913388153926576,4036.5989967429264
2025-01-09T16:15:00Z,2025-01-09T16:30:00Z,2025-01-09,2025-01-09_18,99.99999999999983,0,100,0,82.89269187826054,65.3138875304345,0.04883001207729465,0.0,8.8275,True,True,False,False,3860.499999999993,0.0,0.0,218.01238489685957,0.0,-80.68595540632919,3997.8264294905234
2025-01-09T16:30:00Z,2025-01-09T16:45:00Z,2025-01-09,2025-01-09_18,99.99999999999983,0,100,0,65.3138875304345,41.69214839999975,0.06561594202898541,0.0,3.2680000000000002,True,True,False,False,3860.499999999993,0.0,0.0,218.01238489685957,0.0,-51.88207889340143,4026.6303060034516
2025-01-09T16:45:00Z,2025-01-09T17:00:00Z,2025-01-09,2025-01-09_18,99.99999999999983,0,100,0,41.69214839999975,24.190517965217186,0.04861564009661832,0.0,8.8985,True,True,False,False,3860.499999999993,0.0,0.0,218.01238489685957,0.0,54.15887088342917,4132.671255780282
2025-01-09T17:00:00Z,2025-01-09T17:15:00Z,2025-01-09,2025-01-09_19,17.999999999999975,82,100,0,24.190517965217186,23.50081935652154,0.02045101835748791,0.0,4.4225,True,True,False,False,710.999999999999,0.0,168.8783224094254,218.01238489685957,0.0,-82.1423046765049,1015.7484026297791
2025-01-09T17:15:00Z,2025-01-09T17:30:00Z,2025-01-09,2025-01-09_19,17.999999999999975,82,100,0,23.50081935652154,19.357529182608502,0.014830594927536214,0.004509999999999999,0.7925,True,True,False,False,710.999999999999,0.0,168.8783224094254,218.01238489685957,0.5226188507780771,-18.86111122280751,1079.5522149342546
2025-01-09T17:30:00Z,2025-01-09T17:45:00Z,2025-01-09,2025-01-09_19,17.999999999999975,82,100,0,19.357529182608502,14.769379599999812,0.014088111062801913,0.00123,0.3205,True,True,False,False,710.999999999999,0.0,168.8783224094254,218.01238489685957,0.07418874904499578,-9.455838996340827,1088.5090570589882
2025-01-09T17:45:00Z,2025-01-09T18:00:00Z,2025-01-09,2025-01-09_19,17.999999999999975,82,100,0,14.769379599999812,9.999999999999819,0.013839223333333317,0.01107,0.141,True,True,False,False,710.999999999999,0.0,168.8783224094254,218.01238489685957,1.0716141923680085,-5.090066548715268,1093.8722549499366
2025-01-09T18:00:00Z,2025-01-09T18:15:00Z,2025-01-09,2025-01-09_20,0.0,100,100,0,9.999999999999819,10.28611999999982,0.0007947777777777777,0.0,0.311,True,True,False,False,0.0,0.0,193.76533033093412,218.01238489685957,0.0,-14.876077043709037,396.9016381840847
2025-01-09T18:15:00Z,2025-01-09T18:30:00Z,2025-01-09,2025-01-09_20,0.0,100,100,0,10.28611999999982,10.79861652173895,0.0017043985507246375,0.0465,0.612,True,True,False,False,0.0,0.0,193.76533033093412,218.01238489685957,5.4616231050705695,-14.58387952873055,402.65545880413373
2025-01-09T18:30:00Z,2025-01-09T18:45:00Z,2025-01-09,2025-01-09_20,0.0,100,100,0,10.79861652173895,16.27031652173895,0.015199166666666668,0.0,5.9475,True,True,False,False,0.0,0.0,193.76533033093412,218.01238489685957,0.0,-115.6496863565081,296.1280288712856
2025-01-09T18:45:00Z,2025-01-09T19:00:00Z,2025-01-09,2025-01-09_20,0.0,100,100,0,16.27031652173895,21.78203652173895,0.015310333333333332,0.0,5.991,True,True,False,False,0.0,0.0,193.76533033093412,218.01238489685957,0.0,-100.82485142144839,310.9528638063453
2025-01-09T19:00:00Z,2025-01-09T19:15:00Z,2025-01-09,2025-01-09_21,30.999999999999957,69,100,0,21.78203652173895,13.94117739130418,0.023896164251207695,0.0,0.6,True,True,False,False,1046.2499999999986,0.0,133.69807792834453,218.01238489685957,0.0,-24.90655032369617,1373.0539125015066
2025-01-09T19:15:00Z,2025-01-09T19:30:00Z,2025-01-09,2025-01-09_21,30.999999999999957,69,100,0,13.94117739130418,10.024271095652018,0.027236975265700458,0.0,4.638,True,True,False,False,1046.2499999999986,0.0,133.69807792834453,218.01238489685957,0.0,-31.040601552133175,1366.9198612730695
2025-01-09T19:30:00Z,2025-01-09T19:45:00Z,2025-01-09,2025-01-09_21,30.999999999999957,69,100,0,10.024271095652018,15.794319686956378,0.03548434391304348,0.0,14.6065,True,True,False,False,1046.2499999999986,0.0,133.69807792834453,218.01238489685957,0.0,72.3218214443685,1470.2822842695712
2025-01-09T19:45:00Z,2025-01-09T20:00:00Z,2025-01-09,2025-01-09_21,30.999999999999957,69,100,0,15.794319686956378,27.550388452173785,0.040580776763285045,0.0,20.7665,True,True,False,False,1046.2499999999986,0.0,133.69807792834453,218.01238489685957,0.0,352.0677039687965,1750.0281667939992
2025-01-09T20:00:00Z,2025-01-09T20:15:00Z,2025-01-09,2025-01-09_22,0.0,100,100,0,27.550388452173785,29.503308452173783,0.005633111111111111,0.0345,2.1635,True,True,False,False,0.0,0.0,193.76533033093412,218.01238489685957,4.6785171297599435,-45.00382745586875,371.4524049016849
2025-01-09T20:15:00Z,2025-01-09T20:30:00Z,2025-01-09,2025-01-09_22,0.0,100,100,0,29.503308452173783,29.087046713043346,0.0011716159420289854,0.3855,0.003,True,True,False,False,0.0,0.0,193.76533033093412,218.01238489685957,51.97840242872653,-0.1803450078410873,463.57577264867916
2025-01-09T20:30:00Z,2025-01-09T20:45:00Z,2025-01-09,2025-01-09_22,0.0,100,100,0,29.087046713043346,28.810680626086825,0.0010257946859903381,0.297,0.0505,True,True,False,False,0.0,0.0,193.76533033093412,218.01238489685957,39.34417005106759,-3.023136434918976,448.0987488439423
2025-01-09T20:45:00Z,2025-01-09T21:00:00Z,2025-01-09,2025-01-09_22,0.0,100,100,0,28.810680626086825,29.219011060869434,0.0014724154589371983,0.05600000000000001,0.51,True,True,False,False,0.0,0.0,193.76533033093412,218.01238489685957,6.548311552535286,-13.039257710402511,405.2867690699265
2025-01-09T21:00:00Z,2025-01-09T21:15:00Z,2025-01-09,2025-01-09_23,0.0,100,100,0,29.219011060869434,23.92023801739117,0.01499736956521739,4.921,0.0545,True,True,False,False,0.0,0.0,193.76533033093412,218.01238489685957,747.9350114600508,-1.186217077486027,1158.5265096103585
2025-01-09T21:15:00Z,2025-01-09T21:30:00Z,2025-01-09,2025-01-09_23,0.0,100,100,0,23.92023801739117,18.530020626086824,0.01497282608695652,4.959,0.0,True,True,False,False,0.0,0.0,193.76533033093412,218.01238489685957,742.499031927299,0.0,1154.2767471550928
2025-01-09T21:30:00Z,2025-01-09T21:45:00Z,2025-01-09,2025-01-09_23,0.0,100,100,0,18.530020626086824,19.999196278260737,0.007643845410628019,0.59,2.294,True,True,False,False,0.0,0.0,193.76533033093412,218.01238489685957,80.60834372109856,-46.86423659978286,445.5218223491094
2025-01-09T21:45:00Z,2025-01-09T22:00:00Z,2025-01-09,2025-01-09_23,0.0,100,100,0,19.999196278260737,25.538516278260737,0.015387,0.0,6.021,True,True,False,False,0.0,0.0,193.76533033093412,218.01238489685957,0.0,-78.9988417306687,332.778873497125
2025-01-09T22:00:00Z,2025-01-09T22:15:00Z,2025-01-10,2025-01-09_24,0.0,100,100,0,25.538516278260737,30.378636278260736,0.01344477777777778,0.0,5.261,True,True,False,False,0.0,0.0,193.7731220846067,218.02115168087505,0.0,-102.6792001769342,309.11507358854755
2025-01-09T22:15:00Z,2025-01-09T22:30:00Z,2025-01-10,2025-01-09_24,0.0,100,100,0,30.378636278260736,39.79621627826074,0.02615994444444444,0.0,10.2365,True,True,False,False,0.0,0.0,193.7731220846067,218.02115168087505,0.0,-67.75074533537075,344.043528430111
2025-01-09T22:30:00Z,2025-01-09T22:45:00Z,2025-01-10,2025-01-09_24,0.0,100,100,0,39.79621627826074,43.07601627826074,0.009110555555555556,0.0,3.565,True,True,False,False,0.0,0.0,193.7731220846067,218.02115168087505,0.0,-76.29383846710631,335.50043529837546
2025-01-09T22:45:00Z,2025-01-09T23:00:00Z,2025-01-10,2025-01-09_24,0.0,100,100,0,43.07601627826074,42.87095975652161,0.0006079347826086957,0.195,0.0075,True,True,False,False,0.0,0.0,193.7731220846067,218.02115168087505,17.830134108090718,-0.4373089914749879,429.1870988820975
2025-01-09T23:00:00Z,2025-01-09T23:15:00Z,2025-01-10,2025-01-10_1,0.0,100,100,0,42.87095975652161,45.221769321738996,0.006539084541062802,0.0015,2.557,True,True,False,False,0.0,0.0,193.62232588064984,218.02115168087505,0.09047772237413543,-52.52605275856522,359.2079025253338
2025-01-09T23:15:00Z,2025-01-09T23:30:00Z,2025-01-10,2025-01-10_1,0.0,100,100,0,45.221769321738996,46.121486713043346,0.0040813405797101455,0.262,1.2875,True,True,False,False,0.0,0.0,193.62232588064984,218.02115168087505,33.516993726877914,-27.452049320411774,417.70842196799106
2025-01-09T23:30:00Z,2025-01-09T23:45:00Z,2025-01-10,2025-01-10_1,0.0,100,100,0,46.121486713043346,47.08645453913031,0.0029340893719806763,0.042,1.0985,True,True,False,False,0.0,0.0,193.62232588064984,218.02115168087505,2.7947530963487215,-24.128304246421102,390.3099264114525
2025-01-09T23:45:00Z,2025-01-10T00:00:00Z,2025-01-10,2025-01-10_1,0.0,100,100,0,47.08645453913031,47.125985843478134,0.0003604130434782609,0.0415,0.092,True,True,False,False,0.0,0.0,193.62232588064984,218.02115168087505,3.1586760093292585,-4.392585652243848,410.4095679186103
2025-01-10T00:00:00Z,2025-01-10T00:15:00Z,2025-01-10,2025-01-10_2,0.0,100,100,0,47.125985843478134,38.20951453913031,0.02477308695652174,8.204,0.001,True,True,False,False,0.0,0.0,193.7731220846067,218.02115168087505,1495.4848190445555,-0.058307865529998386,1907.2207849445072
2025-01-10T00:15:00Z,2025-01-10T00:30:00Z,2025-01-10,2025-01-10_2,0.0,100,100,0,38.20951453913031,36.50913975652161,0.004751374396135265,1.569,0.0055,True,True,False,False,0.0,0.0,193.7731220846067,218.02115168087505,219.45147719961398,-0.32069326041499113,630.9250577046807
2025-01-10T00:30:00Z,2025-01-10T00:45:00Z,2025-01-10,2025-01-10_2,0.0,100,100,0,36.50913975652161,36.47379193043466,0.00048152173913043475,0.096,0.075,True,True,False,False,0.0,0.0,193.7731220846067,218.02115168087505,13.125301592407913,-3.824086175004021,421.0954891828857
2025-01-10T00:45:00Z,2025-01-10T01:00:00Z,2025-01-10,2025-01-10_2,0.0,100,100,0,36.47379193043466,36.41117627826075,0.000360487922705314,0.0885,0.0365,True,True,False,False,0.0,0.0,193.7731220846067,218.02115168087505,11.86465135917645,-2.128237091844941,421.53068803281326
2025-01-10T01:00:00Z,2025-01-10T01:15:00Z,2025-01-10,2025-01-10_3,0.0,100,100,0,36.41117627826075,35.582038017391184,0.002313384057971014,0.7645,0.002,True,True,False,False,0.0,0.0,193.7731220846067,218.02115168087505,104.52388611870677,-0.11661573105999677,516.2015441531286
2025-01-10T01:15:00Z,2025-01-10T01:30:00Z,2025-01-10,2025-01-10_3,0.0,100,100,0,35.582038017391184,40.316409321739016,0.01333219082125604,0.03,5.1815,True,True,False,False,0.0,0.0,193.7731220846067,218.02115168087505,4.101656747627473,-98.75958169133021,317.13634882177905
2025-01-10T01:30:00Z,2025-01-10T01:45:00Z,2025-01-10,2025-01-10_3,0.0,100,100,0,40.316409321739016,43.90808932173901,0.00997688888888889,0.0,3.904,True,True,False,False,0.0,0.0,193.7731220846067,218.02115168087505,0.0,-74.65764194949332,337.13663181598844
2025-01-10T01:45:00Z,2025-01-10T02:00:00Z,2025-01-10,2025-01-10_3,0.0,100,100,0,43.90808932173901,51.13468932173901,0.02007388888888889,0.0,7.855,True,True,False,False,0.0,0.0,193.7731220846067,218.02115168087505,0.0,-146.33522599324434,265.45904777223745
2025-01-10T02:00:00Z,2025-01-10T02:15:00Z,2025-01-10,2025-01-10_4,-52.164154536082975,100,47,0,51.13468932173901,62.67279432749472,0.03420521563893991,0.746,0.31114,True,True,False,False,-964.3848069858341,0.0,193.7731220846067,102.46994129001126,101.99453112433649,-7.127956156506354,-573.275168643386
2025-01-10T02:15:00Z,2025-01-10T02:30:00Z,2025-01-10,2025-01-10_4,-52.164154536082975,100,47,0,62.67279432749472,74.38414293965246,0.03337645054090895,0.2925,0.006580000000000001,True,True,False,False,-964.3848069858341,0.0,193.7731220846067,102.46994129001126,38.92150755991636,-0.34586674038925524,-629.566102791689
2025-01-10T02:30:00Z,2025-01-10T02:45:00Z,2025-01-10,2025-01-10_4,-52.164154536082975,100,47,0,74.38414293965246,86.29885671151472,0.03338817958318352,0.101,0.019505,True,True,False,False,-964.3848069858341,0.0,193.7731220846067,102.46994129001126,6.741591603667364,-0.9530217669293871,-662.3531737744781
2025-01-10T02:45:00Z,2025-01-10T03:00:00Z,2025-01-10,2025-01-10_4,-52.164154536082975,100,47,0,86.29885671151472,98.27132260869561,0.033534158963457586,0.096,0.07684500000000001,True,True,False,False,-964.3848069858341,0.0,193.7731220846067,102.46994129001126,5.790574231944667,-2.974962645769664,-665.3261320250411
2025-01-10T03:00:00Z,2025-01-10T03:15:00Z,2025-01-10,2025-01-10_5,-100.0,100,0,0,98.27132260869561,121.27132260869561,0.06388888888888888,0.0,0.0,True,True,False,False,-1772.5000000000002,0.0,193.7731220846067,0.0,0.0,0.0,-1578.7268779153935
2025-01-10T03:15:00Z,2025-01-10T03:30:00Z,2025-01-10,2025-01-10_5,-100.0,100,0,0,121.27132260869561,142.4938826086956,0.05895155555555556,1.932,0.0,True,True,False,False,-1772.5000000000002,0.0,193.7731220846067,0.0,262.54239182885635,0.0,-1316.1844860865372
2025-01-10T03:30:00Z,2025-01-10T03:45:00Z,2025-01-10,2025-01-10_5,-100.0,100,0,0,142.4938826086956,159.4816826086956,0.047188333333333325,6.535,0.0,True,True,False,False,-1772.5000000000002,0.0,193.7731220846067,0.0,1023.5350460431074,0.0,-555.1918318722861
2025-01-10T03:45:00Z,2025-01-10T04:00:00Z,2025-01-10,2025-01-10_5,-100.0,100,0,0,159.4816826086956,175.8231826086956,0.045393055555555555,7.2375,0.0,True,True,False,False,-1772.5000000000002,0.0,193.7731220846067,0.0,1149.1292021875502,0.0,-429.59767572784335
2025-01-10T04:00:00Z,2025-01-10T04:15:00Z,2025-01-10,2025-01-10_6,0.0,100,100,0,175.8231826086956,186.22891999999993,0.029584173913043483,0.11250000000000002,11.4435,True,True,False,False,0.0,0.0,193.7731220846067,218.02115168087505,15.381212803603026,15.602053542705484,442.77754011179024
2025-01-10T04:15:00Z,2025-01-10T04:30:00Z,2025-01-10,2025-01-10_6,0.0,100,100,0,186.22891999999993,189.8630434782608,0.010855657004830918,0.126,4.099,True,True,False,False,0.0,0.0,193.7731220846067,218.02115168087505,17.226958340035388,-65.42774087180312,363.593491233714
2025-01-10T04:30:00Z,2025-01-10T04:45:00Z,2025-01-10,2025-01-10_6,0.0,100,100,0,189.8630434782608,188.51739130434777,0.0037379227053140093,1.238,0.0,True,True,False,False,0.0,0.0,193.7731220846067,218.02115168087505,172.25041539327646,0.0,584.0446891587583
2025-01-10T04:45:00Z,2025-01-10T05:00:00Z,2025-01-10,2025-01-10_6,0.0,100,100,0,188.51739130434777,183.35760869565212,0.014332729468599033,4.747,0.0,True,True,False,False,0.0,0.0,193.7731220846067,218.02115168087505,749.2941358372204,0.0,1161.088409602702
2025-01-10T05:00:00Z,2025-01-10T05:15:00Z,2025-01-10,2025-01-10_7,0.0,100,100,0,183.35760869565212,189.0961286956521,0.017120888888888883,0.1955,6.468499999999999,True,True,False,False,0.0,0.0,193.7731220846067,218.02115168087505,26.729129805372366,-44.141243767090224,394.3821598037639
2025-01-10T05:15:00Z,2025-01-10T05:30:00Z,2025-01-10,2025-01-10_7,0.0,100,100,0,189.0961286956521,187.53250956521734,0.004527386473429952,1.469,0.036,True,True,False,False,0.0,0.0,193.7731220846067,218.02115168087505,204.56008122888852,-1.7926676853788,614.5616873089915
2025-01-10T05:30:00Z,2025-01-10T05:45:00Z,2025-01-10,2025-01-10_7,0.0,100,100,0,187.53250956521734,173.4281617391304,0.03917874396135266,12.976,0.0,True,True,False,False,0.0,0.0,193.7731220846067,218.02115168087505,3065.13125623291,0.0,3476.9255299983915
2025-01-10T05:45:00Z,2025-01-10T06:00:00Z,2025-01-10,2025-01-10_7,0.0,100,100,0,173.4281617391304,150.73413999999997,0.06303894927536231,20.8785,0.0,True,True,False,False,0.0,0.0,193.7731220846067,218.02115168087505,11257.716081309312,0.0,11669.510355074794
2025-01-10T06:00:00Z,2025-01-10T06:15:00Z,2025-01-10,2025-01-10_8,100.0,0,100,0,150.73413999999997,123.5602269565217,0.07548309178743962,0.0,0.0,True,True,False,False,4181.5,0.0,0.0,218.02115168087505,0.0,0.0,4399.521151680875
2025-01-10T06:15:00Z,2025-01-10T06:30:00Z,2025-01-10,2025-01-10_8,100.0,0,100,0,123.5602269565217,96.43522695652172,0.0753472222222222,0.0,0.045,True,True,False,False,4181.5,0.0,0.0,218.02115168087505,0.0,-2.4253096348721246,4397.095842046003
2025-01-10T06:30:00Z,2025-01-10T06:45:00Z,2025-01-10,2025-01-10_8,100.0,0,100,0,96.43522695652172,69.34229217391302,0.07525815217391303,0.0,0.0745,True,True,False,False,4181.5,0.0,0.0,218.02115168087505,0.0,-3.712597313816953,4395.808554367058
2025-01-10T06:45:00Z,2025-01-10T07:00:00Z,2025-01-10,2025-01-10_8,100.0,0,100,0,69.34229217391302,42.16837913043477,0.0754830917874396,0.0,0.0,True,True,False,False,4181.5,0.0,0.0,218.02115168087505,0.0,0.0,4399.521151680875
2025-01-10T07:00:00Z,2025-01-10T07:15:00Z,2025-01-10,2025-01-10_9,34.999999999999986,65,100,0,42.16837913043477,32.93587730434782,0.027687343961352646,0.29705000000000004,0.6145,True,True,False,False,1390.9874999999995,0.0,133.87234598681036,218.02115168087505,40.61323789609137,-16.419119752292104,1767.0751158114842
2025-01-10T07:15:00Z,2025-01-10T07:30:00Z,2025-01-10,2025-01-10_9,34.999999999999986,65,100,0,32.93587730434782,24.048570478260864,0.02681983007246375,0.004225,0.642,True,True,False,False,1390.9874999999995,0.0,133.87234598681036,218.02115168087505,0.5776499919575357,-38.85354672671707,1704.6051009329253
2025-01-10T07:30:00Z,2025-01-10T07:45:00Z,2025-01-10,2025-01-10_9,34.999999999999986,65,100,0,24.048570478260864,15.560165260869564,0.02705062560386472,0.0,1.045,True,True,False,False,1390.9874999999995,0.0,133.87234598681036,218.02115168087505,0.0,-63.24292263149429,1679.6380750361907
2025-01-10T07:45:00Z,2025-01-10T08:00:00Z,2025-01-10,2025-01-10_9,34.999999999999986,65,100,0,15.560165260869564,10.132793260869567,0.028941327777777772,0.0,4.1735,True,True,False,False,1390.9874999999995,0.0,133.87234598681036,218.02115168087505,0.0,-97.25523765481744,1645.6257600128674
2025-01-10T08:00:00Z,2025-01-10T08:15:00Z,2025-01-10,2025-01-10_10,0.0,100,100,0,10.132793260869567,11.350010652173916,0.004477173913043479,0.1815,1.5375,True,True,False,False,0.0,0.0,193.7731220846067,218.02115168087505,24.81502332314621,-56.40024579781245,380.2090512908155
2025-01-10T08:15:00Z,2025-01-10T08:30:00Z,2025-01-10,2025-01-10_10,0.0,100,100,0,11.350010652173916,12.876263695652176,0.004523408212560387,0.047,1.7145000000000001,True,True,False,False,0.0,0.0,193.7731220846067,218.02115168087505,6.425928904616375,-45.56855295962683,372.6516497104713
2025-01-10T08:30:00Z,2025-01-10T08:45:00Z,2025-01-10,2025-01-10_10,0.0,100,100,0,12.876263695652176,16.279343695652177,0.009453,0.0,3.6989999999999994,True,True,False,False,0.0,0.0,193.7731220846067,218.02115168087505,0.0,-107.09072060479328,304.7035531606885
2025-01-10T08:45:00Z,2025-01-10T09:00:00Z,2025-01-10,2025-01-10_10,0.0,100,100,0,16.279343695652177,23.164163695652178,0.019124500000000003,0.0,7.4835,True,True,False,False,0.0,0.0,193.7731220846067,218.02115168087505,0.0,-24.087854170017692,387.70641959546407
2025-01-10T09:00:00Z,2025-01-10T09:15:00Z,2025-01-10,2025-01-10_11,0.0,100,100,0,23.164163695652178,29.08850369565218,0.0164565,0.0,6.4395,True,True,False,False,0.0,0.0,193.7731220846067,218.02115168087505,0.0,-93.6327330304005,318.16154073508125
2025-01-10T09:15:00Z,2025-01-10T09:30:00Z,2025-01-10,2025-01-10_11,0.0,100,100,0,29.08850369565218,36.91172369565218,0.02173116666666667,0.0,8.5035,True,True,False,False,0.0,0.0,193.7731220846067,218.02115168087505,0.0,-65.65865982387004,346.1356139416117
2025-01-10T09:30:00Z,2025-01-10T09:45:00Z,2025-01-10,2025-01-10_11,0.0,100,100,0,36.91172369565218,46.706503695652174,0.02720772222222222,0.0,10.6465,True,True,False,False,0.0,0.0,193.7731220846067,218.02115168087505,0.0,-65.10428080263793,346.6899929628438
2025-01-10T09:45:00Z,2025-01-10T10:00:00Z,2025-01-10,2025-01-10_11,0.0,100,100,0,46.706503695652174,47.21508543478261,0.002001495169082126,0.0975,0.668,True,True,False,False,0.0,0.0,193.7731220846067,218.02115168087505,13.024765763229851,-40.42705484960592,384.3919846791057
2025-01-10T10:00:00Z,2025-01-10T10:15:00Z,2025-01-10,2025-01-10_12,0.0,100,100,0,47.21508543478261,46.43121152173913,0.0027652053140096618,0.8185,0.11499999999999999,True,True,False,False,0.0,0.0,193.7731220846067,218.02115168087505,118.96210260173717,-6.959747466623773,523.7966289005951
2025-01-10T10:15:00Z,2025-01-10T10:30:00Z,2025-01-10,2025-01-10_12,0.0,100,100,0,46.43121152173913,46.180319347826085,0.001223367149758454,0.318,0.103,True,True,False,False,0.0,0.0,193.7731220846067,218.02115168087505,42.02592247064501,-3.2169897056458097,450.603206530481
2025-01-10T10:30:00Z,2025-01-10T10:45:00Z,2025-01-10,2025-01-10_12,0.0,100,100,0,46.180319347826085,49.238232391304344,0.00850024154589372,0.001,3.325,True,True,False,False,0.0,0.0,193.7731220846067,218.02115168087505,0.060318481582756954,-50.661859618787204,361.1927326282773
2025-01-10T10:45:00Z,2025-01-10T11:00:00Z,2025-01-10,2025-01-10_12,0.0,100,100,0,49.238232391304344,56.581672391304345,0.020398444444444445,0.0,7.982,True,True,False,False,0.0,0.0,193.7731220846067,218.02115168087505,0.0,-69.66917363680231,342.12510012867943
2025-01-10T11:00:00Z,2025-01-10T11:15:00Z,2025-01-10,2025-01-10_13,0.0,100,100,0,56.581672391304345,67.48781239130435,0.030294833333333333,0.0,11.8545,True,True,False,False,0.0,0.0,193.7731220846067,218.02115168087505,0.0,-26.039571437188354,385.75470232829343
2025-01-10T11:15:00Z,2025-01-10T11:30:00Z,2025-01-10,2025-01-10_13,0.0,100,100,0,67.48781239130435,70.01382108695653,0.007460531400966184,0.0735,2.8325,True,True,False,False,0.0,0.0,193.7731220846067,218.02115168087505,10.049059031687309,-31.5176562248673,390.32567657230175
2025-01-10T11:30:00Z,2025-01-10T11:45:00Z,2025-01-10,2025-01-10_13,0.0,100,100,0,70.01382108695653,70.41181673913043,0.0029322342995169084,0.3025,0.79,True,True,False,False,0.0,0.0,193.7731220846067,218.02115168087505,41.35837220524368,-16.000454399227923,437.1521915714975
2025-01-10T11:45:00Z,2025-01-10T12:00:00Z,2025-01-10,2025-01-10_13,0.0,100,100,0,70.41181673913043,72.54207673913044,0.0059173888888888896,0.0,2.3155,True,True,False,False,0.0,0.0,193.7731220846067,218.02115168087505,0.0,-42.37463698327168,369.4196367822101
2025-01-10T12:00:00Z,2025-01-10T12:15:00Z,2025-01-10,2025-01-10_14,-100.0,100,0,0,72.54207673913044,93.98865673913045,0.05957383333333335,1.6884999999999997,0.0,True,True,False,False,-2625.25,0.0,193.7731220846067,0.0,262.39309011581145,0.0,-2169.083787799582
2025-01-10T12:15:00Z,2025-01-10T12:30:00Z,2025-01-10,2025-01-10_14,-100.0,100,0,0,93.98865673913045,114.26315673913045,0.05631805555555555,2.9625,0.0,True,True,False,False,-2625.25,0.0,193.7731220846067,0.0,442.5052703273282,0.0,-1988.9716075880651
2025-01-10T12:30:00Z,2025-01-10T12:45:00Z,2025-01-10,2025-01-10_14,-100.0,100,0,0,114.26315673913045,137.10261673913044,0.06344294444444445,0.1745,0.0,True,True,False,False,-2625.25,0.0,193.7731220846067,0.0,25.184578474344537,0.0,-2406.2922994410487
2025-01-10T12:45:00Z,2025-01-10T13:00:00Z,2025-01-10,2025-01-10_14,-100.0,100,0,0,137.10261673913044,159.59385673913044,0.062475666666666665,0.553,0.0,True,True,False,False,-2625.25,0.0,193.7731220846067,0.0,75.56895769663825,0.0,-2355.907920218755
2025-01-10T13:00:00Z,2025-01-10T13:15:00Z,2025-01-10,2025-01-10_15,-35.00000000000007,100,65,0,159.59385673913044,171.31976273913045,0.03257196111111116,0.0,3.99555,True,True,False,False,-962.587500000002,0.0,193.7731220846067,141.71374859256878,0.0,-51.051393638410815,-678.1520229612373
2025-01-10T13:15:00Z,2025-01-10T13:30:00Z,2025-01-10,2025-01-10_15,-35.00000000000007,100,65,0,171.31976273913045,177.4078826086957,0.02451832814009666,1.9379999999999997,0.034124999999999996,True,True,False,False,-962.587500000002,0.0,193.7731220846067,141.71374859256878,264.92883947241427,-1.3585230014476433,-363.5303128518599
2025-01-10T13:30:00Z,2025-01-10T13:45:00Z,2025-01-10,2025-01-10_15,-35.00000000000007,100,65,0,177.4078826086957,181.45493608695656,0.026547823671497616,3.8995,0.00845,True,True,False,False,-962.587500000002,0.0,193.7731220846067,141.71374859256878,616.0160954841564,-0.49270146372848633,-11.577235302398641
2025-01-10T13:45:00Z,2025-01-10T14:00:00Z,2025-01-10,2025-01-10_15,-35.00000000000007,100,65,0,181.45493608695656,186.0776750434783,0.025984208454106313,3.3485,0.0182,True,True,False,False,-962.587500000002,0.0,193.7731220846067,141.71374859256878,497.32119129001126,-0.5562168248351295,-130.3356548576504
2025-01-10T14:00:00Z,2025-01-10T14:15:00Z,2025-01-10,2025-01-10_16,0.0,100,100,0,186.0776750434783,188.42647765217396,0.006539548309178744,0.0025,2.556,True,True,False,False,0.0,0.0,193.7731220846067,218.02115168087505,0.3418047289689561,-52.29788965739102,359.8381888370597
2025-01-10T14:15:00Z,2025-01-10T14:30:00Z,2025-01-10,2025-01-10_16,0.0,100,100,0,188.42647765217396,189.2287193913044,0.002261661835748792,0.0055,0.8785,True,True,False,False,0.0,0.0,193.7731220846067,218.02115168087505,0.7519704037317033,-27.05835109377513,385.4878930754383
2025-01-10T14:30:00Z,2025-01-10T14:45:00Z,2025-01-10,2025-01-10_16,0.0,100,100,0,189.2287193913044,189.51480721739136,0.000978867149758454,0.0305,0.347,True,True,False,False,0.0,0.0,193.7731220846067,218.02115168087505,4.170017693421264,-20.98256031848158,394.98173114042146
2025-01-10T14:45:00Z,2025-01-10T15:00:00Z,2025-01-10,2025-01-10_16,0.0,100,100,0,189.51480721739136,189.73166721739136,0.0012273888888888888,0.1035,0.358,True,True,False,False,0.0,0.0,193.7731220846067,218.02115168087505,14.150715779314782,-15.661492279234354,410.2834972655622
2025-01-10T15:00:00Z,2025-01-10T15:15:00Z,2025-01-10,2025-01-10_17,100.0,0,100,0,189.73166721739136,169.23329765217397,0.0569399154589372,0.0,6.1415,True,True,False,False,3979.5,0.0,0.0,218.02115168087505,0.0,-105.9438385676371,4091.577313113238
2025-01-10T15:15:00Z,2025-01-10T15:30:00Z,2025-01-10,2025-01-10_17,100.0,0,100,0,169.23329765217397,144.7224280869566,0.06808574879227054,0.0,2.45,True,True,False,False,3979.5,0.0,0.0,218.02115168087505,0.0,-53.91073870033779,4143.610412980537
2025-01-10T15:30:00Z,2025-01-10T15:45:00Z,2025-01-10,2025-01-10_17,100.0,0,100,0,144.7224280869566,117.54851504347835,0.0754830917874396,0.0,0.0,True,True,False,False,3979.5,0.0,0.0,218.02115168087505,0.0,0.0,4197.521151680875
2025-01-10T15:45:00Z,2025-01-10T16:00:00Z,2025-01-10,2025-01-10_17,100.0,0,100,0,117.54851504347835,90.37460200000008,0.07548309178743962,0.0,0.0,True,True,False,False,3979.5,0.0,0.0,218.02115168087505,0.0,0.0,4197.521151680875
2025-01-10T16:00:00Z,2025-01-10T16:15:00Z,2025-01-10,2025-01-10_18,0.0,100,100,0,90.37460200000008,92.3867828695653,0.008279608695652174,0.44549999999999995,2.7135,True,True,False,False,0.0,0.0,205.95745536432364,218.02115168087505,60.907632097474654,-56.197536492681344,428.688702649992
2025-01-10T16:15:00Z,2025-01-10T16:30:00Z,2025-01-10,2025-01-10_18,0.0,100,100,0,92.3867828695653,93.70008286956529,0.003648055555555556,0.0,1.4275,True,True,False,False,0.0,0.0,205.95745536432364,218.02115168087505,0.0,-38.9250341804729,385.05357286472577
2025-01-10T16:30:00Z,2025-01-10T16:45:00Z,2025-01-10,2025-01-10_18,0.0,100,100,0,93.70008286956529,94.62790286956529,0.0025772777777777777,0.0,1.0085,True,True,False,False,0.0,0.0,205.95745536432364,218.02115168087505,0.0,-28.02330645809876,395.95530058709994
2025-01-10T16:45:00Z,2025-01-10T17:00:00Z,2025-01-10,2025-01-10_18,0.0,100,100,0,94.62790286956529,96.51206286956528,0.005233777777777778,0.0,2.048,True,True,False,False,0.0,0.0,205.95745536432364,218.02115168087505,0.0,-51.134116133183205,372.8444909120155
2025-01-10T17:00:00Z,2025-01-10T17:15:00Z,2025-01-10,2025-01-10_19,45.69004908822868,54,100,0,96.51206286956528,91.57538151396422,0.03455124917528595,0.0,7.507,True,True,False,False,1708.1224851634292,0.0,111.21702589673475,218.02115168087505,0.0,-117.51346951906062,1919.8471932219784
2025-01-10T17:15:00Z,2025-01-10T17:30:00Z,2025-01-10,2025-01-10_19,45.69004908822868,54,100,0,91.57538151396422,84.82994924922421,0.034536016222344396,0.0,5.6915,True,True,False,False,1708.1224851634292,0.0,111.21702589673475,218.02115168087505,0.0,-98.66861116696154,1938.6920515740776
2025-01-10T17:30:00Z,2025-01-10T17:45:00Z,2025-01-10,2025-01-10_19,45.69004908822868,54,100,0,84.82994924922421,85.38477712588636,0.034597497611867534,0.0,13.019,True,True,False,False,1708.1224851634292,0.0,111.21702589673475,218.02115168087505,0.0,17.331268899790896,2054.69193164083
2025-01-10T17:45:00Z,2025-01-10T18:00:00Z,2025-01-10,2025-01-10_19,45.69004908822868,54,100,0,85.38477712588636,80.31459391304232,0.03455012484827181,0.0,7.373,True,True,False,False,1708.1224851634292,0.0,111.21702589673475,218.02115168087505,0.0,-104.10938093131735,1933.2512818097216
2025-01-10T18:00:00Z,2025-01-10T18:15:00Z,2025-01-10,2025-01-10_20,0.0,100,100,0,80.31459391304232,74.82118086956405,0.01730392512077295,5.3925,0.4,True,True,False,False,0.0,0.0,193.7731220846067,218.02115168087505,853.7337130046647,-8.560238056940646,1256.9677487132058
2025-01-10T18:15:00Z,2025-01-10T18:30:00Z,2025-01-10,2025-01-10_20,0.0,100,100,0,74.82118086956405,72.00028347825969,0.007943159420289855,2.613,0.021,True,True,False,False,0.0,0.0,193.7731220846067,218.02115168087505,357.2159504182081,-0.900556136400193,768.1096680472897
2025-01-10T18:30:00Z,2025-01-10T18:45:00Z,2025-01-10,2025-01-10_20,0.0,100,100,0,72.00028347825969,71.91518956521622,0.0006784830917874395,0.1515,0.0865,True,True,False,False,0.0,0.0,193.7731220846067,218.02115168087505,19.490912417564743,-3.6040217347595296,427.68116444828695
2025-01-10T18:45:00Z,2025-01-10T19:00:00Z,2025-01-10,2025-01-10_20,0.0,100,100,0,71.91518956521622,78.43384956521622,0.018107388888888888,0.0,7.0855,True,True,False,False,0.0,0.0,193.7731220846067,218.02115168087505,0.0,-54.26242751729129,357.53184624819045
2025-01-10T19:00:00Z,2025-01-10T19:15:00Z,2025-01-10,2025-01-10_21,0.0,100,100,0,78.43384956521622,57.468744347824924,0.05958062560386473,19.5105,0.263,True,True,False,False,0.0,0.0,193.7731220846067,218.02115168087505,22469.618652082998,-5.442962039568925,22875.96996380891
2025-01-10T19:15:00Z,2025-01-10T19:30:00Z,2025-01-10,2025-01-10_21,0.0,100,100,0,57.468744347824924,32.725809565216224,0.06873037439613526,22.7635,0.0,True,True,False,False,0.0,0.0,193.7731220846067,218.02115168087505,20931.54536673637,0.0,21343.33964050185
2025-01-10T19:30:00Z,2025-01-10T19:45:00Z,2025-01-10,2025-01-10_21,0.0,100,100,0,32.725809565216224,11.205157391303182,0.059779589371980676,19.799,0.0,True,True,False,False,0.0,0.0,193.7731220846067,218.02115168087505,15439.183449815022,0.0,15850.977723580503
2025-01-10T19:45:00Z,2025-01-10T20:00:00Z,2025-01-10,2025-01-10_21,0.0,100,100,0,11.205157391303182,9.999999999998833,0.011042437198067632,2.383,1.5055,True,True,False,False,0.0,0.0,193.7731220846067,218.02115168087505,363.8171559835933,-31.640745033778348,743.9706847152967
2025-01-10T20:00:00Z,2025-01-10T20:15:00Z,2025-01-10,2025-01-10_22,5.540503321833018e-15,0,0,0,9.999999999998833,9.999999999998831,4.182143207905358e-18,0.0,0.0,True,False,False,False,1.6969176548944077e-13,0.0,0.0,0.0,0.0,0.0,1.6969176548944077e-13
2025-01-10T20:15:00Z,2025-01-10T20:30:00Z,2025-01-10,2025-01-10_22,5.540503321833018e-15,0,0,0,9.999999999998831,9.99999999999883,4.182143207905358e-18,0.0,0.0,True,False,False,False,1.6969176548944077e-13,0.0,0.0,0.0,0.0,0.0,1.6969176548944077e-13
2025-01-10T20:30:00Z,2025-01-10T20:45:00Z,2025-01-10,2025-01-10_22,5.540503321833018e-15,0,0,0,9.99999999999883,9.999999999998828,4.182143207905358e-18,0.0,0.0,True,False,False,False,1.6969176548944077e-13,0.0,0.0,0.0,0.0,0.0,1.6969176548944077e-13
2025-01-10T20:45:00Z,2025-01-10T21:00:00Z,2025-01-10,2025-01-10_22,5.540503321833018e-15,0,0,0,9.999999999998828,9.999999999998826,4.182143207905358e-18,0.0,0.0,True,False,False,False,1.6969176548944077e-13,0.0,0.0,0.0,0.0,0.0,1.6969176548944077e-13
2025-01-10T21:00:00Z,2025-01-10T21:15:00Z,2025-01-10,2025-01-10_23,0.0,100,100,0,9.999999999998826,18.146139999998827,0.022628166666666668,0.0,8.8545,True,True,False,False,0.0,0.0,193.7731220846067,218.02115168087505,0.0,2001.4595297169053,2413.253803482387
2025-01-10T21:15:00Z,2025-01-10T21:30:00Z,2025-01-10,2025-01-10_23,0.0,100,100,0,18.146139999998827,18.628679999998827,0.0013403888888888888,0.0,0.5245,True,True,False,False,0.0,0.0,193.7731220846067,218.02115168087505,0.0,-22.917347092649187,388.87692667283255
2025-01-10T21:30:00Z,2025-01-10T21:45:00Z,2025-01-10,2025-01-10_23,0.0,100,100,0,18.628679999998827,20.33486260869448,0.004754492753623188,0.0025,1.8574999999999997,True,True,False,False,0.0,0.0,193.7731220846067,218.02115168087505,0.1507962039568924,-29.05835712562328,382.88671284381536
2025-01-10T21:45:00Z,2025-01-10T22:00:00Z,2025-01-10,2025-01-10_23,0.0,100,100,0,20.33486260869448,26.07934260869448,0.01595688888888889,0.0,6.244,True,True,False,False,0.0,0.0,193.7731220846067,218.02115168087505,0.0,-99.23912497989383,312.5551487855879
2025-01-10T22:00:00Z,2025-01-10T22:15:00Z,2025-01-11,2025-01-10_24,0.0,100,100,0,26.07934260869448,27.792467826085783,0.004788874396135266,0.005,1.8680000000000003,True,True,False,False,0.0,0.0,193.05019305019306,214.1650579150579,0.3016409266409266,-44.10993806306307,363.4069538288288
2025-01-10T22:15:00Z,2025-01-10T22:30:00Z,2025-01-11,2025-01-10_24,0.0,100,100,0,27.792467826085783,38.44974782608578,0.029603555555555557,0.0,11.584,True,True,False,False,0.0,0.0,193.05019305019306,214.1650579150579,0.0,112.71151866151864,519.9267696267696
2025-01-10T22:30:00Z,2025-01-10T22:45:00Z,2025-01-11,2025-01-10_24,0.0,100,100,0,38.44974782608578,56.489107826085785,0.05010933333333334,0.0,19.608,True,True,False,False,0.0,0.0,193.05019305019306,214.1650579150579,0.0,284.81440154440156,692.0296525096526
2025-01-10T22:45:00Z,2025-01-10T23:00:00Z,2025-01-11,2025-01-10_24,0.0,100,100,0,56.489107826085785,74.09790782608579,0.048913333333333336,0.0,19.14,True,True,False,False,0.0,0.0,193.05019305019306,214.1650579150579,0.0,199.2248914092664,606.4401423745173
2025-01-10T23:00:00Z,2025-01-10T23:15:00Z,2025-01-11,2025-01-11_1,0.0,100,100,0,74.09790782608579,89.46788782608579,0.042694388888888886,0.0,16.7065,True,True,False,False,0.0,0.0,193.05019305019306,214.1650579150579,0.0,147.74407788368723,554.9593288489382
2025-01-10T23:15:00Z,2025-01-10T23:30:00Z,2025-01-11,2025-01-11_1,0.0,100,100,0,89.46788782608579,95.61946782608578,0.017087722222222223,0.0,6.6865,True,True,False,False,0.0,0.0,193.05019305019306,214.1650579150579,0.0,-56.59483289092665,350.62041807432433
2025-01-10T23:30:00Z,2025-01-10T23:45:00Z,2025-01-11,2025-01-11_1,0.0,100,100,0,95.61946782608578,97.019588695651,0.004009997584541063,0.02,1.5455,True,True,False,False,0.0,0.0,193.05019305019306,214.1650579150579,2.4674227799227797,-32.884142535392535,376.79853120978123
2025-01-10T23:45:00Z,2025-01-11T00:00:00Z,2025-01-11,2025-01-11_1,0.0,100,100,0,97.019588695651,97.39336521739013,0.0019440652173913046,0.15,0.5835,True,True,False,False,0.0,0.0,193.05019305019306,214.1650579150579,20.244118001930502,-12.96658844111969,414.4927805260618
2025-01-11T00:00:00Z,2025-01-11T00:15:00Z,2025-01-11,2025-01-11_2,-5.4813763548172065e-15,100,100,0,97.39336521739013,97.87130695652056,0.0013608285024154624,0.0055,0.526,True,True,False,False,-1.3678774693446338e-13,0.0,193.05019305019306,214.1650579150579,0.48463662323037315,-15.416449887387389,392.2834377010938
2025-01-11T00:15:00Z,2025-01-11T00:30:00Z,2025-01-11,2025-01-11_2,-5.4813763548172065e-15,100,100,0,97.87130695652056,93.77674173912925,0.011373792270531403,3.7670000000000003,0.0,True,True,False,False,-1.3678774693446338e-13,0.0,193.05019305019306,214.1650579150579,577.6309073359074,0.0,984.8461583011582
2025-01-11T00:30:00Z,2025-01-11T00:45:00Z,2025-01-11,2025-01-11_2,-5.4813763548172065e-15,100,100,0,93.77674173912925,89.11043739130317,0.012961956521739135,4.293,0.0,True,True,False,False,-1.3678774693446338e-13,0.0,193.05019305019306,214.1650579150579,657.3509489623552,0.0,1064.566199927606
2025-01-11T00:45:00Z,2025-01-11T01:00:00Z,2025-01-11,2025-01-11_2,-5.4813763548172065e-15,100,100,0,89.11043739130317,84.3506547826075,0.013221618357487924,4.379,0.0,True,True,False,False,-1.3678774693446338e-13,0.0,193.05019305019306,214.1650579150579,685.0914150981338,0.0,1092.3066660633847
2025-01-11T01:00:00Z,2025-01-11T01:15:00Z,2025-01-11,2025-01-11_3,-8.999999999999876,100,91,0,84.3506547826075,81.1312140521727,0.018173020917874354,4.9345,0.0,True,True,False,False,-216.427499999997,0.0,193.05019305019306,194.89020270270268,772.7233700329793,0.0,944.2362657858781
2025-01-11T01:15:00Z,2025-01-11T01:30:00Z,2025-01-11,2025-01-11_3,-8.999999999999876,100,91,0,81.1312140521727,78.80576330434657,0.016073355410627967,4.1005,0.0,True,True,False,False,-216.427499999997,0.0,193.05019305019306,194.89020270270268,638.9822145471364,0.0,810.4951103000352
2025-01-11T01:30:00Z,2025-01-11T01:45:00Z,2025-01-11,2025-01-11_3,-8.999999999999876,100,91,0,78.80576330434657,80.06163213912915,0.007662105458937123,0.7595,0.0,True,True,False,False,-216.427499999997,0.0,193.05019305019306,194.89020270270268,104.02315315315313,0.0,275.53604890605186
2025-01-11T01:45:00Z,2025-01-11T02:00:00Z,2025-01-11,2025-01-11_3,-8.999999999999876,100,91,0,80.06163213912915,74.19398726956389,0.02439271352657002,7.405,0.0,True,True,False,False,-216.427499999997,0.0,193.05019305019306,194.89020270270268,1187.6412041505791,0.0,1359.1540999034778
2025-01-11T02:00:00Z,2025-01-11T02:15:00Z,2025-01-11,2025-01-11_4,0.0,100,100,0,74.19398726956389,81.72936205217259,0.021526403381642512,0.0985,8.307,True,True,False,False,0.0,0.0,193.05019305019306,214.1650579150579,13.469272844272846,-50.40027690637066,370.28424690315313
2025-01-11T02:15:00Z,2025-01-11T02:30:00Z,2025-01-11,2025-01-11_4,0.0,100,100,0,81.72936205217259,88.88650205217259,0.019880944444444448,0.0,7.7795000000000005,True,True,False,False,0.0,0.0,193.05019305019306,214.1650579150579,0.0,-98.98493876689189,308.23031219835906
2025-01-11T02:30:00Z,2025-01-11T02:45:00Z,2025-01-11,2025-01-11_4,0.0,100,100,0,88.88650205217259,88.77561422608564,0.002355021739130435,0.441,0.40049999999999997,True,True,False,False,0.0,0.0,193.05019305019306,214.1650579150579,60.304054054054056,-13.038800675675674,454.4805043436293
2025-01-11T02:45:00Z,2025-01-11T03:00:00Z,2025-01-11,2025-01-11_4,0.0,100,100,0,88.77561422608564,85.78376639999868,0.008310688405797101,2.7525,0.0,True,True,False,False,0.0,0.0,193.05019305019306,214.1650579150579,405.61957649613896,0.0,812.83482746139
2025-01-11T03:00:00Z,2025-01-11T03:15:00Z,2025-01-11,2025-01-11_5,-1.277304318261369e-13,100,100,0,85.78376639999868,87.28195683478133,0.005194248792270612,0.171,1.8305000000000002,True,True,False,False,-2.9013967589306998e-12,0.0,193.05019305019306,207.70994208494207,23.230388513513514,-36.888653575450455,387.1018700731953
2025-01-11T03:15:00Z,2025-01-11T03:30:00Z,2025-01-11,2025-01-11_5,-1.277304318261369e-13,100,100,0,87.28195683478133,88.12467683478135,0.0023408888888889704,0.0,0.9159999999999999,True,True,False,False,-2.9013967589306998e-12,0.0,193.05019305019306,207.70994208494207,0.0,-23.01917873230373,377.7409564028285
2025-01-11T03:30:00Z,2025-01-11T03:45:00Z,2025-01-11,2025-01-11_5,-1.277304318261369e-13,100,100,0,88.12467683478135,88.90345683478138,0.00216327777777786,0.0,0.8465,True,True,False,False,-2.9013967589306998e-12,0.0,193.05019305019306,207.70994208494207,0.0,-20.744935549388675,380.0151995857436
2025-01-11T03:45:00Z,2025-01-11T04:00:00Z,2025-01-11,2025-01-11_5,-1.277304318261369e-13,100,100,0,88.90345683478138,90.8832968347814,0.005499555555555638,0.0,2.152,True,True,False,False,-2.9013967589306998e-12,0.0,193.05019305019306,207.70994208494207,0.0,-37.48862934362935,363.2715057915029
2025-01-11T04:00:00Z,2025-01-11T04:15:00Z,2025-01-11,2025-01-11_6,0.0,100,100,0,90.8832968347814,106.5982768347814,0.04365272222222222,0.0,17.0815,True,True,False,False,0.0,0.0,193.05019305019306,214.1650579150579,0.0,172.6939375201094,579.9091884853603
2025-01-11T04:15:00Z,2025-01-11T04:30:00Z,2025-01-11,2025-01-11_6,0.0,100,100,0,106.5982768347814,111.5060168347814,0.013632611111111113,0.0,5.3345,True,True,False,False,0.0,0.0,193.05019305019306,214.1650579150579,0.0,-75.99474119208494,331.220509773166
2025-01-11T04:30:00Z,2025-01-11T04:45:00Z,2025-01-11,2025-01-11_6,0.0,100,100,0,111.5060168347814,114.3589368347814,0.007924777777777779,0.0,3.101,True,True,False,False,0.0,0.0,193.05019305019306,214.1650579150579,0.0,-62.41660472972972,344.79864623552123
2025-01-11T04:45:00Z,2025-01-11T05:00:00Z,2025-01-11,2025-01-11_6,0.0,100,100,0,114.3589368347814,113.37125857391185,0.006525772946859902,1.535,0.74,True,True,False,False,0.0,0.0,193.05019305019306,214.1650579150579,216.69280888030886,-15.05282738095238,608.8552324646074
2025-01-11T05:00:00Z,2025-01-11T05:15:00Z,2025-01-11,2025-01-11_7,0.0,100,100,0,113.37125857391185,123.64711509565097,0.028547065217391306,0.0005,11.17,True,True,False,False,0.0,0.0,193.05019305019306,214.1650579150579,0.030164092664092663,68.73206845238094,475.977483510296
2025-01-11T05:15:00Z,2025-01-11T05:30:00Z,2025-01-11,2025-01-11_7,0.0,100,100,0,123.64711509565097,126.55247944347705,0.008952099033816427,0.146,3.3305000000000002,True,True,False,False,0.0,0.0,193.05019305019306,214.1650579150579,19.926410472972968,-41.75381304295367,385.3878483952703
2025-01-11T05:30:00Z,2025-01-11T05:45:00Z,2025-01-11,2025-01-11_7,0.0,100,100,0,126.55247944347705,127.621867269564,0.003224144927536232,0.042,1.212,True,True,False,False,0.0,0.0,193.05019305019306,214.1650579150579,5.62862331081081,-36.08458976833977,376.759284507722
2025-01-11T05:45:00Z,2025-01-11T06:00:00Z,2025-01-11,2025-01-11_7,0.0,100,100,0,127.621867269564,128.0762255304336,0.002131671497584541,0.144,0.664,True,True,False,False,0.0,0.0,193.05019305019306,214.1650579150579,19.156216216216215,-20.351423745173744,406.0200434362934
2025-01-11T06:00:00Z,2025-01-11T06:15:00Z,2025-01-11,2025-01-11_8,0.0,100,100,0,128.0762255304336,144.5594055304336,0.04578661111111111,0.0,17.9165,True,True,False,False,0.0,0.0,193.05019305019306,214.1650579150579,0.0,384.76087274774767,791.9761237129986
2025-01-11T06:15:00Z,2025-01-11T06:30:00Z,2025-01-11,2025-01-11_8,0.0,100,100,0,144.5594055304336,155.29442553043359,0.029819500000000002,0.0,11.6685,True,True,False,False,0.0,0.0,193.05019305019306,214.1650579150579,0.0,-43.06936082287645,364.1458901423745
2025-01-11T06:30:00Z,2025-01-11T06:45:00Z,2025-01-11,2025-01-11_8,0.0,100,100,0,155.29442553043359,155.61674987825967,0.0014992101449275363,0.1,0.46849999999999997,True,True,False,False,0.0,0.0,193.05019305019306,214.1650579150579,13.674388674388675,-19.817414333976835,401.0722253056628
2025-01-11T06:45:00Z,2025-01-11T07:00:00Z,2025-01-11,2025-01-11_8,0.0,100,100,0,155.61674987825967,156.16150987825966,0.002207666666666667,0.11499999999999999,0.728,True,True,False,False,0.0,0.0,193.05019305019306,214.1650579150579,15.725546975546974,-25.824617117117114,397.1161808236808
2025-01-11T07:00:00Z,2025-01-11T07:15:00Z,2025-01-11,2025-01-11_9,0.0,100,100,0,156.16150987825966,161.67000987825966,0.015301388888888889,0.0,5.9875,True,True,False,False,0.0,0.0,193.05019305019306,214.1650579150579,0.0,-120.40500321750321,286.8102477477478
2025-01-11T07:15:00Z,2025-01-11T07:30:00Z,2025-01-11,2025-01-11_9,0.0,100,100,0,161.67000987825966,165.42912987825966,0.010442,0.0,4.086,True,True,False,False,0.0,0.0,193.05019305019306,214.1650579150579,0.0,-86.95075048262548,320.26450048262546
2025-01-11T07:30:00Z,2025-01-11T07:45:00Z,2025-01-11,2025-01-11_9,0.0,100,100,0,165.42912987825966,165.6703011826075,0.000781635265700483,0.0185,0.284,True,True,False,False,0.0,0.0,193.05019305019306,214.1650579150579,2.109475446428571,-13.961334459459458,395.36339195222007
2025-01-11T07:45:00Z,2025-01-11T08:00:00Z,2025-01-11,2025-01-11_9,0.0,100,100,0,165.6703011826075,165.76575857391185,0.002402840579710145,0.354,0.522,True,True,False,False,0.0,0.0,193.05019305019306,214.1650579150579,48.06343026061775,-16.210468146718146,439.06821307915055
2025-01-11T08:00:00Z,2025-01-11T08:15:00Z,2025-01-11,2025-01-11_10,100.0,0,100,0,165.76575857391185,138.5918455304336,0.0754830917874396,0.0,0.0,True,True,False,False,3193.5,0.0,0.0,214.1650579150579,0.0,0.0,3407.665057915058
2025-01-11T08:15:00Z,2025-01-11T08:30:00Z,2025-01-11,2025-01-11_10,100.0,0,100,0,138.5918455304336,111.41793248695534,0.0754830917874396,0.0,0.0,True,True,False,False,3193.5,0.0,0.0,214.1650579150579,0.0,0.0,3407.665057915058
2025-01-11T08:30:00Z,2025-01-11T08:45:00Z,2025-01-11,2025-01-11_10,100.0,0,100,0,111.41793248695534,92.45108466086837,0.052685688405797106,0.0,7.5505,True,True,False,False,3193.5,0.0,0.0,214.1650579150579,0.0,28.273379283301157,3435.938437198359
2025-01-11T08:45:00Z,2025-01-11T09:00:00Z,2025-01-11,2025-01-11_10,100.0,0,100,0,92.45108466086837,92.1684759652162,0.0007850241545893776,0.0,24.74,True,True,False,False,3193.5,0.0,0.0,214.1650579150579,0.0,14369.38383606821,17777.04889398327
2025-01-11T09:00:00Z,2025-01-11T09:15:00Z,2025-01-11,2025-01-11_11,0.0,0,0,0,92.1684759652162,92.1684759652162,0.0,0.0,0.0,True,False,False,False,0.0,0.0,0.0,0.0,0.0,0.0,0.0
2025-01-11T09:15:00Z,2025-01-11T09:30:00Z,2025-01-11,2025-01-11_11,0.0,0,0,0,92.1684759652162,92.1684759652162,0.0,0.0,0.0,True,False,False,False,0.0,0.0,0.0,0.0,0.0,0.0,0.0
2025-01-11T09:30:00Z,2025-01-11T09:45:00Z,2025-01-11,2025-01-11_11,0.0,0,0,0,92.1684759652162,92.1684759652162,0.0,0.0,0.0,True,False,False,False,0.0,0.0,0.0,0.0,0.0,0.0,0.0
2025-01-11T09:45:00Z,2025-01-11T10:00:00Z,2025-01-11,2025-01-11_11,0.0,0,0,0,92.1684759652162,92.1684759652162,0.0,0.0,0.0,True,False,False,False,0.0,0.0,0.0,0.0,0.0,0.0,0.0
2025-01-11T10:00:00Z,2025-01-11T10:15:00Z,2025-01-11,2025-01-11_12,-99.61678415879179,0,0,0,92.1684759652162,115.08033632173832,0.06364405654589475,0.0,0.0,True,False,False,False,-2485.687806722252,0.0,0.0,0.0,0.0,0.0,-2485.687806722252
2025-01-11T10:15:00Z,2025-01-11T10:30:00Z,2025-01-11,2025-01-11_12,-99.61678415879179,0,0,0,115.08033632173832,137.99219667826043,0.06364405654589475,0.0,0.0,True,False,False,False,-2485.687806722252,0.0,0.0,0.0,0.0,0.0,-2485.687806722252
2025-01-11T10:30:00Z,2025-01-11T10:45:00Z,2025-01-11,2025-01-11_12,-99.61678415879179,0,0,0,137.99219667826043,160.90405703478254,0.06364405654589475,0.0,0.0,True,False,False,False,-2485.687806722252,0.0,0.0,0.0,0.0,0.0,-2485.687806722252
2025-01-11T10:45:00Z,2025-01-11T11:00:00Z,2025-01-11,2025-01-11_12,-99.61678415879179,0,0,0,160.90405703478254,183.81591739130465,0.06364405654589475,0.0,0.0,True,False,False,False,-2485.687806722252,0.0,0.0,0.0,0.0,0.0,-2485.687806722252
2025-01-11T11:00:00Z,2025-01-11T11:15:00Z,2025-01-11,2025-01-11_13,1.3199385782675575e-13,100,100,0,183.81591739130465,185.7943773913046,0.005495722222222307,0.0,2.1505,True,True,False,False,3.195571297985757e-12,0.0,193.05019305019306,214.1650579150579,0.0,-37.65494017454955,369.5603107907046
2025-01-11T11:15:00Z,2025-01-11T11:30:00Z,2025-01-11,2025-01-11_13,1.3199385782675575e-13,100,100,0,185.7943773913046,182.4232243478263,0.009379647342995267,3.104,0.003,True,True,False,False,3.195571297985757e-12,0.0,193.05019305019306,214.1650579150579,463.04516731016724,-0.18038127413127414,870.0800370012902
2025-01-11T11:30:00Z,2025-01-11T11:45:00Z,2025-01-11,2025-01-11_13,1.3199385782675575e-13,100,100,0,182.4232243478263,181.5284365217393,0.004621966183574976,1.177,0.418,True,True,False,False,3.195571297985757e-12,0.0,193.05019305019306,214.1650579150579,165.99704753861002,-11.13910151222651,562.0731969916377
2025-01-11T11:45:00Z,2025-01-11T12:00:00Z,2025-01-11,2025-01-11_13,1.3199385782675575e-13,100,100,0,181.5284365217393,183.07277130434798,0.004884625603864821,0.0985,1.7950000000000002,True,True,False,False,3.195571297985757e-12,0.0,193.05019305019306,214.1650579150579,12.437665198680822,-30.487711148648653,389.16520501528635
2025-01-11T12:00:00Z,2025-01-11T12:15:00Z,2025-01-11,2025-01-11_14,0.0,100,100,0,183.07277130434798,184.07599043478277,0.0028048357487922707,0.003,1.094,True,True,False,False,0.0,0.0,193.05019305019306,214.1650579150579,0.41023166023166024,-45.63987250643501,361.98561011904764
2025-01-11T12:15:00Z,2025-01-11T12:30:00Z,2025-01-11,2025-01-11_14,0.0,100,100,0,184.07599043478277,184.42120000000014,0.0009679734299516909,0.0015,0.377,True,True,False,False,0.0,0.0,193.05019305019306,214.1650579150579,0.20511583011583012,-22.00190134330759,385.4184654520592
2025-01-11T12:30:00Z,2025-01-11T12:45:00Z,2025-01-11,2025-01-11_14,0.0,100,100,0,184.42120000000014,183.19341130434796,0.0036456352657004833,1.1685,0.046,True,True,False,False,0.0,0.0,193.05019305019306,214.1650579150579,159.7852316602317,-2.7658462033462032,564.2346364221364
2025-01-11T12:45:00Z,2025-01-11T13:00:00Z,2025-01-11,2025-01-11_14,0.0,100,100,0,183.19341130434796,182.026563478261,0.0032412439613526568,1.0735,0.0,True,True,False,False,0.0,0.0,193.05019305019306,214.1650579150579,146.7945624195624,0.0,554.0098133848134
2025-01-11T13:00:00Z,2025-01-11T13:15:00Z,2025-01-11,2025-01-11_15,0.0,100,100,0,182.026563478261,185.27307652173928,0.009024130434782607,0.001,3.53,True,True,False,False,0.0,0.0,193.05019305019306,214.1650579150579,0.13674388674388674,-82.8784769144144,324.4735179375804
2025-01-11T13:15:00Z,2025-01-11T13:30:00Z,2025-01-11,2025-01-11_15,0.0,100,100,0,185.27307652173928,182.89992173913058,0.0082992077294686,2.466,0.334,True,True,False,False,0.0,0.0,193.05019305019306,214.1650579150579,356.85342784749037,-11.541766007078508,752.5269128056628
2025-01-11T13:30:00Z,2025-01-11T13:45:00Z,2025-01-11,2025-01-11_15,0.0,100,100,0,182.89992173913058,179.98035652173928,0.008109903381642511,2.686,0.0,True,True,False,False,0.0,0.0,193.05019305019306,214.1650579150579,367.2940797940798,0.0,774.5093307593307
2025-01-11T13:45:00Z,2025-01-11T14:00:00Z,2025-01-11,2025-01-11_15,0.0,100,100,0,179.98035652173928,179.71547652173928,0.000792,0.253,0.011,True,True,False,False,0.0,0.0,193.05019305019306,214.1650579150579,34.596203346203346,-0.6613980051480051,441.1500563063063
2025-01-11T14:00:00Z,2025-01-11T14:15:00Z,2025-01-11,2025-01-11_16,0.0,100,100,0,179.71547652173928,186.93839652173926,0.020063666666666667,0.0,7.851,True,True,False,False,0.0,0.0,193.05019305019306,214.1650579150579,0.0,-28.214531249999997,379.00071971525097
2025-01-11T14:15:00Z,2025-01-11T14:30:00Z,2025-01-11,2025-01-11_16,0.0,100,100,0,186.93839652173926,189.8758000000001,0.008364768115942028,0.034,3.2329999999999997,True,True,False,False,0.0,0.0,193.05019305019306,214.1650579150579,4.64929214929215,-63.01125321750321,348.8532898970399
2025-01-11T14:30:00Z,2025-01-11T14:45:00Z,2025-01-11,2025-01-11_16,0.0,100,100,0,189.8758000000001,188.7646739130436,0.0037764613526570043,1.1365,0.135,True,True,False,False,0.0,0.0,193.05019305019306,214.1650579150579,155.4094272844273,-6.383940637065637,556.2407376126126
2025-01-11T14:45:00Z,2025-01-11T15:00:00Z,2025-01-11,2025-01-11_16,0.0,100,100,0,188.7646739130436,179.0983695652175,0.026850845410628023,8.893,0.0,True,True,False,False,0.0,0.0,193.05019305019306,214.1650579150579,1577.9960380469756,0.0,1985.2112890122266
2025-01-11T15:00:00Z,2025-01-11T15:15:00Z,2025-01-11,2025-01-11_17,0.0,100,100,0,179.0983695652175,187.7403600000001,0.02503813768115942,0.171,9.5955,True,True,False,False,0.0,0.0,196.0666023166023,214.1650579150579,23.383204633204635,29.559496561293436,463.17436142615827
2025-01-11T15:15:00Z,2025-01-11T15:30:00Z,2025-01-11,2025-01-11_17,0.0,100,100,0,187.7403600000001,187.08651913043485,0.009104669082125604,1.8085,1.426,True,True,False,False,0.0,0.0,196.0666023166023,214.1650579150579,247.22494671010296,-35.92471605534105,621.5318908864222
2025-01-11T15:30:00Z,2025-01-11T15:45:00Z,2025-01-11,2025-01-11_17,0.0,100,100,0,187.08651913043485,175.62728000000007,0.03183121980676329,10.5425,0.0,True,True,False,False,0.0,0.0,196.0666023166023,214.1650579150579,1778.1246606539576,0.0,2188.3563208856176
2025-01-11T15:45:00Z,2025-01-11T16:00:00Z,2025-01-11,2025-01-11_17,0.0,100,100,0,175.62728000000007,159.6946713043479,0.04425724637681159,14.658,0.0,True,True,False,False,0.0,0.0,196.0666023166023,214.1650579150579,2787.7465624999995,0.0,3197.9782227316596
2025-01-11T16:00:00Z,2025-01-11T16:15:00Z,2025-01-11,2025-01-11_18,100.0,0,100,0,159.6946713043479,132.52075826086966,0.0754830917874396,0.0,0.0,True,True,False,False,3879.9999999999995,0.0,0.0,214.1650579150579,0.0,0.0,4094.1650579150573
2025-01-11T16:15:00Z,2025-01-11T16:30:00Z,2025-01-11,2025-01-11_18,100.0,0,100,0,132.52075826086966,105.47456260869573,0.07512832125603865,0.0,0.11749999999999998,True,True,False,False,3879.9999999999995,0.0,0.0,214.1650579150579,0.0,-7.0486531732625455,4087.116404741795
2025-01-11T16:30:00Z,2025-01-11T16:45:00Z,2025-01-11,2025-01-11_18,100.0,0,100,0,105.47456260869573,78.39032347826095,0.07523399758454107,0.0,0.0825,True,True,False,False,3879.9999999999995,0.0,0.0,214.1650579150579,0.0,-4.960485038610039,4089.2045728764474
2025-01-11T16:45:00Z,2025-01-11T17:00:00Z,2025-01-11,2025-01-11_18,100.0,0,100,0,78.39032347826095,51.35282347826096,0.07510416666666665,0.0,0.1255,True,True,False,False,3879.9999999999995,0.0,0.0,214.1650579150579,0.0,-7.536006475225224,4086.6290514398324
2025-01-11T17:00:00Z,2025-01-11T17:15:00Z,2025-01-11,2025-01-11_19,0.0,100,100,0,51.35282347826096,53.65696347826096,0.0064003888888888895,0.0,2.5045,True,True,False,False,0.0,0.0,196.0666023166023,214.1650579150579,0.0,-81.93161910794724,328.30004112371296
2025-01-11T17:15:00Z,2025-01-11T17:30:00Z,2025-01-11,2025-01-11_19,0.0,100,100,0,53.65696347826096,54.562703478260964,0.0025159444444444443,0.0,0.9844999999999999,True,True,False,False,0.0,0.0,196.0666023166023,214.1650579150579,0.0,-49.57165771798583,360.6600025136744
2025-01-11T17:30:00Z,2025-01-11T17:45:00Z,2025-01-11,2025-01-11_19,0.0,100,100,0,54.562703478260964,57.07384347826096,0.0069753888888888895,0.0,2.7295,True,True,False,False,0.0,0.0,196.0666023166023,214.1650579150579,0.0,-88.56768631354568,321.66397391811455
2025-01-11T17:45:00Z,2025-01-11T18:00:00Z,2025-01-11,2025-01-11_19,0.0,100,100,0,57.07384347826096,60.58962347826096,0.009766055555555556,0.0,3.8215,True,True,False,False,0.0,0.0,196.0666023166023,214.1650579150579,0.0,-83.09118926962675,327.1404709620335
2025-01-11T18:00:00Z,2025-01-11T18:15:00Z,2025-01-11,2025-01-11_20,28.2906865777488,71,100,0,60.58962347826096,54.31409730179857,0.0227831254784382,0.0,1.46,True,True,False,False,1060.9714733820244,0.0,137.06563706563708,214.1650579150579,0.0,-56.82015363577864,1355.3820147269407
2025-01-11T18:15:00Z,2025-01-11T18:30:00Z,2025-01-11,2025-01-11_20,28.2906865777488,71,100,0,54.31409730179857,48.642608225191985,0.023394126252928735,0.0,2.0845,True,True,False,False,1060.9714733820244,0.0,137.06563706563708,214.1650579150579,0.0,-53.9887512065637,1358.2134171561556
2025-01-11T18:30:00Z,2025-01-11T18:45:00Z,2025-01-11,2025-01-11_20,28.2906865777488,71,100,0,48.642608225191985,44.15501251963987,0.024591668203251253,0.0,3.3085000000000004,True,True,False,False,1060.9714733820244,0.0,137.06563706563708,214.1650579150579,0.0,-63.18338149533462,1349.0187868673847
2025-01-11T18:45:00Z,2025-01-11T19:00:00Z,2025-01-11,2025-01-11_20,28.2906865777488,71,100,0,44.15501251963987,41.67007304347359,0.02661741216415221,0.0,5.379,True,True,False,False,1060.9714733820244,0.0,137.06563706563708,214.1650579150579,0.0,-96.22772261100384,1315.9744457517156
2025-01-11T19:00:00Z,2025-01-11T19:15:00Z,2025-01-11,2025-01-11_21,1.702027592412025e-14,100,100,0,41.67007304347359,31.54844608695185,0.029459852657004838,9.5345,0.263,True,True,False,False,5.823912914335846e-13,0.0,193.05019305019306,214.1650579150579,1536.1918603201416,-5.408826013513513,1937.9982852718797
2025-01-11T19:15:00Z,2025-01-11T19:30:00Z,2025-01-11,2025-01-11_21,1.702027592412025e-14,100,100,0,31.54844608695185,24.356054782604016,0.01997886473429953,6.617000000000001,0.0,True,True,False,False,5.823912914335846e-13,0.0,193.05019305019306,214.1650579150579,1031.6202127574004,0.0,1438.8354637226519
2025-01-11T19:30:00Z,2025-01-11T19:45:00Z,2025-01-11,2025-01-11_21,1.702027592412025e-14,100,100,0,24.356054782604016,21.87566608695184,0.006971746376811605,2.2955,0.016,True,True,False,False,5.823912914335846e-13,0.0,193.05019305019306,214.1650579150579,312.51999074967824,-0.5029375804375804,719.2323041344922
2025-01-11T19:45:00Z,2025-01-11T20:00:00Z,2025-01-11,2025-01-11_21,1.702027592412025e-14,100,100,0,21.87566608695184,24.083223478256183,0.006464229468599045,0.055,2.4645,True,True,False,False,5.823912914335846e-13,0.0,193.05019305019306,214.1650579150579,7.520913770913771,-45.44615709459459,369.2900076415707
2025-01-11T20:00:00Z,2025-01-11T20:15:00Z,2025-01-11,2025-01-11_22,0.0,100,100,0,24.083223478256183,11.355506086951836,0.035354770531400966,11.7095,0.0,True,True,False,False,0.0,0.0,193.05019305019306,214.1650579150579,2275.859813988095,0.0,2683.075064953346
2025-01-11T20:15:00Z,2025-01-11T20:30:00Z,2025-01-11,2025-01-11_22,0.0,100,100,0,11.355506086951836,9.999999999995314,0.0055976280193236715,1.5505,0.3585,True,True,False,False,0.0,0.0,193.05019305019306,214.1650579150579,225.79187429617116,-14.624187379343628,618.3829378820785
2025-01-11T20:30:00Z,2025-01-11T20:45:00Z,2025-01-11,2025-01-11_22,0.0,100,100,0,9.999999999995314,11.890599999995315,0.0052516666666666675,0.0,2.055,True,True,False,False,0.0,0.0,193.05019305019306,214.1650579150579,0.0,-41.10867820945946,366.1065727557915
2025-01-11T20:45:00Z,2025-01-11T21:00:00Z,2025-01-11,2025-01-11_22,0.0,100,100,0,11.890599999995315,20.712939999995314,0.0245065,0.0,9.5895,True,True,False,False,0.0,0.0,193.05019305019306,214.1650579150579,0.0,-60.89471344111968,346.3205375241313
2025-01-11T21:00:00Z,2025-01-11T21:15:00Z,2025-01-11,2025-01-11_23,0.0,100,100,0,20.712939999995314,17.099956521734445,0.013578065217391305,3.9105,0.693,True,True,False,False,0.0,0.0,193.05019305019306,214.1650579150579,601.2425205115829,-15.73896537162162,992.7188061052123
2025-01-11T21:15:00Z,2025-01-11T21:30:00Z,2025-01-11,2025-01-11_23,0.0,100,100,0,17.099956521734445,15.263543478256183,0.005101147342995169,1.6895,0.0,True,True,False,False,0.0,0.0,193.05019305019306,214.1650579150579,233.04384340814025,0.0,640.2590943733912
2025-01-11T21:30:00Z,2025-01-11T21:45:00Z,2025-01-11,2025-01-11_23,0.0,100,100,0,15.263543478256183,12.864630434777922,0.006663647342995168,2.207,0.0,True,True,False,False,0.0,0.0,193.05019305019306,214.1650579150579,301.79375804375803,0.0,709.009009009009
2025-01-11T21:45:00Z,2025-01-11T22:00:00Z,2025-01-11,2025-01-11_23,0.0,100,100,0,12.864630434777922,14.683930434777922,0.005053611111111111,0.0,1.9775,True,True,False,False,0.0,0.0,193.05019305019306,214.1650579150579,0.0,-51.5630102759009,355.65224068935004
2025-01-11T22:00:00Z,2025-01-11T22:15:00Z,2025-01-12,2025-01-11_24,-23.852897301430122,100,76,0,14.683930434777922,14.573216666193359,0.02438968932603435,5.371,0.02964,True,True,False,False,-631.1476625958411,0.0,193.05019305019306,162.76544401544402,831.8115914575291,-1.0852562499999998,555.394309677325
2025-01-11T22:15:00Z,2025-01-11T22:30:00Z,2025-01-12,2025-01-11_24,-23.852897301430122,100,76,0,14.573216666193359,14.469265905616092,0.024259032172087015,5.3385,0.0,True,True,False,False,-631.1476625958411,0.0,193.05019305019306,162.76544401544402,821.2313058035714,0.0,545.8992802733674
2025-01-11T22:30:00Z,2025-01-11T22:45:00Z,2025-01-12,2025-01-11_24,-23.852897301430122,100,76,0,14.469265905616092,14.487829653865091,0.0240613544178766,5.2215,0.0,True,True,False,False,-631.1476625958411,0.0,193.05019305019306,162.76544401544402,817.6905960424709,0.0,542.3585705122669
2025-01-11T22:45:00Z,2025-01-11T23:00:00Z,2025-01-12,2025-01-11_24,-23.852897301430122,100,76,0,14.487829653865091,18.797542608695636,0.01713756436014785,1.1235,0.0,True,True,False,False,-631.1476625958411,0.0,193.05019305019306,162.76544401544402,153.63175675675674,0.0,-121.70026877344728
2025-01-11T23:00:00Z,2025-01-11T23:15:00Z,2025-01-12,2025-01-12_1,0.0,100,100,0,18.797542608695636,14.37906434782607,0.01227355072463768,4.065,0.0,True,True,False,False,0.0,0.0,193.05019305019306,214.1650579150579,624.5449716457529,0.0,1031.7602226110039
2025-01-11T23:15:00Z,2025-01-11T23:30:00Z,2025-01-12,2025-01-12_1,0.0,100,100,0,14.37906434782607,10.018738260869547,0.01211201690821256,4.0115,0.0,True,True,False,False,0.0,0.0,193.05019305019306,214.1650579150579,622.1398629544723,0.0,1029.3551139197232
2025-01-11T23:30:00Z,2025-01-11T23:45:00Z,2025-01-12,2025-01-12_1,0.0,100,100,0,10.018738260869547,9.999999999999982,0.0006756062801932367,0.1205,0.122,True,True,False,False,0.0,0.0,193.05019305019306,214.1650579150579,16.45653243645431,-4.657530566280566,419.0142528354247
2025-01-11T23:45:00Z,2025-01-12T00:00:00Z,2025-01-12,2025-01-12_1,0.0,100,100,0,9.999999999999982,11.793539999999982,0.0049820555555555555,0.0,1.9494999999999998,True,True,False,False,0.0,0.0,193.05019305019306,214.1650579150579,0.0,-61.658896396396386,345.55635456885454
2025-01-12T00:00:00Z,2025-01-12T00:15:00Z,2025-01-12,2025-01-12_2,-62.999999999999964,100,37,0,11.793539999999982,23.94160633913041,0.039118119057970996,2.405,0.020905,True,True,False,False,-1402.5374999999992,0.0,193.05019305019306,79.24107142857142,335.1456101190475,-0.8876469494047619,-795.9882723515921
2025-01-12T00:15:00Z,2025-01-12T00:30:00Z,2025-01-12,2025-01-12_2,-62.999999999999964,100,37,0,23.94160633913041,37.107684217391274,0.03958539144927535,1.3485,0.0,True,True,False,False,-1402.5374999999992,0.0,193.05019305019306,79.24107142857142,184.3991312741313,0.0,-945.8471042471035
2025-01-12T00:30:00Z,2025-01-12T00:45:00Z,2025-01-12,2025-01-12_2,-62.999999999999964,100,37,0,37.107684217391274,51.67005390434779,0.040578381980676315,0.056999999999999995,0.13949,True,True,False,False,-1402.5374999999992,0.0,193.05019305019306,79.24107142857142,7.794401544401544,-4.808853794642857,-1127.2606877714761
2025-01-12T00:45:00Z,2025-01-12T01:00:00Z,2025-01-12,2025-01-12_2,-62.999999999999964,100,37,0,51.67005390434779,66.48139150434778,0.04114260444444442,0.0,0.34928,True,True,False,False,-1402.5374999999992,0.0,193.05019305019306,79.24107142857142,0.0,-10.601246428571427,-1140.8474819498063
2025-01-12T01:00:00Z,2025-01-12T01:15:00Z,2025-01-12,2025-01-12_3,0.0,100,100,0,66.48139150434778,66.70508628695647,0.0007995144927536233,0.029499999999999995,0.278,True,True,False,False,0.0,0.0,193.05019305019306,214.1650579150579,4.033944658944658,-10.284121621621622,400.965074002574
2025-01-12T01:15:00Z,2025-01-12T01:30:00Z,2025-01-12,2025-01-12_3,0.0,100,100,0,66.70508628695647,67.56482628695647,0.0023881666666666665,0.0,0.9344999999999999,True,True,False,False,0.0,0.0,193.05019305019306,214.1650579150579,0.0,-25.23007179054054,381.9851791747104
2025-01-12T01:30:00Z,2025-01-12T01:45:00Z,2025-01-12,2025-01-12_3,0.0,100,100,0,67.56482628695647,68.21986628695647,0.0018195555555555554,0.0,0.712,True,True,False,False,0.0,0.0,193.05019305019306,214.1650579150579,0.0,-20.179633204633202,387.03561776061775
2025-01-12T01:45:00Z,2025-01-12T02:00:00Z,2025-01-12,2025-01-12_3,0.0,100,100,0,68.21986628695647,69.10574628695647,0.0025302222222222223,0.0115,0.9765000000000001,True,True,False,False,0.0,0.0,193.05019305019306,214.1650579150579,1.0748480735199484,-23.692221283783784,384.5978777549871
2025-01-12T02:00:00Z,2025-01-12T02:15:00Z,2025-01-12,2025-01-12_4,-100.0,100,0,0,69.10574628695647,91.50728628695649,0.06222650000000001,0.6505,0.0,True,True,False,False,-2133.75,0.0,193.05019305019306,0.0,87.9747355614543,0.0,-1852.7250713883527
2025-01-12T02:15:00Z,2025-01-12T02:30:00Z,2025-01-12,2025-01-12_4,-100.0,100,0,0,91.50728628695649,114.50728628695649,0.0638888888888889,0.0,0.0,True,True,False,False,-2133.75,0.0,193.05019305019306,0.0,0.0,0.0,-1940.699806949807
2025-01-12T02:30:00Z,2025-01-12T02:45:00Z,2025-01-12,2025-01-12_4,-100.0,100,0,0,114.50728628695649,137.5072862869565,0.06388888888888888,0.0,0.0,True,True,False,False,-2133.75,0.0,193.05019305019306,0.0,0.0,0.0,-1940.699806949807
2025-01-12T02:45:00Z,2025-01-12T03:00:00Z,2025-01-12,2025-01-12_4,-100.0,100,0,0,137.5072862869565,160.5072862869565,0.0638888888888889,0.0,0.0,True,True,False,False,-2133.75,0.0,193.05019305019306,0.0,0.0,0.0,-1940.699806949807
2025-01-12T03:00:00Z,2025-01-12T03:15:00Z,2025-01-12,2025-01-12_5,0.0,100,100,0,160.5072862869565,161.64624628695648,0.0031637777777777775,0.0,1.238,True,True,False,False,0.0,0.0,193.05019305019306,207.70994208494207,0.0,-28.966829954954953,371.7933051801802
2025-01-12T03:15:00Z,2025-01-12T03:30:00Z,2025-01-12,2025-01-12_5,0.0,100,100,0,161.64624628695648,162.5823462869565,0.002600277777777778,0.0,1.0175,True,True,False,False,0.0,0.0,193.05019305019306,207.70994208494207,0.0,-27.216610863095237,373.5435242720399
2025-01-12T03:30:00Z,2025-01-12T03:45:00Z,2025-01-12,2025-01-12_5,0.0,100,100,0,162.5823462869565,164.0870062869565,0.0041796111111111105,0.0,1.6354999999999997,True,True,False,False,0.0,0.0,193.05019305019306,207.70994208494207,0.0,-37.535461711711704,363.22467342342344
2025-01-12T03:45:00Z,2025-01-12T04:00:00Z,2025-01-12,2025-01-12_5,0.0,100,100,0,164.0870062869565,167.1533662869565,0.008517666666666666,0.0,3.3329999999999997,True,True,False,False,0.0,0.0,193.05019305019306,207.70994208494207,0.0,-56.70349360521235,344.0566415299228
2025-01-12T04:00:00Z,2025-01-12T04:15:00Z,2025-01-12,2025-01-12_6,0.0,100,100,0,167.1533662869565,173.3270262869565,0.017149055555555556,0.0,6.7105,True,True,False,False,0.0,0.0,193.05019305019306,214.1650579150579,0.0,-97.5713285271879,309.64392243806304
2025-01-12T04:15:00Z,2025-01-12T04:30:00Z,2025-01-12,2025-01-12_6,0.0,100,100,0,173.3270262869565,176.07598628695652,0.007636,0.0,2.988,True,True,False,False,0.0,0.0,193.05019305019306,214.1650579150579,0.0,-57.233347007722,349.98190395752897
2025-01-12T04:30:00Z,2025-01-12T04:45:00Z,2025-01-12,2025-01-12_6,0.0,100,100,0,176.07598628695652,177.77614628695653,0.004722666666666667,0.0,1.848,True,True,False,False,0.0,0.0,193.05019305019306,214.1650579150579,0.0,-43.42621621621621,363.7890347490347
2025-01-12T04:45:00Z,2025-01-12T05:00:00Z,2025-01-12,2025-01-12_6,0.0,100,100,0,177.77614628695653,178.07834106956523,0.0011564589371980678,0.0525,0.3905,True,True,False,False,0.0,0.0,193.05019305019306,214.1650579150579,6.253916807432431,-10.485421291827542,402.98374648085587
2025-01-12T05:00:00Z,2025-01-12T05:15:00Z,2025-01-12,2025-01-12_7,0.0,100,100,0,178.07834106956523,186.59846106956522,0.023667,0.0,9.261,True,True,False,False,0.0,0.0,193.05019305019306,214.1650579150579,0.0,-38.25786739864864,368.9573835666023
2025-01-12T05:15:00Z,2025-01-12T05:30:00Z,2025-01-12,2025-01-12_7,0.0,100,100,0,186.59846106956522,187.93844106956522,0.0037221666666666666,0.0,1.4565,True,True,False,False,0.0,0.0,193.05019305019306,214.1650579150579,0.0,-36.578570523648644,370.6366804416023
2025-01-12T05:30:00Z,2025-01-12T05:45:00Z,2025-01-12,2025-01-12_7,0.0,100,100,0,187.93844106956522,189.4017010695652,0.004064611111111111,0.0,1.5904999999999998,True,True,False,False,0.0,0.0,193.05019305019306,214.1650579150579,0.0,-35.887959097490345,371.3272918677606
2025-01-12T05:45:00Z,2025-01-12T06:00:00Z,2025-01-12,2025-01-12_7,0.0,100,100,0,189.4017010695652,189.59392715652172,0.0011015942028985506,0.094,0.32,True,True,False,False,0.0,0.0,193.05019305019306,214.1650579150579,8.765677686615186,-9.351287001287,406.6296416505792
2025-01-12T06:00:00Z,2025-01-12T06:15:00Z,2025-01-12,2025-01-12_8,0.0,100,100,0,189.59392715652172,189.8824819391304,0.00097968115942029,0.029499999999999995,0.3485,True,True,False,False,0.0,0.0,193.05019305019306,214.1650579150579,1.779681467181467,-13.003364201254824,395.9915682311776
2025-01-12T06:15:00Z,2025-01-12T06:30:00Z,2025-01-12,2025-01-12_8,0.0,100,100,0,189.8824819391304,187.79753237391301,0.005796637681159418,1.9189999999999998,0.001,True,True,False,False,0.0,0.0,193.05019305019306,214.1650579150579,265.9147124356499,-0.058317245817245816,673.0716461550836
2025-01-12T06:30:00Z,2025-01-12T06:45:00Z,2025-01-12,2025-01-12_8,0.0,100,100,0,187.79753237391301,182.99318454782605,0.013345410628019323,4.42,0.0,True,True,False,False,0.0,0.0,193.05019305019306,214.1650579150579,655.2769103925353,0.0,1062.4921613577862
2025-01-12T06:45:00Z,2025-01-12T07:00:00Z,2025-01-12,2025-01-12_8,0.0,100,100,0,182.99318454782605,180.61111933043475,0.006616847826086957,2.1915,0.0,True,True,False,False,0.0,0.0,193.05019305019306,214.1650579150579,313.1996715130309,0.0,720.4149224782818
2025-01-12T07:00:00Z,2025-01-12T07:15:00Z,2025-01-12,2025-01-12_9,0.0,100,100,0,180.61111933043475,179.1154671565217,0.004154589371980676,1.376,0.0,True,True,False,False,0.0,0.0,193.05019305019306,214.1650579150579,192.370489060489,0.0,599.5857400257399
2025-01-12T07:15:00Z,2025-01-12T07:30:00Z,2025-01-12,2025-01-12_9,0.0,100,100,0,179.1154671565217,176.02144541739128,0.008594504830917874,2.8465,0.0,True,True,False,False,0.0,0.0,193.05019305019306,214.1650579150579,408.3131609958172,0.0,815.5284119610682
2025-01-12T07:30:00Z,2025-01-12T07:45:00Z,2025-01-12,2025-01-12_9,0.0,100,100,0,176.02144541739128,170.78122802608692,0.014556159420289854,4.821,0.0,True,True,False,False,0.0,0.0,193.05019305019306,214.1650579150579,715.8585865106177,0.0,1123.0738374758687
2025-01-12T07:45:00Z,2025-01-12T08:00:00Z,2025-01-12,2025-01-12_9,0.0,100,100,0,170.78122802608692,163.46111933043474,0.020333635265700485,6.734500000000001,0.0,True,True,False,False,0.0,0.0,193.05019305019306,214.1650579150579,1083.413770913771,0.0,1490.629021879022
2025-01-12T08:00:00Z,2025-01-12T08:15:00Z,2025-01-12,2025-01-12_10,0.0,100,100,0,163.46111933043474,156.36818454782605,0.01970259661835749,6.525500000000001,0.0,True,True,False,False,0.0,0.0,193.05019305019306,214.1650579150579,1010.9276045688548,0.0,1418.1428555341058
2025-01-12T08:15:00Z,2025-01-12T08:30:00Z,2025-01-12,2025-01-12_10,0.0,100,100,0,156.36818454782605,153.6757932434782,0.007478864734299516,2.477,0.0,True,True,False,False,0.0,0.0,193.05019305019306,214.1650579150579,338.71460746460747,0.0,745.9298584298584
2025-01-12T08:30:00Z,2025-01-12T08:45:00Z,2025-01-12,2025-01-12_10,0.0,100,100,0,153.6757932434782,153.9663228086956,0.002760528985507246,0.3235,0.698,True,True,False,False,0.0,0.0,193.05019305019306,214.1650579150579,44.21550484636422,-27.313488980051478,424.1172668315637
2025-01-12T08:45:00Z,2025-01-12T09:00:00Z,2025-01-12,2025-01-12_10,0.0,100,100,0,153.9663228086956,159.0254028086956,0.014053,0.0,5.499,True,True,False,False,0.0,0.0,193.05019305019306,214.1650579150579,0.0,-82.57567688223938,324.63957408301155
2025-01-12T09:00:00Z,2025-01-12T09:15:00Z,2025-01-12,2025-01-12_11,60.06037950599385,0,0,0,159.0254028086956,142.70464750815378,0.0453354313903939,0.0,0.0,True,False,False,False,1768.3277236052238,0.0,0.0,0.0,0.0,0.0,1768.3277236052238
2025-01-12T09:15:00Z,2025-01-12T09:30:00Z,2025-01-12,2025-01-12_11,60.06037950599385,0,0,0,142.70464750815378,126.38389220761198,0.0453354313903939,0.0,0.0,True,False,False,False,1768.3277236052238,0.0,0.0,0.0,0.0,0.0,1768.3277236052238
2025-01-12T09:30:00Z,2025-01-12T09:45:00Z,2025-01-12,2025-01-12_11,60.06037950599385,0,0,0,126.38389220761198,110.06313690707017,0.0453354313903939,0.0,0.0,True,False,False,False,1768.3277236052238,0.0,0.0,0.0,0.0,0.0,1768.3277236052238
2025-01-12T09:45:00Z,2025-01-12T10:00:00Z,2025-01-12,2025-01-12_11,60.06037950599385,0,0,0,110.06313690707017,93.74238160652837,0.0453354313903939,0.0,0.0,True,False,False,False,1768.3277236052238,0.0,0.0,0.0,0.0,0.0,1768.3277236052238
2025-01-12T10:00:00Z,2025-01-12T10:15:00Z,2025-01-12,2025-01-12_12,0.0,100,100,0,93.74238160652837,111.84338160652837,0.050280555555555564,0.0,19.675,True,True,False,False,0.0,0.0,193.05019305019306,214.1650579150579,0.0,2337.0788589929216,2744.2941099581726
2025-01-12T10:15:00Z,2025-01-12T10:30:00Z,2025-01-12,2025-01-12_12,0.0,100,100,0,111.84338160652837,118.22588160652838,0.01772916666666667,0.0,6.937500000000001,True,True,False,False,0.0,0.0,193.05019305019306,214.1650579150579,0.0,-85.71986607142857,321.4953848938224
2025-01-12T10:30:00Z,2025-01-12T10:45:00Z,2025-01-12,2025-01-12_12,0.0,100,100,0,118.22588160652838,127.37252160652838,0.025407333333333337,0.0,9.942,True,True,False,False,0.0,0.0,193.05019305019306,214.1650579150579,0.0,-60.94793074324324,346.2673202220077
2025-01-12T10:45:00Z,2025-01-12T11:00:00Z,2025-01-12,2025-01-12_12,0.0,100,100,0,127.37252160652838,137.44790160652838,0.027987166666666664,0.0,10.9515,True,True,False,False,0.0,0.0,193.05019305019306,214.1650579150579,0.0,-17.510331503378378,389.7049194618726
2025-01-12T11:00:00Z,2025-01-12T11:15:00Z,2025-01-12,2025-01-12_13,0.0,100,100,0,137.44790160652838,144.21864160652837,0.018807611111111112,0.0,7.3595,True,True,False,False,0.0,0.0,193.05019305019306,214.1650579150579,0.0,-66.2825624396718,340.9326885255791
2025-01-12T11:15:00Z,2025-01-12T11:30:00Z,2025-01-12,2025-01-12_13,0.0,100,100,0,144.21864160652837,149.61582160652836,0.014992166666666668,0.0,5.8665,True,True,False,False,0.0,0.0,193.05019305019306,214.1650579150579,0.0,-92.99950289575288,314.2157480694981
2025-01-12T11:30:00Z,2025-01-12T11:45:00Z,2025-01-12,2025-01-12_13,0.0,100,100,0,149.61582160652836,153.68820160652837,0.011312166666666667,0.0,4.4265,True,True,False,False,0.0,0.0,193.05019305019306,214.1650579150579,0.0,-89.01423745173744,318.20101351351354
2025-01-12T11:45:00Z,2025-01-12T12:00:00Z,2025-01-12,2025-01-12_13,0.0,100,100,0,153.68820160652837,156.96294160652837,0.0090965,0.0,3.5595000000000003,True,True,False,False,0.0,0.0,193.05019305019306,214.1650579150579,0.0,-71.5793918918919,335.63585907335903
2025-01-12T12:00:00Z,2025-01-12T12:15:00Z,2025-01-12,2025-01-12_14,0.0,100,100,0,156.96294160652837,160.68664160652838,0.010343611111111112,0.0,4.0475,True,True,False,False,0.0,0.0,193.05019305019306,214.1650579150579,0.0,-76.0371319980695,331.1781189671815
2025-01-12T12:15:00Z,2025-01-12T12:30:00Z,2025-01-12,2025-01-12_14,0.0,100,100,0,160.68664160652838,162.48892160652838,0.005006333333333334,0.0,1.959,True,True,False,False,0.0,0.0,193.05019305019306,214.1650579150579,0.0,-41.419172297297294,365.7960786679537
2025-01-12T12:30:00Z,2025-01-12T12:45:00Z,2025-01-12,2025-01-12_14,0.0,100,100,0,162.48892160652838,162.63681030218055,0.0007851980676328504,0.062,0.234,True,True,False,False,0.0,0.0,193.05019305019306,214.1650579150579,8.072916666666666,-9.940059121621621,405.348108510296
2025-01-12T12:45:00Z,2025-01-12T13:00:00Z,2025-01-12,2025-01-12_14,0.0,100,100,0,162.63681030218055,162.68989117174576,0.00040710869565217393,0.043,0.1085,True,True,False,False,0.0,0.0,193.05019305019306,214.1650579150579,5.418477316602316,-4.841328125,407.79240015685326
2025-01-12T13:00:00Z,2025-01-12T13:15:00Z,2025-01-12,2025-01-12_15,0.0,100,100,0,162.68989117174576,173.08037117174575,0.028862444444444444,0.0,11.294,True,True,False,False,0.0,0.0,193.05019305019306,214.1650579150579,0.0,40.26076616795367,447.4760171332046
2025-01-12T13:15:00Z,2025-01-12T13:30:00Z,2025-01-12,2025-01-12_15,0.0,100,100,0,173.08037117174575,172.5729937804414,0.009022381642512076,1.7274999999999998,1.4895,True,True,False,False,0.0,0.0,193.05019305019306,214.1650579150579,236.19796794562419,-27.90326405646718,615.509954854408
2025-01-12T13:30:00Z,2025-01-12T13:45:00Z,2025-01-12,2025-01-12_15,0.0,100,100,0,172.5729937804414,171.20995030218054,0.003786231884057971,1.254,0.0,True,True,False,False,0.0,0.0,193.05019305019306,214.1650579150579,171.38630429536676,0.0,578.6015552606177
2025-01-12T13:45:00Z,2025-01-12T14:00:00Z,2025-01-12,2025-01-12_15,0.0,100,100,0,171.20995030218054,169.5493676934849,0.005302729468599034,1.6420000000000001,0.135,True,True,False,False,0.0,0.0,193.05019305019306,214.1650579150579,225.9093898809524,-3.156569739382239,629.9680711068211
2025-01-12T14:00:00Z,2025-01-12T14:15:00Z,2025-01-12,2025-01-12_16,14.983423509478792,85,100,0,169.5493676934849,180.07497181493451,0.037881758821527084,0.0,15.446499999999999,True,True,False,False,449.50270528436374,0.0,164.09266409266408,214.1650579150579,0.0,731.8947305341054,1559.655157826191
2025-01-12T14:15:00Z,2025-01-12T14:30:00Z,2025-01-12,2025-01-12_16,14.983423509478792,85,100,0,180.07497181493451,185.32077264653796,0.028270734414192138,0.0,9.8595,True,True,False,False,449.50270528436374,0.0,164.09266409266408,214.1650579150579,0.0,-19.251879222972974,808.5085480691127
2025-01-12T14:30:00Z,2025-01-12T14:45:00Z,2025-01-12,2025-01-12_16,14.983423509478792,85,100,0,185.32077264653796,186.90274721096156,0.021601333729166616,0.0,5.9825,True,True,False,False,449.50270528436374,0.0,164.09266409266408,214.1650579150579,0.0,-48.20719866071428,779.5532286313714
2025-01-12T14:45:00Z,2025-01-12T15:00:00Z,2025-01-12,2025-01-12_16,14.983423509478792,85,100,0,186.90274721096156,183.06457999999944,0.012019479238285039,0.05695,0.3125,True,True,False,False,449.50270528436374,0.0,164.09266409266408,214.1650579150579,6.8671086007882876,-12.151918939028313,822.4756169538457
2025-01-12T15:00:00Z,2025-01-12T15:15:00Z,2025-01-12,2025-01-12_17,0.0,100,100,0,183.06457999999944,189.60715999999942,0.018173833333333334,0.0,7.1114999999999995,True,True,False,False,0.0,0.0,196.0666023166023,214.1650579150579,0.0,-32.19824294160231,378.0334172900579
2025-01-12T15:15:00Z,2025-01-12T15:30:00Z,2025-01-12,2025-01-12_17,0.0,100,100,0,189.60715999999942,189.88749999999942,0.001403722222222222,0.1035,0.42699999999999994,True,True,False,False,0.0,0.0,196.0666023166023,214.1650579150579,13.006766409266408,-16.134946509009005,407.1034801319176
2025-01-12T15:30:00Z,2025-01-12T15:45:00Z,2025-01-12,2025-01-12_17,0.0,100,100,0,189.88749999999942,189.61028521739073,0.0007879299516908212,0.258,0.0035000000000000005,True,True,False,False,0.0,0.0,196.0666023166023,214.1650579150579,33.98084338803089,-0.20411036036036037,444.0083932593307
2025-01-12T15:45:00Z,2025-01-12T16:00:00Z,2025-01-12,2025-01-12_17,0.0,100,100,0,189.61028521739073,189.59220086956464,0.0003875676328502415,0.0725,0.066,True,True,False,False,0.0,0.0,196.0666023166023,214.1650579150579,6.7808814953346195,-3.2152968146718144,413.79724491232304
2025-01-12T16:00:00Z,2025-01-12T16:15:00Z,2025-01-12,2025-01-12_18,0.0,100,100,0,189.59220086956464,189.39305478260812,0.0008930724637681159,0.2395,0.0665,True,True,False,False,0.0,0.0,196.0666023166023,214.1650579150579,29.5025008043758,-3.2185128096846847,436.51564822635135
2025-01-12T16:15:00Z,2025-01-12T16:30:00Z,2025-01-12,2025-01-12_18,0.0,100,100,0,189.39305478260812,189.27579999999944,0.0005378188405797101,0.143,0.0415,True,True,False,False,0.0,0.0,196.0666023166023,214.1650579150579,18.14068070302445,-2.3759267414736165,425.996414193211
2025-01-12T16:30:00Z,2025-01-12T16:45:00Z,2025-01-12,2025-01-12_18,0.0,100,100,0,189.27579999999944,189.2508530434777,0.0002839637681159421,0.0585,0.042,True,True,False,False,0.0,0.0,196.0666023166023,214.1650579150579,6.451093146718146,-2.4412837837837835,414.2414695945946
2025-01-12T16:45:00Z,2025-01-12T17:00:00Z,2025-01-12,2025-01-12_18,0.0,100,100,0,189.2508530434777,189.33408260869507,0.00044858454106280196,0.036,0.133,True,True,False,False,0.0,0.0,196.0666023166023,214.1650579150579,4.705598455598455,-7.0917820945945955,407.84547659266406
2025-01-12T17:00:00Z,2025-01-12T17:15:00Z,2025-01-12,2025-01-12_19,100.0,0,100,0,189.33408260869507,162.63299565217332,0.07416968599033816,0.0,0.43499999999999994,True,True,False,False,3666.5,0.0,0.0,214.1650579150579,0.0,-18.228746380308877,3862.436311534749
2025-01-12T17:15:00Z,2025-01-12T17:30:00Z,2025-01-12,2025-01-12_19,100.0,0,100,0,162.63299565217332,135.48679999999942,0.07540609903381641,0.0,0.025499999999999995,True,True,False,False,3666.5,0.0,0.0,214.1650579150579,0.0,-1.3875470559845557,3879.277510859073
2025-01-12T17:30:00Z,2025-01-12T17:45:00Z,2025-01-12,2025-01-12_19,100.0,0,100,0,135.48679999999942,108.7264739130429,0.07433423913043478,0.0,0.3805,True,True,False,False,3666.5,0.0,0.0,214.1650579150579,0.0,-13.468083976833976,3867.196973938224
2025-01-12T17:45:00Z,2025-01-12T18:00:00Z,2025-01-12,2025-01-12_19,100.0,0,100,0,108.7264739130429,81.63462608695595,0.07525513285024153,0.0,0.0755,True,True,False,False,3666.5,0.0,0.0,214.1650579150579,0.0,-3.642820342664092,3877.022237572394
2025-01-12T18:00:00Z,2025-01-12T18:15:00Z,2025-01-12,2025-01-12_20,64.87538375473144,35,100,0,81.63462608695595,63.79232344303204,0.04961760479175058,0.22540000000000002,0.031,True,True,False,False,2337.460076682974,0.0,67.56756756756756,214.1650579150579,30.822072072072075,-1.8639398326898327,2648.1508344049817
2025-01-12T18:15:00Z,2025-01-12T18:30:00Z,2025-01-12,2025-01-12_20,64.87538375473144,35,100,0,63.79232344303204,46.80789781890742,0.04833779921164701,0.0175,0.6455,True,True,False,False,2337.460076682974,0.0,67.56756756756756,214.1650579150579,2.3930180180180183,-31.327415138352634,2590.258305045265
2025-01-12T18:30:00Z,2025-01-12T18:45:00Z,2025-01-12,2025-01-12_20,64.87538375473144,35,100,0,46.80789781890742,31.3015958890665,0.04681078841293796,0.016625,2.082,True,True,False,False,2337.460076682974,0.0,67.56756756756756,214.1650579150579,2.2733671171171173,-61.74699203667952,2559.719077246037
2025-01-12T18:45:00Z,2025-01-12T19:00:00Z,2025-01-12,2025-01-12_20,64.87538375473144,35,100,0,31.3015958890665,15.948587860869399,0.046621048468002496,0.0,2.2135,True,True,False,False,2337.460076682974,0.0,67.56756756756756,214.1650579150579,0.0,-68.36620515604889,2550.8264970095506
2025-01-12T19:00:00Z,2025-01-12T19:15:00Z,2025-01-12,2025-01-12_21,23.999999999999986,76,100,0,15.948587860869399,9.999999999999837,0.018998246280193226,0.035339999999999996,0.637,True,True,False,False,814.6199999999995,0.0,146.71814671814673,214.1650579150579,4.832528957528957,-27.757690033783785,1152.5780435569493
2025-01-12T19:15:00Z,2025-01-12T19:30:00Z,2025-01-12,2025-01-12_21,23.999999999999986,76,100,0,9.999999999999837,10.578935373912884,0.027121197294685984,0.0,7.396,True,True,False,False,814.6199999999995,0.0,146.71814671814673,214.1650579150579,0.0,-73.14942648005147,1102.3537781531527
2025-01-12T19:30:00Z,2025-01-12T19:45:00Z,2025-01-12,2025-01-12_21,23.999999999999986,76,100,0,10.578935373912884,11.718551373912888,0.027832266666666664,0.0,7.980000000000001,True,True,False,False,814.6199999999995,0.0,146.71814671814673,214.1650579150579,0.0,-126.01140202702705,1049.491802606177
2025-01-12T19:45:00Z,2025-01-12T20:00:00Z,2025-01-12,2025-01-12_21,23.999999999999986,76,100,0,11.718551373912888,16.435866608695502,0.032369595458937195,0.0,11.7065,True,True,False,False,814.6199999999995,0.0,146.71814671814673,214.1650579150579,0.0,-58.22646617599743,1117.2767384572066
2025-01-12T20:00:00Z,2025-01-12T20:15:00Z,2025-01-12,2025-01-12_22,6.932823321264489,93,100,0,16.435866608695502,13.826909763324178,0.009929918827979358,1.1504100000000002,0.564,True,True,False,False,221.39971276458144,0.0,179.53667953667951,214.1650579150579,162.42462230936295,-14.355415057915057,763.1706574677668
2025-01-12T20:15:00Z,2025-01-12T20:30:00Z,2025-01-12,2025-01-12_22,6.932823321264489,93,100,0,13.826909763324178,10.07692516515448,0.010416623883804717,1.71678,0.0,True,True,False,False,221.39971276458144,0.0,179.53667953667951,214.1650579150579,234.04833292712357,0.0,849.1497831434424
2025-01-12T20:30:00Z,2025-01-12T20:45:00Z,2025-01-12,2025-01-12_22,6.932823321264489,93,100,0,10.07692516515448,9.99999999999989,0.010852189980464558,0.254355,2.2365,True,True,False,False,221.39971276458144,0.0,179.53667953667951,214.1650579150579,32.969273316843626,-19.493817567567564,628.576905965595
2025-01-12T20:45:00Z,2025-01-12T21:00:00Z,2025-01-12,2025-01-12_22,6.932823321264489,93,100,0,9.99999999999989,21.199582907308585,0.03569645891499476,0.0,14.0445,True,True,False,False,221.39971276458144,0.0,179.53667953667951,214.1650579150579,0.0,-4.408676097972972,610.6927741183458
2025-01-12T21:00:00Z,2025-01-12T21:15:00Z,2025-01-12,2025-01-12_23,0.0,100,100,0,21.199582907308585,20.353655081221632,0.01066046618357488,2.1545,1.6260000000000001,True,True,False,False,0.0,0.0,193.05019305019306,214.1650579150579,305.3854709620334,-29.78874638030888,682.8119755469755
2025-01-12T21:15:00Z,2025-01-12T21:30:00Z,2025-01-12,2025-01-12_23,0.0,100,100,0,20.353655081221632,18.349850733395545,0.005566123188405796,1.8435,0.0,True,True,False,False,0.0,0.0,193.05019305019306,214.1650579150579,252.08735521235522,0.0,659.3026061776062
2025-01-12T21:30:00Z,2025-01-12T21:45:00Z,2025-01-12,2025-01-12_23,0.0,100,100,0,18.349850733395545,10.008002907308589,0.023171799516908214,7.674500000000001,0.0,True,True,False,False,0.0,0.0,193.05019305019306,214.1650579150579,1215.86223204231,0.0,1623.077483007561
2025-01-12T21:45:00Z,2025-01-12T22:00:00Z,2025-01-12,2025-01-12_23,0.0,100,100,0,10.008002907308589,11.204669863830327,0.007276369565217391,0.6545,2.074,True,True,False,False,0.0,0.0,193.05019305019306,214.1650579150579,89.49887387387388,-29.60813505469755,467.10598978442727
2025-01-12T22:00:00Z,2025-01-12T22:15:00Z,2025-01-13,2025-01-12_24,-50.92394757203876,100,49,0,11.204669863830327,19.926584730638503,0.033833822935894466,3.2415,0.279545,True,True,False,False,-1462.7903940068136,0.0,193.05019305019306,104.94087837837836,501.2200663610038,-7.365151787725225,-670.9444080049636
2025-01-12T22:15:00Z,2025-01-12T22:30:00Z,2025-01-13,2025-01-12_24,-50.92394757203876,100,49,0,19.926584730638503,31.345698621474256,0.03262956443682541,0.307,0.015435,True,True,False,False,-1462.7903940068136,0.0,193.05019305019306,104.94087837837836,41.98037323037323,-0.9280616554054054,-1123.7470110032743
2025-01-12T22:30:00Z,2025-01-12T22:45:00Z,2025-01-13,2025-01-12_24,-50.92394757203876,100,49,0,31.345698621474256,43.69819134902233,0.034330260977160576,0.006,0.7021700000000001,True,True,False,False,-1462.7903940068136,0.0,193.05019305019306,104.94087837837836,0.8204633204633205,-31.682653688063063,-1195.6615129458419
2025-01-12T22:45:00Z,2025-01-12T23:00:00Z,2025-01-13,2025-01-12_24,-50.92394757203876,100,49,0,43.69819134902233,55.636868010589424,0.03330672191877069,0.0485,0.298655,True,True,False,False,-1462.7903940068136,0.0,193.05019305019306,104.94087837837836,6.632078507078507,-13.659826752533782,-1171.8270708236973
2025-01-12T23:00:00Z,2025-01-12T23:15:00Z,2025-01-13,2025-01-13_1,0.0,100,100,0,55.636868010589424,55.68116974971986,0.0004340507246376812,0.0515,0.109,True,True,False,False,0.0,0.0,193.05019305019306,214.1650579150579,7.042310167310167,-6.55385296010296,407.70370817245816
2025-01-12T23:15:00Z,2025-01-12T23:30:00Z,2025-01-13,2025-01-13_1,0.0,100,100,0,55.68116974971986,61.96154974971986,0.0174455,0.0,6.8265,True,True,False,False,0.0,0.0,193.05019305019306,214.1650579150579,0.0,-92.73184151785715,314.4834094473938
2025-01-12T23:30:00Z,2025-01-12T23:45:00Z,2025-01-13,2025-01-13_1,0.0,100,100,0,61.96154974971986,66.37018974971986,0.012246222222222223,0.0,4.792,True,True,False,False,0.0,0.0,193.05019305019306,214.1650579150579,0.0,-100.59942889317888,306.6158220720721
2025-01-12T23:45:00Z,2025-01-13T00:00:00Z,2025-01-13,2025-01-13_1,0.0,100,100,0,66.37018974971986,72.71358974971986,0.017620555555555556,0.0,6.895,True,True,False,False,0.0,0.0,193.05019305019306,214.1650579150579,0.0,-138.65427927927928,268.5609716859717
2025-01-13T00:00:00Z,2025-01-13T00:15:00Z,2025-01-13,2025-01-13_2,-66.93414448879838,100,33,0,72.71358974971986,88.6820951821435,0.044356959534510076,0.0,0.623535,True,True,False,False,-1758.1926403595114,0.0,193.05019305019306,70.6744691119691,0.0,-20.612842299107136,-1515.0808204964565
2025-01-13T00:15:00Z,2025-01-13T00:30:00Z,2025-01-13,2025-01-13_2,-66.93414448879838,100,33,0,88.6820951821435,103.88022353445419,0.04267327609846627,0.2285,0.02838,True,True,False,False,-1758.1926403595114,0.0,193.05019305019306,70.6744691119691,30.90208856177606,-1.7064068532818533,-1465.272296488855
2025-01-13T00:30:00Z,2025-01-13T00:45:00Z,2025-01-13,2025-01-13_2,-66.93414448879838,100,33,0,103.88022353445419,117.39972419095996,0.04139487942482259,1.9234999999999998,0.000495,True,True,False,False,-1758.1926403595114,0.0,193.05019305019306,70.6744691119691,268.9329797096203,-0.02976291023166023,-1225.5647613979606
2025-01-13T00:45:00Z,2025-01-13T01:00:00Z,2025-01-13,2025-01-13_2,-66.93414448879838,100,33,0,117.39972419095996,133.4966796956523,0.04483057401952002,0.0585,0.8251650000000001,True,True,False,False,-1758.1926403595114,0.0,193.05019305019306,70.6744691119691,4.59901665057915,-12.724280592422783,-1502.5932421391929
2025-01-13T01:00:00Z,2025-01-13T01:15:00Z,2025-01-13,2025-01-13_3,0.0,100,100,0,133.4966796956523,139.5097996956523,0.016703111111111113,0.0,6.5360000000000005,True,True,False,False,0.0,0.0,193.05019305019306,214.1650579150579,0.0,-121.20673423423423,286.0085167310167
2025-01-13T01:15:00Z,2025-01-13T01:30:00Z,2025-01-13,2025-01-13_3,0.0,100,100,0,139.5097996956523,140.7053396956523,0.0033209444444444445,0.0,1.2995,True,True,False,False,0.0,0.0,193.05019305019306,214.1650579150579,0.0,-46.093992519305026,361.12125844594595
2025-01-13T01:30:00Z,2025-01-13T01:45:00Z,2025-01-13,2025-01-13_3,0.0,100,100,0,140.7053396956523,140.72876926086968,0.00028247342995169083,0.036,0.068,True,True,False,False,0.0,0.0,193.05019305019306,214.1650579150579,4.922779922779923,-4.088642213642213,408.0493886743887
2025-01-13T01:45:00Z,2025-01-13T02:00:00Z,2025-01-13,2025-01-13_3,0.0,100,100,0,140.72876926086968,145.90527534782618,0.014391260869565218,0.002,5.629,True,True,False,False,0.0,0.0,193.05019305019306,214.1650579150579,0.2734877734877735,-34.258704351673096,373.23003438706564
2025-01-13T02:00:00Z,2025-01-13T02:15:00Z,2025-01-13,2025-01-13_4,0.0,100,100,0,145.90527534782618,156.90985534782618,0.030568277777777774,0.0,11.9615,True,True,False,False,0.0,0.0,193.05019305019306,214.1650579150579,0.0,-32.888833152348774,374.3264178129022
2025-01-13T02:15:00Z,2025-01-13T02:30:00Z,2025-01-13,2025-01-13_4,0.0,100,100,0,156.90985534782618,169.2516553478262,0.03428277777777777,0.0,13.415,True,True,False,False,0.0,0.0,193.05019305019306,214.1650579150579,0.0,-4.480838762870012,402.73441220238095
2025-01-13T02:30:00Z,2025-01-13T02:45:00Z,2025-01-13,2025-01-13_4,0.0,100,100,0,169.2516553478262,175.21509534782618,0.01656511111111111,0.0,6.482,True,True,False,False,0.0,0.0,193.05019305019306,214.1650579150579,0.0,-125.48056024774773,281.7346907175032
2025-01-13T02:45:00Z,2025-01-13T03:00:00Z,2025-01-13,2025-01-13_4,0.0,100,100,0,175.21509534782618,181.21993534782618,0.01668011111111111,0.0,6.526999999999999,True,True,False,False,0.0,0.0,193.05019305019306,214.1650579150579,0.0,-40.31861044079793,366.896640524453
2025-01-13T03:00:00Z,2025-01-13T03:15:00Z,2025-01-13,2025-01-13_5,-1.0,100,99,0,181.21993534782618,189.31833654782616,0.02249555888888889,0.0,8.55261,True,True,False,False,-25.0,0.0,193.05019305019306,205.63284266409266,0.0,-29.425395047055982,344.25764066722974
2025-01-13T03:15:00Z,2025-01-13T03:30:00Z,2025-01-13,2025-01-13_5,-1.0,100,99,0,189.31833654782616,188.35964429565223,0.005563052922705314,1.376,0.33115500000000003,True,True,False,False,-25.0,0.0,193.05019305019306,205.63284266409266,204.7392149292149,-7.947373715009652,570.474876928491
2025-01-13T03:30:00Z,2025-01-13T03:45:00Z,2025-01-13,2025-01-13_5,-1.0,100,99,0,188.35964429565223,188.6351957565218,0.004322485942028985,0.595,0.75141,True,True,False,False,-25.0,0.0,193.05019305019306,205.63284266409266,85.22015765765765,-17.48469782215251,441.41849554979086
2025-01-13T03:45:00Z,2025-01-13T04:00:00Z,2025-01-13,2025-01-13_5,-1.0,100,99,0,188.6351957565218,183.27054149565222,0.01591611739130435,5.155,0.0,True,True,False,False,-25.0,0.0,193.05019305019306,205.63284266409266,796.19601130148,0.0,1169.8790470157658
2025-01-13T04:00:00Z,2025-01-13T04:15:00Z,2025-01-13,2025-01-13_6,-4.0,100,96,0,183.27054149565222,189.73826000000005,0.01904704415458937,0.1865,6.24912,True,True,False,False,-110.17,0.0,193.05019305019306,205.59845559845556,25.273472791988414,-33.80039025096524,279.95173118967176
2025-01-13T04:15:00Z,2025-01-13T04:30:00Z,2025-01-13,2025-01-13_6,-4.0,100,96,0,189.73826000000005,188.99635760000004,0.008205826666666666,1.771,0.27312,True,True,False,False,-110.17,0.0,193.05019305019306,205.59845559845556,261.0198578265765,-9.190723069498068,540.307783405727
2025-01-13T04:30:00Z,2025-01-13T04:45:00Z,2025-01-13,2025-01-13_6,-4.0,100,96,0,188.99635760000004,182.10162466086962,0.022784195942028986,7.234,0.0,True,True,False,False,-110.17,0.0,193.05019305019306,205.59845559845556,1237.9947679375803,0.0,1526.473416586229
2025-01-13T04:45:00Z,2025-01-13T05:00:00Z,2025-01-13,2025-01-13_6,-4.0,100,96,0,182.10162466086962,163.4296981217392,0.05326976927536232,18.136,0.0,True,True,False,False,-110.17,0.0,193.05019305019306,205.59845559845556,8519.693080759329,0.0,8808.171729407977
2025-01-13T05:00:00Z,2025-01-13T05:15:00Z,2025-01-13,2025-01-13_7,-99.85405537065208,100,0,0,163.4296981217392,185.15150130132528,0.06035026185822175,1.3525,0.0,True,True,False,False,-3497.637924495516,0.0,205.1158301158301,0.0,197.85643299549548,0.0,-3094.6656613841906
2025-01-13T05:15:00Z,2025-01-13T05:30:00Z,2025-01-13,2025-01-13_7,-99.85405537065208,100,0,0,185.15150130132528,188.21674455724985,0.008705156299928055,21.626,0.0,True,True,False,False,-3497.637924495516,0.0,205.1158301158301,0.0,20549.35762668919,0.0,17256.835532309506
2025-01-13T05:30:00Z,2025-01-13T05:45:00Z,2025-01-13,2025-01-13_7,-99.85405537065208,100,0,0,188.21674455724985,189.98352400316202,0.005110747641198563,23.037,0.0,True,True,False,False,-3497.637924495516,0.0,205.1158301158301,0.0,19889.61990709459,0.0,16597.097812714906
2025-01-13T05:45:00Z,2025-01-13T06:00:00Z,2025-01-13,2025-01-13_7,-99.85405537065208,100,0,0,189.98352400316202,190.00000000000009,0.0002655560969721246,24.939,0.0,True,True,False,False,-3497.637924495516,0.0,205.1158301158301,0.0,30085.477195945943,0.0,26792.95510156626
2025-01-13T06:00:00Z,2025-01-13T06:15:00Z,2025-01-13,2025-01-13_8,-11.96094898483201,100,88,0,190.00000000000009,175.57359556216107,0.045514859791823375,16.099,0.0,True,True,False,False,-562.4337236392632,0.0,205.1158301158301,189.3412162162162,6748.0799939671815,0.0,6580.103316659965
2025-01-13T06:15:00Z,2025-01-13T06:30:00Z,2025-01-13,2025-01-13_8,-11.96094898483201,100,88,0,175.57359556216107,152.34721635855217,0.06491722899606145,24.3465,0.0,True,True,False,False,-562.4337236392632,0.0,205.1158301158301,189.3412162162162,24437.769999396714,0.0,24269.7933220895
2025-01-13T06:30:00Z,2025-01-13T06:45:00Z,2025-01-13,2025-01-13_8,-11.96094898483201,100,88,0,152.34721635855217,128.46997512316156,0.06635226327488353,24.9565,0.0,True,True,False,False,-562.4337236392632,0.0,205.1158301158301,189.3412162162162,29989.94119419642,0.0,29821.964516889206
2025-01-13T06:45:00Z,2025-01-13T07:00:00Z,2025-01-13,2025-01-13_8,-11.96094898483201,100,88,0,128.46997512316156,118.5494565217392,0.035580188054994355,11.876,0.0,True,True,False,False,-562.4337236392632,0.0,205.1158301158301,189.3412162162162,2532.0206121299866,0.0,2364.0439348227696
2025-01-13T07:00:00Z,2025-01-13T07:15:00Z,2025-01-13,2025-01-13_9,100.0,0,100,0,118.5494565217392,91.37554347826094,0.07548309178743962,0.0,0.0,True,True,False,False,5738.75,0.0,0.0,215.16047297297297,0.0,0.0,5953.910472972973
2025-01-13T07:15:00Z,2025-01-13T07:30:00Z,2025-01-13,2025-01-13_9,100.0,0,100,0,91.37554347826094,64.20163043478267,0.07548309178743962,0.0,0.0,True,True,False,False,5738.75,0.0,0.0,215.16047297297297,0.0,0.0,5953.910472972973
2025-01-13T07:30:00Z,2025-01-13T07:45:00Z,2025-01-13,2025-01-13_9,100.0,0,100,0,64.20163043478267,37.02771739130441,0.07548309178743962,0.0,0.0,True,True,False,False,5738.75,0.0,0.0,215.16047297297297,0.0,0.0,5953.910472972973
2025-01-13T07:45:00Z,2025-01-13T08:00:00Z,2025-01-13,2025-01-13_9,100.0,0,100,0,37.02771739130441,10.000000000000064,0.07507699275362319,0.0,0.1345,True,True,False,False,5738.75,0.0,0.0,215.16047297297297,0.0,-8.141188063063062,5945.76928490991
2025-01-13T08:00:00Z,2025-01-13T08:15:00Z,2025-01-13,2025-01-13_10,0.0,0,0,0,10.000000000000064,10.000000000000064,0.0,0.0,0.0,True,False,False,False,0.0,0.0,0.0,0.0,0.0,0.0,0.0
2025-01-13T08:15:00Z,2025-01-13T08:30:00Z,2025-01-13,2025-01-13_10,0.0,0,0,0,10.000000000000064,10.000000000000064,0.0,0.0,0.0,True,False,False,False,0.0,0.0,0.0,0.0,0.0,0.0,0.0
2025-01-13T08:30:00Z,2025-01-13T08:45:00Z,2025-01-13,2025-01-13_10,0.0,0,0,0,10.000000000000064,10.000000000000064,0.0,0.0,0.0,True,False,False,False,0.0,0.0,0.0,0.0,0.0,0.0,0.0
2025-01-13T08:45:00Z,2025-01-13T09:00:00Z,2025-01-13,2025-01-13_10,0.0,0,0,0,10.000000000000064,10.000000000000064,0.0,0.0,0.0,True,False,False,False,0.0,0.0,0.0,0.0,0.0,0.0,0.0
2025-01-13T09:00:00Z,2025-01-13T09:15:00Z,2025-01-13,2025-01-13_11,-7.723290606088045e-15,0,0,0,10.000000000000064,10.000000000000066,4.934324553889585e-18,0.0,0.0,True,False,False,False,-2.724004596767254e-13,0.0,0.0,0.0,0.0,0.0,-2.724004596767254e-13
2025-01-13T09:15:00Z,2025-01-13T09:30:00Z,2025-01-13,2025-01-13_11,-7.723290606088045e-15,0,0,0,10.000000000000066,10.000000000000068,4.934324553889585e-18,0.0,0.0,True,False,False,False,-2.724004596767254e-13,0.0,0.0,0.0,0.0,0.0,-2.724004596767254e-13
2025-01-13T09:30:00Z,2025-01-13T09:45:00Z,2025-01-13,2025-01-13_11,-7.723290606088045e-15,0,0,0,10.000000000000068,10.00000000000007,4.934324553889585e-18,0.0,0.0,True,False,False,False,-2.724004596767254e-13,0.0,0.0,0.0,0.0,0.0,-2.724004596767254e-13
2025-01-13T09:45:00Z,2025-01-13T10:00:00Z,2025-01-13,2025-01-13_11,-7.723290606088045e-15,0,0,0,10.00000000000007,10.000000000000071,4.934324553889585e-18,0.0,0.0,True,False,False,False,-2.724004596767254e-13,0.0,0.0,0.0,0.0,0.0,-2.724004596767254e-13
2025-01-13T10:00:00Z,2025-01-13T10:15:00Z,2025-01-13,2025-01-13_12,0.0,100,100,0,10.000000000000071,24.360280000000074,0.03988966666666667,0.0,15.609,True,True,False,False,0.0,0.0,205.1158301158301,215.16047297297297,0.0,84.22858470077219,504.50488778957526
2025-01-13T10:15:00Z,2025-01-13T10:30:00Z,2025-01-13,2025-01-13_12,0.0,100,100,0,24.360280000000074,33.025760000000076,0.024070777777777778,0.0,9.419,True,True,False,False,0.0,0.0,205.1158301158301,215.16047297297297,0.0,-64.73478985682111,355.541513231982
2025-01-13T10:30:00Z,2025-01-13T10:45:00Z,2025-01-13,2025-01-13_12,0.0,100,100,0,33.025760000000076,46.82668000000008,0.03833588888888889,0.0,15.001000000000001,True,True,False,False,0.0,0.0,205.1158301158301,215.16047297297297,0.0,-0.4162922297297298,419.8600108590733
2025-01-13T10:45:00Z,2025-01-13T11:00:00Z,2025-01-13,2025-01-13_12,0.0,100,100,0,46.82668000000008,57.92878000000008,0.03083916666666667,0.0,12.0675,True,True,False,False,0.0,0.0,205.1158301158301,215.16047297297297,0.0,-0.03640051882239382,420.2399025699807
2025-01-13T11:00:00Z,2025-01-13T11:15:00Z,2025-01-13,2025-01-13_13,0.0,100,100,0,57.92878000000008,64.37246000000007,0.01789911111111111,0.0,7.004,True,True,False,False,0.0,0.0,205.1158301158301,215.16047297297297,0.0,-84.06405646718146,336.2122466216216
2025-01-13T11:15:00Z,2025-01-13T11:30:00Z,2025-01-13,2025-01-13_13,0.0,100,100,0,64.37246000000007,64.99057130434791,0.005648135265700483,0.651,1.441,True,True,False,False,0.0,0.0,205.1158301158301,215.16047297297297,88.82926942567569,-29.795387306949806,479.31018520752895
2025-01-13T11:30:00Z,2025-01-13T11:45:00Z,2025-01-13,2025-01-13_13,0.0,100,100,0,64.99057130434791,66.6606713043479,0.004778055555555555,0.023,1.8425,True,True,False,False,0.0,0.0,205.1158301158301,215.16047297297297,3.145109395109395,-42.73638141489704,380.68503106901545
2025-01-13T11:45:00Z,2025-01-13T12:00:00Z,2025-01-13,2025-01-13_13,0.0,100,100,0,66.6606713043479,75.4342513043479,0.02437105555555556,0.0,9.5365,True,True,False,False,0.0,0.0,205.1158301158301,215.16047297297297,0.0,-44.1116821509009,376.16462093790216
2025-01-13T12:00:00Z,2025-01-13T12:15:00Z,2025-01-13,2025-01-13_14,-100.0,100,0,0,75.4342513043479,98.4342513043479,0.06388888888888888,0.0,0.0,True,True,False,False,-3090.0,0.0,205.1158301158301,0.0,0.0,0.0,-2884.8841698841698
2025-01-13T12:15:00Z,2025-01-13T12:30:00Z,2025-01-13,2025-01-13_14,-100.0,100,0,0,98.4342513043479,120.3182913043479,0.060789,1.213,0.0,True,True,False,False,-3090.0,0.0,205.1158301158301,0.0,165.87033462033463,0.0,-2719.013835263835
2025-01-13T12:30:00Z,2025-01-13T12:45:00Z,2025-01-13,2025-01-13_14,-100.0,100,0,0,120.3182913043479,136.7435113043479,0.04562561111111111,7.1465,0.0,True,True,False,False,-3090.0,0.0,205.1158301158301,0.0,1126.8901500160873,0.0,-1757.9940198680827
2025-01-13T12:45:00Z,2025-01-13T13:00:00Z,2025-01-13,2025-01-13_14,-100.0,100,0,0,136.7435113043479,143.5998113043479,0.01904527777777778,17.5475,0.0,True,True,False,False,-3090.0,0.0,205.1158301158301,0.0,3875.8210002413125,0.0,990.9368303571426
2025-01-13T13:00:00Z,2025-01-13T13:15:00Z,2025-01-13,2025-01-13_15,-3.3375970745506844,100,96,0,143.5998113043479,138.58529739026903,0.017281777076977606,5.347,0.0,True,True,False,False,-109.27292822078941,0.0,205.1158301158301,206.55405405405403,827.0635257802446,0.0,1129.4604817293393
2025-01-13T13:15:00Z,2025-01-13T13:30:00Z,2025-01-13,2025-01-13_15,-3.3375970745506844,100,96,0,138.58529739026903,136.20882019733654,0.01037004744147639,2.9075,0.0,True,True,False,False,-109.27292822078941,0.0,205.1158301158301,206.55405405405403,407.0184272442085,0.0,709.4153831933032
2025-01-13T13:30:00Z,2025-01-13T13:45:00Z,2025-01-13,2025-01-13_15,-3.3375970745506844,100,96,0,136.20882019733654,134.9420779659658,0.00749588234766113,1.8870000000000002,0.00672,True,True,False,False,-109.27292822078941,0.0,205.1158301158301,206.55405405405403,274.6740848214286,-0.40405405405405403,576.6669867164693
2025-01-13T13:45:00Z,2025-01-13T14:00:00Z,2025-01-13,2025-01-13_15,-3.3375970745506844,100,96,0,134.9420779659658,127.3727939130436,0.02397534594923488,7.709499999999999,0.0,True,True,False,False,-109.27292822078941,0.0,205.1158301158301,206.55405405405403,1288.738239523005,0.0,1591.1351954720997
2025-01-13T14:00:00Z,2025-01-13T14:15:00Z,2025-01-13,2025-01-13_16,0.0,100,100,0,127.3727939130436,131.803903478261,0.014956584541062804,0.4385,5.3345,True,True,False,False,0.0,0.0,205.1158301158301,215.16047297297297,59.96219433719434,-60.39823710987773,419.84026031611967
2025-01-13T14:15:00Z,2025-01-13T14:30:00Z,2025-01-13,2025-01-13_16,0.0,100,100,0,131.803903478261,132.08932608695665,0.006641270531400966,0.9685000000000001,1.4545,True,True,False,False,0.0,0.0,205.1158301158301,215.16047297297297,144.36936836389964,-35.99308367519304,528.6525877775097
2025-01-13T14:30:00Z,2025-01-13T14:45:00Z,2025-01-13,2025-01-13_16,0.0,100,100,0,132.08932608695665,117.21432608695665,0.04131944444444444,13.685,0.0,True,True,False,False,0.0,0.0,205.1158301158301,215.16047297297297,2779.1987190315313,0.0,3199.4750221203344
2025-01-13T14:45:00Z,2025-01-13T15:00:00Z,2025-01-13,2025-01-13_16,0.0,100,100,0,117.21432608695665,94.32736956521751,0.06357487922705314,21.056,0.0,True,True,False,False,0.0,0.0,205.1158301158301,215.16047297297297,15907.213513513514,0.0,16327.489816602318
2025-01-13T15:00:00Z,2025-01-13T15:15:00Z,2025-01-13,2025-01-13_17,0.0,100,100,0,94.32736956521751,92.13498260869576,0.006971630434782607,2.163,0.1725,True,True,False,False,0.0,0.0,205.1158301158301,215.16047297297297,332.106710304054,-6.3613190757722,746.0216943170849
2025-01-13T15:15:00Z,2025-01-13T15:30:00Z,2025-01-13,2025-01-13_17,0.0,100,100,0,92.13498260869576,77.8165043478262,0.03977355072463769,13.173000000000002,0.0,True,True,False,False,0.0,0.0,205.1158301158301,215.16047297297297,9490.236829753861,0.0,9910.513132842665
2025-01-13T15:30:00Z,2025-01-13T15:45:00Z,2025-01-13,2025-01-13_17,0.0,100,100,0,77.8165043478262,53.306721739130545,0.06808272946859903,22.549,0.0,True,True,False,False,0.0,0.0,205.1158301158301,215.16047297297297,9416.016752533782,0.0,9836.293055622586
2025-01-13T15:45:00Z,2025-01-13T16:00:00Z,2025-01-13,2025-01-13_17,0.0,100,100,0,53.306721739130545,41.39476521739142,0.03308876811594203,10.959,0.0,True,True,False,False,0.0,0.0,205.1158301158301,215.16047297297297,2117.03647140444,0.0,2537.312774493243
2025-01-13T16:00:00Z,2025-01-13T16:15:00Z,2025-01-13,2025-01-13_18,0.0,100,100,0,41.39476521739142,41.5142443478262,0.002016669082125604,0.279,0.4595,True,True,False,False,0.0,0.0,203.39647683397683,214.1650579150579,38.151544401544406,-16.137387186293434,439.5756919642857
2025-01-13T16:15:00Z,2025-01-13T16:30:00Z,2025-01-13,2025-01-13_18,0.0,100,100,0,41.5142443478262,41.32663217391316,0.0007741449275362318,0.21449999999999997,0.0495,True,True,False,False,0.0,0.0,203.39647683397683,214.1650579150579,29.331563706563703,-2.9434124638030887,443.9496859917954
2025-01-13T16:30:00Z,2025-01-13T16:45:00Z,2025-01-13,2025-01-13_18,0.0,100,100,0,41.32663217391316,41.308880000000116,0.00034320048309178743,0.065,0.057499999999999996,True,True,False,False,0.0,0.0,203.39647683397683,214.1650579150579,8.88835263835264,-3.457007118725868,422.9928802686615
2025-01-13T16:45:00Z,2025-01-13T17:00:00Z,2025-01-13,2025-01-13_18,0.0,100,100,0,41.308880000000116,41.367100869565334,0.00035194202898550724,0.0315,0.1005,True,True,False,False,0.0,0.0,203.39647683397683,214.1650579150579,4.3074324324324325,-5.609916143822394,416.2590510376448
2025-01-13T17:00:00Z,2025-01-13T17:15:00Z,2025-01-13,2025-01-13_19,0.0,100,100,0,41.367100869565334,46.62076086956533,0.0145935,0.0,5.7105,True,True,False,False,0.0,0.0,203.39647683397683,214.1650579150579,0.0,-116.7156931708494,300.84584157818534
2025-01-13T17:15:00Z,2025-01-13T17:30:00Z,2025-01-13,2025-01-13_19,0.0,100,100,0,46.62076086956533,48.06433130434794,0.004139748792270532,0.0215,1.5945,True,True,False,False,0.0,0.0,203.39647683397683,214.1650579150579,2.9399935649935647,-47.280285352316604,373.2212429617117
2025-01-13T17:30:00Z,2025-01-13T17:45:00Z,2025-01-13,2025-01-13_19,0.0,100,100,0,48.06433130434794,46.954548695652285,0.003082729468599033,1.021,0.0,True,True,False,False,0.0,0.0,203.39647683397683,214.1650579150579,139.61550836550836,0.0,557.177043114543
2025-01-13T17:45:00Z,2025-01-13T18:00:00Z,2025-01-13,2025-01-13_19,0.0,100,100,0,46.954548695652285,46.68527826086967,0.0007888623188405797,0.2545,0.008,True,True,False,False,0.0,0.0,203.39647683397683,214.1650579150579,34.801319176319176,-0.46653796653796653,451.89631595881593
2025-01-13T18:00:00Z,2025-01-13T18:15:00Z,2025-01-13,2025-01-13_20,0.0,100,100,0,46.68527826086967,35.031473913043584,0.03237167874396135,10.7215,0.0,True,True,False,False,0.0,0.0,193.05019305019306,214.1650579150579,5041.565028856982,0.0,5448.780279822233
2025-01-13T18:15:00Z,2025-01-13T18:30:00Z,2025-01-13,2025-01-13_20,0.0,100,100,0,35.031473913043584,31.980386956521844,0.008475241545893719,2.807,0.0,True,True,False,False,0.0,0.0,193.05019305019306,214.1650579150579,400.14087556306305,0.0,807.356126528314
2025-01-13T18:30:00Z,2025-01-13T18:45:00Z,2025-01-13,2025-01-13_20,0.0,100,100,0,31.980386956521844,30.103213043478366,0.005214371980676329,1.727,0.0,True,True,False,False,0.0,0.0,193.05019305019306,214.1650579150579,233.55862150096524,0.0,640.7738724662162
2025-01-13T18:45:00Z,2025-01-13T19:00:00Z,2025-01-13,2025-01-13_20,0.0,100,100,0,30.103213043478366,28.563919130434886,0.004347371980676328,1.428,0.014000000000000002,True,True,False,False,0.0,0.0,193.05019305019306,214.1650579150579,194.81167229729726,-0.6264076576576577,601.4005156048905
2025-01-13T19:00:00Z,2025-01-13T19:15:00Z,2025-01-13,2025-01-13_21,0.0,100,100,0,28.563919130434886,19.17826086956532,0.026114717391304346,8.642,0.0085,True,True,False,False,0.0,0.0,193.05019305019306,214.1650579150579,1593.817116312741,-0.4504497466216216,2000.5819175313704
2025-01-13T19:15:00Z,2025-01-13T19:30:00Z,2025-01-13,2025-01-13_21,0.0,100,100,0,19.17826086956532,10.000000000000103,0.025495169082125606,8.444,0.0,True,True,False,False,0.0,0.0,193.05019305019306,214.1650579150579,1376.378112934363,0.0,1783.593363899614
2025-01-13T19:30:00Z,2025-01-13T19:45:00Z,2025-01-13,2025-01-13_21,0.0,100,100,0,10.000000000000103,12.051862608695757,0.0075202705314009665,0.3015,2.5865,True,True,False,False,0.0,0.0,193.05019305019306,214.1650579150579,41.22828185328185,-57.68704321509009,390.75648960344273
2025-01-13T19:45:00Z,2025-01-13T20:00:00Z,2025-01-13,2025-01-13_21,0.0,100,100,0,12.051862608695757,21.426662608695757,0.026041111111111112,0.0,10.19,True,True,False,False,0.0,0.0,193.05019305019306,214.1650579150579,0.0,-86.93712596525096,320.278125
2025-01-13T20:00:00Z,2025-01-13T20:15:00Z,2025-01-13,2025-01-13_22,0.0,100,100,0,21.426662608695757,21.533472173913147,0.009194640096618356,1.4735,1.857,True,True,False,False,0.0,0.0,193.05019305019306,214.1650579150579,201.49211711711712,-39.12628197393822,569.5810861084299
2025-01-13T20:15:00Z,2025-01-13T20:30:00Z,2025-01-13,2025-01-13_22,0.0,100,100,0,21.533472173913147,20.452223478260976,0.0034276908212560386,1.065,0.083,True,True,False,False,0.0,0.0,193.05019305019306,214.1650579150579,145.6322393822394,-4.840331402831403,548.007158944659
2025-01-13T20:30:00Z,2025-01-13T20:45:00Z,2025-01-13,2025-01-13_22,0.0,100,100,0,20.452223478260976,21.177643478260975,0.0020150555555555555,0.0,0.7885,True,True,False,False,0.0,0.0,193.05019305019306,214.1650579150579,0.0,-29.801519868082362,377.4137310971686
2025-01-13T20:45:00Z,2025-01-13T21:00:00Z,2025-01-13,2025-01-13_22,0.0,100,100,0,21.177643478260975,33.51898347826098,0.034281500000000006,0.0,13.414500000000002,True,True,False,False,0.0,0.0,193.05019305019306,214.1650579150579,0.0,9024.1619332167,9431.37718418195
2025-01-13T21:00:00Z,2025-01-13T21:15:00Z,2025-01-13,2025-01-13_23,0.0,100,100,0,33.51898347826098,37.33560347826098,0.010601722222222222,0.0,4.1485,True,True,False,False,0.0,0.0,193.05019305019306,214.1650579150579,0.0,317.08561876608746,724.3008697313385
2025-01-13T21:15:00Z,2025-01-13T21:30:00Z,2025-01-13,2025-01-13_23,0.0,100,100,0,37.33560347826098,46.30330347826098,0.02491027777777778,0.0,9.7475,True,True,False,False,0.0,0.0,193.05019305019306,214.1650579150579,0.0,11.16509009009009,418.38034105534103
2025-01-13T21:30:00Z,2025-01-13T21:45:00Z,2025-01-13,2025-01-13_23,0.0,100,100,0,46.30330347826098,54.06948347826098,0.021572722222222222,0.0,8.4415,True,True,False,False,0.0,0.0,193.05019305019306,214.1650579150579,0.0,-55.56709720881595,351.648153756435
2025-01-13T21:45:00Z,2025-01-13T22:00:00Z,2025-01-13,2025-01-13_23,0.0,100,100,0,54.06948347826098,56.39086173913054,0.006623393719806764,0.029,2.5575,True,True,False,False,0.0,0.0,193.05019305019306,214.1650579150579,2.2462170205920207,-62.05157004102316,347.4098979448198
2025-01-13T22:00:00Z,2025-01-13T22:15:00Z,2025-01-14,2025-01-13_24,-12.99999999999999,100,87,0,56.39086173913054,54.99628379130446,0.017750085410628016,4.116,0.0,True,True,False,False,-350.3499999999997,0.0,193.03854738493095,186.31236049948723,614.615776075285,0.0,643.6166839597036
2025-01-13T22:15:00Z,2025-01-13T22:30:00Z,2025-01-14,2025-01-13_24,-12.99999999999999,100,87,0,54.99628379130446,57.59560401739141,0.009151040483091781,0.3675,0.0008700000000000001,True,True,False,False,-350.3499999999997,0.0,193.03854738493095,186.31236049948723,45.28058756107861,-0.050732943234602174,74.23076250226251
2025-01-13T22:30:00Z,2025-01-13T22:45:00Z,2025-01-14,2025-01-13_24,-12.99999999999999,100,87,0,57.59560401739141,47.69259210434793,0.036081488647342994,12.104,0.0008700000000000001,True,True,False,False,-350.3499999999997,0.0,193.03854738493095,186.31236049948723,2530.2108527879996,-0.04723411956325029,2559.164526552855
2025-01-13T22:45:00Z,2025-01-13T23:00:00Z,2025-01-14,2025-01-13_24,-12.99999999999999,100,87,0,47.69259210434793,39.22953335652184,0.032975833188405794,10.7515,0.0,True,True,False,False,-350.3499999999997,0.0,193.03854738493095,186.31236049948723,2405.1938492087434,0.0,2434.194757093162
2025-01-13T23:00:00Z,2025-01-13T23:15:00Z,2025-01-14,2025-01-14_1,0.0,100,100,0,39.22953335652184,29.197468139130535,0.027866847826086956,9.2295,0.0,True,True,False,False,0.0,0.0,193.03854738493095,214.15213850515778,1751.8196389575921,0.0,2159.0103248476807
2025-01-13T23:15:00Z,2025-01-13T23:30:00Z,2025-01-14,2025-01-14_1,0.0,100,100,0,29.197468139130535,28.382175965217492,0.002433367149758454,0.778,0.033,True,True,False,False,0.0,0.0,193.03854738493095,214.15213850515778,104.87175926484487,-1.9243530192435305,510.13809213569004
2025-01-13T23:30:00Z,2025-01-13T23:45:00Z,2025-01-14,2025-01-14_1,0.0,100,100,0,28.382175965217492,28.236108139130536,0.00045174396135265693,0.142,0.009,True,True,False,False,0.0,0.0,193.03854738493095,214.15213850515778,18.531298385312983,-0.524823550702781,425.1971607246989
2025-01-13T23:45:00Z,2025-01-14T00:00:00Z,2025-01-14,2025-01-14_1,0.0,100,100,0,28.236108139130536,28.1802611826088,0.00026757487922705317,0.07,0.022,True,True,False,False,0.0,0.0,193.03854738493095,214.15213850515778,9.135147091351472,-1.19442601194426,415.13140696949597
2025-01-14T00:00:00Z,2025-01-14T00:15:00Z,2025-01-14,2025-01-14_2,-2.2321193049768707e-14,100,100,0,28.1802611826088,19.56178292173924,0.02394021739130435,7.929,0.0,True,True,False,False,-5.93129902314979e-13,0.0,193.03854738493095,214.15213850515778,1273.7037437413285,0.0,1680.8944296314166
2025-01-14T00:15:00Z,2025-01-14T00:30:00Z,2025-01-14,2025-01-14_2,-2.2321193049768707e-14,100,100,0,19.56178292173924,13.146565530434899,0.017820048309178747,5.902,0.0,True,True,False,False,-5.93129902314979e-13,0.0,193.03854738493095,214.15213850515778,933.4051392491606,0.0,1340.5958251392487
2025-01-14T00:30:00Z,2025-01-14T00:45:00Z,2025-01-14,2025-01-14_2,-2.2321193049768707e-14,100,100,0,13.146565530434899,11.594391617391427,0.004311594202898563,1.428,0.0,True,True,False,False,-5.93129902314979e-13,0.0,193.03854738493095,214.15213850515778,195.25849067985763,0.0,602.4491765699457
2025-01-14T00:45:00Z,2025-01-14T01:00:00Z,2025-01-14,2025-01-14_2,-2.2321193049768707e-14,100,100,0,11.594391617391427,11.189681182608824,0.0013848623188405936,0.4155,0.05099999999999999,True,True,False,False,-5.93129902314979e-13,0.0,193.03854738493095,214.15213850515778,56.81365747722749,-2.7688966640526025,461.235446703263
2025-01-14T01:00:00Z,2025-01-14T01:15:00Z,2025-01-14,2025-01-14_3,-77.0,100,23,0,11.189681182608824,25.484895782608824,0.04465892944444445,3.5639999999999996,0.001035,True,True,False,False,-1962.345,0.0,193.03854738493095,49.25499185618628,555.5127272727273,-0.06035470833081981,-1164.5990881944863
2025-01-14T01:15:00Z,2025-01-14T01:30:00Z,2025-01-14,2025-01-14_3,-77.0,100,23,0,25.484895782608824,40.218105382608826,0.04523947111111111,3.106,0.0,True,True,False,False,-1962.345,0.0,193.03854738493095,49.25499185618628,479.55975468017937,0.0,-1240.4917060787034
2025-01-14T01:30:00Z,2025-01-14T01:45:00Z,2025-01-14,2025-01-14_3,-77.0,100,23,0,40.218105382608826,50.15691898260883,0.03886962111111111,8.1085,0.0,True,True,False,False,-1962.345,0.0,193.03854738493095,49.25499185618628,1439.033337254429,0.0,-281.01812350445385
2025-01-14T01:45:00Z,2025-01-14T02:00:00Z,2025-01-14,2025-01-14_3,-77.0,100,23,0,50.15691898260883,58.38546778260883,0.03659735777777778,9.893,0.0,True,True,False,False,-1962.345,0.0,193.03854738493095,49.25499185618628,1961.4084482515939,0.0,241.35698749271108
2025-01-14T02:00:00Z,2025-01-14T02:15:00Z,2025-01-14,2025-01-14_4,-100.0,100,0,0,58.38546778260883,66.05964778260882,0.021317166666666665,16.6585,0.0,True,True,False,False,-2515.5,0.0,193.03854738493095,0.0,12134.299145402265,0.0,9811.837692787196
2025-01-14T02:15:00Z,2025-01-14T02:30:00Z,2025-01-14,2025-01-14_4,-100.0,100,0,0,66.05964778260882,82.43472778260882,0.04548633333333334,7.200999999999999,0.0,True,True,False,False,-2515.5,0.0,193.03854738493095,0.0,1199.6395982385231,0.0,-1122.8218543765458
2025-01-14T02:30:00Z,2025-01-14T02:45:00Z,2025-01-14,2025-01-14_4,-100.0,100,0,0,82.43472778260882,89.53804778260881,0.019731444444444444,17.279,0.0,True,True,False,False,-2515.5,0.0,193.03854738493095,0.0,7088.61845770244,0.0,4766.157005087371
2025-01-14T02:45:00Z,2025-01-14T03:00:00Z,2025-01-14,2025-01-14_4,-100.0,100,0,0,89.53804778260881,91.23360778260881,0.004709888888888889,23.157,0.0,True,True,False,False,-2515.5,0.0,193.03854738493095,0.0,27871.41522108946,0.0,25548.953768474392
2025-01-14T03:00:00Z,2025-01-14T03:15:00Z,2025-01-14,2025-01-14_5,-99.67890685255149,0,0,0,91.23360778260881,114.15975635869566,0.06368374604468569,0.0,0.0,True,False,False,False,-2586.6676328237113,0.0,0.0,0.0,0.0,0.0,-2586.6676328237113
2025-01-14T03:15:00Z,2025-01-14T03:30:00Z,2025-01-14,2025-01-14_5,-99.67890685255149,0,0,0,114.15975635869566,137.0859049347825,0.06368374604468569,0.0,0.0,True,False,False,False,-2586.6676328237113,0.0,0.0,0.0,0.0,0.0,-2586.6676328237113
2025-01-14T03:30:00Z,2025-01-14T03:45:00Z,2025-01-14,2025-01-14_5,-99.67890685255149,0,0,0,137.0859049347825,160.01205351086935,0.06368374604468569,0.0,0.0,True,False,False,False,-2586.6676328237113,0.0,0.0,0.0,0.0,0.0,-2586.6676328237113
2025-01-14T03:45:00Z,2025-01-14T04:00:00Z,2025-01-14,2025-01-14_5,-99.67890685255149,0,0,0,160.01205351086935,182.9382020869562,0.06368374604468569,0.0,0.0,True,False,False,False,-2586.6676328237113,0.0,0.0,0.0,0.0,0.0,-2586.6676328237113
2025-01-14T04:00:00Z,2025-01-14T04:15:00Z,2025-01-14,2025-01-14_6,-18.000000000000227,100,82,0,182.9382020869562,184.23121038260842,0.017889696956521848,2.8875,0.22263000000000002,True,True,False,False,-490.6350000000062,0.0,193.03854738493095,175.60475357422936,466.93239880557405,-6.01460477770405,338.92609498702416
2025-01-14T04:15:00Z,2025-01-14T04:30:00Z,2025-01-14,2025-01-14_6,-18.000000000000227,100,82,0,184.23121038260842,189.87623838260848,0.015680633333333478,0.0,1.6359000000000001,True,True,False,False,-490.6350000000062,0.0,193.03854738493095,175.60475357422936,0.0,-40.94338849007662,-162.9350875309225
2025-01-14T04:30:00Z,2025-01-14T04:45:00Z,2025-01-14,2025-01-14_6,-18.000000000000227,100,82,0,189.87623838260848,189.99999999999983,0.019172586618357586,3.8025,0.00287,True,True,False,False,-490.6350000000062,0.0,193.03854738493095,175.60475357422936,594.1965373710564,-0.16736039894633128,472.03747793126416
2025-01-14T04:45:00Z,2025-01-14T05:00:00Z,2025-01-14,2025-01-14_6,-18.000000000000227,100,82,0,189.99999999999983,173.5552024695651,0.050761613140096515,19.4765,0.0,True,True,False,False,-490.6350000000062,0.0,193.03854738493095,175.60475357422936,14577.309026965075,0.0,14455.31732792423
2025-01-14T05:00:00Z,2025-01-14T05:15:00Z,2025-01-14,2025-01-14_7,0.0,100,100,0,173.5552024695651,183.19304420869554,0.03166610628019324,0.8104999999999999,11.4335,True,True,False,False,0.0,0.0,193.03854738493095,214.15213850515778,124.8919041442963,1926.2013840461686,2458.283974080554
2025-01-14T05:15:00Z,2025-01-14T05:30:00Z,2025-01-14,2025-01-14_7,0.0,100,100,0,183.19304420869554,180.91573986086945,0.00862584541062802,2.476,0.45000000000000007,True,True,False,False,0.0,0.0,193.03854738493095,214.15213850515778,373.96805775069885,-10.8296434819328,770.3291001588548
2025-01-14T05:30:00Z,2025-01-14T05:45:00Z,2025-01-14,2025-01-14_7,0.0,100,100,0,180.91573986086945,174.59834855652161,0.017548309178743962,5.812,0.0,True,True,False,False,0.0,0.0,193.03854738493095,214.15213850515778,1006.4783833021658,0.0,1413.6690691922545
2025-01-14T05:45:00Z,2025-01-14T06:00:00Z,2025-01-14,2025-01-14_7,0.0,100,100,0,174.59834855652161,165.86971464347815,0.024307538647342992,8.0405,0.012,True,True,False,False,0.0,0.0,193.03854738493095,214.15213850515778,1285.897952584907,-0.28231887555046153,1692.8063195994453
2025-01-14T06:00:00Z,2025-01-14T06:15:00Z,2025-01-14,2025-01-14_8,69.00000000003898,31,100,0,165.86971464347815,148.24534383477197,0.05071373446862606,0.020615,1.109,True,True,False,False,2792.6025000015775,0.0,63.04910418049104,214.15213850515778,2.724056010335606,-27.389719893024473,3045.1380788045376
2025-01-14T06:15:00Z,2025-01-14T06:30:00Z,2025-01-14,2025-01-14_8,69.00000000003898,31,100,0,148.24534383477197,129.5645879217179,0.052033588647372224,0.02201,0.09,True,True,False,False,2792.6025000015775,0.0,63.04910418049104,214.15213850515778,2.4528950252357684,-4.5267479037220255,3067.72988980874
2025-01-14T06:30:00Z,2025-01-14T06:45:00Z,2025-01-14,2025-01-14_8,69.00000000003898,31,100,0,129.5645879217179,110.7314764869247,0.05236569287442549,0.107415,0.0325,True,True,False,False,2792.6025000015775,0.0,63.04910418049104,214.15213850515778,13.396495719973458,-1.895196155315598,3081.305042251884
2025-01-14T06:45:00Z,2025-01-14T07:00:00Z,2025-01-14,2025-01-14_8,69.00000000003898,31,100,0,110.7314764869247,90.91332431300108,0.055050422705343424,0.9827,0.0,True,True,False,False,2792.6025000015775,0.0,63.04910418049104,214.15213850515778,134.37011119824658,0.0,3204.173853885473
2025-01-14T07:00:00Z,2025-01-14T07:15:00Z,2025-01-14,2025-01-14_9,0.0,100,100,0,90.91332431300108,74.67310692169673,0.045111714975845416,14.941,0.0,True,True,False,False,0.0,0.0,193.03854738493095,208.6324425408699,7093.653676177838,0.0,7495.324666103639
2025-01-14T07:15:00Z,2025-01-14T07:30:00Z,2025-01-14,2025-01-14_9,0.0,100,100,0,74.67310692169673,51.60680257387064,0.06407306763285024,21.221,0.0,True,True,False,False,0.0,0.0,193.03854738493095,208.6324425408699,14293.526142647444,0.0,14695.197132573245
2025-01-14T07:30:00Z,2025-01-14T07:45:00Z,2025-01-14,2025-01-14_9,0.0,100,100,0,51.60680257387064,40.178541704305424,0.0317451690821256,10.514,0.0,True,True,False,False,0.0,0.0,193.03854738493095,208.6324425408699,1711.975860931813,0.0,2113.646850857614
2025-01-14T07:45:00Z,2025-01-14T08:00:00Z,2025-01-14,2025-01-14_9,0.0,100,100,0,40.178541704305424,36.62038953039238,0.009883756038647343,3.2735,0.0,True,True,False,False,0.0,0.0,193.03854738493095,208.6324425408699,503.24722517142226,0.0,904.9182150972231
2025-01-14T08:00:00Z,2025-01-14T08:15:00Z,2025-01-14,2025-01-14_10,0.0,100,100,0,36.62038953039238,21.753541704305423,0.04129679951690821,13.6775,0.0,True,True,False,False,0.0,0.0,193.03854738493095,214.15213850515778,3612.3605618226056,0.0,4019.5512477126945
2025-01-14T08:15:00Z,2025-01-14T08:30:00Z,2025-01-14,2025-01-14_10,0.0,100,100,0,21.753541704305423,10.299737356479337,0.03181612318840579,10.5375,0.0,True,True,False,False,0.0,0.0,193.03854738493095,214.15213850515778,2106.5147116486696,0.0,2513.7053975387585
2025-01-14T08:30:00Z,2025-01-14T08:45:00Z,2025-01-14,2025-01-14_10,0.0,100,100,0,10.299737356479337,15.67883300865325,0.01537973429951691,0.0725,5.9325,True,True,False,False,0.0,0.0,193.03854738493095,214.15213850515778,9.913333735496973,24.87114526150691,441.9751648870926
2025-01-14T08:45:00Z,2025-01-14T09:00:00Z,2025-01-14,2025-01-14_10,0.0,100,100,0,15.67883300865325,36.05683300865325,0.056605555555555555,0.0,22.15,True,True,False,False,0.0,0.0,193.03854738493095,214.15213850515778,0.0,174.08757113269388,581.2782570227826
2025-01-14T09:00:00Z,2025-01-14T09:15:00Z,2025-01-14,2025-01-14_11,0.0,100,100,0,36.05683300865325,40.24375300865325,0.011630333333333335,0.0,4.551,True,True,False,False,0.0,0.0,193.03854738493095,214.15213850515778,0.0,-71.72736924654642,335.4633166435423
2025-01-14T09:15:00Z,2025-01-14T09:30:00Z,2025-01-14,2025-01-14_11,0.0,100,100,0,40.24375300865325,42.42153474778368,0.0063603840579710145,0.0515,2.428,True,True,False,False,0.0,0.0,193.03854738493095,214.15213850515778,8.28457099193662,-23.537895477669863,391.9373614043555
2025-01-14T09:30:00Z,2025-01-14T09:45:00Z,2025-01-14,2025-01-14_11,0.0,100,100,0,42.42153474778368,65.27571474778368,0.06348383333333334,0.0,24.8415,True,True,False,False,0.0,0.0,193.03854738493095,214.15213850515778,0.0,19558.64390058515,19965.834586475237
2025-01-14T09:45:00Z,2025-01-14T10:00:00Z,2025-01-14,2025-01-14_11,0.0,100,100,0,65.27571474778368,85.29445474778367,0.055607611111111115,0.0,21.7595,True,True,False,False,0.0,0.0,193.03854738493095,214.15213850515778,0.0,3144.261095091593,3551.4517809816816
2025-01-14T10:00:00Z,2025-01-14T10:15:00Z,2025-01-14,2025-01-14_12,0.0,100,100,0,85.29445474778367,88.41187474778367,0.008659499999999999,0.0,3.3884999999999996,True,True,False,False,0.0,0.0,193.03854738493095,214.15213850515778,0.0,-68.58355070278095,338.6071351873078
2025-01-14T10:15:00Z,2025-01-14T10:30:00Z,2025-01-14,2025-01-14_12,0.0,100,100,0,88.41187474778367,89.74555126952279,0.003916009661835749,0.035,1.491,True,True,False,False,0.0,0.0,193.03854738493095,214.15213850515778,2.1113591120226824,-25.643904807866324,383.6581401942451
2025-01-14T10:30:00Z,2025-01-14T10:45:00Z,2025-01-14,2025-01-14_12,0.0,100,100,0,89.74555126952279,95.5581112695228,0.016145999999999997,0.0,6.318,True,True,False,False,0.0,0.0,193.03854738493095,214.15213850515778,0.0,-109.1964239609097,297.99426192917906
2025-01-14T10:45:00Z,2025-01-14T11:00:00Z,2025-01-14,2025-01-14_12,0.0,100,100,0,95.5581112695228,96.41513387821846,0.0023957149758454103,0.0025,0.9344999999999999,True,True,False,False,0.0,0.0,193.03854738493095,214.15213850515778,0.0005027045504815911,-21.350819207335466,385.8403693873037
2025-01-14T11:00:00Z,2025-01-14T11:15:00Z,2025-01-14,2025-01-14_13,-75.8207998972124,100,24,0,96.41513387821846,113.83193080742114,0.048658139876986986,0.1905,0.17496,True,True,False,False,-2258.132972938728,0.0,193.03854738493095,51.396513241237855,28.23189238100984,-3.6264858538939495,-1989.0925057854433
2025-01-14T11:15:00Z,2025-01-14T11:30:00Z,2025-01-14,2025-01-14_13,-75.8207998972124,100,24,0,113.83193080742114,131.04766076461524,0.048231759254819574,0.281,0.050879999999999995,True,True,False,False,-2258.132972938728,0.0,193.03854738493095,51.396513241237855,39.607094367698224,-1.3898769620558604,-1975.4806949069168
2025-01-14T11:30:00Z,2025-01-14T11:45:00Z,2025-01-14,2025-01-14_13,-75.8207998972124,100,24,0,131.04766076461524,146.05914595286714,0.04539042428257763,2.5285,0.0010799999999999998,True,True,False,False,-2258.132972938728,0.0,193.03854738493095,51.396513241237855,405.98412750598226,-0.049224901972612645,-1607.7630097085496
2025-01-14T11:45:00Z,2025-01-14T12:00:00Z,2025-01-14,2025-01-14_13,-75.8207998972124,100,24,0,146.05914595286714,162.86532347824595,0.0476533306180964,0.664,0.005520000000000001,True,True,False,False,-2258.132972938728,0.0,193.03854738493095,51.396513241237855,100.55091753634554,-0.2439528985944381,-1913.390947674808
2025-01-14T12:00:00Z,2025-01-14T12:15:00Z,2025-01-14,2025-01-14_14,0.0,100,100,0,162.86532347824595,169.58362347824595,0.018661944444444446,0.0,7.3025,True,True,False,False,0.0,0.0,193.03854738493095,214.15213850515778,0.0,-68.54784842452395,338.64283746556475
2025-01-14T12:15:00Z,2025-01-14T12:30:00Z,2025-01-14,2025-01-14_14,0.0,100,100,0,169.58362347824595,173.63622347824597,0.011257222222222222,0.0,4.405,True,True,False,False,0.0,0.0,193.03854738493095,214.15213850515778,0.0,-71.43698095755164,335.75370493253706
2025-01-14T12:30:00Z,2025-01-14T12:45:00Z,2025-01-14,2025-01-14_14,0.0,100,100,0,173.63622347824597,174.40977652172424,0.0021547971014492756,0.001,0.8420000000000001,True,True,False,False,0.0,0.0,193.03854738493095,214.15213850515778,0.16086545615410913,-24.92611891978847,382.4254324264544
2025-01-14T12:45:00Z,2025-01-14T13:00:00Z,2025-01-14,2025-01-14_14,0.0,100,100,0,174.40977652172424,174.98425043476774,0.0019309057971014492,0.05550000000000001,0.69,True,True,False,False,0.0,0.0,193.03854738493095,214.15213850515778,8.928032816553058,-14.081239066176028,402.03747964046573
2025-01-14T13:00:00Z,2025-01-14T13:15:00Z,2025-01-14,2025-01-14_15,0.0,100,100,0,174.98425043476774,184.41517043476773,0.026197,0.0,10.251,True,True,False,False,0.0,0.0,193.03854738493095,214.15213850515778,0.0,-8.247220244917658,398.94346564517105
2025-01-14T13:15:00Z,2025-01-14T13:30:00Z,2025-01-14,2025-01-14_15,0.0,100,100,0,184.41517043476773,189.09817999998512,0.013017417874396135,0.0015,5.092,True,True,False,False,0.0,0.0,193.03854738493095,214.15213850515778,0.09048681908668638,-31.611131085238586,375.6700416239368
2025-01-14T13:30:00Z,2025-01-14T13:45:00Z,2025-01-14,2025-01-14_15,0.0,100,100,0,189.09817999998512,188.8908747825938,0.0007828478260869566,0.22500000000000003,0.0405,True,True,False,False,0.0,0.0,193.03854738493095,214.15213850515778,20.067985763407137,-1.3492589129516803,425.9094127405442
2025-01-14T13:45:00Z,2025-01-14T14:00:00Z,2025-01-14,2025-01-14_15,0.0,100,100,0,188.8908747825938,188.01555999998513,0.002807096618357488,0.8675,0.0735,True,True,False,False,0.0,0.0,193.03854738493095,214.15213850515778,119.48686935714144,-2.127451891174519,524.5501033560556
2025-01-14T14:00:00Z,2025-01-14T14:15:00Z,2025-01-14,2025-01-14_16,0.0,100,100,0,188.01555999998513,189.96917999998513,0.0054267222222222225,0.0,2.1235,True,True,False,False,0.0,0.0,193.03854738493095,214.15213850515778,0.0,-43.17710743801653,364.0135784520722
2025-01-14T14:15:00Z,2025-01-14T14:30:00Z,2025-01-14,2025-01-14_16,0.0,100,100,0,189.96917999998513,187.31467391302863,0.007544850241545892,2.4705,0.0335,True,True,False,False,0.0,0.0,193.03854738493095,214.15213850515778,390.64560807142425,-1.662140515975951,796.1741534455371
2025-01-14T14:30:00Z,2025-01-14T14:45:00Z,2025-01-14,2025-01-14_16,0.0,100,100,0,187.31467391302863,181.2956521738982,0.016719504830917872,5.5375,0.0,True,True,False,False,0.0,0.0,193.03854738493095,214.15213850515778,875.8683492187972,0.0,1283.0590351088858
2025-01-14T14:45:00Z,2025-01-14T15:00:00Z,2025-01-14,2025-01-14_16,0.0,100,100,0,181.2956521738982,166.60217391302862,0.040815217391304344,13.517999999999999,0.0,True,True,False,False,0.0,0.0,193.03854738493095,214.15213850515778,6103.383387826506,0.0,6510.574073716594
2025-01-14T15:00:00Z,2025-01-14T15:15:00Z,2025-01-14,2025-01-14_17,-66.63895043043665,100,33,0,166.60217391302862,180.8630566041749,0.0418749022907344,1.1225,0.03168,True,True,False,False,-3284.3006719640703,0.0,193.03854738493095,68.84870603848708,155.3557966861716,-1.875745719973457,-2868.933367574454
2025-01-14T15:15:00Z,2025-01-14T15:30:00Z,2025-01-14,2025-01-14_17,-66.63895043043665,100,33,0,180.8630566041749,189.9999999999852,0.03816174971022753,6.3445,0.00033000000000000005,True,True,False,False,-3284.3006719640703,0.0,193.03854738493095,68.84870603848708,1080.0219220405784,-0.019243530192435306,-1942.4107400302662
2025-01-14T15:30:00Z,2025-01-14T15:45:00Z,2025-01-14,2025-01-14_17,-66.63895043043665,100,33,0,189.9999999999852,186.02422835343242,0.028811161136354468,19.7835,0.0,True,True,False,False,-3284.3006719640703,0.0,193.03854738493095,68.84870603848708,13400.611167883211,0.0,10378.197749342558
2025-01-14T15:45:00Z,2025-01-14T16:00:00Z,2025-01-14,2025-01-14_17,-66.63895043043665,100,33,0,186.02422835343242,184.325249035234,0.03043461753331849,17.45,0.0,True,True,False,False,-3284.3006719640703,0.0,193.03854738493095,68.84870603848708,7698.684834409122,0.0,4676.27141586847
2025-01-14T16:00:00Z,2025-01-14T16:15:00Z,2025-01-14,2025-01-14_18,100.0,0,100,0,184.325249035234,157.15133599175576,0.07548309178743962,0.0,0.0,True,True,False,False,6574.75,0.0,0.0,208.6324425408699,0.0,0.0,6783.38244254087
2025-01-14T16:15:00Z,2025-01-14T16:30:00Z,2025-01-14,2025-01-14_18,100.0,0,100,0,157.15133599175576,129.9844881656688,0.07546346618357488,0.0,0.0065,True,True,False,False,6574.75,0.0,0.0,208.6324425408699,0.0,-0.3908025175443888,6782.991640023325
2025-01-14T16:30:00Z,2025-01-14T16:45:00Z,2025-01-14,2025-01-14_18,100.0,0,100,0,129.9844881656688,102.81057512219056,0.0754830917874396,0.0,0.0,True,True,False,False,6574.75,0.0,0.0,208.6324425408699,0.0,0.0,6783.38244254087
2025-01-14T16:45:00Z,2025-01-14T17:00:00Z,2025-01-14,2025-01-14_18,100.0,0,100,0,102.81057512219056,75.63666207871229,0.07548309178743962,0.0,0.0,True,True,False,False,6574.75,0.0,0.0,208.6324425408699,0.0,0.0,6783.38244254087
2025-01-14T17:00:00Z,2025-01-14T17:15:00Z,2025-01-14,2025-01-14_19,57.35199167010153,0,100,0,75.63666207871229,60.07676767939179,0.04327533367076559,0.0,0.0245,True,True,False,False,3593.532418069387,0.0,0.0,208.6324425408699,0.0,-1.3834413142707769,3800.781419295986
2025-01-14T17:15:00Z,2025-01-14T17:30:00Z,2025-01-14,2025-01-14_19,57.35199167010153,0,100,0,60.07676767939179,44.49452671648161,0.04328945214248155,0.0,0.0025,True,True,False,False,3593.532418069387,0.0,0.0,208.6324425408699,0.0,-0.1457843196396614,3802.0190762906172
2025-01-14T17:30:00Z,2025-01-14T17:45:00Z,2025-01-14,2025-01-14_19,57.35199167010153,0,100,0,44.49452671648161,28.90974637134532,0.04329105651426746,0.0,0.0,True,True,False,False,3593.532418069387,0.0,0.0,208.6324425408699,0.0,0.0,3802.1648606102567
2025-01-14T17:45:00Z,2025-01-14T18:00:00Z,2025-01-14,2025-01-14_19,57.35199167010153,0,100,0,28.90974637134532,13.324966026209037,0.043291056514267456,0.0,0.0,True,True,False,False,3593.532418069387,0.0,0.0,208.6324425408699,0.0,0.0,3802.1648606102567
2025-01-14T18:00:00Z,2025-01-14T18:15:00Z,2025-01-14,2025-01-14_20,-82.9236679368867,100,17,0,13.324966026209037,15.406274870065019,0.024253446934176043,17.9135,0.0,True,True,False,False,-4255.849947690867,0.0,193.03854738493095,36.40586354587682,10829.76994138465,0.0,6803.36440462459
2025-01-14T18:15:00Z,2025-01-14T18:30:00Z,2025-01-14,2025-01-14_20,-82.9236679368867,100,17,0,15.406274870065019,13.585413368002145,0.017656357211674877,22.0275,0.0,True,True,False,False,-4255.849947690867,0.0,193.03854738493095,36.40586354587682,23075.249104180493,0.0,19048.843567420434
2025-01-14T18:30:00Z,2025-01-14T18:45:00Z,2025-01-14,2025-01-14_20,-82.9236679368867,100,17,0,13.585413368002145,25.659275589168566,0.041147063907085564,7.378500000000001,0.0,True,True,False,False,-4255.849947690867,0.0,193.03854738493095,36.40586354587682,1316.67152228992,0.0,-2709.7340144701398
2025-01-14T18:45:00Z,2025-01-14T19:00:00Z,2025-01-14,2025-01-14_20,-82.9236679368867,100,17,0,25.659275589168566,43.981979999985356,0.05171361087304284,0.7925,0.002125,True,True,False,False,-4255.849947690867,0.0,193.03854738493095,36.40586354587682,108.36299290181175,-0.12776236150489637,-3918.1703062197525
2025-01-14T19:00:00Z,2025-01-14T19:15:00Z,2025-01-14,2025-01-14_21,0.0,100,100,0,43.981979999985356,25.601587826072315,0.051071978260869566,16.9125,0.003,True,True,False,False,0.0,0.0,193.03854738493095,214.15213850515778,19744.53351028534,-0.18187850636423963,20151.542317669064
2025-01-14T19:15:00Z,2025-01-14T19:30:00Z,2025-01-14,2025-01-14_21,0.0,100,100,0,25.601587826072315,9.999999999985357,0.043353077294685995,14.356,0.003,True,True,False,False,0.0,0.0,193.03854738493095,214.15213850515778,12112.559985522112,-0.18218012909452858,12519.568491283106
2025-01-14T19:30:00Z,2025-01-14T19:45:00Z,2025-01-14,2025-01-14_21,0.0,100,100,0,9.999999999985357,10.302638260854922,0.0016407826086956522,0.1325,0.4855,True,True,False,False,0.0,0.0,193.03854738493095,214.15213850515778,18.11747199935654,-16.487435905169814,408.82072198427545
2025-01-14T19:45:00Z,2025-01-14T20:00:00Z,2025-01-14,2025-01-14_21,0.0,100,100,0,10.302638260854922,16.25963826085492,0.016547222222222224,0.0,6.4750000000000005,True,True,False,False,0.0,0.0,193.03854738493095,214.15213850515778,0.0,-91.93065190726108,315.2600339828276
2025-01-14T20:00:00Z,2025-01-14T20:15:00Z,2025-01-14,2025-01-14_22,4.367469098865691,95,100,0,16.25963826085492,14.112963484480158,0.011979971817493931,1.93325,1.231,True,True,False,False,186.82940937672709,0.0,183.3866200156844,214.15213850515778,304.55169763326694,-34.615825943576446,854.3040395872598
2025-01-14T20:15:00Z,2025-01-14T20:30:00Z,2025-01-14,2025-01-14_22,4.367469098865691,95,100,0,14.112963484480158,12.474913578169907,0.006730135299714774,0.795625,0.44600000000000006,True,True,False,False,186.82940937672709,0.0,183.3866200156844,214.15213850515778,108.79029176972111,-17.70987070438962,675.4485889629008
2025-01-14T20:30:00Z,2025-01-14T20:45:00Z,2025-01-14,2025-01-14_22,4.367469098865691,95,100,0,12.474913578169907,9.999999999985311,0.008284914736722711,1.431175,0.2885,True,True,False,False,186.82940937672709,0.0,183.3866200156844,214.15213850515778,209.85933355955038,-6.920612093060666,787.306889364059
2025-01-14T20:45:00Z,2025-01-14T21:00:00Z,2025-01-14,2025-01-14_22,4.367469098865691,95,100,0,9.999999999985311,21.917675102029136,0.03597093652539181,0.0,14.132,True,True,False,False,186.82940937672709,0.0,183.3866200156844,214.15213850515778,0.0,7081.762844905593,7666.131012803162
2025-01-14T21:00:00Z,2025-01-14T21:15:00Z,2025-01-14,2025-01-14_23,20.949085146033326,79,100,0,21.917675102029136,19.446419176851474,0.02054128640539479,0.01027,3.385,True,True,False,False,812.1436583988469,0.0,152.50045243409545,214.15213850515778,1.3740934125595707,-57.59421185980575,1122.576130890854
2025-01-14T21:15:00Z,2025-01-14T21:30:00Z,2025-01-14,2025-01-14_23,20.949085146033326,79,100,0,19.446419176851474,13.549743455781076,0.01659379492565551,0.23423499999999997,0.053,True,True,False,False,812.1436583988469,0.0,152.50045243409545,214.15213850515778,29.979027894070093,-3.2078582775331284,1205.567418954637
2025-01-14T21:30:00Z,2025-01-14T21:45:00Z,2025-01-14,2025-01-14_23,20.949085146033326,79,100,0,13.549743455781076,9.999999999985302,0.019484583868742522,0.121265,2.382,True,True,False,False,812.1436583988469,0.0,152.50045243409545,214.15213850515778,15.585226226096399,-54.50804970742596,1139.8734258567706
2025-01-14T21:45:00Z,2025-01-14T22:00:00Z,2025-01-14,2025-01-14_23,20.949085146033326,79,100,0,9.999999999985302,13.028630896028078,0.02848590759496688,0.0,9.1325,True,True,False,False,812.1436583988469,0.0,152.50045243409545,214.15213850515778,0.0,-82.04026412097083,1096.7559852171294
2025-01-14T22:00:00Z,2025-01-14T22:15:00Z,2025-01-15,2025-01-14_24,-20.999999999999662,83,79,0,13.028630896028078,12.987820748201909,0.0276424959661835,6.153205000000001,1.6929699999999999,True,True,False,False,-652.6799999999895,0.0,160.18656266334284,169.14277672791604,1031.4492033040492,-23.008014348035864,685.0905283472828
2025-01-14T22:15:00Z,2025-01-14T22:30:00Z,2025-01-15,2025-01-14_24,-20.999999999999662,83,79,0,12.987820748201909,14.335494765593133,0.01877928772946846,3.3332800000000002,0.0,True,True,False,False,-652.6799999999895,0.0,160.18656266334284,169.14277672791604,495.5839915081823,0.0,172.2333308994517
2025-01-14T22:30:00Z,2025-01-14T22:45:00Z,2025-01-15,2025-01-14_24,-20.999999999999662,83,79,0,14.335494765593133,13.683172548201746,0.021859189492753527,5.247675,0.0,True,True,False,False,-652.6799999999895,0.0,160.18656266334284,169.14277672791604,809.9936485967594,0.0,486.6429879880288
2025-01-14T22:45:00Z,2025-01-14T23:00:00Z,2025-01-15,2025-01-14_24,-20.999999999999662,83,79,0,13.683172548201746,18.34471941776689,0.013933403140096409,0.21828999999999998,0.06478,True,True,False,False,-652.6799999999895,0.0,160.18656266334284,169.14277672791604,29.84142173615858,-3.3255261388766035,-296.8347650114486
2025-01-14T23:00:00Z,2025-01-14T23:15:00Z,2025-01-15,2025-01-15_1,0.0,100,100,0,18.34471941776689,17.22168550472341,0.0031425386473429946,1.037,0.0045,True,True,False,False,0.0,0.0,192.99585863053355,214.10478066824817,159.43473684210525,-0.27049575811185717,566.2648803827751
2025-01-14T23:15:00Z,2025-01-14T23:30:00Z,2025-01-15,2025-01-15_1,0.0,100,100,0,17.22168550472341,14.377120287332106,0.007901570048309178,2.617,0.0,True,True,False,False,0.0,0.0,192.99585863053355,214.10478066824817,415.0414056531704,0.0,822.1420449519521
2025-01-14T23:30:00Z,2025-01-14T23:45:00Z,2025-01-15,2025-01-15_1,0.0,100,100,0,14.377120287332106,12.116337678636453,0.006343840579710145,2.0905,0.0125,True,True,False,False,0.0,0.0,192.99585863053355,214.10478066824817,330.61815196413494,-0.739817458083712,736.9789738048329
2025-01-14T23:45:00Z,2025-01-15T00:00:00Z,2025-01-15,2025-01-15_1,0.0,100,100,0,12.116337678636453,14.799057678636453,0.007452,0.0,2.916,True,True,False,False,0.0,0.0,192.99585863053355,214.10478066824817,0.0,-67.27399943709541,339.8266398616863
2025-01-15T00:00:00Z,2025-01-15T00:15:00Z,2025-01-15,2025-01-15_2,-100.0,100,0,0,14.799057678636453,28.022677678636455,0.03673227777777779,10.6265,0.0,True,True,False,False,-2790.0,0.0,192.99585863053355,0.0,2347.701950564915,0.0,-249.30219080455143
2025-01-15T00:15:00Z,2025-01-15T00:30:00Z,2025-01-15,2025-01-15_2,-100.0,100,0,0,28.022677678636455,42.728417678636454,0.040849277777777776,9.0155,0.0,True,True,False,False,-2790.0,0.0,192.99585863053355,0.0,1594.3236249045071,0.0,-1002.6805164649593
2025-01-15T00:30:00Z,2025-01-15T00:45:00Z,2025-01-15,2025-01-15_2,-100.0,100,0,0,42.728417678636454,60.326177678636455,0.04888266666666667,5.872,0.0,True,True,False,False,-2790.0,0.0,192.99585863053355,0.0,995.0278830766757,0.0,-1601.9762582927908
2025-01-15T00:45:00Z,2025-01-15T01:00:00Z,2025-01-15,2025-01-15_2,-100.0,100,0,0,60.326177678636455,83.23417767863646,0.06363333333333333,0.1,0.0,True,True,False,False,-2790.0,0.0,192.99585863053355,0.0,13.670539986329462,0.0,-2583.333601383137
2025-01-15T01:00:00Z,2025-01-15T01:15:00Z,2025-01-15,2025-01-15_3,-19.0,100,81,0,83.23417767863646,83.90067898298427,0.019049218599033815,3.5159999999999996,0.00729,True,True,False,False,-525.7775,0.0,192.99585863053355,173.42487234128103,564.7660705239033,-0.43820312814120865,404.97109836757664
2025-01-15T01:15:00Z,2025-01-15T01:30:00Z,2025-01-15,2025-01-15_3,-19.0,100,81,0,83.90067898298427,87.91340351341907,0.012956239637681157,0.37,0.036045,True,True,False,False,-525.7775,0.0,192.99585863053355,173.42487234128103,52.59337782960074,-2.1270984791524263,-108.89048967773714
2025-01-15T01:30:00Z,2025-01-15T01:45:00Z,2025-01-15,2025-01-15_3,-19.0,100,81,0,87.91340351341907,91.78336410472342,0.013254238357487923,0.512,0.04374,True,True,False,False,-525.7775,0.0,192.99585863053355,173.42487234128103,75.26838486590809,-2.613830364681758,-86.70221452695912
2025-01-15T01:45:00Z,2025-01-15T02:00:00Z,2025-01-15,2025-01-15_3,-19.0,100,81,0,91.78336410472342,96.66457130472341,0.01355890888888889,0.0,0.55566,True,True,False,False,-525.7775,0.0,192.99585863053355,173.42487234128103,0.0,-26.26253675766958,-185.61930578585503
2025-01-15T02:00:00Z,2025-01-15T02:15:00Z,2025-01-15,2025-01-15_4,-100.00000000000011,100,0,0,96.66457130472341,117.62033130472344,0.05821044444444452,2.222,0.0,True,True,False,False,-2716.750000000003,0.0,192.99585863053355,0.0,354.02085802742147,0.0,-2169.7332833420483
2025-01-15T02:15:00Z,2025-01-15T02:30:00Z,2025-01-15,2025-01-15_4,-100.00000000000011,100,0,0,117.62033130472344,139.05265130472347,0.0595342222222223,1.704,0.0,True,True,False,False,-2716.750000000003,0.0,192.99585863053355,0.0,268.4332692694303,0.0,-2255.320872100039
2025-01-15T02:30:00Z,2025-01-15T02:45:00Z,2025-01-15,2025-01-15_4,-100.00000000000011,100,0,0,139.05265130472347,161.2080913047235,0.061542888888888966,0.918,0.0,True,True,False,False,-2716.750000000003,0.0,192.99585863053355,0.0,142.94958988380043,0.0,-2380.8045514856694
2025-01-15T02:45:00Z,2025-01-15T03:00:00Z,2025-01-15,2025-01-15_4,-100.00000000000011,100,0,0,161.2080913047235,183.94359130472353,0.06315416666666675,0.2875,0.0,True,True,False,False,-2716.750000000003,0.0,192.99585863053355,0.0,39.3028024606972,0.0,-2484.4513389087724
2025-01-15T03:00:00Z,2025-01-15T03:15:00Z,2025-01-15,2025-01-15_5,-14.0,100,86,0,183.94359130472353,187.00580490472353,0.009342260000000002,0.161,0.014620000000000001,True,True,False,False,-413.385,0.0,192.99585863053355,178.58027421494916,22.009569377990434,-0.7667755297334246,-20.56607330626028
2025-01-15T03:15:00Z,2025-01-15T03:30:00Z,2025-01-15,2025-01-15_5,-14.0,100,86,0,187.00580490472353,189.61692973950616,0.010369066570048309,0.6,0.03182,True,True,False,False,-413.385,0.0,192.99585863053355,178.58027421494916,88.85046841703189,-1.8987025089461622,45.14289875356844
2025-01-15T03:30:00Z,2025-01-15T03:45:00Z,2025-01-15,2025-01-15_5,-14.0,100,86,0,189.61692973950616,189.77434361776704,0.015391185893719808,2.8795,0.0,True,True,False,False,-413.385,0.0,192.99585863053355,178.58027421494916,451.85550249286325,0.0,410.04663533834594
2025-01-15T03:45:00Z,2025-01-15T04:00:00Z,2025-01-15,2025-01-15_5,-14.0,100,86,0,189.77434361776704,184.73845866124532,0.026456358212560385,7.788,0.029670000000000002,True,True,False,False,-413.385,0.0,192.99585863053355,178.58027421494916,1511.019486952676,-1.0140123034859878,1468.196607494673
2025-01-15T04:00:00Z,2025-01-15T04:15:00Z,2025-01-15,2025-01-15_6,-2.7310772681160575e-13,100,100,0,184.73845866124532,186.01863866124538,0.0035560555555557297,0.0,1.3915,True,True,False,False,-9.05488668243879e-12,0.0,192.99585863053355,214.10478066824817,0.0,-57.017035603715165,350.0836036950575
2025-01-15T04:15:00Z,2025-01-15T04:30:00Z,2025-01-15,2025-01-15_6,-2.7310772681160575e-13,100,100,0,186.01863866124538,185.77391344385413,0.0008177922705315718,0.248,0.027,True,True,False,False,-9.05488668243879e-12,0.0,192.99585863053355,214.10478066824817,33.90293916609706,-1.6338305657191108,439.36974789915064
2025-01-15T04:30:00Z,2025-01-15T04:45:00Z,2025-01-15,2025-01-15_6,-2.7310772681160575e-13,100,100,0,185.77391344385413,178.33775431341942,0.020714775362318905,6.851,0.0115,True,True,False,False,-9.05488668243879e-12,0.0,192.99585863053355,214.10478066824817,1976.425765550239,-2.540810582606248,2380.9855942664053
2025-01-15T04:45:00Z,2025-01-15T05:00:00Z,2025-01-15,2025-01-15_6,-2.7310772681160575e-13,100,100,0,178.33775431341942,157.00623257428904,0.05925422705313997,19.625,0.0,True,True,False,False,-9.05488668243879e-12,0.0,192.99585863053355,214.10478066824817,14877.428355313417,0.0,15284.52899461219
2025-01-15T05:00:00Z,2025-01-15T05:15:00Z,2025-01-15,2025-01-15_7,-56.0,100,44,0,157.00623257428904,169.82167264385427,0.038166439806763285,0.9665,0.9734999999999999,True,True,False,False,-2131.08,0.0,192.99585863053355,94.2061034940292,150.23127397370433,-27.531484962406015,-1721.1782488641388
2025-01-15T05:15:00Z,2025-01-15T05:30:00Z,2025-01-15,2025-01-15_7,-56.0,100,44,0,169.82167264385427,182.08160933950643,0.03577977584541063,0.649,0.02684,True,True,False,False,-2131.08,0.0,192.99585863053355,94.2061034940292,88.72180451127821,-1.6241486068111457,-1756.7803819709702
2025-01-15T05:30:00Z,2025-01-15T05:45:00Z,2025-01-15,2025-01-15_7,-56.0,100,44,0,182.08160933950643,189.99033114820207,0.0352643238647343,5.004,0.0,True,True,False,False,-2131.08,0.0,192.99585863053355,94.2061034940292,2281.633666519239,0.0,437.7556286438017
2025-01-15T05:45:00Z,2025-01-15T06:00:00Z,2025-01-15,2025-01-15_7,-56.0,100,44,0,189.99033114820207,181.03306777428904,0.03352233603864734,21.981,0.0,True,True,False,False,-2131.08,0.0,192.99585863053355,94.2061034940292,23582.16352699932,0.0,21738.285489123882
2025-01-15T06:00:00Z,2025-01-15T06:15:00Z,2025-01-15,2025-01-15_8,-6.919000462729376,0,93,0,181.03306777428904,185.19765488071678,0.011568297517854879,0.0,2.7969749999999998,True,True,False,False,-341.55645784263567,0.0,0.0,199.11744602147078,0.0,-73.07323511820998,-215.51224693937485
2025-01-15T06:15:00Z,2025-01-15T06:30:00Z,2025-01-15,2025-01-15_8,-6.919000462729376,0,93,0,185.19765488071678,186.81725978714454,0.004498902517854879,0.0,0.03069,True,True,False,False,-341.55645784263567,0.0,0.0,199.11744602147078,0.0,-1.8571207430340557,-144.29613256419893
2025-01-15T06:30:00Z,2025-01-15T06:45:00Z,2025-01-15,2025-01-15_8,-6.919000462729376,0,93,0,186.81725978714454,188.40862989357228,0.00442047251785488,0.0,0.0,True,True,False,False,-341.55645784263567,0.0,0.0,199.11744602147078,0.0,0.0,-142.43901182116488
2025-01-15T06:45:00Z,2025-01-15T07:00:00Z,2025-01-15,2025-01-15_8,-6.919000462729376,0,93,0,188.40862989357228,190.00000000000003,0.00442047251785488,0.0,0.0,True,True,False,False,-341.55645784263567,0.0,0.0,199.11744602147078,0.0,0.0,-142.43901182116488
2025-01-15T07:00:00Z,2025-01-15T07:15:00Z,2025-01-15,2025-01-15_9,0.0,100,100,0,190.00000000000003,177.32826086956524,0.03519927536231884,11.658,0.0,True,True,False,False,0.0,0.0,192.99585863053355,208.58630533553134,2107.172601825419,0.0,2508.754765791484
2025-01-15T07:15:00Z,2025-01-15T07:30:00Z,2025-01-15,2025-01-15_9,0.0,100,100,0,177.32826086956524,160.51576086956524,0.04670138888888889,15.467500000000001,0.0,True,True,False,False,0.0,0.0,192.99585863053355,208.58630533553134,6765.664604861085,0.0,7167.24676882715
2025-01-15T07:30:00Z,2025-01-15T07:45:00Z,2025-01-15,2025-01-15_9,0.0,100,100,0,160.51576086956524,142.93804347826088,0.0488269927536232,16.1715,0.0,True,True,False,False,0.0,0.0,192.99585863053355,208.58630533553134,11729.100325680514,0.0,12130.682489646579
2025-01-15T07:45:00Z,2025-01-15T08:00:00Z,2025-01-15,2025-01-15_9,0.0,100,100,0,142.93804347826088,138.19184782608696,0.013183876811594204,4.3665,0.0,True,True,False,False,0.0,0.0,192.99585863053355,208.58630533553134,637.501801797274,0.0,1039.083965763339
2025-01-15T08:00:00Z,2025-01-15T08:15:00Z,2025-01-15,2025-01-15_10,1.9470480519549693e-13,0,100,0,138.19184782608696,138.19184782608693,1.4696920682027242e-16,0.0,0.0,True,True,False,False,1.5580278511743663e-11,0.0,0.0,214.10478066824817,0.0,0.0,214.10478066826374
2025-01-15T08:15:00Z,2025-01-15T08:30:00Z,2025-01-15,2025-01-15_10,1.9470480519549693e-13,0,100,0,138.19184782608693,138.24244782608687,0.00014055555555570197,0.0,0.055,True,True,False,False,1.5580278511743663e-11,0.0,0.0,214.10478066824817,0.0,-3.3281733746130033,210.77660729365076
2025-01-15T08:30:00Z,2025-01-15T08:45:00Z,2025-01-15,2025-01-15_10,1.9470480519549693e-13,0,100,0,138.24244782608687,138.31926782608681,0.00021338888888903498,0.0,0.0835,True,True,False,False,1.5580278511743663e-11,0.0,0.0,214.10478066824817,0.0,-7.087377668770859,207.0174029994929
2025-01-15T08:45:00Z,2025-01-15T09:00:00Z,2025-01-15,2025-01-15_10,1.9470480519549693e-13,0,100,0,138.31926782608681,143.79326782608678,0.015205555555555639,0.0,5.95,True,True,False,False,1.5580278511743663e-11,0.0,0.0,214.10478066824817,0.0,-27.284688995215316,186.82009167304844
2025-01-15T09:00:00Z,2025-01-15T09:15:00Z,2025-01-15,2025-01-15_11,0.0,0,100,0,143.79326782608678,144.10100782608677,0.0008548333333333334,0.0,0.3345,True,True,False,False,0.0,0.0,0.0,214.10478066824817,0.0,-19.333779904306223,194.77100076394194
2025-01-15T09:15:00Z,2025-01-15T09:30:00Z,2025-01-15,2025-01-15_11,0.0,0,100,0,144.10100782608677,144.33376782608678,0.0006465555555555556,0.0,0.253,True,True,False,False,0.0,0.0,0.0,214.10478066824817,0.0,-9.599931446262717,204.50484922198544
2025-01-15T09:30:00Z,2025-01-15T09:45:00Z,2025-01-15,2025-01-15_11,0.0,0,100,0,144.33376782608678,145.71330782608678,0.003832055555555556,0.0,1.4995,True,True,False,False,0.0,0.0,0.0,214.10478066824817,0.0,-61.69648767641028,152.4082929918379
2025-01-15T09:45:00Z,2025-01-15T10:00:00Z,2025-01-15,2025-01-15_11,0.0,0,100,0,145.71330782608678,147.17748782608678,0.004067166666666667,0.0,1.5915,True,True,False,False,0.0,0.0,0.0,214.10478066824817,0.0,-42.095306179888226,172.00947448835996
2025-01-15T10:00:00Z,2025-01-15T10:15:00Z,2025-01-15,2025-01-15_12,0.0,100,100,0,147.17748782608678,150.26960782608677,0.008589222222222224,0.0,3.361,True,True,False,False,0.0,0.0,192.99585863053355,214.10478066824817,0.0,-73.41199147601625,333.68864782276546
2025-01-15T10:15:00Z,2025-01-15T10:30:00Z,2025-01-15,2025-01-15_12,0.0,100,100,0,150.26960782608677,150.5153399999998,0.0008456328502415459,0.027,0.299,True,True,False,False,0.0,0.0,192.99585863053355,214.10478066824817,4.342406819187006,-19.774923002693903,391.6681231152748
2025-01-15T10:30:00Z,2025-01-15T10:45:00Z,2025-01-15,2025-01-15_12,0.0,100,100,0,150.5153399999998,153.0416599999998,0.0070175555555555555,0.0,2.746,True,True,False,False,0.0,0.0,192.99585863053355,214.10478066824817,0.0,-74.08326203208557,333.01737726669614
2025-01-15T10:45:00Z,2025-01-15T11:00:00Z,2025-01-15,2025-01-15_12,0.0,100,100,0,153.0416599999998,158.9659999999998,0.0164565,0.0,6.4395,True,True,False,False,0.0,0.0,192.99585863053355,214.10478066824817,0.0,-15.586743596960316,391.5138957018214
2025-01-15T11:00:00Z,2025-01-15T11:15:00Z,2025-01-15,2025-01-15_13,0.0,100,100,0,158.9659999999998,166.28229999999982,0.020323055555555556,0.0,7.9525,True,True,False,False,0.0,0.0,192.99585863053355,214.10478066824817,0.0,-77.2052144063367,329.895424892445
2025-01-15T11:15:00Z,2025-01-15T11:30:00Z,2025-01-15,2025-01-15_13,0.0,100,100,0,166.28229999999982,165.65404173913024,0.0025936062801932367,0.7185,0.166,True,True,False,False,0.0,0.0,192.99585863053355,214.10478066824817,115.55627035503198,-10.045032367013793,512.6118772867999
2025-01-15T11:30:00Z,2025-01-15T11:45:00Z,2025-01-15,2025-01-15_13,0.0,100,100,0,165.65404173913024,164.71074782608673,0.002947371980676329,0.922,0.064,True,True,False,False,0.0,0.0,192.99585863053355,214.10478066824817,148.28515138112664,-3.8727835631860406,551.5130071167223
2025-01-15T11:45:00Z,2025-01-15T12:00:00Z,2025-01-15,2025-01-15_13,0.0,100,100,0,164.71074782608673,170.48696782608673,0.01604505555555556,0.0,6.278500000000001,True,True,False,False,0.0,0.0,192.99585863053355,214.10478066824817,0.0,-133.1268693458245,273.97376995295724
2025-01-15T12:00:00Z,2025-01-15T12:15:00Z,2025-01-15,2025-01-15_14,0.0,82,100,0,170.48696782608673,171.6034113043476,0.0035815458937198067,0.07954,1.3075,True,True,False,False,0.0,0.0,158.2566040770375,214.10478066824817,12.648158429496203,-56.60900396043586,328.400539214346
2025-01-15T12:15:00Z,2025-01-15T12:30:00Z,2025-01-15,2025-01-15_14,0.0,82,100,0,171.6034113043476,170.43341565217366,0.0033010990338164245,1.08486,0.01,True,True,False,False,0.0,0.0,158.2566040770375,214.10478066824817,174.47790599493388,-0.6051224317478188,546.2341683084717
2025-01-15T12:30:00Z,2025-01-15T12:45:00Z,2025-01-15,2025-01-15_14,0.0,82,100,0,170.43341565217366,167.67349173913018,0.007666455314009662,2.53913,0.0,True,True,False,False,0.0,0.0,158.2566040770375,214.10478066824817,408.36797877045564,0.0,780.7293635157413
2025-01-15T12:45:00Z,2025-01-15T13:00:00Z,2025-01-15,2025-01-15_14,0.0,82,100,0,167.67349173913018,168.68285913043454,0.0029845350241545898,0.02993,1.1325,True,True,False,False,0.0,0.0,158.2566040770375,214.10478066824817,4.813638374009892,-16.093193377829603,361.081829741466
2025-01-15T13:00:00Z,2025-01-15T13:15:00Z,2025-01-15,2025-01-15_15,0.0,100,100,0,168.68285913043454,169.90905913043454,0.0035450000000000004,0.023,1.36,True,True,False,False,0.0,0.0,192.99585863053355,214.10478066824817,3.144224196855776,-36.97689678742311,373.2679667082144
2025-01-15T13:15:00Z,2025-01-15T13:30:00Z,2025-01-15,2025-01-15_15,0.0,100,100,0,169.90905913043454,169.86795304347802,0.0007070724637681159,0.136,0.116,True,True,False,False,0.0,0.0,192.99585863053355,214.10478066824817,18.59193438140807,-5.664625467411846,420.0279482127779
2025-01-15T13:30:00Z,2025-01-15T13:45:00Z,2025-01-15,2025-01-15_15,0.0,100,100,0,169.86795304347802,169.60721304347803,0.0008035,0.253,0.0155,True,True,False,False,0.0,0.0,192.99585863053355,214.10478066824817,34.58646616541354,-0.9118052149089301,440.7753002492863
2025-01-15T13:45:00Z,2025-01-15T14:00:00Z,2025-01-15,2025-01-15_15,0.0,100,100,0,169.60721304347803,173.46047130434758,0.01080917149758454,0.0175,4.209,True,True,False,False,0.0,0.0,192.99585863053355,214.10478066824817,2.392344497607656,161.3943596960315,570.8873434924209
2025-01-15T14:00:00Z,2025-01-15T14:15:00Z,2025-01-15,2025-01-15_16,3.984685686205797,96,100,0,173.46047130434758,187.33107078179438,0.04066206794682338,0.0,16.137,True,True,False,False,326.72430284044435,0.0,185.2760242853122,214.10478066824817,0.0,6101.376926138877,6827.482033932882
2025-01-15T14:15:00Z,2025-01-15T14:30:00Z,2025-01-15,2025-01-15_16,3.984685686205797,96,100,0,187.33107078179438,187.08653801663544,0.005179388779201944,0.01056,0.9170000000000001,True,True,False,False,326.72430284044435,0.0,185.2760242853122,214.10478066824817,1.4436090225563911,-25.474209119054326,702.0745076975068
2025-01-15T14:30:00Z,2025-01-15T14:45:00Z,2025-01-15,2025-01-15_16,3.984685686205797,96,100,0,187.08653801663544,186.0761108973162,0.0033392002578203593,0.02592,0.1085,True,True,False,False,326.72430284044435,0.0,185.2760242853122,214.10478066824817,3.5434039644565964,-5.831695046439629,723.8168167120217
2025-01-15T14:45:00Z,2025-01-15T15:00:00Z,2025-01-15,2025-01-15_16,3.984685686205797,96,100,0,186.0761108973162,185.05410734507652,0.0035946459635534216,0.07536,0.154,True,True,False,False,326.72430284044435,0.0,185.2760242853122,214.10478066824817,9.458723847050782,-7.244396284829722,728.3194353562258
2025-01-15T15:00:00Z,2025-01-15T15:15:00Z,2025-01-15,2025-01-15_17,76.3251336470737,23,100,0,185.05410734507652,188.09809381645744,0.019021663440183478,0.0,22.7075,True,True,False,False,7384.075054686145,0.0,44.389047485022715,214.10478066824817,0.0,19997.582512765875,27640.15139560529
2025-01-15T15:15:00Z,2025-01-15T15:30:00Z,2025-01-15,2025-01-15_17,76.3251336470737,23,100,0,188.09809381645744,176.50372528075437,0.042772724729966995,0.0,8.732,True,True,False,False,7384.075054686145,0.0,44.389047485022715,214.10478066824817,0.0,374.83771541152345,8017.40659825094
2025-01-15T15:30:00Z,2025-01-15T15:45:00Z,2025-01-15,2025-01-15_17,76.3251336470737,23,100,0,176.50372528075437,155.81586524180332,0.057588492807170315,0.048875,0.101,True,True,False,False,7384.075054686145,0.0,44.389047485022715,214.10478066824817,4.362149265208476,-6.11173656065297,7640.819295543972
2025-01-15T15:45:00Z,2025-01-15T16:00:00Z,2025-01-15,2025-01-15_17,76.3251336470737,23,100,0,155.81586524180332,134.61887881126586,0.05889745854474997,0.433435,0.014000000000000002,True,True,False,False,7384.075054686145,0.0,44.389047485022715,214.10478066824817,58.24255582304693,-0.827269912749789,7699.984168749714
2025-01-15T16:00:00Z,2025-01-15T16:15:00Z,2025-01-15,2025-01-15_18,100.0,0,100,0,134.61887881126586,107.46887881126585,0.07541666666666667,0.0,0.022,True,True,False,False,11303.25,0.0,0.0,208.58630533553134,0.0,-1.3312693498452013,11510.505035985687
2025-01-15T16:15:00Z,2025-01-15T16:30:00Z,2025-01-15,2025-01-15_18,100.0,0,100,0,107.46887881126585,80.32431359387455,0.07540157004830918,0.0,0.027,True,True,False,False,11303.25,0.0,0.0,208.58630533553134,0.0,-1.6338305657191108,11510.202474769812
2025-01-15T16:30:00Z,2025-01-15T16:45:00Z,2025-01-15,2025-01-15_18,100.0,0,100,0,80.32431359387455,53.15040055039629,0.07548309178743963,0.0,0.0,True,True,False,False,11303.25,0.0,0.0,208.58630533553134,0.0,0.0,11511.836305335532
2025-01-15T16:45:00Z,2025-01-15T17:00:00Z,2025-01-15,2025-01-15_18,100.0,0,100,0,53.15040055039629,25.976487506918026,0.07548309178743962,0.0,0.0,True,True,False,False,11303.25,0.0,0.0,208.58630533553134,0.0,0.0,11511.836305335532
2025-01-15T17:00:00Z,2025-01-15T17:15:00Z,2025-01-15,2025-01-15_19,6.955741321691314,93,100,0,25.976487506918026,26.44029518070493,0.013563369920823572,0.511035,3.123,True,True,False,False,748.7681639267657,0.0,179.4861485263962,208.58630533553134,69.86124401913877,-69.66697137228097,1137.034890435551
2025-01-15T17:15:00Z,2025-01-15T17:30:00Z,2025-01-15,2025-01-15_19,6.955741321691314,93,100,0,26.44029518070493,25.70187002956597,0.00800518647072061,0.013485,1.252,True,True,False,False,748.7681639267657,0.0,179.4861485263962,208.58630533553134,1.843472317156528,-47.16985887177838,1091.5142312340713
2025-01-15T17:30:00Z,2025-01-15T17:45:00Z,2025-01-15,2025-01-15_19,6.955741321691314,93,100,0,25.70187002956597,24.057828689806097,0.00605528287316663,0.04185,0.313,True,True,False,False,748.7681639267657,0.0,179.4861485263962,208.58630533553134,5.72112098427888,-18.390118612038115,1124.171620160934
2025-01-15T17:45:00Z,2025-01-15T18:00:00Z,2025-01-15,2025-01-15_19,6.955741321691314,93,100,0,24.057828689806097,22.492937625590407,0.006727095142322137,0.12973500000000002,0.5005,True,True,False,False,748.7681639267657,0.0,179.4861485263962,208.58630533553134,17.73547505126453,-15.292708978328172,1139.2833838616295
2025-01-15T18:00:00Z,2025-01-15T18:15:00Z,2025-01-15,2025-01-15_20,24.443747573744837,0,100,0,22.492937625590407,16.022599982434656,0.018664415878185743,0.0,0.179,True,True,False,False,2545.2663254851154,0.0,0.0,214.10478066824817,0.0,-10.586629005669254,2748.7844771476944
2025-01-15T18:15:00Z,2025-01-15T18:30:00Z,2025-01-15,2025-01-15_20,24.443747573744837,0,100,0,16.022599982434656,9.999999999999929,0.019220282183970896,0.0,0.645,True,True,False,False,2545.2663254851154,0.0,0.0,214.10478066824817,0.0,-19.747954444935868,2739.623151708428
2025-01-15T18:30:00Z,2025-01-15T18:45:00Z,2025-01-15,2025-01-15_20,24.443747573744837,0,100,0,9.999999999999929,10.430683275575454,0.02723203334879061,0.0,7.3615,True,True,False,False,2545.2663254851154,0.0,0.0,214.10478066824817,0.0,-138.50429455992926,2620.8668115934342
2025-01-15T18:45:00Z,2025-01-15T19:00:00Z,2025-01-15,2025-01-15_20,24.443747573744837,0,100,0,10.430683275575454,9.999999999999904,0.02616264677553655,0.0,6.465,True,True,False,False,2545.2663254851154,0.0,0.0,214.10478066824817,0.0,-40.41827228499055,2718.952833868373
2025-01-15T19:00:00Z,2025-01-15T19:15:00Z,2025-01-15,2025-01-15_21,0.0,100,100,0,9.999999999999904,11.317473913043381,0.008300350241545894,0.7685,2.34,True,True,False,False,0.0,0.0,192.99585863053355,214.10478066824817,105.05809979494191,-21.09161272164368,491.06712637207994
2025-01-15T19:15:00Z,2025-01-15T19:30:00Z,2025-01-15,2025-01-15_21,0.0,100,100,0,11.317473913043381,12.912650434782512,0.004850731884057971,0.0695,1.8159999999999998,True,True,False,False,0.0,0.0,192.99585863053355,214.10478066824817,7.934948936512405,-32.068233685818825,382.9673545494753
2025-01-15T19:30:00Z,2025-01-15T19:45:00Z,2025-01-15,2025-01-15_21,0.0,100,100,0,12.912650434782512,21.88679043478251,0.024928166666666668,0.0,9.7545,True,True,False,False,0.0,0.0,192.99585863053355,214.10478066824817,0.0,-125.33459822685056,281.76604107193117
2025-01-15T19:45:00Z,2025-01-15T20:00:00Z,2025-01-15,2025-01-15_21,0.0,100,100,0,21.88679043478251,39.94731043478251,0.050168111111111115,0.0,19.631,True,True,False,False,0.0,0.0,192.99585863053355,214.10478066824817,0.0,1081.1612822162358,1488.2619215150175
2025-01-15T20:00:00Z,2025-01-15T20:15:00Z,2025-01-15,2025-01-15_22,0.0,100,100,0,39.94731043478251,41.13991217391294,0.007095995169082126,0.6265,2.0365,True,True,False,False,0.0,0.0,192.99585863053355,214.10478066824817,82.97214255558681,-52.01054450966991,438.0622373446986
2025-01-15T20:15:00Z,2025-01-15T20:30:00Z,2025-01-15,2025-01-15_22,0.0,100,100,0,41.13991217391294,43.68105217391294,0.008169833333333333,0.184,2.9795,True,True,False,False,0.0,0.0,192.99585863053355,214.10478066824817,20.035366491094045,-46.94410638896707,380.1918994009087
2025-01-15T20:30:00Z,2025-01-15T20:45:00Z,2025-01-15,2025-01-15_22,0.0,100,100,0,43.68105217391294,51.182272173912935,0.020836722222222222,0.0,8.1535,True,True,False,False,0.0,0.0,192.99585863053355,214.10478066824817,0.0,-153.94480710466004,253.15583219412167
2025-01-15T20:45:00Z,2025-01-15T21:00:00Z,2025-01-15,2025-01-15_22,0.0,100,100,0,51.182272173912935,66.37423217391293,0.04219988888888889,0.0,16.513,True,True,False,False,0.0,0.0,192.99585863053355,214.10478066824817,0.0,832.3956909653815,1239.4963302641631
2025-01-15T21:00:00Z,2025-01-15T21:15:00Z,2025-01-15,2025-01-15_23,-100.0,100,0,0,66.37423217391293,89.37423217391293,0.06388888888888888,0.0,0.0,True,True,False,False,-3582.25,0.0,192.99585863053355,0.0,0.0,0.0,-3389.2541413694667
2025-01-15T21:15:00Z,2025-01-15T21:30:00Z,2025-01-15,2025-01-15_23,-100.0,100,0,0,89.37423217391293,112.36825217391292,0.06387227777777778,0.0065,0.0,True,True,False,False,-3582.25,0.0,192.99585863053355,0.0,0.8885850991114149,0.0,-3388.3655562703552
2025-01-15T21:30:00Z,2025-01-15T21:45:00Z,2025-01-15,2025-01-15_23,-100.0,100,0,0,112.36825217391292,134.6074121739129,0.061775444444444445,0.827,0.0,True,True,False,False,-3582.25,0.0,192.99585863053355,0.0,113.05536568694464,0.0,-3276.198775682522
2025-01-15T21:45:00Z,2025-01-15T22:00:00Z,2025-01-15,2025-01-15_23,-100.0,100,0,0,134.6074121739129,157.6074121739129,0.06388888888888888,0.0,0.0,True,True,False,False,-3582.25,0.0,192.99585863053355,0.0,0.0,0.0,-3389.2541413694667
2025-01-15T22:00:00Z,2025-01-15T22:15:00Z,2025-01-16,2025-01-15_24,1.433025439481964e-13,100,100,0,157.6074121739129,157.9939695652172,0.0112670072463769,1.688,2.4145,True,True,False,False,4.438796298795384e-12,0.0,185.93969849246233,207.61809045226133,230.72160804020103,-30.915791859296487,593.3636051256326
2025-01-15T22:15:00Z,2025-01-15T22:30:00Z,2025-01-16,2025-01-15_24,1.433025439481964e-13,100,100,0,157.9939695652172,157.80346782608675,0.0006876159420290934,0.20150000000000004,0.031,True,True,False,False,4.438796298795384e-12,0.0,185.93969849246233,207.61809045226133,27.541708542713575,-1.70753608040201,419.3919614070397
2025-01-15T22:30:00Z,2025-01-15T22:45:00Z,2025-01-16,2025-01-15_24,1.433025439481964e-13,100,100,0,157.80346782608675,155.9758069565215,0.005357946859903488,1.728,0.055,True,True,False,False,4.438796298795384e-12,0.0,185.93969849246233,207.61809045226133,235.46335839195982,-2.193565829145729,626.8275815075422
2025-01-15T22:45:00Z,2025-01-15T23:00:00Z,2025-01-16,2025-01-15_24,1.433025439481964e-13,100,100,0,155.9758069565215,152.23450260869538,0.010392512077294793,3.4419999999999997,0.0,True,True,False,False,4.438796298795384e-12,0.0,185.93969849246233,207.61809045226133,485.05701788944725,0.0,878.6148068341754
2025-01-15T23:00:00Z,2025-01-15T23:15:00Z,2025-01-16,2025-01-16_1,0.0,100,100,0,152.23450260869538,137.86602434782583,0.039912439613526564,13.219,0.0,True,True,False,False,0.0,0.0,194.68341708542712,198.99497487437188,9757.59887155779,0.0,10151.277263517588
2025-01-15T23:15:00Z,2025-01-15T23:30:00Z,2025-01-16,2025-01-16_1,0.0,100,100,0,137.86602434782583,136.38232869565192,0.004121376811594203,1.365,0.0,True,True,False,False,0.0,0.0,194.68341708542712,198.99497487437188,187.9496623115578,0.0,581.6280542713569
2025-01-15T23:30:00Z,2025-01-15T23:45:00Z,2025-01-16,2025-01-16_1,0.0,100,100,0,136.38232869565192,135.46770608695627,0.004319285024154589,1.136,0.348,True,True,False,False,0.0,0.0,194.68341708542712,198.99497487437188,155.27236180904524,-10.518413668341708,538.4323401005025
2025-01-15T23:45:00Z,2025-01-16T00:00:00Z,2025-01-16,2025-01-16_1,0.0,100,100,0,135.46770608695627,137.48940608695628,0.005615833333333334,0.0,2.1975,True,True,False,False,0.0,0.0,194.68341708542712,198.99497487437188,0.0,-54.82883969849246,338.84955226130654
2025-01-16T00:00:00Z,2025-01-16T00:15:00Z,2025-01-16,2025-01-16_2,0.0,100,100,0,137.48940608695628,134.00734086956498,0.00967240338164251,3.2035,0.0,True,True,False,False,0.0,0.0,194.68341708542712,198.99497487437188,586.1020572864322,0.0,979.7804492462312
2025-01-16T00:15:00Z,2025-01-16T00:30:00Z,2025-01-16,2025-01-16_2,0.0,100,100,0,134.00734086956498,138.44269565217368,0.014581903381642511,0.3745,5.2635,True,True,False,False,0.0,0.0,194.68341708542712,198.99497487437188,51.18793969849247,-25.922869748743715,418.94346190954775
2025-01-16T00:30:00Z,2025-01-16T00:45:00Z,2025-01-16,2025-01-16_2,0.0,100,100,0,138.44269565217368,139.45256434782584,0.0028323647342995174,0.0045,1.103,True,True,False,False,0.0,0.0,194.68341708542712,198.99497487437188,0.6150753768844222,-40.71322653266332,353.5802408040201
2025-01-16T00:45:00Z,2025-01-16T01:00:00Z,2025-01-16,2025-01-16_2,0.0,100,100,0,139.45256434782584,152.44066434782584,0.03607805555555556,0.0,14.1175,True,True,False,False,0.0,0.0,194.68341708542712,198.99497487437188,0.0,166.63190301507535,560.3102949748743
2025-01-16T01:00:00Z,2025-01-16T01:15:00Z,2025-01-16,2025-01-16_3,0.0,100,100,0,152.44066434782584,155.40030434782585,0.008221222222222224,0.0,3.2170000000000005,True,True,False,False,0.0,0.0,194.68341708542712,198.99497487437188,0.0,-61.19736281407037,332.48102914572866
2025-01-16T01:15:00Z,2025-01-16T01:30:00Z,2025-01-16,2025-01-16_3,0.0,100,100,0,155.40030434782585,157.20810434782584,0.0050216666666666665,0.0,1.965,True,True,False,False,0.0,0.0,194.68341708542712,198.99497487437188,0.0,-45.76376381909548,347.91462814070354
2025-01-16T01:30:00Z,2025-01-16T01:45:00Z,2025-01-16,2025-01-16_3,0.0,100,100,0,157.20810434782584,156.5768078260867,0.0036600458937198063,0.8964999999999999,0.373,True,True,False,False,0.0,0.0,194.68341708542712,198.99497487437188,120.55068814070351,-9.133289246231156,505.09579085427134
2025-01-16T01:45:00Z,2025-01-16T02:00:00Z,2025-01-16,2025-01-16_3,0.0,100,100,0,156.5768078260867,156.52738434782583,0.0007685096618357488,0.15,0.1235,True,True,False,False,0.0,0.0,194.68341708542712,198.99497487437188,15.117587939698492,-4.647025728643217,404.14895417085427
2025-01-16T02:00:00Z,2025-01-16T02:15:00Z,2025-01-16,2025-01-16_4,-24.836321181904466,100,75,0,156.52738434782583,161.39510645940197,0.017284173120332307,0.8289999999999998,0.024,True,True,False,False,-719.6944970486367,0.0,198.99497487437188,149.2462311557789,123.79427839195978,-1.3718592964824121,-249.0308719230085
2025-01-16T02:15:00Z,2025-01-16T02:30:00Z,2025-01-16,2025-01-16_4,-24.836321181904466,100,75,0,161.39510645940197,164.1863594166782,0.020435081802685044,2.794,0.0,True,True,False,False,-719.6944970486367,0.0,198.99497487437188,149.2462311557789,485.22934673366836,0.0,113.77605571518248
2025-01-16T02:30:00Z,2025-01-16T02:45:00Z,2025-01-16,2025-01-16_4,-24.836321181904466,100,75,0,164.1863594166782,170.8802455629446,0.02030755141800037,0.3775,1.495875,True,True,False,False,-719.6944970486367,0.0,198.99497487437188,149.2462311557789,51.59798994974875,-35.20342613065327,-355.05872719939043
2025-01-16T02:45:00Z,2025-01-16T03:00:00Z,2025-01-16,2025-01-16_4,-24.836321181904466,100,75,0,170.8802455629446,177.6907344347826,0.018918024643994523,0.0,1.193625,True,True,False,False,-719.6944970486367,0.0,198.99497487437188,149.2462311557789,0.0,-30.51841206030151,-401.9717030787874
2025-01-16T03:00:00Z,2025-01-16T03:15:00Z,2025-01-16,2025-01-16_5,0.0,100,100,0,177.6907344347826,180.8776144347826,0.008852444444444442,0.0,3.4639999999999995,True,True,False,False,0.0,0.0,198.99497487437188,196.73366834170855,0.0,-80.58969889447235,315.13894432160805
2025-01-16T03:15:00Z,2025-01-16T03:30:00Z,2025-01-16,2025-01-16_5,0.0,100,100,0,180.8776144347826,182.0138144347826,0.0031561111111111113,0.0,1.235,True,True,False,False,0.0,0.0,198.99497487437188,196.73366834170855,0.0,-34.97668944723618,360.75195376884426
2025-01-16T03:30:00Z,2025-01-16T03:45:00Z,2025-01-16,2025-01-16_5,0.0,100,100,0,182.0138144347826,180.4145553043478,0.007414497584541062,1.9635,0.5815,True,True,False,False,0.0,0.0,198.99497487437188,196.73366834170855,391.46861909547744,-22.567109145728647,764.6301531658293
2025-01-16T03:45:00Z,2025-01-16T04:00:00Z,2025-01-16,2025-01-16_5,0.0,100,100,0,180.4145553043478,177.20068399999997,0.009085864734299516,2.983,0.031,True,True,False,False,0.0,0.0,198.99497487437188,196.73366834170855,524.0924138693467,-1.3980906532663318,918.4229664321608
2025-01-16T04:00:00Z,2025-01-16T04:15:00Z,2025-01-16,2025-01-16_6,-9.999999999999588,100,90,0,177.20068399999997,184.92035799999988,0.021443538888888627,0.0,5.89095,True,True,False,False,-323.9499999999867,0.0,198.99497487437188,177.0603015075377,0.0,-107.08740606030152,-54.98212967837863
2025-01-16T04:15:00Z,2025-01-16T04:30:00Z,2025-01-16,2025-01-16_6,-9.999999999999588,100,90,0,184.92035799999988,189.9250199999998,0.013901838888888626,0.0,2.93985,True,True,False,False,-323.9499999999867,0.0,198.99497487437188,177.0603015075377,0.0,-65.39526434170854,-13.289987959785648
2025-01-16T04:30:00Z,2025-01-16T04:45:00Z,2025-01-16,2025-01-16_6,-9.999999999999588,100,90,0,189.9250199999998,189.9727115652171,0.01191236787439592,2.1675,0.07335000000000001,True,True,False,False,-323.9499999999867,0.0,198.99497487437188,177.0603015075377,461.21219547738696,-4.054257226130654,509.2632146331792
2025-01-16T04:45:00Z,2025-01-16T05:00:00Z,2025-01-16,2025-01-16_6,-9.999999999999588,100,90,0,189.9727115652171,171.3271712173909,0.0545682454106282,19.5705,0.0,True,True,False,False,-323.9499999999867,0.0,198.99497487437188,177.0603015075377,16779.56574663317,0.0,16831.671023015093
2025-01-16T05:00:00Z,2025-01-16T05:15:00Z,2025-01-16,2025-01-16_7,0.0,100,100,0,171.3271712173909,184.6533703478257,0.037799224637681164,0.1295,14.638000000000002,True,True,False,False,0.0,0.0,198.99497487437188,196.73366834170855,22.669840502512567,8451.90175758794,8870.300241306533
2025-01-16T05:15:00Z,2025-01-16T05:30:00Z,2025-01-16,2025-01-16_7,0.0,100,100,0,184.6533703478257,185.8103859999996,0.0062211787439613525,0.498,1.846,True,True,False,False,0.0,0.0,198.99497487437188,196.73366834170855,71.93772663316582,-52.230853869346745,415.4355159798995
2025-01-16T05:30:00Z,2025-01-16T05:45:00Z,2025-01-16,2025-01-16_7,0.0,100,100,0,185.8103859999996,176.59462513043437,0.025599335748792272,8.4785,0.0,True,True,False,False,0.0,0.0,198.99497487437188,196.73366834170855,2226.8733383919603,0.0,2622.6019816080407
2025-01-16T05:45:00Z,2025-01-16T06:00:00Z,2025-01-16,2025-01-16_7,0.0,100,100,0,176.59462513043437,150.93647295652133,0.07127264492753622,23.6055,0.0,True,True,False,False,0.0,0.0,198.99497487437188,196.73366834170855,23834.319143216082,0.0,24230.047786432162
2025-01-16T06:00:00Z,2025-01-16T06:15:00Z,2025-01-16,2025-01-16_8,31.39482148978543,68,100,0,150.93647295652133,143.12877649195823,0.03009660132501382,1.47968,2.398,True,True,False,False,1602.5486629460972,0.0,135.31658291457285,196.73366834170855,292.8996074130654,-55.943532462311566,2171.5549891531323
2025-01-16T06:15:00Z,2025-01-16T06:30:00Z,2025-01-16,2025-01-16_8,31.39482148978543,68,100,0,143.12877649195823,133.03623341836024,0.028213672703088763,1.48206,0.05099999999999999,True,True,False,False,1602.5486629460972,0.0,135.31658291457285,196.73366834170855,224.8706550633166,-3.085628140703517,2156.383941124992
2025-01-16T06:30:00Z,2025-01-16T06:45:00Z,2025-01-16,2025-01-16_8,31.39482148978543,68,100,0,133.03623341836024,122.03781453526638,0.03055116356414963,2.26984,0.0,True,True,False,False,1602.5486629460972,0.0,135.31658291457285,196.73366834170855,408.50595635778893,0.0,2343.1048705601675
2025-01-16T06:45:00Z,2025-01-16T07:00:00Z,2025-01-16,2025-01-16_8,31.39482148978543,68,100,0,122.03781453526638,110.71935217391163,0.03144017322598538,2.56428,0.0,True,True,False,False,1602.5486629460972,0.0,135.31658291457285,196.73366834170855,481.5346728120603,0.0,2416.133587014439
2025-01-16T07:00:00Z,2025-01-16T07:15:00Z,2025-01-16,2025-01-16_9,99.99999999999994,0,100,0,110.71935217391163,83.54543913043338,0.07548309178743956,0.0,0.0,True,True,False,False,5151.499999999997,0.0,0.0,196.73366834170855,0.0,0.0,5348.233668341706
2025-01-16T07:15:00Z,2025-01-16T07:30:00Z,2025-01-16,2025-01-16_9,99.99999999999994,0,100,0,83.54543913043338,56.41283043478123,0.07536835748792267,0.0,0.038,True,True,False,False,5151.499999999997,0.0,0.0,196.73366834170855,0.0,-2.2990954773869348,5345.934572864319
2025-01-16T07:30:00Z,2025-01-16T07:45:00Z,2025-01-16,2025-01-16_9,99.99999999999994,0,100,0,56.41283043478123,30.79489565217255,0.07116092995169078,0.0,1.4315,True,True,False,False,5151.499999999997,0.0,0.0,196.73366834170855,0.0,-44.369306532663316,5303.864361809043
2025-01-16T07:45:00Z,2025-01-16T08:00:00Z,2025-01-16,2025-01-16_9,99.99999999999994,0,100,0,30.79489565217255,11.073699999998649,0.05478109903381641,0.0,6.8565000000000005,True,True,False,False,5151.499999999997,0.0,0.0,196.73366834170855,0.0,1131.9440641206033,6480.177732462309
2025-01-16T08:00:00Z,2025-01-16T08:15:00Z,2025-01-16,2025-01-16_10,0.0,100,100,0,11.073699999998649,12.549065217389954,0.004475652173913043,0.0625,1.6774999999999998,True,True,False,False,0.0,0.0,196.85427135678395,196.73366834170855,8.542713567839197,-47.10318844221105,355.02746482412067
2025-01-16T08:15:00Z,2025-01-16T08:30:00Z,2025-01-16,2025-01-16_10,0.0,100,100,0,12.549065217389954,12.822485217389954,0.0018011666666666666,0.1725,0.501,True,True,False,False,0.0,0.0,196.85427135678395,196.73366834170855,23.57788944723618,-27.074946331658296,390.09088281407037
2025-01-16T08:30:00Z,2025-01-16T08:45:00Z,2025-01-16,2025-01-16_10,0.0,100,100,0,12.822485217389954,13.920382608694302,0.003104062801932367,0.009,1.204,True,True,False,False,0.0,0.0,196.85427135678395,196.73366834170855,1.2301507537688443,-48.898372663316586,345.91971778894475
2025-01-16T08:45:00Z,2025-01-16T09:00:00Z,2025-01-16,2025-01-16_10,0.0,100,100,0,13.920382608694302,20.958842608694304,0.01955127777777778,0.0,7.6505,True,True,False,False,0.0,0.0,196.85427135678395,196.73366834170855,0.0,13.051214773869347,406.63915447236184
2025-01-16T09:00:00Z,2025-01-16T09:15:00Z,2025-01-16,2025-01-16_11,0.0,100,100,0,20.958842608694304,12.655141739129087,0.03063283574879227,8.8925,1.4805,True,True,False,False,0.0,0.0,196.85427135678395,198.99497487437188,5539.291075879398,-23.342500402010046,5911.797821708544
2025-01-16T09:15:00Z,2025-01-16T09:30:00Z,2025-01-16,2025-01-16_11,0.0,100,100,0,12.655141739129087,9.999999999998652,0.00738306038647343,2.444,0.0015,True,True,False,False,0.0,0.0,196.85427135678395,198.99497487437188,431.54751919597993,-0.08743718592964825,827.3093282412061
2025-01-16T09:30:00Z,2025-01-16T09:45:00Z,2025-01-16,2025-01-16_11,0.0,100,100,0,9.999999999998652,11.97988434782474,0.005547987922705315,0.008,2.1615,True,True,False,False,0.0,0.0,196.85427135678395,198.99497487437188,0.4824120603015076,-38.88180060301509,357.44985768844225
2025-01-16T09:45:00Z,2025-01-16T10:00:00Z,2025-01-16,2025-01-16_11,0.0,100,100,0,11.97988434782474,21.247504347824737,0.025743388888888885,0.0,10.0735,True,True,False,False,0.0,0.0,196.85427135678395,198.99497487437188,0.0,-3.9099353768844223,391.9393108542714
2025-01-16T10:00:00Z,2025-01-16T10:15:00Z,2025-01-16,2025-01-16_12,-3.1059391162973404e-15,100,100,0,21.247504347824737,20.340101739129086,0.004061562801932369,1.09,0.3015,True,True,False,False,-1.0920481932901449e-13,0.0,196.85427135678395,198.99497487437188,166.51782110552767,-6.719601708542714,555.6474656281407
2025-01-16T10:15:00Z,2025-01-16T10:30:00Z,2025-01-16,2025-01-16_12,-3.1059391162973404e-15,100,100,0,20.340101739129086,21.481821739129085,0.0031714444444444463,0.0,1.241,True,True,False,False,-1.0920481932901449e-13,0.0,196.85427135678395,198.99497487437188,0.0,-28.554724020100505,367.2945222110552
2025-01-16T10:30:00Z,2025-01-16T10:45:00Z,2025-01-16,2025-01-16_12,-3.1059391162973404e-15,100,100,0,21.481821739129085,22.454018260868217,0.002842454106280195,0.0235,1.0845,True,True,False,False,-1.0920481932901449e-13,0.0,196.85427135678395,198.99497487437188,3.212060301507538,-39.50588261306533,359.55542391959796
2025-01-16T10:45:00Z,2025-01-16T11:00:00Z,2025-01-16,2025-01-16_12,-3.1059391162973404e-15,100,100,0,22.454018260868217,23.620581739129086,0.003306879227053142,0.011,1.281,True,True,False,False,-1.0920481932901449e-13,0.0,196.85427135678395,198.99497487437188,1.5035175879396985,-40.293179095477385,357.05958472361806
2025-01-16T11:00:00Z,2025-01-16T11:15:00Z,2025-01-16,2025-01-16_13,-74.0,100,26,0,23.620581739129086,41.04574027825953,0.04841420850241547,0.007000000000000001,0.44772,True,True,False,False,-2493.06,0.0,196.85427135678395,51.73869346733669,0.9567839195979903,-15.454934424120605,-2258.965185680402
2025-01-16T11:15:00Z,2025-01-16T11:30:00Z,2025-01-16,2025-01-16_13,-74.0,100,26,0,41.04574027825953,58.61506307825953,0.048803674444444445,0.0,0.59709,True,True,False,False,-2493.06,0.0,196.85427135678395,51.73869346733669,0.0,-19.894678745728648,-2264.361713921608
2025-01-16T11:30:00Z,2025-01-16T11:45:00Z,2025-01-16,2025-01-16_13,-74.0,100,26,0,58.61506307825953,75.88407027825953,0.04796946444444444,0.0,0.27065999999999996,True,True,False,False,-2493.06,0.0,196.85427135678395,51.73869346733669,0.0,-12.642841423115577,-2257.109876598995
2025-01-16T11:45:00Z,2025-01-16T12:00:00Z,2025-01-16,2025-01-16_13,-74.0,100,26,0,75.88407027825953,93.01733147825954,0.04759239222222222,0.0,0.12311,True,True,False,False,-2493.06,0.0,196.85427135678395,51.73869346733669,0.0,-4.384571929648241,-2248.8516071055274
2025-01-16T12:00:00Z,2025-01-16T12:15:00Z,2025-01-16,2025-01-16_14,-99.97868396371517,100,0,0,93.01733147825954,115.91858515988574,0.06361472485449914,0.10199999999999998,0.0,True,True,False,False,-3448.7647033283547,0.0,196.85427135678395,0.0,13.326633165829143,0.0,-3238.5837988057415
2025-01-16T12:15:00Z,2025-01-16T12:30:00Z,2025-01-16,2025-01-16_14,-99.97868396371517,100,0,0,115.91858515988574,135.55509255567443,0.05455055280173533,3.6505,0.0,True,True,False,False,-3448.7647033283547,0.0,196.85427135678395,0.0,659.4167810050253,0.0,-2592.4936509665454
2025-01-16T12:30:00Z,2025-01-16T12:45:00Z,2025-01-16,2025-01-16_14,-99.97868396371517,100,0,0,135.55509255567443,158.0579708274746,0.06250868385158334,0.535,0.0,True,True,False,False,-3448.7647033283547,0.0,196.85427135678395,0.0,71.88840703517589,0.0,-3180.0220249363947
2025-01-16T12:45:00Z,2025-01-16T13:00:00Z,2025-01-16,2025-01-16_14,-99.97868396371517,100,0,0,158.0579708274746,181.0530681391291,0.06387527031015136,0.0,0.0,True,True,False,False,-3448.7647033283547,0.0,196.85427135678395,0.0,0.0,0.0,-3251.9104319715707
2025-01-16T13:00:00Z,2025-01-16T13:15:00Z,2025-01-16,2025-01-16_15,-28.0,100,72,0,181.0530681391291,188.6642361043465,0.0217095245410628,0.1305,1.42056,True,True,False,False,-1022.0,0.0,198.99497487437188,141.64824120603015,17.226131155778898,-40.93382901708543,-705.0644817809045
2025-01-16T13:15:00Z,2025-01-16T13:30:00Z,2025-01-16,2025-01-16_15,-28.0,100,72,0,188.6642361043465,188.96856511304213,0.026491010531400967,5.8985,0.0,True,True,False,False,-1022.0,0.0,198.99497487437188,141.64824120603015,1216.7817057286436,0.0,535.4249218090456
2025-01-16T13:30:00Z,2025-01-16T13:45:00Z,2025-01-16,2025-01-16_15,-28.0,100,72,0,188.96856511304213,189.99999999999866,0.025471618647342993,5.1995,0.0,True,True,False,False,-1022.0,0.0,198.99497487437188,141.64824120603015,997.5546449246231,0.0,316.19786100502506
2025-01-16T13:45:00Z,2025-01-16T14:00:00Z,2025-01-16,2025-01-16_15,-28.0,100,72,0,189.99999999999866,187.88688399999867,0.02988023333333334,8.2225,0.0,True,True,False,False,-1022.0,0.0,198.99497487437188,141.64824120603015,1626.769149748744,0.0,945.412365829146
2025-01-16T14:00:00Z,2025-01-16T14:15:00Z,2025-01-16,2025-01-16_16,0.0,100,100,0,187.88688399999867,187.70829791304217,0.0006724057971014494,0.1935,0.0345,True,True,False,False,0.0,0.0,198.99497487437188,196.73366834170855,26.448241206030154,-1.9145731658291458,420.26231125628146
2025-01-16T14:15:00Z,2025-01-16T14:30:00Z,2025-01-16,2025-01-16_16,0.0,100,100,0,187.70829791304217,187.52778834782478,0.0006700821256038648,0.194,0.033,True,True,False,False,0.0,0.0,198.99497487437188,196.73366834170855,26.51658291457287,-1.9965829145728646,420.24864321608044
2025-01-16T14:30:00Z,2025-01-16T14:45:00Z,2025-01-16,2025-01-16_16,0.0,100,100,0,187.52778834782478,185.50446139130304,0.0056356859903381636,1.864,0.003,True,True,False,False,0.0,0.0,198.99497487437188,196.73366834170855,333.353263919598,-0.18150753768844224,728.90039959799
2025-01-16T14:45:00Z,2025-01-16T15:00:00Z,2025-01-16,2025-01-16_16,0.0,100,100,0,185.50446139130304,179.49685269565086,0.016687801932367147,5.527,0.0,True,True,False,False,0.0,0.0,198.99497487437188,196.73366834170855,1085.2617228140705,0.0,1480.9903660301509
2025-01-16T15:00:00Z,2025-01-16T15:15:00Z,2025-01-16,2025-01-16_17,53.5951853648098,46,100,0,179.49685269565086,174.78316919789532,0.036290971181338665,0.02116,9.7805,True,True,False,False,2503.9670602439137,0.0,91.53768844221105,196.73366834170855,2.892221105527639,17.170429547738696,2812.3010676810995
2025-01-16T15:15:00Z,2025-01-16T15:30:00Z,2025-01-16,2025-01-16_17,53.5951853648098,46,100,0,174.78316919789532,168.13661692661188,0.03706468543629249,0.0,7.843,True,True,False,False,2503.9670602439137,0.0,91.53768844221105,196.73366834170855,0.0,-35.01998030150754,2757.2184367263258
2025-01-16T15:30:00Z,2025-01-16T15:45:00Z,2025-01-16,2025-01-16_17,53.5951853648098,46,100,0,168.13661692661188,152.62060254478422,0.04326132246083119,0.9390900000000001,0.068,True,True,False,False,2503.9670602439137,0.0,91.53768844221105,196.73366834170855,171.53974787336685,-4.114170854271357,2959.6639940469286
2025-01-16T15:45:00Z,2025-01-16T16:00:00Z,2025-01-16,2025-01-16_17,53.5951853648098,46,100,0,152.62060254478422,134.77294347825983,0.049576830740345565,3.02105,0.0,True,True,False,False,2503.9670602439137,0.0,91.53768844221105,196.73366834170855,599.6113242914573,0.0,3391.849741319291
2025-01-16T16:00:00Z,2025-01-16T16:15:00Z,2025-01-16,2025-01-16_18,99.99999999999905,0,100,0,134.77294347825983,110.27892173912967,0.06803894927536172,0.0,2.4655,True,True,False,False,4886.749999999954,0.0,0.0,196.73366834170855,0.0,-51.703641206030156,5031.780027135632
2025-01-16T16:15:00Z,2025-01-16T16:30:00Z,2025-01-16,2025-01-16_18,99.99999999999905,0,100,0,110.27892173912967,84.87022608695601,0.0705797101449269,0.0,1.624,True,True,False,False,4886.749999999954,0.0,0.0,196.73366834170855,0.0,-47.54647638190956,5035.937191959752
2025-01-16T16:30:00Z,2025-01-16T16:45:00Z,2025-01-16,2025-01-16_18,99.99999999999905,0,100,0,84.87022608695601,57.960443478260615,0.07474939613526499,0.0,0.243,True,True,False,False,4886.749999999954,0.0,0.0,196.73366834170855,0.0,-14.70211055276382,5068.781557788899
2025-01-16T16:45:00Z,2025-01-16T17:00:00Z,2025-01-16,2025-01-16_18,99.99999999999905,0,100,0,57.960443478260615,30.79631304347827,0.07545591787439541,0.0,0.009,True,True,False,False,4886.749999999954,0.0,0.0,196.73366834170855,0.0,-0.5445226130653267,5082.9391457285965
2025-01-16T17:00:00Z,2025-01-16T17:15:00Z,2025-01-16,2025-01-16_19,0.0,100,100,0,30.79631304347827,30.93262000000001,0.0023864806763285026,0.3325,0.541,True,True,False,False,0.0,0.0,198.99497487437188,196.73366834170855,45.44723618090453,-32.54829989949749,408.6275794974875
2025-01-16T17:15:00Z,2025-01-16T17:30:00Z,2025-01-16,2025-01-16_19,0.0,100,100,0,30.93262000000001,28.261427826086965,0.00748642270531401,2.4685,0.013,True,True,False,False,0.0,0.0,198.99497487437188,196.73366834170855,457.7735254271357,-0.7865326633165829,852.7156359798996
2025-01-16T17:30:00Z,2025-01-16T17:45:00Z,2025-01-16,2025-01-16_19,0.0,100,100,0,28.261427826086965,27.3054495652174,0.0026554951690821254,0.8795,0.0,True,True,False,False,0.0,0.0,198.99497487437188,196.73366834170855,128.44571567839193,0.0,524.1743588944723
2025-01-16T17:45:00Z,2025-01-16T18:00:00Z,2025-01-16,2025-01-16_19,0.0,100,100,0,27.3054495652174,26.559005217391313,0.0021143454106280195,0.6935,0.008,True,True,False,False,0.0,0.0,198.99497487437188,196.73366834170855,94.78994974874374,-0.4840201005025126,490.03457286432166
2025-01-16T18:00:00Z,2025-01-16T18:15:00Z,2025-01-16,2025-01-16_20,0.0,100,100,0,26.559005217391313,23.794331304347835,0.007679649758454105,2.5435,0.0,True,True,False,False,0.0,0.0,198.99497487437188,196.73366834170855,394.07531919597994,0.0,789.8039624120604
2025-01-16T18:15:00Z,2025-01-16T18:30:00Z,2025-01-16,2025-01-16_20,0.0,100,100,0,23.794331304347835,18.73835304347827,0.014044384057971015,4.6515,0.0,True,True,False,False,0.0,0.0,198.99497487437188,196.73366834170855,888.9498012060303,0.0,1284.6784444221107
2025-01-16T18:30:00Z,2025-01-16T18:45:00Z,2025-01-16,2025-01-16_20,0.0,100,100,0,18.73835304347827,15.909548695652184,0.007857789855072463,2.6025,0.0,True,True,False,False,0.0,0.0,198.99497487437188,196.73366834170855,454.8521336683417,0.0,850.5807768844221
2025-01-16T18:45:00Z,2025-01-16T19:00:00Z,2025-01-16,2025-01-16_20,0.0,100,100,0,15.909548695652184,17.708086086956534,0.0053975072463768115,0.0665,2.0335,True,True,False,False,0.0,0.0,198.99497487437188,196.73366834170855,9.089447236180906,-52.632702412060304,352.185388040201
2025-01-16T19:00:00Z,2025-01-16T19:15:00Z,2025-01-16,2025-01-16_21,0.0,100,100,0,17.708086086956534,12.678506086956535,0.015126166666666666,4.8185,0.22599999999999998,True,True,False,False,0.0,0.0,198.99497487437188,196.73366834170855,965.4520937688443,-14.259577889447236,1346.9211590954774
2025-01-16T19:15:00Z,2025-01-16T19:30:00Z,2025-01-16,2025-01-16_21,0.0,100,100,0,12.678506086956535,10.000000000000012,0.010742072463768116,3.011,0.646,True,True,False,False,0.0,0.0,198.99497487437188,196.73366834170855,562.4154603015077,-22.37834894472362,935.7657545728645
2025-01-16T19:30:00Z,2025-01-16T19:45:00Z,2025-01-16,2025-01-16_21,0.0,100,100,0,10.000000000000012,11.757200000000012,0.004881111111111111,0.0,1.91,True,True,False,False,0.0,0.0,198.99497487437188,196.73366834170855,0.0,-70.72336482412061,325.0052783919598
2025-01-16T19:45:00Z,2025-01-16T20:00:00Z,2025-01-16,2025-01-16_21,0.0,100,100,0,11.757200000000012,28.962120000000013,0.04779144444444445,0.0,18.701,True,True,False,False,0.0,0.0,198.99497487437188,196.73366834170855,0.0,14334.295825527639,14730.024468743719
2025-01-16T20:00:00Z,2025-01-16T20:15:00Z,2025-01-16,2025-01-16_22,0.0,0,0,0,28.962120000000013,28.962120000000013,0.0,0.0,0.0,True,False,False,False,0.0,0.0,0.0,0.0,0.0,0.0,0.0
2025-01-16T20:15:00Z,2025-01-16T20:30:00Z,2025-01-16,2025-01-16_22,0.0,0,0,0,28.962120000000013,28.962120000000013,0.0,0.0,0.0,True,False,False,False,0.0,0.0,0.0,0.0,0.0,0.0,0.0
2025-01-16T20:30:00Z,2025-01-16T20:45:00Z,2025-01-16,2025-01-16_22,0.0,0,0,0,28.962120000000013,28.962120000000013,0.0,0.0,0.0,True,False,False,False,0.0,0.0,0.0,0.0,0.0,0.0,0.0
2025-01-16T20:45:00Z,2025-01-16T21:00:00Z,2025-01-16,2025-01-16_22,0.0,0,0,0,28.962120000000013,28.962120000000013,0.0,0.0,0.0,True,False,False,False,0.0,0.0,0.0,0.0,0.0,0.0,0.0
2025-01-16T21:00:00Z,2025-01-16T21:15:00Z,2025-01-16,2025-01-16_23,0.0,100,100,0,28.962120000000013,35.479860000000016,0.018104833333333334,0.0,7.0845,True,True,False,False,0.0,0.0,196.85427135678395,196.73366834170855,0.0,1401.9520610050254,1795.5400007035178
2025-01-16T21:15:00Z,2025-01-16T21:30:00Z,2025-01-16,2025-01-16_23,0.0,100,100,0,35.479860000000016,36.72855565217393,0.003559178743961353,0.015,1.375,True,True,False,False,0.0,0.0,196.85427135678395,196.73366834170855,0.9045226130653267,-48.130804020100506,346.36165829145733
2025-01-16T21:30:00Z,2025-01-16T21:45:00Z,2025-01-16,2025-01-16_23,0.0,100,100,0,36.72855565217393,38.42039652173914,0.0047508864734299525,0.0085,1.849,True,True,False,False,0.0,0.0,196.85427135678395,196.73366834170855,0.5125628140703518,-39.60130592964824,354.49919658291464
2025-01-16T21:45:00Z,2025-01-16T22:00:00Z,2025-01-16,2025-01-16_23,0.0,100,100,0,38.42039652173914,48.534416521739146,0.0280945,0.0,10.9935,True,True,False,False,0.0,0.0,196.85427135678395,196.73366834170855,0.0,458.65102974874367,852.2389694472362
2025-01-16T22:00:00Z,2025-01-16T22:15:00Z,2025-01-17,2025-01-16_24,36.34444437422126,63,100,0,48.534416521739146,40.579364591391546,0.02906963020927448,0.166005,2.143,True,True,False,False,1179.8315254981576,0.0,123.46981848881383,189.95356690586746,20.21234088222879,-40.48865283724296,1472.9785989378247
2025-01-16T22:15:00Z,2025-01-16T22:30:00Z,2025-01-17,2025-01-16_24,36.34444437422126,63,100,0,40.579364591391546,31.334029644987794,0.027776743939852706,0.00063,0.644,True,True,False,False,1179.8315254981576,0.0,123.46981848881383,189.95356690586746,0.03799071338117349,-18.55611650485437,1474.7367851013657
2025-01-16T22:30:00Z,2025-01-16T22:45:00Z,2025-01-17,2025-01-16_24,36.34444437422126,63,100,0,31.334029644987794,29.19244052150298,0.0316092618898398,0.0,7.887,True,True,False,False,1179.8315254981576,0.0,123.46981848881383,189.95356690586746,0.0,9.867271301935718,1503.1221821947745
2025-01-16T22:45:00Z,2025-01-16T23:00:00Z,2025-01-17,2025-01-16_24,36.34444437422126,63,100,0,29.19244052150298,34.621696521750735,0.0356962042281677,0.0,15.607,True,True,False,False,1179.8315254981576,0.0,123.46981848881383,189.95356690586746,0.0,98.0484387625882,1591.3033496554272
2025-01-16T23:00:00Z,2025-01-16T23:15:00Z,2025-01-17,2025-01-17_1,0.0,100,100,0,34.621696521750735,35.681143478272475,0.0034229806763285027,0.0795,1.2455,True,True,False,False,0.0,0.0,195.9838388711331,189.95356690586746,10.522831514201291,-29.964202898550727,366.4960343926511
2025-01-16T23:15:00Z,2025-01-16T23:30:00Z,2025-01-17,2025-01-17_1,0.0,100,100,0,35.681143478272475,38.68520434783769,0.008534830917874396,0.0315,3.3024999999999998,True,True,False,False,0.0,0.0,195.9838388711331,189.95356690586746,3.7327395525538205,-1.3402776940240004,388.3298676355304
2025-01-16T23:30:00Z,2025-01-16T23:45:00Z,2025-01-17,2025-01-17_1,0.0,100,100,0,38.68520434783769,47.78998434783769,0.025291055555555556,0.0,9.8965,True,True,False,False,0.0,0.0,195.9838388711331,189.95356690586746,0.0,415.8006050372872,801.7380108142877
2025-01-16T23:45:00Z,2025-01-17T00:00:00Z,2025-01-17,2025-01-17_1,0.0,100,100,0,47.78998434783769,53.13656434783769,0.014851611111111112,0.0,5.8115,True,True,False,False,0.0,0.0,195.9838388711331,189.95356690586746,0.0,-5.302297232105167,380.6351085448954
2025-01-17T00:00:00Z,2025-01-17T00:15:00Z,2025-01-17,2025-01-17_2,0.0,100,100,0,53.13656434783769,51.69869391305509,0.00490386231884058,1.4735,0.178,True,True,False,False,0.0,0.0,195.9838388711331,189.95356690586746,248.28100323624597,-5.220388751532694,628.9980202617138
2025-01-17T00:15:00Z,2025-01-17T00:30:00Z,2025-01-17,2025-01-17_2,0.0,100,100,0,51.69869391305509,50.64272608696813,0.00313257729468599,1.0045,0.039,True,True,False,False,0.0,0.0,195.9838388711331,189.95356690586746,137.3012522864781,-1.717422058734849,521.5212360047439
2025-01-17T00:30:00Z,2025-01-17T00:45:00Z,2025-01-17,2025-01-17_2,0.0,100,100,0,50.64272608696813,50.95310869566378,0.001016159420289855,0.025499999999999995,0.3675,True,True,False,False,0.0,0.0,195.9838388711331,189.95356690586746,3.29453808116746,-10.77125369354158,378.46069016462644
2025-01-17T00:45:00Z,2025-01-17T01:00:00Z,2025-01-17,2025-01-17_2,0.0,100,100,0,50.95310869566378,59.68620869566378,0.024258611111111113,0.0,9.4925,True,True,False,False,0.0,0.0,195.9838388711331,189.95356690586746,0.0,-67.0269834569539,318.9104223200467
2025-01-17T01:00:00Z,2025-01-17T01:15:00Z,2025-01-17,2025-01-17_3,-7.344139083455343e-13,100,100,0,59.68620869566378,64.40028869566395,0.013094666666667134,0.0,5.124,True,True,False,False,-2.179556876492459e-11,0.0,195.9838388711331,189.95356690586746,0.0,-26.78438159560996,359.1530241813688
2025-01-17T01:15:00Z,2025-01-17T01:30:00Z,2025-01-17,2025-01-17_3,-7.344139083455343e-13,100,100,0,64.40028869566395,79.00114869566411,0.04055794444444492,0.0,15.870499999999998,True,True,False,False,-2.179556876492459e-11,0.0,195.9838388711331,189.95356690586746,0.0,7350.961411686666,7736.898817463645
2025-01-17T01:30:00Z,2025-01-17T01:45:00Z,2025-01-17,2025-01-17_3,-7.344139083455343e-13,100,100,0,79.00114869566411,99.98266869566429,0.058282000000000486,0.0,22.806,True,True,False,False,-2.179556876492459e-11,0.0,195.9838388711331,189.95356690586746,0.0,10743.148417053611,11129.08582283059
2025-01-17T01:45:00Z,2025-01-17T02:00:00Z,2025-01-17,2025-01-17_3,-7.344139083455343e-13,100,100,0,99.98266869566429,112.55998869566444,0.034937000000000475,0.0,13.671,True,True,False,False,-2.179556876492459e-11,0.0,195.9838388711331,189.95356690586746,0.0,307.2450696496412,693.1824754266199
2025-01-17T02:00:00Z,2025-01-17T02:15:00Z,2025-01-17,2025-01-17_4,0.0,100,100,0,112.55998869566444,123.05074869566445,0.029141000000000004,0.0,11.403,True,True,False,False,0.0,0.0,198.12458541880238,187.4510040402822,0.0,191.80575348248206,577.3813429415667
2025-01-17T02:15:00Z,2025-01-17T02:30:00Z,2025-01-17,2025-01-17_4,0.0,100,100,0,123.05074869566445,135.21728869566445,0.03379594444444445,0.0,13.2245,True,True,False,False,0.0,0.0,198.12458541880238,187.4510040402822,0.0,222.67315755090556,608.2487470099902
2025-01-17T02:30:00Z,2025-01-17T02:45:00Z,2025-01-17,2025-01-17_4,0.0,100,100,0,135.21728869566445,142.01976869566445,0.01889577777777778,0.0,7.394,True,True,False,False,0.0,0.0,198.12458541880238,187.4510040402822,0.0,-103.26838891233996,282.30720054674464
2025-01-17T02:45:00Z,2025-01-17T03:00:00Z,2025-01-17,2025-01-17_4,0.0,100,100,0,142.01976869566445,145.60270869566446,0.009952611111111112,0.0,3.8945,True,True,False,False,0.0,0.0,198.12458541880238,187.4510040402822,0.0,-79.8376805563931,305.7379089026915
2025-01-17T03:00:00Z,2025-01-17T03:15:00Z,2025-01-17,2025-01-17_5,0.0,100,100,0,145.60270869566446,150.21420869566447,0.012809722222222224,0.0,5.0125,True,True,False,False,0.0,0.0,198.12458541880238,187.4510040402822,0.0,-87.67668445596898,297.8989050031156
2025-01-17T03:15:00Z,2025-01-17T03:30:00Z,2025-01-17,2025-01-17_5,0.0,100,100,0,150.21420869566447,154.63480869566447,0.012279444444444445,0.0,4.805,True,True,False,False,0.0,0.0,198.12458541880238,187.4510040402822,0.0,-60.35394480291061,325.22164465617396
2025-01-17T03:30:00Z,2025-01-17T03:45:00Z,2025-01-17,2025-01-17_5,0.0,100,100,0,154.63480869566447,156.50056869566447,0.005182666666666667,0.0,2.028,True,True,False,False,0.0,0.0,198.12458541880238,187.4510040402822,0.0,-40.50985949466321,345.0657299644214
2025-01-17T03:45:00Z,2025-01-17T04:00:00Z,2025-01-17,2025-01-17_5,0.0,100,100,0,156.50056869566447,157.5630443478384,0.0029724565217391307,0.0035000000000000005,1.159,True,True,False,False,0.0,0.0,198.12458541880238,187.4510040402822,0.2110595187842972,-24.40448772839655,361.38216124947235
2025-01-17T04:00:00Z,2025-01-17T04:15:00Z,2025-01-17,2025-01-17_6,1.1973317251463191e-11,100,100,0,157.5630443478384,164.6530243478353,0.019694388888892782,0.0,7.706499999999999,True,True,False,False,3.698857031908266e-10,0.0,198.12458541880238,187.4510040402822,0.0,5.818330820720014,391.3939202801745
2025-01-17T04:15:00Z,2025-01-17T04:30:00Z,2025-01-17,2025-01-17_6,1.1973317251463191e-11,100,100,0,164.6530243478353,168.1108443478321,0.009605055555562085,0.0,3.7585,True,True,False,False,3.698857031908266e-10,0.0,198.12458541880238,187.4510040402822,0.0,-64.70869434561499,320.8668951138395
2025-01-17T04:30:00Z,2025-01-17T04:45:00Z,2025-01-17,2025-01-17_6,1.1973317251463191e-11,100,100,0,168.1108443478321,180.98302434782914,0.03575605555555526,0.0,13.991500000000002,True,True,False,False,3.698857031908266e-10,0.0,198.12458541880238,187.4510040402822,0.0,663.4016753100566,1048.977264769511
2025-01-17T04:45:00Z,2025-01-17T05:00:00Z,2025-01-17,2025-01-17_6,1.1973317251463191e-11,100,100,0,180.98302434782914,182.54201999999984,0.0053933454106357874,0.176,1.9025,True,True,False,False,3.698857031908266e-10,0.0,198.12458541880238,187.4510040402822,23.904004502603065,-42.43979627731211,367.03979768474545
2025-01-17T05:00:00Z,2025-01-17T05:15:00Z,2025-01-17,2025-01-17_7,0.0,100,100,0,182.54201999999984,189.92271999999983,0.020501944444444448,0.0,8.0225,True,True,False,False,0.0,0.0,198.12458541880238,187.4510040402822,0.0,2101.942087780659,2487.517677239744
2025-01-17T05:15:00Z,2025-01-17T05:30:00Z,2025-01-17,2025-01-17_7,0.0,100,100,0,189.92271999999983,189.5934782608694,0.001343893719806763,0.374,0.084,True,True,False,False,0.0,0.0,198.12458541880238,187.4510040402822,50.891484853966915,-3.911844660194175,432.55522965285735
2025-01-17T05:30:00Z,2025-01-17T05:45:00Z,2025-01-17,2025-01-17_7,0.0,100,100,0,189.5934782608694,189.6079730434781,0.001329514492753623,0.21349999999999997,0.268,True,True,False,False,0.0,0.0,198.12458541880238,187.4510040402822,29.06791191782749,-8.810454883515247,405.83304649339686
2025-01-17T05:45:00Z,2025-01-17T06:00:00Z,2025-01-17,2025-01-17_7,0.0,100,100,0,189.6079730434781,188.05651652173896,0.004437379227053139,1.4485,0.025,True,True,False,False,0.0,0.0,198.12458541880238,187.4510040402822,254.69130776498017,-1.4157068483788622,638.8511903756859
2025-01-17T06:00:00Z,2025-01-17T06:15:00Z,2025-01-17,2025-01-17_8,0.0,100,100,0,188.05651652173896,186.8245739130433,0.006562840579710145,1.6535000000000002,0.6145,True,True,False,False,0.0,0.0,198.12458541880238,187.4510040402822,317.81573549217075,-13.972713923897969,689.4186110273574
2025-01-17T06:15:00Z,2025-01-17T06:30:00Z,2025-01-17,2025-01-17_8,0.0,100,100,0,186.8245739130433,171.91696521739112,0.04141002415458937,13.715,0.0,True,True,False,False,0.0,0.0,198.12458541880238,187.4510040402822,3513.2719371243647,0.0,3898.8475265834495
2025-01-17T06:30:00Z,2025-01-17T06:45:00Z,2025-01-17,2025-01-17_8,0.0,100,100,0,171.91696521739112,166.9088130434781,0.013911533816425119,4.6075,0.0,True,True,False,False,0.0,0.0,198.12458541880238,187.4510040402822,854.4708727813625,0.0,1240.046462240447
2025-01-17T06:45:00Z,2025-01-17T07:00:00Z,2025-01-17,2025-01-17_8,0.0,100,100,0,166.9088130434781,166.56454956521722,0.0011300652173913044,0.3455,0.034,True,True,False,False,0.0,0.0,198.12458541880238,187.4510040402822,47.22506985065026,-1.7618436551488474,431.038815654586
2025-01-17T07:00:00Z,2025-01-17T07:15:00Z,2025-01-17,2025-01-17_9,-3.6926983210358464e-14,100,100,0,166.56454956521722,161.03031043478245,0.015372886473429966,5.0915,0.0,True,True,False,False,-1.9214032538929766e-12,0.0,196.85822830609663,184.91828981487063,1196.9338789724416,0.0,1578.710397093407
2025-01-17T07:15:00Z,2025-01-17T07:30:00Z,2025-01-17,2025-01-17_9,-3.6926983210358464e-14,100,100,0,161.03031043478245,140.53791913043463,0.05692330917874394,18.853,0.0,True,True,False,False,-1.9214032538929766e-12,0.0,196.85822830609663,184.91828981487063,5666.764851755815,0.0,6048.54136987678
2025-01-17T07:30:00Z,2025-01-17T07:45:00Z,2025-01-17,2025-01-17_9,-3.6926983210358464e-14,100,100,0,140.53791913043463,128.29715826086942,0.034002113526570045,11.2615,0.0,True,True,False,False,-1.9214032538929766e-12,0.0,196.85822830609663,184.91828981487063,2884.0862446481333,0.0,3265.8627627690985
2025-01-17T07:45:00Z,2025-01-17T08:00:00Z,2025-01-17,2025-01-17_9,-3.6926983210358464e-14,100,100,0,128.29715826086942,114.16509304347812,0.03925573671497584,13.0015,0.0,True,True,False,False,-1.9214032538929766e-12,0.0,196.85822830609663,184.91828981487063,3439.7877953325697,0.0,3821.564313453535
2025-01-17T08:00:00Z,2025-01-17T08:15:00Z,2025-01-17,2025-01-17_10,0.0,100,100,0,114.16509304347812,89.74281043478247,0.06783967391304348,22.4685,0.0,True,True,False,False,0.0,0.0,196.85822830609663,184.91828981487063,22865.231682144367,0.0,23247.008200265336
2025-01-17T08:15:00Z,2025-01-17T08:30:00Z,2025-01-17,2025-01-17_10,0.0,100,100,0,89.74281043478247,71.87161478260856,0.049642210144927534,16.4415,0.0,True,True,False,False,0.0,0.0,196.85822830609663,184.91828981487063,11501.230628957368,0.0,11883.007147078335
2025-01-17T08:30:00Z,2025-01-17T08:45:00Z,2025-01-17,2025-01-17_10,0.0,100,100,0,71.87161478260856,69.84474608695638,0.00587041304347826,1.9044999999999999,0.047,True,True,False,False,0.0,0.0,196.85822830609663,184.91828981487063,287.9776729180486,-2.843675249753764,666.9105157892621
2025-01-17T08:45:00Z,2025-01-17T09:00:00Z,2025-01-17,2025-01-17_10,0.0,100,100,0,69.84474608695638,73.00440260869551,0.008779842995169084,0.0005,3.435,True,True,False,False,0.0,0.0,196.85822830609663,184.91828981487063,0.06834308227301052,-88.79532653922692,293.0495346640134
2025-01-17T09:00:00Z,2025-01-17T09:15:00Z,2025-01-17,2025-01-17_11,0.0,100,100,0,73.00440260869551,63.42017999999986,0.027737062801932368,9.002,0.218,True,True,False,False,0.0,0.0,196.85822830609663,184.91828981487063,2322.683920078796,-13.186000522623571,2691.2744376771398
2025-01-17T09:15:00Z,2025-01-17T09:30:00Z,2025-01-17,2025-01-17_11,0.0,100,100,0,63.42017999999986,60.6462669565216,0.007705314009661836,2.552,0.0,True,True,False,False,0.0,0.0,196.85822830609663,184.91828981487063,473.4647643168707,0.0,855.241282437838
2025-01-17T09:30:00Z,2025-01-17T09:45:00Z,2025-01-17,2025-01-17_11,0.0,100,100,0,60.6462669565216,60.42535652173899,0.0012704178743961352,0.312,0.1285,True,True,False,False,0.0,0.0,196.85822830609663,184.91828981487063,42.64608333835856,-6.8842514422400445,417.5383500170858
2025-01-17T09:45:00Z,2025-01-17T10:00:00Z,2025-01-17,2025-01-17_11,0.0,100,100,0,60.42535652173899,62.17703652173899,0.004865777777777778,0.0,1.9039999999999997,True,True,False,False,0.0,0.0,196.85822830609663,184.91828981487063,0.0,-57.89424511045448,323.8822730105128
2025-01-17T10:00:00Z,2025-01-17T10:15:00Z,2025-01-17,2025-01-17_12,0.0,100,100,0,62.17703652173899,62.86933999999986,0.001989490338164251,0.011,0.7655,True,True,False,False,0.0,0.0,196.85822830609663,184.91828981487063,1.5035478100062312,-41.89808046392893,341.38198546704456
2025-01-17T10:15:00Z,2025-01-17T10:30:00Z,2025-01-17,2025-01-17_12,0.0,100,100,0,62.86933999999986,63.21522086956507,0.001012108695652174,0.0085,0.386,True,True,False,False,0.0,0.0,196.85822830609663,184.91828981487063,1.1618323986411787,-23.354439285211765,359.5839112343967
2025-01-17T10:30:00Z,2025-01-17T10:45:00Z,2025-01-17,2025-01-17_12,0.0,100,100,0,63.21522086956507,64.37948086956507,0.0032340555555555556,0.0,1.2655,True,True,False,False,0.0,0.0,196.85822830609663,184.91828981487063,0.0,-38.99064795272267,342.7858701682446
2025-01-17T10:45:00Z,2025-01-17T11:00:00Z,2025-01-17,2025-01-17_12,0.0,100,100,0,64.37948086956507,70.19756086956507,0.016161333333333337,0.0,6.324000000000001,True,True,False,False,0.0,0.0,196.85822830609663,184.91828981487063,0.0,-88.37761080624738,293.3989073147199
2025-01-17T11:00:00Z,2025-01-17T11:15:00Z,2025-01-17,2025-01-17_13,-27.867088586980408,100,72,0,70.19756086956507,78.69180327627097,0.023619074983166878,0.0055,2.2723200000000006,True,True,False,False,-880.8786702344507,0.0,196.85822830609663,133.14116866670685,0.33166495808960983,-25.77159568232528,-576.319203985883
2025-01-17T11:15:00Z,2025-01-17T11:30:00Z,2025-01-17,2025-01-17_13,-27.867088586980408,100,72,0,78.69180327627097,85.0877249824801,0.017975530086560672,0.048,0.0396,True,True,False,False,-880.8786702344507,0.0,196.85822830609663,133.14116866670685,4.651346559729844,-2.3959476572393417,-548.6238743591567
2025-01-17T11:30:00Z,2025-01-17T11:45:00Z,2025-01-17,2025-01-17_13,-27.867088586980408,100,72,0,85.0877249824801,91.43005435539153,0.017959515984290336,0.0785,0.01584,True,True,False,False,-880.8786702344507,0.0,196.85822830609663,133.14116866670685,7.139840800820116,-0.9551950792980763,-544.6946275401252
2025-01-17T11:45:00Z,2025-01-17T12:00:00Z,2025-01-17,2025-01-17_13,-27.867088586980408,100,72,0,91.43005435539153,97.90914901349979,0.01815647376446588,0.0365,0.117,True,True,False,False,-880.8786702344507,0.0,196.85822830609663,133.14116866670685,3.1940306337815834,-6.638607610203221,-554.3238502380689
2025-01-17T12:00:00Z,2025-01-17T12:15:00Z,2025-01-17,2025-01-17_14,-100.00000000000001,100,0,0,97.90914901349979,120.86590901349979,0.0637687777777778,0.047,0.0,True,True,False,False,-3100.7500000000005,0.0,196.85822830609663,0.0,5.927759150937708,0.0,-2897.964012542966
2025-01-17T12:15:00Z,2025-01-17T12:30:00Z,2025-01-17,2025-01-17_14,-100.00000000000001,100,0,0,120.86590901349979,143.78816901349978,0.06367294444444445,0.0845,0.0,True,True,False,False,-3100.7500000000005,0.0,196.85822830609663,0.0,10.747953627208586,0.0,-2893.143818066695
2025-01-17T12:30:00Z,2025-01-17T12:45:00Z,2025-01-17,2025-01-17_14,-100.00000000000001,100,0,0,143.78816901349978,166.6970890134998,0.06363588888888891,0.099,0.0,True,True,False,False,-3100.7500000000005,0.0,196.85822830609663,0.0,11.43137671108967,0.0,-2892.4603949828143
2025-01-17T12:45:00Z,2025-01-17T13:00:00Z,2025-01-17,2025-01-17_14,-100.00000000000001,100,0,0,166.6970890134998,189.6690290134998,0.06381094444444445,0.0305,0.0,True,True,False,False,-3100.7500000000005,0.0,196.85822830609663,0.0,3.4050945747653216,0.0,-2900.4866771191387
2025-01-17T13:00:00Z,2025-01-17T13:15:00Z,2025-01-17,2025-01-17_15,-0.8480123243685798,100,99,0,189.6690290134998,189.97519775373843,0.0012246836522163953,0.0625,0.194535,True,True,False,False,-28.34057188039794,0.0,198.12458541880238,190.53156847373816,7.702667390299303,-11.770092866188266,356.24815653625365
2025-01-17T13:15:00Z,2025-01-17T13:30:00Z,2025-01-17,2025-01-17_15,-0.8480123243685798,100,99,0,189.97519775373843,189.9717535724673,0.0012208515174438371,0.2055,0.02673,True,True,False,False,-28.34057188039794,0.0,198.12458541880238,190.53156847373816,28.089006814207316,-1.6172646686365555,386.7873241577134
2025-01-17T13:30:00Z,2025-01-17T13:45:00Z,2025-01-17,2025-01-17_15,-0.8480123243685798,100,99,0,189.9717535724673,189.27905986256562,0.003090330858868616,0.8375,0.023265,True,True,False,False,-28.34057188039794,0.0,198.12458541880238,190.53156847373816,142.83761231381536,-1.4076192486281132,501.7455750773299
2025-01-17T13:45:00Z,2025-01-17T14:00:00Z,2025-01-17,2025-01-17_15,-0.8480123243685798,100,99,0,189.27905986256562,186.2218227304345,0.009446041485396121,2.996,0.0,True,True,False,False,-28.34057188039794,0.0,198.12458541880238,190.53156847373816,517.5096327564373,0.0,877.8252147685799
2025-01-17T14:00:00Z,2025-01-17T14:15:00Z,2025-01-17,2025-01-17_16,0.0,100,100,0,186.2218227304345,189.1525792521736,0.009185676328502416,0.173,3.39,True,True,False,False,0.0,0.0,198.12458541880238,192.45612977145268,23.646706466461634,-78.13715250557802,336.09026915113867
2025-01-17T14:15:00Z,2025-01-17T14:30:00Z,2025-01-17,2025-01-17_16,0.0,100,100,0,189.1525792521736,189.06601316521707,0.0005113502415458937,0.1245,0.053,True,True,False,False,0.0,0.0,198.12458541880238,192.45612977145268,17.017427485979617,-3.2173511025347246,404.3807915737
2025-01-17T14:30:00Z,2025-01-17T14:45:00Z,2025-01-17,2025-01-17_16,0.0,100,100,0,189.06601316521707,189.0414940347823,0.0004693309178743962,0.089,0.0785,True,True,False,False,0.0,0.0,198.12458541880238,192.45612977145268,12.16506864459587,-4.215353273432632,398.5304305614183
2025-01-17T14:45:00Z,2025-01-17T15:00:00Z,2025-01-17,2025-01-17_16,0.0,100,100,0,189.0414940347823,183.21160273043446,0.016194142512077295,5.3635,0.0,True,True,False,False,0.0,0.0,198.12458541880238,192.45612977145268,1163.6872726084948,0.0,1554.2679877987498
2025-01-17T15:00:00Z,2025-01-17T15:15:00Z,2025-01-17,2025-01-17_17,0.0,100,100,0,183.21160273043446,184.17473664347796,0.005441072463768116,0.45799999999999996,1.588,True,True,False,False,0.0,0.0,198.12458541880238,192.45612977145268,82.31718908922792,-36.36992100343726,436.52798327604575
2025-01-17T15:15:00Z,2025-01-17T15:30:00Z,2025-01-17,2025-01-17_17,0.0,100,100,0,184.17473664347796,180.8557149043475,0.009219504830917874,3.0535,0.0,True,True,False,False,0.0,0.0,198.12458541880238,192.45612977145268,590.1174618585299,0.0,980.6981770487849
2025-01-17T15:30:00Z,2025-01-17T15:45:00Z,2025-01-17,2025-01-17_17,0.0,100,100,0,180.8557149043475,173.97582359999967,0.01911080917874396,6.3295,0.0,True,True,False,False,0.0,0.0,198.12458541880238,192.45612977145268,1294.7172978351325,0.0,1685.2980130253875
2025-01-17T15:45:00Z,2025-01-17T16:00:00Z,2025-01-17,2025-01-17_17,0.0,100,100,0,173.97582359999967,154.45788881739097,0.05421648550724637,17.9565,0.0,True,True,False,False,0.0,0.0,198.12458541880238,192.45612977145268,12175.903123379363,0.0,12566.483838569618
2025-01-17T16:00:00Z,2025-01-17T16:15:00Z,2025-01-17,2025-01-17_18,25.0,75,100,0,154.45788881739097,142.7425355565214,0.0325426479468599,4.528125,0.0,True,True,False,False,1120.9375,0.0,148.59343906410177,187.4510040402822,868.8021844660195,0.0,2325.7841275704036
2025-01-17T16:15:00Z,2025-01-17T16:30:00Z,2025-01-17,2025-01-17_18,25.0,75,100,0,142.7425355565214,135.55455990434749,0.020064349033816424,0.3855,0.025499999999999995,True,True,False,False,1120.9375,0.0,148.59343906410177,187.4510040402822,58.023294337574626,-1.5479708134836878,1513.4572666284748
2025-01-17T16:30:00Z,2025-01-17T16:45:00Z,2025-01-17,2025-01-17_18,25.0,75,100,0,135.55455990434749,128.8174151217388,0.01911104106280193,0.03975,0.1035,True,True,False,False,1120.9375,0.0,148.59343906410177,187.4510040402822,5.433275040704336,-6.282940360610263,1456.132277784478
2025-01-17T16:45:00Z,2025-01-17T17:00:00Z,2025-01-17,2025-01-17_18,25.0,75,100,0,128.8174151217388,121.9277996869562,0.019256653985507244,0.11587499999999999,0.031,True,True,False,False,1120.9375,0.0,148.59343906410177,187.4510040402822,15.838509316770184,-1.8818468712938954,1470.9386055498603
2025-01-17T17:00:00Z,2025-01-17T17:15:00Z,2025-01-17,2025-01-17_19,100.0,0,100,0,121.9277996869562,94.85008229565186,0.07521588164251207,0.0,0.0885,True,True,False,False,4498.0,0.0,0.0,187.4510040402822,0.0,-5.372369293855153,4680.078634746427
2025-01-17T17:15:00Z,2025-01-17T17:30:00Z,2025-01-17,2025-01-17_19,100.0,0,100,0,94.85008229565186,67.72345186086925,0.07535175120772947,0.0,0.0435,True,True,False,False,4498.0,0.0,0.0,187.4510040402822,0.0,-2.640656093589821,4682.810347946693
2025-01-17T17:30:00Z,2025-01-17T17:45:00Z,2025-01-17,2025-01-17_19,100.0,0,100,0,67.72345186086925,40.76910403478229,0.07487318840579711,0.0,0.202,True,True,False,False,4498.0,0.0,0.0,187.4510040402822,0.0,-12.262357032302159,4673.18864700798
2025-01-17T17:45:00Z,2025-01-17T18:00:00Z,2025-01-17,2025-01-17_19,100.0,0,100,0,40.76910403478229,14.166386643477942,0.07389643719806763,0.0,0.5255,True,True,False,False,4498.0,0.0,0.0,187.4510040402822,0.0,-28.172436430883035,4657.278567609399
2025-01-17T18:00:00Z,2025-01-17T18:15:00Z,2025-01-17,2025-01-17_20,8.000000000000064,92,100,0,14.166386643477942,12.132410956521403,0.006465768019323719,0.020239999999999998,0.1735,True,True,False,False,348.4400000000028,0.0,184.27184466019418,187.4510040402822,2.766527970411465,-9.152962873625599,713.776413797265
2025-01-17T18:15:00Z,2025-01-17T18:30:00Z,2025-01-17,2025-01-17_20,8.000000000000064,92,100,0,12.132410956521403,9.999999999999648,0.0063465637681159905,0.0391,0.09,True,True,False,False,348.4400000000028,0.0,184.27184466019418,187.4510040402822,5.344429033749422,-4.8727612615328955,720.6345164726957
2025-01-17T18:30:00Z,2025-01-17T18:45:00Z,2025-01-17,2025-01-17_20,8.000000000000064,92,100,0,9.999999999999648,10.133810956521371,0.01125454734299521,0.0,2.4725,True,True,False,False,348.4400000000028,0.0,184.27184466019418,187.4510040402822,0.0,-62.969255663430424,657.1935930370488
2025-01-17T18:45:00Z,2025-01-17T19:00:00Z,2025-01-17,2025-01-17_20,8.000000000000064,92,100,0,10.133810956521371,12.360673913043094,0.015985247342995203,0.0,4.715,True,True,False,False,348.4400000000028,0.0,184.27184466019418,187.4510040402822,0.0,-102.55781322237632,617.6050354781029
2025-01-17T19:00:00Z,2025-01-17T19:15:00Z,2025-01-17,2025-01-17_21,9.000000000000044,91,100,0,12.360673913043094,10.069113530434386,0.00957238661835752,0.45136,0.6895,True,True,False,False,355.2975000000017,0.0,182.26888982693123,187.4510040402822,61.69466722949205,-20.172611509779095,766.5394495869281
2025-01-17T19:15:00Z,2025-01-17T19:30:00Z,2025-01-17,2025-01-17_21,9.000000000000044,91,100,0,10.069113530434386,10.12449382608655,0.012301841400966209,0.0027300000000000002,2.678,True,True,False,False,355.2975000000017,0.0,182.26888982693123,187.4510040402822,0.3731532292106374,-60.14559006211181,665.244957034314
2025-01-17T19:30:00Z,2025-01-17T19:45:00Z,2025-01-17,2025-01-17_21,9.000000000000044,91,100,0,10.12449382608655,11.287107321738713,0.014719155845410652,0.0,3.859,True,True,False,False,355.2975000000017,0.0,182.26888982693123,187.4510040402822,0.0,-82.48341976723151,642.5339740999837
2025-01-17T19:45:00Z,2025-01-17T20:00:00Z,2025-01-17,2025-01-17_21,9.000000000000044,91,100,0,11.287107321738713,14.85725067826044,0.020022137342995187,0.0027300000000000002,6.436999999999999,True,True,False,False,355.2975000000017,0.0,182.26888982693123,187.4510040402822,0.3383989447024061,-122.57070694888338,602.7850858630342
2025-01-17T20:00:00Z,2025-01-17T20:15:00Z,2025-01-17,2025-01-17_22,0.0,100,100,0,14.85725067826044,13.368553286956093,0.004421492753623188,1.417,0.05600000000000001,True,True,False,False,0.0,0.0,193.84309232346382,187.4510040402822,201.37640997809,-2.962870409455467,579.7076359323805
2025-01-17T20:15:00Z,2025-01-17T20:30:00Z,2025-01-17,2025-01-17_22,0.0,100,100,0,13.368553286956093,15.617141113043049,0.006708033816425121,0.0765,2.5345,True,True,False,False,0.0,0.0,193.84309232346382,187.4510040402822,8.432330097087378,-37.39723552232206,352.3291909385114
2025-01-17T20:30:00Z,2025-01-17T20:45:00Z,2025-01-17,2025-01-17_22,0.0,100,100,0,15.617141113043049,23.48176111304305,0.02184616666666667,0.0,8.5485,True,True,False,False,0.0,0.0,193.84309232346382,187.4510040402822,0.0,-148.63176204546826,232.66233431827777
2025-01-17T20:45:00Z,2025-01-17T21:00:00Z,2025-01-17,2025-01-17_22,0.0,100,100,0,23.48176111304305,41.751581113043045,0.050749499999999996,0.0,19.8585,True,True,False,False,0.0,0.0,193.84309232346382,187.4510040402822,0.0,11502.11473195441,11883.408828318157
2025-01-17T21:00:00Z,2025-01-17T21:15:00Z,2025-01-17,2025-01-17_23,0.0,100,100,0,41.751581113043045,46.79318111304305,0.014004444444444446,0.0,5.48,True,True,False,False,0.0,0.0,193.84309232346382,187.4510040402822,0.0,981.2492472210499,1362.543343584796
2025-01-17T21:15:00Z,2025-01-17T21:30:00Z,2025-01-17,2025-01-17_23,0.0,100,100,0,46.79318111304305,47.39557328695609,0.0016974661835748794,0.004,0.6595,True,True,False,False,0.0,0.0,193.84309232346382,187.4510040402822,0.5467446581840841,-26.015047237130396,355.8257937847997
2025-01-17T21:30:00Z,2025-01-17T21:45:00Z,2025-01-17,2025-01-17_23,0.0,100,100,0,47.39557328695609,54.822733286956094,0.020631000000000004,0.0,8.073,True,True,False,False,0.0,0.0,193.84309232346382,187.4510040402822,0.0,431.72188626907075,813.0159826328168
2025-01-17T21:45:00Z,2025-01-17T22:00:00Z,2025-01-17,2025-01-17_23,0.0,100,100,0,54.822733286956094,65.2173532869561,0.02887394444444445,0.0,11.2985,True,True,False,False,0.0,0.0,193.84309232346382,187.4510040402822,0.0,127.88342207883576,509.1775184425818
2025-01-17T22:00:00Z,2025-01-17T22:15:00Z,2025-01-18,2025-01-17_24,0.0,100,100,0,65.2173532869561,54.79790893913001,0.03045323429951691,9.836,0.2955,True,True,False,False,0.0,0.0,196.939247171366,189.91539219035752,2836.970128017042,-16.19053045680178,3207.6342369219637
2025-01-17T22:15:00Z,2025-01-17T22:30:00Z,2025-01-18,2025-01-17_24,0.0,100,100,0,54.79790893913001,52.68006111304305,0.005946799516908213,1.959,0.0125,True,True,False,False,0.0,0.0,196.939247171366,189.91539219035752,332.03276392210455,-0.7561446170542012,718.1312586667739
2025-01-17T22:30:00Z,2025-01-17T22:45:00Z,2025-01-18,2025-01-17_24,0.0,100,100,0,52.68006111304305,52.09428024347783,0.001724280193236715,0.555,0.019,True,True,False,False,0.0,0.0,196.939247171366,189.91539219035752,71.72169557266022,-1.1493398179223857,457.42699511646134
2025-01-17T22:45:00Z,2025-01-17T23:00:00Z,2025-01-18,2025-01-17_24,0.0,100,100,0,52.09428024347783,52.55902024347783,0.0031659444444444448,0.3105,0.872,True,True,False,False,0.0,0.0,196.939247171366,189.91539219035752,42.317956952511096,-39.92178942502864,389.250806889206
2025-01-17T23:00:00Z,2025-01-17T23:15:00Z,2025-01-18,2025-01-18_1,0.0,100,100,0,52.55902024347783,55.287740243477835,0.007579777777777779,0.0,2.966,True,True,False,False,0.0,0.0,196.939247171366,189.91539219035752,0.0,-137.16952752265925,249.68511183906426
2025-01-17T23:15:00Z,2025-01-17T23:30:00Z,2025-01-18,2025-01-18_1,0.0,100,100,0,55.287740243477835,66.16398024347784,0.030211777777777775,0.0,11.822,True,True,False,False,0.0,0.0,196.939247171366,189.91539219035752,0.0,3560.5842625454684,3947.438901907192
2025-01-17T23:30:00Z,2025-01-17T23:45:00Z,2025-01-18,2025-01-18_1,0.0,100,100,0,66.16398024347784,71.36612024347784,0.01445038888888889,0.0,5.6545,True,True,False,False,0.0,0.0,196.939247171366,189.91539219035752,0.0,-186.1886086939046,200.66603066781892
2025-01-17T23:45:00Z,2025-01-18T00:00:00Z,2025-01-18,2025-01-18_1,0.0,100,100,0,71.36612024347784,84.92232024347784,0.037656111111111105,0.0,14.734999999999998,True,True,False,False,0.0,0.0,196.939247171366,189.91539219035752,0.0,-219.11645933398978,167.73818002773373
2025-01-18T00:00:00Z,2025-01-18T00:15:00Z,2025-01-18,2025-01-18_2,0.0,100,100,0,84.92232024347784,91.97274024347784,0.0195845,0.0,7.663499999999999,True,True,False,False,0.0,0.0,196.939247171366,189.91539219035752,0.0,-203.08837145039087,183.76626791133265
2025-01-18T00:15:00Z,2025-01-18T00:30:00Z,2025-01-18,2025-01-18_2,0.0,100,100,0,91.97274024347784,93.62598024347784,0.004592333333333334,0.0,1.797,True,True,False,False,0.0,0.0,196.939247171366,189.91539219035752,0.0,-101.70263771378042,285.1520016479431
2025-01-18T00:30:00Z,2025-01-18T00:45:00Z,2025-01-18,2025-01-18_2,0.0,100,100,0,93.62598024347784,94.36676111304305,0.0023173864734299518,0.043,0.856,True,True,False,False,0.0,0.0,196.939247171366,189.91539219035752,4.578062461062321,-28.84499286561225,362.58770895717356
2025-01-18T00:45:00Z,2025-01-18T01:00:00Z,2025-01-18,2025-01-18_2,0.0,100,100,0,94.36676111304305,107.14602111304305,0.03549794444444444,0.0,13.8905,True,True,False,False,0.0,0.0,196.939247171366,189.91539219035752,0.0,-153.3345493277598,233.52009003396373
2025-01-18T01:00:00Z,2025-01-18T01:15:00Z,2025-01-18,2025-01-18_3,0.0,100,100,0,107.14602111304305,113.48574111304305,0.017610333333333335,0.0,6.891,True,True,False,False,0.0,0.0,196.939247171366,189.91539219035752,0.0,-237.22910428264234,149.62553507908117
2025-01-18T01:15:00Z,2025-01-18T01:30:00Z,2025-01-18,2025-01-18_3,0.0,100,100,0,113.48574111304305,123.21888111304305,0.0270365,0.0,10.5795,True,True,False,False,0.0,0.0,196.939247171366,189.91539219035752,0.0,-66.49102745232017,320.36361190940335
2025-01-18T01:30:00Z,2025-01-18T01:45:00Z,2025-01-18,2025-01-18_3,0.0,100,100,0,123.21888111304305,126.78024719999958,0.009974205314009664,0.0135,3.887,True,True,False,False,0.0,0.0,196.939247171366,189.91539219035752,0.8139231093872465,115.34685584517372,503.01541831628447
2025-01-18T01:45:00Z,2025-01-18T02:00:00Z,2025-01-18,2025-01-18_3,0.0,100,100,0,126.78024719999958,127.22426024347784,0.001794963768115942,0.093,0.5925,True,True,False,False,0.0,0.0,196.939247171366,189.91539219035752,12.271648947929018,-32.120908780321145,367.0053795293314
2025-01-18T02:00:00Z,2025-01-18T02:15:00Z,2025-01-18,2025-01-18_4,0.0,100,100,0,127.22426024347784,127.50879589565174,0.0008809565217391306,0.015,0.327,True,True,False,False,0.0,0.0,199.47145240057074,186.90086215558995,1.2098303824433772,-19.780743182137904,367.80140175646613
2025-01-18T02:15:00Z,2025-01-18T02:30:00Z,2025-01-18,2025-01-18_4,0.0,100,100,0,127.50879589565174,130.30789589565174,0.0077752777777777785,0.0,3.0425,True,True,False,False,0.0,0.0,199.47145240057074,186.90086215558995,0.0,-112.05136357241906,274.3209509837416
2025-01-18T02:30:00Z,2025-01-18T02:45:00Z,2025-01-18,2025-01-18_4,0.0,100,100,0,130.30789589565174,130.00018024347784,0.007596321256038647,1.3995,1.319,True,True,False,False,0.0,0.0,199.47145240057074,186.90086215558995,260.07288279507225,-65.21546976426374,581.2297275869691
2025-01-18T02:45:00Z,2025-01-18T03:00:00Z,2025-01-18,2025-01-18_4,0.0,100,100,0,130.00018024347784,126.03713676521697,0.011008454106280192,3.646,0.0,True,True,False,False,0.0,0.0,199.47145240057074,186.90086215558995,651.2651837858477,0.0,1037.6374983420085
2025-01-18T03:00:00Z,2025-01-18T03:15:00Z,2025-01-18,2025-01-18_5,0.0,100,100,0,126.03713676521697,121.38550633043437,0.012921195652173912,4.2795,0.0,True,True,False,False,0.0,0.0,199.47145240057074,186.90086215558995,791.0052729154525,0.0,1177.3775874716132
2025-01-18T03:15:00Z,2025-01-18T03:30:00Z,2025-01-18,2025-01-18_5,0.0,100,100,0,121.38550633043437,117.40875502608655,0.011133420289855074,3.673,0.017,True,True,False,False,0.0,0.0,199.47145240057074,186.90086215558995,695.1366012178701,-1.0283566791937138,1080.480559094837
2025-01-18T03:30:00Z,2025-01-18T03:45:00Z,2025-01-18,2025-01-18_5,0.0,100,100,0,117.40875502608655,117.6241724173909,0.001624951690821256,0.17,0.43499999999999994,True,True,False,False,0.0,0.0,199.47145240057074,186.90086215558995,23.231978134608816,-26.313832673486196,383.2904600172833
2025-01-18T03:45:00Z,2025-01-18T04:00:00Z,2025-01-18,2025-01-18_5,0.0,100,100,0,117.6241724173909,116.64496980869524,0.0030982294685990334,0.9634999999999999,0.074,True,True,False,False,0.0,0.0,199.47145240057074,186.90086215558995,140.98441487972025,-4.476376132960871,522.8803533029201
2025-01-18T04:00:00Z,2025-01-18T04:15:00Z,2025-01-18,2025-01-18_6,0.0,100,100,0,116.64496980869524,117.44734111304307,0.002340524154589372,0.0185,0.894,True,True,False,False,0.0,0.0,199.47145240057074,186.90086215558995,2.439758837597218,-45.435013565385155,343.37705982837275
2025-01-18T04:15:00Z,2025-01-18T04:30:00Z,2025-01-18,2025-01-18_6,0.0,100,100,0,117.44734111304307,121.60850111304306,0.011558777777777777,0.0,4.523,True,True,False,False,0.0,0.0,199.47145240057074,186.90086215558995,0.0,-188.18548744950658,198.1868271066541
2025-01-18T04:30:00Z,2025-01-18T04:45:00Z,2025-01-18,2025-01-18_6,0.0,100,100,0,121.60850111304306,131.78094111304307,0.028256777777777776,0.0,11.057,True,True,False,False,0.0,0.0,199.47145240057074,186.90086215558995,0.0,-238.00804135935206,148.36427319680863
2025-01-18T04:45:00Z,2025-01-18T05:00:00Z,2025-01-18,2025-01-18_6,0.0,100,100,0,131.78094111304307,137.67952111304308,0.016384944444444445,0.0,6.4115,True,True,False,False,0.0,0.0,199.47145240057074,186.90086215558995,0.0,-234.33240710223276,152.03990745392792
2025-01-18T05:00:00Z,2025-01-18T05:15:00Z,2025-01-18,2025-01-18_7,0.0,100,100,0,137.67952111304308,145.61774111304308,0.022050611111111115,0.0,8.6285,True,True,False,False,0.0,0.0,199.47145240057074,186.90086215558995,0.0,-204.58591581422456,181.78639874193613
2025-01-18T05:15:00Z,2025-01-18T05:30:00Z,2025-01-18,2025-01-18_7,0.0,100,100,0,145.61774111304308,156.01144111304308,0.028871388888888887,0.0,11.2975,True,True,False,False,0.0,0.0,199.47145240057074,186.90086215558995,0.0,-168.17175284873085,218.20056170742984
2025-01-18T05:30:00Z,2025-01-18T05:45:00Z,2025-01-18,2025-01-18_7,0.0,100,100,0,156.01144111304308,166.78786111304308,0.0299345,0.0,11.7135,True,True,False,False,0.0,0.0,199.47145240057074,186.90086215558995,0.0,-184.9692040635865,201.4031104925742
2025-01-18T05:45:00Z,2025-01-18T06:00:00Z,2025-01-18,2025-01-18_7,0.0,100,100,0,166.78786111304308,171.50930111304308,0.013115111111111112,0.0,5.132,True,True,False,False,0.0,0.0,199.47145240057074,186.90086215558995,0.0,-170.5382608171386,215.8340537390221
2025-01-18T06:00:00Z,2025-01-18T06:15:00Z,2025-01-18,2025-01-18_8,33.0,67,100,0,171.50930111304308,178.699244765217,0.036770978743961354,0.0,16.57,True,True,False,False,1116.8025,0.0,133.64587310838237,186.90086215558995,0.0,6255.387290741373,7692.736526005346
2025-01-18T06:15:00Z,2025-01-18T06:30:00Z,2025-01-18,2025-01-18_8,33.0,67,100,0,178.699244765217,185.23051130434746,0.03628742516908212,0.0,15.8945,True,True,False,False,1116.8025,0.0,133.64587310838237,186.90086215558995,0.0,2166.9117286320065,3604.260963895979
2025-01-18T06:30:00Z,2025-01-18T06:45:00Z,2025-01-18,2025-01-18_8,33.0,67,100,0,185.23051130434746,183.70261227826052,0.030370962850241545,0.0,7.6295,True,True,False,False,1116.8025,0.0,133.64587310838237,186.90086215558995,0.0,-190.71526728832976,1246.6339679756425
2025-01-18T06:45:00Z,2025-01-18T07:00:00Z,2025-01-18,2025-01-18_8,33.0,67,100,0,183.70261227826052,175.14575460869528,0.02522615019323671,0.00402,0.4255,True,True,False,False,1116.8025,0.0,133.64587310838237,186.90086215558995,0.3702845033059346,-25.73916276452501,1411.9803570027532
2025-01-18T07:00:00Z,2025-01-18T07:15:00Z,2025-01-18,2025-01-18_9,0.0,100,100,0,175.14575460869528,177.05718417391267,0.0053880289855072466,0.013,2.093,True,True,False,False,0.0,0.0,197.96418738318695,183.88633212082235,1.6238256395827888,-96.45617777688457,287.01816736670753
2025-01-18T07:15:00Z,2025-01-18T07:30:00Z,2025-01-18,2025-01-18_9,0.0,100,100,0,177.05718417391267,179.20446417391267,0.005964666666666668,0.0,2.334,True,True,False,False,0.0,0.0,197.96418738318695,183.88633212082235,0.0,-106.83095922345707,275.01956028055224
2025-01-18T07:30:00Z,2025-01-18T07:45:00Z,2025-01-18,2025-01-18_9,0.0,100,100,0,179.20446417391267,179.23681286956486,0.0005336980676328503,0.0735,0.122,True,True,False,False,0.0,0.0,197.96418738318695,183.88633212082235,7.447903494845153,-7.379971462449003,381.9184515364054
2025-01-18T07:45:00Z,2025-01-18T08:00:00Z,2025-01-18,2025-01-18_9,0.0,100,100,0,179.23681286956486,179.1051702608692,0.0004525628019323672,0.1355,0.017,True,True,False,False,0.0,0.0,197.96418738318695,183.88633212082235,16.531686227617115,-1.0283566791937138,397.3538490524327
2025-01-18T08:00:00Z,2025-01-18T08:15:00Z,2025-01-18,2025-01-18_10,0.0,100,100,0,179.1051702608692,169.42201808695614,0.026897644927536234,8.9085,0.0,True,True,False,False,0.0,0.0,197.96418738318695,183.88633212082235,1929.4361907393636,0.0,2311.286710243373
2025-01-18T08:15:00Z,2025-01-18T08:30:00Z,2025-01-18,2025-01-18_10,0.0,100,100,0,169.42201808695614,156.5513659130431,0.0357518115942029,11.841,0.0,True,True,False,False,0.0,0.0,197.96418738318695,183.88633212082235,2648.7107413734198,0.0,3030.561260877429
2025-01-18T08:30:00Z,2025-01-18T08:45:00Z,2025-01-18,2025-01-18_10,0.0,100,100,0,156.5513659130431,156.09965721739093,0.0013569685990338163,0.4325,0.02,True,True,False,False,0.0,0.0,197.96418738318695,183.88633212082235,58.264813903012524,-1.209831387286722,438.9055020197351
2025-01-18T08:45:00Z,2025-01-18T09:00:00Z,2025-01-18,2025-01-18_10,0.0,100,100,0,156.09965721739093,156.23988417391266,0.0005918140096618358,0.0335,0.192,True,True,False,False,0.0,0.0,197.96418738318695,183.88633212082235,4.5780662794670315,-11.61438131795253,374.8142044655238
2025-01-18T09:00:00Z,2025-01-18T09:15:00Z,2025-01-18,2025-01-18_11,0.0,100,100,0,156.23988417391266,141.50727547826048,0.040923913043478255,13.553999999999998,0.0,True,True,False,False,0.0,0.0,197.96418738318695,183.88633212082235,4727.763442593299,0.0,5109.613962097308
2025-01-18T09:15:00Z,2025-01-18T09:30:00Z,2025-01-18,2025-01-18_11,0.0,100,100,0,141.50727547826048,128.16705808695613,0.03705615942028985,12.273,0.0,True,True,False,False,0.0,0.0,197.96418738318695,183.88633212082235,2789.5540678068287,0.0,3171.404587310838
2025-01-18T09:30:00Z,2025-01-18T09:45:00Z,2025-01-18,2025-01-18_11,0.0,100,100,0,128.16705808695613,124.1034711304344,0.01128774154589372,3.7385,0.0,True,True,False,False,0.0,0.0,197.96418738318695,183.88633212082235,706.4727425189413,0.0,1088.3232620229505
2025-01-18T09:45:00Z,2025-01-18T10:00:00Z,2025-01-18,2025-01-18_11,0.0,100,100,0,124.1034711304344,123.6106763478257,0.0016474299516908214,0.49950000000000006,0.0545,True,True,False,False,0.0,0.0,197.96418738318695,183.88633212082235,68.26101810727708,-3.296790530356317,446.8147470809301
2025-01-18T10:00:00Z,2025-01-18T10:15:00Z,2025-01-18,2025-01-18_12,-100.0,100,0,0,123.6106763478257,137.1121363478257,0.037504055555555554,10.3245,0.0,True,True,False,False,-3043.5,0.0,197.96418738318695,0.0,2157.060878735505,0.0,-688.4749338813081
2025-01-18T10:15:00Z,2025-01-18T10:30:00Z,2025-01-18,2025-01-18_12,-100.0,100,0,0,137.1121363478257,148.3149763478257,0.031119,12.823,0.0,True,True,False,False,-3043.5,0.0,197.96418738318695,0.0,2678.4708376374124,0.0,-167.06497497940066
2025-01-18T10:30:00Z,2025-01-18T10:45:00Z,2025-01-18,2025-01-18_12,-100.0,100,0,0,148.3149763478257,162.60395634782572,0.03969161111111111,9.4685,0.0,True,True,False,False,-3043.5,0.0,197.96418738318695,0.0,1922.4067246126328,0.0,-923.1290880041802
2025-01-18T10:45:00Z,2025-01-18T11:00:00Z,2025-01-18,2025-01-18_12,-100.0,100,0,0,162.60395634782572,177.8290363478257,0.04229188888888889,8.451,0.0,True,True,False,False,-3043.5,0.0,197.96418738318695,0.0,1688.8514813400589,0.0,-1156.6843312767542
2025-01-18T11:00:00Z,2025-01-18T11:15:00Z,2025-01-18,2025-01-18_13,0.0,100,100,0,177.8290363478257,174.09914504347788,0.010360809178743963,3.4315000000000007,0.0,True,True,False,False,0.0,0.0,197.96418738318695,183.88633212082235,616.9176202295064,0.0,998.7681397335157
2025-01-18T11:15:00Z,2025-01-18T11:30:00Z,2025-01-18,2025-01-18_13,0.0,100,100,0,174.09914504347788,171.83392765217351,0.006292270531400967,2.084,0.0,True,True,False,False,0.0,0.0,197.96418738318695,183.88633212082235,288.9769496975421,0.0,670.8274692015514
2025-01-18T11:30:00Z,2025-01-18T11:45:00Z,2025-01-18,2025-01-18_13,0.0,100,100,0,171.83392765217351,171.74447895652133,0.0005576908212560387,0.1335,0.0605,True,True,False,False,0.0,0.0,197.96418738318695,183.88633212082235,18.243935770413394,-3.6597399465423335,396.4347153278804
2025-01-18T11:45:00Z,2025-01-18T12:00:00Z,2025-01-18,2025-01-18_13,0.0,100,100,0,171.74447895652133,171.78388765217352,0.00041442028985507243,0.0505,0.10249999999999998,True,True,False,False,0.0,0.0,197.96418738318695,183.88633212082235,6.901264092927913,-6.200385859844449,382.55139773709277
2025-01-18T12:00:00Z,2025-01-18T12:15:00Z,2025-01-18,2025-01-18_14,-10.995461322096624,100,89,0,171.78388765217352,174.21015442451977,0.007548517789791791,0.1505,0.06319,True,True,False,False,-316.1470016635832,0.0,197.96418738318695,171.03689784762554,20.567133583874273,-3.8224622681323974,69.59875488297119
2025-01-18T12:15:00Z,2025-01-18T12:30:00Z,2025-01-18,2025-01-18_14,-10.995461322096624,100,89,0,174.21015442451977,176.7517606057463,0.007430869414564957,0.069,0.09389499999999999,True,True,False,False,-316.1470016635832,0.0,197.96418738318695,171.03689784762554,9.429449948752989,-5.679855905464337,56.60367761051796
2025-01-18T12:30:00Z,2025-01-18T12:45:00Z,2025-01-18,2025-01-18_14,-10.995461322096624,100,89,0,176.7517606057463,179.2854770618171,0.007288023431629123,0.0465,0.059185,True,True,False,False,-316.1470016635832,0.0,197.96418738318695,171.03689784762554,6.354629313290058,-3.5801935328282317,55.62851934769114
2025-01-18T12:45:00Z,2025-01-18T13:00:00Z,2025-01-18,2025-01-18_14,-10.995461322096624,100,89,0,179.2854770618171,181.8046217391305,0.007349665002404566,0.0655,0.065415,True,True,False,False,-316.1470016635832,0.0,197.96418738318695,171.03689784762554,8.951144516569867,-3.9570560099680456,57.84817207383113
2025-01-18T13:00:00Z,2025-01-18T13:15:00Z,2025-01-18,2025-01-18_15,0.0,100,100,0,181.8046217391305,184.3162217391305,0.006976666666666667,0.0,2.73,True,True,False,False,0.0,0.0,199.47145240057074,192.17628971643322,0.0,-117.7347133181937,273.9130287988103
2025-01-18T13:15:00Z,2025-01-18T13:30:00Z,2025-01-18,2025-01-18_15,0.0,100,100,0,184.3162217391305,184.2800321739131,0.0003765265700483092,0.079,0.054,True,True,False,False,0.0,0.0,199.47145240057074,192.17628971643322,10.796036897847625,-3.266544745674149,399.17723426917746
2025-01-18T13:30:00Z,2025-01-18T13:45:00Z,2025-01-18,2025-01-18_15,0.0,100,100,0,184.2800321739131,184.13392521739138,0.000502963768115942,0.1505,0.019,True,True,False,False,0.0,0.0,199.47145240057074,192.17628971643322,20.567133583874273,-1.1493398179223857,411.0655358829558
2025-01-18T13:45:00Z,2025-01-18T14:00:00Z,2025-01-18,2025-01-18_15,0.0,100,100,0,184.13392521739138,182.45549739130442,0.004667410628019323,1.545,0.001,True,True,False,False,0.0,0.0,199.47145240057074,192.17628971643322,239.01996724210693,-0.0604915693643361,630.6072177897465
2025-01-18T14:00:00Z,2025-01-18T14:15:00Z,2025-01-18,2025-01-18_16,0.0,100,100,0,182.45549739130442,187.58646347826092,0.01426476086956522,0.002,5.5795,True,True,False,False,0.0,0.0,199.47145240057074,192.17628971643322,0.2733173898189272,-164.10854769991357,227.8125118069093
2025-01-18T14:15:00Z,2025-01-18T14:30:00Z,2025-01-18,2025-01-18_16,0.0,100,100,0,187.58646347826092,189.73366000000004,0.005967454106280193,0.0005,2.3345,True,True,False,False,0.0,0.0,199.47145240057074,192.17628971643322,0.0683293474547318,-109.76029964428542,281.95577182017325
2025-01-18T14:30:00Z,2025-01-18T14:45:00Z,2025-01-18,2025-01-18_16,0.0,100,100,0,189.73366000000004,188.73804347826092,0.0042452681159420285,1.161,0.2895,True,True,False,False,0.0,0.0,199.47145240057074,192.17628971643322,204.7726903675717,-17.5123093309753,578.9081231536004
2025-01-18T14:45:00Z,2025-01-18T15:00:00Z,2025-01-18,2025-01-18_16,0.0,100,100,0,188.73804347826092,183.02445652173918,0.01587107487922705,5.2565,0.0,True,True,False,False,0.0,0.0,199.47145240057074,192.17628971643322,1008.2964022588877,0.0,1399.9441443758917
2025-01-18T15:00:00Z,2025-01-18T15:15:00Z,2025-01-18,2025-01-18_17,0.0,100,100,0,183.02445652173918,188.96062086956525,0.020287654589371984,0.629,7.195500000000001,True,True,False,False,0.0,0.0,199.47145240057074,192.17628971643322,102.86834301332422,3361.976953515947,3856.493038646275
2025-01-18T15:15:00Z,2025-01-18T15:30:00Z,2025-01-18,2025-01-18_17,0.0,100,100,0,188.96062086956525,187.79739130434785,0.004468082125603864,1.275,0.242,True,True,False,False,0.0,0.0,199.47145240057074,192.17628971643322,212.16262384694224,-14.638959786169334,589.1714061777768
2025-01-18T15:30:00Z,2025-01-18T15:45:00Z,2025-01-18,2025-01-18_17,0.0,100,100,0,187.79739130434785,174.06260869565222,0.03815217391304348,12.636,0.0,True,True,False,False,0.0,0.0,199.47145240057074,192.17628971643322,3209.339321127836,0.0,3600.9870632448396
2025-01-18T15:45:00Z,2025-01-18T16:00:00Z,2025-01-18,2025-01-18_17,0.0,100,100,0,174.06260869565222,161.7202173913044,0.03428442028985507,11.355,0.0,True,True,False,False,0.0,0.0,199.47145240057074,192.17628971643322,2805.1749452360377,0.0,3196.8226873530416
2025-01-18T16:00:00Z,2025-01-18T16:15:00Z,2025-01-18,2025-01-18_18,100.0,0,100,0,161.7202173913044,138.4914130434783,0.06452445652173912,0.0,3.6295,True,True,False,False,4313.25,0.0,0.0,186.90086215558995,0.0,-142.39800819952168,4357.752853956068
2025-01-18T16:15:00Z,2025-01-18T16:30:00Z,2025-01-18,2025-01-18_18,100.0,0,100,0,138.4914130434783,111.31967391304352,0.07547705314009662,0.0,0.002,True,True,False,False,4313.25,0.0,0.0,186.90086215558995,0.0,-0.1209831387286722,4500.029879016861
2025-01-18T16:30:00Z,2025-01-18T16:45:00Z,2025-01-18,2025-01-18_18,100.0,0,100,0,111.31967391304352,84.14576086956527,0.07548309178743963,0.0,0.0,True,True,False,False,4313.25,0.0,0.0,186.90086215558995,0.0,0.0,4500.1508621555895
2025-01-18T16:45:00Z,2025-01-18T17:00:00Z,2025-01-18,2025-01-18_18,100.0,0,100,0,84.14576086956527,57.02619565217397,0.07533212560386472,0.0,0.05,True,True,False,False,4313.25,0.0,0.0,186.90086215558995,0.0,-3.024578468216805,4497.126283687373
2025-01-18T17:00:00Z,2025-01-18T17:15:00Z,2025-01-18,2025-01-18_19,0.0,100,100,0,57.02619565217397,56.889033043478314,0.00043722946859903384,0.1355,0.011,True,True,False,False,0.0,0.0,201.97351232942782,186.90086215558995,18.51725316023232,-0.665407263007697,406.7262203822424
2025-01-18T17:15:00Z,2025-01-18T17:30:00Z,2025-01-18,2025-01-18_19,0.0,100,100,0,56.889033043478314,57.51555304347831,0.0017403333333333335,0.0,0.681,True,True,False,False,0.0,0.0,201.97351232942782,186.90086215558995,0.0,-41.194758737112885,347.6796157479049
2025-01-18T17:30:00Z,2025-01-18T17:45:00Z,2025-01-18,2025-01-18_19,0.0,100,100,0,57.51555304347831,57.62002434782614,0.0004713574879227053,0.03,0.149,True,True,False,False,0.0,0.0,201.97351232942782,186.90086215558995,4.099760847283908,-9.013243835286078,383.9608914970156
2025-01-18T17:45:00Z,2025-01-18T18:00:00Z,2025-01-18,2025-01-18_19,0.0,100,100,0,57.62002434782614,57.72487043478266,0.00044220531400966185,0.025,0.1435,True,True,False,False,0.0,0.0,201.97351232942782,186.90086215558995,3.4164673727365904,-8.680540203782229,383.6103016539721
2025-01-18T18:00:00Z,2025-01-18T18:15:00Z,2025-01-18,2025-01-18_20,39.0,61,100,0,57.72487043478266,47.08317074782614,0.029706812463768113,0.08296,0.047,True,True,False,False,1636.5375,0.0,123.20384252095099,186.90086215558995,11.337205329689102,-2.8431037601237965,1955.1363062461062
2025-01-18T18:15:00Z,2025-01-18T18:30:00Z,2025-01-18,2025-01-18_20,39.0,61,100,0,47.08317074782614,36.30726077391309,0.029951789927536235,0.169275,0.006,True,True,False,False,1636.5375,0.0,123.20384252095099,186.90086215558995,23.132900580799454,-0.36294941618601656,1969.4121558411543
2025-01-18T18:30:00Z,2025-01-18T18:45:00Z,2025-01-18,2025-01-18_20,39.0,61,100,0,36.30726077391309,25.04535883478266,0.0312955320531401,0.6145750000000001,0.004,True,True,False,False,1636.5375,0.0,123.20384252095099,186.90086215558995,83.9870174239836,-0.2419662774573444,2030.387255823067
2025-01-18T18:45:00Z,2025-01-18T19:00:00Z,2025-01-18,2025-01-18_20,39.0,61,100,0,25.04535883478266,14.097976504347876,0.030453044251207727,0.33428,0.014000000000000002,True,True,False,False,1636.5375,0.0,123.20384252095099,186.90086215558995,45.6822685343355,-0.8468819711007054,1991.4775912397756
2025-01-18T19:00:00Z,2025-01-18T19:15:00Z,2025-01-18,2025-01-18_21,14.75954009484679,85,100,0,14.097976504347876,10.138786004608965,0.012123967286754947,0.177225,0.2585,True,True,False,False,576.0648499018702,0.0,171.67748548001364,186.90086215558995,24.219337205329687,-15.63707068068088,943.2254640621226
2025-01-18T19:15:00Z,2025-01-18T19:30:00Z,2025-01-18,2025-01-18_21,14.75954009484679,85,100,0,10.138786004608965,10.79032207750076,0.01969284127935241,0.0,4.9355,True,True,False,False,576.0648499018702,0.0,171.67748548001364,186.90086215558995,0.0,-162.4214836511988,772.221713886275
2025-01-18T19:30:00Z,2025-01-18T19:45:00Z,2025-01-18,2025-01-18_21,14.75954009484679,85,100,0,10.79032207750076,11.305357379258714,0.0194424619358469,0.0,4.791,True,True,False,False,576.0648499018702,0.0,171.67748548001364,186.90086215558995,0.0,-196.17209208384415,738.4711054536297
2025-01-18T19:45:00Z,2025-01-18T20:00:00Z,2025-01-18,2025-01-18_21,14.75954009484679,85,100,0,11.305357379258714,10.095948683059422,0.016279365108377665,0.0,2.9655,True,True,False,False,576.0648499018702,0.0,171.67748548001364,186.90086215558995,0.0,-141.73062501256052,792.9125725249132
2025-01-18T20:00:00Z,2025-01-18T20:15:00Z,2025-01-18,2025-01-18_22,0.9881037409950142,99,100,0,10.095948683059422,10.000000000000037,0.001364676062339836,0.025244999999999997,0.217,True,True,False,False,35.42845963337623,0.0,192.49281537008378,186.90086215558995,3.449948752989408,-13.126670552060933,405.1454153599784
2025-01-18T20:15:00Z,2025-01-18T20:30:00Z,2025-01-18,2025-01-18_22,0.9881037409950142,99,100,0,10.000000000000037,10.000000000000037,0.0014802278490721223,0.00099,0.2925,True,True,False,False,35.42845963337623,0.0,192.49281537008378,186.90086215558995,0.13529210796036897,-17.693784039068305,397.263645227942
2025-01-18T20:30:00Z,2025-01-18T20:45:00Z,2025-01-18,2025-01-18_22,0.9881037409950142,99,100,0,10.000000000000037,11.998749332683223,0.006914726404731928,0.00297,2.4635,True,True,False,False,35.42845963337623,0.0,192.49281537008378,186.90086215558995,0.3680743162041038,-128.35756355634155,286.8326479189125
2025-01-18T20:45:00Z,2025-01-18T21:00:00Z,2025-01-18,2025-01-18_22,0.9881037409950142,99,100,0,11.998749332683223,20.335686164185855,0.024092739320309538,0.0,9.337,True,True,False,False,35.42845963337623,0.0,192.49281537008378,186.90086215558995,0.0,-246.78997568279107,168.0321614762589
2025-01-18T21:00:00Z,2025-01-18T21:15:00Z,2025-01-18,2025-01-18_23,0.0,100,100,0,20.335686164185855,22.701466164185856,0.006571611111111111,0.0,2.5715,True,True,False,False,0.0,0.0,194.43718724250888,186.90086215558995,0.0,-115.8676277658313,265.4704216322675
2025-01-18T21:15:00Z,2025-01-18T21:30:00Z,2025-01-18,2025-01-18_23,0.0,100,100,0,22.701466164185856,26.214486164185857,0.00975838888888889,0.0,3.8185,True,True,False,False,0.0,0.0,194.43718724250888,186.90086215558995,0.0,-162.6179581583231,218.72009123977574
2025-01-18T21:30:00Z,2025-01-18T21:45:00Z,2025-01-18,2025-01-18_23,0.0,100,100,0,26.214486164185857,28.209966164185857,0.005543,0.0,2.169,True,True,False,False,0.0,0.0,194.43718724250888,186.90086215558995,0.0,-112.81293353966116,268.5251158584377
2025-01-18T21:45:00Z,2025-01-18T22:00:00Z,2025-01-18,2025-01-18_23,0.0,100,100,0,28.209966164185857,30.702670512011945,0.007041932367149758,0.0195,2.7325,True,True,False,False,0.0,0.0,194.43718724250888,186.90086215558995,2.5884771599107697,-119.80353252677907,264.1229940312305
2025-01-18T22:00:00Z,2025-01-18T22:15:00Z,2025-01-19,2025-01-18_24,0.0,100,100,0,30.702670512011945,31.343874859838035,0.001898876811594203,0.0195,0.72,True,True,False,False,0.0,0.0,196.939247171366,189.91539219035752,2.32118933258305,-20.909359110914604,368.26646958339194
2025-01-18T22:15:00Z,2025-01-18T22:30:00Z,2025-01-19,2025-01-18_24,0.0,100,100,0,31.343874859838035,32.173714859838036,0.002305111111111111,0.0,0.902,True,True,False,False,0.0,0.0,196.939247171366,189.91539219035752,0.0,-23.791634478184854,363.06300488353867
2025-01-18T22:30:00Z,2025-01-18T22:45:00Z,2025-01-19,2025-01-18_24,0.0,100,100,0,32.173714859838036,34.51603485983804,0.006506444444444444,0.0,2.546,True,True,False,False,0.0,0.0,196.939247171366,189.91539219035752,0.0,912.636031672662,1299.4906710343855
2025-01-18T22:45:00Z,2025-01-18T23:00:00Z,2025-01-19,2025-01-18_24,0.0,100,100,0,34.51603485983804,52.94915485983804,0.051203111111111116,0.0,20.036,True,True,False,False,0.0,0.0,196.939247171366,189.91539219035752,0.0,7980.61675676762,8367.471396129344
2025-01-18T23:00:00Z,2025-01-18T23:15:00Z,2025-01-19,2025-01-19_1,0.0,100,100,0,52.94915485983804,57.48107485983804,0.012588666666666668,0.0,4.926,True,True,False,False,0.0,0.0,196.939247171366,189.91539219035752,0.0,668.9109833396973,1055.7656227014209
2025-01-18T23:15:00Z,2025-01-18T23:30:00Z,2025-01-19,2025-01-19_1,0.0,100,100,0,57.48107485983804,59.40939485983804,0.005356444444444445,0.0,2.096,True,True,False,False,0.0,0.0,196.939247171366,189.91539219035752,0.0,-41.56869390462027,345.28594545710325
2025-01-18T23:30:00Z,2025-01-18T23:45:00Z,2025-01-19,2025-01-19_1,0.0,100,100,0,59.40939485983804,64.26331485983803,0.013483111111111112,0.0,5.276,True,True,False,False,0.0,0.0,196.939247171366,189.91539219035752,0.0,-76.24270101891115,310.6119383428124
2025-01-18T23:45:00Z,2025-01-19T00:00:00Z,2025-01-19,2025-01-19_1,0.0,100,100,0,64.26331485983803,65.89907485983804,0.004543777777777778,0.0,1.778,True,True,False,False,0.0,0.0,196.939247171366,189.91539219035752,0.0,-46.26394662272151,340.590692739002
2025-01-19T00:00:00Z,2025-01-19T00:15:00Z,2025-01-19,2025-01-19_2,0.0,100,100,0,65.89907485983804,67.03389485983804,0.003152277777777778,0.0,1.2335,True,True,False,False,0.0,0.0,196.939247171366,189.91539219035752,0.0,-29.916446672963687,356.93819268875984
2025-01-19T00:15:00Z,2025-01-19T00:30:00Z,2025-01-19,2025-01-19_2,0.0,100,100,0,67.03389485983804,70.52023485983804,0.009684277777777778,0.0,3.7895,True,True,False,False,0.0,0.0,196.939247171366,189.91539219035752,0.0,-71.93112090275126,314.92351845897224
2025-01-19T00:30:00Z,2025-01-19T00:45:00Z,2025-01-19,2025-01-19_2,0.0,100,100,0,70.52023485983804,81.76999485983804,0.031249333333333334,0.0,12.228,True,True,False,False,0.0,0.0,196.939247171366,189.91539219035752,0.0,257.574628107478,644.4292674692015
2025-01-19T00:45:00Z,2025-01-19T01:00:00Z,2025-01-19,2025-01-19_2,0.0,100,100,0,81.76999485983804,86.37781485983804,0.0127995,0.0,5.0085,True,True,False,False,0.0,0.0,196.939247171366,189.91539219035752,0.0,-4.722740006832934,382.1318993548906
2025-01-19T01:00:00Z,2025-01-19T01:15:00Z,2025-01-19,2025-01-19_3,0.0,100,100,0,86.37781485983804,93.59375138157718,0.02004728743961353,0.0005,7.844000000000001,True,True,False,False,0.0,0.0,196.939247171366,189.91539219035752,0.030145300347675798,162.59444361823992,549.4792282803111
2025-01-19T01:15:00Z,2025-01-19T01:30:00Z,2025-01-19,2025-01-19_3,0.0,100,100,0,93.59375138157718,95.56000094679456,0.005470862318840579,0.0015,2.139,True,True,False,False,0.0,0.0,196.939247171366,189.91539219035752,0.09043590104302739,-37.32922325609437,349.6158520066722
2025-01-19T01:30:00Z,2025-01-19T01:45:00Z,2025-01-19,2025-01-19_3,0.0,100,100,0,95.56000094679456,95.776502685925,0.0007734951690821257,0.028499999999999998,0.269,True,True,False,False,0.0,0.0,196.939247171366,189.91539219035752,3.742034707289133,-8.864744468337387,381.73192960067524
2025-01-19T01:45:00Z,2025-01-19T02:00:00Z,2025-01-19,2025-01-19_3,0.0,100,100,0,95.776502685925,96.01526355549022,0.0010617753623188408,0.066,0.3375,True,True,False,False,0.0,0.0,196.939247171366,189.91539219035752,8.561271327799997,-8.495932896561426,386.9199777929621
2025-01-19T02:00:00Z,2025-01-19T02:15:00Z,2025-01-19,2025-01-19_4,0.0,100,100,0,96.01526355549022,96.75126355549023,0.0020444444444444447,0.0,0.8,True,True,False,False,0.0,0.0,199.47145240057074,186.90086215558995,0.0,-16.60001205812014,369.7723024980406
2025-01-19T02:15:00Z,2025-01-19T02:30:00Z,2025-01-19,2025-01-19_4,0.0,100,100,0,96.75126355549023,98.05766355549022,0.003628888888888889,0.0,1.42,True,True,False,False,0.0,0.0,199.47145240057074,186.90086215558995,0.0,-26.66862678108482,359.7036877750759
2025-01-19T02:30:00Z,2025-01-19T02:45:00Z,2025-01-19,2025-01-19_4,0.0,100,100,0,98.05766355549022,99.2400731207076,0.003293528985507246,0.0015,1.287,True,True,False,False,0.0,0.0,199.47145240057074,186.90086215558995,0.09043590104302739,-24.07095299342832,362.3917974637754
2025-01-19T02:45:00Z,2025-01-19T03:00:00Z,2025-01-19,2025-01-19_4,0.0,100,100,0,99.2400731207076,110.18945312070761,0.03041494444444445,0.0,11.9015,True,True,False,False,0.0,0.0,199.47145240057074,186.90086215558995,0.0,1654.7985856829923,2041.170900239153
2025-01-19T03:00:00Z,2025-01-19T03:15:00Z,2025-01-19,2025-01-19_5,0.0,100,100,0,110.18945312070761,123.96967312070761,0.038278388888888897,0.0,14.9785,True,True,False,False,0.0,0.0,199.47145240057074,186.90086215558995,0.0,1770.5538828151691,2156.9261973713296
2025-01-19T03:15:00Z,2025-01-19T03:30:00Z,2025-01-19,2025-01-19_5,0.0,100,100,0,123.96967312070761,138.6367731207076,0.04074194444444445,0.0,15.9425,True,True,False,False,0.0,0.0,199.47145240057074,186.90086215558995,0.0,1310.1627816073476,1696.5350961635083
2025-01-19T03:30:00Z,2025-01-19T03:45:00Z,2025-01-19,2025-01-19_5,0.0,100,100,0,138.6367731207076,142.5062931207076,0.010748666666666669,0.0,4.206,True,True,False,False,0.0,0.0,199.47145240057074,186.90086215558995,0.0,-52.6732631282783,333.6990514278824
2025-01-19T03:45:00Z,2025-01-19T04:00:00Z,2025-01-19,2025-01-19_5,0.0,100,100,0,142.5062931207076,150.6170131207076,0.02252977777777778,0.0,8.816,True,True,False,False,0.0,0.0,199.47145240057074,186.90086215558995,0.0,57.8242713880906,444.1965859442513
2025-01-19T04:00:00Z,2025-01-19T04:15:00Z,2025-01-19,2025-01-19_6,0.0,100,100,0,150.6170131207076,154.29296007722937,0.010274369565217392,0.0105,4.008,True,True,False,False,0.0,0.0,199.47145240057074,186.90086215558995,0.9385238851263089,-34.90396993508712,352.4068685061999
2025-01-19T04:15:00Z,2025-01-19T04:30:00Z,2025-01-19,2025-01-19_6,0.0,100,100,0,154.29296007722937,154.36972877288153,0.0016293091787439613,0.2345,0.3605,True,True,False,False,0.0,0.0,199.47145240057074,186.90086215558995,28.724470949978897,-9.447955947667758,405.64882955847185
2025-01-19T04:30:00Z,2025-01-19T04:45:00Z,2025-01-19,2025-01-19_6,0.0,100,100,0,154.36972877288153,153.7643931207076,0.0019779323671497585,0.606,0.058,True,True,False,False,0.0,0.0,199.47145240057074,186.90086215558995,74.87282903595329,-1.9385397616511588,459.3066038304628
2025-01-19T04:45:00Z,2025-01-19T05:00:00Z,2025-01-19,2025-01-19_6,0.0,100,100,0,153.7643931207076,153.85983572940327,0.0013218816425120774,0.175,0.3105,True,True,False,False,0.0,0.0,199.47145240057074,186.90086215558995,22.31154163065978,-8.743720934906248,399.9401352519142
2025-01-19T05:00:00Z,2025-01-19T05:15:00Z,2025-01-19,2025-01-19_7,0.0,100,100,0,153.85983572940327,151.59604964244676,0.0064774057971014485,2.114,0.037,True,True,False,False,0.0,0.0,199.47145240057074,186.90086215558995,407.92990333407016,-1.7126525854619263,792.5895653047689
2025-01-19T05:15:00Z,2025-01-19T05:30:00Z,2025-01-19,2025-01-19_7,0.0,100,100,0,151.59604964244676,149.90340790331632,0.004709449275362318,1.5585,0.0015,True,True,False,False,0.0,0.0,199.47145240057074,186.90086215558995,246.10136658694907,-0.08742137100825981,632.3862597721015
2025-01-19T05:30:00Z,2025-01-19T05:45:00Z,2025-01-19,2025-01-19_7,0.0,100,100,0,149.90340790331632,149.884482685925,0.0010977922705314009,0.1905,0.2045,True,True,False,False,0.0,0.0,199.47145240057074,186.90086215558995,26.033481380252816,-6.95412608774292,405.4516698486706
2025-01-19T05:45:00Z,2025-01-19T06:00:00Z,2025-01-19,2025-01-19_7,0.0,100,100,0,149.884482685925,150.25282181635978,0.0011107246376811594,0.0145,0.4175,True,True,False,False,0.0,0.0,199.47145240057074,186.90086215558995,1.9815510761872224,-16.042944492453625,372.3109211398943
2025-01-19T06:00:00Z,2025-01-19T06:15:00Z,2025-01-19,2025-01-19_8,0.0,100,100,0,150.25282181635978,150.31236355549024,0.0008236062801932367,0.109,0.1935,True,True,False,False,0.0,0.0,199.47145240057074,186.90086215558995,14.895797745131533,-8.379192809341024,392.8889194919512
2025-01-19T06:15:00Z,2025-01-19T06:30:00Z,2025-01-19,2025-01-19_8,0.0,100,100,0,150.31236355549024,149.0501565989685,0.0035137971014492756,1.1625,0.0015,True,True,False,False,0.0,0.0,199.47145240057074,186.90086215558995,165.26451747422578,-0.08742137100825981,551.5494106593782
2025-01-19T06:30:00Z,2025-01-19T06:45:00Z,2025-01-19,2025-01-19_8,0.0,100,100,0,149.0501565989685,145.57896094679458,0.009642210144927535,3.1935,0.0,True,True,False,False,0.0,0.0,199.47145240057074,186.90086215558995,553.4370991177474,0.0,939.809413673908
2025-01-19T06:45:00Z,2025-01-19T07:00:00Z,2025-01-19,2025-01-19_8,0.0,100,100,0,145.57896094679458,143.77243920766415,0.005018115942028985,1.662,0.0,True,True,False,False,0.0,0.0,199.47145240057074,186.90086215558995,267.671882071585,0.0,654.0441966277457
2025-01-19T07:00:00Z,2025-01-19T07:15:00Z,2025-01-19,2025-01-19_9,0.0,100,100,0,143.77243920766415,145.427742685925,0.004872823671497585,0.0455,1.8530000000000002,True,True,False,False,0.0,0.0,197.96418738318695,183.88633212082235,6.217970618380594,-41.63300990775539,346.4354802146345
2025-01-19T07:15:00Z,2025-01-19T07:30:00Z,2025-01-19,2025-01-19_9,0.0,100,100,0,145.427742685925,146.23355746853372,0.0026248478260869567,0.064,0.9515000000000001,True,True,False,False,0.0,0.0,197.96418738318695,183.88633212082235,8.746156474205671,-25.32865119877811,365.26802477943687
2025-01-19T07:30:00Z,2025-01-19T07:45:00Z,2025-01-19,2025-01-19_9,0.0,100,100,0,146.23355746853372,146.45286007722936,0.0007631594202898551,0.025499999999999995,0.2685,True,True,False,False,0.0,0.0,197.96418738318695,183.88633212082235,3.484796720191321,-10.450773930344258,374.8845422938564
2025-01-19T07:45:00Z,2025-01-19T08:00:00Z,2025-01-19,2025-01-19_9,0.0,100,100,0,146.45286007722936,146.93544964244674,0.0014884734299516907,0.0245,0.5535,True,True,False,False,0.0,0.0,197.96418738318695,183.88633212082235,3.3481380252818584,-17.52169718040957,367.6769603488816
2025-01-19T08:00:00Z,2025-01-19T08:15:00Z,2025-01-19,2025-01-19_10,0.0,100,100,0,146.93544964244674,142.17249312070763,0.013294323671497582,4.3925,0.0125,True,True,False,False,0.0,0.0,197.96418738318695,183.88633212082235,851.0004200245182,-0.7285114250688318,1232.1224281034588
2025-01-19T08:15:00Z,2025-01-19T08:30:00Z,2025-01-19,2025-01-19_10,0.0,100,100,0,142.17249312070763,140.76577485983805,0.006542328502415459,1.7305000000000001,0.5155,True,True,False,False,0.0,0.0,197.96418738318695,183.88633212082235,304.8113042866617,-13.73561606945477,672.9262077212162
2025-01-19T08:30:00Z,2025-01-19T08:45:00Z,2025-01-19,2025-01-19_10,0.0,100,100,0,140.76577485983805,145.11093485983804,0.012069888888888889,0.0,4.723,True,True,False,False,0.0,0.0,197.96418738318695,183.88633212082235,0.0,-87.2823384714323,294.568181032577
2025-01-19T08:45:00Z,2025-01-19T09:00:00Z,2025-01-19,2025-01-19_10,0.0,100,100,0,145.11093485983804,142.4411574685337,0.00975182608695652,2.843,0.457,True,True,False,False,0.0,0.0,197.96418738318695,183.88633212082235,508.0890484133523,-9.373188568902108,880.5663793484595
2025-01-19T09:00:00Z,2025-01-19T09:15:00Z,2025-01-19,2025-01-19_11,0.0,100,100,0,142.4411574685337,127.47376616418588,0.041576086956521735,13.77,0.0,True,True,False,False,0.0,0.0,197.96418738318695,183.88633212082235,6441.957396651861,0.0,6823.807916155871
2025-01-19T09:15:00Z,2025-01-19T09:30:00Z,2025-01-19,2025-01-19_11,0.0,100,100,0,127.47376616418588,114.97104877288153,0.03472977053140096,11.5025,0.0,True,True,False,False,0.0,0.0,197.96418738318695,183.88633212082235,2479.407229847867,0.0,2861.257749351876
2025-01-19T09:30:00Z,2025-01-19T09:45:00Z,2025-01-19,2025-01-19_11,0.0,100,100,0,114.97104877288153,105.33191833809892,0.026775362318840576,8.868,0.0,True,True,False,False,0.0,0.0,197.96418738318695,183.88633212082235,1819.5644663276994,0.0,2201.4149858317087
2025-01-19T09:45:00Z,2025-01-19T10:00:00Z,2025-01-19,2025-01-19_11,0.0,100,100,0,105.33191833809892,91.60963572940327,0.03811745169082125,12.6245,0.0,True,True,False,False,0.0,0.0,197.96418738318695,183.88633212082235,2669.092650274322,0.0,3050.943169778331
2025-01-19T10:00:00Z,2025-01-19T10:15:00Z,2025-01-19,2025-01-19_12,0.0,100,100,0,91.60963572940327,88.77247312070762,0.007937229468599033,2.6195,0.011,True,True,False,False,0.0,0.0,197.96418738318695,183.88633212082235,477.51823037038525,-0.5596981450591852,858.8090517293354
2025-01-19T10:15:00Z,2025-01-19T10:30:00Z,2025-01-19,2025-01-19_12,0.0,100,100,0,88.77247312070762,85.40182094679457,0.00936292270531401,3.101,0.0,True,True,False,False,0.0,0.0,197.96418738318695,183.88633212082235,583.908347434635,0.0,965.7588669386442
2025-01-19T10:30:00Z,2025-01-19T10:45:00Z,2025-01-19,2025-01-19_12,0.0,100,100,0,85.40182094679457,77.13388616418588,0.022966485507246375,7.6065,0.0,True,True,False,False,0.0,0.0,197.96418738318695,183.88633212082235,1539.3046538314675,0.0,1921.1551733354768
2025-01-19T10:45:00Z,2025-01-19T11:00:00Z,2025-01-19,2025-01-19_12,0.0,100,100,0,77.13388616418588,56.56432094679458,0.05713768115942029,18.924,0.0,True,True,False,False,0.0,0.0,197.96418738318695,183.88633212082235,14055.748802025762,0.0,14437.599321529771
2025-01-19T11:00:00Z,2025-01-19T11:15:00Z,2025-01-19,2025-01-19_13,-100.0,100,0,0,56.56432094679458,69.98160094679459,0.03727022222222222,10.416,0.0,True,True,False,False,-2806.25,0.0,197.96418738318695,0.0,2101.1039064289876,0.0,-507.18190618782546
2025-01-19T11:15:00Z,2025-01-19T11:30:00Z,2025-01-19,2025-01-19_13,-100.0,100,0,0,69.98160094679459,78.85316094679459,0.024643222222222223,15.357,0.0,True,True,False,False,-2806.25,0.0,197.96418738318695,0.0,7770.254981008459,0.0,5161.969168391646
2025-01-19T11:30:00Z,2025-01-19T11:45:00Z,2025-01-19,2025-01-19_13,-100.0,100,0,0,78.85316094679459,82.90116094679459,0.011244444444444442,20.6,0.0,True,True,False,False,-2806.25,0.0,197.96418738318695,0.0,15243.07679012842,0.0,12634.790977511606
2025-01-19T11:45:00Z,2025-01-19T12:00:00Z,2025-01-19,2025-01-19_13,-100.0,100,0,0,82.90116094679459,102.2979809467946,0.05388005555555556,3.9164999999999996,0.0,True,True,False,False,-2806.25,0.0,197.96418738318695,0.0,734.5836168331356,0.0,-1873.7021957836776
2025-01-19T12:00:00Z,2025-01-19T12:15:00Z,2025-01-19,2025-01-19_14,-95.00000000000053,100,5,0,102.2979809467946,124.12136842505559,0.06063139033816459,0.036,0.0074,True,True,False,False,-2553.3625000000143,0.0,197.96418738318695,9.60881448582166,4.9197130167406895,-0.3501582025362246,-2341.219943316801
2025-01-19T12:15:00Z,2025-01-19T12:30:00Z,2025-01-19,2025-01-19_14,-95.00000000000053,100,5,0,124.12136842505559,145.82815616418614,0.060343734057971346,0.156,0.0017500000000000003,True,True,False,False,-2553.3625000000143,0.0,197.96418738318695,9.60881448582166,21.31875640587632,-0.10199159950963646,-2324.572733324639
2025-01-19T12:30:00Z,2025-01-19T12:45:00Z,2025-01-19,2025-01-19_14,-95.00000000000053,100,5,0,145.82815616418614,164.93290829462106,0.05396187185990363,2.958,0.0008750000000000001,True,True,False,False,-2553.3625000000143,0.0,197.96418738318695,9.60881448582166,552.0835121284592,-0.049187031491790434,-1793.7551730340383
2025-01-19T12:45:00Z,2025-01-19T13:00:00Z,2025-01-19,2025-01-19_14,-95.00000000000053,100,5,0,164.93290829462106,185.5007742511429,0.05755053345410657,1.383,0.0019249999999999998,True,True,False,False,-2553.3625000000143,0.0,197.96418738318695,9.60881448582166,218.1467861090456,-0.14883226150043205,-2127.7915442834606
2025-01-19T13:00:00Z,2025-01-19T13:15:00Z,2025-01-19,2025-01-19_15,-8.999999999999089,100,91,0,185.5007742511429,187.80520196418618,0.006489110797100868,0.016,0.273455,True,True,False,False,-262.8224999999734,0.0,197.96418738318695,174.88042364195422,2.186539118551418,-15.434306013987419,96.77434412973179
2025-01-19T13:15:00Z,2025-01-19T13:30:00Z,2025-01-19,2025-01-19_15,-8.999999999999089,100,91,0,187.80520196418618,189.80115260766425,0.006258679323670921,0.13,0.07098,True,True,False,False,-262.8224999999734,0.0,197.96418738318695,174.88042364195422,17.76563033823027,-3.51955754335899,124.26818382003907
2025-01-19T13:30:00Z,2025-01-19T13:45:00Z,2025-01-19,2025-01-19_15,-8.999999999999089,100,91,0,189.80115260766425,189.7226949207075,0.010929012463767637,2.0285,0.02821,True,True,False,False,-262.8224999999734,0.0,197.96418738318695,174.88042364195422,403.874884041078,-1.6788518840812716,512.2181431821646
2025-01-19T13:45:00Z,2025-01-19T14:00:00Z,2025-01-19,2025-01-19_15,-8.999999999999089,100,91,0,189.7226949207075,167.01716678157683,0.06393893149758513,23.113,0.0,True,True,False,False,-262.8224999999734,0.0,197.96418738318695,174.88042364195422,22781.008712192765,0.0,22891.030823217934
2025-01-19T14:00:00Z,2025-01-19T14:15:00Z,2025-01-19,2025-01-19_16,-24.53345429223732,0,0,0,167.01716678157683,172.65986126879142,0.015674151353373845,0.0,0.0,True,False,False,False,-780.6545155789915,0.0,0.0,0.0,0.0,0.0,-780.6545155789915
2025-01-19T14:15:00Z,2025-01-19T14:30:00Z,2025-01-19,2025-01-19_16,-24.53345429223732,0,0,0,172.65986126879142,178.302555756006,0.015674151353373845,0.0,0.0,True,False,False,False,-780.6545155789915,0.0,0.0,0.0,0.0,0.0,-780.6545155789915
2025-01-19T14:30:00Z,2025-01-19T14:45:00Z,2025-01-19,2025-01-19_16,-24.53345429223732,0,0,0,178.302555756006,183.94525024322058,0.015674151353373845,0.0,0.0,True,False,False,False,-780.6545155789915,0.0,0.0,0.0,0.0,0.0,-780.6545155789915
2025-01-19T14:45:00Z,2025-01-19T15:00:00Z,2025-01-19,2025-01-19_16,-24.53345429223732,0,0,0,183.94525024322058,189.58794473043517,0.015674151353373845,0.0,0.0,True,False,False,False,-780.6545155789915,0.0,0.0,0.0,0.0,0.0,-780.6545155789915
2025-01-19T15:00:00Z,2025-01-19T15:15:00Z,2025-01-19,2025-01-19_17,0.0,100,100,0,189.58794473043517,182.32381429565257,0.020178140096618356,6.683,0.0,True,True,False,False,0.0,0.0,201.97351232942782,192.17628971643322,2861.7420171225303,0.0,3255.8918191683915
2025-01-19T15:15:00Z,2025-01-19T15:30:00Z,2025-01-19,2025-01-19_17,0.0,100,100,0,182.32381429565257,179.61039777391343,0.007598601449275362,2.5065,0.012,True,True,False,False,0.0,0.0,201.97351232942782,192.17628971643322,462.221791635684,-0.6541530175445648,855.7174406640005
2025-01-19T15:30:00Z,2025-01-19T15:45:00Z,2025-01-19,2025-01-19_17,0.0,100,100,0,179.61039777391343,162.66202820869606,0.047078804347826075,15.592499999999998,0.0,True,True,False,False,0.0,0.0,201.97351232942782,192.17628971643322,11429.008881307902,0.0,11823.158683353762
2025-01-19T15:45:00Z,2025-01-19T16:00:00Z,2025-01-19,2025-01-19_17,0.0,100,100,0,162.66202820869606,140.1326803826091,0.06258152173913042,20.727,0.0,True,True,False,False,0.0,0.0,201.97351232942782,192.17628971643322,21483.592358769263,0.0,21877.742160815123
2025-01-19T16:00:00Z,2025-01-19T16:15:00Z,2025-01-19,2025-01-19_18,0.0,100,100,0,140.1326803826091,138.03506386086994,0.005836934782608695,1.9314999999999998,0.002,True,True,False,False,0.0,0.0,201.97351232942782,186.90086215558995,345.0979790590646,-0.12058120139070319,733.8517723426917
2025-01-19T16:15:00Z,2025-01-19T16:30:00Z,2025-01-19,2025-01-19_18,0.0,100,100,0,138.03506386086994,138.01840038260906,0.0003733985507246377,0.0695,0.064,True,True,False,False,0.0,0.0,201.97351232942782,186.90086215558995,9.497779296207721,-3.858598444502502,394.51355533672296
2025-01-19T16:30:00Z,2025-01-19T16:45:00Z,2025-01-19,2025-01-19_18,0.0,100,100,0,138.01840038260906,137.8744369043482,0.000714231884057971,0.1845,0.0615,True,True,False,False,0.0,0.0,201.97351232942782,186.90086215558995,25.213529210796036,-3.70184047107056,410.3860632247432
2025-01-19T16:45:00Z,2025-01-19T17:00:00Z,2025-01-19,2025-01-19_18,0.0,100,100,0,137.8744369043482,137.75763516521775,0.0004062270531400966,0.121,0.016,True,True,False,False,0.0,0.0,201.97351232942782,186.90086215558995,16.535702084045095,-0.9646496111256255,404.44542695793723
2025-01-19T17:00:00Z,2025-01-19T17:15:00Z,2025-01-19,2025-01-19_19,8.000000000000696,92,100,0,137.75763516521775,135.69115878260885,0.006414981062802453,0.02438,0.1435,True,True,False,False,339.62000000002956,0.0,185.8156313430736,186.90086215558995,3.3317389818927223,-7.7704677545770595,707.8977647260087
2025-01-19T17:15:00Z,2025-01-19T17:30:00Z,2025-01-19,2025-01-19_19,8.000000000000696,92,100,0,135.69115878260885,133.52071433043474,0.006419296811594726,0.06808,0.083,True,True,False,False,339.62000000002956,0.0,185.8156313430736,186.90086215558995,9.303723949436282,-4.512748648485701,717.1274687996437
2025-01-19T17:30:00Z,2025-01-19T17:45:00Z,2025-01-19,2025-01-19_19,8.000000000000696,92,100,0,133.52071433043474,131.35047015652154,0.0064751671497589765,0.0782,0.095,True,True,False,False,339.62000000002956,0.0,185.8156313430736,186.90086215558995,10.686709941920055,-5.264377298579152,717.758826142034
2025-01-19T17:45:00Z,2025-01-19T18:00:00Z,2025-01-19,2025-01-19_19,8.000000000000696,92,100,0,131.35047015652154,129.18375826086915,0.006251404154589895,0.03588,0.0495,True,True,False,False,339.62000000002956,0.0,185.8156313430736,186.90086215558995,4.903313973351555,-2.9622803914869675,714.2775270805577
2025-01-19T18:00:00Z,2025-01-19T18:15:00Z,2025-01-19,2025-01-19_20,100.0,0,100,0,129.18375826086915,102.05441043478221,0.0753592995169082,0.0,0.041,True,True,False,False,4250.0,0.0,0.0,186.90086215558995,0.0,-2.4636749130810505,4434.437187242509
2025-01-19T18:15:00Z,2025-01-19T18:30:00Z,2025-01-19,2025-01-19_20,100.0,0,100,0,102.05441043478221,74.95821478260831,0.07526721014492753,0.0,0.0715,True,True,False,False,4250.0,0.0,0.0,186.90086215558995,0.0,-4.296408689885246,4432.604453465705
2025-01-19T18:30:00Z,2025-01-19T18:45:00Z,2025-01-19,2025-01-19_20,100.0,0,100,0,74.95821478260831,47.78430173913005,0.07548309178743962,0.0,0.0,True,True,False,False,4250.0,0.0,0.0,186.90086215558995,0.0,0.0,4436.9008621555895
2025-01-19T18:45:00Z,2025-01-19T19:00:00Z,2025-01-19,2025-01-19_20,100.0,0,100,0,47.78430173913005,20.823432173912657,0.0748913043478261,0.0,0.196,True,True,False,False,4250.0,0.0,0.0,186.90086215558995,0.0,-8.146256154665487,4428.7546060009245
2025-01-19T19:00:00Z,2025-01-19T19:15:00Z,2025-01-19,2025-01-19_21,0.0,100,100,0,20.823432173912657,20.834173043477875,0.0007061642512077295,0.11200000000000002,0.144,True,True,False,False,0.0,0.0,201.97351232942782,186.90086215558995,15.305773829859927,-5.90605759762053,398.27409071725714
2025-01-19T19:15:00Z,2025-01-19T19:30:00Z,2025-01-19,2025-01-19_21,0.0,100,100,0,20.834173043477875,22.766633043477874,0.005367944444444444,0.0,2.1005,True,True,False,False,0.0,0.0,201.97351232942782,186.90086215558995,0.0,-34.9662605759762,353.90811390904156
2025-01-19T19:30:00Z,2025-01-19T19:45:00Z,2025-01-19,2025-01-19_21,0.0,100,100,0,22.766633043477874,21.752237391303964,0.008133321256038648,1.8135,1.04,True,True,False,False,0.0,0.0,201.97351232942782,186.90086215558995,315.62677505576875,-17.71087039530537,686.7902791454811
2025-01-19T19:45:00Z,2025-01-19T20:00:00Z,2025-01-19,2025-01-19_21,0.0,100,100,0,21.752237391303964,23.187786956521354,0.0042744734299516906,0.0475,1.6164999999999998,True,True,False,False,0.0,0.0,201.97351232942782,186.90086215558995,6.491288008199521,-40.44157549388049,354.9240869993368
2025-01-19T20:00:00Z,2025-01-19T20:15:00Z,2025-01-19,2025-01-19_22,0.0,100,100,0,23.187786956521354,15.018479130434397,0.022817743961352655,7.5365,0.0245,True,True,False,False,0.0,0.0,201.97351232942782,186.90086215558995,1662.4844396993506,-0.8508997367310436,2050.507914447637
2025-01-19T20:15:00Z,2025-01-19T20:30:00Z,2025-01-19,2025-01-19_22,0.0,100,100,0,15.018479130434397,10.55271826086918,0.012404891304347826,4.1085,0.0,True,True,False,False,0.0,0.0,201.97351232942782,186.90086215558995,779.640697863703,0.0,1168.5150723487209
2025-01-19T20:30:00Z,2025-01-19T20:45:00Z,2025-01-19,2025-01-19_22,0.0,100,100,0,10.55271826086918,10.256817391303962,0.0008628357487922706,0.279,0.008,True,True,False,False,0.0,0.0,201.97351232942782,186.90086215558995,36.94407664945035,-0.4807170562109367,425.3377340782572
2025-01-19T20:45:00Z,2025-01-19T21:00:00Z,2025-01-19,2025-01-19_22,0.0,100,100,0,10.256817391303962,10.314965217390919,0.0005540338164251209,0.065,0.14,True,True,False,False,0.0,0.0,201.97351232942782,186.90086215558995,6.209936895837938,-8.11622420064712,386.9680871802086
2025-01-19T21:00:00Z,2025-01-19T21:15:00Z,2025-01-19,2025-01-19_23,0.0,100,100,0,10.314965217390919,9.999999999999615,0.0009004589371980676,0.294,0.005,True,True,False,False,0.0,0.0,201.97351232942782,186.90086215558995,38.15388412146546,-0.29140457002753267,426.73685403645567
2025-01-19T21:15:00Z,2025-01-19T21:30:00Z,2025-01-19,2025-01-19_23,0.0,100,100,0,9.999999999999615,10.301093913043093,0.0008937391304347827,0.0095,0.3385,True,True,False,False,0.0,0.0,201.97351232942782,186.90086215558995,1.260073554532848,-14.797903796298156,375.33654424325243
2025-01-19T21:30:00Z,2025-01-19T21:45:00Z,2025-01-19,2025-01-19_23,0.0,100,100,0,10.301093913043093,10.26686869565179,0.0003608478260869565,0.0755,0.052,True,True,False,False,0.0,0.0,201.97351232942782,186.90086215558995,10.317731465664503,-2.584460298639442,396.60764565204283
2025-01-19T21:45:00Z,2025-01-19T22:00:00Z,2025-01-19,2025-01-19_23,0.0,100,100,0,10.26686869565179,10.261211304347443,0.0005549371980676329,0.0945,0.1055,True,True,False,False,0.0,0.0,201.97351232942782,186.90086215558995,12.91424666894431,-5.467049478486304,396.32157167547575
2025-01-19T22:00:00Z,2025-01-19T22:15:00Z,2025-01-20,2025-01-19_24,-0.7650858698672305,15,99,0,10.261211304347443,10.163940457954704,0.0011962744306727355,0.25589999999999996,0.00297,True,True,False,False,-23.68132038706545,0.0,29.540887075704898,188.01623826845395,36.20090926264595,-0.1730943145963544,229.903619905143
2025-01-19T22:15:00Z,2025-01-19T22:30:00Z,2025-01-20,2025-01-19_24,-0.7650858698672305,15,99,0,10.163940457954704,10.343043248744975,0.0005873355617724263,0.015674999999999998,0.021779999999999997,True,True,False,False,-23.68132038706545,0.0,29.540887075704898,188.01623826845395,2.1421250427058416,-1.2604071424264955,194.75752285737275
2025-01-19T22:30:00Z,2025-01-19T22:45:00Z,2025-01-20,2025-01-19_24,-0.7650858698672305,15,99,0,10.343043248744975,10.55171902846921,0.0006260731419288636,0.0081,0.045045,True,True,False,False,-23.68132038706545,0.0,29.540887075704898,188.01623826845395,1.106935428766655,-2.6163107166542736,192.3664296692058
2025-01-19T22:45:00Z,2025-01-19T23:00:00Z,2025-01-20,2025-01-19_24,-0.7650858698672305,15,99,0,10.55171902846921,10.975421028896042,0.0012035974853664491,0.00465,0.274725,True,True,False,False,-23.68132038706545,0.0,29.540887075704898,188.01623826845395,0.6354629313290057,-9.252775985248899,185.2584919031735
2025-01-19T23:00:00Z,2025-01-19T23:15:00Z,2025-01-20,2025-01-20_1,0.0,100,100,0,10.975421028896042,11.285004507156913,0.0009263792270531401,0.011,0.3495,True,True,False,False,0.0,0.0,196.939247171366,189.91539219035752,1.5032456440040995,-13.719906650053254,374.63797835567436
2025-01-19T23:15:00Z,2025-01-19T23:30:00Z,2025-01-20,2025-01-20_1,0.0,100,100,0,11.285004507156913,11.669443637591694,0.0011554468599033817,0.0145,0.43499999999999994,True,True,False,False,0.0,0.0,196.939247171366,189.91539219035752,1.9815510761872224,-20.67725235635764,368.1589380815531
2025-01-19T23:30:00Z,2025-01-19T23:45:00Z,2025-01-20,2025-01-20_1,0.0,100,100,0,11.669443637591694,12.245823637591695,0.0016010555555555557,0.0,0.6265,True,True,False,False,0.0,0.0,196.939247171366,189.91539219035752,0.0,-23.376121505657267,363.4785178560662
2025-01-19T23:45:00Z,2025-01-20T00:00:00Z,2025-01-20,2025-01-20_1,0.0,100,100,0,12.245823637591695,14.381603637591695,0.005932722222222222,0.0,2.3215,True,True,False,False,0.0,0.0,196.939247171366,189.91539219035752,0.0,-64.04688136819469,322.8077579935288
2025-01-20T00:00:00Z,2025-01-20T00:15:00Z,2025-01-20,2025-01-20_2,0.0,100,100,0,14.381603637591695,15.06776537672213,0.002078106280193237,0.028499999999999998,0.7795,True,True,False,False,0.0,0.0,196.939247171366,189.91539219035752,3.8947728049197123,-25.093010309692716,365.65640185695054
2025-01-20T00:15:00Z,2025-01-20T00:30:00Z,2025-01-20,2025-01-20_2,0.0,100,100,0,15.06776537672213,14.34021842020039,0.0020822971014492755,0.6795,0.012,True,True,False,False,0.0,0.0,196.939247171366,189.91539219035752,92.85958319098052,-0.7210755843164051,478.99314696838763
2025-01-20T00:30:00Z,2025-01-20T00:45:00Z,2025-01-20,2025-01-20_2,0.0,100,100,0,14.34021842020039,14.167141898461258,0.0004884347826086956,0.1605,0.0015,True,True,False,False,0.0,0.0,196.939247171366,189.91539219035752,20.55908910950783,-0.08742137100825981,407.32630710022306
2025-01-20T00:45:00Z,2025-01-20T01:00:00Z,2025-01-20,2025-01-20_2,0.0,100,100,0,14.167141898461258,13.757927115852562,0.00160181884057971,0.4535,0.091,True,True,False,False,0.0,0.0,196.939247171366,189.91539219035752,61.6310318736309,-4.610222874253903,443.8754483611005
2025-01-20T01:00:00Z,2025-01-20T01:15:00Z,2025-01-20,2025-01-20_3,-10.61521583547191,100,89,0,13.757927115852562,16.086483195135,0.007102433078884308,0.11749999999999998,0.013795,True,True,False,False,-309.43354160400617,0.0,196.939247171366,169.0246990494182,14.37729707188649,-0.8289364738037339,70.07876521486077
2025-01-20T01:15:00Z,2025-01-20T01:30:00Z,2025-01-20,2025-01-20_3,-10.61521583547191,100,89,0,16.086483195135,17.160967517828887,0.009885551050620046,1.2785,0.0,True,True,False,False,-309.43354160400617,0.0,196.939247171366,169.0246990494182,184.5791819570329,0.0,241.1095865738109
2025-01-20T01:30:00Z,2025-01-20T01:45:00Z,2025-01-20,2025-01-20_3,-10.61521583547191,100,89,0,17.160967517828887,18.389956114017213,0.009534771779422578,1.134,0.0,True,True,False,False,-309.43354160400617,0.0,196.939247171366,169.0246990494182,163.11126549970857,0.0,219.64167011648658
2025-01-20T01:45:00Z,2025-01-20T02:00:00Z,2025-01-20,2025-01-20_3,-10.61521583547191,100,89,0,18.389956114017213,17.238830434782532,0.014938471832609844,3.36,0.0,True,True,False,False,-309.43354160400617,0.0,196.939247171366,169.0246990494182,573.7747462770553,0.0,630.3051508938333
2025-01-20T02:00:00Z,2025-01-20T02:15:00Z,2025-01-20,2025-01-20_4,-100.0,100,0,0,17.238830434782532,40.02079043478253,0.06328322222222223,0.23699999999999996,0.0,True,True,False,False,-2860.25,0.0,196.939247171366,0.0,32.38811069354287,0.0,-2630.9226421350913
2025-01-20T02:15:00Z,2025-01-20T02:30:00Z,2025-01-20,2025-01-20_4,-100.0,100,0,0,40.02079043478253,62.37541043478254,0.062096166666666675,0.7015,0.0,True,True,False,False,-2860.25,0.0,196.939247171366,0.0,95.86607447898872,0.0,-2567.444678349645
2025-01-20T02:30:00Z,2025-01-20T02:45:00Z,2025-01-20,2025-01-20_4,-100.0,100,0,0,62.37541043478254,79.02741043478254,0.04625555555555555,6.9,0.0,True,True,False,False,-2860.25,0.0,196.939247171366,0.0,1367.8221427279489,0.0,-1295.488610100685
2025-01-20T02:45:00Z,2025-01-20T03:00:00Z,2025-01-20,2025-01-20_4,-100.0,100,0,0,79.02741043478254,98.38283043478253,0.05376505555555555,3.9614999999999996,0.0,True,True,False,False,-2860.25,0.0,196.939247171366,0.0,721.236777266424,0.0,-1942.0739755622099
2025-01-20T03:00:00Z,2025-01-20T03:15:00Z,2025-01-20,2025-01-20_5,-100.0,100,0,0,98.38283043478253,120.32805043478254,0.06095894444444445,1.1465,0.0,True,True,False,False,-2886.25,0.0,199.47145240057074,0.0,167.66839586808416,0.0,-2519.110151731345
2025-01-20T03:15:00Z,2025-01-20T03:30:00Z,2025-01-20,2025-01-20_5,-100.0,100,0,0,120.32805043478254,142.39701043478254,0.061302666666666665,1.012,0.0,True,True,False,False,-2886.25,0.0,199.47145240057074,0.0,142.49474145380734,0.0,-2544.283806145622
2025-01-20T03:30:00Z,2025-01-20T03:45:00Z,2025-01-20,2025-01-20_5,-100.0,100,0,0,142.39701043478254,160.87153043478256,0.05131811111111111,4.919,0.0,True,True,False,False,-2886.25,0.0,199.47145240057074,0.0,950.1018002773367,0.0,-1736.6767473220925
2025-01-20T03:45:00Z,2025-01-20T04:00:00Z,2025-01-20,2025-01-20_5,-100.0,100,0,0,160.87153043478256,177.70431043478254,0.04675772222222222,6.7035,0.0,True,True,False,False,-2886.25,0.0,199.47145240057074,0.0,1263.9800261259268,0.0,-1422.7985214735024
2025-01-20T04:00:00Z,2025-01-20T04:15:00Z,2025-01-20,2025-01-20_6,0.0,100,100,0,177.70431043478254,189.23317999999995,0.0323114734299517,0.0475,12.587500000000002,True,True,False,False,0.0,0.0,199.47145240057074,189.91539219035752,6.491288008199521,4631.5721301674075,5027.450262766535
2025-01-20T04:15:00Z,2025-01-20T04:30:00Z,2025-01-20,2025-01-20_6,0.0,100,100,0,189.23317999999995,188.80380434782603,0.005452821256038647,1.1005,0.8335,True,True,False,False,0.0,0.0,199.47145240057074,189.91539219035752,184.0541408589401,-47.61497940071143,525.826006049157
2025-01-20T04:30:00Z,2025-01-20T04:45:00Z,2025-01-20,2025-01-20_6,0.0,100,100,0,188.80380434782603,182.81358695652168,0.016639492753623187,5.511,0.0,True,True,False,False,0.0,0.0,199.47145240057074,189.91539219035752,1092.997463976366,0.0,1482.3843085672943
2025-01-20T04:45:00Z,2025-01-20T05:00:00Z,2025-01-20,2025-01-20_6,0.0,100,100,0,182.81358695652168,155.98423913043473,0.07452596618357488,24.683,0.0,True,True,False,False,0.0,0.0,199.47145240057074,189.91539219035752,26877.534432564964,0.0,27266.921277155892
2025-01-20T05:00:00Z,2025-01-20T05:15:00Z,2025-01-20,2025-01-20_7,-36.97365311909256,0,0,0,155.98423913043473,164.48817934782602,0.023622056159420247,0.0,0.0,True,False,False,False,-1535.4233799031165,0.0,0.0,0.0,0.0,0.0,-1535.4233799031165
2025-01-20T05:15:00Z,2025-01-20T05:30:00Z,2025-01-20,2025-01-20_7,-36.97365311909256,0,0,0,164.48817934782602,172.9921195652173,0.023622056159420247,0.0,0.0,True,False,False,False,-1535.4233799031165,0.0,0.0,0.0,0.0,0.0,-1535.4233799031165
2025-01-20T05:30:00Z,2025-01-20T05:45:00Z,2025-01-20,2025-01-20_7,-36.97365311909256,0,0,0,172.9921195652173,181.4960597826086,0.023622056159420247,0.0,0.0,True,False,False,False,-1535.4233799031165,0.0,0.0,0.0,0.0,0.0,-1535.4233799031165
2025-01-20T05:45:00Z,2025-01-20T06:00:00Z,2025-01-20,2025-01-20_7,-36.97365311909256,0,0,0,181.4960597826086,189.9999999999999,0.023622056159420247,0.0,0.0,True,False,False,False,-1535.4233799031165,0.0,0.0,0.0,0.0,0.0,-1535.4233799031165
2025-01-20T06:00:00Z,2025-01-20T06:15:00Z,2025-01-20,2025-01-20_8,49.99855482829648,50,100,0,189.9999999999999,172.91968618796278,0.04744531614454746,3.21425,0.0,True,True,False,False,3700.893028390505,0.0,99.73572620028537,189.91539219035752,1128.4718273578649,0.0,5119.0159741390125
2025-01-20T06:15:00Z,2025-01-20T06:30:00Z,2025-01-20,2025-01-20_8,49.99855482829648,50,100,0,172.91968618796278,157.08611150636048,0.04398215189333973,2.06725,0.0,True,True,False,False,3700.893028390505,0.0,99.73572620028537,189.91539219035752,571.2600403444602,0.0,4561.804187125608
2025-01-20T06:30:00Z,2025-01-20T06:45:00Z,2025-01-20,2025-01-20_8,49.99855482829648,50,100,0,157.08611150636048,141.84927595519295,0.04232454319768756,1.51825,0.0,True,True,False,False,3700.893028390505,0.0,99.73572620028537,189.91539219035752,402.8740252014711,0.0,4393.418171982619
2025-01-20T06:45:00Z,2025-01-20T07:00:00Z,2025-01-20,2025-01-20_8,49.99855482829648,50,100,0,141.84927595519295,128.2033725043478,0.03798323406076526,0.08275,0.0305,True,True,False,False,3700.893028390505,0.0,99.73572620028537,189.91539219035752,11.308507003758114,-1.8511224100162784,4000.00153137489
2025-01-20T07:00:00Z,2025-01-20T07:15:00Z,2025-01-20,2025-01-20_9,100.0,0,100,0,128.2033725043478,101.1071768521739,0.07526721014492754,0.0,0.0715,True,True,False,False,11125.0,0.0,0.0,186.90086215558995,0.0,-4.339516469382422,11307.561345686208
2025-01-20T07:15:00Z,2025-01-20T07:30:00Z,2025-01-20,2025-01-20_9,100.0,0,100,0,101.1071768521739,74.0501116347826,0.07515851449275361,0.0,0.1075,True,True,False,False,11125.0,0.0,0.0,186.90086215558995,0.0,-6.50284370666613,11305.398018448925
2025-01-20T07:30:00Z,2025-01-20T07:45:00Z,2025-01-20,2025-01-20_9,100.0,0,100,0,74.0501116347826,46.928372504347806,0.07533816425120773,0.0,0.048,True,True,False,False,11125.0,0.0,0.0,186.90086215558995,0.0,-2.913241825599389,11308.98762032999
2025-01-20T07:45:00Z,2025-01-20T08:00:00Z,2025-01-20,2025-01-20_9,100.0,0,100,0,46.928372504347806,19.754459460869548,0.0754830917874396,0.0,0.0,True,True,False,False,11125.0,0.0,0.0,186.90086215558995,0.0,0.0,11311.90086215559
2025-01-20T08:00:00Z,2025-01-20T08:15:00Z,2025-01-20,2025-01-20_10,0.0,100,100,0,19.754459460869548,17.75337250434781,0.005558574879227053,1.841,0.0,True,True,False,False,0.0,0.0,197.96418738318695,186.90086215558995,548.9246421752848,0.0,933.7896917140617
2025-01-20T08:15:00Z,2025-01-20T08:30:00Z,2025-01-20,2025-01-20_10,0.0,100,100,0,17.75337250434781,17.39848119999998,0.0009858091787439613,0.3265,0.0,True,True,False,False,0.0,0.0,197.96418738318695,186.90086215558995,44.619063887939866,0.0,429.48411342671676
2025-01-20T08:30:00Z,2025-01-20T08:45:00Z,2025-01-20,2025-01-20_10,0.0,100,100,0,17.39848119999998,17.618753373913023,0.0009137995169082125,0.05,0.2985,True,True,False,False,0.0,0.0,197.96418738318695,186.90086215558995,6.832934745473181,-55.43663126268614,336.26135302156393
2025-01-20T08:45:00Z,2025-01-20T09:00:00Z,2025-01-20,2025-01-20_10,0.0,100,100,0,17.618753373913023,17.494012504347808,0.0005049468599033816,0.141,0.031,True,True,False,False,0.0,0.0,197.96418738318695,186.90086215558995,19.268875982234366,-1.8814686790329387,402.2524568419783
2025-01-20T09:00:00Z,2025-01-20T09:15:00Z,2025-01-20,2025-01-20_11,0.0,100,100,0,17.494012504347808,10.714121199999983,0.01883303140096618,6.2375,0.0,True,True,False,False,0.0,0.0,197.96418738318695,196.939247171366,1965.1403012520348,0.0,2360.043735806588
2025-01-20T09:15:00Z,2025-01-20T09:30:00Z,2025-01-20,2025-01-20_11,0.0,100,100,0,10.714121199999983,10.170854243478244,0.0015525193236714976,0.507,0.0085,True,True,False,False,0.0,0.0,197.96418738318695,196.939247171366,79.16715488655318,-0.4953877690468056,473.57520167205934
2025-01-20T09:30:00Z,2025-01-20T09:45:00Z,2025-01-20,2025-01-20_11,0.0,100,100,0,10.170854243478244,11.453056852173896,0.003854548309178744,0.0485,1.451,True,True,False,False,0.0,0.0,197.96418738318695,196.939247171366,6.627946703108985,-28.77971703611407,372.75166422154786
2025-01-20T09:45:00Z,2025-01-20T10:00:00Z,2025-01-20,2025-01-20_11,0.0,100,100,0,11.453056852173896,17.294596852173896,0.0162265,0.0,6.3495,True,True,False,False,0.0,0.0,197.96418738318695,196.939247171366,0.0,-127.46979501195763,267.4336395425953
2025-01-20T10:00:00Z,2025-01-20T10:15:00Z,2025-01-20,2025-01-20_12,-19.0,100,81,0,17.294596852173896,17.981054965217375,0.022281556352657005,4.1655,0.7739550000000001,True,True,False,False,-909.53,0.0,197.96418738318695,159.52079020880646,1140.2255739665186,-24.78805572559738,563.3924958329146
2025-01-20T10:15:00Z,2025-01-20T10:30:00Z,2025-01-20,2025-01-20_12,-19.0,100,81,0,17.981054965217375,12.872408530434768,0.02974545676328503,8.9825,0.0,True,True,False,False,-909.53,0.0,197.96418738318695,159.52079020880646,2700.1529667999757,0.0,2148.1079443919693
2025-01-20T10:30:00Z,2025-01-20T10:45:00Z,2025-01-20,2025-01-20_12,-19.0,100,81,0,12.872408530434768,15.123839799999985,0.01608794314009662,2.0105,0.0032400000000000003,True,True,False,False,-909.53,0.0,197.96418738318695,159.52079020880646,430.62494603991234,-0.19859723869048818,-121.6186736067847
2025-01-20T10:45:00Z,2025-01-20T11:00:00Z,2025-01-20,2025-01-20_12,-19.0,100,81,0,15.123839799999985,17.313371678260854,0.016392902560386474,2.108,0.04778999999999999,True,True,False,False,-909.53,0.0,197.96418738318695,159.52079020880646,478.394711308507,-2.9293092706847,-76.57962037018426
2025-01-20T11:00:00Z,2025-01-20T11:15:00Z,2025-01-20,2025-01-20_13,-81.0,100,19,0,17.313371678260854,35.95088719130433,0.05180185468599034,0.027,0.0361,True,True,False,False,-3614.4225,0.0,197.96418738318695,37.41845696255954,2.2387931831427483,-2.2127655298538955,-3379.0138280009646
2025-01-20T11:15:00Z,2025-01-20T11:30:00Z,2025-01-20,2025-01-20_13,-81.0,100,19,0,35.95088719130433,53.040748895652165,0.04932938637681159,1.619,0.00076,True,True,False,False,-3614.4225,0.0,197.96418738318695,37.41845696255954,234.4584268172592,-0.04658453747060833,-3144.628013374465
2025-01-20T11:30:00Z,2025-01-20T11:45:00Z,2025-01-20,2025-01-20_13,-81.0,100,19,0,53.040748895652165,70.84370270434782,0.05044969053140097,0.869,0.0,True,True,False,False,-3614.4225,0.0,197.96418738318695,37.41845696255954,117.84006049156937,0.0,-3261.199795162684
2025-01-20T11:45:00Z,2025-01-20T12:00:00Z,2025-01-20,2025-01-20_13,-81.0,100,19,0,70.84370270434782,89.45438567826086,0.05175313507246377,0.0495,0.03021,True,True,False,False,-3614.4225,0.0,197.96418738318695,37.41845696255954,6.764605398018449,-1.8517353644566812,-3374.126985620692
2025-01-20T12:00:00Z,2025-01-20T12:15:00Z,2025-01-20,2025-01-20_14,-99.99999999999987,100,0,0,89.45438567826086,112.39412567826083,0.06372149999999993,0.0655,0.0,True,True,False,False,-4284.7499999999945,0.0,197.96418738318695,0.0,8.951144516569867,0.0,-4077.8346681002376
2025-01-20T12:15:00Z,2025-01-20T12:30:00Z,2025-01-20,2025-01-20_14,-99.99999999999987,100,0,0,112.39412567826083,135.1231856782608,0.06313627777777771,0.2945,0.0,True,True,False,False,-4284.7499999999945,0.0,197.96418738318695,0.0,40.24598565083703,0.0,-4046.5398269659704
2025-01-20T12:30:00Z,2025-01-20T12:45:00Z,2025-01-20,2025-01-20_14,-99.99999999999987,100,0,0,135.1231856782608,155.35996567826078,0.05621327777777772,3.0035,0.0,True,True,False,False,-4284.7499999999945,0.0,197.96418738318695,0.0,661.3156628951547,0.0,-3425.470149721653
2025-01-20T12:45:00Z,2025-01-20T13:00:00Z,2025-01-20,2025-01-20_14,-99.99999999999987,100,0,0,155.35996567826078,177.85948567826074,0.06249866666666659,0.544,0.0,True,True,False,False,-4284.7499999999945,0.0,197.96418738318695,0.0,93.00378544584899,0.0,-3993.782027170959
2025-01-20T13:00:00Z,2025-01-20T13:15:00Z,2025-01-20,2025-01-20_15,-27.0,100,73,0,177.85948567826074,184.0974381913042,0.017918346352657002,0.134,0.182135,True,True,False,False,-1294.8525000000002,0.0,197.96418738318695,140.28869149299624,18.312265117868126,-6.699232695592756,-944.9865887015417
2025-01-20T13:15:00Z,2025-01-20T13:30:00Z,2025-01-20,2025-01-20_15,-27.0,100,73,0,184.0974381913042,186.76036365217377,0.022404774830917875,3.4045,0.0,True,True,False,False,-1294.8525000000002,0.0,197.96418738318695,140.28869149299624,878.7761712454027,0.0,-77.82344987841432
2025-01-20T13:30:00Z,2025-01-20T13:45:00Z,2025-01-20,2025-01-20_15,-27.0,100,73,0,186.76036365217377,189.9963221565216,0.021572016376811595,2.8545,0.0,True,True,False,False,-1294.8525000000002,0.0,197.96418738318695,140.28869149299624,585.235316324685,0.0,-371.364304799132
2025-01-20T13:45:00Z,2025-01-20T14:00:00Z,2025-01-20,2025-01-20_15,-27.0,100,73,0,189.9963221565216,188.42817999999986,0.028553560434782604,7.4655,0.0,True,True,False,False,-1294.8525000000002,0.0,197.96418738318695,140.28869149299624,2103.7439624992458,0.0,1147.1443413754287
2025-01-20T14:00:00Z,2025-01-20T14:15:00Z,2025-01-20,2025-01-20_16,-2.0000000000000044,100,98,0,188.42817999999986,189.84449382608682,0.00712393937198068,0.539,1.6743299999999999,True,True,False,False,-138.4050000000003,0.0,201.97351232942782,188.33276392210453,73.65903655620089,-51.56811226511786,273.9922005426151
2025-01-20T14:15:00Z,2025-01-20T14:30:00Z,2025-01-20,2025-01-20_16,-2.0000000000000044,100,98,0,189.84449382608682,186.60917226086943,0.011213659903381645,3.4135,0.003920000000000001,True,True,False,False,-138.4050000000003,0.0,201.97351232942782,188.33276392210453,1053.4467527482466,-0.2402781406378746,1305.1077508591407
2025-01-20T14:30:00Z,2025-01-20T14:45:00Z,2025-01-20,2025-01-20_16,-2.0000000000000044,100,98,0,186.60917226086943,180.11397403478247,0.019941659516908215,6.418499999999999,0.0,True,True,False,False,-138.4050000000003,0.0,201.97351232942782,188.33276392210453,2278.215997507988,0.0,2530.1172737595202
2025-01-20T14:45:00Z,2025-01-20T15:00:00Z,2025-01-20,2025-01-20_16,-2.0000000000000044,100,98,0,180.11397403478247,174.37778144347814,0.018771506086956526,5.8645,0.17248,True,True,False,False,-138.4050000000003,0.0,201.97351232942782,188.33276392210453,2072.0286540123393,-4.010864527020237,2319.9190657368513
2025-01-20T15:00:00Z,2025-01-20T15:15:00Z,2025-01-20,2025-01-20_17,0.0,100,100,0,174.37778144347814,188.30014144347814,0.03867322222222222,0.0,15.133,True,True,False,False,0.0,0.0,201.97351232942782,192.17628971643322,0.0,2104.3291245804776,2498.4789266263388
2025-01-20T15:15:00Z,2025-01-20T15:30:00Z,2025-01-20,2025-01-20_17,0.0,100,100,0,188.30014144347814,189.88322839999987,0.00473864734299517,0.056499999999999995,1.7875,True,True,False,False,0.0,0.0,201.97351232942782,192.17628971643322,7.721216262384693,-51.9028442090878,349.9681740991579
2025-01-20T15:30:00Z,2025-01-20T15:45:00Z,2025-01-20,2025-01-20_17,0.0,100,100,0,189.88322839999987,182.69929100869552,0.020129159420289856,6.638,0.034,True,True,False,False,0.0,0.0,201.97351232942782,192.17628971643322,3153.222756888201,-2.0567133583874275,3545.3158455756743
2025-01-20T15:45:00Z,2025-01-20T16:00:00Z,2025-01-20,2025-01-20_17,0.0,100,100,0,182.69929100869552,164.30472579130424,0.05109601449275362,16.923,0.0,True,True,False,False,0.0,0.0,201.97351232942782,192.17628971643322,10163.016690447957,0.0,10557.166492493818
2025-01-20T16:00:00Z,2025-01-20T16:15:00Z,2025-01-20,2025-01-20_18,100.0,0,100,0,164.30472579130424,137.13189970434772,0.07548007246376813,0.0,0.001,True,True,False,False,15082.499999999998,0.0,0.0,192.17628971643322,0.0,-0.061496412709258624,15274.614793303723
2025-01-20T16:15:00Z,2025-01-20T16:30:00Z,2025-01-20,2025-01-20_18,100.0,0,100,0,137.13189970434772,110.01124753043467,0.07533514492753624,0.0,0.049,True,True,False,False,15082.499999999998,0.0,0.0,192.17628971643322,0.0,-2.964086898852469,15271.712202817578
2025-01-20T16:30:00Z,2025-01-20T16:45:00Z,2025-01-20,2025-01-20_18,100.0,0,100,0,110.01124753043467,82.85146492173902,0.07544384057971014,0.0,0.013,True,True,False,False,15082.499999999998,0.0,0.0,192.17628971643322,0.0,-0.7863904017363692,15273.889899314696
2025-01-20T16:45:00Z,2025-01-20T17:00:00Z,2025-01-20,2025-01-20_18,100.0,0,100,0,82.85146492173902,55.68516057391294,0.07546195652173913,0.0,0.007000000000000001,True,True,False,False,15082.499999999998,0.0,0.0,192.17628971643322,0.0,-0.4234409855503527,15274.252848730881
2025-01-20T17:00:00Z,2025-01-20T17:15:00Z,2025-01-20,2025-01-20_19,40.521136532584535,0,100,0,55.68516057391294,44.67496982099944,0.030586903233336946,0.0,0.001,True,True,False,False,4794.460874535402,0.0,0.0,192.17628971643322,0.0,-0.0604915693643361,4986.57667268247
2025-01-20T17:15:00Z,2025-01-20T17:30:00Z,2025-01-20,2025-01-20_19,40.521136532584535,0,100,0,44.67496982099944,33.66379141540582,0.030586606682204507,0.0,0.0,True,True,False,False,4794.460874535402,0.0,0.0,192.17628971643322,0.0,0.0,4986.637164251835
2025-01-20T17:30:00Z,2025-01-20T17:45:00Z,2025-01-20,2025-01-20_19,40.521136532584535,0,100,0,33.66379141540582,22.665452494653806,0.030590461846926157,0.0,0.013,True,True,False,False,4794.460874535402,0.0,0.0,192.17628971643322,0.0,-0.7863904017363692,4985.850773850098
2025-01-20T17:45:00Z,2025-01-20T18:00:00Z,2025-01-20,2025-01-20_19,40.521136532584535,0,100,0,22.665452494653806,11.663162963181298,0.030589275642396423,0.0,0.009,True,True,False,False,4794.460874535402,0.0,0.0,192.17628971643322,0.0,-0.5444241242790248,4986.092740127556
2025-01-20T18:00:00Z,2025-01-20T18:15:00Z,2025-01-20,2025-01-20_20,-9.658451192920012,29,90,0,11.663162963181298,11.518490106408034,0.008837925193311577,2.29419,0.0,True,True,False,False,-713.687104772842,0.0,58.57231857553406,172.95866074478988,863.6429590084205,0.0,381.4868335559024
2025-01-20T18:15:00Z,2025-01-20T18:30:00Z,2025-01-20,2025-01-20_20,-9.658451192920012,29,90,0,11.518490106408034,11.62849406816844,0.008550836113801925,2.0472550000000003,0.0,True,True,False,False,-713.687104772842,0.0,58.57231857553406,172.95866074478988,746.6973704405234,0.0,264.54124498800536
2025-01-20T18:30:00Z,2025-01-20T18:45:00Z,2025-01-20,2025-01-20_20,-9.658451192920012,29,90,0,11.62849406816844,13.567934773424128,0.006556471183432892,0.29028999999999994,0.0189,True,True,False,False,-713.687104772842,0.0,58.57231857553406,172.95866074478988,48.54136048955966,-1.1432906609859521,-434.7580556239443
2025-01-20T18:45:00Z,2025-01-20T19:00:00Z,2025-01-20,2025-01-20_20,-9.658451192920012,29,90,0,13.567934773424128,16.636154782607306,0.008564296220113373,0.010294999999999999,0.9319500000000002,True,True,False,False,-713.687104772842,0.0,58.57231857553406,172.95866074478988,1.4069012640929277,-44.30166545750518,-525.0508896459303
2025-01-20T19:00:00Z,2025-01-20T19:15:00Z,2025-01-20,2025-01-20_21,-56.99999999999997,100,43,0,16.636154782607306,15.650409999998605,0.03417534661835749,14.215999999999998,0.0038699999999999997,True,True,False,False,-3134.9999999999986,0.0,201.97351232942782,82.63580457806628,10269.503665266582,-0.23410237343998067,7418.878879800638
2025-01-20T19:15:00Z,2025-01-20T19:30:00Z,2025-01-20,2025-01-20_21,-56.99999999999997,100,43,0,15.650409999998605,16.874287113042076,0.03451883135265701,11.9845,0.0,True,True,False,False,-3134.9999999999986,0.0,201.97351232942782,82.63580457806628,4245.690786792339,0.0,1395.3001036998346
2025-01-20T19:30:00Z,2025-01-20T19:45:00Z,2025-01-20,2025-01-20_21,-56.99999999999997,100,43,0,16.874287113042076,28.351302730433375,0.03615593106280192,1.6465,0.0,True,True,False,False,-3134.9999999999986,0.0,201.97351232942782,82.63580457806628,361.03646204706683,0.0,-2489.3542210454375
2025-01-20T19:45:00Z,2025-01-20T20:00:00Z,2025-01-20,2025-01-20_21,-56.99999999999997,100,43,0,28.351302730433375,43.17120278260728,0.04124169096618356,0.029,1.8898499999999998,True,True,False,False,-3134.9999999999986,0.0,201.97351232942782,82.63580457806628,3.9631021523744447,-30.736506119495964,-2877.164087059626
2025-01-20T20:00:00Z,2025-01-20T20:15:00Z,2025-01-20,2025-01-20_22,0.0,100,100,0,43.17120278260728,42.373598434781194,0.004055567632850241,1.0385,0.36,True,True,False,False,0.0,0.0,201.97351232942782,192.17628971643322,165.04237956952508,-19.47938664362226,539.7127949717639
2025-01-20T20:15:00Z,2025-01-20T20:30:00Z,2025-01-20,2025-01-20_22,0.0,100,100,0,42.373598434781194,42.9287740869551,0.0030910676328502417,0.2565,0.9065,True,True,False,False,0.0,0.0,201.97351232942782,192.17628971643322,35.05295524427741,-27.253296991499024,401.94946029863945
2025-01-20T20:30:00Z,2025-01-20T20:45:00Z,2025-01-20,2025-01-20_22,0.0,100,100,0,42.9287740869551,48.9901940869551,0.016837277777777777,0.0,6.5885,True,True,False,False,0.0,0.0,201.97351232942782,192.17628971643322,0.0,-112.37616983862215,281.7736322072389
2025-01-20T20:45:00Z,2025-01-20T21:00:00Z,2025-01-20,2025-01-20_22,0.0,100,100,0,48.9901940869551,60.7312340869551,0.032614000000000004,0.0,12.762,True,True,False,False,0.0,0.0,201.97351232942782,192.17628971643322,0.0,3742.3521782994035,4136.501980345264
2025-01-20T21:00:00Z,2025-01-20T21:15:00Z,2025-01-20,2025-01-20_23,-100.0,100,0,0,60.7312340869551,68.7619140869551,0.02230744444444444,16.271,0.0,True,True,False,False,-3954.5,0.0,194.43718724250888,0.0,11204.669244759743,0.0,7444.606432002252
2025-01-20T21:15:00Z,2025-01-20T21:30:00Z,2025-01-20,2025-01-20_23,-100.0,100,0,0,68.7619140869551,88.7429340869551,0.055502833333333335,3.2815,0.0,True,True,False,False,-3954.5,0.0,194.43718724250888,0.0,623.3484879117345,0.0,-3136.7143248457564
2025-01-20T21:30:00Z,2025-01-20T21:45:00Z,2025-01-20,2025-01-20_23,-100.0,100,0,0,88.7429340869551,111.69693408695511,0.06376111111111112,0.05,0.0,True,True,False,False,-3954.5,0.0,194.43718724250888,0.0,3.0145300347675796,0.0,-3757.0482827227233
2025-01-20T21:45:00Z,2025-01-20T22:00:00Z,2025-01-20,2025-01-20_23,-100.0,100,0,0,111.69693408695511,134.6969340869551,0.06388888888888888,0.0,0.0,True,True,False,False,-3954.5,0.0,194.43718724250888,0.0,0.0,0.0,-3760.062812757491
2025-01-20T22:00:00Z,2025-01-20T22:15:00Z,2025-01-21,2025-01-20_24,0.0,100,100,0,134.6969340869551,117.34130539130292,0.0484988574879227,16.015,0.056499999999999995,True,True,False,False,0.0,0.0,196.79493620014068,189.89249472520848,15023.62435446599,-1.8619511705013563,15408.449834220837
2025-01-20T22:15:00Z,2025-01-20T22:30:00Z,2025-01-21,2025-01-20_24,0.0,100,100,0,117.34130539130292,104.75108799999857,0.034972826086956524,11.583,0.0,True,True,False,False,0.0,0.0,196.79493620014068,189.89249472520848,6824.0383892293785,0.0,7210.725820154727
2025-01-20T22:30:00Z,2025-01-20T22:45:00Z,2025-01-21,2025-01-20_24,0.0,100,100,0,104.75108799999857,104.17343060869423,0.0019521594202898548,0.589,0.068,True,True,False,False,0.0,0.0,196.79493620014068,189.89249472520848,80.48226665327036,-3.8842600221038888,463.2854375565156
2025-01-20T22:45:00Z,2025-01-20T23:00:00Z,2025-01-21,2025-01-20_24,0.0,100,100,0,104.17343060869423,104.05271582608553,0.0007365410628019323,0.1775,0.0785,True,True,False,False,0.0,0.0,196.79493620014068,189.89249472520848,24.253993770722392,-4.58153541645735,406.3598892796142
2025-01-20T23:00:00Z,2025-01-20T23:15:00Z,2025-01-21,2025-01-21_1,0.0,100,100,0,104.05271582608553,102.45064713043335,0.005661524154589371,1.6744999999999999,0.23699999999999996,True,True,False,False,0.0,0.0,196.79493620014068,189.89249472520848,317.61023651160457,-11.519157239023407,692.7785101979304
2025-01-20T23:15:00Z,2025-01-20T23:30:00Z,2025-01-21,2025-01-21_1,0.0,100,100,0,102.45064713043335,101.43827321738988,0.002824927536231884,0.9335,0.0025,True,True,False,False,0.0,0.0,196.79493620014068,189.89249472520848,143.44048638601427,-0.15070832914699087,529.9772089822164
2025-01-20T23:30:00Z,2025-01-20T23:45:00Z,2025-01-21,2025-01-21_1,0.0,100,100,0,101.43827321738988,90.28012104347684,0.030994867149758448,10.2655,0.0,True,True,False,False,0.0,0.0,196.79493620014068,189.89249472520848,2455.8937552496736,0.0,2842.5811861750226
2025-01-20T23:45:00Z,2025-01-21T00:00:00Z,2025-01-21,2025-01-21_1,0.0,100,100,0,90.28012104347684,91.81653756521597,0.0053819541062801925,0.1845,1.8879999999999997,True,True,False,False,0.0,0.0,196.79493620014068,189.89249472520848,25.21048929970863,-45.68038099065608,366.2175392344017
2025-01-21T00:00:00Z,2025-01-21T00:15:00Z,2025-01-21,2025-01-21_2,0.0,100,100,0,91.81653756521597,90.77887669565075,0.003802391304347826,1.107,0.18,True,True,False,False,0.0,0.0,196.79493620014068,189.89249472520848,152.1631727117452,-8.898832512810209,529.9517711242842
2025-01-21T00:15:00Z,2025-01-21T00:30:00Z,2025-01-21,2025-01-21_2,0.0,100,100,0,90.77887669565075,97.00727669565075,0.01730111111111111,0.0,6.77,True,True,False,False,0.0,0.0,196.79493620014068,189.89249472520848,0.0,-128.40349442379184,258.2839365015573
2025-01-21T00:30:00Z,2025-01-21T00:45:00Z,2025-01-21,2025-01-21_2,0.0,100,100,0,97.00727669565075,99.84087669565075,0.007871111111111112,0.0,3.08,True,True,False,False,0.0,0.0,196.79493620014068,189.89249472520848,0.0,-58.254797548477846,328.4326333768713
2025-01-21T00:45:00Z,2025-01-21T01:00:00Z,2025-01-21,2025-01-21_2,0.0,100,100,0,99.84087669565075,104.44179669565075,0.012780333333333335,0.0,5.001,True,True,False,False,0.0,0.0,196.79493620014068,189.89249472520848,0.0,-90.44308248769217,296.244348437657
2025-01-21T01:00:00Z,2025-01-21T01:15:00Z,2025-01-21,2025-01-21_3,-100.0,100,0,0,104.44179669565075,121.50411669565077,0.04739533333333334,6.454,0.0,True,True,False,False,-3142.25,0.0,196.79493620014068,0.0,1272.3542566060485,0.0,-1673.1008071938109
2025-01-21T01:15:00Z,2025-01-21T01:30:00Z,2025-01-21,2025-01-21_3,-100.0,100,0,0,121.50411669565077,141.83979669565076,0.05648800000000001,2.896,0.0,True,True,False,False,-3142.25,0.0,196.79493620014068,0.0,465.9333169898523,0.0,-2479.5217468100072
2025-01-21T01:30:00Z,2025-01-21T01:45:00Z,2025-01-21,2025-01-21_3,-100.0,100,0,0,141.83979669565076,157.34869669565077,0.04308027777777779,8.1425,0.0,True,True,False,False,-3142.25,0.0,196.79493620014068,0.0,1629.0726665327038,0.0,-1316.3823972671555
2025-01-21T01:45:00Z,2025-01-21T02:00:00Z,2025-01-21,2025-01-21_3,-100.0,100,0,0,157.34869669565077,177.61583669565078,0.05629761111111112,2.9705,0.0,True,True,False,False,-3142.25,0.0,196.79493620014068,0.0,526.1369417261128,0.0,-2419.3181220737465
2025-01-21T02:00:00Z,2025-01-21T02:15:00Z,2025-01-21,2025-01-21_4,-14.0,100,86,0,177.61583669565078,172.26336086956383,0.02698949951690821,8.06,0.0,True,True,False,False,-447.93,0.0,198.0608861649754,163.3075454636793,1640.8809243444189,0.0,1554.3193559730735
2025-01-21T02:15:00Z,2025-01-21T02:30:00Z,2025-01-21,2025-01-21_4,-14.0,100,86,0,172.26336086956383,168.50094104347687,0.02364243285024155,6.565,0.0,True,True,False,False,-447.93,0.0,198.0608861649754,163.3075454636793,1294.0101125288859,0.0,1207.4485441575405
2025-01-21T02:30:00Z,2025-01-21T02:45:00Z,2025-01-21,2025-01-21_4,-14.0,100,86,0,168.50094104347687,167.86651766956382,0.01705800270531401,3.624,0.0,True,True,False,False,-447.93,0.0,198.0608861649754,163.3075454636793,675.1089994976389,0.0,588.5474311262936
2025-01-21T02:45:00Z,2025-01-21T03:00:00Z,2025-01-21,2025-01-21_4,-14.0,100,86,0,167.86651766956382,166.82208319999862,0.01792107574879227,4.0095,0.0,True,True,False,False,-447.93,0.0,198.0608861649754,163.3075454636793,742.1607462071738,0.0,655.5991778358285
2025-01-21T03:00:00Z,2025-01-21T03:15:00Z,2025-01-21,2025-01-21_5,0.0,100,100,0,166.82208319999862,166.19921972173773,0.0018145096618357487,0.587,0.0165,True,True,False,False,0.0,0.0,198.0608861649754,189.89249472520848,80.20898221641716,-0.8982213402994073,467.26414176630163
2025-01-21T03:15:00Z,2025-01-21T03:30:00Z,2025-01-21,2025-01-21_5,0.0,100,100,0,166.19921972173773,164.83266493912905,0.003803652173913043,1.2585,0.0015,True,True,False,False,0.0,0.0,198.0608861649754,189.89249472520848,177.67900793730533,-0.0874108309052547,565.544977996584
2025-01-21T03:30:00Z,2025-01-21T03:45:00Z,2025-01-21,2025-01-21_5,0.0,100,100,0,164.83266493912905,164.7810962434769,0.000524024154589372,0.11050000000000001,0.0745,True,True,False,False,0.0,0.0,198.0608861649754,189.89249472520848,15.098965136139858,-3.690343614990455,399.36200241133326
2025-01-21T03:45:00Z,2025-01-21T04:00:00Z,2025-01-21,2025-01-21_5,0.0,100,100,0,164.7810962434769,165.93327189565082,0.003221623188405797,0.0035000000000000005,1.2565,True,True,False,False,0.0,0.0,198.0608861649754,189.89249472520848,0.47824776449311773,-19.431122977996587,369.0005056766804
2025-01-21T04:00:00Z,2025-01-21T04:15:00Z,2025-01-21,2025-01-21_6,-49.75188926571325,100,50,0,165.93327189565082,179.04878246930434,0.03648962563357574,0.019,1.83875,True,True,False,False,-1997.1652148488943,0.0,198.0608861649754,94.94624736260424,2.596202150105496,-28.458226414146495,-1730.0201055853556
2025-01-21T04:15:00Z,2025-01-21T04:30:00Z,2025-01-21,2025-01-21_6,-49.75188926571325,100,50,0,179.04878246930434,189.9939107514576,0.031920287218973005,0.5,0.0045,True,True,False,False,-1997.1652148488943,0.0,198.0608861649754,94.94624736260424,68.32110921330252,-0.27217924243946545,-1636.1091513504516
2025-01-21T04:30:00Z,2025-01-21T04:45:00Z,2025-01-21,2025-01-21_6,-49.75188926571325,100,50,0,189.9939107514576,189.99999999999994,0.03458524800563455,11.3925,0.0,True,True,False,False,-1997.1652148488943,0.0,198.0608861649754,94.94624736260424,3651.8908851602537,0.0,1947.732803838939
2025-01-21T04:45:00Z,2025-01-21T05:00:00Z,2025-01-21,2025-01-21_6,-49.75188926571325,100,50,0,189.99999999999994,179.57213257139418,0.037139096542349426,21.786,0.0,True,True,False,False,-1997.1652148488943,0.0,198.0608861649754,94.94624736260424,17979.948807796645,0.0,16275.79072647533
2025-01-21T05:00:00Z,2025-01-21T05:15:00Z,2025-01-21,2025-01-21_7,-11.330839662384955,0,0,0,179.57213257139418,182.17822569374272,0.007239147562079277,0.0,0.0,True,False,False,False,-581.2437475811922,0.0,0.0,0.0,0.0,0.0,-581.2437475811922
2025-01-21T05:15:00Z,2025-01-21T05:30:00Z,2025-01-21,2025-01-21_7,-11.330839662384955,0,0,0,182.17822569374272,184.78431881609126,0.007239147562079277,0.0,0.0,True,False,False,False,-581.2437475811922,0.0,0.0,0.0,0.0,0.0,-581.2437475811922
2025-01-21T05:30:00Z,2025-01-21T05:45:00Z,2025-01-21,2025-01-21_7,-11.330839662384955,0,0,0,184.78431881609126,187.3904119384398,0.007239147562079277,0.0,0.0,True,False,False,False,-581.2437475811922,0.0,0.0,0.0,0.0,0.0,-581.2437475811922
2025-01-21T05:45:00Z,2025-01-21T06:00:00Z,2025-01-21,2025-01-21_7,-11.330839662384955,0,0,0,187.3904119384398,189.99650506078834,0.007239147562079277,0.0,0.0,True,False,False,False,-581.2437475811922,0.0,0.0,0.0,0.0,0.0,-581.2437475811922
2025-01-21T06:00:00Z,2025-01-21T06:15:00Z,2025-01-21,2025-01-21_8,65.46502755303065,0,100,0,189.99650506078834,172.21841767910124,0.049402992389195446,0.0,0.011,True,True,False,False,5190.885697248683,0.0,0.0,189.89249472520848,0.0,-0.6653270370742489,5380.1128649368175
2025-01-21T06:15:00Z,2025-01-21T06:30:00Z,2025-01-21,2025-01-21_8,65.46502755303065,0,100,0,172.21841767910124,154.4290080179516,0.04941502683652675,0.0,0.0,True,True,False,False,5190.885697248683,0.0,0.0,189.89249472520848,0.0,0.0,5380.778191973891
2025-01-21T06:30:00Z,2025-01-21T06:45:00Z,2025-01-21,2025-01-21_8,65.46502755303065,0,100,0,154.4290080179516,136.63959835680197,0.04941502683652676,0.0,0.0,True,True,False,False,5190.885697248683,0.0,0.0,189.89249472520848,0.0,0.0,5380.778191973891
2025-01-21T06:45:00Z,2025-01-21T07:00:00Z,2025-01-21,2025-01-21_8,65.46502755303065,0,100,0,136.63959835680197,118.85018869565234,0.04941502683652676,0.0,0.0,True,True,False,False,5190.885697248683,0.0,0.0,189.89249472520848,0.0,0.0,5380.778191973891
2025-01-21T07:00:00Z,2025-01-21T07:15:00Z,2025-01-21,2025-01-21_9,100.0,0,100,0,118.85018869565234,91.67627565217407,0.07548309178743962,0.0,0.0,True,True,False,False,10477.5,0.0,0.0,189.89249472520848,0.0,0.0,10667.392494725209
2025-01-21T07:15:00Z,2025-01-21T07:30:00Z,2025-01-21,2025-01-21_9,100.0,0,100,0,91.67627565217407,64.5023626086958,0.07548309178743962,0.0,0.0,True,True,False,False,10477.5,0.0,0.0,189.89249472520848,0.0,0.0,10667.392494725209
2025-01-21T07:30:00Z,2025-01-21T07:45:00Z,2025-01-21,2025-01-21_9,100.0,0,100,0,64.5023626086958,37.341493043478415,0.07544685990338164,0.0,0.012,True,True,False,False,10477.5,0.0,0.0,189.89249472520848,0.0,-0.725811313171908,10666.666683412037
2025-01-21T07:45:00Z,2025-01-21T08:00:00Z,2025-01-21,2025-01-21_9,100.0,0,100,0,37.341493043478415,10.287688695652328,0.07514945652173913,0.0,0.11050000000000001,True,True,False,False,10477.5,0.0,0.0,189.89249472520848,0.0,-6.698278408520046,10660.694216316688
2025-01-21T08:00:00Z,2025-01-21T08:15:00Z,2025-01-21,2025-01-21_10,0.0,100,100,0,10.287688695652328,10.183653043478415,0.0006620990338164251,0.1575,0.073,True,True,False,False,0.0,0.0,198.0608861649754,188.3854114337386,21.521149402190293,-4.474027931277002,403.4934190696273
2025-01-21T08:15:00Z,2025-01-21T08:30:00Z,2025-01-21,2025-01-21_10,0.0,100,100,0,10.183653043478415,10.000000000000155,0.0005254806763285025,0.1715,0.003,True,True,False,False,0.0,0.0,198.0608861649754,188.3854114337386,23.434140460162766,-0.18386416155932886,409.6965738973174
2025-01-21T08:30:00Z,2025-01-21T08:45:00Z,2025-01-21,2025-01-21_10,0.0,100,100,0,10.000000000000155,15.479354782608851,0.01525968115942029,0.0065,5.9635,True,True,False,False,0.0,0.0,198.0608861649754,188.3854114337386,0.8881744197729328,-59.74524655882649,327.58922545966044
2025-01-21T08:45:00Z,2025-01-21T09:00:00Z,2025-01-21,2025-01-21_10,0.0,100,100,0,15.479354782608851,31.401794782608853,0.044229,0.0,17.307,True,True,False,False,0.0,0.0,198.0608861649754,188.3854114337386,0.0,858.832705114036,1245.27900271275
2025-01-21T09:00:00Z,2025-01-21T09:15:00Z,2025-01-21,2025-01-21_11,0.0,100,100,0,31.401794782608853,35.87759478260885,0.012432777777777779,0.0,4.865,True,True,False,False,0.0,0.0,198.0608861649754,188.3854114337386,0.0,4.846914498141265,391.29321209685526
2025-01-21T09:15:00Z,2025-01-21T09:30:00Z,2025-01-21,2025-01-21_11,0.0,100,100,0,35.87759478260885,36.85095478260885,0.002703777777777778,0.0,1.058,True,True,False,False,0.0,0.0,198.0608861649754,188.3854114337386,0.0,-38.748333165879636,347.69796443283434
2025-01-21T09:30:00Z,2025-01-21T09:45:00Z,2025-01-21,2025-01-21_11,0.0,100,100,0,36.85095478260885,40.229654782608854,0.009385277777777777,0.0,3.6725,True,True,False,False,0.0,0.0,198.0608861649754,188.3854114337386,0.0,-82.30783532603236,304.13846227268164
2025-01-21T09:45:00Z,2025-01-21T10:00:00Z,2025-01-21,2025-01-21_11,0.0,100,100,0,40.229654782608854,54.404554782608855,0.03937472222222223,0.0,15.407500000000002,True,True,False,False,0.0,0.0,198.0608861649754,188.3854114337386,0.0,1892.2044715161262,2278.6507691148404
2025-01-21T10:00:00Z,2025-01-21T10:15:00Z,2025-01-21,2025-01-21_12,0.0,100,100,0,54.404554782608855,57.652154782608854,0.00902111111111111,0.0,3.53,True,True,False,False,0.0,0.0,198.0608861649754,188.3854114337386,0.0,-103.24638199537829,283.1999156033357
2025-01-21T10:15:00Z,2025-01-21T10:30:00Z,2025-01-21,2025-01-21_12,0.0,100,100,0,57.652154782608854,63.142382608695804,0.01529592270531401,0.0075,5.9765,True,True,False,False,0.0,0.0,198.0608861649754,188.3854114337386,0.4521249874409726,78.83719863357781,465.73562121973276
2025-01-21T10:30:00Z,2025-01-21T10:45:00Z,2025-01-21,2025-01-21_12,0.0,100,100,0,63.142382608695804,80.3408626086958,0.047773555555555555,0.0,18.694,True,True,False,False,0.0,0.0,198.0608861649754,188.3854114337386,0.0,753.1918344217823,1139.6381320204964
2025-01-21T10:45:00Z,2025-01-21T11:00:00Z,2025-01-21,2025-01-21_12,0.0,100,100,0,80.3408626086958,94.9674826086958,0.040629500000000006,0.0,15.898500000000002,True,True,False,False,0.0,0.0,198.0608861649754,188.3854114337386,0.0,459.24669386114755,845.6929914598616
2025-01-21T11:00:00Z,2025-01-21T11:15:00Z,2025-01-21,2025-01-21_13,0.0,100,100,0,94.9674826086958,96.95343043478276,0.005561811594202898,0.0075,2.1675,True,True,False,False,0.0,0.0,198.0608861649754,188.3854114337386,0.5284843765698785,-75.24946749723702,311.72531447804687
2025-01-21T11:15:00Z,2025-01-21T11:30:00Z,2025-01-21,2025-01-21_13,0.0,100,100,0,96.95343043478276,97.77111304347841,0.002494770531400966,0.037,0.9325,True,True,False,False,0.0,0.0,198.0608861649754,188.3854114337386,3.757657992565056,-45.587098362302825,344.6168572289762
2025-01-21T11:30:00Z,2025-01-21T11:45:00Z,2025-01-21,2025-01-21_13,0.0,100,100,0,97.77111304347841,99.15621565217407,0.0038626038647342994,0.0025,1.5085,True,True,False,False,0.0,0.0,198.0608861649754,188.3854114337386,0.15070832914699087,-28.596176630161757,358.0008292976992
2025-01-21T11:45:00Z,2025-01-21T12:00:00Z,2025-01-21,2025-01-21_13,0.0,100,100,0,99.15621565217407,100.15086347826102,0.0028082004830917878,0.0075,1.09,True,True,False,False,0.0,0.0,198.0608861649754,188.3854114337386,0.9102783080478248,-21.98332763990757,365.37324826685426
2025-01-21T12:00:00Z,2025-01-21T12:15:00Z,2025-01-21,2025-01-21_14,-100.0,100,0,0,100.15086347826102,123.14534347826101,0.06387355555555556,0.006,0.0,True,True,False,False,-4760.5,0.0,198.0608861649754,0.0,0.5525968049834222,0.0,-4561.886517030041
2025-01-21T12:15:00Z,2025-01-21T12:30:00Z,2025-01-21,2025-01-21_14,-100.0,100,0,0,123.14534347826101,146.14534347826103,0.06388888888888888,0.0,0.0,True,True,False,False,-4760.5,0.0,198.0608861649754,0.0,0.0,0.0,-4562.439113835025
2025-01-21T12:30:00Z,2025-01-21T12:45:00Z,2025-01-21,2025-01-21_14,-100.0,100,0,0,146.14534347826103,165.90556347826103,0.0548895,3.5215000000000005,0.0,True,True,False,False,-4760.5,0.0,198.0608861649754,0.0,645.7609446398072,0.0,-3916.6781691952174
2025-01-21T12:45:00Z,2025-01-21T13:00:00Z,2025-01-21,2025-01-21_14,-100.0,100,0,0,165.90556347826103,187.11984347826103,0.05892855555555556,1.941,0.0,True,True,False,False,-4760.5,0.0,198.0608861649754,0.0,346.91850075354165,0.0,-4215.520613081483
2025-01-21T13:00:00Z,2025-01-21T13:15:00Z,2025-01-21,2025-01-21_15,-2.0,100,98,0,187.11984347826103,188.40948052173928,0.003635585990338164,0.009,0.9123800000000001,True,True,False,False,-108.14,0.0,198.0608861649754,184.6177032050638,1.2297799658394453,-31.036137028031753,244.73223230784689
2025-01-21T13:15:00Z,2025-01-21T13:30:00Z,2025-01-21,2025-01-21_15,-2.0,100,98,0,188.40948052173928,188.81332057391322,0.0017165242995169083,0.1005,0.05733,True,True,False,False,-108.14,0.0,198.0608861649754,184.6177032050638,13.732542951873807,-3.5251642720787704,284.74596804983423
2025-01-21T13:30:00Z,2025-01-21T13:45:00Z,2025-01-21,2025-01-21_15,-2.0,100,98,0,188.81332057391322,189.24630182608715,0.0017294165217391303,0.089,0.07546,True,True,False,False,-108.14,0.0,198.0608861649754,184.6177032050638,12.161157439967848,-3.899128057871998,282.80061875213505
2025-01-21T13:45:00Z,2025-01-21T14:00:00Z,2025-01-21,2025-01-21_15,-2.0,100,98,0,189.24630182608715,189.8436836000002,0.0017363261835748793,0.013,0.16464,True,True,False,False,-108.14,0.0,198.0608861649754,184.6177032050638,1.7763488395458655,-5.663563066412137,270.6513751431729
2025-01-21T14:00:00Z,2025-01-21T14:15:00Z,2025-01-21,2025-01-21_16,99.85172752330661,0,100,0,189.8436836000002,173.55324410473375,0.04532683780633185,0.0,9.978,True,True,False,False,7391.274500593962,0.0,0.0,189.89249472520848,0.0,2113.363056766804,9694.530052085975
2025-01-21T14:15:00Z,2025-01-21T14:30:00Z,2025-01-21,2025-01-21_16,99.85172752330661,0,100,0,173.55324410473375,148.15781349452493,0.07055498441059968,0.0,1.5995,True,True,False,False,7391.274500593962,0.0,0.0,189.89249472520848,0.0,-32.26448467798654,7548.902510641185
2025-01-21T14:30:00Z,2025-01-21T14:45:00Z,2025-01-21,2025-01-21_16,99.85172752330661,0,100,0,148.15781349452493,121.0361456836136,0.07533804950350168,0.0,0.011,True,True,False,False,7391.274500593962,0.0,0.0,189.89249472520848,0.0,-0.6410127599718678,7580.525982559199
2025-01-21T14:45:00Z,2025-01-21T15:00:00Z,2025-01-21,2025-01-21_16,99.85172752330661,0,100,0,121.0361456836136,93.91067439130317,0.07534858820531166,0.0,0.0075,True,True,False,False,7391.274500593962,0.0,0.0,189.89249472520848,0.0,-0.461167487189792,7580.705827831981
2025-01-21T15:00:00Z,2025-01-21T15:15:00Z,2025-01-21,2025-01-21_17,-65.0,100,35,0,93.91067439130317,111.45385099999882,0.04876697608695652,0.017,2.8367500000000003,True,True,False,False,-3812.25,0.0,200.23108610469208,66.46237315382297,2.170199537827791,-17.213739877423897,-3560.600081081081
2025-01-21T15:15:00Z,2025-01-21T15:30:00Z,2025-01-21,2025-01-21_17,-65.0,100,35,0,111.45385099999882,120.69373408695535,0.03810550253623189,5.8855,0.052675,True,True,False,False,-3812.25,0.0,200.23108610469208,66.46237315382297,1227.8265881643727,-3.1829820054255,-2320.9129345825377
2025-01-21T15:30:00Z,2025-01-21T15:45:00Z,2025-01-21,2025-01-21_17,-65.0,100,35,0,120.69373408695535,115.31185930434665,0.02896942995169082,20.78,0.0,True,True,False,False,-3812.25,0.0,200.23108610469208,66.46237315382297,18052.289384105297,0.0,14506.732843363812
2025-01-21T15:45:00Z,2025-01-21T16:00:00Z,2025-01-21,2025-01-21_17,-65.0,100,35,0,115.31185930434665,124.36336521739013,0.03788446690821256,6.0285,0.0,True,True,False,False,-3812.25,0.0,200.23108610469208,66.46237315382297,2768.0996762785094,0.0,-777.4568644629755
2025-01-21T16:00:00Z,2025-01-21T16:15:00Z,2025-01-21,2025-01-21_18,100.0,0,100,0,124.36336521739013,97.23836521739013,0.07534722222222222,0.0,0.045,True,True,False,False,8112.75,0.0,0.0,189.89249472520848,0.0,-2.455545061790415,8300.186949663417
2025-01-21T16:15:00Z,2025-01-21T16:30:00Z,2025-01-21,2025-01-21_18,100.0,0,100,0,97.23836521739013,70.10358260869447,0.0753743961352657,0.0,0.036,True,True,False,False,8112.75,0.0,0.0,189.89249472520848,0.0,-2.213603938511002,8300.428890786698
2025-01-21T16:30:00Z,2025-01-21T16:45:00Z,2025-01-21,2025-01-21_18,100.0,0,100,0,70.10358260869447,43.74651739130317,0.07321407004830918,0.0,0.7515,True,True,False,False,8112.75,0.0,0.0,189.89249472520848,0.0,-43.020411433738566,8259.62208329147
2025-01-21T16:45:00Z,2025-01-21T17:00:00Z,2025-01-21,2025-01-21_18,100.0,0,100,0,43.74651739130317,16.576408695651004,0.07547252415458937,0.0,0.0035000000000000005,True,True,False,False,8112.75,0.0,0.0,189.89249472520848,0.0,-0.21521149402190298,8302.427283231187
2025-01-21T17:00:00Z,2025-01-21T17:15:00Z,2025-01-21,2025-01-21_19,0.0,100,100,0,16.576408695651004,16.455978260868395,0.0005773067632850241,0.151,0.0475,True,True,False,False,0.0,0.0,200.23108610469208,189.89249472520848,20.63297498241736,-2.920727418868683,407.8358283934492
2025-01-21T17:15:00Z,2025-01-21T17:30:00Z,2025-01-21,2025-01-21_19,0.0,100,100,0,16.455978260868395,13.197826086955352,0.00905042270531401,2.9975,0.0,True,True,False,False,0.0,0.0,200.23108610469208,189.89249472520848,537.3376384004822,0.0,927.4612192303828
2025-01-21T17:30:00Z,2025-01-21T17:45:00Z,2025-01-21,2025-01-21_19,0.0,100,100,0,13.197826086955352,9.999999999998831,0.008882850241545894,2.942,0.0,True,True,False,False,0.0,0.0,200.23108610469208,189.89249472520848,531.4417212900634,0.0,921.5653021199639
2025-01-21T17:45:00Z,2025-01-21T18:00:00Z,2025-01-21,2025-01-21_19,0.0,100,100,0,9.999999999998831,10.904449565216224,0.0034241956521739135,0.151,1.1615,True,True,False,False,0.0,0.0,200.23108610469208,189.89249472520848,20.63297498241736,-43.051704109313775,367.7048517030041
2025-01-21T18:00:00Z,2025-01-21T18:15:00Z,2025-01-21,2025-01-21_20,0.0,100,100,0,10.904449565216224,10.528136521737963,0.003115314009661836,0.689,0.4050000000000001,True,True,False,False,0.0,0.0,200.23108610469208,189.89249472520848,94.14648849593087,-12.823440168793333,471.4466291570381
2025-01-21T18:15:00Z,2025-01-21T18:30:00Z,2025-01-21,2025-01-21_20,0.0,100,100,0,10.528136521737963,11.19409391304231,0.001904229468599034,0.009,0.7345,True,True,False,False,0.0,0.0,200.23108610469208,189.89249472520848,1.2297799658394453,-41.759125590274294,349.59423520546574
2025-01-21T18:30:00Z,2025-01-21T18:45:00Z,2025-01-21,2025-01-21_20,0.0,100,100,0,11.19409391304231,11.186872173911876,0.0002245048309178744,0.0405,0.04,True,True,False,False,0.0,0.0,200.23108610469208,189.89249472520848,5.534009846277504,-2.41937104390636,393.2382196322717
2025-01-21T18:45:00Z,2025-01-21T19:00:00Z,2025-01-21,2025-01-21_20,0.0,100,100,0,11.186872173911876,20.11597478260753,0.02481815942028986,0.0025,9.7085,True,True,False,False,0.0,0.0,200.23108610469208,189.89249472520848,0.3416055460665126,835.4440785692757,1225.9092649452427
2025-01-21T19:00:00Z,2025-01-21T19:15:00Z,2025-01-21,2025-01-21_21,0.0,100,100,0,20.11597478260753,23.359772173911878,0.0090648961352657,0.009,3.5365,True,True,False,False,0.0,0.0,200.23108610469208,189.89249472520848,1.2297799658394453,-47.225581734150516,344.1277790615895
2025-01-21T19:15:00Z,2025-01-21T19:30:00Z,2025-01-21,2025-01-21_21,0.0,100,100,0,23.359772173911878,25.895963478259706,0.007087246376811594,0.007000000000000001,2.765,True,True,False,False,0.0,0.0,200.23108610469208,189.89249472520848,0.9564955289862355,-75.14477142570081,315.935304933186
2025-01-21T19:30:00Z,2025-01-21T19:45:00Z,2025-01-21,2025-01-21_21,0.0,100,100,0,25.895963478259706,32.187383478259704,0.017476166666666668,0.0,6.8385,True,True,False,False,0.0,0.0,200.23108610469208,189.89249472520848,0.0,-75.18021400582738,314.94336682407317
2025-01-21T19:45:00Z,2025-01-21T20:00:00Z,2025-01-21,2025-01-21_21,0.0,100,100,0,32.187383478259704,48.665963478259705,0.04577383333333333,0.0,17.9115,True,True,False,False,0.0,0.0,200.23108610469208,189.89249472520848,0.0,1632.600922033558,2022.7245028634584
2025-01-21T20:00:00Z,2025-01-21T20:15:00Z,2025-01-21,2025-01-21_22,0.0,100,100,0,48.665963478259705,41.65007478260753,0.02583146859903382,7.505000000000001,1.241,True,True,False,False,0.0,0.0,200.23108610469208,189.89249472520848,1700.946833115644,-21.913070029136946,2069.1573439164076
2025-01-21T20:15:00Z,2025-01-21T20:30:00Z,2025-01-21,2025-01-21_22,0.0,100,100,0,41.65007478260753,44.92660869565101,0.010617183574879228,0.251,3.8580000000000005,True,True,False,False,0.0,0.0,200.23108610469208,189.89249472520848,32.61728986235306,-77.2801627649955,345.4607079272581
2025-01-21T20:30:00Z,2025-01-21T20:45:00Z,2025-01-21,2025-01-21_22,0.0,100,100,0,44.92660869565101,50.94110869565101,0.016706944444444448,0.0,6.5375000000000005,True,True,False,False,0.0,0.0,200.23108610469208,189.89249472520848,0.0,-66.39966592987041,323.72391490003014
2025-01-21T20:45:00Z,2025-01-21T21:00:00Z,2025-01-21,2025-01-21_22,0.0,100,100,0,50.94110869565101,57.41836869565101,0.01799238888888889,0.0,7.0405,True,True,False,False,0.0,0.0,200.23108610469208,189.89249472520848,0.0,-110.20189842258615,279.9216824073144
2025-01-21T21:00:00Z,2025-01-21T21:15:00Z,2025-01-21,2025-01-21_23,-100.0,100,0,0,57.41836869565101,79.792768695651,0.06215111111111111,0.68,0.0,True,True,False,False,-3587.25,0.0,200.23108610469208,0.0,92.64943635084899,0.0,-3294.3694775444587
2025-01-21T21:15:00Z,2025-01-21T21:30:00Z,2025-01-21,2025-01-21_23,-100.0,100,0,0,79.792768695651,102.749068695651,0.06376749999999999,0.0475,0.0,True,True,False,False,-3587.25,0.0,200.23108610469208,0.0,5.345122073746609,0.0,-3381.6737918215613
2025-01-21T21:30:00Z,2025-01-21T21:45:00Z,2025-01-21,2025-01-21_23,-100.0,100,0,0,102.749068695651,125.749068695651,0.0638888888888889,0.0,0.0,True,True,False,False,-3587.25,0.0,200.23108610469208,0.0,0.0,0.0,-3387.018913895308
2025-01-21T21:45:00Z,2025-01-21T22:00:00Z,2025-01-21,2025-01-21_23,-100.0,100,0,0,125.749068695651,148.749068695651,0.06388888888888888,0.0,0.0,True,True,False,False,-3587.25,0.0,200.23108610469208,0.0,0.0,0.0,-3387.018913895308
2025-01-21T22:00:00Z,2025-01-21T22:15:00Z,2025-01-22,2025-01-21_24,0.0,100,100,0,148.749068695651,147.41679130434667,0.006036548309178744,1.6125,0.457,True,True,False,False,0.0,0.0,198.0648661683144,189.89631058596575,258.27348082951534,-13.235680210594005,632.9989773732015
2025-01-21T22:15:00Z,2025-01-21T22:30:00Z,2025-01-22,2025-01-21_24,0.0,100,100,0,147.41679130434667,146.3271173913032,0.003026871980676328,1.0025,0.0,True,True,False,False,0.0,0.0,198.0648661683144,189.89631058596575,138.77102825335584,0.0,526.732205007636
2025-01-21T22:30:00Z,2025-01-21T22:45:00Z,2025-01-22,2025-01-21_24,0.0,100,100,0,146.3271173913032,146.1864608695641,0.002384045893719807,0.4595,0.39,True,True,False,False,0.0,0.0,198.0648661683144,189.89631058596575,62.78836106422313,-9.878605015673982,440.8709328028293
2025-01-21T22:45:00Z,2025-01-21T23:00:00Z,2025-01-22,2025-01-21_24,0.0,100,100,0,146.1864608695641,153.1743208695641,0.019410722222222225,0.0,7.595500000000001,True,True,False,False,0.0,0.0,198.0648661683144,189.89631058596575,0.0,-122.72095932802831,265.24021742625183
2025-01-21T23:00:00Z,2025-01-21T23:15:00Z,2025-01-22,2025-01-22_1,0.0,100,100,0,153.1743208695641,154.7824808695641,0.004467111111111111,0.0,1.748,True,True,False,False,0.0,0.0,198.0648661683144,189.89631058596575,0.0,-46.81460413150068,341.1465726227795
2025-01-21T23:15:00Z,2025-01-21T23:30:00Z,2025-01-22,2025-01-22_1,0.0,100,100,0,154.7824808695641,155.40763999999888,0.002101891304347826,0.0605,0.751,True,True,False,False,0.0,0.0,198.0648661683144,189.89631058596575,8.267020335985853,-26.178757736516356,370.0494393537497
2025-01-21T23:30:00Z,2025-01-21T23:45:00Z,2025-01-22,2025-01-22_1,0.0,100,100,0,155.40763999999888,157.38333999999887,0.005488055555555556,0.0,2.1475,True,True,False,False,0.0,0.0,198.0648661683144,189.89631058596575,0.0,-50.308134896712474,337.6530418575677
2025-01-21T23:45:00Z,2025-01-22T00:00:00Z,2025-01-22,2025-01-22_1,0.0,100,100,0,157.38333999999887,162.46587999999886,0.014118166666666666,0.0,5.5245,True,True,False,False,0.0,0.0,198.0648661683144,189.89631058596575,0.0,-98.81687937062937,289.1442973836508
2025-01-22T00:00:00Z,2025-01-22T00:15:00Z,2025-01-22,2025-01-22_2,0.0,100,100,0,162.46587999999886,163.43761478260754,0.0028079589371980676,0.018,1.0775,True,True,False,False,0.0,0.0,198.0648661683144,189.89631058596575,2.3832493368700267,-27.312732597861906,363.0316934932883
2025-01-22T00:15:00Z,2025-01-22T00:30:00Z,2025-01-22,2025-01-22_2,0.0,100,100,0,163.43761478260754,163.54928434782494,0.0005970289855072464,0.0475,0.1775,True,True,False,False,0.0,0.0,198.0648661683144,189.89631058596575,3.474399164054337,-7.609914797845832,383.8256611204887
2025-01-22T00:30:00Z,2025-01-22T00:45:00Z,2025-01-22,2025-01-22_2,0.0,100,100,0,163.54928434782494,164.58106434782493,0.0028660555555555553,0.0,1.1215,True,True,False,False,0.0,0.0,198.0648661683144,189.89631058596575,0.0,-30.45159613375131,357.5095806205288
2025-01-22T00:45:00Z,2025-01-22T01:00:00Z,2025-01-22,2025-01-22_2,0.0,100,100,0,164.58106434782493,165.13415304347708,0.0015635314009661836,0.0045,0.6065,True,True,False,False,0.0,0.0,198.0648661683144,189.89631058596575,0.2712804436942368,-22.207377019532196,366.0250801784422
2025-01-22T01:00:00Z,2025-01-22T01:15:00Z,2025-01-22,2025-01-22_3,0.0,100,100,0,165.13415304347708,166.46624347825968,0.003968971014492753,0.0445,1.5005,True,True,False,False,0.0,0.0,198.0648661683144,189.89631058596575,5.240732557672213,-32.40198346194036,360.799925850012
2025-01-22T01:15:00Z,2025-01-22T01:30:00Z,2025-01-22,2025-01-22_3,0.0,100,100,0,166.46624347825968,166.9869634782597,0.0014464444444444444,0.0,0.566,True,True,False,False,0.0,0.0,198.0648661683144,189.89631058596575,0.0,-24.67611687163411,363.28505988264607
2025-01-22T01:30:00Z,2025-01-22T01:45:00Z,2025-01-22,2025-01-22_3,0.0,100,100,0,166.9869634782597,167.3384991304336,0.0012059565217391304,0.038,0.42699999999999994,True,True,False,False,0.0,0.0,198.0648661683144,189.89631058596575,4.848886745438469,-24.277065951290083,368.53299754842857
2025-01-22T01:45:00Z,2025-01-22T02:00:00Z,2025-01-22,2025-01-22_3,0.0,100,100,0,167.3384991304336,166.42176782608578,0.0031751425120772952,0.9475000000000001,0.123,True,True,False,False,0.0,0.0,198.0648661683144,189.89631058596575,132.31661190820677,-7.4918676151434775,512.7859210473434
2025-01-22T02:00:00Z,2025-01-22T02:15:00Z,2025-01-22,2025-01-22_4,-15.684793293360055,100,84,0,166.42176782608578,169.76385250025203,0.01221372563232596,0.5755,0.37506,True,True,False,False,-486.2678040773951,0.0,200.23510971786837,159.51290089221123,78.63917691503897,-20.640208102242585,-68.52082465451912
2025-01-22T02:15:00Z,2025-01-22T02:30:00Z,2025-01-22,2025-01-22_4,-15.684793293360055,100,84,0,169.76385250025203,173.16916362228702,0.010513137645041326,0.207,0.0189,True,True,False,False,-486.2678040773951,0.0,200.23510971786837,159.51290089221123,26.911039908367496,-1.3292741741017604,-100.93802773304978
2025-01-22T02:30:00Z,2025-01-22T02:45:00Z,2025-01-22,2025-01-22_4,-15.684793293360055,100,84,0,173.16916362228702,176.66661690618335,0.010998205504185085,0.252,0.17093999999999998,True,True,False,False,-486.2678040773951,0.0,200.23510971786837,159.51290089221123,33.861803713527856,-10.860378381962862,-103.51836813575052
2025-01-22T02:45:00Z,2025-01-22T03:00:00Z,2025-01-22,2025-01-22_4,-15.684793293360055,100,84,0,176.66661690618335,180.19031772174245,0.012069048920307532,0.44800000000000006,0.42545999999999995,True,True,False,False,-486.2678040773951,0.0,200.23510971786837,159.51290089221123,61.21694397556467,-16.341531818181817,-81.64438130993265
2025-01-22T03:00:00Z,2025-01-22T03:15:00Z,2025-01-22,2025-01-22_5,0.0,100,100,0,180.19031772174245,180.20706033043808,0.00033938164251207727,0.0485,0.0755,True,True,False,False,0.0,0.0,200.23510971786837,189.89631058596575,6.6272807652117995,-5.053860521662245,391.7048405473837
2025-01-22T03:15:00Z,2025-01-22T03:30:00Z,2025-01-22,2025-01-22_5,0.0,100,100,0,180.20706033043808,180.39416293913374,0.0006737149758454107,0.025499999999999995,0.23350000000000004,True,True,False,False,0.0,0.0,200.23510971786837,189.89631058596575,3.4844465878948627,-12.970032553653247,380.64583433807576
2025-01-22T03:30:00Z,2025-01-22T03:45:00Z,2025-01-22,2025-01-22_5,0.0,100,100,0,180.39416293913374,180.6295264173946,0.0008591014492753624,0.034,0.296,True,True,False,False,0.0,0.0,200.23510971786837,189.89631058596575,4.6459287838598184,-17.303663692629208,377.4736853950647
2025-01-22T03:45:00Z,2025-01-22T04:00:00Z,2025-01-22,2025-01-22_5,0.0,100,100,0,180.6295264173946,180.8054716347859,0.000796707729468599,0.05099999999999999,0.2515,True,True,False,False,0.0,0.0,200.23510971786837,189.89631058596575,6.9688931757897254,-12.927203098625512,384.1731103809983
2025-01-22T04:00:00Z,2025-01-22T04:15:00Z,2025-01-22,2025-01-22_6,-26.0,100,74,0,180.8054716347859,188.7638764347859,0.022106680000000004,0.0,2.15044,True,True,False,False,-920.6599999999999,0.0,200.23510971786837,140.52326983361465,0.0,-45.00739034643517,-624.909010794952
2025-01-22T04:15:00Z,2025-01-22T04:30:00Z,2025-01-22,2025-01-22_6,-26.0,100,74,0,188.7638764347859,190.0000000000033,0.023763567874396135,4.5495,0.00407,True,True,False,False,-920.6599999999999,0.0,200.23510971786837,140.52326983361465,929.1341713889558,-0.28625110521662245,348.9462998352223
2025-01-22T04:30:00Z,2025-01-22T04:45:00Z,2025-01-22,2025-01-22_6,-26.0,100,74,0,190.0000000000033,185.53930400000328,0.03231751111111111,10.005,0.0,True,True,False,False,-920.6599999999999,0.0,200.23510971786837,140.52326983361465,7625.672115384616,0.0,7045.770494936099
2025-01-22T04:45:00Z,2025-01-22T05:00:00Z,2025-01-22,2025-01-22_6,-26.0,100,74,0,185.53930400000328,177.31766163478588,0.03797526879227052,13.608999999999998,0.0,True,True,False,False,-920.6599999999999,0.0,200.23510971786837,140.52326983361465,4629.668911261152,0.0,4049.767290812635
2025-01-22T05:00:00Z,2025-01-22T05:15:00Z,2025-01-22,2025-01-22_7,0.0,100,100,0,177.31766163478588,189.77174598261198,0.034642987922705315,0.008,13.5465,True,True,False,False,0.0,0.0,200.23510971786837,189.89631058596575,1.093159713849369,7601.403806366047,7992.628386383731
2025-01-22T05:15:00Z,2025-01-22T05:30:00Z,2025-01-22,2025-01-22_7,0.0,100,100,0,189.77174598261198,189.89725467826415,0.0005841425120772947,0.039,0.1825,True,True,False,False,0.0,0.0,200.23510971786837,189.89631058596575,5.329153605015674,-8.391208001768346,387.0693659070814
2025-01-22T05:30:00Z,2025-01-22T05:45:00Z,2025-01-22,2025-01-22_7,0.0,100,100,0,189.89725467826415,188.77766076522067,0.0033604275362318836,1.0715,0.049,True,True,False,False,0.0,0.0,200.23510971786837,189.89631058596575,202.8359146169922,-3.144846073466763,589.8224888473595
2025-01-22T05:45:00Z,2025-01-22T06:00:00Z,2025-01-22,2025-01-22_7,0.0,100,100,0,188.77766076522067,178.4004868521772,0.028825483091787438,9.547,0.0,True,True,False,False,0.0,0.0,200.23510971786837,189.89631058596575,2328.148870267664,0.0,2718.280290571498
2025-01-22T06:00:00Z,2025-01-22T06:15:00Z,2025-01-22,2025-01-22_8,99.98890147549207,0,100,0,178.4004868521772,154.9039835941507,0.06526998222102541,0.0,3.3805,True,True,False,False,8392.06850083805,0.0,0.0,189.89631058596575,0.0,-68.88573727996142,8513.079074144054
2025-01-22T06:15:00Z,2025-01-22T06:30:00Z,2025-01-22,2025-01-22_8,99.98890147549207,0,100,0,154.9039835941507,127.73308645407134,0.07547471427799823,0.0,0.0,True,True,False,False,8392.06850083805,0.0,0.0,189.89631058596575,0.0,0.0,8581.964811424015
2025-01-22T06:30:00Z,2025-01-22T06:45:00Z,2025-01-22,2025-01-22_8,99.98890147549207,0,100,0,127.73308645407134,100.56218931399198,0.07547471427799823,0.0,0.0,True,True,False,False,8392.06850083805,0.0,0.0,189.89631058596575,0.0,0.0,8581.964811424015
2025-01-22T06:45:00Z,2025-01-22T07:00:00Z,2025-01-22,2025-01-22_8,99.98890147549207,0,100,0,100.56218931399198,73.39129217391262,0.07547471427799823,0.0,0.0,True,True,False,False,8392.06850083805,0.0,0.0,189.89631058596575,0.0,0.0,8581.964811424015
2025-01-22T07:00:00Z,2025-01-22T07:15:00Z,2025-01-22,2025-01-22_9,0.0,100,100,0,73.39129217391262,58.68150956521696,0.04086050724637681,13.533000000000001,0.0,True,True,False,False,0.0,0.0,200.23510971786837,187.3945020496745,4699.998064263324,0.0,5087.6276760308665
2025-01-22T07:15:00Z,2025-01-22T07:30:00Z,2025-01-22,2025-01-22_9,0.0,100,100,0,58.68150956521696,42.90216173913001,0.04383152173913043,14.517,0.0,True,True,False,False,0.0,0.0,200.23510971786837,187.3945020496745,4906.841683144442,0.0,5294.471294911985
2025-01-22T07:30:00Z,2025-01-22T07:45:00Z,2025-01-22,2025-01-22_9,0.0,100,100,0,42.90216173913001,30.807429565216964,0.03360158937198068,11.128,0.001,True,True,False,False,0.0,0.0,200.23510971786837,187.3945020496745,3382.1190595611283,-0.07033196688369102,3769.6783393617875
2025-01-22T07:45:00Z,2025-01-22T08:00:00Z,2025-01-22,2025-01-22_9,0.0,100,100,0,30.807429565216964,30.260566086956093,0.0015395096618357486,0.5065,0.004,True,True,False,False,0.0,0.0,200.23510971786837,187.3945020496745,69.21067438308816,-0.2813278675347641,456.5589582830963
2025-01-22T08:00:00Z,2025-01-22T08:15:00Z,2025-01-22,2025-01-22_10,0.0,100,100,0,30.260566086956093,11.750783478260441,0.051416062801932366,17.029,0.0,True,True,False,False,0.0,0.0,196.79889076440801,187.3945020496745,16719.50843039145,0.0,17103.70182320553
2025-01-22T08:15:00Z,2025-01-22T08:30:00Z,2025-01-22,2025-01-22_10,0.0,100,100,0,11.750783478260441,11.14619043478218,0.0017867584541062802,0.574,0.021,True,True,False,False,0.0,0.0,196.79889076440801,187.3945020496745,78.43420946869222,-1.4769713045575117,461.1506309782172
2025-01-22T08:30:00Z,2025-01-22T08:45:00Z,2025-01-22,2025-01-22_10,0.0,100,100,0,11.14619043478218,10.965223478260441,0.0015172415458937199,0.3345,0.1985,True,True,False,False,0.0,0.0,196.79889076440801,187.3945020496745,45.70774053532674,-12.112153765774456,417.7889795836348
2025-01-22T08:45:00Z,2025-01-22T09:00:00Z,2025-01-22,2025-01-22_10,0.0,100,100,0,10.965223478260441,13.732499999999572,0.007689898550724638,0.0005,3.0085,True,True,False,False,0.0,0.0,196.79889076440801,187.3945020496745,0.06832248211558556,-94.94996242263484,289.31175287356325
2025-01-22T09:00:00Z,2025-01-22T09:15:00Z,2025-01-22,2025-01-22_11,-77.0,100,23,0,13.732499999999572,17.133587999999573,0.03018357777777778,14.93,0.0,True,True,False,False,-3446.905,0.0,196.79889076440801,43.100735471425125,14389.500038180211,0.0,11182.494664416045
2025-01-22T09:15:00Z,2025-01-22T09:30:00Z,2025-01-22,2025-01-22_11,-77.0,100,23,0,17.133587999999573,31.66169999999957,0.04496697777777778,3.32,0.0,True,True,False,False,-3446.905,0.0,196.79889076440801,43.100735471425125,586.1750743509364,0.0,-2620.8302994132305
2025-01-22T09:30:00Z,2025-01-22T09:45:00Z,2025-01-22,2025-01-22_11,-77.0,100,23,0,31.66169999999957,48.27016239999957,0.04773461777777778,1.152,0.00276,True,True,False,False,-3446.905,0.0,196.79889076440801,43.100735471425125,157.41499879430913,-0.17082228116710874,-3049.761197251025
2025-01-22T09:45:00Z,2025-01-22T10:00:00Z,2025-01-22,2025-01-22_11,-77.0,100,23,0,48.27016239999957,65.86679159999957,0.049070497777777784,0.1375,0.020009999999999997,True,True,False,False,-3446.905,0.0,196.79889076440801,43.100735471425125,18.78868258178603,-1.3131954545454545,-3189.5298866369267
2025-01-22T10:00:00Z,2025-01-22T10:15:00Z,2025-01-22,2025-01-22_12,0.0,100,100,0,65.86679159999957,56.92929159999957,0.024826388888888887,8.2225,0.0,True,True,False,False,0.0,0.0,196.79889076440801,187.3945020496745,1712.007974137931,0.0,2096.2013669520134
2025-01-22T10:15:00Z,2025-01-22T10:30:00Z,2025-01-22,2025-01-22_12,0.0,100,100,0,56.92929159999957,51.3466829043474,0.015507246376811593,5.136,0.0,True,True,False,False,0.0,0.0,196.79889076440801,187.3945020496745,972.3794646732579,0.0,1356.5728574873403
2025-01-22T10:30:00Z,2025-01-22T10:45:00Z,2025-01-22,2025-01-22_12,0.0,100,100,0,51.3466829043474,49.770595947825655,0.004378019323671497,1.45,0.0,True,True,False,False,0.0,0.0,196.79889076440801,187.3945020496745,201.84877622377624,0.0,586.0421690378587
2025-01-22T10:45:00Z,2025-01-22T11:00:00Z,2025-01-22,2025-01-22_12,0.0,100,100,0,49.770595947825655,49.71567594782565,0.00040300000000000004,0.092,0.049,True,True,False,False,0.0,0.0,196.79889076440801,187.3945020496745,12.571336709267742,-3.2526551322240977,393.51207439112613
2025-01-22T11:00:00Z,2025-01-22T11:15:00Z,2025-01-22,2025-01-22_13,-100.0,100,0,0,49.71567594782565,72.21657594782565,0.0625025,0.5425,0.0,True,True,False,False,-4125.0,0.0,196.79889076440801,0.0,74.12989309541032,0.0,-3854.0712161401816
2025-01-22T11:15:00Z,2025-01-22T11:30:00Z,2025-01-22,2025-01-22_13,-100.0,100,0,0,72.21657594782565,94.70045594782565,0.062455222222222224,0.561,0.0,True,True,False,False,-4125.0,0.0,196.79889076440801,0.0,76.65782493368701,0.0,-3851.543284301905
2025-01-22T11:30:00Z,2025-01-22T11:45:00Z,2025-01-22,2025-01-22_13,-100.0,100,0,0,94.70045594782565,108.03907594782565,0.03705172222222222,10.5015,0.0,True,True,False,False,-4125.0,0.0,196.79889076440801,0.0,8007.832684169279,0.0,4079.631574933687
2025-01-22T11:45:00Z,2025-01-22T12:00:00Z,2025-01-22,2025-01-22_13,-100.0,100,0,0,108.03907594782565,130.57217594782566,0.06259194444444445,0.5075,0.0,True,True,False,False,-4125.0,0.0,196.79889076440801,0.0,69.34731934731933,0.0,-3858.853789888273
2025-01-22T12:00:00Z,2025-01-22T12:15:00Z,2025-01-22,2025-01-22_14,-72.7709908382022,100,27,0,130.57217594782566,147.0458166707462,0.046274767700603084,0.313,0.04185,True,True,False,False,-3092.7671106235935,0.0,196.79889076440801,50.865083192669395,42.76987380435656,-2.174477694719074,-2804.5077405568786
2025-01-22T12:15:00Z,2025-01-22T12:30:00Z,2025-01-22,2025-01-22_14,-72.7709908382022,100,27,0,147.0458166707462,161.59135929260654,0.044147451688551165,2.2765,0.006614999999999999,True,True,False,False,-3092.7671106235935,0.0,196.79889076440801,50.865083192669395,406.338141025641,-0.41812452073788275,-2439.183120161613
2025-01-22T12:30:00Z,2025-01-22T12:45:00Z,2025-01-22,2025-01-22_14,-72.7709908382022,100,27,0,161.59135929260654,173.57041458576217,0.041378907919026486,4.9285,0.0,True,True,False,False,-3092.7671106235935,0.0,196.79889076440801,50.865083192669395,988.5096926493046,0.0,-1856.5934440172114
2025-01-22T12:45:00Z,2025-01-22T13:00:00Z,2025-01-22,2025-01-22_14,-72.7709908382022,100,27,0,173.57041458576217,189.38996446894183,0.045514288217413185,0.9555000000000001,0.005129999999999999,True,True,False,False,-3092.7671106235935,0.0,196.79889076440801,50.865083192669395,144.4538048589342,-0.3164757656136966,-2700.9658075731954
2025-01-22T13:00:00Z,2025-01-22T13:15:00Z,2025-01-22,2025-01-22_15,0.0,100,100,0,189.38996446894183,189.398393164594,0.00046725362318840577,0.0735,0.096,True,True,False,False,0.0,0.0,198.0648661683144,188.38919700988666,10.043404870991077,-6.289693754521341,390.2077742946708
2025-01-22T13:15:00Z,2025-01-22T13:30:00Z,2025-01-22,2025-01-22_15,0.0,100,100,0,189.398393164594,189.25772446894183,0.0005543019323671497,0.1565,0.032,True,True,False,False,0.0,0.0,198.0648661683144,188.38919700988666,21.38493690217828,-2.082327787155373,405.75667229322397
2025-01-22T13:30:00Z,2025-01-22T13:45:00Z,2025-01-22,2025-01-22_15,0.0,100,100,0,189.25772446894183,189.06226186024617,0.0009697294685990339,0.2505,0.0835,True,True,False,False,0.0,0.0,198.0648661683144,188.38919700988666,34.22956353990836,-5.437768869061973,415.24585784904747
2025-01-22T13:45:00Z,2025-01-22T14:00:00Z,2025-01-22,2025-01-22_15,0.0,100,100,0,189.06226186024617,188.91409055589833,0.0010044758454106281,0.2345,0.116,True,True,False,False,0.0,0.0,198.0648661683144,188.38919700988666,32.04324411220963,-7.272634032634032,411.22467325777666
2025-01-22T14:00:00Z,2025-01-22T14:15:00Z,2025-01-22,2025-01-22_16,0.0,100,100,0,188.91409055589833,189.09275142546355,0.0007559420289855073,0.043,0.245,True,True,False,False,0.0,0.0,198.0648661683144,191.70484687726068,7.467244996382927,-15.020108914074433,382.21684912788356
2025-01-22T14:15:00Z,2025-01-22T14:30:00Z,2025-01-22,2025-01-22_16,0.0,100,100,0,189.09275142546355,188.94146533850704,0.0006093502415458937,0.1705,0.037,True,True,False,False,0.0,0.0,198.0648661683144,191.70484687726068,31.61722480106101,-2.5881189213085767,418.7988189253275
2025-01-22T14:30:00Z,2025-01-22T14:45:00Z,2025-01-22,2025-01-22_16,0.0,100,100,0,188.94146533850704,188.87680881676792,0.0005118236714975845,0.11449999999999999,0.065,True,True,False,False,0.0,0.0,198.0648661683144,191.70484687726068,21.320643637971223,-4.354349529780564,406.73600715376574
2025-01-22T14:45:00Z,2025-01-22T15:00:00Z,2025-01-22,2025-01-22_16,0.0,100,100,0,188.87680881676792,188.89039490372443,0.0007442608695652174,0.117,0.153,True,True,False,False,0.0,0.0,198.0648661683144,191.70484687726068,21.871222570532915,-9.563145647455991,402.077789968652
2025-01-22T15:00:00Z,2025-01-22T15:15:00Z,2025-01-22,2025-01-22_17,89.5873910390113,10,100,0,188.89039490372443,176.9348475481473,0.039374326522576525,0.0,11.583,True,True,False,False,5844.009485952304,0.0,19.806486616831442,191.70484687726068,0.0,6140.547155172414,12196.06797461881
2025-01-22T15:15:00Z,2025-01-22T15:30:00Z,2025-01-22,2025-01-22_17,89.5873910390113,10,100,0,176.9348475481473,159.1286783562635,0.05271518587147529,0.0005499999999999999,6.1135,True,True,False,False,5844.009485952304,0.0,19.806486616831442,191.70484687726068,0.09283819628647214,1666.6363651434772,7722.25002278616
2025-01-22T15:30:00Z,2025-01-22T15:45:00Z,2025-01-22,2025-01-22_17,89.5873910390113,10,100,0,159.1286783562635,135.52510288080717,0.0659345681412281,0.0008500000000000001,0.6935,True,True,False,False,5844.009485952304,0.0,19.806486616831442,191.70484687726068,0.1434772124427297,-40.728980186480186,6014.935316472359
2025-01-22T15:45:00Z,2025-01-22T16:00:00Z,2025-01-22,2025-01-22_17,89.5873910390113,10,100,0,135.52510288080717,111.36902173912932,0.06719495699596358,0.0018999999999999998,0.178,True,True,False,False,5844.009485952304,0.0,19.806486616831442,191.70484687726068,0.32071376898963105,-11.421201671891327,6044.420331543494
2025-01-22T16:00:00Z,2025-01-22T16:15:00Z,2025-01-22,2025-01-22_18,100.0,0,100,0,111.36902173912932,84.79565217391193,0.0738149154589372,0.0,0.5525,True,True,False,False,6866.500000000001,0.0,0.0,191.70484687726068,0.0,-30.789184952978058,7027.415661924283
2025-01-22T16:15:00Z,2025-01-22T16:30:00Z,2025-01-22,2025-01-22_18,100.0,0,100,0,84.79565217391193,57.88586956521628,0.0747493961352657,0.0,0.243,True,True,False,False,6866.500000000001,0.0,0.0,191.70484687726068,0.0,-15.569403183023873,7042.635443694237
2025-01-22T16:30:00Z,2025-01-22T16:45:00Z,2025-01-22,2025-01-22_18,100.0,0,100,0,57.88586956521628,31.994565217390196,0.07192028985507246,0.0,1.18,True,True,False,False,6866.500000000001,0.0,0.0,191.70484687726068,0.0,-48.852009484768104,7009.352837392494
2025-01-22T16:45:00Z,2025-01-22T17:00:00Z,2025-01-22,2025-01-22_18,100.0,0,100,0,31.994565217390196,9.999999999998895,0.06109601449275361,0.0,4.765,True,True,False,False,6866.500000000001,0.0,0.0,191.70484687726068,0.0,2290.553233260992,9348.758080138254
2025-01-22T17:00:00Z,2025-01-22T17:15:00Z,2025-01-22,2025-01-22_19,0.0,100,100,0,9.999999999998895,12.684730434781505,0.007517971014492754,0.01,2.93,True,True,False,False,0.0,0.0,198.0648661683144,191.70484687726068,1.3624306727755005,170.0158347399727,561.1479784583232
2025-01-22T17:15:00Z,2025-01-22T17:30:00Z,2025-01-22,2025-01-22_19,0.0,100,100,0,12.684730434781505,12.607625217390202,0.0007278478260869565,0.156,0.1005,True,True,False,False,0.0,0.0,198.0648661683144,191.70484687726068,26.822100313479623,-6.3003345792138905,410.2914787798408
2025-01-22T17:30:00Z,2025-01-22T17:45:00Z,2025-01-22,2025-01-22_19,0.0,100,100,0,12.607625217390202,12.617094782607595,0.0003825845410628019,0.05899999999999999,0.08,True,True,False,False,0.0,0.0,198.0648661683144,191.70484687726068,9.251668073306003,-5.316389357768669,393.7049917611124
2025-01-22T17:45:00Z,2025-01-22T18:00:00Z,2025-01-22,2025-01-22_19,0.0,100,100,0,12.617094782607595,12.692633913042377,0.0005057246376811594,0.049,0.14,True,True,False,False,0.0,0.0,198.0648661683144,191.70484687726068,6.800094043887147,-9.186761514347722,387.3830455751145
2025-01-22T18:00:00Z,2025-01-22T18:15:00Z,2025-01-22,2025-01-22_20,0.0,100,100,0,12.692633913042377,12.459108695651071,0.0007100144927536233,0.22500000000000003,0.012,True,True,False,False,0.0,0.0,200.23510971786837,191.70484687726068,41.55424101760309,-0.8439836026042923,432.65021401012785
2025-01-22T18:15:00Z,2025-01-22T18:30:00Z,2025-01-22,2025-01-22_20,0.0,100,100,0,12.459108695651071,13.918317391303244,0.004149975845410628,0.016,1.6049999999999998,True,True,False,False,0.0,0.0,200.23510971786837,191.70484687726068,1.9954183747287195,-53.61707559681697,340.3182993730408
2025-01-22T18:30:00Z,2025-01-22T18:45:00Z,2025-01-22,2025-01-22_20,0.0,100,100,0,13.918317391303244,17.349917391303244,0.009532222222222221,0.0,3.73,True,True,False,False,0.0,0.0,200.23510971786837,191.70484687726068,0.0,-95.48961900168797,296.4503375934411
2025-01-22T18:45:00Z,2025-01-22T19:00:00Z,2025-01-22,2025-01-22_20,0.0,100,100,0,17.349917391303244,28.453397391303245,0.030843000000000002,0.0,12.069,True,True,False,False,0.0,0.0,200.23510971786837,191.70484687726068,0.0,-103.44649264528576,288.4934639498433
2025-01-22T19:00:00Z,2025-01-22T19:15:00Z,2025-01-22,2025-01-22_21,16.977125600000004,0,0,0,28.453397391303245,23.840048043477157,0.012814859299516913,0.0,0.0,True,False,False,False,921.9003628940003,0.0,0.0,0.0,0.0,0.0,921.9003628940003
2025-01-22T19:15:00Z,2025-01-22T19:30:00Z,2025-01-22,2025-01-22_21,16.977125600000004,0,0,0,23.840048043477157,19.22669869565107,0.012814859299516913,0.0,0.0,True,False,False,False,921.9003628940003,0.0,0.0,0.0,0.0,0.0,921.9003628940003
2025-01-22T19:30:00Z,2025-01-22T19:45:00Z,2025-01-22,2025-01-22_21,16.977125600000004,0,0,0,19.22669869565107,14.613349347824983,0.012814859299516913,0.0,0.0,True,False,False,False,921.9003628940003,0.0,0.0,0.0,0.0,0.0,921.9003628940003
2025-01-22T19:45:00Z,2025-01-22T20:00:00Z,2025-01-22,2025-01-22_21,16.977125600000004,0,0,0,14.613349347824983,9.999999999998895,0.012814859299516913,0.0,0.0,True,False,False,False,921.9003628940003,0.0,0.0,0.0,0.0,0.0,921.9003628940003
2025-01-22T20:00:00Z,2025-01-22T20:15:00Z,2025-01-22,2025-01-22_22,0.0,0,0,0,9.999999999998895,9.999999999998895,0.0,0.0,0.0,True,False,False,False,0.0,0.0,0.0,0.0,0.0,0.0,0.0
2025-01-22T20:15:00Z,2025-01-22T20:30:00Z,2025-01-22,2025-01-22_22,0.0,0,0,0,9.999999999998895,9.999999999998895,0.0,0.0,0.0,True,False,False,False,0.0,0.0,0.0,0.0,0.0,0.0,0.0
2025-01-22T20:30:00Z,2025-01-22T20:45:00Z,2025-01-22,2025-01-22_22,0.0,0,0,0,9.999999999998895,9.999999999998895,0.0,0.0,0.0,True,False,False,False,0.0,0.0,0.0,0.0,0.0,0.0,0.0
2025-01-22T20:45:00Z,2025-01-22T21:00:00Z,2025-01-22,2025-01-22_22,0.0,0,0,0,9.999999999998895,9.999999999998895,0.0,0.0,0.0,True,False,False,False,0.0,0.0,0.0,0.0,0.0,0.0,0.0
2025-01-22T21:00:00Z,2025-01-22T21:15:00Z,2025-01-22,2025-01-22_23,0.0,100,100,0,9.999999999998895,15.577959999998896,0.015494333333333334,0.0,6.063,True,True,False,False,0.0,0.0,200.23510971786837,187.3945020496745,0.0,2199.420137448758,2587.049749216301
2025-01-22T21:15:00Z,2025-01-22T21:30:00Z,2025-01-22,2025-01-22_23,0.0,100,100,0,15.577959999998896,16.07912173912933,0.0016336618357487922,0.04,0.592,True,True,False,False,0.0,0.0,200.23510971786837,187.3945020496745,4.147576561369665,-21.81492163009404,369.9622666988185
2025-01-22T21:30:00Z,2025-01-22T21:45:00Z,2025-01-22,2025-01-22_23,0.0,100,100,0,16.07912173912933,18.85154173912933,0.007701166666666668,0.0,3.0135,True,True,False,False,0.0,0.0,200.23510971786837,187.3945020496745,0.0,-58.083329213889556,329.5462825536533
2025-01-22T21:45:00Z,2025-01-22T22:00:00Z,2025-01-22,2025-01-22_23,0.0,100,100,0,18.85154173912933,24.753341739129333,0.016393888888888892,0.0,6.415,True,True,False,False,0.0,0.0,200.23510971786837,187.3945020496745,0.0,-87.06089844063983,300.56871332690304
2025-01-22T22:00:00Z,2025-01-22T22:15:00Z,2025-01-23,2025-01-22_24,-15.645069721269174,100,84,0,24.753341739129333,19.97680430829206,0.02949000983944155,8.394,0.57582,True,True,False,False,-547.577440244421,0.0,198.0489471146118,159.5000803729304,9946.34353319402,-14.349913864330492,9741.965206572811
2025-01-22T22:15:00Z,2025-01-22T22:30:00Z,2025-01-23,2025-01-22_24,-15.645069721269174,100,84,0,19.97680430829206,12.03221320243031,0.033358381974228836,10.881,0.0,True,True,False,False,-547.577440244421,0.0,198.0489471146118,159.5000803729304,10794.000974119916,0.0,10603.972561363036
2025-01-22T22:30:00Z,2025-01-22T22:45:00Z,2025-01-23,2025-01-22_24,-15.645069721269174,100,84,0,12.03221320243031,13.441013615623978,0.014427137385399108,2.064,0.0,True,True,False,False,-547.577440244421,0.0,198.0489471146118,159.5000803729304,410.9557209451857,0.0,220.92730818830685
2025-01-22T22:45:00Z,2025-01-22T23:00:00Z,2025-01-23,2025-01-22_24,-15.645069721269174,100,84,0,13.441013615623978,19.05089379911333,0.015618657786984368,0.007000000000000001,2.1945,True,True,False,False,-547.577440244421,0.0,198.0489471146118,159.5000803729304,1.3019412072014147,-35.85508218132133,-224.58155373099876
2025-01-22T23:00:00Z,2025-01-22T23:15:00Z,2025-01-23,2025-01-23_1,1.553044561851608e-14,100,100,0,19.05089379911333,19.717294668678544,0.007180219806763294,0.8825,1.767,True,True,False,False,4.994979572055234e-13,0.0,198.0489471146118,189.88104806301237,186.80564519369878,-35.70960436425012,539.0260360070733
2025-01-22T23:15:00Z,2025-01-22T23:30:00Z,2025-01-23,2025-01-23_1,1.553044561851608e-14,100,100,0,19.717294668678544,18.26606162520028,0.004434980676328513,1.402,0.079,True,True,False,False,4.994979572055234e-13,0.0,198.0489471146118,189.88104806301237,279.33317513261534,-5.210971306863849,662.0521990033761
2025-01-22T23:30:00Z,2025-01-22T23:45:00Z,2025-01-23,2025-01-23_1,1.553044561851608e-14,100,100,0,18.26606162520028,15.355735538243753,0.008084239130434795,2.6775,0.0,True,True,False,False,4.994979572055234e-13,0.0,198.0489471146118,189.88104806301237,536.1160057667578,0.0,924.0460009443824
2025-01-22T23:45:00Z,2025-01-23T00:00:00Z,2025-01-23,2025-01-23_1,1.553044561851608e-14,100,100,0,15.355735538243753,15.222041625200271,0.00040459420289856246,0.1285,0.0065,True,True,False,False,4.994979572055234e-13,0.0,198.0489471146118,189.88104806301237,22.816573400578683,-0.45712104163317796,410.28944753657015
2025-01-23T00:00:00Z,2025-01-23T00:15:00Z,2025-01-23,2025-01-23_2,-57.535917870871344,100,42,0,15.222041625200271,21.79102795813533,0.03549308911077702,6.725500000000001,0.0,True,True,False,False,-1777.1406632365386,0.0,198.0489471146118,79.7500401864652,1573.3153720262019,0.0,73.97369609074032
2025-01-23T00:15:00Z,2025-01-23T00:30:00Z,2025-01-23,2025-01-23_2,-57.535917870871344,100,42,0,21.79102795813533,34.09730534169047,0.03658296548764109,0.9355,0.0,True,True,False,False,-1777.1406632365386,0.0,198.0489471146118,79.7500401864652,181.82982368188394,0.0,-1317.5118522535777
2025-01-23T00:30:00Z,2025-01-23T00:45:00Z,2025-01-23,2025-01-23_2,-57.535917870871344,100,42,0,34.09730534169047,39.44947070568573,0.03526193743706561,7.953499999999999,0.0,True,True,False,False,-1777.1406632365386,0.0,198.0489471146118,79.7500401864652,6341.47954438595,0.0,4842.137868450489
2025-01-23T00:45:00Z,2025-01-23T01:00:00Z,2025-01-23,2025-01-23_2,-57.535917870871344,100,42,0,39.44947070568573,52.45493217391284,0.03676478164182368,0.249,0.02058,True,True,False,False,-1777.1406632365386,0.0,198.0489471146118,79.7500401864652,45.673648529175374,-1.488667416814017,-1455.1566948231002
2025-01-23T01:00:00Z,2025-01-23T01:15:00Z,2025-01-23,2025-01-23_3,-3.984493765999231e-14,100,100,0,52.45493217391284,57.94385043478241,0.01583878260869568,0.098,6.082,True,True,False,False,-1.0992222176950377e-12,0.0,198.0489471146118,189.88104806301237,18.084808310561005,72.38689639929272,478.4016998874768
2025-01-23T01:15:00Z,2025-01-23T01:30:00Z,2025-01-23,2025-01-23_3,-3.984493765999231e-14,100,100,0,57.94385043478241,61.845570434782424,0.010838111111111135,0.0,4.241,True,True,False,False,-1.0992222176950377e-12,0.0,198.0489471146118,189.88104806301237,0.0,-34.36140552162032,353.56858965600276
2025-01-23T01:30:00Z,2025-01-23T01:45:00Z,2025-01-23,2025-01-23_3,-3.984493765999231e-14,100,100,0,61.845570434782424,64.56199652173896,0.007557705314009688,0.002,2.955,True,True,False,False,-1.0992222176950377e-12,0.0,198.0489471146118,189.88104806301237,0.33756630766757756,-45.74407450570648,342.52348697958416
2025-01-23T01:45:00Z,2025-01-23T02:00:00Z,2025-01-23,2025-01-23_3,-3.984493765999231e-14,100,100,0,64.56199652173896,64.58546695652159,0.00026447101449277906,0.033,0.0645,True,True,False,False,-1.0992222176950377e-12,0.0,198.0489471146118,189.88104806301237,5.5698440765150306,-4.625459230831057,388.874380023307
2025-01-23T02:00:00Z,2025-01-23T02:15:00Z,2025-01-23,2025-01-23_4,-100.0,100,0,0,64.58546695652159,87.58500695652158,0.0638876111111111,0.0005,0.0,True,True,False,False,-2726.25,0.0,198.0489471146118,0.0,0.08439157691689439,0.0,-2528.1166613084715
2025-01-23T02:15:00Z,2025-01-23T02:30:00Z,2025-01-23,2025-01-23_4,-100.0,100,0,0,87.58500695652158,110.58500695652158,0.06388888888888888,0.0,0.0,True,True,False,False,-2726.25,0.0,198.0489471146118,0.0,0.0,0.0,-2528.201052885388
2025-01-23T02:30:00Z,2025-01-23T02:45:00Z,2025-01-23,2025-01-23_4,-100.0,100,0,0,110.58500695652158,133.4368869565216,0.06347744444444445,0.161,0.0,True,True,False,False,-2726.25,0.0,198.0489471146118,0.0,25.19028230991802,0.0,-2503.0107705754704
2025-01-23T02:45:00Z,2025-01-23T03:00:00Z,2025-01-23,2025-01-23_4,-100.0,100,0,0,133.4368869565216,156.38260695652158,0.0637381111111111,0.05899999999999999,0.0,True,True,False,False,-2726.25,0.0,198.0489471146118,0.0,3.55650217006912,0.0,-2524.644550715319
2025-01-23T03:00:00Z,2025-01-23T03:15:00Z,2025-01-23,2025-01-23_5,0.0,100,100,0,156.38260695652158,167.2036469565216,0.03005844444444445,0.0,11.762,True,True,False,False,0.0,0.0,198.0489471146118,189.88104806301237,0.0,69.71693417457,457.64692935219415
2025-01-23T03:15:00Z,2025-01-23T03:30:00Z,2025-01-23,2025-01-23_5,0.0,100,100,0,167.2036469565216,174.1846069565216,0.019391555555555558,0.0,7.588,True,True,False,False,0.0,0.0,198.0489471146118,189.88104806301237,0.0,-121.01951294004179,266.91048223758236
2025-01-23T03:30:00Z,2025-01-23T03:45:00Z,2025-01-23,2025-01-23_5,0.0,100,100,0,174.1846069565216,174.6360973913042,0.0016617487922705315,0.0675,0.5705,True,True,False,False,0.0,0.0,198.0489471146118,189.88104806301237,10.928006952258482,-15.49227093714837,383.3657311927343
2025-01-23T03:45:00Z,2025-01-23T04:00:00Z,2025-01-23,2025-01-23_5,0.0,100,100,0,174.6360973913042,171.75087999999982,0.009292270531400967,2.866,0.25,True,True,False,False,0.0,0.0,198.0489471146118,189.88104806301237,572.576906445909,-5.699144028291271,954.8077575952419
2025-01-23T04:00:00Z,2025-01-23T04:15:00Z,2025-01-23,2025-01-23_6,0.0,100,100,0,171.75087999999982,183.11471999999983,0.031566222222222225,0.0,12.352,True,True,False,False,0.0,0.0,198.0489471146118,189.88104806301237,0.0,8092.133534801479,8480.063529979103
2025-01-23T04:15:00Z,2025-01-23T04:30:00Z,2025-01-23,2025-01-23_6,0.0,100,100,0,183.11471999999983,188.94659999999985,0.016199666666666668,0.0,6.339,True,True,False,False,0.0,0.0,198.0489471146118,189.88104806301237,0.0,16.820614451052887,404.75060962867707
2025-01-23T04:30:00Z,2025-01-23T04:45:00Z,2025-01-23,2025-01-23_6,0.0,100,100,0,188.94659999999985,188.94782608695638,0.005848816425120773,0.968,1.145,True,True,False,False,0.0,0.0,198.0489471146118,189.88104806301237,185.25953865937953,-21.874589093393343,551.3149447436103
2025-01-23T04:45:00Z,2025-01-23T05:00:00Z,2025-01-23,2025-01-23_6,0.0,100,100,0,188.94782608695638,178.0722826086955,0.030209842995169083,10.0055,0.0,True,True,False,False,0.0,0.0,198.0489471146118,189.88104806301237,2063.9801686826872,0.0,2451.9101638603115
2025-01-23T05:00:00Z,2025-01-23T05:15:00Z,2025-01-23,2025-01-23_7,38.8111979313851,61,100,0,178.0722826086955,179.31456132546168,0.03405646572854884,0.02013,11.993,True,True,False,False,1745.6306549588735,0.0,120.8098577399132,189.88104806301237,2.7504420511171834,7236.44578263141,9295.517785444326
2025-01-23T05:15:00Z,2025-01-23T05:30:00Z,2025-01-23,2025-01-23_7,38.8111979313851,61,100,0,179.31456132546168,173.70827844314334,0.03126174886927482,0.0,5.0165,True,True,False,False,1745.6306549588735,0.0,120.8098577399132,189.88104806301237,0.0,-27.351456257032634,2028.9701045047664
2025-01-23T05:30:00Z,2025-01-23T05:45:00Z,2025-01-23,2025-01-23_7,38.8111979313851,61,100,0,173.70827844314334,161.8371084367888,0.03299267309201071,1.22366,0.0055,True,True,False,False,1745.6306549588735,0.0,120.8098577399132,189.88104806301237,211.3894286810802,-0.38679472753576594,2267.3241947153433
2025-01-23T05:45:00Z,2025-01-23T06:00:00Z,2025-01-23,2025-01-23_7,38.8111979313851,61,100,0,161.8371084367888,148.82173913043542,0.036314866153315556,2.318,0.0515,True,True,False,False,1745.6306549588735,0.0,120.8098577399132,189.88104806301237,432.3110986979585,-3.232802604082945,2485.3998568556744
2025-01-23T06:00:00Z,2025-01-23T06:15:00Z,2025-01-23,2025-01-23_8,99.99999999999999,0,100,0,148.82173913043542,129.5989130434789,0.05339673913043478,0.0,7.315,True,True,False,False,5197.249999999999,0.0,0.0,187.37944060440444,0.0,2217.9715550152714,7602.600995619675
2025-01-23T06:15:00Z,2025-01-23T06:30:00Z,2025-01-23,2025-01-23_8,99.99999999999999,0,100,0,129.5989130434789,108.24347826087019,0.05932065217391304,0.0,5.353,True,True,False,False,5197.249999999999,0.0,0.0,187.37944060440444,0.0,-100.40209331297218,5284.227347291431
2025-01-23T06:30:00Z,2025-01-23T06:45:00Z,2025-01-23,2025-01-23_8,99.99999999999999,0,100,0,108.24347826087019,82.91521739130498,0.0703562801932367,0.0,1.698,True,True,False,False,5197.249999999999,0.0,0.0,187.37944060440444,0.0,-72.11621081819644,5312.513229786207
2025-01-23T06:45:00Z,2025-01-23T07:00:00Z,2025-01-23,2025-01-23_8,99.99999999999999,0,100,0,82.91521739130498,55.9684782608702,0.0748520531400966,0.0,0.209,True,True,False,False,5197.249999999999,0.0,0.0,187.37944060440444,0.0,-13.389723918984084,5371.23971668542
2025-01-23T07:00:00Z,2025-01-23T07:15:00Z,2025-01-23,2025-01-23_9,100.0,0,100,0,55.9684782608702,38.463043478261504,0.0486262077294686,0.0,8.895,True,True,False,False,4445.5,0.0,0.0,187.37944060440444,0.0,-51.5759152467449,4581.30352535766
2025-01-23T07:15:00Z,2025-01-23T07:30:00Z,2025-01-23,2025-01-23_9,100.0,0,100,0,38.463043478261504,19.49565217391368,0.05268719806763285,0.0,7.55,True,True,False,False,4445.5,0.0,0.0,187.37944060440444,0.0,102.17258077479504,4735.0520213792
2025-01-23T07:30:00Z,2025-01-23T07:45:00Z,2025-01-23,2025-01-23_9,100.0,0,100,0,19.49565217391368,12.901630434783243,0.0183167270531401,0.0,18.9335,True,True,False,False,4445.5,0.0,0.0,187.37944060440444,0.0,15403.243772705353,20036.12321330976
2025-01-23T07:45:00Z,2025-01-23T08:00:00Z,2025-01-23,2025-01-23_9,100.0,0,100,0,12.901630434783243,10.000000000000634,0.0080600845410628,0.0,22.3305,True,True,False,False,4445.5,0.0,0.0,187.37944060440444,0.0,22439.083447194986,27071.96288779939
2025-01-23T08:00:00Z,2025-01-23T08:15:00Z,2025-01-23,2025-01-23_10,1.8289117909700134,98,100,0,10.000000000000634,21.15933254058055,0.03236452859568582,0.0,12.628,True,True,False,False,76.69998823380494,0.0,192.84741199164122,187.37944060440444,0.0,1036.5094269410063,1493.4362677708568
2025-01-23T08:15:00Z,2025-01-23T08:30:00Z,2025-01-23,2025-01-23_10,1.8289117909700134,98,100,0,21.15933254058055,26.408353600621894,0.01665415384283598,0.0,6.225,True,True,False,False,76.69998823380494,0.0,192.84741199164122,187.37944060440444,0.0,484.29619434174566,941.2230351715963
2025-01-23T08:30:00Z,2025-01-23T08:45:00Z,2025-01-23,2025-01-23_10,1.8289117909700134,98,100,0,26.408353600621894,43.99536910149078,0.04945014386844386,0.0,19.5915,True,True,False,False,76.69998823380494,0.0,192.84741199164122,187.37944060440444,0.0,12119.62674539865,12576.5535862285
2025-01-23T08:45:00Z,2025-01-23T09:00:00Z,2025-01-23,2025-01-23_10,1.8289117909700134,98,100,0,43.99536910149078,62.75697016521854,0.05257234469196431,0.0,20.864,True,True,False,False,76.69998823380494,0.0,192.84741199164122,187.37944060440444,0.0,20965.452499598137,21422.37934042799
2025-01-23T09:00:00Z,2025-01-23T09:15:00Z,2025-01-23,2025-01-23_11,0.0,100,100,0,62.75697016521854,75.65445016521853,0.035826333333333335,0.0,14.019,True,True,False,False,0.0,0.0,196.7830734608584,195.90901784279058,0.0,2793.439551117184,3186.1316424208326
2025-01-23T09:15:00Z,2025-01-23T09:30:00Z,2025-01-23,2025-01-23_11,0.0,100,100,0,75.65445016521853,92.87547016521853,0.047836166666666666,0.0,18.7185,True,True,False,False,0.0,0.0,196.7830734608584,195.90901784279058,0.0,6200.631004159299,6593.323095462948
2025-01-23T09:30:00Z,2025-01-23T09:45:00Z,2025-01-23,2025-01-23_11,0.0,100,100,0,92.87547016521853,93.66190060000115,0.0029393599033816424,0.125,1.0025,True,True,False,False,0.0,0.0,196.7830734608584,195.90901784279058,12.803407812248835,-19.269843574184215,386.2256555417136
2025-01-23T09:45:00Z,2025-01-23T10:00:00Z,2025-01-23,2025-01-23_11,0.0,100,100,0,93.66190060000115,103.65365103478375,0.027884693236714976,0.0215,10.886,True,True,False,False,0.0,0.0,196.7830734608584,195.90901784279058,1.4487227736698278,6926.322492766436,7320.463306843755
2025-01-23T10:00:00Z,2025-01-23T10:15:00Z,2025-01-23,2025-01-23_12,0.0,100,100,0,103.65365103478375,115.65505103478375,0.033337222222222226,0.0,13.045000000000002,True,True,False,False,0.0,0.0,196.7830734608584,195.90901784279058,0.0,2964.838494615014,3357.530585918663
2025-01-23T10:15:00Z,2025-01-23T10:30:00Z,2025-01-23,2025-01-23_12,0.0,100,100,0,115.65505103478375,126.96231103478375,0.03140905555555555,0.0,12.2905,True,True,False,False,0.0,0.0,196.7830734608584,195.90901784279058,0.0,215.9777302684456,608.6698215720946
2025-01-23T10:30:00Z,2025-01-23T10:45:00Z,2025-01-23,2025-01-23_12,0.0,100,100,0,126.96231103478375,134.65903103478377,0.02137977777777778,0.0,8.366,True,True,False,False,0.0,0.0,196.7830734608584,195.90901784279058,0.0,-6.048237421636392,386.6438538820126
2025-01-23T10:45:00Z,2025-01-23T11:00:00Z,2025-01-23,2025-01-23_12,0.0,100,100,0,134.65903103478377,140.14913103478378,0.015250277777777781,0.0,5.9675,True,True,False,False,0.0,0.0,196.7830734608584,195.90901784279058,0.0,-69.12122347693298,323.570867826716
2025-01-23T11:00:00Z,2025-01-23T11:15:00Z,2025-01-23,2025-01-23_13,0.0,100,100,0,140.14913103478378,143.20491103478378,0.008488277777777779,0.0,3.3215000000000003,True,True,False,False,0.0,0.0,198.0489471146118,193.7690885709693,0.0,-46.38540688796014,345.43262879762096
2025-01-23T11:15:00Z,2025-01-23T11:30:00Z,2025-01-23,2025-01-23_13,0.0,100,100,0,143.20491103478378,142.33944407826203,0.004824185990338164,1.197,0.4735,True,True,False,False,0.0,0.0,198.0489471146118,193.7690885709693,157.6450058270375,-9.415674228419869,540.0473672841987
2025-01-23T11:30:00Z,2025-01-23T11:45:00Z,2025-01-23,2025-01-23_13,0.0,100,100,0,142.33944407826203,140.63070929565333,0.004797596618357488,1.5805,0.01,True,True,False,False,0.0,0.0,198.0489471146118,193.7690885709693,215.18814911187914,-0.6279135187268928,606.3782712787333
2025-01-23T11:45:00Z,2025-01-23T12:00:00Z,2025-01-23,2025-01-23_13,0.0,100,100,0,140.63070929565333,142.0230475565229,0.003903838164251208,0.006,1.5205,True,True,False,False,0.0,0.0,198.0489471146118,193.7690885709693,0.6076193538016397,-6.432673103198843,385.99298193618387
2025-01-23T12:00:00Z,2025-01-23T12:15:00Z,2025-01-23,2025-01-23_14,0.0,100,100,0,142.0230475565229,142.52244060000118,0.002990463768115942,0.2655,0.8564999999999999,True,True,False,False,0.0,0.0,198.0489471146118,184.8476932968976,36.1999818156245,-3.5818868550072334,415.51473537212667
2025-01-23T12:15:00Z,2025-01-23T12:30:00Z,2025-01-23,2025-01-23_14,0.0,100,100,0,142.52244060000118,138.3360275565229,0.011628925120772947,3.8515,0.0,True,True,False,False,0.0,0.0,198.0489471146118,184.8476932968976,708.8801524071694,0.0,1091.7767928186788
2025-01-23T12:30:00Z,2025-01-23T12:45:00Z,2025-01-23,2025-01-23_14,0.0,100,100,0,138.3360275565229,136.4327179913055,0.007551193236714975,2.126,0.443,True,True,False,False,0.0,0.0,198.0489471146118,184.8476932968976,395.3732896640411,-3.339412473878798,774.9305176016717
2025-01-23T12:45:00Z,2025-01-23T13:00:00Z,2025-01-23,2025-01-23_14,0.0,100,100,0,136.4327179913055,137.54588929565332,0.003342746376811594,0.0415,1.259,True,True,False,False,0.0,0.0,198.0489471146118,184.8476932968976,5.059476068959975,173.9895601591384,561.9456766396078
2025-01-23T13:00:00Z,2025-01-23T13:15:00Z,2025-01-23,2025-01-23_15,0.0,100,100,0,137.54588929565332,158.63090929565334,0.05856950000000001,0.0,22.9185,True,True,False,False,0.0,0.0,198.0489471146118,184.8476932968976,0.0,20992.9278598698,21375.82450028131
2025-01-23T13:15:00Z,2025-01-23T13:30:00Z,2025-01-23,2025-01-23_15,0.0,100,100,0,158.63090929565334,175.85468929565334,0.047843833333333335,0.0,18.7215,True,True,False,False,0.0,0.0,198.0489471146118,184.8476932968976,0.0,10691.937126466804,11074.833766878313
2025-01-23T13:30:00Z,2025-01-23T13:45:00Z,2025-01-23,2025-01-23_15,0.0,100,100,0,175.85468929565334,181.45242929565333,0.01554927777777778,0.0,6.0845,True,True,False,False,0.0,0.0,198.0489471146118,184.8476932968976,0.0,-99.13231042035042,283.764329991159
2025-01-23T13:45:00Z,2025-01-23T14:00:00Z,2025-01-23,2025-01-23_15,0.0,100,100,0,181.45242929565333,184.02106929565332,0.00713511111111111,0.0,2.792,True,True,False,False,0.0,0.0,198.0489471146118,184.8476932968976,0.0,-56.254581257032626,326.6420591544768
2025-01-23T14:00:00Z,2025-01-23T14:15:00Z,2025-01-23,2025-01-23_16,67.00000000000098,33,100,0,184.02106929565332,185.3745022000009,0.028212917487922408,0.0,18.956,True,True,False,False,3221.0250000000474,0.0,65.35615254782189,184.8476932968976,0.0,18934.007566307668,22405.236412152433
2025-01-23T14:15:00Z,2025-01-23T14:30:00Z,2025-01-23,2025-01-23_16,67.00000000000098,33,100,0,185.3745022000009,182.8888967391311,0.03260166961352648,0.0,15.235499999999998,True,True,False,False,3221.0250000000474,0.0,65.35615254782189,184.8476932968976,0.0,11418.448255806943,14889.67710165171
2025-01-23T14:30:00Z,2025-01-23T14:45:00Z,2025-01-23,2025-01-23_16,67.00000000000098,33,100,0,182.8888967391311,173.23289009565258,0.04079880400966211,0.0,8.2865,True,True,False,False,3221.0250000000474,0.0,65.35615254782189,184.8476932968976,0.0,3643.264421817232,7114.493267661998
2025-01-23T14:45:00Z,2025-01-23T15:00:00Z,2025-01-23,2025-01-23_16,67.00000000000098,33,100,0,173.23289009565258,165.31195750434796,0.0388152838647345,0.0,9.968,True,True,False,False,3221.0250000000474,0.0,65.35615254782189,184.8476932968976,0.0,1092.820713711622,4564.049559556389
2025-01-23T15:00:00Z,2025-01-23T15:15:00Z,2025-01-23,2025-01-23_17,100.0,0,100,0,165.31195750434796,149.80434880869578,0.043076690821256036,0.0,10.733,True,True,False,False,5439.5,0.0,0.0,189.88104806301237,0.0,2353.1899778974444,7982.571025960457
2025-01-23T15:15:00Z,2025-01-23T15:30:00Z,2025-01-23,2025-01-23_17,100.0,0,100,0,149.80434880869578,123.4038053304349,0.07333484299516907,0.0,0.7115,True,True,False,False,5439.5,0.0,0.0,189.88104806301237,0.0,-14.355664784600549,5615.025383278412
2025-01-23T15:30:00Z,2025-01-23T15:45:00Z,2025-01-23,2025-01-23_17,100.0,0,100,0,123.4038053304349,96.32826185217404,0.07520984299516909,0.0,0.0905,True,True,False,False,5439.5,0.0,0.0,189.88104806301237,0.0,-4.039749939720302,5625.341298123292
2025-01-23T15:45:00Z,2025-01-23T16:00:00Z,2025-01-23,2025-01-23_17,100.0,0,100,0,96.32826185217404,69.28424011304361,0.07512228260869565,0.0,0.1195,True,True,False,False,5439.5,0.0,0.0,189.88104806301237,0.0,-4.929879239672077,5624.451168823341
2025-01-23T16:00:00Z,2025-01-23T16:15:00Z,2025-01-23,2025-01-23_18,12.90747964771996,87,100,0,69.28424011304361,66.31341727673295,0.01083186933978595,0.008265,0.5795,True,True,False,False,711.8152338726364,0.0,174.1905441247388,189.88104806301237,1.062851631570487,-17.02356936183893,1059.9261083301192
2025-01-23T16:15:00Z,2025-01-23T16:30:00Z,2025-01-23,2025-01-23_18,12.90747964771996,87,100,0,66.31341727673295,63.33265893915394,0.010866145047647291,0.018705,0.581,True,True,False,False,711.8152338726364,0.0,174.1905441247388,189.88104806301237,1.8582437299067673,-16.30005726571291,1061.4450125245814
2025-01-23T16:30:00Z,2025-01-23T16:45:00Z,2025-01-23,2025-01-23_18,12.90747964771996,87,100,0,63.33265893915394,60.48180166652697,0.011155212496875967,0.025664999999999997,0.727,True,True,False,False,711.8152338726364,0.0,174.1905441247388,189.88104806301237,3.207784642742324,-25.955834070085196,1053.1387766330447
2025-01-23T16:45:00Z,2025-01-23T17:00:00Z,2025-01-23,2025-01-23_18,12.90747964771996,87,100,0,60.48180166652697,57.29819060869527,0.010414706655621732,0.00783,0.353,True,True,False,False,711.8152338726364,0.0,174.1905441247388,189.88104806301237,1.0698440765150297,-17.279750040186464,1059.6769200967162
2025-01-23T17:00:00Z,2025-01-23T17:15:00Z,2025-01-23,2025-01-23_19,87.99999999999997,12,100,0,57.29819060869527,34.6008010782605,0.06375302425120771,0.00942,1.149,True,True,False,False,4513.519999999999,0.0,23.765873653753413,189.88104806301237,1.2870921073782349,-45.72404959009806,4682.729964234045
2025-01-23T17:15:00Z,2025-01-23T17:30:00Z,2025-01-23,2025-01-23_19,87.99999999999997,12,100,0,34.6008010782605,12.802929947825731,0.06176557536231881,0.0,1.9825,True,True,False,False,4513.519999999999,0.0,23.765873653753413,189.88104806301237,0.0,-55.574771439479186,4671.592150277285
2025-01-23T17:30:00Z,2025-01-23T17:45:00Z,2025-01-23,2025-01-23_19,87.99999999999997,12,100,0,12.802929947825731,9.999999999999654,0.019921329855072473,0.0,19.786,True,True,False,False,4513.519999999999,0.0,23.765873653753413,189.88104806301237,0.0,14194.582470262016,18921.74939197878
2025-01-23T17:45:00Z,2025-01-23T18:00:00Z,2025-01-23,2025-01-23_19,87.99999999999997,12,100,0,9.999999999999654,10.582412730434443,0.0124637068599034,0.0,22.959,True,True,False,False,4513.519999999999,0.0,23.765873653753413,189.88104806301237,0.0,19233.49997850024,23960.666900217006
2025-01-23T18:00:00Z,2025-01-23T18:15:00Z,2025-01-23,2025-01-23_20,0.0,100,100,0,10.582412730434443,15.313512730434443,0.013141944444444446,0.0,5.1425,True,True,False,False,0.0,0.0,198.0489471146118,189.88104806301237,0.0,577.996003456036,965.9259986336601
2025-01-23T18:15:00Z,2025-01-23T18:30:00Z,2025-01-23,2025-01-23_20,0.0,100,100,0,15.313512730434443,36.44821273043445,0.05870750000000001,0.0,22.9725,True,True,False,False,0.0,0.0,198.0489471146118,189.88104806301237,0.0,21713.86382966967,22101.793824847293
2025-01-23T18:30:00Z,2025-01-23T18:45:00Z,2025-01-23,2025-01-23_20,0.0,100,100,0,36.44821273043445,47.35527273043445,0.030297388888888888,0.0,11.8555,True,True,False,False,0.0,0.0,198.0489471146118,189.88104806301237,0.0,3362.3401463791997,3750.270141556824
2025-01-23T18:45:00Z,2025-01-23T19:00:00Z,2025-01-23,2025-01-23_20,0.0,100,100,0,47.35527273043445,53.42773273043445,0.01686794444444445,0.0,6.600500000000001,True,True,False,False,0.0,0.0,198.0489471146118,189.88104806301237,0.0,-134.30441910464558,253.6255760729786
2025-01-23T19:00:00Z,2025-01-23T19:15:00Z,2025-01-23,2025-01-23_21,49.954385558031,50,100,0,53.42773273043445,38.26466915903474,0.042166941940432655,1.4785,0.0185,True,True,False,False,2587.6371719060057,0.0,100.10950811766598,189.88104806301237,264.2979172359749,-1.208205975727375,3140.7174393469318
2025-01-23T19:15:00Z,2025-01-23T19:30:00Z,2025-01-23,2025-01-23_21,49.954385558031,50,100,0,38.26466915903474,25.40981966330731,0.03757517274697768,0.01175,0.73,True,True,False,False,2587.6371719060057,0.0,100.10950811766598,189.88104806301237,0.7082864491239351,-33.503022022182925,2844.832992513625
2025-01-23T19:30:00Z,2025-01-23T19:45:00Z,2025-01-23,2025-01-23_21,49.954385558031,50,100,0,25.40981966330731,12.42124519944107,0.03757317949559406,0.0,0.584,True,True,False,False,2587.6371719060057,0.0,100.10950811766598,189.88104806301237,0.0,-36.46444462305096,2841.163283463633
2025-01-23T19:45:00Z,2025-01-23T20:00:00Z,2025-01-23,2025-01-23_21,49.954385558031,50,100,0,12.42124519944107,9.999999999999574,0.03515787361752249,0.0,11.1155,True,True,False,False,2587.6371719060057,0.0,100.10950811766598,189.88104806301237,0.0,69.9230345804533,2947.5507626671374
2025-01-23T20:00:00Z,2025-01-23T20:15:00Z,2025-01-23,2025-01-23_22,-7.723290606088045e-15,0,0,0,9.999999999999574,9.999999999999575,4.934324553889585e-18,0.0,0.0,True,False,False,False,-3.162494420927902e-13,0.0,0.0,0.0,0.0,0.0,-3.162494420927902e-13
2025-01-23T20:15:00Z,2025-01-23T20:30:00Z,2025-01-23,2025-01-23_22,-7.723290606088045e-15,0,0,0,9.999999999999575,9.999999999999577,4.934324553889585e-18,0.0,0.0,True,False,False,False,-3.162494420927902e-13,0.0,0.0,0.0,0.0,0.0,-3.162494420927902e-13
2025-01-23T20:30:00Z,2025-01-23T20:45:00Z,2025-01-23,2025-01-23_22,-7.723290606088045e-15,0,0,0,9.999999999999577,9.999999999999579,4.934324553889585e-18,0.0,0.0,True,False,False,False,-3.162494420927902e-13,0.0,0.0,0.0,0.0,0.0,-3.162494420927902e-13
2025-01-23T20:45:00Z,2025-01-23T21:00:00Z,2025-01-23,2025-01-23_22,-7.723290606088045e-15,0,0,0,9.999999999999579,9.99999999999958,4.934324553889585e-18,0.0,0.0,True,False,False,False,-3.162494420927902e-13,0.0,0.0,0.0,0.0,0.0,-3.162494420927902e-13
2025-01-23T21:00:00Z,2025-01-23T21:15:00Z,2025-01-23,2025-01-23_23,18.99999999999995,81,100,0,9.99999999999958,10.043826156521334,0.022528200676328478,0.0,5.471,True,True,False,False,762.659999999998,0.0,160.41964716283556,187.37944060440444,0.0,1275.391147725446,2385.850235492684
2025-01-23T21:15:00Z,2025-01-23T21:30:00Z,2025-01-23,2025-01-23_23,18.99999999999995,81,100,0,10.043826156521334,18.888699095651784,0.036365498502415466,0.0,14.7185,True,True,False,False,762.659999999998,0.0,160.41964716283556,187.37944060440444,0.0,194.81133097572737,1305.2704187429654
2025-01-23T21:30:00Z,2025-01-23T21:45:00Z,2025-01-23,2025-01-23_23,18.99999999999995,81,100,0,18.888699095651784,29.115947860869188,0.038538915652173926,0.0,16.171,True,True,False,False,762.659999999998,0.0,160.41964716283556,187.37944060440444,0.0,1768.4740509966246,2878.9331387638626
2025-01-23T21:45:00Z,2025-01-23T22:00:00Z,2025-01-23,2025-01-23_23,18.99999999999995,81,100,0,29.115947860869188,38.1816202434779,0.03671264671497585,0.0,14.9505,True,True,False,False,762.659999999998,0.0,160.41964716283556,187.37944060440444,0.0,3921.976849381128,5032.435937148366
2025-01-23T22:00:00Z,2025-01-23T22:15:00Z,2025-01-24,2025-01-23_24,0.0,100,100,0,38.1816202434779,38.25873589565181,0.0026659009661835747,0.406,0.5635,True,True,False,False,0.0,0.0,195.92870204770614,189.90012660008438,45.49561119707413,-10.593183992122663,420.731255852742
2025-01-23T22:15:00Z,2025-01-23T22:30:00Z,2025-01-24,2025-01-23_24,0.0,100,100,0,38.25873589565181,30.12286633043442,0.02259963768115942,7.485,0.0,True,True,False,False,0.0,0.0,195.92870204770614,189.90012660008438,1554.418642364809,0.0,1940.2474710125996
2025-01-23T22:30:00Z,2025-01-23T22:45:00Z,2025-01-24,2025-01-23_24,0.0,100,100,0,30.12286633043442,22.169605460869203,0.022092391304347828,7.317,0.0,True,True,False,False,0.0,0.0,195.92870204770614,189.90012660008438,1458.3669250246166,0.0,1844.1957536724071
2025-01-23T22:45:00Z,2025-01-23T23:00:00Z,2025-01-24,2025-01-23_24,0.0,100,100,0,22.169605460869203,18.713921113043114,0.010422012077294688,3.3155000000000006,0.161,True,True,False,False,0.0,0.0,195.92870204770614,189.90012660008438,620.4201747282118,-3.2544239696159796,1002.9945794063864
2025-01-23T23:00:00Z,2025-01-23T23:15:00Z,2025-01-24,2025-01-24_1,-1.000000000000002,100,99,0,18.713921113043114,18.540369252173548,0.006135846280193238,1.107,0.86724,True,True,False,False,-30.64750000000006,0.0,195.92870204770614,188.00112533408355,158.1070419789804,-16.081313071961095,495.3080562888089
2025-01-23T23:15:00Z,2025-01-23T23:30:00Z,2025-01-24,2025-01-24_1,-1.000000000000002,100,99,0,18.540369252173548,16.003798313043113,0.008198534830917873,2.55,0.00099,True,True,False,False,-30.64750000000006,0.0,195.92870204770614,188.00112533408355,439.9135602757068,-0.06963004642003094,793.1262576110764
2025-01-23T23:30:00Z,2025-01-23T23:45:00Z,2025-01-24,2025-01-24_1,-1.000000000000002,100,99,0,16.003798313043113,13.212174426086591,0.008957717463768116,2.7955,0.013365,True,True,False,False,-30.64750000000006,0.0,195.92870204770614,188.00112533408355,522.9033786146334,-0.9095682444788297,875.2761377519442
2025-01-23T23:45:00Z,2025-01-24T00:00:00Z,2025-01-24,2025-01-24_1,-1.000000000000002,100,99,0,13.212174426086591,13.353264452173548,0.0011601232608695667,0.1285,0.05494500000000001,True,True,False,False,-30.64750000000006,0.0,195.92870204770614,188.00112533408355,18.075678717119146,-3.6412559291039535,367.7167501698048
2025-01-24T00:00:00Z,2025-01-24T00:15:00Z,2025-01-24,2025-01-24_2,-14.0,100,86,0,13.353264452173548,12.810840973912677,0.016864342995169083,3.5375000000000005,0.0,True,True,False,False,-386.19,0.0,195.92870204770614,163.3141088760726,685.402620923176,0.0,658.4554318469548
2025-01-24T00:15:00Z,2025-01-24T00:30:00Z,2025-01-24,2025-01-24_2,-14.0,100,86,0,12.810840973912677,12.904439895651809,0.015525516328502416,2.9395,0.0,True,True,False,False,-386.19,0.0,195.92870204770614,163.3141088760726,526.5516786568334,0.0,499.6044895806121
2025-01-24T00:30:00Z,2025-01-24T00:45:00Z,2025-01-24,2025-01-24_2,-14.0,100,86,0,12.904439895651809,15.684628921738765,0.010119426038647343,0.4615,0.055470000000000005,True,True,False,False,-386.19,0.0,195.92870204770614,163.3141088760726,64.91770994513996,-2.9370575246669213,35.03346334425178
2025-01-24T00:45:00Z,2025-01-24T01:00:00Z,2025-01-24,2025-01-24_2,-14.0,100,86,0,15.684628921738765,16.610059686956156,0.01378803231884058,2.16,0.0030100000000000005,True,True,False,False,-386.19,0.0,195.92870204770614,163.3141088760726,356.3863271908848,-0.21170347446898302,329.22743464019453
2025-01-24T01:00:00Z,2025-01-24T01:15:00Z,2025-01-24,2025-01-24_3,-100.0,100,0,0,16.610059686956156,29.43393968695616,0.0356218888888889,11.061,0.0,True,True,False,False,-2608.75,0.0,195.92870204770614,0.0,2210.9708271205513,0.0,-201.8504708317425
2025-01-24T01:15:00Z,2025-01-24T01:30:00Z,2025-01-24,2025-01-24_3,-100.0,100,0,0,29.43393968695616,51.74807968695616,0.061983722222222225,0.7455,0.0,True,True,False,False,-2608.75,0.0,195.92870204770614,0.0,105.72518216345478,0.0,-2307.096115788839
2025-01-24T01:30:00Z,2025-01-24T01:45:00Z,2025-01-24,2025-01-24_3,-100.0,100,0,0,51.74807968695616,72.07455968695616,0.056462444444444454,2.906,0.0,True,True,False,False,-2608.75,0.0,195.92870204770614,0.0,492.19860378192635,0.0,-1920.6226941703676
2025-01-24T01:45:00Z,2025-01-24T02:00:00Z,2025-01-24,2025-01-24_3,-100.0,100,0,0,72.07455968695616,92.95717968695617,0.058007277777777776,2.3015,0.0,True,True,False,False,-2608.75,0.0,195.92870204770614,0.0,365.7092426099712,0.0,-2047.1120553423227
2025-01-24T02:00:00Z,2025-01-24T02:15:00Z,2025-01-24,2025-01-24_4,-100.0,100,0,0,92.95717968695617,115.67703968695616,0.06311072222222223,0.3045,0.0,True,True,False,False,-2577.5,0.0,195.92870204770614,0.0,42.83302855535237,0.0,-2338.7382693969416
2025-01-24T02:15:00Z,2025-01-24T02:30:00Z,2025-01-24,2025-01-24_4,-100.0,100,0,0,115.67703968695616,138.05879968695615,0.062171555555555556,0.672,0.0,True,True,False,False,-2577.5,0.0,195.92870204770614,0.0,96.13166408777606,0.0,-2285.439633864518
2025-01-24T02:30:00Z,2025-01-24T02:45:00Z,2025-01-24,2025-01-24_4,-100.0,100,0,0,138.05879968695615,157.28173968695614,0.05339705555555556,4.1055,0.0,True,True,False,False,-2577.5,0.0,195.92870204770614,0.0,754.3261211140807,0.0,-1627.2451768382132
2025-01-24T02:45:00Z,2025-01-24T03:00:00Z,2025-01-24,2025-01-24_4,-100.0,100,0,0,157.28173968695614,176.52767968695613,0.05346094444444445,4.0805,0.0,True,True,False,False,-2577.5,0.0,195.92870204770614,0.0,741.8551208729377,0.0,-1639.7161770793562
2025-01-24T03:00:00Z,2025-01-24T03:15:00Z,2025-01-24,2025-01-24_5,-13.0,100,87,0,176.52767968695613,178.10172683478223,0.011446356811594201,1.3465,0.02001,True,True,False,False,-355.9075,0.0,195.92870204770614,165.21311014207342,207.78197234893395,-1.322667313063923,211.69361722564955
2025-01-24T03:15:00Z,2025-01-24T03:30:00Z,2025-01-24,2025-01-24_5,-13.0,100,87,0,178.10172683478223,179.85291744347788,0.0111871538647343,1.2035,0.04698,True,True,False,False,-355.9075,0.0,195.92870204770614,165.21311014207342,190.7047966360549,-3.0952534573880195,192.8438553684464
2025-01-24T03:30:00Z,2025-01-24T03:45:00Z,2025-01-24,2025-01-24_5,-13.0,100,87,0,179.85291744347788,177.63436693913005,0.019524950289855073,4.8895,0.0,True,True,False,False,-355.9075,0.0,195.92870204770614,165.21311014207342,935.7915234210155,0.0,941.0258356107951
2025-01-24T03:45:00Z,2025-01-24T04:00:00Z,2025-01-24,2025-01-24_5,-13.0,100,87,0,177.63436693913005,176.48408045217352,0.018885738019323674,4.203,0.36627000000000004,True,True,False,False,-355.9075,0.0,195.92870204770614,165.21311014207342,811.0659076020337,2.3661853103711596,818.6664051021844
2025-01-24T04:00:00Z,2025-01-24T04:15:00Z,2025-01-24,2025-01-24_6,29.973156562592493,70,100,0,176.48408045217352,184.7110871634512,0.0375543039189874,0.0,16.8775,True,True,False,False,1022.8339676984688,0.0,137.1500914333943,189.90012660008438,0.0,11048.374466471074,12398.258652203021
2025-01-24T04:15:00Z,2025-01-24T04:30:00Z,2025-01-24,2025-01-24_6,29.973156562592493,70,100,0,184.7110871634512,184.52152325003547,0.029879173736586197,0.0,8.201,True,True,False,False,1022.8339676984688,0.0,137.1500914333943,189.90012660008438,0.0,287.3687223439101,1637.2529080758575
2025-01-24T04:30:00Z,2025-01-24T04:45:00Z,2025-01-24,2025-01-24_6,29.973156562592493,70,100,0,184.52152325003547,182.94334401370742,0.028612885618553886,0.0,6.769500000000001,True,True,False,False,1022.8339676984688,0.0,137.1500914333943,189.90012660008438,0.0,360.1167771235657,1710.000962855513
2025-01-24T04:45:00Z,2025-01-24T05:00:00Z,2025-01-24,2025-01-24_6,29.973156562592493,70,100,0,182.94334401370742,181.11246879999996,0.028382450372485137,0.0,6.509000000000001,True,True,False,False,1022.8339676984688,0.0,137.1500914333943,189.90012660008438,0.0,770.0417886783354,2119.925974410283
2025-01-24T05:00:00Z,2025-01-24T05:15:00Z,2025-01-24,2025-01-24_7,43.0,57,100,0,181.11246879999996,186.23656521739127,0.03514157217391305,0.0,16.948,True,True,False,False,1866.7375,0.0,111.67936016719248,187.39826778932138,0.0,14692.141267206558,16857.956395163073
2025-01-24T05:15:00Z,2025-01-24T05:30:00Z,2025-01-24,2025-01-24_7,43.0,57,100,0,186.23656521739127,174.86023822608692,0.03255793830917874,0.015960000000000002,0.3285,True,True,False,False,1866.7375,0.0,111.67936016719248,187.39826778932138,0.9621606414404278,-9.89982275988184,2156.8774658380726
2025-01-24T05:30:00Z,2025-01-24T05:45:00Z,2025-01-24,2025-01-24_7,43.0,57,100,0,174.86023822608692,163.13760334782603,0.032581811328502415,0.04075499999999999,0.0065,True,True,False,False,1866.7375,0.0,111.67936016719248,187.39826778932138,2.4569459236782345,-0.45716697144464763,2167.8149069087476
2025-01-24T05:45:00Z,2025-01-24T06:00:00Z,2025-01-24,2025-01-24_7,43.0,57,100,0,163.13760334782603,151.55784033913037,0.03255639502415459,0.02565,0.134,True,True,False,False,1866.7375,0.0,111.67936016719248,187.39826778932138,1.5463296023149729,-8.58859674858831,2158.7728608102407
2025-01-24T06:00:00Z,2025-01-24T06:15:00Z,2025-01-24,2025-01-24_8,100.0,0,100,0,151.55784033913037,133.23664468695645,0.050892210144927535,0.0,8.1445,True,True,False,False,4728.0,0.0,0.0,187.39826778932138,0.0,1468.2243979462655,6383.622665735587
2025-01-24T06:15:00Z,2025-01-24T06:30:00Z,2025-01-24,2025-01-24_8,100.0,0,100,0,133.23664468695645,106.10892729565211,0.07535477053140097,0.0,0.0425,True,True,False,False,4728.0,0.0,0.0,187.39826778932138,0.0,-2.9228518176154976,4912.475415971706
2025-01-24T06:30:00Z,2025-01-24T06:45:00Z,2025-01-24,2025-01-24_8,100.0,0,100,0,106.10892729565211,78.93501425217386,0.0754830917874396,0.0,0.0,True,True,False,False,4728.0,0.0,0.0,187.39826778932138,0.0,0.0,4915.398267789322
2025-01-24T06:45:00Z,2025-01-24T07:00:00Z,2025-01-24,2025-01-24_8,100.0,0,100,0,78.93501425217386,51.76110120869561,0.07548309178743962,0.0,0.0,True,True,False,False,4728.0,0.0,0.0,187.39826778932138,0.0,0.0,4915.398267789322
2025-01-24T07:00:00Z,2025-01-24T07:15:00Z,2025-01-24,2025-01-24_9,0.0,100,100,0,51.76110120869561,44.35729686086952,0.020566123188405797,6.8115,0.0,True,True,False,False,0.0,0.0,197.07413138275425,186.88583887627354,2093.9569104555594,0.0,2477.916880714587
2025-01-24T07:15:00Z,2025-01-24T07:30:00Z,2025-01-24,2025-01-24_9,0.0,100,100,0,44.35729686086952,25.51979686086952,0.05232638888888889,17.3305,0.0,True,True,False,False,0.0,0.0,197.07413138275425,186.88583887627354,19908.79278520186,0.0,20292.752755460886
2025-01-24T07:30:00Z,2025-01-24T07:45:00Z,2025-01-24,2025-01-24_9,0.0,100,100,0,25.51979686086952,19.773057730434736,0.015963164251207727,5.287,0.0,True,True,False,False,0.0,0.0,197.07413138275425,186.88583887627354,1306.204437232482,0.0,1690.1644074915098
2025-01-24T07:45:00Z,2025-01-24T08:00:00Z,2025-01-24,2025-01-24_9,0.0,100,100,0,19.773057730434736,19.58066642608691,0.0005344202898550724,0.177,0.0,True,True,False,False,0.0,0.0,197.07413138275425,186.88583887627354,24.89801659867773,0.0,408.8579868577055
2025-01-24T08:00:00Z,2025-01-24T08:15:00Z,2025-01-24,2025-01-24_10,0.0,100,100,0,19.58066642608691,17.34479686086952,0.006210748792270531,2.057,0.0,True,True,False,False,0.0,0.0,197.07413138275425,186.88583887627354,384.4460786126238,0.0,768.4060488716516
2025-01-24T08:15:00Z,2025-01-24T08:30:00Z,2025-01-24,2025-01-24_10,0.0,100,100,0,17.34479686086952,17.32662381739126,0.0002907028985507246,0.056499999999999995,0.047,True,True,False,False,0.0,0.0,197.07413138275425,186.88583887627354,7.947671965114643,-3.2835681128549328,388.6240741112875
2025-01-24T08:30:00Z,2025-01-24T08:45:00Z,2025-01-24,2025-01-24_10,0.0,100,100,0,17.32662381739126,17.440332513043433,0.00041247584541062804,0.016,0.1425,True,True,False,False,0.0,0.0,197.07413138275425,186.88583887627354,2.2506681671121114,-9.54503446335631,376.66560396278356
2025-01-24T08:45:00Z,2025-01-24T09:00:00Z,2025-01-24,2025-01-24_10,0.0,100,100,0,17.440332513043433,17.484382078260825,0.000409195652173913,0.0475,0.104,True,True,False,False,0.0,0.0,197.07413138275425,186.88583887627354,6.681671121114081,-7.17320579547053,383.46843558467134
2025-01-24T09:00:00Z,2025-01-24T09:15:00Z,2025-01-24,2025-01-24_11,0.0,100,100,0,17.484382078260825,10.770768165217348,0.01893259420289855,6.2235,0.05550000000000001,True,True,False,False,0.0,0.0,197.07413138275425,186.88583887627354,5314.381004963527,-3.4652284830094646,5694.875746739545
2025-01-24T09:15:00Z,2025-01-24T09:30:00Z,2025-01-24,2025-01-24_11,0.0,100,100,0,10.770768165217348,10.411720339130392,0.001457355072463768,0.40650000000000003,0.09,True,True,False,False,0.0,0.0,197.07413138275425,186.88583887627354,57.18103812069209,-5.582864779052709,435.55814360066717
2025-01-24T09:30:00Z,2025-01-24T09:45:00Z,2025-01-24,2025-01-24_11,0.0,100,100,0,10.411720339130392,10.367291643478218,0.000335524154589372,0.076,0.0415,True,True,False,False,0.0,0.0,197.07413138275425,186.88583887627354,10.690673793782528,-2.896727186865744,391.7539168659446
2025-01-24T09:45:00Z,2025-01-24T10:00:00Z,2025-01-24,2025-01-24_11,0.0,100,100,0,10.367291643478218,10.414360339130392,0.0005745869565217392,0.0735,0.138,True,True,False,False,0.0,0.0,197.07413138275425,186.88583887627354,10.33900689267126,-9.091283483712798,385.20769366798623
2025-01-24T10:00:00Z,2025-01-24T10:15:00Z,2025-01-24,2025-01-24_12,0.0,100,100,0,10.414360339130392,10.423410773913,0.000363304347826087,0.05600000000000001,0.076,True,True,False,False,0.0,0.0,195.92870204770614,186.88583887627354,7.877338584892391,-5.013758012981532,385.67812149589054
2025-01-24T10:15:00Z,2025-01-24T10:30:00Z,2025-01-24,2025-01-24_12,0.0,100,100,0,10.423410773913,10.493239469565173,0.0008461425120772947,0.108,0.2035,True,True,False,False,0.0,0.0,195.92870204770614,186.88583887627354,15.192010128006752,-12.703629503848239,385.3029215481382
2025-01-24T10:30:00Z,2025-01-24T10:45:00Z,2025-01-24,2025-01-24_12,0.0,100,100,0,10.493239469565173,11.636339469565174,0.0031752777777777777,0.0,1.2425,True,True,False,False,0.0,0.0,195.92870204770614,186.88583887627354,0.0,-59.193965395976925,323.62057552800275
2025-01-24T10:45:00Z,2025-01-24T11:00:00Z,2025-01-24,2025-01-24_12,0.0,100,100,0,11.636339469565174,11.56369425217387,0.00046245893719806753,0.11,0.05099999999999999,True,True,False,False,0.0,0.0,195.92870204770614,186.88583887627354,15.473343648895765,-3.556051684986837,394.73183288788863
2025-01-24T11:00:00Z,2025-01-24T11:15:00Z,2025-01-24,2025-01-24_13,-84.45149435671149,100,15,0,11.56369425217387,30.15302065481141,0.05248251472542923,0.9004999999999999,0.018825,True,True,False,False,-2767.6865988053273,0.0,195.92870204770614,28.03287583144103,189.47143942286434,-1.220574066073187,-2355.474155569389
2025-01-24T11:15:00Z,2025-01-24T11:30:00Z,2025-01-24,2025-01-24_13,-84.45149435671149,100,15,0,30.15302065481141,48.23529716895104,0.05156040307399927,1.4185,0.00030000000000000003,True,True,False,False,-2767.6865988053273,0.0,195.92870204770614,28.03287583144103,241.14842061370896,-0.021100014066676047,-2302.597700326538
2025-01-24T11:30:00Z,2025-01-24T11:45:00Z,2025-01-24,2025-01-24_13,-84.45149435671149,100,15,0,48.23529716895104,67.56572251715538,0.05380266278144532,0.11399999999999999,0.015674999999999998,True,True,False,False,-2767.6865988053273,0.0,195.92870204770614,28.03287583144103,16.03601069067379,-1.0096346783754997,-2528.6986449138817
2025-01-24T11:45:00Z,2025-01-24T12:00:00Z,2025-01-24,2025-01-24_13,-84.45149435671149,100,15,0,67.56572251715538,86.91902782608693,0.05384227578262575,0.0885,0.014325000000000001,True,True,False,False,-2767.6865988053273,0.0,195.92870204770614,28.03287583144103,12.449008299338866,-0.9219809848682757,-2532.1979936117095
2025-01-24T12:00:00Z,2025-01-24T12:15:00Z,2025-01-24,2025-01-24_14,-100.0,100,0,0,86.91902782608693,109.46592782608693,0.06263027777777777,0.4925,0.0,True,True,False,False,-3223.7499999999995,0.0,195.92870204770614,0.0,70.47125424512187,0.0,-2957.3500437071716
2025-01-24T12:15:00Z,2025-01-24T12:30:00Z,2025-01-24,2025-01-24_14,-100.0,100,0,0,109.46592782608693,116.92666782608693,0.020724277777777782,16.8905,0.0,True,True,False,False,-3223.7499999999995,0.0,195.92870204770614,0.0,13693.822767015654,0.0,10666.00146906336
2025-01-24T12:30:00Z,2025-01-24T12:45:00Z,2025-01-24,2025-01-24_14,-100.0,100,0,0,116.92666782608693,135.42832782608693,0.0513935,4.8895,0.0,True,True,False,False,-3223.7499999999995,0.0,195.92870204770614,0.0,936.9008306372203,0.0,-2090.920467315073
2025-01-24T12:45:00Z,2025-01-24T13:00:00Z,2025-01-24,2025-01-24_14,-100.0,100,0,0,135.42832782608693,157.50878782608694,0.061334611111111124,0.9995,0.0,True,True,False,False,-3223.7499999999995,0.0,195.92870204770614,0.0,142.13756475694794,0.0,-2885.6837331953457
2025-01-24T13:00:00Z,2025-01-24T13:15:00Z,2025-01-24,2025-01-24_15,-100.0,100,0,0,157.50878782608694,174.50440782608695,0.047210055555555554,6.5265,0.0,True,True,False,False,-3332.5000000000005,0.0,195.92870204770614,0.0,1435.9926280569903,0.0,-1700.578669895304
2025-01-24T13:15:00Z,2025-01-24T13:30:00Z,2025-01-24,2025-01-24_15,-100.0,100,0,0,174.50440782608695,177.19448782608694,0.00747244444444444,22.076,0.0,True,True,False,False,-3332.5000000000005,0.0,195.92870204770614,0.0,19185.61575548098,0.0,16049.044457528686
2025-01-24T13:30:00Z,2025-01-24T13:45:00Z,2025-01-24,2025-01-24_15,-100.0,100,0,0,177.19448782608694,181.14358782608693,0.01096972222222222,20.7075,0.0,True,True,False,False,-3332.5000000000005,0.0,195.92870204770614,0.0,9039.781039627836,0.0,5903.209741675542
2025-01-24T13:45:00Z,2025-01-24T14:00:00Z,2025-01-24,2025-01-24_15,-100.0,100,0,0,181.14358782608693,188.66228782608692,0.020885277777777777,16.8275,0.0,True,True,False,False,-3332.5000000000005,0.0,195.92870204770614,0.0,4105.533974036935,0.0,968.9626760846411
2025-01-24T14:00:00Z,2025-01-24T14:15:00Z,2025-01-24,2025-01-24_16,0.0,100,100,0,188.66228782608692,187.29652695652172,0.0037937801932367145,1.2565,0.0,True,True,False,False,0.0,0.0,195.92870204770614,187.75998231617868,214.5867076944718,0.0,598.2753920583566
2025-01-24T14:15:00Z,2025-01-24T14:30:00Z,2025-01-24,2025-01-24_16,0.0,100,100,0,187.29652695652172,183.5557660869565,0.010391002415458936,3.4415,0.0,True,True,False,False,0.0,0.0,195.92870204770614,187.75998231617868,664.8886988324658,0.0,1048.5773831963506
2025-01-24T14:30:00Z,2025-01-24T14:45:00Z,2025-01-24,2025-01-24_16,0.0,100,100,0,183.5557660869565,183.03206956521737,0.0015978236714975845,0.5055,0.028000000000000004,True,True,False,False,0.0,0.0,195.92870204770614,187.75998231617868,71.10704740469826,-1.933965395976931,452.86176637260616
2025-01-24T14:45:00Z,2025-01-24T15:00:00Z,2025-01-24,2025-01-24_16,0.0,100,100,0,183.03206956521737,183.06365999999997,0.00042591545893719816,0.05600000000000001,0.1005,True,True,False,False,0.0,0.0,195.92870204770614,187.75998231617868,7.877338584892391,-6.701568534855214,384.864454413922
2025-01-24T15:00:00Z,2025-01-24T15:15:00Z,2025-01-24,2025-01-24_17,0.0,100,100,0,183.06365999999997,189.85095999999996,0.018853611111111113,0.0,7.3775,True,True,False,False,0.0,0.0,196.80284548761128,188.39298273817894,0.0,-115.3865728553343,269.80925537045596
2025-01-24T15:15:00Z,2025-01-24T15:30:00Z,2025-01-24,2025-01-24_17,0.0,100,100,0,189.85095999999996,183.6532608695652,0.0180438309178744,5.839,0.162,True,True,False,False,0.0,0.0,196.80284548761128,188.39298273817894,1283.1168179169263,-10.019076422241424,1658.293569720475
2025-01-24T15:30:00Z,2025-01-24T15:45:00Z,2025-01-24,2025-01-24_17,0.0,100,100,0,183.6532608695652,176.82173913043476,0.01897644927536232,6.285,0.0,True,True,False,False,0.0,0.0,196.80284548761128,188.39298273817894,1483.5747362498241,0.0,1868.7705644756143
2025-01-24T15:45:00Z,2025-01-24T16:00:00Z,2025-01-24,2025-01-24_17,0.0,100,100,0,176.82173913043476,157.4978260869565,0.05367753623188406,17.778,0.0,True,True,False,False,0.0,0.0,196.80284548761128,188.39298273817894,5204.710187086791,0.0,5589.906015312581
2025-01-24T16:00:00Z,2025-01-24T16:15:00Z,2025-01-24,2025-01-24_18,100.0,0,100,0,157.4978260869565,130.32391304347823,0.07548309178743962,0.0,0.0,True,True,False,False,5104.5,0.0,0.0,188.39298273817894,0.0,0.0,5292.892982738179
2025-01-24T16:15:00Z,2025-01-24T16:30:00Z,2025-01-24,2025-01-24_18,100.0,0,100,0,130.32391304347823,103.65706521739128,0.074074577294686,0.0,0.46649999999999997,True,True,False,False,5104.5,0.0,0.0,188.39298273817894,0.0,-27.798574040954122,5265.094408697225
2025-01-24T16:30:00Z,2025-01-24T16:45:00Z,2025-01-24,2025-01-24_18,100.0,0,100,0,103.65706521739128,76.78478260869562,0.07464522946859903,0.0,0.2775,True,True,False,False,5104.5,0.0,0.0,188.39298273817894,0.0,-14.09644012619818,5278.796542611981
2025-01-24T16:45:00Z,2025-01-24T17:00:00Z,2025-01-24,2025-01-24_18,100.0,0,100,0,76.78478260869562,49.61086956521737,0.07548309178743962,0.0,0.0,True,True,False,False,5104.5,0.0,0.0,188.39298273817894,0.0,0.0,5292.892982738179
2025-01-24T17:00:00Z,2025-01-24T17:15:00Z,2025-01-24,2025-01-24_19,0.0,100,100,0,49.61086956521737,49.50962434782606,0.0004524589371980676,0.1215,0.0335,True,True,False,False,0.0,0.0,198.0688463316118,187.39826778932138,17.091011394007595,-2.356168237445492,400.2019572774953
2025-01-24T17:15:00Z,2025-01-24T17:30:00Z,2025-01-24,2025-01-24_19,0.0,100,100,0,49.50962434782606,49.5198913043478,0.00043914734299516913,0.068,0.0915,True,True,False,False,0.0,0.0,198.0688463316118,187.39826778932138,9.565339710226475,-6.148352088901392,388.8841017422583
2025-01-24T17:30:00Z,2025-01-24T17:45:00Z,2025-01-24,2025-01-24_19,0.0,100,100,0,49.5198913043478,48.886202608695626,0.0018931352657004829,0.605,0.026,True,True,False,False,0.0,0.0,198.0688463316118,187.39826778932138,85.10339006892671,-1.6474103249402166,468.9230938649197
2025-01-24T17:45:00Z,2025-01-24T18:00:00Z,2025-01-24,2025-01-24_19,0.0,100,100,0,48.886202608695626,48.79457304347824,0.00043085990338164246,0.11349999999999999,0.0345,True,True,False,False,0.0,0.0,198.0688463316118,187.39826778932138,15.96567731045154,-2.395553322749834,399.0372381086349
2025-01-24T18:00:00Z,2025-01-24T18:15:00Z,2025-01-24,2025-01-24_20,48.95205359980844,51,100,0,48.79457304347824,33.39057478266073,0.042788884057826417,1.9336650000000002,0.0,True,True,False,False,2353.247596676791,0.0,101.01511162912202,187.39826778932138,368.82164253059506,0.0,3010.4826186258297
2025-01-24T18:15:00Z,2025-01-24T18:30:00Z,2025-01-24,2025-01-24_20,48.95205359980844,51,100,0,33.39057478266073,20.031755725347956,0.03719784526024336,0.083895,0.0345,True,True,False,False,2353.247596676791,0.0,101.01511162912202,187.39826778932138,11.801237867491912,-2.3646050278319235,2651.0976089348947
2025-01-24T18:30:00Z,2025-01-24T18:45:00Z,2025-01-24,2025-01-24_20,48.95205359980844,51,100,0,20.031755725347956,10.123316932815252,0.036365739486048036,0.00102,3.389,True,True,False,False,2353.247596676791,0.0,101.01511162912202,187.39826778932138,0.14348009565339712,198.14511785864997,2839.9495740495377
2025-01-24T18:45:00Z,2025-01-24T19:00:00Z,2025-01-24,2025-01-24_20,48.95205359980844,51,100,0,10.123316932815252,12.100996356521726,0.034304616177598474,0.0,15.2535,True,True,False,False,2353.247596676791,0.0,101.01511162912202,187.39826778932138,0.0,9587.243000522478,12228.903976617712
2025-01-24T19:00:00Z,2025-01-24T19:15:00Z,2025-01-24,2025-01-24_21,0.0,100,100,0,12.100996356521726,15.654332878260858,0.009942842995169081,0.012,3.8765,True,True,False,False,0.0,0.0,198.0688463316118,187.39826778932138,1.6880011253340836,197.63115698410465,584.7862722303719
2025-01-24T19:15:00Z,2025-01-24T19:30:00Z,2025-01-24,2025-01-24_21,0.0,100,100,0,15.654332878260858,28.573432878260856,0.035886388888888884,0.0,14.042499999999999,True,True,False,False,0.0,0.0,198.0688463316118,187.39826778932138,0.0,5185.317922452423,5570.785036573356
2025-01-24T19:30:00Z,2025-01-24T19:45:00Z,2025-01-24,2025-01-24_21,0.0,100,100,0,28.573432878260856,32.116732878260855,0.009911944444444445,0.0115,3.865,True,True,False,False,0.0,0.0,198.0688463316118,187.39826778932138,1.537285834857223,-41.75983260655507,345.24456734923535
2025-01-24T19:45:00Z,2025-01-24T20:00:00Z,2025-01-24,2025-01-24_21,0.0,100,100,0,32.116732878260855,33.29680331304346,0.003338359903381643,0.01,1.2945,True,True,False,False,0.0,0.0,198.0688463316118,187.39826778932138,0.6028575447621727,-36.00735395775978,350.0626177079356
2025-01-24T20:00:00Z,2025-01-24T20:15:00Z,2025-01-24,2025-01-24_22,0.0,100,100,0,33.29680331304346,24.17807635652172,0.025370685990338163,8.396,0.008,True,True,False,False,0.0,0.0,198.0688463316118,187.39826778932138,4028.127912706228,-0.5626670417780278,4413.032359785383
2025-01-24T20:15:00Z,2025-01-24T20:30:00Z,2025-01-24,2025-01-24_22,0.0,100,100,0,24.17807635652172,23.861320704347808,0.0010434323671497585,0.3185,0.032,True,True,False,False,0.0,0.0,198.0688463316118,187.39826778932138,35.75951821634548,-2.188774792516528,419.0378575447621
2025-01-24T20:30:00Z,2025-01-24T20:45:00Z,2025-01-24,2025-01-24_22,0.0,100,100,0,23.861320704347808,23.86711722608694,0.000505231884057971,0.081,0.10199999999999998,True,True,False,False,0.0,0.0,198.0688463316118,187.39826778932138,6.289817736068968,-6.944108675120068,384.8128231818821
2025-01-24T20:45:00Z,2025-01-24T21:00:00Z,2025-01-24,2025-01-24_22,0.0,100,100,0,23.86711722608694,25.01164331304346,0.0032607608695652177,0.0135,1.26,True,True,False,False,0.0,0.0,198.0688463316118,187.39826778932138,1.899001266000844,-37.08369672246449,350.28241866446956
2025-01-24T21:00:00Z,2025-01-24T21:15:00Z,2025-01-24,2025-01-24_23,-23.0,100,77,0,25.01164331304346,28.86639579130433,0.01867268200483092,1.7129999999999999,0.39231499999999997,True,True,False,False,-844.1575,0.0,195.92870204770614,144.29666619777745,277.3360872535819,-12.089132761288505,-238.68517726222302
2025-01-24T21:15:00Z,2025-01-24T21:30:00Z,2025-01-24,2025-01-24_23,-23.0,100,77,0,28.86639579130433,18.009673913043464,0.041444069661835746,15.399,0.0,True,True,False,False,-844.1575,0.0,195.92870204770614,144.29666619777745,12564.578916865943,0.0,12060.646785111427
2025-01-24T21:30:00Z,2025-01-24T21:45:00Z,2025-01-24,2025-01-24_23,-23.0,100,77,0,18.009673913043464,13.264987999999985,0.03131850531400966,9.57,0.0,True,True,False,False,-844.1575,0.0,195.92870204770614,144.29666619777745,2150.0855133331993,0.0,1646.153381578683
2025-01-24T21:45:00Z,2025-01-24T22:00:00Z,2025-01-24,2025-01-24_23,-23.0,100,77,0,13.264987999999985,17.897625799999986,0.016397605,0.759,0.150535,True,True,False,False,-844.1575,0.0,195.92870204770614,144.29666619777745,114.49974780459377,-9.420030960753973,-398.85241491067666
2025-01-24T22:00:00Z,2025-01-24T22:15:00Z,2025-01-25,2025-01-24_24,7.999999999999975,92,100,0,17.897625799999986,12.550747295652167,0.01509695584541061,2.96378,0.052,True,True,False,False,254.29999999999922,0.0,181.05861784860238,189.90012660008438,529.0993205473947,-2.722907380985873,1151.6351576150948
2025-01-24T22:15:00Z,2025-01-24T22:30:00Z,2025-01-25,2025-01-24_24,7.999999999999975,92,100,0,12.550747295652167,10.348241765217391,0.007641590917874378,0.30452,0.324,True,True,False,False,254.29999999999922,0.0,181.05861784860238,189.90012660008438,36.716435906195365,-15.319991961899403,646.6551883929819
2025-01-24T22:30:00Z,2025-01-24T22:45:00Z,2025-01-25,2025-01-24_24,7.999999999999975,92,100,0,10.348241765217391,10.51715373043479,0.011361591207729454,0.005059999999999999,2.516,True,True,False,False,254.29999999999922,0.0,181.05861784860238,189.90012660008438,0.6100918352993187,-60.30199224323293,565.5668440407524
2025-01-24T22:45:00Z,2025-01-24T23:00:00Z,2025-01-25,2025-01-24_24,7.999999999999975,92,100,0,10.51715373043479,14.222920095652189,0.019327853429951684,0.0,6.299499999999999,True,True,False,False,254.29999999999922,0.0,181.05861784860238,189.90012660008438,0.0,-101.74421025661636,523.5145341920696
2025-01-24T23:00:00Z,2025-01-24T23:15:00Z,2025-01-25,2025-01-25_1,3.3979795439999605,0,0,0,14.222920095652189,13.29955608913046,0.002564900018115912,0.0,0.0,True,False,False,False,98.88120473039885,0.0,0.0,0.0,0.0,0.0,98.88120473039885
2025-01-24T23:15:00Z,2025-01-24T23:30:00Z,2025-01-25,2025-01-25_1,3.3979795439999605,0,0,0,13.29955608913046,12.376192082608732,0.002564900018115912,0.0,0.0,True,False,False,False,98.88120473039885,0.0,0.0,0.0,0.0,0.0,98.88120473039885
2025-01-24T23:30:00Z,2025-01-24T23:45:00Z,2025-01-25,2025-01-25_1,3.3979795439999605,0,0,0,12.376192082608732,11.452828076087004,0.002564900018115912,0.0,0.0,True,False,False,False,98.88120473039885,0.0,0.0,0.0,0.0,0.0,98.88120473039885
2025-01-24T23:45:00Z,2025-01-25T00:00:00Z,2025-01-25,2025-01-25_1,3.3979795439999605,0,0,0,11.452828076087004,10.529464069565275,0.002564900018115912,0.0,0.0,True,False,False,False,98.88120473039885,0.0,0.0,0.0,0.0,0.0,98.88120473039885
2025-01-25T00:00:00Z,2025-01-25T00:15:00Z,2025-01-25,2025-01-25_2,0.0,100,100,0,10.529464069565275,25.295464069565277,0.041016666666666673,0.0,16.05,True,True,False,False,0.0,0.0,196.80284548761128,189.90012660008438,0.0,1139.497427807809,1526.2003998955045
2025-01-25T00:15:00Z,2025-01-25T00:30:00Z,2025-01-25,2025-01-25_2,0.0,100,100,0,25.295464069565277,31.179784069565276,0.016345333333333333,0.0,6.396,True,True,False,False,0.0,0.0,196.80284548761128,189.90012660008438,0.0,262.4553993931234,649.158371480819
2025-01-25T00:30:00Z,2025-01-25T00:45:00Z,2025-01-25,2025-01-25_2,0.0,100,100,0,31.179784069565276,37.749504069565276,0.018249222222222222,0.0,7.141,True,True,False,False,0.0,0.0,196.80284548761128,189.90012660008438,0.0,-94.97416634849185,291.72880573920384
2025-01-25T00:45:00Z,2025-01-25T01:00:00Z,2025-01-25,2025-01-25_2,0.0,100,100,0,37.749504069565276,48.46152406956528,0.029755611111111115,0.0,11.6435,True,True,False,False,0.0,0.0,196.80284548761128,189.90012660008438,0.0,413.70773647087185,800.4107085585675
2025-01-25T01:00:00Z,2025-01-25T01:15:00Z,2025-01-25,2025-01-25_3,0.0,100,100,0,48.46152406956528,52.14612406956528,0.010235000000000001,0.0,4.005,True,True,False,False,0.0,0.0,196.80284548761128,189.90012660008438,0.0,-62.739339469083454,323.9636326186122
2025-01-25T01:15:00Z,2025-01-25T01:30:00Z,2025-01-25,2025-01-25_3,0.0,100,100,0,52.14612406956528,59.601344069565286,0.020708944444444446,0.0,8.1035,True,True,False,False,0.0,0.0,196.80284548761128,189.90012660008438,0.0,-85.61574181620884,301.0872302714868
2025-01-25T01:30:00Z,2025-01-25T01:45:00Z,2025-01-25,2025-01-25_3,0.0,100,100,0,59.601344069565286,65.57582406956529,0.01659577777777778,0.0,6.494,True,True,False,False,0.0,0.0,196.80284548761128,189.90012660008438,0.0,-75.55736310109921,311.14560898659647
2025-01-25T01:45:00Z,2025-01-25T02:00:00Z,2025-01-25,2025-01-25_3,0.0,100,100,0,65.57582406956529,82.45552406956529,0.04688805555555556,0.0,18.3475,True,True,False,False,0.0,0.0,196.80284548761128,189.90012660008438,0.0,5540.644142736572,5927.347114824267
2025-01-25T02:00:00Z,2025-01-25T02:15:00Z,2025-01-25,2025-01-25_4,0.0,100,100,0,82.45552406956529,103.56354406956528,0.05863338888888889,0.0,22.9435,True,True,False,False,0.0,0.0,196.80284548761128,189.90012660008438,0.0,13351.030263247792,13737.733235335489
2025-01-25T02:15:00Z,2025-01-25T02:30:00Z,2025-01-25,2025-01-25_4,0.0,100,100,0,103.56354406956528,109.99618406956529,0.017868444444444444,0.0,6.992,True,True,False,False,0.0,0.0,196.80284548761128,189.90012660008438,0.0,278.17518075678714,664.8781528444828
2025-01-25T02:30:00Z,2025-01-25T02:45:00Z,2025-01-25,2025-01-25_4,0.0,100,100,0,109.99618406956529,114.84734406956528,0.013475444444444444,0.0,5.273,True,True,False,False,0.0,0.0,196.80284548761128,189.90012660008438,0.0,-80.5397954303398,306.16317665735585
2025-01-25T02:45:00Z,2025-01-25T03:00:00Z,2025-01-25,2025-01-25_4,0.0,100,100,0,114.84734406956528,119.14006406956528,0.011924222222222223,0.0,4.666,True,True,False,False,0.0,0.0,196.80284548761128,189.90012660008438,0.0,-68.55587283724856,318.1470992504471
2025-01-25T03:00:00Z,2025-01-25T03:15:00Z,2025-01-25,2025-01-25_5,0.0,100,100,0,119.14006406956528,131.03474406956528,0.03304077777777779,0.0,12.929000000000002,True,True,False,False,0.0,0.0,196.80284548761128,189.90012660008438,0.0,138.91601631734423,525.6189884050399
2025-01-25T03:15:00Z,2025-01-25T03:30:00Z,2025-01-25,2025-01-25_5,0.0,100,100,0,131.03474406956528,139.88514406956529,0.024584444444444447,0.0,9.62,True,True,False,False,0.0,0.0,196.80284548761128,189.90012660008438,0.0,53.69747402688744,440.4004461145831
2025-01-25T03:30:00Z,2025-01-25T03:45:00Z,2025-01-25,2025-01-25_5,0.0,100,100,0,139.88514406956529,143.1805840695653,0.009154,0.0,3.582,True,True,False,False,0.0,0.0,196.80284548761128,189.90012660008438,0.0,-64.78307176014307,321.91990032755257
2025-01-25T03:45:00Z,2025-01-25T04:00:00Z,2025-01-25,2025-01-25_5,0.0,100,100,0,143.1805840695653,143.49378146086966,0.0012715628019323673,0.0665,0.41900000000000004,True,True,False,False,0.0,0.0,196.80284548761128,189.90012660008438,7.234285412856941,-9.955196832988364,383.9820606675642
2025-01-25T04:00:00Z,2025-01-25T04:15:00Z,2025-01-25,2025-01-25_6,0.0,100,100,0,143.49378146086966,144.0968692869566,0.002206644927536232,0.088,0.7595,True,True,False,False,0.0,0.0,196.80284548761128,189.90012660008438,8.440010449530776,-14.441382050921366,380.70160048630504
2025-01-25T04:15:00Z,2025-01-25T04:30:00Z,2025-01-25,2025-01-25_6,0.0,100,100,0,144.0968692869566,144.0949492869566,0.0016613333333333332,0.276,0.324,True,True,False,False,0.0,0.0,196.80284548761128,189.90012660008438,32.4940457769829,-6.617379177300403,412.5796386873782
2025-01-25T04:30:00Z,2025-01-25T04:45:00Z,2025-01-25,2025-01-25_6,0.0,100,100,0,144.0949492869566,144.38628667826094,0.0014191739130434784,0.101,0.436,True,True,False,False,0.0,0.0,196.80284548761128,189.90012660008438,12.027002793239957,-27.30101400639029,371.42896087454534
2025-01-25T04:45:00Z,2025-01-25T05:00:00Z,2025-01-25,2025-01-25_6,0.0,100,100,0,144.38628667826094,144.52657624347833,0.0017876400966183575,0.2315,0.426,True,True,False,False,0.0,0.0,196.80284548761128,189.90012660008438,27.15871862628861,-10.451951047967365,403.4097396660169
2025-01-25T05:00:00Z,2025-01-25T05:15:00Z,2025-01-25,2025-01-25_7,0.0,100,100,0,144.52657624347833,147.12156580869572,0.007286806763285024,0.013,2.836,True,True,False,False,0.0,0.0,198.0688463316118,187.39826778932138,1.567429616381649,-70.5714518819203,316.46309185539457
2025-01-25T05:15:00Z,2025-01-25T05:30:00Z,2025-01-25,2025-01-25_7,0.0,100,100,0,147.12156580869572,146.06834754782616,0.00294093961352657,0.9714999999999999,0.003,True,True,False,False,0.0,0.0,198.0688463316118,187.39826778932138,117.13522094729015,-0.21100014066676046,502.39133492755656
2025-01-25T05:30:00Z,2025-01-25T05:45:00Z,2025-01-25,2025-01-25_7,0.0,100,100,0,146.06834754782616,141.57976059130442,0.012468297101449274,4.1295,0.0,True,True,False,False,0.0,0.0,198.0688463316118,187.39826778932138,751.687168277636,0.0,1137.1542823985692
2025-01-25T05:45:00Z,2025-01-25T06:00:00Z,2025-01-25,2025-01-25_7,0.0,100,100,0,141.57976059130442,141.40588580869573,0.0012138743961352656,0.281,0.143,True,True,False,False,0.0,0.0,198.0688463316118,187.39826778932138,33.88059401563411,-8.781009786387475,410.5666983501798
2025-01-25T06:00:00Z,2025-01-25T06:15:00Z,2025-01-25,2025-01-25_8,100.0,0,100,0,141.40588580869573,127.4884945043479,0.03865942028985506,0.0,12.196,True,True,False,False,3119.5,0.0,0.0,187.39826778932138,0.0,4286.446848461708,7593.34511625103
2025-01-25T06:15:00Z,2025-01-25T06:30:00Z,2025-01-25,2025-01-25_8,100.0,0,100,0,127.4884945043479,109.16621189565225,0.050895229468599035,0.0,8.1435,True,True,False,False,3119.5,0.0,0.0,187.39826778932138,0.0,-25.900201856801235,3280.99806593252
2025-01-25T06:30:00Z,2025-01-25T06:45:00Z,2025-01-25,2025-01-25_8,100.0,0,100,0,109.16621189565225,85.96458146086965,0.06444897342995169,0.0,3.6545,True,True,False,False,3119.5,0.0,0.0,187.39826778932138,0.0,-84.19677772642325,3222.7014900628983
2025-01-25T06:45:00Z,2025-01-25T07:00:00Z,2025-01-25,2025-01-25_8,100.0,0,100,0,85.96458146086965,75.22708146086966,0.029826388888888892,0.0,15.1215,True,True,False,False,3119.5,0.0,0.0,187.39826778932138,0.0,3191.0306198380317,6497.928887627353
2025-01-25T07:00:00Z,2025-01-25T07:15:00Z,2025-01-25,2025-01-25_9,0.0,100,100,0,75.22708146086966,87.17006146086966,0.033174944444444444,0.0,12.9815,True,True,False,False,0.0,0.0,198.0688463316118,187.39826778932138,0.0,132.88279012519342,518.3499042461266
2025-01-25T07:15:00Z,2025-01-25T07:30:00Z,2025-01-25,2025-01-25_9,0.0,100,100,0,87.17006146086966,101.53034146086966,0.03988966666666667,0.0,15.609,True,True,False,False,0.0,0.0,198.0688463316118,187.39826778932138,0.0,545.8993915157848,931.366505636718
2025-01-25T07:30:00Z,2025-01-25T07:45:00Z,2025-01-25,2025-01-25_9,0.0,100,100,0,101.53034146086966,107.92940146086967,0.017775166666666665,0.0,6.955499999999999,True,True,False,False,0.0,0.0,198.0688463316118,187.39826778932138,0.0,-37.04810461587926,348.4190095050539
2025-01-25T07:45:00Z,2025-01-25T08:00:00Z,2025-01-25,2025-01-25_9,0.0,100,100,0,107.92940146086967,116.79912146086967,0.024638111111111114,0.0,9.641,True,True,False,False,0.0,0.0,198.0688463316118,187.39826778932138,0.0,273.2930858268191,658.7601999477523
2025-01-25T08:00:00Z,2025-01-25T08:15:00Z,2025-01-25,2025-01-25_10,0.0,100,100,0,116.79912146086967,117.29141363478271,0.0015305217391304348,0.027,0.567,True,True,False,False,0.0,0.0,198.0688463316118,187.39826778932138,1.6277153708578662,-22.64251371500914,364.4523157767819
2025-01-25T08:15:00Z,2025-01-25T08:30:00Z,2025-01-25,2025-01-25_10,0.0,100,100,0,117.29141363478271,117.70756928695663,0.001593789855072464,0.0725,0.538,True,True,False,False,0.0,0.0,198.0688463316118,187.39826778932138,4.370717199525751,-18.35381870064104,371.4840126198179
2025-01-25T08:30:00Z,2025-01-25T08:45:00Z,2025-01-25,2025-01-25_10,0.0,100,100,0,117.70756928695663,119.1884779826088,0.004140809178743962,0.0045,1.6150000000000002,True,True,False,False,0.0,0.0,198.0688463316118,187.39826778932138,0.2712858951429777,-39.886407571890764,345.8519924441854
2025-01-25T08:45:00Z,2025-01-25T09:00:00Z,2025-01-25,2025-01-25_10,0.0,100,100,0,119.1884779826088,119.42108841739142,0.000984304347826087,0.05600000000000001,0.319,True,True,False,False,0.0,0.0,198.0688463316118,187.39826778932138,5.094151076100718,-16.756234149870384,373.80503104716354
2025-01-25T09:00:00Z,2025-01-25T09:15:00Z,2025-01-25,2025-01-25_11,0.0,100,100,0,119.42108841739142,117.2998927652175,0.005892210144927535,1.9515,0.0,True,True,False,False,0.0,0.0,198.0688463316118,187.39826778932138,285.31908044129165,0.0,670.7861945622249
2025-01-25T09:15:00Z,2025-01-25T09:30:00Z,2025-01-25,2025-01-25_11,0.0,100,100,0,117.2998927652175,111.99391450434794,0.014738828502415457,4.8815,0.0,True,True,False,False,0.0,0.0,198.0688463316118,187.39826778932138,860.493982979322,0.0,1245.9610971002553
2025-01-25T09:30:00Z,2025-01-25T09:45:00Z,2025-01-25,2025-01-25_11,0.0,100,100,0,111.99391450434794,107.46347972173925,0.012584541062801933,4.168,0.0,True,True,False,False,0.0,0.0,198.0688463316118,187.39826778932138,729.0444515001104,0.0,1114.5115656210437
2025-01-25T09:45:00Z,2025-01-25T10:00:00Z,2025-01-25,2025-01-25_11,0.0,100,100,0,107.46347972173925,107.4771423304349,0.0006086038647342995,0.0945,0.1265,True,True,False,False,0.0,0.0,198.0688463316118,187.39826778932138,11.394007596005064,-7.881750999738761,388.9793707171995
2025-01-25T10:00:00Z,2025-01-25T10:15:00Z,2025-01-25,2025-01-25_12,0.0,100,100,0,107.4771423304349,101.47551189565229,0.016671195652173912,5.5215,0.0,True,True,False,False,0.0,0.0,198.0688463316118,187.39826778932138,995.8727545565982,0.0,1381.3398686775315
2025-01-25T10:15:00Z,2025-01-25T10:30:00Z,2025-01-25,2025-01-25_12,0.0,100,100,0,101.47551189565229,101.05938493913055,0.0013501304347826085,0.415,0.038,True,True,False,False,0.0,0.0,198.0688463316118,187.39826778932138,50.03717621526033,-2.4737226453389063,433.03056769085464
2025-01-25T10:30:00Z,2025-01-25T10:45:00Z,2025-01-25,2025-01-25_12,0.0,100,100,0,101.05938493913055,101.94214580869577,0.00285066425120773,0.066,1.0375,True,True,False,False,0.0,0.0,198.0688463316118,187.39826778932138,7.95771959086068,-26.567030223258246,366.85780348853564
2025-01-25T10:45:00Z,2025-01-25T11:00:00Z,2025-01-25,2025-01-25_12,0.0,100,100,0,101.94214580869577,102.34697015652185,0.009575599033816426,1.3995,2.0935,True,True,False,False,0.0,0.0,198.0688463316118,187.39826778932138,228.37641882523158,15.201780941663484,629.0453138878282
2025-01-25T11:00:00Z,2025-01-25T11:15:00Z,2025-01-25,2025-01-25_13,-5.999999999999981,100,94,0,102.34697015652185,92.87435144347837,0.03378813642512077,10.588,0.59784,True,True,False,False,-129.9749999999996,0.0,198.0688463316118,173.77429013524102,8520.91124731226,-10.750619986737135,8752.028763792376
2025-01-25T11:15:00Z,2025-01-25T11:30:00Z,2025-01-25,2025-01-25_13,-5.999999999999981,100,94,0,92.87435144347837,95.84040309565228,0.010668500966183565,0.428,2.22498,True,True,False,False,-129.9749999999996,0.0,198.0688463316118,173.77429013524102,51.60460583164198,-44.181701002753044,249.29104129574216
2025-01-25T11:30:00Z,2025-01-25T11:45:00Z,2025-01-25,2025-01-25_13,-5.999999999999981,100,94,0,95.84040309565228,98.30217806956533,0.006863807294685978,0.0045,1.1811099999999999,True,True,False,False,-129.9749999999996,0.0,198.0688463316118,173.77429013524102,0.5425717902859554,-42.725787339991555,199.68492091714762
2025-01-25T11:45:00Z,2025-01-25T12:00:00Z,2025-01-25,2025-01-25_13,-5.999999999999981,100,94,0,98.30217806956533,100.17929805217402,0.005622917826086945,0.072,0.62463,True,True,False,False,-129.9749999999996,0.0,198.0688463316118,173.77429013524102,8.681148644575286,-22.102610937845387,228.44667417358312
2025-01-25T12:00:00Z,2025-01-25T12:15:00Z,2025-01-25,2025-01-25_14,0.0,100,100,0,100.17929805217402,116.20155805217402,0.044506277777777783,0.0,17.4155,True,True,False,False,0.0,0.0,198.0688463316118,184.86626610132024,0.0,10724.326522315778,11107.26163474871
2025-01-25T12:15:00Z,2025-01-25T12:30:00Z,2025-01-25,2025-01-25_14,0.0,100,100,0,116.20155805217402,134.36281805217402,0.05044794444444445,0.0,19.7405,True,True,False,False,0.0,0.0,198.0688463316118,184.86626610132024,0.0,5779.472395454454,6162.407507887387
2025-01-25T12:30:00Z,2025-01-25T12:45:00Z,2025-01-25,2025-01-25_14,0.0,100,100,0,134.36281805217402,148.401558052174,0.038996499999999996,0.0,15.259499999999997,True,True,False,False,0.0,0.0,198.0688463316118,184.86626610132024,0.0,3506.5725685750454,3889.507681007977
2025-01-25T12:45:00Z,2025-01-25T13:00:00Z,2025-01-25,2025-01-25_14,0.0,100,100,0,148.401558052174,150.89889805217402,0.0069370555555555566,0.0,2.7145,True,True,False,False,0.0,0.0,198.0688463316118,184.86626610132024,0.0,-3.4409231758535457,379.4941892570785
2025-01-25T13:00:00Z,2025-01-25T13:15:00Z,2025-01-25,2025-01-25_15,0.0,100,100,0,150.89889805217402,172.919558052174,0.06116850000000001,0.0,23.9355,True,True,False,False,0.0,0.0,198.0688463316118,184.86626610132024,0.0,23886.843062516327,24269.77817494926
2025-01-25T13:15:00Z,2025-01-25T13:30:00Z,2025-01-25,2025-01-25_15,0.0,100,100,0,172.919558052174,180.71894326956533,0.021695152173913042,0.005,8.4835,True,True,False,False,0.0,0.0,198.0688463316118,184.86626610132024,0.30142877238108634,3398.3182922050514,3781.5548334103646
2025-01-25T13:30:00Z,2025-01-25T13:45:00Z,2025-01-25,2025-01-25_15,0.0,100,100,0,180.71894326956533,177.02935457391314,0.010279524154589373,3.3995000000000006,0.006,True,True,False,False,0.0,0.0,198.0688463316118,184.86626610132024,620.7709839639895,-0.4220002813335209,1003.284096115588
2025-01-25T13:45:00Z,2025-01-25T14:00:00Z,2025-01-25,2025-01-25_15,0.0,100,100,0,177.02935457391314,168.56966935652184,0.023762347826086955,7.8265,0.0515,True,True,False,False,0.0,0.0,198.0688463316118,184.86626610132024,1462.2562472117838,-3.168021522014348,1842.0233381227015
2025-01-25T14:00:00Z,2025-01-25T14:15:00Z,2025-01-25,2025-01-25_16,0.0,100,100,0,168.56966935652184,183.45434935652185,0.04134633333333333,0.0,16.179,True,True,False,False,0.0,0.0,198.0688463316118,188.39298273817894,0.0,8250.890101079114,8637.351930148905
2025-01-25T14:15:00Z,2025-01-25T14:30:00Z,2025-01-25,2025-01-25_16,0.0,100,100,0,183.45434935652185,186.3768815304349,0.01821174396135266,1.6715,5.1515,True,True,False,False,0.0,0.0,198.0688463316118,188.39298273817894,311.71326969837025,-48.25409832606556,649.9210004420954
2025-01-25T14:30:00Z,2025-01-25T14:45:00Z,2025-01-25,2025-01-25_16,0.0,100,100,0,186.3768815304349,188.9666415304349,0.009624333333333334,0.40249999999999997,3.2905,True,True,False,False,0.0,0.0,198.0688463316118,188.39298273817894,60.32517583345055,-73.79903221268815,372.98797269055314
2025-01-25T14:45:00Z,2025-01-25T15:00:00Z,2025-01-25,2025-01-25_16,0.0,100,100,0,188.9666415304349,189.78952240000012,0.002753775362318841,0.0775,0.9860000000000001,True,True,False,False,0.0,0.0,198.0688463316118,188.39298273817894,9.344291943813676,-21.409730924582522,374.3963900890219
2025-01-25T15:00:00Z,2025-01-25T15:15:00Z,2025-01-25,2025-01-25_17,99.00000000000055,1,100,0,189.78952240000012,187.71654347826086,0.006927594782608404,0.0,22.878,True,True,False,False,3873.6225000000213,0.0,1.9806884633161181,188.39298273817894,0.0,13732.298480397083,17796.2946515986
2025-01-25T15:15:00Z,2025-01-25T15:30:00Z,2025-01-25,2025-01-25_17,99.00000000000055,1,100,0,187.71654347826086,169.40058471304332,0.051282028792270694,3e-05,7.9115,True,True,False,False,3873.6225000000213,0.0,1.9806884633161181,188.39298273817894,0.003617145268573036,408.3461511564817,4472.345939503267
2025-01-25T15:30:00Z,2025-01-25T15:45:00Z,2025-01-25,2025-01-25_17,99.00000000000055,1,100,0,169.40058471304332,142.4671202521736,0.0748152557246381,0.030285000000000003,0.0015,True,True,False,False,3873.6225000000213,0.0,1.9806884633161181,188.39298273817894,6.6531999929666625,-0.10550007033338023,4070.5438711241495
2025-01-25T15:45:00Z,2025-01-25T16:00:00Z,2025-01-25,2025-01-25_17,99.00000000000055,1,100,0,142.4671202521736,115.52106590434735,0.074850150966184,0.040369999999999996,0.0,True,True,False,False,3873.6225000000213,0.0,1.9806884633161181,188.39298273817894,7.652720314289732,0.0,4071.648891515806
2025-01-25T16:00:00Z,2025-01-25T16:15:00Z,2025-01-25,2025-01-25_18,0.0,100,100,0,115.52106590434735,114.10586242608647,0.004196898550724638,1.346,0.052,True,True,False,False,0.0,0.0,198.0688463316118,188.39298273817894,227.3969937503768,-3.4628177561642177,610.3960050640034
2025-01-25T16:15:00Z,2025-01-25T16:30:00Z,2025-01-25,2025-01-25_18,0.0,100,100,0,114.10586242608647,107.1107537304343,0.019430857487922705,6.435499999999999,0.0,True,True,False,False,0.0,0.0,198.0688463316118,188.39298273817894,1385.9234567851613,0.0,1772.3852858549521
2025-01-25T16:30:00Z,2025-01-25T16:45:00Z,2025-01-25,2025-01-25_18,0.0,100,100,0,107.1107537304343,104.64010155652126,0.006862922705314009,2.273,0.0,True,True,False,False,0.0,0.0,198.0688463316118,188.39298273817894,364.92788216144527,0.0,751.389711231236
2025-01-25T16:45:00Z,2025-01-25T17:00:00Z,2025-01-25,2025-01-25_18,0.0,100,100,0,104.64010155652126,103.92397112173865,0.0021170289855072465,0.68,0.025,True,True,False,False,0.0,0.0,198.0688463316118,188.39298273817894,78.5221469766694,-1.7185459076020337,463.2654301388581
2025-01-25T17:00:00Z,2025-01-25T17:15:00Z,2025-01-25,2025-01-25_19,0.0,100,100,0,103.92397112173865,106.05540329565169,0.005944799516908212,0.004,2.3215,True,True,False,False,0.0,0.0,200.23913349275568,187.39826778932138,0.4220002813335209,-62.97062335470128,325.0887782087093
2025-01-25T17:15:00Z,2025-01-25T17:30:00Z,2025-01-25,2025-01-25_19,0.0,100,100,0,106.05540329565169,106.50429025217342,0.0014492028985507248,0.0335,0.5275,True,True,False,False,0.0,0.0,200.23913349275568,187.39826778932138,4.039145549906557,-32.384490987279705,359.2920558447039
2025-01-25T17:30:00Z,2025-01-25T17:45:00Z,2025-01-25,2025-01-25_19,0.0,100,100,0,106.50429025217342,105.70654677391255,0.002995398550724638,0.8630000000000001,0.1525,True,True,False,False,0.0,0.0,200.23913349275568,187.39826778932138,104.05321222595101,-9.609954685207885,482.08065882282017
2025-01-25T17:45:00Z,2025-01-25T18:00:00Z,2025-01-25,2025-01-25_19,0.0,100,100,0,105.70654677391255,105.6871050347821,0.00081556038647343,0.144,0.149,True,True,False,False,0.0,0.0,200.23913349275568,187.39826778932138,17.362297289150572,-10.091835902176317,394.9078626690513
2025-01-25T18:00:00Z,2025-01-25T18:15:00Z,2025-01-25,2025-01-25_20,88.94789008644587,11,100,0,105.6871050347821,81.54512789010582,0.06710934534442306,0.057694999999999996,0.0855,True,True,False,False,3569.03408971864,0.0,22.026304684203122,187.39826778932138,8.254536795410244,-5.673088137773045,3781.0401108498017
2025-01-25T18:15:00Z,2025-01-25T18:30:00Z,2025-01-25,2025-01-25_20,88.94789008644587,11,100,0,81.54512789010582,57.52015432564183,0.06681483922275026,0.0031349999999999998,0.1395,True,True,False,False,3569.03408971864,0.0,22.026304684203122,187.39826778932138,0.3779916805658823,-9.227946164821255,3769.608707707909
2025-01-25T18:30:00Z,2025-01-25T18:45:00Z,2025-01-25,2025-01-25_20,88.94789008644587,11,100,0,57.52015432564183,35.95249015469541,0.06128906404568823,0.00484,2.441,True,True,False,False,3569.03408971864,0.0,22.026304684203122,187.39826778932138,0.5835661033297831,-62.99077929385285,3716.0514490016417
2025-01-25T18:45:00Z,2025-01-25T19:00:00Z,2025-01-25,2025-01-25_20,88.94789008644587,11,100,0,35.95249015469541,19.233082608695323,0.050382028594644475,0.0,6.9735,True,True,False,False,3569.03408971864,0.0,22.026304684203122,187.39826778932138,0.0,-112.75340785322426,3665.7052543389404
2025-01-25T19:00:00Z,2025-01-25T19:15:00Z,2025-01-25,2025-01-25_21,0.0,100,100,0,19.233082608695323,20.22392260869532,0.0027523333333333336,0.0,1.077,True,True,False,False,0.0,0.0,198.0688463316118,187.39826778932138,0.0,-55.42319956594256,330.04391455499064
2025-01-25T19:15:00Z,2025-01-25T19:30:00Z,2025-01-25,2025-01-25_21,0.0,100,100,0,20.22392260869532,25.99094260869532,0.016019500000000002,0.0,6.2685,True,True,False,False,0.0,0.0,198.0688463316118,187.39826778932138,0.0,-91.72419186946125,293.74292225147195
2025-01-25T19:30:00Z,2025-01-25T19:45:00Z,2025-01-25,2025-01-25_21,0.0,100,100,0,25.99094260869532,30.41246260869532,0.012282,0.0,4.806,True,True,False,False,0.0,0.0,198.0688463316118,187.39826778932138,0.0,-96.71588489439945,288.7512292265337
2025-01-25T19:45:00Z,2025-01-25T20:00:00Z,2025-01-25,2025-01-25_21,0.0,100,100,0,30.41246260869532,36.430182608695326,0.016715888888888895,0.0,6.541000000000001,True,True,False,False,0.0,0.0,198.0688463316118,187.39826778932138,0.0,-89.29845809135303,296.1686560295802
2025-01-25T20:00:00Z,2025-01-25T20:15:00Z,2025-01-25,2025-01-25_22,0.0,100,100,0,36.430182608695326,32.5596313043475,0.011081198067632848,3.6155,0.0645,True,True,False,False,0.0,0.0,198.0688463316118,189.90012660008438,616.2442945561965,-3.99273184896409,1000.2205356389286
2025-01-25T20:15:00Z,2025-01-25T20:30:00Z,2025-01-25,2025-01-25_22,0.0,100,100,0,32.5596313043475,30.506080869564887,0.005763084541062801,1.899,0.0115,True,True,False,False,0.0,0.0,198.0688463316118,189.90012660008438,308.34412897132404,-0.7955713079999196,695.5175305950203
2025-01-25T20:30:00Z,2025-01-25T20:45:00Z,2025-01-25,2025-01-25_22,0.0,100,100,0,30.506080869564887,27.430537391304018,0.008543176328502414,2.8295,0.0,True,True,False,False,0.0,0.0,198.0688463316118,189.90012660008438,489.397229568153,0.0,877.3662024998492
2025-01-25T20:45:00Z,2025-01-25T21:00:00Z,2025-01-25,2025-01-25_22,0.0,100,100,0,27.430537391304018,28.785326086956193,0.003859920289855073,0.016,1.4915,True,True,False,False,0.0,0.0,198.0688463316118,189.90012660008438,1.6880011253340836,-61.495189699174084,328.16178435785616
2025-01-25T21:00:00Z,2025-01-25T21:15:00Z,2025-01-25,2025-01-25_23,0.0,100,100,0,28.785326086956193,20.071195652173586,0.024205917874396132,8.017,0.0,True,True,False,False,0.0,0.0,195.92870204770614,189.90012660008438,1739.4181847959326,0.0,2125.247013443723
2025-01-25T21:15:00Z,2025-01-25T21:30:00Z,2025-01-25,2025-01-25_23,0.0,100,100,0,20.071195652173586,18.3298913043475,0.00483695652173913,1.6019999999999999,0.0,True,True,False,False,0.0,0.0,195.92870204770614,189.90012660008438,211.42581958483208,0.0,597.2546482326226
2025-01-25T21:30:00Z,2025-01-25T21:45:00Z,2025-01-25,2025-01-25_23,0.0,100,100,0,18.3298913043475,14.120652173912717,0.011692330917874395,3.8725,0.0,True,True,False,False,0.0,0.0,195.92870204770614,189.90012660008438,710.9826889456021,0.0,1096.8115175933926
2025-01-25T21:45:00Z,2025-01-25T22:00:00Z,2025-01-25,2025-01-25_23,0.0,100,100,0,14.120652173912717,9.999999999999673,0.01144625603864734,3.791,0.0,True,True,False,False,0.0,0.0,195.92870204770614,189.90012660008438,698.5395345939754,0.0,1084.368363241766
2025-01-25T22:00:00Z,2025-01-25T22:15:00Z,2025-01-26,2025-01-25_24,-13.000000000014433,13,87,0,9.999999999999673,12.676408800002992,0.007434468888898109,0.34086,0.0,True,True,False,False,-403.6175000004481,0.0,25.470731266201796,163.90189498221568,60.34947431224002,0.0,-153.8953994397906
2025-01-25T22:15:00Z,2025-01-25T22:30:00Z,2025-01-26,2025-01-25_24,-13.000000000014433,13,87,0,12.676408800002992,15.544605400006311,0.007967212777787,0.15197000000000002,0.019575,True,True,False,False,-403.6175000004481,0.0,25.470731266201796,163.90189498221568,23.12657062878042,-1.1014207342804894,-192.2197238575307
2025-01-25T22:30:00Z,2025-01-25T22:45:00Z,2025-01-26,2025-01-25_24,-13.000000000014433,13,87,0,15.544605400006311,18.377593600009632,0.007869411666675888,0.171535,0.0008700000000000001,True,True,False,False,-403.6175000004481,0.0,25.470731266201796,163.90189498221568,26.04661923617949,-0.06119004079336054,-188.2594445566445
2025-01-25T22:45:00Z,2025-01-25T23:00:00Z,2025-01-26,2025-01-25_24,-13.000000000014433,13,87,0,18.377593600009632,22.188035800012955,0.010584561666675889,0.05434,0.9461249999999999,True,True,False,False,-403.6175000004481,0.0,25.470731266201796,163.90189498221568,7.643831762554508,-19.175367843578556,-225.7764098330547
2025-01-25T23:00:00Z,2025-01-25T23:15:00Z,2025-01-26,2025-01-26_1,0.0,100,100,0,22.188035800012955,22.688105365230346,0.004731473429951691,0.5535,1.1975,True,True,False,False,0.0,0.0,195.92870204770614,188.39298273817894,83.1913959166449,-29.505670377589773,438.0074103249402
2025-01-25T23:15:00Z,2025-01-25T23:30:00Z,2025-01-26,2025-01-26_1,0.0,100,100,0,22.688105365230346,19.82017058262165,0.007966485507246377,2.6385,0.0,True,True,False,False,0.0,0.0,195.92870204770614,188.39298273817894,473.33989058135563,0.0,857.6615753672407
2025-01-25T23:30:00Z,2025-01-25T23:45:00Z,2025-01-26,2025-01-26_1,0.0,100,100,0,19.82017058262165,19.859844495665126,0.0030842391304347827,0.4925,0.625,True,True,False,False,0.0,0.0,195.92870204770614,188.39298273817894,70.45997176617165,-22.457071519000063,432.3245850330567
2025-01-25T23:45:00Z,2025-01-26T00:00:00Z,2025-01-26,2025-01-26_1,0.0,100,100,0,19.859844495665126,20.011864495665126,0.0006306111111111111,0.0345,0.206,True,True,False,False,0.0,0.0,195.92870204770614,188.39298273817894,4.853003235335491,-10.232689749412213,378.94199827180836
2025-01-26T00:00:00Z,2025-01-26T00:15:00Z,2025-01-26,2025-01-26_2,0.0,100,100,0,20.011864495665126,20.013097539143388,0.0011900193236714976,0.1965,0.23350000000000004,True,True,False,False,0.0,0.0,195.92870204770614,188.39298273817894,27.64101842734562,-10.726463436689912,401.2362397765408
2025-01-26T00:15:00Z,2025-01-26T00:30:00Z,2025-01-26,2025-01-26_2,0.0,100,100,0,20.013097539143388,16.5842931913173,0.009524456521739132,3.1545000000000005,0.0,True,True,False,False,0.0,0.0,195.92870204770614,188.39298273817894,591.0419736551254,0.0,975.3636584410104
2025-01-26T00:30:00Z,2025-01-26T00:45:00Z,2025-01-26,2025-01-26_2,0.0,100,100,0,16.5842931913173,16.025599278273823,0.0015851497584541063,0.5195,0.0065,True,True,False,False,0.0,0.0,195.92870204770614,188.39298273817894,72.43330988887325,-0.45716697144464763,456.2978277033137
2025-01-26T00:45:00Z,2025-01-26T01:00:00Z,2025-01-26,2025-01-26_2,0.0,100,100,0,16.025599278273823,16.919839278273823,0.002484,0.0,0.972,True,True,False,False,0.0,0.0,195.92870204770614,188.39298273817894,0.0,-30.84273215039286,353.47895263549225
2025-01-26T01:00:00Z,2025-01-26T01:15:00Z,2025-01-26,2025-01-26_3,-1.000000000000016,100,99,0,16.919839278273823,15.814338173926,0.0063000875120773035,1.5675,0.39748500000000003,True,True,False,False,-29.052500000000464,0.0,195.92870204770614,186.50905291079715,258.38062315374873,-13.303123159777344,598.4627549524743
2025-01-26T01:15:00Z,2025-01-26T01:30:00Z,2025-01-26,2025-01-26_3,-1.000000000000016,100,99,0,15.814338173926,12.857183313056439,0.009816115724637689,3.016,0.093555,True,True,False,False,-29.052500000000464,0.0,195.92870204770614,186.50905291079715,560.7961175974117,-4.388284667323112,909.7930878885915
2025-01-26T01:30:00Z,2025-01-26T01:45:00Z,2025-01-26,2025-01-26_3,-1.000000000000016,100,99,0,12.857183313056439,12.753513278273834,0.0017356689855072566,0.3385,0.03663,True,True,False,False,-29.052500000000464,0.0,195.92870204770614,186.50905291079715,47.61569841046561,-2.476836641681571,398.52411672728687
2025-01-26T01:45:00Z,2025-01-26T02:00:00Z,2025-01-26,2025-01-26_3,-1.000000000000016,100,99,0,12.753513278273834,12.881339156534706,0.0010784414492753724,0.121,0.03168,True,True,False,False,-29.052500000000464,0.0,195.92870204770614,186.50905291079715,17.020678013785343,-1.9894298977151699,368.416503074573
2025-01-26T02:00:00Z,2025-01-26T02:15:00Z,2025-01-26,2025-01-26_4,-37.999999999999766,100,62,0,12.881339156534706,18.140883052186823,0.02734118473429941,3.4005,0.0,True,True,False,False,-1048.3249999999935,0.0,195.92870204770614,116.80364929767093,588.1724507163957,0.0,-147.42019793822067
2025-01-26T02:15:00Z,2025-01-26T02:30:00Z,2025-01-26,2025-01-26_4,-37.999999999999766,100,62,0,18.140883052186823,15.108436026099806,0.034639579516908214,11.502,0.0,True,True,False,False,-1048.3249999999935,0.0,195.92870204770614,116.80364929767093,2310.845016980488,0.0,1575.2523683258714
2025-01-26T02:30:00Z,2025-01-26T02:45:00Z,2025-01-26,2025-01-26_4,-37.999999999999766,100,62,0,15.108436026099806,18.43456378262149,0.029042927342995087,5.2895,0.0,True,True,False,False,-1048.3249999999935,0.0,195.92870204770614,116.80364929767093,992.7599504652051,0.0,257.1673018105887
2025-01-26T02:45:00Z,2025-01-26T03:00:00Z,2025-01-26,2025-01-26_4,-37.999999999999766,100,62,0,18.43456378262149,23.782740286969258,0.027312205265700377,3.327,0.01457,True,True,False,False,-1048.3249999999935,0.0,195.92870204770614,116.80364929767093,601.5135504290336,-0.7319695355987379,-134.81106776118156
2025-01-26T03:00:00Z,2025-01-26T03:15:00Z,2025-01-26,2025-01-26_5,0.0,100,100,0,23.782740286969258,16.29749941740404,0.020823002415458938,6.891500000000001,0.006,True,True,False,False,0.0,0.0,195.92870204770614,188.39298273817894,1362.635800393867,-0.331571649619195,1746.6259135301327
2025-01-26T03:15:00Z,2025-01-26T03:30:00Z,2025-01-26,2025-01-26_5,0.0,100,100,0,16.29749941740404,13.463558547838824,0.007979391304347827,2.625,0.021,True,True,False,False,0.0,0.0,195.92870204770614,188.39298273817894,487.3159023772683,-1.346383457588972,870.2912037055644
2025-01-26T03:30:00Z,2025-01-26T03:45:00Z,2025-01-26,2025-01-26_5,0.0,100,100,0,13.463558547838824,13.610067243490999,0.0007813647342995169,0.062,0.2325,True,True,False,False,0.0,0.0,195.92870204770614,188.39298273817894,8.721339147559432,-10.725425014569057,382.31759891887543
2025-01-26T03:45:00Z,2025-01-26T04:00:00Z,2025-01-26,2025-01-26_5,0.0,100,100,0,13.610067243490999,11.684523765230129,0.005348731884057971,1.7715,0.0,True,True,False,False,0.0,0.0,195.92870204770614,188.39298273817894,278.89439714245526,0.0,663.2160819283404
2025-01-26T04:00:00Z,2025-01-26T04:15:00Z,2025-01-26,2025-01-26_6,-7.821529010459415e-15,100,100,0,11.684523765230129,10.735026373925784,0.002655381642512082,0.8765000000000001,0.0035000000000000005,True,True,False,False,-2.1994139577411875e-13,0.0,198.0688463316118,188.39298273817894,123.29441552961036,-0.24616683077788723,509.51007776862303
2025-01-26T04:15:00Z,2025-01-26T04:30:00Z,2025-01-26,2025-01-26_6,-7.821529010459415e-15,100,100,0,10.735026373925784,10.48403506957796,0.000927198067632855,0.269,0.045,True,True,False,False,-2.1994139577411875e-13,0.0,198.0688463316118,188.39298273817894,37.839358559572375,-2.8201706086851677,421.4810170206777
2025-01-26T04:30:00Z,2025-01-26T04:45:00Z,2025-01-26,2025-01-26_6,-7.821529010459415e-15,100,100,0,10.48403506957796,10.563451591317094,0.0002930652173913094,0.012,0.1005,True,True,False,False,-2.1994139577411875e-13,0.0,198.0688463316118,188.39298273817894,1.6880011253340836,-6.697145670478066,381.45268452464654
2025-01-26T04:45:00Z,2025-01-26T05:00:00Z,2025-01-26,2025-01-26_6,-7.821529010459415e-15,100,100,0,10.563451591317094,10.447319417404053,0.0004171449275362369,0.1225,0.0185,True,True,False,False,-2.1994139577411875e-13,0.0,198.0688463316118,188.39298273817894,17.2316781544521,-1.3011675341116893,402.39233969013094
2025-01-26T05:00:00Z,2025-01-26T05:15:00Z,2025-01-26,2025-01-26_7,0.0,100,100,0,10.447319417404053,10.370079417404053,0.0005493333333333333,0.1265,0.0655,True,True,False,False,0.0,0.0,200.23913349275568,188.39298273817894,17.794345196230132,-4.279685207885376,402.1467762192794
2025-01-26T05:15:00Z,2025-01-26T05:30:00Z,2025-01-26,2025-01-26_7,0.0,100,100,0,10.370079417404053,10.005162026099706,0.0011542149758454105,0.359,0.0275,True,True,False,False,0.0,0.0,200.23913349275568,188.39298273817894,50.499366999578,-1.7705926089665012,437.3608906215461
2025-01-26T05:30:00Z,2025-01-26T05:45:00Z,2025-01-26,2025-01-26_7,0.0,100,100,0,10.005162026099706,10.037873330447532,0.00027202415458937195,0.03,0.071,True,True,False,False,0.0,0.0,200.23913349275568,188.39298273817894,4.220002813335209,-4.825668669493398,388.02645037477646
2025-01-26T05:45:00Z,2025-01-26T06:00:00Z,2025-01-26,2025-01-26_7,0.0,100,100,0,10.037873330447532,12.827773330447531,0.007749722222222223,0.0,3.0325,True,True,False,False,0.0,0.0,200.23913349275568,188.39298273817894,0.0,-70.40204418945802,318.2300720414766
2025-01-26T06:00:00Z,2025-01-26T06:15:00Z,2025-01-26,2025-01-26_8,0.0,100,100,0,12.827773330447531,13.910153330447532,0.0030066111111111114,0.0,1.1765,True,True,False,False,0.0,0.0,198.0688463316118,187.39826778932138,0.0,-59.373732291059625,326.0933818298736
2025-01-26T06:15:00Z,2025-01-26T06:30:00Z,2025-01-26,2025-01-26_8,0.0,100,100,0,13.910153330447532,17.98805333044753,0.0113275,0.0,4.4325,True,True,False,False,0.0,0.0,198.0688463316118,187.39826778932138,0.0,-96.36810632397565,289.09900779695755
2025-01-26T06:30:00Z,2025-01-26T06:45:00Z,2025-01-26,2025-01-26_8,0.0,100,100,0,17.98805333044753,26.67791333044753,0.0241385,0.0,9.4455,True,True,False,False,0.0,0.0,198.0688463316118,187.39826778932138,0.0,-121.82745654401863,263.63965757691454
2025-01-26T06:45:00Z,2025-01-26T07:00:00Z,2025-01-26,2025-01-26_8,0.0,100,100,0,26.67791333044753,36.92303333044753,0.028458666666666667,0.0,11.136,True,True,False,False,0.0,0.0,198.0688463316118,187.39826778932138,0.0,-95.90794124148462,289.55917287944857
2025-01-26T07:00:00Z,2025-01-26T07:15:00Z,2025-01-26,2025-01-26_9,0.0,100,100,0,36.92303333044753,37.952053330447534,0.002858388888888889,0.0,1.1185,True,True,False,False,0.0,0.0,198.0688463316118,187.39826778932138,0.0,-46.87234923537568,338.59476488555754
2025-01-26T07:15:00Z,2025-01-26T07:30:00Z,2025-01-26,2025-01-26_9,0.0,100,100,0,37.952053330447534,40.132913330447536,0.006057944444444445,0.0,2.3705,True,True,False,False,0.0,0.0,198.0688463316118,187.39826778932138,0.0,-67.01070001808573,318.4564141028475
2025-01-26T07:30:00Z,2025-01-26T07:45:00Z,2025-01-26,2025-01-26_9,0.0,100,100,0,40.132913330447536,41.794893330447536,0.004616611111111112,0.0,1.8065000000000002,True,True,False,False,0.0,0.0,198.0688463316118,187.39826778932138,0.0,-68.42396007073529,317.0431540501979
2025-01-26T07:45:00Z,2025-01-26T08:00:00Z,2025-01-26,2025-01-26_9,0.0,100,100,0,41.794893330447536,41.87253506957797,0.0007349951690821255,0.086,0.186,True,True,False,False,0.0,0.0,198.0688463316118,187.39826778932138,8.198869441151055,-12.184545545887504,381.48143801619676
2025-01-26T08:00:00Z,2025-01-26T08:15:00Z,2025-01-26,2025-01-26_10,0.0,100,100,0,41.87253506957797,35.56601333044754,0.017518115942028983,5.802,0.0,True,True,False,False,0.0,0.0,198.0688463316118,187.39826778932138,1142.0937881558586,0.0,1527.560902276792
2025-01-26T08:15:00Z,2025-01-26T08:30:00Z,2025-01-26,2025-01-26_10,0.0,100,100,0,35.56601333044754,32.6709063739258,0.008075185990338164,2.669,0.0065,True,True,False,False,0.0,0.0,198.0688463316118,187.39826778932138,472.1748104013021,-0.45716697144464763,857.1847575507907
2025-01-26T08:30:00Z,2025-01-26T08:45:00Z,2025-01-26,2025-01-26_10,0.0,100,100,0,32.6709063739258,34.27585159131711,0.00455781884057971,0.0165,1.764,True,True,False,False,0.0,0.0,198.0688463316118,187.39826778932138,1.6377616904125556,-40.75069348712899,346.35418232421677
2025-01-26T08:45:00Z,2025-01-26T09:00:00Z,2025-01-26,2025-01-26_10,0.0,100,100,0,34.27585159131711,36.30675159131711,0.0056413888888888885,0.0,2.2075,True,True,False,False,0.0,0.0,198.0688463316118,187.39826778932138,0.0,-90.06908747462974,295.39802664630344
2025-01-26T09:00:00Z,2025-01-26T09:15:00Z,2025-01-26,2025-01-26_11,0.0,100,100,0,36.30675159131711,32.598183765230154,0.010347577294685991,3.4195,0.009,True,True,False,False,0.0,0.0,198.0688463316118,189.90012660008438,612.86444506963,-0.6189333440508007,1000.2144846572754
2025-01-26T09:15:00Z,2025-01-26T09:30:00Z,2025-01-26,2025-01-26_11,0.0,100,100,0,32.598183765230154,26.98731420001276,0.01558574879227053,5.162,0.0,True,True,False,False,0.0,0.0,198.0688463316118,189.90012660008438,985.6916954363684,0.0,1373.6606683680645
2025-01-26T09:30:00Z,2025-01-26T09:45:00Z,2025-01-26,2025-01-26_11,0.0,100,100,0,26.98731420001276,27.980135939143196,0.003068828502415459,0.0515,1.14,True,True,False,False,0.0,0.0,198.0688463316118,189.90012660008438,7.244338162892108,-29.680594015634103,365.5327170789542
2025-01-26T09:45:00Z,2025-01-26T10:00:00Z,2025-01-26,2025-01-26_11,0.0,100,100,0,27.980135939143196,37.6005759391432,0.026723444444444446,0.0,10.457,True,True,False,False,0.0,0.0,198.0688463316118,189.90012660008438,0.0,-42.75007696481322,345.218895966883
2025-01-26T10:00:00Z,2025-01-26T10:15:00Z,2025-01-26,2025-01-26_12,0.0,100,100,0,37.6005759391432,40.4268159391432,0.007850666666666667,0.0,3.072,True,True,False,False,0.0,0.0,196.80284548761128,189.90012660008438,0.0,-64.59453650302433,322.1084355846713
2025-01-26T10:15:00Z,2025-01-26T10:30:00Z,2025-01-26,2025-01-26_12,0.0,100,100,0,40.4268159391432,61.257915939143196,0.05786416666666667,0.0,22.6425,True,True,False,False,0.0,0.0,196.80284548761128,189.90012660008438,0.0,17286.925163273914,17673.62813536161
2025-01-26T10:30:00Z,2025-01-26T10:45:00Z,2025-01-26,2025-01-26_12,0.0,100,100,0,61.257915939143196,69.8355359391432,0.02382672222222222,0.0,9.3235,True,True,False,False,0.0,0.0,196.80284548761128,189.90012660008438,0.0,9359.317243634829,9746.020215722525
2025-01-26T10:45:00Z,2025-01-26T11:00:00Z,2025-01-26,2025-01-26_12,0.0,100,100,0,69.8355359391432,75.9553759391432,0.016999555555555556,0.0,6.651999999999999,True,True,False,False,0.0,0.0,196.80284548761128,189.90012660008438,0.0,4354.804257781886,4741.507229869581
2025-01-26T11:00:00Z,2025-01-26T11:15:00Z,2025-01-26,2025-01-26_13,0.0,100,100,0,75.9553759391432,77.0728011565345,0.0031341521739130435,0.005,1.2205,True,True,False,False,0.0,0.0,196.80284548761128,191.70869923437093,0.30142877238108634,-31.309725900769646,357.50324759359364
2025-01-26T11:15:00Z,2025-01-26T11:30:00Z,2025-01-26,2025-01-26_13,0.0,100,100,0,77.0728011565345,77.42560028696928,0.002178669082125604,0.1985,0.618,True,True,False,False,0.0,0.0,196.80284548761128,191.70869923437093,20.53573307477443,-16.276537588167916,392.77074020858873
2025-01-26T11:30:00Z,2025-01-26T11:45:00Z,2025-01-26,2025-01-26_13,0.0,100,100,0,77.42560028696928,80.09452028696928,0.0074136666666666665,0.0,2.901,True,True,False,False,0.0,0.0,196.80284548761128,191.70869923437093,0.0,-38.12346442135723,350.388080300625
2025-01-26T11:45:00Z,2025-01-26T12:00:00Z,2025-01-26,2025-01-26_13,0.0,100,100,0,80.09452028696928,87.14862028696929,0.019594722222222225,0.0,7.6675,True,True,False,False,0.0,0.0,196.80284548761128,191.70869923437093,0.0,-68.59040451741254,319.92114020456967
2025-01-26T12:00:00Z,2025-01-26T12:15:00Z,2025-01-26,2025-01-26_14,-89.0,100,11,0,87.14862028696929,108.1496166869693,0.058336101111111115,0.0,0.57717,True,True,False,False,-2093.725,0.0,196.80284548761128,20.88901392600928,0.0,-7.981306669613968,-1884.0144472559932
2025-01-26T12:15:00Z,2025-01-26T12:30:00Z,2025-01-26,2025-01-26_14,-89.0,100,11,0,108.1496166869693,128.56867875653452,0.05676677869565218,0.071,0.01705,True,True,False,False,-2093.725,0.0,196.80284548761128,20.88901392600928,9.424667524064061,-0.8906237767015653,-1867.4990968390168
2025-01-26T12:30:00Z,2025-01-26T12:45:00Z,2025-01-26,2025-01-26_14,-89.0,100,11,0,128.56867875653452,149.06257120870845,0.056928475410628024,0.0015,0.0275,True,True,False,False,-2093.725,0.0,196.80284548761128,20.88901392600928,0.09042863171432591,-1.2667142254285313,-1877.2094261800935
2025-01-26T12:45:00Z,2025-01-26T13:00:00Z,2025-01-26,2025-01-26_14,-89.0,100,11,0,149.06257120870845,169.4205013304476,0.056636158550724645,0.13,0.01078,True,True,False,False,-2093.725,0.0,196.80284548761128,20.88901392600928,17.36228724152483,-0.6582812209874807,-1859.329134565842
2025-01-26T13:00:00Z,2025-01-26T13:15:00Z,2025-01-26,2025-01-26_15,0.0,100,100,0,169.4205013304476,169.62460393914324,0.0011376038647342996,0.0945,0.3335,True,True,False,False,0.0,0.0,196.80284548761128,189.90012660008438,12.32843015895344,-16.62781956473685,382.40358268191227
2025-01-26T13:15:00Z,2025-01-26T13:30:00Z,2025-01-26,2025-01-26_15,0.0,100,100,0,169.62460393914324,169.4886665478389,0.000679159420289855,0.175,0.05899999999999999,True,True,False,False,0.0,0.0,196.80284548761128,189.90012660008438,24.616683077788718,-3.7738872254486258,407.5457679400358
2025-01-26T13:30:00Z,2025-01-26T13:45:00Z,2025-01-26,2025-01-26_15,0.0,100,100,0,169.4886665478389,170.28900220001282,0.002591512077294686,0.061,0.942,True,True,False,False,0.0,0.0,196.80284548761128,189.90012660008438,8.580672387114925,-29.5281024054016,365.755542069409
2025-01-26T13:45:00Z,2025-01-26T14:00:00Z,2025-01-26,2025-01-26_15,0.0,100,100,0,170.28900220001282,171.2611169826215,0.002878458937198068,0.029499999999999995,1.0915,True,True,False,False,0.0,0.0,196.80284548761128,189.90012660008438,4.149669433112955,-35.23955006731909,355.6130914534895
2025-01-26T14:00:00Z,2025-01-26T14:15:00Z,2025-01-26,2025-01-26_16,0.0,100,100,0,171.2611169826215,171.70732046088236,0.0013058792270531402,0.011,0.498,True,True,False,False,0.0,0.0,196.80284548761128,187.39826778932138,1.5473343648895765,-30.66458292305528,355.08386471876696
2025-01-26T14:15:00Z,2025-01-26T14:30:00Z,2025-01-26,2025-01-26_16,0.0,100,100,0,171.70732046088236,175.56906306957802,0.010742159420289856,0.0025,4.2005,True,True,False,False,0.0,0.0,196.80284548761128,187.39826778932138,0.3516669011112674,-80.1516141510761,304.4011660269678
2025-01-26T14:30:00Z,2025-01-26T14:45:00Z,2025-01-26,2025-01-26_16,0.0,100,100,0,175.56906306957802,181.20682306957804,0.015660444444444446,0.0,6.128,True,True,False,False,0.0,0.0,196.80284548761128,187.39826778932138,0.0,-38.8210517854631,345.3800614914696
2025-01-26T14:45:00Z,2025-01-26T15:00:00Z,2025-01-26,2025-01-26_16,0.0,100,100,0,181.20682306957804,185.99588306957804,0.013302944444444445,0.0,5.2055,True,True,False,False,0.0,0.0,196.80284548761128,187.39826778932138,0.0,165.61090659727103,549.8120198742037
2025-01-26T15:00:00Z,2025-01-26T15:15:00Z,2025-01-26,2025-01-26_17,79.98618429718736,20,100,0,185.99588306957804,182.87238254451165,0.026747442722374268,0.0,17.666,True,True,False,False,2683.13655224915,0.0,39.613769266322365,187.39826778932138,0.0,10263.604132387518,13173.752721692312
2025-01-26T15:15:00Z,2025-01-26T15:30:00Z,2025-01-26,2025-01-26_17,79.98618429718736,20,100,0,182.87238254451165,163.8190571808276,0.05553181378038245,0.0017000000000000001,2.5475,True,True,False,False,2683.13655224915,0.0,39.613769266322365,187.39826778932138,0.16679048690794368,-61.43681500311476,2848.878564788587
2025-01-26T15:30:00Z,2025-01-26T15:45:00Z,2025-01-26,2025-01-26_17,79.98618429718736,20,100,0,163.8190571808276,141.58482674162735,0.06176993464686575,0.46669999999999995,0.008,True,True,False,False,2683.13655224915,0.0,39.613769266322365,187.39826778932138,85.4994249944738,-0.5626670417780278,2995.0853472574895
2025-01-26T15:45:00Z,2025-01-26T16:00:00Z,2025-01-26,2025-01-26_17,79.98618429718736,20,100,0,141.58482674162735,118.91955926956557,0.06295907631128272,0.8555,0.0,True,True,False,False,2683.13655224915,0.0,39.613769266322365,187.39826778932138,155.52691899604122,0.0,3065.675508300835
2025-01-26T16:00:00Z,2025-01-26T16:15:00Z,2025-01-26,2025-01-26_18,100.0,0,100,0,118.91955926956557,92.61955926956557,0.07305555555555555,0.0,0.804,True,True,False,False,3582.0,0.0,0.0,187.39826778932138,0.0,-33.30340132226755,3736.0948664670536
2025-01-26T16:15:00Z,2025-01-26T16:30:00Z,2025-01-26,2025-01-26_18,100.0,0,100,0,92.61955926956557,65.44564622608732,0.07548309178743962,0.0,0.0,True,True,False,False,3582.0,0.0,0.0,187.39826778932138,0.0,0.0,3769.3982677893214
2025-01-26T16:30:00Z,2025-01-26T16:45:00Z,2025-01-26,2025-01-26_18,100.0,0,100,0,65.44564622608732,38.2728201391308,0.07548007246376812,0.0,0.001,True,True,False,False,3582.0,0.0,0.0,187.39826778932138,0.0,-0.07033338022225348,3769.3279344090993
2025-01-26T16:45:00Z,2025-01-26T17:00:00Z,2025-01-26,2025-01-26_18,100.0,0,100,0,38.2728201391308,11.098907095652542,0.07548309178743962,0.0,0.0,True,True,False,False,3582.0,0.0,0.0,187.39826778932138,0.0,0.0,3769.3982677893214
2025-01-26T17:00:00Z,2025-01-26T17:15:00Z,2025-01-26,2025-01-26_19,0.0,100,100,0,11.098907095652542,11.267572313043846,0.0023042632850241544,0.304,0.5425,True,True,False,False,0.0,0.0,198.0688463316118,187.39826778932138,53.052682515121674,-21.69378604585736,416.8260105901975
2025-01-26T17:15:00Z,2025-01-26T17:30:00Z,2025-01-26,2025-01-26_19,0.0,100,100,0,11.267572313043846,11.699052313043847,0.0011985555555555556,0.0,0.469,True,True,False,False,0.0,0.0,198.0688463316118,187.39826778932138,0.0,-27.427400478266982,358.0397136426662
2025-01-26T17:30:00Z,2025-01-26T17:45:00Z,2025-01-26,2025-01-26_19,0.0,100,100,0,11.699052313043847,12.710892313043846,0.0029495555555555555,0.023,1.127,True,True,False,False,0.0,0.0,198.0688463316118,187.39826778932138,3.23533549022366,-31.25990856660571,357.44254104455115
2025-01-26T17:45:00Z,2025-01-26T18:00:00Z,2025-01-26,2025-01-26_19,0.0,100,100,0,12.710892313043846,15.327748834782977,0.007272065217391306,0.0005,2.845,True,True,False,False,0.0,0.0,198.0688463316118,187.39826778932138,0.07033338022225348,-80.20175230593011,305.33569519522536
2025-01-26T18:00:00Z,2025-01-26T18:15:00Z,2025-01-26,2025-01-26_20,0.0,100,100,0,15.327748834782977,10.83435753043515,0.012545531400966183,4.1445,0.0125,True,True,False,False,0.0,0.0,198.0688463316118,189.90012660008438,782.9293056085846,-0.8393786548238652,1170.0588998854569
2025-01-26T18:15:00Z,2025-01-26T18:30:00Z,2025-01-26,2025-01-26_20,0.0,100,100,0,10.83435753043515,10.168619269565585,0.0022811618357487925,0.684,0.0845,True,True,False,False,0.0,0.0,198.0688463316118,189.90012660008438,96.21606414404278,-5.5408689186745175,478.6441681570644
2025-01-26T18:30:00Z,2025-01-26T18:45:00Z,2025-01-26,2025-01-26_20,0.0,100,100,0,10.168619269565585,11.577139269565585,0.003912555555555555,0.0,1.531,True,True,False,False,0.0,0.0,198.0688463316118,189.90012660008438,0.0,-64.9189779555091,323.04999497618707
2025-01-26T18:45:00Z,2025-01-26T19:00:00Z,2025-01-26,2025-01-26_20,0.0,100,100,0,11.577139269565585,16.156899269565585,0.012721555555555557,0.0,4.978,True,True,False,False,0.0,0.0,198.0688463316118,189.90012660008438,0.0,-92.49158611820025,295.47738681349597
2025-01-26T19:00:00Z,2025-01-26T19:15:00Z,2025-01-26,2025-01-26_21,24.0,76,100,0,16.156899269565585,11.386327026087322,0.020336816231884058,0.0,1.8239999999999998,True,True,False,False,744.72,0.0,150.53232321202498,189.90012660008438,0.0,-57.01745634306612,1028.1349934690434
2025-01-26T19:15:00Z,2025-01-26T19:30:00Z,2025-01-26,2025-01-26_21,24.0,76,100,0,11.386327026087322,10.000000000000366,0.024628801739130436,0.0,5.349,True,True,False,False,744.72,0.0,150.53232321202498,189.90012660008438,0.0,-56.39974077125575,1028.7527090408537
2025-01-26T19:30:00Z,2025-01-26T19:45:00Z,2025-01-26,2025-01-26_21,24.0,76,100,0,10.000000000000366,14.986134713043844,0.03271051913043478,0.0,11.9865,True,True,False,False,744.72,0.0,150.53232321202498,189.90012660008438,0.0,-41.60818298736008,1043.5442668247492
2025-01-26T19:45:00Z,2025-01-26T20:00:00Z,2025-01-26,2025-01-26_21,24.0,76,100,0,14.986134713043844,17.76458946086993,0.02991068347826087,0.0,9.687,True,True,False,False,744.72,0.0,150.53232321202498,189.90012660008438,0.0,-104.74799951771395,980.4044502943955
2025-01-26T20:00:00Z,2025-01-26T20:15:00Z,2025-01-26,2025-01-26_22,0.0,100,100,0,17.76458946086993,20.561389460869933,0.007768888888888889,0.0,3.04,True,True,False,False,0.0,0.0,198.0688463316118,189.90012660008438,0.0,-95.35042501456905,292.6185479171271
2025-01-26T20:15:00Z,2025-01-26T20:30:00Z,2025-01-26,2025-01-26_22,0.0,100,100,0,20.561389460869933,25.891869460869934,0.014806888888888889,0.0,5.794,True,True,False,False,0.0,0.0,198.0688463316118,189.90012660008438,0.0,-98.48041878504108,289.48855414665513
2025-01-26T20:30:00Z,2025-01-26T20:45:00Z,2025-01-26,2025-01-26_22,0.0,100,100,0,25.891869460869934,27.943929460869935,0.005700166666666668,0.0,2.2305,True,True,False,False,0.0,0.0,198.0688463316118,189.90012660008438,0.0,-75.66658501296143,312.3023879187348
2025-01-26T20:45:00Z,2025-01-26T21:00:00Z,2025-01-26,2025-01-26_22,0.0,100,100,0,27.943929460869935,31.933509460869935,0.011082166666666667,0.0,4.3365,True,True,False,False,0.0,0.0,198.0688463316118,189.90012660008438,0.0,-86.7622429314953,301.2067300002009
2025-01-26T21:00:00Z,2025-01-26T21:15:00Z,2025-01-26,2025-01-26_23,0.0,100,100,0,31.933509460869935,26.727281634782976,0.015284632850241547,4.926,0.161,True,True,False,False,0.0,0.0,196.80284548761128,189.90012660008438,893.1568639350521,-9.939921226614151,1269.9199147961335
2025-01-26T21:15:00Z,2025-01-26T21:30:00Z,2025-01-26,2025-01-26_23,0.0,100,100,0,26.727281634782976,26.56378685217428,0.0006177077294685989,0.1775,0.032,True,True,False,False,0.0,0.0,196.80284548761128,189.90012660008438,24.606629925848523,-2.246250427024094,409.06335158652007
2025-01-26T21:30:00Z,2025-01-26T21:45:00Z,2025-01-26,2025-01-26_23,0.0,100,100,0,26.56378685217428,26.582868591304717,0.00029455072463768116,0.04,0.068,True,True,False,False,0.0,0.0,196.80284548761128,189.90012660008438,4.863050861081526,-4.910271486847658,386.6557514619295
2025-01-26T21:45:00Z,2025-01-26T22:00:00Z,2025-01-26,2025-01-26_23,0.0,100,100,0,26.582868591304717,28.369801634782977,0.004969741545893721,0.001,1.9435,True,True,False,False,0.0,0.0,196.80284548761128,189.90012660008438,0.06028575447621727,-43.41718777002994,343.3460700721419
2025-01-26T22:00:00Z,2025-01-26T22:15:00Z,2025-01-27,2025-01-26_24,7.0000000000001705,93,100,0,28.369801634782977,22.61335550434815,0.01761814480676341,3.8395049999999995,0.3425,True,True,False,False,136.32500000000334,0.0,182.2136929043667,189.90012660008438,633.4531283332998,-13.128260454554589,1128.7636873831996
2025-01-26T22:15:00Z,2025-01-26T22:30:00Z,2025-01-27,2025-01-26_24,7.0000000000001705,93,100,0,22.61335550434815,19.84629424347854,0.007721931280193365,0.8021250000000001,0.0075,True,True,False,False,136.32500000000334,0.0,182.2136929043667,189.90012660008438,114.17019422060567,-0.5275003516669011,622.0815133733931
2025-01-26T22:30:00Z,2025-01-26T22:45:00Z,2025-01-27,2025-01-26_24,7.0000000000001705,93,100,0,19.84629424347854,16.15488120000023,0.010253925120773076,1.6461000000000001,0.0,True,True,False,False,136.32500000000334,0.0,182.2136929043667,189.90012660008438,258.7188366657959,0.0,767.1576561702503
2025-01-26T22:45:00Z,2025-01-26T23:00:00Z,2025-01-27,2025-01-26_24,7.0000000000001705,93,100,0,16.15488120000023,14.811459321739314,0.0069330974396136485,0.06324,0.6735,True,True,False,False,136.32500000000334,0.0,182.2136929043667,189.90012660008438,8.89576593051062,14.896228925104998,532.23081436007
2025-01-26T23:00:00Z,2025-01-26T23:15:00Z,2025-01-27,2025-01-27_1,0.0,100,100,0,14.811459321739314,17.1215836695654,0.008895876811594204,0.41050000000000003,2.996,True,True,False,False,0.0,0.0,195.92870204770614,189.90012660008438,58.96440708960473,73.5384554789703,518.3316912163656
2025-01-26T23:15:00Z,2025-01-26T23:30:00Z,2025-01-27,2025-01-27_1,0.0,100,100,0,17.1215836695654,10.65799671304366,0.017954408212560388,5.9465,0.0,True,True,False,False,0.0,0.0,195.92870204770614,189.90012660008438,1019.7895583063721,0.0,1405.6183869541626
2025-01-26T23:30:00Z,2025-01-26T23:45:00Z,2025-01-27,2025-01-27_1,0.0,100,100,0,10.65799671304366,10.2766436695654,0.0010874251207729467,0.3555,0.0055,True,True,False,False,0.0,0.0,195.92870204770614,189.90012660008438,50.007033338022225,-0.38683359122239414,435.44902839459036
2025-01-26T23:45:00Z,2025-01-27T00:00:00Z,2025-01-27,2025-01-27_1,0.0,100,100,0,10.2766436695654,10.29384453913062,0.00030744202898550725,0.043,0.0695,True,True,False,False,0.0,0.0,195.92870204770614,189.90012660008438,6.048670699113799,-2.994185639933284,388.883313706971
2025-01-27T00:00:00Z,2025-01-27T00:15:00Z,2025-01-27,2025-01-27_2,0.0,100,100,0,10.29384453913062,11.145304539130619,0.0023651666666666665,0.0,0.9255,True,True,False,False,0.0,0.0,195.92870204770614,189.90012660008438,0.0,-37.523824025882675,348.30500462190787
2025-01-27T00:15:00Z,2025-01-27T00:30:00Z,2025-01-27,2025-01-27_2,0.0,100,100,0,11.145304539130619,13.20426453913062,0.005719333333333333,0.0,2.238,True,True,False,False,0.0,0.0,195.92870204770614,189.90012660008438,0.0,-84.09983320941261,301.7289954383779
2025-01-27T00:30:00Z,2025-01-27T00:45:00Z,2025-01-27,2025-01-27_2,0.0,100,100,0,13.20426453913062,23.52942453913062,0.028681,0.0,11.223,True,True,False,False,0.0,0.0,195.92870204770614,189.90012660008438,0.0,-101.52188272411229,284.3069459236782
2025-01-27T00:45:00Z,2025-01-27T01:00:00Z,2025-01-27,2025-01-27_2,0.0,100,100,0,23.52942453913062,31.86094453913062,0.02314311111111111,0.0,9.056,True,True,False,False,0.0,0.0,195.92870204770614,189.90012660008438,0.0,-161.6787991077708,224.15002954001972
2025-01-27T01:00:00Z,2025-01-27T01:15:00Z,2025-01-27,2025-01-27_3,0.0,100,100,0,31.86094453913062,43.99252453913062,0.03369883333333334,0.0,13.1865,True,True,False,False,0.0,0.0,195.92870204770614,189.90012660008438,0.0,87.47983933846432,473.3086679862548
2025-01-27T01:15:00Z,2025-01-27T01:30:00Z,2025-01-27,2025-01-27_3,0.0,100,100,0,43.99252453913062,60.43338453913062,0.04566905555555556,0.0,17.8705,True,True,False,False,0.0,0.0,195.92870204770614,189.90012660008438,0.0,1680.22848743042,2066.0573160782105
2025-01-27T01:30:00Z,2025-01-27T01:45:00Z,2025-01-27,2025-01-27_3,0.0,100,100,0,60.43338453913062,74.25592453913062,0.03839594444444445,0.0,15.0245,True,True,False,False,0.0,0.0,195.92870204770614,189.90012660008438,0.0,645.7730152924863,1031.601843940277
2025-01-27T01:45:00Z,2025-01-27T02:00:00Z,2025-01-27,2025-01-27_3,0.0,100,100,0,74.25592453913062,80.40152453913062,0.01707111111111111,0.0,6.68,True,True,False,False,0.0,0.0,195.92870204770614,189.90012660008438,0.0,-68.14370516247011,317.6851234853204
2025-01-27T02:00:00Z,2025-01-27T02:15:00Z,2025-01-27,2025-01-27_4,-44.70133225897896,100,55,0,80.40152453913062,94.21268695869577,0.038364340054347676,0.0,3.8368,True,True,False,False,-336.15401858752176,0.0,196.80284548761128,104.44506963004642,0.0,-80.3705628679943,-115.27666633785836
2025-01-27T02:15:00Z,2025-01-27T02:30:00Z,2025-01-27,2025-01-27_4,-44.70133225897896,100,55,0,94.21268695869577,106.71179137826093,0.034719734498792114,0.0,2.41065,True,True,False,False,-336.15401858752176,0.0,196.80284548761128,104.44506963004642,0.0,-92.04097421779232,-126.94707768765639
2025-01-27T02:30:00Z,2025-01-27T02:45:00Z,2025-01-27,2025-01-27_4,-44.70133225897896,100,55,0,106.71179137826093,120.7025837978261,0.0388633122765699,0.0,4.03205,True,True,False,False,-336.15401858752176,0.0,196.80284548761128,104.44506963004642,0.0,-133.3315957237305,-168.23769919359455
2025-01-27T02:45:00Z,2025-01-27T03:00:00Z,2025-01-27,2025-01-27_4,-44.70133225897896,100,55,0,120.7025837978261,136.52838521739125,0.043960559498792115,0.0,6.026624999999999,True,True,False,False,-336.15401858752176,0.0,196.80284548761128,104.44506963004642,0.0,13.486424853807042,-21.41967861605702
2025-01-27T03:00:00Z,2025-01-27T03:15:00Z,2025-01-27,2025-01-27_5,0.0,100,100,0,136.52838521739125,154.09486521739126,0.048795777777777785,0.0,19.094,True,True,False,False,0.0,0.0,196.80284548761128,187.39826778932138,0.0,6454.553210618331,6838.754323895264
2025-01-27T03:15:00Z,2025-01-27T03:30:00Z,2025-01-27,2025-01-27_5,0.0,100,100,0,154.09486521739126,159.40309999999997,0.014784347826086956,0.0065,5.7775,True,True,False,False,0.0,0.0,196.80284548761128,187.39826778932138,0.7769030203162991,-71.34016086248819,313.63785543476075
2025-01-27T03:30:00Z,2025-01-27T03:45:00Z,2025-01-27,2025-01-27_5,0.0,100,100,0,159.40309999999997,169.51573999999997,0.02809066666666667,0.0,10.992,True,True,False,False,0.0,0.0,196.80284548761128,187.39826778932138,0.0,365.1571424552378,749.3582557321705
2025-01-27T03:45:00Z,2025-01-27T04:00:00Z,2025-01-27,2025-01-27_5,0.0,100,100,0,169.51573999999997,172.79875999999996,0.0091195,0.0,3.5684999999999993,True,True,False,False,0.0,0.0,196.80284548761128,187.39826778932138,0.0,999.6059568353996,1383.8070701123322
2025-01-27T04:00:00Z,2025-01-27T04:15:00Z,2025-01-27,2025-01-27_6,0.0,100,100,0,172.79875999999996,186.86739999999995,0.039079555555555555,0.0,15.292,True,True,False,False,0.0,0.0,200.23913349275568,187.39826778932138,0.0,1901.572783795189,2289.210185077266
2025-01-27T04:15:00Z,2025-01-27T04:30:00Z,2025-01-27,2025-01-27_6,0.0,100,100,0,186.86739999999995,189.72399999999993,0.007935000000000001,0.0,3.105,True,True,False,False,0.0,0.0,200.23913349275568,187.39826778932138,0.0,-124.92503868335912,262.71236259871796
2025-01-27T04:30:00Z,2025-01-27T04:45:00Z,2025-01-27,2025-01-27_6,0.0,100,100,0,189.72399999999993,188.88586956521735,0.003861473429951691,1.025,0.3,True,True,False,False,0.0,0.0,200.23913349275568,187.39826778932138,196.20666459015732,-12.85292285432952,570.9911430179048
2025-01-27T04:45:00Z,2025-01-27T05:00:00Z,2025-01-27,2025-01-27_6,0.0,100,100,0,188.88586956521735,174.30217391304345,0.04051026570048309,13.417000000000002,0.0,True,True,False,False,0.0,0.0,200.23913349275568,187.39826778932138,3029.745876655347,0.0,3417.383277937424
2025-01-27T05:00:00Z,2025-01-27T05:15:00Z,2025-01-27,2025-01-27_7,1.2993422957752446e-14,100,100,0,174.30217391304345,179.2370260869565,0.014773743961352663,0.1765,5.5725,True,True,False,False,4.892998250315628e-13,0.0,198.0688463316118,187.39826778932138,24.74731246106545,1693.6332857745713,2103.8477123565704
2025-01-27T05:15:00Z,2025-01-27T05:30:00Z,2025-01-27,2025-01-27_7,1.2993422957752446e-14,100,100,0,179.2370260869565,179.07127565217388,0.0006597512077294785,0.1855,0.039,True,True,False,False,4.892998250315628e-13,0.0,198.0688463316118,187.39826778932138,24.40568364045576,-1.9070367542149789,407.9657610071745
2025-01-27T05:30:00Z,2025-01-27T05:45:00Z,2025-01-27,2025-01-27_7,1.2993422957752446e-14,100,100,0,179.07127565217388,173.36922956521738,0.015885016908212566,5.2535,0.009,True,True,False,False,4.892998250315628e-13,0.0,198.0688463316118,187.39826778932138,4390.452448304965,-0.6330004220002813,4775.286562003899
2025-01-27T05:45:00Z,2025-01-27T06:00:00Z,2025-01-27,2025-01-27_7,1.2993422957752446e-14,100,100,0,173.36922956521738,150.81433826086956,0.06265247584541063,20.7505,0.0,True,True,False,False,4.892998250315628e-13,0.0,198.0688463316118,187.39826778932138,25015.021100014063,0.0,25400.488214134995
2025-01-27T06:00:00Z,2025-01-27T06:15:00Z,2025-01-27,2025-01-27_8,0.0,100,100,0,150.81433826086956,138.08009913043477,0.03537288647342995,11.7155,0.0,True,True,False,False,0.0,0.0,198.0688463316118,187.39826778932138,3994.735242248257,0.0,4380.20235636919
2025-01-27T06:15:00Z,2025-01-27T06:30:00Z,2025-01-27,2025-01-27_8,0.0,100,100,0,138.08009913043477,115.17738173913042,0.06361865942028985,21.0705,0.0,True,True,False,False,0.0,0.0,198.0688463316118,187.39826778932138,23133.717872515725,0.0,23519.184986636657
2025-01-27T06:30:00Z,2025-01-27T06:45:00Z,2025-01-27,2025-01-27_8,0.0,100,100,0,115.17738173913042,92.10944695652174,0.06407759661835749,21.2225,0.0,True,True,False,False,0.0,0.0,198.0688463316118,187.39826778932138,20237.197363503004,0.0,20622.664477623937
2025-01-27T06:45:00Z,2025-01-27T07:00:00Z,2025-01-27,2025-01-27_8,0.0,100,100,0,92.10944695652174,75.00292521739131,0.047518115942028975,15.738,0.0,True,True,False,False,0.0,0.0,198.0688463316118,187.39826778932138,9796.17839479131,0.0,10181.645508912243
2025-01-27T07:00:00Z,2025-01-27T07:15:00Z,2025-01-27,2025-01-27_9,65.77779033618751,34,100,0,75.00292521739131,56.42838436516645,0.051595946811735745,0.64413,0.0,True,True,False,False,2631.1116134475005,0.0,67.343407752748,188.39298273817894,120.0877953017302,0.0,3006.935799240158
2025-01-27T07:15:00Z,2025-01-27T07:30:00Z,2025-01-27,2025-01-27_9,65.77779033618751,34,100,0,56.42838436516645,40.416244692983895,0.04764934780222114,0.0044199999999999995,1.813,True,True,False,False,2631.1116134475005,0.0,67.343407752748,188.39298273817894,0.6217470811647207,-98.24840202560134,2789.221348993991
2025-01-27T07:30:00Z,2025-01-27T07:45:00Z,2025-01-27,2025-01-27_9,65.77779033618751,34,100,0,40.416244692983895,26.331068978776976,0.045561430918428,0.0,3.6795,True,True,False,False,2631.1116134475005,0.0,67.343407752748,188.39298273817894,0.0,-148.41924240901875,2738.428761529409
2025-01-27T07:45:00Z,2025-01-27T08:00:00Z,2025-01-27,2025-01-27_9,65.77779033618751,34,100,0,26.331068978776976,17.331660869565283,0.04007240267292788,0.0,8.618,True,True,False,False,2631.1116134475005,0.0,67.343407752748,188.39298273817894,0.0,418.70460261640176,3305.5526065548293
2025-01-27T08:00:00Z,2025-01-27T08:15:00Z,2025-01-27,2025-01-27_10,55.0,45,100,0,17.331660869565283,10.000000000000066,0.037673224637681156,0.0,7.5249999999999995,True,True,False,False,1791.4875,0.0,89.13098084922531,188.39298273817894,0.0,161.9365241243494,2230.9479877117537
2025-01-27T08:15:00Z,2025-01-27T08:30:00Z,2025-01-27,2025-01-27_10,55.0,45,100,0,10.000000000000066,10.105766782608761,0.03391985338164251,0.0,14.8755,True,True,False,False,1791.4875,0.0,89.13098084922531,188.39298273817894,0.0,7161.185808833872,9230.197272421276
2025-01-27T08:30:00Z,2025-01-27T08:45:00Z,2025-01-27,2025-01-27_10,55.0,45,100,0,10.105766782608761,18.38051147826094,0.02979729806763285,0.0,22.949,True,True,False,False,1791.4875,0.0,89.13098084922531,188.39298273817894,0.0,23062.90798384342,25131.919447430824
2025-01-27T08:45:00Z,2025-01-27T09:00:00Z,2025-01-27,2025-01-27_10,55.0,45,100,0,18.38051147826094,26.656268000000065,0.029796787439613524,0.0,22.95,True,True,False,False,1791.4875,0.0,89.13098084922531,188.39298273817894,0.0,23063.912947370536,25132.92441095794
2025-01-27T09:00:00Z,2025-01-27T09:15:00Z,2025-01-27,2025-01-27_11,0.0,100,100,0,26.656268000000065,33.61744800000007,0.01933661111111111,0.0,7.5665,True,True,False,False,0.0,0.0,198.0688463316118,196.80284548761128,0.0,1752.9608250105498,2147.832516829773
2025-01-27T09:15:00Z,2025-01-27T09:30:00Z,2025-01-27,2025-01-27_11,0.0,100,100,0,33.61744800000007,41.78106800000007,0.022676722222222223,0.0,8.8735,True,True,False,False,0.0,0.0,198.0688463316118,196.80284548761128,0.0,147.0298097984446,541.9015016176677
2025-01-27T09:30:00Z,2025-01-27T09:45:00Z,2025-01-27,2025-01-27_11,0.0,100,100,0,41.78106800000007,55.092548000000065,0.036976333333333326,0.0,14.468999999999998,True,True,False,False,0.0,0.0,198.0688463316118,196.80284548761128,0.0,814.8730988887323,1209.7447907079554
2025-01-27T09:45:00Z,2025-01-27T10:00:00Z,2025-01-27,2025-01-27_11,0.0,100,100,0,55.092548000000065,68.69474800000006,0.03778388888888889,0.0,14.785,True,True,False,False,0.0,0.0,198.0688463316118,196.80284548761128,0.0,864.9446345678515,1259.8163263870747
2025-01-27T10:00:00Z,2025-01-27T10:15:00Z,2025-01-27,2025-01-27_12,0.0,100,100,0,68.69474800000006,70.9883949565218,0.0064346473429951695,0.0105,2.5055,True,True,False,False,0.0,0.0,198.0688463316118,196.80284548761128,0.6330004220002814,-72.04489399754839,323.459798243675
2025-01-27T10:15:00Z,2025-01-27T10:30:00Z,2025-01-27,2025-01-27_12,0.0,100,100,0,70.9883949565218,73.6830749565218,0.007485222222222222,0.0,2.929,True,True,False,False,0.0,0.0,198.0688463316118,196.80284548761128,0.0,-126.36024898016596,268.5114428390571
2025-01-27T10:30:00Z,2025-01-27T10:45:00Z,2025-01-27,2025-01-27_12,0.0,100,100,0,73.6830749565218,77.9882149565218,0.011958722222222221,0.0,4.6795,True,True,False,False,0.0,0.0,198.0688463316118,196.80284548761128,0.0,-178.92178224785485,215.94990957136824
2025-01-27T10:45:00Z,2025-01-27T11:00:00Z,2025-01-27,2025-01-27_12,0.0,100,100,0,77.9882149565218,84.3394349565218,0.017642277777777778,0.0,6.9035,True,True,False,False,0.0,0.0,198.0688463316118,196.80284548761128,0.0,-100.03506249623213,294.836629322991
2025-01-27T11:00:00Z,2025-01-27T11:15:00Z,2025-01-27,2025-01-27_13,-42.92023226644445,100,57,0,84.3394349565218,96.11703692860662,0.032717284456507734,0.0005,2.072235,True,True,False,False,-966.9928329629935,0.0,198.0688463316118,112.17762192793842,0.030142877238108635,-64.07758878986397,-720.7938106160691
2025-01-27T11:15:00Z,2025-01-27T11:30:00Z,2025-01-27,2025-01-27_13,-42.92023226644445,100,57,0,96.11703692860662,107.14132154988886,0.03062301283689507,0.0,1.25286,True,True,False,False,-966.9928329629935,0.0,198.0688463316118,112.17762192793842,0.0,-47.78305269376847,-704.5294173972118
2025-01-27T11:30:00Z,2025-01-27T11:45:00Z,2025-01-27,2025-01-27_13,-42.92023226644445,100,57,0,107.14132154988886,117.46856712839437,0.02870230408007576,0.0045,0.500175,True,True,False,False,-966.9928329629935,0.0,198.0688463316118,112.17762192793842,0.432048108032072,-20.776414951871875,-677.0907315472831
2025-01-27T11:45:00Z,2025-01-27T12:00:00Z,2025-01-27,2025-01-27_13,-42.92023226644445,100,57,0,117.46856712839437,128.27260000000007,0.030226630288478773,0.0625,1.08243,True,True,False,False,-966.9928329629935,0.0,198.0688463316118,112.17762192793842,8.75148202479754,-27.113497879950966,-675.1083805585967
2025-01-27T12:00:00Z,2025-01-27T12:15:00Z,2025-01-27,2025-01-27_14,0.0,100,100,0,128.27260000000007,151.01960000000008,0.06318611111111112,0.0,24.725,True,True,False,False,0.0,0.0,198.0688463316118,196.80284548761128,0.0,23596.840825512932,23991.712517332155
2025-01-27T12:15:00Z,2025-01-27T12:30:00Z,2025-01-27,2025-01-27_14,0.0,100,100,0,151.01960000000008,170.3520200000001,0.053701166666666675,0.0,21.0135,True,True,False,False,0.0,0.0,198.0688463316118,196.80284548761128,0.0,10908.858099893494,11303.729791712718
2025-01-27T12:30:00Z,2025-01-27T12:45:00Z,2025-01-27,2025-01-27_14,0.0,100,100,0,170.3520200000001,180.0249000000001,0.026869111111111108,0.0,10.514,True,True,False,False,0.0,0.0,198.0688463316118,196.80284548761128,0.0,152.96990012660007,547.8415919458232
2025-01-27T12:45:00Z,2025-01-27T13:00:00Z,2025-01-27,2025-01-27_14,0.0,100,100,0,180.0249000000001,184.79280000000008,0.013244166666666666,0.0,5.1825,True,True,False,False,0.0,0.0,198.0688463316118,196.80284548761128,0.0,96.2047711150855,491.0764629343086
2025-01-27T13:00:00Z,2025-01-27T13:15:00Z,2025-01-27,2025-01-27_15,0.0,100,100,0,184.79280000000008,189.92870000000008,0.014266388888888887,0.0,5.5825,True,True,False,False,0.0,0.0,198.0688463316118,187.39826778932138,0.0,-97.35916795611197,288.1079461648212
2025-01-27T13:15:00Z,2025-01-27T13:30:00Z,2025-01-27,2025-01-27_15,0.0,100,100,0,189.92870000000008,189.85271739130442,0.0006071739130434783,0.1355,0.0775,True,True,False,False,0.0,0.0,198.0688463316118,187.39826778932138,8.89214155095151,-4.084358861001145,390.27489681088355
2025-01-27T13:30:00Z,2025-01-27T13:45:00Z,2025-01-27,2025-01-27_15,0.0,100,100,0,189.85271739130442,185.29719913043488,0.012656772946859901,4.1915,0.0005,True,True,False,False,0.0,0.0,198.0688463316118,187.39826778932138,839.7714849386089,-0.03516669011112674,1225.2034323694309
2025-01-27T13:45:00Z,2025-01-27T14:00:00Z,2025-01-27,2025-01-27_15,0.0,100,100,0,185.29719913043488,164.89665565217402,0.05666817632850241,18.7685,0.0,True,True,False,False,0.0,0.0,198.0688463316118,187.39826778932138,13758.057649458433,0.0,14143.524763579366
2025-01-27T14:00:00Z,2025-01-27T14:15:00Z,2025-01-27,2025-01-27_16,-64.0,100,36,0,164.89665565217402,179.8584384347827,0.04446920338164251,1.338,1.68822,True,True,False,False,-2337.44,0.0,198.0688463316118,67.4633764041557,247.52583244579307,-19.11312151196672,-1843.4950663304062
2025-01-27T14:15:00Z,2025-01-27T14:30:00Z,2025-01-27,2025-01-27_16,-64.0,100,36,0,179.8584384347827,179.30400222608705,0.03233924724637681,15.584500000000002,0.0,True,True,False,False,-2337.44,0.0,198.0688463316118,67.4633764041557,14009.708557361897,0.0,11937.800780097665
2025-01-27T14:30:00Z,2025-01-27T14:45:00Z,2025-01-27,2025-01-27_16,-64.0,100,36,0,179.30400222608705,188.99410671304358,0.03807347864734299,5.132,0.0,True,True,False,False,-2337.44,0.0,198.0688463316118,67.4633764041557,2121.2053533749972,0.0,49.29757611076468
2025-01-27T14:45:00Z,2025-01-27T15:00:00Z,2025-01-27,2025-01-27_16,-64.0,100,36,0,188.99410671304358,189.4795612173914,0.032921310821256045,14.5235,0.0,True,True,False,False,-2337.44,0.0,198.0688463316118,67.4633764041557,8865.846249020356,0.0,6793.938471756124
2025-01-27T15:00:00Z,2025-01-27T15:15:00Z,2025-01-27,2025-01-27_17,9.598883096952676,90,100,0,189.4795612173914,185.7780607355186,0.010485247850326312,1.04355,0.044,True,True,False,False,450.9795251025791,0.0,178.26196169845062,187.39826778932138,181.7200470731266,-2.8028856781142615,995.5569159853634
2025-01-27T15:15:00Z,2025-01-27T15:30:00Z,2025-01-27,2025-01-27_17,9.598883096952676,90,100,0,185.7780607355186,183.2137132446444,0.008137387560617302,0.1485,0.2195,True,True,False,False,450.9795251025791,0.0,178.26196169845062,187.39826778932138,20.889013926009284,-13.674210859473908,823.8545576568864
2025-01-27T15:30:00Z,2025-01-27T15:45:00Z,2025-01-27,2025-01-27_17,9.598883096952676,90,100,0,183.2137132446444,179.91340187757368,0.009306146621114446,0.6624,0.03,True,True,False,False,450.9795251025791,0.0,178.26196169845062,187.39826778932138,95.69705299117818,-2.0878946205011752,910.248912961028
2025-01-27T15:45:00Z,2025-01-27T16:00:00Z,2025-01-27,2025-01-27_17,9.598883096952676,90,100,0,179.91340187757368,176.32977100000014,0.010319549836399457,0.96525,0.079,True,True,False,False,450.9795251025791,0.0,178.26196169845062,187.39826778932138,159.60462964451497,-5.09212889094307,971.152255343923
2025-01-27T16:00:00Z,2025-01-27T16:15:00Z,2025-01-27,2025-01-27_18,100.0,0,100,0,176.32977100000014,160.305314478261,0.04451237922705314,0.0,10.2575,True,True,False,False,4589.25,0.0,0.0,188.39298273817894,0.0,-71.78992625042703,4705.853056487752
2025-01-27T16:15:00Z,2025-01-27T16:30:00Z,2025-01-27,2025-01-27_18,100.0,0,100,0,160.305314478261,140.39444491304363,0.05530797101449276,0.0,6.682,True,True,False,False,4589.25,0.0,0.0,188.39298273817894,0.0,-142.74931575668668,4634.893666981492
2025-01-27T16:30:00Z,2025-01-27T16:45:00Z,2025-01-27,2025-01-27_18,100.0,0,100,0,140.39444491304363,116.11672752173928,0.0674381038647343,0.0,2.6645,True,True,False,False,4589.25,0.0,0.0,188.39298273817894,0.0,-101.1329894700882,4676.5099932680905
2025-01-27T16:45:00Z,2025-01-27T17:00:00Z,2025-01-27,2025-01-27_18,100.0,0,100,0,116.11672752173928,97.46727100000015,0.0518040458937198,0.0,7.842500000000001,True,True,False,False,4589.25,0.0,0.0,188.39298273817894,0.0,83.35778640757191,4861.000769145751
2025-01-27T17:00:00Z,2025-01-27T17:15:00Z,2025-01-27,2025-01-27_19,100.0,0,100,0,97.46727100000015,89.54933621739146,0.02199426328502416,0.0,17.7155,True,True,False,False,4708.0,0.0,0.0,188.39298273817894,0.0,1687.958243976448,6584.351226714627
2025-01-27T17:15:00Z,2025-01-27T17:30:00Z,2025-01-27,2025-01-27_19,100.0,0,100,0,89.54933621739146,64.09824926086972,0.07069746376811593,0.0,1.585,True,True,False,False,4708.0,0.0,0.0,188.39298273817894,0.0,-71.85834455318208,4824.534638184997
2025-01-27T17:30:00Z,2025-01-27T17:45:00Z,2025-01-27,2025-01-27_19,100.0,0,100,0,64.09824926086972,36.94390143478277,0.07542874396135266,0.0,0.018,True,True,False,False,4708.0,0.0,0.0,188.39298273817894,0.0,-1.2571605409641702,4895.135822197215
2025-01-27T17:45:00Z,2025-01-27T18:00:00Z,2025-01-27,2025-01-27_19,100.0,0,100,0,36.94390143478277,10.385749260869723,0.07377264492753623,0.0,0.5665,True,True,False,False,4708.0,0.0,0.0,188.39298273817894,0.0,-32.28160912726323,4864.1113736109155
2025-01-27T18:00:00Z,2025-01-27T18:15:00Z,2025-01-27,2025-01-27_20,0.0,100,100,0,10.385749260869723,10.32219013043494,0.0007081086956521739,0.1465,0.104,True,True,False,False,0.0,0.0,198.0688463316118,188.39298273817894,11.96673281353616,-6.625002511906437,391.8035593714205
2025-01-27T18:15:00Z,2025-01-27T18:30:00Z,2025-01-27,2025-01-27_20,0.0,100,100,0,10.32219013043494,10.025727521739288,0.0029113961352657007,0.6185,0.40850000000000003,True,True,False,False,0.0,0.0,198.0688463316118,188.39298273817894,86.64070996523522,-16.74576643289191,456.3567726021341
2025-01-27T18:30:00Z,2025-01-27T18:45:00Z,2025-01-27,2025-01-27_20,0.0,100,100,0,10.025727521739288,10.815087521739288,0.0021926666666666665,0.0,0.8579999999999999,True,True,False,False,0.0,0.0,198.0688463316118,188.39298273817894,0.0,-42.26050439081244,344.2013246789783
2025-01-27T18:45:00Z,2025-01-27T19:00:00Z,2025-01-27,2025-01-27_20,0.0,100,100,0,10.815087521739288,11.737058826087114,0.0026727463768115942,0.0185,1.024,True,True,False,False,0.0,0.0,198.0688463316118,188.39298273817894,2.6023350682233786,-48.72678576452384,340.3373783734903
2025-01-27T19:00:00Z,2025-01-27T19:15:00Z,2025-01-27,2025-01-27_21,0.0,100,100,0,11.737058826087114,13.11359360869581,0.003932403381642513,0.018,1.5175,True,True,False,False,0.0,0.0,198.0688463316118,188.39298273817894,2.532001688001125,-56.27402186363362,332.71980889415823
2025-01-27T19:15:00Z,2025-01-27T19:30:00Z,2025-01-27,2025-01-27_21,0.0,100,100,0,13.11359360869581,11.314726652174071,0.005078630434782608,1.6685,0.016,True,True,False,False,0.0,0.0,198.0688463316118,188.39298273817894,265.2339308321444,-1.1253340835560557,650.570425818379
2025-01-27T19:30:00Z,2025-01-27T19:45:00Z,2025-01-27,2025-01-27_21,0.0,100,100,0,11.314726652174071,11.354256217391463,0.00032719565217391303,0.036,0.0855,True,True,False,False,0.0,0.0,198.0688463316118,188.39298273817894,5.06400337600225,-6.00436348290899,385.521468962884
2025-01-27T19:45:00Z,2025-01-27T20:00:00Z,2025-01-27,2025-01-27_21,0.0,100,100,0,11.354256217391463,11.468597086956681,0.0005078309178743962,0.0315,0.1615,True,True,False,False,0.0,0.0,198.0688463316118,188.39298273817894,4.431002954001969,-10.185375278821613,380.7074567449711
2025-01-27T20:00:00Z,2025-01-27T20:15:00Z,2025-01-27,2025-01-27_22,5.000000000000014,95,100,0,11.468597086956681,10.000000000000156,0.004484875241545903,0.172425,0.0835,True,True,False,False,177.5375000000005,0.0,188.1654040150312,188.39298273817894,24.25446616964411,-4.345698209513093,574.0046547133417
2025-01-27T20:15:00Z,2025-01-27T20:30:00Z,2025-01-27,2025-01-27_22,5.000000000000014,95,100,0,10.000000000000156,10.208355478261021,0.0076174125603864825,0.0,1.688,True,True,False,False,177.5375000000005,0.0,188.1654040150312,188.39298273817894,0.0,-66.69606414404275,487.3998226091679
2025-01-27T20:30:00Z,2025-01-27T20:45:00Z,2025-01-27,2025-01-27_22,5.000000000000014,95,100,0,10.208355478261021,16.17153913043493,0.021731367632850246,0.0,7.887,True,True,False,False,177.5375000000005,0.0,188.1654040150312,188.39298273817894,0.0,-41.312328838695414,512.7835579145152
2025-01-27T20:45:00Z,2025-01-27T21:00:00Z,2025-01-27,2025-01-27_22,5.000000000000014,95,100,0,16.17153913043493,28.757092000000142,0.03797300314009661,0.0,15.0205,True,True,False,False,177.5375000000005,0.0,188.1654040150312,188.39298273817894,0.0,9747.242926170045,10301.338812923255
2025-01-27T21:00:00Z,2025-01-27T21:15:00Z,2025-01-27,2025-01-27_23,43.0,57,100,0,28.757092000000142,22.02432337391319,0.0332484084057971,0.0,4.993,True,True,False,False,1324.1850000000002,0.0,111.67936016719248,189.90012660008438,0.0,603.0771014609247,2228.8415882282015
2025-01-27T21:15:00Z,2025-01-27T21:30:00Z,2025-01-27,2025-01-27_23,43.0,57,100,0,22.02432337391319,18.048238678261015,0.03368856304347826,0.0,7.7725,True,True,False,False,1324.1850000000002,0.0,111.67936016719248,189.90012660008438,0.0,-85.42518387155114,1540.339302895726
2025-01-27T21:30:00Z,2025-01-27T21:45:00Z,2025-01-27,2025-01-27_23,43.0,57,100,0,18.048238678261015,15.232922034782757,0.0338757206763285,0.0005700000000000001,8.9435,True,True,False,False,1324.1850000000002,0.0,111.67936016719248,189.90012660008438,0.03436288005144385,302.0280138858188,1927.8268635331472
2025-01-27T21:45:00Z,2025-01-27T22:00:00Z,2025-01-27,2025-01-27_23,43.0,57,100,0,15.232922034782757,10.454974069565367,0.03356053101449276,0.0,6.964,True,True,False,False,1324.1850000000002,0.0,111.67936016719248,189.90012660008438,0.0,-133.33380784920524,1492.4306789180719
2025-01-27T22:00:00Z,2025-01-27T22:15:00Z,2025-01-28,2025-01-27_24,0.025869339503505888,73,100,0,10.454974069565367,10.000000000000027,0.004914761029257654,1.01689,0.7145,True,True,False,False,0.6268787695187065,0.0,144.6105997266661,189.92684299380977,137.7604320765335,-27.428896213521988,445.4958573530061
2025-01-27T22:15:00Z,2025-01-27T22:30:00Z,2025-01-28,2025-01-27_24,0.025869339503505888,73,100,0,10.000000000000027,14.25962670586714,0.012022753076449445,0.026279999999999998,4.6685,True,True,False,False,0.6268787695187065,0.0,144.6105997266661,189.92684299380977,1.9190431787121152,-24.47124939705764,312.61211527164903
2025-01-27T22:30:00Z,2025-01-27T22:45:00Z,2025-01-28,2025-01-27_24,0.025869339503505888,73,100,0,14.25962670586714,19.24245123799038,0.013871760845559142,0.0,5.4235,True,True,False,False,0.6268787695187065,0.0,144.6105997266661,189.92684299380977,0.0,-107.47154232655357,227.692779163441
2025-01-27T22:45:00Z,2025-01-27T23:00:00Z,2025-01-28,2025-01-27_24,0.025869339503505888,73,100,0,19.24245123799038,25.6320218084637,0.017777000190003764,0.0,6.952500000000001,True,True,False,False,0.6268787695187065,0.0,144.6105997266661,189.92684299380977,0.0,2174.1206402242947,2509.2849617142892
2025-01-27T23:00:00Z,2025-01-27T23:15:00Z,2025-01-28,2025-01-28_1,0.0,100,100,0,25.6320218084637,20.328897460637616,0.02452634541062802,6.5009999999999994,1.9165,True,True,False,False,0.0,0.0,198.09671195433714,189.92684299380977,1253.5996571267785,12.469421677787604,1654.092633752713
2025-01-27T23:15:00Z,2025-01-27T23:30:00Z,2025-01-28,2025-01-28_1,0.0,100,100,0,20.328897460637616,21.210214851941963,0.004030229468599034,0.262,1.2675,True,True,False,False,0.0,0.0,198.09671195433714,189.92684299380977,36.57447544014793,-46.766001587748214,377.8320288005466
2025-01-27T23:30:00Z,2025-01-27T23:45:00Z,2025-01-28,2025-01-28_1,0.0,100,100,0,21.210214851941963,31.010054851941963,0.027221777777777775,0.0,10.652,True,True,False,False,0.0,0.0,198.09671195433714,189.92684299380977,0.0,-60.72299380979178,327.30056113835514
2025-01-27T23:45:00Z,2025-01-28T00:00:00Z,2025-01-28,2025-01-28_1,0.0,100,100,0,31.010054851941963,41.96725485194196,0.030436666666666667,0.0,11.91,True,True,False,False,0.0,0.0,198.09671195433714,189.92684299380977,0.0,639.4360177667015,1027.4595727148485
2025-01-28T00:00:00Z,2025-01-28T00:15:00Z,2025-01-28,2025-01-28_2,0.0,100,100,0,41.96725485194196,54.90705485194196,0.035943888888888886,0.0,14.065,True,True,False,False,0.0,0.0,198.09671195433714,189.92684299380977,0.0,561.0311289090762,949.0546838572232
2025-01-28T00:15:00Z,2025-01-28T00:30:00Z,2025-01-28,2025-01-28_2,0.0,100,100,0,54.90705485194196,69.61325485194196,0.04085055555555556,0.0,15.985,True,True,False,False,0.0,0.0,198.09671195433714,189.92684299380977,0.0,897.9081246482834,1285.9316795964303
2025-01-28T00:30:00Z,2025-01-28T00:45:00Z,2025-01-28,2025-01-28_2,0.0,100,100,0,69.61325485194196,90.56533485194197,0.05820022222222223,0.0,22.774,True,True,False,False,0.0,0.0,198.09671195433714,189.92684299380977,0.0,5953.746822895731,6341.770377843878
2025-01-28T00:45:00Z,2025-01-28T01:00:00Z,2025-01-28,2025-01-28_2,0.0,100,100,0,90.56533485194197,112.62371485194197,0.06127327777777779,0.0,23.9765,True,True,False,False,0.0,0.0,198.09671195433714,189.92684299380977,0.0,14552.698490835279,14940.722045783426
2025-01-28T01:00:00Z,2025-01-28T01:15:00Z,2025-01-28,2025-01-28_3,0.0,100,100,0,112.62371485194197,120.63001485194197,0.022239722222222227,0.0,8.7025,True,True,False,False,0.0,0.0,198.09671195433714,189.92684299380977,0.0,631.1446323056516,1019.1681872537986
2025-01-28T01:15:00Z,2025-01-28T01:30:00Z,2025-01-28,2025-01-28_3,0.0,100,100,0,120.63001485194197,122.69771485194197,0.005743611111111112,0.0,2.2475,True,True,False,False,0.0,0.0,198.09671195433714,189.92684299380977,0.0,-85.8305958075408,302.1929591406061
2025-01-28T01:30:00Z,2025-01-28T01:45:00Z,2025-01-28,2025-01-28_3,0.0,100,100,0,122.69771485194197,122.74963224324631,0.0005457850241545894,0.0665,0.135,True,True,False,False,0.0,0.0,198.09671195433714,189.92684299380977,5.651577799662353,-7.277508240212236,386.397624507597
2025-01-28T01:45:00Z,2025-01-28T02:00:00Z,2025-01-28,2025-01-28_3,0.0,100,100,0,122.74963224324631,121.11865398237674,0.004530495169082125,1.5005,0.0,True,True,False,False,0.0,0.0,198.09671195433714,189.92684299380977,205.107035030951,0.0,593.130589979098
2025-01-28T02:00:00Z,2025-01-28T02:15:00Z,2025-01-28,2025-01-28_4,-85.44955399386451,100,14,0,121.11865398237674,137.12047068493516,0.04784723085890174,3.8670000000000004,0.0,True,True,False,False,-1771.1556304078265,0.0,198.09671195433714,26.58975801913337,613.2244704156283,0.0,-933.2446900187277
2025-01-28T02:15:00Z,2025-01-28T02:30:00Z,2025-01-28,2025-01-28_4,-85.44955399386451,100,14,0,137.12047068493516,155.03778557277099,0.051385717380599494,1.8384999999999998,0.0,True,True,False,False,-1771.1556304078265,0.0,198.09671195433714,26.58975801913337,257.9287356298738,0.0,-1288.5404248044822
2025-01-28T02:30:00Z,2025-01-28T02:45:00Z,2025-01-28,2025-01-28_4,-85.44955399386451,100,14,0,155.03778557277099,171.95367782048518,0.049535796278178744,2.899,0.0,True,True,False,False,-1771.1556304078265,0.0,198.09671195433714,26.58975801913337,457.97627783583886,0.0,-1088.492882598517
2025-01-28T02:45:00Z,2025-01-28T03:00:00Z,2025-01-28,2025-01-28_4,-85.44955399386451,100,14,0,171.95367782048518,188.2052599999999,0.048308620893404604,3.6025,0.0,True,True,False,False,-1771.1556304078265,0.0,198.09671195433714,26.58975801913337,587.7369131361042,0.0,-958.7322472982518
2025-01-28T03:00:00Z,2025-01-28T03:15:00Z,2025-01-28,2025-01-28_5,0.0,100,100,0,188.2052599999999,188.04217913043468,0.0005373357487922706,0.164,0.0165,True,True,False,False,0.0,0.0,198.09671195433714,189.92684299380977,22.598287643701262,-1.1504137189484684,409.4714288728997
2025-01-28T03:15:00Z,2025-01-28T03:30:00Z,2025-01-28,2025-01-28_5,0.0,100,100,0,188.04217913043468,187.91597826086945,0.0005703357487922705,0.1525,0.043,True,True,False,False,0.0,0.0,198.09671195433714,189.92684299380977,21.100972244553418,-2.82669085135461,406.2978363413457
2025-01-28T03:30:00Z,2025-01-28T03:45:00Z,2025-01-28,2025-01-28_5,0.0,100,100,0,187.91597826086945,187.1447008695651,0.0021782149758454105,0.7155,0.007000000000000001,True,True,False,False,0.0,0.0,198.09671195433714,189.92684299380977,100.40396545140284,-0.4924029262802477,487.9351174732695
2025-01-28T03:45:00Z,2025-01-28T04:00:00Z,2025-01-28,2025-01-28_5,0.0,100,100,0,187.1447008695651,184.72024434782597,0.0067346014492753615,2.2305,0.0,True,True,False,False,0.0,0.0,198.09671195433714,189.92684299380977,352.6925451201865,0.0,740.7161000683334
2025-01-28T04:00:00Z,2025-01-28T04:15:00Z,2025-01-28,2025-01-28_6,0.0,100,100,0,184.72024434782597,189.9199599999999,0.014464789855072465,0.0035000000000000005,5.656,True,True,False,False,0.0,0.0,198.09671195433714,189.92684299380977,0.4924029262802477,-100.41343837929094,288.1025194951362
2025-01-28T04:15:00Z,2025-01-28T04:30:00Z,2025-01-28,2025-01-28_6,0.0,100,100,0,189.9199599999999,183.37065217391293,0.018637188405797103,6.099,0.087,True,True,False,False,0.0,0.0,198.09671195433714,189.92684299380977,1289.1951859072274,-5.52155197363132,1671.697188881743
2025-01-28T04:30:00Z,2025-01-28T04:45:00Z,2025-01-28,2025-01-28_6,0.0,100,100,0,183.37065217391293,169.5940217391303,0.03826841787439614,12.6745,0.0,True,True,False,False,0.0,0.0,198.09671195433714,189.92684299380977,5107.355300566765,0.0,5495.378855514912
2025-01-28T04:45:00Z,2025-01-28T05:00:00Z,2025-01-28,2025-01-28_6,0.0,100,100,0,169.5940217391303,143.28967391304337,0.07306763285024154,24.2,0.0,True,True,False,False,0.0,0.0,198.09671195433714,189.92684299380977,27746.295120186503,0.0,28134.31867513465
2025-01-28T05:00:00Z,2025-01-28T05:15:00Z,2025-01-28,2025-01-28_7,0.0,100,100,0,143.28967391304337,135.1749999999999,0.022540760869565215,7.4655,0.0,True,True,False,False,0.0,0.0,198.09671195433714,189.92684299380977,2605.652454276871,0.0,2993.676009225018
2025-01-28T05:15:00Z,2025-01-28T05:30:00Z,2025-01-28,2025-01-28_7,0.0,100,100,0,135.1749999999999,125.00434782608686,0.028251811594202897,9.357,0.0,True,True,False,False,0.0,0.0,198.09671195433714,189.92684299380977,2490.531153629713,0.0,2878.55470857786
2025-01-28T05:30:00Z,2025-01-28T05:45:00Z,2025-01-28,2025-01-28_7,0.0,100,100,0,125.00434782608686,119.8179347826086,0.014406702898550722,4.7715,0.0,True,True,False,False,0.0,0.0,198.09671195433714,189.92684299380977,1208.536099465391,0.0,1596.559654413538
2025-01-28T05:45:00Z,2025-01-28T06:00:00Z,2025-01-28,2025-01-28_7,0.0,100,100,0,119.8179347826086,96.46467391304338,0.0648701690821256,21.485,0.0,True,True,False,False,0.0,0.0,198.09671195433714,189.92684299380977,23720.586879974275,0.0,24108.610434922422
2025-01-28T06:00:00Z,2025-01-28T06:15:00Z,2025-01-28,2025-01-28_8,2.2244194600111208e-14,100,100,0,96.46467391304338,87.54510869565208,0.02477657004830919,8.206,0.0,True,True,False,False,7.896689083039479e-13,0.0,198.09671195433714,189.92684299380977,1744.3555354128143,0.0,2132.379090360962
2025-01-28T06:15:00Z,2025-01-28T06:30:00Z,2025-01-28,2025-01-28_8,2.2244194600111208e-14,100,100,0,87.54510869565208,84.76467391304338,0.007723429951690838,2.558,0.0,True,True,False,False,7.896689083039479e-13,0.0,198.09671195433714,189.92684299380977,457.28182932711627,0.0,845.3053842752639
2025-01-28T06:30:00Z,2025-01-28T06:45:00Z,2025-01-28,2025-01-28_8,2.2244194600111208e-14,100,100,0,84.76467391304338,84.75092782608687,0.0009914057971014659,0.1705,0.1865,True,True,False,False,7.896689083039479e-13,0.0,198.09671195433714,189.92684299380977,23.98705683736635,-12.06668793713321,399.94392384838085
2025-01-28T06:45:00Z,2025-01-28T07:00:00Z,2025-01-28,2025-01-28_8,2.2244194600111208e-14,100,100,0,84.75092782608687,88.93094782608686,0.011611166666666676,0.0,4.5435,True,True,False,False,7.896689083039479e-13,0.0,198.09671195433714,189.92684299380977,0.0,-146.32871563228557,241.69483931586214
2025-01-28T07:00:00Z,2025-01-28T07:15:00Z,2025-01-28,2025-01-28_9,50.00000000000098,50,100,0,88.93094782608686,76.53311304347791,0.03746676328502483,0.0,1.185,True,True,False,False,1798.8750000000352,0.0,98.92776750542647,189.50478334271241,0.0,-67.30774278478978,2019.9998080633843
2025-01-28T07:15:00Z,2025-01-28T07:30:00Z,2025-01-28,2025-01-28_9,50.00000000000098,50,100,0,76.53311304347791,64.28078260869503,0.03743314009661902,0.0,1.33,True,True,False,False,1798.8750000000352,0.0,98.92776750542647,189.50478334271241,0.0,-67.4826111423748,2019.8249397057994
2025-01-28T07:30:00Z,2025-01-28T07:45:00Z,2025-01-28,2025-01-28_9,50.00000000000098,50,100,0,64.28078260869503,53.06353999999912,0.03719395169082187,0.0,2.3615,True,True,False,False,1798.8750000000352,0.0,98.92776750542647,189.50478334271241,0.0,-78.71650846129111,2008.591042386883
2025-01-28T07:45:00Z,2025-01-28T08:00:00Z,2025-01-28,2025-01-28_9,50.00000000000098,50,100,0,53.06353999999912,50.403959999998875,0.03521644444444459,0.0,10.8895,True,True,False,False,1798.8750000000352,0.0,98.92776750542647,189.50478334271241,0.0,98.8450393922341,2186.1525902404082
2025-01-28T08:00:00Z,2025-01-28T08:15:00Z,2025-01-28,2025-01-28_10,0.0,100,100,0,50.403959999998875,50.06615217391192,0.004641355072463768,0.924,0.7245,True,True,False,False,0.0,0.0,197.85553501085295,189.50478334271241,156.25045019696117,-30.127265756893642,513.4835027936329
2025-01-28T08:15:00Z,2025-01-28T08:30:00Z,2025-01-28,2025-01-28_10,0.0,100,100,0,50.06615217391192,50.21085304347713,0.0005921642512077295,0.0315,0.1945,True,True,False,False,0.0,0.0,197.85553501085295,189.50478334271241,4.351236634777716,-12.299009466195033,379.41254552214804
2025-01-28T08:30:00Z,2025-01-28T08:45:00Z,2025-01-28,2025-01-28_10,0.0,100,100,0,50.21085304347713,50.2446617391293,0.00046830917874396134,0.062,0.11,True,True,False,False,0.0,0.0,197.85553501085295,189.50478334271241,5.8284436047913815,-7.5448247447544015,385.6439372136023
2025-01-28T08:45:00Z,2025-01-28T09:00:00Z,2025-01-28,2025-01-28_10,0.0,100,100,0,50.2446617391293,51.098382608694514,0.0024227753623188406,0.0085,0.938,True,True,False,False,0.0,0.0,197.85553501085295,189.50478334271241,0.5125010049039312,-38.30084974676421,349.5719696117051
2025-01-28T09:00:00Z,2025-01-28T09:15:00Z,2025-01-28,2025-01-28_11,4.580060508523917e-13,100,100,0,51.098382608694514,50.75669217391179,0.0015599178743964776,0.4155,0.1195,True,True,False,False,1.4706574292870298e-11,0.0,197.85553501085295,189.50478334271241,48.76797220435726,-5.367196619503176,430.76109393843416
2025-01-28T09:15:00Z,2025-01-28T09:30:00Z,2025-01-28,2025-01-28_11,4.580060508523917e-13,100,100,0,50.75669217391179,51.44512173912905,0.0022685845410631263,0.05899999999999999,0.818,True,True,False,False,1.4706574292870298e-11,0.0,197.85553501085295,189.50478334271241,4.9240264490714685,-32.29156765013265,359.9927771525189
2025-01-28T09:30:00Z,2025-01-28T09:45:00Z,2025-01-28,2025-01-28_11,4.580060508523917e-13,100,100,0,51.44512173912905,51.34597913043327,0.003876173913043806,0.6875,0.7045,True,True,False,False,1.4706574292870298e-11,0.0,197.85553501085295,189.50478334271241,96.19942820966315,-27.174562565318755,456.38518399792446
2025-01-28T09:45:00Z,2025-01-28T10:00:00Z,2025-01-28,2025-01-28_11,4.580060508523917e-13,100,100,0,51.34597913043327,53.73080869565054,0.007050251207729748,0.0705,2.6755,True,True,False,False,1.4706574292870298e-11,0.0,197.85553501085295,189.50478334271241,9.918401800787843,-54.29023765977972,342.9884824945882
2025-01-28T10:00:00Z,2025-01-28T10:15:00Z,2025-01-28,2025-01-28_12,0.0,100,100,0,53.73080869565054,54.07524086956358,0.005286466183574879,0.717,1.2215,True,True,False,False,0.0,0.0,197.85553501085295,189.50478334271241,102.93163578261918,-35.209818514350026,455.08213562183454
2025-01-28T10:15:00Z,2025-01-28T10:30:00Z,2025-01-28,2025-01-28_12,0.0,100,100,0,54.07524086956358,54.045365217389666,0.00038198792270531404,0.077,0.0585,True,True,False,False,0.0,0.0,197.85553501085295,189.50478334271241,10.832864378165446,-3.6879949151861084,394.5051878165447
2025-01-28T10:30:00Z,2025-01-28T10:45:00Z,2025-01-28,2025-01-28_12,0.0,100,100,0,54.045365217389666,61.07646521738967,0.019530833333333338,0.0,7.642500000000001,True,True,False,False,0.0,0.0,197.85553501085295,189.50478334271241,0.0,-80.5061404654715,306.8541778880939
2025-01-28T10:45:00Z,2025-01-28T11:00:00Z,2025-01-28,2025-01-28_12,0.0,100,100,0,61.07646521738967,64.19986521738967,0.008676111111111112,0.0,3.395,True,True,False,False,0.0,0.0,197.85553501085295,189.50478334271241,0.0,-129.6426561620709,257.71766219149447
2025-01-28T11:00:00Z,2025-01-28T11:15:00Z,2025-01-28,2025-01-28_13,0.0,100,100,0,64.19986521738967,74.40312521738967,0.02834238888888889,0.0,11.0905,True,True,False,False,0.0,0.0,197.85553501085295,189.50478334271241,0.0,327.29412693946466,714.65444529303
2025-01-28T11:15:00Z,2025-01-28T11:30:00Z,2025-01-28,2025-01-28_13,0.0,100,100,0,74.40312521738967,78.24918521738967,0.010683500000000002,0.0,4.1805,True,True,False,False,0.0,0.0,197.85553501085295,189.50478334271241,0.0,-80.45084733499478,306.90947101857057
2025-01-28T11:30:00Z,2025-01-28T11:45:00Z,2025-01-28,2025-01-28_13,0.0,100,100,0,78.24918521738967,78.75703565217226,0.0016099710144927538,0.033,0.591,True,True,False,False,0.0,0.0,197.85553501085295,189.50478334271241,4.280893761556396,-23.86746301953533,367.7737490955864
2025-01-28T11:45:00Z,2025-01-28T12:00:00Z,2025-01-28,2025-01-28_13,0.0,100,100,0,78.75703565217226,79.46503304347661,0.0030626739130434786,0.1815,0.984,True,True,False,False,0.0,0.0,197.85553501085295,189.50478334271241,17.977714346008522,-5.965188519977491,399.37284417959637
2025-01-28T12:00:00Z,2025-01-28T12:15:00Z,2025-01-28,2025-01-28_14,0.0,100,100,0,79.46503304347661,95.9270530434766,0.04572783333333333,0.0,17.8935,True,True,False,False,0.0,0.0,197.85553501085295,189.50478334271241,0.0,4019.7009080311923,4407.061226384758
2025-01-28T12:15:00Z,2025-01-28T12:30:00Z,2025-01-28,2025-01-28_14,0.0,100,100,0,95.9270530434766,101.1388530434766,0.014477222222222223,0.0,5.665,True,True,False,False,0.0,0.0,197.85553501085295,189.50478334271241,0.0,-143.02314695715089,244.33717139641448
2025-01-28T12:30:00Z,2025-01-28T12:45:00Z,2025-01-28,2025-01-28_14,0.0,100,100,0,101.1388530434766,101.4500773913027,0.0011211545893719808,0.0425,0.3885,True,True,False,False,0.0,0.0,197.85553501085295,189.50478334271241,3.2458396977248976,-12.420896876758583,378.18526117453166
2025-01-28T12:45:00Z,2025-01-28T13:00:00Z,2025-01-28,2025-01-28_14,0.0,100,100,0,101.4500773913027,122.1252373913027,0.057430999999999996,0.0,22.473,True,True,False,False,0.0,0.0,197.85553501085295,189.50478334271241,0.0,16704.16518208859,17091.525500442156
2025-01-28T13:00:00Z,2025-01-28T13:15:00Z,2025-01-28,2025-01-28_15,0.0,100,100,0,122.1252373913027,133.1045173913027,0.030497999999999997,0.0,11.934,True,True,False,False,0.0,0.0,197.85553501085295,189.50478334271241,0.0,6400.733597958036,6788.093916311601
2025-01-28T13:15:00Z,2025-01-28T13:30:00Z,2025-01-28,2025-01-28_15,0.0,100,100,0,133.1045173913027,139.4354973913027,0.017586055555555556,0.0,6.8815,True,True,False,False,0.0,0.0,197.85553501085295,189.50478334271241,0.0,-46.71387249778922,340.64644585577616
2025-01-28T13:30:00Z,2025-01-28T13:45:00Z,2025-01-28,2025-01-28_15,0.0,100,100,0,139.4354973913027,154.5400573913027,0.04195711111111111,0.0,16.418,True,True,False,False,0.0,0.0,197.85553501085295,189.50478334271241,0.0,4357.343007476485,4744.70332583005
2025-01-28T13:45:00Z,2025-01-28T14:00:00Z,2025-01-28,2025-01-28_15,0.0,100,100,0,154.5400573913027,155.09813130434617,0.0017464613526570049,0.0325,0.645,True,True,False,False,0.0,0.0,197.85553501085295,189.50478334271241,2.080154152263044,-29.41934239086743,360.02113011496095
2025-01-28T14:00:00Z,2025-01-28T14:15:00Z,2025-01-28,2025-01-28_16,0.0,100,100,0,155.09813130434617,166.84423130434618,0.03262805555555556,0.0,12.767500000000002,True,True,False,False,0.0,0.0,197.85553501085295,189.50478334271241,0.0,627.9389877602702,1015.2993061138355
2025-01-28T14:15:00Z,2025-01-28T14:30:00Z,2025-01-28,2025-01-28_16,0.0,100,100,0,166.84423130434618,170.8728278260853,0.011193565217391305,0.0005,4.3795,True,True,False,False,0.0,0.0,197.85553501085295,189.50478334271241,0.030147117935525367,-108.21121673767988,279.179248733821
2025-01-28T14:30:00Z,2025-01-28T14:45:00Z,2025-01-28,2025-01-28_16,0.0,100,100,0,170.8728278260853,171.06403304347663,0.0007696521739130435,0.0395,0.2545,True,True,False,False,0.0,0.0,197.85553501085295,189.50478334271241,4.592410865021304,-15.314755908835116,376.63797330975154
2025-01-28T14:45:00Z,2025-01-28T15:00:00Z,2025-01-28,2025-01-28_16,0.0,100,100,0,171.06403304347663,171.2458660869549,0.0006500193236714975,0.024,0.22599999999999998,True,True,False,False,0.0,0.0,197.85553501085295,189.50478334271241,1.6078446820483965,-14.021438620467881,374.94672441514587
2025-01-28T15:00:00Z,2025-01-28T15:15:00Z,2025-01-28,2025-01-28_17,100.0,0,100,0,171.2458660869549,165.19858347825922,0.016798007246376815,0.0,19.4365,True,True,False,False,3603.75,0.0,0.0,189.92684299380977,0.0,14256.924319780528,18050.60116277434
2025-01-28T15:15:00Z,2025-01-28T15:30:00Z,2025-01-28,2025-01-28_17,100.0,0,100,0,165.19858347825922,160.2458660869549,0.013757548309178741,0.0,20.4435,True,True,False,False,3603.75,0.0,0.0,189.92684299380977,0.0,12602.927165166011,16396.604008159822
2025-01-28T15:30:00Z,2025-01-28T15:45:00Z,2025-01-28,2025-01-28_17,100.0,0,100,0,160.2458660869549,143.1317356521723,0.04753925120772946,0.0,9.255,True,True,False,False,3603.75,0.0,0.0,189.92684299380977,0.0,47.6495970335236,3841.3264400273333
2025-01-28T15:45:00Z,2025-01-28T16:00:00Z,2025-01-28,2025-01-28_17,100.0,0,100,0,143.1317356521723,117.95890956521578,0.06992451690821255,0.0,1.841,True,True,False,False,3603.75,0.0,0.0,189.92684299380977,0.0,-85.16863534046145,3708.508207653348
2025-01-28T16:00:00Z,2025-01-28T16:15:00Z,2025-01-28,2025-01-28_18,100.0,0,100,0,117.95890956521578,91.46271391304187,0.07360054347826087,0.0,0.6235,True,True,False,False,3707.75,0.0,0.0,189.92684299380977,0.0,-33.6440128828684,3864.032830110941
2025-01-28T16:15:00Z,2025-01-28T16:30:00Z,2025-01-28,2025-01-28_18,100.0,0,100,0,91.46271391304187,64.38553999999839,0.07521437198067633,0.0,0.089,True,True,False,False,3707.75,0.0,0.0,189.92684299380977,0.0,-6.150008039231448,3891.526834954578
2025-01-28T16:30:00Z,2025-01-28T16:45:00Z,2025-01-28,2025-01-28_18,100.0,0,100,0,64.38553999999839,37.30727913043317,0.07521739130434782,0.0,0.088,True,True,False,False,3707.75,0.0,0.0,189.92684299380977,0.0,-6.053139319881018,3891.623703673929
2025-01-28T16:45:00Z,2025-01-28T17:00:00Z,2025-01-28,2025-01-28_18,100.0,0,100,0,37.30727913043317,10.484996521737518,0.07450634057971015,0.0,0.3235,True,True,False,False,3707.75,0.0,0.0,189.92684299380977,0.0,-17.809599545783424,3879.8672434480263
2025-01-28T17:00:00Z,2025-01-28T17:15:00Z,2025-01-28,2025-01-28_19,0.8221185630134016,99,100,0,10.484996521737518,10.520008635617778,0.0014843007440922006,0.02673,0.312,True,True,False,False,29.947723954170687,0.0,196.11574483479376,189.92684299380977,3.4024019394645872,-16.936829327116328,402.4558843951225
2025-01-28T17:15:00Z,2025-01-28T17:30:00Z,2025-01-28,2025-01-28_19,0.8221185630134016,99,100,0,10.520008635617778,10.28796013132429,0.0008397392097318009,0.04059,0.0385,True,True,False,False,29.947723954170687,0.0,196.11574483479376,189.92684299380977,4.715613978213683,-2.7082160945413616,417.99770966644655
2025-01-28T17:30:00Z,2025-01-28T17:45:00Z,2025-01-28,2025-01-28_19,0.8221185630134016,99,100,0,10.28796013132429,10.0621395340436,0.0008123012845938025,0.033165,0.0365,True,True,False,False,29.947723954170687,0.0,196.11574483479376,189.92684299380977,4.228130902805692,-2.5675295441755766,417.6509131414043
2025-01-28T17:45:00Z,2025-01-28T18:00:00Z,2025-01-28,2025-01-28_19,0.8221185630134016,99,100,0,10.0621395340436,9.999999999999739,0.0013410354577622473,0.047025,0.2305,True,True,False,False,29.947723954170687,0.0,196.11574483479376,189.92684299380977,6.615785030951041,-13.843851495297049,408.7622453184282
2025-01-28T18:00:00Z,2025-01-28T18:15:00Z,2025-01-28,2025-01-28_20,0.0,100,100,0,9.999999999999739,10.110079999999739,0.0005835555555555556,0.046,0.174,True,True,False,False,0.0,0.0,198.09671195433714,189.92684299380977,6.471581316826111,-10.462066484444085,384.03306978052893
2025-01-28T18:15:00Z,2025-01-28T18:30:00Z,2025-01-28,2025-01-28_20,0.0,100,100,0,10.110079999999739,10.121048695651913,0.000265975845410628,0.039,0.058,True,True,False,False,0.0,0.0,198.09671195433714,189.92684299380977,5.486775464265616,-4.075492000964708,389.4348384114478
2025-01-28T18:30:00Z,2025-01-28T18:45:00Z,2025-01-28,2025-01-28_20,0.0,100,100,0,10.121048695651913,11.451034782608435,0.0037064830917874396,0.002,1.448,True,True,False,False,0.0,0.0,198.09671195433714,189.92684299380977,0.28137310073157007,-64.98393279202509,323.3209952568534
2025-01-28T18:45:00Z,2025-01-28T19:00:00Z,2025-01-28,2025-01-28_20,0.0,100,100,0,11.451034782608435,17.706574782608435,0.017376500000000003,0.0,6.7995,True,True,False,False,0.0,0.0,198.09671195433714,189.92684299380977,0.0,-186.99991568856018,201.02363925958673
2025-01-28T19:00:00Z,2025-01-28T19:15:00Z,2025-01-28,2025-01-28_21,17.745347570321336,82,100,0,17.706574782608435,14.051261220606396,0.015331030789437736,0.00246,1.2315,True,True,False,False,606.6247066914349,0.0,162.43930380255645,189.92684299380977,0.34608891389983115,-56.7604775303481,902.5764648713529
2025-01-28T19:15:00Z,2025-01-28T19:30:00Z,2025-01-28,2025-01-28_21,17.745347570321336,82,100,0,14.051261220606396,10.375951633445517,0.015390779430447582,0.02173,1.2325,True,True,False,False,606.6247066914349,0.0,162.43930380255645,189.92684299380977,3.0571187394485086,-38.47562002572553,923.572352201524
2025-01-28T19:30:00Z,2025-01-28T19:45:00Z,2025-01-28,2025-01-28_21,17.745347570321336,82,100,0,10.375951633445517,9.999999999999545,0.02072803120744409,0.0,4.682,True,True,False,False,606.6247066914349,0.0,162.43930380255645,189.92684299380977,0.0,-142.86329367312487,816.1275598146763
2025-01-28T19:45:00Z,2025-01-28T20:00:00Z,2025-01-28,2025-01-28_21,17.745347570321336,82,100,0,9.999999999999545,11.90457764325361,0.024489437882448624,0.0,7.0835,True,True,False,False,606.6247066914349,0.0,162.43930380255645,189.92684299380977,0.0,-62.43548034407911,896.555373143722
2025-01-28T20:00:00Z,2025-01-28T20:15:00Z,2025-01-28,2025-01-28_22,0.0,0,0,0,11.90457764325361,11.90457764325361,0.0,0.0,0.0,True,False,False,False,0.0,0.0,0.0,0.0,0.0,0.0,0.0
2025-01-28T20:15:00Z,2025-01-28T20:30:00Z,2025-01-28,2025-01-28_22,0.0,0,0,0,11.90457764325361,11.90457764325361,0.0,0.0,0.0,True,False,False,False,0.0,0.0,0.0,0.0,0.0,0.0,0.0
2025-01-28T20:30:00Z,2025-01-28T20:45:00Z,2025-01-28,2025-01-28_22,0.0,0,0,0,11.90457764325361,11.90457764325361,0.0,0.0,0.0,True,False,False,False,0.0,0.0,0.0,0.0,0.0,0.0,0.0
2025-01-28T20:45:00Z,2025-01-28T21:00:00Z,2025-01-28,2025-01-28_22,0.0,0,0,0,11.90457764325361,11.90457764325361,0.0,0.0,0.0,True,False,False,False,0.0,0.0,0.0,0.0,0.0,0.0,0.0
2025-01-28T21:00:00Z,2025-01-28T21:15:00Z,2025-01-28,2025-01-28_23,0.0,100,100,0,11.90457764325361,24.337457643253607,0.034535777777777776,0.0,13.513999999999998,True,True,False,False,0.0,0.0,198.09671195433714,189.92684299380977,0.0,2338.8297053621673,2726.853260310314
2025-01-28T21:15:00Z,2025-01-28T21:30:00Z,2025-01-28,2025-01-28_23,0.0,100,100,0,24.337457643253607,29.933817643253608,0.015545444444444447,0.0,6.083,True,True,False,False,0.0,0.0,198.09671195433714,189.92684299380977,0.0,-202.09751547552054,185.92603947262637
2025-01-28T21:30:00Z,2025-01-28T21:45:00Z,2025-01-28,2025-01-28_23,0.0,100,100,0,29.933817643253608,32.15436373021013,0.006180260869565217,0.002,2.416,True,True,False,False,0.0,0.0,198.09671195433714,189.92684299380977,0.12058847174210147,-116.32207733740654,271.8220660824825
2025-01-28T21:45:00Z,2025-01-28T22:00:00Z,2025-01-28,2025-01-28_23,0.0,100,100,0,32.15436373021013,45.54818373021013,0.037205055555555554,0.0,14.558499999999999,True,True,False,False,0.0,0.0,198.09671195433714,189.92684299380977,0.0,7617.349773595144,8005.373328543291
2025-01-28T22:00:00Z,2025-01-28T22:15:00Z,2025-01-29,2025-01-28_24,0.0,100,100,0,45.54818373021013,47.87111590412317,0.006754521739130435,0.05,2.584,True,True,False,False,0.0,0.0,198.12856798263246,191.76650317600706,3.0151965908177214,45.1644222883332,438.07469003779045
2025-01-28T22:15:00Z,2025-01-28T22:30:00Z,2025-01-29,2025-01-28_24,0.0,100,100,0,47.87111590412317,51.83309590412317,0.0110055,0.0,4.3065,True,True,False,False,0.0,0.0,198.12856798263246,191.76650317600706,0.0,-104.0024770845059,285.8925940741336
2025-01-28T22:30:00Z,2025-01-28T22:45:00Z,2025-01-29,2025-01-28_24,0.0,100,100,0,51.83309590412317,62.31787590412317,0.02912438888888889,0.0,11.3965,True,True,False,False,0.0,0.0,198.12856798263246,191.76650317600706,0.0,-78.24384045589773,311.6512307027418
2025-01-28T22:45:00Z,2025-01-28T23:00:00Z,2025-01-29,2025-01-28_24,0.0,100,100,0,62.31787590412317,71.97005590412317,0.026811611111111116,0.0,10.4915,True,True,False,False,0.0,0.0,198.12856798263246,191.76650317600706,0.0,-77.12353360939133,312.7715375492482
2025-01-28T23:00:00Z,2025-01-28T23:15:00Z,2025-01-29,2025-01-29_1,0.0,100,100,0,71.97005590412317,65.66758894760144,0.020693630434782607,6.326,0.6235,True,True,False,False,0.0,0.0,198.12856798263246,189.95738522151646,1149.118637533167,-20.924498572806947,1516.280092164509
2025-01-28T23:15:00Z,2025-01-28T23:30:00Z,2025-01-29,2025-01-29_1,0.0,100,100,0,65.66758894760144,63.958148947601444,0.0049043333333333335,1.5985,0.0305,True,True,False,False,0.0,0.0,198.12856798263246,189.95738522151646,223.8079938892016,-2.0151593028865484,609.878787790464
2025-01-28T23:30:00Z,2025-01-28T23:45:00Z,2025-01-29,2025-01-29_1,0.0,100,100,0,63.958148947601444,60.33858373021014,0.010054347826086957,3.3300000000000005,0.0,True,True,False,False,0.0,0.0,198.12856798263246,189.95738522151646,518.2304132829461,0.0,906.316366487095
2025-01-28T23:45:00Z,2025-01-29T00:00:00Z,2025-01-29,2025-01-29_1,0.0,100,100,0,60.33858373021014,59.89322459977535,0.0012447753623188406,0.411,0.0015,True,True,False,False,0.0,0.0,198.12856798263246,189.95738522151646,56.4846582777197,-0.10553188067862025,444.46507960119
2025-01-29T00:00:00Z,2025-01-29T00:15:00Z,2025-01-29,2025-01-29_2,-99.99999999999996,100,0,0,59.89322459977535,71.33664459977534,0.031787277777777775,12.5615,0.0,True,True,False,False,-2213.749999999999,0.0,198.12856798263246,0.0,10261.524397362708,0.0,8245.902965345342
2025-01-29T00:15:00Z,2025-01-29T00:30:00Z,2025-01-29,2025-01-29_2,-99.99999999999996,100,0,0,71.33664459977534,81.12176459977533,0.027180888888888893,14.364000000000003,0.0,True,True,False,False,-2213.749999999999,0.0,198.12856798263246,0.0,9606.49813942269,0.0,7590.876707405324
2025-01-29T00:30:00Z,2025-01-29T00:45:00Z,2025-01-29,2025-01-29_2,-99.99999999999996,100,0,0,81.12176459977533,87.32624459977532,0.017234666666666683,18.256,0.0,True,True,False,False,-2213.749999999999,0.0,198.12856798263246,0.0,15352.375640427754,0.0,13336.754208410388
2025-01-29T00:45:00Z,2025-01-29T01:00:00Z,2025-01-29,2025-01-29_2,-99.99999999999996,100,0,0,87.32624459977532,101.45698459977532,0.03925205555555556,9.6405,0.0,True,True,False,False,-2213.749999999999,0.0,198.12856798263246,0.0,1828.6060402428238,0.0,-187.0153917745428
2025-01-29T01:00:00Z,2025-01-29T01:15:00Z,2025-01-29,2025-01-29_3,-100.0,100,0,0,101.45698459977532,110.87916459977532,0.026172722222222226,14.7585,0.0,True,True,False,False,-2074.25,0.0,198.12856798263246,0.0,3240.2335996421966,0.0,1364.112167624829
2025-01-29T01:15:00Z,2025-01-29T01:30:00Z,2025-01-29,2025-01-29_3,-100.0,100,0,0,110.87916459977532,121.36762459977533,0.02913461111111111,13.5995,0.0,True,True,False,False,-2074.25,0.0,198.12856798263246,0.0,7026.374617974592,0.0,5150.253185957225
2025-01-29T01:30:00Z,2025-01-29T01:45:00Z,2025-01-29,2025-01-29_3,-100.0,100,0,0,121.36762459977533,128.16642459977533,0.018885555555555555,17.61,0.0,True,True,False,False,-2074.25,0.0,198.12856798263246,0.0,14513.067622819008,0.0,12636.94619080164
2025-01-29T01:45:00Z,2025-01-29T02:00:00Z,2025-01-29,2025-01-29_3,-100.0,100,0,0,128.16642459977533,149.03524459977533,0.057968944444444455,2.3165,0.0,True,True,False,False,-2074.25,0.0,198.12856798263246,0.0,339.11477627241294,0.0,-1537.0066557449545
2025-01-29T02:00:00Z,2025-01-29T02:15:00Z,2025-01-29,2025-01-29_4,-8.492937475362442,100,91,0,149.03524459977533,148.68322242733333,0.010897080762869233,2.149,0.0,True,True,False,False,-176.18598792639386,0.0,198.12856798263246,172.86122055157998,336.32316535338106,0.0,531.1269659611996
2025-01-29T02:15:00Z,2025-01-29T02:30:00Z,2025-01-29,2025-01-29_4,-8.492937475362442,100,91,0,148.68322242733333,149.91743842631433,0.008711031867553093,0.956,0.33306,True,True,False,False,-176.18598792639386,0.0,198.12856798263246,172.86122055157998,145.85745115381522,-14.181026376939778,326.480225384694
2025-01-29T02:30:00Z,2025-01-29T02:45:00Z,2025-01-29,2025-01-29_4,-8.492937475362442,100,91,0,149.91743842631433,152.5908060456477,0.007426021164814893,0.0,0.7826,True,True,False,False,-176.18598792639386,0.0,198.12856798263246,172.86122055157998,0.0,-33.00738361341159,161.79641699440697
2025-01-29T02:45:00Z,2025-01-29T03:00:00Z,2025-01-29,2025-01-29_4,-8.492937475362442,100,91,0,152.5908060456477,156.00480570181506,0.009588322365438816,0.019,1.6097899999999998,True,True,False,False,-176.18598792639386,0.0,198.12856798263246,172.86122055157998,2.5970893302243305,-45.52507347431052,151.87581646373238
2025-01-29T03:00:00Z,2025-01-29T03:15:00Z,2025-01-29,2025-01-29_5,0.0,100,100,0,156.00480570181506,163.83538570181506,0.02175161111111111,0.0,8.5115,True,True,False,False,0.0,0.0,198.12856798263246,189.95738522151646,0.0,49.849454048403956,437.93540725255286
2025-01-29T03:15:00Z,2025-01-29T03:30:00Z,2025-01-29,2025-01-29_5,0.0,100,100,0,163.83538570181506,165.47252570181504,0.004547611111111112,0.0,1.7795,True,True,False,False,0.0,0.0,198.12856798263246,189.95738522151646,0.0,-72.65015859934068,315.4357946048082
2025-01-29T03:30:00Z,2025-01-29T03:45:00Z,2025-01-29,2025-01-29_5,0.0,100,100,0,165.47252570181504,166.3727474409455,0.002533828502415459,0.0055,0.985,True,True,False,False,0.0,0.0,198.12856798263246,189.95738522151646,0.6633432499798987,-39.79658981265578,348.952706641473
2025-01-29T03:45:00Z,2025-01-29T04:00:00Z,2025-01-29,2025-01-29_5,0.0,100,100,0,166.3727474409455,168.08972657138025,0.004926391304347827,0.026,1.897,True,True,False,False,0.0,0.0,198.12856798263246,189.95738522151646,2.2613958350084427,81.49915896116427,471.84650800032165
2025-01-29T04:00:00Z,2025-01-29T04:15:00Z,2025-01-29,2025-01-29_6,0.0,100,100,0,168.08972657138025,179.90758657138025,0.032827388888888885,0.0,12.845499999999998,True,True,False,False,0.0,0.0,200.29950952802125,189.95738522151646,0.0,3072.7955315791583,3463.052426328696
2025-01-29T04:15:00Z,2025-01-29T04:30:00Z,2025-01-29,2025-01-29_6,0.0,100,100,0,179.90758657138025,184.89675004964113,0.013925212560386473,0.011,5.436,True,True,False,False,0.0,0.0,200.29950952802125,189.95738522151646,0.6633432499798987,546.3131920881241,937.2334300876416
2025-01-29T04:30:00Z,2025-01-29T04:45:00Z,2025-01-29,2025-01-29_6,0.0,100,100,0,184.89675004964113,186.92903004964114,0.0056452222222222225,0.0,2.209,True,True,False,False,0.0,0.0,200.29950952802125,189.95738522151646,0.0,-82.1536815550374,308.1032131945003
2025-01-29T04:45:00Z,2025-01-29T05:00:00Z,2025-01-29,2025-01-29_6,0.0,100,100,0,186.92903004964114,183.619373527902,0.009206268115942029,3.047,0.0025,True,True,False,False,0.0,0.0,200.29950952802125,189.95738522151646,561.7276919675163,-0.17588646779770042,951.8087002492563
2025-01-29T05:00:00Z,2025-01-29T05:15:00Z,2025-01-29,2025-01-29_7,1.9722465494193528,98,100,0,183.619373527902,189.6029508761053,0.018826876655536992,0.01176,7.075000000000001,True,True,False,False,70.54725907273026,0.0,194.1659966229798,189.95738522151646,1.339552126718662,1709.1426841280054,2165.1528771719504
2025-01-29T05:15:00Z,2025-01-29T05:30:00Z,2025-01-29,2025-01-29_7,1.9722465494193528,98,100,0,189.6029508761053,189.3376818099855,0.002237445582875721,0.00539,0.2995,True,True,False,False,70.54725907273026,0.0,194.1659966229798,189.95738522151646,0.32503819249015037,-15.523212390447856,439.4724667192688
2025-01-29T05:30:00Z,2025-01-29T05:45:00Z,2025-01-29,2025-01-29_7,1.9722465494193528,98,100,0,189.3376818099855,188.76290616585982,0.001877176225781049,0.08330000000000001,0.05600000000000001,True,True,False,False,70.54725907273026,0.0,194.1659966229798,189.95738522151646,11.721074214038758,-3.9097000884457676,462.4820150428195
2025-01-29T05:45:00Z,2025-01-29T06:00:00Z,2025-01-29,2025-01-29_7,1.9722465494193528,98,100,0,188.76290616585982,188.2296459565222,0.0021200925525907523,0.10584,0.1275,True,True,False,False,70.54725907273026,0.0,194.1659966229798,189.95738522151646,14.892659001366889,-7.229425303529789,462.3338746150636
2025-01-29T06:00:00Z,2025-01-29T06:15:00Z,2025-01-29,2025-01-29_8,100.0,0,100,0,188.2296459565222,161.6193198695657,0.07391757246376812,0.0,0.5185,True,True,False,False,4312.75,0.0,0.0,189.95738522151646,0.0,-23.984846124467314,4478.722539097049
2025-01-29T06:15:00Z,2025-01-29T06:30:00Z,2025-01-29,2025-01-29_8,100.0,0,100,0,161.6193198695657,134.6443198695657,0.07493055555555556,0.0,0.183,True,True,False,False,4312.75,0.0,0.0,189.95738522151646,0.0,-10.23255748974833,4492.4748277317685
2025-01-29T06:30:00Z,2025-01-29T06:45:00Z,2025-01-29,2025-01-29_8,100.0,0,100,0,134.6443198695657,108.53236334782656,0.07253321256038646,0.0,0.9769999999999999,True,True,False,False,4312.75,0.0,0.0,189.95738522151646,0.0,-72.51516784594354,4430.192217375573
2025-01-29T06:45:00Z,2025-01-29T07:00:00Z,2025-01-29,2025-01-29_8,100.0,0,100,0,108.53236334782656,88.92747204347873,0.05445803140096618,0.0,6.9635,True,True,False,False,4312.75,0.0,0.0,189.95738522151646,0.0,1532.5914911152208,6035.2988763367375
2025-01-29T07:00:00Z,2025-01-29T07:15:00Z,2025-01-29,2025-01-29_9,74.99999999999984,25,100,0,88.92747204347873,77.31699682608746,0.042978903381642466,0.00475,8.3955,True,True,False,False,2725.1249999999945,0.0,49.47183806384176,189.53525769880196,0.6683685776312616,4276.21353159926,7241.013995939529
2025-01-29T07:15:00Z,2025-01-29T07:30:00Z,2025-01-29,2025-01-29_9,74.99999999999984,25,100,0,77.31699682608746,56.813141391304896,0.056977515096618234,0.130375,0.0175,True,True,False,False,2725.1249999999945,0.0,49.47183806384176,189.53525769880196,18.344958591300152,-1.231205274583903,2981.2458490793547
2025-01-29T07:30:00Z,2025-01-29T07:45:00Z,2025-01-29,2025-01-29_9,74.99999999999984,25,100,0,56.813141391304896,37.94513617391364,0.05426007004830907,0.0,1.447,True,True,False,False,2725.1249999999945,0.0,49.47183806384176,189.53525769880196,0.0,-57.8695288252794,2906.2625669373588
2025-01-29T07:45:00Z,2025-01-29T08:00:00Z,2025-01-29,2025-01-29_9,74.99999999999984,25,100,0,37.94513617391364,25.4911074782615,0.044284551932367106,0.0,7.5835,True,True,False,False,2725.1249999999945,0.0,49.47183806384176,189.53525769880196,0.0,22.685866165473985,2986.8179619281123
2025-01-29T08:00:00Z,2025-01-29T08:15:00Z,2025-01-29,2025-01-29_10,73.00000000000014,27,100,0,25.4911074782615,11.854368486957116,0.04609221053140103,0.0,5.951,True,True,False,False,2475.4300000000044,0.0,53.4295851089491,189.53525769880196,0.0,-49.62197113451796,2668.7728716732377
2025-01-29T08:15:00Z,2025-01-29T08:30:00Z,2025-01-29,2025-01-29_10,73.00000000000014,27,100,0,11.854368486957116,13.40769360000056,0.02401729801932362,0.0,20.5305,True,True,False,False,2475.4300000000044,0.0,53.4295851089491,189.53525769880196,0.0,8750.871820676208,11469.266663483962
2025-01-29T08:30:00Z,2025-01-29T08:45:00Z,2025-01-29,2025-01-29_10,73.00000000000014,27,100,0,13.40769360000056,10.99146253913096,0.029786042946859874,0.0,16.7205,True,True,False,False,2475.4300000000044,0.0,53.4295851089491,189.53525769880196,0.0,1115.6702201093512,3834.065062917107
2025-01-29T08:45:00Z,2025-01-29T09:00:00Z,2025-01-29,2025-01-29_10,73.00000000000014,27,100,0,10.99146253913096,10.000000000000494,0.027715502608695614,0.0,18.088,True,True,False,False,2475.4300000000044,0.0,53.4295851089491,189.53525769880196,0.0,1467.3575492482112,4185.752392055967
2025-01-29T09:00:00Z,2025-01-29T09:15:00Z,2025-01-29,2025-01-29_11,0.0,100,100,0,10.000000000000494,12.22538434782658,0.007549376811594204,0.2265,2.6865,True,True,False,False,0.0,0.0,197.88735225536703,189.53525769880196,30.50173896438048,-44.08521226983999,373.8391366487095
2025-01-29T09:15:00Z,2025-01-29T09:30:00Z,2025-01-29,2025-01-29_11,0.0,100,100,0,12.22538434782658,14.362803478261362,0.006094280193236715,0.026,2.354,True,True,False,False,0.0,0.0,197.88735225536703,189.53525769880196,2.289738280935917,-34.22167484119965,355.49067339390524
2025-01-29T09:30:00Z,2025-01-29T09:45:00Z,2025-01-29,2025-01-29_11,0.0,100,100,0,14.362803478261362,25.636943478261365,0.031317055555555556,0.0,12.2545,True,True,False,False,0.0,0.0,197.88735225536703,189.53525769880196,0.0,86.91314696068184,474.33575691485083
2025-01-29T09:45:00Z,2025-01-29T10:00:00Z,2025-01-29,2025-01-29_11,0.0,100,100,0,25.636943478261365,44.680483478261365,0.05289872222222222,0.0,20.6995,True,True,False,False,0.0,0.0,197.88735225536703,189.53525769880196,0.0,11459.870326445283,11847.292936399452
2025-01-29T10:00:00Z,2025-01-29T10:15:00Z,2025-01-29,2025-01-29_12,0.0,100,100,0,44.680483478261365,56.18508347826136,0.03195722222222222,0.0,12.504999999999999,True,True,False,False,0.0,0.0,197.88735225536703,189.53525769880196,0.0,284.33868396719464,671.7612939213636
2025-01-29T10:15:00Z,2025-01-29T10:30:00Z,2025-01-29,2025-01-29_12,0.0,100,100,0,56.18508347826136,67.27430347826136,0.03080338888888889,0.0,12.0535,True,True,False,False,0.0,0.0,197.88735225536703,189.53525769880196,0.0,5124.176709415454,5511.599319369623
2025-01-29T10:30:00Z,2025-01-29T10:45:00Z,2025-01-29,2025-01-29_12,0.0,100,100,0,67.27430347826136,82.20176347826136,0.04146516666666667,0.0,16.2255,True,True,False,False,0.0,0.0,197.88735225536703,189.53525769880196,0.0,4687.427186319048,5074.849796273217
2025-01-29T10:45:00Z,2025-01-29T11:00:00Z,2025-01-29,2025-01-29_12,0.0,100,100,0,82.20176347826136,95.52244347826135,0.03700188888888889,0.0,14.479000000000001,True,True,False,False,0.0,0.0,197.88735225536703,189.53525769880196,0.0,693.177613773418,1080.600223727587
2025-01-29T11:00:00Z,2025-01-29T11:15:00Z,2025-01-29,2025-01-29_13,0.0,100,100,0,95.52244347826135,106.03620347826136,0.02920488888888889,0.0,11.428,True,True,False,False,0.0,0.0,197.88735225536703,189.53525769880196,0.0,151.781427193053,539.2040371472219
2025-01-29T11:15:00Z,2025-01-29T11:30:00Z,2025-01-29,2025-01-29_13,0.0,100,100,0,106.03620347826136,120.62694347826135,0.04052983333333334,0.0,15.8595,True,True,False,False,0.0,0.0,197.88735225536703,189.53525769880196,0.0,1106.1800408056606,1493.6026507598297
2025-01-29T11:30:00Z,2025-01-29T11:45:00Z,2025-01-29,2025-01-29_13,0.0,100,100,0,120.62694347826135,126.42938347826136,0.01611788888888889,0.0,6.307,True,True,False,False,0.0,0.0,197.88735225536703,189.53525769880196,0.0,-79.34081249497467,308.0817974591943
2025-01-29T11:45:00Z,2025-01-29T12:00:00Z,2025-01-29,2025-01-29_13,0.0,100,100,0,126.42938347826136,139.71878347826134,0.036915,0.0,14.445,True,True,False,False,0.0,0.0,197.88735225536703,189.53525769880196,0.0,1141.3838063841763,1528.8064163383453
2025-01-29T12:00:00Z,2025-01-29T12:15:00Z,2025-01-29,2025-01-29_14,0.0,100,100,0,139.71878347826134,153.87896347826134,0.03933383333333333,0.0,15.391499999999999,True,True,False,False,0.0,0.0,197.88735225536703,189.53525769880196,0.0,1120.4255852496583,1507.8481952038273
2025-01-29T12:15:00Z,2025-01-29T12:30:00Z,2025-01-29,2025-01-29_14,0.0,100,100,0,153.87896347826134,153.21322956521786,0.0031628164251207725,0.83,0.257,True,True,False,False,0.0,0.0,197.88735225536703,189.53525769880196,115.03394910348153,-12.921807911875854,489.5347511457747
2025-01-29T12:30:00Z,2025-01-29T12:45:00Z,2025-01-29,2025-01-29_14,0.0,100,100,0,153.21322956521786,149.92455913043526,0.009137751207729467,3.026,0.0005,True,True,False,False,0.0,0.0,197.88735225536703,189.53525769880196,483.79990672991875,-0.035177293559540086,871.1873393905282
2025-01-29T12:45:00Z,2025-01-29T13:00:00Z,2025-01-29,2025-01-29_14,0.0,100,100,0,149.92455913043526,150.6265208695657,0.0019831062801932368,0.0055,0.7695,True,True,False,False,0.0,0.0,197.88735225536703,189.53525769880196,0.33167162498994934,-33.39068203746884,354.3635995416901
2025-01-29T13:00:00Z,2025-01-29T13:15:00Z,2025-01-29,2025-01-29_15,-46.0,100,54,0,150.6265208695657,162.9527728695657,0.03423958888888889,0.0,1.8981000000000001,True,True,False,False,-1115.73,0.0,197.88735225536703,102.34903915735305,0.0,-65.36403503658438,-880.8576436238643
2025-01-29T13:15:00Z,2025-01-29T13:30:00Z,2025-01-29,2025-01-29_15,-46.0,100,54,0,162.9527728695657,166.86134318260918,0.03241311801932367,6.6105,0.00675,True,True,False,False,-1115.73,0.0,197.88735225536703,102.34903915735305,1295.5267148428077,-0.4748934630537911,479.55821279247397
2025-01-29T13:30:00Z,2025-01-29T13:45:00Z,2025-01-29,2025-01-29_15,-46.0,100,54,0,166.86134318260918,170.59248196521787,0.03247297004830918,6.78,0.0,True,True,False,False,-1115.73,0.0,197.88735225536703,102.34903915735305,1278.6803610195386,0.0,463.1867524322587
2025-01-29T13:45:00Z,2025-01-29T14:00:00Z,2025-01-29,2025-01-29_15,-46.0,100,54,0,170.59248196521787,167.26212158260918,0.035652803285024154,13.7705,0.0,True,True,False,False,-1115.73,0.0,197.88735225536703,102.34903915735305,9916.4872638096,0.0,9100.99365522232
2025-01-29T14:00:00Z,2025-01-29T14:15:00Z,2025-01-29,2025-01-29_16,0.0,100,100,0,167.26212158260918,179.31946506087004,0.03411460144927537,0.103,13.227500000000001,True,True,False,False,0.0,0.0,197.88735225536703,189.53525769880196,17.199082777197074,2280.411640668972,2685.033333400338
2025-01-29T14:15:00Z,2025-01-29T14:30:00Z,2025-01-29,2025-01-29_16,0.0,100,100,0,179.31946506087004,188.12340506087006,0.02445538888888889,0.0,9.5695,True,True,False,False,0.0,0.0,197.88735225536703,189.53525769880196,0.0,218.74159614456863,606.1642060987376
2025-01-29T14:30:00Z,2025-01-29T14:45:00Z,2025-01-29,2025-01-29_16,0.0,100,100,0,188.12340506087006,189.74921897391354,0.004642961352657005,0.021,1.7920000000000003,True,True,False,False,0.0,0.0,197.88735225536703,189.53525769880196,2.9548926590013673,-75.83544584706924,314.5420567661011
2025-01-29T14:45:00Z,2025-01-29T15:00:00Z,2025-01-29,2025-01-29_16,0.0,100,100,0,189.74921897391354,189.94213288695704,0.0006626835748792271,0.021,0.2345,True,True,False,False,0.0,0.0,197.88735225536703,189.53525769880196,2.9548926590013673,-14.862618296212911,375.5148843169574
2025-01-29T15:00:00Z,2025-01-29T15:15:00Z,2025-01-29,2025-01-29_17,100.0,0,100,0,189.94213288695704,176.10028506087008,0.03844957729468598,0.0,12.2655,True,True,False,False,4353.75,0.0,0.0,189.95738522151646,0.0,7758.700459716973,12302.407844938489
2025-01-29T15:15:00Z,2025-01-29T15:30:00Z,2025-01-29,2025-01-29_17,100.0,0,100,0,176.10028506087008,149.1106111478266,0.07497131642512077,0.0,0.1695,True,True,False,False,4353.75,0.0,0.0,189.95738522151646,0.0,-11.917061590415695,4531.7903236311
2025-01-29T15:30:00Z,2025-01-29T15:45:00Z,2025-01-29,2025-01-29_17,100.0,0,100,0,149.1106111478266,121.9497415826092,0.07544685990338165,0.0,0.012,True,True,False,False,4353.75,0.0,0.0,189.95738522151646,0.0,-0.8683766181555038,4542.8390086033605
2025-01-29T15:45:00Z,2025-01-29T16:00:00Z,2025-01-29,2025-01-29_17,100.0,0,100,0,121.9497415826092,94.77582853913094,0.07548309178743962,0.0,0.0,True,True,False,False,4353.75,0.0,0.0,189.95738522151646,0.0,0.0,4543.707385221516
2025-01-29T16:00:00Z,2025-01-29T16:15:00Z,2025-01-29,2025-01-29_18,66.0,34,100,0,94.77582853913094,79.5454199652179,0.046976099371980676,0.05865,2.687,True,True,False,False,2887.665,0.0,67.36371311409503,189.95738522151646,7.7195109250623135,-86.51191545388758,3066.193693806786
2025-01-29T16:15:00Z,2025-01-29T16:30:00Z,2025-01-29,2025-01-29_18,66.0,34,100,0,79.5454199652179,61.63666803478313,0.049853406473429944,0.03434,0.0615,True,True,False,False,2887.665,0.0,67.36371311409503,189.95738522151646,3.6154191284071717,-4.16790202621211,3144.4336154378066
2025-01-29T16:30:00Z,2025-01-29T16:45:00Z,2025-01-29,2025-01-29_18,66.0,34,100,0,61.63666803478313,43.74757008695704,0.04980141874396136,0.017679999999999998,0.063,True,True,False,False,2887.665,0.0,67.36371311409503,189.95738522151646,2.4877382005306745,-4.3093225858325965,3143.1645139503094
2025-01-29T16:45:00Z,2025-01-29T17:00:00Z,2025-01-29,2025-01-29_18,66.0,34,100,0,43.74757008695704,25.845925060870087,0.0498154184057971,0.017849999999999998,0.05099999999999999,True,True,False,False,2887.665,0.0,67.36371311409503,189.95738522151646,2.5116587601511617,-3.5880839430730878,3143.9096731526897
2025-01-29T17:00:00Z,2025-01-29T17:15:00Z,2025-01-29,2025-01-29_19,0.0,100,100,0,25.845925060870087,25.785650278261393,0.00034887439613526575,0.0855,0.0355,True,True,False,False,0.0,0.0,200.29950952802125,189.95738522151646,12.030634397362709,-2.4975878427273455,399.78994130417306
2025-01-29T17:15:00Z,2025-01-29T17:30:00Z,2025-01-29,2025-01-29_19,0.0,100,100,0,25.785650278261393,25.72850853913096,0.00029417149758454103,0.075,0.0265,True,True,False,False,0.0,0.0,200.29950952802125,189.95738522151646,10.553188067862024,-1.8490179504703705,398.96106486692935
2025-01-29T17:30:00Z,2025-01-29T17:45:00Z,2025-01-29,2025-01-29_19,0.0,100,100,0,25.72850853913096,25.82925201739183,0.000346268115942029,0.011,0.1225,True,True,False,False,0.0,0.0,200.29950952802125,189.95738522151646,1.5478009166197635,-8.341637352255367,383.4630583139021
2025-01-29T17:45:00Z,2025-01-29T18:00:00Z,2025-01-29,2025-01-29_19,0.0,100,100,0,25.82925201739183,25.264499843478788,0.0016709782608695651,0.5365,0.02,True,True,False,False,0.0,0.0,200.29950952802125,189.95738522151646,75.49047197877302,-1.396840073972823,464.3505266543379
2025-01-29T18:00:00Z,2025-01-29T18:15:00Z,2025-01-29,2025-01-29_20,0.0,100,100,0,25.264499843478788,23.26424940869618,0.005563917874396135,1.8415000000000001,0.0015,True,True,False,False,0.0,0.0,198.12856798263246,189.95738522151646,327.79536574334645,-0.10553188067862025,715.7757870668167
2025-01-29T18:15:00Z,2025-01-29T18:30:00Z,2025-01-29,2025-01-29_20,0.0,100,100,0,23.26424940869618,23.019099843478788,0.0006988599033816425,0.2285,0.0035000000000000005,True,True,False,False,0.0,0.0,198.12856798263246,189.95738522151646,32.15204631341964,-0.2462410549167806,419.9917584626518
2025-01-29T18:30:00Z,2025-01-29T18:45:00Z,2025-01-29,2025-01-29_20,0.0,100,100,0,23.019099843478788,22.72621288695705,0.000928574879227053,0.2885,0.0225,True,True,False,False,0.0,0.0,198.12856798263246,189.95738522151646,40.594596767709255,-1.4548338626678459,427.22571610919033
2025-01-29T18:45:00Z,2025-01-29T19:00:00Z,2025-01-29,2025-01-29_20,0.0,100,100,0,22.72621288695705,24.531130278261397,0.0050680072463768116,0.009,1.9725,True,True,False,False,0.0,0.0,198.12856798263246,189.95738522151646,1.2663825681434429,-79.11529860496904,310.2370371673233
2025-01-29T19:00:00Z,2025-01-29T19:15:00Z,2025-01-29,2025-01-29_21,0.0,100,100,0,24.531130278261397,24.921550278261396,0.0035844999999999996,0.414,0.9134999999999999,True,True,False,False,0.0,0.0,198.12856798263246,189.95738522151646,58.25359813459837,-38.848723064243785,407.4908282745035
2025-01-29T19:15:00Z,2025-01-29T19:30:00Z,2025-01-29,2025-01-29_21,0.0,100,100,0,24.921550278261396,28.021950278261397,0.008612222222222223,0.0,3.37,True,True,False,False,0.0,0.0,198.12856798263246,189.95738522151646,0.0,-131.18938248773821,256.8965707164107
2025-01-29T19:30:00Z,2025-01-29T19:45:00Z,2025-01-29,2025-01-29_21,0.0,100,100,0,28.021950278261397,27.029199843478786,0.0030847512077294688,0.9674999999999999,0.064,True,True,False,False,0.0,0.0,198.12856798263246,189.95738522151646,136.1361260754201,-4.050417303208169,520.1716619763608
2025-01-29T19:45:00Z,2025-01-29T20:00:00Z,2025-01-29,2025-01-29_21,0.0,100,100,0,27.029199843478786,29.965800713044004,0.008208553140096619,0.0085,3.202,True,True,False,False,0.0,0.0,198.12856798263246,189.95738522151646,1.1960279810243628,-71.39491959475757,317.8870615904157
2025-01-29T20:00:00Z,2025-01-29T20:15:00Z,2025-01-29,2025-01-29_22,0.0,100,100,0,29.965800713044004,26.2180354956527,0.01476768115942029,4.1695,0.8524999999999999,True,True,False,False,0.0,0.0,198.12856798263246,189.95738522151646,795.3345555600226,-30.98443706279649,1152.436071701375
2025-01-29T20:15:00Z,2025-01-29T20:30:00Z,2025-01-29,2025-01-29_22,0.0,100,100,0,26.2180354956527,23.599013756522265,0.0072750603864734295,2.4095,0.0,True,True,False,False,0.0,0.0,198.12856798263246,189.95738522151646,422.99685967275065,0.0,811.0828128768995
2025-01-29T20:30:00Z,2025-01-29T20:45:00Z,2025-01-29,2025-01-29_22,0.0,100,100,0,23.599013756522265,22.86573897391357,0.002090541062801932,0.6835,0.0105,True,True,False,False,0.0,0.0,198.12856798263246,189.95738522151646,87.45071168690198,-0.7387231647503418,474.79794172630056
2025-01-29T20:45:00Z,2025-01-29T21:00:00Z,2025-01-29,2025-01-29_22,0.0,100,100,0,22.86573897391357,24.610330278261394,0.005235579710144927,0.0645,1.9725,True,True,False,False,0.0,0.0,198.12856798263246,189.95738522151646,5.1358844576666405,-37.505572083299825,355.71626557851573
2025-01-29T21:00:00Z,2025-01-29T21:15:00Z,2025-01-29,2025-01-29_23,0.0,100,100,0,24.610330278261394,15.429201582609222,0.028219690821256038,8.8965,0.5315,True,True,False,False,0.0,0.0,198.12856798263246,191.76650317600706,1879.8014077952882,-19.923878145855106,2249.7726008080726
2025-01-29T21:15:00Z,2025-01-29T21:30:00Z,2025-01-29,2025-01-29_23,0.0,100,100,0,15.429201582609222,12.655665060870092,0.00770937922705314,2.5525,0.001,True,True,False,False,0.0,0.0,198.12856798263246,191.76650317600706,448.5879703706682,-0.07035458711908017,838.4126869421887
2025-01-29T21:30:00Z,2025-01-29T21:45:00Z,2025-01-29,2025-01-29_23,0.0,100,100,0,12.655665060870092,10.077939843478788,0.0078094589371980674,2.479,0.127,True,True,False,False,0.0,0.0,198.12856798263246,191.76650317600706,472.5826710621533,-7.747056163061831,854.730686057731
2025-01-29T21:45:00Z,2025-01-29T22:00:00Z,2025-01-29,2025-01-29_23,0.0,100,100,0,10.077939843478788,14.708759843478788,0.01286338888888889,0.0,5.0335,True,True,False,False,0.0,0.0,198.12856798263246,191.76650317600706,0.0,-136.19023217013748,253.70483898850205
2025-01-29T22:00:00Z,2025-01-29T22:15:00Z,2025-01-30,2025-01-29_24,4.27001327200088,0,0,0,14.708759843478788,13.548430150000287,0.0032231380374402774,0.0,0.0,True,False,False,False,112.03447322412309,0.0,0.0,0.0,0.0,0.0,112.03447322412309
2025-01-29T22:15:00Z,2025-01-29T22:30:00Z,2025-01-30,2025-01-29_24,4.27001327200088,0,0,0,13.548430150000287,12.388100456521787,0.0032231380374402774,0.0,0.0,True,False,False,False,112.03447322412309,0.0,0.0,0.0,0.0,0.0,112.03447322412309
2025-01-29T22:30:00Z,2025-01-29T22:45:00Z,2025-01-30,2025-01-29_24,4.27001327200088,0,0,0,12.388100456521787,11.227770763043287,0.0032231380374402774,0.0,0.0,True,False,False,False,112.03447322412309,0.0,0.0,0.0,0.0,0.0,112.03447322412309
2025-01-29T22:45:00Z,2025-01-29T23:00:00Z,2025-01-30,2025-01-29_24,4.27001327200088,0,0,0,11.227770763043287,10.067441069564786,0.0032231380374402774,0.0,0.0,True,False,False,False,112.03447322412309,0.0,0.0,0.0,0.0,0.0,112.03447322412309
2025-01-29T23:00:00Z,2025-01-29T23:15:00Z,2025-01-30,2025-01-30_1,49.00000000000077,51,100,0,10.067441069564786,11.863005139129815,0.03432997869565211,0.0,15.083499999999999,True,True,False,False,1225.612500000019,0.0,101.02323197813459,189.91539219035752,0.0,2962.033338893466,4478.584463061977
2025-01-29T23:15:00Z,2025-01-29T23:30:00Z,2025-01-30,2025-01-30_1,49.00000000000077,51,100,0,11.863005139129815,10.572998426086144,0.03487247531400973,0.0,12.0035,True,True,False,False,1225.612500000019,0.0,101.02323197813459,189.91539219035752,0.0,146.49823177716593,1663.049355945677
2025-01-29T23:30:00Z,2025-01-29T23:45:00Z,2025-01-30,2025-01-30_1,49.00000000000077,51,100,0,10.572998426086144,11.075227469564215,0.03455736932367148,0.0,13.792499999999999,True,True,False,False,1225.612500000019,0.0,101.02323197813459,189.91539219035752,0.0,9520.187266625131,11036.738390793642
2025-01-29T23:45:00Z,2025-01-30T00:00:00Z,2025-01-30,2025-01-30_1,49.00000000000077,51,100,0,11.075227469564215,11.283926565216198,0.034608976956521736,0.0,13.499500000000001,True,True,False,False,1225.612500000019,0.0,101.02323197813459,189.91539219035752,0.0,1333.1349713619647,2849.686095530476
2025-01-30T00:00:00Z,2025-01-30T00:15:00Z,2025-01-30,2025-01-30_2,0.0,100,100,0,11.283926565216198,15.863686565216199,0.012721555555555557,0.0,4.978,True,True,False,False,0.0,0.0,198.08476858457763,189.91539219035752,0.0,-17.531395727406096,370.4687650475291
2025-01-30T00:15:00Z,2025-01-30T00:30:00Z,2025-01-30,2025-01-30_2,0.0,100,100,0,15.863686565216199,29.2588865652162,0.03720888888888889,0.0,14.56,True,True,False,False,0.0,0.0,198.08476858457763,189.91539219035752,0.0,5409.078478265238,5797.078639040174
2025-01-30T00:30:00Z,2025-01-30T00:45:00Z,2025-01-30,2025-01-30_2,0.0,100,100,0,29.2588865652162,40.9709465652162,0.0325335,0.0,12.7305,True,True,False,False,0.0,0.0,198.08476858457763,189.91539219035752,0.0,688.5123309351071,1076.5124917100422
2025-01-30T00:45:00Z,2025-01-30T01:00:00Z,2025-01-30,2025-01-30_2,0.0,100,100,0,40.9709465652162,57.3768465652162,0.04557194444444444,0.0,17.8325,True,True,False,False,0.0,0.0,198.08476858457763,189.91539219035752,0.0,1427.1196471995015,1815.1198079744368
2025-01-30T01:00:00Z,2025-01-30T01:15:00Z,2025-01-30,2025-01-30_3,0.0,100,100,0,57.3768465652162,73.0016665652162,0.043402277777777776,0.0,16.9835,True,True,False,False,0.0,0.0,198.08476858457763,189.91539219035752,0.0,3916.7755298538955,4304.7756906288305
2025-01-30T01:15:00Z,2025-01-30T01:30:00Z,2025-01-30,2025-01-30_3,0.0,100,100,0,73.0016665652162,87.9562665652162,0.04154055555555555,0.0,16.255,True,True,False,False,0.0,0.0,198.08476858457763,189.91539219035752,0.0,1015.6083753692797,1403.608536144215
2025-01-30T01:30:00Z,2025-01-30T01:45:00Z,2025-01-30,2025-01-30_3,0.0,100,100,0,87.9562665652162,105.1188665652162,0.04767388888888889,0.0,18.655,True,True,False,False,0.0,0.0,198.08476858457763,189.91539219035752,0.0,3172.8908679836813,3560.8910287586164
2025-01-30T01:45:00Z,2025-01-30T02:00:00Z,2025-01-30,2025-01-30_3,0.0,100,100,0,105.1188665652162,115.00334656521619,0.02745688888888889,0.0,10.744,True,True,False,False,0.0,0.0,198.08476858457763,189.91539219035752,0.0,71.2840724291083,459.28423320404346
2025-01-30T02:00:00Z,2025-01-30T02:15:00Z,2025-01-30,2025-01-30_4,0.0,100,100,0,115.00334656521619,121.8780465652162,0.019096388888888892,0.0,7.4725,True,True,False,False,0.0,0.0,198.08476858457763,189.91539219035752,0.0,-75.42481008460781,312.57535069032735
2025-01-30T02:15:00Z,2025-01-30T02:30:00Z,2025-01-30,2025-01-30_4,0.0,100,100,0,121.8780465652162,128.34196656521618,0.017955333333333337,0.0,7.026000000000001,True,True,False,False,0.0,0.0,198.08476858457763,189.91539219035752,0.0,-82.28322996844793,305.7169308064872
2025-01-30T02:30:00Z,2025-01-30T02:45:00Z,2025-01-30,2025-01-30_4,0.0,100,100,0,128.34196656521618,133.9893865652162,0.01568727777777778,0.0,6.1385,True,True,False,False,0.0,0.0,198.08476858457763,189.91539219035752,0.0,33.82904539882232,421.8292061737575
2025-01-30T02:45:00Z,2025-01-30T03:00:00Z,2025-01-30,2025-01-30_4,0.0,100,100,0,133.9893865652162,136.5676865652162,0.007161944444444446,0.0,2.8025,True,True,False,False,0.0,0.0,198.08476858457763,189.91539219035752,0.0,-89.33880453787253,298.6613562370626
2025-01-30T03:00:00Z,2025-01-30T03:15:00Z,2025-01-30,2025-01-30_5,0.0,100,100,0,136.5676865652162,139.92660656521622,0.009330333333333335,0.0,3.6510000000000002,True,True,False,False,0.0,0.0,200.25523020961035,189.91539219035752,0.0,-148.76069535159468,241.4099270483732
2025-01-30T03:15:00Z,2025-01-30T03:30:00Z,2025-01-30,2025-01-30_5,0.0,100,100,0,139.92660656521622,143.7381665652162,0.010587666666666667,0.0,4.143,True,True,False,False,0.0,0.0,200.25523020961035,189.91539219035752,0.0,-171.8355439217026,218.33507847826527
2025-01-30T03:30:00Z,2025-01-30T03:45:00Z,2025-01-30,2025-01-30_5,0.0,100,100,0,143.7381665652162,151.4551265652162,0.021436,0.0,8.388,True,True,False,False,0.0,0.0,200.25523020961035,189.91539219035752,0.0,-68.18421270523925,321.98640969472865
2025-01-30T03:45:00Z,2025-01-30T04:00:00Z,2025-01-30,2025-01-30_5,0.0,100,100,0,151.4551265652162,166.3214065652162,0.04129522222222222,0.0,16.159,True,True,False,False,0.0,0.0,200.25523020961035,189.91539219035752,0.0,6925.667058019655,7315.837680419623
2025-01-30T04:00:00Z,2025-01-30T04:15:00Z,2025-01-30,2025-01-30_6,26.999999999999925,73,100,0,166.3214065652162,182.31521699999882,0.04577235990338169,0.0,24.175,True,True,False,False,762.4124999999979,0.0,146.18631805301553,189.91539219035752,0.0,20669.982093691593,21768.496303934964
2025-01-30T04:15:00Z,2025-01-30T04:30:00Z,2025-01-30,2025-01-30_6,26.999999999999925,73,100,0,182.31521699999882,186.0211684782597,0.03239892922705313,0.0,11.4425,True,True,False,False,762.4124999999979,0.0,146.18631805301553,189.91539219035752,0.0,3075.166988384011,4173.6811986273815
2025-01-30T04:30:00Z,2025-01-30T04:45:00Z,2025-01-30,2025-01-30_6,26.999999999999925,73,100,0,186.0211684782597,179.1509261391293,0.02112305871980671,0.055845,0.5465,True,True,False,False,762.4124999999979,0.0,146.18631805301553,189.91539219035752,6.007655585924154,-24.35938714604393,1080.162478683251
2025-01-30T04:45:00Z,2025-01-30T05:00:00Z,2025-01-30,2025-01-30_6,26.999999999999925,73,100,0,179.1509261391293,174.17898106956412,0.023093962971014445,0.033215,2.488,True,True,False,False,762.4124999999979,0.0,146.18631805301553,189.91539219035752,2.0025523020961034,26.935041299061474,1127.4518038445285
2025-01-30T05:00:00Z,2025-01-30T05:15:00Z,2025-01-30,2025-01-30_7,1.9556864495504802,98,100,0,174.17898106956412,189.6297258454446,0.04382684243021263,0.0,17.3105,True,True,False,False,70.81051712209901,0.0,196.2501256054181,189.91539219035752,0.0,13686.357800699372,14143.333835617246
2025-01-30T05:15:00Z,2025-01-30T05:30:00Z,2025-01-30,2025-01-30_7,1.9556864495504802,98,100,0,189.6297258454446,187.12049617444248,0.009027161055864952,2.16825,0.41050000000000003,True,True,False,False,70.81051712209901,0.0,196.2501256054181,189.91539219035752,483.35821735766393,-18.099239434072228,922.2350128414663
2025-01-30T05:30:00Z,2025-01-30T05:45:00Z,2025-01-30,2025-01-30_7,1.9556864495504802,98,100,0,187.12049617444248,184.9893564261211,0.0062305241700547735,1.5243900000000001,0.062,True,True,False,False,70.81051712209901,0.0,196.2501256054181,189.91539219035752,282.80331083020155,-3.651606744508531,736.1277390035676
2025-01-30T05:45:00Z,2025-01-30T06:00:00Z,2025-01-30,2025-01-30_7,1.9556864495504802,98,100,0,184.9893564261211,184.33080586739507,0.0019545859526645757,0.13817999999999997,0.025,True,True,False,False,70.81051712209901,0.0,196.2501256054181,189.91539219035752,10.300448554030424,-1.7082336863682952,465.56824978553675
2025-01-30T06:00:00Z,2025-01-30T06:15:00Z,2025-01-30,2025-01-30_8,55.981387645703066,44,100,0,184.33080586739507,173.39054469648778,0.039998681802297285,0.051919999999999994,4.271,True,True,False,False,2161.4413770005954,0.0,88.11230129222854,189.91539219035752,7.3040053055728595,-146.2014310978918,2300.5716446908623
2025-01-30T06:15:00Z,2025-01-30T06:30:00Z,2025-01-30,2025-01-30_8,55.981387645703066,44,100,0,173.39054469648778,157.36552078239754,0.044565701641218265,0.7691199999999999,0.023,True,True,False,False,2161.4413770005954,0.0,88.11230129222854,189.91539219035752,127.87572531602319,-1.6027245322454227,2565.742071266959
2025-01-30T06:30:00Z,2025-01-30T06:45:00Z,2025-01-30,2025-01-30_8,55.981387645703066,44,100,0,157.36552078239754,142.38416608664159,0.04215258595957003,0.01034,0.239,True,True,False,False,2161.4413770005954,0.0,88.11230129222854,189.91539219035752,1.4546112261098494,-16.05741473904218,2424.866266970249
2025-01-30T06:45:00Z,2025-01-30T07:00:00Z,2025-01-30,2025-01-30_8,55.981387645703066,44,100,0,142.38416608664159,127.3028086956501,0.0422301354474705,0.01936,0.15,True,True,False,False,2161.4413770005954,0.0,88.11230129222854,189.91539219035752,2.7235274020780156,-9.90776542936956,2432.28483245589
2025-01-30T07:00:00Z,2025-01-30T07:15:00Z,2025-01-30,2025-01-30_9,100.0,0,100,0,127.3028086956501,100.23378695651965,0.07519172705314009,0.0,0.0965,True,True,False,False,4007.5000000000005,0.0,0.0,189.49335798549006,0.0,-6.405878635020799,4190.58747935047
2025-01-30T07:15:00Z,2025-01-30T07:30:00Z,2025-01-30,2025-01-30_9,100.0,0,100,0,100.23378695651965,73.22617826086748,0.07502113526570048,0.0,0.153,True,True,False,False,4007.5000000000005,0.0,0.0,189.49335798549006,0.0,-10.279555859241546,4186.713802126249
2025-01-30T07:30:00Z,2025-01-30T07:45:00Z,2025-01-30,2025-01-30_9,100.0,0,100,0,73.22617826086748,46.241939130432705,0.07495621980676329,0.0,0.1745,True,True,False,False,4007.5000000000005,0.0,0.0,189.49335798549006,0.0,-10.194146988484494,4186.799210997006
2025-01-30T07:45:00Z,2025-01-30T08:00:00Z,2025-01-30,2025-01-30_9,100.0,0,100,0,46.241939130432705,25.26096086956314,0.05828049516908213,0.0,5.6975,True,True,False,False,4007.5000000000005,0.0,0.0,189.49335798549006,0.0,-103.53261721497618,4093.4607407705143
2025-01-30T08:00:00Z,2025-01-30T08:15:00Z,2025-01-30,2025-01-30_10,0.0,100,100,0,25.26096086956314,12.149299130432704,0.03646217149758453,12.0695,0.008,True,True,False,False,0.0,0.0,197.84360618179622,189.49335798549006,3017.365297634599,-0.5546735263972347,3404.147588275488
2025-01-30T08:15:00Z,2025-01-30T08:30:00Z,2025-01-30,2025-01-30_10,0.0,100,100,0,12.149299130432704,10.092324347824007,0.005844152173913043,1.9140000000000001,0.025499999999999995,True,True,False,False,0.0,0.0,197.84360618179622,189.49335798549006,350.8014003496855,-1.7936453706867095,736.344719146285
2025-01-30T08:30:00Z,2025-01-30T08:45:00Z,2025-01-30,2025-01-30_10,0.0,100,100,0,10.092324347824007,9.99999999999792,0.000736900966183575,0.1645,0.094,True,True,False,False,0.0,0.0,197.84360618179622,189.49335798549006,23.141542233565787,-6.402858578347635,404.07564782250444
2025-01-30T08:45:00Z,2025-01-30T09:00:00Z,2025-01-30,2025-01-30_10,0.0,100,100,0,9.99999999999792,14.07697999999792,0.011324944444444445,0.0,4.4315,True,True,False,False,0.0,0.0,197.84360618179622,189.49335798549006,0.0,-48.96567485279045,338.3712893144958
2025-01-30T09:00:00Z,2025-01-30T09:15:00Z,2025-01-30,2025-01-30_11,17.849312139091456,82,100,0,14.07697999999792,11.267233831111206,0.016855391750766058,0.006149999999999999,2.1555,True,True,False,False,587.8224720206293,0.0,162.2317570690729,196.69808476858458,0.7992528085371489,-44.660379730300036,902.8911869365239
2025-01-30T09:15:00Z,2025-01-30T09:30:00Z,2025-01-30,2025-01-30_11,17.849312139091456,82,100,0,11.267233831111206,9.999999999997979,0.019360115773028708,0.0,3.7725,True,True,False,False,587.8224720206293,0.0,162.2317570690729,196.69808476858458,0.0,-81.64184619867763,865.1104676596092
2025-01-30T09:30:00Z,2025-01-30T09:45:00Z,2025-01-30,2025-01-30_11,17.849312139091456,82,100,0,9.999999999997979,10.989996520808985,0.023070609808891897,0.00041000000000000005,6.1495,True,True,False,False,587.8224720206293,0.0,162.2317570690729,196.69808476858458,0.024719146285094157,395.6496772443176,1342.4267102488895
2025-01-30T09:45:00Z,2025-01-30T10:00:00Z,2025-01-30,2025-01-30_11,17.849312139091456,82,100,0,10.989996520808985,27.052824267640574,0.047832596648366796,0.0,22.0185,True,True,False,False,587.8224720206293,0.0,162.2317570690729,196.69808476858458,0.0,8722.461575292911,9669.213889151199
2025-01-30T10:00:00Z,2025-01-30T10:15:00Z,2025-01-30,2025-01-30_12,16.543435063188348,83,100,0,27.052824267640574,32.42537005888599,0.02949564746053658,0.0,10.4135,True,True,False,False,509.74459288449094,0.0,164.21019313089087,196.69808476858458,0.0,1542.4448826342973,2413.097753418264
2025-01-30T10:15:00Z,2025-01-30T10:30:00Z,2025-01-30,2025-01-30_12,16.543435063188348,83,100,0,32.42537005888599,48.667595003203765,0.048230174583062356,0.0,21.884,True,True,False,False,509.74459288449094,0.0,164.21019313089087,196.69808476858458,0.0,16854.74814847565,17725.401019259618
2025-01-30T10:30:00Z,2025-01-30T10:45:00Z,2025-01-30,2025-01-30_12,16.543435063188348,83,100,0,48.667595003203765,57.627357605743846,0.03567842523154231,0.0,14.199,True,True,False,False,509.74459288449094,0.0,164.21019313089087,196.69808476858458,0.0,6376.7432490604715,7247.396119844438
2025-01-30T10:45:00Z,2025-01-30T11:00:00Z,2025-01-30,2025-01-30_12,16.543435063188348,83,100,0,57.627357605743846,60.26838775610777,0.02478772065432233,0.0,7.531000000000001,True,True,False,False,509.74459288449094,0.0,164.21019313089087,196.69808476858458,0.0,81.71813802528186,952.3710088092482
2025-01-30T11:00:00Z,2025-01-30T11:15:00Z,2025-01-30,2025-01-30_13,0.0,100,100,0,60.26838775610777,81.09304775610778,0.05784627777777778,0.0,22.6355,True,True,False,False,0.0,0.0,197.84360618179622,196.69808476858458,0.0,11617.48534335497,12012.02703430535
2025-01-30T11:15:00Z,2025-01-30T11:30:00Z,2025-01-30,2025-01-30_13,0.0,100,100,0,81.09304775610778,96.25832775610778,0.04212577777777778,0.0,16.484,True,True,False,False,0.0,0.0,197.84360618179622,196.69808476858458,0.0,3671.854976989088,4066.3966679394684
2025-01-30T11:30:00Z,2025-01-30T11:45:00Z,2025-01-30,2025-01-30_13,0.0,100,100,0,96.25832775610778,107.92116775610778,0.03239677777777778,0.0,12.677,True,True,False,False,0.0,0.0,197.84360618179622,196.69808476858458,0.0,655.2989163769367,1049.8406073273175
2025-01-30T11:45:00Z,2025-01-30T12:00:00Z,2025-01-30,2025-01-30_13,0.0,100,100,0,107.92116775610778,117.89488775610778,0.02770477777777778,0.0,10.841,True,True,False,False,0.0,0.0,197.84360618179622,196.69808476858458,0.0,493.0074328262224,887.5491237766032
2025-01-30T12:00:00Z,2025-01-30T12:15:00Z,2025-01-30,2025-01-30_14,0.0,100,100,0,117.89488775610778,132.66180775610778,0.04101922222222222,0.0,16.051,True,True,False,False,0.0,0.0,197.84360618179622,196.69808476858458,0.0,1255.1095562611788,1649.6512472115596
2025-01-30T12:15:00Z,2025-01-30T12:30:00Z,2025-01-30,2025-01-30_14,0.0,100,100,0,132.66180775610778,145.58918775610778,0.03590938888888889,0.0,14.0515,True,True,False,False,0.0,0.0,197.84360618179622,196.69808476858458,0.0,426.9810291605539,821.5227201109346
2025-01-30T12:30:00Z,2025-01-30T12:45:00Z,2025-01-30,2025-01-30_14,0.0,100,100,0,145.58918775610778,159.89242775610776,0.03973122222222222,0.0,15.547,True,True,False,False,0.0,0.0,197.84360618179622,196.69808476858458,0.0,948.217338370948,1342.7590293213289
2025-01-30T12:45:00Z,2025-01-30T13:00:00Z,2025-01-30,2025-01-30_14,0.0,100,100,0,159.89242775610776,174.28076775610776,0.039967611111111113,0.0,15.6395,True,True,False,False,0.0,0.0,197.84360618179622,196.69808476858458,0.0,3621.8993757913145,4016.441066741695
2025-01-30T13:00:00Z,2025-01-30T13:15:00Z,2025-01-30,2025-01-30_15,20.999999999999787,79,100,0,174.28076775610776,188.59423196480347,0.0448802749758455,0.0,20.962,True,True,False,False,681.9749999999931,0.0,156.296448883619,189.49335798549006,0.0,16031.407660925659,17059.17246779476
2025-01-30T13:15:00Z,2025-01-30T13:30:00Z,2025-01-30,2025-01-30_15,20.999999999999787,79,100,0,188.59423196480347,184.5394441126296,0.01826278736714962,0.0035549999999999996,1.7335,True,True,False,False,681.9749999999931,0.0,156.296448883619,189.49335798549006,0.4683578005988866,-59.78744267368718,968.4457219960138
2025-01-30T13:30:00Z,2025-01-30T13:45:00Z,2025-01-30,2025-01-30_15,20.999999999999787,79,100,0,184.5394441126296,181.74776814741227,0.02007795323671485,0.0,3.052,True,True,False,False,681.9749999999931,0.0,156.296448883619,189.49335798549006,0.0,-84.12121385076067,943.6435930183414
2025-01-30T13:45:00Z,2025-01-30T14:00:00Z,2025-01-30,2025-01-30_15,20.999999999999787,79,100,0,181.74776814741227,179.18339666915148,0.020407542995168962,0.0,3.29,True,True,False,False,681.9749999999931,0.0,156.296448883619,189.49335798549006,0.0,-64.50870194336703,963.2561049257351
2025-01-30T14:00:00Z,2025-01-30T14:15:00Z,2025-01-30,2025-01-30_16,16.59801707081711,83,100,0,179.18339666915148,188.0329545638754,0.03551013546379338,0.0,14.096999999999998,True,True,False,False,636.8244199645754,0.0,164.21019313089087,189.49335798549006,0.0,3548.0504977993924,4538.578468880349
2025-01-30T14:15:00Z,2025-01-30T14:30:00Z,2025-01-30,2025-01-30_16,16.59801707081711,83,100,0,188.0329545638754,185.14095502041155,0.015322665373187976,0.002075,1.71,True,True,False,False,636.8244199645754,0.0,164.21019313089087,189.49335798549006,0.12510299644285455,-66.0882232359975,924.5648508414017
2025-01-30T14:30:00Z,2025-01-30T14:45:00Z,2025-01-30,2025-01-30_16,16.59801707081711,83,100,0,185.14095502041155,181.23263886426648,0.01371035695403637,0.029879999999999997,0.6695,True,True,False,False,636.8244199645754,0.0,164.21019313089087,189.49335798549006,2.702224723165658,-27.184183765750916,966.0460120383711
2025-01-30T14:45:00Z,2025-01-30T15:00:00Z,2025-01-30,2025-01-30_16,16.59801707081711,83,100,0,181.23263886426648,176.8780373913043,0.012908172509793245,0.022825,0.1905,True,True,False,False,636.8244199645754,0.0,164.21019313089087,189.49335798549006,2.4103198165156052,-9.066695874113226,983.8715950233587
2025-01-30T15:00:00Z,2025-01-30T15:15:00Z,2025-01-30,2025-01-30_17,0.0,100,100,0,176.8780373913043,189.7193973913043,0.03567044444444444,0.0,13.958,True,True,False,False,0.0,0.0,198.08476858457763,189.91539219035752,0.0,9901.845986454711,10289.846147229646
2025-01-30T15:15:00Z,2025-01-30T15:30:00Z,2025-01-30,2025-01-30_17,0.0,100,100,0,189.7193973913043,189.748112173913,0.0006051256038647343,0.087,0.134,True,True,False,False,0.0,0.0,198.08476858457763,189.91539219035752,8.782333447215578,-8.777311039208987,388.0051831829417
2025-01-30T15:30:00Z,2025-01-30T15:45:00Z,2025-01-30,2025-01-30_17,0.0,100,100,0,189.748112173913,189.84451999999996,0.000590867149758454,0.0535,0.168,True,True,False,False,0.0,0.0,198.08476858457763,189.91539219035752,6.360660684499287,-10.96282803110995,383.39799342832447
2025-01-30T15:45:00Z,2025-01-30T16:00:00Z,2025-01-30,2025-01-30_17,0.0,100,100,0,189.84451999999996,189.95434782608692,0.0005587004830917875,0.042,0.169,True,True,False,False,0.0,0.0,198.08476858457763,189.91539219035752,5.10460499608111,-11.35973853976165,381.7450272312546
2025-01-30T16:00:00Z,2025-01-30T16:15:00Z,2025-01-30,2025-01-30_18,100.0,0,100,0,189.95434782608692,162.89239130434777,0.07517210144927536,0.0,0.103,True,True,False,False,4422.75,0.0,0.0,189.91539219035752,0.0,-6.918340199762857,4605.747051990595
2025-01-30T16:15:00Z,2025-01-30T16:30:00Z,2025-01-30,2025-01-30_18,100.0,0,100,0,162.89239130434777,135.89510869565214,0.07499245169082125,0.0,0.1625,True,True,False,False,4422.75,0.0,0.0,189.91539219035752,0.0,-10.631227516630158,4602.034164673727
2025-01-30T16:30:00Z,2025-01-30T16:45:00Z,2025-01-30,2025-01-30_18,100.0,0,100,0,135.89510869565214,108.78260869565214,0.07531249999999999,0.0,0.056499999999999995,True,True,False,False,4422.75,0.0,0.0,189.91539219035752,0.0,-3.8837150063305126,4608.781677184027
2025-01-30T16:45:00Z,2025-01-30T17:00:00Z,2025-01-30,2025-01-30_18,100.0,0,100,0,108.78260869565214,81.70706521739127,0.07520984299516909,0.0,0.0905,True,True,False,False,4422.75,0.0,0.0,189.91539219035752,0.0,-5.938618038947728,4606.72677415141
2025-01-30T17:00:00Z,2025-01-30T17:15:00Z,2025-01-30,2025-01-30_19,56.99768220715604,43,100,0,81.70706521739127,66.17741778263664,0.04322692433881629,0.07568,0.0405,True,True,False,False,2467.144674336749,0.0,86.10974899013245,189.91539219035752,10.646516208123153,-2.7281481741996427,2751.0881835511627
2025-01-30T17:15:00Z,2025-01-30T17:30:00Z,2025-01-30,2025-01-30_19,56.99768220715604,43,100,0,66.17741778263664,49.94880305243119,0.04507948536168179,0.680905,0.0,True,True,False,False,2467.144674336749,0.0,86.10974899013245,189.91539219035752,113.73791469985328,0.0,2856.9077302170926
2025-01-30T17:30:00Z,2025-01-30T17:45:00Z,2025-01-30,2025-01-30_19,56.99768220715604,43,100,0,49.94880305243119,34.60550772820345,0.042967532395875266,0.013975,0.158,True,True,False,False,2467.144674336749,0.0,86.10974899013245,189.91539219035752,1.9659760043409231,-10.751836652665848,2734.3839548689143
2025-01-30T17:45:00Z,2025-01-30T18:00:00Z,2025-01-30,2025-01-30_19,56.99768220715604,43,100,0,34.60550772820345,19.27578608695066,0.04298147828264938,0.023435,0.1815,True,True,False,False,2467.144674336749,0.0,86.10974899013245,189.91539219035752,3.2967905303563176,-11.74663447818485,2734.7199715694105
2025-01-30T18:00:00Z,2025-01-30T18:15:00Z,2025-01-30,2025-01-30_20,0.0,100,100,0,19.27578608695066,18.526089565211528,0.002289490338164251,0.724,0.0405,True,True,False,False,0.0,0.0,200.25523020961035,189.91539219035752,101.85092144134728,-2.6980004622279385,489.3235433790872
2025-01-30T18:15:00Z,2025-01-30T18:30:00Z,2025-01-30,2025-01-30_20,0.0,100,100,0,18.526089565211528,16.49591565216805,0.005831038647342994,1.8994999999999997,0.0375,True,True,False,False,0.0,0.0,200.25523020961035,189.91539219035752,272.81697110070536,-2.5523046082115792,660.4352888924617
2025-01-30T18:30:00Z,2025-01-30T18:45:00Z,2025-01-30,2025-01-30_20,0.0,100,100,0,16.49591565216805,16.704467826081096,0.0006729106280193237,0.0155,0.245,True,True,False,False,0.0,0.0,200.25523020961035,189.91539219035752,2.1805100584818824,-16.15284571635282,376.1982867420969
2025-01-30T18:45:00Z,2025-01-30T19:00:00Z,2025-01-30,2025-01-30_20,0.0,100,100,0,16.704467826081096,19.940567826081097,0.008989166666666666,0.0,3.5174999999999996,True,True,False,False,0.0,0.0,200.25523020961035,189.91539219035752,0.0,-82.66573886131151,307.5048835386564
2025-01-30T19:00:00Z,2025-01-30T19:15:00Z,2025-01-30,2025-01-30_21,0.0,100,100,0,19.940567826081097,20.21230434782023,0.0015911763285024157,0.1385,0.459,True,True,False,False,0.0,0.0,200.25523020961035,189.91539219035752,19.48391245804779,-19.521083020157157,390.1334518378585
2025-01-30T19:15:00Z,2025-01-30T19:30:00Z,2025-01-30,2025-01-30_21,0.0,100,100,0,20.21230434782023,20.47745391303762,0.004356695652173913,0.5995,0.9964999999999999,True,True,False,False,0.0,0.0,200.25523020961035,189.91539219035752,84.33650193934766,-39.87722281396331,434.62990152535224
2025-01-30T19:30:00Z,2025-01-30T19:45:00Z,2025-01-30,2025-01-30_21,0.0,100,100,0,20.47745391303762,21.1501478260811,0.0019954057971014495,0.021,0.756,True,True,False,False,0.0,0.0,200.25523020961035,189.91539219035752,2.954239434072228,-35.64377660322756,357.48108523081254
2025-01-30T19:45:00Z,2025-01-30T20:00:00Z,2025-01-30,2025-01-30_21,0.0,100,100,0,21.1501478260811,21.304091304341966,0.0006329347826086957,0.034,0.2075,True,True,False,False,0.0,0.0,200.25523020961035,189.91539219035752,4.7830543218312265,-14.751102815571052,380.20257390622805
2025-01-30T20:00:00Z,2025-01-30T20:15:00Z,2025-01-30,2025-01-30_22,0.0,100,100,0,21.304091304341966,12.103004347820228,0.02555857487922705,8.465,0.0,True,True,False,False,0.0,0.0,198.08476858457763,189.91539219035752,1788.032422275367,0.0,2176.032583050302
2025-01-30T20:15:00Z,2025-01-30T20:30:00Z,2025-01-30,2025-01-30_22,0.0,100,100,0,12.103004347820228,9.999999999994142,0.0067489009661835745,2.085,0.1775,True,True,False,False,0.0,0.0,198.08476858457763,189.91539219035752,396.3590908177415,-8.809470648525894,775.5497809441507
2025-01-30T20:30:00Z,2025-01-30T20:45:00Z,2025-01-30,2025-01-30_22,0.0,100,100,0,9.999999999994142,10.739559130428923,0.0021418913043478264,0.0145,0.8210000000000001,True,True,False,False,0.0,0.0,198.08476858457763,189.91539219035752,2.039831990192729,-34.18784641974317,355.8521463453847
2025-01-30T20:45:00Z,2025-01-30T21:00:00Z,2025-01-30,2025-01-30_22,0.0,100,100,0,10.739559130428923,17.099899130428923,0.017737055555555555,0.0115,6.927,True,True,False,False,0.0,0.0,198.08476858457763,189.91539219035752,1.6177977853252676,428.4691750236138,818.0871335838742
2025-01-30T21:00:00Z,2025-01-30T21:15:00Z,2025-01-30,2025-01-30_23,0.0,100,100,0,17.099899130428923,12.66839043477675,0.021343635265700486,5.573,1.7675,True,True,False,False,0.0,0.0,198.08476858457763,189.91539219035752,1136.5833284430958,-32.26143059547016,1492.3220586225607
2025-01-30T21:15:00Z,2025-01-30T21:30:00Z,2025-01-30,2025-01-30_23,0.0,100,100,0,12.66839043477675,11.252213913037618,0.003979823671497584,1.3105,0.009,True,True,False,False,0.0,0.0,198.08476858457763,189.91539219035752,188.8962005868285,-0.6330513073011916,576.2633100544625
2025-01-30T21:30:00Z,2025-01-30T21:45:00Z,2025-01-30,2025-01-30_23,0.0,100,100,0,11.252213913037618,11.810173913037618,0.005161,0.598,1.313,True,True,False,False,0.0,0.0,198.08476858457763,189.91539219035752,85.71713901002833,-48.175085914105985,425.5422138708575
2025-01-30T21:45:00Z,2025-01-30T22:00:00Z,2025-01-30,2025-01-30_23,0.0,100,100,0,11.810173913037618,13.183526086950662,0.0038390217391304354,0.004,1.4975,True,True,False,False,0.0,0.0,198.08476858457763,189.91539219035752,0.40193733796901066,-59.495823368636835,328.9062747442673
2025-01-30T22:00:00Z,2025-01-30T22:15:00Z,2025-01-31,2025-01-30_24,-6.639775423856762e-15,100,100,0,13.183526086950662,12.013085217385447,0.0032946690821256076,1.084,0.0085,True,True,False,False,-1.9952525148689572e-13,0.0,198.07680713812022,189.90775908844276,151.32322823094395,-0.5978577600932458,538.7099366974135
2025-01-30T22:15:00Z,2025-01-30T22:30:00Z,2025-01-31,2025-01-30_24,-6.639775423856762e-15,100,100,0,12.013085217385447,11.974928695646318,0.0011409903381642554,0.2065,0.20250000000000004,True,True,False,False,-1.9952525148689572e-13,0.0,198.07680713812022,189.90775908844276,28.48617722714576,-12.60024416711883,403.8704992865897
2025-01-30T22:30:00Z,2025-01-30T22:45:00Z,2025-01-31,2025-01-30_24,-6.639775423856762e-15,100,100,0,11.974928695646318,12.489762608689798,0.0016263502415458978,0.0325,0.598,True,True,False,False,-1.9952525148689572e-13,0.0,198.07680713812022,189.90775908844276,2.9239745985812187,-28.08500552641627,362.82353529872773
2025-01-30T22:45:00Z,2025-01-30T23:00:00Z,2025-01-31,2025-01-30_24,-6.639775423856762e-15,100,100,0,12.489762608689798,14.1213826086898,0.004532277777777783,0.0,1.7735,True,True,False,False,-1.9952525148689572e-13,0.0,198.07680713812022,189.90775908844276,0.0,-53.715369968449195,334.2691962581136
2025-01-30T23:00:00Z,2025-01-30T23:15:00Z,2025-01-31,2025-01-31_1,0.0,100,100,0,14.1213826086898,19.8129626086898,0.015809944444444446,0.0,6.1865,True,True,False,False,0.0,0.0,198.07680713812022,189.90775908844276,0.0,8.268807198408393,396.25337342497136
2025-01-30T23:15:00Z,2025-01-30T23:30:00Z,2025-01-31,2025-01-31_1,0.0,100,100,0,19.8129626086898,25.2952426086898,0.015228555555555556,0.0,5.959,True,True,False,False,0.0,0.0,198.07680713812022,189.90775908844276,0.0,-204.1946355579671,183.78993066859587
2025-01-30T23:30:00Z,2025-01-30T23:45:00Z,2025-01-31,2025-01-31_1,0.0,100,100,0,25.2952426086898,26.259414782602843,0.0029107439613526567,0.0385,1.0935,True,True,False,False,0.0,0.0,198.07680713812022,189.90775908844276,5.415887944374108,-51.587287032013016,341.8131671389241
2025-01-30T23:45:00Z,2025-01-31T00:00:00Z,2025-01-31,2025-01-31_1,0.0,100,100,0,26.259414782602843,26.938710434776755,0.0019080676328502417,0.0035000000000000005,0.7425,True,True,False,False,0.0,0.0,198.07680713812022,189.90775908844276,0.49235344948855536,-43.89107433532285,344.58584534072867
2025-01-31T00:00:00Z,2025-01-31T00:15:00Z,2025-01-31,2025-01-31_2,0.0,100,100,0,26.938710434776755,25.67144869564632,0.003599393719806763,1.179,0.0155,True,True,False,False,0.0,0.0,198.07680713812022,189.90775908844276,165.4509386869235,-0.9495396997648761,552.4859652137216
2025-01-31T00:15:00Z,2025-01-31T00:30:00Z,2025-01-31,2025-01-31_2,0.0,100,100,0,25.67144869564632,25.86529130434197,0.0008313260869565218,0.0485,0.268,True,True,False,False,0.0,0.0,198.07680713812022,189.90775908844276,5.576656920077973,-16.915867446393765,376.6453557002472
2025-01-31T00:30:00Z,2025-01-31T00:45:00Z,2025-01-31,2025-01-31_2,0.0,100,100,0,25.86529130434197,28.68831130434197,0.007841722222222222,0.0,3.0685,True,True,False,False,0.0,0.0,198.07680713812022,189.90775908844276,0.0,-73.86389652539137,314.1206697011716
2025-01-31T00:45:00Z,2025-01-31T01:00:00Z,2025-01-31,2025-01-31_2,0.0,100,100,0,28.68831130434197,29.216769565211536,0.0015041714975845412,0.006,0.5815,True,True,False,False,0.0,0.0,198.07680713812022,189.90775908844276,0.6832664134563213,-34.281867928699185,354.3859647113201
2025-01-31T01:00:00Z,2025-01-31T01:15:00Z,2025-01-31,2025-01-31_3,2.0364145152771216e-15,100,100,0,29.216769565211536,31.936289565211535,0.007554222222222224,0.0,2.956,True,True,False,False,5.805817783055074e-14,0.0,198.07680713812022,189.90775908844276,0.0,-59.20494764976589,328.77961857679713
2025-01-31T01:15:00Z,2025-01-31T01:30:00Z,2025-01-31,2025-01-31_3,2.0364145152771216e-15,100,100,0,31.936289565211535,34.16452956521154,0.006189555555555558,0.0,2.422,True,True,False,False,5.805817783055074e-14,0.0,198.07680713812022,189.90775908844276,0.0,-99.35159743574287,288.63296879082014
2025-01-31T01:30:00Z,2025-01-31T01:45:00Z,2025-01-31,2025-01-31_3,2.0364145152771216e-15,100,100,0,34.16452956521154,35.64664956521154,0.004117000000000002,0.0,1.611,True,True,False,False,5.805817783055074e-14,0.0,198.07680713812022,189.90775908844276,0.0,-80.95403689636463,307.0305293301984
2025-01-31T01:45:00Z,2025-01-31T02:00:00Z,2025-01-31,2025-01-31_3,2.0364145152771216e-15,100,100,0,35.64664956521154,41.70438956521154,0.016827055555555557,0.0,6.5845,True,True,False,False,5.805817783055074e-14,0.0,198.07680713812022,189.90775908844276,0.0,-221.7751590603083,166.20940716625472
2025-01-31T02:00:00Z,2025-01-31T02:15:00Z,2025-01-31,2025-01-31_4,-100.0,0,0,0,41.70438956521154,64.70438956521154,0.06388888888888888,0.0,0.0,True,False,False,False,-2855.0,0.0,0.0,0.0,0.0,0.0,-2855.0
2025-01-31T02:15:00Z,2025-01-31T02:30:00Z,2025-01-31,2025-01-31_4,-100.0,0,0,0,64.70438956521154,87.70438956521154,0.06388888888888888,0.0,0.0,True,False,False,False,-2855.0,0.0,0.0,0.0,0.0,0.0,-2855.0
2025-01-31T02:30:00Z,2025-01-31T02:45:00Z,2025-01-31,2025-01-31_4,-100.0,0,0,0,87.70438956521154,110.70438956521154,0.06388888888888888,0.0,0.0,True,False,False,False,-2855.0,0.0,0.0,0.0,0.0,0.0,-2855.0
2025-01-31T02:45:00Z,2025-01-31T03:00:00Z,2025-01-31,2025-01-31_4,-100.0,0,0,0,110.70438956521154,133.70438956521156,0.06388888888888888,0.0,0.0,True,False,False,False,-2855.0,0.0,0.0,0.0,0.0,0.0,-2855.0
2025-01-31T03:00:00Z,2025-01-31T03:15:00Z,2025-01-31,2025-01-31_5,0.0,100,100,0,133.70438956521156,133.5918199999942,0.0005810265700483091,0.148,0.0525,True,True,False,False,0.0,0.0,200.24718152770245,189.90775908844276,22.460362934828478,-3.419341954542714,409.19596159643095
2025-01-31T03:15:00Z,2025-01-31T03:30:00Z,2025-01-31,2025-01-31_5,0.0,100,100,0,133.5918199999942,134.07165999999418,0.0016801111111111112,0.057499999999999996,0.5895,True,True,False,False,0.0,0.0,200.24718152770245,189.90775908844276,8.630950945519583,11.731240730692711,410.51713229235753
2025-01-31T03:30:00Z,2025-01-31T03:45:00Z,2025-01-31,2025-01-31_5,0.0,100,100,0,134.07165999999418,137.6950799999942,0.010065055555555555,0.0,3.9384999999999994,True,True,False,False,0.0,0.0,200.24718152770245,189.90775908844276,0.0,1047.0445381925601,1437.1994788087054
2025-01-31T03:45:00Z,2025-01-31T04:00:00Z,2025-01-31,2025-01-31_5,0.0,100,100,0,137.6950799999942,142.1147599999942,0.012276888888888891,0.0,4.804,True,True,False,False,0.0,0.0,200.24718152770245,189.90775908844276,0.0,43.00439701774483,433.15933763389006
2025-01-31T04:00:00Z,2025-01-31T04:15:00Z,2025-01-31,2025-01-31_6,0.0,100,100,0,142.1147599999942,157.73865999999418,0.04339972222222223,0.0,16.9825,True,True,False,False,0.0,0.0,200.24718152770245,189.90775908844276,0.0,16315.305248588254,16705.4601892044
2025-01-31T04:15:00Z,2025-01-31T04:30:00Z,2025-01-31,2025-01-31_6,0.0,100,100,0,157.73865999999418,164.84900782608116,0.01979625603864734,0.0075,7.7375,True,True,False,False,0.0,0.0,200.24718152770245,189.90775908844276,1.2921761017664435,5976.73788710034,6368.185003818252
2025-01-31T04:30:00Z,2025-01-31T04:45:00Z,2025-01-31,2025-01-31_6,0.0,100,100,0,164.84900782608116,168.57822782608116,0.010358944444444443,0.0,4.0535,True,True,False,False,0.0,0.0,200.24718152770245,189.90775908844276,0.0,126.65466670685878,516.809607323004
2025-01-31T04:45:00Z,2025-01-31T05:00:00Z,2025-01-31,2025-01-31_6,0.0,100,100,0,168.57822782608116,169.0236547826029,0.001647925120772947,0.068,0.5645,True,True,False,False,0.0,0.0,200.24718152770245,189.90775908844276,6.161446916259722,177.41721900685275,573.7336065392577
2025-01-31T05:00:00Z,2025-01-31T05:15:00Z,2025-01-31,2025-01-31_7,0.0,100,100,0,169.0236547826029,179.5328147826029,0.02919211111111111,0.0,11.423,True,True,False,False,0.0,0.0,200.24718152770245,189.90775908844276,0.0,8302.903309820946,8693.05825043709
2025-01-31T05:15:00Z,2025-01-31T05:30:00Z,2025-01-31,2025-01-31_7,0.0,100,100,0,179.5328147826029,179.6425695652116,0.000760792270531401,0.0755,0.20850000000000002,True,True,False,False,0.0,0.0,200.24718152770245,189.90775908844276,5.6369418821969015,-13.253352926991019,382.5385295713511
2025-01-31T05:30:00Z,2025-01-31T05:45:00Z,2025-01-31,2025-01-31_7,0.0,100,100,0,179.6425695652116,176.63061304347247,0.008366545893719806,2.771,0.0,True,True,False,False,0.0,0.0,200.24718152770245,189.90775908844276,501.84273989670623,0.0,891.9976805128515
2025-01-31T05:45:00Z,2025-01-31T06:00:00Z,2025-01-31,2025-01-31_7,0.0,100,100,0,176.63061304347247,164.05452608695072,0.034933574879227054,11.57,0.0,True,True,False,False,0.0,0.0,200.24718152770245,189.90775908844276,2648.1142380579167,0.0,3038.269178674062
2025-01-31T06:00:00Z,2025-01-31T06:15:00Z,2025-01-31,2025-01-31_8,0.0,100,100,0,164.05452608695072,164.13308782608115,0.003931995169082126,0.615,0.812,True,True,False,False,0.0,0.0,200.24718152770245,189.90775908844276,102.60851269066136,-42.03696308353932,450.72649022326726
2025-01-31T06:15:00Z,2025-01-31T06:30:00Z,2025-01-31,2025-01-31_8,0.0,100,100,0,164.13308782608115,158.3291999999942,0.016124466183574878,5.34,0.0005,True,True,False,False,0.0,0.0,200.24718152770245,189.90775908844276,1197.9130644480617,-0.03516810353489681,1588.032836960672
2025-01-31T06:30:00Z,2025-01-31T06:45:00Z,2025-01-31,2025-01-31_8,0.0,100,100,0,158.3291999999942,149.39930869564637,0.024805253623188406,8.2155,0.0,True,True,False,False,0.0,0.0,200.24718152770245,189.90775908844276,1721.254647012721,0.0,2111.409587628866
2025-01-31T06:45:00Z,2025-01-31T07:00:00Z,2025-01-31,2025-01-31_8,0.0,100,100,0,149.39930869564637,141.25800434782028,0.022614734299516912,7.490000000000001,0.0,True,True,False,False,0.0,0.0,200.24718152770245,189.90775908844276,1621.978382669159,0.0,2012.1333232853042
2025-01-31T07:00:00Z,2025-01-31T07:15:00Z,2025-01-31,2025-01-31_9,0.0,100,100,0,141.25800434782028,123.29441739129854,0.049898852657004826,16.5265,0.0,True,True,False,False,0.0,0.0,199.70458793030687,189.90775908844276,4199.7256978356545,0.0,4589.338044854404
2025-01-31T07:15:00Z,2025-01-31T07:30:00Z,2025-01-31,2025-01-31_9,0.0,100,100,0,123.29441739129854,111.47104782608115,0.03284269323671497,10.8775,0.0,True,True,False,False,0.0,0.0,199.70458793030687,189.90775908844276,2694.238774341352,0.0,3083.8511213601014
2025-01-31T07:30:00Z,2025-01-31T07:45:00Z,2025-01-31,2025-01-31_9,0.0,100,100,0,111.47104782608115,105.39767826086376,0.016870471014492756,5.5875,0.0,True,True,False,False,0.0,0.0,199.70458793030687,189.90775908844276,1229.2039624404656,0.0,1618.8163094592153
2025-01-31T07:45:00Z,2025-01-31T08:00:00Z,2025-01-31,2025-01-31_9,0.0,100,100,0,105.39767826086376,104.40457652173332,0.0027637270531400966,0.9145000000000001,0.001,True,True,False,False,0.0,0.0,199.70458793030687,189.90775908844276,128.64492273065252,-0.07033620706979361,518.1869335423323
2025-01-31T08:00:00Z,2025-01-31T08:15:00Z,2025-01-31,2025-01-31_10,0.0,100,100,0,104.40457652173332,83.08555478260288,0.05921950483091786,19.6135,0.0,True,True,False,False,0.0,0.0,199.70458793030687,189.90775908844276,21162.43478617793,0.0,21552.04713319668
2025-01-31T08:15:00Z,2025-01-31T08:30:00Z,2025-01-31,2025-01-31_10,0.0,100,100,0,83.08555478260288,79.21870695651593,0.010741243961352656,3.5575,0.0,True,True,False,False,0.0,0.0,199.70458793030687,189.90775908844276,730.2437018950584,0.0,1119.856048913808
2025-01-31T08:30:00Z,2025-01-31T08:45:00Z,2025-01-31,2025-01-31_10,0.0,100,100,0,79.21870695651593,82.10931739129853,0.010659304347826089,0.43550000000000005,3.6565,True,True,False,False,0.0,0.0,199.70458793030687,189.90775908844276,61.26283635779025,-24.178267317778985,426.6969160587609
2025-01-31T08:45:00Z,2025-01-31T09:00:00Z,2025-01-31,2025-01-31_10,0.0,100,100,0,82.10931739129853,92.07705739129854,0.02768816666666667,0.0,10.8345,True,True,False,False,0.0,0.0,199.70458793030687,189.90775908844276,0.0,438.99963073491296,828.6119777536626
2025-01-31T09:00:00Z,2025-01-31T09:15:00Z,2025-01-31,2025-01-31_11,0.0,100,100,0,92.07705739129854,94.42585999999419,0.006539548309178744,0.0025,2.556,True,True,False,False,0.0,0.0,197.83565442816663,197.0820522095617,0.3516810353489681,-80.2463085548924,315.0230791181849
2025-01-31T09:15:00Z,2025-01-31T09:30:00Z,2025-01-31,2025-01-31_11,0.0,100,100,0,94.42585999999419,99.3004799999942,0.013540611111111111,0.0,5.2985,True,True,False,False,0.0,0.0,197.83565442816663,197.0820522095617,0.0,-23.604257953015413,371.3134486847129
2025-01-31T09:30:00Z,2025-01-31T09:45:00Z,2025-01-31,2025-01-31_11,0.0,100,100,0,99.3004799999942,103.3346799999942,0.011206111111111111,0.0,4.385,True,True,False,False,0.0,0.0,197.83565442816663,197.0820522095617,0.0,-52.77756074033882,342.1401458973895
2025-01-31T09:45:00Z,2025-01-31T10:00:00Z,2025-01-31,2025-01-31_11,0.0,100,100,0,103.3346799999942,111.4826599999942,0.02263327777777778,0.0,8.8565,True,True,False,False,0.0,0.0,197.83565442816663,197.0820522095617,0.0,-53.550847450814906,341.3668591869134
2025-01-31T10:00:00Z,2025-01-31T10:15:00Z,2025-01-31,2025-01-31_12,0.0,100,100,0,111.4826599999942,113.02462869564637,0.00521319806763285,0.154,1.8579999999999999,True,True,False,False,0.0,0.0,197.83565442816663,197.0820522095617,14.027056932135608,-17.691344225397398,391.2534193444666
2025-01-31T10:15:00Z,2025-01-31T10:30:00Z,2025-01-31,2025-01-31_12,0.0,100,100,0,113.02462869564637,110.37354173912463,0.007364130434782608,2.439,0.0,True,True,False,False,0.0,0.0,197.83565442816663,197.0820522095617,344.3645867245434,0.0,739.2822933622717
2025-01-31T10:30:00Z,2025-01-31T10:45:00Z,2025-01-31,2025-01-31_12,0.0,100,100,0,110.37354173912463,110.44166173912464,0.0025503333333333333,0.391,0.536,True,True,False,False,0.0,0.0,197.83565442816663,197.0820522095617,52.310049838226725,-22.346851550410967,424.8809049255441
2025-01-31T10:45:00Z,2025-01-31T11:00:00Z,2025-01-31,2025-01-31_12,0.0,100,100,0,110.44166173912464,114.87836173912464,0.012324166666666667,0.0,4.8225,True,True,False,False,0.0,0.0,197.83565442816663,197.0820522095617,0.0,-50.536380900705375,344.38132573702296
2025-01-31T11:00:00Z,2025-01-31T11:15:00Z,2025-01-31,2025-01-31_13,-74.84972973222023,100,25,0,114.87836173912464,132.04229358587415,0.047830980812048465,0.101,0.049625,True,True,False,False,-2246.6146379125903,0.0,197.83565442816663,49.27051305239043,14.207913828098311,-2.4042410472056432,-1987.7047976511406
2025-01-31T11:15:00Z,2025-01-31T11:30:00Z,2025-01-31,2025-01-31_13,-74.84972973222023,100,25,0,132.04229358587415,149.11071207656283,0.047663624414311365,0.1655,0.01325,True,True,False,False,-2246.6146379125903,0.0,197.83565442816663,49.27051305239043,23.281284540101687,-0.8980422419163603,-1977.125228133848
2025-01-31T11:30:00Z,2025-01-31T11:45:00Z,2025-01-31,2025-01-31_13,-74.84972973222023,100,25,0,149.11071207656283,165.86479077696376,0.04727873199509972,0.48700000000000004,0.00775,True,True,False,False,-2246.6146379125903,0.0,197.83565442816663,49.27051305239043,68.50746568597899,-0.5451056047909005,-1931.546110350845
2025-01-31T11:45:00Z,2025-01-31T12:00:00Z,2025-01-31,2025-01-31_13,-74.84972973222023,100,25,0,165.86479077696376,182.88028695651758,0.04762141078727474,0.2345,0.027875000000000004,True,True,False,False,-2246.6146379125903,0.0,197.83565442816663,49.27051305239043,32.9876811157332,-1.7659432336568803,-1968.286732549957
2025-01-31T12:00:00Z,2025-01-31T12:15:00Z,2025-01-31,2025-01-31_14,0.0,100,100,0,182.88028695651758,184.14701478260451,0.0037723115942028987,0.042,1.4265,True,True,False,False,0.0,0.0,197.83565442816663,197.0820522095617,5.908241393862665,-51.20791282329535,349.6180352082957
2025-01-31T12:15:00Z,2025-01-31T12:30:00Z,2025-01-31,2025-01-31_14,0.0,100,100,0,184.14701478260451,181.47092782608277,0.007433574879227054,2.462,0.0,True,True,False,False,0.0,0.0,197.83565442816663,197.0820522095617,470.7154406060972,0.0,865.6331472438255
2025-01-31T12:30:00Z,2025-01-31T12:45:00Z,2025-01-31,2025-01-31_14,0.0,100,100,0,181.47092782608277,177.0812539130393,0.012193538647342995,4.0385,0.0,True,True,False,False,0.0,0.0,197.83565442816663,197.0820522095617,766.1982668153776,0.0,1161.1159734531059
2025-01-31T12:45:00Z,2025-01-31T13:00:00Z,2025-01-31,2025-01-31_14,0.0,100,100,0,177.0812539130393,177.23214695651757,0.001466852657004831,0.1735,0.369,True,True,False,False,0.0,0.0,197.83565442816663,197.0820522095617,24.406663853218383,-17.81716585277627,401.50720463817044
2025-01-31T13:00:00Z,2025-01-31T13:15:00Z,2025-01-31,2025-01-31_15,0.0,100,100,0,177.23214695651757,182.21256695651758,0.013834500000000001,0.0,5.4135,True,True,False,False,0.0,0.0,199.70458793030687,189.90775908844276,0.0,-89.6745225176343,299.9378245011153
2025-01-31T13:15:00Z,2025-01-31T13:30:00Z,2025-01-31,2025-01-31_15,0.0,100,100,0,182.21256695651758,184.73842695651757,0.0070162777777777775,0.0,2.7455,True,True,False,False,0.0,0.0,199.70458793030687,189.90775908844276,0.0,-79.95942535318824,309.6529216655614
2025-01-31T13:30:00Z,2025-01-31T13:45:00Z,2025-01-31,2025-01-31_15,0.0,100,100,0,184.73842695651757,185.55334086956105,0.0023210169082125607,0.0095,0.897,True,True,False,False,0.0,0.0,199.70458793030687,189.90775908844276,1.3363879343260787,-32.16426659432086,358.78446835875485
2025-01-31T13:45:00Z,2025-01-31T14:00:00Z,2025-01-31,2025-01-31_15,0.0,100,100,0,185.55334086956105,185.56772782608277,0.0008672584541062802,0.137,0.1775,True,True,False,False,0.0,0.0,199.70458793030687,189.90775908844276,19.27212073712345,-8.864370189505838,400.02009756636727
2025-01-31T14:00:00Z,2025-01-31T14:15:00Z,2025-01-31,2025-01-31_16,0.0,100,100,0,185.56772782608277,189.58277999999584,0.011246521739130436,0.0155,4.3825,True,True,False,False,0.0,0.0,199.70458793030687,189.90775908844276,2.0598450593838544,-91.06451186672294,300.6076802114105
2025-01-31T14:15:00Z,2025-01-31T14:30:00Z,2025-01-31,2025-01-31_16,0.0,100,100,0,189.58277999999584,189.97499999999582,0.001228388888888889,0.023,0.4535,True,True,False,False,0.0,0.0,199.70458793030687,189.90775908844276,1.5473983641807842,-28.736521774080103,362.4232236088503
2025-01-31T14:30:00Z,2025-01-31T14:45:00Z,2025-01-31,2025-01-31_16,0.0,100,100,0,189.97499999999582,189.12663043477843,0.0023565821256038644,0.7805,0.0,True,True,False,False,0.0,0.0,199.70458793030687,189.90775908844276,98.42038966258716,0.0,488.0327366813368
2025-01-31T14:45:00Z,2025-01-31T15:00:00Z,2025-01-31,2025-01-31_16,0.0,100,100,0,189.12663043477843,187.48156608695234,0.004618178743961352,1.5215,0.0095,True,True,False,False,0.0,0.0,199.70458793030687,189.90775908844276,229.20802335162077,-0.6681939671630394,618.1521764032074
2025-01-31T15:00:00Z,2025-01-31T15:15:00Z,2025-01-31,2025-01-31_17,0.0,100,100,0,187.48156608695234,188.29652608695233,0.002402666666666667,0.023,0.9130000000000001,True,True,False,False,0.0,0.0,200.24718152770245,189.90775908844276,2.954118687325416,-49.73364803761984,343.3754112658508
2025-01-31T15:15:00Z,2025-01-31T15:30:00Z,2025-01-31,2025-01-31_17,0.0,100,100,0,188.29652608695233,188.19537304347406,0.0006157584541062802,0.1485,0.0655,True,True,False,False,0.0,0.0,200.24718152770245,189.90775908844276,20.8898534997287,-4.4060632824903045,406.6387308333836
2025-01-31T15:30:00Z,2025-01-31T15:45:00Z,2025-01-31,2025-01-31_17,0.0,100,100,0,188.19537304347406,186.06979565216972,0.006055159420289854,1.9805,0.029499999999999995,True,True,False,False,0.0,0.0,200.24718152770245,189.90775908844276,361.9569616768152,-2.0598482747533207,750.0520540182071
2025-01-31T15:45:00Z,2025-01-31T16:00:00Z,2025-01-31,2025-01-31_17,0.0,100,100,0,186.06979565216972,180.6024043478219,0.01518719806763285,5.03,0.0,True,True,False,False,0.0,0.0,200.24718152770245,189.90775908844276,992.5205582685237,0.0,1382.675498884669
2025-01-31T16:00:00Z,2025-01-31T16:15:00Z,2025-01-31,2025-01-31_18,100.0,0,100,0,180.6024043478219,153.66164347825668,0.07483544685990337,0.0,0.21449999999999997,True,True,False,False,5000.0,0.0,0.0,189.90775908844276,0.0,-10.725258636281424,5179.182500452162
2025-01-31T16:15:00Z,2025-01-31T16:30:00Z,2025-01-31,2025-01-31_18,100.0,0,100,0,153.66164347825668,126.9149043478219,0.07429649758454106,0.0,0.393,True,True,False,False,5000.0,0.0,0.0,189.90775908844276,0.0,-20.171409537589682,5169.736349550853
2025-01-31T16:30:00Z,2025-01-31T16:45:00Z,2025-01-31,2025-01-31_18,100.0,0,100,0,126.9149043478219,99.78609999999581,0.07535778985507247,0.0,0.0415,True,True,False,False,5000.0,0.0,0.0,189.90775908844276,0.0,-2.7782840979883843,5187.129474990455
2025-01-31T16:45:00Z,2025-01-31T17:00:00Z,2025-01-31,2025-01-31_18,100.0,0,100,0,99.78609999999581,72.79533913043059,0.07497433574879227,0.0,0.1685,True,True,False,False,5000.0,0.0,0.0,189.90775908844276,0.0,-10.741354373907278,5179.166404714536
2025-01-31T17:00:00Z,2025-01-31T17:15:00Z,2025-01-31,2025-01-31_19,65.62014146832284,34,100,0,72.79533913043059,55.59550481350725,0.048861505485727146,0.00323,0.617,True,True,False,False,3026.400924519049,0.0,68.08404171941882,189.90775908844276,0.4543718976708667,-30.917823998713857,3253.9292732258677
2025-01-31T17:15:00Z,2025-01-31T17:30:00Z,2025-01-31,2025-01-31_19,65.62014146832284,34,100,0,55.59550481350725,46.26808632544076,0.040423908075402526,0.0,8.26,True,True,False,False,3026.400924519049,0.0,68.08404171941882,189.90775908844276,0.0,-161.34895199051468,3123.043773336396
2025-01-31T17:30:00Z,2025-01-31T17:45:00Z,2025-01-31,2025-01-31_19,65.62014146832284,34,100,0,46.26808632544076,36.726519959377065,0.040653267196026896,0.0,8.052,True,True,False,False,3026.400924519049,0.0,68.08404171941882,189.90775908844276,0.0,-155.59821305841925,3128.7945122684914
2025-01-31T17:45:00Z,2025-01-31T18:00:00Z,2025-01-31,2025-01-31_19,65.62014146832284,34,100,0,36.726519959377065,20.464691304343674,0.0478549796228506,0.0022099999999999997,1.527,True,True,False,False,3026.400924519049,0.0,68.08404171941882,189.90775908844276,0.31088603524848774,-68.13210646892145,3216.571504893238
2025-01-31T18:00:00Z,2025-01-31T18:15:00Z,2025-01-31,2025-01-31_20,0.0,100,100,0,20.464691304343674,19.81629652173498,0.002117985507246377,0.649,0.062,True,True,False,False,0.0,0.0,200.24718152770245,189.90775908844276,91.29639677659212,-3.9639456602560235,477.4873917324813
2025-01-31T18:15:00Z,2025-01-31T18:30:00Z,2025-01-31,2025-01-31_20,0.0,100,100,0,19.81629652173498,19.50442695651759,0.0009301932367149758,0.2975,0.0125,True,True,False,False,0.0,0.0,200.24718152770245,189.90775908844276,30.837383694057596,-0.8792025883724203,420.1131217218304
2025-01-31T18:30:00Z,2025-01-31T18:45:00Z,2025-01-31,2025-01-31_20,0.0,100,100,0,19.50442695651759,19.424767826082807,0.0006633864734299517,0.1465,0.0865,True,True,False,False,0.0,0.0,200.24718152770245,189.90775908844276,13.454323767609173,-5.993655071240529,397.61560931251387
2025-01-31T18:45:00Z,2025-01-31T19:00:00Z,2025-01-31,2025-01-31_20,0.0,100,100,0,19.424767826082807,19.682001739126285,0.0009107946859903384,0.0325,0.318,True,True,False,False,0.0,0.0,200.24718152770245,189.90775908844276,1.9593657683728223,-20.377408814131552,371.7368975703865
2025-01-31T19:00:00Z,2025-01-31T19:15:00Z,2025-01-31,2025-01-31_21,0.0,100,100,0,19.682001739126285,17.971132173908895,0.004752415458937198,1.574,0.0,True,True,False,False,0.0,0.0,200.24718152770245,189.90775908844276,224.50969675046727,0.0,614.6646373666125
2025-01-31T19:15:00Z,2025-01-31T19:30:00Z,2025-01-31,2025-01-31_21,0.0,100,100,0,17.971132173908895,12.32982782608281,0.015670289855072465,5.19,0.0,True,True,False,False,0.0,0.0,200.24718152770245,189.90775908844276,1029.1763429191535,0.0,1419.3312835352988
2025-01-31T19:30:00Z,2025-01-31T19:45:00Z,2025-01-31,2025-01-31_21,0.0,100,100,0,12.32982782608281,9.999999999995852,0.006885743961352657,2.212,0.081,True,True,False,False,0.0,0.0,200.24718152770245,189.90775908844276,390.24745804947656,-3.1820021703743895,777.2203964952474
2025-01-31T19:45:00Z,2025-01-31T20:00:00Z,2025-01-31,2025-01-31_21,0.0,100,100,0,9.999999999995852,29.551379999995852,0.05430938888888889,0.0,21.2515,True,True,False,False,0.0,0.0,200.24718152770245,189.90775908844276,0.0,17584.229335624284,17974.38427624043
2025-01-31T20:00:00Z,2025-01-31T20:15:00Z,2025-01-31,2025-01-31_22,30.62286255003268,69,100,0,29.551379999995852,24.75888485284318,0.026292409336799476,0.023805000000000003,3.6605,True,True,False,False,1169.0277778474974,0.0,136.67299692530295,189.90775908844276,3.3487068185928743,2.690884226603163,1501.648124906439
2025-01-31T20:15:00Z,2025-01-31T20:30:00Z,2025-01-31,2025-01-31_22,30.62286255003268,69,100,0,24.75888485284318,16.498139349530533,0.0239677467502431,0.20148,0.288,True,True,False,False,1169.0277778474974,0.0,136.67299692530295,189.90775908844276,28.342678000844035,-12.561027310544402,1511.3901845515427
2025-01-31T20:30:00Z,2025-01-31T20:45:00Z,2025-01-31,2025-01-31_22,30.62286255003268,69,100,0,16.498139349530533,9.999999999995875,0.024707894277447854,0.0,1.8775,True,True,False,False,1169.0277778474974,0.0,136.67299692530295,189.90775908844276,0.0,-67.35056319205805,1428.2579706691852
2025-01-31T20:45:00Z,2025-01-31T21:00:00Z,2025-01-31,2025-01-31_22,30.62286255003268,69,100,0,9.999999999995875,10.887280467687791,0.03115973255639856,0.0,9.4825,True,True,False,False,1169.0277778474974,0.0,136.67299692530295,189.90775908844276,0.0,708.9741353670546,2204.5826692282976
2025-01-31T21:00:00Z,2025-01-31T21:15:00Z,2025-01-31,2025-01-31_23,0.0,100,100,0,10.887280467687791,12.89643785899214,0.012024229468599034,1.067,3.4445000000000006,True,True,False,False,0.0,0.0,198.07680713812022,189.90775908844276,152.63153996101363,408.71604549747804,949.3321516850547
2025-01-31T21:15:00Z,2025-01-31T21:30:00Z,2025-01-31,2025-01-31_23,0.0,100,100,0,12.89643785899214,12.808159598122574,0.0005518840579710146,0.132,0.06,True,True,False,False,0.0,0.0,198.07680713812022,189.90775908844276,14.50936275396395,-4.174956291071322,398.3189726894556
2025-01-31T21:30:00Z,2025-01-31T21:45:00Z,2025-01-31,2025-01-31_23,0.0,100,100,0,12.808159598122574,12.680283945948661,0.0005264323671497584,0.146,0.0335,True,True,False,False,0.0,0.0,198.07680713812022,189.90775908844276,14.710319326380096,-2.326116235606198,400.3687693173369
2025-01-31T21:45:00Z,2025-01-31T22:00:00Z,2025-01-31,2025-01-31_23,0.0,100,100,0,12.680283945948661,12.761341337253008,0.000487840579710145,0.0435,0.1395,True,True,False,False,0.0,0.0,198.07680713812022,189.90775908844276,3.466572617109785,-8.161006511123169,383.2901323325496
2025-01-31T22:00:00Z,2025-01-31T22:15:00Z,2025-02-01,2025-01-31_24,-88.38227791610393,100,11,0,12.761341337253008,13.080118855919508,0.015828577671838488,21.3,0.0,True,True,False,False,-2941.141253353149,0.0,189.3724757369341,20.88733498101151,24150.995177527275,0.0,21420.11373489207
2025-01-31T22:15:00Z,2025-01-31T22:30:00Z,2025-02-01,2025-01-31_24,-88.38227791610393,100,11,0,13.080118855919508,21.057326705224973,0.031382582256405486,13.1475,0.0,True,True,False,False,-2941.141253353149,0.0,189.3724757369341,20.88733498101151,5312.866522997167,0.0,2581.9850803619634
2025-01-31T22:30:00Z,2025-01-31T22:45:00Z,2025-02-01,2025-01-31_24,-88.38227791610393,100,11,0,21.057326705224973,39.88197983581776,0.05345001991249435,1.6525,0.05335,True,True,False,False,-2941.141253353149,0.0,189.3724757369341,20.88733498101151,297.36565997548576,-2.123430124379609,-2435.6392127840973
2025-01-31T22:45:00Z,2025-01-31T23:00:00Z,2025-02-01,2025-01-31_24,-88.38227791610393,100,11,0,39.88197983581776,60.42783795652167,0.05707182811306641,0.0,0.236885,True,True,False,False,-2941.141253353149,0.0,189.3724757369341,20.88733498101151,0.0,-9.116362172724898,-2739.9978048079283
2025-01-31T23:00:00Z,2025-01-31T23:15:00Z,2025-02-01,2025-02-01_1,0.0,100,100,0,60.42783795652167,51.718685782608624,0.024255978260869566,8.023,0.0125,True,True,False,False,0.0,0.0,189.3724757369341,189.88486346374103,1768.1746012417866,-0.6229027267064521,2146.8090377157555
2025-01-31T23:15:00Z,2025-01-31T23:30:00Z,2025-02-01,2025-02-01_1,0.0,100,100,0,51.718685782608624,46.31651186956515,0.015006038647342993,4.97,0.0,True,True,False,False,0.0,0.0,189.3724757369341,189.88486346374103,998.6427411738703,0.0,1377.9000803745453
2025-01-31T23:30:00Z,2025-01-31T23:45:00Z,2025-02-01,2025-02-01_1,0.0,100,100,0,46.31651186956515,44.98428839130428,0.008663509661835747,2.0475,0.971,True,True,False,False,0.0,0.0,189.3724757369341,189.88486346374103,411.26909397793713,-37.68163662668033,752.844796551932
2025-01-31T23:45:00Z,2025-02-01T00:00:00Z,2025-02-01,2025-02-01_1,0.0,100,100,0,44.98428839130428,45.4457640434782,0.0015113454106280193,0.038,0.5465,True,True,False,False,0.0,0.0,189.3724757369341,189.88486346374103,7.27651094098499,-23.04442924025961,363.4894209014005
2025-02-01T00:00:00Z,2025-02-01T00:15:00Z,2025-02-01,2025-02-01_2,0.0,100,100,0,45.4457640434782,45.22504056521733,0.0008482318840579709,0.242,0.046,True,True,False,False,0.0,0.0,189.3724757369341,189.88486346374103,47.208696927683,-3.1908658347901215,423.275170293568
2025-02-01T00:15:00Z,2025-02-01T00:30:00Z,2025-02-01,2025-02-01_2,0.0,100,100,0,45.22504056521733,41.57274230434776,0.010165717391304346,3.3634999999999997,0.004,True,True,False,False,0.0,0.0,189.3724757369341,189.88486346374103,700.6064999899532,-0.2813109088351719,1079.5825282817932
2025-02-01T00:30:00Z,2025-02-01T00:45:00Z,2025-02-01,2025-02-01_2,0.0,100,100,0,41.57274230434776,41.74540839130428,0.001255594202898551,0.1285,0.3395,True,True,False,False,0.0,0.0,189.3724757369341,189.88486346374103,24.404723511563887,-15.20583710089015,388.4562256113488
2025-02-01T00:45:00Z,2025-02-01T01:00:00Z,2025-02-01,2025-02-01_2,0.0,100,100,0,41.74540839130428,41.611106652173845,0.0007742826086956522,0.19,0.0785,True,True,False,False,0.0,0.0,189.3724757369341,189.88486346374103,34.66485422066831,-4.750127795527157,409.1720656258163
2025-02-01T01:00:00Z,2025-02-01T01:15:00Z,2025-02-01,2025-02-01_3,0.0,100,100,0,41.611106652173845,36.477327521739056,0.014263053140096616,4.7235,0.0005,True,True,False,False,0.0,0.0,189.3724757369341,189.88486346374103,985.2493782024234,-0.03516386360439649,1364.4715535394942
2025-02-01T01:15:00Z,2025-02-01T01:30:00Z,2025-02-01,2025-02-01_3,0.0,100,100,0,36.477327521739056,35.20036317391297,0.00355734541062802,1.1765,0.002,True,True,False,False,0.0,0.0,189.3724757369341,189.88486346374103,235.6548388490365,-0.14065545441758595,614.7715225952941
2025-02-01T01:30:00Z,2025-02-01T01:45:00Z,2025-02-01,2025-02-01_3,0.0,100,100,0,35.20036317391297,37.19413273913036,0.00561675120772947,0.013,2.1825,True,True,False,False,0.0,0.0,189.3724757369341,189.88486346374103,1.9229614001245803,-84.93931972994153,296.24098087085815
2025-02-01T01:45:00Z,2025-02-01T02:00:00Z,2025-02-01,2025-02-01_3,0.0,100,100,0,37.19413273913036,34.2015649130434,0.010530910628019322,3.1205,0.434,True,True,False,False,0.0,0.0,189.3724757369341,189.88486346374103,650.3565429903348,-17.47842626640143,1012.1354559246084
2025-02-01T02:00:00Z,2025-02-01T02:15:00Z,2025-02-01,2025-02-01_4,-100.0,100,0,0,34.2015649130434,46.6165049130434,0.03448594444444445,11.5055,0.0,True,True,False,False,-2981.0,0.0,189.3724757369341,0.0,2403.3217911467436,0.0,-388.30573311632224
2025-02-01T02:15:00Z,2025-02-01T02:30:00Z,2025-02-01,2025-02-01_4,-100.0,100,0,0,46.6165049130434,60.5853249130434,0.03880227777777778,9.8165,0.0,True,True,False,False,-2981.0,0.0,189.3724757369341,0.0,2045.8862596700626,0.0,-745.7412645930033
2025-02-01T02:30:00Z,2025-02-01T02:45:00Z,2025-02-01,2025-02-01_4,-100.0,100,0,0,60.5853249130434,78.3486849130434,0.049342666666666674,5.692,0.0,True,True,False,False,-2981.0,0.0,189.3724757369341,0.0,1159.7522912773525,0.0,-1631.8752329857134
2025-02-01T02:45:00Z,2025-02-01T03:00:00Z,2025-02-01,2025-02-01_4,-100.0,100,0,0,78.3486849130434,98.18112491304339,0.055090111111111104,3.443,0.0,True,True,False,False,-2981.0,0.0,189.3724757369341,0.0,694.228679245283,0.0,-2097.398845017783
2025-02-01T03:00:00Z,2025-02-01T03:15:00Z,2025-02-01,2025-02-01_5,-100.0,100,0,0,98.18112491304339,109.86880491304339,0.03246577777777778,12.296,0.0,True,True,False,False,-2991.5,0.0,189.3724757369341,0.0,3118.974398296059,0.0,316.8468740329931
2025-02-01T03:15:00Z,2025-02-01T03:30:00Z,2025-02-01,2025-02-01_5,-100.0,100,0,0,109.86880491304339,118.3351049130434,0.023517499999999997,15.797500000000001,0.0,True,True,False,False,-2991.5,0.0,189.3724757369341,0.0,6100.440459039122,0.0,3298.3129347760564
2025-02-01T03:30:00Z,2025-02-01T03:45:00Z,2025-02-01,2025-02-01_5,-100.0,100,0,0,118.3351049130434,133.4921049130434,0.04210277777777778,8.525,0.0,True,True,False,False,-2991.5,0.0,189.3724757369341,0.0,3189.686468945285,0.0,387.55894468221913
2025-02-01T03:45:00Z,2025-02-01T04:00:00Z,2025-02-01,2025-02-01_5,-100.0,100,0,0,133.4921049130434,151.0852649130434,0.0488698888888889,5.877,0.0,True,True,False,False,-2991.5,0.0,189.3724757369341,0.0,1212.1674151546204,0.0,-1589.9601091084455
2025-02-01T04:00:00Z,2025-02-01T04:15:00Z,2025-02-01,2025-02-01_6,-38.99999999999992,100,61,0,151.0852649130434,156.92573135652165,0.02753025099033813,3.0695,0.007625,True,True,False,False,-1182.1874999999977,0.0,191.90427391645068,115.82976671288202,644.7140374143509,-0.5362489199670465,-230.27567087628123
2025-02-01T04:15:00Z,2025-02-01T04:30:00Z,2025-02-01,2025-02-01_6,-38.99999999999992,100,61,0,156.92573135652165,152.69709006956512,0.03583266913043479,12.916500000000001,0.0,True,True,False,False,-1182.1874999999977,0.0,191.90427391645068,115.82976671288202,2951.121909397794,0.0,2076.668450027129
2025-02-01T04:30:00Z,2025-02-01T04:45:00Z,2025-02-01,2025-02-01_6,-38.99999999999992,100,61,0,152.69709006956512,156.10110864347817,0.029520039516908188,5.447,0.0,True,True,False,False,-1182.1874999999977,0.0,191.90427391645068,115.82976671288202,1121.761092491008,0.0,247.30763312034293
2025-02-01T04:45:00Z,2025-02-01T05:00:00Z,2025-02-01,2025-02-01_6,-38.99999999999992,100,61,0,156.10110864347817,164.64798260869554,0.02534551342995164,0.43550000000000005,0.02379,True,True,False,False,-1182.1874999999977,0.0,191.90427391645068,115.82976671288202,86.25029939518156,-1.6678861293628306,-789.8710461048463
2025-02-01T05:00:00Z,2025-02-01T05:15:00Z,2025-02-01,2025-02-01_7,0.0,100,100,0,164.64798260869554,164.58842173913033,0.0004082246376811594,0.095,0.0475,True,True,False,False,0.0,0.0,191.90427391645068,189.88486346374103,17.872491811843187,-3.3405670424176663,396.3210621496172
2025-02-01T05:15:00Z,2025-02-01T05:30:00Z,2025-02-01,2025-02-01_7,0.0,100,100,0,164.58842173913033,163.13026956521728,0.004050422705314009,1.3415,0.0,True,True,False,False,0.0,0.0,191.90427391645068,189.88486346374103,269.0887212409829,0.0,650.8778586211746
2025-02-01T05:30:00Z,2025-02-01T05:45:00Z,2025-02-01,2025-02-01_7,0.0,100,100,0,163.13026956521728,160.41785478260857,0.007565152173913044,2.5005,0.006,True,True,False,False,0.0,0.0,191.90427391645068,189.88486346374103,517.452817831093,-0.4219663632527579,898.8199888480319
2025-02-01T05:45:00Z,2025-02-01T06:00:00Z,2025-02-01,2025-02-01_7,0.0,100,100,0,160.41785478260857,148.98307217391292,0.03176328502415458,10.52,0.0,True,True,False,False,0.0,0.0,191.90427391645068,189.88486346374103,2273.655530773404,0.0,2655.4446681535956
2025-02-01T06:00:00Z,2025-02-01T06:15:00Z,2025-02-01,2025-02-01_8,-1.7107743063657204e-13,100,100,0,148.98307217391292,146.57981130434774,0.006675724637681246,2.211,0.0,True,True,False,False,-6.19043682758436e-12,0.0,191.90427391645068,189.88486346374103,444.85318222918795,0.0,826.6423196093734
2025-02-01T06:15:00Z,2025-02-01T06:30:00Z,2025-02-01,2025-02-01_8,-1.7107743063657204e-13,100,100,0,146.57981130434774,141.62872434782605,0.013753019323671565,4.555,0.0,True,True,False,False,-6.19043682758436e-12,0.0,191.90427391645068,189.88486346374103,962.4012900114533,0.0,1344.1904273916389
2025-02-01T06:30:00Z,2025-02-01T06:45:00Z,2025-02-01,2025-02-01_8,-1.7107743063657204e-13,100,100,0,141.62872434782605,135.74720260869566,0.01633756038647349,5.411,0.0,True,True,False,False,-6.19043682758436e-12,0.0,191.90427391645068,189.88486346374103,1155.7709859947354,0.0,1537.560123374921
2025-02-01T06:45:00Z,2025-02-01T07:00:00Z,2025-02-01,2025-02-01_8,-1.7107743063657204e-13,100,100,0,135.74720260869566,128.20155043478266,0.020960144927536273,6.941999999999999,0.0,True,True,False,False,-6.19043682758436e-12,0.0,191.90427391645068,189.88486346374103,1565.5983615648922,0.0,1947.3874989450778
2025-02-01T07:00:00Z,2025-02-01T07:15:00Z,2025-02-01,2025-02-01_9,0.0,100,100,0,128.20155043478266,114.15481130434787,0.03901871980676329,12.923000000000002,0.0,True,True,False,False,0.0,0.0,191.90427391645068,189.88486346374103,4144.52115980469,0.0,4526.310297184881
2025-02-01T07:15:00Z,2025-02-01T07:30:00Z,2025-02-01,2025-02-01_9,0.0,100,100,0,114.15481130434787,100.99231130434788,0.0365625,12.1095,0.0,True,True,False,False,0.0,0.0,191.90427391645068,189.88486346374103,4922.938661763819,0.0,5304.7277991440105
2025-02-01T07:30:00Z,2025-02-01T07:45:00Z,2025-02-01,2025-02-01_9,0.0,100,100,0,100.99231130434788,84.28035478260875,0.04642210144927536,15.375,0.0,True,True,False,False,0.0,0.0,191.90427391645068,189.88486346374103,3794.220793899572,0.0,4176.009931279764
2025-02-01T07:45:00Z,2025-02-01T08:00:00Z,2025-02-01,2025-02-01_9,0.0,100,100,0,84.28035478260875,64.43198521739137,0.055134359903381634,18.2605,0.0,True,True,False,False,0.0,0.0,191.90427391645068,189.88486346374103,9514.45544045251,0.0,9896.244577832702
2025-02-01T08:00:00Z,2025-02-01T08:15:00Z,2025-02-01,2025-02-01_10,0.0,100,100,0,64.43198521739137,41.21296347826094,0.06449728260869565,21.3615,0.0,True,True,False,False,0.0,0.0,191.90427391645068,189.88486346374103,21017.021292724094,0.0,21398.810430104284
2025-02-01T08:15:00Z,2025-02-01T08:30:00Z,2025-02-01,2025-02-01_10,0.0,100,100,0,41.21296347826094,25.708072173913113,0.043069142512077295,14.2645,0.0,True,True,False,False,0.0,0.0,191.90427391645068,189.88486346374103,3321.3610042799446,0.0,3703.1501416601363
2025-02-01T08:30:00Z,2025-02-01T08:45:00Z,2025-02-01,2025-02-01_10,0.0,100,100,0,25.708072173913113,12.772081739130506,0.03602019565217391,11.9155,0.017,True,True,False,False,0.0,0.0,191.90427391645068,189.88486346374103,8705.047651355315,-1.0056873028311932,9085.831101432675
2025-02-01T08:45:00Z,2025-02-01T09:00:00Z,2025-02-01,2025-02-01_10,0.0,100,100,0,12.772081739130506,12.433955652173983,0.0017570169082125604,0.4465,0.16,True,True,False,False,0.0,0.0,191.90427391645068,189.88486346374103,89.20651375409408,-9.489211726646172,461.5064394076396
2025-02-01T09:00:00Z,2025-02-01T09:15:00Z,2025-02-01,2025-02-01_11,0.0,100,100,0,12.433955652173983,10.181660869565288,0.006343263285024154,2.0865,0.017,True,True,False,False,0.0,0.0,189.3724757369341,189.88486346374103,430.32747091446134,-1.1774874917113753,808.4073226234251
2025-02-01T09:15:00Z,2025-02-01T09:30:00Z,2025-02-01,2025-02-01_11,0.0,100,100,0,10.181660869565288,10.000000000000071,0.001041280193236715,0.256,0.105,True,True,False,False,0.0,0.0,189.3724757369341,189.88486346374103,50.50155163059859,-6.175773102658388,423.5831177286153
2025-02-01T09:30:00Z,2025-02-01T09:45:00Z,2025-02-01,2025-02-01_11,0.0,100,100,0,10.000000000000071,10.933074782608767,0.0031172367149758457,0.087,1.117,True,True,False,False,0.0,0.0,189.3724757369341,189.88486346374103,16.840977756344564,-44.99871320352844,351.09960375349124
2025-02-01T09:45:00Z,2025-02-01T10:00:00Z,2025-02-01,2025-02-01_11,0.0,100,100,0,10.933074782608767,17.41263478260877,0.01799877777777778,0.0,7.043000000000001,True,True,False,False,0.0,0.0,189.3724757369341,189.88486346374103,0.0,-223.47482729519564,155.78251190547948
2025-02-01T10:00:00Z,2025-02-01T10:15:00Z,2025-02-01,2025-02-01_12,0.0,100,100,0,17.41263478260877,18.58609826086964,0.003326045893719807,0.011,1.2885,True,True,False,False,0.0,0.0,189.3724757369341,189.88486346374103,2.1601659734362126,-54.75872566158298,326.6587795125283
2025-02-01T10:15:00Z,2025-02-01T10:30:00Z,2025-02-01,2025-02-01_12,0.0,100,100,0,18.58609826086964,18.675741739130512,0.003162657004830918,0.48249999999999993,0.6675,True,True,False,False,0.0,0.0,189.3724757369341,189.88486346374103,96.45045763256773,-24.505044005063596,451.20275282817926
2025-02-01T10:30:00Z,2025-02-01T10:45:00Z,2025-02-01,2025-02-01_12,0.0,100,100,0,18.675741739130512,24.859521739130514,0.017177166666666667,0.0,6.7215,True,True,False,False,0.0,0.0,189.3724757369341,189.88486346374103,0.0,-140.2470073542709,239.01033184640423
2025-02-01T10:45:00Z,2025-02-01T11:00:00Z,2025-02-01,2025-02-01_12,0.0,100,100,0,24.859521739130514,36.359521739130514,0.03194444444444444,0.0,12.5,True,True,False,False,0.0,0.0,189.3724757369341,189.88486346374103,0.0,-73.28651516064862,305.9708240400265
2025-02-01T11:00:00Z,2025-02-01T11:15:00Z,2025-02-01,2025-02-01_13,0.0,100,100,0,36.359521739130514,38.37729304347834,0.005647190821256038,0.007000000000000001,2.2015,True,True,False,False,0.0,0.0,189.3724757369341,189.88486346374103,0.4219663632527579,-83.36698786344364,296.31231770048424
2025-02-01T11:15:00Z,2025-02-01T11:30:00Z,2025-02-01,2025-02-01_13,0.0,100,100,0,38.37729304347834,44.980593043478336,0.0183425,0.0,7.1775,True,True,False,False,0.0,0.0,189.3724757369341,189.88486346374103,0.0,121.34412713243717,500.6014663331123
2025-02-01T11:30:00Z,2025-02-01T11:45:00Z,2025-02-01,2025-02-01_13,0.0,100,100,0,44.980593043478336,51.39658956521746,0.017825231884057973,0.0005,6.9745,True,True,False,False,0.0,0.0,189.3724757369341,189.88486346374103,0.03014045451805413,1735.6971067173026,2114.984586372496
2025-02-01T11:45:00Z,2025-02-01T12:00:00Z,2025-02-01,2025-02-01_13,0.0,100,100,0,51.39658956521746,71.93236956521747,0.05704383333333334,0.0,22.3215,True,True,False,False,0.0,0.0,189.3724757369341,189.88486346374103,0.0,15042.79017180059,15422.047511001265
2025-02-01T12:00:00Z,2025-02-01T12:15:00Z,2025-02-01,2025-02-01_14,0.0,100,100,0,71.93236956521747,91.02374956521747,0.05303161111111111,0.0,20.7515,True,True,False,False,0.0,0.0,189.3724757369341,189.88486346374103,0.0,8926.534991259268,9305.792330459943
2025-02-01T12:15:00Z,2025-02-01T12:30:00Z,2025-02-01,2025-02-01_14,0.0,100,100,0,91.02374956521747,111.28812956521747,0.05628994444444444,0.0,22.0265,True,True,False,False,0.0,0.0,189.3724757369341,189.88486346374103,0.0,6880.029301746136,7259.2866409468115
2025-02-01T12:30:00Z,2025-02-01T12:45:00Z,2025-02-01,2025-02-01_14,0.0,100,100,0,111.28812956521747,117.48516956521748,0.017283444444444445,0.0115,6.7495,True,True,False,False,0.0,0.0,189.3724757369341,189.88486346374103,0.8017371953302389,1805.0569205497618,2185.115996945767
2025-02-01T12:45:00Z,2025-02-01T13:00:00Z,2025-02-01,2025-02-01_14,0.0,100,100,0,117.48516956521748,126.73668956521747,0.025698666666666665,0.0,10.056,True,True,False,False,0.0,0.0,189.3724757369341,189.88486346374103,0.0,2989.9096413285906,3369.166980529266
2025-02-01T13:00:00Z,2025-02-01T13:15:00Z,2025-02-01,2025-02-01_15,-42.71946786389228,0,0,0,126.73668956521747,136.5621671739127,0.027292993357486733,0.0,0.0,True,False,False,False,-1214.300874031138,0.0,0.0,0.0,0.0,0.0,-1214.300874031138
2025-02-01T13:15:00Z,2025-02-01T13:30:00Z,2025-02-01,2025-02-01_15,-42.71946786389228,0,0,0,136.5621671739127,146.38764478260794,0.027292993357486733,0.0,0.0,True,False,False,False,-1214.300874031138,0.0,0.0,0.0,0.0,0.0,-1214.300874031138
2025-02-01T13:30:00Z,2025-02-01T13:45:00Z,2025-02-01,2025-02-01_15,-42.71946786389228,0,0,0,146.38764478260794,156.21312239130316,0.027292993357486733,0.0,0.0,True,False,False,False,-1214.300874031138,0.0,0.0,0.0,0.0,0.0,-1214.300874031138
2025-02-01T13:45:00Z,2025-02-01T14:00:00Z,2025-02-01,2025-02-01_15,-42.71946786389228,0,0,0,156.21312239130316,166.03859999999838,0.027292993357486733,0.0,0.0,True,False,False,False,-1214.300874031138,0.0,0.0,0.0,0.0,0.0,-1214.300874031138
2025-02-01T14:00:00Z,2025-02-01T14:15:00Z,2025-02-01,2025-02-01_16,0.0,100,100,0,166.03859999999838,179.5363799999984,0.03749383333333334,0.0,14.671500000000002,True,True,False,False,0.0,0.0,191.90427391645068,189.88486346374103,0.0,6484.179784797155,6865.968922177346
2025-02-01T14:15:00Z,2025-02-01T14:30:00Z,2025-02-01,2025-02-01_16,0.0,100,100,0,179.5363799999984,189.8371599999984,0.028613277777777783,0.0,11.1965,True,True,False,False,0.0,0.0,191.90427391645068,189.88486346374103,0.0,2304.5662336488035,2686.3553710289953
2025-02-01T14:30:00Z,2025-02-01T14:45:00Z,2025-02-01,2025-02-01_16,0.0,100,100,0,189.8371599999984,188.7798913043462,0.0038415241545893715,1.1225,0.177,True,True,False,False,0.0,0.0,191.90427391645068,189.88486346374103,224.4273725561115,-7.83449153053228,598.382018405771
2025-02-01T14:45:00Z,2025-02-01T15:00:00Z,2025-02-01,2025-02-01_16,0.0,100,100,0,188.7798913043462,181.9423913043462,0.018993055555555558,6.290500000000001,0.0,True,True,False,False,0.0,0.0,191.90427391645068,189.88486346374103,1331.1687451524103,0.0,1712.957882532602
2025-02-01T15:00:00Z,2025-02-01T15:15:00Z,2025-02-01,2025-02-01_17,0.0,100,100,0,181.9423913043462,185.75728434782445,0.011158519323671498,0.093,4.2565,True,True,False,False,0.0,0.0,192.47694255229368,189.88486346374103,13.080957260835493,-79.76992495026825,315.67283832660195
2025-02-01T15:15:00Z,2025-02-01T15:30:00Z,2025-02-01,2025-02-01_17,0.0,100,100,0,185.75728434782445,184.19664956521578,0.005625652173913043,1.6495,0.2525,True,True,False,False,0.0,0.0,192.47694255229368,189.88486346374103,320.8568674020937,-11.471456487230494,691.7472169308979
2025-02-01T15:30:00Z,2025-02-01T15:45:00Z,2025-02-01,2025-02-01_17,0.0,100,100,0,184.19664956521578,176.12925826086794,0.022409420289855073,7.422,0.0,True,True,False,False,0.0,0.0,192.47694255229368,189.88486346374103,4185.973997227077,0.0,4568.3358032431115
2025-02-01T15:45:00Z,2025-02-01T16:00:00Z,2025-02-01,2025-02-01_17,0.0,100,100,0,176.12925826086794,155.4569756521723,0.057423007246376806,19.0185,0.0,True,True,False,False,0.0,0.0,192.47694255229368,189.88486346374103,14548.080566941948,0.0,14930.442372957983
2025-02-01T16:00:00Z,2025-02-01T16:15:00Z,2025-02-01,2025-02-01_18,-1.1373752181621844e-14,100,100,0,155.4569756521723,152.82599739130274,0.007308272946859909,2.4205,0.0,True,True,False,False,-4.741717284518147e-13,0.0,192.47694255229368,189.88486346374103,456.78614553820813,0.0,839.1479515542424
2025-02-01T16:15:00Z,2025-02-01T16:30:00Z,2025-02-01,2025-02-01_18,-1.1373752181621844e-14,100,100,0,152.82599739130274,144.17817130434622,0.02402173913043478,7.956,0.0,True,True,False,False,-4.741717284518147e-13,0.0,192.47694255229368,189.88486346374103,1947.7548375429503,0.0,2330.1166435589844
2025-02-01T16:30:00Z,2025-02-01T16:45:00Z,2025-02-01,2025-02-01_18,-1.1373752181621844e-14,100,100,0,144.17817130434622,138.17545391304188,0.016674214975845415,5.5225,0.0,True,True,False,False,-4.741717284518147e-13,0.0,192.47694255229368,189.88486346374103,1141.2467573894346,0.0,1523.6085634054689
2025-02-01T16:45:00Z,2025-02-01T17:00:00Z,2025-02-01,2025-02-01_18,-1.1373752181621844e-14,100,100,0,138.17545391304188,132.52817130434622,0.015686896135265704,5.1955,0.0,True,True,False,False,-4.741717284518147e-13,0.0,192.47694255229368,189.88486346374103,1039.935171901059,0.0,1422.2969779170933
2025-02-01T17:00:00Z,2025-02-01T17:15:00Z,2025-02-01,2025-02-01_19,0.0,100,100,0,132.52817130434622,132.29038173912883,0.000719304347826087,0.2285,0.0115,True,True,False,False,0.0,0.0,192.47694255229368,189.88486346374103,32.13977133441839,-0.8087688629011193,413.692808487552
2025-02-01T17:15:00Z,2025-02-01T17:30:00Z,2025-02-01,2025-02-01_19,0.0,100,100,0,132.29038173912883,131.30434869565056,0.0028105362318840577,0.919,0.014000000000000002,True,True,False,False,0.0,0.0,192.47694255229368,189.88486346374103,142.75144412964414,-0.9845881809231019,524.1286619647558
2025-02-01T17:30:00Z,2025-02-01T17:45:00Z,2025-02-01,2025-02-01_19,0.0,100,100,0,131.30434869565056,126.66739217391142,0.012880434782608696,4.266,0.0,True,True,False,False,0.0,0.0,192.47694255229368,189.88486346374103,857.1945264934595,0.0,1239.5563325094943
2025-02-01T17:45:00Z,2025-02-01T18:00:00Z,2025-02-01,2025-02-01_19,0.0,100,100,0,126.66739217391142,110.42717478260707,0.045111714975845416,14.941,0.0,True,True,False,False,0.0,0.0,192.47694255229368,189.88486346374103,4828.911865895071,0.0,5211.273671911105
2025-02-01T18:00:00Z,2025-02-01T18:15:00Z,2025-02-01,2025-02-01_20,25.652085844073223,74,100,0,110.42717478260707,96.18519493367413,0.03956105513592484,6.6895999999999995,0.0,True,True,False,False,1045.1942377167634,0.0,142.43293748869732,189.88486346374103,1602.152949544879,0.0,2979.664988214081
2025-02-01T18:15:00Z,2025-02-01T18:30:00Z,2025-02-01,2025-02-01_20,25.652085844073223,74,100,0,96.18519493367413,89.16174504142013,0.019652083202837768,0.08177000000000001,0.0375,True,True,False,False,1045.1942377167634,0.0,142.43293748869732,189.88486346374103,11.501396507726005,-2.5919886671891015,1386.4214465097386
2025-02-01T18:30:00Z,2025-02-01T18:45:00Z,2025-02-01,2025-02-01_20,25.652085844073223,74,100,0,89.16174504142013,83.64830946144025,0.021066405645999445,0.0,1.5135,True,True,False,False,1045.1942377167634,0.0,142.43293748869732,189.88486346374103,0.0,-60.79363373319669,1316.718404936005
2025-02-01T18:45:00Z,2025-02-01T19:00:00Z,2025-02-01,2025-02-01_20,25.652085844073223,74,100,0,83.64830946144025,81.3940460869541,0.024876164756538345,0.0,4.8985,True,True,False,False,1045.1942377167634,0.0,142.43293748869732,189.88486346374103,0.0,-128.66596740812184,1248.84607126108
2025-02-01T19:00:00Z,2025-02-01T19:15:00Z,2025-02-01,2025-02-01_21,0.0,100,100,0,81.3940460869541,71.00258521738888,0.029069613526570046,9.594,0.04,True,True,False,False,0.0,0.0,191.90427391645068,189.88486346374103,3076.088901079028,-2.104655695541222,3455.7733827636785
2025-02-01T19:15:00Z,2025-02-01T19:30:00Z,2025-02-01,2025-02-01_21,0.0,100,100,0,71.00258521738888,59.31128086956279,0.03247584541062802,10.756,0.0,True,True,False,False,0.0,0.0,191.90427391645068,189.88486346374103,4333.016572427512,0.0,4714.805709807703
2025-02-01T19:30:00Z,2025-02-01T19:45:00Z,2025-02-01,2025-02-01_21,0.0,100,100,0,59.31128086956279,52.89388956521497,0.017826086956521738,5.904,0.0,True,True,False,False,0.0,0.0,191.90427391645068,189.88486346374103,1385.2707987220444,0.0,1767.0599361022362
2025-02-01T19:45:00Z,2025-02-01T20:00:00Z,2025-02-01,2025-02-01_21,0.0,100,100,0,52.89388956521497,52.875568695649754,0.0006616690821256038,0.11799999999999998,0.1195,True,True,False,False,0.0,0.0,191.90427391645068,189.88486346374103,16.65652500653043,-7.3789515140554975,391.06671087266665
2025-02-01T20:00:00Z,2025-02-01T20:15:00Z,2025-02-01,2025-02-01_22,0.0,100,100,0,52.875568695649754,43.28589478260628,0.02663798309178744,8.8225,0.0,True,True,False,False,0.0,0.0,189.3724757369341,189.88486346374103,2025.6631603271244,0.0,2404.9204995277996
2025-02-01T20:15:00Z,2025-02-01T20:30:00Z,2025-02-01,2025-02-01_22,0.0,100,100,0,43.28589478260628,29.903286086954104,0.03717391304347826,12.312,0.0,True,True,False,False,0.0,0.0,189.3724757369341,189.88486346374103,2871.9934993067695,0.0,3251.2508385074448
2025-02-01T20:30:00Z,2025-02-01T20:45:00Z,2025-02-01,2025-02-01_22,0.0,100,100,0,29.903286086954104,25.089155652171495,0.013372584541062802,4.429,0.0,True,True,False,False,0.0,0.0,189.3724757369341,189.88486346374103,889.9355844234132,0.0,1269.1929236240883
2025-02-01T20:45:00Z,2025-02-01T21:00:00Z,2025-02-01,2025-02-01_22,0.0,100,100,0,25.089155652171495,23.16164782608454,0.005364410628019323,1.775,0.002,True,True,False,False,0.0,0.0,189.3724757369341,189.88486346374103,356.0521530331344,-0.14065545441758595,735.1688367793919
2025-02-01T21:00:00Z,2025-02-01T21:15:00Z,2025-02-01,2025-02-01_23,0.0,100,100,0,23.16164782608454,15.643045217388886,0.020905451690821256,6.9205000000000005,0.004,True,True,False,False,0.0,0.0,189.3724757369341,189.88486346374103,1563.2067173026305,-0.2813109088351719,1942.1827455944704
2025-02-01T21:15:00Z,2025-02-01T21:30:00Z,2025-02-01,2025-02-01_23,0.0,100,100,0,15.643045217388886,15.580344347823669,0.00033005797101449274,0.0835,0.0305,True,True,False,False,0.0,0.0,189.3724757369341,189.88486346374103,15.85087276709466,-2.144995679868186,392.9632162879016
2025-02-01T21:30:00Z,2025-02-01T21:45:00Z,2025-02-01,2025-02-01_23,0.0,100,100,0,15.580344347823669,12.625996521736713,0.008206521739130435,2.718,0.0,True,True,False,False,0.0,0.0,189.3724757369341,189.88486346374103,545.9484236542287,0.0,925.2057628549038
2025-02-01T21:45:00Z,2025-02-01T22:00:00Z,2025-02-01,2025-02-01_23,0.0,100,100,0,12.625996521736713,9.999999999997582,0.0074247681159420285,2.4375,0.025499999999999995,True,True,False,False,0.0,0.0,189.3724757369341,189.88486346374103,497.3509931279763,-1.0398447766592318,875.5684875519922
2025-02-01T22:00:00Z,2025-02-01T22:15:00Z,2025-02-02,2025-02-01_24,0.0,0,100,0,9.999999999997582,10.009659999997583,2.6833333333333333e-05,0.0,0.0105,True,True,False,False,0.0,0.0,0.0,189.88486346374103,0.0,-0.63747091446139,189.24739254927962
2025-02-01T22:15:00Z,2025-02-01T22:30:00Z,2025-02-02,2025-02-01_24,0.0,0,100,0,10.009659999997583,10.145819999997583,0.00037822222222222223,0.0,0.148,True,True,False,False,0.0,0.0,0.0,189.88486346374103,0.0,-6.9328960958064565,182.95196736793457
2025-02-01T22:30:00Z,2025-02-01T22:45:00Z,2025-02-02,2025-02-01_24,0.0,0,100,0,10.145819999997583,10.905739999997582,0.002110888888888889,0.0,0.826,True,True,False,False,0.0,0.0,0.0,189.88486346374103,0.0,-33.667047642011774,156.21781582172926
2025-02-01T22:45:00Z,2025-02-01T23:00:00Z,2025-02-02,2025-02-01_24,0.0,0,100,0,10.905739999997582,15.350719999997583,0.012347166666666668,0.0,4.8315,True,True,False,False,0.0,0.0,0.0,189.88486346374103,0.0,-98.1532229188016,91.73164054493942
2025-02-01T23:00:00Z,2025-02-01T23:15:00Z,2025-02-02,2025-02-02_1,0.0,100,100,0,15.350719999997583,20.258459999997584,0.013632611111111113,0.0,5.3345,True,True,False,False,0.0,0.0,189.3724757369341,189.88486346374103,0.0,-130.43033114312698,248.82700805754814
2025-02-01T23:15:00Z,2025-02-01T23:30:00Z,2025-02-02,2025-02-02_1,0.0,100,100,0,20.258459999997584,25.86184782608454,0.015610256038647343,0.0075,6.0995,True,True,False,False,0.0,0.0,189.3724757369341,189.88486346374103,1.3777201760202542,1507.7090874475055,1888.3441468242008
2025-02-01T23:30:00Z,2025-02-01T23:45:00Z,2025-02-02,2025-02-02_1,0.0,100,100,0,25.86184782608454,38.920787826084535,0.036274833333333326,0.0,14.194499999999998,True,True,False,False,0.0,0.0,189.3724757369341,189.88486346374103,0.0,955.6808568931219,1334.9381960937972
2025-02-01T23:45:00Z,2025-02-02T00:00:00Z,2025-02-02,2025-02-02_1,0.0,100,100,0,38.920787826084535,55.50930782608454,0.04607922222222222,0.0,18.031,True,True,False,False,0.0,0.0,189.3724757369341,189.88486346374103,0.0,6860.736262583639,7239.993601784314
2025-02-02T00:00:00Z,2025-02-02T00:15:00Z,2025-02-02,2025-02-02_2,0.0,100,100,0,55.50930782608454,69.35576782608453,0.03846238888888889,0.0,15.0505,True,True,False,False,0.0,0.0,189.3724757369341,189.88486346374103,0.0,864.5138812867964,1243.7712204874715
2025-02-02T00:15:00Z,2025-02-02T00:30:00Z,2025-02-02,2025-02-02_2,0.0,100,100,0,69.35576782608453,86.95122782608453,0.048876277777777775,0.0,19.1255,True,True,False,False,0.0,0.0,189.3724757369341,189.88486346374103,0.0,7730.349783591536,8109.607122792211
2025-02-02T00:30:00Z,2025-02-02T00:45:00Z,2025-02-02,2025-02-02_2,0.0,100,100,0,86.95122782608453,100.11320782608453,0.036561055555555555,0.0,14.3065,True,True,False,False,0.0,0.0,189.3724757369341,189.88486346374103,0.0,423.5835932445194,802.8409324451945
2025-02-02T00:45:00Z,2025-02-02T01:00:00Z,2025-02-02,2025-02-02_2,0.0,100,100,0,100.11320782608453,109.34356782608454,0.025639888888888886,0.0,10.033,True,True,False,False,0.0,0.0,189.3724757369341,189.88486346374103,0.0,-53.000496312817724,326.2568428878574
2025-02-02T01:00:00Z,2025-02-02T01:15:00Z,2025-02-02,2025-02-02_3,0.0,100,100,0,109.34356782608454,113.35384782608453,0.011139666666666666,0.0,4.359,True,True,False,False,0.0,0.0,189.3724757369341,197.2089939116282,0.0,-160.73653746458496,225.84493218397733
2025-02-02T01:15:00Z,2025-02-02T01:30:00Z,2025-02-02,2025-02-02_3,0.0,100,100,0,113.35384782608453,118.90880782608453,0.015430444444444445,0.0,6.038,True,True,False,False,0.0,0.0,189.3724757369341,197.2089939116282,0.0,-202.45322884642434,184.12824080213795
2025-02-02T01:30:00Z,2025-02-02T01:45:00Z,2025-02-02,2025-02-02_3,0.0,100,100,0,118.90880782608453,119.72305391304104,0.0023433164251207735,0.0135,0.901,True,True,False,False,0.0,0.0,189.3724757369341,197.2089939116282,2.0106691180903007,-36.664781682641106,351.9273570840115
2025-02-02T01:45:00Z,2025-02-02T02:00:00Z,2025-02-02,2025-02-02_3,0.0,100,100,0,119.72305391304104,120.07606347825843,0.0014063067632850243,0.0705,0.4670000000000001,True,True,False,False,0.0,0.0,189.3724757369341,197.2089939116282,12.612568569534027,-19.870607430626723,379.3234307874696
2025-02-02T02:00:00Z,2025-02-02T02:15:00Z,2025-02-02,2025-02-02_4,0.0,100,100,0,120.07606347825843,120.83413043478018,0.0026552584541062805,0.091,0.9315,True,True,False,False,0.0,0.0,189.3724757369341,197.2089939116282,17.55169791227118,-38.00999909578636,366.1231684650471
2025-02-02T02:15:00Z,2025-02-02T02:30:00Z,2025-02-02,2025-02-02_4,0.0,100,100,0,120.83413043478018,120.62439739130191,0.0007308140096618356,0.21749999999999997,0.029,True,True,False,False,0.0,0.0,189.3724757369341,197.2089939116282,39.69708240400264,-1.412583840697651,424.86596821186725
2025-02-02T02:30:00Z,2025-02-02T02:45:00Z,2025-02-02,2025-02-02_4,0.0,100,100,0,120.62439739130191,119.83618869564974,0.0022278019323671494,0.7315,0.0075,True,True,False,False,0.0,0.0,189.3724757369341,197.2089939116282,144.34995067012278,-0.5073648200614864,530.4240554986236
2025-02-02T02:45:00Z,2025-02-02T03:00:00Z,2025-02-02,2025-02-02_4,0.0,100,100,0,119.83618869564974,119.63085826086713,0.0009664734299516908,0.2545,0.0775,True,True,False,False,0.0,0.0,189.3724757369341,197.2089939116282,50.30444330580505,-5.445368919163301,431.440544035204
2025-02-02T03:00:00Z,2025-02-02T03:15:00Z,2025-02-02,2025-02-02_5,0.0,100,100,0,119.63085826086713,119.39285913043236,0.0007096642512077294,0.22699999999999998,0.0095,True,True,False,False,0.0,0.0,189.3724757369341,197.2089939116282,43.218716418510255,-0.6681134084835333,429.13207265858904
2025-02-02T03:15:00Z,2025-02-02T03:30:00Z,2025-02-02,2025-02-02_5,0.0,100,100,0,119.39285913043236,119.2412869565193,0.0007353671497584541,0.1915,0.0615,True,True,False,False,0.0,0.0,189.3724757369341,197.2089939116282,37.17886671891012,-3.481218578576165,420.27911778889626
2025-02-02T03:30:00Z,2025-02-02T03:45:00Z,2025-02-02,2025-02-02_5,0.0,100,100,0,119.2412869565193,118.86094782608451,0.0012864975845410629,0.388,0.045,True,True,False,False,0.0,0.0,189.3724757369341,197.2089939116282,76.56971487130026,-2.8934836337331964,460.2577008861294
2025-02-02T03:45:00Z,2025-02-02T04:00:00Z,2025-02-02,2025-02-02_5,0.0,100,100,0,118.86094782608451,118.64635913043234,0.0006267463768115943,0.20250000000000004,0.006,True,True,False,False,0.0,0.0,189.3724757369341,197.2089939116282,38.82781963952017,-0.4219663632527579,424.9873229248297
2025-02-02T04:00:00Z,2025-02-02T04:15:00Z,2025-02-02,2025-02-02_6,0.0,100,100,0,118.64635913043234,118.76839391304104,0.0005171256038647344,0.029499999999999995,0.1675,True,True,False,False,0.0,0.0,191.90427391645068,197.2089939116282,5.202846364056502,-9.519366246709668,384.7967479454257
2025-02-02T04:15:00Z,2025-02-02T04:30:00Z,2025-02-02,2025-02-02_6,0.0,100,100,0,118.76839391304104,118.63533043478017,0.00046673188405797105,0.1385,0.019,True,True,False,False,0.0,0.0,191.90427391645068,197.2089939116282,26.491941145739148,-1.3362268169670666,414.26898215685094
2025-02-02T04:30:00Z,2025-02-02T04:45:00Z,2025-02-02,2025-02-02_6,0.0,100,100,0,118.63533043478017,118.51001217391061,0.000657328502415459,0.1665,0.0605,True,True,False,False,0.0,0.0,191.90427391645068,197.2089939116282,31.633327204774247,-3.335541623967689,417.41105340888544
2025-02-02T04:45:00Z,2025-02-02T05:00:00Z,2025-02-02,2025-02-02_6,0.0,100,100,0,118.51001217391061,118.47693304347582,0.0014872198067632852,0.2615,0.273,True,True,False,False,0.0,0.0,191.90427391645068,197.2089939116282,51.805395241826915,-11.373985170896377,429.5446778990094
2025-02-02T05:00:00Z,2025-02-02T05:15:00Z,2025-02-02,2025-02-02_7,0.0,100,100,0,118.47693304347582,119.41257304347583,0.0025989999999999997,0.0,1.017,True,True,False,False,0.0,0.0,191.90427391645068,197.05829163903792,0.0,-41.41301163421544,347.5495539212732
2025-02-02T05:15:00Z,2025-02-02T05:30:00Z,2025-02-02,2025-02-02_7,0.0,100,100,0,119.41257304347583,119.44513478260627,0.0006097729468599034,0.086,0.137,True,True,False,False,0.0,0.0,191.90427391645068,197.05829163903792,16.352701187533906,-7.374358711596038,397.9409080314265
2025-02-02T05:30:00Z,2025-02-02T05:45:00Z,2025-02-02,2025-02-02_7,0.0,100,100,0,119.44513478260627,119.43833913043237,0.0003766545893719807,0.0655,0.07,True,True,False,False,0.0,0.0,191.90427391645068,197.05829163903792,12.429324853818795,-4.922940904615509,396.46894950469186
2025-02-02T05:45:00Z,2025-02-02T06:00:00Z,2025-02-02,2025-02-02_7,0.0,100,100,0,119.43833913043237,119.35745478260628,0.0004214565217391304,0.107,0.0385,True,True,False,False,0.0,0.0,191.90427391645068,197.05829163903792,20.4243858380051,-2.6925476721522297,406.6944037213415
2025-02-02T06:00:00Z,2025-02-02T06:15:00Z,2025-02-02,2025-02-02_8,0.0,100,100,0,119.35745478260628,119.49667130434541,0.0004591763285024155,0.012,0.1655,True,True,False,False,0.0,0.0,191.90427391645068,197.05829163903792,2.2011573934534936,-10.7443809150642,380.4193420338779
2025-02-02T06:15:00Z,2025-02-02T06:30:00Z,2025-02-02,2025-02-02_8,0.0,100,100,0,119.49667130434541,120.0342904347802,0.001580946859903382,0.0145,0.6015,True,True,False,False,0.0,0.0,191.90427391645068,197.05829163903792,2.6390978961962746,-30.181238772680693,361.42042467900416
2025-02-02T06:30:00Z,2025-02-02T06:45:00Z,2025-02-02,2025-02-02_8,0.0,100,100,0,120.0342904347802,120.07186260869325,0.00047574396135265703,0.0615,0.11349999999999999,True,True,False,False,0.0,0.0,191.90427391645068,197.05829163903792,11.498585809874013,-7.429213233668896,393.0319381316937
2025-02-02T06:45:00Z,2025-02-02T07:00:00Z,2025-02-02,2025-02-02_8,0.0,100,100,0,120.07186260869325,120.11046869564977,0.0002582053140096618,0.025,0.0715,True,True,False,False,0.0,0.0,191.90427391645068,197.05829163903792,4.379408041473265,-5.028432495428698,388.3135411015332
2025-02-02T07:00:00Z,2025-02-02T07:15:00Z,2025-02-02,2025-02-02_9,0.0,100,100,0,120.11046869564977,119.9435052173889,0.0006503429951690821,0.1845,0.0365,True,True,False,False,0.0,0.0,191.90427391645068,197.05829163903792,33.11742932063416,-2.5669620431209434,419.51303283300183
2025-02-02T07:15:00Z,2025-02-02T07:30:00Z,2025-02-02,2025-02-02_9,0.0,100,100,0,119.9435052173889,107.63752695651934,0.034183272946859904,11.3215,0.0,True,True,False,False,0.0,0.0,191.90427391645068,197.05829163903792,3260.4245672835414,0.0,3649.38713283903
2025-02-02T07:30:00Z,2025-02-02T07:45:00Z,2025-02-02,2025-02-02_9,0.0,100,100,0,107.63752695651934,85.60057043478021,0.061213768115942035,20.274,0.0,True,True,False,False,0.0,0.0,191.90427391645068,197.05829163903792,17336.985176924467,0.0,17725.947742479955
2025-02-02T07:45:00Z,2025-02-02T08:00:00Z,2025-02-02,2025-02-02_9,0.0,100,100,0,85.60057043478021,80.48263565217151,0.014216485507246376,4.7085,0.0,True,True,False,False,0.0,0.0,191.90427391645068,197.05829163903792,1012.355410211586,0.0,1401.3179757670746
2025-02-02T08:00:00Z,2025-02-02T08:15:00Z,2025-02-02,2025-02-02_10,0.0,100,100,0,80.48263565217151,57.09839652173673,0.06495621980676328,21.5135,0.0,True,True,False,False,0.0,0.0,191.90427391645068,197.05829163903792,17085.376990977955,0.0,17474.339556533443
2025-02-02T08:15:00Z,2025-02-02T08:30:00Z,2025-02-02,2025-02-02_10,0.0,100,100,0,57.09839652173673,38.06361391304108,0.05287439613526569,17.512,0.0,True,True,False,False,0.0,0.0,191.90427391645068,197.05829163903792,12973.912303333535,0.0,13362.874868889023
2025-02-02T08:30:00Z,2025-02-02T08:45:00Z,2025-02-02,2025-02-02_10,0.0,100,100,0,38.06361391304108,37.8077147826063,0.0014238309178743961,0.3535,0.1395,True,True,False,False,0.0,0.0,191.90427391645068,197.05829163903792,70.08281160206562,-8.931509433962265,450.11386772359197
2025-02-02T08:45:00Z,2025-02-02T09:00:00Z,2025-02-02,2025-02-02_10,0.0,100,100,0,37.8077147826063,43.827274782606295,0.016721,0.0,6.543,True,True,False,False,0.0,0.0,191.90427391645068,197.05829163903792,0.0,-99.96918319368255,288.993382361806
2025-02-02T09:00:00Z,2025-02-02T09:15:00Z,2025-02-02,2025-02-02_11,0.0,100,100,0,43.827274782606295,34.97583565217151,0.025047330917874398,8.2195,0.09,True,True,False,False,0.0,0.0,191.09048164446318,197.05829163903792,2959.2644362730325,-4.790324914099704,3342.6228846424337
2025-02-02T09:15:00Z,2025-02-02T09:30:00Z,2025-02-02,2025-02-02_11,0.0,100,100,0,34.97583565217151,35.70713826086716,0.0033659371980676333,0.22100000000000003,1.056,True,True,False,False,0.0,0.0,191.09048164446318,197.05829163903792,43.819388148773285,-42.29856410874676,389.6695973235276
2025-02-02T09:30:00Z,2025-02-02T09:45:00Z,2025-02-02,2025-02-02_11,0.0,100,100,0,35.70713826086716,43.83349826086716,0.022573222222222224,0.0,8.833,True,True,False,False,0.0,0.0,191.09048164446318,197.05829163903792,0.0,-81.90674221873932,306.24203106476176
2025-02-02T09:45:00Z,2025-02-02T10:00:00Z,2025-02-02,2025-02-02_11,0.0,100,100,0,43.83349826086716,57.46743826086716,0.037872055555555555,0.0,14.8195,True,True,False,False,0.0,0.0,191.09048164446318,197.05829163903792,0.0,4.097420378965981,392.2461936624671
2025-02-02T10:00:00Z,2025-02-02T10:15:00Z,2025-02-02,2025-02-02_12,0.0,0,0,0,57.46743826086716,57.46743826086716,0.0,0.0,0.0,True,False,False,False,0.0,0.0,0.0,0.0,0.0,0.0,0.0
2025-02-02T10:15:00Z,2025-02-02T10:30:00Z,2025-02-02,2025-02-02_12,0.0,0,0,0,57.46743826086716,57.46743826086716,0.0,0.0,0.0,True,False,False,False,0.0,0.0,0.0,0.0,0.0,0.0,0.0
2025-02-02T10:30:00Z,2025-02-02T10:45:00Z,2025-02-02,2025-02-02_12,0.0,0,0,0,57.46743826086716,57.46743826086716,0.0,0.0,0.0,True,False,False,False,0.0,0.0,0.0,0.0,0.0,0.0,0.0
2025-02-02T10:45:00Z,2025-02-02T11:00:00Z,2025-02-02,2025-02-02_12,0.0,0,0,0,57.46743826086716,57.46743826086716,0.0,0.0,0.0,True,False,False,False,0.0,0.0,0.0,0.0,0.0,0.0,0.0
2025-02-02T11:00:00Z,2025-02-02T11:15:00Z,2025-02-02,2025-02-02_13,0.0,100,100,0,57.46743826086716,52.85156347825847,0.013041652173913043,4.283,0.043,True,True,False,False,0.0,0.0,191.09048164446318,197.2089939116282,2173.1145246850324,-2.6905348925995134,2558.7234653485243
2025-02-02T11:15:00Z,2025-02-02T11:30:00Z,2025-02-02,2025-02-02_13,0.0,100,100,0,52.85156347825847,52.5118199999976,0.0012120652173913044,0.357,0.0525,True,True,False,False,0.0,0.0,191.09048164446318,197.2089939116282,54.66302911567906,-3.7976972692748205,439.1648074024956
2025-02-02T11:30:00Z,2025-02-02T11:45:00Z,2025-02-02,2025-02-02_13,0.0,100,100,0,52.5118199999976,48.92367304347586,0.010386185990338163,3.3705,0.082,True,True,False,False,0.0,0.0,191.09048164446318,197.2089939116282,684.5737642413646,-4.072978077842747,1068.8002617196132
2025-02-02T11:45:00Z,2025-02-02T12:00:00Z,2025-02-02,2025-02-02_13,0.0,100,100,0,48.92367304347586,50.70065304347586,0.004936055555555555,0.0,1.9314999999999998,True,True,False,False,0.0,0.0,191.09048164446318,197.2089939116282,0.0,-81.32815419856531,306.97132135752605
2025-02-02T12:00:00Z,2025-02-02T12:15:00Z,2025-02-02,2025-02-02_14,-35.81702496220807,100,64,0,50.70065304347586,58.19571332102045,0.023798151514709782,0.7685,0.05056,True,True,False,False,-1001.8021881929598,0.0,191.09048164446318,126.21375610344204,153.82075612353566,-3.626499230413728,-534.3036935519326
2025-02-02T12:15:00Z,2025-02-02T12:30:00Z,2025-02-02,2025-02-02_14,-35.81702496220807,100,64,0,58.19571332102045,67.69060034347125,0.02667505939602448,0.0775,1.4528,True,True,False,False,-1001.8021881929598,0.0,191.09048164446318,126.21375610344204,14.742301123234272,-57.66127498141339,-727.4169243032337
2025-02-02T12:30:00Z,2025-02-02T12:45:00Z,2025-02-02,2025-02-02_14,-35.81702496220807,100,64,0,67.69060034347125,77.45144728477909,0.027113463725855158,0.0,1.65536,True,True,False,False,-1001.8021881929598,0.0,191.09048164446318,126.21375610344204,0.0,-65.84918102356983,-750.3471314686244
2025-02-02T12:45:00Z,2025-02-02T13:00:00Z,2025-02-02,2025-02-02_14,-35.81702496220807,100,64,0,77.45144728477909,88.44700782608695,0.03054322372585516,0.0,2.99744,True,True,False,False,-1001.8021881929598,0.0,191.09048164446318,126.21375610344204,0.0,-109.72303574657907,-794.2209861916336
2025-02-02T13:00:00Z,2025-02-02T13:15:00Z,2025-02-02,2025-02-02_15,-100.0,100,0,0,88.44700782608695,111.41020782608695,0.06378666666666667,0.04,0.0,True,True,False,False,-2920.75,0.0,191.90427391645068,0.0,7.773826029296522,0.0,-2721.0719000542526
2025-02-02T13:15:00Z,2025-02-02T13:30:00Z,2025-02-02,2025-02-02_15,-100.0,100,0,0,111.41020782608695,134.41020782608695,0.06388888888888888,0.0,0.0,True,True,False,False,-2920.75,0.0,191.90427391645068,0.0,0.0,0.0,-2728.8457260835494
2025-02-02T13:30:00Z,2025-02-02T13:45:00Z,2025-02-02,2025-02-02_15,-100.0,100,0,0,134.41020782608695,156.78920782608694,0.0621638888888889,0.675,0.0,True,True,False,False,-2920.75,0.0,191.90427391645068,0.0,133.06778588221113,0.0,-2595.7779402013384
2025-02-02T13:45:00Z,2025-02-02T14:00:00Z,2025-02-02,2025-02-02_15,-100.0,100,0,0,156.78920782608694,179.46260782608695,0.06298166666666667,0.355,0.0,True,True,False,False,-2920.75,0.0,191.90427391645068,0.0,62.7843611228324,0.0,-2666.061364960717
2025-02-02T14:00:00Z,2025-02-02T14:15:00Z,2025-02-02,2025-02-02_16,0.0,100,100,0,179.46260782608695,185.08950000000002,0.015723855072463766,0.0155,6.1345,True,True,False,False,0.0,0.0,191.90427391645068,197.2089939116282,1.259870596981936,-93.72039785399964,296.65274057106114
2025-02-02T14:15:00Z,2025-02-02T14:30:00Z,2025-02-02,2025-02-02_16,0.0,100,100,0,185.08950000000002,189.94664,0.013492055555555556,0.0,5.2795,True,True,False,False,0.0,0.0,191.90427391645068,197.2089939116282,0.0,-66.70371953302389,322.409548295055
2025-02-02T14:30:00Z,2025-02-02T14:45:00Z,2025-02-02,2025-02-02_16,0.0,100,100,0,189.94664,181.83206521739132,0.02283692995169082,7.5145,0.058,True,True,False,False,0.0,0.0,191.90427391645068,197.2089939116282,1639.8436730162557,-2.873393212369643,2026.0835476319648
2025-02-02T14:45:00Z,2025-02-02T15:00:00Z,2025-02-02,2025-02-02_16,0.0,100,100,0,181.83206521739132,174.45706521739132,0.020486111111111115,6.785000000000001,0.0,True,True,False,False,0.0,0.0,191.90427391645068,197.2089939116282,1392.722581228525,0.0,1781.835849056604
2025-02-02T15:00:00Z,2025-02-02T15:15:00Z,2025-02-02,2025-02-02_17,-42.0,100,58,0,174.45706521739132,184.09300826086957,0.028191991545893722,0.407,0.42369000000000007,True,True,False,False,-1624.0349999999999,0.0,199.68051118210863,114.38121646874434,80.97874555428295,-16.856250437036593,-1245.8507772319006
2025-02-02T15:15:00Z,2025-02-02T15:30:00Z,2025-02-02,2025-02-02_17,-42.0,100,58,0,184.09300826086957,188.9073937217391,0.030183135942028982,4.7995,0.0377,True,True,False,False,-1624.0349999999999,0.0,199.68051118210863,114.38121646874434,1157.5033818594652,-2.429921695099162,-154.89981218478084
2025-02-02T15:30:00Z,2025-02-02T15:45:00Z,2025-02-02,2025-02-02_17,-42.0,100,58,0,188.9073937217391,189.75702874782607,0.03270677603864734,8.6645,0.0,True,True,False,False,-1624.0349999999999,0.0,199.68051118210863,114.38121646874434,4316.199600036169,0.0,3006.2263276870217
2025-02-02T15:45:00Z,2025-02-02T16:00:00Z,2025-02-02,2025-02-02_17,-42.0,100,58,0,189.75702874782607,179.40673706086955,0.04017322357487923,19.679,0.0,True,True,False,False,-1624.0349999999999,0.0,199.68051118210863,114.38121646874434,13264.461361544796,0.0,11954.488089195649
2025-02-02T16:00:00Z,2025-02-02T16:15:00Z,2025-02-02,2025-02-02_18,0.0,100,100,0,179.40673706086955,165.48554140869564,0.03866998792270531,12.8075,0.0,True,True,False,False,0.0,0.0,199.68051118210863,197.2089939116282,5982.5130312255105,0.0,6379.402536319248
2025-02-02T16:15:00Z,2025-02-02T16:30:00Z,2025-02-02,2025-02-02_18,0.0,100,100,0,165.48554140869564,163.0632588,0.006728562801932367,2.2285,0.0,True,True,False,False,0.0,0.0,199.68051118210863,197.2089939116282,487.0996702634276,0.0,883.9891753571644
2025-02-02T16:30:00Z,2025-02-02T16:45:00Z,2025-02-02,2025-02-02_18,0.0,100,100,0,163.0632588,162.98761184347825,0.0006292415458937199,0.139,0.082,True,True,False,False,0.0,0.0,199.68051118210863,197.2089939116282,27.097863845520124,-4.254832318604699,419.73253662065224
2025-02-02T16:45:00Z,2025-02-02T17:00:00Z,2025-02-02,2025-02-02_18,0.0,100,100,0,162.98761184347825,163.06231793043474,0.0005668164251207729,0.05949999999999999,0.1515,True,True,False,False,0.0,0.0,199.68051118210863,197.2089939116282,11.178795486969276,-9.298344083428779,398.76995649727735
2025-02-02T17:00:00Z,2025-02-02T17:15:00Z,2025-02-02,2025-02-02_19,0.0,100,100,0,163.06231793043474,157.6292953217391,0.015170951690821255,5.0115,0.0155,True,True,False,False,0.0,0.0,199.68051118210863,197.2089939116282,1174.3084314907467,-0.7434655494604859,1570.454471035023
2025-02-02T17:15:00Z,2025-02-02T17:30:00Z,2025-02-02,2025-02-02_19,0.0,100,100,0,157.6292953217391,148.88581706086956,0.02428743961352657,8.044,0.0,True,True,False,False,0.0,0.0,199.68051118210863,197.2089939116282,2072.918450378765,0.0,2469.807955472502
2025-02-02T17:30:00Z,2025-02-02T17:45:00Z,2025-02-02,2025-02-02_19,0.0,100,100,0,148.88581706086956,138.6407083652174,0.02845863526570048,9.4255,0.0,True,True,False,False,0.0,0.0,199.68051118210863,197.2089939116282,2401.850049832218,0.0,2798.7395549259545
2025-02-02T17:45:00Z,2025-02-02T18:00:00Z,2025-02-02,2025-02-02_19,0.0,100,100,0,138.6407083652174,128.2374474956522,0.02889794685990338,9.571,0.0,True,True,False,False,0.0,0.0,199.68051118210863,197.2089939116282,2383.8803771575544,0.0,2780.769882251291
2025-02-02T18:00:00Z,2025-02-02T18:15:00Z,2025-02-02,2025-02-02_20,0.0,100,100,0,128.2374474956522,111.01027358260872,0.04785326086956521,15.848999999999998,0.0,True,True,False,False,0.0,0.0,199.68051118210863,197.2089939116282,4516.285079269395,0.0,4913.174584363132
2025-02-02T18:15:00Z,2025-02-02T18:30:00Z,2025-02-02,2025-02-02_20,0.0,100,100,0,111.01027358260872,101.24505619130437,0.027125603864734296,8.984,0.0,True,True,False,False,0.0,0.0,199.68051118210863,197.2089939116282,2237.1111346876446,0.0,2634.0006397813813
2025-02-02T18:30:00Z,2025-02-02T18:45:00Z,2025-02-02,2025-02-02_20,0.0,100,100,0,101.24505619130437,96.47657793043481,0.0132457729468599,4.387,0.0,True,True,False,False,0.0,0.0,199.68051118210863,197.2089939116282,1050.9212896095803,0.0,1447.8107947033172
2025-02-02T18:45:00Z,2025-02-02T19:00:00Z,2025-02-02,2025-02-02_20,0.0,100,100,0,96.47657793043481,95.29559966956525,0.0032804951690821255,1.0865,0.0,True,True,False,False,0.0,0.0,199.68051118210863,197.2089939116282,217.09565495207667,0.0,613.9851600458135
2025-02-02T19:00:00Z,2025-02-02T19:15:00Z,2025-02-02,2025-02-02_21,0.0,100,100,0,95.29559966956525,77.54559966956525,0.04930555555555555,16.33,0.0,True,True,False,False,0.0,0.0,191.90427391645068,197.2089939116282,12734.397618904091,0.0,13123.51088673217
2025-02-02T19:15:00Z,2025-02-02T19:30:00Z,2025-02-02,2025-02-02_21,0.0,100,100,0,77.54559966956525,64.5233170608696,0.03617300724637681,11.9805,0.0,True,True,False,False,0.0,0.0,191.90427391645068,197.2089939116282,7915.685608535776,0.0,8304.798876363855
2025-02-02T19:30:00Z,2025-02-02T19:45:00Z,2025-02-02,2025-02-02_21,0.0,100,100,0,64.5233170608696,56.733099669565256,0.021639492753623188,7.167,0.0,True,True,False,False,0.0,0.0,191.90427391645068,197.2089939116282,1756.269987341009,0.0,2145.383255169088
2025-02-02T19:45:00Z,2025-02-02T20:00:00Z,2025-02-02,2025-02-02_21,0.0,100,100,0,56.733099669565256,52.778963147826126,0.011027157004830918,3.6450000000000005,0.0085,True,True,False,False,0.0,0.0,191.90427391645068,197.2089939116282,819.7738079450239,-0.5977856812747404,1208.289290091828
2025-02-02T20:00:00Z,2025-02-02T20:15:00Z,2025-02-02,2025-02-02_22,-0.8606573069148578,100,99,0,52.778963147826126,45.04665090350774,0.022257011159763765,7.305500000000001,0.0,True,True,False,False,-33.51614717453185,0.0,191.90427391645068,195.2369039725119,1753.0469630478028,0.0,2106.6719937622333
2025-02-02T20:15:00Z,2025-02-02T20:30:00Z,2025-02-02,2025-02-02_22,-0.8606573069148578,100,99,0,45.04665090350774,40.04007837035847,0.014795968720841216,4.7945,0.0,True,True,False,False,-33.51614717453185,0.0,191.90427391645068,195.2369039725119,1013.545373239295,0.0,1367.1704039537258
2025-02-02T20:30:00Z,2025-02-02T20:45:00Z,2025-02-02,2025-02-02_22,-0.8606573069148578,100,99,0,40.04007837035847,37.11409746783002,0.009110906749301326,2.8795,0.00198,True,True,False,False,-33.51614717453185,0.0,191.90427391645068,195.2369039725119,578.105030341391,-0.1392488998734101,931.5908121559482
2025-02-02T20:45:00Z,2025-02-02T21:00:00Z,2025-02-02,2025-02-02_22,-0.8606573069148578,100,99,0,37.11409746783002,38.6159016956522,0.004279438565718346,0.018,1.4384700000000001,True,True,False,False,-33.51614717453185,0.0,191.90427391645068,195.2369039725119,3.2298511061546806,-56.49738552655374,300.35749629403165
2025-02-02T21:00:00Z,2025-02-02T21:15:00Z,2025-02-02,2025-02-02_23,-5.0,100,95,0,38.6159016956522,25.382440000000024,0.03983126582125604,13.351000000000003,0.018525,True,True,False,False,-185.55,0.0,189.3724757369341,187.34854421604678,5342.154486708061,-1.0451194014105734,5532.280387259631
2025-02-02T21:15:00Z,2025-02-02T21:30:00Z,2025-02-02,2025-02-02_23,-5.0,100,95,0,25.382440000000024,12.32500626086959,0.039293360386473436,13.172,0.0,True,True,False,False,-185.55,0.0,189.3724757369341,187.34854421604678,3103.8776377921113,0.0,3295.048657745092
2025-02-02T21:30:00Z,2025-02-02T21:45:00Z,2025-02-02,2025-02-02_23,-5.0,100,95,0,12.32500626086959,11.22017478260872,0.008923626328502417,2.0905,0.0,True,True,False,False,-185.55,0.0,189.3724757369341,187.34854421604678,419.5849031486728,0.0,610.7559231016537
2025-02-02T21:45:00Z,2025-02-02T22:00:00Z,2025-02-02,2025-02-02_23,-5.0,100,95,0,11.22017478260872,11.089947000000024,0.006751782729468598,1.24,0.062224999999999996,True,True,False,False,-185.55,0.0,189.3724757369341,187.34854421604678,248.52971647879116,-2.713496126951594,436.98724030482043
2025-02-02T22:00:00Z,2025-02-02T22:15:00Z,2025-02-03,2025-02-02_24,-90.81054913976661,100,9,0,11.089947000000024,21.173820343122323,0.03442312036226164,11.5555,0.006300000000000001,True,True,False,False,-3024.899391845626,0.0,190.39725119054793,17.08963771173669,2571.2386456889103,-0.3888120441256254,-246.5626692985565
2025-02-02T22:15:00Z,2025-02-02T22:30:00Z,2025-02-03,2025-02-02_24,-90.81054913976661,100,9,0,21.173820343122323,35.80764838467624,0.04435915271208577,6.685,0.00018,True,True,False,False,-3024.899391845626,0.0,190.39725119054793,17.08963771173669,1402.4624128438522,-0.012658990897582737,-1414.9627490903865
2025-02-02T22:30:00Z,2025-02-02T22:45:00Z,2025-02-03,2025-02-02_24,-90.81054913976661,100,9,0,35.80764838467624,56.53888755213738,0.05768083415603999,0.1695,0.0036450000000000002,True,True,False,False,-3024.899391845626,0.0,190.39725119054793,17.08963771173669,23.841099523780823,-0.2310265115437941,-2793.802429931104
2025-02-02T22:45:00Z,2025-02-02T23:00:00Z,2025-02-03,2025-02-02_24,-90.81054913976661,100,9,0,56.53888755213738,75.42049173469016,0.05364114296924152,2.1485,0.005175,True,True,False,False,-3024.899391845626,0.0,190.39725119054793,17.08963771173669,389.0431117005244,-0.34129502983904997,-2428.710686272656
2025-02-02T23:00:00Z,2025-02-02T23:15:00Z,2025-02-03,2025-02-03_1,0.0,100,100,0,75.42049173469016,64.75799173469017,0.029618055555555554,9.8095,0.0,True,True,False,False,0.0,0.0,190.39725119054793,189.88486346374103,5223.462659593706,0.0,5603.744774247995
2025-02-02T23:15:00Z,2025-02-02T23:30:00Z,2025-02-03,2025-02-03_1,0.0,100,100,0,64.75799173469017,62.7520134738206,0.005572161835748791,1.8455,0.0,True,True,False,False,0.0,0.0,190.39725119054793,189.88486346374103,304.7120116744027,0.0,684.9941263286917
2025-02-02T23:30:00Z,2025-02-02T23:45:00Z,2025-02-03,2025-02-03_1,0.0,100,100,0,62.7520134738206,62.66959782164668,0.0007221545893719807,0.1575,0.0965,True,True,False,False,0.0,0.0,190.39725119054793,189.88486346374103,22.153234070769788,-6.2712299314807005,396.16411879357804
2025-02-02T23:45:00Z,2025-02-03T00:00:00Z,2025-02-03,2025-02-03_1,0.0,100,100,0,62.66959782164668,62.568913473820594,0.000783123188405797,0.176,0.0985,True,True,False,False,0.0,0.0,190.39725119054793,189.88486346374103,24.75535997749513,-6.4028463640565025,398.6346282677276
2025-02-03T00:00:00Z,2025-02-03T00:15:00Z,2025-02-03,2025-02-03_2,-8.32604942914902,100,91,0,62.568913473820594,61.46783982264744,0.012594124836057752,2.8275,0.019565,True,True,False,False,-263.5819098032851,0.0,190.39725119054793,172.79522575200434,514.0457155343903,-1.326592466895734,612.3296902067617
2025-02-03T00:15:00Z,2025-02-03T00:30:00Z,2025-02-03,2025-02-03_2,-8.32604942914902,100,91,0,61.46783982264744,62.048262353612714,0.008521046300532888,1.248,0.005005,True,True,False,False,-263.5819098032851,0.0,190.39725119054793,172.79522575200434,210.8221496172162,-0.3519902746800089,310.08072648180337
2025-02-03T00:30:00Z,2025-02-03T00:45:00Z,2025-02-03,2025-02-03_2,-8.32604942914902,100,91,0,62.048262353612714,57.214806807300505,0.02138879951749518,6.289,0.0,True,True,False,False,-263.5819098032851,0.0,190.39725119054793,172.79522575200434,1247.4870357867662,0.0,1347.0976029260335
2025-02-03T00:45:00Z,2025-02-03T01:00:00Z,2025-02-03,2025-02-03_2,-8.32604942914902,100,91,0,57.214806807300505,54.911079930435164,0.015365018136080615,3.9315,0.0,True,True,False,False,-263.5819098032851,0.0,190.39725119054793,172.79522575200434,710.1221019952981,0.0,809.7326691345652
2025-02-03T01:00:00Z,2025-02-03T01:15:00Z,2025-02-03,2025-02-03_3,0.0,100,100,0,54.911079930435164,51.47374862608734,0.009576253623188405,3.167,0.0055,True,True,False,False,0.0,0.0,190.39725119054793,189.88486346374103,595.8760741053309,-0.3868024996483614,975.7713862599715
2025-02-03T01:15:00Z,2025-02-03T01:30:00Z,2025-02-03,2025-02-03_3,0.0,100,100,0,51.47374862608734,52.674348626087344,0.003335,0.0,1.305,True,True,False,False,0.0,0.0,190.39725119054793,189.88486346374103,0.0,-67.02576707456748,313.2563475797215
2025-02-03T01:30:00Z,2025-02-03T01:45:00Z,2025-02-03,2025-02-03_3,0.0,100,100,0,52.674348626087344,54.05644080000039,0.0038632995169082126,0.004,1.507,True,True,False,False,0.0,0.0,190.39725119054793,189.88486346374103,0.5626218176703438,-69.37583981353104,311.46889665842826
2025-02-03T01:45:00Z,2025-02-03T02:00:00Z,2025-02-03,2025-02-03_3,0.0,100,100,0,54.05644080000039,57.22446080000039,0.008800055555555556,0.0,3.4435000000000002,True,True,False,False,0.0,0.0,190.39725119054793,189.88486346374103,0.0,-140.13751793357045,240.1445967207185
2025-02-03T02:00:00Z,2025-02-03T02:15:00Z,2025-02-03,2025-02-03_4,-100.0,100,0,0,57.22446080000039,80.18582080000039,0.06378155555555555,0.042,0.0,True,True,False,False,-3001.0,0.0,190.39725119054793,0.0,5.90752908553861,0.0,-2804.6952197239134
2025-02-03T02:15:00Z,2025-02-03T02:30:00Z,2025-02-03,2025-02-03_4,-100.0,100,0,0,80.18582080000039,101.85596080000039,0.060194833333333336,1.4455,0.0,True,True,False,False,-3001.0,0.0,190.39725119054793,0.0,207.1369230614664,0.0,-2603.4658257479855
2025-02-03T02:30:00Z,2025-02-03T02:45:00Z,2025-02-03,2025-02-03_4,-100.0,100,0,0,101.85596080000039,124.7262408000004,0.06352855555555555,0.141,0.0,True,True,False,False,-3001.0,0.0,190.39725119054793,0.0,19.832419072879617,0.0,-2790.7703297365724
2025-02-03T02:45:00Z,2025-02-03T03:00:00Z,2025-02-03,2025-02-03_4,-100.0,100,0,0,124.7262408000004,147.7262408000004,0.0638888888888889,0.0,0.0,True,True,False,False,-3001.0,0.0,190.39725119054793,0.0,0.0,0.0,-2810.602748809452
2025-02-03T03:00:00Z,2025-02-03T03:15:00Z,2025-02-03,2025-02-03_5,0.0,100,100,0,147.7262408000004,158.1397208000004,0.02892633333333334,0.0,11.319,True,True,False,False,0.0,0.0,192.89890891554643,189.88486346374103,0.0,-4.646596539875822,378.1371758394116
2025-02-03T03:15:00Z,2025-02-03T03:30:00Z,2025-02-03,2025-02-03_5,0.0,100,100,0,158.1397208000004,174.5585008000004,0.045607722222222216,0.0,17.8465,True,True,False,False,0.0,0.0,192.89890891554643,189.88486346374103,0.0,5266.616292724094,5649.400065103381
2025-02-03T03:30:00Z,2025-02-03T03:45:00Z,2025-02-03,2025-02-03_5,0.0,100,100,0,174.5585008000004,180.70962080000038,0.017086444444444446,0.0,6.686,True,True,False,False,0.0,0.0,192.89890891554643,189.88486346374103,0.0,-2.5310796310808366,380.25269274820664
2025-02-03T03:45:00Z,2025-02-03T04:00:00Z,2025-02-03,2025-02-03_5,0.0,100,100,0,180.70962080000038,181.79267906086994,0.003183615942028986,0.029,1.2115,True,True,False,False,0.0,0.0,192.89890891554643,189.88486346374103,4.079008178109993,-35.026315831776074,351.8364647256214
2025-02-03T04:00:00Z,2025-02-03T04:15:00Z,2025-02-03,2025-02-03_6,0.0,100,100,0,181.79267906086994,189.78149906086995,0.022191166666666668,0.0,8.6835,True,True,False,False,0.0,0.0,200.43402254505997,189.88486346374103,0.0,329.5060832479354,719.8249692567364
2025-02-03T04:15:00Z,2025-02-03T04:30:00Z,2025-02-03,2025-02-03_6,0.0,100,100,0,189.78149906086995,189.86232514782648,0.0008615942028985507,0.1055,0.21250000000000002,True,True,False,False,0.0,0.0,200.43402254505997,189.88486346374103,8.529755661382039,-10.868640364096692,387.98000130608636
2025-02-03T04:30:00Z,2025-02-03T04:45:00Z,2025-02-03,2025-02-03_6,0.0,100,100,0,189.86232514782648,186.1617816695656,0.010279287439613528,3.4045,0.0,True,True,False,False,0.0,0.0,200.43402254505997,189.88486346374103,606.428828541001,0.0,996.747714549802
2025-02-03T04:45:00Z,2025-02-03T05:00:00Z,2025-02-03,2025-02-03_6,0.0,100,100,0,186.1617816695656,170.32754253913083,0.04398399758454106,14.567499999999999,0.0,True,True,False,False,0.0,0.0,200.43402254505997,189.88486346374103,8409.135989712056,0.0,8799.454875720858
2025-02-03T05:00:00Z,2025-02-03T05:15:00Z,2025-02-03,2025-02-03_7,0.0,100,100,0,170.32754253913083,179.15075210434821,0.026740195652173913,0.3695,10.027,True,True,False,False,0.0,0.0,200.43402254505997,189.88486346374103,69.44583479012196,5420.717047039202,5880.481767838125
2025-02-03T05:15:00Z,2025-02-03T05:30:00Z,2025-02-03,2025-02-03_7,0.0,100,100,0,179.15075210434821,176.77111471304386,0.006668881642512076,2.199,0.0115,True,True,False,False,0.0,0.0,200.43402254505997,189.88486346374103,370.4661269515944,-0.8087688629011193,759.9762440974943
2025-02-03T05:30:00Z,2025-02-03T05:45:00Z,2025-02-03,2025-02-03_7,0.0,100,100,0,176.77111471304386,165.9597016695656,0.030031702898550724,9.9465,0.0,True,True,False,False,0.0,0.0,200.43402254505997,189.88486346374103,2331.7504382422085,0.0,2722.0693242510097
2025-02-03T05:45:00Z,2025-02-03T06:00:00Z,2025-02-03,2025-02-03_7,0.0,100,100,0,165.9597016695656,165.3571616695656,0.0018679444444444444,0.5865,0.038,True,True,False,False,0.0,0.0,200.43402254505997,189.88486346374103,85.34825969015613,-2.6423159925251674,473.02482970643194
2025-02-03T06:00:00Z,2025-02-03T06:15:00Z,2025-02-03,2025-02-03_8,0.0,100,100,0,165.3571616695656,174.86766166956562,0.026418055555555556,0.0,10.3375,True,True,False,False,0.0,0.0,200.64500572668632,189.88486346374103,0.0,4751.808113308016,5142.337982498443
2025-02-03T06:15:00Z,2025-02-03T06:30:00Z,2025-02-03,2025-02-03_8,0.0,100,100,0,174.86766166956562,172.0525755826091,0.00793212801932367,2.6085,0.022,True,True,False,False,0.0,0.0,200.64500572668632,189.88486346374103,547.8814422207486,-1.4768826732573792,936.9344287379186
2025-02-03T06:30:00Z,2025-02-03T06:45:00Z,2025-02-03,2025-02-03_8,0.0,100,100,0,172.0525755826091,156.91996688695693,0.04203502415458937,13.922,0.0,True,True,False,False,0.0,0.0,200.64500572668632,189.88486346374103,4152.961665360581,0.0,4543.491534551008
2025-02-03T06:45:00Z,2025-02-03T07:00:00Z,2025-02-03,2025-02-03_8,0.0,100,100,0,156.91996688695693,137.56290166956563,0.05376962560386473,17.8085,0.0,True,True,False,False,0.0,0.0,200.64500572668632,189.88486346374103,5373.757010368316,0.0,5764.286879558743
2025-02-03T07:00:00Z,2025-02-03T07:15:00Z,2025-02-03,2025-02-03_9,100.00000000000003,0,0,0,137.56290166956563,110.38898862608737,0.07548309178743963,0.0,0.0,True,False,False,False,6080.750000000002,0.0,0.0,0.0,0.0,0.0,6080.750000000002
2025-02-03T07:15:00Z,2025-02-03T07:30:00Z,2025-02-03,2025-02-03_9,100.00000000000003,0,0,0,110.38898862608737,83.2150755826091,0.07548309178743963,0.0,0.0,True,False,False,False,6080.750000000002,0.0,0.0,0.0,0.0,0.0,6080.750000000002
2025-02-03T07:30:00Z,2025-02-03T07:45:00Z,2025-02-03,2025-02-03_9,100.00000000000003,0,0,0,83.2150755826091,56.04116253913084,0.07548309178743963,0.0,0.0,True,False,False,False,6080.750000000002,0.0,0.0,0.0,0.0,0.0,6080.750000000002
2025-02-03T07:45:00Z,2025-02-03T08:00:00Z,2025-02-03,2025-02-03_9,100.00000000000003,0,0,0,56.04116253913084,28.86724949565257,0.07548309178743963,0.0,0.0,True,False,False,False,6080.750000000002,0.0,0.0,0.0,0.0,0.0,6080.750000000002
2025-02-03T08:00:00Z,2025-02-03T08:15:00Z,2025-02-03,2025-02-03_10,8.999999999999982,91,100,0,28.86724949565257,22.40559202608736,0.02293503963768115,4.616885,1.072,True,True,False,False,400.5899999999992,0.0,182.58695521128456,189.88486346374103,1113.1853645558301,-39.39713625494806,1846.850046975907
2025-02-03T08:15:00Z,2025-02-03T08:30:00Z,2025-02-03,2025-02-03_10,8.999999999999982,91,100,0,22.40559202608736,10.000385504348234,0.0344589070048309,9.16279,0.0,True,True,False,False,400.5899999999992,0.0,182.58695521128456,189.88486346374103,2321.328507943014,0.0,3094.3903266180387
2025-02-03T08:30:00Z,2025-02-03T08:45:00Z,2025-02-03,2025-02-03_10,8.999999999999982,91,100,0,10.000385504348234,11.19886986956563,0.014852070096618347,0.01001,3.909,True,True,False,False,400.5899999999992,0.0,182.58695521128456,189.88486346374103,1.4079610987200355,-52.46481704744107,722.0049627263037
2025-02-03T08:45:00Z,2025-02-03T09:00:00Z,2025-02-03,2025-02-03_10,8.999999999999982,91,100,0,11.19886986956563,15.083811817391723,0.02069884236714975,0.0,6.7705,True,True,False,False,400.5899999999992,0.0,182.58695521128456,189.88486346374103,0.0,-119.58536600558604,653.4764526694387
2025-02-03T09:00:00Z,2025-02-03T09:15:00Z,2025-02-03,2025-02-03_11,8.999999999999991,91,100,0,15.083811817391723,10.987112713043901,0.014116898623188396,2.0252049999999997,0.5885,True,True,False,False,337.38749999999965,0.0,173.26149858339863,189.88486346374103,370.1094997689231,-22.763563606405853,1047.8797982096567
2025-02-03T09:15:00Z,2025-02-03T09:30:00Z,2025-02-03,2025-02-03_11,8.999999999999991,91,100,0,10.987112713043901,12.554124991304773,0.01560743144927536,0.0,4.2915,True,True,False,False,337.38749999999965,0.0,173.26149858339863,189.88486346374103,0.0,-11.99916058834167,688.5347014587976
2025-02-03T09:30:00Z,2025-02-03T09:45:00Z,2025-02-03,2025-02-03_11,8.999999999999991,91,100,0,12.554124991304773,16.12256060869608,0.020003625507246374,0.0,6.432,True,True,False,False,337.38749999999965,0.0,173.26149858339863,189.88486346374103,0.0,648.5441678220508,1349.07802986919
2025-02-03T09:45:00Z,2025-02-03T10:00:00Z,2025-02-03,2025-02-03_11,8.999999999999991,91,100,0,16.12256060869608,32.02025020869608,0.0470852488888889,0.0,19.618,True,True,False,False,337.38749999999965,0.0,173.26149858339863,189.88486346374103,0.0,12335.325521329394,13035.859383376534
2025-02-03T10:00:00Z,2025-02-03T10:15:00Z,2025-02-03,2025-02-03_12,0.0,100,100,0,32.02025020869608,35.07451455652217,0.009087932367149758,0.1,3.438,True,True,False,False,0.0,0.0,190.39725119054793,189.88486346374103,11.252436353406877,61.49396346976913,453.02851447746497
2025-02-03T10:15:00Z,2025-02-03T10:30:00Z,2025-02-03,2025-02-03_12,0.0,100,100,0,35.07451455652217,38.69673020869608,0.010221734299516907,0.0265,3.9684999999999997,True,True,False,False,0.0,0.0,190.39725119054793,189.88486346374103,1.7180085197018102,-35.932360499929665,346.0677626740611
2025-02-03T10:30:00Z,2025-02-03T10:45:00Z,2025-02-03,2025-02-03_12,0.0,100,100,0,38.69673020869608,43.817910208696084,0.0142255,0.0,5.5665,True,True,False,False,0.0,0.0,190.39725119054793,189.88486346374103,0.0,-160.4673624088251,219.81475224546386
2025-02-03T10:45:00Z,2025-02-03T11:00:00Z,2025-02-03,2025-02-03_12,0.0,100,100,0,43.817910208696084,43.92169716521782,0.0009767028985507246,0.11399999999999999,0.24749999999999997,True,True,False,False,0.0,0.0,190.39725119054793,189.88486346374103,10.97111700524444,-14.646249020435226,376.6069826390982
2025-02-03T11:00:00Z,2025-02-03T11:15:00Z,2025-02-03,2025-02-03_13,-100.0,100,0,0,43.92169716521782,66.74183716521782,0.06338927777777778,0.1955,0.0,True,True,False,False,-2931.75,0.0,192.89890891554643,0.0,20.02332157855607,0.0,-2718.8277695058973
2025-02-03T11:15:00Z,2025-02-03T11:30:00Z,2025-02-03,2025-02-03_13,-100.0,100,0,0,66.74183716521782,79.89507716521781,0.03653677777777778,10.703,0.0,True,True,False,False,-2931.75,0.0,192.89890891554643,0.0,2197.455991118613,0.0,-541.3950999658407
2025-02-03T11:30:00Z,2025-02-03T11:45:00Z,2025-02-03,2025-02-03_13,-100.0,100,0,0,79.89507716521781,101.55463716521781,0.060165444444444445,1.457,0.0,True,True,False,False,-2931.75,0.0,192.89890891554643,0.0,240.56353185846044,0.0,-2498.287559225993
2025-02-03T11:45:00Z,2025-02-03T12:00:00Z,2025-02-03,2025-02-03_13,-100.0,100,0,0,101.55463716521781,124.52335716521782,0.06380200000000001,0.034,0.0,True,True,False,False,-2931.75,0.0,192.89890891554643,0.0,3.737417565856893,0.0,-2735.113673518597
2025-02-03T12:00:00Z,2025-02-03T12:15:00Z,2025-02-03,2025-02-03_14,-21.99999999999997,100,78,0,124.52335716521782,130.07721210434826,0.01558280961352655,0.033,0.57447,True,True,False,False,-636.4599999999991,0.0,192.89890891554643,154.48128277774427,4.641629995780336,-26.172108433299176,-310.61028674422727
2025-02-03T12:15:00Z,2025-02-03T12:30:00Z,2025-02-03,2025-02-03_14,-21.99999999999997,100,78,0,130.07721210434826,135.15985140869608,0.0146412685990338,0.11100000000000002,0.15132,True,True,False,False,-636.4599999999991,0.0,192.89890891554643,154.48128277774427,15.612755440352043,-7.387883464946652,-280.85493633130307
2025-02-03T12:30:00Z,2025-02-03T12:45:00Z,2025-02-03,2025-02-03_14,-21.99999999999997,100,78,0,135.15985140869608,140.66861914782652,0.015511734057970995,0.0445,0.53859,True,True,False,False,-636.4599999999991,0.0,192.89890891554643,154.48128277774427,6.259167721582575,-32.6295693833263,-315.45020996845216
2025-02-03T12:45:00Z,2025-02-03T13:00:00Z,2025-02-03,2025-02-03_14,-21.99999999999997,100,78,0,140.66861914782652,146.23054000000045,0.015765359855072443,0.067,0.62205,True,True,False,False,-636.4599999999991,0.0,192.89890891554643,154.48128277774427,9.42391544597826,-26.66276764723612,-306.3186605079663
2025-02-03T13:00:00Z,2025-02-03T13:15:00Z,2025-02-03,2025-02-03_15,0.0,100,100,0,146.23054000000045,159.22232000000045,0.036088277777777775,0.0,14.121499999999997,True,True,False,False,0.0,0.0,200.64500572668632,189.88486346374103,0.0,473.56270209174744,864.0925712821747
2025-02-03T13:15:00Z,2025-02-03T13:30:00Z,2025-02-03,2025-02-03_15,0.0,100,100,0,159.22232000000045,164.23816000000045,0.013932888888888889,0.0,5.452,True,True,False,False,0.0,0.0,200.64500572668632,189.88486346374103,0.0,-109.34893242510098,281.18093676532635
2025-02-03T13:30:00Z,2025-02-03T13:45:00Z,2025-02-03,2025-02-03_15,0.0,100,100,0,164.23816000000045,172.43444000000045,0.022767444444444448,0.0,8.909,True,True,False,False,0.0,0.0,200.64500572668632,189.88486346374103,0.0,-26.170086804509012,364.3597823859183
2025-02-03T13:45:00Z,2025-02-03T14:00:00Z,2025-02-03,2025-02-03_15,0.0,100,100,0,172.43444000000045,177.53952000000044,0.01418077777777778,0.0,5.549,True,True,False,False,0.0,0.0,200.64500572668632,189.88486346374103,0.0,415.65819940924706,806.1880685996744
2025-02-03T14:00:00Z,2025-02-03T14:15:00Z,2025-02-03,2025-02-03_16,0.0,100,100,0,177.53952000000044,189.88546000000042,0.03429427777777778,0.0,13.419499999999998,True,True,False,False,0.0,0.0,200.64500572668632,189.88486346374103,0.0,3650.1244931380224,4040.6543623284497
2025-02-03T14:15:00Z,2025-02-03T14:30:00Z,2025-02-03,2025-02-03_16,0.0,100,100,0,189.88546000000042,185.51086956521783,0.01278797342995169,4.13,0.1245,True,True,False,False,0.0,0.0,200.64500572668632,189.88486346374103,922.1683284103923,-6.248115317378985,1306.4500822834407
2025-02-03T14:30:00Z,2025-02-03T14:45:00Z,2025-02-03,2025-02-03_16,0.0,100,100,0,185.51086956521783,175.86793478260913,0.02678592995169082,8.8715,0.0,True,True,False,False,0.0,0.0,200.64500572668632,189.88486346374103,1969.2655045512086,0.0,2359.795373741636
2025-02-03T14:45:00Z,2025-02-03T15:00:00Z,2025-02-03,2025-02-03_16,0.0,100,100,0,175.86793478260913,154.29565217391348,0.05992300724637681,19.8465,0.0,True,True,False,False,0.0,0.0,200.64500572668632,189.88486346374103,11925.717863644582,0.0,12316.24773283501
2025-02-03T15:00:00Z,2025-02-03T15:15:00Z,2025-02-03,2025-02-03_17,-0.6379190926274393,0,0,0,154.29565217391348,154.4423735652178,0.0004075594202897529,0.0,0.0,True,False,False,False,-26.704888015116175,0.0,0.0,0.0,0.0,0.0,-26.704888015116175
2025-02-03T15:15:00Z,2025-02-03T15:30:00Z,2025-02-03,2025-02-03_17,-0.6379190926274393,0,0,0,154.4423735652178,154.5890949565221,0.0004075594202897529,0.0,0.0,True,False,False,False,-26.704888015116175,0.0,0.0,0.0,0.0,0.0,-26.704888015116175
2025-02-03T15:30:00Z,2025-02-03T15:45:00Z,2025-02-03,2025-02-03_17,-0.6379190926274393,0,0,0,154.5890949565221,154.73581634782641,0.0004075594202897529,0.0,0.0,True,False,False,False,-26.704888015116175,0.0,0.0,0.0,0.0,0.0,-26.704888015116175
2025-02-03T15:45:00Z,2025-02-03T16:00:00Z,2025-02-03,2025-02-03_17,-0.6379190926274393,0,0,0,154.73581634782641,154.88253773913073,0.0004075594202897529,0.0,0.0,True,False,False,False,-26.704888015116175,0.0,0.0,0.0,0.0,0.0,-26.704888015116175
2025-02-03T16:00:00Z,2025-02-03T16:15:00Z,2025-02-03,2025-02-03_18,61.99999999999983,38,100,0,154.88253773913073,136.4281790434786,0.05126210748792258,1.47801,0.0,True,True,False,False,3291.4249999999906,0.0,76.2451021761408,189.88486346374103,332.6144685574779,0.0,3890.1694341973503
2025-02-03T16:15:00Z,2025-02-03T16:30:00Z,2025-02-03,2025-02-03_18,61.99999999999983,38,100,0,136.4281790434786,117.23488556521778,0.05331470410628006,2.1578299999999997,0.0,True,True,False,False,3291.4249999999906,0.0,76.2451021761408,189.88486346374103,591.5147639419696,0.0,4149.069729581842
2025-02-03T16:30:00Z,2025-02-03T16:45:00Z,2025-02-03,2025-02-03_18,61.99999999999983,38,100,0,117.23488556521778,96.92265730434826,0.056422856280193105,3.1872499999999997,0.0,True,True,False,False,3291.4249999999906,0.0,76.2451021761408,189.88486346374103,705.151603874053,0.0,4262.706569513925
2025-02-03T16:45:00Z,2025-02-03T17:00:00Z,2025-02-03,2025-02-03_18,61.99999999999983,38,100,0,96.92265730434826,77.27385739130483,0.05458485531400953,2.5792499999999996,0.0025,True,True,False,False,3291.4249999999906,0.0,76.2451021761408,189.88486346374103,643.6790541925371,-0.17581931802198245,4201.058200514388
2025-02-03T17:00:00Z,2025-02-03T17:15:00Z,2025-02-03,2025-02-03_19,0.0,100,100,0,77.27385739130483,69.63635739130483,0.021215277777777777,7.0265,0.0,True,True,False,False,0.0,0.0,200.64500572668632,189.88486346374103,1407.6776048385477,0.0,1798.207474028975
2025-02-03T17:15:00Z,2025-02-03T17:30:00Z,2025-02-03,2025-02-03_19,0.0,100,100,0,69.63635739130483,53.52874869565265,0.04474335748792271,14.819,0.0,True,True,False,False,0.0,0.0,200.64500572668632,189.88486346374103,4136.929890288746,0.0,4527.459759479173
2025-02-03T17:30:00Z,2025-02-03T17:45:00Z,2025-02-03,2025-02-03_19,0.0,100,100,0,53.52874869565265,43.99016173913091,0.026496074879227054,8.7755,0.0,True,True,False,False,0.0,0.0,200.64500572668632,189.88486346374103,2041.7959570598991,0.0,2432.3258262503264
2025-02-03T17:45:00Z,2025-02-03T18:00:00Z,2025-02-03,2025-02-03_19,0.0,100,100,0,43.99016173913091,33.14179217391352,0.030134359903381636,9.9805,0.0,True,True,False,False,0.0,0.0,200.64500572668632,189.88486346374103,2135.9397060301,0.0,2526.469575220527
2025-02-03T18:00:00Z,2025-02-03T18:15:00Z,2025-02-03,2025-02-03_20,0.0,100,100,0,33.14179217391352,22.768966086957,0.028813405797101444,9.543,0.0,True,True,False,False,0.0,0.0,192.89890891554643,189.88486346374103,2447.778445355356,0.0,2830.562217734643
2025-02-03T18:15:00Z,2025-02-03T18:30:00Z,2025-02-03,2025-02-03_20,0.0,100,100,0,22.768966086957,20.74016173913091,0.005635567632850242,1.8665,0.0,True,True,False,False,0.0,0.0,192.89890891554643,189.88486346374103,301.90179004159387,0.0,684.6855624208813
2025-02-03T18:30:00Z,2025-02-03T18:45:00Z,2025-02-03,2025-02-03_20,0.0,100,100,0,20.74016173913091,20.003547826087434,0.0022020386473429947,0.7035,0.0305,True,True,False,False,0.0,0.0,192.89890891554643,189.88486346374103,98.95111218277172,-2.195231478690699,479.5396530833685
2025-02-03T18:45:00Z,2025-02-03T19:00:00Z,2025-02-03,2025-02-03_20,0.0,100,100,0,20.003547826087434,19.808655652174387,0.0006844782608695653,0.203,0.028000000000000004,True,True,False,False,0.0,0.0,192.89890891554643,189.88486346374103,28.553057246769953,-2.021421423835072,409.31540820222233
2025-02-03T19:00:00Z,2025-02-03T19:15:00Z,2025-02-03,2025-02-03_21,0.0,100,100,0,19.808655652174387,10.796155652174388,0.02503472222222222,8.2915,0.0,True,True,False,False,0.0,0.0,192.89890891554643,189.88486346374103,1952.300292563345,0.0,2335.0840649426323
2025-02-03T19:15:00Z,2025-02-03T19:30:00Z,2025-02-03,2025-02-03_21,0.0,100,100,0,10.796155652174388,10.30645826087004,0.001710381642512077,0.5085,0.0685,True,True,False,False,0.0,0.0,192.89890891554643,189.88486346374103,73.3983329314606,-4.935999859344546,451.24610545140354
2025-02-03T19:30:00Z,2025-02-03T19:45:00Z,2025-02-03,2025-02-03_21,0.0,100,100,0,10.30645826087004,10.000000000000474,0.0012652729468599032,0.3505,0.081,True,True,False,False,0.0,0.0,192.89890891554643,189.88486346374103,49.299736773363875,-5.807058894448129,426.2764502582032
2025-02-03T19:45:00Z,2025-02-03T20:00:00Z,2025-02-03,2025-02-03_21,0.0,100,100,0,10.000000000000474,16.316260000000476,0.017545166666666667,0.0,6.865499999999999,True,True,False,False,0.0,0.0,192.89890891554643,189.88486346374103,0.0,-93.90037344023145,288.883398939056
2025-02-03T20:00:00Z,2025-02-03T20:15:00Z,2025-02-03,2025-02-03_22,0.0,100,100,0,16.316260000000476,17.800317391304823,0.004385062801932368,0.0435,1.6645,True,True,False,False,0.0,0.0,192.89890891554643,189.88486346374103,6.118512267164989,-65.62077280125385,323.2815118451986
2025-02-03T20:15:00Z,2025-02-03T20:30:00Z,2025-02-03,2025-02-03_22,0.0,100,100,0,17.800317391304823,21.085017391304824,0.009263055555555557,0.023,3.5975,True,True,False,False,0.0,0.0,192.89890891554643,189.88486346374103,3.235075451604477,-79.02543753893143,306.9934102919605
2025-02-03T20:30:00Z,2025-02-03T20:45:00Z,2025-02-03,2025-02-03_22,0.0,100,100,0,21.085017391304824,27.092157391304823,0.016686499999999996,0.0,6.529499999999999,True,True,False,False,0.0,0.0,192.89890891554643,189.88486346374103,0.0,-136.9808201217674,245.80295225752005
2025-02-03T20:45:00Z,2025-02-03T21:00:00Z,2025-02-03,2025-02-03_22,0.0,100,100,0,27.092157391304823,35.46875739130483,0.02326833333333334,0.0,9.105,True,True,False,False,0.0,0.0,192.89890891554643,189.88486346374103,0.0,-236.45337573090603,146.33039664838142
2025-02-03T21:00:00Z,2025-02-03T21:15:00Z,2025-02-03,2025-02-03_23,0.0,100,100,0,35.46875739130483,36.767706086957,0.004260364734299517,0.108,1.5395,True,True,False,False,0.0,0.0,190.39725119054793,189.88486346374103,14.105732714449335,-59.80004882753632,334.58779854120195
2025-02-03T21:15:00Z,2025-02-03T21:30:00Z,2025-02-03,2025-02-03_23,0.0,100,100,0,36.767706086957,36.58677391304395,0.000584367149758454,0.18,0.016,True,True,False,False,0.0,0.0,190.39725119054793,189.88486346374103,15.472108023388992,-1.1252436353406876,394.6289790423373
2025-02-03T21:30:00Z,2025-02-03T21:45:00Z,2025-02-03,2025-02-03_23,0.0,100,100,0,36.58677391304395,36.581526956522204,0.0004081304347826087,0.07,0.077,True,True,False,False,0.0,0.0,190.39725119054793,189.88486346374103,5.02341109570599,-4.997287158157011,380.30823859183795
2025-02-03T21:45:00Z,2025-02-03T22:00:00Z,2025-02-03,2025-02-03_23,0.0,100,100,0,36.581526956522204,36.562440869565684,0.00042101690821256036,0.0785,0.072,True,True,False,False,0.0,0.0,190.39725119054793,189.88486346374103,4.732051359334498,-3.7454554222677676,381.26871059135567
2025-02-03T22:00:00Z,2025-02-03T22:15:00Z,2025-02-04,2025-02-03_24,0.0,100,100,0,36.562440869565684,35.80922782608742,0.00220725845410628,0.712,0.0225,True,True,False,False,0.0,0.0,189.4667041755415,189.4667041755415,98.82244102399227,-1.5723596431298477,476.18348973194543
2025-02-03T22:15:00Z,2025-02-03T22:30:00Z,2025-02-04,2025-02-03_24,0.0,100,100,0,35.80922782608742,35.78390782608742,0.0003463333333333333,0.069,0.054,True,True,False,False,0.0,0.0,189.4667041755415,189.4667041755415,9.705421372021059,-3.7525583731865124,384.88627134991754
2025-02-03T22:30:00Z,2025-02-03T22:45:00Z,2025-02-04,2025-02-03_24,0.0,100,100,0,35.78390782608742,36.04285043478308,0.0008038260869565217,0.014000000000000002,0.298,True,True,False,False,0.0,0.0,189.4667041755415,189.4667041755415,1.9692159305549977,-19.11443113772455,361.7881931439135
2025-02-03T22:45:00Z,2025-02-03T23:00:00Z,2025-02-04,2025-02-03_24,0.0,100,100,0,36.04285043478308,37.879630434783074,0.005102166666666667,0.0,1.9965,True,True,False,False,0.0,0.0,189.4667041755415,189.4667041755415,0.0,-93.29944661013543,285.6339617409476
2025-02-03T23:00:00Z,2025-02-03T23:15:00Z,2025-02-04,2025-02-04_1,0.0,100,100,0,37.879630434783074,38.82798347826134,0.002640352657004831,0.001,1.032,True,True,False,False,0.0,0.0,189.4667041755415,189.4667041755415,0.1605513804605554,-51.88389020616485,327.21006952537874
2025-02-03T23:15:00Z,2025-02-03T23:30:00Z,2025-02-04,2025-02-04_1,0.0,100,100,0,38.82798347826134,40.94452869565264,0.005909485507246377,0.005,2.3065,True,True,False,False,0.0,0.0,189.4667041755415,189.4667041755415,0.802756902302777,-95.24288670980187,284.4932785435839
2025-02-03T23:30:00Z,2025-02-03T23:45:00Z,2025-02-04,2025-02-04_1,0.0,100,100,0,40.94452869565264,45.66638782608742,0.013134391304347827,0.003,5.136,True,True,False,False,0.0,0.0,189.4667041755415,189.4667041755415,0.4816541413816661,-80.98441827753888,298.4306442149258
2025-02-03T23:45:00Z,2025-02-04T00:00:00Z,2025-02-04,2025-02-04_1,0.0,100,100,0,45.66638782608742,57.63190782608743,0.03323755555555556,0.0,13.006,True,True,False,False,0.0,0.0,189.4667041755415,189.4667041755415,0.0,-88.14056906321585,290.7928392878672
2025-02-04T00:00:00Z,2025-02-04T00:15:00Z,2025-02-04,2025-02-04_2,0.0,100,100,0,57.63190782608743,59.39140782608743,0.0048875,0.0,1.9124999999999999,True,True,False,False,0.0,0.0,189.4667041755415,189.4667041755415,0.0,-76.62066973435677,302.3127386167263
2025-02-04T00:15:00Z,2025-02-04T00:30:00Z,2025-02-04,2025-02-04_2,0.0,100,100,0,59.39140782608743,60.76966173913091,0.004024739130434783,0.0325,1.5365,True,True,False,False,0.0,0.0,189.4667041755415,189.4667041755415,4.917109070449705,-32.13695062894345,351.7135667925893
2025-02-04T00:30:00Z,2025-02-04T00:45:00Z,2025-02-04,2025-02-04_2,0.0,100,100,0,60.76966173913091,71.6928217391309,0.030342111111111108,0.0,11.873,True,True,False,False,0.0,0.0,189.4667041755415,189.4667041755415,0.0,40.45780934774745,419.3912176988305
2025-02-04T00:45:00Z,2025-02-04T01:00:00Z,2025-02-04,2025-02-04_2,0.0,100,100,0,71.6928217391309,72.29498260869613,0.002071219806763285,0.066,0.7325,True,True,False,False,0.0,0.0,189.4667041755415,189.4667041755415,4.229299521761845,-29.219782080135033,353.94292579270984
2025-02-04T01:00:00Z,2025-02-04T01:15:00Z,2025-02-04,2025-02-04_3,-100.0,100,0,0,72.29498260869613,87.01452260869613,0.04088761111111111,9.0005,0.0,True,True,False,False,-3079.5,0.0,189.4667041755415,0.0,1886.936395732026,0.0,-1003.0969000924324
2025-02-04T01:15:00Z,2025-02-04T01:30:00Z,2025-02-04,2025-02-04_3,-100.0,100,0,0,87.01452260869613,104.34042260869613,0.048127500000000004,6.1675,0.0,True,True,False,False,-3079.5,0.0,189.4667041755415,0.0,1274.0697223003658,0.0,-1615.9635735240927
2025-02-04T01:30:00Z,2025-02-04T01:45:00Z,2025-02-04,2025-02-04_3,-100.0,100,0,0,104.34042260869613,127.20932260869613,0.06352472222222223,0.1425,0.0,True,True,False,False,-3079.5,0.0,189.4667041755415,0.0,21.67534210103283,0.0,-2868.3579537234255
2025-02-04T01:45:00Z,2025-02-04T02:00:00Z,2025-02-04,2025-02-04_3,-100.0,100,0,0,127.20932260869613,150.18080260869613,0.06380966666666667,0.031,0.0,True,True,False,False,-3079.5,0.0,189.4667041755415,0.0,4.977092794277216,0.0,-2885.056203030181
2025-02-04T02:00:00Z,2025-02-04T02:15:00Z,2025-02-04,2025-02-04_4,0.0,100,100,0,150.18080260869613,151.57230260869613,0.003865277777777778,0.0,1.5125,True,True,False,False,0.0,0.0,190.88333400313468,189.4667041755415,0.0,-63.26599736768074,317.0840408109955
2025-02-04T02:15:00Z,2025-02-04T02:30:00Z,2025-02-04,2025-02-04_4,0.0,100,100,0,151.57230260869613,150.27461739130482,0.0046984589371980665,1.375,0.214,True,True,False,False,0.0,0.0,190.88333400313468,189.4667041755415,271.4175842944982,-10.232877466543423,641.5347450066309
2025-02-04T02:30:00Z,2025-02-04T02:45:00Z,2025-02-04,2025-02-04_4,0.0,100,100,0,150.27461739130482,149.89019304347875,0.001522734299516908,0.42899999999999994,0.089,True,True,False,False,0.0,0.0,190.88333400313468,189.4667041755415,81.47448418599042,-4.8778316521319764,456.94669071253463
2025-02-04T02:45:00Z,2025-02-04T03:00:00Z,2025-02-04,2025-02-04_4,0.0,100,100,0,149.89019304347875,149.81574869565267,0.0004393454106280193,0.107,0.0455,True,True,False,False,0.0,0.0,190.88333400313468,189.4667041755415,17.178997709279425,-3.0693620142265803,394.45967387372906
2025-02-04T03:00:00Z,2025-02-04T03:15:00Z,2025-02-04,2025-02-04_5,-31.63010790230838,100,68,0,149.81574869565267,157.04339677383845,0.020510304967802206,0.105,0.06664,True,True,False,False,-974.602699739877,0.0,190.88333400313468,128.83735883936822,16.857894948358314,-4.259732283084837,-642.2838442321007
2025-02-04T03:15:00Z,2025-02-04T03:30:00Z,2025-02-04,2025-02-04_5,-31.63010790230838,100,68,0,157.04339677383845,163.6312270424244,0.02164577233696449,0.8104999999999999,0.16422,True,True,False,False,-974.602699739877,0.0,190.88333400313468,128.83735883936822,155.7703607884901,-8.580945428605874,-507.69259153748993
2025-02-04T03:30:00Z,2025-02-04T03:45:00Z,2025-02-04,2025-02-04_5,-31.63010790230838,100,68,0,163.6312270424244,170.6568777316549,0.020640744402247776,0.2725,0.035359999999999996,True,True,False,False,-974.602699739877,0.0,190.88333400313468,128.83735883936822,49.83120755134027,-2.4151037736607317,-607.4659031196946
2025-02-04T03:45:00Z,2025-02-04T04:00:00Z,2025-02-04,2025-02-04_5,-31.63010790230838,100,68,0,170.6568777316549,177.53627314782403,0.020855836564076316,0.42300000000000004,0.04556,True,True,False,False,-974.602699739877,0.0,190.88333400313468,128.83735883936822,78.49375879114255,-3.084633364144195,-579.4728814703758
2025-02-04T04:00:00Z,2025-02-04T04:15:00Z,2025-02-04,2025-02-04_6,0.0,100,100,0,177.53627314782403,188.92357314782404,0.03163138888888889,0.0,12.3775,True,True,False,False,0.0,0.0,190.88333400313468,189.4667041755415,0.0,1226.9359160872884,1607.2859542659646
2025-02-04T04:15:00Z,2025-02-04T04:30:00Z,2025-02-04,2025-02-04_6,0.0,100,100,0,188.92357314782404,189.95385227825884,0.002949446859903382,0.0145,1.137,True,True,False,False,0.0,0.0,190.88333400313468,189.4667041755415,2.4474540851183537,-44.32851505043604,338.4689772133585
2025-02-04T04:30:00Z,2025-02-04T04:45:00Z,2025-02-04,2025-02-04_6,0.0,100,100,0,189.95385227825884,185.29102184347624,0.01302897342995169,4.3025,0.015,True,True,False,False,0.0,0.0,190.88333400313468,189.4667041755415,924.2706476309128,-1.0549371056544627,1303.5657487039346
2025-02-04T04:45:00Z,2025-02-04T05:00:00Z,2025-02-04,2025-02-04_6,0.0,100,100,0,185.29102184347624,178.83380358260666,0.018207606280193238,5.9855,0.053,True,True,False,False,0.0,0.0,190.88333400313468,189.4667041755415,1223.9545279909978,-2.0395404493027365,1602.2650257203713
2025-02-04T05:00:00Z,2025-02-04T05:15:00Z,2025-02-04,2025-02-04_7,0.0,100,100,0,178.83380358260666,186.6107748869545,0.021644968599033816,0.007000000000000001,8.4615,True,True,False,False,0.0,0.0,191.606719447012,189.4667041755415,0.703291403769642,1827.1354970260818,2208.912212052405
2025-02-04T05:15:00Z,2025-02-04T05:30:00Z,2025-02-04,2025-02-04_7,0.0,100,100,0,186.6107748869545,183.3425505391284,0.009137178743961354,3.0165,0.0115,True,True,False,False,0.0,0.0,191.606719447012,189.4667041755415,597.8799254511111,-0.7937139814331069,978.1596350922316
2025-02-04T05:30:00Z,2025-02-04T05:45:00Z,2025-02-04,2025-02-04_7,0.0,100,100,0,183.3425505391284,175.39472445217189,0.022077294685990338,7.312,0.0,True,True,False,False,0.0,0.0,191.606719447012,189.4667041755415,1689.0079395571272,0.0,2070.081363179681
2025-02-04T05:45:00Z,2025-02-04T06:00:00Z,2025-02-04,2025-02-04_7,0.0,100,100,0,175.39472445217189,166.45722445217189,0.024826388888888887,8.2225,0.0,True,True,False,False,0.0,0.0,191.606719447012,189.4667041755415,1716.0383605272673,0.0,2097.111784149821
2025-02-04T06:00:00Z,2025-02-04T06:15:00Z,2025-02-04,2025-02-04_8,17.00000000000017,83,100,0,166.45722445217189,163.9137732434762,0.01718920557971025,0.172225,2.3865,True,True,False,False,810.6450000000082,0.0,157.95784270385403,189.8886790178033,32.08189830406301,-97.08853233131053,1093.484887694418
2025-02-04T06:15:00Z,2025-02-04T06:30:00Z,2025-02-04,2025-02-04_8,17.00000000000017,83,100,0,163.9137732434762,155.97240367825873,0.02205935990338177,3.05606,0.0,True,True,False,False,810.6450000000082,0.0,157.95784270385403,189.8886790178033,731.2197413294216,0.0,1889.7112630510871
2025-02-04T06:30:00Z,2025-02-04T06:45:00Z,2025-02-04,2025-02-04_8,17.00000000000017,83,100,0,155.97240367825873,141.5466591130413,0.04007151268115955,9.021685,0.0,True,True,False,False,810.6450000000082,0.0,157.95784270385403,189.8886790178033,2321.6599166027004,0.0,3480.1514383243657
2025-02-04T06:45:00Z,2025-02-04T07:00:00Z,2025-02-04,2025-02-04_8,17.00000000000017,83,100,0,141.5466591130413,132.73920259130213,0.024465157004831047,3.85286,0.0,True,True,False,False,810.6450000000082,0.0,157.95784270385403,189.8886790178033,812.2988005103887,0.0,1970.7903222320542
2025-02-04T07:00:00Z,2025-02-04T07:15:00Z,2025-02-04,2025-02-04_9,100.0,0,100,0,132.73920259130213,105.56528954782388,0.0754830917874396,0.0,0.0,True,True,False,False,5299.75,0.0,0.0,189.8886790178033,0.0,0.0,5489.638679017803
2025-02-04T07:15:00Z,2025-02-04T07:30:00Z,2025-02-04,2025-02-04_9,100.0,0,100,0,105.56528954782388,78.45224606956302,0.07531400966183575,0.0,0.05600000000000001,True,True,False,False,5299.75,0.0,0.0,189.8886790178033,0.0,-3.6420479845677773,5485.996631033236
2025-02-04T07:30:00Z,2025-02-04T07:45:00Z,2025-02-04,2025-02-04_9,100.0,0,100,0,78.45224606956302,51.47181128695432,0.07494565217391304,0.0,0.178,True,True,False,False,5299.75,0.0,0.0,189.8886790178033,0.0,-11.162251738134469,5478.476427279669
2025-02-04T07:45:00Z,2025-02-04T08:00:00Z,2025-02-04,2025-02-04_9,100.0,0,100,0,51.47181128695432,25.8685504173891,0.07112016908212561,0.0,1.445,True,True,False,False,5299.75,0.0,0.0,189.8886790178033,0.0,-66.01802736808263,5423.6206516497205
2025-02-04T08:00:00Z,2025-02-04T08:15:00Z,2025-02-04,2025-02-04_10,33.99999999999847,66,100,0,25.8685504173891,11.733186347824295,0.03949766019323556,4.56654,0.069,True,True,False,False,1388.1349999999377,0.0,124.98834545673753,189.8886790178033,1086.278801273962,-4.2796332837680335,2785.0111924646726
2025-02-04T08:15:00Z,2025-02-04T08:30:00Z,2025-02-04,2025-02-04_10,33.99999999999847,66,100,0,11.733186347824295,9.999999999998607,0.030755339855071964,0.0049499999999999995,7.690000000000001,True,True,False,False,1388.1349999999377,0.0,124.98834545673753,189.8886790178033,0.8355101876783344,109.5677430374151,1813.415277699572
2025-02-04T08:30:00Z,2025-02-04T08:45:00Z,2025-02-04,2025-02-04_10,33.99999999999847,66,100,0,9.999999999998607,11.651313356520735,0.03302399845410608,0.0,11.1495,True,True,False,False,1388.1349999999377,0.0,124.98834545673753,189.8886790178033,0.0,-143.24573624562953,1559.766288228849
2025-02-04T08:45:00Z,2025-02-04T09:00:00Z,2025-02-04,2025-02-04_10,33.99999999999847,66,100,0,11.651313356520735,12.311698399999385,0.03235433043478232,0.0,10.135,True,True,False,False,1388.1349999999377,0.0,124.98834545673753,189.8886790178033,0.0,-114.86238295221636,1588.149641522262
2025-02-04T09:00:00Z,2025-02-04T09:15:00Z,2025-02-04,2025-02-04_11,0.0,100,100,0,12.311698399999385,10.982221878260253,0.004428990338164252,1.345,0.144,True,True,False,False,0.0,0.0,189.37628099505685,189.8886790178033,268.9481091508258,-8.837571032431779,639.3754981312542
2025-02-04T09:15:00Z,2025-02-04T09:30:00Z,2025-02-04,2025-02-04_11,0.0,100,100,0,10.982221878260253,12.185345356521122,0.0036167681159420292,0.0455,1.3615,True,True,False,False,0.0,0.0,189.37628099505685,189.8886790178033,3.9364183378210016,-57.8242176385484,325.37716071213276
2025-02-04T09:30:00Z,2025-02-04T09:45:00Z,2025-02-04,2025-02-04_11,0.0,100,100,0,12.185345356521122,15.616485356521121,0.009530944444444443,0.0,3.7294999999999994,True,True,False,False,0.0,0.0,189.37628099505685,189.8886790178033,0.0,-157.51340835108303,221.7515516617771
2025-02-04T09:45:00Z,2025-02-04T10:00:00Z,2025-02-04,2025-02-04_11,0.0,100,100,0,15.616485356521121,26.008345356521122,0.028866277777777782,0.0,11.2955,True,True,False,False,0.0,0.0,189.37628099505685,189.8886790178033,0.0,-69.3922198890809,309.87274012377924
2025-02-04T10:00:00Z,2025-02-04T10:15:00Z,2025-02-04,2025-02-04_12,0.0,100,100,0,26.008345356521122,27.014277530434164,0.008304521739130434,0.9125,2.1715,True,True,False,False,0.0,0.0,189.37628099505685,189.8886790178033,171.5595712936543,-55.916364988144515,494.9081663183699
2025-02-04T10:15:00Z,2025-02-04T10:30:00Z,2025-02-04,2025-02-04_12,0.0,100,100,0,27.014277530434164,31.547458399999382,0.012712942028985508,0.02,4.951,True,True,False,False,0.0,0.0,189.37628099505685,189.8886790178033,1.2056424064622433,-55.67512217176385,324.79548024755854
2025-02-04T10:30:00Z,2025-02-04T10:45:00Z,2025-02-04,2025-02-04_12,0.0,100,100,0,31.547458399999382,39.23957839999938,0.021367000000000004,0.0,8.361,True,True,False,False,0.0,0.0,189.37628099505685,189.8886790178033,0.0,-204.31410420769203,174.95085580516812
2025-02-04T10:45:00Z,2025-02-04T11:00:00Z,2025-02-04,2025-02-04_12,0.0,100,100,0,39.23957839999938,45.60459839999938,0.017680611111111112,0.0,6.9185,True,True,False,False,0.0,0.0,189.37628099505685,189.8886790178033,0.0,-212.62647208937827,166.63848792348188
2025-02-04T11:00:00Z,2025-02-04T11:15:00Z,2025-02-04,2025-02-04_13,0.0,100,100,0,45.60459839999938,47.7755044869559,0.0068062608695652164,0.1285,2.5115,True,True,False,False,0.0,0.0,189.37628099505685,189.8886790178033,24.245460354458867,-94.79062914439577,308.7197912229232
2025-02-04T11:15:00Z,2025-02-04T11:30:00Z,2025-02-04,2025-02-04_13,0.0,100,100,0,47.7755044869559,47.91556100869503,0.0005309541062801932,0.0235,0.18,True,True,False,False,0.0,0.0,189.37628099505685,189.8886790178033,4.2221613149539845,-12.170960093236344,371.3161612345778
2025-02-04T11:30:00Z,2025-02-04T11:45:00Z,2025-02-04,2025-02-04_13,0.0,100,100,0,47.91556100869503,47.671462747825466,0.0008134951690821257,0.247,0.0265,True,True,False,False,0.0,0.0,189.37628099505685,189.8886790178033,45.8605236506852,-1.8064526986295864,423.3190309649158
2025-02-04T11:45:00Z,2025-02-04T12:00:00Z,2025-02-04,2025-02-04_13,0.0,100,100,0,47.671462747825466,47.70048622608633,0.0009109347826086957,0.1375,0.194,True,True,False,False,0.0,0.0,189.37628099505685,189.8886790178033,25.31728489330065,-12.337746654342322,392.24449825181847
2025-02-04T12:00:00Z,2025-02-04T12:15:00Z,2025-02-04,2025-02-04_14,-100.0,100,0,0,47.70048622608633,68.25282622608633,0.05708983333333333,2.6605,0.0,True,True,False,False,-2829.75,0.0,189.37628099505685,0.0,599.8901986295864,0.0,-2040.4835203753569
2025-02-04T12:15:00Z,2025-02-04T12:30:00Z,2025-02-04,2025-02-04_14,-100.0,100,0,0,68.25282622608633,82.77180622608633,0.0403305,9.2185,0.0,True,True,False,False,-2829.75,0.0,189.37628099505685,0.0,1966.8769872000964,0.0,-673.4967318048467
2025-02-04T12:30:00Z,2025-02-04T12:45:00Z,2025-02-04,2025-02-04_14,-100.0,100,0,0,82.77180622608633,96.71118622608633,0.038720500000000005,9.8485,0.0,True,True,False,False,-2829.75,0.0,189.37628099505685,0.0,3095.7033897640954,0.0,455.32967075915224
2025-02-04T12:45:00Z,2025-02-04T13:00:00Z,2025-02-04,2025-02-04_14,-100.0,100,0,0,96.71118622608633,119.35560622608632,0.06290116666666666,0.3865,0.0,True,True,False,False,-2829.75,0.0,189.37628099505685,0.0,76.26373638628782,0.0,-2564.1099826186555
2025-02-04T13:00:00Z,2025-02-04T13:15:00Z,2025-02-04,2025-02-04_15,-72.70080050523518,100,27,0,119.35560622608632,135.99564547407226,0.046380587473360546,0.096,0.012554999999999998,True,True,False,False,-2182.659783168423,0.0,189.37628099505685,51.26994333480689,16.986594863963347,-0.8658928646063576,-1925.8928568392023
2025-02-04T13:15:00Z,2025-02-04T13:30:00Z,2025-02-04,2025-02-04_15,-72.70080050523518,100,27,0,135.99564547407226,152.64167624419156,0.04640629735351482,0.1015,0.02484,True,True,False,False,-2182.659783168423,0.0,189.37628099505685,51.26994333480689,18.170531386890648,-1.6409893180082789,-1925.4840167696768
2025-02-04T13:30:00Z,2025-02-04T13:45:00Z,2025-02-04,2025-02-04_15,-72.70080050523518,100,27,0,152.64167624419156,168.36741971035963,0.045386347954201066,1.0335,0.0027,True,True,False,False,-2182.659783168423,0.0,189.37628099505685,51.26994333480689,205.80825684202065,-0.1890748703934413,-1736.3943768669321
2025-02-04T13:45:00Z,2025-02-04T14:00:00Z,2025-02-04,2025-02-04_15,-72.70080050523518,100,27,0,168.36741971035963,170.90447999999856,0.031291090017702264,14.7065,0.01755,True,True,False,False,-2182.659783168423,0.0,189.37628099505685,51.26994333480689,7079.480845758148,-1.0614777157095205,5136.405809203879
2025-02-04T14:00:00Z,2025-02-04T14:15:00Z,2025-02-04,2025-02-04_16,0.0,100,100,0,170.90447999999856,188.17241999999857,0.04796650000000001,0.0,18.7695,True,True,False,False,0.0,0.0,189.37628099505685,189.8886790178033,0.0,11956.513956817907,12335.778916830768
2025-02-04T14:15:00Z,2025-02-04T14:30:00Z,2025-02-04,2025-02-04_16,0.0,100,100,0,188.17241999999857,189.99891304347685,0.005079630434782609,0.001,1.9865000000000002,True,True,False,False,0.0,0.0,189.37628099505685,189.8886790178033,0.16878993690471406,-77.74078296427281,301.69296698549203
2025-02-04T14:30:00Z,2025-02-04T14:45:00Z,2025-02-04,2025-02-04_16,0.0,100,100,0,189.99891304347685,183.13586956521598,0.01906400966183575,6.314,0.0,True,True,False,False,0.0,0.0,189.37628099505685,189.8886790178033,1416.0838130450506,0.0,1795.3487730579109
2025-02-04T14:45:00Z,2025-02-04T15:00:00Z,2025-02-04,2025-02-04_16,0.0,100,100,0,183.13586956521598,163.88804347825948,0.053466183574879214,17.708,0.0,True,True,False,False,0.0,0.0,189.37628099505685,189.8886790178033,9127.266684885262,0.0,9506.531644898123
2025-02-04T15:00:00Z,2025-02-04T15:15:00Z,2025-02-04,2025-02-04_17,0.0,100,100,0,163.88804347825948,170.94013043478122,0.023471980676328507,0.643,8.425,True,True,False,False,0.0,0.0,190.3106538600651,189.8886790178033,128.48526624603141,325.1292247719327,833.8138238958325
2025-02-04T15:15:00Z,2025-02-04T15:30:00Z,2025-02-04,2025-02-04_17,0.0,100,100,0,170.94013043478122,167.4185147826073,0.010543821256038647,3.366,0.149,True,True,False,False,0.0,0.0,190.3106538600651,189.8886790178033,794.2396447373709,-9.70443113772455,1164.7345464775146
2025-02-04T15:30:00Z,2025-02-04T15:45:00Z,2025-02-04,2025-02-04_17,0.0,100,100,0,167.4185147826073,148.21199304347687,0.053351449275362325,17.67,0.0,True,True,False,False,0.0,0.0,190.3106538600651,189.8886790178033,11285.124486597275,0.0,11665.323819475143
2025-02-04T15:45:00Z,2025-02-04T16:00:00Z,2025-02-04,2025-02-04_17,0.0,100,100,0,148.21199304347687,122.18536260869425,0.07229619565217392,23.9445,0.0,True,True,False,False,0.0,0.0,190.3106538600651,189.8886790178033,28061.288287284493,0.0,28441.487620162363
2025-02-04T16:00:00Z,2025-02-04T16:15:00Z,2025-02-04,2025-02-04_18,0.0,100,100,0,122.18536260869425,118.91433739130294,0.009147514492753622,3.0195,0.012,True,True,False,False,0.0,0.0,191.90813004862756,189.8886790178033,636.1118022344573,-0.8288791544427923,1017.0797321464454
2025-02-04T16:15:00Z,2025-02-04T16:30:00Z,2025-02-04,2025-02-04_18,0.0,100,100,0,118.91433739130294,108.1094460869551,0.03001358695652174,9.9405,0.0,True,True,False,False,0.0,0.0,191.90813004862756,189.8886790178033,3527.223613008882,0.0,3909.0204220753126
2025-02-04T16:30:00Z,2025-02-04T16:45:00Z,2025-02-04,2025-02-04_18,0.0,100,100,0,108.1094460869551,93.77357652173771,0.03982185990338164,13.189,0.0,True,True,False,False,0.0,0.0,191.90813004862756,189.8886790178033,3740.4381388900047,0.0,4122.2349479564355
2025-02-04T16:45:00Z,2025-02-04T17:00:00Z,2025-02-04,2025-02-04_18,0.0,100,100,0,93.77357652173771,74.93933739130293,0.05231733091787439,17.3275,0.0,True,True,False,False,0.0,0.0,191.90813004862756,189.8886790178033,4680.959746614154,0.0,5062.756555680585
2025-02-04T17:00:00Z,2025-02-04T17:15:00Z,2025-02-04,2025-02-04_19,0.0,100,100,0,74.93933739130293,71.1658008695638,0.010487157004830917,3.4724999999999997,0.001,True,True,False,False,0.0,0.0,191.90813004862756,189.8886790178033,737.7949563959328,-0.0703291403769642,1119.5214363219866
2025-02-04T17:15:00Z,2025-02-04T17:30:00Z,2025-02-04,2025-02-04_19,0.0,100,100,0,71.1658008695638,68.13959652173772,0.00855945652173913,2.8095,0.03,True,True,False,False,0.0,0.0,191.90813004862756,189.8886790178033,556.4803962544709,-1.9169714262749666,936.3602338946267
2025-02-04T17:30:00Z,2025-02-04T17:45:00Z,2025-02-04,2025-02-04_19,0.0,100,100,0,68.13959652173772,61.44394434782467,0.01859903381642512,6.16,0.0,True,True,False,False,0.0,0.0,191.90813004862756,189.8886790178033,1235.2851022786642,0.0,1617.081911345095
2025-02-04T17:45:00Z,2025-02-04T18:00:00Z,2025-02-04,2025-02-04_19,0.0,100,100,0,61.44394434782467,50.920574782607275,0.02923158212560386,9.6815,0.0,True,True,False,False,0.0,0.0,191.90813004862756,189.8886790178033,2251.8193185106297,0.0,2633.6161275770605
2025-02-04T18:00:00Z,2025-02-04T18:15:00Z,2025-02-04,2025-02-04_20,-11.51753450989829,100,88,0,50.920574782607275,48.75629329161918,0.01807500035289409,4.508,0.0,True,True,False,False,-500.7824004903776,0.0,191.90813004862756,167.10203753566688,905.8393280552988,0.0,764.0670951492157
2025-02-04T18:15:00Z,2025-02-04T18:30:00Z,2025-02-04,2025-02-04_20,-11.51753450989829,100,88,0,48.75629329161918,39.62669310657945,0.033582893088298864,11.0315,0.0,True,True,False,False,-500.7824004903776,0.0,191.90813004862756,167.10203753566688,2745.290941506249,0.0,2603.518708600166
2025-02-04T18:30:00Z,2025-02-04T18:45:00Z,2025-02-04,2025-02-04_20,-11.51753450989829,100,88,0,39.62669310657945,26.649003924320112,0.042150448145921136,14.6355,0.0,True,True,False,False,-500.7824004903776,0.0,191.90813004862756,167.10203753566688,3868.2703444118474,0.0,3726.4981115057644
2025-02-04T18:45:00Z,2025-02-04T19:00:00Z,2025-02-04,2025-02-04_20,-11.51753450989829,100,88,0,26.649003924320112,23.17515496521608,0.020990679120422864,5.7345,0.0,True,True,False,False,-500.7824004903776,0.0,191.90813004862756,167.10203753566688,1233.0984099586062,0.0,1091.326177052523
2025-02-04T19:00:00Z,2025-02-04T19:15:00Z,2025-02-04,2025-02-04_21,-6.0,100,94,0,23.17515496521608,12.457359243476953,0.03399338144927535,11.2335,0.0,True,True,False,False,-243.07500000000002,0.0,189.4667041755415,178.098701925009,2696.7984407024874,0.0,2821.288846803038
2025-02-04T19:15:00Z,2025-02-04T19:30:00Z,2025-02-04,2025-02-04_21,-6.0,100,94,0,12.457359243476953,11.261549226085648,0.0102731122705314,2.395,0.0037600000000000003,True,True,False,False,-243.07500000000002,0.0,189.4667041755415,178.098701925009,480.3109311578186,-0.26443756781738537,604.5368996905516
2025-02-04T19:30:00Z,2025-02-04T19:45:00Z,2025-02-04,2025-02-04_21,-6.0,100,94,0,11.261549226085648,12.567754043476953,0.004133539951690821,0.089,0.023969999999999998,True,True,False,False,-243.07500000000002,0.0,189.4667041755415,178.098701925009,16.268332998432662,-1.6744561728891207,139.08428292609403
2025-02-04T19:45:00Z,2025-02-04T20:00:00Z,2025-02-04,2025-02-04_21,-6.0,100,94,0,12.567754043476953,15.957018895650867,0.00942881541062802,0.0025,2.1869099999999997,True,True,False,False,-243.07500000000002,0.0,189.4667041755415,178.098701925009,0.4219748422617851,-86.66651471084674,38.24586623196554
2025-02-04T20:00:00Z,2025-02-04T20:15:00Z,2025-02-04,2025-02-04_22,-10.9999999999999,100,89,0,15.957018895650867,12.250789826085626,0.02124456297101446,5.8685,0.037825000000000004,True,True,False,False,-375.7599999999966,0.0,189.4667041755415,168.62536671623195,1243.430741972431,-2.480469040107704,1223.2823438241
2025-02-04T20:15:00Z,2025-02-04T20:30:00Z,2025-02-04,2025-02-04_22,-10.9999999999999,100,89,0,12.250789826085626,13.673026721737777,0.011859081956521685,1.4715,0.505075,True,True,False,False,-375.7599999999966,0.0,189.4667041755415,168.62536671623195,294.760675360688,-19.736450593778887,257.356295658686
2025-02-04T20:30:00Z,2025-02-04T20:45:00Z,2025-02-04,2025-02-04_22,-10.9999999999999,100,89,0,13.673026721737777,13.187122443476884,0.0139914796618357,2.8545,0.037380000000000004,True,True,False,False,-375.7599999999966,0.0,189.4667041755415,168.62536671623195,572.8324057589518,-1.5818110959289475,553.5826655547997
2025-02-04T20:45:00Z,2025-02-04T21:00:00Z,2025-02-04,2025-02-04_22,-10.9999999999999,100,89,0,13.187122443476884,18.66584347825947,0.015301972681159359,0.0155,3.2231350000000005,True,True,False,False,-375.7599999999966,0.0,189.4667041755415,168.62536671623195,2.6801426676847644,-122.03302314230599,-137.02080958284435
2025-02-04T21:00:00Z,2025-02-04T21:15:00Z,2025-02-04,2025-02-04_23,0.0,100,100,0,18.66584347825947,9.999999999998604,0.024889565217391305,8.108,0.16,True,True,False,False,0.0,0.0,189.4667041755415,189.4667041755415,5977.514900936382,-6.182952216372623,6350.265357071093
2025-02-04T21:15:00Z,2025-02-04T21:30:00Z,2025-02-04,2025-02-04_23,0.0,100,100,0,9.999999999998604,17.256959999998607,0.020158222222222227,0.0,7.888000000000001,True,True,False,False,0.0,0.0,189.4667041755415,189.4667041755415,0.0,-57.225485672949404,321.7079226781336
2025-02-04T21:30:00Z,2025-02-04T21:45:00Z,2025-02-04,2025-02-04_23,0.0,100,100,0,17.256959999998607,21.93745999999861,0.01300138888888889,0.0,5.0875,True,True,False,False,0.0,0.0,189.4667041755415,189.4667041755415,0.0,-162.5708038620745,216.3626044890085
2025-02-04T21:45:00Z,2025-02-04T22:00:00Z,2025-02-04,2025-02-04_23,0.0,100,100,0,21.93745999999861,23.28705913043339,0.003767002415458937,0.003,1.4705,True,True,False,False,0.0,0.0,189.4667041755415,189.4667041755415,0.5063698107141421,-58.7269228991681,320.71285526262903
2025-02-04T22:00:00Z,2025-02-04T22:15:00Z,2025-02-05,2025-02-04_24,0.0,100,100,0,23.28705913043339,22.78882086956383,0.0014964396135265698,0.477,0.022,True,True,False,False,0.0,0.0,189.4552834093512,189.4552834093512,81.62614458799655,-1.5913520464546203,458.94535936024437
2025-02-04T22:15:00Z,2025-02-04T22:30:00Z,2025-02-05,2025-02-04_24,0.0,100,100,0,22.78882086956383,22.802018260868177,0.0005076739130434782,0.078,0.1065,True,True,False,False,0.0,0.0,189.4552834093512,189.4552834093512,12.522252807972835,-7.703590588518957,383.7292290381563
2025-02-04T22:30:00Z,2025-02-04T22:45:00Z,2025-02-05,2025-02-04_24,0.0,100,100,0,22.802018260868177,18.731703478259483,0.011362652173913041,3.7539999999999996,0.011,True,True,False,False,0.0,0.0,189.4552834093512,189.4552834093512,762.1301119170568,-0.7956760232273101,1140.245002712532
2025-02-04T22:45:00Z,2025-02-04T23:00:00Z,2025-02-05,2025-02-04_24,0.0,100,100,0,18.731703478259483,18.550993043476875,0.0008265289855072463,0.22,0.0635,True,True,False,False,0.0,0.0,189.4552834093512,189.4552834093512,34.26640679941329,-4.593220679539472,408.58375293857625
2025-02-04T23:00:00Z,2025-02-04T23:15:00Z,2025-02-05,2025-02-05_1,-99.99999999999996,100,0,0,18.550993043476875,35.630793043476864,0.04744388888888887,6.434999999999999,0.0,True,True,False,False,-2899.7499999999986,0.0,189.4552834093512,0.0,1319.5661244951675,0.0,-1390.7285920954798
2025-02-04T23:15:00Z,2025-02-04T23:30:00Z,2025-02-05,2025-02-05_1,-99.99999999999996,100,0,0,35.630793043476864,43.24333304347685,0.02114594444444445,16.7255,0.0,True,True,False,False,-2899.7499999999986,0.0,189.4552834093512,0.0,3449.2794088689757,0.0,738.9846922783282
2025-02-04T23:30:00Z,2025-02-04T23:45:00Z,2025-02-05,2025-02-05_1,-99.99999999999996,100,0,0,43.24333304347685,65.27457304347683,0.06119788888888885,1.053,0.0,True,True,False,False,-2899.7499999999986,0.0,189.4552834093512,0.0,204.26938998171553,0.0,-2506.025326608932
2025-02-04T23:45:00Z,2025-02-05T00:00:00Z,2025-02-05,2025-02-05_1,-99.99999999999996,100,0,0,65.27457304347683,87.92589304347682,0.06292033333333331,0.379,0.0,True,True,False,False,-2899.7499999999986,0.0,189.4552834093512,0.0,69.34453394683437,0.0,-2640.950182643813
2025-02-05T00:00:00Z,2025-02-05T00:15:00Z,2025-02-05,2025-02-05_2,0.0,100,100,0,87.92589304347682,85.28028347825942,0.007364248792270531,2.4365,0.003,True,True,False,False,0.0,0.0,189.4552834093512,189.4552834093512,488.95765617151244,-0.21700255178926642,867.6512204384256
2025-02-05T00:15:00Z,2025-02-05T00:30:00Z,2025-02-05,2025-02-05_2,0.0,100,100,0,85.28028347825942,80.10039217391159,0.01438858695652174,4.7655,0.0,True,True,False,False,0.0,0.0,189.4552834093512,189.4552834093512,956.6552857200265,0.0,1335.565852538729
2025-02-05T00:30:00Z,2025-02-05T00:45:00Z,2025-02-05,2025-02-05_2,0.0,100,100,0,80.10039217391159,77.4285278260855,0.008224289855072465,2.591,0.157,True,True,False,False,0.0,0.0,189.4552834093512,189.4552834093512,518.578479977496,-11.35646687697161,886.1325799192268
2025-02-05T00:45:00Z,2025-02-05T01:00:00Z,2025-02-05,2025-02-05_2,0.0,100,100,0,77.4285278260855,81.7879478260855,0.0121095,0.0,4.7385,True,True,False,False,0.0,0.0,189.4552834093512,189.4552834093512,0.0,-251.6016013984609,127.30896542024152
2025-02-05T01:00:00Z,2025-02-05T01:15:00Z,2025-02-05,2025-02-05_3,-100.0,100,0,0,81.7879478260855,103.6830278260855,0.06081966666666667,1.201,0.0,True,True,False,False,-2766.25,0.0,189.4552834093512,0.0,239.9972955052342,0.0,-2336.7974210854145
2025-02-05T01:15:00Z,2025-02-05T01:30:00Z,2025-02-05,2025-02-05_3,-100.0,100,0,0,103.6830278260855,123.3503278260855,0.05463138888888888,3.6225,0.0,True,True,False,False,-2766.25,0.0,189.4552834093512,0.0,721.3789246317989,0.0,-1855.41579195885
2025-02-05T01:30:00Z,2025-02-05T01:45:00Z,2025-02-05,2025-02-05_3,-100.0,100,0,0,123.3503278260855,138.4585678260855,0.041967333333333336,8.578,0.0,True,True,False,False,-2766.25,0.0,189.4552834093512,0.0,1723.0595800598765,0.0,-853.7351365307724
2025-02-05T01:45:00Z,2025-02-05T02:00:00Z,2025-02-05,2025-02-05_3,-100.0,100,0,0,138.4585678260855,157.9690078260855,0.05419566666666668,3.7929999999999997,0.0,True,True,False,False,-2766.25,0.0,189.4552834093512,0.0,761.3863143724005,0.0,-1815.4084022182483
2025-02-05T02:00:00Z,2025-02-05T02:15:00Z,2025-02-05,2025-02-05_4,-100.0,100,0,0,157.9690078260855,158.6935078260855,0.002012500000000005,24.2125,0.0,True,True,False,False,-2737.0,0.0,189.4552834093512,0.0,22745.276695834753,0.0,20197.731979244105
2025-02-05T02:15:00Z,2025-02-05T02:30:00Z,2025-02-05,2025-02-05_4,-100.0,100,0,0,158.6935078260855,170.1866078260855,0.03192527777777778,12.507499999999999,0.0,True,True,False,False,-2737.0,0.0,189.4552834093512,0.0,2511.2910787839814,0.0,-36.25363780666734
2025-02-05T02:30:00Z,2025-02-05T02:45:00Z,2025-02-05,2025-02-05_4,-100.0,100,0,0,170.1866078260855,180.8291678260855,0.02956266666666667,13.431999999999999,0.0,True,True,False,False,-2737.0,0.0,189.4552834093512,0.0,7620.218198476963,0.0,5072.673481886314
2025-02-05T02:45:00Z,2025-02-05T03:00:00Z,2025-02-05,2025-02-05_4,-100.0,100,0,0,180.8291678260855,189.6933678260855,0.024622777777777778,15.365,0.0,True,True,False,False,-2737.0,0.0,189.4552834093512,0.0,15086.77893166429,0.0,12539.234215073642
2025-02-05T03:00:00Z,2025-02-05T03:15:00Z,2025-02-05,2025-02-05_5,0.0,100,100,0,189.6933678260855,189.11720434782464,0.0017358985507246376,0.5525,0.0265,True,True,False,False,0.0,0.0,189.4552834093512,189.4552834093512,103.40416775502824,-1.9168558741385198,480.3978786995921
2025-02-05T03:15:00Z,2025-02-05T03:30:00Z,2025-02-05,2025-02-05_5,0.0,100,100,0,189.11720434782464,189.12386956521593,0.0003264855072463768,0.05099999999999999,0.0675,True,True,False,False,0.0,0.0,189.4552834093512,189.4552834093512,8.204104563081435,-4.8825574152584945,382.2321139665254
2025-02-05T03:30:00Z,2025-02-05T03:45:00Z,2025-02-05,2025-02-05_5,0.0,100,100,0,189.12386956521593,188.3719886956507,0.002096224637681159,0.693,0.0015,True,True,False,False,0.0,0.0,189.4552834093512,189.4552834093512,129.23867266772487,-0.10850127589463321,508.04073821053265
2025-02-05T03:45:00Z,2025-02-05T04:00:00Z,2025-02-05,2025-02-05_5,0.0,100,100,0,188.3719886956507,188.91240956521594,0.002385830917874396,0.1465,0.7605,True,True,False,False,0.0,0.0,189.4552834093512,189.4552834093512,25.66998261970303,-43.52815397134763,361.0523954670578
2025-02-05T04:00:00Z,2025-02-05T04:15:00Z,2025-02-05,2025-02-05_6,-7.674831829787955,100,92,0,188.91240956521594,189.51904811233774,0.01193788390293617,1.839,0.8877999999999999,True,True,False,False,-235.09928602597952,0.0,189.4552834093512,174.2988607366031,369.2935477907935,-51.10758974462014,446.84081616614816
2025-02-05T04:15:00Z,2025-02-05T04:30:00Z,2025-02-05,2025-02-05_6,-7.674831829787955,100,92,0,189.51904811233774,184.64981587639735,0.020909524054955112,6.1765,0.0,True,True,False,False,-235.09928602597952,0.0,189.4552834093512,174.2988607366031,1283.555108501276,0.0,1412.2099666212507
2025-02-05T04:30:00Z,2025-02-05T04:45:00Z,2025-02-05,2025-02-05_6,-7.674831829787955,100,92,0,184.64981587639735,184.54748885399772,0.00963959881114694,1.78,0.048299999999999996,True,True,False,False,-235.09928602597952,0.0,189.4552834093512,174.2988607366031,356.2596556089132,-3.4937410838071887,481.4207726450808
2025-02-05T04:45:00Z,2025-02-05T05:00:00Z,2025-02-05,2025-02-05_6,-7.674831829787955,100,92,0,184.54748885399772,182.87597999999997,0.013194744461153166,3.1995000000000005,0.0,True,True,False,False,-235.09928602597952,0.0,189.4552834093512,174.2988607366031,642.8057726697342,0.0,771.4606307897091
2025-02-05T05:00:00Z,2025-02-05T05:15:00Z,2025-02-05,2025-02-05_7,0.0,100,100,0,182.87597999999997,189.970652173913,0.01987046618357488,0.027,7.7435,True,True,False,False,0.0,0.0,189.4552834093512,189.4552834093512,4.340051035785328,3237.758230725954,3621.0088485804417
2025-02-05T05:15:00Z,2025-02-05T05:30:00Z,2025-02-05,2025-02-05_7,0.0,100,100,0,189.970652173913,174.9135869565217,0.04182518115942028,13.852499999999997,0.0,True,True,False,False,0.0,0.0,189.4552834093512,189.4552834093512,5479.9470177218745,0.0,5858.857584540577
2025-02-05T05:30:00Z,2025-02-05T05:45:00Z,2025-02-05,2025-02-05_7,0.0,100,100,0,174.9135869565217,170.85223391304342,0.011629091787439615,3.794,0.068,True,True,False,False,0.0,0.0,189.4552834093512,189.4552834093512,932.1977455846009,-6.831561815588017,1304.2767505877152
2025-02-05T05:45:00Z,2025-02-05T06:00:00Z,2025-02-05,2025-02-05_7,0.0,100,100,0,170.85223391304342,171.02950956521735,0.0006524565217391306,0.0265,0.22400000000000003,True,True,False,False,0.0,0.0,189.4552834093512,189.4552834093512,4.2596797203078225,-21.64602704494766,361.5242194940626
2025-02-05T06:00:00Z,2025-02-05T06:15:00Z,2025-02-05,2025-02-05_8,100.0,0,100,0,171.02950956521735,148.35994434782606,0.06297101449275362,0.0,4.144,True,True,False,False,4232.75,0.0,0.0,189.87723281560812,0.0,-179.43206092145718,4243.195171894151
2025-02-05T06:15:00Z,2025-02-05T06:30:00Z,2025-02-05,2025-02-05_8,100.0,0,100,0,148.35994434782606,121.37461826086952,0.07495923913043478,0.0,0.1735,True,True,False,False,4232.75,0.0,0.0,189.87723281560812,0.0,-12.549980911812574,4410.0772519037955
2025-02-05T06:30:00Z,2025-02-05T06:45:00Z,2025-02-05,2025-02-05_8,100.0,0,100,0,121.37461826086952,94.24581391304343,0.07535778985507245,0.0,0.0415,True,True,False,False,4232.75,0.0,0.0,189.87723281560812,0.0,-3.001868633084852,4419.625364182523
2025-02-05T06:45:00Z,2025-02-05T07:00:00Z,2025-02-05,2025-02-05_8,100.0,0,100,0,94.24581391304343,67.20287913043475,0.07511926328502415,0.0,0.1205,True,True,False,False,4232.75,0.0,0.0,189.87723281560812,0.0,-8.716269163535534,4413.9109636520725
2025-02-05T07:00:00Z,2025-02-05T07:15:00Z,2025-02-05,2025-02-05_9,0.0,100,100,0,67.20287913043475,54.710487826086926,0.03470108695652174,11.493,0.0,True,True,False,False,0.0,0.0,190.29918222186504,189.87723281560812,3108.970924270128,0.0,3489.147339307601
2025-02-05T07:15:00Z,2025-02-05T07:30:00Z,2025-02-05,2025-02-05_9,0.0,100,100,0,54.710487826086926,42.51537913043475,0.033875301932367145,11.2195,0.0,True,True,False,False,0.0,0.0,190.29918222186504,189.87723281560812,3034.8917700777592,0.0,3415.0681851152326
2025-02-05T07:30:00Z,2025-02-05T07:45:00Z,2025-02-05,2025-02-05_9,0.0,100,100,0,42.51537913043475,28.274074782608665,0.03955917874396135,13.102,0.0,True,True,False,False,0.0,0.0,190.29918222186504,189.87723281560812,3665.2087480158334,0.0,4045.3851630533068
2025-02-05T07:45:00Z,2025-02-05T08:00:00Z,2025-02-05,2025-02-05_9,0.0,100,100,0,28.274074782608665,14.082770434782582,0.039420289855072455,13.055999999999997,0.0,True,True,False,False,0.0,0.0,190.29918222186504,189.87723281560812,7829.468271413932,0.0,8209.644686451406
2025-02-05T08:00:00Z,2025-02-05T08:15:00Z,2025-02-05,2025-02-05_10,0.5934250639996074,0,0,0,14.082770434782582,13.921513623913123,0.0004479355857484958,0.0,0.0,True,False,False,False,23.63760386176436,0.0,0.0,0.0,0.0,0.0,23.63760386176436
2025-02-05T08:15:00Z,2025-02-05T08:30:00Z,2025-02-05,2025-02-05_10,0.5934250639996074,0,0,0,13.921513623913123,13.760256813043664,0.0004479355857484958,0.0,0.0,True,False,False,False,23.63760386176436,0.0,0.0,0.0,0.0,0.0,23.63760386176436
2025-02-05T08:30:00Z,2025-02-05T08:45:00Z,2025-02-05,2025-02-05_10,0.5934250639996074,0,0,0,13.760256813043664,13.599000002174206,0.0004479355857484958,0.0,0.0,True,False,False,False,23.63760386176436,0.0,0.0,0.0,0.0,0.0,23.63760386176436
2025-02-05T08:45:00Z,2025-02-05T09:00:00Z,2025-02-05,2025-02-05_10,0.5934250639996074,0,0,0,13.599000002174206,13.437743191304747,0.0004479355857484958,0.0,0.0,True,False,False,False,23.63760386176436,0.0,0.0,0.0,0.0,0.0,23.63760386176436
2025-02-05T09:00:00Z,2025-02-05T09:15:00Z,2025-02-05,2025-02-05_11,0.0,100,100,0,13.437743191304747,27.490743191304748,0.03903611111111111,0.0,15.275,True,True,False,False,0.0,0.0,189.36486567943902,189.87723281560812,0.0,7342.561047037313,7721.80314553236
2025-02-05T09:15:00Z,2025-02-05T09:30:00Z,2025-02-05,2025-02-05_11,0.0,100,100,0,27.490743191304748,31.67582666956562,0.011691657004830918,0.011,4.562,True,True,False,False,0.0,0.0,189.36486567943902,189.87723281560812,1.8565773875303904,1296.6624967349153,1677.7611726174928
2025-02-05T09:30:00Z,2025-02-05T09:45:00Z,2025-02-05,2025-02-05_11,0.0,100,100,0,31.67582666956562,28.702918843478663,0.008293855072463767,2.741,0.007000000000000001,True,True,False,False,0.0,0.0,189.36486567943902,189.87723281560812,550.4519940123371,-0.5063392875082884,929.187753219876
2025-02-05T09:45:00Z,2025-02-05T10:00:00Z,2025-02-05,2025-02-05_11,0.0,100,100,0,28.702918843478663,28.294517973913443,0.0011753357487922706,0.3825,0.008,True,True,False,False,0.0,0.0,189.36486567943902,189.87723281560812,63.593804878538855,-0.5786734714380437,442.25722990214797
2025-02-05T10:00:00Z,2025-02-05T10:15:00Z,2025-02-05,2025-02-05_12,-100.0,100,0,0,28.294517973913443,37.037737973913444,0.024286722222222223,15.4965,0.0,True,True,False,False,-3074.25,0.0,189.36486567943902,0.0,9849.15305973598,0.0,6964.267925415419
2025-02-05T10:15:00Z,2025-02-05T10:30:00Z,2025-02-05,2025-02-05_12,-100.0,100,0,0,37.037737973913444,47.14669797391345,0.02808044444444445,14.011999999999999,0.0,True,True,False,False,-3074.25,0.0,189.36486567943902,0.0,3058.371190098254,0.0,173.48605577769294
2025-02-05T10:30:00Z,2025-02-05T10:45:00Z,2025-02-05,2025-02-05_12,-100.0,100,0,0,47.14669797391345,63.58617797391345,0.04566522222222222,7.131,0.0,True,True,False,False,-3074.25,0.0,189.36486567943902,0.0,1504.3646090940144,0.0,-1380.5205252265466
2025-02-05T10:45:00Z,2025-02-05T11:00:00Z,2025-02-05,2025-02-05_12,-100.0,100,0,0,63.58617797391345,86.09581797391346,0.06252677777777778,0.533,0.0,True,True,False,False,-3074.25,0.0,189.36486567943902,0.0,106.1785820490667,0.0,-2778.7065522714943
2025-02-05T11:00:00Z,2025-02-05T11:15:00Z,2025-02-05,2025-02-05_13,-100.0,100,0,0,86.09581797391346,104.62323797391345,0.05146505555555554,4.8615,0.0,True,True,False,False,-2944.75,0.0,189.36486567943902,0.0,1583.889379031124,0.0,-1171.495755289437
2025-02-05T11:15:00Z,2025-02-05T11:30:00Z,2025-02-05,2025-02-05_13,-100.0,100,0,0,104.62323797391345,125.59233797391344,0.0582475,2.2075,0.0,True,True,False,False,-2944.75,0.0,189.36486567943902,0.0,445.9337177761257,0.0,-2309.4514165444352
2025-02-05T11:30:00Z,2025-02-05T11:45:00Z,2025-02-05,2025-02-05_13,-100.0,100,0,0,125.59233797391344,132.78949797391346,0.019992111111111113,17.177,0.0,True,True,False,False,-2944.75,0.0,189.36486567943902,0.0,17519.60813679198,0.0,14764.223002471419
2025-02-05T11:45:00Z,2025-02-05T12:00:00Z,2025-02-05,2025-02-05_13,-100.0,100,0,0,132.78949797391346,143.39111797391345,0.029448944444444444,13.4765,0.0,True,True,False,False,-2944.75,0.0,189.36486567943902,0.0,13481.013919407664,0.0,10725.628785087103
2025-02-05T12:00:00Z,2025-02-05T12:15:00Z,2025-02-05,2025-02-05_14,-100.0,100,0,0,143.39111797391345,152.89839797391343,0.026409111111111105,14.666,0.0,True,True,False,False,-2996.25,0.0,189.36486567943902,0.0,17586.39609194479,0.0,14779.510957624228
2025-02-05T12:15:00Z,2025-02-05T12:30:00Z,2025-02-05,2025-02-05_14,-100.0,100,0,0,152.89839797391343,158.72061797391342,0.01617283333333333,18.6715,0.0,True,True,False,False,-2996.25,0.0,189.36486567943902,0.0,22506.043621531477,0.0,19699.158487210916
2025-02-05T12:30:00Z,2025-02-05T12:45:00Z,2025-02-05,2025-02-05_14,-100.0,100,0,0,158.72061797391342,164.60769797391342,0.016353000000000006,18.601,0.0,True,True,False,False,-2996.25,0.0,189.36486567943902,0.0,22421.065120858362,0.0,19614.1799865378
2025-02-05T12:45:00Z,2025-02-05T13:00:00Z,2025-02-05,2025-02-05_14,-100.0,100,0,0,164.60769797391342,177.31519797391343,0.035298611111111114,11.1875,0.0,True,True,False,False,-2996.25,0.0,189.36486567943902,0.0,9811.73129859953,0.0,7004.84616427897
2025-02-05T13:00:00Z,2025-02-05T13:15:00Z,2025-02-05,2025-02-05_15,-19.0,100,81,0,177.31519797391343,181.2007966000004,0.013180286038647343,0.488,0.033209999999999996,True,True,False,False,-612.0375,0.0,189.36486567943902,153.8005585806426,115.83697643111176,-2.402218248307179,-155.43731755711383
2025-02-05T13:15:00Z,2025-02-05T13:30:00Z,2025-02-05,2025-02-05_15,-19.0,100,81,0,181.2007966000004,183.9321206000004,0.015293261111111112,1.5755,0.025920000000000002,True,True,False,False,-612.0375,0.0,189.36486567943902,153.8005585806426,495.17057415258495,-1.874902047459262,224.42359636520726
2025-02-05T13:30:00Z,2025-02-05T13:45:00Z,2025-02-05,2025-02-05_15,-19.0,100,81,0,183.9321206000004,183.72597820869606,0.020716784420289854,4.3525,0.018224999999999998,True,True,False,False,-612.0375,0.0,189.36486567943902,153.8005585806426,1528.230448170548,-1.3182905021197933,1258.0400819285098
2025-02-05T13:45:00Z,2025-02-05T14:00:00Z,2025-02-05,2025-02-05_15,-19.0,100,81,0,183.72597820869606,188.32462273913083,0.013346295193236716,0.117,0.382725,True,True,False,False,-612.0375,0.0,189.36486567943902,153.8005585806426,22.51069280073942,-27.684100544515662,-274.0454834836947
2025-02-05T14:00:00Z,2025-02-05T14:15:00Z,2025-02-05,2025-02-05_16,-4.999999999999318,100,95,0,188.32462273913083,189.8181841739133,0.004587640458936766,0.0765,0.463125,True,True,False,False,-180.14999999997542,0.0,189.36486567943902,180.38337117482772,14.930573047479355,-33.499768932468,171.02904096930266
2025-02-05T14:15:00Z,2025-02-05T14:30:00Z,2025-02-05,2025-02-05_16,-4.999999999999318,100,95,0,189.8181841739133,189.8948283043479,0.00599837741545854,1.0085,0.015675,True,True,False,False,-180.14999999997542,0.0,189.36486567943902,180.38337117482772,200.32106080090017,-1.133838333098917,388.78545932209255
2025-02-05T14:30:00Z,2025-02-05T14:45:00Z,2025-02-05,2025-02-05_16,-4.999999999999318,100,95,0,189.8948283043479,189.99999999999991,0.0059026508454102285,0.9780000000000001,0.010925,True,True,False,False,-180.14999999997542,0.0,189.36486567943902,180.38337117482772,194.46634611907015,-0.7902509594325785,383.27433201392887
2025-02-05T14:45:00Z,2025-02-05T15:00:00Z,2025-02-05,2025-02-05_16,-4.999999999999318,100,95,0,189.99999999999991,171.83373617391277,0.05227411618357512,17.9085,0.0,True,True,False,False,-180.14999999997542,0.0,189.36486567943902,180.38337117482772,19426.395515079672,0.0,19615.993751933962
2025-02-05T15:00:00Z,2025-02-05T15:15:00Z,2025-02-05,2025-02-05_17,0.0,100,100,0,171.83373617391277,169.18408573913015,0.007648917874396136,2.4855,0.056499999999999995,True,True,False,False,0.0,0.0,190.29918222186504,189.87723281560812,1456.0148793425628,-4.0868813920311835,1832.104412988005
2025-02-05T15:15:00Z,2025-02-05T15:30:00Z,2025-02-05,2025-02-05_17,0.0,100,100,0,169.18408573913015,169.05023530434755,0.0006094734299516908,0.1625,0.0465,True,True,False,False,0.0,0.0,190.29918222186504,189.87723281560812,30.19148717072877,-3.3635395527336294,407.0043626554683
2025-02-05T15:30:00Z,2025-02-05T15:45:00Z,2025-02-05,2025-02-05_17,0.0,100,100,0,169.05023530434755,169.020777043478,0.00036805072463768116,0.0745,0.05600000000000001,True,True,False,False,0.0,0.0,190.29918222186504,189.87723281560812,12.847354276758624,-4.050714300066307,388.9730550141655
2025-02-05T15:45:00Z,2025-02-05T16:00:00Z,2025-02-05,2025-02-05_17,0.0,100,100,0,169.020777043478,169.14011530434757,0.0009232826086956524,0.098,0.24550000000000002,True,True,False,False,0.0,0.0,190.29918222186504,189.87723281560812,18.226515300689186,-17.758042154754968,380.6448881834074
2025-02-05T16:00:00Z,2025-02-05T16:15:00Z,2025-02-05,2025-02-05_18,0.0,100,100,0,169.14011530434757,172.0524622608693,0.008153258454106282,0.0105,3.1780000000000004,True,True,False,False,0.0,0.0,190.29918222186504,189.87723281560812,1.8520561996423477,-162.99310615041495,219.03536508670055
2025-02-05T16:15:00Z,2025-02-05T16:30:00Z,2025-02-05,2025-02-05_18,0.0,100,100,0,172.0524622608693,173.84115356521713,0.005010857487922705,0.007000000000000001,1.9525000000000001,True,True,False,False,0.0,0.0,190.29918222186504,189.87723281560812,1.1814583375193395,-127.01783590186663,254.34003747312588
2025-02-05T16:30:00Z,2025-02-05T16:45:00Z,2025-02-05,2025-02-05_18,0.0,100,100,0,173.84115356521713,173.6557474782606,0.0005840169082125604,0.182,0.0135,True,True,False,False,0.0,0.0,190.29918222186504,189.87723281560812,33.20983463601841,-0.9765114830516988,412.4097381904399
2025-02-05T16:45:00Z,2025-02-05T17:00:00Z,2025-02-05,2025-02-05_18,0.0,100,100,0,173.6557474782606,173.7998231304345,0.0006296787439613529,0.038,0.20150000000000004,True,True,False,False,0.0,0.0,190.29918222186504,189.87723281560812,6.7650521408909166,-14.57533806184573,372.3661291165183
2025-02-05T17:00:00Z,2025-02-05T17:15:00Z,2025-02-05,2025-02-05_19,62.81007158769342,37,100,0,173.7998231304345,156.85655137141867,0.04735071696881998,0.027195,0.1505,True,True,False,False,2981.908148625745,0.0,70.41069742209007,189.87723281560812,5.082676595872933,-10.886294681428197,3236.392460777888
2025-02-05T17:15:00Z,2025-02-05T17:30:00Z,2025-02-05,2025-02-05_19,62.81007158769342,37,100,0,156.85655137141867,140.22226436701004,0.04701515108870625,0.00222,0.4255,True,True,False,False,2981.908148625745,0.0,70.41069742209007,189.87723281560812,0.3746910727561334,-30.778195262110952,3211.7925746740884
2025-02-05T17:30:00Z,2025-02-05T17:45:00Z,2025-02-05,2025-02-05_19,62.81007158769342,37,100,0,140.22226436701004,123.15777966784749,0.04745551971561652,0.023680000000000003,0.028499999999999998,True,True,False,False,2981.908148625745,0.0,70.41069742209007,189.87723281560812,4.091269665856256,-2.061524241998031,3244.2258242873013
2025-02-05T17:45:00Z,2025-02-05T18:00:00Z,2025-02-05,2025-02-05_19,62.81007158769342,37,100,0,123.15777966784749,106.06902173913046,0.047528647808957755,0.04884,0.0315,True,True,False,False,2981.908148625745,0.0,70.41069742209007,189.87723281560812,8.752977049970866,-2.278526793787297,3248.6705291196267
2025-02-05T18:00:00Z,2025-02-05T18:15:00Z,2025-02-05,2025-02-05_20,100.0,0,100,0,106.06902173913046,78.8951086956522,0.0754830917874396,0.0,0.0,True,True,False,False,4740.75,0.0,0.0,189.87723281560812,0.0,0.0,4930.627232815608
2025-02-05T18:15:00Z,2025-02-05T18:30:00Z,2025-02-05,2025-02-05_20,100.0,0,100,0,78.8951086956522,51.86032608695655,0.07509661835748792,0.0,0.128,True,True,False,False,4740.75,0.0,0.0,189.87723281560812,0.0,-9.2587755430087,4921.3684572726
2025-02-05T18:30:00Z,2025-02-05T18:45:00Z,2025-02-05,2025-02-05_20,100.0,0,100,0,51.86032608695655,28.853260869565243,0.06390851449275362,0.0,3.8335,True,True,False,False,4740.75,0.0,0.0,189.87723281560812,0.0,-211.97670578070688,4718.650527034902
2025-02-05T18:45:00Z,2025-02-05T19:00:00Z,2025-02-05,2025-02-05_20,100.0,0,100,0,28.853260869565243,10.000000000000028,0.0523701690821256,0.0,7.655000000000001,True,True,False,False,4740.75,0.0,0.0,189.87723281560812,0.0,-344.35118246297907,4586.276050352629
2025-02-05T19:00:00Z,2025-02-05T19:15:00Z,2025-02-05,2025-02-05_21,5.985899567582466,94,100,0,10.000000000000028,10.267583776862205,0.0091361312448232,0.016450000000000003,2.056,True,True,False,False,254.40073162225482,0.0,178.08796640479014,189.4552834093512,2.776427093170448,-109.02348047981678,515.6969280497499
2025-02-05T19:15:00Z,2025-02-05T19:30:00Z,2025-02-05,2025-02-05_21,5.985899567582466,94,100,0,10.267583776862205,10.001494972431544,0.00787961095581665,0.01974,1.486,True,True,False,False,254.40073162225482,0.0,178.08796640479014,189.4552834093512,3.331712511804537,-98.13261066125501,527.1430832869457
2025-02-05T19:30:00Z,2025-02-05T19:45:00Z,2025-02-05,2025-02-05_21,5.985899567582466,94,100,0,10.001494972431544,11.001659457580642,0.010793954237788856,0.0,2.8245,True,True,False,False,254.40073162225482,0.0,178.08796640479014,189.4552834093512,0.0,-155.67013622937975,466.2738452070164
2025-02-05T19:45:00Z,2025-02-05T20:00:00Z,2025-02-05,2025-02-05_21,5.985899567582466,94,100,0,11.001659457580642,12.35475660869576,0.011637145889270704,0.0,3.2039999999999997,True,True,False,False,254.40073162225482,0.0,178.08796640479014,189.4552834093512,0.0,-212.40365287628842,409.54032856010775
2025-02-05T20:00:00Z,2025-02-05T20:15:00Z,2025-02-05,2025-02-05_22,9.999999999999975,90,100,0,12.35475660869576,11.198580869565333,0.011178799275362302,0.05625,1.7319999999999998,True,True,False,False,388.549999999999,0.0,170.5097550684161,189.4552834093512,10.543340231871246,-124.29550844903454,634.762870260603
2025-02-05T20:15:00Z,2025-02-05T20:30:00Z,2025-02-05,2025-02-05_22,9.999999999999975,90,100,0,11.198580869565333,10.000000000000124,0.01079289130434781,0.0009000000000000001,1.6225,True,True,False,False,388.549999999999,0.0,170.5097550684161,189.4552834093512,0.15190178625248651,-117.3693855612932,631.2975547027256
2025-02-05T20:30:00Z,2025-02-05T20:45:00Z,2025-02-05,2025-02-05_22,9.999999999999975,90,100,0,10.000000000000124,10.562916869565349,0.014545542028985493,0.0,3.502,True,True,False,False,388.549999999999,0.0,170.5097550684161,189.4552834093512,0.0,-169.7508461090237,578.7641923687426
2025-02-05T20:45:00Z,2025-02-05T21:00:00Z,2025-02-05,2025-02-05_22,9.999999999999975,90,100,0,10.562916869565349,24.060664000000134,0.0421368579710145,0.0,17.311,True,True,False,False,388.549999999999,0.0,170.5097550684161,189.4552834093512,0.0,13235.869764913903,13984.38480339167
2025-02-05T21:00:00Z,2025-02-05T21:15:00Z,2025-02-05,2025-02-05_23,0.0,100,100,0,24.060664000000134,27.96221878260883,0.010876903381642513,0.0065,4.2485,True,True,False,False,0.0,0.0,189.4552834093512,189.4552834093512,0.7173142920291748,1277.2577582430831,1656.8856393538147
2025-02-05T21:15:00Z,2025-02-05T21:30:00Z,2025-02-05,2025-02-05_23,0.0,100,100,0,27.96221878260883,31.89245878260883,0.010917333333333334,0.0,4.272,True,True,False,False,0.0,0.0,189.4552834093512,189.4552834093512,0.0,-232.06344511643798,146.84712170226445
2025-02-05T21:30:00Z,2025-02-05T21:45:00Z,2025-02-05,2025-02-05_23,0.0,100,100,0,31.89245878260883,32.03531791304361,0.0005538357487922705,0.026,0.186,True,True,False,False,0.0,0.0,189.4552834093512,189.4552834093512,4.117021037191827,-13.454158210934517,369.57342964495973
2025-02-05T21:45:00Z,2025-02-05T22:00:00Z,2025-02-05,2025-02-05_23,0.0,100,100,0,32.03531791304361,32.356880521739264,0.0013249927536231885,0.0715,0.434,True,True,False,False,0.0,0.0,189.4552834093512,189.4552834093512,8.432960176013182,-31.393035825513874,355.9504911692017
2025-02-05T22:00:00Z,2025-02-05T22:15:00Z,2025-02-06,2025-02-05_24,0.0,100,100,0,32.356880521739264,31.86519356521752,0.0020430193236714977,0.5645,0.1325,True,True,False,False,0.0,0.0,189.01458827311816,189.4667041755415,107.97335761363178,-9.584857131374832,476.8697929309166
2025-02-05T22:15:00Z,2025-02-05T22:30:00Z,2025-02-06,2025-02-05_24,0.0,100,100,0,31.86519356521752,33.50839095652187,0.005243785024154589,0.11250000000000002,1.9189999999999998,True,True,False,False,0.0,0.0,189.01458827311816,189.4667041755415,13.081227645380382,-101.97931398947071,289.58320610456934
2025-02-05T22:30:00Z,2025-02-05T22:45:00Z,2025-02-06,2025-02-05_24,0.0,100,100,0,33.50839095652187,39.06657095652187,0.01543938888888889,0.0,6.0415,True,True,False,False,0.0,0.0,189.01458827311816,189.4667041755415,0.0,-327.6584447212956,50.82284772736406
2025-02-05T22:45:00Z,2025-02-05T23:00:00Z,2025-02-06,2025-02-05_24,0.0,100,100,0,39.06657095652187,50.07805095652187,0.030587444444444445,0.0,11.969,True,True,False,False,0.0,0.0,189.01458827311816,189.4667041755415,0.0,-418.75386127074705,-40.27256882208738
2025-02-05T23:00:00Z,2025-02-05T23:15:00Z,2025-02-06,2025-02-06_1,1.0953751348888508e-13,100,100,0,50.07805095652187,60.76477095652184,0.02968533333333335,0.0,11.616,True,True,False,False,3.660469857014817e-12,0.0,189.01458827311816,189.4667041755415,0.0,-398.77102921673423,-20.289736768070902
2025-02-05T23:15:00Z,2025-02-05T23:30:00Z,2025-02-06,2025-02-06_1,1.0953751348888508e-13,100,100,0,60.76477095652184,70.63545095652182,0.02741855555555557,0.0,10.729,True,True,False,False,3.660469857014817e-12,0.0,189.01458827311816,189.4667041755415,0.0,169.11660089217537,547.5978933408387
2025-02-05T23:30:00Z,2025-02-05T23:45:00Z,2025-02-06,2025-02-06_1,1.0953751348888508e-13,100,100,0,70.63545095652182,76.34037095652178,0.015847000000000045,0.0,6.201,True,True,False,False,3.660469857014817e-12,0.0,189.01458827311816,189.4667041755415,0.0,-308.4800004018808,70.00129204678257
2025-02-05T23:45:00Z,2025-02-06T00:00:00Z,2025-02-06,2025-02-06_1,1.0953751348888508e-13,100,100,0,76.34037095652178,85.05967095652176,0.024220277777777802,0.0,9.4775,True,True,False,False,3.660469857014817e-12,0.0,189.01458827311816,189.4667041755415,0.0,-380.91490525660083,-2.433612807937499
2025-02-06T00:00:00Z,2025-02-06T00:15:00Z,2025-02-06,2025-02-06_2,0.0,100,100,0,85.05967095652176,85.33484139130437,0.0008941932367149759,0.0215,0.3245,True,True,False,False,0.0,0.0,189.01458827311816,189.4667041755415,3.6289836434513516,-23.473857653819874,358.6364184382912
2025-02-06T00:15:00Z,2025-02-06T00:30:00Z,2025-02-06,2025-02-06_2,0.0,100,100,0,85.33484139130437,87.91029965217393,0.007190282608695652,0.006,2.8065,True,True,False,False,0.0,0.0,189.01458827311816,189.4667041755415,0.9042318048466823,-166.27691968412168,213.10860456938468
2025-02-06T00:30:00Z,2025-02-06T00:45:00Z,2025-02-06,2025-02-06_2,0.0,100,100,0,87.91029965217393,92.81757965217393,0.013631333333333334,0.0,5.334,True,True,False,False,0.0,0.0,189.01458827311816,189.4667041755415,0.0,-262.1533561065787,116.32793634208096
2025-02-06T00:45:00Z,2025-02-06T01:00:00Z,2025-02-06,2025-02-06_2,0.0,100,100,0,92.81757965217393,98.66141965217393,0.01623288888888889,0.0,6.352,True,True,False,False,0.0,0.0,189.01458827311816,189.4667041755415,0.0,-301.74999477554957,76.7312976731101
2025-02-06T01:00:00Z,2025-02-06T01:15:00Z,2025-02-06,2025-02-06_3,0.0,100,100,0,98.66141965217393,99.65327878260871,0.0030510579710144926,0.049,1.136,True,True,False,False,0.0,0.0,189.01458827311816,189.4667041755415,5.612265402081742,-81.67530924727724,302.4182486034642
2025-02-06T01:15:00Z,2025-02-06T01:30:00Z,2025-02-06,2025-02-06_3,0.0,100,100,0,99.65327878260871,101.9969787826087,0.006510277777777778,0.0,2.5475,True,True,False,False,0.0,0.0,189.01458827311816,189.4667041755415,0.0,-183.6456436121046,194.83564883655507
2025-02-06T01:30:00Z,2025-02-06T01:45:00Z,2025-02-06,2025-02-06_3,0.0,100,100,0,101.9969787826087,104.84023878260871,0.007897944444444445,0.0,3.0905,True,True,False,False,0.0,0.0,189.01458827311816,189.4667041755415,0.0,-220.61062844110435,157.87066400755532
2025-02-06T01:45:00Z,2025-02-06T02:00:00Z,2025-02-06,2025-02-06_3,0.0,100,100,0,104.84023878260871,107.55331878260871,0.007536333333333334,0.0,2.949,True,True,False,False,0.0,0.0,189.01458827311816,189.4667041755415,0.0,-212.36876903910297,166.1125234095567
2025-02-06T02:00:00Z,2025-02-06T02:15:00Z,2025-02-06,2025-02-06_4,0.0,100,100,0,107.55331878260871,108.16466400000002,0.0017978188405797103,0.0165,0.684,True,True,False,False,0.0,0.0,189.01458827311816,189.4667041755415,2.9447821806052326,-49.589518948679824,331.8365556805851
2025-02-06T02:15:00Z,2025-02-06T02:30:00Z,2025-02-06,2025-02-06_4,0.0,100,100,0,108.16466400000002,109.96556400000001,0.0050025,0.0,1.9574999999999998,True,True,False,False,0.0,0.0,189.01458827311816,189.4667041755415,0.0,-136.48415635172606,241.99713609693362
2025-02-06T02:30:00Z,2025-02-06T02:45:00Z,2025-02-06,2025-02-06_4,0.0,100,100,0,109.96556400000001,114.72748400000002,0.013227555555555555,0.0,5.176,True,True,False,False,0.0,0.0,189.01458827311816,189.4667041755415,0.0,936.1626909938511,1314.6439834425107
2025-02-06T02:45:00Z,2025-02-06T03:00:00Z,2025-02-06,2025-02-06_4,0.0,100,100,0,114.72748400000002,134.32762400000001,0.054444833333333345,0.0,21.3045,True,True,False,False,0.0,0.0,189.01458827311816,189.4667041755415,0.0,11117.14667373307,11495.62796618173
2025-02-06T03:00:00Z,2025-02-06T03:15:00Z,2025-02-06,2025-02-06_5,0.0,100,100,0,134.32762400000001,145.98954400000002,0.03239422222222223,0.0,12.676000000000002,True,True,False,False,0.0,0.0,190.40107704054975,189.4667041755415,0.0,3924.2696306715434,4304.137411887635
2025-02-06T03:15:00Z,2025-02-06T03:30:00Z,2025-02-06,2025-02-06_5,0.0,100,100,0,145.98954400000002,148.07917095652178,0.00607625845410628,0.045,2.3245,True,True,False,False,0.0,0.0,190.40107704054975,189.4667041755415,7.790861230559015,-146.85696449383113,240.80167795281915
2025-02-06T03:30:00Z,2025-02-06T03:45:00Z,2025-02-06,2025-02-06_5,0.0,100,100,0,148.07917095652178,155.14661095652178,0.01963177777777778,0.0,7.682,True,True,False,False,0.0,0.0,190.40107704054975,189.4667041755415,0.0,-322.0092617449664,57.85851947112485
2025-02-06T03:45:00Z,2025-02-06T04:00:00Z,2025-02-06,2025-02-06_5,0.0,100,100,0,155.14661095652178,157.81277095652177,0.007406,0.0,2.898,True,True,False,False,0.0,0.0,190.40107704054975,189.4667041755415,0.0,-185.64879395571273,194.21898726037853
2025-02-06T04:00:00Z,2025-02-06T04:15:00Z,2025-02-06,2025-02-06_6,13.99733440931737,86,100,0,157.81277095652177,171.17281147947403,0.042863992877150876,0.0,18.194,True,True,False,False,469.6805561046443,0.0,162.55254591488162,189.4667041755415,0.0,10385.938476469879,11207.638282664946
2025-02-06T04:15:00Z,2025-02-06T04:30:00Z,2025-02-06,2025-02-06_6,13.99733440931737,86,100,0,171.17281147947403,176.06422433607372,0.02692783335663291,0.0,9.217,True,True,False,False,469.6805561046443,0.0,162.55254591488162,189.4667041755415,0.0,-369.90236466663987,451.7974415284276
2025-02-06T04:30:00Z,2025-02-06T04:45:00Z,2025-02-06,2025-02-06_6,13.99733440931737,86,100,0,176.06422433607372,175.95011882376764,0.017508510373913926,0.0,3.911,True,True,False,False,469.6805561046443,0.0,162.55254591488162,189.4667041755415,0.0,-260.6034015191094,561.0964046759581
2025-02-06T04:45:00Z,2025-02-06T05:00:00Z,2025-02-06,2025-02-06_6,13.99733440931737,86,100,0,175.95011882376764,176.64731104935433,0.019035200491731175,0.0,4.771,True,True,False,False,469.6805561046443,0.0,162.55254591488162,189.4667041755415,0.0,-272.3772585701081,549.3225476249594
2025-02-06T05:00:00Z,2025-02-06T05:15:00Z,2025-02-06,2025-02-06_7,26.011578195648518,73,100,0,176.64731104935433,185.53090695312022,0.03793769085084504,0.0,16.5575,True,True,False,False,1002.6813104967613,0.0,137.98064943937626,189.4667041755415,0.0,12825.165482457904,14155.294146569582
2025-02-06T05:15:00Z,2025-02-06T05:30:00Z,2025-02-06,2025-02-06_7,26.011578195648518,73,100,0,185.53090695312022,184.78793001904668,0.0268921195217572,0.0,6.5655,True,True,False,False,1002.6813104967613,0.0,137.98064943937626,189.4667041755415,0.0,-294.01081039263755,1036.1178537190415
2025-02-06T05:30:00Z,2025-02-06T05:45:00Z,2025-02-06,2025-02-06_7,26.011578195648518,73,100,0,184.78793001904668,185.09653477557578,0.0280987089038328,0.0,7.657,True,True,False,False,1002.6813104967613,0.0,137.98064943937626,189.4667041755415,0.0,-181.65334726520112,1148.4753168464779
2025-02-06T05:45:00Z,2025-02-06T06:00:00Z,2025-02-06,2025-02-06_7,26.011578195648518,73,100,0,185.09653477557578,178.24885185498667,0.019932714383995336,0.010585,0.241,True,True,False,False,1002.6813104967613,0.0,137.98064943937626,189.4667041755415,1.1133498935015875,-17.389375678173852,1313.8526383270068
2025-02-06T06:00:00Z,2025-02-06T06:15:00Z,2025-02-06,2025-02-06_8,77.95648465487241,22,100,0,178.24885185498667,174.3295469786271,0.029409389150553578,0.0,16.44,True,True,False,False,3509.7958303739933,0.0,41.77550938391672,189.8886790178033,0.0,12281.234320620504,16022.694339396217
2025-02-06T06:15:00Z,2025-02-06T06:30:00Z,2025-02-06,2025-02-06_8,77.95648465487241,22,100,0,174.3295469786271,154.0323768370469,0.05733587977742252,0.0030800000000000003,0.8475,True,True,False,False,3509.7958303739933,0.0,41.77550938391672,189.8886790178033,0.18566893059518547,-61.106987702447455,3680.538700003861
2025-02-06T06:30:00Z,2025-02-06T06:45:00Z,2025-02-06,2025-02-06_8,77.95648465487241,22,100,0,154.0323768370469,132.85782000899658,0.058849196796708164,0.01804,0.0275,True,True,False,False,3509.7958303739933,0.0,41.77550938391672,189.8886790178033,2.5706293131857088,-1.989309970662701,3742.0413381182366
2025-02-06T06:45:00Z,2025-02-06T07:00:00Z,2025-02-06,2025-02-06_8,77.95648465487241,22,100,0,132.85782000899658,111.66822525217397,0.058915755529441595,0.053130000000000004,0.0495,True,True,False,False,3509.7958303739933,0.0,41.77550938391672,189.8886790178033,9.523930962906402,-3.580757947192862,3747.4031917914267
2025-02-06T07:00:00Z,2025-02-06T07:15:00Z,2025-02-06,2025-02-06_9,100.00000000000001,0,100,0,111.66822525217397,84.4943122086957,0.07548309178743962,0.0,0.0,True,True,False,False,5463.000000000001,0.0,0.0,189.8886790178033,0.0,0.0,5652.888679017804
2025-02-06T07:15:00Z,2025-02-06T07:30:00Z,2025-02-06,2025-02-06_9,100.00000000000001,0,100,0,84.4943122086957,57.32039916521744,0.07548309178743963,0.0,0.0,True,True,False,False,5463.000000000001,0.0,0.0,189.8886790178033,0.0,0.0,5652.888679017804
2025-02-06T07:30:00Z,2025-02-06T07:45:00Z,2025-02-06,2025-02-06_9,100.00000000000001,0,100,0,57.32039916521744,30.21550786086961,0.07529136473429952,0.0,0.0635,True,True,False,False,5463.000000000001,0.0,0.0,189.8886790178033,0.0,-4.580431619981513,5648.308247397823
2025-02-06T07:45:00Z,2025-02-06T08:00:00Z,2025-02-06,2025-02-06_9,100.00000000000001,0,100,0,30.21550786086961,13.298660034782653,0.046991243961352666,0.0,9.4365,True,True,False,False,5463.000000000001,0.0,0.0,189.8886790178033,0.0,1673.1764365229274,7326.065115540731
2025-02-06T08:00:00Z,2025-02-06T08:15:00Z,2025-02-06,2025-02-06_10,8.000000000000064,92,100,0,13.298660034782653,10.212930991304374,0.012086380676328548,1.48074,0.7475,True,True,False,False,357.70000000000283,0.0,174.697584696379,189.8886790178033,303.2708217779207,-46.69148816461038,978.8655973274954
2025-02-06T08:15:00Z,2025-02-06T08:30:00Z,2025-02-06,2025-02-06_10,8.000000000000064,92,100,0,10.212930991304374,10.000000000000009,0.01047084386473434,0.0,2.101,True,True,False,False,357.70000000000283,0.0,174.697584696379,189.8886790178033,0.0,-106.80202949805086,615.4842342161343
2025-02-06T08:30:00Z,2025-02-06T08:45:00Z,2025-02-06,2025-02-06_10,8.000000000000064,92,100,0,10.000000000000009,10.418018017391297,0.011896909951690862,0.0,2.777,True,True,False,False,357.70000000000283,0.0,174.697584696379,189.8886790178033,0.0,-159.50870152312822,562.7775621910569
2025-02-06T08:45:00Z,2025-02-06T09:00:00Z,2025-02-06,2025-02-06_10,8.000000000000064,92,100,0,10.418018017391297,12.315872799999976,0.015241625603864765,0.0,4.3625,True,True,False,False,357.70000000000283,0.0,174.697584696379,189.8886790178033,0.0,-205.53085188683033,516.7554118273548
2025-02-06T09:00:00Z,2025-02-06T09:15:00Z,2025-02-06,2025-02-06_11,0.0,100,100,0,12.315872799999976,12.537366713043454,0.0010892946859903383,0.0785,0.3335,True,True,False,False,0.0,0.0,188.89402403247195,189.8886790178033,14.192527428364745,-24.178582465940604,368.7966480126994
2025-02-06T09:15:00Z,2025-02-06T09:30:00Z,2025-02-06,2025-02-06_11,0.0,100,100,0,12.537366713043454,18.372218017391283,0.016250190821256043,0.007000000000000001,6.3505,True,True,False,False,0.0,0.0,188.89402403247195,189.8886790178033,1.197504119278222,4186.340558413375,4566.320765582928
2025-02-06T09:30:00Z,2025-02-06T09:45:00Z,2025-02-06,2025-02-06_11,0.0,100,100,0,18.372218017391283,29.035478017391284,0.02962016666666667,0.0,11.5905,True,True,False,False,0.0,0.0,188.89402403247195,189.8886790178033,0.0,3306.7161295864644,3685.4988326367397
2025-02-06T09:45:00Z,2025-02-06T10:00:00Z,2025-02-06,2025-02-06_11,0.0,100,100,0,29.035478017391284,37.34261801739129,0.02307538888888889,0.0,9.0295,True,True,False,False,0.0,0.0,188.89402403247195,189.8886790178033,0.0,3570.342972009002,3949.1256750592775
2025-02-06T10:00:00Z,2025-02-06T10:15:00Z,2025-02-06,2025-02-06_12,0.0,100,100,0,37.34261801739129,42.14171627826085,0.01336706038647343,0.006,5.2235,True,True,False,False,0.0,0.0,188.89402403247195,189.8886790178033,1.028714383313909,1653.0835619700194,2032.8949794036087
2025-02-06T10:15:00Z,2025-02-06T10:30:00Z,2025-02-06,2025-02-06_12,0.0,100,100,0,42.14171627826085,42.23894062608694,0.0010128212560386474,0.123,0.251,True,True,False,False,0.0,0.0,188.89402403247195,189.8886790178033,16.082980348028773,-15.887554555318891,378.97812884298514
2025-02-06T10:30:00Z,2025-02-06T10:45:00Z,2025-02-06,2025-02-06_12,0.0,100,100,0,42.23894062608694,35.78122497391303,0.021485210144927533,6.528499999999999,0.694,True,True,False,False,0.0,0.0,188.89402403247195,189.8886790178033,1552.5698109150824,-39.22719045131213,1892.1253235140455
2025-02-06T10:45:00Z,2025-02-06T11:00:00Z,2025-02-06,2025-02-06_12,0.0,100,100,0,35.78122497391303,26.581768452173897,0.025554045893719804,8.4635,0.0,True,True,False,False,0.0,0.0,188.89402403247195,189.8886790178033,1881.2180595185466,0.0,2260.0007625688218
2025-02-06T11:00:00Z,2025-02-06T11:15:00Z,2025-02-06,2025-02-06_13,-100.0,100,0,0,26.581768452173897,42.9885884521739,0.0455745,7.166500000000001,0.0,True,True,False,False,-3627.25,0.0,188.89402403247195,0.0,1576.761043583973,0.0,-1861.594932383555
2025-02-06T11:15:00Z,2025-02-06T11:30:00Z,2025-02-06,2025-02-06_13,-100.0,100,0,0,42.9885884521739,57.8525684521739,0.04128883333333334,8.8435,0.0,True,True,False,False,-3627.25,0.0,188.89402403247195,0.0,2017.7346375035165,0.0,-1420.6213384640116
2025-02-06T11:30:00Z,2025-02-06T11:45:00Z,2025-02-06,2025-02-06_13,-100.0,100,0,0,57.8525684521739,66.6496084521739,0.024436222222222213,15.438000000000002,0.0,True,True,False,False,-3627.25,0.0,188.89402403247195,0.0,9117.763579150425,0.0,5679.407603182897
2025-02-06T11:45:00Z,2025-02-06T12:00:00Z,2025-02-06,2025-02-06_13,-100.0,100,0,0,66.6496084521739,69.6170684521739,0.008242944444444447,21.7745,0.0,True,True,False,False,-3627.25,0.0,188.89402403247195,0.0,25012.913234437165,0.0,21574.55725846964
2025-02-06T12:00:00Z,2025-02-06T12:15:00Z,2025-02-06,2025-02-06_14,-100.0,100,0,0,69.6170684521739,74.0243284521739,0.012242388888888891,20.2095,0.0,True,True,False,False,-3550.0,0.0,188.89402403247195,0.0,23956.184386629422,0.0,20595.078410661896
2025-02-06T12:15:00Z,2025-02-06T12:30:00Z,2025-02-06,2025-02-06_14,-100.0,100,0,0,74.0243284521739,81.3222284521739,0.020271944444444447,17.0675,0.0,True,True,False,False,-3550.0,0.0,188.89402403247195,0.0,19088.77405758952,0.0,15727.66808162199
2025-02-06T12:30:00Z,2025-02-06T12:45:00Z,2025-02-06,2025-02-06_14,-100.0,100,0,0,81.3222284521739,99.9154284521739,0.051647777777777786,4.79,0.0,True,True,False,False,-3550.0,0.0,188.89402403247195,0.0,3736.4011634449216,0.0,375.2951874773936
2025-02-06T12:45:00Z,2025-02-06T13:00:00Z,2025-02-06,2025-02-06_14,-100.0,100,0,0,99.9154284521739,121.8537484521739,0.06093977777777779,1.154,0.0,True,True,False,False,-3550.0,0.0,188.89402403247195,0.0,230.2295623518064,0.0,-3130.8764136157215
2025-02-06T13:00:00Z,2025-02-06T13:15:00Z,2025-02-06,2025-02-06_15,-95.0,100,5,0,121.8537484521739,143.596881973913,0.06043533466183575,0.125,0.009975000000000001,True,True,False,False,-3326.9,0.0,188.89402403247195,9.494433950890166,23.59040308644456,-0.7215769802676526,-3105.642715910461
2025-02-06T13:15:00Z,2025-02-06T13:30:00Z,2025-02-06,2025-02-06_15,-95.0,100,5,0,143.596881973913,164.9641411043478,0.059510502415458945,0.52,0.0,True,True,False,False,-3326.9,0.0,188.89402403247195,9.494433950890166,102.41531969617812,0.0,-3026.0962223204597
2025-02-06T13:30:00Z,2025-02-06T13:45:00Z,2025-02-06,2025-02-06_15,-95.0,100,5,0,164.9641411043478,182.652821973913,0.05048863647342995,4.4825,0.0,True,True,False,False,-3326.9,0.0,188.89402403247195,9.494433950890166,951.7210565446287,0.0,-2176.790485472009
2025-02-06T13:45:00Z,2025-02-06T14:00:00Z,2025-02-06,2025-02-06_15,-95.0,100,5,0,182.652821973913,189.9054807565217,0.024893858937198067,15.723999999999998,0.0,True,True,False,False,-3326.9,0.0,188.89402403247195,9.494433950890166,11545.487443636215,0.0,8416.975901619577
2025-02-06T14:00:00Z,2025-02-06T14:15:00Z,2025-02-06,2025-02-06_16,-2.9824819657631774,100,97,0,189.9054807565217,189.83039864688493,0.003992015905027544,0.717,0.016005,True,True,False,False,-111.9921978144073,0.0,188.89402403247195,184.19201864726918,141.79659747618854,-1.157778402925692,401.73266393859666
2025-02-06T14:15:00Z,2025-02-06T14:30:00Z,2025-02-06,2025-02-06_16,-2.9824819657631774,100,97,0,189.83039864688493,183.9325736876846,0.019389433393347526,6.106,0.024734999999999997,True,True,False,False,-111.9921978144073,0.0,188.89402403247195,184.19201864726918,1438.752782622674,-1.7892938954306148,1698.0573335925772
2025-02-06T14:30:00Z,2025-02-06T14:45:00Z,2025-02-06,2025-02-06_16,-2.9824819657631774,100,97,0,183.9325736876846,173.324326857166,0.031687077765490713,10.4385,0.0,True,True,False,False,-111.9921978144073,0.0,188.89402403247195,184.19201864726918,2346.03221446369,0.0,2607.1260593290235
2025-02-06T14:45:00Z,2025-02-06T15:00:00Z,2025-02-06,2025-02-06_16,-2.9824819657631774,100,97,0,173.324326857166,152.64666039130447,0.058239023922486435,19.745,0.0,True,True,False,False,-111.9921978144073,0.0,188.89402403247195,184.19201864726918,14990.694743399108,0.0,15251.788588264442
2025-02-06T15:00:00Z,2025-02-06T15:15:00Z,2025-02-06,2025-02-06_17,0.0,100,100,0,152.64666039130447,151.83796995652187,0.0023460289855072457,0.7605,0.0195,True,True,False,False,0.0,0.0,189.8886790178033,189.8886790178033,149.68047733392274,-1.4106016155608245,528.0472337539685
2025-02-06T15:15:00Z,2025-02-06T15:30:00Z,2025-02-06,2025-02-06_17,0.0,100,100,0,151.83796995652187,151.74760300000014,0.000588352657004831,0.139,0.066,True,True,False,False,0.0,0.0,189.8886790178033,189.8886790178033,25.32653960535305,-4.774343929590483,400.32955371136916
2025-02-06T15:30:00Z,2025-02-06T15:45:00Z,2025-02-06,2025-02-06_17,0.0,100,100,0,151.74760300000014,150.62206647826102,0.003259379227053141,1.0575,0.026,True,True,False,False,0.0,0.0,189.8886790178033,189.8886790178033,211.24054424707634,-1.880802154081099,589.1371001286018
2025-02-06T15:45:00Z,2025-02-06T16:00:00Z,2025-02-06,2025-02-06_17,0.0,100,100,0,150.62206647826102,148.79558647826101,0.005551444444444445,1.7595,0.0935,True,True,False,False,0.0,0.0,189.8886790178033,189.8886790178033,352.38118785918095,-6.763653900253184,725.3948919945344
2025-02-06T16:00:00Z,2025-02-06T16:15:00Z,2025-02-06,2025-02-06_18,64.99999999999996,35,100,0,148.79558647826101,139.5576788260871,0.0403145379227053,0.0,8.1915,True,True,False,False,2869.099999999998,0.0,66.46103765623116,189.8886790178033,0.0,-328.92577653417993,2796.5239401398526
2025-02-06T16:15:00Z,2025-02-06T16:30:00Z,2025-02-06,2025-02-06_18,64.99999999999996,35,100,0,139.5576788260871,130.84277447826105,0.03977140096618356,0.0,8.7,True,True,False,False,2869.099999999998,0.0,66.46103765623116,189.8886790178033,0.0,1880.3912108668565,5005.840927540889
2025-02-06T16:30:00Z,2025-02-06T16:45:00Z,2025-02-06,2025-02-06_18,64.99999999999996,35,100,0,130.84277447826105,117.37918526086976,0.044702892270531376,0.0,4.083,True,True,False,False,2869.099999999998,0.0,66.46103765623116,189.8886790178033,0.0,-221.205299602138,2904.2444170718945
2025-02-06T16:45:00Z,2025-02-06T17:00:00Z,2025-02-06,2025-02-06_18,64.99999999999996,35,100,0,117.37918526086976,101.31523217391324,0.04741096968599031,0.004025,1.559,True,True,False,False,2869.099999999998,0.0,66.46103765623116,189.8886790178033,0.679379496041474,-112.69841397741428,3013.43068219266
2025-02-06T17:00:00Z,2025-02-06T17:15:00Z,2025-02-06,2025-02-06_19,100.0,0,100,0,101.31523217391324,74.74349304347847,0.07381038647342995,0.0,0.554,True,True,False,False,4471.25,0.0,0.0,189.8886790178033,0.0,-40.075553590804965,4621.063125426998
2025-02-06T17:15:00Z,2025-02-06T17:30:00Z,2025-02-06,2025-02-06_19,100.0,0,100,0,74.74349304347847,48.309253913043676,0.0734284420289855,0.0,0.6805,True,True,False,False,4471.25,0.0,0.0,189.8886790178033,0.0,-49.22637945585338,4611.91229956195
2025-02-06T17:30:00Z,2025-02-06T17:45:00Z,2025-02-06,2025-02-06_19,100.0,0,100,0,48.309253913043676,33.30816695652194,0.04166968599033817,0.0,11.199,True,True,False,False,4471.25,0.0,0.0,189.8886790178033,0.0,-364.42094180765986,4296.717737210143
2025-02-06T17:45:00Z,2025-02-06T18:00:00Z,2025-02-06,2025-02-06_19,100.0,0,100,0,33.30816695652194,10.573927826087154,0.06315066425120773,0.0,4.0845,True,True,False,False,4471.25,0.0,0.0,189.8886790178033,0.0,-234.18204898926976,4426.956630028533
2025-02-06T18:00:00Z,2025-02-06T18:15:00Z,2025-02-06,2025-02-06_20,4.999999999999769,95,100,0,10.573927826087154,13.338953217391563,0.01388775169082114,0.0,4.442,True,True,False,False,218.7999999999899,0.0,180.39424506691313,189.8886790178033,0.0,-268.16769762488445,320.91522645982184
2025-02-06T18:15:00Z,2025-02-06T18:30:00Z,2025-02-06,2025-02-06_20,4.999999999999769,95,100,0,13.338953217391563,13.026969739130756,0.006341259661835588,0.0,1.1275,True,True,False,False,218.7999999999899,0.0,180.39424506691313,189.8886790178033,0.0,-81.56170879717074,507.5212152875356
2025-02-06T18:30:00Z,2025-02-06T18:45:00Z,2025-02-06,2025-02-06_20,4.999999999999769,95,100,0,13.026969739130756,11.664235043478644,0.004093701932366976,0.057949999999999995,0.0635,True,True,False,False,218.7999999999899,0.0,180.39424506691313,189.8886790178033,6.121954165494514,-4.593497568621146,590.6113806815797
2025-02-06T18:45:00Z,2025-02-06T19:00:00Z,2025-02-06,2025-02-06_20,4.999999999999769,95,100,0,11.664235043478644,11.133340000000446,0.005939391787439451,0.02375,0.9195,True,True,False,False,218.7999999999899,0.0,180.39424506691313,189.8886790178033,2.2048185508178273,-66.16165193103726,525.1260907044868
2025-02-06T19:00:00Z,2025-02-06T19:15:00Z,2025-02-06,2025-02-06_21,0.0,100,100,0,11.133340000000446,11.501914782609141,0.0032158478260869566,0.363,0.8295,True,True,False,False,0.0,0.0,189.01458827311816,189.4667041755415,70.31657055017482,-59.96665283526906,388.8312101635654
2025-02-06T19:15:00Z,2025-02-06T19:30:00Z,2025-02-06,2025-02-06_21,0.0,100,100,0,11.501914782609141,11.856796521739577,0.0012273285024154586,0.04,0.43299999999999994,True,True,False,False,0.0,0.0,189.01458827311816,189.4667041755415,6.129485994454045,-31.32258971988907,353.28818872322466
2025-02-06T19:30:00Z,2025-02-06T19:45:00Z,2025-02-06,2025-02-06_21,0.0,100,100,0,11.856796521739577,11.325111304348274,0.0015484589371980678,0.501,0.014000000000000002,True,True,False,False,0.0,0.0,189.01458827311816,189.4667041755415,96.6348322147651,-1.0127396214282844,474.1033850419965
2025-02-06T19:45:00Z,2025-02-06T20:00:00Z,2025-02-06,2025-02-06_21,0.0,100,100,0,11.325111304348274,15.097411304348274,0.010617500000000002,0.023,4.1275,True,True,False,False,0.0,0.0,189.01458827311816,189.4667041755415,3.9876618574930673,-180.50493208214442,201.96402222400832
2025-02-06T20:00:00Z,2025-02-06T20:15:00Z,2025-02-06,2025-02-06_22,0.0,100,100,0,15.097411304348274,12.841070434783056,0.012917169082125604,3.177,1.301,True,True,False,False,0.0,0.0,189.01458827311816,189.4667041755415,638.3659490415142,-71.20730679580436,945.6399346943696
2025-02-06T20:15:00Z,2025-02-06T20:30:00Z,2025-02-06,2025-02-06_22,0.0,100,100,0,12.841070434783056,10.000000000000448,0.008367195652173913,2.6925,0.093,True,True,False,False,0.0,0.0,189.01458827311816,189.4667041755415,540.640322710284,-6.727484628059316,912.3941305308844
2025-02-06T20:30:00Z,2025-02-06T20:45:00Z,2025-02-06,2025-02-06_22,0.0,100,100,0,10.000000000000448,12.725753913043928,0.00762890579710145,0.0095,2.974,True,True,False,False,0.0,0.0,189.01458827311816,189.4667041755415,1.6035044005947834,-147.5299055580115,232.55489129124294
2025-02-06T20:45:00Z,2025-02-06T21:00:00Z,2025-02-06,2025-02-06_22,0.0,100,100,0,12.725753913043928,31.38243391304393,0.05182411111111111,0.0,20.279,True,True,False,False,0.0,0.0,189.01458827311816,189.4667041755415,0.0,11048.257220793312,11426.738513241971
2025-02-06T21:00:00Z,2025-02-06T21:15:00Z,2025-02-06,2025-02-06_23,0.0,100,100,0,31.38243391304393,34.78965391304393,0.0094645,0.0,3.7035,True,True,False,False,0.0,0.0,189.01458827311816,189.4667041755415,0.0,201.64971828155768,580.1310107302173
2025-02-06T21:15:00Z,2025-02-06T21:30:00Z,2025-02-06,2025-02-06_23,0.0,100,100,0,34.78965391304393,35.6969426086961,0.002547420289855073,0.0045,0.9915,True,True,False,False,0.0,0.0,189.01458827311816,189.4667041755415,0.7595547160712132,-71.33476510067113,307.9060820640598
2025-02-06T21:30:00Z,2025-02-06T21:45:00Z,2025-02-06,2025-02-06_23,0.0,100,100,0,35.6969426086961,39.4168026086961,0.010471833333333335,0.023,4.0705,True,True,False,False,0.0,0.0,189.01458827311816,189.4667041755415,4.355081380862436,-222.47066400755534,160.36570982196676
2025-02-06T21:45:00Z,2025-02-06T22:00:00Z,2025-02-06,2025-02-06_23,0.0,100,100,0,39.4168026086961,49.4558426086961,0.027886222222222225,0.0,10.912,True,True,False,False,0.0,0.0,189.01458827311816,189.4667041755415,0.0,-414.2683374191215,-35.787044970461835
2025-02-06T22:00:00Z,2025-02-06T22:15:00Z,2025-02-07,2025-02-06_24,0.0,100,100,0,49.4558426086961,50.230322608696106,0.0022902222222222226,0.023,0.869,True,True,False,False,0.0,0.0,189.02218471183988,189.4743187846636,3.191464914395949,-61.675181255526084,320.01278715537336
2025-02-06T22:15:00Z,2025-02-06T22:30:00Z,2025-02-07,2025-02-06_24,0.0,100,100,0,50.230322608696106,50.27651565217437,0.0006204637681159421,0.0815,0.1465,True,True,False,False,0.0,0.0,189.02218471183988,189.4743187846636,10.729048207539586,-10.598022666988182,378.6275290370549
2025-02-06T22:30:00Z,2025-02-06T22:45:00Z,2025-02-07,2025-02-06_24,0.0,100,100,0,50.27651565217437,50.19624173913088,0.0009002053140096619,0.186,0.1325,True,True,False,False,0.0,0.0,189.02218471183988,189.4743187846636,28.560217024354955,-9.585242343863033,397.4714781769954
2025-02-06T22:45:00Z,2025-02-06T23:00:00Z,2025-02-07,2025-02-06_24,0.0,100,100,0,50.19624173913088,51.75908347826132,0.0045827729468599036,0.04,1.746,True,True,False,False,0.0,0.0,189.02218471183988,189.4743187846636,5.971087533156499,-114.7857113576079,269.6818796720521
2025-02-06T23:00:00Z,2025-02-06T23:15:00Z,2025-02-07,2025-02-07_1,0.0,100,100,0,51.75908347826132,51.25135130434827,0.002246033816425121,0.6055,0.1635,True,True,False,False,0.0,0.0,189.02218471183988,189.4743187846636,107.92255134233584,-11.827827345068725,474.5912274937706
2025-02-06T23:15:00Z,2025-02-06T23:30:00Z,2025-02-07,2025-02-07_1,0.0,100,100,0,51.25135130434827,47.80950347826131,0.0095606884057971,3.1665,0.0,True,True,False,False,0.0,0.0,189.02218471183988,189.4743187846636,621.9248049795033,0.0,1000.4213084760067
2025-02-06T23:30:00Z,2025-02-06T23:45:00Z,2025-02-07,2025-02-07_1,0.0,100,100,0,47.80950347826131,47.02459826087001,0.0022339589371980673,0.731,0.0105,True,True,False,False,0.0,0.0,189.02218471183988,189.4743187846636,132.90865022908127,-0.759585242343863,510.6455684832409
2025-02-06T23:45:00Z,2025-02-07T00:00:00Z,2025-02-07,2025-02-07_1,0.0,100,100,0,47.02459826087001,46.439819130435225,0.0016908309178743962,0.549,0.013,True,True,False,False,0.0,0.0,189.02218471183988,189.4743187846636,92.63398661683145,-0.9404388714733541,470.19005124186157
2025-02-07T00:00:00Z,2025-02-07T00:15:00Z,2025-02-07,2025-02-07_2,0.0,100,100,0,46.439819130435225,31.639275652174355,0.041112620772946855,13.6165,0.0,True,True,False,False,0.0,0.0,189.02218471183988,189.4743187846636,10965.414184551082,0.0,11343.910688047587
2025-02-07T00:15:00Z,2025-02-07T00:30:00Z,2025-02-07,2025-02-07_2,0.0,100,100,0,31.639275652174355,28.69580434782653,0.00830919806763285,2.73,0.026,True,True,False,False,0.0,0.0,189.02218471183988,189.4743187846636,538.321394984326,-1.8808777429467083,914.9370207378828
2025-02-07T00:30:00Z,2025-02-07T00:45:00Z,2025-02-07,2025-02-07_2,0.0,100,100,0,28.69580434782653,27.649910434783052,0.0030790386473429953,0.991,0.034,True,True,False,False,0.0,0.0,189.02218471183988,189.4743187846636,187.95803371915443,-2.4596093561610806,563.9949278594969
2025-02-07T00:45:00Z,2025-02-07T01:00:00Z,2025-02-07,2025-02-07_2,0.0,100,100,0,27.649910434783052,27.515598260870007,0.0005749782608695652,0.157,0.0395,True,True,False,False,0.0,0.0,189.02218471183988,189.4743187846636,25.207579776545295,-2.8574873402459606,400.8465959328028
2025-02-07T01:00:00Z,2025-02-07T01:15:00Z,2025-02-07,2025-02-07_3,-46.999999999999865,100,53,0,27.515598260870007,36.525093678261285,0.030796847173912973,1.8030000000000002,0.019344999999999998,True,True,False,False,-1278.6349999999964,0.0,189.02218471183988,100.4213889558717,345.87644200626966,-1.3994453822040027,-644.7144297082191
2025-02-07T01:15:00Z,2025-02-07T01:30:00Z,2025-02-07,2025-02-07_3,-46.999999999999865,100,53,0,36.525093678261285,45.3347098695656,0.030824115024154514,1.9849999999999999,0.00159,True,True,False,False,-1278.6349999999964,0.0,189.02218471183988,100.4213889558717,385.97727473675747,-0.1150229081263564,-603.3291745036537
2025-02-07T01:30:00Z,2025-02-07T01:45:00Z,2025-02-07,2025-02-07_3,-46.999999999999865,100,53,0,45.3347098695656,56.08047525217427,0.03018859949275354,0.106,0.04637499999999999,True,True,False,False,-1278.6349999999964,0.0,189.02218471183988,100.4213889558717,17.019130294992365,-3.354834820352061,-975.5271308576445
2025-02-07T01:45:00Z,2025-02-07T02:00:00Z,2025-02-07,2025-02-07_3,-46.999999999999865,100,53,0,56.08047525217427,66.81832655652207,0.0302946352657004,0.146,0.08162,True,True,False,False,-1278.6349999999964,0.0,189.02218471183988,100.4213889558717,23.441443613857405,-5.904509283819628,-971.654492002247
2025-02-07T02:00:00Z,2025-02-07T02:15:00Z,2025-02-07,2025-02-07_4,-100.0,100,0,0,66.81832655652207,89.09704655652206,0.061885333333333334,0.784,0.0,True,True,False,False,-2625.0,0.0,189.02218471183988,0.0,139.1314846073467,0.0,-2296.8463306808135
2025-02-07T02:15:00Z,2025-02-07T02:30:00Z,2025-02-07,2025-02-07_4,-100.0,100,0,0,89.09704655652206,112.09704655652206,0.06388888888888888,0.0,0.0,True,True,False,False,-2625.0,0.0,189.02218471183988,0.0,0.0,0.0,-2435.97781528816
2025-02-07T02:30:00Z,2025-02-07T02:45:00Z,2025-02-07,2025-02-07_4,-100.0,100,0,0,112.09704655652206,135.09704655652206,0.0638888888888889,0.0,0.0,True,True,False,False,-2625.0,0.0,189.02218471183988,0.0,0.0,0.0,-2435.97781528816
2025-02-07T02:45:00Z,2025-02-07T03:00:00Z,2025-02-07,2025-02-07_4,-100.0,100,0,0,135.09704655652206,158.06944655652205,0.06381222222222223,0.03,0.0,True,True,False,False,-2625.0,0.0,189.02218471183988,0.0,4.890884977091874,0.0,-2431.086930311068
2025-02-07T03:00:00Z,2025-02-07T03:15:00Z,2025-02-07,2025-02-07_5,-1.5805362951167595e-13,100,100,0,158.06944655652205,165.5071865565221,0.020660388888888992,0.0,8.0845,True,True,False,False,-4.346474811571088e-12,0.0,189.02218471183988,189.4743187846636,0.0,-358.1278841130134,20.36861938348574
2025-02-07T03:15:00Z,2025-02-07T03:30:00Z,2025-02-07,2025-02-07_5,-1.5805362951167595e-13,100,100,0,165.5071865565221,170.89010655652214,0.014952555555555656,0.0,5.851,True,True,False,False,-4.346474811571088e-12,0.0,189.02218471183988,189.4743187846636,0.0,-302.88366268788684,75.6128408086123
2025-02-07T03:30:00Z,2025-02-07T03:45:00Z,2025-02-07,2025-02-07_5,-1.5805362951167595e-13,100,100,0,170.89010655652214,172.56876046956566,0.006039739130434882,0.22799999999999998,2.094,True,True,False,False,-4.346474811571088e-12,0.0,189.02218471183988,189.4743187846636,41.25666505907885,-144.13228719556307,275.62088136001495
2025-02-07T03:45:00Z,2025-02-07T04:00:00Z,2025-02-07,2025-02-07_5,-1.5805362951167595e-13,100,100,0,172.56876046956566,166.682645686957,0.016457652173913095,5.433,0.021,True,True,False,False,-4.346474811571088e-12,0.0,189.02218471183988,189.4743187846636,1089.5389992765854,-1.519170484687726,1466.5163322883968
2025-02-07T04:00:00Z,2025-02-07T04:15:00Z,2025-02-07,2025-02-07_6,0.0,100,100,0,166.682645686957,178.525345686957,0.03289638888888889,0.0,12.8725,True,True,False,False,0.0,0.0,189.02218471183988,189.4743187846636,0.0,3914.3326259946953,4292.829129491199
2025-02-07T04:15:00Z,2025-02-07T04:30:00Z,2025-02-07,2025-02-07_6,0.0,100,100,0,178.525345686957,182.470305686957,0.010958222222222223,0.0,4.288,True,True,False,False,0.0,0.0,189.02218471183988,189.4743187846636,0.0,-213.80717305682825,164.68933043967525
2025-02-07T04:30:00Z,2025-02-07T04:45:00Z,2025-02-07,2025-02-07_6,0.0,100,100,0,182.470305686957,182.83919525217442,0.0044365289855072465,0.565,1.0685,True,True,False,False,0.0,0.0,189.02218471183988,189.4743187846636,112.51917550839963,-77.07074782975644,413.9449311751467
2025-02-07T04:45:00Z,2025-02-07T05:00:00Z,2025-02-07,2025-02-07_6,0.0,100,100,0,182.83919525217442,180.60115177391356,0.0062167874396135275,2.059,0.0,True,True,False,False,0.0,0.0,189.02218471183988,189.4743187846636,412.5455827505828,0.0,791.0420862470863
2025-02-07T05:00:00Z,2025-02-07T05:15:00Z,2025-02-07,2025-02-07_7,1.8166571064862648e-13,100,100,0,180.60115177391356,189.6374361217396,0.025149099033816465,0.008,9.8315,True,True,False,False,7.281615847073571e-12,0.0,189.02218471183988,189.4743187846636,1.2418615866891731,-117.78873512981272,261.9496299533872
2025-02-07T05:15:00Z,2025-02-07T05:30:00Z,2025-02-07,2025-02-07_7,1.8166571064862648e-13,100,100,0,189.6374361217396,189.13632568695692,0.003339306763285157,0.7835,0.381,True,True,False,False,7.281615847073571e-12,0.0,189.02218471183988,189.4743187846636,155.94742183104253,-27.562093079334456,506.88183224821887
2025-02-07T05:30:00Z,2025-02-07T05:45:00Z,2025-02-07,2025-02-07_7,1.8166571064862648e-13,100,100,0,189.13632568695692,181.32599960000036,0.021695350241546032,7.1855,0.0,True,True,False,False,7.281615847073571e-12,0.0,189.02218471183988,189.4743187846636,1486.4356972912146,0.0,1864.9322007877254
2025-02-07T05:45:00Z,2025-02-07T06:00:00Z,2025-02-07,2025-02-07_7,1.8166571064862648e-13,100,100,0,181.32599960000036,172.63632568695684,0.024137983091787576,7.9945,0.0,True,True,False,False,7.281615847073571e-12,0.0,189.02218471183988,189.4743187846636,1670.7917027369183,0.0,2049.2882062334293
2025-02-07T06:00:00Z,2025-02-07T06:15:00Z,2025-02-07,2025-02-07_8,83.0,17,100,0,172.63632568695684,152.79707893913076,0.05734336652173913,0.00646,2.5715,True,True,False,False,3642.455,0.0,32.354111405835546,189.89631058596575,1.2489346314604937,-140.4517293625914,3725.50262726067
2025-02-07T06:15:00Z,2025-02-07T06:30:00Z,2025-02-07,2025-02-07_8,83.0,17,100,0,152.79707893913076,129.77875735652208,0.06396193884057971,0.45169,0.025499999999999995,True,True,False,False,3642.455,0.0,32.354111405835546,189.89631058596575,97.85781615625753,-1.8447070171208098,3960.718531130938
2025-02-07T06:30:00Z,2025-02-07T06:45:00Z,2025-02-07,2025-02-07_8,83.0,17,100,0,129.77875735652208,106.13123561739164,0.06568756038647344,1.0057200000000002,0.0,True,True,False,False,3642.455,0.0,32.354111405835546,189.89631058596575,232.62580069930075,0.0,4097.331222691102
2025-02-07T06:45:00Z,2025-02-07T07:00:00Z,2025-02-07,2025-02-07_8,83.0,17,100,0,106.13123561739164,83.98052055652208,0.06187775405797101,0.0187,0.40049999999999997,True,True,False,False,3642.455,0.0,32.354111405835546,189.89631058596575,3.5653742263483643,-28.972751386544488,3839.2980448316052
2025-02-07T07:00:00Z,2025-02-07T07:15:00Z,2025-02-07,2025-02-07_9,99.9180554485984,0,100,0,83.98052055652208,56.90549584373818,0.0752086972534888,0.0,0.0705,True,True,False,False,4126.865485165736,0.0,0.0,189.89631058596575,0.0,-5.100072341451651,4311.66172341025
2025-02-07T07:15:00Z,2025-02-07T07:30:00Z,2025-02-07,2025-02-07_9,99.9180554485984,0,100,0,56.90549584373818,30.469521120414505,0.07343602110079521,0.0,0.6585,True,True,False,False,4126.865485165736,0.0,0.0,189.89631058596575,0.0,-47.636845912707976,4269.124949838993
2025-02-07T07:30:00Z,2025-02-07T07:45:00Z,2025-02-07,2025-02-07_9,99.9180554485984,0,100,0,30.469521120414505,11.44837386833629,0.05286785264543463,0.0,7.481,True,True,False,False,4126.865485165736,0.0,0.0,189.89631058596575,0.0,3908.1685664335664,8224.930362185269
2025-02-07T07:45:00Z,2025-02-07T08:00:00Z,2025-02-07,2025-02-07_9,99.9180554485984,0,100,0,11.44837386833629,10.227159826087052,0.0034921893311223124,0.0,23.859,True,True,False,False,4126.865485165736,0.0,0.0,189.89631058596575,0.0,21570.13925729443,25886.901053046135
2025-02-07T08:00:00Z,2025-02-07T08:15:00Z,2025-02-07,2025-02-07_10,7.000000000000448,93,100,0,10.227159826087052,10.438612478260845,0.01650086485507271,1.136925,3.595,True,True,False,False,263.3750000000168,0.0,176.60356884494814,189.89631058596575,228.4178827917772,-142.12545414355762,716.1673080791503
2025-02-07T08:15:00Z,2025-02-07T08:30:00Z,2025-02-07,2025-02-07_10,7.000000000000448,93,100,0,10.438612478260845,9.999999999999854,0.008692984661836047,0.001395,1.5725,True,True,False,False,263.3750000000168,0.0,176.60356884494814,189.89631058596575,0.23547142512659755,-113.23554678080541,516.8748040752519
2025-02-07T08:30:00Z,2025-02-07T08:45:00Z,2025-02-07,2025-02-07_10,7.000000000000448,93,100,0,9.999999999999854,16.36375276521713,0.02449448231884069,0.0,8.872,True,True,False,False,263.3750000000168,0.0,176.60356884494814,189.89631058596575,0.0,5841.899294268949,6471.77417369988
2025-02-07T08:45:00Z,2025-02-07T09:00:00Z,2025-02-07,2025-02-07_10,7.000000000000448,93,100,0,16.36375276521713,31.112222295651804,0.04398122574879216,0.0,17.8715,True,True,False,False,263.3750000000168,0.0,176.60356884494814,189.89631058596575,0.0,7218.187664878226,7848.062544309157
2025-02-07T09:00:00Z,2025-02-07T09:15:00Z,2025-02-07,2025-02-07_11,-3.089316242435218e-14,0,0,0,31.112222295651804,31.11222229565181,1.973729821555834e-17,0.0,0.0,True,False,False,False,-1.0404044775461205e-12,0.0,0.0,0.0,0.0,0.0,-1.0404044775461205e-12
2025-02-07T09:15:00Z,2025-02-07T09:30:00Z,2025-02-07,2025-02-07_11,-3.089316242435218e-14,0,0,0,31.11222229565181,31.11222229565182,1.973729821555834e-17,0.0,0.0,True,False,False,False,-1.0404044775461205e-12,0.0,0.0,0.0,0.0,0.0,-1.0404044775461205e-12
2025-02-07T09:30:00Z,2025-02-07T09:45:00Z,2025-02-07,2025-02-07_11,-3.089316242435218e-14,0,0,0,31.11222229565182,31.112222295651826,1.973729821555834e-17,0.0,0.0,True,False,False,False,-1.0404044775461205e-12,0.0,0.0,0.0,0.0,0.0,-1.0404044775461205e-12
2025-02-07T09:45:00Z,2025-02-07T10:00:00Z,2025-02-07,2025-02-07_11,-3.089316242435218e-14,0,0,0,31.112222295651826,31.112222295651833,1.973729821555834e-17,0.0,0.0,True,False,False,False,-1.0404044775461205e-12,0.0,0.0,0.0,0.0,0.0,-1.0404044775461205e-12
2025-02-07T10:00:00Z,2025-02-07T10:15:00Z,2025-02-07,2025-02-07_12,-2.9565721851430807e-15,100,100,0,31.112222295651833,39.54678229565183,0.023429333333333333,0.0,9.168,True,True,False,False,-8.718192230940659e-14,0.0,188.90161562575355,189.89631058596575,0.0,3175.782377622377,3554.5803038340964
2025-02-07T10:15:00Z,2025-02-07T10:30:00Z,2025-02-07,2025-02-07_12,-2.9565721851430807e-15,100,100,0,39.54678229565183,52.89276229565183,0.03707216666666666,0.0,14.506499999999999,True,True,False,False,-8.718192230940659e-14,0.0,188.90161562575355,189.89631058596575,0.0,3209.809447492163,3588.6073737038823
2025-02-07T10:30:00Z,2025-02-07T10:45:00Z,2025-02-07,2025-02-07_12,-2.9565721851430807e-15,100,100,0,52.89276229565183,66.55890229565183,0.03796150000000001,0.0,14.854500000000002,True,True,False,False,-8.718192230940659e-14,0.0,188.90161562575355,189.89631058596575,0.0,-496.19176121292514,-117.39383500120593
2025-02-07T10:45:00Z,2025-02-07T11:00:00Z,2025-02-07,2025-02-07_12,-2.9565721851430807e-15,100,100,0,66.55890229565183,80.49184229565184,0.03870261111111111,0.0,15.144499999999999,True,True,False,False,-8.718192230940659e-14,0.0,188.90161562575355,189.89631058596575,0.0,-450.11703580901855,-71.31910959729933
2025-02-07T11:00:00Z,2025-02-07T11:15:00Z,2025-02-07,2025-02-07_13,-1.2756492148004835e-13,100,100,0,80.49184229565184,95.24680229565188,0.040986000000000085,0.0,16.038,True,True,False,False,-3.650908052758984e-12,0.0,188.90161562575355,189.89631058596575,0.0,-449.18259946949604,-70.38467325778039
2025-02-07T11:15:00Z,2025-02-07T11:30:00Z,2025-02-07,2025-02-07_13,-1.2756492148004835e-13,100,100,0,95.24680229565188,109.36282229565191,0.039211166666666755,0.0,15.343500000000002,True,True,False,False,-3.650908052758984e-12,0.0,188.90161562575355,189.89631058596575,0.0,-435.29056878466366,-56.492642572948014
2025-02-07T11:30:00Z,2025-02-07T11:45:00Z,2025-02-07,2025-02-07_13,-1.2756492148004835e-13,100,100,0,109.36282229565191,114.45916229565195,0.014156500000000082,0.0,5.5395,True,True,False,False,-3.650908052758984e-12,0.0,188.90161562575355,189.89631058596575,0.0,-308.732172956354,70.06575325536163
2025-02-07T11:45:00Z,2025-02-07T12:00:00Z,2025-02-07,2025-02-07_13,-1.2756492148004835e-13,100,100,0,114.45916229565195,117.28770229565198,0.007857055555555638,0.0,3.0745,True,True,False,False,-3.650908052758984e-12,0.0,188.90161562575355,189.89631058596575,0.0,-206.34810344827588,172.44982276343978
2025-02-07T12:00:00Z,2025-02-07T12:15:00Z,2025-02-07,2025-02-07_14,-69.01023394489093,0,0,0,117.28770229565198,133.1600561029769,0.04408987168701365,0.0,0.0,True,False,False,False,-1979.0409839546094,0.0,0.0,0.0,0.0,0.0,-1979.0409839546094
2025-02-07T12:15:00Z,2025-02-07T12:30:00Z,2025-02-07,2025-02-07_14,-69.01023394489093,0,0,0,133.1600561029769,149.03240991030182,0.04408987168701365,0.0,0.0,True,False,False,False,-1979.0409839546094,0.0,0.0,0.0,0.0,0.0,-1979.0409839546094
2025-02-07T12:30:00Z,2025-02-07T12:45:00Z,2025-02-07,2025-02-07_14,-69.01023394489093,0,0,0,149.03240991030182,164.90476371762674,0.04408987168701365,0.0,0.0,True,False,False,False,-1979.0409839546094,0.0,0.0,0.0,0.0,0.0,-1979.0409839546094
2025-02-07T12:45:00Z,2025-02-07T13:00:00Z,2025-02-07,2025-02-07_14,-69.01023394489093,0,0,0,164.90476371762674,180.77711752495165,0.04408987168701365,0.0,0.0,True,False,False,False,-1979.0409839546094,0.0,0.0,0.0,0.0,0.0,-1979.0409839546094
2025-02-07T13:00:00Z,2025-02-07T13:15:00Z,2025-02-07,2025-02-07_15,0.0,0,0,0,180.77711752495165,180.77711752495165,0.0,0.0,0.0,True,False,False,False,0.0,0.0,0.0,0.0,0.0,0.0,0.0
2025-02-07T13:15:00Z,2025-02-07T13:30:00Z,2025-02-07,2025-02-07_15,0.0,0,0,0,180.77711752495165,180.77711752495165,0.0,0.0,0.0,True,False,False,False,0.0,0.0,0.0,0.0,0.0,0.0,0.0
2025-02-07T13:30:00Z,2025-02-07T13:45:00Z,2025-02-07,2025-02-07_15,0.0,0,0,0,180.77711752495165,180.77711752495165,0.0,0.0,0.0,True,False,False,False,0.0,0.0,0.0,0.0,0.0,0.0,0.0
2025-02-07T13:45:00Z,2025-02-07T14:00:00Z,2025-02-07,2025-02-07_15,0.0,0,0,0,180.77711752495165,180.77711752495165,0.0,0.0,0.0,True,False,False,False,0.0,0.0,0.0,0.0,0.0,0.0,0.0
2025-02-07T14:00:00Z,2025-02-07T14:15:00Z,2025-02-07,2025-02-07_16,-4.993616132483321,100,95,0,180.77711752495165,188.94574730639192,0.022699243932491144,0.0015,7.632300000000001,True,True,False,False,-167.88537437408922,0.0,188.90161562575355,180.40149505666747,0.0904268145647456,-283.18526175548595,-81.6770986325894
2025-02-07T14:15:00Z,2025-02-07T14:30:00Z,2025-02-07,2025-02-07_16,-4.993616132483321,100,95,0,188.94574730639192,189.7681025921687,0.009346690923106549,1.231,1.0887,True,True,False,False,-167.88537437408922,0.0,188.90161562575355,180.40149505666747,245.56896531629295,-78.75813841331082,368.22856321131394
2025-02-07T14:30:00Z,2025-02-07T14:45:00Z,2025-02-07,2025-02-07_16,-4.993616132483321,100,95,0,189.7681025921687,180.8212964594821,0.028844152639156993,9.3595,0.0,True,True,False,False,-167.88537437408922,0.0,188.90161562575355,180.40149505666747,3083.7130058877906,0.0,3285.1307421961224
2025-02-07T14:45:00Z,2025-02-07T15:00:00Z,2025-02-07,2025-02-07_16,-4.993616132483321,100,95,0,180.8212964594821,161.50140799999943,0.055203730333679195,18.9765,0.0,True,True,False,False,-167.88537437408922,0.0,188.90161562575355,180.40149505666747,15854.598056426335,0.0,16056.015792734668
2025-02-07T15:00:00Z,2025-02-07T15:15:00Z,2025-02-07,2025-02-07_17,1.435756026599999e-13,100,100,0,161.50140799999943,160.63316713043417,0.0077452246376812596,1.6819999999999997,1.0435,True,True,False,False,6.563558675601896e-12,0.0,189.89631058596575,189.89631058596575,389.0282400932401,-67.82519341290894,700.9956678522692
2025-02-07T15:15:00Z,2025-02-07T15:30:00Z,2025-02-07,2025-02-07_17,1.435756026599999e-13,100,100,0,160.63316713043417,154.99713060869502,0.015660768115942136,5.186,0.001,True,True,False,False,6.563558675601896e-12,0.0,189.89631058596575,189.89631058596575,1315.865693674142,-0.07234145165179648,1695.5859733944283
2025-02-07T15:30:00Z,2025-02-07T15:45:00Z,2025-02-07,2025-02-07_17,1.435756026599999e-13,100,100,0,154.99713060869502,145.46180452173846,0.026487016908212667,8.7725,0.0,True,True,False,False,6.563558675601896e-12,0.0,189.89631058596575,189.89631058596575,2180.1823717948723,0.0,2559.9749929668105
2025-02-07T15:45:00Z,2025-02-07T16:00:00Z,2025-02-07,2025-02-07_17,1.435756026599999e-13,100,100,0,145.46180452173846,141.9799888695645,0.010446043478260976,3.3315000000000006,0.1515,True,True,False,False,6.563558675601896e-12,0.0,189.89631058596575,189.89631058596575,683.8559151193635,-10.959729925247165,1052.6888063660545
2025-02-07T16:00:00Z,2025-02-07T16:15:00Z,2025-02-07,2025-02-07_18,85.0,15,100,0,141.9799888695645,122.2258477391297,0.05730371425120772,0.02175,3.1709999999999994,True,True,False,False,3930.825,0.0,28.484446587894862,189.89631058596575,4.356083916083916,-193.81306968893173,3959.7487714010126
2025-02-07T16:15:00Z,2025-02-07T16:30:00Z,2025-02-07,2025-02-07_18,85.0,15,100,0,122.2258477391297,99.29856791304276,0.06381990507246377,0.0126,0.1735,True,True,False,False,3930.825,0.0,28.484446587894862,189.89631058596575,2.4137922594646732,-12.551241861586687,4139.068307571739
2025-02-07T16:30:00Z,2025-02-07T16:45:00Z,2025-02-07,2025-02-07_18,85.0,15,100,0,99.29856791304276,76.09640891304277,0.06445580833333334,0.102825,0.007000000000000001,True,True,False,False,3930.825,0.0,28.484446587894862,189.89631058596575,20.390050382806848,-0.5063901615625754,4169.089417395105
2025-02-07T16:45:00Z,2025-02-07T17:00:00Z,2025-02-07,2025-02-07_18,85.0,15,100,0,76.09640891304277,52.51288695652103,0.0655136165458937,0.451725,0.005,True,True,False,False,3930.825,0.0,28.484446587894862,189.89631058596575,90.68667126838677,-0.36170725825898237,4239.530721183988
2025-02-07T17:00:00Z,2025-02-07T17:15:00Z,2025-02-07,2025-02-07_19,-1.390756213315928e-14,100,100,0,52.51288695652103,49.04984347826016,0.00961956521739131,3.186,0.0,True,True,False,False,-6.333156106387407e-13,0.0,189.89631058596575,189.89631058596575,640.2218471183988,0.0,1020.0144682903297
2025-02-07T17:15:00Z,2025-02-07T17:30:00Z,2025-02-07,2025-02-07_19,-1.390756213315928e-14,100,100,0,49.04984347826016,46.70352347826016,0.0065380000000000065,2.162,0.004,True,True,False,False,-6.333156106387407e-13,0.0,189.89631058596575,189.89631058596575,433.9010268467165,-0.2893658066071859,813.4042822120401
2025-02-07T17:30:00Z,2025-02-07T17:45:00Z,2025-02-07,2025-02-07_19,-1.390756213315928e-14,100,100,0,46.70352347826016,39.956784347825376,0.01874094202898551,6.207,0.0,True,True,False,False,-6.333156106387407e-13,0.0,189.89631058596575,189.89631058596575,1336.226256329877,0.0,1716.018877501808
2025-02-07T17:45:00Z,2025-02-07T18:00:00Z,2025-02-07,2025-02-07_19,-1.390756213315928e-14,100,100,0,39.956784347825376,32.42689304347755,0.02091636473429952,6.9275,0.0,True,True,False,False,-6.333156106387407e-13,0.0,189.89631058596575,189.89631058596575,1455.6408678964715,0.0,1835.4334890684024
2025-02-07T18:00:00Z,2025-02-07T18:15:00Z,2025-02-07,2025-02-07_20,0.0,100,100,0,32.42689304347755,26.628523478260156,0.016106582125603865,5.3345,0.0,True,True,False,False,0.0,0.0,189.89631058596575,189.89631058596575,1072.765763202315,0.0,1452.5583843742465
2025-02-07T18:15:00Z,2025-02-07T18:30:00Z,2025-02-07,2025-02-07_20,0.0,100,100,0,26.628523478260156,24.927145217390592,0.004751606280193236,1.5695000000000001,0.005,True,True,False,False,0.0,0.0,189.89631058596575,189.89631058596575,314.4402607306487,-0.36170725825898237,693.8711746443212
2025-02-07T18:30:00Z,2025-02-07T18:45:00Z,2025-02-07,2025-02-07_20,0.0,100,100,0,24.927145217390592,20.200097391303636,0.013143466183574877,4.351,0.0025,True,True,False,False,0.0,0.0,189.89631058596575,189.89631058596575,1077.0062720038582,-0.18085362912949118,1456.6180395466602
2025-02-07T18:45:00Z,2025-02-07T19:00:00Z,2025-02-07,2025-02-07_20,0.0,100,100,0,20.200097391303636,20.622806956521025,0.001391584541062802,0.036,0.502,True,True,False,False,0.0,0.0,189.89631058596575,189.89631058596575,6.414277791174342,-36.31540872920183,349.891490233904
2025-02-07T19:00:00Z,2025-02-07T19:15:00Z,2025-02-07,2025-02-07_21,0.0,100,100,0,20.622806956521025,14.956168695651462,0.015750884057971013,5.215,0.002,True,True,False,False,0.0,0.0,189.02218471183988,189.4743187846636,1112.2409563138012,-0.14468290330359296,1490.592776907001
2025-02-07T19:15:00Z,2025-02-07T19:30:00Z,2025-02-07,2025-02-07_21,0.0,100,100,0,14.956168695651462,10.523950434781897,0.012582606280193235,4.1225,0.053,True,True,False,False,0.0,0.0,189.02218471183988,189.4743187846636,878.7202691704846,-3.834096937545213,1253.3826757294428
2025-02-07T19:30:00Z,2025-02-07T19:45:00Z,2025-02-07,2025-02-07_21,0.0,100,100,0,10.523950434781897,9.99999999999929,0.0015397512077294686,0.496,0.0165,True,True,False,False,0.0,0.0,189.02218471183988,189.4743187846636,98.55074672453982,-1.193633952254642,475.8536162687887
2025-02-07T19:45:00Z,2025-02-07T20:00:00Z,2025-02-07,2025-02-07_21,0.0,100,100,0,9.99999999999929,14.36401999999929,0.012122277777777777,0.0,4.7435,True,True,False,False,0.0,0.0,189.02218471183988,189.4743187846636,0.0,-194.23052095892612,184.26598253757737
2025-02-07T20:00:00Z,2025-02-07T20:15:00Z,2025-02-07,2025-02-07_22,1.9999999999997216,98,100,0,14.36401999999929,10.466711982608059,0.014605062270531204,3.7264500000000003,0.7545,True,True,False,False,76.8599999999893,0.0,185.2417410176031,189.4743187846636,838.6908738244515,-45.08578701470943,1245.181146611998
2025-02-07T20:15:00Z,2025-02-07T20:30:00Z,2025-02-07,2025-02-07_22,1.9999999999997216,98,100,0,10.466711982608059,11.177554034782046,0.005997085410627834,0.19796,1.5915,True,True,False,False,76.8599999999893,0.0,185.2417410176031,189.4743187846636,39.109789743589744,-115.13142030383409,375.5544292420117
2025-02-07T20:30:00Z,2025-02-07T20:45:00Z,2025-02-07,2025-02-07_22,1.9999999999997216,98,100,0,11.177554034782046,13.754500365216902,0.009769355748792114,0.0,3.3794999999999997,True,True,False,False,76.8599999999893,0.0,185.2417410176031,189.4743187846636,0.0,-210.17496503496503,241.40109476729097
2025-02-07T20:45:00Z,2025-02-07T21:00:00Z,2025-02-07,2025-02-07_22,1.9999999999997216,98,100,0,13.754500365216902,24.34603034782567,0.03098377893719805,0.0,12.0595,True,True,False,False,76.8599999999893,0.0,185.2417410176031,189.4743187846636,0.0,-429.19015081183187,22.385908990424127
2025-02-07T21:00:00Z,2025-02-07T21:15:00Z,2025-02-07,2025-02-07_23,-12.000000000000012,100,88,0,24.34603034782567,21.90969118260828,0.021787222125603866,5.3735,0.5834400000000001,True,True,False,False,-362.10000000000036,0.0,189.02218471183988,166.73740053050398,1112.3114765694077,-31.05747586206897,1074.913585949682
2025-02-07T21:15:00Z,2025-02-07T21:30:00Z,2025-02-07,2025-02-07_23,-12.000000000000012,100,88,0,21.90969118260828,17.865931252173503,0.022654773140096618,6.376999999999999,0.0,True,True,False,False,-362.10000000000036,0.0,189.02218471183988,166.73740053050398,1298.9786512338233,0.0,1292.6382364761666
2025-02-07T21:30:00Z,2025-02-07T21:45:00Z,2025-02-07,2025-02-07_23,-12.000000000000012,100,88,0,17.865931252173503,11.864369930434377,0.026967643671497583,8.212,0.0,True,True,False,False,-362.10000000000036,0.0,189.02218471183988,166.73740053050398,1807.1499083674946,0.0,1800.8094936098382
2025-02-07T21:45:00Z,2025-02-07T22:00:00Z,2025-02-07,2025-02-07_23,-12.000000000000012,100,88,0,11.864369930434377,12.604153617390901,0.012117031980676336,1.8935,0.0,True,True,False,False,-362.10000000000036,0.0,189.02218471183988,166.73740053050398,379.3730973193473,0.0,373.0326825616908
2025-02-07T22:00:00Z,2025-02-07T22:15:00Z,2025-02-08,2025-02-07_24,-87.4390052795786,100,12,0,12.604153617390901,14.767506836062745,0.020476834592926478,19.0735,0.0,True,True,False,False,-2453.757085658174,0.0,188.5888239194647,22.735547652058592,20554.358920871262,0.0,18311.92620678461
2025-02-07T22:15:00Z,2025-02-07T22:30:00Z,2025-02-08,2025-02-07_24,-87.4390052795786,100,12,0,14.767506836062745,20.870236820336608,0.028244028241516377,14.887,0.0,True,True,False,False,-2453.757085658174,0.0,188.5888239194647,22.735547652058592,8453.15191291418,0.0,6210.719198827529
2025-02-07T22:30:00Z,2025-02-07T22:45:00Z,2025-02-08,2025-02-07_24,-87.4390052795786,100,12,0,20.870236820336608,32.05797624956767,0.038270043881545,9.483,0.0,True,True,False,False,-2453.757085658174,0.0,188.5888239194647,22.735547652058592,6617.623716920852,0.0,4375.191002834201
2025-02-07T22:45:00Z,2025-02-07T23:00:00Z,2025-02-08,2025-02-07_24,-87.4390052795786,100,12,0,32.05797624956767,50.106338155331485,0.05179700169639487,2.192,0.0,True,True,False,False,-2453.757085658174,0.0,188.5888239194647,22.735547652058592,439.5517833102257,0.0,-1802.8809307764252
2025-02-07T23:00:00Z,2025-02-07T23:15:00Z,2025-02-08,2025-02-08_1,0.0,100,100,0,50.106338155331485,36.935685981418445,0.036585144927536235,12.117,0.0,True,True,False,False,0.0,0.0,188.5888239194647,189.46289710048828,2896.8217348845624,0.0,3274.873455904515
2025-02-07T23:15:00Z,2025-02-07T23:30:00Z,2025-02-08,2025-02-08_1,0.0,100,100,0,36.935685981418445,29.103077285766272,0.02175724637681159,7.2059999999999995,0.0,True,True,False,False,0.0,0.0,188.5888239194647,189.46289710048828,1373.6793152088733,0.0,1751.7310362288263
2025-02-07T23:30:00Z,2025-02-07T23:45:00Z,2025-02-08,2025-02-08_1,0.0,100,100,0,29.103077285766272,22.521555546635838,0.018282004830917874,6.055,0.0,True,True,False,False,0.0,0.0,188.5888239194647,189.46289710048828,1148.0957441678222,0.0,1526.1474651877752
2025-02-07T23:45:00Z,2025-02-08T00:00:00Z,2025-02-08,2025-02-08_1,0.0,100,100,0,22.521555546635838,22.313665981418445,0.002399582125603865,0.49300000000000005,0.3565,True,True,False,False,0.0,0.0,188.5888239194647,189.46289710048828,88.89810235698356,-25.788172885647114,441.1616504912894
2025-02-08T00:00:00Z,2025-02-08T00:15:00Z,2025-02-08,2025-02-08_2,-100.0,100,0,0,22.313665981418445,39.29824598141845,0.04717938888888889,6.5385,0.0,True,True,False,False,-2183.5,0.0,188.5888239194647,0.0,1278.9982355777925,0.0,-715.9129405027429
2025-02-08T00:15:00Z,2025-02-08T00:30:00Z,2025-02-08,2025-02-08_2,-100.0,100,0,0,39.29824598141845,58.086025981418445,0.052188277777777785,4.5785,0.0,True,True,False,False,-2183.5,0.0,188.5888239194647,0.0,813.8758233367491,0.0,-1181.0353527437862
2025-02-08T00:30:00Z,2025-02-08T00:45:00Z,2025-02-08,2025-02-08_2,-100.0,100,0,0,58.086025981418445,77.25008598141845,0.05323350000000001,4.1695,0.0,True,True,False,False,-2183.5,0.0,188.5888239194647,0.0,741.1718347499346,0.0,-1253.7393413306006
2025-02-08T00:45:00Z,2025-02-08T01:00:00Z,2025-02-08,2025-02-08_2,-100.0,100,0,0,77.25008598141845,100.00950598141846,0.06322061111111112,0.2615,0.0,True,True,False,False,-2183.5,0.0,188.5888239194647,0.0,45.8561612112444,0.0,-1949.055014869291
2025-02-08T01:00:00Z,2025-02-08T01:15:00Z,2025-02-08,2025-02-08_3,-100.0,100,0,0,100.00950598141846,113.36974598141846,0.037111777777777785,10.478,0.0,True,True,False,False,-2166.0,0.0,188.5888239194647,0.0,2175.1698060964095,0.0,197.7586300158742
2025-02-08T01:15:00Z,2025-02-08T01:30:00Z,2025-02-08,2025-02-08_3,-100.0,100,0,0,113.36974598141846,128.26086598141848,0.041364222222222226,8.814,0.0,True,True,False,False,-2166.0,0.0,188.5888239194647,0.0,1734.179781783109,0.0,-243.23139429742622
2025-02-08T01:30:00Z,2025-02-08T01:45:00Z,2025-02-08,2025-02-08_3,-100.0,100,0,0,128.26086598141848,143.80932598141848,0.04319016666666666,8.0995,0.0,True,True,False,False,-2166.0,0.0,188.5888239194647,0.0,1737.710317278518,0.0,-239.7008588020173
2025-02-08T01:45:00Z,2025-02-08T02:00:00Z,2025-02-08,2025-02-08_3,-100.0,100,0,0,143.80932598141848,159.39688598141848,0.04329877777777778,8.057,0.0,True,True,False,False,-2166.0,0.0,188.5888239194647,0.0,3713.432396768944,0.0,1736.0212206884084
2025-02-08T02:00:00Z,2025-02-08T02:15:00Z,2025-02-08,2025-02-08_4,-50.00000000000001,100,50,0,159.39688598141848,164.81982163359237,0.03334873429951691,6.056,0.0,True,True,False,False,-1107.7500000000002,0.0,188.5888239194647,94.73144855024414,1181.9001892820543,0.0,357.47046175176285
2025-02-08T02:15:00Z,2025-02-08T02:30:00Z,2025-02-08,2025-02-08_4,-50.00000000000001,100,50,0,164.81982163359237,171.48004598141844,0.033062821256038655,4.823,0.0,True,True,False,False,-1107.7500000000002,0.0,188.5888239194647,94.73144855024414,930.637326943557,0.0,106.20759941326561
2025-02-08T02:30:00Z,2025-02-08T02:45:00Z,2025-02-08,2025-02-08_4,-50.00000000000001,100,50,0,171.48004598141844,179.73038728576628,0.03271682971014493,3.2455,0.00775,True,True,False,False,-1107.7500000000002,0.0,188.5888239194647,94.73144855024414,603.68895513091,-0.5606124540358068,-221.3013848534172
2025-02-08T02:45:00Z,2025-02-08T03:00:00Z,2025-02-08,2025-02-08_4,-50.00000000000001,100,50,0,179.73038728576628,187.86814989446194,0.03272415942028986,3.3515,0.001,True,True,False,False,-1107.7500000000002,0.0,188.5888239194647,94.73144855024414,626.958189462897,-0.07233709084332991,-197.54387515823768
2025-02-08T03:00:00Z,2025-02-08T03:15:00Z,2025-02-08,2025-02-08_5,-17.97903416545161,100,82,0,187.86814989446194,185.7763695622451,0.023369844500740707,5.8915,0.0,True,True,False,False,-403.13489357483866,0.0,188.5888239194647,155.35957562240037,1139.29797878112,0.0,1080.1114847481465
2025-02-08T03:15:00Z,2025-02-08T03:30:00Z,2025-02-08,2025-02-08_5,-17.97903416545161,100,82,0,185.7763695622451,189.69024261849535,0.012080391077967455,0.244,0.03977,True,True,False,False,-403.13489357483866,0.0,188.5888239194647,155.35957562240037,43.142212309361625,-2.876846102839231,-18.921127826451205
2025-02-08T03:30:00Z,2025-02-08T03:45:00Z,2025-02-08,2025-02-08_5,-17.97903416545161,100,82,0,189.69024261849535,188.4876488719922,0.021681799943055136,5.052,0.00205,True,True,False,False,-403.13489357483866,0.0,188.5888239194647,155.35957562240037,988.2011260473806,-0.14829103622882633,928.8663409781782
2025-02-08T03:45:00Z,2025-02-08T04:00:00Z,2025-02-08,2025-02-08_5,-17.97903416545161,100,82,0,188.4876488719922,183.81693652173908,0.028291359223363316,8.3315,0.0,True,True,False,False,-403.13489357483866,0.0,188.5888239194647,155.35957562240037,1633.2549142001728,0.0,1574.0684201671993
2025-02-08T04:00:00Z,2025-02-08T04:15:00Z,2025-02-08,2025-02-08_6,0.0,100,100,0,183.81693652173908,182.22718086956516,0.004451765700483091,1.4685,0.007000000000000001,True,True,False,False,0.0,0.0,188.5888239194647,189.46289710048828,270.9396811139912,-0.5063596359033095,648.4850424980408
2025-02-08T04:15:00Z,2025-02-08T04:30:00Z,2025-02-08,2025-02-08_6,0.0,100,100,0,182.22718086956516,182.2316773913043,0.00043217632850241547,0.0695,0.087,True,True,False,False,0.0,0.0,188.5888239194647,189.46289710048828,12.195199228404366,-6.293326903369702,383.9535933449876
2025-02-08T04:30:00Z,2025-02-08T04:45:00Z,2025-02-08,2025-02-08_6,0.0,100,100,0,182.2316773913043,182.23499999999996,0.000371548309178744,0.06,0.0745,True,True,False,False,0.0,0.0,188.5888239194647,189.46289710048828,10.139043944782687,-5.389113267828079,382.8016516969076
2025-02-08T04:45:00Z,2025-02-08T05:00:00Z,2025-02-08,2025-02-08_6,0.0,100,100,0,182.23499999999996,182.1323086956521,0.0007835869565217392,0.177,0.0975,True,True,False,False,0.0,0.0,188.5888239194647,189.46289710048828,31.103943577069142,-7.0528663572246675,402.10279823979744
2025-02-08T05:00:00Z,2025-02-08T05:15:00Z,2025-02-08,2025-02-08_7,0.0,100,100,0,182.1323086956521,181.62157217391297,0.0015643792270531403,0.494,0.028499999999999998,True,True,False,False,0.0,0.0,189.01079028271747,189.46289710048828,91.77191271324372,-2.0616070890349025,468.1839930074146
2025-02-08T05:15:00Z,2025-02-08T05:30:00Z,2025-02-08,2025-02-08_7,0.0,100,100,0,181.62157217391297,175.41341999999992,0.017244867149758453,5.7115,0.0,True,True,False,False,0.0,0.0,189.01079028271747,189.46289710048828,1317.901626579862,0.0,1696.3753139630678
2025-02-08T05:30:00Z,2025-02-08T05:45:00Z,2025-02-08,2025-02-08_7,0.0,100,100,0,175.41341999999992,166.192224347826,0.025614432367149755,8.4835,0.0,True,True,False,False,0.0,0.0,189.01079028271747,189.46289710048828,3760.28022263749,0.0,4138.753910020696
2025-02-08T05:45:00Z,2025-02-08T06:00:00Z,2025-02-08,2025-02-08_7,0.0,100,100,0,166.192224347826,144.99711565217382,0.05887530193236715,19.4995,0.0,True,True,False,False,0.0,0.0,189.01079028271747,189.46289710048828,19841.053723149882,0.0,20219.527410533086
2025-02-08T06:00:00Z,2025-02-08T06:15:00Z,2025-02-08,2025-02-08_8,0.0,100,100,0,144.99711565217382,125.01341999999991,0.05551026570048309,18.385,0.0,True,True,False,False,0.0,0.0,189.46289710048828,189.46289710048828,13219.66356119517,0.0,13598.589355396147
2025-02-08T06:15:00Z,2025-02-08T06:30:00Z,2025-02-08,2025-02-08_8,0.0,100,100,0,125.01341999999991,108.98733304347817,0.04451690821256038,14.743999999999998,0.0,True,True,False,False,0.0,0.0,189.46289710048828,189.46289710048828,3012.8426483412695,0.0,3391.7684425422462
2025-02-08T06:30:00Z,2025-02-08T06:45:00Z,2025-02-08,2025-02-08_8,0.0,100,100,0,108.98733304347817,102.97646347826078,0.01669685990338164,5.53,0.0,True,True,False,False,0.0,0.0,189.46289710048828,189.46289710048828,1111.155866337131,0.0,1490.0816605381076
2025-02-08T06:45:00Z,2025-02-08T07:00:00Z,2025-02-08,2025-02-08_8,0.0,100,100,0,102.97646347826078,97.4780939130434,0.015273248792270532,5.0585,0.0,True,True,False,False,0.0,0.0,189.46289710048828,189.46289710048828,1016.4111836156491,0.0,1395.3369778166257
2025-02-08T07:00:00Z,2025-02-08T07:15:00Z,2025-02-08,2025-02-08_9,0.0,100,100,0,97.4780939130434,88.71668086956514,0.024337258454106277,8.0605,0.0,True,True,False,False,0.0,0.0,188.5888239194647,189.46289710048828,1627.0623041372794,0.0,2005.1140251572324
2025-02-08T07:15:00Z,2025-02-08T07:30:00Z,2025-02-08,2025-02-08_9,0.0,100,100,0,88.71668086956514,83.62700695652165,0.01413798309178744,4.6825,0.0,True,True,False,False,0.0,0.0,188.5888239194647,189.46289710048828,940.8845218719232,0.0,1318.9362428918762
2025-02-08T07:30:00Z,2025-02-08T07:45:00Z,2025-02-08,2025-02-08_9,0.0,100,100,0,83.62700695652165,77.14983304347818,0.017992149758454104,5.959,0.0,True,True,False,False,0.0,0.0,188.5888239194647,189.46289710048828,1199.9385904314101,0.0,1577.9903114513631
2025-02-08T07:45:00Z,2025-02-08T08:00:00Z,2025-02-08,2025-02-08_9,0.0,100,100,0,77.14983304347818,76.81558260869556,0.0015111400966183576,0.404,0.11399999999999999,True,True,False,False,0.0,0.0,188.5888239194647,189.46289710048828,79.18869210521028,-8.332328651516065,448.9080844736472
2025-02-08T08:00:00Z,2025-02-08T08:15:00Z,2025-02-08,2025-02-08_10,0.0,100,100,0,76.81558260869556,70.16069130434774,0.01848580917874396,6.1225,0.0,True,True,False,False,0.0,0.0,188.5888239194647,189.46289710048828,1197.753506841883,0.0,1575.805227861836
2025-02-08T08:15:00Z,2025-02-08T08:30:00Z,2025-02-08,2025-02-08_10,0.0,100,100,0,70.16069130434774,66.02645217391296,0.011483997584541064,3.8035,0.0,True,True,False,False,0.0,0.0,188.5888239194647,189.46289710048828,721.9389516145237,0.0,1099.9906726344766
2025-02-08T08:30:00Z,2025-02-08T08:45:00Z,2025-02-08,2025-02-08_10,0.0,100,100,0,66.02645217391296,64.90563478260862,0.0031517149758454105,1.0375,0.0075,True,True,False,False,0.0,0.0,188.5888239194647,189.46289710048828,195.8537409327466,-0.565133522213515,573.340328430486
2025-02-08T08:45:00Z,2025-02-08T09:00:00Z,2025-02-08,2025-02-08_10,0.0,100,100,0,64.90563478260862,65.00238173913036,0.0006793695652173913,0.068,0.1855,True,True,False,False,0.0,0.0,188.5888239194647,189.46289710048828,11.86717302630257,-13.582795527156547,376.336098519099
2025-02-08T09:00:00Z,2025-02-08T09:15:00Z,2025-02-08,2025-02-08_11,0.0,100,100,0,65.00238173913036,62.76814260869558,0.006206219806763284,2.0555,0.0,True,True,False,False,0.0,0.0,188.5888239194647,189.46289710048828,378.29716569212525,0.0,756.3488867120782
2025-02-08T09:15:00Z,2025-02-08T09:30:00Z,2025-02-08,2025-02-08_11,0.0,100,100,0,62.76814260869558,60.83246521739123,0.006652103864734299,1.992,0.24949999999999997,True,True,False,False,0.0,0.0,188.5888239194647,189.46289710048828,373.27014768822715,-18.052616191452163,733.269252516728
2025-02-08T09:30:00Z,2025-02-08T09:45:00Z,2025-02-08,2025-02-08_11,0.0,100,100,0,60.83246521739123,61.13315565217384,0.0011734154589371983,0.05600000000000001,0.393,True,True,False,False,0.0,0.0,188.5888239194647,189.46289710048828,9.605912351558262,-28.542980288142743,359.11465308336847
2025-02-08T09:45:00Z,2025-02-08T10:00:00Z,2025-02-08,2025-02-08_11,0.0,100,100,0,61.13315565217384,65.3608486956521,0.01174963043478261,0.001,4.5965,True,True,False,False,0.0,0.0,188.5888239194647,189.46289710048828,0.16878654530110312,-244.20736140414326,134.01314616111083
2025-02-08T10:00:00Z,2025-02-08T10:15:00Z,2025-02-08,2025-02-08_12,-75.0000000000001,100,25,0,65.3608486956521,83.1181673913043,0.04935305917874403,0.018,0.57025,True,True,False,False,-1600.6875000000023,0.0,188.5888239194647,47.36572427512207,3.0486575441557657,-29.195420409106436,-1390.8797146703662
2025-02-08T10:15:00Z,2025-02-08T10:30:00Z,2025-02-08,2025-02-08_12,-75.0000000000001,100,25,0,83.1181673913043,100.17962152173911,0.04782771074879234,0.288,0.096125,True,True,False,False,-1600.6875000000023,0.0,188.5888239194647,47.36572427512207,50.259174151546205,-6.95755558402154,-1321.4313332378908
2025-02-08T10:30:00Z,2025-02-08T10:45:00Z,2025-02-08,2025-02-08_12,-75.0000000000001,100,25,0,100.17962152173911,117.14189630434784,0.04760807004830924,0.325,0.027,True,True,False,False,-1600.6875000000023,0.0,188.5888239194647,47.36572427512207,56.546290714730645,-1.9531014527699078,-1310.1397625434547
2025-02-08T10:45:00Z,2025-02-08T11:00:00Z,2025-02-08,2025-02-08_12,-75.0000000000001,100,25,0,117.14189630434784,134.577762826087,0.04854014855072471,0.071,0.27625,True,True,False,False,-1600.6875000000023,0.0,188.5888239194647,47.36572427512207,12.354873108686476,-14.89014532722487,-1367.268224023954
2025-02-08T11:00:00Z,2025-02-08T11:15:00Z,2025-02-08,2025-02-08_13,0.0,100,100,0,134.577762826087,147.465582826087,0.03579949999999999,0.0,14.008499999999998,True,True,False,False,0.0,0.0,188.5888239194647,189.46289710048828,0.0,-480.23030682982693,-102.17858580987397
2025-02-08T11:15:00Z,2025-02-08T11:30:00Z,2025-02-08,2025-02-08_13,0.0,100,100,0,147.465582826087,148.83939500000005,0.003840299516908213,0.004,1.498,True,True,False,False,0.0,0.0,188.5888239194647,189.46289710048828,0.6977844756565597,-92.32925874575521,286.4202467498543
2025-02-08T11:30:00Z,2025-02-08T11:45:00Z,2025-02-08,2025-02-08_13,0.0,100,100,0,148.83939500000005,148.7004010869566,0.0005982053140096618,0.163,0.0415,True,True,False,False,0.0,0.0,188.5888239194647,189.46289710048828,28.120226656217973,-3.001989269998192,403.1699584061727
2025-02-08T11:45:00Z,2025-02-08T12:00:00Z,2025-02-08,2025-02-08_13,0.0,100,100,0,148.7004010869566,150.36765760869574,0.004773176328502416,0.0235,1.8399999999999999,True,True,False,False,0.0,0.0,188.5888239194647,189.46289710048828,3.9697183876866196,-109.11447344625957,272.90696596138
2025-02-08T12:00:00Z,2025-02-08T12:15:00Z,2025-02-08,2025-02-08_14,0.0,100,100,0,150.36765760869574,153.80799760869573,0.009556499999999999,0.0,3.7394999999999996,True,True,False,False,0.0,0.0,188.5888239194647,189.46289710048828,0.0,-246.54385918379649,131.50786183615648
2025-02-08T12:15:00Z,2025-02-08T12:30:00Z,2025-02-08,2025-02-08_14,0.0,100,100,0,153.80799760869573,156.15445760869574,0.006517944444444444,0.0,2.5505,True,True,False,False,0.0,0.0,188.5888239194647,189.46289710048828,0.0,-184.49575019591296,193.55597082404
2025-02-08T12:30:00Z,2025-02-08T12:45:00Z,2025-02-08,2025-02-08_14,0.0,100,100,0,156.15445760869574,161.02539760869573,0.013530388888888889,0.0,5.2945,True,True,False,False,0.0,0.0,188.5888239194647,189.46289710048828,0.0,-309.9836290111922,68.06809200876077
2025-02-08T12:45:00Z,2025-02-08T13:00:00Z,2025-02-08,2025-02-08_14,0.0,100,100,0,161.02539760869573,164.44549760869572,0.009500277777777778,0.0,3.7175,True,True,False,False,0.0,0.0,188.5888239194647,189.46289710048828,0.0,-202.14648562300317,175.9052353969498
2025-02-08T13:00:00Z,2025-02-08T13:15:00Z,2025-02-08,2025-02-08_15,0.0,100,100,0,164.44549760869572,180.14759760869572,0.043616944444444444,0.0,17.0675,True,True,False,False,0.0,0.0,188.5888239194647,189.46289710048828,0.0,-462.75021148552247,-84.6984904655695
2025-02-08T13:15:00Z,2025-02-08T13:30:00Z,2025-02-08,2025-02-08_15,0.0,100,100,0,180.14759760869572,189.7059376086957,0.026550944444444446,0.0,10.3895,True,True,False,False,0.0,0.0,188.5888239194647,189.46289710048828,0.0,-378.3074834729841,-0.2557624530311102
2025-02-08T13:30:00Z,2025-02-08T13:45:00Z,2025-02-08,2025-02-08_15,0.0,100,100,0,189.7059376086957,189.4795010869566,0.0019374347826086958,0.42500000000000004,0.256,True,True,False,False,0.0,0.0,188.5888239194647,189.46289710048828,77.16892217734645,-18.518295255892458,436.70234794140697
2025-02-08T13:45:00Z,2025-02-08T14:00:00Z,2025-02-08,2025-02-08_15,0.0,100,100,0,189.4795010869566,184.50178369565225,0.01382699275362319,4.5795,0.0,True,True,False,False,0.0,0.0,188.5888239194647,189.46289710048828,880.1773786846707,0.0,1258.2290997046236
2025-02-08T14:00:00Z,2025-02-08T14:15:00Z,2025-02-08,2025-02-08_16,-24.999999999999886,100,75,0,184.50178369565225,189.72537130434787,0.017007701086956456,0.5515,0.05437499999999999,True,True,False,False,-737.4999999999966,0.0,188.5888239194647,142.09717282536621,107.11912592681897,-3.933329314606064,-303.62820664295276
2025-02-08T14:15:00Z,2025-02-08T14:30:00Z,2025-02-08,2025-02-08_16,-24.999999999999886,100,75,0,189.72537130434787,190.00000000000003,0.024487948067632808,5.2385,0.0,True,True,False,False,-737.4999999999966,0.0,188.5888239194647,142.09717282536621,1072.6035850061287,0.0,665.789581750963
2025-02-08T14:30:00Z,2025-02-08T14:45:00Z,2025-02-08,2025-02-08_16,-24.999999999999886,100,75,0,190.00000000000003,172.7729860869565,0.05170787198067639,21.983,0.0,True,True,False,False,-737.4999999999966,0.0,188.5888239194647,142.09717282536621,20143.97166696807,0.0,19737.157663712904
2025-02-08T14:45:00Z,2025-02-08T15:00:00Z,2025-02-08,2025-02-08_16,-24.999999999999886,100,75,0,172.7729860869565,152.4218173913043,0.05656680193236724,24.972,0.0,True,True,False,False,-737.4999999999966,0.0,188.5888239194647,142.09717282536621,30101.679426125746,0.0,29694.86542287058
2025-02-08T15:00:00Z,2025-02-08T15:15:00Z,2025-02-08,2025-02-08_17,0.0,100,100,0,152.4218173913043,135.12236086956517,0.04805404589371981,15.9155,0.0,True,True,False,False,0.0,0.0,188.5888239194647,189.46289710048828,7316.614420198123,0.0,7694.6661412180765
2025-02-08T15:15:00Z,2025-02-08T15:30:00Z,2025-02-08,2025-02-08_17,0.0,100,100,0,135.12236086956517,114.72779565217387,0.05665157004830919,18.763,0.0,True,True,False,False,0.0,0.0,188.5888239194647,189.46289710048828,9593.575775714831,0.0,9971.627496734784
2025-02-08T15:30:00Z,2025-02-08T15:45:00Z,2025-02-08,2025-02-08_17,0.0,100,100,0,114.72779565217387,91.72996956521735,0.0638828502415459,21.158,0.0,True,True,False,False,0.0,0.0,188.5888239194647,189.46289710048828,17845.908050314465,0.0,18223.95977133442
2025-02-08T15:45:00Z,2025-02-08T16:00:00Z,2025-02-08,2025-02-08_17,0.0,100,100,0,91.72996956521735,64.77942608695648,0.07486262077294686,24.7945,0.0,True,True,False,False,0.0,0.0,188.5888239194647,189.46289710048828,28991.753932927437,0.0,29369.80565394739
2025-02-08T16:00:00Z,2025-02-08T16:15:00Z,2025-02-08,2025-02-08_18,0.0,100,100,0,64.77942608695648,59.615839130434736,0.014343297101449274,4.7505,0.0,True,True,False,False,0.0,0.0,188.5888239194647,189.46289710048828,1810.428560491892,0.0,2188.480281511845
2025-02-08T16:15:00Z,2025-02-08T16:30:00Z,2025-02-08,2025-02-08_18,0.0,100,100,0,59.615839130434736,55.090295652173864,0.012570954106280192,4.1635,0.0,True,True,False,False,0.0,0.0,188.5888239194647,189.46289710048828,836.5684316916833,0.0,1214.6201527116361
2025-02-08T16:30:00Z,2025-02-08T16:45:00Z,2025-02-08,2025-02-08_18,0.0,100,100,0,55.090295652173864,53.03540434782604,0.0057080314009661836,1.8905,0.0,True,True,False,False,0.0,0.0,188.5888239194647,189.46289710048828,379.4812080294171,0.0,757.5329290493701
2025-02-08T16:45:00Z,2025-02-08T17:00:00Z,2025-02-08,2025-02-08_18,0.0,100,100,0,53.03540434782604,52.48190521739125,0.0017777198067632852,0.549,0.047,True,True,False,False,0.0,0.0,188.5888239194647,189.46289710048828,108.57496232443187,-3.399843269636506,483.22684007474834
2025-02-08T17:00:00Z,2025-02-08T17:15:00Z,2025-02-08,2025-02-08_19,3.853652961583336,96,100,0,52.48190521739125,51.27625402117752,0.0034743418395671065,0.16751999999999997,0.025499999999999995,True,True,False,False,154.6856298779551,0.0,181.0452709626861,189.46289710048828,31.49555748990294,-2.0173985773705465,554.6719568536619
2025-02-08T17:15:00Z,2025-02-08T17:30:00Z,2025-02-08,2025-02-08_19,3.853652961583336,96,100,0,51.27625402117752,50.213933276803296,0.0034767046456207363,0.10512,0.107,True,True,False,False,154.6856298779551,0.0,181.0452709626861,189.46289710048828,19.52175161854241,-8.029418289227802,536.6861312704441
2025-02-08T17:30:00Z,2025-02-08T17:45:00Z,2025-02-08,2025-02-08_19,3.853652961583336,96,100,0,50.213933276803296,47.020831928546954,0.008869725967378726,1.9742400000000004,0.0,True,True,False,False,154.6856298779551,0.0,181.0452709626861,189.46289710048828,395.61203766351207,0.0,920.8058356046415
2025-02-08T17:45:00Z,2025-02-08T18:00:00Z,2025-02-08,2025-02-08_19,3.853652961583336,96,100,0,47.020831928546954,46.37678222254828,0.004337011986899961,0.07103999999999999,0.5185,True,True,False,False,154.6856298779551,0.0,181.0452709626861,189.46289710048828,12.92606252335885,-37.50678160226656,500.61307886222176
2025-02-08T18:00:00Z,2025-02-08T18:15:00Z,2025-02-08,2025-02-08_20,0.0,100,100,0,46.37678222254828,43.15761439646132,0.009345910628019325,3.0285,0.079,True,True,False,False,0.0,0.0,188.5888239194647,189.46289710048828,608.4457134245584,-5.714630176623063,980.7828042678883
2025-02-08T18:15:00Z,2025-02-08T18:30:00Z,2025-02-08,2025-02-08_20,0.0,100,100,0,43.15761439646132,42.42989874428741,0.0020546545893719804,0.675,0.0065,True,True,False,False,0.0,0.0,188.5888239194647,189.46289710048828,133.97869069865573,-0.4701910904816444,511.56022062812707
2025-02-08T18:30:00Z,2025-02-08T18:45:00Z,2025-02-08,2025-02-08_20,0.0,100,100,0,42.42989874428741,42.07557004863523,0.0013496908212560386,0.3865,0.0715,True,True,False,False,0.0,0.0,188.5888239194647,189.46289710048828,75.57660467779854,-5.172101995298089,448.4562237024534
2025-02-08T18:45:00Z,2025-02-08T19:00:00Z,2025-02-08,2025-02-08_20,0.0,100,100,0,42.07557004863523,42.660913526896096,0.0019007125603864735,0.0455,0.69,True,True,False,False,0.0,0.0,188.5888239194647,189.46289710048828,8.07914591998714,-49.91259268189764,336.21827425804247
2025-02-08T19:00:00Z,2025-02-08T19:15:00Z,2025-02-08,2025-02-08_21,0.0,100,100,0,42.660913526896096,35.58265265733088,0.019661835748792267,6.512,0.0,True,True,False,False,0.0,0.0,188.5888239194647,189.46289710048828,1489.2482231197378,0.0,1867.2999441396908
2025-02-08T19:15:00Z,2025-02-08T19:30:00Z,2025-02-08,2025-02-08_21,0.0,100,100,0,35.58265265733088,35.93004657037436,0.002758461352657005,0.297,0.7285,True,True,False,False,0.0,0.0,188.5888239194647,189.46289710048828,58.24463198505033,-52.697570679365846,383.59878232563744
2025-02-08T19:30:00Z,2025-02-08T19:45:00Z,2025-02-08,2025-02-08_21,0.0,100,100,0,35.93004657037436,36.309340483417834,0.0011109613526570049,0.0095,0.4235,True,True,False,False,0.0,0.0,188.5888239194647,189.46289710048828,1.6034721803604797,-30.63475797215022,349.02043522816325
2025-02-08T19:45:00Z,2025-02-08T20:00:00Z,2025-02-08,2025-02-08_21,0.0,100,100,0,36.309340483417834,40.84264048341784,0.012592500000000001,0.0,4.9275,True,True,False,False,0.0,0.0,188.5888239194647,189.46289710048828,0.0,-238.6075562119477,139.44416480800527
2025-02-08T20:00:00Z,2025-02-08T20:15:00Z,2025-02-08,2025-02-08_22,0.0,100,100,0,40.84264048341784,42.70962743993958,0.0054578140096618365,0.045,2.0825,True,True,False,False,0.0,0.0,188.5888239194647,189.46289710048828,8.889324251009706,-122.72384612293287,264.2171991480298
2025-02-08T20:15:00Z,2025-02-08T20:30:00Z,2025-02-08,2025-02-08_22,0.0,100,100,0,42.70962743993958,45.317118744287406,0.00728530193236715,0.007000000000000001,2.8425,True,True,False,False,0.0,0.0,188.5888239194647,189.46289710048828,1.1815058171077222,-147.50362891072396,231.72959792633674
2025-02-08T20:30:00Z,2025-02-08T20:45:00Z,2025-02-08,2025-02-08_22,0.0,100,100,0,45.317118744287406,45.317118744287406,0.0,0.0,0.0,True,True,False,False,0.0,0.0,188.5888239194647,189.46289710048828,0.0,0.0,378.051721019953
2025-02-08T20:45:00Z,2025-02-08T21:00:00Z,2025-02-08,2025-02-08_22,0.0,100,100,0,45.317118744287406,59.214638744287406,0.03860422222222222,0.0,15.106,True,True,False,False,0.0,0.0,188.5888239194647,189.46289710048828,0.0,8749.244525488777,9127.29624650873
2025-02-08T21:00:00Z,2025-02-08T21:15:00Z,2025-02-08,2025-02-08_23,85.82811831510573,14,100,0,59.214638744287406,41.326284527704615,0.05339197772985081,0.0,5.111,True,True,False,False,3063.6346832576987,0.0,26.40243534872506,189.46289710048828,0.0,653.4813048807441,3932.9813205876562
2025-02-08T21:15:00Z,2025-02-08T21:30:00Z,2025-02-08,2025-02-08_23,85.82811831510573,14,100,0,41.326284527704615,26.967008543644127,0.045993069155466144,0.0,8.43,True,True,False,False,3063.6346832576987,0.0,26.40243534872506,189.46289710048828,0.0,-358.52442582434145,2920.9755898825706
2025-02-08T21:30:00Z,2025-02-08T21:45:00Z,2025-02-08,2025-02-08_23,85.82811831510573,14,100,0,26.967008543644127,9.99999999999914,0.051460325340666024,0.0,5.9775,True,True,False,False,3063.6346832576987,0.0,26.40243534872506,189.46289710048828,0.0,-287.3180435830972,2992.181972123815
2025-02-08T21:45:00Z,2025-02-08T22:00:00Z,2025-02-08,2025-02-08_23,85.82811831510573,14,100,0,9.99999999999914,9.999999999999332,0.015888049317328824,0.0,21.9345,True,True,False,False,3063.6346832576987,0.0,26.40243534872506,189.46289710048828,0.0,19711.789014708538,22991.28903041545
2025-02-08T22:00:00Z,2025-02-08T22:15:00Z,2025-02-09,2025-02-08_24,3.7462604802522534e-14,100,100,0,9.999999999999332,14.737332173912366,0.013183410628019343,0.004,5.154,True,True,False,False,1.2564021085645996e-12,0.0,188.5888239194647,189.46289710048828,0.40388209054192536,771.2627994454156,1149.7184025559118
2025-02-08T22:15:00Z,2025-02-08T22:30:00Z,2025-02-09,2025-02-08_24,3.7462604802522534e-14,100,100,0,14.737332173912366,16.298572173912355,0.004336777777777802,0.0,1.6969999999999998,True,True,False,False,1.2564021085645996e-12,0.0,188.5888239194647,189.46289710048828,0.0,-116.91490144071372,261.1368195792405
2025-02-08T22:30:00Z,2025-02-08T22:45:00Z,2025-02-09,2025-02-08_24,3.7462604802522534e-14,100,100,0,16.298572173912355,23.706412173912344,0.020577333333333343,0.0,8.052,True,True,False,False,1.2564021085645996e-12,0.0,188.5888239194647,189.46289710048828,0.0,-378.6302248477907,-0.5785038278364935
2025-02-08T22:45:00Z,2025-02-08T23:00:00Z,2025-02-09,2025-02-08_24,3.7462604802522534e-14,100,100,0,23.706412173912344,38.757612173912335,0.04180888888888888,0.0,16.36,True,True,False,False,1.2564021085645996e-12,0.0,188.5888239194647,189.46289710048828,0.0,-414.91881769043744,-36.867096670483214
2025-02-08T23:00:00Z,2025-02-08T23:15:00Z,2025-02-09,2025-02-09_1,0.0,100,100,0,38.757612173912335,38.04141999999929,0.008125311594202898,1.675,1.2005,True,True,False,False,0.0,0.0,188.5888239194647,189.46289710048828,334.19122611368977,-66.55710752104807,645.6858396125947
2025-02-08T23:15:00Z,2025-02-08T23:30:00Z,2025-02-09,2025-02-09_1,0.0,100,100,0,38.04141999999929,37.61153391304277,0.0012937946859903381,0.412,0.0195,True,True,False,False,0.0,0.0,188.5888239194647,189.46289710048828,74.07646914622138,-1.4105732714449335,450.7176168947294
2025-02-08T23:30:00Z,2025-02-08T23:45:00Z,2025-02-09,2025-02-09_1,0.0,100,100,0,37.61153391304277,39.5613956521732,0.00551893961352657,0.017,2.1395,True,True,False,False,0.0,0.0,188.5888239194647,189.46289710048828,2.218338256274238,-154.76520585930436,225.50485341692286
2025-02-08T23:45:00Z,2025-02-09T00:00:00Z,2025-02-09,2025-02-09_1,0.0,100,100,0,39.5613956521732,44.4038156521732,0.013451166666666665,0.0,5.2635,True,True,False,False,0.0,0.0,188.5888239194647,189.46289710048828,0.0,-281.9933847730423,96.05833624691067
2025-02-09T00:00:00Z,2025-02-09T00:15:00Z,2025-02-09,2025-02-09_2,0.0,100,100,0,44.4038156521732,43.96748782608624,0.0044371328502415455,0.9355,0.631,True,True,False,False,0.0,0.0,188.5888239194647,189.46289710048828,186.90337713746055,-45.64470432214118,519.3103938352723
2025-02-09T00:15:00Z,2025-02-09T00:30:00Z,2025-02-09,2025-02-09_2,0.0,100,100,0,43.96748782608624,42.96515391304276,0.0029222608695652174,0.9450000000000001,0.027,True,True,False,False,0.0,0.0,188.5888239194647,189.46289710048828,188.91664054493944,-1.9531014527699078,565.0152601121225
2025-02-09T00:30:00Z,2025-02-09T00:45:00Z,2025-02-09,2025-02-09_2,0.0,100,100,0,42.96515391304276,40.633758260868845,0.006488876811594203,2.147,0.0025,True,True,False,False,0.0,0.0,188.5888239194647,189.46289710048828,431.03806518375626,-0.1808427271083248,808.9089434766009
2025-02-09T00:45:00Z,2025-02-09T01:00:00Z,2025-02-09,2025-02-09_2,0.0,100,100,0,40.633758260868845,40.55053652173841,0.0004995048309178743,0.121,0.0525,True,True,False,False,0.0,0.0,188.5888239194647,189.46289710048828,21.60528462635883,-4.064137380191693,395.5928682661201
2025-02-09T01:00:00Z,2025-02-09T01:15:00Z,2025-02-09,2025-02-09_3,0.0,100,100,0,40.55053652173841,36.16955826086884,0.012169384057971014,4.0305,0.0,True,True,False,False,0.0,0.0,188.5888239194647,189.46289710048828,809.7347145698956,0.0,1187.7864355898485
2025-02-09T01:15:00Z,2025-02-09T01:30:00Z,2025-02-09,2025-02-09_3,0.0,100,100,0,36.16955826086884,35.50459304347754,0.0018726811594202896,0.616,0.005,True,True,False,False,0.0,0.0,188.5888239194647,189.46289710048828,121.50846625273775,-0.40086804509012,499.1593192276006
2025-02-09T01:30:00Z,2025-02-09T01:45:00Z,2025-02-09,2025-02-09_3,0.0,100,100,0,35.50459304347754,30.227461739129716,0.014674031400966183,4.8575,0.003,True,True,False,False,0.0,0.0,188.5888239194647,189.46289710048828,985.4311386059035,-0.240520827054072,1363.2423387988024
2025-02-09T01:45:00Z,2025-02-09T02:00:00Z,2025-02-09,2025-02-09_3,0.0,100,100,0,30.227461739129716,29.602143478260153,0.00364343961352657,0.8909999999999999,0.373,True,True,False,False,0.0,0.0,188.5888239194647,189.46289710048828,178.56845258906503,-26.98173488456206,529.6384387244559
2025-02-09T02:00:00Z,2025-02-09T02:15:00Z,2025-02-09,2025-02-09_4,0.0,100,100,0,29.602143478260153,26.2113608695645,0.009802173913043477,3.183,0.075,True,True,False,False,0.0,0.0,188.5888239194647,196.78702754837542,652.3400747483272,-3.653023087588161,1034.0629031285791
2025-02-09T02:15:00Z,2025-02-09T02:30:00Z,2025-02-09,2025-02-09_4,0.0,100,100,0,26.2113608695645,22.29994782608624,0.010865036231884059,3.5985000000000005,0.0,True,True,False,False,0.0,0.0,188.5888239194647,196.78702754837542,723.0268427873893,0.0,1108.4026942552296
2025-02-09T02:30:00Z,2025-02-09T02:45:00Z,2025-02-09,2025-02-09_4,0.0,100,100,0,22.29994782608624,21.014078260868846,0.003571859903381642,1.183,0.0,True,True,False,False,0.0,0.0,188.5888239194647,196.78702754837542,236.54199931681637,0.0,621.9178507846565
2025-02-09T02:45:00Z,2025-02-09T03:00:00Z,2025-02-09,2025-02-09_4,0.0,100,100,0,21.014078260868846,20.787376521738413,0.0008648381642512076,0.24749999999999997,0.046,True,True,False,False,0.0,0.0,188.5888239194647,196.78702754837542,47.65629483392609,-3.648601281973998,429.3835450197922
2025-02-09T03:00:00Z,2025-02-09T03:15:00Z,2025-02-09,2025-02-09_5,-39.66153961576982,100,60,0,20.787376521738413,24.656036810513932,0.029510956779134026,5.15,0.0036,True,True,False,False,-1158.2161106295182,0.0,188.5888239194647,118.07221652902525,1044.0125283822613,-0.2886249924648864,192.16883320876815
2025-02-09T03:15:00Z,2025-02-09T03:30:00Z,2025-02-09,2025-02-09_5,-39.66153961576982,100,60,0,24.656036810513932,25.66076406656296,0.03176685144829987,7.9525,0.0,True,True,False,False,-1158.2161106295182,0.0,188.5888239194647,118.07221652902525,1629.643295758233,0.0,778.0882255772049
2025-02-09T03:30:00Z,2025-02-09T03:45:00Z,2025-02-09,2025-02-09_5,-39.66153961576982,100,60,0,25.66076406656296,31.28739749074243,0.028107137385148057,3.4244999999999997,0.0,True,True,False,False,-1158.2161106295182,0.0,188.5888239194647,118.07221652902525,687.8437199348965,0.0,-163.71135024613176
2025-02-09T03:45:00Z,2025-02-09T04:00:00Z,2025-02-09,2025-02-09_5,-39.66153961576982,100,60,0,31.28739749074243,39.622222599999745,0.026007073595222273,0.7835,0.0135,True,True,False,False,-1158.2161106295182,0.0,188.5888239194647,118.07221652902525,156.7971365563526,-0.9402013382361806,-695.6981349629118
2025-02-09T04:00:00Z,2025-02-09T04:15:00Z,2025-02-09,2025-02-09_6,0.0,100,100,0,39.622222599999745,39.36379999130409,0.001142062801932367,0.308,0.083,True,True,False,False,0.0,0.0,189.01079028271747,196.78702754837542,61.12104567283541,-5.709099805091728,441.2097636988366
2025-02-09T04:15:00Z,2025-02-09T04:30:00Z,2025-02-09,2025-02-09_6,0.0,100,100,0,39.36379999130409,34.53064781739105,0.013425422705314011,4.4465,0.0,True,True,False,False,0.0,0.0,189.01079028271747,196.78702754837542,893.4403100448089,0.0,1279.238127875902
2025-02-09T04:30:00Z,2025-02-09T04:45:00Z,2025-02-09,2025-02-09_6,0.0,100,100,0,34.53064781739105,34.29469999130409,0.0007576328502415461,0.234,0.02,True,True,False,False,0.0,0.0,189.01079028271747,196.78702754837542,43.36186870818012,-1.4065545441758596,427.75313199509714
2025-02-09T04:45:00Z,2025-02-09T05:00:00Z,2025-02-09,2025-02-09_6,0.0,100,100,0,34.29469999130409,30.48755303478235,0.010611185990338164,3.5085000000000006,0.007000000000000001,True,True,False,False,0.0,0.0,189.01079028271747,196.78702754837542,712.3995608535778,-0.4717991841983644,1097.7255795004723
2025-02-09T05:00:00Z,2025-02-09T05:15:00Z,2025-02-09,2025-02-09_7,0.0,100,100,0,30.48755303478235,29.301601730434527,0.003330086956521739,1.097,0.007000000000000001,True,True,False,False,0.0,0.0,188.5888239194647,196.78702754837542,219.07200434022542,-0.4905865332449214,603.9572692748206
2025-02-09T05:15:00Z,2025-02-09T05:30:00Z,2025-02-09,2025-02-09_7,0.0,100,100,0,29.301601730434527,28.898008686956263,0.001164536231884058,0.3785,0.0085,True,True,False,False,0.0,0.0,188.5888239194647,196.78702754837542,73.85377911065567,-0.5977856812747404,458.631844897221
2025-02-09T05:30:00Z,2025-02-09T05:45:00Z,2025-02-09,2025-02-09_7,0.0,100,100,0,28.898008686956263,27.62681303478235,0.0035310990338164247,1.1695,0.0,True,True,False,False,0.0,0.0,188.5888239194647,196.78702754837542,233.57006691180902,0.0,618.9459183796491
2025-02-09T05:45:00Z,2025-02-09T06:00:00Z,2025-02-09,2025-02-09_7,0.0,100,100,0,27.62681303478235,26.15779129565192,0.0040806159420289844,1.3515,0.0,True,True,False,False,0.0,0.0,188.5888239194647,196.78702754837542,270.6937699680511,0.0,656.0696214358911
2025-02-09T06:00:00Z,2025-02-09T06:15:00Z,2025-02-09,2025-02-09_8,0.0,100,100,0,26.15779129565192,18.741486947825834,0.020600845410628017,6.8229999999999995,0.0,True,True,False,False,0.0,0.0,188.5888239194647,196.78702754837542,1399.321662547471,0.0,1784.6975140153113
2025-02-09T06:15:00Z,2025-02-09T06:30:00Z,2025-02-09,2025-02-09_8,0.0,100,100,0,18.741486947825834,18.069330426086704,0.0018798792270531403,0.6205,0.0025,True,True,False,False,0.0,0.0,188.5888239194647,196.78702754837542,122.190510277895,-0.17581931802198245,507.3905424277131
2025-02-09T06:30:00Z,2025-02-09T06:45:00Z,2025-02-09,2025-02-09_8,0.0,100,100,0,18.069330426086704,18.16510781739105,0.0005287294685990338,0.0435,0.1555,True,True,False,False,0.0,0.0,188.5888239194647,196.78702754837542,7.384414973777805,-9.289786906986556,383.47047953463135
2025-02-09T06:45:00Z,2025-02-09T07:00:00Z,2025-02-09,2025-02-09_8,0.0,100,100,0,18.16510781739105,18.398079121738878,0.000689413043478261,0.007000000000000001,0.2615,True,True,False,False,0.0,0.0,188.5888239194647,196.78702754837542,1.1815058171077222,-14.255420258404163,372.30193702654367
2025-02-09T07:00:00Z,2025-02-09T07:15:00Z,2025-02-09,2025-02-09_9,26.999999999999666,73,100,0,18.398079121738878,11.54600441739114,0.021415855289854832,0.120815,0.6385,True,True,False,False,923.1974999999886,0.0,137.66984146120922,196.78702754837542,23.202320836096213,-25.215021500190886,1255.6416683454786
2025-02-09T07:15:00Z,2025-02-09T07:30:00Z,2025-02-09,2025-02-09_9,26.999999999999666,73,100,0,11.54600441739114,9.999999999999924,0.026682988937197925,0.0,6.0005,True,True,False,False,923.1974999999886,0.0,137.66984146120922,196.78702754837542,0.0,-225.13419756063254,1032.5201714489408
2025-02-09T07:30:00Z,2025-02-09T07:45:00Z,2025-02-09,2025-02-09_9,26.999999999999666,73,100,0,9.999999999999924,12.290664208695663,0.03085860830917868,0.0,9.976,True,True,False,False,923.1974999999886,0.0,137.66984146120922,196.78702754837542,0.0,-281.45561998914945,976.1987490204237
2025-02-09T07:45:00Z,2025-02-09T08:00:00Z,2025-02-09,2025-02-09_9,26.999999999999666,73,100,0,12.290664208695663,10.420393495652272,0.026330075314009514,0.0,5.6645,True,True,False,False,923.1974999999886,0.0,137.66984146120922,196.78702754837542,0.0,-172.57221873932525,1085.082150270248
2025-02-09T08:00:00Z,2025-02-09T08:15:00Z,2025-02-09,2025-02-09_10,0.9999999999998903,99,100,0,10.420393495652272,10.075759982608824,0.002288095314009581,0.29007,0.263,True,True,False,False,30.502499999996655,0.0,186.70293568027003,196.78702754837542,53.965131749954786,-11.642243253561597,456.31535172503527
2025-02-09T08:15:00Z,2025-02-09T08:30:00Z,2025-02-09,2025-02-09_10,0.9999999999998903,99,100,0,10.075759982608824,10.116527121739288,0.0017235379468598226,0.020295,0.363,True,True,False,False,30.502499999996655,0.0,186.70293568027003,196.78702754837542,1.2234010488878173,-18.21287419374284,397.0029900837871
2025-02-09T08:30:00Z,2025-02-09T08:45:00Z,2025-02-09,2025-02-09_10,0.9999999999998903,99,100,0,10.116527121739288,11.951724617391493,0.006469389178743893,0.0,2.286,True,True,False,False,30.502499999996655,0.0,186.70293568027003,196.78702754837542,0.0,-89.09139188618965,324.90107134245244
2025-02-09T08:45:00Z,2025-02-09T09:00:00Z,2025-02-09,2025-02-09_10,0.9999999999998903,99,100,0,11.951724617391493,22.513289556521958,0.03013755961352656,0.0,11.754,True,True,False,False,30.502499999996655,0.0,186.70293568027003,196.78702754837542,0.0,-45.00893724757369,368.9835259810684
2025-02-09T09:00:00Z,2025-02-09T09:15:00Z,2025-02-09,2025-02-09_11,35.000000000000036,65,100,0,22.513289556521958,14.36766303478282,0.02726954589371983,0.0019500000000000001,1.3975,True,True,False,False,992.6000000000009,0.0,122.58273554765205,196.78702754837542,0.11754777262041112,-58.785027226877254,1253.3022836417715
2025-02-09T09:15:00Z,2025-02-09T09:30:00Z,2025-02-09,2025-02-09_11,35.000000000000036,65,100,0,14.36766303478282,10.279279034782814,0.029768377777777792,0.0,5.542,True,True,False,False,992.6000000000009,0.0,122.58273554765205,196.78702754837542,0.0,-51.84203749472542,1260.127725601303
2025-02-09T09:30:00Z,2025-02-09T09:45:00Z,2025-02-09,2025-02-09_11,35.000000000000036,65,100,0,10.279279034782814,13.361843556521936,0.034197642995169086,0.0,12.870999999999999,True,True,False,False,992.6000000000009,0.0,122.58273554765205,196.78702754837542,0.0,-126.57892840637368,1185.3908346896546
2025-02-09T09:45:00Z,2025-02-09T10:00:00Z,2025-02-09,2025-02-09_11,35.000000000000036,65,100,0,13.361843556521936,19.860613121739327,0.03630772342995169,0.0,16.3625,True,True,False,False,992.6000000000009,0.0,122.58273554765205,196.78702754837542,0.0,-0.3287821247011072,1311.6409809713273
2025-02-09T10:00:00Z,2025-02-09T10:15:00Z,2025-02-09,2025-02-09_12,7.764498572306417,92,100,0,19.860613121739327,26.96837279849713,0.026833101663292988,0.0,9.88,True,True,False,False,212.61138215618047,0.0,173.5017180059075,196.78702754837542,0.0,-157.12271183716118,425.7774158733022
2025-02-09T10:15:00Z,2025-02-09T10:30:00Z,2025-02-09,2025-02-09_12,7.764498572306417,92,100,0,26.96837279849713,45.55531337058765,0.05295073033187069,0.0,22.184,True,True,False,False,212.61138215618047,0.0,173.5017180059075,196.78702754837542,0.0,10609.570324110355,11192.470451820818
2025-02-09T10:30:00Z,2025-02-09T10:45:00Z,2025-02-09,2025-02-09_12,7.764498572306417,92,100,0,45.55531337058765,48.75628907471819,0.01794431996224705,0.0,5.6925,True,True,False,False,212.61138215618047,0.0,173.5017180059075,196.78702754837542,0.0,3097.7485321598647,3680.648659870328
2025-02-09T10:45:00Z,2025-02-09T11:00:00Z,2025-02-09,2025-02-09_12,7.764498572306417,92,100,0,48.75628907471819,58.272960086956246,0.03231389792648118,0.0,12.462,True,True,False,False,212.61138215618047,0.0,173.5017180059075,196.78702754837542,0.0,2537.731160407499,3120.6312881179624
2025-02-09T11:00:00Z,2025-02-09T11:15:00Z,2025-02-09,2025-02-09_13,0.0,100,100,0,58.272960086956246,79.40352008695625,0.058696,0.0,22.968,True,True,False,False,0.0,0.0,188.5888239194647,196.78702754837542,0.0,15404.6205702574,15789.99642172524
2025-02-09T11:15:00Z,2025-02-09T11:30:00Z,2025-02-09,2025-02-09_13,0.0,100,100,0,79.40352008695625,99.73920008695625,0.056488,0.0,22.104,True,True,False,False,0.0,0.0,188.5888239194647,196.78702754837542,0.0,12803.61108686479,13188.98693833263
2025-02-09T11:30:00Z,2025-02-09T11:45:00Z,2025-02-09,2025-02-09_13,0.0,100,100,0,99.73920008695625,119.67468008695624,0.05537633333333334,0.0,21.669,True,True,False,False,0.0,0.0,188.5888239194647,196.78702754837542,0.0,14771.864454156368,15157.240305624207
2025-02-09T11:45:00Z,2025-02-09T12:00:00Z,2025-02-09,2025-02-09_13,0.0,100,100,0,119.67468008695624,137.51026008695624,0.04954327777777779,0.0,19.3865,True,True,False,False,0.0,0.0,188.5888239194647,196.78702754837542,0.0,6037.223405971829,6422.59925743967
2025-02-09T12:00:00Z,2025-02-09T12:15:00Z,2025-02-09,2025-02-09_14,0.0,100,100,0,137.51026008695624,160.03048008695623,0.06255616666666668,0.0,24.4785,True,True,False,False,0.0,0.0,188.5888239194647,196.78702754837542,0.0,21771.27637078787,22156.65222225571
2025-02-09T12:15:00Z,2025-02-09T12:30:00Z,2025-02-09,2025-02-09_14,0.0,100,100,0,160.03048008695623,179.92042008695623,0.05524983333333333,0.0,21.6195,True,True,False,False,0.0,0.0,188.5888239194647,196.78702754837542,0.0,13285.811999216348,13671.187850684188
2025-02-09T12:30:00Z,2025-02-09T12:45:00Z,2025-02-09,2025-02-09_14,0.0,100,100,0,179.92042008695623,185.9107939999997,0.01669729468599034,0.0095,6.522500000000001,True,True,False,False,0.0,0.0,188.5888239194647,196.78702754837542,0.5726686358430285,-87.62065977454942,298.3278603291337
2025-02-09T12:45:00Z,2025-02-09T13:00:00Z,2025-02-09,2025-02-09_14,0.0,100,100,0,185.9107939999997,186.31029399999971,0.0013180555555555556,0.0345,0.475,True,True,False,False,0.0,0.0,188.5888239194647,196.78702754837542,2.079691361745735,-20.44932887254606,367.0062139570398
2025-02-09T13:00:00Z,2025-02-09T13:15:00Z,2025-02-09,2025-02-09_15,-2.0000000000028564,100,98,0,186.31029399999971,189.94618000000037,0.01009968333333516,0.0,3.45205,True,True,False,False,-54.95000000007848,0.0,188.5888239194647,192.85128699740793,0.0,-132.7215317378986,193.76857917889552
2025-02-09T13:15:00Z,2025-02-09T13:30:00Z,2025-02-09,2025-02-09_15,-2.0000000000028564,100,98,0,189.94618000000037,185.74410433043585,0.014076239082126735,4.351,0.05733,True,True,False,False,-54.95000000007848,0.0,188.5888239194647,192.85128699740793,872.2632869170334,-3.527775809271203,1195.2256220245563
2025-02-09T13:30:00Z,2025-02-09T13:45:00Z,2025-02-09,2025-02-09_15,-2.0000000000028564,100,98,0,185.74410433043585,170.86116568695832,0.04244968734299474,14.158999999999999,0.0,True,True,False,False,-54.95000000007848,0.0,188.5888239194647,192.85128699740793,10591.223333936141,0.0,10917.713444852936
2025-02-09T13:45:00Z,2025-02-09T14:00:00Z,2025-02-09,2025-02-09_15,-2.0000000000028564,100,98,0,170.86116568695832,151.04830972174167,0.05567884212560271,18.7085,0.0,True,True,False,False,-54.95000000007848,0.0,188.5888239194647,192.85128699740793,21481.449532822957,0.0,21807.93964373975
2025-02-09T14:00:00Z,2025-02-09T14:15:00Z,2025-02-09,2025-02-09_16,-98.86197625292958,100,1,0,151.04830972174167,172.99032835567834,0.06100990796164162,0.8710000000000001,0.007325000000000001,True,True,False,False,-2975.7454852131805,0.0,188.5888239194647,1.8946289710048827,174.07836417706514,-0.5298691904273917,-2611.713537336073
2025-02-09T14:15:00Z,2025-02-09T14:30:00Z,2025-02-09,2025-02-09_16,-98.86197625292958,100,1,0,172.99032835567834,185.2820729887281,0.03492244983153484,11.3315,0.0,True,True,False,False,-2975.7454852131805,0.0,188.5888239194647,1.8946289710048827,11026.35757550184,0.0,8241.095543179128
2025-02-09T14:30:00Z,2025-02-09T14:45:00Z,2025-02-09,2025-02-09_16,-98.86197625292958,100,1,0,185.2820729887281,187.27757741744674,0.007089295774767012,22.5,0.0,True,True,False,False,-2975.7454852131805,0.0,188.5888239194647,1.8946289710048827,27121.887998071008,0.0,24336.6259657483
2025-02-09T14:45:00Z,2025-02-09T15:00:00Z,2025-02-09,2025-02-09_16,-98.86197625292958,100,1,0,187.27757741744674,190.00000000000117,0.009054326170412033,21.7115,0.0,True,True,False,False,-2975.7454852131805,0.0,188.5888239194647,1.8946289710048827,22658.029261257456,0.0,19872.767228934747
2025-02-09T15:00:00Z,2025-02-09T15:15:00Z,2025-02-09,2025-02-09_17,-18.999999999997737,100,81,0,190.00000000000117,189.80769241739193,0.02061336661835659,4.3235,0.0,True,True,False,False,-727.6049999999134,0.0,188.5888239194647,153.4649466513955,1447.9880788474288,0.0,1062.4368494183757
2025-02-09T15:15:00Z,2025-02-09T15:30:00Z,2025-02-09,2025-02-09_17,-18.999999999997737,100,81,0,189.80769241739193,183.41640810434788,0.032127954202898386,10.198,0.0,True,True,False,False,-727.6049999999134,0.0,188.5888239194647,153.4649466513955,2839.839828400346,0.0,2454.2885989712927
2025-02-09T15:30:00Z,2025-02-09T15:45:00Z,2025-02-09,2025-02-09_17,-18.999999999997737,100,81,0,183.41640810434788,162.58265293912987,0.05895481657004987,23.8845,0.0,True,True,False,False,-727.6049999999134,0.0,188.5888239194647,153.4649466513955,27685.047213816382,0.0,27299.49598438733
2025-02-09T15:45:00Z,2025-02-09T16:00:00Z,2025-02-09,2025-02-09_17,-18.999999999997737,100,81,0,162.58265293912987,141.2281394086945,0.05992212425120935,24.378,0.0,True,True,False,False,-727.6049999999134,0.0,188.5888239194647,153.4649466513955,28823.498544818856,0.0,28437.947315389803
2025-02-09T16:00:00Z,2025-02-09T16:15:00Z,2025-02-09,2025-02-09_18,0.0,100,100,0,141.2281394086945,138.34435593043364,0.010325842995169083,3.0365,0.453,True,True,False,False,0.0,0.0,188.5888239194647,189.46289710048828,695.8025012558523,-32.76870215202845,1041.0855201237769
2025-02-09T16:15:00Z,2025-02-09T16:30:00Z,2025-02-09,2025-02-09_18,0.0,100,100,0,138.34435593043364,130.45305158260754,0.02192028985507246,7.26,0.0,True,True,False,False,0.0,0.0,188.5888239194647,189.46289710048828,1672.2580746277654,0.0,2050.309795647718
2025-02-09T16:30:00Z,2025-02-09T16:45:00Z,2025-02-09,2025-02-09_18,0.0,100,100,0,130.45305158260754,123.02805158260755,0.020625,6.831000000000001,0.0,True,True,False,False,0.0,0.0,188.5888239194647,189.46289710048828,1390.9410482850083,0.0,1768.9927693049613
2025-02-09T16:45:00Z,2025-02-09T17:00:00Z,2025-02-09,2025-02-09_18,0.0,100,100,0,123.02805158260755,121.51935593043363,0.004190821256038647,1.388,0.0,True,True,False,False,0.0,0.0,188.5888239194647,189.46289710048828,277.85575099965837,0.0,655.9074720196113
2025-02-09T17:00:00Z,2025-02-09T17:15:00Z,2025-02-09,2025-02-09_19,44.94566485769471,55,100,0,121.51935593043363,109.33197383301993,0.0340451835598438,0.038225,0.068,True,True,False,False,2009.6330399496746,0.0,103.72385315570558,189.46289710048828,6.610013211565898,-4.918922177346435,2304.510881240088
2025-02-09T17:15:00Z,2025-02-09T17:30:00Z,2025-02-09,2025-02-09_19,44.94566485769471,55,100,0,109.33197383301993,97.14051327614305,0.034042443172705106,0.0374,0.063,True,True,False,False,2009.6330399496746,0.0,103.72385315570558,189.46289710048828,6.778269978097936,-4.557236723129785,2305.0408234608367
2025-02-09T17:30:00Z,2025-02-09T17:45:00Z,2025-02-09,2025-02-09_19,44.94566485769471,55,100,0,97.14051327614305,84.9695653792027,0.034012195500056075,0.027225,0.0725,True,True,False,False,2009.6330399496746,0.0,103.72385315570558,189.46289710048828,4.612784917716558,-5.244439086141418,2302.1881360374437
2025-02-09T17:45:00Z,2025-02-09T18:00:00Z,2025-02-09,2025-02-09_19,44.94566485769471,55,100,0,84.9695653792027,72.78936521738972,0.03400835040928702,0.026125,0.062,True,True,False,False,2009.6330399496746,0.0,103.72385315570558,189.46289710048828,4.637984105933651,-4.484899632286455,2302.972874679516
2025-02-09T18:00:00Z,2025-02-09T18:15:00Z,2025-02-09,2025-02-09_20,0.0,100,100,0,72.78936521738972,72.79937999999842,0.00041429227053140096,0.064,0.0865,True,True,False,False,0.0,0.0,188.5888239194647,189.46289710048828,12.06432214117789,-6.257158357948037,383.85888480318283
2025-02-09T18:15:00Z,2025-02-09T18:30:00Z,2025-02-09,2025-02-09_20,0.0,100,100,0,72.79937999999842,72.98388782608538,0.0006272560386473431,0.019,0.22300000000000003,True,True,False,False,0.0,0.0,188.5888239194647,189.46289710048828,3.2069443607209593,-16.131171258062572,365.1274941226113
2025-02-09T18:30:00Z,2025-02-09T18:45:00Z,2025-02-09,2025-02-09_20,0.0,100,100,0,72.98388782608538,69.95299391304191,0.009231816425120772,2.923,0.159,True,True,False,False,0.0,0.0,188.5888239194647,189.46289710048828,586.9481732875198,-11.501597444089457,953.4982968633833
2025-02-09T18:45:00Z,2025-02-09T19:00:00Z,2025-02-09,2025-02-09_20,0.0,100,100,0,69.95299391304191,59.881798260867996,0.027975543478260867,9.2655,0.0,True,True,False,False,0.0,0.0,188.5888239194647,189.46289710048828,2211.8549023449273,0.0,2589.90662336488
2025-02-09T19:00:00Z,2025-02-09T19:15:00Z,2025-02-09,2025-02-09_21,0.0,100,100,0,59.881798260867996,40.711146086954955,0.0532518115942029,17.637,0.0,True,True,False,False,0.0,0.0,188.5888239194647,189.46289710048828,13027.692474531315,0.0,13405.744195551268
2025-02-09T19:15:00Z,2025-02-09T19:30:00Z,2025-02-09,2025-02-09_21,0.0,100,100,0,40.711146086954955,21.845385217389737,0.05240489130434783,17.3565,0.0,True,True,False,False,0.0,0.0,188.5888239194647,189.46289710048828,4543.6210986195665,0.0,4921.67281963952
2025-02-09T19:30:00Z,2025-02-09T19:45:00Z,2025-02-09,2025-02-09_21,0.0,100,100,0,21.845385217389737,14.510059130433216,0.020375905797101447,6.7485,0.0,True,True,False,False,0.0,0.0,188.5888239194647,189.46289710048828,1436.6059048164448,0.0,1814.6576258363978
2025-02-09T19:45:00Z,2025-02-09T20:00:00Z,2025-02-09,2025-02-09_21,0.0,100,100,0,14.510059130433216,13.372295652172346,0.0037175652173913045,1.139,0.109,True,True,False,False,0.0,0.0,188.5888239194647,189.46289710048828,224.84396005385094,-7.884742901922961,595.010938171881
2025-02-09T20:00:00Z,2025-02-09T20:15:00Z,2025-02-09,2025-02-09_22,-100.0,100,0,0,13.372295652172346,17.482395652172347,0.01141694444444445,20.5325,0.0,True,True,False,False,-3625.0,0.0,188.5888239194647,0.0,23975.570900898183,0.0,20539.159724817648
2025-02-09T20:15:00Z,2025-02-09T20:30:00Z,2025-02-09,2025-02-09_22,-100.0,100,0,0,17.482395652172347,22.809195652172345,0.014796666666666663,19.21,0.0,True,True,False,False,-3625.0,0.0,188.5888239194647,0.0,17901.6495026825,0.0,14465.238326601964
2025-02-09T20:30:00Z,2025-02-09T20:45:00Z,2025-02-09,2025-02-09_22,-100.0,100,0,0,22.809195652172345,32.470115652172346,0.026835888888888885,14.499,0.0,True,True,False,False,-3625.0,0.0,188.5888239194647,0.0,4574.7408415214895,0.0,1138.3296654409542
2025-02-09T20:45:00Z,2025-02-09T21:00:00Z,2025-02-09,2025-02-09_22,-100.0,100,0,0,32.470115652172346,55.15041565217234,0.06300083333333334,0.3475,0.0,True,True,False,False,-3625.0,0.0,188.5888239194647,0.0,65.25280105290655,0.0,-3371.1583750276286
2025-02-09T21:00:00Z,2025-02-09T21:15:00Z,2025-02-09,2025-02-09_23,0.0,100,100,0,55.15041565217234,31.91671999999843,0.06453804347826086,21.375,0.0,True,True,False,False,0.0,0.0,188.5888239194647,189.46289710048828,24913.452212309363,0.0,25291.503933329317
2025-02-09T21:15:00Z,2025-02-09T21:30:00Z,2025-02-09,2025-02-09_23,0.0,100,100,0,31.91671999999843,14.803133043476691,0.04753774154589372,15.7445,0.0,True,True,False,False,0.0,0.0,188.5888239194647,189.46289710048828,7713.125105792996,0.0,8091.176826812949
2025-02-09T21:30:00Z,2025-02-09T21:45:00Z,2025-02-09,2025-02-09_23,0.0,100,100,0,14.803133043476691,12.058567826085387,0.007623792270531401,2.525,0.0,True,True,False,False,0.0,0.0,188.5888239194647,189.46289710048828,506.20448289026865,0.0,884.2562039102216
2025-02-09T21:45:00Z,2025-02-09T22:00:00Z,2025-02-09,2025-02-09_23,0.0,100,100,0,12.058567826085387,9.99999999999843,0.005764243961352656,1.9015,0.009,True,True,False,False,0.0,0.0,188.5888239194647,189.46289710048828,381.44776980730205,-0.6510338175899693,758.848457009665
2025-02-09T22:00:00Z,2025-02-09T22:15:00Z,2025-02-10,2025-02-09_24,0.00677128319975958,0,100,0,9.99999999999843,9.999999999999998,1.0221530042252096e-05,0.0,0.002,True,True,False,False,0.21820460111225248,0.0,0.0,189.46289710048828,0.0,-0.16074909076295538,189.52035261083756
2025-02-09T22:15:00Z,2025-02-09T22:30:00Z,2025-02-10,2025-02-09_24,0.00677128319975958,0,100,0,9.999999999999998,14.010789284580254,0.011149520303080312,0.0,4.3615,True,True,False,False,0.21820460111225248,0.0,0.0,189.46289710048828,0.0,-234.45373962666025,-44.77263792505972
2025-02-09T22:30:00Z,2025-02-09T22:45:00Z,2025-02-10,2025-02-09_24,0.00677128319975958,0,100,0,14.010789284580254,23.357184133081624,0.025968275489279238,0.0,10.161,True,True,False,False,0.21820460111225248,0.0,0.0,189.46289710048828,0.0,-393.3281101935017,-203.64700849190115
2025-02-09T22:45:00Z,2025-02-09T23:00:00Z,2025-02-10,2025-02-09_24,0.00677128319975958,0,100,0,23.357184133081624,29.129335061273736,0.01604140870793898,0.0,6.276,True,True,False,False,0.21820460111225248,0.0,0.0,189.46289710048828,0.0,-355.6576550726385,-165.97655337103794
2025-02-09T23:00:00Z,2025-02-09T23:15:00Z,2025-02-10,2025-02-10_1,0.0,100,100,0,29.129335061273736,28.430144626491124,0.0038307512077294685,0.956,0.3695,True,True,False,False,0.0,0.0,188.5888239194647,189.46289710048828,180.3458548837583,-26.728555066610404,531.6690208371009
2025-02-09T23:15:00Z,2025-02-09T23:30:00Z,2025-02-10,2025-02-10_1,0.0,100,100,0,28.430144626491124,28.514628104751992,0.00043999033816425123,0.034,0.132,True,True,False,False,0.0,0.0,188.5888239194647,189.46289710048828,5.3239066047782675,-9.54849599131955,373.8271316334117
2025-02-09T23:30:00Z,2025-02-09T23:45:00Z,2025-02-10,2025-02-10_1,0.0,100,100,0,28.514628104751992,28.352341148230252,0.0005274637681159421,0.162,0.015,True,True,False,False,0.0,0.0,188.5888239194647,189.46289710048828,22.830584122008563,-1.0850563626499488,399.7972487793116
2025-02-09T23:45:00Z,2025-02-10T00:00:00Z,2025-02-10,2025-02-10_1,0.0,100,100,0,28.352341148230252,28.33730462649112,0.0003024347826086956,0.056999999999999995,0.05099999999999999,True,True,False,False,0.0,0.0,188.5888239194647,189.46289710048828,6.070493700645006,-3.689191633009825,380.43302308758814
2025-02-10T00:00:00Z,2025-02-10T00:15:00Z,2025-02-10,2025-02-10_2,-0.4736131704967218,100,99,0,28.33730462649112,15.752216025163893,0.03528084584633769,11.687,0.0,True,True,False,False,-13.604538322518334,0.0,188.5888239194647,187.56826812948339,3116.0824514236347,0.0,3478.6350051500644
2025-02-10T00:15:00Z,2025-02-10T00:30:00Z,2025-02-10,2025-02-10_2,-0.4736131704967218,100,99,0,15.752216025163893,13.322565502444341,0.00735054223773643,2.346,0.010395,True,True,False,False,-13.604538322518334,0.0,188.5888239194647,187.56826812948339,448.14318042076076,-0.7519440593164145,809.943790087874
2025-02-10T00:30:00Z,2025-02-10T00:45:00Z,2025-02-10,2025-02-10_2,-0.4736131704967218,100,99,0,13.322565502444341,13.43913962749127,0.0006393445084968408,0.0525,0.07028999999999999,True,True,False,False,-13.604538322518334,0.0,188.5888239194647,187.56826812948339,5.415231478690697,-5.084574115377659,362.88321108974276
2025-02-10T00:45:00Z,2025-02-10T01:00:00Z,2025-02-10,2025-02-10_2,-0.4736131704967218,100,99,0,13.43913962749127,13.66567999999879,0.0008125852616935833,0.0305,0.163845,True,True,False,False,-13.604538322518334,0.0,188.5888239194647,187.56826812948339,4.163197600819821,-11.85207064922539,354.8636806780242
2025-02-10T01:00:00Z,2025-02-10T01:15:00Z,2025-02-10,2025-02-10_3,-38.00000000000088,100,62,0,13.66567999999879,16.831358799999002,0.029201885555555848,5.451,0.00527,True,True,False,False,-1065.9000000000246,0.0,188.5888239194647,117.46699620230272,1094.6754126228223,-0.38121646874434867,334.45001627582064
2025-02-10T01:15:00Z,2025-02-10T01:30:00Z,2025-02-10,2025-02-10_3,-38.00000000000088,100,62,0,16.831358799999002,15.246670973912263,0.03336529951690828,10.0875,0.0,True,True,False,False,-1065.9000000000246,0.0,188.5888239194647,117.46699620230272,2037.5181144131654,0.0,1277.6739345349083
2025-02-10T01:30:00Z,2025-02-10T01:45:00Z,2025-02-10,2025-02-10_3,-38.00000000000088,100,62,0,15.246670973912263,18.878829130434212,0.028773567342995486,4.9905,0.0,True,True,False,False,-1065.9000000000246,0.0,188.5888239194647,117.46699620230272,1003.0226122731931,0.0,243.17843239493584
2025-02-10T01:45:00Z,2025-02-10T02:00:00Z,2025-02-10,2025-02-10_3,-38.00000000000088,100,62,0,18.878829130434212,26.59011330434746,0.025216610628019838,1.014,0.00992,True,True,False,False,-1065.9000000000246,0.0,188.5888239194647,117.46699620230272,184.334796551932,-0.7175839411658328,-576.2269672674911
2025-02-10T02:00:00Z,2025-02-10T02:15:00Z,2025-02-10,2025-02-10_4,-65.00000000000003,100,35,0,26.59011330434746,41.324646913043125,0.04140268997584543,0.22400000000000003,0.004025,True,True,False,False,-1759.0625000000007,0.0,188.5888239194647,66.31201398517089,35.96278658548838,-0.2911567906444029,-1468.490032300521
2025-02-10T02:15:00Z,2025-02-10T02:30:00Z,2025-02-10,2025-02-10_4,-65.00000000000003,100,35,0,41.324646913043125,54.19840830434748,0.040245351690821274,2.122,0.0,True,True,False,False,-1759.0625000000007,0.0,188.5888239194647,66.31201398517089,413.30413205537803,0.0,-1090.857530039987
2025-02-10T02:30:00Z,2025-02-10T02:45:00Z,2025-02-10,2025-02-10_4,-65.00000000000003,100,35,0,54.19840830434748,65.07958726086923,0.03901459734299518,4.1585,0.0,True,True,False,False,-1759.0625000000007,0.0,188.5888239194647,66.31201398517089,826.1683685976651,0.0,-677.9932934977
2025-02-10T02:45:00Z,2025-02-10T03:00:00Z,2025-02-10,2025-02-10_4,-65.00000000000003,100,35,0,65.07958726086923,77.31394152173881,0.039850410386473446,2.7755,0.0,True,True,False,False,-1759.0625000000007,0.0,188.5888239194647,66.31201398517089,544.6593193280688,0.0,-959.5023427672963
2025-02-10T03:00:00Z,2025-02-10T03:15:00Z,2025-02-10,2025-02-10_5,-100.0,100,0,0,77.31394152173881,95.94946152173881,0.05176533333333333,4.744,0.0,True,True,False,False,-2696.25,0.0,189.01079028271747,0.0,947.8858408182127,0.0,-1559.35336889907
2025-02-10T03:15:00Z,2025-02-10T03:30:00Z,2025-02-10,2025-02-10_5,-100.0,100,0,0,95.94946152173881,115.37480152173882,0.05395927777777779,3.8855,0.0,True,True,False,False,-2696.25,0.0,189.01079028271747,0.0,770.4012658990897,0.0,-1736.8379438181928
2025-02-10T03:30:00Z,2025-02-10T03:45:00Z,2025-02-10,2025-02-10_5,-100.0,100,0,0,115.37480152173882,130.44072152173882,0.04184977777777777,8.624,0.0,True,True,False,False,-2696.25,0.0,189.01079028271747,0.0,1728.8826539674887,0.0,-778.3565557497938
2025-02-10T03:45:00Z,2025-02-10T04:00:00Z,2025-02-10,2025-02-10_5,-100.0,100,0,0,130.44072152173882,137.0877215217388,0.01846388888888889,17.775,0.0,True,True,False,False,-2696.25,0.0,189.01079028271747,0.0,15259.898396527817,0.0,12752.659186810533
2025-02-10T04:00:00Z,2025-02-10T04:15:00Z,2025-02-10,2025-02-10_6,-98.88824989681912,100,1,0,137.0877215217388,159.08762016552026,0.06116504081052332,0.8075000000000001,0.0,True,True,False,False,-2889.5146619850543,0.0,189.01079028271747,1.8946289710048827,159.7804097092451,0.0,-2538.8288330220867
2025-02-10T04:15:00Z,2025-02-10T04:30:00Z,2025-02-10,2025-02-10_6,-98.88824989681912,100,1,0,159.08762016552026,181.3682240037194,0.06192433495525726,0.503,0.0,True,True,False,False,-2889.5146619850543,0.0,189.01079028271747,1.8946289710048827,97.80761066570217,0.0,-2600.8016320656297
2025-02-10T04:30:00Z,2025-02-10T04:45:00Z,2025-02-10,2025-02-10_6,-98.88824989681912,100,1,0,181.3682240037194,189.98789691359178,0.02497217324487124,15.322,6e-05,True,True,False,False,-2889.5146619850543,0.0,189.01079028271747,1.8946289710048827,15647.623672312979,-0.004340225450599795,12949.010089356196
2025-02-10T04:45:00Z,2025-02-10T05:00:00Z,2025-02-10,2025-02-10_6,-98.88824989681912,100,1,0,189.98789691359178,189.92869999999888,0.0014962408455350784,24.7365,0.0,True,True,False,False,-2889.5146619850543,0.0,189.01079028271747,1.8946289710048827,28424.990645005724,0.0,25726.381402274394
2025-02-10T05:00:00Z,2025-02-10T05:15:00Z,2025-02-10,2025-02-10_7,4.188184795931338e-14,100,100,0,189.92869999999888,186.40326086956412,0.010188997584541094,3.309,0.0775,True,True,False,False,1.6712951428164004e-12,0.0,189.46289710048828,189.46289710048828,708.2125697751522,-5.606124540358069,1081.5322394357725
2025-02-10T05:15:00Z,2025-02-10T05:30:00Z,2025-02-10,2025-02-10_7,4.188184795931338e-14,100,100,0,186.40326086956412,162.82228260869454,0.06550271739130438,21.6945,0.0,True,True,False,False,1.6712951428164004e-12,0.0,189.46289710048828,189.46289710048828,22582.297510398454,0.0,22961.223304599433
2025-02-10T05:30:00Z,2025-02-10T05:45:00Z,2025-02-10,2025-02-10_7,4.188184795931338e-14,100,100,0,162.82228260869454,137.90706521739017,0.06920893719806767,22.922,0.0,True,True,False,False,1.6712951428164004e-12,0.0,189.46289710048828,189.46289710048828,23330.991451363352,0.0,23709.91724556433
2025-02-10T05:45:00Z,2025-02-10T06:00:00Z,2025-02-10,2025-02-10_7,4.188184795931338e-14,100,100,0,137.90706521739017,128.13043478260755,0.027157306763285056,8.9945,0.0,True,True,False,False,1.6712951428164004e-12,0.0,189.46289710048828,189.46289710048828,2012.3230546345976,0.0,2391.2488488355757
2025-02-10T06:00:00Z,2025-02-10T06:15:00Z,2025-02-10,2025-02-10_8,66.78350524982318,33,100,0,128.13043478260755,109.18482665571267,0.052640271097005836,0.7416750000000001,0.008,True,True,False,False,2986.2244372458435,0.0,62.66200494303454,189.88486346374103,159.59820081077822,-0.5786967267466393,3397.7908097366508
2025-02-10T06:15:00Z,2025-02-10T06:30:00Z,2025-02-10,2025-02-10_8,66.78350524982318,33,100,0,109.18482665571267,89.62046653347811,0.054345444783984884,1.3033350000000001,0.0,True,True,False,False,2986.2244372458435,0.0,62.66200494303454,189.88486346374103,277.00353571643865,0.0,3515.774841369058
2025-02-10T06:30:00Z,2025-02-10T06:45:00Z,2025-02-10,2025-02-10_8,66.78350524982318,33,100,0,89.62046653347811,71.50324925020793,0.051903645415787486,0.85404,0.9295,True,True,False,False,2986.2244372458435,0.0,62.66200494303454,189.88486346374103,188.83109783591536,-67.18745825547049,3360.414945233064
2025-02-10T06:45:00Z,2025-02-10T07:00:00Z,2025-02-10,2025-02-10_8,66.78350524982318,33,100,0,71.50324925020793,59.43315217391194,0.0435310841065221,0.0,5.892,True,True,False,False,2986.2244372458435,0.0,62.66200494303454,189.88486346374103,0.0,-351.35935137741876,2887.4119542752005
2025-02-10T07:00:00Z,2025-02-10T07:15:00Z,2025-02-10,2025-02-10_9,100.0,0,100,0,59.43315217391194,39.280978260868466,0.05597826086956521,0.0,6.460000000000001,True,True,False,False,4534.0,0.0,0.0,198.05292663813367,0.0,1229.0978479715475,5961.150774609681
2025-02-10T07:15:00Z,2025-02-10T07:30:00Z,2025-02-10,2025-02-10_9,100.0,0,100,0,39.280978260868466,22.646739130433687,0.046206219806763274,0.0,9.6965,True,True,False,False,4534.0,0.0,0.0,198.05292663813367,0.0,508.1198246830229,5240.172751321156
2025-02-10T07:30:00Z,2025-02-10T07:45:00Z,2025-02-10,2025-02-10_9,100.0,0,100,0,22.646739130433687,10.326086956520644,0.03422403381642512,0.0,13.665,True,True,False,False,4534.0,0.0,0.0,198.05292663813367,0.0,-472.62552595093126,4259.427400687202
2025-02-10T07:45:00Z,2025-02-10T08:00:00Z,2025-02-10,2025-02-10_9,100.0,0,100,0,10.326086956520644,9.999999999998904,0.0009057971014492761,0.0,24.7,True,True,False,False,4534.0,0.0,0.0,198.05292663813367,0.0,13607.03132597906,18339.084252617195
2025-02-10T08:00:00Z,2025-02-10T08:15:00Z,2025-02-10,2025-02-10_10,0.0,0,0,0,9.999999999998904,9.999999999998904,0.0,0.0,0.0,True,False,False,False,0.0,0.0,0.0,0.0,0.0,0.0,0.0
2025-02-10T08:15:00Z,2025-02-10T08:30:00Z,2025-02-10,2025-02-10_10,0.0,0,0,0,9.999999999998904,9.999999999998904,0.0,0.0,0.0,True,False,False,False,0.0,0.0,0.0,0.0,0.0,0.0,0.0
2025-02-10T08:30:00Z,2025-02-10T08:45:00Z,2025-02-10,2025-02-10_10,0.0,0,0,0,9.999999999998904,9.999999999998904,0.0,0.0,0.0,True,False,False,False,0.0,0.0,0.0,0.0,0.0,0.0,0.0
2025-02-10T08:45:00Z,2025-02-10T09:00:00Z,2025-02-10,2025-02-10_10,0.0,0,0,0,9.999999999998904,9.999999999998904,0.0,0.0,0.0,True,False,False,False,0.0,0.0,0.0,0.0,0.0,0.0,0.0
2025-02-10T09:00:00Z,2025-02-10T09:15:00Z,2025-02-10,2025-02-10_11,0.0,100,100,0,9.999999999998904,12.177230434781512,0.00701102657004831,0.1595,2.555,True,True,False,False,0.0,0.0,188.89022846464525,189.88486346374103,27.604425623405064,-136.22970241324572,270.1498151385456
2025-02-10T09:15:00Z,2025-02-10T09:30:00Z,2025-02-10,2025-02-10_11,0.0,100,100,0,12.177230434781512,20.70011043478151,0.023674666666666663,0.0,9.264,True,True,False,False,0.0,0.0,188.89022846464525,189.88486346374103,0.0,5665.421751763216,6044.196843691602
2025-02-10T09:30:00Z,2025-02-10T09:45:00Z,2025-02-10,2025-02-10_11,0.0,100,100,0,20.70011043478151,31.91353043478151,0.031148388888888885,0.0,12.1885,True,True,False,False,0.0,0.0,188.89022846464525,189.88486346374103,0.0,-458.29269415476114,-79.51760222637486
2025-02-10T09:45:00Z,2025-02-10T10:00:00Z,2025-02-10,2025-02-10_11,0.0,100,100,0,31.91353043478151,40.87433043478151,0.024891111111111114,0.0,9.74,True,True,False,False,0.0,0.0,188.89022846464525,189.88486346374103,0.0,178.61657323125766,557.3916651596439
2025-02-10T10:00:00Z,2025-02-10T10:15:00Z,2025-02-10,2025-02-10_12,-21.975746017891446,100,78,0,40.87433043478151,47.081721221738015,0.017398235300809712,0.033,1.2909,True,True,False,False,-682.7864287758872,0.0,188.89022846464525,148.110193501718,2.1520254385436135,-74.42200488275363,-418.055986253734
2025-02-10T10:15:00Z,2025-02-10T10:30:00Z,2025-02-10,2025-02-10_12,-21.975746017891446,100,78,0,47.081721221738015,52.22578807411266,0.014376239366419248,0.0185,0.11855999999999998,True,True,False,False,-682.7864287758872,0.0,188.89022846464525,148.110193501718,2.2002535816906788,-8.576285490385194,-352.16203871821847
2025-02-10T10:30:00Z,2025-02-10T10:45:00Z,2025-02-10,2025-02-10_12,-21.975746017891446,100,78,0,52.22578807411266,57.34525452700394,0.014336174580649785,0.0245,0.09867000000000001,True,True,False,False,-682.7864287758872,0.0,188.89022846464525,148.110193501718,2.8874574517250386,-7.137500753511364,-350.0360501113103
2025-02-10T10:45:00Z,2025-02-10T11:00:00Z,2025-02-10,2025-02-10_12,-21.975746017891446,100,78,0,57.34525452700394,63.03047478260753,0.01605612862202677,0.05600000000000001,0.74958,True,True,False,False,-682.7864287758872,0.0,188.89022846464525,148.110193501718,7.275904113167361,-47.55669168726265,-386.06679438361925
2025-02-10T11:00:00Z,2025-02-10T11:15:00Z,2025-02-10,2025-02-10_13,0.0,100,100,0,63.03047478260753,76.17543478260752,0.036513777777777784,0.0,14.288,True,True,False,False,0.0,0.0,188.89022846464525,189.88486346374103,0.0,5774.345033455905,6153.120125384291
2025-02-10T11:15:00Z,2025-02-10T11:30:00Z,2025-02-10,2025-02-10_13,0.0,100,100,0,76.17543478260752,82.81231478260753,0.01843577777777778,0.0,7.214000000000001,True,True,False,False,0.0,0.0,188.89022846464525,189.88486346374103,0.0,-279.65973275463665,99.11535917374962
2025-02-10T11:30:00Z,2025-02-10T11:45:00Z,2025-02-10,2025-02-10_13,0.0,100,100,0,82.81231478260753,99.04525478260753,0.04509150000000001,0.0,17.6445,True,True,False,False,0.0,0.0,188.89022846464525,189.88486346374103,0.0,7779.991756887093,8158.7668488154795
2025-02-10T11:45:00Z,2025-02-10T12:00:00Z,2025-02-10,2025-02-10_13,0.0,100,100,0,99.04525478260753,114.36325478260753,0.04255,0.0,16.65,True,True,False,False,0.0,0.0,188.89022846464525,189.88486346374103,0.0,5895.756736391584,6274.53182831997
2025-02-10T12:00:00Z,2025-02-10T12:15:00Z,2025-02-10,2025-02-10_14,0.0,100,100,0,114.36325478260753,124.85355478260753,0.02913972222222222,0.0,11.4025,True,True,False,False,0.0,0.0,188.89022846464525,189.88486346374103,0.0,954.7082047340608,1333.4832966624472
2025-02-10T12:15:00Z,2025-02-10T12:30:00Z,2025-02-10,2025-02-10_14,0.0,100,100,0,124.85355478260753,126.98749478260753,0.005927611111111112,0.0,2.3195,True,True,False,False,0.0,0.0,188.89022846464525,189.88486346374103,0.0,-167.78588221110374,210.98920971728253
2025-02-10T12:30:00Z,2025-02-10T12:45:00Z,2025-02-10,2025-02-10_14,0.0,100,100,0,126.98749478260753,127.17911217391188,0.0006560628019323672,0.0205,0.2325,True,True,False,False,0.0,0.0,188.89022846464525,189.88486346374103,1.2357586352402194,-16.81837362107421,363.1924769425523
2025-02-10T12:45:00Z,2025-02-10T13:00:00Z,2025-02-10,2025-02-10_14,0.0,100,100,0,127.17911217391188,127.4384434782597,0.004234857487922706,0.582,0.9695,True,True,False,False,0.0,0.0,188.89022846464525,189.88486346374103,108.4754584363132,-8.434788313541102,478.8157620511584
2025-02-10T13:00:00Z,2025-02-10T13:15:00Z,2025-02-10,2025-02-10_15,0.0,100,100,0,127.4384434782597,147.0873434782597,0.05458027777777778,0.0,21.3575,True,True,False,False,0.0,0.0,188.89022846464525,189.88486346374103,0.0,21429.807456246108,21808.582548174494
2025-02-10T13:15:00Z,2025-02-10T13:30:00Z,2025-02-10,2025-02-10_15,0.0,100,100,0,147.0873434782597,156.4262634782597,0.025941444444444444,0.0,10.151,True,True,False,False,0.0,0.0,188.89022846464525,189.88486346374103,0.0,3555.931994293407,3934.7070862217934
2025-02-10T13:30:00Z,2025-02-10T13:45:00Z,2025-02-10,2025-02-10_15,0.0,100,100,0,156.4262634782597,161.4485434782597,0.013950777777777779,0.0,5.459,True,True,False,False,0.0,0.0,188.89022846464525,189.88486346374103,0.0,-276.29228966986153,102.48280225852474
2025-02-10T13:45:00Z,2025-02-10T14:00:00Z,2025-02-10,2025-02-10_15,0.0,100,100,0,161.4485434782597,161.98783999999884,0.002473287439613527,0.1615,0.777,True,True,False,False,0.0,0.0,188.89022846464525,189.88486346374103,28.877856310406493,-52.82513352221352,354.82781471657927
2025-02-10T14:00:00Z,2025-02-10T14:15:00Z,2025-02-10,2025-02-10_16,0.0,100,100,0,161.98783999999884,183.53929999999883,0.05986516666666667,0.0,23.4255,True,True,False,False,0.0,0.0,188.89022846464525,189.88486346374103,0.0,22213.410301404547,22592.185393332933
2025-02-10T14:15:00Z,2025-02-10T14:30:00Z,2025-02-10,2025-02-10_16,0.0,100,100,0,183.53929999999883,187.00054347825971,0.026278212560386476,2.7595,7.0225,True,True,False,False,0.0,0.0,188.89022846464525,189.88486346374103,609.3761370988808,2047.1066560170393,3035.2578850443065
2025-02-10T14:30:00Z,2025-02-10T14:45:00Z,2025-02-10,2025-02-10_16,0.0,100,100,0,187.00054347825971,166.61249999999885,0.05663345410628019,18.757,0.0,True,True,False,False,0.0,0.0,188.89022846464525,189.88486346374103,16001.559877227884,0.0,16380.33496915627
2025-02-10T14:45:00Z,2025-02-10T15:00:00Z,2025-02-10,2025-02-10_16,0.0,100,100,0,166.61249999999885,153.3777173913032,0.03676328502415459,12.176,0.0,True,True,False,False,0.0,0.0,188.89022846464525,189.88486346374103,6600.748885004119,0.0,6979.523976932505
2025-02-10T15:00:00Z,2025-02-10T15:15:00Z,2025-02-10,2025-02-10_17,0.0,100,100,0,153.3777173913032,153.25103478260758,0.0009524516908212559,0.216,0.11749999999999998,True,True,False,False,0.0,0.0,189.88486346374103,189.88486346374103,28.199399602145995,-8.499608174091264,399.46951835553676
2025-02-10T15:15:00Z,2025-02-10T15:30:00Z,2025-02-10,2025-02-10_17,0.0,100,100,0,153.25103478260758,153.13360956521626,0.0004769589371980676,0.133,0.029499999999999995,True,True,False,False,0.0,0.0,189.88486346374103,189.88486346374103,24.580533686981337,-2.1339441798782324,402.21631643458517
2025-02-10T15:30:00Z,2025-02-10T15:45:00Z,2025-02-10,2025-02-10_17,0.0,100,100,0,153.13360956521626,152.44941652173802,0.0019823140096618358,0.643,0.016,True,True,False,False,0.0,0.0,189.88486346374103,189.88486346374103,126.63005586030903,-1.1573934534932786,505.2423893342978
2025-02-10T15:45:00Z,2025-02-10T16:00:00Z,2025-02-10,2025-02-10_17,0.0,100,100,0,152.44941652173802,146.97387304347714,0.01520984299516908,5.0375,0.0,True,True,False,False,0.0,0.0,189.88486346374103,189.88486346374103,1136.0485135732513,0.0,1515.8182405007333
2025-02-10T16:00:00Z,2025-02-10T16:15:00Z,2025-02-10,2025-02-10_18,84.81982079718429,15,100,0,146.97387304347714,125.66557356991419,0.06050095090570472,0.049275,1.69,True,True,False,False,4675.268522340798,0.0,28.482729519561154,189.88486346374103,9.881851889806498,-122.24968352522755,4781.268283688679
2025-02-10T16:15:00Z,2025-02-10T16:30:00Z,2025-02-10,2025-02-10_18,84.81982079718429,15,100,0,125.66557356991419,102.56691956599693,0.06417146242274421,0.056549999999999996,0.011,True,True,False,False,4675.268522340798,0.0,28.482729519561154,189.88486346374103,11.008495448791367,-0.795707999276629,4903.848902773615
2025-02-10T16:30:00Z,2025-02-10T16:45:00Z,2025-02-10,2025-02-10_18,84.81982079718429,15,100,0,102.56691956599693,79.34474000154466,0.0645060543457007,0.15944999999999998,0.0,True,True,False,False,4675.268522340798,0.0,28.482729519561154,189.88486346374103,31.853635390921692,0.0,4925.489750715022
2025-02-10T16:45:00Z,2025-02-10T17:00:00Z,2025-02-10,2025-02-10_18,84.81982079718429,15,100,0,79.34474000154466,56.271952173911835,0.06410969831880221,0.04545,0.024,True,True,False,False,4675.268522340798,0.0,28.482729519561154,189.88486346374103,8.790159864970763,-1.736090180239918,4900.690185008831
2025-02-10T17:00:00Z,2025-02-10T17:15:00Z,2025-02-10,2025-02-10_19,0.0,100,100,0,56.271952173911835,57.49672608695531,0.0034595169082125604,0.0095,1.3425,True,True,False,False,0.0,0.0,189.88486346374103,189.88486346374103,1.667771414792935,-97.11254445717042,284.32495388510455
2025-02-10T17:15:00Z,2025-02-10T17:30:00Z,2025-02-10,2025-02-10_19,0.0,100,100,0,57.49672608695531,58.42555304347705,0.0026434806763285025,0.0105,1.022,True,True,False,False,0.0,0.0,189.88486346374103,189.88486346374103,1.772258725661583,-73.92850684188318,307.61347881126045
2025-02-10T17:30:00Z,2025-02-10T17:45:00Z,2025-02-10,2025-02-10_19,0.0,100,100,0,58.42555304347705,58.260843478259666,0.0005750821256038649,0.171,0.023,True,True,False,False,0.0,0.0,189.88486346374103,189.88486346374103,32.15784073783833,-1.6637530893965882,410.2638145759238
2025-02-10T17:45:00Z,2025-02-10T18:00:00Z,2025-02-10,2025-02-10_19,0.0,100,100,0,58.260843478259666,58.391376521737925,0.0007158526570048311,0.0585,0.211,True,True,False,False,0.0,0.0,189.88486346374103,189.88486346374103,10.790286032913375,-15.263126167942612,375.2968867924528
2025-02-10T18:00:00Z,2025-02-10T18:15:00Z,2025-02-10,2025-02-10_20,0.0,100,100,0,58.391376521737925,56.30898086956402,0.005861099033816424,1.9285,0.015,True,True,False,False,0.0,0.0,189.88486346374103,189.88486346374103,386.6699269596319,-1.0850563626499488,765.354597524464
2025-02-10T18:15:00Z,2025-02-10T18:30:00Z,2025-02-10,2025-02-10_20,0.0,100,100,0,56.30898086956402,52.942133043477064,0.009352355072463767,3.0975,0.0,True,True,False,False,0.0,0.0,189.88486346374103,189.88486346374103,746.2481041654107,0.0,1126.0178310928927
2025-02-10T18:30:00Z,2025-02-10T18:45:00Z,2025-02-10,2025-02-10_20,0.0,100,100,0,52.942133043477064,52.78950434782489,0.0005210797101449275,0.1565,0.019,True,True,False,False,0.0,0.0,189.88486346374103,189.88486346374103,29.533616352201257,-1.3744047260232684,407.92893855366003
2025-02-10T18:45:00Z,2025-02-10T19:00:00Z,2025-02-10,2025-02-10_20,0.0,100,100,0,52.78950434782489,52.866208695650975,0.0004002657004830918,0.031,0.12,True,True,False,False,0.0,0.0,189.88486346374103,189.88486346374103,5.264530914059518,-8.68045090119959,376.353806940342
2025-02-10T19:00:00Z,2025-02-10T19:15:00Z,2025-02-10,2025-02-10_21,0.0,100,100,0,52.866208695650975,34.23957826086837,0.05174064009661836,17.1365,0.0,True,True,False,False,0.0,0.0,188.5888239194647,189.46289710048828,15638.981941246207,0.0,16017.03366226616
2025-02-10T19:15:00Z,2025-02-10T19:30:00Z,2025-02-10,2025-02-10_21,0.0,100,100,0,34.23957826086837,25.45370869565098,0.024405193236714976,8.083,0.0,True,True,False,False,0.0,0.0,188.5888239194647,189.46289710048828,2204.498693310828,0.0,2582.5504143307808
2025-02-10T19:30:00Z,2025-02-10T19:45:00Z,2025-02-10,2025-02-10_21,0.0,100,100,0,25.45370869565098,23.930550434781416,0.00427443961352657,1.4085,0.0085,True,True,False,False,0.0,0.0,188.5888239194647,189.46289710048828,282.1610377358491,-0.6148652721683043,659.5978934836338
2025-02-10T19:45:00Z,2025-02-10T20:00:00Z,2025-02-10,2025-02-10_21,0.0,100,100,0,23.930550434781416,23.598037391303155,0.001153647342995169,0.344,0.045,True,True,False,False,0.0,0.0,188.5888239194647,189.46289710048828,67.24986758293647,-3.255169087949846,442.0464195149396
2025-02-10T20:00:00Z,2025-02-10T20:15:00Z,2025-02-10,2025-02-10_22,0.0,100,100,0,23.598037391303155,18.062426956520547,0.015535140096618357,5.119,0.031,True,True,False,False,0.0,0.0,188.5888239194647,189.46289710048828,1254.1997438061364,-2.2424498161432274,1630.009015009946
2025-02-10T20:15:00Z,2025-02-10T20:30:00Z,2025-02-10,2025-02-10_22,0.0,100,100,0,18.062426956520547,15.55599565217272,0.007092642512077294,2.3275,0.025499999999999995,True,True,False,False,0.0,0.0,188.5888239194647,189.46289710048828,481.3150461148954,-1.8445958165049126,857.5221713183435
2025-02-10T20:30:00Z,2025-02-10T20:45:00Z,2025-02-10,2025-02-10_22,0.0,100,100,0,15.55599565217272,12.377390434781418,0.010237570048309176,3.1574999999999998,0.2755,True,True,False,False,0.0,0.0,188.5888239194647,189.46289710048828,736.4968518295254,-19.928868527337393,1094.619704322141
2025-02-10T20:45:00Z,2025-02-10T21:00:00Z,2025-02-10,2025-02-10_22,0.0,100,100,0,12.377390434781418,11.04223999999881,0.0038697512077294676,1.255,0.0315,True,True,False,False,0.0,0.0,188.5888239194647,189.46289710048828,251.20653143649403,-2.2786183615648925,626.9796340948822
2025-02-10T21:00:00Z,2025-02-10T21:15:00Z,2025-02-10,2025-02-10_23,0.0,100,100,0,11.04223999999881,10.455787826085766,0.001680144927536232,0.548,0.01,True,True,False,False,0.0,0.0,188.5888239194647,189.46289710048828,107.99972592280027,-0.724777462977475,485.3266694797758
2025-02-10T21:15:00Z,2025-02-10T21:30:00Z,2025-02-10,2025-02-10_23,0.0,100,100,0,10.455787826085766,10.5442095652162,0.00138993961352657,0.1895,0.32,True,True,False,False,0.0,0.0,188.5888239194647,189.46289710048828,36.89525056764523,-23.152305744770633,391.79466584282756
2025-02-10T21:30:00Z,2025-02-10T21:45:00Z,2025-02-10,2025-02-10_23,0.0,100,100,0,10.5442095652162,10.2205495652162,0.0017398333333333332,0.437,0.1645,True,True,False,False,0.0,0.0,188.5888239194647,189.46289710048828,86.99959008981855,-11.899517551791348,453.15179355798017
2025-02-10T21:45:00Z,2025-02-10T22:00:00Z,2025-02-10,2025-02-10_23,0.0,100,100,0,10.2205495652162,9.999999999998808,0.0009755265700483092,0.263,0.071,True,True,False,False,0.0,0.0,188.5888239194647,189.46289710048828,50.00683384572106,-5.135947716358228,422.9226071493158
2025-02-10T22:00:00Z,2025-02-10T22:15:00Z,2025-02-11,2025-02-10_24,-9.000000000044164,9,91,0,9.999999999998808,11.793489400008966,0.004981915000028215,0.300555,0.0,True,True,False,False,-315.00000000154574,0.0,16.973676278508993,179.46739676479456,60.36109509796042,0.0,-58.19783186028177
2025-02-10T22:15:00Z,2025-02-10T22:30:00Z,2025-02-11,2025-02-10_24,-9.000000000044164,9,91,0,11.793489400008966,13.931707400019123,0.00593949444447266,0.01503,0.08918,True,True,False,False,-315.00000000154574,0.0,16.973676278508993,179.46739676479456,2.899278392444489,-6.469201245855521,-122.12884981165323
2025-02-10T22:30:00Z,2025-02-10T22:45:00Z,2025-02-11,2025-02-10_24,-9.000000000044164,9,91,0,13.931707400019123,19.28257000002928,0.01486350722225044,0.000135,3.5662900000000004,True,True,False,False,-315.00000000154574,0.0,16.973676278508993,179.46739676479456,0.02278709936702502,-138.56109797648952,-257.0972378353647
2025-02-10T22:45:00Z,2025-02-10T23:00:00Z,2025-02-11,2025-02-10_24,-9.000000000044164,9,91,0,19.28257000002928,21.744016200039436,0.006837350555583771,0.013590000000000001,0.43907499999999994,True,True,False,False,-315.00000000154574,0.0,16.973676278508993,179.46739676479456,2.686409701597509,-30.832655566160955,-146.70517282280565
2025-02-10T23:00:00Z,2025-02-10T23:15:00Z,2025-02-11,2025-02-11_1,0.0,100,100,0,21.744016200039436,12.829342286995958,0.024762983091787438,8.2015,0.0,True,True,False,False,0.0,0.0,188.59640309454437,197.21691952175226,1878.1426759770923,0.0,2263.955998593389
2025-02-10T23:15:00Z,2025-02-10T23:30:00Z,2025-02-11,2025-02-11_1,0.0,100,100,0,12.829342286995958,12.52587533047422,0.0008991859903381641,0.2885,0.011,True,True,False,False,0.0,0.0,188.59640309454437,197.21691952175226,55.80580749522757,-0.7979503667236009,440.8211797448006
2025-02-10T23:30:00Z,2025-02-10T23:45:00Z,2025-02-11,2025-02-11_1,0.0,100,100,0,12.52587533047422,11.748047504387262,0.002446855072463768,0.763,0.05600000000000001,True,True,False,False,0.0,0.0,188.59640309454437,197.21691952175226,150.03341304129407,-4.062292776047424,531.7844428815433
2025-02-10T23:45:00Z,2025-02-11T00:00:00Z,2025-02-11,2025-02-11_1,0.0,100,100,0,11.748047504387262,13.657507504387262,0.005304055555555556,0.0,2.0755,True,True,False,False,0.0,0.0,188.59640309454437,197.21691952175226,0.0,-131.37187229980913,254.4414503164875
2025-02-11T00:00:00Z,2025-02-11T00:15:00Z,2025-02-11,2025-02-11_2,0.0,100,100,0,13.657507504387262,10.513716200039436,0.009141642512077294,2.96,0.08,True,True,False,False,0.0,0.0,188.59640309454437,196.79493620014068,594.2179925650557,-5.803275394353461,973.8060564653873
2025-02-11T00:15:00Z,2025-02-11T00:30:00Z,2025-02-11,2025-02-11_2,0.0,100,100,0,10.513716200039436,10.767601417430742,0.0016382077294685993,0.1545,0.4585000000000001,True,True,False,False,0.0,0.0,188.59640309454437,196.79493620014068,29.928573294484075,-33.372147995579226,381.9477645935899
2025-02-11T00:30:00Z,2025-02-11T00:45:00Z,2025-02-11,2025-02-11_2,0.0,100,100,0,10.767601417430742,10.94677185221335,0.0009053043478260871,0.0675,0.2745,True,True,False,False,0.0,0.0,188.59640309454437,196.79493620014068,11.88877574600623,-19.944150105495833,377.3359649351955
2025-02-11T00:45:00Z,2025-02-11T01:00:00Z,2025-02-11,2025-02-11_2,0.0,100,100,0,10.94677185221335,12.53423185221335,0.0044096111111111115,0.0,1.7255,True,True,False,False,0.0,0.0,188.59640309454437,196.79493620014068,0.0,-103.60870762584146,281.7826316688436
2025-02-11T01:00:00Z,2025-02-11T01:15:00Z,2025-02-11,2025-02-11_3,-56.99999999999988,100,43,0,12.53423185221335,25.277986930474192,0.03679630033816418,0.538,0.18189000000000002,True,True,False,False,-1797.2099999999962,0.0,189.01838641615595,84.56997890083393,106.31675675675676,-11.000790533507487,-1428.305668459757
2025-02-11T01:15:00Z,2025-02-11T01:30:00Z,2025-02-11,2025-02-11_3,-56.99999999999988,100,43,0,25.277986930474192,35.76569072177851,0.03599796946859898,2.644,0.0,True,True,False,False,-1797.2099999999962,0.0,189.01838641615595,84.56997890083393,531.2359971867779,0.0,-992.3856374962284
2025-02-11T01:30:00Z,2025-02-11T01:45:00Z,2025-02-11,2025-02-11_3,-56.99999999999988,100,43,0,35.76569072177851,47.7868625913437,0.03627958369565211,1.112,0.015264999999999997,True,True,False,False,-1797.2099999999962,0.0,189.01838641615595,84.56997890083393,221.3931333266352,-1.1073374861850696,-1303.335838842556
2025-02-11T01:45:00Z,2025-02-11T02:00:00Z,2025-02-11,2025-02-11_3,-56.99999999999988,100,43,0,47.7868625913437,60.674063278300196,0.03642096809178737,0.24,0.016555,True,True,False,False,-1797.2099999999962,0.0,189.01838641615595,84.56997890083393,45.87802672561037,-1.2009153019190195,-1478.944523259315
2025-02-11T02:00:00Z,2025-02-11T02:15:00Z,2025-02-11,2025-02-11_4,-100.0,100,0,0,60.674063278300196,79.0676232783002,0.05109322222222223,5.007,0.0,True,True,False,False,-3104.25,0.0,189.01838641615595,0.0,1025.832831909977,0.0,-1889.3987816738672
2025-02-11T02:15:00Z,2025-02-11T02:30:00Z,2025-02-11,2025-02-11_4,-100.0,100,0,0,79.0676232783002,98.8862632783002,0.05505177777777778,3.458,0.0,True,True,False,False,-3104.25,0.0,189.01838641615595,0.0,694.1633601929067,0.0,-2221.0682533909376
2025-02-11T02:30:00Z,2025-02-11T02:45:00Z,2025-02-11,2025-02-11_4,-100.0,100,0,0,98.8862632783002,120.9699432783002,0.06134355555555556,0.996,0.0,True,True,False,False,-3104.25,0.0,189.01838641615595,0.0,199.60308329146991,0.0,-2715.6285302923743
2025-02-11T02:45:00Z,2025-02-11T03:00:00Z,2025-02-11,2025-02-11_4,-100.0,100,0,0,120.9699432783002,142.7964832783002,0.06062927777777779,1.2755,0.0,True,True,False,False,-3104.25,0.0,189.01838641615595,0.0,254.8631745202452,0.0,-2660.368439063599
2025-02-11T03:00:00Z,2025-02-11T03:15:00Z,2025-02-11,2025-02-11_5,-100.0,100,0,0,142.7964832783002,159.96460327830022,0.04768922222222222,6.339,0.0,True,True,False,False,-3372.0,0.0,189.47051140359693,0.0,1386.3245877624838,0.0,-1796.2049008339193
2025-02-11T03:15:00Z,2025-02-11T03:30:00Z,2025-02-11,2025-02-11_5,-100.0,100,0,0,159.96460327830022,169.2184232783002,0.025705055555555557,14.9415,0.0,True,True,False,False,-3372.0,0.0,189.47051140359693,0.0,6683.959102883553,0.0,3501.42961428715
2025-02-11T03:30:00Z,2025-02-11T03:45:00Z,2025-02-11,2025-02-11_5,-100.0,100,0,0,169.2184232783002,176.8217632783002,0.021120388888888893,16.7355,0.0,True,True,False,False,-3372.0,0.0,189.47051140359693,0.0,10290.339978398471,0.0,7107.810489802068
2025-02-11T03:45:00Z,2025-02-11T04:00:00Z,2025-02-11,2025-02-11_5,-100.0,100,0,0,176.8217632783002,189.8581632783002,0.03621222222222222,10.83,0.0,True,True,False,False,-3372.0,0.0,189.47051140359693,0.0,3625.6942328946047,0.0,443.16474429820164
2025-02-11T04:00:00Z,2025-02-11T04:15:00Z,2025-02-11,2025-02-11_6,26.673819016033224,0,0,0,189.8581632783002,182.60984289350856,0.02013422329108788,0.0,0.0,True,False,False,False,1192.6531327543855,0.0,0.0,0.0,0.0,0.0,1192.6531327543855
2025-02-11T04:15:00Z,2025-02-11T04:30:00Z,2025-02-11,2025-02-11_6,26.673819016033224,0,0,0,182.60984289350856,175.36152250871692,0.02013422329108788,0.0,0.0,True,False,False,False,1192.6531327543855,0.0,0.0,0.0,0.0,0.0,1192.6531327543855
2025-02-11T04:30:00Z,2025-02-11T04:45:00Z,2025-02-11,2025-02-11_6,26.673819016033224,0,0,0,175.36152250871692,168.11320212392528,0.02013422329108788,0.0,0.0,True,False,False,False,1192.6531327543855,0.0,0.0,0.0,0.0,0.0,1192.6531327543855
2025-02-11T04:45:00Z,2025-02-11T05:00:00Z,2025-02-11,2025-02-11_6,26.673819016033224,0,0,0,168.11320212392528,160.86488173913364,0.02013422329108788,0.0,0.0,True,False,False,False,1192.6531327543855,0.0,0.0,0.0,0.0,0.0,1192.6531327543855
2025-02-11T05:00:00Z,2025-02-11T05:15:00Z,2025-02-11,2025-02-11_7,0.0,100,100,0,160.86488173913364,158.88718782609016,0.009935149758454108,2.555,0.869,True,True,False,False,0.0,0.0,189.01838641615595,196.67436953682306,629.338112126997,-39.82766783884256,975.2032002411335
2025-02-11T05:15:00Z,2025-02-11T05:30:00Z,2025-02-11,2025-02-11_7,0.0,100,100,0,158.88718782609016,154.93532608695972,0.011350504830917875,3.6975000000000002,0.073,True,True,False,False,0.0,0.0,189.01838641615595,196.67436953682306,924.662537928263,-4.676987440972572,1305.6783064402694
2025-02-11T05:30:00Z,2025-02-11T05:45:00Z,2025-02-11,2025-02-11_7,0.0,100,100,0,154.93532608695972,136.2608695652206,0.05187349033816424,17.1805,0.0,True,True,False,False,0.0,0.0,189.01838641615595,196.67436953682306,12297.937576409122,0.0,12683.630332362101
2025-02-11T05:45:00Z,2025-02-11T06:00:00Z,2025-02-11,2025-02-11_7,0.0,100,100,0,136.2608695652206,117.59021739130755,0.051862922705314,17.177,0.0,True,True,False,False,0.0,0.0,189.01838641615595,196.67436953682306,8636.88139435346,0.0,9022.57415030644
2025-02-11T06:00:00Z,2025-02-11T06:15:00Z,2025-02-11,2025-02-11_8,100.0,0,100,0,117.59021739130755,90.42065217391624,0.0754710144927536,0.0,0.004,True,True,False,False,6075.0,0.0,0.0,189.89249472520848,0.0,-0.28132221440771626,6264.6111725108
2025-02-11T06:15:00Z,2025-02-11T06:30:00Z,2025-02-11,2025-02-11_8,100.0,0,100,0,90.42065217391624,63.24673913043797,0.0754830917874396,0.0,0.0,True,True,False,False,6075.0,0.0,0.0,189.89249472520848,0.0,0.0,6264.892494725208
2025-02-11T06:30:00Z,2025-02-11T06:45:00Z,2025-02-11,2025-02-11_8,100.0,0,100,0,63.24673913043797,36.326630434785805,0.07477807971014491,0.0,0.23350000000000004,True,True,False,False,6075.0,0.0,0.0,189.89249472520848,0.0,-16.877125690746514,6248.015369034462
2025-02-11T06:45:00Z,2025-02-11T07:00:00Z,2025-02-11,2025-02-11_8,100.0,0,100,0,36.326630434785805,10.000000000003201,0.07312952898550724,0.0,0.7795,True,True,False,False,6075.0,0.0,0.0,189.89249472520848,0.0,-43.863772129006335,6221.028722596202
2025-02-11T07:00:00Z,2025-02-11T07:15:00Z,2025-02-11,2025-02-11_9,0.0,0,0,0,10.000000000003201,10.000000000003201,0.0,0.0,0.0,True,False,False,False,0.0,0.0,0.0,0.0,0.0,0.0,0.0
2025-02-11T07:15:00Z,2025-02-11T07:30:00Z,2025-02-11,2025-02-11_9,0.0,0,0,0,10.000000000003201,10.000000000003201,0.0,0.0,0.0,True,False,False,False,0.0,0.0,0.0,0.0,0.0,0.0,0.0
2025-02-11T07:30:00Z,2025-02-11T07:45:00Z,2025-02-11,2025-02-11_9,0.0,0,0,0,10.000000000003201,10.000000000003201,0.0,0.0,0.0,True,False,False,False,0.0,0.0,0.0,0.0,0.0,0.0,0.0
2025-02-11T07:45:00Z,2025-02-11T08:00:00Z,2025-02-11,2025-02-11_9,0.0,0,0,0,10.000000000003201,10.000000000003201,0.0,0.0,0.0,True,False,False,False,0.0,0.0,0.0,0.0,0.0,0.0,0.0
2025-02-11T08:00:00Z,2025-02-11T08:15:00Z,2025-02-11,2025-02-11_10,0.0,0,0,0,10.000000000003201,10.000000000003201,0.0,0.0,0.0,True,False,False,False,0.0,0.0,0.0,0.0,0.0,0.0,0.0
2025-02-11T08:15:00Z,2025-02-11T08:30:00Z,2025-02-11,2025-02-11_10,0.0,0,0,0,10.000000000003201,10.000000000003201,0.0,0.0,0.0,True,False,False,False,0.0,0.0,0.0,0.0,0.0,0.0,0.0
2025-02-11T08:30:00Z,2025-02-11T08:45:00Z,2025-02-11,2025-02-11_10,0.0,0,0,0,10.000000000003201,10.000000000003201,0.0,0.0,0.0,True,False,False,False,0.0,0.0,0.0,0.0,0.0,0.0,0.0
2025-02-11T08:45:00Z,2025-02-11T09:00:00Z,2025-02-11,2025-02-11_10,0.0,0,0,0,10.000000000003201,10.000000000003201,0.0,0.0,0.0,True,False,False,False,0.0,0.0,0.0,0.0,0.0,0.0,0.0
2025-02-11T09:00:00Z,2025-02-11T09:15:00Z,2025-02-11,2025-02-11_11,-55.57517391304352,0,0,0,10.000000000003201,22.78229000000321,0.03550636111111114,0.0,0.0,True,False,False,False,-1600.4260707608707,0.0,0.0,0.0,0.0,0.0,-1600.4260707608707
2025-02-11T09:15:00Z,2025-02-11T09:30:00Z,2025-02-11,2025-02-11_11,-55.57517391304352,0,0,0,22.78229000000321,35.56458000000322,0.03550636111111114,0.0,0.0,True,False,False,False,-1600.4260707608707,0.0,0.0,0.0,0.0,0.0,-1600.4260707608707
2025-02-11T09:30:00Z,2025-02-11T09:45:00Z,2025-02-11,2025-02-11_11,-55.57517391304352,0,0,0,35.56458000000322,48.34687000000323,0.03550636111111114,0.0,0.0,True,False,False,False,-1600.4260707608707,0.0,0.0,0.0,0.0,0.0,-1600.4260707608707
2025-02-11T09:45:00Z,2025-02-11T10:00:00Z,2025-02-11,2025-02-11_11,-55.57517391304352,0,0,0,48.34687000000323,61.12916000000324,0.03550636111111114,0.0,0.0,True,False,False,False,-1600.4260707608707,0.0,0.0,0.0,0.0,0.0,-1600.4260707608707
2025-02-11T10:00:00Z,2025-02-11T10:15:00Z,2025-02-11,2025-02-11_12,0.0,100,100,0,61.12916000000324,74.64350000000324,0.03753983333333333,0.0,14.689499999999999,True,True,False,False,0.0,0.0,188.89781975283836,198.0608861649754,0.0,-522.1185227569576,-135.1598168391439
2025-02-11T10:15:00Z,2025-02-11T10:30:00Z,2025-02-11,2025-02-11_12,0.0,100,100,0,74.64350000000324,93.72614000000324,0.05300733333333334,0.0,20.742,True,True,False,False,0.0,0.0,188.89781975283836,198.0608861649754,0.0,-396.038199135939,-9.079493218125265
2025-02-11T10:30:00Z,2025-02-11T10:45:00Z,2025-02-11,2025-02-11_12,0.0,100,100,0,93.72614000000324,115.04208000000324,0.05921094444444445,0.0,23.1695,True,True,False,False,0.0,0.0,188.89781975283836,198.0608861649754,0.0,-430.0173533607957,-43.058647442981965
2025-02-11T10:45:00Z,2025-02-11T11:00:00Z,2025-02-11,2025-02-11_12,0.0,100,100,0,115.04208000000324,125.90360000000324,0.03017088888888889,0.0,11.806,True,True,False,False,0.0,0.0,188.89781975283836,198.0608861649754,0.0,-461.68304229880437,-74.72433638099062
2025-02-11T11:00:00Z,2025-02-11T11:15:00Z,2025-02-11,2025-02-11_13,0.0,100,100,0,125.90360000000324,137.06826000000325,0.031012944444444447,0.0,12.1355,True,True,False,False,0.0,0.0,188.89781975283836,198.0608861649754,0.0,-469.23283050336585,-82.2741245855521
2025-02-11T11:15:00Z,2025-02-11T11:30:00Z,2025-02-11,2025-02-11_13,0.0,100,100,0,137.06826000000325,151.96398000000326,0.041377,0.0,16.191,True,True,False,False,0.0,0.0,188.89781975283836,198.0608861649754,0.0,-471.2129213302522,-84.25421541243844
2025-02-11T11:30:00Z,2025-02-11T11:45:00Z,2025-02-11,2025-02-11_13,0.0,100,100,0,151.96398000000326,157.81702000000325,0.016258444444444443,0.0,6.361999999999999,True,True,False,False,0.0,0.0,188.89781975283836,198.0608861649754,0.0,-369.6006872299809,17.35801868783284
2025-02-11T11:45:00Z,2025-02-11T12:00:00Z,2025-02-11,2025-02-11_13,0.0,100,100,0,157.81702000000325,167.61640000000327,0.0272205,0.0,10.6515,True,True,False,False,0.0,0.0,188.89781975283836,198.0608861649754,0.0,-464.57791299105804,-77.6192070732443
2025-02-11T12:00:00Z,2025-02-11T12:15:00Z,2025-02-11,2025-02-11_14,0.0,100,100,0,167.61640000000327,173.30062000000328,0.015789499999999998,0.0,6.1785,True,True,False,False,0.0,0.0,188.89781975283836,198.0608861649754,0.0,-372.0036796945644,14.95502622324932
2025-02-11T12:15:00Z,2025-02-11T12:30:00Z,2025-02-11,2025-02-11_14,0.0,100,100,0,173.30062000000328,176.89782000000326,0.009992222222222224,0.0,3.91,True,True,False,False,0.0,0.0,188.89781975283836,198.0608861649754,0.0,-281.754136441274,105.20456947653975
2025-02-11T12:30:00Z,2025-02-11T12:45:00Z,2025-02-11,2025-02-11_14,0.0,100,100,0,176.89782000000326,185.69486000000327,0.02443622222222222,0.0,9.562,True,True,False,False,0.0,0.0,188.89781975283836,198.0608861649754,0.0,-377.0884653873204,9.870240530493334
2025-02-11T12:45:00Z,2025-02-11T13:00:00Z,2025-02-11,2025-02-11_14,0.0,100,100,0,185.69486000000327,190.00000000000327,0.011958722222222221,0.0,4.6795,True,True,False,False,0.0,0.0,188.89781975283836,198.0608861649754,0.0,-282.09208921933083,104.86661669848291
2025-02-11T13:00:00Z,2025-02-11T13:15:00Z,2025-02-11,2025-02-11_15,0.0,0,0,0,190.00000000000327,190.00000000000327,0.0,0.0,0.0,True,False,False,False,0.0,0.0,0.0,0.0,0.0,0.0,0.0
2025-02-11T13:15:00Z,2025-02-11T13:30:00Z,2025-02-11,2025-02-11_15,0.0,0,0,0,190.00000000000327,190.00000000000327,0.0,0.0,0.0,True,False,False,False,0.0,0.0,0.0,0.0,0.0,0.0,0.0
2025-02-11T13:30:00Z,2025-02-11T13:45:00Z,2025-02-11,2025-02-11_15,0.0,0,0,0,190.00000000000327,190.00000000000327,0.0,0.0,0.0,True,False,False,False,0.0,0.0,0.0,0.0,0.0,0.0,0.0
2025-02-11T13:45:00Z,2025-02-11T14:00:00Z,2025-02-11,2025-02-11_15,0.0,0,0,0,190.00000000000327,190.00000000000327,0.0,0.0,0.0,True,False,False,False,0.0,0.0,0.0,0.0,0.0,0.0,0.0
2025-02-11T14:00:00Z,2025-02-11T14:15:00Z,2025-02-11,2025-02-11_16,0.0,0,0,0,190.00000000000327,190.00000000000327,0.0,0.0,0.0,True,False,False,False,0.0,0.0,0.0,0.0,0.0,0.0,0.0
2025-02-11T14:15:00Z,2025-02-11T14:30:00Z,2025-02-11,2025-02-11_16,0.0,0,0,0,190.00000000000327,190.00000000000327,0.0,0.0,0.0,True,False,False,False,0.0,0.0,0.0,0.0,0.0,0.0,0.0
2025-02-11T14:30:00Z,2025-02-11T14:45:00Z,2025-02-11,2025-02-11_16,0.0,0,0,0,190.00000000000327,190.00000000000327,0.0,0.0,0.0,True,False,False,False,0.0,0.0,0.0,0.0,0.0,0.0,0.0
2025-02-11T14:45:00Z,2025-02-11T15:00:00Z,2025-02-11,2025-02-11_16,0.0,0,0,0,190.00000000000327,190.00000000000327,0.0,0.0,0.0,True,False,False,False,0.0,0.0,0.0,0.0,0.0,0.0,0.0
2025-02-11T15:00:00Z,2025-02-11T15:15:00Z,2025-02-11,2025-02-11_17,1.2186091725527577,0,0,0,190.00000000000327,189.66885620311393,0.0009198438802481564,0.0,0.0,True,False,False,False,58.49019375960099,0.0,0.0,0.0,0.0,0.0,58.49019375960099
2025-02-11T15:15:00Z,2025-02-11T15:30:00Z,2025-02-11,2025-02-11_17,1.2186091725527577,0,0,0,189.66885620311393,189.3377124062246,0.0009198438802481564,0.0,0.0,True,False,False,False,58.49019375960099,0.0,0.0,0.0,0.0,0.0,58.49019375960099
2025-02-11T15:30:00Z,2025-02-11T15:45:00Z,2025-02-11,2025-02-11_17,1.2186091725527577,0,0,0,189.3377124062246,189.00656860933526,0.0009198438802481564,0.0,0.0,True,False,False,False,58.49019375960099,0.0,0.0,0.0,0.0,0.0,58.49019375960099
2025-02-11T15:45:00Z,2025-02-11T16:00:00Z,2025-02-11,2025-02-11_17,1.2186091725527577,0,0,0,189.00656860933526,188.67542481244593,0.0009198438802481564,0.0,0.0,True,False,False,False,58.49019375960099,0.0,0.0,0.0,0.0,0.0,58.49019375960099
2025-02-11T16:00:00Z,2025-02-11T16:15:00Z,2025-02-11,2025-02-11_18,28.565832862850208,71,100,0,188.67542481244593,182.85872407134912,0.023516253100587362,0.00426,2.0155,True,True,False,False,1541.0552683686115,0.0,140.3236210187883,189.89249472520848,0.7190595800261228,-145.80126594996483,1726.1891777426695
2025-02-11T16:15:00Z,2025-02-11T16:30:00Z,2025-02-11,2025-02-11_18,28.565832862850208,71,100,0,182.85872407134912,173.6788967481774,0.02552690343954621,1.3106600000000002,0.0075,True,True,False,False,1541.0552683686115,0.0,140.3236210187883,189.89249472520848,259.15249701999403,-0.5425499849291671,2129.881331147673
2025-02-11T16:30:00Z,2025-02-11T16:45:00Z,2025-02-11,2025-02-11_18,28.565832862850208,71,100,0,173.6788967481774,166.11449829124334,0.021956022026403406,0.047925,0.2585,True,True,False,False,1541.0552683686115,0.0,140.3236210187883,189.89249472520848,4.352878529086708,-18.699889480558628,1856.9243731611364
2025-02-11T16:45:00Z,2025-02-11T17:00:00Z,2025-02-11,2025-02-11_18,28.565832862850208,71,100,0,166.11449829124334,158.39139826087285,0.021798082667190438,0.047925,0.0945,True,True,False,False,1541.0552683686115,0.0,140.3236210187883,189.89249472520848,3.7365417462071746,-6.836129810107506,1868.1717960487078
2025-02-11T17:00:00Z,2025-02-11T17:15:00Z,2025-02-11,2025-02-11_19,100.0,0,100,0,158.39139826087285,131.41857217391632,0.07492451690821256,0.0,0.185,True,True,False,False,6058.25,0.0,0.0,189.89249472520848,0.0,-13.382899628252789,6234.759595096955
2025-02-11T17:15:00Z,2025-02-11T17:30:00Z,2025-02-11,2025-02-11_19,100.0,0,100,0,131.41857217391632,104.30226782609024,0.07532306763285024,0.0,0.053,True,True,False,False,6058.25,0.0,0.0,189.89249472520848,0.0,-3.8340198934994474,6244.308474831709
2025-02-11T17:30:00Z,2025-02-11T17:45:00Z,2025-02-11,2025-02-11_19,100.0,0,100,0,104.30226782609024,77.15770260869894,0.07540157004830918,0.0,0.027,True,True,False,False,6058.25,0.0,0.0,189.89249472520848,0.0,-1.9531799457450016,6246.1893147794635
2025-02-11T17:45:00Z,2025-02-11T18:00:00Z,2025-02-11,2025-02-11_19,100.0,0,100,0,77.15770260869894,49.983789565220675,0.07548309178743962,0.0,0.0,True,True,False,False,6058.25,0.0,0.0,189.89249472520848,0.0,0.0,6248.142494725208
2025-02-11T18:00:00Z,2025-02-11T18:15:00Z,2025-02-11,2025-02-11_20,0.0,100,100,0,49.983789565220675,43.591941739133716,0.017755132850241544,5.8805,0.0,True,True,False,False,0.0,0.0,197.63890284336378,189.89249472520848,1441.562065005526,0.0,1829.093462574098
2025-02-11T18:15:00Z,2025-02-11T18:30:00Z,2025-02-11,2025-02-11_20,0.0,100,100,0,43.591941739133716,39.27672434782937,0.01198671497584541,3.9699999999999998,0.0,True,True,False,False,0.0,0.0,197.63890284336378,189.89249472520848,797.7494222847383,0.0,1185.2808198533105
2025-02-11T18:30:00Z,2025-02-11T18:45:00Z,2025-02-11,2025-02-11_20,0.0,100,100,0,39.27672434782937,34.87618608695981,0.012323384057971015,4.065,0.0195,True,True,False,False,0.0,0.0,197.63890284336378,189.89249472520848,925.4754827690145,-1.4145483773736562,1311.5923319602132
2025-02-11T18:45:00Z,2025-02-11T19:00:00Z,2025-02-11,2025-02-11_20,0.0,100,100,0,34.87618608695981,34.81646173913372,0.0004802342995169082,0.107,0.0615,True,True,False,False,0.0,0.0,197.63890284336378,189.89249472520848,19.62020717371647,-4.4612679594092235,402.6903367828795
2025-02-11T19:00:00Z,2025-02-11T19:15:00Z,2025-02-11,2025-02-11_21,0.0,100,100,0,34.81646173913372,24.378418260872852,0.028994565217391303,9.603,0.0,True,True,False,False,0.0,0.0,188.59640309454437,196.67436953682306,2835.483299909575,0.0,3220.7540725409426
2025-02-11T19:15:00Z,2025-02-11T19:30:00Z,2025-02-11,2025-02-11_21,0.0,100,100,0,24.378418260872852,22.785197391307634,0.00455083574879227,1.4865,0.0245,True,True,False,False,0.0,0.0,188.59640309454437,196.67436953682306,297.47205345122075,-1.7765490806791926,680.966277001909
2025-02-11T19:30:00Z,2025-02-11T19:45:00Z,2025-02-11,2025-02-11_21,0.0,100,100,0,22.785197391307634,22.475668695655457,0.00251580193236715,0.559,0.324,True,True,False,False,0.0,0.0,188.59640309454437,196.67436953682306,111.20702079774944,-23.441154224856827,473.03663920426004
2025-02-11T19:45:00Z,2025-02-11T20:00:00Z,2025-02-11,2025-02-11_21,0.0,100,100,0,22.475668695655457,23.431049565220675,0.0027051642512077295,0.0085,1.0485,True,True,False,False,0.0,0.0,188.59640309454437,196.67436953682306,1.4347432934793531,-75.88662282728825,310.81889309755854
2025-02-11T20:00:00Z,2025-02-11T20:15:00Z,2025-02-11,2025-02-11_22,0.0,100,100,0,23.431049565220675,14.079891304351111,0.02621055072463768,8.642,0.046,True,True,False,False,0.0,0.0,188.59640309454437,196.67436953682306,2318.7407246056464,-3.3330658093037275,2700.67843142771
2025-02-11T20:15:00Z,2025-02-11T20:30:00Z,2025-02-11,2025-02-11_22,0.0,100,100,0,14.079891304351111,10.000000000003286,0.011333031400966182,3.7535,0.0,True,True,False,False,0.0,0.0,188.59640309454437,196.67436953682306,753.8572693660202,0.0,1139.1280419973878
2025-02-11T20:30:00Z,2025-02-11T20:45:00Z,2025-02-11,2025-02-11_22,0.0,100,100,0,10.000000000003286,11.383314782611983,0.008048458937198067,0.6965,2.3265,True,True,False,False,0.0,0.0,188.59640309454437,196.67436953682306,139.60398834522255,-127.88854415754044,396.98621681904956
2025-02-11T20:45:00Z,2025-02-11T21:00:00Z,2025-02-11,2025-02-11_22,0.0,100,100,0,11.383314782611983,24.29551478261198,0.035867222222222224,0.0,14.035,True,True,False,False,0.0,0.0,188.59640309454437,196.67436953682306,0.0,-461.4247734351452,-76.15400080377776
2025-02-11T21:00:00Z,2025-02-11T21:15:00Z,2025-02-11,2025-02-11_23,0.0,100,100,0,24.29551478261198,18.281558260872853,0.026416545893719806,7.141,1.9,True,True,False,False,0.0,0.0,188.59640309454437,197.06621119260524,1687.5202527881042,-80.1100170802773,1993.0728499949767
2025-02-11T21:15:00Z,2025-02-11T21:30:00Z,2025-02-11,2025-02-11_23,0.0,100,100,0,18.281558260872853,16.7249956521772,0.0043416739130434775,1.435,0.0035000000000000005,True,True,False,False,0.0,0.0,188.59640309454437,197.06621119260524,287.0049020395861,-0.253893298502964,672.4136230282328
2025-02-11T21:30:00Z,2025-02-11T21:45:00Z,2025-02-11,2025-02-11_23,0.0,100,100,0,16.7249956521772,17.315329565220676,0.002183294685990338,0.09,0.748,True,True,False,False,0.0,0.0,188.59640309454437,197.06621119260524,16.300606852205366,-54.11828473826987,347.8449364010851
2025-02-11T21:45:00Z,2025-02-11T22:00:00Z,2025-02-11,2025-02-11_23,0.0,100,100,0,17.315329565220676,20.771309565220676,0.009599944444444446,0.0,3.7565,True,True,False,False,0.0,0.0,188.59640309454437,197.06621119260524,0.0,-264.81268039787,120.84993388927961
2025-02-11T22:00:00Z,2025-02-11T22:15:00Z,2025-02-12,2025-02-11_24,-27.136734621169705,100,72,0,20.771309565220676,16.271619114108614,0.03499398102342628,10.794,0.5461199999999999,True,True,False,False,-903.924630231163,0.0,188.75449558980128,136.70611400212974,8319.703596471842,-39.15789358461754,7702.081682247992
2025-02-11T22:15:00Z,2025-02-11T22:30:00Z,2025-02-12,2025-02-11_24,-27.136734621169705,100,72,0,16.271619114108614,16.078275365668752,0.026643659990911256,6.1775,0.0,True,True,False,False,-903.924630231163,0.0,188.75449558980128,136.70611400212974,1284.3542680476583,0.0,705.8902474084264
2025-02-11T22:30:00Z,2025-02-11T22:45:00Z,2025-02-12,2025-02-11_24,-27.136734621169705,100,72,0,16.078275365668752,19.928095989377084,0.0207962443236943,2.296,0.0,True,True,False,False,-903.924630231163,0.0,188.75449558980128,136.70611400212974,462.74426633983643,0.0,-115.7197542993955
2025-02-11T22:45:00Z,2025-02-11T23:00:00Z,2025-02-12,2025-02-11_24,-27.136734621169705,100,72,0,19.928095989377084,25.73184173913045,0.01809489607554711,0.4485,0.03204,True,True,False,False,-903.924630231163,0.0,188.75449558980128,136.70611400212974,88.96837485684435,-2.323931606758956,-491.81957738914656
2025-02-11T23:00:00Z,2025-02-11T23:15:00Z,2025-02-12,2025-02-12_1,0.0,100,100,0,25.73184173913045,12.55738521739132,0.03659571256038647,12.1205,0.0,True,True,False,False,0.0,0.0,188.75449558980128,189.50794639448677,7446.401140423137,0.0,7824.663582407425
2025-02-11T23:15:00Z,2025-02-11T23:30:00Z,2025-02-12,2025-02-12_1,0.0,100,100,0,12.55738521739132,10.000000000000016,0.007379847826086956,2.3985,0.054,True,True,False,False,0.0,0.0,188.75449558980128,189.50794639448677,541.9007176870064,-3.9167386630768926,916.2464210082176
2025-02-11T23:30:00Z,2025-02-11T23:45:00Z,2025-02-12,2025-02-12_1,0.0,100,100,0,10.000000000000016,11.818840000000016,0.005052333333333333,0.0,1.9769999999999999,True,True,False,False,0.0,0.0,188.75449558980128,189.50794639448677,0.0,-143.2487860400635,235.01365594422455
2025-02-11T23:45:00Z,2025-02-12T00:00:00Z,2025-02-12,2025-02-12_1,0.0,100,100,0,11.818840000000016,16.443220000000018,0.012845500000000001,0.0,5.0265,True,True,False,False,0.0,0.0,188.75449558980128,189.50794639448677,0.0,-295.22443983444174,83.0380021498463
2025-02-12T00:00:00Z,2025-02-12T00:15:00Z,2025-02-12,2025-02-12_2,0.0,100,100,0,16.443220000000018,18.54433304347828,0.005842463768115942,0.001,2.285,True,True,False,False,0.0,0.0,188.75449558980128,189.50794639448677,0.1687729802495429,-165.4045990637118,213.0266159008258
2025-02-12T00:15:00Z,2025-02-12T00:30:00Z,2025-02-12,2025-02-12_2,0.0,100,100,0,18.54433304347828,20.27899304347828,0.0048185,0.0,1.8855,True,True,False,False,0.0,0.0,188.75449558980128,189.50794639448677,0.0,-136.4472982258745,241.81514375841354
2025-02-12T00:30:00Z,2025-02-12T00:45:00Z,2025-02-12,2025-02-12_2,0.0,100,100,0,20.27899304347828,21.406202608695672,0.003140195652173913,0.0015,1.227,True,True,False,False,0.0,0.0,188.75449558980128,189.50794639448677,0.25315947037431435,-88.89987382210525,289.61572763255714
2025-02-12T00:45:00Z,2025-02-12T01:00:00Z,2025-02-12,2025-02-12_2,0.0,100,100,0,21.406202608695672,22.093955652173932,0.002124797101449275,0.0355,0.7894999999999999,True,True,False,False,0.0,0.0,188.75449558980128,189.50794639448677,6.216469329529243,-57.264169898133446,327.2147414156838
2025-02-12T01:00:00Z,2025-02-12T01:15:00Z,2025-02-12,2025-02-12_3,-100.0,100,0,0,22.093955652173932,43.27741565217393,0.05884294444444445,1.9745,0.0,True,True,False,False,-3170.5,0.0,188.75449558980128,0.0,396.28057503365415,0.0,-2585.4649293765447
2025-02-12T01:15:00Z,2025-02-12T01:30:00Z,2025-02-12,2025-02-12_3,-100.0,100,0,0,43.27741565217393,66.04097565217393,0.06323211111111111,0.257,0.0,True,True,False,False,-3170.5,0.0,188.75449558980128,0.0,49.412511301762066,0.0,-2932.3329931084368
2025-02-12T01:30:00Z,2025-02-12T01:45:00Z,2025-02-12,2025-02-12_3,-100.0,100,0,0,66.04097565217393,86.73683565217392,0.0574885,2.5045,0.0,True,True,False,False,-3170.5,0.0,188.75449558980128,0.0,502.77645024210887,0.0,-2478.9690541680898
2025-02-12T01:45:00Z,2025-02-12T02:00:00Z,2025-02-12,2025-02-12_3,-100.0,100,0,0,86.73683565217392,103.96475565217392,0.04785533333333333,6.274,0.0,True,True,False,False,-3170.5,0.0,188.75449558980128,0.0,1272.0975885555845,0.0,-1709.6479158546142
2025-02-12T02:00:00Z,2025-02-12T02:15:00Z,2025-02-12,2025-02-12_4,-20.894422787055152,100,79,0,103.96475565217392,107.11191963905524,0.016277692720408295,1.5774999999999997,0.001185,True,True,False,False,-661.256245153328,0.0,188.75449558980128,149.71127765164454,316.4274004942637,-0.08595065399529848,-6.449022071613798
2025-02-12T02:15:00Z,2025-02-12T02:30:00Z,2025-02-12,2025-02-12_4,-20.894422787055152,100,79,0,107.11191963905524,111.83770505209618,0.013607260839962807,0.1005,0.028044999999999997,True,True,False,False,-661.256245153328,0.0,188.75449558980128,149.71127765164454,18.351351288903178,-2.03416547788873,-306.4732861008677
2025-02-12T02:30:00Z,2025-02-12T02:45:00Z,2025-02-12,2025-02-12_4,-20.894422787055152,100,79,0,111.83770505209618,116.4272471514691,0.013847416626215664,0.22999999999999998,0.028044999999999997,True,True,False,False,-661.256245153328,0.0,188.75449558980128,149.71127765164454,44.18476020172389,-2.03416547788873,-280.639877188047
2025-02-12T02:45:00Z,2025-02-12T03:00:00Z,2025-02-12,2025-02-12_4,-20.894422787055152,100,79,0,116.4272471514691,113.59124000000001,0.026819265164169458,7.263499999999999,0.0,True,True,False,False,-661.256245153328,0.0,188.75449558980128,149.71127765164454,1596.2289549135037,0.0,1273.4384830016215
2025-02-12T03:00:00Z,2025-02-12T03:15:00Z,2025-02-12,2025-02-12_5,-100.0,100,0,0,113.59124000000001,133.54098000000002,0.05541594444444445,3.3155000000000006,0.0,True,True,False,False,-3218.5,0.0,189.1161519760503,0.0,692.9728741636696,0.0,-2336.41097386028
2025-02-12T03:15:00Z,2025-02-12T03:30:00Z,2025-02-12,2025-02-12_5,-100.0,100,0,0,133.54098000000002,155.14396000000005,0.060008277777777785,1.5185,0.0,True,True,False,False,-3218.5,0.0,189.1161519760503,0.0,304.9847649233489,0.0,-2724.399083100601
2025-02-12T03:30:00Z,2025-02-12T03:45:00Z,2025-02-12,2025-02-12_5,-100.0,100,0,0,155.14396000000005,175.73816000000005,0.05720611111111111,2.615,0.0,True,True,False,False,-3218.5,0.0,189.1161519760503,0.0,525.1436579534267,0.0,-2504.240190070523
2025-02-12T03:45:00Z,2025-02-12T04:00:00Z,2025-02-12,2025-02-12_5,-100.0,100,0,0,175.73816000000005,188.02384000000006,0.03412688888888889,11.646,0.0,True,True,False,False,-3218.5,0.0,189.1161519760503,0.0,5523.118600389786,0.0,2493.734752365836
2025-02-12T04:00:00Z,2025-02-12T04:15:00Z,2025-02-12,2025-02-12_6,0.0,0,0,0,188.02384000000006,188.02384000000006,0.0,0.0,0.0,True,False,False,False,0.0,0.0,0.0,0.0,0.0,0.0,0.0
2025-02-12T04:15:00Z,2025-02-12T04:30:00Z,2025-02-12,2025-02-12_6,0.0,0,0,0,188.02384000000006,188.02384000000006,0.0,0.0,0.0,True,False,False,False,0.0,0.0,0.0,0.0,0.0,0.0,0.0
2025-02-12T04:30:00Z,2025-02-12T04:45:00Z,2025-02-12,2025-02-12_6,0.0,0,0,0,188.02384000000006,188.02384000000006,0.0,0.0,0.0,True,False,False,False,0.0,0.0,0.0,0.0,0.0,0.0,0.0
2025-02-12T04:45:00Z,2025-02-12T05:00:00Z,2025-02-12,2025-02-12_6,0.0,0,0,0,188.02384000000006,188.02384000000006,0.0,0.0,0.0,True,False,False,False,0.0,0.0,0.0,0.0,0.0,0.0,0.0
2025-02-12T05:00:00Z,2025-02-12T05:15:00Z,2025-02-12,2025-02-12_7,0.0,100,100,0,188.02384000000006,187.53750000000005,0.01232961111111111,2.2655,2.148,True,True,False,False,0.0,0.0,189.1161519760503,188.57366739667677,563.9593345522493,-142.53033694319984,799.1188169817765
2025-02-12T05:15:00Z,2025-02-12T05:30:00Z,2025-02-12,2025-02-12_7,0.0,100,100,0,187.53750000000005,178.9309782608696,0.023907004830917872,7.918,0.0,True,True,False,False,0.0,0.0,189.1161519760503,188.57366739667677,2019.5219256193366,0.0,2397.211744992064
2025-02-12T05:30:00Z,2025-02-12T05:45:00Z,2025-02-12,2025-02-12_7,0.0,100,100,0,178.9309782608696,170.10163043478266,0.024525966183574877,8.123,0.0,True,True,False,False,0.0,0.0,189.1161519760503,188.57366739667677,2070.0650523397157,0.0,2447.7548717124428
2025-02-12T05:45:00Z,2025-02-12T06:00:00Z,2025-02-12,2025-02-12_7,0.0,100,100,0,170.10163043478266,150.9079017391305,0.053323579710144925,17.6595,0.0015,True,True,False,False,0.0,0.0,189.1161519760503,188.57366739667677,13227.693225673584,-0.10879829619658035,13605.274246750114
2025-02-12T06:00:00Z,2025-02-12T06:15:00Z,2025-02-12,2025-02-12_8,0.0,100,100,0,150.9079017391305,154.2722060869566,0.00994915458937198,0.1,3.775,True,True,False,False,0.0,0.0,196.28900363665585,188.87504771855095,20.011653372445803,-211.12194350123565,194.05376122641695
2025-02-12T06:15:00Z,2025-02-12T06:30:00Z,2025-02-12,2025-02-12_8,0.0,100,100,0,154.2722060869566,154.48553391304355,0.0008462004830917875,0.042,0.2815,True,True,False,False,0.0,0.0,196.28900363665585,188.87504771855095,7.2170533041329294,-20.361254545819854,372.01985011351985
2025-02-12T06:30:00Z,2025-02-12T06:45:00Z,2025-02-12,2025-02-12_8,0.0,100,100,0,154.48553391304355,154.515655652174,0.0003252173913043478,0.04,0.08,True,True,False,False,0.0,0.0,196.28900363665585,188.87504771855095,6.831287295814832,-5.786502179984328,386.2088364710373
2025-02-12T06:45:00Z,2025-02-12T07:00:00Z,2025-02-12,2025-02-12_8,0.0,100,100,0,154.515655652174,153.98237913043485,0.001501768115942029,0.494,0.004,True,True,False,False,0.0,0.0,196.28900363665585,188.87504771855095,96.48994876534528,-0.28932510899921643,481.36467501155283
2025-02-12T07:00:00Z,2025-02-12T07:15:00Z,2025-02-12,2025-02-12_9,0.0,100,100,0,153.98237913043485,134.05248782608703,0.05536080917874396,18.3355,0.0,True,True,False,False,0.0,0.0,188.99559984730064,190.29153523135963,20109.09334602479,0.0,20488.38048110345
2025-02-12T07:15:00Z,2025-02-12T07:30:00Z,2025-02-12,2025-02-12_9,0.0,100,100,0,134.05248782608703,119.83944434782616,0.03948067632850242,13.076000000000002,0.0,True,True,False,False,0.0,0.0,188.99559984730064,190.29153523135963,5900.896063972998,0.0,6280.1831990516575
2025-02-12T07:30:00Z,2025-02-12T07:45:00Z,2025-02-12,2025-02-12_9,0.0,100,100,0,119.83944434782616,103.50357478260877,0.04537741545893719,15.029,0.0,True,True,False,False,0.0,0.0,188.99559984730064,190.29153523135963,5153.194708766148,0.0,5532.481843844808
2025-02-12T07:45:00Z,2025-02-12T08:00:00Z,2025-02-12,2025-02-12_9,0.0,100,100,0,103.50357478260877,98.83530956521747,0.01304407004830918,4.3075,0.015,True,True,False,False,0.0,0.0,188.99559984730064,190.29153523135963,955.0150971449237,-1.0879829619658035,1333.2142492616183
2025-02-12T08:00:00Z,2025-02-12T08:15:00Z,2025-02-12,2025-02-12_10,0.0,100,100,0,98.83530956521747,78.3363965217392,0.056941425120772944,18.859,0.0,True,True,False,False,0.0,0.0,188.99559984730064,189.86960278073576,20288.68202989693,0.0,20667.547232524965
2025-02-12T08:15:00Z,2025-02-12T08:30:00Z,2025-02-12,2025-02-12_10,0.0,100,100,0,78.3363965217392,67.44082956521747,0.03029613043478261,10.029,0.006,True,True,False,False,0.0,0.0,188.99559984730064,189.86960278073576,4819.342442587049,-0.4339876634988246,5197.773657551586
2025-02-12T08:30:00Z,2025-02-12T08:45:00Z,2025-02-12,2025-02-12_10,0.0,100,100,0,67.44082956521747,71.28622173913051,0.010705799516908213,0.004,4.1845,True,True,False,False,0.0,0.0,188.99559984730064,189.86960278073576,0.6750919209981716,-275.5619068332965,103.97838771573805
2025-02-12T08:45:00Z,2025-02-12T09:00:00Z,2025-02-12,2025-02-12_10,0.0,100,100,0,71.28622173913051,79.32012173913051,0.022316388888888893,0.0,8.7325,True,True,False,False,0.0,0.0,188.99559984730064,189.86960278073576,0.0,-489.5172354383074,-110.65203281027101
2025-02-12T09:00:00Z,2025-02-12T09:15:00Z,2025-02-12,2025-02-12_11,-12.608333561137655,100,87,0,79.32012173913051,66.41631898385192,0.04268722593803717,14.881,0.06307499999999999,True,True,False,False,-520.7872177427909,0.0,188.99559984730064,165.1865544192401,15990.193759619056,-4.565184766229329,15819.023511376578
2025-02-12T09:15:00Z,2025-02-12T09:30:00Z,2025-02-12,2025-02-12_11,-12.608333561137655,100,87,0,66.41631898385192,66.82735081336858,0.013487938876297421,2.3395,0.00522,True,True,False,False,-520.7872177427909,0.0,188.99559984730064,165.1865544192401,469.1362389745032,-0.3786180707640996,302.152557427489
2025-02-12T09:30:00Z,2025-02-12T09:45:00Z,2025-02-12,2025-02-12_11,-12.608333561137655,100,87,0,66.82735081336858,63.3281003416701,0.02196197752219686,6.0035,0.0,True,True,False,False,-520.7872177427909,0.0,188.99559984730064,165.1865544192401,3214.096174880955,0.0,3047.491111404705
2025-02-12T09:45:00Z,2025-02-12T10:00:00Z,2025-02-12,2025-02-12_11,-12.608333561137655,100,87,0,63.3281003416701,66.43952490434789,0.01055585802942428,0.3625,0.64989,True,True,False,False,-520.7872177427909,0.0,188.99559984730064,165.1865544192401,71.96751371280465,-29.545701328082615,-124.18325109152808
2025-02-12T10:00:00Z,2025-02-12T10:15:00Z,2025-02-12,2025-02-12_12,0.0,100,100,0,66.43952490434789,69.37156490434789,0.008144555555555554,0.0,3.1869999999999994,True,True,False,False,0.0,0.0,188.99559984730064,189.86960278073576,0.0,-218.52378734604486,160.34141528199154
2025-02-12T10:15:00Z,2025-02-12T10:30:00Z,2025-02-12,2025-02-12_12,0.0,100,100,0,69.37156490434789,71.7994449043479,0.006744111111111111,0.0,2.639,True,True,False,False,0.0,0.0,188.99559984730064,189.86960278073576,0.0,-190.88224066223302,187.98296196580338
2025-02-12T10:30:00Z,2025-02-12T10:45:00Z,2025-02-12,2025-02-12_12,0.0,100,100,0,71.7994449043479,73.8620849043479,0.0057295555555555554,0.0,2.242,True,True,False,False,0.0,0.0,188.99559984730064,189.86960278073576,0.0,-161.54598541319243,217.31921721484397
2025-02-12T10:45:00Z,2025-02-12T11:00:00Z,2025-02-12,2025-02-12_12,0.0,100,100,0,73.8620849043479,73.89344577391311,0.0008328864734299517,0.1235,0.18,True,True,False,False,0.0,0.0,188.99559984730064,189.86960278073576,22.919968254606093,-13.019629904964738,388.76554097767774
2025-02-12T11:00:00Z,2025-02-12T11:15:00Z,2025-02-12,2025-02-12_13,0.0,100,100,0,73.89344577391311,77.42624577391311,0.009813333333333334,0.0,3.84,True,True,False,False,0.0,0.0,188.99559984730064,189.86960278073576,0.0,-277.53298909003234,101.33221353800405
2025-02-12T11:15:00Z,2025-02-12T11:30:00Z,2025-02-12,2025-02-12_13,0.0,100,100,0,77.42624577391311,81.60856577391311,0.011617555555555558,0.0,4.546,True,True,False,False,0.0,0.0,188.99559984730064,189.86960278073576,0.0,-308.9747342830162,69.89046834502022
2025-02-12T11:30:00Z,2025-02-12T11:45:00Z,2025-02-12,2025-02-12_13,0.0,100,100,0,81.60856577391311,86.17624664347834,0.012808775362318843,0.02,4.9885,True,True,False,False,0.0,0.0,188.99559984730064,189.86960278073576,3.998412730304796,-249.0782074903056,133.7854078680356
2025-02-12T11:45:00Z,2025-02-12T12:00:00Z,2025-02-12,2025-02-12_13,0.0,100,100,0,86.17624664347834,86.22895794782616,0.0005359130434782609,0.0645,0.1335,True,True,False,False,0.0,0.0,188.99559984730064,189.86960278073576,12.19565911876394,-9.68304836149565,381.3778133853047
2025-02-12T12:00:00Z,2025-02-12T12:15:00Z,2025-02-12,2025-02-12_14,-100.0,100,0,0,86.22895794782616,109.15443794782615,0.06368188888888887,0.081,0.0,True,True,False,False,-3750.0,0.0,188.99559984730064,0.0,15.012349360069116,0.0,-3545.9920507926304
2025-02-12T12:15:00Z,2025-02-12T12:30:00Z,2025-02-12,2025-02-12_14,-100.0,100,0,0,109.15443794782615,132.00355794782615,0.06346977777777778,0.164,0.0,True,True,False,False,-3750.0,0.0,188.99559984730064,0.0,30.474060798456932,0.0,-3530.5303393542426
2025-02-12T12:30:00Z,2025-02-12T12:45:00Z,2025-02-12,2025-02-12_14,-100.0,100,0,0,132.00355794782615,154.27215794782614,0.06185722222222223,0.795,0.0,True,True,False,False,-3750.0,0.0,188.99559984730064,0.0,159.08114363786143,0.0,-3401.9232565148377
2025-02-12T12:45:00Z,2025-02-12T13:00:00Z,2025-02-12,2025-02-12_14,-100.0,100,0,0,154.27215794782614,176.74269794782617,0.06241816666666668,0.5755,0.0,True,True,False,False,-3750.0,0.0,188.99559984730064,0.0,113.26172088163791,0.0,-3447.7426792710617
2025-02-12T13:00:00Z,2025-02-12T13:15:00Z,2025-02-12,2025-02-12_15,-21.0,100,79,0,176.74269794782617,187.06076474782617,0.02866129666666667,0.0,5.96529,True,True,False,False,-902.0025,0.0,188.99559984730064,149.99698619678125,0.0,-271.4122452412047,-834.4221591971228
2025-02-12T13:15:00Z,2025-02-12T13:30:00Z,2025-02-12,2025-02-12_15,-21.0,100,79,0,187.06076474782617,190.00000000000009,0.01837109429951691,2.1395,0.39104999999999995,True,True,False,False,-902.0025,0.0,188.99559984730064,149.99698619678125,436.21796126258255,-28.28514596853589,-155.0770986618715
2025-02-12T13:30:00Z,2025-02-12T13:45:00Z,2025-02-12,2025-02-12_15,-21.0,100,79,0,190.00000000000009,174.02508184347835,0.049979182657004836,19.7785,0.0,True,True,False,False,-902.0025,0.0,188.99559984730064,149.99698619678125,22567.63370145265,0.0,22004.623787496734
2025-02-12T13:45:00Z,2025-02-12T14:00:00Z,2025-02-12,2025-02-12_15,-21.0,100,79,0,174.02508184347835,155.14062031304354,0.05509240758454107,22.5445,0.0,True,True,False,False,-902.0025,0.0,188.99559984730064,149.99698619678125,26156.063582507886,0.0,25593.05366855197
2025-02-12T14:00:00Z,2025-02-12T14:15:00Z,2025-02-12,2025-02-12_16,-100.0,100,0,0,155.14062031304354,176.76522031304353,0.060068333333333335,1.495,0.0,True,True,False,False,-4681.0,0.0,189.44767033011192,0.0,299.21687127041855,0.0,-4192.33545839947
2025-02-12T14:15:00Z,2025-02-12T14:30:00Z,2025-02-12,2025-02-12_16,-100.0,100,0,0,176.76522031304353,183.28388031304354,0.018107388888888888,17.9145,0.0,True,True,False,False,-4681.0,0.0,189.44767033011192,0.0,13911.429369914207,0.0,9419.877040244319
2025-02-12T14:30:00Z,2025-02-12T14:45:00Z,2025-02-12,2025-02-12_16,-100.0,100,0,0,183.28388031304354,186.30286031304354,0.00838605555555556,21.7185,0.0,True,True,False,False,-4681.0,0.0,189.44767033011192,0.0,26177.750396817424,0.0,21686.198067147536
2025-02-12T14:45:00Z,2025-02-12T15:00:00Z,2025-02-12,2025-02-12_16,-100.0,100,0,0,186.30286031304354,189.90098031304353,0.00999477777777778,21.089,0.0,True,True,False,False,-4681.0,0.0,189.44767033011192,0.0,24853.105361355003,0.0,20361.553031685115
2025-02-12T15:00:00Z,2025-02-12T15:15:00Z,2025-02-12,2025-02-12_17,-0.1076300945180225,0,0,0,189.90098031304353,189.92573523478268,6.876367149762548e-05,0.0,0.0,True,False,False,False,-5.661073896411688,0.0,0.0,0.0,0.0,0.0,-5.661073896411688
2025-02-12T15:15:00Z,2025-02-12T15:30:00Z,2025-02-12,2025-02-12_17,-0.1076300945180225,0,0,0,189.92573523478268,189.95049015652182,6.876367149762548e-05,0.0,0.0,True,False,False,False,-5.661073896411688,0.0,0.0,0.0,0.0,0.0,-5.661073896411688
2025-02-12T15:30:00Z,2025-02-12T15:45:00Z,2025-02-12,2025-02-12_17,-0.1076300945180225,0,0,0,189.95049015652182,189.97524507826097,6.876367149762548e-05,0.0,0.0,True,False,False,False,-5.661073896411688,0.0,0.0,0.0,0.0,0.0,-5.661073896411688
2025-02-12T15:45:00Z,2025-02-12T16:00:00Z,2025-02-12,2025-02-12_17,-0.1076300945180225,0,0,0,189.97524507826097,190.0000000000001,6.876367149762548e-05,0.0,0.0,True,False,False,False,-5.661073896411688,0.0,0.0,0.0,0.0,0.0,-5.661073896411688
2025-02-12T16:00:00Z,2025-02-12T16:15:00Z,2025-02-12,2025-02-12_18,99.99999999999997,0,0,0,190.0000000000001,162.82608695652186,0.07548309178743959,0.0,0.0,True,False,False,False,9318.999999999996,0.0,0.0,0.0,0.0,0.0,9318.999999999996
2025-02-12T16:15:00Z,2025-02-12T16:30:00Z,2025-02-12,2025-02-12_18,99.99999999999997,0,0,0,162.82608695652186,135.6521739130436,0.07548309178743959,0.0,0.0,True,False,False,False,9318.999999999996,0.0,0.0,0.0,0.0,0.0,9318.999999999996
2025-02-12T16:30:00Z,2025-02-12T16:45:00Z,2025-02-12,2025-02-12_18,99.99999999999997,0,0,0,135.6521739130436,108.47826086956536,0.07548309178743959,0.0,0.0,True,False,False,False,9318.999999999996,0.0,0.0,0.0,0.0,0.0,9318.999999999996
2025-02-12T16:45:00Z,2025-02-12T17:00:00Z,2025-02-12,2025-02-12_18,99.99999999999997,0,0,0,108.47826086956536,81.30434782608711,0.07548309178743959,0.0,0.0,True,False,False,False,9318.999999999996,0.0,0.0,0.0,0.0,0.0,9318.999999999996
2025-02-12T17:00:00Z,2025-02-12T17:15:00Z,2025-02-12,2025-02-12_19,65.59999999999998,0,0,0,81.30434782608711,63.478260869565375,0.049516908212560364,0.0,0.0,True,False,False,False,5272.763999999998,0.0,0.0,0.0,0.0,0.0,5272.763999999998
2025-02-12T17:15:00Z,2025-02-12T17:30:00Z,2025-02-12,2025-02-12_19,65.59999999999998,0,0,0,63.478260869565375,45.65217391304364,0.049516908212560364,0.0,0.0,True,False,False,False,5272.763999999998,0.0,0.0,0.0,0.0,0.0,5272.763999999998
2025-02-12T17:30:00Z,2025-02-12T17:45:00Z,2025-02-12,2025-02-12_19,65.59999999999998,0,0,0,45.65217391304364,27.82608695652191,0.049516908212560364,0.0,0.0,True,False,False,False,5272.763999999998,0.0,0.0,0.0,0.0,0.0,5272.763999999998
2025-02-12T17:45:00Z,2025-02-12T18:00:00Z,2025-02-12,2025-02-12_19,65.59999999999998,0,0,0,27.82608695652191,10.000000000000178,0.049516908212560364,0.0,0.0,True,False,False,False,5272.763999999998,0.0,0.0,0.0,0.0,0.0,5272.763999999998
2025-02-12T18:00:00Z,2025-02-12T18:15:00Z,2025-02-12,2025-02-12_20,-28.79481997164463,0,0,0,10.000000000000178,16.622808593478442,0.018396690537439624,0.0,0.0,True,False,False,False,-1740.5748802359885,0.0,0.0,0.0,0.0,0.0,-1740.5748802359885
2025-02-12T18:15:00Z,2025-02-12T18:30:00Z,2025-02-12,2025-02-12_20,-28.79481997164463,0,0,0,16.622808593478442,23.245617186956707,0.018396690537439624,0.0,0.0,True,False,False,False,-1740.5748802359885,0.0,0.0,0.0,0.0,0.0,-1740.5748802359885
2025-02-12T18:30:00Z,2025-02-12T18:45:00Z,2025-02-12,2025-02-12_20,-28.79481997164463,0,0,0,23.245617186956707,29.868425780434972,0.018396690537439624,0.0,0.0,True,False,False,False,-1740.5748802359885,0.0,0.0,0.0,0.0,0.0,-1740.5748802359885
2025-02-12T18:45:00Z,2025-02-12T19:00:00Z,2025-02-12,2025-02-12_20,-28.79481997164463,0,0,0,29.868425780434972,36.49123437391324,0.018396690537439624,0.0,0.0,True,False,False,False,-1740.5748802359885,0.0,0.0,0.0,0.0,0.0,-1740.5748802359885
2025-02-12T19:00:00Z,2025-02-12T19:15:00Z,2025-02-12,2025-02-12_21,-13.0,100,87,0,36.49123437391324,19.087514130434975,0.05223432178743962,19.1445,0.0,True,True,False,False,-762.2225,0.0,188.75449558980128,164.87191336320348,23078.302212935247,0.0,22669.70612188825
2025-02-12T19:15:00Z,2025-02-12T19:30:00Z,2025-02-12,2025-02-12_21,-13.0,100,87,0,19.087514130434975,14.487592391304542,0.024654504830917873,7.124999999999999,0.0,True,True,False,False,-762.2225,0.0,188.75449558980128,164.87191336320348,2108.145933374856,0.0,1699.549842327861
2025-02-12T19:30:00Z,2025-02-12T19:45:00Z,2025-02-12,2025-02-12_21,-13.0,100,87,0,14.487592391304542,12.422438200000196,0.019194529420289853,4.7455,0.0,True,True,False,False,-762.2225,0.0,188.75449558980128,164.87191336320348,1334.7411205320368,0.0,926.1450294850416
2025-02-12T19:45:00Z,2025-02-12T20:00:00Z,2025-02-12,2025-02-12_21,-13.0,100,87,0,12.422438200000196,18.617516339130628,0.01723481850241546,0.005,3.48957,True,True,False,False,-762.2225,0.0,188.75449558980128,164.87191336320348,0.8438649012477146,-226.65623390126783,-634.4084600470153
2025-02-12T20:00:00Z,2025-02-12T20:15:00Z,2025-02-12,2025-02-12_22,-46.94621019200906,100,53,0,18.617516339130628,17.873297741831717,0.034847719661040194,11.5225,0.08639000000000001,True,True,False,False,-2166.6849658866986,0.0,188.75449558980128,100.43921158907797,10752.033664181954,-6.248699041610577,8868.293706432523
2025-02-12T20:15:00Z,2025-02-12T20:30:00Z,2025-02-12,2025-02-12_22,-46.94621019200906,100,53,0,17.873297741831717,14.90082755284848,0.035483681374110586,13.653,0.0,True,True,False,False,-2166.6849658866986,0.0,188.75449558980128,100.43921158907797,11719.941924815656,0.0,9842.450666107836
2025-02-12T20:30:00Z,2025-02-12T20:45:00Z,2025-02-12,2025-02-12_22,-46.94621019200906,100,53,0,14.90082755284848,25.22338082867379,0.030911565390630794,0.6985,0.249365,True,True,False,False,-2166.6849658866986,0.0,188.75449558980128,100.43921158907797,139.6674404773864,-18.0368889513974,-1755.8607071818303
2025-02-12T20:45:00Z,2025-02-12T21:00:00Z,2025-02-12,2025-02-12_22,-46.94621019200906,100,53,0,25.22338082867379,37.45504077283587,0.033976833178228014,0.0,1.55873,True,True,False,False,-2166.6849658866986,0.0,188.75449558980128,100.43921158907797,0.0,-100.37524686865845,-1977.8665055764777
2025-02-12T21:00:00Z,2025-02-12T21:15:00Z,2025-02-12,2025-02-12_23,0.0,100,100,0,37.45504077283587,19.67685555544457,0.05003040338164251,16.463,0.1265,True,True,False,False,0.0,0.0,188.75449558980128,189.86960278073576,15951.185305499188,-9.14990657210022,16320.659497297625
2025-02-12T21:15:00Z,2025-02-12T21:30:00Z,2025-02-12,2025-02-12_23,0.0,100,100,0,19.67685555544457,11.435593816314134,0.022907727053140092,7.584499999999999,0.003,True,True,False,False,0.0,0.0,188.75449558980128,189.86960278073576,2151.2224061200295,-0.2169938317494123,2529.6295106588173
2025-02-12T21:30:00Z,2025-02-12T21:45:00Z,2025-02-12,2025-02-12_23,0.0,100,100,0,11.435593816314134,10.129199903270655,0.003674871980676328,1.2095,0.009,True,True,False,False,0.0,0.0,188.75449558980128,189.86960278073576,241.2759426171867,-0.6509814952482369,619.2490594924755
2025-02-12T21:45:00Z,2025-02-12T22:00:00Z,2025-02-12,2025-02-12_23,0.0,100,100,0,10.129199903270655,10.176556425009785,0.0004817874396135266,0.058,0.12,True,True,False,False,0.0,0.0,188.75449558980128,189.86960278073576,10.204135741696973,-8.679753269976493,380.1484808422575
2025-02-12T22:00:00Z,2025-02-12T22:15:00Z,2025-02-13,2025-02-12_24,-98.70428407712646,100,1,0,10.176556425009785,23.24147438173685,0.03710912471385477,10.4505,0.0,True,True,False,False,-4076.7336930955157,0.0,188.75828812537674,1.9623267028330318,7889.0440244122965,0.0,4003.0309461449906
2025-02-12T22:15:00Z,2025-02-12T22:30:00Z,2025-02-13,2025-02-12_24,-98.70428407712646,100,1,0,23.24147438173685,42.53698855489449,0.053887682764755224,3.694,0.0,True,True,False,False,-4076.7336930955157,0.0,188.75828812537674,1.9623267028330318,741.2151649588105,0.0,-3144.7979133084955
2025-02-12T22:30:00Z,2025-02-12T22:45:00Z,2025-02-13,2025-02-12_24,-98.70428407712646,100,1,0,42.53698855489449,55.382431650449284,0.036518094325915115,10.6885,0.0,True,True,False,False,-4076.7336930955157,0.0,188.75828812537674,1.9623267028330318,7802.789691782196,0.0,3916.7766135148904
2025-02-12T22:45:00Z,2025-02-12T23:00:00Z,2025-02-13,2025-02-12_24,-98.70428407712646,100,1,0,55.382431650449284,78.04282525217393,0.06295164079235009,0.078,0.032975,True,True,False,False,-4076.7336930955157,0.0,188.75828812537674,1.9623267028330318,14.96955877034358,7.635458313240908,-3863.4080611837217
2025-02-12T23:00:00Z,2025-02-12T23:15:00Z,2025-02-13,2025-02-13_1,0.0,100,100,0,78.04282525217393,76.41609655652175,0.016218024154589374,3.434,2.289,True,True,False,False,0.0,0.0,188.75828812537674,196.23267028330318,777.9227803897932,-22.109063291139243,1140.8046755073337
2025-02-12T23:15:00Z,2025-02-12T23:30:00Z,2025-02-13,2025-02-13_1,0.0,100,100,0,76.41609655652175,68.22859655652175,0.022743055555555555,7.532500000000001,0.0,True,True,False,False,0.0,0.0,188.75828812537674,196.23267028330318,1537.793852220213,0.0,1922.784810628893
2025-02-12T23:30:00Z,2025-02-12T23:45:00Z,2025-02-13,2025-02-13_1,0.0,100,100,0,68.22859655652175,60.90740090434784,0.02033665458937198,6.7355,0.0,True,True,False,False,0.0,0.0,188.75828812537674,196.23267028330318,1465.3982241310027,0.0,1850.3891825396827
2025-02-12T23:45:00Z,2025-02-13T00:00:00Z,2025-02-13,2025-02-13_1,0.0,100,100,0,60.90740090434784,57.137835686956535,0.010471014492753623,3.4680000000000004,0.0,True,True,False,False,0.0,0.0,188.75828812537674,196.23267028330318,696.7175069318868,0.0,1081.7084653405666
2025-02-13T00:00:00Z,2025-02-13T00:15:00Z,2025-02-13,2025-02-13_2,-100.0,100,0,0,57.137835686956535,61.65595568695654,0.012550333333333337,20.089,0.0,True,True,False,False,-3762.5,0.0,188.75828812537674,0.0,22214.11105063291,0.0,18640.369338758286
2025-02-13T00:15:00Z,2025-02-13T00:30:00Z,2025-02-13,2025-02-13_2,-100.0,100,0,0,61.65595568695654,70.96773568695654,0.02586605555555556,14.8785,0.0,True,True,False,False,-3762.5,0.0,188.75828812537674,0.0,8699.246997890295,0.0,5125.505286015672
2025-02-13T00:30:00Z,2025-02-13T00:45:00Z,2025-02-13,2025-02-13_2,-100.0,100,0,0,70.96773568695654,80.54263568695654,0.026596944444444447,14.5925,0.0,True,True,False,False,-3762.5,0.0,188.75828812537674,0.0,8785.17170986538,0.0,5211.429997990757
2025-02-13T00:45:00Z,2025-02-13T01:00:00Z,2025-02-13,2025-02-13_2,-100.0,100,0,0,80.54263568695654,94.75249568695655,0.03947183333333334,9.5545,0.0,True,True,False,False,-3762.5,0.0,188.75828812537674,0.0,2633.1564649387183,0.0,-940.5852469359049
2025-02-13T01:00:00Z,2025-02-13T01:15:00Z,2025-02-13,2025-02-13_3,0.0,100,100,0,94.75249568695655,94.38360177391307,0.0010707053140096617,0.347,0.009,True,True,False,False,0.0,0.0,188.75828812537674,195.90114526823385,67.33487241310024,-0.6528028933092224,451.3415029134016
2025-02-13T01:15:00Z,2025-02-13T01:30:00Z,2025-02-13,2025-02-13_3,0.0,100,100,0,94.38360177391307,94.00606003478264,0.0012097270531400966,0.374,0.0315,True,True,False,False,0.0,0.0,188.75828812537674,195.90114526823385,72.90745629897529,-2.2848101265822782,455.2820795660036
2025-02-13T01:30:00Z,2025-02-13T01:45:00Z,2025-02-13,2025-02-13_3,0.0,100,100,0,94.00606003478264,89.14247307826089,0.013509963768115942,4.4745,0.0,True,True,False,False,0.0,0.0,188.75828812537674,195.90114526823385,898.977126280892,0.0,1283.6365596745027
2025-02-13T01:45:00Z,2025-02-13T02:00:00Z,2025-02-13,2025-02-13_3,0.0,100,100,0,89.14247307826089,86.20714699130437,0.008153683574879226,2.7005,0.0,True,True,False,False,0.0,0.0,188.75828812537674,195.90114526823385,542.0072247337753,0.0,926.6666581273859
2025-02-13T02:00:00Z,2025-02-13T02:15:00Z,2025-02-13,2025-02-13_4,-100.0,100,0,0,86.20714699130437,106.96142699130436,0.05765077777777778,2.441,0.0,True,True,False,False,-3533.2500000000005,0.0,188.75828812537674,0.0,489.79643459915604,0.0,-2854.6952772754676
2025-02-13T02:15:00Z,2025-02-13T02:30:00Z,2025-02-13,2025-02-13_4,-100.0,100,0,0,106.96142699130436,128.98484699130435,0.06117616666666666,1.0615,0.0,True,True,False,False,-3533.2500000000005,0.0,188.75828812537674,0.0,212.42882178018888,0.0,-3132.062890094435
2025-02-13T02:30:00Z,2025-02-13T02:45:00Z,2025-02-13,2025-02-13_4,-100.0,100,0,0,128.98484699130435,150.04134699130435,0.05849027777777778,2.1125,0.0,True,True,False,False,-3533.2500000000005,0.0,188.75828812537674,0.0,423.47199618243917,0.0,-2921.0197156921845
2025-02-13T02:45:00Z,2025-02-13T03:00:00Z,2025-02-13,2025-02-13_4,-100.0,100,0,0,150.04134699130435,170.68522699130438,0.0573441111111111,2.561,0.0,True,True,False,False,-3533.2500000000005,0.0,188.75828812537674,0.0,513.7951577255374,0.0,-2830.6965541490863
2025-02-13T03:00:00Z,2025-02-13T03:15:00Z,2025-02-13,2025-02-13_5,-41.0,100,59,0,170.68522699130438,178.5883396956522,0.027357861376811596,1.517,0.019765,True,True,False,False,-1501.625,0.0,188.75828812537674,115.58167570825798,304.0659925658027,-1.4312568404661443,-894.6503004410288
2025-02-13T03:15:00Z,2025-02-13T03:30:00Z,2025-02-13,2025-02-13_5,-41.0,100,59,0,178.5883396956522,177.75436213043483,0.033587532125603864,10.0775,0.0,True,True,False,False,-1501.625,0.0,188.75828812537674,115.58167570825798,2448.9317158931085,0.0,1251.6466797267433
2025-02-13T03:30:00Z,2025-02-13T03:45:00Z,2025-02-13,2025-02-13_5,-41.0,100,59,0,177.75436213043483,186.86225578260874,0.026527089855072464,0.3445,0.03127,True,True,False,False,-1501.625,0.0,188.75828812537674,115.58167570825798,66.73069519791038,-2.266292778782399,-1132.8206337472373
2025-02-13T03:45:00Z,2025-02-13T04:00:00Z,2025-02-13,2025-02-13_5,-41.0,100,59,0,186.86225578260874,190.00000000000003,0.030744760507246373,6.183,0.005605,True,True,False,False,-1501.625,0.0,188.75828812537674,115.58167570825798,1794.1371482820975,-0.4061367008237894,596.4459754149085
2025-02-13T04:00:00Z,2025-02-13T04:15:00Z,2025-02-13,2025-02-13_6,-1.2357264969740872e-13,0,0,0,190.00000000000003,190.00000000000006,7.894919286223336e-17,0.0,0.0,True,False,False,False,-5.2212533813397615e-12,0.0,0.0,0.0,0.0,0.0,-5.2212533813397615e-12
2025-02-13T04:15:00Z,2025-02-13T04:30:00Z,2025-02-13,2025-02-13_6,-1.2357264969740872e-13,0,0,0,190.00000000000006,190.00000000000009,7.894919286223336e-17,0.0,0.0,True,False,False,False,-5.2212533813397615e-12,0.0,0.0,0.0,0.0,0.0,-5.2212533813397615e-12
2025-02-13T04:30:00Z,2025-02-13T04:45:00Z,2025-02-13,2025-02-13_6,-1.2357264969740872e-13,0,0,0,190.00000000000009,190.0000000000001,7.894919286223336e-17,0.0,0.0,True,False,False,False,-5.2212533813397615e-12,0.0,0.0,0.0,0.0,0.0,-5.2212533813397615e-12
2025-02-13T04:45:00Z,2025-02-13T05:00:00Z,2025-02-13,2025-02-13_6,-1.2357264969740872e-13,0,0,0,190.0000000000001,190.00000000000014,7.894919286223336e-17,0.0,0.0,True,False,False,False,-5.2212533813397615e-12,0.0,0.0,0.0,0.0,0.0,-5.2212533813397615e-12
2025-02-13T05:00:00Z,2025-02-13T05:15:00Z,2025-02-13,2025-02-13_7,-1.2357264969740872e-13,0,0,0,190.00000000000014,190.00000000000017,7.894919286223336e-17,0.0,0.0,True,False,False,False,-6.91759693006094e-12,0.0,0.0,0.0,0.0,0.0,-6.91759693006094e-12
2025-02-13T05:15:00Z,2025-02-13T05:30:00Z,2025-02-13,2025-02-13_7,-1.2357264969740872e-13,0,0,0,190.00000000000017,190.0000000000002,7.894919286223336e-17,0.0,0.0,True,False,False,False,-6.91759693006094e-12,0.0,0.0,0.0,0.0,0.0,-6.91759693006094e-12
2025-02-13T05:30:00Z,2025-02-13T05:45:00Z,2025-02-13,2025-02-13_7,-1.2357264969740872e-13,0,0,0,190.0000000000002,190.00000000000023,7.894919286223336e-17,0.0,0.0,True,False,False,False,-6.91759693006094e-12,0.0,0.0,0.0,0.0,0.0,-6.91759693006094e-12
2025-02-13T05:45:00Z,2025-02-13T06:00:00Z,2025-02-13,2025-02-13_7,-1.2357264969740872e-13,0,0,0,190.00000000000023,190.00000000000026,7.894919286223336e-17,0.0,0.0,True,False,False,False,-6.91759693006094e-12,0.0,0.0,0.0,0.0,0.0,-6.91759693006094e-12
2025-02-13T06:00:00Z,2025-02-13T06:15:00Z,2025-02-13,2025-02-13_8,100.0,0,100,0,190.00000000000026,162.826086956522,0.0754830917874396,0.0,0.0,True,True,False,False,9000.5,0.0,0.0,189.873417721519,0.0,0.0,9190.37341772152
2025-02-13T06:15:00Z,2025-02-13T06:30:00Z,2025-02-13,2025-02-13_8,100.0,0,100,0,162.826086956522,135.65434782608725,0.07547705314009662,0.0,0.002,True,True,False,False,9000.5,0.0,0.0,189.873417721519,0.0,-0.14707655213984328,9190.226341169378
2025-02-13T06:30:00Z,2025-02-13T06:45:00Z,2025-02-13,2025-02-13_8,100.0,0,100,0,135.65434782608725,108.55380434782639,0.07527928743961353,0.0,0.0675,True,True,False,False,9000.5,0.0,0.0,189.873417721519,0.0,-4.946962025316456,9185.426455696203
2025-02-13T06:45:00Z,2025-02-13T07:00:00Z,2025-02-13,2025-02-13_8,100.0,0,100,0,108.55380434782639,81.66576086956552,0.07468900966183574,0.0,0.263,True,True,False,False,9000.5,0.0,0.0,189.873417721519,0.0,-19.078359252561786,9171.295058468957
2025-02-13T07:00:00Z,2025-02-13T07:15:00Z,2025-02-13,2025-02-13_9,66.70103126440804,33,100,0,81.66576086956552,71.22773522783393,0.04167997980442528,0.0,7.4535,True,True,False,False,5184.837912760599,0.0,62.36980108499096,190.7474382157926,0.0,-315.58092043399637,5122.374231627386
2025-02-13T07:15:00Z,2025-02-13T07:30:00Z,2025-02-13,2025-02-13_9,66.70103126440804,33,100,0,71.22773522783393,53.122389880011056,0.050366660673330135,0.022935000000000004,0.0435,True,True,False,False,5184.837912760599,0.0,62.36980108499096,190.7474382157926,4.072453251959011,-3.155213984327908,5438.872391329013
2025-02-13T07:30:00Z,2025-02-13T07:45:00Z,2025-02-13,2025-02-13_9,66.70103126440804,33,100,0,53.122389880011056,37.78694310248699,0.04720223069286654,0.0,2.705,True,True,False,False,5184.837912760599,0.0,62.36980108499096,190.7474382157926,0.0,-194.15019288728146,5243.804959174101
2025-02-13T07:45:00Z,2025-02-13T08:00:00Z,2025-02-13,2025-02-13_9,66.70103126440804,33,100,0,37.78694310248699,33.03842439886202,0.035264586095657,0.0,12.97,True,True,False,False,5184.837912760599,0.0,62.36980108499096,190.7474382157926,0.0,-540.6824773960217,4897.272674665361
2025-02-13T08:00:00Z,2025-02-13T08:15:00Z,2025-02-13,2025-02-13_10,73.13645691861961,26,100,0,33.03842439886202,19.034570767236566,0.04663384626136083,0.0,5.633,True,True,False,False,4926.471738038217,0.0,49.139843279083784,189.873417721519,0.0,-359.76727144866385,4805.717727590156
2025-02-13T08:15:00Z,2025-02-13T08:30:00Z,2025-02-13,2025-02-13_10,73.13645691861961,26,100,0,19.034570767236566,10.000000000000302,0.03937755501410628,0.0,10.4015,True,True,False,False,4926.471738038217,0.0,49.139843279083784,189.873417721519,0.0,6566.4124032549735,11731.897402293793
2025-02-13T08:30:00Z,2025-02-13T08:45:00Z,2025-02-13,2025-02-13_10,73.13645691861961,26,100,0,10.000000000000302,15.211540462214032,0.018574969401105722,0.0,24.072,True,True,False,False,4926.471738038217,0.0,49.139843279083784,189.873417721519,0.0,20840.07886678722,26005.56386582604
2025-02-13T08:45:00Z,2025-02-13T09:00:00Z,2025-02-13,2025-02-13_10,73.13645691861961,26,100,0,15.211540462214032,11.005568237946683,0.03232669510131318,0.0,15.035000000000002,True,True,False,False,4926.471738038217,0.0,49.139843279083784,189.873417721519,0.0,6561.362210166768,11726.847209205587
2025-02-13T09:00:00Z,2025-02-13T09:15:00Z,2025-02-13,2025-02-13_11,0.0,100,100,0,11.005568237946683,11.402942150990162,0.0014389613526570048,0.05550000000000001,0.49750000000000005,True,True,False,False,0.0,0.0,188.9993972272453,197.0464135021097,6.112114526823388,-35.98553345388788,356.1723918022905
2025-02-13T09:15:00Z,2025-02-13T09:30:00Z,2025-02-13,2025-02-13_11,0.0,100,100,0,11.402942150990162,11.672434324903206,0.0010505217391304348,0.05,0.352,True,True,False,False,0.0,0.0,188.9993972272453,197.0464135021097,3.0138637733574445,-25.461121157323685,363.5985533453888
2025-02-13T09:30:00Z,2025-02-13T09:45:00Z,2025-02-13,2025-02-13_11,0.0,100,100,0,11.672434324903206,11.784601281424946,0.0005138695652173914,0.0335,0.1615,True,True,False,False,0.0,0.0,188.9993972272453,197.0464135021097,2.019288728149488,-11.681735985533454,376.38336347197105
2025-02-13T09:45:00Z,2025-02-13T10:00:00Z,2025-02-13,2025-02-13_11,0.0,100,100,0,11.784601281424946,11.699214324903208,0.0006716304347826087,0.1505,0.085,True,True,False,False,0.0,0.0,188.9993972272453,197.0464135021097,15.23448874824191,-6.148282097649186,395.13201737994774
2025-02-13T10:00:00Z,2025-02-13T10:15:00Z,2025-02-13,2025-02-13_12,-17.70790532793465,100,82,0,11.699214324903208,13.720275079832492,0.01571918896391256,2.0335,0.10701,True,True,False,False,-827.6232252643457,0.0,188.9993972272453,161.5780590717299,404.90674472573835,-7.740325497287521,-79.87934973691965
2025-02-13T10:15:00Z,2025-02-13T10:30:00Z,2025-02-13,2025-02-13_12,-17.70790532793465,100,82,0,13.720275079832492,22.907170905257463,0.025519155070624917,0.0,5.5587800000000005,True,True,False,False,-827.6232252643457,0.0,188.9993972272453,161.5780590717299,0.0,-229.12962793248946,-706.17539689786
2025-02-13T10:30:00Z,2025-02-13T10:45:00Z,2025-02-13,2025-02-13_12,-17.70790532793465,100,82,0,22.907170905257463,28.59176473068243,0.01579053840395825,0.0,1.75193,True,True,False,False,-827.6232252643457,0.0,188.9993972272453,161.5780590717299,0.0,-102.83762219007434,-579.8833911554448
2025-02-13T10:45:00Z,2025-02-13T11:00:00Z,2025-02-13,2025-02-13_12,-17.70790532793465,100,82,0,28.59176473068243,33.101337435444826,0.012700517375156546,0.035,0.51496,True,True,False,False,-827.6232252643457,0.0,188.9993972272453,161.5780590717299,5.907172995780591,-37.24846292947558,-508.3870588990655
2025-02-13T11:00:00Z,2025-02-13T11:15:00Z,2025-02-13,2025-02-13_13,-100.0,100,0,0,33.101337435444826,55.96149743544483,0.06350044444444446,0.152,0.0,True,True,False,False,-4546.25,0.0,188.36648583484026,0.0,27.968641350210966,0.0,-4329.9148728149485
2025-02-13T11:15:00Z,2025-02-13T11:30:00Z,2025-02-13,2025-02-13_13,-100.0,100,0,0,55.96149743544483,78.79543743544482,0.06342761111111112,0.1805,0.0,True,True,False,False,-4546.25,0.0,188.36648583484026,0.0,34.62727667269439,0.0,-4323.2562374924655
2025-02-13T11:30:00Z,2025-02-13T11:45:00Z,2025-02-13,2025-02-13_13,-100.0,100,0,0,78.79543743544482,101.73609743544482,0.06372405555555556,0.0645,0.0,True,True,False,False,-4546.25,0.0,188.36648583484026,0.0,11.111106690777577,0.0,-4346.772407474382
2025-02-13T11:45:00Z,2025-02-13T12:00:00Z,2025-02-13,2025-02-13_13,-100.0,100,0,0,101.73609743544482,124.62615743544481,0.06358350000000002,0.1195,0.0,True,True,False,False,-4546.25,0.0,188.36648583484026,0.0,22.049418726140246,0.0,-4335.83409543902
2025-02-13T12:00:00Z,2025-02-13T12:15:00Z,2025-02-13,2025-02-13_14,-100.0,100,0,0,124.62615743544481,143.91533743544483,0.05358105555555556,4.0335,0.0,True,True,False,False,-4965.25,0.0,188.36648583484026,0.0,994.9000141651597,0.0,-3781.9835
2025-02-13T12:15:00Z,2025-02-13T12:30:00Z,2025-02-13,2025-02-13_14,-100.0,100,0,0,143.91533743544483,150.43813743544482,0.018118888888888886,17.91,0.0,True,True,False,False,-4965.25,0.0,188.36648583484026,0.0,21334.073887884268,0.0,16557.19037371911
2025-02-13T12:30:00Z,2025-02-13T12:45:00Z,2025-02-13,2025-02-13_14,-100.0,100,0,0,150.43813743544482,166.5307774354448,0.044701777777777785,7.507999999999999,0.0,True,True,False,False,-4965.25,0.0,188.36648583484026,0.0,2362.6908153506124,0.0,-2414.1926988145474
2025-02-13T12:45:00Z,2025-02-13T13:00:00Z,2025-02-13,2025-02-13_14,-100.0,100,0,0,166.5307774354448,185.3594974354448,0.052302,4.534,0.0,True,True,False,False,-4965.25,0.0,188.36648583484026,0.0,910.9276982117741,0.0,-3865.955815953386
2025-02-13T13:00:00Z,2025-02-13T13:15:00Z,2025-02-13,2025-02-13_15,-21.873757206184862,100,78,0,185.3594974354448,190.00000000000028,0.014732573416699096,0.3905,0.02145,True,True,False,False,-1196.9319943224357,0.0,188.9993972272453,153.69620253164553,76.51359865380752,-1.551537070524412,-779.2743329802618
2025-02-13T13:15:00Z,2025-02-13T13:30:00Z,2025-02-13,2025-02-13_15,-21.873757206184862,100,78,0,190.00000000000028,187.64849392267368,0.02662451417861774,7.028,0.0,True,True,False,False,-1196.9319943224357,0.0,188.9993972272453,153.69620253164553,2606.3105710267228,0.0,1752.074176463178
2025-02-13T13:30:00Z,2025-02-13T13:45:00Z,2025-02-13,2025-02-13_15,-21.873757206184862,100,78,0,187.64849392267368,187.34691537282472,0.023112032503004296,5.0765,0.0,True,True,False,False,-1196.9319943224357,0.0,188.9993972272453,153.69620253164553,1180.8263357444243,0.0,326.58994118087946
2025-02-13T13:45:00Z,2025-02-13T14:00:00Z,2025-02-13,2025-02-13_15,-21.873757206184862,100,78,0,187.34691537282472,189.61115826086981,0.019456854860362985,2.791,0.1794,True,True,False,False,-1196.9319943224357,0.0,188.9993972272453,153.69620253164553,560.3741424552943,-12.97649186256781,-306.83874397081837
2025-02-13T14:00:00Z,2025-02-13T14:15:00Z,2025-02-13,2025-02-13_16,0.0,100,100,0,189.61115826086981,189.91582000000025,0.0011572729468599034,0.0515,0.392,True,True,False,False,0.0,0.0,188.9993972272453,189.873417721519,9.029532147880248,-28.354430379746834,359.5479167168977
2025-02-13T14:15:00Z,2025-02-13T14:30:00Z,2025-02-13,2025-02-13_16,0.0,100,100,0,189.91582000000025,189.87880434782633,0.000570487922705314,0.11150000000000002,0.0915,True,True,False,False,0.0,0.0,188.9993972272453,189.873417721519,20.056266927868194,-6.618444846292947,392.31063703033954
2025-02-13T14:30:00Z,2025-02-13T14:45:00Z,2025-02-13,2025-02-13_16,0.0,100,100,0,189.87880434782633,189.73671478260894,0.0005684710144927536,0.1595,0.034,True,True,False,False,0.0,0.0,188.9993972272453,189.873417721519,28.671895619851316,-2.4593128390596743,405.08539772955595
2025-02-13T14:45:00Z,2025-02-13T15:00:00Z,2025-02-13,2025-02-13_16,0.0,100,100,0,189.73671478260894,189.17476260869591,0.002442644927536232,0.663,0.1725,True,True,False,False,0.0,0.0,188.9993972272453,189.873417721519,131.97509885473175,-12.477396021699816,498.37051778179625
2025-02-13T15:00:00Z,2025-02-13T15:15:00Z,2025-02-13,2025-02-13_17,81.84303250615251,18,100,0,189.17476260869591,167.9819412258694,0.059793258977516,0.00486,0.996,True,True,False,False,5750.291463882276,0.0,34.01989150090416,189.873417721519,0.9215192766726942,-72.04339963833634,5903.062892743035
2025-02-13T15:15:00Z,2025-02-13T15:30:00Z,2025-02-13,2025-02-13_17,81.84303250615251,18,100,0,167.9819412258694,145.8286526602858,0.06162600286934644,0.013590000000000001,0.096,True,True,False,False,5750.291463882276,0.0,34.01989150090416,189.873417721519,2.368897830018083,-6.9439421338155505,5969.609728800901
2025-02-13T15:30:00Z,2025-02-13T15:45:00Z,2025-02-13,2025-02-13_17,81.84303250615251,18,100,0,145.8286526602858,123.61380661697515,0.0617561628605799,0.02745,0.052,True,True,False,False,5750.291463882276,0.0,34.01989150090416,189.873417721519,4.916456600361663,-3.76130198915009,5975.339927715911
2025-02-13T15:45:00Z,2025-02-13T16:00:00Z,2025-02-13,2025-02-13_17,81.84303250615251,18,100,0,123.61380661697515,101.64629385138524,0.06129185144594684,0.03321,0.292,True,True,False,False,5750.291463882276,0.0,34.01989150090416,189.873417721519,6.360218788426764,-21.121157323688966,5959.423834569437
2025-02-13T16:00:00Z,2025-02-13T16:15:00Z,2025-02-13,2025-02-13_18,100.0,0,100,0,101.64629385138524,89.5522721122548,0.03359450483091787,0.0,13.8735,True,True,False,False,7062.0,0.0,0.0,188.87884267631102,0.0,9094.830487341771,16345.709330018082
2025-02-13T16:15:00Z,2025-02-13T16:30:00Z,2025-02-13,2025-02-13_18,100.0,0,100,0,89.5522721122548,64.34194602529828,0.07002868357487922,0.0,1.8065000000000002,True,True,False,False,7062.0,0.0,0.0,188.87884267631102,0.0,-120.0442298573438,7130.834612818967
2025-02-13T16:30:00Z,2025-02-13T16:45:00Z,2025-02-13,2025-02-13_18,100.0,0,100,0,64.34194602529828,37.251728633993935,0.07525060386473431,0.0,0.077,True,True,False,False,7062.0,0.0,0.0,188.87884267631102,0.0,-5.5696202531645564,7245.309222423147
2025-02-13T16:45:00Z,2025-02-13T17:00:00Z,2025-02-13,2025-02-13_18,100.0,0,100,0,37.251728633993935,10.142489503559155,0.0753034420289855,0.0,0.05949999999999999,True,True,False,False,7062.0,0.0,0.0,188.87884267631102,0.0,-4.303797468354429,7246.5750452079565
2025-02-13T17:00:00Z,2025-02-13T17:15:00Z,2025-02-13,2025-02-13_19,-9.966755203460766,100,90,0,10.142489503559155,12.27722416239735,0.006772520969204136,0.155,0.009000000000000001,True,True,False,False,-520.8127931568423,0.0,196.6546112115732,169.99095840867992,26.333120353626683,-0.650994575045208,-128.4850977580077
2025-02-13T17:15:00Z,2025-02-13T17:30:00Z,2025-02-13,2025-02-13_19,-9.966755203460766,100,90,0,12.27722416239735,14.572316029392763,0.006750393706083955,0.069,0.08325,True,True,False,False,-520.8127931568423,0.0,196.6546112115732,169.99095840867992,9.85534056660639,-6.021699819168173,-150.33358278915097
2025-02-13T17:30:00Z,2025-02-13T17:45:00Z,2025-02-13,2025-02-13_19,-9.966755203460766,100,90,0,14.572316029392763,12.70637976613967,0.015987704536719896,3.894,0.01035,True,True,False,False,-520.8127931568423,0.0,196.6546112115732,169.99095840867992,886.573119951778,-0.7486437613019891,731.6572526538869
2025-02-13T17:45:00Z,2025-02-13T18:00:00Z,2025-02-13,2025-02-13_19,-9.966755203460766,100,90,0,12.70637976613967,12.038773530856625,0.013180981380544039,2.7655,0.0,True,True,False,False,-520.8127931568423,0.0,196.6546112115732,169.99095840867992,581.2089709664457,0.0,427.0417474298565
2025-02-13T18:00:00Z,2025-02-13T18:15:00Z,2025-02-13,2025-02-13_20,0.0,100,100,0,12.038773530856625,11.352612661291408,0.0019315579710144925,0.6355,0.005,True,True,False,False,0.0,0.0,189.45147679324893,189.873417721519,126.43359965842876,-0.36166365280289325,505.3968305203938
2025-02-13T18:15:00Z,2025-02-13T18:30:00Z,2025-02-13,2025-02-13_20,0.0,100,100,0,11.352612661291408,11.332230052595756,0.0004143961352657005,0.078,0.07,True,True,False,False,0.0,0.0,189.45147679324893,189.873417721519,13.743217600964437,-5.063291139240507,388.0048209764918
2025-02-13T18:30:00Z,2025-02-13T18:45:00Z,2025-02-13,2025-02-13_20,0.0,100,100,0,11.332230052595756,13.411476139552278,0.005857205314009661,0.0135,2.276,True,True,False,False,0.0,0.0,189.45147679324893,189.873417721519,2.3267034358047014,-162.75252079566002,218.8990771549126
2025-02-13T18:45:00Z,2025-02-13T19:00:00Z,2025-02-13,2025-02-13_20,0.0,100,100,0,13.411476139552278,19.742456139552278,0.017586055555555556,0.0,6.8815,True,True,False,False,0.0,0.0,189.45147679324893,189.873417721519,0.0,-398.0817088607595,-18.756814345991558
2025-02-13T19:00:00Z,2025-02-13T19:15:00Z,2025-02-13,2025-02-13_21,0.0,100,100,0,19.742456139552278,19.465479617813145,0.005338712560386474,1.0115,0.894,True,True,False,False,0.0,0.0,188.75828812537674,189.5117540687161,202.33475316455696,-63.448852320675094,517.1559430379747
2025-02-13T19:15:00Z,2025-02-13T19:30:00Z,2025-02-13,2025-02-13_21,0.0,100,100,0,19.465479617813145,20.376757009117494,0.0028634516908212565,0.055,1.0555,True,True,False,False,0.0,0.0,188.75828812537674,189.5117540687161,9.8292194092827,-76.34719710669077,311.75206449668474
2025-02-13T19:30:00Z,2025-02-13T19:45:00Z,2025-02-13,2025-02-13_21,0.0,100,100,0,20.376757009117494,20.86005526998706,0.0014481714975845415,0.0175,0.546,True,True,False,False,0.0,0.0,188.75828812537674,189.5117540687161,3.098252461322082,-39.49367088607595,341.874623769339
2025-02-13T19:45:00Z,2025-02-13T20:00:00Z,2025-02-13,2025-02-13_21,0.0,100,100,0,20.86005526998706,21.414357009117495,0.00157293961352657,0.0055,0.609,True,True,False,False,0.0,0.0,188.75828812537674,189.5117540687161,0.9282700421940928,-44.0506329113924,335.1476793248945
2025-02-13T20:00:00Z,2025-02-13T20:15:00Z,2025-02-13,2025-02-13_22,0.0,100,100,0,21.414357009117495,19.57872483520445,0.0056407560386473425,1.7785,0.106,True,True,False,False,0.0,0.0,188.75828812537674,189.5117540687161,357.1915529435402,-7.667269439421337,727.7943256982118
2025-02-13T20:15:00Z,2025-02-13T20:30:00Z,2025-02-13,2025-02-13_22,0.0,100,100,0,19.57872483520445,20.11907526998706,0.0018391376811594203,0.05600000000000001,0.6535,True,True,False,False,0.0,0.0,188.75828812537674,189.5117540687161,9.994576652601971,-47.26943942133815,340.99517942535664
2025-02-13T20:30:00Z,2025-02-13T20:45:00Z,2025-02-13,2025-02-13_22,0.0,100,100,0,20.11907526998706,29.24087526998706,0.025338333333333334,0.0,9.915,True,True,False,False,0.0,0.0,188.75828812537674,189.5117540687161,0.0,7393.623667872211,7771.893710066303
2025-02-13T20:45:00Z,2025-02-13T21:00:00Z,2025-02-13,2025-02-13_22,0.0,100,100,0,29.24087526998706,45.41861526998706,0.04493816666666667,0.0,17.5845,True,True,False,False,0.0,0.0,188.75828812537674,189.5117540687161,0.0,12560.537333634718,12938.807375828812
2025-02-13T21:00:00Z,2025-02-13T21:15:00Z,2025-02-13,2025-02-13_23,0.0,100,100,0,45.41861526998706,48.832735269987054,0.009483666666666666,0.0,3.711,True,True,False,False,0.0,0.0,188.75828812537674,189.873417721519,0.0,840.6246377335744,1219.2563435804702
2025-02-13T21:15:00Z,2025-02-13T21:30:00Z,2025-02-13,2025-02-13_23,0.0,100,100,0,48.832735269987054,53.34948048737836,0.012646152173913046,0.0165,4.929,True,True,False,False,0.0,0.0,188.75828812537674,189.873417721519,2.8167558770343577,-220.8998149487643,160.5486467751658
2025-02-13T21:30:00Z,2025-02-13T21:45:00Z,2025-02-13,2025-02-13_23,0.0,100,100,0,53.34948048737836,58.18048570476966,0.013449652173913041,0.005,5.257,True,True,False,False,0.0,0.0,188.75828812537674,189.873417721519,0.3013863773357444,-279.3075682137833,99.62552401044815
2025-02-13T21:45:00Z,2025-02-13T22:00:00Z,2025-02-13,2025-02-13_23,0.0,100,100,0,58.18048570476966,67.38140570476966,0.02555811111111111,0.0,10.001,True,True,False,False,0.0,0.0,188.75828812537674,189.873417721519,0.0,4628.41336769138,5007.045073538276
2025-02-13T22:00:00Z,2025-02-13T22:15:00Z,2025-02-14,2025-02-13_24,0.0,100,100,0,67.38140570476966,73.40510570476967,0.0167325,0.0,6.5475,True,True,False,False,0.0,0.0,188.35513230064495,196.22084262551988,0.0,1364.0486875414383,1748.6246624676032
2025-02-13T22:15:00Z,2025-02-13T22:30:00Z,2025-02-14,2025-02-13_24,0.0,100,100,0,73.40510570476967,73.88099961781315,0.001379294685990338,0.0095,0.5285,True,True,False,False,0.0,0.0,188.35513230064495,196.22084262551988,0.5725996021939606,-38.3135689028188,346.83500562553996
2025-02-13T22:30:00Z,2025-02-13T22:45:00Z,2025-02-14,2025-02-13_24,0.0,100,100,0,73.88099961781315,74.38033005259575,0.0017946376811594205,0.0675,0.6225,True,True,False,False,0.0,0.0,188.35513230064495,196.22084262551988,7.401606292568261,-45.07506328732446,346.9025179314086
2025-02-13T22:45:00Z,2025-02-13T23:00:00Z,2025-02-14,2025-02-13_24,0.0,100,100,0,74.38033005259575,75.19039005259576,0.002250166666666667,0.0,0.8805000000000001,True,True,False,False,0.0,0.0,188.35513230064495,196.22084262551988,0.0,-63.8285989391839,320.74737598698096
2025-02-13T23:00:00Z,2025-02-13T23:15:00Z,2025-02-14,2025-02-14_1,0.0,100,100,0,75.19039005259576,74.7529474439001,0.0023114516908212556,0.584,0.21449999999999997,True,True,False,False,0.0,0.0,188.35513230064495,196.22084262551988,116.61942498945213,-15.549989452112591,485.6454104635044
2025-02-13T23:15:00Z,2025-02-13T23:30:00Z,2025-02-14,2025-02-14_1,0.0,100,100,0,74.7529474439001,66.36218657433488,0.0233076690821256,7.7195,0.0,True,True,False,False,0.0,0.0,188.35513230064495,196.22084262551988,1604.8333807485988,0.0,1989.4093556747637
2025-02-13T23:30:00Z,2025-02-13T23:45:00Z,2025-02-14,2025-02-14_1,0.0,100,100,0,66.36218657433488,63.57243700911749,0.008699971014492753,2.724,0.186,True,True,False,False,0.0,0.0,188.35513230064495,196.22084262551988,545.8704888192394,-13.490446627689714,916.9560171177145
2025-02-13T23:45:00Z,2025-02-14T00:00:00Z,2025-02-14,2025-02-14_1,0.0,100,100,0,63.57243700911749,63.59840048737836,0.0007635458937198068,0.11449999999999999,0.1635,True,True,False,False,0.0,0.0,188.35513230064495,196.22084262551988,19.89633325296848,-11.858537761436926,392.6137704176964
2025-02-14T00:00:00Z,2025-02-14T00:15:00Z,2025-02-14,2025-02-14_2,-100.0,100,0,0,63.59840048737836,79.76372048737836,0.04490366666666666,7.429000000000001,0.0,True,True,False,False,-3371.75,0.0,188.35513230064495,0.0,1587.722064974987,0.0,-1595.672802724368
2025-02-14T00:15:00Z,2025-02-14T00:30:00Z,2025-02-14,2025-02-14_2,-100.0,100,0,0,79.76372048737836,96.80396048737836,0.047334,6.478000000000001,0.0,True,True,False,False,-3371.75,0.0,188.35513230064495,0.0,1301.5088501798166,0.0,-1881.8860175195384
2025-02-14T00:30:00Z,2025-02-14T00:45:00Z,2025-02-14,2025-02-14_2,-100.0,100,0,0,96.80396048737836,107.09232048737836,0.028578777777777776,13.817000000000002,0.0,True,True,False,False,-3371.75,0.0,188.35513230064495,0.0,3107.790938862436,0.0,-75.60392883691887
2025-02-14T00:45:00Z,2025-02-14T01:00:00Z,2025-02-14,2025-02-14_2,-100.0,100,0,0,107.09232048737836,118.15256048737835,0.030722888888888886,12.978000000000002,0.0,True,True,False,False,-3371.75,0.0,188.35513230064495,0.0,2884.1286335965287,0.0,-299.2662341028263
2025-02-14T01:00:00Z,2025-02-14T01:15:00Z,2025-02-14,2025-02-14_3,-100.0,100,0,0,118.15256048737835,132.16922048737837,0.038935166666666673,9.7645,0.0,True,True,False,False,-3256.0,0.0,188.35513230064495,0.0,2106.177911618749,0.0,-961.466956080606
2025-02-14T01:15:00Z,2025-02-14T01:30:00Z,2025-02-14,2025-02-14_3,-100.0,100,0,0,132.16922048737837,146.66934048737838,0.04027811111111111,9.239,0.0,True,True,False,False,-3256.0,0.0,188.35513230064495,0.0,2003.489206196131,0.0,-1064.155661503224
2025-02-14T01:30:00Z,2025-02-14T01:45:00Z,2025-02-14,2025-02-14_3,-100.0,100,0,0,146.66934048737838,159.6280004873784,0.03599627777777778,10.9145,0.0,True,True,False,False,-3256.0,0.0,188.35513230064495,0.0,2385.4650327486793,0.0,-682.1798349506757
2025-02-14T01:45:00Z,2025-02-14T02:00:00Z,2025-02-14,2025-02-14_3,-100.0,100,0,0,159.6280004873784,178.83070048737838,0.05334083333333333,4.1275,0.0,True,True,False,False,-3256.0,0.0,188.35513230064495,0.0,850.5346769332772,0.0,-2217.1101907660777
2025-02-14T02:00:00Z,2025-02-14T02:15:00Z,2025-02-14,2025-02-14_4,-25.217390099558397,100,74,0,178.83070048737838,181.9015404016202,0.020325532192939425,2.612,0.0,True,True,False,False,-820.9521346911237,0.0,188.35513230064495,144.95810981857633,523.3839672111386,0.0,35.745074639236236
2025-02-14T02:15:00Z,2025-02-14T02:30:00Z,2025-02-14,2025-02-14_4,-25.217390099558397,100,74,0,181.9015404016202,186.1347808852075,0.01853053054291844,1.4995,0.0,True,True,False,False,-820.9521346911237,0.0,188.35513230064495,144.95810981857633,299.7891334659354,0.0,-187.849759105967
2025-02-14T02:30:00Z,2025-02-14T02:45:00Z,2025-02-14,2025-02-14_4,-25.217390099558397,100,74,0,186.1347808852075,186.49892536134635,0.02450526412496582,5.2025,0.0,True,True,False,False,-820.9521346911237,0.0,188.35513230064495,144.95810981857633,1056.8622717135797,0.0,569.2233791416774
2025-02-14T02:45:00Z,2025-02-14T03:00:00Z,2025-02-14,2025-02-14_4,-25.217390099558397,100,74,0,186.49892536134635,186.83381391304323,0.024550441694584327,5.2305,0.0,True,True,False,False,-820.9521346911237,0.0,188.35513230064495,144.95810981857633,1072.6943912362126,0.0,585.0554986643102
2025-02-14T03:00:00Z,2025-02-14T03:15:00Z,2025-02-14,2025-02-14_5,0.0,100,100,0,186.83381391304323,186.4449069565215,0.0013562971014492754,0.4035,0.054,True,True,False,False,0.0,0.0,188.35513230064495,195.88933759267073,78.19102495328794,-3.916581279006691,458.51891356759694
2025-02-14T03:15:00Z,2025-02-14T03:30:00Z,2025-02-14,2025-02-14_5,0.0,100,100,0,186.4449069565215,187.2384069565215,0.0022041666666666668,0.0,0.8625,True,True,False,False,0.0,0.0,188.35513230064495,195.88933759267073,0.0,-62.556506539690204,321.6879633536255
2025-02-14T03:30:00Z,2025-02-14T03:45:00Z,2025-02-14,2025-02-14_5,0.0,100,100,0,187.2384069565215,186.77804260869542,0.005339567632850243,1.096,0.7945000000000001,True,True,False,False,0.0,0.0,188.35513230064495,195.88933759267073,220.07111003957974,-57.60711620758244,546.708463725313
2025-02-14T03:45:00Z,2025-02-14T04:00:00Z,2025-02-14,2025-02-14_5,0.0,100,100,0,186.77804260869542,184.32474956521716,0.006998702898550724,2.2875,0.036,True,True,False,False,0.0,0.0,188.35513230064495,195.88933759267073,458.50971159062146,-2.6110541860044605,840.1431272979327
2025-02-14T04:00:00Z,2025-02-14T04:15:00Z,2025-02-14,2025-02-14_6,0.0,100,100,0,184.32474956521716,187.78532956521715,0.009612722222222222,0.0,3.7614999999999994,True,True,False,False,0.0,0.0,188.77704779699837,189.50033150503288,0.0,-248.9589580696361,129.31842123239514
2025-02-14T04:15:00Z,2025-02-14T04:30:00Z,2025-02-14,2025-02-14_6,0.0,100,100,0,187.78532956521715,188.22070608695628,0.0013512874396135266,0.0235,0.501,True,True,False,False,0.0,0.0,188.77704779699837,189.50033150503288,3.96600566572238,-36.33717075522874,345.9062142125249
2025-02-14T04:30:00Z,2025-02-14T04:45:00Z,2025-02-14,2025-02-14_6,0.0,100,100,0,188.22070608695628,186.77188521739106,0.004188057971014493,1.36,0.032,True,True,False,False,0.0,0.0,188.77704779699837,189.50033150503288,271.7136439435036,-2.314507865710325,647.6765153798245
2025-02-14T04:45:00Z,2025-02-14T05:00:00Z,2025-02-14,2025-02-14_6,0.0,100,100,0,186.77188521739106,181.01481999999976,0.015991847826086956,5.2965,0.0,True,True,False,False,0.0,0.0,188.77704779699837,189.50033150503288,1125.0281890784163,0.0,1503.3055683804475
2025-02-14T05:00:00Z,2025-02-14T05:15:00Z,2025-02-14,2025-02-14_7,0.0,100,100,0,181.01481999999976,189.62371999999976,0.02391361111111111,0.0,9.3575,True,True,False,False,0.0,0.0,188.35513230064495,189.50033150503288,0.0,3745.353804271392,4123.20926807707
2025-02-14T05:15:00Z,2025-02-14T05:30:00Z,2025-02-14,2025-02-14_7,0.0,100,100,0,189.62371999999976,186.22010869565196,0.011544920289855072,3.4775,0.409,True,True,False,False,0.0,0.0,188.35513230064495,189.50033150503288,790.0764299921645,-29.58230365861009,1138.3495901392323
2025-02-14T05:30:00Z,2025-02-14T05:45:00Z,2025-02-14,2025-02-14_7,0.0,100,100,0,186.22010869565196,179.5885869565215,0.018420893719806763,6.101,0.0,True,True,False,False,0.0,0.0,188.35513230064495,189.50033150503288,1360.8565306491473,0.0,1738.7119944548251
2025-02-14T05:45:00Z,2025-02-14T06:00:00Z,2025-02-14,2025-02-14_7,0.0,100,100,0,179.5885869565215,172.02717391304324,0.021003925120772947,6.9565,0.0,True,True,False,False,0.0,0.0,188.35513230064495,189.50033150503288,1470.7826911176744,0.0,1848.6381549233522
2025-02-14T06:00:00Z,2025-02-14T06:15:00Z,2025-02-14,2025-02-14_8,89.00000000000011,11,100,0,172.02717391304324,148.3047319130432,0.06615710555555564,0.03179,0.465,True,True,False,False,5434.785000000007,0.0,20.76547525766982,189.8619733590501,6.319812145138931,-33.72611656922429,5618.006144192642
2025-02-14T06:15:00Z,2025-02-14T06:30:00Z,2025-02-14,2025-02-14_8,89.00000000000011,11,100,0,148.3047319130432,124.06736666086925,0.06732854458937207,0.05279999999999999,0.0045,True,True,False,False,5434.785000000007,0.0,20.76547525766982,189.8619733590501,10.436658911458018,-0.32638177325055756,5655.522725754934
2025-02-14T06:30:00Z,2025-02-14T06:45:00Z,2025-02-14,2025-02-14_8,89.00000000000011,11,100,0,124.06736666086925,99.71881699999966,0.06763654683574886,0.153615,0.003,True,True,False,False,5434.785000000007,0.0,20.76547525766982,189.8619733590501,30.748184304743535,-0.21758784883370505,5675.943045072637
2025-02-14T06:45:00Z,2025-02-14T07:00:00Z,2025-02-14,2025-02-14_8,89.00000000000011,11,100,0,99.71881699999966,75.47466614782572,0.06735414014492762,0.07084,0.0165,True,True,False,False,5434.785000000007,0.0,20.76547525766982,189.8619733590501,14.001008715568682,-1.196733168585378,5658.216724163711
2025-02-14T07:00:00Z,2025-02-14T07:15:00Z,2025-02-14,2025-02-14_9,0.0,100,100,0,75.47466614782572,63.93118788695615,0.03206521739130434,10.62,0.0,True,True,False,False,0.0,0.0,188.77704779699837,189.8619733590501,3589.520740160328,0.0,3968.1597613163763
2025-02-14T07:15:00Z,2025-02-14T07:30:00Z,2025-02-14,2025-02-14_9,0.0,100,100,0,63.93118788695615,49.9018400608692,0.03897041062801932,12.906999999999998,0.0,True,True,False,False,0.0,0.0,188.77704779699837,189.8619733590501,4461.245568279991,0.0,4839.884589436039
2025-02-14T07:30:00Z,2025-02-14T07:45:00Z,2025-02-14,2025-02-14_9,0.0,100,100,0,49.9018400608692,40.03064440869528,0.027419987922705315,9.0815,0.0,True,True,False,False,0.0,0.0,188.77704779699837,189.8619733590501,2800.650085287204,0.0,3179.2891064432524
2025-02-14T07:45:00Z,2025-02-14T08:00:00Z,2025-02-14,2025-02-14_9,0.0,100,100,0,40.03064440869528,38.990427017390935,0.002889492753623188,0.9570000000000001,0.0,True,True,False,False,0.0,0.0,188.77704779699837,189.8619733590501,191.0835187752396,0.0,569.7225399312881
2025-02-14T08:00:00Z,2025-02-14T08:15:00Z,2025-02-14,2025-02-14_10,0.0,100,100,0,38.990427017390935,17.33607919130398,0.06015096618357488,19.922,0.0,True,True,False,False,0.0,0.0,188.59622686998978,190.28388885540355,19103.346010085792,0.0,19482.226125811187
2025-02-14T08:15:00Z,2025-02-14T08:30:00Z,2025-02-14,2025-02-14_10,0.0,100,100,0,17.33607919130398,10.634992234782242,0.01861413043478261,6.165,0.0,True,True,False,False,0.0,0.0,188.59622686998978,190.28388885540355,1274.8629919836058,0.0,1653.743107708999
2025-02-14T08:30:00Z,2025-02-14T08:45:00Z,2025-02-14,2025-02-14_10,0.0,100,100,0,10.634992234782242,10.114652234782243,0.005012944444444444,1.0695,0.698,True,True,False,False,0.0,0.0,188.59622686998978,190.28388885540355,214.21651166294978,-50.5623329917827,542.5342943965604
2025-02-14T08:45:00Z,2025-02-14T09:00:00Z,2025-02-14,2025-02-14_10,0.0,100,100,0,10.114652234782243,17.485232234782245,0.020473833333333333,0.0,8.0115,True,True,False,False,0.0,0.0,188.59622686998978,190.28388885540355,0.0,2615.55121511663,2994.4313308420233
2025-02-14T09:00:00Z,2025-02-14T09:15:00Z,2025-02-14,2025-02-14_11,0.0,100,100,0,17.485232234782245,20.178992234782246,0.007482666666666667,0.0,2.928,True,True,False,False,0.0,0.0,188.59622686998978,197.3961786510759,0.0,-157.49772768368396,228.49467783738172
2025-02-14T09:15:00Z,2025-02-14T09:30:00Z,2025-02-14,2025-02-14_11,0.0,100,100,0,20.178992234782246,22.255899191303985,0.005902036231884058,0.022,2.2835,True,True,False,False,0.0,0.0,188.59622686998978,197.3961786510759,4.050390372290198,-99.40815562654453,290.63464026681135
2025-02-14T09:30:00Z,2025-02-14T09:45:00Z,2025-02-14,2025-02-14_11,0.0,100,100,0,22.255899191303985,24.30265049565181,0.0057276908212560386,0.007000000000000001,2.233,True,True,False,False,0.0,0.0,188.59622686998978,197.3961786510759,1.1813633897896452,-135.86068551222553,251.3130833986298
2025-02-14T09:45:00Z,2025-02-14T10:00:00Z,2025-02-14,2025-02-14_11,0.0,100,100,0,24.30265049565181,24.427068756521376,0.0005207270531400966,0.029,0.1695,True,True,False,False,0.0,0.0,188.59622686998978,197.3961786510759,4.894219757699958,-12.293713459104337,378.5929118196613
2025-02-14T10:00:00Z,2025-02-14T10:15:00Z,2025-02-14,2025-02-14_12,0.0,100,100,0,24.427068756521376,24.24740440869529,0.000841512077294686,0.22200000000000003,0.067,True,True,False,False,0.0,0.0,188.59622686998978,197.3961786510759,43.155947200289326,-4.846000843830993,424.302351877524
2025-02-14T10:15:00Z,2025-02-14T10:30:00Z,2025-02-14,2025-02-14_12,0.0,100,100,0,24.24740440869529,24.139184408695286,0.0006021666666666665,0.1495,0.05899999999999999,True,True,False,False,0.0,0.0,188.59622686998978,197.3961786510759,27.625406143893276,-4.267373877403411,409.35043778755556
2025-02-14T10:30:00Z,2025-02-14T10:45:00Z,2025-02-14,2025-02-14_12,0.0,100,100,0,24.139184408695286,24.159532234782244,0.0005184782608695653,0.0765,0.11250000000000002,True,True,False,False,0.0,0.0,188.59622686998978,197.3961786510759,13.617823820143453,-8.136941715387863,391.4732876258213
2025-02-14T10:45:00Z,2025-02-14T11:00:00Z,2025-02-14,2025-02-14_12,0.0,100,100,0,24.159532234782244,24.094785278260503,0.0003817415458937198,0.093,0.0395,True,True,False,False,0.0,0.0,188.59622686998978,197.3961786510759,16.707862093906336,-2.8569706467361824,399.84329696823585
2025-02-14T11:00:00Z,2025-02-14T11:15:00Z,2025-02-14,2025-02-14_13,-99.99999999999994,100,0,0,24.094785278260503,42.26800527826049,0.050481166666666646,5.2465,0.0,True,True,False,False,-3755.7499999999977,0.0,188.59622686998978,0.0,1093.1151739899144,0.0,-2474.0385991400935
2025-02-14T11:15:00Z,2025-02-14T11:30:00Z,2025-02-14,2025-02-14_13,-99.99999999999994,100,0,0,42.26800527826049,62.82908527826048,0.05711411111111108,2.651,0.0,True,True,False,False,-3755.7499999999977,0.0,188.59622686998978,0.0,537.300331705945,0.0,-3029.853441424063
2025-02-14T11:30:00Z,2025-02-14T11:45:00Z,2025-02-14,2025-02-14_13,-99.99999999999994,100,0,0,62.82908527826048,82.27190527826048,0.05400783333333331,3.8665,0.0,True,True,False,False,-3755.7499999999977,0.0,188.59622686998978,0.0,828.8003902718342,0.0,-2738.353382858174
2025-02-14T11:45:00Z,2025-02-14T12:00:00Z,2025-02-14,2025-02-14_13,-99.99999999999994,100,0,0,82.27190527826048,101.98336527826046,0.054754055555555535,3.5745,0.0,True,True,False,False,-3755.7499999999977,0.0,188.59622686998978,0.0,717.3891441142789,0.0,-2849.764629015729
2025-02-14T12:00:00Z,2025-02-14T12:15:00Z,2025-02-14,2025-02-14_14,-100.0,100,0,0,101.98336527826046,116.65644527826046,0.040758555555555555,9.051,0.0,True,True,False,False,-3752.5,0.0,188.59622686998978,0.0,2059.1847851244656,0.0,-1504.7189880055446
2025-02-14T12:15:00Z,2025-02-14T12:30:00Z,2025-02-14,2025-02-14_14,-100.0,100,0,0,116.65644527826046,131.96386527826047,0.04252061111111111,8.3615,0.0,True,True,False,False,-3752.5,0.0,188.59622686998978,0.0,1806.675670242903,0.0,-1757.2281028871073
2025-02-14T12:30:00Z,2025-02-14T12:45:00Z,2025-02-14,2025-02-14_14,-100.0,100,0,0,131.96386527826047,143.60600527826048,0.032339277777777786,12.3455,0.0,True,True,False,False,-3752.5,0.0,188.59622686998978,0.0,2927.4260364052802,0.0,-636.47773672473
2025-02-14T12:45:00Z,2025-02-14T13:00:00Z,2025-02-14,2025-02-14_14,-100.0,100,0,0,143.60600527826048,163.5847252782605,0.05549644444444445,3.2840000000000003,0.0,True,True,False,False,-3752.5,0.0,188.59622686998978,0.0,659.1363357643704,0.0,-2904.76743736564
2025-02-14T13:00:00Z,2025-02-14T13:15:00Z,2025-02-14,2025-02-14_15,-28.898851191378725,100,71,0,163.5847252782605,170.2493102657585,0.018961411804070617,0.1045,0.137385,True,True,False,False,-1142.371587595201,0.0,188.59622686998978,139.89452112591164,19.596967532597997,-9.964435537339524,-804.2483076040411
2025-02-14T13:15:00Z,2025-02-14T13:30:00Z,2025-02-14,2025-02-14_15,-28.898851191378725,100,71,0,170.2493102657585,176.23887568457658,0.019402726394829928,0.644,0.01278,True,True,False,False,-1142.371587595201,0.0,188.59622686998978,139.89452112591164,128.2301778072449,-0.9269242360315835,-686.5775860280862
2025-02-14T13:30:00Z,2025-02-14T13:45:00Z,2025-02-14,2025-02-14_15,-28.898851191378725,100,71,0,176.23887568457658,182.49227293665638,0.019045031499458537,0.39,0.01278,True,True,False,False,-1142.371587595201,0.0,188.59622686998978,139.89452112591164,76.74842384425293,-0.9269242360315835,-738.0593399910782
2025-02-14T13:45:00Z,2025-02-14T14:00:00Z,2025-02-14,2025-02-14_15,-28.898851191378725,100,71,0,182.49227293665638,179.1248248347824,0.03204007022812293,9.641,0.0,True,True,False,False,-1142.371587595201,0.0,188.59622686998978,139.89452112591164,2327.7282466397446,0.0,1513.847407040445
2025-02-14T14:00:00Z,2025-02-14T14:15:00Z,2025-02-14,2025-02-14_16,0.0,100,100,0,179.1248248347824,185.0951596173911,0.0212762922705314,0.777,7.407500000000001,True,True,False,False,0.0,0.0,188.59622686998978,189.8619733590501,155.5139593755651,2728.782627629438,3262.7547872340433
2025-02-14T14:15:00Z,2025-02-14T14:30:00Z,2025-02-14,2025-02-14_16,0.0,100,100,0,185.0951596173911,189.2337796173911,0.011496166666666668,0.0,4.4985,True,True,False,False,0.0,0.0,188.59622686998978,189.8619733590501,0.0,-247.4929675727804,130.96523265625947
2025-02-14T14:30:00Z,2025-02-14T14:45:00Z,2025-02-14,2025-02-14_16,0.0,100,100,0,189.2337796173911,188.58759787826065,0.0036579492753623186,0.903,0.3645,True,True,False,False,0.0,0.0,188.59622686998978,189.8619733590501,180.7324392743054,-26.436923633295162,532.7537158700501
2025-02-14T14:45:00Z,2025-02-14T15:00:00Z,2025-02-14,2025-02-14_16,0.0,100,100,0,188.58759787826065,188.0981404869563,0.0030999371980676327,0.7385,0.3405,True,True,False,False,0.0,0.0,188.59622686998978,189.8619733590501,145.22735368573325,-24.696220842625525,498.9893330721476
2025-02-14T15:00:00Z,2025-02-14T15:15:00Z,2025-02-14,2025-02-14_17,29.000000000001915,71,100,0,188.0981404869563,181.96085700869492,0.023580009661837,0.0,1.8000000000000003,True,True,False,False,1510.9000000001,0.0,133.90332107769274,189.8619733590501,0.0,-130.43553733952146,1704.2297570973212
2025-02-14T15:15:00Z,2025-02-14T15:30:00Z,2025-02-14,2025-02-14_17,29.000000000001915,71,100,0,181.96085700869492,174.28201876521612,0.022152049565218813,0.01633,0.2265,True,True,False,False,1510.9000000001,0.0,133.90332107769274,189.8619733590501,2.4863477347156095,-16.427882586944733,1820.7237595846136
2025-02-14T15:30:00Z,2025-02-14T15:45:00Z,2025-02-14,2025-02-14_17,29.000000000001915,71,100,0,174.28201876521612,182.77364839999828,0.037762135458936835,0.0,16.906,True,True,False,False,1510.9000000001,0.0,133.90332107769274,189.8619733590501,0.0,13945.094443573824,15779.759738010667
2025-02-14T15:45:00Z,2025-02-14T16:00:00Z,2025-02-14,2025-02-14_17,29.000000000001915,71,100,0,182.77364839999828,185.6068152173891,0.032276489951691086,0.0,11.063,True,True,False,False,1510.9000000001,0.0,133.90332107769274,189.8619733590501,0.0,5330.302009121412,7164.967303558255
2025-02-14T16:00:00Z,2025-02-14T16:15:00Z,2025-02-14,2025-02-14_18,99.99999999999997,0,0,0,185.6068152173891,158.43290217391086,0.07548309178743959,0.0,0.0,True,False,False,False,7746.499999999998,0.0,0.0,0.0,0.0,0.0,7746.499999999998
2025-02-14T16:15:00Z,2025-02-14T16:30:00Z,2025-02-14,2025-02-14_18,99.99999999999997,0,0,0,158.43290217391086,131.2589891304326,0.07548309178743959,0.0,0.0,True,False,False,False,7746.499999999998,0.0,0.0,0.0,0.0,0.0,7746.499999999998
2025-02-14T16:30:00Z,2025-02-14T16:45:00Z,2025-02-14,2025-02-14_18,99.99999999999997,0,0,0,131.2589891304326,104.08507608695436,0.07548309178743959,0.0,0.0,True,False,False,False,7746.499999999998,0.0,0.0,0.0,0.0,0.0,7746.499999999998
2025-02-14T16:45:00Z,2025-02-14T17:00:00Z,2025-02-14,2025-02-14_18,99.99999999999997,0,0,0,104.08507608695436,76.91116304347611,0.07548309178743959,0.0,0.0,True,False,False,False,7746.499999999998,0.0,0.0,0.0,0.0,0.0,7746.499999999998
2025-02-14T17:00:00Z,2025-02-14T17:15:00Z,2025-02-14,2025-02-14_19,56.628951725960405,43,100,0,76.91116304347611,61.504322641242894,0.04293754204176834,0.07632499999999999,0.0635,True,True,False,False,4221.405206411719,0.0,81.17413055270931,189.8619733590501,10.303131270970203,-4.5928515460189265,4498.151590048429
2025-02-14T17:15:00Z,2025-02-14T17:30:00Z,2025-02-14,2025-02-14_19,56.628951725960405,43,100,0,61.504322641242894,46.09921465281241,0.04295489720587859,0.084065,0.0735,True,True,False,False,4221.405206411719,0.0,81.17413055270931,189.8619733590501,12.646957963152715,-5.316135254053402,4499.772133032578
2025-02-14T17:30:00Z,2025-02-14T17:45:00Z,2025-02-14,2025-02-14_19,56.628951725960405,43,100,0,46.09921465281241,30.70473774532027,0.042876598091212845,0.05375,0.0515,True,True,False,False,4221.405206411719,0.0,81.17413055270931,189.8619733590501,7.289775581138368,-3.7352580716452697,4495.995827832971
2025-02-14T17:45:00Z,2025-02-14T18:00:00Z,2025-02-14,2025-02-14_19,56.628951725960405,43,100,0,30.70473774532027,15.607734782606611,0.04262774299068129,0.02322,0.312,True,True,False,False,4221.405206411719,0.0,81.17413055270931,189.8619733590501,4.222850883008861,-22.629136278705325,4474.035024927782
2025-02-14T18:00:00Z,2025-02-14T18:15:00Z,2025-02-14,2025-02-14_20,0.0,100,100,0,15.607734782606611,12.422952173910959,0.008846618357487923,2.93,0.0,True,True,False,False,0.0,0.0,188.59622686998978,189.8619733590501,588.4794888795132,0.0,966.9376891085531
2025-02-14T18:15:00Z,2025-02-14T18:30:00Z,2025-02-14,2025-02-14_20,0.0,100,100,0,12.422952173910959,10.114799999997915,0.00641153381642512,2.1235,0.0,True,True,False,False,0.0,0.0,188.59622686998978,189.8619733590501,426.1868297068692,0.0,804.6450299359091
2025-02-14T18:30:00Z,2025-02-14T18:45:00Z,2025-02-14,2025-02-14_20,0.0,100,100,0,10.114799999997915,9.999999999997916,0.0050977777777777775,0.897,0.935,True,True,False,False,0.0,0.0,188.59622686998978,189.8619733590501,179.75214634440363,-67.72715227131177,490.4831943021317
2025-02-14T18:45:00Z,2025-02-14T19:00:00Z,2025-02-14,2025-02-14_20,0.0,100,100,0,9.999999999997916,11.502530434780526,0.004234082125603865,0.01,1.645,True,True,False,False,0.0,0.0,188.59622686998978,189.8619733590501,1.8644646695999842,-119.14244570349388,261.180219195146
2025-02-14T19:00:00Z,2025-02-14T19:15:00Z,2025-02-14,2025-02-14_21,-5.80909139349311,100,94,0,11.502530434780526,13.519332768486734,0.005610760489939337,0.0015,0.7416600000000001,True,True,False,False,-266.56468131891506,0.0,188.77704779699837,178.1303116147309,0.2531492978120668,-53.73365665722381,46.86217073340248
2025-02-14T19:15:00Z,2025-02-14T19:30:00Z,2025-02-14,2025-02-14_21,-5.80909139349311,100,94,0,13.519332768486734,13.907975496895112,0.00608203318998842,0.8795,0.0,True,True,False,False,-266.56468131891506,0.0,188.77704779699837,178.1303116147309,175.03062503767103,0.0,275.3733031304853
2025-02-14T19:30:00Z,2025-02-14T19:45:00Z,2025-02-14,2025-02-14_21,-5.80909139349311,100,94,0,13.907975496895112,16.399515847785196,0.00769449394392686,0.136,1.41517,True,True,False,False,-266.56468131891506,0.0,188.77704779699837,178.1303116147309,25.202420589476223,-102.39276543909348,23.152333243196967
2025-02-14T19:45:00Z,2025-02-14T20:00:00Z,2025-02-14,2025-02-14_21,-5.80909139349311,100,94,0,16.399515847785196,18.631152173910966,0.006267244076392719,0.012,0.9874700000000001,True,True,False,False,-266.56468131891506,0.0,188.77704779699837,178.1303116147309,2.0251943824965344,-71.57307469310672,30.79479778220404
2025-02-14T20:00:00Z,2025-02-14T20:15:00Z,2025-02-14,2025-02-14_22,-48.0,100,52,0,18.631152173910966,14.29654719999792,0.03591027603864734,15.2705,0.0,True,True,False,False,-1965.48,0.0,188.35513230064495,98.5401723826171,4077.6251049765942,0.0,2399.0404096598563
2025-02-14T20:15:00Z,2025-02-14T20:30:00Z,2025-02-14,2025-02-14_22,-48.0,100,52,0,14.29654719999792,17.762259965215314,0.033249926763285025,7.522999999999999,0.0,True,True,False,False,-1965.48,0.0,188.35513230064495,98.5401723826171,1786.4075625339037,0.0,107.82286721716576
2025-02-14T20:30:00Z,2025-02-14T20:45:00Z,2025-02-14,2025-02-14_22,-48.0,100,52,0,17.762259965215314,27.488447999997923,0.031199797681159422,1.332,0.02964,True,True,False,False,-1965.48,0.0,188.35513230064495,98.5401723826171,266.00366222650837,-2.149767946477006,-1414.7308010367067
2025-02-14T20:45:00Z,2025-02-14T21:00:00Z,2025-02-14,2025-02-14_22,-48.0,100,52,0,27.488447999997923,38.414044765215316,0.030788493429951692,0.14,0.028860000000000004,True,True,False,False,-1965.48,0.0,188.35513230064495,98.5401723826171,25.858694472907,-2.093195105780243,-1654.8191959496112
2025-02-14T21:00:00Z,2025-02-14T21:15:00Z,2025-02-14,2025-02-14_23,0.0,100,100,0,38.414044765215316,34.05643606956314,0.012104468599033818,4.009,0.0,True,True,False,False,0.0,0.0,188.35513230064495,189.8619733590501,859.6076326522413,0.0,1237.8247383119362
2025-02-14T21:15:00Z,2025-02-14T21:30:00Z,2025-02-14,2025-02-14_23,0.0,100,100,0,34.05643606956314,32.5303491130414,0.004239130434782608,1.404,0.0,True,True,False,False,0.0,0.0,188.35513230064495,189.8619733590501,281.58108130914354,0.0,659.7981869688385
2025-02-14T21:30:00Z,2025-02-14T21:45:00Z,2025-02-14,2025-02-14_23,0.0,100,100,0,32.5303491130414,30.196445634780535,0.006506065217391304,2.151,0.0045,True,True,False,False,0.0,0.0,188.35513230064495,189.8619733590501,430.7881725031644,-0.32638177325055756,808.6788963896089
2025-02-14T21:45:00Z,2025-02-14T22:00:00Z,2025-02-14,2025-02-14_23,0.0,100,100,0,30.196445634780535,30.871409113041405,0.0022191014492753624,0.056999999999999995,0.8009999999999999,True,True,False,False,0.0,0.0,188.35513230064495,189.8619733590501,9.782417575794105,-57.97783255982159,330.02169067566757
2025-02-14T22:00:00Z,2025-02-14T22:15:00Z,2025-02-15,2025-02-14_24,0.0,100,100,0,30.871409113041405,31.280158678258797,0.001491695652173913,0.05899999999999999,0.514,True,True,False,False,0.0,0.0,186.10234875730848,196.28900363665585,9.969460127383416,-37.277521850073335,355.0832906712744
2025-02-14T22:15:00Z,2025-02-14T22:30:00Z,2025-02-15,2025-02-14_24,0.0,100,100,0,31.280158678258797,31.55712824347619,0.0009173067632850243,0.0245,0.33,True,True,False,False,0.0,0.0,186.10234875730848,196.28900363665585,4.283116473448393,-23.93562516324768,362.73884370416505
2025-02-14T22:30:00Z,2025-02-14T22:45:00Z,2025-02-15,2025-02-14_24,0.0,100,100,0,31.55712824347619,31.485229113041406,0.000337719806763285,0.089,0.027,True,True,False,False,0.0,0.0,186.10234875730848,196.28900363665585,15.376430451467721,-1.9583693315384463,395.8094135138936
2025-02-14T22:45:00Z,2025-02-14T23:00:00Z,2025-02-15,2025-02-14_24,0.0,100,100,0,31.485229113041406,32.14351693912836,0.0023599782608695655,0.088,0.8195000000000001,True,True,False,False,0.0,0.0,186.10234875730848,196.28900363665585,15.397321331699182,-59.302649635329814,338.4860240903337
2025-02-14T23:00:00Z,2025-02-14T23:15:00Z,2025-02-15,2025-02-15_1,0.0,100,100,0,32.14351693912836,26.256591721737056,0.0185477922705314,5.7795,0.4295,True,True,False,False,0.0,0.0,185.59000221012235,196.28900363665585,1211.435269032167,-31.104857547567864,1562.2094173313774
2025-02-14T23:15:00Z,2025-02-14T23:30:00Z,2025-02-15,2025-02-15_1,0.0,100,100,0,26.256591721737056,11.87670041738923,0.03994414251207729,13.2295,0.0,True,True,False,False,0.0,0.0,185.59000221012235,196.28900363665585,2915.1735263506857,0.0,3297.0525321974637
2025-02-14T23:30:00Z,2025-02-14T23:45:00Z,2025-02-15,2025-02-15_1,0.0,100,100,0,11.87670041738923,11.691618678258795,0.001188782608695652,0.282,0.132,True,True,False,False,0.0,0.0,185.59000221012235,196.28900363665585,50.545713769062296,-9.57425006529907,422.85046955054145
2025-02-14T23:45:00Z,2025-02-15T00:00:00Z,2025-02-15,2025-02-15_1,0.0,100,100,0,11.691618678258795,11.842342156519665,0.0006239903381642511,0.034,0.20399999999999996,True,True,False,False,0.0,0.0,185.59000221012235,196.28900363665585,5.7442108858572265,-14.796568282734924,372.8266484499005
2025-02-15T00:00:00Z,2025-02-15T00:15:00Z,2025-02-15,2025-02-15_2,0.0,100,100,0,11.842342156519665,11.786091721737057,0.0005472512077294685,0.1165,0.0765,True,True,False,False,0.0,0.0,185.10779369512366,195.89720921821942,20.183634948062128,-5.548713106025597,395.6399247553796
2025-02-15T00:15:00Z,2025-02-15T00:30:00Z,2025-02-15,2025-02-15_2,0.0,100,100,0,11.786091721737057,11.978039547824014,0.0005784782608695652,0.0075,0.21749999999999997,True,True,False,False,0.0,0.0,185.10779369512366,195.89720921821942,1.2717239959012276,-15.775752948504149,366.50097396074017
2025-02-15T00:30:00Z,2025-02-15T00:45:00Z,2025-02-15,2025-02-15_2,0.0,100,100,0,11.978039547824014,12.48061172173706,0.0014201884057971016,0.004,0.551,True,True,False,False,0.0,0.0,185.10779369512366,195.89720921821942,0.6750919209981716,-39.907230314841975,341.77286451949925
2025-02-15T00:45:00Z,2025-02-15T01:00:00Z,2025-02-15,2025-02-15_2,0.0,100,100,0,12.48061172173706,18.767431721737058,0.01746338888888889,0.0,6.833499999999999,True,True,False,False,0.0,0.0,185.10779369512366,195.89720921821942,0.0,-360.05519418938735,20.949808723955726
2025-02-15T01:00:00Z,2025-02-15T01:15:00Z,2025-02-15,2025-02-15_3,0.0,100,100,0,18.767431721737058,19.70170128695445,0.0035764734299516907,0.1625,1.2075,True,True,False,False,0.0,0.0,185.10779369512366,195.89720921821942,28.62290038375761,-87.39242128950593,322.2354820075948
2025-02-15T01:15:00Z,2025-02-15T01:30:00Z,2025-02-15,2025-02-15_3,0.0,100,100,0,19.70170128695445,21.137996939128364,0.004149734299516909,0.0265,1.5925000000000002,True,True,False,False,0.0,0.0,185.10779369512366,195.89720921821942,4.608809547728597,-115.30050682124131,270.31330563983033
2025-02-15T01:30:00Z,2025-02-15T01:45:00Z,2025-02-15,2025-02-15_3,0.0,100,100,0,21.137996939128364,21.465109982606624,0.0011230193236714976,0.0355,0.3975,True,True,False,False,0.0,0.0,185.10779369512366,195.89720921821942,6.080349500713266,-28.83154849209379,358.2538039219626
2025-02-15T01:45:00Z,2025-02-15T02:00:00Z,2025-02-15,2025-02-15_3,0.0,100,100,0,21.465109982606624,21.49411085217184,0.000479108695652174,0.066,0.1095,True,True,False,False,0.0,0.0,185.10779369512366,195.89720921821942,11.719876634988246,-7.942275622350365,384.78260392598094
2025-02-15T02:00:00Z,2025-02-15T02:15:00Z,2025-02-15,2025-02-15_4,-100.00000000000001,100,0,0,21.49411085217184,40.629190852171845,0.053153000000000006,4.201,0.0,True,True,False,False,-2980.5000000000005,0.0,185.10779369512366,0.0,759.5655480098852,0.0,-2035.8266582949916
2025-02-15T02:15:00Z,2025-02-15T02:30:00Z,2025-02-15,2025-02-15_4,-100.00000000000001,100,0,0,40.629190852171845,61.596910852171845,0.05824366666666668,2.209,0.0,True,True,False,False,-2980.5000000000005,0.0,185.10779369512366,0.0,399.2346635591007,0.0,-2396.157542745776
2025-02-15T02:30:00Z,2025-02-15T02:45:00Z,2025-02-15,2025-02-15_4,-100.00000000000001,100,0,0,61.596910852171845,81.83323085217185,0.056212000000000005,3.004,0.0,True,True,False,False,-2980.5000000000005,0.0,185.10779369512366,0.0,543.1101147254425,0.0,-2252.282091579434
2025-02-15T02:45:00Z,2025-02-15T03:00:00Z,2025-02-15,2025-02-15_4,-100.00000000000001,100,0,0,81.83323085217185,103.71313085217186,0.06077750000000001,1.2175,0.0,True,True,False,False,-2980.5000000000005,0.0,185.10779369512366,0.0,219.56194068835265,0.0,-2575.8302656165242
2025-02-15T03:00:00Z,2025-02-15T03:15:00Z,2025-02-15,2025-02-15_5,-21.000000000000007,100,79,0,103.71313085217186,100.66863999999795,0.02725527903381643,7.486,0.0,True,True,False,False,-627.7425000000002,0.0,185.10779369512366,154.75879528239335,1421.6165333226174,0.0,1133.7406223001342
2025-02-15T03:15:00Z,2025-02-15T03:30:00Z,2025-02-15,2025-02-15_5,-21.000000000000007,100,79,0,100.66863999999795,104.36099079130231,0.015842822246376814,1.171,0.10230500000000001,True,True,False,False,-627.7425000000002,0.0,185.10779369512366,154.75879528239335,211.29996343252097,-7.403654020413494,-83.9796016103757
2025-02-15T03:30:00Z,2025-02-15T03:45:00Z,2025-02-15,2025-02-15_5,-21.000000000000007,100,79,0,104.36099079130231,109.63190990434579,0.014655753574879233,0.003,0.48269,True,True,False,False,-627.7425000000002,0.0,185.10779369512366,154.75879528239335,0.5063189407486287,-34.92580397018344,-322.295396051918
2025-02-15T03:45:00Z,2025-02-15T04:00:00Z,2025-02-15,2025-02-15_5,-21.000000000000007,100,79,0,109.63190990434579,114.5443943391284,0.013848537681159427,0.0425,0.13824999999999998,True,True,False,False,-627.7425000000002,0.0,185.10779369512366,154.75879528239335,7.255834723031485,-10.01313214522513,-290.6332084446768
2025-02-15T04:00:00Z,2025-02-15T04:15:00Z,2025-02-15,2025-02-15_6,0.0,100,100,0,114.5443943391284,114.55655433912841,0.0006587777777777778,0.1035,0.1355,True,True,False,False,0.0,0.0,185.10779369512366,188.57366739667677,18.221456671555725,-9.814554861264593,382.08836290209155
2025-02-15T04:15:00Z,2025-02-15T04:30:00Z,2025-02-15,2025-02-15_6,0.0,100,100,0,114.55655433912841,114.46806477391102,0.0005090265700483092,0.125,0.0515,True,True,False,False,0.0,0.0,185.10779369512366,188.57366739667677,22.02487392256535,-3.7328937533905284,391.9734412609753
2025-02-15T04:30:00Z,2025-02-15T04:45:00Z,2025-02-15,2025-02-15_6,0.0,100,100,0,114.46806477391102,114.42272999130232,0.000598707729468599,0.12,0.0925,True,True,False,False,0.0,0.0,185.10779369512366,188.57366739667677,20.903739125193386,-6.699080790018283,387.88611942697554
2025-02-15T04:45:00Z,2025-02-15T05:00:00Z,2025-02-15,2025-02-15_6,0.0,100,100,0,114.42272999130232,113.80798651304144,0.0019759541062801932,0.61,0.0525,True,True,False,False,0.0,0.0,185.10779369512366,188.57366739667677,109.85306905627775,-3.806431958369332,479.7280981897088
2025-02-15T05:00:00Z,2025-02-15T05:15:00Z,2025-02-15,2025-02-15_7,0.0,100,100,0,113.80798651304144,113.74455520869361,0.0007537536231884057,0.154,0.11299999999999999,True,True,False,False,0.0,0.0,185.10779369512366,188.57366739667677,27.4135532739949,-8.187306463603301,392.90770790219204
2025-02-15T05:15:00Z,2025-02-15T05:30:00Z,2025-02-15,2025-02-15_7,0.0,100,100,0,113.74455520869361,113.81474129565014,0.000484816425120773,0.048,0.133,True,True,False,False,0.0,0.0,185.10779369512366,188.57366739667677,8.239738000040184,-9.6324056177292,372.2887934741114
2025-02-15T05:30:00Z,2025-02-15T05:45:00Z,2025-02-15,2025-02-15_7,0.0,100,100,0,113.81474129565014,113.2693499913023,0.0017066425120772944,0.5335,0.0375,True,True,False,False,0.0,0.0,185.10779369512366,188.57366739667677,95.82087048682968,-2.7166422213738923,466.7856893572562
2025-02-15T05:45:00Z,2025-02-15T06:00:00Z,2025-02-15,2025-02-15_7,0.0,100,100,0,113.2693499913023,110.5764152086936,0.007480374396135266,2.4775,0.0,True,True,False,False,0.0,0.0,185.10779369512366,188.57366739667677,447.88735910469956,0.0,821.5688201964999
2025-02-15T06:00:00Z,2025-02-15T06:15:00Z,2025-02-15,2025-02-15_8,0.0,100,100,0,110.5764152086936,104.34761086086752,0.017302234299516907,5.7305,0.0,True,True,False,False,0.0,0.0,185.10779369512366,188.57366739667677,1313.389933495409,0.0,1687.0713945872094
2025-02-15T06:15:00Z,2025-02-15T06:30:00Z,2025-02-15,2025-02-15_8,0.0,100,100,0,104.34761086086752,94.51445868695447,0.027314311594202896,9.0465,0.0,True,True,False,False,0.0,0.0,185.10779369512366,188.57366739667677,2062.6841566373996,0.0,2436.3656177292
2025-02-15T06:30:00Z,2025-02-15T06:45:00Z,2025-02-15,2025-02-15_8,0.0,100,100,0,94.51445868695447,86.38381607825883,0.02260811835748792,7.484,0.0045,True,True,False,False,0.0,0.0,185.10779369512366,188.57366739667677,1665.6850889071948,-0.32639488858974103,2039.0401551104055
2025-02-15T06:45:00Z,2025-02-15T07:00:00Z,2025-02-15,2025-02-15_8,0.0,100,100,0,86.38381607825883,76.99794651304144,0.02607185990338164,8.635,0.0,True,True,False,False,0.0,0.0,185.10779369512366,188.57366739667677,1794.5518595165859,0.0,2168.2333206083863
2025-02-15T07:00:00Z,2025-02-15T07:15:00Z,2025-02-15,2025-02-15_9,0.0,100,100,0,76.99794651304144,58.533272599997964,0.051290760869565216,16.9875,0.0,True,True,False,False,0.0,0.0,185.10779369512366,188.57366739667677,4344.637344035684,0.0,4718.318805127485
2025-02-15T07:15:00Z,2025-02-15T07:30:00Z,2025-02-15,2025-02-15_9,0.0,100,100,0,58.533272599997964,45.94740303478057,0.034960748792270534,11.579,0.0,True,True,False,False,0.0,0.0,185.10779369512366,188.57366739667677,2762.6515492957747,0.0,3136.333010387575
2025-02-15T07:30:00Z,2025-02-15T07:45:00Z,2025-02-15,2025-02-15_9,0.0,100,100,0,45.94740303478057,38.46044651304144,0.020797101449275362,6.888,0.0,True,True,False,False,0.0,0.0,185.10779369512366,188.57366739667677,1289.2867364529545,0.0,1662.968197544755
2025-02-15T07:45:00Z,2025-02-15T08:00:00Z,2025-02-15,2025-02-15_9,0.0,100,100,0,38.46044651304144,37.541994339128394,0.0030495893719806764,0.9275,0.0975,True,True,False,False,0.0,0.0,185.10779369512366,188.57366739667677,167.45893140583874,-7.071889252777723,534.0685032448614
2025-02-15T08:00:00Z,2025-02-15T08:15:00Z,2025-02-15,2025-02-15_10,0.0,100,100,0,37.541994339128394,30.99851607825883,0.01817632850241546,6.02,0.0,True,True,False,False,0.0,0.0,185.10779369512366,189.44767033011192,1118.901625444536,0.0,1493.4570894697715
2025-02-15T08:15:00Z,2025-02-15T08:30:00Z,2025-02-15,2025-02-15_10,0.0,100,100,0,30.99851607825883,27.938653469563178,0.008568618357487921,2.8265,0.0135,True,True,False,False,0.0,0.0,185.10779369512366,189.44767033011192,510.96607311486605,-0.9791846657692231,884.5423524743325
2025-02-15T08:30:00Z,2025-02-15T08:45:00Z,2025-02-15,2025-02-15_10,0.0,100,100,0,27.938653469563178,24.22560999130231,0.010314009661835747,3.4159999999999995,0.0,True,True,False,False,0.0,0.0,185.10779369512366,189.44767033011192,617.5340901328082,0.0,992.0895541580437
2025-02-15T08:45:00Z,2025-02-15T09:00:00Z,2025-02-15,2025-02-15_10,0.0,100,100,0,24.22560999130231,24.477790860867525,0.005821275362318841,0.848,1.276,True,True,False,False,0.0,0.0,185.10779369512366,189.44767033011192,153.25183580800066,-92.38341524180748,435.42388459142876
2025-02-15T09:00:00Z,2025-02-15T09:15:00Z,2025-02-15,2025-02-15_11,0.0,100,100,0,24.477790860867525,18.035010860867526,0.019256166666666664,6.1525,0.266,True,True,False,False,0.0,0.0,185.10779369512366,189.44767033011192,1271.7358793273193,-19.281111892467504,1627.0102314600874
2025-02-15T09:15:00Z,2025-02-15T09:30:00Z,2025-02-15,2025-02-15_11,0.0,100,100,0,18.035010860867526,12.74153259999796,0.014704106280193236,4.87,0.0,True,True,False,False,0.0,0.0,185.10779369512366,189.44767033011192,880.5432802234234,0.0,1255.098744248659
2025-02-15T09:30:00Z,2025-02-15T09:45:00Z,2025-02-15,2025-02-15_11,0.0,100,100,0,12.74153259999796,12.114358686954482,0.0017421497584541059,0.577,0.0,True,True,False,False,0.0,0.0,185.10779369512366,189.44767033011192,103.69294348114363,0.0,478.2484075063792
2025-02-15T09:45:00Z,2025-02-15T10:00:00Z,2025-02-15,2025-02-15_11,0.0,100,100,0,12.114358686954482,11.995182165215352,0.0005687125603864734,0.149,0.0465,True,True,False,False,0.0,0.0,185.10779369512366,189.44767033011192,25.948859978702455,-3.3727471820939905,397.131576821844
2025-02-15T10:00:00Z,2025-02-15T10:15:00Z,2025-02-15,2025-02-15_12,-55.99999999999077,100,44,0,11.995182165215352,21.143743139126215,0.03539237951690425,3.756,0.0,True,True,False,False,-1657.039999999727,0.0,185.10779369512366,86.19477205601655,679.0465540173997,0.0,-706.6908802311871
2025-02-15T10:15:00Z,2025-02-15T10:30:00Z,2025-02-15,2025-02-15_12,-55.99999999999077,100,44,0,21.143743139126215,30.869504878254478,0.03545199516907786,3.175,0.0,True,True,False,False,-1657.039999999727,0.0,185.10779369512366,86.19477205601655,573.8360691969218,0.0,-811.9013650516649
2025-02-15T10:30:00Z,2025-02-15T10:45:00Z,2025-02-15,2025-02-15_12,-55.99999999999077,100,44,0,30.869504878254478,33.73988988694785,0.03474394386473359,10.0755,0.0,True,True,False,False,-1657.039999999727,0.0,185.10779369512366,86.19477205601655,2048.743031986498,0.0,663.0055977379113
2025-02-15T10:45:00Z,2025-02-15T11:00:00Z,2025-02-15,2025-02-15_12,-55.99999999999077,100,44,0,33.73988988694785,31.5818727043368,0.03422458995169271,15.137,0.0,True,True,False,False,-1657.039999999727,0.0,185.10779369512366,86.19477205601655,3132.623910711057,0.0,1746.8864764624702
2025-02-15T11:00:00Z,2025-02-15T11:15:00Z,2025-02-15,2025-02-15_13,-100.0,100,0,0,31.5818727043368,51.559672704336805,0.05549388888888889,3.2850000000000006,0.0,True,True,False,False,-2809.75,0.0,185.10779369512366,0.0,593.8041269012076,0.0,-2030.8380794036686
2025-02-15T11:15:00Z,2025-02-15T11:30:00Z,2025-02-15,2025-02-15_13,-100.0,100,0,0,51.559672704336805,68.92053270433681,0.04822461111111111,6.1295,0.0,True,True,False,False,-2809.75,0.0,185.10779369512366,0.0,1239.6082768077797,0.0,-1385.0339294970966
2025-02-15T11:30:00Z,2025-02-15T11:45:00Z,2025-02-15,2025-02-15_13,-100.0,100,0,0,68.92053270433681,82.18325270433681,0.036840888888888895,10.584,0.0,True,True,False,False,-2809.75,0.0,185.10779369512366,0.0,2146.5502883205077,0.0,-478.0919179843687
2025-02-15T11:45:00Z,2025-02-15T12:00:00Z,2025-02-15,2025-02-15_13,-100.0,100,0,0,82.18325270433681,95.7486527043368,0.03768166666666667,10.255,0.0,True,True,False,False,-2809.75,0.0,185.10779369512366,0.0,2199.561614193004,0.0,-425.0805921118723
2025-02-15T12:00:00Z,2025-02-15T12:15:00Z,2025-02-15,2025-02-15_14,-99.99999999999996,100,0,0,95.7486527043368,118.3604127043368,0.06281044444444442,0.422,0.0,True,True,False,False,-2750.249999999999,0.0,185.59000221012235,0.0,78.18721986699082,0.0,-2486.472777922886
2025-02-15T12:15:00Z,2025-02-15T12:30:00Z,2025-02-15,2025-02-15_14,-99.99999999999996,100,0,0,118.3604127043368,141.2656527043368,0.06362566666666664,0.103,0.0,True,True,False,False,-2750.249999999999,0.0,185.59000221012235,0.0,17.839998995398926,0.0,-2546.8199987944777
2025-02-15T12:30:00Z,2025-02-15T12:45:00Z,2025-02-15,2025-02-15_14,-99.99999999999996,100,0,0,141.2656527043368,161.62341270433677,0.05654933333333332,2.872,0.0,True,True,False,False,-2750.249999999999,0.0,185.59000221012235,0.0,571.3664857045267,0.0,-1993.2935120853501
2025-02-15T12:45:00Z,2025-02-15T13:00:00Z,2025-02-15,2025-02-15_14,-99.99999999999996,100,0,0,161.62341270433677,181.0570327043368,0.05398227777777776,3.8765,0.0,True,True,False,False,-2750.249999999999,0.0,185.59000221012235,0.0,773.9237416366961,0.0,-1790.7362561531806
2025-02-15T13:00:00Z,2025-02-15T13:15:00Z,2025-02-15,2025-02-15_15,-15.000000000010917,100,85,0,181.0570327043368,185.7598412695567,0.013155748429958656,0.018,1.3825250000000002,True,True,False,False,-437.62500000031855,0.0,185.10779369512366,166.5126278354865,3.0734753169516384,-100.0917433394949,-183.02284649225163
2025-02-15T13:15:00Z,2025-02-15T13:30:00Z,2025-02-15,2025-02-15_15,-15.000000000010917,100,85,0,185.7598412695567,189.83158022608092,0.011366847343002138,0.011,0.6885000000000001,True,True,False,False,-437.62500000031855,0.0,185.10779369512366,166.5126278354865,1.8565027827449718,-49.85693948283137,-134.00501516979477
2025-02-15T13:30:00Z,2025-02-15T13:45:00Z,2025-02-15,2025-02-15_15,-15.000000000010917,100,85,0,189.83158022608092,189.8178665304313,0.016743760265705468,3.2695000000000003,0.008925,True,True,False,False,-437.62500000031855,0.0,185.10779369512366,166.5126278354865,672.184395129694,-0.6473498623696531,585.532466797616
2025-02-15T13:45:00Z,2025-02-15T14:00:00Z,2025-02-15,2025-02-15_15,-15.000000000010917,100,85,0,189.8178665304313,183.05067018260792,0.030587950966184697,9.6215,0.0,True,True,False,False,-437.62500000031855,0.0,185.10779369512366,166.5126278354865,2083.8083900263205,0.0,1997.8038115566121
2025-02-15T14:00:00Z,2025-02-15T14:15:00Z,2025-02-15,2025-02-15_16,-17.790949789492874,100,82,0,183.05067018260792,186.60862648025883,0.012613584982350346,0.55,0.051660000000000005,True,True,False,False,-579.940485762994,0.0,185.10779369512366,154.63040726527493,115.55845773643287,-3.747013321010227,-128.39084038717272
2025-02-15T14:15:00Z,2025-02-15T14:30:00Z,2025-02-15,2025-02-15_16,-17.790949789492874,100,82,0,186.60862648025883,187.84807533746093,0.016836634353819106,2.698,0.0,True,True,False,False,-579.940485762994,0.0,185.10779369512366,154.63040726527493,584.2882168330955,0.0,344.0859320305001
2025-02-15T14:30:00Z,2025-02-15T14:45:00Z,2025-02-15,2025-02-15_16,-17.790949789492874,100,82,0,187.84807533746093,189.99999999999983,0.015129282520522992,1.8435,0.00984,True,True,False,False,-579.940485762994,0.0,185.10779369512366,154.63040726527493,369.97342287677554,-0.7137168230495671,129.05742125113062
2025-02-15T14:45:00Z,2025-02-15T15:00:00Z,2025-02-15,2025-02-15_16,-17.790949789492874,100,82,0,189.99999999999983,185.92199302883256,0.027033944132125502,7.7275,0.0,True,True,False,False,-579.940485762994,0.0,185.10779369512366,154.63040726527493,1690.471942998935,0.0,1450.2696581963396
2025-02-15T15:00:00Z,2025-02-15T15:15:00Z,2025-02-15,2025-02-15_17,-11.81882390279177,100,88,0,185.92199302883256,188.57728071082855,0.008126617101541174,0.141,0.09504,True,True,False,False,-474.31895027879074,0.0,185.10779369512366,165.94482730907555,26.737873259528637,-6.89346004701533,-103.42191606207822
2025-02-15T15:15:00Z,2025-02-15T15:30:00Z,2025-02-15,2025-02-15_17,-11.81882390279177,100,88,0,188.57728071082855,189.99999999999983,0.010416487625838725,1.214,0.0,True,True,False,False,-474.31895027879074,0.0,185.10779369512366,165.94482730907555,242.82414779690984,0.0,119.55781852231831
2025-02-15T15:30:00Z,2025-02-15T15:45:00Z,2025-02-15,2025-02-15_17,-11.81882390279177,100,88,0,189.99999999999983,189.89018530287444,0.013806077330304043,2.65,0.0,True,True,False,False,-474.31895027879074,0.0,185.10779369512366,165.94482730907555,616.2939161359024,0.0,493.02758686131085
2025-02-15T15:45:00Z,2025-02-15T16:00:00Z,2025-02-15,2025-02-15_17,-11.81882390279177,100,88,0,189.89018530287444,166.5431639548926,0.0652010852900363,24.4235,0.0,True,True,False,False,-474.31895027879074,0.0,185.10779369512366,165.94482730907555,24276.824543408813,0.0,24153.55821413422
2025-02-15T16:00:00Z,2025-02-15T16:15:00Z,2025-02-15,2025-02-15_18,0.0,100,100,0,166.5431639548926,164.37429178097955,0.007284533816425121,2.204,0.24650000000000002,True,True,False,False,0.0,0.0,185.10779369512366,188.57366739667677,559.9663844407386,-17.869132727893756,915.7787128046452
2025-02-15T16:15:00Z,2025-02-15T16:30:00Z,2025-02-15,2025-02-15_18,0.0,100,100,0,164.37429178097955,160.95472656358825,0.009498792270531402,3.1460000000000004,0.0,True,True,False,False,0.0,0.0,185.10779369512366,188.57366739667677,797.1179317273112,0.0,1170.7993928191117
2025-02-15T16:30:00Z,2025-02-15T16:45:00Z,2025-02-15,2025-02-15_18,0.0,100,100,0,160.95472656358825,148.95309612880564,0.033337862318840575,11.0415,0.0,True,True,False,False,0.0,0.0,185.10779369512366,188.57366739667677,2949.072817403709,0.0,3322.7542784955094
2025-02-15T16:45:00Z,2025-02-15T17:00:00Z,2025-02-15,2025-02-15_18,0.0,100,100,0,148.95309612880564,128.83896569402305,0.055872584541062795,18.505,0.0,True,True,False,False,0.0,0.0,185.10779369512366,188.57366739667677,5702.663887605232,0.0,6076.345348697032
2025-02-15T17:00:00Z,2025-02-15T17:15:00Z,2025-02-15,2025-02-15_19,-13.748076708437168,100,86,0,128.83896569402305,118.81110753104967,0.03671138234221519,12.3965,0.0,True,True,False,False,-614.7108798259968,0.0,185.10779369512366,162.17335396114203,3323.2986324365593,0.0,3055.868900266828
2025-02-15T17:15:00Z,2025-02-15T17:30:00Z,2025-02-15,2025-02-15_19,-13.748076708437168,100,86,0,118.81110753104967,107.98311895335867,0.03840555186143279,13.148499999999999,0.0,True,True,False,False,-614.7108798259968,0.0,185.10779369512366,162.17335396114203,3540.539611420305,0.0,3273.1098792505736
2025-02-15T17:30:00Z,2025-02-15T17:45:00Z,2025-02-15,2025-02-15_19,-13.748076708437168,100,86,0,107.98311895335867,93.52049540668432,0.04610140701787875,16.5645,0.0,True,True,False,False,-614.7108798259968,0.0,185.10779369512366,162.17335396114203,5353.956849169194,0.0,5086.527116999463
2025-02-15T17:45:00Z,2025-02-15T18:00:00Z,2025-02-15,2025-02-15_19,-13.748076708437168,100,86,0,93.52049540668432,83.98527073043205,0.0356682965876969,11.9335,0.0,True,True,False,False,-614.7108798259968,0.0,185.10779369512366,162.17335396114203,3702.633858270881,0.0,3435.2041261011495
2025-02-15T18:00:00Z,2025-02-15T18:15:00Z,2025-02-15,2025-02-15_20,0.0,100,100,0,83.98527073043205,67.72331420869293,0.04517210144927536,14.960999999999999,0.0,True,True,False,False,0.0,0.0,185.10779369512366,188.57366739667677,4028.717654859255,0.0,4402.399115951055
2025-02-15T18:15:00Z,2025-02-15T18:30:00Z,2025-02-15,2025-02-15_20,0.0,100,100,0,67.72331420869293,60.24994464347554,0.020759359903381642,6.8755,0.0,True,True,False,False,0.0,0.0,185.10779369512366,188.57366739667677,1416.2195541580438,0.0,1789.9010152498442
2025-02-15T18:30:00Z,2025-02-15T18:45:00Z,2025-02-15,2025-02-15_20,0.0,100,100,0,60.24994464347554,51.792879426084234,0.023491847826086952,7.7805,0.0,True,True,False,False,0.0,0.0,185.10779369512366,188.57366739667677,1951.6953806433467,0.0,2325.376841735147
2025-02-15T18:45:00Z,2025-02-15T19:00:00Z,2025-02-15,2025-02-15_20,0.0,100,100,0,51.792879426084234,49.43309681738858,0.006554951690821255,2.171,0.0,True,True,False,False,0.0,0.0,185.10779369512366,188.57366739667677,392.1562040143859,0.0,765.8376651061863
2025-02-15T19:00:00Z,2025-02-15T19:15:00Z,2025-02-15,2025-02-15_21,0.0,100,100,0,49.43309681738858,41.93527073043206,0.020827294685990337,6.898,0.0,True,True,False,False,0.0,0.0,185.10779369512366,188.57366739667677,1621.4492491611581,0.0,1995.1307102529586
2025-02-15T19:15:00Z,2025-02-15T19:30:00Z,2025-02-15,2025-02-15_21,0.0,100,100,0,41.93527073043206,38.3667924695625,0.009912439613526568,3.283,0.0,True,True,False,False,0.0,0.0,185.10779369512366,188.57366739667677,593.4419426975547,0.0,967.1234037893552
2025-02-15T19:30:00Z,2025-02-15T19:45:00Z,2025-02-15,2025-02-15_21,0.0,100,100,0,38.3667924695625,36.15689594782337,0.00635837922705314,2.0695,0.043,True,True,False,False,0.0,0.0,185.10779369512366,188.57366739667677,374.0551290912379,-3.1188844909686364,744.6177056920698
2025-02-15T19:45:00Z,2025-02-15T20:00:00Z,2025-02-15,2025-02-15_21,0.0,100,100,0,36.15689594782337,33.99979681738859,0.006142719806763285,2.0095,0.029499999999999995,True,True,False,False,0.0,0.0,185.10779369512366,188.57366739667677,362.9042900484218,-2.1427108155351506,734.4430403246871
2025-02-15T20:00:00Z,2025-02-15T20:15:00Z,2025-02-15,2025-02-15_22,-18.000000000000934,100,82,0,33.99979681738859,15.590214104345366,0.054509069758453585,21.3355,0.0,True,True,False,False,-722.3850000000375,0.0,185.10779369512366,154.63040726527493,19442.748666191153,0.0,19060.101867151516
2025-02-15T20:15:00Z,2025-02-15T20:30:00Z,2025-02-15,2025-02-15_22,-18.000000000000934,100,82,0,15.590214104345366,13.420495147823852,0.023534597101449554,5.97,0.0,True,True,False,False,-722.3850000000375,0.0,185.10779369512366,154.63040726527493,1230.5269815756162,0.0,847.8801825359773
2025-02-15T20:30:00Z,2025-02-15T20:45:00Z,2025-02-15,2025-02-15_22,-18.000000000000934,100,82,0,13.420495147823852,18.375779582606675,0.01423756545893779,0.0955,0.9958899999999999,True,True,False,False,-722.3850000000375,0.0,185.10779369512366,154.63040726527493,16.81100098450905,-72.08441949729763,-437.9202175524275
2025-02-15T20:45:00Z,2025-02-15T21:00:00Z,2025-02-15,2025-02-15_22,-18.000000000000934,100,82,0,18.375779582606675,26.12407478260689,0.021523042222222823,0.0,3.9220600000000005,True,True,False,False,-722.3850000000375,0.0,185.10779369512366,154.63040726527493,0.0,-283.7364665608487,-666.3832656004877
2025-02-15T21:00:00Z,2025-02-15T21:15:00Z,2025-02-15,2025-02-15_23,0.0,100,100,0,26.12407478260689,11.628679999998191,0.04039020772946861,13.356500000000002,0.0245,True,True,False,False,0.0,0.0,185.59000221012235,188.99559984730064,10623.152696047902,-1.7855794538988567,10995.952718651426
2025-02-15T21:15:00Z,2025-02-15T21:30:00Z,2025-02-15,2025-02-15_23,0.0,100,100,0,11.628679999998191,10.415178260867757,0.0034015048309178745,1.1215,0.006,True,True,False,False,0.0,0.0,185.59000221012235,188.99559984730064,202.24427648630729,-0.44122079122380503,576.3886577525064
2025-02-15T21:30:00Z,2025-02-15T21:45:00Z,2025-02-15,2025-02-15_23,0.0,100,100,0,10.415178260867757,9.999999999998192,0.0026993840579710147,0.638,0.3025,True,True,False,False,0.0,0.0,185.59000221012235,188.99559984730064,115.09714331638907,-21.956852886218883,467.72589248759317
2025-02-15T21:45:00Z,2025-02-15T22:00:00Z,2025-02-15,2025-02-15_23,0.0,100,100,0,9.999999999998192,11.739259999998191,0.004831277777777778,0.0,1.8905,True,True,False,False,0.0,0.0,185.59000221012235,188.99559984730064,0.0,-136.92460268027568,237.6609993771473
2025-02-15T22:00:00Z,2025-02-15T22:15:00Z,2025-02-16,2025-02-15_24,-74.7171856947162,100,25,0,11.739259999998191,22.66152945751515,0.040297798994685614,6.522500000000001,0.0145,True,True,False,False,-2540.9446925130615,0.0,185.10779369512366,49.162665005726225,1354.6948514195014,-1.0542281649956804,-953.0336105577059
2025-02-15T22:15:00Z,2025-02-15T22:30:00Z,2025-02-16,2025-02-15_24,-74.7171856947162,100,25,0,22.66152945751515,39.31789994083091,0.047121906813788125,0.5595,0.010625,True,True,False,False,-2540.9446925130615,0.0,185.10779369512366,49.162665005726225,100.5704931586667,-0.7813284844588215,-2206.8850691380035
2025-02-15T22:30:00Z,2025-02-15T22:45:00Z,2025-02-16,2025-02-15_24,-74.7171856947162,100,25,0,39.31789994083091,53.32009711759419,0.0439492649087411,3.3105,0.002875,True,True,False,False,-2540.9446925130615,0.0,185.10779369512366,49.162665005726225,641.2117433847019,-0.21141829579473992,-1665.6739087233045
2025-02-15T22:45:00Z,2025-02-15T23:00:00Z,2025-02-16,2025-02-15_24,-74.7171856947162,100,25,0,53.32009711759419,65.19797336162455,0.04141483511631578,5.5155,0.0,True,True,False,False,-2540.9446925130615,0.0,185.10779369512366,49.162665005726225,1131.3451757047276,0.0,-1175.329058107484
2025-02-15T23:00:00Z,2025-02-15T23:15:00Z,2025-02-16,2025-02-16_1,0.0,100,100,0,65.19797336162455,56.65123423118976,0.02374094202898551,7.863,0.0,True,True,False,False,0.0,0.0,185.10779369512366,196.28900363665585,1677.406296839525,0.0,2058.8030941713046
2025-02-15T23:15:00Z,2025-02-15T23:30:00Z,2025-02-16,2025-02-16_1,0.0,100,100,0,56.65123423118976,51.86206466597237,0.013354359903381642,4.4145,0.01,True,True,False,False,0.0,0.0,185.10779369512366,196.28900363665585,905.0882485784896,-0.7373771875188362,1285.7476687227502
2025-02-15T23:30:00Z,2025-02-15T23:45:00Z,2025-02-16,2025-02-16_1,0.0,100,100,0,51.86206466597237,48.016497709450626,0.010712797101449274,3.543,0.006,True,True,False,False,0.0,0.0,185.10779369512366,196.28900363665585,640.661474754375,-0.4424263125113017,1021.6158457736433
2025-02-15T23:45:00Z,2025-02-16T00:00:00Z,2025-02-16,2025-02-16_1,0.0,100,100,0,48.016497709450626,44.76975857901584,0.009018719806763286,2.987,0.0,True,True,False,False,0.0,0.0,185.10779369512366,196.28900363665585,598.2972222780334,0.0,979.6940196098128
2025-02-16T00:00:00Z,2025-02-16T00:15:00Z,2025-02-16,2025-02-16_2,0.0,100,100,0,44.76975857901584,34.618671622494105,0.02819746376811594,9.339,0.0,True,True,False,False,0.0,0.0,185.10779369512366,196.28900363665585,1985.7763890619037,0.0,2367.1731863936834
2025-02-16T00:15:00Z,2025-02-16T00:30:00Z,2025-02-16,2025-02-16_2,0.0,100,100,0,34.618671622494105,27.882258579015843,0.01871225845410628,6.1975,0.0,True,True,False,False,0.0,0.0,185.10779369512366,196.28900363665585,1222.3037461574008,0.0,1603.7005434891803
2025-02-16T00:30:00Z,2025-02-16T00:45:00Z,2025-02-16,2025-02-16_2,0.0,100,100,0,27.882258579015843,28.01805075292889,0.000540243961352657,0.027,0.1795,True,True,False,False,0.0,0.0,185.10779369512366,196.28900363665585,4.8058112153663775,-13.196753732092985,373.0058548150529
2025-02-16T00:45:00Z,2025-02-16T01:00:00Z,2025-02-16,2025-02-16_2,0.0,100,100,0,28.01805075292889,26.109072492059326,0.005494384057971014,1.788,0.0375,True,True,False,False,0.0,0.0,185.10779369512366,196.28900363665585,323.26117457957446,-2.7651644531956356,701.8928074581584
2025-02-16T01:00:00Z,2025-02-16T01:15:00Z,2025-02-16,2025-02-16_3,-11.000000000000036,100,89,0,26.109072492059326,15.862994857276725,0.0357949534299517,11.956,0.0,True,True,False,False,-339.8175000000011,0.0,185.10779369512366,174.3485162042153,2541.854103795383,0.0,2561.4929136947208
2025-02-16T01:15:00Z,2025-02-16T01:30:00Z,2025-02-16,2025-02-16_3,-11.000000000000036,100,89,0,15.862994857276725,13.75156852684195,0.017478616473429964,4.3435,0.0,True,True,False,False,-339.8175000000011,0.0,185.10779369512366,174.3485162042153,850.3035482509895,0.0,869.9423581503273
2025-02-16T01:30:00Z,2025-02-16T01:45:00Z,2025-02-16,2025-02-16_3,-11.000000000000036,100,89,0,13.75156852684195,13.316227657276741,0.013704669082125623,2.775,0.0,True,True,False,False,-339.8175000000011,0.0,185.10779369512366,174.3485162042153,501.1631823752787,0.0,520.8019922746166
2025-02-16T01:45:00Z,2025-02-16T02:00:00Z,2025-02-16,2025-02-16_3,-11.000000000000036,100,89,0,13.316227657276741,12.231377596407185,0.015181545724637698,3.3854999999999995,0.003115,True,True,False,False,-339.8175000000011,0.0,185.10779369512366,174.3485162042153,611.3258929898936,-0.22969299391211748,630.7350098953194
2025-02-16T02:00:00Z,2025-02-16T02:15:00Z,2025-02-16,2025-02-16_4,-95.9999999999991,100,4,0,12.231377596407185,33.354123996406976,0.05892429555555504,1.035,0.00202,True,True,False,False,-2877.599999999973,0.0,185.10779369512366,7.835888368728777,186.95775351108074,-0.1475556609270459,-2497.846120085967
2025-02-16T02:15:00Z,2025-02-16T02:30:00Z,2025-02-16,2025-02-16_4,-95.9999999999991,100,4,0,33.354123996406976,51.52863846597199,0.05150275758454071,4.2145,0.0,True,True,False,False,-2877.599999999973,0.0,185.10779369512366,7.835888368728777,762.1004199232485,0.0,-1922.5558980128721
2025-02-16T02:30:00Z,2025-02-16T02:45:00Z,2025-02-16,2025-02-16_4,-95.9999999999991,100,4,0,51.52863846597199,72.708370535537,0.059067250917873876,0.9714999999999999,0.0,True,True,False,False,-2877.599999999973,0.0,185.10779369512366,7.835888368728777,174.95978923469488,0.0,-2509.696528701426
2025-02-16T02:45:00Z,2025-02-16T03:00:00Z,2025-02-16,2025-02-16_4,-95.9999999999991,100,4,0,72.708370535537,93.72865540510202,0.05866600869565166,1.144,0.00043999999999999996,True,True,False,False,-2877.599999999973,0.0,185.10779369512366,7.835888368728777,206.32982740953565,-0.032315967129452894,-2478.3588064937144
2025-02-16T03:00:00Z,2025-02-16T03:15:00Z,2025-02-16,2025-02-16_5,-100.00000000000003,100,0,0,93.72865540510202,116.41033540510203,0.0630046666666667,0.346,0.0,True,True,False,False,-2989.2500000000005,0.0,185.10779369512366,0.0,62.15153000743403,0.0,-2741.990676297443
2025-02-16T03:15:00Z,2025-02-16T03:30:00Z,2025-02-16,2025-02-16_5,-100.00000000000003,100,0,0,116.41033540510203,139.38135540510206,0.06380838888888891,0.0315,0.0,True,True,False,False,-2989.2500000000005,0.0,185.10779369512366,0.0,5.340057262261156,0.0,-2798.802149042616
2025-02-16T03:30:00Z,2025-02-16T03:45:00Z,2025-02-16,2025-02-16_5,-100.00000000000003,100,0,0,139.38135540510206,159.44195540510208,0.05572388888888891,3.195,0.0,True,True,False,False,-2989.2500000000005,0.0,185.10779369512366,0.0,577.7056348074179,0.0,-2226.4365714974588
2025-02-16T03:45:00Z,2025-02-16T04:00:00Z,2025-02-16,2025-02-16_5,-100.00000000000003,100,0,0,159.44195540510208,179.09131540510208,0.05458155555555557,3.642,0.0,True,True,False,False,-2989.2500000000005,0.0,185.10779369512366,0.0,681.7852391955155,0.0,-2122.3569671093614
2025-02-16T04:00:00Z,2025-02-16T04:15:00Z,2025-02-16,2025-02-16_6,0.0,100,100,0,179.09131540510208,178.16660844858035,0.002576297101449275,0.852,0.0015,True,True,False,False,0.0,0.0,186.10234875730848,188.57366739667677,153.28810271041368,-0.11030519780595126,527.8538136665929
2025-02-16T04:15:00Z,2025-02-16T04:30:00Z,2025-02-16,2025-02-16_6,0.0,100,100,0,178.16660844858035,178.0504354051021,0.00043514734299516904,0.1255,0.022,True,True,False,False,0.0,0.0,186.10234875730848,188.57366739667677,21.801864740511544,-1.6062550481203914,394.8716258463764
2025-02-16T04:30:00Z,2025-02-16T04:45:00Z,2025-02-16,2025-02-16_6,0.0,100,100,0,178.0504354051021,177.5767762746673,0.0013744975845410626,0.44549999999999995,0.0115,True,True,False,False,0.0,0.0,186.10234875730848,188.57366739667677,79.75730887464587,-0.8406499768941754,453.59267505173693
2025-02-16T04:45:00Z,2025-02-16T05:00:00Z,2025-02-16,2025-02-16_6,0.0,100,100,0,177.5767762746673,174.6531562746673,0.008128833333333333,2.691,0.0015,True,True,False,False,0.0,0.0,186.10234875730848,188.57366739667677,486.40375138132646,-0.11030519780595126,860.9694623375058
2025-02-16T05:00:00Z,2025-02-16T05:15:00Z,2025-02-16,2025-02-16_7,-38.9999999999991,100,61,0,174.6531562746673,183.01281883988452,0.025460898429951147,0.608,0.011895,True,True,False,False,-1218.7499999999718,0.0,186.10234875730848,115.02993711197284,109.3046472845633,-0.8726983243254103,-809.1857651704526
2025-02-16T05:15:00Z,2025-02-16T05:30:00Z,2025-02-16,2025-02-16_7,-38.9999999999991,100,61,0,183.01281883988452,189.83592569205823,0.02669226541062755,2.101,0.0,True,True,False,False,-1218.7499999999718,0.0,186.10234875730848,115.02993711197284,379.6063886600631,0.0,-538.0113254706274
2025-02-16T05:30:00Z,2025-02-16T05:45:00Z,2025-02-16,2025-02-16_7,-38.9999999999991,100,61,0,189.83592569205823,189.42591348336236,0.032674452801932256,9.1795,0.0,True,True,False,False,-1218.7499999999718,0.0,186.10234875730848,115.02993711197284,1868.4896134295075,0.0,950.871899298817
2025-02-16T05:45:00Z,2025-02-16T06:00:00Z,2025-02-16,2025-02-16_7,-38.9999999999991,100,61,0,189.42591348336236,189.24721905727517,0.03248819785024142,8.9545,0.001525,True,True,False,False,-1218.7499999999718,0.0,186.10234875730848,115.02993711197284,1880.2650859938515,-0.11245002109662253,962.5349218420644
2025-02-16T06:00:00Z,2025-02-16T06:15:00Z,2025-02-16,2025-02-16_8,0.0,100,100,0,189.24721905727517,188.88618253553605,0.0010079903381642512,0.333,0.001,True,True,False,False,0.0,0.0,185.59000221012235,188.57366739667677,59.16094151212554,-0.07534508046854595,433.2492660384561
2025-02-16T06:15:00Z,2025-02-16T06:30:00Z,2025-02-16,2025-02-16_8,0.0,100,100,0,188.88618253553605,173.9992260137969,0.041352657004830914,13.696,0.0,True,True,False,False,0.0,0.0,185.59000221012235,188.57366739667677,3065.6216543770465,0.0,3439.7853239838455
2025-02-16T06:30:00Z,2025-02-16T06:45:00Z,2025-02-16,2025-02-16_8,0.0,100,100,0,173.9992260137969,170.94542166597083,0.008482789855072463,2.8095,0.0,True,True,False,False,0.0,0.0,185.59000221012235,188.57366739667677,514.0434971167948,0.0,888.2071667235939
2025-02-16T06:45:00Z,2025-02-16T07:00:00Z,2025-02-16,2025-02-16_8,0.0,100,100,0,170.94542166597083,160.85520427466648,0.028028381642512073,9.283,0.0,True,True,False,False,0.0,0.0,185.59000221012235,188.57366739667677,1984.3137574089328,0.0,2358.477427015732
2025-02-16T07:00:00Z,2025-02-16T07:15:00Z,2025-02-16,2025-02-16_9,0.0,100,100,0,160.85520427466648,156.0921607964056,0.013230676328502413,4.382,0.0,True,True,False,False,0.0,0.0,185.10779369512366,188.57366739667677,857.8624962327459,0.0,1231.5439573245462
2025-02-16T07:15:00Z,2025-02-16T07:30:00Z,2025-02-16,2025-02-16_9,0.0,100,100,0,156.0921607964056,154.5459651442317,0.004294987922705314,1.4225,0.0,True,True,False,False,0.0,0.0,185.10779369512366,188.57366739667677,255.66901659600975,0.0,629.3504776878102
2025-02-16T07:30:00Z,2025-02-16T07:45:00Z,2025-02-16,2025-02-16_9,0.0,100,100,0,154.5459651442317,152.36607383988388,0.006055253623188405,2.0055,0.0,True,True,False,False,0.0,0.0,185.10779369512366,188.57366739667677,361.8974332442587,0.0,735.5788943360592
2025-02-16T07:45:00Z,2025-02-16T08:00:00Z,2025-02-16,2025-02-16_9,0.0,100,100,0,152.36607383988388,149.9318347094491,0.00676177536231884,2.2395,0.0,True,True,False,False,0.0,0.0,185.10779369512366,188.57366739667677,404.8922948102309,0.0,778.5737559020313
2025-02-16T08:00:00Z,2025-02-16T08:15:00Z,2025-02-16,2025-02-16_10,0.0,100,100,0,149.9318347094491,133.22531297031867,0.04640700483091787,15.370000000000001,0.0,True,True,False,False,0.0,0.0,185.10779369512366,188.57366739667677,3587.431683108638,0.0,3961.1131442004385
2025-02-16T08:15:00Z,2025-02-16T08:30:00Z,2025-02-16,2025-02-16_10,0.0,100,100,0,133.22531297031867,124.38183470944911,0.024565217391304343,8.136,0.0,True,True,False,False,0.0,0.0,185.10779369512366,188.57366739667677,1551.437167828655,0.0,1925.1186289204554
2025-02-16T08:30:00Z,2025-02-16T08:45:00Z,2025-02-16,2025-02-16_10,0.0,100,100,0,124.38183470944911,116.97313905727519,0.020579710144927536,6.816,0.0,True,True,False,False,0.0,0.0,185.10779369512366,188.57366739667677,1248.6463908701853,0.0,1622.3278519619857
2025-02-16T08:45:00Z,2025-02-16T09:00:00Z,2025-02-16,2025-02-16_10,0.0,100,100,0,116.97313905727519,114.3302042746665,0.007341485507246378,2.4315,0.0,True,True,False,False,0.0,0.0,185.10779369512366,188.57366739667677,437.51562214944454,0.0,811.197083241245
2025-02-16T09:00:00Z,2025-02-16T09:15:00Z,2025-02-16,2025-02-16_11,-54.0,100,46,0,114.3302042746665,105.7850082746665,0.03468695555555555,21.0325,0.0,True,True,False,False,-1776.6,0.0,185.10779369512366,86.74388700247131,14948.21623636254,0.0,13443.467917060134
2025-02-16T09:15:00Z,2025-02-16T09:30:00Z,2025-02-16,2025-02-16_11,-54.0,100,46,0,105.7850082746665,106.37199547466649,0.03460552,11.871,0.0,True,True,False,False,-1776.6,0.0,185.10779369512366,86.74388700247131,2571.611932249704,0.0,1066.8636129472989
2025-02-16T09:30:00Z,2025-02-16T09:45:00Z,2025-02-16,2025-02-16_11,-54.0,100,46,0,106.37199547466649,112.9213418746665,0.034552351111111115,5.8895,0.0,True,True,False,False,-1776.6,0.0,185.10779369512366,86.74388700247131,1064.987643406803,0.0,-439.7606758956019
2025-02-16T09:45:00Z,2025-02-16T10:00:00Z,2025-02-16,2025-02-16_11,-54.0,100,46,0,112.9213418746665,125.7941066746665,0.03638406888888889,0.2255,0.73646,True,True,False,False,-1776.6,0.0,185.10779369512366,86.74388700247131,39.06694279801491,-53.332719414920334,-1519.0140959193104
2025-02-16T10:00:00Z,2025-02-16T10:15:00Z,2025-02-16,2025-02-16_12,-99.84634072909944,100,0,0,125.7941066746665,147.85967439870134,0.06130230920370005,0.9769999999999999,0.0,True,True,False,False,-3252.2449333985915,0.0,185.10779369512366,0.0,176.3132545056358,0.0,-2890.823885197832
2025-02-16T10:15:00Z,2025-02-16T10:30:00Z,2025-02-16,2025-02-16_12,-99.84634072909944,100,0,0,147.85967439870134,160.12635044037117,0.03418196781044873,11.625,0.0,True,True,False,False,-3252.2449333985915,0.0,185.10779369512366,0.0,2545.1721886238975,0.0,-521.9649510795704
2025-02-16T10:30:00Z,2025-02-16T10:45:00Z,2025-02-16,2025-02-16_12,-99.84634072909944,100,0,0,160.12635044037117,177.02789856677347,0.04700987910149966,6.5885,0.0,True,True,False,False,-3252.2449333985915,0.0,185.10779369512366,0.0,1322.8309047437263,0.0,-1744.3062349597415
2025-02-16T10:45:00Z,2025-02-16T11:00:00Z,2025-02-16,2025-02-16_12,-99.84634072909944,100,0,0,177.02789856677347,188.59149860869437,0.03223606803354753,12.389,0.0,True,True,False,False,-3252.2449333985915,0.0,185.10779369512366,0.0,2681.4987476643023,0.0,-385.6383920391655
2025-02-16T11:00:00Z,2025-02-16T11:15:00Z,2025-02-16,2025-02-16_13,0.0,100,100,0,188.59149860869437,189.29055773912913,0.002446057971014493,0.0835,0.8585,True,True,False,False,0.0,0.0,185.10779369512366,195.89720921821942,14.886776134696913,-62.24681280263607,333.6449662454039
2025-02-16T11:15:00Z,2025-02-16T11:30:00Z,2025-02-16,2025-02-16_13,0.0,100,100,0,189.29055773912913,189.29195860869433,0.0004024420289855073,0.066,0.0795,True,True,False,False,0.0,0.0,185.10779369512366,195.89720921821942,11.340540073536799,-5.766309698418758,386.5792332884611
2025-02-16T11:30:00Z,2025-02-16T11:45:00Z,2025-02-16,2025-02-16_13,0.0,100,100,0,189.29195860869433,189.29707860869433,0.0003614444444444444,0.057499999999999996,0.0735,True,True,False,False,0.0,0.0,185.10779369512366,195.89720921821942,9.85262401800245,-5.331116513632437,385.5265104177131
2025-02-16T11:45:00Z,2025-02-16T12:00:00Z,2025-02-16,2025-02-16_13,0.0,100,100,0,189.29707860869433,188.85326991304217,0.0013094685990338165,0.42100000000000004,0.015,True,True,False,False,0.0,0.0,185.10779369512366,195.89720921821942,75.11945691265998,-1.0879829619658035,455.03647686403724
2025-02-16T12:00:00Z,2025-02-16T12:15:00Z,2025-02-16,2025-02-16_14,0.0,100,100,0,188.85326991304217,188.64839426086826,0.000868099033816425,0.23799999999999996,0.0585,True,True,False,False,0.0,0.0,185.10779369512366,196.28900363665585,42.165417210825574,-4.2431335516666335,419.31908099093846
2025-02-16T12:15:00Z,2025-02-16T12:30:00Z,2025-02-16,2025-02-16_14,0.0,100,100,0,188.64839426086826,188.85064121739,0.0008335362318840581,0.045,0.273,True,True,False,False,0.0,0.0,185.10779369512366,196.28900363665585,7.766670350203934,-19.801289907777626,369.3621777742058
2025-02-16T12:30:00Z,2025-02-16T12:45:00Z,2025-02-16,2025-02-16_14,0.0,100,100,0,188.85064121739,188.35968295652043,0.0015861062801932366,0.48849999999999993,0.0435,True,True,False,False,0.0,0.0,185.10779369512366,196.28900363665585,87.72074521307587,-3.15515058970083,465.96239195515454
2025-02-16T12:45:00Z,2025-02-16T13:00:00Z,2025-02-16,2025-02-16_14,0.0,100,100,0,188.35968295652043,186.5609507826074,0.005257144927536231,1.698,0.05099999999999999,True,True,False,False,0.0,0.0,185.10779369512366,196.28900363665585,306.75287215446747,-3.699142070683731,684.4505274155632
2025-02-16T13:00:00Z,2025-02-16T13:15:00Z,2025-02-16,2025-02-16_15,-5.000000000001057,100,95,0,186.5609507826074,187.75973921739023,0.004032715458937867,0.1225,0.19665,True,True,False,False,-162.11250000003426,0.0,185.10779369512366,186.10234875730845,21.614305519278297,-14.263456631371684,216.44849134030446
2025-02-16T13:15:00Z,2025-02-16T13:30:00Z,2025-02-16,2025-02-16_15,-5.000000000001057,100,95,0,187.75973921739023,188.9552212173905,0.0036506444444451168,0.057499999999999996,0.11685,True,True,False,False,-162.11250000003426,0.0,185.10779369512366,186.10234875730845,9.431196881718268,-8.475387273713608,210.05345206040252
2025-02-16T13:30:00Z,2025-02-16T13:45:00Z,2025-02-16,2025-02-16_15,-5.000000000001057,100,95,0,188.9552212173905,189.9999999999994,0.003573358937198736,0.117,0.0228,True,True,False,False,-162.11250000003426,0.0,185.10779369512366,186.10234875730845,19.460021297542745,-1.6537341021880214,226.90392964775256
2025-02-16T13:45:00Z,2025-02-16T14:00:00Z,2025-02-16,2025-02-16_15,-5.000000000001057,100,95,0,189.9999999999994,183.26698834782573,0.023223971256038894,7.308500000000001,0.0,True,True,False,False,-162.11250000003426,0.0,185.10779369512366,186.10234875730845,1490.290242309779,0.0,1699.3878847621768
2025-02-16T14:00:00Z,2025-02-16T14:15:00Z,2025-02-16,2025-02-16_16,0.0,100,100,0,183.26698834782573,183.39477356521704,0.0009407077294685991,0.097,0.2535,True,True,False,False,0.0,0.0,185.10779369512366,188.57366739667677,16.563864298487072,-18.38691205722208,371.8584133330654
2025-02-16T14:15:00Z,2025-02-16T14:30:00Z,2025-02-16,2025-02-16_16,0.0,100,100,0,183.39477356521704,177.82466486956486,0.015472524154589374,5.1245,0.0,True,True,False,False,0.0,0.0,185.10779369512366,188.57366739667677,943.8641010829599,0.0,1317.5455621747603
2025-02-16T14:30:00Z,2025-02-16T14:45:00Z,2025-02-16,2025-02-16_16,0.0,100,100,0,177.82466486956486,177.66470313043442,0.003411338164251208,0.6385,0.5805,True,True,False,False,0.0,0.0,185.10779369512366,188.57366739667677,114.74552249301802,-42.0326274336461,446.39435615117236
2025-02-16T14:45:00Z,2025-02-16T15:00:00Z,2025-02-16,2025-02-16_16,0.0,100,100,0,177.66470313043442,177.71022139130397,0.0005098937198067633,0.0635,0.1245,True,True,False,False,0.0,0.0,185.10779369512366,188.57366739667677,10.319263526953446,-9.030258584316169,374.9704660344377
2025-02-16T15:00:00Z,2025-02-16T15:15:00Z,2025-02-16,2025-02-16_17,0.0,100,100,0,177.71022139130397,178.3316474782605,0.001877149758454106,0.025,0.705,True,True,False,False,0.0,0.0,186.10234875730848,188.57366739667677,4.2735729641759255,-51.1252837998031,327.8243053183581
2025-02-16T15:15:00Z,2025-02-16T15:30:00Z,2025-02-16,2025-02-16_17,0.0,100,100,0,178.3316474782605,178.16092052173875,0.0006429082125603864,0.185,0.033,True,True,False,False,0.0,0.0,186.10234875730848,188.57366739667677,32.422484981213955,-2.3935625163247676,404.70493861887445
2025-02-16T15:30:00Z,2025-02-16T15:45:00Z,2025-02-16,2025-02-16_17,0.0,100,100,0,178.16092052173875,177.4246779130431,0.0021064516908212557,0.6875,0.012,True,True,False,False,0.0,0.0,186.10234875730848,188.57366739667677,123.37911384139359,-0.8703863695726428,497.18474362580616
2025-02-16T15:45:00Z,2025-02-16T16:00:00Z,2025-02-16,2025-02-16_17,0.0,100,100,0,177.4246779130431,165.64315617391267,0.03272644927536232,10.839,0.0,True,True,False,False,0.0,0.0,186.10234875730848,188.57366739667677,2681.4084464849007,0.0,3056.0844626388857
2025-02-16T16:00:00Z,2025-02-16T16:15:00Z,2025-02-16,2025-02-16_18,4.888994760804607,95,100,0,165.64315617391267,169.92073754166546,0.018704683387787545,0.215175,6.292000000000001,True,True,False,False,218.599178242476,0.0,176.31050209961626,188.57366739667677,38.892542951718866,-289.02164392919576,333.35424676129213
2025-02-16T16:15:00Z,2025-02-16T16:30:00Z,2025-02-16,2025-02-16_18,4.888994760804607,95,100,0,169.92073754166546,168.23912744773165,0.007335092727671364,0.792775,0.548,True,True,False,False,218.599178242476,0.0,176.31050209961626,188.57366739667677,143.15569087420383,-39.72859617046071,686.9104424425121
2025-02-16T16:30:00Z,2025-02-16T16:45:00Z,2025-02-16,2025-02-16_18,4.888994760804607,95,100,0,168.23912744773165,163.11524300186082,0.014233012349641158,3.491725,0.0,True,True,False,False,218.599178242476,0.0,176.31050209961626,188.57366739667677,630.7912655009947,0.0,1214.2746132397638
2025-02-16T16:45:00Z,2025-02-16T17:00:00Z,2025-02-16,2025-02-16_18,4.888994760804607,95,100,0,163.11524300186082,160.64484956521594,0.006876787678150245,1.0530750000000002,0.003,True,True,False,False,218.599178242476,0.0,176.31050209961626,188.57366739667677,187.98820116131887,-0.2175965923931607,771.2539523076947
2025-02-16T17:00:00Z,2025-02-16T17:15:00Z,2025-02-16,2025-02-16_19,0.0,100,100,0,160.64484956521594,158.35680608695506,0.006355676328502416,2.105,0.0,True,True,False,False,0.0,0.0,185.59000221012235,188.57366739667677,380.6433465270941,0.0,754.8070161338932
2025-02-16T17:15:00Z,2025-02-16T17:30:00Z,2025-02-16,2025-02-16_19,0.0,100,100,0,158.35680608695506,158.08055913043333,0.0009053526570048311,0.277,0.027,True,True,False,False,0.0,0.0,185.59000221012235,188.57366739667677,49.287756323963755,-1.976450342568966,421.4749755881939
2025-02-16T17:30:00Z,2025-02-16T17:45:00Z,2025-02-16,2025-02-16_19,0.0,100,100,0,158.08055913043333,158.05068173912898,0.0003487705314009662,0.0715,0.052,True,True,False,False,0.0,0.0,185.59000221012235,188.57366739667677,12.290282694741917,-3.813465672781338,382.6404866287597
2025-02-16T17:45:00Z,2025-02-16T18:00:00Z,2025-02-16,2025-02-16_19,0.0,100,100,0,158.05068173912898,157.76147304347683,0.0009055797101449275,0.283,0.02,True,True,False,False,0.0,0.0,185.59000221012235,188.57366739667677,50.45105724216913,-1.4655120451668642,423.1492148038014
2025-02-16T18:00:00Z,2025-02-16T18:15:00Z,2025-02-16,2025-02-16_20,0.0,100,100,0,157.76147304347683,150.89462521738986,0.01907457729468599,6.3175,0.0,True,True,False,False,0.0,0.0,185.59000221012235,188.57366739667677,1150.817967290189,0.0,1524.9816368969882
2025-02-16T18:15:00Z,2025-02-16T18:30:00Z,2025-02-16,2025-02-16_20,0.0,100,100,0,150.89462521738986,149.20817130434637,0.004702483091787439,1.5545,0.0035000000000000005,True,True,False,False,0.0,0.0,185.59000221012235,188.57366739667677,280.4946283980631,-0.2566755741295132,654.4016224307327
2025-02-16T18:30:00Z,2025-02-16T18:45:00Z,2025-02-16,2025-02-16_20,0.0,100,100,0,149.20817130434637,144.54567130434637,0.01295138888888889,4.2895,0.0,True,True,False,False,0.0,0.0,185.59000221012235,188.57366739667677,796.533889513974,0.0,1170.6975591207731
2025-02-16T18:45:00Z,2025-02-16T19:00:00Z,2025-02-16,2025-02-16_20,0.0,100,100,0,144.54567130434637,144.32682521738985,0.0007689057971014491,0.22799999999999998,0.0315,True,True,False,False,0.0,0.0,185.59000221012235,188.57366739667677,40.28853589439633,-2.3100801671656184,412.14212533402986
2025-02-16T19:00:00Z,2025-02-16T19:15:00Z,2025-02-16,2025-02-16_21,0.0,100,100,0,144.32682521738985,137.13117304347682,0.019987922705314007,6.619999999999999,0.0,True,True,False,False,0.0,0.0,185.10779369512366,188.57366739667677,1536.6683811858309,0.0,1910.3498422776313
2025-02-16T19:15:00Z,2025-02-16T19:30:00Z,2025-02-16,2025-02-16_21,0.0,100,100,0,137.13117304347682,129.04475999999855,0.022462258454106283,7.439500000000001,0.0,True,True,False,False,0.0,0.0,185.10779369512366,188.57366739667677,1655.7136315324187,0.0,2029.3950926242192
2025-02-16T19:30:00Z,2025-02-16T19:45:00Z,2025-02-16,2025-02-16_21,0.0,100,100,0,129.04475999999855,117.93008608695507,0.030874094202898553,10.2255,0.0,True,True,False,False,0.0,0.0,185.10779369512366,188.57366739667677,2606.566670852504,0.0,2980.2481319443045
2025-02-16T19:45:00Z,2025-02-16T20:00:00Z,2025-02-16,2025-02-16_21,0.0,100,100,0,117.93008608695507,117.9578173913029,0.0017859685990338162,0.283,0.3645,True,True,False,False,0.0,0.0,185.10779369512366,188.57366739667677,50.6680366076631,-26.437985975769024,397.9115117236945
2025-02-16T20:00:00Z,2025-02-16T20:15:00Z,2025-02-16,2025-02-16_22,0.0,100,100,0,117.9578173913029,94.79586086956377,0.06433876811594204,21.309,0.0,True,True,False,False,0.0,0.0,185.10779369512366,188.57366739667677,18124.368216029416,0.0,18498.049677121217
2025-02-16T20:15:00Z,2025-02-16T20:30:00Z,2025-02-16,2025-02-16_22,0.0,100,100,0,94.79586086956377,81.42412173912899,0.03714371980676328,12.302,0.0,True,True,False,False,0.0,0.0,185.10779369512366,188.57366739667677,3174.1908553173535,0.0,3547.872316409154
2025-02-16T20:30:00Z,2025-02-16T20:45:00Z,2025-02-16,2025-02-16_22,0.0,100,100,0,81.42412173912899,71.72086086956378,0.026953502415458935,8.927,0.0,True,True,False,False,0.0,0.0,185.10779369512366,188.57366739667677,2102.328140081573,0.0,2476.0096011733735
2025-02-16T20:45:00Z,2025-02-16T21:00:00Z,2025-02-16,2025-02-16_22,0.0,100,100,0,71.72086086956378,66.09151304347682,0.01563707729468599,5.179,0.0,True,True,False,False,0.0,0.0,185.10779369512366,188.57366739667677,939.4633784734083,0.0,1313.1448395652087
2025-02-16T21:00:00Z,2025-02-16T21:15:00Z,2025-02-16,2025-02-16_23,0.0,100,100,0,66.09151304347682,43.35509999999856,0.06315670289855073,20.9175,0.0,True,True,False,False,0.0,0.0,185.10779369512366,188.57366739667677,13709.882833879168,0.0,14083.564294970969
2025-02-16T21:15:00Z,2025-02-16T21:30:00Z,2025-02-16,2025-02-16_23,0.0,100,100,0,43.35509999999856,30.620317391302905,0.0353743961352657,11.716,0.0,True,True,False,False,0.0,0.0,185.10779369512366,188.57366739667677,2661.839607803741,0.0,3035.5210688955412
2025-02-16T21:30:00Z,2025-02-16T21:45:00Z,2025-02-16,2025-02-16_23,0.0,100,100,0,30.620317391302905,17.346947826085515,0.03687047101449275,12.2115,0.0,True,True,False,False,0.0,0.0,185.10779369512366,188.57366739667677,2893.1521817926096,0.0,3266.83364288441
2025-02-16T21:45:00Z,2025-02-16T22:00:00Z,2025-02-16,2025-02-16_23,0.0,100,100,0,17.346947826085515,9.999999999998558,0.0212131884057971,6.8925,0.1575,True,True,False,False,0.0,0.0,185.10779369512366,188.57366739667677,1413.4229601575214,-11.423821100640936,1775.680600148681
2025-02-16T22:00:00Z,2025-02-16T22:15:00Z,2025-02-17,2025-02-16_24,-100.00000000000001,100,0,0,9.999999999998558,30.187559999998562,0.05607655555555557,3.057,0.0,True,True,False,False,-3287.7500000000005,0.0,185.10779369512366,0.0,552.7678320708847,0.0,-2549.874374233992
2025-02-16T22:15:00Z,2025-02-16T22:30:00Z,2025-02-17,2025-02-16_24,-100.00000000000001,100,0,0,30.187559999998562,50.80199999999857,0.057262333333333346,2.593,0.0,True,True,False,False,-3287.7500000000005,0.0,185.10779369512366,0.0,468.5441749211388,0.0,-2634.098031383738
2025-02-16T22:30:00Z,2025-02-16T22:45:00Z,2025-02-17,2025-02-16_24,-100.00000000000001,100,0,0,50.80199999999857,73.70033999999858,0.06360650000000001,0.11050000000000001,0.0,True,True,False,False,-3287.7500000000005,0.0,185.10779369512366,0.0,19.372722971208134,0.0,-3083.2694833336686
2025-02-16T22:45:00Z,2025-02-16T23:00:00Z,2025-02-17,2025-02-16_24,-100.00000000000001,100,0,0,73.70033999999858,96.60327999999858,0.06361927777777779,0.1055,0.0,True,True,False,False,-3287.7500000000005,0.0,185.10779369512366,0.0,18.450513049767935,0.0,-3084.191693255109
2025-02-16T23:00:00Z,2025-02-16T23:15:00Z,2025-02-17,2025-02-17_1,0.0,100,100,0,96.60327999999858,97.16779391304206,0.0017643502415458938,0.0325,0.652,True,True,False,False,0.0,0.0,185.10779369512366,198.03700950352612,5.485121858110145,-47.20662875971952,341.4232962970404
2025-02-16T23:15:00Z,2025-02-16T23:30:00Z,2025-02-17,2025-02-17_1,0.0,100,100,0,97.16779391304206,98.72376956521597,0.004412734299516908,0.015,1.709,True,True,False,False,0.0,0.0,185.10779369512366,198.03700950352612,2.5315947037431434,-98.3965222720058,287.27987563038715
2025-02-16T23:30:00Z,2025-02-16T23:45:00Z,2025-02-17,2025-02-17_1,0.0,100,100,0,98.72376956521597,103.89416956521598,0.014362222222222222,0.0,5.62,True,True,False,False,0.0,0.0,185.10779369512366,198.03700950352612,0.0,-265.7832834381467,117.36151976050306
2025-02-16T23:45:00Z,2025-02-17T00:00:00Z,2025-02-17,2025-02-17_1,0.0,100,100,0,103.89416956521598,107.34600956521598,0.009588444444444445,0.0,3.752,True,True,False,False,0.0,0.0,185.10779369512366,198.03700950352612,0.0,-214.57586305278176,168.56894014586803
2025-02-17T00:00:00Z,2025-02-17T00:15:00Z,2025-02-17,2025-02-17_2,0.0,100,100,0,107.34600956521598,107.96642695652032,0.001777729468599034,0.009,0.685,True,True,False,False,0.0,0.0,185.10779369512366,198.03700950352612,1.518956822245886,-49.593443973398166,335.0703160474975
2025-02-17T00:15:00Z,2025-02-17T00:30:00Z,2025-02-17,2025-02-17_2,0.0,100,100,0,107.96642695652032,109.33137652173771,0.0038700289855072467,0.013,1.499,True,True,False,False,0.0,0.0,185.10779369512366,198.03700950352612,2.194048743244058,-80.62301520966024,304.7158367322336
2025-02-17T00:30:00Z,2025-02-17T00:45:00Z,2025-02-17,2025-02-17_2,0.0,100,100,0,109.33137652173771,111.54167652173771,0.006139722222222223,0.0,2.4025,True,True,False,False,0.0,0.0,185.10779369512366,198.03700950352612,0.0,-145.90465381447027,237.24014938417952
2025-02-17T00:45:00Z,2025-02-17T01:00:00Z,2025-02-17,2025-02-17_2,0.0,100,100,0,111.54167652173771,114.93233652173771,0.0094185,0.0,3.6854999999999998,True,True,False,False,0.0,0.0,185.10779369512366,198.03700950352612,0.0,-213.3948263044745,169.7499768941753
2025-02-17T01:00:00Z,2025-02-17T01:15:00Z,2025-02-17,2025-02-17_3,-80.00000000000001,100,20,0,114.93233652173771,133.38686191304205,0.051316918357487924,0.045,0.1059,True,True,False,False,-2406.8000000000006,0.0,185.10779369512366,39.60740190070523,7.685198207791686,-7.667627252817905,-2182.067233449198
2025-02-17T01:15:00Z,2025-02-17T01:30:00Z,2025-02-17,2025-02-17_3,-80.00000000000001,100,20,0,133.38686191304205,151.85990991304206,0.051314022222222234,0.0,0.07940000000000001,True,True,False,False,-2406.8000000000006,0.0,185.10779369512366,39.60740190070523,0.0,-5.765820578248379,-2187.85062498242
2025-02-17T01:30:00Z,2025-02-17T01:45:00Z,2025-02-17,2025-02-17_3,-80.00000000000001,100,20,0,151.85990991304206,170.66323791304205,0.052231466666666684,0.0,0.4384,True,True,False,False,-2406.8000000000006,0.0,185.10779369512366,39.60740190070523,0.0,-31.719985373008377,-2213.8047897771803
2025-02-17T01:45:00Z,2025-02-17T02:00:00Z,2025-02-17,2025-02-17_3,-80.00000000000001,100,20,0,170.66323791304205,189.35248591304205,0.05191457777777779,0.0,0.3144,True,True,False,False,-2406.8000000000006,0.0,185.10779369512366,39.60740190070523,0.0,-22.751881858913826,-2204.8366862630855
2025-02-17T02:00:00Z,2025-02-17T02:15:00Z,2025-02-17,2025-02-17_4,0.0,100,100,0,189.35248591304205,189.42036852173771,0.00041199275362318834,0.037,0.11749999999999998,True,True,False,False,0.0,0.0,185.10779369512366,198.03700950352612,4.406182515922926,-8.601384340278473,378.9496013742942
2025-02-17T02:15:00Z,2025-02-17T02:30:00Z,2025-02-17,2025-02-17_4,0.0,100,100,0,189.42036852173771,189.41005460869425,0.00026120531400966184,0.048,0.0455,True,True,False,False,0.0,0.0,185.10779369512366,198.03700950352612,6.582146229732174,-3.3429075164252278,386.38404191195673
2025-02-17T02:30:00Z,2025-02-17T02:45:00Z,2025-02-17,2025-02-17_4,0.0,100,100,0,189.41005460869425,187.4159528695638,0.005608171497584541,1.846,0.0135,True,True,False,False,0.0,0.0,185.10779369512366,198.03700950352612,332.9709843081313,-0.9927467802535613,715.1230407265275
2025-02-17T02:45:00Z,2025-02-17T03:00:00Z,2025-02-17,2025-02-17_4,0.0,100,100,0,187.4159528695638,185.23606156521598,0.006055253623188405,2.0055,0.0,True,True,False,False,0.0,0.0,185.10779369512366,198.03700950352612,361.6322951116112,0.0,744.777098310261
2025-02-17T03:00:00Z,2025-02-17T03:15:00Z,2025-02-17,2025-02-17_5,0.0,100,100,0,185.23606156521598,184.85725895652033,0.001085451690821256,0.354,0.0065,True,True,False,False,0.0,0.0,186.10234875730848,198.03700950352612,63.115075445540576,-0.4779891904924554,446.7764445158827
2025-02-17T03:15:00Z,2025-02-17T03:30:00Z,2025-02-17,2025-02-17_5,0.0,100,100,0,184.85725895652033,184.89103026086815,0.0005527463768115942,0.076,0.1265,True,True,False,False,0.0,0.0,186.10234875730848,198.03700950352612,13.152240461312813,-9.379060898917041,387.91253782323037
2025-02-17T03:30:00Z,2025-02-17T03:45:00Z,2025-02-17,2025-02-17_5,0.0,100,100,0,184.89103026086815,184.921281565216,0.00040407971014492757,0.053,0.0955,True,True,False,False,0.0,0.0,186.10234875730848,198.03700950352612,9.101685921520563,-7.180795644049748,386.0602485383054
2025-02-17T03:45:00Z,2025-02-17T04:00:00Z,2025-02-17,2025-02-17_5,0.0,100,100,0,184.921281565216,184.24532069565078,0.0018904468599033816,0.624,0.0025,True,True,False,False,0.0,0.0,186.10234875730848,198.03700950352612,111.57703240843061,-0.19408892728697433,495.52230174197825
2025-02-17T04:00:00Z,2025-02-17T04:15:00Z,2025-02-17,2025-02-17_6,0.0,100,100,0,184.24532069565078,187.31720069565077,0.008533000000000002,0.0,3.3390000000000004,True,True,False,False,0.0,0.0,186.10234875730848,189.86960278073576,0.0,-172.96973980832212,203.00221172972212
2025-02-17T04:15:00Z,2025-02-17T04:30:00Z,2025-02-17,2025-02-17_6,0.0,100,100,0,187.31720069565077,188.54724069565077,0.0034167777777777777,0.0,1.337,True,True,False,False,0.0,0.0,186.10234875730848,189.86960278073576,0.0,-96.75473388117578,279.21721765686846
2025-02-17T04:30:00Z,2025-02-17T04:45:00Z,2025-02-17,2025-02-17_6,0.0,100,100,0,188.54724069565077,189.32155026086818,0.0022293623188405797,0.013,0.857,True,True,False,False,0.0,0.0,186.10234875730848,189.86960278073576,2.2302139800285308,-62.0159713487774,316.1861941692954
2025-02-17T04:45:00Z,2025-02-17T05:00:00Z,2025-02-17,2025-02-17_6,0.0,100,100,0,189.32155026086818,189.85613026086818,0.0018321666666666668,0.057499999999999996,0.649,True,True,False,False,0.0,0.0,186.10234875730848,189.86960278073576,9.812939764119667,-46.98720359245344,338.7976877097105
2025-02-17T05:00:00Z,2025-02-17T05:15:00Z,2025-02-17,2025-02-17_7,9.278214239998842,0,0,0,189.85613026086818,187.33487639130328,0.007003482971013618,0.0,0.0,True,False,False,False,410.51458904874875,0.0,0.0,0.0,0.0,0.0,410.51458904874875
2025-02-17T05:15:00Z,2025-02-17T05:30:00Z,2025-02-17,2025-02-17_7,9.278214239998842,0,0,0,187.33487639130328,184.81362252173838,0.007003482971013618,0.0,0.0,True,False,False,False,410.51458904874875,0.0,0.0,0.0,0.0,0.0,410.51458904874875
2025-02-17T05:30:00Z,2025-02-17T05:45:00Z,2025-02-17,2025-02-17_7,9.278214239998842,0,0,0,184.81362252173838,182.29236865217348,0.007003482971013618,0.0,0.0,True,False,False,False,410.51458904874875,0.0,0.0,0.0,0.0,0.0,410.51458904874875
2025-02-17T05:45:00Z,2025-02-17T06:00:00Z,2025-02-17,2025-02-17_7,9.278214239998842,0,0,0,182.29236865217348,179.77111478260858,0.007003482971013618,0.0,0.0,True,False,False,False,410.51458904874875,0.0,0.0,0.0,0.0,0.0,410.51458904874875
2025-02-17T06:00:00Z,2025-02-17T06:15:00Z,2025-02-17,2025-02-17_8,0.0,100,100,0,179.77111478260858,177.81296260869553,0.0054393115942028974,1.8014999999999999,0.0,True,True,False,False,0.0,0.0,185.77083040324686,189.86960278073576,371.25465180526805,0.0,746.8950849892507
2025-02-17T06:15:00Z,2025-02-17T06:30:00Z,2025-02-17,2025-02-17_8,0.0,100,100,0,177.81296260869553,165.24448434782596,0.034912439613526566,11.563,0.0,True,True,False,False,0.0,0.0,185.77083040324686,189.86960278073576,3584.8599001426533,0.0,3960.500333326636
2025-02-17T06:30:00Z,2025-02-17T06:45:00Z,2025-02-17,2025-02-17_8,0.0,100,100,0,165.24448434782596,142.30915826086942,0.06370923913043479,21.1005,0.0,True,True,False,False,0.0,0.0,185.77083040324686,189.86960278073576,15527.222488798698,0.0,15902.86292198268
2025-02-17T06:45:00Z,2025-02-17T07:00:00Z,2025-02-17,2025-02-17_8,0.0,100,100,0,142.30915826086942,126.17546260869551,0.04481582125603865,14.843,0.0,True,True,False,False,0.0,0.0,185.77083040324686,189.86960278073576,4425.355858230696,0.0,4800.996291414678
2025-02-17T07:00:00Z,2025-02-17T07:15:00Z,2025-02-17,2025-02-17_9,100.0,0,100,0,126.17546260869551,99.00481043478246,0.07547403381642512,0.0,0.003,True,True,False,False,5244.75,0.0,0.0,189.86960278073576,0.0,-0.2175965923931607,5434.402006188343
2025-02-17T07:15:00Z,2025-02-17T07:30:00Z,2025-02-17,2025-02-17_9,100.0,0,100,0,99.00481043478246,71.9450278260868,0.07516606280193236,0.0,0.105,True,True,False,False,5244.75,0.0,0.0,189.86960278073576,0.0,-7.615880733760624,5427.003722046975
2025-02-17T07:30:00Z,2025-02-17T07:45:00Z,2025-02-17,2025-02-17_9,100.0,0,100,0,71.9450278260868,44.771114782608535,0.0754830917874396,0.0,0.0,True,True,False,False,5244.75,0.0,0.0,189.86960278073576,0.0,0.0,5434.6196027807355
2025-02-17T07:45:00Z,2025-02-17T08:00:00Z,2025-02-17,2025-02-17_9,100.0,0,100,0,44.771114782608535,17.978723478260715,0.07442330917874394,0.0,0.351,True,True,False,False,5244.75,0.0,0.0,189.86960278073576,0.0,-19.84700448052078,5414.772598300215
2025-02-17T08:00:00Z,2025-02-17T08:15:00Z,2025-02-17,2025-02-17_10,0.0,100,100,0,17.978723478260715,14.285235652173757,0.010875577294685992,3.5000000000000004,0.1205,True,True,False,False,0.0,0.0,185.10779369512366,189.86960278073576,641.9273271583854,-8.246058246770207,1008.6586653874747
2025-02-17T08:15:00Z,2025-02-17T08:30:00Z,2025-02-17,2025-02-17_10,0.0,100,100,0,14.285235652173757,9.999999999999844,0.012033765700483092,3.964,0.025499999999999995,True,True,False,False,0.0,0.0,185.10779369512366,189.86960278073576,790.0936706114002,-1.8495710353418655,1163.2214960519177
2025-02-17T08:30:00Z,2025-02-17T08:45:00Z,2025-02-17,2025-02-17_10,0.0,100,100,0,9.999999999999844,10.934009565217234,0.002603528985507246,0.0015,1.017,True,True,False,False,0.0,0.0,185.10779369512366,189.86960278073576,0.25315947037431435,-73.69025356131078,301.54030238492294
2025-02-17T08:45:00Z,2025-02-17T09:00:00Z,2025-02-17,2025-02-17_10,0.0,100,100,0,10.934009565217234,11.431654782608538,0.0015514299516908212,0.028000000000000004,0.574,True,True,False,False,0.0,0.0,185.10779369512366,189.86960278073576,4.840167165618533,-41.589541299150106,338.22802234232785
2025-02-17T09:00:00Z,2025-02-17T09:15:00Z,2025-02-17,2025-02-17_11,0.0,100,100,0,11.431654782608538,13.296041739130278,0.005311702898550725,0.022,2.0525,True,True,False,False,0.0,0.0,185.10779369512366,198.03700950352612,3.7130055654899436,-148.56593046151374,238.29187830262597
2025-02-17T09:15:00Z,2025-02-17T09:30:00Z,2025-02-17,2025-02-17_11,0.0,100,100,0,13.296041739130278,15.808101739130278,0.0069779444444444455,0.0,2.7305,True,True,False,False,0.0,0.0,185.10779369512366,198.03700950352612,0.0,-197.6448376564666,185.4999655421832
2025-02-17T09:30:00Z,2025-02-17T09:45:00Z,2025-02-17,2025-02-17_11,0.0,100,100,0,15.808101739130278,17.349062608695494,0.004331775362318841,0.0085,1.685,True,True,False,False,0.0,0.0,185.10779369512366,198.03700950352612,1.434570332121115,-122.01870064897231,262.5606728817986
2025-02-17T09:45:00Z,2025-02-17T10:00:00Z,2025-02-17,2025-02-17_11,0.0,100,100,0,17.349062608695494,26.076182608695497,0.024242000000000003,0.0,9.486,True,True,False,False,0.0,0.0,185.10779369512366,198.03700950352612,0.0,-305.60049265636616,77.54431054228363
2025-02-17T10:00:00Z,2025-02-17T10:15:00Z,2025-02-17,2025-02-17_12,0.0,100,100,0,26.076182608695497,25.664874782608543,0.01033996618357488,1.9015,1.7995,True,True,False,False,0.0,0.0,184.14337666512628,198.03700950352612,343.7603762231018,-105.49081101444617,620.449951377308
2025-02-17T10:15:00Z,2025-02-17T10:30:00Z,2025-02-17,2025-02-17_12,0.0,100,100,0,25.664874782608543,25.233113043478106,0.001406338164251208,0.43150000000000005,0.0405,True,True,False,False,0.0,0.0,184.14337666512628,198.03700950352612,77.10516857206005,-2.9375539973076696,456.3480007434048
2025-02-17T10:30:00Z,2025-02-17T10:45:00Z,2025-02-17,2025-02-17_12,0.0,100,100,0,25.233113043478106,25.20428173913028,0.0003637536231884058,0.0735,0.05550000000000001,True,True,False,False,0.0,0.0,184.14337666512628,198.03700950352612,12.465095537562034,-4.025536959273474,390.619944746941
2025-02-17T10:45:00Z,2025-02-17T11:00:00Z,2025-02-17,2025-02-17_12,0.0,100,100,0,25.20428173913028,25.273094782608542,0.000613852657004831,0.07,0.1575,True,True,False,False,0.0,0.0,184.14337666512628,198.03700950352612,12.193847823029476,-11.423821100640936,382.95041289104097
2025-02-17T11:00:00Z,2025-02-17T11:15:00Z,2025-02-17,2025-02-17_13,-23.13126097706182,0,0,0,25.273094782608542,30.59328480733276,0.014778305624233943,0.0,0.0,True,False,False,False,-745.9831665102437,0.0,0.0,0.0,0.0,0.0,-745.9831665102437
2025-02-17T11:15:00Z,2025-02-17T11:30:00Z,2025-02-17,2025-02-17_13,-23.13126097706182,0,0,0,30.59328480733276,35.91347483205698,0.014778305624233943,0.0,0.0,True,False,False,False,-745.9831665102437,0.0,0.0,0.0,0.0,0.0,-745.9831665102437
2025-02-17T11:30:00Z,2025-02-17T11:45:00Z,2025-02-17,2025-02-17_13,-23.13126097706182,0,0,0,35.91347483205698,41.233664856781196,0.014778305624233943,0.0,0.0,True,False,False,False,-745.9831665102437,0.0,0.0,0.0,0.0,0.0,-745.9831665102437
2025-02-17T11:45:00Z,2025-02-17T12:00:00Z,2025-02-17,2025-02-17_13,-23.13126097706182,0,0,0,41.233664856781196,46.553854881505416,0.014778305624233943,0.0,0.0,True,False,False,False,-745.9831665102437,0.0,0.0,0.0,0.0,0.0,-745.9831665102437
2025-02-17T12:00:00Z,2025-02-17T12:15:00Z,2025-02-17,2025-02-17_14,-100.0,100,0,0,46.553854881505416,62.069654881505414,0.043099444444444454,8.135,0.0,True,True,False,False,-3044.5,0.0,184.14337666512628,0.0,1608.5989572240862,0.0,-1251.7576661107876
2025-02-17T12:15:00Z,2025-02-17T12:30:00Z,2025-02-17,2025-02-17_14,-100.0,100,0,0,62.069654881505414,84.76053488150542,0.06303022222222222,0.336,0.0,True,True,False,False,-3044.5,0.0,184.14337666512628,0.0,59.60697112776517,0.0,-2800.7496522071087
2025-02-17T12:30:00Z,2025-02-17T12:45:00Z,2025-02-17,2025-02-17_14,-100.0,100,0,0,84.76053488150542,107.72373488150542,0.06378666666666667,0.04,0.0,True,True,False,False,-3044.5,0.0,184.14337666512628,0.0,6.750919209981717,0.0,-2853.605704124892
2025-02-17T12:45:00Z,2025-02-17T13:00:00Z,2025-02-17,2025-02-17_14,-100.0,100,0,0,107.72373488150542,130.70257488150543,0.06383011111111112,0.023,0.0,True,True,False,False,-3044.5,0.0,184.14337666512628,0.0,3.881778545739487,0.0,-2856.4748447891343
2025-02-17T13:00:00Z,2025-02-17T13:15:00Z,2025-02-17,2025-02-17_15,-100.0,100,0,0,130.70257488150543,153.68877488150542,0.06385055555555556,0.015,0.0,True,True,False,False,-3105.5,0.0,185.10779369512366,0.0,2.6581744389303004,0.0,-2917.7340318659462
2025-02-17T13:15:00Z,2025-02-17T13:30:00Z,2025-02-17,2025-02-17_15,-100.0,100,0,0,153.68877488150542,169.61857488150542,0.04424944444444445,7.6850000000000005,0.0,True,True,False,False,-3105.5,0.0,185.10779369512366,0.0,1608.5121436177694,0.0,-1311.8800626871068
2025-02-17T13:30:00Z,2025-02-17T13:45:00Z,2025-02-17,2025-02-17_15,-100.0,100,0,0,169.61857488150542,175.45367488150544,0.016208611111111115,18.6575,0.0,True,True,False,False,-3105.5,0.0,185.10779369512366,0.0,10006.700519881055,0.0,7086.308313576178
2025-02-17T13:45:00Z,2025-02-17T14:00:00Z,2025-02-17,2025-02-17_15,-100.0,100,0,0,175.45367488150544,184.33167488150542,0.024661111111111113,15.35,0.0,True,True,False,False,-3105.5,0.0,185.10779369512366,0.0,6161.968224468063,0.0,3241.576018163187
2025-02-17T14:00:00Z,2025-02-17T14:15:00Z,2025-02-17,2025-02-17_16,-8.568229090511744,100,91,0,184.33167488150542,189.982137459701,0.0162782204364703,0.1055,4.122755,True,True,False,False,-321.0943851669276,0.0,185.10779369512366,172.78133853046955,19.053273291675875,-289.79560667758335,-233.94758632724188
2025-02-17T14:15:00Z,2025-02-17T14:30:00Z,2025-02-17,2025-02-17_16,-8.568229090511744,100,91,0,189.982137459701,188.5050281627168,0.013727770319499889,3.2295,0.017745,True,True,False,False,-321.0943851669276,0.0,185.10779369512366,172.78133853046955,589.6239947961665,-1.2870838440055454,625.1316580108265
2025-02-17T14:30:00Z,2025-02-17T14:45:00Z,2025-02-17,2025-02-17_16,-8.568229090511744,100,91,0,188.5050281627168,189.99999999999986,0.006601370465783719,0.44349999999999995,0.0,True,True,False,False,-321.0943851669276,0.0,185.10779369512366,172.78133853046955,78.33476582748989,0.0,115.12951288615548
2025-02-17T14:45:00Z,2025-02-17T15:00:00Z,2025-02-17,2025-02-17_16,-8.568229090511744,100,91,0,189.99999999999986,171.16822961748218,0.0547657374116756,19.3935,0.0,True,True,False,False,-321.0943851669276,0.0,185.10779369512366,172.78133853046955,13875.106090996764,0.0,13911.90083805543
2025-02-17T15:00:00Z,2025-02-17T15:15:00Z,2025-02-17,2025-02-17_17,-20.469315633171384,0,0,0,171.16822961748218,175.8761722131116,0.01307761832119283,0.0,0.0,True,False,False,False,-905.1019640097556,0.0,0.0,0.0,0.0,0.0,-905.1019640097556
2025-02-17T15:15:00Z,2025-02-17T15:30:00Z,2025-02-17,2025-02-17_17,-20.469315633171384,0,0,0,175.8761722131116,180.58411480874102,0.01307761832119283,0.0,0.0,True,False,False,False,-905.1019640097556,0.0,0.0,0.0,0.0,0.0,-905.1019640097556
2025-02-17T15:30:00Z,2025-02-17T15:45:00Z,2025-02-17,2025-02-17_17,-20.469315633171384,0,0,0,180.58411480874102,185.29205740437044,0.01307761832119283,0.0,0.0,True,False,False,False,-905.1019640097556,0.0,0.0,0.0,0.0,0.0,-905.1019640097556
2025-02-17T15:45:00Z,2025-02-17T16:00:00Z,2025-02-17,2025-02-17_17,-20.469315633171384,0,0,0,185.29205740437044,189.99999999999986,0.01307761832119283,0.0,0.0,True,False,False,False,-905.1019640097556,0.0,0.0,0.0,0.0,0.0,-905.1019640097556
2025-02-17T16:00:00Z,2025-02-17T16:15:00Z,2025-02-17,2025-02-17_18,0.0,100,100,0,189.99999999999986,184.86630434782595,0.014260265700483091,4.723,0.0,True,True,False,False,0.0,0.0,194.20947941572402,189.86960278073576,1172.0111546884732,0.0,1556.090236884933
2025-02-17T16:15:00Z,2025-02-17T16:30:00Z,2025-02-17,2025-02-17_18,0.0,100,100,0,184.86630434782595,178.90489130434767,0.0165594806763285,5.4845,0.0,True,True,False,False,0.0,0.0,194.20947941572402,189.86960278073576,1413.963186393683,0.0,1798.0422685901426
2025-02-17T16:30:00Z,2025-02-17T16:45:00Z,2025-02-17,2025-02-17_18,0.0,100,100,0,178.90489130434767,170.26304347826073,0.024005132850241542,7.950499999999999,0.0,True,True,False,False,0.0,0.0,194.20947941572402,189.86960278073576,1848.2025170279878,0.0,2232.2815992244477
2025-02-17T16:45:00Z,2025-02-17T17:00:00Z,2025-02-17,2025-02-17_18,0.0,100,100,0,170.26304347826073,159.19347826086943,0.0307487922705314,10.184,0.0,True,True,False,False,0.0,0.0,194.20947941572402,189.86960278073576,3070.8573040525603,0.0,3454.93638624902
2025-02-17T17:00:00Z,2025-02-17T17:15:00Z,2025-02-17,2025-02-17_19,68.89313168620326,31,100,0,159.19347826086943,140.32336817027425,0.05243605135310799,0.148645,0.012,True,True,False,False,4640.296884724221,0.0,60.08348234915915,189.86960278073576,26.524192177171447,-0.8703863695726428,4915.9037756617145
2025-02-17T17:15:00Z,2025-02-17T17:30:00Z,2025-02-17,2025-02-17_19,68.89313168620326,31,100,0,140.32336817027425,119.75656064684945,0.05713002089840222,1.6981799999999998,0.0,True,True,False,False,4640.296884724221,0.0,60.08348234915915,189.86960278073576,482.04926241787376,0.0,5372.299232271989
2025-02-17T17:30:00Z,2025-02-17T17:45:00Z,2025-02-17,2025-02-17_19,68.89313168620326,31,100,0,119.75656064684945,97.41348681907682,0.062064093966035065,3.3323449999999997,0.0,True,True,False,False,4640.296884724221,0.0,60.08348234915915,189.86960278073576,1101.0912565952058,0.0,5991.341226449322
2025-02-17T17:45:00Z,2025-02-17T18:00:00Z,2025-02-17,2025-02-17_19,68.89313168620326,31,100,0,97.41348681907682,73.75931516521725,0.06570603237183217,4.538555000000001,0.0,True,True,False,False,4640.296884724221,0.0,60.08348234915915,189.86960278073576,1632.3450934309137,0.0,6522.59506328503
2025-02-17T18:00:00Z,2025-02-17T18:15:00Z,2025-02-17,2025-02-17_20,0.0,100,100,0,73.75931516521725,60.54681516521725,0.03670138888888889,12.1555,0.0,True,True,False,False,0.0,0.0,185.10779369512366,189.86960278073576,3700.727089268851,0.0,4075.7044857447104
2025-02-17T18:15:00Z,2025-02-17T18:30:00Z,2025-02-17,2025-02-17_20,0.0,100,100,0,60.54681516521725,47.27670646956507,0.036861413043478265,12.2085,0.0,True,True,False,False,0.0,0.0,185.10779369512366,189.86960278073576,3735.458570352214,0.0,4110.435966828073
2025-02-17T18:30:00Z,2025-02-17T18:45:00Z,2025-02-17,2025-02-17_20,0.0,100,100,0,47.27670646956507,34.69138038260855,0.03495923913043478,11.5785,0.0,True,True,False,False,0.0,0.0,185.10779369512366,189.86960278073576,3317.3189971067486,0.0,3692.296393582608
2025-02-17T18:45:00Z,2025-02-17T19:00:00Z,2025-02-17,2025-02-17_20,0.0,100,100,0,34.69138038260855,24.65279342608681,0.02788496376811594,9.2355,0.0,True,True,False,False,0.0,0.0,185.10779369512366,189.86960278073576,2647.1933111651365,0.0,3022.1707076409957
2025-02-17T19:00:00Z,2025-02-17T19:15:00Z,2025-02-17,2025-02-17_21,-59.0,100,41,0,24.65279342608681,16.338956521738982,0.03171998806763285,22.1395,0.0,True,True,False,False,-2647.1825,0.0,185.10779369512366,77.84653714010166,23340.05776928332,0.0,20955.829600118548
2025-02-17T19:15:00Z,2025-02-17T19:30:00Z,2025-02-17,2025-02-17_21,-59.0,100,41,0,16.338956521738982,15.84921279999985,0.033856025893719804,14.224,0.0,True,True,False,False,-2647.1825,0.0,185.10779369512366,77.84653714010166,8897.103283438146,0.0,6512.875114273371
2025-02-17T19:30:00Z,2025-02-17T19:45:00Z,2025-02-17,2025-02-17_21,-59.0,100,41,0,15.84921279999985,24.66821742608681,0.036397386038647346,4.8065,0.0,True,True,False,False,-2647.1825,0.0,185.10779369512366,77.84653714010166,1053.6385714572743,0.0,-1330.5895977075002
2025-02-17T19:45:00Z,2025-02-17T20:00:00Z,2025-02-17,2025-02-17_21,-59.0,100,41,0,24.66821742608681,37.594550634782465,0.03766185553140097,0.709,0.062115,True,True,False,False,-2647.1825,0.0,185.10779369512366,77.84653714010166,127.67071306584155,-4.505337445500392,-2261.0627935444336
2025-02-17T20:00:00Z,2025-02-17T20:15:00Z,2025-02-17,2025-02-17_22,0.0,100,100,0,37.594550634782465,17.38965933043464,0.056124698067632844,18.5885,0.0,True,True,False,False,0.0,0.0,185.10779369512366,189.86960278073576,18999.27257288381,0.0,19374.24996935967
2025-02-17T20:15:00Z,2025-02-17T20:30:00Z,2025-02-17,2025-02-17_22,0.0,100,100,0,17.38965933043464,10.308738460869424,0.020765557971014488,6.695999999999999,0.21449999999999997,True,True,False,False,0.0,0.0,185.10779369512366,189.86960278073576,1717.113462859898,-15.558156356110986,2076.5327029796463
2025-02-17T20:30:00Z,2025-02-17T20:45:00Z,2025-02-17,2025-02-17_22,0.0,100,100,0,10.308738460869424,10.090143678260729,0.0031729855072463765,0.626,0.502,True,True,False,False,0.0,0.0,185.10779369512366,189.86960278073576,112.72226075425449,-36.39502521548693,451.304632014627
2025-02-17T20:45:00Z,2025-02-17T21:00:00Z,2025-02-17,2025-02-17_22,0.0,100,100,0,10.090143678260729,17.817223678260728,0.02146411111111111,0.0,8.399,True,True,False,False,0.0,0.0,185.10779369512366,189.86960278073576,0.0,-401.1543033091559,-26.1769068332965
2025-02-17T21:00:00Z,2025-02-17T21:15:00Z,2025-02-17,2025-02-17_23,0.0,100,100,0,17.817223678260728,19.88868889565203,0.005784263285024154,0.005,2.2575,True,True,False,False,0.0,0.0,185.10779369512366,189.86960278073576,0.8036808583311568,-152.87462879990355,222.90644853428702
2025-02-17T21:15:00Z,2025-02-17T21:30:00Z,2025-02-17,2025-02-17_23,0.0,100,100,0,19.88868889565203,20.123336721738987,0.0007665338164251209,0.019,0.2775,True,True,False,False,0.0,0.0,185.10779369512366,189.86960278073576,3.0539872616583956,-20.127684796367365,357.9036989411504
2025-02-17T21:30:00Z,2025-02-17T21:45:00Z,2025-02-17,2025-02-17_23,0.0,100,100,0,20.123336721738987,21.34552280869551,0.003545927536231885,0.025,1.358,True,True,False,False,0.0,0.0,185.10779369512366,189.86960278073576,4.018404291655783,-98.26680195294448,280.72899881457073
2025-02-17T21:45:00Z,2025-02-17T22:00:00Z,2025-02-17,2025-02-17_23,0.0,100,100,0,21.34552280869551,24.17682280869551,0.007864722222222223,0.0,3.0775,True,True,False,False,0.0,0.0,185.10779369512366,189.86960278073576,0.0,-222.76089037793096,152.21650609792846
2025-02-17T22:00:00Z,2025-02-17T22:15:00Z,2025-02-18,2025-02-17_24,0.0,100,100,0,24.17682280869551,20.854038460869422,0.010027289855072462,3.189,0.156,True,True,False,False,0.0,0.0,184.93068113321277,195.90114526823385,576.0037540687161,-11.315250150693188,945.5203303194696
2025-02-17T22:15:00Z,2025-02-17T22:30:00Z,2025-02-18,2025-02-17_24,0.0,100,100,0,20.854038460869422,20.667087156521596,0.000618975845410628,0.1885,0.0195,True,True,False,False,0.0,0.0,184.93068113321277,195.90114526823385,31.74602089612216,-1.4144062688366486,411.1634410287321
2025-02-17T22:30:00Z,2025-02-17T22:45:00Z,2025-02-18,2025-02-17_24,0.0,100,100,0,20.667087156521596,18.295348026086813,0.006588164251207729,2.182,0.0,True,True,False,False,0.0,0.0,184.93068113321277,195.90114526823385,392.866973678923,0.0,773.6988000803697
2025-02-17T22:45:00Z,2025-02-17T23:00:00Z,2025-02-18,2025-02-17_24,0.0,100,100,0,18.295348026086813,19.17352541739116,0.003952062801932367,0.2505,1.2505,True,True,False,False,0.0,0.0,184.93068113321277,195.90114526823385,44.01446564195298,-70.16443188667871,354.68186015672086
2025-02-17T23:00:00Z,2025-02-17T23:15:00Z,2025-02-18,2025-02-18_1,-11.631600707415506,100,88,0,19.17352541739116,21.08271414639398,0.014268212098168573,1.68,1.11672,True,True,False,False,-395.47442405212723,0.0,184.93068113321277,172.3930078360458,310.455358649789,-69.39033764918625,202.91428591773408
2025-02-17T23:15:00Z,2025-02-17T23:30:00Z,2025-02-18,2025-02-18_1,-11.631600707415506,100,88,0,21.08271414639398,19.222018421359678,0.017505152490495994,4.249,0.0,True,True,False,False,-395.47442405212723,0.0,184.93068113321277,172.3930078360458,796.4719338959211,0.0,758.3211988130524
2025-02-17T23:30:00Z,2025-02-17T23:45:00Z,2025-02-18,2025-02-18_1,-11.631600707415506,100,88,0,19.222018421359678,21.78438498993251,0.007979490256044847,0.1615,0.06468,True,True,False,False,-395.47442405212723,0.0,184.93068113321277,172.3930078360458,28.348393208760296,-4.691476793248945,-14.493818667357314
2025-02-17T23:45:00Z,2025-02-18T00:00:00Z,2025-02-18,2025-02-18_1,-11.631600707415506,100,88,0,21.78438498993251,24.36487130434791,0.007805700131556297,0.1195,0.035640000000000005,True,True,False,False,-395.47442405212723,0.0,184.93068113321277,172.3930078360458,20.50031263813542,-2.585099457504521,-20.235521902237764
2025-02-18T00:00:00Z,2025-02-18T00:15:00Z,2025-02-18,2025-02-18_2,0.0,100,100,0,24.36487130434791,11.393675652173998,0.036031099033816426,11.9335,0.0,True,True,False,False,0.0,0.0,184.47860156720915,195.90114526823385,2641.3892311633513,0.0,3021.768977998794
2025-02-18T00:15:00Z,2025-02-18T00:30:00Z,2025-02-18,2025-02-18_2,0.0,100,100,0,11.393675652173998,10.331175652173998,0.002951388888888889,0.9775,0.0,True,True,False,False,0.0,0.0,184.47860156720915,195.90114526823385,175.71431585292345,0.0,556.0940626883664
2025-02-18T00:30:00Z,2025-02-18T00:45:00Z,2025-02-18,2025-02-18_2,0.0,100,100,0,10.331175652173998,10.000000000000085,0.0011422657004830918,0.3415,0.0435,True,True,False,False,0.0,0.0,184.47860156720915,195.90114526823385,61.05487542696404,-3.155213984327908,438.27940827807913
2025-02-18T00:45:00Z,2025-02-18T01:00:00Z,2025-02-18,2025-02-18_2,0.0,100,100,0,10.000000000000085,16.031520000000086,0.016754222222222226,0.0,6.556000000000001,True,True,False,False,0.0,0.0,184.47860156720915,195.90114526823385,0.0,-331.75704721719916,48.62269961824384
2025-02-18T01:00:00Z,2025-02-18T01:15:00Z,2025-02-18,2025-02-18_3,0.0,100,100,0,16.031520000000086,19.529820000000086,0.0097175,0.0,3.8025,True,True,False,False,0.0,0.0,184.47860156720915,195.90114526823385,0.0,-198.21591320072332,182.16383363471968
2025-02-18T01:15:00Z,2025-02-18T01:30:00Z,2025-02-18,2025-02-18_3,0.0,100,100,0,19.529820000000086,21.347740000000087,0.005049777777777778,0.0,1.976,True,True,False,False,0.0,0.0,184.47860156720915,195.90114526823385,0.0,-143.07041993168573,237.30932690375727
2025-02-18T01:30:00Z,2025-02-18T01:45:00Z,2025-02-18,2025-02-18_3,0.0,100,100,0,21.347740000000087,25.317080000000086,0.011025944444444444,0.0,4.3145,True,True,False,False,0.0,0.0,184.47860156720915,195.90114526823385,0.0,-312.1237772754671,68.25596955997591
2025-02-18T01:45:00Z,2025-02-18T02:00:00Z,2025-02-18,2025-02-18_3,0.0,100,100,0,25.317080000000086,25.798449565217478,0.001346195652173913,0.0015,0.525,True,True,False,False,0.0,0.0,184.47860156720915,195.90114526823385,0.19891500904159132,-38.08016877637131,342.4984930681133
2025-02-18T02:00:00Z,2025-02-18T02:15:00Z,2025-02-18,2025-02-18_4,-94.99999999999999,100,5,0,25.798449565217478,47.71171004347835,0.06087062089371981,0.0015,0.070275,True,True,False,False,-2966.8499999999995,0.0,184.47860156720915,9.795057263411692,0.09041591320072333,-5.08997433694997,-2777.575899593128
2025-02-18T02:15:00Z,2025-02-18T02:30:00Z,2025-02-18,2025-02-18_4,-94.99999999999999,100,5,0,47.71171004347835,69.6117728695653,0.06083713103864733,0.012,0.066525,True,True,False,False,-2966.8499999999995,0.0,184.47860156720915,9.795057263411692,1.9168173598553344,-4.815089391199518,-2775.4746132007226
2025-02-18T02:30:00Z,2025-02-18T02:45:00Z,2025-02-18,2025-02-18_4,-94.99999999999999,100,5,0,69.6117728695653,91.3889728695653,0.060516527777777766,0.0805,0.0021000000000000003,True,True,False,False,-2966.8499999999995,0.0,184.47860156720915,9.795057263411692,11.796266526019691,-0.15232067510548525,-2760.9323953184644
2025-02-18T02:45:00Z,2025-02-18T03:00:00Z,2025-02-18,2025-02-18_4,-94.99999999999999,100,5,0,91.3889728695653,111.68359091304356,0.05687997765700483,1.6760000000000002,0.000575,True,True,False,False,-2966.8499999999995,0.0,184.47860156720915,9.795057263411692,302.1881543098252,-0.041591320072332724,-2470.429778179626
2025-02-18T03:00:00Z,2025-02-18T03:15:00Z,2025-02-18,2025-02-18_5,-99.98351443618041,100,0,0,111.68359091304356,133.40280103043622,0.06033252097600508,1.388,0.0,True,True,False,False,-3271.2106335657327,0.0,185.17179023508135,0.0,249.87932248342372,0.0,-2836.1595208472277
2025-02-18T03:15:00Z,2025-02-18T03:30:00Z,2025-02-18,2025-02-18_5,-99.98351443618041,100,0,0,133.40280103043622,154.041898834977,0.057333377718803175,2.562,0.0,True,True,False,False,-3271.2106335657327,0.0,185.17179023508135,0.0,463.06824472573834,0.0,-2622.970598604913
2025-02-18T03:30:00Z,2025-02-18T03:45:00Z,2025-02-18,2025-02-18_5,-99.98351443618041,100,0,0,154.041898834977,172.67165652770464,0.05175405159126572,4.746,0.0,True,True,False,False,-3271.2106335657327,0.0,185.17179023508135,0.0,962.6789451476793,0.0,-2123.359898182972
2025-02-18T03:45:00Z,2025-02-18T04:00:00Z,2025-02-18,2025-02-18_5,-99.98351443618041,100,0,0,172.67165652770464,182.304005052174,0.026770983887853414,14.5255,0.0,True,True,False,False,-3271.2106335657327,0.0,185.17179023508135,0.0,3187.5898927064495,0.0,101.55104937579819
2025-02-18T04:00:00Z,2025-02-18T04:15:00Z,2025-02-18,2025-02-18_6,-0.9999999999997954,100,99,0,182.304005052174,189.86522000000005,0.022354461811594076,0.22599999999999998,8.235315000000002,True,True,False,False,-40.20499999999177,0.0,185.17179023508135,186.6916817359855,40.84388065099457,-50.33188902350815,322.17046359856147
2025-02-18T04:15:00Z,2025-02-18T04:30:00Z,2025-02-18,2025-02-18_6,-0.9999999999997954,100,99,0,189.86522000000005,189.60027105217392,0.0027254437439612287,0.579,0.145035,True,True,False,False,-40.20499999999177,0.0,185.17179023508135,186.6916817359855,103.60458710066304,-10.490777576853525,424.77228149488457
2025-02-18T04:30:00Z,2025-02-18T04:45:00Z,2025-02-18,2025-02-18_6,-0.9999999999997954,100,99,0,189.60027105217392,186.90542270434779,0.008625723188405696,2.695,0.0,True,True,False,False,-40.20499999999177,0.0,185.17179023508135,186.6916817359855,612.0763572433192,0.0,943.7348292143943
2025-02-18T04:45:00Z,2025-02-18T05:00:00Z,2025-02-18,2025-02-18_6,-0.9999999999997954,100,99,0,186.90542270434779,174.8481038782608,0.03421424118357487,11.3255,0.004455,True,True,False,False,-40.20499999999177,0.0,185.17179023508135,186.6916817359855,2724.9535295358646,-0.32313743218806507,3056.2888640747515
2025-02-18T05:00:00Z,2025-02-18T05:15:00Z,2025-02-18,2025-02-18_7,0.0,100,100,0,174.8481038782608,182.91880387826077,0.02241861111111111,0.0,8.7725,True,True,False,False,0.0,0.0,185.17179023508135,188.57745629897528,0.0,2971.460964436408,3345.2102109704647
2025-02-18T05:15:00Z,2025-02-18T05:30:00Z,2025-02-18,2025-02-18_7,0.0,100,100,0,182.91880387826077,177.22478213913035,0.015816727053140096,5.2385,0.0,True,True,False,False,0.0,0.0,185.17179023508135,188.57745629897528,1169.35487381957,0.0,1543.1041203536265
2025-02-18T05:30:00Z,2025-02-18T05:45:00Z,2025-02-18,2025-02-18_7,0.0,100,100,0,177.22478213913035,170.09637692173905,0.020238125603864735,6.6305000000000005,0.0855,True,True,False,False,0.0,0.0,185.17179023508135,188.57745629897528,1909.3655145670082,-6.201627486437613,2276.913133614627
2025-02-18T05:45:00Z,2025-02-18T06:00:00Z,2025-02-18,2025-02-18_7,0.0,100,100,0,170.09637692173905,150.07844213913035,0.05560537439613526,18.4165,0.0,True,True,False,False,0.0,0.0,185.17179023508135,188.57745629897528,8323.45132991762,0.0,8697.200576451676
2025-02-18T06:00:00Z,2025-02-18T06:15:00Z,2025-02-18,2025-02-18_8,100.0,0,100,0,150.07844213913035,122.90778996521732,0.07547403381642512,0.0,0.003,True,True,False,False,8995.25,0.0,0.0,188.87884267631102,0.0,-0.21760096443640747,9183.911241711874
2025-02-18T06:15:00Z,2025-02-18T06:30:00Z,2025-02-18,2025-02-18_8,100.0,0,100,0,122.90778996521732,95.73387692173905,0.07548309178743962,0.0,0.0,True,True,False,False,8995.25,0.0,0.0,188.87884267631102,0.0,0.0,9184.128842676311
2025-02-18T06:30:00Z,2025-02-18T06:45:00Z,2025-02-18,2025-02-18_8,100.0,0,100,0,95.73387692173905,68.55996387826079,0.07548309178743962,0.0,0.0,True,True,False,False,8995.25,0.0,0.0,188.87884267631102,0.0,0.0,9184.128842676311
2025-02-18T06:45:00Z,2025-02-18T07:00:00Z,2025-02-18,2025-02-18_8,100.0,0,100,0,68.55996387826079,41.38605083478252,0.07548309178743962,0.0,0.0,True,True,False,False,8995.25,0.0,0.0,188.87884267631102,0.0,0.0,9184.128842676311
2025-02-18T07:00:00Z,2025-02-18T07:15:00Z,2025-02-18,2025-02-18_9,-14.89335682118026,100,85,0,41.38605083478252,27.029462808898273,0.04616515242939094,16.7425,0.0,True,True,False,False,-721.5831379861837,0.0,192.70644966847496,159.34297769740806,4780.819697609001,0.0,4411.285986988701
2025-02-18T07:15:00Z,2025-02-18T07:30:00Z,2025-02-18,2025-02-18_9,-14.89335682118026,100,85,0,27.029462808898273,17.693379371212338,0.03581757445540793,12.0155,0.0,True,True,False,False,-721.5831379861837,0.0,192.70644966847496,159.34297769740806,3213.7949831223623,0.0,2844.2612725020617
2025-02-18T07:30:00Z,2025-02-18T07:45:00Z,2025-02-18,2025-02-18_9,-14.89335682118026,100,85,0,17.693379371212338,20.40025940696278,0.011018967732445446,0.681,0.0051,True,True,False,False,-721.5831379861837,0.0,192.70644966847496,159.34297769740806,121.94086980108499,-0.3699216395418927,-247.9627624587576
2025-02-18T07:45:00Z,2025-02-18T08:00:00Z,2025-02-18,2025-02-18_9,-14.89335682118026,100,85,0,20.40025940696278,24.351867103455668,0.011223373968071021,0.048,0.6273,True,True,False,False,-721.5831379861837,0.0,192.70644966847496,159.34297769740806,8.173598553345387,-45.5003616636528,-406.8604737306081
2025-02-18T08:00:00Z,2025-02-18T08:15:00Z,2025-02-18,2025-02-18_10,-24.621554777209827,100,75,0,24.351867103455668,13.182927190007037,0.04223245539836643,16.094,0.0,True,True,False,False,-1025.3030948099602,0.0,184.93068113321277,141.65913200723327,12495.472789632307,0.0,11796.759507962794
2025-02-18T08:15:00Z,2025-02-18T08:30:00Z,2025-02-18,2025-02-18_10,-24.621554777209827,100,75,0,13.182927190007037,14.780102509111195,0.02215007755213039,3.8915000000000006,0.0045000000000000005,True,True,False,False,-1025.3030948099602,0.0,184.93068113321277,141.65913200723327,891.0346516978099,-0.32640144665461124,191.99496858164113
2025-02-18T08:30:00Z,2025-02-18T08:45:00Z,2025-02-18,2025-02-18_10,-24.621554777209827,100,75,0,14.780102509111195,20.37524480791667,0.01598586619289093,0.0975,0.037125,True,True,False,False,-1025.3030948099602,0.0,184.93068113321277,141.65913200723327,16.817368896925856,-2.692811934900542,-684.5887247074888
2025-02-18T08:45:00Z,2025-02-18T09:00:00Z,2025-02-18,2025-02-18_10,-24.621554777209827,100,75,0,20.37524480791667,22.832652817390816,0.020786621976697357,3.067,0.0022500000000000003,True,True,False,False,-1025.3030948099602,0.0,184.93068113321277,141.65913200723327,554.1471868595539,-0.16320072332730562,-144.72929553328748
2025-02-18T09:00:00Z,2025-02-18T09:15:00Z,2025-02-18,2025-02-18_11,0.0,100,100,0,22.832652817390816,14.459576295651686,0.023266212560386475,7.7045,0.0015,True,True,False,False,0.0,0.0,184.93068113321277,197.1971066907776,1735.3298765320476,-0.10880048221820374,2117.34886387382
2025-02-18T09:15:00Z,2025-02-18T09:30:00Z,2025-02-18,2025-02-18_11,0.0,100,100,0,14.459576295651686,10.640309339129947,0.010716408212560386,3.5315,0.021,True,True,False,False,0.0,0.0,184.93068113321277,197.1971066907776,725.4035914205343,-1.5232067510548524,1106.0081724934698
2025-02-18T09:30:00Z,2025-02-18T09:45:00Z,2025-02-18,2025-02-18_11,0.0,100,100,0,10.640309339129947,10.194619773912557,0.0013223599033816424,0.424,0.0165,True,True,False,False,0.0,0.0,184.93068113321277,197.1971066907776,75.34054892505524,-1.1968053044002411,456.27153144464535
2025-02-18T09:45:00Z,2025-02-18T10:00:00Z,2025-02-18,2025-02-18_11,0.0,100,100,0,10.194619773912557,17.315016295651688,0.020059676328502418,0.0465,7.7945,True,True,False,False,0.0,0.0,184.93068113321277,197.1971066907776,8.360460819770946,-362.3150464135021,28.173202230259204
2025-02-18T10:00:00Z,2025-02-18T10:15:00Z,2025-02-18,2025-02-18_12,-98.99999999999996,100,1,0,17.315016295651688,40.103873791303855,0.06330247251207727,0.0015,0.022000000000000002,True,True,False,False,-3464.9999999999986,0.0,184.08679927667268,1.9719710669077757,0.25316455696202533,-1.2800622865179827,-3279.968127385974
2025-02-18T10:15:00Z,2025-02-18T10:30:00Z,2025-02-18,2025-02-18_12,-98.99999999999996,100,1,0,40.103873791303855,62.84895109565167,0.06318276304347825,0.033,0.00597,True,True,False,False,-3464.9999999999986,0.0,184.08679927667268,1.9719710669077757,5.60578963230862,-0.43302591922845085,-3273.768465943338
2025-02-18T10:30:00Z,2025-02-18T10:45:00Z,2025-02-18,2025-02-18_12,-98.99999999999996,100,1,0,62.84895109565167,83.66178577391253,0.05794166033816424,2.1235,0.0,True,True,False,False,-3464.9999999999986,0.0,184.08679927667268,1.9719710669077757,383.27319017480403,0.0,-2895.668039481614
2025-02-18T10:45:00Z,2025-02-18T11:00:00Z,2025-02-18,2025-02-18_12,-98.99999999999996,100,1,0,83.66178577391253,106.44927999999948,0.06329874603864732,0.0025,0.02152,True,True,False,False,-3464.9999999999986,0.0,184.08679927667268,1.9719710669077757,0.2049427365883062,-1.558299650391802,-3280.294586570222
2025-02-18T11:00:00Z,2025-02-18T11:15:00Z,2025-02-18,2025-02-18_13,-100.0,100,0,0,106.44927999999948,129.44605999999948,0.06387994444444443,0.0035000000000000005,0.0,True,True,False,False,-3500.0,0.0,184.08679927667268,0.0,0.5364676511954993,0.0,-3315.3767330721316
2025-02-18T11:15:00Z,2025-02-18T11:30:00Z,2025-02-18,2025-02-18_13,-100.0,100,0,0,129.44605999999948,152.0555199999995,0.06280405555555556,0.4245,0.0,True,True,False,False,-3500.0,0.0,184.08679927667268,0.0,74.84027968655816,0.0,-3241.072921036769
2025-02-18T11:30:00Z,2025-02-18T11:45:00Z,2025-02-18,2025-02-18_13,-100.0,100,0,0,152.0555199999995,173.24725999999947,0.05886594444444444,1.9654999999999998,0.0,True,True,False,False,-3500.0,0.0,184.08679927667268,0.0,417.8245446051838,0.0,-2898.0886561181437
2025-02-18T11:45:00Z,2025-02-18T12:00:00Z,2025-02-18,2025-02-18_13,-100.0,100,0,0,173.24725999999947,189.99447999999947,0.046520055555555564,6.7965,0.0,True,True,False,False,-3500.0,0.0,184.08679927667268,0.0,1502.5877540687159,0.0,-1813.3254466546114
2025-02-18T12:00:00Z,2025-02-18T12:15:00Z,2025-02-18,2025-02-18_14,-3.0000000000023457,100,97,0,189.99447999999947,189.83401366956522,0.004187533140098013,0.791,0.0058200000000000005,True,True,False,False,-117.77250000009208,0.0,184.08679927667268,191.28119349005425,142.23028691983123,-0.42214587100663054,399.40363381545944
2025-02-18T12:15:00Z,2025-02-18T12:30:00Z,2025-02-18,2025-02-18_14,-3.0000000000023457,100,97,0,189.83401366956522,185.02014507826144,0.01642518386473513,5.087,0.0,True,True,False,False,-117.77250000009208,0.0,184.08679927667268,191.28119349005425,1088.1866730962424,0.0,1345.7821658628773
2025-02-18T12:30:00Z,2025-02-18T12:45:00Z,2025-02-18,2025-02-18_14,-3.0000000000023457,100,97,0,185.02014507826144,181.24656932174025,0.01368291154589468,4.1255,0.0,True,True,False,False,-117.77250000009208,0.0,184.08679927667268,191.28119349005425,921.2282116736989,0.0,1178.8237044403338
2025-02-18T12:45:00Z,2025-02-18T13:00:00Z,2025-02-18,2025-02-18_14,-3.0000000000023457,100,97,0,181.24656932174025,180.18569341739297,0.006539324178745248,1.6195000000000002,0.0014550000000000001,True,True,False,False,-117.77250000009208,0.0,184.08679927667268,191.28119349005425,292.1158888888889,-0.10553646775165763,549.605845187772
2025-02-18T13:00:00Z,2025-02-18T13:15:00Z,2025-02-18,2025-02-18_15,-12.994987582482251,100,87,0,180.18569341739297,184.94130125094978,0.0136014392372415,0.0745,2.0066550000000003,True,True,False,False,-524.9000359254143,0.0,184.93068113321277,171.56148282097647,13.267032449266626,-145.30367466244726,-300.44451418440565
2025-02-18T13:15:00Z,2025-02-18T13:30:00Z,2025-02-18,2025-02-18_15,-12.994987582482251,100,87,0,184.94130125094978,189.9183419949207,0.013825113177696994,0.0,2.16108,True,True,False,False,-524.9000359254143,0.0,184.93068113321277,171.56148282097647,0.0,-156.45055508137432,-324.8584270525994
2025-02-18T13:30:00Z,2025-02-18T13:45:00Z,2025-02-18,2025-02-18_15,-12.994987582482251,100,87,0,189.9183419949207,188.08764042952797,0.018927786065591756,4.5705,0.053505,True,True,False,False,-524.9000359254143,0.0,184.93068113321277,171.56148282097647,1083.4968538276069,-3.880913200723327,911.2080686556585
2025-02-18T13:45:00Z,2025-02-18T14:00:00Z,2025-02-18,2025-02-18_15,-12.994987582482251,100,87,0,188.08764042952797,178.8717975384088,0.03459466511328617,11.457,0.0,True,True,False,False,-524.9000359254143,0.0,184.93068113321277,171.56148282097647,2796.5554050632913,0.0,2628.147533092066
2025-02-18T14:00:00Z,2025-02-18T14:15:00Z,2025-02-18,2025-02-18_16,-16.997831532426996,100,83,0,178.8717975384088,182.62182921787854,0.011426714625714023,0.20150000000000004,0.05851499999999999,True,True,False,False,-755.1286658280693,0.0,184.93068113321277,156.76943942133815,35.14768103275066,-4.244306811332127,-382.52517105209984
2025-02-18T14:15:00Z,2025-02-18T14:30:00Z,2025-02-18,2025-02-18_16,-16.997831532426996,100,83,0,182.62182921787854,186.44261194715574,0.011277402951008758,0.1325,0.056025000000000005,True,True,False,False,-755.1286658280693,0.0,184.93068113321277,156.76943942133815,22.7727486437613,-4.06369801084991,-394.71949464060697
2025-02-18T14:30:00Z,2025-02-18T14:45:00Z,2025-02-18,2025-02-18_16,-16.997831532426996,100,83,0,186.44261194715574,189.995860089774,0.011719638570348781,0.369,0.03735,True,True,False,False,-755.1286658280693,0.0,184.93068113321277,156.76943942133815,65.7625171790235,-2.709132007233273,-350.37516010172817
2025-02-18T14:45:00Z,2025-02-18T15:00:00Z,2025-02-18,2025-02-18_16,-16.997831532426996,100,83,0,189.995860089774,189.9999999999994,0.018519078679763448,3.6925,0.0037349999999999996,True,True,False,False,-755.1286658280693,0.0,184.93068113321277,156.76943942133815,667.4803973277074,-0.27091320072332725,253.78093885346564
2025-02-18T15:00:00Z,2025-02-18T15:15:00Z,2025-02-18,2025-02-18_17,100.0,0,100,0,189.9999999999994,166.97391304347767,0.06396135265700482,0.0,3.816,True,True,False,False,10051.5,0.0,0.0,188.87884267631102,0.0,-276.10910669077754,9964.269735985534
2025-02-18T15:15:00Z,2025-02-18T15:30:00Z,2025-02-18,2025-02-18_17,100.0,0,100,0,166.97391304347767,140.18152173912983,0.07442330917874396,0.0,0.351,True,True,False,False,10051.5,0.0,0.0,188.87884267631102,0.0,-25.45931283905967,10214.91952983725
2025-02-18T15:30:00Z,2025-02-18T15:45:00Z,2025-02-18,2025-02-18_17,100.0,0,100,0,140.18152173912983,113.01086956521678,0.07547403381642512,0.0,0.003,True,True,False,False,10051.5,0.0,0.0,188.87884267631102,0.0,-0.21760096443640747,10240.161241711874
2025-02-18T15:45:00Z,2025-02-18T16:00:00Z,2025-02-18,2025-02-18_17,100.0,0,100,0,113.01086956521678,85.83695652173853,0.0754830917874396,0.0,0.0,True,True,False,False,10051.5,0.0,0.0,188.87884267631102,0.0,0.0,10240.378842676311
2025-02-18T16:00:00Z,2025-02-18T16:15:00Z,2025-02-18,2025-02-18_18,0.0,0,100,0,85.83695652173853,85.83695652173853,0.0,0.0,0.0,True,True,False,False,0.0,0.0,0.0,188.87884267631102,0.0,0.0,188.87884267631102
2025-02-18T16:15:00Z,2025-02-18T16:30:00Z,2025-02-18,2025-02-18_18,0.0,0,100,0,85.83695652173853,85.83695652173853,0.0,0.0,0.0,True,True,False,False,0.0,0.0,0.0,188.87884267631102,0.0,0.0,188.87884267631102
2025-02-18T16:30:00Z,2025-02-18T16:45:00Z,2025-02-18,2025-02-18_18,0.0,0,100,0,85.83695652173853,85.83695652173853,0.0,0.0,0.0,True,True,False,False,0.0,0.0,0.0,188.87884267631102,0.0,0.0,188.87884267631102
2025-02-18T16:45:00Z,2025-02-18T17:00:00Z,2025-02-18,2025-02-18_18,0.0,0,100,0,85.83695652173853,85.83695652173853,0.0,0.0,0.0,True,True,False,False,0.0,0.0,0.0,188.87884267631102,0.0,0.0,188.87884267631102
2025-02-18T17:00:00Z,2025-02-18T17:15:00Z,2025-02-18,2025-02-18_19,-6.0,100,94,0,85.83695652173853,74.17522365217332,0.03634663574879227,12.11,0.0,True,True,False,False,-473.625,0.0,193.45991561181432,177.54611211573234,4602.152812939521,0.0,4499.533840667068
2025-02-18T17:15:00Z,2025-02-18T17:30:00Z,2025-02-18,2025-02-18_19,-6.0,100,94,0,74.17522365217332,57.06633266086897,0.049926510531400965,17.168,0.0,True,True,False,False,-473.625,0.0,193.45991561181432,177.54611211573234,7460.453227245328,0.0,7357.834254972875
2025-02-18T17:30:00Z,2025-02-18T17:45:00Z,2025-02-18,2025-02-18_19,-6.0,100,94,0,57.06633266086897,32.671409982608104,0.06809073410628018,23.9335,0.0,True,True,False,False,-473.625,0.0,193.45991561181432,177.54611211573234,24737.116432690374,0.0,24634.497460417922
2025-02-18T17:45:00Z,2025-02-18T18:00:00Z,2025-02-18,2025-02-18_19,-6.0,100,94,0,32.671409982608104,10.793294052173325,0.06181628425120772,21.5965,0.0,True,True,False,False,-473.625,0.0,193.45991561181432,177.54611211573234,19038.614358549323,0.0,18935.99538627687
2025-02-18T18:00:00Z,2025-02-18T18:15:00Z,2025-02-18,2025-02-18_20,-11.58602253308132,0,0,0,10.793294052173325,13.458079234782028,0.007402181062801954,0.0,0.0,True,False,False,False,-811.8325988930079,0.0,0.0,0.0,0.0,0.0,-811.8325988930079
2025-02-18T18:15:00Z,2025-02-18T18:30:00Z,2025-02-18,2025-02-18_20,-11.58602253308132,0,0,0,13.458079234782028,16.12286441739073,0.007402181062801954,0.0,0.0,True,False,False,False,-811.8325988930079,0.0,0.0,0.0,0.0,0.0,-811.8325988930079
2025-02-18T18:30:00Z,2025-02-18T18:45:00Z,2025-02-18,2025-02-18_20,-11.58602253308132,0,0,0,16.12286441739073,18.787649599999433,0.007402181062801954,0.0,0.0,True,False,False,False,-811.8325988930079,0.0,0.0,0.0,0.0,0.0,-811.8325988930079
2025-02-18T18:45:00Z,2025-02-18T19:00:00Z,2025-02-18,2025-02-18_20,-11.58602253308132,0,0,0,18.787649599999433,21.452434782608137,0.007402181062801954,0.0,0.0,True,False,False,False,-811.8325988930079,0.0,0.0,0.0,0.0,0.0,-811.8325988930079
2025-02-18T19:00:00Z,2025-02-18T19:15:00Z,2025-02-18,2025-02-18_21,-34.0,100,66,0,21.452434782608137,12.826460799999442,0.03966359884057971,15.964,0.0,True,True,False,False,-1613.045,0.0,185.53345388788426,124.46112115732367,13426.856266827406,0.0,12123.805841872614
2025-02-18T19:15:00Z,2025-02-18T19:30:00Z,2025-02-18,2025-02-18_21,-34.0,100,66,0,12.826460799999442,17.235497391303788,0.02544333835748792,3.311,0.0,True,True,False,False,-1613.045,0.0,185.53345388788426,124.46112115732367,742.2999887482418,0.0,-560.7504362065503
2025-02-18T19:30:00Z,2025-02-18T19:45:00Z,2025-02-18,2025-02-18_21,-34.0,100,66,0,17.235497391303788,17.722486539129875,0.02974550125603865,7.124,0.0066,True,True,False,False,-1613.045,0.0,185.53345388788426,124.46112115732367,3187.9363230861964,-0.48502109704641344,1884.4008770343578
2025-02-18T19:45:00Z,2025-02-18T20:00:00Z,2025-02-18,2025-02-18_21,-34.0,100,66,0,17.722486539129875,25.322499808695092,0.022059698695652174,0.23799999999999996,0.02739,True,True,False,False,-1613.045,0.0,185.53345388788426,124.46112115732367,41.814357243319265,-2.0723614104882455,-1263.3084291219611
2025-02-18T20:00:00Z,2025-02-18T20:15:00Z,2025-02-18,2025-02-18_22,0.0,100,100,0,25.322499808695092,10.331738939129878,0.04164100241545893,13.791499999999997,0.0,True,True,False,False,0.0,0.0,185.17179023508135,188.57745629897528,5833.081256781193,0.0,6206.830503315249
2025-02-18T20:15:00Z,2025-02-18T20:30:00Z,2025-02-18,2025-02-18_22,0.0,100,100,0,10.331738939129878,12.813367634782052,0.0071289202898550735,0.039,2.7435,True,True,False,False,0.0,0.0,185.17179023508135,188.57745629897528,6.8535232067510545,-129.63630078360458,250.9664689572031
2025-02-18T20:30:00Z,2025-02-18T20:45:00Z,2025-02-18,2025-02-18_22,0.0,100,100,0,12.813367634782052,16.77028763478205,0.010991444444444444,0.0,4.301,True,True,False,False,0.0,0.0,185.17179023508135,188.57745629897528,0.0,-284.5175881052843,89.23165842877233
2025-02-18T20:45:00Z,2025-02-18T21:00:00Z,2025-02-18,2025-02-18_22,0.0,100,100,0,16.77028763478205,21.90940763478205,0.014275333333333334,0.0,5.586,True,True,False,False,0.0,0.0,185.17179023508135,188.57745629897528,0.0,-387.4789451476793,-13.729698613622702
2025-02-18T21:00:00Z,2025-02-18T21:15:00Z,2025-02-18,2025-02-18_23,0.0,100,100,0,21.90940763478205,21.870152852173355,0.0049211521739130435,0.8329999999999999,0.9415,True,True,False,False,0.0,0.0,185.17179023508135,188.57745629897528,150.23507313642753,-66.82815049226441,457.1561691782197
2025-02-18T21:15:00Z,2025-02-18T21:30:00Z,2025-02-18,2025-02-18_23,0.0,100,100,0,21.870152852173355,25.271392852173356,0.00944788888888889,0.0,3.697,True,True,False,False,0.0,0.0,185.17179023508135,188.57745629897528,0.0,-267.57232489451474,106.17692163954189
2025-02-18T21:30:00Z,2025-02-18T21:45:00Z,2025-02-18,2025-02-18_23,0.0,100,100,0,25.271392852173356,29.916012852173356,0.01290172222222222,0.0,5.0485,True,True,False,False,0.0,0.0,185.17179023508135,188.57745629897528,0.0,-365.31177275467144,8.437473779385186
2025-02-18T21:45:00Z,2025-02-18T22:00:00Z,2025-02-18,2025-02-18_23,0.0,100,100,0,29.916012852173356,31.70354067826031,0.005149533816425121,0.0305,1.979,True,True,False,False,0.0,0.0,185.17179023508135,188.57745629897528,5.147679324894515,-136.67585553546314,242.221070323488
2025-02-18T22:00:00Z,2025-02-18T22:15:00Z,2025-02-19,2025-02-18_24,0.0,100,100,0,31.70354067826031,30.957345026086397,0.002072765700483092,0.6865,0.0,True,True,False,False,0.0,0.0,182.8474412810673,188.57366739667677,123.0113765043901,0.0,494.43248518213414
2025-02-18T22:15:00Z,2025-02-18T22:30:00Z,2025-02-19,2025-02-18_24,0.0,100,100,0,30.957345026086397,30.87243980869509,0.0002895144927536232,0.087,0.0105,True,True,False,False,0.0,0.0,182.8474412810673,188.57366739667677,15.09312169737397,-0.7615880733760625,385.75264230174196
2025-02-18T22:30:00Z,2025-02-18T22:45:00Z,2025-02-19,2025-02-18_24,0.0,100,100,0,30.87243980869509,30.845112852173354,0.00034679710144927534,0.07,0.053,True,True,False,False,0.0,0.0,182.8474412810673,188.57366739667677,11.850268228486469,-4.036991822547266,379.23438508368326
2025-02-18T22:45:00Z,2025-02-18T23:00:00Z,2025-02-19,2025-02-18_24,0.0,100,100,0,30.845112852173354,30.74797198260814,0.0005816135265700482,0.141,0.061,True,True,False,False,0.0,0.0,182.8474412810673,188.57366739667677,24.586597014325605,-4.657330574029053,391.35037511804063
2025-02-18T23:00:00Z,2025-02-18T23:15:00Z,2025-02-19,2025-02-19_1,0.0,100,100,0,30.74797198260814,21.989276330434226,0.024329710144927536,8.058,0.0,True,True,False,False,0.0,0.0,182.8474412810673,188.57366739667677,2329.422720057865,0.0,2700.843828735609
2025-02-18T23:15:00Z,2025-02-18T23:30:00Z,2025-02-19,2025-02-19_1,0.0,100,100,0,21.989276330434226,17.714276330434227,0.011874999999999998,3.933,0.0,True,True,False,False,0.0,0.0,182.8474412810673,188.57366739667677,710.9799732776114,0.0,1082.4010819553555
2025-02-18T23:30:00Z,2025-02-18T23:45:00Z,2025-02-19,2025-02-19_1,0.0,100,100,0,17.714276330434227,13.777319808695097,0.010935990338164251,3.6220000000000003,0.0,True,True,False,False,0.0,0.0,182.8474412810673,188.57366739667677,654.8272680878423,0.0,1026.2483767655863
2025-02-18T23:45:00Z,2025-02-19T00:00:00Z,2025-02-19,2025-02-19_1,0.0,100,100,0,13.777319808695097,13.590491113042923,0.0005649685990338164,0.1795,0.009,True,True,False,False,0.0,0.0,182.8474412810673,188.57366739667677,30.873415744108012,-0.687147133873139,401.6073772879789
2025-02-19T00:00:00Z,2025-02-19T00:15:00Z,2025-02-19,2025-02-19_2,-75.96854457969435,100,24,0,13.590491113042923,18.68100347361879,0.032856114078633564,12.897,0.00048000000000000007,True,True,False,False,-2574.194133082943,0.0,182.33509473388116,45.257680175202424,10605.054542605132,-0.03664784713990075,8258.416536584133
2025-02-19T00:15:00Z,2025-02-19T00:30:00Z,2025-02-19,2025-02-19_2,-75.96854457969435,100,24,0,18.68100347361879,32.30116348942707,0.04365879364639416,4.014,0.00144,True,True,False,False,-2574.194133082943,0.0,182.33509473388116,45.257680175202424,809.5592240461314,-0.10994354141970225,-1537.152077669148
2025-02-19T00:30:00Z,2025-02-19T00:45:00Z,2025-02-19,2025-02-19_2,-75.96854457969435,100,24,0,32.30116348942707,46.0289725615529,0.0437931104580127,3.9004999999999996,0.0,True,True,False,False,-2574.194133082943,0.0,182.33509473388116,45.257680175202424,705.3203672821521,0.0,-1641.2809908917075
2025-02-19T00:45:00Z,2025-02-19T01:00:00Z,2025-02-19,2025-02-19_2,-75.96854457969435,100,24,0,46.0289725615529,57.788051304346965,0.0413000491168337,5.951,0.0,True,True,False,False,-2574.194133082943,0.0,182.33509473388116,45.257680175202424,1076.1085772839604,0.0,-1270.4927808898992
2025-02-19T01:00:00Z,2025-02-19T01:15:00Z,2025-02-19,2025-02-19_3,-100.00000000000006,100,0,0,57.788051304346965,68.32205130434699,0.029261111111111147,13.55,0.0,True,True,False,False,-3322.500000000002,0.0,182.33509473388116,0.0,12094.385716581945,0.0,8954.220811315823
2025-02-19T01:15:00Z,2025-02-19T01:30:00Z,2025-02-19,2025-02-19_3,-100.00000000000006,100,0,0,68.32205130434699,90.885511304347,0.06267627777777782,0.47450000000000003,0.0,True,True,False,False,-3322.500000000002,0.0,182.33509473388116,0.0,84.41058598380583,0.0,-3055.754319282315
2025-02-19T01:30:00Z,2025-02-19T01:45:00Z,2025-02-19,2025-02-19_3,-100.00000000000006,100,0,0,90.885511304347,110.16641130434702,0.0535580555555556,4.0425,0.0,True,True,False,False,-3322.500000000002,0.0,182.33509473388116,0.0,730.7932912740351,0.0,-2409.3716139920857
2025-02-19T01:45:00Z,2025-02-19T02:00:00Z,2025-02-19,2025-02-19_3,-100.00000000000006,100,0,0,110.16641130434702,128.37781130434703,0.05058722222222226,5.205,0.0,True,True,False,False,-3322.500000000002,0.0,182.33509473388116,0.0,947.4959414116655,0.0,-2192.6689638544553
2025-02-19T02:00:00Z,2025-02-19T02:15:00Z,2025-02-19,2025-02-19_4,-100.0,100,0,0,128.37781130434703,141.23711130434702,0.035720277777777774,11.0225,0.0,True,True,False,False,-3297.2499999999995,0.0,182.33509473388116,0.0,2635.126270820357,0.0,-479.7886344457612
2025-02-19T02:15:00Z,2025-02-19T02:30:00Z,2025-02-19,2025-02-19_4,-100.0,100,0,0,141.23711130434702,156.01277130434704,0.041043500000000004,8.9395,0.0,True,True,False,False,-3297.2499999999995,0.0,182.33509473388116,0.0,1927.9116340841053,0.0,-1187.0032711820131
2025-02-19T02:30:00Z,2025-02-19T02:45:00Z,2025-02-19,2025-02-19_4,-100.0,100,0,0,156.01277130434704,170.55751130434703,0.04040205555555555,9.1905,0.0,True,True,False,False,-3297.2499999999995,0.0,182.33509473388116,0.0,2051.3976724397744,0.0,-1063.517232826344
2025-02-19T02:45:00Z,2025-02-19T03:00:00Z,2025-02-19,2025-02-19_4,-100.0,100,0,0,170.55751130434703,187.76473130434704,0.047797833333333345,6.296499999999999,0.0,True,True,False,False,-3297.2499999999995,0.0,182.33509473388116,0.0,1138.5847180084786,0.0,-1976.3301872576399
2025-02-19T03:00:00Z,2025-02-19T03:15:00Z,2025-02-19,2025-02-19_5,0.0,100,100,0,187.76473130434704,185.17689739130356,0.007198649758454106,2.3825,0.002,True,True,False,False,0.0,0.0,183.6611681501276,188.57366739667677,429.949077776215,-0.1526993630829198,802.0312139599364
2025-02-19T03:15:00Z,2025-02-19T03:30:00Z,2025-02-19,2025-02-19_5,0.0,100,100,0,185.17689739130356,185.09650695652093,0.00027186231884057975,0.082,0.0095,True,True,False,False,0.0,0.0,183.6611681501276,188.57366739667677,13.851444415422636,-0.7253219746438689,385.3609579875831
2025-02-19T03:30:00Z,2025-02-19T03:45:00Z,2025-02-19,2025-02-19_5,0.0,100,100,0,185.09650695652093,183.45319739130352,0.0045928599033816415,1.5165,0.0055,True,True,False,False,0.0,0.0,183.6611681501276,188.57366739667677,274.1174832733921,-0.41992324847802937,645.9323955717184
2025-02-19T03:45:00Z,2025-02-19T04:00:00Z,2025-02-19,2025-02-19_5,0.0,100,100,0,183.45319739130352,182.67081999999917,0.003397381642512078,0.9225000000000001,0.2395,True,True,False,False,0.0,0.0,183.6611681501276,188.57366739667677,166.18715818448496,-17.346727411544872,521.0752663197444
2025-02-19T04:00:00Z,2025-02-19T04:15:00Z,2025-02-19,2025-02-19_6,0.0,100,100,0,182.67081999999917,189.84865999999917,0.019938444444444443,0.0,7.802,True,True,False,False,0.0,0.0,184.02282453637662,188.57366739667677,0.0,49.080914588816775,421.6774065218702
2025-02-19T04:15:00Z,2025-02-19T04:30:00Z,2025-02-19,2025-02-19_6,0.0,100,100,0,189.84865999999917,189.92228260869481,0.0006362705314009662,0.0715,0.1645,True,True,False,False,0.0,0.0,184.02282453637662,188.57366739667677,12.217965280986919,-11.907319824797574,372.90713738924273
2025-02-19T04:30:00Z,2025-02-19T04:45:00Z,2025-02-19,2025-02-19_6,0.0,100,100,0,189.92228260869481,187.2586565217383,0.007450072463768116,2.459,0.01,True,True,False,False,0.0,0.0,184.02282453637662,188.57366739667677,444.270663840389,-0.7574692089771152,816.1096865644653
2025-02-19T04:45:00Z,2025-02-19T05:00:00Z,2025-02-19,2025-02-19_6,0.0,100,100,0,187.2586565217383,164.5499608695644,0.06307971014492754,20.892,0.0,True,True,False,False,0.0,0.0,184.02282453637662,188.57366739667677,20926.726952643105,0.0,21299.32344457616
2025-02-19T05:00:00Z,2025-02-19T05:15:00Z,2025-02-19,2025-02-19_7,-28.0,100,72,0,164.5499608695644,170.07379913043397,0.02341356038647343,1.856,1.10268,True,True,False,False,-1251.95,0.0,184.02282453637662,134.90506519860963,335.514576761568,-79.80876635791927,-677.3162998613651
2025-02-19T05:15:00Z,2025-02-19T05:30:00Z,2025-02-19,2025-02-19_7,-28.0,100,72,0,170.07379913043397,165.9156328347818,0.03274736415458937,10.1885,0.0,True,True,False,False,-1251.95,0.0,184.02282453637662,134.90506519860963,2423.739564907275,0.0,1490.7174546422611
2025-02-19T05:30:00Z,2025-02-19T05:45:00Z,2025-02-19,2025-02-19_7,-28.0,100,72,0,165.9156328347818,147.81398907826008,0.05229591710144927,23.593,0.0,True,True,False,False,-1251.95,0.0,184.02282453637662,134.90506519860963,25753.903779510158,0.0,24820.881669245144
2025-02-19T05:45:00Z,2025-02-19T06:00:00Z,2025-02-19,2025-02-19_7,-28.0,100,72,0,147.81398907826008,133.03217137391223,0.04764156917874396,20.4015,0.0,True,True,False,False,-1251.95,0.0,184.02282453637662,134.90506519860963,20055.12826746499,0.0,19122.106157199974
2025-02-19T06:00:00Z,2025-02-19T06:15:00Z,2025-02-19,2025-02-19_8,99.84100258032362,0,100,0,133.03217137391223,105.91396109824775,0.0753284553319958,0.0,0.0115,True,True,False,False,5414.627172437401,0.0,0.0,187.4585602057423,0.0,-0.8341202708404493,5601.251612372303
2025-02-19T06:15:00Z,2025-02-19T06:30:00Z,2025-02-19,2025-02-19_8,99.84100258032362,0,100,0,105.91396109824775,78.79140405832257,0.07534049717102531,0.0,0.0075,True,True,False,False,5414.627172437401,0.0,0.0,187.4585602057423,0.0,-0.5439914809829017,5601.54174116216
2025-02-19T06:30:00Z,2025-02-19T06:45:00Z,2025-02-19,2025-02-19_8,99.84100258032362,0,100,0,78.79140405832257,51.667216981799605,0.07534501286066136,0.0,0.006,True,True,False,False,5414.627172437401,0.0,0.0,187.4585602057423,0.0,-0.4351931847863214,5601.650539458357
2025-02-19T06:45:00Z,2025-02-19T07:00:00Z,2025-02-19,2025-02-19_8,99.84100258032362,0,100,0,51.667216981799605,31.90590521738736,0.05494764277455693,0.0,6.7815,True,True,False,False,5414.627172437401,0.0,0.0,187.4585602057423,0.0,-336.97396264893206,5265.1117699942115
2025-02-19T07:00:00Z,2025-02-19T07:15:00Z,2025-02-19,2025-02-19_9,0.0,100,100,0,31.90590521738736,16.928804347822137,0.04459561352657005,14.274500000000002,0.5855,True,True,False,False,0.0,0.0,183.2090976673163,187.4585602057423,9742.289606296841,-38.17637399288742,10074.780890177013
2025-02-19T07:15:00Z,2025-02-19T07:30:00Z,2025-02-19,2025-02-19_9,0.0,100,100,0,16.928804347822137,9.999999999996051,0.01924667874396135,6.374499999999999,0.0,True,True,False,False,0.0,0.0,183.2090976673163,187.4585602057423,1542.5813555082275,0.0,1913.2490133812862
2025-02-19T07:30:00Z,2025-02-19T07:45:00Z,2025-02-19,2025-02-19_9,0.0,100,100,0,9.999999999996051,10.570275652169965,0.0016052342995169083,0.0035000000000000005,0.624,True,True,False,False,0.0,0.0,183.2090976673163,187.4585602057423,0.5907054308734003,-45.25770910771333,326.00065419621865
2025-02-19T07:45:00Z,2025-02-19T08:00:00Z,2025-02-19,2025-02-19_9,0.0,100,100,0,10.570275652169965,20.557335652169964,0.027741833333333334,0.0,10.8555,True,True,False,False,0.0,0.0,183.2090976673163,187.4585602057423,0.0,-475.1088827831468,-104.44122491008818
2025-02-19T08:00:00Z,2025-02-19T08:15:00Z,2025-02-19,2025-02-19_10,9.7127488,0,0,0,20.557335652169964,17.918001739126485,0.007331483091787439,0.0,0.0,True,False,False,False,383.459322624,0.0,0.0,0.0,0.0,0.0,383.459322624
2025-02-19T08:15:00Z,2025-02-19T08:30:00Z,2025-02-19,2025-02-19_10,9.7127488,0,0,0,17.918001739126485,15.278667826083007,0.007331483091787439,0.0,0.0,True,False,False,False,383.459322624,0.0,0.0,0.0,0.0,0.0,383.459322624
2025-02-19T08:30:00Z,2025-02-19T08:45:00Z,2025-02-19,2025-02-19_10,9.7127488,0,0,0,15.278667826083007,12.639333913039529,0.007331483091787439,0.0,0.0,True,False,False,False,383.459322624,0.0,0.0,0.0,0.0,0.0,383.459322624
2025-02-19T08:45:00Z,2025-02-19T09:00:00Z,2025-02-19,2025-02-19_10,9.7127488,0,0,0,12.639333913039529,9.999999999996051,0.007331483091787439,0.0,0.0,True,False,False,False,383.459322624,0.0,0.0,0.0,0.0,0.0,383.459322624
2025-02-19T09:00:00Z,2025-02-19T09:15:00Z,2025-02-19,2025-02-19_11,0.0,100,100,0,9.999999999996051,22.622859999996052,0.0350635,0.0,13.7205,True,True,False,False,0.0,0.0,183.2090976673163,188.87504771855095,0.0,5501.980872295111,5874.065017680979
2025-02-19T09:15:00Z,2025-02-19T09:30:00Z,2025-02-19,2025-02-19_11,0.0,100,100,0,22.622859999996052,37.92429999999605,0.042504,0.0,16.632,True,True,False,False,0.0,0.0,183.2090976673163,188.87504771855095,0.0,7760.33794940829,8132.422094794158
2025-02-19T09:30:00Z,2025-02-19T09:45:00Z,2025-02-19,2025-02-19_11,0.0,100,100,0,37.92429999999605,56.51427999999605,0.051638833333333335,0.0,20.2065,True,True,False,False,0.0,0.0,183.2090976673163,188.87504771855095,0.0,6387.650961604146,6759.735106990013
2025-02-19T09:45:00Z,2025-02-19T10:00:00Z,2025-02-19,2025-02-19_11,0.0,100,100,0,56.51427999999605,70.75265999999604,0.039551055555555555,0.0,15.476499999999998,True,True,False,False,0.0,0.0,183.2090976673163,188.87504771855095,0.0,-513.3013772076108,-141.21723182174355
2025-02-19T10:00:00Z,2025-02-19T10:15:00Z,2025-02-19,2025-02-19_12,0.0,100,100,0,70.75265999999604,85.00943999999603,0.03960216666666667,0.0,15.4965,True,True,False,False,0.0,0.0,183.2090976673163,188.87504771855095,0.0,6580.724118161178,6952.8082635470455
2025-02-19T10:15:00Z,2025-02-19T10:30:00Z,2025-02-19,2025-02-19_12,0.0,100,100,0,85.00943999999603,91.91955999999604,0.019194777777777776,0.0,7.510999999999999,True,True,False,False,0.0,0.0,183.2090976673163,188.87504771855095,0.0,-364.91227140302584,7.171873982841419
2025-02-19T10:30:00Z,2025-02-19T10:45:00Z,2025-02-19,2025-02-19_12,0.0,100,100,0,91.91955999999604,95.67085999999604,0.010420277777777778,0.0,4.0775,True,True,False,False,0.0,0.0,183.2090976673163,188.87504771855095,0.0,-271.93683219143674,100.14731319443052
2025-02-19T10:45:00Z,2025-02-19T11:00:00Z,2025-02-19,2025-02-19_12,0.0,100,100,0,95.67085999999604,97.05905652173517,0.00385912077294686,0.0005,1.5095,True,True,False,False,0.0,0.0,183.2090976673163,188.87504771855095,0.08438649012477145,-70.14257167828656,302.0259601977055
2025-02-19T11:00:00Z,2025-02-19T11:15:00Z,2025-02-19,2025-02-19_13,-2.958580368881594,100,97,0,97.05905652173517,101.99770613491613,0.013812230973455462,0.016,4.64727,True,True,False,False,-80.25149250591325,0.0,183.2090976673163,183.2087962869944,2.7003676839926865,-211.41805774647887,77.4487113859113
2025-02-19T11:15:00Z,2025-02-19T11:30:00Z,2025-02-19,2025-02-19_13,-2.958580368881594,100,97,0,101.99770613491613,102.67839852087592,0.0023391013499958384,0.0765,0.09021,True,True,False,False,-80.25149250591325,0.0,183.2090976673163,183.2087962869944,13.049773964758593,-6.543129533262342,292.6730458798937
2025-02-19T11:30:00Z,2025-02-19T11:45:00Z,2025-02-19,2025-02-19_13,-2.958580368881594,100,97,0,102.67839852087592,105.98590798873983,0.009193386288730116,0.001,2.8566499999999997,True,True,False,False,-80.25149250591325,0.0,183.2090976673163,183.2087962869944,0.1687729802495429,-205.36185998874845,80.97331443989857
2025-02-19T11:45:00Z,2025-02-19T12:00:00Z,2025-02-19,2025-02-19_13,-2.958580368881594,100,97,0,105.98590798873983,106.68345516521346,0.002251140463046604,0.0535,0.08148,True,True,False,False,-80.25149250591325,0.0,183.2090976673163,183.2087962869944,9.029354443350545,-5.909923449398244,289.2858324423498
2025-02-19T12:00:00Z,2025-02-19T12:15:00Z,2025-02-19,2025-02-19_14,0.0,100,100,0,106.68345516521346,107.5262169043439,0.004735328502415459,0.39649999999999996,1.3845,True,True,False,False,0.0,0.0,183.2090976673163,188.87504771855095,71.65018133049365,-100.3535092724679,343.380817443893
2025-02-19T12:15:00Z,2025-02-19T12:30:00Z,2025-02-19,2025-02-19_14,0.0,100,100,0,107.5262169043439,111.13606907825694,0.0104681884057971,0.073,4.01,True,True,False,False,0.0,0.0,183.2090976673163,188.87504771855095,13.055795744509853,-267.5624178738623,117.57752325651484
2025-02-19T12:30:00Z,2025-02-19T12:45:00Z,2025-02-19,2025-02-19_14,0.0,100,100,0,111.13606907825694,119.10694907825693,0.022141333333333332,0.0,8.664,True,True,False,False,0.0,0.0,183.2090976673163,188.87504771855095,0.0,-443.481003797392,-71.39685841152476
2025-02-19T12:45:00Z,2025-02-19T13:00:00Z,2025-02-19,2025-02-19_14,0.0,100,100,0,119.10694907825693,134.26808907825693,0.04211427777777778,0.0,16.4795,True,True,False,False,0.0,0.0,183.2090976673163,188.87504771855095,0.0,2889.218481143638,3261.3026265295057
2025-02-19T13:00:00Z,2025-02-19T13:15:00Z,2025-02-19,2025-02-19_15,0.0,100,100,0,134.26808907825693,154.28222907825693,0.055594833333333336,0.0,21.7545,True,True,False,False,0.0,0.0,183.2090976673163,188.87504771855095,0.0,17082.761446726006,17454.845592111873
2025-02-19T13:15:00Z,2025-02-19T13:30:00Z,2025-02-19,2025-02-19_15,0.0,100,100,0,154.28222907825693,163.90818907825692,0.026738777777777775,0.0,10.463,True,True,False,False,0.0,0.0,183.2090976673163,188.87504771855095,0.0,-471.8514273372043,-99.76728195133705
2025-02-19T13:30:00Z,2025-02-19T13:45:00Z,2025-02-19,2025-02-19_15,0.0,100,100,0,163.90818907825692,169.34630907825692,0.015105888888888887,0.0,5.911,True,True,False,False,0.0,0.0,183.2090976673163,188.87504771855095,0.0,-255.58355930160133,116.50058608426593
2025-02-19T13:45:00Z,2025-02-19T14:00:00Z,2025-02-19,2025-02-19_15,0.0,100,100,0,169.34630907825692,169.48362733912649,0.0017371159420289854,0.2245,0.4144999999999999,True,True,False,False,0.0,0.0,183.2090976673163,188.87504771855095,40.08356362138594,-30.03669657029193,382.13101243696127
2025-02-19T14:00:00Z,2025-02-19T14:15:00Z,2025-02-19,2025-02-19_16,1.0,99,100,0,169.48362733912649,184.58257154782214,0.042444108309178746,0.0,16.677,True,True,False,False,37.4725,0.0,181.37700669064316,188.87504771855095,0.0,9193.643993490185,9601.36854789938
2025-02-19T14:15:00Z,2025-02-19T14:30:00Z,2025-02-19,2025-02-19_16,1.0,99,100,0,184.58257154782214,187.53805839999603,0.009507904299516907,0.0,3.5014999999999996,True,True,False,False,37.4725,0.0,181.37700669064316,188.87504771855095,0.0,-227.37061411263588,180.35394029655822
2025-02-19T14:30:00Z,2025-02-19T14:45:00Z,2025-02-19,2025-02-19_16,1.0,99,100,0,187.53805839999603,187.01535533912647,0.007683342946859903,1.27512,1.2315,True,True,False,False,37.4725,0.0,181.37700669064316,188.87504771855095,230.50001780956782,-89.10120612404815,549.1233660947138
2025-02-19T14:45:00Z,2025-02-19T15:00:00Z,2025-02-19,2025-02-19_16,1.0,99,100,0,187.01535533912647,177.40853043477867,0.026915854734299513,8.62686,0.0455,True,True,False,False,37.4725,0.0,181.37700669064316,188.87504771855095,1700.2944627835486,-3.296192561933656,2104.722824630809
2025-02-19T15:00:00Z,2025-02-19T15:15:00Z,2025-02-19,2025-02-19_17,0.0,100,100,0,177.40853043477867,189.66465999999608,0.03433164009661836,0.0475,13.378,True,True,False,False,0.0,0.0,183.2090976673163,188.87504771855095,8.589339173414237,8456.846885535755,8837.520370095037
2025-02-19T15:15:00Z,2025-02-19T15:30:00Z,2025-02-19,2025-02-19_17,0.0,100,100,0,189.66465999999608,189.91521739130042,0.0011670072463768116,0.078,0.3645,True,True,False,False,0.0,0.0,183.2090976673163,188.87504771855095,13.622394165276969,-26.379837053705973,359.32670249743825
2025-02-19T15:30:00Z,2025-02-19T15:45:00Z,2025-02-19,2025-02-19_17,0.0,100,100,0,189.91521739130042,188.94920956521347,0.002757466183574879,0.901,0.0145,True,True,False,False,0.0,0.0,183.2090976673163,188.87504771855095,161.79295975568104,-1.0578436237969904,532.8192615177513
2025-02-19T15:45:00Z,2025-02-19T16:00:00Z,2025-02-19,2025-02-19_17,0.0,100,100,0,188.94920956521347,172.18290521738737,0.04657306763285024,15.425,0.0,True,True,False,False,0.0,0.0,183.2090976673163,188.87504771855095,6415.9427628538715,0.0,6788.026908239739
2025-02-19T16:00:00Z,2025-02-19T16:15:00Z,2025-02-19,2025-02-19_18,19.650737602656168,80,100,0,172.18290521738737,170.8840416695324,0.02287677874597893,0.3952,4.692,True,True,False,False,1347.5984579461533,0.0,147.24237005485122,187.4585602057423,71.4440068312873,-290.90192602117696,1462.8414690168572
2025-02-19T16:15:00Z,2025-02-19T16:30:00Z,2025-02-19,2025-02-19_18,19.650737602656168,80,100,0,170.8840416695324,163.19510156141686,0.021382807407456128,2.1664000000000003,0.006,True,True,False,False,1347.5984579461533,0.0,147.24237005485122,187.4585602057423,399.18371678286553,-0.4351931847863214,2081.047911804826
2025-02-19T16:30:00Z,2025-02-19T16:45:00Z,2025-02-19,2025-02-19_18,19.650737602656168,80,100,0,163.19510156141686,146.36957503895593,0.04673757367350254,10.5668,0.0,True,True,False,False,1347.5984579461533,0.0,147.24237005485122,187.4585602057423,3765.7008617869847,0.0,5448.000249993732
2025-02-19T16:45:00Z,2025-02-19T17:00:00Z,2025-02-19,2025-02-19_18,19.650737602656168,80,100,0,146.36957503895593,135.51327565217014,0.030289856238053865,5.1036,0.0325,True,True,False,False,1347.5984579461533,0.0,147.24237005485122,187.4585602057423,1107.2702718450503,-2.3577992204295675,2787.2118608313676
2025-02-19T17:00:00Z,2025-02-19T17:15:00Z,2025-02-19,2025-02-19_19,100.0,0,100,0,135.51327565217014,108.35023217390926,0.07545289855072464,0.0,0.01,True,True,False,False,7056.999999999999,0.0,0.0,187.4585602057423,0.0,-0.7338610837636376,7243.724699121978
2025-02-19T17:15:00Z,2025-02-19T17:30:00Z,2025-02-19,2025-02-19_19,100.0,0,100,0,108.35023217390926,81.21599304347448,0.07537288647342993,0.0,0.0365,True,True,False,False,7056.999999999999,0.0,0.0,187.4585602057423,0.0,-2.651444013582206,7241.807116192159
2025-02-19T17:30:00Z,2025-02-19T17:45:00Z,2025-02-19,2025-02-19_19,100.0,0,100,0,81.21599304347448,54.050232173909265,0.07546044685990339,0.0,0.0075,True,True,False,False,7056.999999999999,0.0,0.0,187.4585602057423,0.0,-0.5439914809829017,7243.914568724758
2025-02-19T17:45:00Z,2025-02-19T18:00:00Z,2025-02-19,2025-02-19_19,100.0,0,100,0,54.050232173909265,26.89099304347448,0.0754423309178744,0.0,0.0135,True,True,False,False,7056.999999999999,0.0,0.0,187.4585602057423,0.0,-0.982198167607643,7243.476362038134
2025-02-19T18:00:00Z,2025-02-19T18:15:00Z,2025-02-19,2025-02-19_20,1.469050964891208e-13,100,100,0,26.89099304347448,17.802406086952704,0.02524607487922716,8.3615,0.0,True,True,False,False,8.29022185762231e-12,0.0,183.63103011794016,187.4585602057423,2235.73819322497,0.0,2606.8277835486606
2025-02-19T18:15:00Z,2025-02-19T18:30:00Z,2025-02-19,2025-02-19_20,1.469050964891208e-13,100,100,0,17.802406086952704,13.748058260865708,0.0112620772946861,3.73,0.0,True,True,False,False,8.29022185762231e-12,0.0,183.63103011794016,187.4585602057423,674.4891603544232,0.0,1045.578750678114
2025-02-19T18:30:00Z,2025-02-19T18:45:00Z,2025-02-19,2025-02-19_20,1.469050964891208e-13,100,100,0,13.748058260865708,12.431856521735234,0.004019004830917984,1.271,0.071,True,True,False,False,8.29022185762231e-12,0.0,183.63103011794016,187.4585602057423,229.39263165297058,-5.209557774607703,595.2726642020536
2025-02-19T18:45:00Z,2025-02-19T19:00:00Z,2025-02-19,2025-02-19_20,1.469050964891208e-13,100,100,0,12.431856521735234,12.477916521735196,0.0004751666666667766,0.057499999999999996,0.11799999999999998,True,True,False,False,8.29022185762231e-12,0.0,183.63103011794016,187.4585602057423,9.788828836069195,-8.659750457093486,372.21866870266643
2025-02-19T19:00:00Z,2025-02-19T19:15:00Z,2025-02-19,2025-02-19_21,0.0,100,100,0,12.477916521735196,10.534438260865631,0.005398550724637681,1.788,0.0,True,True,False,False,0.0,0.0,184.02282453637662,188.57366739667677,322.850557151755,0.0,695.4470490848084
2025-02-19T19:15:00Z,2025-02-19T19:30:00Z,2025-02-19,2025-02-19_21,0.0,100,100,0,10.534438260865631,9.999999999996065,0.0016736618357487923,0.523,0.037,True,True,False,False,0.0,0.0,184.02282453637662,188.57366739667677,93.98248317293204,-2.720861545880131,463.85811356010527
2025-02-19T19:30:00Z,2025-02-19T19:45:00Z,2025-02-19,2025-02-19_21,0.0,100,100,0,9.999999999996065,10.616257391300413,0.002182840579710145,0.078,0.762,True,True,False,False,0.0,0.0,184.02282453637662,188.57366739667677,13.610342568965862,-55.44085471459284,330.76597978742643
2025-02-19T19:45:00Z,2025-02-19T20:00:00Z,2025-02-19,2025-02-19_21,0.0,100,100,0,10.616257391300413,16.509317391300414,0.016369611111111113,0.0,6.4055,True,True,False,False,0.0,0.0,184.02282453637662,188.57366739667677,0.0,-351.65321130778966,20.943280625263725
2025-02-19T20:00:00Z,2025-02-19T20:15:00Z,2025-02-19,2025-02-19_22,-34.92682605620175,100,65,0,16.509317391300414,15.092319354184099,0.03237480399277279,9.2405,0.0598,True,True,False,False,-1595.1954630518742,0.0,183.6611681501276,122.5728838078399,2206.5859503526153,-4.34166671354805,913.2828725451606
2025-02-19T20:15:00Z,2025-02-19T20:30:00Z,2025-02-19,2025-02-19_22,-34.92682605620175,100,65,0,15.092319354184099,17.803285768143887,0.027861899578947004,5.174,0.0,True,True,False,False,-1595.1954630518742,0.0,183.6611681501276,122.5728838078399,941.2550862952321,0.0,-347.7063247986746
2025-02-19T20:30:00Z,2025-02-19T20:45:00Z,2025-02-19,2025-02-19_22,-34.92682605620175,100,65,0,17.803285768143887,25.74786984822627,0.022543763389552485,0.121,0.039,True,True,False,False,-1595.1954630518742,0.0,183.6611681501276,122.5728838078399,21.072515521086576,-2.8679351429547326,-1270.7568307157749
2025-02-19T20:45:00Z,2025-02-19T21:00:00Z,2025-02-19,2025-02-19_22,-34.92682605620175,100,65,0,25.74786984822627,33.762881756517785,0.02351548029483755,0.3185,0.336375,True,True,False,False,-1595.1954630518742,0.0,183.6611681501276,122.5728838078399,56.99102861103855,-24.41106173775893,-1256.3814442206271
2025-02-19T21:00:00Z,2025-02-19T21:15:00Z,2025-02-19,2025-02-19_23,-13.999999999999998,100,86,0,33.762881756517785,22.59190215651779,0.03926255666666667,13.5355,0.0055899999999999995,True,True,False,False,-625.9749999999999,0.0,183.6611681501276,162.17335396114203,6535.048508569247,-0.40718237929718104,6254.50084830122
2025-02-19T21:15:00Z,2025-02-19T21:30:00Z,2025-02-19,2025-02-19_23,-13.999999999999998,100,86,0,22.59190215651779,14.505487234778661,0.03274443922705314,10.6305,0.0,True,True,False,False,-625.9749999999999,0.0,183.6611681501276,162.17335396114203,2410.0548778405096,0.0,2129.914399951779
2025-02-19T21:30:00Z,2025-02-19T21:45:00Z,2025-02-19,2025-02-19_23,-13.999999999999998,100,86,0,14.505487234778661,12.72824434782214,0.019463636908212557,4.6985,0.0,True,True,False,False,-625.9749999999999,0.0,183.6611681501276,162.17335396114203,849.6212653955114,0.0,569.4807875067811
2025-02-19T21:45:00Z,2025-02-19T22:00:00Z,2025-02-19,2025-02-19_23,-13.999999999999998,100,86,0,12.72824434782214,12.842680399996052,0.015502902077294687,2.924,0.00473,True,True,False,False,-625.9749999999999,0.0,183.6611681501276,162.17335396114203,596.2278692411243,-0.34782905708143297,315.73956229531257
2025-02-19T22:00:00Z,2025-02-19T22:15:00Z,2025-02-20,2025-02-19_24,-9.762667461326243,33,90,0,12.842680399996052,12.345328818346298,0.009858966156108541,2.6434650000000004,0.0,True,True,False,False,-416.30454721960433,0.0,60.59702242224544,170.4994776179378,547.7865800751428,0.0,362.57853289572165
2025-02-19T22:15:00Z,2025-02-19T22:30:00Z,2025-02-20,2025-02-19_24,-9.762667461326243,33,90,0,12.345328818346298,11.41142202795335,0.010435419017498764,3.0642150000000004,0.0,True,True,False,False,-416.30454721960433,0.0,60.59702242224544,170.4994776179378,603.0239923179699,0.0,417.81594513854884
2025-02-19T22:30:00Z,2025-02-19T22:45:00Z,2025-02-20,2025-02-19_24,-9.762667461326243,33,90,0,11.41142202795335,12.94482255850429,0.007177443080888606,0.6862349999999999,0.0,True,True,False,False,-416.30454721960433,0.0,60.59702242224544,170.4994776179378,123.8891872729647,0.0,-61.31885990645639
2025-02-19T22:45:00Z,2025-02-19T23:00:00Z,2025-02-20,2025-02-19_24,-9.762667461326243,33,90,0,12.94482255850429,14.991068214914897,0.006632592813468074,0.22308,0.0351,True,True,False,False,-416.30454721960433,0.0,60.59702242224544,170.4994776179378,40.13346888210239,-2.572500241099413,-147.64707853841813
2025-02-19T23:00:00Z,2025-02-19T23:15:00Z,2025-02-20,2025-02-20_1,0.0,100,100,0,14.991068214914897,10.802230823610548,0.01164332608695652,3.855,0.0015,True,True,False,False,0.0,0.0,182.84376758016555,189.4438640199309,696.9640480591497,-0.11030298159607813,1069.14137667765
2025-02-19T23:15:00Z,2025-02-19T23:30:00Z,2025-02-20,2025-02-20_1,0.0,100,100,0,10.802230823610548,10.04311951926272,0.002154642512077294,0.706,0.009,True,True,False,False,0.0,0.0,182.84376758016555,189.4438640199309,126.7459507353532,-0.6618178895764687,498.37176444587317
2025-02-19T23:30:00Z,2025-02-19T23:45:00Z,2025-02-20,2025-02-20_1,0.0,100,100,0,10.04311951926272,11.051945606219244,0.002883816425120773,0.0135,1.1125,True,True,False,False,0.0,0.0,182.84376758016555,189.4438640199309,2.278389455918991,-80.97320029333763,293.59282076267783
2025-02-19T23:45:00Z,2025-02-20T00:00:00Z,2025-02-20,2025-02-20_1,0.0,100,100,0,11.051945606219244,13.693265606219244,0.007337,0.0,2.871,True,True,False,False,0.0,0.0,182.84376758016555,189.4438640199309,0.0,-184.33594330145465,187.9516882986418
2025-02-20T00:00:00Z,2025-02-20T00:15:00Z,2025-02-20,2025-02-20_2,0.0,100,100,0,13.693265606219244,17.246305606219245,0.009869555555555557,0.0,3.862,True,True,False,False,0.0,0.0,180.8245599935707,189.4438640199309,0.0,-251.95957405770315,118.30884995579845
2025-02-20T00:15:00Z,2025-02-20T00:30:00Z,2025-02-20,2025-02-20_2,0.0,100,100,0,17.246305606219245,20.461245606219244,0.008930388888888887,0.0,3.4944999999999995,True,True,False,False,0.0,0.0,180.8245599935707,189.4438640199309,0.0,-252.92858484690183,117.33983916659977
2025-02-20T00:30:00Z,2025-02-20T00:45:00Z,2025-02-20,2025-02-20_2,0.0,100,100,0,20.461245606219244,20.718336910567068,0.0013814130434782607,0.11050000000000001,0.4099999999999999,True,True,False,False,0.0,0.0,180.8245599935707,189.4438640199309,19.354261934420965,-29.753090090814105,359.86959585710844
2025-02-20T00:45:00Z,2025-02-20T01:00:00Z,2025-02-20,2025-02-20_2,0.0,100,100,0,20.718336910567068,20.61884299752359,0.0003607053140096618,0.1055,0.0165,True,True,False,False,0.0,0.0,180.8245599935707,189.4438640199309,17.805191674033594,-1.2133327975568595,386.86028288997835
2025-02-20T01:00:00Z,2025-02-20T01:15:00Z,2025-02-20,2025-02-20_3,-80.38395408956411,100,19,0,20.61884299752359,38.891877999752026,0.05103857517876365,0.2365,0.010925,True,True,False,False,-2408.9061441790127,0.0,181.3368962468858,35.994334163786874,41.39073113397091,-0.7940972735674677,-2150.9782799079367
2025-02-20T01:15:00Z,2025-02-20T01:30:00Z,2025-02-20,2025-02-20_3,-80.38395408956411,100,19,0,38.891877999752026,55.557576177754214,0.04855963840668867,1.913,0.0,True,True,False,False,-2408.9061441790127,0.0,181.3368962468858,35.994334163786874,345.5618570682312,0.0,-1846.0130567001088
2025-02-20T01:30:00Z,2025-02-20T01:45:00Z,2025-02-20,2025-02-20_3,-80.38395408956411,100,19,0,55.557576177754214,72.22232160548845,0.04855817642200175,1.9140000000000001,0.0,True,True,False,False,-2408.9061441790127,0.0,181.3368962468858,35.994334163786874,345.290645342763,0.0,-1846.284268425577
2025-02-20T01:45:00Z,2025-02-20T02:00:00Z,2025-02-20,2025-02-20_3,-80.38395408956411,100,19,0,72.22232160548845,90.54937999999997,0.05111223707995923,0.172,0.0028499999999999997,True,True,False,False,-2408.9061441790127,0.0,181.3368962468858,35.994334163786874,29.19714859760508,-0.2095756650325484,-2162.5873408357675
2025-02-20T02:00:00Z,2025-02-20T02:15:00Z,2025-02-20,2025-02-20_4,-100.0,100,0,0,90.54937999999997,106.85959999999997,0.04530616666666666,7.2715000000000005,0.0,True,True,False,False,-2886.5,0.0,181.3368962468858,0.0,1385.5106048581533,0.0,-1319.652498894961
2025-02-20T02:15:00Z,2025-02-20T02:30:00Z,2025-02-20,2025-02-20_4,-100.0,100,0,0,106.85959999999997,129.72619999999998,0.06351833333333333,0.145,0.0,True,True,False,False,-2886.5,0.0,181.3368962468858,0.0,25.06228803343245,0.0,-2680.1008157196816
2025-02-20T02:30:00Z,2025-02-20T02:45:00Z,2025-02-20,2025-02-20_4,-100.0,100,0,0,129.72619999999998,152.68985999999998,0.06378794444444445,0.0395,0.0,True,True,False,False,-2886.5,0.0,181.3368962468858,0.0,6.66639877842964,0.0,-2698.4967049746847
2025-02-20T02:45:00Z,2025-02-20T03:00:00Z,2025-02-20,2025-02-20_4,-100.0,100,0,0,152.68985999999998,175.68433999999996,0.06387355555555554,0.006,0.0,True,True,False,False,-2886.5,0.0,181.3368962468858,0.0,1.012617535963996,0.0,-2704.15048621715
2025-02-20T03:00:00Z,2025-02-20T03:15:00Z,2025-02-20,2025-02-20_5,0.0,100,100,0,175.68433999999996,187.65031999999997,0.033238833333333336,0.0,13.0065,True,True,False,False,0.0,0.0,183.62734067347102,189.4438640199309,0.0,-543.5960212569316,-170.5248165635297
2025-02-20T03:15:00Z,2025-02-20T03:30:00Z,2025-02-20,2025-02-20_5,0.0,100,100,0,187.65031999999997,189.97193999999996,0.006448944444444444,0.0,2.5235,True,True,False,False,0.0,0.0,183.62734067347102,189.4438640199309,0.0,-182.68554066543436,190.38566402796758
2025-02-20T03:30:00Z,2025-02-20T03:45:00Z,2025-02-20,2025-02-20_5,0.0,100,100,0,189.97193999999996,189.82771739130433,0.0005565072463768117,0.1585,0.0305,True,True,False,False,0.0,0.0,183.62734067347102,189.4438640199309,27.334658040665435,-2.2428272924535886,398.1630354416138
2025-02-20T03:45:00Z,2025-02-20T04:00:00Z,2025-02-20,2025-02-20_5,0.0,100,100,0,189.82771739130433,187.2367913043478,0.007235350241545894,2.39,0.0075,True,True,False,False,0.0,0.0,183.62734067347102,189.4438640199309,431.5800650968416,-0.5430764285140239,804.1081933617295
2025-02-20T04:00:00Z,2025-02-20T04:15:00Z,2025-02-20,2025-02-20_6,-3.6098396596588005,100,96,0,187.2367913043478,189.4348215210732,0.0063617486125811026,0.044,1.5384000000000002,True,True,False,False,-138.54564613770478,0.0,183.62734067347102,181.86610945913364,7.522300892067829,-92.40352680221814,142.06657808474958
2025-02-20T04:15:00Z,2025-02-20T04:30:00Z,2025-02-20,2025-02-20_6,-3.6098396596588005,100,96,0,189.4348215210732,189.95234665270684,0.0031430237339895887,0.293,0.004319999999999999,True,True,False,False,-138.54564613770478,0.0,183.62734067347102,181.86610945913364,51.149257011974605,-0.3176725869967049,277.77938841987776
2025-02-20T04:30:00Z,2025-02-20T04:45:00Z,2025-02-20,2025-02-20_6,-3.6098396596588005,100,96,0,189.95234665270684,187.29227479500005,0.011653206769258042,3.2715,0.04991999999999999,True,True,False,False,-138.54564613770478,0.0,183.62734067347102,181.86610945913364,2494.0152602869084,-3.637614594551153,2717.3254496872573
2025-02-20T04:45:00Z,2025-02-20T05:00:00Z,2025-02-20,2025-02-20_6,-3.6098396596588005,100,96,0,187.29227479500005,161.85378534363056,0.07079125373357338,24.302,0.0,True,True,False,False,-138.54564613770478,0.0,183.62734067347102,181.86610945913364,28594.14568753516,0.0,28821.09349153006
2025-02-20T05:00:00Z,2025-02-20T05:15:00Z,2025-02-20,2025-02-20_7,41.000000000000085,59,100,0,161.85378534363056,149.33591850884793,0.03480803898550731,1.27735,0.012,True,True,False,False,2193.1925000000047,0.0,108.3401309973479,188.35891665996948,255.93888179096683,-0.8703688821023869,2744.9600605661863
2025-02-20T05:15:00Z,2025-02-20T05:30:00Z,2025-02-20,2025-02-20_7,41.000000000000085,59,100,0,149.33591850884793,137.19193481319573,0.033733288043478325,0.922465,0.0,True,True,False,False,2193.1925000000047,0.0,108.3401309973479,188.35891665996948,166.2282967893595,0.0,2656.1198444466813
2025-02-20T05:30:00Z,2025-02-20T05:45:00Z,2025-02-20,2025-02-20_7,41.000000000000085,59,100,0,137.19193481319573,123.30905437841311,0.03856355676328509,2.52225,0.0,True,True,False,False,2193.1925000000047,0.0,108.3401309973479,188.35891665996948,456.0847464437837,0.0,2945.976294101106
2025-02-20T05:45:00Z,2025-02-20T06:00:00Z,2025-02-20,2025-02-20_7,41.000000000000085,59,100,0,123.30905437841311,103.52168481319569,0.05496491545893726,7.95438,0.0,True,True,False,False,2193.1925000000047,0.0,108.3401309973479,188.35891665996948,2325.9066112593423,0.0,4815.798158916665
2025-02-20T06:00:00Z,2025-02-20T06:15:00Z,2025-02-20,2025-02-20_8,99.99999999999991,0,100,0,103.52168481319569,76.4450543784131,0.07521286231884051,0.0,0.0895,True,True,False,False,7630.249999999993,0.0,0.0,189.26303945993732,0.0,-6.517125592702724,7812.9959138672275
2025-02-20T06:15:00Z,2025-02-20T06:30:00Z,2025-02-20,2025-02-20_8,99.99999999999991,0,100,0,76.4450543784131,49.33744568276096,0.07529891304347819,0.0,0.061,True,True,False,False,7630.249999999993,0.0,0.0,189.26303945993732,0.0,-4.461547255485011,7815.051492204445
2025-02-20T06:30:00Z,2025-02-20T06:45:00Z,2025-02-20,2025-02-20_8,99.99999999999991,0,100,0,49.33744568276096,22.5586413349349,0.07438556763285016,0.0,0.3635,True,True,False,False,7630.249999999993,0.0,0.0,189.26303945993732,0.0,-26.353676966969385,7793.159362492961
2025-02-20T06:45:00Z,2025-02-20T07:00:00Z,2025-02-20,2025-02-20_8,99.99999999999991,0,100,0,22.5586413349349,10.192336987108835,0.034350845410628016,0.0,13.623,True,True,False,False,7630.249999999993,0.0,0.0,189.26303945993732,0.0,6305.309697420235,14124.822736880165
2025-02-20T07:00:00Z,2025-02-20T07:15:00Z,2025-02-20,2025-02-20_9,3.507845700713258,96,100,0,10.192336987108835,17.967630927966727,0.02489670582450606,0.0,9.4275,True,True,False,False,155.80973641143115,0.0,176.2533151169332,189.26303945993732,0.0,1325.733190347987,1847.0592813362887
2025-02-20T07:15:00Z,2025-02-20T07:30:00Z,2025-02-20,2025-02-20_9,3.507845700713258,96,100,0,17.967630927966727,19.523946239974492,0.009044603327198393,0.0,2.7105,True,True,False,False,155.80973641143115,0.0,176.2533151169332,189.26303945993732,0.0,-196.17578668729405,325.1503043010076
2025-02-20T07:30:00Z,2025-02-20T07:45:00Z,2025-02-20,2025-02-20_9,3.507845700713258,96,100,0,19.523946239974492,19.37838930767545,0.004801043429341167,0.01632,0.8915,True,True,False,False,155.80973641143115,0.0,176.2533151169332,189.26303945993732,2.7658911195049427,-64.59882222936591,459.4931598784407
2025-02-20T07:45:00Z,2025-02-20T08:00:00Z,2025-02-20,2025-02-20_9,3.507845700713258,96,100,0,19.37838930767545,31.172363721739238,0.03514027451433246,0.0,13.767999999999999,True,True,False,False,155.80973641143115,0.0,176.2533151169332,189.26303945993732,0.0,6828.645292935787,7349.971383924089
2025-02-20T08:00:00Z,2025-02-20T08:15:00Z,2025-02-20,2025-02-20_10,-1.0,100,99,0,31.172363721739238,13.365314130434893,0.05114412553140096,16.829,0.24700499999999997,True,True,False,False,-29.9625,0.0,183.59720324680546,188.4743430040987,17877.23855219802,-17.86582817648477,18201.48177027244
2025-02-20T08:15:00Z,2025-02-20T08:30:00Z,2025-02-20,2025-02-20_10,-1.0,100,99,0,13.365314130434893,10.20118560000011,0.009919721473429953,3.1295,0.002475,True,True,False,False,-29.9625,0.0,183.59720324680546,188.4743430040987,615.0820606967774,-0.179016314393635,957.0120906332879
2025-02-20T08:30:00Z,2025-02-20T08:45:00Z,2025-02-20,2025-02-20_10,-1.0,100,99,0,10.20118560000011,12.21184663478272,0.005692778236714975,0.018,1.956735,True,True,False,False,-29.9625,0.0,183.59720324680546,188.4743430040987,3.0378526078919874,4.304093622920518,349.4509924817167
2025-02-20T08:45:00Z,2025-02-20T09:00:00Z,2025-02-20,2025-02-20_10,-1.0,100,99,0,12.21184663478272,21.530264434782723,0.02588449388888889,0.0,9.878715,True,True,False,False,-29.9625,0.0,183.59720324680546,188.4743430040987,0.0,-342.2201074931688,-0.11106124226466108
2025-02-20T09:00:00Z,2025-02-20T09:15:00Z,2025-02-20,2025-02-20_11,-1.6120230483609619,100,98,0,21.530264434782723,14.448474252619512,0.022407638791091523,7.0825,0.24647,True,True,False,False,-42.10201196556742,0.0,182.6328055935064,186.57056176163303,2151.631681969782,-18.01332620750623,2460.719711151848
2025-02-20T09:15:00Z,2025-02-20T09:30:00Z,2025-02-20,2025-02-20_11,-1.6120230483609619,100,98,0,14.448474252619512,10.393269235412227,0.012987940285329428,4.082,0.0,True,True,False,False,-42.10201196556742,0.0,182.6328055935064,186.57056176163303,738.782785903721,0.0,1065.884141293293
2025-02-20T09:30:00Z,2025-02-20T09:45:00Z,2025-02-20,2025-02-20_11,-1.6120230483609619,100,98,0,10.393269235412227,10.436224522387615,0.002145304549600049,0.341,0.04557,True,True,False,False,-42.10201196556742,0.0,182.6328055935064,186.57056176163303,61.09457727236198,-3.3555824559993574,384.8403502059346
2025-02-20T09:45:00Z,2025-02-20T10:00:00Z,2025-02-20,2025-02-20_11,-1.6120230483609619,100,98,0,10.436224522387615,11.546649565217933,0.0031171911741200856,0.0055,0.81046,True,True,False,False,-42.10201196556742,0.0,182.6328055935064,186.57056176163303,0.9282327413003295,-59.41962100779555,268.6099671230768
2025-02-20T10:00:00Z,2025-02-20T10:15:00Z,2025-02-20,2025-02-20_12,-50.00000000000001,100,50,0,11.546649565217933,23.15180565217446,0.03231806642512078,0.027,0.14375,True,True,False,False,-1128.5000000000002,0.0,182.6328055935064,95.18906212328217,4.592945632082295,-10.454193622920517,-856.5393802740499
2025-02-20T10:15:00Z,2025-02-20T10:30:00Z,2025-02-20,2025-02-20_12,-50.00000000000001,100,50,0,23.15180565217446,34.63795130434838,0.03206598429951691,0.053,0.04275,True,True,False,False,-1128.5000000000002,0.0,182.6328055935064,95.18906212328217,9.173828055935065,-3.1371587438720567,-844.6414629711487
2025-02-20T10:30:00Z,2025-02-20T10:45:00Z,2025-02-20,2025-02-20_12,-50.00000000000001,100,50,0,34.63795130434838,46.142184347826635,0.03213585265700483,0.05949999999999999,0.0695,True,True,False,False,-1128.5000000000002,0.0,182.6328055935064,95.18906212328217,10.071927891183796,-5.081213533713735,-845.6874179257416
2025-02-20T10:45:00Z,2025-02-20T11:00:00Z,2025-02-20,2025-02-20_12,-50.00000000000001,100,50,0,46.142184347826635,57.844546956522294,0.0325911038647343,0.028000000000000004,0.2505,True,True,False,False,-1128.5000000000002,0.0,182.6328055935064,95.18906212328217,4.725548501165315,-18.162155931045568,-864.1147397130919
2025-02-20T11:00:00Z,2025-02-20T11:15:00Z,2025-02-20,2025-02-20_13,0.0,100,100,0,57.844546956522294,61.2577469565223,0.009481111111111112,0.0,3.71,True,True,False,False,0.0,0.0,182.6328055935064,190.37812424656434,0.0,-267.02056377079487,105.99036606927586
2025-02-20T11:15:00Z,2025-02-20T11:30:00Z,2025-02-20,2025-02-20_13,0.0,100,100,0,61.2577469565223,66.8449069565223,0.01551988888888889,0.0,6.073,True,True,False,False,0.0,0.0,182.6328055935064,190.37812424656434,0.0,-369.90490235473766,3.1060274853330725
2025-02-20T11:30:00Z,2025-02-20T11:45:00Z,2025-02-20,2025-02-20_13,0.0,100,100,0,66.8449069565223,80.2736869565223,0.03730216666666667,0.0,14.5965,True,True,False,False,0.0,0.0,182.6328055935064,190.37812424656434,0.0,6531.0040926625425,6904.015022502614
2025-02-20T11:45:00Z,2025-02-20T12:00:00Z,2025-02-20,2025-02-20_13,0.0,100,100,0,80.2736869565223,93.0626069565223,0.03552477777777778,0.0,13.901,True,True,False,False,0.0,0.0,182.6328055935064,190.37812424656434,0.0,3787.5923878887725,4160.603317728843
2025-02-20T12:00:00Z,2025-02-20T12:15:00Z,2025-02-20,2025-02-20_14,0.0,100,100,0,93.0626069565223,115.5027869565223,0.06233383333333334,0.0,24.3915,True,True,False,False,0.0,0.0,182.6328055935064,190.37812424656434,0.0,24499.005492144177,24872.016421984248
2025-02-20T12:15:00Z,2025-02-20T12:30:00Z,2025-02-20,2025-02-20_14,0.0,100,100,0,115.5027869565223,132.0526669565223,0.045971888888888895,0.0,17.989,True,True,False,False,0.0,0.0,182.6328055935064,190.37812424656434,0.0,13112.423967692679,13485.43489753275
2025-02-20T12:30:00Z,2025-02-20T12:45:00Z,2025-02-20,2025-02-20_14,0.0,100,100,0,132.0526669565223,142.6151869565223,0.029340333333333336,0.0,11.481,True,True,False,False,0.0,0.0,182.6328055935064,190.37812424656434,0.0,1231.0611357791527,1604.0720656192234
2025-02-20T12:45:00Z,2025-02-20T13:00:00Z,2025-02-20,2025-02-20_14,0.0,100,100,0,142.6151869565223,159.3789669565223,0.046566055555555555,0.0,18.2215,True,True,False,False,0.0,0.0,182.6328055935064,190.37812424656434,0.0,5255.2765364060115,5628.287466246082
2025-02-20T13:00:00Z,2025-02-20T13:15:00Z,2025-02-20,2025-02-20_15,0.0,100,100,0,159.3789669565223,177.0627469565223,0.04912161111111111,0.0,19.2215,True,True,False,False,0.0,0.0,182.6328055935064,190.37812424656434,0.0,16779.56390550912,17152.57483534919
2025-02-20T13:15:00Z,2025-02-20T13:30:00Z,2025-02-20,2025-02-20_15,0.0,100,100,0,177.0627469565223,177.84358000000054,0.0022444637681159427,0.0125,0.8635,True,True,False,False,0.0,0.0,182.6328055935064,190.37812424656434,2.2603069999196337,-62.45680302177932,312.81443381821106
2025-02-20T13:30:00Z,2025-02-20T13:45:00Z,2025-02-20,2025-02-20_15,0.0,100,100,0,177.84358000000054,189.97562000000053,0.03370011111111111,0.0,13.187,True,True,False,False,0.0,0.0,182.6328055935064,190.37812424656434,0.0,10001.059270473359,10374.07020031343
2025-02-20T13:45:00Z,2025-02-20T14:00:00Z,2025-02-20,2025-02-20_15,0.0,100,100,0,189.97562000000053,176.66032608695707,0.037122371980676326,12.2725,0.0265,True,True,False,False,0.0,0.0,182.6328055935064,190.37812424656434,11484.77869384393,-1.9167403359318493,11855.872883348069
2025-02-20T14:00:00Z,2025-02-20T14:15:00Z,2025-02-20,2025-02-20_16,-6.000000000000071,100,94,0,176.66032608695707,187.6478216869571,0.030520821111111162,0.0,10.44293,True,True,False,False,-221.8350000000026,0.0,183.59720324680546,178.95543679177047,0.0,3720.7333756750786,3861.451015713652
2025-02-20T14:15:00Z,2025-02-20T14:30:00Z,2025-02-20,2025-02-20_16,-6.000000000000071,100,94,0,187.6478216869571,189.7843452869571,0.0075014544444444884,0.276,1.14539,True,True,False,False,-221.8350000000026,0.0,183.59720324680546,178.95543679177047,49.90757855822552,-82.95769901551073,107.66751958128813
2025-02-20T14:30:00Z,2025-02-20T14:45:00Z,2025-02-20,2025-02-20_16,-6.000000000000071,100,94,0,189.7843452869571,184.25198662608756,0.021182216280193258,6.439,0.023969999999999998,True,True,False,False,-221.8350000000026,0.0,183.59720324680546,178.95543679177047,2795.669888893354,-1.738561841999518,2934.6489670899277
2025-02-20T14:45:00Z,2025-02-20T15:00:00Z,2025-02-20,2025-02-20_16,-6.000000000000071,100,94,0,184.25198662608756,178.4982926086963,0.021699823381642534,6.6385,0.016919999999999998,True,True,False,False,-221.8350000000026,0.0,183.59720324680546,178.95543679177047,1881.360930040987,-1.2272201237643654,2020.851349955796
2025-02-20T15:00:00Z,2025-02-20T15:15:00Z,2025-02-20,2025-02-20_17,-9.859594955379498,100,90,0,178.4982926086963,186.08604391296862,0.021324755339737766,0.0455,5.8355999999999995,True,True,False,False,-558.1763194114218,0.0,183.59720324680546,171.3403118219079,8.227517479707465,-289.0469807120469,-484.05826757504786
2025-02-20T15:15:00Z,2025-02-20T15:30:00Z,2025-02-20,2025-02-20_17,-9.859594955379498,100,90,0,186.08604391296862,189.18009408275984,0.008975612087169,0.07,0.97965,True,True,False,False,-558.1763194114218,0.0,183.59720324680546,171.3403118219079,11.898256047576952,-70.92030640721691,-262.26085470234835
2025-02-20T15:30:00Z,2025-02-20T15:45:00Z,2025-02-20,2025-02-20_17,-9.859594955379498,100,90,0,189.18009408275984,190.00000000000014,0.009870865774776584,1.395,0.0495,True,True,False,False,-558.1763194114218,0.0,183.59720324680546,171.3403118219079,293.962924937716,-3.5902716386723466,87.13384895633526
2025-02-20T15:45:00Z,2025-02-20T16:00:00Z,2025-02-20,2025-02-20_17,-9.859594955379498,100,90,0,190.00000000000014,169.9007783561162,0.05790032774055791,20.894,0.0,True,True,False,False,-558.1763194114218,0.0,183.59720324680546,171.3403118219079,23427.14772241421,0.0,23223.908918071502
2025-02-20T16:00:00Z,2025-02-20T16:15:00Z,2025-02-20,2025-02-20_18,0.0,100,100,0,169.9007783561162,177.92401835611622,0.030342333333333332,1.334,10.297,True,True,False,False,0.0,0.0,183.59720324680546,189.26303945993732,333.57960258780037,-443.8414146508078,262.59843064373536
2025-02-20T16:15:00Z,2025-02-20T16:30:00Z,2025-02-20,2025-02-20_18,0.0,100,100,0,177.92401835611622,177.04883922568146,0.005398053140096618,1.2965,0.5805,True,True,False,False,0.0,0.0,183.59720324680546,189.26303945993732,234.21606445390984,-42.062457104396046,565.0138500562566
2025-02-20T16:30:00Z,2025-02-20T16:45:00Z,2025-02-20,2025-02-20_18,0.0,100,100,0,177.04883922568146,164.4178609648119,0.03508605072463768,11.6205,0.0,True,True,False,False,0.0,0.0,183.59720324680546,189.26303945993732,4421.963069597364,0.0,4794.823312304106
2025-02-20T16:45:00Z,2025-02-20T17:00:00Z,2025-02-20,2025-02-20_18,0.0,100,100,0,164.4178609648119,142.99394792133364,0.059510869565217395,19.71,0.0,True,True,False,False,0.0,0.0,183.59720324680546,189.26303945993732,8636.090229446276,0.0,9008.95047215302
2025-02-20T17:00:00Z,2025-02-20T17:15:00Z,2025-02-20,2025-02-20_19,0.0,100,100,0,142.99394792133364,135.70318705176842,0.020252113526570047,6.7075,0.0,True,True,False,False,0.0,0.0,183.59720324680546,189.26303945993732,1695.8417594229688,0.0,2068.7020021297117
2025-02-20T17:15:00Z,2025-02-20T17:30:00Z,2025-02-20,2025-02-20_19,0.0,100,100,0,135.70318705176842,117.7662305300293,0.04982487922705313,16.502,0.0,True,True,False,False,0.0,0.0,183.59720324680546,189.26303945993732,7627.085678694849,0.0,7999.9459214015915
2025-02-20T17:30:00Z,2025-02-20T17:45:00Z,2025-02-20,2025-02-20_19,0.0,100,100,0,117.7662305300293,101.27492618220322,0.04580917874396134,15.171999999999999,0.0,True,True,False,False,0.0,0.0,183.59720324680546,189.26303945993732,7012.370859117576,0.0,7385.231101824319
2025-02-20T17:45:00Z,2025-02-20T18:00:00Z,2025-02-20,2025-02-20_19,0.0,100,100,0,101.27492618220322,85.83036096481192,0.042901570048309176,14.209,0.0,True,True,False,False,0.0,0.0,183.59720324680546,189.26303945993732,6154.273838704493,0.0,6527.1340814112355
2025-02-20T18:00:00Z,2025-02-20T18:15:00Z,2025-02-20,2025-02-20_20,81.21979426611807,18,100,0,85.83036096481192,63.29509078380157,0.06259797272502873,0.4275,0.0,True,True,False,False,6430.983309991229,0.0,33.04749658442498,189.26303945993732,77.14626245680302,0.0,6730.440108492395
2025-02-20T18:15:00Z,2025-02-20T18:30:00Z,2025-02-20,2025-02-20_20,81.21979426611807,18,100,0,63.29509078380157,41.580059589508664,0.06084362403660493,0.20313,0.546,True,True,False,False,6430.983309991229,0.0,33.04749658442498,189.26303945993732,36.67555165956763,-39.60178413565861,6650.367613559501
2025-02-20T18:30:00Z,2025-02-20T18:45:00Z,2025-02-20,2025-02-20_20,81.21979426611807,18,100,0,41.580059589508664,21.342515749078128,0.05788222628321455,0.0,1.7365,True,True,False,False,6430.983309991229,0.0,33.04749658442498,189.26303945993732,0.0,-125.68761321626617,6527.606232819326
2025-02-20T18:45:00Z,2025-02-20T19:00:00Z,2025-02-20,2025-02-20_20,81.21979426611807,18,100,0,21.342515749078128,10.000000000000817,0.04126221999207956,0.0,10.163,True,True,False,False,6430.983309991229,0.0,33.04749658442498,189.26303945993732,0.0,2138.973359519409,8792.267205555001
2025-02-20T19:00:00Z,2025-02-20T19:15:00Z,2025-02-20,2025-02-20_21,0.0,100,100,0,10.000000000000817,14.283980000000817,0.011899944444444446,0.0,4.6565,True,True,False,False,0.0,0.0,183.62734067347102,189.4438640199309,0.0,-153.64990516756413,219.4212995258378
2025-02-20T19:15:00Z,2025-02-20T19:30:00Z,2025-02-20,2025-02-20_21,0.0,100,100,0,14.283980000000817,17.94633304347908,0.010179241545893721,0.001,3.982,True,True,False,False,0.0,0.0,183.62734067347102,189.4438640199309,0.16876958932733266,-260.2844876637467,112.95548661898258
2025-02-20T19:30:00Z,2025-02-20T19:45:00Z,2025-02-20,2025-02-20_21,0.0,100,100,0,17.94633304347908,21.695333043479078,0.01041388888888889,0.0,4.075,True,True,False,False,0.0,0.0,183.62734067347102,189.4438640199309,0.0,-261.5370238286587,111.53418086474326
2025-02-20T19:45:00Z,2025-02-20T20:00:00Z,2025-02-20,2025-02-20_21,0.0,100,100,0,21.695333043479078,30.029153043479077,0.023149500000000003,0.0,9.0585,True,True,False,False,0.0,0.0,183.62734067347102,189.4438640199309,0.0,-482.4199069758097,-109.34870228240774
2025-02-20T20:00:00Z,2025-02-20T20:15:00Z,2025-02-20,2025-02-20_22,-36.85390505407524,100,63,0,30.029153043479077,17.365982481461128,0.04349594275507372,20.6315,0.017955,True,True,False,False,-1659.3470750597378,0.0,183.62734067347102,119.34963433255646,24270.452731756814,-1.3022894398456963,22912.780342263257
2025-02-20T20:15:00Z,2025-02-20T20:30:00Z,2025-02-20,2025-02-20_22,-36.85390505407524,100,63,0,17.365982481461128,14.852371875759946,0.03388539762806124,10.7175,0.0,True,True,False,False,-1659.3470750597378,0.0,183.62734067347102,119.34963433255646,3938.2807326408424,0.0,2581.910632587132
2025-02-20T20:30:00Z,2025-02-20T20:45:00Z,2025-02-20,2025-02-20_22,-36.85390505407524,100,63,0,14.852371875759946,16.860379526471796,0.029631275292973335,6.308,0.0,True,True,False,False,-1659.3470750597378,0.0,183.62734067347102,119.34963433255646,1140.641324439444,0.0,-215.7287756142664
2025-02-20T20:45:00Z,2025-02-20T21:00:00Z,2025-02-20,2025-02-20_22,-36.85390505407524,100,63,0,16.860379526471796,24.792298713044296,0.024099846983274525,0.542,0.012284999999999999,True,True,False,False,-1659.3470750597378,0.0,183.62734067347102,119.34963433255646,96.51807763401109,-0.8910401430523186,-1260.7430625627514
2025-02-20T21:00:00Z,2025-02-20T21:15:00Z,2025-02-20,2025-02-20_23,-74.0,100,26,0,24.792298713044296,19.914019060870384,0.022136421256038645,22.73,0.0,True,True,False,False,-3274.685,0.0,183.62734067347102,49.25540464518203,27139.20076549064,0.0,24097.398510809293
2025-02-20T21:15:00Z,2025-02-20T21:30:00Z,2025-02-20,2025-02-20_23,-74.0,100,26,0,19.914019060870384,15.424956521739947,0.022583280386473427,22.326,0.0,True,True,False,False,-3274.685,0.0,183.62734067347102,49.25540464518203,24294.928737844573,0.0,21253.126483163225
2025-02-20T21:30:00Z,2025-02-20T21:45:00Z,2025-02-20,2025-02-20_23,-74.0,100,26,0,15.424956521739947,13.951363200000817,0.02604533256038647,19.196,0.0,True,True,False,False,-3274.685,0.0,183.62734067347102,49.25540464518203,19096.89214578478,0.0,16055.089891103433
2025-02-20T21:45:00Z,2025-02-20T22:00:00Z,2025-02-20,2025-02-20_23,-74.0,100,26,0,13.951363200000817,27.529695321739943,0.04332894188405797,3.5740000000000003,0.0016899999999999999,True,True,False,False,-3274.685,0.0,183.62734067347102,49.25540464518203,648.5016250100458,-0.12257695089608615,-2393.423206622197
2025-02-20T22:00:00Z,2025-02-20T22:15:00Z,2025-02-21,2025-02-20_24,0.0,100,100,0,27.529695321739943,24.7840431478269,0.007626811594202898,2.526,0.0,True,True,False,False,0.0,0.0,181.69489482249415,189.8619733590501,456.15074679042857,0.0,827.7076149719728
2025-02-20T22:15:00Z,2025-02-20T22:30:00Z,2025-02-21,2025-02-20_24,0.0,100,100,0,24.7840431478269,23.88567358260951,0.0024954710144927538,0.8265,0.0,True,True,False,False,0.0,0.0,181.69489482249415,189.8619733590501,148.8216427581219,0.0,520.3785109396662
2025-02-20T22:30:00Z,2025-02-20T22:45:00Z,2025-02-21,2025-02-20_24,0.0,100,100,0,23.88567358260951,24.05835966956603,0.0008389830917874396,0.05949999999999999,0.258,True,True,False,False,0.0,0.0,181.69489482249415,189.8619733590501,10.053638719787838,-18.68995479476825,362.92055210656383
2025-02-20T22:45:00Z,2025-02-20T23:00:00Z,2025-02-21,2025-02-20_24,0.0,100,100,0,24.05835966956603,24.16329619130516,0.0005722874396135266,0.0465,0.169,True,True,False,False,0.0,0.0,181.69489482249415,189.8619733590501,7.853654089566634,-12.24519136881442,367.16533090229643
2025-02-20T23:00:00Z,2025-02-20T23:15:00Z,2025-02-21,2025-02-21_1,-38.67609429906356,100,61,0,24.16329619130516,17.097334813705608,0.03818566379428987,15.612,0.0,True,True,False,False,-1322.5290445564783,0.0,181.69489482249415,115.35621722620698,17612.840920981256,0.0,16587.36298847348
2025-02-20T23:15:00Z,2025-02-20T23:30:00Z,2025-02-21,2025-02-21_1,-38.67609429906356,100,61,0,17.097334813705608,15.105105349732234,0.03390811378489726,10.651,0.00183,True,True,False,False,-1322.5290445564783,0.0,181.69489482249415,115.35621722620698,7872.974907279047,-0.14339099511783499,6847.353583776152
2025-02-20T23:30:00Z,2025-02-20T23:45:00Z,2025-02-21,2025-02-21_1,-38.67609429906356,100,61,0,15.105105349732234,23.641577912803843,0.025047403738314104,0.3605,0.01037,True,True,False,False,-1322.5290445564783,0.0,181.69489482249415,115.35621722620698,64.33005273943705,-0.8125489723343984,-961.9604287406745
2025-02-20T23:45:00Z,2025-02-21T00:00:00Z,2025-02-21,2025-02-21_1,-38.67609429906356,100,61,0,23.641577912803843,32.28154187826067,0.02495901171422443,0.259,0.010065,True,True,False,False,-1322.5290445564783,0.0,181.69489482249415,115.35621722620698,45.74771643260403,-0.7886504731480923,-980.5188665483213
2025-02-21T00:00:00Z,2025-02-21T00:15:00Z,2025-02-21,2025-02-21_2,0.0,100,100,0,32.28154187826067,24.07690274782589,0.022816219806763287,7.552500000000001,0.005,True,True,False,False,0.0,0.0,180.3990115122657,189.1085528298475,5660.177902175879,-0.3917786751853415,6029.293687842807
2025-02-21T00:15:00Z,2025-02-21T00:30:00Z,2025-02-21,2025-02-21_2,0.0,100,100,0,24.07690274782589,13.450815791304152,0.029516908212560387,9.776,0.0,True,True,False,False,0.0,0.0,180.3990115122657,189.1085528298475,4234.426288951841,0.0,4603.933853293955
2025-02-21T00:30:00Z,2025-02-21T00:45:00Z,2025-02-21,2025-02-21_2,0.0,100,100,0,13.450815791304152,16.36583579130415,0.008097277777777778,0.0,3.1685,True,True,False,False,0.0,0.0,180.3990115122657,189.1085528298475,0.0,-229.22591646073175,140.28164788138145
2025-02-21T00:45:00Z,2025-02-21T01:00:00Z,2025-02-21,2025-02-21_2,0.0,100,100,0,16.36583579130415,19.33927579130415,0.008259555555555556,0.0,3.232,True,True,False,False,0.0,0.0,180.3990115122657,189.1085528298475,0.0,-233.89646274084345,135.61110160126975
2025-02-21T01:00:00Z,2025-02-21T01:15:00Z,2025-02-21,2025-02-21_3,-100.0,100,0,0,19.33927579130415,42.21415579130415,0.06354133333333334,0.136,0.0,True,True,False,False,-2984.25,0.0,180.3990115122657,0.0,23.790013059289176,0.0,-2780.060975428445
2025-02-21T01:15:00Z,2025-02-21T01:30:00Z,2025-02-21,2025-02-21_3,-100.0,100,0,0,42.21415579130415,63.98825579130415,0.060483611111111106,1.3325,0.0,True,True,False,False,-2984.25,0.0,180.3990115122657,0.0,240.52196572438874,0.0,-2563.3290227633456
2025-02-21T01:30:00Z,2025-02-21T01:45:00Z,2025-02-21,2025-02-21_3,-100.0,100,0,0,63.98825579130415,86.41693579130416,0.06230188888888889,0.621,0.0,True,True,False,False,-2984.25,0.0,180.3990115122657,0.0,111.6327756012296,0.0,-2692.2182128865047
2025-02-21T01:45:00Z,2025-02-21T02:00:00Z,2025-02-21,2025-02-21_3,-100.0,100,0,0,86.41693579130416,109.35391579130416,0.06371383333333333,0.0685,0.0,True,True,False,False,-2984.25,0.0,180.3990115122657,0.0,11.825687621802988,0.0,-2792.0253008659315
2025-02-21T02:00:00Z,2025-02-21T02:15:00Z,2025-02-21,2025-02-21_4,-100.0,100,0,0,109.35391579130416,119.77981579130416,0.02896083333333334,13.667499999999999,0.0,True,True,False,False,-3019.0,0.0,180.3990115122657,0.0,12118.398590099048,0.0,9279.797601611313
2025-02-21T02:15:00Z,2025-02-21T02:30:00Z,2025-02-21,2025-02-21_4,-100.0,100,0,0,119.77981579130416,139.37443579130417,0.0544295,3.7015,0.0,True,True,False,False,-3019.0,0.0,180.3990115122657,0.0,843.5468104193036,0.0,-1995.0541780684307
2025-02-21T02:30:00Z,2025-02-21T02:45:00Z,2025-02-21,2025-02-21_4,-100.0,100,0,0,139.37443579130417,161.81139579130416,0.062324888888888895,0.612,0.0,True,True,False,False,-3019.0,0.0,180.3990115122657,0.0,109.81854499427399,0.0,-2728.7824434934605
2025-02-21T02:45:00Z,2025-02-21T03:00:00Z,2025-02-21,2025-02-21_4,-100.0,100,0,0,161.81139579130416,178.89211579130415,0.047446444444444444,6.434000000000001,0.0,True,True,False,False,-3019.0,0.0,180.3990115122657,0.0,1281.4328394912907,0.0,-1557.1681489964435
2025-02-21T03:00:00Z,2025-02-21T03:15:00Z,2025-02-21,2025-02-21_5,-16.000000000000004,100,84,0,178.89211579130415,181.5483164173911,0.012298624927536235,0.97,0.00504,True,True,False,False,-501.8000000000001,0.0,182.50858899403292,158.85118437707192,174.32345850159726,-0.39491290458682426,13.488318968115145
2025-02-21T03:15:00Z,2025-02-21T03:30:00Z,2025-02-21,2025-02-21_5,-16.000000000000004,100,84,0,181.5483164173911,184.7707412521737,0.011175455458937202,0.4385,0.00798,True,True,False,False,-501.8000000000001,0.0,182.50858899403292,158.85118437707192,78.12062553995138,-0.625278765595805,-82.94487985453972
2025-02-21T03:30:00Z,2025-02-21T03:45:00Z,2025-02-21,2025-02-21_5,-16.000000000000004,100,84,0,184.7707412521737,186.9059241043476,0.013438309855072465,1.48,0.02646,True,True,False,False,-501.8000000000001,0.0,182.50858899403292,158.85118437707192,267.00629658650274,-2.037430100656983,104.52863985695048
2025-02-21T03:45:00Z,2025-02-21T04:00:00Z,2025-02-21,2025-02-21_5,-16.000000000000004,100,84,0,186.9059241043476,180.1742695652172,0.03149552483091787,9.8955,0.08693999999999999,True,True,False,False,-501.8000000000001,0.0,182.50858899403292,158.85118437707192,4130.347862093907,-6.3148137906093655,3963.5928216744023
2025-02-21T04:00:00Z,2025-02-21T04:15:00Z,2025-02-21,2025-02-21_6,0.0,100,100,0,180.1742695652172,189.3397695652172,0.025459722222222227,0.0,9.9625,True,True,False,False,0.0,0.0,182.50858899403292,189.1085528298475,0.0,-300.2661031081109,71.35103871576953
2025-02-21T04:15:00Z,2025-02-21T04:30:00Z,2025-02-21,2025-02-21_6,0.0,100,100,0,189.3397695652172,189.81951043478242,0.0013839420289855071,0.0085,0.5315,True,True,False,False,0.0,0.0,182.50858899403292,189.1085528298475,1.434512687601712,-38.74344865690233,334.3082058545798
2025-02-21T04:30:00Z,2025-02-21T04:45:00Z,2025-02-21,2025-02-21_6,0.0,100,100,0,189.81951043478242,185.04974608695633,0.013438456521739129,4.4195,0.037,True,True,False,False,0.0,0.0,182.50858899403292,189.1085528298475,1779.6965023205353,-2.7473724710184237,2148.5662716733973
2025-02-21T04:45:00Z,2025-02-21T05:00:00Z,2025-02-21,2025-02-21_6,0.0,100,100,0,185.04974608695633,162.4611591304346,0.06274607487922707,20.7815,0.0,True,True,False,False,0.0,0.0,182.50858899403292,189.1085528298475,20126.231201354152,0.0,20497.848343178033
2025-02-21T05:00:00Z,2025-02-21T05:15:00Z,2025-02-21,2025-02-21_7,0.0,100,100,0,162.4611591304346,162.85969130434762,0.012381188405797102,1.867,2.639,True,True,False,False,0.0,0.0,182.50858899403292,188.14417455246823,483.4803425552006,-162.29958692463785,691.8335191770639
2025-02-21T05:15:00Z,2025-02-21T05:30:00Z,2025-02-21,2025-02-21_7,0.0,100,100,0,162.85969130434762,162.41211478260848,0.0020176014492753625,0.54,0.1515,True,True,False,False,0.0,0.0,182.50858899403292,188.14417455246823,97.1369658248448,-11.335973117955518,456.45375625339045
2025-02-21T05:30:00Z,2025-02-21T05:45:00Z,2025-02-21,2025-02-21_7,0.0,100,100,0,162.41211478260848,151.98059304347805,0.028976449275362314,9.597,0.0,True,True,False,False,0.0,0.0,182.50858899403292,188.14417455246823,2252.259121813031,0.0,2622.9118853595323
2025-02-21T05:45:00Z,2025-02-21T06:00:00Z,2025-02-21,2025-02-21_7,0.0,100,100,0,151.98059304347805,136.06809304347806,0.04420138888888889,14.6395,0.0,True,True,False,False,0.0,0.0,182.50858899403292,188.14417455246823,5176.97050569586,0.0,5547.623269242361
2025-02-21T06:00:00Z,2025-02-21T06:15:00Z,2025-02-21,2025-02-21_8,100.0,0,100,0,136.06809304347806,108.8941799999998,0.0754830917874396,0.0,0.0,True,True,False,False,4471.5,0.0,0.0,189.34964739919235,0.0,0.0,4660.849647399193
2025-02-21T06:15:00Z,2025-02-21T06:30:00Z,2025-02-21,2025-02-21_8,100.0,0,100,0,108.8941799999998,81.72026695652156,0.07548309178743962,0.0,0.0,True,True,False,False,4471.5,0.0,0.0,189.34964739919235,0.0,0.0,4660.849647399193
2025-02-21T06:30:00Z,2025-02-21T06:45:00Z,2025-02-21,2025-02-21_8,100.0,0,100,0,81.72026695652156,55.09744086956503,0.07395229468599035,0.0,0.507,True,True,False,False,4471.5,0.0,0.0,189.34964739919235,0.0,-36.787320233861735,4624.06232716533
2025-02-21T06:45:00Z,2025-02-21T07:00:00Z,2025-02-21,2025-02-21_8,100.0,0,100,0,55.09744086956503,28.357766956521548,0.07427687198067631,0.0,0.3995,True,True,False,False,4471.5,0.0,0.0,189.34964739919235,0.0,-29.398762983947126,4631.450884415245
2025-02-21T07:00:00Z,2025-02-21T07:15:00Z,2025-02-21,2025-02-21_9,0.0,100,100,0,28.357766956521548,10.697984347825898,0.049054951690821254,16.247,0.0,True,True,False,False,0.0,0.0,182.74968356337774,189.34964739919235,13919.846479818378,0.0,14291.945810780948
2025-02-21T07:15:00Z,2025-02-21T07:30:00Z,2025-02-21,2025-02-21_9,0.0,100,100,0,10.697984347825898,9.999999999999812,0.002110067632850241,0.6705,0.0335,True,True,False,False,0.0,0.0,182.74968356337774,189.34964739919235,120.46287625821229,-2.5783080184035523,489.98389920237884
2025-02-21T07:30:00Z,2025-02-21T07:45:00Z,2025-02-21,2025-02-21_9,0.0,100,100,0,9.999999999999812,18.970168695651985,0.02494430917874396,0.0045,9.7555,True,True,False,False,0.0,0.0,182.74968356337774,189.34964739919235,0.7594478934362003,5952.63859853736,6325.497377393366
2025-02-21T07:45:00Z,2025-02-21T08:00:00Z,2025-02-21,2025-02-21_9,0.0,100,100,0,18.970168695651985,35.194828695651985,0.0450685,0.0,17.6355,True,True,False,False,0.0,0.0,182.74968356337774,189.34964739919235,0.0,8382.809737809657,8754.909068772227
2025-02-21T08:00:00Z,2025-02-21T08:15:00Z,2025-02-21,2025-02-21_10,23.17924239999999,0,0,0,35.194828695651985,28.896121521738944,0.01749640881642511,0.0,0.0,True,False,False,False,740.4029503619996,0.0,0.0,0.0,0.0,0.0,740.4029503619996
2025-02-21T08:15:00Z,2025-02-21T08:30:00Z,2025-02-21,2025-02-21_10,23.17924239999999,0,0,0,28.896121521738944,22.597414347825904,0.01749640881642511,0.0,0.0,True,False,False,False,740.4029503619996,0.0,0.0,0.0,0.0,0.0,740.4029503619996
2025-02-21T08:30:00Z,2025-02-21T08:45:00Z,2025-02-21,2025-02-21_10,23.17924239999999,0,0,0,22.597414347825904,16.298707173912863,0.01749640881642511,0.0,0.0,True,False,False,False,740.4029503619996,0.0,0.0,0.0,0.0,0.0,740.4029503619996
2025-02-21T08:45:00Z,2025-02-21T09:00:00Z,2025-02-21,2025-02-21_10,23.17924239999999,0,0,0,16.298707173912863,9.999999999999822,0.01749640881642511,0.0,0.0,True,False,False,False,740.4029503619996,0.0,0.0,0.0,0.0,0.0,740.4029503619996
2025-02-21T09:00:00Z,2025-02-21T09:15:00Z,2025-02-21,2025-02-21_11,0.0,100,100,0,9.999999999999822,12.960099999999823,0.008222499999999999,0.0,3.2174999999999994,True,True,False,False,0.0,0.0,181.81544210716655,190.28388885540355,0.0,255.24801850400817,627.3473494665783
2025-02-21T09:15:00Z,2025-02-21T09:30:00Z,2025-02-21,2025-02-21_11,0.0,100,100,0,12.960099999999823,13.446618260869387,0.0014571159420289856,0.0175,0.5495,True,True,False,False,0.0,0.0,181.81544210716655,190.28388885540355,2.953408474474113,-39.99063448054166,335.06210495650254
2025-02-21T09:30:00Z,2025-02-21T09:45:00Z,2025-02-21,2025-02-21_11,0.0,100,100,0,13.446618260869387,14.681176521738953,0.00346556038647343,0.006,1.349,True,True,False,False,0.0,0.0,181.81544210716655,190.28388885540355,1.0125971912482672,-97.84525505796316,275.2666730958552
2025-02-21T09:45:00Z,2025-02-21T10:00:00Z,2025-02-21,2025-02-21_11,0.0,100,100,0,14.681176521738953,21.706296521738953,0.019514222222222224,0.0,7.636,True,True,False,False,0.0,0.0,181.81544210716655,190.28388885540355,0.0,-320.761706949551,51.33762401301908
2025-02-21T10:00:00Z,2025-02-21T10:15:00Z,2025-02-21,2025-02-21_12,-100.0,100,0,0,21.706296521738953,37.62367652173896,0.044214944444444446,7.6985,0.0,True,True,False,False,-2175.0,0.0,181.81544210716655,0.0,2044.216007473932,0.0,51.03144958109854
2025-02-21T10:15:00Z,2025-02-21T10:30:00Z,2025-02-21,2025-02-21_12,-100.0,100,0,0,37.62367652173896,57.01359652173896,0.053860888888888896,3.9239999999999995,0.0,True,True,False,False,-2175.0,0.0,181.81544210716655,0.0,709.3607787354589,0.0,-1283.8237791573745
2025-02-21T10:30:00Z,2025-02-21T10:45:00Z,2025-02-21,2025-02-21_12,-100.0,100,0,0,57.01359652173896,80.01359652173896,0.06388888888888888,0.0,0.0,True,True,False,False,-2175.0,0.0,181.81544210716655,0.0,0.0,0.0,-1993.1845578928335
2025-02-21T10:45:00Z,2025-02-21T11:00:00Z,2025-02-21,2025-02-21_12,-100.0,100,0,0,80.01359652173896,102.95333652173896,0.06372150000000001,0.0655,0.0,True,True,False,False,-2175.0,0.0,181.81544210716655,0.0,11.391720310208347,0.0,-1981.792837582625
2025-02-21T11:00:00Z,2025-02-21T11:15:00Z,2025-02-21,2025-02-21_13,0.0,100,100,0,102.95333652173896,110.92421652173896,0.022141333333333332,0.0,8.664,True,True,False,False,0.0,0.0,181.81544210716655,190.28388885540355,0.0,-364.03491531553254,8.06441564703755
2025-02-21T11:15:00Z,2025-02-21T11:30:00Z,2025-02-21,2025-02-21_13,0.0,100,100,0,110.92421652173896,116.71193652173895,0.016077,0.0,6.291,True,True,False,False,0.0,0.0,181.81544210716655,190.28388885540355,0.0,-363.3632963654994,8.73603459707067
2025-02-21T11:30:00Z,2025-02-21T11:45:00Z,2025-02-21,2025-02-21_13,0.0,100,100,0,116.71193652173895,119.4464695652172,0.007601963768115942,0.001,2.9735,True,True,False,False,0.0,0.0,181.81544210716655,190.28388885540355,0.16876619854137787,-201.33987704176965,170.92822011934183
2025-02-21T11:45:00Z,2025-02-21T12:00:00Z,2025-02-21,2025-02-21_13,0.0,100,100,0,119.4464695652172,125.5575695652172,0.01697527777777778,0.0,6.6425,True,True,False,False,0.0,0.0,181.81544210716655,190.28388885540355,0.0,-389.32285978341673,-17.22352882084664
2025-02-21T12:00:00Z,2025-02-21T12:15:00Z,2025-02-21,2025-02-21_14,-29.000000000000075,100,71,0,125.5575695652172,141.8165455652172,0.04516382222222227,0.0,10.422799999999999,True,True,False,False,-572.3150000000014,0.0,181.81544210716655,135.10156108733653,0.0,-367.79775106985716,-623.1957478753554
2025-02-21T12:15:00Z,2025-02-21T12:30:00Z,2025-02-21,2025-02-21_14,-29.000000000000075,100,71,0,141.8165455652172,150.60421996521723,0.02441020666666671,0.0,2.3018199999999998,True,True,False,False,-572.3150000000014,0.0,181.81544210716655,135.10156108733653,0.0,-154.81107236051676,-410.20906916601507
2025-02-21T12:30:00Z,2025-02-21T12:45:00Z,2025-02-21,2025-02-21_14,-29.000000000000075,100,71,0,150.60421996521723,159.26680656521725,0.024062740555555604,0.0,2.165855,True,True,False,False,-572.3150000000014,0.0,181.81544210716655,135.10156108733653,0.0,-156.718905824443,-412.11690262994136
2025-02-21T12:45:00Z,2025-02-21T13:00:00Z,2025-02-21,2025-02-21_14,-29.000000000000075,100,71,0,159.26680656521725,166.20408053043465,0.01934523565217396,0.0175,0.31027,True,True,False,False,-572.3150000000014,0.0,181.81544210716655,135.10156108733653,2.953408474474113,-22.766972149559,-275.2115604805832
2025-02-21T13:00:00Z,2025-02-21T13:15:00Z,2025-02-21,2025-02-21_15,-0.26539072778808015,0,0,0,166.20408053043465,166.2651203978259,0.00016955518719794012,0.0,0.0,True,False,False,False,-6.5531605459071685,0.0,0.0,0.0,0.0,0.0,-6.5531605459071685
2025-02-21T13:15:00Z,2025-02-21T13:30:00Z,2025-02-21,2025-02-21_15,-0.26539072778808015,0,0,0,166.2651203978259,166.32616026521717,0.00016955518719794012,0.0,0.0,True,False,False,False,-6.5531605459071685,0.0,0.0,0.0,0.0,0.0,-6.5531605459071685
2025-02-21T13:30:00Z,2025-02-21T13:45:00Z,2025-02-21,2025-02-21_15,-0.26539072778808015,0,0,0,166.32616026521717,166.38720013260843,0.00016955518719794012,0.0,0.0,True,False,False,False,-6.5531605459071685,0.0,0.0,0.0,0.0,0.0,-6.5531605459071685
2025-02-21T13:45:00Z,2025-02-21T14:00:00Z,2025-02-21,2025-02-21_15,-0.26539072778808015,0,0,0,166.38720013260843,166.44823999999969,0.00016955518719794012,0.0,0.0,True,False,False,False,-6.5531605459071685,0.0,0.0,0.0,0.0,0.0,-6.5531605459071685
2025-02-21T14:00:00Z,2025-02-21T14:15:00Z,2025-02-21,2025-02-21_16,0.0,100,100,0,166.44823999999969,186.1882199999997,0.05483327777777777,0.0,21.4565,True,True,False,False,0.0,0.0,182.74968356337774,190.28388885540355,0.0,17100.144640367267,17473.17821278605
2025-02-21T14:15:00Z,2025-02-21T14:30:00Z,2025-02-21,2025-02-21_16,0.0,100,100,0,186.1882199999997,189.7971399999997,0.010233111111111111,0.0345,3.9635,True,True,False,False,0.0,0.0,182.74968356337774,190.28388885540355,5.961063227050811,-188.55710415285395,190.43753149297814
2025-02-21T14:30:00Z,2025-02-21T14:45:00Z,2025-02-21,2025-02-21_16,0.0,100,100,0,189.7971399999997,189.8891304347823,0.0008714710144927535,0.10199999999999998,0.2205,True,True,False,False,0.0,0.0,182.74968356337774,190.28388885540355,17.702378397926584,-16.11112380206136,374.6248270146465
2025-02-21T14:45:00Z,2025-02-21T15:00:00Z,2025-02-21,2025-02-21_16,0.0,100,100,0,189.8891304347823,181.3798913043475,0.02363677536231884,7.828499999999999,0.0,True,True,False,False,0.0,0.0,182.74968356337774,190.28388885540355,2033.860751913688,0.0,2406.8943243324693
2025-02-21T15:00:00Z,2025-02-21T15:15:00Z,2025-02-21,2025-02-21_17,-5.00000000000002,100,95,0,181.3798913043475,187.85854804347795,0.018036425724637695,0.007000000000000001,5.800225,True,True,False,False,-223.5625000000009,0.0,182.74968356337774,180.76969441263338,1.1813633897896452,-263.33904824402794,-122.20080687822806
2025-02-21T15:15:00Z,2025-02-21T15:30:00Z,2025-02-21,2025-02-21_17,-5.00000000000002,100,95,0,187.85854804347795,189.89767213043447,0.006992283091787453,0.2315,1.23785,True,True,False,False,-223.5625000000009,0.0,182.74968356337774,180.76969441263338,41.78167329676733,-89.7172033230868,92.02134794969075
2025-02-21T15:30:00Z,2025-02-21T15:45:00Z,2025-02-21,2025-02-21_17,-5.00000000000002,100,95,0,189.89767213043447,182.87882917391275,0.02395022487922706,7.573499999999999,0.0,True,True,False,False,-223.5625000000009,0.0,182.74968356337774,180.76969441263338,2207.1595009342414,0.0,2347.1163789102516
2025-02-21T15:45:00Z,2025-02-21T16:00:00Z,2025-02-21,2025-02-21_17,-5.00000000000002,100,95,0,182.87882917391275,157.92056639130408,0.06953154661835748,24.2055,0.0,True,True,False,False,-223.5625000000009,0.0,182.74968356337774,180.76969441263338,28393.39240883612,0.0,28533.349286812132
2025-02-21T16:00:00Z,2025-02-21T16:15:00Z,2025-02-21,2025-02-21_18,0.0,100,100,0,157.92056639130408,150.44447943478235,0.020766908212560387,6.878000000000001,0.0,True,True,False,False,0.0,0.0,182.74968356337774,189.34964739919235,2092.0268957065077,0.0,2464.126226669078
2025-02-21T16:15:00Z,2025-02-21T16:30:00Z,2025-02-21,2025-02-21_18,0.0,100,100,0,150.44447943478235,131.7705663913041,0.05187198067632849,17.18,0.0,True,True,False,False,0.0,0.0,182.74968356337774,189.34964739919235,9657.677648524303,0.0,10029.776979486873
2025-02-21T16:30:00Z,2025-02-21T16:45:00Z,2025-02-21,2025-02-21_18,0.0,100,100,0,131.7705663913041,107.59610986956497,0.06715126811594203,22.2405,0.0,True,True,False,False,0.0,0.0,182.74968356337774,189.34964739919235,18391.132508890365,0.0,18763.231839852935
2025-02-21T16:45:00Z,2025-02-21T17:00:00Z,2025-02-21,2025-02-21_18,0.0,100,100,0,107.59610986956497,89.5368707391302,0.050164553140096615,16.6145,0.0,True,True,False,False,0.0,0.0,182.74968356337774,189.34964739919235,7534.239966949953,0.0,7906.339297912523
2025-02-21T17:00:00Z,2025-02-21T17:15:00Z,2025-02-21,2025-02-21_19,0.6843247589099822,0,100,0,89.5368707391302,94.762164686234,0.015305046784016159,0.0,5.8745,True,True,False,False,40.886693532974164,0.0,0.0,189.34964739919235,0.0,-425.0157611556467,-194.7794202234802
2025-02-21T17:15:00Z,2025-02-21T17:30:00Z,2025-02-21,2025-02-21_19,0.6843247589099822,0,100,0,94.762164686234,94.7737919428856,0.0010565329177498167,0.0,0.21449999999999997,True,True,False,False,40.886693532974164,0.0,0.0,189.34964739919235,0.0,-15.701772346452893,214.53456858571363
2025-02-21T17:30:00Z,2025-02-21T17:45:00Z,2025-02-21,2025-02-21_19,0.6843247589099822,0,100,0,94.7737919428856,94.5878341279644,0.0005165494858921966,0.0,0.0,True,True,False,False,40.886693532974164,0.0,0.0,189.34964739919235,0.0,0.0,230.2363409321665
2025-02-21T17:45:00Z,2025-02-21T18:00:00Z,2025-02-21,2025-02-21_19,0.6843247589099822,0,100,0,94.5878341279644,94.4018763130432,0.0005165494858921967,0.0,0.0,True,True,False,False,40.886693532974164,0.0,0.0,189.34964739919235,0.0,0.0,230.2363409321665
2025-02-21T18:00:00Z,2025-02-21T18:15:00Z,2025-02-21,2025-02-21_20,95.99999999999996,4,100,0,94.4018763130432,68.10183283478234,0.07305567632850239,0.19604,0.0,True,True,False,False,5750.159999999997,0.0,7.309987342535109,189.34964739919235,35.445731934984835,0.0,5982.265366676709
2025-02-21T18:15:00Z,2025-02-21T18:30:00Z,2025-02-21,2025-02-21_20,95.99999999999996,4,100,0,68.10183283478234,43.48946452173888,0.06864716531400962,0.00198,1.367,True,True,False,False,5750.159999999997,0.0,7.309987342535109,189.34964739919235,0.34765821228376836,-99.24090973017499,5847.926383223833
2025-02-21T18:30:00Z,2025-02-21T18:45:00Z,2025-02-21,2025-02-21_20,95.99999999999996,4,100,0,43.48946452173888,24.856968139130196,0.05316770328502414,0.0,6.9005,True,True,False,False,5750.159999999997,0.0,7.309987342535109,189.34964739919235,0.0,-480.23171086733777,5466.587923874386
2025-02-21T18:45:00Z,2025-02-21T19:00:00Z,2025-02-21,2025-02-21_20,95.99999999999996,4,100,0,24.856968139130196,10.088086956521513,0.04316663439613525,0.0,10.477,True,True,False,False,5750.159999999997,0.0,7.309987342535109,189.34964739919235,0.0,-548.6863817732506,5398.133252968474
2025-02-21T19:00:00Z,2025-02-21T19:15:00Z,2025-02-21,2025-02-21_21,0.0,100,100,0,10.088086956521513,9.999999999999773,0.004205797101449275,0.737,0.775,True,True,False,False,0.0,0.0,182.50858899403292,189.1085528298475,133.0781560283688,-56.12439977497841,448.5708980772708
2025-02-21T19:15:00Z,2025-02-21T19:30:00Z,2025-02-21,2025-02-21_21,0.0,100,100,0,9.999999999999773,11.249714782608468,0.003857903381642512,0.064,1.434,True,True,False,False,0.0,0.0,182.50858899403292,189.1085528298475,10.831176742410547,-103.81684045566874,278.6314781106222
2025-02-21T19:30:00Z,2025-02-21T19:45:00Z,2025-02-21,2025-02-21_21,0.0,100,100,0,11.249714782608468,19.36963478260847,0.022555333333333333,0.0,8.826,True,True,False,False,0.0,0.0,182.50858899403292,189.1085528298475,0.0,-447.1020758242421,-75.48493400036168
2025-02-21T19:45:00Z,2025-02-21T20:00:00Z,2025-02-21,2025-02-21_21,0.0,100,100,0,19.36963478260847,30.10281478260847,0.029814388888888887,0.0,11.6665,True,True,False,False,0.0,0.0,182.50858899403292,189.1085528298475,0.0,-504.62482038454584,-133.00767856066543
2025-02-21T20:00:00Z,2025-02-21T20:15:00Z,2025-02-21,2025-02-21_22,-2.931625842591031,100,97,0,30.10281478260847,17.1462838354218,0.03854009383097031,12.714999999999998,0.13870999999999997,True,True,False,False,-131.08764955145796,0.0,182.50858899403292,183.43529624495207,8420.72608241416,-10.046128810801035,8645.536189290886
2025-02-21T20:15:00Z,2025-02-21T20:30:00Z,2025-02-21,2025-02-21_22,-2.931625842591031,100,97,0,17.1462838354218,12.411870966179867,0.01614814470052414,4.9985,0.0,True,True,False,False,-131.08764955145796,0.0,182.50858899403292,183.43529624495207,903.8334036525828,0.0,1138.6896393401098
2025-02-21T20:30:00Z,2025-02-21T20:45:00Z,2025-02-21,2025-02-21_22,-2.931625842591031,100,97,0,12.411870966179867,12.317691241341228,0.0039059991958538885,0.711,0.00097,True,True,False,False,-131.08764955145796,0.0,182.50858899403292,183.43529624495207,128.18998734253512,-0.07600506298595626,362.9702179670762
2025-02-21T20:45:00Z,2025-02-21T21:00:00Z,2025-02-21,2025-02-21_22,-2.931625842591031,100,97,0,12.317691241341228,12.263804347825857,0.0038069055226173966,0.675,0.002425,True,True,False,False,-131.08764955145796,0.0,182.50858899403292,183.43529624495207,121.4514495810982,-0.19001265746489063,356.11767261116034
2025-02-21T21:00:00Z,2025-02-21T21:15:00Z,2025-02-21,2025-02-21_23,-90.0,100,10,0,12.263804347825857,13.45524399999977,0.015886245410628018,20.827,0.0,True,True,False,False,-3371.8500000000004,0.0,182.50858899403292,18.910855282984752,29402.152056737592,0.0,26231.72150101461
2025-02-21T21:15:00Z,2025-02-21T21:30:00Z,2025-02-21,2025-02-21_23,-90.0,100,10,0,13.45524399999977,12.541928521738898,0.01139658743961352,23.074,0.0,True,True,False,False,-3371.8500000000004,0.0,182.50858899403292,18.910855282984752,26438.535312317923,0.0,23268.10475659494
2025-02-21T21:30:00Z,2025-02-21T21:45:00Z,2025-02-21,2025-02-21_23,-90.0,100,10,0,12.541928521738898,11.77005408695629,0.011698295652173915,22.923,0.0,True,True,False,False,-3371.8500000000004,0.0,182.50858899403292,18.910855282984752,27516.382705683805,0.0,24345.952149960824
2025-02-21T21:45:00Z,2025-02-21T22:00:00Z,2025-02-21,2025-02-21_23,-90.0,100,10,0,11.77005408695629,27.87529017391281,0.04770023309178744,4.9075,0.00225,True,True,False,False,-3371.8500000000004,0.0,182.50858899403292,18.910855282984752,2266.0102465191967,-0.1762402808751733,-904.5965494846612
2025-02-21T22:00:00Z,2025-02-21T22:15:00Z,2025-02-22,2025-02-21_24,-42.29642777882822,0,0,0,27.87529017391281,37.6034685630433,0.027022717747584697,0.0,0.0,True,False,False,False,-1427.5044375354523,0.0,0.0,0.0,0.0,0.0,-1427.5044375354523
2025-02-21T22:15:00Z,2025-02-21T22:30:00Z,2025-02-22,2025-02-21_24,-42.29642777882822,0,0,0,37.6034685630433,47.33164695217379,0.027022717747584697,0.0,0.0,True,False,False,False,-1427.5044375354523,0.0,0.0,0.0,0.0,0.0,-1427.5044375354523
2025-02-21T22:30:00Z,2025-02-21T22:45:00Z,2025-02-22,2025-02-21_24,-42.29642777882822,0,0,0,47.33164695217379,57.05982534130428,0.027022717747584697,0.0,0.0,True,False,False,False,-1427.5044375354523,0.0,0.0,0.0,0.0,0.0,-1427.5044375354523
2025-02-21T22:45:00Z,2025-02-21T23:00:00Z,2025-02-22,2025-02-21_24,-42.29642777882822,0,0,0,57.05982534130428,66.78800373043478,0.027022717747584697,0.0,0.0,True,False,False,False,-1427.5044375354523,0.0,0.0,0.0,0.0,0.0,-1427.5044375354523
2025-02-21T23:00:00Z,2025-02-21T23:15:00Z,2025-02-22,2025-02-22_1,0.0,100,100,0,66.78800373043478,58.68792025217392,0.022502787439613526,7.4525,0.0005,True,True,False,False,0.0,0.0,182.50858899403292,189.50033150503288,1578.0874254113678,-0.03917786751853415,1950.057168042915
2025-02-21T23:15:00Z,2025-02-21T23:30:00Z,2025-02-22,2025-02-22_1,0.0,100,100,0,58.68792025217392,46.45368112173914,0.03398399758454106,11.2555,0.0,True,True,False,False,0.0,0.0,182.50858899403292,189.50033150503288,3874.5079488879514,0.0,4246.516869387017
2025-02-21T23:30:00Z,2025-02-21T23:45:00Z,2025-02-22,2025-02-22_1,0.0,100,100,0,46.45368112173914,37.84933329565218,0.023900966183574877,7.916,0.0,True,True,False,False,0.0,0.0,182.50858899403292,189.50033150503288,1906.9587221987827,0.0,2278.9676426978485
2025-02-21T23:45:00Z,2025-02-22T00:00:00Z,2025-02-22,2025-02-22_1,0.0,100,100,0,37.84933329565218,36.79172460000001,0.0029378019323671495,0.9729999999999999,0.0,True,True,False,False,0.0,0.0,182.50858899403292,189.50033150503288,175.4324493199124,0.0,547.4413698189782
2025-02-22T00:00:00Z,2025-02-22T00:15:00Z,2025-02-22,2025-02-22_2,-9.0,100,91,0,36.79172460000001,19.609318026086967,0.05096707714975845,17.9605,0.0,True,True,False,False,-298.485,0.0,181.3935266108131,172.44530166957992,24477.668399433427,0.0,24533.02222771382
2025-02-22T00:15:00Z,2025-02-22T00:30:00Z,2025-02-22,2025-02-22_2,-9.0,100,91,0,19.609318026086967,11.425114121739142,0.02983563528985507,9.5665,0.00045500000000000006,True,True,False,False,-298.485,0.0,181.3935266108131,172.44530166957992,5693.41580123762,-0.03565185944186608,5748.733977658571
2025-02-22T00:30:00Z,2025-02-22T00:45:00Z,2025-02-22,2025-02-22_2,-9.0,100,91,0,11.425114121739142,13.687130226086968,0.006354815265700484,0.013,0.22386,True,True,False,False,-298.485,0.0,181.3935266108131,172.44530166957992,2.193960581037912,-16.673843722500152,40.873945138930765
2025-02-22T00:45:00Z,2025-02-22T01:00:00Z,2025-02-22,2025-02-22_2,-9.0,100,91,0,13.687130226086968,15.444193043478272,0.006493562173913043,0.2935,0.0018200000000000002,True,True,False,False,-298.485,0.0,181.3935266108131,172.44530166957992,51.533948626765515,-0.14260743776746432,106.74516946939106
2025-02-22T01:00:00Z,2025-02-22T01:15:00Z,2025-02-22,2025-02-22_3,0.0,100,100,0,15.444193043478272,11.994193043478273,0.009583333333333333,3.174,0.0,True,True,False,False,0.0,0.0,181.3935266108131,189.1085528298475,573.5461937194865,0.0,944.0482731601471
2025-02-22T01:15:00Z,2025-02-22T01:30:00Z,2025-02-22,2025-02-22_3,0.0,100,100,0,11.994193043478273,10.771366956521751,0.0033967391304347825,1.125,0.0,True,True,False,False,0.0,0.0,181.3935266108131,189.1085528298475,202.53141763606777,0.0,573.0334970767284
2025-02-22T01:30:00Z,2025-02-22T01:45:00Z,2025-02-22,2025-02-22_3,0.0,100,100,0,10.771366956521751,10.189434782608709,0.0017621449275362318,0.5595,0.028499999999999998,True,True,False,False,0.0,0.0,181.3935266108131,189.1085528298475,100.41593454282443,-2.227309384606112,468.69070459887894
2025-02-22T01:45:00Z,2025-02-22T02:00:00Z,2025-02-22,2025-02-22_3,0.0,100,100,0,10.189434782608709,10.145002608695666,0.0002690893719806763,0.065,0.028499999999999998,True,True,False,False,0.0,0.0,181.3935266108131,189.1085528298475,11.210903501898622,-2.2069191127719847,379.50606382978725
2025-02-22T02:00:00Z,2025-02-22T02:15:00Z,2025-02-22,2025-02-22_4,-10.999999999999593,100,89,0,10.145002608695666,12.50318199999992,0.007657623913043222,0.206,0.052509999999999994,True,True,False,False,-337.0949999999875,0.0,181.3935266108131,168.30661201856427,36.39925180318647,-4.005563614811242,44.99882681776507
2025-02-22T02:15:00Z,2025-02-22T02:30:00Z,2025-02-22,2025-02-22_4,-10.999999999999593,100,89,0,12.50318199999992,15.05379120869548,0.007275816642511819,0.0355,0.063635,True,True,False,False,-337.0949999999875,0.0,181.3935266108131,168.30661201856427,6.19612761939204,-4.815039383802464,13.986226864979418
2025-02-22T02:30:00Z,2025-02-22T02:45:00Z,2025-02-22,2025-02-22_4,-10.999999999999593,100,89,0,15.05379120869548,17.61808418260843,0.00735413507246351,0.043,0.08721999999999999,True,True,False,False,-337.0949999999875,0.0,181.3935266108131,168.30661201856427,7.299140497860286,-6.606030498463022,13.298248628787107
2025-02-22T02:45:00Z,2025-02-22T03:00:00Z,2025-02-22,2025-02-22_4,-10.999999999999593,100,89,0,17.61808418260843,14.685105460869202,0.019342873115941885,5.115,0.003115,True,True,False,False,-337.0949999999875,0.0,181.3935266108131,168.30661201856427,996.8058314748961,-0.24407811464046777,1009.1668919896455
2025-02-22T03:00:00Z,2025-02-22T03:15:00Z,2025-02-22,2025-02-22_5,-100.0,100,0,0,14.685105460869202,34.287545460869204,0.054451222222222234,3.6929999999999996,0.0,True,True,False,False,-3140.0,0.0,182.50858899403292,0.0,1058.3817617985655,0.0,-1899.1096492074016
2025-02-22T03:15:00Z,2025-02-22T03:30:00Z,2025-02-22,2025-02-22_5,-100.0,100,0,0,34.287545460869204,42.009565460869204,0.02145005555555555,16.6065,0.0,True,True,False,False,-3140.0,0.0,182.50858899403292,0.0,17683.508580254358,0.0,14726.017169248391
2025-02-22T03:30:00Z,2025-02-22T03:45:00Z,2025-02-22,2025-02-22_5,-100.0,100,0,0,42.009565460869204,61.96896546086921,0.05544277777777778,3.305,0.0,True,True,False,False,-3140.0,0.0,182.50858899403292,0.0,663.5843449259639,0.0,-2293.907066080003
2025-02-22T03:45:00Z,2025-02-22T04:00:00Z,2025-02-22,2025-02-22_5,-100.0,100,0,0,61.96896546086921,68.7650054608692,0.018877888888888885,17.613,0.0,True,True,False,False,-3140.0,0.0,182.50858899403292,0.0,16417.36630281478,0.0,13459.874891808811
2025-02-22T04:00:00Z,2025-02-22T04:15:00Z,2025-02-22,2025-02-22_6,-37.87051500970728,100,62,0,68.7650054608692,66.1159244090424,0.03427119789059513,11.096,0.0,True,True,False,False,-1249.7269953203404,0.0,182.50858899403292,117.24730275450544,2632.440338336046,0.0,1682.4692347642438
2025-02-22T04:15:00Z,2025-02-22T04:30:00Z,2025-02-22,2025-02-22_6,-37.87051500970728,100,62,0,66.1159244090424,59.987699578867904,0.03735733562824702,14.494499999999999,0.0,True,True,False,False,-1249.7269953203404,0.0,182.50858899403292,117.24730275450544,4711.721549936712,0.0,3761.75044636491
2025-02-22T04:30:00Z,2025-02-22T04:45:00Z,2025-02-22,2025-02-22_6,-37.87051500970728,100,62,0,59.987699578867904,62.15731199906778,0.029996826747111974,6.389,0.0,True,True,False,False,-1249.7269953203404,0.0,182.50858899403292,117.24730275450544,1319.3728493359854,0.0,369.4017457641834
2025-02-22T04:45:00Z,2025-02-22T05:00:00Z,2025-02-22,2025-02-22_6,-37.87051500970728,100,62,0,62.15731199906778,57.1710571217392,0.03634436324444514,13.379,0.0,True,True,False,False,-1249.7269953203404,0.0,182.50858899403292,117.24730275450544,8441.062240170375,0.0,7491.091136598573
2025-02-22T05:00:00Z,2025-02-22T05:15:00Z,2025-02-22,2025-02-22_7,0.0,100,100,0,57.1710571217392,55.507219730434855,0.004629437198067633,1.532,0.0015,True,True,False,False,0.0,0.0,182.50858899403292,189.1085528298475,276.4088369196151,-0.11753360255560245,647.9084451409399
2025-02-22T05:15:00Z,2025-02-22T05:30:00Z,2025-02-22,2025-02-22_7,0.0,100,100,0,55.507219730434855,45.01265451304355,0.029151570048309174,9.655,0.0,True,True,False,False,0.0,0.0,182.50858899403292,189.1085528298475,1995.5587075321962,0.0,2367.1758493560765
2025-02-22T05:30:00Z,2025-02-22T05:45:00Z,2025-02-22,2025-02-22_7,0.0,100,100,0,45.01265451304355,38.19906755652181,0.01892663043478261,6.2685,0.0,True,True,False,False,0.0,0.0,182.50858899403292,189.1085528298475,1497.224795672353,0.0,1868.8419374962334
2025-02-22T05:45:00Z,2025-02-22T06:00:00Z,2025-02-22,2025-02-22_7,0.0,100,100,0,38.19906755652181,34.98184494782616,0.008964840579710144,2.9645,0.0055,True,True,False,False,0.0,0.0,182.50858899403292,189.1085528298475,572.8174228999659,-0.42512978924316397,944.0094349346032
2025-02-22T06:00:00Z,2025-02-22T06:15:00Z,2025-02-22,2025-02-22_8,33.00000000000002,67,100,0,34.98184494782616,17.881600382608767,0.047500679347826105,7.482225000000001,0.0,True,True,False,False,1196.3325000000007,0.0,122.28075462600205,189.1085528298475,1801.2675362998013,0.0,3308.9893437556516
2025-02-22T06:15:00Z,2025-02-22T06:30:00Z,2025-02-22,2025-02-22_8,33.00000000000002,67,100,0,17.881600382608767,10.000000000000066,0.02979866439613528,1.072,2.3085,True,True,False,False,1196.3325000000007,0.0,122.28075462600205,189.1085528298475,193.77542040865535,-167.07486408293653,1534.422363781569
2025-02-22T06:30:00Z,2025-02-22T06:45:00Z,2025-02-22,2025-02-22_8,33.00000000000002,67,100,0,10.000000000000066,11.183841982608758,0.03236172893719807,0.0,10.4105,True,True,False,False,1196.3325000000007,0.0,122.28075462600205,189.1085528298475,0.0,-526.1513928234184,981.5704146324318
2025-02-22T06:45:00Z,2025-02-22T07:00:00Z,2025-02-22,2025-02-22_8,33.00000000000002,67,100,0,11.183841982608758,16.073534991304406,0.035082299420289856,0.0,14.211000000000002,True,True,False,False,1196.3325000000007,0.0,122.28075462600205,189.1085528298475,0.0,-542.4808631185584,965.2409443372918
2025-02-22T07:00:00Z,2025-02-22T07:15:00Z,2025-02-22,2025-02-22_9,28.0,72,100,0,16.073534991304406,10.091484626087016,0.022810246570048306,0.00036,1.683,True,True,False,False,713.7199999999999,0.0,131.4061840757037,189.50033150503288,0.060755831474896035,-122.47085468024834,912.216416731963
2025-02-22T07:15:00Z,2025-02-22T07:30:00Z,2025-02-22,2025-02-22_9,28.0,72,100,0,10.091484626087016,12.041508104347884,0.03096926811594203,0.0,9.8875,True,True,False,False,713.7199999999999,0.0,131.4061840757037,189.50033150503288,0.0,5042.706447270609,6077.332962851346
2025-02-22T07:30:00Z,2025-02-22T07:45:00Z,2025-02-22,2025-02-22_9,28.0,72,100,0,12.041508104347884,10.097954713043537,0.026963559420289857,0.0,5.86,True,True,False,False,713.7199999999999,0.0,131.4061840757037,189.50033150503288,0.0,700.7169790850462,1735.3434946657826
2025-02-22T07:45:00Z,2025-02-22T08:00:00Z,2025-02-22,2025-02-22_9,28.0,72,100,0,10.097954713043537,19.213513078260924,0.0383411645410628,0.0,17.2995,True,True,False,False,713.7199999999999,0.0,131.4061840757037,189.50033150503288,0.0,9102.936909770358,10137.563425351094
2025-02-22T08:00:00Z,2025-02-22T08:15:00Z,2025-02-22,2025-02-22_10,0.0,100,100,0,19.213513078260924,17.73653742608701,0.006292821256038647,1.7215,0.4285,True,True,False,False,0.0,0.0,182.50858899403292,189.50033150503288,282.8198335442911,-31.091280915355714,623.7374731280012
2025-02-22T08:15:00Z,2025-02-22T08:30:00Z,2025-02-22,2025-02-22_10,0.0,100,100,0,17.73653742608701,17.585372208695706,0.0005221256038647343,0.156,0.02,True,True,False,False,0.0,0.0,182.50858899403292,189.50033150503288,24.970719064553073,-1.567114700741366,395.4125248628775
2025-02-22T08:30:00Z,2025-02-22T08:45:00Z,2025-02-22,2025-02-22_10,0.0,100,100,0,17.585372208695706,16.844018295652226,0.0035083164251207733,0.922,0.2835,True,True,False,False,0.0,0.0,182.50858899403292,189.50033150503288,147.58335241998677,-20.646521306732566,498.94575161232
2025-02-22T08:45:00Z,2025-02-22T09:00:00Z,2025-02-22,2025-02-22_10,0.0,100,100,0,16.844018295652226,17.78894351304353,0.0026549855072463767,0.005,1.033,True,True,False,False,0.0,0.0,182.50858899403292,189.50033150503288,0.8003435597613165,-75.32475860406245,297.48450545476464
2025-02-22T09:00:00Z,2025-02-22T09:15:00Z,2025-02-22,2025-02-22_11,0.0,100,100,0,17.78894351304353,18.907226121739185,0.0035381038647342997,0.0715,1.3,True,True,False,False,0.0,0.0,182.50858899403292,189.1085528298475,10.56050388764993,-94.19560806059512,287.98203765093524
2025-02-22T09:15:00Z,2025-02-22T09:30:00Z,2025-02-22,2025-02-22_11,0.0,100,100,0,18.907226121739185,26.219846121739188,0.020312833333333336,0.0,7.9485,True,True,False,False,0.0,0.0,182.50858899403292,189.1085528298475,0.0,-397.7395991802785,-26.122457356398087
2025-02-22T09:30:00Z,2025-02-22T09:45:00Z,2025-02-22,2025-02-22_11,0.0,100,100,0,26.219846121739188,27.02605916521745,0.0022455193236714977,0.001,0.8775,True,True,False,False,0.0,0.0,182.50858899403292,189.1085528298475,0.14761215920278065,-64.10952624917124,307.65522773391194
2025-02-22T09:45:00Z,2025-02-22T10:00:00Z,2025-02-22,2025-02-22_11,0.0,100,100,0,27.02605916521745,28.04571220869571,0.0028384082125603866,0.001,1.1095,True,True,False,False,0.0,0.0,182.50858899403292,189.1085528298475,0.14761215920278065,-80.70708034476523,291.05767363831797
2025-02-22T10:00:00Z,2025-02-22T10:15:00Z,2025-02-22,2025-02-22_12,-100.0,100,0,0,28.04571220869571,41.92713220869571,0.0385595,9.9115,0.0,True,True,False,False,-1365.75,0.0,182.50858899403292,0.0,5692.418608281599,0.0,4509.177197275631
2025-02-22T10:15:00Z,2025-02-22T10:30:00Z,2025-02-22,2025-02-22_12,-100.0,100,0,0,41.92713220869571,63.794152208695714,0.06074172222222223,1.2315,0.0,True,True,False,False,-1365.75,0.0,182.50858899403292,0.0,178.4181800373697,0.0,-1004.8232309685974
2025-02-22T10:30:00Z,2025-02-22T10:45:00Z,2025-02-22,2025-02-22_12,-100.0,100,0,0,63.794152208695714,86.69249220869571,0.06360650000000001,0.11050000000000001,0.0,True,True,False,False,-1365.75,0.0,182.50858899403292,0.0,15.982127860486612,0.0,-1167.2592831454804
2025-02-22T10:45:00Z,2025-02-22T11:00:00Z,2025-02-22,2025-02-22_12,-100.0,100,0,0,86.69249220869571,109.65983220869572,0.06379816666666667,0.0355,0.0,True,True,False,False,-1365.75,0.0,182.50858899403292,0.0,5.134529765133706,0.0,-1178.1068812408334
2025-02-22T11:00:00Z,2025-02-22T11:15:00Z,2025-02-22,2025-02-22_13,0.0,100,100,0,109.65983220869572,119.42563220869572,0.027127222222222223,0.0,10.615,True,True,False,False,0.0,0.0,182.50858899403292,189.1085528298475,0.0,164.0608572921062,535.6779991159866
2025-02-22T11:15:00Z,2025-02-22T11:30:00Z,2025-02-22,2025-02-22_13,0.0,100,100,0,119.42563220869572,130.14961220869571,0.02978883333333333,0.0,11.6565,True,True,False,False,0.0,0.0,182.50858899403292,189.1085528298475,0.0,-391.4750735338436,-19.857931709963196
2025-02-22T11:30:00Z,2025-02-22T11:45:00Z,2025-02-22,2025-02-22_13,0.0,100,100,0,130.14961220869571,135.78599220869572,0.01565661111111111,0.0,6.1265,True,True,False,False,0.0,0.0,182.50858899403292,189.1085528298475,0.0,-435.5719570851667,-63.95481526128626
2025-02-22T11:45:00Z,2025-02-22T12:00:00Z,2025-02-22,2025-02-22_13,0.0,100,100,0,135.78599220869572,138.55197220869573,0.007683277777777778,0.0,3.0065,True,True,False,False,0.0,0.0,182.50858899403292,189.1085528298475,0.0,-217.6298150603741,153.9873267635063
2025-02-22T12:00:00Z,2025-02-22T12:15:00Z,2025-02-22,2025-02-22_14,-41.642124486225626,100,58,0,138.55197220869573,149.3187884405276,0.02990782286619971,0.0,1.29253,True,True,False,False,-576.8475294454405,0.0,182.50858899403292,109.68296064131155,0.0,-92.81634220762261,-377.4723220177186
2025-02-22T12:15:00Z,2025-02-22T12:30:00Z,2025-02-22,2025-02-22_14,-41.642124486225626,100,58,0,149.3187884405276,159.59736759482436,0.02857099090658067,0.0055,0.76792,True,True,False,False,-576.8475294454405,0.0,182.50858899403292,109.68296064131155,0.7706386996966227,-50.92960597914533,-334.8149470895447
2025-02-22T12:30:00Z,2025-02-22T12:45:00Z,2025-02-22,2025-02-22_14,-41.642124486225626,100,58,0,159.59736759482436,170.20250302665625,0.029458709532866372,0.0,1.1167900000000002,True,True,False,False,-576.8475294454405,0.0,182.50858899403292,109.68296064131155,0.0,-80.7861469330762,-365.44212674317225
2025-02-22T12:45:00Z,2025-02-22T13:00:00Z,2025-02-22,2025-02-22_14,-41.642124486225626,100,58,0,170.20250302665625,179.88082652174103,0.027095673508739503,0.06,0.17573999999999998,True,True,False,False,-576.8475294454405,0.0,182.50858899403292,109.68296064131155,8.406967633054066,-12.929475643421132,-289.1784878204631
2025-02-22T13:00:00Z,2025-02-22T13:15:00Z,2025-02-22,2025-02-22_15,-10.000000000000114,100,90,0,179.88082652174103,189.87832852174105,0.027770838888888965,0.0,8.366850000000001,True,True,False,False,-170.50000000000193,0.0,182.50858899403292,170.19769754686277,0.0,2786.497418449763,2968.7037049906567
2025-02-22T13:15:00Z,2025-02-22T13:30:00Z,2025-02-22,2025-02-22_15,-10.000000000000114,100,90,0,189.87832852174105,190.00000000000196,0.011786345893719866,2.1065,0.0828,True,True,False,False,-170.50000000000193,0.0,182.50858899403292,170.19769754686277,368.0130367870131,-6.159669218250859,544.059654109656
2025-02-22T13:30:00Z,2025-02-22T13:45:00Z,2025-02-22,2025-02-22_15,-10.000000000000114,100,90,0,190.00000000000196,180.36338052174113,0.033845742995169084,11.153,0.0,True,True,False,False,-170.50000000000193,0.0,182.50858899403292,170.19769754686277,9899.623560966791,0.0,10081.829847507684
2025-02-22T13:45:00Z,2025-02-22T14:00:00Z,2025-02-22,2025-02-22_15,-10.000000000000114,100,90,0,180.36338052174113,160.588179826089,0.0571667130434782,20.626,0.0,True,True,False,False,-170.50000000000193,0.0,182.50858899403292,170.19769754686277,23157.9012773994,0.0,23340.107563940295
2025-02-22T14:00:00Z,2025-02-22T14:15:00Z,2025-02-22,2025-02-22_16,-31.969369754253307,0,0,0,160.588179826089,167.94113486956726,0.020424875120772946,0.0,0.0,True,False,False,False,-1028.9341655406429,0.0,0.0,0.0,0.0,0.0,-1028.9341655406429
2025-02-22T14:15:00Z,2025-02-22T14:30:00Z,2025-02-22,2025-02-22_16,-31.969369754253307,0,0,0,167.94113486956726,175.29408991304553,0.020424875120772946,0.0,0.0,True,False,False,False,-1028.9341655406429,0.0,0.0,0.0,0.0,0.0,-1028.9341655406429
2025-02-22T14:30:00Z,2025-02-22T14:45:00Z,2025-02-22,2025-02-22_16,-31.969369754253307,0,0,0,175.29408991304553,182.64704495652379,0.020424875120772946,0.0,0.0,True,False,False,False,-1028.9341655406429,0.0,0.0,0.0,0.0,0.0,-1028.9341655406429
2025-02-22T14:45:00Z,2025-02-22T15:00:00Z,2025-02-22,2025-02-22_16,-31.969369754253307,0,0,0,182.64704495652379,190.00000000000205,0.020424875120772946,0.0,0.0,True,False,False,False,-1028.9341655406429,0.0,0.0,0.0,0.0,0.0,-1028.9341655406429
2025-02-22T15:00:00Z,2025-02-22T15:15:00Z,2025-02-22,2025-02-22_17,0.0,0,0,0,190.00000000000205,190.00000000000205,0.0,0.0,0.0,True,False,False,False,0.0,0.0,0.0,0.0,0.0,0.0,0.0
2025-02-22T15:15:00Z,2025-02-22T15:30:00Z,2025-02-22,2025-02-22_17,0.0,0,0,0,190.00000000000205,190.00000000000205,0.0,0.0,0.0,True,False,False,False,0.0,0.0,0.0,0.0,0.0,0.0,0.0
2025-02-22T15:30:00Z,2025-02-22T15:45:00Z,2025-02-22,2025-02-22_17,0.0,0,0,0,190.00000000000205,190.00000000000205,0.0,0.0,0.0,True,False,False,False,0.0,0.0,0.0,0.0,0.0,0.0,0.0
2025-02-22T15:45:00Z,2025-02-22T16:00:00Z,2025-02-22,2025-02-22_17,0.0,0,0,0,190.00000000000205,190.00000000000205,0.0,0.0,0.0,True,False,False,False,0.0,0.0,0.0,0.0,0.0,0.0,0.0
2025-02-22T16:00:00Z,2025-02-22T16:15:00Z,2025-02-22,2025-02-22_18,99.99999999999997,0,0,0,190.00000000000205,162.8260869565238,0.07548309178743959,0.0,0.0,True,False,False,False,6519.749999999999,0.0,0.0,0.0,0.0,0.0,6519.749999999999
2025-02-22T16:15:00Z,2025-02-22T16:30:00Z,2025-02-22,2025-02-22_18,99.99999999999997,0,0,0,162.8260869565238,135.65217391304554,0.07548309178743959,0.0,0.0,True,False,False,False,6519.749999999999,0.0,0.0,0.0,0.0,0.0,6519.749999999999
2025-02-22T16:30:00Z,2025-02-22T16:45:00Z,2025-02-22,2025-02-22_18,99.99999999999997,0,0,0,135.65217391304554,108.4782608695673,0.07548309178743959,0.0,0.0,True,False,False,False,6519.749999999999,0.0,0.0,0.0,0.0,0.0,6519.749999999999
2025-02-22T16:45:00Z,2025-02-22T17:00:00Z,2025-02-22,2025-02-22_18,99.99999999999997,0,0,0,108.4782608695673,81.30434782608904,0.07548309178743959,0.0,0.0,True,False,False,False,6519.749999999999,0.0,0.0,0.0,0.0,0.0,6519.749999999999
2025-02-22T17:00:00Z,2025-02-22T17:15:00Z,2025-02-22,2025-02-22_19,34.21638438514496,65,100,0,81.30434782608904,71.02763670958144,0.028556506589137616,0.903175,0.003,True,True,False,False,2140.063761368892,0.0,118.6305828461214,189.1085528298475,163.22674781005765,-0.2350672051112049,2610.7945776498073
2025-02-22T17:15:00Z,2025-02-22T17:30:00Z,2025-02-22,2025-02-22_19,34.21638438514496,65,100,0,71.02763670958144,61.47602010892188,0.02658438357731367,0.24732500000000002,0.0155,True,True,False,False,2140.063761368892,0.0,118.6305828461214,189.1085528298475,44.50607735117434,-1.2145138930745587,2491.0944605029604
2025-02-22T17:30:00Z,2025-02-22T17:45:00Z,2025-02-22,2025-02-22_19,34.21638438514496,65,100,0,61.47602010892188,51.75056126118294,0.02701852573962848,0.394225,0.001,True,True,False,False,2140.063761368892,0.0,118.6305828461214,189.1085528298475,70.71607463886042,-0.0783557350370683,2518.440615948684
2025-02-22T17:45:00Z,2025-02-22T18:00:00Z,2025-02-22,2025-02-22_19,34.21638438514496,65,100,0,51.75056126118294,39.201217678263106,0.034859287730332846,2.9913000000000003,0.0,True,True,False,False,2140.063761368892,0.0,118.6305828461214,189.1085528298475,540.8896389608825,0.0,2988.692536005743
2025-02-22T18:00:00Z,2025-02-22T18:15:00Z,2025-02-22,2025-02-22_20,0.0,100,100,0,39.201217678263106,22.590891591306583,0.04613979468599034,15.281500000000001,0.0,True,True,False,False,0.0,0.0,182.50858899403292,189.1085528298475,6214.814392943967,0.0,6586.431534767847
2025-02-22T18:15:00Z,2025-02-22T18:30:00Z,2025-02-22,2025-02-22_20,0.0,100,100,0,22.590891591306583,20.465348113045714,0.005904287439613526,1.9555,0.0,True,True,False,False,0.0,0.0,182.50858899403292,189.1085528298475,353.2637289293392,0.0,724.8808707532196
2025-02-22T18:30:00Z,2025-02-22T18:45:00Z,2025-02-22,2025-02-22_20,0.0,100,100,0,20.465348113045714,17.36275854782832,0.008664304347826087,2.862,0.009,True,True,False,False,0.0,0.0,182.50858899403292,189.1085528298475,591.4811500210959,-0.7052016153336147,962.3930902296427
2025-02-22T18:45:00Z,2025-02-22T19:00:00Z,2025-02-22,2025-02-22_20,0.0,100,100,0,17.36275854782832,16.549381156523975,0.0022696038647342996,0.75,0.002,True,True,False,False,0.0,0.0,182.50858899403292,189.1085528298475,134.8924115484299,-0.1567114700741366,506.35284190223615
2025-02-22T19:00:00Z,2025-02-22T19:15:00Z,2025-02-22,2025-02-22_21,-69.0,100,31,0,16.549381156523975,13.612005434784846,0.028070937004830918,19.354,0.0,True,True,False,False,-3572.475,0.0,182.50858899403292,58.62365137725272,20093.35834046572,0.0,16762.015580837004
2025-02-22T19:15:00Z,2025-02-22T19:30:00Z,2025-02-22,2025-02-22_21,-69.0,100,31,0,13.612005434784846,19.06526140000224,0.03521463009661836,10.7195,0.0,True,True,False,False,-3572.475,0.0,182.50858899403292,58.62365137725272,7020.657625017579,0.0,3689.314865388865
2025-02-22T19:30:00Z,2025-02-22T19:45:00Z,2025-02-22,2025-02-22_21,-69.0,100,31,0,19.06526140000224,18.862408530437023,0.030399080193236717,16.54,0.0,True,True,False,False,-3572.475,0.0,182.50858899403292,58.62365137725272,15526.212613264219,0.0,12194.869853635504
2025-02-22T19:45:00Z,2025-02-22T20:00:00Z,2025-02-22,2025-02-22_21,-69.0,100,31,0,18.862408530437023,25.452619626089195,0.03618262140096618,9.5495,0.0,True,True,False,False,-3572.475,0.0,182.50858899403292,58.62365137725272,4084.1595838105,0.0,752.8168241817857
2025-02-22T20:00:00Z,2025-02-22T20:15:00Z,2025-02-22,2025-02-22_22,-100.0,100,0,0,25.452619626089195,25.902959626089192,0.00125094444444444,24.5105,0.0,True,True,False,False,-4567.0,0.0,182.50858899403292,0.0,29403.86893767706,0.0,25019.377526671095
2025-02-22T20:15:00Z,2025-02-22T20:30:00Z,2025-02-22,2025-02-22_22,-100.0,100,0,0,25.902959626089192,28.15833962608919,0.00626494444444444,22.5485,0.0,True,True,False,False,-4567.0,0.0,182.50858899403292,0.0,25579.167355192578,0.0,21194.675944186612
2025-02-22T20:30:00Z,2025-02-22T20:45:00Z,2025-02-22,2025-02-22_22,-100.0,100,0,0,28.15833962608919,36.09517962608919,0.02204677777777777,16.373,0.0,True,True,False,False,-4567.0,0.0,182.50858899403292,0.0,17094.59557450827,0.0,12710.104163502301
2025-02-22T20:45:00Z,2025-02-22T21:00:00Z,2025-02-22,2025-02-22_22,-100.0,100,0,0,36.09517962608919,55.176899626089195,0.05300477777777778,4.259,0.0,True,True,False,False,-4567.0,0.0,182.50858899403292,0.0,932.4072203805277,0.0,-3452.0841906254395
2025-02-22T21:00:00Z,2025-02-22T21:15:00Z,2025-02-22,2025-02-22_23,-34.947330489056455,100,65,0,55.176899626089195,39.3757278266727,0.04715016701766114,23.176,0.0,True,True,False,False,-1562.6698828181595,0.0,182.50858899403292,123.17521547827137,32140.464507262976,0.0,30883.478428917122
2025-02-22T21:15:00Z,2025-02-22T21:30:00Z,2025-02-22,2025-02-22_23,-34.947330489056455,100,65,0,39.3757278266727,22.494001564389425,0.04827530735759923,24.2265,0.0,True,True,False,False,-1562.6698828181595,0.0,182.50858899403292,123.17521547827137,29222.222067385937,0.0,27965.235989040084
2025-02-22T21:30:00Z,2025-02-22T21:45:00Z,2025-02-22,2025-02-22_23,-34.947330489056455,100,65,0,22.494001564389425,12.356868936582545,0.041252418058242785,17.6695,0.0,True,True,False,False,-1562.6698828181595,0.0,182.50858899403292,123.17521547827137,19078.363327406427,0.0,17821.377249060573
2025-02-22T21:45:00Z,2025-02-22T22:00:00Z,2025-02-22,2025-02-22_23,-34.947330489056455,100,65,0,12.356868936582545,18.28610511672199,0.024523118163275882,2.05,0.0,True,True,False,False,-1562.6698828181595,0.0,182.50858899403292,123.17521547827137,370.20060072730195,0.0,-886.7854776185533
2025-02-22T22:00:00Z,2025-02-22T22:15:00Z,2025-02-23,2025-02-22_24,-74.99535313146639,100,25,0,18.28610511672199,13.79282442446072,0.021653933569620823,22.607,0.0,True,True,False,False,-3153.5545991781614,0.0,182.50858899403292,48.97233439816768,36629.04023607177,0.0,33706.96656028581
2025-02-22T22:15:00Z,2025-02-22T22:30:00Z,2025-02-23,2025-02-22_24,-74.99535313146639,100,25,0,13.79282442446072,17.620577813100823,0.03170389510433763,13.955,0.0,True,True,False,False,-3153.5545991781614,0.0,182.50858899403292,48.97233439816768,11835.055696863763,0.0,8912.982021077802
2025-02-22T22:30:00Z,2025-02-22T22:45:00Z,2025-02-23,2025-02-22_24,-74.99535313146639,100,25,0,17.620577813100823,27.191883620966884,0.03864083110587818,7.983,0.0,True,True,False,False,-3153.5545991781614,0.0,182.50858899403292,48.97233439816768,3839.987718642638,0.0,917.914042856677
2025-02-22T22:45:00Z,2025-02-22T23:00:00Z,2025-02-23,2025-02-22_24,-74.99535313146639,100,25,0,27.191883620966884,43.129702958482355,0.0463305269040433,1.3635,0.00025,True,True,False,False,-3153.5545991781614,0.0,182.50858899403292,48.97233439816768,246.12143390995118,-0.019588933759267076,-2675.971830809769
2025-02-22T23:00:00Z,2025-02-22T23:15:00Z,2025-02-23,2025-02-23_1,-3.5051174524571,100,96,0,43.129702958482355,32.44860411249782,0.032244917125219104,10.6255,0.0,True,True,False,False,-121.41726855311394,0.0,182.50858899403292,187.73551925742873,5195.5563260201325,0.0,5444.38316571848
2025-02-22T23:15:00Z,2025-02-22T23:30:00Z,2025-02-23,2025-02-23_1,-3.5051174524571,100,96,0,32.44860411249782,22.45022275798393,0.030461613156552225,9.994,0.0,True,True,False,False,-121.41726855311394,0.0,182.50858899403292,187.73551925742873,7638.965593795834,0.0,7887.792433494182
2025-02-22T23:30:00Z,2025-02-22T23:45:00Z,2025-02-23,2025-02-23_1,-3.5051174524571,100,96,0,22.45022275798393,21.53311919975419,0.006740705259795612,1.5939999999999999,0.0,True,True,False,False,-121.41726855311394,0.0,182.50858899403292,187.73551925742873,287.74625519860166,0.0,536.5730948969493
2025-02-22T23:45:00Z,2025-02-23T00:00:00Z,2025-02-23,2025-02-23_1,-3.5051174524571,100,96,0,21.53311919975419,16.8505286695652,0.016576410284129334,5.077,0.0,True,True,False,False,-121.41726855311394,0.0,182.50858899403292,187.73551925742873,1070.0399973881424,0.0,1318.86683708649
2025-02-23T00:00:00Z,2025-02-23T00:15:00Z,2025-02-23,2025-02-23_2,-57.0,100,43,0,16.8505286695652,15.613771556521723,0.034125946425120776,14.4655,0.0,True,True,False,False,-2006.685,0.0,181.3935266108131,84.0898680007233,9869.427629437649,0.0,8128.226024049185
2025-02-23T00:15:00Z,2025-02-23T00:30:00Z,2025-02-23,2025-02-23_2,-57.0,100,43,0,15.613771556521723,18.623864808695636,0.034804033188405796,10.1835,0.0,True,True,False,False,-2006.685,0.0,181.3935266108131,84.0898680007233,3288.3172738231574,0.0,1547.1156684346938
2025-02-23T00:30:00Z,2025-02-23T00:45:00Z,2025-02-23,2025-02-23_2,-57.0,100,43,0,18.623864808695636,14.507441643478245,0.0336661554589372,17.369,0.0,True,True,False,False,-2006.685,0.0,181.3935266108131,84.0898680007233,10292.852021577964,0.0,8551.6504161895
2025-02-23T00:45:00Z,2025-02-23T01:00:00Z,2025-02-23,2025-02-23_2,-57.0,100,43,0,14.507441643478245,18.067979069565197,0.034891921594202895,9.6285,0.0,True,True,False,False,-2006.685,0.0,181.3935266108131,84.0898680007233,5347.658415104575,0.0,3606.456809716112
2025-02-23T01:00:00Z,2025-02-23T01:15:00Z,2025-02-23,2025-02-23_3,-49.0,100,51,0,18.067979069565197,20.62736800869563,0.03379818183574879,8.666,0.0,True,True,False,False,-1580.3725,0.0,181.3935266108131,99.73449460550901,1803.7425945793907,0.0,504.49811579571286
2025-02-23T01:15:00Z,2025-02-23T01:30:00Z,2025-02-23,2025-02-23_3,-49.0,100,51,0,20.62736800869563,30.64193837391302,0.03166480898550725,1.249,0.0,True,True,False,False,-1580.3725,0.0,181.3935266108131,99.73449460550901,229.77002792678766,0.0,-1069.4744508568901
2025-02-23T01:30:00Z,2025-02-23T01:45:00Z,2025-02-23,2025-02-23_3,-49.0,100,51,0,30.64193837391302,24.8445282869565,0.03618956135265701,16.98,0.0,True,True,False,False,-1580.3725,0.0,181.3935266108131,99.73449460550901,12400.33301187391,0.0,11101.088533090233
2025-02-23T01:45:00Z,2025-02-23T02:00:00Z,2025-02-23,2025-02-23_3,-49.0,100,51,0,24.8445282869565,33.19129043478259,0.03214278736714976,2.9085,0.000255,True,True,False,False,-1580.3725,0.0,181.3935266108131,99.73449460550901,537.3797495630162,-0.019980712434452416,-761.8847099330961
2025-02-23T02:00:00Z,2025-02-23T02:15:00Z,2025-02-23,2025-02-23_4,0.0,100,100,0,33.19129043478259,23.944551304347804,0.025685386473429946,8.507,0.0,True,True,False,False,0.0,0.0,181.3935266108131,195.52769573865348,4402.1404815864025,0.0,4779.061703935869
2025-02-23T02:15:00Z,2025-02-23T02:30:00Z,2025-02-23,2025-02-23_4,0.0,100,100,0,23.944551304347804,12.04889913043476,0.03304347826086957,10.944,0.0,True,True,False,False,0.0,0.0,181.3935266108131,195.52769573865348,2380.934010005425,0.0,2757.8552323548915
2025-02-23T02:30:00Z,2025-02-23T02:45:00Z,2025-02-23,2025-02-23_4,0.0,100,100,0,12.04889913043476,10.671181739130413,0.0038269927536231886,1.2675,0.0,True,True,False,False,0.0,0.0,181.3935266108131,195.52769573865348,228.59386565005127,0.0,605.5150879995178
2025-02-23T02:45:00Z,2025-02-23T03:00:00Z,2025-02-23,2025-02-23_4,0.0,100,100,0,10.671181739130413,9.999999999999979,0.002130171497584541,0.6615,0.052,True,True,False,False,0.0,0.0,181.3935266108131,195.52769573865348,119.11877554095594,-4.002870632672333,492.03712725775017
2025-02-23T03:00:00Z,2025-02-23T03:15:00Z,2025-02-23,2025-02-23_5,-11.981022684310036,0,0,0,9.999999999999979,12.755635217391287,0.007654542270531412,0.0,0.0,True,False,False,False,-386.38798156899867,0.0,0.0,0.0,0.0,0.0,-386.38798156899867
2025-02-23T03:15:00Z,2025-02-23T03:30:00Z,2025-02-23,2025-02-23_5,-11.981022684310036,0,0,0,12.755635217391287,15.511270434782595,0.007654542270531412,0.0,0.0,True,False,False,False,-386.38798156899867,0.0,0.0,0.0,0.0,0.0,-386.38798156899867
2025-02-23T03:30:00Z,2025-02-23T03:45:00Z,2025-02-23,2025-02-23_5,-11.981022684310036,0,0,0,15.511270434782595,18.266905652173904,0.007654542270531412,0.0,0.0,True,False,False,False,-386.38798156899867,0.0,0.0,0.0,0.0,0.0,-386.38798156899867
2025-02-23T03:45:00Z,2025-02-23T04:00:00Z,2025-02-23,2025-02-23_5,-11.981022684310036,0,0,0,18.266905652173904,21.022540869565212,0.007654542270531412,0.0,0.0,True,False,False,False,-386.38798156899867,0.0,0.0,0.0,0.0,0.0,-386.38798156899867
2025-02-23T04:00:00Z,2025-02-23T04:15:00Z,2025-02-23,2025-02-23_6,-100.0,100,0,0,21.022540869565212,23.649140869565212,0.007296111111111109,22.145,0.0,True,True,False,False,-3397.9999999999995,0.0,182.50858899403292,0.0,24416.080468326203,0.0,21200.589057320238
2025-02-23T04:15:00Z,2025-02-23T04:30:00Z,2025-02-23,2025-02-23_6,-100.0,100,0,0,23.649140869565212,29.47964086956521,0.01619583333333333,18.6625,0.0,True,True,False,False,-3397.9999999999995,0.0,182.50858899403292,0.0,14082.675331002756,0.0,10867.183919996789
2025-02-23T04:30:00Z,2025-02-23T04:45:00Z,2025-02-23,2025-02-23_6,-100.0,100,0,0,29.47964086956521,34.91224086956521,0.015090555555555562,19.095,0.0,True,True,False,False,-3397.9999999999995,0.0,182.50858899403292,0.0,21075.8113254174,0.0,17860.319914411433
2025-02-23T04:45:00Z,2025-02-23T05:00:00Z,2025-02-23,2025-02-23_6,-100.0,100,0,0,34.91224086956521,45.63208086956521,0.029777333333333333,13.348,0.0,True,True,False,False,-3397.9999999999995,0.0,182.50858899403292,0.0,4204.37461756374,0.0,988.8832065577732
2025-02-23T05:00:00Z,2025-02-23T05:15:00Z,2025-02-23,2025-02-23_7,0.0,100,100,0,45.63208086956521,41.73479826086955,0.010825785024154589,3.5854999999999997,0.0,True,True,False,False,0.0,0.0,182.50858899403292,195.52769573865348,656.6205758141965,0.0,1034.6568605468829
2025-02-23T05:15:00Z,2025-02-23T05:30:00Z,2025-02-23,2025-02-23_7,0.0,100,100,0,41.73479826086955,30.13479826086955,0.03222222222222222,10.672,0.0,True,True,False,False,0.0,0.0,182.50858899403292,195.52769573865348,2415.2365756534673,0.0,2793.2728603861538
2025-02-23T05:30:00Z,2025-02-23T05:45:00Z,2025-02-23,2025-02-23_7,0.0,100,100,0,30.13479826086955,26.1625156521739,0.011034118357487922,3.6545,0.0,True,True,False,False,0.0,0.0,182.50858899403292,195.52769573865348,697.2023572016958,0.0,1075.2386419343823
2025-02-23T05:45:00Z,2025-02-23T06:00:00Z,2025-02-23,2025-02-23_7,0.0,100,100,0,26.1625156521739,24.345543478260858,0.005067589371980676,1.675,0.004,True,True,False,False,0.0,0.0,182.50858899403292,195.52769573865348,302.4651618347297,-0.3134229401482732,680.1880236272679
2025-02-23T06:00:00Z,2025-02-23T06:15:00Z,2025-02-23,2025-02-23_8,0.0,100,100,0,24.345543478260858,18.318913043478247,0.016740640096618357,5.5445,0.0,True,True,False,False,0.0,0.0,182.50858899403292,195.52769573865348,1130.0417968577342,0.0,1508.0780815904207
2025-02-23T06:15:00Z,2025-02-23T06:30:00Z,2025-02-23,2025-02-23_8,0.0,100,100,0,18.318913043478247,18.123539130434768,0.0010665942028985507,0.2665,0.10249999999999998,True,True,False,False,0.0,0.0,182.50858899403292,195.52769573865348,47.718668756152944,-7.748878910252546,418.0060745785868
2025-02-23T06:30:00Z,2025-02-23T06:45:00Z,2025-02-23,2025-02-23_8,0.0,100,100,0,18.123539130434768,17.75330956521738,0.0011153043478260868,0.355,0.017,True,True,False,False,0.0,0.0,182.50858899403292,195.52769573865348,63.51035802543549,-1.3320474956301611,440.21459526249174
2025-02-23T06:45:00Z,2025-02-23T07:00:00Z,2025-02-23,2025-02-23_8,0.0,100,100,0,17.75330956521738,19.35180956521738,0.004440277777777778,0.0,1.7375000000000003,True,True,False,False,0.0,0.0,182.50858899403292,195.52769573865348,0.0,-88.40294436742815,289.6333403652583
2025-02-23T07:00:00Z,2025-02-23T07:15:00Z,2025-02-23,2025-02-23_9,0.0,100,100,0,19.35180956521738,11.779239130434767,0.02112691787439614,6.982000000000001,0.018,True,True,False,False,0.0,0.0,182.50858899403292,195.52769573865348,1416.3838410383144,-1.3667060454463262,1793.0534197255545
2025-02-23T07:15:00Z,2025-02-23T07:30:00Z,2025-02-23,2025-02-23_9,0.0,100,100,0,11.779239130434767,10.11738521739129,0.004979149758454106,1.5890000000000002,0.071,True,True,False,False,0.0,0.0,182.50858899403292,195.52769573865348,286.95667771683446,-5.236979285958251,659.7559831635626
2025-02-23T07:30:00Z,2025-02-23T07:45:00Z,2025-02-23,2025-02-23_9,0.0,100,100,0,10.11738521739129,11.237987826086941,0.0031278816425120773,0.0025,1.221,True,True,False,False,0.0,0.0,182.50858899403292,195.52769573865348,0.42191549635344466,-66.30339340606353,312.1548068229763
2025-02-23T07:45:00Z,2025-02-23T08:00:00Z,2025-02-23,2025-02-23_9,0.0,100,100,0,11.237987826086941,15.591427826086942,0.012092888888888889,0.0,4.732,True,True,False,False,0.0,0.0,182.50858899403292,195.52769573865348,0.0,-191.29266630502485,186.74361842766154
2025-02-23T08:00:00Z,2025-02-23T08:15:00Z,2025-02-23,2025-02-23_10,0.0,100,100,0,15.591427826086942,11.520317391304335,0.011339306763285024,3.7505,0.006,True,True,False,False,0.0,0.0,182.50858899403292,195.88933759267073,681.4580058465434,-0.46722078235187764,1059.3887116508952
2025-02-23T08:15:00Z,2025-02-23T08:30:00Z,2025-02-23,2025-02-23_10,0.0,100,100,0,11.520317391304335,9.99999999999999,0.008222548309178743,2.061,0.7825000000000001,True,True,False,False,0.0,0.0,182.50858899403292,195.88933759267073,372.50919715508405,-46.81322403712856,704.0938997046592
2025-02-23T08:30:00Z,2025-02-23T08:45:00Z,2025-02-23,2025-02-23_10,0.0,100,100,0,9.99999999999999,13.622959999999988,0.010063777777777777,0.0,3.9379999999999997,True,True,False,False,0.0,0.0,182.50858899403292,195.88933759267073,0.0,-159.47107950093422,218.92684708576942
2025-02-23T08:45:00Z,2025-02-23T09:00:00Z,2025-02-23,2025-02-23_10,0.0,100,100,0,13.622959999999988,20.499959999999987,0.019102777777777778,0.0,7.475,True,True,False,False,0.0,0.0,182.50858899403292,195.88933759267073,0.0,-214.10221405179516,164.2957125349085
2025-02-23T09:00:00Z,2025-02-23T09:15:00Z,2025-02-23,2025-02-23_11,0.0,100,100,0,20.499959999999987,21.405243478260857,0.0025811014492753623,0.011,0.997,True,True,False,False,0.0,0.0,182.50858899403292,195.88933759267073,1.8899654431117272,-42.903870773310835,337.3840212565045
2025-02-23T09:15:00Z,2025-02-23T09:30:00Z,2025-02-23,2025-02-23_11,0.0,100,100,0,21.405243478260857,22.443463478260856,0.002883944444444445,0.0,1.1285,True,True,False,False,0.0,0.0,182.50858899403292,195.88933759267073,0.0,-45.5188647459466,332.87906184075706
2025-02-23T09:30:00Z,2025-02-23T09:45:00Z,2025-02-23,2025-02-23_11,0.0,100,100,0,22.443463478260856,26.544823478260856,0.011392666666666669,0.0,4.458,True,True,False,False,0.0,0.0,182.50858899403292,195.88933759267073,0.0,-170.17660177204513,208.22132481465852
2025-02-23T09:45:00Z,2025-02-23T10:00:00Z,2025-02-23,2025-02-23_11,0.0,100,100,0,26.544823478260856,28.207311304347815,0.004732756038647343,0.019,1.8295,True,True,False,False,0.0,0.0,182.50858899403292,195.88933759267073,3.240093022321339,-71.9784177164326,309.6596018925924
2025-02-23T10:00:00Z,2025-02-23T10:15:00Z,2025-02-23,2025-02-23_12,-5.186034728035862,100,94,0,28.207311304347815,20.41679783285084,0.026058666968108234,8.331,0.0,True,True,False,False,-114.53357696867202,0.0,182.50858899403292,183.79603399433427,1541.075152190947,0.0,1792.8461982106421
2025-02-23T10:15:00Z,2025-02-23T10:30:00Z,2025-02-23,2025-02-23_12,-5.186034728035862,100,94,0,20.41679783285084,16.172267658406003,0.017080376320013087,5.0425,0.0,True,True,False,False,-114.53357696867202,0.0,182.50858899403292,183.79603399433427,905.3188581158462,0.0,1157.0899041355412
2025-02-23T10:30:00Z,2025-02-23T10:45:00Z,2025-02-23,2025-02-23_12,-5.186034728035862,100,94,0,16.172267658406003,10.945947065239569,0.019566231158112714,5.953,0.0,True,True,False,False,-114.53357696867202,0.0,182.50858899403292,183.79603399433427,1074.3171816044844,0.0,1326.0882276241796
2025-02-23T10:45:00Z,2025-02-23T11:00:00Z,2025-02-23,2025-02-23_12,-5.186034728035862,100,94,0,10.945947065239569,11.362403652161627,0.005370777864648569,0.736,0.0188,True,True,False,False,-114.53357696867202,0.0,182.50858899403292,183.79603399433427,130.67345588973942,-1.4260623229461757,381.0184395864884
2025-02-23T11:00:00Z,2025-02-23T11:15:00Z,2025-02-23,2025-02-23_13,-100.00000000000001,100,0,0,11.362403652161627,32.80898365216163,0.05957383333333334,1.6884999999999997,0.0,True,True,False,False,-1869.5000000000002,0.0,182.50858899403292,0.0,283.1406851104012,0.0,-1403.850725895566
2025-02-23T11:15:00Z,2025-02-23T11:30:00Z,2025-02-23,2025-02-23_13,-100.00000000000001,100,0,0,32.80898365216163,51.27660365216163,0.05129894444444445,4.9265,0.0,True,True,False,False,-1869.5000000000002,0.0,182.50858899403292,0.0,856.8812007514114,0.0,-830.1102102545559
2025-02-23T11:30:00Z,2025-02-23T11:45:00Z,2025-02-23,2025-02-23_13,-100.00000000000001,100,0,0,51.27660365216163,73.47114365216164,0.06165150000000002,0.8755,0.0,True,True,False,False,-1869.5000000000002,0.0,182.50858899403292,0.0,144.62381210696563,0.0,-1542.3675988990017
2025-02-23T11:45:00Z,2025-02-23T12:00:00Z,2025-02-23,2025-02-23_13,-100.00000000000001,100,0,0,73.47114365216164,96.35568365216164,0.06356816666666668,0.1255,0.0,True,True,False,False,-1869.5000000000002,0.0,182.50858899403292,0.0,20.73134028489342,0.0,-1666.2600707210738
2025-02-23T12:00:00Z,2025-02-23T12:15:00Z,2025-02-23,2025-02-23_14,-91.99999999999997,100,8,0,96.35568365216164,117.61832730433555,0.059064589855072444,0.0035000000000000005,0.11512,True,True,False,False,-1705.4499999999996,0.0,182.50858899403292,15.642215659092278,0.5759709079219659,-8.363656617041368,-1515.086881055994
2025-02-23T12:15:00Z,2025-02-23T12:30:00Z,2025-02-23,2025-02-23_14,-91.99999999999997,100,8,0,117.61832730433555,138.90837850433556,0.0591390311111111,0.0,0.14135999999999999,True,True,False,False,-1705.4499999999996,0.0,182.50858899403292,15.642215659092278,0.0,-10.257368790307998,-1517.5565641371825
2025-02-23T12:30:00Z,2025-02-23T12:45:00Z,2025-02-23,2025-02-23_14,-91.99999999999997,100,8,0,138.90837850433556,160.0087827130312,0.05864677497584539,0.0715,0.00776,True,True,False,False,-1705.4499999999996,0.0,182.50858899403292,15.642215659092278,11.766262833263015,-0.5925947160106887,-1496.125527229622
2025-02-23T12:45:00Z,2025-02-23T13:00:00Z,2025-02-23,2025-02-23_14,-91.99999999999997,100,8,0,160.0087827130312,181.15194086955293,0.05874717845410626,0.0335,0.01568,True,True,False,False,-1705.4499999999996,0.0,182.50858899403292,15.642215659092278,5.512864404395959,-1.1603067687300344,-1502.9466377112085
2025-02-23T13:00:00Z,2025-02-23T13:15:00Z,2025-02-23,2025-02-23_15,0.0,100,100,0,181.15194086955293,187.06892086955293,0.016436055555555554,0.0,6.4315,True,True,False,False,0.0,0.0,182.50858899403292,195.52769573865348,0.0,-250.97231812428424,127.06396660840215
2025-02-23T13:15:00Z,2025-02-23T13:30:00Z,2025-02-23,2025-02-23_15,0.0,100,100,0,187.06892086955293,189.7906999999877,0.007578613526570049,0.003,2.962,True,True,False,False,0.0,0.0,182.50858899403292,195.52769573865348,0.5062985956241336,-131.69661503224643,246.84596829606411
2025-02-23T13:30:00Z,2025-02-23T13:45:00Z,2025-02-23,2025-02-23_15,0.0,100,100,0,189.7906999999877,189.8326086956399,0.0010463647342995167,0.154,0.2275,True,True,False,False,0.0,0.0,182.50858899403292,195.52769573865348,27.484790549092885,-16.884857754204088,388.6362175275752
2025-02-23T13:45:00Z,2025-02-23T14:00:00Z,2025-02-23,2025-02-23_15,0.0,100,100,0,189.8326086956399,182.98681565216162,0.019519536231884058,6.3815,0.0985,True,True,False,False,0.0,0.0,182.50858899403292,195.52769573865348,1408.873857914934,-5.701177546059109,1781.2089651015613
2025-02-23T14:00:00Z,2025-02-23T14:15:00Z,2025-02-23,2025-02-23_16,-0.8882630245746826,0,0,0,182.98681565216162,183.1911161478138,0.0005675013768116027,0.0,0.0,True,False,False,False,-30.804961692249993,0.0,0.0,0.0,0.0,0.0,-30.804961692249993
2025-02-23T14:15:00Z,2025-02-23T14:30:00Z,2025-02-23,2025-02-23_16,-0.8882630245746826,0,0,0,183.1911161478138,183.39541664346598,0.0005675013768116027,0.0,0.0,True,False,False,False,-30.804961692249993,0.0,0.0,0.0,0.0,0.0,-30.804961692249993
2025-02-23T14:30:00Z,2025-02-23T14:45:00Z,2025-02-23,2025-02-23_16,-0.8882630245746826,0,0,0,183.39541664346598,183.59971713911816,0.0005675013768116027,0.0,0.0,True,False,False,False,-30.804961692249993,0.0,0.0,0.0,0.0,0.0,-30.804961692249993
2025-02-23T14:45:00Z,2025-02-23T15:00:00Z,2025-02-23,2025-02-23_16,-0.8882630245746826,0,0,0,183.59971713911816,183.80401763477033,0.0005675013768116027,0.0,0.0,True,False,False,False,-30.804961692249993,0.0,0.0,0.0,0.0,0.0,-30.804961692249993
2025-02-23T15:00:00Z,2025-02-23T15:15:00Z,2025-02-23,2025-02-23_17,-49.0,100,51,0,183.80401763477033,189.99999999998775,0.032780536763285024,5.0555,0.00816,True,True,False,False,-2191.0350000000003,0.0,182.50858899403292,96.44536194322222,1449.6079737006007,-0.6023936833222832,-463.0754690454667
2025-02-23T15:15:00Z,2025-02-23T15:30:00Z,2025-02-23,2025-02-23_17,-49.0,100,51,0,189.99999999998775,188.0874862608573,0.035077860386473425,13.114999999999998,0.0,True,True,False,False,-2191.0350000000003,0.0,182.50858899403292,96.44536194322222,5663.014471701525,0.0,3750.9334226387796
2025-02-23T15:30:00Z,2025-02-23T15:45:00Z,2025-02-23,2025-02-23_17,-49.0,100,51,0,188.0874862608573,189.94528201737907,0.033998949565217394,9.364,0.0,True,True,False,False,-2191.0350000000003,0.0,182.50858899403292,96.44536194322222,2364.9212544954094,0.0,452.8402054326642
2025-02-23T15:45:00Z,2025-02-23T16:00:00Z,2025-02-23,2025-02-23_17,-49.0,100,51,0,189.94528201737907,181.8586477565095,0.036844645169082126,19.2575,0.0,True,True,False,False,-2191.0350000000003,0.0,182.50858899403292,96.44536194322222,13210.216307536217,0.0,11298.135258473472
2025-02-23T16:00:00Z,2025-02-23T16:15:00Z,2025-02-23,2025-02-23_18,0.0,100,100,0,181.8586477565095,181.29478340868343,0.005052067632850242,1.096,0.682,True,True,False,False,0.0,0.0,182.50858899403292,189.1085528298475,197.84216985112414,-40.94384184196252,528.5154698330421
2025-02-23T16:15:00Z,2025-02-23T16:30:00Z,2025-02-23,2025-02-23_18,0.0,100,100,0,181.29478340868343,166.58337036520516,0.040865036231884054,13.5345,0.0,True,True,False,False,0.0,0.0,182.50858899403292,189.1085528298475,5066.307633656803,0.0,5437.924775480683
2025-02-23T16:30:00Z,2025-02-23T16:45:00Z,2025-02-23,2025-02-23_18,0.0,100,100,0,166.58337036520516,152.30456601737907,0.03966334541062803,13.136500000000002,0.0,True,True,False,False,0.0,0.0,182.50858899403292,189.1085528298475,4552.207790368273,0.0,4923.824932192153
2025-02-23T16:45:00Z,2025-02-23T17:00:00Z,2025-02-23,2025-02-23_18,0.0,100,100,0,152.30456601737907,136.75293558259648,0.04319897342995168,14.307499999999997,0.0,True,True,False,False,0.0,0.0,182.50858899403292,189.1085528298475,4912.000204428103,0.0,5283.617346251983
2025-02-23T17:00:00Z,2025-02-23T17:15:00Z,2025-02-23,2025-02-23_19,1.0,99,100,0,136.75293558259648,135.48888502607474,0.0035517315458937194,0.9197099999999999,0.008,True,True,False,False,58.175,0.0,180.68350310409258,189.1085528298475,165.16899914411428,-0.6268458802965464,592.5092091977579
2025-02-23T17:15:00Z,2025-02-23T17:30:00Z,2025-02-23,2025-02-23_19,1.0,99,100,0,135.48888502607474,135.21065311303127,0.001038516425120773,0.05048999999999999,0.0525,True,True,False,False,58.175,0.0,180.68350310409258,189.1085528298475,8.604541649086853,-4.081030377915737,432.4905672051112
2025-02-23T17:30:00Z,2025-02-23T17:45:00Z,2025-02-23,2025-02-23_19,1.0,99,100,0,135.21065311303127,134.85687557390085,0.00116740538647343,0.106425,0.0365,True,True,False,False,58.175,0.0,180.68350310409258,189.1085528298475,18.26527374781508,-2.8449144114278826,443.38741527032727
2025-02-23T17:45:00Z,2025-02-23T18:00:00Z,2025-02-23,2025-02-23_19,1.0,99,100,0,134.85687557390085,131.19062013911824,0.010184042874396136,3.122955,0.0,True,True,False,False,58.175,0.0,180.68350310409258,189.1085528298475,564.6058942468809,0.0,992.572950180821
2025-02-23T18:00:00Z,2025-02-23T18:15:00Z,2025-02-23,2025-02-23_20,99.99999999999994,0,100,0,131.19062013911824,104.01670709563999,0.07548309178743957,0.0,0.0,True,True,False,False,6121.499999999997,0.0,0.0,189.1085528298475,0.0,0.0,6310.6085528298445
2025-02-23T18:15:00Z,2025-02-23T18:30:00Z,2025-02-23,2025-02-23_20,99.99999999999994,0,100,0,104.01670709563999,76.84279405216174,0.07548309178743956,0.0,0.0,True,True,False,False,6121.499999999997,0.0,0.0,189.1085528298475,0.0,0.0,6310.6085528298445
2025-02-23T18:30:00Z,2025-02-23T18:45:00Z,2025-02-23,2025-02-23_20,99.99999999999994,0,100,0,76.84279405216174,49.66888100868349,0.07548309178743956,0.0,0.0,True,True,False,False,6121.499999999997,0.0,0.0,189.1085528298475,0.0,0.0,6310.6085528298445
2025-02-23T18:45:00Z,2025-02-23T19:00:00Z,2025-02-23,2025-02-23_20,99.99999999999994,0,100,0,49.66888100868349,22.553120139118295,0.07532155797101443,0.0,0.0535,True,True,False,False,6121.499999999997,0.0,0.0,189.1085528298475,0.0,-4.034110461495189,6306.57444236835
2025-02-23T19:00:00Z,2025-02-23T19:15:00Z,2025-02-23,2025-02-23_21,-3.5112889382584225,100,96,0,22.553120139118295,17.870181827048874,0.016588118688582315,5.0795,0.0009600000000000001,True,True,False,False,-163.40660896420135,0.0,182.50858899403292,181.5442107166536,1232.4898065216082,-0.07522150563558558,1433.0607757624578
2025-02-23T19:15:00Z,2025-02-23T19:30:00Z,2025-02-23,2025-02-23_21,-3.5112889382584225,100,96,0,17.870181827048874,10.784709558877347,0.022858234005186294,7.301,0.0,True,True,False,False,-163.40660896420135,0.0,182.50858899403292,181.5442107166536,1858.110587467101,0.0,2058.756778213586
2025-02-23T19:30:00Z,2025-02-23T19:45:00Z,2025-02-23,2025-02-23_21,-3.5112889382584225,100,96,0,10.784709558877347,11.230086323574168,0.0032036395627651907,0.3375,0.00288,True,True,False,False,-163.40660896420135,0.0,182.50858899403292,181.5442107166536,59.68297570972215,-0.2256645169067567,260.10350193930054
2025-02-23T19:45:00Z,2025-02-23T20:00:00Z,2025-02-23,2025-02-23_21,-3.5112889382584225,100,96,0,11.230086323574168,10.779510869553063,0.005615064921575579,1.1785,0.017279999999999997,True,True,False,False,-163.40660896420135,0.0,182.50858899403292,181.5442107166536,212.50078958471462,-1.2664223253571212,411.88055800584266
2025-02-23T20:00:00Z,2025-02-23T20:15:00Z,2025-02-23,2025-02-23_22,-97.0,100,3,0,10.779510869553063,10.977177999987843,0.004879691304347823,23.905,0.0,True,True,False,False,-4337.3550000000005,0.0,182.50858899403292,5.866734976794648,28347.584772868828,0.0,24198.605096839656
2025-02-23T20:15:00Z,2025-02-23T20:30:00Z,2025-02-23,2025-02-23_22,-97.0,100,3,0,10.977177999987843,17.192026695640017,0.020415642512077295,17.4,0.0,True,True,False,False,-4337.3550000000005,0.0,182.50858899403292,5.866734976794648,17540.425652462178,0.0,13391.445976433004
2025-02-23T20:30:00Z,2025-02-23T20:45:00Z,2025-02-23,2025-02-23_22,-97.0,100,3,0,17.192026695640017,36.75336335650958,0.05487536149758455,2.9715,0.0,True,True,False,False,-4337.3550000000005,0.0,182.50858899403292,5.866734976794648,537.3093846061117,0.0,-3611.6702914230614
2025-02-23T20:45:00Z,2025-02-23T21:00:00Z,2025-02-23,2025-02-23_22,-97.0,100,3,0,36.75336335650958,55.886420991292184,0.05376957434782608,3.4345,0.0,True,True,False,False,-4337.3550000000005,0.0,182.50858899403292,5.866734976794648,749.0974818676793,0.0,-3399.8821941614938
2025-02-23T21:00:00Z,2025-02-23T21:15:00Z,2025-02-23,2025-02-23_23,-1.887560735996911,100,98,0,55.886420991292184,34.17408622046049,0.06075254737091675,20.434,0.0,True,True,False,False,-76.73406282011443,0.0,182.50858899403292,191.97155084081732,21853.66891045346,0.0,22151.414987468197
2025-02-23T21:15:00Z,2025-02-23T21:30:00Z,2025-02-23,2025-02-23_23,-1.887560735996911,100,98,0,34.17408622046049,20.979917758741173,0.03784922211872695,12.5745,0.0,True,True,False,False,-76.73406282011443,0.0,182.50858899403292,191.97155084081732,3432.540641010187,0.0,3730.2867180249227
2025-02-23T21:30:00Z,2025-02-23T21:45:00Z,2025-02-23,2025-02-23_23,-1.887560735996911,100,98,0,20.979917758741173,10.588469326968367,0.030313373896554696,9.9885,0.0,True,True,False,False,-76.73406282011443,0.0,182.50858899403292,191.97155084081732,2325.655047616178,0.0,2623.4011246309137
2025-02-23T21:45:00Z,2025-02-23T22:00:00Z,2025-02-23,2025-02-23_23,-1.887560735996911,100,98,0,10.588469326968367,10.421679180848823,0.0032603454925076653,0.6285,0.08721999999999999,True,True,False,False,-76.73406282011443,0.0,182.50858899403292,191.97155084081732,113.11560484600083,-6.745588106001246,404.1160937547354
2025-02-23T22:00:00Z,2025-02-23T22:15:00Z,2025-02-24,2025-02-23_24,0.0,100,100,0,10.421679180848823,10.618269615631432,0.0006064710144927536,0.01,0.2255,True,True,False,False,0.0,0.0,182.50858899403292,195.5578325598216,1.6876619854137787,-17.51590380326683,362.2381797360015
2025-02-23T22:15:00Z,2025-02-23T22:30:00Z,2025-02-24,2025-02-23_24,0.0,100,100,0,10.618269615631432,11.004419180848823,0.001081695652173913,0.0015,0.4215,True,True,False,False,0.0,0.0,182.50858899403292,195.5578325598216,0.2531492978120668,-22.180216985112413,356.1393538665542
2025-02-23T22:30:00Z,2025-02-23T22:45:00Z,2025-02-24,2025-02-23_24,0.0,100,100,0,11.004419180848823,14.644399180848822,0.010111055555555557,0.0,3.9565,True,True,False,False,0.0,0.0,182.50858899403292,195.5578325598216,0.0,816.9747621200249,1195.0411836738795
2025-02-23T22:45:00Z,2025-02-23T23:00:00Z,2025-02-24,2025-02-23_24,0.0,100,100,0,14.644399180848822,16.648878311283607,0.005725002415458937,0.026,2.2095,True,True,False,False,0.0,0.0,182.50858899403292,195.5578325598216,4.387921162075824,270.06479717919353,652.5191398951239
2025-02-23T23:00:00Z,2025-02-23T23:15:00Z,2025-02-24,2025-02-24_1,0.0,100,100,0,16.648878311283607,16.341145267805345,0.0008752584541062801,0.2865,0.004,True,True,False,False,0.0,0.0,182.50858899403292,195.5578325598216,50.91915405942981,-0.31402567657163527,428.6715499367127
2025-02-23T23:15:00Z,2025-02-23T23:30:00Z,2025-02-24,2025-02-24_1,0.0,100,100,0,16.341145267805345,18.47329657215317,0.00610380193236715,0.03,2.353,True,True,False,False,0.0,0.0,182.50858899403292,195.5578325598216,5.062985956241335,-98.74393124786532,284.38547626223055
2025-02-23T23:30:00Z,2025-02-23T23:45:00Z,2025-02-24,2025-02-24_1,0.0,100,100,0,18.47329657215317,19.28883744171839,0.0023167198067632847,0.0085,0.8964999999999999,True,True,False,False,0.0,0.0,182.50858899403292,195.5578325598216,1.434512687601712,-38.14965664115082,341.3512776003054
2025-02-23T23:45:00Z,2025-02-24T00:00:00Z,2025-02-24,2025-02-24_1,0.0,100,100,0,19.28883744171839,20.23305048519665,0.0026288526570048313,0.001,1.0275,True,True,False,False,0.0,0.0,182.50858899403292,195.5578325598216,0.16876619854137787,-42.923253571213316,335.3119341811826
2025-02-24T00:00:00Z,2025-02-24T00:15:00Z,2025-02-24,2025-02-24_2,-19.0,100,81,0,20.23305048519665,24.8492848938923,0.012906025531400966,0.017,0.287145,True,True,False,False,-589.6175,0.0,181.3935266108131,158.6703634500633,2.869025375203424,-17.40754184196251,-264.09212640588265
2025-02-24T00:15:00Z,2025-02-24T00:30:00Z,2025-02-24,2025-02-24_2,-19.0,100,81,0,24.8492848938923,29.40981141563143,0.012707259661835748,0.008,0.21627000000000002,True,True,False,False,-589.6175,0.0,181.3935266108131,158.6703634500633,1.350129588331023,-11.29741678018203,-259.5008971309746
2025-02-24T00:30:00Z,2025-02-24T00:45:00Z,2025-02-24,2025-02-24_2,-19.0,100,81,0,29.40981141563143,38.88443141563143,0.026318388888888884,0.0,5.548499999999999,True,True,False,False,-589.6175,0.0,181.3935266108131,158.6703634500633,0.0,102.24810981857631,-147.30550012054726
2025-02-24T00:45:00Z,2025-02-24T01:00:00Z,2025-02-24,2025-02-24_2,-19.0,100,81,0,38.88443141563143,45.28249321563143,0.01777239388888889,0.0,2.204415,True,True,False,False,-589.6175,0.0,181.3935266108131,158.6703634500633,0.0,-67.0988441353746,-316.65245407449817
2025-02-24T01:00:00Z,2025-02-24T01:15:00Z,2025-02-24,2025-02-24_3,-100.0,100,0,0,45.28249321563143,68.26685321563144,0.06384544444444445,0.017,0.0,True,True,False,False,-3000.0,0.0,181.3935266108131,0.0,2.87505374399775,0.0,-2815.7314196451894
2025-02-24T01:15:00Z,2025-02-24T01:30:00Z,2025-02-24,2025-02-24_3,-100.0,100,0,0,68.26685321563144,91.26501321563144,0.06388377777777779,0.002,0.0,True,True,False,False,-3000.0,0.0,181.3935266108131,0.0,0.33753239708275573,0.0,-2818.268940992104
2025-02-24T01:30:00Z,2025-02-24T01:45:00Z,2025-02-24,2025-02-24_3,-100.0,100,0,0,91.26501321563144,114.25121321563145,0.06385055555555555,0.015,0.0,True,True,False,False,-3000.0,0.0,181.3935266108131,0.0,2.5314929781206676,0.0,-2816.074980411066
2025-02-24T01:45:00Z,2025-02-24T02:00:00Z,2025-02-24,2025-02-24_3,-100.0,100,0,0,114.25121321563145,137.25121321563145,0.0638888888888889,0.0,0.0,True,True,False,False,-3000.0,0.0,181.3935266108131,0.0,0.0,0.0,-2818.6064733891867
2025-02-24T02:00:00Z,2025-02-24T02:15:00Z,2025-02-24,2025-02-24_4,0.0,100,100,0,137.25121321563145,138.32577321563144,0.002984888888888889,0.0,1.168,True,True,False,False,0.0,0.0,181.3935266108131,195.5578325598216,0.0,-63.83226890080968,313.11909026982505
2025-02-24T02:15:00Z,2025-02-24T02:30:00Z,2025-02-24,2025-02-24_4,0.0,100,100,0,138.32577321563144,138.529931476501,0.0006033381642512076,0.006,0.22899999999999998,True,True,False,False,0.0,0.0,181.3935266108131,195.5578325598216,1.0125971912482672,-16.874308962690616,361.08964739919236
2025-02-24T02:30:00Z,2025-02-24T02:45:00Z,2025-02-24,2025-02-24_4,0.0,100,100,0,138.529931476501,138.76424017215317,0.0006780314009661836,0.0045,0.26,True,True,False,False,0.0,0.0,181.3935266108131,195.5578325598216,0.7594478934362003,-19.320800433970227,358.3900066301007
2025-02-24T02:45:00Z,2025-02-24T03:00:00Z,2025-02-24,2025-02-24_4,0.0,100,100,0,138.76424017215317,142.95438017215318,0.01163927777777778,0.0,4.5545,True,True,False,False,0.0,0.0,181.3935266108131,195.5578325598216,0.0,2666.577257850642,3043.5286170212767
2025-02-24T03:00:00Z,2025-02-24T03:15:00Z,2025-02-24,2025-02-24_5,0.0,100,100,0,142.95438017215318,150.53932017215317,0.02106927777777778,0.0,8.2445,True,True,False,False,0.0,0.0,182.50858899403292,195.5578325598216,0.0,1321.6443843047439,1699.7108058585984
2025-02-24T03:15:00Z,2025-02-24T03:30:00Z,2025-02-24,2025-02-24_5,0.0,100,100,0,150.53932017215317,162.35074017215317,0.0328095,0.0,12.8385,True,True,False,False,0.0,0.0,182.50858899403292,195.5578325598216,0.0,5911.1319209209805,6289.198342474835
2025-02-24T03:30:00Z,2025-02-24T03:45:00Z,2025-02-24,2025-02-24_5,0.0,100,100,0,162.35074017215317,171.07004017215317,0.024220277777777775,0.0,9.4775,True,True,False,False,0.0,0.0,182.50858899403292,195.5578325598216,0.0,198.79271894400577,576.8591404978603
2025-02-24T03:45:00Z,2025-02-24T04:00:00Z,2025-02-24,2025-02-24_5,0.0,100,100,0,171.07004017215317,177.57720017215317,0.018075444444444446,0.0,7.073,True,True,False,False,0.0,0.0,182.50858899403292,195.5578325598216,0.0,547.0124876941314,925.078909247986
2025-02-24T04:00:00Z,2025-02-24T04:15:00Z,2025-02-24,2025-02-24_6,0.0,100,100,0,177.57720017215317,183.04062017215318,0.015176166666666668,0.0,5.9385,True,True,False,False,0.0,0.0,182.50858899403292,195.5578325598216,0.0,272.1857241878127,650.2521457416672
2025-02-24T04:15:00Z,2025-02-24T04:30:00Z,2025-02-24,2025-02-24_6,0.0,100,100,0,183.04062017215318,189.69498017215318,0.01848433333333333,0.0,7.232999999999999,True,True,False,False,0.0,0.0,182.50858899403292,195.5578325598216,0.0,4404.374284853233,4782.440706407087
2025-02-24T04:30:00Z,2025-02-24T04:45:00Z,2025-02-24,2025-02-24_6,0.0,100,100,0,189.69498017215318,187.09352712867494,0.007420480676328502,2.4255,0.038,True,True,False,False,0.0,0.0,182.50858899403292,195.5578325598216,438.3038777047798,-2.8770610571996866,813.4932382014346
2025-02-24T04:45:00Z,2025-02-24T05:00:00Z,2025-02-24,2025-02-24_6,0.0,100,100,0,187.09352712867494,178.8612949547619,0.022872422705314005,7.5745,0.001,True,True,False,False,0.0,0.0,182.50858899403292,195.5578325598216,1606.3455035862817,-0.0783557350370683,1984.333569405099
2025-02-24T05:00:00Z,2025-02-24T05:15:00Z,2025-02-24,2025-02-24_7,43.81619111132372,56,100,0,178.8612949547619,167.55260142663354,0.03335999383548986,0.06944,0.678,True,True,False,False,2662.7099338351427,0.0,102.20480983665844,189.1085528298475,12.046534852229122,-38.67745283587488,2927.3923785180027
2025-02-24T05:15:00Z,2025-02-24T05:30:00Z,2025-02-24,2025-02-24_7,43.81619111132372,56,100,0,167.55260142663354,155.31978334029512,0.03404609742850031,0.32116,0.023,True,True,False,False,2662.7099338351427,0.0,102.20480983665844,189.1085528298475,57.63025948204851,-1.7264394350350591,3009.927116548662
2025-02-24T05:30:00Z,2025-02-24T05:45:00Z,2025-02-24,2025-02-24_7,43.81619111132372,56,100,0,155.31978334029512,139.23664445134847,0.044675385802629614,3.8424400000000007,0.0,True,True,False,False,2662.7099338351427,0.0,102.20480983665844,189.1085528298475,1010.4151185582547,0.0,3964.4384150599035
2025-02-24T05:45:00Z,2025-02-24T06:00:00Z,2025-02-24,2025-02-24_7,43.81619111132372,56,100,0,139.23664445134847,118.55115773631485,0.05745968531953782,8.0766,0.0,True,True,False,False,2662.7099338351427,0.0,102.20480983665844,189.1085528298475,2806.592942679766,0.0,5760.616239181415
2025-02-24T06:00:00Z,2025-02-24T06:15:00Z,2025-02-24,2025-02-24_8,100.0,0,100,0,118.55115773631485,91.40441860588007,0.07540760869565216,0.0,0.025,True,True,False,False,7119.750000000001,0.0,0.0,190.28388885540355,0.0,-2.003094046973259,7308.030794808431
2025-02-24T06:15:00Z,2025-02-24T06:30:00Z,2025-02-24,2025-02-24_8,100.0,0,100,0,91.40441860588007,64.34789686674964,0.07515700483091788,0.0,0.108,True,True,False,False,7119.750000000001,0.0,0.0,190.28388885540355,0.0,-8.639218853595324,7301.39467000181
2025-02-24T06:30:00Z,2025-02-24T06:45:00Z,2025-02-24,2025-02-24_8,100.0,0,100,0,64.34789686674964,37.25441860588006,0.0752596618357488,0.0,0.074,True,True,False,False,7119.750000000001,0.0,0.0,190.28388885540355,0.0,-5.928920499065758,7304.104968356339
2025-02-24T06:45:00Z,2025-02-24T07:00:00Z,2025-02-24,2025-02-24_8,100.0,0,100,0,37.25441860588006,10.481049040662672,0.07437047101449276,0.0,0.3685,True,True,False,False,7119.750000000001,0.0,0.0,190.28388885540355,0.0,-26.86608060595102,7283.167808249454
2025-02-24T07:00:00Z,2025-02-24T07:15:00Z,2025-02-24,2025-02-24_9,2.7343315861505997,97,100,0,10.481049040662672,10.00000000000002,0.002892281883865814,0.02522,0.313,True,True,False,False,127.65227009944076,0.0,185.07232837080343,190.28388885540355,4.320593944508067,-19.337983043015292,487.9910982271405
2025-02-24T07:15:00Z,2025-02-24T07:30:00Z,2025-02-24,2025-02-24_9,2.7343315861505997,97,100,0,10.00000000000002,11.30478875267086,0.0076332233333203875,0.042194999999999996,2.2645,True,True,False,False,127.65227009944076,0.0,185.07232837080343,190.28388885540355,7.191249436441443,-87.0494673819139,423.1502693801753
2025-02-24T07:30:00Z,2025-02-24T07:45:00Z,2025-02-24,2025-02-24_9,2.7343315861505997,97,100,0,11.30478875267086,19.11676515097339,0.024300026196197453,0.0,9.253,True,True,False,False,127.65227009944076,0.0,185.07232837080343,190.28388885540355,0.0,6100.12386032588,6603.132347651527
2025-02-24T07:45:00Z,2025-02-24T08:00:00Z,2025-02-24,2025-02-24_9,2.7343315861505997,97,100,0,19.11676515097339,34.4394465039446,0.04382177047606852,0.0,17.3765,True,True,False,False,127.65227009944076,0.0,185.07232837080343,190.28388885540355,0.0,14911.81106764712,15414.819554972768
2025-02-24T08:00:00Z,2025-02-24T08:15:00Z,2025-02-24,2025-02-24_10,0.0,100,100,0,34.4394465039446,28.65894998220547,0.020467823671497583,6.0485,0.8630000000000001,True,True,False,False,0.0,0.0,182.74968356337774,197.3961786510759,1415.785019890302,-33.89008438309928,1762.0407977216564
2025-02-24T08:15:00Z,2025-02-24T08:30:00Z,2025-02-24,2025-02-24_10,0.0,100,100,0,28.65894998220547,29.71524737350982,0.005557951690821257,0.4345,1.6615000000000002,True,True,False,False,0.0,0.0,182.74968356337774,197.3961786510759,78.40397243485424,-63.459332268499004,395.09050238080886
2025-02-24T08:30:00Z,2025-02-24T08:45:00Z,2025-02-24,2025-02-24_10,0.0,100,100,0,29.71524737350982,32.45952389524894,0.007626009661835748,0.0005,2.9835,True,True,False,False,0.0,0.0,182.74968356337774,197.3961786510759,0.08438309927068893,-114.63334337894041,265.59690193478394
2025-02-24T08:45:00Z,2025-02-24T09:00:00Z,2025-02-24,2025-02-24_10,0.0,100,100,0,32.45952389524894,42.63932389524894,0.028277222222222224,0.0,11.065,True,True,False,False,0.0,0.0,182.74968356337774,197.3961786510759,0.0,4974.439227090994,5354.585089305448
2025-02-24T09:00:00Z,2025-02-24T09:15:00Z,2025-02-24,2025-02-24_11,0.0,100,100,0,42.63932389524894,38.4968917213359,0.014719089371980677,4.343,0.6285,True,True,False,False,0.0,0.0,182.74968356337774,197.78795732626122,821.0593631085127,-24.112514314990054,1177.4844896831617
2025-02-24T09:15:00Z,2025-02-24T09:30:00Z,2025-02-24,2025-02-24_11,0.0,100,100,0,38.4968917213359,38.390804764814156,0.0006141304347826086,0.1505,0.0625,True,True,False,False,0.0,0.0,182.74968356337774,197.78795732626122,26.33957125349085,-4.0734936612219474,402.8037184819079
2025-02-24T09:30:00Z,2025-02-24T09:45:00Z,2025-02-24,2025-02-24_11,0.0,100,100,0,38.390804764814156,38.24650041698807,0.000592512077294686,0.1645,0.0375,True,True,False,False,0.0,0.0,182.74968356337774,197.78795732626122,28.822847025495754,-2.817792779217648,406.5426951359171
2025-02-24T09:45:00Z,2025-02-24T10:00:00Z,2025-02-24,2025-02-24_11,0.0,100,100,0,38.24650041698807,39.86206824307503,0.0046024227053140096,0.019,1.7785,True,True,False,False,0.0,0.0,182.74968356337774,197.78795732626122,3.2608058585980353,-62.01792045888333,321.78052628935365
2025-02-24T10:00:00Z,2025-02-24T10:15:00Z,2025-02-24,2025-02-24_12,-100.0,100,0,0,39.86206824307503,41.831788243075025,0.00547144444444444,22.859,0.0,True,True,False,False,-3588.5,0.0,182.74968356337774,0.0,27270.58538263718,0.0,23864.835066200558
2025-02-24T10:15:00Z,2025-02-24T10:30:00Z,2025-02-24,2025-02-24_12,-100.0,100,0,0,41.831788243075025,44.69574824307502,0.007955444444444442,21.887,0.0,True,True,False,False,-3588.5,0.0,182.74968356337774,0.0,23001.934061037107,0.0,19596.183744600487
2025-02-24T10:30:00Z,2025-02-24T10:45:00Z,2025-02-24,2025-02-24_12,-100.0,100,0,0,44.69574824307502,62.23968824307502,0.048733166666666675,5.9305,0.0,True,True,False,False,-3588.5,0.0,182.74968356337774,0.0,1118.2316215618912,0.0,-2287.518694874731
2025-02-24T10:45:00Z,2025-02-24T11:00:00Z,2025-02-24,2025-02-24_12,-100.0,100,0,0,62.23968824307502,82.31408824307502,0.055762222222222234,3.18,0.0,True,True,False,False,-3588.5,0.0,182.74968356337774,0.0,574.8719064553072,0.0,-2830.878409981315
2025-02-24T11:00:00Z,2025-02-24T11:15:00Z,2025-02-24,2025-02-24_13,0.0,100,100,0,82.31408824307502,84.53532302568372,0.00655657004830918,0.064,2.49,True,True,False,False,0.0,0.0,182.74968356337774,197.3961786510759,11.397742551182368,-139.03588089928277,252.50772386635325
2025-02-24T11:15:00Z,2025-02-24T11:30:00Z,2025-02-24,2025-02-24_13,0.0,100,100,0,84.53532302568372,91.81160302568372,0.020211888888888887,0.0,7.908999999999999,True,True,False,False,0.0,0.0,182.74968356337774,197.3961786510759,0.0,-186.0417736523818,194.10408856207184
2025-02-24T11:30:00Z,2025-02-24T11:45:00Z,2025-02-24,2025-02-24_13,0.0,100,100,0,91.81160302568372,94.56746302568372,0.007655166666666666,0.0,2.9955,True,True,False,False,0.0,0.0,182.74968356337774,197.3961786510759,0.0,-148.1289886082816,232.01687360617206
2025-02-24T11:45:00Z,2025-02-24T12:00:00Z,2025-02-24,2025-02-24_13,0.0,100,100,0,94.56746302568372,95.66686302568372,0.0030538888888888894,0.0,1.195,True,True,False,False,0.0,0.0,182.74968356337774,197.3961786510759,0.0,-77.18845759749263,302.957404616961
2025-02-24T12:00:00Z,2025-02-24T12:15:00Z,2025-02-24,2025-02-24_14,-100.0,100,0,0,95.66686302568372,118.65858302568373,0.06386588888888889,0.009,0.0,True,True,False,False,-3474.4999999999995,0.0,182.74968356337774,0.0,1.5188957868724007,0.0,-3290.2314206497495
2025-02-24T12:15:00Z,2025-02-24T12:30:00Z,2025-02-24,2025-02-24_14,-100.0,100,0,0,118.65858302568373,141.52702302568372,0.06352344444444445,0.143,0.0,True,True,False,False,-3474.4999999999995,0.0,182.74968356337774,0.0,24.766440439595765,0.0,-3266.983875997026
2025-02-24T12:30:00Z,2025-02-24T12:45:00Z,2025-02-24,2025-02-24_14,-100.0,100,0,0,141.52702302568372,162.70404302568372,0.058825055555555554,1.9815,0.0,True,True,False,False,-3474.4999999999995,0.0,182.74968356337774,0.0,358.29666686757884,0.0,-2933.453649569043
2025-02-24T12:45:00Z,2025-02-24T13:00:00Z,2025-02-24,2025-02-24_14,-100.0,100,0,0,162.70404302568372,184.44870302568373,0.060401833333333335,1.3645,0.0,True,True,False,False,-3474.4999999999995,0.0,182.74968356337774,0.0,246.5371570932032,0.0,-3045.2131593434187
2025-02-24T13:00:00Z,2025-02-24T13:15:00Z,2025-02-24,2025-02-24_15,0.0,0,0,0,184.44870302568373,184.44870302568373,0.0,0.0,0.0,True,False,False,False,0.0,0.0,0.0,0.0,0.0,0.0,0.0
2025-02-24T13:15:00Z,2025-02-24T13:30:00Z,2025-02-24,2025-02-24_15,0.0,0,0,0,184.44870302568373,184.44870302568373,0.0,0.0,0.0,True,False,False,False,0.0,0.0,0.0,0.0,0.0,0.0,0.0
2025-02-24T13:30:00Z,2025-02-24T13:45:00Z,2025-02-24,2025-02-24_15,0.0,0,0,0,184.44870302568373,184.44870302568373,0.0,0.0,0.0,True,False,False,False,0.0,0.0,0.0,0.0,0.0,0.0,0.0
2025-02-24T13:45:00Z,2025-02-24T14:00:00Z,2025-02-24,2025-02-24_15,0.0,0,0,0,184.44870302568373,184.44870302568373,0.0,0.0,0.0,True,False,False,False,0.0,0.0,0.0,0.0,0.0,0.0,0.0
2025-02-24T14:00:00Z,2025-02-24T14:15:00Z,2025-02-24,2025-02-24_16,-53.21577186001699,100,46,0,184.44870302568373,190.00000000000003,0.034351495989406705,6.701,0.0,True,True,False,False,-2866.6005906694654,0.0,182.74968356337774,90.80224217949491,1727.3145876278306,0.0,-865.7340772987621
2025-02-24T14:15:00Z,2025-02-24T14:30:00Z,2025-02-24,2025-02-24_16,-53.21577186001699,100,46,0,190.00000000000003,180.88957011780886,0.0351242909086662,21.3905,0.0,True,True,False,False,-2866.6005906694654,0.0,182.74968356337774,90.80224217949491,18098.353653486833,0.0,15505.30498856024
2025-02-24T14:30:00Z,2025-02-24T14:45:00Z,2025-02-24,2025-02-24_16,-53.21577186001699,100,46,0,180.88957011780886,184.4671059117757,0.03445552961565918,8.6785,0.0,True,True,False,False,-2866.6005906694654,0.0,182.74968356337774,90.80224217949491,5021.113710344967,0.0,2428.0650454183747
2025-02-24T14:45:00Z,2025-02-24T15:00:00Z,2025-02-24,2025-02-24_16,-53.21577186001699,100,46,0,184.4671059117757,179.23632695652176,0.03491980104507918,17.5035,0.0,True,True,False,False,-2866.6005906694654,0.0,182.74968356337774,90.80224217949491,14087.653625760955,0.0,11494.604960834362
2025-02-24T15:00:00Z,2025-02-24T15:15:00Z,2025-02-24,2025-02-24_17,0.0,100,100,0,179.23632695652176,188.31042000000005,0.028545185990338166,0.553,10.5165,True,True,False,False,0.0,0.0,182.74968356337774,197.3961786510759,99.97586261627792,6449.076231089145,6929.197955919876
2025-02-24T15:15:00Z,2025-02-24T15:30:00Z,2025-02-24,2025-02-24_17,0.0,100,100,0,188.31042000000005,188.1119565217392,0.009937842995169081,1.737,1.8365,True,True,False,False,0.0,0.0,182.74968356337774,197.3961786510759,548.8931167500452,-70.52701655516043,858.5119624093385
2025-02-24T15:30:00Z,2025-02-24T15:45:00Z,2025-02-24,2025-02-24_17,0.0,100,100,0,188.1119565217392,179.53858695652178,0.023814915458937196,7.8875,0.0,True,True,False,False,0.0,0.0,182.74968356337774,197.3961786510759,2964.8398278182954,0.0,3344.985690032749
2025-02-24T15:45:00Z,2025-02-24T16:00:00Z,2025-02-24,2025-02-24_17,0.0,100,100,0,179.53858695652178,160.58532608695657,0.05264794685990338,17.437,0.0,True,True,False,False,0.0,0.0,182.74968356337774,197.3961786510759,11833.834995278567,0.0,12213.98085749302
2025-02-24T16:00:00Z,2025-02-24T16:15:00Z,2025-02-24,2025-02-24_18,0.0,100,100,0,160.58532608695657,161.00128347826092,0.0025986739130434786,0.239,0.7345,True,True,False,False,0.0,0.0,190.7962148152613,190.28388885540355,43.065521065637995,-48.127878970526204,376.0177457657766
2025-02-24T16:15:00Z,2025-02-24T16:30:00Z,2025-02-24,2025-02-24_18,0.0,100,100,0,161.00128347826092,155.21871739130438,0.016078016908212558,5.3225,0.003,True,True,False,False,0.0,0.0,190.7962148152613,190.28388885540355,2046.6051378257287,-0.2350672051112049,2427.450174291282
2025-02-24T16:30:00Z,2025-02-24T16:45:00Z,2025-02-24,2025-02-24_18,0.0,100,100,0,155.21871739130438,136.03502173913046,0.05328804347826087,17.649,0.0,True,True,False,False,0.0,0.0,190.7962148152613,190.28388885540355,8325.733934060636,0.0,8706.814037731301
2025-02-24T16:45:00Z,2025-02-24T17:00:00Z,2025-02-24,2025-02-24_18,0.0,100,100,0,136.03502173913046,122.16980434782612,0.03851449275362318,12.756,0.0,True,True,False,False,0.0,0.0,190.7962148152613,190.28388885540355,6277.695753119162,0.0,6658.775856789827
2025-02-24T17:00:00Z,2025-02-24T17:15:00Z,2025-02-24,2025-02-24_19,68.07837141434791,0,100,0,122.16980434782612,103.84907029988287,0.05117318604460303,0.0,0.173,True,True,False,False,6807.837141434791,0.0,0.0,190.28388885540355,0.0,-13.099658851184376,6985.02137143901
2025-02-24T17:15:00Z,2025-02-24T17:30:00Z,2025-02-24,2025-02-24_19,68.07837141434791,0,100,0,103.84907029988287,85.38465733388479,0.05134550871344795,0.0,0.034,True,True,False,False,6807.837141434791,0.0,0.0,190.28388885540355,0.0,-2.6640949912603222,6995.456935298935
2025-02-24T17:30:00Z,2025-02-24T17:45:00Z,2025-02-24,2025-02-24_19,68.07837141434791,0,100,0,85.38465733388479,66.88509988433373,0.051387659582086284,0.0,0.0,True,True,False,False,6807.837141434791,0.0,0.0,190.28388885540355,0.0,0.0,6998.1210302901945
2025-02-24T17:45:00Z,2025-02-24T18:00:00Z,2025-02-24,2025-02-24_19,68.07837141434791,0,100,0,66.88509988433373,48.385542434782664,0.051387659582086284,0.0,0.0,True,True,False,False,6807.837141434791,0.0,0.0,190.28388885540355,0.0,0.0,6998.1210302901945
2025-02-24T18:00:00Z,2025-02-24T18:15:00Z,2025-02-24,2025-02-24_20,0.0,100,100,0,48.385542434782664,32.91923808695658,0.04296195652173913,14.229,0.0,True,True,False,False,0.0,0.0,190.7962148152613,190.28388885540355,5985.319516002653,0.0,6366.399619673318
2025-02-24T18:15:00Z,2025-02-24T18:30:00Z,2025-02-24,2025-02-24_20,0.0,100,100,0,32.91923808695658,21.970701565217453,0.03041771256038647,10.0735,0.001,True,True,False,False,0.0,0.0,190.7962148152613,190.28388885540355,4103.980289514396,-0.0783557350370683,4484.982037450023
2025-02-24T18:30:00Z,2025-02-24T18:45:00Z,2025-02-24,2025-02-24_20,0.0,100,100,0,21.970701565217453,21.155038086956583,0.0025289541062801933,0.794,0.0515,True,True,False,False,0.0,0.0,190.7962148152613,190.28388885540355,143.19214835352503,-4.027487694131356,520.2447643300585
2025-02-24T18:45:00Z,2025-02-24T19:00:00Z,2025-02-24,2025-02-24_20,0.0,100,100,0,21.155038086956583,20.07749634782615,0.0031541714975845407,1.018,0.0315,True,True,False,False,0.0,0.0,190.7962148152613,190.28388885540355,183.82863319470397,-2.466395636188295,562.4423412291806
2025-02-24T19:00:00Z,2025-02-24T19:15:00Z,2025-02-24,2025-02-24_21,-28.0,100,72,0,20.07749634782615,13.152374921739193,0.03662659507246377,12.8485,0.0,True,True,False,False,-1656.4099999999999,0.0,182.50858899403292,136.15815803749018,7472.339934402186,0.0,6134.59668143371
2025-02-24T19:15:00Z,2025-02-24T19:30:00Z,2025-02-24,2025-02-24_21,-28.0,100,72,0,13.152374921739193,19.54436358260876,0.01812508927536232,0.085,0.04392,True,True,False,False,-1656.4099999999999,0.0,182.50858899403292,136.15815803749018,15.092525063789607,-3.440589717316618,-1326.0913176220038
2025-02-24T19:30:00Z,2025-02-24T19:45:00Z,2025-02-24,2025-02-24_21,-28.0,100,72,0,19.54436358260876,26.07711193043485,0.01822261014492754,0.0175,0.1206,True,True,False,False,-1656.4099999999999,0.0,182.50858899403292,136.15815803749018,3.019708978763587,-9.437683563377737,-1344.1612275530908
2025-02-24T19:45:00Z,2025-02-24T20:00:00Z,2025-02-24,2025-02-24_21,-28.0,100,72,0,26.07711193043485,32.763627826087024,0.018625829178743964,0.012,0.28152,True,True,False,False,-1656.4099999999999,0.0,182.50858899403292,136.15815803749018,2.0251943824965344,-20.887049846302215,-1356.6051084322823
2025-02-24T20:00:00Z,2025-02-24T20:15:00Z,2025-02-24,2025-02-24_22,0.0,100,100,0,32.763627826087024,15.742432173913116,0.047281099033816415,15.659499999999998,0.0,True,True,False,False,0.0,0.0,182.50858899403292,195.5578325598216,9045.957638076867,0.0,9424.024059630721
2025-02-24T20:15:00Z,2025-02-24T20:30:00Z,2025-02-24,2025-02-24_22,0.0,100,100,0,15.742432173913116,10.000000000000075,0.015969089371980674,5.286,0.0035000000000000005,True,True,False,False,0.0,0.0,182.50858899403292,195.5578325598216,1111.736932071605,-0.2742450726297391,1489.5291085528297
2025-02-24T20:30:00Z,2025-02-24T20:45:00Z,2025-02-24,2025-02-24_22,0.0,100,100,0,10.000000000000075,10.130946956521813,0.0006354806763285024,0.045,0.1955,True,True,False,False,0.0,0.0,182.50858899403292,195.5578325598216,7.7391356759689,-14.84752054326643,370.95803668655697
2025-02-24T20:45:00Z,2025-02-24T21:00:00Z,2025-02-24,2025-02-24_22,0.0,100,100,0,10.130946956521813,12.719159130434857,0.007213632850241547,0.004,2.818,True,True,False,False,0.0,0.0,182.50858899403292,195.5578325598216,0.6750647941655115,-113.82233379543126,264.9191525525888
2025-02-24T21:00:00Z,2025-02-24T21:15:00Z,2025-02-24,2025-02-24_23,0.0,100,100,0,12.719159130434857,13.398747826087032,0.0019149202898550723,0.0045,0.744,True,True,False,False,0.0,0.0,182.50858899403292,195.5578325598216,0.7594478934362003,-42.76030619010307,336.06556325718765
2025-02-24T21:15:00Z,2025-02-24T21:30:00Z,2025-02-24,2025-02-24_23,0.0,100,100,0,13.398747826087032,13.277859130434859,0.0006092463768115942,0.1565,0.0535,True,True,False,False,0.0,0.0,182.50858899403292,195.5578325598216,27.58120306190103,-4.129850019086653,401.5177745966689
2025-02-24T21:30:00Z,2025-02-24T21:45:00Z,2025-02-24,2025-02-24_23,0.0,100,100,0,13.277859130434859,14.989817391304424,0.004861115942028985,0.0175,1.8815,True,True,False,False,0.0,0.0,182.50858899403292,195.5578325598216,2.9956000241094576,-89.43938741888172,291.6226341590823
2025-02-24T21:45:00Z,2025-02-24T22:00:00Z,2025-02-24,2025-02-24_23,0.0,100,100,0,14.989817391304424,25.47965739130442,0.029138444444444443,0.0,11.402,True,True,False,False,0.0,0.0,182.50858899403292,195.5578325598216,0.0,1652.713863741386,2030.7802852952404
2025-02-24T22:00:00Z,2025-02-24T22:15:00Z,2025-02-25,2025-02-24_24,-87.00000000000033,100,13,0,25.47965739130442,30.220396956521896,0.0260034734299516,16.3495,0.13818999999999998,True,True,False,False,-3072.4050000000116,0.0,182.51959011452684,25.4671488848704,18320.54276562186,-4.236882632107694,15451.887621989137
2025-02-24T22:15:00Z,2025-02-24T22:30:00Z,2025-02-25,2025-02-24_24,-87.00000000000033,100,13,0,30.220396956521896,43.32770408695676,0.042163413526570125,7.33,0.0,True,True,False,False,-3072.4050000000116,0.0,182.51959011452684,25.4671488848704,1720.6928310227045,0.0,-1143.72542997791
2025-02-24T22:30:00Z,2025-02-24T22:45:00Z,2025-02-25,2025-02-24_24,-87.00000000000033,100,13,0,43.32770408695676,58.94747841739162,0.047048044637681294,4.662,0.0,True,True,False,False,-3072.4050000000116,0.0,182.51959011452684,25.4671488848704,1152.2352658227846,0.0,-1712.1829951778298
2025-02-24T22:45:00Z,2025-02-24T23:00:00Z,2025-02-25,2025-02-24_24,-87.00000000000033,100,13,0,58.94747841739162,65.59846053913084,0.029611302995169037,14.185999999999998,0.0,True,True,False,False,-3072.4050000000116,0.0,182.51959011452684,25.4671488848704,13809.738938718101,0.0,10945.320677717487
2025-02-24T23:00:00Z,2025-02-24T23:15:00Z,2025-02-25,2025-02-25_1,0.0,100,100,0,65.59846053913084,50.94356923478301,0.04070803140096618,13.4825,0.0,True,True,False,False,0.0,0.0,182.51959011452684,196.29294755877032,11703.549546413502,0.0,12082.362084086799
2025-02-24T23:15:00Z,2025-02-24T23:30:00Z,2025-02-25,2025-02-25_1,0.0,100,100,0,50.94356923478301,45.5473735826091,0.014989432367149757,4.9645,0.0,True,True,False,False,0.0,0.0,182.51959011452684,196.29294755877032,920.9760955394814,0.0,1299.7886332127787
2025-02-24T23:30:00Z,2025-02-24T23:45:00Z,2025-02-25,2025-02-25_1,0.0,100,100,0,45.5473735826091,40.039890973913444,0.015311340579710144,5.069,0.0025,True,True,False,False,0.0,0.0,182.51959011452684,196.29294755877032,964.3342190074341,-0.19590114526823385,1342.950855535463
2025-02-24T23:45:00Z,2025-02-25T00:00:00Z,2025-02-25,2025-02-25_1,0.0,100,100,0,40.039890973913444,39.02086923478301,0.0028306159420289855,0.9375,0.0,True,True,False,False,0.0,0.0,182.51959011452684,196.29294755877032,168.92103676913803,0.0,547.7335744424352
2025-02-25T00:00:00Z,2025-02-25T00:15:00Z,2025-02-25,2025-02-25_2,0.0,100,100,0,39.02086923478301,25.94315184347866,0.03632699275362319,12.0315,0.0,True,True,False,False,0.0,0.0,181.40446051838455,196.29294755877032,13029.294994575044,0.0,13406.992402652199
2025-02-25T00:15:00Z,2025-02-25T00:30:00Z,2025-02-25,2025-02-25_2,0.0,100,100,0,25.94315184347866,15.926304017391702,0.027824577294685994,9.2155,0.0,True,True,False,False,0.0,0.0,181.40446051838455,196.29294755877032,6460.356203938116,0.0,6838.053612015271
2025-02-25T00:30:00Z,2025-02-25T00:45:00Z,2025-02-25,2025-02-25_2,0.0,100,100,0,15.926304017391702,15.179316191304746,0.002115855072463768,0.694,0.008,True,True,False,False,0.0,0.0,181.40446051838455,196.29294755877032,124.90661362266424,-0.6268836648583483,501.9771380349608
2025-02-25T00:45:00Z,2025-02-25T01:00:00Z,2025-02-25,2025-02-25_2,0.0,100,100,0,15.179316191304746,16.227950973913444,0.0029521256038647346,0.0065,1.1475,True,True,False,False,0.0,0.0,181.40446051838455,196.29294755877032,1.0970464135021096,-83.33104882459311,295.46340566606386
2025-02-25T01:00:00Z,2025-02-25T01:15:00Z,2025-02-25,2025-02-25_3,-99.99999999999886,100,0,0,16.227950973913444,34.41589097391318,0.05052205555555516,5.2305,0.0,True,True,False,False,-3324.9999999999623,0.0,181.40446051838455,0.0,1093.4340807715491,0.0,-2050.1614587100285
2025-02-25T01:15:00Z,2025-02-25T01:30:00Z,2025-02-25,2025-02-25_3,-99.99999999999886,100,0,0,34.41589097391318,56.35145097391292,0.060932111111110465,1.157,0.0,True,True,False,False,-3324.9999999999623,0.0,181.40446051838455,0.0,208.8246680731364,0.0,-2934.7708714084415
2025-02-25T01:30:00Z,2025-02-25T01:45:00Z,2025-02-25,2025-02-25_3,-99.99999999999886,100,0,0,56.35145097391292,78.07725097391265,0.06034944444444381,1.385,0.0,True,True,False,False,-3324.9999999999623,0.0,181.40446051838455,0.0,249.98178621659633,0.0,-2893.6137532649814
2025-02-25T01:45:00Z,2025-02-25T02:00:00Z,2025-02-25,2025-02-25_3,-99.99999999999886,100,0,0,78.07725097391265,100.6784309739124,0.06278105555555485,0.43350000000000005,0.0,True,True,False,False,-3324.9999999999623,0.0,181.40446051838455,0.0,77.80588999397227,0.0,-3065.7896494876054
2025-02-25T02:00:00Z,2025-02-25T02:15:00Z,2025-02-25,2025-02-25_4,-100.00000000000054,100,0,0,100.6784309739124,123.36885097391252,0.06302894444444479,0.3365,0.0,True,True,False,False,-3298.5000000000177,0.0,181.40446051838455,0.0,60.08441772151898,0.0,-3057.0111217601143
2025-02-25T02:15:00Z,2025-02-25T02:30:00Z,2025-02-25,2025-02-25_4,-100.00000000000054,100,0,0,123.36885097391252,146.11401097391263,0.06318100000000035,0.277,0.0,True,True,False,False,-3298.5000000000177,0.0,181.40446051838455,0.0,49.246559373116334,0.0,-3067.848980108517
2025-02-25T02:30:00Z,2025-02-25T02:45:00Z,2025-02-25,2025-02-25_4,-100.00000000000054,100,0,0,146.11401097391263,168.96543097391276,0.06347616666666701,0.1615,0.0,True,True,False,False,-3298.5000000000177,0.0,181.40446051838455,0.0,28.04700442033353,0.0,-3089.0485350613
2025-02-25T02:45:00Z,2025-02-25T03:00:00Z,2025-02-25,2025-02-25_4,-100.00000000000054,100,0,0,168.96543097391276,186.66807097391288,0.04917400000000034,5.758,0.0,True,True,False,False,-3298.5000000000177,0.0,181.40446051838455,0.0,1269.1987912397026,0.0,-1847.8967482419307
2025-02-25T03:00:00Z,2025-02-25T03:15:00Z,2025-02-25,2025-02-25_5,-2.000000000001111,100,98,0,186.66807097391288,186.55210711304358,0.002897201835749468,0.544,0.0147,True,True,False,False,-67.64500000003757,0.0,182.91139240506325,191.98312236286918,97.32364396222624,-1.151898734177215,403.4212599959439
2025-02-25T03:15:00Z,2025-02-25T03:30:00Z,2025-02-25,2025-02-25_5,-2.000000000001111,100,98,0,186.55210711304358,188.7711202260873,0.006193514685991048,0.005,1.9178600000000001,True,True,False,False,-67.64500000003757,0.0,182.91139240506325,191.98312236286918,0.8438818565400844,-81.91693724331927,226.17645938111568
2025-02-25T03:30:00Z,2025-02-25T03:45:00Z,2025-02-25,2025-02-25_5,-2.000000000001111,100,98,0,188.7711202260873,189.99619626087016,0.005364764347826776,0.3315,1.2220600000000001,True,True,False,False,-67.64500000003757,0.0,182.91139240506325,191.98312236286918,59.927700120554555,-54.810999296765125,312.3662155916843
2025-02-25T03:45:00Z,2025-02-25T04:00:00Z,2025-02-25,2025-02-25_5,-2.000000000001111,100,98,0,189.99619626087016,175.57000234782697,0.04122403864734285,13.737499999999999,0.0,True,True,False,False,-67.64500000003757,0.0,182.91139240506325,191.98312236286918,12221.149947257381,0.0,12528.399462025276
2025-02-25T04:00:00Z,2025-02-25T04:15:00Z,2025-02-25,2025-02-25_6,0.0,0,0,0,175.57000234782697,175.57000234782697,0.0,0.0,0.0,True,False,False,False,0.0,0.0,0.0,0.0,0.0,0.0,0.0
2025-02-25T04:15:00Z,2025-02-25T04:30:00Z,2025-02-25,2025-02-25_6,0.0,0,0,0,175.57000234782697,175.57000234782697,0.0,0.0,0.0,True,False,False,False,0.0,0.0,0.0,0.0,0.0,0.0,0.0
2025-02-25T04:30:00Z,2025-02-25T04:45:00Z,2025-02-25,2025-02-25_6,0.0,0,0,0,175.57000234782697,175.57000234782697,0.0,0.0,0.0,True,False,False,False,0.0,0.0,0.0,0.0,0.0,0.0,0.0
2025-02-25T04:45:00Z,2025-02-25T05:00:00Z,2025-02-25,2025-02-25_6,0.0,0,0,0,175.57000234782697,175.57000234782697,0.0,0.0,0.0,True,False,False,False,0.0,0.0,0.0,0.0,0.0,0.0,0.0
2025-02-25T05:00:00Z,2025-02-25T05:15:00Z,2025-02-25,2025-02-25_7,0.0,100,100,0,175.57000234782697,167.94935017391393,0.02116847826086957,7.011000000000001,0.0,True,True,False,False,0.0,0.0,182.51959011452684,195.90114526823385,2126.8418589511757,0.0,2505.2625943339362
2025-02-25T05:15:00Z,2025-02-25T05:30:00Z,2025-02-25,2025-02-25_7,0.0,100,100,0,167.94935017391393,153.4966327826096,0.04014643719806763,13.2965,0.0,True,True,False,False,0.0,0.0,182.51959011452684,195.90114526823385,8193.951427566806,0.0,8572.372162949567
2025-02-25T05:30:00Z,2025-02-25T05:45:00Z,2025-02-25,2025-02-25_7,0.0,100,100,0,153.4966327826096,137.3498936521748,0.044852053140096625,14.855000000000002,0.0,True,True,False,False,0.0,0.0,182.51959011452684,195.90114526823385,7967.521185453084,0.0,8345.941920835845
2025-02-25T05:45:00Z,2025-02-25T06:00:00Z,2025-02-25,2025-02-25_7,0.0,100,100,0,137.3498936521748,135.27281191304436,0.005933227053140096,1.9379999999999997,0.032,True,True,False,False,0.0,0.0,182.51959011452684,195.90114526823385,438.31469921639535,-2.463434197307615,814.2720004018485
2025-02-25T06:00:00Z,2025-02-25T06:15:00Z,2025-02-25,2025-02-25_8,100.0,0,100,0,135.27281191304436,116.53042060869655,0.05206219806763284,0.0,7.757,True,True,False,False,9051.0,0.0,0.0,198.04098854731765,0.0,-242.20636347197103,9006.834625075348
2025-02-25T06:15:00Z,2025-02-25T06:30:00Z,2025-02-25,2025-02-25_8,100.0,0,100,0,116.53042060869655,100.42009452174003,0.04475090579710144,0.0,10.1785,True,True,False,False,9051.0,0.0,0.0,198.04098854731765,0.0,-388.5704239501707,8860.470564597146
2025-02-25T06:30:00Z,2025-02-25T06:45:00Z,2025-02-25,2025-02-25_8,100.0,0,100,0,100.42009452174003,80.38857278260959,0.05564311594202899,0.0,6.570999999999999,True,True,False,False,9051.0,0.0,0.0,198.04098854731765,0.0,57.38171629495679,9306.422704842274
2025-02-25T06:45:00Z,2025-02-25T07:00:00Z,2025-02-25,2025-02-25_8,100.0,0,100,0,80.38857278260959,58.54998582608785,0.06066274154589372,0.0,4.9085,True,True,False,False,9051.0,0.0,0.0,198.04098854731765,0.0,-210.52504229455494,9038.515946252763
2025-02-25T07:00:00Z,2025-02-25T07:15:00Z,2025-02-25,2025-02-25_9,2.721484496257176,97,100,0,58.54998582608785,54.86906699702791,0.011002894561956997,2.83919,0.1565,True,True,False,False,121.69117925013964,0.0,177.27787823990354,198.04098854731765,513.3223574120956,-11.389376331123167,998.9430271183332
2025-02-25T07:15:00Z,2025-02-25T07:30:00Z,2025-02-25,2025-02-25_9,2.721484496257176,97,100,0,54.86906699702791,54.04858039121406,0.0026942925473161126,0.1455,0.0835,True,True,False,False,121.69117925013964,0.0,177.27787823990354,198.04098854731765,25.831585292344784,-6.531438115330521,516.3101932143751
2025-02-25T07:30:00Z,2025-02-25T07:45:00Z,2025-02-25,2025-02-25_9,2.721484496257176,97,100,0,54.04858039121406,55.46266516824884,0.00771892721724317,0.011155,2.3425,True,True,False,False,121.69117925013964,0.0,177.27787823990354,198.04098854731765,1.9002409142053447,-100.87905414908579,398.0312328024804
2025-02-25T07:45:00Z,2025-02-25T08:00:00Z,2025-02-25,2025-02-25_9,2.721484496257176,97,100,0,55.46266516824884,61.85413686387086,0.020595048338490993,0.0,7.713,True,True,False,False,121.69117925013964,0.0,177.27787823990354,198.04098854731765,0.0,-302.29783905967446,194.71220697768638
2025-02-25T08:00:00Z,2025-02-25T08:15:00Z,2025-02-25,2025-02-25_10,0.0,100,100,0,61.85413686387086,56.33123077691434,0.015410405797101448,5.0925,0.0135,True,True,False,False,0.0,0.0,182.7606992163954,198.49306811332127,1118.1971729957804,-0.99377034358047,1498.4571699819166
2025-02-25T08:15:00Z,2025-02-25T08:30:00Z,2025-02-25,2025-02-25_10,0.0,100,100,0,56.33123077691434,56.32724816821869,0.0005988405797101449,0.101,0.11499999999999999,True,True,False,False,0.0,0.0,182.7606992163954,198.49306811332127,17.462325698211774,-8.693902953586496,390.02219007434195
2025-02-25T08:30:00Z,2025-02-25T08:45:00Z,2025-02-25,2025-02-25_10,0.0,100,100,0,56.32724816821869,56.667692516044774,0.000993987922705314,0.008,0.3795,True,True,False,False,0.0,0.0,182.7606992163954,198.49306811332127,1.35623869801085,-28.05966726943942,354.5503387582881
2025-02-25T08:45:00Z,2025-02-25T09:00:00Z,2025-02-25,2025-02-25_10,0.0,100,100,0,56.667692516044774,60.302612516044775,0.010097000000000002,0.0,3.9510000000000005,True,True,False,False,0.0,0.0,182.7606992163954,198.49306811332127,0.0,-194.35712839059678,186.8966389391199
2025-02-25T09:00:00Z,2025-02-25T09:15:00Z,2025-02-25,2025-02-25_11,0.0,100,100,0,60.302612516044775,58.8426638203926,0.004875746376811594,1.479,0.1605,True,True,False,False,0.0,0.0,182.7606992163954,198.04098854731765,267.21521217600963,-11.694087402049426,636.3228125376733
2025-02-25T09:15:00Z,2025-02-25T09:30:00Z,2025-02-25,2025-02-25_11,0.0,100,100,0,58.8426638203926,58.78590729865347,0.0004643236714975845,0.103,0.06,True,True,False,False,0.0,0.0,182.7606992163954,198.04098854731765,17.667262808921034,-4.541386377335744,393.9275641952984
2025-02-25T09:30:00Z,2025-02-25T09:45:00Z,2025-02-25,2025-02-25_11,0.0,100,100,0,58.78590729865347,59.53922555952303,0.002198227053140096,0.0175,0.8394999999999999,True,True,False,False,0.0,0.0,182.7606992163954,198.04098854731765,2.9535864978902957,-60.54335011050832,323.21192415109505
2025-02-25T09:45:00Z,2025-02-25T10:00:00Z,2025-02-25,2025-02-25_11,0.0,100,100,0,59.53922555952303,65.32004555952304,0.016057833333333334,0.0,6.2835,True,True,False,False,0.0,0.0,182.7606992163954,198.04098854731765,0.0,-197.61020433996381,183.19148342374925
2025-02-25T10:00:00Z,2025-02-25T10:15:00Z,2025-02-25,2025-02-25_12,0.0,100,100,0,65.32004555952304,68.86020555952304,0.009833777777777778,0.0,3.848,True,True,False,False,0.0,0.0,182.7606992163954,198.04098854731765,0.0,-179.9769210367691,200.82476672694395
2025-02-25T10:15:00Z,2025-02-25T10:30:00Z,2025-02-25,2025-02-25_12,0.0,100,100,0,68.86020555952304,72.80838555952303,0.010967166666666667,0.0,4.2915,True,True,False,False,0.0,0.0,182.7606992163954,198.04098854731765,0.0,-160.1547790837854,220.64690867992766
2025-02-25T10:30:00Z,2025-02-25T10:45:00Z,2025-02-25,2025-02-25_12,0.0,100,100,0,72.80838555952303,81.81012555952303,0.025004833333333334,0.0,9.7845,True,True,False,False,0.0,0.0,182.7606992163954,198.04098854731765,0.0,-289.68175105485227,91.11993670886079
2025-02-25T10:45:00Z,2025-02-25T11:00:00Z,2025-02-25,2025-02-25_12,0.0,100,100,0,81.81012555952303,93.28206555952303,0.0318665,0.0,12.4695,True,True,False,False,0.0,0.0,182.7606992163954,198.04098854731765,0.0,96.27095388788425,477.07264165159734
2025-02-25T11:00:00Z,2025-02-25T11:15:00Z,2025-02-25,2025-02-25_13,0.0,100,100,0,93.28206555952303,102.24148555952303,0.024887277777777776,0.0,9.7385,True,True,False,False,0.0,0.0,182.7606992163954,198.04098854731765,0.0,815.5548600562588,1196.3565478199719
2025-02-25T11:15:00Z,2025-02-25T11:30:00Z,2025-02-25,2025-02-25_13,0.0,100,100,0,102.24148555952303,106.60274555952303,0.01211461111111111,0.0,4.7405,True,True,False,False,0.0,0.0,182.7606992163954,198.04098854731765,0.0,-157.87855686156317,222.9231309021499
2025-02-25T11:30:00Z,2025-02-25T11:45:00Z,2025-02-25,2025-02-25_13,0.0,100,100,0,106.60274555952303,123.11950555952303,0.045879888888888894,0.0,17.953,True,True,False,False,0.0,0.0,182.7606992163954,198.04098854731765,0.0,2452.9273719107896,2833.7290596745024
2025-02-25T11:45:00Z,2025-02-25T12:00:00Z,2025-02-25,2025-02-25_13,0.0,100,100,0,123.11950555952303,134.43596555952303,0.03143461111111111,0.0,12.3005,True,True,False,False,0.0,0.0,182.7606992163954,198.04098854731765,0.0,-0.22243218806509943,380.57925557564795
2025-02-25T12:00:00Z,2025-02-25T12:15:00Z,2025-02-25,2025-02-25_14,0.0,100,100,0,134.43596555952303,143.67920555952304,0.025675666666666666,0.0,10.047,True,True,False,False,0.0,0.0,182.7606992163954,198.04098854731765,0.0,-126.30514285714284,254.49654490657022
2025-02-25T12:15:00Z,2025-02-25T12:30:00Z,2025-02-25,2025-02-25_14,0.0,100,100,0,143.67920555952304,153.81760555952303,0.028162222222222224,0.0,11.02,True,True,False,False,0.0,0.0,182.7606992163954,198.04098854731765,0.0,-0.22141852521599356,380.58026923849707
2025-02-25T12:30:00Z,2025-02-25T12:45:00Z,2025-02-25,2025-02-25_14,0.0,100,100,0,153.81760555952303,157.36880555952303,0.009864444444444443,0.0,3.8599999999999994,True,True,False,False,0.0,0.0,182.7606992163954,198.04098854731765,0.0,-71.07999598151495,309.7216917821981
2025-02-25T12:45:00Z,2025-02-25T13:00:00Z,2025-02-25,2025-02-25_14,0.0,100,100,0,157.36880555952303,159.2324751247404,0.005185917874396135,0.0015,2.0275,True,True,False,False,0.0,0.0,182.7606992163954,198.04098854731765,0.25316455696202533,-79.58090265220011,301.473949668475
2025-02-25T13:00:00Z,2025-02-25T13:15:00Z,2025-02-25,2025-02-25_15,0.0,100,100,0,159.2324751247404,169.1109751247404,0.02744027777777778,0.0,10.7375,True,True,False,False,0.0,0.0,182.7606992163954,198.04098854731765,0.0,-85.03487291541089,295.76681484830215
2025-02-25T13:15:00Z,2025-02-25T13:30:00Z,2025-02-25,2025-02-25_15,0.0,100,100,0,169.1109751247404,176.71523512474042,0.021122944444444444,0.0,8.2655,True,True,False,False,0.0,0.0,182.7606992163954,198.04098854731765,0.0,-261.3588632710468,119.44282449266626
2025-02-25T13:30:00Z,2025-02-25T13:45:00Z,2025-02-25,2025-02-25_15,0.0,100,100,0,176.71523512474042,183.53197512474043,0.01893538888888889,0.0,7.4095,True,True,False,False,0.0,0.0,182.7606992163954,198.04098854731765,0.0,-288.6176666666667,92.18402109704635
2025-02-25T13:45:00Z,2025-02-25T14:00:00Z,2025-02-25,2025-02-25_15,0.0,100,100,0,183.53197512474043,183.52435077691433,0.002916623188405797,0.48649999999999993,0.5665,True,True,False,False,0.0,0.0,182.7606992163954,198.04098854731765,87.05749859353023,-28.22677024311834,439.63241611412496
2025-02-25T14:00:00Z,2025-02-25T14:15:00Z,2025-02-25,2025-02-25_16,0.0,100,100,0,183.52435077691433,188.41010121169694,0.013701359903381644,0.0215,5.336,True,True,False,False,0.0,0.0,182.7606992163954,198.04098854731765,3.8396615430982513,-156.9901161342174,227.65123317259392
2025-02-25T14:15:00Z,2025-02-25T14:30:00Z,2025-02-25,2025-02-25_16,0.0,100,100,0,188.41010121169694,189.49275077691433,0.0033636400966183576,0.05899999999999999,1.2465,True,True,False,False,0.0,0.0,182.7606992163954,198.04098854731765,10.25316154309825,-49.9446528028933,341.110196503918
2025-02-25T14:30:00Z,2025-02-25T14:45:00Z,2025-02-25,2025-02-25_16,0.0,100,100,0,189.49275077691433,189.3636507769143,0.0026969444444444445,0.506,0.4575,True,True,False,False,0.0,0.0,182.7606992163954,198.04098854731765,91.12717379947757,-19.076748040988548,452.8521135222021
2025-02-25T14:45:00Z,2025-02-25T15:00:00Z,2025-02-25,2025-02-25_16,0.0,100,100,0,189.3636507769143,184.4483351247404,0.014172432367149757,4.608,0.1015,True,True,False,False,0.0,0.0,182.7606992163954,198.04098854731765,848.0266184448462,-4.125973980309423,1224.7023322282498
2025-02-25T15:00:00Z,2025-02-25T15:15:00Z,2025-02-25,2025-02-25_17,3.7834786451362263,96,100,0,184.4483351247404,185.80910633177862,0.008993892262767055,0.01584,2.5975,True,True,False,False,252.20668648478085,0.0,175.45027124773958,198.04098854731765,2.702351103074141,-99.78376883664859,528.6165285462637
2025-02-25T15:15:00Z,2025-02-25T15:30:00Z,2025-02-25,2025-02-25_17,3.7834786451362263,96,100,0,185.80910633177862,188.20394543917294,0.011575247673330132,0.009600000000000001,3.7065,True,True,False,False,252.20668648478085,0.0,175.45027124773958,198.04098854731765,1.6260397830018085,-135.1371877637131,492.1867982991268
2025-02-25T15:30:00Z,2025-02-25T15:45:00Z,2025-02-25,2025-02-25_17,3.7834786451362263,96,100,0,188.20394543917294,189.05323600046268,0.007618940445456086,0.0019200000000000003,2.029,True,True,False,False,252.20668648478085,0.0,175.45027124773958,198.04098854731765,0.32405063291139247,-118.85936628491058,507.1626306278389
2025-02-25T15:45:00Z,2025-02-25T16:00:00Z,2025-02-25,2025-02-25_17,3.7834786451362263,96,100,0,189.05323600046268,186.18925975895547,0.008781668756442691,1.83216,0.168,True,True,False,False,252.20668648478085,0.0,175.45027124773958,198.04098854731765,330.84973733574435,-9.837164556962025,946.7105190586204
2025-02-25T16:00:00Z,2025-02-25T16:15:00Z,2025-02-25,2025-02-25_18,59.21515402070726,0,100,0,186.18925975895547,180.44576362735447,0.03712493503802731,0.0,10.156,True,True,False,False,6207.968709645897,0.0,0.0,198.04098854731765,0.0,3046.746944745831,9452.756642939046
2025-02-25T16:15:00Z,2025-02-25T16:30:00Z,2025-02-25,2025-02-25_18,59.21515402070726,0,100,0,180.44576362735447,166.82747102895522,0.042887814745353754,0.0,2.427,True,True,False,False,6207.968709645897,0.0,0.0,198.04098854731765,0.0,-103.368646172393,6302.641052020822
2025-02-25T16:30:00Z,2025-02-25T16:45:00Z,2025-02-25,2025-02-25_18,59.21515402070726,0,100,0,166.82747102895522,150.73639656680652,0.0446974290615242,0.0,0.0,True,True,False,False,6207.968709645897,0.0,0.0,198.04098854731765,0.0,0.0,6406.009698193215
2025-02-25T16:45:00Z,2025-02-25T17:00:00Z,2025-02-25,2025-02-25_18,59.21515402070726,0,100,0,150.73639656680652,134.64685040000006,0.044696310634876384,0.0,0.0015,True,True,False,False,6207.968709645897,0.0,0.0,198.04098854731765,0.0,-0.11754068716094031,6405.892157506054
2025-02-25T17:00:00Z,2025-02-25T17:15:00Z,2025-02-25,2025-02-25_19,100.0,0,100,0,134.64685040000006,108.25989387826093,0.07329710144927536,0.0,0.724,True,True,False,False,11789.0,0.0,0.0,198.04098854731765,0.0,-52.84603576451677,11934.1949527828
2025-02-25T17:15:00Z,2025-02-25T17:30:00Z,2025-02-25,2025-02-25_19,100.0,0,100,0,108.25989387826093,81.15445909565223,0.07529287439613527,0.0,0.063,True,True,False,False,11789.0,0.0,0.0,198.04098854731765,0.0,-4.901746835443038,11982.139241711875
2025-02-25T17:30:00Z,2025-02-25T17:45:00Z,2025-02-25,2025-02-25_19,100.0,0,100,0,81.15445909565223,54.03761126956527,0.07532457729468597,0.0,0.0525,True,True,False,False,11789.0,0.0,0.0,198.04098854731765,0.0,-4.070221518987342,11982.97076702833
2025-02-25T17:45:00Z,2025-02-25T18:00:00Z,2025-02-25,2025-02-25_19,100.0,0,100,0,54.03761126956527,26.91424170434788,0.07534269323671497,0.0,0.0465,True,True,False,False,11789.0,0.0,0.0,198.04098854731765,0.0,-3.632110608800482,11983.408877938517
2025-02-25T18:00:00Z,2025-02-25T18:15:00Z,2025-02-25,2025-02-25_20,17.00000000000026,83,100,0,26.91424170434788,22.21846479130433,0.013128669202898745,0.08756499999999999,0.02,True,True,False,False,1864.1775000000284,0.0,151.69138034960818,198.04098854731765,15.169136367289527,-1.546815350612819,2227.532189913631
2025-02-25T18:15:00Z,2025-02-25T18:30:00Z,2025-02-25,2025-02-25_20,17.00000000000026,83,100,0,22.21846479130433,17.624723739130346,0.013019167367149954,0.029464999999999995,0.061,True,True,False,False,1864.1775000000284,0.0,151.69138034960818,198.04098854731765,4.98800357142857,-4.727542897327707,2214.170329571055
2025-02-25T18:30:00Z,2025-02-25T18:45:00Z,2025-02-25,2025-02-25_20,17.00000000000026,83,100,0,17.624723739130346,13.192879965217234,0.013186696038647534,0.007469999999999999,0.2065,True,True,False,False,1864.1775000000284,0.0,151.69138034960818,198.04098854731765,1.260759493670886,-15.450158227848101,2199.720470162777
2025-02-25T18:45:00Z,2025-02-25T19:00:00Z,2025-02-25,2025-02-25_20,17.00000000000026,83,100,0,13.192879965217234,12.356887165217165,0.019246547777777914,0.0,3.9895,True,True,False,False,1864.1775000000284,0.0,151.69138034960818,198.04098854731765,0.0,-182.62803968253968,2031.2818292144145
2025-02-25T19:00:00Z,2025-02-25T19:15:00Z,2025-02-25,2025-02-25_21,-13.999999999999996,100,86,0,12.356887165217165,13.14450579130412,0.014916452705314007,2.451,0.18963,True,True,False,False,-1007.5799999999997,0.0,182.51959011452684,168.47498493068113,442.92332730560577,-13.144860506329112,-226.80695815551508
2025-02-25T19:15:00Z,2025-02-25T19:30:00Z,2025-02-25,2025-02-25_21,-13.999999999999996,100,86,0,13.14450579130412,16.77162987826064,0.01051936642512077,0.0855,0.5413699999999999,True,True,False,False,-1007.5799999999997,0.0,182.51959011452684,168.47498493068113,14.755870705244122,-39.316275619851304,-681.1458298693989
2025-02-25T19:30:00Z,2025-02-25T19:45:00Z,2025-02-25,2025-02-25_21,-13.999999999999996,100,86,0,16.77162987826064,21.075158782608465,0.012045128599033814,0.0175,1.19798,True,True,False,False,-1007.5799999999997,0.0,182.51959011452684,168.47498493068113,3.0198909985935303,-71.18990734177214,-724.7554412979704
2025-02-25T19:45:00Z,2025-02-25T20:00:00Z,2025-02-25,2025-02-25_21,-13.999999999999996,100,86,0,21.075158782608465,28.413354782608465,0.020383877777777778,0.0,4.4763,True,True,False,False,-1007.5799999999997,0.0,182.51959011452684,168.47498493068113,0.0,-193.448651416516,-850.0340763713077
2025-02-25T20:00:00Z,2025-02-25T20:15:00Z,2025-02-25,2025-02-25_22,0.0,100,100,0,28.413354782608465,13.354666086956291,0.043559801932367144,14.1405,0.3385,True,True,False,False,0.0,0.0,182.51959011452684,195.90114526823385,13051.579217902348,-14.803406871609402,13415.1965464135
2025-02-25T20:15:00Z,2025-02-25T20:30:00Z,2025-02-25,2025-02-25_22,0.0,100,100,0,13.354666086956291,9.999999999999769,0.014419405797101447,3.9309999999999996,0.9979999999999999,True,True,False,False,0.0,0.0,182.51959011452684,195.90114526823385,866.9114784006427,-70.47821056861562,1174.8540032147878
2025-02-25T20:30:00Z,2025-02-25T20:45:00Z,2025-02-25,2025-02-25_22,0.0,100,100,0,9.999999999999769,12.70065999999977,0.007501833333333334,0.0,2.9355,True,True,False,False,0.0,0.0,182.51959011452684,195.90114526823385,0.0,-161.0107299578059,217.4100054249548
2025-02-25T20:45:00Z,2025-02-25T21:00:00Z,2025-02-25,2025-02-25_22,0.0,100,100,0,12.70065999999977,29.59277999999977,0.046922555555555565,0.0,18.361,True,True,False,False,0.0,0.0,182.51959011452684,195.90114526823385,0.0,10657.149392405065,11035.570127787825
2025-02-25T21:00:00Z,2025-02-25T21:15:00Z,2025-02-25,2025-02-25_23,0.0,100,100,0,29.59277999999977,32.383599999999774,0.007752277777777778,0.0,3.0335,True,True,False,False,0.0,0.0,182.51959011452684,195.90114526823385,0.0,251.35079987944545,629.7715352622062
2025-02-25T21:15:00Z,2025-02-25T21:30:00Z,2025-02-25,2025-02-25_23,0.0,100,100,0,32.383599999999774,30.41299739130412,0.005622118357487922,1.8375,0.029,True,True,False,False,0.0,0.0,182.51959011452684,195.90114526823385,332.07357594936707,-2.167570825798674,708.3267405063291
2025-02-25T21:30:00Z,2025-02-25T21:45:00Z,2025-02-25,2025-02-25_23,0.0,100,100,0,30.41299739130412,30.518173913043253,0.0003646207729468599,0.012,0.1285,True,True,False,False,0.0,0.0,182.51959011452684,195.90114526823385,2.0253164556962027,-9.745938818565401,370.7001130198915
2025-02-25T21:45:00Z,2025-02-25T22:00:00Z,2025-02-25,2025-02-25_23,0.0,100,100,0,30.518173913043253,30.772399130434557,0.0009447077294685992,0.0395,0.323,True,True,False,False,0.0,0.0,182.51959011452684,195.90114526823385,6.781190476190475,-22.84103877838055,362.3608870805706
2025-02-25T22:00:00Z,2025-02-25T22:15:00Z,2025-02-26,2025-02-25_24,0.0,100,100,0,30.772399130434557,28.332702608695428,0.00794226811594203,2.4375,0.22799999999999998,True,True,False,False,0.0,0.0,182.50858899403292,196.28111626785605,489.6067898258092,-14.458827074920137,853.937668012778
2025-02-25T22:15:00Z,2025-02-25T22:30:00Z,2025-02-26,2025-02-25_24,0.0,100,100,0,28.332702608695428,28.322279999999775,0.000580951690821256,0.101,0.108,True,True,False,False,0.0,0.0,182.50858899403292,196.28111626785605,18.482920860707615,-8.581348924115485,388.6912771984811
2025-02-25T22:30:00Z,2025-02-25T22:45:00Z,2025-02-26,2025-02-25_24,0.0,100,100,0,28.322279999999775,23.748366956521515,0.012705314009661836,4.208,0.0,True,True,False,False,0.0,0.0,182.50858899403292,196.28111626785605,845.0569971671389,0.0,1223.8467024290278
2025-02-25T22:45:00Z,2025-02-25T23:00:00Z,2025-02-26,2025-02-25_24,0.0,100,100,0,23.748366956521515,24.496806086956298,0.0024443357487922705,0.0605,0.885,True,True,False,False,0.0,0.0,182.50858899403292,196.28111626785605,10.961059208807988,-61.002998613706225,328.7477658569907
2025-02-25T23:00:00Z,2025-02-25T23:15:00Z,2025-02-26,2025-02-26_1,-9.980476638150005,100,90,0,24.496806086956298,23.466409303634787,0.014057217055010177,3.1125,0.005849999999999999,True,True,False,False,-310.517579404442,0.0,182.50858899403292,176.30040383340366,624.6430368874691,-0.4629013923211379,672.4715489181425
2025-02-25T23:15:00Z,2025-02-25T23:30:00Z,2025-02-26,2025-02-26_1,-9.980476638150005,100,90,0,23.466409303634787,25.420063255848678,0.007402788559412527,0.3635,0.0513,True,True,False,False,-310.517579404442,0.0,182.50858899403292,176.30040383340366,70.5147495630161,-3.9404518112229523,114.8657111747877
2025-02-25T23:30:00Z,2025-02-25T23:45:00Z,2025-02-26,2025-02-26_1,-9.980476638150005,100,90,0,25.420063255848678,24.889342825283247,0.012993588262171129,2.6615,0.0243,True,True,False,False,-310.517579404442,0.0,182.50858899403292,176.30040383340366,534.1111225965885,-1.9492483274064252,580.4532876921767
2025-02-25T23:45:00Z,2025-02-26T00:00:00Z,2025-02-26,2025-02-26_1,-9.980476638150005,100,90,0,24.889342825283247,19.048481530435293,0.0250995650382716,7.602,0.0,True,True,False,False,-310.517579404442,0.0,182.50858899403292,176.30040383340366,1552.6542414562114,0.0,1600.945654879206
2025-02-26T00:00:00Z,2025-02-26T00:15:00Z,2025-02-26,2025-02-26_2,-31.999999999999968,100,68,0,19.048481530435293,14.218506817391809,0.03501492531400966,11.7945,0.0,True,True,False,False,-977.0399999999989,0.0,181.3935266108131,133.2047495630161,2690.6450458079685,0.0,2028.2033219817988
2025-02-26T00:15:00Z,2025-02-26T00:30:00Z,2025-02-26,2025-02-26_2,-31.999999999999968,100,68,0,14.218506817391809,15.922511513043975,0.027204964734299508,5.4725,0.0,True,True,False,False,-977.0399999999989,0.0,181.3935266108131,133.2047495630161,1099.42682227312,0.0,436.98509844695025
2025-02-26T00:30:00Z,2025-02-26T00:45:00Z,2025-02-26,2025-02-26_2,-31.999999999999968,100,68,0,15.922511513043975,18.57323008695701,0.026073372850241534,4.5565,0.0,True,True,False,False,-977.0399999999989,0.0,181.3935266108131,133.2047495630161,915.2419542723967,0.0,252.80023044622695
2025-02-26T00:45:00Z,2025-02-26T01:00:00Z,2025-02-26,2025-02-26_2,-31.999999999999968,100,68,0,18.57323008695701,23.463092347826567,0.023396960386473414,2.39,0.0,True,True,False,False,-977.0399999999989,0.0,181.3935266108131,133.2047495630161,478.9618005746088,0.0,-183.47992325156096
2025-02-26T01:00:00Z,2025-02-26T01:15:00Z,2025-02-26,2025-02-26_3,-47.99999999999956,100,52,0,23.463092347826567,29.85260281739168,0.03225274647342978,4.619,0.0,True,True,False,False,-1423.439999999987,0.0,181.3935266108131,101.86245554818878,927.9463628875093,0.0,-212.23765495347595
2025-02-26T01:15:00Z,2025-02-26T01:30:00Z,2025-02-26,2025-02-26_3,-47.99999999999956,100,52,0,29.85260281739168,39.54044706086984,0.031127828212560143,1.343,0.0,True,True,False,False,-1423.439999999987,0.0,181.3935266108131,101.86245554818878,268.44242219677335,0.0,-871.7415956442119
2025-02-26T01:30:00Z,2025-02-26T01:45:00Z,2025-02-26,2025-02-26_3,-47.99999999999956,100,52,0,39.54044706086984,42.43980003478278,0.03344457951690813,8.086,0.0005200000000000001,True,True,False,False,-1423.439999999987,0.0,181.3935266108131,101.86245554818878,2053.6877158298676,-0.041789725353103095,913.4619082635293
2025-02-26T01:45:00Z,2025-02-26T02:00:00Z,2025-02-26,2025-02-26_3,-47.99999999999956,100,52,0,42.43980003478278,50.04546000000006,0.03185811342995149,3.4174999999999995,0.00702,True,True,False,False,-1423.439999999987,0.0,181.3935266108131,101.86245554818878,686.0919800896067,-0.5505791091555663,-454.642616860534
2025-02-26T02:00:00Z,2025-02-26T02:15:00Z,2025-02-26,2025-02-26_4,-100.0,100,0,0,50.04546000000006,65.14036000000007,0.04193027777777779,8.5925,0.0,True,True,False,False,-2953.5,0.0,181.3935266108131,0.0,3133.936260120949,0.0,361.82978673176217
2025-02-26T02:15:00Z,2025-02-26T02:30:00Z,2025-02-26,2025-02-26_4,-100.0,100,0,0,65.14036000000007,84.19770000000008,0.052937055555555564,4.2855,0.0,True,True,False,False,-2953.5,0.0,181.3935266108131,0.0,860.9108257489,0.0,-1911.1956476402868
2025-02-26T02:30:00Z,2025-02-26T02:45:00Z,2025-02-26,2025-02-26_4,-100.0,100,0,0,84.19770000000008,102.42842000000009,0.050640888888888895,5.184,0.0,True,True,False,False,-2953.5,0.0,181.3935266108131,0.0,1041.5285395696465,0.0,-1730.5779338195405
2025-02-26T02:45:00Z,2025-02-26T03:00:00Z,2025-02-26,2025-02-26_4,-100.0,100,0,0,102.42842000000009,116.37424000000009,0.03873838888888889,9.8415,0.0,True,True,False,False,-2953.5,0.0,181.3935266108131,0.0,2284.419111566512,0.0,-487.6873618226748
2025-02-26T03:00:00Z,2025-02-26T03:15:00Z,2025-02-26,2025-02-26_5,-100.00000000000001,100,0,0,116.37424000000009,135.4872400000001,0.053091666666666676,4.225,0.0,True,True,False,False,-2963.0000000000005,0.0,182.50858899403292,0.0,848.8537962349066,0.0,-1931.637614771061
2025-02-26T03:15:00Z,2025-02-26T03:30:00Z,2025-02-26,2025-02-26_5,-100.00000000000001,100,0,0,135.4872400000001,156.83400000000012,0.05929655555555557,1.797,0.0,True,True,False,False,-2963.0000000000005,0.0,182.50858899403292,0.0,358.877215357724,0.0,-2421.6141956482434
2025-02-26T03:30:00Z,2025-02-26T03:45:00Z,2025-02-26,2025-02-26_5,-100.00000000000001,100,0,0,156.83400000000012,173.9326600000001,0.04749627777777778,6.4145,0.0,True,True,False,False,-2963.0000000000005,0.0,182.50858899403292,0.0,1771.0994720028932,0.0,-1009.3919390030743
2025-02-26T03:45:00Z,2025-02-26T04:00:00Z,2025-02-26,2025-02-26_5,-100.00000000000001,100,0,0,173.9326600000001,190.0000000000001,0.044631500000000005,7.535500000000001,0.0,True,True,False,False,-2963.0000000000005,0.0,182.50858899403292,0.0,2095.7434710586067,0.0,-684.7479399473608
2025-02-26T04:00:00Z,2025-02-26T04:15:00Z,2025-02-26,2025-02-26_6,-1.2357264969740872e-13,0,0,0,190.0000000000001,190.00000000000014,7.894919286223336e-17,0.0,0.0,True,False,False,False,-4.057507952814415e-12,0.0,0.0,0.0,0.0,0.0,-4.057507952814415e-12
2025-02-26T04:15:00Z,2025-02-26T04:30:00Z,2025-02-26,2025-02-26_6,-1.2357264969740872e-13,0,0,0,190.00000000000014,190.00000000000017,7.894919286223336e-17,0.0,0.0,True,False,False,False,-4.057507952814415e-12,0.0,0.0,0.0,0.0,0.0,-4.057507952814415e-12
2025-02-26T04:30:00Z,2025-02-26T04:45:00Z,2025-02-26,2025-02-26_6,-1.2357264969740872e-13,0,0,0,190.00000000000017,190.0000000000002,7.894919286223336e-17,0.0,0.0,True,False,False,False,-4.057507952814415e-12,0.0,0.0,0.0,0.0,0.0,-4.057507952814415e-12
2025-02-26T04:45:00Z,2025-02-26T05:00:00Z,2025-02-26,2025-02-26_6,-1.2357264969740872e-13,0,0,0,190.0000000000002,190.00000000000023,7.894919286223336e-17,0.0,0.0,True,False,False,False,-4.057507952814415e-12,0.0,0.0,0.0,0.0,0.0,-4.057507952814415e-12
2025-02-26T05:00:00Z,2025-02-26T05:15:00Z,2025-02-26,2025-02-26_7,0.0,100,100,0,190.00000000000023,180.4364130434785,0.0265655193236715,8.7985,0.0,True,True,False,False,0.0,0.0,182.50858899403292,189.50033150503288,2331.7094473911566,0.0,2703.7183678902225
2025-02-26T05:15:00Z,2025-02-26T05:30:00Z,2025-02-26,2025-02-26_7,0.0,100,100,0,180.4364130434785,160.46413043478285,0.05547856280193237,18.3745,0.0,True,True,False,False,0.0,0.0,182.50858899403292,189.50033150503288,11827.698838024633,0.0,12199.707758523698
2025-02-26T05:30:00Z,2025-02-26T05:45:00Z,2025-02-26,2025-02-26_7,0.0,100,100,0,160.46413043478285,154.34239130434807,0.017004830917874393,5.632,0.0,True,True,False,False,0.0,0.0,182.50858899403292,189.50033150503288,1364.9336949751876,0.0,1736.9426154742534
2025-02-26T05:45:00Z,2025-02-26T06:00:00Z,2025-02-26,2025-02-26_7,0.0,100,100,0,154.34239130434807,139.5793478260872,0.041008454106280186,13.581999999999999,0.0,True,True,False,False,0.0,0.0,182.50858899403292,189.50033150503288,3781.0287252124645,0.0,4153.03764571153
2025-02-26T06:00:00Z,2025-02-26T06:15:00Z,2025-02-26,2025-02-26_8,100.0,0,100,0,139.5793478260872,112.40543478260894,0.07548309178743962,0.0,0.0,True,True,False,False,5464.5,0.0,0.0,189.8619733590501,0.0,0.0,5654.36197335905
2025-02-26T06:15:00Z,2025-02-26T06:30:00Z,2025-02-26,2025-02-26_8,100.0,0,100,0,112.40543478260894,85.23152173913067,0.0754830917874396,0.0,0.0,True,True,False,False,5464.5,0.0,0.0,189.8619733590501,0.0,0.0,5654.36197335905
2025-02-26T06:30:00Z,2025-02-26T06:45:00Z,2025-02-26,2025-02-26_8,100.0,0,100,0,85.23152173913067,58.14239130434807,0.07524758454106278,0.0,0.078,True,True,False,False,5464.5,0.0,0.0,189.8619733590501,0.0,-6.152633355433669,5648.2093400036165
2025-02-26T06:45:00Z,2025-02-26T07:00:00Z,2025-02-26,2025-02-26_8,100.0,0,100,0,58.14239130434807,33.10760869565242,0.06954106280193237,0.0,1.968,True,True,False,False,5464.5,0.0,0.0,189.8619733590501,0.0,-138.93669579892716,5515.425277560123
2025-02-26T07:00:00Z,2025-02-26T07:15:00Z,2025-02-26,2025-02-26_9,13.430196523280294,86,100,0,33.10760869565242,30.739904271572158,0.012658677805136884,0.01247,1.3745,True,True,False,False,600.4976620471701,0.0,157.16472786450487,190.7359411729251,2.104514495810982,-86.52145148976355,863.9813940906475
2025-02-26T07:15:00Z,2025-02-26T07:30:00Z,2025-02-26,2025-02-26_9,13.430196523280294,86,100,0,30.739904271572158,27.7954219430768,0.01154408584029386,0.010750000000000001,0.7605,True,True,False,False,600.4976620471701,0.0,157.16472786450487,190.7359411729251,1.8142366343198122,-55.99766258815021,894.2149051307697
2025-02-26T07:30:00Z,2025-02-26T07:45:00Z,2025-02-26,2025-02-26_9,13.430196523280294,86,100,0,27.7954219430768,28.154977711784777,0.01782381777974275,0.0,4.254,True,True,False,False,600.4976620471701,0.0,157.16472786450487,190.7359411729251,0.0,769.5549502742449,1717.953281358845
2025-02-26T07:45:00Z,2025-02-26T08:00:00Z,2025-02-26,2025-02-26_9,13.430196523280294,86,100,0,28.154977711784777,29.784919130435096,0.020259435834330063,0.0,5.602,True,True,False,False,600.4976620471701,0.0,157.16472786450487,190.7359411729251,0.0,211.25819219255422,1159.6565232771543
2025-02-26T08:00:00Z,2025-02-26T08:15:00Z,2025-02-26,2025-02-26_10,0.0,100,100,0,29.784919130435096,32.42828869565248,0.007351751207729468,0.0015,2.875,True,True,False,False,0.0,0.0,182.74968356337774,198.1495991802785,0.2531492978120668,-177.01931770236877,204.13311433909954
2025-02-26T08:15:00Z,2025-02-26T08:30:00Z,2025-02-26,2025-02-26_10,0.0,100,100,0,32.42828869565248,39.84072869565249,0.020590111111111115,0.0,8.057,True,True,False,False,0.0,0.0,182.74968356337774,198.1495991802785,0.0,3995.15862435457,4376.057907098226
2025-02-26T08:30:00Z,2025-02-26T08:45:00Z,2025-02-26,2025-02-26_10,0.0,100,100,0,39.84072869565249,53.708808695652486,0.03852244444444444,0.0,15.073999999999998,True,True,False,False,0.0,0.0,182.74968356337774,198.1495991802785,0.0,8153.797443192093,8534.69672593575
2025-02-26T08:45:00Z,2025-02-26T09:00:00Z,2025-02-26,2025-02-26_10,0.0,100,100,0,53.708808695652486,56.96448608695683,0.009167340579710146,0.0205,3.563,True,True,False,False,0.0,0.0,182.74968356337774,198.1495991802785,3.459707070098246,625.7645365961465,1010.123526409901
2025-02-26T09:00:00Z,2025-02-26T09:15:00Z,2025-02-26,2025-02-26_11,0.0,100,100,0,56.96448608695683,57.01451826086987,0.0012742439613526572,0.188,0.2765,True,True,False,False,0.0,0.0,182.74968356337774,197.78795732626122,35.96075542965062,-20.67114288871477,395.82725343057484
2025-02-26T09:15:00Z,2025-02-26T09:30:00Z,2025-02-26,2025-02-26_11,0.0,100,100,0,57.01451826086987,60.91715826086987,0.010840666666666667,0.0,4.242,True,True,False,False,0.0,0.0,182.74968356337774,197.78795732626122,0.0,2479.9093532638176,2860.4469941534567
2025-02-26T09:30:00Z,2025-02-26T09:45:00Z,2025-02-26,2025-02-26_11,0.0,100,100,0,60.91715826086987,64.90213826086986,0.011069388888888889,0.0,4.3315,True,True,False,False,0.0,0.0,182.74968356337774,197.78795732626122,0.0,202.38294768247846,582.9205885721174
2025-02-26T09:45:00Z,2025-02-26T10:00:00Z,2025-02-26,2025-02-26_11,0.0,100,100,0,64.90213826086986,65.08456086956551,0.0007301594202898551,0.037,0.242,True,True,False,False,0.0,0.0,182.74968356337774,197.78795732626122,6.659635746288148,-18.739793864143213,368.4574827717839
2025-02-26T10:00:00Z,2025-02-26T10:15:00Z,2025-02-26,2025-02-26_12,0.0,100,100,0,65.08456086956551,64.89844434782637,0.0005911014492753623,0.1835,0.0145,True,True,False,False,0.0,0.0,182.74968356337774,197.78795732626122,33.971445361943225,-1.1361581580374904,413.3729280935447
2025-02-26T10:15:00Z,2025-02-26T10:30:00Z,2025-02-26,2025-02-26_12,0.0,100,100,0,64.89844434782637,65.98681478260897,0.0032225265700483096,0.033,1.222,True,True,False,False,0.0,0.0,182.74968356337774,197.78795732626122,5.808869869206197,-31.880321057601513,354.46618970124365
2025-02-26T10:30:00Z,2025-02-26T10:45:00Z,2025-02-26,2025-02-26_12,0.0,100,100,0,65.98681478260897,71.89229478260897,0.016404111111111112,0.0,6.419,True,True,False,False,0.0,0.0,182.74968356337774,197.78795732626122,0.0,433.43371205271933,813.9713529423583
2025-02-26T10:45:00Z,2025-02-26T11:00:00Z,2025-02-26,2025-02-26_12,0.0,100,100,0,71.89229478260897,72.04438173913071,0.0011108695652173913,0.11399999999999999,0.3,True,True,False,False,0.0,0.0,182.74968356337774,197.78795732626122,20.77269965644024,-22.009041046350433,379.30129949972877
2025-02-26T11:00:00Z,2025-02-26T11:15:00Z,2025-02-26,2025-02-26_13,0.0,100,100,0,72.04438173913071,72.25298869565246,0.000920647342995169,0.056499999999999995,0.2935,True,True,False,False,0.0,0.0,182.74968356337774,197.78795732626122,10.142245494545236,-21.4836480622024,369.1962383219818
2025-02-26T11:15:00Z,2025-02-26T11:30:00Z,2025-02-26,2025-02-26_13,0.0,100,100,0,72.25298869565246,72.63989130434811,0.001089826086956522,0.0025,0.4235,True,True,False,False,0.0,0.0,182.74968356337774,197.78795732626122,0.42191549635344466,-31.188635505193577,349.7709208807988
2025-02-26T11:30:00Z,2025-02-26T11:45:00Z,2025-02-26,2025-02-26_13,0.0,100,100,0,72.63989130434811,72.5839356521742,0.0005873212560386473,0.123,0.0845,True,True,False,False,0.0,0.0,182.74968356337774,197.78795732626122,23.313853896690976,-6.497500452052319,397.3539943342776
2025-02-26T11:45:00Z,2025-02-26T12:00:00Z,2025-02-26,2025-02-26_13,0.0,100,100,0,72.5839356521742,76.42181652173943,0.010989886473429952,0.0545,4.236,True,True,False,False,0.0,0.0,182.74968356337774,197.78795732626122,10.012350672051113,2414.6297872340424,2805.1797787957325
2025-02-26T12:00:00Z,2025-02-26T12:15:00Z,2025-02-26,2025-02-26_14,0.0,100,100,0,76.42181652173943,96.85271652173944,0.056752500000000004,0.0,22.2075,True,True,False,False,0.0,0.0,182.74968356337774,197.78795732626122,0.0,18824.748016997168,19205.285657886805
2025-02-26T12:15:00Z,2025-02-26T12:30:00Z,2025-02-26,2025-02-26_14,0.0,100,100,0,96.85271652173944,111.33167652173944,0.040219333333333336,0.0,15.738,True,True,False,False,0.0,0.0,182.74968356337774,197.78795732626122,0.0,2365.651621963715,2746.189262853354
2025-02-26T12:30:00Z,2025-02-26T12:45:00Z,2025-02-26,2025-02-26_14,0.0,100,100,0,111.33167652173944,116.68193652173944,0.014861833333333335,0.0,5.8155,True,True,False,False,0.0,0.0,182.74968356337774,197.78795732626122,0.0,-281.2396504128745,99.29799047676448
2025-02-26T12:45:00Z,2025-02-26T13:00:00Z,2025-02-26,2025-02-26_14,0.0,100,100,0,116.68193652173944,122.60443652173944,0.01645138888888889,0.0,6.4375,True,True,False,False,0.0,0.0,182.74968356337774,197.78795732626122,0.0,-307.05942478854,73.47821610109895
2025-02-26T13:00:00Z,2025-02-26T13:15:00Z,2025-02-26,2025-02-26_15,0.0,100,100,0,122.60443652173944,141.50399652173945,0.05249877777777778,0.0,20.543,True,True,False,False,0.0,0.0,182.74968356337774,197.78795732626122,0.0,20542.87617985655,20923.413820746187
2025-02-26T13:15:00Z,2025-02-26T13:30:00Z,2025-02-26,2025-02-26_15,0.0,100,100,0,141.50399652173945,163.19667652173945,0.060257444444444454,0.0,23.579,True,True,False,False,0.0,0.0,182.74968356337774,197.78795732626122,0.0,19712.499728969524,20093.03736985916
2025-02-26T13:30:00Z,2025-02-26T13:45:00Z,2025-02-26,2025-02-26_15,0.0,100,100,0,163.19667652173945,166.9272434782612,0.01132886956521739,0.16,4.244,True,True,False,False,0.0,0.0,182.74968356337774,197.78795732626122,32.08184356980693,-133.0363072348462,279.5831772245997
2025-02-26T13:45:00Z,2025-02-26T14:00:00Z,2025-02-26,2025-02-26_15,0.0,100,100,0,166.9272434782612,164.94932000000034,0.005550454106280193,1.8290000000000002,0.011,True,True,False,False,0.0,0.0,182.74968356337774,197.78795732626122,365.80551202459174,-0.807667811865871,745.5354851023649
2025-02-26T14:00:00Z,2025-02-26T14:15:00Z,2025-02-26,2025-02-26_16,0.0,100,100,0,164.94932000000034,181.37500000000034,0.04562688888888889,0.0,17.854,True,True,False,False,0.0,0.0,182.74968356337774,197.78795732626122,0.0,16175.373183051053,16555.910823940692
2025-02-26T14:15:00Z,2025-02-26T14:30:00Z,2025-02-26,2025-02-26_16,0.0,100,100,0,181.37500000000034,189.99782608695685,0.02396437198067633,0.002,9.375,True,True,False,False,0.0,0.0,182.74968356337774,197.78795732626122,0.36947742752094515,6248.749321921524,6629.656440238684
2025-02-26T14:30:00Z,2025-02-26T14:45:00Z,2025-02-26,2025-02-26_16,0.0,100,100,0,189.99782608695685,177.58478260869597,0.034480676328502415,11.42,0.0,True,True,False,False,0.0,0.0,182.74968356337774,197.78795732626122,10379.17918550218,0.0,10759.71682639182
2025-02-26T14:45:00Z,2025-02-26T15:00:00Z,2025-02-26,2025-02-26_16,0.0,100,100,0,177.58478260869597,160.43315217391336,0.04764341787439614,15.779500000000002,0.0,True,True,False,False,0.0,0.0,182.74968356337774,197.78795732626122,8055.76239979507,0.0,8436.30004068471
2025-02-26T15:00:00Z,2025-02-26T15:15:00Z,2025-02-26,2025-02-26_17,0.0,100,100,0,160.43315217391336,165.38714260869597,0.015349248792270533,0.263,5.6955,True,True,False,False,0.0,0.0,182.74968356337774,197.78795732626122,52.594504651116075,-114.50846633717077,318.6236792035843
2025-02-26T15:15:00Z,2025-02-26T15:30:00Z,2025-02-26,2025-02-26_17,0.0,100,100,0,165.38714260869597,166.7083295652177,0.004150036231884058,0.0795,1.53,True,True,False,False,0.0,0.0,182.74968356337774,197.78795732626122,15.365559640769094,-82.23938279790248,313.6638177325056
2025-02-26T15:30:00Z,2025-02-26T15:45:00Z,2025-02-26,2025-02-26_17,0.0,100,100,0,166.7083295652177,167.12908347826118,0.0015733502415458938,0.067,0.5365,True,True,False,False,0.0,0.0,182.74968356337774,197.78795732626122,12.537223394209715,-35.22588742892733,357.8489768549214
2025-02-26T15:45:00Z,2025-02-26T16:00:00Z,2025-02-26,2025-02-26_17,0.0,100,100,0,167.12908347826118,165.9629052173916,0.003252161835748792,1.075,0.0025,True,True,False,False,0.0,0.0,182.74968356337774,197.78795732626122,213.555306089647,-0.19588933759267074,593.8970576416933
2025-02-26T16:00:00Z,2025-02-26T16:15:00Z,2025-02-26,2025-02-26_18,0.0,100,100,0,165.9629052173916,167.48431130434813,0.004585427536231884,0.05949999999999999,1.7239999999999998,True,True,False,False,0.0,0.0,182.74968356337774,190.7359411729251,11.150622526269261,-124.95215880095634,259.6840884616158
2025-02-26T16:15:00Z,2025-02-26T16:30:00Z,2025-02-26,2025-02-26_18,0.0,100,100,0,167.48431130434813,154.37126782608726,0.03642512077294686,12.064,0.0,True,True,False,False,0.0,0.0,182.74968356337774,190.7359411729251,11202.6963759468,0.0,11576.182000683102
2025-02-26T16:30:00Z,2025-02-26T16:45:00Z,2025-02-26,2025-02-26_18,0.0,100,100,0,154.37126782608726,135.51909391304378,0.05236714975845411,17.344,0.0,True,True,False,False,0.0,0.0,182.74968356337774,190.7359411729251,7667.871850199908,0.0,8041.3574749362115
2025-02-26T16:45:00Z,2025-02-26T17:00:00Z,2025-02-26,2025-02-26_18,0.0,100,100,0,135.51909391304378,125.11202869565247,0.028908514492753622,9.5745,0.0,True,True,False,False,0.0,0.0,182.74968356337774,190.7359411729251,2559.4633500090417,0.0,2932.9489747453445
2025-02-26T17:00:00Z,2025-02-26T17:15:00Z,2025-02-26,2025-02-26_19,0.0,100,100,0,125.11202869565247,100.13431130434812,0.06938254830917875,22.9795,0.0,True,True,False,False,0.0,0.0,182.74968356337774,190.7359411729251,26506.790691539594,0.0,26880.276316275897
2025-02-26T17:15:00Z,2025-02-26T17:30:00Z,2025-02-26,2025-02-26_19,0.0,100,100,0,100.13431130434812,95.65609478260899,0.012488045893719806,4.128,0.0095,True,True,False,False,0.0,0.0,182.74968356337774,190.7359411729251,1413.2401615333615,-0.7443794828521488,1785.9814067868122
2025-02-26T17:30:00Z,2025-02-26T17:45:00Z,2025-02-26,2025-02-26_19,0.0,100,100,0,95.65609478260899,95.63316173913073,0.0004163695652173913,0.0795,0.069,True,True,False,False,0.0,0.0,182.74968356337774,190.7359411729251,14.284859261045145,-5.318751732867217,382.45173226448077
2025-02-26T17:45:00Z,2025-02-26T18:00:00Z,2025-02-26,2025-02-26_19,0.0,100,100,0,95.63316173913073,95.66085739130465,0.00030640096618357484,0.038,0.075,True,True,False,False,0.0,0.0,182.74968356337774,190.7359411729251,6.557769473409278,-5.814296907962149,374.22909730174996
2025-02-26T18:00:00Z,2025-02-26T18:15:00Z,2025-02-26,2025-02-26_20,82.99629060826967,17,100,0,95.66085739130465,72.73065342166615,0.0636950110267736,0.346715,0.0,True,True,False,False,3986.3118379151924,0.0,31.067446205774214,190.7359411729251,69.2931239748458,0.0,4277.408349268738
2025-02-26T18:15:00Z,2025-02-26T18:30:00Z,2025-02-26,2025-02-26_20,82.99629060826967,17,100,0,72.73065342166615,50.25233231191578,0.06251191437425953,0.011815,0.083,True,True,False,False,3986.3118379151924,0.0,31.067446205774214,190.7359411729251,2.2480854579792258,-6.111146605589377,4204.252164146282
2025-02-26T18:30:00Z,2025-02-26T18:45:00Z,2025-02-26,2025-02-26_20,82.99629060826967,17,100,0,50.25233231191578,31.048729766699264,0.056095277410368134,0.00204,3.1665,True,True,False,False,3986.3118379151924,0.0,31.067446205774214,190.7359411729251,0.34428304502441087,-183.3590094026882,4025.1004989362277
2025-02-26T18:45:00Z,2025-02-26T19:00:00Z,2025-02-26,2025-02-26_20,82.99629060826967,17,100,0,31.048729766699264,15.965173043478448,0.04803142096988702,0.0,7.056500000000001,True,True,False,False,3986.3118379151924,0.0,31.067446205774214,190.7359411729251,0.0,-317.22988909649814,3890.8853361973934
2025-02-26T19:00:00Z,2025-02-26T19:15:00Z,2025-02-26,2025-02-26_21,23.0,77,100,0,15.965173043478448,11.383039200000187,0.02060122845410628,0.22946,2.0005,True,True,False,False,1028.4450000000002,0.0,140.53161352540533,189.50033150503288,45.977517911317385,-119.72091987623816,1284.7335430655176
2025-02-26T19:15:00Z,2025-02-26T19:30:00Z,2025-02-26,2025-02-26_21,23.0,77,100,0,11.383039200000187,11.58019600000019,0.025926824444444448,0.0,6.726999999999999,True,True,False,False,1028.4450000000002,0.0,140.53161352540533,189.50033150503288,0.0,903.6788493761678,2262.155794406606
2025-02-26T19:30:00Z,2025-02-26T19:45:00Z,2025-02-26,2025-02-26_21,23.0,77,100,0,11.58019600000019,10.000000000000188,0.02356542777777778,0.0,4.8725,True,True,False,False,1028.4450000000002,0.0,140.53161352540533,189.50033150503288,0.0,96.95367518534145,1455.4306202157798
2025-02-26T19:45:00Z,2025-02-26T20:00:00Z,2025-02-26,2025-02-26_21,23.0,77,100,0,10.000000000000188,16.370211200000192,0.03412836444444445,0.0,13.168,True,True,False,False,1028.4450000000002,0.0,140.53161352540533,189.50033150503288,0.0,10218.728332228317,11577.205277258754
2025-02-26T20:00:00Z,2025-02-26T20:15:00Z,2025-02-26,2025-02-26_22,0.0,100,100,0,16.370211200000192,17.68554511304367,0.008155516908212562,0.7455,2.3105,True,True,False,False,0.0,0.0,182.50858899403292,195.88933759267073,149.00189409921043,139.161517589858,666.5613382757721
2025-02-26T20:15:00Z,2025-02-26T20:30:00Z,2025-02-26,2025-02-26_22,0.0,100,100,0,17.68554511304367,19.02903815652193,0.0037379637681159423,0.001,1.4615,True,True,False,False,0.0,0.0,182.50858899403292,195.88933759267073,0.16876619854137787,-88.97347025495752,289.5932225302875
2025-02-26T20:30:00Z,2025-02-26T20:45:00Z,2025-02-26,2025-02-26_22,0.0,100,100,0,19.02903815652193,20.142452939130628,0.0032015144927536234,0.018,1.2315,True,True,False,False,0.0,0.0,182.50858899403292,195.88933759267073,3.13362666505937,-80.08498463022121,301.4465686215418
2025-02-26T20:45:00Z,2025-02-26T21:00:00Z,2025-02-26,2025-02-26_22,0.0,100,100,0,20.142452939130628,29.13959293913063,0.02499205555555556,0.0,9.7795,True,True,False,False,0.0,0.0,182.50858899403292,195.88933759267073,0.0,6307.346221947643,6685.744148534347
2025-02-26T21:00:00Z,2025-02-26T21:15:00Z,2025-02-26,2025-02-26_23,0.0,100,100,0,29.13959293913063,31.70748598260889,0.009639074879227053,0.415,3.2815,True,True,False,False,0.0,0.0,182.50858899403292,196.22084262551988,82.83599441464249,352.6743881220742,814.2398141562695
2025-02-26T21:15:00Z,2025-02-26T21:30:00Z,2025-02-26,2025-02-26_23,0.0,100,100,0,31.70748598260889,30.425478156521933,0.004657466183574878,1.361,0.21449999999999997,True,True,False,False,0.0,0.0,182.50858899403292,196.22084262551988,272.5010590078959,-15.575028027243684,635.655462600205
2025-02-26T21:30:00Z,2025-02-26T21:45:00Z,2025-02-26,2025-02-26_23,0.0,100,100,0,30.425478156521933,32.404398156521935,0.005497,0.0,2.151,True,True,False,False,0.0,0.0,182.50858899403292,196.22084262551988,0.0,-155.852316316075,222.8771153034778
2025-02-26T21:45:00Z,2025-02-26T22:00:00Z,2025-02-26,2025-02-26_23,0.0,100,100,0,32.404398156521935,34.34672772173932,0.005404417874396135,0.0015,2.113,True,True,False,False,0.0,0.0,182.50858899403292,196.22084262551988,0.2531492978120668,-153.19706366905754,225.78551724830731
2025-02-26T22:00:00Z,2025-02-26T22:15:00Z,2025-02-27,2025-02-26_24,0.0,100,100,0,34.34672772173932,24.881145982608885,0.026520727053140097,8.746,0.0445,True,True,False,False,0.0,0.0,182.5049222485635,196.21690038976172,1944.0301792100292,-3.2437597942701006,2319.5082420540843
2025-02-26T22:15:00Z,2025-02-26T22:30:00Z,2025-02-27,2025-02-26_24,0.0,100,100,0,24.881145982608885,21.08495033043497,0.010544987922705315,3.4925000000000006,0.0,True,True,False,False,0.0,0.0,182.5049222485635,196.21690038976172,700.7039503556074,0.0,1079.4257729939327
2025-02-26T22:30:00Z,2025-02-26T22:45:00Z,2025-02-27,2025-02-26_24,0.0,100,100,0,21.08495033043497,21.645949460869755,0.0017153357487922707,0.026,0.6405,True,True,False,False,0.0,0.0,182.5049222485635,196.21690038976172,4.579497729738417,-46.90677442038011,336.3945459476835
2025-02-26T22:45:00Z,2025-02-26T23:00:00Z,2025-02-27,2025-02-26_24,0.0,100,100,0,21.645949460869755,23.346109460869755,0.004722666666666667,0.0,1.848,True,True,False,False,0.0,0.0,182.5049222485635,196.21690038976172,0.0,-134.26124321935148,244.46057941897374
2025-02-26T23:00:00Z,2025-02-26T23:15:00Z,2025-02-27,2025-02-27_1,0.0,100,100,0,23.346109460869755,22.64110772173932,0.00224456038647343,0.696,0.05600000000000001,True,True,False,False,0.0,0.0,182.5049222485635,196.21690038976172,138.68597741792902,-4.181604853939809,513.2261952023144
2025-02-26T23:15:00Z,2025-02-26T23:30:00Z,2025-02-27,2025-02-27_1,0.0,100,100,0,22.64110772173932,23.189063373913232,0.0017515676328502417,0.038,0.6405,True,True,False,False,0.0,0.0,182.5049222485635,196.21690038976172,6.54076545987865,-46.78710049423393,338.47548760396995
2025-02-26T23:30:00Z,2025-02-26T23:45:00Z,2025-02-27,2025-02-27_1,0.0,100,100,0,23.189063373913232,24.718396417391492,0.0042541859903381645,0.001,1.6635,True,True,False,False,0.0,0.0,182.5049222485635,196.21690038976172,0.16876280789167036,-121.06913830513923,257.82144714107767
2025-02-26T23:45:00Z,2025-02-27T00:00:00Z,2025-02-27,2025-02-27_1,0.0,100,100,0,24.718396417391492,32.82957641739149,0.022531055555555554,0.0,8.8165,True,True,False,False,0.0,0.0,182.5049222485635,196.21690038976172,0.0,-500.64201390284074,-121.92019126451552
2025-02-27T00:00:00Z,2025-02-27T00:15:00Z,2025-02-27,2025-02-27_2,-2.9415650427844534e-14,100,100,0,32.82957641739149,37.2759364173915,0.012351000000000022,0.0,4.833,True,True,False,False,-7.634096677286353e-13,0.0,181.38988226785065,196.21690038976172,0.0,-346.5595214368948,31.047261220716823
2025-02-27T00:15:00Z,2025-02-27T00:30:00Z,2025-02-27,2025-02-27_2,-2.9415650427844534e-14,100,100,0,37.2759364173915,39.96509641739151,0.007469888888888909,0.0,2.923,True,True,False,False,-7.634096677286353e-13,0.0,181.38988226785065,196.21690038976172,0.0,-211.75806043315785,165.84872222445375
2025-02-27T00:30:00Z,2025-02-27T00:45:00Z,2025-02-27,2025-02-27_2,-2.9415650427844534e-14,100,100,0,39.96509641739151,39.98205380869586,0.0004486739130434969,0.0665,0.097,True,True,False,False,-7.634096677286353e-13,0.0,181.38988226785065,196.21690038976172,11.259708281432072,-7.282814722545908,381.5836762164978
2025-02-27T00:45:00Z,2025-02-27T01:00:00Z,2025-02-27,2025-02-27_2,-2.9415650427844534e-14,100,100,0,39.98205380869586,40.56454337391326,0.0016965289855072649,0.013,0.6485,True,True,False,False,-7.634096677286353e-13,0.0,181.38988226785065,196.21690038976172,2.2039615060071522,-47.34021336440712,332.47053079921164
2025-02-27T01:00:00Z,2025-02-27T01:15:00Z,2025-02-27,2025-02-27_3,-5.990797610460991,100,94,0,40.56454337391326,42.08972690381183,0.004483565379183531,0.0435,0.21103,True,True,False,False,-153.7388436784552,0.0,181.38988226785065,184.13227789609033,7.344197271667938,-15.51914636959055,203.60836738756316
2025-02-27T01:15:00Z,2025-02-27T01:30:00Z,2025-02-27,2025-02-27_3,-5.990797610460991,100,94,0,42.08972690381183,43.568953774440885,0.004336038897615833,0.04,0.15698,True,True,False,False,-153.7388436784552,0.0,181.38988226785065,184.13227789609033,6.7836621529312495,-11.703074408325632,206.8639042300914
2025-02-27T01:30:00Z,2025-02-27T01:45:00Z,2025-02-27,2025-02-27_3,-5.990797610460991,100,94,0,43.568953774440885,44.84899708017958,0.004148910248411028,0.1045,0.01598,True,True,False,False,-153.7388436784552,0.0,181.38988226785065,184.13227789609033,18.05857164383011,-1.241145224414353,228.60074290490155
2025-02-27T01:45:00Z,2025-02-27T02:00:00Z,2025-02-27,2025-02-27_3,-5.990797610460991,100,94,0,44.84899708017958,46.19740902608743,0.004256508316836914,0.09,0.07332,True,True,False,False,-153.7388436784552,0.0,181.38988226785065,184.13227789609033,15.775965363442758,-5.542293181178929,222.01698866774962
2025-02-27T02:00:00Z,2025-02-27T02:15:00Z,2025-02-27,2025-02-27_4,-100.0,100,0,0,46.19740902608743,69.00512902608743,0.06335477777777779,0.209,0.0,True,True,False,False,-2536.0,0.0,181.38988226785065,0.0,35.96845742757262,0.0,-2318.641660304577
2025-02-27T02:15:00Z,2025-02-27T02:30:00Z,2025-02-27,2025-02-27_4,-100.0,100,0,0,69.00512902608743,91.96142902608744,0.0637675,0.0475,0.0,True,True,False,False,-2536.0,0.0,181.38988226785065,0.0,8.195329388837546,0.0,-2346.414788343312
2025-02-27T02:30:00Z,2025-02-27T02:45:00Z,2025-02-27,2025-02-27_4,-100.0,100,0,0,91.96142902608744,111.94336902608745,0.055505388888888896,3.2805,0.0,True,True,False,False,-2536.0,0.0,181.38988226785065,0.0,646.597398440953,0.0,-1708.0127192911964
2025-02-27T02:45:00Z,2025-02-27T03:00:00Z,2025-02-27,2025-02-27_4,-100.0,100,0,0,111.94336902608745,131.47680902608747,0.05425955555555557,3.768,0.0,True,True,False,False,-2536.0,0.0,181.38988226785065,0.0,745.3560332703821,0.0,-1609.2540844617672
2025-02-27T03:00:00Z,2025-02-27T03:15:00Z,2025-02-27,2025-02-27_5,0.0,100,100,0,131.47680902608747,131.01009424347876,0.001442096618357488,0.4535,0.028499999999999998,True,True,False,False,0.0,0.0,182.5049222485635,195.88540201711737,85.0558957487845,-2.2156124683569733,461.2306075461084
2025-02-27T03:15:00Z,2025-02-27T03:30:00Z,2025-02-27,2025-02-27_5,0.0,100,100,0,131.01009424347876,131.07410120000048,0.0006578695652173914,0.0795,0.1635,True,True,False,False,0.0,0.0,182.5049222485635,195.88540201711737,14.097058705348173,-12.175845722666452,380.3115372483626
2025-02-27T03:30:00Z,2025-02-27T03:45:00Z,2025-02-27,2025-02-27_5,0.0,100,100,0,131.07410120000048,141.6439812000005,0.02936077777777778,0.0,11.489,True,True,False,False,0.0,0.0,182.5049222485635,195.88540201711737,0.0,437.36402941294654,815.7543536786275
2025-02-27T03:45:00Z,2025-02-27T04:00:00Z,2025-02-27,2025-02-27_5,0.0,100,100,0,141.6439812000005,148.0743212000005,0.017862055555555555,0.0,6.9895,True,True,False,False,0.0,0.0,182.5049222485635,195.88540201711737,0.0,440.8268971752319,819.2172214409128
2025-02-27T04:00:00Z,2025-02-27T04:15:00Z,2025-02-27,2025-02-27_6,0.0,100,100,0,148.0743212000005,166.7986212000005,0.052011944444444444,0.0,20.3525,True,True,False,False,0.0,0.0,182.5049222485635,195.88540201711737,0.0,14089.34463022863,14467.734954494312
2025-02-27T04:15:00Z,2025-02-27T04:30:00Z,2025-02-27,2025-02-27_6,0.0,100,100,0,166.7986212000005,175.78058120000048,0.02494988888888889,0.0,9.763,True,True,False,False,0.0,0.0,182.5049222485635,195.88540201711737,0.0,4726.083255314019,5104.4735795797
2025-02-27T04:30:00Z,2025-02-27T04:45:00Z,2025-02-27,2025-02-27_6,0.0,100,100,0,175.78058120000048,187.1885812000005,0.03168888888888889,0.0,12.4,True,True,False,False,0.0,0.0,182.5049222485635,195.88540201711737,0.0,7728.1541366978745,8106.544460963555
2025-02-27T04:45:00Z,2025-02-27T05:00:00Z,2025-02-27,2025-02-27_6,0.0,100,100,0,187.1885812000005,189.8409412000005,0.007367666666666667,0.0,2.883,True,True,False,False,0.0,0.0,182.5049222485635,195.88540201711737,0.0,238.86489653232607,617.2552207980069
2025-02-27T05:00:00Z,2025-02-27T05:15:00Z,2025-02-27,2025-02-27_7,99.00000000000328,1,100,0,189.8409412000005,181.70220652173882,0.023491256328501728,8e-05,17.289,True,True,False,False,3896.887500000129,0.0,1.8967734158395946,189.49652428978985,0.01125085385944469,25748.95988025877,29837.25192881839
2025-02-27T05:15:00Z,2025-02-27T05:30:00Z,2025-02-27,2025-02-27_7,99.00000000000328,1,100,0,181.70220652173882,154.9586621826075,0.074295136497587,0.000835,0.147,True,True,False,False,3896.887500000129,0.0,1.8967734158395946,189.49652428978985,0.12313658134769154,-10.896056776630369,4077.5078775104757
2025-02-27T05:30:00Z,2025-02-27T05:45:00Z,2025-02-27,2025-02-27_7,99.00000000000328,1,100,0,154.9586621826075,130.25527964347617,0.06872405816425331,0.0,2.026,True,True,False,False,3896.887500000129,0.0,1.8967734158395946,189.49652428978985,0.0,-136.337987704424,3951.9428100013342
2025-02-27T05:45:00Z,2025-02-27T06:00:00Z,2025-02-27,2025-02-27_7,99.00000000000328,1,100,0,130.25527964347617,112.63068127825795,0.04939414101449366,0.0,8.5485,True,True,False,False,3896.887500000129,0.0,1.8967734158395946,189.49652428978985,0.0,81.04364085667217,4169.32443856243
2025-02-27T06:00:00Z,2025-02-27T06:15:00Z,2025-02-27,2025-02-27_8,100.0,0,100,0,112.63068127825795,91.65350736521448,0.05826992753623188,0.0,5.701,True,True,False,False,4104.0,0.0,0.0,190.24992968216338,0.0,-252.43195081769596,4041.8179788644675
2025-02-27T06:15:00Z,2025-02-27T06:30:00Z,2025-02-27,2025-02-27_8,100.0,0,100,0,91.65350736521448,65.42035519130144,0.07286986714975845,0.0,0.8655000000000002,True,True,False,False,4104.0,0.0,0.0,190.24992968216338,0.0,-63.27918913488971,4230.970740547274
2025-02-27T06:30:00Z,2025-02-27T06:45:00Z,2025-02-27,2025-02-27_8,100.0,0,100,0,65.42035519130144,53.47687693043187,0.03317632850241546,0.0,14.011999999999999,True,True,False,False,4104.0,0.0,0.0,190.24992968216338,0.0,6058.403803592236,10352.6537332744
2025-02-27T06:45:00Z,2025-02-27T07:00:00Z,2025-02-27,2025-02-27_8,100.0,0,100,0,53.47687693043187,36.369268234779696,0.04752113526570049,0.0,9.261,True,True,False,False,4104.0,0.0,0.0,190.24992968216338,0.0,-308.6621675975408,3985.5877620846227
2025-02-27T07:00:00Z,2025-02-27T07:15:00Z,2025-02-27,2025-02-27_9,1.765047163727222,98,100,0,36.369268234779696,35.273311336788105,0.004307080460379813,0.78057,0.2515,True,True,False,False,74.20258276309241,0.0,186.97653393337887,191.1540161530116,155.84724435046408,-18.327859123237033,589.8525180767099
2025-02-27T07:15:00Z,2025-02-27T07:30:00Z,2025-02-27,2025-02-27_9,1.765047163727222,98,100,0,35.273311336788105,35.096288859257974,0.0023494612123318645,0.035769999999999996,0.37,True,True,False,False,74.20258276309241,0.0,186.97653393337887,191.1540161530116,6.610579722344999,-27.286812392011893,431.656900179816
2025-02-27T07:30:00Z,2025-02-27T07:45:00Z,2025-02-27,2025-02-27_9,1.765047163727222,98,100,0,35.096288859257974,36.862186191478834,0.007310573467753134,0.0,2.433,True,True,False,False,74.20258276309241,0.0,186.97653393337887,191.1540161530116,0.0,-175.97139068590025,276.3617421635827
2025-02-27T07:45:00Z,2025-02-27T08:00:00Z,2025-02-27,2025-02-27_9,1.765047163727222,98,100,0,36.862186191478834,37.26514656520981,0.0042731096395508695,0.09995999999999998,1.074,True,True,False,False,74.20258276309241,0.0,186.97653393337887,191.1540161530116,19.498987977659016,-78.00859846506208,393.8235223620798
2025-02-27T08:00:00Z,2025-02-27T08:15:00Z,2025-02-27,2025-02-27_10,0.0,100,100,0,37.26514656520981,25.26732047825329,0.03332729468599034,11.038,0.0,True,True,False,False,0.0,0.0,182.74601197412304,198.14561819423795,8350.572768915497,0.0,8731.464399083858
2025-02-27T08:15:00Z,2025-02-27T08:30:00Z,2025-02-27,2025-02-27_10,0.0,100,100,0,25.26732047825329,22.458168304340248,0.007867089371980676,2.595,0.0125,True,True,False,False,0.0,0.0,182.74601197412304,198.14561819423795,534.0208030296942,-0.9095109896733234,914.0029222083818
2025-02-27T08:30:00Z,2025-02-27T08:45:00Z,2025-02-27,2025-02-27_10,0.0,100,100,0,22.458168304340248,22.768545695644598,0.0009165072463768116,0.009,0.348,True,True,False,False,0.0,0.0,182.74601197412304,198.14561819423795,1.518865271025033,-25.819427010085583,356.59106842930044
2025-02-27T08:45:00Z,2025-02-27T09:00:00Z,2025-02-27,2025-02-27_10,0.0,100,100,0,22.768545695644598,28.278425695644597,0.015305222222222222,0.0,5.989,True,True,False,False,0.0,0.0,182.74601197412304,198.14561819423795,0.0,-352.70654538514077,28.18508478322022
2025-02-27T09:00:00Z,2025-02-27T09:15:00Z,2025-02-27,2025-02-27_11,0.0,100,100,0,28.278425695644597,31.079582217383727,0.007922898550724637,0.0235,3.0725,True,True,False,False,0.0,0.0,182.74601197412304,198.14561819423795,4.010127174830232,-222.3454434041869,162.55631393900433
2025-02-27T09:15:00Z,2025-02-27T09:30:00Z,2025-02-27,2025-02-27_11,0.0,100,100,0,31.079582217383727,39.08542221738373,0.022238444444444446,0.0,8.702,True,True,False,False,0.0,0.0,182.74601197412304,198.14561819423795,0.0,-403.74769437859123,-22.856064210230244
2025-02-27T09:30:00Z,2025-02-27T09:45:00Z,2025-02-27,2025-02-27_11,0.0,100,100,0,39.08542221738373,52.716142217383734,0.03786311111111112,0.0,14.816,True,True,False,False,0.0,0.0,182.74601197412304,198.14561819423795,0.0,-202.3946445935629,178.4969855747981
2025-02-27T09:45:00Z,2025-02-27T10:00:00Z,2025-02-27,2025-02-27_11,0.0,100,100,0,52.716142217383734,71.81028221738373,0.053039277777777775,0.0,20.7545,True,True,False,False,0.0,0.0,182.74601197412304,198.14561819423795,0.0,12432.514253525937,12813.405883694297
2025-02-27T10:00:00Z,2025-02-27T10:15:00Z,2025-02-27,2025-02-27_12,0.0,100,100,0,71.81028221738373,77.31556221738373,0.015292444444444444,0.0,5.984,True,True,False,False,0.0,0.0,182.74601197412304,198.14561819423795,0.0,753.6637248362598,1134.5553550046209
2025-02-27T10:15:00Z,2025-02-27T10:30:00Z,2025-02-27,2025-02-27_12,0.0,100,100,0,77.31556221738373,77.95191786955765,0.0019276787439613525,0.0265,0.723,True,True,False,False,0.0,0.0,182.74601197412304,198.14561819423795,4.775686101177321,-52.746869249005506,332.92044702053283
2025-02-27T10:30:00Z,2025-02-27T10:45:00Z,2025-02-27,2025-02-27_12,0.0,100,100,0,77.95191786955765,78.16128482607938,0.0010616473429951694,0.0795,0.3215,True,True,False,False,0.0,0.0,182.74601197412304,198.14561819423795,14.678446578534977,-23.588594647808094,371.9814820990879
2025-02-27T10:45:00Z,2025-02-27T11:00:00Z,2025-02-27,2025-02-27_12,0.0,100,100,0,78.16128482607938,80.68576482607938,0.007012444444444446,0.0,2.744,True,True,False,False,0.0,0.0,182.74601197412304,198.14561819423795,0.0,-190.39745730702776,190.49417286133323
2025-02-27T11:00:00Z,2025-02-27T11:15:00Z,2025-02-27,2025-02-27_13,0.0,100,100,0,80.68576482607938,85.50426482607938,0.013384722222222223,0.0,5.2375,True,True,False,False,0.0,0.0,182.74601197412304,198.14561819423795,0.0,-186.99223992445852,193.89939024390247
2025-02-27T11:15:00Z,2025-02-27T11:30:00Z,2025-02-27,2025-02-27_13,0.0,100,100,0,85.50426482607938,97.17078482607937,0.032407,0.0,12.680999999999997,True,True,False,False,0.0,0.0,182.74601197412304,198.14561819423795,0.0,-26.725537429179887,354.1660927391811
2025-02-27T11:30:00Z,2025-02-27T11:45:00Z,2025-02-27,2025-02-27_13,0.0,100,100,0,97.17078482607937,113.35772482607936,0.044963722222222224,0.0,17.5945,True,True,False,False,0.0,0.0,182.74601197412304,198.14561819423795,0.0,122.9501143167115,503.84174448507247
2025-02-27T11:45:00Z,2025-02-27T12:00:00Z,2025-02-27,2025-02-27_13,0.0,100,100,0,113.35772482607936,126.01968482607936,0.03517211111111111,0.0,13.763,True,True,False,False,0.0,0.0,182.74601197412304,198.14561819423795,0.0,-359.8637109736007,21.0279191947603
2025-02-27T12:00:00Z,2025-02-27T12:15:00Z,2025-02-27,2025-02-27_14,0.0,100,100,0,126.01968482607936,134.16352482607937,0.02262177777777778,0.0,8.852,True,True,False,False,0.0,0.0,182.74601197412304,197.78398360589864,0.0,-387.61601559046886,-7.086020010447186
2025-02-27T12:15:00Z,2025-02-27T12:30:00Z,2025-02-27,2025-02-27_14,0.0,100,100,0,134.16352482607937,139.61084482607936,0.015131444444444446,0.0,5.921,True,True,False,False,0.0,0.0,182.74601197412304,197.78398360589864,0.0,-393.4608825893037,-12.930887009282031
2025-02-27T12:30:00Z,2025-02-27T12:45:00Z,2025-02-27,2025-02-27_14,0.0,100,100,0,139.61084482607936,135.55043439129676,0.013660695652173913,4.13,0.466,True,True,False,False,0.0,0.0,182.74601197412304,197.78398360589864,829.7305581227147,-33.76388797364086,1176.4966657290954
2025-02-27T12:45:00Z,2025-02-27T13:00:00Z,2025-02-27,2025-02-27_14,0.0,100,100,0,135.55043439129676,137.76806221738372,0.007941478260869564,0.295,2.759,True,True,False,False,0.0,0.0,182.74601197412304,197.78398360589864,58.873225981436086,-199.6469693012416,239.75625226021617
2025-02-27T13:00:00Z,2025-02-27T13:15:00Z,2025-02-27,2025-02-27_15,-100.0,100,0,0,137.76806221738372,160.76806221738372,0.0638888888888889,0.0,0.0,True,True,False,False,-3028.25,0.0,182.74601197412304,0.0,0.0,0.0,-2845.503988025877
2025-02-27T13:15:00Z,2025-02-27T13:30:00Z,2025-02-27,2025-02-27_15,-100.0,100,0,0,160.76806221738372,180.24078221738372,0.05409088888888889,3.834,0.0,True,True,False,False,-3028.25,0.0,182.74601197412304,0.0,877.4463406597822,0.0,-1968.0576473660947
2025-02-27T13:30:00Z,2025-02-27T13:45:00Z,2025-02-27,2025-02-27_15,-100.0,100,0,0,180.24078221738372,188.81242221738373,0.023810111111111112,15.683,0.0,True,True,False,False,-3028.25,0.0,182.74601197412304,0.0,16262.212947321896,0.0,13416.708959296018
2025-02-27T13:45:00Z,2025-02-27T14:00:00Z,2025-02-27,2025-02-27_15,-100.0,100,0,0,188.81242221738373,189.56636221738373,0.00209427777777778,24.1805,0.0,True,True,False,False,-3028.25,0.0,182.74601197412304,0.0,28295.406652770518,0.0,25449.90266474464
2025-02-27T14:00:00Z,2025-02-27T14:15:00Z,2025-02-27,2025-02-27_16,-5.0,100,95,0,189.56636221738373,189.09166047825332,0.007415532608695652,1.5225,0.019,True,True,False,False,-172.4375,0.0,182.74601197412304,187.8947844256037,304.4434117209788,-1.4468346928115077,501.19987342789403
2025-02-27T14:15:00Z,2025-02-27T14:30:00Z,2025-02-27,2025-02-27_16,-5.0,100,95,0,189.09166047825332,189.06410643477506,0.006351450120772947,1.1205,0.033725,True,True,False,False,-172.4375,0.0,182.74601197412304,187.8947844256037,224.1011255876562,-2.540188898822678,419.7642330885603
2025-02-27T14:30:00Z,2025-02-27T14:45:00Z,2025-02-27,2025-02-27_16,-5.0,100,95,0,189.06410643477506,189.99999999999247,0.004008067874396134,0.24550000000000002,0.0551,True,True,False,False,-172.4375,0.0,182.74601197412304,187.8947844256037,46.25485554707277,-4.10431568690481,240.35383625989468
2025-02-27T14:45:00Z,2025-02-27T15:00:00Z,2025-02-27,2025-02-27_16,-5.0,100,95,0,189.99999999999247,184.04250799999247,0.021253494444444444,6.589499999999999,0.0,True,True,False,False,-172.4375,0.0,182.74601197412304,187.8947844256037,1420.4917393619155,0.0,1618.6950357616422
2025-02-27T15:00:00Z,2025-02-27T15:15:00Z,2025-02-27,2025-02-27_17,0.0,100,100,0,184.04250799999247,181.90195669564463,0.00595619806763285,1.971,0.002,True,True,False,False,0.0,0.0,182.74601197412304,197.78398360589864,439.11554747458507,-0.1567083216136939,819.488834732993
2025-02-27T15:15:00Z,2025-02-27T15:30:00Z,2025-02-27,2025-02-27_17,0.0,100,100,0,181.90195669564463,165.6182610434707,0.04523248792270531,14.981,0.0,True,True,False,False,0.0,0.0,182.74601197412304,197.78398360589864,10488.117617832602,0.0,10868.647613412624
2025-02-27T15:30:00Z,2025-02-27T15:45:00Z,2025-02-27,2025-02-27_17,0.0,100,100,0,165.6182610434707,148.0307610434707,0.048854166666666664,16.1805,0.0,True,True,False,False,0.0,0.0,182.74601197412304,197.78398360589864,13897.620451139146,0.0,14278.150446719168
2025-02-27T15:45:00Z,2025-02-27T16:00:00Z,2025-02-27,2025-02-27_17,0.0,100,100,0,148.0307610434707,138.81680452173157,0.025722101449275357,8.498,0.025,True,True,False,False,0.0,0.0,182.74601197412304,197.78398360589864,4263.206585365853,-1.814200184835456,4641.92238076104
2025-02-27T16:00:00Z,2025-02-27T16:15:00Z,2025-02-27,2025-02-27_18,0.0,100,100,0,138.81680452173157,142.94530452173157,0.011468055555555554,0.0,4.4875,True,True,False,False,0.0,0.0,190.79238156467233,190.73210913328242,0.0,-301.874397275686,79.65009342226872
2025-02-27T16:15:00Z,2025-02-27T16:30:00Z,2025-02-27,2025-02-27_18,0.0,100,100,0,142.94530452173157,141.3767601739055,0.004691845410628019,1.4985,0.0655,True,True,False,False,0.0,0.0,190.79238156467233,190.73210913328242,300.19253546028045,-4.900051131112629,676.8169750271226
2025-02-27T16:30:00Z,2025-02-27T16:45:00Z,2025-02-27,2025-02-27_18,0.0,100,100,0,141.3767601739055,136.9175210434707,0.012386775362318839,4.1025,0.0,True,True,False,False,0.0,0.0,190.79238156467233,190.73210913328242,1013.935009744043,0.0,1395.4595004419978
2025-02-27T16:45:00Z,2025-02-27T17:00:00Z,2025-02-27,2025-02-27_18,0.0,100,100,0,136.9175210434707,123.78491234781853,0.03647946859903382,12.082,0.0,True,True,False,False,0.0,0.0,190.79238156467233,190.73210913328242,3184.447113352353,0.0,3565.9716040503076
2025-02-27T17:00:00Z,2025-02-27T17:15:00Z,2025-02-27,2025-02-27_19,0.0,100,100,0,123.78491234781853,123.60763669564462,0.0009447657004830916,0.23799999999999996,0.0885,True,True,False,False,0.0,0.0,190.79238156467233,190.73210913328242,45.89894121428857,-6.60284606421023,420.8205858480331
2025-02-27T17:15:00Z,2025-02-27T17:30:00Z,2025-02-27,2025-02-27_19,0.0,100,100,0,123.60763669564462,123.63375495651418,0.0005254492753623189,0.075,0.117,True,True,False,False,0.0,0.0,190.79238156467233,190.73210913328242,13.2679662072568,-8.749848314381003,386.0426085908305
2025-02-27T17:30:00Z,2025-02-27T17:45:00Z,2025-02-27,2025-02-27_19,0.0,100,100,0,123.63375495651418,123.64369147825332,0.000516731884057971,0.081,0.1065,True,True,False,False,0.0,0.0,190.79238156467233,190.73210913328242,14.216253465664806,-7.990409952987503,387.75033421063205
2025-02-27T17:45:00Z,2025-02-27T18:00:00Z,2025-02-27,2025-02-27_19,0.0,100,100,0,123.64369147825332,120.16058191303593,0.00969063768115942,3.2070000000000003,0.003,True,True,False,False,0.0,0.0,190.79238156467233,190.73210913328242,765.0493275605738,-0.23506248242054084,1146.338755776108
2025-02-27T18:00:00Z,2025-02-27T18:15:00Z,2025-02-27,2025-02-27_20,0.0,100,100,0,120.16058191303593,103.6698210434707,0.04580766908212559,15.171499999999998,0.0,True,True,False,False,0.0,0.0,190.79238156467233,190.73210913328242,6845.698165809457,0.0,7227.2226565074125
2025-02-27T18:15:00Z,2025-02-27T18:30:00Z,2025-02-27,2025-02-27_20,0.0,100,100,0,103.6698210434707,87.25134278260114,0.04560688405797102,15.105000000000002,0.0,True,True,False,False,0.0,0.0,190.79238156467233,190.73210913328242,4244.93471591594,0.0,4626.459206613895
2025-02-27T18:30:00Z,2025-02-27T18:45:00Z,2025-02-27,2025-02-27_20,0.0,100,100,0,87.25134278260114,75.72471234781854,0.03201841787439613,10.6045,0.0,True,True,False,False,0.0,0.0,190.79238156467233,190.73210913328242,2797.2047891469438,0.0,3178.7292798448984
2025-02-27T18:45:00Z,2025-02-27T19:00:00Z,2025-02-27,2025-02-27_20,0.0,100,100,0,75.72471234781854,66.70677756520985,0.025049818840579708,8.2965,0.0,True,True,False,False,0.0,0.0,190.79238156467233,190.73210913328242,2087.256318961707,0.0,2468.780809659662
2025-02-27T19:00:00Z,2025-02-27T19:15:00Z,2025-02-27,2025-02-27_21,24.791293760000084,0,0,0,66.70677756520985,59.970012956514175,0.018713235024154652,0.0,0.0,True,False,False,False,1108.5427004784037,0.0,0.0,0.0,0.0,0.0,1108.5427004784037
2025-02-27T19:15:00Z,2025-02-27T19:30:00Z,2025-02-27,2025-02-27_21,24.791293760000084,0,0,0,59.970012956514175,53.2332483478185,0.018713235024154652,0.0,0.0,True,False,False,False,1108.5427004784037,0.0,0.0,0.0,0.0,0.0,1108.5427004784037
2025-02-27T19:30:00Z,2025-02-27T19:45:00Z,2025-02-27,2025-02-27_21,24.791293760000084,0,0,0,53.2332483478185,46.49648373912283,0.018713235024154652,0.0,0.0,True,False,False,False,1108.5427004784037,0.0,0.0,0.0,0.0,0.0,1108.5427004784037
2025-02-27T19:45:00Z,2025-02-27T20:00:00Z,2025-02-27,2025-02-27_21,24.791293760000084,0,0,0,46.49648373912283,39.75971913042716,0.018713235024154652,0.0,0.0,True,False,False,False,1108.5427004784037,0.0,0.0,0.0,0.0,0.0,1108.5427004784037
2025-02-27T20:00:00Z,2025-02-27T20:15:00Z,2025-02-27,2025-02-27_22,0.0,100,100,0,39.75971913042716,18.699936521731505,0.058499396135265704,19.375,0.0,True,True,False,False,0.0,0.0,182.5049222485635,195.88540201711737,20622.592116365977,0.0,21000.98244063166
2025-02-27T20:15:00Z,2025-02-27T20:30:00Z,2025-02-27,2025-02-27_22,0.0,100,100,0,18.699936521731505,9.999999999992376,0.024580490338164247,8.0725,0.081,True,True,False,False,0.0,0.0,182.5049222485635,195.88540201711737,2250.4473786515046,-6.155830755012657,2622.6818721621726
2025-02-27T20:30:00Z,2025-02-27T20:45:00Z,2025-02-27,2025-02-27_22,0.0,100,100,0,9.999999999992376,10.28837913042716,0.002416391304347826,0.2675,0.6295,True,True,False,False,0.0,0.0,182.5049222485635,195.88540201711737,53.146102885040385,-45.869876943785904,385.66655020693537
2025-02-27T20:45:00Z,2025-02-27T21:00:00Z,2025-02-27,2025-02-27_22,0.0,100,100,0,10.28837913042716,14.52635913042716,0.011772166666666665,0.0,4.6065,True,True,False,False,0.0,0.0,182.5049222485635,195.88540201711737,0.0,-316.576330815285,61.813993450395856
2025-02-27T21:00:00Z,2025-02-27T21:15:00Z,2025-02-27,2025-02-27_23,0.0,100,100,0,14.52635913042716,13.582197391296726,0.005538560386473429,1.3515,0.5705,True,True,False,False,0.0,0.0,182.5049222485635,196.54839876240607,271.0781972515771,-41.5032044842689,608.6283137782777
2025-02-27T21:15:00Z,2025-02-27T21:30:00Z,2025-02-27,2025-02-27_23,0.0,100,100,0,13.582197391296726,16.332261739122814,0.00796515458937198,0.054,3.053,True,True,False,False,0.0,0.0,182.5049222485635,196.54839876240607,9.720130188451801,-140.2647836219713,248.50866757745007
2025-02-27T21:30:00Z,2025-02-27T21:45:00Z,2025-02-27,2025-02-27_23,0.0,100,100,0,16.332261739122814,18.095901739122812,0.004899000000000001,0.0,1.917,True,True,False,False,0.0,0.0,182.5049222485635,196.54839876240607,0.0,-131.7039158998674,247.34940511110216
2025-02-27T21:45:00Z,2025-02-27T22:00:00Z,2025-02-27,2025-02-27_23,0.0,100,100,0,18.095901739122812,25.22084173912281,0.0197915,0.0,7.7445,True,True,False,False,0.0,0.0,182.5049222485635,196.54839876240607,0.0,5712.9605319042075,6092.013852915177
2025-02-27T22:00:00Z,2025-02-27T22:15:00Z,2025-02-28,2025-02-27_24,0.0,100,100,0,25.22084173912281,25.950507826079335,0.005650038647342995,0.6,1.502,True,True,False,False,0.0,0.0,182.50858899403292,197.21535772406727,120.00409860767887,-86.75134108854199,412.9767042372371
2025-02-27T22:15:00Z,2025-02-27T22:30:00Z,2025-02-28,2025-02-27_24,0.0,100,100,0,25.950507826079335,29.150554782601073,0.01117464734299517,0.3785,3.9255,True,True,False,False,0.0,0.0,182.50858899403292,197.21535772406727,75.4581000743375,-185.1585468024833,270.0234999899544
2025-02-27T22:30:00Z,2025-02-27T22:45:00Z,2025-02-28,2025-02-27_24,0.0,100,100,0,29.150554782601073,37.90619478260108,0.02432122222222222,0.0,9.517,True,True,False,False,0.0,0.0,182.50858899403292,197.21535772406727,0.0,1113.515577923774,1493.2395246418741
2025-02-27T22:45:00Z,2025-02-27T23:00:00Z,2025-02-28,2025-02-27_24,0.0,100,100,0,37.90619478260108,44.529734782601075,0.01839872222222222,0.0,7.199499999999999,True,True,False,False,0.0,0.0,182.50858899403292,197.21535772406727,0.0,-315.42237116508943,64.30157555301076
2025-02-27T23:00:00Z,2025-02-27T23:15:00Z,2025-02-28,2025-02-28_1,0.0,100,100,0,44.529734782601075,45.20527217390542,0.0020002850241545894,0.0205,0.7585,True,True,False,False,0.0,0.0,182.50858899403292,197.21535772406727,3.459707070098246,-55.53311735278164,327.6505364354168
2025-02-27T23:15:00Z,2025-02-27T23:30:00Z,2025-02-28,2025-02-28_1,0.0,100,100,0,45.20527217390542,53.36082173912281,0.02266336231884058,0.0015,8.8665,True,True,False,False,0.0,0.0,182.50858899403292,197.21535772406727,0.2531492978120668,3325.5511879934907,3705.528284009403
2025-02-27T23:30:00Z,2025-02-27T23:45:00Z,2025-02-28,2025-02-28_1,0.0,100,100,0,53.36082173912281,67.63738173912282,0.039657111111111115,0.0,15.518,True,True,False,False,0.0,0.0,182.50858899403292,197.21535772406727,0.0,11007.684710586063,11387.408657304164
2025-02-27T23:45:00Z,2025-02-28T00:00:00Z,2025-02-28,2025-02-28_1,0.0,100,100,0,67.63738173912282,78.51546173912281,0.03021688888888889,0.0,11.824,True,True,False,False,0.0,0.0,182.50858899403292,197.21535772406727,0.0,981.1879372350471,1360.9118839531473
2025-02-28T00:00:00Z,2025-02-28T00:15:00Z,2025-02-28,2025-02-28_2,0.0,100,100,0,78.51546173912281,83.48622173912281,0.013807666666666664,0.0,5.403,True,True,False,False,0.0,0.0,181.3935266108131,197.21535772406727,0.0,-303.77966668675793,74.82921764812244
2025-02-28T00:15:00Z,2025-02-28T00:30:00Z,2025-02-28,2025-02-28_2,0.0,100,100,0,83.48622173912281,85.12265304347063,0.004587913043478261,0.007000000000000001,1.7870000000000001,True,True,False,False,0.0,0.0,181.3935266108131,197.21535772406727,1.1813633897896452,-86.71543788801158,293.07480983665846
2025-02-28T00:30:00Z,2025-02-28T00:45:00Z,2025-02-28,2025-02-28_2,0.0,100,100,0,85.12265304347063,99.56389304347064,0.040114555555555556,0.0,15.697,True,True,False,False,0.0,0.0,181.3935266108131,197.21535772406727,0.0,9736.671892592369,10115.28077692725
2025-02-28T00:45:00Z,2025-02-28T01:00:00Z,2025-02-28,2025-02-28_2,0.0,100,100,0,99.56389304347064,113.36435304347064,0.03833461111111111,0.0,15.0005,True,True,False,False,0.0,0.0,181.3935266108131,197.21535772406727,0.0,2152.9227049806123,2531.5315893154925
2025-02-28T01:00:00Z,2025-02-28T01:15:00Z,2025-02-28,2025-02-28_3,0.0,100,100,0,113.36435304347064,116.5510660869489,0.008858019323671498,0.001,3.465,True,True,False,False,0.0,0.0,181.3935266108131,197.21535772406727,0.16876619854137787,-182.56323609185705,196.2144144415647
2025-02-28T01:15:00Z,2025-02-28T01:30:00Z,2025-02-28,2025-02-28_3,0.0,100,100,0,116.5510660869489,124.30252608694889,0.021531833333333333,0.0,8.4255,True,True,False,False,0.0,0.0,181.3935266108131,197.21535772406727,0.0,495.5713444035923,874.1802287384727
2025-02-28T01:30:00Z,2025-02-28T01:45:00Z,2025-02-28,2025-02-28_3,0.0,100,100,0,124.30252608694889,133.22882608694889,0.02479527777777778,0.0,9.7025,True,True,False,False,0.0,0.0,181.3935266108131,197.21535772406727,0.0,419.4182578908244,798.0271422257048
2025-02-28T01:45:00Z,2025-02-28T02:00:00Z,2025-02-28,2025-02-28_3,0.0,100,100,0,133.22882608694889,143.6607060869489,0.028977444444444448,0.0,11.339,True,True,False,False,0.0,0.0,181.3935266108131,197.21535772406727,0.0,301.50991722419786,680.1188015590783
2025-02-28T02:00:00Z,2025-02-28T02:15:00Z,2025-02-28,2025-02-28_4,0.0,100,100,0,143.6607060869489,149.58542260868802,0.016460565217391306,0.0005,6.4405,True,True,False,False,0.0,0.0,181.3935266108131,197.21535772406727,0.08438309927068893,-214.675569485464,164.01769794868707
2025-02-28T02:15:00Z,2025-02-28T02:30:00Z,2025-02-28,2025-02-28_4,0.0,100,100,0,149.58542260868802,150.43441565216628,0.002364352657004831,0.001,0.924,True,True,False,False,0.0,0.0,181.3935266108131,197.21535772406727,0.16876619854137787,-67.73827979024773,311.039370743174
2025-02-28T02:30:00Z,2025-02-28T02:45:00Z,2025-02-28,2025-02-28_4,0.0,100,100,0,150.43441565216628,151.24887130434018,0.0023529565217391304,0.015,0.903,True,True,False,False,0.0,0.0,181.3935266108131,197.21535772406727,2.818476885058164,-66.48669278524501,314.9406684346935
2025-02-28T02:45:00Z,2025-02-28T03:00:00Z,2025-02-28,2025-02-28_4,0.0,100,100,0,151.24887130434018,153.8032513043402,0.0070955,0.0,2.7765,True,True,False,False,0.0,0.0,181.3935266108131,197.21535772406727,0.0,-197.0961891989633,181.51269513591708
2025-02-28T03:00:00Z,2025-02-28T03:15:00Z,2025-02-28,2025-02-28_5,0.0,100,100,0,153.8032513043402,159.88675130434018,0.016898611111111114,0.0,6.612500000000001,True,True,False,False,0.0,0.0,182.50858899403292,197.21535772406727,0.0,-461.90915757539244,-82.18521085729225
2025-02-28T03:15:00Z,2025-02-28T03:30:00Z,2025-02-28,2025-02-28_5,0.0,100,100,0,159.88675130434018,162.41905130434017,0.007034166666666667,0.0,2.7525,True,True,False,False,0.0,0.0,182.50858899403292,197.21535772406727,0.0,-199.2707582424206,180.45318847567958
2025-02-28T03:30:00Z,2025-02-28T03:45:00Z,2025-02-28,2025-02-28_5,0.0,100,100,0,162.41905130434017,168.28267130434017,0.016287833333333335,0.0,6.3735,True,True,False,False,0.0,0.0,182.50858899403292,197.21535772406727,0.0,-100.83531854619974,278.88862817190045
2025-02-28T03:45:00Z,2025-02-28T04:00:00Z,2025-02-28,2025-02-28_5,0.0,100,100,0,168.28267130434017,177.55903130434018,0.025767666666666668,0.0,10.083,True,True,False,False,0.0,0.0,182.50858899403292,197.21535772406727,0.0,1103.802153577241,1483.5261002953412
2025-02-28T04:00:00Z,2025-02-28T04:15:00Z,2025-02-28,2025-02-28_6,17.944127368776734,82,100,0,177.55903130434018,186.33904377303392,0.03590144654525844,0.0,14.375499999999999,True,True,False,False,595.7898889618095,0.0,149.65704297510698,196.88385269121815,0.0,10502.28575311916,11444.616537747295
2025-02-28T04:15:00Z,2025-02-28T04:30:00Z,2025-02-28,2025-02-28_6,17.944127368776734,82,100,0,186.33904377303392,182.57466163741248,0.015415982812032217,0.01066,1.1825,True,True,False,False,595.7898889618095,0.0,149.65704297510698,196.88385269121815,1.8121443151909669,-85.97114499829225,858.1717839450334
2025-02-28T04:30:00Z,2025-02-28T04:45:00Z,2025-02-28,2025-02-28_6,17.944127368776734,82,100,0,182.57466163741248,180.54319196864415,0.01820180495472662,0.0,2.9945,True,True,False,False,595.7898889618095,0.0,149.65704297510698,196.88385269121815,0.0,-216.7996822574488,725.5311023706859
2025-02-28T04:45:00Z,2025-02-28T05:00:00Z,2025-02-28,2025-02-28_6,17.944127368776734,82,100,0,180.54319196864415,187.56720542748823,0.033026673899612356,0.0,12.527,True,True,False,False,595.7898889618095,0.0,149.65704297510698,196.88385269121815,0.0,5629.010583448858,6571.341368076993
2025-02-28T05:00:00Z,2025-02-28T05:15:00Z,2025-02-28,2025-02-28_7,88.00000000000021,12,100,0,187.56720542748823,186.89491819270557,0.015227704541062696,0.0,21.783,True,True,False,False,3728.7800000000093,0.0,22.761738291844974,190.25375203423545,0.0,17991.336522813577,21933.132013139668
2025-02-28T05:15:00Z,2025-02-28T05:30:00Z,2025-02-28,2025-02-28_7,88.00000000000021,12,100,0,186.89491819270557,166.28195231444465,0.0591558918840581,0.0009,3.094,True,True,False,False,3728.7800000000093,0.0,22.761738291844974,190.25375203423545,0.16346211801579172,-223.9686010487614,3717.990351395344
2025-02-28T05:30:00Z,2025-02-28T05:45:00Z,2025-02-28,2025-02-28_7,88.00000000000021,12,100,0,166.28195231444465,142.8882136709663,0.065311354009662,0.04836000000000001,0.536,True,True,False,False,3728.7800000000093,0.0,22.761738291844974,190.25375203423545,9.583029570248932,-39.11745725594198,3912.2610626403966
2025-02-28T05:45:00Z,2025-02-28T06:00:00Z,2025-02-28,2025-02-28_7,88.00000000000021,12,100,0,142.8882136709663,118.37980062748798,0.0680789251207731,0.54774,0.0,True,True,False,False,3728.7800000000093,0.0,22.761738291844974,190.25375203423545,112.51917558917485,0.0,4054.3146659152644
2025-02-28T06:00:00Z,2025-02-28T06:15:00Z,2025-02-28,2025-02-28_8,100.0,0,100,0,118.37980062748798,91.21893106227058,0.07544685990338162,0.0,0.012,True,True,False,False,5348.25,0.0,0.0,190.28388885540355,0.0,-0.9402688204448196,5537.593620034959
2025-02-28T06:15:00Z,2025-02-28T06:30:00Z,2025-02-28,2025-02-28_8,100.0,0,100,0,91.21893106227058,64.04501801879232,0.0754830917874396,0.0,0.0,True,True,False,False,5348.25,0.0,0.0,190.28388885540355,0.0,0.0,5538.533888855403
2025-02-28T06:30:00Z,2025-02-28T06:45:00Z,2025-02-28,2025-02-28_8,100.0,0,100,0,64.04501801879232,36.9363223666184,0.07530193236714977,0.0,0.06,True,True,False,False,5348.25,0.0,0.0,190.28388885540355,0.0,-4.509071183171599,5534.024817672232
2025-02-28T06:45:00Z,2025-02-28T07:00:00Z,2025-02-28,2025-02-28_8,100.0,0,100,0,36.9363223666184,10.13740932314014,0.07444142512077295,0.0,0.345,True,True,False,False,5348.25,0.0,0.0,190.28388885540355,0.0,-26.19665481285034,5512.337234042553
2025-02-28T07:00:00Z,2025-02-28T07:15:00Z,2025-02-28,2025-02-28_9,0.0,100,100,0,10.13740932314014,10.246419757922748,0.0009187487922705313,0.10199999999999998,0.239,True,True,False,False,0.0,0.0,192.24278223133024,190.8564884575975,18.098160448435895,-18.032248206859144,383.1651829305045
2025-02-28T07:15:00Z,2025-02-28T07:30:00Z,2025-02-28,2025-02-28_9,0.0,100,100,0,10.246419757922748,10.075197149227096,0.0007592850241545893,0.2045,0.05550000000000001,True,True,False,False,0.0,0.0,192.24278223133024,190.8564884575975,38.38628483314247,-4.234527454644086,417.2510280674261
2025-02-28T07:30:00Z,2025-02-28T07:45:00Z,2025-02-28,2025-02-28_9,0.0,100,100,0,10.075197149227096,10.004267584009705,0.0004883599033816424,0.11349999999999999,0.056999999999999995,True,True,False,False,0.0,0.0,192.24278223133024,190.8564884575975,19.878245836095875,-4.561706346814538,398.4158101782091
2025-02-28T07:45:00Z,2025-02-28T08:00:00Z,2025-02-28,2025-02-28_9,0.0,100,100,0,10.004267584009705,11.460295410096663,0.004089811594202898,0.0075,1.5915,True,True,False,False,0.0,0.0,192.24278223133024,190.8564884575975,1.313965402929299,-115.98032668314148,268.43290940871555
2025-02-28T08:00:00Z,2025-02-28T08:15:00Z,2025-02-28,2025-02-28_10,5.996533085208189,94,100,0,11.460295410096663,12.994702197522512,0.012083081750961084,0.0,3.402,True,True,False,False,220.43255621225302,0.0,172.09631728045326,198.90301970948104,0.0,-246.1950840817311,345.2368091204562
2025-02-28T08:15:00Z,2025-02-28T08:30:00Z,2025-02-28,2025-02-28_10,5.996533085208189,94,100,0,12.994702197522512,19.437710225920153,0.023806871331937752,0.0,8.68,True,True,False,False,220.43255621225302,0.0,172.09631728045326,198.90301970948104,0.0,-289.1223193297571,302.30957387243024
2025-02-28T08:30:00Z,2025-02-28T08:45:00Z,2025-02-28,2025-02-28_10,5.996533085208189,94,100,0,19.437710225920153,21.956534295189247,0.01443428130978333,0.0,4.4605,True,True,False,False,220.43255621225302,0.0,172.09631728045326,198.90301970948104,0.0,-238.15053372310288,353.2813594790845
2025-02-28T08:45:00Z,2025-02-28T09:00:00Z,2025-02-28,2025-02-28_10,5.996533085208189,94,100,0,21.956534295189247,25.76528445790811,0.017515163490309026,0.0,5.8475,True,True,False,False,220.43255621225302,0.0,172.09631728045326,198.90301970948104,0.0,-277.7847397183212,313.64715348386613
2025-02-28T09:00:00Z,2025-02-28T09:15:00Z,2025-02-28,2025-02-28_11,0.0,100,100,0,25.76528445790811,28.30850358834289,0.007152057971014493,0.0145,2.7815,True,True,False,False,0.0,0.0,183.0811885962269,199.32493520583452,2.558916581279007,-150.99164275812188,233.97339762521852
2025-02-28T09:15:00Z,2025-02-28T09:30:00Z,2025-02-28,2025-02-28_11,0.0,100,100,0,28.30850358834289,28.62254097964724,0.001343340579710145,0.078,0.43350000000000005,True,True,False,False,0.0,0.0,183.0811885962269,199.32493520583452,14.633231269965645,-32.317885299258634,364.72146977276844
2025-02-28T09:30:00Z,2025-02-28T09:45:00Z,2025-02-28,2025-02-28_11,0.0,100,100,0,28.62254097964724,26.49311141442985,0.005950859903381641,1.965,0.007000000000000001,True,True,False,False,0.0,0.0,183.0811885962269,199.32493520583452,394.11252486287754,-0.5625539951379264,775.956094669801
2025-02-28T09:45:00Z,2025-02-28T10:00:00Z,2025-02-28,2025-02-28_11,0.0,100,100,0,26.49311141442985,21.033998370951593,0.015176980676328502,5.0245,0.0025,True,True,False,False,0.0,0.0,183.0811885962269,199.32493520583452,1038.3482114801197,-0.18132320736142088,1420.5730120748196
2025-02-28T10:00:00Z,2025-02-28T10:15:00Z,2025-02-28,2025-02-28_12,1.8998316212648966e-14,100,100,0,21.033998370951593,18.234717501386374,0.00793678019323673,2.602,0.0315,True,True,False,False,5.57363101888589e-13,0.0,183.0811885962269,199.32493520583452,521.6306085628754,-2.3691546621662347,901.6675777027712
2025-02-28T10:15:00Z,2025-02-28T10:30:00Z,2025-02-28,2025-02-28_12,1.8998316212648966e-14,100,100,0,18.234717501386374,10.498847936168978,0.021488526570048322,7.117,0.0,True,True,False,False,5.57363101888589e-13,0.0,183.0811885962269,199.32493520583452,1448.1199678540574,0.0,1830.5260916561194
2025-02-28T10:30:00Z,2025-02-28T10:45:00Z,2025-02-28,2025-02-28_12,1.8998316212648966e-14,100,100,0,10.498847936168978,10.140404457908103,0.0010212318840579853,0.334,0.005,True,True,False,False,5.57363101888589e-13,0.0,183.0811885962269,199.32493520583452,63.47570248930144,-0.3917786751853415,445.49004761617806
2025-02-28T10:45:00Z,2025-02-28T11:00:00Z,2025-02-28,2025-02-28_12,1.8998316212648966e-14,100,100,0,10.140404457908103,10.22928706660375,0.0006092149758454248,0.06,0.1675,True,True,False,False,5.57363101888589e-13,0.0,183.0811885962269,199.32493520583452,11.100295340847449,-12.524455528097564,380.98196361481183
2025-02-28T11:00:00Z,2025-02-28T11:15:00Z,2025-02-28,2025-02-28_13,-39.69212844435936,100,60,0,10.22928706660375,18.920861436845012,0.02588585371802368,0.47850000000000004,0.0552,True,True,False,False,-1092.5258354309915,0.0,183.0811885962269,119.59496112350071,95.32699053703818,-4.369775420408656,-698.8924705946343
2025-02-28T11:15:00Z,2025-02-28T11:30:00Z,2025-02-28,2025-02-28_13,-39.69212844435936,100,60,0,18.920861436845012,26.171474853666396,0.0268432883316389,1.8405,0.0,True,True,False,False,-1092.5258354309915,0.0,183.0811885962269,119.59496112350071,368.61806009282145,0.0,-421.2316256184424
2025-02-28T11:30:00Z,2025-02-28T11:45:00Z,2025-02-28,2025-02-28_13,-39.69212844435936,100,60,0,26.171474853666396,32.26396678804653,0.02776334593398856,2.9765,0.0015,True,True,False,False,-1092.5258354309915,0.0,183.0811885962269,119.59496112350071,596.5032061559481,-0.12054728467241277,-193.46702683998822
2025-02-28T11:45:00Z,2025-02-28T12:00:00Z,2025-02-28,2025-02-28_13,-39.69212844435936,100,60,0,32.26396678804653,38.49671999999542,0.027648574107763113,2.838,0.00030000000000000003,True,True,False,False,-1092.5258354309915,0.0,183.0811885962269,119.59496112350071,568.8852052317523,-0.024109456934482555,-220.98858993644612
2025-02-28T12:00:00Z,2025-02-28T12:15:00Z,2025-02-28,2025-02-28_14,-100.0,100,0,0,38.49671999999542,51.103019999995425,0.0350175,11.2975,0.0,True,True,False,False,-2741.5,0.0,183.0811885962269,0.0,8376.181632109778,0.0,5817.762820706004
2025-02-28T12:15:00Z,2025-02-28T12:30:00Z,2025-02-28,2025-02-28_14,-100.0,100,0,0,51.103019999995425,59.84669999999542,0.024287999999999994,15.496000000000002,0.0,True,True,False,False,-2741.5,0.0,183.0811885962269,0.0,14908.8686926647,0.0,12350.449881260927
2025-02-28T12:30:00Z,2025-02-28T12:45:00Z,2025-02-28,2025-02-28_14,-100.0,100,0,0,59.84669999999542,81.23807999999542,0.0594205,1.7485,0.0,True,True,False,False,-2741.5,0.0,183.0811885962269,0.0,349.6455492937938,0.0,-2208.7732621099794
2025-02-28T12:45:00Z,2025-02-28T13:00:00Z,2025-02-28,2025-02-28_14,-100.0,100,0,0,81.23807999999542,103.96851999999542,0.06314011111111112,0.293,0.0,True,True,False,False,-2741.5,0.0,183.0811885962269,0.0,56.211461033090224,0.0,-2502.207350370683
2025-02-28T13:00:00Z,2025-02-28T13:15:00Z,2025-02-28,2025-02-28_15,-100.0,100,0,0,103.96851999999542,125.57747999999543,0.06002488888888889,1.512,0.0,True,True,False,False,-2808.25,0.0,182.74968356337774,0.0,303.2259755289012,0.0,-2322.274340907721
2025-02-28T13:15:00Z,2025-02-28T13:30:00Z,2025-02-28,2025-02-28_15,-100.0,100,0,0,125.57747999999543,137.84153999999543,0.03406683333333334,11.6695,0.0,True,True,False,False,-2808.25,0.0,182.74968356337774,0.0,4769.63527866514,0.0,2144.1349622285175
2025-02-28T13:30:00Z,2025-02-28T13:45:00Z,2025-02-28,2025-02-28_15,-100.0,100,0,0,137.84153999999543,156.37815999999543,0.05149061111111111,4.8515,0.0,True,True,False,False,-2808.25,0.0,182.74968356337774,0.0,977.440837200892,0.0,-1648.0594792357301
2025-02-28T13:45:00Z,2025-02-28T14:00:00Z,2025-02-28,2025-02-28_15,-100.0,100,0,0,156.37815999999543,171.87969999999544,0.04305983333333333,8.1505,0.0,True,True,False,False,-2808.25,0.0,182.74968356337774,0.0,1649.5882969682357,0.0,-975.9120194683866
2025-02-28T14:00:00Z,2025-02-28T14:15:00Z,2025-02-28,2025-02-28_16,0.0,100,100,0,171.87969999999544,172.13902782608238,0.0009739782608695653,0.042,0.3315,True,True,False,False,0.0,0.0,182.74968356337774,198.1495991802785,7.50346332348864,-25.392888011572545,363.00985805557235
2025-02-28T14:15:00Z,2025-02-28T14:30:00Z,2025-02-28,2025-02-28_16,0.0,100,100,0,172.13902782608238,172.8917139130389,0.0021028719806763284,0.002,0.8205,True,True,False,False,0.0,0.0,182.74968356337774,198.1495991802785,0.33753239708275573,-59.97284129949973,321.26397384123925
2025-02-28T14:30:00Z,2025-02-28T14:45:00Z,2025-02-28,2025-02-28_16,0.0,100,100,0,172.8917139130389,174.23604695651716,0.00380974154589372,0.0125,1.476,True,True,False,False,0.0,0.0,182.74968356337774,198.1495991802785,2.1095774817672233,-107.16175757941053,275.84710264601296
2025-02-28T14:45:00Z,2025-02-28T15:00:00Z,2025-02-28,2025-02-28_16,0.0,100,100,0,174.23604695651716,176.14521739129975,0.0053636376811594215,0.01,2.087,True,True,False,False,0.0,0.0,182.74968356337774,198.1495991802785,1.8953046832620097,-151.376580274446,231.41800715247223
2025-02-28T15:00:00Z,2025-02-28T15:15:00Z,2025-02-28,2025-02-28_17,3.6863860752112385e-13,100,100,0,176.14521739129975,189.82565999999534,0.038016326086956494,0.0025,14.873,True,True,False,False,1.6606247672307825e-11,0.0,182.74968356337774,197.78795732626122,0.42191549635344466,9937.117065477267,10318.076621863276
2025-02-28T15:15:00Z,2025-02-28T15:30:00Z,2025-02-28,2025-02-28_17,3.6863860752112385e-13,100,100,0,189.82565999999534,189.7847826086909,0.0010821038647345737,0.198,0.1895,True,True,False,False,1.6606247672307825e-11,0.0,182.74968356337774,197.78795732626122,38.59080585859804,-14.27210304783718,404.8563437004164
2025-02-28T15:30:00Z,2025-02-28T15:45:00Z,2025-02-28,2025-02-28_17,3.6863860752112385e-13,100,100,0,189.7847826086909,185.9758078260821,0.010838596618357767,3.547,0.0505,True,True,False,False,1.6606247672307825e-11,0.0,182.74968356337774,197.78795732626122,824.3922676953368,-3.9793671267554704,1200.950541458237
2025-02-28T15:45:00Z,2025-02-28T16:00:00Z,2025-02-28,2025-02-28_17,3.6863860752112385e-13,100,100,0,185.9758078260821,184.78518086956026,0.004268185990338438,1.2545,0.188,True,True,False,False,1.6606247672307825e-11,0.0,182.74968356337774,197.78795732626122,273.33748598637817,-13.674787535410768,640.2003393406229
2025-02-28T16:00:00Z,2025-02-28T16:15:00Z,2025-02-28,2025-02-28_18,0.0,100,100,0,184.78518086956026,187.20591565216895,0.00843018115942029,0.2825,2.965,True,True,False,False,0.0,0.0,190.7962148152613,190.7359411729251,56.58087969380989,-214.8795481485946,223.23348753340167
2025-02-28T16:15:00Z,2025-02-28T16:30:00Z,2025-02-28,2025-02-28_18,0.0,100,100,0,187.20591565216895,186.69681999999503,0.0017591545893719807,0.5255,0.0675,True,True,False,False,0.0,0.0,190.7962148152613,190.7359411729251,104.11441695296647,-5.322563438008559,480.3240095031443
2025-02-28T16:30:00Z,2025-02-28T16:45:00Z,2025-02-28,2025-02-28_18,0.0,100,100,0,186.69681999999503,182.18530347825592,0.014548323671497583,4.4845,0.3945000000000001,True,True,False,False,0.0,0.0,190.7962148152613,190.7359411729251,1357.7512331987223,-28.95853354228197,1710.3248556446267
2025-02-28T16:45:00Z,2025-02-28T17:00:00Z,2025-02-28,2025-02-28_18,0.0,100,100,0,182.18530347825592,174.63149913042983,0.020982789855072466,6.9495000000000005,0.0,True,True,False,False,0.0,0.0,190.7962148152613,190.7359411729251,1945.773433186668,0.0,2327.3055891748545
2025-02-28T17:00:00Z,2025-02-28T17:15:00Z,2025-02-28,2025-02-28_19,28.334591031421382,71,100,0,174.63149913042983,166.623489471509,0.02253200882120839,0.35358,0.0785,True,True,False,False,1626.2638522484303,0.0,135.46531251883553,190.7359411729251,69.61206147911518,-6.240034757800414,2015.8371326615058
2025-02-28T17:15:00Z,2025-02-28T17:30:00Z,2025-02-28,2025-02-28_19,28.334591031421382,71,100,0,166.623489471509,158.95606273446307,0.021525507321103525,0.02556,0.062,True,True,False,False,1626.2638522484303,0.0,135.46531251883553,190.7359411729251,4.427780989693207,-4.982621099793061,1951.910265830091
2025-02-28T17:30:00Z,2025-02-28T17:45:00Z,2025-02-28,2025-02-28_19,28.334591031421382,71,100,0,158.95606273446307,150.1088695194029,0.02457553670850044,1.05577,0.0,True,True,False,False,1626.2638522484303,0.0,135.46531251883553,190.7359411729251,245.89155446125417,0.0,2198.356660401445
2025-02-28T17:45:00Z,2025-02-28T18:00:00Z,2025-02-28,2025-02-28_19,28.334591031421382,71,100,0,150.1088695194029,139.98637739129927,0.028118033689176765,2.229045,0.0,True,True,False,False,1626.2638522484303,0.0,135.46531251883553,190.7359411729251,479.01291665963487,0.0,2431.4780225998256
2025-02-28T18:00:00Z,2025-02-28T18:15:00Z,2025-02-28,2025-02-28_20,100.0,0,100,0,139.98637739129927,112.81246434782102,0.07548309178743962,0.0,0.0,True,True,False,False,5848.25,0.0,0.0,190.7359411729251,0.0,0.0,6038.985941172925
2025-02-28T18:15:00Z,2025-02-28T18:30:00Z,2025-02-28,2025-02-28_20,100.0,0,100,0,112.81246434782102,85.64181217390798,0.07547403381642512,0.0,0.003,True,True,False,False,5848.25,0.0,0.0,190.7359411729251,0.0,-0.24049183292146348,6038.745449340004
2025-02-28T18:30:00Z,2025-02-28T18:45:00Z,2025-02-28,2025-02-28_20,100.0,0,100,0,85.64181217390798,58.685833913038415,0.07487771739130435,0.0,0.20050000000000004,True,True,False,False,5848.25,0.0,0.0,190.7359411729251,0.0,-15.211542201595247,6023.77439897133
2025-02-28T18:45:00Z,2025-02-28T19:00:00Z,2025-02-28,2025-02-28_20,100.0,0,100,0,58.685833913038415,31.826051304342766,0.0746105072463768,0.0,0.289,True,True,False,False,5848.25,0.0,0.0,190.7359411729251,0.0,-21.658306712474637,6017.32763446045
2025-02-28T19:00:00Z,2025-02-28T19:15:00Z,2025-02-28,2025-02-28_21,0.0,100,100,0,31.826051304342766,21.494529565212332,0.02869867149758454,9.505,0.0,True,True,False,False,0.0,0.0,182.50858899403292,190.25375203423545,5257.132181102205,0.0,5629.894522130474
2025-02-28T19:15:00Z,2025-02-28T19:30:00Z,2025-02-28,2025-02-28_21,0.0,100,100,0,21.494529565212332,21.344123478255813,0.0014451280193236715,0.3085,0.201,True,True,False,False,0.0,0.0,182.50858899403292,190.25375203423545,60.707491913286326,-15.452362124043157,418.01747081751154
2025-02-28T19:30:00Z,2025-02-28T19:45:00Z,2025-02-28,2025-02-28_21,0.0,100,100,0,21.344123478255813,21.574169565212337,0.0007205386473429952,0.0135,0.266,True,True,False,False,0.0,0.0,182.50858899403292,190.25375203423545,2.278343680308601,-19.945430655174494,355.09525405340247
2025-02-28T19:45:00Z,2025-02-28T20:00:00Z,2025-02-28,2025-02-28_21,0.0,100,100,0,21.574169565212337,25.296029565212336,0.0103385,0.0,4.0455,True,True,False,False,0.0,0.0,182.50858899403292,190.25375203423545,0.0,-292.76942046892896,79.99292055933941
2025-02-28T20:00:00Z,2025-02-28T20:15:00Z,2025-02-28,2025-02-28_22,0.0,100,100,0,25.296029565212336,10.065191304342768,0.04258643961352658,14.058500000000002,0.0545,True,True,False,False,0.0,0.0,182.50858899403292,196.552347658369,12757.205380326688,-3.979771261527335,13132.286545717563
2025-02-28T20:15:00Z,2025-02-28T20:30:00Z,2025-02-28,2025-02-28_22,0.0,100,100,0,10.065191304342768,9.999999999994941,0.005471086956521739,0.936,1.035,True,True,False,False,0.0,0.0,182.50858899403292,196.552347658369,187.52157193659215,-75.03432885299259,491.5481797360015
2025-02-28T20:30:00Z,2025-02-28T20:45:00Z,2025-02-28,2025-02-28_22,0.0,100,100,0,9.999999999994941,12.818879999994941,0.007830222222222223,0.0,3.064,True,True,False,False,0.0,0.0,182.50858899403292,196.552347658369,0.0,-221.86159725152194,157.19933940087998
2025-02-28T20:45:00Z,2025-02-28T21:00:00Z,2025-02-28,2025-02-28_22,0.0,100,100,0,12.818879999994941,21.108079999994942,0.02302555555555556,0.0,9.01,True,True,False,False,0.0,0.0,182.50858899403292,196.552347658369,0.0,1922.1260924597673,2301.187029112169
2025-02-28T21:00:00Z,2025-02-28T21:15:00Z,2025-02-28,2025-02-28_23,0.0,100,100,0,21.108079999994942,15.984904347821029,0.02033115458937198,5.7235,1.1935,True,True,False,False,0.0,0.0,182.50858899403292,197.21535772406727,1264.5286301810218,-69.03251190404437,1575.2200649950776
2025-02-28T21:15:00Z,2025-02-28T21:30:00Z,2025-02-28,2025-02-28_23,0.0,100,100,0,15.984904347821029,11.32906086956016,0.013111787439613524,4.313,0.035,True,True,False,False,0.0,0.0,182.50858899403292,197.21535772406727,984.5655361340487,-2.742450726297391,1361.5470321258515
2025-02-28T21:30:00Z,2025-02-28T21:45:00Z,2025-02-28,2025-02-28_23,0.0,100,100,0,11.32906086956016,11.51797739129929,0.0017777874396135266,0.2075,0.4505,True,True,False,False,0.0,0.0,182.50858899403292,197.21535772406727,40.353795230345774,-32.76984047575995,387.307901472686
2025-02-28T21:45:00Z,2025-02-28T22:00:00Z,2025-02-28,2025-02-28_23,0.0,100,100,0,11.51797739129929,14.92979739129929,0.009477277777777777,0.0,3.7085,True,True,False,False,0.0,0.0,182.50858899403292,197.21535772406727,0.0,-268.409328049344,111.31461866875617
2025-02-28T22:00:00Z,2025-02-28T22:15:00Z,2025-03-01,2025-02-28_24,-36.9066588597396,100,63,0,14.92979739129929,16.44163385569572,0.03082371650062654,6.9879999999999995,0.20475000000000002,True,True,False,False,-1191.808281228141,0.0,181.27197829800062,124.05676680397869,1505.887671254898,-14.849795639505677,604.5583394892307
2025-02-28T22:15:00Z,2025-02-28T22:30:00Z,2025-03-01,2025-02-28_24,-36.9066588597396,100,63,0,16.44163385569572,16.002543528295103,0.03195383854153496,8.707,0.0,True,True,False,False,-1191.808281228141,0.0,181.27197829800062,124.05676680397869,1873.9567047121475,0.0,987.4771685859859
2025-02-28T22:30:00Z,2025-02-28T22:45:00Z,2025-03-01,2025-02-28_24,-36.9066588597396,100,63,0,16.002543528295103,18.088349128643312,0.029585351833718215,6.2445,0.0,True,True,False,False,-1191.808281228141,0.0,181.27197829800062,124.05676680397869,1321.2767225962023,0.0,434.79718647004063
2025-02-28T22:45:00Z,2025-02-28T23:00:00Z,2025-03-01,2025-02-28_24,-36.9066588597396,100,63,0,18.088349128643312,26.125399195731156,0.02406630193159056,0.457,0.018584999999999997,True,True,False,False,-1191.808281228141,0.0,181.27197829800062,124.05676680397869,90.42979905556115,-1.3995720596804981,-797.449309130281
2025-02-28T23:00:00Z,2025-02-28T23:15:00Z,2025-03-01,2025-03-01_1,-36.78623220926522,100,63,0,26.125399195731156,24.4421085608396,0.033082585440642596,9.8915,0.0,True,True,False,False,-1188.5631626813595,0.0,181.27197829800062,123.84788505978096,2170.3320485280824,0.0,1286.8887492045046
2025-02-28T23:15:00Z,2025-02-28T23:30:00Z,2025-03-01,2025-03-01_1,-36.78623220926522,100,63,0,24.4421085608396,20.786192682379944,0.03494556377043399,11.815,0.0,True,True,False,False,-1188.5631626813595,0.0,181.27197829800062,123.84788505978096,2583.010898221642,0.0,1699.5675988980643
2025-02-28T23:30:00Z,2025-02-28T23:45:00Z,2025-03-01,2025-03-01_1,-36.78623220926522,100,63,0,20.786192682379944,13.148106894497385,0.038706387713548125,15.698,0.0,True,True,False,False,-1188.5631626813595,0.0,181.27197829800062,123.84788505978096,8193.371819150005,0.0,7309.928519826427
2025-02-28T23:45:00Z,2025-03-01T00:00:00Z,2025-03-01,2025-03-01_1,-36.78623220926522,100,63,0,13.148106894497385,20.622516513043557,0.024877251457218363,1.078,0.129465,True,True,False,False,-1188.5631626813595,0.0,181.27197829800062,123.84788505978096,216.1525927860947,-9.585456962724807,-676.876163500208
2025-03-01T00:00:00Z,2025-03-01T00:15:00Z,2025-03-01,2025-03-01_2,0.0,100,100,0,20.622516513043557,16.353327817391385,0.011863968599033816,3.9285,0.001,True,True,False,False,0.0,0.0,180.42801165477746,196.25238621521152,806.6619991962224,-0.0792725811313172,1183.26312448508
2025-03-01T00:15:00Z,2025-03-01T00:30:00Z,2025-03-01,2025-03-01_2,0.0,100,100,0,16.353327817391385,15.790119121739213,0.0016028019323671495,0.5245,0.0075,True,True,False,False,0.0,0.0,180.42801165477746,196.25238621521152,103.6067989550889,-0.594092233497438,479.69310459158044
2025-03-01T00:30:00Z,2025-03-01T00:45:00Z,2025-03-01,2025-03-01_2,0.0,100,100,0,15.790119121739213,13.055263469565299,0.0077987101449275365,2.5495,0.0395,True,True,False,False,0.0,0.0,180.42801165477746,196.25238621521152,511.85547905154226,-2.9501693961619617,885.5857075253692
2025-03-01T00:45:00Z,2025-03-01T01:00:00Z,2025-03-01,2025-03-01_2,0.0,100,100,0,13.055263469565299,12.683073034782689,0.0011974178743961352,0.3695,0.032,True,True,False,False,0.0,0.0,180.42801165477746,196.25238621521152,72.64110871094142,-2.5051759268562246,446.8163306540742
2025-03-01T01:00:00Z,2025-03-01T01:15:00Z,2025-03-01,2025-03-01_3,0.0,100,100,0,12.683073034782689,12.20114607826095,0.0015840193236714975,0.484,0.048,True,True,False,False,0.0,0.0,180.42801165477746,196.25238621521152,95.95386315683713,-3.603033457249071,469.031227569577
2025-03-01T01:15:00Z,2025-03-01T01:30:00Z,2025-03-01,2025-03-01_3,0.0,100,100,0,12.20114607826095,10.772725208695732,0.00410583574879227,1.337,0.027,True,True,False,False,0.0,0.0,180.42801165477746,196.25238621521152,268.55551833618006,-2.007538028735055,643.228378177434
2025-03-01T01:30:00Z,2025-03-01T01:45:00Z,2025-03-01,2025-03-01_3,0.0,100,100,0,10.772725208695732,10.762346947826167,0.0006293840579710145,0.109,0.11749999999999998,True,True,False,False,0.0,0.0,180.42801165477746,196.25238621521152,20.155724103285444,-8.855932382196322,387.9801895910781
2025-03-01T01:45:00Z,2025-03-01T02:00:00Z,2025-03-01,2025-03-01_3,0.0,100,100,0,10.762346947826167,10.677215643478341,0.0007629202898550724,0.1655,0.103,True,True,False,False,0.0,0.0,180.42801165477746,196.25238621521152,31.099367225962027,-7.547883050336583,400.23188204561444
2025-03-01T02:00:00Z,2025-03-01T02:15:00Z,2025-03-01,2025-03-01_4,0.0,100,100,0,10.677215643478341,11.044013034782688,0.0012121183574879226,0.032,0.4365,True,True,False,False,0.0,0.0,180.42801165477746,196.25238621521152,5.656987842861449,-32.05049382095851,350.2868918918919
2025-03-01T02:15:00Z,2025-03-01T02:30:00Z,2025-03-01,2025-03-01_4,0.0,100,100,0,11.044013034782688,11.751493034782689,0.0019652222222222224,0.0,0.769,True,True,False,False,0.0,0.0,180.42801165477746,196.25238621521152,0.0,-56.100609062594195,320.5797888073948
2025-03-01T02:30:00Z,2025-03-01T02:45:00Z,2025-03-01,2025-03-01_4,0.0,100,100,0,11.751493034782689,15.551553034782689,0.010555722222222222,0.0,4.1305,True,True,False,False,0.0,0.0,180.42801165477746,196.25238621521152,0.0,-193.83096463377876,182.84943323621022
2025-03-01T02:45:00Z,2025-03-01T03:00:00Z,2025-03-01,2025-03-01_4,0.0,100,100,0,15.551553034782689,20.54853303478269,0.013880499999999999,0.0,5.4315,True,True,False,False,0.0,0.0,180.42801165477746,196.25238621521152,0.0,-350.4362543956596,26.244143474329377
2025-03-01T03:00:00Z,2025-03-01T03:15:00Z,2025-03-01,2025-03-01_5,-7.0,100,93,0,20.54853303478269,23.306748234782688,0.007661708888888889,0.0,1.2480600000000002,True,True,False,False,-193.06,0.0,181.27197829800062,182.5147191801467,0.0,-90.5815941002713,80.14510337787601
2025-03-01T03:15:00Z,2025-03-01T03:30:00Z,2025-03-01,2025-03-01_5,-7.0,100,93,0,23.306748234782688,18.08878649565225,0.021166893719806762,6.35,0.0,True,True,False,False,-193.06,0.0,181.27197829800062,182.5147191801467,1274.7237415854518,0.0,1445.450439063599
2025-03-01T03:30:00Z,2025-03-01T03:45:00Z,2025-03-01,2025-03-01_5,-7.0,100,93,0,18.08878649565225,18.187495121739204,0.008167397149758455,1.4055,0.0,True,True,False,False,-193.06,0.0,181.27197829800062,182.5147191801467,281.2872493720486,0.0,452.0139468501959
2025-03-01T03:45:00Z,2025-03-01T04:00:00Z,2025-03-01,2025-03-01_5,-7.0,100,93,0,18.187495121739204,19.02154495652181,0.0070285804589371986,0.839,0.137175,True,True,False,False,-193.06,0.0,181.27197829800062,182.5147191801467,168.13448729026425,-10.166468843564754,328.69471592484683
2025-03-01T04:00:00Z,2025-03-01T04:15:00Z,2025-03-01,2025-03-01_6,0.0,100,100,0,19.02154495652181,17.900187565217465,0.0032196594202898543,1.049,0.0205,True,True,False,False,0.0,0.0,181.60353662212398,195.92082789108812,209.53124183663218,-1.6065507887069226,585.4490555611374
2025-03-01T04:15:00Z,2025-03-01T04:30:00Z,2025-03-01,2025-03-01_6,0.0,100,100,0,17.900187565217465,12.739861478260943,0.014334239130434781,4.7475,0.0,True,True,False,False,0.0,0.0,181.60353662212398,195.92082789108812,968.9421882849391,0.0,1346.4665527981513
2025-03-01T04:30:00Z,2025-03-01T04:45:00Z,2025-03-01,2025-03-01_6,0.0,100,100,0,12.739861478260943,12.276695391304422,0.0013402391304347823,0.43499999999999994,0.0105,True,True,False,False,0.0,0.0,181.60353662212398,195.92082789108812,85.50352657490203,-0.8228674771425701,462.2050236109716
2025-03-01T04:45:00Z,2025-03-01T05:00:00Z,2025-03-01,2025-03-01_6,0.0,100,100,0,12.276695391304422,12.426971043478334,0.0008552342995169082,0.0725,0.249,True,True,False,False,0.0,0.0,181.60353662212398,195.92082789108812,13.196019793027228,-18.368409524766403,372.3519747814729
2025-03-01T05:00:00Z,2025-03-01T05:15:00Z,2025-03-01,2025-03-01_7,0.0,100,100,0,12.426971043478334,13.768540608695725,0.003735640096618357,0.0015,1.46,True,True,False,False,0.0,0.0,181.60353662212398,189.5307947352557,0.25318999296694467,-105.97783984728224,265.4096815030644
2025-03-01T05:15:00Z,2025-03-01T05:30:00Z,2025-03-01,2025-03-01_7,0.0,100,100,0,13.768540608695725,16.022540608695724,0.006261111111111112,0.0,2.45,True,True,False,False,0.0,0.0,181.60353662212398,189.5307947352557,0.0,-177.6209384105295,193.5133929468502
2025-03-01T05:30:00Z,2025-03-01T05:45:00Z,2025-03-01,2025-03-01_7,0.0,100,100,0,16.022540608695724,16.0991145217392,0.0011034057971014493,0.1475,0.2575,True,True,False,False,0.0,0.0,181.60353662212398,189.5307947352557,27.981726615090928,-19.01676178036773,380.0992961921029
2025-03-01T05:45:00Z,2025-03-01T06:00:00Z,2025-03-01,2025-03-01_7,0.0,100,100,0,16.0991145217392,16.10328756521746,0.0006426304347826087,0.1045,0.128,True,True,False,False,0.0,0.0,181.60353662212398,189.5307947352557,18.77684306239325,-9.4776328745102,380.43354154526276
2025-03-01T06:00:00Z,2025-03-01T06:15:00Z,2025-03-01,2025-03-01_8,0.0,100,100,0,16.10328756521746,16.12477017391311,0.0006303260869565217,0.0945,0.135,True,True,False,False,0.0,0.0,181.60353662212398,189.5307947352557,17.170098362302824,-10.138360293378883,378.16606942630364
2025-03-01T06:15:00Z,2025-03-01T06:30:00Z,2025-03-01,2025-03-01_8,0.0,100,100,0,16.12477017391311,15.272512782608763,0.0023699371980676325,0.7845,0.0005,True,True,False,False,0.0,0.0,181.60353662212398,189.5307947352557,156.14395418466793,-0.039184165578217627,527.2391013764694
2025-03-01T06:30:00Z,2025-03-01T06:45:00Z,2025-03-01,2025-03-01_8,0.0,100,100,0,15.272512782608763,14.906419739130502,0.0010603695652173911,0.344,0.0085,True,True,False,False,0.0,0.0,181.60353662212398,189.5307947352557,66.47615954988446,-0.6661308148296996,436.94436009243447
2025-03-01T06:45:00Z,2025-03-01T07:00:00Z,2025-03-01,2025-03-01_8,0.0,100,100,0,14.906419739130502,14.714514521739197,0.0010339589371980676,0.2595,0.098,True,True,False,False,0.0,0.0,181.60353662212398,189.5307947352557,50.32042117954386,-7.4157632874510195,414.03898924947254
2025-03-01T07:00:00Z,2025-03-01T07:15:00Z,2025-03-01,2025-03-01_9,0.0,100,100,0,14.714514521739197,14.57901365217398,0.0010306135265700483,0.233,0.128,True,True,False,False,0.0,0.0,181.60353662212398,195.92082789108812,44.93610891188587,-9.516317090324526,412.9441563347734
2025-03-01T07:15:00Z,2025-03-01T07:30:00Z,2025-03-01,2025-03-01_9,0.0,100,100,0,14.57901365217398,14.819401478260936,0.0009908115942028986,0.0535,0.3245,True,True,False,False,0.0,0.0,181.60353662212398,195.92082789108812,9.749320104491108,-23.886564653873208,363.38711996383
2025-03-01T07:30:00Z,2025-03-01T07:45:00Z,2025-03-01,2025-03-01_9,0.0,100,100,0,14.819401478260936,14.859275391304415,0.0005153502415458937,0.067,0.1225,True,True,False,False,0.0,0.0,181.60353662212398,195.92082789108812,11.64463096553803,-9.157751934090225,380.0112435446599
2025-03-01T07:45:00Z,2025-03-01T08:00:00Z,2025-03-01,2025-03-01_9,0.0,100,100,0,14.859275391304415,14.822385826087023,0.000582915458937198,0.11349999999999999,0.094,True,True,False,False,0.0,0.0,181.60353662212398,195.92082789108812,20.356173113634078,-7.198834120365719,390.68170350648046
2025-03-01T08:00:00Z,2025-03-01T08:15:00Z,2025-03-01,2025-03-01_10,3.0000000000001723,97,100,0,14.822385826087023,10.000000000000021,0.013420305072463895,3.69085,0.005,True,True,False,False,104.40000000000599,0.0,176.15543052346027,195.92082789108812,756.4866728524064,-0.3817944338390435,1232.5811368331217
2025-03-01T08:15:00Z,2025-03-01T08:30:00Z,2025-03-01,2025-03-01_10,3.0000000000001723,97,100,0,10.000000000000021,10.878467765217366,0.006758968429951804,0.020855,1.8555,True,True,False,False,104.40000000000599,0.0,176.15543052346027,195.92082789108812,3.5356820636993866,-134.61500562644432,345.3969348518095
2025-03-01T08:30:00Z,2025-03-01T08:45:00Z,2025-03-01,2025-03-01_10,3.0000000000001723,97,100,0,10.878467765217366,18.969696599999935,0.025260327681159465,0.0,9.6285,True,True,False,False,104.40000000000599,0.0,176.15543052346027,195.92082789108812,0.0,4693.905842459561,5170.382100874116
2025-03-01T08:45:00Z,2025-03-01T09:00:00Z,2025-03-01,2025-03-01_10,3.0000000000001723,97,100,0,18.969696599999935,21.79022588695641,0.011651741980676422,0.0,3.9305,True,True,False,False,104.40000000000599,0.0,176.15543052346027,195.92082789108812,0.0,304.2498440671155,780.7261024816698
2025-03-01T09:00:00Z,2025-03-01T09:15:00Z,2025-03-01,2025-03-01_11,0.0,100,100,0,21.79022588695641,23.07091893043467,0.003771852657004831,0.0355,1.434,True,True,False,False,0.0,0.0,181.27197829800062,196.25238621521152,7.078471013764695,-104.10900512408318,280.49383040289365
2025-03-01T09:15:00Z,2025-03-01T09:30:00Z,2025-03-01,2025-03-01_11,0.0,100,100,0,23.07091893043467,28.109064147825972,0.014302818840579712,0.05099999999999999,5.5365,True,True,False,False,0.0,0.0,181.27197829800062,196.25238621521152,9.598914297196824,-229.6037114437858,157.51956736662314
2025-03-01T09:30:00Z,2025-03-01T09:45:00Z,2025-03-01,2025-03-01_11,0.0,100,100,0,28.109064147825972,30.24392414782597,0.005930166666666667,0.0,2.3205,True,True,False,False,0.0,0.0,181.27197829800062,196.25238621521152,0.0,-156.34383321611574,221.1805312970964
2025-03-01T09:45:00Z,2025-03-01T10:00:00Z,2025-03-01,2025-03-01_11,0.0,100,100,0,30.24392414782597,30.363805886956406,0.0009217729468599036,0.0975,0.24550000000000002,True,True,False,False,0.0,0.0,181.27197829800062,196.25238621521152,18.038881241836634,-18.019103084497136,377.54414267055165
2025-03-01T10:00:00Z,2025-03-01T10:15:00Z,2025-03-01,2025-03-01_12,0.0,100,100,0,30.363805886956406,30.760970234782494,0.0014293212560386474,0.054,0.4955,True,True,False,False,0.0,0.0,181.27197829800062,196.25238621521152,9.977494222847383,-36.36262071737165,351.1392380186879
2025-03-01T10:15:00Z,2025-03-01T10:30:00Z,2025-03-01,2025-03-01_12,0.0,100,100,0,30.760970234782494,31.532354582608583,0.0022604879227053148,0.0195,0.8615000000000002,True,True,False,False,0.0,0.0,181.27197829800062,196.25238621521152,3.515121370441073,-62.72911021802473,318.3103756656285
2025-03-01T10:30:00Z,2025-03-01T10:45:00Z,2025-03-01,2025-03-01_12,0.0,100,100,0,31.532354582608583,30.176930234782496,0.003964400966183575,1.28,0.039,True,True,False,False,0.0,0.0,181.27197829800062,196.25238621521152,256.7047523359791,-3.0036151913995783,631.2255016577916
2025-03-01T10:45:00Z,2025-03-01T11:00:00Z,2025-03-01,2025-03-01_12,0.0,100,100,0,30.176930234782496,25.109384147825974,0.014314183574879227,4.7015,0.0465,True,True,False,False,0.0,0.0,181.27197829800062,196.25238621521152,952.9472381191601,-3.378479855320004,1327.0931227770523
2025-03-01T11:00:00Z,2025-03-01T11:15:00Z,2025-03-01,2025-03-01_13,-100.00000000000007,100,0,0,25.109384147825974,46.800224147825986,0.06025233333333338,1.423,0.0,True,True,False,False,-2586.000000000002,0.0,181.27197829800062,0.0,275.2908092032553,0.0,-2129.437212498746
2025-03-01T11:15:00Z,2025-03-01T11:30:00Z,2025-03-01,2025-03-01_13,-100.00000000000007,100,0,0,46.800224147825986,67.601884147826,0.05778238888888894,2.3895,0.0,True,True,False,False,-2586.000000000002,0.0,181.27197829800062,0.0,463.27922736863263,0.0,-1941.4487943333686
2025-03-01T11:30:00Z,2025-03-01T11:45:00Z,2025-03-01,2025-03-01_13,-100.00000000000007,100,0,0,67.601884147826,84.38590414782601,0.04662227777777784,6.7565,0.0,True,True,False,False,-2586.000000000002,0.0,181.27197829800062,0.0,1310.274950165779,0.0,-1094.453071536222
2025-03-01T11:45:00Z,2025-03-01T12:00:00Z,2025-03-01,2025-03-01_13,-100.00000000000007,100,0,0,84.38590414782601,100.72786414782603,0.04539433333333338,7.237,0.0,True,True,False,False,-2586.000000000002,0.0,181.27197829800062,0.0,1419.1485785190398,0.0,-985.5794431829614
2025-03-01T12:00:00Z,2025-03-01T12:15:00Z,2025-03-01,2025-03-01_14,-99.99999999999997,100,0,0,100.72786414782603,117.45484414782602,0.046463833333333336,6.818499999999999,0.0,True,True,False,False,-2482.999999999999,0.0,181.27197829800062,0.0,1293.8913845071836,0.0,-1007.8366371948149
2025-03-01T12:15:00Z,2025-03-01T12:30:00Z,2025-03-01,2025-03-01_14,-99.99999999999997,100,0,0,117.45484414782602,137.549024147826,0.055817166666666654,3.1585,0.0,True,True,False,False,-2482.999999999999,0.0,181.27197829800062,0.0,599.216288857631,0.0,-1702.5117328443675
2025-03-01T12:30:00Z,2025-03-01T12:45:00Z,2025-03-01,2025-03-01_14,-99.99999999999997,100,0,0,137.549024147826,160.500264147826,0.06375344444444443,0.053,0.0,True,True,False,False,-2482.999999999999,0.0,181.27197829800062,0.0,9.176705314980408,0.0,-2292.5513163870182
2025-03-01T12:45:00Z,2025-03-01T13:00:00Z,2025-03-01,2025-03-01_14,-99.99999999999997,100,0,0,160.500264147826,183.500264147826,0.06388888888888887,0.0,0.0,True,True,False,False,-2482.999999999999,0.0,181.27197829800062,0.0,0.0,0.0,-2301.7280217019984
2025-03-01T13:00:00Z,2025-03-01T13:15:00Z,2025-03-01,2025-03-01_15,-5.0,100,95,0,183.500264147826,185.47668671304336,0.0055130095410628015,0.004,0.902975,True,True,False,False,-128.65,0.0,181.27197829800062,186.43976690445095,0.6751733145785191,-65.96625663116649,173.7706618858636
2025-03-01T13:15:00Z,2025-03-01T13:30:00Z,2025-03-01,2025-03-01_15,-5.0,100,95,0,185.47668671304336,186.68305710434768,0.0036206544685990338,0.047,0.11637499999999999,True,True,False,False,-128.65,0.0,181.27197829800062,186.43976690445095,8.289755450617905,-8.899056992866473,238.452443660203
2025-03-01T13:30:00Z,2025-03-01T13:45:00Z,2025-03-01,2025-03-01_15,-5.0,100,95,0,186.68305710434768,187.92540171304333,0.0036431371980676325,0.0335,0.13965,True,True,False,False,-128.65,0.0,181.27197829800062,186.43976690445095,5.675545564151514,-10.660263357781576,234.0770274088215
2025-03-01T13:45:00Z,2025-03-01T14:00:00Z,2025-03-01,2025-03-01_15,-5.0,100,95,0,187.92540171304333,188.99855901739116,0.0035059019323671497,0.0915,0.02375,True,True,False,False,-128.65,0.0,181.27197829800062,186.43976690445095,15.937345523962623,-1.8612478649653372,253.13784286144886
2025-03-01T14:00:00Z,2025-03-01T14:15:00Z,2025-03-01,2025-03-01_16,-0.9244714859835881,100,99,0,188.99855901739116,189.7409874654006,0.002196914734299488,0.0225,0.602415,True,True,False,False,-30.320353561546728,0.0,181.60353662212398,194.2898623530594,3.8310042198332157,-44.12863887169698,305.2754107617729
2025-03-01T14:15:00Z,2025-03-01T14:30:00Z,2025-03-01,2025-03-01_16,-0.9244714859835881,100,99,0,189.7409874654006,189.8245272229139,0.0010038388903333584,0.129,0.01188,True,True,False,False,-30.320353561546728,0.0,181.60353662212398,194.2898623530594,22.400766402089825,-0.9136081663819955,367.0602036493445
2025-03-01T14:30:00Z,2025-03-01T14:45:00Z,2025-03-01,2025-03-01_16,-0.9244714859835881,100,99,0,189.8245272229139,189.98253320238433,0.0011089815367880456,0.11200000000000002,0.072765,True,True,False,False,-30.320353561546728,0.0,181.60353662212398,194.2898623530594,19.51649231387522,-5.4592685130111525,359.6302692145007
2025-03-01T14:45:00Z,2025-03-01T15:00:00Z,2025-03-01,2025-03-01_16,-0.9244714859835881,100,99,0,189.98253320238433,188.92896590508386,0.004148110917391416,1.1825,0.018809999999999997,True,True,False,False,-30.320353561546728,0.0,181.60353662212398,194.2898623530594,234.31178689842264,-1.4124376650256203,578.4723946470336
2025-03-01T15:00:00Z,2025-03-01T15:15:00Z,2025-03-01,2025-03-01_17,-0.9999999999999598,100,99,0,188.92896590508386,189.20026565290996,0.001210947367149733,0.0765,0.135135,True,True,False,False,-44.714999999998206,0.0,181.60353662212398,193.96161961217723,14.34301597508289,-10.20943363608962,334.98373857329625
2025-03-01T15:15:00Z,2025-03-01T15:30:00Z,2025-03-01,2025-03-01_17,-0.9999999999999598,100,99,0,189.20026565290996,189.8695101137795,0.0021160776086956265,0.043,0.528165,True,True,False,False,-44.714999999998206,0.0,181.60353662212398,193.96161961217723,7.548074751331257,-38.4816996604039,299.9165313252304
2025-03-01T15:30:00Z,2025-03-01T15:45:00Z,2025-03-01,2025-03-01_17,-0.9999999999999598,100,99,0,189.8695101137795,189.92261332247514,0.0014806610869564966,0.22300000000000003,0.07078499999999999,True,True,False,False,-44.714999999998206,0.0,181.60353662212398,193.96161961217723,42.90145383301518,-5.274062121973274,368.4775479453449
2025-03-01T15:45:00Z,2025-03-01T16:00:00Z,2025-03-01,2025-03-01_17,-0.9999999999999598,100,99,0,189.92261332247514,183.8549251485621,0.017876017149758443,5.8095,0.00792,True,True,False,False,-44.714999999998206,0.0,181.60353662212398,193.96161961217723,1432.8913156837134,-0.5790010971566362,1763.1624708208599
2025-03-01T16:00:00Z,2025-03-01T16:15:00Z,2025-03-01,2025-03-01_18,47.82505925740573,52,100,0,183.8549251485621,174.42843912094008,0.035704870930893216,0.0,3.5699999999999994,True,True,False,False,2907.046226961407,0.0,94.43383904350448,189.5307947352557,0.0,-258.50128604440874,2932.509574695758
2025-03-01T16:15:00Z,2025-03-01T16:30:00Z,2025-03-01,2025-03-01_18,47.82505925740573,52,100,0,174.42843912094008,164.4045444776832,0.035770974589534286,0.0,2.9725,True,True,False,False,2907.046226961407,0.0,94.43383904350448,189.5307947352557,0.0,-215.40037727318398,2975.610483466983
2025-03-01T16:30:00Z,2025-03-01T16:45:00Z,2025-03-01,2025-03-01_18,47.82505925740573,52,100,0,164.4045444776832,149.76931305907686,0.040806756960866636,1.56104,0.057499999999999996,True,True,False,False,2907.046226961407,0.0,94.43383904350448,189.5307947352557,486.96794151713055,-4.337786597005928,3673.6410156602915
2025-03-01T16:45:00Z,2025-03-01T17:00:00Z,2025-03-01,2025-03-01_18,47.82505925740573,52,100,0,149.76931305907686,130.43643826086878,0.053702429995022435,5.82998,0.0,True,True,False,False,2907.046226961407,0.0,94.43383904350448,189.5307947352557,1938.81599323621,0.0,5129.826853976377
2025-03-01T17:00:00Z,2025-03-01T17:15:00Z,2025-03-01,2025-03-01_19,0.0,100,100,0,130.43643826086878,128.79894521739052,0.004681480676328502,1.5285,0.026,True,True,False,False,0.0,0.0,181.60353662212398,189.5307947352557,361.42168019692554,-1.9923633075454639,730.5636482467597
2025-03-01T17:15:00Z,2025-03-01T17:30:00Z,2025-03-01,2025-03-01_19,0.0,100,100,0,128.79894521739052,125.45007478260791,0.009317751207729466,3.0835,0.003,True,True,False,False,0.0,0.0,181.60353662212398,189.5307947352557,719.2829920626946,-0.23510499346930575,1090.182218426605
2025-03-01T17:30:00Z,2025-03-01T17:45:00Z,2025-03-01,2025-03-01_19,0.0,100,100,0,125.45007478260791,112.02127043478183,0.03730223429951691,12.3545,0.0,True,True,False,False,0.0,0.0,181.60353662212398,189.5307947352557,4086.3144908067916,0.0,4457.448822164171
2025-03-01T17:45:00Z,2025-03-01T18:00:00Z,2025-03-01,2025-03-01_19,0.0,100,100,0,112.02127043478183,97.62344434782531,0.039993961352657,13.245999999999999,0.0,True,True,False,False,0.0,0.0,181.60353662212398,189.5307947352557,4331.5364907063195,0.0,4702.670822063699
2025-03-01T18:00:00Z,2025-03-01T18:15:00Z,2025-03-01,2025-03-01_20,0.0,100,100,0,97.62344434782531,79.53377043478184,0.050249094202898546,16.6425,0.0,True,True,False,False,0.0,0.0,181.60353662212398,189.5307947352557,11166.376755752035,0.0,11537.511087109415
2025-03-01T18:15:00Z,2025-03-01T18:30:00Z,2025-03-01,2025-03-01_20,0.0,100,100,0,79.53377043478184,60.13431391304272,0.05388737922705314,17.8475,0.0,True,True,False,False,0.0,0.0,181.60353662212398,189.5307947352557,11922.18379533809,0.0,12293.318126695469
2025-03-01T18:30:00Z,2025-03-01T18:45:00Z,2025-03-01,2025-03-01_20,0.0,100,100,0,60.13431391304272,43.98703130434707,0.04485356280193236,14.8555,0.0,True,True,False,False,0.0,0.0,181.60353662212398,189.5307947352557,6648.529546468401,0.0,7019.663877825781
2025-03-01T18:45:00Z,2025-03-01T19:00:00Z,2025-03-01,2025-03-01_20,0.0,100,100,0,43.98703130434707,35.110400869564465,0.02465730676328502,8.1665,0.0,True,True,False,False,0.0,0.0,181.60353662212398,189.5307947352557,2396.5760599819146,0.0,2767.7103913392943
2025-03-01T19:00:00Z,2025-03-01T19:15:00Z,2025-03-01,2025-03-01_21,0.0,100,100,0,35.110400869564465,21.18431391304273,0.038683574879227044,12.811999999999998,0.0,True,True,False,False,0.0,0.0,181.60353662212398,189.5307947352557,3972.049536019291,0.0,4343.183867376671
2025-03-01T19:15:00Z,2025-03-01T19:30:00Z,2025-03-01,2025-03-01_21,0.0,100,100,0,21.18431391304273,16.516965217390553,0.012980190821256038,4.2965,0.003,True,True,False,False,0.0,0.0,181.60353662212398,189.5307947352557,1044.6309714658898,-0.23711423691349345,1415.528188586356
2025-03-01T19:30:00Z,2025-03-01T19:45:00Z,2025-03-01,2025-03-01_21,0.0,100,100,0,16.516965217390553,12.152834782607943,0.012122584541062801,4.015,0.0,True,True,False,False,0.0,0.0,181.60353662212398,189.5307947352557,993.1132552999095,0.0,1364.2475866572893
2025-03-01T19:45:00Z,2025-03-01T20:00:00Z,2025-03-01,2025-03-01_21,0.0,100,100,0,12.152834782607943,9.999999999999247,0.00613342995169082,2.006,0.03,True,True,False,False,0.0,0.0,181.60353662212398,189.5307947352557,477.9943478348236,-2.3754646840148697,846.7532145081884
2025-03-01T20:00:00Z,2025-03-01T20:15:00Z,2025-03-01,2025-03-01_22,0.0,100,100,0,9.999999999999247,10.07493826086881,0.0010082826086956521,0.1325,0.23799999999999996,True,True,False,False,0.0,0.0,181.60353662212398,195.92082789108812,25.3524565457651,-18.641619612177234,384.2352014468
2025-03-01T20:15:00Z,2025-03-01T20:30:00Z,2025-03-01,2025-03-01_22,0.0,100,100,0,10.07493826086881,20.88033826086881,0.030015,0.0,11.745,True,True,False,False,0.0,0.0,181.60353662212398,195.92082789108812,0.0,8222.89245453632,8600.416819049533
2025-03-01T20:30:00Z,2025-03-01T20:45:00Z,2025-03-01,2025-03-01_22,0.0,100,100,0,20.88033826086881,24.796778260868813,0.010879,0.0,4.257,True,True,False,False,0.0,0.0,181.60353662212398,195.92082789108812,0.0,537.4384442881543,914.9628088013665
2025-03-01T20:45:00Z,2025-03-01T21:00:00Z,2025-03-01,2025-03-01_22,0.0,100,100,0,24.796778260868813,26.591531304347072,0.004991463768115942,0.001,1.952,True,True,False,False,0.0,0.0,181.60353662212398,195.92082789108812,0.1847684115342108,-143.12770822867475,234.58142469607156
2025-03-01T21:00:00Z,2025-03-01T21:15:00Z,2025-03-01,2025-03-01_23,-26.0,100,74,0,26.591531304347072,19.595014086955768,0.03613225893719807,12.435,0.0,True,True,False,False,-816.66,0.0,181.60353662212398,145.4721189591078,4384.1839495629465,0.0,3894.5996051441784
2025-03-01T21:15:00Z,2025-03-01T21:30:00Z,2025-03-01,2025-03-01_23,-26.0,100,74,0,19.595014086955768,23.403391060868813,0.01987797951690821,2.081,0.0,True,True,False,False,-816.66,0.0,181.60353662212398,145.4721189591078,417.7534843765699,0.0,-71.83086004219831
2025-03-01T21:30:00Z,2025-03-01T21:45:00Z,2025-03-01,2025-03-01_23,-26.0,100,74,0,23.403391060868813,15.99728132173838,0.03674842705314009,12.8275,0.0,True,True,False,False,-816.66,0.0,181.60353662212398,145.4721189591078,2753.8978649653377,0.0,2264.3135205465696
2025-03-01T21:45:00Z,2025-03-01T22:00:00Z,2025-03-01,2025-03-01_23,-26.0,100,74,0,15.99728132173838,14.37347008695577,0.028049860096618355,7.2865,0.0,True,True,False,False,-816.66,0.0,181.60353662212398,145.4721189591078,1498.1887368632574,0.0,1008.6043924444892
2025-03-01T22:00:00Z,2025-03-01T22:15:00Z,2025-03-02,2025-03-01_24,-99.99999999999996,100,0,0,14.37347008695577,20.586690086955755,0.01725894444444446,18.2465,0.0,True,True,False,False,-2997.9999999999986,0.0,181.27197829800062,0.0,15797.40281523159,0.0,12980.674793529592
2025-03-01T22:15:00Z,2025-03-01T22:30:00Z,2025-03-02,2025-03-01_24,-99.99999999999996,100,0,0,20.586690086955755,26.33347008695575,0.015963277777777802,18.7535,0.0,True,True,False,False,-2997.9999999999986,0.0,181.27197829800062,0.0,8922.599883954586,0.0,6105.8718622525885
2025-03-01T22:30:00Z,2025-03-01T22:45:00Z,2025-03-02,2025-03-01_24,-99.99999999999996,100,0,0,26.33347008695575,43.88155008695574,0.04874466666666665,5.926,0.0,True,True,False,False,-2997.9999999999986,0.0,181.27197829800062,0.0,1235.7671837636894,0.0,-1580.9608379383085
2025-03-01T22:45:00Z,2025-03-01T23:00:00Z,2025-03-02,2025-03-01_24,-99.99999999999996,100,0,0,43.88155008695574,62.21117008695573,0.0509156111111111,5.0765,0.0,True,True,False,False,-2997.9999999999986,0.0,181.27197829800062,0.0,1026.359863960615,0.0,-1790.368157741383
2025-03-01T23:00:00Z,2025-03-01T23:15:00Z,2025-03-02,2025-03-02_1,-3.00000000000108,100,97,0,62.21117008695573,42.74826890434732,0.05504088439613484,18.6265,0.0,True,True,False,False,-96.16500000003462,0.0,181.27197829800062,190.68642620315484,19239.473355772134,0.0,19515.266760273254
2025-03-01T23:15:00Z,2025-03-01T23:30:00Z,2025-03-02,2025-03-02_1,-3.00000000000108,100,97,0,42.74826890434732,26.816845426086726,0.04573170410627996,15.3625,0.0,True,True,False,False,-96.16500000003462,0.0,181.27197829800062,190.68642620315484,5702.375396865268,0.0,5978.168801366389
2025-03-01T23:30:00Z,2025-03-01T23:45:00Z,2025-03-02,2025-03-02_1,-3.00000000000108,100,97,0,26.816845426086726,21.9726822956522,0.016505042028985888,5.115,0.0,True,True,False,False,-96.16500000003462,0.0,181.27197829800062,190.68642620315484,1041.612988043806,0.0,1317.4063925449268
2025-03-01T23:45:00Z,2025-03-02T00:00:00Z,2025-03-02,2025-03-02_1,-3.00000000000108,100,97,0,21.9726822956522,22.161696878261143,0.0033073472705320624,0.475,0.014065,True,True,False,False,-96.16500000003462,0.0,181.27197829800062,190.68642620315484,93.2368733045313,-1.3488183793831006,367.68145942626904
2025-03-02T00:00:00Z,2025-03-02T00:15:00Z,2025-03-02,2025-03-02_2,0.0,100,100,0,22.161696878261143,15.335066443478535,0.01896286231884058,6.2805,0.0,True,True,False,False,0.0,0.0,180.42801165477746,196.58394453933488,1356.6296470410932,0.0,1733.6416032352056
2025-03-02T00:15:00Z,2025-03-02T00:30:00Z,2025-03-02,2025-03-02_2,0.0,100,100,0,15.335066443478535,13.072566443478536,0.006284722222222223,2.0815,0.0,True,True,False,False,0.0,0.0,180.42801165477746,196.58394453933488,418.00317853913396,0.0,795.0151347332463
2025-03-02T00:30:00Z,2025-03-02T00:45:00Z,2025-03-02,2025-03-02_2,0.0,100,100,0,13.072566443478536,10.522942965217666,0.007087398550724637,2.3465,0.001,True,True,False,False,0.0,0.0,180.42801165477746,196.58394453933488,470.4193792826283,-0.07836833115643525,847.3529671455842
2025-03-02T00:45:00Z,2025-03-02T01:00:00Z,2025-03-02,2025-03-02_2,0.0,100,100,0,10.522942965217666,10.565610791304623,0.0003721449275362319,0.042,0.096,True,True,False,False,0.0,0.0,180.42801165477746,196.58394453933488,7.24907424897016,-7.523359791017784,376.7376706520647
2025-03-02T01:00:00Z,2025-03-02T01:15:00Z,2025-03-02,2025-03-02_3,-99.99999999999999,100,0,0,10.565610791304623,32.053130791304625,0.05968755555555555,1.644,0.0,True,True,False,False,-2758.4999999999995,0.0,180.42801165477746,0.0,328.9793814930172,0.0,-2249.092606852205
2025-03-02T01:15:00Z,2025-03-02T01:30:00Z,2025-03-02,2025-03-02_3,-99.99999999999999,100,0,0,32.053130791304625,55.008510791304616,0.06376494444444443,0.0485,0.0,True,True,False,False,-2758.4999999999995,0.0,180.42801165477746,0.0,8.23440630965538,0.0,-2569.837582035567
2025-03-02T01:30:00Z,2025-03-02T01:45:00Z,2025-03-02,2025-03-02_3,-99.99999999999999,100,0,0,55.008510791304616,78.00851079130462,0.06388888888888888,0.0,0.0,True,True,False,False,-2758.4999999999995,0.0,180.42801165477746,0.0,0.0,0.0,-2578.071988345222
2025-03-02T01:45:00Z,2025-03-02T02:00:00Z,2025-03-02,2025-03-02_3,-99.99999999999999,100,0,0,78.00851079130462,101.00851079130462,0.06388888888888888,0.0,0.0,True,True,False,False,-2758.4999999999995,0.0,180.42801165477746,0.0,0.0,0.0,-2578.071988345222
2025-03-02T02:00:00Z,2025-03-02T02:15:00Z,2025-03-02,2025-03-02_4,-97.99999999999964,100,2,0,101.00851079130462,123.46675933043497,0.06239501405797079,0.091,0.00247,True,True,False,False,-2829.5049999999896,0.0,180.42801165477746,3.92504772430423,16.829907364613685,-0.18681022204360495,-2628.508843478338
2025-03-02T02:15:00Z,2025-03-02T02:30:00Z,2025-03-02,2025-03-02_4,-97.99999999999964,100,2,0,123.46675933043497,145.9026838000001,0.06233584091787416,0.11449999999999999,0.00179,True,True,False,False,-2829.5049999999896,0.0,180.42801165477746,3.92504772430423,21.19592524866874,-0.13392753742590174,-2624.0899429096653
2025-03-02T02:30:00Z,2025-03-02T02:45:00Z,2025-03-02,2025-03-02_4,-97.99999999999964,100,2,0,145.9026838000001,168.3396821478261,0.06233858236714954,0.11250000000000002,0.00095,True,True,False,False,-2829.5049999999896,0.0,180.42801165477746,3.92504772430423,20.87431678890787,-0.07141961217723299,-2624.3490434441774
2025-03-02T02:45:00Z,2025-03-02T03:00:00Z,2025-03-02,2025-03-02_4,-97.99999999999964,100,2,0,168.3396821478261,189.89819105217384,0.060013128599033606,1.063,2e-05,True,True,False,False,-2829.5049999999896,0.0,180.42801165477746,3.92504772430423,212.40626122777053,-0.001567366623128705,-2432.7472467597604
2025-03-02T03:00:00Z,2025-03-02T03:15:00Z,2025-03-02,2025-03-02_5,-0.9983375646953832,100,99,0,189.89819105217384,187.3662889688121,0.008178878878743499,2.5445,0.0,True,True,False,False,-31.94680207025226,0.0,181.27197829800062,194.2898623530594,510.9907184768412,0.0,854.6057570576489
2025-03-02T03:15:00Z,2025-03-02T03:30:00Z,2025-03-02,2025-03-02_5,-0.9983375646953832,100,99,0,187.3662889688121,181.94534561869094,0.01606816191810626,5.2065,0.0,True,True,False,False,-31.94680207025226,0.0,181.27197829800062,194.2898623530594,1046.9004007836834,0.0,1390.5154393644912
2025-03-02T03:30:00Z,2025-03-02T03:45:00Z,2025-03-02,2025-03-02_5,-0.9983375646953832,100,99,0,181.94534561869094,180.65704942988432,0.004818007862637736,1.4045,0.00693,True,True,False,False,-31.94680207025226,0.0,181.27197829800062,194.2898623530594,281.80933366824075,-0.5315539073646138,624.8928183416839
2025-03-02T03:45:00Z,2025-03-02T04:00:00Z,2025-03-02,2025-03-02_5,-0.9983375646953832,100,99,0,180.65704942988432,179.19100737391256,0.006060983288233107,1.695,0.15642,True,True,False,False,-31.94680207025226,0.0,181.27197829800062,194.2898623530594,339.9257530392847,-11.318408499949765,672.2223831201427
2025-03-02T04:00:00Z,2025-03-02T04:15:00Z,2025-03-02,2025-03-02_6,0.0,100,100,0,179.19100737391256,179.424949113043,0.0016552729468599034,0.1665,0.451,True,True,False,False,0.0,0.0,181.60353662212398,196.25238621521152,31.97007434944238,-32.709711845674676,377.1162853411032
2025-03-02T04:15:00Z,2025-03-02T04:30:00Z,2025-03-02,2025-03-02_6,0.0,100,100,0,179.424949113043,177.92958998260823,0.004161442028985507,1.377,0.0015,True,True,False,False,0.0,0.0,181.60353662212398,196.25238621521152,275.6504139455441,-0.11755249673465287,653.3887842861449
2025-03-02T04:30:00Z,2025-03-02T04:45:00Z,2025-03-02,2025-03-02_6,0.0,100,100,0,177.92958998260823,179.3074586782604,0.003854586956521739,0.0045,1.503,True,True,False,False,0.0,0.0,181.60353662212398,196.25238621521152,0.759569978900834,-109.04655360192906,269.56893921430725
2025-03-02T04:45:00Z,2025-03-02T05:00:00Z,2025-03-02,2025-03-02_6,0.0,100,100,0,179.3074586782604,185.66557867826037,0.01766144444444444,0.0,6.910999999999999,True,True,False,False,0.0,0.0,181.60353662212398,196.25238621521152,0.0,1909.5163130714354,2287.372235908771
2025-03-02T05:00:00Z,2025-03-02T05:15:00Z,2025-03-02,2025-03-02_7,100.0,0,100,0,185.66557867826037,164.63079606956472,0.05842995169082125,0.0,5.648,True,True,False,False,4090.0,0.0,0.0,189.89249472520848,0.0,1128.082592987039,5407.975087712248
2025-03-02T05:15:00Z,2025-03-02T05:30:00Z,2025-03-02,2025-03-02_7,100.0,0,100,0,164.63079606956472,137.76340476521688,0.0746316425120773,0.0,0.282,True,True,False,False,4090.0,0.0,0.0,189.89249472520848,0.0,-20.87321330252185,4259.019281422687
2025-03-02T05:30:00Z,2025-03-02T05:45:00Z,2025-03-02,2025-03-02_7,100.0,0,100,0,137.76340476521688,114.51177433043426,0.06458786231884057,0.0,3.6085,True,True,False,False,4090.0,0.0,0.0,189.89249472520848,0.0,-229.81718215613384,4050.0753125690744
2025-03-02T05:45:00Z,2025-03-02T06:00:00Z,2025-03-02,2025-03-02_7,100.0,0,100,0,114.51177433043426,96.00688302608644,0.05140247584541062,0.0,7.9755,True,True,False,False,4090.0,0.0,0.0,189.89249472520848,0.0,1180.2634183663217,5460.15591309153
2025-03-02T06:00:00Z,2025-03-02T06:15:00Z,2025-03-02,2025-03-02_8,96.99999999999936,3,100,0,96.00688302608644,79.45874928695616,0.04735738816425104,0.0,9.0675,True,True,False,False,3857.9324999999744,0.0,5.448106098663719,189.89249472520848,0.0,5193.36074600623,9246.633846830076
2025-03-02T06:15:00Z,2025-03-02T06:30:00Z,2025-03-02,2025-03-02_8,96.99999999999936,3,100,0,79.45874928695616,56.89119881739112,0.06322492019323633,0.0,3.504,True,True,False,False,3857.9324999999744,0.0,5.448106098663719,189.89249472520848,0.0,-252.68863819953785,3800.584462624309
2025-03-02T06:30:00Z,2025-03-02T06:45:00Z,2025-03-02,2025-03-02_8,96.99999999999936,3,100,0,56.89119881739112,31.290883373913033,0.07121947400966137,6.000000000000001e-05,0.701,True,True,False,False,3857.9324999999744,0.0,5.448106098663719,189.89249472520848,0.010127599718677788,-51.113485783180955,4002.1697426403844
2025-03-02T06:45:00Z,2025-03-02T07:00:00Z,2025-03-02,2025-03-02_8,96.99999999999936,3,100,0,31.290883373913033,12.261302295652332,0.05389862743961329,0.0,6.773999999999999,True,True,False,False,3857.9324999999744,0.0,5.448106098663719,189.89249472520848,0.0,-310.71513794835727,3742.5579628754895
2025-03-02T07:00:00Z,2025-03-02T07:15:00Z,2025-03-02,2025-03-02_9,-11.999999999999856,100,88,0,12.261302295652332,13.465278226087081,0.013701382415458862,1.949,0.56892,True,True,False,False,-361.19999999999567,0.0,181.60353662212398,172.70209986938613,391.5655163267357,-41.325438802371146,343.34571401587897
2025-03-02T07:15:00Z,2025-03-02T07:30:00Z,2025-03-02,2025-03-02_9,-11.999999999999856,100,88,0,13.465278226087081,12.544398226087047,0.01577533333333327,3.45,0.0,True,True,False,False,-361.19999999999567,0.0,181.60353662212398,172.70209986938613,693.1730433035266,0.0,686.2786797950411
2025-03-02T07:30:00Z,2025-03-02T07:45:00Z,2025-03-02,2025-03-02_9,-11.999999999999856,100,88,0,12.544398226087047,15.300431165217448,0.008147192946859812,0.0925,0.10296,True,True,False,False,-361.19999999999567,0.0,181.60353662212398,172.70209986938613,16.89139405204461,-7.810974074148498,2.186056469410558
2025-03-02T07:45:00Z,2025-03-02T08:00:00Z,2025-03-02,2025-03-02_9,-11.999999999999856,100,88,0,15.300431165217448,22.992109565217415,0.021365773333333244,0.0,5.360519999999999,True,True,False,False,-361.19999999999567,0.0,181.60353662212398,172.70209986938613,0.0,-384.0153084698081,-390.90967197829366
2025-03-02T08:00:00Z,2025-03-02T08:15:00Z,2025-03-02,2025-03-02_10,0.0,100,100,0,22.992109565217415,10.105952173913067,0.035886881642512074,11.8705,0.018,True,True,False,False,0.0,0.0,181.60353662212398,196.25238621521152,2746.451811715061,-1.3581834622726816,3122.949551090124
2025-03-02T08:15:00Z,2025-03-02T08:30:00Z,2025-03-02,2025-03-02_10,0.0,100,100,0,10.105952173913067,10.000000000000025,0.016764867149758455,2.825,3.2225,True,True,False,False,0.0,0.0,181.60353662212398,196.25238621521152,506.82878529086713,-194.40420074349444,690.2805073847082
2025-03-02T08:30:00Z,2025-03-02T08:45:00Z,2025-03-02,2025-03-02_10,0.0,100,100,0,10.000000000000025,23.50054000000003,0.03750150000000001,0.0,14.674500000000002,True,True,False,False,0.0,0.0,181.60353662212398,196.25238621521152,0.0,6447.060889781977,6824.916812619312
2025-03-02T08:45:00Z,2025-03-02T09:00:00Z,2025-03-02,2025-03-02_10,0.0,100,100,0,23.50054000000003,41.845800000000025,0.050959055555555556,0.0,19.9405,True,True,False,False,0.0,0.0,181.60353662212398,196.25238621521152,0.0,11356.65668763187,11734.512610469206
2025-03-02T09:00:00Z,2025-03-02T09:15:00Z,2025-03-02,2025-03-02_11,50.44652676767653,49,100,0,41.845800000000025,31.559594310564023,0.03721701157124258,0.0049,3.4130000000000003,True,True,False,False,861.3744445580767,0.0,88.8232693660203,196.58394453933488,0.7777574600622927,-184.99193831005732,962.5674776134368
2025-03-02T09:15:00Z,2025-03-02T09:30:00Z,2025-03-02,2025-03-02_11,50.44652676767653,49,100,0,31.559594310564023,19.470107704744997,0.037664672957412035,0.0,1.6120000000000003,True,True,False,False,861.3744445580767,0.0,88.8232693660203,196.58394453933488,0.0,-117.47111905958006,1029.3105394038519
2025-03-02T09:30:00Z,2025-03-02T09:45:00Z,2025-03-02,2025-03-02_11,50.44652676767653,49,100,0,19.470107704744997,11.220270669869205,0.03668288462209669,0.0,5.4355,True,True,False,False,861.3744445580767,0.0,88.8232693660203,196.58394453933488,0.0,-315.1683446197126,831.6133138437192
2025-03-02T09:45:00Z,2025-03-02T10:00:00Z,2025-03-02,2025-03-02_11,50.44652676767653,49,100,0,11.220270669869205,9.999999999999996,0.034885442920198566,0.0,12.4355,True,True,False,False,861.3744445580767,0.0,88.8232693660203,196.58394453933488,0.0,-400.87214236913496,745.9095160942969
2025-03-02T10:00:00Z,2025-03-02T10:15:00Z,2025-03-02,2025-03-02_12,-8.053651385939274e-15,100,100,0,9.999999999999996,10.78041304347826,0.004604408212560392,0.4035,1.325,True,True,False,False,-9.865722947775611e-14,0.0,181.27197829800062,196.58394453933488,56.25810810810811,-95.92850899226363,338.1855219531799
2025-03-02T10:15:00Z,2025-03-02T10:30:00Z,2025-03-02,2025-03-02_12,-8.053651385939274e-15,100,100,0,10.78041304347826,10.131353043478262,0.0029887222222222264,0.7935,0.232,True,True,False,False,-9.865722947775611e-14,0.0,181.27197829800062,196.58394453933488,110.63397468100071,-16.976675173314582,471.5132223450215
2025-03-02T10:30:00Z,2025-03-02T10:45:00Z,2025-03-02,2025-03-02_12,-8.053651385939274e-15,100,100,0,10.131353043478262,16.943033043478263,0.01892133333333334,0.0,7.404,True,True,False,False,-9.865722947775611e-14,0.0,181.27197829800062,196.58394453933488,0.0,-519.5327213905356,-141.67679855320017
2025-03-02T10:45:00Z,2025-03-02T11:00:00Z,2025-03-02,2025-03-02_12,-8.053651385939274e-15,100,100,0,16.943033043478263,22.092273043478265,0.014303444444444452,0.0,5.597,True,True,False,False,-9.865722947775611e-14,0.0,181.27197829800062,196.58394453933488,0.0,-372.7963024213805,5.059620415954883
2025-03-02T11:00:00Z,2025-03-02T11:15:00Z,2025-03-02,2025-03-02_13,-78.40769834446263,100,21,0,22.092273043478265,40.37214853929193,0.050785907171992106,0.0065,0.27426,True,True,False,False,-539.0529261181806,0.0,181.27197829800062,41.28262835326032,0.766507585652567,-19.3140984788506,-335.0459103601177
2025-03-02T11:15:00Z,2025-03-02T11:30:00Z,2025-03-02,2025-03-02_13,-78.40769834446263,100,21,0,40.37214853929193,58.269581322955425,0.049925668162191426,0.1615,0.019635,True,True,False,False,-539.0529261181806,0.0,181.27197829800062,41.28262835326032,19.04476539736763,-1.4843057831809503,-298.93785985273297
2025-03-02T11:30:00Z,2025-03-02T11:45:00Z,2025-03-02,2025-03-02_13,-78.40769834446263,100,21,0,58.269581322955425,76.76316794218184,0.05137107394229558,0.0,0.49979999999999997,True,True,False,False,-539.0529261181806,0.0,181.27197829800062,41.28262835326032,0.0,-34.8940042600221,-351.39232372694175
2025-03-02T11:45:00Z,2025-03-02T12:00:00Z,2025-03-02,2025-03-02_13,-78.40769834446263,100,21,0,76.76316794218184,95.80631196140824,0.0528976222756289,0.0,1.097145,True,True,False,False,-539.0529261181806,0.0,181.27197829800062,41.28262835326032,0.0,-65.26585237918215,-381.7641718461018
2025-03-02T12:00:00Z,2025-03-02T12:15:00Z,2025-03-02,2025-03-02_14,-100.0,100,0,0,95.80631196140824,118.73363196140824,0.063687,0.079,0.0,True,True,False,False,-405.99999999999994,0.0,181.27197829800062,0.0,8.426402089822163,0.0,-216.30161961217715
2025-03-02T12:15:00Z,2025-03-02T12:30:00Z,2025-03-02,2025-03-02_14,-100.0,100,0,0,118.73363196140824,141.62829196140825,0.06359627777777778,0.11449999999999999,0.0,True,True,False,False,-405.99999999999994,0.0,181.27197829800062,0.0,12.212949864362502,0.0,-212.5150718376368
2025-03-02T12:30:00Z,2025-03-02T12:45:00Z,2025-03-02,2025-03-02_14,-100.0,100,0,0,141.62829196140825,164.48845196140826,0.06350044444444446,0.152,0.0,True,True,False,False,-405.99999999999994,0.0,181.27197829800062,0.0,16.212824274088213,0.0,-208.51519742791112
2025-03-02T12:45:00Z,2025-03-02T13:00:00Z,2025-03-02,2025-03-02_14,-100.0,100,0,0,164.48845196140826,187.39277196140827,0.06362311111111112,0.104,0.0,True,True,False,False,-405.99999999999994,0.0,181.27197829800062,0.0,11.092985029639303,0.0,-213.63503667236003
2025-03-02T13:00:00Z,2025-03-02T13:15:00Z,2025-03-02,2025-03-02_15,47.76622393865179,52,100,0,187.39277196140827,179.83695705992244,0.03547297494074826,0.0,5.4255,True,True,False,False,806.055028964749,0.0,94.26142871496032,196.25238621521152,0.0,-351.35740781673866,745.2114360781821
2025-03-02T13:15:00Z,2025-03-02T13:30:00Z,2025-03-02,2025-03-02_15,47.76622393865179,52,100,0,179.83695705992244,176.88898449771995,0.0349781815514842,0.0,10.0345,True,True,False,False,806.055028964749,0.0,94.26142871496032,196.25238621521152,0.0,-476.94977614789514,619.6190677470257
2025-03-02T13:30:00Z,2025-03-02T13:45:00Z,2025-03-02,2025-03-02_15,47.76622393865179,52,100,0,176.88898449771995,165.32823625673183,0.036184522214637575,0.09698,1.525,True,True,False,False,806.055028964749,0.0,94.26142871496032,196.25238621521152,13.182927045112026,-97.80316989852305,1011.9486010415098
2025-03-02T13:45:00Z,2025-03-02T14:00:00Z,2025-03-02,2025-03-02_15,47.76622393865179,52,100,0,165.32823625673183,152.57604552173905,0.03634113789986299,0.10686,0.344,True,True,False,False,806.055028964749,0.0,94.26142871496032,196.25238621521152,13.18390215613383,-25.62480297397769,1084.127943077077
2025-03-02T14:00:00Z,2025-03-02T14:15:00Z,2025-03-02,2025-03-02_16,-54.99999999999998,100,45,0,152.57604552173905,166.58230952173906,0.038906288888888876,0.0,1.4742,True,True,False,False,-1018.8749999999995,0.0,181.60353662212398,88.31357379684518,0.0,-106.78966755752035,-855.7475571385507
2025-03-02T14:15:00Z,2025-03-02T14:30:00Z,2025-03-02,2025-03-02_16,-54.99999999999998,100,45,0,166.58230952173906,181.20203795652165,0.04061171545893719,0.0005,2.14155,True,True,False,False,-1018.8749999999995,0.0,181.60353662212398,88.31357379684518,0.07896111725108008,-155.0785154124385,-903.9574438762178
2025-03-02T14:30:00Z,2025-03-02T14:45:00Z,2025-03-02,2025-03-02_16,-54.99999999999998,100,45,0,181.20203795652165,189.99999999999991,0.034979544323671494,3.879,0.008775,True,True,False,False,-1018.8749999999995,0.0,181.60353662212398,88.31357379684518,746.5062035567165,-0.6876821058977193,-3.1393681302115914
2025-03-02T14:45:00Z,2025-03-02T15:00:00Z,2025-03-02,2025-03-02_16,-54.99999999999998,100,45,0,189.99999999999991,184.64759286956513,0.03429116980676329,18.0905,0.0,True,True,False,False,-1018.8749999999995,0.0,181.60353662212398,88.31357379684518,11701.309097056164,0.0,10952.351207475134
2025-03-02T15:00:00Z,2025-03-02T15:15:00Z,2025-03-02,2025-03-02_17,0.0,100,100,0,184.64759286956513,188.96209026086947,0.014191840579710145,0.3655,5.1215,True,True,False,False,0.0,0.0,181.60353662212398,196.25238621521152,72.85946699487592,-369.12260584748327,81.59278398472814
2025-03-02T15:15:00Z,2025-03-02T15:30:00Z,2025-03-02,2025-03-02_17,0.0,100,100,0,188.96209026086947,189.82894330434772,0.002483408212560387,0.0125,0.9570000000000001,True,True,False,False,0.0,0.0,181.60353662212398,196.25238621521152,2.0546820054255,-70.62665769114841,309.2839471516126
2025-03-02T15:30:00Z,2025-03-02T15:45:00Z,2025-03-02,2025-03-02_17,0.0,100,100,0,189.82894330434772,187.4584172173912,0.006597572463768115,2.183,0.0025,True,True,False,False,0.0,0.0,181.60353662212398,196.25238621521152,514.3685799256506,-0.1959208278910881,892.028581935095
2025-03-02T15:45:00Z,2025-03-02T16:00:00Z,2025-03-02,2025-03-02_17,0.0,100,100,0,187.4584172173912,168.3850476521738,0.05298158212560386,17.5475,0.0,True,True,False,False,0.0,0.0,181.60353662212398,196.25238621521152,10106.393856123783,0.0,10484.249778961119
2025-03-02T16:00:00Z,2025-03-02T16:15:00Z,2025-03-02,2025-03-02_18,0.0,100,100,0,168.3850476521738,170.0764572173912,0.009290751207729469,0.7605,2.737,True,True,False,False,0.0,0.0,181.60353662212398,189.89249472520848,152.76995518939012,-198.46371164473027,325.8022748919923
2025-03-02T16:15:00Z,2025-03-02T16:30:00Z,2025-03-02,2025-03-02_18,0.0,100,100,0,170.0764572173912,170.9270076521738,0.002561915458937198,0.033,0.9634999999999999,True,True,False,False,0.0,0.0,181.60353662212398,189.89249472520848,6.534716165980107,-71.0566003215111,306.9741471918015
2025-03-02T16:30:00Z,2025-03-02T16:45:00Z,2025-03-02,2025-03-02_18,0.0,100,100,0,170.9270076521738,170.53496591304335,0.0013777826086956522,0.40850000000000003,0.056499999999999995,True,True,False,False,0.0,0.0,181.60353662212398,189.89249472520848,80.75149854315283,-4.422792524866875,447.82473736561843
2025-03-02T16:45:00Z,2025-03-02T17:00:00Z,2025-03-02,2025-03-02_18,0.0,100,100,0,170.53496591304335,166.95591113043466,0.009949485507246374,3.2939999999999996,0.0015,True,True,False,False,0.0,0.0,181.60353662212398,189.89249472520848,661.1391934090223,-0.11755249673465287,1032.51767225962
2025-03-02T17:00:00Z,2025-03-02T17:15:00Z,2025-03-02,2025-03-02_19,0.0,100,100,0,166.95591113043466,166.90960678260856,0.0004480676328502415,0.0955,0.0625,True,True,False,False,0.0,0.0,181.60353662212398,189.89249472520848,17.630856324726217,-4.895910780669145,384.23097689138956
2025-03-02T17:15:00Z,2025-03-02T17:30:00Z,2025-03-02,2025-03-02_19,0.0,100,100,0,166.90960678260856,167.1670433043477,0.0007875652173913043,0.012,0.294,True,True,False,False,0.0,0.0,181.60353662212398,189.89249472520848,2.041596302622325,-22.930582136039384,350.6070455139154
2025-03-02T17:30:00Z,2025-03-02T17:45:00Z,2025-03-02,2025-03-02_19,0.0,100,100,0,167.1670433043477,167.17650939130422,0.0003161497584541063,0.048,0.067,True,True,False,False,0.0,0.0,181.60353662212398,189.89249472520848,8.214611875816336,-5.247864362503768,374.462778860645
2025-03-02T17:45:00Z,2025-03-02T18:00:00Z,2025-03-02,2025-03-02_19,0.0,100,100,0,167.17650939130422,166.53767373913033,0.0018154323671497586,0.5945,0.008,True,True,False,False,0.0,0.0,181.60353662212398,189.89249472520848,117.27520456143876,-0.626946649251482,488.1442892595197
2025-03-02T18:00:00Z,2025-03-02T18:15:00Z,2025-03-02,2025-03-02_20,0.0,100,100,0,166.53767373913033,165.10995634782597,0.003965881642512077,1.3135,0.0,True,True,False,False,0.0,0.0,181.60353662212398,189.89249472520848,263.4744014869888,0.0,634.9704328343213
2025-03-02T18:15:00Z,2025-03-02T18:30:00Z,2025-03-02,2025-03-02_20,0.0,100,100,0,165.10995634782597,165.01836417391291,0.00034642270531400966,0.0995,0.018,True,True,False,False,0.0,0.0,181.60353662212398,189.89249472520848,17.72731508088014,-1.4106299608158344,387.81271646739674
2025-03-02T18:30:00Z,2025-03-02T18:45:00Z,2025-03-02,2025-03-02_20,0.0,100,100,0,165.01836417391291,165.17661460869553,0.0006388599033816426,0.033,0.211,True,True,False,False,0.0,0.0,181.60353662212398,189.89249472520848,5.875618004621723,-16.309560132623332,361.06208921933086
2025-03-02T18:45:00Z,2025-03-02T19:00:00Z,2025-03-02,2025-03-02_20,0.0,100,100,0,165.17661460869553,164.98163547826076,0.0006208309178743961,0.1925,0.0155,True,True,False,False,0.0,0.0,181.60353662212398,189.89249472520848,35.884645835426504,-1.2178237717271176,406.16285341103185
2025-03-02T19:00:00Z,2025-03-02T19:15:00Z,2025-03-02,2025-03-02_21,0.0,100,100,0,164.98163547826076,139.91370069565207,0.06963315217391304,23.0625,0.0,True,True,False,False,0.0,0.0,181.60353662212398,189.89249472520848,27362.12114437858,0.0,27733.61717572591
2025-03-02T19:15:00Z,2025-03-02T19:30:00Z,2025-03-02,2025-03-02_21,0.0,100,100,0,139.91370069565207,120.25772243478251,0.05459993961352656,18.0835,0.0,True,True,False,False,0.0,0.0,181.60353662212398,189.89249472520848,17418.489416658296,0.0,17789.985448005627
2025-03-02T19:30:00Z,2025-03-02T19:45:00Z,2025-03-02,2025-03-02_21,0.0,100,100,0,120.25772243478251,98.2615267826086,0.06110054347826087,20.2365,0.0,True,True,False,False,0.0,0.0,181.60353662212398,189.89249472520848,17821.49442951874,0.0,18192.990460866073
2025-03-02T19:45:00Z,2025-03-02T20:00:00Z,2025-03-02,2025-03-02_21,0.0,100,100,0,98.2615267826086,80.25174417391295,0.050027173913043475,16.569,0.0,True,True,False,False,0.0,0.0,181.60353662212398,189.89249472520848,5974.162455541043,0.0,6345.658486888375
2025-03-02T20:00:00Z,2025-03-02T20:15:00Z,2025-03-02,2025-03-02_22,64.63160464000026,0,0,0,80.25174417391295,62.68880813043462,0.04878593345410647,0.0,0.0,True,False,False,False,2863.826401598412,0.0,0.0,0.0,0.0,0.0,2863.826401598412
2025-03-02T20:15:00Z,2025-03-02T20:30:00Z,2025-03-02,2025-03-02_22,64.63160464000026,0,0,0,62.68880813043462,45.12587208695629,0.04878593345410647,0.0,0.0,True,False,False,False,2863.826401598412,0.0,0.0,0.0,0.0,0.0,2863.826401598412
2025-03-02T20:30:00Z,2025-03-02T20:45:00Z,2025-03-02,2025-03-02_22,64.63160464000026,0,0,0,45.12587208695629,27.56293604347796,0.04878593345410647,0.0,0.0,True,False,False,False,2863.826401598412,0.0,0.0,0.0,0.0,0.0,2863.826401598412
2025-03-02T20:45:00Z,2025-03-02T21:00:00Z,2025-03-02,2025-03-02_22,64.63160464000026,0,0,0,27.56293604347796,9.99999999999963,0.04878593345410647,0.0,0.0,True,False,False,False,2863.826401598412,0.0,0.0,0.0,0.0,0.0,2863.826401598412
2025-03-02T21:00:00Z,2025-03-02T21:15:00Z,2025-03-02,2025-03-02_23,-7.723290606088045e-15,0,0,0,9.99999999999963,9.999999999999632,4.934324553889585e-18,0.0,0.0,True,False,False,False,-2.5147034213422675e-13,0.0,0.0,0.0,0.0,0.0,-2.5147034213422675e-13
2025-03-02T21:15:00Z,2025-03-02T21:30:00Z,2025-03-02,2025-03-02_23,-7.723290606088045e-15,0,0,0,9.999999999999632,9.999999999999634,4.934324553889585e-18,0.0,0.0,True,False,False,False,-2.5147034213422675e-13,0.0,0.0,0.0,0.0,0.0,-2.5147034213422675e-13
2025-03-02T21:30:00Z,2025-03-02T21:45:00Z,2025-03-02,2025-03-02_23,-7.723290606088045e-15,0,0,0,9.999999999999634,9.999999999999636,4.934324553889585e-18,0.0,0.0,True,False,False,False,-2.5147034213422675e-13,0.0,0.0,0.0,0.0,0.0,-2.5147034213422675e-13
2025-03-02T21:45:00Z,2025-03-02T22:00:00Z,2025-03-02,2025-03-02_23,-7.723290606088045e-15,0,0,0,9.999999999999636,9.999999999999638,4.934324553889585e-18,0.0,0.0,True,False,False,False,-2.5147034213422675e-13,0.0,0.0,0.0,0.0,0.0,-2.5147034213422675e-13
2025-03-02T22:00:00Z,2025-03-02T22:15:00Z,2025-03-03,2025-03-02_24,-3.043620926392141e-12,0,100,0,9.999999999999638,10.000000000000338,1.9445355918616457e-15,0.0,0.0,True,True,False,False,-8.633230757711308e-11,0.0,0.0,196.58394453933488,0.0,0.0,196.58394453924853
2025-03-02T22:15:00Z,2025-03-02T22:30:00Z,2025-03-03,2025-03-02_24,-3.043620926392141e-12,0,100,0,10.000000000000338,11.272360000001038,0.003534333333335278,0.0,1.383,True,True,False,False,-8.633230757711308e-11,0.0,0.0,196.58394453933488,0.0,-100.74765236612078,95.83629217312777
2025-03-02T22:30:00Z,2025-03-02T22:45:00Z,2025-03-03,2025-03-02_24,-3.043620926392141e-12,0,100,0,11.272360000001038,13.901720000001738,0.007303777777779723,0.0,2.858,True,True,False,False,-8.633230757711308e-11,0.0,0.0,196.58394453933488,0.0,-206.00801687933287,-9.424072340084324
2025-03-02T22:45:00Z,2025-03-02T23:00:00Z,2025-03-03,2025-03-02_24,-3.043620926392141e-12,0,100,0,13.901720000001738,19.568000000002435,0.015739666666668612,0.0,6.159,True,True,False,False,-8.633230757711308e-11,0.0,0.0,196.58394453933488,0.0,573.0462807193811,769.6302252586297
2025-03-02T23:00:00Z,2025-03-02T23:15:00Z,2025-03-03,2025-03-03_1,0.0,100,100,0,19.568000000002435,28.716020000002437,0.02541116666666667,0.0,9.9435,True,True,False,False,0.0,0.0,181.27197829800062,196.58394453933488,0.0,1249.0067014970361,1626.8626243343717
2025-03-02T23:15:00Z,2025-03-02T23:30:00Z,2025-03-03,2025-03-03_1,0.0,100,100,0,28.716020000002437,35.896620000002436,0.019946111111111112,0.0,7.805,True,True,False,False,0.0,0.0,181.27197829800062,196.58394453933488,0.0,-362.49453230181854,15.36139053551696
2025-03-02T23:30:00Z,2025-03-02T23:45:00Z,2025-03-03,2025-03-03_1,0.0,100,100,0,35.896620000002436,40.974560000002434,0.014105388888888888,0.0,5.5195,True,True,False,False,0.0,0.0,181.27197829800062,196.58394453933488,0.0,-306.49334863860145,71.36257419873405
2025-03-02T23:45:00Z,2025-03-03T00:00:00Z,2025-03-03,2025-03-03_1,0.0,100,100,0,40.974560000002434,47.470138260872,0.018079504830917876,0.006,7.0675,True,True,False,False,0.0,0.0,181.27197829800062,196.58394453933488,1.0926353863156837,-370.0805164272079,8.868041796443284
2025-03-03T00:00:00Z,2025-03-03T00:15:00Z,2025-03-03,2025-03-03_2,0.0,100,100,0,47.470138260872,41.560275652176344,0.01648528502415459,5.4485,0.0135,True,True,False,False,0.0,0.0,180.42801165477746,196.58394453933488,1080.8602152114943,-1.028834823671255,1456.8433365819353
2025-03-03T00:15:00Z,2025-03-03T00:30:00Z,2025-03-03,2025-03-03_2,0.0,100,100,0,41.560275652176344,36.91734086956765,0.01289704106280193,4.2715,0.0,True,True,False,False,0.0,0.0,180.42801165477746,196.58394453933488,845.9303835024616,0.0,1222.942339696574
2025-03-03T00:30:00Z,2025-03-03T00:45:00Z,2025-03-03,2025-03-03_2,0.0,100,100,0,36.91734086956765,33.96244956521983,0.008208031400966183,2.7185,0.0,True,True,False,False,0.0,0.0,180.42801165477746,196.58394453933488,537.4649032452527,0.0,914.4768594393651
2025-03-03T00:45:00Z,2025-03-03T01:00:00Z,2025-03-03,2025-03-03_2,0.0,100,100,0,33.96244956521983,32.12072782608939,0.00512867149758454,1.6964999999999997,0.0025,True,True,False,False,0.0,0.0,180.42801165477746,196.58394453933488,335.2470132623329,-0.1964231889882448,712.062546267457
2025-03-03T01:00:00Z,2025-03-03T01:15:00Z,2025-03-03,2025-03-03_3,-8.999999999999998,100,91,0,32.12072782608939,27.398976591306784,0.021701415652173914,6.336,0.0,True,True,False,False,-239.08499999999995,0.0,180.42801165477746,178.89138953079475,1246.1797327438962,0.0,1366.4141339294686
2025-03-03T01:15:00Z,2025-03-03T01:30:00Z,2025-03-03,2025-03-03_3,-8.999999999999998,100,91,0,27.398976591306784,26.957979547828526,0.011647441787439613,2.3425,0.0,True,True,False,False,-239.08499999999995,0.0,180.42801165477746,178.89138953079475,460.00364211795437,0.0,580.2380433035266
2025-03-03T01:30:00Z,2025-03-03T01:45:00Z,2025-03-03,2025-03-03_3,-8.999999999999998,100,91,0,26.957979547828526,26.884118678263306,0.010785169082125602,2.0,0.0,True,True,False,False,-239.08499999999995,0.0,180.42801165477746,178.89138953079475,393.01637697176733,0.0,513.2507781573396
2025-03-03T01:45:00Z,2025-03-03T02:00:00Z,2025-03-03,2025-03-03_3,-8.999999999999998,100,91,0,26.884118678263306,28.411111547828522,0.007154086473429952,0.53,0.027299999999999998,True,True,False,False,-239.08499999999995,0.0,180.42801165477746,178.89138953079475,102.8054094242942,-2.143569777956395,220.89624083191006
2025-03-03T02:00:00Z,2025-03-03T02:15:00Z,2025-03-03,2025-03-03_4,-100.0,100,0,0,28.411111547828522,46.79225154782853,0.05105872222222223,5.0205,0.0,True,True,False,False,-2561.25,0.0,180.42801165477746,0.0,968.2679656385011,0.0,-1412.5540227067215
2025-03-03T02:15:00Z,2025-03-03T02:30:00Z,2025-03-03,2025-03-03_4,-100.0,100,0,0,46.79225154782853,68.51483154782852,0.060340500000000005,1.3885,0.0,True,True,False,False,-2561.25,0.0,180.42801165477746,0.0,267.6469419270572,0.0,-2113.1750464181655
2025-03-03T02:30:00Z,2025-03-03T02:45:00Z,2025-03-03,2025-03-03_4,-100.0,100,0,0,68.51483154782852,90.66889154782852,0.06153905555555556,0.9195,0.0,True,True,False,False,-2561.25,0.0,180.42801165477746,0.0,176.2145579222345,0.0,-2204.607430422988
2025-03-03T02:45:00Z,2025-03-03T03:00:00Z,2025-03-03,2025-03-03_4,-100.0,100,0,0,90.66889154782852,111.70975154782852,0.05844683333333334,2.1295,0.0,True,True,False,False,-2561.25,0.0,180.42801165477746,0.0,410.721990354667,0.0,-1970.0999979905555
2025-03-03T03:00:00Z,2025-03-03T03:15:00Z,2025-03-03,2025-03-03_5,-100.0,100,0,0,111.70975154782852,134.53909154782852,0.06341483333333332,0.1855,0.0,True,True,False,False,-2650.0,0.0,181.27197829800062,0.0,35.39257249070632,0.0,-2433.335449211293
2025-03-03T03:15:00Z,2025-03-03T03:30:00Z,2025-03-03,2025-03-03_5,-100.0,100,0,0,134.53909154782852,156.83989154782853,0.061946666666666664,0.76,0.0,True,True,False,False,-2650.0,0.0,181.27197829800062,0.0,148.88516829096756,0.0,-2319.8428534110317
2025-03-03T03:30:00Z,2025-03-03T03:45:00Z,2025-03-03,2025-03-03_5,-100.0,100,0,0,156.83989154782853,174.61199154782852,0.04936694444444444,5.6825,0.0,True,True,False,False,-2650.0,0.0,181.27197829800062,0.0,1128.9282814226867,0.0,-1339.7997402793126
2025-03-03T03:45:00Z,2025-03-03T04:00:00Z,2025-03-03,2025-03-03_5,-100.0,100,0,0,174.61199154782852,184.90403154782854,0.028589,13.813,0.0,True,True,False,False,-2650.0,0.0,181.27197829800062,0.0,3050.503833015172,0.0,581.7758113131725
2025-03-03T04:00:00Z,2025-03-03T04:15:00Z,2025-03-03,2025-03-03_6,-24.0,100,76,0,184.90403154782854,189.44437850435025,0.017047702898550725,0.9665,0.03496,True,True,False,False,-712.74,0.0,181.60353662212398,149.15181352356075,191.58451833618008,-2.671340210991661,-193.07147172912687
2025-03-03T04:15:00Z,2025-03-03T04:30:00Z,2025-03-03,2025-03-03_6,-24.0,100,76,0,189.44437850435025,181.60662438261113,0.036786552560386473,12.7595,0.0,True,True,False,False,-712.74,0.0,181.60353662212398,149.15181352356075,3104.2980219029437,0.0,2722.3133720486285
2025-03-03T04:30:00Z,2025-03-03T04:45:00Z,2025-03-03,2025-03-03_6,-24.0,100,76,0,181.60662438261113,176.75982629565462,0.03198292801932367,9.9025,0.0,True,True,False,False,-712.74,0.0,181.60353662212398,149.15181352356075,2092.773436652266,0.0,1710.7887867979507
2025-03-03T04:45:00Z,2025-03-03T05:00:00Z,2025-03-03,2025-03-03_6,-24.0,100,76,0,176.75982629565462,158.6259389565242,0.053322655942028986,22.5945,0.0,True,True,False,False,-712.74,0.0,181.60353662212398,149.15181352356075,22407.133411835628,0.0,22025.148761981312
2025-03-03T05:00:00Z,2025-03-03T05:15:00Z,2025-03-03,2025-03-03_7,0.0,100,100,0,158.6259389565242,159.12753200000247,0.011468797101449275,1.6685,2.5165,True,True,False,False,0.0,0.0,188.89781975283836,190.28433638099068,350.08023430121574,-117.41104571485987,611.8513447201849
2025-03-03T05:15:00Z,2025-03-03T05:30:00Z,2025-03-03,2025-03-03_7,0.0,100,100,0,159.12753200000247,149.60470591304596,0.026452294685990335,8.761,0.0,True,True,False,False,0.0,0.0,188.89781975283836,190.28433638099068,1958.0804191700995,0.0,2337.2625753039283
2025-03-03T05:30:00Z,2025-03-03T05:45:00Z,2025-03-03,2025-03-03_7,0.0,100,100,0,149.60470591304596,147.77887026087205,0.005879321256038648,1.8135,0.158,True,True,False,False,0.0,0.0,188.89781975283836,190.28433638099068,386.6641461870792,-11.579925248668744,754.2663770722395
2025-03-03T05:45:00Z,2025-03-03T06:00:00Z,2025-03-03,2025-03-03_7,0.0,100,100,0,147.77887026087205,147.64706678261118,0.0013730096618357487,0.288,0.197,True,True,False,False,0.0,0.0,188.89781975283836,190.28433638099068,56.312695267758464,-14.51030784688034,420.98454355470716
2025-03-03T06:00:00Z,2025-03-03T06:15:00Z,2025-03-03,2025-03-03_8,100.0,0,100,0,147.64706678261118,125.60630591304597,0.06122433574879226,0.0,4.7225,True,True,False,False,4075.0,0.0,0.0,190.28433638099068,0.0,-214.12241083090527,4051.1619255500855
2025-03-03T06:15:00Z,2025-03-03T06:30:00Z,2025-03-03,2025-03-03_8,100.0,0,100,0,125.60630591304597,99.78728417391554,0.07171950483091788,0.0,1.2465,True,True,False,False,4075.0,0.0,0.0,190.28433638099068,0.0,-90.45309343916406,4174.8312429418265
2025-03-03T06:30:00Z,2025-03-03T06:45:00Z,2025-03-03,2025-03-03_8,100.0,0,100,0,99.78728417391554,77.2986972173938,0.06246829710144927,0.0,4.3105,True,True,False,False,4075.0,0.0,0.0,190.28433638099068,0.0,-174.48755018587363,4090.796786195117
2025-03-03T06:45:00Z,2025-03-03T07:00:00Z,2025-03-03,2025-03-03_8,100.0,0,100,0,77.2986972173938,73.5236972173938,0.010486111111111104,0.0,21.527,True,True,False,False,4075.0,0.0,0.0,190.28433638099068,0.0,20156.928543755654,24422.212880136645
2025-03-03T07:00:00Z,2025-03-03T07:15:00Z,2025-03-03,2025-03-03_9,99.27699310574856,0,100,0,73.5236972173938,56.58780689936904,0.047385905934544656,0.0,9.2485,True,True,False,False,3665.554777947001,0.0,0.0,190.28433638099068,0.0,3573.4408752135037,7429.2799895414955
2025-03-03T07:15:00Z,2025-03-03T07:30:00Z,2025-03-03,2025-03-03_9,99.27699310574856,0,100,0,56.58780689936904,49.30260025280798,0.020906914126989348,0.0,18.137,True,True,False,False,3665.554777947001,0.0,0.0,190.28433638099068,0.0,15085.698033557723,18941.537147885716
2025-03-03T07:30:00Z,2025-03-03T07:45:00Z,2025-03-03,2025-03-03_9,99.27699310574856,0,100,0,49.30260025280798,39.25090409790586,0.028497449214535155,0.0,15.589,True,True,False,False,3665.554777947001,0.0,0.0,190.28433638099068,0.0,12050.552300612882,15906.391414940874
2025-03-03T07:45:00Z,2025-03-03T08:00:00Z,2025-03-03,2025-03-03_9,99.27699310574856,0,100,0,39.25090409790586,17.995902608695562,0.05923643520387638,0.0,5.2705,True,True,False,False,3665.554777947001,0.0,0.0,190.28433638099068,0.0,1359.8853760675174,5215.724490395509
2025-03-03T08:00:00Z,2025-03-03T08:15:00Z,2025-03-03,2025-03-03_10,0.0,100,100,0,17.995902608695562,9.999999999999911,0.02221850724637681,7.3575,0.0015,True,True,False,False,0.0,0.0,181.60353662212398,196.58394453933488,1472.4122028534111,-0.11755249673465287,1850.4821315181352
2025-03-03T08:15:00Z,2025-03-03T08:30:00Z,2025-03-03,2025-03-03_10,0.0,100,100,0,9.999999999999911,10.325155652173825,0.0012715676328502418,0.061,0.4255,True,True,False,False,0.0,0.0,181.60353662212398,196.58394453933488,11.253087310358685,-28.644661710037177,360.7959067617804
2025-03-03T08:30:00Z,2025-03-03T08:45:00Z,2025-03-03,2025-03-03_10,0.0,100,100,0,10.325155652173825,13.00219391304339,0.007541893719806764,0.0175,2.9305,True,True,False,False,0.0,0.0,181.60353662212398,196.58394453933488,2.9448422586154934,-175.48904561438763,205.64327780568672
2025-03-03T08:45:00Z,2025-03-03T09:00:00Z,2025-03-03,2025-03-03_10,0.0,100,100,0,13.00219391304339,14.784721739130347,0.0054828671497584545,0.088,2.0415,True,True,False,False,0.0,0.0,181.60353662212398,196.58394453933488,16.277108811413644,-132.95778971164478,261.50680026122774
2025-03-03T09:00:00Z,2025-03-03T09:15:00Z,2025-03-03,2025-03-03_11,-100.0,100,0,0,14.784721739130347,24.579501739130347,0.02720772222222222,14.3535,0.0,True,True,False,False,-1158.5,0.0,181.27197829800062,0.0,12439.966312970966,0.0,11462.738291268966
2025-03-03T09:15:00Z,2025-03-03T09:30:00Z,2025-03-03,2025-03-03_11,-100.0,100,0,0,24.579501739130347,46.045861739130345,0.05962877777777778,1.667,0.0,True,True,False,False,-1158.5,0.0,181.27197829800062,0.0,230.28986134833724,0.0,-746.9381603536622
2025-03-03T09:30:00Z,2025-03-03T09:45:00Z,2025-03-03,2025-03-03_11,-100.0,100,0,0,46.045861739130345,68.93132173913035,0.06357072222222222,0.1245,0.0,True,True,False,False,-1158.5,0.0,181.27197829800062,0.0,17.02696674369537,0.0,-960.201054958304
2025-03-03T09:45:00Z,2025-03-03T10:00:00Z,2025-03-03,2025-03-03_11,-100.0,100,0,0,68.93132173913035,91.73444173913036,0.06334200000000001,0.214,0.0,True,True,False,False,-1158.5,0.0,181.27197829800062,0.0,29.267236009243447,0.0,-947.960785692756
2025-03-03T10:00:00Z,2025-03-03T10:15:00Z,2025-03-03,2025-03-03_12,-100.0,100,0,0,91.73444173913036,96.52304173913036,0.013301666666666663,19.795,0.0,True,True,False,False,-1652.4999999999998,0.0,181.27197829800062,0.0,23320.26018587361,0.0,21849.03216417161
2025-03-03T10:15:00Z,2025-03-03T10:30:00Z,2025-03-03,2025-03-03_12,-100.0,100,0,0,96.52304173913036,97.04744173913036,0.0014566666666666695,24.43,0.0,True,True,False,False,-1652.4999999999998,0.0,181.27197829800062,0.0,27206.738394453932,0.0,25735.510372751934
2025-03-03T10:30:00Z,2025-03-03T10:45:00Z,2025-03-03,2025-03-03_12,-100.0,100,0,0,97.04744173913036,105.23774173913037,0.022750833333333335,16.0975,0.0,True,True,False,False,-1652.4999999999998,0.0,181.27197829800062,0.0,7982.716770822867,0.0,6511.488749120868
2025-03-03T10:45:00Z,2025-03-03T11:00:00Z,2025-03-03,2025-03-03_12,-100.0,100,0,0,105.23774173913037,114.73674173913037,0.026386111111111107,14.675000000000002,0.0,True,True,False,False,-1652.4999999999998,0.0,181.27197829800062,0.0,5606.4456696473435,0.0,4135.217647945345
2025-03-03T11:00:00Z,2025-03-03T11:15:00Z,2025-03-03,2025-03-03_13,-12.809290354317092,100,87,0,114.73674173913037,100.46325801078109,0.04543608794505853,16.16,0.0,True,True,False,False,-224.1305579746633,0.0,181.27197829800062,170.739576007234,7909.388847583644,0.0,8037.269843914215
2025-03-03T11:15:00Z,2025-03-03T11:30:00Z,2025-03-03,2025-03-03_13,-12.809290354317092,100,87,0,100.46325801078109,91.86606874133835,0.033156174589209934,10.833,0.0,True,True,False,False,-224.1305579746633,0.0,181.27197829800062,170.739576007234,9265.302834924145,0.0,9393.183831254717
2025-03-03T11:30:00Z,2025-03-03T11:45:00Z,2025-03-03,2025-03-03_13,-12.809290354317092,100,87,0,91.86606874133835,94.7188495749967,0.00886421860024387,0.1785,0.10526999999999999,True,True,False,False,-224.1305579746633,0.0,181.27197829800062,170.739576007234,28.634247965437556,-7.777901396563849,148.73734289944503
2025-03-03T11:45:00Z,2025-03-03T12:00:00Z,2025-03-03,2025-03-03_13,-12.809290354317092,100,87,0,94.7188495749967,97.76574086956515,0.010309018314067653,0.3505,0.515475,True,True,False,False,-224.1305579746633,0.0,181.27197829800062,170.739576007234,56.22579222345021,-37.45488065407415,146.6519078999474
2025-03-03T12:00:00Z,2025-03-03T12:15:00Z,2025-03-03,2025-03-03_14,0.0,100,100,0,97.76574086956515,101.50186086956515,0.010378111111111112,0.0,4.061,True,True,False,False,0.0,0.0,181.27197829800062,196.25238621521152,0.0,-293.99714156535714,83.527222947855
2025-03-03T12:15:00Z,2025-03-03T12:30:00Z,2025-03-03,2025-03-03_14,0.0,100,100,0,101.50186086956515,119.34572086956516,0.04956627777777778,0.0,19.3955,True,True,False,False,0.0,0.0,181.27197829800062,196.25238621521152,0.0,11932.151353662211,12309.675718175424
2025-03-03T12:30:00Z,2025-03-03T12:45:00Z,2025-03-03,2025-03-03_14,0.0,100,100,0,119.34572086956516,121.03138695652167,0.005805594202898551,0.186,2.052,True,True,False,False,0.0,0.0,181.27197829800062,196.25238621521152,26.005988144278106,-115.18744177634883,288.3429108811414
2025-03-03T12:45:00Z,2025-03-03T13:00:00Z,2025-03-03,2025-03-03_14,0.0,100,100,0,121.03138695652167,122.22782173913038,0.003640458937198068,0.0525,1.3625,True,True,False,False,0.0,0.0,181.27197829800062,196.25238621521152,7.3403998794333365,-77.05811564352456,307.80664874912094
2025-03-03T13:00:00Z,2025-03-03T13:15:00Z,2025-03-03,2025-03-03_15,0.0,100,100,0,122.22782173913038,144.36026173913038,0.061479,0.0,24.057,True,True,False,False,0.0,0.0,181.27197829800062,196.25238621521152,0.0,22736.980590575706,23114.504955088916
2025-03-03T13:15:00Z,2025-03-03T13:30:00Z,2025-03-03,2025-03-03_15,0.0,100,100,0,144.36026173913038,163.92268173913038,0.054340055555555565,0.0,21.2635,True,True,False,False,0.0,0.0,181.27197829800062,196.25238621521152,0.0,17323.65310358686,17701.17746810007
2025-03-03T13:30:00Z,2025-03-03T13:45:00Z,2025-03-03,2025-03-03_15,0.0,100,100,0,163.92268173913038,164.71747999999994,0.002244004830917875,0.006,0.8710000000000001,True,True,False,False,0.0,0.0,181.27197829800062,196.25238621521152,0.8389028433638099,-63.50222706721592,314.86104028936
2025-03-03T13:45:00Z,2025-03-03T14:00:00Z,2025-03-03,2025-03-03_15,0.0,100,100,0,164.71747999999994,168.37953999999993,0.01017238888888889,0.0,3.9805,True,True,False,False,0.0,0.0,181.27197829800062,196.25238621521152,0.0,-260.5069879433336,117.01737656987851
2025-03-03T14:00:00Z,2025-03-03T14:15:00Z,2025-03-03,2025-03-03_16,0.0,100,100,0,168.37953999999993,187.99255999999994,0.05448061111111112,0.0,21.3185,True,True,False,False,0.0,0.0,181.60353662212398,196.25238621521152,0.0,19538.798291771327,19916.65421460866
2025-03-03T14:15:00Z,2025-03-03T14:30:00Z,2025-03-03,2025-03-03_16,0.0,100,100,0,187.99255999999994,189.48478260869558,0.0070073816425120766,0.4739999999999999,2.182,True,True,False,False,0.0,0.0,181.60353662212398,196.25238621521152,92.76265246659297,-127.5434136441274,343.0751616598011
2025-03-03T14:30:00Z,2025-03-03T14:45:00Z,2025-03-03,2025-03-03_16,0.0,100,100,0,189.48478260869558,189.26850608695645,0.0011323236714975845,0.287,0.104,True,True,False,False,0.0,0.0,181.60353662212398,196.25238621521152,53.36475635486788,-7.739175725911786,423.4815034662916
2025-03-03T14:45:00Z,2025-03-03T15:00:00Z,2025-03-03,2025-03-03_16,0.0,100,100,0,189.26850608695645,188.8149234782608,0.003099951690821256,0.722,0.36,True,True,False,False,0.0,0.0,181.60353662212398,196.25238621521152,136.91551572390233,-26.087611775344115,488.6838267858937
2025-03-03T15:00:00Z,2025-03-03T15:15:00Z,2025-03-03,2025-03-03_17,-1.2881266540643843,0,0,0,188.8149234782608,189.1111926086956,0.0008229698067633566,0.0,0.0,True,False,False,False,-48.916609688094994,0.0,0.0,0.0,0.0,0.0,-48.916609688094994
2025-03-03T15:15:00Z,2025-03-03T15:30:00Z,2025-03-03,2025-03-03_17,-1.2881266540643843,0,0,0,189.1111926086956,189.4074617391304,0.0008229698067633566,0.0,0.0,True,False,False,False,-48.916609688094994,0.0,0.0,0.0,0.0,0.0,-48.916609688094994
2025-03-03T15:30:00Z,2025-03-03T15:45:00Z,2025-03-03,2025-03-03_17,-1.2881266540643843,0,0,0,189.4074617391304,189.70373086956522,0.0008229698067633566,0.0,0.0,True,False,False,False,-48.916609688094994,0.0,0.0,0.0,0.0,0.0,-48.916609688094994
2025-03-03T15:45:00Z,2025-03-03T16:00:00Z,2025-03-03,2025-03-03_17,-1.2881266540643843,0,0,0,189.70373086956522,190.00000000000003,0.0008229698067633566,0.0,0.0,True,False,False,False,-48.916609688094994,0.0,0.0,0.0,0.0,0.0,-48.916609688094994
2025-03-03T16:00:00Z,2025-03-03T16:15:00Z,2025-03-03,2025-03-03_18,-21.807978775960727,100,78,0,190.00000000000003,190.00000000000003,0.022543949597474355,4.7745,0.0,True,True,False,False,-1090.2898989041564,0.0,188.89781975283836,148.1161458856626,1161.9289974881945,0.0,408.653064222539
2025-03-03T16:15:00Z,2025-03-03T16:30:00Z,2025-03-03,2025-03-03_18,-21.807978775960727,100,78,0,190.00000000000003,182.94242741106132,0.03466023338321796,11.4925,0.0,True,True,False,False,-1090.2898989041564,0.0,188.89781975283836,148.1161458856626,3302.6117220938418,0.0,2549.335788828186
2025-03-03T16:30:00Z,2025-03-03T16:45:00Z,2025-03-03,2025-03-03_18,-21.807978775960727,100,78,0,182.94242741106132,174.7266271086208,0.036648652983364186,12.595,0.0,True,True,False,False,-1090.2898989041564,0.0,188.89781975283836,148.1161458856626,5670.819975886668,0.0,4917.5440426210125
2025-03-03T16:45:00Z,2025-03-03T17:00:00Z,2025-03-03,2025-03-03_18,-21.807978775960727,100,78,0,174.7266271086208,156.48020711591724,0.05386899796494799,22.143,0.0,True,True,False,False,-1090.2898989041564,0.0,188.89781975283836,148.1161458856626,24600.77288596403,0.0,23847.496952698373
2025-03-03T17:00:00Z,2025-03-03T17:15:00Z,2025-03-03,2025-03-03_19,100.00000000000009,0,0,0,156.48020711591724,129.30629407243896,0.07548309178743967,0.0,0.0,True,False,False,False,7155.2500000000055,0.0,0.0,0.0,0.0,0.0,7155.2500000000055
2025-03-03T17:15:00Z,2025-03-03T17:30:00Z,2025-03-03,2025-03-03_19,100.00000000000009,0,0,0,129.30629407243896,102.13238102896068,0.07548309178743967,0.0,0.0,True,False,False,False,7155.2500000000055,0.0,0.0,0.0,0.0,0.0,7155.2500000000055
2025-03-03T17:30:00Z,2025-03-03T17:45:00Z,2025-03-03,2025-03-03_19,100.00000000000009,0,0,0,102.13238102896068,74.9584679854824,0.07548309178743967,0.0,0.0,True,False,False,False,7155.2500000000055,0.0,0.0,0.0,0.0,0.0,7155.2500000000055
2025-03-03T17:45:00Z,2025-03-03T18:00:00Z,2025-03-03,2025-03-03_19,100.00000000000009,0,0,0,74.9584679854824,47.78455494200412,0.07548309178743967,0.0,0.0,True,False,False,False,7155.2500000000055,0.0,0.0,0.0,0.0,0.0,7155.2500000000055
2025-03-03T18:00:00Z,2025-03-03T18:15:00Z,2025-03-03,2025-03-03_20,-6.8938489035109844,100,93,0,47.78455494200412,33.02980164134269,0.04444059226628189,15.194000000000003,0.0,True,True,False,False,-341.55574392445175,0.0,188.89781975283836,176.6000200944439,5974.589778760174,0.0,5998.531874683005
2025-03-03T18:15:00Z,2025-03-03T18:30:00Z,2025-03-03,2025-03-03_20,-6.8938489035109844,100,93,0,33.02980164134269,19.795192380319325,0.040716019877904124,13.780500000000002,0.0,True,True,False,False,-341.55574392445175,0.0,188.89781975283836,176.6000200944439,4262.971991459862,0.0,4286.914087382693
2025-03-03T18:30:00Z,2025-03-03T18:45:00Z,2025-03-03,2025-03-03_20,-6.8938489035109844,100,93,0,19.795192380319325,16.995105612814463,0.015149933144097742,4.078,0.0,True,True,False,False,-341.55574392445175,0.0,188.89781975283836,176.6000200944439,931.2737626846179,0.0,955.2158586074484
2025-03-03T18:45:00Z,2025-03-03T19:00:00Z,2025-03-03,2025-03-03_20,-6.8938489035109844,100,93,0,16.995105612814463,11.147202638493685,0.0226175229203005,6.912,0.0,True,True,False,False,-341.55574392445175,0.0,188.89781975283836,176.6000200944439,1939.0378812418367,0.0,1962.9799771646672
2025-03-03T19:00:00Z,2025-03-03T19:15:00Z,2025-03-03,2025-03-03_21,-21.01206739672235,0,0,0,11.147202638493685,15.979978139739826,0.013424376392350392,0.0,0.0,True,False,False,False,-939.55459364444,0.0,0.0,0.0,0.0,0.0,-939.55459364444
2025-03-03T19:15:00Z,2025-03-03T19:30:00Z,2025-03-03,2025-03-03_21,-21.01206739672235,0,0,0,15.979978139739826,20.812753640985967,0.013424376392350392,0.0,0.0,True,False,False,False,-939.55459364444,0.0,0.0,0.0,0.0,0.0,-939.55459364444
2025-03-03T19:30:00Z,2025-03-03T19:45:00Z,2025-03-03,2025-03-03_21,-21.01206739672235,0,0,0,20.812753640985967,25.645529142232107,0.013424376392350392,0.0,0.0,True,False,False,False,-939.55459364444,0.0,0.0,0.0,0.0,0.0,-939.55459364444
2025-03-03T19:45:00Z,2025-03-03T20:00:00Z,2025-03-03,2025-03-03_21,-21.01206739672235,0,0,0,25.645529142232107,30.478304643478246,0.013424376392350392,0.0,0.0,True,False,False,False,-939.55459364444,0.0,0.0,0.0,0.0,0.0,-939.55459364444
2025-03-03T20:00:00Z,2025-03-03T20:15:00Z,2025-03-03,2025-03-03_22,0.0,100,100,0,30.478304643478246,17.050338556521723,0.03734079468599034,12.3605,0.008,True,True,False,False,0.0,0.0,181.60353662212398,196.25238621521152,6144.779227268161,-0.626343815934894,6522.008806289561
2025-03-03T20:15:00Z,2025-03-03T20:30:00Z,2025-03-03,2025-03-03_22,0.0,100,100,0,17.050338556521723,11.69954986086955,0.014970635265700484,4.9405,0.021,True,True,False,False,0.0,0.0,181.60353662212398,196.25238621521152,1207.3315230583744,-1.5724913091530193,1583.614954586557
2025-03-03T20:30:00Z,2025-03-03T20:45:00Z,2025-03-03,2025-03-03_22,0.0,100,100,0,11.69954986086955,12.57292290434781,0.002432074879227053,0.001,0.9504999999999999,True,True,False,False,0.0,0.0,181.60353662212398,196.25238621521152,0.1687933286446298,-69.60433286446298,308.4203833015172
2025-03-03T20:45:00Z,2025-03-03T21:00:00Z,2025-03-03,2025-03-03_22,0.0,100,100,0,12.57292290434781,16.67888290434781,0.011405444444444445,0.0,4.463,True,True,False,False,0.0,0.0,181.60353662212398,196.25238621521152,0.0,-280.92910197930274,96.92682085803276
2025-03-03T21:00:00Z,2025-03-03T21:15:00Z,2025-03-03,2025-03-03_23,-14.0,100,86,0,16.67888290434781,12.35686293913042,0.02491310879227053,7.109,0.020640000000000002,True,True,False,False,-549.57,0.0,181.60353662212398,169.062192303828,1671.4213961619612,-1.5042460202953887,1471.0128790676176
2025-03-03T21:15:00Z,2025-03-03T21:30:00Z,2025-03-03,2025-03-03_23,-14.0,100,86,0,12.35686293913042,15.480517756521722,0.009518123285024157,0.162,0.08256000000000001,True,True,False,False,-549.57,0.0,181.60353662212398,169.062192303828,31.641808098060892,-6.461197194815634,-173.72366017080282
2025-03-03T21:30:00Z,2025-03-03T21:45:00Z,2025-03-03,2025-03-03_23,-14.0,100,86,0,15.480517756521722,12.474836956521722,0.02204949777777778,5.8535,0.0,True,True,False,False,-549.57,0.0,181.60353662212398,169.062192303828,1324.8176619109818,0.0,1125.9133908369338
2025-03-03T21:45:00Z,2025-03-03T22:00:00Z,2025-03-03,2025-03-03_23,-14.0,100,86,0,12.474836956521722,12.879001999999982,0.014871774879227053,2.6475,0.0,True,True,False,False,-549.57,0.0,181.60353662212398,169.062192303828,547.2736014267056,0.0,348.36933035265747
2025-03-03T22:00:00Z,2025-03-03T22:15:00Z,2025-03-04,2025-03-03_24,-84.169962706192,100,15,0,12.879001999999982,16.40243871522415,0.025781779764511306,16.732,0.0,True,True,False,False,-3182.2558650143537,0.0,178.40639691405153,29.554586732028767,16127.000408245269,0.0,13152.705526876995
2025-03-03T22:15:00Z,2025-03-03T22:30:00Z,2025-03-04,2025-03-03_24,-84.169962706192,100,15,0,16.40243871522415,33.53079632549971,0.04983187487766794,2.357,0.0,True,True,False,False,-3182.2558650143537,0.0,178.40639691405153,29.554586732028767,491.4184469803512,0.0,-2482.8764343879225
2025-03-03T22:30:00Z,2025-03-03T22:45:00Z,2025-03-04,2025-03-03_24,-84.169962706192,100,15,0,33.53079632549971,46.17686486732564,0.04190830962856118,7.092999999999999,0.0,True,True,False,False,-3182.2558650143537,0.0,178.40639691405153,29.554586732028767,1905.4895469522237,0.0,-1068.8053344160498
2025-03-03T22:45:00Z,2025-03-03T23:00:00Z,2025-03-04,2025-03-03_24,-84.169962706192,100,15,0,46.17686486732564,60.18389871329654,0.044314155664924255,5.655,0.0,True,True,False,False,-3182.2558650143537,0.0,178.40639691405153,29.554586732028767,1646.9940390565353,0.0,-1327.3008423117383
2025-03-03T23:00:00Z,2025-03-03T23:15:00Z,2025-03-04,2025-03-04_1,-12.942738584357995,100,86,0,60.18389871329654,42.96865952322633,0.05181997593587808,18.9535,0.0,True,True,False,False,-413.26164299855077,0.0,178.40639691405153,169.4462972636316,21314.572840036963,0.0,21249.163891216096
2025-03-03T23:15:00Z,2025-03-03T23:30:00Z,2025-03-04,2025-03-04_1,-12.942738584357995,100,86,0,42.96865952322633,38.33890627998106,0.02467513268830926,7.139999999999999,0.0,True,True,False,False,-413.26164299855077,0.0,178.40639691405153,169.4462972636316,3486.38536987182,0.0,3420.976421050952
2025-03-03T23:30:00Z,2025-03-03T23:45:00Z,2025-03-04,2025-03-04_1,-12.942738584357995,100,86,0,38.33890627998106,32.57402498185434,0.027123419011607572,8.2055,0.0,True,True,False,False,-413.26164299855077,0.0,178.40639691405153,169.4462972636316,1743.822889560815,0.0,1678.4139407399473
2025-03-03T23:45:00Z,2025-03-04T00:00:00Z,2025-03-04,2025-03-04_1,-12.942738584357995,100,86,0,32.57402498185434,23.439448669565245,0.034391302297006494,11.3685,0.0,True,True,False,False,-413.26164299855077,0.0,178.40639691405153,169.4462972636316,2730.5709941937557,0.0,2665.1620453728883
2025-03-04T00:00:00Z,2025-03-04T00:15:00Z,2025-03-04,2025-03-04_2,-49.0,100,51,0,23.439448669565245,19.17639673913046,0.035750489806763285,15.4535,0.0,True,True,False,False,-1493.8875,0.0,178.40639691405153,100.48559488889781,9426.995149073813,0.0,8211.999640876762
2025-03-04T00:15:00Z,2025-03-04T00:30:00Z,2025-03-04,2025-03-04_2,-49.0,100,51,0,19.17639673913046,13.807682200000027,0.03606688594202898,16.5535,0.0,True,True,False,False,-1493.8875,0.0,178.40639691405153,100.48559488889781,11819.077278197452,0.0,10604.0817700004
2025-03-04T00:30:00Z,2025-03-04T00:45:00Z,2025-03-04,2025-03-04_2,-49.0,100,51,0,13.807682200000027,18.4909484956522,0.033190413623188406,6.553000000000001,0.0,True,True,False,False,-1493.8875,0.0,178.40639691405153,100.48559488889781,3606.1669558403983,0.0,2391.1714476433476
2025-03-04T00:45:00Z,2025-03-04T01:00:00Z,2025-03-04,2025-03-04_2,-49.0,100,51,0,18.4909484956522,30.2006958956522,0.03259790944444444,0.023,0.503115,True,True,False,False,-1493.8875,0.0,178.40639691405153,100.48559488889781,4.057239924458552,-37.07327013701932,-1248.0115384096114
2025-03-04T01:00:00Z,2025-03-04T01:15:00Z,2025-03-04,2025-03-04_3,-100.0,100,0,0,30.2006958956522,53.197475895652204,0.06387994444444445,0.0035000000000000005,0.0,True,True,False,False,-2758.5,0.0,178.40639691405153,0.0,0.5906698276208463,0.0,-2579.5029332583276
2025-03-04T01:15:00Z,2025-03-04T01:30:00Z,2025-03-04,2025-03-04_3,-100.0,100,0,0,53.197475895652204,76.14687589565222,0.06374833333333334,0.055,0.0,True,True,False,False,-2758.5,0.0,178.40639691405153,0.0,10.304173865873748,0.0,-2569.789429220075
2025-03-04T01:30:00Z,2025-03-04T01:45:00Z,2025-03-04,2025-03-04_3,-100.0,100,0,0,76.14687589565222,94.34355589565222,0.05054633333333333,5.221,0.0,True,True,False,False,-2758.5,0.0,178.40639691405153,0.0,1048.3968137983686,0.0,-1531.6967892875798
2025-03-04T01:45:00Z,2025-03-04T02:00:00Z,2025-03-04,2025-03-04_3,-100.0,100,0,0,94.34355589565222,115.98793589565221,0.060123277777777775,1.4735,0.0,True,True,False,False,-2758.5,0.0,178.40639691405153,0.0,295.5164730582232,0.0,-2284.577130027725
2025-03-04T02:00:00Z,2025-03-04T02:15:00Z,2025-03-04,2025-03-04_4,-100.0,100,0,0,115.98793589565221,135.6096958956522,0.054504888888888894,3.672,0.0,True,True,False,False,-2692.25,0.0,178.40639691405153,0.0,727.8408020251537,0.0,-1786.0028010607948
2025-03-04T02:15:00Z,2025-03-04T02:30:00Z,2025-03-04,2025-03-04_4,-100.0,100,0,0,135.6096958956522,154.3602158956522,0.052084777777777785,4.619,0.0,True,True,False,False,-2692.25,0.0,178.40639691405153,0.0,921.8205876562059,0.0,-1592.0230154297426
2025-03-04T02:30:00Z,2025-03-04T02:45:00Z,2025-03-04,2025-03-04_4,-100.0,100,0,0,154.3602158956522,167.5934958956522,0.03675911111111112,10.616,0.0,True,True,False,False,-2692.25,0.0,178.40639691405153,0.0,3885.425287097681,0.0,1371.5816840117327
2025-03-04T02:45:00Z,2025-03-04T03:00:00Z,2025-03-04,2025-03-04_4,-100.0,100,0,0,167.5934958956522,181.54391589565222,0.03875116666666668,9.8365,0.0,True,True,False,False,-2692.25,0.0,178.40639691405153,0.0,3100.7247141077664,0.0,586.881111021818
2025-03-04T03:00:00Z,2025-03-04T03:15:00Z,2025-03-04,2025-03-04_5,-66.39141915858866,100,33,0,181.54391589565222,182.70229520109228,0.03255825490788205,14.457,0.0,True,True,False,False,-2034.8969972107425,0.0,178.40639691405153,65.02009081046329,5916.013293687467,0.0,4124.54278420124
2025-03-04T03:15:00Z,2025-03-04T03:30:00Z,2025-03-04,2025-03-04_5,-66.39141915858866,100,33,0,182.70229520109228,180.74785423917385,0.030383619159377845,17.646,0.0,True,True,False,False,-2034.8969972107425,0.0,178.40639691405153,65.02009081046329,16304.791970908507,0.0,14513.32146142228
2025-03-04T03:30:00Z,2025-03-04T03:45:00Z,2025-03-04,2025-03-04_5,-66.39141915858866,100,33,0,180.74785423917385,182.9799564339505,0.033308364447974435,13.357,0.0,True,True,False,False,-2034.8969972107425,0.0,178.40639691405153,65.02009081046329,4812.335979025193,0.0,3020.865469538966
2025-03-04T03:45:00Z,2025-03-04T04:00:00Z,2025-03-04,2025-03-04_5,-66.39141915858866,100,33,0,182.9799564339505,189.63433276521747,0.0363977928765095,8.8265,0.0,True,True,False,False,-2034.8969972107425,0.0,178.40639691405153,65.02009081046329,2976.5754873026076,0.0,1185.10497781638
2025-03-04T04:00:00Z,2025-03-04T04:15:00Z,2025-03-04,2025-03-04_6,-1.2357264969740872e-13,0,0,0,189.63433276521747,189.6343327652175,7.894919286223336e-17,0.0,0.0,True,False,False,False,-5.2472036377762175e-12,0.0,0.0,0.0,0.0,0.0,-5.2472036377762175e-12
2025-03-04T04:15:00Z,2025-03-04T04:30:00Z,2025-03-04,2025-03-04_6,-1.2357264969740872e-13,0,0,0,189.6343327652175,189.63433276521752,7.894919286223336e-17,0.0,0.0,True,False,False,False,-5.2472036377762175e-12,0.0,0.0,0.0,0.0,0.0,-5.2472036377762175e-12
2025-03-04T04:30:00Z,2025-03-04T04:45:00Z,2025-03-04,2025-03-04_6,-1.2357264969740872e-13,0,0,0,189.63433276521752,189.63433276521755,7.894919286223336e-17,0.0,0.0,True,False,False,False,-5.2472036377762175e-12,0.0,0.0,0.0,0.0,0.0,-5.2472036377762175e-12
2025-03-04T04:45:00Z,2025-03-04T05:00:00Z,2025-03-04,2025-03-04_6,-1.2357264969740872e-13,0,0,0,189.63433276521755,189.63433276521758,7.894919286223336e-17,0.0,0.0,True,False,False,False,-5.2472036377762175e-12,0.0,0.0,0.0,0.0,0.0,-5.2472036377762175e-12
2025-03-04T05:00:00Z,2025-03-04T05:15:00Z,2025-03-04,2025-03-04_7,100.00000000000009,0,0,0,189.63433276521758,162.4604197217393,0.07548309178743967,0.0,0.0,True,False,False,False,4798.500000000004,0.0,0.0,0.0,0.0,0.0,4798.500000000004
2025-03-04T05:15:00Z,2025-03-04T05:30:00Z,2025-03-04,2025-03-04_7,100.00000000000009,0,0,0,162.4604197217393,135.28650667826102,0.07548309178743967,0.0,0.0,True,False,False,False,4798.500000000004,0.0,0.0,0.0,0.0,0.0,4798.500000000004
2025-03-04T05:30:00Z,2025-03-04T05:45:00Z,2025-03-04,2025-03-04_7,100.00000000000009,0,0,0,135.28650667826102,108.11259363478274,0.07548309178743967,0.0,0.0,True,False,False,False,4798.500000000004,0.0,0.0,0.0,0.0,0.0,4798.500000000004
2025-03-04T05:45:00Z,2025-03-04T06:00:00Z,2025-03-04,2025-03-04_7,100.00000000000009,0,0,0,108.11259363478274,80.93868059130446,0.07548309178743967,0.0,0.0,True,False,False,False,4798.500000000004,0.0,0.0,0.0,0.0,0.0,4798.500000000004
2025-03-04T06:00:00Z,2025-03-04T06:15:00Z,2025-03-04,2025-03-04_8,83.0,17,100,0,80.93868059130446,58.499056234782714,0.0625681932125604,0.15886499999999998,0.2715,True,True,False,False,3711.1375,0.0,31.891650259171453,189.85815887812913,31.900860567766294,-19.801979648009002,3944.9861900570577
2025-03-04T06:15:00Z,2025-03-04T06:30:00Z,2025-03-04,2025-03-04_8,83.0,17,100,0,58.499056234782714,37.126171304347935,0.06042525925120772,0.09681500000000001,1.2155,True,True,False,False,3711.1375,0.0,31.891650259171453,189.85815887812913,19.366209401494757,-78.76231938361393,3873.491199155181
2025-03-04T06:30:00Z,2025-03-04T06:45:00Z,2025-03-04,2025-03-04_8,83.0,17,100,0,37.126171304347935,20.37598424347837,0.05129241516908212,0.0,5.483,True,True,False,False,3711.1375,0.0,31.891650259171453,189.85815887812913,0.0,-384.05234741029443,3548.834961727006
2025-03-04T06:45:00Z,2025-03-04T07:00:00Z,2025-03-04,2025-03-04_8,83.0,17,100,0,20.37598424347837,10.000000000000112,0.0388183106763285,0.0,11.5045,True,True,False,False,3711.1375,0.0,31.891650259171453,189.85815887812913,0.0,2175.400776208462,6108.288085345763
2025-03-04T07:00:00Z,2025-03-04T07:15:00Z,2025-03-04,2025-03-04_9,0.0,0,0,0,10.000000000000112,10.000000000000112,0.0,0.0,0.0,True,False,False,False,0.0,0.0,0.0,0.0,0.0,0.0,0.0
2025-03-04T07:15:00Z,2025-03-04T07:30:00Z,2025-03-04,2025-03-04_9,0.0,0,0,0,10.000000000000112,10.000000000000112,0.0,0.0,0.0,True,False,False,False,0.0,0.0,0.0,0.0,0.0,0.0,0.0
2025-03-04T07:30:00Z,2025-03-04T07:45:00Z,2025-03-04,2025-03-04_9,0.0,0,0,0,10.000000000000112,10.000000000000112,0.0,0.0,0.0,True,False,False,False,0.0,0.0,0.0,0.0,0.0,0.0,0.0
2025-03-04T07:45:00Z,2025-03-04T08:00:00Z,2025-03-04,2025-03-04_9,0.0,0,0,0,10.000000000000112,10.000000000000112,0.0,0.0,0.0,True,False,False,False,0.0,0.0,0.0,0.0,0.0,0.0,0.0
2025-03-04T08:00:00Z,2025-03-04T08:15:00Z,2025-03-04,2025-03-04_10,5.0,95,100,0,10.000000000000112,11.517233782608809,0.011024622826086957,0.034675,3.1385000000000005,True,True,False,False,143.66250000000002,0.0,169.48607706834895,199.32093060634065,6.45879174368144,592.2334492907944,1111.1617487091655
2025-03-04T08:15:00Z,2025-03-04T08:30:00Z,2025-03-04,2025-03-04_10,5.0,95,100,0,11.517233782608809,10.094972695652288,0.004242058574879227,0.109725,0.06,True,True,False,False,143.66250000000002,0.0,169.48607706834895,199.32093060634065,20.56593129947362,-4.622895487603969,528.4125434865592
2025-03-04T08:30:00Z,2025-03-04T08:45:00Z,2025-03-04,2025-03-04_10,5.0,95,100,0,10.094972695652288,13.40057430434794,0.015367462198067634,0.027075,5.056,True,True,False,False,143.66250000000002,0.0,169.48607706834895,199.32093060634065,4.857551131112628,-171.8790115321252,345.44804727367705
2025-03-04T08:45:00Z,2025-03-04T09:00:00Z,2025-03-04,2025-03-04_10,5.0,95,100,0,13.40057430434794,29.68420073913055,0.04704268212560387,0.0,19.004,True,True,False,False,143.66250000000002,0.0,169.48607706834895,199.32093060634065,0.0,10966.599267087233,11479.068774761923
2025-03-04T09:00:00Z,2025-03-04T09:15:00Z,2025-03-04,2025-03-04_11,-16.421959593572772,0,0,0,29.68420073913055,33.46125144565229,0.01049180751811594,0.0,0.0,True,False,False,False,-383.49381140890813,0.0,0.0,0.0,0.0,0.0,-383.49381140890813
2025-03-04T09:15:00Z,2025-03-04T09:30:00Z,2025-03-04,2025-03-04_11,-16.421959593572772,0,0,0,33.46125144565229,37.23830215217403,0.01049180751811594,0.0,0.0,True,False,False,False,-383.49381140890813,0.0,0.0,0.0,0.0,0.0,-383.49381140890813
2025-03-04T09:30:00Z,2025-03-04T09:45:00Z,2025-03-04,2025-03-04_11,-16.421959593572772,0,0,0,37.23830215217403,41.01535285869576,0.01049180751811594,0.0,0.0,True,False,False,False,-383.49381140890813,0.0,0.0,0.0,0.0,0.0,-383.49381140890813
2025-03-04T09:45:00Z,2025-03-04T10:00:00Z,2025-03-04,2025-03-04_11,-16.421959593572772,0,0,0,41.01535285869576,44.7924035652175,0.01049180751811594,0.0,0.0,True,False,False,False,-383.49381140890813,0.0,0.0,0.0,0.0,0.0,-383.49381140890813
2025-03-04T10:00:00Z,2025-03-04T10:15:00Z,2025-03-04,2025-03-04_12,65.0,35,100,0,44.7924035652175,27.134411913043586,0.049241387922705306,0.0966,0.107,True,True,False,False,1422.6875,0.0,62.44223891991803,199.32093060634065,17.023600594687988,-7.9047233495399185,1693.5695467714067
2025-03-04T10:15:00Z,2025-03-04T10:30:00Z,2025-03-04,2025-03-04_12,65.0,35,100,0,27.134411913043586,10.000000000000107,0.04852759975845411,0.00665,0.521,True,True,False,False,1422.6875,0.0,62.44223891991803,199.32093060634065,1.1624246494153574,-38.37850504279343,1647.2345891328807
2025-03-04T10:30:00Z,2025-03-04T10:45:00Z,2025-03-04,2025-03-04_12,65.0,35,100,0,10.000000000000107,13.961111826087063,0.026607406038647342,0.0,21.0245,True,True,False,False,1422.6875,0.0,62.44223891991803,199.32093060634065,0.0,18011.26007684735,19695.710746373607
2025-03-04T10:45:00Z,2025-03-04T11:00:00Z,2025-03-04,2025-03-04_12,65.0,35,100,0,13.961111826087063,10.052489565217497,0.03478009516908212,0.0,13.373,True,True,False,False,1422.6875,0.0,62.44223891991803,199.32093060634065,0.0,1529.1200938240847,3213.5707633503434
2025-03-04T11:00:00Z,2025-03-04T11:15:00Z,2025-03-04,2025-03-04_13,-81.57064554166514,100,18,0,10.052489565217497,30.05457883980048,0.05556135909606384,0.0,1.3487399999999998,True,True,False,False,-698.4486524505078,0.0,178.40639691405153,35.877767509141314,0.0,-66.1842927592719,-550.3487807865869
2025-03-04T11:15:00Z,2025-03-04T11:30:00Z,2025-03-04,2025-03-04_13,-81.57064554166514,100,18,0,30.05457883980048,49.743849714383465,0.05469241909606384,0.0,1.00872,True,True,False,False,-698.4486524505078,0.0,178.40639691405153,35.877767509141314,0.0,-63.407052131635,-547.5715401589499
2025-03-04T11:30:00Z,2025-03-04T11:45:00Z,2025-03-04,2025-03-04_13,-81.57064554166514,100,18,0,49.743849714383465,69.68880698896645,0.055402659096063844,0.0,1.28664,True,True,False,False,-698.4486524505078,0.0,178.40639691405153,35.877767509141314,0.0,-53.66100995700567,-537.8254979843206
2025-03-04T11:45:00Z,2025-03-04T12:00:00Z,2025-03-04,2025-03-04_13,-81.57064554166514,100,18,0,69.68880698896645,88.56130155652188,0.0524269346721573,0.003,0.12401999999999999,True,True,False,False,-698.4486524505078,0.0,178.40639691405153,35.877767509141314,0.3739603005585246,-9.05841342467955,-492.84894115143595
2025-03-04T12:00:00Z,2025-03-04T12:15:00Z,2025-03-04,2025-03-04_14,-100.0,100,0,0,88.56130155652188,111.56130155652188,0.06388888888888888,0.0,0.0,True,True,False,False,-673.25,0.0,178.40639691405153,0.0,0.0,0.0,-494.8436030859485
2025-03-04T12:15:00Z,2025-03-04T12:30:00Z,2025-03-04,2025-03-04_14,-100.0,100,0,0,111.56130155652188,134.5148415565219,0.06375983333333334,0.0505,0.0,True,True,False,False,-673.25,0.0,178.40639691405153,0.0,5.925587656206051,0.0,-488.9180154297424
2025-03-04T12:30:00Z,2025-03-04T12:45:00Z,2025-03-04,2025-03-04_14,-100.0,100,0,0,134.5148415565219,157.3874215565219,0.06353494444444445,0.1385,0.0,True,True,False,False,-673.25,0.0,178.40639691405153,0.0,16.25136416603046,0.0,-478.59223891991803
2025-03-04T12:45:00Z,2025-03-04T13:00:00Z,2025-03-04,2025-03-04_14,-100.0,100,0,0,157.3874215565219,180.29818155652188,0.063641,0.097,0.0,True,True,False,False,-673.25,0.0,178.40639691405153,0.0,11.381821834692811,0.0,-483.4617812512557
2025-03-04T13:00:00Z,2025-03-04T13:15:00Z,2025-03-04,2025-03-04_15,19.0,81,100,0,180.29818155652188,185.48987060000013,0.030621841545893723,0.0,10.88,True,True,False,False,309.2725,0.0,144.50918150038174,199.32093060634065,0.0,5895.093695503676,6548.196307610398
2025-03-04T13:15:00Z,2025-03-04T13:30:00Z,2025-03-04,2025-03-04_15,19.0,81,100,0,185.48987060000013,185.92533025217404,0.023143939855072463,0.0,5.8825,True,True,False,False,309.2725,0.0,144.50918150038174,199.32093060634065,0.0,-352.0695277655001,301.0330843412223
2025-03-04T13:30:00Z,2025-03-04T13:45:00Z,2025-03-04,2025-03-04_15,19.0,81,100,0,185.92533025217404,180.29746043478272,0.017297251714975845,0.779625,0.402,True,True,False,False,309.2725,0.0,144.50918150038174,199.32093060634065,120.86912913870697,-29.357210190059064,744.6145310553703
2025-03-04T13:45:00Z,2025-03-04T14:00:00Z,2025-03-04,2025-03-04_15,19.0,81,100,0,180.29746043478272,171.49558000000013,0.024449667874396133,3.34773,0.0,True,True,False,False,309.2725,0.0,144.50918150038174,199.32093060634065,560.3388692952143,0.0,1213.4414814019367
2025-03-04T14:00:00Z,2025-03-04T14:15:00Z,2025-03-04,2025-03-04_16,0.0,100,100,0,171.49558000000013,189.24468000000013,0.04930305555555556,0.0,19.2925,True,True,False,False,0.0,0.0,178.40639691405153,199.32093060634065,0.0,16022.565825531403,16400.293153051796
2025-03-04T14:15:00Z,2025-03-04T14:30:00Z,2025-03-04,2025-03-04_16,0.0,100,100,0,189.24468000000013,188.86576086956535,0.005248775362318841,1.0435,0.8210000000000001,True,True,False,False,0.0,0.0,178.40639691405153,199.32093060634065,206.19345320850243,-59.57734439667297,524.3434363322217
2025-03-04T14:30:00Z,2025-03-04T14:45:00Z,2025-03-04,2025-03-04_16,0.0,100,100,0,188.86576086956535,176.7271739130436,0.033718297101449274,11.1675,0.0,True,True,False,False,0.0,0.0,178.40639691405153,199.32093060634065,3590.4654513400574,0.0,3968.1927788604494
2025-03-04T14:45:00Z,2025-03-04T15:00:00Z,2025-03-04,2025-03-04_16,0.0,100,100,0,176.7271739130436,158.2826086956523,0.05123490338164251,16.969,0.0,True,True,False,False,0.0,0.0,178.40639691405153,199.32093060634065,9784.441858600876,0.0,10162.169186121268
2025-03-04T15:00:00Z,2025-03-04T15:15:00Z,2025-03-04,2025-03-04_17,0.0,100,100,0,158.2826086956523,169.89957565217404,0.033096647342995174,0.137,12.789,True,True,False,False,0.0,0.0,178.40639691405153,199.32093060634065,27.46493008397959,8374.207600353599,8779.399857957971
2025-03-04T15:15:00Z,2025-03-04T15:30:00Z,2025-03-04,2025-03-04_17,0.0,100,100,0,169.89957565217404,168.95843304347838,0.004106729468599034,1.113,0.292,True,True,False,False,0.0,0.0,178.40639691405153,199.32093060634065,223.0487867159561,-21.413783099610235,579.362331136738
2025-03-04T15:30:00Z,2025-03-04T15:45:00Z,2025-03-04,2025-03-04_17,0.0,100,100,0,168.95843304347838,158.86278086956534,0.028043478260869566,9.288,0.0,True,True,False,False,0.0,0.0,178.40639691405153,199.32093060634065,2798.213864266484,0.0,3175.941191786876
2025-03-04T15:45:00Z,2025-03-04T16:00:00Z,2025-03-04,2025-03-04_17,0.0,100,100,0,158.86278086956534,136.06604173913055,0.06332427536231883,20.973,0.0,True,True,False,False,0.0,0.0,178.40639691405153,199.32093060634065,17476.15444248001,0.0,17853.8817700004
2025-03-04T16:00:00Z,2025-03-04T16:15:00Z,2025-03-04,2025-03-04_18,-24.72040911075399,100,75,0,136.06604173913055,142.89753028654226,0.024826890498514394,1.287,2.70825,True,True,False,False,-1437.1827846764602,0.0,188.56230160324668,143.52372724715713,321.4800542451882,-164.05985856069432,-947.6765601415625
2025-03-04T16:15:00Z,2025-03-04T16:30:00Z,2025-03-04,2025-03-04_18,-24.72040911075399,100,75,0,142.89753028654226,150.0942390378088,0.02457763947859358,1.009,2.78925,True,True,False,False,-1437.1827846764602,0.0,188.56230160324668,143.52372724715713,256.67509362317674,-151.44012476393297,-999.8617869668126
2025-03-04T16:30:00Z,2025-03-04T16:45:00Z,2025-03-04,2025-03-04_18,-24.72040911075399,100,75,0,150.0942390378088,138.450854794138,0.042991407307229966,16.572,0.0,True,True,False,False,-1437.1827846764602,0.0,188.56230160324668,143.52372724715713,11055.535653152248,0.0,9950.438897326192
2025-03-04T16:45:00Z,2025-03-04T17:00:00Z,2025-03-04,2025-03-04_18,-24.72040911075399,100,75,0,138.450854794138,124.32867618630226,0.04688184990695041,18.9425,0.0,True,True,False,False,-1437.1827846764602,0.0,188.56230160324668,143.52372724715713,10742.426700184835,0.0,9637.329944358778
2025-03-04T17:00:00Z,2025-03-04T17:15:00Z,2025-03-04,2025-03-04_19,0.0,100,100,0,124.32867618630226,108.59008922978052,0.043718297101449276,14.479500000000002,0.0,True,True,False,False,0.0,0.0,188.56230160324668,191.36496966287618,5809.1379314501555,0.0,6189.065202716279
2025-03-04T17:15:00Z,2025-03-04T17:30:00Z,2025-03-04,2025-03-04_19,0.0,100,100,0,108.59008922978052,87.29389357760661,0.059156099033816426,19.5925,0.0,True,True,False,False,0.0,0.0,188.56230160324668,191.36496966287618,16894.5378817254,0.0,17274.46515299152
2025-03-04T17:30:00Z,2025-03-04T17:45:00Z,2025-03-04,2025-03-04_19,0.0,100,100,0,87.29389357760661,60.81400227325879,0.0735552536231884,24.3615,0.0,True,True,False,False,0.0,0.0,188.56230160324668,191.36496966287618,25357.803808916302,0.0,25737.731080182424
2025-03-04T17:45:00Z,2025-03-04T18:00:00Z,2025-03-04,2025-03-04_19,0.0,100,100,0,60.81400227325879,39.527589229780524,0.05912892512077295,19.5835,0.0,True,True,False,False,0.0,0.0,188.56230160324668,191.36496966287618,8371.141648049183,0.0,8751.068919315305
2025-03-04T18:00:00Z,2025-03-04T18:15:00Z,2025-03-04,2025-03-04_20,-26.63797925950051,100,73,0,39.527589229780524,25.19195321226443,0.047134490778934404,19.6285,0.0,True,True,False,False,-1542.6719738658235,0.0,188.56230160324668,139.6964278538996,18962.915839293608,0.0,17748.50259488493
2025-03-04T18:15:00Z,2025-03-04T18:30:00Z,2025-03-04,2025-03-04_20,-26.63797925950051,100,73,0,25.19195321226443,22.00306323039543,0.03072911100067206,8.936,0.0,True,True,False,False,-1542.6719738658235,0.0,188.56230160324668,139.6964278538996,2767.8009563225783,0.0,1553.387711913901
2025-03-04T18:30:00Z,2025-03-04T18:45:00Z,2025-03-04,2025-03-04_20,-26.63797925950051,100,73,0,22.00306323039543,12.43782794789183,0.04011358660635283,15.052499999999998,0.0,True,True,False,False,-1542.6719738658235,0.0,188.56230160324668,139.6964278538996,5657.280140736127,0.0,4442.8668963274495
2025-03-04T18:45:00Z,2025-03-04T19:00:00Z,2025-03-04,2025-03-04_20,-26.63797925950051,100,73,0,12.43782794789183,17.823879234782723,0.01810882095006678,0.7105,0.0,True,True,False,False,-1542.6719738658235,0.0,188.56230160324668,139.6964278538996,141.8080860489412,0.0,-1072.605158359736
2025-03-04T19:00:00Z,2025-03-04T19:15:00Z,2025-03-04,2025-03-04_21,-42.0,100,58,0,17.823879234782723,15.76282469565229,0.034647191497584544,11.527,0.0,True,True,False,False,-2004.3449999999998,0.0,178.40639691405153,110.11773214931489,5035.1155999116,0.0,3319.2947289749663
2025-03-04T19:15:00Z,2025-03-04T19:30:00Z,2025-03-04,2025-03-04_21,-42.0,100,58,0,15.76282469565229,18.77783457391316,0.03126506367149758,6.5355,0.00058,True,True,False,False,-2004.3449999999998,0.0,178.40639691405153,110.11773214931489,1748.302053984008,-0.04544541326797123,32.435737634106545
2025-03-04T19:30:00Z,2025-03-04T19:45:00Z,2025-03-04,2025-03-04_21,-42.0,100,58,0,18.77783457391316,22.805078295652294,0.03058841855072464,5.5395,0.0,True,True,False,False,-2004.3449999999998,0.0,178.40639691405153,110.11773214931489,1463.9631762566803,0.0,-251.85769467995308
2025-03-04T19:45:00Z,2025-03-04T20:00:00Z,2025-03-04,2025-03-04_21,-42.0,100,58,0,22.805078295652294,28.0369139130436,0.02979640328502415,4.358,0.00348,True,True,False,False,-2004.3449999999998,0.0,178.40639691405153,110.11773214931489,1089.2854884076023,-0.2715069795475549,-626.8068895085786
2025-03-04T20:00:00Z,2025-03-04T20:15:00Z,2025-03-04,2025-03-04_22,0.0,100,100,0,28.0369139130436,12.661370434782729,0.042709842995169084,14.1455,0.0,True,True,False,False,0.0,0.0,178.40639691405153,197.0305782135251,5485.790528589223,0.0,5861.227503716799
2025-03-04T20:15:00Z,2025-03-04T20:30:00Z,2025-03-04,2025-03-04_22,0.0,100,100,0,12.661370434782729,10.00000000000012,0.01060247342995169,2.98,0.628,True,True,False,False,0.0,0.0,178.40639691405153,197.0305782135251,698.2799654438061,-45.62405995097843,1028.0928806204042
2025-03-04T20:30:00Z,2025-03-04T20:45:00Z,2025-03-04,2025-03-04_22,0.0,100,100,0,10.00000000000012,10.103171304347946,0.0003983019323671498,0.0185,0.134,True,True,False,False,0.0,0.0,178.40639691405153,197.0305782135251,3.5373900028127134,-10.488419656848956,368.48594547354037
2025-03-04T20:45:00Z,2025-03-04T21:00:00Z,2025-03-04,2025-03-04_22,0.0,100,100,0,10.103171304347946,19.108090434782728,0.025031780193236715,0.003,9.7915,True,True,False,False,0.0,0.0,178.40639691405153,197.0305782135251,0.5222606179933298,7547.831302286333,7923.790538031903
2025-03-04T21:00:00Z,2025-03-04T21:15:00Z,2025-03-04,2025-03-04_23,17.0,83,100,0,19.108090434782728,11.968810469565335,0.0242262754589372,3.22206,1.036,True,True,False,False,646.5525,0.0,148.07730943866275,197.0305782135251,726.3157890143448,-7.544895728693696,1710.431280937839
2025-03-04T21:15:00Z,2025-03-04T21:30:00Z,2025-03-04,2025-03-04_23,17.0,83,100,0,11.968810469565335,10.615484852174031,0.018494596714975844,0.02573,3.4735,True,True,False,False,646.5525,0.0,148.07730943866275,197.0305782135251,4.9123136617511145,-142.964525756419,853.60817555752
2025-03-04T21:30:00Z,2025-03-04T21:45:00Z,2025-03-04,2025-03-04_23,17.0,83,100,0,10.615484852174031,10.136558104347946,0.019851894299516906,0.0,4.366,True,True,False,False,646.5525,0.0,148.07730943866275,197.0305782135251,0.0,-251.3884100132599,740.271977638928
2025-03-04T21:45:00Z,2025-03-04T22:00:00Z,2025-03-04,2025-03-04_23,17.0,83,100,0,10.136558104347946,26.968459113043597,0.049199543864734296,0.0,22.619,True,True,False,False,646.5525,0.0,148.07730943866275,197.0305782135251,0.0,19271.116248442962,20262.77663609515
2025-03-04T22:00:00Z,2025-03-04T22:15:00Z,2025-03-05,2025-03-04_24,-7.000000000000336,100,93,0,26.968459113043597,31.02179842608715,0.011298587463768332,0.007000000000000001,2.663985,True,True,False,False,-247.7650000000119,0.0,176.31457332877898,186.6764451767164,1.245354136108823,-103.45751065623179,13.013861985360528
2025-03-04T22:15:00Z,2025-03-04T22:30:00Z,2025-03-05,2025-03-04_24,-7.000000000000336,100,93,0,31.02179842608715,34.81229502608723,0.010529157222222437,0.0,2.370105,True,True,False,False,-247.7650000000119,0.0,176.31457332877898,186.6764451767164,0.0,-171.71010461130425,-56.48408610582075
2025-03-04T22:30:00Z,2025-03-04T22:45:00Z,2025-03-05,2025-03-04_24,-7.000000000000336,100,93,0,34.81229502608723,33.359605486956866,0.0128968164975847,3.015,0.194835,True,True,False,False,-247.7650000000119,0.0,176.31457332877898,186.6764451767164,604.6326277401596,-14.131556483955878,705.7270897616872
2025-03-04T22:45:00Z,2025-03-04T23:00:00Z,2025-03-05,2025-03-04_24,-7.000000000000336,100,93,0,33.359605486956866,34.50065674782651,0.0064745687198069675,0.5885,0.178095,True,True,False,False,-247.7650000000119,0.0,176.31457332877898,186.6764451767164,117.3025741927706,-13.060920261608633,219.46767243664547
2025-03-04T23:00:00Z,2025-03-04T23:15:00Z,2025-03-05,2025-03-05_1,-11.790293812363712,100,88,0,34.50065674782651,25.577116416735315,0.03344091473188109,10.9315,0.034319999999999996,True,True,False,False,-435.47450195965376,0.0,176.31457332877898,176.64007715646284,5499.226057686512,-2.5339660913419997,5414.172240120758
2025-03-04T23:15:00Z,2025-03-04T23:30:00Z,2025-03-05,2025-03-05_1,-11.790293812363712,100,88,0,25.577116416735315,14.005051091575941,0.039144903249088106,13.383500000000002,0.0,True,True,False,False,-435.47450195965376,0.0,176.31457332877898,176.64007715646284,5603.972551186483,0.0,5521.452699712071
2025-03-04T23:30:00Z,2025-03-04T23:45:00Z,2025-03-05,2025-03-05_1,-11.790293812363712,100,88,0,14.005051091575941,12.34954222840044,0.017198110508075758,4.092,0.0,True,True,False,False,-435.47450195965376,0.0,176.31457332877898,176.64007715646284,855.6159954992063,0.0,773.0961440247943
2025-03-04T23:45:00Z,2025-03-05T00:00:00Z,2025-03-05,2025-03-05_1,-11.790293812363712,100,88,0,12.34954222840044,12.44596011896185,0.013320839853781855,2.4505,0.0,True,True,False,False,-435.47450195965376,0.0,176.31457332877898,176.64007715646284,500.15872420583094,0.0,417.638872731419
2025-03-05T00:00:00Z,2025-03-05T00:15:00Z,2025-03-05,2025-03-05_2,-68.0,100,32,0,12.44596011896185,21.67740947548359,0.03836465400966184,6.583500000000001,0.0,True,True,False,False,-2251.6499999999996,0.0,176.7063834917318,64.13630975104985,1395.224729650988,0.0,-615.58257710623
2025-03-05T00:15:00Z,2025-03-05T00:30:00Z,2025-03-05,2025-03-05_2,-68.0,100,32,0,21.67740947548359,32.65567194504881,0.039749279806763294,4.789,0.0,True,True,False,False,-2251.6499999999996,0.0,176.7063834917318,64.13630975104985,962.1878398199683,0.0,-1048.6194669372496
2025-03-05T00:30:00Z,2025-03-05T00:45:00Z,2025-03-05,2025-03-05_2,-68.0,100,32,0,32.65567194504881,38.447033510266195,0.035637840096618356,10.1175,0.0,True,True,False,False,-2251.6499999999996,0.0,176.7063834917318,64.13630975104985,2275.0317552090664,0.0,264.22444845184845
2025-03-05T00:45:00Z,2025-03-05T01:00:00Z,2025-03-05,2025-03-05_2,-68.0,100,32,0,38.447033510266195,41.227101475483586,0.03325091342995169,13.211,0.0,True,True,False,False,-2251.6499999999996,0.0,176.7063834917318,64.13630975104985,7330.9622534107575,0.0,5320.15494665354
2025-03-05T01:00:00Z,2025-03-05T01:15:00Z,2025-03-05,2025-03-05_3,-100.0,100,0,0,41.227101475483586,47.613741475483586,0.017740666666666672,18.058,0.0,True,True,False,False,-2999.75,0.0,176.7063834917318,0.0,18325.4393827483,0.0,15502.395766240032
2025-03-05T01:15:00Z,2025-03-05T01:30:00Z,2025-03-05,2025-03-05_3,-100.0,100,0,0,47.613741475483586,48.954641475483584,0.0037247222222222235,23.5425,0.0,True,True,False,False,-2999.75,0.0,176.7063834917318,0.0,27505.614431172016,0.0,24682.570814663748
2025-03-05T01:30:00Z,2025-03-05T01:45:00Z,2025-03-05,2025-03-05_3,-100.0,100,0,0,48.954641475483584,57.234641475483585,0.023000000000000003,16.0,0.0,True,True,False,False,-2999.75,0.0,176.7063834917318,0.0,14424.564688862545,0.0,11601.521072354277
2025-03-05T01:45:00Z,2025-03-05T02:00:00Z,2025-03-05,2025-03-05_3,-100.0,100,0,0,57.234641475483585,72.39716147548359,0.04211811111111112,8.519,0.0,True,True,False,False,-2999.75,0.0,176.7063834917318,0.0,4087.103607868352,0.0,1264.0599913600836
2025-03-05T02:00:00Z,2025-03-05T02:15:00Z,2025-03-05,2025-03-05_4,-100.0,100,0,0,72.39716147548359,90.66790147548359,0.05075205555555556,5.1405,0.0,True,True,False,False,-2890.25,0.0,176.7063834917318,0.0,1042.0881837087345,0.0,-1671.4554327995338
2025-03-05T02:15:00Z,2025-03-05T02:30:00Z,2025-03-05,2025-03-05_4,-100.0,100,0,0,90.66790147548359,99.77912147548359,0.02530894444444444,15.096500000000002,0.0,True,True,False,False,-2890.25,0.0,176.7063834917318,0.0,13192.543458176779,0.0,10478.99984166851
2025-03-05T02:30:00Z,2025-03-05T02:45:00Z,2025-03-05,2025-03-05_4,-100.0,100,0,0,99.77912147548359,106.95834147548359,0.019942277777777778,17.1965,0.0,True,True,False,False,-2890.25,0.0,176.7063834917318,0.0,16902.902820731782,0.0,14189.359204223514
2025-03-05T02:45:00Z,2025-03-05T03:00:00Z,2025-03-05,2025-03-05_4,-100.0,100,0,0,106.95834147548359,108.21322147548359,0.0034857777777777808,23.636,0.0,True,True,False,False,-2890.25,0.0,176.7063834917318,0.0,39126.91918583858,0.0,36413.37556933032
2025-03-05T03:00:00Z,2025-03-05T03:15:00Z,2025-03-05,2025-03-05_5,-6.178632484870436e-14,0,0,0,108.21322147548359,108.2132214754836,3.947459643111668e-17,0.0,0.0,True,False,False,False,-2.0696874166194745e-12,0.0,0.0,0.0,0.0,0.0,-2.0696874166194745e-12
2025-03-05T03:15:00Z,2025-03-05T03:30:00Z,2025-03-05,2025-03-05_5,-6.178632484870436e-14,0,0,0,108.2132214754836,108.21322147548362,3.947459643111668e-17,0.0,0.0,True,False,False,False,-2.0696874166194745e-12,0.0,0.0,0.0,0.0,0.0,-2.0696874166194745e-12
2025-03-05T03:30:00Z,2025-03-05T03:45:00Z,2025-03-05,2025-03-05_5,-6.178632484870436e-14,0,0,0,108.21322147548362,108.21322147548364,3.947459643111668e-17,0.0,0.0,True,False,False,False,-2.0696874166194745e-12,0.0,0.0,0.0,0.0,0.0,-2.0696874166194745e-12
2025-03-05T03:45:00Z,2025-03-05T04:00:00Z,2025-03-05,2025-03-05_5,-6.178632484870436e-14,0,0,0,108.21322147548364,108.21322147548365,3.947459643111668e-17,0.0,0.0,True,False,False,False,-2.0696874166194745e-12,0.0,0.0,0.0,0.0,0.0,-2.0696874166194745e-12
2025-03-05T04:00:00Z,2025-03-05T04:15:00Z,2025-03-05,2025-03-05_6,0.0,0,0,0,108.21322147548365,108.21322147548365,0.0,0.0,0.0,True,False,False,False,0.0,0.0,0.0,0.0,0.0,0.0,0.0
2025-03-05T04:15:00Z,2025-03-05T04:30:00Z,2025-03-05,2025-03-05_6,0.0,0,0,0,108.21322147548365,108.21322147548365,0.0,0.0,0.0,True,False,False,False,0.0,0.0,0.0,0.0,0.0,0.0,0.0
2025-03-05T04:30:00Z,2025-03-05T04:45:00Z,2025-03-05,2025-03-05_6,0.0,0,0,0,108.21322147548365,108.21322147548365,0.0,0.0,0.0,True,False,False,False,0.0,0.0,0.0,0.0,0.0,0.0,0.0
2025-03-05T04:45:00Z,2025-03-05T05:00:00Z,2025-03-05,2025-03-05_6,0.0,0,0,0,108.21322147548365,108.21322147548365,0.0,0.0,0.0,True,False,False,False,0.0,0.0,0.0,0.0,0.0,0.0,0.0
2025-03-05T05:00:00Z,2025-03-05T05:15:00Z,2025-03-05,2025-03-05_7,100.0,0,100,0,108.21322147548365,83.58604756244017,0.06840881642512077,0.0,2.343,True,True,False,False,4707.75,0.0,0.0,189.12375173300651,0.0,-169.71814663746508,4727.155605095541
2025-03-05T05:15:00Z,2025-03-05T05:30:00Z,2025-03-05,2025-03-05_7,100.0,0,100,0,83.58604756244017,56.8800693015706,0.07418327294685989,0.0,0.4305,True,True,False,False,4707.75,0.0,0.0,189.12375173300651,0.0,-32.00719795455002,4864.866553778456
2025-03-05T05:30:00Z,2025-03-05T05:45:00Z,2025-03-05,2025-03-05_7,100.0,0,100,0,56.8800693015706,31.499634518961905,0.0705012077294686,0.0,1.6500000000000001,True,True,False,False,4707.75,0.0,0.0,189.12375173300651,0.0,-119.8901424581567,4776.98360927485
2025-03-05T05:45:00Z,2025-03-05T06:00:00Z,2025-03-05,2025-03-05_7,100.0,0,100,0,31.499634518961905,11.583873649396686,0.0553215579710145,0.0,6.6775,True,True,False,False,4707.75,0.0,0.0,189.12375173300651,0.0,-352.01879081355867,4544.854960919448
2025-03-05T06:00:00Z,2025-03-05T06:15:00Z,2025-03-05,2025-03-05_8,0.11313499807729521,0,0,0,11.583873649396686,11.553130443397421,8.539779444240278e-05,0.0,0.0,True,False,False,False,4.262078215066904,0.0,0.0,0.0,0.0,0.0,4.262078215066904
2025-03-05T06:15:00Z,2025-03-05T06:30:00Z,2025-03-05,2025-03-05_8,0.11313499807729521,0,0,0,11.553130443397421,11.522387237398156,8.539779444240278e-05,0.0,0.0,True,False,False,False,4.262078215066904,0.0,0.0,0.0,0.0,0.0,4.262078215066904
2025-03-05T06:30:00Z,2025-03-05T06:45:00Z,2025-03-05,2025-03-05_8,0.11313499807729521,0,0,0,11.522387237398156,11.491644031398891,8.539779444240278e-05,0.0,0.0,True,False,False,False,4.262078215066904,0.0,0.0,0.0,0.0,0.0,4.262078215066904
2025-03-05T06:45:00Z,2025-03-05T07:00:00Z,2025-03-05,2025-03-05_8,0.11313499807729521,0,0,0,11.491644031398891,11.460900825399627,8.539779444240278e-05,0.0,0.0,True,False,False,False,4.262078215066904,0.0,0.0,0.0,0.0,0.0,4.262078215066904
2025-03-05T07:00:00Z,2025-03-05T07:15:00Z,2025-03-05,2025-03-05_9,-50.72714720628669,100,49,0,11.460900825399627,18.25504171889773,0.03560039006685803,5.622,0.827855,True,True,False,False,-1328.670803200664,0.0,177.8215354939822,99.27203681006249,3341.003603849786,-46.92287263256244,2242.5035003206044
2025-03-05T07:15:00Z,2025-03-05T07:30:00Z,2025-03-05,2025-03-05_9,-50.72714720628669,100,49,0,18.25504171889773,29.436832980594808,0.032537824242158474,0.4965,0.01323,True,True,False,False,-1328.670803200664,0.0,177.8215354939822,99.27203681006249,96.91471699250539,-0.9596395346500836,-955.622153438764
2025-03-05T07:30:00Z,2025-03-05T07:45:00Z,2025-03-05,2025-03-05_9,-50.72714720628669,100,49,0,29.436832980594808,40.953811597079984,0.03259561627267161,0.203,0.05781999999999999,True,True,False,False,-1328.670803200664,0.0,177.8215354939822,99.27203681006249,39.62474833731842,-4.18236251481846,-1016.1348450741194
2025-03-05T07:45:00Z,2025-03-05T08:00:00Z,2025-03-05,2025-03-05_9,-50.72714720628669,100,49,0,40.953811597079984,52.452173913043914,0.03274772017317839,0.2715,0.11220999999999999,True,True,False,False,-1328.670803200664,0.0,177.8215354939822,99.27203681006249,52.99566095360567,-8.11661877875786,-1006.6981887217715
2025-03-05T08:00:00Z,2025-03-05T08:15:00Z,2025-03-05,2025-03-05_10,0.0,100,100,0,52.452173913043914,28.079891304348266,0.06770078502415458,22.4225,0.0,True,True,False,False,0.0,0.0,177.8215354939822,202.59599348992344,26542.943552211218,0.0,26923.361081195122
2025-03-05T08:15:00Z,2025-03-05T08:30:00Z,2025-03-05,2025-03-05_10,0.0,100,100,0,28.079891304348266,10.000000000000437,0.05022192028985508,16.6335,0.0,True,True,False,False,0.0,0.0,177.8215354939822,202.59599348992344,17315.106198738173,0.0,17695.523727722077
2025-03-05T08:30:00Z,2025-03-05T08:45:00Z,2025-03-05,2025-03-05_10,0.0,100,100,0,10.000000000000437,12.020131304348263,0.006000968599033816,0.0645,2.272,True,True,False,False,0.0,0.0,177.8215354939822,202.59599348992344,10.294158010006228,-162.4473837127529,228.26430328115896
2025-03-05T08:45:00Z,2025-03-05T09:00:00Z,2025-03-05,2025-03-05_10,0.0,100,100,0,12.020131304348263,24.557891304348267,0.034827111111111114,0.0,13.628000000000002,True,True,False,False,0.0,0.0,177.8215354939822,202.59599348992344,0.0,5667.8531350840885,6048.270664067994
2025-03-05T09:00:00Z,2025-03-05T09:15:00Z,2025-03-05,2025-03-05_11,0.0,100,100,0,24.557891304348267,20.26459130434827,0.022518611111111107,5.704,2.0725,True,True,False,False,0.0,0.0,177.8215354939822,202.59599348992344,1052.3787739355823,439.833146637465,1872.629449556953
2025-03-05T09:15:00Z,2025-03-05T09:30:00Z,2025-03-05,2025-03-05_11,0.0,100,100,0,20.26459130434827,16.950975652174353,0.009454932367149758,3.09,0.049,True,True,False,False,0.0,0.0,177.8215354939822,202.59599348992344,352.71969097229197,-3.547092366734313,729.5901275894633
2025-03-05T09:30:00Z,2025-03-05T09:45:00Z,2025-03-05,2025-03-05_11,0.0,100,100,0,16.950975652174353,19.394955652174353,0.0067888333333333325,0.0,2.6565,True,True,False,False,0.0,0.0,177.8215354939822,202.59599348992344,0.0,-192.1637660993791,188.25376288452654
2025-03-05T09:45:00Z,2025-03-05T10:00:00Z,2025-03-05,2025-03-05_11,0.0,100,100,0,19.394955652174353,26.792215652174352,0.020547944444444445,0.0,8.0405,True,True,False,False,0.0,0.0,177.8215354939822,202.59599348992344,0.0,457.3095968373887,837.7271258212943
2025-03-05T10:00:00Z,2025-03-05T10:15:00Z,2025-03-05,2025-03-05_12,0.0,100,100,0,26.792215652174352,37.59209565217435,0.02999966666666667,0.0,11.739,True,True,False,False,0.0,0.0,177.8215354939822,202.59599348992344,0.0,1933.846286041512,2314.263815025418
2025-03-05T10:15:00Z,2025-03-05T10:30:00Z,2025-03-05,2025-03-05_12,0.0,100,100,0,37.59209565217435,54.05227565217435,0.04572272222222223,0.0,17.8915,True,True,False,False,0.0,0.0,177.8215354939822,202.59599348992344,0.0,6574.131359078945,6954.548888062851
2025-03-05T10:30:00Z,2025-03-05T10:45:00Z,2025-03-05,2025-03-05_12,0.0,100,100,0,54.05227565217435,69.13337565217435,0.04189194444444444,0.0,16.3925,True,True,False,False,0.0,0.0,177.8215354939822,202.59599348992344,0.0,2651.564030320079,3031.981559303985
2025-03-05T10:45:00Z,2025-03-05T11:00:00Z,2025-03-05,2025-03-05_12,0.0,100,100,0,69.13337565217435,88.18979565217435,0.052934499999999995,0.0,20.7135,True,True,False,False,0.0,0.0,177.8215354939822,202.59599348992344,0.0,12685.565196608331,13065.982725592237
2025-03-05T11:00:00Z,2025-03-05T11:15:00Z,2025-03-05,2025-03-05_13,0.0,100,100,0,88.18979565217435,97.83185565217435,0.0267835,0.0,10.4805,True,True,False,False,0.0,0.0,177.8215354939822,202.59599348992344,0.0,828.9700873033413,1209.387616287247
2025-03-05T11:15:00Z,2025-03-05T11:30:00Z,2025-03-05,2025-03-05_13,0.0,100,100,0,97.83185565217435,100.25375565217435,0.0067275,0.0,2.6325,True,True,False,False,0.0,0.0,177.8215354939822,202.59599348992344,0.0,-190.51653589583876,189.90099308806688
2025-03-05T11:30:00Z,2025-03-05T11:45:00Z,2025-03-05,2025-03-05_13,0.0,100,100,0,100.25375565217435,102.87805565217435,0.0072897222222222235,0.0,2.8525,True,True,False,False,0.0,0.0,177.8215354939822,202.59599348992344,0.0,-206.68918453254037,173.72834445136527
2025-03-05T11:45:00Z,2025-03-05T12:00:00Z,2025-03-05,2025-03-05_13,0.0,100,100,0,102.87805565217435,107.36075565217435,0.012451944444444443,0.0,4.8725,True,True,False,False,0.0,0.0,177.8215354939822,202.59599348992344,0.0,-352.52075890614645,27.896770077759186
2025-03-05T12:00:00Z,2025-03-05T12:15:00Z,2025-03-05,2025-03-05_14,-52.84064522339015,100,47,0,107.36075565217435,120.47341946577836,0.03657499886648221,0.053,1.10027,True,True,False,False,-3.1704387134034087,0.0,177.8215354939822,95.22011694026402,4.804705740521208,-79.72552573288593,194.95039372847808
2025-03-05T12:15:00Z,2025-03-05T12:30:00Z,2025-03-05,2025-03-05_14,-52.84064522339015,100,47,0,120.47341946577836,132.58161603139578,0.03384461559612745,0.074,0.031255,True,True,False,False,-3.1704387134034087,0.0,177.8215354939822,95.22011694026402,6.708457071671121,-2.38588395085294,274.193786841661
2025-03-05T12:30:00Z,2025-03-05T12:45:00Z,2025-03-05,2025-03-05_14,-52.84064522339015,100,47,0,132.58161603139578,144.90488775528266,0.03436942801965347,0.0485,0.23734999999999998,True,True,False,False,-3.1704387134034087,0.0,177.8215354939822,95.22011694026402,4.3967590267033705,-17.373777733127042,256.89419501441915
2025-03-05T12:45:00Z,2025-03-05T13:00:00Z,2025-03-05,2025-03-05_14,-52.84064522339015,100,47,0,144.90488775528266,149.6548252173917,0.03430491667971164,7.413,0.00023500000000000002,True,True,False,False,-3.1704387134034087,0.0,177.8215354939822,95.22011694026402,1672.759111896964,-0.01841507765878358,1942.611910540148
2025-03-05T13:00:00Z,2025-03-05T13:15:00Z,2025-03-05,2025-03-05_15,0.0,100,100,0,149.6548252173917,150.51021217391343,0.003897814009661836,0.252,1.2275,True,True,False,False,0.0,0.0,177.8215354939822,202.59599348992344,23.64052562840323,-89.33059786212301,314.72745675018587
2025-03-05T13:15:00Z,2025-03-05T13:30:00Z,2025-03-05,2025-03-05_15,0.0,100,100,0,150.51021217391343,160.98211217391344,0.029088611111111114,0.0,11.3825,True,True,False,False,0.0,0.0,177.8215354939822,202.59599348992344,0.0,-186.38217665615144,194.0353523277542
2025-03-05T13:30:00Z,2025-03-05T13:45:00Z,2025-03-05,2025-03-05_15,0.0,100,100,0,160.98211217391344,162.05432956521778,0.0061577294685990335,0.5265,1.7875,True,True,False,False,0.0,0.0,177.8215354939822,202.59599348992344,49.411806546243646,-129.39360847113667,300.4357270590126
2025-03-05T13:45:00Z,2025-03-05T14:00:00Z,2025-03-05,2025-03-05_15,0.0,100,100,0,162.05432956521778,160.8465800000004,0.005455526570048309,1.459,0.411,True,True,False,False,0.0,0.0,177.8215354939822,202.59599348992344,136.92654463621935,-26.912658884044287,490.4314147360807
2025-03-05T14:00:00Z,2025-03-05T14:15:00Z,2025-03-05,2025-03-05_16,0.0,100,100,0,160.8465800000004,182.0305000000004,0.05884422222222222,0.0,23.026,True,True,False,False,0.0,0.0,177.8215354939822,202.59599348992344,0.0,21299.066193011717,21679.48372199562
2025-03-05T14:15:00Z,2025-03-05T14:30:00Z,2025-03-05,2025-03-05_16,0.0,100,100,0,182.0305000000004,189.9218000000004,0.02192027777777778,0.0,8.5775,True,True,False,False,0.0,0.0,177.8215354939822,202.59599348992344,0.0,4884.792235126284,5265.20976411019
2025-03-05T14:30:00Z,2025-03-05T14:45:00Z,2025-03-05,2025-03-05_16,0.0,100,100,0,189.9218000000004,187.5679347826091,0.006972958937198067,2.2375,0.085,True,True,False,False,0.0,0.0,177.8215354939822,202.59599348992344,515.1878704615323,-6.444878337921197,889.1605211075167
2025-03-05T14:45:00Z,2025-03-05T15:00:00Z,2025-03-05,2025-03-05_16,0.0,100,100,0,187.5679347826091,170.82608695652212,0.04650513285024155,15.4025,0.0,True,True,False,False,0.0,0.0,177.8215354939822,202.59599348992344,12649.640071128615,0.0,13030.057600112521
2025-03-05T15:00:00Z,2025-03-05T15:15:00Z,2025-03-05,2025-03-05_17,0.0,100,100,0,170.82608695652212,183.47066260869602,0.03535328985507246,0.038,13.788999999999998,True,True,False,False,0.0,0.0,177.8215354939822,202.92752516626817,7.549248327271997,11428.833766199841,11817.132075187363
2025-03-05T15:15:00Z,2025-03-05T15:30:00Z,2025-03-05,2025-03-05_17,0.0,100,100,0,183.47066260869602,187.44130956521775,0.011231869565217392,0.0335,4.3555,True,True,False,False,0.0,0.0,177.8215354939822,202.92752516626817,5.82287739355824,-234.80003506198636,151.77190299182223
2025-03-05T15:30:00Z,2025-03-05T15:45:00Z,2025-03-05,2025-03-05_17,0.0,100,100,0,187.44130956521775,177.26087478260905,0.028278985507246373,9.366,0.0,True,True,False,False,0.0,0.0,177.8215354939822,202.92752516626817,2744.0503751331153,0.0,3124.799435793366
2025-03-05T15:45:00Z,2025-03-05T16:00:00Z,2025-03-05,2025-03-05_17,0.0,100,100,0,177.26087478260905,171.74127043478296,0.015383345410628019,5.0865,0.01,True,True,False,False,0.0,0.0,177.8215354939822,202.92752516626817,1075.6410890313248,-0.7331873254435491,1455.6569623661317
2025-03-05T16:00:00Z,2025-03-05T16:15:00Z,2025-03-05,2025-03-05_18,0.0,100,100,0,171.74127043478296,187.79113043478296,0.04458294444444444,0.0,17.4455,True,True,False,False,0.0,0.0,184.60286523739677,191.1732202776829,0.0,13151.833267797223,13527.609353312302
2025-03-05T16:15:00Z,2025-03-05T16:30:00Z,2025-03-05,2025-03-05_18,0.0,100,100,0,187.79113043478296,188.63929565217427,0.002525096618357488,0.028000000000000004,0.955,True,True,False,False,0.0,0.0,184.60286523739677,191.1732202776829,4.838353191745867,-69.27160782816613,311.3428308786594
2025-03-05T16:30:00Z,2025-03-05T16:45:00Z,2025-03-05,2025-03-05_18,0.0,100,100,0,188.63929565217427,188.5381817391308,0.0005645386473429952,0.14,0.05550000000000001,True,True,False,False,0.0,0.0,184.60286523739677,191.1732202776829,25.783105949486636,-4.194677711024936,397.36451375354136
2025-03-05T16:45:00Z,2025-03-05T17:00:00Z,2025-03-05,2025-03-05_18,0.0,100,100,0,188.5381817391308,188.54434956521777,0.0004096449275362319,0.065,0.0835,True,True,False,False,0.0,0.0,184.60286523739677,191.1732202776829,11.629735377443792,-6.348023367959976,381.0577975245635
2025-03-05T17:00:00Z,2025-03-05T17:15:00Z,2025-03-05,2025-03-05_19,99.99999999999785,0,100,0,188.54434956521777,165.04108869565312,0.06528683574879104,0.0,3.3769999999999993,True,True,False,False,6815.499999999854,0.0,0.0,191.1732202776829,0.0,-244.5113833912676,6762.161836886269
2025-03-05T17:15:00Z,2025-03-05T17:30:00Z,2025-03-05,2025-03-05_19,99.99999999999785,0,100,0,165.04108869565312,139.43511043478415,0.0711277173913029,0.0,1.4425,True,True,False,False,6815.499999999854,0.0,0.0,191.1732202776829,0.0,-104.75305210070528,6901.920168176831
2025-03-05T17:30:00Z,2025-03-05T17:45:00Z,2025-03-05,2025-03-05_19,99.99999999999785,0,100,0,139.43511043478415,120.17206695652382,0.05350845410627945,0.0,7.278,True,True,False,False,6815.499999999854,0.0,0.0,191.1732202776829,0.0,3948.892265064598,10955.565485342135
2025-03-05T17:45:00Z,2025-03-05T18:00:00Z,2025-03-05,2025-03-05_19,99.99999999999785,0,100,0,120.17206695652382,97.83674086956788,0.06204257246376702,0.0,4.4515,True,True,False,False,6815.499999999854,0.0,0.0,191.1732202776829,0.0,1079.7765335851636,8086.4497538627
2025-03-05T18:00:00Z,2025-03-05T18:15:00Z,2025-03-05,2025-03-05_20,74.46319822182585,25,100,0,97.83674086956788,82.79819609545014,0.04826782929852268,0.0,4.9755,True,True,False,False,3880.2772593393447,0.0,44.131387007976855,191.1732202776829,0.0,-359.90872932950236,3755.673137295502
2025-03-05T18:15:00Z,2025-03-05T18:30:00Z,2025-03-05,2025-03-05_20,74.46319822182585,25,100,0,82.79819609545014,67.4468771321972,0.048745734803789444,0.0,4.676,True,True,False,False,3880.2772593393447,0.0,44.131387007976855,191.1732202776829,0.0,-338.3389330707871,3777.2429335542174
2025-03-05T18:30:00Z,2025-03-05T18:45:00Z,2025-03-05,2025-03-05_20,74.46319822182585,25,100,0,67.4468771321972,53.05006771441863,0.047287285281873495,0.0,5.59,True,True,False,False,3880.2772593393447,0.0,44.131387007976855,191.1732202776829,0.0,1023.17138781169,5138.753254436694
2025-03-05T18:45:00Z,2025-03-05T19:00:00Z,2025-03-05,2025-03-05_20,74.46319822182585,25,100,0,53.05006771441863,37.53061304348366,0.049002638931829344,0.0,4.515,True,True,False,False,3880.2772593393447,0.0,44.131387007976855,191.1732202776829,0.0,425.4345817677671,4541.016448392772
2025-03-05T19:00:00Z,2025-03-05T19:15:00Z,2025-03-05,2025-03-05_21,0.0,100,100,0,37.53061304348366,25.421798260874965,0.0337557077294686,11.16,0.0235,True,True,False,False,0.0,0.0,176.7063834917318,195.24201812373164,8241.532970322893,-1.7220552954650485,8611.75931664289
2025-03-05T19:15:00Z,2025-03-05T19:30:00Z,2025-03-05,2025-03-05_21,0.0,100,100,0,25.421798260874965,19.721254782614096,0.01583484299516908,5.2445,0.0,True,True,False,False,0.0,0.0,176.7063834917318,195.24201812373164,1210.3815786935645,0.0,1582.3299803090279
2025-03-05T19:30:00Z,2025-03-05T19:45:00Z,2025-03-05,2025-03-05_21,0.0,100,100,0,19.721254782614096,18.353486086961922,0.010965135265700483,2.445,1.402,True,True,False,False,0.0,0.0,176.7063834917318,195.24201812373164,491.02255721433016,-101.45816150615845,761.5127973236351
2025-03-05T19:45:00Z,2025-03-05T20:00:00Z,2025-03-05,2025-03-05_21,0.0,100,100,0,18.353486086961922,20.509422608701055,0.005991731884057971,0.0005,2.344,True,True,False,False,0.0,0.0,176.7063834917318,195.24201812373164,0.08438988125138139,-169.85322268882237,202.17956880789245
2025-03-05T20:00:00Z,2025-03-05T20:15:00Z,2025-03-05,2025-03-05_22,0.0,100,100,0,20.509422608701055,10.076270434788013,0.02898097826086956,9.5985,0.0,True,True,False,False,0.0,0.0,176.31457332877898,195.57354980007636,2821.8806984267317,0.0,3193.7688215555872
2025-03-05T20:15:00Z,2025-03-05T20:30:00Z,2025-03-05,2025-03-05_22,0.0,100,100,0,10.076270434788013,10.000000000005404,0.0006999734299516908,0.151,0.0955,True,True,False,False,0.0,0.0,176.31457332877898,195.57354980007636,28.568699993972153,-7.282553798549299,393.1742693242782
2025-03-05T20:30:00Z,2025-03-05T20:45:00Z,2025-03-05,2025-03-05_22,0.0,100,100,0,10.000000000005404,11.767996521744534,0.005053009661835749,0.0235,1.9494999999999998,True,True,False,False,0.0,0.0,176.31457332877898,195.57354980007636,4.046193915891418,766.7098452852177,1142.6441623299645
2025-03-05T20:45:00Z,2025-03-05T21:00:00Z,2025-03-05,2025-03-05_22,0.0,100,100,0,11.767996521744534,31.095356521744534,0.05368711111111111,0.0,21.008,True,True,False,False,0.0,0.0,176.31457332877898,195.57354980007636,0.0,14001.119267013604,14373.00739014246
2025-03-05T21:00:00Z,2025-03-05T21:15:00Z,2025-03-05,2025-03-05_23,0.0,100,100,0,31.095356521744534,32.256080000005404,0.009957323671497586,1.115,2.579,True,True,False,False,0.0,0.0,176.31457332877898,195.57354980007636,223.44582973336816,1074.969733368161,1670.3036862303845
2025-03-05T21:15:00Z,2025-03-05T21:30:00Z,2025-03-05,2025-03-05_23,0.0,100,100,0,32.256080000005404,25.109686956527142,0.020073425120772946,6.6115,0.0435,True,True,False,False,0.0,0.0,176.31457332877898,195.57354980007636,1499.274427856698,-3.16401776206072,1867.9985332234926
2025-03-05T21:30:00Z,2025-03-05T21:45:00Z,2025-03-05,2025-03-05_23,0.0,100,100,0,25.109686956527142,18.477621739135838,0.01842240338164251,6.1015,0.0,True,True,False,False,0.0,0.0,176.31457332877898,195.57354980007636,1305.949519680926,0.0,1677.8376428097813
2025-03-05T21:45:00Z,2025-03-05T22:00:00Z,2025-03-05,2025-03-05_23,0.0,100,100,0,18.477621739135838,17.599833043483663,0.002673413043478261,0.8465,0.046,True,True,False,False,0.0,0.0,176.31457332877898,195.57354980007636,168.86134873113787,-3.4560678333902626,537.293404026603
2025-03-05T22:00:00Z,2025-03-05T22:15:00Z,2025-03-06,2025-03-05_24,0.0,100,100,0,17.599833043483663,11.489863478266273,0.017393804347826086,5.691,0.0825,True,True,False,False,0.0,0.0,177.4562989752863,202.5919228450874,1415.4169915611812,-6.045209463532247,1789.4200039180228
2025-03-05T22:15:00Z,2025-03-05T22:30:00Z,2025-03-06,2025-03-05_24,0.0,100,100,0,11.489863478266273,12.237372173918446,0.007034142512077295,0.8210000000000001,1.7825,True,True,False,False,0.0,0.0,177.4562989752863,202.5919228450874,163.56556841470766,-53.048446353224826,490.5653438818565
2025-03-05T22:30:00Z,2025-03-05T22:45:00Z,2025-03-06,2025-03-05_24,0.0,100,100,0,12.237372173918446,14.409032173918447,0.006032388888888889,0.0,2.3605,True,True,False,False,0.0,0.0,177.4562989752863,202.5919228450874,0.0,-110.52897779787018,269.5192440225035
2025-03-05T22:45:00Z,2025-03-05T23:00:00Z,2025-03-06,2025-03-05_24,0.0,100,100,0,14.409032173918447,14.861045217396708,0.0012616304347826087,0.001,0.4925,True,True,False,False,0.0,0.0,177.4562989752863,202.5919228450874,0.16877637130801687,-36.28508840667069,343.93190978501104
2025-03-05T23:00:00Z,2025-03-05T23:15:00Z,2025-03-06,2025-03-06_1,0.0,100,100,0,14.861045217396708,17.954632173918448,0.008656702898550726,0.0105,3.375,True,True,False,False,0.0,0.0,177.4562989752863,202.5919228450874,1.7721518987341773,-36.546564195298366,345.2738095238095
2025-03-05T23:15:00Z,2025-03-05T23:30:00Z,2025-03-06,2025-03-06_1,0.0,100,100,0,17.954632173918448,24.89695217391845,0.019284222222222223,0.0,7.546,True,True,False,False,0.0,0.0,177.4562989752863,202.5919228450874,0.0,-120.43731364275668,259.61090817761703
2025-03-05T23:30:00Z,2025-03-05T23:45:00Z,2025-03-06,2025-03-06_1,0.0,100,100,0,24.89695217391845,27.55805217391845,0.007391944444444445,0.0,2.8925,True,True,False,False,0.0,0.0,177.4562989752863,202.5919228450874,0.0,-149.6928320273257,230.355389793048
2025-03-05T23:45:00Z,2025-03-06T00:00:00Z,2025-03-06,2025-03-06_1,0.0,100,100,0,27.55805217391845,35.217972173918454,0.021277555555555556,0.0,8.326,True,True,False,False,0.0,0.0,177.4562989752863,202.5919228450874,0.0,-112.16595820775568,267.88226361261803
2025-03-06T00:00:00Z,2025-03-06T00:15:00Z,2025-03-06,2025-03-06_2,-9.000000000000117,100,91,0,35.217972173918454,37.52762260000544,0.006528346594202973,0.0205,0.284375,True,True,False,False,-248.28750000000323,0.0,177.4562989752863,183.75527426160338,3.459915611814346,-16.834805731364273,99.54918311733651
2025-03-06T00:15:00Z,2025-03-06T00:30:00Z,2025-03-06,2025-03-06_2,-9.000000000000117,100,91,0,37.52762260000544,39.95975066957068,0.0069509898067633595,0.0355,0.43498,True,True,False,False,-248.28750000000323,0.0,177.4562989752863,183.75527426160338,6.4547944544906555,-31.784828495077353,87.59403919629975
2025-03-06T00:30:00Z,2025-03-06T00:45:00Z,2025-03-06,2025-03-06_2,-9.000000000000117,100,91,0,39.95975066957068,42.162274713048966,0.006200549879227127,0.015,0.161525,True,True,False,False,-248.28750000000323,0.0,177.4562989752863,183.75527426160338,2.6115129596142252,-12.187916420534458,103.34766977596621
2025-03-06T00:45:00Z,2025-03-06T01:00:00Z,2025-03-06,2025-03-06_2,-9.000000000000117,100,91,0,42.162274713048966,44.52972715652725,0.006658684323671572,0.015,0.340795,True,True,False,False,-248.28750000000323,0.0,177.4562989752863,183.75527426160338,2.531645569620253,-24.901932419127988,90.55378638737871
2025-03-06T01:00:00Z,2025-03-06T01:15:00Z,2025-03-06,2025-03-06_3,5.048278114952996e-16,100,100,0,44.52972715652725,50.99226715652725,0.0179515,0.0,7.0245,True,True,False,False,1.3711123360212338e-14,0.0,177.4562989752863,201.92887281494876,0.0,-277.77896202531645,101.60620976491863
2025-03-06T01:15:00Z,2025-03-06T01:30:00Z,2025-03-06,2025-03-06_3,5.048278114952996e-16,100,100,0,50.99226715652725,55.39262715652725,0.012223222222222226,0.0,4.783,True,True,False,False,1.3711123360212338e-14,0.0,177.4562989752863,201.92887281494876,0.0,-345.96745027124774,33.417721518987335
2025-03-06T01:30:00Z,2025-03-06T01:45:00Z,2025-03-06,2025-03-06_3,5.048278114952996e-16,100,100,0,55.39262715652725,56.11391063478812,0.0020699903381642517,0.011,0.7969999999999999,True,True,False,False,1.3711123360212338e-14,0.0,177.4562989752863,201.92887281494876,1.8565400843881856,-57.898358850713265,323.34335302390997
2025-03-06T01:45:00Z,2025-03-06T02:00:00Z,2025-03-06,2025-03-06_3,5.048278114952996e-16,100,100,0,56.11391063478812,56.14868541739682,0.0005525144927536235,0.0755,0.127,True,True,False,False,1.3711123360212338e-14,0.0,177.4562989752863,201.92887281494876,14.211354229455495,-9.529337954591119,384.06718806509946
2025-03-06T02:00:00Z,2025-03-06T02:15:00Z,2025-03-06,2025-03-06_4,-100.0,100,0,0,56.14868541739682,78.51158541739683,0.06211916666666668,0.6925,0.0,True,True,False,False,-2752.5,0.0,177.4562989752863,0.0,137.26360156720915,0.0,-2437.7800994575045
2025-03-06T02:15:00Z,2025-03-06T02:30:00Z,2025-03-06,2025-03-06_4,-100.0,100,0,0,78.51158541739683,98.57632541739683,0.05573538888888889,3.1905,0.0,True,True,False,False,-2752.5,0.0,177.4562989752863,0.0,640.3686717902351,0.0,-1934.6750292344786
2025-03-06T02:30:00Z,2025-03-06T02:45:00Z,2025-03-06,2025-03-06_4,-100.0,100,0,0,98.57632541739683,114.68368541739683,0.044742666666666674,7.492,0.0,True,True,False,False,-2752.5,0.0,177.4562989752863,0.0,1905.620381756078,0.0,-669.4233192686359
2025-03-06T02:45:00Z,2025-03-06T03:00:00Z,2025-03-06,2025-03-06_4,-100.0,100,0,0,114.68368541739683,131.88216541739683,0.047773555555555555,6.306000000000001,0.0,True,True,False,False,-2752.5,0.0,177.4562989752863,0.0,1266.6938348402653,0.0,-1308.3498661844485
2025-03-06T03:00:00Z,2025-03-06T03:15:00Z,2025-03-06,2025-03-06_5,-100.0,100,0,0,131.88216541739683,154.13374541739682,0.061809944444444445,0.8135,0.0,True,True,False,False,-2916.5,0.0,177.4562989752863,0.0,161.4661017681334,0.0,-2577.5775992565805
2025-03-06T03:15:00Z,2025-03-06T03:30:00Z,2025-03-06,2025-03-06_5,-100.0,100,0,0,154.13374541739682,171.42698541739682,0.04803677777777778,6.203,0.0,True,True,False,False,-2916.5,0.0,177.4562989752863,0.0,1278.7203451878643,0.0,-1460.3233558368495
2025-03-06T03:30:00Z,2025-03-06T03:45:00Z,2025-03-06,2025-03-06_5,-100.0,100,0,0,171.42698541739682,180.91448541739683,0.026354166666666668,14.6875,0.0,True,True,False,False,-2916.5,0.0,177.4562989752863,0.0,9491.660387783806,0.0,6752.616686759093
2025-03-06T03:45:00Z,2025-03-06T04:00:00Z,2025-03-06,2025-03-06_5,-100.0,100,0,0,180.91448541739683,189.79754541739683,0.024675166666666668,15.3445,0.0,True,True,False,False,-2916.5,0.0,177.4562989752863,0.0,11290.62307193088,0.0,8551.579370906167
2025-03-06T04:00:00Z,2025-03-06T04:15:00Z,2025-03-06,2025-03-06_6,-1.2357264969740872e-13,0,0,0,189.79754541739683,189.79754541739686,7.894919286223336e-17,0.0,0.0,True,False,False,False,-4.510710645579661e-12,0.0,0.0,0.0,0.0,0.0,-4.510710645579661e-12
2025-03-06T04:15:00Z,2025-03-06T04:30:00Z,2025-03-06,2025-03-06_6,-1.2357264969740872e-13,0,0,0,189.79754541739686,189.7975454173969,7.894919286223336e-17,0.0,0.0,True,False,False,False,-4.510710645579661e-12,0.0,0.0,0.0,0.0,0.0,-4.510710645579661e-12
2025-03-06T04:30:00Z,2025-03-06T04:45:00Z,2025-03-06,2025-03-06_6,-1.2357264969740872e-13,0,0,0,189.7975454173969,189.79754541739692,7.894919286223336e-17,0.0,0.0,True,False,False,False,-4.510710645579661e-12,0.0,0.0,0.0,0.0,0.0,-4.510710645579661e-12
2025-03-06T04:45:00Z,2025-03-06T05:00:00Z,2025-03-06,2025-03-06_6,-1.2357264969740872e-13,0,0,0,189.79754541739692,189.79754541739695,7.894919286223336e-17,0.0,0.0,True,False,False,False,-4.510710645579661e-12,0.0,0.0,0.0,0.0,0.0,-4.510710645579661e-12
2025-03-06T05:00:00Z,2025-03-06T05:15:00Z,2025-03-06,2025-03-06_7,100.0,0,100,0,189.79754541739695,162.6861323739187,0.07530948067632849,0.0,0.057499999999999996,True,True,False,False,4826.5,0.0,0.0,191.0186859553948,0.0,-4.211467751657624,5013.307218203737
2025-03-06T05:15:00Z,2025-03-06T05:30:00Z,2025-03-06,2025-03-06_7,100.0,0,100,0,162.6861323739187,135.51221933044042,0.07548309178743962,0.0,0.0,True,True,False,False,4826.5,0.0,0.0,191.0186859553948,0.0,0.0,5017.518685955395
2025-03-06T05:30:00Z,2025-03-06T05:45:00Z,2025-03-06,2025-03-06_7,100.0,0,100,0,135.51221933044042,110.1426541130491,0.07047101449275361,0.0,1.66,True,True,False,False,4826.5,0.0,0.0,191.0186859553948,0.0,-120.40786819369096,4897.110817761703
2025-03-06T05:45:00Z,2025-03-06T06:00:00Z,2025-03-06,2025-03-06_7,100.0,0,100,0,110.1426541130491,87.12526280870127,0.06393719806763286,0.0,3.824,True,True,False,False,4826.5,0.0,0.0,191.0186859553948,0.0,-223.2902519590114,4794.2284339963835
2025-03-06T06:00:00Z,2025-03-06T06:15:00Z,2025-03-06,2025-03-06_8,70.9552417840051,0,0,0,87.12526280870127,67.84394710652597,0.053559210283820276,0.0,0.0,True,False,False,False,2719.8918056853754,0.0,0.0,0.0,0.0,0.0,2719.8918056853754
2025-03-06T06:15:00Z,2025-03-06T06:30:00Z,2025-03-06,2025-03-06_8,70.9552417840051,0,0,0,67.84394710652597,48.562631404350675,0.053559210283820276,0.0,0.0,True,False,False,False,2719.8918056853754,0.0,0.0,0.0,0.0,0.0,2719.8918056853754
2025-03-06T06:30:00Z,2025-03-06T06:45:00Z,2025-03-06,2025-03-06_8,70.9552417840051,0,0,0,48.562631404350675,29.281315702175377,0.053559210283820276,0.0,0.0,True,False,False,False,2719.8918056853754,0.0,0.0,0.0,0.0,0.0,2719.8918056853754
2025-03-06T06:45:00Z,2025-03-06T07:00:00Z,2025-03-06,2025-03-06_8,70.9552417840051,0,0,0,29.281315702175377,10.000000000000078,0.053559210283820276,0.0,0.0,True,False,False,False,2719.8918056853754,0.0,0.0,0.0,0.0,0.0,2719.8918056853754
2025-03-06T07:00:00Z,2025-03-06T07:15:00Z,2025-03-06,2025-03-06_9,1.00000000000009,99,100,0,10.000000000000078,13.906765582608749,0.012365683381642555,0.04653,4.5885,True,True,False,False,27.12500000000244,0.0,175.62206148282095,203.61663652802895,9.031737576853526,1106.3005337552743,1521.69596934298
2025-03-06T07:15:00Z,2025-03-06T07:30:00Z,2025-03-06,2025-03-06_9,1.00000000000009,99,100,0,13.906765582608749,18.676098139130463,0.014427524009661878,0.0,5.4695,True,True,False,False,27.12500000000244,0.0,175.62206148282095,203.61663652802895,0.0,-249.19028812537672,157.17340988547562
2025-03-06T07:30:00Z,2025-03-06T07:45:00Z,2025-03-06,2025-03-06_9,1.00000000000009,99,100,0,18.676098139130463,25.05282241739131,0.018787187004830952,0.0,7.213500000000001,True,True,False,False,27.12500000000244,0.0,175.62206148282095,203.61663652802895,0.0,339.4649620253165,745.8286600361688
2025-03-06T07:45:00Z,2025-03-06T08:00:00Z,2025-03-06,2025-03-06_9,1.00000000000009,99,100,0,25.05282241739131,42.37990279999999,0.048487391159420266,0.0,19.0945,True,True,False,False,27.12500000000244,0.0,175.62206148282095,203.61663652802895,0.0,12827.187883363471,13233.551581374324
2025-03-06T08:00:00Z,2025-03-06T08:15:00Z,2025-03-06,2025-03-06_10,-0.9122285153152797,100,99,0,42.37990279999999,22.563380649230268,0.056368012446221145,18.62,0.20047500000000004,True,True,False,False,-18.15106688348578,0.0,177.39602169981916,201.22242314647374,21372.767032348806,-7.871372739602171,21725.36303757201
2025-03-06T08:15:00Z,2025-03-06T08:30:00Z,2025-03-06,2025-03-06_10,-0.9122285153152797,100,99,0,22.563380649230268,13.406987564386364,0.02619772332358242,8.629,0.0,True,True,False,False,-18.15106688348578,0.0,177.39602169981916,201.22242314647374,4407.912349206349,0.0,4768.3797271691565
2025-03-06T08:30:00Z,2025-03-06T08:45:00Z,2025-03-06,2025-03-06_10,-0.9122285153152797,100,99,0,13.406987564386364,12.844957538262854,0.0027589365827452206,0.722,0.01287,True,True,False,False,-18.15106688348578,0.0,177.39602169981916,201.22242314647374,122.69938115330518,-1.0084990958408677,482.1582600202714
2025-03-06T08:45:00Z,2025-03-06T09:00:00Z,2025-03-06,2025-03-06_10,-0.9122285153152797,100,99,0,12.844957538262854,21.217833913043517,0.023272948832646273,0.0025,8.875845,True,True,False,False,-18.15106688348578,0.0,177.39602169981916,201.22242314647374,0.4219409282700422,220.6477642405063,581.5370831315835
2025-03-06T09:00:00Z,2025-03-06T09:15:00Z,2025-03-06,2025-03-06_11,0.0,100,100,0,21.217833913043517,11.728511304347865,0.028278451690821254,9.048,0.3755,True,True,False,False,0.0,0.0,177.39602169981916,203.25497287522603,2021.641707052441,-15.17496825396825,2387.117733373518
2025-03-06T09:15:00Z,2025-03-06T09:30:00Z,2025-03-06,2025-03-06_11,0.0,100,100,0,11.728511304347865,10.000000000000039,0.004809086956521738,1.5915,0.0015,True,True,False,False,0.0,0.0,177.39602169981916,203.25497287522603,234.459255575648,-0.11754068716094031,614.9927094635323
2025-03-06T09:30:00Z,2025-03-06T09:45:00Z,2025-03-06,2025-03-06_11,0.0,100,100,0,10.000000000000039,10.18632608695656,0.0010157608695652175,0.0825,0.3,True,True,False,False,0.0,0.0,177.39602169981916,203.25497287522603,12.153872814948766,-13.274502712477394,379.53036467751656
2025-03-06T09:45:00Z,2025-03-06T10:00:00Z,2025-03-06,2025-03-06_11,0.0,100,100,0,10.18632608695656,22.499146086956564,0.03420227777777778,0.0,13.383500000000002,True,True,False,False,0.0,0.0,177.39602169981916,203.25497287522603,0.0,2881.749633413703,3262.4006279887485
2025-03-06T10:00:00Z,2025-03-06T10:15:00Z,2025-03-06,2025-03-06_12,0.0,100,100,0,22.499146086956564,26.00346086956526,0.013592903381642513,0.639,4.564,True,True,False,False,0.0,0.0,177.39602169981916,203.25497287522603,61.036889692585895,-30.29645007032348,411.3914341973076
2025-03-06T10:15:00Z,2025-03-06T10:30:00Z,2025-03-06,2025-03-06_12,0.0,100,100,0,26.00346086956526,29.64298086956526,0.010109777777777778,0.0,3.956,True,True,False,False,0.0,0.0,177.39602169981916,203.25497287522603,0.0,-125.97121719911593,254.67977737592926
2025-03-06T10:30:00Z,2025-03-06T10:45:00Z,2025-03-06,2025-03-06_12,0.0,100,100,0,29.64298086956526,42.86338086956526,0.03672333333333333,0.0,14.37,True,True,False,False,0.0,0.0,177.39602169981916,203.25497287522603,0.0,2440.5410910186856,2821.192085593731
2025-03-06T10:45:00Z,2025-03-06T11:00:00Z,2025-03-06,2025-03-06_12,0.0,100,100,0,42.86338086956526,53.59702086956526,0.02981566666666667,0.0,11.667,True,True,False,False,0.0,0.0,177.39602169981916,203.25497287522603,0.0,192.28866305003015,572.9396576250754
2025-03-06T11:00:00Z,2025-03-06T11:15:00Z,2025-03-06,2025-03-06_13,0.0,100,100,0,53.59702086956526,69.14318086956527,0.04318377777777778,0.0,16.898,True,True,False,False,0.0,0.0,177.39602169981916,203.25497287522603,0.0,8290.161516174403,8670.812510749449
2025-03-06T11:15:00Z,2025-03-06T11:30:00Z,2025-03-06,2025-03-06_13,0.0,100,100,0,69.14318086956527,77.95448086956527,0.024475833333333336,0.0,9.5775,True,True,False,False,0.0,0.0,177.39602169981916,203.25497287522603,0.0,526.0851280892103,906.7361226642555
2025-03-06T11:30:00Z,2025-03-06T11:45:00Z,2025-03-06,2025-03-06_13,0.0,100,100,0,77.95448086956527,84.71878086956528,0.018789722222222225,0.0,7.352500000000001,True,True,False,False,0.0,0.0,177.39602169981916,203.25497287522603,0.0,-79.53020644966848,301.1207881253767
2025-03-06T11:45:00Z,2025-03-06T12:00:00Z,2025-03-06,2025-03-06_13,0.0,100,100,0,84.71878086956528,97.08726086956528,0.034356888888888895,0.0,13.444,True,True,False,False,0.0,0.0,177.39602169981916,203.25497287522603,0.0,438.5980068314245,819.2490014064697
2025-03-06T12:00:00Z,2025-03-06T12:15:00Z,2025-03-06,2025-03-06_14,0.0,100,100,0,97.08726086956528,113.82252086956528,0.04648683333333333,0.0,18.1905,True,True,False,False,0.0,0.0,177.39602169981916,203.25497287522603,0.0,5259.5434954792045,5640.194490054249
2025-03-06T12:15:00Z,2025-03-06T12:30:00Z,2025-03-06,2025-03-06_14,0.0,100,100,0,113.82252086956528,130.57204086956528,0.04652644444444445,0.0,18.206,True,True,False,False,0.0,0.0,177.39602169981916,203.25497287522603,0.0,7897.709392806911,8278.360387381956
2025-03-06T12:30:00Z,2025-03-06T12:45:00Z,2025-03-06,2025-03-06_14,0.0,100,100,0,130.57204086956528,139.43486086956528,0.024618944444444443,0.0,9.6335,True,True,False,False,0.0,0.0,177.39602169981916,203.25497287522603,0.0,65.2627525617842,445.9137471368294
2025-03-06T12:45:00Z,2025-03-06T13:00:00Z,2025-03-06,2025-03-06_14,0.0,100,100,0,139.43486086956528,150.21680086956528,0.029949833333333335,0.0,11.7195,True,True,False,False,0.0,0.0,177.39602169981916,203.25497287522603,0.0,3798.9523360458106,4179.603330620856
2025-03-06T13:00:00Z,2025-03-06T13:15:00Z,2025-03-06,2025-03-06_15,16.303514953121844,83,100,0,150.21680086956528,169.17951122666597,0.05297299475935411,0.0,24.6965,True,True,False,False,53.63856419577087,0.0,147.2386980108499,203.25497287522603,0.0,34798.67353907976,35202.80577416161
2025-03-06T13:15:00Z,2025-03-06T13:30:00Z,2025-03-06,2025-03-06_15,16.303514953121844,83,100,0,169.17951122666597,181.6262967069179,0.04164565991801855,0.0,17.8175,True,True,False,False,53.63856419577087,0.0,147.2386980108499,203.25497287522603,0.0,10223.912049929677,10628.044285011523
2025-03-06T13:30:00Z,2025-03-06T13:45:00Z,2025-03-06,2025-03-06_15,16.303514953121844,83,100,0,181.6262967069179,178.30547837970386,0.014432741625650598,0.040255,1.2175,True,True,False,False,53.63856419577087,0.0,147.2386980108499,203.25497287522603,3.866445433996383,-47.53876381354229,360.4599167023009
2025-03-06T13:45:00Z,2025-03-06T14:00:00Z,2025-03-06,2025-03-06_15,16.303514953121844,83,100,0,178.30547837970386,174.0687560402412,0.013531135148072315,0.18094000000000002,0.412,True,True,False,False,53.63856419577087,0.0,147.2386980108499,203.25497287522603,17.07456288125377,-9.093387181032751,412.11341078206783
2025-03-06T14:00:00Z,2025-03-06T14:15:00Z,2025-03-06,2025-03-06_16,10.725527032652414,89,100,0,174.0687560402412,189.34679208734784,0.0460679218678054,0.0,19.397,True,True,False,False,196.97430395466156,0.0,157.88245931283905,204.18927064496685,0.0,25702.572239099853,26261.61827301232
2025-03-06T14:15:00Z,2025-03-06T14:30:00Z,2025-03-06,2025-03-06_16,10.725527032652414,89,100,0,189.34679208734784,186.70533496001144,0.009164829370909362,0.09434,0.40049999999999997,True,True,False,False,196.97430395466156,0.0,157.88245931283905,204.18927064496685,10.066364223427767,-20.193263110307413,548.9191350255878
2025-03-06T14:30:00Z,2025-03-06T14:45:00Z,2025-03-06,2025-03-06_16,10.725527032652414,89,100,0,186.70533496001144,181.16383848374718,0.015393045767400672,2.416795,0.0,True,True,False,False,196.97430395466156,0.0,157.88245931283905,204.18927064496685,439.44636414607197,0.0,998.4923980585395
2025-03-06T14:45:00Z,2025-03-06T15:00:00Z,2025-03-06,2025-03-06_16,10.725527032652414,89,100,0,181.16383848374718,167.92567359491045,0.036788650458043914,9.500750000000002,0.0035000000000000005,True,True,False,False,196.97430395466156,0.0,157.88245931283905,204.18927064496685,2799.7643157524612,-0.17379957805907173,3358.6365500868696
2025-03-06T15:00:00Z,2025-03-06T15:15:00Z,2025-03-06,2025-03-06_17,3.9863132022200563,96,100,0,167.92567359491045,189.55568706297436,0.06020108252939767,0.0,24.511,True,True,False,False,120.79525581027325,0.0,170.30018083182637,204.18927064496685,0.0,29290.93064155113,29786.2153488382
2025-03-06T15:15:00Z,2025-03-06T15:30:00Z,2025-03-06,2025-03-06_17,3.9863132022200563,96,100,0,189.55568706297436,188.88951397266516,0.004318886012111174,0.04512,0.503,True,True,False,False,120.79525581027325,0.0,170.30018083182637,204.18927064496685,7.630519975889089,-31.965917821981108,470.94930944097445
2025-03-06T15:30:00Z,2025-03-06T15:45:00Z,2025-03-06,2025-03-06_17,3.9863132022200563,96,100,0,188.88951397266516,187.57516502910534,0.00386934708419395,0.25056,0.0445,True,True,False,False,120.79525581027325,0.0,170.30018083182637,204.18927064496685,48.13108079566004,-3.4926643560377735,539.9231237266887
2025-03-06T15:45:00Z,2025-03-06T16:00:00Z,2025-03-06,2025-03-06_17,3.9863132022200563,96,100,0,187.57516502910534,184.46389999999988,0.008796984894370747,1.89264,0.0315,True,True,False,False,120.79525581027325,0.0,170.30018083182637,204.18927064496685,378.9858538396624,-2.340164556962025,871.9303965697668
2025-03-06T16:00:00Z,2025-03-06T16:15:00Z,2025-03-06,2025-03-06_18,0.0,100,100,0,184.46389999999988,189.9604399999999,0.015268166666666668,0.0,5.9745,True,True,False,False,0.0,0.0,177.39602169981916,191.16937914406267,0.0,2283.147312236287,2651.7127130801687
2025-03-06T16:15:00Z,2025-03-06T16:30:00Z,2025-03-06,2025-03-06_18,0.0,100,100,0,189.9604399999999,189.74402173913032,0.00082093961352657,0.2355,0.043,True,True,False,False,0.0,0.0,177.39602169981916,191.16937914406267,44.15111603375527,-3.374925457102672,409.3415914205344
2025-03-06T16:30:00Z,2025-03-06T16:45:00Z,2025-03-06,2025-03-06_18,0.0,100,100,0,189.74402173913032,188.43260869565205,0.0036428140096618354,1.2065,0.0,True,True,False,False,0.0,0.0,177.39602169981916,191.16937914406267,295.0521567209162,0.0,663.6175575647981
2025-03-06T16:45:00Z,2025-03-06T17:00:00Z,2025-03-06,2025-03-06_18,0.0,100,100,0,188.43260869565205,171.13749999999987,0.04804196859903382,15.9115,0.0,True,True,False,False,0.0,0.0,177.39602169981916,191.16937914406267,7907.929180831826,0.0,8276.494581675708
2025-03-06T17:00:00Z,2025-03-06T17:15:00Z,2025-03-06,2025-03-06_19,100.0,0,100,0,171.13749999999987,143.98804347826072,0.07541515700483092,0.0,0.0225,True,True,False,False,6750.0,0.0,0.0,191.16937914406267,0.0,-1.7540687160940323,6939.4153104279685
2025-03-06T17:15:00Z,2025-03-06T17:30:00Z,2025-03-06,2025-03-06_19,100.0,0,100,0,143.98804347826072,116.90326086956507,0.07523550724637681,0.0,0.082,True,True,False,False,6750.0,0.0,0.0,191.16937914406267,0.0,-6.305004219409282,6934.864374924653
2025-03-06T17:30:00Z,2025-03-06T17:45:00Z,2025-03-06,2025-03-06_19,100.0,0,100,0,116.90326086956507,89.7548913043477,0.07541213768115942,0.0,0.0235,True,True,False,False,6750.0,0.0,0.0,191.16937914406267,0.0,-1.8445871006630499,6939.3247920434
2025-03-06T17:45:00Z,2025-03-06T18:00:00Z,2025-03-06,2025-03-06_19,100.0,0,100,0,89.7548913043477,62.75380434782596,0.07500301932367148,0.0,0.159,True,True,False,False,6750.0,0.0,0.0,191.16937914406267,0.0,-12.468353827606993,6928.701025316455
2025-03-06T18:00:00Z,2025-03-06T18:15:00Z,2025-03-06,2025-03-06_20,49.61891001561552,50,100,0,62.75380434782596,49.28182079472202,0.03762174163172685,0.061,0.0775,True,True,False,False,3218.1584563377837,0.0,88.72814948764315,191.0186859553948,11.211572031344183,-6.080970464135022,3503.0358933480306
2025-03-06T18:15:00Z,2025-03-06T18:30:00Z,2025-03-06,2025-03-06_20,49.61891001561552,50,100,0,49.28182079472202,35.92130500480568,0.037460173381770996,0.0115,0.135,True,True,False,False,3218.1584563377837,0.0,88.72814948764315,191.0186859553948,1.9409282700421941,-10.364077757685353,3489.4821422931786
2025-03-06T18:30:00Z,2025-03-06T18:45:00Z,2025-03-06,2025-03-06_20,49.61891001561552,50,100,0,35.92130500480568,22.52503949021932,0.037480939651134276,0.01625,0.1045,True,True,False,False,3218.1584563377837,0.0,88.72814948764315,191.0186859553948,2.8069107896323087,-8.123263512155916,3492.588939058298
2025-03-06T18:45:00Z,2025-03-06T19:00:00Z,2025-03-06,2025-03-06_20,49.61891001561552,50,100,0,22.52503949021932,12.187212412935422,0.03683784194722688,0.016,3.154,True,True,False,False,3218.1584563377837,0.0,88.72814948764315,191.0186859553948,2.949568012859152,-175.6201952983725,3325.234664495308
2025-03-06T19:00:00Z,2025-03-06T19:15:00Z,2025-03-06,2025-03-06_21,12.546371838500685,87,100,0,12.187212412935422,9.999999999999806,0.012485357955982417,0.11701500000000001,1.434,True,True,False,False,695.696318444863,0.0,154.38698010849907,201.92887281494876,22.612131892706447,-91.70051115129596,982.9237921097213
2025-03-06T19:15:00Z,2025-03-06T19:30:00Z,2025-03-06,2025-03-06_21,12.546371838500685,87,100,0,9.999999999999806,10.729869149865037,0.01765110959162551,0.0030450000000000004,4.4025,True,True,False,False,695.696318444863,0.0,154.38698010849907,201.92887281494876,0.5139240506329115,-94.43216546112114,958.0939299578226
2025-03-06T19:30:00Z,2025-03-06T19:45:00Z,2025-03-06,2025-03-06_21,12.546371838500685,87,100,0,10.729869149865037,17.085676797337435,0.028733103913423156,0.0,10.378,True,True,False,False,695.696318444863,0.0,154.38698010849907,201.92887281494876,0.0,-301.0078742214185,751.0042971468923
2025-03-06T19:45:00Z,2025-03-06T20:00:00Z,2025-03-06,2025-03-06_21,12.546371838500685,87,100,0,17.085676797337435,16.95130260869537,0.01593058189016187,0.0,3.4805,True,True,False,False,695.696318444863,0.0,154.38698010849907,201.92887281494876,0.0,-250.56453074141046,801.4476406269004
2025-03-06T20:00:00Z,2025-03-06T20:15:00Z,2025-03-06,2025-03-06_22,0.0,100,100,0,16.95130260869537,10.519425217391024,0.018259881642512077,5.9825,0.077,True,True,False,False,0.0,0.0,177.4562989752863,201.92887281494876,1626.4646910789631,-5.711073136427566,2000.1387897327706
2025-03-06T20:15:00Z,2025-03-06T20:30:00Z,2025-03-06,2025-03-06_22,0.0,100,100,0,10.519425217391024,9.999999999999721,0.0017214033816425123,0.524,0.0545,True,True,False,False,0.0,0.0,177.4562989752863,201.92887281494876,103.1349286718907,-4.108097649186257,478.41200281293953
2025-03-06T20:30:00Z,2025-03-06T20:45:00Z,2025-03-06,2025-03-06_22,0.0,100,100,0,9.999999999999721,11.44578347826059,0.004082490338164252,0.011,1.5845000000000002,True,True,False,False,0.0,0.0,177.4562989752863,201.92887281494876,1.8565400843881856,-115.27372804902554,265.9679838255977
2025-03-06T20:45:00Z,2025-03-06T21:00:00Z,2025-03-06,2025-03-06_22,0.0,100,100,0,11.44578347826059,16.29464347826059,0.013469055555555555,0.0,5.2705,True,True,False,False,0.0,0.0,177.4562989752863,201.92887281494876,0.0,-335.75001737994774,43.63515441028733
2025-03-06T21:00:00Z,2025-03-06T21:15:00Z,2025-03-06,2025-03-06_23,0.41510773744614515,99,100,0,16.29464347826059,10.562316077009443,0.020758531438890525,5.9746500000000005,0.95,True,True,False,False,16.791107979696573,0.0,175.68173598553344,201.92887281494876,1296.5590726039782,-51.8302591922845,1639.1305301918724
2025-03-06T21:15:00Z,2025-03-06T21:30:00Z,2025-03-06,2025-03-06_23,0.41510773744614515,99,100,0,10.562316077009443,9.99999999999976,0.0018521130889295788,0.461835,0.056999999999999995,True,True,False,False,16.791107979696573,0.0,175.68173598553344,201.92887281494876,91.0602769801085,-4.4764870403857735,480.9855067199015
2025-03-06T21:30:00Z,2025-03-06T21:45:00Z,2025-03-06,2025-03-06_23,0.41510773744614515,99,100,0,9.99999999999976,12.080518923218065,0.006584134493353806,0.0396,2.429,True,True,False,False,16.791107979696573,0.0,175.68173598553344,201.92887281494876,6.841681735985534,-156.9211111111111,244.3222874050532
2025-03-06T21:45:00Z,2025-03-06T22:00:00Z,2025-03-06,2025-03-06_23,0.41510773744614515,99,100,0,12.080518923218065,25.69110815603428,0.03806023005828478,0.0,14.9055,True,True,False,False,16.791107979696573,0.0,175.68173598553344,201.92887281494876,0.0,1381.177112718505,1775.5788294986837
2025-03-06T22:00:00Z,2025-03-06T22:15:00Z,2025-03-07,2025-03-06_24,0.0,100,100,0,25.69110815603428,26.465664677773407,0.0037517874396135265,0.265,1.155,True,True,False,False,0.0,0.0,176.73834405144697,203.4766881028939,51.30114549839229,-45.6505858118971,385.86559184083603
2025-03-06T22:15:00Z,2025-03-06T22:30:00Z,2025-03-07,2025-03-06_24,0.0,100,100,0,26.465664677773407,28.338086416903842,0.005442717391304349,0.04,2.0825,True,True,False,False,0.0,0.0,176.73834405144697,203.4766881028939,6.752411575562701,-71.28210008038586,315.6853436495177
2025-03-06T22:30:00Z,2025-03-06T22:45:00Z,2025-03-07,2025-03-06_24,0.0,100,100,0,28.338086416903842,32.40264641690384,0.011290444444444445,0.0,4.418,True,True,False,False,0.0,0.0,176.73834405144697,203.4766881028939,0.0,-166.05766840836012,214.15736374598075
2025-03-06T22:45:00Z,2025-03-06T23:00:00Z,2025-03-07,2025-03-06_24,0.0,100,100,0,32.40264641690384,36.495266416903846,0.01136838888888889,0.0,4.4485,True,True,False,False,0.0,0.0,176.73834405144697,203.4766881028939,0.0,-159.27614660369775,220.9388855506431
2025-03-06T23:00:00Z,2025-03-06T23:15:00Z,2025-03-07,2025-03-07_1,0.0,100,100,0,36.495266416903846,36.54818032994733,0.0004126835748792271,0.044,0.1095,True,True,False,False,0.0,0.0,176.73834405144697,203.4766881028939,7.42765273311897,-8.597862540192926,379.0448223472669
2025-03-06T23:15:00Z,2025-03-06T23:30:00Z,2025-03-07,2025-03-07_1,0.0,100,100,0,36.54818032994733,34.5208838082082,0.005685045893719806,1.8739999999999999,0.0105,True,True,False,False,0.0,0.0,176.73834405144697,203.4766881028939,374.9615647106109,-0.8250602893890676,754.3515365755627
2025-03-06T23:30:00Z,2025-03-06T23:45:00Z,2025-03-07,2025-03-07_1,0.0,100,100,0,34.5208838082082,35.46338293864298,0.002636169082125604,0.003,1.028,True,True,False,False,0.0,0.0,176.73834405144697,203.4766881028939,0.5064308681672026,-47.71192604501608,333.00953697749196
2025-03-06T23:45:00Z,2025-03-07T00:00:00Z,2025-03-07,2025-03-07_1,0.0,100,100,0,35.46338293864298,35.53084815603428,0.0004259299516908213,0.0395,0.12,True,True,False,False,0.0,0.0,176.73834405144697,203.4766881028939,6.967264971864951,-9.418914790996784,377.76338233520903
2025-03-07T00:00:00Z,2025-03-07T00:15:00Z,2025-03-07,2025-03-07_2,0.0,100,100,0,35.53084815603428,26.203130764729934,0.02591032608695652,8.5815,0.0,True,True,False,False,0.0,0.0,176.73834405144697,203.4766881028939,2224.4693196342446,0.0,2604.6843517885854
2025-03-07T00:15:00Z,2025-03-07T00:30:00Z,2025-03-07,2025-03-07_2,0.0,100,100,0,26.203130764729934,25.006165547338632,0.0037976811594202897,1.1795,0.0925,True,True,False,False,0.0,0.0,176.73834405144697,203.4766881028939,234.91818950964628,-7.26004170016077,607.8731799638264
2025-03-07T00:30:00Z,2025-03-07T00:45:00Z,2025-03-07,2025-03-07_2,0.0,100,100,0,25.006165547338632,24.914617721251677,0.0003948550724637681,0.1075,0.0275,True,True,False,False,0.0,0.0,176.73834405144697,203.4766881028939,19.578977592443728,-2.1593634445337617,397.6346463022508
2025-03-07T00:45:00Z,2025-03-07T01:00:00Z,2025-03-07,2025-03-07_2,0.0,100,100,0,24.914617721251677,24.95536728646907,0.00046947342995169077,0.05899999999999999,0.11399999999999999,True,True,False,False,0.0,0.0,176.73834405144697,203.4766881028939,10.231105104501605,-8.122385450160772,382.3237518086817
2025-03-07T01:00:00Z,2025-03-07T01:15:00Z,2025-03-07,2025-03-07_3,-59.00000000000004,100,41,0,24.95536728646907,37.735802973425606,0.03750912086956524,0.811,0.013120000000000001,True,True,False,False,-1503.7625000000012,0.0,176.73834405144697,83.42544212218648,155.25760530546626,-1.0236816720257236,-1089.364790192927
2025-03-07T01:15:00Z,2025-03-07T01:30:00Z,2025-03-07,2025-03-07_3,-59.00000000000004,100,41,0,37.735802973425606,49.93432558212127,0.037320020531400995,1.3875,0.0,True,True,False,False,-1503.7625000000012,0.0,176.73834405144697,83.42544212218648,267.79391328376204,0.0,-975.8048005426057
2025-03-07T01:30:00Z,2025-03-07T01:45:00Z,2025-03-07,2025-03-07_3,-59.00000000000004,100,41,0,49.93432558212127,62.402279773425626,0.03740491502415461,1.1195,0.00492,True,True,False,False,-1503.7625000000012,0.0,176.73834405144697,83.42544212218648,218.37156883038585,-0.3856109324758842,-1025.6127559284578
2025-03-07T01:45:00Z,2025-03-07T02:00:00Z,2025-03-07,2025-03-07_3,-59.00000000000004,100,41,0,62.402279773425626,75.92676969516477,0.037827991328502446,0.105,0.063345,True,True,False,False,-1503.7625000000012,0.0,176.73834405144697,83.42544212218648,19.494275522508037,-4.448942381430869,-1228.5533806852904
2025-03-07T02:00:00Z,2025-03-07T02:15:00Z,2025-03-07,2025-03-07_4,-100.0,100,0,0,75.92676969516477,92.81520969516477,0.046912333333333334,6.643000000000001,0.0,True,True,False,False,-2594.5,0.0,176.73834405144697,0.0,1470.0854869372993,0.0,-947.6761690112537
2025-03-07T02:15:00Z,2025-03-07T02:30:00Z,2025-03-07,2025-03-07_4,-100.0,100,0,0,92.81520969516477,110.95806969516477,0.05039683333333334,5.2795,0.0,True,True,False,False,-2594.5,0.0,176.73834405144697,0.0,1052.7350585811896,0.0,-1365.0265973673634
2025-03-07T02:30:00Z,2025-03-07T02:45:00Z,2025-03-07,2025-03-07_4,-100.0,100,0,0,110.95806969516477,130.60558969516478,0.054576444444444455,3.644,0.0,True,True,False,False,-2594.5,0.0,176.73834405144697,0.0,721.8115168810291,0.0,-1695.9501390675239
2025-03-07T02:45:00Z,2025-03-07T03:00:00Z,2025-03-07,2025-03-07_4,-100.0,100,0,0,130.60558969516478,139.62112969516477,0.025043166666666665,15.2005,0.0,True,True,False,False,-2594.5,0.0,176.73834405144697,0.0,14220.199104803056,0.0,11802.437448854504
2025-03-07T03:00:00Z,2025-03-07T03:15:00Z,2025-03-07,2025-03-07_5,-100.0,100,0,0,139.62112969516477,157.51742969516476,0.04971194444444445,5.5475,0.0,True,True,False,False,-2685.5,0.0,176.73834405144697,0.0,2120.2029938705787,0.0,-388.55866207797436
2025-03-07T03:15:00Z,2025-03-07T03:30:00Z,2025-03-07,2025-03-07_5,-100.0,100,0,0,157.51742969516476,167.83154969516477,0.02865033333333334,13.788999999999998,0.0,True,True,False,False,-2685.5,0.0,176.73834405144697,0.0,4504.239476889066,0.0,1995.4778209405133
2025-03-07T03:30:00Z,2025-03-07T03:45:00Z,2025-03-07,2025-03-07_5,-100.0,100,0,0,167.83154969516477,179.36834969516477,0.03204666666666667,12.46,0.0,True,True,False,False,-2685.5,0.0,176.73834405144697,0.0,5209.612138263666,0.0,2700.8504823151125
2025-03-07T03:45:00Z,2025-03-07T04:00:00Z,2025-03-07,2025-03-07_5,-100.0,100,0,0,179.36834969516477,186.83414969516477,0.020738333333333324,16.885,0.0,True,True,False,False,-2685.5,0.0,176.73834405144697,0.0,14778.925398914793,0.0,12270.16374296624
2025-03-07T04:00:00Z,2025-03-07T04:15:00Z,2025-03-07,2025-03-07_6,0.0,100,100,0,186.83414969516477,189.72385230386044,0.009292048309178742,0.20950000000000002,3.3884999999999996,True,True,False,False,0.0,0.0,176.73834405144697,191.41881028938906,42.00563414389068,-128.72214188102893,281.44064660369776
2025-03-07T04:15:00Z,2025-03-07T04:30:00Z,2025-03-07,2025-03-07_6,0.0,100,100,0,189.72385230386044,181.42410795603436,0.02314684541062802,7.651,0.018,True,True,False,False,0.0,0.0,176.73834405144697,191.41881028938906,1751.5654481511253,-1.3967037781350482,2118.3258987138265
2025-03-07T04:30:00Z,2025-03-07T04:45:00Z,2025-03-07,2025-03-07_6,0.0,100,100,0,181.42410795603436,166.11758621690393,0.042518115942028985,14.082,0.0,True,True,False,False,0.0,0.0,176.73834405144697,191.41881028938906,5224.801217845659,0.0,5592.958372186496
2025-03-07T04:45:00Z,2025-03-07T05:00:00Z,2025-03-07,2025-03-07_6,0.0,100,100,0,166.11758621690393,142.81867317342568,0.06471920289855072,21.435,0.0,True,True,False,False,0.0,0.0,176.73834405144697,191.41881028938906,27969.353781149515,0.0,28337.51093549035
2025-03-07T05:00:00Z,2025-03-07T05:15:00Z,2025-03-07,2025-03-07_7,0.0,100,100,0,142.81867317342568,132.11541230386047,0.029731280193236714,9.847,0.0,True,True,False,False,0.0,0.0,176.73834405144697,191.41881028938906,2378.553140273312,0.0,2746.7102946141476
2025-03-07T05:15:00Z,2025-03-07T05:30:00Z,2025-03-07,2025-03-07_7,0.0,100,100,0,132.11541230386047,125.16921665168655,0.019294987922705314,6.3905,0.0,True,True,False,False,0.0,0.0,176.73834405144697,191.41881028938906,1396.8726309284566,0.0,1765.0297852692927
2025-03-07T05:30:00Z,2025-03-07T05:45:00Z,2025-03-07,2025-03-07_7,0.0,100,100,0,125.16921665168655,124.42095317342569,0.0025078429951690823,0.7595,0.084,True,True,False,False,0.0,0.0,176.73834405144697,191.41881028938906,152.16634395096463,-6.3245618971061095,513.9989363946945
2025-03-07T05:45:00Z,2025-03-07T06:00:00Z,2025-03-07,2025-03-07_7,0.0,100,100,0,124.42095317342569,125.79434621690395,0.0038210193236714977,0.001,1.494,True,True,False,False,0.0,0.0,176.73834405144697,191.41881028938906,0.16881028938906753,-68.19407435691319,300.1318902733119
2025-03-07T06:00:00Z,2025-03-07T06:15:00Z,2025-03-07,2025-03-07_8,99.83575124794737,0,0,0,125.79434621690395,98.66506598648347,0.075359111751168,0.0,0.0,True,False,False,False,3775.7881121973696,0.0,0.0,0.0,0.0,0.0,3775.7881121973696
2025-03-07T06:15:00Z,2025-03-07T06:30:00Z,2025-03-07,2025-03-07_8,99.83575124794737,0,0,0,98.66506598648347,71.53578575606299,0.075359111751168,0.0,0.0,True,False,False,False,3775.7881121973696,0.0,0.0,0.0,0.0,0.0,3775.7881121973696
2025-03-07T06:30:00Z,2025-03-07T06:45:00Z,2025-03-07,2025-03-07_8,99.83575124794737,0,0,0,71.53578575606299,44.406505525642515,0.075359111751168,0.0,0.0,True,False,False,False,3775.7881121973696,0.0,0.0,0.0,0.0,0.0,3775.7881121973696
2025-03-07T06:45:00Z,2025-03-07T07:00:00Z,2025-03-07,2025-03-07_8,99.83575124794737,0,0,0,44.406505525642515,17.277225295222035,0.075359111751168,0.0,0.0,True,False,False,False,3775.7881121973696,0.0,0.0,0.0,0.0,0.0,3775.7881121973696
2025-03-07T07:00:00Z,2025-03-07T07:15:00Z,2025-03-07,2025-03-07_9,28.766855354584486,71,100,0,17.277225295222035,10.709333633270456,0.02466652382665172,0.42174,1.764,True,True,False,False,863.2933291910805,0.0,125.3558078778135,204.32073954983923,84.49886358520901,-62.02962781350482,1215.4391123904375
2025-03-07T07:15:00Z,2025-03-07T07:30:00Z,2025-03-07,2025-03-07_9,28.766855354584486,71,100,0,10.709333633270456,10.000000000000142,0.028702983169875664,0.0,7.3425,True,True,False,False,863.2933291910805,0.0,125.3558078778135,204.32073954983923,0.0,-27.69078677652733,1165.2790898422058
2025-03-07T07:30:00Z,2025-03-07T07:45:00Z,2025-03-07,2025-03-07_9,28.766855354584486,71,100,0,10.000000000000142,11.801247350708316,0.031171575313649558,0.0,9.936,True,True,False,False,863.2933291910805,0.0,125.3558078778135,204.32073954983923,0.0,4700.414893890676,5893.384770509409
2025-03-07T07:45:00Z,2025-03-07T08:00:00Z,2025-03-07,2025-03-07_9,28.766855354584486,71,100,0,11.801247350708316,20.932887800000294,0.03837936941765101,0.0,17.5085,True,True,False,False,863.2933291910805,0.0,125.3558078778135,204.32073954983923,0.0,16456.860532857718,17649.83040947645
2025-03-07T08:00:00Z,2025-03-07T08:15:00Z,2025-03-07,2025-03-07_10,-32.9999999999999,100,67,0,20.932887800000294,28.64031858260897,0.021862670048309114,0.11200000000000002,0.25326,True,True,False,False,-683.8424999999979,0.0,176.55747588424438,136.89489549839226,19.262491961414792,-11.32646310289389,-362.45409975884036
2025-03-07T08:15:00Z,2025-03-07T08:30:00Z,2025-03-07,2025-03-07_10,-32.9999999999999,100,67,0,28.64031858260897,25.21520380000025,0.033675707729468596,10.675,0.0,True,True,False,False,-683.8424999999979,0.0,176.55747588424438,136.89489549839226,5697.854190112541,0.0,5327.4640614951795
2025-03-07T08:30:00Z,2025-03-07T08:45:00Z,2025-03-07,2025-03-07_10,-32.9999999999999,100,67,0,25.21520380000025,25.43255788695675,0.029511671980676304,7.145,0.0,True,True,False,False,-683.8424999999979,0.0,176.55747588424438,136.89489549839226,1399.900206993569,0.0,1029.5100783762077
2025-03-07T08:45:00Z,2025-03-07T09:00:00Z,2025-03-07,2025-03-07_10,-32.9999999999999,100,67,0,25.43255788695675,31.519598200000207,0.02284984024154584,1.4685,0.0134,True,True,False,False,-683.8424999999979,0.0,176.55747588424438,136.89489549839226,254.49376507234726,-1.05024115755627,-116.9466047025703
2025-03-07T09:00:00Z,2025-03-07T09:15:00Z,2025-03-07,2025-03-07_11,-2.0,100,98,0,31.519598200000207,13.54726637391325,0.050739899516908216,17.01,0.0,True,True,False,False,-32.84,0.0,176.55747588424438,200.23432475884243,15870.582962218652,0.0,16214.534762861738
2025-03-07T09:15:00Z,2025-03-07T09:30:00Z,2025-03-07,2025-03-07_11,-2.0,100,98,0,13.54726637391325,10.489524617391508,0.01088731154589372,3.2750000000000004,0.03381000000000001,True,True,False,False,-32.84,0.0,176.55747588424438,200.23432475884243,606.1073301848876,-2.315094905546624,947.7440359224278
2025-03-07T09:30:00Z,2025-03-07T09:45:00Z,2025-03-07,2025-03-07_11,-2.0,100,98,0,10.489524617391508,11.21471762608716,0.0022156327536231885,0.034,0.32830000000000004,True,True,False,False,-32.84,0.0,176.55747588424438,200.23432475884243,5.308331993569132,-17.065332214630228,332.1948004220257
2025-03-07T09:45:00Z,2025-03-07T10:00:00Z,2025-03-07,2025-03-07_11,-2.0,100,98,0,11.21471762608716,13.499735695652376,0.006663878695652175,0.0535,2.0467299999999997,True,True,False,False,-32.84,0.0,176.55747588424438,200.23432475884243,8.352816519292604,-41.04359988946944,311.26101727290995
2025-03-07T10:00:00Z,2025-03-07T10:15:00Z,2025-03-07,2025-03-07_12,-5.0,100,95,0,13.499735695652376,11.033206869565419,0.014342824516908213,3.6944999999999997,0.400425,True,True,False,False,-39.762499999999996,0.0,176.55747588424438,194.10470257234726,644.4430095458199,-12.756063047628617,962.5866249547829
2025-03-07T10:15:00Z,2025-03-07T10:30:00Z,2025-03-07,2025-03-07_12,-5.0,100,95,0,11.033206869565419,14.538308391304549,0.010051912439613526,0.055,2.624375,True,True,False,False,-39.762499999999996,0.0,176.55747588424438,194.10470257234726,6.723683681672025,-75.75456742363343,261.86879471463027
2025-03-07T10:30:00Z,2025-03-07T10:45:00Z,2025-03-07,2025-03-07_12,-5.0,100,95,0,14.538308391304549,17.20251339130455,0.007400569444444444,0.0,1.645875,True,True,False,False,-39.762499999999996,0.0,176.55747588424438,194.10470257234726,0.0,-40.15061786575563,290.74906059083605
2025-03-07T10:45:00Z,2025-03-07T11:00:00Z,2025-03-07,2025-03-07_12,-5.0,100,95,0,17.20251339130455,23.07735739130455,0.01631901111111111,0.0,5.1357,True,True,False,False,-39.762499999999996,0.0,176.55747588424438,194.10470257234726,0.0,28.21951555466238,359.119194011254
2025-03-07T11:00:00Z,2025-03-07T11:15:00Z,2025-03-07,2025-03-07_13,-100.0,100,0,0,23.07735739130455,46.02583739130455,0.06374577777777779,0.05600000000000001,0.0,True,True,False,False,-319.75,0.0,176.55747588424438,0.0,5.780627009646302,0.0,-137.4118971061093
2025-03-07T11:15:00Z,2025-03-07T11:30:00Z,2025-03-07,2025-03-07_13,-100.0,100,0,0,46.02583739130455,68.97569739130455,0.06374961111111112,0.0545,0.0,True,True,False,False,-319.75,0.0,176.55747588424438,0.0,5.625788786173633,0.0,-137.56673532958197
2025-03-07T11:30:00Z,2025-03-07T11:45:00Z,2025-03-07,2025-03-07_13,-100.0,100,0,0,68.97569739130455,91.84459739130455,0.06352472222222222,0.1425,0.0,True,True,False,False,-319.75,0.0,176.55747588424438,0.0,14.709631229903534,0.0,-128.4828928858521
2025-03-07T11:45:00Z,2025-03-07T12:00:00Z,2025-03-07,2025-03-07_13,-100.0,100,0,0,91.84459739130455,114.73189739130454,0.06357583333333333,0.1225,0.0,True,True,False,False,-319.75,0.0,176.55747588424438,0.0,12.645121583601284,0.0,-130.54740253215434
2025-03-07T12:00:00Z,2025-03-07T12:15:00Z,2025-03-07,2025-03-07_14,0.0,100,100,0,114.73189739130454,122.12915739130455,0.020547944444444445,0.0,8.0405,True,True,False,False,0.0,0.0,176.55747588424438,204.32073954983923,0.0,-7.219645096463022,373.6585703376206
2025-03-07T12:15:00Z,2025-03-07T12:30:00Z,2025-03-07,2025-03-07_14,0.0,100,100,0,122.12915739130455,127.17903739130455,0.014027444444444445,0.0,5.489,True,True,False,False,0.0,0.0,176.55747588424438,204.32073954983923,0.0,-113.99602853697748,266.8821868971061
2025-03-07T12:30:00Z,2025-03-07T12:45:00Z,2025-03-07,2025-03-07_14,0.0,100,100,0,127.17903739130455,130.83419739130454,0.010153222222222223,0.0,3.9730000000000003,True,True,False,False,0.0,0.0,176.55747588424438,204.32073954983923,0.0,-90.26758199356914,290.61063344051445
2025-03-07T12:45:00Z,2025-03-07T13:00:00Z,2025-03-07,2025-03-07_14,0.0,100,100,0,130.83419739130454,141.00341739130454,0.02824783333333333,0.0,11.0535,True,True,False,False,0.0,0.0,176.55747588424438,204.32073954983923,0.0,2088.8005092443727,2469.6787246784565
2025-03-07T13:00:00Z,2025-03-07T13:15:00Z,2025-03-07,2025-03-07_15,0.0,100,100,0,141.00341739130454,163.40495739130455,0.062226500000000004,0.0,24.3495,True,True,False,False,0.0,0.0,176.55747588424438,204.32073954983923,0.0,33043.97929250402,33424.8575079381
2025-03-07T13:15:00Z,2025-03-07T13:30:00Z,2025-03-07,2025-03-07_15,0.0,100,100,0,163.40495739130455,174.52821739130454,0.030897944444444443,0.0,12.0905,True,True,False,False,0.0,0.0,176.55747588424438,204.32073954983923,0.0,104.45307566318327,485.3312910972669
2025-03-07T13:30:00Z,2025-03-07T13:45:00Z,2025-03-07,2025-03-07_15,0.0,100,100,0,174.52821739130454,175.91405130434802,0.0042541280193236705,0.067,1.5854999999999997,True,True,False,False,0.0,0.0,176.55747588424438,204.32073954983923,8.374272909967846,-62.04670719453375,327.2057811495177
2025-03-07T13:45:00Z,2025-03-07T14:00:00Z,2025-03-07,2025-03-07_15,0.0,100,100,0,175.91405130434802,174.17453304347845,0.0054095507246376805,1.696,0.11299999999999999,True,True,False,False,0.0,0.0,176.55747588424438,204.32073954983923,216.69774276527332,-5.357712419614147,592.2182457797428
2025-03-07T14:00:00Z,2025-03-07T14:15:00Z,2025-03-07,2025-03-07_16,0.0,100,100,0,174.17453304347845,187.93865304347844,0.03823366666666666,0.0,14.960999999999999,True,True,False,False,0.0,0.0,176.55747588424438,204.32073954983923,0.0,8272.260413585209,8653.138629019293
2025-03-07T14:15:00Z,2025-03-07T14:30:00Z,2025-03-07,2025-03-07_16,0.0,100,100,0,187.93865304347844,189.98160000000018,0.005738258454106281,0.0105,2.233,True,True,False,False,0.0,0.0,176.55747588424438,204.32073954983923,1.3501657958199358,-87.21265112540193,295.01573010450164
2025-03-07T14:30:00Z,2025-03-07T14:45:00Z,2025-03-07,2025-03-07_16,0.0,100,100,0,189.98160000000018,187.09130434782628,0.008130821256038647,2.676,0.02,True,True,False,False,0.0,0.0,176.55747588424438,204.32073954983923,517.1617379421223,-1.507234726688103,896.5327186495177
2025-03-07T14:45:00Z,2025-03-07T15:00:00Z,2025-03-07,2025-03-07_16,0.0,100,100,0,187.09130434782628,183.25050434782628,0.010719999999999999,3.542,0.01,True,True,False,False,0.0,0.0,176.55747588424438,204.32073954983923,675.1111792604502,-0.38183279742765275,1055.607561897106
2025-03-07T15:00:00Z,2025-03-07T15:15:00Z,2025-03-07,2025-03-07_17,-3.9859083175804737,0,0,0,183.25050434782628,184.1672632608698,0.0025465525362319695,0.0,0.0,True,False,False,False,-133.18912643195154,0.0,0.0,0.0,0.0,0.0,-133.18912643195154
2025-03-07T15:15:00Z,2025-03-07T15:30:00Z,2025-03-07,2025-03-07_17,-3.9859083175804737,0,0,0,184.1672632608698,185.0840221739133,0.0025465525362319695,0.0,0.0,True,False,False,False,-133.18912643195154,0.0,0.0,0.0,0.0,0.0,-133.18912643195154
2025-03-07T15:30:00Z,2025-03-07T15:45:00Z,2025-03-07,2025-03-07_17,-3.9859083175804737,0,0,0,185.0840221739133,186.0007810869568,0.0025465525362319695,0.0,0.0,True,False,False,False,-133.18912643195154,0.0,0.0,0.0,0.0,0.0,-133.18912643195154
2025-03-07T15:45:00Z,2025-03-07T16:00:00Z,2025-03-07,2025-03-07_17,-3.9859083175804737,0,0,0,186.0007810869568,186.91754000000032,0.0025465525362319695,0.0,0.0,True,False,False,False,-133.18912643195154,0.0,0.0,0.0,0.0,0.0,-133.18912643195154
2025-03-07T16:00:00Z,2025-03-07T16:15:00Z,2025-03-07,2025-03-07_18,0.0,100,100,0,186.91754000000032,187.28532608695684,0.016103149758454106,2.4975,3.3505,True,True,False,False,0.0,0.0,176.55747588424438,191.41881028938906,674.7059490554664,-96.00973563102893,946.6724995980709
2025-03-07T16:15:00Z,2025-03-07T16:30:00Z,2025-03-07,2025-03-07_18,0.0,100,100,0,187.28532608695684,187.09557739130466,0.0038901908212560384,0.7315,0.658,True,True,False,False,0.0,0.0,176.55747588424438,191.41881028938906,146.98901537379422,-38.93558963022508,476.0297119172026
2025-03-07T16:30:00Z,2025-03-07T16:45:00Z,2025-03-07,2025-03-07_18,0.0,100,100,0,187.09557739130466,177.850594782609,0.02569328502415459,8.5075,0.0025,True,True,False,False,0.0,0.0,176.55747588424438,191.41881028938906,6396.477399517685,-0.2004622186495177,6764.253223472669
2025-03-07T16:45:00Z,2025-03-07T17:00:00Z,2025-03-07,2025-03-07_18,0.0,100,100,0,177.850594782609,151.400594782609,0.07347222222222222,24.334,0.0,True,True,False,False,0.0,0.0,176.55747588424438,191.41881028938906,35242.95273914791,0.0,35610.929025321544
2025-03-07T17:00:00Z,2025-03-07T17:15:00Z,2025-03-07,2025-03-07_19,99.99999999999991,0,100,0,151.400594782609,124.22668173913077,0.07548309178743955,0.0,0.0,True,True,False,False,5748.499999999995,0.0,0.0,191.41881028938906,0.0,0.0,5939.918810289384
2025-03-07T17:15:00Z,2025-03-07T17:30:00Z,2025-03-07,2025-03-07_19,99.99999999999991,0,100,0,124.22668173913077,97.05276869565253,0.07548309178743955,0.0,0.0,True,True,False,False,5748.499999999995,0.0,0.0,191.41881028938906,0.0,0.0,5939.918810289384
2025-03-07T17:30:00Z,2025-03-07T17:45:00Z,2025-03-07,2025-03-07_19,99.99999999999991,0,100,0,97.05276869565253,69.87885565217431,0.07548309178743955,0.0,0.0,True,True,False,False,5748.499999999995,0.0,0.0,191.41881028938906,0.0,0.0,5939.918810289384
2025-03-07T17:45:00Z,2025-03-07T18:00:00Z,2025-03-07,2025-03-07_19,99.99999999999991,0,100,0,69.87885565217431,42.70494260869607,0.07548309178743955,0.0,0.0,True,True,False,False,5748.499999999995,0.0,0.0,191.41881028938906,0.0,0.0,5939.918810289384
2025-03-07T18:00:00Z,2025-03-07T18:15:00Z,2025-03-07,2025-03-07_20,28.81800151316021,71,100,0,42.70494260869607,34.40995922408767,0.023045258703834885,0.427775,0.001,True,True,False,False,1425.6985798598182,0.0,135.26527331189712,191.41881028938906,84.0956132636656,-0.08018488745980708,1836.3980918373102
2025-03-07T18:15:00Z,2025-03-07T18:30:00Z,2025-03-07,2025-03-07_20,28.81800151316021,71,100,0,34.40995922408767,26.569035495611907,0.021974986910517257,0.0568,0.0535,True,True,False,False,1425.6985798598182,0.0,135.26527331189712,191.41881028938906,10.204823151125401,-4.268183983118971,1758.3193026291108
2025-03-07T18:30:00Z,2025-03-07T18:45:00Z,2025-03-07,2025-03-07_20,28.81800151316021,71,100,0,26.569035495611907,18.585484492042244,0.022523977809196488,0.225425,0.0955,True,True,False,False,1425.6985798598182,0.0,135.26527331189712,191.41881028938906,44.389290248191315,-7.657656752411576,1789.1142969568841
2025-03-07T18:45:00Z,2025-03-07T19:00:00Z,2025-03-07,2025-03-07_20,28.81800151316021,71,100,0,18.585484492042244,11.383400626087175,0.02237788907056108,0.00213,0.652,True,True,False,False,1425.6985798598182,0.0,135.26527331189712,191.41881028938906,0.3595659163987138,-42.096715434083606,1710.6455139434195
2025-03-07T19:00:00Z,2025-03-07T19:15:00Z,2025-03-07,2025-03-07_21,0.0,100,100,0,11.383400626087175,10.618464973913262,0.004312376811594203,1.066,0.428,True,True,False,False,0.0,0.0,176.73834405144697,191.41881028938906,213.32789429260453,-18.884381832797427,562.6006668006431
2025-03-07T19:15:00Z,2025-03-07T19:30:00Z,2025-03-07,2025-03-07_21,0.0,100,100,0,10.618464973913262,12.762366713043697,0.006127384057971015,0.028499999999999998,2.364,True,True,False,False,0.0,0.0,176.73834405144697,191.41881028938906,5.0200951567524115,-88.69798311897105,284.4792663786174
2025-03-07T19:30:00Z,2025-03-07T19:45:00Z,2025-03-07,2025-03-07_21,0.0,100,100,0,12.762366713043697,13.83487888695674,0.0030033550724637686,0.004,1.1705,True,True,False,False,0.0,0.0,176.73834405144697,191.41881028938906,0.6752411575562701,-53.394888565112545,315.43750693327974
2025-03-07T19:45:00Z,2025-03-07T20:00:00Z,2025-03-07,2025-03-07_21,0.0,100,100,0,13.83487888695674,19.493338886956742,0.015717944444444448,0.0,6.1505,True,True,False,False,0.0,0.0,176.73834405144697,191.41881028938906,0.0,-204.8440340635048,163.31312027733122
2025-03-07T20:00:00Z,2025-03-07T20:15:00Z,2025-03-07,2025-03-07_22,-15.0,100,85,0,19.493338886956742,14.63703814782631,0.02725484094202898,7.937999999999999,0.133875,True,True,False,False,-519.8625,0.0,176.73834405144697,172.9551848874598,2574.588841639871,-5.444025798834405,2398.9758447799436
2025-03-07T20:15:00Z,2025-03-07T20:30:00Z,2025-03-07,2025-03-07_22,-15.0,100,85,0,14.63703814782631,19.225006973913267,0.013501453260869566,0.1475,1.407175,True,True,False,False,-519.8625,0.0,176.73834405144697,172.9551848874598,28.30254069533762,-54.137212148311896,-196.00364251406745
2025-03-07T20:30:00Z,2025-03-07T20:45:00Z,2025-03-07,2025-03-07_22,-15.0,100,85,0,19.225006973913267,27.108555973913266,0.021898747222222223,0.0,4.819075,True,True,False,False,-519.8625,0.0,176.73834405144697,172.9551848874598,0.0,-136.4952633641479,-306.66423442524103
2025-03-07T20:45:00Z,2025-03-07T21:00:00Z,2025-03-07,2025-03-07_22,-15.0,100,85,0,27.108555973913266,34.429846973913264,0.020336919444444445,0.0,4.207925,True,True,False,False,-519.8625,0.0,176.73834405144697,172.9551848874598,0.0,-148.66507695438102,-318.8340480154742
2025-03-07T21:00:00Z,2025-03-07T21:15:00Z,2025-03-07,2025-03-07_23,-1.9999999999999956,100,98,0,34.429846973913264,24.20960083478283,0.0312744370531401,10.082,0.26607000000000003,True,True,False,False,-65.58499999999985,0.0,176.73834405144697,199.407154340836,3741.8889147909968,-11.62083182676849,4040.828581356511
2025-03-07T21:15:00Z,2025-03-07T21:30:00Z,2025-03-07,2025-03-07_23,-1.9999999999999956,100,98,0,24.20960083478283,15.607304347826306,0.02561071024154589,8.3655,0.00294,True,True,False,False,-65.58499999999985,0.0,176.73834405144697,199.407154340836,1829.507615052251,-0.2313122990353698,2139.8368011454986
2025-03-07T21:30:00Z,2025-03-07T21:45:00Z,2025-03-07,2025-03-07_23,-1.9999999999999956,100,98,0,15.607304347826306,10.36314240000022,0.016584574299516906,5.264,0.0,True,True,False,False,-65.58499999999985,0.0,176.73834405144697,199.407154340836,1111.5227974276527,0.0,1422.0832958199358
2025-03-07T21:45:00Z,2025-03-07T22:00:00Z,2025-03-07,2025-03-07_23,-1.9999999999999956,100,98,0,10.36314240000022,10.536214382608915,0.002188062270531398,0.2885,0.02793,True,True,False,False,-65.58499999999985,0.0,176.73834405144697,199.407154340836,56.210827471864945,-1.9204120176848876,364.8509138464632
2025-03-07T22:00:00Z,2025-03-07T22:15:00Z,2025-03-08,2025-03-07_24,-46.32530406248771,54,53,0,10.536214382608915,17.935645228405406,0.023514459849168723,3.4494973821989534,0.0,True,True,False,False,-1493.4119897144474,0.0,105.81638395369403,109.5609574724656,739.3700497779953,0.0,-538.6645985102924
2025-03-07T22:15:00Z,2025-03-07T22:30:00Z,2025-03-08,2025-03-07_24,-46.32530406248771,54,53,0,17.935645228405406,27.154209162138052,0.026913268439985927,1.5218952879581151,0.0,True,True,False,False,-1493.4119897144474,0.0,105.81638395369403,109.5609574724656,308.77382234308664,0.0,-969.2608259452011
2025-03-07T22:30:00Z,2025-03-07T22:45:00Z,2025-03-08,2025-03-07_24,-46.32530406248771,54,53,0,27.154209162138052,37.41121046434349,0.02885345075671525,0.4215392670157068,0.0,True,True,False,False,-1493.4119897144474,0.0,105.81638395369403,109.5609574724656,83.2113904250649,0.0,-1194.8232578632228
2025-03-07T22:45:00Z,2025-03-07T23:00:00Z,2025-03-08,2025-03-07_24,-46.32530406248771,54,53,0,37.41121046434349,47.9283056382132,0.029815422215562267,0.700586387434555,0.568955,True,True,False,False,-1493.4119897144474,0.0,105.81638395369403,109.5609574724656,140.42845521748228,-27.516262856740894,-1165.1224559275463
2025-03-07T23:00:00Z,2025-03-07T23:15:00Z,2025-03-08,2025-03-08_1,0.0,100,100,0,47.9283056382132,48.59594567918749,0.0018893332195158965,0.005759162303664921,0.7325,True,True,False,False,0.0,0.0,196.37832623201223,206.7187876838974,1.055938634989008,-44.97846792346652,359.1745846274321
2025-03-07T23:15:00Z,2025-03-07T23:30:00Z,2025-03-08,2025-03-08_1,0.0,100,100,0,48.59594567918749,47.87949961954715,0.0036691279434453803,0.93717277486911,0.3285,True,True,False,False,0.0,0.0,196.37832623201223,206.7187876838974,187.8472379768243,-24.102720274941717,566.8416316177922
2025-03-07T23:30:00Z,2025-03-07T23:45:00Z,2025-03-08,2025-03-08_1,0.0,100,100,0,47.87949961954715,50.26459961954715,0.006625277777777778,0.0,2.5925,True,True,False,False,0.0,0.0,196.37832623201223,206.7187876838974,0.0,-126.07461512179435,277.0224987941153
2025-03-07T23:45:00Z,2025-03-08T00:00:00Z,2025-03-08,2025-03-08_1,0.0,100,100,0,50.26459961954715,50.69101961954715,0.0011845,0.0,0.4635,True,True,False,False,0.0,0.0,196.37832623201223,206.7187876838974,0.0,-35.719942921456706,367.3771709944529
2025-03-08T00:00:00Z,2025-03-08T00:15:00Z,2025-03-08,2025-03-08_2,0.0,100,100,0,50.69101961954715,50.98873422460064,0.0008775705415180717,0.00837696335078534,0.3335,True,True,False,False,0.0,0.0,195.95626658091487,206.7187876838974,1.4142312916351163,-25.314658131682613,378.7746274247648
2025-03-08T00:15:00Z,2025-03-08T00:30:00Z,2025-03-08,2025-03-08_2,0.0,100,100,0,50.98873422460064,51.24228882965413,0.000754903874851405,0.00837696335078534,0.2855,True,True,False,False,0.0,0.0,195.95626658091487,206.7187876838974,1.4142312916351163,-21.89472164161106,382.19456391483635
2025-03-08T00:30:00Z,2025-03-08T00:45:00Z,2025-03-08,2025-03-08_2,0.0,100,100,0,51.24228882965413,51.24300368055329,0.00026123652528011734,0.042931937172774874,0.0515,True,True,False,False,0.0,0.0,195.95626658091487,206.7187876838974,7.381780576122473,-4.129853685987619,405.92698115494716
2025-03-08T00:45:00Z,2025-03-08T01:00:00Z,2025-03-08,2025-03-08_2,0.0,100,100,0,51.24300368055329,53.382316459975094,0.005986797834939425,0.007329842931937174,2.334,True,True,False,False,0.0,0.0,195.95626658091487,206.7187876838974,1.2374523801807271,-109.97889058605998,293.933616058933
2025-03-08T01:00:00Z,2025-03-08T01:15:00Z,2025-03-08,2025-03-08_3,0.0,100,100,0,53.382316459975094,42.437631734275115,0.030401902015833263,10.069109947643978,0.0,True,True,False,False,0.0,0.0,195.95626658091487,206.7187876838974,2202.985102167688,0.0,2605.6601564325006
2025-03-08T01:15:00Z,2025-03-08T01:30:00Z,2025-03-08,2025-03-08_3,0.0,100,100,0,42.437631734275115,41.73604184126351,0.0019999719250322484,0.6539267015706807,0.01,True,True,False,False,0.0,0.0,195.95626658091487,206.7187876838974,129.65559637838936,-0.8019133370849747,531.5287373061167
2025-03-08T01:30:00Z,2025-03-08T01:45:00Z,2025-03-08,2025-03-08_3,0.0,100,100,0,41.73604184126351,41.30306109917382,0.0012538353946935782,0.4068062827225131,0.01,True,True,False,False,0.0,0.0,195.95626658091487,206.7187876838974,79.41985949022855,-0.8019133370849747,481.29300041795585
2025-03-08T01:45:00Z,2025-03-08T02:00:00Z,2025-03-08,2025-03-08_3,0.0,100,100,0,41.30306109917382,40.54828062114058,0.002127279105647874,0.6994764397905759,0.006,True,True,False,False,0.0,0.0,195.95626658091487,206.7187876838974,139.18591459305705,-0.4811480022509848,541.3798208556184
2025-03-08T02:00:00Z,2025-03-08T02:15:00Z,2025-03-08,2025-03-08_4,0.0,100,100,0,40.54828062114058,39.76092412216494,0.0023276569415990084,0.7476439790575916,0.0275,True,True,False,False,0.0,0.0,195.95626658091487,206.7187876838974,148.14277843415132,-2.1790361966396015,548.638796502324
2025-03-08T02:15:00Z,2025-03-08T02:30:00Z,2025-03-08,2025-03-08_4,0.0,100,100,0,39.76092412216494,38.76948881144334,0.002769320307560007,0.9146596858638744,0.003,True,True,False,False,0.0,0.0,195.95626658091487,206.7187876838974,181.541454444285,-0.2405740011254924,583.9759347079718
2025-03-08T02:30:00Z,2025-03-08T02:45:00Z,2025-03-08,2025-03-08_4,0.0,100,100,0,38.76948881144334,38.742464154033826,0.0006015129372486532,0.11204188481675392,0.103,True,True,False,False,0.0,0.0,195.95626658091487,206.7187876838974,20.03630281217367,-8.193691816062383,414.51766526092354
2025-03-08T02:45:00Z,2025-03-08T03:00:00Z,2025-03-08,2025-03-08_4,0.0,100,100,0,38.742464154033826,39.94260415403382,0.0033337222222222223,0.0,1.3045,True,True,False,False,0.0,0.0,195.95626658091487,206.7187876838974,0.0,-95.75763053702067,306.91742372779163
2025-03-08T03:00:00Z,2025-03-08T03:15:00Z,2025-03-08,2025-03-08_5,0.0,100,100,0,39.94260415403382,40.8315867172025,0.0031017151023092298,0.10471204188481677,1.09,True,True,False,False,0.0,0.0,196.83053300104513,206.7187876838974,21.007332536705828,-78.11936851836964,346.4372847032787
2025-03-08T03:15:00Z,2025-03-08T03:30:00Z,2025-03-08,2025-03-08_5,0.0,100,100,0,40.8315867172025,36.845130992185425,0.011073488125047423,3.667539267015707,0.0,True,True,False,False,0.0,0.0,196.83053300104513,206.7187876838974,751.4939506887853,0.0,1155.0432713737277
2025-03-08T03:30:00Z,2025-03-08T03:45:00Z,2025-03-08,2025-03-08_5,0.0,100,100,0,36.845130992185425,28.036799555809374,0.02446758732326681,8.103664921465969,0.0,True,True,False,False,0.0,0.0,196.83053300104513,206.7187876838974,1776.1449776479901,0.0,2179.6942983329327
2025-03-08T03:45:00Z,2025-03-08T04:00:00Z,2025-03-08,2025-03-08_5,0.0,100,100,0,28.036799555809374,22.951436478185883,0.014126008548954147,4.678534031413613,0.0,True,True,False,False,0.0,0.0,196.83053300104513,206.7187876838974,1002.5430067314886,0.0,1406.092327416431
2025-03-08T04:00:00Z,2025-03-08T04:15:00Z,2025-03-08,2025-03-08_6,0.0,100,100,0,22.951436478185883,14.988199510282401,0.022120102688620785,7.326178010471204,0.0,True,True,False,False,0.0,0.0,195.95626658091487,205.00040196157246,1651.7736758522951,0.0,2052.7303443947826
2025-03-08T04:15:00Z,2025-03-08T04:30:00Z,2025-03-08,2025-03-08_6,0.0,100,100,0,14.988199510282401,13.568885446999907,0.004182761286895818,1.345549738219895,0.047,True,True,False,False,0.0,0.0,195.95626658091487,205.00040196157246,278.18935252198264,-3.52952468044055,675.6164963840295
2025-03-08T04:30:00Z,2025-03-08T04:45:00Z,2025-03-08,2025-03-08_6,0.0,100,100,0,13.568885446999907,13.884056400790026,0.0009134140172496649,0.006282722513089006,0.35,True,True,False,False,0.0,0.0,195.95626658091487,205.00040196157246,1.0606734687263375,-25.938871693866066,376.0784703173476
2025-03-08T04:45:00Z,2025-03-08T05:00:00Z,2025-03-08,2025-03-08_6,0.0,100,100,0,13.884056400790026,14.204794657106893,0.0009541715102309229,0.010471204188481674,0.361,True,True,False,False,0.0,0.0,195.95626658091487,205.00040196157246,1.7677891145438955,-27.377695554305003,375.34676210272625
2025-03-08T05:00:00Z,2025-03-08T05:15:00Z,2025-03-08,2025-03-08_7,11.71879796371989,88,100,0,14.204794657106893,12.762439664251625,0.012543530064177447,0.03271204188481675,1.892,True,True,False,False,392.6969197642535,0.0,172.44151459120508,205.00040196157246,6.055941997997347,-101.34915748854408,674.8456208264843
2025-03-08T05:15:00Z,2025-03-08T05:30:00Z,2025-03-08,2025-03-08_7,11.71879796371989,88,100,0,12.762439664251625,10.000000000000089,0.009906957923327703,0.039623036649214655,0.49499999999999994,True,True,False,False,392.6969197642535,0.0,172.44151459120508,205.00040196157246,7.0448908663808165,-36.64349023233379,740.5402369510781
2025-03-08T05:30:00Z,2025-03-08T05:45:00Z,2025-03-08,2025-03-08_7,11.71879796371989,88,100,0,10.000000000000089,10.391059771119508,0.01608471092473155,0.0,3.8055,True,True,False,False,392.6969197642535,0.0,172.44151459120508,205.00040196157246,0.0,20.684891771846612,790.8237280888776
2025-03-08T05:45:00Z,2025-03-08T06:00:00Z,2025-03-08,2025-03-08_7,11.71879796371989,88,100,0,10.391059771119508,20.176832951640083,0.035105275900167425,0.0,13.8045,True,True,False,False,392.6969197642535,0.0,172.44151459120508,205.00040196157246,0.0,769.0828871894846,1539.2217235065157
2025-03-08T06:00:00Z,2025-03-08T06:15:00Z,2025-03-08,2025-03-08_8,0.0,100,100,0,20.176832951640083,16.50551005881018,0.016270225628231202,4.383157894736842,1.1880208333333335,True,True,False,False,0.0,0.0,195.95626658091487,206.50775785834875,927.2701080218836,-49.04036154768605,1280.6937709134613
2025-03-08T06:15:00Z,2025-03-08T06:30:00Z,2025-03-08,2025-03-08_8,0.0,100,100,0,16.50551005881018,14.085630768192331,0.0067538313628273585,2.2315789473684213,0.00625,True,True,False,False,0.0,0.0,195.95626658091487,206.50775785834875,466.4191062913333,-0.4898906664522872,868.3932400641446
2025-03-08T06:30:00Z,2025-03-08T06:45:00Z,2025-03-08,2025-03-08_8,0.0,100,100,0,14.085630768192331,16.548780844469984,0.00709634238071023,0.042105263157894736,2.7270833333333333,True,True,False,False,0.0,0.0,195.95626658091487,206.50775785834875,7.937683262743239,856.5905992074659,1266.9923069094727
2025-03-08T06:45:00Z,2025-03-08T07:00:00Z,2025-03-08,2025-03-08_8,0.0,100,100,0,16.548780844469984,27.18580167780332,0.029547280092592595,0.0,11.561979166666667,True,True,False,False,0.0,0.0,195.95626658091487,206.50775785834875,0.0,7012.525333942138,7414.989358381402
2025-03-08T07:00:00Z,2025-03-08T07:15:00Z,2025-03-08,2025-03-08_9,0.0,100,100,0,27.18580167780332,23.630657604576776,0.00988051131451818,3.2715789473684214,0.001,True,True,False,False,0.0,0.0,195.95626658091487,205.00040196157246,616.6725113289697,-0.07838250663236594,1017.5507973648247
2025-03-08T07:15:00Z,2025-03-08T07:30:00Z,2025-03-08,2025-03-08_9,0.0,100,100,0,23.630657604576776,23.51625961830675,0.00083910551741673,0.19157894736842104,0.10199999999999998,True,True,False,False,0.0,0.0,195.95626658091487,205.00040196157246,35.68698871545775,-7.773533242222043,428.87012401572304
2025-03-08T07:30:00Z,2025-03-08T07:45:00Z,2025-03-08,2025-03-08_9,0.0,100,100,0,23.51625961830675,21.6964889089246,0.005080474192728197,1.678421052631579,0.005,True,True,False,False,0.0,0.0,195.95626658091487,205.00040196157246,316.00975328021804,-0.3919125331618297,716.5745092895436
2025-03-08T07:45:00Z,2025-03-08T08:00:00Z,2025-03-08,2025-03-08_9,0.0,100,100,0,21.6964889089246,21.447850190389133,0.0008031075514874143,0.2473684210526316,0.022,True,True,False,False,0.0,0.0,195.95626658091487,205.00040196157246,45.87168857709835,-1.7244151459120507,445.1039419736736
2025-03-08T08:00:00Z,2025-03-08T08:15:00Z,2025-03-08,2025-03-08_10,-10.999999999999973,100,89,0,21.447850190389133,11.63160882013741,0.03497948462496822,11.582105263157896,0.03293,True,True,False,False,-199.48499999999953,0.0,195.95626658091487,183.97972103866869,3661.9690356307206,-2.53185610177667,3839.888167148528
2025-03-08T08:15:00Z,2025-03-08T08:30:00Z,2025-03-08,2025-03-08_10,-10.999999999999973,100,89,0,11.63160882013741,13.65519388100697,0.008254523719806749,0.49,0.018690000000000002,True,True,False,False,-199.48499999999953,0.0,195.95626658091487,183.97972103866869,79.86381541924592,-1.4649690489589196,258.84983398987106
2025-03-08T08:30:00Z,2025-03-08T08:45:00Z,2025-03-08,2025-03-08_10,-10.999999999999973,100,89,0,13.65519388100697,16.643096779405134,0.00852319200737349,0.04157894736842105,0.546015,True,True,False,False,-199.48499999999953,0.0,195.95626658091487,183.97972103866869,6.776843628485959,-39.92945934158695,147.29837190648303
2025-03-08T08:45:00Z,2025-03-08T09:00:00Z,2025-03-08,2025-03-08_10,-10.999999999999973,100,89,0,16.643096779405134,19.4020994965676,0.007918473095601305,0.047368421052631574,0.303935,True,True,False,False,-199.48499999999953,0.0,195.95626658091487,183.97972103866869,7.720454766629573,-22.653468664080716,165.5179737221329
2025-03-08T09:00:00Z,2025-03-08T09:15:00Z,2025-03-08,2025-03-08_11,0.0,100,100,0,19.4020994965676,10.097179588100781,0.025846999745741166,8.560526315789474,0.0,True,True,False,False,0.0,0.0,195.95626658091487,206.29672803280008,1083.635383302093,0.0,1485.888377915808
2025-03-08T09:15:00Z,2025-03-08T09:30:00Z,2025-03-08,2025-03-08_11,0.0,100,100,0,10.097179588100781,10.000000000000094,0.0011030544113907958,0.22736842105263158,0.163,True,True,False,False,0.0,0.0,195.95626658091487,206.29672803280008,24.667070038630623,-11.711161467963663,415.2089031843819
2025-03-08T09:30:00Z,2025-03-08T09:45:00Z,2025-03-08,2025-03-08_11,0.0,100,100,0,10.000000000000094,11.360680000000094,0.003779666666666667,0.0,1.479,True,True,False,False,0.0,0.0,195.95626658091487,206.29672803280008,0.0,-61.47855454618539,340.77444006752955
2025-03-08T09:45:00Z,2025-03-08T10:00:00Z,2025-03-08,2025-03-08_11,0.0,100,100,0,11.360680000000094,16.858600000000095,0.015272,0.0,5.976,True,True,False,False,0.0,0.0,195.95626658091487,206.29672803280008,0.0,-12.960651177747408,389.29234343596755
2025-03-08T10:00:00Z,2025-03-08T10:15:00Z,2025-03-08,2025-03-08_12,0.0,100,100,0,16.858600000000095,18.163160000000094,0.0036237777777777774,0.0,1.418,True,True,False,False,0.0,0.0,195.95626658091487,206.29672803280008,0.0,-41.15380496824503,361.0991896454699
2025-03-08T10:15:00Z,2025-03-08T10:30:00Z,2025-03-08,2025-03-08_12,0.0,100,100,0,18.163160000000094,27.771640000000097,0.026690222222222226,0.0,10.444,True,True,False,False,0.0,0.0,195.95626658091487,206.29672803280008,0.0,96.80997749015195,499.0629721038669
2025-03-08T10:30:00Z,2025-03-08T10:45:00Z,2025-03-08,2025-03-08_12,0.0,100,100,0,27.771640000000097,41.2772400000001,0.03751555555555555,0.0,14.679999999999998,True,True,False,False,0.0,0.0,195.95626658091487,206.29672803280008,0.0,796.7667658171877,1199.0197604309026
2025-03-08T10:45:00Z,2025-03-08T11:00:00Z,2025-03-08,2025-03-08_12,0.0,100,100,0,41.2772400000001,52.4782400000001,0.03111388888888889,0.0,12.175,True,True,False,False,0.0,0.0,195.95626658091487,206.29672803280008,0.0,458.2239729881824,860.4769676018974
2025-03-08T11:00:00Z,2025-03-08T11:15:00Z,2025-03-08,2025-03-08_13,0.0,100,100,0,52.4782400000001,64.5532400000001,0.03354166666666667,0.0,13.125,True,True,False,False,0.0,0.0,195.95626658091487,206.29672803280008,0.0,651.9476294316264,1054.2006240453413
2025-03-08T11:15:00Z,2025-03-08T11:30:00Z,2025-03-08,2025-03-08_13,0.0,100,100,0,64.5532400000001,76.90838000000011,0.034319833333333334,0.0,13.429499999999999,True,True,False,False,0.0,0.0,195.95626658091487,206.29672803280008,0.0,566.5701892234102,968.8231838371252
2025-03-08T11:30:00Z,2025-03-08T11:45:00Z,2025-03-08,2025-03-08_13,0.0,100,100,0,76.90838000000011,86.43498000000011,0.02646277777777778,0.0,10.355,True,True,False,False,0.0,0.0,195.95626658091487,206.29672803280008,0.0,140.57584713401397,542.8288417477289
2025-03-08T11:45:00Z,2025-03-08T12:00:00Z,2025-03-08,2025-03-08_13,0.0,100,100,0,86.43498000000011,92.20246000000012,0.016020777777777776,0.0,6.268999999999999,True,True,False,False,0.0,0.0,195.95626658091487,206.29672803280008,0.0,-11.166923989066644,391.0860706246483
2025-03-08T12:00:00Z,2025-03-08T12:15:00Z,2025-03-08,2025-03-08_14,0.0,100,100,0,92.20246000000012,108.86090000000011,0.04627344444444444,0.0,18.107,True,True,False,False,0.0,0.0,195.95626658091487,206.29672803280008,0.0,10591.914477248976,10994.167471862691
2025-03-08T12:15:00Z,2025-03-08T12:30:00Z,2025-03-08,2025-03-08_14,0.0,100,100,0,108.86090000000011,124.45214000000011,0.043309,0.0,16.947,True,True,False,False,0.0,0.0,195.95626658091487,206.29672803280008,0.0,6988.392931907708,7390.645926521423
2025-03-08T12:30:00Z,2025-03-08T12:45:00Z,2025-03-08,2025-03-08_14,0.0,100,100,0,124.45214000000011,134.82928000000013,0.02882538888888889,0.0,11.2795,True,True,False,False,0.0,0.0,195.95626658091487,206.29672803280008,0.0,162.3394715210226,564.5924661347376
2025-03-08T12:45:00Z,2025-03-08T13:00:00Z,2025-03-08,2025-03-08_14,0.0,100,100,0,134.82928000000013,139.7432358352404,0.013656233790999239,0.0010526315789473684,5.3425,True,True,False,False,0.0,0.0,195.95626658091487,206.29672803280008,0.09520354064677732,-23.783337687917037,378.5648604664447
2025-03-08T13:00:00Z,2025-03-08T13:15:00Z,2025-03-08,2025-03-08_15,-53.847729318638514,100,46,0,139.7432358352404,152.86288877852726,0.03644348039801905,0.0,0.79856,True,True,False,False,-0.9423352630761741,0.0,195.95626658091487,94.89649489508803,0.0,-25.847915137872818,264.0625110750539
2025-03-08T13:15:00Z,2025-03-08T13:30:00Z,2025-03-08,2025-03-08_15,-53.847729318638514,100,46,0,152.86288877852726,165.57820884960228,0.03580878719644201,0.17526315789473684,0.54901,True,True,False,False,-0.9423352630761741,0.0,195.95626658091487,94.89649489508803,15.864070347506358,-19.691800112549238,286.08269644788385
2025-03-08T13:30:00Z,2025-03-08T13:45:00Z,2025-03-08,2025-03-08_15,-53.847729318638514,100,46,0,165.57820884960228,177.80446216692468,0.03450307423771296,0.19421052631578947,0.03795,True,True,False,False,-0.9423352630761741,0.0,195.95626658091487,94.89649489508803,17.579104979669207,-2.321451443042045,305.1680797495539
2025-03-08T13:45:00Z,2025-03-08T14:00:00Z,2025-03-08,2025-03-08_15,-53.847729318638514,100,46,0,177.80446216692468,190.0000000000006,0.034626042999269364,0.2689473684210526,0.08556,True,True,False,False,-0.9423352630761741,0.0,195.95626658091487,94.89649489508803,24.34396380653378,-4.5791004903931185,309.67528952906736
2025-03-08T14:00:00Z,2025-03-08T14:15:00Z,2025-03-08,2025-03-08_16,10.581928428402428,0,0,0,190.0000000000006,187.12447597054341,0.00798756674849217,0.0,0.0,True,False,False,False,156.85063412999497,0.0,0.0,0.0,0.0,0.0,156.85063412999497
2025-03-08T14:15:00Z,2025-03-08T14:30:00Z,2025-03-08,2025-03-08_16,10.581928428402428,0,0,0,187.12447597054341,184.24895194108623,0.00798756674849217,0.0,0.0,True,False,False,False,156.85063412999497,0.0,0.0,0.0,0.0,0.0,156.85063412999497
2025-03-08T14:30:00Z,2025-03-08T14:45:00Z,2025-03-08,2025-03-08_16,10.581928428402428,0,0,0,184.24895194108623,181.37342791162905,0.00798756674849217,0.0,0.0,True,False,False,False,156.85063412999497,0.0,0.0,0.0,0.0,0.0,156.85063412999497
2025-03-08T14:45:00Z,2025-03-08T15:00:00Z,2025-03-08,2025-03-08_16,10.581928428402428,0,0,0,181.37342791162905,178.49790388217187,0.00798756674849217,0.0,0.0,True,False,False,False,156.85063412999497,0.0,0.0,0.0,0.0,0.0,156.85063412999497
2025-03-08T15:00:00Z,2025-03-08T15:15:00Z,2025-03-08,2025-03-08_17,9.999999999999815,90,100,0,178.49790388217187,186.75808927347626,0.04033264057971016,1.755,13.756000000000002,True,True,False,False,308.87499999999426,0.0,176.36063992282337,206.29672803280008,371.90402665005223,10199.26283945655,11262.69923406222
2025-03-08T15:15:00Z,2025-03-08T15:30:00Z,2025-03-08,2025-03-08_17,9.999999999999815,90,100,0,186.75808927347626,185.9638302803413,0.011670774980930469,0.0037894736842105266,2.0575,True,True,False,False,308.87499999999426,0.0,176.36063992282337,206.29672803280008,0.6397535764002015,-129.78261415708658,562.3895073749313
2025-03-08T15:30:00Z,2025-03-08T15:45:00Z,2025-03-08,2025-03-08_17,9.999999999999815,90,100,0,185.9638302803413,182.76092191420864,0.008972867683701868,0.46089473684210525,0.0165,True,True,False,False,308.87499999999426,0.0,176.36063992282337,206.29672803280008,91.52645469893078,-1.2612538186349387,781.7975688359136
2025-03-08T15:45:00Z,2025-03-08T16:00:00Z,2025-03-08,2025-03-08_17,9.999999999999815,90,100,0,182.76092191420864,164.69307294395696,0.05018846936181018,14.122421052631578,0.0,True,True,False,False,308.87499999999426,0.0,176.36063992282337,206.29672803280008,4750.408235981061,0.0,5441.940603936679
2025-03-08T16:00:00Z,2025-03-08T16:15:00Z,2025-03-08,2025-03-08_18,2.0,98,100,0,164.69307294395696,181.03494040000066,0.04645892817765638,0.043099476439790584,18.338,True,True,False,False,84.365,0.0,192.03714124929655,206.29672803280008,8.611224459130192,15867.7067280328,16359.016821774027
2025-03-08T16:15:00Z,2025-03-08T16:30:00Z,2025-03-08,2025-03-08_18,2.0,98,100,0,181.03494040000066,189.6715693717284,0.025815250634089588,0.0010261780104712042,9.9435,True,True,False,False,84.365,0.0,192.03714124929655,206.29672803280008,0.17324333322530178,2957.1700407990998,3440.0421534144216
2025-03-08T16:30:00Z,2025-03-08T16:45:00Z,2025-03-08,2025-03-08_18,2.0,98,100,0,189.6715693717284,187.27484424120254,0.007631798695905101,1.8702094240837697,0.1945,True,True,False,False,84.365,0.0,192.03714124929655,206.29672803280008,472.39025808247914,-14.40318705281775,940.685940311758
2025-03-08T16:45:00Z,2025-03-08T17:00:00Z,2025-03-08,2025-03-08_18,2.0,98,100,0,187.27484424120254,175.26884606228154,0.033349994941447254,10.54551832460733,0.0,True,True,False,False,84.365,0.0,192.03714124929655,206.29672803280008,2715.348040685667,0.0,3198.0469099677634
2025-03-08T17:00:00Z,2025-03-08T17:15:00Z,2025-03-08,2025-03-08_19,100.0,0,100,0,175.26884606228154,158.37754171445545,0.04692028985507246,0.0,9.46,True,True,False,False,5522.0,0.0,0.0,205.42246161266982,0.0,385.3472706809229,6112.769732293593
2025-03-08T17:15:00Z,2025-03-08T17:30:00Z,2025-03-08,2025-03-08_19,100.0,0,100,0,158.37754171445545,142.52210693184676,0.044042874396135266,0.0,10.413,True,True,False,False,5522.0,0.0,0.0,205.42246161266982,0.0,59.67656061580513,5787.0990222284745
2025-03-08T17:30:00Z,2025-03-08T17:45:00Z,2025-03-08,2025-03-08_19,100.0,0,100,0,142.52210693184676,123.79601997532502,0.05201690821256038,0.0,7.771999999999999,True,True,False,False,5522.0,0.0,0.0,205.42246161266982,0.0,-114.58998311761395,5612.8324784950555
2025-03-08T17:45:00Z,2025-03-08T18:00:00Z,2025-03-08,2025-03-08_19,100.0,0,100,0,123.79601997532502,102.63786780141199,0.05877264492753623,0.0,5.5345,True,True,False,False,5522.0,0.0,0.0,205.42246161266982,0.0,-211.34235067127582,5516.080110941394
2025-03-08T18:00:00Z,2025-03-08T18:15:00Z,2025-03-08,2025-03-08_20,72.92791233126677,27,100,0,102.63786780141199,83.67331738870928,0.05381877087192895,0.0046649214659685865,0.8234999999999999,True,True,False,False,3969.6485879716784,0.0,53.0221480826433,205.00040196157246,0.8739189769636033,-51.72826603826673,4176.816790954591
2025-03-08T18:15:00Z,2025-03-08T18:30:00Z,2025-03-08,2025-03-08_20,72.92791233126677,27,100,0,83.67331738870928,64.54980516016528,0.054050011430399426,0.005230366492146596,0.6715,True,True,False,False,3969.6485879716784,0.0,53.0221480826433,205.00040196157246,0.8830106627146758,-48.8744464989147,4179.679702179694
2025-03-08T18:30:00Z,2025-03-08T18:45:00Z,2025-03-08,2025-03-08_20,72.92791233126677,27,100,0,64.54980516016528,44.47214382237165,0.0557871938654009,0.25049214659685864,0.0115,True,True,False,False,3969.6485879716784,0.0,53.0221480826433,205.00040196157246,49.839509569000384,-0.8576856057560897,4276.652961979138
2025-03-08T18:45:00Z,2025-03-08T19:00:00Z,2025-03-08,2025-03-08_20,72.92791233126677,27,100,0,44.47214382237165,24.69183048595573,0.055044940105998495,0.03491623036649215,0.072,True,True,False,False,3969.6485879716784,0.0,53.0221480826433,205.00040196157246,6.361538437417529,-5.448288447624407,4228.584388005687
2025-03-08T19:00:00Z,2025-03-08T19:15:00Z,2025-03-08,2025-03-08_21,0.0,100,100,0,24.69183048595573,11.812249334123269,0.03577661431064572,11.849214659685865,0.0,True,True,False,False,0.0,0.0,195.95626658091487,205.42246161266982,3186.675722236557,0.0,3588.0544504301415
2025-03-08T19:15:00Z,2025-03-08T19:30:00Z,2025-03-08,2025-03-08_21,0.0,100,100,0,11.812249334123269,10.631719231687576,0.003578250284543591,1.1356020942408376,0.0585,True,True,False,False,0.0,0.0,195.95626658091487,205.42246161266982,227.19025851390384,-4.394648484604872,624.1743382228836
2025-03-08T19:30:00Z,2025-03-08T19:45:00Z,2025-03-08,2025-03-08_21,0.0,100,100,0,10.631719231687576,10.677765077351133,0.0004598726509345676,0.0549738219895288,0.11499999999999999,True,True,False,False,0.0,0.0,195.95626658091487,205.42246161266982,9.920666780590853,-8.75752874025243,402.5418662339231
2025-03-08T19:45:00Z,2025-03-08T20:00:00Z,2025-03-08,2025-03-08_21,0.0,100,100,0,10.677765077351133,12.19383964143035,0.0042271262108910645,0.0026178010471204186,1.651,True,True,False,False,0.0,0.0,195.95626658091487,205.42246161266982,0.4419472786359739,-97.4158354771284,304.4048399950923
2025-03-08T20:00:00Z,2025-03-08T20:15:00Z,2025-03-08,2025-03-08_22,-29.0,100,71,0,12.19383964143035,18.702605970635904,0.01889249973708172,0.18952879581151832,0.038695,True,True,False,False,-1220.3925000000002,0.0,195.95626658091487,146.77033925556714,35.962209088203835,-2.9513919879009567,-844.6550770632152
2025-03-08T20:15:00Z,2025-03-08T20:30:00Z,2025-03-08,2025-03-08_22,-29.0,100,71,0,18.702605970635904,25.339055505942074,0.018771291959809797,0.07853403141361255,0.052184999999999995,True,True,False,False,-1220.3925000000002,0.0,195.95626658091487,146.77033925556714,14.881311901556032,-4.048511796567248,-866.8330940585294
2025-03-08T20:30:00Z,2025-03-08T20:45:00Z,2025-03-08,2025-03-08_22,-29.0,100,71,0,25.339055505942074,32.0760638938319,0.0189226723373043,0.04869109947643979,0.1278,True,True,False,False,-1220.3925000000002,0.0,195.95626658091487,146.77033925556714,7.339481591633138,-9.659256330894765,-879.9856689027798
2025-03-08T20:45:00Z,2025-03-08T21:00:00Z,2025-03-08,2025-03-08_22,-29.0,100,71,0,32.0760638938319,38.764509410426484,0.018756349213647976,0.04136125654450262,0.06674,True,True,False,False,-1220.3925000000002,0.0,195.95626658091487,146.77033925556714,6.234613395043204,-5.13849443283222,-876.5697752013072
2025-03-08T21:00:00Z,2025-03-08T21:15:00Z,2025-03-08,2025-03-08_23,-4.999999999999995,100,95,0,38.764509410426484,22.57432165718269,0.04725320914586336,16.076439790575918,0.0,True,True,False,False,-197.71249999999978,0.0,195.95626658091487,196.38284829970252,3978.4018792860993,0.0,4173.028494166717
2025-03-08T21:15:00Z,2025-03-08T21:30:00Z,2025-03-08,2025-03-08_23,-4.999999999999995,100,95,0,22.57432165718269,16.022716740269416,0.022763044489971414,7.140314136125654,0.0,True,True,False,False,-197.71249999999978,0.0,195.95626658091487,196.38284829970252,1704.813860434733,0.0,1899.4404753153506
2025-03-08T21:30:00Z,2025-03-08T21:45:00Z,2025-03-08,2025-03-08_23,-4.999999999999995,100,95,0,16.022716740269416,10.929774787162199,0.019056805018084322,5.787958115183247,0.0,True,True,False,False,-197.71249999999978,0.0,195.95626658091487,196.38284829970252,1374.2003369111421,0.0,1568.8269517917597
2025-03-08T21:45:00Z,2025-03-08T22:00:00Z,2025-03-08,2025-03-08_23,-4.999999999999995,100,95,0,10.929774787162199,11.108059078534836,0.005691316293598398,0.9057591623036648,0.0057,True,True,False,False,-197.71249999999978,0.0,195.95626658091487,196.38284829970252,179.41207437846427,-0.45451302355494816,373.5841762355269
2025-03-08T22:00:00Z,2025-03-08T22:15:00Z,2025-03-09,2025-03-08_24,-88.50397701599216,100,11,0,11.108059078534836,23.13563979209563,0.03956583019619572,8.867539267015708,0.0,True,True,False,False,-2703.7964978385608,0.0,195.95626658091487,22.78549320684942,1867.861351247491,0.0,-617.1933868033054
2025-03-08T22:15:00Z,2025-03-08T22:30:00Z,2025-03-09,2025-03-08_24,-88.50397701599216,100,11,0,23.13563979209563,27.52723428095175,0.023998892619245808,16.997905759162304,0.0,True,True,False,False,-2703.7964978385608,0.0,195.95626658091487,22.78549320684942,3610.784127905435,0.0,1125.7293898546386
2025-03-08T22:30:00Z,2025-03-08T22:45:00Z,2025-03-09,2025-03-08_24,-88.50397701599216,100,11,0,27.52723428095175,38.782316162713265,0.03799099221993272,9.690052356020942,0.0,True,True,False,False,-2703.7964978385608,0.0,195.95626658091487,22.78549320684942,2043.3963147489592,0.0,-441.6584233018373
2025-03-08T22:45:00Z,2025-03-08T23:00:00Z,2025-03-09,2025-03-08_24,-88.50397701599216,100,11,0,38.782316162713265,57.422604890301265,0.053046683859330666,1.8267015706806282,0.0,True,True,False,False,-2703.7964978385608,0.0,195.95626658091487,22.78549320684942,366.1957315048221,0.0,-2118.8590065459744
2025-03-08T23:00:00Z,2025-03-08T23:15:00Z,2025-03-09,2025-03-09_1,-31.99659375646873,100,68,0,57.422604890301265,46.63649853810263,0.04213429564269425,17.5565445026178,0.0,True,True,False,False,-900.7041142445947,0.0,195.95626658091487,140.56877562505022,4984.762257512999,0.0,4420.583185474369
2025-03-08T23:15:00Z,2025-03-08T23:30:00Z,2025-03-09,2025-03-09_1,-31.99659375646873,100,68,0,46.63649853810263,31.77198289298963,0.04700987523845391,21.502617801047123,0.0,True,True,False,False,-900.7041142445947,0.0,195.95626658091487,140.56877562505022,6187.223126343467,0.0,5623.044054304837
2025-03-08T23:30:00Z,2025-03-08T23:45:00Z,2025-03-09,2025-03-09_1,-31.99659375646873,100,68,0,31.77198289298963,28.564239569484855,0.033074657558759796,10.224083769633507,0.0,True,True,False,False,-900.7041142445947,0.0,195.95626658091487,140.56877562505022,2074.1866448583223,0.0,1510.0075728196928
2025-03-08T23:45:00Z,2025-03-09T00:00:00Z,2025-03-09,2025-03-09_1,-31.99659375646873,100,68,0,28.564239569484855,28.62863914026867,0.02916293806618203,7.058115183246073,0.0,True,True,False,False,-900.7041142445947,0.0,195.95626658091487,140.56877562505022,1431.6514811126465,0.0,867.4724090740168
2025-03-09T00:00:00Z,2025-03-09T00:15:00Z,2025-03-09,2025-03-09_2,0.0,100,100,0,28.62863914026867,19.252927781288477,0.026043642663833876,8.62565445026178,0.0,True,True,False,False,0.0,0.0,195.95626658091487,207.14084733499476,1732.0340486706016,0.0,2135.131162586511
2025-03-09T00:15:00Z,2025-03-09T00:30:00Z,2025-03-09,2025-03-09_2,0.0,100,100,0,19.252927781288477,13.257594296198562,0.016653704125249767,5.515706806282723,0.0,True,True,False,False,0.0,0.0,195.95626658091487,207.14084733499476,1107.4957499403372,0.0,1510.5928638562468
2025-03-09T00:30:00Z,2025-03-09T00:45:00Z,2025-03-09,2025-03-09_2,0.0,100,100,0,13.257594296198562,12.501774104985268,0.002367833864481372,0.7397905759162304,0.0525,True,True,False,False,0.0,0.0,195.95626658091487,207.14084733499476,147.51741672134887,-4.147643500281373,546.4668871369771
2025-03-09T00:45:00Z,2025-03-09T01:00:00Z,2025-03-09,2025-03-09_2,0.0,100,100,0,12.501774104985268,12.416694842522258,0.00038966461795280363,0.10366492146596858,0.03,True,True,False,False,0.0,0.0,195.95626658091487,207.14084733499476,18.471507238044165,-2.3994091164884637,419.16921203746534
2025-03-09T01:00:00Z,2025-03-09T01:15:00Z,2025-03-09,2025-03-09_3,0.0,100,100,0,12.416694842522258,10.101984608058338,0.006488528429066445,2.1392670157068068,0.0115,True,True,False,False,0.0,0.0,195.95626658091487,207.14084733499476,421.01588337474317,-0.892454176380738,823.2205431142721
2025-03-09T01:15:00Z,2025-03-09T01:30:00Z,2025-03-09,2025-03-09_3,0.0,100,100,0,10.101984608058338,10.124379786751714,0.0005996800591850672,0.08900523560209425,0.1295,True,True,False,False,0.0,0.0,195.95626658091487,207.14084733499476,15.909086604409625,-9.922616066404052,409.0835844539152
2025-03-09T01:30:00Z,2025-03-09T01:45:00Z,2025-03-09,2025-03-09_3,0.0,100,100,0,10.124379786751714,11.775803438015087,0.004599934302046185,0.002094240837696335,1.7975,True,True,False,False,0.0,0.0,195.95626658091487,207.14084733499476,0.3535578229087791,-108.09132365945815,295.35934807936025
2025-03-09T01:45:00Z,2025-03-09T02:00:00Z,2025-03-09,2025-03-09_3,0.0,100,100,0,11.775803438015087,15.631983438015087,0.010711611111111111,0.0,4.1915,True,True,False,False,0.0,0.0,195.95626658091487,207.14084733499476,0.0,-197.74586522228472,205.3512486936249
2025-03-09T02:00:00Z,2025-03-09T02:15:00Z,2025-03-09,2025-03-09_4,0.0,100,100,0,15.631983438015087,15.673818329888523,0.00041023641146268046,0.04869109947643979,0.103,True,True,False,False,0.0,0.0,195.95626658091487,206.7187876838974,8.715145091291577,-8.036612468847977,403.35358688725586
2025-03-09T02:15:00Z,2025-03-09T02:30:00Z,2025-03-09,2025-03-09_4,0.0,100,100,0,15.673818329888523,14.891830754199928,0.002200298821357209,0.7240837696335078,0.0055,True,True,False,False,0.0,0.0,195.95626658091487,206.7187876838974,141.49481080237,-0.44105233539673605,543.7288127317855
2025-03-09T02:30:00Z,2025-03-09T02:45:00Z,2025-03-09,2025-03-09_4,0.0,100,100,0,14.891830754199928,13.130505919235212,0.004892568986013103,1.6204188481675394,0.0,True,True,False,False,0.0,0.0,195.95626658091487,206.7187876838974,319.228635742423,0.0,721.9036900072354
2025-03-09T02:45:00Z,2025-03-09T03:00:00Z,2025-03-09,2025-03-09_4,0.0,100,100,0,13.130505919235212,13.198575293239308,0.00042936284998861825,0.039790575916230364,0.121,True,True,False,False,0.0,0.0,195.95626658091487,206.7187876838974,6.717598635266803,-9.515338250663236,399.87731464941584
2025-03-09T03:00:00Z,2025-03-09T03:15:00Z,2025-03-09,2025-03-09_5,0.0,100,100,0,13.198575293239308,13.301462759663163,0.00045020148215595514,0.027225130890052355,0.144,True,True,False,False,0.0,0.0,195.53420692981751,206.29672803280008,4.671334752334849,-11.402759064233459,395.09951065071897
2025-03-09T03:15:00Z,2025-03-09T03:30:00Z,2025-03-09,2025-03-09_5,0.0,100,100,0,13.301462759663163,12.511620906715292,0.0024061162581885324,0.7617801047120419,0.0415,True,True,False,False,0.0,0.0,195.53420692981751,206.29672803280008,152.05547943072142,-3.319799823136908,550.5666145702021
2025-03-09T03:30:00Z,2025-03-09T03:45:00Z,2025-03-09,2025-03-09_5,0.0,100,100,0,12.511620906715292,11.689531751240672,0.002291247654096163,0.7575916230366493,0.0015,True,True,False,False,0.0,0.0,195.53420692981751,206.29672803280008,150.667335866042,-0.1202870005627462,552.3779838280968
2025-03-09T03:45:00Z,2025-03-09T04:00:00Z,2025-03-09,2025-03-09_5,0.0,100,100,0,11.689531751240672,12.428854068563686,0.002477326896324961,0.07015706806282723,0.8865,True,True,False,False,0.0,0.0,195.53420692981751,206.29672803280008,13.071569152753396,-41.862519796607444,373.0399843187635
2025-03-09T04:00:00Z,2025-03-09T04:15:00Z,2025-03-09,2025-03-09_6,0.0,100,100,0,12.428854068563686,17.061974068563686,0.012869777777777777,0.0,5.036,True,True,False,False,0.0,0.0,195.95626658091487,205.00040196157246,0.0,-90.69779725058284,310.2588712919045
2025-03-09T04:15:00Z,2025-03-09T04:30:00Z,2025-03-09,2025-03-09_6,0.0,100,100,0,17.061974068563686,17.520594068563685,0.0012739444444444445,0.0,0.4985,True,True,False,False,0.0,0.0,195.95626658091487,205.00040196157246,0.0,-36.909999598038425,364.0466689444489
2025-03-09T04:30:00Z,2025-03-09T04:45:00Z,2025-03-09,2025-03-09_6,0.0,100,100,0,17.520594068563685,19.63683589419537,0.005884772706578648,0.0010471204188481674,2.3015,True,True,False,False,0.0,0.0,195.95626658091487,205.00040196157246,0.17677891145438954,-109.23012621593375,291.90332123800795
2025-03-09T04:45:00Z,2025-03-09T05:00:00Z,2025-03-09,2025-03-09_6,0.0,100,100,0,19.63683589419537,21.230735894195373,0.0044275,0.0,1.7325,True,True,False,False,0.0,0.0,195.95626658091487,205.00040196157246,0.0,-119.02911508159818,281.92755346088916
2025-03-09T05:00:00Z,2025-03-09T05:15:00Z,2025-03-09,2025-03-09_7,18.999999999999872,81,100,0,21.230735894195373,13.675009744593766,0.021010898193337787,2.206083769633508,0.0055,True,True,False,False,515.5174999999965,0.0,158.72457593054105,205.00040196157246,438.8060944171957,-0.4347217421014551,1317.6138505672043
2025-03-09T05:15:00Z,2025-03-09T05:30:00Z,2025-03-09,2025-03-09_7,18.999999999999872,81,100,0,13.675009744593766,10.000000000000128,0.016811660401649005,0.027565445026178012,1.595,True,True,False,False,515.5174999999965,0.0,158.72457593054105,205.00040196157246,4.845476264484822,-65.63523092692338,818.4527232296715
2025-03-09T05:30:00Z,2025-03-09T05:45:00Z,2025-03-09,2025-03-09_7,18.999999999999872,81,100,0,10.000000000000128,17.087994608695812,0.03360327608695652,0.0,12.8725,True,True,False,False,515.5174999999965,0.0,158.72457593054105,205.00040196157246,0.0,596.8109700337648,1476.0534479258747
2025-03-09T05:45:00Z,2025-03-09T06:00:00Z,2025-03-09,2025-03-09_7,18.999999999999872,81,100,0,17.087994608695812,35.3287404173915,0.051138001642512164,0.0,24.591,True,True,False,False,515.5174999999965,0.0,158.72457593054105,205.00040196157246,0.0,26190.1711747327,27069.413652624808
2025-03-09T06:00:00Z,2025-03-09T06:15:00Z,2025-03-09,2025-03-09_8,30.977549031729723,69,100,0,35.3287404173915,27.869024608494477,0.033964847161385925,2.474557894736842,3.7539999999999996,True,True,False,False,751.0506762742872,0.0,135.20982394083126,205.00040196157246,463.7831565196051,858.5407657367955,2413.5848244330914
2025-03-09T06:15:00Z,2025-03-09T06:30:00Z,2025-03-09,2025-03-09_8,30.977549031729723,69,100,0,27.869024608494477,18.309087841007884,0.026613588843334885,1.0655052631578947,0.0165,True,True,False,False,751.0506762742872,0.0,135.20982394083126,205.00040196157246,199.40041437160716,-1.3005472706809231,1289.3607692776172
2025-03-09T06:30:00Z,2025-03-09T06:45:00Z,2025-03-09,2025-03-09_8,30.977549031729723,69,100,0,18.309087841007884,10.906237292543704,0.02431706801261275,0.01743157894736842,1.064,True,True,False,False,751.0506762742872,0.0,135.20982394083126,205.00040196157246,3.2535315497522643,-35.28889138998312,1059.22554233646
2025-03-09T06:45:00Z,2025-03-09T07:00:00Z,2025-03-09,2025-03-09_8,30.977549031729723,69,100,0,10.906237292543704,15.249525327230755,0.03426433047884401,0.0,13.1325,True,True,False,False,751.0506762742872,0.0,135.20982394083126,205.00040196157246,0.0,822.911229801431,1914.1721319781218
2025-03-09T07:00:00Z,2025-03-09T07:15:00Z,2025-03-09,2025-03-09_9,10.0,90,100,0,15.249525327230755,13.701241757436703,0.010188787693872364,0.027473684210526317,1.28,True,True,False,False,168.29999999999998,0.0,176.36063992282337,205.00040196157246,4.334410449308415,-27.865905619422783,526.1295467142814
2025-03-09T07:15:00Z,2025-03-09T07:30:00Z,2025-03-09,2025-03-09_9,10.0,90,100,0,13.701241757436703,9.999999999999632,0.010888427103991863,1.0188947368421053,0.132,True,True,False,False,168.29999999999998,0.0,176.36063992282337,205.00040196157246,160.74684269762759,-7.049488704879814,703.3583958771436
2025-03-09T07:30:00Z,2025-03-09T07:45:00Z,2025-03-09,2025-03-09_9,10.0,90,100,0,9.999999999999632,10.320920109839449,0.014785355250444953,0.14163157894736841,3.408,True,True,False,False,168.29999999999998,0.0,176.36063992282337,205.00040196157246,22.344633178331307,23.64764048556958,595.6533155482967
2025-03-09T07:45:00Z,2025-03-09T08:00:00Z,2025-03-09,2025-03-09_9,10.0,90,100,0,10.320920109839449,19.380134892448144,0.032669014492753626,0.0,12.5725,True,True,False,False,168.29999999999998,0.0,176.36063992282337,205.00040196157246,0.0,731.6666386968407,1281.3276805812366
2025-03-09T08:00:00Z,2025-03-09T08:15:00Z,2025-03-09,2025-03-09_10,10.0,90,100,0,19.380134892448144,16.05789295194471,0.014872649834731758,1.6138421052631577,1.227,True,True,False,False,73.175,0.0,176.36063992282337,205.00040196157246,193.19333812161238,-5.055863413457674,642.6735165925505
2025-03-09T08:15:00Z,2025-03-09T08:30:00Z,2025-03-09,2025-03-09_10,10.0,90,100,0,16.05789295194471,13.516181693363471,0.007945809051614542,0.004263157894736842,0.1925,True,True,False,False,73.175,0.0,176.36063992282337,205.00040196157246,0.5103434232739982,-13.79905740011255,441.2473279075573
2025-03-09T08:30:00Z,2025-03-09T08:45:00Z,2025-03-09,2025-03-09_10,10.0,90,100,0,13.516181693363471,12.408932942791388,0.01106129097381134,0.01468421052631579,1.736,True,True,False,False,73.175,0.0,176.36063992282337,205.00040196157246,1.7578495690548825,25.073190770962295,481.367082224413
2025-03-09T08:45:00Z,2025-03-09T09:00:00Z,2025-03-09,2025-03-09_10,10.0,90,100,0,12.408932942791388,10.936986727688414,0.01070813948639715,0.09426315789473685,1.439,True,True,False,False,73.175,0.0,176.36063992282337,205.00040196157246,11.284260136836183,-38.028689806254526,427.7916122149775
2025-03-09T09:00:00Z,2025-03-09T09:15:00Z,2025-03-09,2025-03-09_11,0.0,100,100,0,10.936986727688414,10.226441693363471,0.002078513984235952,0.6710526315789473,0.0205,True,True,False,False,0.0,0.0,195.95626658091487,206.29672803280008,67.63961288984983,-1.606841385963502,468.28576611760127
2025-03-09T09:15:00Z,2025-03-09T09:30:00Z,2025-03-09,2025-03-09_11,0.0,100,100,0,10.226441693363471,10.34589922196759,0.000427173531655225,0.015789473684210527,0.1485,True,True,False,False,0.0,0.0,195.95626658091487,206.29672803280008,1.5874837628680594,-9.222394384596832,394.61808399198617
2025-03-09T09:30:00Z,2025-03-09T09:45:00Z,2025-03-09,2025-03-09_11,0.0,100,100,0,10.34589922196759,12.419119221967591,0.005758944444444445,0.0,2.2535,True,True,False,False,0.0,0.0,195.95626658091487,206.29672803280008,0.0,-19.383197905780204,382.86979670793477
2025-03-09T09:45:00Z,2025-03-09T10:00:00Z,2025-03-09,2025-03-09_11,0.0,100,100,0,12.419119221967591,27.24031922196759,0.04117,0.0,16.11,True,True,False,False,0.0,0.0,195.95626658091487,206.29672803280008,0.0,6894.591739689686,7296.8447343034
2025-03-09T10:00:00Z,2025-03-09T10:15:00Z,2025-03-09,2025-03-09_12,-99.93239600542296,100,0,0,27.24031922196759,50.22477030321487,0.06384569744790912,0.0,0.0,True,True,False,False,-0.9993239600542296,0.0,195.95626658091487,0.0,0.0,0.0,194.95694262086064
2025-03-09T10:15:00Z,2025-03-09T10:30:00Z,2025-03-09,2025-03-09_12,-99.93239600542296,100,0,0,50.22477030321487,73.20922138446215,0.0638456974479091,0.0,0.0,True,True,False,False,-0.9993239600542296,0.0,195.95626658091487,0.0,0.0,0.0,194.95694262086064
2025-03-09T10:30:00Z,2025-03-09T10:45:00Z,2025-03-09,2025-03-09_12,-99.93239600542296,100,0,0,73.20922138446215,96.19367246570944,0.06384569744790912,0.0,0.0,True,True,False,False,-0.9993239600542296,0.0,195.95626658091487,0.0,0.0,0.0,194.95694262086064
2025-03-09T10:45:00Z,2025-03-09T11:00:00Z,2025-03-09,2025-03-09_12,-99.93239600542296,100,0,0,96.19367246570944,119.17812354695673,0.06384569744790912,0.0,0.0,True,True,False,False,-0.9993239600542296,0.0,195.95626658091487,0.0,0.0,0.0,194.95694262086064
2025-03-09T11:00:00Z,2025-03-09T11:15:00Z,2025-03-09,2025-03-09_13,-16.999999999999467,100,83,0,119.17812354695673,123.22502013459962,0.011439224566488347,0.039473684210526314,0.19422,True,True,False,False,-0.16999999999999468,0.0,195.53420692981751,171.22628426722406,3.5716401301509255,-10.769498219310234,359.39263310788226
2025-03-09T11:15:00Z,2025-03-09T11:30:00Z,2025-03-09,2025-03-09_13,-16.999999999999467,100,83,0,123.22502013459962,127.04658131080087,0.01112456924739351,0.10157894736842106,0.02075,True,True,False,False,-0.16999999999999468,0.0,195.53420692981751,171.22628426722406,9.191020601588383,-1.6264370126215935,374.15507478600836
2025-03-09T11:30:00Z,2025-03-09T11:45:00Z,2025-03-09,2025-03-09_13,-16.999999999999467,100,83,0,127.04658131080087,130.87513933368405,0.011165108415967117,0.10578947368421053,0.0332,True,True,False,False,-0.16999999999999468,0.0,195.53420692981751,171.22628426722406,9.571995548804482,-2.6022992201945496,373.5601875256515
2025-03-09T11:45:00Z,2025-03-09T12:00:00Z,2025-03-09,2025-03-09_13,-16.999999999999467,100,83,0,130.87513933368405,135.02265591491962,0.012077483765573018,0.11105263157894738,0.38595,True,True,False,False,-0.16999999999999468,0.0,195.53420692981751,171.22628426722406,10.048214232824606,-10.604084070262882,366.0346213596033
2025-03-09T12:00:00Z,2025-03-09T12:15:00Z,2025-03-09,2025-03-09_14,0.0,100,100,0,135.02265591491962,154.50043591491962,0.054104944444444455,0.0,21.1715,True,True,False,False,0.0,0.0,195.95626658091487,206.29672803280008,0.0,28755.28482273495,29157.537817348664
2025-03-09T12:15:00Z,2025-03-09T12:30:00Z,2025-03-09,2025-03-09_14,0.0,100,100,0,154.50043591491962,176.11261591491962,0.06003383333333333,0.0,23.4915,True,True,False,False,0.0,0.0,195.95626658091487,206.29672803280008,0.0,26726.925807038348,27129.178801652062
2025-03-09T12:30:00Z,2025-03-09T12:45:00Z,2025-03-09,2025-03-09_14,0.0,100,100,0,176.11261591491962,181.31383591491962,0.014447833333333333,0.0,5.6535,True,True,False,False,0.0,0.0,195.95626658091487,206.29672803280008,0.0,108.90679877803683,511.1597933917518
2025-03-09T12:45:00Z,2025-03-09T13:00:00Z,2025-03-09,2025-03-09_14,0.0,100,100,0,181.31383591491962,179.96819774558324,0.003753217137045513,1.240526315789474,0.003,True,True,False,False,0.0,0.0,195.95626658091487,206.29672803280008,111.34469156853869,-0.23514751989709784,513.3625386623565
2025-03-09T13:00:00Z,2025-03-09T13:15:00Z,2025-03-09,2025-03-09_15,0.0,100,100,0,179.96819774558324,178.8612183405489,0.0030749427917620142,1.0184210526315791,0.0,True,True,False,False,0.0,0.0,195.95626658091487,206.29672803280008,92.40785348289126,0.0,494.6608480966062
2025-03-09T13:15:00Z,2025-03-09T13:30:00Z,2025-03-09,2025-03-09_15,0.0,100,100,0,178.8612183405489,177.4933693702972,0.0037995804729214332,1.2584210526315789,0.0,True,True,False,False,0.0,0.0,195.95626658091487,206.29672803280008,114.29258412632593,0.0,516.5455787400409
2025-03-09T13:30:00Z,2025-03-09T13:45:00Z,2025-03-09,2025-03-09_15,0.0,100,100,0,177.4933693702972,168.59977669295165,0.024704424103737604,8.182105263157895,0.0,True,True,False,False,0.0,0.0,195.95626658091487,206.29672803280008,744.9011259155204,0.0,1147.1541205292353
2025-03-09T13:45:00Z,2025-03-09T14:00:00Z,2025-03-09,2025-03-09_15,0.0,100,100,0,168.59977669295165,154.24851811171595,0.03986460717009916,13.203157894736842,0.0,True,True,False,False,0.0,0.0,195.95626658091487,206.29672803280008,5264.513754278775,0.0,5666.76674889249
2025-03-09T14:00:00Z,2025-03-09T14:15:00Z,2025-03-09,2025-03-09_16,-77.6109256611514,100,22,0,154.24851811171595,173.09875413428128,0.052759538549695714,0.29421052631578953,1.3928200000000002,True,True,False,False,-337.41349931185573,0.0,195.53420692981751,45.38528016721602,30.991858691466994,-5.591602922260632,-71.09375644561584
2025-03-09T14:15:00Z,2025-03-09T14:30:00Z,2025-03-09,2025-03-09_16,-77.6109256611514,100,22,0,173.09875413428128,189.9999999999995,0.04871404052799373,1.3063157894736843,0.32758,True,True,False,False,-337.41349931185573,0.0,195.53420692981751,45.38528016721602,140.8629332193737,-13.625750538628507,30.743170465922994
2025-03-09T14:30:00Z,2025-03-09T14:45:00Z,2025-03-09,2025-03-09_16,-77.6109256611514,100,22,0,189.9999999999995,187.73293538146075,0.022112329815606558,21.013157894736842,0.0,True,True,False,False,-337.41349931185573,0.0,195.53420692981751,45.38528016721602,11207.024582594642,0.0,11110.53057037982
2025-03-09T14:45:00Z,2025-03-09T15:00:00Z,2025-03-09,2025-03-09_16,-77.6109256611514,100,22,0,187.73293538146075,189.8960208333327,0.0281621128872674,16.38578947368421,0.0,True,True,False,False,-337.41349931185573,0.0,195.53420692981751,45.38528016721602,2748.156664628651,0.0,2651.6626524138287
2025-03-09T15:00:00Z,2025-03-09T15:15:00Z,2025-03-09,2025-03-09_17,7.439416109947476e-14,100,100,0,189.8960208333327,189.6939359267728,0.0011390089997034205,0.2815789473684211,0.11302083333333333,True,True,False,False,1.9353641010028356e-12,0.0,195.95626658091487,208.015113755125,53.35337023622648,-4.387450759707372,452.9372998125609
2025-03-09T15:15:00Z,2025-03-09T15:30:00Z,2025-03-09,2025-03-09_17,7.439416109947476e-14,100,100,0,189.6939359267728,189.69393592677278,5.615501290721223e-17,0.0,0.0,True,True,False,False,1.9353641010028356e-12,0.0,195.95626658091487,208.015113755125,0.0,0.0,403.9713803360418
2025-03-09T15:30:00Z,2025-03-09T15:45:00Z,2025-03-09,2025-03-09_17,7.439416109947476e-14,100,100,0,189.69393592677278,189.69393592677275,5.615501290721223e-17,0.0,0.0,True,True,False,False,1.9353641010028356e-12,0.0,195.95626658091487,208.015113755125,0.0,0.0,403.9713803360418
2025-03-09T15:45:00Z,2025-03-09T16:00:00Z,2025-03-09,2025-03-09_17,7.439416109947476e-14,100,100,0,189.69393592677275,185.08972401792454,0.012792139561615446,4.236315789473684,0.0005208333333333333,True,True,False,False,1.9353641010028356e-12,0.0,195.95626658091487,208.015113755125,823.9683592774846,-0.04082422220435726,1227.8989153913221
2025-03-09T16:00:00Z,2025-03-09T16:15:00Z,2025-03-09,2025-03-09_18,0.0,100,100,0,185.08972401792454,187.07939394735772,0.008040329311783898,0.4162303664921466,2.654450261780105,True,True,False,False,0.0,0.0,195.95626658091487,208.015113755125,81.66291555145129,-159.19019264271427,326.4441032447769
2025-03-09T16:15:00Z,2025-03-09T16:30:00Z,2025-03-09,2025-03-09_18,0.0,100,100,0,187.07939394735772,188.31070102680226,0.0036763866757720614,0.042408376963350786,1.38848167539267,True,True,False,False,0.0,0.0,195.95626658091487,208.015113755125,7.280542239847735,-51.268561259574994,359.9833613163126
2025-03-09T16:30:00Z,2025-03-09T16:45:00Z,2025-03-09,2025-03-09_18,0.0,100,100,0,188.31070102680226,189.592368224617,0.005548830209677011,0.32931937172774867,1.7821989528795812,True,True,False,False,0.0,0.0,195.95626658091487,208.015113755125,65.01694720497808,-64.40394780981451,404.5843797312034
2025-03-09T16:45:00Z,2025-03-09T17:00:00Z,2025-03-09,2025-03-09_18,0.0,100,100,0,189.592368224617,180.68387744382937,0.024745807724410044,8.195811518324607,0.0,True,True,False,False,0.0,0.0,195.95626658091487,208.015113755125,1886.323112916688,0.0,2290.294493252728
2025-03-09T17:00:00Z,2025-03-09T17:15:00Z,2025-03-09,2025-03-09_19,100.0,0,100,0,180.68387744382937,159.73442092209027,0.0581929347826087,0.0,5.7265,True,True,False,False,3832.25,0.0,0.0,205.00040196157246,0.0,1732.4434911367473,5769.69389309832
2025-03-09T17:15:00Z,2025-03-09T17:30:00Z,2025-03-09,2025-03-09_19,100.0,0,100,0,159.73442092209027,132.78116005252505,0.07487016908212558,0.0,0.203,True,True,False,False,3832.25,0.0,0.0,205.00040196157246,0.0,-14.856706527855938,4022.3936954337164
2025-03-09T17:30:00Z,2025-03-09T17:45:00Z,2025-03-09,2025-03-09_19,100.0,0,100,0,132.78116005252505,105.6072470090468,0.0754830917874396,0.0,0.0,True,True,False,False,3832.25,0.0,0.0,205.00040196157246,0.0,0.0,4037.2504019615726
2025-03-09T17:45:00Z,2025-03-09T18:00:00Z,2025-03-09,2025-03-09_19,100.0,0,100,0,105.6072470090468,78.43333396556855,0.07548309178743962,0.0,0.0,True,True,False,False,3832.25,0.0,0.0,205.00040196157246,0.0,0.0,4037.2504019615726
2025-03-09T18:00:00Z,2025-03-09T18:15:00Z,2025-03-09,2025-03-09_20,32.00000000000008,68,100,0,78.43333396556855,68.81422148407525,0.02675798800414807,0.859434554973822,0.011,True,True,False,False,1226.400000000003,0.0,132.96326071227588,205.00040196157246,187.42482308429535,-0.85055008441193,1750.9379356737347
2025-03-09T18:15:00Z,2025-03-09T18:30:00Z,2025-03-09,2025-03-09_20,32.00000000000008,68,100,0,68.81422148407525,58.46113703153709,0.028758567923717084,1.5248376963350787,0.0,True,True,False,False,1226.400000000003,0.0,132.96326071227588,205.00040196157246,345.14883295613487,0.0,1909.5124956299862
2025-03-09T18:30:00Z,2025-03-09T18:45:00Z,2025-03-09,2025-03-09_20,32.00000000000008,68,100,0,58.46113703153709,45.59926587287556,0.035727419885170905,3.832921465968586,0.0,True,True,False,False,1226.400000000003,0.0,132.96326071227588,205.00040196157246,905.2653943495567,0.0,2469.629057023408
2025-03-09T18:45:00Z,2025-03-09T19:00:00Z,2025-03-09,2025-03-09_20,32.00000000000008,68,100,0,45.59926587287556,36.86241016315553,0.024387212527000084,0.06835602094240839,0.034,True,True,False,False,1226.400000000003,0.0,132.96326071227588,205.00040196157246,12.330076532641597,-2.665005225500442,1574.0287339809925
2025-03-09T19:00:00Z,2025-03-09T19:15:00Z,2025-03-09,2025-03-09_21,0.0,100,100,0,36.86241016315553,25.912034565613986,0.030417709993170953,10.07434554973822,0.0,True,True,False,False,0.0,0.0,195.95626658091487,205.00040196157246,2356.8270940198645,0.0,2757.783762562352
2025-03-09T19:15:00Z,2025-03-09T19:30:00Z,2025-03-09,2025-03-09_21,0.0,100,100,0,25.912034565613986,23.691940024298255,0.006182262614765914,2.0450261780104713,0.003,True,True,False,False,0.0,0.0,195.95626658091487,205.00040196157246,436.84794067299737,-0.23514751989709784,837.5694616955876
2025-03-09T19:30:00Z,2025-03-09T19:45:00Z,2025-03-09,2025-03-09_21,0.0,100,100,0,23.691940024298255,20.60976383490604,0.008561600526089487,2.835602094240838,0.0,True,True,False,False,0.0,0.0,195.95626658091487,205.00040196157246,634.6919345463454,0.0,1035.6486030888327
2025-03-09T19:45:00Z,2025-03-09T20:00:00Z,2025-03-09,2025-03-09_21,0.0,100,100,0,20.60976383490604,18.075618603856643,0.007039292308470546,2.331413612565445,0.0,True,True,False,False,0.0,0.0,195.95626658091487,205.00040196157246,503.94023473293134,0.0,904.8969032754187
2025-03-09T20:00:00Z,2025-03-09T20:15:00Z,2025-03-09,2025-03-09_22,0.0,100,100,0,18.075618603856643,11.342179040915601,0.018703998785947338,6.194764397905759,0.0,True,True,False,False,0.0,0.0,195.95626658091487,206.29672803280008,1345.3181645803247,0.0,1747.5711591940396
2025-03-09T20:15:00Z,2025-03-09T20:30:00Z,2025-03-09,2025-03-09_22,0.0,100,100,0,11.342179040915601,11.172025828987534,0.0006592033664668537,0.187434554973822,0.0365,True,True,False,False,0.0,0.0,195.95626658091487,206.29672803280008,36.46192771510311,-2.8609614920813566,435.8539608367367
2025-03-09T20:30:00Z,2025-03-09T20:45:00Z,2025-03-09,2025-03-09_22,0.0,100,100,0,11.172025828987534,11.418665951910366,0.000789444102992134,0.017277486910994767,0.2885,True,True,False,False,0.0,0.0,195.95626658091487,206.29672803280008,2.9168520389974284,-21.374837205563146,383.79500944714925
2025-03-09T20:45:00Z,2025-03-09T21:00:00Z,2025-03-09,2025-03-09_22,0.0,100,100,0,11.418665951910366,12.729665951910366,0.003641666666666667,0.0,1.425,True,True,False,False,0.0,0.0,195.95626658091487,206.29672803280008,0.0,-79.10875070343276,323.14424391028217
2025-03-09T21:00:00Z,2025-03-09T21:15:00Z,2025-03-09,2025-03-09_23,0.9999999999998374,99,100,0,12.729665951910366,10.299256927007155,0.007606276180286699,2.1292774869109947,0.169,True,True,False,False,29.229999999995247,0.0,193.9967039151057,206.29672803280008,427.36185978149285,-10.632299622156122,846.2529921072378
2025-03-09T21:15:00Z,2025-03-09T21:30:00Z,2025-03-09,2025-03-09_23,0.9999999999998374,99,100,0,10.299256927007155,10.064474682891563,0.0011025129003210963,0.04146596858638743,0.089,True,True,False,False,29.229999999995247,0.0,193.9967039151057,206.29672803280008,7.033571998893868,-6.79827920250824,429.75872474428667
2025-03-09T21:30:00Z,2025-03-09T21:45:00Z,2025-03-09,2025-03-09_23,0.9999999999998374,99,100,0,10.064474682891563,10.208405757965588,0.0019379114581277112,0.009329842931937173,0.462,True,True,False,False,29.229999999995247,0.0,193.9967039151057,206.29672803280008,1.575100101058611,-33.744403489026446,397.3541285599332
2025-03-09T21:45:00Z,2025-03-09T22:00:00Z,2025-03-09,2025-03-09_23,0.9999999999998374,99,100,0,10.208405757965588,12.628863427530849,0.008056766473429856,0.0,2.921,True,True,False,False,29.229999999995247,0.0,193.9967039151057,206.29672803280008,0.0,-165.19007617171795,264.3333557761831
2025-03-09T22:00:00Z,2025-03-09T22:15:00Z,2025-03-10,2025-03-09_24,0.0,74,100,0,12.628863427530849,10.026191740756435,0.00819053246326226,2.553581151832461,0.188,True,True,False,False,0.0,0.0,145.007637269877,207.14084733499476,514.31442102802,-13.774638636546348,852.6882669963454
2025-03-09T22:15:00Z,2025-03-09T22:30:00Z,2025-03-10,2025-03-09_24,0.0,74,100,0,10.026191740756435,10.12357164059709,0.0028089447226648454,0.4203664921465968,0.6025,True,True,False,False,0.0,0.0,145.007637269877,207.14084733499476,84.3270086503814,-44.00492603907066,392.4705672161825
2025-03-09T22:30:00Z,2025-03-09T22:45:00Z,2025-03-10,2025-03-09_24,0.0,74,100,0,10.12357164059709,10.99251164059709,0.0024137222222222225,0.0,0.9445,True,True,False,False,0.0,0.0,145.007637269877,207.14084733499476,0.0,-69.67879994372538,282.4696846611464
2025-03-09T22:45:00Z,2025-03-09T23:00:00Z,2025-03-10,2025-03-09_24,0.0,74,100,0,10.99251164059709,13.32241164059709,0.006471944444444445,0.0,2.5325,True,True,False,False,0.0,0.0,145.007637269877,207.14084733499476,0.0,-103.77875130637511,248.36973329849664
2025-03-09T23:00:00Z,2025-03-09T23:15:00Z,2025-03-10,2025-03-10_1,-4.3443509659245256e-15,100,100,0,13.32241164059709,13.357086282072167,0.003264237107013686,0.5246073298429319,0.6575,True,True,False,False,-1.082938087030836e-13,0.0,195.95626658091487,207.14084733499476,99.0637584711823,-40.641946699895485,461.5189256871963
2025-03-09T23:15:00Z,2025-03-09T23:30:00Z,2025-03-10,2025-03-10_1,-4.3443509659245256e-15,100,100,0,13.357086282072167,16.49658628207217,0.008720833333333336,0.0,3.4125,True,True,False,False,-1.082938087030836e-13,0.0,195.95626658091487,207.14084733499476,0.0,-164.05732976927408,239.03978414663544
2025-03-09T23:30:00Z,2025-03-09T23:45:00Z,2025-03-10,2025-03-10_1,-4.3443509659245256e-15,100,100,0,16.49658628207217,17.581289933335544,0.0030257120798239654,0.002094240837696335,1.1815,True,True,False,False,-1.082938087030836e-13,0.0,195.95626658091487,207.14084733499476,0.3535578229087791,-67.40529212557279,336.04537961324553
2025-03-09T23:45:00Z,2025-03-10T00:00:00Z,2025-03-10,2025-03-10_1,-4.3443509659245256e-15,100,100,0,17.581289933335544,19.538006364020724,0.005492232136985611,0.009424083769633508,2.138,True,True,False,False,-1.082938087030836e-13,0.0,195.95626658091487,207.14084733499476,1.5910102030895061,-105.0484359675215,299.6396881514775
2025-03-10T00:00:00Z,2025-03-10T00:15:00Z,2025-03-10,2025-03-10_2,0.0,100,100,0,19.538006364020724,19.463175983870485,0.00024108438930621945,0.07434554973821988,0.0065,True,True,False,False,0.0,0.0,195.95626658091487,207.14084733499476,12.800102405497991,-0.5094862931103786,415.38773002829726
2025-03-10T00:15:00Z,2025-03-10T00:30:00Z,2025-03-10,2025-03-10_2,0.0,100,100,0,19.463175983870485,21.172573602809706,0.005813784391835497,0.17643979057591624,2.0665,True,True,False,False,0.0,0.0,195.95626658091487,207.14084733499476,33.075687680488116,-104.99170642736554,331.18109516903223
2025-03-10T00:30:00Z,2025-03-10T00:45:00Z,2025-03-10,2025-03-10_2,0.0,100,100,0,21.172573602809706,22.328093602809705,0.003209777777777778,0.0,1.256,True,True,False,False,0.0,0.0,195.95626658091487,207.14084733499476,0.0,-67.97636787523112,335.1207460406785
2025-03-10T00:45:00Z,2025-03-10T01:00:00Z,2025-03-10,2025-03-10_2,0.0,100,100,0,22.328093602809705,23.900642935839524,0.004573696297139389,0.034031413612565446,1.7495,True,True,False,False,0.0,0.0,195.95626658091487,207.14084733499476,6.015741109809588,-83.3846524037302,325.728202621989
2025-03-10T01:00:00Z,2025-03-10T01:15:00Z,2025-03-10,2025-03-10_3,-8.000000000000021,100,92,0,23.900642935839524,26.754259074059426,0.00799651952297849,0.012565445026178013,1.11642,True,True,False,False,-197.98000000000053,0.0,195.95626658091487,190.56957954819515,2.121346937452675,-64.39519355655598,126.27199951000618
2025-03-10T01:15:00Z,2025-03-10T01:30:00Z,2025-03-10,2025-03-10_3,-8.000000000000021,100,92,0,26.754259074059426,30.232466274059433,0.009661686666666683,0.0,1.7806600000000001,True,True,False,False,-197.98000000000053,0.0,195.95626658091487,190.56957954819515,0.0,-110.1327974676421,78.41304866146739
2025-03-10T01:30:00Z,2025-03-10T01:45:00Z,2025-03-10,2025-03-10_3,-8.000000000000021,100,92,0,30.232466274059433,32.43110770652017,0.006174236672484016,0.012041884816753926,0.40387999999999996,True,True,False,False,-197.98000000000053,0.0,195.95626658091487,190.56957954819515,2.03295748172548,-29.58196153227751,160.99684207855745
2025-03-10T01:45:00Z,2025-03-10T02:00:00Z,2025-03-10,2025-03-10_3,-8.000000000000021,100,92,0,32.43110770652017,34.91267890652018,0.006893253333333347,0.0,0.69736,True,True,False,False,-197.98000000000053,0.0,195.95626658091487,190.56957954819515,0.0,-50.848302371573276,137.6975437575362
2025-03-10T02:00:00Z,2025-03-10T02:15:00Z,2025-03-10,2025-03-10_4,-100.0,100,0,0,34.91267890652018,57.2715689588762,0.06210802792321116,0.6968586387434554,0.0,True,True,False,False,-2476.0,0.0,196.37832623201223,0.0,131.27821801806428,0.0,-2148.3434557499236
2025-03-10T02:15:00Z,2025-03-10T02:30:00Z,2025-03-10,2025-03-10_4,-100.0,100,0,0,57.2715689588762,79.43249042484479,0.06155811518324608,0.912041884816754,0.0,True,True,False,False,-2476.0,0.0,196.37832623201223,0.0,171.4970888301403,0.0,-2108.1245849378474
2025-03-10T02:30:00Z,2025-03-10T02:45:00Z,2025-03-10,2025-03-10_4,-100.0,100,0,0,79.43249042484479,100.35117105311704,0.05810744618964513,2.2623036649214656,0.0,True,True,False,False,-2476.0,0.0,196.37832623201223,0.0,428.41182120580885,0.0,-1851.2098525621789
2025-03-10T02:45:00Z,2025-03-10T03:00:00Z,2025-03-10,2025-03-10_4,-100.0,100,0,0,100.35117105311704,117.0022077023317,0.046252879581151846,6.9010471204188475,0.0,True,True,False,False,-2476.0,0.0,196.37832623201223,0.0,1307.6011322689276,0.0,-972.0205414990602
2025-03-10T03:00:00Z,2025-03-10T03:15:00Z,2025-03-10,2025-03-10_5,-100.0,100,0,0,117.0022077023317,132.68170508453065,0.04355415939499709,7.957068062827226,0.0,True,True,False,False,-2567.0,0.0,196.37832623201223,0.0,1536.6723874286624,0.0,-833.9492863393253
2025-03-10T03:15:00Z,2025-03-10T03:30:00Z,2025-03-10,2025-03-10_5,-100.0,100,0,0,132.68170508453065,152.2526579641118,0.05436375799883653,3.7272251308900524,0.0,True,True,False,False,-2567.0,0.0,196.37832623201223,0.0,719.803311363643,0.0,-1650.8183624043447
2025-03-10T03:30:00Z,2025-03-10T03:45:00Z,2025-03-10,2025-03-10_5,-100.0,100,0,0,152.2526579641118,169.40030194316938,0.047632344386271085,6.361256544502618,0.0,True,True,False,False,-2567.0,0.0,196.37832623201223,0.0,1228.488584501793,0.0,-1142.133089266195
2025-03-10T03:45:00Z,2025-03-10T04:00:00Z,2025-03-10,2025-03-10_5,-100.0,100,0,0,169.40030194316938,184.99020770233167,0.043305293775450844,8.054450261780104,0.0,True,True,False,False,-2567.0,0.0,196.37832623201223,0.0,1555.478879339554,0.0,-815.1427944284338
2025-03-10T04:00:00Z,2025-03-10T04:15:00Z,2025-03-10,2025-03-10_6,0.0,100,100,0,184.99020770233167,189.37036626367927,0.014032448440701117,0.3089005235602094,5.126,True,True,False,False,0.0,0.0,196.37832623201223,205.87466838170272,61.982060939058,8.890863413457675,473.12591896623064
2025-03-10T04:15:00Z,2025-03-10T04:30:00Z,2025-03-10,2025-03-10_6,0.0,100,100,0,189.37036626367927,186.46451875172843,0.008700465310974528,2.777486910994764,0.123,True,True,False,False,0.0,0.0,196.37832623201223,205.87466838170272,571.8694606643772,-9.020313128064956,965.1021421500272
2025-03-10T04:30:00Z,2025-03-10T04:45:00Z,2025-03-10,2025-03-10_6,0.0,100,100,0,186.46451875172843,178.45689298346073,0.022243404911854715,7.367015706806282,0.0,True,True,False,False,0.0,0.0,196.37832623201223,205.87466838170272,1519.1516041213056,0.0,1921.4045987350205
2025-03-10T04:45:00Z,2025-03-10T05:00:00Z,2025-03-10,2025-03-10_6,0.0,100,100,0,178.45689298346073,170.01334643212908,0.023454295975921285,7.768062827225131,0.0,True,True,False,False,0.0,0.0,196.37832623201223,205.87466838170272,1599.6017580452292,0.0,2001.854752658944
2025-03-10T05:00:00Z,2025-03-10T05:15:00Z,2025-03-10,2025-03-10_7,16.926352904691903,83,100,0,170.01334643212908,164.65172300760966,0.015237323300417325,0.7717696335078533,0.081,True,True,False,False,654.4574350599124,0.0,162.64370126215934,205.87466838170272,157.99949742597278,-6.150813369241901,1174.8244887605053
2025-03-10T05:15:00Z,2025-03-10T05:30:00Z,2025-03-10,2025-03-10_7,16.926352904691903,83,100,0,164.65172300760966,154.4610540388011,0.028307413802245968,5.14382722513089,0.0,True,True,False,False,654.4574350599124,0.0,162.64370126215934,205.87466838170272,1195.8840040791733,0.0,2218.8598087829478
2025-03-10T05:30:00Z,2025-03-10T05:45:00Z,2025-03-10,2025-03-10_7,16.926352904691903,83,100,0,154.4610540388011,149.30184920502018,0.014418167259625827,0.5327643979057591,0.0205,True,True,False,False,654.4574350599124,0.0,162.64370126215934,205.87466838170272,105.31465956801127,-1.6039284709381785,1126.6865358008477
2025-03-10T05:45:00Z,2025-03-10T06:00:00Z,2025-03-10,2025-03-10_7,16.926352904691903,83,100,0,149.30184920502018,144.89413837837856,0.013449501324730157,0.07126701570680628,0.284,True,True,False,False,654.4574350599124,0.0,162.64370126215934,205.87466838170272,13.34511966459148,-20.88800707452367,1015.4329172938423
2025-03-10T06:00:00Z,2025-03-10T06:15:00Z,2025-03-10,2025-03-10_8,100.0,0,100,0,144.89413837837856,117.89087750881333,0.0750090579710145,0.0,0.157,True,True,False,False,3971.75,0.0,0.0,205.87466838170272,0.0,-11.586748934801832,4166.037919446901
2025-03-10T06:15:00Z,2025-03-10T06:30:00Z,2025-03-10,2025-03-10_8,100.0,0,100,0,117.89087750881333,90.71750794359595,0.07548158212560385,0.0,0.0005,True,True,False,False,3971.75,0.0,0.0,205.87466838170272,0.0,-0.03919125331618297,4177.585477128387
2025-03-10T06:30:00Z,2025-03-10T06:45:00Z,2025-03-10,2025-03-10_8,100.0,0,100,0,90.71750794359595,63.661529682726375,0.07515549516908214,0.0,0.1085,True,True,False,False,3971.75,0.0,0.0,205.87466838170272,0.0,-8.453060635903208,4169.1716077457995
2025-03-10T06:45:00Z,2025-03-10T07:00:00Z,2025-03-10,2025-03-10_8,100.0,0,100,0,63.661529682726375,36.64468185663942,0.07504679951690821,0.0,0.1445,True,True,False,False,3971.75,0.0,0.0,205.87466838170272,0.0,-11.071518208859231,4166.553150172844
2025-03-10T07:00:00Z,2025-03-10T07:15:00Z,2025-03-10,2025-03-10_9,0.0,100,100,0,36.64468185663942,10.907901598120034,0.07149105627366496,23.67783783783784,0.0,True,True,False,False,0.0,0.0,205.00040196157246,209.52246965190128,28985.4453308361,0.0,29399.968202449574
2025-03-10T07:15:00Z,2025-03-10T07:30:00Z,2025-03-10,2025-03-10_9,0.0,100,100,0,10.907901598120034,10.009011609870916,0.002872583300691996,0.8891891891891892,0.0735,True,True,False,False,0.0,0.0,205.00040196157246,209.52246965190128,178.60075058175792,-5.798295582442319,587.3253266127894
2025-03-10T07:30:00Z,2025-03-10T07:45:00Z,2025-03-10,2025-03-10_9,0.0,100,100,0,10.009011609870916,10.000000000000176,0.0004645878051965008,0.08108108108108107,0.086,True,True,False,False,0.0,0.0,205.00040196157246,209.52246965190128,16.279443685183693,-6.7931461532277515,424.00916914542967
2025-03-10T07:45:00Z,2025-03-10T08:00:00Z,2025-03-10,2025-03-10_9,0.0,100,100,0,10.000000000000176,13.282100000000176,0.009116944444444445,0.0,3.5675,True,True,False,False,0.0,0.0,205.00040196157246,209.52246965190128,0.0,-131.05091797974112,283.4719536337326
2025-03-10T08:00:00Z,2025-03-10T08:15:00Z,2025-03-10,2025-03-10_10,0.0,100,100,0,13.282100000000176,13.777526656470311,0.0017580887996346936,0.06324324324324325,0.6132275132275132,True,True,False,False,0.0,0.0,205.00040196157246,212.23571026609858,11.98260918688606,-46.66955196384813,382.549169450709
2025-03-10T08:15:00Z,2025-03-10T08:30:00Z,2025-03-10,2025-03-10_10,0.0,100,100,0,13.777526656470311,10.2097233749279,0.00994842475325567,3.2886486486486484,0.007407407407407408,True,True,False,False,0.0,0.0,205.00040196157246,212.23571026609858,623.095677718075,-0.5940098793222035,1039.7377800664237
2025-03-10T08:30:00Z,2025-03-10T08:45:00Z,2025-03-10,2025-03-10_10,0.0,100,100,0,10.2097233749279,13.913927056870714,0.010325360142751447,0.005945945945945945,4.033333333333333,True,True,False,False,0.0,0.0,205.00040196157246,212.23571026609858,1.1265700944935608,-60.679958195996456,357.6827241261681
2025-03-10T08:45:00Z,2025-03-10T09:00:00Z,2025-03-10,2025-03-10_10,0.0,100,100,0,13.913927056870714,34.41921806216172,0.05695914168136391,0.0,22.288359788359788,True,True,False,False,0.0,0.0,205.00040196157246,212.23571026609858,0.0,8202.296479305785,8619.532591533456
2025-03-10T09:00:00Z,2025-03-10T09:15:00Z,2025-03-10,2025-03-10_11,0.0,100,100,0,34.41921806216172,35.79386356480722,0.0038184597295708405,0.0,1.494179894179894,True,True,False,False,0.0,0.0,205.00040196157246,212.83865262480904,0.0,-88.19913644192123,329.6399181444603
2025-03-10T09:15:00Z,2025-03-10T09:30:00Z,2025-03-10,2025-03-10_11,0.0,100,100,0,35.79386356480722,36.3318939678811,0.0017262823900505064,0.038378378378378375,0.6301587301587303,True,True,False,False,0.0,0.0,205.00040196157246,212.83865262480904,6.255808344722244,-46.73605480458925,377.3588081265145
2025-03-10T09:30:00Z,2025-03-10T09:45:00Z,2025-03-10,2025-03-10_11,0.0,100,100,0,36.3318939678811,43.97130137528851,0.02122057613168725,0.0,8.303703703703706,True,True,False,False,0.0,0.0,205.00040196157246,212.83865262480904,0.0,-120.35163449485341,297.48742009152807
2025-03-10T09:45:00Z,2025-03-10T10:00:00Z,2025-03-10,2025-03-10_11,0.0,100,100,0,43.97130137528851,52.081417777404916,0.02252810111699001,0.0,8.815343915343917,True,True,False,False,0.0,0.0,205.00040196157246,212.83865262480904,0.0,-147.19760494706233,270.64144963931915
2025-03-10T10:00:00Z,2025-03-10T10:15:00Z,2025-03-10,2025-03-10_12,0.0,100,100,0,52.081417777404916,53.69261588234215,0.004586530837255476,0.01837837837837838,1.7730158730158732,True,True,False,False,0.0,0.0,205.00040196157246,212.83865262480904,2.9580930073895746,-64.73061588169314,356.06653171207796
2025-03-10T10:15:00Z,2025-03-10T10:30:00Z,2025-03-10,2025-03-10_12,0.0,100,100,0,53.69261588234215,54.28429377141135,0.001777379173514439,0.022162162162162165,0.6693121693121693,True,True,False,False,0.0,0.0,205.00040196157246,212.83865262480904,3.5664663014972526,-52.370220113306374,369.03530077457236
2025-03-10T10:30:00Z,2025-03-10T10:45:00Z,2025-03-10,2025-03-10_12,0.0,100,100,0,54.28429377141135,56.2065583216759,0.005339623750734862,0.0,2.0894179894179894,True,True,False,False,0.0,0.0,205.00040196157246,212.83865262480904,0.0,-145.38285935896272,272.4561952274188
2025-03-10T10:45:00Z,2025-03-10T11:00:00Z,2025-03-10,2025-03-10_12,0.0,100,100,0,56.2065583216759,58.12759652758367,0.0053917075115142744,0.00918918918918919,2.098941798941799,True,True,False,False,0.0,0.0,205.00040196157246,212.83865262480904,1.4782634390963039,-123.28098124136791,296.0363367841099
2025-03-10T11:00:00Z,2025-03-10T11:15:00Z,2025-03-10,2025-03-10_13,-62.99999999999989,100,37,0,58.12759652758367,72.11663647272134,0.04076786458190414,0.8545945945945945,0.3674550264550265,True,True,False,False,-1197.314999999998,0.0,205.00040196157246,78.75030147117934,142.00515803608093,-18.04684509400584,-789.6059836251711
2025-03-10T11:15:00Z,2025-03-10T11:30:00Z,2025-03-10,2025-03-10_13,-62.99999999999989,100,37,0,72.11663647272134,78.69831493100568,0.03628002470296382,8.055135135135135,0.0,True,True,False,False,-1197.314999999998,0.0,205.00040196157246,78.75030147117934,1340.8928022805344,0.0,427.3285057132882
2025-03-10T11:30:00Z,2025-03-10T11:45:00Z,2025-03-10,2025-03-10_13,-62.99999999999989,100,37,0,78.69831493100568,84.57152410609379,0.03592437331244286,8.776756756756756,0.0,True,True,False,False,-1197.314999999998,0.0,205.00040196157246,78.75030147117934,1461.0170735893862,0.0,547.45277702214
2025-03-10T11:45:00Z,2025-03-10T12:00:00Z,2025-03-10,2025-03-10_13,-62.99999999999989,100,37,0,84.57152410609379,76.51362679939575,0.0289309615876747,22.966486486486488,0.0,True,True,False,False,-1197.314999999998,0.0,205.00040196157246,78.75030147117934,21281.138907924727,0.0,20367.574611357482
2025-03-10T12:00:00Z,2025-03-10T12:15:00Z,2025-03-10,2025-03-10_14,-100.0,0,0,0,76.51362679939575,99.51362679939575,0.06388888888888888,0.0,0.0,True,False,False,False,-1932.9999999999998,0.0,0.0,0.0,0.0,0.0,-1932.9999999999998
2025-03-10T12:15:00Z,2025-03-10T12:30:00Z,2025-03-10,2025-03-10_14,-100.0,0,0,0,99.51362679939575,122.51362679939575,0.06388888888888888,0.0,0.0,True,False,False,False,-1932.9999999999998,0.0,0.0,0.0,0.0,0.0,-1932.9999999999998
2025-03-10T12:30:00Z,2025-03-10T12:45:00Z,2025-03-10,2025-03-10_14,-100.0,0,0,0,122.51362679939575,145.51362679939575,0.06388888888888888,0.0,0.0,True,False,False,False,-1932.9999999999998,0.0,0.0,0.0,0.0,0.0,-1932.9999999999998
2025-03-10T12:45:00Z,2025-03-10T13:00:00Z,2025-03-10,2025-03-10_14,-100.0,0,0,0,145.51362679939575,168.51362679939575,0.06388888888888888,0.0,0.0,True,False,False,False,-1932.9999999999998,0.0,0.0,0.0,0.0,0.0,-1932.9999999999998
2025-03-10T13:00:00Z,2025-03-10T13:15:00Z,2025-03-10,2025-03-10_15,-29.999999999999957,100,70,0,168.51362679939575,181.69313791050686,0.03660975308641973,0.0,6.825555555555555,True,True,False,False,-635.4749999999991,0.0,205.00040196157246,148.98705683736634,0.0,-152.36781114058826,-433.85535234164854
2025-03-10T13:15:00Z,2025-03-10T13:30:00Z,2025-03-10,2025-03-10_15,-29.999999999999957,100,70,0,181.69313791050686,189.9958275183756,0.023369202429482594,0.07243243243243244,1.6062962962962961,True,True,False,False,-635.4749999999991,0.0,205.00040196157246,148.98705683736634,12.68775842326771,-86.53067398534478,-355.33045676313736
2025-03-10T13:30:00Z,2025-03-10T13:45:00Z,2025-03-10,2025-03-10_15,-29.999999999999957,100,70,0,189.9958275183756,185.59114690732974,0.0338510797754276,10.902702702702703,0.0,True,True,False,False,-635.4749999999991,0.0,205.00040196157246,148.98705683736634,4013.0890562159557,0.0,3731.6015150148955
2025-03-10T13:45:00Z,2025-03-10T14:00:00Z,2025-03-10,2025-03-10_15,-29.999999999999957,100,70,0,185.59114690732974,170.4652349919361,0.047777611176393814,21.242702702702704,0.0,True,True,False,False,-635.4749999999991,0.0,205.00040196157246,148.98705683736634,17069.666060646225,0.0,16788.178519445166
2025-03-10T14:00:00Z,2025-03-10T14:15:00Z,2025-03-10,2025-03-10_16,0.0,100,100,0,170.4652349919361,170.5776086644615,0.010086406465207112,1.6186170212765958,2.0345,True,True,False,False,0.0,0.0,199.48347937937132,210.5173245437736,307.1296194578479,-114.83704909960606,602.2933742813868
2025-03-10T14:15:00Z,2025-03-10T14:30:00Z,2025-03-10,2025-03-10_16,0.0,100,100,0,170.5776086644615,172.0399233175605,0.004087681519169494,0.00425531914893617,1.5945,True,True,False,False,0.0,0.0,199.48347937937132,210.5173245437736,0.7183994061231576,-107.25765284588793,303.46155048338017
2025-03-10T14:30:00Z,2025-03-10T14:45:00Z,2025-03-10,2025-03-10_16,0.0,100,100,0,172.0399233175605,169.4982395802802,0.012012899270223042,3.158510638297872,0.9689999999999999,True,True,False,False,0.0,0.0,199.48347937937132,210.5173245437736,600.242076867026,-69.1219740332824,941.1209067568885
2025-03-10T14:45:00Z,2025-03-10T15:00:00Z,2025-03-10,2025-03-10_16,0.0,100,100,0,169.4982395802802,161.88689728610814,0.02171250637270018,7.096808510638299,0.11150000000000002,True,True,False,False,0.0,0.0,199.48347937937132,210.5173245437736,1349.6630437385506,-7.818355977168584,1751.845491684527
2025-03-10T15:00:00Z,2025-03-10T15:15:00Z,2025-03-10,2025-03-10_17,7.6494849894334385,92,100,0,161.88689728610814,179.67439633385382,0.0511197674895643,0.0,21.298,True,True,False,False,251.01784992825827,0.0,183.05330010451,210.5173245437736,0.0,15048.032641691454,15692.621116267996
2025-03-10T15:15:00Z,2025-03-10T15:30:00Z,2025-03-10,2025-03-10_17,7.6494849894334385,92,100,0,179.67439633385382,186.7121723726077,0.02658288532453424,0.0,9.7735,True,True,False,False,251.01784992825827,0.0,183.05330010451,210.5173245437736,0.0,-208.71125,435.87722457654183
2025-03-10T15:30:00Z,2025-03-10T15:45:00Z,2025-03-10,2025-03-10_17,7.6494849894334385,92,100,0,186.7121723726077,187.92006985019276,0.013297374095635802,0.003914893617021277,3.528,True,True,False,False,251.01784992825827,0.0,183.05330010451,210.5173245437736,0.6609274536333051,-247.37550928531235,397.8738927448628
2025-03-10T15:45:00Z,2025-03-10T16:00:00Z,2025-03-10,2025-03-10_17,7.6494849894334385,92,100,0,187.92006985019276,185.91574871415375,0.006568227847200658,0.11353191489361703,0.212,True,True,False,False,251.01784992825827,0.0,183.05330010451,210.5173245437736,21.24369780700029,-16.0080110941394,649.8241612894028
2025-03-10T16:00:00Z,2025-03-10T16:15:00Z,2025-03-10,2025-03-10_18,0.0,100,100,0,185.91574871415375,186.93226000000018,0.0029135797615376714,0.014893617021276596,1.1225,True,True,False,False,0.0,0.0,199.48347937937132,210.5173245437736,2.5143979214310517,-81.63663025564757,330.8785715889284
2025-03-10T16:15:00Z,2025-03-10T16:30:00Z,2025-03-10,2025-03-10_18,0.0,100,100,0,186.93226000000018,189.98843663274764,0.008553620464590399,0.010638297872340425,3.3345,True,True,False,False,0.0,0.0,199.48347937937132,210.5173245437736,1.9489791031296557,-123.35894153468927,288.5908414915853
2025-03-10T16:30:00Z,2025-03-10T16:45:00Z,2025-03-10,2025-03-10_18,0.0,100,100,0,189.98843663274764,187.35127988899185,0.007340768732654949,2.428723404255319,0.003,True,True,False,False,0.0,0.0,199.48347937937132,210.5173245437736,541.8548495380862,-0.23514751989709784,951.620505941334
2025-03-10T16:45:00Z,2025-03-10T17:00:00Z,2025-03-10,2025-03-10_18,0.0,100,100,0,187.35127988899185,177.47732059204458,0.027427664713742417,9.08404255319149,0.0,True,True,False,False,0.0,0.0,199.48347937937132,210.5173245437736,2120.129650139489,0.0,2530.130454062634
2025-03-10T17:00:00Z,2025-03-10T17:15:00Z,2025-03-10,2025-03-10_19,100.0,0,100,0,177.47732059204458,150.31971189639242,0.07543780193236714,0.0,0.015,True,True,False,False,4370.0,0.0,0.0,210.5173245437736,0.0,-1.1847817348661467,4579.332542808907
2025-03-10T17:15:00Z,2025-03-10T17:30:00Z,2025-03-10,2025-03-10_19,100.0,0,100,0,150.31971189639242,123.35449450508807,0.07490338164251208,0.0,0.192,True,True,False,False,4370.0,0.0,0.0,210.5173245437736,0.0,-14.486978052898143,4566.030346490876
2025-03-10T17:30:00Z,2025-03-10T17:45:00Z,2025-03-10,2025-03-10_19,100.0,0,100,0,123.35449450508807,96.1843858094359,0.07547252415458935,0.0,0.0035000000000000005,True,True,False,False,4370.0,0.0,0.0,210.5173245437736,0.0,-0.2743387732132809,4580.24298577056
2025-03-10T17:45:00Z,2025-03-10T18:00:00Z,2025-03-10,2025-03-10_19,100.0,0,100,0,96.1843858094359,69.08655972247938,0.07527173913043479,0.0,0.07,True,True,False,False,4370.0,0.0,0.0,210.5173245437736,0.0,-5.253643781654474,4575.263680762119
2025-03-10T18:00:00Z,2025-03-10T18:15:00Z,2025-03-10,2025-03-10_20,48.50285150324029,51,100,0,69.08655972247938,55.81285372629152,0.03690693857742901,0.09852879581151833,0.0135,True,True,False,False,1933.0811466616415,0.0,99.93769595626658,206.7187876838974,17.78459022122197,-1.0581638395369402,2256.4640566834905
2025-03-10T18:15:00Z,2025-03-10T18:30:00Z,2025-03-10,2025-03-10_20,48.50285150324029,51,100,0,55.81285372629152,42.667781763608545,0.036706230368177294,0.034979057591623036,0.073,True,True,False,False,1933.0811466616415,0.0,99.93769595626658,206.7187876838974,6.102789625940032,-5.654389621352198,2240.186030306393
2025-03-10T18:30:00Z,2025-03-10T18:45:00Z,2025-03-10,2025-03-10_20,48.50285150324029,51,100,0,42.667781763608545,29.441454892522067,0.03678849027898548,0.059544502617801046,0.0185,True,True,False,False,1933.0811466616415,0.0,99.93769595626658,206.7187876838974,10.627824891228357,-1.45007637269877,2248.9153788203353
2025-03-10T18:45:00Z,2025-03-10T19:00:00Z,2025-03-10,2025-03-10_20,48.50285150324029,51,100,0,29.441454892522067,16.76897927612128,0.03654762827553581,0.00400523560209424,0.5115,True,True,False,False,1933.0811466616415,0.0,99.93769595626658,206.7187876838974,0.67617933631304,-37.2611856861484,2203.15262395197
2025-03-10T19:00:00Z,2025-03-10T19:15:00Z,2025-03-10,2025-03-10_21,0.0,100,100,0,16.76897927612128,10.000000000000178,0.0188487202114475,6.235078534031413,0.009,True,True,False,False,0.0,0.0,195.95626658091487,206.7187876838974,1408.9089520209407,-0.7054425596912934,1810.8785637260617
2025-03-10T19:15:00Z,2025-03-10T19:30:00Z,2025-03-10,2025-03-10_21,0.0,100,100,0,10.000000000000178,10.11685302526765,0.0005775193742570251,0.0418848167539267,0.1765,True,True,False,False,0.0,0.0,195.95626658091487,206.7187876838974,7.441550367889541,-13.195783624085538,396.92082100861626
2025-03-10T19:30:00Z,2025-03-10T19:45:00Z,2025-03-10,2025-03-10_21,0.0,100,100,0,10.11685302526765,10.312935137719277,0.0007944385765232568,0.04136125654450262,0.262,True,True,False,False,0.0,0.0,195.95626658091487,206.7187876838974,7.807739359698365,-19.545265294637833,390.9375283298728
2025-03-10T19:45:00Z,2025-03-10T20:00:00Z,2025-03-10,2025-03-10_21,0.0,100,100,0,10.312935137719277,26.202715137719277,0.044138277777777776,0.0,17.2715,True,True,False,False,0.0,0.0,195.95626658091487,206.7187876838974,0.0,1725.844813891792,2128.5198681566044
2025-03-10T20:00:00Z,2025-03-10T20:15:00Z,2025-03-10,2025-03-10_22,23.999999999999996,76,100,0,26.202715137719277,16.7401201225588,0.03337992393100134,4.318869109947644,1.8265,True,True,False,False,767.4599999999999,0.0,148.9267626014953,207.14084733499476,927.9466478130555,-87.283323619262,1964.1909341302835
2025-03-10T20:15:00Z,2025-03-10T20:30:00Z,2025-03-10,2025-03-10_22,23.999999999999996,76,100,0,16.7401201225588,12.37581420532684,0.021158289770088774,0.06963350785340314,2.326,True,True,False,False,767.4599999999999,0.0,148.9267626014953,207.14084733499476,13.388090110103798,-139.22388093898223,997.6918191076115
2025-03-10T20:30:00Z,2025-03-10T20:45:00Z,2025-03-10,2025-03-10_22,23.999999999999996,76,100,0,12.37581420532684,10.230552187935537,0.02366630115942029,0.0,4.5585,True,True,False,False,767.4599999999999,0.0,148.9267626014953,207.14084733499476,0.0,-251.99280991237242,871.5348000241175
2025-03-10T20:45:00Z,2025-03-10T21:00:00Z,2025-03-10,2025-03-10_22,23.999999999999996,76,100,0,10.230552187935537,25.795693440109453,0.046127083188405804,0.0,23.0055,True,True,False,False,767.4599999999999,0.0,148.9267626014953,207.14084733499476,0.0,14901.313731710748,16024.841341647238
2025-03-10T21:00:00Z,2025-03-10T21:15:00Z,2025-03-10,2025-03-10_23,0.0,100,100,0,25.795693440109453,29.67064800418867,0.010779570655335509,0.0026178010471204186,4.215,True,True,False,False,0.0,0.0,195.95626658091487,207.14084733499476,0.4419472786359739,150.1443383712517,553.6833995657973
2025-03-10T21:15:00Z,2025-03-10T21:30:00Z,2025-03-10,2025-03-10_23,0.0,100,100,0,29.67064800418867,32.399524393899576,0.007602343361914157,0.003664921465968587,2.9705,True,True,False,False,0.0,0.0,195.95626658091487,207.14084733499476,0.6187261900903636,-152.42110961492082,251.29473049107918
2025-03-10T21:30:00Z,2025-03-10T21:45:00Z,2025-03-10,2025-03-10_23,0.0,100,100,0,32.399524393899576,33.839324393899574,0.003999444444444445,0.0,1.5650000000000002,True,True,False,False,0.0,0.0,195.95626658091487,207.14084733499476,0.0,-93.69964124929658,309.39747266661306
2025-03-10T21:45:00Z,2025-03-10T22:00:00Z,2025-03-10,2025-03-10_23,0.0,100,100,0,33.839324393899574,38.004624393899576,0.011570277777777778,0.0,4.5275,True,True,False,False,0.0,0.0,195.95626658091487,207.14084733499476,0.0,-214.97344541361846,188.12366850229117
2025-03-10T22:00:00Z,2025-03-10T22:15:00Z,2025-03-11,2025-03-10_24,-93.00000000000004,100,7,0,38.004624393899576,59.494210037377854,0.059697943212560424,0.011,0.119385,True,True,False,False,-2290.125000000001,0.0,178.34465297592732,14.262749668448336,1.8566893059518543,-6.674270649640317,-2102.335178699314
2025-03-10T22:15:00Z,2025-03-10T22:30:00Z,2025-03-11,2025-03-10_24,-93.00000000000004,100,7,0,59.494210037377854,80.76764235042134,0.059166206908212594,0.1735,0.048999999999999995,True,True,False,False,-2290.125000000001,0.0,178.34465297592732,14.262749668448336,29.521042780211385,-3.5621737732588508,-2071.5587283486725
2025-03-10T22:30:00Z,2025-03-10T22:45:00Z,2025-03-11,2025-03-10_24,-93.00000000000004,100,7,0,80.76764235042134,102.13186342868224,0.05936703922705317,0.052,0.02464,True,True,False,False,-2290.125000000001,0.0,178.34465297592732,14.262749668448336,8.784307358437488,-1.794101547241088,-2090.527391544429
2025-03-10T22:45:00Z,2025-03-10T23:00:00Z,2025-03-11,2025-03-10_24,-93.00000000000004,100,7,0,102.13186342868224,123.21400377650833,0.05872022681159424,0.3755,0.04564000000000001,True,True,False,False,-2290.125000000001,0.0,178.34465297592732,14.262749668448336,63.98643441305308,-3.0172693324759883,-2036.548432275048
2025-03-10T23:00:00Z,2025-03-10T23:15:00Z,2025-03-11,2025-03-11_1,0.0,100,100,0,123.21400377650833,124.11422377650834,0.002500611111111111,0.0,0.9785,True,True,False,False,0.0,0.0,178.34465297592732,203.75356669211908,0.0,-71.23745830486678,310.8607613631796
2025-03-10T23:15:00Z,2025-03-10T23:30:00Z,2025-03-11,2025-03-11_1,0.0,100,100,0,124.11422377650834,124.53911768955182,0.0015848502415458938,0.067,0.541,True,True,False,False,0.0,0.0,178.34465297592732,203.75356669211908,11.362279668850219,-39.60640497528433,353.8540943616123
2025-03-10T23:30:00Z,2025-03-10T23:45:00Z,2025-03-11,2025-03-11_1,0.0,100,100,0,124.53911768955182,124.38744812433443,0.00047241545893719804,0.148,0.01,True,True,False,False,0.0,0.0,178.34465297592732,203.75356669211908,25.126483944861953,-0.783667564200458,406.4410360487079
2025-03-10T23:45:00Z,2025-03-11T00:00:00Z,2025-03-11,2025-03-11_1,0.0,100,100,0,124.38744812433443,123.76584029824747,0.001839132850241546,0.5905,0.022,True,True,False,False,0.0,0.0,178.34465297592732,203.75356669211908,102.90678123618535,-1.7240686412410076,483.28093226299075
2025-03-11T00:00:00Z,2025-03-11T00:15:00Z,2025-03-11,2025-03-11_2,0.0,100,100,0,123.76584029824747,123.93576290694313,0.0007648816425120773,0.0485,0.242,True,True,False,False,0.0,0.0,178.34465297592732,203.45215609050354,8.240565747699232,-17.965361089900732,372.07201372422935
2025-03-11T00:15:00Z,2025-03-11T00:30:00Z,2025-03-11,2025-03-11_2,0.0,100,100,0,123.93576290694313,126.49663073303007,0.007228256038647344,0.019,2.806,True,True,False,False,0.0,0.0,178.34465297592732,203.45215609050354,3.2133388257042963,-151.5034762689386,233.50667162319652
2025-03-11T00:30:00Z,2025-03-11T00:45:00Z,2025-03-11,2025-03-11_2,0.0,100,100,0,126.49663073303007,127.27860899389964,0.002555615942028986,0.0635,0.9250000000000002,True,True,False,False,0.0,0.0,178.34465297592732,203.45215609050354,10.766992424546878,-58.74696077643372,333.816840714544
2025-03-11T00:45:00Z,2025-03-11T01:00:00Z,2025-03-11,2025-03-11_2,0.0,100,100,0,127.27860899389964,128.488286385204,0.003414562801932367,0.009,1.3255,True,True,False,False,0.0,0.0,178.34465297592732,203.45215609050354,1.5191094321424263,-84.63852590121769,298.6773925973556
2025-03-11T01:00:00Z,2025-03-11T01:15:00Z,2025-03-11,2025-03-11_3,0.0,100,100,0,128.488286385204,128.98787942868225,0.0020187971014492753,0.1045,0.6665,True,True,False,False,0.0,0.0,178.34465297592732,203.45215609050354,17.77961479725113,-44.17186362174979,355.4045602419322
2025-03-11T01:15:00Z,2025-03-11T01:30:00Z,2025-03-11,2025-03-11_3,0.0,100,100,0,128.98787942868225,139.19849942868225,0.028362833333333334,0.0,11.0985,True,True,False,False,0.0,0.0,178.34465297592732,203.45215609050354,0.0,-547.2667093999919,-165.46990033356104
2025-03-11T01:30:00Z,2025-03-11T01:45:00Z,2025-03-11,2025-03-11_3,0.0,100,100,0,139.19849942868225,144.01791942868226,0.013387277777777777,0.0,5.2385,True,True,False,False,0.0,0.0,178.34465297592732,203.45215609050354,0.0,-272.6733670578306,109.12344200860025
2025-03-11T01:45:00Z,2025-03-11T02:00:00Z,2025-03-11,2025-03-11_3,0.0,100,100,0,144.01791942868226,147.19099942868226,0.008814111111111111,0.0,3.449,True,True,False,False,0.0,0.0,178.34465297592732,203.45215609050354,0.0,-200.18837077522804,181.60843829120282
2025-03-11T02:00:00Z,2025-03-11T02:15:00Z,2025-03-11,2025-03-11_4,0.0,100,100,0,147.19099942868226,151.90783942868225,0.013102333333333334,0.0,5.127,True,True,False,False,0.0,0.0,178.34465297592732,203.45215609050354,0.0,-262.71676847646984,119.08004058996102
2025-03-11T02:15:00Z,2025-03-11T02:30:00Z,2025-03-11,2025-03-11_4,0.0,100,100,0,151.90783942868225,156.31923942868224,0.01225388888888889,0.0,4.795,True,True,False,False,0.0,0.0,178.34465297592732,203.45215609050354,0.0,-246.05231382871838,135.74449523771247
2025-03-11T02:30:00Z,2025-03-11T02:45:00Z,2025-03-11,2025-03-11_4,0.0,100,100,0,156.31923942868224,156.5867976895518,0.0008488937198067633,0.0175,0.3115,True,True,False,False,0.0,0.0,178.34465297592732,203.45215609050354,2.953823895832496,-18.009739983121005,366.74089297914236
2025-03-11T02:45:00Z,2025-03-11T03:00:00Z,2025-03-11,2025-03-11_4,0.0,100,100,0,156.5867976895518,156.86109073303004,0.000906852657004831,0.024,0.3265,True,True,False,False,0.0,0.0,178.34465297592732,203.45215609050354,4.06301490977776,-17.869717779206688,367.9901061970019
2025-03-11T03:00:00Z,2025-03-11T03:15:00Z,2025-03-11,2025-03-11_5,0.0,100,100,0,156.86109073303004,157.12890638520395,0.0009734009661835749,0.038,0.336,True,True,False,False,0.0,0.0,178.34465297592732,192.0286942892738,6.628024353976611,-19.743291403769643,357.2580802154081
2025-03-11T03:15:00Z,2025-03-11T03:30:00Z,2025-03-11,2025-03-11_5,0.0,100,100,0,157.12890638520395,158.99926638520395,0.005195444444444444,0.0,2.033,True,True,False,False,0.0,0.0,178.34465297592732,192.0286942892738,0.0,-109.89785395651649,260.47549330868463
2025-03-11T03:30:00Z,2025-03-11T03:45:00Z,2025-03-11,2025-03-11_5,0.0,100,100,0,158.99926638520395,159.26518551563873,0.0022845579710144928,0.256,0.5915,True,True,False,False,0.0,0.0,178.34465297592732,192.0286942892738,46.56842985170598,-32.61890849174135,384.32286862516577
2025-03-11T03:45:00Z,2025-03-11T04:00:00Z,2025-03-11,2025-03-11_5,0.0,100,100,0,159.26518551563873,158.3970446460735,0.0024677246376811597,0.808,0.011,True,True,False,False,0.0,0.0,178.34465297592732,192.0286942892738,154.9099626250854,-0.8620343206205038,524.421275569666
2025-03-11T04:00:00Z,2025-03-11T04:15:00Z,2025-03-11,2025-03-11_6,0.0,100,100,0,158.3970446460735,157.9605098634648,0.0020814855072463765,0.5455,0.17,True,True,False,False,0.0,0.0,178.34465297592732,191.3957320258811,108.77138025961499,-12.62015834103605,465.89160692038735
2025-03-11T04:15:00Z,2025-03-11T04:30:00Z,2025-03-11,2025-03-11_6,0.0,100,100,0,157.9605098634648,158.02592377650828,0.0035724057971014494,0.5615,0.7345,True,True,False,False,0.0,0.0,178.34465297592732,191.3957320258811,111.4843661335048,-47.15449855322911,434.0702525820841
2025-03-11T04:30:00Z,2025-03-11T04:45:00Z,2025-03-11,2025-03-11_6,0.0,100,100,0,158.02592377650828,158.27757768955175,0.008534183574879228,1.2975,1.8065000000000002,True,True,False,False,0.0,0.0,178.34465297592732,191.3957320258811,261.7899052566009,-116.14111411405378,515.3891761443556
2025-03-11T04:45:00Z,2025-03-11T05:00:00Z,2025-03-11,2025-03-11_6,0.0,100,100,0,158.27757768955175,149.75583855911697,0.02367149758454106,7.84,0.0,True,True,False,False,0.0,0.0,178.34465297592732,191.3957320258811,1586.5169312381945,0.0,1956.2573162400029
2025-03-11T05:00:00Z,2025-03-11T05:15:00Z,2025-03-11,2025-03-11_7,0.0,100,100,0,149.75583855911697,148.48590290694304,0.006034599033816425,1.5835,0.49049999999999994,True,True,False,False,0.0,0.0,194.07828638025958,191.3957320258811,346.27249728730453,-35.63384037294538,696.1126753204999
2025-03-11T05:15:00Z,2025-03-11T05:30:00Z,2025-03-11,2025-03-11_7,0.0,100,100,0,148.48590290694304,137.37122899389956,0.030874094202898553,10.2255,0.0,True,True,False,False,0.0,0.0,194.07828638025958,191.3957320258811,2363.8008456576777,0.0,2749.2748640638183
2025-03-11T05:30:00Z,2025-03-11T05:45:00Z,2025-03-11,2025-03-11_7,0.0,100,100,0,137.37122899389956,136.92376464607347,0.0017642898550724636,0.498,0.10199999999999998,True,True,False,False,0.0,0.0,194.07828638025958,191.3957320258811,99.11506892255757,-7.643769240043401,476.94531808865486
2025-03-11T05:45:00Z,2025-03-11T06:00:00Z,2025-03-11,2025-03-11_7,0.0,100,100,0,136.92376464607347,138.5253724721604,0.004702533816425121,0.042,1.7905,True,True,False,False,0.0,0.0,194.07828638025958,191.3957320258811,7.683461399348953,-121.82135152513763,271.336128280352
2025-03-11T06:00:00Z,2025-03-11T06:15:00Z,2025-03-11,2025-03-11_8,99.99674600983583,0,100,0,138.5253724721604,111.3523436651398,0.07548063557505724,0.0,0.0,True,True,False,False,3715.129106130426,0.0,0.0,191.3957320258811,0.0,0.0,3906.524838156307
2025-03-11T06:15:00Z,2025-03-11T06:30:00Z,2025-03-11,2025-03-11_8,99.99674600983583,0,100,0,111.3523436651398,84.19290174673156,0.0754428962967388,0.0,0.0125,True,True,False,False,3715.129106130426,0.0,0.0,191.3957320258811,0.0,-0.9598922959450228,3905.564945860362
2025-03-11T06:30:00Z,2025-03-11T06:45:00Z,2025-03-11,2025-03-11_8,99.99674600983583,0,100,0,84.19290174673156,57.16552438563566,0.07507607051148346,0.0,0.134,True,True,False,False,3715.129106130426,0.0,0.0,191.3957320258811,0.0,-10.016584816943295,3896.508253339364
2025-03-11T06:45:00Z,2025-03-11T07:00:00Z,2025-03-11,2025-03-11_8,99.99674600983583,0,100,0,57.16552438563566,32.016398506315056,0.06985899267674117,0.0,1.862,True,True,False,False,3715.129106130426,0.0,0.0,191.3957320258811,0.0,-129.29125467186432,3777.2335834844425
2025-03-11T07:00:00Z,2025-03-11T07:15:00Z,2025-03-11,2025-03-11_9,0.0,100,100,0,32.016398506315056,20.329743723706365,0.0326367077294686,10.7805,0.034,True,True,False,False,0.0,0.0,178.34465297592732,192.48081019169712,2745.5571867339145,-2.4750805771008317,3113.907569324438
2025-03-11T07:15:00Z,2025-03-11T07:30:00Z,2025-03-11,2025-03-11_9,0.0,100,100,0,20.329743723706365,10.467243723706366,0.02739583333333333,9.0735,0.0,True,True,False,False,0.0,0.0,178.34465297592732,192.48081019169712,2062.64506530563,0.0,2433.4705284732545
2025-03-11T07:30:00Z,2025-03-11T07:45:00Z,2025-03-11,2025-03-11_9,0.0,100,100,0,10.467243723706366,11.313001984575932,0.002871671497584541,0.0865,1.0215,True,True,False,False,0.0,0.0,178.34465297592732,192.48081019169712,14.70974510710123,-70.31613049069645,315.2190777840292
2025-03-11T07:45:00Z,2025-03-11T08:00:00Z,2025-03-11,2025-03-11_9,0.0,100,100,0,11.313001984575932,18.747061984575932,0.020650166666666667,0.0,8.0805,True,True,False,False,0.0,0.0,178.34465297592732,192.48081019169712,0.0,443.44516215890366,814.270625326528
2025-03-11T08:00:00Z,2025-03-11T08:15:00Z,2025-03-11,2025-03-11_10,0.0,100,100,0,18.747061984575932,22.82450198457593,0.011326222222222222,0.0,4.432,True,True,False,False,0.0,0.0,178.34465297592732,192.48081019169712,0.0,140.29560744283245,511.12107061045685
2025-03-11T08:15:00Z,2025-03-11T08:30:00Z,2025-03-11,2025-03-11_10,0.0,100,100,0,22.82450198457593,26.95760198457593,0.011480833333333332,0.0,4.4925,True,True,False,False,0.0,0.0,178.34465297592732,192.48081019169712,0.0,-295.51507203713373,75.3103911304907
2025-03-11T08:30:00Z,2025-03-11T08:45:00Z,2025-03-11,2025-03-11_10,0.0,100,100,0,26.95760198457593,22.030601115010715,0.016193113526570047,4.948,0.49049999999999994,True,True,False,False,0.0,0.0,178.34465297592732,192.48081019169712,1013.0206261302898,-32.35983221476509,1351.4862570831492
2025-03-11T08:45:00Z,2025-03-11T09:00:00Z,2025-03-11,2025-03-11_10,0.0,100,100,0,22.030601115010715,22.062101115010712,0.003490277777777778,0.5635,0.7,True,True,False,False,0.0,0.0,178.34465297592732,192.48081019169712,101.69212725555599,-49.39060804565366,423.12698237752676
2025-03-11T09:00:00Z,2025-03-11T09:15:00Z,2025-03-11,2025-03-11_11,0.0,100,100,0,22.062101115010712,23.56934459327158,0.004808768115942029,0.103,1.76,True,True,False,False,0.0,0.0,178.34465297592732,203.75356669211908,17.541790378973594,-101.93507213760398,297.704937909416
2025-03-11T09:15:00Z,2025-03-11T09:30:00Z,2025-03-11,2025-03-11_11,0.0,100,100,0,23.56934459327158,26.492101115010712,0.00812178743961353,0.0005,3.1775000000000007,True,True,False,False,0.0,0.0,178.34465297592732,203.75356669211908,0.08439496845235703,-186.98124723706954,195.20136739942922
2025-03-11T09:30:00Z,2025-03-11T09:45:00Z,2025-03-11,2025-03-11_11,0.0,100,100,0,26.492101115010712,27.356202854141145,0.002641828502415459,0.04,0.9865,True,True,False,False,0.0,0.0,178.34465297592732,203.75356669211908,6.7669734356789775,-65.22385313266086,323.6413399710645
2025-03-11T09:45:00Z,2025-03-11T10:00:00Z,2025-03-11,2025-03-11_11,0.0,100,100,0,27.356202854141145,29.36502807153245,0.005679707729468598,0.0165,2.203,True,True,False,False,0.0,0.0,178.34465297592732,203.75356669211908,2.789556323594422,-122.62448860667924,262.2632873849616
2025-03-11T10:00:00Z,2025-03-11T10:15:00Z,2025-03-11,2025-03-11_12,-5.000000000000008,100,95,0,29.36502807153245,26.672702941097672,0.013454592028985512,3.649,0.10165,True,True,False,False,-121.6125000000002,0.0,178.34465297592732,193.56588835751313,681.5570319093357,-7.399599555921714,924.4554736868542
2025-03-11T10:15:00Z,2025-03-11T10:30:00Z,2025-03-11,2025-03-11_12,-5.000000000000008,100,95,0,26.672702941097672,26.552594462836804,0.006447162439613531,1.182,0.005225,True,True,False,False,-121.6125000000002,0.0,178.34465297592732,193.56588835751313,215.01992243700516,-0.39743954205682586,464.9205242283886
2025-03-11T10:30:00Z,2025-03-11T10:45:00Z,2025-03-11,2025-03-11_12,-5.000000000000008,100,95,0,26.552594462836804,27.614425071532455,0.0036694871980676377,0.1255,0.0513,True,True,False,False,-121.6125000000002,0.0,178.34465297592732,193.56588835751313,21.25185618695495,-3.8670238114375275,267.6828737089577
2025-03-11T10:45:00Z,2025-03-11T11:00:00Z,2025-03-11,2025-03-11_12,-5.000000000000008,100,95,0,27.614425071532455,26.45904672370637,0.009158973188405802,2.156,0.02185,True,True,False,False,-121.6125000000002,0.0,178.34465297592732,193.56588835751313,412.28961941888036,-1.6435927741831773,660.9440679781375
2025-03-11T11:00:00Z,2025-03-11T11:15:00Z,2025-03-11,2025-03-11_13,-100.0,100,0,0,26.45904672370637,46.90328672370637,0.05678955555555556,2.778,0.0,True,True,False,False,-2430.25,0.0,178.34465297592732,0.0,512.6081529558332,0.0,-1739.2971940682394
2025-03-11T11:15:00Z,2025-03-11T11:30:00Z,2025-03-11,2025-03-11_13,-100.0,100,0,0,46.90328672370637,51.30870672370637,0.012237277777777774,20.2115,0.0,True,True,False,False,-2430.25,0.0,178.34465297592732,0.0,23628.196282602577,0.0,21376.290935578505
2025-03-11T11:30:00Z,2025-03-11T11:45:00Z,2025-03-11,2025-03-11_13,-100.0,100,0,0,51.30870672370637,56.564666723706374,0.014599888888888891,19.287,0.0,True,True,False,False,-2430.25,0.0,178.34465297592732,0.0,21350.08426335249,0.0,19098.17891632842
2025-03-11T11:45:00Z,2025-03-11T12:00:00Z,2025-03-11,2025-03-11_13,-100.0,100,0,0,56.564666723706374,79.36916672370637,0.06334583333333334,0.21250000000000002,0.0,True,True,False,False,-2430.25,0.0,178.34465297592732,0.0,36.199724711650525,0.0,-2215.7056223124223
2025-03-11T12:00:00Z,2025-03-11T12:15:00Z,2025-03-11,2025-03-11_14,4.262805661154932e-15,100,100,0,79.36916672370637,79.51600063674985,0.0006041280193236747,0.0325,0.198,True,True,False,False,1.0618648901936936e-13,0.0,178.34465297592732,203.45215609050354,5.493810030944822,-14.87570188482096,372.4149172125548
2025-03-11T12:15:00Z,2025-03-11T12:30:00Z,2025-03-11,2025-03-11_14,4.262805661154932e-15,100,100,0,79.51600063674985,79.73818498457594,0.0014988212560386504,0.146,0.414,True,True,False,False,1.0618648901936936e-13,0.0,178.34465297592732,203.45215609050354,24.821466864927856,-30.261947514367236,376.3563284169916
2025-03-11T12:30:00Z,2025-03-11T12:45:00Z,2025-03-11,2025-03-11_14,4.262805661154932e-15,100,100,0,79.73818498457594,81.69548498457594,0.005436944444444447,0.0,2.1275,True,True,False,False,1.0618648901936936e-13,0.0,178.34465297592732,203.45215609050354,0.0,-120.52612828035205,261.2706807860789
2025-03-11T12:45:00Z,2025-03-11T13:00:00Z,2025-03-11,2025-03-11_14,4.262805661154932e-15,100,100,0,81.69548498457594,82.70192411501071,0.002813780193236718,0.003,1.0975,True,True,False,False,1.0618648901936936e-13,0.0,178.34465297592732,203.45215609050354,0.5063698107141421,-61.72097767552143,320.58220120162366
2025-03-11T13:00:00Z,2025-03-11T13:15:00Z,2025-03-11,2025-03-11_15,-99.99999999999858,0,0,0,82.70192411501071,105.70192411501039,0.06388888888888798,0.0,0.0,True,False,False,False,-2598.9999999999627,0.0,0.0,0.0,0.0,0.0,-2598.9999999999627
2025-03-11T13:15:00Z,2025-03-11T13:30:00Z,2025-03-11,2025-03-11_15,-99.99999999999858,0,0,0,105.70192411501039,128.70192411501006,0.06388888888888798,0.0,0.0,True,False,False,False,-2598.9999999999627,0.0,0.0,0.0,0.0,0.0,-2598.9999999999627
2025-03-11T13:30:00Z,2025-03-11T13:45:00Z,2025-03-11,2025-03-11_15,-99.99999999999858,0,0,0,128.70192411501006,151.70192411500972,0.06388888888888798,0.0,0.0,True,False,False,False,-2598.9999999999627,0.0,0.0,0.0,0.0,0.0,-2598.9999999999627
2025-03-11T13:45:00Z,2025-03-11T14:00:00Z,2025-03-11,2025-03-11_15,-99.99999999999858,0,0,0,151.70192411500972,174.70192411500938,0.06388888888888798,0.0,0.0,True,False,False,False,-2598.9999999999627,0.0,0.0,0.0,0.0,0.0,-2598.9999999999627
2025-03-11T14:00:00Z,2025-03-11T14:15:00Z,2025-03-11,2025-03-11_16,-95.0,100,5,0,174.70192411500938,189.54986063674852,0.04352159299516908,7.5425,0.0,True,True,False,False,-2733.8625,0.0,178.34465297592732,10.187678334605954,3443.4787696419244,0.0,898.1486009524575
2025-03-11T14:15:00Z,2025-03-11T14:30:00Z,2025-03-11,2025-03-11_16,-95.0,100,5,0,189.54986063674852,189.80602602805286,0.007734668357487921,23.2605,0.0,True,True,False,False,-2733.8625,0.0,178.34465297592732,10.187678334605954,34934.90036028614,0.0,32389.570191596675
2025-03-11T14:30:00Z,2025-03-11T14:45:00Z,2025-03-11,2025-03-11_16,-95.0,100,5,0,189.80602602805286,188.71330202805288,0.004426461111111113,24.7135,0.0,True,True,False,False,-2733.8625,0.0,178.34465297592732,10.187678334605954,39732.49075674154,0.0,37187.16058805207
2025-03-11T14:45:00Z,2025-03-11T15:00:00Z,2025-03-11,2025-03-11_16,-95.0,100,5,0,188.71330202805288,189.91359715848765,0.010050185748792266,22.2435,0.0,True,True,False,False,-2733.8625,0.0,178.34465297592732,10.187678334605954,28605.607628099508,0.0,26060.27745941004
2025-03-11T15:00:00Z,2025-03-11T15:15:00Z,2025-03-11,2025-03-11_17,-22.56568996973506,100,77,0,189.91359715848765,190.00000000000026,0.022983998472028262,4.864,0.0,True,True,False,False,-776.7674629832052,0.0,178.34465297592732,148.21022384760678,1715.1283430454528,0.0,1264.9157568857818
2025-03-11T15:15:00Z,2025-03-11T15:30:00Z,2025-03-11,2025-03-11_17,-22.56568996973506,100,77,0,190.00000000000026,179.99860924435504,0.03991726846971599,14.478,0.0,True,True,False,False,-776.7674629832052,0.0,178.34465297592732,148.21022384760678,12978.142504521158,0.0,12527.929918361488
2025-03-11T15:30:00Z,2025-03-11T15:45:00Z,2025-03-11,2025-03-11_17,-22.56568996973506,100,77,0,179.99860924435504,175.12715638100278,0.03130620574673957,9.589,0.0,True,True,False,False,-776.7674629832052,0.0,178.34465297592732,148.21022384760678,5343.625647831853,0.0,4893.413061672181
2025-03-11T15:45:00Z,2025-03-11T16:00:00Z,2025-03-11,2025-03-11_17,-22.56568996973506,100,77,0,175.12715638100278,171.8395941391306,0.02864750270310428,8.0795,0.0,True,True,False,False,-776.7674629832052,0.0,178.34465297592732,148.21022384760678,2949.118156874171,0.0,2498.9055707145
2025-03-11T16:00:00Z,2025-03-11T16:15:00Z,2025-03-11,2025-03-11_18,0.0,100,100,0,171.8395941391306,180.372263704348,0.026974806763285026,0.542,9.915,True,True,False,False,0.0,0.0,178.34465297592732,191.3957320258811,108.86145038781498,5012.790977775991,5491.392813165615
2025-03-11T16:15:00Z,2025-03-11T16:30:00Z,2025-03-11,2025-03-11_18,0.0,100,100,0,180.372263704348,181.58020544347843,0.0038052729468599036,0.0745,1.401,True,True,False,False,0.0,0.0,178.34465297592732,191.3957320258811,14.310973053892212,-97.31215488486114,286.73920317083946
2025-03-11T16:30:00Z,2025-03-11T16:45:00Z,2025-03-11,2025-03-11_18,0.0,100,100,0,181.58020544347843,176.50683587826103,0.014092693236714977,4.6675,0.0,True,True,False,False,0.0,0.0,178.34465297592732,191.3957320258811,1147.1652558976007,0.0,1516.905640899409
2025-03-11T16:45:00Z,2025-03-11T17:00:00Z,2025-03-11,2025-03-11_18,0.0,100,100,0,176.50683587826103,165.21879240000015,0.03135567632850241,10.385,0.0,True,True,False,False,0.0,0.0,178.34465297592732,191.3957320258811,3308.2858829321217,0.0,3678.0262679339303
2025-03-11T17:00:00Z,2025-03-11T17:15:00Z,2025-03-11,2025-03-11_19,34.0,66,100,0,165.21879240000015,152.09570544347844,0.036453019323671496,3.5732399999999997,0.0,True,True,False,False,1654.525,0.0,128.09166901097134,191.3957320258811,925.6778132058031,0.0,2899.6902142426557
2025-03-11T17:15:00Z,2025-03-11T17:30:00Z,2025-03-11,2025-03-11_19,34.0,66,100,0,152.09570544347844,135.28235761739148,0.046703743961352656,6.968279999999999,0.0,True,True,False,False,1654.525,0.0,128.09166901097134,191.3957320258811,1982.2016391030015,0.0,3956.214040139854
2025-03-11T17:30:00Z,2025-03-11T17:45:00Z,2025-03-11,2025-03-11_19,34.0,66,100,0,135.28235761739148,123.83294457391322,0.031803925120772944,2.03346,0.0,True,True,False,False,1654.525,0.0,128.09166901097134,191.3957320258811,453.6921145279909,0.0,2427.7045155648434
2025-03-11T17:45:00Z,2025-03-11T18:00:00Z,2025-03-11,2025-03-11_19,34.0,66,100,0,123.83294457391322,114.25911565217409,0.0267474558937198,0.34881,0.0455,True,True,False,False,1654.525,0.0,128.09166901097134,191.3957320258811,69.10329397982558,-3.5336419442993208,2039.5820530723788
2025-03-11T18:00:00Z,2025-03-11T18:15:00Z,2025-03-11,2025-03-11_20,100.0,0,100,0,114.25911565217409,87.46183304347845,0.0744368961352657,0.0,0.3465,True,True,False,False,4454.5,0.0,0.0,191.3957320258811,0.0,-25.46314773138287,4620.432584294498
2025-03-11T18:15:00Z,2025-03-11T18:30:00Z,2025-03-11,2025-03-11_20,100.0,0,100,0,87.46183304347845,60.62161565217411,0.07455615942028986,0.0,0.307,True,True,False,False,4454.5,0.0,0.0,191.3957320258811,0.0,-22.698543383032586,4623.197188642848
2025-03-11T18:30:00Z,2025-03-11T18:45:00Z,2025-03-11,2025-03-11_20,100.0,0,100,0,60.62161565217411,35.07922434782628,0.07095108695652173,0.0,1.501,True,True,False,False,4454.5,0.0,0.0,191.3957320258811,0.0,-108.3786786159225,4537.517053409959
2025-03-11T18:45:00Z,2025-03-11T19:00:00Z,2025-03-11,2025-03-11_20,100.0,0,100,0,35.07922434782628,12.415093913043677,0.06295591787439613,0.0,4.149,True,True,False,False,4454.5,0.0,0.0,191.3957320258811,0.0,-273.01313728248203,4372.882594743399
2025-03-11T19:00:00Z,2025-03-11T19:15:00Z,2025-03-11,2025-03-11_21,0.0,100,100,0,12.415093913043677,10.08196956521759,0.0070124565217391304,2.2345,0.104,True,True,False,False,0.0,0.0,178.34465297592732,191.3957320258811,496.48725746493585,-7.7112888317325075,858.5163536350118
2025-03-11T19:15:00Z,2025-03-11T19:30:00Z,2025-03-11,2025-03-11_21,0.0,100,100,0,10.08196956521759,10.000000000000197,0.00045769323671497576,0.11349999999999999,0.045,True,True,False,False,0.0,0.0,178.34465297592732,191.3957320258811,20.749111843427233,-3.591608728851022,386.89788811638465
2025-03-11T19:30:00Z,2025-03-11T19:45:00Z,2025-03-11,2025-03-11_21,0.0,100,100,0,10.000000000000197,13.338097391304546,0.009326840579710144,0.009,3.639,True,True,False,False,0.0,0.0,178.34465297592732,191.3957320258811,1.5834111642486837,-238.59777759916406,132.72601856689303
2025-03-11T19:45:00Z,2025-03-11T20:00:00Z,2025-03-11,2025-03-11_21,0.0,100,100,0,13.338097391304546,25.975217391304547,0.03510311111111111,0.0,13.736,True,True,False,False,0.0,0.0,178.34465297592732,191.3957320258811,0.0,1930.3984728529517,2300.1388578547603
2025-03-11T20:00:00Z,2025-03-11T20:15:00Z,2025-03-11,2025-03-11_22,14.686509024000014,0,0,0,25.975217391304547,21.984318200000196,0.011085831086956531,0.0,0.0,True,False,False,False,491.63088957840046,0.0,0.0,0.0,0.0,0.0,491.63088957840046
2025-03-11T20:15:00Z,2025-03-11T20:30:00Z,2025-03-11,2025-03-11_22,14.686509024000014,0,0,0,21.984318200000196,17.993419008695845,0.011085831086956531,0.0,0.0,True,False,False,False,491.63088957840046,0.0,0.0,0.0,0.0,0.0,491.63088957840046
2025-03-11T20:30:00Z,2025-03-11T20:45:00Z,2025-03-11,2025-03-11_22,14.686509024000014,0,0,0,17.993419008695845,14.002519817391494,0.011085831086956531,0.0,0.0,True,False,False,False,491.63088957840046,0.0,0.0,0.0,0.0,0.0,491.63088957840046
2025-03-11T20:45:00Z,2025-03-11T21:00:00Z,2025-03-11,2025-03-11_22,14.686509024000014,0,0,0,14.002519817391494,10.011620626087144,0.011085831086956531,0.0,0.0,True,False,False,False,491.63088957840046,0.0,0.0,0.0,0.0,0.0,491.63088957840046
2025-03-11T21:00:00Z,2025-03-11T21:15:00Z,2025-03-11,2025-03-11_23,26.000000000000004,74,100,0,10.011620626087144,10.000000000000188,0.027723819516908214,0.0,7.3215,True,True,False,False,796.1850000000001,0.0,131.9750432021862,192.0286942892738,0.0,2193.921032733191,3314.109770224651
2025-03-11T21:15:00Z,2025-03-11T21:30:00Z,2025-03-11,2025-03-11_23,26.000000000000004,74,100,0,10.000000000000188,20.959677600000187,0.04031993777777778,0.0,18.7095,True,True,False,False,796.1850000000001,0.0,131.9750432021862,192.0286942892738,0.0,17502.7398816461,18622.928619137558
2025-03-11T21:30:00Z,2025-03-11T21:45:00Z,2025-03-11,2025-03-11_23,26.000000000000004,74,100,0,20.959677600000187,27.467925321739322,0.03520926299516909,0.0,14.089000000000002,True,True,False,False,796.1850000000001,0.0,131.9750432021862,192.0286942892738,0.0,1347.443581561709,2467.632319053169
2025-03-11T21:45:00Z,2025-03-11T22:00:00Z,2025-03-11,2025-03-11_23,26.000000000000004,74,100,0,27.467925321739322,30.805595026087147,0.031569130821256036,0.0,10.798,True,True,False,False,796.1850000000001,0.0,131.9750432021862,192.0286942892738,0.0,-568.0373757183619,552.1513617730982
2025-03-11T22:00:00Z,2025-03-11T22:15:00Z,2025-03-12,2025-03-11_24,0.0,100,100,0,30.805595026087147,32.133335895652365,0.0039478309178743965,0.043,1.494,True,True,False,False,0.0,0.0,177.05738166037128,206.89343405931047,7.292349714699028,-93.46925299365105,297.7739124407297
2025-03-11T22:15:00Z,2025-03-11T22:30:00Z,2025-03-12,2025-03-11_24,0.0,100,100,0,32.133335895652365,33.767925460869755,0.004549584541062802,0.0015,1.7785,True,True,False,False,0.0,0.0,177.05738166037128,206.89343405931047,0.253154383990999,-104.22977648075222,279.9741936229205
2025-03-11T22:30:00Z,2025-03-11T22:45:00Z,2025-03-12,2025-03-11_24,0.0,100,100,0,33.767925460869755,35.367805460869754,0.004444111111111112,0.0,1.7390000000000003,True,True,False,False,0.0,0.0,177.05738166037128,206.89343405931047,0.0,-110.33943120630076,273.611384513381
2025-03-11T22:45:00Z,2025-03-11T23:00:00Z,2025-03-12,2025-03-11_24,0.0,100,100,0,35.367805460869754,37.373405460869755,0.005571111111111112,0.0,2.18,True,True,False,False,0.0,0.0,177.05738166037128,206.89343405931047,0.0,-130.96687695893274,252.983938760749
2025-03-11T23:00:00Z,2025-03-11T23:15:00Z,2025-03-12,2025-03-12_1,0.0,100,100,0,37.373405460869755,39.354625460869755,0.005503388888888889,0.0,2.1535,True,True,False,False,0.0,0.0,177.05738166037128,207.1948083259664,0.0,-120.10136823917063,264.150821747167
2025-03-11T23:15:00Z,2025-03-11T23:30:00Z,2025-03-12,2025-03-12_1,0.0,100,100,0,39.354625460869755,39.3444376347828,0.0002736328502415459,0.05,0.048,True,True,False,False,0.0,0.0,177.05738166037128,207.1948083259664,8.443904203166438,-3.7116290283693645,388.9844651611347
2025-03-11T23:30:00Z,2025-03-11T23:45:00Z,2025-03-12,2025-03-12_1,0.0,100,100,0,39.3444376347828,39.394765460869756,0.0005323115942028986,0.065,0.1315,True,True,False,False,0.0,0.0,177.05738166037128,207.1948083259664,11.032408784055294,-9.724241641887005,385.560357128506
2025-03-11T23:45:00Z,2025-03-12T00:00:00Z,2025-03-12,2025-03-12_1,0.0,100,100,0,39.394765460869756,39.80818459130454,0.0012359468599033817,0.0145,0.46649999999999997,True,True,False,False,0.0,0.0,177.05738166037128,207.1948083259664,2.4471590452463237,-34.04122820059471,352.6581208309893
2025-03-12T00:00:00Z,2025-03-12T00:15:00Z,2025-03-12,2025-03-12_2,-46.80177598546928,100,53,0,39.80818459130454,50.04520857575846,0.030211058094982406,0.5525,0.032595,True,True,False,False,-1176.2456349548065,0.0,177.05738166037128,109.81324841276218,97.65580697982801,-2.404284005063088,-794.1234819069082
2025-03-12T00:15:00Z,2025-03-12T00:30:00Z,2025-03-12,2025-03-12_2,-46.80177598546928,100,53,0,50.04520857575846,60.70178300540896,0.030004758507110322,0.1255,0.020405,True,True,False,False,-1176.2456349548065,0.0,177.05738166037128,109.81324841276218,21.299925962388492,-1.6281117194406494,-869.7031906387252
2025-03-12T00:30:00Z,2025-03-12T00:45:00Z,2025-03-12,2025-03-12_2,-46.80177598546928,100,53,0,60.70178300540896,71.28529370707965,0.030004188255047734,0.1885,0.010069999999999999,True,True,False,False,-1176.2456349548065,0.0,177.05738166037128,109.81324841276218,32.059883970907336,-0.8024761391947279,-858.1175970499604
2025-03-12T00:45:00Z,2025-03-12T01:00:00Z,2025-03-12,2025-03-12_2,-46.80177598546928,100,53,0,71.28529370707965,81.8303599999993,0.03000662163753248,0.2225,0.0055650000000000005,True,True,False,False,-1176.2456349548065,0.0,177.05738166037128,109.81324841276218,37.84958711725468,-0.4451631027485333,-851.970580867167
2025-03-12T01:00:00Z,2025-03-12T01:15:00Z,2025-03-12,2025-03-12_3,0.0,100,100,0,81.8303599999993,81.1779504347819,0.0029009154589371977,0.7805,0.213,True,True,False,False,0.0,0.0,177.05738166037128,207.1948083259664,138.7713067588202,-15.726616973398698,507.29687977175917
2025-03-12T01:15:00Z,2025-03-12T01:30:00Z,2025-03-12,2025-03-12_3,0.0,100,100,0,81.1779504347819,83.54741043478191,0.006581833333333334,0.0,2.5755,True,True,False,False,0.0,0.0,177.05738166037128,207.1948083259664,0.0,-143.85739542312947,240.3947945632082
2025-03-12T01:30:00Z,2025-03-12T01:45:00Z,2025-03-12,2025-03-12_3,0.0,100,100,0,83.54741043478191,87.20901043478192,0.010171111111111112,0.0,3.9800000000000004,True,True,False,False,0.0,0.0,177.05738166037128,207.1948083259664,0.0,-198.53700474162184,185.71518524471583
2025-03-12T01:45:00Z,2025-03-12T02:00:00Z,2025-03-12,2025-03-12_3,0.0,100,100,0,87.20901043478192,90.73767043478192,0.009801833333333334,0.0,3.8355,True,True,False,False,0.0,0.0,177.05738166037128,207.1948083259664,0.0,-191.56153992204455,192.69065006429312
2025-03-12T02:00:00Z,2025-03-12T02:15:00Z,2025-03-12,2025-03-12_4,-100.0,100,0,0,90.73767043478192,113.7376704347819,0.06388888888888888,0.0,0.0,True,True,False,False,-2450.75,0.0,177.05738166037128,0.0,0.0,0.0,-2273.6926183396286
2025-03-12T02:15:00Z,2025-03-12T02:30:00Z,2025-03-12,2025-03-12_4,-100.0,100,0,0,113.7376704347819,136.7197304347819,0.06383905555555555,0.0195,0.0,True,True,False,False,-2450.75,0.0,177.05738166037128,0.0,3.2910069918829867,0.0,-2270.4016113477455
2025-03-12T02:30:00Z,2025-03-12T02:45:00Z,2025-03-12,2025-03-12_4,-100.0,100,0,0,136.7197304347819,157.1970904347819,0.05688155555555556,2.742,0.0,True,True,False,False,-2450.75,0.0,177.05738166037128,0.0,517.9103174475609,0.0,-1755.7823008920677
2025-03-12T02:45:00Z,2025-03-12T03:00:00Z,2025-03-12,2025-03-12_4,-100.0,100,0,0,157.1970904347819,178.52591043478188,0.05924672222222222,1.8165,0.0,True,True,False,False,-2450.75,0.0,177.05738166037128,0.0,325.1762007755365,0.0,-1948.5164175640923
2025-03-12T03:00:00Z,2025-03-12T03:15:00Z,2025-03-12,2025-03-12_5,0.0,100,100,0,178.52591043478188,178.55521478260798,0.0006852657004830918,0.1,0.15,True,True,False,False,0.0,0.0,177.05738166037128,206.89343405931047,16.922165072731655,-9.373252029253395,391.49972876316
2025-03-12T03:15:00Z,2025-03-12T03:30:00Z,2025-03-12,2025-03-12_5,0.0,100,100,0,178.55521478260798,178.73955217391233,0.0005663961352657006,0.009,0.211,True,True,False,False,0.0,0.0,177.05738166037128,206.89343405931047,1.5189263039459937,-15.886639877842963,369.5831021457848
2025-03-12T03:30:00Z,2025-03-12T03:45:00Z,2025-03-12,2025-03-12_5,0.0,100,100,0,178.73955217391233,178.7778756521732,0.0004506570048309179,0.056999999999999995,0.109,True,True,False,False,0.0,0.0,177.05738166037128,206.89343405931047,10.10289841678052,-7.764465161134774,386.2892489753275
2025-03-12T03:45:00Z,2025-03-12T04:00:00Z,2025-03-12,2025-03-12_5,0.0,100,100,0,178.7778756521732,179.73350869565147,0.002730019323671498,0.0125,1.0535,True,True,False,False,0.0,0.0,177.05738166037128,206.89343405931047,2.1096198665916583,-55.53163344852528,330.52880213774813
2025-03-12T04:00:00Z,2025-03-12T04:15:00Z,2025-03-12,2025-03-12_6,0.0,100,100,0,179.73350869565147,188.10688869565146,0.023259388888888892,0.0,9.1015,True,True,False,False,0.0,0.0,177.05738166037128,201.4686972595033,0.0,-446.7053211645101,-68.17924224463553
2025-03-12T04:15:00Z,2025-03-12T04:30:00Z,2025-03-12,2025-03-12_6,0.0,100,100,0,188.10688869565146,189.9898799999993,0.00527280193236715,0.007000000000000001,2.055,True,True,False,False,0.0,0.0,177.05738166037128,201.4686972595033,1.1813871252913288,-129.29175440006432,250.4157116451016
2025-03-12T04:30:00Z,2025-03-12T04:45:00Z,2025-03-12,2025-03-12_6,0.0,100,100,0,189.9898799999993,186.88858695652104,0.008670925120772947,2.8625,0.011,True,True,False,False,0.0,0.0,177.05738166037128,201.4686972595033,620.0390555935063,-0.853940970826971,997.7111935425539
2025-03-12T04:45:00Z,2025-03-12T05:00:00Z,2025-03-12,2025-03-12_6,0.0,100,100,0,186.88858695652104,171.4336956521732,0.042930253623188405,14.2185,0.0,True,True,False,False,0.0,0.0,177.05738166037128,201.4686972595033,9857.98383518846,0.0,10236.509914108334
2025-03-12T05:00:00Z,2025-03-12T05:15:00Z,2025-03-12,2025-03-12_7,0.0,100,100,0,171.4336956521732,161.78508956521668,0.027075128019323668,8.922,0.0535,True,True,False,False,0.0,0.0,190.7699107932171,190.43839909989552,9578.15921522141,-3.967794844490878,9955.399730270032
2025-03-12T05:15:00Z,2025-03-12T05:30:00Z,2025-03-12,2025-03-12_7,0.0,100,100,0,161.78508956521668,135.07693739130363,0.07418931159420289,24.5715,0.0,True,True,False,False,0.0,0.0,190.7699107932171,190.43839909989552,29615.934360684725,0.0,29997.14267057784
2025-03-12T05:30:00Z,2025-03-12T05:45:00Z,2025-03-12,2025-03-12_7,0.0,100,100,0,135.07693739130363,122.21280695652102,0.035733695652173915,11.835,0.0,True,True,False,False,0.0,0.0,190.7699107932171,190.43839909989552,5219.983544965042,0.0,5601.191854858154
2025-03-12T05:45:00Z,2025-03-12T06:00:00Z,2025-03-12,2025-03-12_7,0.0,100,100,0,122.21280695652102,110.98475739130363,0.031232471014492752,10.337,0.0085,True,True,False,False,0.0,0.0,190.7699107932171,190.43839909989552,2346.012181547858,-0.6194247769830428,2726.6010666639872
2025-03-12T06:00:00Z,2025-03-12T06:15:00Z,2025-03-12,2025-03-12_8,100.0,0,100,0,110.98475739130363,83.89888782608624,0.07523852657004831,0.0,0.081,True,True,False,False,3890.0,0.0,0.0,190.43839909989552,0.0,-5.997355742184362,4074.4410433577114
2025-03-12T06:15:00Z,2025-03-12T06:30:00Z,2025-03-12,2025-03-12_8,100.0,0,100,0,83.89888782608624,59.80540956521668,0.06692632850241545,0.0,2.834,True,True,False,False,3890.0,0.0,0.0,190.43839909989552,0.0,-203.79894599373142,3876.639453106164
2025-03-12T06:30:00Z,2025-03-12T06:45:00Z,2025-03-12,2025-03-12_8,100.0,0,100,0,59.80540956521668,45.05703999999929,0.040967693236714973,0.0,11.4315,True,True,False,False,3890.0,0.0,0.0,190.43839909989552,0.0,-670.5934899140078,3409.844909185888
2025-03-12T06:45:00Z,2025-03-12T07:00:00Z,2025-03-12,2025-03-12_8,100.0,0,100,0,45.05703999999929,35.50160521739059,0.02654287439613527,0.0,16.209,True,True,False,False,3890.0,0.0,0.0,190.43839909989552,0.0,480.9095535642529,4561.347952664149
2025-03-12T07:00:00Z,2025-03-12T07:15:00Z,2025-03-12,2025-03-12_9,23.461476799999996,0,0,0,35.50160521739059,29.126203913042765,0.017709448067632846,0.0,0.0,True,False,False,False,856.2265958159998,0.0,0.0,0.0,0.0,0.0,856.2265958159998
2025-03-12T07:15:00Z,2025-03-12T07:30:00Z,2025-03-12,2025-03-12_9,23.461476799999996,0,0,0,29.126203913042765,22.75080260869494,0.017709448067632846,0.0,0.0,True,False,False,False,856.2265958159998,0.0,0.0,0.0,0.0,0.0,856.2265958159998
2025-03-12T07:30:00Z,2025-03-12T07:45:00Z,2025-03-12,2025-03-12_9,23.461476799999996,0,0,0,22.75080260869494,16.375401304347115,0.017709448067632846,0.0,0.0,True,False,False,False,856.2265958159998,0.0,0.0,0.0,0.0,0.0,856.2265958159998
2025-03-12T07:45:00Z,2025-03-12T08:00:00Z,2025-03-12,2025-03-12_9,23.461476799999996,0,0,0,16.375401304347115,9.99999999999929,0.017709448067632846,0.0,0.0,True,False,False,False,856.2265958159998,0.0,0.0,0.0,0.0,0.0,856.2265958159998
2025-03-12T08:00:00Z,2025-03-12T08:15:00Z,2025-03-12,2025-03-12_10,0.0,100,100,0,9.99999999999929,15.630819130434073,0.015659280193236716,0.003,6.124,True,True,False,False,0.0,0.0,177.05738166037128,206.89343405931047,0.506308767981998,2048.339701840392,2432.796826328056
2025-03-12T08:15:00Z,2025-03-12T08:30:00Z,2025-03-12,2025-03-12_10,0.0,100,100,0,15.630819130434073,21.90797913043407,0.017436555555555552,0.0,6.8229999999999995,True,True,False,False,0.0,0.0,177.05738166037128,206.89343405931047,0.0,-369.72127822872295,14.22953749095879
2025-03-12T08:30:00Z,2025-03-12T08:45:00Z,2025-03-12,2025-03-12_10,0.0,100,100,0,21.90797913043407,21.90797913043407,0.0,0.0,0.0,True,True,False,False,0.0,0.0,177.05738166037128,206.89343405931047,0.0,0.0,383.9508157196817
2025-03-12T08:45:00Z,2025-03-12T09:00:00Z,2025-03-12,2025-03-12_10,0.0,100,100,0,21.90797913043407,38.727879130434076,0.04672194444444445,0.0,18.2825,True,True,False,False,0.0,0.0,177.05738166037128,206.89343405931047,0.0,29389.673410753032,29773.624226472715
2025-03-12T09:00:00Z,2025-03-12T09:15:00Z,2025-03-12,2025-03-12_11,0.0,100,100,0,38.727879130434076,44.33094260869495,0.016602712560386475,0.172,6.293500000000001,True,True,False,False,0.0,0.0,177.05738166037128,206.89343405931047,29.333962067025634,2215.4695524592144,2628.7543302459217
2025-03-12T09:15:00Z,2025-03-12T09:30:00Z,2025-03-12,2025-03-12_11,0.0,100,100,0,44.33094260869495,58.30942260869495,0.03882911111111112,0.0,15.194000000000003,True,True,False,False,0.0,0.0,177.05738166037128,206.89343405931047,0.0,-530.3307996463876,-146.37998392670588
2025-03-12T09:30:00Z,2025-03-12T09:45:00Z,2025-03-12,2025-03-12_11,0.0,100,100,0,58.30942260869495,64.62476260869495,0.01754261111111111,0.0,6.8645,True,True,False,False,0.0,0.0,177.05738166037128,206.89343405931047,0.0,-345.09931799003454,38.85149772964721
2025-03-12T09:45:00Z,2025-03-12T10:00:00Z,2025-03-12,2025-03-12_11,0.0,100,100,0,64.62476260869495,84.19454260869495,0.054360500000000006,0.0,21.2715,True,True,False,False,0.0,0.0,177.05738166037128,206.89343405931047,0.0,9803.797240215383,10187.748055935064
2025-03-12T10:00:00Z,2025-03-12T10:15:00Z,2025-03-12,2025-03-12_12,0.0,100,100,0,84.19454260869495,88.31907130434712,0.011484198067632852,0.0045,4.4885,True,True,False,False,0.0,0.0,177.05738166037128,206.89343405931047,0.7594631519729969,724.1029428192559,1108.8132216909107
2025-03-12T10:15:00Z,2025-03-12T10:30:00Z,2025-03-12,2025-03-12_12,0.0,100,100,0,88.31907130434712,87.71880434782537,0.002158074879227053,0.6335,0.096,True,True,False,False,0.0,0.0,177.05738166037128,206.89343405931047,107.95796130354415,-7.085313831069678,484.8234631921562
2025-03-12T10:30:00Z,2025-03-12T10:45:00Z,2025-03-12,2025-03-12_12,0.0,100,100,0,87.71880434782537,88.14551913043407,0.0012245700483091788,0.0065,0.4715,True,True,False,False,0.0,0.0,177.05738166037128,206.89343405931047,1.0997147994856544,-34.17351894639556,350.87701157277183
2025-03-12T10:45:00Z,2025-03-12T11:00:00Z,2025-03-12,2025-03-12_12,0.0,100,100,0,88.14551913043407,88.87617652173842,0.0022228405797101447,0.032,0.832,True,True,False,False,0.0,0.0,177.05738166037128,206.89343405931047,5.438598408743872,-51.25997267539982,338.1294414530258
2025-03-12T11:00:00Z,2025-03-12T11:15:00Z,2025-03-12,2025-03-12_13,-100.0,100,0,0,88.87617652173842,111.83891652173841,0.06378538888888889,0.0405,0.0,True,True,False,False,-2451.5,0.0,177.05738166037128,0.0,6.889418448123443,0.0,-2267.5531998915053
2025-03-12T11:15:00Z,2025-03-12T11:30:00Z,2025-03-12,2025-03-12_13,-100.0,100,0,0,111.83891652173841,134.7344965217384,0.06359883333333333,0.11349999999999999,0.0,True,True,False,False,-2451.5,0.0,177.05738166037128,0.0,20.6989958209435,0.0,-2253.7436225186852
2025-03-12T11:30:00Z,2025-03-12T11:45:00Z,2025-03-12,2025-03-12_13,-100.0,100,0,0,134.7344965217384,149.9098965217384,0.04215388888888889,8.505,0.0,True,True,False,False,-2451.5,0.0,177.05738166037128,0.0,1687.1228994213616,0.0,-587.3197189182672
2025-03-12T11:45:00Z,2025-03-12T12:00:00Z,2025-03-12,2025-03-12_13,-100.0,100,0,0,149.9098965217384,172.31603652173843,0.06223927777777778,0.6455,0.0,True,True,False,False,-2451.5,0.0,177.05738166037128,0.0,114.72020744595353,0.0,-2159.7224108936753
2025-03-12T12:00:00Z,2025-03-12T12:15:00Z,2025-03-12,2025-03-12_14,-14.999999999992449,100,85,0,172.31603652173843,176.0767083043454,0.01049250615941547,0.009,0.34807499999999997,True,True,False,False,-373.387499999812,0.0,177.05738166037128,175.8594189504139,1.5189263039459937,-24.680581948686008,-43.63235503376685
2025-03-12T12:15:00Z,2025-03-12T12:30:00Z,2025-03-12,2025-03-12_14,-14.999999999992449,100,85,0,176.0767083043454,179.35219495651756,0.010140542632845502,0.203,0.044625,True,True,False,False,-373.387499999812,0.0,177.05738166037128,175.8594189504139,33.10565699590131,-3.315924766937234,9.319032839937245
2025-03-12T12:30:00Z,2025-03-12T12:45:00Z,2025-03-12,2025-03-12_14,-14.999999999992449,100,85,0,179.35219495651756,182.7443615217332,0.010282437318835824,0.1675,0.13047499999999998,True,True,False,False,-373.387499999812,0.0,177.05738166037128,175.8594189504139,28.49223057140561,-9.493830974242545,-1.4722997918637688
2025-03-12T12:45:00Z,2025-03-12T13:00:00Z,2025-03-12,2025-03-12_14,-14.999999999992449,100,85,0,182.7443615217332,182.7622585652097,0.0166390859903347,3.232,0.0,True,True,False,False,-373.387499999812,0.0,177.05738166037128,175.8594189504139,605.5798633769991,0.0,585.1091639879724
2025-03-12T13:00:00Z,2025-03-12T13:15:00Z,2025-03-12,2025-03-12_15,-2.9764920098800247,100,97,0,182.7622585652097,189.1234770703653,0.0179161255176777,0.042,6.21964,True,True,False,False,-75.65498566112554,0.0,177.05738166037128,200.68663103753113,7.156134372739693,-313.81240356023466,-4.567242150718094
2025-03-12T13:15:00Z,2025-03-12T13:30:00Z,2025-03-12,2025-03-12_15,-2.9764920098800247,100,97,0,189.1234770703653,189.6918140979812,0.00514385917163756,0.6085,0.5892750000000001,True,True,False,False,-75.65498566112554,0.0,177.05738166037128,200.68663103753113,104.74753134292375,-35.79029884272282,371.0462595369778
2025-03-12T13:30:00Z,2025-03-12T13:45:00Z,2025-03-12,2025-03-12_15,-2.9764920098800247,100,97,0,189.6918140979812,189.86051869764697,0.003477172882702446,0.5135,0.043164999999999995,True,True,False,False,-75.65498566112554,0.0,177.05738166037128,200.68663103753113,87.52300671060033,-3.2410001245680298,386.3710336228092
2025-03-12T13:45:00Z,2025-03-12T14:00:00Z,2025-03-12,2025-03-12_15,-2.9764920098800247,100,97,0,189.86051869764697,188.34633602853182,0.007746108304380878,2.04,0.009215,True,True,False,False,-75.65498566112554,0.0,177.05738166037128,200.68663103753113,385.4465482600659,-0.7220626054809932,686.8135126913618
2025-03-12T14:00:00Z,2025-03-12T14:15:00Z,2025-03-12,2025-03-12_16,-5.392863867548633,100,94,0,188.34633602853182,189.80934460852345,0.005212223975980546,0.201,0.47752000000000006,True,True,False,False,-160.23546766453876,0.0,177.05738166037128,194.47982801575185,34.208607249055696,-33.514282407779476,211.9960668528606
2025-03-12T14:15:00Z,2025-03-12T14:30:00Z,2025-03-12,2025-03-12_16,-5.392863867548633,100,94,0,189.80934460852345,184.58982494982854,0.020693360765455065,6.16,0.19599,True,True,False,False,-160.23546766453876,0.0,177.05738166037128,194.47982801575185,1620.0074740818131,-14.034793024190307,1817.2744230692072
2025-03-12T14:30:00Z,2025-03-12T14:45:00Z,2025-03-12,2025-03-12_16,-5.392863867548633,100,94,0,184.58982494982854,179.91114490349835,0.018373701834064147,5.491,0.0,True,True,False,False,-160.23546766453876,0.0,177.05738166037128,194.47982801575185,1116.0513764767338,0.0,1327.3531184883182
2025-03-12T14:45:00Z,2025-03-12T15:00:00Z,2025-03-12,2025-03-12_16,-5.392863867548633,100,94,0,179.91114490349835,174.99693217390706,0.018967732982308666,5.7095,0.0,True,True,False,False,-160.23546766453876,0.0,177.05738166037128,194.47982801575185,1154.3119565217394,0.0,1365.6136985333237
2025-03-12T15:00:00Z,2025-03-12T15:15:00Z,2025-03-12,2025-03-12_17,0.0,100,100,0,174.99693217390706,180.29817217390703,0.015350666666666669,0.1035,5.8845,True,True,False,False,0.0,0.0,177.05738166037128,206.89343405931047,17.65210258780037,-391.87161647110827,9.731301836373845
2025-03-12T15:15:00Z,2025-03-12T15:30:00Z,2025-03-12,2025-03-12_17,0.0,100,100,0,180.29817217390703,180.72121913042878,0.0014468695652173915,0.045,0.513,True,True,False,False,0.0,0.0,177.05738166037128,206.89343405931047,7.627179940528811,-37.640133006509686,353.93786265370085
2025-03-12T15:30:00Z,2025-03-12T15:45:00Z,2025-03-12,2025-03-12_17,0.0,100,100,0,180.72121913042878,182.48235304347224,0.00494940579710145,0.0095,1.9255000000000002,True,True,False,False,0.0,0.0,177.05738166037128,206.89343405931047,1.6033110986096601,-139.8780658804147,245.67606093787668
2025-03-12T15:45:00Z,2025-03-12T16:00:00Z,2025-03-12,2025-03-12_17,0.0,100,100,0,182.48235304347224,180.56611043477662,0.005703673913043479,1.8260000000000003,0.0745,True,True,False,False,0.0,0.0,177.05738166037128,206.89343405931047,366.7764530257977,-5.403136000160733,745.3241327453187
2025-03-12T16:00:00Z,2025-03-12T16:15:00Z,2025-03-12,2025-03-12_18,0.0,100,100,0,180.56611043477662,186.86535043477662,0.017497888888888893,0.0,6.847,True,True,False,False,0.0,0.0,177.05738166037128,190.43839909989552,0.0,-421.5144824399261,-54.0187016796593
2025-03-12T16:15:00Z,2025-03-12T16:30:00Z,2025-03-12,2025-03-12_18,0.0,100,100,0,186.86535043477662,189.983439999994,0.008670417874396137,0.0015,3.3910000000000005,True,True,False,False,0.0,0.0,177.05738166037128,190.43839909989552,0.253154383990999,-238.32178554207186,129.42714960218592
2025-03-12T16:30:00Z,2025-03-12T16:45:00Z,2025-03-12,2025-03-12_18,0.0,100,100,0,189.983439999994,187.93369565216793,0.005785734299516908,1.9009999999999998,0.018,True,True,False,False,0.0,0.0,177.05738166037128,190.43839909989552,381.13804870208145,-1.4355444828417583,747.1982849795065
2025-03-12T16:45:00Z,2025-03-12T17:00:00Z,2025-03-12,2025-03-12_18,0.0,100,100,0,187.93369565216793,180.71195652173316,0.02006038647342995,6.644,0.0,True,True,False,False,0.0,0.0,177.05738166037128,190.43839909989552,1460.6014112352327,0.0,1828.0971919954995
2025-03-12T17:00:00Z,2025-03-12T17:15:00Z,2025-03-12,2025-03-12_19,100.0,0,100,0,180.71195652173316,154.08858695651577,0.07395380434782607,0.0,0.5065,True,True,False,False,4814.75,0.0,0.0,190.43839909989552,0.0,-37.01280398617697,4968.175595113718
2025-03-12T17:15:00Z,2025-03-12T17:30:00Z,2025-03-12,2025-03-12_19,100.0,0,100,0,154.08858695651577,127.129347826081,0.07488677536231883,0.0,0.1975,True,True,False,False,4814.75,0.0,0.0,190.43839909989552,0.0,-14.79678634573656,4990.391612754159
2025-03-12T17:30:00Z,2025-03-12T17:45:00Z,2025-03-12,2025-03-12_19,100.0,0,100,0,127.129347826081,101.34076086955926,0.07163496376811594,0.0,1.2745,True,True,False,False,4814.75,0.0,0.0,190.43839909989552,0.0,-92.4363312705939,4912.752067829301
2025-03-12T17:45:00Z,2025-03-12T18:00:00Z,2025-03-12,2025-03-12_19,100.0,0,100,0,101.34076086955926,77.86032608695056,0.06522342995169081,0.0,3.398,True,True,False,False,4814.75,0.0,0.0,190.43839909989552,0.0,-245.78288636180986,4759.405512738085
2025-03-12T18:00:00Z,2025-03-12T18:15:00Z,2025-03-12,2025-03-12_20,15.0,85,100,0,77.86032608695056,73.75501669564622,0.01403854275362319,0.5542,0.6065,True,True,False,False,667.0125,0.0,168.04629108735833,190.43839909989552,110.58267535963996,-43.94188278550189,1092.1379827613919
2025-03-12T18:15:00Z,2025-03-12T18:30:00Z,2025-03-12,2025-03-12_20,15.0,85,100,0,73.75501669564622,68.48760726086361,0.01464472620772947,1.098625,0.003,True,True,False,False,667.0125,0.0,168.04629108735833,190.43839909989552,220.10311312083098,-0.2350719279916419,1245.3652313800933
2025-03-12T18:30:00Z,2025-03-12T18:45:00Z,2025-03-12,2025-03-12_20,15.0,85,100,0,68.48760726086361,62.21260726086362,0.017430555555555553,2.0229999999999997,0.0,True,True,False,False,667.0125,0.0,168.04629108735833,190.43839909989552,406.45342762999275,0.0,1431.9506178172467
2025-03-12T18:45:00Z,2025-03-12T19:00:00Z,2025-03-12,2025-03-12_20,15.0,85,100,0,62.21260726086362,56.97173299999405,0.014707867391304348,1.1016000000000001,0.0345,True,True,False,False,667.0125,0.0,168.04629108735833,190.43839909989552,220.81002298481076,-2.630496765249538,1243.676716406815
2025-03-12T19:00:00Z,2025-03-12T19:15:00Z,2025-03-12,2025-03-12_21,-0.9720625539330352,100,99,0,56.97173299999405,40.20875121520794,0.047028326501704895,15.651000000000002,0.0,True,True,False,False,-34.17042892713102,0.0,177.05738166037128,188.53401510889657,15294.0822341879,0.0,15625.503202030037
2025-03-12T19:15:00Z,2025-03-12T19:30:00Z,2025-03-12,2025-03-12_21,-0.9720625539330352,100,99,0,40.20875121520794,30.530827170634016,0.027671942467999297,9.123,0.0,True,True,False,False,-34.17042892713102,0.0,177.05738166037128,188.53401510889657,2363.740852487342,0.0,2695.161820329479
2025-03-12T19:30:00Z,2025-03-12T19:45:00Z,2025-03-12,2025-03-12_21,-0.9720625539330352,100,99,0,30.530827170634016,30.231325021284807,0.0022357628647203345,0.513,0.03663,True,True,False,False,-34.17042892713102,0.0,177.05738166037128,188.53401510889657,101.30193643012136,-2.6654558546974205,430.05744841756075
2025-03-12T19:45:00Z,2025-03-12T20:00:00Z,2025-03-12,2025-03-12_21,-0.9720625539330352,100,99,0,30.231325021284807,31.505962608689405,0.0035406599650127726,0.0,1.14246,True,True,False,False,-34.17042892713102,0.0,177.05738166037128,188.53401510889657,0.0,-83.01886711805835,248.40210072407848
2025-03-12T20:00:00Z,2025-03-12T20:15:00Z,2025-03-12,2025-03-12_22,0.0,100,100,0,31.505962608689405,28.34184782608071,0.0090882077294686,2.9605,0.0585,True,True,False,False,0.0,0.0,177.05738166037128,206.89343405931047,602.3825209957406,-4.251792975970426,982.081543739452
2025-03-12T20:15:00Z,2025-03-12T20:30:00Z,2025-03-12,2025-03-12_22,0.0,100,100,0,28.34184782608071,19.248369565211142,0.025259661835748792,8.366,0.0,True,True,False,False,0.0,0.0,177.05738166037128,206.89343405931047,6201.799238125855,0.0,6585.750053845536
2025-03-12T20:30:00Z,2025-03-12T20:45:00Z,2025-03-12,2025-03-12_22,0.0,100,100,0,19.248369565211142,9.99999999999375,0.025689915458937198,8.5085,0.0,True,True,False,False,0.0,0.0,177.05738166037128,206.89343405931047,2734.676210118139,0.0,3118.627025837821
2025-03-12T20:45:00Z,2025-03-12T21:00:00Z,2025-03-12,2025-03-12_22,0.0,100,100,0,9.99999999999375,17.57114608695027,0.021945816425120775,0.1515,8.4085,True,True,False,False,0.0,0.0,177.05738166037128,206.89343405931047,25.83983293819818,1997.6624128023786,2407.4530614602586
2025-03-12T21:00:00Z,2025-03-12T21:15:00Z,2025-03-12,2025-03-12_23,0.0,100,100,0,17.57114608695027,21.783225217385056,0.01220444685990338,0.0835,4.677,True,True,False,False,0.0,0.0,177.05738166037128,207.1948083259664,14.179968255243912,1868.4724003455758,2266.904558587157
2025-03-12T21:15:00Z,2025-03-12T21:30:00Z,2025-03-12,2025-03-12_23,0.0,100,100,0,21.783225217385056,19.159647826080707,0.007310714975845411,2.4175,0.0045,True,True,False,False,0.0,0.0,177.05738166037128,207.1948083259664,479.96156724664473,-0.3526078919874628,863.861149340995
2025-03-12T21:30:00Z,2025-03-12T21:45:00Z,2025-03-12,2025-03-12_23,0.0,100,100,0,19.159647826080707,20.075329565211142,0.0031323285024154593,0.0975,1.1105,True,True,False,False,0.0,0.0,177.05738166037128,207.1948083259664,16.588849654424173,-78.04781061641083,322.79322902435104
2025-03-12T21:45:00Z,2025-03-12T22:00:00Z,2025-03-12,2025-03-12_23,0.0,100,100,0,20.075329565211142,22.922269565211142,0.007908166666666668,0.0,3.0945,True,True,False,False,0.0,0.0,177.05738166037128,207.1948083259664,0.0,-216.49562685847462,167.75656312786305
2025-03-12T22:00:00Z,2025-03-12T22:15:00Z,2025-03-13,2025-03-12_24,-5.014607448101219,100,94,0,22.922269565211142,21.674724766559287,0.009359920109182383,2.236,0.01175,True,True,False,False,-137.78887615520125,0.0,176.51845452170943,197.3733700347592,425.8395981595709,-0.9207168833256313,661.0218296775126
2025-03-12T22:15:00Z,2025-03-12T22:30:00Z,2025-03-13,2025-03-12_24,-5.014607448101219,100,94,0,21.674724766559287,21.866419677274667,0.005648848795241621,0.8920000000000001,0.00047000000000000004,True,True,False,False,-137.78887615520125,0.0,176.51845452170943,197.3733700347592,155.80347913443572,-0.03682867533302526,391.8695988603701
2025-03-12T22:30:00Z,2025-03-12T22:45:00Z,2025-03-13,2025-03-12_24,-5.014607448101219,100,94,0,21.866419677274667,17.522235174679604,0.017168361033674834,5.097,0.0,True,True,False,False,-137.78887615520125,0.0,176.51845452170943,197.3733700347592,1332.7132689718915,0.0,1568.816217373159
2025-03-12T22:45:00Z,2025-03-12T23:00:00Z,2025-03-13,2025-03-12_24,-5.014607448101219,100,94,0,17.522235174679604,17.969154782608683,0.005589204681103679,0.758,0.12079000000000001,True,True,False,False,-137.78887615520125,0.0,176.51845452170943,197.3733700347592,129.26526370778166,-7.297006148158567,358.0712059608905
2025-03-12T23:00:00Z,2025-03-12T23:15:00Z,2025-03-13,2025-03-13_1,-1.910792277304748e-13,100,100,0,17.969154782608683,18.22877304347829,0.0017296159420291056,0.167,0.4795,True,True,False,False,-5.154839866098883e-12,0.0,176.51845452170943,209.97167024974382,30.316316529706057,-28.979253179562395,387.82718812159175
2025-03-12T23:15:00Z,2025-03-12T23:30:00Z,2025-03-13,2025-03-13_1,-1.910792277304748e-13,100,100,0,18.22877304347829,19.898535652173987,0.0047227705314010875,0.014000000000000002,1.8314999999999997,True,True,False,False,-5.154839866098883e-12,0.0,176.51845452170943,209.97167024974382,2.3628217234936013,-105.66221604950672,283.19073044543495
2025-03-12T23:30:00Z,2025-03-12T23:45:00Z,2025-03-13,2025-03-13_1,-1.910792277304748e-13,100,100,0,19.898535652173987,20.882853913043597,0.0027704492753624407,0.006,1.077,True,True,False,False,-5.154839866098883e-12,0.0,176.51845452170943,209.97167024974382,1.01354202246288,-64.88334793353559,322.6203188603754
2025-03-12T23:45:00Z,2025-03-13T00:00:00Z,2025-03-13,2025-03-13_1,-1.910792277304748e-13,100,100,0,20.882853913043597,20.927717391304512,0.004774379227053254,0.77,0.9585,True,True,False,False,-5.154839866098883e-12,0.0,176.51845452170943,209.97167024974382,151.22189829418738,-56.84539942938659,480.8666236362489
2025-03-13T00:00:00Z,2025-03-13T00:15:00Z,2025-03-13,2025-03-13_2,0.0,100,100,0,20.927717391304512,10.000000000000165,0.03035477053140096,10.0535,0.0,True,True,False,False,0.0,0.0,176.51845452170943,209.97167024974382,8261.17290349802,0.0,8647.663028269473
2025-03-13T00:15:00Z,2025-03-13T00:30:00Z,2025-03-13,2025-03-13_2,0.0,100,100,0,10.000000000000165,10.47557478260886,0.0024714033816425124,0.1905,0.742,True,True,False,False,0.0,0.0,176.51845452170943,209.97167024974382,34.05365001707822,-30.04033312571578,390.5034416628157
2025-03-13T00:30:00Z,2025-03-13T00:45:00Z,2025-03-13,2025-03-13_2,0.0,100,100,0,10.47557478260886,15.058554782608859,0.0127305,0.0,4.9815,True,True,False,False,0.0,0.0,176.51845452170943,209.97167024974382,0.0,-190.92864117658874,195.5614835948645
2025-03-13T00:45:00Z,2025-03-13T01:00:00Z,2025-03-13,2025-03-13_2,0.0,100,100,0,15.058554782608859,27.099514782608857,0.03344711111111111,0.0,13.088,True,True,False,False,0.0,0.0,176.51845452170943,209.97167024974382,0.0,-496.5319660042997,-110.04184123284645
2025-03-13T01:00:00Z,2025-03-13T01:15:00Z,2025-03-13,2025-03-13_3,-15.999999999999938,100,84,0,27.099514782608857,34.65085638260884,0.020975948888888853,0.0,4.20798,True,True,False,False,-296.7199999999989,0.0,176.51845452170943,176.37620300978483,0.0,-155.16455958288964,-98.98990205139427
2025-03-13T01:15:00Z,2025-03-13T01:30:00Z,2025-03-13,2025-03-13_3,-15.999999999999938,100,84,0,34.65085638260884,38.29105725217404,0.01094355314009658,0.164,0.14573999999999998,True,True,False,False,-296.7199999999989,0.0,176.51845452170943,176.37620300978483,26.994048743244058,-7.948570758071968,75.22013551666745
2025-03-13T01:30:00Z,2025-03-13T01:45:00Z,2025-03-13,2025-03-13_3,-15.999999999999938,100,84,0,38.29105725217404,41.68869321739142,0.010888602318840541,0.286,0.02268,True,True,False,False,-296.7199999999989,0.0,176.51845452170943,176.37620300978483,47.07498744248658,-1.7771794820276865,101.47246549195427
2025-03-13T01:45:00Z,2025-03-13T02:00:00Z,2025-03-13,2025-03-13_3,-15.999999999999938,100,84,0,41.68869321739142,44.93892236521749,0.011321167922705277,0.45199999999999996,0.05376,True,True,False,False,-296.7199999999989,0.0,176.51845452170943,176.37620300978483,74.39823190211166,-1.8773496212653955,128.69553981234162
2025-03-13T02:00:00Z,2025-03-13T02:15:00Z,2025-03-13,2025-03-13_4,-100.00000000000016,0,0,0,44.93892236521749,67.93892236521754,0.06388888888888898,0.0,0.0,True,False,False,False,-1900.000000000003,0.0,0.0,0.0,0.0,0.0,-1900.000000000003
2025-03-13T02:15:00Z,2025-03-13T02:30:00Z,2025-03-13,2025-03-13_4,-100.00000000000016,0,0,0,67.93892236521754,90.93892236521756,0.06388888888888898,0.0,0.0,True,False,False,False,-1900.000000000003,0.0,0.0,0.0,0.0,0.0,-1900.000000000003
2025-03-13T02:30:00Z,2025-03-13T02:45:00Z,2025-03-13,2025-03-13_4,-100.00000000000016,0,0,0,90.93892236521756,113.93892236521759,0.06388888888888898,0.0,0.0,True,False,False,False,-1900.000000000003,0.0,0.0,0.0,0.0,0.0,-1900.000000000003
2025-03-13T02:45:00Z,2025-03-13T03:00:00Z,2025-03-13,2025-03-13_4,-100.00000000000016,0,0,0,113.93892236521759,136.93892236521762,0.06388888888888898,0.0,0.0,True,False,False,False,-1900.000000000003,0.0,0.0,0.0,0.0,0.0,-1900.000000000003
2025-03-13T03:00:00Z,2025-03-13T03:15:00Z,2025-03-13,2025-03-13_5,0.0,100,100,0,136.93892236521762,142.36483366956543,0.021503135265700486,1.065,7.156,True,True,False,False,0.0,0.0,176.51845452170943,202.91937071788792,189.92717546362337,1529.6451427538127,2099.0101434570333
2025-03-13T03:15:00Z,2025-03-13T03:30:00Z,2025-03-13,2025-03-13_5,0.0,100,100,0,142.36483366956543,148.14018497391325,0.016223801932367148,0.03,6.312999999999999,True,True,False,False,0.0,0.0,176.51845452170943,202.91937071788792,5.065980189266842,-239.89932731912148,144.6044781097427
2025-03-13T03:30:00Z,2025-03-13T03:45:00Z,2025-03-13,2025-03-13_5,0.0,100,100,0,148.14018497391325,167.50639453913064,0.05380408454106281,0.0015,21.052,True,True,False,False,0.0,0.0,176.51845452170943,202.91937071788792,0.2496182515922927,19284.568471599927,19664.255915091115
2025-03-13T03:45:00Z,2025-03-13T04:00:00Z,2025-03-13,2025-03-13_5,0.0,100,100,0,167.50639453913064,189.72439453913063,0.06171666666666667,0.0,24.15,True,True,False,False,0.0,0.0,176.51845452170943,202.91937071788792,0.0,9945.621265395512,10325.05909063511
2025-03-13T04:00:00Z,2025-03-13T04:15:00Z,2025-03-13,2025-03-13_6,72.66412697600005,0,0,0,189.72439453913063,169.97870786086975,0.054849129661835784,0.0,0.0,True,False,False,False,1923.6011013721613,0.0,0.0,0.0,0.0,0.0,1923.6011013721613
2025-03-13T04:15:00Z,2025-03-13T04:30:00Z,2025-03-13,2025-03-13_6,72.66412697600005,0,0,0,169.97870786086975,150.23302118260887,0.054849129661835784,0.0,0.0,True,False,False,False,1923.6011013721613,0.0,0.0,0.0,0.0,0.0,1923.6011013721613
2025-03-13T04:30:00Z,2025-03-13T04:45:00Z,2025-03-13,2025-03-13_6,72.66412697600005,0,0,0,150.23302118260887,130.48733450434798,0.054849129661835784,0.0,0.0,True,False,False,False,1923.6011013721613,0.0,0.0,0.0,0.0,0.0,1923.6011013721613
2025-03-13T04:45:00Z,2025-03-13T05:00:00Z,2025-03-13,2025-03-13_6,72.66412697600005,0,0,0,130.48733450434798,110.7416478260871,0.054849129661835784,0.0,0.0,True,False,False,False,1923.6011013721613,0.0,0.0,0.0,0.0,0.0,1923.6011013721613
2025-03-13T05:00:00Z,2025-03-13T05:15:00Z,2025-03-13,2025-03-13_7,99.99999999999984,0,100,0,110.7416478260871,94.55469130434801,0.04496376811594199,0.0,10.108,True,True,False,False,3325.749999999995,0.0,0.0,190.7436057141709,0.0,8380.557808362299,11897.051414076464
2025-03-13T05:15:00Z,2025-03-13T05:30:00Z,2025-03-13,2025-03-13_7,99.99999999999984,0,100,0,94.55469130434801,67.38077826086979,0.07548309178743948,0.0,0.0,True,True,False,False,3325.749999999995,0.0,0.0,190.7436057141709,0.0,0.0,3516.493605714166
2025-03-13T05:30:00Z,2025-03-13T05:45:00Z,2025-03-13,2025-03-13_7,99.99999999999984,0,100,0,67.38077826086979,47.540017391304616,0.055113224637681084,0.0,6.746499999999999,True,True,False,False,3325.749999999995,0.0,0.0,190.7436057141709,0.0,-439.5140542685499,3076.979551445616
2025-03-13T05:45:00Z,2025-03-13T06:00:00Z,2025-03-13,2025-03-13_7,99.99999999999984,0,100,0,47.540017391304616,22.64925652173944,0.06914100241545883,0.0,2.1005,True,True,False,False,3325.749999999995,0.0,0.0,190.7436057141709,0.0,-148.89489903759215,3367.598706676574
2025-03-13T06:00:00Z,2025-03-13T06:15:00Z,2025-03-13,2025-03-13_8,0.0,100,100,0,22.64925652173944,22.553114782609004,0.0028941714975845413,0.5235,0.514,True,True,False,False,0.0,0.0,192.551887645416,190.7436057141709,98.8115058970083,-26.869566615097146,455.23743264149806
2025-03-13T06:15:00Z,2025-03-13T06:30:00Z,2025-03-13,2025-03-13_8,0.0,100,100,0,22.553114782609004,21.95876260869596,0.0017276449275362318,0.5595,0.015,True,True,False,False,0.0,0.0,192.551887645416,190.7436057141709,105.39803690904341,-1.1362038134656727,487.5573264551646
2025-03-13T06:30:00Z,2025-03-13T06:45:00Z,2025-03-13,2025-03-13_8,0.0,100,100,0,21.95876260869596,22.3420295652177,0.001128036231884058,0.0105,0.42899999999999994,True,True,False,False,0.0,0.0,192.551887645416,190.7436057141709,1.7933964557674147,-25.6433756605252,359.44551415482914
2025-03-13T06:45:00Z,2025-03-13T07:00:00Z,2025-03-13,2025-03-13_8,0.0,100,100,0,22.3420295652177,21.743000869565527,0.0018505241545893718,0.582,0.0365,True,True,False,False,0.0,0.0,192.551887645416,190.7436057141709,109.58908802314599,-2.6883099596150366,490.1962714231179
2025-03-13T07:00:00Z,2025-03-13T07:15:00Z,2025-03-13,2025-03-13_9,0.0,100,100,0,21.743000869565527,12.874858260869877,0.02465672946859903,8.1625,0.0045,True,True,False,False,0.0,0.0,191.8888509372928,190.7436057141709,1367.2970605372607,-0.2802384922947097,1749.6492786964297
2025-03-13T07:15:00Z,2025-03-13T07:30:00Z,2025-03-13,2025-03-13_9,0.0,100,100,0,12.874858260869877,10.00000000000031,0.008297495169082125,2.6965,0.061,True,True,False,False,0.0,0.0,191.8888509372928,190.7436057141709,384.14519629904964,-3.882424303309156,762.8952286472042
2025-03-13T07:30:00Z,2025-03-13T07:45:00Z,2025-03-13,2025-03-13_9,0.0,100,100,0,10.00000000000031,14.698087826087267,0.013512200483091789,0.0765,5.197,True,True,False,False,0.0,0.0,191.8888509372928,190.7436057141709,9.620177412549475,64.27255650881034,456.52519057282353
2025-03-13T07:45:00Z,2025-03-13T08:00:00Z,2025-03-13,2025-03-13_9,0.0,100,100,0,14.698087826087267,32.59576782608727,0.04971577777777778,0.0,19.454,True,True,False,False,0.0,0.0,191.8888509372928,190.7436057141709,0.0,7516.636918687589,7899.269375339053
2025-03-13T08:00:00Z,2025-03-13T08:15:00Z,2025-03-13,2025-03-13_10,0.0,100,100,0,32.59576782608727,30.402526086956833,0.009013338164251207,2.5015,0.5715,True,True,False,False,0.0,0.0,176.51845452170943,202.91937071788792,328.6780312832774,-22.761249723734704,685.35460679914
2025-03-13T08:15:00Z,2025-03-13T08:30:00Z,2025-03-13,2025-03-13_10,0.0,100,100,0,30.402526086956833,32.00162608695683,0.004719722222222222,0.046,1.7925,True,True,False,False,0.0,0.0,176.51845452170943,202.91937071788792,4.546949026541561,-47.16805770428562,336.8167165618533
2025-03-13T08:30:00Z,2025-03-13T08:45:00Z,2025-03-13,2025-03-13_10,0.0,100,100,0,32.00162608695683,36.77044608695683,0.013246722222222224,0.0,5.1835,True,True,False,False,0.0,0.0,176.51845452170943,202.91937071788792,0.0,-3.536831890056459,375.9009933495409
2025-03-13T08:45:00Z,2025-03-13T09:00:00Z,2025-03-13,2025-03-13_10,0.0,100,100,0,36.77044608695683,52.29958608695683,0.0431365,0.0,16.8795,True,True,False,False,0.0,0.0,176.51845452170943,202.91937071788792,0.0,4089.8881650961403,4469.3259903357375
2025-03-13T09:00:00Z,2025-03-13T09:15:00Z,2025-03-13,2025-03-13_11,0.0,100,100,0,52.29958608695683,57.61350608695683,0.01476088888888889,0.0,5.776,True,True,False,False,0.0,0.0,177.8143899057684,208.9469771553716,0.0,-74.19289465753148,312.5684724036085
2025-03-13T09:15:00Z,2025-03-13T09:30:00Z,2025-03-13,2025-03-13_11,0.0,100,100,0,57.61350608695683,75.39388608695683,0.049389944444444445,0.0,19.3265,True,True,False,False,0.0,0.0,177.8143899057684,208.9469771553716,0.0,10746.001523377066,11132.762890438207
2025-03-13T09:30:00Z,2025-03-13T09:45:00Z,2025-03-13,2025-03-13_11,0.0,100,100,0,75.39388608695683,80.77670608695682,0.015438388888888889,0.0805,5.946,True,True,False,False,0.0,0.0,177.8143899057684,208.9469771553716,7.281569588716321,2672.995263506861,3067.0382001567177
2025-03-13T09:45:00Z,2025-03-13T10:00:00Z,2025-03-13,2025-03-13_11,0.0,100,100,0,80.77670608695682,81.25131739130464,0.001638413043478261,0.053,0.5785,True,True,False,False,0.0,0.0,177.8143899057684,208.9469771553716,4.7940768720741,-23.229382672640693,368.3260612605734
2025-03-13T10:00:00Z,2025-03-13T10:15:00Z,2025-03-13,2025-03-13_12,-100.0,0,0,0,81.25131739130464,104.25131739130464,0.06388888888888888,0.0,0.0,True,False,False,False,-1.0,0.0,0.0,0.0,0.0,0.0,-1.0
2025-03-13T10:15:00Z,2025-03-13T10:30:00Z,2025-03-13,2025-03-13_12,-100.0,0,0,0,104.25131739130464,127.25131739130464,0.06388888888888888,0.0,0.0,True,False,False,False,-1.0,0.0,0.0,0.0,0.0,0.0,-1.0
2025-03-13T10:30:00Z,2025-03-13T10:45:00Z,2025-03-13,2025-03-13_12,-100.0,0,0,0,127.25131739130464,150.25131739130464,0.06388888888888888,0.0,0.0,True,False,False,False,-1.0,0.0,0.0,0.0,0.0,0.0,-1.0
2025-03-13T10:45:00Z,2025-03-13T11:00:00Z,2025-03-13,2025-03-13_12,-100.0,0,0,0,150.25131739130464,173.25131739130464,0.06388888888888888,0.0,0.0,True,False,False,False,-1.0,0.0,0.0,0.0,0.0,0.0,-1.0
2025-03-13T11:00:00Z,2025-03-13T11:15:00Z,2025-03-13,2025-03-13_13,-9.214510231088383e-11,100,100,0,173.25131739130464,167.61653478263096,0.01565217391307572,5.184,0.0,True,True,False,False,-9.214510231088384e-13,0.0,176.51845452170943,209.2784955094332,883.2964802796808,0.0,1269.0934303108227
2025-03-13T11:15:00Z,2025-03-13T11:30:00Z,2025-03-13,2025-03-13_13,-9.214510231088383e-11,100,100,0,167.61653478263096,163.3886504348267,0.011749234299555792,3.8904999999999994,0.001,True,True,False,False,-9.214510231088384e-13,0.0,176.51845452170943,209.2784955094332,588.8489955998472,-0.07835888368728777,974.5675867473016
2025-03-13T11:30:00Z,2025-03-13T11:45:00Z,2025-03-13,2025-03-13_13,-9.214510231088383e-11,100,100,0,163.3886504348267,152.14952000006687,0.031219806763290774,10.34,0.0,True,True,False,False,-9.214510231088384e-13,0.0,176.51845452170943,209.2784955094332,6067.388844909687,0.0,6453.185794940829
2025-03-13T11:45:00Z,2025-03-13T12:00:00Z,2025-03-13,2025-03-13_13,-9.214510231088383e-11,100,100,0,152.14952000006687,145.46168608704554,0.01858753864737025,6.1545,0.002,True,True,False,False,-9.214510231088384e-13,0.0,176.51845452170943,209.2784955094332,3682.7629760302184,-0.15671776737457555,4068.4032082939857
2025-03-13T12:00:00Z,2025-03-13T12:15:00Z,2025-03-13,2025-03-13_14,-44.82506222595689,100,55,0,145.46168608704554,156.40644684243352,0.03134835006495621,0.284,1.00265,True,True,False,False,-2.2412531112978447,0.0,176.51845452170943,114.92083743545437,25.734607703281025,-29.47614930381146,285.4564972453355
2025-03-13T12:15:00Z,2025-03-13T12:30:00Z,2025-03-13,2025-03-13_14,-44.82506222595689,100,55,0,156.40644684243352,162.58879331024212,0.03076034624165121,4.078,0.0,True,True,False,False,-2.2412531112978447,0.0,176.51845452170943,114.92083743545437,543.4798802515521,0.0,832.6779190974181
2025-03-13T12:30:00Z,2025-03-13T12:45:00Z,2025-03-13,2025-03-13_14,-44.82506222595689,100,55,0,162.58879331024212,171.8145775991252,0.029237205456932112,1.0835,0.01375,True,True,False,False,-2.2412531112978447,0.0,176.51845452170943,114.92083743545437,98.18137067770388,-0.6243595668160173,386.75504995675385
2025-03-13T12:45:00Z,2025-03-13T13:00:00Z,2025-03-13,2025-03-13_14,-44.82506222595689,100,55,0,171.8145775991252,182.19009656642322,0.029535561391802034,0.21449999999999997,0.30745,True,True,False,False,-2.2412531112978447,0.0,176.51845452170943,114.92083743545437,19.436921098631732,-12.808738502340722,295.82622144215696
2025-03-13T13:00:00Z,2025-03-13T13:15:00Z,2025-03-13,2025-03-13_15,-11.601681084659132,100,88,0,182.19009656642322,187.10269441589483,0.013646105137421111,0.0,2.4393599999999998,True,True,False,False,-37.096375268197576,0.0,176.51845452170943,183.873339896727,0.0,-69.69950083381889,253.59591831641995
2025-03-13T13:15:00Z,2025-03-13T13:30:00Z,2025-03-13,2025-03-13_15,-11.601681084659132,100,88,0,187.10269441589483,189.9999999999981,0.008747357285426317,0.131,0.40084,True,True,False,False,-37.096375268197576,0.0,176.51845452170943,183.873339896727,13.519549536878905,-16.115828132848442,320.6991405542693
2025-03-13T13:30:00Z,2025-03-13T13:45:00Z,2025-03-13,2025-03-13_15,-11.601681084659132,100,88,0,189.9999999999981,184.78425843767457,0.024933422302108082,7.385,0.0,True,True,False,False,-37.096375268197576,0.0,176.51845452170943,183.873339896727,1513.3188694219525,0.0,1836.6142885721913
2025-03-13T13:45:00Z,2025-03-13T14:00:00Z,2025-03-13,2025-03-13_15,-11.601681084659132,100,88,0,184.78425843767457,177.665543478259,0.029162481915656423,9.1675,0.0,True,True,False,False,-37.096375268197576,0.0,176.51845452170943,183.873339896727,1787.2581950332526,0.0,2110.5536141834914
2025-03-13T14:00:00Z,2025-03-13T14:15:00Z,2025-03-13,2025-03-13_16,0.0,100,100,0,177.665543478259,189.6462530434764,0.034261028985507244,0.1625,13.2145,True,True,False,False,0.0,0.0,176.51845452170943,208.9469771553716,17.101010126378814,7283.496481786583,7686.062923590043
2025-03-13T14:15:00Z,2025-03-13T14:30:00Z,2025-03-13,2025-03-13_16,0.0,100,100,0,189.6462530434764,189.94525999999814,0.0009634251207729468,0.022,0.351,True,True,False,False,0.0,0.0,176.51845452170943,208.9469771553716,3.7157195957485283,-19.399465552229206,369.78168572060036
2025-03-13T14:30:00Z,2025-03-13T14:45:00Z,2025-03-13,2025-03-13_16,0.0,100,100,0,189.94525999999814,182.12717391304162,0.02202101690821256,7.243000000000001,0.05949999999999999,True,True,False,False,0.0,0.0,176.51845452170943,208.9469771553716,5706.682439975087,-4.246949830222418,6087.900921821945
2025-03-13T14:45:00Z,2025-03-13T15:00:00Z,2025-03-13,2025-03-13_16,0.0,100,100,0,182.12717391304162,170.4364130434764,0.03247433574879227,10.7555,0.0,True,True,False,False,0.0,0.0,176.51845452170943,208.9469771553716,5291.6407378794875,0.0,5677.106169556569
2025-03-13T15:00:00Z,2025-03-13T15:15:00Z,2025-03-13,2025-03-13_17,19.62105321607212,80,100,0,170.4364130434764,176.04635856182165,0.03186718958937519,0.0576,11.55,True,True,False,False,599.9137020814051,0.0,141.21476361736757,202.91937071788792,9.825480701613388,3961.7885415201627,4915.661858638437
2025-03-13T15:15:00Z,2025-03-13T15:30:00Z,2025-03-13,2025-03-13_17,19.62105321607212,80,100,0,176.04635856182165,179.21887413600447,0.02785776122026288,0.0,8.926,True,True,False,False,599.9137020814051,0.0,141.21476361736757,202.91937071788792,0.0,-491.73793293283234,452.3099034838282
2025-03-13T15:30:00Z,2025-03-13T15:45:00Z,2025-03-13,2025-03-13_17,19.62105321607212,80,100,0,179.21887413600447,175.7124348691322,0.017691641040215665,0.0172,1.9355,True,True,False,False,599.9137020814051,0.0,141.21476361736757,202.91937071788792,2.9238721343754395,-139.66391603544233,807.3077925155936
2025-03-13T15:45:00Z,2025-03-13T16:00:00Z,2025-03-13,2025-03-13_17,19.62105321607212,80,100,0,175.7124348691322,170.8351017391284,0.015830284502421424,0.0688,0.5555,True,True,False,False,599.9137020814051,0.0,141.21476361736757,202.91937071788792,11.641964678226277,-40.22567348455928,915.4641276103275
2025-03-13T16:00:00Z,2025-03-13T16:15:00Z,2025-03-13,2025-03-13_18,0.0,100,100,0,170.8351017391284,183.5646817391284,0.035359944444444444,0.0,13.8365,True,True,False,False,0.0,0.0,176.9403869723333,190.7436057141709,0.0,5072.683691808483,5440.367684494987
2025-03-13T16:15:00Z,2025-03-13T16:30:00Z,2025-03-13,2025-03-13_18,0.0,100,100,0,183.5646817391284,189.57633999999794,0.016735282608695654,0.006,6.5415,True,True,False,False,0.0,0.0,176.9403869723333,190.7436057141709,1.092503666793916,-321.9136669948364,46.86282935846175
2025-03-13T16:30:00Z,2025-03-13T16:45:00Z,2025-03-13,2025-03-13_18,0.0,100,100,0,189.57633999999794,189.54239130434578,0.0024479685990338165,0.42100000000000004,0.4605000000000001,True,True,False,False,0.0,0.0,176.9403869723333,190.7436057141709,83.93811737758936,-33.50442597094695,418.11768409314664
2025-03-13T16:45:00Z,2025-03-13T17:00:00Z,2025-03-13,2025-03-13_18,0.0,100,100,0,189.54239130434578,187.53270086956317,0.005746028985507246,1.876,0.032,True,True,False,False,0.0,0.0,176.9403869723333,190.7436057141709,376.59500431978455,-2.4140579855739284,741.8649390207148
2025-03-13T17:00:00Z,2025-03-13T17:15:00Z,2025-03-13,2025-03-13_19,31.903987999999874,0,0,0,187.53270086956317,178.86313891304147,0.024082116545893623,0.0,0.0,True,False,False,False,1324.414301849995,0.0,0.0,0.0,0.0,0.0,1324.414301849995
2025-03-13T17:15:00Z,2025-03-13T17:30:00Z,2025-03-13,2025-03-13_19,31.903987999999874,0,0,0,178.86313891304147,170.19357695651976,0.024082116545893623,0.0,0.0,True,False,False,False,1324.414301849995,0.0,0.0,0.0,0.0,0.0,1324.414301849995
2025-03-13T17:30:00Z,2025-03-13T17:45:00Z,2025-03-13,2025-03-13_19,31.903987999999874,0,0,0,170.19357695651976,161.52401499999806,0.024082116545893623,0.0,0.0,True,False,False,False,1324.414301849995,0.0,0.0,0.0,0.0,0.0,1324.414301849995
2025-03-13T17:45:00Z,2025-03-13T18:00:00Z,2025-03-13,2025-03-13_19,31.903987999999874,0,0,0,161.52401499999806,152.85445304347635,0.024082116545893623,0.0,0.0,True,False,False,False,1324.414301849995,0.0,0.0,0.0,0.0,0.0,1324.414301849995
2025-03-13T18:00:00Z,2025-03-13T18:15:00Z,2025-03-13,2025-03-13_20,0.0,100,100,0,152.85445304347635,142.76174695651983,0.031605405797101443,9.8765,0.6985,True,True,False,False,0.0,0.0,199.57404914508447,191.16553816479475,6825.730886962287,-50.533221152880195,7165.937253119286
2025-03-13T18:15:00Z,2025-03-13T18:30:00Z,2025-03-13,2025-03-13_20,0.0,100,100,0,142.76174695651983,115.61500782608505,0.07540760869565218,24.975,0.0,True,True,False,False,0.0,0.0,199.57404914508447,191.16553816479475,30102.876172871758,0.0,30493.615760181638
2025-03-13T18:30:00Z,2025-03-13T18:45:00Z,2025-03-13,2025-03-13_20,0.0,100,100,0,115.61500782608505,88.87261652173723,0.07428442028985507,24.603,0.0,True,True,False,False,0.0,0.0,199.57404914508447,191.16553816479475,29654.496996242797,0.0,30045.236583552676
2025-03-13T18:45:00Z,2025-03-13T19:00:00Z,2025-03-13,2025-03-13_20,0.0,100,100,0,88.87261652173723,63.868812173911145,0.06945501207729468,23.0035,0.0,True,True,False,False,0.0,0.0,199.57404914508447,191.16553816479475,25440.763600389782,0.0,25831.50318769966
2025-03-13T19:00:00Z,2025-03-13T19:15:00Z,2025-03-13,2025-03-13_21,0.0,100,100,0,63.868812173911145,47.88022521738941,0.04441274154589372,14.7095,0.0,True,True,False,False,0.0,0.0,176.51845452170943,190.7436057141709,12549.649714291456,0.0,12916.911774527336
2025-03-13T19:15:00Z,2025-03-13T19:30:00Z,2025-03-13,2025-03-13_21,0.0,100,100,0,47.88022521738941,38.57370347825898,0.025851449275362315,8.562,0.0,True,True,False,False,0.0,0.0,176.51845452170943,190.7436057141709,5969.512207510396,0.0,6336.774267746277
2025-03-13T19:30:00Z,2025-03-13T19:45:00Z,2025-03-13,2025-03-13_21,0.0,100,100,0,38.57370347825898,18.203051304345934,0.05658514492753623,18.741,0.0,True,True,False,False,0.0,0.0,176.51845452170943,190.7436057141709,24322.625655100357,0.0,24689.887715336237
2025-03-13T19:45:00Z,2025-03-13T20:00:00Z,2025-03-13,2025-03-13_21,0.0,100,100,0,18.203051304345934,9.99999999999811,0.022796475845410627,7.5485,0.002,True,True,False,False,0.0,0.0,176.51845452170943,190.7436057141709,1748.8083795784692,-0.15671776737457555,2115.9137220469747
2025-03-13T20:00:00Z,2025-03-13T20:15:00Z,2025-03-13,2025-03-13_22,-1.3553211755112153,0,0,0,9.99999999999811,10.31172387036569,0.0008658996399099431,0.0,0.0,True,False,False,False,-45.975882576279204,0.0,0.0,0.0,0.0,0.0,-45.975882576279204
2025-03-13T20:15:00Z,2025-03-13T20:30:00Z,2025-03-13,2025-03-13_22,-1.3553211755112153,0,0,0,10.31172387036569,10.623447740733269,0.0008658996399099431,0.0,0.0,True,False,False,False,-45.975882576279204,0.0,0.0,0.0,0.0,0.0,-45.975882576279204
2025-03-13T20:30:00Z,2025-03-13T20:45:00Z,2025-03-13,2025-03-13_22,-1.3553211755112153,0,0,0,10.623447740733269,10.935171611100849,0.0008658996399099431,0.0,0.0,True,False,False,False,-45.975882576279204,0.0,0.0,0.0,0.0,0.0,-45.975882576279204
2025-03-13T20:45:00Z,2025-03-13T21:00:00Z,2025-03-13,2025-03-13_22,-1.3553211755112153,0,0,0,10.935171611100849,11.246895481468428,0.0008658996399099431,0.0,0.0,True,False,False,False,-45.975882576279204,0.0,0.0,0.0,0.0,0.0,-45.975882576279204
2025-03-13T21:00:00Z,2025-03-13T21:15:00Z,2025-03-13,2025-03-13_23,75.63208153750482,24,100,0,11.246895481468428,9.999999999998115,0.026444413876854835,0.0,18.4515,True,True,False,False,2187.0907178607954,0.0,42.36442908521026,204.27558216632175,0.0,4470.993712402805,6904.724441515132
2025-03-13T21:15:00Z,2025-03-13T21:30:00Z,2025-03-13,2025-03-13_23,75.63208153750482,24,100,0,9.999999999998115,11.880413596870378,0.021480158193772483,0.0,21.4405,True,True,False,False,2187.0907178607954,0.0,42.36442908521026,204.27558216632175,0.0,7132.654829318277,9566.385558430604
2025-03-13T21:30:00Z,2025-03-13T21:45:00Z,2025-03-13,2025-03-13_23,75.63208153750482,24,100,0,11.880413596870378,9.999999999998119,0.027450053494153713,0.0,17.846,True,True,False,False,2187.0907178607954,0.0,42.36442908521026,204.27558216632175,0.0,1474.9277430632296,3908.658472175557
2025-03-13T21:45:00Z,2025-03-13T22:00:00Z,2025-03-13,2025-03-13_23,75.63208153750482,24,100,0,9.999999999998119,10.71172699917595,0.02333531831354598,0.0,20.3235,True,True,False,False,2187.0907178607954,0.0,42.36442908521026,204.27558216632175,0.0,6201.44625504812,8635.176984160447
2025-03-13T22:00:00Z,2025-03-13T22:15:00Z,2025-03-14,2025-03-13_24,0.0,100,100,0,10.71172699917595,16.68574699917595,0.016594500000000005,0.0,6.493500000000001,True,True,False,False,0.0,0.0,176.3110307414105,191.16937914406267,0.0,-303.51795840867993,63.962451476793234
2025-03-13T22:15:00Z,2025-03-13T22:30:00Z,2025-03-14,2025-03-13_24,0.0,100,100,0,16.68574699917595,28.66874699917595,0.033286111111111114,0.0,13.025,True,True,False,False,0.0,0.0,176.3110307414105,191.16937914406267,0.0,-594.6513110307415,-227.1709011452683
2025-03-13T22:30:00Z,2025-03-13T22:45:00Z,2025-03-14,2025-03-13_24,0.0,100,100,0,28.66874699917595,34.28994699917595,0.015614444444444446,0.0,6.11,True,True,False,False,0.0,0.0,176.3110307414105,191.16937914406267,0.0,-349.1195318464938,18.360878038979337
2025-03-13T22:45:00Z,2025-03-13T23:00:00Z,2025-03-14,2025-03-13_24,0.0,100,100,0,34.28994699917595,40.26350699917595,0.016593222222222224,0.0,6.493,True,True,False,False,0.0,0.0,176.3110307414105,191.16937914406267,0.0,-170.13956098051034,197.34084890496283
2025-03-13T23:00:00Z,2025-03-13T23:15:00Z,2025-03-14,2025-03-14_1,0.0,0,0,0,40.26350699917595,40.26350699917595,0.0,0.0,0.0,True,False,False,False,0.0,0.0,0.0,0.0,0.0,0.0,0.0
2025-03-13T23:15:00Z,2025-03-13T23:30:00Z,2025-03-14,2025-03-14_1,0.0,0,0,0,40.26350699917595,40.26350699917595,0.0,0.0,0.0,True,False,False,False,0.0,0.0,0.0,0.0,0.0,0.0,0.0
2025-03-13T23:30:00Z,2025-03-13T23:45:00Z,2025-03-14,2025-03-14_1,0.0,0,0,0,40.26350699917595,40.26350699917595,0.0,0.0,0.0,True,False,False,False,0.0,0.0,0.0,0.0,0.0,0.0,0.0
2025-03-13T23:45:00Z,2025-03-14T00:00:00Z,2025-03-14,2025-03-14_1,0.0,0,0,0,40.26350699917595,40.26350699917595,0.0,0.0,0.0,True,False,False,False,0.0,0.0,0.0,0.0,0.0,0.0,0.0
2025-03-14T00:00:00Z,2025-03-14T00:15:00Z,2025-03-14,2025-03-14_2,-63.22294984966703,0,0,0,40.26350699917595,54.80478546459937,0.040392440181731715,0.0,0.0,True,False,False,False,-1675.4081710161763,0.0,0.0,0.0,0.0,0.0,-1675.4081710161763
2025-03-14T00:15:00Z,2025-03-14T00:30:00Z,2025-03-14,2025-03-14_2,-63.22294984966703,0,0,0,54.80478546459937,69.34606393002278,0.040392440181731715,0.0,0.0,True,False,False,False,-1675.4081710161763,0.0,0.0,0.0,0.0,0.0,-1675.4081710161763
2025-03-14T00:30:00Z,2025-03-14T00:45:00Z,2025-03-14,2025-03-14_2,-63.22294984966703,0,0,0,69.34606393002278,83.8873423954462,0.040392440181731715,0.0,0.0,True,False,False,False,-1675.4081710161763,0.0,0.0,0.0,0.0,0.0,-1675.4081710161763
2025-03-14T00:45:00Z,2025-03-14T01:00:00Z,2025-03-14,2025-03-14_2,-63.22294984966703,0,0,0,83.8873423954462,98.42862086086961,0.040392440181731715,0.0,0.0,True,False,False,False,-1675.4081710161763,0.0,0.0,0.0,0.0,0.0,-1675.4081710161763
2025-03-14T01:00:00Z,2025-03-14T01:15:00Z,2025-03-14,2025-03-14_3,0.0,100,100,0,98.42862086086961,110.05696086086961,0.032300944444444445,0.0,12.6395,True,True,False,False,0.0,0.0,176.70283303194694,191.16937914406267,0.0,3797.99324904561,4165.86546122162
2025-03-14T01:15:00Z,2025-03-14T01:30:00Z,2025-03-14,2025-03-14_3,0.0,100,100,0,110.05696086086961,109.90378868695656,0.0021198115942028988,0.4215,0.3315,True,True,False,False,0.0,0.0,176.70283303194694,191.16937914406267,79.88470916214587,-19.16938547317661,428.58753586497886
2025-03-14T01:30:00Z,2025-03-14T01:45:00Z,2025-03-14,2025-03-14_3,0.0,100,100,0,109.90378868695656,103.38911477391308,0.018096316425120773,5.9935,0.0,True,True,False,False,0.0,0.0,176.70283303194694,191.16937914406267,1179.8837577858146,0.0,1547.7559699618241
2025-03-14T01:45:00Z,2025-03-14T02:00:00Z,2025-03-14,2025-03-14_3,0.0,100,100,0,103.38911477391308,97.70107129565221,0.015800120772946857,5.233,0.0,True,True,False,False,0.0,0.0,176.70283303194694,191.16937914406267,1025.83202411091,0.0,1393.7042362869197
2025-03-14T02:00:00Z,2025-03-14T02:15:00Z,2025-03-14,2025-03-14_4,-100.00000000000006,0,0,0,97.70107129565221,120.70107129565223,0.06388888888888893,0.0,0.0,True,False,False,False,-2595.7500000000014,0.0,0.0,0.0,0.0,0.0,-2595.7500000000014
2025-03-14T02:15:00Z,2025-03-14T02:30:00Z,2025-03-14,2025-03-14_4,-100.00000000000006,0,0,0,120.70107129565223,143.70107129565224,0.06388888888888893,0.0,0.0,True,False,False,False,-2595.7500000000014,0.0,0.0,0.0,0.0,0.0,-2595.7500000000014
2025-03-14T02:30:00Z,2025-03-14T02:45:00Z,2025-03-14,2025-03-14_4,-100.00000000000006,0,0,0,143.70107129565224,166.70107129565224,0.06388888888888893,0.0,0.0,True,False,False,False,-2595.7500000000014,0.0,0.0,0.0,0.0,0.0,-2595.7500000000014
2025-03-14T02:45:00Z,2025-03-14T03:00:00Z,2025-03-14,2025-03-14_4,-100.00000000000006,0,0,0,166.70107129565224,189.70107129565224,0.06388888888888893,0.0,0.0,True,False,False,False,-2595.7500000000014,0.0,0.0,0.0,0.0,0.0,-2595.7500000000014
2025-03-14T03:00:00Z,2025-03-14T03:15:00Z,2025-03-14,2025-03-14_5,0.0,100,100,0,189.70107129565224,179.03313651304353,0.029633152173913047,9.8145,0.0,True,True,False,False,0.0,0.0,176.3110307414105,191.0186859553948,6955.228719710669,0.0,7322.558436407474
2025-03-14T03:15:00Z,2025-03-14T03:30:00Z,2025-03-14,2025-03-14_5,0.0,100,100,0,179.03313651304353,177.63548433913047,0.004010144927536231,1.307,0.025,True,True,False,False,0.0,0.0,176.3110307414105,191.0186859553948,252.13545248141446,-1.9590114526823386,617.5061577255374
2025-03-14T03:30:00Z,2025-03-14T03:45:00Z,2025-03-14,2025-03-14_5,0.0,100,100,0,177.63548433913047,178.02050433913047,0.0010695,0.0,0.4184999999999999,True,True,False,False,0.0,0.0,176.3110307414105,191.0186859553948,0.0,-25.769829113924043,341.55988758288123
2025-03-14T03:45:00Z,2025-03-14T04:00:00Z,2025-03-14,2025-03-14_5,0.0,100,100,0,178.02050433913047,178.49736260000003,0.0014302826086956524,0.0175,0.539,True,True,False,False,0.0,0.0,176.3110307414105,191.0186859553948,2.9599156118143455,-31.883414908579464,338.4062174000402
2025-03-14T04:00:00Z,2025-03-14T04:15:00Z,2025-03-14,2025-03-14_6,0.0,0,0,0,178.49736260000003,178.49736260000003,0.0,0.0,0.0,True,False,False,False,0.0,0.0,0.0,0.0,0.0,0.0,0.0
2025-03-14T04:15:00Z,2025-03-14T04:30:00Z,2025-03-14,2025-03-14_6,0.0,0,0,0,178.49736260000003,178.49736260000003,0.0,0.0,0.0,True,False,False,False,0.0,0.0,0.0,0.0,0.0,0.0,0.0
2025-03-14T04:30:00Z,2025-03-14T04:45:00Z,2025-03-14,2025-03-14_6,0.0,0,0,0,178.49736260000003,178.49736260000003,0.0,0.0,0.0,True,False,False,False,0.0,0.0,0.0,0.0,0.0,0.0,0.0
2025-03-14T04:45:00Z,2025-03-14T05:00:00Z,2025-03-14,2025-03-14_6,0.0,0,0,0,178.49736260000003,178.49736260000003,0.0,0.0,0.0,True,False,False,False,0.0,0.0,0.0,0.0,0.0,0.0,0.0
2025-03-14T05:00:00Z,2025-03-14T05:15:00Z,2025-03-14,2025-03-14_7,100.0,0,100,0,178.49736260000003,173.3174712956522,0.01438858695652174,0.0,20.2345,True,True,False,False,3576.75,0.0,0.0,190.62688366485835,0.0,22567.630952280488,26335.007835945347
2025-03-14T05:15:00Z,2025-03-14T05:30:00Z,2025-03-14,2025-03-14_7,100.0,0,100,0,173.3174712956522,147.63812346956527,0.07133152173913043,0.0,1.375,True,True,False,False,3576.75,0.0,0.0,190.62688366485835,0.0,-99.17432690375728,3668.2025567611013
2025-03-14T05:30:00Z,2025-03-14T05:45:00Z,2025-03-14,2025-03-14_7,100.0,0,100,0,147.63812346956527,121.43649303478267,0.07278230676328501,0.0,0.8945,True,True,False,False,3576.75,0.0,0.0,190.62688366485835,0.0,-64.29382750653004,3703.0830561583284
2025-03-14T05:45:00Z,2025-03-14T06:00:00Z,2025-03-14,2025-03-14_7,100.0,0,100,0,121.43649303478267,94.2625799913044,0.0754830917874396,0.0,0.0,True,True,False,False,3576.75,0.0,0.0,190.62688366485835,0.0,0.0,3767.3768836648583
2025-03-14T06:00:00Z,2025-03-14T06:15:00Z,2025-03-14,2025-03-14_8,71.00000000000003,29,100,0,94.2625799913044,74.44846686956527,0.05505847200483094,0.4914049999999999,0.013,True,True,False,False,2555.467500000001,0.0,56.65400843881855,190.62688366485835,99.44854352521597,-1.0036172393007834,2901.193318389593
2025-03-14T06:15:00Z,2025-03-14T06:30:00Z,2025-03-14,2025-03-14_8,71.00000000000003,29,100,0,74.44846686956527,54.56376333043483,0.05525233316425121,0.5549149999999999,0.0115,True,True,False,False,2555.467500000001,0.0,56.65400843881855,190.62688366485835,111.33376604179223,-0.9011452682338756,2913.1810128772363
2025-03-14T06:30:00Z,2025-03-14T06:45:00Z,2025-03-14,2025-03-14_8,71.00000000000003,29,100,0,54.56376333043483,33.859372026087,0.05751219806763287,1.29804,0.0,True,True,False,False,2555.467500000001,0.0,56.65400843881855,190.62688366485835,286.53978712477397,0.0,3089.288179228452
2025-03-14T06:45:00Z,2025-03-14T07:00:00Z,2025-03-14,2025-03-14_8,71.00000000000003,29,100,0,33.859372026087,13.64144565217395,0.05616979992753624,0.8562250000000001,0.006,True,True,False,False,2555.467500000001,0.0,56.65400843881855,190.62688366485835,186.44355286819368,-0.46413502109704635,2988.727809950775
2025-03-14T07:00:00Z,2025-03-14T07:15:00Z,2025-03-14,2025-03-14_9,-47.0,100,53,0,13.64144565217395,18.076799600000037,0.03255068125603865,6.321000000000001,0.0,True,True,False,False,-415.24500000000006,0.0,196.80530440024108,101.09614225437008,989.1241012658228,0.0,871.780547920434
2025-03-14T07:15:00Z,2025-03-14T07:30:00Z,2025-03-14,2025-03-14_9,-47.0,100,53,0,18.076799600000037,28.308908226087,0.030306008260869568,0.5885,0.016960000000000003,True,True,False,False,-415.24500000000006,0.0,196.80530440024108,101.09614225437008,74.00768836648584,-1.2650994575045211,-44.60096443640758
2025-03-14T07:30:00Z,2025-03-14T07:45:00Z,2025-03-14,2025-03-14_9,-47.0,100,53,0,28.308908226087,36.96828729565222,0.03090446480676328,2.1405,0.008745,True,True,False,False,-415.24500000000006,0.0,196.80530440024108,101.09614225437008,269.18174502712475,-0.6533149306811331,151.18487675105473
2025-03-14T07:45:00Z,2025-03-14T08:00:00Z,2025-03-14,2025-03-14_9,-47.0,100,53,0,36.96828729565222,44.02621157391309,0.03151274256038648,3.7205000000000004,0.0,True,True,False,False,-415.24500000000006,0.0,196.80530440024108,101.09614225437008,467.8769831223629,0.0,350.533429776974
2025-03-14T08:00:00Z,2025-03-14T08:15:00Z,2025-03-14,2025-03-14_10,0.0,100,100,0,44.02621157391309,23.44849418260874,0.05716032608695652,18.9315,0.0,True,True,False,False,0.0,0.0,176.94394213381554,190.7474382157926,24888.109898734176,0.0,25255.801279083782
2025-03-14T08:15:00Z,2025-03-14T08:30:00Z,2025-03-14,2025-03-14_10,0.0,100,100,0,23.44849418260874,10.322407226087002,0.03646135265700483,12.076,0.0,True,True,False,False,0.0,0.0,176.94394213381554,190.7474382157926,7732.2455728350415,0.0,8099.93695318465
2025-03-14T08:30:00Z,2025-03-14T08:45:00Z,2025-03-14,2025-03-14_10,0.0,100,100,0,10.322407226087002,13.705926356521784,0.010389002415458938,0.164,3.8715,True,True,False,False,0.0,0.0,176.94394213381554,190.7474382157926,20.79244524814145,-41.5799255575648,346.9039000401848
2025-03-14T08:45:00Z,2025-03-14T09:00:00Z,2025-03-14,2025-03-14_10,0.0,100,100,0,13.705926356521784,20.899406356521784,0.01998188888888889,0.0,7.819,True,True,False,False,0.0,0.0,176.94394213381554,190.7474382157926,0.0,-44.58730942334739,323.10407092626076
2025-03-14T09:00:00Z,2025-03-14T09:15:00Z,2025-03-14,2025-03-14_11,4.062772662577565e-15,100,100,0,20.899406356521784,23.780386356521785,0.008002722222222227,0.0,3.1315000000000004,True,True,False,False,1.298055865693532e-14,0.0,176.94394213381554,191.3803496081977,0.0,-59.88105013060077,308.4432416114125
2025-03-14T09:15:00Z,2025-03-14T09:30:00Z,2025-03-14,2025-03-14_11,4.062772662577565e-15,100,100,0,23.780386356521785,34.938146356521784,0.030993777777777783,0.0,12.128,True,True,False,False,1.298055865693532e-14,0.0,176.94394213381554,191.3803496081977,0.0,340.42713602571826,708.7514277677315
2025-03-14T09:30:00Z,2025-03-14T09:45:00Z,2025-03-14,2025-03-14_11,4.062772662577565e-15,100,100,0,34.938146356521784,41.05154635652178,0.01698166666666667,0.0,6.645,True,True,False,False,1.298055865693532e-14,0.0,176.94394213381554,191.3803496081977,0.0,11.522272453285112,379.84656419529836
2025-03-14T09:45:00Z,2025-03-14T10:00:00Z,2025-03-14,2025-03-14_11,4.062772662577565e-15,100,100,0,41.05154635652178,48.96860635652178,0.021991833333333335,0.0,8.6055,True,True,False,False,1.298055865693532e-14,0.0,176.94394213381554,191.3803496081977,0.0,1104.1823040988545,1472.5065958408677
2025-03-14T10:00:00Z,2025-03-14T10:15:00Z,2025-03-14,2025-03-14_12,0.0,100,100,0,48.96860635652178,61.605726356521785,0.03510311111111111,0.0,13.736,True,True,False,False,0.0,0.0,176.70283303194694,191.16937914406267,0.0,4106.859767731566,4474.731979907575
2025-03-14T10:15:00Z,2025-03-14T10:30:00Z,2025-03-14,2025-03-14_12,0.0,100,100,0,61.605726356521785,66.79130635652179,0.014404388888888888,0.0,5.6365,True,True,False,False,0.0,0.0,176.70283303194694,191.16937914406267,0.0,-115.99162748643761,251.880584689572
2025-03-14T10:30:00Z,2025-03-14T10:45:00Z,2025-03-14,2025-03-14_12,0.0,100,100,0,66.79130635652179,67.70236896521743,0.0027541594202898554,0.037,1.034,True,True,False,False,0.0,0.0,176.70283303194694,191.16937914406267,3.7208157524613212,-75.43941008639742,296.1536178420735
2025-03-14T10:45:00Z,2025-03-14T11:00:00Z,2025-03-14,2025-03-14_12,0.0,100,100,0,67.70236896521743,70.03215157391308,0.0066256038647343,0.025499999999999995,2.5625,True,True,False,False,0.0,0.0,176.70283303194694,191.16937914406267,2.5643459915611806,-103.20228049025515,267.2342776773156
2025-03-14T11:00:00Z,2025-03-14T11:15:00Z,2025-03-14,2025-03-14_13,0.0,100,100,0,70.03215157391308,78.42669157391308,0.023318166666666664,0.0,9.1245,True,True,False,False,0.0,0.0,176.3110307414105,191.16937914406267,0.0,-29.017999999999994,338.46240988547316
2025-03-14T11:15:00Z,2025-03-14T11:30:00Z,2025-03-14,2025-03-14_13,0.0,100,100,0,78.42669157391308,84.35815505217396,0.01834826811594203,0.31,6.8135,True,True,False,False,0.0,0.0,176.3110307414105,191.16937914406267,145.90666666666664,-218.17985171790238,295.2072248342374
2025-03-14T11:30:00Z,2025-03-14T11:45:00Z,2025-03-14,2025-03-14_13,0.0,100,100,0,84.35815505217396,85.25497331304352,0.0030135048309178746,0.0865,1.077,True,True,False,False,0.0,0.0,176.3110307414105,191.16937914406267,10.599665159734778,-63.37074924653405,314.7093257986739
2025-03-14T11:45:00Z,2025-03-14T12:00:00Z,2025-03-14,2025-03-14_13,0.0,100,100,0,85.25497331304352,85.29047070434787,0.0007779516908212561,0.11250000000000002,0.1715,True,True,False,False,0.0,0.0,176.3110307414105,191.16937914406267,13.84358047016275,-13.089512658227848,368.23447769740807
2025-03-14T12:00:00Z,2025-03-14T12:15:00Z,2025-03-14,2025-03-14_14,-87.3997057561438,0,0,0,85.29047070434787,105.39240302826094,0.055838700899758544,0.0,0.0,True,False,False,False,-794.6818245877374,0.0,0.0,0.0,0.0,0.0,-794.6818245877374
2025-03-14T12:15:00Z,2025-03-14T12:30:00Z,2025-03-14,2025-03-14_14,-87.3997057561438,0,0,0,105.39240302826094,125.49433535217402,0.055838700899758544,0.0,0.0,True,False,False,False,-794.6818245877374,0.0,0.0,0.0,0.0,0.0,-794.6818245877374
2025-03-14T12:30:00Z,2025-03-14T12:45:00Z,2025-03-14,2025-03-14_14,-87.3997057561438,0,0,0,125.49433535217402,145.5962676760871,0.055838700899758544,0.0,0.0,True,False,False,False,-794.6818245877374,0.0,0.0,0.0,0.0,0.0,-794.6818245877374
2025-03-14T12:45:00Z,2025-03-14T13:00:00Z,2025-03-14,2025-03-14_14,-87.3997057561438,0,0,0,145.5962676760871,165.69820000000018,0.055838700899758544,0.0,0.0,True,False,False,False,-794.6818245877374,0.0,0.0,0.0,0.0,0.0,-794.6818245877374
2025-03-14T13:00:00Z,2025-03-14T13:15:00Z,2025-03-14,2025-03-14_15,0.0,100,100,0,165.69820000000018,186.17464000000018,0.05687900000000001,0.0,22.257,True,True,False,False,0.0,0.0,176.3110307414105,191.5913200723327,0.0,15419.043200723327,15786.94555153707
2025-03-14T13:15:00Z,2025-03-14T13:30:00Z,2025-03-14,2025-03-14_15,0.0,100,100,0,186.17464000000018,182.83804347826103,0.030520323671497585,6.589,4.158,True,True,False,False,0.0,0.0,176.3110307414105,191.5913200723327,4559.786583484027,457.20956962025315,5384.898503918023
2025-03-14T13:30:00Z,2025-03-14T13:45:00Z,2025-03-14,2025-03-14_15,0.0,100,100,0,182.83804347826103,165.13695652173928,0.04916968599033816,16.285,0.0,True,True,False,False,0.0,0.0,176.3110307414105,191.5913200723327,14243.511483825596,0.0,14611.41383463934
2025-03-14T13:45:00Z,2025-03-14T14:00:00Z,2025-03-14,2025-03-14_15,0.0,100,100,0,165.13695652173928,141.8184782608697,0.06477355072463768,21.453,0.0,True,True,False,False,0.0,0.0,176.3110307414105,191.5913200723327,24205.742751054848,0.0,24573.64510186859
2025-03-14T14:00:00Z,2025-03-14T14:15:00Z,2025-03-14,2025-03-14_16,0.0,100,100,0,141.8184782608697,140.55610956521753,0.003619024154589372,1.18,0.022,True,True,False,False,0.0,0.0,176.70283303194694,191.16937914406267,225.96703636728952,-1.7637130801687761,592.0755354631303
2025-03-14T14:15:00Z,2025-03-14T14:30:00Z,2025-03-14,2025-03-14_16,0.0,100,100,0,140.55610956521753,134.65047565217407,0.016593649758454107,5.4645,0.037,True,True,False,False,0.0,0.0,176.70283303194694,191.16937914406267,4126.59342766727,-2.9309843279083783,4491.534655515371
2025-03-14T14:30:00Z,2025-03-14T14:45:00Z,2025-03-14,2025-03-14_16,0.0,100,100,0,134.65047565217407,134.1705730434784,0.001915729468599034,0.538,0.11399999999999999,True,True,False,False,0.0,0.0,176.70283303194694,191.16937914406267,96.42479847297568,-8.20706088004822,456.08994976893706
2025-03-14T14:45:00Z,2025-03-14T15:00:00Z,2025-03-14,2025-03-14_16,0.0,100,100,0,134.1705730434784,134.17081043478277,0.0005411183574879227,0.0895,0.106,True,True,False,False,0.0,0.0,176.70283303194694,191.16937914406267,15.173298071127183,-8.334833031946955,374.71067721518983
2025-03-14T15:00:00Z,2025-03-14T15:15:00Z,2025-03-14,2025-03-14_17,0.0,100,100,0,134.17081043478277,134.31551478260886,0.0006585990338164251,0.0425,0.2075,True,True,False,False,0.0,0.0,176.70283303194694,191.3803496081977,7.199219911593329,-16.337550231062888,358.94485232067507
2025-03-14T15:15:00Z,2025-03-14T15:30:00Z,2025-03-14,2025-03-14_17,0.0,100,100,0,134.31551478260886,134.3219721739132,0.00035006280193236713,0.055,0.072,True,True,False,False,0.0,0.0,176.70283303194694,191.3803496081977,9.289032549728752,-5.719710669077757,371.6525045207956
2025-03-14T15:30:00Z,2025-03-14T15:45:00Z,2025-03-14,2025-03-14_17,0.0,100,100,0,134.3219721739132,134.30317565217405,0.00036143478260869567,0.0685,0.0605,True,True,False,False,0.0,0.0,176.70283303194694,191.3803496081977,11.581069419328914,-4.795959111914808,374.86829294755876
2025-03-14T15:45:00Z,2025-03-14T16:00:00Z,2025-03-14,2025-03-14_17,0.0,100,100,0,134.30317565217405,133.0517973913045,0.0035016062801932362,1.1555,0.005,True,True,False,False,0.0,0.0,176.70283303194694,191.3803496081977,218.19842575848907,-0.4008438818565401,585.8807645167772
2025-03-14T16:00:00Z,2025-03-14T16:15:00Z,2025-03-14,2025-03-14_18,31.925507021382284,68,100,0,133.0517973913045,124.73626042930208,0.024492198654612406,0.027540000000000002,0.40049999999999997,True,True,False,False,1141.3368760144167,0.0,124.78963230861963,190.62688366485835,4.756722965641953,-29.523778481012656,1431.986336472524
2025-03-14T16:15:00Z,2025-03-14T16:30:00Z,2025-03-14,2025-03-14_18,31.925507021382284,68,100,0,124.73626042930208,116.6516995419118,0.024729137598408273,0.041139999999999996,0.653,True,True,False,False,1141.3368760144167,0.0,124.78963230861963,190.62688366485835,7.291046212577856,-47.73053445850915,1416.3139037419635
2025-03-14T16:30:00Z,2025-03-14T16:45:00Z,2025-03-14,2025-03-14_18,31.925507021382284,68,100,0,116.6516995419118,108.62453451229811,0.02464277128260363,0.0071400000000000005,0.674,True,True,False,False,1141.3368760144167,0.0,124.78963230861963,190.62688366485835,1.2050632911392405,-49.36112196102069,1408.5973333180132
2025-03-14T16:45:00Z,2025-03-14T17:00:00Z,2025-03-14,2025-03-14_18,31.925507021382284,68,100,0,108.62453451229811,100.01627130434795,0.02436589911247338,0.055080000000000004,0.1305,True,True,False,False,1141.3368760144167,0.0,124.78963230861963,190.62688366485835,10.317777721518988,-9.99034267631103,1457.0808270331027
2025-03-14T17:00:00Z,2025-03-14T17:15:00Z,2025-03-14,2025-03-14_19,100.0,0,100,0,100.01627130434795,88.72333652173926,0.031369263285024145,0.0,14.610500000000002,True,True,False,False,3822.9999999999995,0.0,0.0,190.62688366485835,0.0,-584.669526321077,3428.957357343781
2025-03-14T17:15:00Z,2025-03-14T17:30:00Z,2025-03-14,2025-03-14_19,100.0,0,100,0,88.72333652173926,69.48094521739142,0.05345108695652175,0.0,7.297,True,True,False,False,3822.9999999999995,0.0,0.0,190.62688366485835,0.0,-496.7384733775366,3516.888410287321
2025-03-14T17:30:00Z,2025-03-14T17:45:00Z,2025-03-14,2025-03-14_19,100.0,0,100,0,69.48094521739142,44.27551043478272,0.07001509661835749,0.0,1.8110000000000002,True,True,False,False,3822.9999999999995,0.0,0.0,190.62688366485835,0.0,-131.76344042595943,3881.8634432388985
2025-03-14T17:45:00Z,2025-03-14T18:00:00Z,2025-03-14,2025-03-14_19,100.0,0,100,0,44.27551043478272,17.14888000000011,0.07535175120772947,0.0,0.0435,True,True,False,False,3822.9999999999995,0.0,0.0,190.62688366485835,0.0,-3.48463230861965,4010.1422513562384
2025-03-14T18:00:00Z,2025-03-14T18:15:00Z,2025-03-14,2025-03-14_20,0.0,100,100,0,17.14888000000011,17.151868695652283,0.0003826980676328502,0.062,0.0765,True,True,False,False,0.0,0.0,201.11512959614225,190.62688366485835,10.51205826803295,-5.959314647377939,396.29475688165564
2025-03-14T18:15:00Z,2025-03-14T18:30:00Z,2025-03-14,2025-03-14_20,0.0,100,100,0,17.151868695652283,17.18237217391315,0.0004289347826086957,0.056999999999999995,0.1005,True,True,False,False,0.0,0.0,201.11512959614225,190.62688366485835,10.434905364677514,-7.612011754068715,394.5649068716094
2025-03-14T18:30:00Z,2025-03-14T18:45:00Z,2025-03-14,2025-03-14_20,0.0,100,100,0,17.18237217391315,19.346672173913152,0.006011944444444446,0.0,2.3525,True,True,False,False,0.0,0.0,201.11512959614225,190.62688366485835,0.0,-167.6930254169178,224.0489878440828
2025-03-14T18:45:00Z,2025-03-14T19:00:00Z,2025-03-14,2025-03-14_20,0.0,100,100,0,19.346672173913152,22.873952173913153,0.009798000000000001,0.0,3.834,True,True,False,False,0.0,0.0,201.11512959614225,190.62688366485835,0.0,-270.5107703435805,121.23124291742013
2025-03-14T19:00:00Z,2025-03-14T19:15:00Z,2025-03-14,2025-03-14_21,0.0,100,100,0,22.873952173913153,12.857020869565329,0.027827364734299514,9.216,0.0005,True,True,False,False,0.0,0.0,176.70283303194694,190.62688366485835,2213.2250849909583,-0.03918022905364677,2580.51562145871
2025-03-14T19:15:00Z,2025-03-14T19:30:00Z,2025-03-14,2025-03-14_21,0.0,100,100,0,12.857020869565329,12.493101739130546,0.0010543309178743963,0.342,0.0085,True,True,False,False,0.0,0.0,176.70283303194694,190.62688366485835,67.20482097649186,-0.6660638939119952,433.86847377938517
2025-03-14T19:30:00Z,2025-03-14T19:45:00Z,2025-03-14,2025-03-14_21,0.0,100,100,0,12.493101739130546,11.674165217391417,0.002305490338164251,0.7585,0.006,True,True,False,False,0.0,0.0,176.70283303194694,190.62688366485835,151.08369017480408,-0.47016274864376123,517.9432441229656
2025-03-14T19:45:00Z,2025-03-14T20:00:00Z,2025-03-14,2025-03-14_21,0.0,100,100,0,11.674165217391417,14.150476521739243,0.006990357487922706,0.0185,2.7135,True,True,False,False,0.0,0.0,176.70283303194694,190.62688366485835,3.1543113321277874,-188.9990641952983,181.48496383363477
2025-03-14T20:00:00Z,2025-03-14T20:15:00Z,2025-03-14,2025-03-14_22,0.0,100,100,0,14.150476521739243,11.509986956521852,0.007725693236714976,2.494,0.0765,True,True,False,False,0.0,0.0,176.3110307414105,191.3803496081977,490.7928418726141,-5.284755877034358,853.199466345188
2025-03-14T20:15:00Z,2025-03-14T20:30:00Z,2025-03-14,2025-03-14_22,0.0,100,100,0,11.509986956521852,10.000000000000112,0.00428385265700483,1.404,0.0175,True,True,False,False,0.0,0.0,176.3110307414105,191.3803496081977,264.8394792043399,-1.371308016877637,631.1595515370705
2025-03-14T20:30:00Z,2025-03-14T20:45:00Z,2025-03-14,2025-03-14_22,0.0,100,100,0,10.000000000000112,12.660854782608807,0.007499958937198068,0.018,2.9135,True,True,False,False,0.0,0.0,176.3110307414105,191.3803496081977,3.0379746835443036,-178.9212136829415,191.80814135021097
2025-03-14T20:45:00Z,2025-03-14T21:00:00Z,2025-03-14,2025-03-14_22,0.0,100,100,0,12.660854782608807,22.385714782608808,0.0270135,0.0,10.5705,True,True,False,False,0.0,0.0,176.3110307414105,191.3803496081977,0.0,268.9095271247739,636.6009074743821
2025-03-14T21:00:00Z,2025-03-14T21:15:00Z,2025-03-14,2025-03-14_23,13.793767438315482,86,100,0,22.385714782608808,21.025641608654265,0.015941009960296383,0.1978,2.7605,True,True,False,False,393.12237199199126,0.0,151.96443640747438,191.0186859553948,33.64913031946956,-83.47558981314045,686.2790348611895
2025-03-14T21:15:00Z,2025-03-14T21:30:00Z,2025-03-14,2025-03-14_23,13.793767438315482,86,100,0,21.025641608654265,17.26508391545122,0.011142156812517703,0.14835,0.158,True,True,False,False,393.12237199199126,0.0,151.96443640747438,191.0186859553948,25.257265611814347,-10.490285714285713,750.8724742523891
2025-03-14T21:30:00Z,2025-03-14T21:45:00Z,2025-03-14,2025-03-14_23,13.793767438315482,86,100,0,17.26508391545122,13.681521767731466,0.010822340276414863,0.01935,0.197,True,True,False,False,393.12237199199126,0.0,151.96443640747438,191.0186859553948,3.270488245931284,-14.134403656821378,725.2415789439704
2025-03-14T21:45:00Z,2025-03-14T22:00:00Z,2025-03-14,2025-03-14_23,13.793767438315482,86,100,0,13.681521767731466,10.000000000000108,0.010697901662218894,0.03139,0.107,True,True,False,False,393.12237199199126,0.0,151.96443640747438,191.0186859553948,5.30489107896323,-7.895963632710469,733.5144218011133
2025-03-14T22:00:00Z,2025-03-14T22:15:00Z,2025-03-15,2025-03-14_24,-18.96520865764111,21,81,0,10.000000000000108,14.149598220098547,0.011678042334439271,0.25872,0.0324,True,True,False,False,-498.6427486310289,0.0,36.83059395595563,163.56895997428066,46.73340540106092,-2.050689278251085,-253.56047857798276
2025-03-14T22:15:00Z,2025-03-14T22:30:00Z,2025-03-15,2025-03-14_24,-18.96520865764111,21,81,0,14.149598220098547,21.581036903549034,0.020686689767649348,0.074865,3.4125300000000003,True,True,False,False,-498.6427486310289,0.0,36.83059395595563,163.56895997428066,12.767921283756632,-122.61465491882335,-408.0899283358593
2025-03-14T22:30:00Z,2025-03-14T22:45:00Z,2025-03-15,2025-03-14_24,-18.96520865764111,21,81,0,21.581036903549034,27.595749007330664,0.016708086554045633,0.0009449999999999999,1.7973899999999998,True,True,False,False,-498.6427486310289,0.0,36.83059395595563,163.56895997428066,0.1595000803729304,-85.54143341906446,-383.62512803948414
2025-03-14T22:45:00Z,2025-03-14T23:00:00Z,2025-03-15,2025-03-14_24,-18.96520865764111,21,81,0,27.595749007330664,32.00802930434782,0.012261003365567574,0.00798,0.062775,True,True,False,False,-498.6427486310289,0.0,36.83059395595563,163.56895997428066,1.3468895675936343,-4.114393681683009,-301.010698814882
2025-03-14T23:00:00Z,2025-03-14T23:15:00Z,2025-03-15,2025-03-15_1,0.0,100,100,0,32.00802930434782,31.541769304347824,0.0013437222222222223,0.437,0.0095,True,True,False,False,0.0,0.0,175.38378074264585,202.26852596045651,74.5087282993088,-0.7244608985693618,451.4365741038418
2025-03-14T23:15:00Z,2025-03-14T23:30:00Z,2025-03-15,2025-03-15_1,0.0,100,100,0,31.541769304347824,26.72212408695652,0.013456903381642512,4.4455,0.0135,True,True,False,False,0.0,0.0,175.38378074264585,202.26852596045651,886.2996780059477,-1.0579086963510689,1262.894076012699
2025-03-14T23:30:00Z,2025-03-14T23:45:00Z,2025-03-15,2025-03-15_1,0.0,100,100,0,26.72212408695652,21.923298,0.013393961352657005,4.4255,0.0125,True,True,False,False,0.0,0.0,175.38378074264585,202.26852596045651,878.64510840299,-0.9795450892139528,1255.3178700168785
2025-03-14T23:45:00Z,2025-03-15T00:00:00Z,2025-03-15,2025-03-15_1,0.0,100,100,0,21.923298,15.08416756521739,0.018997584541062804,6.292000000000001,0.0,True,True,False,False,0.0,0.0,175.38378074264585,202.26852596045651,1256.1344349782994,0.0,1633.7867416814017
2025-03-15T00:00:00Z,2025-03-15T00:15:00Z,2025-03-15,2025-03-15_2,-23.0,100,77,0,15.08416756521739,14.943169060869563,0.02369176140096618,5.1795,0.0,True,True,False,False,-593.055,0.0,175.38378074264585,155.4914804693779,999.3537610512781,0.0,737.1740222633018
2025-03-15T00:15:00Z,2025-03-15T00:30:00Z,2025-03-15,2025-03-15_2,-23.0,100,77,0,14.943169060869563,15.031804434782607,0.023311336183574873,4.9605,0.0,True,True,False,False,-593.055,0.0,175.38378074264585,155.4914804693779,958.4864527407169,0.0,696.3067139527407
2025-03-15T00:30:00Z,2025-03-15T00:45:00Z,2025-03-15,2025-03-15_2,-23.0,100,77,0,15.031804434782607,19.180405417391302,0.016687448381642513,1.1105,0.025025,True,True,False,False,-593.055,0.0,175.38378074264585,155.4914804693779,208.28613687510045,-1.9610492686063332,-55.85465118148207
2025-03-15T00:45:00Z,2025-03-15T01:00:00Z,2025-03-15,2025-03-15_2,-23.0,100,77,0,19.180405417391302,24.396816113043478,0.015045675845410628,0.1195,0.056209999999999996,True,True,False,False,-593.055,0.0,175.38378074264585,155.4914804693779,20.32419637116219,-3.740537865696833,-245.59608028251083
2025-03-15T01:00:00Z,2025-03-15T01:15:00Z,2025-03-15,2025-03-15_3,-43.0,100,57,0,24.396816113043478,17.37061051304348,0.03783901222222222,16.6635,0.0,True,True,False,False,-1032.0,0.0,175.38378074264585,114.58869152869312,15874.026173846647,0.0,15131.998646117985
2025-03-15T01:15:00Z,2025-03-15T01:30:00Z,2025-03-15,2025-03-15_3,-43.0,100,57,0,17.37061051304348,15.790766304347828,0.03450130835748792,11.2985,0.0,True,True,False,False,-1032.0,0.0,175.38378074264585,114.58869152869312,3485.004253938274,0.0,2742.976726209613
2025-03-15T01:30:00Z,2025-03-15T01:45:00Z,2025-03-15,2025-03-15_3,-43.0,100,57,0,15.790766304347828,16.192524600000002,0.03328691917874396,9.3465,0.0,True,True,False,False,-1032.0,0.0,175.38378074264585,114.58869152869312,3795.1563911549592,0.0,3053.1288634262983
2025-03-15T01:45:00Z,2025-03-15T02:00:00Z,2025-03-15,2025-03-15_3,-43.0,100,57,0,16.192524600000002,26.046574139130435,0.027584044613526572,0.0615,0.028785,True,True,False,False,-1032.0,0.0,175.38378074264585,114.58869152869312,10.424465017682046,-2.112621655481434,-733.7156843664604
2025-03-15T02:00:00Z,2025-03-15T02:15:00Z,2025-03-15,2025-03-15_4,-1.555578280748463e-14,100,100,0,26.046574139130435,26.02038370434783,0.0004918623188405896,0.0935,0.082,True,True,False,False,-3.496162185982171e-13,0.0,175.38378074264585,201.032792155602,15.923180758720465,-6.323843031666934,386.01591062530105
2025-03-15T02:15:00Z,2025-03-15T02:30:00Z,2025-03-15,2025-03-15_4,-1.555578280748463e-14,100,100,0,26.02038370434783,26.020648052173918,0.0002573768115942128,0.0425,0.0505,True,True,False,False,-3.496162185982171e-13,0.0,175.38378074264585,201.032792155602,7.185034560360071,-3.437598155441248,380.1640093031663
2025-03-15T02:30:00Z,2025-03-15T02:45:00Z,2025-03-15,2025-03-15_4,-1.555578280748463e-14,100,100,0,26.020648052173918,25.96297848695653,0.0005946376811594303,0.125,0.085,True,True,False,False,-3.496162185982171e-13,0.0,175.38378074264585,201.032792155602,21.26878717248031,-5.802366982800193,391.8829930879276
2025-03-15T02:45:00Z,2025-03-15T03:00:00Z,2025-03-15,2025-03-15_4,-1.555578280748463e-14,100,100,0,25.96297848695653,25.949282834782622,0.0003574879227053239,0.0655,0.0625,True,True,False,False,-3.496162185982171e-13,0.0,175.38378074264585,201.032792155602,11.108638382092911,-4.897725446069764,382.62748583427066
2025-03-15T03:00:00Z,2025-03-15T03:15:00Z,2025-03-15,2025-03-15_5,0.0,100,100,0,25.949282834782622,27.206002834782623,0.003490888888888889,0.0,1.366,True,True,False,False,0.0,0.0,175.38378074264585,200.73139366661306,0.0,-54.9658001125221,321.1493742967368
2025-03-15T03:15:00Z,2025-03-15T03:30:00Z,2025-03-15,2025-03-15_5,0.0,100,100,0,27.206002834782623,27.06909587826088,0.0005285193236714976,0.1505,0.029,True,True,False,False,0.0,0.0,175.38378074264585,200.73139366661306,25.848544345764346,-2.2725446069763704,399.6911741480469
2025-03-15T03:30:00Z,2025-03-15T03:45:00Z,2025-03-15,2025-03-15_5,0.0,100,100,0,27.06909587826088,27.016351530434793,0.0004301787439613526,0.0955,0.05550000000000001,True,True,False,False,0.0,0.0,175.38378074264585,200.73139366661306,16.192937630606014,-4.043365917858865,388.26474612200604
2025-03-15T03:45:00Z,2025-03-15T04:00:00Z,2025-03-15,2025-03-15_5,0.0,100,100,0,27.016351530434793,26.988527182608706,0.00042995652173913047,0.084,0.069,True,True,False,False,0.0,0.0,175.38378074264585,200.73139366661306,14.291274714676101,-5.107092509242888,385.2993566146921
2025-03-15T04:00:00Z,2025-03-15T04:15:00Z,2025-03-15,2025-03-15_6,0.0,100,100,0,26.988527182608706,25.402787182608705,0.004484055555555555,1.472,0.0155,True,True,False,False,0.0,0.0,175.38378074264585,201.032792155602,265.7449799067674,-1.2146359106253013,640.94691689439
2025-03-15T04:15:00Z,2025-03-15T04:30:00Z,2025-03-15,2025-03-15_6,0.0,100,100,0,25.402787182608705,25.124673269565225,0.0011839830917874396,0.324,0.0805,True,True,False,False,0.0,0.0,175.38378074264585,201.032792155602,57.62093393345122,-4.835612743128115,429.20189408857095
2025-03-15T04:30:00Z,2025-03-15T04:45:00Z,2025-03-15,2025-03-15_6,0.0,100,100,0,25.124673269565225,24.91137500869566,0.00291293961352657,0.5805,0.45399999999999996,True,True,False,False,0.0,0.0,175.38378074264585,201.032792155602,104.41336672158819,-18.497799791030378,462.3321398288057
2025-03-15T04:45:00Z,2025-03-15T05:00:00Z,2025-03-15,2025-03-15_6,0.0,100,100,0,24.91137500869566,29.64523500869566,0.01314961111111111,0.0,5.1455,True,True,False,False,0.0,0.0,175.38378074264585,201.032792155602,0.0,-202.66247769651181,173.75409520173605
2025-03-15T05:00:00Z,2025-03-15T05:15:00Z,2025-03-15,2025-03-15_7,38.00000000000001,62,100,0,29.64523500869566,19.562285895652185,0.029076107536231886,0.08122,0.337,True,True,False,False,921.5950000000003,0.0,121.74389165728982,190.272866098698,13.825727049509725,-17.063909138402188,1230.3735756670956
2025-03-15T05:15:00Z,2025-03-15T05:30:00Z,2025-03-15,2025-03-15_7,38.00000000000001,62,100,0,19.562285895652185,11.525261600000007,0.02976720304347826,0.01891,2.3485,True,True,False,False,921.5950000000003,0.0,121.74389165728982,190.272866098698,3.211869275438033,-101.94890974119917,1134.874717290227
2025-03-15T05:30:00Z,2025-03-15T05:45:00Z,2025-03-15,2025-03-15_7,38.00000000000001,62,100,0,11.525261600000007,13.862484591304353,0.034311911690821255,0.0,12.876499999999998,True,True,False,False,921.5950000000003,0.0,121.74389165728982,190.272866098698,0.0,4785.914172158817,6019.525929914805
2025-03-15T05:45:00Z,2025-03-15T06:00:00Z,2025-03-15,2025-03-15_7,38.00000000000001,62,100,0,13.862484591304353,16.068417878260874,0.034253558647343,0.0,12.743000000000002,True,True,False,False,921.5950000000003,0.0,121.74389165728982,190.272866098698,0.0,1375.7564844880246,2609.368242244013
2025-03-15T06:00:00Z,2025-03-15T06:15:00Z,2025-03-15,2025-03-15_8,11.997120239027899,88,100,0,16.068417878260874,14.433172667985612,0.012317011109292009,0.0,1.7285,True,True,False,False,298.18842354103845,0.0,166.69747628998553,190.272866098698,0.0,-81.41260006429833,573.7461658654237
2025-03-15T06:15:00Z,2025-03-15T06:30:00Z,2025-03-15,2025-03-15_8,11.997120239027899,88,100,0,14.433172667985612,11.21672282709213,0.009294416888615644,0.02904,0.08,True,True,False,False,298.18842354103845,0.0,166.69747628998553,190.272866098698,4.905442308310562,-5.919064459090179,654.1451437789424
2025-03-15T06:30:00Z,2025-03-15T06:45:00Z,2025-03-15,2025-03-15_8,11.997120239027899,88,100,0,11.21672282709213,11.12856905393349,0.01547709448797898,0.01056,3.3865,True,True,False,False,298.18842354103845,0.0,166.69747628998553,190.272866098698,1.7831457964957402,-162.34214696190324,494.59976476431444
2025-03-15T06:45:00Z,2025-03-15T07:00:00Z,2025-03-15,2025-03-15_8,11.997120239027899,88,100,0,11.12856905393349,9.999999999999936,0.01333395889811342,0.0,2.2675,True,True,False,False,298.18842354103845,0.0,166.69747628998553,190.272866098698,0.0,-111.60630626105129,543.5524596686707
2025-03-15T07:00:00Z,2025-03-15T07:15:00Z,2025-03-15,2025-03-15_9,-100.0,100,0,0,9.999999999999936,20.294339999999934,0.02859538888888889,13.810500000000001,0.0,True,True,False,False,-622.5,0.0,175.38378074264585,0.0,8753.919511834914,0.0,8306.80329257756
2025-03-15T07:15:00Z,2025-03-15T07:30:00Z,2025-03-15,2025-03-15_9,-100.0,100,0,0,20.294339999999934,31.780539999999935,0.031906111111111114,12.515,0.0,True,True,False,False,-622.5,0.0,175.38378074264585,0.0,7285.156822657129,0.0,6838.040603399775
2025-03-15T07:30:00Z,2025-03-15T07:45:00Z,2025-03-15,2025-03-15_9,-100.0,100,0,0,31.780539999999935,48.55627999999993,0.046599277777777774,6.7655,0.0,True,True,False,False,-622.5,0.0,175.38378074264585,0.0,1100.523417758399,0.0,653.407198501045
2025-03-15T07:45:00Z,2025-03-15T08:00:00Z,2025-03-15,2025-03-15_9,-100.0,100,0,0,48.55627999999993,69.09803999999993,0.05706044444444444,2.672,0.0,True,True,False,False,-622.5,0.0,175.38378074264585,0.0,333.99570487059964,0.0,-113.12051438675451
2025-03-15T08:00:00Z,2025-03-15T08:15:00Z,2025-03-15,2025-03-15_10,-100.0,0,0,0,69.09803999999993,92.09803999999993,0.06388888888888888,0.0,0.0,True,False,False,False,-375.5,0.0,0.0,0.0,0.0,0.0,-375.5
2025-03-15T08:15:00Z,2025-03-15T08:30:00Z,2025-03-15,2025-03-15_10,-100.0,0,0,0,92.09803999999993,115.09803999999993,0.06388888888888888,0.0,0.0,True,False,False,False,-375.5,0.0,0.0,0.0,0.0,0.0,-375.5
2025-03-15T08:30:00Z,2025-03-15T08:45:00Z,2025-03-15,2025-03-15_10,-100.0,0,0,0,115.09803999999993,138.0980399999999,0.06388888888888888,0.0,0.0,True,False,False,False,-375.5,0.0,0.0,0.0,0.0,0.0,-375.5
2025-03-15T08:45:00Z,2025-03-15T09:00:00Z,2025-03-15,2025-03-15_10,-100.0,0,0,0,138.0980399999999,161.0980399999999,0.06388888888888888,0.0,0.0,True,False,False,False,-375.5,0.0,0.0,0.0,0.0,0.0,-375.5
2025-03-15T09:00:00Z,2025-03-15T09:15:00Z,2025-03-15,2025-03-15_11,58.05019679999997,0,0,0,161.0980399999999,145.32352999999992,0.04381808333333331,0.0,0.0,True,False,False,False,725.6274599999997,0.0,0.0,0.0,0.0,0.0,725.6274599999997
2025-03-15T09:15:00Z,2025-03-15T09:30:00Z,2025-03-15,2025-03-15_11,58.05019679999997,0,0,0,145.32352999999992,129.54901999999993,0.04381808333333331,0.0,0.0,True,False,False,False,725.6274599999997,0.0,0.0,0.0,0.0,0.0,725.6274599999997
2025-03-15T09:30:00Z,2025-03-15T09:45:00Z,2025-03-15,2025-03-15_11,58.05019679999997,0,0,0,129.54901999999993,113.77450999999994,0.04381808333333331,0.0,0.0,True,False,False,False,725.6274599999997,0.0,0.0,0.0,0.0,0.0,725.6274599999997
2025-03-15T09:45:00Z,2025-03-15T10:00:00Z,2025-03-15,2025-03-15_11,58.05019679999997,0,0,0,113.77450999999994,97.99999999999994,0.04381808333333331,0.0,0.0,True,False,False,False,725.6274599999997,0.0,0.0,0.0,0.0,0.0,725.6274599999997
2025-03-15T10:00:00Z,2025-03-15T10:15:00Z,2025-03-15,2025-03-15_12,-100.0,0,0,0,97.99999999999994,120.99999999999994,0.06388888888888888,0.0,0.0,True,False,False,False,-37.5,0.0,0.0,0.0,0.0,0.0,-37.5
2025-03-15T10:15:00Z,2025-03-15T10:30:00Z,2025-03-15,2025-03-15_12,-100.0,0,0,0,120.99999999999994,143.99999999999994,0.06388888888888888,0.0,0.0,True,False,False,False,-37.5,0.0,0.0,0.0,0.0,0.0,-37.5
2025-03-15T10:30:00Z,2025-03-15T10:45:00Z,2025-03-15,2025-03-15_12,-100.0,0,0,0,143.99999999999994,166.99999999999994,0.06388888888888888,0.0,0.0,True,False,False,False,-37.5,0.0,0.0,0.0,0.0,0.0,-37.5
2025-03-15T10:45:00Z,2025-03-15T11:00:00Z,2025-03-15,2025-03-15_12,-100.0,0,0,0,166.99999999999994,189.99999999999994,0.06388888888888888,0.0,0.0,True,False,False,False,-37.5,0.0,0.0,0.0,0.0,0.0,-37.5
2025-03-15T11:00:00Z,2025-03-15T11:15:00Z,2025-03-15,2025-03-15_13,0.0,0,0,0,189.99999999999994,189.99999999999994,0.0,0.0,0.0,True,False,False,False,0.0,0.0,0.0,0.0,0.0,0.0,0.0
2025-03-15T11:15:00Z,2025-03-15T11:30:00Z,2025-03-15,2025-03-15_13,0.0,0,0,0,189.99999999999994,189.99999999999994,0.0,0.0,0.0,True,False,False,False,0.0,0.0,0.0,0.0,0.0,0.0,0.0
2025-03-15T11:30:00Z,2025-03-15T11:45:00Z,2025-03-15,2025-03-15_13,0.0,0,0,0,189.99999999999994,189.99999999999994,0.0,0.0,0.0,True,False,False,False,0.0,0.0,0.0,0.0,0.0,0.0,0.0
2025-03-15T11:45:00Z,2025-03-15T12:00:00Z,2025-03-15,2025-03-15_13,0.0,0,0,0,189.99999999999994,189.99999999999994,0.0,0.0,0.0,True,False,False,False,0.0,0.0,0.0,0.0,0.0,0.0,0.0
2025-03-15T12:00:00Z,2025-03-15T12:15:00Z,2025-03-15,2025-03-15_14,0.0,0,0,0,189.99999999999994,189.99999999999994,0.0,0.0,0.0,True,False,False,False,0.0,0.0,0.0,0.0,0.0,0.0,0.0
2025-03-15T12:15:00Z,2025-03-15T12:30:00Z,2025-03-15,2025-03-15_14,0.0,0,0,0,189.99999999999994,189.99999999999994,0.0,0.0,0.0,True,False,False,False,0.0,0.0,0.0,0.0,0.0,0.0,0.0
2025-03-15T12:30:00Z,2025-03-15T12:45:00Z,2025-03-15,2025-03-15_14,0.0,0,0,0,189.99999999999994,189.99999999999994,0.0,0.0,0.0,True,False,False,False,0.0,0.0,0.0,0.0,0.0,0.0,0.0
2025-03-15T12:45:00Z,2025-03-15T13:00:00Z,2025-03-15,2025-03-15_14,0.0,0,0,0,189.99999999999994,189.99999999999994,0.0,0.0,0.0,True,False,False,False,0.0,0.0,0.0,0.0,0.0,0.0,0.0
2025-03-15T13:00:00Z,2025-03-15T13:15:00Z,2025-03-15,2025-03-15_15,3.5566033259391734,0,0,0,189.99999999999994,189.03353170490777,0.002684634153033796,0.0,0.0,True,False,False,False,48.46761182423608,0.0,0.0,0.0,0.0,0.0,48.46761182423608
2025-03-15T13:15:00Z,2025-03-15T13:30:00Z,2025-03-15,2025-03-15_15,3.5566033259391734,0,0,0,189.03353170490777,188.0670634098156,0.002684634153033796,0.0,0.0,True,False,False,False,48.46761182423608,0.0,0.0,0.0,0.0,0.0,48.46761182423608
2025-03-15T13:30:00Z,2025-03-15T13:45:00Z,2025-03-15,2025-03-15_15,3.5566033259391734,0,0,0,188.0670634098156,187.10059511472343,0.002684634153033796,0.0,0.0,True,False,False,False,48.46761182423608,0.0,0.0,0.0,0.0,0.0,48.46761182423608
2025-03-15T13:45:00Z,2025-03-15T14:00:00Z,2025-03-15,2025-03-15_15,3.5566033259391734,0,0,0,187.10059511472343,186.13412681963126,0.002684634153033796,0.0,0.0,True,False,False,False,48.46761182423608,0.0,0.0,0.0,0.0,0.0,48.46761182423608
2025-03-15T14:00:00Z,2025-03-15T14:15:00Z,2025-03-15,2025-03-15_16,1.0,99,100,0,186.13412681963126,186.54747067180517,0.020250562632850244,2.955645,4.229,True,True,False,False,18.145,0.0,173.98800434013825,201.63558913357983,575.6547422199003,-127.3815451695869,842.0417905240315
2025-03-15T14:15:00Z,2025-03-15T14:30:00Z,2025-03-15,2025-03-15_16,1.0,99,100,0,186.54747067180517,187.8190672283269,0.004940757342995169,0.0,1.6744999999999999,True,True,False,False,18.145,0.0,173.98800434013825,201.63558913357983,0.0,-70.76687057948882,323.00172289422926
2025-03-15T14:30:00Z,2025-03-15T14:45:00Z,2025-03-15,2025-03-15_16,1.0,99,100,0,187.8190672283269,187.55411748050082,0.0011129415217391305,0.056924999999999996,0.0745,True,True,False,False,18.145,0.0,173.98800434013825,201.63558913357983,9.279022062369394,-5.736011995659862,397.3116035404276
2025-03-15T14:45:00Z,2025-03-15T15:00:00Z,2025-03-15,2025-03-15_16,1.0,99,100,0,187.55411748050082,187.3067903587617,0.001473849782608696,0.109395,0.1555,True,True,False,False,18.145,0.0,173.98800434013825,201.63558913357983,17.831859789422925,-7.483734327278572,404.1167189358624
2025-03-15T15:00:00Z,2025-03-15T15:15:00Z,2025-03-15,2025-03-15_17,7.827399749537142,92,100,0,187.3067903587617,188.12320465071852,0.012694458306999532,0.0184,3.176,True,True,False,False,169.83500606558215,0.0,161.35307828323417,201.63558913357983,3.13722070406687,-124.9595949204308,411.0012992660322
2025-03-15T15:15:00Z,2025-03-15T15:30:00Z,2025-03-15,2025-03-15_17,7.827399749537142,92,100,0,188.12320465071852,186.1761716694532,0.006395388668641087,0.01426,0.20950000000000002,True,True,False,False,169.83500606558215,0.0,161.35307828323417,201.63558913357983,2.406847773669828,-14.04615666693458,521.1843645891314
2025-03-15T15:30:00Z,2025-03-15T15:45:00Z,2025-03-15,2025-03-15_17,7.827399749537142,92,100,0,186.1761716694532,184.74077890586966,0.007814925381466574,0.06118,0.8125,True,True,False,False,169.83500606558215,0.0,161.35307828323417,201.63558913357983,10.425149200289344,-35.090243730911425,508.1585789517741
2025-03-15T15:45:00Z,2025-03-15T16:00:00Z,2025-03-15,2025-03-15_17,7.827399749537142,92,100,0,184.74077890586966,188.4006580381333,0.01905156404443998,0.0,6.202,True,True,False,False,169.83500606558215,0.0,161.35307828323417,201.63558913357983,0.0,-230.05771178267162,302.7659616997245
2025-03-15T16:00:00Z,2025-03-15T16:15:00Z,2025-03-15,2025-03-15_18,99.99999999999972,0,0,0,188.4006580381333,161.2267449946551,0.0754830917874394,0.0,0.0,True,False,False,False,3312.249999999991,0.0,0.0,0.0,0.0,0.0,3312.249999999991
2025-03-15T16:15:00Z,2025-03-15T16:30:00Z,2025-03-15,2025-03-15_18,99.99999999999972,0,0,0,161.2267449946551,134.0528319511769,0.0754830917874394,0.0,0.0,True,False,False,False,3312.249999999991,0.0,0.0,0.0,0.0,0.0,3312.249999999991
2025-03-15T16:30:00Z,2025-03-15T16:45:00Z,2025-03-15,2025-03-15_18,99.99999999999972,0,0,0,134.0528319511769,106.87891890769872,0.0754830917874394,0.0,0.0,True,False,False,False,3312.249999999991,0.0,0.0,0.0,0.0,0.0,3312.249999999991
2025-03-15T16:45:00Z,2025-03-15T17:00:00Z,2025-03-15,2025-03-15_18,99.99999999999972,0,0,0,106.87891890769872,79.70500586422054,0.0754830917874394,0.0,0.0,True,False,False,False,3312.249999999991,0.0,0.0,0.0,0.0,0.0,3312.249999999991
2025-03-15T17:00:00Z,2025-03-15T17:15:00Z,2025-03-15,2025-03-15_19,0.0,100,100,0,79.70500586422054,78.97328760335098,0.0030701062801932366,0.845,0.203,True,True,False,False,0.0,0.0,196.36111557627393,189.88104806301237,171.59096206397686,-14.43568698762257,543.3974387156406
2025-03-15T17:15:00Z,2025-03-15T17:30:00Z,2025-03-15,2025-03-15_19,0.0,100,100,0,78.97328760335098,66.03959195117707,0.03592693236714976,11.899,0.0,True,True,False,False,0.0,0.0,196.36111557627393,189.88104806301237,2798.78739290307,0.0,3185.0295565423567
2025-03-15T17:30:00Z,2025-03-15T17:45:00Z,2025-03-15,2025-03-15_19,0.0,100,100,0,66.03959195117707,45.89393977726403,0.05596014492753623,18.534,0.0,True,True,False,False,0.0,0.0,196.36111557627393,189.88104806301237,9750.921816428227,0.0,10137.163980067513
2025-03-15T17:45:00Z,2025-03-15T18:00:00Z,2025-03-15,2025-03-15_19,0.0,100,100,0,45.89393977726403,33.708070212046636,0.03384963768115942,11.211,0.0,True,True,False,False,0.0,0.0,196.36111557627393,189.88104806301237,4731.738970623694,0.0,5117.98113426298
2025-03-15T18:00:00Z,2025-03-15T18:15:00Z,2025-03-15,2025-03-15_20,0.0,100,100,0,33.708070212046636,29.021030212046632,0.013022111111111111,4.3125,0.0005,True,True,False,False,0.0,0.0,196.36111557627393,189.88104806301237,930.5088736738467,-0.03918180356855811,1316.7118555095644
2025-03-15T18:15:00Z,2025-03-15T18:30:00Z,2025-03-15,2025-03-15_20,0.0,100,100,0,29.021030212046632,24.218312820742284,0.013340881642512077,4.4185,0.0,True,True,False,False,0.0,0.0,196.36111557627393,189.88104806301237,916.8573942091305,0.0,1303.0995578484167
2025-03-15T18:30:00Z,2025-03-15T18:45:00Z,2025-03-15,2025-03-15_20,0.0,100,100,0,24.218312820742284,23.635139777264026,0.004415702898550725,0.9995,0.547,True,True,False,False,0.0,0.0,196.36111557627393,189.88104806301237,199.10530833065425,-38.997600466163,546.3498715037775
2025-03-15T18:45:00Z,2025-03-15T19:00:00Z,2025-03-15,2025-03-15_20,0.0,100,100,0,23.635139777264026,26.848825864220547,0.00893898309178744,0.002,3.4955,True,True,False,False,0.0,0.0,196.36111557627393,189.88104806301237,0.33756630766757756,-160.45249638321815,226.12723356373573
2025-03-15T19:00:00Z,2025-03-15T19:15:00Z,2025-03-15,2025-03-15_21,27.371410231670037,72,100,0,26.848825864220547,26.095023809582845,0.02778738800482563,0.0,6.9215,True,True,False,False,831.1328716846606,0.0,136.38884423726088,189.88104806301237,0.0,159.20785122970582,1316.6106152146397
2025-03-15T19:15:00Z,2025-03-15T19:30:00Z,2025-03-15,2025-03-15_21,27.371410231670037,72,100,0,26.095023809582845,26.705270680639305,0.029241743900338773,0.0,8.334,True,True,False,False,831.1328716846606,0.0,136.38884423726088,189.88104806301237,0.0,-381.41178628837804,775.9909776965558
2025-03-15T19:30:00Z,2025-03-15T19:45:00Z,2025-03-15,2025-03-15_21,27.371410231670037,72,100,0,26.705270680639305,24.232525555038336,0.02595464216835597,0.0,5.1415,True,True,False,False,831.1328716846606,0.0,136.38884423726088,189.88104806301237,0.0,-314.7453814700209,842.6573825149129
2025-03-15T19:45:00Z,2025-03-15T20:00:00Z,2025-03-15,2025-03-15_21,27.371410231670037,72,100,0,24.232525555038336,30.633582608696614,0.03541593514100749,0.0,14.3305,True,True,False,False,831.1328716846606,0.0,136.38884423726088,189.88104806301237,0.0,3668.1536211019134,4825.5563850868475
2025-03-15T20:00:00Z,2025-03-15T20:15:00Z,2025-03-15,2025-03-15_22,0.0,100,100,0,30.633582608696614,30.937188695653134,0.004952649758454106,0.6805,1.134,True,True,False,False,0.0,0.0,175.38378074264585,201.032792155602,118.82278210898569,-59.20916412152386,436.0301908857097
2025-03-15T20:15:00Z,2025-03-15T20:30:00Z,2025-03-15,2025-03-15_22,0.0,100,100,0,30.937188695653134,30.80080347826183,0.0009104033816425119,0.21349999999999997,0.104,True,True,False,False,0.0,0.0,175.38378074264585,201.032792155602,36.31550574666451,-6.414259765311043,406.31781887960136
2025-03-15T20:30:00Z,2025-03-15T20:45:00Z,2025-03-15,2025-03-15_22,0.0,100,100,0,30.80080347826183,30.809482608696612,0.0004588913043478261,0.072,0.0945,True,True,False,False,0.0,0.0,175.38378074264585,201.032792155602,12.213872367786529,-7.103962686867064,381.52648257916735
2025-03-15T20:45:00Z,2025-03-15T21:00:00Z,2025-03-15,2025-03-15_22,0.0,100,100,0,30.809482608696612,30.68596000000096,0.0006140072463768116,0.1585,0.053,True,True,False,False,0.0,0.0,175.38378074264585,201.032792155602,26.95646519852114,-3.590662674811124,399.7823754219579
2025-03-15T21:00:00Z,2025-03-15T21:15:00Z,2025-03-15,2025-03-15_23,0.0,100,100,0,30.68596000000096,15.219655652174875,0.04296195652173913,14.229,0.0,True,True,False,False,0.0,0.0,175.38378074264585,201.63558913357983,12699.982903873975,0.0,13077.0022737502
2025-03-15T21:15:00Z,2025-03-15T21:30:00Z,2025-03-15,2025-03-15_23,0.0,100,100,0,15.219655652174875,14.517945217392267,0.002018195652173913,0.657,0.0135,True,True,False,False,0.0,0.0,175.38378074264585,201.63558913357983,115.22595583507474,-1.0579086963510689,491.18741701494935
2025-03-15T21:30:00Z,2025-03-15T21:45:00Z,2025-03-15,2025-03-15_23,0.0,100,100,0,14.517945217392267,10.181532173914007,0.012045591787439611,3.9895,0.0,True,True,False,False,0.0,0.0,175.38378074264585,201.63558913357983,774.2626453745379,0.0,1151.2820152507636
2025-03-15T21:45:00Z,2025-03-15T22:00:00Z,2025-03-15,2025-03-15_23,0.0,100,100,0,10.181532173914007,10.000000000000965,0.005096589371980677,0.9275,0.8985,True,True,False,False,0.0,0.0,175.38378074264585,201.63558913357983,170.7425223034882,-49.45866259443819,498.3032295852757
2025-03-15T22:00:00Z,2025-03-15T22:15:00Z,2025-03-16,2025-03-15_24,3.000000000000004,97,100,0,10.000000000000965,10.065594713044442,0.0045499913526570075,0.00194,0.9545,True,True,False,False,71.4375000000001,0.0,170.8531586561646,201.3341906445909,0.32743931843755025,-49.30515702861277,394.6471315905804
2025-03-15T22:15:00Z,2025-03-15T22:30:00Z,2025-03-16,2025-03-15_24,3.000000000000004,97,100,0,10.065594713044442,14.318962469566179,0.015351232898550728,0.0,5.4795,True,True,False,False,71.4375000000001,0.0,170.8531586561646,201.3341906445909,0.0,-225.4865777206237,218.1382715801319
2025-03-15T22:30:00Z,2025-03-15T22:45:00Z,2025-03-16,2025-03-15_24,3.000000000000004,97,100,0,14.318962469566179,17.063715530435744,0.011473045942028989,0.0029100000000000003,3.852,True,True,False,False,71.4375000000001,0.0,170.8531586561646,201.3341906445909,0.49115897765632544,-159.39267641858223,284.72333185982967
2025-03-15T22:45:00Z,2025-03-15T23:00:00Z,2025-03-16,2025-03-15_24,3.000000000000004,97,100,0,17.063715530435744,19.35745236521835,0.010291599903381646,0.0,3.361,True,True,False,False,71.4375000000001,0.0,170.8531586561646,201.3341906445909,0.0,-148.01758097572738,295.6072683250282
2025-03-15T23:00:00Z,2025-03-15T23:15:00Z,2025-03-16,2025-03-16_1,0.0,100,100,0,19.35745236521835,20.419801930435742,0.0029600289855072465,0.0015,1.1565,True,True,False,False,0.0,0.0,175.74545892943257,201.3341906445909,0.2531747307506832,-51.73785213390131,325.59497217087284
2025-03-15T23:15:00Z,2025-03-15T23:30:00Z,2025-03-16,2025-03-16_1,0.0,100,100,0,20.419801930435742,19.578334104348784,0.002408966183574879,0.786,0.014000000000000002,True,True,False,False,0.0,0.0,175.74545892943257,201.3341906445909,137.37248352354928,-1.1160786047259286,513.3360544928469
2025-03-15T23:30:00Z,2025-03-15T23:45:00Z,2025-03-16,2025-03-16_1,0.0,100,100,0,19.578334104348784,19.713581060870524,0.0005085362318840579,0.022,0.173,True,True,False,False,0.0,0.0,175.74545892943257,201.3341906445909,3.736737662755184,-12.473881208808871,368.34250602796976
2025-03-15T23:45:00Z,2025-03-16T00:00:00Z,2025-03-16,2025-03-16_1,0.0,100,100,0,19.713581060870524,19.800041060870527,0.0006568333333333333,0.069,0.1755,True,True,False,False,0.0,0.0,175.74545892943257,201.3341906445909,11.727421234528212,-13.871263562932004,374.9358072456197
2025-03-16T00:00:00Z,2025-03-16T00:15:00Z,2025-03-16,2025-03-16_2,0.0,100,100,0,19.800041060870527,19.80833671304444,0.00032195652173913045,0.0495,0.0675,True,True,False,False,0.0,0.0,175.74545892943257,201.032792155602,8.371943116058512,-5.150102977817072,380.000091223276
2025-03-16T00:15:00Z,2025-03-16T00:30:00Z,2025-03-16,2025-03-16_2,0.0,100,100,0,19.80833671304444,19.67974714782705,0.0004670821256038647,0.1365,0.0215,True,True,False,False,0.0,0.0,175.74545892943257,201.032792155602,23.1790538096769,-1.7236979585275678,398.2336069361839
2025-03-16T00:30:00Z,2025-03-16T00:45:00Z,2025-03-16,2025-03-16_2,0.0,100,100,0,19.67974714782705,19.55175410434879,0.0006800917874396136,0.1715,0.0635,True,True,False,False,0.0,0.0,175.74545892943257,201.032792155602,29.143421475647003,-4.64535776000643,401.27631480067515
2025-03-16T00:45:00Z,2025-03-16T01:00:00Z,2025-03-16,2025-03-16_2,0.0,100,100,0,19.55175410434879,19.948696713044445,0.0011871594202898553,0.014000000000000002,0.44800000000000006,True,True,False,False,0.0,0.0,175.74545892943257,201.032792155602,2.3846640411509408,-22.895367304291916,356.26754782189363
2025-03-16T01:00:00Z,2025-03-16T01:15:00Z,2025-03-16,2025-03-16_3,0.0,100,100,0,19.948696713044445,20.839089756522707,0.0024793526570048305,0.001,0.9689999999999999,True,True,False,False,0.0,0.0,175.74545892943257,201.032792155602,0.16878315383378878,-49.22238848255906,327.7246457563093
2025-03-16T01:15:00Z,2025-03-16T01:30:00Z,2025-03-16,2025-03-16_3,0.0,100,100,0,20.839089756522707,24.29644975652271,0.009603777777777777,0.0,3.758,True,True,False,False,0.0,0.0,175.74545892943257,201.032792155602,0.0,-137.3329717891014,239.44527929593318
2025-03-16T01:30:00Z,2025-03-16T01:45:00Z,2025-03-16,2025-03-16_3,0.0,100,100,0,24.29644975652271,25.69343236521836,0.003965048309178744,0.014000000000000002,1.535,True,True,False,False,0.0,0.0,175.74545892943257,201.032792155602,2.3773613566950655,-66.21090861597813,312.9447038257515
2025-03-16T01:45:00Z,2025-03-16T02:00:00Z,2025-03-16,2025-03-16_3,0.0,100,100,0,25.69343236521836,38.61069236521836,0.03588127777777778,0.0,14.0405,True,True,False,False,0.0,0.0,175.74545892943257,201.032792155602,0.0,16450.673926117182,16827.452177202216
2025-03-16T02:00:00Z,2025-03-16T02:15:00Z,2025-03-16,2025-03-16_4,0.0,100,100,0,38.61069236521836,53.17659236521836,0.040460833333333335,0.0,15.8325,True,True,False,False,0.0,0.0,175.74545892943257,201.63558913357983,0.0,4194.896716263463,4572.277764326475
2025-03-16T02:15:00Z,2025-03-16T02:30:00Z,2025-03-16,2025-03-16_4,0.0,100,100,0,53.17659236521836,62.91985236521836,0.027064611111111116,0.0,10.5905,True,True,False,False,0.0,0.0,175.74545892943257,201.63558913357983,0.0,-275.5789908173927,101.8020572456197
2025-03-16T02:30:00Z,2025-03-16T02:45:00Z,2025-03-16,2025-03-16_4,0.0,100,100,0,62.91985236521836,66.02163236521837,0.008616055555555556,0.0,3.3715,True,True,False,False,0.0,0.0,175.74545892943257,201.63558913357983,0.0,225.25194191046458,602.6329899734769
2025-03-16T02:45:00Z,2025-03-16T03:00:00Z,2025-03-16,2025-03-16_4,0.0,100,100,0,66.02163236521837,73.49065236521837,0.020747277777777778,0.0,8.1185,True,True,False,False,0.0,0.0,175.74545892943257,201.63558913357983,0.0,-68.6764286288378,308.7046194341746
2025-03-16T03:00:00Z,2025-03-16T03:15:00Z,2025-03-16,2025-03-16_5,0.0,100,100,0,73.49065236521837,74.7741784521749,0.003577427536231884,0.002,1.3975,True,True,False,False,0.0,0.0,175.74545892943257,201.032792155602,0.3372086481273107,-57.10997980630124,320.00547992686063
2025-03-16T03:15:00Z,2025-03-16T03:30:00Z,2025-03-16,2025-03-16_5,0.0,100,100,0,74.7741784521749,76.02859845217489,0.0034845,0.0,1.3635,True,True,False,False,0.0,0.0,175.74545892943257,201.032792155602,0.0,-52.89836441086642,323.8798866741682
2025-03-16T03:30:00Z,2025-03-16T03:45:00Z,2025-03-16,2025-03-16_5,0.0,100,100,0,76.02859845217489,77.67677845217489,0.004578277777777778,0.0,1.7915,True,True,False,False,0.0,0.0,175.74545892943257,201.032792155602,0.0,-69.09773167497188,307.6805194100627
2025-03-16T03:45:00Z,2025-03-16T04:00:00Z,2025-03-16,2025-03-16_5,0.0,100,100,0,77.67677845217489,81.32917845217489,0.010145555555555555,0.0,3.9699999999999998,True,True,False,False,0.0,0.0,175.74545892943257,201.032792155602,0.0,-145.84293722874136,230.93531385629322
2025-03-16T04:00:00Z,2025-03-16T04:15:00Z,2025-03-16,2025-03-16_6,0.0,100,100,0,81.32917845217489,81.73761758260966,0.0011526690821256039,0.003,0.4475,True,True,False,False,0.0,0.0,175.74545892943257,201.032792155602,0.5063494615013664,-23.473878295290145,353.8107222512458
2025-03-16T04:15:00Z,2025-03-16T04:30:00Z,2025-03-16,2025-03-16_6,0.0,100,100,0,81.73761758260966,81.99362975652271,0.0007352995169082125,0.004,0.283,True,True,False,False,0.0,0.0,175.74545892943257,201.032792155602,0.6751326153351551,-17.84683250281305,359.6065511975567
2025-03-16T04:30:00Z,2025-03-16T04:45:00Z,2025-03-16,2025-03-16_6,0.0,100,100,0,81.99362975652271,93.2618341043488,0.031348876811594206,0.008,12.2575,True,True,False,False,0.0,0.0,175.74545892943257,201.032792155602,1.3503809676900822,15478.699476571292,15856.828108624017
2025-03-16T04:45:00Z,2025-03-16T05:00:00Z,2025-03-16,2025-03-16_6,0.0,100,100,0,93.2618341043488,111.84675410434879,0.051624777777777776,0.0,20.201,True,True,False,False,0.0,0.0,175.74545892943257,201.032792155602,0.0,14056.9337170471,14433.711968132135
2025-03-16T05:00:00Z,2025-03-16T05:15:00Z,2025-03-16,2025-03-16_7,93.2751264160009,0,0,0,111.84675410434879,86.50025236087029,0.07040694928744029,0.0,0.0,True,False,False,False,1985.3610657645793,0.0,0.0,0.0,0.0,0.0,1985.3610657645793
2025-03-16T05:15:00Z,2025-03-16T05:30:00Z,2025-03-16,2025-03-16_7,93.2751264160009,0,0,0,86.50025236087029,61.153750617391786,0.07040694928744029,0.0,0.0,True,False,False,False,1985.3610657645793,0.0,0.0,0.0,0.0,0.0,1985.3610657645793
2025-03-16T05:30:00Z,2025-03-16T05:45:00Z,2025-03-16,2025-03-16_7,93.2751264160009,0,0,0,61.153750617391786,35.80724887391328,0.07040694928744029,0.0,0.0,True,False,False,False,1985.3610657645793,0.0,0.0,0.0,0.0,0.0,1985.3610657645793
2025-03-16T05:45:00Z,2025-03-16T06:00:00Z,2025-03-16,2025-03-16_7,93.2751264160009,0,0,0,35.80724887391328,10.460747130434775,0.07040694928744029,0.0,0.0,True,False,False,False,1985.3610657645793,0.0,0.0,0.0,0.0,0.0,1985.3610657645793
2025-03-16T06:00:00Z,2025-03-16T06:15:00Z,2025-03-16,2025-03-16_8,24.999999999999904,75,100,0,10.460747130434775,23.436778434782624,0.04275346859903386,0.0,20.556,True,True,False,False,512.937499999998,0.0,142.29776161388847,201.3341906445909,0.0,21722.910689599743,22579.48014185822
2025-03-16T06:15:00Z,2025-03-16T06:30:00Z,2025-03-16,2025-03-16_8,24.999999999999904,75,100,0,23.436778434782624,35.62129843478265,0.041797277777777815,0.0,19.733,True,True,False,False,512.937499999998,0.0,142.29776161388847,201.3341906445909,0.0,16854.820145274072,17711.38959753255
2025-03-16T06:30:00Z,2025-03-16T06:45:00Z,2025-03-16,2025-03-16_8,24.999999999999904,75,100,0,35.62129843478265,38.20862365217398,0.030203318840579692,0.0,9.754,True,True,False,False,512.937499999998,0.0,142.29776161388847,201.3341906445909,0.0,3433.1265592348495,4289.696011493327
2025-03-16T06:45:00Z,2025-03-16T07:00:00Z,2025-03-16,2025-03-16_8,24.999999999999904,75,100,0,38.20862365217398,31.746848000000103,0.019407960144927464,0.0315,0.3805,True,True,False,False,512.937499999998,0.0,142.29776161388847,201.3341906445909,5.353968312972191,-19.429139808712428,842.494280762737
2025-03-16T07:00:00Z,2025-03-16T07:15:00Z,2025-03-16,2025-03-16_9,0.0,100,100,0,31.746848000000103,22.92510886956532,0.024504830917874396,8.116,0.0,True,True,False,False,0.0,0.0,175.74545892943257,201.63558913357983,1416.630774795049,0.0,1794.0118228580616
2025-03-16T07:15:00Z,2025-03-16T07:30:00Z,2025-03-16,2025-03-16_9,0.0,100,100,0,22.92510886956532,21.474565391304452,0.0040292874396135265,1.3345,0.0,True,True,False,False,0.0,0.0,175.74545892943257,201.63558913357983,224.68874176177468,0.0,602.0697898247871
2025-03-16T07:30:00Z,2025-03-16T07:45:00Z,2025-03-16,2025-03-16_9,0.0,100,100,0,21.474565391304452,21.33807060869576,0.0004149299516908213,0.1315,0.007000000000000001,True,True,False,False,0.0,0.0,175.74545892943257,201.63558913357983,22.14055417135509,-0.5485452499598136,398.97305698440766
2025-03-16T07:45:00Z,2025-03-16T08:00:00Z,2025-03-16,2025-03-16_9,0.0,100,100,0,21.33807060869576,21.49414365217402,0.000578463768115942,0.024,0.198,True,True,False,False,0.0,0.0,175.74545892943257,201.63558913357983,4.040861597813857,-11.7485118951937,369.67339776563256
2025-03-16T08:00:00Z,2025-03-16T08:15:00Z,2025-03-16,2025-03-16_10,0.0,100,100,0,21.49414365217402,14.69414365217402,0.01888888888888889,6.256,0.0,True,True,False,False,0.0,0.0,175.74545892943257,201.032792155602,1033.1940877672403,0.0,1409.9723388522748
2025-03-16T08:15:00Z,2025-03-16T08:30:00Z,2025-03-16,2025-03-16_10,0.0,100,100,0,14.69414365217402,13.144109739130542,0.004456427536231884,1.451,0.029499999999999995,True,True,False,False,0.0,0.0,175.74545892943257,201.032792155602,228.4636935380164,-2.311726410544928,602.930218212506
2025-03-16T08:30:00Z,2025-03-16T08:45:00Z,2025-03-16,2025-03-16_10,0.0,100,100,0,13.144109739130542,13.029694956521846,0.0004762632850241546,0.1315,0.031,True,True,False,False,0.0,0.0,175.74545892943257,201.032792155602,20.705014266195146,-2.328805859186626,395.1544594920431
2025-03-16T08:45:00Z,2025-03-16T09:00:00Z,2025-03-16,2025-03-16_10,0.0,100,100,0,13.029694956521846,14.814354086956628,0.0054616135265700486,0.0835,2.0385,True,True,False,False,0.0,0.0,175.74545892943257,201.032792155602,13.147290427583991,-72.3620805537695,317.5634609588491
2025-03-16T09:00:00Z,2025-03-16T09:15:00Z,2025-03-16,2025-03-16_11,0.0,100,100,0,14.814354086956628,13.207352347826193,0.006475115942028986,1.8115000000000003,0.3935,True,True,False,False,0.0,0.0,175.74545892943257,201.032792155602,218.98664704227622,-15.369334512136312,580.3955636151745
2025-03-16T09:15:00Z,2025-03-16T09:30:00Z,2025-03-16,2025-03-16_11,0.0,100,100,0,13.207352347826193,10.088039304347932,0.008690314009661837,2.874,0.005,True,True,False,False,0.0,0.0,175.74545892943257,201.032792155602,347.42899453464076,-0.35565021700691213,723.8515954026684
2025-03-16T09:30:00Z,2025-03-16T09:45:00Z,2025-03-16,2025-03-16_11,0.0,100,100,0,10.088039304347932,11.992899304347931,0.0052912777777777776,0.0,2.0705,True,True,False,False,0.0,0.0,175.74545892943257,201.032792155602,0.0,-81.13133268365215,295.64691840138244
2025-03-16T09:45:00Z,2025-03-16T10:00:00Z,2025-03-16,2025-03-16_11,0.0,100,100,0,11.992899304347931,16.72813930434793,0.013153444444444445,0.0,5.147,True,True,False,False,0.0,0.0,175.74545892943257,201.032792155602,0.0,-179.71167075229067,197.0665803327439
2025-03-16T10:00:00Z,2025-03-16T10:15:00Z,2025-03-16,2025-03-16_12,-3.871420640160428e-14,100,100,0,16.72813930434793,18.320870608695763,0.004466524154589397,0.007000000000000001,1.7395,True,True,False,False,-1.0772227931246391e-13,0.0,175.74545892943257,201.032792155602,0.710844317633821,-67.7956913076676,309.6934040950007
2025-03-16T10:15:00Z,2025-03-16T10:30:00Z,2025-03-16,2025-03-16_12,-3.871420640160428e-14,100,100,0,18.320870608695763,20.788354956521857,0.006902432367149784,0.008,2.6915,True,True,False,False,-1.0772227931246391e-13,0.0,175.74545892943257,201.032792155602,0.8123935058672239,-103.83864109467932,273.75200349622236
2025-03-16T10:30:00Z,2025-03-16T10:45:00Z,2025-03-16,2025-03-16_12,-3.871420640160428e-14,100,100,0,20.788354956521857,28.44045495652187,0.021255833333333363,0.0,8.3175,True,True,False,False,-1.0772227931246391e-13,0.0,175.74545892943257,201.032792155602,0.0,32.265241721588175,409.0434928066226
2025-03-16T10:45:00Z,2025-03-16T11:00:00Z,2025-03-16,2025-03-16_12,-3.871420640160428e-14,100,100,0,28.44045495652187,33.08691495652188,0.012906833333333359,0.0,5.0505,True,True,False,False,-1.0772227931246391e-13,0.0,175.74545892943257,201.032792155602,0.0,-85.94009062047904,290.8381604645554
2025-03-16T11:00:00Z,2025-03-16T11:15:00Z,2025-03-16,2025-03-16_13,-41.99999999999858,100,58,0,33.08691495652188,41.91139459130416,0.02817421879226971,1.0455,0.24736999999999998,True,True,False,False,-73.39499999999752,0.0,175.74545892943257,116.59901945024914,101.83793501848578,-10.201378154637519,310.5860352435325
2025-03-16T11:15:00Z,2025-03-16T11:30:00Z,2025-03-16,2025-03-16_13,-41.99999999999858,100,58,0,41.91139459130416,52.246223669564706,0.028881228115941127,0.0495,0.78822,True,True,False,False,-73.39499999999752,0.0,175.74545892943257,116.59901945024914,4.821595201736056,-30.266837100144674,193.50423648127557
2025-03-16T11:30:00Z,2025-03-16T11:45:00Z,2025-03-16,2025-03-16_13,-41.99999999999858,100,58,0,52.246223669564706,62.69968686956438,0.029037397777776877,0.0,0.8624600000000001,True,True,False,False,-73.39499999999752,0.0,175.74545892943257,116.59901945024914,0.0,-18.68322517682045,200.26625320286374
2025-03-16T11:45:00Z,2025-03-16T12:00:00Z,2025-03-16,2025-03-16_13,-41.99999999999858,100,58,0,62.69968686956438,75.64266086956405,0.035952705555554645,0.0,3.56845,True,True,False,False,-73.39499999999752,0.0,175.74545892943257,116.59901945024914,0.0,-57.250936083427106,161.69854229625707
2025-03-16T12:00:00Z,2025-03-16T12:15:00Z,2025-03-16,2025-03-16_14,-100.0,100,0,0,75.64266086956405,98.64266086956407,0.0638888888888889,0.0,0.0,True,True,False,False,-111.25,0.0,175.74545892943257,0.0,0.0,0.0,64.49545892943257
2025-03-16T12:15:00Z,2025-03-16T12:30:00Z,2025-03-16,2025-03-16_14,-100.0,100,0,0,98.64266086956407,121.64266086956407,0.06388888888888888,0.0,0.0,True,True,False,False,-111.25,0.0,175.74545892943257,0.0,0.0,0.0,64.49545892943257
2025-03-16T12:30:00Z,2025-03-16T12:45:00Z,2025-03-16,2025-03-16_14,-100.0,100,0,0,121.64266086956407,144.63760086956407,0.06387483333333334,0.0055,0.0,True,True,False,False,-111.25,0.0,175.74545892943257,0.0,0.5217639848898891,0.0,65.01722291432246
2025-03-16T12:45:00Z,2025-03-16T13:00:00Z,2025-03-16,2025-03-16_14,-100.0,100,0,0,144.63760086956407,167.57136086956407,0.06370488888888888,0.072,0.0,True,True,False,False,-111.25,0.0,175.74545892943257,0.0,6.830364893104003,0.0,71.32582382253658
2025-03-16T13:00:00Z,2025-03-16T13:15:00Z,2025-03-16,2025-03-16_15,-1.2321711358742791e-12,100,100,0,167.57136086956407,171.34804608695566,0.010520985507247166,0.005,4.111,True,True,False,False,-2.618363663732843e-12,0.0,176.13727696511816,201.032792155602,0.490817392702138,-60.2714826796335,317.3894038337862
2025-03-16T13:15:00Z,2025-03-16T13:30:00Z,2025-03-16,2025-03-16_15,-1.2321711358742791e-12,100,100,0,171.34804608695566,173.84610173912986,0.007029623188406584,0.015,2.733,True,True,False,False,-2.618363663732843e-12,0.0,176.13727696511816,201.032792155602,1.4777326796334993,-96.73791994856133,281.90988185178975
2025-03-16T13:30:00Z,2025-03-16T13:45:00Z,2025-03-16,2025-03-16_15,-1.2321711358742791e-12,100,100,0,173.84610173912986,173.17367304347798,0.0022716352657012233,0.6855,0.079,True,True,False,False,-2.618363663732843e-12,0.0,176.13727696511816,201.032792155602,67.79408776724,-5.688387317151584,439.27576957080595
2025-03-16T13:45:00Z,2025-03-16T14:00:00Z,2025-03-16,2025-03-16_15,-1.2321711358742791e-12,100,100,0,173.17367304347798,172.27988000000002,0.002858425120773673,0.8844999999999998,0.0735,True,True,False,False,-2.618363663732843e-12,0.0,176.13727696511816,201.032792155602,87.47731303247065,-4.071889366661308,460.57549278652687
2025-03-16T14:00:00Z,2025-03-16T14:15:00Z,2025-03-16,2025-03-16_16,0.0,100,100,0,172.27988000000002,186.73768,0.04016055555555556,0.0,15.715000000000002,True,True,False,False,0.0,0.0,176.13727696511816,201.032792155602,0.0,7653.7967438916585,8030.966813012378
2025-03-16T14:15:00Z,2025-03-16T14:30:00Z,2025-03-16,2025-03-16_16,0.0,100,100,0,186.73768,189.8125,0.009582833333333332,0.1725,3.546,True,True,False,False,0.0,0.0,176.13727696511816,201.032792155602,20.694176981192733,-70.24739430959653,327.61685179231637
2025-03-16T14:30:00Z,2025-03-16T14:45:00Z,2025-03-16,2025-03-16_16,0.0,100,100,0,189.8125,180.67771739130436,0.0253743961352657,8.404,0.0,True,True,False,False,0.0,0.0,176.13727696511816,201.032792155602,1364.6452620157531,0.0,1741.8153311364733
2025-03-16T14:45:00Z,2025-03-16T15:00:00Z,2025-03-16,2025-03-16_16,0.0,100,100,0,180.67771739130436,160.9663043478261,0.05475392512077294,18.1345,0.0,True,True,False,False,0.0,0.0,176.13727696511816,201.032792155602,4083.4909132374214,0.0,4460.660982358141
2025-03-16T15:00:00Z,2025-03-16T15:15:00Z,2025-03-16,2025-03-16_17,-60.00000000000008,100,40,0,160.9663043478261,171.573811826087,0.037281723671497624,3.2359999999999998,0.0008,True,True,False,False,-1091.2500000000014,0.0,175.74545892943257,80.64217971387237,1181.9404171355086,-0.06269088570969297,347.01536489310246
2025-03-16T15:15:00Z,2025-03-16T15:30:00Z,2025-03-16,2025-03-16_17,-60.00000000000008,100,40,0,171.573811826087,179.618895652174,0.03643441159420293,5.832,0.0,True,True,False,False,-1091.2500000000014,0.0,175.74545892943257,80.64217971387237,1753.892440122167,0.0,919.0300787654706
2025-03-16T15:30:00Z,2025-03-16T15:45:00Z,2025-03-16,2025-03-16_17,-60.00000000000008,100,40,0,179.618895652174,172.97424017391316,0.03158730966183571,20.7185,0.0,True,True,False,False,-1091.2500000000014,0.0,175.74545892943257,80.64217971387237,18938.052821692654,0.0,18103.190460335958
2025-03-16T15:45:00Z,2025-03-16T16:00:00Z,2025-03-16,2025-03-16_17,-60.00000000000008,100,40,0,172.97424017391316,178.49217373913058,0.03560054009661837,8.393,0.0,True,True,False,False,-1091.2500000000014,0.0,175.74545892943257,80.64217971387237,4540.5931001848585,0.0,3705.730738828162
2025-03-16T16:00:00Z,2025-03-16T16:15:00Z,2025-03-16,2025-03-16_18,0.0,100,100,0,178.49217373913058,185.33167113043493,0.019955729468599036,0.1585,7.6215,True,True,False,False,0.0,0.0,189.73034881851794,201.60544928468093,30.598799529818358,-14.125686384825592,407.80891124819163
2025-03-16T16:15:00Z,2025-03-16T16:30:00Z,2025-03-16,2025-03-16_18,0.0,100,100,0,185.33167113043493,189.84432765217406,0.012815954106280194,0.0465,4.96,True,True,False,False,0.0,0.0,189.73034881851794,201.60544928468093,7.931600526442694,-76.61649252531748,322.65090610432406
2025-03-16T16:30:00Z,2025-03-16T16:45:00Z,2025-03-16,2025-03-16_18,0.0,100,100,0,189.84432765217406,179.59758852173928,0.028463164251207724,9.427,0.0,True,True,False,False,0.0,0.0,189.73034881851794,201.60544928468093,2044.9854263783957,0.0,2436.3212244815945
2025-03-16T16:45:00Z,2025-03-16T17:00:00Z,2025-03-16,2025-03-16_18,0.0,100,100,0,179.59758852173928,158.90030591304364,0.057492451690821254,19.0415,0.0,True,True,False,False,0.0,0.0,189.73034881851794,201.60544928468093,9100.867478198843,0.0,9492.203276302042
2025-03-16T17:00:00Z,2025-03-16T17:15:00Z,2025-03-16,2025-03-16_19,40.00000000000007,60,100,0,158.90030591304364,149.92721565217406,0.03441351739130439,1.0641,3.094,True,True,False,False,1379.4000000000024,0.0,117.9975084391577,189.88104806301237,225.8655307426459,-165.23941930557788,1747.9046679392404
2025-03-16T17:15:00Z,2025-03-16T17:30:00Z,2025-03-16,2025-03-16_19,40.00000000000007,60,100,0,149.92721565217406,140.64227304347838,0.030721173913043524,0.0015,1.6075,True,True,False,False,1379.4000000000024,0.0,117.9975084391577,189.88104806301237,0.2531747307506832,-112.72719719498473,1574.8045340379383
2025-03-16T17:30:00Z,2025-03-16T17:45:00Z,2025-03-16,2025-03-16_19,40.00000000000007,60,100,0,140.64227304347838,129.9880224347827,0.030334207246376862,0.020700000000000003,0.241,True,True,False,False,1379.4000000000024,0.0,117.9975084391577,189.88104806301237,3.522023810480631,-17.81263502652307,1672.98794528613
2025-03-16T17:45:00Z,2025-03-16T18:00:00Z,2025-03-16,2025-03-16_19,40.00000000000007,60,100,0,129.9880224347827,119.31133147826093,0.030418008212560438,0.0477,0.248,True,True,False,False,1379.4000000000024,0.0,117.9975084391577,189.88104806301237,8.114971126024754,-17.915119755666293,1677.4784078725309
2025-03-16T18:00:00Z,2025-03-16T18:15:00Z,2025-03-16,2025-03-16_20,100.0,0,100,0,119.31133147826093,92.36241843478267,0.07485809178743962,0.0,0.207,True,True,False,False,3500.0,0.0,0.0,190.272866098698,0.0,-15.44967509242887,3674.823191006269
2025-03-16T18:15:00Z,2025-03-16T18:30:00Z,2025-03-16,2025-03-16_20,100.0,0,100,0,92.36241843478267,65.24557060869572,0.07532457729468599,0.0,0.0525,True,True,False,False,3500.0,0.0,0.0,190.272866098698,0.0,-4.021659500080373,3686.2512065986175
2025-03-16T18:30:00Z,2025-03-16T18:45:00Z,2025-03-16,2025-03-16_20,100.0,0,100,0,65.24557060869572,38.78904886956528,0.0734903381642512,0.0,0.66,True,True,False,False,3500.0,0.0,0.0,190.272866098698,0.0,-40.22156807587205,3650.051298022826
2025-03-16T18:45:00Z,2025-03-16T19:00:00Z,2025-03-16,2025-03-16_20,100.0,0,100,0,38.78904886956528,21.418396695652234,0.0482518115942029,0.0,9.019,True,True,False,False,3500.0,0.0,0.0,190.272866098698,0.0,3262.2927031425816,6952.565569241279
2025-03-16T19:00:00Z,2025-03-16T19:15:00Z,2025-03-16,2025-03-16_21,0.0,100,100,0,21.418396695652234,19.309745391304407,0.010697586956521739,2.7415,0.947,True,True,False,False,0.0,0.0,189.73034881851794,189.88104806301237,561.2087588410222,-58.67678066227294,882.1433750602796
2025-03-16T19:15:00Z,2025-03-16T19:30:00Z,2025-03-16,2025-03-16_21,0.0,100,100,0,19.309745391304407,14.49344104347832,0.013378623188405797,4.431,0.0,True,True,False,False,0.0,0.0,189.73034881851794,189.88104806301237,897.5009731152549,0.0,1277.1123699967852
2025-03-16T19:30:00Z,2025-03-16T19:45:00Z,2025-03-16,2025-03-16_21,0.0,100,100,0,14.49344104347832,13.659201913043537,0.0023173309178743957,0.7675,0.0,True,True,False,False,0.0,0.0,189.73034881851794,189.88104806301237,144.8697888201254,0.0,524.4811857016557
2025-03-16T19:45:00Z,2025-03-16T20:00:00Z,2025-03-16,2025-03-16_21,0.0,100,100,0,13.659201913043537,10.496701913043538,0.008784722222222222,2.9095,0.0,True,True,False,False,0.0,0.0,189.73034881851794,189.88104806301237,582.830703263141,0.0,962.4421001446713
2025-03-16T20:00:00Z,2025-03-16T20:15:00Z,2025-03-16,2025-03-16_22,-19.5885564965349,0,0,0,10.496701913043538,15.002069907246565,0.01251491109500841,0.0,0.0,True,False,False,False,-532.0251944458879,0.0,0.0,0.0,0.0,0.0,-532.0251944458879
2025-03-16T20:15:00Z,2025-03-16T20:30:00Z,2025-03-16,2025-03-16_22,-19.5885564965349,0,0,0,15.002069907246565,19.507437901449592,0.01251491109500841,0.0,0.0,True,False,False,False,-532.0251944458879,0.0,0.0,0.0,0.0,0.0,-532.0251944458879
2025-03-16T20:30:00Z,2025-03-16T20:45:00Z,2025-03-16,2025-03-16_22,-19.5885564965349,0,0,0,19.507437901449592,24.01280589565262,0.01251491109500841,0.0,0.0,True,False,False,False,-532.0251944458879,0.0,0.0,0.0,0.0,0.0,-532.0251944458879
2025-03-16T20:45:00Z,2025-03-16T21:00:00Z,2025-03-16,2025-03-16_22,-19.5885564965349,0,0,0,24.01280589565262,28.518173889855646,0.01251491109500841,0.0,0.0,True,False,False,False,-532.0251944458879,0.0,0.0,0.0,0.0,0.0,-532.0251944458879
2025-03-16T21:00:00Z,2025-03-16T21:15:00Z,2025-03-16,2025-03-16_23,-44.90355149475084,100,55,0,28.518173889855646,20.11056729812512,0.03824143696753175,18.5135,0.0,True,True,False,False,-1142.907644420146,0.0,175.74545892943257,110.73380485452499,10326.618113446391,0.0,9470.189732810202
2025-03-16T21:15:00Z,2025-03-16T21:30:00Z,2025-03-16,2025-03-16_23,-44.90355149475084,100,55,0,20.11056729812512,17.16313718012271,0.0354573324917722,13.117999999999999,0.0,True,True,False,False,-1142.907644420146,0.0,175.74545892943257,110.73380485452499,2609.321707522906,0.0,1752.8933268867174
2025-03-16T21:30:00Z,2025-03-16T21:45:00Z,2025-03-16,2025-03-16_23,-44.90355149475084,100,55,0,17.16313718012271,15.386576153048566,0.0348603148143644,11.961,0.0,True,True,False,False,-1142.907644420146,0.0,175.74545892943257,110.73380485452499,2376.4652573943094,0.0,1520.036876758121
2025-03-16T21:45:00Z,2025-03-16T22:00:00Z,2025-03-16,2025-03-16_23,-44.90355149475084,100,55,0,15.386576153048566,16.61207489973301,0.03332958625772632,8.9945,0.0,True,True,False,False,-1142.907644420146,0.0,175.74545892943257,110.73380485452499,1773.0937659741203,0.0,916.6653853379319
2025-03-16T22:00:00Z,2025-03-16T22:15:00Z,2025-03-17,2025-03-16_24,-2.0,100,98,0,16.61207489973301,12.709431282341704,0.012984685603864734,4.026,0.0,True,True,False,False,-40.805,0.0,175.74545892943257,197.30750683169907,692.5896218453624,0.0,1024.837587606494
2025-03-16T22:15:00Z,2025-03-16T22:30:00Z,2025-03-17,2025-03-16_24,-2.0,100,98,0,12.709431282341704,10.59854902147214,0.008176595169082125,2.3725,0.0,True,True,False,False,-40.805,0.0,175.74545892943257,197.30750683169907,406.9923449807105,0.0,739.2403107418422
2025-03-16T22:30:00Z,2025-03-16T22:45:00Z,2025-03-17,2025-03-16_24,-2.0,100,98,0,10.59854902147214,11.689738360602576,0.00373234961352657,0.11849999999999998,0.82565,True,True,False,False,-40.805,0.0,175.74545892943257,197.30750683169907,19.190556883941486,-41.60782945868831,309.83069318638485
2025-03-16T22:45:00Z,2025-03-16T23:00:00Z,2025-03-17,2025-03-16_24,-2.0,100,98,0,11.689738360602576,15.702943960602575,0.011147793333333333,0.0,3.86218,True,True,False,False,-40.805,0.0,175.74545892943257,197.30750683169907,0.0,-69.83089638321813,262.4170693779135
2025-03-16T23:00:00Z,2025-03-16T23:15:00Z,2025-03-17,2025-03-17_1,0.0,100,100,0,15.702943960602575,27.832683960602573,0.03369372222222222,0.0,13.1845,True,True,False,False,0.0,0.0,175.38378074264585,201.3341906445909,0.0,-251.35271168220544,125.36525970503132
2025-03-16T23:15:00Z,2025-03-16T23:30:00Z,2025-03-17,2025-03-17_1,0.0,100,100,0,27.832683960602573,42.75600396060257,0.041453666666666666,0.0,16.221,True,True,False,False,0.0,0.0,175.38378074264585,201.3341906445909,0.0,3642.4143379279863,4019.132309315223
2025-03-16T23:30:00Z,2025-03-16T23:45:00Z,2025-03-17,2025-03-17_1,0.0,100,100,0,42.75600396060257,62.10176396060257,0.053738222222222215,0.0,21.028,True,True,False,False,0.0,0.0,175.38378074264585,201.3341906445909,0.0,18212.63608583829,18589.354057225526
2025-03-16T23:45:00Z,2025-03-17T00:00:00Z,2025-03-17,2025-03-17_1,0.0,100,100,0,62.10176396060257,80.08960396060257,0.04996622222222223,0.0,19.552,True,True,False,False,0.0,0.0,175.38378074264585,201.3341906445909,0.0,6958.62704388362,7335.3450152708565
2025-03-17T00:00:00Z,2025-03-17T00:15:00Z,2025-03-17,2025-03-17_2,0.0,100,100,0,80.08960396060257,87.75412396060257,0.02129033333333333,0.0,8.331,True,True,False,False,0.0,0.0,175.38378074264585,201.3341906445909,0.0,-233.22213329850507,143.4958380887317
2025-03-17T00:15:00Z,2025-03-17T00:30:00Z,2025-03-17,2025-03-17_2,0.0,100,100,0,87.75412396060257,93.93698396060257,0.017174611111111113,0.0,6.7205,True,True,False,False,0.0,0.0,175.38378074264585,201.3341906445909,0.0,-227.00997729464717,149.7079940925896
2025-03-17T00:30:00Z,2025-03-17T00:45:00Z,2025-03-17,2025-03-17_2,0.0,100,100,0,93.93698396060257,98.25776396060257,0.012002166666666666,0.0,4.6965,True,True,False,False,0.0,0.0,175.38378074264585,201.3341906445909,0.0,-171.3786520454911,205.33931934174566
2025-03-17T00:45:00Z,2025-03-17T01:00:00Z,2025-03-17,2025-03-17_2,0.0,100,100,0,98.25776396060257,99.76564396060257,0.0041885555555555565,0.0,1.6390000000000002,True,True,False,False,0.0,0.0,175.38378074264585,201.3341906445909,0.0,-62.572335637357355,314.1456357498794
2025-03-17T01:00:00Z,2025-03-17T01:15:00Z,2025-03-17,2025-03-17_3,-44.00000000000013,100,56,0,99.76564396060257,105.88769616929825,0.030662463864734348,4.0385,0.10332000000000001,True,True,False,False,-883.8500000000025,0.0,175.38378074264585,112.7471467609709,689.9150149694583,-4.360063309757274,89.83587916331525
2025-03-17T01:15:00Z,2025-03-17T01:30:00Z,2025-03-17,2025-03-17_3,-44.00000000000013,100,56,0,105.88769616929825,115.61882695190698,0.028495170048309256,0.43299999999999994,0.05432,True,True,False,False,-883.8500000000025,0.0,175.38378074264585,112.7471467609709,72.70516154959009,-2.557060954830413,-525.5709719016261
2025-03-17T01:30:00Z,2025-03-17T01:45:00Z,2025-03-17,2025-03-17_3,-44.00000000000013,100,56,0,115.61882695190698,125.77278827364614,0.028300134106280277,0.028000000000000004,0.06776,True,True,False,False,-883.8500000000025,0.0,175.38378074264585,112.7471467609709,4.1858222150779625,-3.7191346568075874,-595.2523849381154
2025-03-17T01:45:00Z,2025-03-17T02:00:00Z,2025-03-17,2025-03-17_3,-44.00000000000013,100,56,0,125.77278827364614,135.91159749103747,0.028215774396135353,0.0155,0.03752,True,True,False,False,-883.8500000000025,0.0,175.38378074264585,112.7471467609709,2.3171515833467287,-2.737660279697798,-596.1395811927368
2025-03-17T02:00:00Z,2025-03-17T02:15:00Z,2025-03-17,2025-03-17_4,4.9657257937060614e-14,100,100,0,135.91159749103747,136.13323575190702,0.0006518937198068002,0.006,0.248,True,True,False,False,1.0044421849218935e-12,0.0,175.74545892943257,201.3341906445909,0.8969619032309918,-10.986487702941648,366.9901237743138
2025-03-17T02:15:00Z,2025-03-17T02:30:00Z,2025-03-17,2025-03-17_4,4.9657257937060614e-14,100,100,0,136.13323575190702,138.88357575190702,0.007639833333333364,0.0,2.9895,True,True,False,False,1.0044421849218935e-12,0.0,175.74545892943257,201.3341906445909,0.0,-112.43242314338531,264.6472264306392
2025-03-17T02:30:00Z,2025-03-17T02:45:00Z,2025-03-17,2025-03-17_4,4.9657257937060614e-14,100,100,0,138.88357575190702,143.526815751907,0.012897888888888912,0.0,5.047,True,True,False,False,1.0044421849218935e-12,0.0,175.74545892943257,201.3341906445909,0.0,-163.79019932486736,213.2894502491571
2025-03-17T02:45:00Z,2025-03-17T03:00:00Z,2025-03-17,2025-03-17_4,4.9657257937060614e-14,100,100,0,143.526815751907,143.69602705625482,0.0015539685990338529,0.1795,0.396,True,True,False,False,1.0044421849218935e-12,0.0,175.74545892943257,201.3341906445909,27.80605328725285,-16.865090017682046,388.0206128435953
2025-03-17T03:00:00Z,2025-03-17T03:15:00Z,2025-03-17,2025-03-17_5,0.0,100,100,0,143.69602705625482,146.00246705625483,0.006406777777777779,0.0,2.507,True,True,False,False,0.0,0.0,175.74545892943257,201.3341906445909,0.0,-96.13121925735413,280.9484303166694
2025-03-17T03:15:00Z,2025-03-17T03:30:00Z,2025-03-17,2025-03-17_5,0.0,100,100,0,146.00246705625483,148.19206705625484,0.006082222222222222,0.0,2.38,True,True,False,False,0.0,0.0,175.74545892943257,201.3341906445909,0.0,-91.74630284520173,285.33334672882177
2025-03-17T03:30:00Z,2025-03-17T03:45:00Z,2025-03-17,2025-03-17_5,0.0,100,100,0,148.19206705625484,150.64658618668963,0.00683622463768116,0.003,2.6715,True,True,False,False,0.0,0.0,175.74545892943257,201.3341906445909,0.4484809516154959,-101.99989692171677,275.5282336039222
2025-03-17T03:45:00Z,2025-03-17T04:00:00Z,2025-03-17,2025-03-17_5,0.0,100,100,0,150.64658618668963,151.30083749103747,0.0019290797101449279,0.0185,0.733,True,True,False,False,0.0,0.0,175.74545892943257,201.3341906445909,2.7656325349622244,-30.34170491078605,349.50357719819965
2025-03-17T04:00:00Z,2025-03-17T04:15:00Z,2025-03-17,2025-03-17_6,0.0,100,100,0,151.30083749103747,166.53511749103748,0.04231744444444445,0.0,16.559,True,True,False,False,0.0,0.0,175.38378074264585,201.63558913357983,0.0,6716.293534198682,7093.312904074908
2025-03-17T04:15:00Z,2025-03-17T04:30:00Z,2025-03-17,2025-03-17_6,0.0,100,100,0,166.53511749103748,179.8249774910375,0.03691627777777778,0.0,14.4455,True,True,False,False,0.0,0.0,175.38378074264585,201.63558913357983,0.0,1413.4460822215076,1790.4654520977333
2025-03-17T04:30:00Z,2025-03-17T04:45:00Z,2025-03-17,2025-03-17_6,0.0,100,100,0,179.8249774910375,185.16143749103747,0.014823500000000002,0.0,5.8005,True,True,False,False,0.0,0.0,175.38378074264585,201.63558913357983,0.0,-294.93645053046134,82.08291934576434
2025-03-17T04:45:00Z,2025-03-17T05:00:00Z,2025-03-17,2025-03-17_6,0.0,100,100,0,185.16143749103747,185.88879662147227,0.0023163357487922705,0.049,0.8484999999999999,True,True,False,False,0.0,0.0,175.38378074264585,201.63558913357983,8.310160946793122,-47.01240345201736,338.31712737100145
2025-03-17T05:00:00Z,2025-03-17T05:15:00Z,2025-03-17,2025-03-17_7,72.99999999999977,27,100,0,185.88879662147227,183.2740877519071,0.030074480193236754,0.0,16.53,True,True,False,False,2467.0349999999926,0.0,53.01750120559396,190.272866098698,0.0,19241.427511654078,21951.752878958363
2025-03-17T05:15:00Z,2025-03-17T05:30:00Z,2025-03-17,2025-03-17_7,72.99999999999977,27,100,0,183.2740877519071,166.36220444755935,0.050851803623188266,0.0,2.8075,True,True,False,False,2467.0349999999926,0.0,53.01750120559396,190.272866098698,0.0,-183.19151864651985,2527.1338486577647
2025-03-17T05:30:00Z,2025-03-17T05:45:00Z,2025-03-17,2025-03-17_7,72.99999999999977,27,100,0,166.36220444755935,147.59680531712462,0.05355785869565201,0.00864,1.0375,True,True,False,False,2467.0349999999926,0.0,53.01750120559396,190.272866098698,1.4712252692493166,-73.15117143546054,2638.6454211380733
2025-03-17T05:45:00Z,2025-03-17T06:00:00Z,2025-03-17,2025-03-17_7,72.99999999999977,27,100,0,147.59680531712462,127.08580995190728,0.056975677125603696,0.620595,0.0005,True,True,False,False,2467.0349999999926,0.0,53.01750120559396,190.272866098698,124.06575412614532,-0.03918180356855811,2834.351939626861
2025-03-17T06:00:00Z,2025-03-17T06:15:00Z,2025-03-17,2025-03-17_8,100.00000000000139,0,100,0,127.08580995190728,109.92113603886342,0.04767964975845515,0.0,9.2085,True,True,False,False,3821.750000000053,0.0,0.0,189.88104806301237,0.0,4355.871398689921,8367.502446752987
2025-03-17T06:15:00Z,2025-03-17T06:30:00Z,2025-03-17,2025-03-17_8,100.00000000000139,0,100,0,109.92113603886342,83.95157082147173,0.07213768115942135,0.0,1.108,True,True,False,False,3821.750000000053,0.0,0.0,189.88104806301237,0.0,-79.59508841022344,3932.035959652842
2025-03-17T06:30:00Z,2025-03-17T06:45:00Z,2025-03-17,2025-03-17_8,100.00000000000139,0,100,0,83.95157082147173,59.33037516929744,0.06839221014492858,0.0,2.3485,True,True,False,False,3821.750000000053,0.0,0.0,189.88104806301237,0.0,-165.98385217408776,3845.647195888978
2025-03-17T06:45:00Z,2025-03-17T07:00:00Z,2025-03-17,2025-03-17_8,100.00000000000139,0,100,0,59.33037516929744,33.487983864949236,0.07178442028985611,0.0,1.225,True,True,False,False,3821.750000000053,0.0,0.0,189.88104806301237,0.0,-86.5681763382093,3925.0628717248564
2025-03-17T07:00:00Z,2025-03-17T07:15:00Z,2025-03-17,2025-03-17_9,28.0,72,100,0,33.487983864949236,25.700967064949232,0.022938842222222217,0.48024000000000006,0.3555,True,True,False,False,954.5200000000001,0.0,126.27632213470501,201.032792155602,81.91899721909661,-25.680674831216844,1338.0674366781868
2025-03-17T07:15:00Z,2025-03-17T07:30:00Z,2025-03-17,2025-03-17_9,28.0,72,100,0,25.700967064949232,17.957431273644886,0.022646941642512075,0.39888000000000007,0.309,True,True,False,False,954.5200000000001,0.0,126.27632213470501,201.032792155602,68.00259610995019,-21.887541392059155,1327.944169008198
2025-03-17T07:30:00Z,2025-03-17T07:45:00Z,2025-03-17,2025-03-17_9,28.0,72,100,0,17.957431273644886,10.4098477258188,0.02135006985507246,0.036719999999999996,0.1045,True,True,False,False,954.5200000000001,0.0,126.27632213470501,201.032792155602,6.205530959652788,-7.682643968011574,1280.3520012819483
2025-03-17T07:45:00Z,2025-03-17T08:00:00Z,2025-03-17,2025-03-17_9,28.0,72,100,0,10.4098477258188,10.744067273644891,0.029332252367149758,0.0061200000000000004,8.223,True,True,False,False,954.5200000000001,0.0,126.27632213470501,201.032792155602,1.0329529014627874,263.87026723999355,1546.7323344317635
2025-03-17T08:00:00Z,2025-03-17T08:15:00Z,2025-03-17,2025-03-17_10,5.44266039570494e-14,100,100,0,10.744067273644891,10.043368143210094,0.009354942028985546,1.8715,1.4495,True,True,False,False,1.4391754751342787e-12,0.0,175.38378074264585,201.032792155602,359.3965905802925,-67.421788096769,668.3913753817728
2025-03-17T08:15:00Z,2025-03-17T08:30:00Z,2025-03-17,2025-03-17_10,5.44266039570494e-14,100,100,0,10.043368143210094,10.008354230166601,0.00047037198067636935,0.094,0.073,True,True,False,False,1.4391754751342787e-12,0.0,175.38378074264585,201.032792155602,15.89815986175856,-5.560294767722231,386.75443799228566
2025-03-17T08:30:00Z,2025-03-17T08:45:00Z,2025-03-17,2025-03-17_10,5.44266039570494e-14,100,100,0,10.008354230166601,10.167649012775282,0.0006206256038647746,0.029499999999999995,0.208,True,True,False,False,1.4391754751342787e-12,0.0,175.38378074264585,201.032792155602,4.983625723356373,-15.539189840861598,365.8610087807441
2025-03-17T08:45:00Z,2025-03-17T09:00:00Z,2025-03-17,2025-03-17_10,5.44266039570494e-14,100,100,0,10.167649012775282,13.904689012775268,0.010380666666666696,0.0,4.062,True,True,False,False,1.4391754751342787e-12,0.0,175.38378074264585,201.032792155602,0.0,-212.37188554894712,164.0446873493022
2025-03-17T09:00:00Z,2025-03-17T09:15:00Z,2025-03-17,2025-03-17_11,-0.9545505488281236,100,99,0,13.904689012775268,14.392763301916084,0.002234969708321248,0.147,0.46529999999999994,True,True,False,False,-19.69715057506833,0.0,175.38378074264585,199.02246423404597,21.975566629159296,-24.88206895997428,351.8025920708085
2025-03-17T09:15:00Z,2025-03-17T09:30:00Z,2025-03-17,2025-03-17_11,-0.9545505488281236,100,99,0,14.392763301916084,13.945077683872585,0.002644082349834588,0.65,0.04158,True,True,False,False,-19.69715057506833,0.0,175.38378074264585,199.02246423404597,100.22666171033596,-3.119911955473396,451.81584415648604
2025-03-17T09:30:00Z,2025-03-17T09:45:00Z,2025-03-17,2025-03-17_11,-0.9545505488281236,100,99,0,13.945077683872585,14.047326814643666,0.002087298491847711,0.3015,0.228195,True,True,False,False,-19.69715057506833,0.0,175.38378074264585,199.02246423404597,45.072335637357334,-16.650559416693458,383.1308706222874
2025-03-17T09:45:00Z,2025-03-17T10:00:00Z,2025-03-17,2025-03-17_11,-0.9545505488281236,100,99,0,14.047326814643666,14.262024956519742,0.001870337877983038,0.213,0.24601499999999998,True,True,False,False,-19.69715057506833,0.0,175.38378074264585,199.02246423404597,31.842147564700205,-17.92872375421958,368.6225182121041
2025-03-17T10:00:00Z,2025-03-17T10:15:00Z,2025-03-17,2025-03-17_12,-30.000000000000004,100,70,0,14.262024956519742,22.299986086954526,0.025054119082125605,0.645,1.96385,True,True,False,False,-558.3750000000001,0.0,175.38378074264585,140.7229545089214,100.48964696190323,440.7361128837808,298.9574950972511
2025-03-17T10:15:00Z,2025-03-17T10:30:00Z,2025-03-17,2025-03-17_12,-30.000000000000004,100,70,0,22.299986086954526,21.109005565215394,0.029778979227053144,7.8275,0.027299999999999998,True,True,False,False,-558.3750000000001,0.0,175.38378074264585,140.7229545089214,1520.6296520856774,-2.029195045008841,1276.3321922922357
2025-03-17T10:30:00Z,2025-03-17T10:45:00Z,2025-03-17,2025-03-17_12,-30.000000000000004,100,70,0,21.109005565215394,18.173260869563222,0.031942979710144925,9.486,0.0,True,True,False,False,-558.3750000000001,0.0,175.38378074264585,140.7229545089214,1850.065436826877,0.0,1607.7971720784442
2025-03-17T10:45:00Z,2025-03-17T11:00:00Z,2025-03-17,2025-03-17_12,-30.000000000000004,100,70,0,18.173260869563222,13.935207999998003,0.033634635748792274,10.742,0.0,True,True,False,False,-558.3750000000001,0.0,175.38378074264585,140.7229545089214,4174.75673806462,0.0,3932.4884733161866
2025-03-17T11:00:00Z,2025-03-17T11:15:00Z,2025-03-17,2025-03-17_13,-2.368660751027532,0,0,0,13.935207999998003,14.479999972734335,0.001513311035378701,0.0,0.0,True,False,False,False,-37.92225862395079,0.0,0.0,0.0,0.0,0.0,-37.92225862395079
2025-03-17T11:15:00Z,2025-03-17T11:30:00Z,2025-03-17,2025-03-17_13,-2.368660751027532,0,0,0,14.479999972734335,15.024791945470668,0.001513311035378701,0.0,0.0,True,False,False,False,-37.92225862395079,0.0,0.0,0.0,0.0,0.0,-37.92225862395079
2025-03-17T11:30:00Z,2025-03-17T11:45:00Z,2025-03-17,2025-03-17_13,-2.368660751027532,0,0,0,15.024791945470668,15.569583918207,0.001513311035378701,0.0,0.0,True,False,False,False,-37.92225862395079,0.0,0.0,0.0,0.0,0.0,-37.92225862395079
2025-03-17T11:45:00Z,2025-03-17T12:00:00Z,2025-03-17,2025-03-17_13,-2.368660751027532,0,0,0,15.569583918207,16.114375890943332,0.001513311035378701,0.0,0.0,True,False,False,False,-37.92225862395079,0.0,0.0,0.0,0.0,0.0,-37.92225862395079
2025-03-17T12:00:00Z,2025-03-17T12:15:00Z,2025-03-17,2025-03-17_14,-100.0,100,0,0,16.114375890943332,25.681455890943333,0.02657522222222222,14.601,0.0,True,True,False,False,-1092.0,0.0,175.38378074264585,0.0,10786.435941367947,0.0,9869.819722110593
2025-03-17T12:15:00Z,2025-03-17T12:30:00Z,2025-03-17,2025-03-17_14,-100.0,100,0,0,25.681455890943333,40.24643589094333,0.040458277777777774,9.1685,0.0,True,True,False,False,-1092.0,0.0,175.38378074264585,0.0,2567.765834873814,0.0,1651.1496156164599
2025-03-17T12:30:00Z,2025-03-17T12:45:00Z,2025-03-17,2025-03-17_14,-100.0,100,0,0,40.24643589094333,61.26199589094333,0.05837655555555556,2.157,0.0,True,True,False,False,-1092.0,0.0,175.38378074264585,0.0,289.25418542035044,0.0,-627.3620338370038
2025-03-17T12:45:00Z,2025-03-17T13:00:00Z,2025-03-17,2025-03-17_14,-100.0,100,0,0,61.26199589094333,83.58993589094334,0.06202205555555555,0.7305,0.0,True,True,False,False,-1092.0,0.0,175.38378074264585,0.0,97.96021439479183,0.0,-818.6560048625623
2025-03-17T13:00:00Z,2025-03-17T13:15:00Z,2025-03-17,2025-03-17_15,-100.0,0,0,0,83.58993589094334,106.58993589094334,0.06388888888888888,0.0,0.0,True,False,False,False,-1257.0,0.0,0.0,0.0,0.0,0.0,-1257.0
2025-03-17T13:15:00Z,2025-03-17T13:30:00Z,2025-03-17,2025-03-17_15,-100.0,0,0,0,106.58993589094334,129.58993589094334,0.06388888888888888,0.0,0.0,True,False,False,False,-1257.0,0.0,0.0,0.0,0.0,0.0,-1257.0
2025-03-17T13:30:00Z,2025-03-17T13:45:00Z,2025-03-17,2025-03-17_15,-100.0,0,0,0,129.58993589094334,152.58993589094334,0.06388888888888888,0.0,0.0,True,False,False,False,-1257.0,0.0,0.0,0.0,0.0,0.0,-1257.0
2025-03-17T13:45:00Z,2025-03-17T14:00:00Z,2025-03-17,2025-03-17_15,-100.0,0,0,0,152.58993589094334,175.58993589094334,0.06388888888888888,0.0,0.0,True,False,False,False,-1257.0,0.0,0.0,0.0,0.0,0.0,-1257.0
2025-03-17T14:00:00Z,2025-03-17T14:15:00Z,2025-03-17,2025-03-17_16,0.0,100,100,0,175.58993589094334,178.55120719529117,0.018615246376811594,1.7205,5.2515,True,True,False,False,0.0,0.0,175.38378074264585,201.3341906445909,322.50352123854685,-108.22091303648932,591.0005795892943
2025-03-17T14:15:00Z,2025-03-17T14:30:00Z,2025-03-17,2025-03-17_16,0.0,100,100,0,178.55120719529117,181.29326719529118,0.007616833333333335,0.0,2.9805,True,True,False,False,0.0,0.0,175.38378074264585,201.3341906445909,0.0,-96.91535806140493,279.8026133258318
2025-03-17T14:30:00Z,2025-03-17T14:45:00Z,2025-03-17,2025-03-17_16,0.0,100,100,0,181.29326719529118,181.29619676050856,0.0008505289855072465,0.1395,0.168,True,True,False,False,0.0,0.0,175.38378074264585,201.3341906445909,22.525516396077805,-12.363872367786529,386.879615415528
2025-03-17T14:45:00Z,2025-03-17T15:00:00Z,2025-03-17,2025-03-17_16,0.0,100,100,0,181.29619676050856,182.11520980398683,0.00394774154589372,0.277,1.2175,True,True,False,False,0.0,0.0,175.38378074264585,201.3341906445909,44.728086320527254,-48.6816523669828,372.7644053407812
2025-03-17T15:00:00Z,2025-03-17T15:15:00Z,2025-03-17,2025-03-17_17,12.840189910514574,87,100,0,182.11520980398683,187.88318303942438,0.02778224210162447,0.0,9.833,True,True,False,False,335.7709661599561,0.0,152.58388924610188,201.93698762256872,0.0,-123.7739346568076,566.5179083718191
2025-03-17T15:15:00Z,2025-03-17T15:30:00Z,2025-03-17,2025-03-17_17,12.840189910514574,87,100,0,187.88318303942438,186.40208725952536,0.013616317440119662,0.0,2.133,True,True,False,False,335.7709661599561,0.0,152.58388924610188,201.93698762256872,0.0,-115.71507856453947,574.5767644640872
2025-03-17T15:30:00Z,2025-03-17T15:45:00Z,2025-03-17,2025-03-17_17,12.840189910514574,87,100,0,186.40208725952536,183.53843777727968,0.010970505012689926,0.010875000000000001,0.677,True,True,False,False,335.7709661599561,0.0,152.58388924610188,201.93698762256872,1.8457432486738468,-49.4627071612281,642.6748791160725
2025-03-17T15:45:00Z,2025-03-17T16:00:00Z,2025-03-17,2025-03-17_17,12.840189910514574,87,100,0,183.53843777727968,179.8360069565221,0.010288984892397752,0.197055,0.001,True,True,False,False,335.7709661599561,0.0,152.58388924610188,201.93698762256872,33.330518116058514,-0.07836360713711622,723.5439975375481
2025-03-17T16:00:00Z,2025-03-17T16:15:00Z,2025-03-17,2025-03-17_18,0.0,100,100,0,179.8360069565221,189.8311800000004,0.027770408212560393,0.001,10.8655,True,True,False,False,0.0,0.0,189.42895032952902,201.93698762256872,0.16878315383378878,7060.474732559074,7452.009453665006
2025-03-17T16:15:00Z,2025-03-17T16:30:00Z,2025-03-17,2025-03-17_18,0.0,100,100,0,189.8311800000004,189.9353260869569,0.0006485942028985508,0.05949999999999999,0.1835,True,True,False,False,0.0,0.0,189.42895032952902,201.93698762256872,10.0986568678669,-13.558123593473718,387.9064712264909
2025-03-17T16:30:00Z,2025-03-17T16:45:00Z,2025-03-17,2025-03-17_18,0.0,100,100,0,189.9353260869569,175.11956521739168,0.04115489130434783,13.630500000000001,0.0,True,True,False,False,0.0,0.0,189.42895032952902,201.93698762256872,4329.25582583186,0.0,4720.621763783958
2025-03-17T16:45:00Z,2025-03-17T17:00:00Z,2025-03-17,2025-03-17_18,0.0,100,100,0,175.11956521739168,151.03043478260906,0.06691425120772947,22.162,0.0,True,True,False,False,0.0,0.0,189.42895032952902,201.93698762256872,16611.28912835557,0.0,17002.655066307667
2025-03-17T17:00:00Z,2025-03-17T17:15:00Z,2025-03-17,2025-03-17_19,71.59231116533454,28,100,0,151.03043478260906,133.04114437950426,0.05222730512584718,0.13874,1.5545,True,True,False,False,3070.9521874370253,0.0,54.9811123613567,190.272866098698,27.863440110110915,16.43113496624337,3360.5007409734344
2025-03-17T17:15:00Z,2025-03-17T17:30:00Z,2025-03-17,2025-03-17_19,71.59231116533454,28,100,0,133.04114437950426,113.57069440183827,0.05420291707734015,0.09268,0.0815,True,True,False,False,3070.9521874370253,0.0,54.9811123613567,190.272866098698,17.959115045812567,-6.171027768847452,3327.994253174045
2025-03-17T17:30:00Z,2025-03-17T17:45:00Z,2025-03-17,2025-03-17_19,71.59231116533454,28,100,0,113.57069440183827,94.1117245442837,0.05409843042778653,0.0343,0.0315,True,True,False,False,3070.9521874370253,0.0,54.9811123613567,190.272866098698,6.147079930879279,-2.378133539623855,3319.9751122883354
2025-03-17T17:45:00Z,2025-03-17T18:00:00Z,2025-03-17,2025-03-17_19,71.59231116533454,28,100,0,94.1117245442837,74.77710869565257,0.05391053904185896,0.02366,0.14,True,True,False,False,3070.9521874370253,0.0,54.9811123613567,190.272866098698,4.261776040829449,-10.458113647323582,3310.009828290586
2025-03-17T18:00:00Z,2025-03-17T18:15:00Z,2025-03-17,2025-03-17_20,0.0,100,100,0,74.77710869565257,66.87928260869604,0.02193840579710145,7.266,0.0,True,True,False,False,0.0,0.0,196.36111557627393,190.272866098698,1887.1700550554576,0.0,2273.8040367304297
2025-03-17T18:15:00Z,2025-03-17T18:30:00Z,2025-03-17,2025-03-17_20,0.0,100,100,0,66.87928260869604,53.29939130434822,0.03772192028985507,12.4935,0.0,True,True,False,False,0.0,0.0,196.36111557627393,190.272866098698,3253.561648046938,0.0,3640.19562972191
2025-03-17T18:30:00Z,2025-03-17T18:45:00Z,2025-03-17,2025-03-17_20,0.0,100,100,0,53.29939130434822,46.00373913043518,0.020265700483091786,6.712,0.0,True,True,False,False,0.0,0.0,196.36111557627393,190.272866098698,1657.438363607137,0.0,2044.072345282109
2025-03-17T18:45:00Z,2025-03-17T19:00:00Z,2025-03-17,2025-03-17_20,0.0,100,100,0,46.00373913043518,46.385410434783005,0.0033941352657004833,0.3865,0.8715,True,True,False,False,0.0,0.0,196.36111557627393,190.272866098698,76.81213771901623,-61.79790950008037,401.6482098939078
2025-03-17T19:00:00Z,2025-03-17T19:15:00Z,2025-03-17,2025-03-17_21,0.0,100,100,0,46.385410434783005,46.904043478261265,0.0015161304347826087,0.0125,0.5785,True,True,False,False,0.0,0.0,175.38378074264585,201.3341906445909,2.10978942292236,-42.65867927182125,336.1690815383379
2025-03-17T19:15:00Z,2025-03-17T19:30:00Z,2025-03-17,2025-03-17_21,0.0,100,100,0,46.904043478261265,50.39410608695692,0.009709714975845413,0.0025,3.7965,True,True,False,False,0.0,0.0,175.38378074264585,201.3341906445909,0.421957884584472,691.4698306140492,1068.6097598858705
2025-03-17T19:30:00Z,2025-03-17T19:45:00Z,2025-03-17,2025-03-17_21,0.0,100,100,0,50.39410608695692,52.386626956522136,0.005724997584541062,0.0315,2.203,True,True,False,False,0.0,0.0,175.38378074264585,201.3341906445909,5.684076515029738,59.58697134705031,441.9890192493168
2025-03-17T19:45:00Z,2025-03-17T20:00:00Z,2025-03-17,2025-03-17_21,0.0,100,100,0,52.386626956522136,52.39239130434822,0.0006893212560386474,0.11150000000000002,0.138,True,True,False,False,0.0,0.0,175.38378074264585,201.3341906445909,20.581907952901467,-10.940759122327602,386.35912021781064
2025-03-17T20:00:00Z,2025-03-17T20:15:00Z,2025-03-17,2025-03-17_22,0.0,100,100,0,52.39239130434822,27.011956521739528,0.07050120772946859,23.35,0.0,True,True,False,False,0.0,0.0,175.38378074264585,201.3341906445909,27808.879742002897,0.0,28185.597713390132
2025-03-17T20:15:00Z,2025-03-17T20:30:00Z,2025-03-17,2025-03-17_22,0.0,100,100,0,27.011956521739528,10.000000000000398,0.04725543478260869,15.651000000000002,0.0,True,True,False,False,0.0,0.0,175.38378074264585,201.3341906445909,16161.368266757758,0.0,16538.086238144995
2025-03-17T20:30:00Z,2025-03-17T20:45:00Z,2025-03-17,2025-03-17_22,0.0,100,100,0,10.000000000000398,10.283240869565615,0.0009075531400966184,0.02,0.3315,True,True,False,False,0.0,0.0,175.38378074264585,201.3341906445909,3.3865134222793767,-25.3728586642019,354.73162614531424
2025-03-17T20:45:00Z,2025-03-17T21:00:00Z,2025-03-17,2025-03-17_22,0.0,100,100,0,10.283240869565615,25.614120869565618,0.042585777777777785,0.0,16.664,True,True,False,False,0.0,0.0,175.38378074264585,201.3341906445909,0.0,12254.388445587527,12631.106416974764
2025-03-17T21:00:00Z,2025-03-17T21:15:00Z,2025-03-17,2025-03-17_23,34.999999999999694,65,100,0,25.614120869565618,20.670095652174396,0.029239875603864585,0.0,4.6675,True,True,False,False,947.8874999999917,0.0,114.23454830413118,201.3341906445909,0.0,1500.780192091304,2764.2364310400176
2025-03-17T21:15:00Z,2025-03-17T21:30:00Z,2025-03-17,2025-03-17_23,34.999999999999694,65,100,0,20.670095652174396,11.781999826087523,0.02680374951690799,0.0,0.6365,True,True,False,False,947.8874999999917,0.0,114.23454830413118,201.3341906445909,0.0,-47.058258017199805,1216.397980931514
2025-03-17T21:30:00Z,2025-03-17T21:45:00Z,2025-03-17,2025-03-17_23,34.999999999999694,65,100,0,11.781999826087523,10.410729217391951,0.03144665169082117,0.0,8.319,True,True,False,False,947.8874999999917,0.0,114.23454830413118,201.3341906445909,0.0,1938.3346891576919,3201.7909281064058
2025-03-17T21:45:00Z,2025-03-17T22:00:00Z,2025-03-17,2025-03-17_23,34.999999999999694,65,100,0,10.410729217391951,18.26120643478333,0.037142629951690896,0.0,17.744,True,True,False,False,947.8874999999917,0.0,114.23454830413118,201.3341906445909,0.0,10513.116775438033,11776.573014386748
2025-03-17T22:00:00Z,2025-03-17T22:15:00Z,2025-03-18,2025-03-17_24,0.0,100,100,0,18.26120643478333,23.33178643478333,0.014084944444444443,0.0,5.5115,True,True,False,False,0.0,0.0,175.93876197938644,201.9167018262914,0.0,-62.678045225322975,315.17741858035487
2025-03-17T22:15:00Z,2025-03-17T22:30:00Z,2025-03-18,2025-03-17_24,0.0,100,100,0,23.33178643478333,29.84354643478333,0.018088222222222228,0.0,7.078000000000001,True,True,False,False,0.0,0.0,175.93876197938644,201.9167018262914,0.0,-146.33953066923837,231.51593313643946
2025-03-17T22:30:00Z,2025-03-17T22:45:00Z,2025-03-18,2025-03-17_24,0.0,100,100,0,29.84354643478333,38.75926643478333,0.02476588888888889,0.0,9.691,True,True,False,False,0.0,0.0,175.93876197938644,201.9167018262914,0.0,4346.0512532899365,4723.906717095614
2025-03-17T22:45:00Z,2025-03-17T23:00:00Z,2025-03-18,2025-03-17_24,0.0,100,100,0,38.75926643478333,48.148786434783325,0.026081999999999998,0.0,10.206,True,True,False,False,0.0,0.0,175.93876197938644,201.9167018262914,0.0,-101.23979627508889,276.61566753058895
2025-03-17T23:00:00Z,2025-03-17T23:15:00Z,2025-03-18,2025-03-18_1,0.0,100,100,0,48.148786434783325,46.11760817391376,0.006613272946859903,2.0295,0.19,True,True,False,False,0.0,0.0,175.93876197938644,202.57971189198963,357.72949761919114,-8.029029795270528,728.2189416952967
2025-03-17T23:15:00Z,2025-03-17T23:30:00Z,2025-03-18,2025-03-18_1,0.0,100,100,0,46.11760817391376,46.12836382608767,0.0017871231884057969,0.291,0.3555,True,True,False,False,0.0,0.0,175.93876197938644,202.57971189198963,43.49828220119342,-15.52320716050871,406.49354891206076
2025-03-17T23:30:00Z,2025-03-17T23:45:00Z,2025-03-18,2025-03-18_1,0.0,100,100,0,46.12836382608767,46.367465565218104,0.0011834951690821256,0.086,0.3615,True,True,False,False,0.0,0.0,175.93876197938644,202.57971189198963,12.855162437466095,-17.127690314025678,374.2459459948165
2025-03-17T23:45:00Z,2025-03-18T00:00:00Z,2025-03-18,2025-03-18_1,0.0,100,100,0,46.367465565218104,45.94397165217463,0.0011968164251207729,0.393,0.004,True,True,False,False,0.0,0.0,175.93876197938644,202.57971189198963,58.74510276656019,-0.3134229401482732,436.950153697788
2025-03-18T00:00:00Z,2025-03-18T00:15:00Z,2025-03-18,2025-03-18_2,-4.419546387088179,100,95,0,45.94397165217463,33.43011874359552,0.037576847302897634,12.533,0.0,True,True,False,False,-99.4287448435163,0.0,175.93876197938644,191.82086673497682,12129.61884937617,0.0,12397.949733247016
2025-03-18T00:15:00Z,2025-03-18T00:30:00Z,2025-03-18,2025-03-18_2,-4.419546387088179,100,95,0,33.43011874359552,20.858201822050834,0.037880185583056024,12.6135,0.03135,True,True,False,False,-99.4287448435163,0.0,175.93876197938644,191.82086673497682,11267.005770598518,-1.3566419142908808,11533.980012555074
2025-03-18T00:30:00Z,2025-03-18T00:45:00Z,2025-03-18,2025-03-18_2,-4.419546387088179,100,95,0,20.858201822050834,23.547714990562785,0.007600734659289876,0.0225,1.8449,True,True,False,False,-99.4287448435163,0.0,175.93876197938644,191.82086673497682,3.3632692423603157,-74.70301189399875,196.99114121920852
2025-03-18T00:45:00Z,2025-03-18T01:00:00Z,2025-03-18,2025-03-18_2,-4.419546387088179,100,95,0,23.547714990562785,25.116347826086958,0.004400601680930479,0.0075,0.60895,True,True,False,False,-99.4287448435163,0.0,175.93876197938644,191.82086673497682,1.1210897474534387,-28.012213850883015,241.43975976741737
2025-03-18T01:00:00Z,2025-03-18T01:15:00Z,2025-03-18,2025-03-18_3,0.0,100,100,0,25.116347826086958,25.108088695652174,0.0003756086956521739,0.066,0.069,True,True,False,False,0.0,0.0,175.93876197938644,202.2180700379724,9.86558977759026,-4.778388282803931,383.24403351214517
2025-03-18T01:15:00Z,2025-03-18T01:30:00Z,2025-03-18,2025-03-18_3,0.0,100,100,0,25.108088695652174,21.170714782608698,0.010949927536231883,3.6245,0.0025,True,True,False,False,0.0,0.0,175.93876197938644,202.2180700379724,675.2297931609507,-0.19588933759267074,1053.190735840717
2025-03-18T01:30:00Z,2025-03-18T01:45:00Z,2025-03-18,2025-03-18_3,0.0,100,100,0,21.170714782608698,14.203323478260872,0.019353864734299515,6.41,0.0,True,True,False,False,0.0,0.0,175.93876197938644,202.2180700379724,1216.0455005725996,0.0,1594.2023325899586
2025-03-18T01:45:00Z,2025-03-18T02:00:00Z,2025-03-18,2025-03-18_3,0.0,100,100,0,14.203323478260872,10.000000000000004,0.01207712077294686,3.9335,0.0785,True,True,False,False,0.0,0.0,175.93876197938644,202.2180700379724,721.2625807164527,-3.587393064512889,1095.8320196692987
2025-03-18T02:00:00Z,2025-03-18T02:15:00Z,2025-03-18,2025-03-18_4,-100.0,100,0,0,10.000000000000004,30.432280000000002,0.056756333333333325,2.791,0.0,True,True,False,False,-2173.5,0.0,175.93876197938644,0.0,521.762178088522,0.0,-1475.7990599320915
2025-03-18T02:15:00Z,2025-03-18T02:30:00Z,2025-03-18,2025-03-18_4,-100.0,100,0,0,30.432280000000002,47.89020000000001,0.04849422222222222,6.024,0.0,True,True,False,False,-2173.5,0.0,175.93876197938644,0.0,1150.675619311675,0.0,-846.8856187089385
2025-03-18T02:30:00Z,2025-03-18T02:45:00Z,2025-03-18,2025-03-18_4,-100.0,100,0,0,47.89020000000001,63.33608000000001,0.04290522222222222,8.211,0.0,True,True,False,False,-2173.5,0.0,175.93876197938644,0.0,1608.7937857874754,0.0,-388.7674522331382
2025-03-18T02:45:00Z,2025-03-18T03:00:00Z,2025-03-18,2025-03-18_4,-100.0,100,0,0,63.33608000000001,81.93526000000001,0.05166438888888889,4.7835,0.0,True,True,False,False,-2173.5,0.0,175.93876197938644,0.0,892.23572298234,0.0,-1105.3255150382736
2025-03-18T03:00:00Z,2025-03-18T03:15:00Z,2025-03-18,2025-03-18_5,-40.715468588535714,100,59,0,81.93526000000001,89.98074895297079,0.026982869429275122,1.2945,0.0,True,True,False,False,-898.3868144060406,0.0,175.93876197938644,118.95304683262012,209.1025956844072,0.0,-394.39240990962685
2025-03-18T03:15:00Z,2025-03-18T03:30:00Z,2025-03-18,2025-03-18_5,-40.715468588535714,100,59,0,89.98074895297079,97.57325842095015,0.027342745751037005,1.7464999999999997,0.008260000000000002,True,True,False,False,-898.3868144060406,0.0,175.93876197938644,118.95304683262012,296.7446418741084,-0.4769385369577885,-307.2273022568834
2025-03-18T03:30:00Z,2025-03-18T03:45:00Z,2025-03-18,2025-03-18_5,-40.715468588535714,100,59,0,97.57325842095015,104.31394426301051,0.027942585574836788,2.575,0.0,True,True,False,False,-898.3868144060406,0.0,175.93876197938644,118.95304683262012,440.7682126855927,0.0,-162.72679290844133
2025-03-18T03:45:00Z,2025-03-18T04:00:00Z,2025-03-18,2025-03-18_5,-40.715468588535714,100,59,0,104.31394426301051,102.89820956521741,0.03394184202711978,10.5795,0.0,True,True,False,False,-898.3868144060406,0.0,175.93876197938644,118.95304683262012,7873.676979386414,0.0,7270.18197379238
2025-03-18T04:00:00Z,2025-03-18T04:15:00Z,2025-03-18,2025-03-18_6,0.0,100,100,0,102.89820956521741,105.22414260869567,0.007369741545893721,0.1505,2.706,True,True,False,False,0.0,0.0,175.93876197938644,201.61533361461036,27.00089074397766,-122.4770405641613,282.07794577381316
2025-03-18T04:15:00Z,2025-03-18T04:30:00Z,2025-03-18,2025-03-18_6,0.0,100,100,0,105.22414260869567,104.79896086956524,0.001702393719806763,0.4775,0.10199999999999998,True,True,False,False,0.0,0.0,175.93876197938644,201.61533361461036,81.41042583328311,-7.434464468687841,451.53005695859207
2025-03-18T04:30:00Z,2025-03-18T04:45:00Z,2025-03-18,2025-03-18_6,0.0,100,100,0,104.79896086956524,102.4977086956522,0.006430700483091786,2.1235,0.0075,True,True,False,False,0.0,0.0,175.93876197938644,201.61533361461036,732.1281734072691,-0.5168344283045025,1109.1654345729614
2025-03-18T04:45:00Z,2025-03-18T05:00:00Z,2025-03-18,2025-03-18_6,0.0,100,100,0,102.4977086956522,84.56455652173915,0.0498143115942029,16.4985,0.0,True,True,False,False,0.0,0.0,175.93876197938644,201.61533361461036,14529.031961002955,0.0,14906.58605659695
2025-03-18T05:00:00Z,2025-03-18T05:15:00Z,2025-03-18,2025-03-18_7,0.0,100,100,0,84.56455652173915,80.32989130434785,0.0164012922705314,4.664,0.9075,True,True,False,False,0.0,0.0,197.99891507443795,190.25375203423545,1044.2429220661802,-64.06031432704478,1368.4352748478088
2025-03-18T05:15:00Z,2025-03-18T05:30:00Z,2025-03-18,2025-03-18_7,0.0,100,100,0,80.32989130434785,62.42282608695655,0.049741847826086955,16.4745,0.0,True,True,False,False,0.0,0.0,197.99891507443795,190.25375203423545,3920.827068290037,0.0,4309.07973539871
2025-03-18T05:30:00Z,2025-03-18T05:45:00Z,2025-03-18,2025-03-18_7,0.0,100,100,0,62.42282608695655,46.69782608695655,0.04368055555555555,14.466999999999999,0.0,True,True,False,False,0.0,0.0,197.99891507443795,190.25375203423545,3339.463653386374,0.0,3727.7163204950475
2025-03-18T05:45:00Z,2025-03-18T06:00:00Z,2025-03-18,2025-03-18_7,0.0,100,100,0,46.69782608695655,33.46793478260873,0.03674969806763285,12.1715,0.0,True,True,False,False,0.0,0.0,197.99891507443795,190.25375203423545,2763.326410604143,0.0,3151.5790777128163
2025-03-18T06:00:00Z,2025-03-18T06:15:00Z,2025-03-18,2025-03-18_8,0.0,100,100,0,33.46793478260873,18.944565217391343,0.040342693236714966,13.361499999999998,0.0,True,True,False,False,0.0,0.0,197.69754686275692,190.61539388825267,5035.913458401141,0.0,5424.22639915215
2025-03-18T06:15:00Z,2025-03-18T06:30:00Z,2025-03-18,2025-03-18_8,0.0,100,100,0,18.944565217391343,10.000000000000039,0.024846014492753622,8.229,0.0,True,True,False,False,0.0,0.0,197.69754686275692,190.61539388825267,1696.9962738834306,0.0,2085.30921463444
2025-03-18T06:30:00Z,2025-03-18T06:45:00Z,2025-03-18,2025-03-18_8,0.0,100,100,0,10.000000000000039,10.121201739130475,0.0005782173913043478,0.04,0.179,True,True,False,False,0.0,0.0,197.69754686275692,190.61539388825267,4.420067104655135,-13.30029734996886,379.43271050569587
2025-03-18T06:45:00Z,2025-03-18T07:00:00Z,2025-03-18,2025-03-18_8,0.0,100,100,0,10.121201739130475,16.441150434782653,0.01772147584541063,0.0275,6.902,True,True,False,False,0.0,0.0,197.69754686275692,190.61539388825267,3.038796134450405,-278.90192554196057,112.44981134349943
2025-03-18T07:00:00Z,2025-03-18T07:15:00Z,2025-03-18,2025-03-18_9,2.800174047041682,97,100,0,16.441150434782653,11.772436332084649,0.014538535474219122,3.8639949999999996,0.316,True,True,False,False,68.24024152640578,0.0,170.80676270267014,191.15785666927854,533.071853151307,-16.746355654672215,946.5303583949892
2025-03-18T07:15:00Z,2025-03-18T07:30:00Z,2025-03-18,2025-03-18_9,2.800174047041682,97,100,0,11.772436332084649,10.89710513012402,0.00408830059427323,0.38897000000000004,0.3335,True,True,False,False,68.24024152640578,0.0,170.80676270267014,191.15785666927854,42.9818375424427,-20.528746509151553,452.6579519316456
2025-03-18T07:30:00Z,2025-03-18T07:45:00Z,2025-03-18,2025-03-18_9,2.800174047041682,97,100,0,10.89710513012402,13.074343314581121,0.009737907888079335,0.0,3.1775000000000007,True,True,False,False,68.24024152640578,0.0,170.80676270267014,191.15785666927854,0.0,-132.71535169670307,297.4895092016514
2025-03-18T07:45:00Z,2025-03-18T08:00:00Z,2025-03-18,2025-03-18_9,2.800174047041682,97,100,0,13.074343314581121,30.60627342692105,0.04958196214801046,0.0,19.783,True,True,False,False,68.24024152640578,0.0,170.80676270267014,191.15785666927854,0.0,15198.918836919616,15629.123697817971
2025-03-18T08:00:00Z,2025-03-18T08:15:00Z,2025-03-18,2025-03-18_10,33.90633885595977,66,100,0,30.60627342692105,19.481718422760995,0.03164810629954495,1.9565700000000001,0.22100000000000003,True,True,False,False,568.1007075316058,0.0,116.2190344162498,203.2427219576879,279.5391454583811,-8.673360858296668,1158.428248505628
2025-03-18T08:15:00Z,2025-03-18T08:30:00Z,2025-03-18,2025-03-18_10,33.90633885595977,66,100,0,19.481718422760995,10.000000000000037,0.02646309718685505,0.27984,0.037,True,True,False,False,568.1007075316058,0.0,116.2190344162498,203.2427219576879,30.922789464167323,-2.858982781829506,915.6262705878813
2025-03-18T08:30:00Z,2025-03-18T08:45:00Z,2025-03-18,2025-03-18_10,33.90633885595977,66,100,0,10.000000000000037,11.809368118866388,0.03317376359200805,0.01881,11.308,True,True,False,False,568.1007075316058,0.0,116.2190344162498,203.2427219576879,2.078536555964077,8054.011846583489,8943.652847044998
2025-03-18T08:45:00Z,2025-03-18T09:00:00Z,2025-03-18,2025-03-18_10,33.90633885595977,66,100,0,11.809368118866388,23.896992882892093,0.040105138924360524,0.0,21.8115,True,True,False,False,568.1007075316058,0.0,116.2190344162498,203.2427219576879,0.0,24845.372592972093,25732.935056877635
2025-03-18T09:00:00Z,2025-03-18T09:15:00Z,2025-03-18,2025-03-18_11,29.957910386406223,70,100,0,23.896992882892093,16.05008100586361,0.03380047945599187,2.72195,3.3530000000000006,True,True,False,False,228.7286458002115,0.0,123.26261225965887,203.2427219576879,322.7238594619573,608.7547897454444,1486.71262922496
2025-03-18T09:15:00Z,2025-03-18T09:30:00Z,2025-03-18,2025-03-18_11,29.957910386406223,70,100,0,16.05008100586361,10.000000000000025,0.026244263445451117,0.42945000000000005,2.6365,True,True,False,False,228.7286458002115,0.0,123.26261225965887,203.2427219576879,47.4549454523537,-44.93857121330842,557.7503542566035
2025-03-18T09:30:00Z,2025-03-18T09:45:00Z,2025-03-18,2025-03-18_11,29.957910386406223,70,100,0,10.000000000000025,12.012428125596479,0.03188103897482358,0.0,10.467,True,True,False,False,228.7286458002115,0.0,123.26261225965887,203.2427219576879,0.0,217.68659815562657,772.9205781731848
2025-03-18T09:45:00Z,2025-03-18T10:00:00Z,2025-03-18,2025-03-18_11,29.957910386406223,70,100,0,12.012428125596479,17.666783895651946,0.03520541681898737,0.0,14.2215,True,True,False,False,228.7286458002115,0.0,123.26261225965887,203.2427219576879,0.0,2530.6629654632034,3085.8969454807616
2025-03-18T10:00:00Z,2025-03-18T10:15:00Z,2025-03-18,2025-03-18_12,0.0,100,100,0,17.666783895651946,21.38592998260847,0.01041248309178744,0.0135,4.0585,True,True,False,False,0.0,0.0,176.08944608522697,203.2427219576879,1.2551232595985775,-43.670480883209784,336.91681041930366
2025-03-18T10:15:00Z,2025-03-18T10:30:00Z,2025-03-18,2025-03-18_12,0.0,100,100,0,21.38592998260847,36.67770998260847,0.04247716666666667,0.0,16.6215,True,True,False,False,0.0,0.0,176.08944608522697,203.2427219576879,0.0,11604.714334880358,11984.046502923273
2025-03-18T10:30:00Z,2025-03-18T10:45:00Z,2025-03-18,2025-03-18_12,0.0,100,100,0,36.67770998260847,53.894589982608466,0.04782466666666667,0.0,18.714,True,True,False,False,0.0,0.0,176.08944608522697,203.2427219576879,0.0,11358.198225543969,11737.530393586883
2025-03-18T10:45:00Z,2025-03-18T11:00:00Z,2025-03-18,2025-03-18_12,0.0,100,100,0,53.894589982608466,65.65770998260847,0.032675333333333334,0.0,12.786,True,True,False,False,0.0,0.0,176.08944608522697,203.2427219576879,0.0,705.2401350129588,1084.5723030558738
2025-03-18T11:00:00Z,2025-03-18T11:15:00Z,2025-03-18,2025-03-18_13,0.0,100,100,0,65.65770998260847,71.63678998260846,0.016608555555555553,0.0,6.498999999999999,True,True,False,False,0.0,0.0,176.08944608522697,203.2427219576879,0.0,3064.6768123279685,3444.0089803708834
2025-03-18T11:15:00Z,2025-03-18T11:30:00Z,2025-03-18,2025-03-18_13,0.0,100,100,0,71.63678998260846,81.6298021565215,0.028824188405797105,0.1765,11.0705,True,True,False,False,0.0,0.0,176.08944608522697,203.2427219576879,16.710744680851064,4772.881717899263,5168.924630623029
2025-03-18T11:30:00Z,2025-03-18T11:45:00Z,2025-03-18,2025-03-18_13,0.0,100,100,0,81.6298021565215,87.6190021565215,0.016636666666666664,0.0,6.509999999999999,True,True,False,False,0.0,0.0,176.08944608522697,203.2427219576879,0.0,236.39802905189558,615.7301970948105
2025-03-18T11:45:00Z,2025-03-18T12:00:00Z,2025-03-18,2025-03-18_13,0.0,100,100,0,87.6190021565215,90.41070389565195,0.008621272946859904,0.1435,3.2039999999999997,True,True,False,False,0.0,0.0,176.08944608522697,203.2427219576879,13.410285897976816,6.3773588089928275,399.11981274988455
2025-03-18T12:00:00Z,2025-03-18T12:15:00Z,2025-03-18,2025-03-18_14,-78.00000000000011,100,22,0,90.41070389565195,109.45165869565197,0.05289154111111118,0.0,1.19669,True,True,False,False,-53.62500000000008,0.0,176.08944608522697,44.71339883069134,0.0,-2.374963096457919,164.8028818194603
2025-03-18T12:15:00Z,2025-03-18T12:30:00Z,2025-03-18,2025-03-18_14,-78.00000000000011,100,22,0,109.45165869565197,128.6247627826085,0.053267921980676404,0.007000000000000001,1.34761,True,True,False,False,-53.62500000000008,0.0,176.08944608522697,44.71339883069134,0.6520985273140057,-10.19405382637173,157.6358896168605
2025-03-18T12:30:00Z,2025-03-18T12:45:00Z,2025-03-18,2025-03-18_14,-78.00000000000011,100,22,0,128.6247627826085,146.4916853565216,0.0497711617391305,0.106,0.030800000000000004,True,True,False,False,-53.62500000000008,0.0,176.08944608522697,44.71339883069134,9.874634842183514,-1.732666305024813,175.31981345307693
2025-03-18T12:45:00Z,2025-03-18T13:00:00Z,2025-03-18,2025-03-18_14,-78.00000000000011,100,22,0,146.4916853565216,164.0761502260868,0.04935123091787447,0.3805,0.00924,True,True,False,False,-53.62500000000008,0.0,176.08944608522697,44.71339883069134,35.446212806139876,-0.5206835513230065,202.1033741707351
2025-03-18T13:00:00Z,2025-03-18T13:15:00Z,2025-03-18,2025-03-18_15,0.0,100,100,0,164.0761502260868,172.1252302260868,0.022358555555555555,0.0,8.749,True,True,False,False,0.0,0.0,176.08944608522697,203.2427219576879,0.0,659.981473288731,1039.3136413316458
2025-03-18T13:15:00Z,2025-03-18T13:30:00Z,2025-03-18,2025-03-18_15,0.0,100,100,0,172.1252302260868,173.1262337043477,0.00361087922705314,0.1375,1.2505,True,True,False,False,0.0,0.0,176.08944608522697,203.2427219576879,13.401090952926289,-38.12903210576015,354.604226890081
2025-03-18T13:30:00Z,2025-03-18T13:45:00Z,2025-03-18,2025-03-18_15,0.0,100,100,0,173.1262337043477,173.1199597913042,0.0007585386473429952,0.1285,0.145,True,True,False,False,0.0,0.0,176.08944608522697,203.2427219576879,12.496923834207301,-7.925984971771845,383.90310690535034
2025-03-18T13:45:00Z,2025-03-18T14:00:00Z,2025-03-18,2025-03-18_15,0.0,100,100,0,173.1199597913042,173.10118239999986,0.0007268260869565217,0.129,0.132,True,True,False,False,0.0,0.0,176.08944608522697,203.2427219576879,12.557109276113556,-7.9332071605087116,383.9560701585197
2025-03-18T14:00:00Z,2025-03-18T14:15:00Z,2025-03-18,2025-03-18_16,-3.0,100,97,0,173.10118239999986,184.61063999999985,0.03197071555555556,0.0,11.76028,True,True,False,False,-50.46,0.0,176.08944608522697,197.14544029895725,0.0,748.6430790669641,1071.4179654511483
2025-03-18T14:15:00Z,2025-03-18T14:30:00Z,2025-03-18,2025-03-18_16,-3.0,100,97,0,184.61063999999985,189.99167307826073,0.01785262811594203,0.496,5.682259999999999,True,True,False,False,-50.46,0.0,176.08944608522697,197.14544029895725,58.23239105539148,-75.35704459847707,305.6502328410986
2025-03-18T14:30:00Z,2025-03-18T14:45:00Z,2025-03-18,2025-03-18_16,-3.0,100,97,0,189.99167307826073,177.80649394782594,0.03585638647342996,11.9,0.0,True,True,False,False,-50.46,0.0,176.08944608522697,197.14544029895725,10115.212786048662,0.0,10437.987672432846
2025-03-18T14:45:00Z,2025-03-18T15:00:00Z,2025-03-18,2025-03-18_16,-3.0,100,97,0,177.80649394782594,163.13932650434768,0.042399051787439614,14.194,0.0,True,True,False,False,-50.46,0.0,176.08944608522697,197.14544029895725,5882.908668555242,0.0,6205.683554939426
2025-03-18T15:00:00Z,2025-03-18T15:15:00Z,2025-03-18,2025-03-18_17,0.0,100,100,0,163.13932650434768,174.78186041739116,0.032675516908212555,0.05550000000000001,12.720499999999998,True,True,False,False,0.0,0.0,176.08944608522697,203.2427219576879,8.670613585678984,6238.020953529021,6626.023735157615
2025-03-18T15:15:00Z,2025-03-18T15:30:00Z,2025-03-18,2025-03-18_17,0.0,100,100,0,174.78186041739116,177.7758369391303,0.008389065217391304,0.012,3.2685,True,True,False,False,0.0,0.0,176.08944608522697,203.2427219576879,1.9143704418057983,-146.82869266469774,234.41784582002293
2025-03-18T15:30:00Z,2025-03-18T15:45:00Z,2025-03-18,2025-03-18_17,0.0,100,100,0,177.7758369391303,173.30778476521726,0.012564589371980676,4.136,0.03,True,True,False,False,0.0,0.0,176.08944608522697,203.2427219576879,2556.309423984892,-2.3768910855282988,2933.2647009422785
2025-03-18T15:45:00Z,2025-03-18T16:00:00Z,2025-03-18,2025-03-18_17,0.0,100,100,0,173.30778476521726,146.5860456347825,0.07422705314009662,24.584,0.0,True,True,False,False,0.0,0.0,176.08944608522697,203.2427219576879,38274.58081128323,0.0,38653.912979326145
2025-03-18T16:00:00Z,2025-03-18T16:15:00Z,2025-03-18,2025-03-18_18,-99.93553218938611,100,0,0,146.5860456347825,162.97312620056198,0.04554758482462367,7.170999999999999,0.0,True,True,False,False,-3729.344222477416,0.0,191.54963534446387,0.0,3131.6665963474175,0.0,-406.1279907855349
2025-03-18T16:15:00Z,2025-03-18T16:30:00Z,2025-03-18,2025-03-18_18,-99.93553218938611,100,0,0,162.97312620056198,166.34206391780975,0.009441156792378018,21.3195,0.0,True,True,False,False,-3729.344222477416,0.0,191.54963534446387,0.0,25686.525847748788,0.0,22148.731260615834
2025-03-18T16:30:00Z,2025-03-18T16:45:00Z,2025-03-18,2025-03-18_18,-99.93553218938611,100,0,0,166.34206391780975,170.73186105410872,0.01227255813540213,20.21,0.0,True,True,False,False,-3729.344222477416,0.0,191.54963534446387,0.0,19063.572898961287,0.0,15525.778311828335
2025-03-18T16:45:00Z,2025-03-18T17:00:00Z,2025-03-18,2025-03-18_18,-99.93553218938611,100,0,0,170.73186105410872,172.0144547130432,0.0036545839710106004,23.587,0.0,True,True,False,False,-3729.344222477416,0.0,191.54963534446387,0.0,34592.48483474976,0.0,31054.690247616807
2025-03-18T17:00:00Z,2025-03-18T17:15:00Z,2025-03-18,2025-03-18_19,78.0,22,100,0,172.0144547130432,151.69545302608665,0.057671251352657,0.25003,1.0935,True,True,False,False,3357.705,0.0,44.05038876499307,190.7359411729251,49.6778208687441,-79.75236272677957,3562.4167880798827
2025-03-18T17:15:00Z,2025-03-18T17:30:00Z,2025-03-18,2025-03-18_19,78.0,22,100,0,151.69545302608665,131.01298810434753,0.058009578115942026,0.007590000000000001,0.4965,True,True,False,False,3357.705,0.0,44.05038876499307,190.7359411729251,1.4179802905189565,-37.566435115424035,3556.342875113013
2025-03-18T17:30:00Z,2025-03-18T17:45:00Z,2025-03-18,2025-03-18_19,78.0,22,100,0,131.01298810434753,109.82123288695621,0.058894097826086955,0.020569999999999998,0.025,True,True,False,False,3357.705,0.0,44.05038876499307,190.7359411729251,3.5663965382838083,-2.0040986076788623,3594.053627868523
2025-03-18T17:45:00Z,2025-03-18T18:00:00Z,2025-03-18,2025-03-18_19,78.0,22,100,0,109.82123288695621,88.83315217391274,0.05853129753623188,0.007590000000000001,0.2055,True,True,False,False,3357.705,0.0,44.05038876499307,190.7359411729251,1.3828399614248694,-16.109039840877585,3577.7651300584653
2025-03-18T18:00:00Z,2025-03-18T18:15:00Z,2025-03-18,2025-03-18_20,100.0,0,100,0,88.83315217391274,61.89673913043448,0.07482336956521737,0.0,0.2185,True,True,False,False,4147.25,0.0,0.0,190.25375203423545,0.0,-16.28462198380648,4321.219130050429
2025-03-18T18:15:00Z,2025-03-18T18:30:00Z,2025-03-18,2025-03-18_20,100.0,0,100,0,61.89673913043448,34.79673913043448,0.07527777777777778,0.0,0.068,True,True,False,False,4147.25,0.0,0.0,190.25375203423545,0.0,-5.26701143190083,4332.236740602335
2025-03-18T18:30:00Z,2025-03-18T18:45:00Z,2025-03-18,2025-03-18_20,100.0,0,100,0,34.79673913043448,15.490217391304046,0.0536292270531401,0.0,7.2379999999999995,True,True,False,False,4147.25,0.0,0.0,190.25375203423545,0.0,5247.383493862134,9584.887245896369
2025-03-18T18:45:00Z,2025-03-18T19:00:00Z,2025-03-18,2025-03-18_20,100.0,0,100,0,15.490217391304046,9.999999999999702,0.01525060386473429,0.0,19.949,True,True,False,False,4147.25,0.0,0.0,190.25375203423545,0.0,14326.246114158283,18663.749866192516
2025-03-18T19:00:00Z,2025-03-18T19:15:00Z,2025-03-18,2025-03-18_21,20.80108681489475,79,100,0,9.999999999999702,11.52518165742596,0.026195830672681036,0.0,7.518,True,True,False,False,750.0871905451047,0.0,138.9916219637153,190.61539388825267,0.0,241.82122114399377,1321.5154275410664
2025-03-18T19:15:00Z,2025-03-18T19:30:00Z,2025-03-18,2025-03-18_21,20.80108681489475,79,100,0,11.52518165742596,13.85854121952919,0.02737747702692814,0.0,8.3645,True,True,False,False,750.0871905451047,0.0,138.9916219637153,190.61539388825267,0.0,-52.5938544994274,1027.1003518976452
2025-03-18T19:30:00Z,2025-03-18T19:45:00Z,2025-03-18,2025-03-18_21,20.80108681489475,79,100,0,13.85854121952919,13.494792003472426,0.023434002779145417,0.0,5.5395,True,True,False,False,750.0871905451047,0.0,138.9916219637153,190.61539388825267,0.0,-282.6143318666747,797.079874530398
2025-03-18T19:45:00Z,2025-03-18T20:00:00Z,2025-03-18,2025-03-18_21,20.80108681489475,79,100,0,13.494792003472426,10.559003478260614,0.019673394062852793,0.0,2.8455,True,True,False,False,750.0871905451047,0.0,138.9916219637153,190.61539388825267,0.0,-174.50433367488398,905.1898727221887
2025-03-18T20:00:00Z,2025-03-18T20:15:00Z,2025-03-18,2025-03-18_22,0.0,100,100,0,10.559003478260614,9.999999999999744,0.002061342995169082,0.5985,0.0995,True,True,False,False,0.0,0.0,175.93876197938644,201.61533361461036,102.67558314748962,-7.177781628593817,473.0518971128926
2025-03-18T20:15:00Z,2025-03-18T20:30:00Z,2025-03-18,2025-03-18_22,0.0,100,100,0,9.999999999999744,10.84754173913018,0.002595828502415459,0.04,0.9685000000000001,True,True,False,False,0.0,0.0,175.93876197938644,201.61533361461036,6.7705382436260635,-68.66439866996164,315.6602351676612
2025-03-18T20:30:00Z,2025-03-18T20:45:00Z,2025-03-18,2025-03-18_22,0.0,100,100,0,10.84754173913018,14.57722173913018,0.010360222222222224,0.0,4.054,True,True,False,False,0.0,0.0,175.93876197938644,201.61533361461036,0.0,2484.84632913427,2862.400424728267
2025-03-18T20:45:00Z,2025-03-18T21:00:00Z,2025-03-18,2025-03-18_22,0.0,100,100,0,14.57722173913018,36.37570173913018,0.06055133333333334,0.0,23.694,True,True,False,False,0.0,0.0,175.93876197938644,201.61533361461036,0.0,31028.081562292806,31405.635657886804
2025-03-18T21:00:00Z,2025-03-18T21:15:00Z,2025-03-18,2025-03-18_23,52.25894859300624,47,100,0,36.37570173913018,27.61203449507387,0.03751517011434287,0.0,5.398,True,True,False,False,1545.8196993811243,0.0,82.69121813031163,201.61533361461036,0.0,2245.855615695257,4075.981866821303
2025-03-18T21:15:00Z,2025-03-18T21:30:00Z,2025-03-18,2025-03-18_23,52.25894859300624,47,100,0,27.61203449507387,18.03048047604848,0.037805718097974714,0.0,4.586,True,True,False,False,1545.8196993811243,0.0,82.69121813031163,201.61533361461036,0.0,1312.7958250457077,3142.9220761717543
2025-03-18T21:30:00Z,2025-03-18T21:45:00Z,2025-03-18,2025-03-18_23,52.25894859300624,47,100,0,18.03048047604848,10.169308983682189,0.03719456544274911,0.0,6.294,True,True,False,False,1545.8196993811243,0.0,82.69121813031163,201.61533361461036,0.0,533.2164812247604,2363.3427323508067
2025-03-18T21:45:00Z,2025-03-18T22:00:00Z,2025-03-18,2025-03-18_23,52.25894859300624,47,100,0,10.169308983682189,9.99999999999985,0.03446209047106853,0.0,13.930500000000002,True,True,False,False,1545.8196993811243,0.0,82.69121813031163,201.61533361461036,0.0,3126.3201292869635,4956.44638041301
2025-03-18T22:00:00Z,2025-03-18T22:15:00Z,2025-03-19,2025-03-18_24,-66.45399020603139,100,33,0,9.99999999999985,23.821553651838563,0.042051664352203394,1.806,0.325875,True,True,False,False,-1734.1168744263891,0.0,175.5434564230321,66.53172338972155,333.64592759271903,-17.35784900249126,-1175.7536160234076
2025-03-18T22:15:00Z,2025-03-18T22:30:00Z,2025-03-19,2025-03-18_24,-66.45399020603139,100,33,0,23.821553651838563,38.528478706554296,0.04205179893206237,0.592,0.00033000000000000005,True,True,False,False,-1734.1168744263891,0.0,175.5434564230321,66.53172338972155,89.37672841242414,-0.025856873066259497,-1402.6908230742777
2025-03-18T22:30:00Z,2025-03-18T22:45:00Z,2025-03-19,2025-03-18_24,-66.45399020603139,100,33,0,38.528478706554296,53.787124818873465,0.042506671603521715,0.06,0.03564,True,True,False,False,-1734.1168744263891,0.0,175.5434564230321,66.53172338972155,8.96853779081448,-2.681026768995861,-1485.7541835918169
2025-03-18T22:45:00Z,2025-03-18T23:00:00Z,2025-03-19,2025-03-18_24,-66.45399020603139,100,33,0,53.787124818873465,66.18188869565209,0.04042807206109648,2.961,0.00033000000000000005,True,True,False,False,-1734.1168744263891,0.0,175.5434564230321,66.53172338972155,556.9920954715313,-0.025856873066259497,-935.0754560151704
2025-03-18T23:00:00Z,2025-03-18T23:15:00Z,2025-03-19,2025-03-19_1,0.0,100,100,0,66.18188869565209,61.55346956521731,0.013027942028985507,4.2865,0.0335,True,True,False,False,0.0,0.0,175.5434564230321,202.24414352874993,845.4474063768232,-2.5054263269980313,1220.7295800016072
2025-03-18T23:15:00Z,2025-03-18T23:30:00Z,2025-03-19,2025-03-19_1,0.0,100,100,0,61.55346956521731,61.56639565217383,0.00011742753623188406,0.0135,0.03,True,True,False,False,0.0,0.0,175.5434564230321,202.24414352874993,2.0179210029332584,-2.347713665769277,377.457807288946
2025-03-18T23:30:00Z,2025-03-18T23:45:00Z,2025-03-19,2025-03-19_1,0.0,100,100,0,61.56639565217383,62.32029999999992,0.0022119323671497587,0.0195,0.8425,True,True,False,False,0.0,0.0,175.5434564230321,202.24414352874993,2.9147747820147063,-61.25043044561417,319.4519442881826
2025-03-18T23:45:00Z,2025-03-19T00:00:00Z,2025-03-19,2025-03-19_1,0.0,100,100,0,62.32029999999992,59.82139565217383,0.007107512077294685,2.3265,0.0325,True,True,False,False,0.0,0.0,175.5434564230321,202.24414352874993,445.13114176075857,-2.3746338449793063,820.5441078675613
2025-03-19T00:00:00Z,2025-03-19T00:15:00Z,2025-03-19,2025-03-19_2,9.65690614801876e-15,100,100,0,59.82139565217383,58.63615652173904,0.0033562198067632917,1.101,0.0125,True,True,False,False,2.5549759441120634e-13,0.0,175.5434564230321,202.24414352874993,190.60324245590064,-0.9706875075340538,567.4201549001489
2025-03-19T00:15:00Z,2025-03-19T00:30:00Z,2025-03-19,2025-03-19_2,9.65690614801876e-15,100,100,0,58.63615652173904,61.28396260869556,0.007436538647343002,0.0135,2.894,True,True,False,False,2.5549759441120634e-13,0.0,175.5434564230321,202.24414352874993,2.0179210029332584,-145.61923775465104,234.1862832000645
2025-03-19T00:30:00Z,2025-03-19T00:45:00Z,2025-03-19,2025-03-19_2,9.65690614801876e-15,100,100,0,61.28396260869556,65.73814260869555,0.012372722222222224,0.0,4.8415,True,True,False,False,2.5549759441120634e-13,0.0,175.5434564230321,202.24414352874993,0.0,-248.86831297464536,128.91928697713692
2025-03-19T00:45:00Z,2025-03-19T01:00:00Z,2025-03-19,2025-03-19_2,9.65690614801876e-15,100,100,0,65.73814260869555,65.82945391304338,0.0014764685990338235,0.20250000000000004,0.3385,True,True,False,False,2.5549759441120634e-13,0.0,175.5434564230321,202.24414352874993,30.26881504399888,-24.833239743641258,383.2231752521399
2025-03-19T01:00:00Z,2025-03-19T01:15:00Z,2025-03-19,2025-03-19_3,-100.0,100,0,0,65.82945391304338,82.10517391304339,0.045210333333333345,7.309,0.0,True,True,False,False,-2603.25,0.0,175.5434564230321,0.0,1567.8035544661868,0.0,-859.902989110781
2025-03-19T01:15:00Z,2025-03-19T01:30:00Z,2025-03-19,2025-03-19_3,-100.0,100,0,0,82.10517391304339,100.48033391304338,0.051042111111111114,5.027,0.0,True,True,False,False,-2603.25,0.0,175.5434564230321,0.0,981.8264059549163,0.0,-1445.8801376220517
2025-03-19T01:30:00Z,2025-03-19T01:45:00Z,2025-03-19,2025-03-19_3,-100.0,100,0,0,100.48033391304338,120.99403391304338,0.0569825,2.7025,0.0,True,True,False,False,-2603.25,0.0,175.5434564230321,0.0,506.6647260617994,0.0,-1921.0418175151685
2025-03-19T01:45:00Z,2025-03-19T02:00:00Z,2025-03-19,2025-03-19_3,-100.0,100,0,0,120.99403391304338,143.77875391304337,0.0632908888888889,0.234,0.0,True,True,False,False,-2603.25,0.0,175.5434564230321,0.0,34.97729738417648,0.0,-2392.7292461927914
2025-03-19T02:00:00Z,2025-03-19T02:15:00Z,2025-03-19,2025-03-19_4,0.0,100,100,0,143.77875391304337,142.53883826086948,0.0036179879227053137,1.1695,0.034,True,True,False,False,0.0,0.0,175.5434564230321,201.6112829991562,204.40827108530559,-2.56790372483626,578.9951067826577
2025-03-19T02:15:00Z,2025-03-19T02:30:00Z,2025-03-19,2025-03-19_4,0.0,100,100,0,142.53883826086948,143.61293826086947,0.0029836111111111114,0.0,1.1675,True,True,False,False,0.0,0.0,175.5434564230321,201.6112829991562,0.0,-68.20072728733876,308.95401213484956
2025-03-19T02:30:00Z,2025-03-19T02:45:00Z,2025-03-19,2025-03-19_4,0.0,100,100,0,143.61293826086947,144.65779826086947,0.0035273888888888894,0.1035,1.258,True,True,False,False,0.0,0.0,175.5434564230321,201.6112829991562,16.02041678386306,-70.59499497729738,322.580161228754
2025-03-19T02:45:00Z,2025-03-19T03:00:00Z,2025-03-19,2025-03-19_4,0.0,100,100,0,144.65779826086947,145.69739826086948,0.0028877777777777773,0.0,1.13,True,True,False,False,0.0,0.0,175.5434564230321,201.6112829991562,0.0,-70.38060634065978,306.77413308152853
2025-03-19T03:00:00Z,2025-03-19T03:15:00Z,2025-03-19,2025-03-19_5,0.0,100,100,0,145.69739826086948,146.45823826086948,0.0021134444444444443,0.0,0.827,True,True,False,False,0.0,0.0,175.5434564230321,201.6112829991562,0.0,-58.95153875517338,318.2032006670149
2025-03-19T03:15:00Z,2025-03-19T03:30:00Z,2025-03-19,2025-03-19_5,0.0,100,100,0,146.45823826086948,146.66265739130426,0.000794280193236715,0.0375,0.2665,True,True,False,False,0.0,0.0,175.5434564230321,201.6112829991562,5.663197653393337,-19.713204283360792,363.10473279222083
2025-03-19T03:30:00Z,2025-03-19T03:45:00Z,2025-03-19,2025-03-19_5,0.0,100,100,0,146.66265739130426,144.9732199999999,0.006016659420289855,1.7735,0.259,True,True,False,False,0.0,0.0,175.5434564230321,201.6112829991562,351.68062462329726,-18.918697512757664,709.9166665327278
2025-03-19T03:45:00Z,2025-03-19T04:00:00Z,2025-03-19,2025-03-19_5,0.0,100,100,0,144.9732199999999,141.33713130434774,0.01070591304347826,3.4455,0.11849999999999998,True,True,False,False,0.0,0.0,175.5434564230321,201.6112829991562,685.7641490537228,-7.073455318037527,1055.8454331578737
2025-03-19T04:00:00Z,2025-03-19T04:15:00Z,2025-03-19,2025-03-19_6,0.0,100,100,0,141.33713130434774,145.90815130434774,0.012697277777777778,0.0,4.9685,True,True,False,False,0.0,0.0,175.5434564230321,201.6112829991562,0.0,-232.1631296459999,144.9916097761884
2025-03-19T04:15:00Z,2025-03-19T04:30:00Z,2025-03-19,2025-03-19_6,0.0,100,100,0,145.90815130434774,145.87151043478252,0.0005413357487922706,0.1065,0.086,True,True,False,False,0.0,0.0,175.5434564230321,201.6112829991562,18.407891871258084,-6.469247800056253,389.09338349339015
2025-03-19T04:30:00Z,2025-03-19T04:45:00Z,2025-03-19,2025-03-19_6,0.0,100,100,0,145.87151043478252,145.86055304347815,0.0007485483091787439,0.129,0.1405,True,True,False,False,0.0,0.0,175.5434564230321,201.6112829991562,22.7040155502873,-10.35379485273436,389.5049601197412
2025-03-19T04:45:00Z,2025-03-19T05:00:00Z,2025-03-19,2025-03-19_6,0.0,100,100,0,145.86055304347815,145.3832173913042,0.0014307101449275363,0.4565000000000001,0.0205,True,True,False,False,0.0,0.0,175.5434564230321,201.6112829991562,86.55221290231849,-1.6022405271828666,462.10471179732394
2025-03-19T05:00:00Z,2025-03-19T05:15:00Z,2025-03-19,2025-03-19_7,100.00000000000001,0,100,0,145.3832173913042,121.04408695652161,0.06760869565217392,0.0,2.608,True,True,False,False,4058.7500000000005,0.0,0.0,190.61156427050267,0.0,-147.2277671073251,4102.133797163178
2025-03-19T05:15:00Z,2025-03-19T05:30:00Z,2025-03-19,2025-03-19_7,100.00000000000001,0,100,0,121.04408695652161,93.96528260869552,0.07521890096618358,0.0,0.0875,True,True,False,False,4058.7500000000005,0.0,0.0,190.61156427050267,0.0,-6.471455981034273,4242.890108289469
2025-03-19T05:30:00Z,2025-03-19T05:45:00Z,2025-03-19,2025-03-19_7,100.00000000000001,0,100,0,93.96528260869552,66.95876086956508,0.07501811594202899,0.0,0.154,True,True,False,False,4058.7500000000005,0.0,0.0,190.61156427050267,0.0,-11.690745369068187,4237.670818901435
2025-03-19T05:45:00Z,2025-03-19T06:00:00Z,2025-03-19,2025-03-19_7,100.00000000000001,0,100,0,66.95876086956508,40.37669565217377,0.0738390700483092,0.0,0.5445,True,True,False,False,4058.7500000000005,0.0,0.0,190.61156427050267,0.0,-39.072201551010565,4210.289362719493
2025-03-19T06:00:00Z,2025-03-19T06:15:00Z,2025-03-19,2025-03-19_8,0.0,100,100,0,40.37669565217377,38.02038347826073,0.006555533816425121,2.1695,0.002,True,True,False,False,0.0,0.0,197.39221280186442,189.85815887812913,435.1614081649054,-0.1567083216136939,822.2550715232853
2025-03-19T06:15:00Z,2025-03-19T06:30:00Z,2025-03-19,2025-03-19_8,0.0,100,100,0,38.02038347826073,36.75800956521725,0.0035193719806763278,1.1635,0.0025,True,True,False,False,0.0,0.0,197.39221280186442,189.85815887812913,231.27268232410492,-0.19588540201711738,618.3271686020813
2025-03-19T06:30:00Z,2025-03-19T06:45:00Z,2025-03-19,2025-03-19_8,0.0,100,100,0,36.75800956521725,36.82352086956507,0.0006409130434782608,0.076,0.161,True,True,False,False,0.0,0.0,197.39221280186442,189.85815887812913,13.896117651786072,-12.143088761200628,389.003400570579
2025-03-19T06:45:00Z,2025-03-19T07:00:00Z,2025-03-19,2025-03-19_8,0.0,100,100,0,36.82352086956507,37.64521565217377,0.0024606256038647344,0.029499999999999995,0.928,True,True,False,False,0.0,0.0,197.39221280186442,189.85815887812913,5.010448225981435,-66.33464218266565,325.92617772330937
2025-03-19T07:00:00Z,2025-03-19T07:15:00Z,2025-03-19,2025-03-19_9,0.0,100,100,0,37.64521565217377,13.74626173913029,0.06640387198067634,21.99,0.0035000000000000005,True,True,False,False,0.0,0.0,175.66400128581185,190.2800658978583,23158.415901876477,-0.27423956282396433,23524.08572949732
2025-03-19T07:15:00Z,2025-03-19T07:30:00Z,2025-03-19,2025-03-19_9,0.0,100,100,0,13.74626173913029,9.999999999999854,0.010741060386473428,3.502,0.0655,True,True,False,False,0.0,0.0,175.66400128581185,190.2800658978583,462.81715473942216,-4.884575581628963,823.8766463414634
2025-03-19T07:30:00Z,2025-03-19T07:45:00Z,2025-03-19,2025-03-19_9,0.0,100,100,0,9.999999999999854,22.574099999999852,0.03492805555555555,0.0,13.667499999999999,True,True,False,False,0.0,0.0,175.66400128581185,190.2800658978583,0.0,7056.621908526538,7422.5659757102085
2025-03-19T07:45:00Z,2025-03-19T08:00:00Z,2025-03-19,2025-03-19_9,0.0,100,100,0,22.574099999999852,38.845219999999856,0.04519755555555555,0.0,17.686,True,True,False,False,0.0,0.0,175.66400128581185,190.2800658978583,0.0,10479.798899425403,10845.742966609074
2025-03-19T08:00:00Z,2025-03-19T08:15:00Z,2025-03-19,2025-03-19_10,0.0,100,100,0,38.845219999999856,35.46796347826073,0.013393490338164251,3.7714999999999996,0.7850000000000001,True,True,False,False,0.0,0.0,175.66400128581185,202.57564190139428,407.8704412946518,-32.05955518945635,754.0505292924016
2025-03-19T08:15:00Z,2025-03-19T08:30:00Z,2025-03-19,2025-03-19_10,0.0,100,100,0,35.46796347826073,38.85843130434768,0.00974103381642512,0.0535,3.7485,True,True,False,False,0.0,0.0,175.66400128581185,202.57564190139428,5.520472535862096,220.21514947562986,603.975265198698
2025-03-19T08:30:00Z,2025-03-19T08:45:00Z,2025-03-19,2025-03-19_10,0.0,100,100,0,38.85843130434768,48.18217130434768,0.025899277777777775,0.0,10.1345,True,True,False,False,0.0,0.0,175.66400128581185,202.57564190139428,0.0,3202.582629686181,3580.822272873387
2025-03-19T08:45:00Z,2025-03-19T09:00:00Z,2025-03-19,2025-03-19_10,0.0,100,100,0,48.18217130434768,69.97191130434769,0.06052705555555556,0.0,23.6845,True,True,False,False,0.0,0.0,175.66400128581185,202.57564190139428,0.0,32004.262340378507,32382.501983565715
2025-03-19T09:00:00Z,2025-03-19T09:15:00Z,2025-03-19,2025-03-19_11,23.84644479999998,0,0,0,69.97191130434769,63.491899130434646,0.018000033816425103,0.0,0.0,True,False,False,False,50.31599852799995,0.0,0.0,0.0,0.0,0.0,50.31599852799995
2025-03-19T09:15:00Z,2025-03-19T09:30:00Z,2025-03-19,2025-03-19_11,23.84644479999998,0,0,0,63.491899130434646,57.01188695652161,0.018000033816425103,0.0,0.0,True,False,False,False,50.31599852799995,0.0,0.0,0.0,0.0,0.0,50.31599852799995
2025-03-19T09:30:00Z,2025-03-19T09:45:00Z,2025-03-19,2025-03-19_11,23.84644479999998,0,0,0,57.01188695652161,50.53187478260857,0.018000033816425103,0.0,0.0,True,False,False,False,50.31599852799995,0.0,0.0,0.0,0.0,0.0,50.31599852799995
2025-03-19T09:45:00Z,2025-03-19T10:00:00Z,2025-03-19,2025-03-19_11,23.84644479999998,0,0,0,50.53187478260857,44.05186260869553,0.018000033816425103,0.0,0.0,True,False,False,False,50.31599852799995,0.0,0.0,0.0,0.0,0.0,50.31599852799995
2025-03-19T10:00:00Z,2025-03-19T10:15:00Z,2025-03-19,2025-03-19_12,0.0,100,100,0,44.05186260869553,49.58382260869553,0.015366555555555555,0.0,6.013,True,True,False,False,0.0,0.0,175.66400128581185,203.238638646683,0.0,1283.9193799975892,1662.822019930084
2025-03-19T10:15:00Z,2025-03-19T10:30:00Z,2025-03-19,2025-03-19_12,0.0,100,100,0,49.58382260869553,53.31488260869553,0.010364055555555557,0.0,4.0555,True,True,False,False,0.0,0.0,175.66400128581185,203.238638646683,0.0,-83.31154317515168,295.59109675734317
2025-03-19T10:30:00Z,2025-03-19T10:45:00Z,2025-03-19,2025-03-19_12,0.0,100,100,0,53.31488260869553,60.78482260869553,0.020749833333333335,0.0,8.1195,True,True,False,False,0.0,0.0,175.66400128581185,203.238638646683,0.0,79.05150681078474,457.9541467432796
2025-03-19T10:45:00Z,2025-03-19T11:00:00Z,2025-03-19,2025-03-19_12,0.0,100,100,0,60.78482260869553,74.91050260869552,0.039237999999999995,0.0,15.353999999999997,True,True,False,False,0.0,0.0,175.66400128581185,203.238638646683,0.0,1080.659520231446,1459.562160163941
2025-03-19T11:00:00Z,2025-03-19T11:15:00Z,2025-03-19,2025-03-19_13,-100.0,100,0,0,74.91050260869552,97.91050260869552,0.0638888888888889,0.0,0.0,True,True,False,False,-1.0,0.0,175.66400128581185,0.0,0.0,0.0,174.66400128581185
2025-03-19T11:15:00Z,2025-03-19T11:30:00Z,2025-03-19,2025-03-19_13,-100.0,100,0,0,97.91050260869552,120.91050260869552,0.06388888888888888,0.0,0.0,True,True,False,False,-1.0,0.0,175.66400128581185,0.0,0.0,0.0,174.66400128581185
2025-03-19T11:30:00Z,2025-03-19T11:45:00Z,2025-03-19,2025-03-19_13,-100.0,100,0,0,120.91050260869552,143.91050260869554,0.0638888888888889,0.0,0.0,True,True,False,False,-1.0,0.0,175.66400128581185,0.0,0.0,0.0,174.66400128581185
2025-03-19T11:45:00Z,2025-03-19T12:00:00Z,2025-03-19,2025-03-19_13,-100.0,100,0,0,143.91050260869554,166.82908260869553,0.06366272222222223,0.0885,0.0,True,True,False,False,-1.0,0.0,175.66400128581185,0.0,8.004721340458874,0.0,182.66872262627072
2025-03-19T12:00:00Z,2025-03-19T12:15:00Z,2025-03-19,2025-03-19_14,0.0,100,100,0,166.82908260869553,170.36815913043466,0.009903231884057973,0.012,3.8610000000000007,True,True,False,False,0.0,0.0,175.66400128581185,203.238638646683,1.0987182062924419,1.1542508136778238,381.1556089524651
2025-03-19T12:15:00Z,2025-03-19T12:30:00Z,2025-03-19,2025-03-19_14,0.0,100,100,0,170.36815913043466,170.54183826086944,0.0006394468599033816,0.026,0.2195,True,True,False,False,0.0,0.0,175.66400128581185,203.238638646683,2.37833607907743,-14.417173122513761,366.86380288905855
2025-03-19T12:30:00Z,2025-03-19T12:45:00Z,2025-03-19,2025-03-19_14,0.0,100,100,0,170.54183826086944,170.46225913043466,0.0005941642512077295,0.135,0.073,True,True,False,False,0.0,0.0,175.66400128581185,203.238638646683,12.338908868083738,-4.436054566641218,386.8054942339374
2025-03-19T12:45:00Z,2025-03-19T13:00:00Z,2025-03-19,2025-03-19_14,0.0,100,100,0,170.46225913043466,166.63487739130423,0.010654615942028984,3.5249999999999995,0.0045,True,True,False,False,0.0,0.0,175.66400128581185,203.238638646683,373.83101619319314,-0.35259372363081126,752.3810624020572
2025-03-19T13:00:00Z,2025-03-19T13:15:00Z,2025-03-19,2025-03-19_15,0.0,100,100,0,166.63487739130423,179.75073999999987,0.03658693719806763,0.025499999999999995,14.286499999999998,True,True,False,False,0.0,0.0,175.66400128581185,203.238638646683,2.3982520994896928,7278.563310061476,7659.86420209346
2025-03-19T13:15:00Z,2025-03-19T13:30:00Z,2025-03-19,2025-03-19_15,0.0,100,100,0,179.75073999999987,187.83385999999987,0.022453111111111108,0.0,8.786,True,True,False,False,0.0,0.0,175.66400128581185,203.238638646683,0.0,115.61213806404949,494.51477799654435
2025-03-19T13:30:00Z,2025-03-19T13:45:00Z,2025-03-19,2025-03-19_15,0.0,100,100,0,187.83385999999987,189.93858695652162,0.006187647342995169,0.056499999999999995,2.3545,True,True,False,False,0.0,0.0,175.66400128581185,203.238638646683,5.313774259653634,-52.77970265600513,331.4367115361434
2025-03-19T13:45:00Z,2025-03-19T14:00:00Z,2025-03-19,2025-03-19_15,0.0,100,100,0,189.93858695652162,182.33315217391294,0.0211262077294686,6.997000000000001,0.0,True,True,False,False,0.0,0.0,175.66400128581185,203.238638646683,1044.597528629405,0.0,1423.5001685618997
2025-03-19T14:00:00Z,2025-03-19T14:15:00Z,2025-03-19,2025-03-19_16,13.417225671192677,86,100,0,182.33315217391294,183.56353522709233,0.019974626046385544,0.09675000000000002,5.286,True,True,False,False,227.08654448493607,0.0,151.0710411057982,203.238638646683,10.690822517780369,-73.69538272993931,518.3916640252584
2025-03-19T14:15:00Z,2025-03-19T14:30:00Z,2025-03-19,2025-03-19_16,13.417225671192677,86,100,0,183.56353522709233,179.98281676763588,0.010663345536599393,0.08041,0.162,True,True,False,False,227.08654448493607,0.0,151.0710411057982,203.238638646683,8.750867764294611,-9.944151966890344,580.2029400348215
2025-03-19T14:30:00Z,2025-03-19T14:45:00Z,2025-03-19,2025-03-19_16,13.417225671192677,86,100,0,179.98281676763588,176.08017008471117,0.011075228345694882,0.28208,0.053,True,True,False,False,227.08654448493607,0.0,151.0710411057982,203.238638646683,30.964533772652388,-3.6760111704906175,608.684746839579
2025-03-19T14:45:00Z,2025-03-19T15:00:00Z,2025-03-19,2025-03-19_16,13.417225671192677,86,100,0,176.08017008471117,169.06058869565214,0.019518751229926336,3.10761,0.0045,True,True,False,False,227.08654448493607,0.0,151.0710411057982,203.238638646683,435.8914071583558,-0.3562100695142042,1016.9314213262588
2025-03-19T15:00:00Z,2025-03-19T15:15:00Z,2025-03-19,2025-03-19_17,0.0,100,100,0,169.06058869565214,183.64028869565215,0.04049916666666667,0.0,15.8475,True,True,False,False,0.0,0.0,175.66400128581185,203.238638646683,0.0,19527.75027273275,19906.652912665242
2025-03-19T15:15:00Z,2025-03-19T15:30:00Z,2025-03-19,2025-03-19_17,0.0,100,100,0,183.64028869565215,189.76033999999996,0.017042413043478265,0.007000000000000001,6.6605,True,True,False,False,0.0,0.0,175.66400128581185,203.238638646683,1.10673243058625,780.9287046449954,1160.9380770080766
2025-03-19T15:30:00Z,2025-03-19T15:45:00Z,2025-03-19,2025-03-19_17,0.0,100,100,0,189.76033999999996,189.2527173913043,0.002741507246376811,0.6875,0.2605,True,True,False,False,0.0,0.0,175.66400128581185,203.238638646683,139.3399540924981,-19.024968055611364,499.2176259693816
2025-03-19T15:45:00Z,2025-03-19T16:00:00Z,2025-03-19,2025-03-19_17,0.0,100,100,0,189.2527173913043,167.72282608695645,0.05980525362318841,19.8075,0.0,True,True,False,False,0.0,0.0,175.66400128581185,203.238638646683,19597.542250974406,0.0,19976.4448909069
2025-03-19T16:00:00Z,2025-03-19T16:15:00Z,2025-03-19,2025-03-19_18,0.0,100,100,0,167.72282608695645,187.3903034782608,0.05482511835748793,0.032,21.4155,True,True,False,False,0.0,0.0,192.5402820749789,191.1540161530116,6.250550086390485,27267.838037228274,27657.782885542656
2025-03-19T16:15:00Z,2025-03-19T16:30:00Z,2025-03-19,2025-03-19_18,0.0,100,100,0,187.3903034782608,188.54457478260863,0.003318024154589372,0.0185,1.2765,True,True,False,False,0.0,0.0,192.5402820749789,191.1540161530116,3.1221119459959015,-91.93933931369791,294.8770708602885
2025-03-19T16:30:00Z,2025-03-19T16:45:00Z,2025-03-19,2025-03-19_18,0.0,100,100,0,188.54457478260863,187.36824086956517,0.003341705314009661,1.0945,0.0145,True,True,False,False,0.0,0.0,192.5402820749789,191.1540161530116,269.9611274962832,-1.1623538393538797,652.4930718849198
2025-03-19T16:45:00Z,2025-03-19T17:00:00Z,2025-03-19,2025-03-19_18,0.0,100,100,0,187.36824086956517,166.18834956521735,0.05883303140096618,19.4855,0.0,True,True,False,False,0.0,0.0,192.5402820749789,191.1540161530116,20037.901045324867,0.0,20421.595343552857
2025-03-19T17:00:00Z,2025-03-19T17:15:00Z,2025-03-19,2025-03-19_19,100.0,0,100,0,166.18834956521735,142.6372626086956,0.06541968599033816,0.0,3.3329999999999997,True,True,False,False,7023.25,0.0,0.0,190.2800658978583,0.0,-235.84252822758864,6977.68753767027
2025-03-19T17:15:00Z,2025-03-19T17:30:00Z,2025-03-19,2025-03-19_19,100.0,0,100,0,142.6372626086956,115.79324086956518,0.07456672705314009,0.0,0.3035,True,True,False,False,7023.25,0.0,0.0,190.2800658978583,0.0,-23.729146341463412,7189.800919556395
2025-03-19T17:30:00Z,2025-03-19T17:45:00Z,2025-03-19,2025-03-19_19,100.0,0,100,0,115.79324086956518,88.61932782608693,0.0754830917874396,0.0,0.0,True,True,False,False,7023.25,0.0,0.0,190.2800658978583,0.0,0.0,7213.530065897859
2025-03-19T17:45:00Z,2025-03-19T18:00:00Z,2025-03-19,2025-03-19_19,100.0,0,100,0,88.61932782608693,61.445414782608665,0.0754830917874396,0.0,0.0,True,True,False,False,7023.25,0.0,0.0,190.2800658978583,0.0,0.0,7213.530065897859
2025-03-19T18:00:00Z,2025-03-19T18:15:00Z,2025-03-19,2025-03-19_20,0.0,100,100,0,61.445414782608665,51.512180869565185,0.02762809420289855,9.1445,0.007000000000000001,True,True,False,False,0.0,0.0,197.39221280186442,189.85815887812913,3148.4865875758433,-0.561136336239804,3535.175822919597
2025-03-19T18:15:00Z,2025-03-19T18:30:00Z,2025-03-19,2025-03-19_20,0.0,100,100,0,51.512180869565185,41.91435478260866,0.02666062801932367,8.83,0.0,True,True,False,False,0.0,0.0,197.39221280186442,189.85815887812913,2749.2515630650537,0.0,3136.501934745047
2025-03-19T18:30:00Z,2025-03-19T18:45:00Z,2025-03-19,2025-03-19_20,0.0,100,100,0,41.91435478260866,28.55457217391301,0.03711050724637681,12.291,0.0,True,True,False,False,0.0,0.0,197.39221280186442,189.85815887812913,4178.275741752722,0.0,4565.526113432716
2025-03-19T18:45:00Z,2025-03-19T19:00:00Z,2025-03-19,2025-03-19_20,0.0,100,100,0,28.55457217391301,26.754026956521706,0.006565514492753622,1.9154999999999998,0.306,True,True,False,False,0.0,0.0,197.39221280186442,189.85815887812913,383.84928245670426,-22.521068831116644,748.5785853055812
2025-03-19T19:00:00Z,2025-03-19T19:15:00Z,2025-03-19,2025-03-19_21,17.754380650212106,82,100,0,26.754026956521706,15.485336562442328,0.03130191776133161,5.9286,0.0,True,True,False,False,952.7444516420071,0.0,143.94563426688632,189.85815887812913,1688.9684975288303,0.0,2975.5167423158528
2025-03-19T19:15:00Z,2025-03-19T19:30:00Z,2025-03-19,2025-03-19_21,17.754380650212106,82,100,0,15.485336562442328,11.374985044160258,0.014969740022034916,0.08118,0.845,True,True,False,False,952.7444516420071,0.0,143.94563426688632,189.85815887812913,15.088464415156507,-59.975408847992924,1241.661300354186
2025-03-19T19:30:00Z,2025-03-19T19:45:00Z,2025-03-19,2025-03-19_21,17.754380650212106,82,100,0,11.374985044160258,9.999999999999872,0.019089215972948635,0.0,3.6324999999999994,True,True,False,False,952.7444516420071,0.0,143.94563426688632,189.85815887812913,0.0,-256.940224816169,1029.6080199708535
2025-03-19T19:45:00Z,2025-03-19T20:00:00Z,2025-03-19,2025-03-19_21,17.754380650212106,82,100,0,9.999999999999872,18.210227455751138,0.03489331826177835,0.0,13.726000000000003,True,True,False,False,952.7444516420071,0.0,143.94563426688632,189.85815887812913,0.0,7940.962836420622,9227.511081207644
2025-03-19T20:00:00Z,2025-03-19T20:15:00Z,2025-03-19,2025-03-19_22,21.60289878270039,78,100,0,18.210227455751138,14.87050397743619,0.019927517186026842,0.00975,2.658,True,True,False,False,827.8770886000357,0.0,136.92389600996503,201.91264515610558,1.6567203760999718,181.66773697110938,1350.0380871133157
2025-03-19T20:15:00Z,2025-03-19T20:30:00Z,2025-03-19,2025-03-19_22,21.60289878270039,78,100,0,14.87050397743619,10.481956790885395,0.01860154957330027,0.04407,1.6,True,True,False,False,827.8770886000357,0.0,136.92389600996503,201.91264515610558,7.502250349580101,-113.6776630369269,1060.5382170787595
2025-03-19T20:30:00Z,2025-03-19T20:45:00Z,2025-03-19,2025-03-19_22,21.60289878270039,78,100,0,10.481956790885395,9.999999999999815,0.023922012056006865,0.0,5.636,True,True,False,False,827.8770886000357,0.0,136.92389600996503,201.91264515610558,0.0,1510.2541471450957,2676.967776911202
2025-03-19T20:45:00Z,2025-03-19T21:00:00Z,2025-03-19,2025-03-19_22,21.60289878270039,78,100,0,9.999999999999815,19.392785849938644,0.03787808822755287,0.0,15.964499999999997,True,True,False,False,827.8770886000357,0.0,136.92389600996503,201.91264515610558,0.0,17637.24757021738,18803.961199983485
2025-03-19T21:00:00Z,2025-03-19T21:15:00Z,2025-03-19,2025-03-19_23,4.783305017033293,95,100,0,19.392785849938644,16.169472076246844,0.019509372177177797,3.6214,2.169,True,True,False,False,160.45596679638183,0.0,166.7662836018805,201.6112829991562,765.2450230240688,1105.7076029654036,2399.786159386891
2025-03-19T21:15:00Z,2025-03-19T21:30:00Z,2025-03-19,2025-03-19_23,4.783305017033293,95,100,0,16.169472076246844,15.005040109323016,0.004142159937298275,0.034675,0.1865,True,True,False,False,160.45596679638183,0.0,166.7662836018805,201.6112829991562,5.851850363643669,-13.839645899465584,520.8457378615966
2025-03-19T21:30:00Z,2025-03-19T21:45:00Z,2025-03-19,2025-03-19_23,4.783305017033293,95,100,0,15.005040109323016,10.464927952033392,0.012706321965137532,2.997725,0.0195,True,True,False,False,160.45596679638183,0.0,166.7662836018805,201.6112829991562,591.7498550096436,-1.5514123839755694,1119.0319760230866
2025-03-19T21:45:00Z,2025-03-19T22:00:00Z,2025-03-19,2025-03-19_23,4.783305017033293,95,100,0,10.464927952033392,9.999999999999824,0.0065741945674093315,0.15865,1.0855,True,True,False,False,160.45596679638183,0.0,166.7662836018805,201.6112829991562,27.012127536464824,-76.54896974323944,479.2966911906439
2025-03-19T22:00:00Z,2025-03-19T22:15:00Z,2025-03-20,2025-03-19_24,0.0,20,100,0,9.999999999999824,10.004647826086781,0.0014054227053140098,0.2306,0.2775,True,True,False,False,0.0,0.0,35.11221844923547,207.05660149892503,43.112131608029095,-20.501511985372424,264.7794395708172
2025-03-19T22:15:00Z,2025-03-19T22:30:00Z,2025-03-20,2025-03-19_24,0.0,20,100,0,10.004647826086781,12.582947826086782,0.007161944444444446,0.0,2.8025,True,True,False,False,0.0,0.0,35.11221844923547,207.05660149892503,0.0,-162.69354618336718,79.47527376479333
2025-03-19T22:30:00Z,2025-03-19T22:45:00Z,2025-03-20,2025-03-19_24,0.0,20,100,0,12.582947826086782,14.785887826086782,0.006119277777777777,0.0,2.3945,True,True,False,False,0.0,0.0,35.11221844923547,207.05660149892503,0.0,-151.90345425867505,90.26536568948545
2025-03-19T22:45:00Z,2025-03-19T23:00:00Z,2025-03-20,2025-03-19_24,0.0,20,100,0,14.785887826086782,18.53120782608678,0.010403666666666667,0.0,4.071,True,True,False,False,0.0,0.0,35.11221844923547,207.05660149892503,0.0,-183.85224617733934,58.316573770821165
2025-03-19T23:00:00Z,2025-03-19T23:15:00Z,2025-03-20,2025-03-20_1,0.0,100,100,0,18.53120782608678,19.75204782608678,0.003391222222222222,0.0,1.327,True,True,False,False,0.0,0.0,175.56109224617734,207.05660149892503,0.0,-76.64518857119894,305.9725051739034
2025-03-19T23:15:00Z,2025-03-19T23:30:00Z,2025-03-20,2025-03-20_1,0.0,100,100,0,19.75204782608678,25.182056521738954,0.015110531400966184,0.0045,5.9075,True,True,False,False,0.0,0.0,175.56109224617734,207.05660149892503,0.6727079105467259,4622.205382868854,5005.4957845245035
2025-03-19T23:30:00Z,2025-03-19T23:45:00Z,2025-03-20,2025-03-20_1,0.0,100,100,0,25.182056521738954,28.906426086956344,0.010354528985507247,0.0015,4.05,True,True,False,False,0.0,0.0,175.56109224617734,207.05660149892503,0.22423597018224198,-70.95251059896724,311.88941911631736
2025-03-19T23:45:00Z,2025-03-20T00:00:00Z,2025-03-20,2025-03-20_1,0.0,100,100,0,28.906426086956344,36.76736608695634,0.021835944444444443,0.0,8.5445,True,True,False,False,0.0,0.0,175.56109224617734,207.05660149892503,0.0,-305.9617389338745,76.65595481122784
2025-03-20T00:00:00Z,2025-03-20T00:15:00Z,2025-03-20,2025-03-20_2,0.0,100,100,0,36.76736608695634,37.46054521739113,0.0019436135265700485,0.003,0.757,True,True,False,False,0.0,0.0,175.56109224617734,207.05660149892503,0.44847194036448396,-46.92657738753039,336.1395882979365
2025-03-20T00:15:00Z,2025-03-20T00:30:00Z,2025-03-20,2025-03-20_2,0.0,100,100,0,37.46054521739113,41.00438521739113,0.009844,0.0,3.852,True,True,False,False,0.0,0.0,175.56109224617734,207.05660149892503,0.0,-204.23362976953524,178.38406397556713
2025-03-20T00:30:00Z,2025-03-20T00:45:00Z,2025-03-20,2025-03-20_2,0.0,100,100,0,41.00438521739113,42.85220521739113,0.005132833333333334,0.0,2.0085,True,True,False,False,0.0,0.0,175.56109224617734,207.05660149892503,0.0,-128.70195513271315,253.91573861238922
2025-03-20T00:45:00Z,2025-03-20T01:00:00Z,2025-03-20,2025-03-20_2,0.0,100,100,0,42.85220521739113,43.89180521739113,0.0028877777777777773,0.0,1.13,True,True,False,False,0.0,0.0,175.56109224617734,207.05660149892503,0.0,-79.0611746267757,303.55651911832666
2025-03-20T01:00:00Z,2025-03-20T01:15:00Z,2025-03-20,2025-03-20_3,-99.7024839981168,100,0,0,43.89180521739113,66.2268946608633,0.062053557051264495,0.648,0.0,True,True,False,False,-2625.4156598804107,0.0,175.56109224617734,0.0,99.44962205388899,0.0,-2350.4049455803442
2025-03-20T01:15:00Z,2025-03-20T01:30:00Z,2025-03-20,2025-03-20_3,-99.7024839981168,100,0,0,66.2268946608633,88.7677151217848,0.06262101671166596,0.4245,0.0,True,True,False,False,-2625.4156598804107,0.0,175.56109224617734,0.0,63.458779561574474,0.0,-2386.395788072659
2025-03-20T01:30:00Z,2025-03-20T01:45:00Z,2025-03-20,2025-03-20_3,-99.7024839981168,100,0,0,88.7677151217848,111.36836786966023,0.06278604972252098,0.3595,0.0,True,True,False,False,-2625.4156598804107,0.0,175.56109224617734,0.0,54.28197904317948,0.0,-2395.572588591054
2025-03-20T01:45:00Z,2025-03-20T02:00:00Z,2025-03-20,2025-03-20_3,-99.7024839981168,100,0,0,111.36836786966023,134.2157137391304,0.06346649352112317,0.0915,0.0,True,True,False,False,-2625.4156598804107,0.0,175.56109224617734,0.0,13.67839418111676,0.0,-2436.1761734531165
2025-03-20T02:00:00Z,2025-03-20T02:15:00Z,2025-03-20,2025-03-20_4,-12.00000000000008,100,88,0,134.2157137391304,138.13812034782606,0.010991226086956574,0.018,1.28436,True,True,False,False,-317.97000000000213,0.0,175.56109224617734,182.20980931905402,2.6908316421869034,-76.54082632964295,-34.04909312222683
2025-03-20T02:15:00Z,2025-03-20T02:30:00Z,2025-03-20,2025-03-20_4,-12.00000000000008,100,88,0,138.13812034782606,140.21582389565216,0.009169707922705363,0.6395,0.0,True,True,False,False,-317.97000000000213,0.0,175.56109224617734,182.20980931905402,98.53123651268861,0.0,138.33213807791782
2025-03-20T02:30:00Z,2025-03-20T02:45:00Z,2025-03-20,2025-03-20_4,-12.00000000000008,100,88,0,140.21582389565216,140.77686667826086,0.012611592270531444,2.08,0.022,True,True,False,False,-317.97000000000213,0.0,175.56109224617734,182.20980931905402,384.9552613072394,-1.7557917579215978,423.0003711145471
2025-03-20T02:45:00Z,2025-03-20T03:00:00Z,2025-03-20,2025-03-20_4,-12.00000000000008,100,88,0,140.77686667826086,140.5282852173913,0.014467708502415497,2.8525,0.03784,True,True,False,False,-317.97000000000213,0.0,175.56109224617734,182.20980931905402,544.9553693061947,-3.002619092205992,581.753651779218
2025-03-20T03:00:00Z,2025-03-20T03:15:00Z,2025-03-20,2025-03-20_5,0.0,100,100,0,140.5282852173913,143.6622652173913,0.008705500000000001,0.0,3.4065,True,True,False,False,0.0,0.0,175.56109224617734,207.05660149892503,0.0,-169.62821746468686,212.98947628041552
2025-03-20T03:15:00Z,2025-03-20T03:30:00Z,2025-03-20,2025-03-20_5,0.0,100,100,0,143.6622652173913,146.2414852173913,0.007164500000000001,0.0,2.8035,True,True,False,False,0.0,0.0,175.56109224617734,207.05660149892503,0.0,-152.72481544736686,229.8928782977355
2025-03-20T03:30:00Z,2025-03-20T03:45:00Z,2025-03-20,2025-03-20_5,0.0,100,100,0,146.2414852173913,146.45216782608696,0.001433659420289855,0.1405,0.395,True,True,False,False,0.0,0.0,175.56109224617734,207.05660149892503,21.003435873736667,-28.487953344451366,375.13317627438767
2025-03-20T03:45:00Z,2025-03-20T04:00:00Z,2025-03-20,2025-03-20_5,0.0,100,100,0,146.45216782608696,146.87871130434783,0.0019457125603864736,0.126,0.6125,True,True,False,False,0.0,0.0,175.56109224617734,207.05660149892503,18.835821495308327,-35.52534459201512,365.92817064839556
2025-03-20T04:00:00Z,2025-03-20T04:15:00Z,2025-03-20,2025-03-20_6,0.0,100,100,0,146.87871130434783,151.59325130434783,0.013095944444444445,0.0,5.1245,True,True,False,False,0.0,0.0,175.56109224617734,206.45381663284374,0.0,-233.91233247603932,148.10257640298175
2025-03-20T04:15:00Z,2025-03-20T04:30:00Z,2025-03-20,2025-03-20_6,0.0,100,100,0,151.59325130434783,151.9298147826087,0.0011402125603864736,0.034,0.406,True,True,False,False,0.0,0.0,175.56109224617734,206.45381663284374,5.755693303060139,-31.539092205991683,356.2315099760895
2025-03-20T04:30:00Z,2025-03-20T04:45:00Z,2025-03-20,2025-03-20_6,0.0,100,100,0,151.9298147826087,152.16228782608698,0.0015545748792270533,0.1505,0.4305,True,True,False,False,0.0,0.0,175.56109224617734,206.45381663284374,25.631024834736486,-31.334144346882596,376.31178936687496
2025-03-20T04:45:00Z,2025-03-20T05:00:00Z,2025-03-20,2025-03-20_6,0.0,100,100,0,152.16228782608698,153.07717391304348,0.0031089830917874397,0.094,1.1055,True,True,False,False,0.0,0.0,175.56109224617734,206.45381663284374,16.003627961180655,-64.88262552994836,333.1359113102534
2025-03-20T05:00:00Z,2025-03-20T05:15:00Z,2025-03-20,2025-03-20_7,99.99999999999997,0,0,0,153.07717391304348,125.90326086956523,0.07548309178743959,0.0,0.0,True,False,False,False,3823.4999999999986,0.0,0.0,0.0,0.0,0.0,3823.4999999999986
2025-03-20T05:15:00Z,2025-03-20T05:30:00Z,2025-03-20,2025-03-20_7,99.99999999999997,0,0,0,125.90326086956523,98.72934782608698,0.07548309178743959,0.0,0.0,True,False,False,False,3823.4999999999986,0.0,0.0,0.0,0.0,0.0,3823.4999999999986
2025-03-20T05:30:00Z,2025-03-20T05:45:00Z,2025-03-20,2025-03-20_7,99.99999999999997,0,0,0,98.72934782608698,71.55543478260873,0.07548309178743959,0.0,0.0,True,False,False,False,3823.4999999999986,0.0,0.0,0.0,0.0,0.0,3823.4999999999986
2025-03-20T05:45:00Z,2025-03-20T06:00:00Z,2025-03-20,2025-03-20_7,99.99999999999997,0,0,0,71.55543478260873,44.38152173913048,0.07548309178743959,0.0,0.0,True,False,False,False,3823.4999999999986,0.0,0.0,0.0,0.0,0.0,3823.4999999999986
2025-03-20T06:00:00Z,2025-03-20T06:15:00Z,2025-03-20,2025-03-20_8,100.00000000000001,0,100,0,44.38152173913048,24.28423913043482,0.055825785024154605,0.0,6.510500000000001,True,True,False,False,3585.7500000000005,0.0,0.0,189.87723281560812,0.0,4946.178686230386,8721.805919045995
2025-03-20T06:15:00Z,2025-03-20T06:30:00Z,2025-03-20,2025-03-20_8,100.00000000000001,0,100,0,24.28423913043482,18.633152173913075,0.01569746376811595,0.0,19.801,True,True,False,False,3585.7500000000005,0.0,0.0,189.87723281560812,0.0,19760.29911591553,23535.92634873114
2025-03-20T06:30:00Z,2025-03-20T06:45:00Z,2025-03-20,2025-03-20_8,100.00000000000001,0,100,0,18.633152173913075,12.001630434782637,0.018420893719806767,0.0,18.899,True,True,False,False,3585.7500000000005,0.0,0.0,189.87723281560812,0.0,13303.663382225885,17079.290615041493
2025-03-20T06:45:00Z,2025-03-20T07:00:00Z,2025-03-20,2025-03-20_8,100.00000000000001,0,100,0,12.001630434782637,10.000000000000025,0.005560084541062809,0.0,23.1585,True,True,False,False,3585.7500000000005,0.0,0.0,189.87723281560812,0.0,24719.368661214812,28494.99589403042
2025-03-20T07:00:00Z,2025-03-20T07:15:00Z,2025-03-20,2025-03-20_9,-7.723290606088045e-15,0,0,0,10.000000000000025,10.000000000000027,4.934324553889585e-18,0.0,0.0,True,False,False,False,-1.7379334686349624e-13,0.0,0.0,0.0,0.0,0.0,-1.7379334686349624e-13
2025-03-20T07:15:00Z,2025-03-20T07:30:00Z,2025-03-20,2025-03-20_9,-7.723290606088045e-15,0,0,0,10.000000000000027,10.000000000000028,4.934324553889585e-18,0.0,0.0,True,False,False,False,-1.7379334686349624e-13,0.0,0.0,0.0,0.0,0.0,-1.7379334686349624e-13
2025-03-20T07:30:00Z,2025-03-20T07:45:00Z,2025-03-20,2025-03-20_9,-7.723290606088045e-15,0,0,0,10.000000000000028,10.00000000000003,4.934324553889585e-18,0.0,0.0,True,False,False,False,-1.7379334686349624e-13,0.0,0.0,0.0,0.0,0.0,-1.7379334686349624e-13
2025-03-20T07:45:00Z,2025-03-20T08:00:00Z,2025-03-20,2025-03-20_9,-7.723290606088045e-15,0,0,0,10.00000000000003,10.000000000000032,4.934324553889585e-18,0.0,0.0,True,False,False,False,-1.7379334686349624e-13,0.0,0.0,0.0,0.0,0.0,-1.7379334686349624e-13
2025-03-20T08:00:00Z,2025-03-20T08:15:00Z,2025-03-20,2025-03-20_10,-3.923144857076914,0,0,0,10.000000000000032,10.902323317127722,0.0025064536586880287,0.0,0.0,True,False,False,False,-78.41385783082482,0.0,0.0,0.0,0.0,0.0,-78.41385783082482
2025-03-20T08:15:00Z,2025-03-20T08:30:00Z,2025-03-20,2025-03-20_10,-3.923144857076914,0,0,0,10.902323317127722,11.804646634255413,0.0025064536586880287,0.0,0.0,True,False,False,False,-78.41385783082482,0.0,0.0,0.0,0.0,0.0,-78.41385783082482
2025-03-20T08:30:00Z,2025-03-20T08:45:00Z,2025-03-20,2025-03-20_10,-3.923144857076914,0,0,0,11.804646634255413,12.706969951383103,0.0025064536586880287,0.0,0.0,True,False,False,False,-78.41385783082482,0.0,0.0,0.0,0.0,0.0,-78.41385783082482
2025-03-20T08:45:00Z,2025-03-20T09:00:00Z,2025-03-20,2025-03-20_10,-3.923144857076914,0,0,0,12.706969951383103,13.609293268510793,0.0025064536586880287,0.0,0.0,True,False,False,False,-78.41385783082482,0.0,0.0,0.0,0.0,0.0,-78.41385783082482
2025-03-20T09:00:00Z,2025-03-20T09:15:00Z,2025-03-20,2025-03-20_11,-41.91160346912355,100,58,0,13.609293268510793,16.243806273774794,0.03379636832460538,7.5485,0.72993,True,True,False,False,-133.90757308384974,0.0,171.37173742691235,121.00182844742712,1407.8591792079408,65.85693657095783,1632.1821085693882
2025-03-20T09:15:00Z,2025-03-20T09:30:00Z,2025-03-20,2025-03-20_11,-41.91160346912355,100,58,0,16.243806273774794,24.69513117655586,0.027574712371633954,1.1685,0.0,True,True,False,False,-133.90757308384974,0.0,171.37173742691235,121.00182844742712,129.13158793626556,0.0,287.59758072675527
2025-03-20T09:30:00Z,2025-03-20T09:45:00Z,2025-03-20,2025-03-20_11,-41.91160346912355,100,58,0,24.69513117655586,34.1384532155679,0.027015432996328796,0.2235,0.03364,True,True,False,False,-133.90757308384974,0.0,171.37173742691235,121.00182844742712,24.69910988768109,-1.610561723161004,181.5545409550098
2025-03-20T09:45:00Z,2025-03-20T10:00:00Z,2025-03-20,2025-03-20_11,-41.91160346912355,100,58,0,34.1384532155679,47.06298872228312,0.03590324139536026,0.0005,3.57106,True,True,False,False,-133.90757308384974,0.0,171.37173742691235,121.00182844742712,0.055255279390785436,-24.629830930900766,133.89141713897973
2025-03-20T10:00:00Z,2025-03-20T10:15:00Z,2025-03-20,2025-03-20_12,0.0,100,100,0,47.06298872228312,45.836875678804866,0.0045047584541062806,1.31,0.215,True,True,False,False,0.0,0.0,171.37173742691235,208.6238421507364,144.76883200385785,-9.212570073740682,515.551841507766
2025-03-20T10:15:00Z,2025-03-20T10:30:00Z,2025-03-20,2025-03-20_12,0.0,100,100,0,45.836875678804866,46.65659567880486,0.0022769999999999995,0.0,0.8909999999999999,True,True,False,False,0.0,0.0,171.37173742691235,208.6238421507364,0.0,-36.5870533866463,343.40852619100247
2025-03-20T10:30:00Z,2025-03-20T10:45:00Z,2025-03-20,2025-03-20_12,0.0,100,100,0,46.65659567880486,54.695555678804865,0.022330444444444444,0.0,8.738,True,True,False,False,0.0,0.0,171.37173742691235,208.6238421507364,0.0,88.19289437199863,468.1884739496474
2025-03-20T10:45:00Z,2025-03-20T11:00:00Z,2025-03-20,2025-03-20_12,0.0,100,100,0,54.695555678804865,64.93929567880487,0.028454833333333332,0.0,11.1345,True,True,False,False,0.0,0.0,171.37173742691235,208.6238421507364,0.0,461.33596736924596,841.3315469468947
2025-03-20T11:00:00Z,2025-03-20T11:15:00Z,2025-03-20,2025-03-20_13,-100.0,100,0,0,64.93929567880487,87.93929567880487,0.06388888888888888,0.0,0.0,True,True,False,False,-10.75,0.0,171.37173742691235,0.0,0.0,0.0,160.62173742691235
2025-03-20T11:15:00Z,2025-03-20T11:30:00Z,2025-03-20,2025-03-20_13,-100.0,100,0,0,87.93929567880487,110.93929567880488,0.0638888888888889,0.0,0.0,True,True,False,False,-10.75,0.0,171.37173742691235,0.0,0.0,0.0,160.62173742691235
2025-03-20T11:30:00Z,2025-03-20T11:45:00Z,2025-03-20,2025-03-20_13,-100.0,100,0,0,110.93929567880488,133.93929567880488,0.0638888888888889,0.0,0.0,True,True,False,False,-10.75,0.0,171.37173742691235,0.0,0.0,0.0,160.62173742691235
2025-03-20T11:45:00Z,2025-03-20T12:00:00Z,2025-03-20,2025-03-20_13,-100.0,100,0,0,133.93929567880488,156.93929567880488,0.06388888888888888,0.0,0.0,True,True,False,False,-10.75,0.0,171.37173742691235,0.0,0.0,0.0,160.62173742691235
2025-03-20T12:00:00Z,2025-03-20T12:15:00Z,2025-03-20,2025-03-20_14,0.0,100,100,0,156.93929567880488,173.30471567880488,0.0454595,0.0,17.7885,True,True,False,False,0.0,0.0,171.37173742691235,208.6238421507364,0.0,10461.167048262974,10841.162627840624
2025-03-20T12:15:00Z,2025-03-20T12:30:00Z,2025-03-20,2025-03-20_14,0.0,100,100,0,173.30471567880488,177.41803567880487,0.011425888888888888,0.0,4.471,True,True,False,False,0.0,0.0,171.37173742691235,208.6238421507364,0.0,-157.22928328879425,222.7662962888545
2025-03-20T12:30:00Z,2025-03-20T12:45:00Z,2025-03-20,2025-03-20_14,0.0,100,100,0,177.41803567880487,181.38185567880487,0.011010611111111113,0.0,4.3085,True,True,False,False,0.0,0.0,171.37173742691235,208.6238421507364,0.0,-84.87751059896723,295.11806897868155
2025-03-20T12:45:00Z,2025-03-20T13:00:00Z,2025-03-20,2025-03-20_14,0.0,100,100,0,181.38185567880487,181.66448176576137,0.0011443719806763285,0.05949999999999999,0.3775,True,True,False,False,0.0,0.0,171.37173742691235,208.6238421507364,6.5753782475034654,-16.244052020333942,370.3269058048183
2025-03-20T13:00:00Z,2025-03-20T13:15:00Z,2025-03-20,2025-03-20_15,0.0,100,100,0,181.66448176576137,188.62796176576137,0.019343,0.0,7.568999999999999,True,True,False,False,0.0,0.0,171.37173742691235,208.6238421507364,0.0,203.32077779340554,583.3163573710543
2025-03-20T13:15:00Z,2025-03-20T13:30:00Z,2025-03-20,2025-03-20_15,0.0,100,100,0,188.62796176576137,189.75605046141354,0.0031607536231884063,0.0045,1.2315,True,True,False,False,0.0,0.0,171.37173742691235,208.6238421507364,0.49729751451706883,-53.928263175872544,326.5646139162933
2025-03-20T13:30:00Z,2025-03-20T13:45:00Z,2025-03-20,2025-03-20_15,0.0,100,100,0,189.75605046141354,188.6693991570657,0.0032586980676328503,1.0395,0.047,True,True,False,False,0.0,0.0,171.37173742691235,208.6238421507364,114.87572585344293,-3.091277702987804,491.7800277281039
2025-03-20T13:45:00Z,2025-03-20T14:00:00Z,2025-03-20,2025-03-20_15,0.0,100,100,0,188.6693991570657,187.5334652440222,0.0035233719806763287,1.106,0.072,True,True,False,False,0.0,0.0,171.37173742691235,208.6238421507364,122.22467801241739,-4.93077538226607,497.28948220780006
2025-03-20T14:00:00Z,2025-03-20T14:15:00Z,2025-03-20,2025-03-20_16,-0.6721983032240529,100,99,0,187.5334652440222,189.71915485376374,0.006071360027059812,0.0,2.2077,True,True,False,False,-13.833841080351009,0.0,171.37173742691235,206.53760372922903,0.0,-87.92119005806829,276.1543100177221
2025-03-20T14:15:00Z,2025-03-20T14:30:00Z,2025-03-20,2025-03-20_16,-0.6721983032240529,100,99,0,189.71915485376374,189.99999999999937,0.0010890252725980285,0.0515,0.198,True,True,False,False,-13.833841080351009,0.0,171.37173742691235,206.53760372922903,5.691293777250899,-13.585173501577291,356.181620351464
2025-03-20T14:30:00Z,2025-03-20T14:45:00Z,2025-03-20,2025-03-20_16,-0.6721983032240529,100,99,0,189.99999999999937,180.26482732601906,0.027588144616614768,9.108,0.0,True,True,False,False,-13.833841080351009,0.0,171.37173742691235,206.53760372922903,5146.485748960197,0.0,5510.561249035987
2025-03-20T14:45:00Z,2025-03-20T15:00:00Z,2025-03-20,2025-03-20_16,-0.6721983032240529,100,99,0,180.26482732601906,157.34002610434777,0.06380866961763848,21.255,0.0,True,True,False,False,-13.833841080351009,0.0,171.37173742691235,206.53760372922903,19791.019114308103,0.0,20155.094614383892
2025-03-20T15:00:00Z,2025-03-20T15:15:00Z,2025-03-20,2025-03-20_17,-26.00000000000046,100,74,0,157.34002610434777,165.37800808695656,0.024861423381642787,0.567,2.8800799999999995,True,True,False,False,-811.3300000000143,0.0,175.68164921939362,154.62697663204003,110.0352994836143,-110.32484712973937,-481.3109217947057
2025-03-20T15:15:00Z,2025-03-20T15:30:00Z,2025-03-20,2025-03-20_17,-26.00000000000046,100,74,0,165.37800808695656,171.47013733913056,0.017235383188406086,0.07,0.20128000000000001,True,True,False,False,-811.3300000000143,0.0,175.68164921939362,154.62697663204003,11.571259217585247,-15.173508714259885,-484.62362364525524
2025-03-20T15:30:00Z,2025-03-20T15:45:00Z,2025-03-20,2025-03-20_17,-26.00000000000046,100,74,0,171.47013733913056,176.84799307826108,0.017588367391304628,0.593,0.01813,True,True,False,False,-811.3300000000143,0.0,175.68164921939362,154.62697663204003,118.79910044405152,-1.4459812473628164,-363.6682549518919
2025-03-20T15:45:00Z,2025-03-20T16:00:00Z,2025-03-20,2025-03-20_17,-26.00000000000046,100,74,0,176.84799307826108,162.41358873043512,0.04732140096618336,19.5625,0.0,True,True,False,False,-811.3300000000143,0.0,175.68164921939362,154.62697663204003,21460.827799433384,0.0,20979.8064252848
2025-03-20T16:00:00Z,2025-03-20T16:15:00Z,2025-03-20,2025-03-20_18,0.0,100,100,0,162.41358873043512,169.2420417739134,0.025432297101449272,1.0705,8.687,True,True,False,False,0.0,0.0,199.58206915951698,190.751270871426,235.75305591834277,4460.885947879202,5086.972343828487
2025-03-20T16:15:00Z,2025-03-20T16:30:00Z,2025-03-20,2025-03-20_18,0.0,100,100,0,169.2420417739134,173.48550090434819,0.011805502415458937,0.003,4.616,True,True,False,False,0.0,0.0,199.58206915951698,190.751270871426,0.5867104020575057,-247.38435893829492,143.53569149470556
2025-03-20T16:30:00Z,2025-03-20T16:45:00Z,2025-03-20,2025-03-20_18,0.0,100,100,0,173.48550090434819,169.10359481739164,0.012815961352657005,4.138,0.126,True,True,False,False,0.0,0.0,199.58206915951698,190.751270871426,1119.7335377443792,-9.919338544073621,1500.1475392312486
2025-03-20T16:45:00Z,2025-03-20T17:00:00Z,2025-03-20,2025-03-20_18,0.0,100,100,0,169.10359481739164,153.11772525217424,0.04440519323671498,14.707,0.0,True,True,False,False,0.0,0.0,199.58206915951698,190.751270871426,7116.253622737046,0.0,7506.586962767989
2025-03-20T17:00:00Z,2025-03-20T17:15:00Z,2025-03-20,2025-03-20_19,100.0,0,100,0,153.11772525217424,125.95468177391336,0.07545289855072464,0.0,0.01,True,True,False,False,8167.749999999999,0.0,0.0,190.751270871426,0.0,-0.8037131547750609,8357.69755771665
2025-03-20T17:15:00Z,2025-03-20T17:30:00Z,2025-03-20,2025-03-20_19,100.0,0,100,0,125.95468177391336,98.78946438260903,0.07545893719806764,0.0,0.008,True,True,False,False,8167.749999999999,0.0,0.0,190.751270871426,0.0,-0.6429705238200487,8357.858300347605
2025-03-20T17:30:00Z,2025-03-20T17:45:00Z,2025-03-20,2025-03-20_19,100.0,0,100,0,98.78946438260903,71.61555133913076,0.07548309178743962,0.0,0.0,True,True,False,False,8167.749999999999,0.0,0.0,190.751270871426,0.0,0.0,8358.501270871426
2025-03-20T17:45:00Z,2025-03-20T18:00:00Z,2025-03-20,2025-03-20_19,100.0,0,100,0,71.61555133913076,44.4416382956525,0.07548309178743962,0.0,0.0,True,True,False,False,8167.749999999999,0.0,0.0,190.751270871426,0.0,0.0,8358.501270871426
2025-03-20T18:00:00Z,2025-03-20T18:15:00Z,2025-03-20,2025-03-20_20,0.0,100,100,0,44.4416382956525,20.262290469565546,0.06716485507246377,22.245,0.0,True,True,False,False,0.0,0.0,197.1106512085837,189.87723281560812,24807.280373324764,0.0,25194.268257348955
2025-03-20T18:15:00Z,2025-03-20T18:30:00Z,2025-03-20,2025-03-20_20,0.0,100,100,0,20.262290469565546,18.292164382609023,0.014723683574879225,3.3445,1.81,True,True,False,False,0.0,0.0,197.1106512085837,189.87723281560812,1119.616214511041,-128.02415961743256,1378.5799389178003
2025-03-20T18:30:00Z,2025-03-20T18:45:00Z,2025-03-20,2025-03-20_20,0.0,100,100,0,18.292164382609023,18.680430469565547,0.0015767053140096617,0.0825,0.5195,True,True,False,False,0.0,0.0,197.1106512085837,189.87723281560812,14.888789206132333,-41.04727440776387,360.8293988225603
2025-03-20T18:45:00Z,2025-03-20T19:00:00Z,2025-03-20,2025-03-20_20,0.0,100,100,0,18.680430469565547,22.688870469565547,0.011134555555555556,0.0,4.357,True,True,False,False,0.0,0.0,197.1106512085837,189.87723281560812,0.0,-313.2480684763608,73.73981554783103
2025-03-20T19:00:00Z,2025-03-20T19:15:00Z,2025-03-20,2025-03-20_21,3.0000000000019003,97,100,0,22.688870469565547,11.177100999999812,0.032651395193238134,9.956565,0.136,True,True,False,False,138.7650000000879,0.0,170.29425947879201,189.87723281560812,4210.415258493239,-9.715273362936768,4699.63647742479
2025-03-20T19:15:00Z,2025-03-20T19:30:00Z,2025-03-20,2025-03-20_21,3.0000000000019003,97,100,0,11.177100999999812,9.999999999999298,0.006108052777779152,0.8201350000000001,0.5725,True,True,False,False,138.7650000000879,0.0,170.29425947879201,189.87723281560812,164.3130725270751,-46.012578110872234,617.2369867106909
2025-03-20T19:30:00Z,2025-03-20T19:45:00Z,2025-03-20,2025-03-20_21,3.0000000000019003,97,100,0,9.999999999999298,11.140772399998788,0.007433395555556764,0.02037,2.1385,True,True,False,False,138.7650000000879,0.0,170.29425947879201,189.87723281560812,3.438043762181277,-155.3453596616368,347.0291763950325
2025-03-20T19:45:00Z,2025-03-20T20:00:00Z,2025-03-20,2025-03-20_21,3.0000000000019003,97,100,0,11.140772399998788,19.264376539128737,0.025343918502415873,0.0,9.6635,True,True,False,False,138.7650000000879,0.0,170.29425947879201,189.87723281560812,0.0,-653.5876546645503,-154.65116237006228
2025-03-20T20:00:00Z,2025-03-20T20:15:00Z,2025-03-20,2025-03-20_22,14.999999999989928,85,100,0,19.264376539128737,10.040508365218416,0.028715100483084587,5.355,0.712,True,True,False,False,574.837499999614,0.0,149.22692840925075,206.45381663284374,1812.9971237115476,-57.224376619984334,2686.2909921332716
2025-03-20T20:15:00Z,2025-03-20T20:30:00Z,2025-03-20,2025-03-20_22,14.999999999989928,85,100,0,10.040508365218416,10.499212539134117,0.019572638405792195,0.0,4.7985,True,True,False,False,574.837499999614,0.0,149.22692840925075,206.45381663284374,0.0,-244.0004806204666,686.517764421242
2025-03-20T20:30:00Z,2025-03-20T20:45:00Z,2025-03-20,2025-03-20_22,14.999999999989928,85,100,0,10.499212539134117,11.616612017397632,0.0207710070048264,0.0,5.4955,True,True,False,False,574.837499999614,0.0,149.22692840925075,206.45381663284374,0.0,-303.768016435934,626.7502286057745
2025-03-20T20:45:00Z,2025-03-20T21:00:00Z,2025-03-20,2025-03-20_22,14.999999999989928,85,100,0,11.616612017397632,14.007930104356774,0.0230886553140059,0.0,6.8435,True,True,False,False,574.837499999614,0.0,149.22692840925075,206.45381663284374,0.0,-324.36944202214227,606.1488030195662
2025-03-20T21:00:00Z,2025-03-20T21:15:00Z,2025-03-20,2025-03-20_23,2.0396413272249657e-11,100,100,0,14.007930104356774,10.017797930438208,0.014308811594217576,4.205,0.631,True,True,False,False,6.88378947938426e-10,0.0,175.56109224617734,206.7552090658844,891.5024141533887,-37.168764090096246,1236.6499513760425
2025-03-20T21:15:00Z,2025-03-20T21:30:00Z,2025-03-20,2025-03-20_23,2.0396413272249657e-11,100,100,0,10.017797930438208,10.125620539128324,0.0005923816425272748,0.0485,0.1745,True,True,False,False,6.88378947938426e-10,0.0,175.56109224617734,206.7552090658844,8.192143000663064,-13.928339026301515,376.5801052871117
2025-03-20T21:30:00Z,2025-03-20T21:45:00Z,2025-03-20,2025-03-20_23,2.0396413272249657e-11,100,100,0,10.125620539128324,11.300659669557618,0.004671002415472568,0.233,1.5525,True,True,False,False,6.88378947938426e-10,0.0,175.56109224617734,206.7552090658844,39.69005585806426,-109.77646426490386,312.2298929059105
2025-03-20T21:45:00Z,2025-03-20T22:00:00Z,2025-03-20,2025-03-20_23,2.0396413272249657e-11,100,100,0,11.300659669557618,13.233121408682583,0.005401161835761792,0.0055,2.107,True,True,False,False,6.88378947938426e-10,0.0,175.56109224617734,206.7552090658844,0.9373306676847033,-150.07755128694572,233.1760806934891
2025-03-20T22:00:00Z,2025-03-20T22:15:00Z,2025-03-21,2025-03-20_24,-44.50094792447033,100,55,0,13.233121408682583,18.040991982937108,0.03131698164338825,5.3595,0.0,True,True,False,False,-1406.2299544132625,0.0,175.5646198360392,114.04918823340299,1189.77173937068,0.0,73.15559302685978
2025-03-20T22:15:00Z,2025-03-20T22:30:00Z,2025-03-21,2025-03-20_24,-44.50094792447033,100,55,0,18.040991982937108,28.11468425642836,0.028550539487161835,0.1695,0.011000000000000001,True,True,False,False,-1406.2299544132625,0.0,175.5646198360392,114.04918823340299,25.33917376627552,-0.8758137759202701,-1092.152786353465
2025-03-20T22:30:00Z,2025-03-20T22:45:00Z,2025-03-21,2025-03-20_24,-44.50094792447033,100,55,0,28.11468425642836,38.27012618676249,0.028621782137721014,0.123,0.048674999999999996,True,True,False,False,-1406.2299544132625,0.0,175.5646198360392,114.04918823340299,18.38771901623533,-3.8590546988024435,-1102.0874820263873
2025-03-20T22:45:00Z,2025-03-20T23:00:00Z,2025-03-21,2025-03-20_24,-44.50094792447033,100,55,0,38.27012618676249,48.462026818217836,0.02858732493014353,0.0825,0.043725,True,True,False,False,-1406.2299544132625,0.0,175.5646198360392,114.04918823340299,12.333226169426137,-3.434022052322778,-1107.7169422267168
2025-03-20T23:00:00Z,2025-03-20T23:15:00Z,2025-03-21,2025-03-21_1,0.0,100,100,0,48.462026818217836,46.554418122565664,0.00529891304347826,1.755,0.0,True,True,False,False,0.0,0.0,175.5646198360392,207.36216042436908,336.8557607297862,0.0,719.7825409901945
2025-03-20T23:15:00Z,2025-03-20T23:30:00Z,2025-03-21,2025-03-21_1,0.0,100,100,0,46.554418122565664,45.26340681821784,0.0035938091787439614,1.189,0.0015,True,True,False,False,0.0,0.0,175.5646198360392,207.36216042436908,224.40296495740233,-0.12055939559556343,607.2091858222151
2025-03-20T23:30:00Z,2025-03-20T23:45:00Z,2025-03-21,2025-03-21_1,0.0,100,100,0,45.26340681821784,44.99298681821784,0.0011932777777777777,0.322,0.0865,True,True,False,False,0.0,0.0,175.5646198360392,207.36216042436908,57.055167577559885,-6.648549067674007,433.3333987702942
2025-03-20T23:45:00Z,2025-03-21T00:00:00Z,2025-03-21,2025-03-21_1,0.0,100,100,0,44.99298681821784,45.294680731261316,0.001173183574879227,0.05550000000000001,0.3935,True,True,False,False,0.0,0.0,175.5646198360392,207.36216042436908,8.557301981192737,-30.13712827519692,361.3469539664041
2025-03-21T00:00:00Z,2025-03-21T00:15:00Z,2025-03-21,2025-03-21_2,-3.1686594757069195e-14,100,100,0,45.294680731261316,44.959832035609146,0.0012649130434782805,0.3635,0.0655,True,True,False,False,-9.544794505698168e-13,0.0,175.5646198360392,207.36216042436908,66.54464666050474,-5.237301981192735,444.2341249397193
2025-03-21T00:15:00Z,2025-03-21T00:30:00Z,2025-03-21,2025-03-21_2,-3.1686594757069195e-14,100,100,0,44.959832035609146,44.143362470391764,0.0023063043478261055,0.7575,0.0075,True,True,False,False,-9.544794505698168e-13,0.0,175.5646198360392,207.36216042436908,140.76946029577238,-0.6027969779778171,523.0934435782019
2025-03-21T00:30:00Z,2025-03-21T00:45:00Z,2025-03-21,2025-03-21_2,-3.1686594757069195e-14,100,100,0,44.143362470391764,43.49553638343525,0.0017995169082125795,0.596,0.0,True,True,False,False,-9.544794505698168e-13,0.0,175.5646198360392,207.36216042436908,108.24056019932486,0.0,491.1673404597322
2025-03-21T00:45:00Z,2025-03-21T01:00:00Z,2025-03-21,2025-03-21_2,-3.1686594757069195e-14,100,100,0,43.49553638343525,43.104103339957,0.0018233140096618548,0.482,0.144,True,True,False,False,-9.544794505698168e-13,0.0,175.5646198360392,207.36216042436908,82.15403713229384,-10.642973798424691,454.4378435942765
2025-03-21T01:00:00Z,2025-03-21T01:15:00Z,2025-03-21,2025-03-21_3,-3.125572887935267e-14,100,100,0,43.104103339957,43.80042594865266,0.0020882149758454306,0.025499999999999995,0.787,True,True,False,False,-9.16964945998009e-13,0.0,175.5646198360392,207.36216042436908,3.869955995820607,-58.37854926860634,328.41818698762165
2025-03-21T01:15:00Z,2025-03-21T01:30:00Z,2025-03-21,2025-03-21_3,-3.125572887935267e-14,100,100,0,43.80042594865266,45.21906594865267,0.003940666666666687,0.0,1.542,True,True,False,False,-9.16964945998009e-13,0.0,175.5646198360392,207.36216042436908,0.0,-107.92977535765955,274.99700490274785
2025-03-21T01:30:00Z,2025-03-21T01:45:00Z,2025-03-21,2025-03-21_3,-3.125572887935267e-14,100,100,0,45.21906594865267,45.76688507908746,0.0015398357487922904,0.003,0.599,True,True,False,False,-9.16964945998009e-13,0.0,175.5646198360392,207.36216042436908,0.4484809516154959,-44.8213713631249,338.553889848898
2025-03-21T01:45:00Z,2025-03-21T02:00:00Z,2025-03-21,2025-03-21_3,-3.125572887935267e-14,100,100,0,45.76688507908746,45.77177725300051,0.0008016328502415656,0.1305,0.1595,True,True,False,False,-9.16964945998009e-13,0.0,175.5646198360392,207.36216042436908,20.00081367545411,-12.727053930236297,390.2005400056252
2025-03-21T02:00:00Z,2025-03-21T02:15:00Z,2025-03-21,2025-03-21_4,-100.0,100,0,0,45.77177725300051,66.23349725300051,0.05683811111111111,2.759,0.0,True,True,False,False,-2870.25,0.0,175.5646198360392,0.0,553.5107928789585,0.0,-2141.1745872850024
2025-03-21T02:15:00Z,2025-03-21T02:30:00Z,2025-03-21,2025-03-21_4,-100.0,100,0,0,66.23349725300051,88.55361725300051,0.06200033333333333,0.739,0.0,True,True,False,False,-2870.25,0.0,175.5646198360392,0.0,131.26025699244494,0.0,-2563.4251231715157
2025-03-21T02:30:00Z,2025-03-21T02:45:00Z,2025-03-21,2025-03-21_4,-100.0,100,0,0,88.55361725300051,108.53969725300051,0.05551688888888889,3.276,0.0,True,True,False,False,-2870.25,0.0,175.5646198360392,0.0,656.7916588972834,0.0,-2037.8937212666774
2025-03-21T02:45:00Z,2025-03-21T03:00:00Z,2025-03-21,2025-03-21_4,-100.0,100,0,0,108.53969725300051,130.52171725300053,0.06106116666666667,1.1065,0.0,True,True,False,False,-2870.25,0.0,175.5646198360392,0.0,210.00533143787172,0.0,-2484.680048726089
2025-03-21T03:00:00Z,2025-03-21T03:15:00Z,2025-03-21,2025-03-21_5,0.0,100,100,0,130.52171725300053,130.3787607312614,0.0007804347826086957,0.195,0.075,True,True,False,False,0.0,0.0,175.5646198360392,207.36216042436908,30.970002813052567,-5.9696943819321655,407.9270886915287
2025-03-21T03:15:00Z,2025-03-21T03:30:00Z,2025-03-21,2025-03-21_5,0.0,100,100,0,130.3787607312614,130.39680855734835,0.0005120893719806763,0.0765,0.11,True,True,False,False,0.0,0.0,175.5646198360392,207.36216042436908,11.551994956598618,-8.778427905481434,385.7003473115255
2025-03-21T03:30:00Z,2025-03-21T03:45:00Z,2025-03-21,2025-03-21_5,0.0,100,100,0,130.39680855734835,129.3277868182179,0.0029695048309178744,0.9835,0.0,True,True,False,False,0.0,0.0,175.5646198360392,207.36216042436908,187.01756027969782,0.0,569.9443405401062
2025-03-21T03:45:00Z,2025-03-21T04:00:00Z,2025-03-21,2025-03-21_5,0.0,100,100,0,129.3277868182179,125.71039551387008,0.01004830917874396,3.328,0.0,True,True,False,False,0.0,0.0,175.5646198360392,207.36216042436908,664.3027166050474,0.0,1047.2294968654558
2025-03-21T04:00:00Z,2025-03-21T04:15:00Z,2025-03-21,2025-03-21_6,0.0,100,100,0,125.71039551387008,126.92091986169618,0.0036192101449275364,0.0425,1.366,True,True,False,False,0.0,0.0,175.5646198360392,206.75936344639126,7.2157772062369405,-97.82374819160907,291.71601229705834
2025-03-21T04:15:00Z,2025-03-21T04:30:00Z,2025-03-21,2025-03-21_6,0.0,100,100,0,126.92091986169618,128.7938763834353,0.00527512077294686,0.012,2.05,True,True,False,False,0.0,0.0,175.5646198360392,206.75936344639126,2.0253978460054656,-139.60661469217166,244.74276643626428
2025-03-21T04:30:00Z,2025-03-21T04:45:00Z,2025-03-21,2025-03-21_6,0.0,100,100,0,128.7938763834353,130.40334507908747,0.004706253623188407,0.039,1.7955000000000003,True,True,False,False,0.0,0.0,175.5646198360392,206.75936344639126,6.607862280983765,-94.34492414804696,294.58692141536727
2025-03-21T04:45:00Z,2025-03-21T05:00:00Z,2025-03-21,2025-03-21_6,0.0,100,100,0,130.40334507908747,130.16247551387008,0.0009885265700483093,0.2745,0.0625,True,True,False,False,0.0,0.0,175.5646198360392,206.75936344639126,47.11584451856615,-4.998191609066066,424.44163619193057
2025-03-21T05:00:00Z,2025-03-21T05:15:00Z,2025-03-21,2025-03-21_7,100.0,0,100,0,130.16247551387008,103.03747551387008,0.07534722222222222,0.0,0.045,True,True,False,False,4207.25,0.0,0.0,189.88104806301237,0.0,-3.6167818678669024,4393.514266195146
2025-03-21T05:15:00Z,2025-03-21T05:30:00Z,2025-03-21,2025-03-21_7,100.0,0,100,0,103.03747551387008,75.88747551387007,0.07541666666666667,0.0,0.022,True,True,False,False,4207.25,0.0,0.0,189.88104806301237,0.0,-1.76820446873493,4395.362843594277
2025-03-21T05:30:00Z,2025-03-21T05:45:00Z,2025-03-21,2025-03-21_7,100.0,0,100,0,75.88747551387007,51.9298668182179,0.06654891304347826,0.0,2.959,True,True,False,False,4207.25,0.0,0.0,189.88104806301237,0.0,-204.80111336601834,4192.329934696994
2025-03-21T05:45:00Z,2025-03-21T06:00:00Z,2025-03-21,2025-03-21_7,100.0,0,100,0,51.9298668182179,36.29617116604399,0.04342693236714975,0.0,10.617,True,True,False,False,4207.25,0.0,0.0,189.88104806301237,0.0,-222.43476852596046,4174.696279537052
2025-03-21T06:00:00Z,2025-03-21T06:15:00Z,2025-03-21,2025-03-21_8,18.48786577676053,0,0,0,36.29617116604399,31.272294596272108,0.013955212693810785,0.0,0.0,True,False,False,False,670.1851344075692,0.0,0.0,0.0,0.0,0.0,670.1851344075692
2025-03-21T06:15:00Z,2025-03-21T06:30:00Z,2025-03-21,2025-03-21_8,18.48786577676053,0,0,0,31.272294596272108,26.248418026500225,0.013955212693810785,0.0,0.0,True,False,False,False,670.1851344075692,0.0,0.0,0.0,0.0,0.0,670.1851344075692
2025-03-21T06:30:00Z,2025-03-21T06:45:00Z,2025-03-21,2025-03-21_8,18.48786577676053,0,0,0,26.248418026500225,21.224541456728343,0.013955212693810785,0.0,0.0,True,False,False,False,670.1851344075692,0.0,0.0,0.0,0.0,0.0,670.1851344075692
2025-03-21T06:45:00Z,2025-03-21T07:00:00Z,2025-03-21,2025-03-21_8,18.48786577676053,0,0,0,21.224541456728343,16.20066488695646,0.013955212693810785,0.0,0.0,True,False,False,False,670.1851344075692,0.0,0.0,0.0,0.0,0.0,670.1851344075692
2025-03-21T07:00:00Z,2025-03-21T07:15:00Z,2025-03-21,2025-03-21_9,25.99999999999999,74,100,0,16.20066488695646,11.667720173912986,0.02279973086956521,0.06253,2.699,True,True,False,False,657.5399999999997,0.0,127.86589776563252,190.63454428548465,6.910364089374699,-102.96852033435138,879.9822858061402
2025-03-21T07:15:00Z,2025-03-21T07:30:00Z,2025-03-21,2025-03-21_9,25.99999999999999,74,100,0,11.667720173912986,9.999999999999947,0.025822456038647336,0.0,5.6025,True,True,False,False,657.5399999999997,0.0,127.86589776563252,190.63454428548465,0.0,-152.40605660263623,823.6343854484807
2025-03-21T07:30:00Z,2025-03-21T07:45:00Z,2025-03-21,2025-03-21_9,25.99999999999999,74,100,0,9.999999999999947,12.748545286956471,0.030892758647342998,0.0,10.1865,True,True,False,False,657.5399999999997,0.0,127.86589776563252,190.63454428548465,0.0,2919.9505641175056,3895.9910061686223
2025-03-21T07:45:00Z,2025-03-21T08:00:00Z,2025-03-21,2025-03-21_9,25.99999999999999,74,100,0,12.748545286956471,21.76502754782604,0.03808896038647343,0.0,16.6925,True,True,False,False,657.5399999999997,0.0,127.86589776563252,190.63454428548465,0.0,11762.369722512458,12738.410164563575
2025-03-21T08:00:00Z,2025-03-21T08:15:00Z,2025-03-21,2025-03-21_10,0.0,100,100,0,21.76502754782604,10.604136243478214,0.03138580917874396,10.3315,0.075,True,True,False,False,0.0,0.0,172.79175373734125,202.93160263623213,6065.268084311205,-3.0240365294968656,6437.967404155282
2025-03-21T08:15:00Z,2025-03-21T08:30:00Z,2025-03-21,2025-03-21_10,0.0,100,100,0,10.604136243478214,10.088356243478215,0.004261722222222222,0.943,0.5535,True,True,False,False,0.0,0.0,172.79175373734125,202.93160263623213,104.21355087606493,-21.736508198038898,458.2003990515994
2025-03-21T08:30:00Z,2025-03-21T08:45:00Z,2025-03-21,2025-03-21_10,0.0,100,100,0,10.088356243478215,14.578416243478214,0.012472388888888889,0.0,4.8805,True,True,False,False,0.0,0.0,172.79175373734125,202.93160263623213,0.0,-86.07853409821573,289.6448222753577
2025-03-21T08:45:00Z,2025-03-21T09:00:00Z,2025-03-21,2025-03-21_10,0.0,100,100,0,14.578416243478214,29.329236243478213,0.040974500000000004,0.0,16.0335,True,True,False,False,0.0,0.0,172.79175373734125,202.93160263623213,0.0,10032.013527366984,10407.736883740557
2025-03-21T09:00:00Z,2025-03-21T09:15:00Z,2025-03-21,2025-03-21_11,-4.6622274620729897e-14,100,100,0,29.329236243478213,28.769835373913008,0.006450335748792297,1.3255,0.958,True,True,False,False,-1.4884161172668018e-13,0.0,171.79713872367785,207.663558913358,146.48468895675936,-36.65454910786047,489.2908374859346
2025-03-21T09:15:00Z,2025-03-21T09:30:00Z,2025-03-21,2025-03-21_11,-4.6622274620729897e-14,100,100,0,28.769835373913008,28.719124069565193,0.0009279758454106573,0.177,0.154,True,True,False,False,-1.4884161172668018e-13,0.0,171.79713872367785,207.663558913358,19.560761935380164,-6.887266918501847,392.134192653914
2025-03-21T09:30:00Z,2025-03-21T09:45:00Z,2025-03-21,2025-03-21_11,-4.6622274620729897e-14,100,100,0,28.719124069565193,26.601320591304336,0.005995231884057995,1.967,0.022,True,True,False,False,-1.4884161172668018e-13,0.0,171.79713872367785,207.663558913358,297.6138822134705,-1.7239993570165568,675.3505804934897
2025-03-21T09:45:00Z,2025-03-21T10:00:00Z,2025-03-21,2025-03-21_11,-4.6622274620729897e-14,100,100,0,26.601320591304336,26.589175373913044,0.00042218115942031944,0.0755,0.076,True,True,False,False,-1.4884161172668018e-13,0.0,171.79713872367785,207.663558913358,8.34371483684295,-5.935644590901784,381.86876788297684
2025-03-21T10:00:00Z,2025-03-21T10:15:00Z,2025-03-21,2025-03-21_12,0.0,100,100,0,26.589175373913044,25.629898852173913,0.0027489903381642503,0.8964999999999999,0.0165,True,True,False,False,0.0,0.0,171.79713872367785,207.36216042436908,99.07470663880403,-1.1330587927985856,477.1009469940524
2025-03-21T10:15:00Z,2025-03-21T10:30:00Z,2025-03-21,2025-03-21_12,0.0,100,100,0,25.629898852173913,25.637235373913043,0.00037062077294685984,0.058,0.0765,True,True,False,False,0.0,0.0,171.79713872367785,207.36216042436908,6.409741199164122,-5.634942533354766,379.9340978138563
2025-03-21T10:30:00Z,2025-03-21T10:45:00Z,2025-03-21,2025-03-21_12,0.0,100,100,0,25.637235373913043,33.18629537391304,0.020969611111111112,0.0,8.2055,True,True,False,False,0.0,0.0,171.79713872367785,207.36216042436908,0.0,366.251720884906,745.4110200329529
2025-03-21T10:45:00Z,2025-03-21T11:00:00Z,2025-03-21,2025-03-21_12,0.0,100,100,0,33.18629537391304,43.09285537391304,0.027518222222222225,0.0,10.768,True,True,False,False,0.0,0.0,171.79713872367785,207.36216042436908,0.0,255.1103809676901,634.2696801157371
2025-03-21T11:00:00Z,2025-03-21T11:15:00Z,2025-03-21,2025-03-21_13,-84.97381486683452,100,15,0,43.09285537391304,63.74711179328499,0.05737293449825538,0.0,1.206825,True,True,False,False,-32.92735326089838,0.0,171.79713872367785,31.149533837003702,0.0,-0.5407530441247388,169.47856625565842
2025-03-21T11:15:00Z,2025-03-21T11:30:00Z,2025-03-21,2025-03-21_13,-84.97381486683452,100,15,0,63.74711179328499,83.69970721265693,0.05542387616492205,0.0,0.44414999999999993,True,True,False,False,-32.92735326089838,0.0,171.79713872367785,31.149533837003702,0.0,-14.196147052322775,155.8231722474604
2025-03-21T11:30:00Z,2025-03-21T11:45:00Z,2025-03-21,2025-03-21_13,-84.97381486683452,100,15,0,83.69970721265693,103.78478263202886,0.05579187616492205,0.0,0.58815,True,True,False,False,-32.92735326089838,0.0,171.79713872367785,31.149533837003702,0.0,-12.123207603279216,157.89611169650397
2025-03-21T11:45:00Z,2025-03-21T12:00:00Z,2025-03-21,2025-03-21_13,-84.97381486683452,100,15,0,103.78478263202886,123.51131107182255,0.05480090291357134,0.0055,0.204075,True,True,False,False,-32.92735326089838,0.0,171.79713872367785,31.149533837003702,0.6078202861276322,-8.372700922279378,162.25443866363142
2025-03-21T12:00:00Z,2025-03-21T12:15:00Z,2025-03-21,2025-03-21_14,0.0,100,100,0,123.51131107182255,130.39981107182254,0.019134722222222223,0.0,7.4875,True,True,False,False,0.0,0.0,171.79713872367785,207.06076193538019,0.0,182.21970442854845,561.0776050876065
2025-03-21T12:15:00Z,2025-03-21T12:30:00Z,2025-03-21,2025-03-21_14,0.0,100,100,0,130.39981107182254,145.55727107182253,0.042104055555555554,0.0,16.4755,True,True,False,False,0.0,0.0,171.79713872367785,207.06076193538019,0.0,2897.129676097091,3275.987576756149
2025-03-21T12:30:00Z,2025-03-21T12:45:00Z,2025-03-21,2025-03-21_14,0.0,100,100,0,145.55727107182253,153.9895310718225,0.023422944444444444,0.0,9.1655,True,True,False,False,0.0,0.0,171.79713872367785,207.06076193538019,0.0,164.6983332663559,543.556233925414
2025-03-21T12:45:00Z,2025-03-21T13:00:00Z,2025-03-21,2025-03-21_14,0.0,100,100,0,153.9895310718225,158.98973107182252,0.013889444444444444,0.0,5.435,True,True,False,False,0.0,0.0,171.79713872367785,207.06076193538019,0.0,-28.359892903070243,350.49800775598777
2025-03-21T13:00:00Z,2025-03-21T13:15:00Z,2025-03-21,2025-03-21_15,0.0,100,100,0,158.98973107182252,178.76973107182252,0.05494444444444445,0.0,21.5,True,True,False,False,0.0,0.0,171.79713872367785,207.36216042436908,0.0,21275.67734287092,21654.836642018967
2025-03-21T13:15:00Z,2025-03-21T13:30:00Z,2025-03-21,2025-03-21_15,0.0,100,100,0,178.76973107182252,183.24616672399642,0.012594567632850242,0.0265,4.897,True,True,False,False,0.0,0.0,171.79713872367785,207.36216042436908,2.9285886513422277,-69.27019430155924,312.8176934978299
2025-03-21T13:30:00Z,2025-03-21T13:45:00Z,2025-03-21,2025-03-21_15,0.0,100,100,0,183.24616672399642,176.85051455008337,0.017765700483091788,5.884,0.0,True,True,False,False,0.0,0.0,171.79713872367785,207.36216042436908,1005.1888506670954,0.0,1384.3481498151423
2025-03-21T13:45:00Z,2025-03-21T14:00:00Z,2025-03-21,2025-03-21_15,0.0,100,100,0,176.85051455008337,174.18515802834423,0.007940434782608695,2.541,0.105,True,True,False,False,0.0,0.0,171.79713872367785,207.36216042436908,361.2327017360553,-5.496908656164604,734.8950922279377
2025-03-21T14:00:00Z,2025-03-21T14:15:00Z,2025-03-21,2025-03-21_16,21.999999999999098,78,100,0,174.18515802834423,186.94398435877923,0.04263568908212591,0.0,19.5845,True,True,False,False,328.5149999999865,0.0,136.94040347211057,208.29649574023472,0.0,25339.099641838126,26012.85154105046
2025-03-21T14:15:00Z,2025-03-21T14:30:00Z,2025-03-21,2025-03-21_16,21.999999999999098,78,100,0,186.94398435877923,185.01556341964903,0.02223228483091741,0.0,4.233,True,True,False,False,328.5149999999865,0.0,136.94040347211057,208.29649574023472,0.0,-61.63570527246423,612.1161939398676
2025-03-21T14:30:00Z,2025-03-21T14:45:00Z,2025-03-21,2025-03-21_16,21.999999999999098,78,100,0,185.01556341964903,178.9251727066058,0.017344325314008983,0.19734000000000002,0.107,True,True,False,False,328.5149999999865,0.0,136.94040347211057,208.29649574023472,29.501076997267322,-6.275113124899534,696.9778630846996
2025-03-21T14:45:00Z,2025-03-21T15:00:00Z,2025-03-21,2025-03-21_16,21.999999999999098,78,100,0,178.9251727066058,173.1001057500843,0.016978074879226382,0.0351,0.2,True,True,False,False,328.5149999999865,0.0,136.94040347211057,208.29649574023472,5.247227133901302,-10.029657611316509,668.9694687349166
2025-03-21T15:00:00Z,2025-03-21T15:15:00Z,2025-03-21,2025-03-21_17,43.57645461027743,56,100,0,173.1001057500843,184.34963331758271,0.03582868884988617,0.0,23.2595,True,True,False,False,1317.9698696878409,0.0,98.31618710818196,208.29649574023472,0.0,36173.29890431602,37797.88145685228
2025-03-21T15:15:00Z,2025-03-21T15:30:00Z,2025-03-21,2025-03-21_17,43.57645461027743,56,100,0,184.34963331758271,183.31432981713004,0.034266769070244105,0.0,10.885,True,True,False,False,1317.9698696878409,0.0,98.31618710818196,208.29649574023472,0.0,10379.482210456517,12004.064762992775
2025-03-21T15:30:00Z,2025-03-21T15:45:00Z,2025-03-21,2025-03-21_17,43.57645461027743,56,100,0,183.31432981713004,171.43815918461348,0.033103275736960605,0.06803999999999999,0.0395,True,True,False,False,1317.9698696878409,0.0,98.31618710818196,208.29649574023472,11.329108423083104,-2.695005123774313,1633.2166558355664
2025-03-21T15:45:00Z,2025-03-21T16:00:00Z,2025-03-21,2025-03-21_17,43.57645461027743,56,100,0,171.43815918461348,158.6045791304355,0.03572669797646559,0.9374399999999998,0.027,True,True,False,False,1317.9698696878409,0.0,98.31618710818196,208.29649574023472,181.91248480951614,-1.755547942452982,1804.7394894033207
2025-03-21T16:00:00Z,2025-03-21T16:15:00Z,2025-03-21,2025-03-21_18,0.0,100,100,0,158.6045791304355,180.8874391304355,0.06189683333333334,0.0,24.2205,True,True,False,False,0.0,0.0,197.4160102877351,201.93698762256872,0.0,36546.06658525559,36945.419583165894
2025-03-21T16:15:00Z,2025-03-21T16:30:00Z,2025-03-21,2025-03-21_18,0.0,100,100,0,180.8874391304355,189.83992000000072,0.024919330917874394,0.0085,9.741,True,True,False,False,0.0,0.0,197.4160102877351,201.93698762256872,1.6169026281948242,8988.327288619193,9389.297189157693
2025-03-21T16:30:00Z,2025-03-21T16:45:00Z,2025-03-21,2025-03-21_18,0.0,100,100,0,189.83992000000072,189.89347826087027,0.00074056038647343,0.098,0.174,True,True,False,False,0.0,0.0,197.4160102877351,201.93698762256872,17.45399533837004,-12.91564017039061,403.89135307828326
2025-03-21T16:45:00Z,2025-03-21T17:00:00Z,2025-03-21,2025-03-21_18,0.0,100,100,0,189.89347826087027,188.27710608695722,0.004791478260869565,1.537,0.05899999999999999,True,True,False,False,0.0,0.0,197.4160102877351,201.93698762256872,319.23849481594596,-4.329187831538337,714.2623048947114
2025-03-21T17:00:00Z,2025-03-21T17:15:00Z,2025-03-21,2025-03-21_19,99.99999999999997,0,0,0,188.27710608695722,161.10319304347897,0.07548309178743959,0.0,0.0,True,False,False,False,5630.249999999998,0.0,0.0,0.0,0.0,0.0,5630.249999999998
2025-03-21T17:15:00Z,2025-03-21T17:30:00Z,2025-03-21,2025-03-21_19,99.99999999999997,0,0,0,161.10319304347897,133.92928000000072,0.07548309178743959,0.0,0.0,True,False,False,False,5630.249999999998,0.0,0.0,0.0,0.0,0.0,5630.249999999998
2025-03-21T17:30:00Z,2025-03-21T17:45:00Z,2025-03-21,2025-03-21_19,99.99999999999997,0,0,0,133.92928000000072,106.75536695652247,0.07548309178743959,0.0,0.0,True,False,False,False,5630.249999999998,0.0,0.0,0.0,0.0,0.0,5630.249999999998
2025-03-21T17:45:00Z,2025-03-21T18:00:00Z,2025-03-21,2025-03-21_19,99.99999999999997,0,0,0,106.75536695652247,79.58145391304421,0.07548309178743959,0.0,0.0,True,False,False,False,5630.249999999998,0.0,0.0,0.0,0.0,0.0,5630.249999999998
2025-03-21T18:00:00Z,2025-03-21T18:15:00Z,2025-03-21,2025-03-21_20,77.42840375055312,22,100,0,79.58145391304421,60.08565485197301,0.055853183975467284,0.0,1.472,True,True,False,False,3661.2020713449037,0.0,43.36521459572416,190.63454428548465,0.0,-105.15358945507153,3790.048240771041
2025-03-21T18:15:00Z,2025-03-21T18:30:00Z,2025-03-21,2025-03-21_20,77.42840375055312,22,100,0,60.08565485197301,45.336236641320944,0.04788737085672653,0.0,5.9955,True,True,False,False,3661.2020713449037,0.0,43.36521459572416,190.63454428548465,0.0,-387.92455915447675,3507.277271071636
2025-03-21T18:30:00Z,2025-03-21T18:45:00Z,2025-03-21,2025-03-21_20,77.42840375055312,22,100,0,45.336236641320944,33.341681462121386,0.04326390620695227,0.0,8.621,True,True,False,False,3661.2020713449037,0.0,43.36521459572416,190.63454428548465,0.0,-388.4334909982318,3506.768339227881
2025-03-21T18:45:00Z,2025-03-21T19:00:00Z,2025-03-21,2025-03-21_20,77.42840375055312,22,100,0,33.341681462121386,22.081616521739864,0.04203121709827127,0.0,9.321,True,True,False,False,3661.2020713449037,0.0,43.36521459572416,190.63454428548465,0.0,-398.21766235331944,3496.984167872793
2025-03-21T19:00:00Z,2025-03-21T19:15:00Z,2025-03-21,2025-03-21_21,-1.7149529490591863e-14,100,100,0,22.081616521739864,12.641989565218129,0.027118185990338172,8.833,0.1755,True,True,False,False,-6.873531419829219e-13,0.0,175.5646198360392,190.63454428548465,2508.6319894309595,-12.445731594598941,2862.385421957884
2025-03-21T19:15:00Z,2025-03-21T19:30:00Z,2025-03-21,2025-03-21_21,-1.7149529490591863e-14,100,100,0,12.641989565218129,10.626988695652916,0.0073375579710144995,2.142,0.3405,True,True,False,False,-6.873531419829219e-13,0.0,175.5646198360392,190.63454428548465,449.5974847291433,-24.86037242806623,790.9362764226003
2025-03-21T19:30:00Z,2025-03-21T19:45:00Z,2025-03-21,2025-03-21_21,-1.7149529490591863e-14,100,100,0,10.626988695652916,11.548420869565962,0.005153132850241556,0.4295,1.509,True,True,False,False,-6.873531419829219e-13,0.0,175.5646198360392,190.63454428548465,86.11247166854204,-98.74841665327116,353.56321913679403
2025-03-21T19:45:00Z,2025-03-21T20:00:00Z,2025-03-21,2025-03-21_21,-1.7149529490591863e-14,100,100,0,11.548420869565962,18.648520869565967,0.019722500000000014,0.0,7.717500000000001,True,True,False,False,-6.873531419829219e-13,0.0,175.5646198360392,190.63454428548465,0.0,-339.3991133861116,26.800050735411585
2025-03-21T20:00:00Z,2025-03-21T20:15:00Z,2025-03-21,2025-03-21_22,0.0,100,100,0,18.648520869565967,10.000000000000751,0.025925002415458934,8.2715,0.372,True,True,False,False,0.0,0.0,175.5646198360392,207.663558913358,1916.51725335557,-21.49374859347372,2278.2516835114934
2025-03-21T20:15:00Z,2025-03-21T20:30:00Z,2025-03-21,2025-03-21_22,0.0,100,100,0,10.000000000000751,10.842904347826838,0.007459154589371982,0.8475,1.9175000000000002,True,True,False,False,0.0,0.0,175.5646198360392,207.663558913358,162.61193387317152,-110.1768807265713,435.66323189599746
2025-03-21T20:30:00Z,2025-03-21T20:45:00Z,2025-03-21,2025-03-21_22,0.0,100,100,0,10.842904347826838,18.25764434782684,0.0205965,0.0,8.0595,True,True,False,False,0.0,0.0,175.5646198360392,207.663558913358,0.0,-333.2721791110754,49.95599963832183
2025-03-21T20:45:00Z,2025-03-21T21:00:00Z,2025-03-21,2025-03-21_22,0.0,100,100,0,18.25764434782684,35.599184347826835,0.04817094444444444,0.0,18.8495,True,True,False,False,0.0,0.0,175.5646198360392,207.663558913358,0.0,12142.64883037293,12525.877009122327
2025-03-21T21:00:00Z,2025-03-21T21:15:00Z,2025-03-21,2025-03-21_23,35.00000000000002,65,100,0,35.599184347826835,28.803616304348566,0.028270161231884073,0.047125,2.8275,True,True,False,False,1188.6875000000007,0.0,114.1170028934255,207.36216042436908,8.01385395736216,413.99570055055466,1932.176217825712
2025-03-21T21:15:00Z,2025-03-21T21:30:00Z,2025-03-21,2025-03-21_23,35.00000000000002,65,100,0,28.803616304348566,21.530427086957253,0.027801225603864745,0.0,2.287,True,True,False,False,1188.6875000000007,0.0,114.1170028934255,207.36216042436908,0.0,-140.883850466163,1369.2828128516323
2025-03-21T21:30:00Z,2025-03-21T21:45:00Z,2025-03-21,2025-03-21_23,35.00000000000002,65,100,0,21.530427086957253,14.068399956522466,0.027684586473429966,0.0,2.094,True,True,False,False,1188.6875000000007,0.0,114.1170028934255,207.36216042436908,0.0,-113.97590499919627,1396.190758318599
2025-03-21T21:45:00Z,2025-03-21T22:00:00Z,2025-03-21,2025-03-21_23,35.00000000000002,65,100,0,14.068399956522466,10.027470043478981,0.029797688647343005,0.0,5.5905,True,True,False,False,1188.6875000000007,0.0,114.1170028934255,207.36216042436908,0.0,-239.88668351149332,1270.279979806302
2025-03-21T22:00:00Z,2025-03-21T22:15:00Z,2025-03-22,2025-03-21_24,0.0,100,100,0,10.027470043478981,12.71893004347898,0.007476277777777778,0.0,2.9255,True,True,False,False,0.0,0.0,171.7902350813743,207.35382760699216,0.0,-180.37938215792647,198.76468053044
2025-03-21T22:15:00Z,2025-03-21T22:30:00Z,2025-03-22,2025-03-21_24,0.0,100,100,0,12.71893004347898,13.527610043478981,0.0022463333333333333,0.0,0.8789999999999999,True,True,False,False,0.0,0.0,171.7902350813743,207.35382760699216,0.0,-64.28356419529835,314.8604984930681
2025-03-21T22:30:00Z,2025-03-21T22:45:00Z,2025-03-22,2025-03-21_24,0.0,100,100,0,13.527610043478981,14.593225695652894,0.003050623188405797,0.015,1.176,True,True,False,False,0.0,0.0,171.7902350813743,207.35382760699216,1.6546112115732368,-84.04087763713079,296.7577962628089
2025-03-21T22:45:00Z,2025-03-21T23:00:00Z,2025-03-22,2025-03-21_24,0.0,100,100,0,14.593225695652894,15.009985695652894,0.0011576666666666667,0.0,0.453,True,True,False,False,0.0,0.0,171.7902350813743,207.35382760699216,0.0,-33.95188125376733,345.19218143459915
2025-03-21T23:00:00Z,2025-03-21T23:15:00Z,2025-03-22,2025-03-22_1,-9.894826155733684,100,90,0,15.009985695652894,17.24111502914461,0.006717209748958117,0.0955,0.06255000000000001,True,True,False,False,-250.3391017400622,0.0,171.7902350813743,187.16094032549728,10.534358047016275,-4.927939602169983,114.21849211165568
2025-03-21T23:15:00Z,2025-03-21T23:30:00Z,2025-03-22,2025-03-22_1,-9.894826155733684,100,90,0,17.24111502914461,14.766863235264967,0.01727210908305967,4.4375,0.0,True,True,False,False,-250.3391017400622,0.0,171.7902350813743,187.16094032549728,490.3727270444042,0.0,598.9848007112136
2025-03-21T23:30:00Z,2025-03-21T23:45:00Z,2025-03-22,2025-03-22_1,-9.894826155733684,100,90,0,14.766863235264967,13.822265148666226,0.013745767121191611,3.0085,0.0,True,True,False,False,-250.3391017400622,0.0,171.7902350813743,187.16094032549728,332.39905203938116,0.0,441.01112570619057
2025-03-21T23:45:00Z,2025-03-22T00:00:00Z,2025-03-22,2025-03-22_1,-9.894826155733684,100,90,0,13.822265148666226,15.163048913043498,0.008477229620430023,0.8734999999999999,0.0,True,True,False,False,-250.3391017400622,0.0,171.7902350813743,187.16094032549728,96.43004741812337,0.0,205.04212108493275
2025-03-22T00:00:00Z,2025-03-22T00:15:00Z,2025-03-22,2025-03-22_2,-60.999999999999986,100,39,0,15.163048913043498,17.194864600000017,0.034327537536231884,12.1795,0.0,True,True,False,False,-1388.8174999999997,0.0,171.7902350813743,81.10307414104882,5708.539236186458,0.0,4572.615045408881
2025-03-22T00:15:00Z,2025-03-22T00:30:00Z,2025-03-22,2025-03-22_2,-60.999999999999986,100,39,0,17.194864600000017,28.112399939130448,0.037767338502415454,3.1595,0.0,True,True,False,False,-1388.8174999999997,0.0,171.7902350813743,81.10307414104882,419.4371149286718,0.0,-716.4870758489047
2025-03-22T00:30:00Z,2025-03-22T00:45:00Z,2025-03-22,2025-03-22_2,-60.999999999999986,100,39,0,28.112399939130448,34.839264391304354,0.0361450642995169,7.413500000000001,0.0,True,True,False,False,-1388.8174999999997,0.0,171.7902350813743,81.10307414104882,1483.3002894313845,0.0,347.37609865380796
2025-03-22T00:45:00Z,2025-03-22T01:00:00Z,2025-03-22,2025-03-22_2,-60.999999999999986,100,39,0,34.839264391304354,46.4882461652174,0.03805049285024154,2.417,0.0,True,True,False,False,-1388.8174999999997,0.0,171.7902350813743,81.10307414104882,267.0986538075145,0.0,-868.825536970062
2025-03-22T01:00:00Z,2025-03-22T01:15:00Z,2025-03-22,2025-03-22_3,0.0,100,100,0,46.4882461652174,44.56663660000001,0.005417026570048309,1.781,0.0155,True,True,False,False,0.0,0.0,171.7902350813743,207.0524412296564,196.7842180028129,-1.2457303596544103,574.3811639541892
2025-03-22T01:15:00Z,2025-03-22T01:30:00Z,2025-03-22,2025-03-22_3,0.0,100,100,0,44.56663660000001,43.78332964347827,0.0024135193236714974,0.76,0.0465,True,True,False,False,0.0,0.0,171.7902350813743,207.0524412296564,83.92785211975085,-3.719112417118746,459.05141601366284
2025-03-22T01:30:00Z,2025-03-22T01:45:00Z,2025-03-22,2025-03-22_3,0.0,100,100,0,43.78332964347827,43.70265138260871,0.0003646618357487923,0.0975,0.0275,True,True,False,False,0.0,0.0,171.7902350813743,207.0524412296564,10.75497287522604,-2.2101667671287926,387.38748241912793
2025-03-22T01:45:00Z,2025-03-22T02:00:00Z,2025-03-22,2025-03-22_3,0.0,100,100,0,43.70265138260871,43.81318964347827,0.0005516159420289855,0.0405,0.168,True,True,False,False,0.0,0.0,171.7902350813743,207.0524412296564,4.467450271247739,-13.061974683544303,370.24815189873414
2025-03-22T02:00:00Z,2025-03-22T02:15:00Z,2025-03-22,2025-03-22_4,0.0,100,100,0,43.81318964347827,43.85794790434783,0.0003688937198067633,0.0405,0.0965,True,True,False,False,0.0,0.0,171.7902350813743,207.0524412296564,4.467450271247739,-7.738594233473981,375.57153234880445
2025-03-22T02:15:00Z,2025-03-22T02:30:00Z,2025-03-22,2025-03-22_4,0.0,100,100,0,43.85794790434783,43.44106268695653,0.0012423478260869564,0.3975,0.0165,True,True,False,False,0.0,0.0,171.7902350813743,207.0524412296564,43.84719710669078,-1.3261000602772754,421.36377335744424
2025-03-22T02:30:00Z,2025-03-22T02:45:00Z,2025-03-22,2025-03-22_4,0.0,100,100,0,43.44106268695653,40.79696094782609,0.007413727053140097,2.444,0.0135,True,True,False,False,0.0,0.0,171.7902350813743,207.0524412296564,271.7681840466144,-1.0739403254972875,649.5369200321478
2025-03-22T02:45:00Z,2025-03-22T03:00:00Z,2025-03-22,2025-03-22_4,0.0,100,100,0,40.79696094782609,40.669511382608704,0.0006785821256038648,0.171,0.0635,True,True,False,False,0.0,0.0,171.7902350813743,207.0524412296564,18.883354430379747,-5.070328912999798,392.65570182841066
2025-03-22T03:00:00Z,2025-03-22T03:15:00Z,2025-03-22,2025-03-22_5,0.0,100,100,0,40.669511382608704,39.8493261652174,0.002413736714975845,0.777,0.0265,True,True,False,False,0.0,0.0,171.7902350813743,207.0524412296564,85.85420675105486,-2.1297970665059274,462.56708599557965
2025-03-22T03:15:00Z,2025-03-22T03:30:00Z,2025-03-22,2025-03-22_5,0.0,100,100,0,39.8493261652174,36.78410877391305,0.008514492753623188,2.82,0.0,True,True,False,False,0.0,0.0,171.7902350813743,207.0524412296564,311.6335141651597,0.0,690.4761904761904
2025-03-22T03:30:00Z,2025-03-22T03:45:00Z,2025-03-22,2025-03-22_5,0.0,100,100,0,36.78410877391305,35.80584790434783,0.0027173913043478264,0.9000000000000001,0.0,True,True,False,False,0.0,0.0,171.7902350813743,207.0524412296564,99.44665461121159,0.0,478.2893309222423
2025-03-22T03:45:00Z,2025-03-22T04:00:00Z,2025-03-22,2025-03-22_5,0.0,100,100,0,35.80584790434783,32.702043556521744,0.008621678743961352,2.8555,0.0,True,True,False,False,0.0,0.0,171.7902350813743,207.0524412296564,315.55483895921236,0.0,694.397515270243
2025-03-22T04:00:00Z,2025-03-22T04:15:00Z,2025-03-22,2025-03-22_6,37.37007572825003,62,100,0,32.702043556521744,21.36876623953676,0.03148452696553219,1.0850000000000002,0.001,True,True,False,False,980.1236611626776,0.0,107.33212778782398,207.0524412296564,119.90154711673699,-0.08036970062286518,1414.3294075962722
2025-03-22T04:15:00Z,2025-03-22T04:30:00Z,2025-03-22,2025-03-22_6,37.37007572825003,62,100,0,21.36876623953676,10.010243180889711,0.0316842979689471,1.14483,0.0415,True,True,False,False,980.1236611626776,0.0,107.33212778782398,207.0524412296564,126.51326100060275,-2.9378781394414304,1418.0836130413193
2025-03-22T04:30:00Z,2025-03-22T04:45:00Z,2025-03-22,2025-03-22_6,37.37007572825003,62,100,0,10.010243180889711,9.999999999999964,0.03308445772207419,0.0,10.3265,True,True,False,False,980.1236611626776,0.0,107.33212778782398,207.0524412296564,0.0,-146.09186085995577,1148.4163693202022
2025-03-22T04:45:00Z,2025-03-22T05:00:00Z,2025-03-22,2025-03-22_6,37.37007572825003,62,100,0,9.999999999999964,15.276989371573983,0.03562594020057005,0.0,15.7085,True,True,False,False,980.1236611626776,0.0,107.33212778782398,207.0524412296564,0.0,4316.930622664256,5611.438852844413
2025-03-22T05:00:00Z,2025-03-22T05:15:00Z,2025-03-22,2025-03-22_7,13.948154735244865,86,100,0,15.276989371573983,12.250125806251042,0.012109044212956393,0.02795,0.8415,True,True,False,False,308.2890900357496,0.0,148.38758288125376,191.0186859553948,3.088708057062487,-41.167897830018084,609.6161690994426
2025-03-22T05:15:00Z,2025-03-22T05:30:00Z,2025-03-22,2025-03-22_7,13.948154735244865,86,100,0,12.250125806251042,10.158255248189764,0.013729720417240007,0.0,1.8005,True,True,False,False,308.2890900357496,0.0,148.38758288125376,191.0186859553948,0.0,-69.80021539079766,577.8951434816005
2025-03-22T05:30:00Z,2025-03-22T05:45:00Z,2025-03-22,2025-03-22_7,13.948154735244865,86,100,0,10.158255248189764,17.05544153000246,0.03067281667839259,0.0,11.33,True,True,False,False,308.2890900357496,0.0,148.38758288125376,191.0186859553948,0.0,2317.6554209363067,2965.350779808705
2025-03-22T05:45:00Z,2025-03-22T06:00:00Z,2025-03-22,2025-03-22_7,13.948154735244865,86,100,0,17.05544153000246,23.71822090434796,0.030230992928888797,0.0,11.0815,True,True,False,False,308.2890900357496,0.0,148.38758288125376,191.0186859553948,0.0,336.67765651999196,984.3730153923901
2025-03-22T06:00:00Z,2025-03-22T06:15:00Z,2025-03-22,2025-03-22_8,28.0000000000005,72,100,0,23.71822090434796,17.08375165217391,0.02412756125603898,0.48096,1.5485,True,True,False,False,485.24000000000865,0.0,124.23146473779384,190.62688366485835,53.15009041591319,-38.247669981916815,815.0007688366572
2025-03-22T06:15:00Z,2025-03-22T06:30:00Z,2025-03-22,2025-03-22_8,28.0000000000005,72,100,0,17.08375165217391,9.999999999999861,0.021737887922705677,0.015120000000000001,0.56,True,True,False,False,485.24000000000865,0.0,124.23146473779384,190.62688366485835,1.6708860759493671,-26.297721518987345,775.4715129596228
2025-03-22T06:30:00Z,2025-03-22T06:45:00Z,2025-03-22,2025-03-22_8,28.0000000000005,72,100,0,9.999999999999861,15.857618191304084,0.03498939835748791,0.0,13.9295,True,True,False,False,485.24000000000865,0.0,124.23146473779384,190.62688366485835,0.0,8158.5588078159535,8958.657156218615
2025-03-22T06:45:00Z,2025-03-22T07:00:00Z,2025-03-22,2025-03-22_8,28.0000000000005,72,100,0,15.857618191304084,21.551855999999617,0.034821312753623185,0.0,13.7605,True,True,False,False,485.24000000000865,0.0,124.23146473779384,190.62688366485835,0.0,2369.0316786216595,3169.1300270243205
2025-03-22T07:00:00Z,2025-03-22T07:15:00Z,2025-03-22,2025-03-22_9,10.000000000000005,90,100,0,21.551855999999617,13.905285652173527,0.0232667731884058,4.9144499999999995,0.4405,True,True,False,False,136.55000000000007,0.0,155.50632911392404,196.5641952983725,716.9439013562385,-17.162949166164356,1188.4014766023708
2025-03-22T07:15:00Z,2025-03-22T07:30:00Z,2025-03-22,2025-03-22_9,10.000000000000005,90,100,0,13.905285652173527,10.020737826086568,0.010962910628019329,1.1061,0.0375,True,True,False,False,136.55000000000007,0.0,155.50632911392404,196.5641952983725,122.23327305605785,-2.838057564798071,608.0157399035564
2025-03-22T07:30:00Z,2025-03-22T07:45:00Z,2025-03-22,2025-03-22_9,10.000000000000005,90,100,0,10.020737826086568,13.115355999999611,0.019967538405797104,0.00405,6.2095,True,True,False,False,136.55000000000007,0.0,155.50632911392404,196.5641952983725,0.4475587703435804,3756.646441229656,4245.714524412296
2025-03-22T07:45:00Z,2025-03-22T08:00:00Z,2025-03-22,2025-03-22_9,10.000000000000005,90,100,0,13.115355999999611,29.65595895652135,0.048627580676328504,0.0,20.5595,True,True,False,False,136.55000000000007,0.0,155.50632911392404,196.5641952983725,0.0,18759.389162849104,19248.0096872614
2025-03-22T08:00:00Z,2025-03-22T08:15:00Z,2025-03-22,2025-03-22_10,60.849397763843456,39,100,0,29.65595895652135,15.33329467271752,0.044172438553374604,0.025155000000000004,2.1925,True,True,False,False,690.4885411252136,0.0,67.38607594936708,202.5919228450874,2.7798372513562386,-65.17544354028531,898.070933630739
2025-03-22T08:15:00Z,2025-03-22T08:30:00Z,2025-03-22,2025-03-22_10,60.849397763843456,39,100,0,15.33329467271752,13.588741763137326,0.03381690395111546,0.0,14.478,True,True,False,False,690.4885411252136,0.0,67.38607594936708,202.5919228450874,0.0,7294.45972875226,8254.926268671928
2025-03-22T08:30:00Z,2025-03-22T08:45:00Z,2025-03-22,2025-03-22_10,60.849397763843456,39,100,0,13.588741763137326,10.536040248890806,0.03488833016017044,0.0,13.197500000000002,True,True,False,False,690.4885411252136,0.0,67.38607594936708,202.5919228450874,0.0,7374.212507534659,8334.679047454327
2025-03-22T08:45:00Z,2025-03-22T09:00:00Z,2025-03-22,2025-03-22_10,60.849397763843456,39,100,0,10.536040248890806,10.002073904347391,0.0328253849681165,0.0,15.662999999999998,True,True,False,False,690.4885411252136,0.0,67.38607594936708,202.5919228450874,0.0,5986.661695599758,6947.128235519426
2025-03-22T09:00:00Z,2025-03-22T09:15:00Z,2025-03-22,2025-03-22_11,0.0,100,100,0,10.002073904347391,11.664897382608261,0.004754823671497585,0.0225,1.8340000000000003,True,True,False,False,0.0,0.0,171.7902350813743,207.0524412296564,2.481916817359855,-57.132582278481024,324.19201084990954
2025-03-22T09:15:00Z,2025-03-22T09:30:00Z,2025-03-22,2025-03-22_11,0.0,100,100,0,11.664897382608261,13.811426078260435,0.005989753623188405,0.0045,2.3385,True,True,False,False,0.0,0.0,171.7902350813743,207.0524412296564,0.496383363471971,-91.93166455696202,287.40739511754066
2025-03-22T09:30:00Z,2025-03-22T09:45:00Z,2025-03-22,2025-03-22_11,0.0,100,100,0,13.811426078260435,18.928926078260435,0.01421527777777778,0.0,5.5625,True,True,False,False,0.0,0.0,171.7902350813743,207.0524412296564,0.0,-80.50369198312237,298.33898432790835
2025-03-22T09:45:00Z,2025-03-22T10:00:00Z,2025-03-22,2025-03-22_11,0.0,100,100,0,18.928926078260435,21.503643469564782,0.0074146739130434795,0.0435,2.85,True,True,False,False,0.0,0.0,171.7902350813743,207.0524412296564,4.798372513562386,-57.08761301989149,326.5534358047016
2025-03-22T10:00:00Z,2025-03-22T10:15:00Z,2025-03-22,2025-03-22_12,-93.99999999999949,100,6,0,21.503643469564782,42.85586204347771,0.059416428405796785,0.289,0.0010799999999999998,True,True,False,False,-300.32999999999834,0.0,171.36829415310427,12.459312839059674,31.878842676311027,-0.08462929475587701,-84.70817962627923
2025-03-22T10:15:00Z,2025-03-22T10:30:00Z,2025-03-22,2025-03-22_12,-93.99999999999949,100,6,0,42.85586204347771,63.206806495651506,0.057025147632849965,1.3655,0.0009600000000000001,True,True,False,False,-300.32999999999834,0.0,171.36829415310427,12.459312839059674,150.81435814747837,-0.0757686317058469,34.23619650793814
2025-03-22T10:30:00Z,2025-03-22T10:45:00Z,2025-03-22,2025-03-22_12,-93.99999999999949,100,6,0,63.206806495651506,84.68834185217312,0.059726004009661514,0.152,0.00315,True,True,False,False,-300.32999999999834,0.0,171.36829415310427,12.459312839059674,16.766726943942132,-0.24918607594936706,-99.98485213984162
2025-03-22T10:45:00Z,2025-03-22T11:00:00Z,2025-03-22,2025-03-22_12,-93.99999999999949,100,6,0,84.68834185217312,105.90091981739039,0.059082885652173595,0.439,0.00093,True,True,False,False,-300.32999999999834,0.0,171.36829415310427,12.459312839059674,48.43086457705445,-0.0745629415310428,-68.14609137231098
2025-03-22T11:00:00Z,2025-03-22T11:15:00Z,2025-03-22,2025-03-22_13,-99.00000000000057,100,1,0,105.90091981739039,126.31559324347748,0.0568617438164254,2.5555,0.0,True,True,False,False,-322.4925000000018,0.0,171.36829415310427,2.0795660036166366,282.31831052843074,0.0,133.27367068514982
2025-03-22T11:15:00Z,2025-03-22T11:30:00Z,2025-03-22,2025-03-22_13,-99.00000000000057,100,1,0,126.31559324347748,148.640453608695,0.06204269787439649,0.4835,0.00053,True,True,False,False,-322.4925000000018,0.0,171.36829415310427,2.0795660036166366,53.36239019489652,-0.04210363873819569,-95.7243532871226
2025-03-22T11:30:00Z,2025-03-22T11:45:00Z,2025-03-22,2025-03-22_13,-99.00000000000057,100,1,0,148.640453608695,170.8256864695647,0.061663962053140446,0.6345,3.5000000000000004e-05,True,True,False,False,-322.4925000000018,0.0,171.36829415310427,2.0795660036166366,70.02256329113924,-0.0028129395218002818,-79.02488949166349
2025-03-22T11:45:00Z,2025-03-22T12:00:00Z,2025-03-22,2025-03-22_13,-99.00000000000057,100,1,0,170.8256864695647,187.8287999999996,0.04760870908212577,6.257,0.0,True,True,False,False,-322.4925000000018,0.0,171.36829415310427,2.0795660036166366,964.7069503717097,0.0,815.6623105284287
2025-03-22T12:00:00Z,2025-03-22T12:15:00Z,2025-03-22,2025-03-22_14,0.0,100,100,0,187.8287999999996,189.94945652173874,0.006171509661835748,0.0465,2.36,True,True,False,False,0.0,0.0,171.36829415310427,207.35382760699216,5.138637733574442,-54.09317259393208,329.7675868997388
2025-03-22T12:15:00Z,2025-03-22T12:30:00Z,2025-03-22,2025-03-22_14,0.0,100,100,0,189.94945652173874,188.44055652173873,0.004280833333333333,1.403,0.0175,True,True,False,False,0.0,0.0,171.36829415310427,207.35382760699216,155.04319871408478,-1.403456399437412,532.3618640747438
2025-03-22T12:30:00Z,2025-03-22T12:45:00Z,2025-03-22,2025-03-22_14,0.0,100,100,0,188.44055652173873,188.12995999999958,0.0012869903381642512,0.356,0.083,True,True,False,False,0.0,0.0,171.36829415310427,207.35382760699216,39.3409684548925,-6.580264014466546,411.48282620052237
2025-03-22T12:45:00Z,2025-03-22T13:00:00Z,2025-03-22,2025-03-22_14,0.0,100,100,0,188.12995999999958,183.36800347826045,0.013227657004830919,4.381,0.0,True,True,False,False,0.0,0.0,171.36829415310427,207.35382760699216,685.001963230862,0.0,1063.7240849909583
2025-03-22T13:00:00Z,2025-03-22T13:15:00Z,2025-03-22,2025-03-22_15,18.961724403293147,81,100,0,183.36800347826045,183.3596640952569,0.02247049716549017,0.01215,5.4195,True,True,False,False,250.48437936750247,0.0,138.80831826401445,207.0524412296564,1.3426763110307411,-56.425085593731154,541.2627295784729
2025-03-22T13:15:00Z,2025-03-22T13:30:00Z,2025-03-22,2025-03-22_15,18.961724403293147,81,100,0,183.3596640952569,179.5170976218031,0.017278145093140226,0.19075499999999998,1.5945,True,True,False,False,250.48437936750247,0.0,138.80831826401445,207.0524412296564,21.080018083182637,-71.2171555153707,546.2080014289852
2025-03-22T13:30:00Z,2025-03-22T13:45:00Z,2025-03-22,2025-03-22_15,18.961724403293147,81,100,0,179.5170976218031,174.34965678963235,0.01579747408501968,0.318735,0.3485,True,True,False,False,250.48437936750247,0.0,138.80831826401445,207.0524412296564,35.222875226039775,-25.576552943540282,605.9914611436728
2025-03-22T13:45:00Z,2025-03-22T14:00:00Z,2025-03-22,2025-03-22_15,18.961724403293147,81,100,0,174.34965678963235,165.9437176134817,0.023523793209810465,3.029805,0.042,True,True,False,False,250.48437936750247,0.0,138.80831826401445,207.0524412296564,374.83929284810125,-2.4040590717299577,968.7803726375446
2025-03-22T14:00:00Z,2025-03-22T14:15:00Z,2025-03-22,2025-03-22_16,7.953022740172544,92,100,0,165.9437176134817,183.85411537533753,0.05142887572392275,0.0,21.5065,True,True,False,False,159.06045480345088,0.0,158.74020494273657,202.5919228450874,0.0,26889.282677817962,27409.675260409236
2025-03-22T14:15:00Z,2025-03-22T14:30:00Z,2025-03-22,2025-03-22_16,7.953022740172544,92,100,0,183.85411537533753,188.46623363078686,0.021332363871870836,0.0,7.2575,True,True,False,False,159.06045480345088,0.0,158.74020494273657,202.5919228450874,0.0,-234.1327536668676,286.25982892440726
2025-03-22T14:30:00Z,2025-03-22T14:45:00Z,2025-03-22,2025-03-22_16,7.953022740172544,92,100,0,188.46623363078686,186.47626664026333,0.010027658254182165,0.66378,0.9565,True,True,False,False,159.06045480345088,0.0,158.74020494273657,202.5919228450874,73.3532248342375,-56.00762015270244,537.7381872728099
2025-03-22T14:45:00Z,2025-03-22T15:00:00Z,2025-03-22,2025-03-22_16,7.953022740172544,92,100,0,186.47626664026333,180.24811915652077,0.01730040967706261,3.7416400000000003,0.0,True,True,False,False,159.06045480345088,0.0,158.74020494273657,202.5919228450874,469.917506835443,0.0,990.3100894267179
2025-03-22T15:00:00Z,2025-03-22T15:15:00Z,2025-03-22,2025-03-22_17,38.0,62,100,0,180.24811915652077,186.62923430434685,0.03611251792270531,0.00093,16.9895,True,True,False,False,1162.895,0.0,106.97709463532247,202.5919228450874,0.10277275467148884,19390.474436909783,20863.041227144862
2025-03-22T15:15:00Z,2025-03-22T15:30:00Z,2025-03-22,2025-03-22_17,38.0,62,100,0,186.62923430434685,181.42895466956426,0.030969392318840577,0.00217,5.2145,True,True,False,False,1162.895,0.0,106.97709463532247,202.5919228450874,0.23980309423347396,1508.1230847900342,2980.8269053646777
2025-03-22T15:30:00Z,2025-03-22T15:45:00Z,2025-03-22,2025-03-22_17,38.0,62,100,0,181.42895466956426,170.56578449565123,0.030230928260869563,0.50995,0.0175,True,True,False,False,1162.895,0.0,106.97709463532247,202.5919228450874,56.35372714486638,-1.4064697609001409,1527.411274864376
2025-03-22T15:45:00Z,2025-03-22T16:00:00Z,2025-03-22,2025-03-22_17,38.0,62,100,0,170.56578449565123,155.73998014782512,0.04118278985507246,4.13974,0.0,True,True,False,False,1162.895,0.0,106.97709463532247,202.5919228450874,632.7106418002812,0.0,2105.1746592806912
2025-03-22T16:00:00Z,2025-03-22T16:15:00Z,2025-03-22,2025-03-22_18,0.0,100,100,0,155.73998014782512,154.69541493043383,0.002901570048309179,0.9610000000000001,0.0,True,True,False,False,0.0,0.0,172.21217600964437,190.62688366485835,107.28984769941732,0.0,470.12890737392
2025-03-22T16:15:00Z,2025-03-22T16:30:00Z,2025-03-22,2025-03-22_18,0.0,100,100,0,154.69541493043383,152.87693666956426,0.005051328502415459,1.6730000000000003,0.0,True,True,False,False,0.0,0.0,172.21217600964437,190.62688366485835,184.8804500703235,0.0,547.7195097448262
2025-03-22T16:30:00Z,2025-03-22T16:45:00Z,2025-03-22,2025-03-22_18,0.0,100,100,0,152.87693666956426,151.43074275652077,0.004050427536231884,1.336,0.0065,True,True,False,False,0.0,0.0,172.21217600964437,190.62688366485835,182.58156640546517,-0.509342977697408,544.9112831022704
2025-03-22T16:45:00Z,2025-03-22T17:00:00Z,2025-03-22,2025-03-22_18,0.0,100,100,0,151.43074275652077,136.6144384086947,0.04115640096618358,13.631000000000002,0.0,True,True,False,False,0.0,0.0,172.21217600964437,190.62688366485835,11924.912050833836,0.0,12287.75111050834
2025-03-22T17:00:00Z,2025-03-22T17:15:00Z,2025-03-22,2025-03-22_19,100.0,0,100,0,136.6144384086947,109.64976449565121,0.07490187198067631,0.0,0.1925,True,True,False,False,3278.75,0.0,0.0,190.62688366485835,0.0,-13.569412798874822,3455.8074708659833
2025-03-22T17:15:00Z,2025-03-22T17:30:00Z,2025-03-22,2025-03-22_19,100.0,0,100,0,109.64976449565121,82.47585145217296,0.07548309178743962,0.0,0.0,True,True,False,False,3278.75,0.0,0.0,190.62688366485835,0.0,0.0,3469.3768836648583
2025-03-22T17:30:00Z,2025-03-22T17:45:00Z,2025-03-22,2025-03-22_19,100.0,0,100,0,82.47585145217296,55.334003626086,0.07539402173913044,0.0,0.029499999999999995,True,True,False,False,3278.75,0.0,0.0,190.62688366485835,0.0,-2.299577456298975,3467.0773062085595
2025-03-22T17:45:00Z,2025-03-22T18:00:00Z,2025-03-22,2025-03-22_19,100.0,0,100,0,55.334003626086,28.219873191303396,0.07531702898550724,0.0,0.055,True,True,False,False,3278.75,0.0,0.0,190.62688366485835,0.0,-4.133011854530841,3465.2438718103276
2025-03-22T18:00:00Z,2025-03-22T18:15:00Z,2025-03-22,2025-03-22_20,11.000000000000048,89,100,0,28.219873191303396,27.788726339129468,0.013597901256038675,0.0,2.726,True,True,False,False,353.37500000000153,0.0,153.67118746232669,190.62688366485835,0.0,-154.61519268635723,543.0578784408293
2025-03-22T18:15:00Z,2025-03-22T18:30:00Z,2025-03-22,2025-03-22_20,11.000000000000048,89,100,0,27.788726339129468,27.52836195652076,0.013951403285024182,0.0,2.908,True,True,False,False,353.37500000000153,0.0,153.67118746232669,190.62688366485835,0.0,-163.7735117540687,533.8995593731179
2025-03-22T18:30:00Z,2025-03-22T18:45:00Z,2025-03-22,2025-03-22_20,11.000000000000048,89,100,0,27.52836195652076,26.238141747825097,0.011819708357487954,0.0,1.8105,True,True,False,False,353.37500000000153,0.0,153.67118746232669,190.62688366485835,0.0,-114.59915702230258,583.073914104884
2025-03-22T18:45:00Z,2025-03-22T19:00:00Z,2025-03-22,2025-03-22_20,11.000000000000048,89,100,0,26.238141747825097,23.245687826085952,0.008833219782608731,0.101905,0.11449999999999999,True,True,False,False,353.37500000000153,0.0,153.67118746232669,190.62688366485835,11.261352220212977,-8.27305635925256,700.6613669881469
2025-03-22T19:00:00Z,2025-03-22T19:15:00Z,2025-03-22,2025-03-22_21,0.0,100,100,0,23.245687826085952,16.492970434781604,0.018757548309178744,6.2125,0.0,True,True,False,False,0.0,0.0,172.54370102471367,190.62688366485835,1133.8380450070322,0.0,1497.0086296966042
2025-03-22T19:15:00Z,2025-03-22T19:30:00Z,2025-03-22,2025-03-22_21,0.0,100,100,0,16.492970434781604,15.428172173912039,0.0029782173913043474,0.983,0.004,True,True,False,False,0.0,0.0,172.54370102471367,190.62688366485835,108.62969660438013,-0.31344183242917417,471.486839461523
2025-03-22T19:30:00Z,2025-03-22T19:45:00Z,2025-03-22,2025-03-22_21,0.0,100,100,0,15.428172173912039,9.999999999998996,0.015175367149758453,5.01,0.019,True,True,False,False,0.0,0.0,172.54370102471367,190.62688366485835,883.7793007836045,-1.4205334538878842,1245.5293520192886
2025-03-22T19:45:00Z,2025-03-22T20:00:00Z,2025-03-22,2025-03-22_21,0.0,100,100,0,9.999999999998996,14.531427826085954,0.012771478260869565,0.0305,4.9615,True,True,False,False,0.0,0.0,172.54370102471367,190.62688366485835,3.370504319871408,-196.6267272453285,169.91436176411491
2025-03-22T20:00:00Z,2025-03-22T20:15:00Z,2025-03-22,2025-03-22_22,-15.811513669164185,100,84,0,14.531427826085954,12.765460043960768,0.022946383115080043,5.4785,0.44309999999999994,True,True,False,False,-314.5305356638485,0.0,172.54370102471367,174.68354430379745,1112.5185657022303,-17.123317721518983,1128.091957645374
2025-03-22T20:15:00Z,2025-03-22T20:30:00Z,2025-03-22,2025-03-22_22,-15.811513669164185,100,84,0,12.765460043960768,15.770751249526135,0.011405964371014772,0.6015,0.0071400000000000005,True,True,False,False,-314.5305356638485,0.0,172.54370102471367,174.68354430379745,66.47076552139843,-0.5594936708860759,98.60798151517496
2025-03-22T20:30:00Z,2025-03-22T20:45:00Z,2025-03-22,2025-03-22_22,-15.811513669164185,100,84,0,15.770751249526135,20.254601177830377,0.012744917899930729,0.056999999999999995,0.98658,True,True,False,False,-314.5305356638485,0.0,172.54370102471367,174.68354430379745,6.298975286317057,-38.89864708860759,0.09703786237205936
2025-03-22T20:45:00Z,2025-03-22T21:00:00Z,2025-03-22,2025-03-22_22,-15.811513669164185,100,84,0,20.254601177830377,29.86035652173814,0.02668265373307712,0.0,6.488160000000001,True,True,False,False,-314.5305356638485,0.0,172.54370102471367,174.68354430379745,0.0,-203.63853434599156,-170.94182468132897
2025-03-22T21:00:00Z,2025-03-22T21:15:00Z,2025-03-22,2025-03-22_23,0.0,100,100,0,29.86035652173814,12.943101739129446,0.047204485507246374,15.598999999999998,0.0415,True,True,False,False,0.0,0.0,172.54370102471367,208.25798673899936,13966.840617842072,-1.6445657022302593,14345.997739903554
2025-03-22T21:15:00Z,2025-03-22T21:30:00Z,2025-03-22,2025-03-22_23,0.0,100,100,0,12.943101739129446,9.999999999999012,0.008180393719806762,2.7085,0.001,True,True,False,False,0.0,0.0,172.54370102471367,208.25798673899936,303.8526670685152,-0.07836045810729354,684.5759943741209
2025-03-22T21:30:00Z,2025-03-22T21:45:00Z,2025-03-22,2025-03-22_23,0.0,100,100,0,9.999999999999012,13.778951304346839,0.010678246376811595,0.03,4.143,True,True,False,False,0.0,0.0,172.54370102471367,208.25798673899936,3.315250150693188,-139.45352983725135,244.66340807715486
2025-03-22T21:45:00Z,2025-03-22T22:00:00Z,2025-03-22,2025-03-22_23,0.0,100,100,0,13.778951304346839,21.77743130434684,0.022218,0.0,8.694,True,True,False,False,0.0,0.0,172.54370102471367,208.25798673899936,0.0,-48.69129113924051,332.1103966244725
2025-03-22T22:00:00Z,2025-03-22T22:15:00Z,2025-03-23,2025-03-22_24,12.743986720850748,87,100,0,21.77743130434684,15.352109350613825,0.02076702408458654,3.29208,0.6545,True,True,False,False,193.26255862170157,0.0,150.1130198915009,207.95660036166365,369.790476238698,-19.150535864978902,901.9721192485852
2025-03-22T22:15:00Z,2025-03-22T22:30:00Z,2025-03-23,2025-03-22_24,12.743986720850748,87,100,0,15.352109350613825,11.182630117220283,0.011619794649640004,0.6572849999999999,0.0085,True,True,False,False,193.26255862170157,0.0,150.1130198915009,207.95660036166365,72.58225118444845,-0.6660638939119952,623.2483661654026
2025-03-22T22:30:00Z,2025-03-22T22:45:00Z,2025-03-23,2025-03-22_24,12.743986720850748,87,100,0,11.182630117220283,11.305855301041596,0.016649362141944908,0.0,3.81,True,True,False,False,193.26255862170157,0.0,150.1130198915009,207.95660036166365,0.0,-113.50309222423145,437.8290866506347
2025-03-22T22:45:00Z,2025-03-22T23:00:00Z,2025-03-23,2025-03-22_24,12.743986720850748,87,100,0,11.305855301041596,13.525774817391374,0.020759308330085872,0.0,6.0375,True,True,False,False,193.26255862170157,0.0,150.1130198915009,207.95660036166365,0.0,-157.28797468354426,394.04420419132185
2025-03-22T23:00:00Z,2025-03-22T23:15:00Z,2025-03-23,2025-03-23_1,-42.00000000000003,100,58,0,13.525774817391374,18.34858829565225,0.03036590700483093,4.845,0.09715,True,True,False,False,-349.6500000000002,0.0,172.54370102471367,120.78963230861963,535.4080319469559,-4.182134749849307,474.90923053043974
2025-03-22T23:15:00Z,2025-03-22T23:30:00Z,2025-03-23,2025-03-23_1,-42.00000000000003,100,58,0,18.34858829565225,27.675032452173994,0.027220195120772964,0.375,0.05191,True,True,False,False,-349.6500000000002,0.0,172.54370102471367,120.78963230861963,41.40265220012055,-3.9206808418726133,-18.83469530841897
2025-03-22T23:30:00Z,2025-03-22T23:45:00Z,2025-03-23,2025-03-23_1,-42.00000000000003,100,58,0,27.675032452173994,39.814138052174,0.0337197377777778,0.0,2.69468,True,True,False,False,-349.6500000000002,0.0,172.54370102471367,120.78963230861963,0.0,-108.22142410287321,-164.53809076954013
2025-03-22T23:45:00Z,2025-03-23T00:00:00Z,2025-03-23,2025-03-23_1,-42.00000000000003,100,58,0,39.814138052174,51.08347565217401,0.03130371555555557,0.0,1.74928,True,True,False,False,-349.6500000000002,0.0,172.54370102471367,120.78963230861963,0.0,-59.35004421940927,-115.66671088607617
2025-03-23T00:00:00Z,2025-03-23T00:15:00Z,2025-03-23,2025-03-23_2,0.0,100,100,0,51.08347565217401,57.32797565217401,0.01734583333333333,0.0,6.787499999999999,True,True,False,False,0.0,0.0,172.54370102471367,208.25798673899936,0.0,-167.03768836648578,213.76399939722725
2025-03-23T00:15:00Z,2025-03-23T00:30:00Z,2025-03-23,2025-03-23_2,0.0,100,100,0,57.32797565217401,60.506575652174014,0.008829444444444444,0.0,3.4549999999999996,True,True,False,False,0.0,0.0,172.54370102471367,208.25798673899936,0.0,-90.41867590918223,290.3830118545308
2025-03-23T00:30:00Z,2025-03-23T00:45:00Z,2025-03-23,2025-03-23_2,0.0,100,100,0,60.506575652174014,65.70411565217401,0.014437611111111111,0.0,5.6495,True,True,False,False,0.0,0.0,172.54370102471367,208.25798673899936,0.0,-18.699992565802688,362.1016951979103
2025-03-23T00:45:00Z,2025-03-23T01:00:00Z,2025-03-23,2025-03-23_2,0.0,100,100,0,65.70411565217401,67.20923565217402,0.0041808888888888885,0.0,1.636,True,True,False,False,0.0,0.0,172.54370102471367,208.25798673899936,0.0,-52.131762909383156,328.6699248543299
2025-03-23T01:00:00Z,2025-03-23T01:15:00Z,2025-03-23,2025-03-23_3,0.0,100,100,0,67.20923565217402,67.08110608695662,0.0004683599033816425,0.1365,0.022,True,True,False,False,0.0,0.0,172.54370102471367,207.0524412296564,15.056962025316457,-1.6837448262005223,392.969359453486
2025-03-23T01:15:00Z,2025-03-23T01:30:00Z,2025-03-23,2025-03-23_3,0.0,100,100,0,67.08110608695662,67.48766434782618,0.00116556038647343,0.006,0.449,True,True,False,False,0.0,0.0,172.54370102471367,207.0524412296564,0.6618444846292948,-19.893487643158526,360.36449909584087
2025-03-23T01:30:00Z,2025-03-23T01:45:00Z,2025-03-23,2025-03-23_3,0.0,100,100,0,67.48766434782618,67.37856347826097,0.000548391304347826,0.141,0.048,True,True,False,False,0.0,0.0,172.54370102471367,207.0524412296564,15.553345388788424,-3.178618444846293,391.9708691983122
2025-03-23T01:45:00Z,2025-03-23T02:00:00Z,2025-03-23,2025-03-23_3,0.0,100,100,0,67.37856347826097,67.3846000000001,0.00029756521739130435,0.0465,0.0615,True,True,False,False,0.0,0.0,172.54370102471367,207.0524412296564,5.129294755877034,-4.718707052441229,380.0067299578059
2025-03-23T02:00:00Z,2025-03-23T02:15:00Z,2025-03-23,2025-03-23_4,0.0,100,100,0,67.3846000000001,65.84287826086968,0.004295338164251207,1.4205,0.0025,True,True,False,False,0.0,0.0,172.54370102471367,207.0524412296564,156.86407112718507,-0.19590114526823385,536.264312236287
2025-03-23T02:15:00Z,2025-03-23T02:30:00Z,2025-03-23,2025-03-23_4,0.0,100,100,0,65.84287826086968,65.775703478261,0.00032970772946859907,0.0855,0.028000000000000004,True,True,False,False,0.0,0.0,172.54370102471367,207.0524412296564,9.431283905967451,-2.0333558368495077,386.994070323488
2025-03-23T02:30:00Z,2025-03-23T02:45:00Z,2025-03-23,2025-03-23_4,0.0,100,100,0,65.775703478261,65.81731826086968,0.00022429227053140098,0.018,0.0665,True,True,False,False,0.0,0.0,172.54370102471367,207.0524412296564,1.985533453887884,-5.130601265822785,376.4510744424352
2025-03-23T02:45:00Z,2025-03-23T03:00:00Z,2025-03-23,2025-03-23_4,0.0,100,100,0,65.81731826086968,65.81737652173925,0.0003141714975845411,0.052,0.0615,True,True,False,False,0.0,0.0,172.54370102471367,207.0524412296564,5.703439823186658,-4.276678119349006,381.02290395820773
2025-03-23T03:00:00Z,2025-03-23T03:15:00Z,2025-03-23,2025-03-23_5,0.0,100,100,0,65.81737652173925,64.74183304347838,0.0029876207729468596,0.9895,0.0,True,True,False,False,0.0,0.0,172.54370102471367,207.0524412296564,109.3364695599759,0.0,488.932611814346
2025-03-23T03:15:00Z,2025-03-23T03:30:00Z,2025-03-23,2025-03-23_5,0.0,100,100,0,64.74183304347838,64.09150086956534,0.0018499227053140096,0.6055,0.0085,True,True,False,False,0.0,0.0,172.54370102471367,207.0524412296564,66.86547327707454,-0.5656009644364074,445.8960145670082
2025-03-23T03:30:00Z,2025-03-23T03:45:00Z,2025-03-23,2025-03-23_5,0.0,100,100,0,64.09150086956534,63.54112782608707,0.001590147342995169,0.5165,0.012,True,True,False,False,0.0,0.0,172.54370102471367,207.0524412296564,57.0422724532851,-0.9403254972875225,435.69808921036764
2025-03-23T03:45:00Z,2025-03-23T04:00:00Z,2025-03-23,2025-03-23_5,0.0,100,100,0,63.54112782608707,63.322569565217506,0.0006761062801932368,0.21250000000000002,0.0135,True,True,False,False,0.0,0.0,172.54370102471367,207.0524412296564,22.999399738798473,-1.0176808318264015,401.5778611613421
2025-03-23T04:00:00Z,2025-03-23T04:15:00Z,2025-03-23,2025-03-23_6,0.0,100,100,0,63.322569565217506,60.64322173913055,0.007442632850241545,2.465,0.0,True,True,False,False,0.0,0.0,172.54370102471367,207.0524412296564,272.35204038577456,0.0,651.9481826401446
2025-03-23T04:15:00Z,2025-03-23T04:30:00Z,2025-03-23,2025-03-23_6,0.0,100,100,0,60.64322173913055,60.39487565217403,0.0019369613526570046,0.43499999999999994,0.244,True,True,False,False,0.0,0.0,172.54370102471367,207.0524412296564,48.01283001808317,-10.178824994976893,417.43014727747635
2025-03-23T04:30:00Z,2025-03-23T04:45:00Z,2025-03-23,2025-03-23_6,0.0,100,100,0,60.39487565217403,62.39863565217403,0.005566000000000001,0.0,2.178,True,True,False,False,0.0,0.0,172.54370102471367,207.0524412296564,0.0,-83.14647377938516,296.44966847498495
2025-03-23T04:45:00Z,2025-03-23T05:00:00Z,2025-03-23,2025-03-23_6,0.0,100,100,0,62.39863565217403,63.62103478260881,0.0036220024154589373,0.0375,1.373,True,True,False,False,0.0,0.0,172.54370102471367,207.0524412296564,4.045607293550331,-53.43968696001607,330.2020625879043
2025-03-23T05:00:00Z,2025-03-23T05:15:00Z,2025-03-23,2025-03-23_7,0.0,100,100,0,63.62103478260881,57.30982173913055,0.01815725845410628,5.91,0.1225,True,True,False,False,0.0,0.0,173.08619650391802,190.62688366485835,851.1207474382157,-4.977900843881856,1209.8559267631103
2025-03-23T05:15:00Z,2025-03-23T05:30:00Z,2025-03-23,2025-03-23_7,0.0,100,100,0,57.30982173913055,55.573708695652286,0.004963091787439614,1.6205,0.0275,True,True,False,False,0.0,0.0,173.08619650391802,190.62688366485835,190.78660618846692,-1.9740822784810126,552.5256040787623
2025-03-23T05:30:00Z,2025-03-23T05:45:00Z,2025-03-23,2025-03-23_7,0.0,100,100,0,55.573708695652286,55.681648695652285,0.00043872222222222224,0.023,0.1445,True,True,False,False,0.0,0.0,173.08619650391802,190.62688366485835,2.449266626481816,-9.233483222824994,356.9288635724332
2025-03-23T05:45:00Z,2025-03-23T06:00:00Z,2025-03-23,2025-03-23_7,0.0,100,100,0,55.681648695652285,55.59058000000012,0.0007615241545893721,0.168,0.0995,True,True,False,False,0.0,0.0,173.08619650391802,190.62688366485835,18.561383966244723,-6.4506667671287925,375.8237973678923
2025-03-23T06:00:00Z,2025-03-23T06:15:00Z,2025-03-23,2025-03-23_8,0.0,100,100,0,55.59058000000012,31.08894956521751,0.0680600845410628,22.5415,0.0,True,True,False,False,0.0,0.0,173.08619650391802,190.62688366485835,26212.172896724933,0.0,26575.88597689371
2025-03-23T06:15:00Z,2025-03-23T06:30:00Z,2025-03-23,2025-03-23_8,0.0,100,100,0,31.08894956521751,10.05144956521751,0.0584375,19.3545,0.0,True,True,False,False,0.0,0.0,173.08619650391802,190.62688366485835,15542.499589511754,0.0,15906.21266968053
2025-03-23T06:30:00Z,2025-03-23T06:45:00Z,2025-03-23,2025-03-23_8,0.0,100,100,0,10.05144956521751,11.299465217391422,0.0065434009661835746,0.5095,1.9585,True,True,False,False,0.0,0.0,173.08619650391802,190.62688366485835,56.303998392605976,-74.04404972875226,345.9730288326301
2025-03-23T06:45:00Z,2025-03-23T07:00:00Z,2025-03-23,2025-03-23_8,0.0,100,100,0,11.299465217391422,10.88391304347838,0.008335422705314009,1.5715,1.405,True,True,False,False,0.0,0.0,173.08619650391802,190.62688366485835,192.07664275668068,-53.87047217199116,501.9192507534659
2025-03-23T07:00:00Z,2025-03-23T07:15:00Z,2025-03-23,2025-03-23_9,-96.00000000000003,100,4,0,10.88391304347838,14.124544000000128,0.013912380676328493,20.33,0.0,True,True,False,False,-305.04000000000013,0.0,172.54370102471367,8.07715491259795,25575.617920433993,0.0,25451.198776371304
2025-03-23T07:15:00Z,2025-03-23T07:30:00Z,2025-03-23,2025-03-23_9,-96.00000000000003,100,4,0,14.124544000000128,29.488906643478398,0.044429268212560394,7.246999999999999,0.0,True,True,False,False,-305.04000000000013,0.0,172.54370102471367,8.07715491259795,944.0451543098251,0.0,819.6260102471366
2025-03-23T07:30:00Z,2025-03-23T07:45:00Z,2025-03-23,2025-03-23_9,-96.00000000000003,100,4,0,29.488906643478398,51.41442758260884,0.06094854850241548,0.1835,0.01692,True,True,False,False,-305.04000000000013,0.0,172.54370102471367,8.07715491259795,19.185170182841066,-0.7648778300180832,-105.99885170986553
2025-03-23T07:45:00Z,2025-03-23T08:00:00Z,2025-03-23,2025-03-23_9,-96.00000000000003,100,4,0,51.41442758260884,73.3801690086958,0.06105568270531403,0.1645,0.0415,True,True,False,False,-305.04000000000013,0.0,172.54370102471367,8.07715491259795,16.96362869198312,-1.5920507333735183,-109.04756610407891
2025-03-23T08:00:00Z,2025-03-23T08:15:00Z,2025-03-23,2025-03-23_10,0.0,100,100,0,73.3801690086958,66.2051690086958,0.019930555555555556,6.601,0.0,True,True,False,False,0.0,0.0,172.54370102471367,207.0524412296564,855.438935302391,0.0,1235.035077556761
2025-03-23T08:15:00Z,2025-03-23T08:30:00Z,2025-03-23,2025-03-23_10,0.0,100,100,0,66.2051690086958,65.56935770434798,0.0036776980676328504,0.9015000000000001,0.374,True,True,False,False,0.0,0.0,172.54370102471367,207.0524412296564,97.40021910789632,-15.161766124171185,461.83459523809523
2025-03-23T08:30:00Z,2025-03-23T08:45:00Z,2025-03-23,2025-03-23_10,0.0,100,100,0,65.56935770434798,66.52615770434798,0.002657777777777778,0.0,1.04,True,True,False,False,0.0,0.0,172.54370102471367,207.0524412296564,0.0,-44.484709664456496,335.1114325899136
2025-03-23T08:45:00Z,2025-03-23T09:00:00Z,2025-03-23,2025-03-23_10,0.0,100,100,0,66.52615770434798,70.02537770434797,0.009720055555555556,0.0,3.8035,True,True,False,False,0.0,0.0,172.54370102471367,207.0524412296564,0.0,-142.77071930882056,236.82542294554952
2025-03-23T09:00:00Z,2025-03-23T09:15:00Z,2025-03-23,2025-03-23_11,0.0,100,100,0,70.02537770434797,69.95315335652188,0.0005149565217391304,0.11849999999999998,0.0615,True,True,False,False,0.0,0.0,172.54370102471367,207.0524412296564,12.347619047619045,-4.296770343580469,387.64699095840865
2025-03-23T09:15:00Z,2025-03-23T09:30:00Z,2025-03-23,2025-03-23_11,0.0,100,100,0,69.95315335652188,69.73769074782622,0.0007058405797101449,0.216,0.021,True,True,False,False,0.0,0.0,172.54370102471367,207.0524412296564,22.56811573236889,-1.6455696202531644,400.51868836648583
2025-03-23T09:30:00Z,2025-03-23T09:45:00Z,2025-03-23,2025-03-23_11,0.0,100,100,0,69.73769074782622,69.52469857391318,0.0007730893719806762,0.22599999999999998,0.0355,True,True,False,False,0.0,0.0,172.54370102471367,207.0524412296564,23.549045609805102,-2.741610006027727,400.40357785814746
2025-03-23T09:45:00Z,2025-03-23T10:00:00Z,2025-03-23,2025-03-23_11,0.0,100,100,0,69.52469857391318,69.37258118260884,0.000703659420289855,0.1865,0.055,True,True,False,False,0.0,0.0,172.54370102471367,207.0524412296564,19.43317259393209,-3.3252953586497886,395.70401948965235
2025-03-23T10:00:00Z,2025-03-23T10:15:00Z,2025-03-23,2025-03-23_12,-57.999999999999936,100,42,0,69.37258118260884,78.124477878261,0.03607133140096616,4.637,0.00336,True,True,False,False,-139.19999999999985,0.0,172.54370102471367,86.9620253164557,1049.017599959815,-0.2632911392405063,1169.060035161744
2025-03-23T10:15:00Z,2025-03-23T10:30:00Z,2025-03-23,2025-03-23_12,-57.999999999999936,100,42,0,78.124477878261,86.09059213913056,0.035893493719806734,5.4275,0.0,True,True,False,False,-139.19999999999985,0.0,172.54370102471367,86.9620253164557,599.7534719710669,0.0,720.0591983122364
2025-03-23T10:30:00Z,2025-03-23T10:45:00Z,2025-03-23,2025-03-23_12,-57.999999999999936,100,42,0,86.09059213913056,96.92459401739143,0.03651365256038644,2.531,0.0,True,True,False,False,-139.19999999999985,0.0,172.54370102471367,86.9620253164557,279.26129475587703,0.0,399.56702109704656
2025-03-23T10:45:00Z,2025-03-23T11:00:00Z,2025-03-23,2025-03-23_12,-57.999999999999936,100,42,0,96.92459401739143,106.52242890434793,0.036246340869565186,3.7795,0.0,True,True,False,False,-139.19999999999985,0.0,172.54370102471367,86.9620253164557,417.4832510548523,0.0,537.7889773960218
2025-03-23T11:00:00Z,2025-03-23T11:15:00Z,2025-03-23,2025-03-23_13,0.0,100,100,0,106.52242890434793,106.32080977391315,0.0015746086956521738,0.3535,0.1985,True,True,False,False,0.0,0.0,172.54370102471367,207.0524412296564,38.48504852320675,-9.104876331123167,408.97631444645367
2025-03-23T11:15:00Z,2025-03-23T11:30:00Z,2025-03-23,2025-03-23_13,0.0,100,100,0,106.32080977391315,106.68136977391315,0.0010710000000000001,0.0115,0.4055,True,True,False,False,0.0,0.0,172.54370102471367,207.0524412296564,1.1949648382559772,-19.01645901145268,361.7746480811734
2025-03-23T11:30:00Z,2025-03-23T11:45:00Z,2025-03-23,2025-03-23_13,0.0,100,100,0,106.68136977391315,103.1609271652175,0.009789229468599031,3.2404999999999995,0.002,True,True,False,False,0.0,0.0,172.54370102471367,207.0524412296564,357.50456519991957,-0.15672091621458709,736.943986538075
2025-03-23T11:45:00Z,2025-03-23T12:00:00Z,2025-03-23,2025-03-23_13,0.0,100,100,0,103.1609271652175,100.2974271652175,0.008018055555555554,2.645,0.0125,True,True,False,False,0.0,0.0,172.54370102471367,207.0524412296564,291.6222774763914,-0.9795057263411693,670.2389140044203
2025-03-23T12:00:00Z,2025-03-23T12:15:00Z,2025-03-23,2025-03-23_14,-100.0,100,0,0,100.2974271652175,123.0471871652175,0.06319377777777778,0.272,0.0,True,True,False,False,-125.25,0.0,172.54370102471367,0.0,27.175570825798676,0.0,74.46927185051234
2025-03-23T12:15:00Z,2025-03-23T12:30:00Z,2025-03-23,2025-03-23_14,-100.0,100,0,0,123.0471871652175,145.9041271652175,0.06349149999999999,0.1555,0.0,True,True,False,False,-125.25,0.0,172.54370102471367,0.0,14.838268032951577,0.0,62.131969057665245
2025-03-23T12:30:00Z,2025-03-23T12:45:00Z,2025-03-23,2025-03-23_14,-100.0,100,0,0,145.9041271652175,164.58794716521749,0.051899500000000015,4.6915,0.0,True,True,False,False,-125.25,0.0,172.54370102471367,0.0,517.9851497890294,0.0,565.278850813743
2025-03-23T12:45:00Z,2025-03-23T13:00:00Z,2025-03-23,2025-03-23_14,-100.0,100,0,0,164.58794716521749,181.8292071652175,0.04789238888888888,6.2595,0.0,True,True,False,False,-125.25,0.0,172.54370102471367,0.0,691.6124945750452,0.0,738.9061955997588
2025-03-23T13:00:00Z,2025-03-23T13:15:00Z,2025-03-23,2025-03-23_15,-31.999999999999805,100,68,0,181.8292071652175,186.69168086956526,0.023429697487922608,2.4165,0.0,True,True,False,False,-91.67999999999945,0.0,172.54370102471367,141.00060277275466,266.3083019891501,0.0,488.172605786619
2025-03-23T13:15:00Z,2025-03-23T13:30:00Z,2025-03-23,2025-03-23_15,-31.999999999999805,100,68,0,186.69168086956526,189.4064783304348,0.025996780386473354,4.4945,0.0,True,True,False,False,-91.67999999999945,0.0,172.54370102471367,141.00060277275466,496.67972674301785,0.0,718.5440305404867
2025-03-23T13:30:00Z,2025-03-23T13:45:00Z,2025-03-23,2025-03-23_15,-31.999999999999805,100,68,0,189.4064783304348,189.8754141565217,0.028681222705313963,6.6674999999999995,0.0,True,True,False,False,-91.67999999999945,0.0,172.54370102471367,141.00060277275466,838.6983544303796,0.0,1060.5626582278485
2025-03-23T13:45:00Z,2025-03-23T14:00:00Z,2025-03-23,2025-03-23_15,-31.999999999999805,100,68,0,189.8754141565217,189.96297725217386,0.029137071400966136,7.036499999999999,0.0,True,True,False,False,-91.67999999999945,0.0,172.54370102471367,141.00060277275466,1016.0779517781793,0.0,1237.9422555756482
2025-03-23T14:00:00Z,2025-03-23T14:15:00Z,2025-03-23,2025-03-23_16,12.771684788564665,87,100,0,189.96297725217386,186.01197397455547,0.01102182163365893,0.45109499999999997,0.0105,True,True,False,False,137.55104517284144,0.0,150.1130198915009,207.0524412296564,49.84975889089812,-0.8227848101265822,543.7434803747703
2025-03-23T14:15:00Z,2025-03-23T14:30:00Z,2025-03-23,2025-03-23_16,12.771684788564665,87,100,0,186.01197397455547,183.4036486485832,0.01134032984547674,0.0021750000000000003,0.9185000000000001,True,True,False,False,137.55104517284144,0.0,150.1130198915009,207.0524412296564,0.2403556359252562,-36.33011683745228,458.6267450924717
2025-03-23T14:30:00Z,2025-03-23T14:45:00Z,2025-03-23,2025-03-23_16,12.771684788564665,87,100,0,183.4036486485832,180.47524098037698,0.010747050705949987,0.008700000000000001,0.586,True,True,False,False,137.55104517284144,0.0,150.1130198915009,207.0524412296564,0.9614225437010248,-26.931862969660433,468.74606586803935
2025-03-23T14:45:00Z,2025-03-23T15:00:00Z,2025-03-23,2025-03-23_16,12.771684788564665,87,100,0,180.47524098037698,175.15731913043342,0.014796525987341536,1.70433,0.0055,True,True,False,False,137.55104517284144,0.0,150.1130198915009,207.0524412296564,188.34267631103071,-0.43098251959011447,682.6282000854394
2025-03-23T15:00:00Z,2025-03-23T15:15:00Z,2025-03-23,2025-03-23_17,0.0,100,100,0,175.15731913043342,181.68299043478123,0.018655246376811596,0.0875,7.1965,True,True,False,False,0.0,0.0,172.54370102471367,207.35382760699216,9.669479606188466,2744.736713482017,3134.303721719911
2025-03-23T15:15:00Z,2025-03-23T15:30:00Z,2025-03-23,2025-03-23_17,0.0,100,100,0,181.68299043478123,189.77091999999863,0.022475528985507247,0.0015,8.793,True,True,False,False,0.0,0.0,172.54370102471367,207.35382760699216,0.1657625075346594,23.55047016274864,403.61376130198914
2025-03-23T15:30:00Z,2025-03-23T15:45:00Z,2025-03-23,2025-03-23_17,0.0,100,100,0,189.77091999999863,185.89836956521603,0.012029751207729467,3.7735,0.249,True,True,False,False,0.0,0.0,172.54370102471367,207.35382760699216,653.1619917621056,-10.626401446654612,1022.4331189471568
2025-03-23T15:45:00Z,2025-03-23T16:00:00Z,2025-03-23,2025-03-23_17,0.0,100,100,0,185.89836956521603,170.44945652173777,0.04291364734299516,14.212999999999997,0.0,True,True,False,False,0.0,0.0,172.54370102471367,207.35382760699216,10120.661219208356,0.0,10500.558747840061
2025-03-23T16:00:00Z,2025-03-23T16:15:00Z,2025-03-23,2025-03-23_18,0.0,0,0,0,170.44945652173777,170.44945652173777,0.0,0.0,0.0,True,False,False,False,0.0,0.0,0.0,0.0,0.0,0.0,0.0
2025-03-23T16:15:00Z,2025-03-23T16:30:00Z,2025-03-23,2025-03-23_18,0.0,0,0,0,170.44945652173777,170.44945652173777,0.0,0.0,0.0,True,False,False,False,0.0,0.0,0.0,0.0,0.0,0.0,0.0
2025-03-23T16:30:00Z,2025-03-23T16:45:00Z,2025-03-23,2025-03-23_18,0.0,0,0,0,170.44945652173777,170.44945652173777,0.0,0.0,0.0,True,False,False,False,0.0,0.0,0.0,0.0,0.0,0.0,0.0
2025-03-23T16:45:00Z,2025-03-23T17:00:00Z,2025-03-23,2025-03-23_18,0.0,0,0,0,170.44945652173777,170.44945652173777,0.0,0.0,0.0,True,False,False,False,0.0,0.0,0.0,0.0,0.0,0.0,0.0
2025-03-23T17:00:00Z,2025-03-23T17:15:00Z,2025-03-23,2025-03-23_19,28.619235200000116,0,0,0,170.44945652173777,162.67249043478122,0.021602683574879315,0.0,0.0,True,False,False,False,1029.7200824960041,0.0,0.0,0.0,0.0,0.0,1029.7200824960041
2025-03-23T17:15:00Z,2025-03-23T17:30:00Z,2025-03-23,2025-03-23_19,28.619235200000116,0,0,0,162.67249043478122,154.89552434782468,0.021602683574879315,0.0,0.0,True,False,False,False,1029.7200824960041,0.0,0.0,0.0,0.0,0.0,1029.7200824960041
2025-03-23T17:30:00Z,2025-03-23T17:45:00Z,2025-03-23,2025-03-23_19,28.619235200000116,0,0,0,154.89552434782468,147.11855826086813,0.021602683574879315,0.0,0.0,True,False,False,False,1029.7200824960041,0.0,0.0,0.0,0.0,0.0,1029.7200824960041
2025-03-23T17:45:00Z,2025-03-23T18:00:00Z,2025-03-23,2025-03-23_19,28.619235200000116,0,0,0,147.11855826086813,139.34159217391158,0.021602683574879315,0.0,0.0,True,False,False,False,1029.7200824960041,0.0,0.0,0.0,0.0,0.0,1029.7200824960041
2025-03-23T18:00:00Z,2025-03-23T18:15:00Z,2025-03-23,2025-03-23_20,0.0,100,100,0,139.34159217391158,123.91387478260724,0.042854770531400965,14.1935,0.0,True,True,False,False,0.0,0.0,173.08619650391802,190.62688366485835,8107.645462929477,0.0,8471.358543098253
2025-03-23T18:15:00Z,2025-03-23T18:30:00Z,2025-03-23,2025-03-23_20,0.0,100,100,0,123.91387478260724,116.58670086956376,0.020353260869565216,6.741,0.0,True,True,False,False,0.0,0.0,173.08619650391802,190.62688366485835,1026.803151898734,0.0,1390.5162320675104
2025-03-23T18:30:00Z,2025-03-23T18:45:00Z,2025-03-23,2025-03-23_20,0.0,100,100,0,116.58670086956376,109.8002878260855,0.01885114734299517,6.2435,0.0,True,True,False,False,0.0,0.0,173.08619650391802,190.62688366485835,933.2922293550331,0.0,1297.0053095238095
2025-03-23T18:45:00Z,2025-03-23T19:00:00Z,2025-03-23,2025-03-23_20,0.0,100,100,0,109.8002878260855,103.6252878260855,0.017152777777777777,5.681,0.0,True,True,False,False,0.0,0.0,173.08619650391802,190.62688366485835,796.1778247940525,0.0,1159.890904962829
2025-03-23T19:00:00Z,2025-03-23T19:15:00Z,2025-03-23,2025-03-23_21,0.0,100,100,0,103.6252878260855,96.22311391304201,0.020561594202898548,6.81,0.0,True,True,False,False,0.0,0.0,172.93550331525014,190.62688366485835,1156.6135744424353,0.0,1520.1759614225439
2025-03-23T19:15:00Z,2025-03-23T19:30:00Z,2025-03-23,2025-03-23_21,0.0,100,100,0,96.22311391304201,93.1723626086942,0.00849730917874396,2.8105,0.0045,True,True,False,False,0.0,0.0,172.93550331525014,190.62688366485835,331.08672573839664,-0.355635623869801,694.2934770946354
2025-03-23T19:30:00Z,2025-03-23T19:45:00Z,2025-03-23,2025-03-23_21,0.0,100,100,0,93.1723626086942,82.4387930434768,0.029828248792270536,9.877,0.0025,True,True,False,False,0.0,0.0,172.93550331525014,190.62688366485835,1977.793341772152,-0.20092425155716295,2341.1548045007034
2025-03-23T19:45:00Z,2025-03-23T20:00:00Z,2025-03-23,2025-03-23_21,0.0,100,100,0,82.4387930434768,78.1871626086942,0.011810084541062802,3.9115,0.0,True,True,False,False,0.0,0.0,172.93550331525014,190.62688366485835,652.3583510146675,0.0,1015.920737994776
2025-03-23T20:00:00Z,2025-03-23T20:15:00Z,2025-03-23,2025-03-23_22,0.0,100,100,0,78.1871626086942,64.56977130434638,0.03782608695652174,12.528,0.0,True,True,False,False,0.0,0.0,173.29716696805303,207.95660036166365,10930.074618444847,0.0,11311.328385774565
2025-03-23T20:15:00Z,2025-03-23T20:30:00Z,2025-03-23,2025-03-23_22,0.0,100,100,0,64.56977130434638,63.610659999998546,0.0027101980676328503,0.89,0.009,True,True,False,False,0.0,0.0,173.29716696805303,207.95660036166365,98.35242113723125,-0.7233273056057866,478.88286116134213
2025-03-23T20:30:00Z,2025-03-23T20:45:00Z,2025-03-23,2025-03-23_22,0.0,100,100,0,63.610659999998546,43.58674695652029,0.0556219806763285,18.422,0.0,True,True,False,False,0.0,0.0,173.29716696805303,207.95660036166365,18901.083042796865,0.0,19282.33681012658
2025-03-23T20:45:00Z,2025-03-23T21:00:00Z,2025-03-23,2025-03-23_22,0.0,100,100,0,43.58674695652029,37.8902173913029,0.015833915458937198,5.2425,0.002,True,True,False,False,0.0,0.0,173.29716696805303,207.95660036166365,953.9295976491862,-0.16073940124573036,1335.0226255776572
2025-03-23T21:00:00Z,2025-03-23T21:15:00Z,2025-03-23,2025-03-23_23,0.0,100,100,0,37.8902173913029,26.305434782607247,0.03217995169082125,10.658,0.0,True,True,False,False,0.0,0.0,172.93550331525014,208.25798673899936,2195.933461121157,0.0,2577.1269511754067
2025-03-23T21:15:00Z,2025-03-23T21:30:00Z,2025-03-23,2025-03-23_23,0.0,100,100,0,26.305434782607247,21.291847826085508,0.013926630434782606,4.6125,0.0,True,True,False,False,0.0,0.0,172.93550331525014,208.25798673899936,573.3336573236888,0.0,954.5271473779384
2025-03-23T21:30:00Z,2025-03-23T21:45:00Z,2025-03-23,2025-03-23_23,0.0,100,100,0,21.291847826085508,13.519021739128986,0.021591183574879227,7.151000000000001,0.0,True,True,False,False,0.0,0.0,172.93550331525014,208.25798673899936,1163.3643934096847,0.0,1544.557883463934
2025-03-23T21:45:00Z,2025-03-23T22:00:00Z,2025-03-23,2025-03-23_23,0.0,100,100,0,13.519021739128986,9.99999999999855,0.00977506038647343,3.2375000000000003,0.0,True,True,False,False,0.0,0.0,172.93550331525014,208.25798673899936,357.77074542897327,0.0,738.9642354832228
2025-03-23T22:00:00Z,2025-03-23T22:15:00Z,2025-03-24,2025-03-23_24,-3.4970868956581125,100,96,0,9.99999999999855,10.862425629481256,0.002739447513850278,0.05899999999999999,0.13248000000000001,True,True,False,False,-99.87680173999568,0.0,176.10006027727547,199.63833634719708,8.800282097649184,-10.538402025316456,274.1234749568096
2025-03-23T22:15:00Z,2025-03-23T22:30:00Z,2025-03-24,2025-03-23_24,-3.4970868956581125,100,96,0,10.862425629481256,11.663141079081372,0.0025126693768279156,0.0495,0.05424,True,True,False,False,-99.87680173999568,0.0,176.10006027727547,199.63833634719708,7.399638336347198,-4.314886268836648,278.94634695198744
2025-03-23T22:30:00Z,2025-03-23T22:45:00Z,2025-03-24,2025-03-23_24,-3.4970868956581125,100,96,0,11.663141079081372,12.457202806353763,0.0025990812855720413,0.0675,0.06816,True,True,False,False,-99.87680173999568,0.0,176.10006027727547,199.63833634719708,10.090415913200724,-5.419644412296563,280.532366385381
2025-03-23T22:45:00Z,2025-03-23T23:00:00Z,2025-03-24,2025-03-23_24,-3.4970868956581125,100,96,0,12.457202806353763,10.890453930434585,0.009954360107420117,2.455,0.30768,True,True,False,False,-99.87680173999568,0.0,176.10006027727547,199.63833634719708,479.9256168374522,-20.46983850512357,735.3173732168055
2025-03-23T23:00:00Z,2025-03-23T23:15:00Z,2025-03-24,2025-03-24_1,-60.0,100,40,0,10.890453930434585,24.70734123478241,0.03856140193236715,0.075,0.0988,True,True,False,False,-1463.1000000000001,0.0,175.6781193490054,82.94153104279685,11.211573236889693,-5.838788185654007,-1199.1075645569622
2025-03-23T23:15:00Z,2025-03-23T23:30:00Z,2025-03-24,2025-03-24_1,-60.0,100,40,0,24.70734123478241,39.67771619130415,0.04160611400966183,0.009,1.2817999999999998,True,True,False,False,-1463.1000000000001,0.0,175.6781193490054,82.94153104279685,1.345388788426763,-59.54253313240907,-1262.6774939521802
2025-03-23T23:30:00Z,2025-03-23T23:45:00Z,2025-03-24,2025-03-24_1,-60.0,100,40,0,39.67771619130415,53.79106819130415,0.03920375555555556,0.0,0.3406,True,True,False,False,-1463.1000000000001,0.0,175.6781193490054,82.94153104279685,0.0,-20.209275507333736,-1224.6896251155315
2025-03-23T23:45:00Z,2025-03-24T00:00:00Z,2025-03-24,2025-03-24_1,-60.0,100,40,0,53.79106819130415,67.56722193043458,0.038397528502415464,0.054,0.032,True,True,False,False,-1463.1000000000001,0.0,175.6781193490054,82.94153104279685,8.072332730560579,-2.5497319670484226,-1198.9577488446857
2025-03-24T00:00:00Z,2025-03-24T00:15:00Z,2025-03-24,2025-03-24_2,0.0,100,100,0,67.56722193043458,70.24672193043459,0.007443055555555555,0.0,2.9125,True,True,False,False,0.0,0.0,175.6781193490054,208.25798673899936,0.0,-158.34121961020693,225.59488647779784
2025-03-24T00:15:00Z,2025-03-24T00:30:00Z,2025-03-24,2025-03-24_2,0.0,100,100,0,70.24672193043459,71.10387062608676,0.002408142512077295,0.0045,0.9369999999999999,True,True,False,False,0.0,0.0,175.6781193490054,208.25798673899936,0.6726943942133815,-56.37324854329917,328.235551938919
2025-03-24T00:30:00Z,2025-03-24T00:45:00Z,2025-03-24,2025-03-24_2,0.0,100,100,0,71.10387062608676,70.69463149565198,0.0011367753623188405,0.3765,0.0,True,True,False,False,0.0,0.0,175.6781193490054,208.25798673899936,56.45570976491862,0.0,440.3918158529234
2025-03-24T00:45:00Z,2025-03-24T01:00:00Z,2025-03-24,2025-03-24_2,0.0,100,100,0,70.69463149565198,69.65521323478241,0.0029792729468599032,0.9714999999999999,0.018,True,True,False,False,0.0,0.0,175.6781193490054,208.25798673899936,172.78684790034154,-1.4466546112115732,555.2762993771347
2025-03-24T01:00:00Z,2025-03-24T01:15:00Z,2025-03-24,2025-03-24_3,-100.0,100,0,0,69.65521323478241,85.0150732347824,0.04266627777777778,8.3045,0.0,True,True,False,False,-2509.0,0.0,175.6781193490054,0.0,1652.6672487442233,0.0,-680.6546319067712
2025-03-24T01:15:00Z,2025-03-24T01:30:00Z,2025-03-24,2025-03-24_3,-100.0,100,0,0,85.0150732347824,95.2882532347824,0.02853661111111111,13.8335,0.0,True,True,False,False,-2509.0,0.0,175.6781193490054,0.0,3713.567914506731,0.0,1380.2460338557364
2025-03-24T01:30:00Z,2025-03-24T01:45:00Z,2025-03-24,2025-03-24_3,-100.0,100,0,0,95.2882532347824,108.24139323478241,0.03598094444444444,10.9205,0.0,True,True,False,False,-2509.0,0.0,175.6781193490054,0.0,6071.4271813341375,0.0,3738.105300683143
2025-03-24T01:45:00Z,2025-03-24T02:00:00Z,2025-03-24,2025-03-24_3,-100.0,100,0,0,108.24139323478241,123.24981323478241,0.04169005555555555,8.6865,0.0,True,True,False,False,-2509.0,0.0,175.6781193490054,0.0,5928.0431946956,0.0,3594.721314044605
2025-03-24T02:00:00Z,2025-03-24T02:15:00Z,2025-03-24,2025-03-24_4,-100.0,100,0,0,123.24981323478241,141.2169532347824,0.04990872222222222,5.4705,0.0,True,True,False,False,-2474.25,0.0,175.6781193490054,0.0,1056.7704599156118,0.0,-1241.8014207353829
2025-03-24T02:15:00Z,2025-03-24T02:30:00Z,2025-03-24,2025-03-24_4,-100.0,100,0,0,141.2169532347824,152.05777323478242,0.03011338888888889,13.2165,0.0,True,True,False,False,-2474.25,0.0,175.6781193490054,0.0,3208.465369801085,0.0,909.8934891500907
2025-03-24T02:30:00Z,2025-03-24T02:45:00Z,2025-03-24,2025-03-24_4,-100.0,100,0,0,152.05777323478242,154.86699323478243,0.007803388888888891,21.9465,0.0,True,True,False,False,-2474.25,0.0,175.6781193490054,0.0,26123.765149186253,0.0,23825.19326853526
2025-03-24T02:45:00Z,2025-03-24T03:00:00Z,2025-03-24,2025-03-24_4,-100.0,100,0,0,154.86699323478243,164.47455323478243,0.026687666666666665,14.557,0.0,True,True,False,False,-2474.25,0.0,175.6781193490054,0.0,15902.377419529836,0.0,13603.805538878842
2025-03-24T03:00:00Z,2025-03-24T03:15:00Z,2025-03-24,2025-03-24_5,0.0,100,100,0,164.47455323478243,165.6707306260868,0.0035159516908212563,0.032,1.338,True,True,False,False,0.0,0.0,175.6781193490054,208.25798673899936,6.0930713281093025,-78.83580952380953,311.19336789230454
2025-03-24T03:15:00Z,2025-03-24T03:30:00Z,2025-03-24,2025-03-24_5,0.0,100,100,0,165.6707306260868,168.7168506260868,0.008461444444444445,0.0,3.311,True,True,False,False,0.0,0.0,175.6781193490054,208.25798673899936,0.0,-170.13497327707452,213.80113281093026
2025-03-24T03:30:00Z,2025-03-24T03:45:00Z,2025-03-24,2025-03-24_5,0.0,100,100,0,168.7168506260868,174.8090906260868,0.01692288888888889,0.0,6.622,True,True,False,False,0.0,0.0,175.6781193490054,208.25798673899936,0.0,-268.5163122362869,115.41979385171786
2025-03-24T03:45:00Z,2025-03-24T04:00:00Z,2025-03-24,2025-03-24_5,0.0,100,100,0,174.8090906260868,183.0614906260868,0.022923333333333337,0.0,8.97,True,True,False,False,0.0,0.0,175.6781193490054,208.25798673899936,0.0,-208.433098251959,175.50300783604578
2025-03-24T04:00:00Z,2025-03-24T04:15:00Z,2025-03-24,2025-03-24_6,0.0,0,0,0,183.0614906260868,183.0614906260868,0.0,0.0,0.0,True,False,False,False,0.0,0.0,0.0,0.0,0.0,0.0,0.0
2025-03-24T04:15:00Z,2025-03-24T04:30:00Z,2025-03-24,2025-03-24_6,0.0,0,0,0,183.0614906260868,183.0614906260868,0.0,0.0,0.0,True,False,False,False,0.0,0.0,0.0,0.0,0.0,0.0,0.0
2025-03-24T04:30:00Z,2025-03-24T04:45:00Z,2025-03-24,2025-03-24_6,0.0,0,0,0,183.0614906260868,183.0614906260868,0.0,0.0,0.0,True,False,False,False,0.0,0.0,0.0,0.0,0.0,0.0,0.0
2025-03-24T04:45:00Z,2025-03-24T05:00:00Z,2025-03-24,2025-03-24_6,0.0,0,0,0,183.0614906260868,183.0614906260868,0.0,0.0,0.0,True,False,False,False,0.0,0.0,0.0,0.0,0.0,0.0,0.0
2025-03-24T05:00:00Z,2025-03-24T05:15:00Z,2025-03-24,2025-03-24_7,0.0,100,100,0,183.0614906260868,189.6390306260868,0.018270944444444447,0.0,7.149500000000001,True,True,False,False,0.0,0.0,196.80530440024108,191.0186859553948,0.0,1900.1839682539685,2288.0079586096044
2025-03-24T05:15:00Z,2025-03-24T05:30:00Z,2025-03-24,2025-03-24_7,0.0,100,100,0,189.6390306260868,188.22432279999984,0.004080521739130435,1.3265,0.029499999999999995,True,True,False,False,0.0,0.0,196.80530440024108,191.0186859553948,281.49412095639946,-2.34177365883062,666.9763376532047
2025-03-24T05:30:00Z,2025-03-24T05:45:00Z,2025-03-24,2025-03-24_7,0.0,100,100,0,188.22432279999984,184.9178010608694,0.00918478260869565,3.042,0.0,True,True,False,False,0.0,0.0,196.80530440024108,191.0186859553948,642.638849909584,0.0,1030.46284026522
2025-03-24T05:45:00Z,2025-03-24T06:00:00Z,2025-03-24,2025-03-24_7,0.0,100,100,0,184.9178010608694,173.70204019130418,0.031154891304347825,10.3185,0.0,True,True,False,False,0.0,0.0,196.80530440024108,191.0186859553948,2348.0112676311032,0.0,2735.835257986739
2025-03-24T06:00:00Z,2025-03-24T06:15:00Z,2025-03-24,2025-03-24_8,0.0,100,100,0,173.70204019130418,172.81612975652158,0.002478751207729468,0.818,0.0035000000000000005,True,True,False,False,0.0,0.0,196.50391802290537,191.0186859553948,163.50418042997788,-0.2812939521800282,550.745490456098
2025-03-24T06:15:00Z,2025-03-24T06:30:00Z,2025-03-24,2025-03-24_8,0.0,100,100,0,172.81612975652158,163.13623845217376,0.02688858695652174,8.9055,0.0,True,True,False,False,0.0,0.0,196.50391802290537,191.0186859553948,2244.3273571428567,0.0,2631.849961121157
2025-03-24T06:30:00Z,2025-03-24T06:45:00Z,2025-03-24,2025-03-24_8,0.0,100,100,0,163.13623845217376,156.5367819304346,0.018331823671497584,6.0715,0.0,True,True,False,False,0.0,0.0,196.50391802290537,191.0186859553948,1458.2701195499296,0.0,1845.7927235282298
2025-03-24T06:45:00Z,2025-03-24T07:00:00Z,2025-03-24,2025-03-24_8,0.0,100,100,0,156.5367819304346,153.49982540869547,0.008435990338164251,2.794,0.0,True,True,False,False,0.0,0.0,196.50391802290537,191.0186859553948,560.755294755877,0.0,948.2778987341771
2025-03-24T07:00:00Z,2025-03-24T07:15:00Z,2025-03-24,2025-03-24_9,100.0,0,100,0,153.49982540869547,126.3259123652172,0.0754830917874396,0.0,0.0,True,True,False,False,4057.75,0.0,0.0,201.92887281494876,0.0,0.0,4259.678872814949
2025-03-24T07:15:00Z,2025-03-24T07:30:00Z,2025-03-24,2025-03-24_9,100.0,0,100,0,126.3259123652172,99.15199932173894,0.0754830917874396,0.0,0.0,True,True,False,False,4057.75,0.0,0.0,201.92887281494876,0.0,0.0,4259.678872814949
2025-03-24T07:30:00Z,2025-03-24T07:45:00Z,2025-03-24,2025-03-24_9,100.0,0,100,0,99.15199932173894,72.01993410434764,0.07536684782608696,0.0,0.0385,True,True,False,False,4057.75,0.0,0.0,201.92887281494876,0.0,-3.085190576652602,4256.593682238296
2025-03-24T07:45:00Z,2025-03-24T08:00:00Z,2025-03-24,2025-03-24_9,100.0,0,100,0,72.01993410434764,45.71449932173894,0.07307065217391304,0.0,0.799,True,True,False,False,4057.75,0.0,0.0,201.92887281494876,0.0,-58.15827406067912,4201.5205987542695
2025-03-24T08:00:00Z,2025-03-24T08:15:00Z,2025-03-24,2025-03-24_10,0.0,100,100,0,45.71449932173894,46.20750193043459,0.001523437198067633,0.025499999999999995,0.566,True,True,False,False,0.0,0.0,175.55756479807113,207.65521398432793,4.3300198915009025,-32.884406670685145,354.65839200321483
2025-03-24T08:15:00Z,2025-03-24T08:30:00Z,2025-03-24,2025-03-24_10,0.0,100,100,0,46.20750193043459,46.88676019130415,0.0019925048309178744,0.0175,0.759,True,True,False,False,0.0,0.0,175.55756479807113,207.65521398432793,2.9680520393811536,-44.88744605183846,341.2933847699417
2025-03-24T08:30:00Z,2025-03-24T08:45:00Z,2025-03-24,2025-03-24_10,0.0,100,100,0,46.88676019130415,46.93504366956502,0.0006172125603864735,0.08,0.147,True,True,False,False,0.0,0.0,175.55756479807113,207.65521398432793,13.591625477195096,-11.244717299578056,385.5596869600161
2025-03-24T08:45:00Z,2025-03-24T09:00:00Z,2025-03-24,2025-03-24_10,0.0,100,100,0,46.93504366956502,48.252906278260674,0.0037452705314009664,0.014000000000000002,1.449,True,True,False,False,0.0,0.0,175.55756479807113,207.65521398432793,2.371007032348805,-100.45439240506329,285.12939340968455
2025-03-24T09:00:00Z,2025-03-24T09:15:00Z,2025-03-24,2025-03-24_11,0.0,100,100,0,48.252906278260674,49.506645408695455,0.0040562801932367155,0.095,1.475,True,True,False,False,0.0,0.0,175.55756479807113,208.25798673899936,16.15671890697207,-92.2039481615431,307.76832228249947
2025-03-24T09:15:00Z,2025-03-24T09:30:00Z,2025-03-24,2025-03-24_11,0.0,100,100,0,49.506645408695455,56.224025408695454,0.01865938888888889,0.0,7.3015,True,True,False,False,0.0,0.0,175.55756479807113,208.25798673899936,0.0,-250.76698804500703,133.04856349206347
2025-03-24T09:30:00Z,2025-03-24T09:45:00Z,2025-03-24,2025-03-24_11,0.0,100,100,0,56.224025408695454,59.329485408695454,0.008626277777777778,0.0,3.3755,True,True,False,False,0.0,0.0,175.55756479807113,208.25798673899936,0.0,-168.3402611010649,215.4752904360056
2025-03-24T09:45:00Z,2025-03-24T10:00:00Z,2025-03-24,2025-03-24_11,0.0,100,100,0,59.329485408695454,60.69430888695633,0.0038576014492753626,0.011,1.4965,True,True,False,False,0.0,0.0,175.55756479807113,208.25798673899936,1.866485834840265,-87.29944153104279,298.38259584086796
2025-03-24T10:00:00Z,2025-03-24T10:15:00Z,2025-03-24,2025-03-24_12,0.0,100,100,0,60.69430888695633,61.0115575826085,0.0011861980676328501,0.0505,0.40449999999999997,True,True,False,False,0.0,0.0,175.55756479807113,208.25798673899936,8.595542395017079,-27.222354229455494,365.18873970263206
2025-03-24T10:15:00Z,2025-03-24T10:30:00Z,2025-03-24,2025-03-24_12,0.0,100,100,0,61.0115575826085,62.41762801739112,0.004243915458937199,0.05600000000000001,1.5945,True,True,False,False,0.0,0.0,175.55756479807113,208.25798673899936,9.507533052039381,-67.57226371308016,325.7508208760297
2025-03-24T10:30:00Z,2025-03-24T10:45:00Z,2025-03-24,2025-03-24_12,0.0,100,100,0,62.41762801739112,63.30930453913025,0.0030354541062801933,0.0925,1.0785,True,True,False,False,0.0,0.0,175.55756479807113,208.25798673899936,15.764624271649586,-54.339107594936706,345.24106821378336
2025-03-24T10:45:00Z,2025-03-24T11:00:00Z,2025-03-24,2025-03-24_12,0.0,100,100,0,63.30930453913025,63.26725932173895,0.0003391256038647343,0.0755,0.0435,True,True,False,False,0.0,0.0,175.55756479807113,208.25798673899936,12.77878079164155,-3.47096262808921,393.12336970062285
2025-03-24T11:00:00Z,2025-03-24T11:15:00Z,2025-03-24,2025-03-24_13,-100.0,100,0,0,63.26725932173895,86.20883932173895,0.06372661111111111,0.0635,0.0,True,True,False,False,-2611.25,0.0,175.55756479807113,0.0,10.75547357846092,0.0,-2424.936961623468
2025-03-24T11:15:00Z,2025-03-24T11:30:00Z,2025-03-24,2025-03-24_13,-100.0,100,0,0,86.20883932173895,109.03219932173894,0.06339822222222223,0.192,0.0,True,True,False,False,-2611.25,0.0,175.55756479807113,0.0,32.513967450271245,0.0,-2403.1784677516575
2025-03-24T11:30:00Z,2025-03-24T11:45:00Z,2025-03-24,2025-03-24_13,-100.0,100,0,0,109.03219932173894,131.88131932173894,0.06346977777777776,0.164,0.0,True,True,False,False,-2611.25,0.0,175.55756479807113,0.0,27.771754068716092,0.0,-2407.920681133213
2025-03-24T11:45:00Z,2025-03-24T12:00:00Z,2025-03-24,2025-03-24_13,-100.0,100,0,0,131.88131932173894,154.78379932173894,0.06361800000000001,0.106,0.0,True,True,False,False,-2611.25,0.0,175.55756479807113,0.0,17.940515973477996,0.0,-2417.751919228451
2025-03-24T12:00:00Z,2025-03-24T12:15:00Z,2025-03-24,2025-03-24_14,-30.0,100,70,0,154.78379932173894,162.75974923478242,0.022185005797101448,0.007000000000000001,1.1773999999999998,True,True,False,False,-802.05,0.0,175.55756479807113,145.78059071729956,1.186257383966245,-67.65354120956397,-547.179128310227
2025-03-24T12:15:00Z,2025-03-24T12:30:00Z,2025-03-24,2025-03-24_14,-30.0,100,70,0,162.75974923478242,169.76330853913026,0.019788268599033817,0.079,0.20159999999999997,True,True,False,False,-802.05,0.0,175.55756479807113,145.78059071729956,13.370301587301585,-12.525772151898732,-479.8673150492264
2025-03-24T12:30:00Z,2025-03-24T12:45:00Z,2025-03-24,2025-03-24_14,-30.0,100,70,0,169.76330853913026,175.9568347999998,0.021247415942028988,0.9565,0.3101,True,True,False,False,-802.05,0.0,175.55756479807113,145.78059071729956,180.88439340968452,-18.50356793248945,-318.3310190074342
2025-03-24T12:45:00Z,2025-03-24T13:00:00Z,2025-03-24,2025-03-24_14,-30.0,100,70,0,175.9568347999998,184.6841847999998,0.02424263888888889,0.0,1.9862499999999998,True,True,False,False,-802.05,0.0,175.55756479807113,145.78059071729956,0.0,-75.45714662447256,-556.1689911091019
2025-03-24T13:00:00Z,2025-03-24T13:15:00Z,2025-03-24,2025-03-24_15,-3.0,100,97,0,184.6841847999998,189.8790199999998,0.014430097777777779,0.0,4.89656,True,True,False,False,-86.355,0.0,175.55756479807113,202.01024713682938,0.0,-106.8516560016074,184.3611559332931
2025-03-24T13:15:00Z,2025-03-24T13:30:00Z,2025-03-24,2025-03-24_15,-3.0,100,97,0,189.8790199999998,189.23331466956503,0.00607298036231884,1.343,0.127555,True,True,False,False,-86.355,0.0,175.55756479807113,202.01024713682938,247.65033333333332,-9.08997884970866,529.7731664185252
2025-03-24T13:30:00Z,2025-03-24T13:45:00Z,2025-03-24,2025-03-24_15,-3.0,100,97,0,189.23331466956503,188.06561025217374,0.006813683381642512,1.717,0.0,True,True,False,False,-86.355,0.0,175.55756479807113,202.01024713682938,328.7128710066305,0.0,619.925682941531
2025-03-24T13:45:00Z,2025-03-24T14:00:00Z,2025-03-24,2025-03-24_15,-3.0,100,97,0,188.06561025217374,179.62451157391288,0.02598677299516908,8.4395,0.0,True,True,False,False,-86.355,0.0,175.55756479807113,202.01024713682938,1722.4210650994578,0.0,2013.6338770343582
2025-03-24T14:00:00Z,2025-03-24T14:15:00Z,2025-03-24,2025-03-24_16,-29.85819671862286,100,70,0,179.62451157391288,177.34410056735328,0.031025777146234584,8.8205,0.0,True,True,False,False,-923.8872519659878,0.0,175.55756479807113,145.78059071729956,1835.8000137633107,0.0,1233.2509173126937
2025-03-24T14:15:00Z,2025-03-24T14:30:00Z,2025-03-24,2025-03-24_16,-29.85819671862286,100,70,0,177.34410056735328,180.42656631588457,0.02402028596061752,3.6494999999999997,0.0,True,True,False,False,-923.8872519659878,0.0,175.55756479807113,145.78059071729956,790.7711962025315,0.0,188.22209975191439
2025-03-24T14:30:00Z,2025-03-24T14:45:00Z,2025-03-24,2025-03-24_16,-29.85819671862286,100,70,0,180.42656631588457,182.87484155276667,0.024848724920200738,4.261,0.0,True,True,False,False,-923.8872519659878,0.0,175.55756479807113,145.78059071729956,921.3639835242113,0.0,318.81488707359415
2025-03-24T14:45:00Z,2025-03-24T15:00:00Z,2025-03-24,2025-03-24_16,-29.85819671862286,100,70,0,182.87484155276667,185.7892960782609,0.024239757933556982,3.8115,0.0,True,True,False,False,-923.8872519659878,0.0,175.55756479807113,145.78059071729956,756.0784556962025,0.0,153.5293592455853
2025-03-24T15:00:00Z,2025-03-24T15:15:00Z,2025-03-24,2025-03-24_17,-18.999999999999158,100,81,0,185.7892960782609,189.99953999999983,0.012634252439612999,0.192,0.046575,True,True,False,False,-642.5324999999716,0.0,175.55756479807113,168.6889692585895,32.7151874623267,-3.661027079566003,-269.23180556055024
2025-03-24T15:15:00Z,2025-03-24T15:30:00Z,2025-03-24,2025-03-24_17,-18.999999999999158,100,81,0,189.99953999999983,187.59002912173875,0.024733544661835513,6.425,0.00040500000000000003,True,True,False,False,-642.5324999999716,0.0,175.55756479807113,168.6889692585895,1442.5280389793045,-0.0325497287522604,1144.2095233072412
2025-03-24T15:30:00Z,2025-03-24T15:45:00Z,2025-03-24,2025-03-24_17,-18.999999999999158,100,81,0,187.59002912173875,188.0572432782603,0.019388306231883694,3.6985000000000006,0.0,True,True,False,False,-642.5324999999716,0.0,175.55756479807113,168.6889692585895,777.1724856339162,0.0,478.88651969060516
2025-03-24T15:45:00Z,2025-03-24T16:00:00Z,2025-03-24,2025-03-24_17,-18.999999999999158,100,81,0,188.0572432782603,182.97708818260793,0.029692534154589258,8.9555,0.0,True,True,False,False,-642.5324999999716,0.0,175.55756479807113,168.6889692585895,2008.345998995379,0.0,1710.060033052068
2025-03-24T16:00:00Z,2025-03-24T16:15:00Z,2025-03-24,2025-03-24_18,0.0,100,100,0,182.97708818260793,189.8778412260862,0.01917479710144928,0.001,7.502000000000001,True,True,False,False,0.0,0.0,196.80530440024108,192.13381555153705,0.16877637130801687,5347.8904617239305,5736.998358047017
2025-03-24T16:15:00Z,2025-03-24T16:30:00Z,2025-03-24,2025-03-24_18,0.0,100,100,0,189.8778412260862,189.6535655739123,0.0008836545893719806,0.24949999999999997,0.05099999999999999,True,True,False,False,0.0,0.0,196.80530440024108,192.13381555153705,48.908968153506116,-4.063696805304399,433.78439129997986
2025-03-24T16:30:00Z,2025-03-24T16:45:00Z,2025-03-24,2025-03-24_18,0.0,100,100,0,189.6535655739123,189.642020356521,0.0007016256038647342,0.1215,0.131,True,True,False,False,0.0,0.0,196.80530440024108,192.13381555153705,23.656809222423146,-10.273669077757685,402.3222600964436
2025-03-24T16:45:00Z,2025-03-24T17:00:00Z,2025-03-24,2025-03-24_18,0.0,100,100,0,189.642020356521,181.16375948695577,0.023550724637681156,7.8,0.0,True,True,False,False,0.0,0.0,196.80530440024108,192.13381555153705,1849.6280892103675,0.0,2238.5672091621454
2025-03-24T17:00:00Z,2025-03-24T17:15:00Z,2025-03-24,2025-03-24_19,100.0,0,100,0,181.16375948695577,161.5077812260862,0.05459993961352657,0.0,6.9165,True,True,False,False,5313.0,0.0,0.0,192.13381555153705,0.0,2267.1222495479205,7772.256065099457
2025-03-24T17:15:00Z,2025-03-24T17:30:00Z,2025-03-24,2025-03-24_19,100.0,0,100,0,161.5077812260862,134.51593339999923,0.07497735507246375,0.0,0.1675,True,True,False,False,5313.0,0.0,0.0,192.13381555153705,0.0,-13.123155515370705,5492.010660036166
2025-03-24T17:30:00Z,2025-03-24T17:45:00Z,2025-03-24,2025-03-24_19,100.0,0,100,0,134.51593339999923,107.34202035652098,0.0754830917874396,0.0,0.0,True,True,False,False,5313.0,0.0,0.0,192.13381555153705,0.0,0.0,5505.133815551537
2025-03-24T17:45:00Z,2025-03-24T18:00:00Z,2025-03-24,2025-03-24_19,100.0,0,100,0,107.34202035652098,80.16810731304273,0.07548309178743962,0.0,0.0,True,True,False,False,5313.0,0.0,0.0,192.13381555153705,0.0,0.0,5505.133815551537
2025-03-24T18:00:00Z,2025-03-24T18:15:00Z,2025-03-24,2025-03-24_20,48.600361300261106,51,100,0,80.16810731304273,65.27432978579785,0.04137160424234685,1.552185,0.0,True,True,False,False,2348.1264562221154,0.0,100.83182640144663,192.13381555153705,315.78154377034355,0.0,2956.8736419454426
2025-03-24T18:15:00Z,2025-03-24T18:30:00Z,2025-03-24,2025-03-24_20,48.600361300261106,51,100,0,65.27432978579785,51.68890005906612,0.037762262176601204,0.357255,0.0095,True,True,False,False,2348.1264562221154,0.0,100.83182640144663,192.13381555153705,70.72371294755877,-0.7635121559172192,2711.0522989667406
2025-03-24T18:30:00Z,2025-03-24T18:45:00Z,2025-03-24,2025-03-24_20,48.600361300261106,51,100,0,51.68890005906612,38.53251610165337,0.03712609846728159,0.157335,0.22100000000000003,True,True,False,False,2348.1264562221154,0.0,100.83182640144663,192.13381555153705,30.710672920433996,-17.227831424552946,2654.5749396709803
2025-03-24T18:45:00Z,2025-03-24T19:00:00Z,2025-03-24,2025-03-24_20,48.600361300261106,51,100,0,38.53251610165337,25.880321739129812,0.03661221558238212,0.004335,0.5585,True,True,False,False,2348.1264562221154,0.0,100.83182640144663,192.13381555153705,0.7316455696202532,-42.99563492063491,2598.828108824084
2025-03-24T19:00:00Z,2025-03-24T19:15:00Z,2025-03-24,2025-03-24_21,0.0,100,100,0,25.880321739129812,14.402563478260246,0.031900550724637676,10.5625,0.0035000000000000005,True,True,False,False,0.0,0.0,175.55756479807113,202.833031946956,7092.993582981716,-0.2812939521800282,7471.102885774563
2025-03-24T19:15:00Z,2025-03-24T19:30:00Z,2025-03-24,2025-03-24_21,0.0,100,100,0,14.402563478260246,11.906911304347203,0.006932367149758454,2.296,0.0,True,True,False,False,0.0,0.0,175.55756479807113,202.833031946956,460.6660815752461,0.0,839.0566783202732
2025-03-24T19:30:00Z,2025-03-24T19:45:00Z,2025-03-24,2025-03-24_21,0.0,100,100,0,11.906911304347203,9.999999999999376,0.00584130917874396,1.8445,0.1065,True,True,False,False,0.0,0.0,175.55756479807113,202.833031946956,369.1464521800281,-8.460918927064496,739.0761299979907
2025-03-24T19:45:00Z,2025-03-24T20:00:00Z,2025-03-24,2025-03-24_21,0.0,100,100,0,9.999999999999376,13.554879999999377,0.009874666666666667,0.0,3.864,True,True,False,False,0.0,0.0,175.55756479807113,202.833031946956,0.0,-254.63581434599158,123.75478239903555
2025-03-24T20:00:00Z,2025-03-24T20:15:00Z,2025-03-24,2025-03-24_22,1.9999999999998908,98,100,0,13.554879999999377,10.03741977391245,0.012079820628019242,3.1276699999999997,0.461,True,True,False,False,69.6999999999962,0.0,172.0464135021097,207.65521398432793,662.7631392686357,-33.7803608599558,1078.3844058951136
2025-03-24T20:15:00Z,2025-03-24T20:30:00Z,2025-03-24,2025-03-24_22,1.9999999999998908,98,100,0,10.03741977391245,13.726989756521176,0.012714445603864682,0.0,4.5845,True,True,False,False,69.6999999999962,0.0,172.0464135021097,207.65521398432793,0.0,-234.59707233273053,214.8045551537033
2025-03-24T20:30:00Z,2025-03-24T20:45:00Z,2025-03-24,2025-03-24_22,1.9999999999998908,98,100,0,13.726989756521176,20.64270666086903,0.02125398415458934,0.0,8.0785,True,True,False,False,69.6999999999962,0.0,172.0464135021097,207.65521398432793,0.0,-111.44986276873618,337.95176471769764
2025-03-24T20:45:00Z,2025-03-24T21:00:00Z,2025-03-24,2025-03-24_22,1.9999999999998908,98,100,0,20.64270666086903,41.61903184347775,0.058472098937198125,0.0,23.3065,True,True,False,False,69.6999999999962,0.0,172.0464135021097,207.65521398432793,0.0,18634.977357946555,19084.378985432988
2025-03-24T21:00:00Z,2025-03-24T21:15:00Z,2025-03-24,2025-03-24_23,0.0,100,100,0,41.61903184347775,47.94311184347775,0.01756688888888889,0.0,6.874,True,True,False,False,0.0,0.0,175.55756479807113,207.95660036166365,0.0,1008.0747932489451,1391.58895840868
2025-03-24T21:15:00Z,2025-03-24T21:30:00Z,2025-03-24,2025-03-24_23,0.0,100,100,0,47.94311184347775,55.03171184347775,0.01969055555555556,0.0,7.705000000000001,True,True,False,False,0.0,0.0,175.55756479807113,207.95660036166365,0.0,-292.2140988547318,91.30006630500299
2025-03-24T21:30:00Z,2025-03-24T21:45:00Z,2025-03-24,2025-03-24_23,0.0,100,100,0,55.03171184347775,58.33727184347775,0.009182111111111111,0.0,3.5929999999999995,True,True,False,False,0.0,0.0,175.55756479807113,207.95660036166365,0.0,-154.1669164155113,229.34724874422346
2025-03-24T21:45:00Z,2025-03-24T22:00:00Z,2025-03-24,2025-03-24_23,0.0,100,100,0,58.33727184347775,63.63923184347775,0.014727666666666667,0.0,5.763,True,True,False,False,0.0,0.0,175.55756479807113,207.95660036166365,0.0,-239.17202652200118,144.3421386377336
2025-03-24T22:00:00Z,2025-03-24T22:15:00Z,2025-03-25,2025-03-24_24,0.0,100,100,0,63.63923184347775,64.67469184347775,0.002876277777777778,0.0,1.1255,True,True,False,False,0.0,0.0,175.57167544106417,207.3704939115058,0.0,-66.63803118595024,316.30413816661974
2025-03-24T22:15:00Z,2025-03-24T22:30:00Z,2025-03-25,2025-03-24_24,0.0,100,100,0,64.67469184347775,67.00400923478209,0.006524673913043479,0.009,2.5425,True,True,False,False,0.0,0.0,175.57167544106417,207.3704939115058,1.3454969256118634,-83.34419834826988,300.94346792991195
2025-03-24T22:30:00Z,2025-03-24T22:45:00Z,2025-03-25,2025-03-24_24,0.0,100,100,0,67.00400923478209,71.50694923478208,0.012508166666666666,0.0,4.8945,True,True,False,False,0.0,0.0,175.57167544106417,207.3704939115058,0.0,-213.83416077241486,169.10800858015511
2025-03-24T22:45:00Z,2025-03-24T23:00:00Z,2025-03-25,2025-03-24_24,0.0,100,100,0,71.50694923478208,82.96048923478209,0.03181538888888889,0.0,12.4495,True,True,False,False,0.0,0.0,175.57167544106417,207.3704939115058,0.0,298.56435628742514,681.5065256399951
2025-03-24T23:00:00Z,2025-03-24T23:15:00Z,2025-03-25,2025-03-25_1,0.0,100,100,0,82.96048923478209,91.1958692347821,0.022876055555555552,0.0,8.9515,True,True,False,False,0.0,0.0,175.57167544106417,207.3704939115058,0.0,2813.927030603222,3196.8691999557923
2025-03-24T23:15:00Z,2025-03-24T23:30:00Z,2025-03-25,2025-03-25_1,0.0,100,100,0,91.1958692347821,104.01422923478209,0.03560655555555556,0.0,13.933000000000002,True,True,False,False,0.0,0.0,175.57167544106417,207.3704939115058,0.0,8396.294123497972,8779.23629285054
2025-03-24T23:30:00Z,2025-03-24T23:45:00Z,2025-03-25,2025-03-25_1,0.0,100,100,0,104.01422923478209,118.56632923478209,0.0404225,0.0,15.8175,True,True,False,False,0.0,0.0,175.57167544106417,207.3704939115058,0.0,4351.7958058714785,4734.737975224049
2025-03-24T23:45:00Z,2025-03-25T00:00:00Z,2025-03-25,2025-03-25_1,0.0,100,100,0,118.56632923478209,133.0080292347821,0.04011583333333334,0.0,15.6975,True,True,False,False,0.0,0.0,175.57167544106417,207.3704939115058,0.0,3901.7021651328214,4284.6443344853915
2025-03-25T00:00:00Z,2025-03-25T00:15:00Z,2025-03-25,2025-03-25_2,0.0,0,0,0,133.0080292347821,133.0080292347821,0.0,0.0,0.0,True,False,False,False,0.0,0.0,0.0,0.0,0.0,0.0,0.0
2025-03-25T00:15:00Z,2025-03-25T00:30:00Z,2025-03-25,2025-03-25_2,0.0,0,0,0,133.0080292347821,133.0080292347821,0.0,0.0,0.0,True,False,False,False,0.0,0.0,0.0,0.0,0.0,0.0,0.0
2025-03-25T00:30:00Z,2025-03-25T00:45:00Z,2025-03-25,2025-03-25_2,0.0,0,0,0,133.0080292347821,133.0080292347821,0.0,0.0,0.0,True,False,False,False,0.0,0.0,0.0,0.0,0.0,0.0,0.0
2025-03-25T00:45:00Z,2025-03-25T01:00:00Z,2025-03-25,2025-03-25_2,0.0,0,0,0,133.0080292347821,133.0080292347821,0.0,0.0,0.0,True,False,False,False,0.0,0.0,0.0,0.0,0.0,0.0,0.0
2025-03-25T01:00:00Z,2025-03-25T01:15:00Z,2025-03-25,2025-03-25_3,-39.544372381853,0,0,0,133.0080292347821,142.1032348826083,0.02526446013285053,0.0,0.0,True,False,False,False,-996.2216012298317,0.0,0.0,0.0,0.0,0.0,-996.2216012298317
2025-03-25T01:15:00Z,2025-03-25T01:30:00Z,2025-03-25,2025-03-25_3,-39.544372381853,0,0,0,142.1032348826083,151.19844053043448,0.02526446013285053,0.0,0.0,True,False,False,False,-996.2216012298317,0.0,0.0,0.0,0.0,0.0,-996.2216012298317
2025-03-25T01:30:00Z,2025-03-25T01:45:00Z,2025-03-25,2025-03-25_3,-39.544372381853,0,0,0,151.19844053043448,160.29364617826067,0.02526446013285053,0.0,0.0,True,False,False,False,-996.2216012298317,0.0,0.0,0.0,0.0,0.0,-996.2216012298317
2025-03-25T01:45:00Z,2025-03-25T02:00:00Z,2025-03-25,2025-03-25_3,-39.544372381853,0,0,0,160.29364617826067,169.38885182608686,0.02526446013285053,0.0,0.0,True,False,False,False,-996.2216012298317,0.0,0.0,0.0,0.0,0.0,-996.2216012298317
2025-03-25T02:00:00Z,2025-03-25T02:15:00Z,2025-03-25,2025-03-25_4,0.0,100,100,0,169.38885182608686,171.19297182608688,0.005011444444444445,0.0,1.9610000000000003,True,True,False,False,0.0,0.0,175.57167544106417,207.3704939115058,0.0,-114.73698066953342,268.20518868303657
2025-03-25T02:15:00Z,2025-03-25T02:30:00Z,2025-03-25,2025-03-25_4,0.0,100,100,0,171.19297182608688,172.30571182608688,0.0030909444444444448,0.0,1.2095,True,True,False,False,0.0,0.0,175.57167544106417,207.3704939115058,0.0,-76.17521701563317,306.7669523369368
2025-03-25T02:30:00Z,2025-03-25T02:45:00Z,2025-03-25,2025-03-25_4,0.0,100,100,0,172.30571182608688,172.33486573913035,0.00020779468599033818,0.021,0.056499999999999995,True,True,False,False,0.0,0.0,175.57167544106417,207.3704939115058,3.1394928264276816,-4.279131937467346,381.8025302415303
2025-03-25T02:45:00Z,2025-03-25T03:00:00Z,2025-03-25,2025-03-25_4,0.0,100,100,0,172.33486573913035,176.88978573913036,0.012652555555555556,0.0,4.951,True,True,False,False,0.0,0.0,175.57167544106417,207.3704939115058,0.0,-205.65462725555594,177.28754209701404
2025-03-25T03:00:00Z,2025-03-25T03:15:00Z,2025-03-25,2025-03-25_5,0.0,100,100,0,176.88978573913036,180.09874573913035,0.00891377777777778,0.0,3.488,True,True,False,False,0.0,0.0,175.57167544106417,207.3704939115058,0.0,-152.47296547843908,230.4692038741309
2025-03-25T03:15:00Z,2025-03-25T03:30:00Z,2025-03-25,2025-03-25_5,0.0,100,100,0,180.09874573913035,182.65266573913036,0.007094222222222221,0.0,2.776,True,True,False,False,0.0,0.0,175.57167544106417,207.3704939115058,0.0,-137.71617409476346,245.22599525780652
2025-03-25T03:30:00Z,2025-03-25T03:45:00Z,2025-03-25,2025-03-25_5,0.0,100,100,0,182.65266573913036,184.28842573913036,0.004543777777777778,0.0,1.778,True,True,False,False,0.0,0.0,175.57167544106417,207.3704939115058,0.0,-95.06794437969698,287.874224972873
2025-03-25T03:45:00Z,2025-03-25T04:00:00Z,2025-03-25,2025-03-25_5,0.0,100,100,0,184.28842573913036,182.5825735652173,0.004751256038647343,1.5715,0.0025,True,True,False,False,0.0,0.0,175.57167544106417,207.3704939115058,277.74997809749624,-0.1959168910501145,660.4962305590161
2025-03-25T04:00:00Z,2025-03-25T04:15:00Z,2025-03-25,2025-03-25_6,0.0,100,100,0,182.5825735652173,184.4744839999999,0.005524026570048309,0.0445,2.109,True,True,False,False,0.0,0.0,175.57167544106417,207.3704939115058,7.584394867982156,-125.02455089820357,265.50201332234855
2025-03-25T04:15:00Z,2025-03-25T04:30:00Z,2025-03-25,2025-03-25_6,0.0,100,100,0,184.4744839999999,189.2161639999999,0.013171333333333335,0.0,5.154,True,True,False,False,0.0,0.0,175.57167544106417,207.3704939115058,0.0,-211.35480448498976,171.58736486758022
2025-03-25T04:30:00Z,2025-03-25T04:45:00Z,2025-03-25,2025-03-25_6,0.0,100,100,0,189.2161639999999,188.1554379130434,0.0032914613526570046,1.033,0.0675,True,True,False,False,0.0,0.0,175.57167544106417,207.3704939115058,189.53762809950567,-5.068318731664188,567.4114787204114
2025-03-25T04:45:00Z,2025-03-25T05:00:00Z,2025-03-25,2025-03-25_6,0.0,100,100,0,188.1554379130434,187.6716639999999,0.0014460386473429951,0.462,0.02,True,True,False,False,0.0,0.0,175.57167544106417,207.3704939115058,80.13898083028573,-1.567335128400916,461.51381505445477
2025-03-25T05:00:00Z,2025-03-25T05:15:00Z,2025-03-25,2025-03-25_7,55.000000000001506,45,100,0,187.6716639999999,178.41652173912996,0.03864392850241612,0.0,5.624,True,True,False,False,1913.0375000000524,0.0,88.56950528473253,190.28051279990353,0.0,41.04821605111923,2232.9357341358077
2025-03-25T05:15:00Z,2025-03-25T05:30:00Z,2025-03-25,2025-03-25_7,55.000000000001506,45,100,0,178.41652173912996,165.3194997826078,0.040601116545894704,0.007425,1.8349999999999997,True,True,False,False,1913.0375000000524,0.0,88.56950528473253,190.28051279990353,1.3246999105815216,-103.01678053289392,2090.195437462376
2025-03-25T05:30:00Z,2025-03-25T05:45:00Z,2025-03-25,2025-03-25_7,55.000000000001506,45,100,0,165.3194997826078,160.69599143478135,0.03630652874396163,0.0,10.2015,True,True,False,False,1913.0375000000524,0.0,88.56950528473253,190.28051279990353,0.0,-320.0478225093437,1871.8396955753449
2025-03-25T05:45:00Z,2025-03-25T06:00:00Z,2025-03-25,2025-03-25_7,55.000000000001506,45,100,0,160.69599143478135,151.0796272608679,0.03882622270531471,0.0,5.267,True,True,False,False,1913.0375000000524,0.0,88.56950528473253,190.28051279990353,0.0,-248.03668910501142,1943.850828979677
2025-03-25T06:00:00Z,2025-03-25T06:15:00Z,2025-03-25,2025-03-25_8,99.34575707999923,0,0,0,151.0796272608679,124.08349761956377,0.0749892490036226,0.0,0.0,True,False,False,False,3558.813382998272,0.0,0.0,0.0,0.0,0.0,3558.813382998272
2025-03-25T06:15:00Z,2025-03-25T06:30:00Z,2025-03-25,2025-03-25_8,99.34575707999923,0,0,0,124.08349761956377,97.08736797825964,0.0749892490036226,0.0,0.0,True,False,False,False,3558.813382998272,0.0,0.0,0.0,0.0,0.0,3558.813382998272
2025-03-25T06:30:00Z,2025-03-25T06:45:00Z,2025-03-25,2025-03-25_8,99.34575707999923,0,0,0,97.08736797825964,70.0912383369555,0.0749892490036226,0.0,0.0,True,False,False,False,3558.813382998272,0.0,0.0,0.0,0.0,0.0,3558.813382998272
2025-03-25T06:45:00Z,2025-03-25T07:00:00Z,2025-03-25,2025-03-25_8,99.34575707999923,0,0,0,70.0912383369555,43.09510869565136,0.0749892490036226,0.0,0.0,True,False,False,False,3558.813382998272,0.0,0.0,0.0,0.0,0.0,3558.813382998272
2025-03-25T07:00:00Z,2025-03-25T07:15:00Z,2025-03-25,2025-03-25_9,100.0,0,100,0,43.09510869565136,30.467934782607884,0.035075483091787436,0.0,13.383000000000001,True,True,False,False,3451.75,0.0,0.0,191.18474460475022,0.0,7745.682185427802,11388.616930032553
2025-03-25T07:15:00Z,2025-03-25T07:30:00Z,2025-03-25,2025-03-25_9,100.0,0,100,0,30.467934782607884,18.623913043477447,0.03290006038647343,0.0,14.103499999999999,True,True,False,False,3451.75,0.0,0.0,191.18474460475022,0.0,7184.719541454003,10827.654286058752
2025-03-25T07:30:00Z,2025-03-25T07:45:00Z,2025-03-25,2025-03-25_9,100.0,0,100,0,18.623913043477447,14.326086956520925,0.011938405797101453,0.0,21.046,True,True,False,False,3451.75,0.0,0.0,191.18474460475022,0.0,23220.78857493067,26863.72331953542
2025-03-25T07:45:00Z,2025-03-25T08:00:00Z,2025-03-25,2025-03-25_9,100.0,0,100,0,14.326086956520925,9.999999999999186,0.012016908212560387,0.0,21.02,True,True,False,False,3451.75,0.0,0.0,191.18474460475022,0.0,26255.574894506284,29898.509639111035
2025-03-25T08:00:00Z,2025-03-25T08:15:00Z,2025-03-25,2025-03-25_10,0.0,100,100,0,9.999999999999186,16.794372173912233,0.01896685507246377,0.0155,7.4035,True,True,False,False,0.0,0.0,175.57167544106417,202.60820640597998,2.623479182574448,5676.657353213037,6057.460714242656
2025-03-25T08:15:00Z,2025-03-25T08:30:00Z,2025-03-25,2025-03-25_10,0.0,100,100,0,16.794372173912233,16.415247826086148,0.004523567632850242,0.9235,0.679,True,True,False,False,0.0,0.0,175.57167544106417,202.60820640597998,174.82070630550976,-37.9494226982277,515.0511654543262
2025-03-25T08:30:00Z,2025-03-25T08:45:00Z,2025-03-25,2025-03-25_10,0.0,100,100,0,16.415247826086148,27.409247826086148,0.03053888888888889,0.0,11.95,True,True,False,False,0.0,0.0,175.57167544106417,202.60820640597998,0.0,6094.684895310051,6472.864777157095
2025-03-25T08:45:00Z,2025-03-25T09:00:00Z,2025-03-25,2025-03-25_10,0.0,100,100,0,27.409247826086148,35.66164782608615,0.022923333333333337,0.0,8.97,True,True,False,False,0.0,0.0,175.57167544106417,202.60820640597998,0.0,-65.3851464855524,312.79473536149175
2025-03-25T09:00:00Z,2025-03-25T09:15:00Z,2025-03-25,2025-03-25_11,0.0,100,100,0,35.66164782608615,34.7902704347818,0.0029418260869565217,0.8880000000000001,0.10199999999999998,True,True,False,False,0.0,0.0,175.57167544106417,207.0690833098903,147.0490600008038,-6.188374392155286,523.5014443596029
2025-03-25T09:15:00Z,2025-03-25T09:30:00Z,2025-03-25,2025-03-25_11,0.0,100,100,0,34.7902704347818,34.98180434782528,0.0006588502415458939,0.021,0.233,True,True,False,False,0.0,0.0,175.57167544106417,207.0690833098903,3.1394928264276816,-16.0761385283125,369.70411304906963
2025-03-25T09:30:00Z,2025-03-25T09:45:00Z,2025-03-25,2025-03-25_11,0.0,100,100,0,34.98180434782528,40.604844347825285,0.015619555555555557,0.0,6.112,True,True,False,False,0.0,0.0,175.57167544106417,207.0690833098903,0.0,-116.19751316159625,266.4432455893582
2025-03-25T09:45:00Z,2025-03-25T10:00:00Z,2025-03-25,2025-03-25_11,0.0,100,100,0,40.604844347825285,61.068404347825286,0.056843222222222226,0.0,22.243,True,True,False,False,0.0,0.0,175.57167544106417,207.0690833098903,0.0,24273.948679821562,24656.589438572515
2025-03-25T10:00:00Z,2025-03-25T10:15:00Z,2025-03-25,2025-03-25_12,0.0,100,100,0,61.068404347825286,66.27466260869485,0.014845282608695654,0.0635,5.734,True,True,False,False,0.0,0.0,175.57167544106417,207.3704939115058,9.493228308483703,1963.5188092271833,2355.954206888237
2025-03-25T10:15:00Z,2025-03-25T10:30:00Z,2025-03-25,2025-03-25_12,0.0,100,100,0,66.27466260869485,66.94217391304268,0.0020353574879227055,0.03,0.761,True,True,False,False,0.0,0.0,175.57167544106417,207.3704939115058,4.484989752039545,-39.47991419844873,347.9472449061608
2025-03-25T10:30:00Z,2025-03-25T10:45:00Z,2025-03-25,2025-03-25_12,0.0,100,100,0,66.94217391304268,66.83148521739051,0.000568135265700483,0.145,0.05099999999999999,True,True,False,False,0.0,0.0,175.57167544106417,207.3704939115058,21.677450468191132,-3.587073102117911,401.0325467186432
2025-03-25T10:45:00Z,2025-03-25T11:00:00Z,2025-03-25,2025-03-25_12,0.0,100,100,0,66.83148521739051,67.06923913043398,0.000995572463768116,0.05550000000000001,0.324,True,True,False,False,0.0,0.0,175.57167544106417,207.3704939115058,8.29723104127316,-18.7944218944661,372.44497849937704
2025-03-25T11:00:00Z,2025-03-25T11:15:00Z,2025-03-25,2025-03-25_13,-79.77605754469461,100,20,0,67.06923913043398,85.4073209887651,0.050999568275046404,0.0495,0.04,True,True,False,False,-1885.5071200688571,0.0,175.57167544106417,41.41381666197805,8.295422577663464,-2.5523932001768275,-1662.7785985883284
2025-03-25T11:15:00Z,2025-03-25T11:30:00Z,2025-03-25,2025-03-25_13,-79.77605754469461,100,20,0,85.4073209887651,103.44263229395412,0.050514534083089056,0.341,0.0131,True,True,False,False,-1885.5071200688571,0.0,175.57167544106417,41.41381666197805,56.62178716392718,-0.8767781617972108,-1612.776618963685
2025-03-25T11:30:00Z,2025-03-25T11:45:00Z,2025-03-25,2025-03-25_13,-79.77605754469461,100,20,0,103.44263229395412,120.81045061331216,0.049513431815987864,1.0395,0.0117,True,True,False,False,-1885.5071200688571,0.0,175.57167544106417,41.41381666197805,182.36701754209702,-0.7500403890206163,-1486.9046508127385
2025-03-25T11:45:00Z,2025-03-25T12:00:00Z,2025-03-25,2025-03-25_13,-79.77605754469461,100,20,0,120.81045061331216,139.08547754782285,0.05092883280307721,0.135,0.0601,True,True,False,False,-1885.5071200688571,0.0,175.57167544106417,41.41381666197805,22.623879757263996,-2.959604368444319,-1648.8573525769953
2025-03-25T12:00:00Z,2025-03-25T12:15:00Z,2025-03-25,2025-03-25_14,0.0,100,100,0,139.08547754782285,143.30919754782286,0.011732555555555555,0.0,4.591,True,True,False,False,0.0,0.0,175.57167544106417,207.0690833098903,0.0,-94.14197624884459,288.49878250210986
2025-03-25T12:15:00Z,2025-03-25T12:30:00Z,2025-03-25,2025-03-25_14,0.0,100,100,0,143.30919754782286,154.14679754782287,0.030104444444444444,0.0,11.78,True,True,False,False,0.0,0.0,175.57167544106417,207.0690833098903,0.0,819.6409717477795,1202.281730498734
2025-03-25T12:30:00Z,2025-03-25T12:45:00Z,2025-03-25,2025-03-25_14,0.0,100,100,0,154.14679754782287,153.97838711304027,0.00815236231884058,1.4275,1.5035,True,True,False,False,0.0,0.0,175.57167544106417,207.0690833098903,263.34744654985326,-63.99497327492666,581.9932320258811
2025-03-25T12:45:00Z,2025-03-25T13:00:00Z,2025-03-25,2025-03-25_14,0.0,100,100,0,153.97838711304027,151.65940798260547,0.006456942028985507,2.136,0.003,True,True,False,False,0.0,0.0,175.57167544106417,207.0690833098903,388.50640678374793,-0.2351002692601374,770.9120652654423
2025-03-25T13:00:00Z,2025-03-25T13:15:00Z,2025-03-25,2025-03-25_15,0.0,100,100,0,151.65940798260547,171.24068798260546,0.054392444444444445,0.0,21.284,True,True,False,False,0.0,0.0,175.57167544106417,207.0690833098903,0.0,18592.76252702648,18975.403285777433
2025-03-25T13:15:00Z,2025-03-25T13:30:00Z,2025-03-25,2025-03-25_15,0.0,100,100,0,171.24068798260546,183.04428798260545,0.032787777777777784,0.0,12.83,True,True,False,False,0.0,0.0,175.57167544106417,207.0690833098903,0.0,2277.127778001045,2659.7685367519994
2025-03-25T13:30:00Z,2025-03-25T13:45:00Z,2025-03-25,2025-03-25_15,0.0,100,100,0,183.04428798260545,183.66635841738807,0.008593915458937198,1.137,2.0195,True,True,False,False,0.0,0.0,175.57167544106417,207.0690833098903,225.79386127074707,-91.67733010489087,516.7572899168107
2025-03-25T13:45:00Z,2025-03-25T14:00:00Z,2025-03-25,2025-03-25_15,0.0,100,100,0,183.66635841738807,177.75114102608373,0.016431159420289852,5.442,0.0,True,True,False,False,0.0,0.0,175.57167544106417,207.0690833098903,1083.5404075071333,0.0,1466.1811662580878
2025-03-25T14:00:00Z,2025-03-25T14:15:00Z,2025-03-25,2025-03-25_16,17.99999999999987,82,100,0,177.75114102608373,184.9421251999968,0.0333254995169082,0.0,12.717499999999998,True,True,False,False,604.0799999999956,0.0,143.96877386167262,207.0690833098903,0.0,1633.7385117349188,2588.856368906477
2025-03-25T14:15:00Z,2025-03-25T14:30:00Z,2025-03-25,2025-03-25_16,17.99999999999987,82,100,0,184.9421251999968,186.1285434782577,0.024803698115941977,0.26855,6.7045,True,True,False,False,604.0799999999956,0.0,143.96877386167262,207.0690833098903,49.73689972069284,-254.1677216372624,750.6870352549889
2025-03-25T14:30:00Z,2025-03-25T14:45:00Z,2025-03-25,2025-03-25_16,17.99999999999987,82,100,0,186.1285434782577,179.86463043477949,0.01739975845410618,1.2628000000000001,0.0,True,True,False,False,604.0799999999956,0.0,143.96877386167262,207.0690833098903,242.51540368926575,0.0,1197.6332608608243
2025-03-25T14:45:00Z,2025-03-25T15:00:00Z,2025-03-25,2025-03-25_16,17.99999999999987,82,100,0,179.86463043477949,171.35386078260564,0.023808671256038548,3.3648700000000002,0.04,True,True,False,False,604.0799999999956,0.0,143.96877386167262,207.0690833098903,701.3650483663545,-2.9739179359401997,1653.5089876019729
2025-03-25T15:00:00Z,2025-03-25T15:15:00Z,2025-03-25,2025-03-25_17,25.673798400768078,74,100,0,171.35386078260564,181.04012948065,0.03883547112951389,0.0,17.3055,True,True,False,False,947.5557144763478,0.0,129.92303982638748,202.27665474420286,0.0,14212.010604127314,15491.766013174252
2025-03-25T15:15:00Z,2025-03-25T15:30:00Z,2025-03-25,2025-03-25_17,25.673798400768078,74,100,0,181.04012948065,186.61689428180478,0.034037076945791556,0.0,13.0375,True,True,False,False,947.5557144763478,0.0,129.92303982638748,202.27665474420286,0.0,6301.901946107784,7581.657355154723
2025-03-25T15:30:00Z,2025-03-25T15:45:00Z,2025-03-25,2025-03-25_17,25.673798400768078,74,100,0,186.61689428180478,184.4040886692209,0.024941714024912076,0.0,4.9475,True,True,False,False,947.5557144763478,0.0,129.92303982638748,202.27665474420286,0.0,-249.3225450106498,1030.4328640362883
2025-03-25T15:45:00Z,2025-03-25T16:00:00Z,2025-03-25,2025-03-25_17,25.673798400768078,74,100,0,184.4040886692209,177.77552644154804,0.020015806438473813,0.053649999999999996,0.422,True,True,False,False,947.5557144763478,0.0,129.92303982638748,202.27665474420286,9.113126170477834,-30.827809749628255,1258.0407254677878
2025-03-25T16:00:00Z,2025-03-25T16:15:00Z,2025-03-25,2025-03-25_18,83.88407231635003,16,100,0,177.77552644154804,163.80479718557092,0.045664084793025694,0.0,8.324,True,True,False,False,3670.7670045634773,0.0,31.53960535305228,190.28051279990353,0.0,4183.831139332074,8076.418262048507
2025-03-25T16:15:00Z,2025-03-25T16:30:00Z,2025-03-25,2025-03-25_18,83.88407231635003,16,100,0,163.80479718557092,141.10450722466422,0.06314449722036188,0.0176,0.107,True,True,False,False,3670.7670045634773,0.0,31.53960535305228,190.28051279990353,3.1984567777197284,-7.722142225615881,3888.0634372685367
2025-03-25T16:30:00Z,2025-03-25T16:45:00Z,2025-03-25,2025-03-25_18,83.88407231635003,16,100,0,141.10450722466422,120.73580937808111,0.05846723159740405,0.00296,2.2915,True,True,False,False,3670.7670045634773,0.0,31.53960535305228,190.28051279990353,0.5160152071695535,-128.30116143551822,3764.8019764880846
2025-03-25T16:45:00Z,2025-03-25T17:00:00Z,2025-03-25,2025-03-25_18,83.88407231635003,16,100,0,120.73580937808111,98.18749999999697,0.06284670808328878,0.02504,0.258,True,True,False,False,3670.7670045634773,0.0,31.53960535305228,190.28051279990353,4.221468472451071,-16.185629948157377,3880.622961240727
2025-03-25T17:00:00Z,2025-03-25T17:15:00Z,2025-03-25,2025-03-25_19,100.0,0,100,0,98.18749999999697,91.04510869564915,0.019839975845410633,0.0,18.429,True,True,False,False,4721.75,0.0,0.0,190.28051279990353,0.0,13876.078629787404,18788.109142587306
2025-03-25T17:15:00Z,2025-03-25T17:30:00Z,2025-03-25,2025-03-25_19,100.0,0,100,0,91.04510869564915,64.19347826086654,0.07458786231884058,0.0,0.2965,True,True,False,False,4721.75,0.0,0.0,190.28051279990353,0.0,-21.706056846039463,4890.324455953864
2025-03-25T17:30:00Z,2025-03-25T17:45:00Z,2025-03-25,2025-03-25_19,100.0,0,100,0,64.19347826086654,37.13423913043175,0.07516455314009662,0.0,0.1055,True,True,False,False,4721.75,0.0,0.0,190.28051279990353,0.0,-7.883096692520998,4904.147416107383
2025-03-25T17:45:00Z,2025-03-25T18:00:00Z,2025-03-25,2025-03-25_19,100.0,0,100,0,37.13423913043175,9.999999999996973,0.07537288647342993,0.0,0.0365,True,True,False,False,4721.75,0.0,0.0,190.28051279990353,0.0,-2.740925129606558,4909.289587670297
2025-03-25T18:00:00Z,2025-03-25T18:15:00Z,2025-03-25,2025-03-25_20,4.00000000000012,96,100,0,9.999999999996973,11.143029078257813,0.009008172560386548,0.06528,2.483,True,True,False,False,174.33000000000524,0.0,189.23763211831368,190.28051279990353,12.282218317726961,-172.66843668367963,393.4619265522698
2025-03-25T18:15:00Z,2025-03-25T18:30:00Z,2025-03-25,2025-03-25_20,4.00000000000012,96,100,0,11.143029078257813,10.61010935651865,0.0044194258937198935,0.0009600000000000001,0.599,True,True,False,False,174.33000000000524,0.0,189.23763211831368,190.28051279990353,0.1620383394285255,-43.107754892898754,510.9024283647522
2025-03-25T18:30:00Z,2025-03-25T18:45:00Z,2025-03-25,2025-03-25_20,4.00000000000012,96,100,0,10.61010935651865,10.403633773909924,0.005448316618357572,0.03696,0.9935000000000002,True,True,False,False,174.33000000000524,0.0,189.23763211831368,190.28051279990353,6.932922428967567,-70.50164751034845,490.27941983684156
2025-03-25T18:45:00Z,2025-03-25T19:00:00Z,2025-03-25,2025-03-25_20,4.00000000000012,96,100,0,10.403633773909924,10.647387234779456,0.00636888038647351,0.0,1.436,True,True,False,False,174.33000000000524,0.0,189.23763211831368,190.28051279990353,0.0,-96.45172768556843,457.396417232654
2025-03-25T19:00:00Z,2025-03-25T19:15:00Z,2025-03-25,2025-03-25_21,3.9769019987680343,96,100,0,10.647387234779456,9.999999999996962,0.004242405795520509,0.02592,0.498,True,True,False,False,147.74190925423247,0.0,168.5488084234216,191.18474460475022,4.743095414540047,-33.425420568259455,478.79313712868486
2025-03-25T19:15:00Z,2025-03-25T19:30:00Z,2025-03-25,2025-03-25_21,3.9769019987680343,96,100,0,9.999999999996962,10.831441124303005,0.007817784082899817,0.0,2.0635,True,True,False,False,147.74190925423247,0.0,168.5488084234216,191.18474460475022,0.0,-114.4818322750472,392.99363000735707
2025-03-25T19:30:00Z,2025-03-25T19:45:00Z,2025-03-25,2025-03-25_21,3.9769019987680343,96,100,0,10.831441124303005,11.850234690893148,0.008303469314501336,0.0024000000000000002,2.2685,True,True,False,False,147.74190925423247,0.0,168.5488084234216,191.18474460475022,0.40509584857131375,-137.2249682514166,370.655589879559
2025-03-25T19:45:00Z,2025-03-25T20:00:00Z,2025-03-25,2025-03-25_21,3.9769019987680343,96,100,0,11.850234690893148,23.25324480127715,0.03444348981397718,0.0,13.472000000000001,True,True,False,False,147.74190925423247,0.0,168.5488084234216,191.18474460475022,0.0,8898.47987461319,9405.955336895593
2025-03-25T20:00:00Z,2025-03-25T20:15:00Z,2025-03-25,2025-03-25_22,33.95285264714554,66,100,0,23.25324480127715,16.231756899962424,0.0272784693883928,0.04092,2.303,True,True,False,False,1187.755667728769,0.0,115.87730579110236,207.3704939115058,6.960593465418156,145.00579471928626,1662.9698556160815
2025-03-25T20:15:00Z,2025-03-25T20:30:00Z,2025-03-25,2025-03-25_22,33.95285264714554,66,100,0,16.231756899962424,15.180304266003908,0.03117567139854702,0.0,8.37,True,True,False,False,1187.755667728769,0.0,115.87730579110236,207.3704939115058,0.0,1138.2887171964794,2649.2921846278564
2025-03-25T20:30:00Z,2025-03-25T20:45:00Z,2025-03-25,2025-03-25_22,33.95285264714554,66,100,0,15.180304266003908,11.23444118392883,0.02921168578299472,0.0,5.4065,True,True,False,False,1187.755667728769,0.0,115.87730579110236,207.3704939115058,0.0,-241.2620477836274,1269.7414196477496
2025-03-25T20:45:00Z,2025-03-25T21:00:00Z,2025-03-25,2025-03-25_22,33.95285264714554,66,100,0,11.23444118392883,15.977669565214306,0.03510761897980964,0.0,14.303000000000003,True,True,False,False,1187.755667728769,0.0,115.87730579110236,207.3704939115058,0.0,834.742117710887,2345.745585142264
2025-03-25T21:00:00Z,2025-03-25T21:15:00Z,2025-03-25,2025-03-25_23,0.0,100,100,0,15.977669565214306,9.999999999996913,0.02151130434782609,6.312000000000001,0.96,True,True,False,False,0.0,0.0,175.57167544106417,207.3704939115058,1378.8585942209543,-38.995876702969895,1722.8048868705544
2025-03-25T21:15:00Z,2025-03-25T21:30:00Z,2025-03-25,2025-03-25_23,0.0,100,100,0,9.999999999996913,11.547322608692564,0.0044521038647343,0.025499999999999995,1.712,True,True,False,False,0.0,0.0,175.57167544106417,207.3704939115058,4.344832918056503,-121.4121255475626,265.8748767230639
2025-03-25T21:30:00Z,2025-03-25T21:45:00Z,2025-03-25,2025-03-25_23,0.0,100,100,0,11.547322608692564,14.627942608692564,0.008557277777777778,0.0,3.3485,True,True,False,False,0.0,0.0,175.57167544106417,207.3704939115058,0.0,-179.2260974360005,203.7160719165695
2025-03-25T21:45:00Z,2025-03-25T22:00:00Z,2025-03-25,2025-03-25_23,0.0,100,100,0,14.627942608692564,26.355642608692563,0.03257694444444444,0.0,12.7475,True,True,False,False,0.0,0.0,175.57167544106417,207.3704939115058,0.0,-150.03914570188482,232.90302365068516
2025-03-25T22:00:00Z,2025-03-25T22:15:00Z,2025-03-26,2025-03-25_24,0.0,100,100,0,26.355642608692563,28.450022608692564,0.005817722222222222,0.0,2.2765,True,True,False,False,0.0,0.0,175.61402098323754,208.02347549945736,0.0,-85.84528952446034,297.79220695823454
2025-03-25T22:15:00Z,2025-03-25T22:30:00Z,2025-03-26,2025-03-25_24,0.0,100,100,0,28.450022608692564,32.68248260869257,0.011756833333333334,0.0,4.6005,True,True,False,False,0.0,0.0,175.61402098323754,208.02347549945736,0.0,-184.58773465450017,199.04976182819473
2025-03-25T22:30:00Z,2025-03-25T22:45:00Z,2025-03-26,2025-03-25_24,0.0,100,100,0,32.68248260869257,33.760262608692564,0.002993833333333333,0.0,1.1715,True,True,False,False,0.0,0.0,175.61402098323754,208.02347549945736,0.0,-57.880633014431005,325.7568634682639
2025-03-25T22:45:00Z,2025-03-25T23:00:00Z,2025-03-26,2025-03-25_24,0.0,100,100,0,33.760262608692564,34.05629826086648,0.0009129009661835751,0.015,0.3395,True,True,False,False,0.0,0.0,175.61402098323754,208.02347549945736,2.2430357358202357,-17.37895546086747,368.5015767576477
2025-03-25T23:00:00Z,2025-03-25T23:15:00Z,2025-03-26,2025-03-26_1,0.0,100,100,0,34.05629826086648,37.60611826086648,0.009860611111111112,0.0,3.8585000000000003,True,True,False,False,0.0,0.0,175.61402098323754,208.02347549945736,0.0,-157.87092223740805,225.76657424528685
2025-03-25T23:15:00Z,2025-03-25T23:30:00Z,2025-03-26,2025-03-26_1,0.0,100,100,0,37.60611826086648,39.46405826086648,0.0051609444444444446,0.0,2.0195,True,True,False,False,0.0,0.0,175.61402098323754,208.02347549945736,0.0,-93.34941281103028,290.2880836716646
2025-03-25T23:30:00Z,2025-03-25T23:45:00Z,2025-03-26,2025-03-26_1,0.0,100,100,0,39.46405826086648,40.35047826086648,0.0024622777777777776,0.0,0.9634999999999999,True,True,False,False,0.0,0.0,175.61402098323754,208.02347549945736,0.0,-47.32079762431161,336.3166988583833
2025-03-25T23:45:00Z,2025-03-26T00:00:00Z,2025-03-26,2025-03-26_1,0.0,100,100,0,40.35047826086648,40.99309826086648,0.0017850555555555558,0.0,0.6985,True,True,False,False,0.0,0.0,175.61402098323754,208.02347549945736,0.0,-36.37888632069783,347.25861016199707
2025-03-26T00:00:00Z,2025-03-26T00:15:00Z,2025-03-26,2025-03-26_2,0.0,100,100,0,40.99309826086648,41.213566086953435,0.0006577004830917874,0.0075,0.24849999999999997,True,True,False,False,0.0,0.0,175.61402098323754,208.32495879728265,1.1215178679101179,-14.1262016119307,370.93429603649963
2025-03-26T00:15:00Z,2025-03-26T00:30:00Z,2025-03-26,2025-03-26_2,0.0,100,100,0,41.213566086953435,43.868226086953435,0.0073740555555555564,0.0,2.8855,True,True,False,False,0.0,0.0,175.61402098323754,208.32495879728265,0.0,-115.5481696948989,268.3908100856213
2025-03-26T00:30:00Z,2025-03-26T00:45:00Z,2025-03-26,2025-03-26_2,0.0,100,100,0,43.868226086953435,49.604886086953435,0.015935166666666667,0.0,6.2355,True,True,False,False,0.0,0.0,175.61402098323754,208.32495879728265,0.0,108.18067381517065,492.1196535956908
2025-03-26T00:45:00Z,2025-03-26T01:00:00Z,2025-03-26,2025-03-26_2,0.0,100,100,0,49.604886086953435,64.89206608695343,0.042464388888888885,0.0,16.6165,True,True,False,False,0.0,0.0,175.61402098323754,208.32495879728265,0.0,6895.393296518873,7279.332276299394
2025-03-26T01:00:00Z,2025-03-26T01:15:00Z,2025-03-26,2025-03-26_3,0.0,100,100,0,64.89206608695343,71.87440608695343,0.01939538888888889,0.0,7.5895,True,True,False,False,0.0,0.0,175.61402098323754,208.02347549945736,0.0,667.8451868191503,1051.482683301845
2025-03-26T01:15:00Z,2025-03-26T01:30:00Z,2025-03-26,2025-03-26_3,0.0,100,100,0,71.87440608695343,90.60330608695344,0.05202472222222223,0.0,20.3575,True,True,False,False,0.0,0.0,175.61402098323754,208.02347549945736,0.0,25789.356774832177,26172.99427131487
2025-03-26T01:30:00Z,2025-03-26T01:45:00Z,2025-03-26,2025-03-26_3,0.0,100,100,0,90.60330608695344,105.77134608695344,0.042133444444444446,0.0,16.487,True,True,False,False,0.0,0.0,175.61402098323754,208.02347549945736,0.0,11914.705628090203,12298.343124572899
2025-03-26T01:45:00Z,2025-03-26T02:00:00Z,2025-03-26,2025-03-26_3,0.0,100,100,0,105.77134608695344,106.89190608695344,0.003112666666666667,0.0,1.218,True,True,False,False,0.0,0.0,175.61402098323754,208.02347549945736,0.0,-55.38333199340757,328.25416448928735
2025-03-26T02:00:00Z,2025-03-26T02:15:00Z,2025-03-26,2025-03-26_4,0.0,100,100,0,106.89190608695344,115.31772608695344,0.023405055555555554,0.0,9.1585,True,True,False,False,0.0,0.0,175.61402098323754,208.02347549945736,0.0,799.2362335691604,1182.8737300518553
2025-03-26T02:15:00Z,2025-03-26T02:30:00Z,2025-03-26,2025-03-26_4,0.0,100,100,0,115.31772608695344,129.40384608695345,0.039128111111111114,0.0,15.311,True,True,False,False,0.0,0.0,175.61402098323754,208.02347549945736,0.0,1611.5447584113842,1995.182254894079
2025-03-26T02:30:00Z,2025-03-26T02:45:00Z,2025-03-26,2025-03-26_4,0.0,100,100,0,129.40384608695345,135.08300608695345,0.015775444444444446,0.0,6.173,True,True,False,False,0.0,0.0,175.61402098323754,208.02347549945736,0.0,292.23051975720546,675.8680162399004
2025-03-26T02:45:00Z,2025-03-26T03:00:00Z,2025-03-26,2025-03-26_4,0.0,100,100,0,135.08300608695345,136.36837391304041,0.003615756038647343,0.0075,1.406,True,True,False,False,0.0,0.0,175.61402098323754,208.02347549945736,1.1215178679101179,-66.90552478192708,317.85348956867796
2025-03-26T03:00:00Z,2025-03-26T03:15:00Z,2025-03-26,2025-03-26_5,0.0,100,100,0,136.36837391304041,139.5971139130404,0.008968722222222223,0.0,3.5095,True,True,False,False,0.0,0.0,175.61402098323754,208.02347549945736,0.0,-151.370376552639,232.2671199300559
2025-03-26T03:15:00Z,2025-03-26T03:30:00Z,2025-03-26,2025-03-26_5,0.0,100,100,0,139.5971139130404,143.2614739130404,0.01017877777777778,0.0,3.9830000000000005,True,True,False,False,0.0,0.0,175.61402098323754,208.02347549945736,0.0,-157.22499035253452,226.41250613016038
2025-03-26T03:30:00Z,2025-03-26T03:45:00Z,2025-03-26,2025-03-26_5,0.0,100,100,0,143.2614739130404,142.34936434782298,0.0028045265700483097,0.8840000000000001,0.053,True,True,False,False,0.0,0.0,175.61402098323754,208.02347549945736,140.1905953290188,-3.430001406922057,520.3980904047917
2025-03-26T03:45:00Z,2025-03-26T04:00:00Z,2025-03-26,2025-03-26_5,0.0,100,100,0,142.34936434782298,147.61716695651864,0.014786770531400968,0.025499999999999995,5.756,True,True,False,False,0.0,0.0,175.61402098323754,208.02347549945736,3.8131607508944,2256.371898540821,2643.8225557744104
2025-03-26T04:00:00Z,2025-03-26T04:15:00Z,2025-03-26,2025-03-26_6,4.748868027929887,95,100,0,147.61716695651864,164.3187842090376,0.048002289715372744,0.0,19.3895,True,True,False,False,133.73999583657545,0.0,166.83331993407566,207.11902560598145,0.0,16139.761499778915,16647.453841155548
2025-03-26T04:15:00Z,2025-03-26T04:30:00Z,2025-03-26,2025-03-26_6,4.748868027929887,95,100,0,164.3187842090376,176.42019570030695,0.036645589729320846,0.0,14.432,True,True,False,False,133.73999583657545,0.0,166.83331993407566,207.11902560598145,0.0,9155.829735096677,9663.52207647331
2025-03-26T04:30:00Z,2025-03-26T04:45:00Z,2025-03-26,2025-03-26_6,4.748868027929887,95,100,0,176.42019570030695,184.1826133157108,0.025933753292653433,0.0,9.756,True,True,False,False,133.73999583657545,0.0,166.83331993407566,207.11902560598145,0.0,47.49564497326848,555.187986349901
2025-03-26T04:45:00Z,2025-03-26T05:00:00Z,2025-03-26,2025-03-26_6,4.748868027929887,95,100,0,184.1826133157108,189.05221369244686,0.01879214719955876,0.0,6.6385,True,True,False,False,133.73999583657545,0.0,166.83331993407566,207.11902560598145,0.0,-240.96684919805443,266.7254921785781
2025-03-26T05:00:00Z,2025-03-26T05:15:00Z,2025-03-26,2025-03-26_7,59.69303659705206,0,0,0,189.05221369244686,172.83127983455228,0.04505814960526272,0.0,0.0,True,False,False,False,2030.4586398487259,0.0,0.0,0.0,0.0,0.0,2030.4586398487259
2025-03-26T05:15:00Z,2025-03-26T05:30:00Z,2025-03-26,2025-03-26_7,59.69303659705206,0,0,0,172.83127983455228,156.6103459766577,0.04505814960526272,0.0,0.0,True,False,False,False,2030.4586398487259,0.0,0.0,0.0,0.0,0.0,2030.4586398487259
2025-03-26T05:30:00Z,2025-03-26T05:45:00Z,2025-03-26,2025-03-26_7,59.69303659705206,0,0,0,156.6103459766577,140.38941211876312,0.04505814960526272,0.0,0.0,True,False,False,False,2030.4586398487259,0.0,0.0,0.0,0.0,0.0,2030.4586398487259
2025-03-26T05:45:00Z,2025-03-26T06:00:00Z,2025-03-26,2025-03-26_7,59.69303659705206,0,0,0,140.38941211876312,124.16847826086854,0.04505814960526272,0.0,0.0,True,False,False,False,2030.4586398487259,0.0,0.0,0.0,0.0,0.0,2030.4586398487259
2025-03-26T06:00:00Z,2025-03-26T06:15:00Z,2025-03-26,2025-03-26_8,100.0,0,100,0,124.16847826086854,117.63478260869462,0.01814915458937198,0.0,18.989,True,True,False,False,3750.0,0.0,0.0,190.68818587450255,0.0,12896.028568356314,16836.716754230816
2025-03-26T06:15:00Z,2025-03-26T06:30:00Z,2025-03-26,2025-03-26_8,100.0,0,100,0,117.63478260869462,101.14021739130332,0.045818236714975834,0.0,9.825,True,True,False,False,3750.0,0.0,0.0,190.68818587450255,0.0,3498.22250974796,7438.910695622462
2025-03-26T06:30:00Z,2025-03-26T06:45:00Z,2025-03-26,2025-03-26_8,100.0,0,100,0,101.14021739130332,97.00380434782507,0.01149003623188405,0.0,21.1945,True,True,False,False,3750.0,0.0,0.0,190.68818587450255,0.0,19511.796252964592,23452.484438839096
2025-03-26T06:45:00Z,2025-03-26T07:00:00Z,2025-03-26,2025-03-26_8,100.0,0,100,0,97.00380434782507,90.34347826086854,0.018500905797101456,0.0,18.8725,True,True,False,False,3750.0,0.0,0.0,190.68818587450255,0.0,15594.95358011416,19535.64176598866
2025-03-26T07:00:00Z,2025-03-26T07:15:00Z,2025-03-26,2025-03-26_9,100.0,0,100,0,90.34347826086854,67.50163043478159,0.06344957729468599,0.0,3.9855,True,True,False,False,3444.75,0.0,0.0,190.68818587450255,0.0,1003.2623515697233,4638.700537444226
2025-03-26T07:15:00Z,2025-03-26T07:30:00Z,2025-03-26,2025-03-26_9,100.0,0,100,0,67.50163043478159,48.85380434782507,0.05179951690821256,0.0,7.844000000000001,True,True,False,False,3444.75,0.0,0.0,190.68818587450255,0.0,-298.1426297383126,3337.29555613619
2025-03-26T07:30:00Z,2025-03-26T07:45:00Z,2025-03-26,2025-03-26_9,100.0,0,100,0,48.85380434782507,25.687499999998984,0.06435084541062801,0.0,3.687,True,True,False,False,3444.75,0.0,0.0,190.68818587450255,0.0,-173.4951589821924,3461.94302689231
2025-03-26T07:45:00Z,2025-03-26T08:00:00Z,2025-03-26,2025-03-26_9,100.0,0,100,0,25.687499999998984,9.999999999998987,0.04357638888888888,0.0,10.5675,True,True,False,False,3444.75,0.0,0.0,190.68818587450255,0.0,-391.85175262290477,3243.5864332515976
2025-03-26T08:00:00Z,2025-03-26T08:15:00Z,2025-03-26,2025-03-26_10,0.0,100,100,0,9.999999999998987,12.820719999998987,0.007835333333333333,0.0,3.066,True,True,False,False,0.0,0.0,175.61402098323754,203.68211601077303,0.0,-111.46771636451341,267.82842062949715
2025-03-26T08:15:00Z,2025-03-26T08:30:00Z,2025-03-26,2025-03-26_10,0.0,100,100,0,12.820719999998987,19.83617999999899,0.01948738888888889,0.0,7.625500000000001,True,True,False,False,0.0,0.0,175.61402098323754,203.68211601077303,0.0,-224.0904461952808,155.20569079872976
2025-03-26T08:30:00Z,2025-03-26T08:45:00Z,2025-03-26,2025-03-26_10,0.0,100,100,0,19.83617999999899,35.01617999999899,0.04216666666666667,0.0,16.5,True,True,False,False,0.0,0.0,175.61402098323754,203.68211601077303,0.0,8667.733147083653,9047.029284077664
2025-03-26T08:45:00Z,2025-03-26T09:00:00Z,2025-03-26,2025-03-26_10,0.0,100,100,0,35.01617999999899,57.94487999999899,0.06369083333333334,0.0,24.9225,True,True,False,False,0.0,0.0,175.61402098323754,203.68211601077303,0.0,34511.66655344294,34890.96269043695
2025-03-26T09:00:00Z,2025-03-26T09:15:00Z,2025-03-26,2025-03-26_11,0.0,100,100,0,57.94487999999899,61.14831999999899,0.008898444444444447,0.0,3.482,True,True,False,False,0.0,0.0,175.61402098323754,208.02347549945736,0.0,441.08599268400536,824.7234891667002
2025-03-26T09:15:00Z,2025-03-26T09:30:00Z,2025-03-26,2025-03-26_11,0.0,100,100,0,61.14831999999899,61.55872695652072,0.0012034251207729471,0.0105,0.4585000000000001,True,True,False,False,0.0,0.0,175.61402098323754,208.02347549945736,1.570125015074165,-26.91505768380432,358.29256381396476
2025-03-26T09:30:00Z,2025-03-26T09:45:00Z,2025-03-26,2025-03-26_11,0.0,100,100,0,61.55872695652072,66.59572695652072,0.013991666666666666,0.0,5.475,True,True,False,False,0.0,0.0,175.61402098323754,208.02347549945736,0.0,-88.96187241226836,294.6756240704265
2025-03-26T09:45:00Z,2025-03-26T10:00:00Z,2025-03-26,2025-03-26_11,0.0,100,100,0,66.59572695652072,69.10465913043376,0.007132299516908212,0.027,2.759,True,True,False,False,0.0,0.0,175.61402098323754,208.02347549945736,4.037464324476424,-112.6490927362624,275.0258680709089
2025-03-26T10:00:00Z,2025-03-26T10:15:00Z,2025-03-26,2025-03-26_12,-11.999999999999892,100,88,0,69.10465913043376,72.45284271304243,0.009475872270531331,0.033,0.6776,True,True,False,False,-290.54999999999734,0.0,175.61402098323754,183.06065843952246,4.934678618804519,-33.34286642280018,39.716491618766995
2025-03-26T10:15:00Z,2025-03-26T10:30:00Z,2025-03-26,2025-03-26_12,-11.999999999999892,100,88,0,72.45284271304243,65.10109193043371,0.029941996618357475,9.4775,0.0,True,True,False,False,-290.54999999999734,0.0,175.61402098323754,183.06065843952246,2148.055545282791,0.0,2216.180224705554
2025-03-26T10:30:00Z,2025-03-26T10:45:00Z,2025-03-26,2025-03-26_12,-11.999999999999892,100,88,0,65.10109193043371,65.64509547825978,0.012548319033816369,2.077,0.0,True,True,False,False,-290.54999999999734,0.0,175.61402098323754,183.06065843952246,351.75414760622266,0.0,419.8788270289853
2025-03-26T10:45:00Z,2025-03-26T11:00:00Z,2025-03-26,2025-03-26_12,-11.999999999999892,100,88,0,65.64509547825978,67.96112907825976,0.009733426666666602,0.621,0.2376,True,True,False,False,-290.54999999999734,0.0,175.61402098323754,183.06065843952246,94.6062059331913,-11.716343771355067,151.0145415845989
2025-03-26T11:00:00Z,2025-03-26T11:15:00Z,2025-03-26,2025-03-26_13,0.0,100,100,0,67.96112907825976,82.87064907825976,0.04141533333333333,0.0,16.206,True,True,False,False,0.0,0.0,175.61402098323754,208.02347549945736,0.0,10085.836053382642,10469.473549865337
2025-03-26T11:15:00Z,2025-03-26T11:30:00Z,2025-03-26,2025-03-26_13,0.0,100,100,0,82.87064907825976,96.41994907825976,0.037636944444444445,0.0,14.7275,True,True,False,False,0.0,0.0,175.61402098323754,208.02347549945736,0.0,213.29033645536035,596.9278329380552
2025-03-26T11:30:00Z,2025-03-26T11:45:00Z,2025-03-26,2025-03-26_13,0.0,100,100,0,96.41994907825976,98.26287777391194,0.005146420289855073,0.0045,2.0085,True,True,False,False,0.0,0.0,175.61402098323754,208.02347549945736,0.6729107207460707,-96.20203933352094,288.10836786992
2025-03-26T11:45:00Z,2025-03-26T12:00:00Z,2025-03-26,2025-03-26_13,0.0,100,100,0,98.26287777391194,98.34777864347716,0.00042605314009661836,0.0315,0.1295,True,True,False,False,0.0,0.0,175.61402098323754,208.02347549945736,4.710375045222495,-10.411223218233712,377.9366483096837
2025-03-26T12:00:00Z,2025-03-26T12:15:00Z,2025-03-26,2025-03-26_14,-100.0,100,0,0,98.34777864347716,121.26359864347715,0.06365505555555556,0.0915,0.0,True,True,False,False,-2142.25,0.0,175.61402098323754,0.0,13.682517988503438,0.0,-1952.953461028259
2025-03-26T12:15:00Z,2025-03-26T12:30:00Z,2025-03-26,2025-03-26_14,-100.0,100,0,0,121.26359864347715,144.06901864347714,0.06334838888888888,0.21150000000000002,0.0,True,True,False,False,-2142.25,0.0,175.61402098323754,0.0,31.626803875065328,0.0,-1935.0091751416971
2025-03-26T12:30:00Z,2025-03-26T12:45:00Z,2025-03-26,2025-03-26_14,-100.0,100,0,0,144.06901864347714,166.94757864347713,0.06355155555555556,0.132,0.0,True,True,False,False,-2142.25,0.0,175.61402098323754,0.0,19.738714475218075,0.0,-1946.8972645415445
2025-03-26T12:45:00Z,2025-03-26T13:00:00Z,2025-03-26,2025-03-26_14,-100.0,100,0,0,166.94757864347713,189.8541986434771,0.06362949999999999,0.1015,0.0,True,True,False,False,-2142.25,0.0,175.61402098323754,0.0,15.17787514571693,0.0,-1951.4581038710455
2025-03-26T13:00:00Z,2025-03-26T13:15:00Z,2025-03-26,2025-03-26_15,-5.999999999999972,100,94,0,189.8541986434771,185.11072177391188,0.01940012463768115,5.739,0.06204,True,True,False,False,-148.9199999999993,0.0,175.61402098323754,195.5420669694899,1186.0999871367128,-4.86540289423966,1403.4706721952014
2025-03-26T13:15:00Z,2025-03-26T13:30:00Z,2025-03-26,2025-03-26_15,-5.999999999999972,100,94,0,185.11072177391188,184.97461173912927,0.007619863429951674,1.409,0.00141,True,True,False,False,-148.9199999999993,0.0,175.61402098323754,195.5420669694899,254.64374381959243,-0.11335771998231299,476.76647405233825
2025-03-26T13:30:00Z,2025-03-26T13:45:00Z,2025-03-26,2025-03-26_15,-5.999999999999972,100,94,0,184.97461173912927,184.0497742260858,0.009618084202898535,2.147,0.00799,True,True,False,False,-148.9199999999993,0.0,175.61402098323754,195.5420669694899,401.7229718213611,-0.642360413233107,623.3166993608561
2025-03-26T13:45:00Z,2025-03-26T14:00:00Z,2025-03-26,2025-03-26_15,-5.999999999999972,100,94,0,184.0497742260858,183.56463796521624,0.008503667391304332,1.7354999999999998,0.004229999999999999,True,True,False,False,-148.9199999999993,0.0,175.61402098323754,195.5420669694899,288.2979643847731,-0.34007315994693893,510.1939791775543
2025-03-26T14:00:00Z,2025-03-26T14:15:00Z,2025-03-26,2025-03-26_16,-0.9071999979156363,100,99,0,183.56463796521624,188.91384916473683,0.014858919998668327,0.0,5.587560000000001,True,True,False,False,-23.537303945921185,0.0,175.61402098323754,205.94324074446277,0.0,-248.136224134743,109.88373364703612
2025-03-26T14:15:00Z,2025-03-26T14:30:00Z,2025-03-26,2025-03-26_16,-0.9071999979156363,100,99,0,188.91384916473683,189.99410551558938,0.003407614887642408,0.068,1.02762,True,True,False,False,-23.537303945921185,0.0,175.61402098323754,205.94324074446277,12.426229850866262,-63.37974508180246,307.0664425508429
2025-03-26T14:30:00Z,2025-03-26T14:45:00Z,2025-03-26,2025-03-26_16,-0.9071999979156363,100,99,0,189.99410551558938,172.31142280635,0.04951347933631313,16.483,0.0,True,True,False,False,-23.537303945921185,0.0,175.61402098323754,205.94324074446277,18811.09703159545,0.0,19169.11698937723
2025-03-26T14:45:00Z,2025-03-26T15:00:00Z,2025-03-26,2025-03-26_16,-0.9071999979156363,100,99,0,172.31142280635,167.89598862753112,0.015242731242989936,4.597,0.39748500000000003,True,True,False,False,-23.537303945921185,0.0,175.61402098323754,205.94324074446277,1154.938734373116,-27.160223389074254,1485.7984687658209
2025-03-26T15:00:00Z,2025-03-26T15:15:00Z,2025-03-26,2025-03-26_17,0.0,100,100,0,167.89598862753112,185.51582862753114,0.048944,0.0,19.152,True,True,False,False,0.0,0.0,175.61402098323754,203.68211601077303,0.0,22632.783808337022,23012.079945331032
2025-03-26T15:15:00Z,2025-03-26T15:30:00Z,2025-03-26,2025-03-26_17,0.0,100,100,0,185.51582862753114,188.1574468884007,0.007443504830917874,0.0175,2.892,True,True,False,False,0.0,0.0,175.61402098323754,203.68211601077303,3.1143239739518433,-130.24869558226476,252.16176538569766
2025-03-26T15:30:00Z,2025-03-26T15:45:00Z,2025-03-26,2025-03-26_17,0.0,100,100,0,188.1574468884007,188.10643558405286,0.0007882536231884058,0.154,0.1265,True,True,False,False,0.0,0.0,175.61402098323754,203.68211601077303,29.946645495839533,-9.673891345419465,399.5688911444306
2025-03-26T15:45:00Z,2025-03-26T16:00:00Z,2025-03-26,2025-03-26_17,0.0,100,100,0,188.10643558405286,188.10826427970503,0.0005878091787439614,0.0965,0.116,True,True,False,False,0.0,0.0,175.61402098323754,203.68211601077303,17.890010752904292,-8.669550990875106,388.51659675603975
2025-03-26T16:00:00Z,2025-03-26T16:15:00Z,2025-03-26,2025-03-26_18,0.0,100,100,0,188.10826427970503,189.45004514927024,0.0037784975845410623,0.0085,1.4685,True,True,False,False,0.0,0.0,197.17007677774654,191.8338224062387,1.4227001849097562,-105.96995166217792,284.4566477067171
2025-03-26T16:15:00Z,2025-03-26T16:30:00Z,2025-03-26,2025-03-26_18,0.0,100,100,0,189.45004514927024,189.44539471448763,0.0006211400966183575,0.105,0.11899999999999998,True,True,False,False,0.0,0.0,197.17007677774654,191.8338224062387,19.30297765003819,-9.509787152791736,398.7970896812317
2025-03-26T16:30:00Z,2025-03-26T16:45:00Z,2025-03-26,2025-03-26_18,0.0,100,100,0,189.44539471448763,189.51366254057461,0.0005821449275362318,0.065,0.151,True,True,False,False,0.0,0.0,197.17007677774654,191.8338224062387,11.472446436467422,-11.671012581902962,388.8053330385497
2025-03-26T16:45:00Z,2025-03-26T17:00:00Z,2025-03-26,2025-03-26_18,0.0,100,100,0,189.51366254057461,188.06675819274852,0.004057512077294685,1.3375,0.0075,True,True,False,False,0.0,0.0,197.17007677774654,191.8338224062387,266.78063070305905,-0.6029665956506011,655.1815632913937
2025-03-26T17:00:00Z,2025-03-26T17:15:00Z,2025-03-26,2025-03-26_19,65.89825072233556,34,100,0,188.06675819274852,176.49996470535385,0.042870214171932486,0.00612,6.162,True,True,False,False,2773.9868641567155,0.0,67.14033042569442,190.68818587450255,1.1753834304779516,-266.51263054226797,2766.4781333451224
2025-03-26T17:15:00Z,2025-03-26T17:30:00Z,2025-03-26,2025-03-26_19,65.89825072233556,34,100,0,176.49996470535385,158.84388485361742,0.04948825423126079,0.010199999999999999,0.2545,True,True,False,False,2773.9868641567155,0.0,67.14033042569442,190.68818587450255,1.815009165092254,-19.874672991116295,3013.7557166308884
2025-03-26T17:30:00Z,2025-03-26T17:45:00Z,2025-03-26,2025-03-26_19,65.89825072233556,34,100,0,158.84388485361742,141.0717153745429,0.049611154403371625,0.0085,0.14,True,True,False,False,2773.9868641567155,0.0,67.14033042569442,190.68818587450255,1.4569280861840257,-11.255376452144553,3022.0169320909517
2025-03-26T17:45:00Z,2025-03-26T18:00:00Z,2025-03-26,2025-03-26_19,65.89825072233556,34,100,0,141.0717153745429,123.28165043478157,0.0496233899830176,0.00459,0.11849999999999998,True,True,False,False,2773.9868641567155,0.0,67.14033042569442,190.68818587450255,0.7749326687301525,-9.526872211279494,3023.063440914363
2025-03-26T18:00:00Z,2025-03-26T18:15:00Z,2025-03-26,2025-03-26_20,100.0,0,100,0,123.28165043478157,97.25393304347722,0.0722992149758454,0.0,1.0545,True,True,False,False,4341.0,0.0,0.0,191.08011416167548,0.0,-74.9338458214415,4457.146268340234
2025-03-26T18:15:00Z,2025-03-26T18:30:00Z,2025-03-26,2025-03-26_20,100.0,0,100,0,97.25393304347722,74.15665043478157,0.06415911835748792,0.0,3.7505,True,True,False,False,4341.0,0.0,0.0,191.08011416167548,0.0,334.3488509466576,4866.428965108333
2025-03-26T18:30:00Z,2025-03-26T18:45:00Z,2025-03-26,2025-03-26_20,100.0,0,100,0,74.15665043478157,49.36099826086853,0.06887681159420289,0.0,2.188,True,True,False,False,4341.0,0.0,0.0,191.08011416167548,0.0,-127.31289222977048,4404.767221931905
2025-03-26T18:45:00Z,2025-03-26T19:00:00Z,2025-03-26,2025-03-26_20,100.0,0,100,0,49.36099826086853,23.337085217390268,0.07228864734299517,0.0,1.058,True,True,False,False,4341.0,0.0,0.0,191.08011416167548,0.0,-74.53611488523536,4457.54399927644
2025-03-26T19:00:00Z,2025-03-26T19:15:00Z,2025-03-26,2025-03-26_21,0.0,100,100,0,23.337085217390268,15.421039999998964,0.022147458937198067,7.309,0.031,True,True,False,False,0.0,0.0,175.61402098323754,191.44189411906584,1773.498279535314,-2.2114774691482095,2138.342717168469
2025-03-26T19:15:00Z,2025-03-26T19:30:00Z,2025-03-26,2025-03-26_21,0.0,100,100,0,15.421039999998964,16.21938086956418,0.002824497584541063,0.1005,0.9865,True,True,False,False,0.0,0.0,175.61402098323754,191.44189411906584,18.501420991277087,-62.74607137114605,322.81126472243443
2025-03-26T19:30:00Z,2025-03-26T19:45:00Z,2025-03-26,2025-03-26_21,0.0,100,100,0,16.21938086956418,17.67160086956418,0.004033944444444445,0.0,1.5785,True,True,False,False,0.0,0.0,175.61402098323754,191.44189411906584,0.0,-99.50539886240303,267.55051623990033
2025-03-26T19:45:00Z,2025-03-26T20:00:00Z,2025-03-26,2025-03-26_21,0.0,100,100,0,17.67160086956418,22.928480869564183,0.014602444444444446,0.0,5.714,True,True,False,False,0.0,0.0,175.61402098323754,191.44189411906584,0.0,-21.610390722353987,345.4455243799494
2025-03-26T20:00:00Z,2025-03-26T20:15:00Z,2025-03-26,2025-03-26_22,0.0,100,100,0,22.928480869564183,17.789130434781573,0.020455306763285025,5.7515,1.209,True,True,False,False,0.0,0.0,175.61402098323754,207.42050890380673,1200.689493307071,-27.170789082284845,1556.5532341118303
2025-03-26T20:15:00Z,2025-03-26T20:30:00Z,2025-03-26,2025-03-26_22,0.0,100,100,0,17.789130434781573,13.913043478259834,0.010766908212560385,3.566,0.0,True,True,False,False,0.0,0.0,175.61402098323754,207.42050890380673,705.1310953893154,0.0,1088.1656252763596
2025-03-26T20:30:00Z,2025-03-26T20:45:00Z,2025-03-26,2025-03-26_22,0.0,100,100,0,13.913043478259834,9.999999999998963,0.010869565217391306,3.6000000000000005,0.0,True,True,False,False,0.0,0.0,175.61402098323754,207.42050890380673,732.1319290911284,0.0,1115.1664589781726
2025-03-26T20:45:00Z,2025-03-26T21:00:00Z,2025-03-26,2025-03-26_22,0.0,100,100,0,9.999999999998963,20.44555739130331,0.02906978502415459,0.009,11.3645,True,True,False,False,0.0,0.0,175.61402098323754,207.42050890380673,1.5068135225308517,8791.24271083732,9175.784054246895
2025-03-26T21:00:00Z,2025-03-26T21:15:00Z,2025-03-26,2025-03-26_23,26.00000000000002,74,100,0,20.44555739130331,14.633991669564175,0.023049575893719823,0.46509,1.8260000000000003,True,True,False,False,812.1100000000007,0.0,129.95437552759577,207.11902560598145,86.23664492302126,245.07647586123733,1480.4965219178366
2025-03-26T21:15:00Z,2025-03-26T21:30:00Z,2025-03-26,2025-03-26_23,26.00000000000002,74,100,0,14.633991669564175,11.395433617390257,0.024018981256038657,0.0,3.972,True,True,False,False,812.1100000000007,0.0,129.95437552759577,207.11902560598145,0.0,-154.90672267556377,994.2766784580142
2025-03-26T21:30:00Z,2025-03-26T21:45:00Z,2025-03-26,2025-03-26_23,26.00000000000002,74,100,0,11.395433617390257,10.055754104346772,0.026199078647343003,0.0,5.943,True,True,False,False,812.1100000000007,0.0,129.95437552759577,207.11902560598145,0.0,2230.3689361659362,3379.552337299514
2025-03-26T21:45:00Z,2025-03-26T22:00:00Z,2025-03-26,2025-03-26_23,26.00000000000002,74,100,0,10.055754104346772,22.450910660868505,0.04196800734299516,0.0,20.1995,True,True,False,False,812.1100000000007,0.0,129.95437552759577,207.11902560598145,0.0,20501.46535173052,21650.648752864097
2025-03-26T22:00:00Z,2025-03-26T22:15:00Z,2025-03-27,2025-03-26_24,0.0,100,100,0,22.450910660868505,25.935171530433724,0.01070205314009662,0.1695,3.9875000000000003,True,True,False,False,0.0,0.0,175.58931693494907,208.5970941098451,25.516356483993494,2941.444951869939,3351.1477193987266
2025-03-26T22:15:00Z,2025-03-26T22:30:00Z,2025-03-27,2025-03-26_24,0.0,100,100,0,25.935171530433724,24.222474139129375,0.0049798260869565215,1.6125,0.0435,True,True,False,False,0.0,0.0,175.58931693494907,208.5970941098451,295.66777446192805,-2.872069994574064,676.9821155121482
2025-03-26T22:30:00Z,2025-03-26T22:45:00Z,2025-03-27,2025-03-26_24,0.0,100,100,0,24.222474139129375,24.81328283478155,0.0016683091787439612,0.0045,0.6475,True,True,False,False,0.0,0.0,175.58931693494907,208.5970941098451,0.6728160607704828,-40.54028456019775,344.3189425453669
2025-03-26T22:45:00Z,2025-03-26T23:00:00Z,2025-03-27,2025-03-26_24,0.0,100,100,0,24.81328283478155,27.97118283478155,0.008771944444444445,0.0,3.4325,True,True,False,False,0.0,0.0,175.58931693494907,208.5970941098451,0.0,-103.92967936737607,280.2567316774181
2025-03-26T23:00:00Z,2025-03-26T23:15:00Z,2025-03-27,2025-03-27_1,0.0,100,100,0,27.97118283478155,28.006808921738074,0.0016388164251207732,0.255,0.34,True,True,False,False,0.0,0.0,175.58931693494907,208.29565322240308,38.1262434436607,-19.321054641184865,402.69015895982795
2025-03-26T23:15:00Z,2025-03-26T23:30:00Z,2025-03-27,2025-03-27_1,0.0,100,100,0,28.006808921738074,29.128839356520682,0.0032465821256038654,0.0215,1.245,True,True,False,False,0.0,0.0,175.58931693494907,208.29565322240308,3.214565623681196,-69.48091276300718,317.61862301802614
2025-03-26T23:30:00Z,2025-03-26T23:45:00Z,2025-03-27,2025-03-27_1,0.0,100,100,0,29.128839356520682,29.89348718260764,0.002169311594202899,0.0075,0.84,True,True,False,False,0.0,0.0,175.58931693494907,208.29565322240308,1.121360101284138,-46.53449086634111,338.4718393922952
2025-03-26T23:45:00Z,2025-03-27T00:00:00Z,2025-03-27,2025-03-27_1,0.0,100,100,0,29.89348718260764,29.92658718260764,0.000508611111111111,0.069,0.11749999999999998,True,True,False,False,0.0,0.0,175.58931693494907,208.29565322240308,10.316512931814072,-7.9653056610598645,386.2361774281064
2025-03-27T00:00:00Z,2025-03-27T00:15:00Z,2025-03-27,2025-03-27_2,-35.999999999999986,100,64,0,29.92658718260764,38.061459634781556,0.02317078096618357,0.1485,0.008,True,True,False,False,-894.6899999999996,0.0,175.58931693494907,133.11629589437513,22.202930005425937,-0.626997045879303,-564.4084542111287
2025-03-27T00:15:00Z,2025-03-27T00:30:00Z,2025-03-27,2025-03-27_2,-35.999999999999986,100,64,0,38.061459634781556,46.44634676521633,0.023459469082125595,0.0435,0.16256,True,True,False,False,-894.6899999999996,0.0,175.58931693494907,133.11629589437513,6.503888587448001,-8.460496469122406,-587.9409950523498
2025-03-27T00:30:00Z,2025-03-27T00:45:00Z,2025-03-27,2025-03-27_2,-35.999999999999986,100,64,0,46.44634676521633,55.25762349565112,0.02451055130434782,0.009,0.58752,True,True,False,False,-894.6899999999996,0.0,175.58931693494907,133.11629589437513,1.3456321215409657,-30.32562387411829,-614.9643789232528
2025-03-27T00:45:00Z,2025-03-27T01:00:00Z,2025-03-27,2025-03-27_2,-35.999999999999986,100,64,0,55.25762349565112,61.0697350434772,0.025437507922705306,2.4045,0.00128,True,True,False,False,-894.6899999999996,0.0,175.58931693494907,133.11629589437513,440.1291779707,-0.1003195273406885,-145.95552872731608
2025-03-27T01:00:00Z,2025-03-27T01:15:00Z,2025-03-27,2025-03-27_3,0.0,100,100,0,61.0697350434772,56.855061130433725,0.011707427536231883,3.8774999999999995,0.0,True,True,False,False,0.0,0.0,175.58931693494907,207.99421233496113,717.3916561162356,0.0,1100.9751853861458
2025-03-27T01:15:00Z,2025-03-27T01:30:00Z,2025-03-27,2025-03-27_3,0.0,100,100,0,56.855061130433725,56.7806950434772,0.0003369057971014492,0.09,0.025499999999999995,True,True,False,False,0.0,0.0,175.58931693494907,207.99421233496113,13.456321215409659,-1.998553083740278,395.0412974015796
2025-03-27T01:30:00Z,2025-03-27T01:45:00Z,2025-03-27,2025-03-27_3,0.0,100,100,0,56.7806950434772,57.81701939130329,0.0034130990338164255,0.0885,1.231,True,True,False,False,0.0,0.0,175.58931693494907,207.99421233496113,13.23204919515283,-57.163661100058285,339.65191736500475
2025-03-27T01:45:00Z,2025-03-27T02:00:00Z,2025-03-27,2025-03-27_3,0.0,100,100,0,57.81701939130329,66.2616993913033,0.023457444444444444,0.0,9.179,True,True,False,False,0.0,0.0,175.58931693494907,207.99421233496113,0.0,665.5379112156107,1049.121440485521
2025-03-27T02:00:00Z,2025-03-27T02:15:00Z,2025-03-27,2025-03-27_4,0.0,100,100,0,66.2616993913033,68.39752547825981,0.0060143719806763285,0.0135,2.3375,True,True,False,False,0.0,0.0,175.58931693494907,208.29565322240308,2.018448182311449,-42.73414672132795,343.16927161833564
2025-03-27T02:15:00Z,2025-03-27T02:30:00Z,2025-03-27,2025-03-27_4,0.0,100,100,0,68.39752547825981,68.50638199999894,0.00037484299516908214,0.012,0.1325,True,True,False,False,0.0,0.0,175.58931693494907,208.29565322240308,1.7941761620546213,-9.530968027169873,376.1481782922369
2025-03-27T02:30:00Z,2025-03-27T02:45:00Z,2025-03-27,2025-03-27_4,0.0,100,100,0,68.50638199999894,67.36842373912937,0.0031916618357487924,1.052,0.006,True,True,False,False,0.0,0.0,175.58931693494907,208.29565322240308,184.4573895219148,-0.4702477844094773,567.8721118948574
2025-03-27T02:45:00Z,2025-03-27T03:00:00Z,2025-03-27,2025-03-27_4,0.0,100,100,0,67.36842373912937,65.40740982608588,0.007481483091787439,2.141,0.398,True,True,False,False,0.0,0.0,175.58931693494907,208.29565322240308,395.5942923172766,-12.695432969594664,766.7838295050341
2025-03-27T03:00:00Z,2025-03-27T03:15:00Z,2025-03-27,2025-03-27_5,0.0,100,100,0,65.40740982608588,71.53138982608588,0.017011055555555557,0.0,6.6565,True,True,False,False,0.0,0.0,175.58931693494907,207.99421233496113,0.0,28.50492524265992,412.08845451257014
2025-03-27T03:15:00Z,2025-03-27T03:30:00Z,2025-03-27,2025-03-27_5,0.0,100,100,0,71.53138982608588,78.55880982608589,0.01952061111111111,0.0,7.6385,True,True,False,False,0.0,0.0,175.58931693494907,207.99421233496113,0.0,663.9881367938748,1047.571666063785
2025-03-27T03:30:00Z,2025-03-27T03:45:00Z,2025-03-27,2025-03-27_5,0.0,100,100,0,78.55880982608589,89.58914982608589,0.030639833333333335,0.0,11.9895,True,True,False,False,0.0,0.0,175.58931693494907,207.99421233496113,0.0,9287.338819557484,9670.922348827395
2025-03-27T03:45:00Z,2025-03-27T04:00:00Z,2025-03-27,2025-03-27_5,0.0,100,100,0,89.58914982608589,90.91716982608588,0.0036889444444444443,0.0,1.4435,True,True,False,False,0.0,0.0,175.58931693494907,207.99421233496113,0.0,-26.387148670645686,357.1963805992645
2025-03-27T04:00:00Z,2025-03-27T04:15:00Z,2025-03-27,2025-03-27_6,0.0,100,100,0,90.91716982608588,101.46450982608589,0.029298166666666667,0.0,11.4645,True,True,False,False,0.0,0.0,175.58931693494907,192.04798938928076,0.0,8931.48161029722,9299.11891662145
2025-03-27T04:15:00Z,2025-03-27T04:30:00Z,2025-03-27,2025-03-27_6,0.0,100,100,0,101.46450982608589,110.44508982608589,0.024946055555555555,0.0,9.7615,True,True,False,False,0.0,0.0,175.58931693494907,192.04798938928076,0.0,6239.644725085912,6607.282031410142
2025-03-27T04:30:00Z,2025-03-27T04:45:00Z,2025-03-27,2025-03-27_6,0.0,100,100,0,110.44508982608589,123.33658982608588,0.03580972222222222,0.0,14.0125,True,True,False,False,0.0,0.0,175.58931693494907,192.04798938928076,0.0,14066.008877434135,14433.646183758365
2025-03-27T04:45:00Z,2025-03-27T05:00:00Z,2025-03-27,2025-03-27_6,0.0,100,100,0,123.33658982608588,123.62649243478154,0.0011676038647342995,0.06,0.386,True,True,False,False,0.0,0.0,175.58931693494907,192.04798938928076,10.1465002712968,-26.79124374510159,350.99256285042503
2025-03-27T05:00:00Z,2025-03-27T05:15:00Z,2025-03-27,2025-03-27_7,0.0,100,100,0,123.62649243478154,123.34300373912936,0.009532579710144928,1.709,1.711,True,True,False,False,0.0,0.0,196.84089949960813,190.29963224211733,349.99451779506046,-92.42790297622638,644.7071465605595
2025-03-27T05:15:00Z,2025-03-27T05:30:00Z,2025-03-27,2025-03-27_7,0.0,100,100,0,123.34300373912936,121.94568026086849,0.0038993429951690818,1.2885,0.0035000000000000005,True,True,False,False,0.0,0.0,196.84089949960813,190.29963224211733,257.1961071923796,-0.2743112075721951,644.0623277265329
2025-03-27T05:30:00Z,2025-03-27T05:45:00Z,2025-03-27,2025-03-27_7,0.0,100,100,0,121.94568026086849,121.31672113043369,0.0019847753623188405,0.618,0.0465,True,True,False,False,0.0,0.0,196.84089949960813,190.29963224211733,123.15414481220233,-3.446275999276542,506.8484005546512
2025-03-27T05:45:00Z,2025-03-27T06:00:00Z,2025-03-27,2025-03-27_7,0.0,100,100,0,121.31672113043369,115.50828113043369,0.016226555555555553,5.359,0.018,True,True,False,False,0.0,0.0,196.84089949960813,190.29963224211733,1168.570222463375,-1.4078278169650933,1554.3029263881356
2025-03-27T06:00:00Z,2025-03-27T06:15:00Z,2025-03-27,2025-03-27_8,100.0,0,100,0,115.50828113043369,88.35230286956413,0.07543327294685989,0.0,0.0165,True,True,False,False,3515.75,0.0,0.0,190.7819376620245,0.0,-1.2931814071260626,3705.2387562548984
2025-03-27T06:15:00Z,2025-03-27T06:30:00Z,2025-03-27,2025-03-27_8,100.0,0,100,0,88.35230286956413,61.9740419999989,0.07327294685990339,0.0,0.732,True,True,False,False,3515.75,0.0,0.0,190.7819376620245,0.0,-52.5459817929704,3653.985955869054
2025-03-27T06:30:00Z,2025-03-27T06:45:00Z,2025-03-27,2025-03-27_8,100.0,0,100,0,61.9740419999989,35.429476782607594,0.07373490338164251,0.0,0.579,True,True,False,False,3515.75,0.0,0.0,190.7819376620245,0.0,-41.746271176222336,3664.7856664858023
2025-03-27T06:45:00Z,2025-03-27T07:00:00Z,2025-03-27,2025-03-27_8,100.0,0,100,0,35.429476782607594,12.25338982608585,0.0643780193236715,0.0,3.678,True,True,False,False,3515.75,0.0,0.0,190.7819376620245,0.0,-187.77379634653644,3518.758141315488
2025-03-27T07:00:00Z,2025-03-27T07:15:00Z,2025-03-27,2025-03-27_9,9.96388100051121,90,100,0,12.25338982608585,10.365150955483855,0.009458098062144954,0.0351,0.9155,True,True,False,False,307.6348258907836,0.0,158.13890396093325,190.7819376620245,5.948272381985893,-66.09166355177749,596.4122763439498
2025-03-27T07:15:00Z,2025-03-27T07:30:00Z,2025-03-27,2025-03-27_9,9.96388100051121,90,100,0,10.365150955483855,14.09038617460242,0.021257603283860095,0.0,6.868,True,True,False,False,307.6348258907836,0.0,158.13890396093325,190.7819376620245,0.0,523.2590365949238,1179.8147041086652
2025-03-27T07:30:00Z,2025-03-27T07:45:00Z,2025-03-27,2025-03-27_9,9.96388100051121,90,100,0,14.09038617460242,12.949290872838379,0.01097904197305355,0.02115,1.6969999999999998,True,True,False,False,307.6348258907836,0.0,158.13890396093325,190.7819376620245,3.5800330982094413,-97.064675951046,563.0710246609048
2025-03-27T07:45:00Z,2025-03-27T08:00:00Z,2025-03-27,2025-03-27_9,9.96388100051121,90,100,0,12.949290872838379,11.665171304347513,0.010587114999753658,0.0049499999999999995,1.5255,True,True,False,False,307.6348258907836,0.0,158.13890396093325,190.7819376620245,0.8370415084102008,-109.00913185024417,548.3835771719074
2025-03-27T08:00:00Z,2025-03-27T08:15:00Z,2025-03-27,2025-03-27_10,0.0,100,100,0,11.665171304347513,9.999999999999687,0.004707253623188406,1.5455,0.016,True,True,False,False,0.0,0.0,175.70989328992584,208.98896726351964,274.46298486766744,-1.253994091758606,657.9078513293543
2025-03-27T08:15:00Z,2025-03-27T08:30:00Z,2025-03-27,2025-03-27_10,0.0,100,100,0,9.999999999999687,12.155561739130123,0.006020884057971014,0.0055,2.3495,True,True,False,False,0.0,0.0,175.70989328992584,208.98896726351964,0.9284379333212757,-90.9775542091196,294.64974427764713
2025-03-27T08:30:00Z,2025-03-27T08:45:00Z,2025-03-27,2025-03-27_10,0.0,100,100,0,12.155561739130123,24.851101739130122,0.035265388888888895,0.0,13.7995,True,True,False,False,0.0,0.0,175.70989328992584,208.98896726351964,0.0,3104.8472892425793,3489.546149796025
2025-03-27T08:45:00Z,2025-03-27T09:00:00Z,2025-03-27,2025-03-27_10,0.0,100,100,0,24.851101739130122,34.588841739130125,0.02704927777777778,0.0,10.5845,True,True,False,False,0.0,0.0,175.70989328992584,208.98896726351964,0.0,4284.094508249433,4668.793368802878
2025-03-27T09:00:00Z,2025-03-27T09:15:00Z,2025-03-27,2025-03-27_11,39.97093118887987,60,100,0,34.588841739130125,26.938008339865064,0.031236082926762616,0.0,3.254,True,True,False,False,829.1969675133129,0.0,105.4259359739555,210.3454512570085,0.0,-93.70298466670687,1051.26537007757
2025-03-27T09:15:00Z,2025-03-27T09:30:00Z,2025-03-27,2025-03-27_11,39.97093118887987,60,100,0,26.938008339865064,18.062654898176874,0.03083608665813689,0.0018,2.015,True,True,False,False,829.1969675133129,0.0,105.4259359739555,210.3454512570085,0.26912642430819317,-11.466966097948195,1133.770515070637
2025-03-27T09:30:00Z,2025-03-27T09:45:00Z,2025-03-27,2025-03-27_11,39.97093118887987,60,100,0,18.062654898176874,12.716338934390013,0.032000315549973256,0.0,5.5895,True,True,False,False,829.1969675133129,0.0,105.4259359739555,210.3454512570085,0.0,-86.35356835674524,1058.6147863875317
2025-03-27T09:45:00Z,2025-03-27T10:00:00Z,2025-03-27,2025-03-27_11,39.97093118887987,60,100,0,12.716338934390013,10.415084330434329,0.03301013009727705,0.0,8.6755,True,True,False,False,829.1969675133129,0.0,105.4259359739555,210.3454512570085,0.0,548.9531981873355,1693.9215529316123
2025-03-27T10:00:00Z,2025-03-27T10:15:00Z,2025-03-27,2025-03-27_12,-100.0,100,0,0,10.415084330434329,33.414164330434325,0.06388633333333332,0.001,0.0,True,True,False,False,-1141.75,0.0,175.70989328992584,0.0,0.13609252225638555,0.0,-965.9040141878178
2025-03-27T10:15:00Z,2025-03-27T10:30:00Z,2025-03-27,2025-03-27_12,-100.0,100,0,0,33.414164330434325,55.07418433043433,0.060166722222222226,1.4565,0.0,True,True,False,False,-1141.75,0.0,175.70989328992584,0.0,198.21875866642552,0.0,-767.8213480436486
2025-03-27T10:30:00Z,2025-03-27T10:45:00Z,2025-03-27,2025-03-27_12,-100.0,100,0,0,55.07418433043433,72.81454433043433,0.04927877777777778,5.717,0.0,True,True,False,False,-1141.75,0.0,175.70989328992584,0.0,951.1490580977071,0.0,-14.891048612367058
2025-03-27T10:45:00Z,2025-03-27T11:00:00Z,2025-03-27,2025-03-27_12,-100.0,100,0,0,72.81454433043433,95.11488433043434,0.0619453888888889,0.7605,0.0,True,True,False,False,-1141.75,0.0,175.70989328992584,0.0,103.4983631759812,0.0,-862.5417435340929
2025-03-27T11:00:00Z,2025-03-27T11:15:00Z,2025-03-27,2025-03-27_13,-100.0,100,0,0,95.11488433043434,113.47026433043433,0.05098716666666666,5.0485,0.0,True,True,False,False,-1106.0,0.0,175.70989328992584,0.0,919.1291328550471,0.0,-11.16097385502701
2025-03-27T11:15:00Z,2025-03-27T11:30:00Z,2025-03-27,2025-03-27_13,-100.0,100,0,0,113.47026433043433,122.76088433043434,0.02580727777777778,14.9015,0.0,True,True,False,False,-1106.0,0.0,175.70989328992584,0.0,10893.250742750348,0.0,9962.960636040274
2025-03-27T11:30:00Z,2025-03-27T11:45:00Z,2025-03-27,2025-03-27_13,-100.0,100,0,0,122.76088433043434,135.63950433043433,0.03577394444444444,11.0015,0.0,True,True,False,False,-1106.0,0.0,175.70989328992584,0.0,5125.225235425333,0.0,4194.935128715259
2025-03-27T11:45:00Z,2025-03-27T12:00:00Z,2025-03-27,2025-03-27_13,-100.0,100,0,0,135.63950433043433,157.85106433043433,0.06169877777777778,0.857,0.0,True,True,False,False,-1106.0,0.0,175.70989328992584,0.0,115.40850666184363,0.0,-814.8816000482306
2025-03-27T12:00:00Z,2025-03-27T12:15:00Z,2025-03-27,2025-03-27_14,-38.00000000000015,100,62,0,157.85106433043433,166.61271340869524,0.02457378367149768,0.063,0.09362000000000001,True,True,False,False,-542.9250000000021,0.0,175.70989328992584,130.41417977934526,9.297124253933804,-7.506269142501157,-235.01007181929836
2025-03-27T12:15:00Z,2025-03-27T12:30:00Z,2025-03-27,2025-03-27_14,-38.00000000000015,100,62,0,166.61271340869524,173.71437026086917,0.02573962652173921,1.606,0.005889999999999999,True,True,False,False,-542.9250000000021,0.0,175.70989328992584,130.41417977934526,237.75809971664557,-0.473463153875525,0.4837096320390403
2025-03-27T12:30:00Z,2025-03-27T12:45:00Z,2025-03-27,2025-03-27_14,-38.00000000000015,100,62,0,173.71437026086917,180.7241214608692,0.02580069777777786,1.6905,0.0,True,True,False,False,-542.9250000000021,0.0,175.70989328992584,130.41417977934526,249.47283414722372,0.0,12.671907216492713
2025-03-27T12:45:00Z,2025-03-27T13:00:00Z,2025-03-27,2025-03-27_14,-38.00000000000015,100,62,0,180.7241214608692,189.4042999999997,0.024660097391304446,0.1465,0.09796,True,True,False,False,-542.9250000000021,0.0,175.70989328992584,130.41417977934526,21.619503225417496,-7.256453785092744,-222.43787749040627
2025-03-27T13:00:00Z,2025-03-27T13:15:00Z,2025-03-27,2025-03-27_15,0.0,100,100,0,189.4042999999997,189.90217391304316,0.0019264613526570047,0.09,0.6475,True,True,False,False,0.0,0.0,175.70989328992584,210.3454512570085,13.456321215409659,-37.343317557926895,362.1683482044171
2025-03-27T13:15:00Z,2025-03-27T13:30:00Z,2025-03-27,2025-03-27_15,0.0,100,100,0,189.90217391304316,188.5245165217388,0.004174381642512077,1.325,0.068,True,True,False,False,0.0,0.0,175.70989328992584,210.3454512570085,232.64519402745123,-5.460101686059365,613.2404368883263
2025-03-27T13:30:00Z,2025-03-27T13:45:00Z,2025-03-27,2025-03-27_15,0.0,100,100,0,188.5245165217388,182.30549478260838,0.017275060386473428,5.7215,0.0,True,True,False,False,0.0,0.0,175.70989328992584,210.3454512570085,1110.7259560700147,0.0,1496.781300616949
2025-03-27T13:45:00Z,2025-03-27T14:00:00Z,2025-03-27,2025-03-27_15,0.0,100,100,0,182.30549478260838,180.81943043478228,0.005198734299516908,1.5445,0.20950000000000002,True,True,False,False,0.0,0.0,175.70989328992584,210.3454512570085,283.82689968047265,-13.283321376178133,656.5989228512288
2025-03-27T14:00:00Z,2025-03-27T14:15:00Z,2025-03-27,2025-03-27_16,45.95411016993978,54,100,0,180.81943043478228,179.32426433703571,0.034617766288826776,0.0,11.0285,True,True,False,False,1208.4782121939913,0.0,94.88334237655995,210.3454512570085,0.0,3656.503707320994,5170.210713148554
2025-03-27T14:15:00Z,2025-03-27T14:30:00Z,2025-03-27,2025-03-27_16,45.95411016993978,54,100,0,179.32426433703571,167.6400934470044,0.034682480707130627,0.0,0.8060000000000002,True,True,False,False,1208.4782121939913,0.0,94.88334237655995,210.3454512570085,0.0,-50.685788066960086,1463.0212177605997
2025-03-27T14:30:00Z,2025-03-27T14:45:00Z,2025-03-27,2025-03-27_16,45.95411016993978,54,100,0,167.6400934470044,167.28966415570824,0.03461049561047785,0.0,12.177,True,True,False,False,1208.4782121939913,0.0,94.88334237655995,210.3454512570085,0.0,6583.9294953879535,8097.636501215513
2025-03-27T14:45:00Z,2025-03-27T15:00:00Z,2025-03-27,2025-03-27_16,45.95411016993978,54,100,0,167.28966415570824,168.45824130153036,0.034600847796978695,0.0,13.700999999999999,True,True,False,False,1208.4782121939913,0.0,94.88334237655995,210.3454512570085,0.0,4784.9533086151805,6298.66031444274
2025-03-27T15:00:00Z,2025-03-27T15:15:00Z,2025-03-27,2025-03-27_17,61.449810527966775,38,100,0,168.45824130153036,176.27713684940153,0.0255208047154575,0.0,23.9755,True,True,False,False,1899.1063943668132,0.0,66.76975945017182,208.98896726351964,0.0,20905.4883212757,23080.353442356205
2025-03-27T15:15:00Z,2025-03-27T15:30:00Z,2025-03-27,2025-03-27_17,61.449810527966775,38,100,0,176.27713684940153,184.1507412012183,0.02547424916704271,0.0,24.029,True,True,False,False,1899.1063943668132,0.0,66.76975945017182,208.98896726351964,0.0,21620.406748055706,23795.27186913621
2025-03-27T15:30:00Z,2025-03-27T15:45:00Z,2025-03-27,2025-03-27_17,61.449810527966775,38,100,0,184.1507412012183,184.31756235797027,0.032032490113361595,0.0,16.4925,True,True,False,False,1899.1063943668132,0.0,66.76975945017182,208.98896726351964,0.0,10141.36787393742,12316.232995017926
2025-03-27T15:45:00Z,2025-03-27T16:00:00Z,2025-03-27,2025-03-27_17,61.449810527966775,38,100,0,184.31756235797027,172.86361999999838,0.04192141071496284,0.0,5.1285,True,True,False,False,1899.1063943668132,0.0,66.76975945017182,208.98896726351964,0.0,-182.4579743172364,1992.4071467632682
2025-03-27T16:00:00Z,2025-03-27T16:15:00Z,2025-03-27,2025-03-27_18,0.0,100,100,0,172.86361999999838,183.15335999999837,0.02858261111111111,0.0,11.1845,True,True,False,False,0.0,0.0,199.61415566407427,190.7819376620245,0.0,3842.652648057716,4233.048741383815
2025-03-27T16:15:00Z,2025-03-27T16:30:00Z,2025-03-27,2025-03-27_18,0.0,100,100,0,183.15335999999837,189.81415999999837,0.018502222222222222,0.0,7.24,True,True,False,False,0.0,0.0,199.61415566407427,190.7819376620245,0.0,-249.22791744538898,141.16817588070978
2025-03-27T16:30:00Z,2025-03-27T16:45:00Z,2025-03-27,2025-03-27_18,0.0,100,100,0,189.81415999999837,189.9032608695636,0.0007849420289855073,0.089,0.202,True,True,False,False,0.0,0.0,199.61415566407427,190.7819376620245,17.46518357750045,-15.937098129056894,391.9241787745423
2025-03-27T16:45:00Z,2025-03-27T17:00:00Z,2025-03-27,2025-03-27_18,0.0,100,100,0,189.9032608695636,187.18466347825927,0.007671770531400965,2.521,0.0235,True,True,False,False,0.0,0.0,199.61415566407427,190.7819376620245,529.7767940756818,-1.8890295613030286,918.2838578404775
2025-03-27T17:00:00Z,2025-03-27T17:15:00Z,2025-03-27,2025-03-27_19,53.98875314890996,46,100,0,187.18466347825927,174.01017403263035,0.0403926009821802,0.12374,1.6145,True,True,False,False,2700.2474887427315,0.0,91.82251160547416,190.7819376620245,24.7103018347702,-114.31020789373206,2893.2520319512682
2025-03-27T17:15:00Z,2025-03-27T17:30:00Z,2025-03-27,2025-03-27_19,53.98875314890996,46,100,0,174.01017403263035,159.6739582741851,0.04060946050156753,0.0029899999999999996,0.3345,True,True,False,False,2700.2474887427315,0.0,91.82251160547416,190.7819376620245,0.504732621932839,-25.587727437149578,2957.7689431950134
2025-03-27T17:30:00Z,2025-03-27T17:45:00Z,2025-03-27,2025-03-27_19,53.98875314890996,46,100,0,159.6739582741851,145.0944260411473,0.040747979358044965,0.014490000000000001,0.106,True,True,False,False,2700.2474887427315,0.0,91.82251160547416,190.7819376620245,2.5495481280520895,-8.46647334257752,2976.9350127957046
2025-03-27T17:45:00Z,2025-03-27T18:00:00Z,2025-03-27,2025-03-27_19,53.98875314890996,46,100,0,145.0944260411473,130.48410995126665,0.04076764286489267,0.01679,0.078,True,True,False,False,2700.2474887427315,0.0,91.82251160547416,190.7819376620245,3.026545877293463,-6.238824380538976,2979.6396595069846
2025-03-27T18:00:00Z,2025-03-27T18:15:00Z,2025-03-27,2025-03-27_20,100.0,0,100,0,130.48410995126665,103.46237082083188,0.07506038647342994,0.0,0.14,True,True,False,False,5110.75,0.0,0.0,190.7819376620245,0.0,-11.00440907538032,5290.527528586645
2025-03-27T18:15:00Z,2025-03-27T18:30:00Z,2025-03-27,2025-03-27_20,100.0,0,100,0,103.46237082083188,76.31671864691884,0.07540458937198068,0.0,0.026,True,True,False,False,5110.75,0.0,0.0,190.7819376620245,0.0,-2.063865276019373,5299.468072386005
2025-03-27T18:30:00Z,2025-03-27T18:45:00Z,2025-03-27,2025-03-27_20,100.0,0,100,0,76.31671864691884,49.15367516865798,0.07545289855072464,0.0,0.01,True,True,False,False,5110.75,0.0,0.0,190.7819376620245,0.0,-0.8038423665119271,5300.7280952955125
2025-03-27T18:45:00Z,2025-03-27T19:00:00Z,2025-03-27,2025-03-27_20,100.0,0,100,0,49.15367516865798,22.03845777735364,0.07532004830917874,0.0,0.054,True,True,False,False,5110.75,0.0,0.0,190.7819376620245,0.0,-4.251720021703744,5297.280217640321
2025-03-27T19:00:00Z,2025-03-27T19:15:00Z,2025-03-27,2025-03-27_21,-27.836758416783844,100,72,0,22.03845777735364,14.6051129492927,0.037298118530314825,13.297499999999998,0.0,True,True,False,False,-1008.7345331282045,0.0,175.58931693494907,137.01573521432445,12158.189568638089,0.0,11462.060087659158
2025-03-27T19:15:00Z,2025-03-27T19:30:00Z,2025-03-27,2025-03-27_21,-27.836758416783844,100,72,0,14.6051129492927,14.8989020361414,0.026400041626213906,5.871,0.0,True,True,False,False,-1008.7345331282045,0.0,175.58931693494907,137.01573521432445,1334.9389919816726,0.0,638.8095110027417
2025-03-27T19:30:00Z,2025-03-27T19:45:00Z,2025-03-27,2025-03-27_21,-27.836758416783844,100,72,0,14.8989020361414,21.326415825952235,0.01815706398679541,0.0695,0.10583999999999999,True,True,False,False,-1008.7345331282045,0.0,175.58931693494907,137.01573521432445,11.769454391993731,-8.39103331524688,-692.7510599021841
2025-03-27T19:45:00Z,2025-03-27T20:00:00Z,2025-03-27,2025-03-27_21,-27.836758416783844,100,72,0,21.326415825952235,28.17774608695506,0.019083765151275883,0.012,0.50148,True,True,False,False,-1008.7345331282045,0.0,175.58931693494907,137.01573521432445,2.0301030927835053,-36.913063917525776,-731.0124418036733
2025-03-27T20:00:00Z,2025-03-27T20:15:00Z,2025-03-27,2025-03-27_22,0.0,100,100,0,28.17774608695506,12.683690434781147,0.04318982125603865,14.2795,0.029499999999999995,True,True,False,False,0.0,0.0,175.58931693494907,203.65346355579672,12141.59820270895,-2.2498514901227864,12518.591131709572
2025-03-27T20:15:00Z,2025-03-27T20:30:00Z,2025-03-27,2025-03-27_22,0.0,100,100,0,12.683690434781147,9.999999999998536,0.00755436231884058,2.4855,0.0195,True,True,False,False,0.0,0.0,175.58931693494907,203.65346355579672,498.7253324892989,-1.5674926146982577,876.4006203653464
2025-03-27T20:30:00Z,2025-03-27T20:45:00Z,2025-03-27,2025-03-27_22,0.0,100,100,0,9.999999999998536,17.300830434781147,0.020340471014492757,0.01,7.947500000000001,True,True,False,False,0.0,0.0,175.58931693494907,203.65346355579672,1.6880689696750468,2624.599546833866,3005.5303962942867
2025-03-27T20:45:00Z,2025-03-27T21:00:00Z,2025-03-27,2025-03-27_22,0.0,100,100,0,17.300830434781147,28.562550434781148,0.031282555555555557,0.0,12.241,True,True,False,False,0.0,0.0,175.58931693494907,203.65346355579672,0.0,8597.481515644782,8976.724296135528
2025-03-27T21:00:00Z,2025-03-27T21:15:00Z,2025-03-27,2025-03-27_23,0.0,100,100,0,28.562550434781148,28.6472182608681,0.008752700483091787,1.4105,1.7585,True,True,False,False,0.0,0.0,175.58931693494907,203.65346355579672,277.5511155322441,-32.851060067120834,623.9428359558691
2025-03-27T21:15:00Z,2025-03-27T21:30:00Z,2025-03-27,2025-03-27_23,0.0,100,100,0,28.6472182608681,28.678597391302883,0.0003830579710144928,0.049,0.092,True,True,False,False,0.0,0.0,175.58931693494907,203.65346355579672,8.288012097827616,-7.1653543940033355,380.36543819457006
2025-03-27T21:30:00Z,2025-03-27T21:45:00Z,2025-03-27,2025-03-27_23,0.0,100,100,0,28.678597391302883,28.5697982608681,0.0007213309178743961,0.1695,0.082,True,True,False,False,0.0,0.0,175.58931693494907,203.65346355579672,28.731750467233383,-6.193660497176504,401.78087046080265
2025-03-27T21:45:00Z,2025-03-27T22:00:00Z,2025-03-27,2025-03-27_23,0.0,100,100,0,28.5697982608681,30.852318260868103,0.006340333333333333,0.0,2.481,True,True,False,False,0.0,0.0,175.58931693494907,203.65346355579672,0.0,-126.30110327364804,252.94167721709775
2025-03-27T22:00:00Z,2025-03-27T22:15:00Z,2025-03-28,2025-03-27_24,0.0,100,100,0,30.852318260868103,19.774824347824623,0.031046816425120773,10.237,0.054,True,True,False,False,0.0,0.0,175.67106003375392,207.94824399260628,6621.145650968416,-2.975533231535803,7001.78942176324
2025-03-27T22:15:00Z,2025-03-27T22:30:00Z,2025-03-28,2025-03-27_24,0.0,100,100,0,19.774824347824623,19.45125565217245,0.001087913043478261,0.329,0.037,True,True,False,False,0.0,0.0,175.67106003375392,207.94824399260628,51.49161998714137,-2.9494512979185084,432.16147271558305
2025-03-27T22:30:00Z,2025-03-27T22:45:00Z,2025-03-28,2025-03-27_24,0.0,100,100,0,19.45125565217245,19.697866956520272,0.0008661908212560386,0.03,0.3035,True,True,False,False,0.0,0.0,175.67106003375392,207.94824399260628,4.484449087840553,-18.555196797396125,369.54855631680465
2025-03-27T22:45:00Z,2025-03-27T23:00:00Z,2025-03-28,2025-03-27_24,0.0,100,100,0,19.697866956520272,21.82214695652027,0.005900777777777778,0.0,2.309,True,True,False,False,0.0,0.0,175.67106003375392,207.94824399260628,0.0,-112.88454753676768,270.73475648959254
2025-03-27T23:00:00Z,2025-03-27T23:15:00Z,2025-03-28,2025-03-28_1,0.0,100,100,0,21.82214695652027,17.519871304346356,0.014000321256038648,4.2975,0.4010000000000001,True,True,False,False,0.0,0.0,175.67106003375392,208.24961825926223,797.1175203929922,-19.75262577352729,1161.285572912481
2025-03-27T23:15:00Z,2025-03-27T23:30:00Z,2025-03-28,2025-03-28_1,0.0,100,100,0,17.519871304346356,14.275766086955052,0.009013958937198066,2.985,0.0005,True,True,False,False,0.0,0.0,175.67106003375392,208.24961825926223,559.1855219802299,-0.04018323555412682,943.0660170376918
2025-03-27T23:30:00Z,2025-03-27T23:45:00Z,2025-03-28,2025-03-28_1,0.0,100,100,0,14.275766086955052,15.068402608694182,0.0024825652173913046,0.0465,0.9165,True,True,False,False,0.0,0.0,175.67106003375392,208.24961825926223,6.9508960861528575,-41.00716949288757,349.8644048862814
2025-03-27T23:45:00Z,2025-03-28T00:00:00Z,2025-03-28,2025-03-28_1,0.0,100,100,0,15.068402608694182,19.121002608694184,0.011257222222222222,0.0,4.405,True,True,False,False,0.0,0.0,175.67106003375392,208.24961825926223,0.0,-81.04626496825526,302.8744133247609
2025-03-28T00:00:00Z,2025-03-28T00:15:00Z,2025-03-28,2025-03-28_2,4.9175639405951224e-15,100,100,0,19.121002608694184,21.065882608694185,0.0054024444444444476,0.0,2.114,True,True,False,False,9.766281986021913e-14,0.0,175.67106003375392,208.55099252591822,0.0,-78.07724222454391,306.14481033512834
2025-03-28T00:15:00Z,2025-03-28T00:30:00Z,2025-03-28,2025-03-28_2,4.9175639405951224e-15,100,100,0,21.065882608694185,24.299682608694184,0.008982777777777782,0.0,3.515,True,True,False,False,9.766281986021913e-14,0.0,175.67106003375392,208.55099252591822,0.0,-110.27842863457366,273.94362392509856
2025-03-28T00:30:00Z,2025-03-28T00:45:00Z,2025-03-28,2025-03-28_2,4.9175639405951224e-15,100,100,0,24.299682608694184,25.611142608694184,0.003642944444444448,0.0,1.4255,True,True,False,False,9.766281986021913e-14,0.0,175.67106003375392,208.55099252591822,0.0,-69.83981947681427,314.38223308285797
2025-03-28T00:45:00Z,2025-03-28T01:00:00Z,2025-03-28,2025-03-28_2,4.9175639405951224e-15,100,100,0,25.611142608694184,27.494382608694185,0.0052312222222222265,0.0,2.047,True,True,False,False,9.766281986021913e-14,0.0,175.67106003375392,208.55099252591822,0.0,-88.662342883549,295.55970967612325
2025-03-28T01:00:00Z,2025-03-28T01:15:00Z,2025-03-28,2025-03-28_3,-100.00000000000004,100,0,0,27.494382608694185,50.4212426086942,0.06368572222222225,0.0795,0.0,True,True,False,False,-1975.5000000000007,0.0,175.67106003375392,0.0,11.883790082777466,0.0,-1787.9451498834692
2025-03-28T01:15:00Z,2025-03-28T01:30:00Z,2025-03-28,2025-03-28_3,-100.00000000000004,100,0,0,50.4212426086942,73.39640260869422,0.06381988888888893,0.027,0.0,True,True,False,False,-1975.5000000000007,0.0,175.67106003375392,0.0,4.036004179056498,0.0,-1795.7929357871903
2025-03-28T01:30:00Z,2025-03-28T01:45:00Z,2025-03-28,2025-03-28_3,-100.00000000000004,100,0,0,73.39640260869422,96.34534260869422,0.06374705555555558,0.05550000000000001,0.0,True,True,False,False,-1975.5000000000007,0.0,175.67106003375392,0.0,8.296230812505025,0.0,-1791.5327091537417
2025-03-28T01:45:00Z,2025-03-28T02:00:00Z,2025-03-28,2025-03-28_3,-100.00000000000004,100,0,0,96.34534260869422,119.33292260869423,0.06385438888888892,0.0135,0.0,True,True,False,False,-1975.5000000000007,0.0,175.67106003375392,0.0,2.018002089528249,0.0,-1797.8109378767185
2025-03-28T02:00:00Z,2025-03-28T02:15:00Z,2025-03-28,2025-03-28_4,-6.20170281935845e-14,100,100,0,119.33292260869423,120.78694695652034,0.004156710144927576,0.0195,1.6035000000000001,True,True,False,False,-1.2339838184818476e-12,0.0,175.67106003375392,208.55099252591822,2.9148919070963597,-57.900551213533724,329.23639325323353
2025-03-28T02:15:00Z,2025-03-28T02:30:00Z,2025-03-28,2025-03-28_4,-6.20170281935845e-14,100,100,0,120.78694695652034,121.69243652173775,0.002524306763285064,0.0015,0.9860000000000001,True,True,False,False,-1.2339838184818476e-12,0.0,175.67106003375392,208.55099252591822,0.22422245439202768,-29.07642128104155,355.3698537330214
2025-03-28T02:30:00Z,2025-03-28T02:45:00Z,2025-03-28,2025-03-28_4,-6.20170281935845e-14,100,100,0,121.69243652173775,123.82499652173776,0.005923777777777818,0.0,2.318,True,True,False,False,-1.2339838184818476e-12,0.0,175.67106003375392,208.55099252591822,0.0,-53.2373418789681,330.9847106807028
2025-03-28T02:45:00Z,2025-03-28T03:00:00Z,2025-03-28,2025-03-28_4,-6.20170281935845e-14,100,100,0,123.82499652173776,123.8142226086943,0.0002599275362319235,0.048,0.045,True,True,False,False,-1.2339838184818476e-12,0.0,175.67106003375392,208.55099252591822,7.175118540544886,-3.526078919874628,387.8710921803412
2025-03-28T03:00:00Z,2025-03-28T03:15:00Z,2025-03-28,2025-03-28_5,-59.72726674676896,100,40,0,123.8142226086943,137.44796121612006,0.03817548717380668,0.125,0.0216,True,True,False,False,-1196.4864711046491,0.0,175.67106003375392,82.81764847705537,18.685204532668973,-1.6925178815398216,-921.0050759427107
2025-03-28T03:15:00Z,2025-03-28T03:30:00Z,2025-03-28,2025-03-28_5,-59.72726674676896,100,40,0,137.44796121612006,150.85407261511492,0.03805632625162128,0.336,0.0006000000000000001,True,True,False,False,-1196.4864711046491,0.0,175.67106003375392,82.81764847705537,50.2258297838142,-0.04701438559832838,-887.818947195624
2025-03-28T03:30:00Z,2025-03-28T03:45:00Z,2025-03-28,2025-03-28_5,-59.72726674676896,100,40,0,150.85407261511492,164.61305397130033,0.03829599839867187,0.0315,0.05739999999999999,True,True,False,False,-1196.4864711046491,0.0,175.67106003375392,82.81764847705537,4.708671542232581,-4.023950815719681,-937.3130418673269
2025-03-28T03:45:00Z,2025-03-28T04:00:00Z,2025-03-28,2025-03-28_5,-59.72726674676896,100,40,0,164.61305397130033,178.22479391304353,0.03813140326748879,0.132,0.0052,True,True,False,False,-1196.4864711046491,0.0,175.67106003375392,82.81764847705537,19.731575986498434,-0.4074580085188459,-918.6736446158602
2025-03-28T04:00:00Z,2025-03-28T04:15:00Z,2025-03-28,2025-03-28_6,0.0,100,100,0,178.22479391304353,184.25585391304352,0.01675294444444445,0.0,6.5555,True,True,False,False,0.0,0.0,175.67106003375392,190.25757453990198,0.0,-232.83273085268826,133.09590372096764
2025-03-28T04:15:00Z,2025-03-28T04:30:00Z,2025-03-28,2025-03-28_6,0.0,100,100,0,184.25585391304352,189.18981391304354,0.013705444444444447,0.0,5.363,True,True,False,False,0.0,0.0,175.67106003375392,190.25757453990198,0.0,-231.58565820139836,134.34297637225754
2025-03-28T04:30:00Z,2025-03-28T04:45:00Z,2025-03-28,2025-03-28_6,0.0,100,100,0,189.18981391304354,189.88776000000004,0.0019508164251207732,0.002,0.761,True,True,False,False,0.0,0.0,175.67106003375392,190.25757453990198,0.3375391786546653,-55.281668608856386,310.98450514345416
2025-03-28T04:45:00Z,2025-03-28T05:00:00Z,2025-03-28,2025-03-28_6,0.0,100,100,0,189.88776000000004,189.90543478260875,0.0005744589371980677,0.087,0.122,True,True,False,False,0.0,0.0,175.67106003375392,190.25757453990198,14.729974684561602,-9.242041710198505,371.416567548019
2025-03-28T05:00:00Z,2025-03-28T05:15:00Z,2025-03-28,2025-03-28_7,100.0,0,100,0,189.90543478260875,167.42119565217396,0.06245621980676329,0.0,4.3145,True,True,False,False,3217.0,0.0,0.0,190.61922365988912,0.0,-32.67688499557984,3374.9423386643093
2025-03-28T05:15:00Z,2025-03-28T05:30:00Z,2025-03-28,2025-03-28_7,100.0,0,100,0,167.42119565217396,140.2472826086957,0.07548309178743962,0.0,0.0,True,True,False,False,3217.0,0.0,0.0,190.61922365988912,0.0,0.0,3407.619223659889
2025-03-28T05:30:00Z,2025-03-28T05:45:00Z,2025-03-28,2025-03-28_7,100.0,0,100,0,140.2472826086957,114.23586956521747,0.07225392512077294,0.0,1.0695,True,True,False,False,3217.0,0.0,0.0,190.61922365988912,0.0,-77.47922828096117,3330.139995378928
2025-03-28T05:45:00Z,2025-03-28T06:00:00Z,2025-03-28,2025-03-28_7,100.0,0,100,0,114.23586956521747,87.6548913043479,0.07383605072463768,0.0,0.5455,True,True,False,False,3217.0,0.0,0.0,190.61922365988912,0.0,-40.48604727557663,3367.1331763843123
2025-03-28T06:00:00Z,2025-03-28T06:15:00Z,2025-03-28,2025-03-28_8,0.0,100,100,0,87.6548913043479,86.20815565217399,0.004085154589371981,1.342,0.013,True,True,False,False,0.0,0.0,199.57003937957086,190.61922365988912,268.82439684963435,-1.0186450212971148,657.9950148677972
2025-03-28T06:15:00Z,2025-03-28T06:30:00Z,2025-03-28,2025-03-28_8,0.0,100,100,0,86.20815565217399,80.93913391304355,0.014636171497584541,4.8475,0.0,True,True,False,False,0.0,0.0,199.57003937957086,190.61922365988912,992.0019368319537,0.0,1382.1911998714136
2025-03-28T06:30:00Z,2025-03-28T06:45:00Z,2025-03-28,2025-03-28_8,0.0,100,100,0,80.93913391304355,74.55652521739137,0.017729468599033814,5.872,0.0,True,True,False,False,0.0,0.0,199.57003937957086,190.61922365988912,1233.3594952985616,0.0,1623.5487583380216
2025-03-28T06:45:00Z,2025-03-28T07:00:00Z,2025-03-28,2025-03-28_8,0.0,100,100,0,74.55652521739137,62.458699130434844,0.033605072463768114,11.13,0.0,True,True,False,False,0.0,0.0,199.57003937957086,190.61922365988912,3345.903140319859,0.0,3736.092403359319
2025-03-28T07:00:00Z,2025-03-28T07:15:00Z,2025-03-28,2025-03-28_9,-35.960122084562684,100,64,0,62.458699130434844,45.52226604689082,0.04787916312851792,24.5465,0.0,True,True,False,False,-917.7023155980397,0.0,175.67106003375392,122.6135176404404,37891.77296572371,0.0,37272.35522779986
2025-03-28T07:15:00Z,2025-03-28T07:30:00Z,2025-03-28,2025-03-28_9,-35.960122084562684,100,64,0,45.52226604689082,31.613702905663875,0.044887643642583054,21.598,0.0,True,True,False,False,-917.7023155980397,0.0,175.67106003375392,122.6135176404404,27402.516742345095,0.0,26783.09900442125
2025-03-28T07:30:00Z,2025-03-28T07:45:00Z,2025-03-28,2025-03-28_9,-35.960122084562684,100,64,0,31.613702905663875,26.896576060420987,0.03580655320376333,12.6475,0.0,True,True,False,False,-917.7023155980397,0.0,175.67106003375392,122.6135176404404,2531.8047662340273,0.0,1912.387028310182
2025-03-28T07:45:00Z,2025-03-28T08:00:00Z,2025-03-28,2025-03-28_9,-35.960122084562684,100,64,0,26.896576060420987,21.831837217391318,0.03614999201875026,12.986,0.0,True,True,False,False,-917.7023155980397,0.0,175.67106003375392,122.6135176404404,3867.204291569558,0.0,3247.7865536457125
2025-03-28T08:00:00Z,2025-03-28T08:15:00Z,2025-03-28,2025-03-28_10,-53.00000000000014,100,47,0,21.831837217391318,14.456826086956575,0.035127686473429884,19.595,0.0,True,True,False,False,-927.5000000000025,0.0,175.67106003375392,98.52889174636341,15469.128893755524,0.0,14815.828845535638
2025-03-28T08:15:00Z,2025-03-28T08:30:00Z,2025-03-28,2025-03-28_10,-53.00000000000014,100,47,0,14.456826086956575,17.93617760000009,0.034425010241545914,8.724,0.0,True,True,False,False,-927.5000000000025,0.0,175.67106003375392,98.52889174636341,1524.0813276541028,0.0,870.7812794342176
2025-03-28T08:30:00Z,2025-03-28T08:45:00Z,2025-03-28,2025-03-28_10,-53.00000000000014,100,47,0,17.93617760000009,20.951240765217516,0.034455066763285046,9.189,0.0,True,True,False,False,-927.5000000000025,0.0,175.67106003375392,98.52889174636341,1627.4104490476573,0.0,974.1104008277721
2025-03-28T08:45:00Z,2025-03-28T09:00:00Z,2025-03-28,2025-03-28_10,-53.00000000000014,100,47,0,20.951240765217516,29.10592601739146,0.034122344299516966,4.0415,0.0,True,True,False,False,-927.5000000000025,0.0,175.67106003375392,98.52889174636341,689.7159329542715,0.0,36.415884734386296
2025-03-28T09:00:00Z,2025-03-28T09:15:00Z,2025-03-28,2025-03-28_11,0.0,100,100,0,29.10592601739146,19.654295582608853,0.026254528985507244,8.6955,0.0,True,True,False,False,0.0,0.0,175.67106003375392,209.96745157920117,1590.8369380374509,0.0,1976.475449650406
2025-03-28T09:15:00Z,2025-03-28T09:30:00Z,2025-03-28,2025-03-28_11,0.0,100,100,0,19.654295582608853,14.482012973913202,0.014367451690821254,4.7585,0.0,True,True,False,False,0.0,0.0,175.67106003375392,209.96745157920117,757.8025021096198,0.0,1143.441013722575
2025-03-28T09:30:00Z,2025-03-28T09:45:00Z,2025-03-28,2025-03-28_11,0.0,100,100,0,14.482012973913202,10.668969495652332,0.010591787439613526,3.508,0.0,True,True,False,False,0.0,0.0,175.67106003375392,209.96745157920117,594.5225500281284,0.0,980.1610616410835
2025-03-28T09:45:00Z,2025-03-28T10:00:00Z,2025-03-28,2025-03-28_11,0.0,100,100,0,10.668969495652332,10.669118191304506,0.00044425362318840575,0.0735,0.087,True,True,False,False,0.0,0.0,175.67106003375392,209.96745157920117,10.986900265209355,-6.537410592300891,390.0880012858635
2025-03-28T10:00:00Z,2025-03-28T10:15:00Z,2025-03-28,2025-03-28_12,-100.0,100,0,0,10.669118191304506,33.669118191304506,0.06388888888888888,0.0,0.0,True,True,False,False,-788.75,0.0,175.67106003375392,0.0,0.0,0.0,-613.078939966246
2025-03-28T10:15:00Z,2025-03-28T10:30:00Z,2025-03-28,2025-03-28_12,-100.0,100,0,0,33.669118191304506,56.669118191304506,0.0638888888888889,0.0,0.0,True,True,False,False,-788.75,0.0,175.67106003375392,0.0,0.0,0.0,-613.078939966246
2025-03-28T10:30:00Z,2025-03-28T10:45:00Z,2025-03-28,2025-03-28_12,-100.0,100,0,0,56.669118191304506,79.6691181913045,0.06388888888888888,0.0,0.0,True,True,False,False,-788.75,0.0,175.67106003375392,0.0,0.0,0.0,-613.078939966246
2025-03-28T10:45:00Z,2025-03-28T11:00:00Z,2025-03-28,2025-03-28_12,-100.0,100,0,0,79.6691181913045,102.6691181913045,0.06388888888888888,0.0,0.0,True,True,False,False,-788.75,0.0,175.67106003375392,0.0,0.0,0.0,-613.078939966246
2025-03-28T11:00:00Z,2025-03-28T11:15:00Z,2025-03-28,2025-03-28_13,-95.00000000000001,100,5,0,102.6691181913045,124.49168253913061,0.060642237922705323,0.0795,0.0504,True,True,False,False,-1111.025,0.0,175.67106003375392,10.514948163626135,10.906092783090894,-2.0726559511371856,-916.0055549706664
2025-03-28T11:15:00Z,2025-03-28T11:30:00Z,2025-03-28,2025-03-28_13,-95.00000000000001,100,5,0,124.49168253913061,145.97118436521757,0.05979390603864736,0.426,0.027150000000000004,True,True,False,False,-1111.025,0.0,175.67106003375392,10.514948163626135,58.44019529052479,-1.0536035019689787,-867.4524000140642
2025-03-28T11:30:00Z,2025-03-28T11:45:00Z,2025-03-28,2025-03-28_13,-95.00000000000001,100,5,0,145.97118436521757,167.7383718869567,0.06050562355072465,0.1365,0.047725,True,True,False,False,-1111.025,0.0,175.67106003375392,10.514948163626135,18.725555533231535,-1.9171504158964878,-908.030586685285
2025-03-28T11:45:00Z,2025-03-28T12:00:00Z,2025-03-28,2025-03-28_13,-95.00000000000001,100,5,0,167.7383718869567,189.21119297391326,0.059769913647343006,0.4079999999999999,0.0017250000000000002,True,True,False,False,-1111.025,0.0,175.67106003375392,10.514948163626135,55.75767740898496,-0.1351663585951941,-869.2164807522303
2025-03-28T12:00:00Z,2025-03-28T12:15:00Z,2025-03-28,2025-03-28_14,0.0,100,100,0,189.21119297391326,188.48569123478282,0.0028126159420289853,0.7995,0.156,True,True,False,False,0.0,0.0,175.67106003375392,210.9619866591658,120.57170638109781,-8.828267298882906,498.3764857751346
2025-03-28T12:15:00Z,2025-03-28T12:30:00Z,2025-03-28,2025-03-28_14,0.0,100,100,0,188.48569123478282,185.307179930435,0.008836864734299517,2.9255,0.0015,True,True,False,False,0.0,0.0,175.67106003375392,210.9619866591658,478.75173872860245,-0.11753596399582095,865.2672494575263
2025-03-28T12:30:00Z,2025-03-28T12:45:00Z,2025-03-28,2025-03-28_14,0.0,100,100,0,185.307179930435,188.2661094956524,0.008228306763285025,0.0015,3.218,True,True,False,False,0.0,0.0,175.67106003375392,210.9619866591658,0.22422245439202768,-67.43239733183317,319.4248718154786
2025-03-28T12:45:00Z,2025-03-28T13:00:00Z,2025-03-28,2025-03-28_14,0.0,100,100,0,188.2661094956524,189.73902949565237,0.004091444444444444,0.0,1.601,True,True,False,False,0.0,0.0,175.67106003375392,210.9619866591658,0.0,-62.98525456079724,323.6477921321225
2025-03-28T13:00:00Z,2025-03-28T13:15:00Z,2025-03-28,2025-03-28_15,2.413344027503263,0,0,0,189.73902949565237,189.08322948817866,0.00182166668742698,0.0,0.0,True,False,False,False,42.25162056151338,0.0,0.0,0.0,0.0,0.0,42.25162056151338
2025-03-28T13:15:00Z,2025-03-28T13:30:00Z,2025-03-28,2025-03-28_15,2.413344027503263,0,0,0,189.08322948817866,188.42742948070494,0.00182166668742698,0.0,0.0,True,False,False,False,42.25162056151338,0.0,0.0,0.0,0.0,0.0,42.25162056151338
2025-03-28T13:30:00Z,2025-03-28T13:45:00Z,2025-03-28,2025-03-28_15,2.413344027503263,0,0,0,188.42742948070494,187.77162947323123,0.00182166668742698,0.0,0.0,True,False,False,False,42.25162056151338,0.0,0.0,0.0,0.0,0.0,42.25162056151338
2025-03-28T13:45:00Z,2025-03-28T14:00:00Z,2025-03-28,2025-03-28_15,2.413344027503263,0,0,0,187.77162947323123,187.1158294657575,0.00182166668742698,0.0,0.0,True,False,False,False,42.25162056151338,0.0,0.0,0.0,0.0,0.0,42.25162056151338
2025-03-28T14:00:00Z,2025-03-28T14:15:00Z,2025-03-28,2025-03-28_16,-0.6810165978675791,100,99,0,187.1158294657575,189.4924953980789,0.010161379802895451,0.5935,3.11355,True,True,False,False,-17.711539169041064,0.0,175.67106003375392,208.85236679257412,113.1570734549546,-89.54240003415576,390.4265610780858
2025-03-28T14:15:00Z,2025-03-28T14:30:00Z,2025-03-28,2025-03-28_16,-0.6810165978675791,100,99,0,189.4924953980789,188.37940958888882,0.004198084366095925,1.2155,0.054450000000000005,True,True,False,False,-17.711539169041064,0.0,175.67106003375392,208.85236679257412,232.0134345616009,-4.206878415575023,594.6184438033129
2025-03-28T14:30:00Z,2025-03-28T14:45:00Z,2025-03-28,2025-03-28_16,-0.6810165978675791,100,99,0,188.37940958888882,176.92428945829,0.03231773445017261,10.694,0.0,True,True,False,False,-17.711539169041064,0.0,175.67106003375392,208.85236679257412,9109.57470826971,0.0,9476.386595926997
2025-03-28T14:45:00Z,2025-03-28T15:00:00Z,2025-03-28,2025-03-28_16,-0.6810165978675791,100,99,0,176.92428945829,165.35127039999867,0.0326439674524055,10.803,0.000495,True,True,False,False,-17.711539169041064,0.0,175.67106003375392,208.85236679257412,9126.716123121434,-0.038786868118620914,9493.489223910603
2025-03-28T15:00:00Z,2025-03-28T15:15:00Z,2025-03-28,2025-03-28_17,0.0,100,100,0,165.35127039999867,165.24000953043347,0.002417391304347826,0.4515,0.41250000000000003,True,True,False,False,0.0,0.0,175.67106003375392,210.2989632725227,76.55588352889174,-29.067856927589812,433.4580499075786
2025-03-28T15:15:00Z,2025-03-28T15:30:00Z,2025-03-28,2025-03-28_17,0.0,100,100,0,165.24000953043347,165.07446866086826,0.000669391304347826,0.187,0.041,True,True,False,False,0.0,0.0,175.67106003375392,210.2989632725227,31.680855300168773,-3.1835134212006753,414.4673651852447
2025-03-28T15:30:00Z,2025-03-28T15:45:00Z,2025-03-28,2025-03-28_17,0.0,100,100,0,165.07446866086826,165.01477996521606,0.00036257971014492754,0.0875,0.0385,True,True,False,False,0.0,0.0,175.67106003375392,210.2989632725227,14.814348428835489,-3.016756409226071,397.767615325886
2025-03-28T15:45:00Z,2025-03-28T16:00:00Z,2025-03-28,2025-03-28_17,0.0,100,100,0,165.01477996521606,163.60658866086823,0.003962753623188406,1.304,0.01,True,True,False,False,0.0,0.0,175.67106003375392,210.2989632725227,247.47940368078437,-0.7515269629510568,632.6979000241099
2025-03-28T16:00:00Z,2025-03-28T16:15:00Z,2025-03-28,2025-03-28_18,37.99999999999934,62,100,0,163.60658866086823,163.4970042782597,0.03322440328502404,0.0,10.3885,True,True,False,False,1279.8399999999776,0.0,123.52788716547455,191.1616973398698,0.0,5850.548475950334,7445.078060455657
2025-03-28T16:15:00Z,2025-03-28T16:30:00Z,2025-03-28,2025-03-28_18,37.99999999999934,62,100,0,163.4970042782597,154.65130733912946,0.029402351497584096,0.01736,1.5245,True,True,False,False,1279.8399999999776,0.0,123.52788716547455,191.1616973398698,3.336369332154625,-108.14019860564173,1489.725755231835
2025-03-28T16:30:00Z,2025-03-28T16:45:00Z,2025-03-28,2025-03-28_18,37.99999999999934,62,100,0,154.65130733912946,144.6239599999992,0.029076933719806276,0.0744,0.386,True,True,False,False,1279.8399999999776,0.0,123.52788716547455,191.1616973398698,14.313120790806076,-28.230767499799086,1580.611937796329
2025-03-28T16:45:00Z,2025-03-28T17:00:00Z,2025-03-28,2025-03-28_18,37.99999999999934,62,100,0,144.6239599999992,134.28303526956458,0.029076537584540568,0.11408,0.11100000000000002,True,True,False,False,1279.8399999999776,0.0,123.52788716547455,191.1616973398698,21.890331977818853,-8.388849754882266,1608.0310667282586
2025-03-28T17:00:00Z,2025-03-28T17:15:00Z,2025-03-28,2025-03-28_19,100.0,0,100,0,134.28303526956458,129.92705700869502,0.01209993961352657,0.0,20.9925,True,True,False,False,4166.0,0.0,0.0,191.1616973398698,0.0,18549.41198163626,22906.573678976132
2025-03-28T17:15:00Z,2025-03-28T17:30:00Z,2025-03-28,2025-03-28_19,100.0,0,100,0,129.92705700869502,111.74553526956458,0.05050422705314009,0.0,8.273,True,True,False,False,4166.0,0.0,0.0,191.1616973398698,0.0,3962.975104878245,8320.136802218114
2025-03-28T17:30:00Z,2025-03-28T17:45:00Z,2025-03-28,2025-03-28_19,100.0,0,100,0,111.74553526956458,84.6362961391298,0.0753034420289855,0.0,0.05949999999999999,True,True,False,False,4166.0,0.0,0.0,191.1616973398698,0.0,-4.6418655067106,4352.5198318331595
2025-03-28T17:45:00Z,2025-03-28T18:00:00Z,2025-03-28,2025-03-28_19,100.0,0,100,0,84.6362961391298,57.50857874782545,0.07535477053140097,0.0,0.0425,True,True,False,False,4166.0,0.0,0.0,191.1616973398698,0.0,-3.263180603552198,4353.898516736318
2025-03-28T18:00:00Z,2025-03-28T18:15:00Z,2025-03-28,2025-03-28_20,0.0,100,100,0,57.50857874782545,53.00966570434719,0.012496980676328503,4.139,0.0,True,True,False,False,0.0,0.0,199.2385276862493,190.25757453990198,831.5837438720566,0.0,1221.079846098208
2025-03-28T18:15:00Z,2025-03-28T18:30:00Z,2025-03-28,2025-03-28_20,0.0,100,100,0,53.00966570434719,42.055861356521106,0.030427234299516912,10.0775,0.0,True,True,False,False,0.0,0.0,199.2385276862493,190.25757453990198,2566.3467757976377,0.0,2955.842878023789
2025-03-28T18:30:00Z,2025-03-28T18:45:00Z,2025-03-28,2025-03-28_20,0.0,100,100,0,42.055861356521106,29.40314396521676,0.03514643719806763,11.6405,0.0,True,True,False,False,0.0,0.0,199.2385276862493,190.25757453990198,2983.1342197420236,0.0,3372.630321968175
2025-03-28T18:45:00Z,2025-03-28T19:00:00Z,2025-03-28,2025-03-28_20,0.0,100,100,0,29.40314396521676,23.994119617390673,0.01513495652173913,4.9945,0.0215,True,True,False,False,0.0,0.0,199.2385276862493,190.25757453990198,1193.7980899903562,-1.6846821506067666,1581.6095100659006
2025-03-28T19:00:00Z,2025-03-28T19:15:00Z,2025-03-28,2025-03-28_21,0.0,100,100,0,23.994119617390673,11.085423965216762,0.03585748792270531,11.876,0.0,True,True,False,False,0.0,0.0,175.67106003375392,190.61922365988912,9715.289550751426,0.0,10081.579834445069
2025-03-28T19:15:00Z,2025-03-28T19:30:00Z,2025-03-28,2025-03-28_21,0.0,100,100,0,11.085423965216762,10.135356139129806,0.002940632850241546,0.924,0.05899999999999999,True,True,False,False,0.0,0.0,175.67106003375392,190.61922365988912,183.16519649602188,-4.544417744916819,544.911062444748
2025-03-28T19:30:00Z,2025-03-28T19:45:00Z,2025-03-28,2025-03-28_21,0.0,100,100,0,10.135356139129806,10.185401356521112,0.0007247632850241546,0.097,0.169,True,True,False,False,0.0,0.0,175.67106003375392,190.61922365988912,17.53676665595114,-12.404176243671143,371.42287410592303
2025-03-28T19:45:00Z,2025-03-28T20:00:00Z,2025-03-28,2025-03-28_21,0.0,100,100,0,10.185401356521112,19.23130135652111,0.0251275,0.0,9.8325,True,True,False,False,0.0,0.0,175.67106003375392,190.61922365988912,0.0,7488.3203442698705,7854.610627963513
2025-03-28T20:00:00Z,2025-03-28T20:15:00Z,2025-03-28,2025-03-28_22,10.99999999999998,89,100,0,19.23130135652111,19.27731321739068,0.014585570386473418,0.0,3.2344999999999997,True,True,False,False,351.1749999999994,0.0,156.347243430041,202.58378204613035,0.0,-47.38413827051354,662.7218872056573
2025-03-28T20:15:00Z,2025-03-28T20:30:00Z,2025-03-28,2025-03-28_22,10.99999999999998,89,100,0,19.27731321739068,19.025863304347208,0.01396985531400965,0.0,2.9175,True,True,False,False,351.1749999999994,0.0,156.347243430041,202.58378204613035,0.0,-141.8726111066463,568.2334143695244
2025-03-28T20:30:00Z,2025-03-28T20:45:00Z,2025-03-28,2025-03-28_22,10.99999999999998,89,100,0,19.025863304347208,19.769549704347213,0.016029684444444435,0.0,3.978,True,True,False,False,351.1749999999994,0.0,156.347243430041,202.58378204613035,0.0,897.9344735996143,1608.040499075785
2025-03-28T20:45:00Z,2025-03-28T21:00:00Z,2025-03-28,2025-03-28_22,10.99999999999998,89,100,0,19.769549704347213,24.305639130434177,0.023879566038647337,0.0,8.0195,True,True,False,False,351.1749999999994,0.0,156.347243430041,202.58378204613035,0.0,196.52222042513864,906.6282459013094
2025-03-28T21:00:00Z,2025-03-28T21:15:00Z,2025-03-28,2025-03-28_23,0.0,100,100,0,24.305639130434177,13.93791478260809,0.031221900966183574,9.9395,0.4739999999999999,True,True,False,False,0.0,0.0,175.67106003375392,202.2522703528088,2238.72998844732,-20.4411785742988,2596.212140259584
2025-03-28T21:15:00Z,2025-03-28T21:30:00Z,2025-03-28,2025-03-28_23,0.0,100,100,0,13.93791478260809,13.725543478260263,0.0014511425120772947,0.338,0.1685,True,True,False,False,0.0,0.0,175.67106003375392,202.2522703528088,59.43943100538456,-12.62053895764687,424.7422224343004
2025-03-28T21:30:00Z,2025-03-28T21:45:00Z,2025-03-28,2025-03-28_23,0.0,100,100,0,13.725543478260263,9.999999999999394,0.01034873188405797,3.4275,0.0,True,True,False,False,0.0,0.0,175.67106003375392,202.2522703528088,673.6230224825204,0.0,1051.546352869083
2025-03-28T21:45:00Z,2025-03-28T22:00:00Z,2025-03-28,2025-03-28_23,0.0,100,100,0,9.999999999999394,12.701082608695046,0.009184770531400967,0.2785,3.2649999999999997,True,True,False,False,0.0,0.0,175.67106003375392,202.2522703528088,47.22374517801174,-134.06560214578477,291.0814734187897
2025-03-28T22:00:00Z,2025-03-28T22:15:00Z,2025-03-29,2025-03-28_24,-1.5911369317591721,100,98,0,12.701082608695046,14.681809702999654,0.005502019706401693,0.0,1.75518,True,True,False,False,-44.33305276113993,0.0,176.08944608522697,204.08052558616114,0.0,-98.38359932493522,237.45331958531295
2025-03-28T22:15:00Z,2025-03-28T22:30:00Z,2025-03-29,2025-03-28_24,-1.5911369317591721,100,98,0,14.681809702999654,16.329846397304266,0.004577879706401693,0.0,1.39356,True,True,False,False,-44.33305276113993,0.0,176.08944608522697,204.08052558616114,0.0,-85.90498188174311,249.93193702850508
2025-03-28T22:30:00Z,2025-03-28T22:45:00Z,2025-03-29,2025-03-28_24,-1.5911369317591721,100,98,0,16.329846397304266,14.084162105695437,0.008122194455941895,2.4165,0.009309999999999999,True,True,False,False,-44.33305276113993,0.0,176.08944608522697,204.08052558616114,465.904870411669,-0.7294918931951058,801.012297428722
2025-03-28T22:45:00Z,2025-03-28T23:00:00Z,2025-03-29,2025-03-28_24,-1.5911369317591721,100,98,0,14.084162105695437,19.06316000000005,0.013830549706401695,0.0,5.01417,True,True,False,False,-44.33305276113993,0.0,176.08944608522697,204.08052558616114,0.0,-202.21592629136282,133.62099261888537
2025-03-28T23:00:00Z,2025-03-28T23:15:00Z,2025-03-29,2025-03-29_1,0.0,100,100,0,19.06316000000005,11.58276347826092,0.02150976811594203,7.002999999999999,0.143,True,True,False,False,0.0,0.0,175.6675305888735,208.245434271593,1386.7608687440982,-7.3636107930002215,1763.3102228115645
2025-03-28T23:15:00Z,2025-03-28T23:30:00Z,2025-03-29,2025-03-29_1,0.0,100,100,0,11.58276347826092,10.000000000000052,0.004634231884057971,1.4955,0.0465,True,True,False,False,0.0,0.0,175.6675305888735,208.245434271593,277.83164818274975,-2.906490567174975,658.8381224760412
2025-03-28T23:30:00Z,2025-03-28T23:45:00Z,2025-03-29,2025-03-29_1,0.0,100,100,0,10.000000000000052,10.005208695652225,0.0004583091787439613,0.0735,0.0925,True,True,False,False,0.0,0.0,175.6675305888735,208.245434271593,10.986679525043698,-6.845795411166698,388.0538489743435
2025-03-28T23:45:00Z,2025-03-29T00:00:00Z,2025-03-29,2025-03-29_1,0.0,100,100,0,10.005208695652225,10.315085217391356,0.000933231884057971,0.012,0.351,True,True,False,False,0.0,0.0,175.6675305888735,208.245434271593,1.793743595925502,-22.52449219456332,363.18221626182867
2025-03-29T00:00:00Z,2025-03-29T00:15:00Z,2025-03-29,2025-03-29_2,-27.799835505926485,100,72,0,10.315085217391356,16.512166963197096,0.018258315199480353,0.2395,0.05688,True,True,False,False,-646.7631730453796,0.0,175.6675305888735,149.93671267554697,42.23385912040665,-4.362719884274607,-283.28779054482715
2025-03-29T00:15:00Z,2025-03-29T00:30:00Z,2025-03-29,2025-03-29_2,-27.799835505926485,100,72,0,16.512166963197096,20.571150899369382,0.021058600856801096,2.244,0.0,True,True,False,False,-646.7631730453796,0.0,175.6675305888735,149.93671267554697,411.0483394611537,0.0,89.88940968019455
2025-03-29T00:30:00Z,2025-03-29T00:45:00Z,2025-03-29,2025-03-29_2,-27.799835505926485,100,72,0,20.571150899369382,26.11371297284417,0.018968954721179546,0.8195000000000001,0.00144,True,True,False,False,-646.7631730453796,0.0,175.6675305888735,149.93671267554697,144.23647841199048,-0.11283225845337835,-177.03528362742207
2025-03-29T00:45:00Z,2025-03-29T01:00:00Z,2025-03-29,2025-03-29_2,-27.799835505926485,100,72,0,26.11371297284417,25.964221217391362,0.027002060004236245,6.2885,0.0,True,True,False,False,-646.7631730453796,0.0,175.6675305888735,149.93671267554697,1234.7939053301993,0.0,913.6349755492402
2025-03-29T01:00:00Z,2025-03-29T01:15:00Z,2025-03-29,2025-03-29_3,-28.0,100,72,0,25.964221217391362,14.00813043478267,0.04367994106280192,17.685,0.0,True,True,False,False,-577.0799999999999,0.0,175.6675305888735,149.93671267554697,18306.726900126574,0.0,18055.251143390993
2025-03-29T01:15:00Z,2025-03-29T01:30:00Z,2025-03-29,2025-03-29_3,-28.0,100,72,0,14.00813043478267,15.12070160000006,0.025357866763285025,5.1215,0.0,True,True,False,False,-577.0799999999999,0.0,175.6675305888735,149.93671267554697,1014.7768684829126,0.0,763.3011117473332
2025-03-29T01:30:00Z,2025-03-29T01:45:00Z,2025-03-29,2025-03-29_3,-28.0,100,72,0,15.12070160000006,21.38495819130441,0.018455060579710143,0.2425,0.08316,True,True,False,False,-577.0799999999999,0.0,175.6675305888735,149.93671267554697,38.94051192413558,-4.960444795370984,-217.49568960681486
2025-03-29T01:45:00Z,2025-03-29T02:00:00Z,2025-03-29,2025-03-29_3,-28.0,100,72,0,21.38495819130441,31.54632139130441,0.02822600888888889,0.0,4.04496,True,True,False,False,-577.0799999999999,0.0,175.6675305888735,149.93671267554697,0.0,-146.01206041829906,-397.4878171538785
2025-03-29T02:00:00Z,2025-03-29T02:15:00Z,2025-03-29,2025-03-29_4,0.0,100,100,0,31.54632139130441,35.09890139130441,0.009868277777777778,0.0,3.8614999999999995,True,True,False,False,0.0,0.0,175.6675305888735,207.03996142486892,0.0,-144.2912979928877,238.4161940208547
2025-03-29T02:15:00Z,2025-03-29T02:30:00Z,2025-03-29,2025-03-29_4,0.0,100,100,0,35.09890139130441,43.84258139130441,0.024287999999999997,0.0,9.504,True,True,False,False,0.0,0.0,175.6675305888735,207.03996142486892,0.0,25.753008257489004,408.4605002712314
2025-03-29T02:30:00Z,2025-03-29T02:45:00Z,2025-03-29,2025-03-29_4,0.0,100,100,0,43.84258139130441,49.791761391304405,0.016525500000000002,0.0,6.4665,True,True,False,False,0.0,0.0,175.6675305888735,207.03996142486892,0.0,-116.07297992887712,266.63451208486526
2025-03-29T02:45:00Z,2025-03-29T03:00:00Z,2025-03-29,2025-03-29_4,0.0,100,100,0,49.791761391304405,52.62444139130441,0.007868555555555556,0.0,3.079,True,True,False,False,0.0,0.0,175.6675305888735,207.03996142486892,0.0,-116.42087919152958,266.2866128222128
2025-03-29T03:00:00Z,2025-03-29T03:15:00Z,2025-03-29,2025-03-29_5,0.0,100,100,0,52.62444139130441,54.124838782608755,0.004222118357487923,0.009,1.6415,True,True,False,False,0.0,0.0,175.6675305888735,207.03996142486892,1.3453076969441262,-70.59772487091395,313.4550748397726
2025-03-29T03:15:00Z,2025-03-29T03:30:00Z,2025-03-29,2025-03-29_5,0.0,100,100,0,54.124838782608755,54.198516173913106,0.0008840072463768116,0.11250000000000002,0.213,True,True,False,False,0.0,0.0,175.6675305888735,207.03996142486892,16.9320716050871,-11.218607678862034,388.4209559399675
2025-03-29T03:30:00Z,2025-03-29T03:45:00Z,2025-03-29,2025-03-29_5,0.0,100,100,0,54.198516173913106,53.830232695652235,0.0015494541062801932,0.426,0.103,True,True,False,False,0.0,0.0,175.6675305888735,207.03996142486892,66.37624856850101,-5.793830189058324,443.2899103931851
2025-03-29T03:45:00Z,2025-03-29T04:00:00Z,2025-03-29,2025-03-29_5,0.0,100,100,0,53.830232695652235,53.64119269565224,0.0006554444444444444,0.1955,0.025499999999999995,True,True,False,False,0.0,0.0,175.6675305888735,207.03996142486892,29.560591384887392,-1.9980712434452412,410.2700121551846
2025-03-29T04:00:00Z,2025-03-29T04:15:00Z,2025-03-29,2025-03-29_6,0.0,100,100,0,53.64119269565224,52.77465530434789,0.002746937198067633,0.8535000000000001,0.0665,True,True,False,False,0.0,0.0,175.54698330420106,196.552347658369,154.15763938279792,-3.957947782934523,522.2990225624335
2025-03-29T04:15:00Z,2025-03-29T04:30:00Z,2025-03-29,2025-03-29_6,0.0,100,100,0,52.77465530434789,52.385443130434844,0.0011169227053140097,0.364,0.007000000000000001,True,True,False,False,0.0,0.0,175.54698330420106,196.552347658369,59.93512707692926,-0.5484901452594781,431.4859678942399
2025-03-29T04:30:00Z,2025-03-29T04:45:00Z,2025-03-29,2025-03-29_6,0.0,100,100,0,52.385443130434844,52.2366309565218,0.0007430338164251208,0.1915,0.0645,True,True,False,False,0.0,0.0,175.54698330420106,196.552347658369,30.5855968095152,-4.6697803025736855,398.0151474695116
2025-03-29T04:45:00Z,2025-03-29T05:00:00Z,2025-03-29,2025-03-29_6,0.0,100,100,0,52.2366309565218,44.09587008695658,0.022613224637681156,7.489499999999999,0.0,True,True,False,False,0.0,0.0,175.54698330420106,196.552347658369,1483.206297088783,0.0,1855.305628051353
2025-03-29T05:00:00Z,2025-03-29T05:15:00Z,2025-03-29,2025-03-29_7,-100.0,100,0,0,44.09587008695658,55.61933008695658,0.032009611111111114,12.4745,0.0,True,True,False,False,-500.0,0.0,184.22638780061482,0.0,9807.310896771343,0.0,9491.537284571958
2025-03-29T05:15:00Z,2025-03-29T05:30:00Z,2025-03-29,2025-03-29_7,-100.0,100,0,0,55.61933008695658,73.61913008695657,0.049999444444444444,5.435,0.0,True,True,False,False,-500.0,0.0,184.22638780061482,0.0,1710.8003696783398,0.0,1395.0267574789546
2025-03-29T05:30:00Z,2025-03-29T05:45:00Z,2025-03-29,2025-03-29_7,-100.0,100,0,0,73.61913008695657,96.09979008695657,0.062446277777777774,0.5645,0.0,True,True,False,False,-500.0,0.0,184.22638780061482,0.0,62.326026158760776,0.0,-253.4475860406244
2025-03-29T05:45:00Z,2025-03-29T06:00:00Z,2025-03-29,2025-03-29_7,-100.0,100,0,0,96.09979008695657,118.84127008695658,0.06317077777777778,0.281,0.0,True,True,False,False,-500.0,0.0,184.22638780061482,0.0,31.02500150684106,0.0,-284.7486106925441
2025-03-29T06:00:00Z,2025-03-29T06:15:00Z,2025-03-29,2025-03-29_8,0.0,100,100,0,118.84127008695658,119.21613443478267,0.0011590434782608697,0.0195,0.4305,True,True,False,False,0.0,0.0,184.22638780061482,190.61539388825267,3.2909408715568684,-20.134803206557773,357.99791935386656
2025-03-29T06:15:00Z,2025-03-29T06:30:00Z,2025-03-29,2025-03-29_8,0.0,100,100,0,119.21613443478267,119.07692400000008,0.00045569565217391307,0.1395,0.0135,True,True,False,False,0.0,0.0,184.22638780061482,190.61539388825267,24.328516364293897,-1.057802423000422,398.11249563016094
2025-03-29T06:30:00Z,2025-03-29T06:45:00Z,2025-03-29,2025-03-29_8,0.0,100,100,0,119.07692400000008,118.76212573913051,0.0008948840579710145,0.293,0.004,True,True,False,False,0.0,0.0,184.22638780061482,190.61539388825267,52.206898117453235,-0.3134229401482732,426.73525686617245
2025-03-29T06:45:00Z,2025-03-29T07:00:00Z,2025-03-29,2025-03-29_8,0.0,100,100,0,118.76212573913051,118.79451704347834,0.0005489130434782609,0.076,0.125,True,True,False,False,0.0,0.0,184.22638780061482,190.61539388825267,10.760291724428908,-8.380949510778937,377.22112390251743
2025-03-29T07:00:00Z,2025-03-29T07:15:00Z,2025-03-29,2025-03-29_9,0.0,100,100,0,118.79451704347834,118.7203100869566,0.000980463768115942,0.1965,0.1515,True,True,False,False,0.0,0.0,175.54698330420106,196.552347658369,29.372551383280094,-8.97013441022241,392.50174793562775
2025-03-29T07:15:00Z,2025-03-29T07:30:00Z,2025-03-29,2025-03-29_9,0.0,100,100,0,118.7203100869566,118.59448052173921,0.0004747487922705314,0.1365,0.0245,True,True,False,False,0.0,0.0,175.54698330420106,196.552347658369,20.403833403652584,-1.911879131255902,390.59128523496673
2025-03-29T07:30:00Z,2025-03-29T07:45:00Z,2025-03-29,2025-03-29_9,0.0,100,100,0,118.59448052173921,118.55859095652183,0.0005162487922705314,0.10199999999999998,0.0815,True,True,False,False,0.0,0.0,175.54698330420106,196.552347658369,15.246820565366763,-5.792504470295141,381.5536470576417
2025-03-29T07:45:00Z,2025-03-29T08:00:00Z,2025-03-29,2025-03-29_9,0.0,100,100,0,118.55859095652183,118.677199652174,0.000564975845410628,0.039,0.175,True,True,False,False,0.0,0.0,175.54698330420106,196.552347658369,5.829666686757881,-10.989984529765135,366.9390131195628
2025-03-29T08:00:00Z,2025-03-29T08:15:00Z,2025-03-29,2025-03-29_10,0.0,100,100,0,118.677199652174,118.41779704347834,0.0007921183574879228,0.2505,0.014000000000000002,True,True,False,False,0.0,0.0,175.54698330420106,202.57971189198963,37.44439756494485,-1.0969802905189563,414.4741124706166
2025-03-29T08:15:00Z,2025-03-29T08:30:00Z,2025-03-29,2025-03-29_10,0.0,100,100,0,118.41779704347834,118.44278573913051,0.0005132536231884058,0.0735,0.11399999999999999,True,True,False,False,0.0,0.0,175.54698330420106,202.57971189198963,10.986679525043698,-7.259967452233138,381.85340726900125
2025-03-29T08:30:00Z,2025-03-29T08:45:00Z,2025-03-29,2025-03-29_10,0.0,100,100,0,118.44278573913051,118.50469704347833,0.0005614685990338164,0.0645,0.1435,True,True,False,False,0.0,0.0,175.54698330420106,202.57971189198963,9.641371828099572,-10.612190143250356,377.1558768810399
2025-03-29T08:45:00Z,2025-03-29T09:00:00Z,2025-03-29,2025-03-29_10,0.0,100,100,0,118.50469704347833,118.44761182608703,0.0005751256038647343,0.1215,0.0815,True,True,False,False,0.0,0.0,175.54698330420106,202.57971189198963,18.161653908745706,-5.289517509493099,390.9988315954433
2025-03-29T09:00:00Z,2025-03-29T09:15:00Z,2025-03-29,2025-03-29_11,0.0,100,100,0,118.44761182608703,118.13981269565225,0.0012102198067632853,0.342,0.0695,True,True,False,False,0.0,0.0,175.54698330420106,207.03996142486892,51.12169248387681,-3.8103029755088107,429.898334237438
2025-03-29T09:15:00Z,2025-03-29T09:30:00Z,2025-03-29,2025-03-29_11,0.0,100,100,0,118.13981269565225,109.80448660869573,0.023153683574879222,7.6685,0.0,True,True,False,False,0.0,0.0,175.54698330420106,207.03996142486892,4834.911213810701,0.0,5217.498158539771
2025-03-29T09:30:00Z,2025-03-29T09:45:00Z,2025-03-29,2025-03-29_11,0.0,100,100,0,109.80448660869573,109.66997356521748,0.0007314251207729468,0.183,0.07,True,True,False,False,0.0,0.0,175.54698330420106,207.03996142486892,27.3545898378639,-5.280469330761659,404.66106523617225
2025-03-29T09:45:00Z,2025-03-29T10:00:00Z,2025-03-29,2025-03-29_11,0.0,100,100,0,109.66997356521748,109.65063356521748,0.00036294444444444444,0.069,0.0605,True,True,False,False,0.0,0.0,175.54698330420106,207.03996142486892,10.314025676571637,-4.59185190766078,388.3091184979808
2025-03-29T10:00:00Z,2025-03-29T10:15:00Z,2025-03-29,2025-03-29_12,0.0,100,100,0,109.65063356521748,109.09972052173921,0.0016580917874396137,0.528,0.025,True,True,False,False,0.0,0.0,175.54698330420106,207.03996142486892,79.27192333192697,-1.8473871376047257,460.01148092339224
2025-03-29T10:15:00Z,2025-03-29T10:30:00Z,2025-03-29,2025-03-29_12,0.0,100,100,0,109.09972052173921,107.47823356521747,0.004529685990338163,1.496,0.005,True,True,False,False,0.0,0.0,175.54698330420106,207.03996142486892,259.80049424386715,-0.3917786751853415,641.9956602977518
2025-03-29T10:30:00Z,2025-03-29T10:45:00Z,2025-03-29,2025-03-29_12,0.0,100,100,0,107.47823356521747,103.3495605217392,0.011580980676328503,3.817,0.022,True,True,False,False,0.0,0.0,175.54698330420106,207.03996142486892,731.4632139915217,-1.7238261708155025,1112.3263325497762
2025-03-29T10:45:00Z,2025-03-29T11:00:00Z,2025-03-29,2025-03-29_12,0.0,100,100,0,103.3495605217392,99.84738660869573,0.009728260869565217,3.222,0.0,True,True,False,False,0.0,0.0,175.54698330420106,207.03996142486892,602.9716038816226,0.0,985.5585486106926
2025-03-29T11:00:00Z,2025-03-29T11:15:00Z,2025-03-29,2025-03-29_13,0.0,100,100,0,99.84738660869573,99.4132805217392,0.0013515169082125604,0.4235,0.028499999999999998,True,True,False,False,0.0,0.0,175.54698330420106,207.34132963654994,68.73372752295421,-1.6012690615393887,450.02077140216585
2025-03-29T11:15:00Z,2025-03-29T11:30:00Z,2025-03-29,2025-03-29_13,0.0,100,100,0,99.4132805217392,98.66487182608702,0.0021300241545893716,0.697,0.01,True,True,False,False,0.0,0.0,175.54698330420106,207.34132963654994,119.94483153516967,-0.783557350370683,502.04958712555
2025-03-29T11:30:00Z,2025-03-29T11:45:00Z,2025-03-29,2025-03-29_13,0.0,100,100,0,98.66487182608702,98.64201008695659,0.00018106038647342995,0.0405,0.023,True,True,False,False,0.0,0.0,175.54698330420106,207.34132963654994,6.0538846362485685,-1.8021819058525708,387.140015671147
2025-03-29T11:45:00Z,2025-03-29T12:00:00Z,2025-03-29,2025-03-29_13,0.0,100,100,0,98.64201008695659,98.59612313043485,0.0004341304347826087,0.093,0.06,True,True,False,False,0.0,0.0,175.54698330420106,207.34132963654994,14.08473630281478,-4.069471400156712,392.9035778434091
2025-03-29T12:00:00Z,2025-03-29T12:15:00Z,2025-03-29,2025-03-29_14,-99.97635542036883,100,0,0,98.59612313043485,121.37493561995834,0.0632748139596621,0.2345,0.0,True,True,False,False,-1839.5649397347863,0.0,175.54698330420106,0.0,36.898285013963395,0.0,-1627.119671416622
2025-03-29T12:15:00Z,2025-03-29T12:30:00Z,2025-03-29,2025-03-29_14,-99.97635542036883,100,0,0,121.37493561995834,143.60586460142397,0.06175376558867827,0.83,0.0,True,True,False,False,-1839.5649397347863,0.0,175.54698330420106,0.0,135.1042492917847,0.0,-1528.9137071388006
2025-03-29T12:30:00Z,2025-03-29T12:45:00Z,2025-03-29,2025-03-29_14,-99.97635542036883,100,0,0,143.60586460142397,166.52866326896773,0.06367455211257389,0.078,0.0,True,True,False,False,-1839.5649397347863,0.0,175.54698330420106,0.0,11.659333373515762,0.0,-1652.3586230570695
2025-03-29T12:45:00Z,2025-03-29T13:00:00Z,2025-03-29,2025-03-29_14,-99.97635542036883,100,0,0,166.52866326896773,189.44686173913064,0.0636617809255799,0.083,0.0,True,True,False,False,-1839.5649397347863,0.0,175.54698330420106,0.0,12.406726538484723,0.0,-1651.6112298921005
2025-03-29T13:00:00Z,2025-03-29T13:15:00Z,2025-03-29,2025-03-29_15,0.0,100,100,0,189.44686173913064,189.58324000000022,0.0005539492753623188,0.029,0.1825,True,True,False,False,0.0,0.0,175.54698330420106,207.03996142486892,4.334880356819963,-11.704045868241819,375.2177792176481
2025-03-29T13:15:00Z,2025-03-29T13:30:00Z,2025-03-29,2025-03-29_15,0.0,100,100,0,189.58324000000022,189.98206521739152,0.0012074855072463767,0.0165,0.453,True,True,False,False,0.0,0.0,175.54698330420106,207.03996142486892,2.466397444397565,-20.189276113555547,364.864066059912
2025-03-29T13:30:00Z,2025-03-29T13:45:00Z,2025-03-29,2025-03-29_15,0.0,100,100,0,189.98206521739152,183.32010869565238,0.018505434782608694,6.129,0.0,True,True,False,False,0.0,0.0,175.54698330420106,207.03996142486892,1199.5381345307699,0.0,1582.1250792598398
2025-03-29T13:45:00Z,2025-03-29T14:00:00Z,2025-03-29,2025-03-29_15,0.0,100,100,0,183.32010869565238,180.7759252173915,0.007171954106280193,2.358,0.0205,True,True,False,False,0.0,0.0,175.54698330420106,207.03996142486892,411.97277319028393,-1.6062925682599003,792.953425351094
2025-03-29T14:00:00Z,2025-03-29T14:15:00Z,2025-03-29,2025-03-29_16,0.0,100,100,0,180.7759252173915,184.23926521739148,0.009620388888888888,0.0,3.7645,True,True,False,False,0.0,0.0,175.54698330420106,202.57971189198963,0.0,-145.9444304140799,232.1822647821108
2025-03-29T14:15:00Z,2025-03-29T14:30:00Z,2025-03-29,2025-03-29_16,0.0,100,100,0,184.23926521739148,185.20388521739147,0.0026795,0.0,1.0485,True,True,False,False,0.0,0.0,175.54698330420106,202.57971189198963,0.0,-43.9930570791393,334.1336381170514
2025-03-29T14:30:00Z,2025-03-29T14:45:00Z,2025-03-29,2025-03-29_16,0.0,100,100,0,185.20388521739147,183.92126000000016,0.004045847826086957,1.26,0.0945,True,True,False,False,0.0,0.0,175.54698330420106,202.57971189198963,225.65272738231573,-5.3231601470676875,598.4562624314387
2025-03-29T14:45:00Z,2025-03-29T15:00:00Z,2025-03-29,2025-03-29_16,0.0,100,100,0,183.92126000000016,178.82343391304363,0.014160628019323671,4.69,0.0,True,True,False,False,0.0,0.0,175.54698330420106,202.57971189198963,845.8263717276436,0.0,1223.9530669238343
2025-03-29T15:00:00Z,2025-03-29T15:15:00Z,2025-03-29,2025-03-29_17,7.905839246394874,92,100,0,178.82343391304363,178.86328537985594,0.011221487961808073,0.05382,2.4075,True,True,False,False,225.25712472790593,0.0,161.50322463986498,202.57971189198963,8.437541751552047,-114.52131125308904,483.25629175822354
2025-03-29T15:15:00Z,2025-03-29T15:30:00Z,2025-03-29,2025-03-29_17,7.905839246394874,92,100,0,178.86328537985594,176.98709456542306,0.0074921995519976,0.1656,0.48449999999999993,True,True,False,False,225.25712472790593,0.0,161.50322463986498,202.57971189198963,29.511222228919294,-31.259901452594775,587.5913820360851
2025-03-29T15:30:00Z,2025-03-29T15:45:00Z,2025-03-29,2025-03-29_17,7.905839246394874,92,100,0,176.98709456542306,174.07070087742142,0.008141103374287537,0.71392,0.0085,True,True,False,False,225.25712472790593,0.0,161.50322463986498,202.57971189198963,139.64649852731404,-0.6660237478150806,728.3205360392595
2025-03-29T15:45:00Z,2025-03-29T16:00:00Z,2025-03-29,2025-03-29_17,7.905839246394874,92,100,0,174.07070087742142,171.8040583098693,0.006882255197240223,0.21574,0.1245,True,True,False,False,225.25712472790593,0.0,161.50322463986498,202.57971189198963,35.48745936551946,-8.446754565728407,616.3807660595515
2025-03-29T16:00:00Z,2025-03-29T16:15:00Z,2025-03-29,2025-03-29_18,0.8553348000001096,99,100,0,171.8040583098693,186.17257905305394,0.040385367689957326,0.0,15.845999999999998,True,True,False,False,27.394235307003516,0.0,174.74624796576458,190.61539388825267,0.0,12747.62356217226,13140.379439333281
2025-03-29T16:15:00Z,2025-03-29T16:30:00Z,2025-03-29,2025-03-29_18,0.8553348000001096,99,100,0,186.17257905305394,188.17573816032007,0.006881188808299817,0.025244999999999997,2.456,True,True,False,False,27.394235307003516,0.0,174.74624796576458,190.61539388825267,4.861390793201133,-113.81741426074379,283.7998536934781
2025-03-29T16:30:00Z,2025-03-29T16:45:00Z,2025-03-29,2025-03-29_18,0.8553348000001096,99,100,0,188.17573816032007,189.74635108260873,0.005771974325198138,0.03663,2.0,True,True,False,False,27.394235307003516,0.0,174.74624796576458,190.61539388825267,6.574442155385451,-97.426315472244,301.9040038441622
2025-03-29T16:45:00Z,2025-03-29T17:00:00Z,2025-03-29,2025-03-29_18,0.8553348000001096,99,100,0,189.74635108260873,185.25638510434783,0.012472127717391387,3.9169350000000005,0.0,True,True,False,False,27.394235307003516,0.0,174.74624796576458,190.61539388825267,797.7096683141464,0.0,1190.4655454751671
2025-03-29T17:00:00Z,2025-03-29T17:15:00Z,2025-03-29,2025-03-29_19,99.0,1,100,0,185.25638510434783,158.40489861739127,0.07459004357487924,0.00379,0.0505,True,True,False,False,3912.975,0.0,1.7651136158158038,190.61539388825267,0.7525342615474253,-3.9569646193719494,4102.151077146244
2025-03-29T17:15:00Z,2025-03-29T17:30:00Z,2025-03-29,2025-03-29_19,99.0,1,100,0,158.40489861739127,131.5800773217391,0.07451707248792269,0.000725,0.072,True,True,False,False,3912.975,0.0,1.7651136158158038,190.61539388825267,0.13321687461073273,-5.504999095895364,4099.983725282784
2025-03-29T17:30:00Z,2025-03-29T17:45:00Z,2025-03-29,2025-03-29_19,99.0,1,100,0,131.5800773217391,104.67897869565215,0.07472596396135266,0.012490000000000001,0.0135,True,True,False,False,3912.975,0.0,1.7651136158158038,190.61539388825267,2.5000777771080713,-1.057802423000422,4106.797782858176
2025-03-29T17:45:00Z,2025-03-29T18:00:00Z,2025-03-29,2025-03-29_19,99.0,1,100,0,104.67897869565215,77.71375043478258,0.07490341183574879,0.05801,0.0,True,True,False,False,3912.975,0.0,1.7651136158158038,190.61539388825267,11.87810489622888,0.0,4117.233612400298
2025-03-29T18:00:00Z,2025-03-29T18:15:00Z,2025-03-29,2025-03-29_20,0.0,100,100,0,77.71375043478258,71.25994608695649,0.017927234299516908,5.9375,0.0,True,True,False,False,0.0,0.0,175.6675305888735,190.61539388825267,1426.655767183011,0.0,1792.9386916601372
2025-03-29T18:15:00Z,2025-03-29T18:30:00Z,2025-03-29,2025-03-29_20,0.0,100,100,0,71.25994608695649,60.315924347826055,0.03040006038647343,10.0685,0.0,True,True,False,False,0.0,0.0,175.6675305888735,190.61539388825267,2478.0469289574676,0.0,2844.3298534345936
2025-03-29T18:30:00Z,2025-03-29T18:45:00Z,2025-03-29,2025-03-29_20,0.0,100,100,0,60.315924347826055,43.89581565217388,0.045611413043478266,15.1065,0.0,True,True,False,False,0.0,0.0,175.6675305888735,190.61539388825267,4906.855130492436,0.0,5273.138054969562
2025-03-29T18:45:00Z,2025-03-29T19:00:00Z,2025-03-29,2025-03-29_20,0.0,100,100,0,43.89581565217388,34.62244608695649,0.02575935990338164,8.5315,0.0,True,True,False,False,0.0,0.0,175.6675305888735,190.61539388825267,2033.125716050871,0.0,2399.4086405279972
2025-03-29T19:00:00Z,2025-03-29T19:15:00Z,2025-03-29,2025-03-29_21,0.0,100,100,0,34.62244608695649,16.124619999999965,0.051382850241545895,17.018,0.0,True,True,False,False,0.0,0.0,175.54698330420106,190.61539388825267,14149.417500251142,0.0,14515.579877443595
2025-03-29T19:15:00Z,2025-03-29T19:30:00Z,2025-03-29,2025-03-29_21,0.0,100,100,0,16.124619999999965,15.33909130434779,0.0023046908212560387,0.743,0.024,True,True,False,False,0.0,0.0,175.54698330420106,190.61539388825267,144.35513872983344,-1.8765210053643542,508.6409949169228
2025-03-29T19:30:00Z,2025-03-29T19:45:00Z,2025-03-29,2025-03-29_21,0.0,100,100,0,15.33909130434779,14.517062608695614,0.0023421908212560385,0.766,0.0115,True,True,False,False,0.0,0.0,175.54698330420106,190.61539388825267,150.21313402848935,-0.9010909529262854,515.4744202680168
2025-03-29T19:45:00Z,2025-03-29T20:00:00Z,2025-03-29,2025-03-29_21,0.0,100,100,0,14.517062608695614,16.37437739130431,0.005198458937198068,0.0065,2.0265,True,True,False,False,0.0,0.0,175.54698330420106,190.61539388825267,1.1129531071062626,-98.77299349044664,268.50233680911333
2025-03-29T20:00:00Z,2025-03-29T20:15:00Z,2025-03-29,2025-03-29_22,0.0,100,100,0,16.37437739130431,13.426703478260832,0.008699094202898551,2.7965,0.1,True,True,False,False,0.0,0.0,175.54698330420106,203.2427219576879,539.6874740321058,-6.130974624796576,912.3462046691982
2025-03-29T20:15:00Z,2025-03-29T20:30:00Z,2025-03-29,2025-03-29_22,0.0,100,100,0,13.426703478260832,10.704596521739093,0.007722408212560386,2.531,0.0315,True,True,False,False,0.0,0.0,175.54698330420106,203.2427219576879,493.5310160126977,-2.506380567777711,869.8143407068089
2025-03-29T20:30:00Z,2025-03-29T20:45:00Z,2025-03-29,2025-03-29_22,0.0,100,100,0,10.704596521739093,9.999999999999963,0.0019981014492753625,0.655,0.008,True,True,False,False,0.0,0.0,175.54698330420106,203.2427219576879,110.84466578265327,-0.6429188515862014,488.99145219295605
2025-03-29T20:45:00Z,2025-03-29T21:00:00Z,2025-03-29,2025-03-29_22,0.0,100,100,0,9.999999999999963,11.415476521739093,0.004212676328502415,0.0465,1.5934999999999997,True,True,False,False,0.0,0.0,175.54698330420106,203.2427219576879,6.9507564342113195,-69.92664617362826,315.81381552247205
2025-03-29T21:00:00Z,2025-03-29T21:15:00Z,2025-03-29,2025-03-29_23,-9.523864252915033,100,90,0,11.415476521739093,12.78592155128429,0.012152341105842469,1.5275,0.8869500000000001,True,True,False,False,-207.0964281796374,0.0,175.54698330420106,182.9184497619191,255.65684608120873,-34.2222314809234,372.80361948676807
2025-03-29T21:15:00Z,2025-03-29T21:30:00Z,2025-03-29,2025-03-29_23,-9.523864252915033,100,90,0,12.78592155128429,12.886541415425402,0.010990759533976522,1.9604999999999997,0.0108,True,True,False,False,-207.0964281796374,0.0,175.54698330420106,182.9184497619191,336.4333488035682,-0.8489542523054668,486.95339943774553
2025-03-29T21:30:00Z,2025-03-29T21:45:00Z,2025-03-29,2025-03-29_23,-9.523864252915033,100,90,0,12.886541415425402,12.932776463482753,0.011066427293254962,2.002,0.0,True,True,False,False,-207.0964281796374,0.0,175.54698330420106,182.9184497619191,342.357968376429,0.0,493.72697326291177
2025-03-29T21:45:00Z,2025-03-29T22:00:00Z,2025-03-29,2025-03-29_23,-9.523864252915033,100,90,0,12.932776463482753,11.928769178954623,0.013517010389425188,2.9845,0.0022500000000000003,True,True,False,False,-207.0964281796374,0.0,175.54698330420106,182.9184497619191,529.6673512747876,-0.18082092700861918,680.8555352342618
2025-03-29T22:00:00Z,2025-03-29T22:15:00Z,2025-03-30,2025-03-29_24,-86.09187878952612,100,13,0,11.928769178954623,19.69582235465819,0.032290532037813714,12.7585,0.0,True,True,False,False,-1497.5682315438069,0.0,175.93876197938644,27.25212464589235,10349.042164125129,0.0,9054.6648192066
2025-03-29T22:15:00Z,2025-03-29T22:30:00Z,2025-03-30,2025-03-29_24,-86.09187878952612,100,13,0,19.69582235465819,22.303459311056645,0.022552867601416185,18.2285,0.0,True,True,False,False,-1497.5682315438069,0.0,175.93876197938644,27.25212464589235,18405.90311815643,0.0,17111.525773237903
2025-03-29T22:30:00Z,2025-03-29T22:45:00Z,2025-03-30,2025-03-29_24,-86.09187878952612,100,13,0,22.303459311056645,36.13542040086111,0.04373718328571794,6.328499999999999,0.0,True,True,False,False,-1497.5682315438069,0.0,175.93876197938644,27.25212464589235,1853.8106976674096,0.0,559.4333527488816
2025-03-29T22:45:00Z,2025-03-29T23:00:00Z,2025-03-30,2025-03-29_24,-86.09187878952612,100,13,0,36.13542040086111,55.85740478374565,0.054862656948495105,0.0945,0.010855,True,True,False,False,-1497.5682315438069,0.0,175.93876197938644,27.25212464589235,14.125730817913327,-0.7345842585337433,-1280.9861983591484
2025-03-29T23:00:00Z,2025-03-29T23:15:00Z,2025-03-30,2025-03-30_1,0.0,100,100,0,55.85740478374565,44.327179566354346,0.03203862560386473,10.6095,0.002,True,True,False,False,0.0,0.0,176.30040383340366,209.6317280453258,7300.8443041408,-0.1567114700741366,7686.619724549455
2025-03-29T23:15:00Z,2025-03-29T23:30:00Z,2025-03-30,2025-03-30_1,0.0,100,100,0,44.327179566354346,35.54783174026739,0.02438707729468599,8.077,0.0,True,True,False,False,0.0,0.0,176.30040383340366,209.6317280453258,5071.868520683905,0.0,5457.800652562635
2025-03-29T23:30:00Z,2025-03-29T23:45:00Z,2025-03-30,2025-03-30_1,0.0,100,100,0,35.54783174026739,27.666853479397826,0.021891606280193234,7.2505,0.0,True,True,False,False,0.0,0.0,176.30040383340366,209.6317280453258,4801.2708156028375,0.0,5187.202947481567
2025-03-29T23:45:00Z,2025-03-30T00:00:00Z,2025-03-30,2025-03-30_1,0.0,100,100,0,27.666853479397826,19.092940435919566,0.02381642512077295,7.888000000000001,0.0,True,True,False,False,0.0,0.0,176.30040383340366,209.6317280453258,2473.1232628131725,0.0,2859.0553946919017
2025-03-30T00:00:00Z,2025-03-30T00:15:00Z,2025-03-30,2025-03-30_2,-40.85769832228349,100,59,0,19.092940435919566,17.027326856412493,0.0344475213659626,11.252,0.0,True,True,False,False,-162.20506233946546,0.0,175.93876197938644,123.46935085287204,2979.1429361300306,0.0,3116.3459866228236
2025-03-30T00:15:00Z,2025-03-30T00:30:00Z,2025-03-30,2025-03-30_2,-40.85769832228349,100,59,0,17.027326856412493,15.288220065392725,0.03420985256057057,10.9315,0.0,True,True,False,False,-162.20506233946546,0.0,175.93876197938644,123.46935085287204,3087.361935888936,0.0,3224.564986381729
2025-03-30T00:30:00Z,2025-03-30T00:45:00Z,2025-03-30,2025-03-30_2,-40.85769832228349,100,59,0,15.288220065392725,20.167370221043065,0.029392331829745676,4.435,0.0,True,True,False,False,-162.20506233946546,0.0,175.93876197938644,123.46935085287204,722.5700560544873,0.0,859.7731065472803
2025-03-30T00:45:00Z,2025-03-30T01:00:00Z,2025-03-30,2025-03-30_2,-40.85769832228349,100,59,0,20.167370221043065,28.275294861921473,0.02713625526860004,1.292,0.029205,True,True,False,False,-162.20506233946546,0.0,175.93876197938644,123.46935085287204,138.1315765575714,-1.7730362365137726,273.56159081385067
2025-03-30T01:00:00Z,2025-03-30T01:15:00Z,2025-03-30,2025-03-30_3,0.0,100,100,0,28.275294861921473,20.812251383660605,0.020730676328502413,6.866,0.0,True,True,False,False,0.0,0.0,175.93876197938644,209.27008619130856,1298.4979531071062,0.0,1683.7068012778013
2025-03-30T01:15:00Z,2025-03-30T01:30:00Z,2025-03-30,2025-03-30_3,0.0,100,100,0,20.812251383660605,19.22203399235626,0.004417270531400966,1.463,0.0,True,True,False,False,0.0,0.0,175.93876197938644,209.27008619130856,157.95214996082214,0.0,543.1609981315171
2025-03-30T01:30:00Z,2025-03-30T01:45:00Z,2025-03-30,2025-03-30_3,0.0,100,100,0,19.22203399235626,19.1502661662693,0.0004497995169082126,0.1075,0.049,True,True,False,False,0.0,0.0,175.93876197938644,209.27008619130856,10.266635525284793,-3.7465069415144763,391.72897675446535
2025-03-30T01:45:00Z,2025-03-30T02:00:00Z,2025-03-30,2025-03-30_3,0.0,100,100,0,19.1502661662693,18.775148774964954,0.0011953260869565217,0.3705,0.03,True,True,False,False,0.0,0.0,175.93876197938644,209.27008619130856,35.384078717376894,-2.3506720511120487,418.24225483695983
2025-03-30T02:00:00Z,2025-03-30T02:15:00Z,2025-03-30,2025-03-30_4,0.0,100,100,0,18.775148774964954,16.414538340182347,0.006715695652173912,2.198,0.031,True,True,False,False,0.0,0.0,175.54698330420106,208.6070761256103,201.35857995298656,-2.1306746629698834,583.381964719828
2025-03-30T02:15:00Z,2025-03-30T02:30:00Z,2025-03-30,2025-03-30_4,0.0,100,100,0,16.414538340182347,14.181929644530173,0.006201690821256037,2.054,0.0,True,True,False,False,0.0,0.0,175.54698330420106,208.6070761256103,218.840364454624,0.0,602.9944238844354
2025-03-30T02:30:00Z,2025-03-30T02:45:00Z,2025-03-30,2025-03-30_4,0.0,100,100,0,14.181929644530173,11.767255731486696,0.006707427536231883,2.2215,0.0,True,True,False,False,0.0,0.0,175.54698330420106,208.6070761256103,209.4145247423302,0.0,593.5685841721415
2025-03-30T02:45:00Z,2025-03-30T03:00:00Z,2025-03-30,2025-03-30_4,0.0,100,100,0,11.767255731486696,10.683209644530173,0.0035044613526570047,1.079,0.0965,True,True,False,False,0.0,0.0,175.54698330420106,208.6070761256103,98.84709179675728,-4.3768652683181655,478.6242859582505
2025-03-30T03:00:00Z,2025-03-30T03:15:00Z,2025-03-30,2025-03-30_5,-57.40736669559719,100,42,0,10.683209644530173,24.531758426481026,0.03856206975153079,0.0365,0.74025,True,True,False,False,-1.2916657506509368,0.0,175.54698330420106,87.61497197275632,3.303281899825206,-29.18643059490085,235.98714083123082
2025-03-30T03:15:00Z,2025-03-30T03:30:00Z,2025-03-30,2025-03-30_5,-57.40736669559719,100,42,0,24.531758426481026,32.98572052953818,0.03581220075394225,4.7935,0.00126,True,True,False,False,-1.2916657506509368,0.0,175.54698330420106,87.61497197275632,648.535808671368,-0.09872822614670607,910.3073699715278
2025-03-30T03:30:00Z,2025-03-30T03:45:00Z,2025-03-30,2025-03-30_5,-57.40736669559719,100,42,0,32.98572052953818,41.517316771332354,0.03582337563523472,4.714,0.0,True,True,False,False,-1.2916657506509368,0.0,175.54698330420106,87.61497197275632,610.3101854419064,0.0,872.1804749682128
2025-03-30T03:45:00Z,2025-03-30T04:00:00Z,2025-03-30,2025-03-30_5,-57.40736669559719,100,42,0,41.517316771332354,51.90030869565196,0.03616161007868552,2.846,0.0,True,True,False,False,-1.2916657506509368,0.0,175.54698330420106,87.61497197275632,276.42789223072754,0.0,538.298181757034
2025-03-30T04:00:00Z,2025-03-30T04:15:00Z,2025-03-30,2025-03-30_6,0.0,100,100,0,51.90030869565196,48.08943913043457,0.010585748792270531,3.5060000000000002,0.0,True,True,False,False,0.0,0.0,175.93876197938644,202.57971189198963,539.444164105037,0.0,917.962637976413
2025-03-30T04:15:00Z,2025-03-30T04:30:00Z,2025-03-30,2025-03-30_6,0.0,100,100,0,48.08943913043457,39.07965652173892,0.025027173913043477,8.289,0.0,True,True,False,False,0.0,0.0,175.93876197938644,202.57971189198963,960.331934783919,0.0,1338.850408655295
2025-03-30T04:30:00Z,2025-03-30T04:45:00Z,2025-03-30,2025-03-30_6,0.0,100,100,0,39.07965652173892,32.98509130434761,0.016929347826086957,5.607,0.0,True,True,False,False,0.0,0.0,175.93876197938644,202.57971189198963,513.8032065577723,0.0,892.3216804291484
2025-03-30T04:45:00Z,2025-03-30T05:00:00Z,2025-03-30,2025-03-30_6,0.0,100,100,0,32.98509130434761,32.37222695652152,0.0019298454106280196,0.6015,0.0445,True,True,False,False,0.0,0.0,175.93876197938644,202.57971189198963,55.119070580435185,-2.947882486488659,430.6896619653226
2025-03-30T05:00:00Z,2025-03-30T05:15:00Z,2025-03-30,2025-03-30_7,1.5517245855304318e-14,100,100,0,32.37222695652152,31.700487826086736,0.001865942028985519,0.618,0.0,True,True,False,False,5.081898017612164e-15,0.0,184.58802965463204,202.57971189198963,56.6824688083901,0.0,443.85021035501177
2025-03-30T05:15:00Z,2025-03-30T05:30:00Z,2025-03-30,2025-03-30_7,1.5517245855304318e-14,100,100,0,31.700487826086736,31.676419999999776,0.00030452173913044644,0.0615,0.0465,True,True,False,False,5.081898017612164e-15,0.0,184.58802965463204,202.57971189198963,5.637209631728045,-3.4195292628533545,389.38542191549635
2025-03-30T05:30:00Z,2025-03-30T05:45:00Z,2025-03-30,2025-03-30_7,1.5517245855304318e-14,100,100,0,31.676419999999776,31.647178260869335,0.0005105603864734416,0.098,0.084,True,True,False,False,5.081898017612164e-15,0.0,184.58802965463204,202.57971189198963,8.986434412231533,-6.736589717316617,389.4175862415366
2025-03-30T05:45:00Z,2025-03-30T06:00:00Z,2025-03-30,2025-03-30_7,1.5517245855304318e-14,100,100,0,31.647178260869335,31.611741739130203,0.00038465700483092955,0.08,0.05600000000000001,True,True,False,False,5.081898017612164e-15,0.0,184.58802965463204,202.57971189198963,7.33795431257911,-4.458240411468066,390.0474554477327
2025-03-30T06:00:00Z,2025-03-30T06:15:00Z,2025-03-30,2025-03-30_8,0.0,100,100,0,31.611741739130203,25.281306956521508,0.017584541062801932,5.824,0.0,True,True,False,False,0.0,0.0,176.08944608522697,202.57971189198963,1018.8390203524001,0.0,1397.5081783296166
2025-03-30T06:15:00Z,2025-03-30T06:30:00Z,2025-03-30,2025-03-30_8,0.0,100,100,0,25.281306956521508,18.928046086956293,0.01764794685990338,5.845,0.0,True,True,False,False,0.0,0.0,176.08944608522697,202.57971189198963,857.1903351214513,0.0,1235.8594930986678
2025-03-30T06:30:00Z,2025-03-30T06:45:00Z,2025-03-30,2025-03-30_8,0.0,100,100,0,18.928046086956293,16.679133043478032,0.006246980676328503,2.069,0.0,True,True,False,False,0.0,0.0,176.08944608522697,202.57971189198963,191.0997287686095,0.0,569.7688867458261
2025-03-30T06:45:00Z,2025-03-30T07:00:00Z,2025-03-30,2025-03-30_8,0.0,100,100,0,16.679133043478032,16.584494782608466,0.0004647729468599034,0.1205,0.0395,True,True,False,False,0.0,0.0,176.08944608522697,202.57971189198963,11.11796676913186,-3.171396138468648,386.6157286078798
2025-03-30T07:00:00Z,2025-03-30T07:15:00Z,2025-03-30,2025-03-30_9,0.0,100,100,0,16.584494782608466,12.437755652173685,0.011518719806763285,3.8149999999999995,0.0,True,True,False,False,0.0,0.0,175.93876197938644,202.57971189198963,442.2105669740622,0.0,820.7290408454382
2025-03-30T07:15:00Z,2025-03-30T07:30:00Z,2025-03-30,2025-03-30_9,0.0,100,100,0,12.437755652173685,11.152514782608469,0.003600780193236715,1.1875,0.006,True,True,False,False,0.0,0.0,175.93876197938644,202.57971189198963,107.51511863861934,-0.4821891386896511,485.55140337130575
2025-03-30T07:30:00Z,2025-03-30T07:45:00Z,2025-03-30,2025-03-30_9,0.0,100,100,0,11.152514782608469,10.196749565217164,0.002731570048309179,0.8920000000000001,0.015,True,True,False,False,0.0,0.0,175.93876197938644,202.57971189198963,80.76083016896713,-1.2024591646073173,458.0768448757359
2025-03-30T07:45:00Z,2025-03-30T08:00:00Z,2025-03-30,2025-03-30_9,0.0,100,100,0,10.196749565217164,10.285919999999772,0.000516415458937198,0.0445,0.1495,True,True,False,False,0.0,0.0,175.93876197938644,202.57971189198963,4.028987603720893,-10.639301026661041,371.9081604484359
2025-03-30T08:00:00Z,2025-03-30T08:15:00Z,2025-03-30,2025-03-30_10,0.0,100,100,0,10.285919999999772,10.044869565217162,0.0007283623188405798,0.2315,0.0115,True,True,False,False,0.0,0.0,175.93876197938644,208.6070761256103,20.930022301247668,-0.9211829706869188,404.5546774355575
2025-03-30T08:15:00Z,2025-03-30T08:30:00Z,2025-03-30,2025-03-30_10,0.0,100,100,0,10.044869565217162,9.99999999999977,0.0006996376811594203,0.1365,0.11250000000000002,True,True,False,False,0.0,0.0,175.93876197938644,208.6070761256103,12.341028268338258,-7.75821228376831,389.1286540895667
2025-03-30T08:30:00Z,2025-03-30T08:45:00Z,2025-03-30,2025-03-30_10,0.0,100,100,0,9.99999999999977,10.143356521738902,0.0004706763285024155,0.012,0.17,True,True,False,False,0.0,0.0,175.93876197938644,208.6070761256103,1.0849255620517149,-13.193896289152754,372.4368673778957
2025-03-30T08:45:00Z,2025-03-30T09:00:00Z,2025-03-30,2025-03-30_10,0.0,100,100,0,10.143356521738902,17.978246956521513,0.021823971014492755,0.01,8.528,True,True,False,False,0.0,0.0,175.93876197938644,208.6070761256103,0.9041046350430958,5835.25911317381,6220.70905591385
2025-03-30T09:00:00Z,2025-03-30T09:15:00Z,2025-03-30,2025-03-30_11,8.0,92,100,0,17.978246956521513,28.19604177391282,0.034046289951690824,0.0,13.276499999999999,True,True,False,False,-8.94,0.0,161.8636610210355,208.6070761256103,0.0,5742.288306310649,6103.819043457295
2025-03-30T09:15:00Z,2025-03-30T09:30:00Z,2025-03-30,2025-03-30_11,8.0,92,100,0,28.19604177391282,40.195614191304124,0.03807344995169082,0.0,15.1855,True,True,False,False,-8.94,0.0,161.8636610210355,208.6070761256103,0.0,12221.122475639402,12582.653212786048
2025-03-30T09:30:00Z,2025-03-30T09:45:00Z,2025-03-30,2025-03-30_11,8.0,92,100,0,40.195614191304124,56.4998268869563,0.047802764734299515,0.0,19.7975,True,True,False,False,-8.94,0.0,161.8636610210355,208.6070761256103,0.0,15018.404262853353,15379.935
2025-03-30T09:45:00Z,2025-03-30T10:00:00Z,2025-03-30,2025-03-30_11,8.0,92,100,0,56.4998268869563,64.41503116521717,0.028841992560386474,0.0,10.8095,True,True,False,False,-8.94,0.0,161.8636610210355,208.6070761256103,0.0,5145.094399574067,5506.625136720713
2025-03-30T10:00:00Z,2025-03-30T10:15:00Z,2025-03-30,2025-03-30_12,-2.247544918682408e-14,100,100,0,64.41503116521717,68.57251116521718,0.011548555555555572,0.0,4.519,True,True,False,False,9.080081471476929e-14,0.0,175.93876197938644,208.6070761256103,0.0,781.6536262632352,1166.199464368232
2025-03-30T10:15:00Z,2025-03-30T10:30:00Z,2025-03-30,2025-03-30_12,-2.247544918682408e-14,100,100,0,68.57251116521718,73.43379116521719,0.013503555555555572,0.0,5.284,True,True,False,False,9.080081471476929e-14,0.0,175.93876197938644,208.6070761256103,0.0,-50.278311534366026,334.2675265706308
2025-03-30T10:30:00Z,2025-03-30T10:45:00Z,2025-03-30,2025-03-30_12,-2.247544918682408e-14,100,100,0,73.43379116521719,74.66981116521718,0.0034333888888889033,0.0,1.3435,True,True,False,False,9.080081471476929e-14,0.0,175.93876197938644,208.6070761256103,0.0,-53.82340696763306,330.72243113736374
2025-03-30T10:45:00Z,2025-03-30T11:00:00Z,2025-03-30,2025-03-30_12,-2.247544918682408e-14,100,100,0,74.66981116521718,82.92037116521719,0.02291822222222224,0.0,8.968,True,True,False,False,9.080081471476929e-14,0.0,175.93876197938644,208.6070761256103,0.0,-23.08260462499749,361.46323347999936
2025-03-30T11:00:00Z,2025-03-30T11:15:00Z,2025-03-30,2025-03-30_13,-99.85814389441379,100,0,0,82.92037116521719,105.88774426093237,0.0637982585992088,0.0,0.0,True,True,False,False,587.4155314588892,0.0,175.93876197938644,0.0,0.0,0.0,763.3542934382756
2025-03-30T11:15:00Z,2025-03-30T11:30:00Z,2025-03-30,2025-03-30_13,-99.85814389441379,100,0,0,105.88774426093237,128.8482155803624,0.06377915124484138,0.0075,0.0,True,True,False,False,587.4155314588892,0.0,175.93876197938644,0.0,0.6328732445301669,0.0,763.9871666828058
2025-03-30T11:30:00Z,2025-03-30T11:45:00Z,2025-03-30,2025-03-30_13,-99.85814389441379,100,0,0,128.8482155803624,151.81558867607757,0.0637982585992088,0.0,0.0,True,True,False,False,587.4155314588892,0.0,175.93876197938644,0.0,0.0,0.0,763.3542934382756
2025-03-30T11:45:00Z,2025-03-30T12:00:00Z,2025-03-30,2025-03-30_13,-99.85814389441379,100,0,0,151.81558867607757,174.78296177179274,0.06379825859920882,0.0,0.0,True,True,False,False,587.4155314588892,0.0,175.93876197938644,0.0,0.0,0.0,763.3542934382756
2025-03-30T12:00:00Z,2025-03-30T12:15:00Z,2025-03-30,2025-03-30_14,0.0,100,100,0,174.78296177179274,182.33340177179275,0.020973444444444447,0.0,8.207,True,True,False,False,0.0,0.0,175.93876197938644,208.6070761256103,0.0,-31.224953087015056,353.32088501798165
2025-03-30T12:15:00Z,2025-03-30T12:30:00Z,2025-03-30,2025-03-30_14,0.0,100,100,0,182.33340177179275,183.26444177179275,0.0025862222222222224,0.0,1.012,True,True,False,False,0.0,0.0,175.93876197938644,208.6070761256103,0.0,-45.91096297189239,338.63487513310434
2025-03-30T12:30:00Z,2025-03-30T12:45:00Z,2025-03-30,2025-03-30_14,0.0,100,100,0,183.26444177179275,183.50926264135796,0.0010091642512077296,0.0545,0.3305,True,True,False,False,0.0,0.0,175.93876197938644,208.6070761256103,4.927370260984872,-19.644208707532197,369.8289996584494
2025-03-30T12:45:00Z,2025-03-30T13:00:00Z,2025-03-30,2025-03-30_14,0.0,100,100,0,183.50926264135796,183.52822177179274,0.00034855797101449276,0.049,0.0785,True,True,False,False,0.0,0.0,175.93876197938644,208.6070761256103,4.430112711711169,-5.843536656420148,383.13241416028774
2025-03-30T13:00:00Z,2025-03-30T13:15:00Z,2025-03-30,2025-03-30_15,21.88616342902682,78,100,0,183.52822177179274,186.19501911993927,0.028546553078521136,0.0,9.0055,True,True,False,False,-4.377232685805364,0.0,137.23223434392142,208.6070761256103,0.0,1732.3786247563942,2073.8407025401207
2025-03-30T13:15:00Z,2025-03-30T13:30:00Z,2025-03-30,2025-03-30_15,21.88616342902682,78,100,0,186.19501911993927,180.47647999377128,0.017016700397935607,0.039,0.2835,True,True,False,False,-4.377232685805364,0.0,137.23223434392142,208.6070761256103,3.5260080766680733,-14.389847809053101,330.5982380513413
2025-03-30T13:30:00Z,2025-03-30T13:45:00Z,2025-03-30,2025-03-30_15,21.88616342902682,78,100,0,180.47647999377128,174.3394573601162,0.017055270063446853,0.17628,0.002,True,True,False,False,-4.377232685805364,0.0,137.23223434392142,208.6070761256103,15.937556506539691,-0.1567114700741366,357.2429228201919
2025-03-30T13:45:00Z,2025-03-30T14:00:00Z,2025-03-30,2025-03-30_15,21.88616342902682,78,100,0,174.3394573601162,167.91014121092414,0.01785921152553353,0.44343,0.0,True,True,False,False,-4.377232685805364,0.0,137.23223434392142,208.6070761256103,40.09071183171599,0.0,381.55278961544235
2025-03-30T14:00:00Z,2025-03-30T14:15:00Z,2025-03-30,2025-03-30_16,0.0,100,100,0,167.91014121092414,177.23388121092412,0.025899277777777775,0.0,10.1345,True,True,False,False,0.0,0.0,175.93876197938644,208.6070761256103,0.0,3330.276557571374,3714.8223956763704
2025-03-30T14:15:00Z,2025-03-30T14:30:00Z,2025-03-30,2025-03-30_16,0.0,100,100,0,177.23388121092412,179.40983686309804,0.006621012077294687,0.0955,2.478,True,True,False,False,0.0,0.0,175.93876197938644,208.6070761256103,8.634199264661564,-81.17163884033513,312.0083985293232
2025-03-30T14:30:00Z,2025-03-30T14:45:00Z,2025-03-30,2025-03-30_16,0.0,100,100,0,179.40983686309804,175.26092381961976,0.011524758454106282,3.817,0.0,True,True,False,False,0.0,0.0,175.93876197938644,208.6070761256103,582.9473813111528,0.0,967.4932194161495
2025-03-30T14:45:00Z,2025-03-30T15:00:00Z,2025-03-30,2025-03-30_16,0.0,100,100,0,175.26092381961976,167.75548903701107,0.02084842995169082,6.905,0.0,True,True,False,False,0.0,0.0,175.93876197938644,208.6070761256103,1067.986651397344,0.0,1452.532489502341
2025-03-30T15:00:00Z,2025-03-30T15:15:00Z,2025-03-30,2025-03-30_17,39.93140632352305,60,100,0,167.75548903701107,175.72724821452852,0.03649191525266149,0.0195,19.0985,True,True,False,False,475.0839067341155,0.0,105.56325718763188,208.6070761256103,2.6767337713218016,27537.260459586527,28329.191433405205
2025-03-30T15:15:00Z,2025-03-30T15:30:00Z,2025-03-30,2025-03-30_17,39.93140632352305,60,100,0,175.72724821452852,186.90664763144238,0.03749692577744518,0.0,22.328,True,True,False,False,475.0839067341155,0.0,105.56325718763188,208.6070761256103,0.0,32028.139481244853,32817.39372129221
2025-03-30T15:30:00Z,2025-03-30T15:45:00Z,2025-03-30,2025-03-30_17,39.93140632352305,60,100,0,186.90664763144238,181.56327053051996,0.03202800510565969,0.0141,5.5975,True,True,False,False,475.0839067341155,0.0,105.56325718763188,208.6070761256103,1.9458073654390935,578.8143159946156,1370.0143634074125
2025-03-30T15:45:00Z,2025-03-30T16:00:00Z,2025-03-30,2025-03-30_17,39.93140632352305,60,100,0,181.56327053051996,170.1154478260868,0.03186091096362806,0.5673,0.02,True,True,False,False,475.0839067341155,0.0,105.56325718763188,208.6070761256103,78.28769634138992,-1.362686597151066,866.1792497915965
2025-03-30T16:00:00Z,2025-03-30T16:15:00Z,2025-03-30,2025-03-30_18,5.0000000000000355,95,100,0,170.1154478260868,183.95891199999986,0.041058082850241547,0.0,16.3755,True,True,False,False,196.2000000000014,0.0,167.68579350250138,202.57971189198963,0.0,14422.330192875654,14988.795698270145
2025-03-30T16:15:00Z,2025-03-30T16:30:00Z,2025-03-30,2025-03-30_18,5.0000000000000355,95,100,0,183.95891199999986,189.016956521739,0.01951147632850243,0.0,6.912,True,True,False,False,196.2000000000014,0.0,167.68579350250138,202.57971189198963,0.0,890.0764028690255,1456.541908263518
2025-03-30T16:30:00Z,2025-03-30T16:45:00Z,2025-03-30,2025-03-30_18,5.0000000000000355,95,100,0,189.016956521739,188.41833347826073,0.006324175120772973,0.12065000000000001,0.96,True,True,False,False,196.2000000000014,0.0,167.68579350250138,202.57971189198963,17.072630693347804,-39.05172683985293,544.4864092479872
2025-03-30T16:45:00Z,2025-03-30T17:00:00Z,2025-03-30,2025-03-30_18,5.0000000000000355,95,100,0,188.41833347826073,186.06222208695638,0.006637009420289882,0.9338500000000001,0.019,True,True,False,False,196.2000000000014,0.0,167.68579350250138,202.57971189198963,149.40868274968358,-1.4515896168605469,714.4225985273155
2025-03-30T17:00:00Z,2025-03-30T17:15:00Z,2025-03-30,2025-03-30_19,99.99999999999996,0,100,0,186.06222208695638,158.88830904347813,0.07548309178743959,0.0,0.0,True,True,False,False,5639.749999999997,0.0,0.0,202.57971189198963,0.0,0.0,5842.329711891987
2025-03-30T17:15:00Z,2025-03-30T17:30:00Z,2025-03-30,2025-03-30_19,99.99999999999996,0,100,0,158.88830904347813,131.71439599999988,0.07548309178743957,0.0,0.0,True,True,False,False,5639.749999999997,0.0,0.0,202.57971189198963,0.0,0.0,5842.329711891987
2025-03-30T17:30:00Z,2025-03-30T17:45:00Z,2025-03-30,2025-03-30_19,99.99999999999996,0,100,0,131.71439599999988,104.54048295652163,0.07548309178743959,0.0,0.0,True,True,False,False,5639.749999999997,0.0,0.0,202.57971189198963,0.0,0.0,5842.329711891987
2025-03-30T17:45:00Z,2025-03-30T18:00:00Z,2025-03-30,2025-03-30_19,99.99999999999996,0,100,0,104.54048295652163,77.36656991304338,0.07548309178743959,0.0,0.0,True,True,False,False,5639.749999999997,0.0,0.0,202.57971189198963,0.0,0.0,5842.329711891987
2025-03-30T18:00:00Z,2025-03-30T18:15:00Z,2025-03-30,2025-03-30_20,0.0,100,100,0,77.36656991304338,68.4268959999999,0.024832427536231882,8.2245,0.0,True,True,False,False,0.0,0.0,176.08944608522697,202.57971189198963,2154.3189831836544,0.0,2532.988141160871
2025-03-30T18:15:00Z,2025-03-30T18:30:00Z,2025-03-30,2025-03-30_20,0.0,100,100,0,68.4268959999999,55.5714612173912,0.03570954106280193,11.827,0.0,True,True,False,False,0.0,0.0,176.08944608522697,202.57971189198963,4468.110052237157,0.0,4846.779210214374
2025-03-30T18:30:00Z,2025-03-30T18:45:00Z,2025-03-30,2025-03-30_20,0.0,100,100,0,55.5714612173912,40.8643959999999,0.040852958937198064,13.5305,0.0,True,True,False,False,0.0,0.0,176.08944608522697,202.57971189198963,6609.755133305206,0.0,6988.424291282423
2025-03-30T18:45:00Z,2025-03-30T19:00:00Z,2025-03-30,2025-03-30_20,0.0,100,100,0,40.8643959999999,27.391569913043377,0.03742451690821256,12.395,0.0,True,True,False,False,0.0,0.0,176.08944608522697,202.57971189198963,4324.911921121894,0.0,4703.581079099111
2025-03-30T19:00:00Z,2025-03-30T19:15:00Z,2025-03-30,2025-03-30_21,-19.625628589261055,100,80,0,27.391569913043377,11.478947014948071,0.04984259386037433,19.3765,0.0,True,True,False,False,-626.7444489980518,0.0,175.93876197938644,162.88349104936412,28165.96739005083,0.0,27878.04519408153
2025-03-30T19:15:00Z,2025-03-30T19:30:00Z,2025-03-30,2025-03-30_21,-19.625628589261055,100,80,0,11.478947014948071,14.201944069031045,0.015970185734976855,1.7319999999999998,0.038,True,True,False,False,-626.7444489980518,0.0,175.93876197938644,162.88349104936412,325.9064239648002,-2.2385666927852452,35.74566130271372
2025-03-30T19:30:00Z,2025-03-30T19:45:00Z,2025-03-30,2025-03-30_21,-19.625628589261055,100,80,0,14.201944069031045,18.491000222371085,0.013098304932238052,0.244,0.035199999999999995,True,True,False,False,-626.7444489980518,0.0,175.93876197938644,162.88349104936412,44.96413155727001,-2.460775119040443,-245.41883953107165
2025-03-30T19:45:00Z,2025-03-30T20:00:00Z,2025-03-30,2025-03-30_21,-19.625628589261055,100,80,0,18.491000222371085,22.933124347825636,0.012911949613368145,0.11799999999999998,0.057199999999999994,True,True,False,False,-626.7444489980518,0.0,175.93876197938644,162.88349104936412,21.033791011190807,-3.5006887268197615,-270.3890936849302
2025-03-30T20:00:00Z,2025-03-30T20:15:00Z,2025-03-30,2025-03-30_22,0.0,100,100,0,22.933124347825636,11.175515652173463,0.03266002415458937,10.817,0.0,True,True,False,False,0.0,0.0,175.93876197938644,209.27008619130856,8316.915360335925,0.0,8702.124208506619
2025-03-30T20:15:00Z,2025-03-30T20:30:00Z,2025-03-30,2025-03-30_22,0.0,100,100,0,11.175515652173463,10.003785217390854,0.003420917874396135,1.1055,0.0325,True,True,False,False,0.0,0.0,175.93876197938644,209.27008619130856,198.78166234705563,-2.5116016715890144,581.4789088461616
2025-03-30T20:30:00Z,2025-03-30T20:45:00Z,2025-03-30,2025-03-30_22,0.0,100,100,0,10.003785217390854,9.99999999999955,0.0003759589371980676,0.064,0.0715,True,True,False,False,0.0,0.0,175.93876197938644,209.27008619130856,10.189852329576278,-5.119246579470797,390.2794539208005
2025-03-30T20:45:00Z,2025-03-30T21:00:00Z,2025-03-30,2025-03-30_22,0.0,100,100,0,9.99999999999955,10.082805217390854,0.0003296521739130435,0.0165,0.1095,True,True,False,False,0.0,0.0,175.93876197938644,209.27008619130856,2.466397444397565,-7.427731300102465,380.2475143149901
2025-03-30T21:00:00Z,2025-03-30T21:15:00Z,2025-03-31,2025-03-30_23,0.0,1,100,0,10.082805217390854,10.032344347825637,0.00015294685990338165,0.04854,0.0025,True,True,False,False,0.0,0.0,1.7593876197938645,209.27008619130856,9.982799614248691,-0.19588933759267074,220.81638408775845
2025-03-30T21:15:00Z,2025-03-30T21:30:00Z,2025-03-31,2025-03-30_23,0.0,1,100,0,10.032344347825637,10.400404782608245,0.0011702765700483092,0.024489999999999998,0.42899999999999994,True,True,False,False,0.0,0.0,1.7593876197938645,209.27008619130856,4.95559748056175,-18.001227171357964,197.9838441203062
2025-03-30T21:30:00Z,2025-03-30T21:45:00Z,2025-03-31,2025-03-30_23,0.0,1,100,0,10.400404782608245,10.527364782608245,0.0003526666666666667,0.0,0.138,True,True,False,False,0.0,0.0,1.7593876197938645,209.27008619130856,0.0,-9.512193357844616,201.51728045325783
2025-03-30T21:45:00Z,2025-03-30T22:00:00Z,2025-03-31,2025-03-30_23,0.0,1,100,0,10.527364782608245,13.383504782608245,0.007933722222222222,0.0,3.1045,True,True,False,False,0.0,0.0,1.7593876197938645,209.27008619130856,0.0,2011.8074390733932,2222.8369128844956
2025-03-30T22:00:00Z,2025-03-30T22:15:00Z,2025-03-31,2025-03-31_1,0.0,100,100,0,13.383504782608245,15.22100913043433,0.006958043478260869,0.307,2.36,True,True,False,False,0.0,0.0,175.93876197938644,209.27008619130856,50.46413115544572,566.3720249934703,1002.045004319611
2025-03-30T22:15:00Z,2025-03-30T22:30:00Z,2025-03-31,2025-03-31_1,0.0,100,100,0,15.22100913043433,14.926255217390851,0.0012072053140096618,0.3355,0.076,True,True,False,False,0.0,0.0,175.93876197938644,209.27008619130856,55.14891206075583,-4.635552608844153,435.7222076226067
2025-03-30T22:30:00Z,2025-03-30T22:45:00Z,2025-03-31,2025-03-31_1,0.0,100,100,0,14.926255217390851,15.146936086956067,0.0007337753623188406,0.02,0.2635,True,True,False,False,0.0,0.0,175.93876197938644,209.27008619130856,3.287565547586041,-11.886961304321622,376.60945241395945
2025-03-30T22:45:00Z,2025-03-30T23:00:00Z,2025-03-31,2025-03-31_1,0.0,100,100,0,15.146936086956067,17.225216086956067,0.0057729999999999995,0.0,2.259,True,True,False,False,0.0,0.0,175.93876197938644,209.27008619130856,0.0,-71.3713832800916,313.8374648906034
2025-03-30T23:00:00Z,2025-03-30T23:15:00Z,2025-03-31,2025-03-31_2,-100.0,100,0,0,17.225216086956067,39.74037608695607,0.06254211111111112,0.527,0.0,True,True,False,False,-1644.7500000000002,0.0,175.54698330420106,0.0,82.31694894822496,0.0,-1386.886067747574
2025-03-30T23:15:00Z,2025-03-30T23:30:00Z,2025-03-31,2025-03-31_2,-100.0,100,0,0,39.74037608695607,62.69989608695607,0.06377644444444446,0.044,0.0,True,True,False,False,-1644.7500000000002,0.0,175.54698330420106,0.0,6.872762341028269,0.0,-1462.330254354771
2025-03-30T23:30:00Z,2025-03-30T23:45:00Z,2025-03-31,2025-03-31_2,-100.0,100,0,0,62.69989608695607,85.16813608695608,0.06241177777777779,0.578,0.0,True,True,False,False,-1644.7500000000002,0.0,175.54698330420106,0.0,90.28310529805317,0.0,-1378.919911397746
2025-03-30T23:45:00Z,2025-03-31T00:00:00Z,2025-03-31,2025-03-31_2,-100.0,100,0,0,85.16813608695608,108.03013608695608,0.06350555555555555,0.15,0.0,True,True,False,False,-1644.7500000000002,0.0,175.54698330420106,0.0,23.429871617141828,0.0,-1445.7731450786573
2025-03-31T00:00:00Z,2025-03-31T00:15:00Z,2025-03-31,2025-03-31_3,-53.0,100,47,0,108.03013608695608,120.02521021739086,0.03390998852657005,0.208,0.013864999999999999,True,True,False,False,-874.8975,0.0,175.54698330420106,98.35694050991502,32.53873385168666,-0.8767711992445703,-569.3316135334419
2025-03-31T00:15:00Z,2025-03-31T00:30:00Z,2025-03-31,2025-03-31_3,-53.0,100,47,0,120.02521021739086,132.35174228695607,0.03427016758454107,0.0105,0.1598,True,True,False,False,-874.8975,0.0,175.54698330420106,98.35694050991502,1.642580314628413,-8.001429650613787,-607.3524255218693
2025-03-31T00:30:00Z,2025-03-31T00:45:00Z,2025-03-31,2025-03-31_3,-53.0,100,47,0,132.35174228695607,144.5486085217387,0.03404195934782609,0.056999999999999995,0.069325,True,True,False,False,-874.8975,0.0,175.54698330420106,98.35694050991502,8.91686456512567,-4.296512039660057,-596.3732236604184
2025-03-31T00:45:00Z,2025-03-31T01:00:00Z,2025-03-31,2025-03-31_3,-53.0,100,47,0,144.5486085217387,156.7048134608691,0.03392475405797101,0.05550000000000001,0.0235,True,True,False,False,-874.8975,0.0,175.54698330420106,98.35694050991502,8.68221023446447,-1.8413597733711051,-594.1527257247906
2025-03-31T01:00:00Z,2025-03-31T01:15:00Z,2025-03-31,2025-03-31_4,0.0,100,100,0,156.7048134608691,156.75848737391257,0.0005536835748792271,0.067,0.1375,True,True,False,False,0.0,0.0,175.54698330420106,209.27008619130856,10.743718481907864,-7.688900106483436,387.8718878709341
2025-03-31T01:15:00Z,2025-03-31T01:30:00Z,2025-03-31,2025-03-31_4,0.0,100,100,0,156.75848737391257,157.08186737391256,0.0008982777777777778,0.0,0.3515,True,True,False,False,0.0,0.0,175.54698330420106,209.27008619130856,0.0,-17.971111044140397,366.84595845136926
2025-03-31T01:30:00Z,2025-03-31T01:45:00Z,2025-03-31,2025-03-31_4,0.0,100,100,0,157.08186737391256,161.64230737391256,0.012667888888888888,0.0,4.957,True,True,False,False,0.0,0.0,175.54698330420106,209.27008619130856,0.0,-67.08925481686859,317.72781467864104
2025-03-31T01:45:00Z,2025-03-31T02:00:00Z,2025-03-31,2025-03-31_4,0.0,100,100,0,161.64230737391256,165.97559259130387,0.012067096618357488,0.005,4.716,True,True,False,False,0.0,0.0,175.54698330420106,209.27008619130856,0.8017700359632735,-47.258540172382624,338.3602993590903
2025-03-31T02:00:00Z,2025-03-31T02:15:00Z,2025-03-31,2025-03-31_5,0.0,100,100,0,165.97559259130387,171.67181519999951,0.015837937198067635,0.0025,6.1945,True,True,False,False,0.0,0.0,175.54698330420106,208.6070761256103,0.4087406826994555,-60.279791754565736,324.28300835794505
2025-03-31T02:15:00Z,2025-03-31T02:30:00Z,2025-03-31,2025-03-31_5,0.0,100,100,0,171.67181519999951,173.7615951999995,0.005804944444444445,0.0,2.2715,True,True,False,False,0.0,0.0,175.54698330420106,208.6070761256103,0.0,-88.59411337472125,295.5599460550901
2025-03-31T02:30:00Z,2025-03-31T02:45:00Z,2025-03-31,2025-03-31_5,0.0,100,100,0,173.7615951999995,178.11917519999952,0.01210438888888889,0.0,4.7365,True,True,False,False,0.0,0.0,175.54698330420106,208.6070761256103,0.0,-99.06463072348464,285.0894287063267
2025-03-31T02:45:00Z,2025-03-31T03:00:00Z,2025-03-31,2025-03-31_5,0.0,100,100,0,178.11917519999952,179.12487346086908,0.003038171497584541,0.0405,1.141,True,True,False,False,0.0,0.0,175.54698330420106,208.6070761256103,6.62159905973118,-44.81083619633135,345.96482229321117
2025-03-31T03:00:00Z,2025-03-31T03:15:00Z,2025-03-31,2025-03-31_6,5.568030071230953,94,100,0,179.12487346086908,186.1548416796468,0.02484253559177074,0.0,9.193,True,True,False,False,138.01754539063725,0.0,165.014164305949,202.57971189198963,0.0,6278.636333152512,6784.247754741087
2025-03-31T03:15:00Z,2025-03-31T03:30:00Z,2025-03-31,2025-03-31_6,5.568030071230953,94,100,0,186.1548416796468,188.36966169337842,0.013209318827396437,0.0,4.0115,True,True,False,False,138.01754539063725,0.0,165.014164305949,202.57971189198963,0.0,-91.22328149800093,414.38814009057495
2025-03-31T03:30:00Z,2025-03-31T03:45:00Z,2025-03-31,2025-03-31_6,5.568030071230953,94,100,0,188.36966169337842,187.75124256340095,0.008380845790366947,0.3572,1.3805,True,True,False,False,138.01754539063725,0.0,165.014164305949,202.57971189198963,67.55467044381493,-62.54283788399334,510.62325414839745
2025-03-31T03:45:00Z,2025-03-31T04:00:00Z,2025-03-31,2025-03-31_6,5.568030071230953,94,100,0,187.75124256340095,181.91936529784604,0.016409612817460766,4.010509999999999,0.0435,True,True,False,False,138.01754539063725,0.0,165.014164305949,202.57971189198963,767.2891326723322,-2.0899891507443793,1270.8105651101637
2025-03-31T04:00:00Z,2025-03-31T04:15:00Z,2025-03-31,2025-03-31_7,39.84866053076484,60,100,0,181.91936529784604,185.4962350847946,0.034956665603775715,0.0,14.602,True,True,False,False,2046.726826511409,0.0,118.25688626363694,202.57971189198963,0.0,17278.024133968218,19645.587558635252
2025-03-31T04:15:00Z,2025-03-31T04:30:00Z,2025-03-31,2025-03-31_7,39.84866053076484,60,100,0,185.4962350847946,174.3934667979113,0.031292960082999165,0.3858,0.147,True,True,False,False,2046.726826511409,0.0,118.25688626363694,202.57971189198963,76.2781470676873,-11.052186125007536,2432.7893856097153
2025-03-31T04:30:00Z,2025-03-31T04:45:00Z,2025-03-31,2025-03-31_7,39.84866053076484,60,100,0,174.3934667979113,163.40733912683822,0.030629236974057207,0.1782,0.0365,True,True,False,False,2046.726826511409,0.0,118.25688626363694,202.57971189198963,33.86702224097402,-2.7230644124324432,2398.707382495577
2025-03-31T04:45:00Z,2025-03-31T05:00:00Z,2025-03-31,2025-03-31_7,39.84866053076484,60,100,0,163.40733912683822,150.15313789565212,0.03681722564218361,2.2317,0.0,True,True,False,False,2046.726826511409,0.0,118.25688626363694,202.57971189198963,593.487912723766,0.0,2961.0513373908016
2025-03-31T05:00:00Z,2025-03-31T05:15:00Z,2025-03-31,2025-03-31_8,99.99999999999997,0,0,0,150.15313789565212,122.97922485217387,0.07548309178743959,0.0,0.0,True,False,False,False,6032.999999999998,0.0,0.0,0.0,0.0,0.0,6032.999999999998
2025-03-31T05:15:00Z,2025-03-31T05:30:00Z,2025-03-31,2025-03-31_8,99.99999999999997,0,0,0,122.97922485217387,95.80531180869562,0.07548309178743959,0.0,0.0,True,False,False,False,6032.999999999998,0.0,0.0,0.0,0.0,0.0,6032.999999999998
2025-03-31T05:30:00Z,2025-03-31T05:45:00Z,2025-03-31,2025-03-31_8,99.99999999999997,0,0,0,95.80531180869562,68.63139876521737,0.07548309178743959,0.0,0.0,True,False,False,False,6032.999999999998,0.0,0.0,0.0,0.0,0.0,6032.999999999998
2025-03-31T05:45:00Z,2025-03-31T06:00:00Z,2025-03-31,2025-03-31_8,99.99999999999997,0,0,0,68.63139876521737,41.45748572173912,0.07548309178743959,0.0,0.0,True,False,False,False,6032.999999999998,0.0,0.0,0.0,0.0,0.0,6032.999999999998
2025-03-31T06:00:00Z,2025-03-31T06:15:00Z,2025-03-31,2025-03-31_9,-23.0,100,77,0,41.45748572173912,24.519660295652166,0.0515183895169082,21.1985,0.0,True,True,False,False,-1017.5200000000001,0.0,175.54698330420106,155.98637815683202,33177.733039097504,0.0,32491.746400558535
2025-03-31T06:15:00Z,2025-03-31T06:30:00Z,2025-03-31,2025-03-31_9,-23.0,100,77,0,24.519660295652166,14.472424052173904,0.040103027342995166,14.627,0.0,True,True,False,False,-1017.5200000000001,0.0,175.54698330420106,155.98637815683202,10335.913747212344,0.0,9649.927108673377
2025-03-31T06:30:00Z,2025-03-31T06:45:00Z,2025-03-31,2025-03-31_9,-23.0,100,77,0,14.472424052173904,14.370184713043471,0.023966817053140098,5.2155,0.08316,True,True,False,False,-1017.5200000000001,0.0,175.54698330420106,155.98637815683202,1323.8880260382136,-6.07415690434573,631.8272305949009
2025-03-31T06:45:00Z,2025-03-31T07:00:00Z,2025-03-31,2025-03-31_9,-23.0,100,77,0,14.370184713043471,20.320341739130427,0.016563087149758453,0.0075,0.7261099999999999,True,True,False,False,-1017.5200000000001,0.0,175.54698330420106,155.98637815683202,1.4098004942438673,-42.5467227553091,-727.1235608000322
2025-03-31T07:00:00Z,2025-03-31T07:15:00Z,2025-03-31,2025-03-31_10,0.0,100,100,0,20.320341739130427,10.238276521739124,0.028005736714975842,9.2755,0.0,True,True,False,False,0.0,0.0,175.54698330420106,209.27008619130856,3741.81903210576,0.0,4126.63610160127
2025-03-31T07:15:00Z,2025-03-31T07:30:00Z,2025-03-31,2025-03-31_10,0.0,100,100,0,10.238276521739124,9.999999999999993,0.001001768115942029,0.2755,0.0665,True,True,False,False,0.0,0.0,175.54698330420106,209.27008619130856,54.5100658991823,-5.196093263415909,434.13104213127605
2025-03-31T07:30:00Z,2025-03-31T07:45:00Z,2025-03-31,2025-03-31_10,0.0,100,100,0,9.999999999999993,20.517859130434775,0.029234391304347827,0.003,11.436,True,True,False,False,0.0,0.0,175.54698330420106,209.27008619130856,0.5062985956241336,9031.549579892713,9416.872947983848
2025-03-31T07:45:00Z,2025-03-31T08:00:00Z,2025-03-31,2025-03-31_10,0.0,100,100,0,20.517859130434775,40.82317913043478,0.05640366666666667,0.0,22.071,True,True,False,False,0.0,0.0,175.54698330420106,209.27008619130856,0.0,19950.059068169492,20334.876137665
2025-03-31T08:00:00Z,2025-03-31T08:15:00Z,2025-03-31,2025-03-31_11,35.56477417280454,64,100,0,40.82317913043478,30.56122211823915,0.03354756416066128,1.9292799999999999,1.531,True,True,False,False,1011.1954416682652,0.0,112.35006931468868,209.27008619130856,391.1140079963032,-18.209712092901775,1705.7198930776638
2025-03-31T08:15:00Z,2025-03-31T08:30:00Z,2025-03-31,2025-03-31_11,35.56477417280454,64,100,0,30.56122211823915,20.97242476463017,0.02705215773678989,0.044480000000000006,0.1265,True,True,False,False,1011.1954416682652,0.0,112.35006931468868,209.27008619130856,8.44717854258333,-9.737218873686539,1331.5255568431592
2025-03-31T08:30:00Z,2025-03-31T08:45:00Z,2025-03-31,2025-03-31_11,35.56477417280454,64,100,0,20.97242476463017,10.878415784987354,0.028312262379239193,0.47008000000000005,0.083,True,True,False,False,1011.1954416682652,0.0,112.35006931468868,209.27008619130856,84.22849863178833,-3.705175496755269,1413.3389203092954
2025-03-31T08:45:00Z,2025-03-31T09:00:00Z,2025-03-31,2025-03-31_11,35.56477417280454,64,100,0,10.878415784987354,12.765835065705254,0.033602302528074106,0.0,11.795,True,True,False,False,1011.1954416682652,0.0,112.35006931468868,209.27008619130856,0.0,9620.386185281177,10953.201782455439
2025-03-31T09:00:00Z,2025-03-31T09:15:00Z,2025-03-31,2025-03-31_12,24.186071667405614,75,100,0,12.765835065705254,10.00000000000001,0.023041176546433388,0.0,3.9635,True,True,False,False,632.1029830276458,0.0,131.6602374781508,209.27008619130856,0.0,1155.140506800876,2128.173813497981
2025-03-31T09:15:00Z,2025-03-31T09:30:00Z,2025-03-31,2025-03-31_12,24.186071667405614,75,100,0,10.00000000000001,12.340986775421328,0.029460522476408776,0.0,9.281,True,True,False,False,632.1029830276458,0.0,131.6602374781508,209.27008619130856,0.0,-31.339434432322747,941.6938722647824
2025-03-31T09:30:00Z,2025-03-31T09:45:00Z,2025-03-31,2025-03-31_12,24.186071667405614,75,100,0,12.340986775421328,16.264199969884675,0.0314494030442761,0.0,10.9285,True,True,False,False,632.1029830276458,0.0,131.6602374781508,209.27008619130856,0.0,119.466314065859,1092.4996207629642
2025-03-31T09:45:00Z,2025-03-31T10:00:00Z,2025-03-31,2025-03-31_12,24.186071667405614,75,100,0,16.264199969884675,16.776142608695643,0.027161388612066864,0.0,7.3765,True,True,False,False,632.1029830276458,0.0,131.6602374781508,209.27008619130856,0.0,-43.14925712735821,929.8840495697469
2025-03-31T10:00:00Z,2025-03-31T10:15:00Z,2025-03-31,2025-03-31_13,0.0,100,100,0,16.776142608695643,18.103242608695645,0.003686388888888889,0.0,1.4425,True,True,False,False,0.0,0.0,175.54698330420106,209.27008619130856,0.0,-58.75000251140177,326.06706698410784
2025-03-31T10:15:00Z,2025-03-31T10:30:00Z,2025-03-31,2025-03-31_13,0.0,100,100,0,18.103242608695645,18.146125217391297,0.0004814371980676328,0.06,0.11749999999999998,True,True,False,False,0.0,0.0,175.54698330420106,209.27008619130856,6.762702670122356,-8.383050047214352,383.19672211841765
2025-03-31T10:30:00Z,2025-03-31T10:45:00Z,2025-03-31,2025-03-31_13,0.0,100,100,0,18.146125217391297,18.117372173913036,0.00026131400966183574,0.056499999999999995,0.0355,True,True,False,False,0.0,0.0,175.54698330420106,209.27008619130856,5.822838486729753,-2.7414447592067988,387.8984632230326
2025-03-31T10:45:00Z,2025-03-31T11:00:00Z,2025-03-31,2025-03-31_13,0.0,100,100,0,18.117372173913036,28.166072173913037,0.027913055555555556,0.0,10.9225,True,True,False,False,0.0,0.0,175.54698330420106,209.27008619130856,0.0,3613.659299720732,3998.476369216242
2025-03-31T11:00:00Z,2025-03-31T11:15:00Z,2025-03-31,2025-03-31_14,0.0,100,100,0,28.166072173913037,29.87877826086956,0.0047695942028985515,0.002,1.864,True,True,False,False,0.0,0.0,175.54698330420106,208.6070761256103,0.20091214112068795,-51.572801317983654,332.7821702529484
2025-03-31T11:15:00Z,2025-03-31T11:30:00Z,2025-03-31,2025-03-31_14,0.0,100,100,0,29.87877826086956,30.106826086956517,0.0008870893719806764,0.042,0.2975,True,True,False,False,0.0,0.0,175.54698330420106,208.6070761256103,5.542762943764692,-14.10902999618267,375.5877923773934
2025-03-31T11:30:00Z,2025-03-31T11:45:00Z,2025-03-31,2025-03-31_14,0.0,100,100,0,30.106826086956517,31.75137217391304,0.0046497053140096625,0.0135,1.8035000000000003,True,True,False,False,0.0,0.0,175.54698330420106,208.6070761256103,1.7973609185703097,-36.59286390211562,349.35855644626605
2025-03-31T11:45:00Z,2025-03-31T12:00:00Z,2025-03-31,2025-03-31_14,0.0,100,100,0,31.75137217391304,37.92411217391304,0.017146500000000002,0.0,6.7095,True,True,False,False,0.0,0.0,175.54698330420106,208.6070761256103,0.0,-72.41967904285457,311.7343803869568
2025-03-31T12:00:00Z,2025-03-31T12:15:00Z,2025-03-31,2025-03-31_15,0.0,100,100,0,37.92411217391304,39.053673043478256,0.0033278864734299514,0.0315,1.265,True,True,False,False,0.0,0.0,175.54698330420106,208.6070761256103,4.708576939304442,-51.74394651718803,337.11868985192774
2025-03-31T12:15:00Z,2025-03-31T12:30:00Z,2025-03-31,2025-03-31_15,0.0,100,100,0,39.053673043478256,40.000899999999994,0.0026945917874396136,0.0105,1.042,True,True,False,False,0.0,0.0,175.54698330420106,208.6070761256103,1.5695256464348142,-65.17351696703032,320.55006810921583
2025-03-31T12:30:00Z,2025-03-31T12:45:00Z,2025-03-31,2025-03-31_15,0.0,100,100,0,40.000899999999994,45.539759999999994,0.015385722222222224,0.0,6.0205,True,True,False,False,0.0,0.0,175.54698330420106,208.6070761256103,0.0,-64.69500381733069,319.45905561248065
2025-03-31T12:45:00Z,2025-03-31T13:00:00Z,2025-03-31,2025-03-31_15,0.0,100,100,0,45.539759999999994,49.337979999999995,0.010550611111111111,0.0,4.1285,True,True,False,False,0.0,0.0,175.54698330420106,208.6070761256103,0.0,1032.2684975790087,1416.4225570088201
2025-03-31T13:00:00Z,2025-03-31T13:15:00Z,2025-03-31,2025-03-31_16,0.0,100,100,0,49.337979999999995,70.21968,0.05800472222222223,0.0,22.6975,True,True,False,False,0.0,0.0,175.54698330420106,208.6070761256103,0.0,33344.63991772648,33728.793977156296
2025-03-31T13:15:00Z,2025-03-31T13:30:00Z,2025-03-31,2025-03-31_16,0.0,100,100,0,70.21968,85.17014,0.041529055555555555,0.0,16.2505,True,True,False,False,0.0,0.0,175.54698330420106,208.6070761256103,0.0,8154.422084764832,8538.576144194643
2025-03-31T13:30:00Z,2025-03-31T13:45:00Z,2025-03-31,2025-03-31_16,0.0,100,100,0,85.17014,99.73604,0.040460833333333335,0.0,15.8325,True,True,False,False,0.0,0.0,175.54698330420106,208.6070761256103,0.0,5984.820508106805,6368.974567536617
2025-03-31T13:45:00Z,2025-03-31T14:00:00Z,2025-03-31,2025-03-31_16,0.0,100,100,0,99.73604,108.86014,0.025344722222222223,0.0,9.9175,True,True,False,False,0.0,0.0,175.54698330420106,208.6070761256103,0.0,1114.0963192895747,1498.250378719386
2025-03-31T14:00:00Z,2025-03-31T14:15:00Z,2025-03-31,2025-03-31_17,0.0,100,100,0,108.86014,131.33574,0.06243222222222222,0.0,24.43,True,True,False,False,0.0,0.0,175.54698330420106,208.6070761256103,0.0,35265.96863761477,35650.122697044586
2025-03-31T14:15:00Z,2025-03-31T14:30:00Z,2025-03-31,2025-03-31_17,0.0,100,100,0,131.33574,147.40768,0.04464427777777778,0.0,17.4695,True,True,False,False,0.0,0.0,175.54698330420106,208.6070761256103,0.0,20126.837931006776,20510.99199043659
2025-03-31T14:30:00Z,2025-03-31T14:45:00Z,2025-03-31,2025-03-31_17,0.0,100,100,0,147.40768,168.53548,0.058688333333333335,0.0,22.965,True,True,False,False,0.0,0.0,175.54698330420106,208.6070761256103,0.0,34402.43096257007,34786.58502199988
2025-03-31T14:45:00Z,2025-03-31T15:00:00Z,2025-03-31,2025-03-31_17,0.0,100,100,0,168.53548,190.0,0.059623666666666665,0.0,23.331,True,True,False,False,0.0,0.0,175.54698330420106,208.6070761256103,0.0,33074.393661021044,33458.54772045086
2025-03-31T15:00:00Z,2025-03-31T15:15:00Z,2025-03-31,2025-03-31_18,15.525030399999933,0,0,0,190.0,185.78124173913045,0.011718772946859852,0.0,0.0,True,False,False,False,466.56597609599794,0.0,0.0,0.0,0.0,0.0,466.56597609599794
2025-03-31T15:15:00Z,2025-03-31T15:30:00Z,2025-03-31,2025-03-31_18,15.525030399999933,0,0,0,185.78124173913045,181.5624834782609,0.011718772946859852,0.0,0.0,True,False,False,False,466.56597609599794,0.0,0.0,0.0,0.0,0.0,466.56597609599794
2025-03-31T15:30:00Z,2025-03-31T15:45:00Z,2025-03-31,2025-03-31_18,15.525030399999933,0,0,0,181.5624834782609,177.34372521739135,0.011718772946859852,0.0,0.0,True,False,False,False,466.56597609599794,0.0,0.0,0.0,0.0,0.0,466.56597609599794
2025-03-31T15:45:00Z,2025-03-31T16:00:00Z,2025-03-31,2025-03-31_18,15.525030399999933,0,0,0,177.34372521739135,173.1249669565218,0.011718772946859852,0.0,0.0,True,False,False,False,466.56597609599794,0.0,0.0,0.0,0.0,0.0,466.56597609599794
2025-03-31T16:00:00Z,2025-03-31T16:15:00Z,2025-03-31,2025-03-31_19,0.0,100,100,0,173.1249669565218,182.46526695652182,0.02594527777777778,0.0,10.1525,True,True,False,False,0.0,0.0,197.0948104393949,202.57971189198963,0.0,5359.589053301991,5759.263575633376
2025-03-31T16:15:00Z,2025-03-31T16:30:00Z,2025-03-31,2025-03-31_19,0.0,100,100,0,182.46526695652182,189.7562669565218,0.02025277777777778,0.0,7.925,True,True,False,False,0.0,0.0,197.0948104393949,202.57971189198963,0.0,3307.5924446989334,3707.266967030318
2025-03-31T16:30:00Z,2025-03-31T16:45:00Z,2025-03-31,2025-03-31_19,0.0,100,100,0,189.7562669565218,189.69548000000006,0.0009482971014492753,0.185,0.1525,True,True,False,False,0.0,0.0,197.0948104393949,202.57971189198963,36.42637474132562,-11.4306827999116,424.67021427279855
2025-03-31T16:45:00Z,2025-03-31T17:00:00Z,2025-03-31,2025-03-31_19,0.0,100,100,0,189.69548000000006,189.86630434782614,0.0012172657004830918,0.123,0.331,True,True,False,False,0.0,0.0,197.0948104393949,202.57971189198963,24.083342173467543,-21.215641612922674,402.5422228919294
2025-03-31T17:00:00Z,2025-03-31T17:15:00Z,2025-03-31,2025-03-31_20,100.0,0,100,0,189.86630434782614,168.71630434782614,0.058750000000000004,0.0,5.542,True,True,False,False,5882.25,0.0,0.0,202.57971189198963,0.0,2361.968933759267,8446.798645651257
2025-03-31T17:15:00Z,2025-03-31T17:30:00Z,2025-03-31,2025-03-31_20,100.0,0,100,0,168.71630434782614,141.66195652173917,0.07515096618357489,0.0,0.11,True,True,False,False,5882.25,0.0,0.0,202.57971189198963,0.0,-8.403542081047958,6076.426169810941
2025-03-31T17:30:00Z,2025-03-31T17:45:00Z,2025-03-31,2025-03-31_20,100.0,0,100,0,141.66195652173917,114.7902173913044,0.07464371980676329,0.0,0.278,True,True,False,False,5882.25,0.0,0.0,202.57971189198963,0.0,-20.772000482189142,6064.0577114098005
2025-03-31T17:45:00Z,2025-03-31T18:00:00Z,2025-03-31,2025-03-31_20,100.0,0,100,0,114.7902173913044,88.06304347826091,0.0742421497584541,0.0,0.411,True,True,False,False,5882.25,0.0,0.0,202.57971189198963,0.0,-30.319352661081307,6054.510359230909
2025-03-31T18:00:00Z,2025-03-31T18:15:00Z,2025-03-31,2025-03-31_21,76.83181278255914,23,100,0,88.06304347826091,67.28410674249895,0.057857814470010205,0.021505,0.117,True,True,False,False,3946.2739840441936,0.0,40.375806159966245,202.57971189198963,3.6459514696723128,-8.949126032186125,4183.926327533636
2025-03-31T18:15:00Z,2025-03-31T18:30:00Z,2025-03-31,2025-03-31_21,76.83181278255914,23,100,0,67.28410674249895,46.511832076681515,0.0578310196576265,0.008625,0.11,True,True,False,False,3946.2739840441936,0.0,40.375806159966245,202.57971189198963,1.4389729371345914,-8.493866152331586,4182.174608880952
2025-03-31T18:30:00Z,2025-03-31T18:45:00Z,2025-03-31,2025-03-31_21,76.83181278255914,23,100,0,46.511832076681515,25.87262894608496,0.05760110641558656,0.0,0.22799999999999998,True,True,False,False,3946.2739840441936,0.0,40.375806159966245,202.57971189198963,0.0,-17.218390693749622,4172.0111114024
2025-03-31T18:45:00Z,2025-03-31T19:00:00Z,2025-03-31,2025-03-31_21,76.83181278255914,23,100,0,25.87262894608496,12.8627765217392,0.04502672230061501,0.0,7.506,True,True,False,False,3946.2739840441936,0.0,40.375806159966245,202.57971189198963,0.0,3365.0112964860473,7554.2407985821965
2025-03-31T19:00:00Z,2025-03-31T19:15:00Z,2025-03-31,2025-03-31_22,0.0,100,100,0,12.8627765217392,10.000000000000068,0.012253157004830918,3.3460000000000005,0.8415,True,True,False,False,0.0,0.0,175.54698330420106,208.6070761256103,697.52399453519,-27.489033813513355,1054.189020151488
2025-03-31T19:15:00Z,2025-03-31T19:30:00Z,2025-03-31,2025-03-31_22,0.0,100,100,0,10.000000000000068,14.545313043478329,0.01284024154589372,0.0355,4.9825,True,True,False,False,0.0,0.0,175.54698330420106,208.6070761256103,5.911438631386495,-70.65073483615616,319.41476322504167
2025-03-31T19:30:00Z,2025-03-31T19:45:00Z,2025-03-31,2025-03-31_22,0.0,100,100,0,14.545313043478329,24.23567304347833,0.026917666666666666,0.0,10.533,True,True,False,False,0.0,0.0,175.54698330420106,208.6070761256103,0.0,8481.154754987645,8865.308814417456
2025-03-31T19:45:00Z,2025-03-31T20:00:00Z,2025-03-31,2025-03-31_22,0.0,100,100,0,24.23567304347833,41.58595304347833,0.04819522222222223,0.0,18.859,True,True,False,False,0.0,0.0,175.54698330420106,208.6070761256103,0.0,21819.820942077033,22203.975001506846
2025-03-31T20:00:00Z,2025-03-31T20:15:00Z,2025-03-31,2025-03-31_23,0.0,100,100,0,41.58595304347833,47.78859304347833,0.017229555555555554,0.0,6.741999999999999,True,True,False,False,0.0,0.0,175.54698330420106,209.27008619130856,0.0,2780.9392063970427,3165.7562758925524
2025-03-31T20:15:00Z,2025-03-31T20:30:00Z,2025-03-31,2025-03-31_23,0.0,100,100,0,47.78859304347833,62.29423304347833,0.04029344444444445,0.0,15.767000000000001,True,True,False,False,0.0,0.0,175.54698330420106,209.27008619130856,0.0,6158.246875816208,6543.063945311717
2025-03-31T20:30:00Z,2025-03-31T20:45:00Z,2025-03-31,2025-03-31_23,0.0,100,100,0,62.29423304347833,66.67665304347832,0.012173388888888888,0.0,4.7635,True,True,False,False,0.0,0.0,175.54698330420106,209.27008619130856,0.0,-56.09814879553171,328.7189206999779
2025-03-31T20:45:00Z,2025-03-31T21:00:00Z,2025-03-31,2025-03-31_23,0.0,100,100,0,66.67665304347832,73.05961304347832,0.017730444444444445,0.0,6.938,True,True,False,False,0.0,0.0,175.54698330420106,209.27008619130856,0.0,4465.150047214353,4849.967116709863
2025-03-31T21:00:00Z,2025-03-31T21:15:00Z,2025-04-01,2025-03-31_24,0.0,100,100,0,73.05961304347832,74.5050173913044,0.00802165458937198,0.6635,2.355,True,True,False,False,0.0,0.0,175.55403749171205,209.97167024974382,100.96075475678607,1258.8705471057442,1745.3570096039862
2025-03-31T21:15:00Z,2025-03-31T21:30:00Z,2025-04-01,2025-03-31_24,0.0,100,100,0,74.5050173913044,74.60425565217396,0.0011452270531400967,0.144,0.278,True,True,False,False,0.0,0.0,175.55403749171205,209.97167024974382,21.5257881095417,-16.346875891583455,390.7046199594141
2025-03-31T21:30:00Z,2025-03-31T21:45:00Z,2025-04-01,2025-03-31_24,0.0,100,100,0,74.60425565217396,73.73157826086961,0.0028687705314009663,0.8765000000000001,0.087,True,True,False,False,0.0,0.0,175.55403749171205,209.97167024974382,134.8654036487111,-5.336434670792228,515.0546767193747
2025-03-31T21:45:00Z,2025-03-31T22:00:00Z,2025-04-01,2025-03-31_24,0.0,100,100,0,73.73157826086961,76.20453826086961,0.006869333333333333,0.0,2.688,True,True,False,False,0.0,0.0,175.55403749171205,209.97167024974382,0.0,-64.57389242731712,320.95181531413874
2025-03-31T22:00:00Z,2025-03-31T22:15:00Z,2025-04-01,2025-04-01_1,-3.10512414718452e-14,100,100,0,76.20453826086961,76.29816869565222,0.0018482487922705508,0.263,0.41250000000000003,True,True,False,False,-7.949894097829167e-13,0.0,175.55403749171205,209.97167024974382,39.314460227843526,-19.160766309698417,405.6794016596002
2025-03-31T22:15:00Z,2025-03-31T22:30:00Z,2025-04-01,2025-04-01_1,-3.10512414718452e-14,100,100,0,76.29816869565222,76.27844000000006,0.0001263574879227251,0.03,0.014000000000000002,True,True,False,False,-7.949894097829167e-13,0.0,175.55403749171205,209.97167024974382,4.484539189487855,-1.097024371622029,388.9132225593209
2025-03-31T22:30:00Z,2025-03-31T22:45:00Z,2025-04-01,2025-04-01_1,-3.10512414718452e-14,100,100,0,76.27844000000006,76.16298086956527,0.0004944975845410825,0.135,0.034,True,True,False,False,-7.949894097829167e-13,0.0,175.55403749171205,209.97167024974382,20.180426352695346,-2.6642020453677846,403.04193204878266
2025-03-31T22:45:00Z,2025-03-31T23:00:00Z,2025-04-01,2025-04-01_1,-3.10512414718452e-14,100,100,0,76.16298086956527,71.51716173913049,0.012910164251207744,4.275,0.001,True,True,False,False,-7.949894097829167e-13,0.0,175.55403749171205,209.97167024974382,834.4130718691608,-0.07835888368728777,1219.8604207269286
2025-03-31T23:00:00Z,2025-03-31T23:15:00Z,2025-04-01,2025-04-01_2,0.0,100,100,0,71.51716173913049,66.6008573913044,0.013656400966183573,4.523,0.0,True,True,False,False,0.0,0.0,175.55403749171205,209.64015189568224,856.0920949950774,0.0,1241.2862843824716
2025-03-31T23:15:00Z,2025-03-31T23:30:00Z,2025-04-01,2025-04-01_2,0.0,100,100,0,66.6008573913044,60.84433565217397,0.015990338164251206,5.296,0.0,True,True,False,False,0.0,0.0,175.55403749171205,209.64015189568224,1010.4281931245102,0.0,1395.6223825119046
2025-03-31T23:30:00Z,2025-03-31T23:45:00Z,2025-04-01,2025-04-01_2,0.0,100,100,0,60.84433565217397,59.45303826086962,0.0039976038647342995,1.302,0.026,True,True,False,False,0.0,0.0,175.55403749171205,209.64015189568224,233.89409374937213,-1.772117498141488,617.316165638625
2025-03-31T23:45:00Z,2025-04-01T00:00:00Z,2025-04-01,2025-04-01_2,0.0,100,100,0,59.45303826086962,59.368903478260926,0.0006298188405797101,0.143,0.0775,True,True,False,False,0.0,0.0,175.55403749171205,209.64015189568224,21.376303469892104,-5.487129553354364,401.083363303932
2025-04-01T00:00:00Z,2025-04-01T00:15:00Z,2025-04-01,2025-04-01_3,-100.0,100,0,0,59.368903478260926,74.80834347826092,0.04288733333333334,8.218,0.0,True,True,False,False,-2362.25,0.0,175.55403749171205,0.0,1630.1760503104217,0.0,-556.5199121978662
2025-04-01T00:15:00Z,2025-04-01T00:30:00Z,2025-04-01,2025-04-01_3,-100.0,100,0,0,74.80834347826092,90.26664347826093,0.04293972222222223,8.1975,0.0,True,True,False,False,-2362.25,0.0,175.55403749171205,0.0,1903.010483012196,0.0,-283.68547949609206
2025-04-01T00:30:00Z,2025-04-01T00:45:00Z,2025-04-01,2025-04-01_3,-100.0,100,0,0,90.26664347826093,111.72840347826093,0.059616,1.672,0.0,True,True,False,False,-2362.25,0.0,175.55403749171205,0.0,276.51274035080667,0.0,-1910.1832221574814
2025-04-01T00:45:00Z,2025-04-01T01:00:00Z,2025-04-01,2025-04-01_3,-100.0,100,0,0,111.72840347826093,122.73620347826093,0.03057722222222222,13.035,0.0,True,True,False,False,-2362.25,0.0,175.55403749171205,0.0,10668.965872696952,0.0,8482.269910188665
2025-04-01T01:00:00Z,2025-04-01T01:15:00Z,2025-04-01,2025-04-01_4,0.0,100,100,0,122.73620347826093,116.77750782608702,0.016551932367149757,5.482,0.0,True,True,False,False,0.0,0.0,175.55403749171205,209.64015189568224,1082.2915959092643,0.0,1467.4857852966586
2025-04-01T01:15:00Z,2025-04-01T01:30:00Z,2025-04-01,2025-04-01_4,0.0,100,100,0,116.77750782608702,113.41500782608702,0.009340277777777777,3.0935,0.0,True,True,False,False,0.0,0.0,175.55403749171205,209.64015189568224,595.8009770750035,0.0,980.9951664623978
2025-04-01T01:30:00Z,2025-04-01T01:45:00Z,2025-04-01,2025-04-01_4,0.0,100,100,0,113.41500782608702,113.21739826086963,0.0006920265700483092,0.2055,0.028000000000000004,True,True,False,False,0.0,0.0,175.55403749171205,209.64015189568224,30.719093447991803,-2.2231845854011376,413.69009824998494
2025-04-01T01:45:00Z,2025-04-01T02:00:00Z,2025-04-01,2025-04-01_4,0.0,100,100,0,113.21739826086963,113.15943913043485,0.000654219806763285,0.135,0.0965,True,True,False,False,0.0,0.0,175.55403749171205,209.64015189568224,20.180426352695346,-7.673137268690603,397.701478471399
2025-04-01T02:00:00Z,2025-04-01T02:15:00Z,2025-04-01,2025-04-01_5,-83.64264095901413,100,16,0,113.15943913043485,131.32877381520348,0.0515865465709946,1.13,0.00216,True,True,False,False,-1955.355839019353,0.0,175.55403749171205,33.542424303309154,194.513433525547,-0.17359506539952985,-1551.9195387641844
2025-04-01T02:15:00Z,2025-04-01T02:30:00Z,2025-04-01,2025-04-01_5,-83.64264095901413,100,16,0,131.32877381520348,150.65186107126016,0.053676724022775936,0.0015,0.09423999999999999,True,True,False,False,-1955.355839019353,0.0,175.55403749171205,33.542424303309154,0.22422695947439272,-5.615148323320809,-1751.6502985881782
2025-04-01T02:30:00Z,2025-04-01T02:45:00Z,2025-04-01,2025-04-01_5,-83.64264095901413,100,16,0,150.65186107126016,169.524960172368,0.05281000905781552,0.3895,0.00464,True,True,False,False,-1955.355839019353,0.0,175.55403749171205,33.542424303309154,60.32542755821664,-0.3729079182656567,-1686.3068575843809
2025-04-01T02:45:00Z,2025-04-01T03:00:00Z,2025-04-01,2025-04-01_5,-83.64264095901413,100,16,0,169.524960172368,188.45867043478262,0.052921083127606273,0.3315,0.0108,True,True,False,False,-1955.355839019353,0.0,175.55403749171205,33.542424303309154,49.55415804384079,-0.7199377951015652,-1697.4251569755925
2025-04-01T03:00:00Z,2025-04-01T03:15:00Z,2025-04-01,2025-04-01_6,0.0,100,100,0,188.45867043478262,189.37284956521742,0.0031825024154589375,0.1065,1.1195,True,True,False,False,0.0,0.0,175.55403749171205,209.64015189568224,17.82453637660485,-46.42671384943039,356.59201191456873
2025-04-01T03:15:00Z,2025-04-01T03:30:00Z,2025-04-01,2025-04-01_6,0.0,100,100,0,189.37284956521742,188.8583886956522,0.0015057246376811593,0.486,0.015,True,True,False,False,0.0,0.0,175.55403749171205,209.64015189568224,81.3401378312672,-1.205521287496735,465.32880593116477
2025-04-01T03:30:00Z,2025-04-01T03:45:00Z,2025-04-01,2025-04-01_6,0.0,100,100,0,188.8583886956522,187.69560782608698,0.0034548357487922707,1.107,0.044,True,True,False,False,0.0,0.0,175.55403749171205,209.64015189568224,207.44634184565308,-3.5361957766570895,589.1043354563902
2025-04-01T03:45:00Z,2025-04-01T04:00:00Z,2025-04-01,2025-04-01_6,0.0,100,100,0,187.69560782608698,186.6137286956522,0.0033655531400966178,1.055,0.0705,True,True,False,False,0.0,0.0,175.55403749171205,209.64015189568224,181.70647967692028,-3.325232766068594,563.575436298246
2025-04-01T04:00:00Z,2025-04-01T04:15:00Z,2025-04-01,2025-04-01_7,0.0,100,100,0,186.6137286956522,189.21202000000002,0.007259746376811594,0.007000000000000001,2.8325,True,True,False,False,0.0,0.0,196.80135018384198,209.64015189568224,1.1973838178859175,-42.233393944264726,365.40549195314543
2025-04-01T04:15:00Z,2025-04-01T04:30:00Z,2025-04-01,2025-04-01_7,0.0,100,100,0,189.21202000000002,189.24293478260873,0.0042917922705314,0.6965,0.8564999999999999,True,True,False,False,0.0,0.0,196.80135018384198,209.64015189568224,139.81008468787044,-62.563168210403646,483.688418556991
2025-04-01T04:30:00Z,2025-04-01T04:45:00Z,2025-04-01,2025-04-01_7,0.0,100,100,0,189.24293478260873,179.16956521739132,0.027981582125603862,9.2675,0.0,True,True,False,False,0.0,0.0,196.80135018384198,209.64015189568224,2042.4008875650477,0.0,2448.842389644572
2025-04-01T04:45:00Z,2025-04-01T05:00:00Z,2025-04-01,2025-04-01_7,0.0,100,100,0,179.16956521739132,166.11141304347828,0.036272644927536235,12.0135,0.0,True,True,False,False,0.0,0.0,196.80135018384198,209.64015189568224,2673.9336491129375,0.0,3080.3751511924615
2025-04-01T05:00:00Z,2025-04-01T05:15:00Z,2025-04-01,2025-04-01_8,100.0,0,100,0,166.11141304347828,138.9630434782609,0.0754121376811594,0.0,0.0235,True,True,False,False,4419.0,0.0,0.0,209.64015189568224,0.0,-1.8886500170782183,4626.751501878604
2025-04-01T05:15:00Z,2025-04-01T05:30:00Z,2025-04-01,2025-04-01_8,100.0,0,100,0,138.9630434782609,111.80271739130437,0.0754453502415459,0.0,0.0125,True,True,False,False,4419.0,0.0,0.0,209.64015189568224,0.0,-1.0046010729139458,4627.635550822768
2025-04-01T05:30:00Z,2025-04-01T05:45:00Z,2025-04-01,2025-04-01_8,100.0,0,100,0,111.80271739130437,84.62880434782612,0.07548309178743962,0.0,0.0,True,True,False,False,4419.0,0.0,0.0,209.64015189568224,0.0,0.0,4628.640151895682
2025-04-01T05:45:00Z,2025-04-01T06:00:00Z,2025-04-01,2025-04-01_8,100.0,0,100,0,84.62880434782612,57.515760869565256,0.07531400966183574,0.0,0.05600000000000001,True,True,False,False,4419.0,0.0,0.0,209.64015189568224,0.0,-4.400147877277933,4624.240004018404
2025-04-01T06:00:00Z,2025-04-01T06:15:00Z,2025-04-01,2025-04-01_9,35.7345249949466,64,100,0,57.515760869565256,42.34720516441673,0.04213487695874592,5.02144,0.0,True,True,False,False,1423.7528121111598,0.0,112.35458399469572,209.64015189568224,1408.9653562435956,0.0,3154.7129042451334
2025-04-01T06:15:00Z,2025-04-01T06:30:00Z,2025-04-01,2025-04-01_9,35.7345249949466,64,100,0,42.34720516441673,32.37489149109899,0.028574596150506847,0.48064,0.266,True,True,False,False,1423.7528121111598,0.0,112.35458399469572,209.64015189568224,95.48696640212172,-19.337282353177553,1821.897232050482
2025-04-01T06:30:00Z,2025-04-01T06:45:00Z,2025-04-01,2025-04-01_9,35.7345249949466,64,100,0,32.37489149109899,24.136017446612364,0.027901467340579487,0.022400000000000003,1.527,True,True,False,False,1423.7528121111598,0.0,112.35458399469572,209.64015189568224,3.9116761166140934,-69.98594040706435,1679.6732837110874
2025-04-01T06:45:00Z,2025-04-01T07:00:00Z,2025-04-01,2025-04-01_9,35.7345249949466,64,100,0,24.136017446612364,17.205826956521626,0.02857245050687395,0.0,2.838,True,True,False,False,1423.7528121111598,0.0,112.35458399469572,209.64015189568224,0.0,-118.2499049647385,1627.4976430367992
2025-04-01T07:00:00Z,2025-04-01T07:15:00Z,2025-04-01,2025-04-01_10,0.0,100,100,0,17.205826956521626,10.86861913043467,0.018393021739130436,5.961,0.1545,True,True,False,False,0.0,0.0,175.55403749171205,209.64015189568224,1195.9283946474854,-11.563954511663418,1569.5586295232163
2025-04-01T07:15:00Z,2025-04-01T07:30:00Z,2025-04-01,2025-04-01_10,0.0,100,100,0,10.86861913043467,9.999999999999888,0.007707942028985508,1.6760000000000002,1.036,True,True,False,False,0.0,0.0,175.55403749171205,209.64015189568224,335.21885756765994,-35.2324510256977,685.1805959293565
2025-04-01T07:30:00Z,2025-04-01T07:45:00Z,2025-04-01,2025-04-01_10,0.0,100,100,0,9.999999999999888,14.351599999999888,0.012087777777777779,0.0,4.73,True,True,False,False,0.0,0.0,175.55403749171205,209.64015189568224,0.0,-134.72483775692675,250.46935163046754
2025-04-01T07:45:00Z,2025-04-01T08:00:00Z,2025-04-01,2025-04-01_10,0.0,100,100,0,14.351599999999888,18.912499999999888,0.012669166666666667,0.0,4.9575,True,True,False,False,0.0,0.0,175.55403749171205,209.64015189568224,0.0,-144.3413312973418,240.85285809005248
2025-04-01T08:00:00Z,2025-04-01T08:15:00Z,2025-04-01,2025-04-01_11,-79.0,100,21,0,18.912499999999888,25.06420906956511,0.03305746480676329,12.592999999999998,0.009555,True,True,False,False,-1757.9475,0.0,175.55403749171205,44.02443189809327,6418.758696831487,-0.5588497207209017,4879.830816500572
2025-04-01T08:15:00Z,2025-04-01T08:30:00Z,2025-04-01,2025-04-01_11,-79.0,100,21,0,25.06420906956511,26.248451504347717,0.02584300434782609,17.785,0.0,True,True,False,False,-1757.9475,0.0,175.55403749171205,44.02443189809327,14974.64410901931,0.0,13436.275078409115
2025-04-01T08:30:00Z,2025-04-01T08:45:00Z,2025-04-01,2025-04-01_11,-79.0,100,21,0,26.248451504347717,31.794456930434677,0.03216752714975846,13.218,0.0,True,True,False,False,-1757.9475,0.0,175.55403749171205,44.02443189809327,10201.044814450182,0.0,8662.675783839988
2025-04-01T08:45:00Z,2025-04-01T09:00:00Z,2025-04-01,2025-04-01_11,-79.0,100,21,0,31.794456930434677,48.74909459999989,0.04871559980676329,1.277,0.00462,True,True,False,False,-1757.9475,0.0,175.55403749171205,44.02443189809327,224.93170520986115,-0.36581551907737436,-1313.803140919411
2025-04-01T09:00:00Z,2025-04-01T09:15:00Z,2025-04-01,2025-04-01_12,-7.484025838726539,100,92,0,48.74909459999989,26.93595411779431,0.06177652040217369,21.9035,0.0,True,True,False,False,-142.5145620339501,0.0,175.55403749171205,192.86893974402764,32388.134350927245,0.0,32614.042766129034
2025-04-01T09:15:00Z,2025-04-01T09:30:00Z,2025-04-01,2025-04-01_12,-7.484025838726539,100,92,0,26.93595411779431,10.561737508208191,0.048604698961118686,16.8415,0.0,True,True,False,False,-142.5145620339501,0.0,175.55403749171205,192.86893974402764,22782.23075887565,0.0,23008.139174077438
2025-04-01T09:30:00Z,2025-04-01T09:45:00Z,2025-04-01,2025-04-01_12,-7.484025838726539,100,92,0,10.561737508208191,12.056892582959216,0.00572307501074064,0.281,0.08234,True,True,False,False,-142.5145620339501,0.0,175.55403749171205,192.86893974402764,42.47542725683631,-6.6175081874987445,261.76633427112716
2025-04-01T09:45:00Z,2025-04-01T10:00:00Z,2025-04-01,2025-04-01_12,-7.484025838726539,100,92,0,12.056892582959216,15.084763819721093,0.008511314276929298,0.018,1.44118,True,True,False,False,-142.5145620339501,0.0,175.55403749171205,192.86893974402764,2.6907235136927126,-33.22176017761346,195.37737853786882
2025-04-01T10:00:00Z,2025-04-01T10:15:00Z,2025-04-01,2025-04-01_13,0.0,100,100,0,15.084763819721093,10.101971645808051,0.020718089371980677,5.723,1.3455,True,True,False,False,0.0,0.0,175.55403749171205,209.64015189568224,1125.1856559040405,-23.760830905547405,1486.6190143858873
2025-04-01T10:15:00Z,2025-04-01T10:30:00Z,2025-04-01,2025-04-01_13,0.0,100,100,0,10.101971645808051,17.04411512406892,0.019905712560386476,0.103,7.6675,True,True,False,False,0.0,0.0,175.55403749171205,209.64015189568224,15.493914327620502,-17.297359908380383,383.3907438066344
2025-04-01T10:30:00Z,2025-04-01T10:45:00Z,2025-04-01,2025-04-01_13,0.0,100,100,0,17.04411512406892,29.225835124068922,0.03383811111111111,0.0,13.241,True,True,False,False,0.0,0.0,175.55403749171205,209.64015189568224,0.0,8553.269383777702,8938.463573165096
2025-04-01T10:45:00Z,2025-04-01T11:00:00Z,2025-04-01,2025-04-01_13,0.0,100,100,0,29.225835124068922,44.37639512406892,0.04208488888888889,0.0,16.468,True,True,False,False,0.0,0.0,175.55403749171205,209.64015189568224,0.0,8675.070155713167,9060.26434510056
2025-04-01T11:00:00Z,2025-04-01T11:15:00Z,2025-04-01,2025-04-01_14,0.0,100,100,0,44.37639512406892,53.70013512406892,0.025899277777777775,0.0,10.1345,True,True,False,False,0.0,0.0,175.55403749171205,209.64015189568224,0.0,1161.7157537521848,1546.9099431395791
2025-04-01T11:15:00Z,2025-04-01T11:30:00Z,2025-04-01,2025-04-01_14,0.0,100,100,0,53.70013512406892,73.75107512406892,0.055697055555555555,0.0,21.7945,True,True,False,False,0.0,0.0,175.55403749171205,209.64015189568224,0.0,16066.541421209136,16451.73561059653
2025-04-01T11:30:00Z,2025-04-01T11:45:00Z,2025-04-01,2025-04-01_14,0.0,100,100,0,73.75107512406892,86.51055512406892,0.035443,0.0,13.869000000000002,True,True,False,False,0.0,0.0,175.55403749171205,209.64015189568224,0.0,2705.4261170159334,3090.6203064033275
2025-04-01T11:45:00Z,2025-04-01T12:00:00Z,2025-04-01,2025-04-01_14,0.0,100,100,0,86.51055512406892,109.37025512406892,0.06349916666666666,0.0,24.8475,True,True,False,False,0.0,0.0,175.55403749171205,209.64015189568224,0.0,37909.73854101786,38294.93273040526
2025-04-01T12:00:00Z,2025-04-01T12:15:00Z,2025-04-01,2025-04-01_15,-53.041570971002415,0,0,0,109.37025512406892,121.56981644739948,0.03388767034258488,0.0,0.0,True,False,False,False,-625.3601217481184,0.0,0.0,0.0,0.0,0.0,-625.3601217481184
2025-04-01T12:15:00Z,2025-04-01T12:30:00Z,2025-04-01,2025-04-01_15,-53.041570971002415,0,0,0,121.56981644739948,133.76937777073005,0.03388767034258488,0.0,0.0,True,False,False,False,-625.3601217481184,0.0,0.0,0.0,0.0,0.0,-625.3601217481184
2025-04-01T12:30:00Z,2025-04-01T12:45:00Z,2025-04-01,2025-04-01_15,-53.041570971002415,0,0,0,133.76937777073005,145.9689390940606,0.03388767034258488,0.0,0.0,True,False,False,False,-625.3601217481184,0.0,0.0,0.0,0.0,0.0,-625.3601217481184
2025-04-01T12:45:00Z,2025-04-01T13:00:00Z,2025-04-01,2025-04-01_15,-53.041570971002415,0,0,0,145.9689390940606,158.16850041739116,0.03388767034258488,0.0,0.0,True,False,False,False,-625.3601217481184,0.0,0.0,0.0,0.0,0.0,-625.3601217481184
2025-04-01T13:00:00Z,2025-04-01T13:15:00Z,2025-04-01,2025-04-01_16,-69.0,100,31,0,158.16850041739116,175.34975511304333,0.04773413140096619,0.0045,1.4300300000000001,True,True,False,False,-987.39,0.0,175.55403749171205,64.98844708766148,0.6190743605714171,211.48216057141713,-534.7462804886379
2025-04-01T13:15:00Z,2025-04-01T13:30:00Z,2025-04-01,2025-04-01_16,-69.0,100,31,0,175.34975511304333,189.99999999999986,0.04304539642512078,1.2555,0.00031,True,True,False,False,-987.39,0.0,175.55403749171205,64.98844708766148,185.29289094050753,-0.02491410660826586,-561.5795385867272
2025-04-01T13:30:00Z,2025-04-01T13:45:00Z,2025-04-01,2025-04-01_16,-69.0,100,31,0,189.99999999999986,189.74272876521727,0.030352748985507244,16.596,0.0,True,True,False,False,-987.39,0.0,175.55403749171205,64.98844708766148,17780.164330232463,0.0,17033.316814811835
2025-04-01T13:45:00Z,2025-04-01T14:00:00Z,2025-04-01,2025-04-01_16,-69.0,100,31,0,189.74272876521727,189.7847585391303,0.03060757062801932,16.288,0.0,True,True,False,False,-987.39,0.0,175.55403749171205,64.98844708766148,13331.717036828675,0.0,12584.869521408049
2025-04-01T14:00:00Z,2025-04-01T14:15:00Z,2025-04-01,2025-04-01_17,0.0,100,100,0,189.7847585391303,187.79847158260856,0.005530241545893719,1.8295,0.0025,True,True,False,False,0.0,0.0,175.55403749171205,209.64015189568224,323.7491963191416,-0.2009202145827892,708.7424654919531
2025-04-01T14:15:00Z,2025-04-01T14:30:00Z,2025-04-01,2025-04-01_17,0.0,100,100,0,187.79847158260856,187.40255245217378,0.001590442028985507,0.44549999999999995,0.096,True,True,False,False,0.0,0.0,175.55403749171205,209.64015189568224,66.94261608165397,-5.766403729079183,446.37040173996905
2025-04-01T14:30:00Z,2025-04-01T14:45:00Z,2025-04-01,2025-04-01_17,0.0,100,100,0,187.40255245217378,186.9753785391303,0.0011865942028985506,0.393,0.0,True,True,False,False,0.0,0.0,175.55403749171205,209.64015189568224,58.747463382290896,0.0,443.94165276968516
2025-04-01T14:45:00Z,2025-04-01T15:00:00Z,2025-04-01,2025-04-01_17,0.0,100,100,0,186.9753785391303,187.31708723478246,0.0011846980676328501,0.039,0.4175,True,True,False,False,0.0,0.0,175.55403749171205,209.64015189568224,5.829900946334211,-28.526664121677282,362.4974262120512
2025-04-01T15:00:00Z,2025-04-01T15:15:00Z,2025-04-01,2025-04-01_18,-1.2357264969740872e-13,0,0,0,187.31708723478246,187.3170872347825,7.894919286223336e-17,0.0,0.0,True,False,False,False,-3.402572909418149e-12,0.0,0.0,0.0,0.0,0.0,-3.402572909418149e-12
2025-04-01T15:15:00Z,2025-04-01T15:30:00Z,2025-04-01,2025-04-01_18,-1.2357264969740872e-13,0,0,0,187.3170872347825,187.31708723478252,7.894919286223336e-17,0.0,0.0,True,False,False,False,-3.402572909418149e-12,0.0,0.0,0.0,0.0,0.0,-3.402572909418149e-12
2025-04-01T15:30:00Z,2025-04-01T15:45:00Z,2025-04-01,2025-04-01_18,-1.2357264969740872e-13,0,0,0,187.31708723478252,187.31708723478255,7.894919286223336e-17,0.0,0.0,True,False,False,False,-3.402572909418149e-12,0.0,0.0,0.0,0.0,0.0,-3.402572909418149e-12
2025-04-01T15:45:00Z,2025-04-01T16:00:00Z,2025-04-01,2025-04-01_18,-1.2357264969740872e-13,0,0,0,187.31708723478255,187.31708723478258,7.894919286223336e-17,0.0,0.0,True,False,False,False,-3.402572909418149e-12,0.0,0.0,0.0,0.0,0.0,-3.402572909418149e-12
2025-04-01T16:00:00Z,2025-04-01T16:15:00Z,2025-04-01,2025-04-01_19,0.0,100,100,0,187.31708723478258,184.66958288695648,0.008708623188405797,2.66,0.265,True,True,False,False,0.0,0.0,184.987241566374,209.64015189568224,653.171601936871,-19.095536557433043,1028.7034588414942
2025-04-01T16:15:00Z,2025-04-01T16:30:00Z,2025-04-01,2025-04-01_19,0.0,100,100,0,184.66958288695648,180.18969158260865,0.012444142512077296,4.1215,0.0,True,True,False,False,0.0,0.0,184.987241566374,209.64015189568224,917.3718188302427,0.0,1311.9992122922988
2025-04-01T16:30:00Z,2025-04-01T16:45:00Z,2025-04-01,2025-04-01_19,0.0,100,100,0,180.18969158260865,166.26523506086951,0.0386790458937198,12.8105,0.0,True,True,False,False,0.0,0.0,184.987241566374,209.64015189568224,4946.452414257298,0.0,5341.079807719354
2025-04-01T16:45:00Z,2025-04-01T17:00:00Z,2025-04-01,2025-04-01_19,0.0,100,100,0,166.26523506086951,140.77338723478255,0.0708106884057971,23.4525,0.0,True,True,False,False,0.0,0.0,184.987241566374,209.64015189568224,30141.49735890378,0.0,30536.124752365835
2025-04-01T17:00:00Z,2025-04-01T17:15:00Z,2025-04-01,2025-04-01_20,-1.6653345369377348e-14,100,100,0,140.77338723478255,137.10545245217386,0.010188707729468605,3.3745,0.0,True,True,False,False,-7.118056144506113e-13,0.0,196.49996986196783,209.64015189568224,2065.290819151715,0.0,2471.4309409093644
2025-04-01T17:15:00Z,2025-04-01T17:30:00Z,2025-04-01,2025-04-01_20,-1.6653345369377348e-14,100,100,0,137.10545245217386,129.04730027826082,0.02238375603864735,7.413500000000001,0.0,True,True,False,False,-7.118056144506113e-13,0.0,196.49996986196783,209.64015189568224,2612.3222130357035,0.0,3018.462334793353
2025-04-01T17:30:00Z,2025-04-01T17:45:00Z,2025-04-01,2025-04-01_20,-1.6653345369377348e-14,100,100,0,129.04730027826082,126.72556114782604,0.0064492753623188485,2.136,0.0,True,True,False,False,-7.118056144506113e-13,0.0,196.49996986196783,209.64015189568224,458.2518462558518,0.0,864.3919680135011
2025-04-01T17:45:00Z,2025-04-01T18:00:00Z,2025-04-01,2025-04-01_20,-1.6653345369377348e-14,100,100,0,126.72556114782604,117.0712133217391,0.026817632850241545,8.882,0.0,True,True,False,False,-7.118056144506113e-13,0.0,196.49996986196783,209.64015189568224,2289.916334009765,0.0,2696.0564557674143
2025-04-01T18:00:00Z,2025-04-01T18:15:00Z,2025-04-01,2025-04-01_21,0.0,100,100,0,117.0712133217391,103.56088723478257,0.03752868357487923,12.4295,0.0,True,True,False,False,0.0,0.0,189.56822245886158,209.64015189568224,5721.820468947782,0.0,6121.028843302325
2025-04-01T18:15:00Z,2025-04-01T18:30:00Z,2025-04-01,2025-04-01_21,0.0,100,100,0,103.56088723478257,101.57557506086953,0.00578053381642512,1.8704999999999998,0.052,True,True,False,False,0.0,0.0,189.56822245886158,209.64015189568224,375.3853087139097,-4.122878784834542,770.4708042836189
2025-04-01T18:30:00Z,2025-04-01T18:45:00Z,2025-04-01,2025-04-01_21,0.0,100,100,0,101.57557506086953,102.3765646260869,0.0023034734299516913,0.013,0.886,True,True,False,False,0.0,0.0,189.56822245886158,209.64015189568224,2.2898868819191898,-39.28851298949187,362.2097482469711
2025-04-01T18:45:00Z,2025-04-01T19:00:00Z,2025-04-01,2025-04-01_21,0.0,100,100,0,102.3765646260869,111.9441046260869,0.026576500000000003,0.0,10.3995,True,True,False,False,0.0,0.0,189.56822245886158,209.64015189568224,0.0,7447.833511382129,7847.041885736672
2025-04-01T19:00:00Z,2025-04-01T19:15:00Z,2025-04-01,2025-04-01_22,93.78857625600006,0,0,0,111.9441046260869,86.45807846956515,0.07079451710144931,0.0,0.0,True,False,False,False,2689.3874241408016,0.0,0.0,0.0,0.0,0.0,2689.3874241408016
2025-04-01T19:15:00Z,2025-04-01T19:30:00Z,2025-04-01,2025-04-01_22,93.78857625600006,0,0,0,86.45807846956515,60.9720523130434,0.07079451710144931,0.0,0.0,True,False,False,False,2689.3874241408016,0.0,0.0,0.0,0.0,0.0,2689.3874241408016
2025-04-01T19:30:00Z,2025-04-01T19:45:00Z,2025-04-01,2025-04-01_22,93.78857625600006,0,0,0,60.9720523130434,35.486026156521646,0.07079451710144931,0.0,0.0,True,False,False,False,2689.3874241408016,0.0,0.0,0.0,0.0,0.0,2689.3874241408016
2025-04-01T19:45:00Z,2025-04-01T20:00:00Z,2025-04-01,2025-04-01_22,93.78857625600006,0,0,0,35.486026156521646,9.999999999999893,0.07079451710144931,0.0,0.0,True,False,False,False,2689.3874241408016,0.0,0.0,0.0,0.0,0.0,2689.3874241408016
2025-04-01T20:00:00Z,2025-04-01T20:15:00Z,2025-04-01,2025-04-01_23,0.0,100,100,0,9.999999999999893,13.808853913043372,0.013206961352657004,0.43499999999999994,4.654,True,True,False,False,0.0,0.0,175.55403749171205,209.64015189568224,74.70872194651503,2274.02102067469,2733.9239320085994
2025-04-01T20:15:00Z,2025-04-01T20:30:00Z,2025-04-01,2025-04-01_23,0.0,100,100,0,13.808853913043372,18.79308173913033,0.013890367149758455,0.0075,5.4265,True,True,False,False,0.0,0.0,175.55403749171205,209.64015189568224,1.2552490406059753,-18.542622310180626,367.90681611781963
2025-04-01T20:30:00Z,2025-04-01T20:45:00Z,2025-04-01,2025-04-01_23,0.0,100,100,0,18.79308173913033,24.41106173913033,0.015605500000000001,0.0,6.1065,True,True,False,False,0.0,0.0,175.55403749171205,209.64015189568224,0.0,-81.45639860561371,303.7377907817806
2025-04-01T20:45:00Z,2025-04-01T21:00:00Z,2025-04-01,2025-04-01_23,0.0,100,100,0,24.41106173913033,31.28438173913033,0.019092555555555557,0.0,7.471,True,True,False,False,0.0,0.0,175.55403749171205,209.64015189568224,0.0,1304.2194545016173,1689.4136438890116
2025-04-01T21:00:00Z,2025-04-01T21:15:00Z,2025-04-02,2025-04-01_24,0.0,100,100,0,31.28438173913033,45.50252173913033,0.03949483333333333,0.0,15.4545,True,True,False,False,0.0,0.0,175.9493670886076,211.6335141651597,0.0,8637.394911091018,9024.977792344785
2025-04-01T21:15:00Z,2025-04-01T21:30:00Z,2025-04-02,2025-04-01_24,0.0,100,100,0,45.50252173913033,66.16618173913034,0.05739905555555556,0.0,22.4605,True,True,False,False,0.0,0.0,175.9493670886076,211.6335141651597,0.0,25667.9424366084,26055.525317862164
2025-04-01T21:30:00Z,2025-04-01T21:45:00Z,2025-04-02,2025-04-01_24,0.0,100,100,0,66.16618173913034,77.83270173913033,0.032407,0.0,12.680999999999997,True,True,False,False,0.0,0.0,175.9493670886076,211.6335141651597,0.0,3257.172305605786,3644.7551868595533
2025-04-01T21:45:00Z,2025-04-01T22:00:00Z,2025-04-02,2025-04-01_24,0.0,100,100,0,77.83270173913033,100.59534173913033,0.06322955555555555,0.0,24.742,True,True,False,False,0.0,0.0,175.9493670886076,211.6335141651597,0.0,35768.22731002612,36155.81019127989
2025-04-01T22:00:00Z,2025-04-01T22:15:00Z,2025-04-02,2025-04-02_1,0.0,100,100,0,100.59534173913033,104.81860173913033,0.011731277777777778,0.0,4.5905,True,True,False,False,0.0,0.0,175.9493670886076,211.6335141651597,0.0,833.5506823387581,1221.1335635925254
2025-04-01T22:15:00Z,2025-04-01T22:30:00Z,2025-04-02,2025-04-02_1,0.0,100,100,0,104.81860173913033,107.14942173913033,0.0064745,0.0,2.5335,True,True,False,False,0.0,0.0,175.9493670886076,211.6335141651597,0.0,-92.50609222423145,295.07678902953586
2025-04-01T22:30:00Z,2025-04-01T22:45:00Z,2025-04-02,2025-04-02_1,0.0,100,100,0,107.14942173913033,109.48898173913034,0.006498777777777778,0.0,2.543,True,True,False,False,0.0,0.0,175.9493670886076,211.6335141651597,0.0,-58.6131609403255,328.9697203134418
2025-04-01T22:45:00Z,2025-04-01T23:00:00Z,2025-04-02,2025-04-02_1,0.0,100,100,0,109.48898173913034,111.61096173913033,0.005894388888888889,0.0,2.3065,True,True,False,False,0.0,0.0,175.9493670886076,211.6335141651597,0.0,-87.93942545710267,299.6434557966646
2025-04-01T23:00:00Z,2025-04-01T23:15:00Z,2025-04-02,2025-04-02_2,0.0,100,100,0,111.61096173913033,111.46754086956511,0.0014947246376811594,0.3135,0.21449999999999997,True,True,False,False,0.0,0.0,175.9493670886076,211.30198915009038,46.86437613019891,-13.34287402049427,420.7728583484026
2025-04-01T23:15:00Z,2025-04-01T23:30:00Z,2025-04-02,2025-04-02_2,0.0,100,100,0,111.46754086956511,111.3218547826086,0.0005554613526570048,0.159,0.029499999999999995,True,True,False,False,0.0,0.0,175.9493670886076,211.30198915009038,23.76853526220615,-2.3111296966043797,408.70876180429974
2025-04-01T23:30:00Z,2025-04-01T23:45:00Z,2025-04-02,2025-04-02_2,0.0,100,100,0,111.3218547826086,111.39873130434773,0.0004943429951690822,0.0465,0.1385,True,True,False,False,0.0,0.0,175.9493670886076,211.30198915009038,6.951175406871609,-11.033555053244926,383.16897659232467
2025-04-01T23:45:00Z,2025-04-02T00:00:00Z,2025-04-02,2025-04-02_2,0.0,100,100,0,111.39873130434773,111.1050947826086,0.0009868792270531401,0.2985,0.0335,True,True,False,False,0.0,0.0,175.9493670886076,211.30198915009038,44.622061482820975,-2.674298874824191,429.1991188466948
2025-04-02T00:00:00Z,2025-04-02T00:15:00Z,2025-04-02,2025-04-02_3,0.0,100,100,0,111.1050947826086,108.56927652173904,0.007225384057971013,2.363,0.0355,True,True,False,False,0.0,0.0,175.9493670886076,211.30198915009038,378.04629033554346,-2.817060880048222,762.4805856941932
2025-04-02T00:15:00Z,2025-04-02T00:30:00Z,2025-04-02,2025-04-02_3,0.0,100,100,0,108.56927652173904,111.17747652173904,0.007245000000000001,0.0,2.835,True,True,False,False,0.0,0.0,175.9493670886076,211.30198915009038,0.0,-113.61759493670884,273.6337613019891
2025-04-02T00:30:00Z,2025-04-02T00:45:00Z,2025-04-02,2025-04-02_3,0.0,100,100,0,111.17747652173904,111.42817652173903,0.000696388888888889,0.0,0.2725,True,True,False,False,0.0,0.0,175.9493670886076,211.30198915009038,0.0,-20.940341068917018,366.31101516978094
2025-04-02T00:45:00Z,2025-04-02T01:00:00Z,2025-04-02,2025-04-02_3,0.0,100,100,0,111.42817652173903,111.4991495652173,0.0003420748792270532,0.024,0.1055,True,True,False,False,0.0,0.0,175.9493670886076,211.30198915009038,3.587703435804702,-8.401653707052441,382.4374059674502
2025-04-02T01:00:00Z,2025-04-02T01:15:00Z,2025-04-02,2025-04-02_4,0.0,100,100,0,111.4991495652173,112.1817895652173,0.0018962222222222223,0.0,0.742,True,True,False,False,0.0,0.0,175.9493670886076,211.30198915009038,0.0,-37.81978621659634,349.43157002210165
2025-04-02T01:15:00Z,2025-04-02T01:30:00Z,2025-04-02,2025-04-02_4,0.0,100,100,0,112.1817895652173,116.3714695652173,0.011638,0.0,4.554,True,True,False,False,0.0,0.0,175.9493670886076,211.30198915009038,0.0,-86.35580831826401,300.89554792043396
2025-04-02T01:30:00Z,2025-04-02T01:45:00Z,2025-04-02,2025-04-02_4,0.0,100,100,0,116.3714695652173,116.17988260869555,0.0007238526570048308,0.208,0.0375,True,True,False,False,0.0,0.0,175.9493670886076,211.30198915009038,32.28847900341571,-2.788328812537673,416.751506429576
2025-04-02T01:45:00Z,2025-04-02T02:00:00Z,2025-04-02,2025-04-02_4,0.0,100,100,0,116.17988260869555,114.36621217391294,0.005040528985507246,1.669,0.0005,True,True,False,False,0.0,0.0,175.9493670886076,211.30198915009038,284.0888165561583,-0.04018485031143259,671.2999879445448
2025-04-02T02:00:00Z,2025-04-02T02:15:00Z,2025-04-02,2025-04-02_5,-98.0,100,2,0,114.36621217391294,125.63002504347816,0.03276330869565218,12.2125,0.0001,True,True,False,False,-1779.435,0.0,175.9493670886076,4.2260397830018075,12383.538798472975,-0.007996785211975084,10784.271208559372
2025-04-02T02:15:00Z,2025-04-02T02:30:00Z,2025-04-02,2025-04-02_5,-98.0,100,2,0,125.63002504347816,141.6087771826086,0.04524363516908213,7.106,0.0,True,True,False,False,-1779.435,0.0,175.9493670886076,4.2260397830018075,1839.787232469359,0.0,240.52763934096842
2025-04-02T02:30:00Z,2025-04-02T02:45:00Z,2025-04-02,2025-04-02_5,-98.0,100,2,0,141.6087771826086,153.4163447999999,0.03420260328502415,11.6235,0.0,True,True,False,False,-1779.435,0.0,175.9493670886076,4.2260397830018075,6785.545670886075,0.0,5186.286077757684
2025-04-02T02:45:00Z,2025-04-02T03:00:00Z,2025-04-02,2025-04-02_5,-98.0,100,2,0,153.4163447999999,166.51566386086947,0.037621840386473426,10.2245,0.0,True,True,False,False,-1779.435,0.0,175.9493670886076,4.2260397830018075,6712.787929776975,0.0,5113.528336648585
2025-04-02T03:00:00Z,2025-04-02T03:15:00Z,2025-04-02,2025-04-02_6,-63.0,100,37,0,166.51566386086947,180.03812566956512,0.03976429608695652,0.9855,0.0,True,True,False,False,-1357.4925,0.0,175.9493670886076,78.18173598553344,172.21142224231465,0.0,-931.1499746835443
2025-04-02T03:15:00Z,2025-04-02T03:30:00Z,2025-04-02,2025-04-02_6,-63.0,100,37,0,180.03812566956512,189.95094519999992,0.03795303130434782,4.6625,0.00037000000000000005,True,True,False,False,-1357.4925,0.0,175.9493670886076,78.18173598553344,920.805809222423,-0.029736789230460123,-182.58532449266647
2025-04-02T03:30:00Z,2025-04-02T03:45:00Z,2025-04-02,2025-04-02_6,-63.0,100,37,0,189.95094519999992,189.34862572173904,0.03267365966183575,15.3725,0.0,True,True,False,False,-1357.4925,0.0,175.9493670886076,78.18173598553344,6518.6565802692385,0.0,5415.29518334338
2025-04-02T03:45:00Z,2025-04-02T04:00:00Z,2025-04-02,2025-04-02_6,-63.0,100,37,0,189.34862572173904,180.99863740869557,0.028784331980676328,23.264,0.0,True,True,False,False,-1357.4925,0.0,175.9493670886076,78.18173598553344,26003.36988868796,0.0,24900.008491762102
2025-04-02T04:00:00Z,2025-04-02T04:15:00Z,2025-04-02,2025-04-02_7,0.0,100,100,0,180.99863740869557,189.07084958260862,0.026544188405797108,0.6825,9.5805,True,True,False,False,0.0,0.0,197.10669077757686,211.30198915009038,141.93915611814347,6824.748194394214,7375.096030440025
2025-04-02T04:15:00Z,2025-04-02T04:30:00Z,2025-04-02,2025-04-02_7,0.0,100,100,0,189.07084958260862,181.18201566956515,0.021987538647342993,7.2700000000000005,0.0145,True,True,False,False,0.0,0.0,197.10669077757686,211.30198915009038,1526.9088828611616,-1.1432595941330117,1934.1743031946958
2025-04-02T04:30:00Z,2025-04-02T04:45:00Z,2025-04-02,2025-04-02_7,0.0,100,100,0,181.18201566956515,165.67603740869558,0.043072161835748794,14.265500000000001,0.0,True,True,False,False,0.0,0.0,197.10669077757686,211.30198915009038,3071.8319340968455,0.0,3480.240614024513
2025-04-02T04:45:00Z,2025-04-02T05:00:00Z,2025-04-02,2025-04-02_7,0.0,100,100,0,165.67603740869558,149.44451566956513,0.04508756038647342,14.933,0.0,True,True,False,False,0.0,0.0,197.10669077757686,211.30198915009038,3349.6966300984523,0.0,3758.1053100261197
2025-04-02T05:00:00Z,2025-04-02T05:15:00Z,2025-04-02,2025-04-02_8,0.0,100,100,0,149.44451566956513,140.9787547999999,0.02351600241545894,7.7885,0.0,True,True,False,False,0.0,0.0,197.10669077757686,211.30198915009038,1804.1057932489448,0.0,2212.5144731766122
2025-04-02T05:15:00Z,2025-04-02T05:30:00Z,2025-04-02,2025-04-02_8,0.0,100,100,0,140.9787547999999,115.67440697391295,0.07028985507246377,23.28,0.0,True,True,False,False,0.0,0.0,197.10669077757686,211.30198915009038,23095.626329113922,0.0,23504.03500904159
2025-04-02T05:30:00Z,2025-04-02T05:45:00Z,2025-04-02,2025-04-02_8,0.0,100,100,0,115.67440697391295,95.74071132173904,0.055371376811594195,18.339,0.0,True,True,False,False,0.0,0.0,197.10669077757686,211.30198915009038,8581.458141048823,0.0,8989.86682097649
2025-04-02T05:45:00Z,2025-04-02T06:00:00Z,2025-04-02,2025-04-02_8,0.0,100,100,0,95.74071132173904,72.59995045217383,0.06427989130434783,21.2895,0.0,True,True,False,False,0.0,0.0,197.10669077757686,211.30198915009038,14400.616470162748,0.0,14809.025150090414
2025-04-02T06:00:00Z,2025-04-02T06:15:00Z,2025-04-02,2025-04-02_9,49.66025521599983,0,0,0,72.59995045217383,59.10531588260866,0.03748509602656992,0.0,0.0,True,False,False,False,1564.6704912181146,0.0,0.0,0.0,0.0,0.0,1564.6704912181146
2025-04-02T06:15:00Z,2025-04-02T06:30:00Z,2025-04-02,2025-04-02_9,49.66025521599983,0,0,0,59.10531588260866,45.610681313043486,0.03748509602656992,0.0,0.0,True,False,False,False,1564.6704912181146,0.0,0.0,0.0,0.0,0.0,1564.6704912181146
2025-04-02T06:30:00Z,2025-04-02T06:45:00Z,2025-04-02,2025-04-02_9,49.66025521599983,0,0,0,45.610681313043486,32.116046743478314,0.03748509602656992,0.0,0.0,True,False,False,False,1564.6704912181146,0.0,0.0,0.0,0.0,0.0,1564.6704912181146
2025-04-02T06:45:00Z,2025-04-02T07:00:00Z,2025-04-02,2025-04-02_9,49.66025521599983,0,0,0,32.116046743478314,18.621412173913143,0.03748509602656992,0.0,0.0,True,False,False,False,1564.6704912181146,0.0,0.0,0.0,0.0,0.0,1564.6704912181146
2025-04-02T07:00:00Z,2025-04-02T07:15:00Z,2025-04-02,2025-04-02_10,0.0,100,100,0,18.621412173913143,11.078591304347928,0.02392694685990338,7.4319999999999995,0.582,True,True,False,False,0.0,0.0,175.9493670886076,211.30198915009038,5122.307021900743,-29.135783001808313,5480.422595137633
2025-04-02T07:15:00Z,2025-04-02T07:30:00Z,2025-04-02,2025-04-02_10,0.0,100,100,0,11.078591304347928,10.000000000000101,0.0030727536231884055,1.005,0.015,True,True,False,False,0.0,0.0,175.9493670886076,211.30198915009038,177.21722121760092,-1.175406871609403,563.2931705846895
2025-04-02T07:30:00Z,2025-04-02T07:45:00Z,2025-04-02,2025-04-02_10,0.0,100,100,0,10.000000000000101,17.120810434782708,0.019979304347826087,0.033,7.779,True,True,False,False,0.0,0.0,175.9493670886076,211.30198915009038,5.7679053646775165,5880.927125979505,6273.946387582881
2025-04-02T07:45:00Z,2025-04-02T08:00:00Z,2025-04-02,2025-04-02_10,0.0,100,100,0,17.120810434782708,38.46849043478271,0.059299111111111115,0.0,23.204,True,True,False,False,0.0,0.0,175.9493670886076,211.30198915009038,0.0,20576.00363592525,20963.25499216395
2025-04-02T08:00:00Z,2025-04-02T08:15:00Z,2025-04-02,2025-04-02_11,0.0,100,100,0,38.46849043478271,44.66792956521749,0.017586002415458938,0.0605,6.81,True,True,False,False,0.0,0.0,175.9493670886076,211.30198915009038,9.437732569821176,2152.2733393610606,2548.9624281695797
2025-04-02T08:15:00Z,2025-04-02T08:30:00Z,2025-04-02,2025-04-02_11,0.0,100,100,0,44.66792956521749,59.52040956521749,0.04125688888888889,0.0,16.144,True,True,False,False,0.0,0.0,175.9493670886076,211.30198915009038,0.0,9134.279741209562,9521.53109744826
2025-04-02T08:30:00Z,2025-04-02T08:45:00Z,2025-04-02,2025-04-02_11,0.0,100,100,0,59.52040956521749,68.43385478260879,0.026039763285024158,0.212,9.939,True,True,False,False,0.0,0.0,175.9493670886076,211.30198915009038,33.07106288929073,5090.349613019891,5510.67203214788
2025-04-02T08:45:00Z,2025-04-02T09:00:00Z,2025-04-02,2025-04-02_11,0.0,100,100,0,68.43385478260879,67.93674608695662,0.001508635265700483,0.47850000000000004,0.025,True,True,False,False,0.0,0.0,175.9493670886076,211.30198915009038,74.64388487040385,-1.6988145469158127,460.19642656218605
2025-04-02T09:00:00Z,2025-04-02T09:15:00Z,2025-04-02,2025-04-02_12,0.0,100,100,0,67.93674608695662,66.23691478260879,0.006347086956521739,1.833,0.318,True,True,False,False,0.0,0.0,175.9493670886076,211.30198915009038,257.008550331525,-12.461293550331524,631.7986130198915
2025-04-02T09:15:00Z,2025-04-02T09:30:00Z,2025-04-02,2025-04-02_12,0.0,100,100,0,66.23691478260879,64.73549391304357,0.00418083574879227,1.383,0.002,True,True,False,False,0.0,0.0,175.9493670886076,211.30198915009038,191.2052380952381,-0.15672091621458709,578.2998734177215
2025-04-02T09:30:00Z,2025-04-02T09:45:00Z,2025-04-02,2025-04-02_12,0.0,100,100,0,64.73549391304357,64.45827913043487,0.0007879299516908212,0.258,0.0035000000000000005,True,True,False,False,0.0,0.0,175.9493670886076,211.30198915009038,35.66952380952381,-0.2742616033755274,422.64661844484624
2025-04-02T09:45:00Z,2025-04-02T10:00:00Z,2025-04-02,2025-04-02_12,0.0,100,100,0,64.45827913043487,64.50513652173922,0.0005317294685990338,0.0665,0.1295,True,True,False,False,0.0,0.0,175.9493670886076,211.30198915009038,9.193888888888889,-8.791428973277073,387.6538161543098
2025-04-02T10:00:00Z,2025-04-02T10:15:00Z,2025-04-02,2025-04-02_13,0.0,100,100,0,64.50513652173922,57.49979217391313,0.019589623188405795,6.4665,0.025499999999999995,True,True,False,False,0.0,0.0,175.9493670886076,211.30198915009038,1873.085324593128,-1.5506326100060273,2258.78604822182
2025-04-02T10:15:00Z,2025-04-02T10:30:00Z,2025-04-02,2025-04-02_13,0.0,100,100,0,57.49979217391313,57.221415652174,0.0009598236714975845,0.287,0.0365,True,True,False,False,0.0,0.0,175.9493670886076,211.30198915009038,39.248706047819965,-2.45328842676311,424.0467738597548
2025-04-02T10:30:00Z,2025-04-02T10:45:00Z,2025-04-02,2025-04-02_13,0.0,100,100,0,57.221415652174,55.58282869565226,0.0045516304347826084,1.5075,0.0,True,True,False,False,0.0,0.0,175.9493670886076,211.30198915009038,208.0489330922242,0.0,595.3002893309222
2025-04-02T10:45:00Z,2025-04-02T11:00:00Z,2025-04-02,2025-04-02_13,0.0,100,100,0,55.58282869565226,56.05240521739139,0.0013073985507246377,0.0005,0.511,True,True,False,False,0.0,0.0,175.9493670886076,211.30198915009038,0.06837753666867591,-29.070222222222224,358.24951155314443
2025-04-02T11:00:00Z,2025-04-02T11:15:00Z,2025-04-02,2025-04-02_14,-70.99999999999989,100,29,0,56.05240521739139,72.42619880000007,0.04554492782608689,0.0355,0.08496999999999999,True,True,False,False,-784.5499999999988,0.0,175.9493670886076,61.277576853526206,4.778769338959212,-4.087301137231263,-546.6315878561371
2025-04-02T11:15:00Z,2025-04-02T11:30:00Z,2025-04-02,2025-04-02_14,-70.99999999999989,100,29,0,72.42619880000007,88.62837146956525,0.0453011136956521,0.1685,0.038425,True,True,False,False,-784.5499999999988,0.0,175.9493670886076,61.277576853526206,22.68232770745429,-2.2602191832429175,-526.9009475336536
2025-04-02T11:30:00Z,2025-04-02T11:45:00Z,2025-04-02,2025-04-02_14,-70.99999999999989,100,29,0,88.62837146956525,105.37598140000001,0.04658856019323665,0.0385,0.49445,True,True,False,False,-784.5499999999988,0.0,175.9493670886076,61.277576853526206,5.18260900140647,-18.951134950773557,-561.0915820072321
2025-04-02T11:45:00Z,2025-04-02T12:00:00Z,2025-04-02,2025-04-02_14,-70.99999999999989,100,29,0,105.37598140000001,121.64146373913043,0.04553038572463761,0.199,0.139345,True,True,False,False,-784.5499999999988,0.0,175.9493670886076,61.277576853526206,26.788030942334743,-6.411745851918826,-526.9467709674491
2025-04-02T12:00:00Z,2025-04-02T12:15:00Z,2025-04-02,2025-04-02_15,-67.0,100,33,0,121.64146373913043,136.58664671304348,0.042464940628019324,0.477,0.00033000000000000005,True,True,False,False,-748.2225000000001,0.0,175.9493670886076,69.72965641952983,64.43669077757686,-0.02585895117540687,-438.1326446654612
2025-04-02T12:15:00Z,2025-04-02T12:30:00Z,2025-04-02,2025-04-02_15,-67.0,100,33,0,136.58664671304348,151.9021480521739,0.04279016072463769,0.124,0.028709999999999996,True,True,False,False,-748.2225000000001,0.0,175.9493670886076,69.72965641952983,16.750837854128992,-2.0254192585895114,-487.8180578963232
2025-04-02T12:30:00Z,2025-04-02T12:45:00Z,2025-04-02,2025-04-02_15,-67.0,100,33,0,151.9021480521739,166.1901861826087,0.04199461074879227,1.157,0.006765,True,True,False,False,-748.2225000000001,0.0,175.9493670886076,69.72965641952983,158.3655664054651,-0.5301084990958408,-344.7080185854934
2025-04-02T12:45:00Z,2025-04-02T13:00:00Z,2025-04-02,2025-04-02_15,-67.0,100,33,0,166.1901861826087,181.60147898260868,0.04290081333333334,0.046,0.050159999999999996,True,True,False,False,-748.2225000000001,0.0,175.9493670886076,69.72965641952983,6.214020494273659,-3.2244101748040985,-499.5538661723931
2025-04-02T13:00:00Z,2025-04-02T13:15:00Z,2025-04-02,2025-04-02_16,0.0,100,100,0,181.60147898260868,189.44539898260868,0.021788666666666665,0.0,8.526,True,True,False,False,0.0,0.0,175.9493670886076,211.30198915009038,0.0,63.21608438818565,450.4674406268836
2025-04-02T13:15:00Z,2025-04-02T13:30:00Z,2025-04-02,2025-04-02_16,0.0,100,100,0,189.44539898260868,189.66281202608695,0.0006099637681159421,0.001,0.2375,True,True,False,False,0.0,0.0,175.9493670886076,211.30198915009038,0.14064697609001406,-14.827215189873417,372.56478802491455
2025-04-02T13:30:00Z,2025-04-02T13:45:00Z,2025-04-02,2025-04-02_16,0.0,100,100,0,189.66281202608695,189.28414593913044,0.002894405797101449,0.6535,0.3605,True,True,False,False,0.0,0.0,175.9493670886076,211.30198915009038,103.16489501707855,-14.642369901547115,475.7738813542294
2025-04-02T13:45:00Z,2025-04-02T14:00:00Z,2025-04-02,2025-04-02_16,0.0,100,100,0,189.28414593913044,182.63468941739131,0.018470712560386474,6.1175,0.0,True,True,False,False,0.0,0.0,175.9493670886076,211.30198915009038,1169.7503199718703,0.0,1557.0016762105683
2025-04-02T14:00:00Z,2025-04-02T14:15:00Z,2025-04-02,2025-04-02_17,-21.964302540191945,100,78,0,182.63468941739131,187.7066778797349,0.017604233065991685,0.746,0.8736000000000002,True,True,False,False,-463.72133737980243,0.0,175.9493670886076,164.8155515370705,130.68040385774563,-34.26190042194093,-26.53791531831964
2025-04-02T14:15:00Z,2025-04-02T14:30:00Z,2025-04-02,2025-04-02_17,-21.964302540191945,100,78,0,187.7066778797349,188.34535946774974,0.021577558672918246,4.2025,0.0007800000000000001,True,True,False,False,-463.72133737980243,0.0,175.9493670886076,164.8155515370705,2325.2304997990755,-0.06112115732368897,2202.212959887627
2025-04-02T14:30:00Z,2025-04-02T14:45:00Z,2025-04-02,2025-04-02_17,-21.964302540191945,100,78,0,188.34535946774974,190.00000000000017,0.01983815989838575,3.2344999999999997,0.0,True,True,False,False,-463.72133737980243,0.0,175.9493670886076,164.8155515370705,1487.295497689371,0.0,1364.3390789352466
2025-04-02T14:45:00Z,2025-04-02T15:00:00Z,2025-04-02,2025-04-02_17,-21.964302540191945,100,78,0,190.00000000000017,178.11383232299744,0.042978138876340534,16.127,0.0,True,True,False,False,-463.72133737980243,0.0,175.9493670886076,164.8155515370705,12162.933499296762,0.0,12039.977080542638
2025-04-02T15:00:00Z,2025-04-02T15:15:00Z,2025-04-02,2025-04-02_18,0.08208189715749048,0,0,0,178.11383232299744,178.09152745963942,6.195795377226032e-05,0.0,0.0,True,False,False,False,2.226471460396929,0.0,0.0,0.0,0.0,0.0,2.226471460396929
2025-04-02T15:15:00Z,2025-04-02T15:30:00Z,2025-04-02,2025-04-02_18,0.08208189715749048,0,0,0,178.09152745963942,178.0692225962814,6.195795377226032e-05,0.0,0.0,True,False,False,False,2.226471460396929,0.0,0.0,0.0,0.0,0.0,2.226471460396929
2025-04-02T15:30:00Z,2025-04-02T15:45:00Z,2025-04-02,2025-04-02_18,0.08208189715749048,0,0,0,178.0692225962814,178.0469177329234,6.195795377226032e-05,0.0,0.0,True,False,False,False,2.226471460396929,0.0,0.0,0.0,0.0,0.0,2.226471460396929
2025-04-02T15:45:00Z,2025-04-02T16:00:00Z,2025-04-02,2025-04-02_18,0.08208189715749048,0,0,0,178.0469177329234,178.02461286956537,6.195795377226032e-05,0.0,0.0,True,False,False,False,2.226471460396929,0.0,0.0,0.0,0.0,0.0,2.226471460396929
2025-04-02T16:00:00Z,2025-04-02T16:15:00Z,2025-04-02,2025-04-02_19,99.99999999999997,0,0,0,178.02461286956537,150.85069982608712,0.07548309178743959,0.0,0.0,True,False,False,False,2944.249999999999,0.0,0.0,0.0,0.0,0.0,2944.249999999999
2025-04-02T16:15:00Z,2025-04-02T16:30:00Z,2025-04-02,2025-04-02_19,99.99999999999997,0,0,0,150.85069982608712,123.67678678260887,0.07548309178743959,0.0,0.0,True,False,False,False,2944.249999999999,0.0,0.0,0.0,0.0,0.0,2944.249999999999
2025-04-02T16:30:00Z,2025-04-02T16:45:00Z,2025-04-02,2025-04-02_19,99.99999999999997,0,0,0,123.67678678260887,96.50287373913062,0.07548309178743959,0.0,0.0,True,False,False,False,2944.249999999999,0.0,0.0,0.0,0.0,0.0,2944.249999999999
2025-04-02T16:45:00Z,2025-04-02T17:00:00Z,2025-04-02,2025-04-02_19,99.99999999999997,0,0,0,96.50287373913062,69.32896069565237,0.07548309178743959,0.0,0.0,True,False,False,False,2944.249999999999,0.0,0.0,0.0,0.0,0.0,2944.249999999999
2025-04-02T17:00:00Z,2025-04-02T17:15:00Z,2025-04-02,2025-04-02_20,0.0,100,100,0,69.32896069565237,63.27515634782628,0.016816123188405797,5.5695,0.0,True,True,False,False,0.0,0.0,197.10669077757686,211.30198915009038,3157.7207380952377,0.0,3566.129418022905
2025-04-02T17:15:00Z,2025-04-02T17:30:00Z,2025-04-02,2025-04-02_20,0.0,100,100,0,63.27515634782628,60.31809113043498,0.008214070048309178,2.7205,0.0,True,True,False,False,0.0,0.0,197.10669077757686,211.30198915009038,579.25769328913,0.0,987.6663732167972
2025-04-02T17:30:00Z,2025-04-02T17:45:00Z,2025-04-02,2025-04-02_20,0.0,100,100,0,60.31809113043498,55.48928678260889,0.01341334541062802,4.4425,0.0,True,True,False,False,0.0,0.0,197.10669077757686,211.30198915009038,945.5196704842274,0.0,1353.9283504118946
2025-04-02T17:45:00Z,2025-04-02T18:00:00Z,2025-04-02,2025-04-02_20,0.0,100,100,0,55.48928678260889,51.73782504347846,0.010448838164251207,3.456,0.0055,True,True,False,False,0.0,0.0,197.10669077757686,211.30198915009038,787.167363471971,-0.4355034157122764,1195.140539983926
2025-04-02T18:00:00Z,2025-04-02T18:15:00Z,2025-04-02,2025-04-02_21,23.999999999999943,76,100,0,51.73782504347846,35.4827163478263,0.045153079710144886,8.9547,0.0,True,True,False,False,810.7199999999981,0.0,149.57203134418324,211.30198915009038,1996.2503820976492,0.0,3167.8444025919207
2025-04-02T18:15:00Z,2025-04-02T18:30:00Z,2025-04-02,2025-04-02_21,23.999999999999943,76,100,0,35.4827163478263,28.626469982608917,0.019418035458937156,0.39253999999999994,0.096,True,True,False,False,810.7199999999981,0.0,149.57203134418324,211.30198915009038,78.23897168173598,-7.350413502109704,1242.482578673898
2025-04-02T18:30:00Z,2025-04-02T18:45:00Z,2025-04-02,2025-04-02_21,23.999999999999943,76,100,0,28.626469982608917,22.71174100869589,0.018987709371980636,0.02318,0.6585,True,True,False,False,810.7199999999981,0.0,149.57203134418324,211.30198915009038,3.8309223186658627,-29.415381555153704,1146.0095612577838
2025-04-02T18:45:00Z,2025-04-02T19:00:00Z,2025-04-02,2025-04-02_21,23.999999999999943,76,100,0,22.71174100869589,23.103942852174164,0.026884377101449253,0.0,7.201499999999999,True,True,False,False,810.7199999999981,0.0,149.57203134418324,211.30198915009038,0.0,4663.332265521398,5834.92628601567
2025-04-02T19:00:00Z,2025-04-02T19:15:00Z,2025-04-02,2025-04-02_22,0.0,100,100,0,23.103942852174164,14.950163721739381,0.030318608695652175,8.7715,1.5005,True,True,False,False,0.0,0.0,175.9493670886076,211.6335141651597,5298.1181805304395,160.772982419128,5846.474044203334
2025-04-02T19:15:00Z,2025-04-02T19:30:00Z,2025-04-02,2025-04-02_22,0.0,100,100,0,14.950163721739381,14.017555026087207,0.002590579710144927,0.8579999999999999,0.0,True,True,False,False,0.0,0.0,175.9493670886076,211.6335141651597,169.08668233875827,0.0,556.6695635925256
2025-04-02T19:30:00Z,2025-04-02T19:45:00Z,2025-04-02,2025-04-02_22,0.0,100,100,0,14.017555026087207,15.26745067826112,0.004118067632850241,0.107,1.485,True,True,False,False,0.0,0.0,175.9493670886076,211.6335141651597,20.308178621659632,-29.39357142857143,378.4974884468555
2025-04-02T19:45:00Z,2025-04-02T20:00:00Z,2025-04-02,2025-04-02_22,0.0,100,100,0,15.26745067826112,20.767210678261122,0.015277111111111111,0.0,5.978,True,True,False,False,0.0,0.0,175.9493670886076,211.6335141651597,0.0,-182.86290014064696,204.71998111312035
2025-04-02T20:00:00Z,2025-04-02T20:15:00Z,2025-04-02,2025-04-02_23,-55.99999999999999,100,44,0,20.767210678261122,14.822231130435036,0.03383508096618358,18.9495,0.00066,True,True,False,False,-1260.6999999999998,0.0,175.9493670886076,92.97287522603976,20549.363984629294,-0.051717902350813735,19557.53450904159
2025-04-02T20:15:00Z,2025-04-02T20:30:00Z,2025-04-02,2025-04-02_23,-55.99999999999999,100,44,0,14.822231130435036,18.036850330435037,0.03477949777777778,9.729,0.0,True,True,False,False,-1260.6999999999998,0.0,175.9493670886076,92.97287522603976,2379.4021971066904,0.0,1387.624439421338
2025-04-02T20:30:00Z,2025-04-02T20:45:00Z,2025-04-02,2025-04-02_23,-55.99999999999999,100,44,0,18.036850330435037,15.90963043478286,0.03422777082125604,15.106,0.0,True,True,False,False,-1260.6999999999998,0.0,175.9493670886076,92.97287522603976,14811.898897327706,0.0,13820.121139642353
2025-04-02T20:45:00Z,2025-04-02T21:00:00Z,2025-04-02,2025-04-02_23,-55.99999999999999,100,44,0,15.90963043478286,16.51393120000025,0.03450989342995169,12.3565,0.0,True,True,False,False,-1260.6999999999998,0.0,175.9493670886076,92.97287522603976,9166.710614024512,0.0,8174.93285633916
2025-04-02T21:00:00Z,2025-04-02T21:15:00Z,2025-04-03,2025-04-02_24,-100.00000000000009,100,0,0,16.51393120000025,18.88523120000027,0.006586944444444498,22.4225,0.0,True,True,False,False,-1880.5000000000016,0.0,175.5434564230321,0.0,33791.64090740145,0.0,32086.684363824483
2025-04-02T21:15:00Z,2025-04-02T21:30:00Z,2025-04-03,2025-04-02_24,-100.00000000000009,100,0,0,18.88523120000027,27.913651200000288,0.0250789444444445,15.1865,0.0,True,True,False,False,-1880.5000000000016,0.0,175.5434564230321,0.0,15266.527064029411,0.0,13561.570520452442
2025-04-02T21:30:00Z,2025-04-02T21:45:00Z,2025-04-03,2025-04-02_24,-100.00000000000009,100,0,0,27.913651200000288,43.57619120000031,0.04350705555555562,7.9755,0.0,True,True,False,False,-1880.5000000000016,0.0,175.5434564230321,0.0,6859.886598525334,0.0,5154.930054948365
2025-04-02T21:45:00Z,2025-04-02T22:00:00Z,2025-04-03,2025-04-02_24,-100.00000000000009,100,0,0,43.57619120000031,65.11707120000034,0.05983577777777784,1.5859999999999999,0.0,True,True,False,False,-1880.5000000000016,0.0,175.5434564230321,0.0,267.6291356933338,0.0,-1437.3274078836357
2025-04-02T22:00:00Z,2025-04-02T22:15:00Z,2025-04-03,2025-04-03_1,-18.0,100,82,0,65.11707120000034,48.83624323478295,0.05045947545893719,19.3235,0.00246,True,True,False,False,-328.90500000000003,0.0,175.93522722706635,168.58319604612848,25910.370013259933,-0.1927512355848435,25925.790685297543
2025-04-02T22:15:00Z,2025-04-02T22:30:00Z,2025-04-03,2025-04-03_1,-18.0,100,82,0,48.83624323478295,46.050877495652514,0.024708827053140096,6.5525,0.0,True,True,False,False,-328.90500000000003,0.0,175.93522722706635,168.58319604612848,2274.4707728934786,0.0,2290.0841961666733
2025-04-02T22:30:00Z,2025-04-02T22:45:00Z,2025-04-03,2025-04-03_1,-18.0,100,82,0,46.050877495652514,46.97524601739164,0.01763320966183575,3.0425,0.0,True,True,False,False,-328.90500000000003,0.0,175.93522722706635,168.58319604612848,540.1546942178646,0.0,555.7681174910595
2025-04-02T22:45:00Z,2025-04-02T23:00:00Z,2025-04-03,2025-04-03_1,-18.0,100,82,0,46.97524601739164,49.68842514782642,0.014221391304347826,1.35,0.0,True,True,False,False,-328.90500000000003,0.0,175.93522722706635,168.58319604612848,207.84260859083057,0.0,223.45603186402536
2025-04-02T23:00:00Z,2025-04-02T23:15:00Z,2025-04-03,2025-04-03_2,0.0,100,100,0,49.68842514782642,34.836794713043815,0.041254528985507244,13.6635,0.0,True,True,False,False,0.0,0.0,175.5434564230321,205.5892634708884,10166.556473861856,0.0,10547.689193755776
2025-04-02T23:15:00Z,2025-04-02T23:30:00Z,2025-04-03,2025-04-03_2,0.0,100,100,0,34.836794713043815,24.623207756522078,0.02837107487922705,9.3965,0.0,True,True,False,False,0.0,0.0,175.5434564230321,205.5892634708884,5970.677762988708,0.0,6351.810482882629
2025-04-02T23:30:00Z,2025-04-02T23:45:00Z,2025-04-03,2025-04-03_2,0.0,100,100,0,24.623207756522078,19.35907732173947,0.014622584541062801,4.843,0.0,True,True,False,False,0.0,0.0,175.5434564230321,205.5892634708884,837.4894991360951,0.0,1218.6222190300157
2025-04-02T23:45:00Z,2025-04-03T00:00:00Z,2025-04-03,2025-04-03_2,0.0,100,100,0,19.35907732173947,10.54657732173947,0.024479166666666666,8.1075,0.0,True,True,False,False,0.0,0.0,175.5434564230321,205.5892634708884,1444.660918350946,0.0,1825.7936382448665
2025-04-03T00:00:00Z,2025-04-03T00:15:00Z,2025-04-03,2025-04-03_3,-91.86882957466888,0,0,0,10.54657732173947,31.676408123913312,0.0586939744504829,0.0,0.0,True,False,False,False,-1659.6104062663935,0.0,0.0,0.0,0.0,0.0,-1659.6104062663935
2025-04-03T00:15:00Z,2025-04-03T00:30:00Z,2025-04-03,2025-04-03_3,-91.86882957466888,0,0,0,31.676408123913312,52.806238926087154,0.0586939744504829,0.0,0.0,True,False,False,False,-1659.6104062663935,0.0,0.0,0.0,0.0,0.0,-1659.6104062663935
2025-04-03T00:30:00Z,2025-04-03T00:45:00Z,2025-04-03,2025-04-03_3,-91.86882957466888,0,0,0,52.806238926087154,73.936069728261,0.0586939744504829,0.0,0.0,True,False,False,False,-1659.6104062663935,0.0,0.0,0.0,0.0,0.0,-1659.6104062663935
2025-04-03T00:45:00Z,2025-04-03T01:00:00Z,2025-04-03,2025-04-03_3,-91.86882957466888,0,0,0,73.936069728261,95.06590053043485,0.0586939744504829,0.0,0.0,True,False,False,False,-1659.6104062663935,0.0,0.0,0.0,0.0,0.0,-1659.6104062663935
2025-04-03T01:00:00Z,2025-04-03T01:15:00Z,2025-04-03,2025-04-03_4,-100.00000000000006,0,0,0,95.06590053043485,118.06590053043486,0.06388888888888893,0.0,0.0,True,False,False,False,-1801.250000000001,0.0,0.0,0.0,0.0,0.0,-1801.250000000001
2025-04-03T01:15:00Z,2025-04-03T01:30:00Z,2025-04-03,2025-04-03_4,-100.00000000000006,0,0,0,118.06590053043486,141.06590053043487,0.06388888888888893,0.0,0.0,True,False,False,False,-1801.250000000001,0.0,0.0,0.0,0.0,0.0,-1801.250000000001
2025-04-03T01:30:00Z,2025-04-03T01:45:00Z,2025-04-03,2025-04-03_4,-100.00000000000006,0,0,0,141.06590053043487,164.06590053043487,0.06388888888888893,0.0,0.0,True,False,False,False,-1801.250000000001,0.0,0.0,0.0,0.0,0.0,-1801.250000000001
2025-04-03T01:45:00Z,2025-04-03T02:00:00Z,2025-04-03,2025-04-03_4,-100.00000000000006,0,0,0,164.06590053043487,187.06590053043487,0.06388888888888893,0.0,0.0,True,False,False,False,-1801.250000000001,0.0,0.0,0.0,0.0,0.0,-1801.250000000001
2025-04-03T02:00:00Z,2025-04-03T02:15:00Z,2025-04-03,2025-04-03_5,-1.2357264969740872e-13,0,0,0,187.06590053043487,187.0659005304349,7.894919286223336e-17,0.0,0.0,True,False,False,False,-2.4390151734026047e-12,0.0,0.0,0.0,0.0,0.0,-2.4390151734026047e-12
2025-04-03T02:15:00Z,2025-04-03T02:30:00Z,2025-04-03,2025-04-03_5,-1.2357264969740872e-13,0,0,0,187.0659005304349,187.06590053043493,7.894919286223336e-17,0.0,0.0,True,False,False,False,-2.4390151734026047e-12,0.0,0.0,0.0,0.0,0.0,-2.4390151734026047e-12
2025-04-03T02:30:00Z,2025-04-03T02:45:00Z,2025-04-03,2025-04-03_5,-1.2357264969740872e-13,0,0,0,187.06590053043493,187.06590053043496,7.894919286223336e-17,0.0,0.0,True,False,False,False,-2.4390151734026047e-12,0.0,0.0,0.0,0.0,0.0,-2.4390151734026047e-12
2025-04-03T02:45:00Z,2025-04-03T03:00:00Z,2025-04-03,2025-04-03_5,-1.2357264969740872e-13,0,0,0,187.06590053043496,187.065900530435,7.894919286223336e-17,0.0,0.0,True,False,False,False,-2.4390151734026047e-12,0.0,0.0,0.0,0.0,0.0,-2.4390151734026047e-12
2025-04-03T03:00:00Z,2025-04-03T03:15:00Z,2025-04-03,2025-04-03_6,-1.0,100,99,0,187.065900530435,189.23390844347847,0.006028222463768117,0.001,2.10771,True,True,False,False,-25.705,0.0,175.93522722706635,203.5333708361795,0.14063567324305862,-67.48491573311367,286.4193180033752
2025-04-03T03:15:00Z,2025-04-03T03:30:00Z,2025-04-03,2025-04-03_6,-1.0,100,99,0,189.23390844347847,189.4148800000002,0.0012619378985507246,0.127,0.096525,True,True,False,False,-25.705,0.0,175.93522722706635,203.5333708361795,20.50608329650018,-7.005228085948486,367.2644532737975
2025-04-03T03:30:00Z,2025-04-03T03:45:00Z,2025-04-03,2025-04-03_6,-1.0,100,99,0,189.4148800000002,185.3094268173915,0.015668517729468596,4.5285,0.62964,True,True,False,False,-25.705,0.0,175.93522722706635,203.5333708361795,1145.1580619399685,-25.62619873026078,1473.2954612729536
2025-04-03T03:45:00Z,2025-04-03T04:00:00Z,2025-04-03,2025-04-03_6,-1.0,100,99,0,185.3094268173915,162.41196177391328,0.06379266956521738,21.31,0.0,True,True,False,False,-25.705,0.0,175.93522722706635,203.5333708361795,25332.937883232207,0.0,25686.701481295455
2025-04-03T04:00:00Z,2025-04-03T04:15:00Z,2025-04-03,2025-04-03_7,0.0,100,100,0,162.41196177391328,161.66331829565243,0.01681234299516908,3.1285,2.8825,True,True,False,False,0.0,0.0,190.15952103507854,205.5892634708884,692.371858600876,1329.289771266123,2417.410414372966
2025-04-03T04:15:00Z,2025-04-03T04:30:00Z,2025-04-03,2025-04-03_7,0.0,100,100,0,161.66331829565243,150.42527481739157,0.03121678743961353,10.339,0.0,True,True,False,False,0.0,0.0,190.15952103507854,205.5892634708884,2397.678368224374,0.0,2793.427152730341
2025-04-03T04:30:00Z,2025-04-03T04:45:00Z,2025-04-03,2025-04-03_7,0.0,100,100,0,150.42527481739157,132.87147046956548,0.04876056763285024,16.1495,0.0,True,True,False,False,0.0,0.0,190.15952103507854,205.5892634708884,6920.388775565556,0.0,7316.137560071523
2025-04-03T04:45:00Z,2025-04-03T05:00:00Z,2025-04-03,2025-04-03_7,0.0,100,100,0,132.87147046956548,110.61820960000027,0.061814613526570035,20.473,0.0,True,True,False,False,0.0,0.0,190.15952103507854,205.5892634708884,17422.93678707759,0.0,17818.685571583555
2025-04-03T05:00:00Z,2025-04-03T05:15:00Z,2025-04-03,2025-04-03_8,54.967803434187886,45,100,0,110.61820960000027,94.235681492884,0.045507022519767425,1.329975,0.0,True,True,False,False,2280.339325467284,0.0,85.57178446578534,205.5892634708884,260.73030408948443,0.0,2832.2306774934423
2025-04-03T05:15:00Z,2025-04-03T05:30:00Z,2025-04-03,2025-04-03_8,54.967803434187886,45,100,0,94.235681492884,78.3295999407091,0.044185861512754714,0.8925750000000001,0.001,True,True,False,False,2280.339325467284,0.0,85.57178446578534,205.5892634708884,162.02619486579337,-0.07835416080684696,2733.4482141089443
2025-04-03T05:30:00Z,2025-04-03T05:45:00Z,2025-04-03,2025-04-03_8,54.967803434187886,45,100,0,78.3295999407091,62.87641965967978,0.04292550078063699,0.4749750000000001,0.0,True,True,False,False,2280.339325467284,0.0,85.57178446578534,205.5892634708884,85.72996248543417,0.0,2657.2303358893923
2025-04-03T05:45:00Z,2025-04-03T06:00:00Z,2025-04-03,2025-04-03_8,54.967803434187886,45,100,0,62.87641965967978,47.79648618260877,0.04190826809059419,0.13949999999999999,0.0085,True,True,False,False,2280.339325467284,0.0,85.57178446578534,205.5892634708884,24.283773456021212,-0.6630969984329168,2595.1210498615465
2025-04-03T06:00:00Z,2025-04-03T06:15:00Z,2025-04-03,2025-04-03_9,0.0,100,100,0,47.79648618260877,31.165507921739202,0.04619716183574879,15.3005,0.0,True,True,False,False,0.0,0.0,189.85815887812913,206.2522602161771,3962.41881434082,0.0,4358.529233435126
2025-04-03T06:15:00Z,2025-04-03T06:30:00Z,2025-04-03,2025-04-03_9,0.0,100,100,0,31.165507921739202,21.691427921739205,0.026321999999999998,8.717,0.001,True,True,False,False,0.0,0.0,189.85815887812913,206.2522602161771,1882.5157823361594,-0.08036324185317635,2278.5458381886124
2025-04-03T06:30:00Z,2025-04-03T06:45:00Z,2025-04-03,2025-04-03_9,0.0,100,100,0,21.691427921739205,20.496700965217467,0.0034234637681159422,1.1165,0.0205,True,True,False,False,0.0,0.0,189.85815887812913,206.2522602161771,200.91818348937196,-1.6363962108731467,595.392206372805
2025-04-03T06:45:00Z,2025-04-03T07:00:00Z,2025-04-03,2025-04-03_9,0.0,100,100,0,20.496700965217467,20.55707574782616,0.0007625144927536232,0.0985,0.182,True,True,False,False,0.0,0.0,189.85815887812913,206.2522602161771,16.80597129023185,-14.114305862498492,398.8020845220396
2025-04-03T07:00:00Z,2025-04-03T07:15:00Z,2025-04-03,2025-04-03_10,-61.00000000000011,100,39,0,20.55707574782616,13.092401695652274,0.030651297922705253,21.8195,0.0,True,True,False,False,-1206.427500000002,0.0,175.93522722706635,80.17981275364647,25775.363864668303,0.0,24825.051404649013
2025-04-03T07:15:00Z,2025-04-03T07:30:00Z,2025-04-03,2025-04-03_10,-61.00000000000011,100,39,0,13.092401695652274,19.9512712956523,0.036196165555555576,7.2795,0.0,True,True,False,False,-1206.427500000002,0.0,175.93522722706635,80.17981275364647,1260.8654434041869,0.0,310.55298338489763
2025-04-03T07:30:00Z,2025-04-03T07:45:00Z,2025-04-03,2025-04-03_10,-61.00000000000011,100,39,0,19.9512712956523,32.196246460869716,0.03828121120772953,1.812,0.0,True,True,False,False,-1206.427500000002,0.0,175.93522722706635,80.17981275364647,305.23430144252023,0.0,-645.078158576769
2025-04-03T07:45:00Z,2025-04-03T08:00:00Z,2025-04-03,2025-04-03_10,-61.00000000000011,100,39,0,32.196246460869716,46.17995642608713,0.039102696763285094,0.11,0.06746999999999999,True,True,False,False,-1206.427500000002,0.0,175.93522722706635,80.17981275364647,17.630166351910635,-5.066336316148992,-937.7486299835276
2025-04-03T08:00:00Z,2025-04-03T08:15:00Z,2025-04-03,2025-04-03_11,-7.000000000000058,100,93,0,46.17995642608713,28.64416939130454,0.051461038429951665,17.837,0.036735000000000004,True,True,False,False,-72.4150000000006,0.0,175.93522722706635,191.1980150279262,27986.344023385704,-2.080515884799293,28278.981749755898
2025-04-03T08:15:00Z,2025-04-03T08:30:00Z,2025-04-03,2025-04-03_11,-7.000000000000058,100,93,0,28.64416939130454,10.972435547826297,0.0516169228985507,17.932,0.0,True,True,False,False,-72.4150000000006,0.0,175.93522722706635,191.1980150279262,19568.494048298307,0.0,19863.2122905533
2025-04-03T08:30:00Z,2025-04-03T08:45:00Z,2025-04-03,2025-04-03_11,-7.000000000000058,100,93,0,10.972435547826297,11.740002443478483,0.006596804178743996,0.795,0.013485,True,True,False,False,-72.4150000000006,0.0,175.93522722706635,191.1980150279262,104.76960863101218,-1.083698316390083,398.40415256961404
2025-04-03T08:45:00Z,2025-04-03T09:00:00Z,2025-04-03,2025-04-03_11,-7.000000000000058,100,93,0,11.740002443478483,11.52602173913067,0.009036949734299547,1.7150000000000003,0.021855,True,True,False,False,-72.4150000000006,0.0,175.93522722706635,191.1980150279262,243.60001406356733,-1.7563386507011691,536.5619176678581
2025-04-03T09:00:00Z,2025-04-03T09:15:00Z,2025-04-03,2025-04-03_12,-87.99999999999996,100,12,0,11.52602173913067,20.768084800000224,0.03415029594202898,11.6995,0.0,True,True,False,False,-68.19999999999997,0.0,175.93522722706635,24.670711616506605,8325.743010507495,0.0,8458.148949351067
2025-04-03T09:15:00Z,2025-04-03T09:30:00Z,2025-04-03,2025-04-03_12,-87.99999999999996,100,12,0,20.768084800000224,34.000125495652384,0.042157842512077284,7.455,0.0,True,True,False,False,-68.19999999999997,0.0,175.93522722706635,24.670711616506605,2168.995509703862,0.0,2301.401448547435
2025-04-03T09:30:00Z,2025-04-03T09:45:00Z,2025-04-03,2025-04-03_12,-87.99999999999996,100,12,0,34.000125495652384,41.56657655652194,0.03078748483091788,13.482,0.0,True,True,False,False,-68.19999999999997,0.0,175.93522722706635,24.670711616506605,11828.717405472737,0.0,11961.12334431631
2025-04-03T09:45:00Z,2025-04-03T10:00:00Z,2025-04-03,2025-04-03_12,-87.99999999999996,100,12,0,41.56657655652194,57.241297634782796,0.04706009478260868,4.8565,0.0,True,True,False,False,-68.19999999999997,0.0,175.93522722706635,24.670711616506605,694.1465876762968,0.0,826.5525265198697
2025-04-03T10:00:00Z,2025-04-03T10:15:00Z,2025-04-03,2025-04-03_13,-100.00000000000001,100,0,0,57.241297634782796,78.4909976347828,0.05902694444444446,1.9025,0.0,True,True,False,False,-1.0000000000000002,0.0,175.93522722706635,0.0,244.882947422349,0.0,419.8181746494153
2025-04-03T10:15:00Z,2025-04-03T10:30:00Z,2025-04-03,2025-04-03_13,-100.00000000000001,100,0,0,78.4909976347828,97.3546776347828,0.05239911111111112,4.496,0.0,True,True,False,False,-1.0000000000000002,0.0,175.93522722706635,0.0,671.3053529955399,0.0,846.2405802226062
2025-04-03T10:30:00Z,2025-04-03T10:45:00Z,2025-04-03,2025-04-03_13,-100.00000000000001,100,0,0,97.3546776347828,107.9351376347828,0.029390166666666672,13.499500000000001,0.0,True,True,False,False,-1.0000000000000002,0.0,175.93522722706635,0.0,4561.251981054365,0.0,4736.187208281432
2025-04-03T10:45:00Z,2025-04-03T11:00:00Z,2025-04-03,2025-04-03_13,-100.00000000000001,100,0,0,107.9351376347828,120.63205763478281,0.03526922222222224,11.199,0.0,True,True,False,False,-1.0000000000000002,0.0,175.93522722706635,0.0,2620.661398722224,0.0,2795.5966259492902
2025-04-03T11:00:00Z,2025-04-03T11:15:00Z,2025-04-03,2025-04-03_14,-88.84687467876834,100,11,0,120.63205763478281,132.51318682166425,0.03914072304643298,9.113,0.0,True,True,False,False,-13.32703120181525,0.0,175.93522722706635,22.614818981797722,1728.8243848193833,0.0,1914.0473998264322
2025-04-03T11:15:00Z,2025-04-03T11:30:00Z,2025-04-03,2025-04-03_14,-88.84687467876834,100,11,0,132.51318682166425,149.8284615359985,0.050336355607759044,3.3235,0.0,True,True,False,False,-13.32703120181525,0.0,175.93522722706635,22.614818981797722,302.46961566279583,0.0,487.6926306698447
2025-04-03T11:30:00Z,2025-04-03T11:45:00Z,2025-04-03,2025-04-03_14,-88.84687467876834,100,11,0,149.8284615359985,170.10212508680212,0.056435951461763605,0.1785,0.006985000000000001,True,True,False,False,-13.32703120181525,0.0,175.93522722706635,22.614818981797722,16.245171173705145,-0.5447623588620566,200.9234238218919
2025-04-03T11:45:00Z,2025-04-03T12:00:00Z,2025-04-03,2025-04-03_14,-88.84687467876834,100,11,0,170.10212508680212,190.00000000000014,0.055661156548477135,0.578,0.006105,True,True,False,False,-13.32703120181525,0.0,175.93522722706635,22.614818981797722,67.16628480732912,-0.4822194448909069,251.90708036948703
2025-04-03T12:00:00Z,2025-04-03T12:15:00Z,2025-04-03,2025-04-03_15,-3.556534861957344,100,96,0,190.00000000000014,186.21664711392742,0.014280034818884856,4.2565,0.0,True,True,False,False,-4.543473286150507,0.0,175.93522722706635,197.36569293205284,615.5420308795757,0.0,984.2994777525444
2025-04-03T12:15:00Z,2025-04-03T12:30:00Z,2025-04-03,2025-04-03_15,-3.556534861957344,100,96,0,186.21664711392742,183.69103848091973,0.011076305998368119,3.1065,0.01584,True,True,False,False,-4.543473286150507,0.0,175.93522722706635,197.36569293205284,648.2982273877928,-1.2633111262908345,1015.7923631344707
2025-04-03T12:30:00Z,2025-04-03T12:45:00Z,2025-04-03,2025-04-03_15,-3.556534861957344,100,96,0,183.69103848091973,178.7947768896901,0.017184306976034402,5.286,0.0,True,True,False,False,-4.543473286150507,0.0,175.93522722706635,197.36569293205284,1196.0586555229636,0.0,1564.8161023959324
2025-04-03T12:45:00Z,2025-04-03T13:00:00Z,2025-04-03,2025-04-03_15,-3.556534861957344,100,96,0,178.7947768896901,167.89237565217402,0.03285806715585264,10.842,0.0,True,True,False,False,-4.543473286150507,0.0,175.93522722706635,197.36569293205284,3382.042248965323,0.0,3750.7996958382914
2025-04-03T13:00:00Z,2025-04-03T13:15:00Z,2025-04-03,2025-04-03_16,0.0,100,100,0,167.89237565217402,168.10161217391317,0.0017647874396135269,0.196,0.459,True,True,False,False,0.0,0.0,175.93522722706635,205.5892634708884,19.372789006308516,-19.00791537750633,381.88936432675695
2025-04-03T13:15:00Z,2025-04-03T13:30:00Z,2025-04-03,2025-04-03_16,0.0,100,100,0,168.10161217391317,171.02721217391317,0.008126666666666667,0.0,3.18,True,True,False,False,0.0,0.0,175.93522722706635,205.5892634708884,0.0,-110.93775063286053,270.5867400650942
2025-04-03T13:30:00Z,2025-04-03T13:45:00Z,2025-04-03,2025-04-03_16,0.0,100,100,0,171.02721217391317,177.6350286956523,0.01835806521739131,0.0005,7.183000000000001,True,True,False,False,0.0,0.0,175.93522722706635,205.5892634708884,0.04942038011813396,-72.26726624342025,309.3066448346526
2025-04-03T13:45:00Z,2025-04-03T14:00:00Z,2025-04-03,2025-04-03_16,0.0,100,100,0,177.6350286956523,176.64101217391317,0.0028608236714975843,0.931,0.0195,True,True,False,False,0.0,0.0,175.93522722706635,205.5892634708884,92.02074777996545,-1.5279061357335155,472.0173323421867
2025-04-03T14:00:00Z,2025-04-03T14:15:00Z,2025-04-03,2025-04-03_17,0.0,100,100,0,176.64101217391317,186.02790000000013,0.026119978260869564,0.0075,10.212,True,True,False,False,0.0,0.0,175.93522722706635,205.5892634708884,1.007739984730984,6413.72852332543,6796.260754008115
2025-04-03T14:15:00Z,2025-04-03T14:30:00Z,2025-04-03,2025-04-03_17,0.0,100,100,0,186.02790000000013,189.44570000000013,0.009493888888888889,0.0,3.7149999999999994,True,True,False,False,0.0,0.0,175.93522722706635,205.5892634708884,0.0,-88.78561899787036,292.73887170008436
2025-04-03T14:30:00Z,2025-04-03T14:45:00Z,2025-04-03,2025-04-03_17,0.0,100,100,0,189.44570000000013,187.68804347826102,0.007961823671497583,2.127,0.6025,True,True,False,False,0.0,0.0,175.93522722706635,205.5892634708884,357.1043008397958,-24.78706352714268,713.8417280106079
2025-04-03T14:45:00Z,2025-04-03T15:00:00Z,2025-04-03,2025-04-03_17,0.0,100,100,0,187.68804347826102,179.1847826086958,0.023620169082125605,7.823,0.0,True,True,False,False,0.0,0.0,175.93522722706635,205.5892634708884,1473.2101215494033,0.0,1854.734612247358
2025-04-03T15:00:00Z,2025-04-03T15:15:00Z,2025-04-03,2025-04-03_18,-33.73597242530778,100,66,0,179.1847826086958,187.64527310236656,0.023783464773724134,0.0705,0.84117,True,True,False,False,-801.2293451010597,0.0,175.93522722706635,135.68891389078635,12.597579760517537,-42.01016660907301,-519.0177908317625
2025-04-03T15:15:00Z,2025-04-03T15:30:00Z,2025-04-03,2025-04-03_18,-33.73597242530778,100,66,0,187.64527310236656,190.00000000000017,0.027592541446956588,5.261,0.01914,True,True,False,False,-801.2293451010597,0.0,175.93522722706635,135.68891389078635,1621.6656744485072,-1.472780969984329,1130.5876894953158
2025-04-03T15:30:00Z,2025-04-03T15:45:00Z,2025-04-03,2025-04-03_18,-33.73597242530778,100,66,0,190.00000000000017,184.02558540135368,0.036725738400291155,13.325500000000002,0.0,True,True,False,False,-801.2293451010597,0.0,175.93522722706635,135.68891389078635,11671.37533089565,0.0,11181.770126912443
2025-04-03T15:45:00Z,2025-04-03T16:00:00Z,2025-04-03,2025-04-03_18,-33.73597242530778,100,66,0,184.02558540135368,174.40530969376167,0.04075347913301951,16.863,0.0,True,True,False,False,-801.2293451010597,0.0,175.93522722706635,135.68891389078635,12001.10716237393,0.0,11511.501958390723
2025-04-03T16:00:00Z,2025-04-03T16:15:00Z,2025-04-03,2025-04-03_19,-37.00000000000002,100,63,0,174.40530969376167,182.7933443024573,0.024526998309178753,0.3225,0.2268,True,True,False,False,-1355.2175000000007,0.0,189.85815887812913,129.5212359866597,57.85147466548801,-16.84555245710612,-994.8321829268299
2025-04-03T16:15:00Z,2025-04-03T16:30:00Z,2025-04-03,2025-04-03_19,-37.00000000000002,100,63,0,182.7933443024573,187.02907505897906,0.027725157898550734,4.195,0.028665,True,True,False,False,-1355.2175000000007,0.0,189.85815887812913,129.5212359866597,974.5810784747056,-2.276400907100092,-63.533427567606346
2025-04-03T16:30:00Z,2025-04-03T16:45:00Z,2025-04-03,2025-04-03_19,-37.00000000000002,100,63,0,187.02907505897906,189.93235137202254,0.028870634685990344,5.469,0.0,True,True,False,False,-1355.2175000000007,0.0,189.85815887812913,129.5212359866597,1214.4489484469805,0.0,178.61084331176863
2025-04-03T16:45:00Z,2025-04-03T17:00:00Z,2025-04-03,2025-04-03_19,-37.00000000000002,100,63,0,189.93235137202254,188.0659655981095,0.03332130159420291,10.1215,0.0,True,True,False,False,-1355.2175000000007,0.0,189.85815887812913,129.5212359866597,2331.4060023305337,0.0,1295.5678971953218
2025-04-03T17:00:00Z,2025-04-03T17:15:00Z,2025-04-03,2025-04-03_20,0.0,100,100,0,188.0659655981095,185.20049777202254,0.007967299516908213,2.6375,0.0015,True,True,False,False,0.0,0.0,190.15952103507854,205.5892634708884,568.186937457307,-0.12054486277976452,963.8151771004941
2025-04-03T17:15:00Z,2025-04-03T17:30:00Z,2025-04-03,2025-04-03_20,0.0,100,100,0,185.20049777202254,164.10430211984863,0.058600543478260866,19.4085,0.0,True,True,False,False,0.0,0.0,190.15952103507854,205.5892634708884,16170.243207096073,0.0,16565.99199160204
2025-04-03T17:30:00Z,2025-04-03T17:45:00Z,2025-04-03,2025-04-03_20,0.0,100,100,0,164.10430211984863,136.98147603289212,0.07534118357487922,24.953,0.0,True,True,False,False,0.0,0.0,190.15952103507854,205.5892634708884,32768.22104512396,0.0,33163.969829629925
2025-04-03T17:45:00Z,2025-04-03T18:00:00Z,2025-04-03,2025-04-03_20,0.0,100,100,0,136.98147603289212,121.68962820680517,0.042477355072463766,14.0685,0.0,True,True,False,False,0.0,0.0,190.15952103507854,205.5892634708884,4029.720495138023,0.0,4425.46927964399
2025-04-03T18:00:00Z,2025-04-03T18:15:00Z,2025-04-03,2025-04-03_21,90.20716824626058,0,0,0,121.68962820680517,97.17681074858218,0.06809115960617496,0.0,0.0,True,False,False,False,4173.660156833861,0.0,0.0,0.0,0.0,0.0,4173.660156833861
2025-04-03T18:15:00Z,2025-04-03T18:30:00Z,2025-04-03,2025-04-03_21,90.20716824626058,0,0,0,97.17681074858218,72.6639932903592,0.06809115960617496,0.0,0.0,True,False,False,False,4173.660156833861,0.0,0.0,0.0,0.0,0.0,4173.660156833861
2025-04-03T18:30:00Z,2025-04-03T18:45:00Z,2025-04-03,2025-04-03_21,90.20716824626058,0,0,0,72.6639932903592,48.15117583213622,0.06809115960617496,0.0,0.0,True,False,False,False,4173.660156833861,0.0,0.0,0.0,0.0,0.0,4173.660156833861
2025-04-03T18:45:00Z,2025-04-03T19:00:00Z,2025-04-03,2025-04-03_21,90.20716824626058,0,0,0,48.15117583213622,23.638358373913235,0.06809115960617496,0.0,0.0,True,False,False,False,4173.660156833861,0.0,0.0,0.0,0.0,0.0,4173.660156833861
2025-04-03T19:00:00Z,2025-04-03T19:15:00Z,2025-04-03,2025-04-03_22,-9.000000000000071,100,91,0,23.638358373913235,12.37675955652195,0.03706119893719806,12.437,0.0,True,True,False,False,-323.68500000000256,0.0,175.93522722706635,187.08622975850844,9878.542137260416,0.0,9917.878594245989
2025-04-03T19:15:00Z,2025-04-03T19:30:00Z,2025-04-03,2025-04-03_22,-9.000000000000071,100,91,0,12.37675955652195,12.351397643478489,0.010774266425120811,1.9734999999999998,0.021840000000000002,True,True,False,False,-323.68500000000256,0.0,175.93522722706635,187.08622975850844,362.46082723912076,-1.7156427050267207,400.0816415196663
2025-04-03T19:30:00Z,2025-04-03T19:45:00Z,2025-04-03,2025-04-03_22,-9.000000000000071,100,91,0,12.351397643478489,14.269883000000245,0.009101559565217434,0.6865,0.63518,True,True,False,False,-323.68500000000256,0.0,175.93522722706635,187.08622975850844,123.68902790613573,-31.99533892393619,131.03014596777177
2025-04-03T19:45:00Z,2025-04-03T20:00:00Z,2025-04-03,2025-04-03_22,-9.000000000000071,100,91,0,14.269883000000245,20.188072800000263,0.016439416111111157,0.0,4.182815,True,True,False,False,-323.68500000000256,0.0,175.93522722706635,187.08622975850844,0.0,-127.52568792240928,-88.18923093683705
2025-04-03T20:00:00Z,2025-04-03T20:15:00Z,2025-04-03,2025-04-03_23,-7.999999999999987,100,92,0,20.188072800000263,13.201332000000258,0.02793683111111111,8.522,0.35052,True,True,False,False,-231.1199999999996,0.0,175.93522722706635,189.75207939888293,3512.1018985815886,-15.95663884759111,3630.7125663599472
2025-04-03T20:15:00Z,2025-04-03T20:30:00Z,2025-04-03,2025-04-03_23,-7.999999999999987,100,92,0,13.201332000000258,11.722834400000254,0.01306528444444444,3.091,0.0,True,True,False,False,-231.1199999999996,0.0,175.93522722706635,189.75207939888293,581.5140143448386,0.0,716.0813209707883
2025-04-03T20:30:00Z,2025-04-03T20:45:00Z,2025-04-03,2025-04-03_23,-7.999999999999987,100,92,0,11.722834400000254,13.53974000000025,0.005735848888888881,0.124,0.1196,True,True,False,False,-231.1199999999996,0.0,175.93522722706635,189.75207939888293,20.378112267448866,-8.705108610921364,146.24031028247717
2025-04-03T20:45:00Z,2025-04-03T21:00:00Z,2025-04-03,2025-04-03_23,-7.999999999999987,100,92,0,13.53974000000025,11.577284800000248,0.014293179999999992,3.5539999999999994,0.01426,True,True,False,False,-231.1199999999996,0.0,175.93522722706635,189.75207939888293,662.711682404468,-1.120195282677703,796.15879374774
2025-04-03T21:00:00Z,2025-04-03T21:15:00Z,2025-04-04,2025-04-03_24,-100.0,100,0,0,11.577284800000248,17.52232480000025,0.016514000000000004,18.538,0.0,True,True,False,False,-2662.25,0.0,175.94229687374428,0.0,19976.091719038817,0.0,17489.784015912563
2025-04-03T21:15:00Z,2025-04-03T21:30:00Z,2025-04-04,2025-04-03_24,-100.0,100,0,0,17.52232480000025,31.165004800000247,0.03789633333333334,10.171,0.0,True,True,False,False,-2662.25,0.0,175.94229687374428,0.0,7195.169179659246,0.0,4708.86147653299
2025-04-03T21:30:00Z,2025-04-03T21:45:00Z,2025-04-04,2025-04-03_24,-100.0,100,0,0,31.165004800000247,40.17594480000025,0.025030388888888894,15.205499999999999,0.0,True,True,False,False,-2662.25,0.0,175.94229687374428,0.0,16950.579499015512,0.0,14464.271795889255
2025-04-03T21:45:00Z,2025-04-03T22:00:00Z,2025-04-04,2025-04-03_24,-100.0,100,0,0,40.17594480000025,45.634764800000255,0.01516338888888889,19.0665,0.0,True,True,False,False,-2662.25,0.0,175.94229687374428,0.0,22411.875482500203,0.0,19925.56777937395
2025-04-03T22:00:00Z,2025-04-03T22:15:00Z,2025-04-04,2025-04-04_1,0.0,100,100,0,45.634764800000255,44.65324306086982,0.0027264492753623186,0.903,0.0,True,True,False,False,0.0,0.0,175.94229687374428,211.29349835248735,140.71574620268424,0.0,527.9515414289159
2025-04-03T22:15:00Z,2025-04-03T22:30:00Z,2025-04-04,2025-04-04_1,0.0,100,100,0,44.65324306086982,38.01465610434808,0.018440519323671495,6.1075,0.0,True,True,False,False,0.0,0.0,175.94229687374428,211.29349835248735,1233.486269388411,0.0,1620.7220646146427
2025-04-03T22:30:00Z,2025-04-03T22:45:00Z,2025-04-04,2025-04-04_1,0.0,100,100,0,38.01465610434808,32.333134365217646,0.015782004830917875,5.227,0.0,True,True,False,False,0.0,0.0,175.94229687374428,211.29349835248735,998.5605266013022,0.0,1385.7963218275338
2025-04-03T22:45:00Z,2025-04-03T23:00:00Z,2025-04-04,2025-04-04_1,0.0,100,100,0,32.333134365217646,31.052335234782863,0.0037852198067632845,1.216,0.0445,True,True,False,False,0.0,0.0,175.94229687374428,211.29349835248735,216.0977513461384,-3.376195652173913,599.9573509201962
2025-04-03T23:00:00Z,2025-04-03T23:15:00Z,2025-04-04,2025-04-04_2,-100.0,100,0,0,31.052335234782863,46.49499523478286,0.042896277777777776,8.2145,0.0,True,True,False,False,-2653.25,0.0,175.94229687374428,0.0,2757.4871028891744,0.0,280.17939976291865
2025-04-03T23:15:00Z,2025-04-03T23:30:00Z,2025-04-04,2025-04-04_2,-100.0,100,0,0,46.49499523478286,58.253975234782864,0.032663833333333336,12.2185,0.0,True,True,False,False,-2653.25,0.0,175.94229687374428,0.0,4265.113749095877,0.0,1787.8060459696214
2025-04-03T23:30:00Z,2025-04-03T23:45:00Z,2025-04-04,2025-04-04_2,-100.0,100,0,0,58.253975234782864,75.07019523478286,0.046711722222222224,6.7215,0.0,True,True,False,False,-2653.25,0.0,175.94229687374428,0.0,2165.354209796673,0.0,-311.95349332958284
2025-04-03T23:45:00Z,2025-04-04T00:00:00Z,2025-04-04,2025-04-04_2,-100.0,100,0,0,75.07019523478286,90.29389523478287,0.04228805555555556,8.4525,0.0,True,True,False,False,-2653.25,0.0,175.94229687374428,0.0,1694.732024029575,0.0,-782.5756790966807
2025-04-04T00:00:00Z,2025-04-04T00:15:00Z,2025-04-04,2025-04-04_3,-26.761858123845933,100,73,0,90.29389523478287,95.16347533703427,0.01898187999443241,1.2335,0.0,True,True,False,False,-713.8056608082807,0.0,175.94229687374428,154.24425379731576,191.07279805914973,0.0,-192.54631207807088
2025-04-04T00:15:00Z,2025-04-04T00:30:00Z,2025-04-04,2025-04-04_3,-26.761858123845933,100,73,0,95.16347533703427,100.9020653709874,0.017866567170827807,0.43550000000000005,0.040515,True,True,False,False,-713.8056608082807,0.0,175.94229687374428,154.24425379731576,64.70585710841439,-3.0172734680141446,-321.9305264968204
2025-04-04T00:30:00Z,2025-04-04T00:45:00Z,2025-04-04,2025-04-04_3,-26.761858123845933,100,73,0,100.9020653709874,107.02246416760069,0.017308477989408485,0.0695,0.04088000000000001,True,True,False,False,-713.8056608082807,0.0,175.94229687374428,154.24425379731576,10.119349132042114,-3.1564629751667606,-376.65622398034526
2025-04-04T00:45:00Z,2025-04-04T01:00:00Z,2025-04-04,2025-04-04_3,-26.761858123845933,100,73,0,107.02246416760069,112.80227193219407,0.01775771991507338,0.385,0.028104999999999998,True,True,False,False,-713.8056608082807,0.0,175.94229687374428,154.24425379731576,57.050963393072415,-2.1171639023949207,-328.68531064654314
2025-04-04T01:00:00Z,2025-04-04T01:15:00Z,2025-04-04,2025-04-04_4,-100.00000000000011,100,0,0,112.80227193219407,131.1084319321941,0.05085044444444451,5.102,0.0,True,True,False,False,-2669.000000000003,0.0,175.94229687374428,0.0,918.28926987061,0.0,-1574.768433255649
2025-04-04T01:15:00Z,2025-04-04T01:30:00Z,2025-04-04,2025-04-04_4,-100.00000000000011,100,0,0,131.1084319321941,151.58625193219413,0.05688283333333341,2.7415,0.0,True,True,False,False,-2669.000000000003,0.0,175.94229687374428,0.0,466.53475699188294,0.0,-2026.522946134376
2025-04-04T01:30:00Z,2025-04-04T01:45:00Z,2025-04-04,2025-04-04_4,-100.00000000000011,100,0,0,151.58625193219413,169.86573193219417,0.050776333333333416,5.131,0.0,True,True,False,False,-2669.000000000003,0.0,175.94229687374428,0.0,926.2118900184843,0.0,-1566.8458131077746
2025-04-04T01:45:00Z,2025-04-04T02:00:00Z,2025-04-04,2025-04-04_4,-100.00000000000011,100,0,0,169.86573193219417,189.4493119321942,0.05439883333333341,3.7135000000000002,0.0,True,True,False,False,-2669.000000000003,0.0,175.94229687374428,0.0,681.8352186972596,0.0,-1811.2224844289992
2025-04-04T02:00:00Z,2025-04-04T02:15:00Z,2025-04-04,2025-04-04_5,0.0,100,100,0,189.4493119321942,188.63146410610727,0.002335688405797101,0.763,0.0125,True,True,False,False,0.0,0.0,175.94229687374428,211.29349835248735,132.99090613196174,-0.9707265128988187,519.2559748452945
2025-04-04T02:15:00Z,2025-04-04T02:30:00Z,2025-04-04,2025-04-04_5,0.0,100,100,0,188.63146410610727,188.63144758436815,0.0004830458937198068,0.08,0.0945,True,True,False,False,0.0,0.0,175.94229687374428,211.29349835248735,12.120871172546815,-7.174610423531302,392.1820559752471
2025-04-04T02:30:00Z,2025-04-04T02:45:00Z,2025-04-04,2025-04-04_5,0.0,100,100,0,188.63144758436815,188.66399714958555,0.0003772512077294686,0.0475,0.0915,True,True,False,False,0.0,0.0,175.94229687374428,211.29349835248735,6.702565699590132,-6.924986639074179,387.0133742867476
2025-04-04T02:45:00Z,2025-04-04T03:00:00Z,2025-04-04,2025-04-04_5,0.0,100,100,0,188.66399714958555,188.62036758436818,0.00042530434782608694,0.0905,0.05949999999999999,True,True,False,False,0.0,0.0,175.94229687374428,211.29349835248735,13.006511191031102,-4.513677268343646,395.7286291489191
2025-04-04T03:00:00Z,2025-04-04T03:15:00Z,2025-04-04,2025-04-04_6,0.0,100,100,0,188.62036758436818,189.43724758436818,0.0023385555555555555,0.0115,0.9015000000000001,True,True,False,False,0.0,0.0,175.94229687374428,211.29349835248735,1.6173752310536045,-47.50752129711485,341.3456491601704
2025-04-04T03:15:00Z,2025-04-04T03:30:00Z,2025-04-04,2025-04-04_6,0.0,100,100,0,189.43724758436818,189.67427714958558,0.0007369178743961355,0.013,0.273,True,True,False,False,0.0,0.0,175.94229687374428,211.29349835248735,1.8283372177127704,-14.157253877682232,374.90687856626215
2025-04-04T03:30:00Z,2025-04-04T03:45:00Z,2025-04-04,2025-04-04_6,0.0,100,100,0,189.67427714958558,189.70799106262905,0.0010537946859903381,0.159,0.2245,True,True,False,False,0.0,0.0,175.94229687374428,211.29349835248735,26.78663786868119,-16.548282367596236,397.47415072731656
2025-04-04T03:45:00Z,2025-04-04T04:00:00Z,2025-04-04,2025-04-04_6,0.0,100,100,0,189.70799106262905,187.39654062784643,0.006505028985507246,2.1405,0.0165,True,True,False,False,0.0,0.0,175.94229687374428,211.29349835248735,386.6042666559511,-1.228804448284176,772.6112574338986
2025-04-04T04:00:00Z,2025-04-04T04:15:00Z,2025-04-04,2025-04-04_7,76.99217737594772,23,100,0,187.39654062784643,179.36968860039985,0.03676047436598318,0.0014949999999999998,12.2995,True,True,False,False,3032.144425508261,0.0,40.69547134935305,211.6250100458089,0.24260619223659885,8856.593871051997,12141.301384147657
2025-04-04T04:15:00Z,2025-04-04T04:30:00Z,2025-04-04,2025-04-04_7,76.99217737594772,23,100,0,179.36968860039985,158.39508327860923,0.05841860664818907,0.17640999999999998,0.1325,True,True,False,False,3032.144425508261,0.0,40.69547134935305,211.6250100458089,31.358603604436226,-9.671499035602348,3306.152011472257
2025-04-04T04:30:00Z,2025-04-04T04:45:00Z,2025-04-04,2025-04-04_7,76.99217737594772,23,100,0,158.39508327860923,137.19154594818866,0.05889871480672381,0.25921,0.0,True,True,False,False,3032.144425508261,0.0,40.69547134935305,211.6250100458089,46.34933322550832,0.0,3330.8142401289315
2025-04-04T04:45:00Z,2025-04-04T05:00:00Z,2025-04-04,2025-04-04_7,76.99217737594772,23,100,0,137.19154594818866,116.14507657391798,0.05848828594685809,0.13593,0.022,True,True,False,False,3032.144425508261,0.0,40.69547134935305,211.6250100458089,24.117388170055456,-1.6160708832275175,3306.966224190251
2025-04-04T05:00:00Z,2025-04-04T05:15:00Z,2025-04-04,2025-04-04_8,100.00000000000018,0,100,0,116.14507657391798,89.07659831304836,0.07519021739130449,0.0,0.097,True,True,False,False,4616.500000000008,0.0,0.0,211.29349835248735,0.0,-7.189892108012538,4820.603606244483
2025-04-04T05:15:00Z,2025-04-04T05:30:00Z,2025-04-04,2025-04-04_8,100.00000000000018,0,100,0,89.07659831304836,61.96192440000483,0.07531853864734314,0.0,0.0545,True,True,False,False,4616.500000000008,0.0,0.0,211.29349835248735,0.0,-4.113155689946154,4823.680342662549
2025-04-04T05:30:00Z,2025-04-04T05:45:00Z,2025-04-04,2025-04-04_8,100.00000000000018,0,100,0,61.96192440000483,35.11790266087435,0.07456672705314024,0.0,0.3035,True,True,False,False,4616.500000000008,0.0,0.0,211.29349835248735,0.0,-20.70534416941252,4807.088154183083
2025-04-04T05:45:00Z,2025-04-04T06:00:00Z,2025-04-04,2025-04-04_8,100.00000000000018,0,100,0,35.11790266087435,12.336380921743867,0.06328200483091802,0.0,4.041,True,True,False,False,4616.500000000008,0.0,0.0,211.29349835248735,0.0,-128.7985530016877,4698.994945350808
2025-04-04T06:00:00Z,2025-04-04T06:15:00Z,2025-04-04,2025-04-04_9,2.000000000008822,98,100,0,12.336380921743867,11.82489874782843,0.002735617149764984,0.19355000000000003,0.2625,True,True,False,False,70.87500000031262,0.0,192.86144820380937,211.6250100458089,33.63998707104397,-19.295690850277264,489.70575447069757
2025-04-04T06:15:00Z,2025-04-04T06:30:00Z,2025-04-04,2025-04-04_9,2.000000000008822,98,100,0,11.82489874782843,9.999999999999945,0.005086694299523565,1.18188,0.0035000000000000005,True,True,False,False,70.87500000031262,0.0,192.86144820380937,211.6250100458089,212.25588369364303,-0.28128264887888776,687.336059294695
2025-04-04T06:30:00Z,2025-04-04T06:45:00Z,2025-04-04,2025-04-04_9,2.000000000008822,98,100,0,9.999999999999945,10.395147826084521,0.00453736714976456,0.09212,1.125,True,True,False,False,70.87500000031262,0.0,192.86144820380937,211.6250100458089,15.062689785421522,-33.76423993409949,456.65990810125294
2025-04-04T06:45:00Z,2025-04-04T07:00:00Z,2025-04-04,2025-04-04_9,2.000000000008822,98,100,0,10.395147826084521,12.322525078256076,0.008049960966188919,0.0,2.676,True,True,False,False,70.87500000031262,0.0,192.86144820380937,211.6250100458089,0.0,-112.91223177690267,362.4492264730282
2025-04-04T07:00:00Z,2025-04-04T07:15:00Z,2025-04-04,2025-04-04_10,3.5964517396941957,96,100,0,12.322525078256076,10.105715279179282,0.007202391000362759,1.32096,0.212,True,True,False,False,86.86330064296406,0.0,168.9046049987945,211.29349835248735,238.39914927268342,-15.50510889656835,689.955444370361
2025-04-04T07:15:00Z,2025-04-04T07:30:00Z,2025-04-04,2025-04-04_10,3.5964517396941957,96,100,0,10.105715279179282,14.189033261926959,0.015585103378098986,0.0,5.465,True,True,False,False,86.86330064296406,0.0,168.9046049987945,211.29349835248735,0.0,252.97420437193605,720.0356083661819
2025-04-04T07:30:00Z,2025-04-04T07:45:00Z,2025-04-04,2025-04-04_10,3.5964517396941957,96,100,0,14.189033261926959,20.172512500693866,0.02041768180847532,0.0,7.517,True,True,False,False,86.86330064296406,0.0,168.9046049987945,211.29349835248735,0.0,114.15201539017922,581.2134193844252
2025-04-04T07:45:00Z,2025-04-04T08:00:00Z,2025-04-04,2025-04-04_10,3.5964517396941957,96,100,0,20.172512500693866,28.539064347826024,0.02647842283701992,0.0,10.0905,True,True,False,False,86.86330064296406,0.0,168.9046049987945,211.29349835248735,0.0,1393.0169205577436,1860.0783245519895
2025-04-04T08:00:00Z,2025-04-04T08:15:00Z,2025-04-04,2025-04-04_11,0.0,100,100,0,28.539064347826024,17.931666956521674,0.02950843719806763,9.766,0.0085,True,True,False,False,0.0,0.0,175.94229687374428,211.6250100458089,3438.545575825766,-0.672063911436149,3825.440818833883
2025-04-04T08:15:00Z,2025-04-04T08:30:00Z,2025-04-04,2025-04-04_11,0.0,100,100,0,17.931666956521674,11.178406086956457,0.018759057971014494,6.213,0.0,True,True,False,False,0.0,0.0,175.94229687374428,211.6250100458089,1074.8869480832598,0.0,1462.454255002813
2025-04-04T08:30:00Z,2025-04-04T08:45:00Z,2025-04-04,2025-04-04_11,0.0,100,100,0,11.178406086956457,12.397246956521673,0.004339775362318841,0.158,1.5115,True,True,False,False,0.0,0.0,175.94229687374428,211.6250100458089,24.044049666479147,-58.10522803986178,353.50612854617054
2025-04-04T08:45:00Z,2025-04-04T09:00:00Z,2025-04-04,2025-04-04_11,0.0,100,100,0,12.397246956521673,16.874426956521674,0.012436611111111114,0.0,4.8665,True,True,False,False,0.0,0.0,175.94229687374428,211.6250100458089,0.0,-129.09639847705537,258.47090844249783
2025-04-04T09:00:00Z,2025-04-04T09:15:00Z,2025-04-04,2025-04-04_12,0.0,100,100,0,16.874426956521674,9.999999999999936,0.021257630434782605,6.682499999999999,0.42300000000000004,True,True,False,False,0.0,0.0,175.94229687374428,211.29349835248735,2024.650348589568,-15.10067166278229,2396.7854721530175
2025-04-04T09:15:00Z,2025-04-04T09:30:00Z,2025-04-04,2025-04-04_12,0.0,100,100,0,9.999999999999936,13.258100869565155,0.009934942028985509,0.1465,3.7145000000000006,True,True,False,False,0.0,0.0,175.94229687374428,211.29349835248735,14.39039017921723,-39.37943160813309,362.24675379731576
2025-04-04T09:30:00Z,2025-04-04T09:45:00Z,2025-04-04,2025-04-04_12,0.0,100,100,0,13.258100869565155,20.593260869565157,0.020375444444444446,0.0,7.973,True,True,False,False,0.0,0.0,175.94229687374428,211.29349835248735,0.0,-56.47514968255244,330.7606455436792
2025-04-04T09:45:00Z,2025-04-04T10:00:00Z,2025-04-04,2025-04-04_12,0.0,100,100,0,20.593260869565157,30.665420869565157,0.027978222222222224,0.0,10.948,True,True,False,False,0.0,0.0,175.94229687374428,211.29349835248735,0.0,3274.833807763401,3662.0696029896326
2025-04-04T10:00:00Z,2025-04-04T10:15:00Z,2025-04-04,2025-04-04_13,-99.23284483370855,0,0,0,30.665420869565157,53.488975181318125,0.06339876197709157,0.0,0.0,True,False,False,False,-0.0,0.0,0.0,0.0,0.0,0.0,0.0
2025-04-04T10:15:00Z,2025-04-04T10:30:00Z,2025-04-04,2025-04-04_13,-99.23284483370855,0,0,0,53.488975181318125,76.3125294930711,0.06339876197709157,0.0,0.0,True,False,False,False,-0.0,0.0,0.0,0.0,0.0,0.0,0.0
2025-04-04T10:30:00Z,2025-04-04T10:45:00Z,2025-04-04,2025-04-04_13,-99.23284483370855,0,0,0,76.3125294930711,99.13608380482407,0.06339876197709157,0.0,0.0,True,False,False,False,-0.0,0.0,0.0,0.0,0.0,0.0,0.0
2025-04-04T10:45:00Z,2025-04-04T11:00:00Z,2025-04-04,2025-04-04_13,-99.23284483370855,0,0,0,99.13608380482407,121.95963811657704,0.06339876197709157,0.0,0.0,True,False,False,False,-0.0,0.0,0.0,0.0,0.0,0.0,0.0
2025-04-04T11:00:00Z,2025-04-04T11:15:00Z,2025-04-04,2025-04-04_14,0.0,100,100,0,121.95963811657704,121.88657029049008,0.003571188405797102,0.625,0.659,True,True,False,False,0.0,0.0,175.94229687374428,211.29349835248735,56.50893072410191,-25.7972840151089,417.9474419352246
2025-04-04T11:15:00Z,2025-04-04T11:30:00Z,2025-04-04,2025-04-04_14,0.0,100,100,0,121.88657029049008,129.9926902904901,0.022517000000000002,0.0,8.811,True,True,False,False,0.0,0.0,175.94229687374428,211.29349835248735,0.0,27.065695370891262,414.3014905971229
2025-04-04T11:30:00Z,2025-04-04T11:45:00Z,2025-04-04,2025-04-04_14,0.0,100,100,0,129.9926902904901,140.6297302904901,0.029547333333333335,0.0,11.562,True,True,False,False,0.0,0.0,175.94229687374428,211.29349835248735,0.0,2056.336498432854,2443.5722936590855
2025-04-04T11:45:00Z,2025-04-04T12:00:00Z,2025-04-04,2025-04-04_14,0.0,100,100,0,140.6297302904901,153.4927102904901,0.0357305,0.0,13.981499999999999,True,True,False,False,0.0,0.0,175.94229687374428,211.29349835248735,0.0,3099.343928011733,3486.5797232379646
2025-04-04T12:00:00Z,2025-04-04T12:15:00Z,2025-04-04,2025-04-04_15,-29.0,100,71,0,153.4927102904901,160.74049628179444,0.0202377811352657,0.0245,0.655685,True,True,False,False,-0.0,0.0,175.94229687374428,150.25375713252433,2.2151500843847947,-26.861848878887727,301.54935521176566
2025-04-04T12:15:00Z,2025-04-04T12:30:00Z,2025-04-04,2025-04-04_15,-29.0,100,71,0,160.74049628179444,168.59292928179445,0.021861619444444445,0.0115,1.298235,True,True,False,False,-0.0,0.0,175.94229687374428,150.25375713252433,1.039764325323475,-35.63234085027727,291.6034774813148
2025-04-04T12:30:00Z,2025-04-04T12:45:00Z,2025-04-04,2025-04-04_15,-29.0,100,71,0,168.59292928179445,176.67456029049012,0.022491849420289856,0.01,1.54567,True,True,False,False,-0.0,0.0,175.94229687374428,150.25375713252433,0.9041428915856305,-53.772372386080534,273.3278245117737
2025-04-04T12:45:00Z,2025-04-04T13:00:00Z,2025-04-04,2025-04-04_15,-29.0,100,71,0,176.67456029049012,182.08518828179447,0.020262342246376814,1.2205,0.008875000000000001,True,True,False,False,-0.0,0.0,175.94229687374428,150.25375713252433,110.35063991802619,-0.704693401912722,435.8420005223821
2025-04-04T13:00:00Z,2025-04-04T13:15:00Z,2025-04-04,2025-04-04_16,0.0,100,100,0,182.08518828179447,182.08819089049013,0.0006484371980676328,0.106,0.1285,True,True,False,False,0.0,0.0,175.94229687374428,211.6250100458089,9.732036084545527,-9.597766515309813,387.7015764887889
2025-04-04T13:15:00Z,2025-04-04T13:30:00Z,2025-04-04,2025-04-04_16,0.0,100,100,0,182.08819089049013,181.91027089049012,0.0006168888888888889,0.184,0.024,True,True,False,False,0.0,0.0,175.94229687374428,211.6250100458089,16.91086876155268,-1.9107128505987303,402.5674628305071
2025-04-04T13:30:00Z,2025-04-04T13:45:00Z,2025-04-04,2025-04-04_16,0.0,100,100,0,181.91027089049012,176.26190306440316,0.015723132850241545,5.202,0.0065,True,True,False,False,0.0,0.0,175.94229687374428,211.6250100458089,2493.5694816362616,-0.5103267901631439,2880.6264617656516
2025-04-04T13:45:00Z,2025-04-04T14:00:00Z,2025-04-04,2025-04-04_16,0.0,100,100,0,176.26190306440316,169.5450552383162,0.018657910628019324,6.1795,0.0,True,True,False,False,0.0,0.0,175.94229687374428,211.6250100458089,1527.54155961183,0.0,1915.1088665313832
2025-04-04T14:00:00Z,2025-04-04T14:15:00Z,2025-04-04,2025-04-04_17,25.000000000002693,75,100,0,169.5450552383162,181.11070871657643,0.04168976811594117,0.14775,19.2565,True,True,False,False,343.750000000037,0.0,131.95672265530823,211.29349835248735,21.47970691352568,25251.840190368075,25960.320118289434
2025-04-04T14:15:00Z,2025-04-04T14:30:00Z,2025-04-04,2025-04-04_17,25.000000000002693,75,100,0,181.11070871657643,186.70106436874966,0.03383115096618367,0.0,12.876499999999998,True,True,False,False,343.750000000037,0.0,131.95672265530823,211.29349835248735,0.0,3210.6108632363575,3897.6110842441904
2025-04-04T14:30:00Z,2025-04-04T14:45:00Z,2025-04-04,2025-04-04_17,25.000000000002693,75,100,0,186.70106436874966,180.4185274122272,0.022415658212562223,0.6757500000000001,1.295,True,True,False,False,343.750000000037,0.0,131.95672265530823,211.29349835248735,100.04431773888935,-61.48570079562806,725.5588379510939
2025-04-04T14:45:00Z,2025-04-04T15:00:00Z,2025-04-04,2025-04-04_17,25.000000000002693,75,100,0,180.4185274122272,171.3281041513569,0.02591050905797302,2.265375,0.172,True,True,False,False,343.750000000037,0.0,131.95672265530823,211.29349835248735,365.425760568191,-8.036434943341638,1044.389546632682
2025-04-04T15:00:00Z,2025-04-04T15:15:00Z,2025-04-04,2025-04-04_18,33.686730272999405,66,100,0,171.3281041513569,185.22122705570024,0.04142364626448118,0.0,23.608,True,True,False,False,929.332671406371,0.0,116.12191593667123,211.29349835248735,0.0,35586.73107449972,36843.47916019525
2025-04-04T15:15:00Z,2025-04-04T15:30:00Z,2025-04-04,2025-04-04_18,33.686730272999405,66,100,0,185.22122705570024,183.71412936307956,0.030735121058938986,0.0,7.832999999999999,True,True,False,False,929.332671406371,0.0,116.12191593667123,211.29349835248735,0.0,4806.184138471429,6062.932224166959
2025-04-04T15:30:00Z,2025-04-04T15:45:00Z,2025-04-04,2025-04-04_18,33.686730272999405,66,100,0,183.71412936307956,184.525118758097,0.03234398971824549,0.0,10.2075,True,True,False,False,929.332671406371,0.0,116.12191593667123,211.29349835248735,0.0,5519.888355902917,6776.636441598447
2025-04-04T15:45:00Z,2025-04-04T16:00:00Z,2025-04-04,2025-04-04_18,33.686730272999405,66,100,0,184.525118758097,175.8381220782603,0.025854028213084402,0.02706,0.5085,True,True,False,False,929.332671406371,0.0,116.12191593667123,211.29349835248735,4.128074439443864,-32.32364863778832,1228.5525114971852
2025-04-04T16:00:00Z,2025-04-04T16:15:00Z,2025-04-04,2025-04-04_19,0.0,100,100,0,175.8381220782603,183.09094207826033,0.020146722222222226,0.0,7.883500000000001,True,True,False,False,0.0,0.0,197.70151892630392,211.29349835248735,0.0,2341.039315980873,2750.0343332596644
2025-04-04T16:15:00Z,2025-04-04T16:30:00Z,2025-04-04,2025-04-04_19,0.0,100,100,0,183.09094207826033,183.99622207826033,0.002514666666666667,0.0,0.984,True,True,False,False,0.0,0.0,197.70151892630392,211.29349835248735,0.0,-57.27709555573414,351.71792172305715
2025-04-04T16:30:00Z,2025-04-04T16:45:00Z,2025-04-04,2025-04-04_19,0.0,100,100,0,183.99622207826033,184.86194729565162,0.0025044299516908215,0.0165,0.9605,True,True,False,False,0.0,0.0,197.70151892630392,211.29349835248735,2.360764385598329,-48.9337427670176,362.422038897372
2025-04-04T16:45:00Z,2025-04-04T17:00:00Z,2025-04-04,2025-04-04_19,0.0,100,100,0,184.86194729565162,184.90633946956467,0.0005641328502415459,0.073,0.1345,True,True,False,False,0.0,0.0,197.70151892630392,211.29349835248735,11.753598408743871,-10.0904185083983,410.65819717913683
2025-04-04T17:00:00Z,2025-04-04T17:15:00Z,2025-04-04,2025-04-04_20,100.0,0,100,0,184.90633946956467,164.56720903478205,0.056497584541062795,0.0,6.288,True,True,False,False,4468.5,0.0,0.0,211.29349835248735,0.0,-99.17888612071046,4580.614612231777
2025-04-04T17:15:00Z,2025-04-04T17:30:00Z,2025-04-04,2025-04-04_20,100.0,0,100,0,164.56720903478205,137.98677425217335,0.07383454106280193,0.0,0.546,True,True,False,False,4468.5,0.0,0.0,211.29349835248735,0.0,-34.02901229607008,4645.764486056417
2025-04-04T17:30:00Z,2025-04-04T17:45:00Z,2025-04-04,2025-04-04_20,100.0,0,100,0,137.98677425217335,110.81286120869508,0.07548309178743962,0.0,0.0,True,True,False,False,4468.5,0.0,0.0,211.29349835248735,0.0,0.0,4679.793498352487
2025-04-04T17:45:00Z,2025-04-04T18:00:00Z,2025-04-04,2025-04-04_20,100.0,0,100,0,110.81286120869508,83.63894816521683,0.07548309178743962,0.0,0.0,True,True,False,False,4468.5,0.0,0.0,211.29349835248735,0.0,0.0,4679.793498352487
2025-04-04T18:00:00Z,2025-04-04T18:15:00Z,2025-04-04,2025-04-04_21,63.00000000000001,37,100,0,83.63894816521683,63.08361120869509,0.05709815821256038,3.16091,0.0,True,True,False,False,2671.0425000000005,0.0,72.81503656674435,211.29349835248735,792.6395260749015,0.0,3747.7905609941336
2025-04-04T18:15:00Z,2025-04-04T18:30:00Z,2025-04-04,2025-04-04_21,63.00000000000001,37,100,0,63.08361120869509,45.718223252173345,0.04846884987922706,0.341695,0.1225,True,True,False,False,2671.0425000000005,0.0,72.81503656674435,211.29349835248735,61.147560106083745,-9.118068894157357,3007.180526131159
2025-04-04T18:30:00Z,2025-04-04T18:45:00Z,2025-04-04,2025-04-04_21,63.00000000000001,37,100,0,45.718223252173345,28.795989147825512,0.04777305140096619,0.20091000000000003,0.4055,True,True,False,False,2671.0425000000005,0.0,72.81503656674435,211.29349835248735,35.71246697942619,-17.146494012697904,2973.7170078859604
2025-04-04T18:45:00Z,2025-04-04T19:00:00Z,2025-04-04,2025-04-04_21,63.00000000000001,37,100,0,28.795989147825512,15.482926956521164,0.044002423864734304,0.0,3.7130000000000005,True,True,False,False,2671.0425000000005,0.0,72.81503656674435,211.29349835248735,0.0,-146.32675480189667,2808.8242801173355
2025-04-04T19:00:00Z,2025-04-04T19:15:00Z,2025-04-04,2025-04-04_22,0.0,100,100,0,15.482926956521164,9.999999999999424,0.015539574879227054,5.0955,0.0605,True,True,False,False,0.0,0.0,175.94229687374428,211.29349835248735,1071.1043625934262,-3.807566503254842,1454.532591316403
2025-04-04T19:15:00Z,2025-04-04T19:30:00Z,2025-04-04,2025-04-04_22,0.0,100,100,0,9.999999999999424,14.218645217390728,0.012234763285024155,0.0855,4.6865,True,True,False,False,0.0,0.0,175.94229687374428,211.29349835248735,14.01389526239653,1933.306481957727,2334.556172446355
2025-04-04T19:30:00Z,2025-04-04T19:45:00Z,2025-04-04,2025-04-04_22,0.0,100,100,0,14.218645217390728,25.22782521739073,0.030581055555555556,0.0,11.9665,True,True,False,False,0.0,0.0,175.94229687374428,211.29349835248735,0.0,2052.0484641967373,2439.2842594229687
2025-04-04T19:45:00Z,2025-04-04T20:00:00Z,2025-04-04,2025-04-04_22,0.0,100,100,0,25.22782521739073,36.78486521739073,0.03210288888888889,0.0,12.561999999999998,True,True,False,False,0.0,0.0,175.94229687374428,211.29349835248735,0.0,7353.954109137666,7741.189904363898
2025-04-04T20:00:00Z,2025-04-04T20:15:00Z,2025-04-04,2025-04-04_23,28.840117610897973,71,100,0,36.78486521739073,29.873318239969983,0.02326679394705951,0.14483999999999997,1.1185,True,True,False,False,988.9276328776915,0.0,124.91903078035845,211.29349835248735,23.851951579201152,-29.47602115647352,1319.516092433265
2025-04-04T20:15:00Z,2025-04-04T20:30:00Z,2025-04-04,2025-04-04_23,28.840117610897973,71,100,0,29.873318239969983,24.54696116493345,0.02425179402369771,0.006035,2.6,True,True,False,False,988.9276328776915,0.0,124.91903078035845,211.29349835248735,0.8487703929920438,-39.87916901068874,1286.1097633928407
2025-04-04T20:30:00Z,2025-04-04T20:45:00Z,2025-04-04,2025-04-04_23,28.840117610897973,71,100,0,24.54696116493345,17.689256871197934,0.022728065446690354,0.0,1.0115,True,True,False,False,988.9276328776915,0.0,124.91903078035845,211.29349835248735,0.0,-42.469099292775056,1282.6710627177622
2025-04-04T20:45:00Z,2025-04-04T21:00:00Z,2025-04-04,2025-04-04_23,28.840117610897973,71,100,0,17.689256871197934,9.999999999999412,0.022208300527486274,0.072065,0.23350000000000004,True,True,False,False,988.9276328776915,0.0,124.91903078035845,211.29349835248735,11.131372567909668,-11.023271719038817,1325.2482628594082
2025-04-04T21:00:00Z,2025-04-04T21:15:00Z,2025-04-05,2025-04-04_24,-1.9317134444453248e-14,0,100,0,9.999999999999412,10.002299999999416,6.388888888901231e-06,0.0,0.0025,True,True,False,False,-5.440187987919146e-13,0.0,0.0,211.96503918022904,0.0,-0.19590114526823385,211.76913803496026
2025-04-04T21:15:00Z,2025-04-04T21:30:00Z,2025-04-05,2025-04-04_24,-1.9317134444453248e-14,0,100,0,10.002299999999416,17.76203999999942,0.021554833333333346,0.0,8.4345,True,True,False,False,-5.440187987919146e-13,0.0,0.0,211.96503918022904,0.0,-20.18043520192887,191.78460397829963
2025-04-04T21:30:00Z,2025-04-04T21:45:00Z,2025-04-05,2025-04-04_24,-1.9317134444453248e-14,0,100,0,17.76203999999942,27.176399999999425,0.02615100000000001,0.0,10.233,True,True,False,False,-5.440187987919146e-13,0.0,0.0,211.96503918022904,0.0,2437.980895117541,2649.9459342977693
2025-04-04T21:45:00Z,2025-04-04T22:00:00Z,2025-04-05,2025-04-04_24,-1.9317134444453248e-14,0,100,0,27.176399999999425,39.63595999999943,0.0346098888888889,0.0,13.543,True,True,False,False,-5.440187987919146e-13,0.0,0.0,211.96503918022904,0.0,7095.8626051838455,7307.827644364074
2025-04-04T22:00:00Z,2025-04-04T22:15:00Z,2025-04-05,2025-04-05_1,55.56660127798659,44,100,0,39.63595999999943,28.58906000522092,0.03977794347665664,0.00176,4.0035,True,True,False,False,1729.6493812805277,0.0,77.41772151898734,211.6335141651597,0.24753867791842474,-82.41723990355635,1936.5309157390368
2025-04-04T22:15:00Z,2025-04-04T22:30:00Z,2025-04-05,2025-04-05_1,55.56660127798659,44,100,0,28.58906000522092,18.372281472445156,0.03932976155677338,0.00022,4.8215,True,True,False,False,1729.6493812805277,0.0,77.41772151898734,211.6335141651597,0.030942334739803092,-31.029263612618045,1987.7022956867966
2025-04-04T22:30:00Z,2025-04-04T22:45:00Z,2025-04-05,2025-04-05_1,55.56660127798659,44,100,0,18.372281472445156,10.000000000000043,0.03834172314179732,0.0,6.6425,True,True,False,False,1729.6493812805277,0.0,77.41772151898734,211.6335141651597,0.0,3475.536977094635,5494.237594059309
2025-04-04T22:45:00Z,2025-04-04T23:00:00Z,2025-04-05,2025-04-05_1,55.56660127798659,44,100,0,10.000000000000043,15.683982014114392,0.030816316212120946,0.0,20.5215,True,True,False,False,1729.6493812805277,0.0,77.41772151898734,211.6335141651597,0.0,11515.674566606389,13534.375183571063
2025-04-04T23:00:00Z,2025-04-04T23:15:00Z,2025-04-05,2025-04-05_2,28.85290500353134,71,100,0,15.683982014114392,16.11364227003924,0.029868688545933678,0.0,8.542,True,True,False,False,846.5442328036095,0.0,124.92405063291139,211.30198915009038,0.0,-69.21131042796864,1113.5589621586425
2025-04-04T23:15:00Z,2025-04-04T23:30:00Z,2025-04-05,2025-04-05_2,28.85290500353134,71,100,0,16.11364227003924,13.887607260420264,0.02727095522526161,0.0,5.799,True,True,False,False,846.5442328036095,0.0,124.92405063291139,211.30198915009038,0.0,-149.97819590114528,1032.7920766854659
2025-04-04T23:30:00Z,2025-04-04T23:45:00Z,2025-04-05,2025-04-05_2,28.85290500353134,71,100,0,13.887607260420264,9.999999993761609,0.02564999557895914,0.001065,4.084,True,True,False,False,846.5442328036095,0.0,124.92405063291139,211.30198915009038,0.14978902953586495,-53.88385453084186,1129.0362070853053
2025-04-04T23:45:00Z,2025-04-05T00:00:00Z,2025-04-05,2025-04-05_2,28.85290500353134,71,100,0,9.999999993761609,20.083301333440552,0.03931163383956154,0.0,18.513,True,True,False,False,846.5442328036095,0.0,124.92405063291139,211.30198915009038,0.0,7319.45322965642,8502.223502243032
2025-04-05T00:00:00Z,2025-04-05T00:15:00Z,2025-04-05,2025-04-05_3,0.0,100,100,0,20.083301333440552,23.73516655083186,0.010313152173913044,0.028000000000000004,4.0025,True,True,False,False,0.0,0.0,175.9493670886076,211.96503918022904,4.119347398030943,825.0875899136025,1217.12134358047
2025-04-05T00:15:00Z,2025-04-05T00:30:00Z,2025-04-05,2025-04-05_3,0.0,100,100,0,23.73516655083186,26.20812655083186,0.006869333333333333,0.0,2.688,True,True,False,False,0.0,0.0,175.9493670886076,211.96503918022904,0.0,-52.55507172995781,335.35933453887884
2025-04-05T00:30:00Z,2025-04-05T00:45:00Z,2025-04-05,2025-04-05_3,0.0,100,100,0,26.20812655083186,27.32132655083186,0.0030922222222222223,0.0,1.21,True,True,False,False,0.0,0.0,175.9493670886076,211.96503918022904,0.0,-48.42285312437211,339.49155314446455
2025-04-05T00:45:00Z,2025-04-05T01:00:00Z,2025-04-05,2025-04-05_3,0.0,100,100,0,27.32132655083186,31.90614655083186,0.012735611111111112,0.0,4.9835,True,True,False,False,0.0,0.0,175.9493670886076,211.96503918022904,0.0,2596.4555679123973,2984.369974181234
2025-04-05T01:00:00Z,2025-04-05T01:15:00Z,2025-04-05,2025-04-05_4,0.0,100,100,0,31.90614655083186,36.64690655083186,0.013168777777777778,0.0,5.153,True,True,False,False,0.0,0.0,175.9493670886076,211.6335141651597,0.0,684.0320186859553,1071.6148999397226
2025-04-05T01:15:00Z,2025-04-05T01:30:00Z,2025-04-05,2025-04-05_4,0.0,100,100,0,36.64690655083186,38.02582828996229,0.00400243961352657,0.028499999999999998,1.5325,True,True,False,False,0.0,0.0,175.9493670886076,211.6335141651597,3.9594156118143453,-55.68206499899538,335.8602318665863
2025-04-05T01:30:00Z,2025-04-05T01:45:00Z,2025-04-05,2025-04-05_4,0.0,100,100,0,38.02582828996229,38.1729891595275,0.000460108695652174,0.0085,0.17,True,True,False,False,0.0,0.0,175.9493670886076,211.6335141651597,0.8036966043801487,-11.291934900542495,377.09464295760495
2025-04-05T01:45:00Z,2025-04-05T02:00:00Z,2025-04-05,2025-04-05_4,0.0,100,100,0,38.1729891595275,51.974369159527505,0.038337166666666665,0.0,15.0015,True,True,False,False,0.0,0.0,175.9493670886076,211.6335141651597,0.0,11621.080617540687,12008.663498794454
2025-04-05T02:00:00Z,2025-04-05T02:15:00Z,2025-04-05,2025-04-05_5,0.0,100,100,0,51.974369159527505,65.44132915952751,0.037408222222222225,0.0,14.638000000000002,True,True,False,False,0.0,0.0,175.9493670886076,211.6335141651597,0.0,3323.2377580872017,3710.820639340969
2025-04-05T02:15:00Z,2025-04-05T02:30:00Z,2025-04-05,2025-04-05_5,0.0,100,100,0,65.44132915952751,75.79730915952752,0.028766611111111114,0.0,11.2565,True,True,False,False,0.0,0.0,175.9493670886076,211.6335141651597,0.0,-0.0,387.5828812537673
2025-04-05T02:30:00Z,2025-04-05T02:45:00Z,2025-04-05,2025-04-05_5,0.0,100,100,0,75.79730915952752,80.99668915952752,0.014442722222222223,0.0,5.6515,True,True,False,False,0.0,0.0,175.9493670886076,211.6335141651597,0.0,-105.78422513562388,281.7986561181434
2025-04-05T02:45:00Z,2025-04-05T03:00:00Z,2025-04-05,2025-04-05_5,0.0,100,100,0,80.99668915952752,89.67090915952753,0.024095055555555557,0.0,9.4285,True,True,False,False,0.0,0.0,175.9493670886076,211.6335141651597,0.0,-38.346734378139445,349.23614687562787
2025-04-05T03:00:00Z,2025-04-05T03:15:00Z,2025-04-05,2025-04-05_6,6.232984106277174e-14,100,100,0,89.67090915952753,91.59806568126663,0.005495120772946901,0.0235,2.1225,True,True,False,False,1.6938134308808222e-12,0.0,175.9493670886076,211.6335141651597,3.375529234478601,-53.74526522001205,337.21314526823556
2025-04-05T03:15:00Z,2025-04-05T03:30:00Z,2025-04-05,2025-04-05_6,6.232984106277174e-14,100,100,0,91.59806568126663,91.60895785517967,0.00040163285024159265,0.0615,0.0845,True,True,False,False,1.6938134308808222e-12,0.0,175.9493670886076,211.6335141651597,6.7534710669077755,-6.480812135824794,387.855540184852
2025-04-05T03:30:00Z,2025-04-05T03:45:00Z,2025-04-05,2025-04-05_6,6.232984106277174e-14,100,100,0,91.60895785517967,91.527995246484,0.0005238961352657473,0.124,0.0585,True,True,False,False,1.6938134308808222e-12,0.0,175.9493670886076,211.6335141651597,14.447258187663248,-4.443437613019891,397.58670182841234
2025-04-05T03:45:00Z,2025-04-05T04:00:00Z,2025-04-05,2025-04-05_6,6.232984106277174e-14,100,100,0,91.527995246484,91.49976220300572,0.000609980676328549,0.11399999999999999,0.104,True,True,False,False,1.6938134308808222e-12,0.0,175.9493670886076,211.6335141651597,15.280283303194693,-6.361260196905765,396.50190436005795
2025-04-05T04:00:00Z,2025-04-05T04:15:00Z,2025-04-05,2025-04-05_7,79.99999999985832,20,100,0,91.49976220300572,74.66655820304311,0.05151887777770761,0.0,4.6565,True,True,False,False,2411.599999995729,0.0,35.189873417721515,211.6335141651597,0.0,1402.1697334739804,4060.5931210525905
2025-04-05T04:15:00Z,2025-04-05T04:30:00Z,2025-04-05,2025-04-05_7,79.99999999985832,20,100,0,74.66655820304311,53.09127455090765,0.06010307681148859,0.0121,0.168,True,True,False,False,2411.599999995729,0.0,35.189873417721515,211.6335141651597,1.47856067912397,-8.64374683544304,2651.258201422291
2025-04-05T04:30:00Z,2025-04-05T04:45:00Z,2025-04-05,2025-04-05_7,79.99999999985832,20,100,0,53.09127455090765,31.625268637902614,0.059898171980571464,0.0050999999999999995,0.2645,True,True,False,False,2411.599999995729,0.0,35.189873417721515,211.6335141651597,0.5089814345991561,-12.809941731967047,2646.1224272812424
2025-04-05T04:45:00Z,2025-04-05T05:00:00Z,2025-04-05,2025-04-05_7,79.99999999985832,20,100,0,31.625268637902614,10.02295211620195,0.0601572125602807,0.0171,0.1475,True,True,False,False,2411.599999995729,0.0,35.189873417721515,211.6335141651597,2.1243305605786618,-9.16918324291742,2651.3785348962715
2025-04-05T05:00:00Z,2025-04-05T05:15:00Z,2025-04-05,2025-04-05_8,6.944992295902597e-12,100,100,0,10.02295211620195,10.030524290113107,0.0008785217391356089,0.142,0.176,True,True,False,False,2.0235971302186191e-10,0.0,196.80530440024108,211.96503918022904,24.573047217199115,-8.346403054048622,424.99698774382296
2025-04-05T05:15:00Z,2025-04-05T05:30:00Z,2025-04-05,2025-04-05_8,6.944992295902597e-12,100,100,0,10.030524290113107,11.150886898806887,0.0033355483091834976,0.037,1.2615,True,True,False,False,2.0235971302186191e-10,0.0,196.80530440024108,211.96503918022904,5.786615631906771,-22.793178420735384,391.7637807918439
2025-04-05T05:30:00Z,2025-04-05T05:45:00Z,2025-04-05,2025-04-05_8,6.944992295902597e-12,100,100,0,11.150886898806887,21.912336464022523,0.029901973429952402,0.0015,11.699,True,True,False,False,2.0235971302186191e-10,0.0,196.80530440024108,211.96503918022904,0.21097046413502107,9204.894021498894,9613.875335543702
2025-04-05T05:45:00Z,2025-04-05T06:00:00Z,2025-04-05,2025-04-05_8,6.944992295902597e-12,100,100,0,21.912336464022523,34.37457472489036,0.03465356038647343,0.006,13.553,True,True,False,False,2.0235971302186191e-10,0.0,196.80530440024108,211.96503918022904,0.8880855937311632,13398.43262346795,13808.091052642354
2025-04-05T06:00:00Z,2025-04-05T06:15:00Z,2025-04-05,2025-04-05_9,70.67117701107966,29,100,0,34.37457472489036,15.568723610183813,0.05288830427332048,0.04756,0.43350000000000005,True,True,False,False,1805.6485726330855,0.0,57.160940325497286,211.6335141651597,8.495475475185854,-17.977925256178423,2064.9605773427497
2025-04-05T06:15:00Z,2025-04-05T06:30:00Z,2025-04-05,2025-04-05_9,70.67117701107966,29,100,0,15.568723610183813,10.102398912185164,0.03502388052097913,0.0,13.235,True,True,False,False,1805.6485726330855,0.0,57.160940325497286,211.6335141651597,0.0,6337.799269640345,8412.242296764087
2025-04-05T06:30:00Z,2025-04-05T06:45:00Z,2025-04-05,2025-04-05_9,70.67117701107966,29,100,0,10.102398912185164,14.745060178002984,0.02154240476159825,0.0,22.974,True,True,False,False,1805.6485726330855,0.0,57.160940325497286,211.6335141651597,0.0,27597.031662447254,29671.474689570998
2025-04-05T06:45:00Z,2025-04-05T07:00:00Z,2025-04-05,2025-04-05_9,70.67117701107966,29,100,0,14.745060178002984,19.818487351509866,0.020967929718971382,0.0,23.389,True,True,False,False,1805.6485726330855,0.0,57.160940325497286,211.6335141651597,0.0,23563.710237693387,25638.15326481713
2025-04-05T07:00:00Z,2025-04-05T07:15:00Z,2025-04-05,2025-04-05_10,29.79424098745985,70,100,0,19.818487351509866,13.541861110154205,0.024572190353869452,0.10044999999999998,1.989,True,True,False,False,430.4522966663262,0.0,123.16455696202532,211.96503918022904,14.619642756680728,-47.62889692585896,732.5726386394024
2025-04-05T07:15:00Z,2025-04-05T07:30:00Z,2025-04-05,2025-04-05_10,29.79424098745985,70,100,0,13.541861110154205,9.999999983884813,0.026690927541092934,0.0,4.6965,True,True,False,False,430.4522966663262,0.0,123.16455696202532,211.96503918022904,0.0,-64.86869590114527,700.7131969074353
2025-04-05T07:30:00Z,2025-04-05T07:45:00Z,2025-04-05,2025-04-05_10,29.79424098745985,70,100,0,9.999999983884813,9.999999983884788,0.029989170026195618,0.007699999999999999,8.3575,True,True,False,False,430.4522966663262,0.0,123.16455696202532,211.96503918022904,1.1194905766526018,527.2445665059272,1293.9459498911604
2025-04-05T07:45:00Z,2025-04-05T08:00:00Z,2025-04-05,2025-04-05_10,29.79424098745985,70,100,0,9.999999983884788,24.731499151259413,0.04354761796744711,0.0,23.54,True,True,False,False,430.4522966663262,0.0,123.16455696202532,211.96503918022904,0.0,24947.32970062286,25712.91159343144
2025-04-05T08:00:00Z,2025-04-05T08:15:00Z,2025-04-05,2025-04-05_11,0.0,100,100,0,24.731499151259413,20.970494803433326,0.021448900966183574,5.282,2.1525,True,True,False,False,0.0,0.0,175.9493670886076,211.6335141651597,555.8888446855535,783.8918881856539,1727.3636141249747
2025-04-05T08:15:00Z,2025-04-05T08:30:00Z,2025-04-05,2025-04-05_11,0.0,100,100,0,20.970494803433326,20.14341219473767,0.004840229468599033,1.182,0.49750000000000005,True,True,False,False,0.0,0.0,175.9493670886076,211.6335141651597,107.12002652200118,-1.2559950773558368,493.44691269841263
2025-04-05T08:30:00Z,2025-04-05T08:45:00Z,2025-04-05,2025-04-05_11,0.0,100,100,0,20.14341219473767,35.35975219473767,0.04226761111111111,0.0,16.5395,True,True,False,False,0.0,0.0,175.9493670886076,211.6335141651597,0.0,10294.670649889491,10682.253531143258
2025-04-05T08:45:00Z,2025-04-05T09:00:00Z,2025-04-05,2025-04-05_11,0.0,100,100,0,35.35975219473767,55.53397219473767,0.056039500000000006,0.0,21.9285,True,True,False,False,0.0,0.0,175.9493670886076,211.6335141651597,0.0,18901.75016455696,19289.333045810727
2025-04-05T09:00:00Z,2025-04-05T09:15:00Z,2025-04-05,2025-04-05_12,92.0,8,100,0,55.53397219473767,38.202436125172454,0.0510638490821256,0.00024,7.142999999999999,True,True,False,False,-18.400000000000002,0.0,14.075949367088606,211.96503918022904,0.02155515370705244,4701.7430470162735,4909.405590717298
2025-04-05T09:15:00Z,2025-04-05T09:30:00Z,2025-04-05,2025-04-05_12,92.0,8,100,0,38.202436125172454,20.448162525172457,0.05207701777777777,0.0,6.749,True,True,False,False,-18.400000000000002,0.0,14.075949367088606,211.96503918022904,0.0,550.1011316053848,757.7421201527025
2025-04-05T09:30:00Z,2025-04-05T09:45:00Z,2025-04-05,2025-04-05_12,92.0,8,100,0,20.448162525172457,13.326286525172458,0.02659201111111111,0.0,16.6525,True,True,False,False,-18.400000000000002,0.0,14.075949367088606,211.96503918022904,0.0,2562.5811879646376,2770.2221765119552
2025-04-05T09:45:00Z,2025-04-05T10:00:00Z,2025-04-05,2025-04-05_12,92.0,8,100,0,13.326286525172458,10.48324332517246,0.016335991111111108,0.0,20.638,True,True,False,False,-18.400000000000002,0.0,14.075949367088606,211.96503918022904,0.0,14202.895780992565,14410.536769539882
2025-04-05T10:00:00Z,2025-04-05T10:15:00Z,2025-04-05,2025-04-05_13,-86.0310846129043,0,0,0,10.48324332517246,30.270392786140448,0.054964304058244415,0.0,0.0,True,False,False,False,294.2263093761327,0.0,0.0,0.0,0.0,0.0,294.2263093761327
2025-04-05T10:15:00Z,2025-04-05T10:30:00Z,2025-04-05,2025-04-05_13,-86.0310846129043,0,0,0,30.270392786140448,50.05754224710844,0.054964304058244415,0.0,0.0,True,False,False,False,294.2263093761327,0.0,0.0,0.0,0.0,0.0,294.2263093761327
2025-04-05T10:30:00Z,2025-04-05T10:45:00Z,2025-04-05,2025-04-05_13,-86.0310846129043,0,0,0,50.05754224710844,69.84469170807643,0.054964304058244415,0.0,0.0,True,False,False,False,294.2263093761327,0.0,0.0,0.0,0.0,0.0,294.2263093761327
2025-04-05T10:45:00Z,2025-04-05T11:00:00Z,2025-04-05,2025-04-05_13,-86.0310846129043,0,0,0,69.84469170807643,89.6318411690444,0.054964304058244415,0.0,0.0,True,False,False,False,294.2263093761327,0.0,0.0,0.0,0.0,0.0,294.2263093761327
2025-04-05T11:00:00Z,2025-04-05T11:15:00Z,2025-04-05,2025-04-05_14,-100.0,0,0,0,89.6318411690444,112.6318411690444,0.06388888888888888,0.0,0.0,True,False,False,False,342.25,0.0,0.0,0.0,0.0,0.0,342.25
2025-04-05T11:15:00Z,2025-04-05T11:30:00Z,2025-04-05,2025-04-05_14,-100.0,0,0,0,112.6318411690444,135.6318411690444,0.06388888888888888,0.0,0.0,True,False,False,False,342.25,0.0,0.0,0.0,0.0,0.0,342.25
2025-04-05T11:30:00Z,2025-04-05T11:45:00Z,2025-04-05,2025-04-05_14,-100.0,0,0,0,135.6318411690444,158.6318411690444,0.06388888888888888,0.0,0.0,True,False,False,False,342.25,0.0,0.0,0.0,0.0,0.0,342.25
2025-04-05T11:45:00Z,2025-04-05T12:00:00Z,2025-04-05,2025-04-05_14,-100.0,0,0,0,158.6318411690444,181.6318411690444,0.06388888888888888,0.0,0.0,True,False,False,False,342.25,0.0,0.0,0.0,0.0,0.0,342.25
2025-04-05T12:00:00Z,2025-04-05T12:15:00Z,2025-04-05,2025-04-05_15,100.0,0,100,0,181.6318411690444,180.6226020386096,0.0028034420289855034,0.0,24.0715,True,True,False,False,-100.49999999999999,0.0,0.0,211.6335141651597,0.0,29489.788129395216,29600.921643560374
2025-04-05T12:15:00Z,2025-04-05T12:30:00Z,2025-04-05,2025-04-05_15,100.0,0,100,0,180.6226020386096,171.90955856034876,0.024202898550724633,0.0,16.984,True,True,False,False,-100.49999999999999,0.0,0.0,211.6335141651597,0.0,4376.913641149287,4488.047155314447
2025-04-05T12:30:00Z,2025-04-05T12:45:00Z,2025-04-05,2025-04-05_15,100.0,0,100,0,171.90955856034876,171.6247759516531,0.0007910628019323705,0.0,24.738,True,True,False,False,-100.49999999999999,0.0,0.0,211.6335141651597,0.0,21699.510540084386,21810.644054249544
2025-04-05T12:45:00Z,2025-04-05T13:00:00Z,2025-04-05,2025-04-05_15,100.0,0,100,0,171.6247759516531,171.15194986469658,0.001313405797101447,0.0,24.565,True,True,False,False,-100.49999999999999,0.0,0.0,211.6335141651597,0.0,18723.69274663452,18834.826260799677
2025-04-05T13:00:00Z,2025-04-05T13:15:00Z,2025-04-05,2025-04-05_16,20.64389380000906,79,100,0,171.15194986469658,182.2506064026931,0.04017233471207778,0.0,17.5055,True,True,False,False,0.0,0.0,139.0,211.96503918022904,0.0,7117.960702431184,7468.925741611412
2025-04-05T13:15:00Z,2025-04-05T13:30:00Z,2025-04-05,2025-04-05_16,20.64389380000906,79,100,0,182.2506064026931,186.7720354810569,0.030492661344490586,0.0,10.6145,True,True,False,False,0.0,0.0,139.0,211.96503918022904,0.0,-0.0,350.96503918022904
2025-04-05T13:30:00Z,2025-04-05T13:45:00Z,2025-04-05,2025-04-05_16,20.64389380000906,79,100,0,186.7720354810569,183.4450866953505,0.019568046331093512,0.13548500000000002,2.546,True,True,False,False,0.0,0.0,139.0,211.96503918022904,12.168605555555557,-5.22398071127185,357.9096640245127
2025-04-05T13:45:00Z,2025-04-05T14:00:00Z,2025-04-05,2025-04-05_16,20.64389380000906,79,100,0,183.4450866953505,178.60238363605671,0.01771681461002429,0.217645,1.0515,True,True,False,False,0.0,0.0,139.0,211.96503918022904,19.547818253968252,-1.9016579264617237,368.6111995077356
2025-04-05T14:00:00Z,2025-04-05T14:15:00Z,2025-04-05,2025-04-05_17,-19.99999999998276,100,80,0,178.60238363605671,187.19555163605276,0.023869911111100102,0.0,4.340400000000001,True,True,False,False,-50.249999999956685,0.0,175.9493670886076,169.57203134418324,0.0,-3.0566811332127792,292.2147172996214
2025-04-05T14:15:00Z,2025-04-05T14:30:00Z,2025-04-05,2025-04-05_17,-19.99999999998276,100,80,0,187.19555163605276,189.99999998387486,0.016171776811584857,1.735,0.035199999999999995,True,True,False,False,-50.249999999956685,0.0,175.9493670886076,169.57203134418324,176.1821559172192,-1.496647136829415,469.95690721322393
2025-04-05T14:30:00Z,2025-04-05T14:45:00Z,2025-04-05,2025-04-05_17,-19.99999999998276,100,80,0,189.99999998387486,185.8248552882185,0.028639090821253026,8.329,0.0,True,True,False,False,-50.249999999956685,0.0,175.9493670886076,169.57203134418324,2930.5277739602166,0.0,3225.799172393051
2025-04-05T14:45:00Z,2025-04-05T15:00:00Z,2025-04-05,2025-04-05_17,-19.99999999998276,100,80,0,185.8248552882185,171.7077424186488,0.04660946908213166,17.7655,0.0,True,True,False,False,-50.249999999956685,0.0,175.9493670886076,169.57203134418324,10708.559373116334,0.0,11003.830771549168
2025-04-05T15:00:00Z,2025-04-05T15:15:00Z,2025-04-05,2025-04-05_18,-31.701603024974403,100,68,0,171.7077424186488,180.62995441738477,0.03185709557693379,1.7150000000000003,3.70022,True,True,False,False,-363.6966407040189,0.0,175.9493670886076,143.9107896323086,710.8097819971871,-37.53600710468153,629.4372909094029
2025-04-05T15:15:00Z,2025-04-05T15:30:00Z,2025-04-05,2025-04-05_18,-31.701603024974403,100,68,0,180.62995441738477,188.0659336097633,0.020900893566994334,0.05949999999999999,0.22406,True,True,False,False,-363.6966407040189,0.0,175.9493670886076,143.9107896323086,8.074402250351614,-10.644043005826804,-46.40612473857787
2025-04-05T15:30:00Z,2025-04-05T15:45:00Z,2025-04-05,2025-04-05_18,-31.701603024974403,100,68,0,188.0659336097633,189.99999998387526,0.02674040144545631,5.181,0.0,True,True,False,False,-363.6966407040189,0.0,175.9493670886076,143.9107896323086,3272.0570626883664,0.0,3228.2205787052635
2025-04-05T15:45:00Z,2025-04-05T16:00:00Z,2025-04-05,2025-04-05_18,-31.701603024974403,100,68,0,189.99999998387526,182.7493070698386,0.037861270036991926,14.063499999999998,0.0,True,True,False,False,-363.6966407040189,0.0,175.9493670886076,143.9107896323086,6394.987385071327,0.0,6351.150901088224
2025-04-05T16:00:00Z,2025-04-05T16:15:00Z,2025-04-05,2025-04-05_19,0.0,100,100,0,182.7493070698386,180.98818706983863,0.004899666666666667,1.6215,0.0015,True,True,False,False,0.0,0.0,196.80530440024108,211.6335141651597,286.3881115129596,-0.11754068716094031,694.7093893911995
2025-04-05T16:15:00Z,2025-04-05T16:30:00Z,2025-04-05,2025-04-05_19,0.0,100,100,0,180.98818706983863,185.1826409828821,0.011778072463768116,0.021,4.584,True,True,False,False,0.0,0.0,196.80530440024108,211.6335141651597,3.4463628691983126,-43.36885834840265,368.51632308619645
2025-04-05T16:30:00Z,2025-04-05T16:45:00Z,2025-04-05,2025-04-05_19,0.0,100,100,0,185.1826409828821,189.77482098288212,0.012756055555555559,0.0,4.9915,True,True,False,False,0.0,0.0,196.80530440024108,211.6335141651597,0.0,-121.54207223226842,286.89674633313234
2025-04-05T16:45:00Z,2025-04-05T17:00:00Z,2025-04-05,2025-04-05_19,0.0,100,100,0,189.77482098288212,188.34357750462127,0.004499565217391303,1.4035,0.10249999999999998,True,True,False,False,0.0,0.0,196.80530440024108,211.6335141651597,248.2714514767932,-6.223626180429976,650.486643861764
2025-04-05T17:00:00Z,2025-04-05T17:15:00Z,2025-04-05,2025-04-05_20,99.9999999999982,0,100,0,188.34357750462127,164.87509924375217,0.06519021739130333,0.0,3.4089999999999994,True,True,False,False,3964.249999999928,0.0,0.0,211.6335141651597,0.0,-51.51925738396623,4124.364256781121
2025-04-05T17:15:00Z,2025-04-05T17:30:00Z,2025-04-05,2025-04-05_20,99.9999999999982,0,100,0,164.87509924375217,137.77020793940486,0.07529136473429815,0.0,0.0635,True,True,False,False,3964.249999999928,0.0,0.0,211.6335141651597,0.0,-3.910985031143259,4171.972529133945
2025-04-05T17:30:00Z,2025-04-05T17:45:00Z,2025-04-05,2025-04-05_20,99.9999999999982,0,100,0,137.77020793940486,110.61694706984014,0.0754257246376798,0.0,0.019,True,True,False,False,3964.249999999928,0.0,0.0,211.6335141651597,0.0,-1.1673680932288526,4174.716146071859
2025-04-05T17:45:00Z,2025-04-05T18:00:00Z,2025-04-05,2025-04-05_20,99.9999999999982,0,100,0,110.61694706984014,83.45553402636237,0.07544836956521601,0.0,0.0115,True,True,False,False,3964.249999999928,0.0,0.0,211.6335141651597,0.0,-0.7805905163753265,4175.102923648713
2025-04-05T18:00:00Z,2025-04-05T18:15:00Z,2025-04-05,2025-04-05_21,0.0,100,100,0,83.45553402636237,77.0543653307102,0.01781680193236715,5.895,0.007000000000000001,True,True,False,False,0.0,0.0,199.57805907172994,211.6335141651597,1274.6347377938516,-0.5485232067510548,1685.2977878239901
2025-04-05T18:15:00Z,2025-04-05T18:30:00Z,2025-04-05,2025-04-05_21,0.0,100,100,0,77.0543653307102,73.88099576549281,0.008814915458937199,2.9195,0.0,True,True,False,False,0.0,0.0,199.57805907172994,211.6335141651597,574.2410715290335,0.0,985.4526447659232
2025-04-05T18:30:00Z,2025-04-05T18:45:00Z,2025-04-05,2025-04-05_21,0.0,100,100,0,73.88099576549281,61.15925663505803,0.035338164251207727,11.704,0.0,True,True,False,False,0.0,0.0,199.57805907172994,211.6335141651597,2620.315600562588,0.0,3031.5271737994776
2025-04-05T18:45:00Z,2025-04-05T19:00:00Z,2025-04-05,2025-04-05_21,0.0,100,100,0,61.15925663505803,57.05169054810151,0.011425239130434781,3.7815000000000003,0.003,True,True,False,False,0.0,0.0,199.57805907172994,211.6335141651597,796.9026880650995,-0.23508137432188062,1207.8791799276673
2025-04-05T19:00:00Z,2025-04-05T19:15:00Z,2025-04-05,2025-04-05_22,-30.99632725334545,100,69,0,57.05169054810151,42.43892903134983,0.046924070476511794,21.0025,0.0,True,True,False,False,-785.2144601453736,0.0,191.56118143459915,146.0271247739602,28333.769290737393,0.0,27886.14313680058
2025-04-05T19:15:00Z,2025-04-05T19:30:00Z,2025-04-05,2025-04-05_22,-30.99632725334545,100,69,0,42.43892903134983,42.665163799912534,0.028421575880076717,6.67,0.0020700000000000002,True,True,False,False,-785.2144601453736,0.0,191.56118143459915,146.0271247739602,1369.2235503315248,-0.16220614828209765,921.4351902464285
2025-04-05T19:30:00Z,2025-04-05T19:45:00Z,2025-04-05,2025-04-05_22,-30.99632725334545,100,69,0,42.665163799912534,37.587036539472706,0.035044623665635974,11.7955,0.0037949999999999998,True,True,False,False,-785.2144601453736,0.0,191.56118143459915,146.0271247739602,9145.61260347599,-0.29945729656419523,8697.686992242612
2025-04-05T19:45:00Z,2025-04-05T20:00:00Z,2025-04-05,2025-04-05_22,-30.99632725334545,100,69,0,37.587036539472706,44.783695636049245,0.02010739258933737,0.028000000000000004,0.10487999999999999,True,True,False,False,-785.2144601453736,0.0,191.56118143459915,146.0271247739602,4.078762306610408,-8.203188040988545,-451.7505796711923
2025-04-05T20:00:00Z,2025-04-05T20:15:00Z,2025-04-05,2025-04-05_23,0.0,100,100,0,44.783695636049245,17.951630418657942,0.07453351449275362,24.6855,0.0,True,True,False,False,0.0,0.0,176.10006027727547,211.6335141651597,34741.67930379747,0.0,35129.412878239906
2025-04-05T20:15:00Z,2025-04-05T20:30:00Z,2025-04-05,2025-04-05_23,0.0,100,100,0,17.951630418657942,9.999999983875334,0.02208786231884058,7.3155,0.0,True,True,False,False,0.0,0.0,176.10006027727547,211.6335141651597,1293.9748119349003,0.0,1681.7083863773355
2025-04-05T20:30:00Z,2025-04-05T20:45:00Z,2025-04-05,2025-04-05_23,0.0,100,100,0,9.999999983875334,10.424556505614465,0.007918454106280195,1.116,1.78,True,True,False,False,0.0,0.0,176.10006027727547,211.6335141651597,185.05665822784812,-68.042708458911,504.7475242113723
2025-04-05T20:45:00Z,2025-04-05T21:00:00Z,2025-04-05,2025-04-05_23,0.0,100,100,0,10.424556505614465,20.789276505614467,0.02879088888888889,0.0,11.266,True,True,False,False,0.0,0.0,176.10006027727547,211.6335141651597,0.0,5093.961400040184,5481.69497448262
2025-04-05T21:00:00Z,2025-04-05T21:15:00Z,2025-04-06,2025-04-05_24,0.0,100,100,0,20.789276505614467,35.431996505614464,0.04067422222222222,0.0,15.916,True,True,False,False,0.0,0.0,176.10006027727547,211.96503918022904,0.0,11243.884902551737,11631.950002009242
2025-04-05T21:15:00Z,2025-04-05T21:30:00Z,2025-04-06,2025-04-05_24,0.0,100,100,0,35.431996505614464,56.96091650561446,0.05980255555555555,0.0,23.401,True,True,False,False,0.0,0.0,176.10006027727547,211.96503918022904,0.0,21153.526019690577,21541.59111914808
2025-04-05T21:30:00Z,2025-04-05T21:45:00Z,2025-04-06,2025-04-05_24,0.0,100,100,0,56.96091650561446,75.07755650561447,0.050324,0.0,19.692,True,True,False,False,0.0,0.0,176.10006027727547,211.96503918022904,0.0,11080.518661844484,11468.583761301988
2025-04-05T21:45:00Z,2025-04-05T22:00:00Z,2025-04-06,2025-04-05_24,0.0,100,100,0,75.07755650561447,93.88327650561448,0.05223811111111111,0.0,20.441,True,True,False,False,0.0,0.0,176.10006027727547,211.96503918022904,0.0,13170.443921237693,13558.509020695197
2025-04-05T22:00:00Z,2025-04-05T22:15:00Z,2025-04-06,2025-04-06_1,0.0,100,100,0,93.88327650561448,99.5671730273536,0.015999954106280193,0.035,6.2195,True,True,False,False,0.0,0.0,176.10006027727547,211.6335141651597,5.205548523206751,-52.46273839662447,340.47638456901745
2025-04-05T22:15:00Z,2025-04-05T22:30:00Z,2025-04-06,2025-04-06_1,0.0,100,100,0,99.5671730273536,99.5421278099623,0.0008030144927536232,0.1445,0.1435,True,True,False,False,0.0,0.0,176.10006027727547,211.6335141651597,21.33574291742013,-7.648172292545709,401.4211450673096
2025-04-05T22:30:00Z,2025-04-05T22:45:00Z,2025-04-06,2025-04-06_1,0.0,100,100,0,99.5421278099623,99.42459389691881,0.0007967053140096618,0.186,0.092,True,True,False,False,0.0,0.0,176.10006027727547,211.6335141651597,27.437821579264615,-5.241116335141652,409.93027968655815
2025-04-05T22:45:00Z,2025-04-05T23:00:00Z,2025-04-06,2025-04-06_1,0.0,100,100,0,99.42459389691881,99.4919382447449,0.0005131545893719807,0.054,0.137,True,True,False,False,0.0,0.0,176.10006027727547,211.6335141651597,7.868994575045207,-8.665876230661041,386.9366927868193
2025-04-05T23:00:00Z,2025-04-05T23:15:00Z,2025-04-06,2025-04-06_2,0.0,100,100,0,99.4919382447449,97.10919563604925,0.007255062801932366,2.2975,0.1245,True,True,False,False,0.0,0.0,176.10006027727547,211.6335141651597,349.21815350612815,-5.054244725738396,731.8974832228249
2025-04-05T23:15:00Z,2025-04-05T23:30:00Z,2025-04-06,2025-04-06_2,0.0,100,100,0,97.10919563604925,94.93691476648402,0.006067335748792271,2.004,0.0065,True,True,False,False,0.0,0.0,176.10006027727547,211.6335141651597,304.2963471971067,-0.5219002411091018,691.5080213984328
2025-04-05T23:30:00Z,2025-04-05T23:45:00Z,2025-04-06,2025-04-06_2,0.0,100,100,0,94.93691476648402,94.66259824474488,0.0010405458937198069,0.2985,0.0545,True,True,False,False,0.0,0.0,176.10006027727547,211.6335141651597,44.48153797468354,-4.33795690174804,427.8771555153707
2025-04-05T23:45:00Z,2025-04-06T00:00:00Z,2025-04-06,2025-04-06_2,0.0,100,100,0,94.66259824474488,94.20428085344054,0.0013114371980676328,0.428,0.0075,True,True,False,False,0.0,0.0,176.10006027727547,211.6335141651597,63.70225758489048,-0.5877034358047015,450.84812859152095
2025-04-06T00:00:00Z,2025-04-06T00:15:00Z,2025-04-06,2025-04-06_3,1.2550288405416173e-13,100,100,0,94.20428085344054,91.63935998387528,0.007198891304347921,2.372,0.0145,True,True,False,False,2.015890075119973e-12,0.0,175.55756479807113,211.96503918022904,365.7960474181233,-1.1362266425557563,752.1824247538697
2025-04-06T00:15:00Z,2025-04-06T00:30:00Z,2025-04-06,2025-04-06_3,1.2550288405416173e-13,100,100,0,91.63935998387528,90.46592433170133,0.003594321256038742,1.135,0.0655,True,True,False,False,2.015890075119973e-12,0.0,175.55756479807113,211.96503918022904,174.980420936307,-4.731766325095439,557.7712585895138
2025-04-06T00:30:00Z,2025-04-06T00:45:00Z,2025-04-06,2025-04-06_3,1.2550288405416173e-13,100,100,0,90.46592433170133,88.55940259257086,0.0052958937198068585,1.754,0.0,True,True,False,False,2.015890075119973e-12,0.0,175.55756479807113,211.96503918022904,270.4183773357444,0.0,657.9409813140466
2025-04-06T00:45:00Z,2025-04-06T01:00:00Z,2025-04-06,2025-04-06_3,1.2550288405416173e-13,100,100,0,88.55940259257086,88.35320172300561,0.0011120024154590313,0.279,0.1055,True,True,False,False,2.015890075119973e-12,0.0,175.55756479807113,211.96503918022904,41.77667631103074,-7.686852521599357,421.61242776773355
2025-04-06T01:00:00Z,2025-04-06T01:15:00Z,2025-04-06,2025-04-06_4,0.0,100,100,0,88.35320172300561,87.54439563604909,0.0025329057971014493,0.7915,0.05600000000000001,True,True,False,False,0.0,0.0,175.9493670886076,211.6335141651597,125.3989178219811,-3.7532601969057677,509.22853887884264
2025-04-06T01:15:00Z,2025-04-06T01:30:00Z,2025-04-06,2025-04-06_4,0.0,100,100,0,87.54439563604909,87.1996860708317,0.001394526570048309,0.3895,0.0855,True,True,False,False,0.0,0.0,175.9493670886076,211.6335141651597,61.281724633313246,-6.342976491862568,442.521629395218
2025-04-06T01:30:00Z,2025-04-06T01:45:00Z,2025-04-06,2025-04-06_4,0.0,100,100,0,87.1996860708317,86.2026904186578,0.0034594323671497586,1.0315,0.135,True,True,False,False,0.0,0.0,175.9493670886076,211.6335141651597,164.5666333132409,-7.294746835443037,544.8547677315652
2025-04-06T01:45:00Z,2025-04-06T02:00:00Z,2025-04-06,2025-04-06_4,0.0,100,100,0,86.2026904186578,90.9176904186578,0.013097222222222222,0.0,5.125,True,True,False,False,0.0,0.0,175.9493670886076,211.6335141651597,0.0,-86.86447659232469,300.7184046614426
2025-04-06T02:00:00Z,2025-04-06T02:15:00Z,2025-04-06,2025-04-06_5,0.0,100,100,0,90.9176904186578,98.02561041865779,0.01974422222222222,0.0,7.725999999999999,True,True,False,False,0.0,0.0,175.9493670886076,211.96503918022904,0.0,-122.49055294354025,265.42385332529636
2025-04-06T02:15:00Z,2025-04-06T02:30:00Z,2025-04-06,2025-04-06_5,0.0,100,100,0,98.02561041865779,103.2111904186578,0.014404388888888888,0.0,5.6365,True,True,False,False,0.0,0.0,175.9493670886076,211.96503918022904,0.0,-102.18180610809723,285.7326001607394
2025-04-06T02:30:00Z,2025-04-06T02:45:00Z,2025-04-06,2025-04-06_5,0.0,100,100,0,103.2111904186578,103.69482433170127,0.0014702391304347825,0.021,0.5505,True,True,False,False,0.0,0.0,175.9493670886076,211.96503918022904,3.1082995780590714,-30.212019590114522,360.8106862567812
2025-04-06T02:45:00Z,2025-04-06T03:00:00Z,2025-04-06,2025-04-06_5,0.0,100,100,0,103.69482433170127,106.0302052012665,0.006538497584541064,0.0085,2.5485,True,True,False,False,0.0,0.0,175.9493670886076,211.96503918022904,1.2529635322483423,-97.89629807112718,291.2710717299578
2025-04-06T03:00:00Z,2025-04-06T03:15:00Z,2025-04-06,2025-04-06_6,89.73294357496222,10,100,0,106.0302052012665,86.72145550971692,0.05612488038907934,0.0,4.744,True,True,False,False,1802.2861717031162,0.0,17.594936708860757,211.96503918022904,0.0,-127.12051758087199,1904.725630011334
2025-04-06T03:15:00Z,2025-04-06T03:30:00Z,2025-04-06,2025-04-06_6,89.73294357496222,10,100,0,86.72145550971692,62.69213602832853,0.06693072638080332,0.01625,0.348,True,True,False,False,1802.2861717031162,0.0,17.594936708860757,211.96503918022904,2.4558885875025114,-16.849996383363468,2017.4520397963452
2025-04-06T03:30:00Z,2025-04-06T03:45:00Z,2025-04-06,2025-04-06_6,89.73294357496222,10,100,0,62.69213602832853,38.98425037684447,0.06620026805587267,0.02515,0.6575,True,True,False,False,1802.2861717031162,0.0,17.594936708860757,211.96503918022904,4.029573729154109,-27.392794856339158,2008.482926465021
2025-04-06T03:45:00Z,2025-04-06T04:00:00Z,2025-04-06,2025-04-06_6,89.73294357496222,10,100,0,38.98425037684447,18.331813043477588,0.059198246669668525,0.0,3.488,True,True,False,False,1802.2861717031162,0.0,17.594936708860757,211.96503918022904,0.0,-135.01230138637732,1896.8338462058286
2025-04-06T04:00:00Z,2025-04-06T04:15:00Z,2025-04-06,2025-04-06_7,0.0,100,100,0,18.331813043477588,18.555299999999324,0.0008230917874396134,0.0335,0.2825,True,True,False,False,0.0,0.0,175.9493670886076,211.96503918022904,4.804500401848503,-15.084886980108498,377.6340196905766
2025-04-06T04:15:00Z,2025-04-06T04:30:00Z,2025-04-06,2025-04-06_7,0.0,100,100,0,18.555299999999324,17.92512086956454,0.0018424975845410627,0.595,0.018,True,True,False,False,0.0,0.0,175.9493670886076,211.96503918022904,88.80372011251758,-1.4104882459312835,475.30763813542296
2025-04-06T04:30:00Z,2025-04-06T04:45:00Z,2025-04-06,2025-04-06_7,0.0,100,100,0,17.92512086956454,17.609147826086282,0.0016162584541062801,0.413,0.1445,True,True,False,False,0.0,0.0,175.9493670886076,211.96503918022904,61.59251476793248,-7.485430982519588,442.0214900542495
2025-04-06T04:45:00Z,2025-04-06T05:00:00Z,2025-04-06,2025-04-06_7,0.0,100,100,0,17.609147826086282,25.572207826086284,0.02211961111111111,0.0,8.6555,True,True,False,False,0.0,0.0,175.9493670886076,211.96503918022904,0.0,-56.2790105485232,331.63539572031345
2025-04-06T05:00:00Z,2025-04-06T05:15:00Z,2025-04-06,2025-04-06_8,0.0,100,100,0,25.572207826086284,23.78353652173846,0.0057530869565217396,1.7755,0.1535,True,True,False,False,0.0,0.0,176.10006027727547,211.96503918022904,295.1560948362467,-6.80029365079365,676.4209006429576
2025-04-06T05:15:00Z,2025-04-06T05:30:00Z,2025-04-06,2025-04-06_8,0.0,100,100,0,23.78353652173846,21.5721234782602,0.0061428140096618355,2.0345,0.0,True,True,False,False,0.0,0.0,176.10006027727547,211.96503918022904,334.2777110709262,0.0,722.3428105284307
2025-04-06T05:30:00Z,2025-04-06T05:45:00Z,2025-04-06,2025-04-06_8,0.0,100,100,0,21.5721234782602,20.463344347825416,0.0030824975845410627,1.0205,0.0005,True,True,False,False,0.0,0.0,176.10006027727547,211.96503918022904,160.3275829817159,-0.03918022905364677,548.3535022101668
2025-04-06T05:45:00Z,2025-04-06T06:00:00Z,2025-04-06,2025-04-06_8,0.0,100,100,0,20.463344347825416,20.374353913042807,0.0005257512077294686,0.128,0.0545,True,True,False,False,0.0,0.0,176.10006027727547,211.96503918022904,18.749852521599358,-4.263614828209764,402.5513371508941
2025-04-06T06:00:00Z,2025-04-06T06:15:00Z,2025-04-06,2025-04-06_9,0.0,100,100,0,20.374353913042807,11.630165217390633,0.02429452415458937,8.0455,0.001,True,True,False,False,0.0,0.0,176.5220012055455,211.6335141651597,1249.1006511954993,-0.07836045810729354,1637.1778061080972
2025-04-06T06:15:00Z,2025-04-06T06:30:00Z,2025-04-06,2025-04-06_9,0.0,100,100,0,11.630165217390633,10.110768695651503,0.004248657004830917,1.4025,0.0055,True,True,False,False,0.0,0.0,176.5220012055455,211.6335141651597,180.5834990958409,-0.43098251959011447,568.308031946956
2025-04-06T06:30:00Z,2025-04-06T06:45:00Z,2025-04-06,2025-04-06_9,0.0,100,100,0,10.110768695651503,9.99999999999933,0.0006373574879227053,0.1565,0.0645,True,True,False,False,0.0,0.0,176.5220012055455,211.6335141651597,20.15067209162146,-4.170183544303797,404.1360039180229
2025-04-06T06:45:00Z,2025-04-06T07:00:00Z,2025-04-06,2025-04-06_9,0.0,100,100,0,9.99999999999933,10.161013913042808,0.0007129613526570047,0.044,0.22699999999999998,True,True,False,False,0.0,0.0,176.5220012055455,211.6335141651597,5.6653646775165765,-11.860556158328308,381.96032388989346
2025-04-06T07:00:00Z,2025-04-06T07:15:00Z,2025-04-06,2025-04-06_10,-99.98082681474476,0,0,0,10.161013913042808,33.15660408043411,0.06387663935386471,0.0,0.0,True,False,False,False,-2.4995206703686192,0.0,0.0,0.0,0.0,0.0,-2.4995206703686192
2025-04-06T07:15:00Z,2025-04-06T07:30:00Z,2025-04-06,2025-04-06_10,-99.98082681474476,0,0,0,33.15660408043411,56.152194247825406,0.06387663935386471,0.0,0.0,True,False,False,False,-2.4995206703686192,0.0,0.0,0.0,0.0,0.0,-2.4995206703686192
2025-04-06T07:30:00Z,2025-04-06T07:45:00Z,2025-04-06,2025-04-06_10,-99.98082681474476,0,0,0,56.152194247825406,79.1477844152167,0.06387663935386471,0.0,0.0,True,False,False,False,-2.4995206703686192,0.0,0.0,0.0,0.0,0.0,-2.4995206703686192
2025-04-06T07:45:00Z,2025-04-06T08:00:00Z,2025-04-06,2025-04-06_10,-99.98082681474476,0,0,0,79.1477844152167,102.143374582608,0.06387663935386471,0.0,0.0,True,False,False,False,-2.4995206703686192,0.0,0.0,0.0,0.0,0.0,-2.4995206703686192
2025-04-06T08:00:00Z,2025-04-06T08:15:00Z,2025-04-06,2025-04-06_11,0.0,100,100,0,102.143374582608,91.48902675652104,0.02959541062801932,9.802,0.0,True,True,False,False,0.0,0.0,175.9493670886076,211.96503918022904,2061.23041872614,0.0,2449.1448249949767
2025-04-06T08:15:00Z,2025-04-06T08:30:00Z,2025-04-06,2025-04-06_11,0.0,100,100,0,91.48902675652104,89.75922240869495,0.004868900966183575,1.6019999999999999,0.0125,True,True,False,False,0.0,0.0,175.9493670886076,211.96503918022904,144.84629294755877,-0.44263612618043,532.318063090215
2025-04-06T08:30:00Z,2025-04-06T08:45:00Z,2025-04-06,2025-04-06_11,0.0,100,100,0,89.75922240869495,89.41771197391235,0.0010048623188405796,0.3235,0.011,True,True,False,False,0.0,0.0,175.9493670886076,211.96503918022904,29.249547920433997,-0.8619650391802289,416.30198915009044
2025-04-06T08:45:00Z,2025-04-06T09:00:00Z,2025-04-06,2025-04-06_11,0.0,100,100,0,89.41771197391235,83.10855806086887,0.01755609420289855,5.8095,0.006,True,True,False,False,0.0,0.0,175.9493670886076,211.96503918022904,677.9419195298372,-0.47016274864376123,1065.38616305003
2025-04-06T09:00:00Z,2025-04-06T09:15:00Z,2025-04-06,2025-04-06_12,0.0,100,100,0,83.10855806086887,79.36110849565148,0.010414693236714977,3.4485,0.001,True,True,False,False,0.0,0.0,175.9493670886076,211.6335141651597,437.47586467751654,-0.07836045810729354,824.9803854731765
2025-04-06T09:15:00Z,2025-04-06T09:30:00Z,2025-04-06,2025-04-06_12,0.0,100,100,0,79.36110849565148,79.34598240869495,0.0009875724637681159,0.1705,0.185,True,True,False,False,0.0,0.0,175.9493670886076,211.6335141651597,15.415913200723327,-7.618045007032348,395.3807494474583
2025-04-06T09:30:00Z,2025-04-06T09:45:00Z,2025-04-06,2025-04-06_12,0.0,100,100,0,79.34598240869495,82.13293023478191,0.008064589371980676,0.0535,3.0925,True,True,False,False,0.0,0.0,175.9493670886076,211.6335141651597,4.837251356238697,-2.943995378742214,389.4761372312638
2025-04-06T09:45:00Z,2025-04-06T10:00:00Z,2025-04-06,2025-04-06_12,0.0,100,100,0,82.13293023478191,91.06659023478191,0.02481572222222222,0.0,9.7105,True,True,False,False,0.0,0.0,175.9493670886076,211.6335141651597,0.0,-0.0,387.5828812537673
2025-04-06T10:00:00Z,2025-04-06T10:15:00Z,2025-04-06,2025-04-06_13,0.0,100,100,0,91.06659023478191,94.27785023478191,0.008920166666666667,0.0,3.4905,True,True,False,False,0.0,0.0,175.9493670886076,211.96503918022904,0.0,-7.3393776371308,380.57502863170583
2025-04-06T10:15:00Z,2025-04-06T10:30:00Z,2025-04-06,2025-04-06_13,0.0,100,100,0,94.27785023478191,97.3667502347819,0.008580277777777779,0.0,3.3575,True,True,False,False,0.0,0.0,175.9493670886076,211.96503918022904,0.0,-4.106984126984127,383.8074221418525
2025-04-06T10:30:00Z,2025-04-06T10:45:00Z,2025-04-06,2025-04-06_13,0.0,100,100,0,97.3667502347819,95.37729979999929,0.005802251207729469,1.876,0.054,True,True,False,False,0.0,0.0,175.9493670886076,211.96503918022904,169.62025316455694,-1.782,555.7526594333935
2025-04-06T10:45:00Z,2025-04-06T11:00:00Z,2025-04-06,2025-04-06_13,0.0,100,100,0,95.37729979999929,97.08896066956451,0.007167053140096619,0.3995,2.3325,True,True,False,False,0.0,0.0,175.9493670886076,211.96503918022904,36.12115732368897,-3.110937311633514,420.9246262808921
2025-04-06T11:00:00Z,2025-04-06T11:15:00Z,2025-04-06,2025-04-06_14,0.0,100,100,0,97.08896066956451,97.96668849565147,0.0025528671497584542,0.019,0.9765000000000001,True,True,False,False,0.0,0.0,175.9493670886076,211.6335141651597,1.7179023508137432,-10.434246835443037,378.866536769138
2025-04-06T11:15:00Z,2025-04-06T11:30:00Z,2025-04-06,2025-04-06_14,0.0,100,100,0,97.96668849565147,98.84409806086886,0.0028629734299516906,0.0705,1.037,True,True,False,False,0.0,0.0,175.9493670886076,211.6335141651597,6.374321880650994,-7.203993369499698,386.7532097649186
2025-04-06T11:30:00Z,2025-04-06T11:45:00Z,2025-04-06,2025-04-06_14,0.0,100,100,0,98.84409806086886,106.22111806086886,0.020491722222222224,0.0,8.0185,True,True,False,False,0.0,0.0,175.9493670886076,211.6335141651597,0.0,-1.3597777777777775,386.22310347598955
2025-04-06T11:45:00Z,2025-04-06T12:00:00Z,2025-04-06,2025-04-06_14,0.0,100,100,0,106.22111806086886,119.85643806086887,0.037875888888888896,0.0,14.821000000000002,True,True,False,False,0.0,0.0,175.9493670886076,211.6335141651597,0.0,2424.6256674703636,2812.208548724131
2025-04-06T12:00:00Z,2025-04-06T12:15:00Z,2025-04-06,2025-04-06_15,-51.000000000000114,100,49,0,119.85643806086887,136.4059408608689,0.04597084111111119,0.0,5.23859,True,True,False,False,128.1375000000003,0.0,175.9493670886076,103.86286919831223,0.0,242.94237421940932,650.8921105063295
2025-04-06T12:15:00Z,2025-04-06T12:30:00Z,2025-04-06,2025-04-06_15,-51.000000000000114,100,49,0,136.4059408608689,148.95076186086894,0.03484672500000008,0.0,0.885675,True,True,False,False,128.1375000000003,0.0,175.9493670886076,103.86286919831223,0.0,-5.399645675105485,402.55009061181465
2025-04-06T12:30:00Z,2025-04-06T12:45:00Z,2025-04-06,2025-04-06_15,-51.000000000000114,100,49,0,148.95076186086894,161.5560644521733,0.03508574391304355,0.024,0.9775500000000001,True,True,False,False,128.1375000000003,0.0,175.9493670886076,103.86286919831223,2.1699819168173597,-6.325693248945149,403.79402495479235
2025-04-06T12:45:00Z,2025-04-06T13:00:00Z,2025-04-06,2025-04-06_15,-51.000000000000114,100,49,0,161.5560644521733,175.15192565217333,0.03776628111111119,0.0,2.0281100000000003,True,True,False,False,128.1375000000003,0.0,175.9493670886076,103.86286919831223,0.0,-14.630753755274265,393.3189825316459
2025-04-06T13:00:00Z,2025-04-06T13:15:00Z,2025-04-06,2025-04-06_16,0.0,100,100,0,175.15192565217333,175.41698999999943,0.0011318212560386474,0.0655,0.3655,True,True,False,False,0.0,0.0,175.9493670886076,211.96503918022904,5.922242314647378,-8.311398030942334,385.5252505525417
2025-04-06T13:15:00Z,2025-04-06T13:30:00Z,2025-04-06,2025-04-06_16,0.0,100,100,0,175.41698999999943,178.6447691304342,0.008984169082125603,0.003,3.512,True,True,False,False,0.0,0.0,175.9493670886076,211.96503918022904,0.27124773960216997,-21.635105485232064,366.55054852320677
2025-04-06T13:30:00Z,2025-04-06T13:45:00Z,2025-04-06,2025-04-06_16,0.0,100,100,0,178.6447691304342,180.6214091304342,0.013060111111111113,1.2535,3.6295,True,True,False,False,0.0,0.0,175.9493670886076,211.96503918022904,113.33634719710669,-13.720924753867793,487.5298287120755
2025-04-06T13:45:00Z,2025-04-06T14:00:00Z,2025-04-06,2025-04-06_16,0.0,100,100,0,180.6214091304342,178.48583260869506,0.0059398236714975836,1.966,0.0015,True,True,False,False,0.0,0.0,175.9493670886076,211.96503918022904,177.75768535262205,-0.11754068716094031,565.5545509342977
2025-04-06T14:00:00Z,2025-04-06T14:15:00Z,2025-04-06,2025-04-06_17,0.0,100,100,0,178.48583260869506,179.00910652173854,0.001510905797101449,0.0095,0.58,True,True,False,False,0.0,0.0,175.9493670886076,211.96503918022904,0.8589511754068716,-11.3045810729355,377.468776371308
2025-04-06T14:15:00Z,2025-04-06T14:30:00Z,2025-04-06,2025-04-06_17,0.0,100,100,0,179.00910652173854,188.67968652173855,0.026862722222222225,0.0,10.5115,True,True,False,False,0.0,0.0,175.9493670886076,211.96503918022904,0.0,1077.5818711070926,1465.4962773759294
2025-04-06T14:30:00Z,2025-04-06T14:45:00Z,2025-04-06,2025-04-06_17,0.0,100,100,0,188.67968652173855,189.0071647826081,0.003307004830917875,0.397,0.8250000000000001,True,True,False,False,0.0,0.0,175.9493670886076,211.96503918022904,36.33447377938517,-10.395961422543701,413.8529186256781
2025-04-06T14:45:00Z,2025-04-06T15:00:00Z,2025-04-06,2025-04-06_17,0.0,100,100,0,189.0071647826081,183.38977347826028,0.015603864734299516,5.168,0.0,True,True,False,False,0.0,0.0,175.9493670886076,211.96503918022904,585.5135286317059,0.0,973.4279349005425
2025-04-06T15:00:00Z,2025-04-06T15:15:00Z,2025-04-06,2025-04-06_18,-1.0,100,99,0,183.38977347826028,189.9024799999994,0.018948731884057976,0.1435,6.99831,True,True,False,False,-18.7875,0.0,175.9493670886076,209.84538878842673,22.872954289732768,149.33383938517179,539.2140495519388
2025-04-06T15:15:00Z,2025-04-06T15:30:00Z,2025-04-06,2025-04-06_18,-1.0,100,99,0,189.9024799999994,188.83280313043417,0.004719707971014493,1.2865,0.10493999999999999,True,True,False,False,-18.7875,0.0,175.9493670886076,209.84538878842673,208.84752009242516,-13.154145714285713,562.7006302551738
2025-04-06T15:30:00Z,2025-04-06T15:45:00Z,2025-04-06,2025-04-06_18,-1.0,100,99,0,188.83280313043417,174.5416636521733,0.04029152077294686,13.38,0.0,True,True,False,False,-18.7875,0.0,175.9493670886076,209.84538878842673,9741.701904761903,0.0,10108.709160638937
2025-04-06T15:45:00Z,2025-04-06T16:00:00Z,2025-04-06,2025-04-06_18,-1.0,100,99,0,174.5416636521733,163.5351451478255,0.03132226140096618,10.3535,0.0,True,True,False,False,-18.7875,0.0,175.9493670886076,209.84538878842673,3695.1635259192285,0.0,4062.170781796263
2025-04-06T16:00:00Z,2025-04-06T16:15:00Z,2025-04-06,2025-04-06_19,18.000000000000867,82,100,0,163.5351451478255,177.3942013565209,0.044513863864734,0.0615,19.8065,True,True,False,False,635.0850000000306,0.0,161.3803496081977,211.96503918022904,10.834169680530438,17598.455302390998,18617.719860859987
2025-04-06T16:15:00Z,2025-04-06T16:30:00Z,2025-04-06,2025-04-06_19,18.000000000000867,82,100,0,177.3942013565209,188.19205860869462,0.039217960966183435,0.0,16.514,True,True,False,False,635.0850000000306,0.0,161.3803496081977,211.96503918022904,0.0,11447.015717500502,12455.44610628896
2025-04-06T16:30:00Z,2025-04-06T16:45:00Z,2025-04-06,2025-04-06_19,18.000000000000867,82,100,0,188.19205860869462,183.9368770956509,0.014789350869565834,0.03403,0.7085,True,True,False,False,635.0850000000306,0.0,161.3803496081977,211.96503918022904,5.774761772151898,-30.28228933092224,983.922861229687
2025-04-06T16:45:00Z,2025-04-06T17:00:00Z,2025-04-06,2025-04-06_19,18.000000000000867,82,100,0,183.9368770956509,170.13157417391156,0.03837530589372046,8.20656,0.0065,True,True,False,False,635.0850000000306,0.0,161.3803496081977,211.96503918022904,1886.4221769258588,-0.509342977697408,2894.343222736619
2025-04-06T17:00:00Z,2025-04-06T17:15:00Z,2025-04-06,2025-04-06_20,100.0,0,100,0,170.13157417391156,148.9044002608681,0.05896437198067633,0.0,5.471,True,True,False,False,3832.5000000000005,0.0,0.0,211.96503918022904,0.0,-54.434086598352415,3990.030952581877
2025-04-06T17:15:00Z,2025-04-06T17:30:00Z,2025-04-06,2025-04-06_20,100.0,0,100,0,148.9044002608681,121.80766113043332,0.07526871980676329,0.0,0.071,True,True,False,False,3832.5000000000005,0.0,0.0,211.96503918022904,0.0,-4.639337150894113,4039.8257020293354
2025-04-06T17:30:00Z,2025-04-06T17:45:00Z,2025-04-06,2025-04-06_20,100.0,0,100,0,121.80766113043332,94.68157417391157,0.07535024154589372,0.0,0.044,True,True,False,False,3832.5000000000005,0.0,0.0,211.96503918022904,0.0,-2.905361462728551,4041.559677717501
2025-04-06T17:45:00Z,2025-04-06T18:00:00Z,2025-04-06,2025-04-06_20,100.0,0,100,0,94.68157417391157,67.58700895652026,0.07526268115942028,0.0,0.073,True,True,False,False,3832.5000000000005,0.0,0.0,211.96503918022904,0.0,-5.29837432188065,4039.1666648583487
2025-04-06T18:00:00Z,2025-04-06T18:15:00Z,2025-04-06,2025-04-06_21,39.00000000000315,61,100,0,67.58700895652026,57.12229705217158,0.029612696400968523,0.035685,0.1745,True,True,False,False,1412.775000000114,0.0,120.05123568414707,211.96503918022904,5.619552197106691,-9.996988245931282,1740.4138388156655
2025-04-06T18:15:00Z,2025-04-06T18:30:00Z,2025-04-06,2025-04-06_21,39.00000000000315,61,100,0,57.12229705217158,46.657613852170726,0.029657824444446784,0.0488,0.189,True,True,False,False,1412.775000000114,0.0,120.05123568414707,211.96503918022904,7.500904159132007,-7.898316455696202,1744.393862567926
2025-04-06T18:30:00Z,2025-04-06T18:45:00Z,2025-04-06,2025-04-06_21,39.00000000000315,61,100,0,46.657613852170726,40.15588779999598,0.031024070144929177,0.0,4.158,True,True,False,False,1412.775000000114,0.0,120.05123568414707,211.96503918022904,0.0,-71.66764556962026,1673.12362929487
2025-04-06T18:45:00Z,2025-04-06T19:00:00Z,2025-04-06,2025-04-06_21,39.00000000000315,61,100,0,40.15588779999598,31.78441719129949,0.03030026280193434,0.0,2.26,True,True,False,False,1412.775000000114,0.0,120.05123568414707,211.96503918022904,0.0,-70.04092827004219,1674.7503465944478
2025-04-06T19:00:00Z,2025-04-06T19:15:00Z,2025-04-06,2025-04-06_22,41.00000000000007,59,100,0,31.78441719129949,19.636188765212513,0.03422907562801938,1.072325,0.1605,True,True,False,False,1288.1175000000023,0.0,112.0253164556962,211.96503918022904,199.48002838055052,-7.091636226642556,1804.4962477898355
2025-04-06T19:15:00Z,2025-04-06T19:30:00Z,2025-04-06,2025-04-06_22,41.00000000000007,59,100,0,19.636188765212513,10.105073008690756,0.031387661545893765,0.0,1.629,True,True,False,False,1288.1175000000023,0.0,112.0253164556962,211.96503918022904,0.0,-63.976135623869794,1548.1317200120577
2025-04-06T19:30:00Z,2025-04-06T19:45:00Z,2025-04-06,2025-04-06_22,41.00000000000007,59,100,0,10.105073008690756,10.377920139125521,0.03406421908212562,0.0,11.5475,True,True,False,False,1288.1175000000023,0.0,112.0253164556962,211.96503918022904,0.0,594.054722222222,2206.1625778581497
2025-04-06T19:45:00Z,2025-04-06T20:00:00Z,2025-04-06,2025-04-06_22,41.00000000000007,59,100,0,10.377920139125521,14.578381982603766,0.03513648821256038,0.0,15.521,True,True,False,False,1288.1175000000023,0.0,112.0253164556962,211.96503918022904,0.0,2372.5268997387984,3984.634755374726
2025-04-06T20:00:00Z,2025-04-06T20:15:00Z,2025-04-06,2025-04-06_23,1.7438927786305953,98,100,0,14.578381982603766,13.635533378406604,0.012007613292454448,2.0188,1.8695,True,True,False,False,49.92329052024737,0.0,172.43037974683543,211.96503918022904,353.76620478199715,-33.00867631103074,755.0762379182783
2025-04-06T20:15:00Z,2025-04-06T20:30:00Z,2025-04-06,2025-04-06_23,1.7438927786305953,98,100,0,13.635533378406604,12.421002157817691,0.0034038297078504256,0.68649,0.006,True,True,False,False,49.92329052024737,0.0,172.43037974683543,211.96503918022904,110.89303181434599,-0.47016274864376123,544.741578513014
2025-04-06T20:30:00Z,2025-04-06T20:45:00Z,2025-04-06,2025-04-06_23,1.7438927786305953,98,100,0,12.421002157817691,10.59521507516732,0.005076652763953454,1.2446,0.001,True,True,False,False,49.92329052024737,0.0,172.43037974683543,211.96503918022904,216.33533670886072,-0.07836045810729354,650.5756856980653
2025-04-06T20:45:00Z,2025-04-06T21:00:00Z,2025-04-06,2025-04-06_23,1.7438927786305953,98,100,0,10.59521507516732,9.999999999998936,0.001706105986343207,0.12054,0.0105,True,True,False,False,49.92329052024737,0.0,172.43037974683543,211.96503918022904,17.52107147679325,-0.8227848101265822,451.0169961139785
2025-04-06T21:00:00Z,2025-04-06T21:15:00Z,2025-04-07,2025-04-06_24,-100.00000000000766,100,0,0,9.999999999998936,19.065680000000697,0.02518244444444934,15.146,0.0,True,True,False,False,-2553.7500000001955,0.0,175.9493670886076,0.0,14973.873637532652,0.0,12596.073004621063
2025-04-06T21:15:00Z,2025-04-06T21:30:00Z,2025-04-07,2025-04-06_24,-100.00000000000766,100,0,0,19.065680000000697,39.076140000002454,0.055584611111116004,3.2494999999999994,0.0,True,True,False,False,-2553.7500000001955,0.0,175.9493670886076,0.0,592.1539627285513,0.0,-1785.6466701830366
2025-04-06T21:30:00Z,2025-04-06T21:45:00Z,2025-04-07,2025-04-06_24,-100.00000000000766,100,0,0,39.076140000002454,62.00346000000422,0.06368700000000488,0.079,0.0,True,True,False,False,-2553.7500000001955,0.0,175.9493670886076,0.0,11.420539682539681,0.0,-2366.3800932290483
2025-04-06T21:45:00Z,2025-04-06T22:00:00Z,2025-04-07,2025-04-06_24,-100.00000000000766,100,0,0,62.00346000000422,84.94044000000598,0.06371383333333823,0.0685,0.0,True,True,False,False,-2553.7500000001955,0.0,175.9493670886076,0.0,9.948162648181636,0.0,-2367.8524702634063
2025-04-06T22:00:00Z,2025-04-06T22:15:00Z,2025-04-07,2025-04-07_1,0.0,100,100,0,84.94044000000598,84.89021565217989,0.0006455120772946861,0.13,0.099,True,True,False,False,0.0,0.0,175.55756479807113,211.96503918022904,19.009045609805103,-6.502909584086799,400.02874000401846
2025-04-06T22:15:00Z,2025-04-06T22:30:00Z,2025-04-07,2025-04-07_1,0.0,100,100,0,84.89021565217989,84.80999739131033,0.00036593961352657006,0.0975,0.028000000000000004,True,True,False,False,0.0,0.0,175.55756479807113,211.96503918022904,13.779392706449668,-2.0484219409282702,399.25357474382156
2025-04-06T22:30:00Z,2025-04-06T22:45:00Z,2025-04-07,2025-04-07_1,0.0,100,100,0,84.80999739131033,84.62906347826686,0.0005511497584541063,0.1745,0.0095,True,True,False,False,0.0,0.0,175.55756479807113,211.96503918022904,25.316454390194895,-0.7444243520192886,412.09463401647577
2025-04-06T22:45:00Z,2025-04-06T23:00:00Z,2025-04-07,2025-04-07_1,0.0,100,100,0,84.62906347826686,84.50703304348424,0.00036452898550724637,0.1165,0.005,True,True,False,False,0.0,0.0,175.55756479807113,211.96503918022904,16.61966013662849,-0.3918022905364677,403.7504618243922
2025-04-06T23:00:00Z,2025-04-06T23:15:00Z,2025-04-07,2025-04-07_2,-100.00000000000004,100,0,0,84.50703304348424,84.96335304348426,0.0012675555555555808,24.504,0.0,True,True,False,False,-2207.000000000001,0.0,175.55756479807113,0.0,38317.40748402652,0.0,36285.96504882459
2025-04-06T23:15:00Z,2025-04-06T23:30:00Z,2025-04-07,2025-04-07_2,-100.00000000000004,100,0,0,84.96335304348426,94.74019304348427,0.027157888888888915,14.373,0.0,True,True,False,False,-2207.000000000001,0.0,175.55756479807113,0.0,17979.62956781193,0.0,15948.18713261
2025-04-06T23:30:00Z,2025-04-06T23:45:00Z,2025-04-07,2025-04-07_2,-100.00000000000004,100,0,0,94.74019304348427,106.69789304348427,0.03321583333333336,12.0025,0.0,True,True,False,False,-2207.000000000001,0.0,175.55756479807113,0.0,10510.854766425557,0.0,8479.412331223626
2025-04-06T23:45:00Z,2025-04-07T00:00:00Z,2025-04-07,2025-04-07_2,-100.00000000000004,100,0,0,106.69789304348427,129.3009130434843,0.0627861666666667,0.43150000000000005,0.0,True,True,False,False,-2207.000000000001,0.0,175.55756479807113,0.0,67.13704771950974,0.0,-1964.30538748242
2025-04-07T00:00:00Z,2025-04-07T00:15:00Z,2025-04-07,2025-04-07_3,-93.99999999999979,100,6,0,129.3009130434843,144.03924935652773,0.04362080135265696,7.399499999999999,0.0,True,True,False,False,-1989.5099999999954,0.0,175.55756479807113,12.717902350813741,1491.5575204942734,0.0,-309.6770123568372
2025-04-07T00:15:00Z,2025-04-07T00:30:00Z,2025-04-07,2025-04-07_3,-93.99999999999979,100,6,0,144.03924935652773,159.7708442434842,0.04599289642512071,6.331499999999999,0.0,True,True,False,False,-1989.5099999999954,0.0,175.55756479807113,12.717902350813741,1984.4335632911389,0.0,183.19903044002828
2025-04-07T00:30:00Z,2025-04-07T00:45:00Z,2025-04-07,2025-04-07_3,-93.99999999999979,100,6,0,159.7708442434842,176.23064274783195,0.04773198859903374,5.5485,0.0,True,True,False,False,-1989.5099999999954,0.0,175.55756479807113,12.717902350813741,977.3174945750451,0.0,-823.9170382760655
2025-04-07T00:45:00Z,2025-04-07T01:00:00Z,2025-04-07,2025-04-07_3,-93.99999999999979,100,6,0,176.23064274783195,189.97758052174495,0.041253148405797066,8.4655,0.0,True,True,False,False,-1989.5099999999954,0.0,175.55756479807113,12.717902350813741,1508.503793751256,0.0,-292.7307390998547
2025-04-07T01:00:00Z,2025-04-07T01:15:00Z,2025-04-07,2025-04-07_4,-6.00000000000004,100,94,0,189.97758052174495,189.8568658434841,0.007574645217391327,1.3935,0.0,True,True,False,False,-130.32000000000087,0.0,175.9493670886076,199.2471368294153,233.0084873417721,0.0,477.8849912597941
2025-04-07T01:15:00Z,2025-04-07T01:30:00Z,2025-04-07,2025-04-07_4,-6.00000000000004,100,94,0,189.8568658434841,188.35066897391889,0.011028680193236735,2.68,0.0,True,True,False,False,-130.32000000000087,0.0,175.9493670886076,199.2471368294153,454.75889893510146,0.0,699.6354028531234
2025-04-07T01:30:00Z,2025-04-07T01:45:00Z,2025-04-07,2025-04-07_4,-6.00000000000004,100,94,0,188.35066897391889,186.79116361739713,0.011161579323671516,2.7295,0.0,True,True,False,False,-130.32000000000087,0.0,175.9493670886076,199.2471368294153,476.2810231062889,0.0,721.1575270243109
2025-04-07T01:45:00Z,2025-04-07T02:00:00Z,2025-04-07,2025-04-07_4,-6.00000000000004,100,94,0,186.79116361739713,187.97777848696236,0.004664147584541088,0.241,0.07191,True,True,False,False,-130.32000000000087,0.0,175.9493670886076,199.2471368294153,35.47837653204741,-3.8028787884267627,276.5520016616427
2025-04-07T02:00:00Z,2025-04-07T02:15:00Z,2025-04-07,2025-04-07_5,0.0,100,100,0,187.97777848696236,188.0429593565276,0.0007184975845410628,0.089,0.176,True,True,False,False,0.0,0.0,175.9493670886076,211.96503918022904,12.93309302792847,-8.125386377335744,392.7221129194294
2025-04-07T02:15:00Z,2025-04-07T02:30:00Z,2025-04-07,2025-04-07_5,0.0,100,100,0,188.0429593565276,187.9959497913102,0.0005548043478260869,0.11349999999999999,0.083,True,True,False,False,0.0,0.0,175.9493670886076,211.96503918022904,16.560167671287925,-4.836246734980913,399.63832720514364
2025-04-07T02:30:00Z,2025-04-07T02:45:00Z,2025-04-07,2025-04-07_5,0.0,100,100,0,187.9959497913102,185.11823240000587,0.007993659420289855,2.6475,0.0,True,True,False,False,0.0,0.0,175.9493670886076,211.96503918022904,462.90077305605786,0.0,850.8151793248945
2025-04-07T02:45:00Z,2025-04-07T03:00:00Z,2025-04-07,2025-04-07_5,0.0,100,100,0,185.11823240000587,182.06978109565804,0.00850369806763285,2.8105,0.007000000000000001,True,True,False,False,0.0,0.0,175.9493670886076,211.96503918022904,490.52683684950773,-0.5083389592123769,877.932904159132
2025-04-07T03:00:00Z,2025-04-07T03:15:00Z,2025-04-07,2025-04-07_6,-15.943893597155466,100,84,0,182.06978109565804,188.00968142300383,0.016499723131515993,0.0,2.47044,True,True,False,False,-406.8084451314217,0.0,175.55756479807113,178.0506329113924,0.0,-92.18607932489451,-145.3863267468527
2025-04-07T03:15:00Z,2025-04-07T03:30:00Z,2025-04-07,2025-04-07_6,-15.943893597155466,100,84,0,188.00968142300383,189.98252980739744,0.01386797955995215,1.6525,0.063,True,True,False,False,-406.8084451314217,0.0,175.55756479807113,178.0506329113924,295.14041792244325,-4.51139240506329,237.42877809542176
2025-04-07T03:30:00Z,2025-04-07T03:45:00Z,2025-04-07,2025-04-07_6,-15.943893597155466,100,84,0,189.98252980739744,189.93351226698098,0.01772322485019635,3.5185,0.01596,True,True,False,False,-406.8084451314217,0.0,175.55756479807113,178.0506329113924,839.308942535664,-1.1443034599156117,784.9643916537901
2025-04-07T03:45:00Z,2025-04-07T04:00:00Z,2025-04-07,2025-04-07_6,-15.943893597155466,100,84,0,189.93351226698098,169.5818506372002,0.058445802371214946,22.652,0.0,True,True,False,False,-406.8084451314217,0.0,175.55756479807113,178.0506329113924,27314.443364275667,0.0,27261.243116853708
2025-04-07T04:00:00Z,2025-04-07T04:15:00Z,2025-04-07,2025-04-07_7,0.0,100,100,0,169.5818506372002,166.2493515067654,0.009752719806763286,3.148,0.097,True,True,False,False,0.0,0.0,189.57203134418324,211.96503918022904,618.9067936507937,-7.088211171388386,1013.3556530038176
2025-04-07T04:15:00Z,2025-04-07T04:30:00Z,2025-04-07,2025-04-07_7,0.0,100,100,0,166.2493515067654,144.20913411546107,0.061222826086956526,20.277,0.0,True,True,False,False,0.0,0.0,189.57203134418324,211.96503918022904,16757.691775768533,0.0,17159.228846292946
2025-04-07T04:30:00Z,2025-04-07T04:45:00Z,2025-04-07,2025-04-07_7,0.0,100,100,0,144.20913411546107,124.23630802850455,0.05548007246376811,18.375,0.0,True,True,False,False,0.0,0.0,189.57203134418324,211.96503918022904,11752.785864978901,0.0,12154.322935503315
2025-04-07T04:45:00Z,2025-04-07T05:00:00Z,2025-04-07,2025-04-07_7,0.0,100,100,0,124.23630802850455,99.37435150676542,0.06906099033816425,22.873,0.0,True,True,False,False,0.0,0.0,189.57203134418324,211.96503918022904,22844.299601165363,0.0,23245.836671689776
2025-04-07T05:00:00Z,2025-04-07T05:15:00Z,2025-04-07,2025-04-07_8,0.0,100,100,0,99.37435150676542,84.45967759372195,0.041429649758454104,13.7215,0.0,True,True,False,False,0.0,0.0,196.80530440024108,211.6335141651597,6526.937362165963,0.0,6935.376180731364
2025-04-07T05:15:00Z,2025-04-07T05:30:00Z,2025-04-07,2025-04-07_8,0.0,100,100,0,84.45967759372195,66.82815585459151,0.048976449275362315,16.221,0.0,True,True,False,False,0.0,0.0,196.80530440024108,211.6335141651597,5641.2740006027725,0.0,6049.712819168173
2025-04-07T05:30:00Z,2025-04-07T05:45:00Z,2025-04-07,2025-04-07_8,0.0,100,100,0,66.82815585459151,55.386851506765424,0.03178140096618357,10.526,0.0,True,True,False,False,0.0,0.0,196.80530440024108,211.6335141651597,2761.686549326904,0.0,3170.1253678923044
2025-04-07T05:45:00Z,2025-04-07T06:00:00Z,2025-04-07,2025-04-07_8,0.0,100,100,0,55.386851506765424,53.912328898069774,0.006027896135265701,1.6765000000000003,0.378,True,True,False,False,0.0,0.0,196.80530440024108,211.6335141651597,302.3608340365683,-27.49579746835443,683.3038551336147
2025-04-07T06:00:00Z,2025-04-07T06:15:00Z,2025-04-07,2025-04-07_9,69.99999999999993,30,100,0,53.912328898069774,35.474808724156745,0.05210773381642507,0.017699999999999997,0.582,True,True,False,False,2527.1749999999975,0.0,59.04159132007233,211.6335141651597,2.8028947558770336,-39.39895599758891,2761.2540442435175
2025-04-07T06:15:00Z,2025-04-07T06:30:00Z,2025-04-07,2025-04-07_9,69.99999999999993,30,100,0,35.474808724156745,28.822405071982857,0.036770799033816415,0.0,11.9295,True,True,False,False,2527.1749999999975,0.0,59.04159132007233,211.6335141651597,0.0,9386.296946654611,12184.14705213984
2025-04-07T06:30:00Z,2025-04-07T06:45:00Z,2025-04-07,2025-04-07_9,69.99999999999993,30,100,0,28.822405071982857,22.11193672415679,0.036846223188405795,0.0,11.8735,True,True,False,False,2527.1749999999975,0.0,59.04159132007233,211.6335141651597,0.0,3598.9563783403655,6396.806483825595
2025-04-07T06:45:00Z,2025-04-07T07:00:00Z,2025-04-07,2025-04-07_9,69.99999999999993,30,100,0,22.11193672415679,17.542085593722028,0.034065630917874394,0.0,13.938,True,True,False,False,2527.1749999999975,0.0,59.04159132007233,211.6335141651597,0.0,9892.395382760698,12690.245488245928
2025-04-07T07:00:00Z,2025-04-07T07:15:00Z,2025-04-07,2025-04-07_10,41.86481964463887,58,100,0,17.542085593722028,10.120410614289499,0.032486321713873376,0.0,3.995,True,True,False,False,1137.3624876957265,0.0,110.12658227848101,211.6335141651597,0.0,163.46027727546712,1622.5828614148343
2025-04-07T07:15:00Z,2025-04-07T07:30:00Z,2025-04-07,2025-04-07_10,41.86481964463887,58,100,0,10.120410614289499,10.01901690028518,0.03412536742266524,0.0,11.39,True,True,False,False,1137.3624876957265,0.0,110.12658227848101,211.6335141651597,0.0,139.34842274462528,1598.4710068839925
2025-04-07T07:30:00Z,2025-04-07T07:45:00Z,2025-04-07,2025-04-07_10,41.86481964463887,58,100,0,10.01901690028518,10.110157967366158,0.034168476873694315,0.0,11.5845,True,True,False,False,1137.3624876957265,0.0,110.12658227848101,211.6335141651597,0.0,4227.949134418324,5687.071718557691
2025-04-07T07:45:00Z,2025-04-07T08:00:00Z,2025-04-07,2025-04-07_10,41.86481964463887,58,100,0,10.110157967366158,15.721949286954654,0.03540457665975681,0.0,17.1615,True,True,False,False,1137.3624876957265,0.0,110.12658227848101,211.6335141651597,0.0,9944.546164556961,11403.66874869633
2025-04-07T08:00:00Z,2025-04-07T08:15:00Z,2025-04-07,2025-04-07_11,0.0,100,100,0,15.721949286954654,21.693209286954655,0.016586833333333335,0.0,6.490500000000001,True,True,False,False,0.0,0.0,175.9493670886076,211.6335141651597,0.0,196.90197377938517,584.4848550331525
2025-04-07T08:15:00Z,2025-04-07T08:30:00Z,2025-04-07,2025-04-07_11,0.0,100,100,0,21.693209286954655,28.331469286954654,0.01843961111111111,0.0,7.2155,True,True,False,False,0.0,0.0,175.9493670886076,211.6335141651597,0.0,-42.447784709664454,345.13509654410285
2025-04-07T08:30:00Z,2025-04-07T08:45:00Z,2025-04-07,2025-04-07_11,0.0,100,100,0,28.331469286954654,31.313277982606827,0.008379420289855074,0.016,3.26,True,True,False,False,0.0,0.0,175.9493670886076,211.6335141651597,2.597751255776572,-52.96894112919429,337.2116913803496
2025-04-07T08:45:00Z,2025-04-07T09:00:00Z,2025-04-07,2025-04-07_11,0.0,100,100,0,31.313277982606827,32.42011537391118,0.0037538961352657015,0.11250000000000002,1.336,True,True,False,False,0.0,0.0,175.9493670886076,211.6335141651597,18.107594936708864,-52.11178460920233,353.57869158127386
2025-04-07T09:00:00Z,2025-04-07T09:15:00Z,2025-04-07,2025-04-07_12,-6.0,100,94,0,32.42011537391118,32.39012201738944,0.008164390434782608,1.453,0.16826,True,True,False,False,-97.215,0.0,175.9493670886076,199.2471368294153,221.03262547719513,-6.4800891621458705,492.5340402330722
2025-04-07T09:15:00Z,2025-04-07T09:30:00Z,2025-04-07,2025-04-07_12,-6.0,100,94,0,32.39012201738944,23.545661913041613,0.029323118067632846,9.494,0.0,True,True,False,False,-97.215,0.0,175.9493670886076,199.2471368294153,2717.601703435804,0.0,2995.583207353827
2025-04-07T09:30:00Z,2025-04-07T09:45:00Z,2025-04-07,2025-04-07_12,-6.0,100,94,0,23.545661913041613,21.35560869565031,0.012733547826086955,3.315,0.0,True,True,False,False,-97.215,0.0,175.9493670886076,199.2471368294153,511.82547619047614,0.0,789.806980108499
2025-04-07T09:45:00Z,2025-04-07T10:00:00Z,2025-04-07,2025-04-07_12,-6.0,100,94,0,21.35560869565031,10.766507199998136,0.03367254415458937,11.114,0.0,True,True,False,False,-97.215,0.0,175.9493670886076,199.2471368294153,4884.126239099859,0.0,5162.107743017882
2025-04-07T10:00:00Z,2025-04-07T10:15:00Z,2025-04-07,2025-04-07_13,-99.99999999999999,100,0,0,10.766507199998136,32.769227199998134,0.06111866666666666,1.084,0.0,True,True,False,False,-1112.4999999999998,0.0,175.9493670886076,0.0,146.24743419730763,0.0,-790.3031987140846
2025-04-07T10:15:00Z,2025-04-07T10:30:00Z,2025-04-07,2025-04-07_13,-99.99999999999999,100,0,0,32.769227199998134,55.649627199998136,0.06355666666666665,0.13,0.0,True,True,False,False,-1112.4999999999998,0.0,175.9493670886076,0.0,17.538898935101468,0.0,-919.0117339762907
2025-04-07T10:30:00Z,2025-04-07T10:45:00Z,2025-04-07,2025-04-07_13,-99.99999999999999,100,0,0,55.649627199998136,78.64962719999812,0.06388888888888888,0.0,0.0,True,True,False,False,-1112.4999999999998,0.0,175.9493670886076,0.0,0.0,0.0,-936.5506329113922
2025-04-07T10:45:00Z,2025-04-07T11:00:00Z,2025-04-07,2025-04-07_13,-99.99999999999999,100,0,0,78.64962719999812,101.64962719999812,0.06388888888888888,0.0,0.0,True,True,False,False,-1112.4999999999998,0.0,175.9493670886076,0.0,0.0,0.0,-936.5506329113922
2025-04-07T11:00:00Z,2025-04-07T11:15:00Z,2025-04-07,2025-04-07_14,0.0,100,100,0,101.64962719999812,107.05508719999813,0.015015166666666666,0.0,5.8755,True,True,False,False,0.0,0.0,175.9493670886076,211.6335141651597,0.0,-231.83728993369496,155.74559132007235
2025-04-07T11:15:00Z,2025-04-07T11:30:00Z,2025-04-07,2025-04-07_14,0.0,100,100,0,107.05508719999813,122.68726719999813,0.043422722222222224,0.0,16.9915,True,True,False,False,0.0,0.0,175.9493670886076,211.6335141651597,0.0,4686.27754962829,5073.860430882058
2025-04-07T11:30:00Z,2025-04-07T11:45:00Z,2025-04-07,2025-04-07_14,0.0,100,100,0,122.68726719999813,134.99318719999815,0.034183111111111115,0.0,13.376,True,True,False,False,0.0,0.0,175.9493670886076,211.6335141651597,0.0,76.4423484026522,464.0252296564195
2025-04-07T11:45:00Z,2025-04-07T12:00:00Z,2025-04-07,2025-04-07_14,0.0,100,100,0,134.99318719999815,156.67804719999816,0.060235722222222225,0.0,23.5705,True,True,False,False,0.0,0.0,175.9493670886076,211.6335141651597,0.0,20015.957780289325,20403.54066154309
2025-04-07T12:00:00Z,2025-04-07T12:15:00Z,2025-04-07,2025-04-07_15,0.0,100,100,0,156.67804719999816,163.32980111304164,0.019020572463768114,0.09,7.3365,True,True,False,False,0.0,0.0,175.55756479807113,211.6335141651597,12.93924050632911,113.71501295961423,513.8453324291742
2025-04-07T12:15:00Z,2025-04-07T12:30:00Z,2025-04-07,2025-04-07_15,0.0,100,100,0,163.32980111304164,162.7650950260851,0.0017526280193236716,0.55,0.036,True,True,False,False,0.0,0.0,175.55756479807113,211.6335141651597,81.51724934699618,-1.8364484629294753,466.8718798472975
2025-04-07T12:30:00Z,2025-04-07T12:45:00Z,2025-04-07,2025-04-07_15,0.0,100,100,0,162.7650950260851,163.48005154782425,0.002614009661835749,0.104,0.9000000000000001,True,True,False,False,0.0,0.0,175.55756479807113,211.6335141651597,15.28005947357846,-34.920614828209764,367.5505236085995
2025-04-07T12:45:00Z,2025-04-07T13:00:00Z,2025-04-07,2025-04-07_15,0.0,100,100,0,163.48005154782425,167.29433067825903,0.01061333574879227,0.003,4.1495,True,True,False,False,0.0,0.0,175.55756479807113,211.6335141651597,0.4102652200120554,-71.62702320675105,315.97432097649187
2025-04-07T13:00:00Z,2025-04-07T13:15:00Z,2025-04-07,2025-04-07_16,26.817756740339266,73,100,0,167.29433067825903,166.95616385921664,0.027881639071972712,0.0,7.202999999999999,True,True,False,False,519.8622144114768,0.0,128.1570223025919,211.6335141651597,0.0,-96.01684388185652,763.6359069973719
2025-04-07T13:15:00Z,2025-04-07T13:30:00Z,2025-04-07,2025-04-07_16,26.817756740339266,73,100,0,166.95616385921664,162.0419341917552,0.022857695989668546,0.0014600000000000001,2.4615,True,True,False,False,519.8622144114768,0.0,128.1570223025919,211.6335141651597,0.20534458509142053,-84.18755334538878,775.670542118931
2025-04-07T13:30:00Z,2025-04-07T13:45:00Z,2025-04-07,2025-04-07_16,26.817756740339266,73,100,0,162.0419341917552,158.287502660447,0.02412641563316318,0.0,3.662,True,True,False,False,519.8622144114768,0.0,128.1570223025919,211.6335141651597,0.0,-124.02385372714485,735.6288971520835
2025-04-07T13:45:00Z,2025-04-07T14:00:00Z,2025-04-07,2025-04-07_16,26.817756740339266,73,100,0,158.287502660447,154.99857458117728,0.0246381059209987,0.0,4.1445,True,True,False,False,519.8622144114768,0.0,128.1570223025919,211.6335141651597,0.0,-122.48300723327306,737.1697436459554
2025-04-07T14:00:00Z,2025-04-07T14:15:00Z,2025-04-07,2025-04-07_17,28.529782806349576,71,100,0,154.99857458117728,167.59232127657594,0.04182736564480466,0.0,21.027,True,True,False,False,671.3771138904214,0.0,124.6458710066305,211.96503918022904,0.0,12194.726311633513,13202.714335710793
2025-04-07T14:15:00Z,2025-04-07T14:30:00Z,2025-04-07,2025-04-07_17,28.529782806349576,71,100,0,167.59232127657594,180.2528346029539,0.04189395441360956,0.0,21.096,True,True,False,False,671.3771138904214,0.0,124.6458710066305,211.96503918022904,0.0,12136.846278481013,13144.834302558294
2025-04-07T14:30:00Z,2025-04-07T14:45:00Z,2025-04-07,2025-04-07_17,28.529782806349576,71,100,0,180.2528346029539,186.84435793654757,0.0358411318347054,0.0,14.824000000000002,True,True,False,False,671.3771138904214,0.0,124.6458710066305,211.96503918022904,0.0,79.61533453887886,1087.6033586161598
2025-04-07T14:45:00Z,2025-04-07T15:00:00Z,2025-04-07,2025-04-07_17,28.529782806349576,71,100,0,186.84435793654757,181.97391999999752,0.024447578760220953,0.009229999999999999,2.989,True,True,False,False,671.3771138904214,0.0,124.6458710066305,211.96503918022904,1.3044491762105683,-101.66683825597748,907.625634997514
2025-04-07T15:00:00Z,2025-04-07T15:15:00Z,2025-04-07,2025-04-07_18,0.0,100,100,0,181.97391999999752,189.89327999999753,0.021998222222222225,0.0,8.608,True,True,False,False,0.0,0.0,175.9493670886076,211.96503918022904,0.0,2751.5177110709265,3139.432117339763
2025-04-07T15:15:00Z,2025-04-07T15:30:00Z,2025-04-07,2025-04-07_18,0.0,100,100,0,189.89327999999753,184.58749999999753,0.015331166666666667,4.9795,0.116,True,True,False,False,0.0,0.0,175.9493670886076,211.96503918022904,1026.3092672292546,-8.620755475185854,1405.6029180229054
2025-04-07T15:30:00Z,2025-04-07T15:45:00Z,2025-04-07,2025-04-07_18,0.0,100,100,0,184.58749999999753,173.03858695651928,0.03208031400966183,10.625,0.0,True,True,False,False,0.0,0.0,175.9493670886076,211.96503918022904,2169.4149336949968,0.0,2557.3293399638333
2025-04-07T15:45:00Z,2025-04-07T16:00:00Z,2025-04-07,2025-04-07_18,0.0,100,100,0,173.03858695651928,164.56467391304102,0.02353864734299517,7.796,0.0,True,True,False,False,0.0,0.0,175.9493670886076,211.96503918022904,1550.7163480008037,0.0,1938.6307542696404
2025-04-07T16:00:00Z,2025-04-07T16:15:00Z,2025-04-07,2025-04-07_19,-0.1632519848771074,0,0,0,164.56467391304102,164.60222186956275,0.00010429987922704085,0.0,0.0,True,False,False,False,-6.815362238657042,0.0,0.0,0.0,0.0,0.0,-6.815362238657042
2025-04-07T16:15:00Z,2025-04-07T16:30:00Z,2025-04-07,2025-04-07_19,-0.1632519848771074,0,0,0,164.60222186956275,164.6397698260845,0.00010429987922704085,0.0,0.0,True,False,False,False,-6.815362238657042,0.0,0.0,0.0,0.0,0.0,-6.815362238657042
2025-04-07T16:30:00Z,2025-04-07T16:45:00Z,2025-04-07,2025-04-07_19,-0.1632519848771074,0,0,0,164.6397698260845,164.67731778260622,0.00010429987922704085,0.0,0.0,True,False,False,False,-6.815362238657042,0.0,0.0,0.0,0.0,0.0,-6.815362238657042
2025-04-07T16:45:00Z,2025-04-07T17:00:00Z,2025-04-07,2025-04-07_19,-0.1632519848771074,0,0,0,164.67731778260622,164.71486573912796,0.00010429987922704085,0.0,0.0,True,False,False,False,-6.815362238657042,0.0,0.0,0.0,0.0,0.0,-6.815362238657042
2025-04-07T17:00:00Z,2025-04-07T17:15:00Z,2025-04-07,2025-04-07_20,100.0,0,100,0,164.71486573912796,137.54312660869317,0.0754770531400966,0.0,0.002,True,True,False,False,5749.75,0.0,0.0,211.96503918022904,0.0,-0.15672091621458709,5961.558318264015
2025-04-07T17:15:00Z,2025-04-07T17:30:00Z,2025-04-07,2025-04-07_20,100.0,0,100,0,137.54312660869317,110.38823530434533,0.0754302536231884,0.0,0.0175,True,True,False,False,5749.75,0.0,0.0,211.96503918022904,0.0,-1.3538291139240506,5960.361210066305
2025-04-07T17:30:00Z,2025-04-07T17:45:00Z,2025-04-07,2025-04-07_20,100.0,0,100,0,110.38823530434533,83.21432226086706,0.07548309178743962,0.0,0.0,True,True,False,False,5749.75,0.0,0.0,211.96503918022904,0.0,0.0,5961.715039180229
2025-04-07T17:45:00Z,2025-04-07T18:00:00Z,2025-04-07,2025-04-07_20,100.0,0,100,0,83.21432226086706,56.05073530434533,0.07545440821256037,0.0,0.0095,True,True,False,False,5749.75,0.0,0.0,211.96503918022904,0.0,-0.7456307012256379,5960.9694084790035
2025-04-07T18:00:00Z,2025-04-07T18:15:00Z,2025-04-07,2025-04-07_21,39.99999999999972,60,100,0,56.05073530434533,44.70367965217149,0.03154259903381621,0.44610000000000005,0.0075,True,True,False,False,1993.799999999986,0.0,118.08318264014466,211.6335141651597,79.3309570223026,-0.5877034358047015,2402.259950391788
2025-04-07T18:15:00Z,2025-04-07T18:30:00Z,2025-04-07,2025-04-07_21,39.99999999999972,60,100,0,44.70367965217149,30.577810086954173,0.039238526570048095,2.9958,0.0,True,True,False,False,1993.799999999986,0.0,118.08318264014466,211.6335141651597,731.1660114526823,0.0,3054.6827082579725
2025-04-07T18:30:00Z,2025-04-07T18:45:00Z,2025-04-07,2025-04-07_21,39.99999999999972,60,100,0,30.577810086954173,19.355347304345557,0.03220390772946839,0.6297,0.336,True,True,False,False,1993.799999999986,0.0,118.08318264014466,211.6335141651597,113.13445521398432,-24.381029535864982,2412.27012248341
2025-04-07T18:45:00Z,2025-04-07T19:00:00Z,2025-04-07,2025-04-07_21,39.99999999999972,60,100,0,19.355347304345557,9.999999999997806,0.03069287584541044,0.0,1.5345,True,True,False,False,1993.799999999986,0.0,118.08318264014466,211.6335141651597,0.0,-82.81459403254972,2240.7021027727405
2025-04-07T19:00:00Z,2025-04-07T19:15:00Z,2025-04-07,2025-04-07_22,0.0,0,0,0,9.999999999997806,9.999999999997806,0.0,0.0,0.0,True,False,False,False,0.0,0.0,0.0,0.0,0.0,0.0,0.0
2025-04-07T19:15:00Z,2025-04-07T19:30:00Z,2025-04-07,2025-04-07_22,0.0,0,0,0,9.999999999997806,9.999999999997806,0.0,0.0,0.0,True,False,False,False,0.0,0.0,0.0,0.0,0.0,0.0,0.0
2025-04-07T19:30:00Z,2025-04-07T19:45:00Z,2025-04-07,2025-04-07_22,0.0,0,0,0,9.999999999997806,9.999999999997806,0.0,0.0,0.0,True,False,False,False,0.0,0.0,0.0,0.0,0.0,0.0,0.0
2025-04-07T19:45:00Z,2025-04-07T20:00:00Z,2025-04-07,2025-04-07_22,0.0,0,0,0,9.999999999997806,9.999999999997806,0.0,0.0,0.0,True,False,False,False,0.0,0.0,0.0,0.0,0.0,0.0,0.0
2025-04-07T20:00:00Z,2025-04-07T20:15:00Z,2025-04-07,2025-04-07_23,24.00000000000002,76,100,0,9.999999999997806,10.864076034780409,0.02748281990338165,0.0,7.693,True,True,False,False,780.0600000000006,0.0,133.72151898734177,211.6335141651597,0.0,1748.9139760900136,2874.329009242516
2025-04-07T20:15:00Z,2025-04-07T20:30:00Z,2025-04-07,2025-04-07_23,24.00000000000002,76,100,0,10.864076034780409,17.463607652171707,0.03475666995169082,0.0,13.666999999999998,True,True,False,False,780.0600000000006,0.0,133.72151898734177,211.6335141651597,0.0,1315.0279206349203,2440.4429537874225
2025-04-07T20:30:00Z,2025-04-07T20:45:00Z,2025-04-07,2025-04-07_23,24.00000000000002,76,100,0,17.463607652171707,13.096744660867351,0.02084881053140098,0.0,2.2445,True,True,False,False,780.0600000000006,0.0,133.72151898734177,211.6335141651597,0.0,-92.21075246132207,1033.20428069118
2025-04-07T20:45:00Z,2025-04-07T21:00:00Z,2025-04-07,2025-04-07_23,24.00000000000002,76,100,0,13.096744660867351,10.155584973910823,0.022656923574879237,0.0,3.7294999999999994,True,True,False,False,780.0600000000006,0.0,133.72151898734177,211.6335141651597,0.0,-143.2758950170785,982.1391381354235
2025-04-07T21:00:00Z,2025-04-07T21:15:00Z,2025-04-08,2025-04-07_24,-94.99361090810552,100,5,0,10.155584973910823,23.051438184775193,0.03874326622519827,9.6635,0.020125,True,True,False,False,-2673.3576949813596,0.0,176.29686181540563,10.613975167758266,2534.440906899185,-0.86875032647567,47.125298574513565
2025-04-07T21:15:00Z,2025-04-07T21:30:00Z,2025-04-08,2025-04-07_24,-94.99361090810552,100,5,0,23.051438184775193,40.50604794583241,0.0499158990688749,4.733,0.0,True,True,False,False,-2673.3576949813596,0.0,176.29686181540563,10.613975167758266,898.4921653875517,0.0,-1587.954692610644
2025-04-07T21:30:00Z,2025-04-07T21:45:00Z,2025-04-08,2025-04-07_24,-94.99361090810552,100,5,0,40.50604794583241,55.07810458583724,0.04284750502068183,7.838000000000001,0.0,True,True,False,False,-2673.3576949813596,0.0,176.29686181540563,10.613975167758266,6459.583437939487,0.0,3973.1365799412915
2025-04-07T21:45:00Z,2025-04-07T22:00:00Z,2025-04-08,2025-04-07_24,-94.99361090810552,100,5,0,55.07810458583724,76.73298666019352,0.060217750933830805,0.216,0.007475,True,True,False,False,-2673.3576949813596,0.0,176.29686181540563,10.613975167758266,31.4778751958854,-0.5469226855386345,-2455.515905487849
2025-04-07T22:00:00Z,2025-04-07T22:15:00Z,2025-04-08,2025-04-08_1,-99.56842497238017,0,0,0,76.73298666019352,99.63372440384096,0.06361316039902067,0.0,0.0,True,False,False,False,-2366.2436194686147,0.0,0.0,0.0,0.0,0.0,-2366.2436194686147
2025-04-07T22:15:00Z,2025-04-07T22:30:00Z,2025-04-08,2025-04-08_1,-99.56842497238017,0,0,0,99.63372440384096,122.5344621474884,0.06361316039902067,0.0,0.0,True,False,False,False,-2366.2436194686147,0.0,0.0,0.0,0.0,0.0,-2366.2436194686147
2025-04-07T22:30:00Z,2025-04-07T22:45:00Z,2025-04-08,2025-04-08_1,-99.56842497238017,0,0,0,122.5344621474884,145.43519989113582,0.06361316039902067,0.0,0.0,True,False,False,False,-2366.2436194686147,0.0,0.0,0.0,0.0,0.0,-2366.2436194686147
2025-04-07T22:45:00Z,2025-04-07T23:00:00Z,2025-04-08,2025-04-08_1,-99.56842497238017,0,0,0,145.43519989113582,168.33593763478325,0.06361316039902067,0.0,0.0,True,False,False,False,-2366.2436194686147,0.0,0.0,0.0,0.0,0.0,-2366.2436194686147
2025-04-07T23:00:00Z,2025-04-07T23:15:00Z,2025-04-08,2025-04-08_2,-4.000000000000241,100,96,0,168.33593763478325,165.601896417392,0.012014136714975953,3.3825000000000003,0.0,True,True,False,False,-90.10000000000542,0.0,176.29686181540563,203.7883232209587,599.2748352553542,0.0,889.2600202917131
2025-04-07T23:15:00Z,2025-04-07T23:30:00Z,2025-04-08,2025-04-08_2,-4.000000000000241,100,96,0,165.601896417392,165.73495749565294,0.004630483671497728,0.735,0.007680000000000001,True,True,False,False,-90.10000000000542,0.0,176.29686181540563,203.7883232209587,120.88072789006308,-0.5882589303652509,410.27765399605676
2025-04-07T23:30:00Z,2025-04-07T23:45:00Z,2025-04-08,2025-04-08_2,-4.000000000000241,100,96,0,165.73495749565294,166.19617857391387,0.004475372560386621,0.551,0.14832,True,True,False,False,-90.10000000000542,0.0,176.29686181540563,203.7883232209587,89.97703580182426,-10.819129601800137,369.14309123638304
2025-04-07T23:45:00Z,2025-04-08T00:00:00Z,2025-04-08,2025-04-08_2,-4.000000000000241,100,96,0,166.19617857391387,165.7365500869574,0.0062333991304349195,1.2955,0.0216,True,True,False,False,-90.10000000000542,0.0,176.29686181540563,203.7883232209587,232.11245549885484,-1.6190626431470247,520.4785778920667
2025-04-08T00:00:00Z,2025-04-08T00:15:00Z,2025-04-08,2025-04-08_3,0.0,100,100,0,165.7365500869574,163.19633269565307,0.007056159420289855,2.337,0.0,True,True,False,False,0.0,0.0,176.29686181540563,212.27950335516533,419.9477347611203,0.0,808.5240999316912
2025-04-08T00:15:00Z,2025-04-08T00:30:00Z,2025-04-08,2025-04-08_3,0.0,100,100,0,163.19633269565307,158.31410052174004,0.013566867149758454,4.4925,0.001,True,True,False,False,0.0,0.0,176.29686181540563,212.27950335516533,812.461593904448,-0.07835416080684696,1200.9596049142122
2025-04-08T00:30:00Z,2025-04-08T00:45:00Z,2025-04-08,2025-04-08_3,0.0,100,100,0,158.31410052174004,158.104628347827,0.000921756038647343,0.249,0.0665,True,True,False,False,0.0,0.0,176.29686181540563,212.27950335516533,42.67047775947282,-5.109293305741954,426.1375496243018
2025-04-08T00:45:00Z,2025-04-08T01:00:00Z,2025-04-08,2025-04-08_3,0.0,100,100,0,158.104628347827,158.2552240000009,0.0005783454106280194,0.0265,0.195,True,True,False,False,0.0,0.0,176.29686181540563,212.27950335516533,3.740107586290031,-14.652032185478364,377.6644405713826
2025-04-08T01:00:00Z,2025-04-08T01:15:00Z,2025-04-08,2025-04-08_4,0.0,100,100,0,158.2552240000009,158.262108347827,0.0013174323671497584,0.215,0.2615,True,True,False,False,0.0,0.0,176.29686181540563,212.27950335516533,31.98257825370675,-18.976691545786952,401.58225187849075
2025-04-08T01:15:00Z,2025-04-08T01:30:00Z,2025-04-08,2025-04-08_4,0.0,100,100,0,158.262108347827,167.806648347827,0.02651261111111111,0.0,10.3745,True,True,False,False,0.0,0.0,176.29686181540563,212.27950335516533,0.0,2238.312861031864,2626.889226202435
2025-04-08T01:30:00Z,2025-04-08T01:45:00Z,2025-04-08,2025-04-08_4,0.0,100,100,0,167.806648347827,171.936988347827,0.011473166666666665,0.0,4.4895,True,True,False,False,0.0,0.0,176.29686181540563,212.27950335516533,0.0,-153.46325782537065,235.11310734520032
2025-04-08T01:45:00Z,2025-04-08T02:00:00Z,2025-04-08,2025-04-08_4,0.0,100,100,0,171.936988347827,173.481668347827,0.004290777777777777,0.0,1.6789999999999998,True,True,False,False,0.0,0.0,176.29686181540563,212.27950335516533,0.0,-77.15560573793546,311.4207594326355
2025-04-08T02:00:00Z,2025-04-08T02:15:00Z,2025-04-08,2025-04-08_5,-29.99999999999812,100,70,0,173.481668347827,183.24392634782657,0.027117383333332135,0.0,3.11115,True,True,False,False,-710.7749999999554,0.0,176.29686181540563,148.59565234861572,0.0,-107.81578002571624,-493.69826586165027
2025-04-08T02:15:00Z,2025-04-08T02:30:00Z,2025-04-08,2025-04-08_5,-29.99999999999812,100,70,0,183.24392634782657,189.3141645217392,0.02146926062801824,1.09,0.32655,True,True,False,False,-710.7749999999554,0.0,176.29686181540563,148.59565234861572,194.5737814923454,-18.662896060192068,-209.9716004037807
2025-04-08T02:30:00Z,2025-04-08T02:45:00Z,2025-04-08,2025-04-08_5,-29.99999999999812,100,70,0,189.3141645217392,189.98205999999962,0.027261968115941455,6.0105,0.0,True,True,False,False,-710.7749999999554,0.0,176.29686181540563,148.59565234861572,1102.8906440109292,0.0,717.0081581749952
2025-04-08T02:45:00Z,2025-04-08T03:00:00Z,2025-04-08,2025-04-08_5,-29.99999999999812,100,70,0,189.98205999999962,188.28030565217307,0.030391262077294357,8.308,0.013649999999999999,True,True,False,False,-710.7749999999554,0.0,176.29686181540563,148.59565234861572,1530.6672953750954,-0.990004821794511,1143.7948047173668
2025-04-08T03:00:00Z,2025-04-08T03:15:00Z,2025-04-08,2025-04-08_6,0.0,100,100,0,188.28030565217307,189.83925086956435,0.004430041062801932,0.0165,1.714,True,True,False,False,0.0,0.0,176.68863261943986,212.27950335516533,2.5615774299835254,-71.08723228995058,320.44248111463816
2025-04-08T03:15:00Z,2025-04-08T03:30:00Z,2025-04-08,2025-04-08_6,0.0,100,100,0,189.83925086956435,188.24631608695566,0.0044248188405797105,1.4655,0.0,True,True,False,False,0.0,0.0,176.68863261943986,212.27950335516533,264.18424287780766,0.0,653.1523788524129
2025-04-08T03:30:00Z,2025-04-08T03:45:00Z,2025-04-08,2025-04-08_6,0.0,100,100,0,188.24631608695566,186.2164282608687,0.005705021739130434,1.8785,0.013,True,True,False,False,0.0,0.0,176.68863261943986,212.27950335516533,338.5202376742877,-0.982038815445815,726.5063348334471
2025-04-08T03:45:00Z,2025-04-08T04:00:00Z,2025-04-08,2025-04-08_6,0.0,100,100,0,186.2164282608687,185.42094478260782,0.0022377874396135263,0.7365,0.0055,True,True,False,False,0.0,0.0,176.68863261943986,212.27950335516533,130.01768583999677,-0.2952346606662113,518.6905871539358
2025-04-08T04:00:00Z,2025-04-08T04:15:00Z,2025-04-08,2025-04-08_7,45.957559550782804,54,100,0,185.42094478260782,173.1332147836003,0.03509796145846768,0.13581,0.3495,True,True,False,False,1761.2085758848739,0.0,106.75453047775946,212.27950335516533,23.75398046570498,-23.321931229155783,2080.6746589543477
2025-04-08T04:15:00Z,2025-04-08T04:30:00Z,2025-04-08,2025-04-08_7,45.957559550782804,54,100,0,173.1332147836003,157.16380186219192,0.044359480337245474,3.2024700000000004,0.0,True,True,False,False,1761.2085758848739,0.0,106.75453047775946,212.27950335516533,708.869636243822,0.0,2789.112245961621
2025-04-08T04:30:00Z,2025-04-08T04:45:00Z,2025-04-08,2025-04-08_7,45.957559550782804,54,100,0,157.16380186219192,143.46517424190165,0.03805864881264141,1.11564,0.0025,True,True,False,False,1761.2085758848739,0.0,106.75453047775946,212.27950335516533,200.6311801422429,-0.19588540201711738,2280.6779044580244
2025-04-08T04:45:00Z,2025-04-08T05:00:00Z,2025-04-08,2025-04-08_7,45.957559550782804,54,100,0,143.46517424190165,130.56127478260566,0.03587869227944258,0.39365999999999995,0.0125,True,True,False,False,1761.2085758848739,0.0,106.75453047775946,212.27950335516533,69.79188285450235,-0.9794270100855869,2149.0550655622155
2025-04-08T05:00:00Z,2025-04-08T05:15:00Z,2025-04-08,2025-04-08_8,100.0,0,100,0,130.56127478260566,103.38736173912741,0.07548309178743962,0.0,0.0,True,True,False,False,4524.25,0.0,0.0,212.27950335516533,0.0,0.0,4736.529503355166
2025-04-08T05:15:00Z,2025-04-08T05:30:00Z,2025-04-08,2025-04-08_8,100.0,0,100,0,103.38736173912741,76.21344869564915,0.07548309178743962,0.0,0.0,True,True,False,False,4524.25,0.0,0.0,212.27950335516533,0.0,0.0,4736.529503355166
2025-04-08T05:30:00Z,2025-04-08T05:45:00Z,2025-04-08,2025-04-08_8,100.0,0,100,0,76.21344869564915,49.03953565217088,0.0754830917874396,0.0,0.0,True,True,False,False,4524.25,0.0,0.0,212.27950335516533,0.0,0.0,4736.529503355166
2025-04-08T05:45:00Z,2025-04-08T06:00:00Z,2025-04-08,2025-04-08_8,100.0,0,100,0,49.03953565217088,22.767796521736102,0.07297705314009661,0.0,0.83,True,True,False,False,4524.25,0.0,0.0,212.27950335516533,0.0,-43.184379394864784,4693.345123960301
2025-04-08T06:00:00Z,2025-04-08T06:15:00Z,2025-04-08,2025-04-08_9,0.0,100,100,0,22.767796521736102,11.617028695649148,0.031480355072463766,10.3425,0.099,True,True,False,False,0.0,0.0,176.5078153252702,212.27950335516533,7071.602817736167,-5.754805119138507,7454.635331297463
2025-04-08T06:15:00Z,2025-04-08T06:30:00Z,2025-04-08,2025-04-08_9,0.0,100,100,0,11.617028695649148,9.999999999996975,0.009022746376811594,2.238,0.8865,True,True,False,False,0.0,0.0,176.5078153252702,212.27950335516533,422.19532326114035,-36.259691606059384,774.7229503355165
2025-04-08T06:30:00Z,2025-04-08T06:45:00Z,2025-04-08,2025-04-08_9,0.0,100,100,0,9.999999999996975,14.440422608692629,0.012349603864734302,0.0025,4.8295,True,True,False,False,0.0,0.0,176.5078153252702,212.27950335516533,0.35158918310764653,2602.7302389801907,2991.8691468437337
2025-04-08T06:45:00Z,2025-04-08T07:00:00Z,2025-04-08,2025-04-08_9,0.0,100,100,0,14.440422608692629,31.49676260869263,0.04737872222222223,0.0,18.5395,True,True,False,False,0.0,0.0,176.5078153252702,212.27950335516533,0.0,14078.827168903443,14467.614487583878
2025-04-08T07:00:00Z,2025-04-08T07:15:00Z,2025-04-08,2025-04-08_10,56.81876009616863,43,100,0,31.49676260869263,20.674587174055077,0.04010584270611262,0.0008600000000000001,4.551,True,True,False,False,1297.0302460952894,0.0,75.89836058986619,212.27950335516533,0.12094667898903043,1279.9625782537066,2865.2916349730167
2025-04-08T07:15:00Z,2025-04-08T07:30:00Z,2025-04-08,2025-04-08_10,56.81876009616863,43,100,0,20.674587174055077,10.28950375536135,0.039840725912155095,0.00021500000000000002,4.981,True,True,False,False,1297.0302460952894,0.0,75.89836058986619,212.27950335516533,0.030236669747257607,2339.74504239161,3924.983389101678
2025-04-08T07:30:00Z,2025-04-08T07:45:00Z,2025-04-08,2025-04-08_10,56.81876009616863,43,100,0,10.28950375536135,9.999999999996966,0.03375199091556767,0.0,14.9285,True,True,False,False,1297.0302460952894,0.0,75.89836058986619,212.27950335516533,0.0,15326.081460200103,16911.289570240424
2025-04-08T07:45:00Z,2025-04-08T08:00:00Z,2025-04-08,2025-04-08_10,56.81876009616863,43,100,0,9.999999999996966,18.742266180731395,0.02830530381319405,0.0,23.828,True,True,False,False,1297.0302460952894,0.0,75.89836058986619,212.27950335516533,0.0,30068.380572186277,31653.588682226597
2025-04-08T08:00:00Z,2025-04-08T08:15:00Z,2025-04-08,2025-04-08_11,0.0,100,100,0,18.742266180731395,26.146886180731396,0.020568388888888893,0.0,8.0485,True,True,False,False,0.0,0.0,176.29686181540563,212.27950335516533,0.0,6496.566025234058,6885.142390404629
2025-04-08T08:15:00Z,2025-04-08T08:30:00Z,2025-04-08,2025-04-08_11,0.0,100,100,0,26.146886180731396,28.797406180731397,0.0073625555555555545,0.0,2.881,True,True,False,False,0.0,0.0,176.29686181540563,212.27950335516533,0.0,-52.78919958211113,335.78716558845986
2025-04-08T08:30:00Z,2025-04-08T08:45:00Z,2025-04-08,2025-04-08_11,0.0,100,100,0,28.797406180731397,34.728646180731396,0.01647566666666667,0.0,6.447,True,True,False,False,0.0,0.0,176.29686181540563,212.27950335516533,0.0,1965.8790703982,2354.455435568771
2025-04-08T08:45:00Z,2025-04-08T09:00:00Z,2025-04-08,2025-04-08_11,0.0,100,100,0,34.728646180731396,49.1703461807314,0.04011583333333334,0.0,15.6975,True,True,False,False,0.0,0.0,176.29686181540563,212.27950335516533,0.0,8685.996255072929,9074.5726202435
2025-04-08T09:00:00Z,2025-04-08T09:15:00Z,2025-04-08,2025-04-08_12,22.41950916246736,77,100,0,49.1703461807314,61.129489175659515,0.04154051214246485,0.0,18.854,True,True,False,False,399.7958971396992,0.0,135.74858359786234,212.27950335516533,0.0,14788.181529312493,15536.00551340522
2025-04-08T09:15:00Z,2025-04-08T09:30:00Z,2025-04-08,2025-04-08_12,22.41950916246736,77,100,0,61.129489175659515,72.08476594251358,0.04017149093868714,0.0,17.8055,True,True,False,False,399.7958971396992,0.0,135.74858359786234,212.27950335516533,0.0,11183.799319021979,11931.623303114706
2025-04-08T09:30:00Z,2025-04-08T09:45:00Z,2025-04-08,2025-04-08_12,22.41950916246736,77,100,0,72.08476594251358,67.94522363643284,0.020261876070828282,0.15015,2.21,True,True,False,False,399.7958971396992,0.0,135.74858359786234,212.27950335516533,22.222555962952548,-32.87560372885442,737.170936326825
2025-04-08T09:45:00Z,2025-04-08T10:00:00Z,2025-04-08,2025-04-08_12,22.41950916246736,77,100,0,67.94522363643284,62.78963446956233,0.018470689072893624,0.06006,1.0465,True,True,False,False,399.7958971396992,0.0,135.74858359786234,212.27950335516533,8.735861783260338,-17.56031793707558,738.9995279389117
2025-04-08T10:00:00Z,2025-04-08T10:15:00Z,2025-04-08,2025-04-08_13,0.0,100,100,0,62.78963446956233,68.23005446956233,0.015112277777777778,0.0,5.9135,True,True,False,False,0.0,0.0,176.29686181540563,212.27950335516533,0.0,-99.64224926668543,288.9341159038855
2025-04-08T10:15:00Z,2025-04-08T10:30:00Z,2025-04-08,2025-04-08_13,0.0,100,100,0,68.23005446956233,68.1898631652145,0.000609975845410628,0.1195,0.0975,True,True,False,False,0.0,0.0,176.29686181540563,212.27950335516533,16.490731104592758,-6.273347530839393,398.7937487443243
2025-04-08T10:30:00Z,2025-04-08T10:45:00Z,2025-04-08,2025-04-08_13,0.0,100,100,0,68.1898631652145,68.38970490434494,0.001213328502415459,0.109,0.346,True,True,False,False,0.0,0.0,176.29686181540563,212.27950335516533,15.041754731385863,-14.252427773536382,389.36569212842045
2025-04-08T10:45:00Z,2025-04-08T11:00:00Z,2025-04-08,2025-04-08_13,0.0,100,100,0,68.38970490434494,78.08512490434494,0.026931722222222225,0.0,10.5385,True,True,False,False,0.0,0.0,176.29686181540563,212.27950335516533,0.0,2404.0310004219073,2792.6073655924783
2025-04-08T11:00:00Z,2025-04-08T11:15:00Z,2025-04-08,2025-04-08_14,-100.0,100,0,0,78.08512490434494,101.08236490434493,0.06388122222222221,0.003,0.0,True,True,False,False,-1085.75,0.0,176.29686181540563,0.0,0.40150480170370073,0.0,-909.0516333828907
2025-04-08T11:15:00Z,2025-04-08T11:30:00Z,2025-04-08,2025-04-08_14,-100.0,100,0,0,101.08236490434493,123.37396490434492,0.06192111111111111,0.77,0.0,True,True,False,False,-1085.75,0.0,176.29686181540563,0.0,103.05289910394985,0.0,-806.4002390806445
2025-04-08T11:30:00Z,2025-04-08T11:45:00Z,2025-04-08,2025-04-08_14,-100.0,100,0,0,123.37396490434492,146.07266490434492,0.06305194444444445,0.3275,0.0,True,True,False,False,-1085.75,0.0,176.29686181540563,0.0,43.830940852653995,0.0,-865.6221973319404
2025-04-08T11:45:00Z,2025-04-08T12:00:00Z,2025-04-08,2025-04-08_14,-100.0,100,0,0,146.07266490434492,169.06162490434494,0.06385822222222223,0.012,0.0,True,True,False,False,-1085.75,0.0,176.29686181540563,0.0,1.606019206814803,0.0,-907.8471189777796
2025-04-08T12:00:00Z,2025-04-08T12:15:00Z,2025-04-08,2025-04-08_15,-1.571937278919472e-14,100,100,0,169.06162490434494,171.35485099130145,0.006382149758454117,0.002,2.495,True,True,False,False,-2.2187894691948348e-13,0.0,176.29686181540563,212.27950335516533,0.26766986780246715,-46.15253746936152,342.6914975690117
2025-04-08T12:15:00Z,2025-04-08T12:30:00Z,2025-04-08,2025-04-08_15,-1.571937278919472e-14,100,100,0,171.35485099130145,171.5273535999971,0.0013276038647343094,0.1405,0.3535,True,True,False,False,-2.2187894691948348e-13,0.0,176.29686181540563,212.27950335516533,20.046668943625185,-15.121368385100652,393.5016657290953
2025-04-08T12:30:00Z,2025-04-08T12:45:00Z,2025-04-08,2025-04-08_15,-1.571937278919472e-14,100,100,0,171.5273535999971,174.62629186086664,0.008644393719806773,0.006,3.3755,True,True,False,False,-2.2187894691948348e-13,0.0,176.29686181540563,212.27950335516533,0.8302129625909109,-62.45834662675292,326.9482315064087
2025-04-08T12:45:00Z,2025-04-08T13:00:00Z,2025-04-08,2025-04-08_15,-1.571937278919472e-14,100,100,0,174.62629186086664,176.2377196869536,0.00459092270531402,0.019,1.7739999999999998,True,True,False,False,-2.2187894691948348e-13,0.0,176.29686181540563,212.27950335516533,2.580269015952103,-53.47661590388556,337.68001828263726
2025-04-08T13:00:00Z,2025-04-08T13:15:00Z,2025-04-08,2025-04-08_16,0.0,100,100,0,176.2377196869536,186.4198196869536,0.028283611111111117,0.0,11.0675,True,True,False,False,0.0,0.0,176.29686181540563,212.27950335516533,0.0,-21.55954514405111,367.01682002651984
2025-04-08T13:15:00Z,2025-04-08T13:30:00Z,2025-04-08,2025-04-08_16,0.0,100,100,0,186.4198196869536,188.8058135999971,0.012518461352657006,0.9755,3.746,True,True,False,False,0.0,0.0,176.29686181540563,212.27950335516533,171.5717019930084,-52.958328042753244,507.1897391208261
2025-04-08T13:30:00Z,2025-04-08T13:45:00Z,2025-04-08,2025-04-08_16,0.0,100,100,0,188.8058135999971,183.77157446956232,0.013983997584541063,4.6315,0.0,True,True,False,False,0.0,0.0,176.29686181540563,212.27950335516533,1724.210658777675,0.0,2112.787023948246
2025-04-08T13:45:00Z,2025-04-08T14:00:00Z,2025-04-08,2025-04-08_16,0.0,100,100,0,183.77157446956232,184.02445794782318,0.0016716570048309178,0.1605,0.46449999999999997,True,True,False,False,0.0,0.0,176.29686181540563,212.27950335516533,25.42864437256399,-19.27814049503757,394.7268690480974
2025-04-08T14:00:00Z,2025-04-08T14:15:00Z,2025-04-08,2025-04-08_17,74.00000000000043,26,100,0,184.02445794782318,178.58334876521437,0.0337923899516908,0.0,14.055500000000002,True,True,False,False,2010.9500000000116,0.0,45.83718407200546,212.27950335516533,0.0,8263.628139691406,10532.694827118588
2025-04-08T14:15:00Z,2025-04-08T14:30:00Z,2025-04-08,2025-04-08_17,74.00000000000043,26,100,0,178.58334876521437,176.1173944347795,0.02931673314009653,0.0,16.9065,True,True,False,False,2010.9500000000116,0.0,45.83718407200546,212.27950335516533,0.0,8571.844134990155,10840.910822417338
2025-04-08T14:30:00Z,2025-04-08T14:45:00Z,2025-04-08,2025-04-08_17,74.00000000000043,26,100,0,176.1173944347795,170.4112241043446,0.03419113314009661,0.0,13.8015,True,True,False,False,2010.9500000000116,0.0,45.83718407200546,212.27950335516533,0.0,6239.875706493349,8508.942393920532
2025-04-08T14:45:00Z,2025-04-08T15:00:00Z,2025-04-08,2025-04-08_17,74.00000000000043,26,100,0,170.4112241043446,152.54980869564884,0.05247680502415486,0.0,2.1535,True,True,False,False,2010.9500000000116,0.0,45.83718407200546,212.27950335516533,0.0,-64.34497398240046,2204.721713444782
2025-04-08T15:00:00Z,2025-04-08T15:15:00Z,2025-04-08,2025-04-08_18,0.0,100,100,0,152.54980869564884,174.05848869564883,0.05974633333333334,0.0,23.379,True,True,False,False,0.0,0.0,176.29686181540563,212.27950335516533,0.0,29320.546406155823,29709.122771326394
2025-04-08T15:15:00Z,2025-04-08T15:30:00Z,2025-04-08,2025-04-08_18,0.0,100,100,0,174.05848869564883,189.87027999999665,0.04396391304347826,0.007000000000000001,17.195,True,True,False,False,0.0,0.0,176.29686181540563,212.27950335516533,1.010969381604854,19679.80082975047,20069.388164302647
2025-04-08T15:30:00Z,2025-04-08T15:45:00Z,2025-04-08,2025-04-08_18,0.0,100,100,0,189.87027999999665,188.6081521739097,0.0042265772946859905,1.2805,0.141,True,True,False,False,0.0,0.0,176.29686181540563,212.27950335516533,242.73468156065414,-7.763498412825973,623.5475483183991
2025-04-08T15:45:00Z,2025-04-08T16:00:00Z,2025-04-08,2025-04-08_18,0.0,100,100,0,188.6081521739097,184.08749999999665,0.012557367149758454,4.159,0.0,True,True,False,False,0.0,0.0,176.29686181540563,212.27950335516533,797.9766864226302,0.0,1186.5530515932012
2025-04-08T16:00:00Z,2025-04-08T16:15:00Z,2025-04-08,2025-04-08_19,23.000000000000924,77,100,0,184.08749999999665,180.421274434779,0.02114448212560442,0.07853999999999998,2.785,True,True,False,False,1136.5450000000455,0.0,151.9920038574356,212.27950335516533,14.1085763089163,-120.32784586330212,1394.5972376582606
2025-04-08T16:15:00Z,2025-04-08T16:30:00Z,2025-04-08,2025-04-08_19,23.000000000000924,77,100,0,180.421274434779,175.50105443477875,0.019127861111111734,0.0,1.3875,True,True,False,False,1136.5450000000455,0.0,151.9920038574356,212.27950335516533,0.0,-73.78693444368545,1427.029572768961
2025-04-08T16:30:00Z,2025-04-08T16:45:00Z,2025-04-08,2025-04-08_19,23.000000000000924,77,100,0,175.50105443477875,168.9755448869524,0.018311386521739824,0.29491,0.047,True,True,False,False,1136.5450000000455,0.0,151.9920038574356,212.27950335516533,52.25738366215293,-3.7770723670992883,1549.2968185077002
2025-04-08T16:45:00Z,2025-04-08T17:00:00Z,2025-04-08,2025-04-08_19,23.000000000000924,77,100,0,168.9755448869524,152.1853329304304,0.04663947765700553,9.696995000000001,0.0,True,True,False,False,1136.5450000000455,0.0,151.9920038574356,212.27950335516533,2749.838595177201,0.0,4250.655102389847
2025-04-08T17:00:00Z,2025-04-08T17:15:00Z,2025-04-08,2025-04-08_20,100.0,0,100,0,152.1853329304304,125.01141988695215,0.0754830917874396,0.0,0.0,True,True,False,False,6567.5,0.0,0.0,212.27950335516533,0.0,0.0,6779.779503355166
2025-04-08T17:15:00Z,2025-04-08T17:30:00Z,2025-04-08,2025-04-08_20,100.0,0,100,0,125.01141988695215,97.83750684347389,0.07548309178743962,0.0,0.0,True,True,False,False,6567.5,0.0,0.0,212.27950335516533,0.0,0.0,6779.779503355166
2025-04-08T17:30:00Z,2025-04-08T17:45:00Z,2025-04-08,2025-04-08_20,100.0,0,100,0,97.83750684347389,70.66359379999562,0.07548309178743962,0.0,0.0,True,True,False,False,6567.5,0.0,0.0,212.27950335516533,0.0,0.0,6779.779503355166
2025-04-08T17:45:00Z,2025-04-08T18:00:00Z,2025-04-08,2025-04-08_20,100.0,0,100,0,70.66359379999562,43.48968075651736,0.07548309178743962,0.0,0.0,True,True,False,False,6567.5,0.0,0.0,212.27950335516533,0.0,0.0,6779.779503355166
2025-04-08T18:00:00Z,2025-04-08T18:15:00Z,2025-04-08,2025-04-08_21,0.0,100,100,0,43.48968075651736,24.218485104343443,0.053531099033816434,17.7295,0.0,True,True,False,False,0.0,0.0,197.090850644915,212.27950335516533,15594.547477498292,0.0,16003.917831498373
2025-04-08T18:15:00Z,2025-04-08T18:30:00Z,2025-04-08,2025-04-08_21,0.0,100,100,0,24.218485104343443,18.490938147821705,0.01597118599033816,5.2795,0.012,True,True,False,False,0.0,0.0,197.090850644915,212.27950335516533,1426.1767259010728,-0.9643589022381162,1834.582720998915
2025-04-08T18:30:00Z,2025-04-08T18:45:00Z,2025-04-08,2025-04-08_21,0.0,100,100,0,18.490938147821705,20.250315539126053,0.0049415072463768125,0.009,1.923,True,True,False,False,0.0,0.0,197.090850644915,212.27950335516533,1.2657210591875274,-103.08414312693374,307.5519319323341
2025-04-08T18:45:00Z,2025-04-08T19:00:00Z,2025-04-08,2025-04-08_21,0.0,100,100,0,20.250315539126053,37.57897553912605,0.048135166666666666,0.0,18.8355,True,True,False,False,0.0,0.0,197.090850644915,212.27950335516533,0.0,15866.677961385461,16276.048315385542
2025-04-08T19:00:00Z,2025-04-08T19:15:00Z,2025-04-08,2025-04-08_22,90.4730049156322,9,100,0,37.57897553912605,14.553357267813979,0.06481681342158183,0.29907,1.7595,True,True,False,False,3467.3779133916046,0.0,15.866717563386505,212.27950335516533,67.52898935187046,-50.91605707799252,3712.1370665840345
2025-04-08T19:15:00Z,2025-04-08T19:30:00Z,2025-04-08,2025-04-08_22,90.4730049156322,9,100,0,14.553357267813979,10.039789493147296,0.02166285586577236,0.0,18.74,True,True,False,False,3467.3779133916046,0.0,15.866717563386505,212.27950335516533,0.0,13568.86465624623,17264.388790556386
2025-04-08T19:30:00Z,2025-04-08T19:45:00Z,2025-04-08,2025-04-08_22,90.4730049156322,9,100,0,10.039789493147296,9.999999999995905,0.0112696227387861,0.0,22.917,True,True,False,False,3467.3779133916046,0.0,15.866717563386505,212.27950335516533,0.0,20714.345441395104,24409.86957570526
2025-04-08T19:45:00Z,2025-04-08T20:00:00Z,2025-04-08,2025-04-08_22,90.4730049156322,9,100,0,9.999999999995905,12.043939414358999,0.0064288195191184545,0.0,24.8625,True,True,False,False,3467.3779133916046,0.0,15.866717563386505,212.27950335516533,0.0,34970.53933780689,38666.06347211705
2025-04-08T20:00:00Z,2025-04-08T20:15:00Z,2025-04-08,2025-04-08_23,23.722262850478327,76,100,0,12.043939414358999,10.031531234347469,0.023603688374444008,0.0,4.6205,True,True,False,False,761.069497900471,0.0,133.9856149797083,212.27950335516533,0.0,2760.475366858199,3867.8099830935435
2025-04-08T20:15:00Z,2025-04-08T20:30:00Z,2025-04-08,2025-04-08_23,23.722262850478327,76,100,0,10.031531234347469,11.228045066671802,0.027727067939386642,0.0,7.964500000000001,True,True,False,False,761.069497900471,0.0,133.9856149797083,212.27950335516533,0.0,6557.074569855749,7664.409186091094
2025-04-08T20:30:00Z,2025-04-08T20:45:00Z,2025-04-08,2025-04-08_23,23.722262850478327,76,100,0,11.228045066671802,10.737091985511505,0.025558717770441778,0.0,6.206,True,True,False,False,761.069497900471,0.0,133.9856149797083,212.27950335516533,0.0,113.55805480773094,1220.8926710430756
2025-04-08T20:45:00Z,2025-04-08T21:00:00Z,2025-04-08,2025-04-08_23,23.722262850478327,76,100,0,10.737091985511505,9.999999999995897,0.025242435815176288,0.0,5.9495,True,True,False,False,761.069497900471,0.0,133.9856149797083,212.27950335516533,0.0,-119.12028800176796,988.2143282335767
2025-04-08T21:00:00Z,2025-04-08T21:15:00Z,2025-04-09,2025-04-08_24,-87.29450513232982,0,0,0,9.999999999995897,30.077736180431756,0.05577148939009961,0.0,0.0,True,False,False,False,-2458.8679733149,0.0,0.0,0.0,0.0,0.0,-2458.8679733149
2025-04-08T21:15:00Z,2025-04-08T21:30:00Z,2025-04-09,2025-04-08_24,-87.29450513232982,0,0,0,30.077736180431756,50.15547236086762,0.05577148939009961,0.0,0.0,True,False,False,False,-2458.8679733149,0.0,0.0,0.0,0.0,0.0,-2458.8679733149
2025-04-08T21:30:00Z,2025-04-08T21:45:00Z,2025-04-09,2025-04-08_24,-87.29450513232982,0,0,0,50.15547236086762,70.23320854130348,0.05577148939009961,0.0,0.0,True,False,False,False,-2458.8679733149,0.0,0.0,0.0,0.0,0.0,-2458.8679733149
2025-04-08T21:45:00Z,2025-04-08T22:00:00Z,2025-04-09,2025-04-08_24,-87.29450513232982,0,0,0,70.23320854130348,90.31094472173935,0.05577148939009961,0.0,0.0,True,False,False,False,-2458.8679733149,0.0,0.0,0.0,0.0,0.0,-2458.8679733149
2025-04-08T22:00:00Z,2025-04-08T22:15:00Z,2025-04-09,2025-04-09_1,0.0,100,100,0,90.31094472173935,94.17131080869586,0.010804760869565217,0.0135,4.212,True,True,False,False,0.0,0.0,176.30394599373142,212.28803343245198,1.8283370167965927,2391.4668359720326,2781.8871524150127
2025-04-08T22:15:00Z,2025-04-08T22:30:00Z,2025-04-09,2025-04-09_1,0.0,100,100,0,94.17131080869586,99.17657080869587,0.013903500000000003,0.0,5.4405,True,True,False,False,0.0,0.0,176.30394599373142,212.28803343245198,0.0,-38.014198444908786,350.5777809812746
2025-04-08T22:30:00Z,2025-04-08T22:45:00Z,2025-04-09,2025-04-09_1,0.0,100,100,0,99.17657080869587,109.12499080869587,0.027634500000000003,0.0,10.8135,True,True,False,False,0.0,0.0,176.30394599373142,212.28803343245198,0.0,19.28840573012939,407.8803851563128
2025-04-08T22:45:00Z,2025-04-08T23:00:00Z,2025-04-09,2025-04-09_1,0.0,100,100,0,109.12499080869587,117.67225080869586,0.02374238888888889,0.0,9.2905,True,True,False,False,0.0,0.0,176.30394599373142,212.28803343245198,0.0,-116.9562923933135,271.6356870328699
2025-04-08T23:00:00Z,2025-04-08T23:15:00Z,2025-04-09,2025-04-09_2,0.0,100,100,0,117.67225080869586,119.88719341739152,0.00616771497584541,0.0025,2.4105,True,True,False,False,0.0,0.0,176.30394599373142,212.28803343245198,0.25114522221329266,-83.96407106405208,304.8790535843446
2025-04-08T23:15:00Z,2025-04-08T23:30:00Z,2025-04-09,2025-04-09_2,0.0,100,100,0,119.88719341739152,126.33271341739152,0.01790422222222222,0.0,7.005999999999999,True,True,False,False,0.0,0.0,176.30394599373142,212.28803343245198,0.0,-113.54838101743952,275.0435984087439
2025-04-08T23:30:00Z,2025-04-08T23:45:00Z,2025-04-09,2025-04-09_2,0.0,100,100,0,126.33271341739152,132.58252559130457,0.01738474396135266,0.004,6.798,True,True,False,False,0.0,0.0,176.30394599373142,212.28803343245198,0.48219882664952185,-43.51391987462831,345.5602583782046
2025-04-08T23:45:00Z,2025-04-09T00:00:00Z,2025-04-09,2025-04-09_2,0.0,100,100,0,132.58252559130457,135.39174906956544,0.007869823671497585,0.011,3.0665,True,True,False,False,0.0,0.0,176.30394599373142,212.28803343245198,1.1050389777384875,-87.62493560636503,302.07208279755685
2025-04-09T00:00:00Z,2025-04-09T00:15:00Z,2025-04-09,2025-04-09_3,0.0,100,100,0,135.39174906956544,134.05132385217414,0.0037464033816425116,1.237,0.0045,True,True,False,False,0.0,0.0,176.30394599373142,212.28803343245198,204.29637065016476,-0.17178333199389215,592.7165667443543
2025-04-09T00:15:00Z,2025-04-09T00:30:00Z,2025-04-09,2025-04-09_3,0.0,100,100,0,134.05132385217414,133.4266612434785,0.0017913961352657001,0.584,0.011,True,True,False,False,0.0,0.0,176.30394599373142,212.28803343245198,84.75169171421682,-0.8619304026360202,472.4817407377642
2025-04-09T00:30:00Z,2025-04-09T00:45:00Z,2025-04-09,2025-04-09_3,0.0,100,100,0,133.4266612434785,127.95437863478284,0.01520078502415459,5.0345,0.0,True,True,False,False,0.0,0.0,176.30394599373142,212.28803343245198,923.4208851362212,0.0,1312.0128645624045
2025-04-09T00:45:00Z,2025-04-09T01:00:00Z,2025-04-09,2025-04-09_3,0.0,100,100,0,127.95437863478284,125.30551689565242,0.007539393719806763,2.467,0.0355,True,True,False,False,0.0,0.0,176.30394599373142,212.28803343245198,426.54733344048867,-2.0382971349353047,813.1010157317368
2025-04-09T01:00:00Z,2025-04-09T01:15:00Z,2025-04-09,2025-04-09_4,-100.0,100,0,0,125.30551689565242,148.1523368956524,0.06346338888888889,0.1665,0.0,True,True,False,False,-2686.75,0.0,176.30394599373142,0.0,24.362684641967373,0.0,-2486.0833693643012
2025-04-09T01:15:00Z,2025-04-09T01:30:00Z,2025-04-09,2025-04-09_4,-100.0,100,0,0,148.1523368956524,165.98929689565242,0.049547111111111104,5.612,0.0,True,True,False,False,-2686.75,0.0,176.30394599373142,0.0,1048.4930314232902,0.0,-1461.9530225829785
2025-04-09T01:30:00Z,2025-04-09T01:45:00Z,2025-04-09,2025-04-09_4,-100.0,100,0,0,165.98929689565242,179.17197689565242,0.03661855555555556,10.671,0.0,True,True,False,False,-2686.75,0.0,176.30394599373142,0.0,2101.2856722655306,0.0,-409.160381740738
2025-04-09T01:45:00Z,2025-04-09T02:00:00Z,2025-04-09,2025-04-09_4,-100.0,100,0,0,179.17197689565242,186.07059689565241,0.019162833333333334,17.5015,0.0,True,True,False,False,-2686.75,0.0,176.30394599373142,0.0,18584.11609398859,0.0,16073.67003998232
2025-04-09T02:00:00Z,2025-04-09T02:15:00Z,2025-04-09,2025-04-09_5,0.0,100,100,0,186.07059689565241,184.41952298260892,0.010425760869565218,2.486,1.1425,True,True,False,False,0.0,0.0,176.30394599373142,212.28803343245198,577.2997271558306,-54.602051856465486,911.2896547255485
2025-04-09T02:15:00Z,2025-04-09T02:30:00Z,2025-04-09,2025-04-09_5,0.0,100,100,0,184.41952298260892,184.80907863478285,0.0014504565217391306,0.061,0.4955,True,True,False,False,0.0,0.0,176.30394599373142,212.28803343245198,8.317531142007555,-30.91479175038174,365.9947188178092
2025-04-09T02:30:00Z,2025-04-09T02:45:00Z,2025-04-09,2025-04-09_5,0.0,100,100,0,184.80907863478285,184.4520108086959,0.001740632850241546,0.4525,0.1465,True,True,False,False,0.0,0.0,176.30394599373142,212.28803343245198,68.9054257413807,-11.220854496504058,446.27655067106
2025-04-09T02:45:00Z,2025-04-09T03:00:00Z,2025-04-09,2025-04-09_5,0.0,100,100,0,184.4520108086959,180.28273863478285,0.011588978260869565,3.837,0.0015,True,True,False,False,0.0,0.0,176.30394599373142,212.28803343245198,840.3756202282409,-0.12054970666238045,1228.847049947762
2025-04-09T03:00:00Z,2025-04-09T03:15:00Z,2025-04-09,2025-04-09_6,0.0,100,100,0,180.28273863478285,177.69020037391329,0.008387272946859902,2.5815,0.232,True,True,False,False,0.0,0.0,176.30394599373142,212.28803343245198,525.8465500683116,-15.308821023868843,899.1297084706262
2025-04-09T03:15:00Z,2025-04-09T03:30:00Z,2025-04-09,2025-04-09_6,0.0,100,100,0,177.69020037391329,172.8684612434785,0.013393719806763283,4.436,0.0,True,True,False,False,0.0,0.0,176.30394599373142,212.28803343245198,884.9967949851322,0.0,1273.5887744113156
2025-04-09T03:30:00Z,2025-04-09T03:45:00Z,2025-04-09,2025-04-09_6,0.0,100,100,0,172.8684612434785,150.98476559130458,0.06078804347826087,20.133,0.0,True,True,False,False,0.0,0.0,176.30394599373142,212.28803343245198,19830.52363959656,0.0,20219.11561902274
2025-04-09T03:45:00Z,2025-04-09T04:00:00Z,2025-04-09,2025-04-09_6,0.0,100,100,0,150.98476559130458,124.1825916782611,0.07445048309178744,24.658,0.0,True,True,False,False,0.0,0.0,176.30394599373142,212.28803343245198,33550.49065619224,0.0,33939.082635618426
2025-04-09T04:00:00Z,2025-04-09T04:15:00Z,2025-04-09,2025-04-09_7,0.0,100,100,0,124.1825916782611,115.03476559130458,0.025410628019323672,8.416,0.0,True,True,False,False,0.0,0.0,197.400144659648,212.28803343245198,6158.727413003296,0.0,6568.415591095396
2025-04-09T04:15:00Z,2025-04-09T04:30:00Z,2025-04-09,2025-04-09_7,0.0,100,100,0,115.03476559130458,102.40596124347849,0.03508001207729468,11.6185,0.0,True,True,False,False,0.0,0.0,197.400144659648,212.28803343245198,4763.475285803263,0.0,5173.163463895364
2025-04-09T04:30:00Z,2025-04-09T04:45:00Z,2025-04-09,2025-04-09_7,0.0,100,100,0,102.40596124347849,102.14988472173935,0.0012301014492753623,0.3215,0.1015,True,True,False,False,0.0,0.0,197.400144659648,212.28803343245198,56.387102889174635,-8.147143072410191,457.9281379088644
2025-04-09T04:45:00Z,2025-04-09T05:00:00Z,2025-04-09,2025-04-09_7,0.0,100,100,0,102.14988472173935,103.24652472173935,0.0030462222222222223,0.0,1.192,True,True,False,False,0.0,0.0,197.400144659648,212.28803343245198,0.0,-73.87085429558788,335.8173237965121
2025-04-09T05:00:00Z,2025-04-09T05:15:00Z,2025-04-09,2025-04-09_8,100.0,0,100,0,103.24652472173935,76.21228559130456,0.07509510869565217,0.0,0.1285,True,True,False,False,4437.5,0.0,0.0,213.97572932572533,0.0,-10.11724503737041,4641.358484288355
2025-04-09T05:15:00Z,2025-04-09T05:30:00Z,2025-04-09,2025-04-09_8,100.0,0,100,0,76.21228559130456,49.855763852174135,0.07321256038647343,0.0,0.752,True,True,False,False,4437.5,0.0,0.0,213.97572932572533,0.0,23.920405047014384,4675.39613437274
2025-04-09T05:30:00Z,2025-04-09T05:45:00Z,2025-04-09,2025-04-09_8,100.0,0,100,0,49.855763852174135,40.40032906956544,0.02626509661835749,0.0,16.301,True,True,False,False,4437.5,0.0,0.0,213.97572932572533,0.0,13458.756303745076,18110.232033070803
2025-04-09T05:45:00Z,2025-04-09T06:00:00Z,2025-04-09,2025-04-09_8,100.0,0,100,0,40.40032906956544,40.35848124347848,0.00011624396135265593,0.0,24.9615,True,True,False,False,4437.5,0.0,0.0,213.97572932572533,0.0,22563.246102226152,27214.721831551877
2025-04-09T06:00:00Z,2025-04-09T06:15:00Z,2025-04-09,2025-04-09_9,50.999999999999886,49,100,0,40.35848124347848,29.51186702608721,0.03819379504830911,0.206535,3.2199999999999998,True,True,False,False,1677.8999999999962,0.0,94.02364783412361,213.97572932572533,36.86420690850277,1320.8404805914972,3343.6040646598453
2025-04-09T06:15:00Z,2025-04-09T06:30:00Z,2025-04-09,2025-04-09_9,50.999999999999886,49,100,0,29.51186702608721,18.425871652174198,0.03770294159420283,0.0,2.7585,True,True,False,False,1677.8999999999962,0.0,94.02364783412361,213.97572932572533,0.0,1682.6689274089854,3668.5683045688306
2025-04-09T06:30:00Z,2025-04-09T06:45:00Z,2025-04-09,2025-04-09_9,50.999999999999886,49,100,0,18.425871652174198,10.000000000000316,0.0369417212560386,0.0,5.405,True,True,False,False,1677.8999999999962,0.0,94.02364783412361,213.97572932572533,0.0,650.5807763401109,2636.480153499956
2025-04-09T06:45:00Z,2025-04-09T07:00:00Z,2025-04-09,2025-04-09_9,50.999999999999886,49,100,0,10.000000000000316,11.042620869565564,0.03423221980676329,0.0,14.825,True,True,False,False,1677.8999999999962,0.0,94.02364783412361,213.97572932572533,0.0,12558.894559189905,14544.79393634975
2025-04-09T07:00:00Z,2025-04-09T07:15:00Z,2025-04-09,2025-04-09_10,-0.14738903591682959,0,0,0,11.042620869565564,11.076520347826435,9.41652173913078e-05,0.0,0.0,True,False,False,False,-3.72562635538766,0.0,0.0,0.0,0.0,0.0,-3.72562635538766
2025-04-09T07:15:00Z,2025-04-09T07:30:00Z,2025-04-09,2025-04-09_10,-0.14738903591682959,0,0,0,11.076520347826435,11.110419826087305,9.41652173913078e-05,0.0,0.0,True,False,False,False,-3.72562635538766,0.0,0.0,0.0,0.0,0.0,-3.72562635538766
2025-04-09T07:30:00Z,2025-04-09T07:45:00Z,2025-04-09,2025-04-09_10,-0.14738903591682959,0,0,0,11.110419826087305,11.144319304348176,9.41652173913078e-05,0.0,0.0,True,False,False,False,-3.72562635538766,0.0,0.0,0.0,0.0,0.0,-3.72562635538766
2025-04-09T07:45:00Z,2025-04-09T08:00:00Z,2025-04-09,2025-04-09_10,-0.14738903591682959,0,0,0,11.144319304348176,11.178218782609047,9.41652173913078e-05,0.0,0.0,True,False,False,False,-3.72562635538766,0.0,0.0,0.0,0.0,0.0,-3.72562635538766
2025-04-09T08:00:00Z,2025-04-09T08:15:00Z,2025-04-09,2025-04-09_11,30.0,70,100,0,11.178218782609047,10.000000000000352,0.02899347439613526,0.0,7.188999999999999,True,True,False,False,641.025,0.0,123.5604355862734,214.39765329904364,0.0,3847.591162902837,4826.574251788154
2025-04-09T08:15:00Z,2025-04-09T08:30:00Z,2025-04-09,2025-04-09_11,30.0,70,100,0,10.000000000000352,15.198647826087306,0.03479847826086956,0.0,13.7625,True,True,False,False,641.025,0.0,123.5604355862734,214.39765329904364,0.0,5416.043681688499,6395.026770573816
2025-04-09T08:30:00Z,2025-04-09T08:45:00Z,2025-04-09,2025-04-09_11,30.0,70,100,0,15.198647826087306,13.55090695652209,0.028566057971014493,0.0,6.705,True,True,False,False,641.025,0.0,123.5604355862734,214.39765329904364,0.0,489.88450032146585,1468.867589206783
2025-04-09T08:45:00Z,2025-04-09T09:00:00Z,2025-04-09,2025-04-09_11,30.0,70,100,0,13.55090695652209,10.152368347826437,0.026975073913043476,0.0007000000000000001,4.901,True,True,False,False,641.025,0.0,123.5604355862734,214.39765329904364,0.12312304106726676,-129.2327095555734,849.8735023708109
2025-04-09T09:00:00Z,2025-04-09T09:15:00Z,2025-04-09,2025-04-09_12,2.7154148625782284,97,100,0,10.152368347826437,12.017840571206124,0.008825167280920192,0.00097,2.817,True,True,False,False,43.70460221319658,0.0,171.51179377963513,213.97572932572533,0.13642208470626058,-101.58394498915052,327.74460241411276
2025-04-09T09:15:00Z,2025-04-09T09:30:00Z,2025-04-09,2025-04-09_12,2.7154148625782284,97,100,0,12.017840571206124,11.283315490323814,0.0026991802762426228,0.10961,0.1325,True,True,False,False,43.70460221319658,0.0,171.51179377963513,213.97572932572533,16.054544018725387,-7.42888622116853,437.8177831161139
2025-04-09T09:30:00Z,2025-04-09T09:45:00Z,2025-04-09,2025-04-09_12,2.7154148625782284,97,100,0,11.283315490323814,10.517232798648353,0.0028042434375648473,0.14162,0.136,True,True,False,False,43.70460221319658,0.0,171.51179377963513,213.97572932572533,20.84803350880013,-6.758821827533554,443.2813369998236
2025-04-09T09:45:00Z,2025-04-09T10:00:00Z,2025-04-09,2025-04-09_12,2.7154148625782284,97,100,0,10.517232798648353,10.00000000000046,0.0030005534331142367,0.064505,0.3145,True,True,False,False,43.70460221319658,0.0,171.51179377963513,213.97572932572533,9.397924378164431,-14.65781553885719,423.9322341578643
2025-04-09T10:00:00Z,2025-04-09T10:15:00Z,2025-04-09,2025-04-09_13,-100.0,100,0,0,10.00000000000046,32.54092000000046,0.06261366666666666,0.49899999999999994,0.0,True,True,False,False,-379.0,0.0,176.51490798039057,0.0,52.67912882745319,0.0,-149.80596319215624
2025-04-09T10:15:00Z,2025-04-09T10:30:00Z,2025-04-09,2025-04-09_13,-100.0,100,0,0,32.54092000000046,55.32656000000047,0.06329344444444446,0.233,0.0,True,True,False,False,-379.0,0.0,176.51490798039057,0.0,24.597669372337865,0.0,-177.88742264727156
2025-04-09T10:30:00Z,2025-04-09T10:45:00Z,2025-04-09,2025-04-09_13,-100.0,100,0,0,55.32656000000047,78.05102000000048,0.0631235,0.2995,0.0,True,True,False,False,-379.0,0.0,176.51490798039057,0.0,31.618034236116696,0.0,-170.86705778349273
2025-04-09T10:45:00Z,2025-04-09T11:00:00Z,2025-04-09,2025-04-09_13,-100.0,100,0,0,78.05102000000048,99.00172000000047,0.058196388888888895,2.2275,0.0,True,True,False,False,-379.0,0.0,176.51490798039057,0.0,257.56643544563207,0.0,55.08134342602264
2025-04-09T11:00:00Z,2025-04-09T11:15:00Z,2025-04-09,2025-04-09_14,-71.0,100,29,0,99.00172000000047,115.46048677391352,0.04592281229468599,0.1165,0.262595,True,True,False,False,-317.015,0.0,176.51490798039057,62.052961504460335,12.59834726352166,-10.181649981917545,-76.03043323354495
2025-04-09T11:15:00Z,2025-04-09T11:30:00Z,2025-04-09,2025-04-09_14,-71.0,100,29,0,115.46048677391352,131.8085987565222,0.04545345115942029,0.024,0.04495,True,True,False,False,-317.015,0.0,176.51490798039057,62.052961504460335,2.5741412842562084,-2.7530565478582334,-78.6260457787511
2025-04-09T11:30:00Z,2025-04-09T11:45:00Z,2025-04-09,2025-04-09_14,-71.0,100,29,0,131.8085987565222,148.8102419739135,0.04728545217391304,0.0335,0.7653099999999999,True,True,False,False,-317.015,0.0,176.51490798039057,62.052961504460335,3.610780659808728,-5.608049971871735,-80.44439982721208
2025-04-09T11:45:00Z,2025-04-09T12:00:00Z,2025-04-09,2025-04-09_14,-71.0,100,29,0,148.8102419739135,167.8702729739135,0.052944530555555556,0.0,2.967425,True,True,False,False,-317.015,0.0,176.51490798039057,62.052961504460335,0.0,-10.805595656192237,-89.25272617134131
2025-04-09T12:00:00Z,2025-04-09T12:15:00Z,2025-04-09,2025-04-09_15,39.64302266563294,60,100,0,167.8702729739135,180.42595676800772,0.03809669806845475,0.0,23.655,True,True,False,False,594.6453399844941,0.0,105.90894478823435,213.97572932572533,0.0,25955.355122357952,26869.885136456407
2025-04-09T12:15:00Z,2025-04-09T12:30:00Z,2025-04-09,2025-04-09_15,39.64302266563294,60,100,0,180.42595676800772,186.53740414759022,0.035838996168759074,0.0,17.1205,True,True,False,False,594.6453399844941,0.0,105.90894478823435,213.97572932572533,0.0,4487.901798601623,5402.431812700077
2025-04-09T12:30:00Z,2025-04-09T12:45:00Z,2025-04-09,2025-04-09_15,39.64302266563294,60,100,0,186.53740414759022,177.6338937268983,0.0319352433191269,0.399,2.335,True,True,False,False,594.6453399844941,0.0,105.90894478823435,213.97572932572533,59.78041629832035,-67.79156352969541,906.5188668670787
2025-04-09T12:45:00Z,2025-04-09T13:00:00Z,2025-04-09,2025-04-09_15,39.64302266563294,60,100,0,177.6338937268983,163.5160071329763,0.03921635164978332,3.0777,0.0,True,True,False,False,594.6453399844941,0.0,105.90894478823435,213.97572932572533,511.1546956119907,0.0,1425.6847097104444
2025-04-09T13:00:00Z,2025-04-09T13:15:00Z,2025-04-09,2025-04-09_16,8.49824270886857,91,100,0,163.5160071329763,179.5237459268509,0.04740660165130291,0.03185,19.6445,True,True,False,False,169.96485417737142,0.0,160.62856626215543,213.97572932572533,5.227701528972113,20642.90333430443,21192.700185598653
2025-04-09T13:15:00Z,2025-04-09T13:30:00Z,2025-04-09,2025-04-09_16,8.49824270886857,91,100,0,179.5237459268509,185.88604439148838,0.025738940769925493,0.0,9.2825,True,True,False,False,169.96485417737142,0.0,160.62856626215543,213.97572932572533,0.0,-80.09634483243592,464.47280493281625
2025-04-09T13:30:00Z,2025-04-09T13:45:00Z,2025-04-09,2025-04-09_16,8.49824270886857,91,100,0,185.88604439148838,188.14112874344107,0.016591185736310222,0.0009100000000000001,4.887,True,True,False,False,169.96485417737142,0.0,160.62856626215543,213.97572932572533,0.12798360523989394,-72.74336614964237,471.9537672208497
2025-04-09T13:45:00Z,2025-04-09T14:00:00Z,2025-04-09,2025-04-09_16,8.49824270886857,91,100,0,188.14112874344107,184.71050695652244,0.009541196854872286,1.0337599999999998,0.0025,True,True,False,False,169.96485417737142,0.0,160.62856626215543,213.97572932572533,154.45564931286665,-0.19589327332636824,698.8289058047925
2025-04-09T14:00:00Z,2025-04-09T14:15:00Z,2025-04-09,2025-04-09_17,0.0,100,100,0,184.71050695652244,189.54837826087024,0.013619690821256037,0.03,5.294,True,True,False,False,0.0,0.0,176.51490798039057,213.97572932572533,4.3385839427790724,-54.94072611106646,339.8884951378285
2025-04-09T14:15:00Z,2025-04-09T14:30:00Z,2025-04-09,2025-04-09_17,0.0,100,100,0,189.54837826087024,189.6865060869572,0.0004289782608695653,0.0075,0.159,True,True,False,False,0.0,0.0,176.51490798039057,213.97572932572533,1.054809933295829,-10.650559350638915,380.8948878887728
2025-04-09T14:30:00Z,2025-04-09T14:45:00Z,2025-04-09,2025-04-09_17,0.0,100,100,0,189.6865060869572,189.86108000000067,0.0009589613526570047,0.0785,0.2825,True,True,False,False,0.0,0.0,176.51490798039057,213.97572932572533,11.517728441694125,-13.094713895362853,388.9136518524472
2025-04-09T14:45:00Z,2025-04-09T15:00:00Z,2025-04-09,2025-04-09_17,0.0,100,100,0,189.86108000000067,188.8423913043485,0.003601468599033816,1.065,0.151,True,True,False,False,0.0,0.0,176.51490798039057,213.97572932572533,178.66181688499557,-5.764285140239492,563.388169050872
2025-04-09T15:00:00Z,2025-04-09T15:15:00Z,2025-04-09,2025-04-09_18,6.316407999999865,0,0,0,188.8423913043485,187.12597608695722,0.004767820048309077,0.0,0.0,True,False,False,False,218.9582833199953,0.0,0.0,0.0,0.0,0.0,218.9582833199953
2025-04-09T15:15:00Z,2025-04-09T15:30:00Z,2025-04-09,2025-04-09_18,6.316407999999865,0,0,0,187.12597608695722,185.40956086956595,0.004767820048309077,0.0,0.0,True,False,False,False,218.9582833199953,0.0,0.0,0.0,0.0,0.0,218.9582833199953
2025-04-09T15:30:00Z,2025-04-09T15:45:00Z,2025-04-09,2025-04-09_18,6.316407999999865,0,0,0,185.40956086956595,183.69314565217468,0.004767820048309077,0.0,0.0,True,False,False,False,218.9582833199953,0.0,0.0,0.0,0.0,0.0,218.9582833199953
2025-04-09T15:45:00Z,2025-04-09T16:00:00Z,2025-04-09,2025-04-09_18,6.316407999999865,0,0,0,183.69314565217468,181.9767304347834,0.004767820048309077,0.0,0.0,True,False,False,False,218.9582833199953,0.0,0.0,0.0,0.0,0.0,218.9582833199953
2025-04-09T16:00:00Z,2025-04-09T16:15:00Z,2025-04-09,2025-04-09_19,0.0,100,100,0,181.9767304347834,188.6936000000008,0.019292028985507248,0.105,7.425,True,True,False,False,0.0,0.0,200.59471188620108,213.97572932572533,18.98657879932492,3719.418980551314,4152.976000562565
2025-04-09T16:15:00Z,2025-04-09T16:30:00Z,2025-04-09,2025-04-09_19,0.0,100,100,0,188.6936000000008,189.8625000000008,0.004010833333333333,0.1265,1.42,True,True,False,False,0.0,0.0,200.59471188620108,213.97572932572533,22.59302911275416,-71.80312223740256,365.360348087278
2025-04-09T16:30:00Z,2025-04-09T16:45:00Z,2025-04-09,2025-04-09_19,0.0,100,100,0,189.8625000000008,184.25317739130517,0.015584007246376808,5.161,0.0005,True,True,False,False,0.0,0.0,200.59471188620108,213.97572932572533,1494.2511444185484,-0.03917865466527365,1908.7824069758096
2025-04-09T16:45:00Z,2025-04-09T17:00:00Z,2025-04-09,2025-04-09_19,0.0,100,100,0,184.25317739130517,170.00317739130517,0.03958333333333333,13.11,0.0,True,True,False,False,0.0,0.0,200.59471188620108,213.97572932572533,3894.5434380776337,0.0,4309.11387928956
2025-04-09T17:00:00Z,2025-04-09T17:15:00Z,2025-04-09,2025-04-09_20,78.0,22,100,0,170.00317739130517,149.3814555304356,0.058363151835748785,0.40051,0.9610000000000001,True,True,False,False,6006.0,0.0,44.05127380856706,213.97572932572533,107.91962917704734,-43.549680945109706,6328.39695136623
2025-04-09T17:15:00Z,2025-04-09T17:30:00Z,2025-04-09,2025-04-09_20,78.0,22,100,0,149.3814555304356,125.27905335652255,0.06695111714975846,2.67421,0.0,True,True,False,False,6006.0,0.0,44.05127380856706,213.97572932572533,1065.471630314233,0.0,7329.498633448526
2025-04-09T17:30:00Z,2025-04-09T17:45:00Z,2025-04-09,2025-04-09_20,78.0,22,100,0,125.27905335652255,101.6002707478269,0.0657743961352657,2.28448,0.0,True,True,False,False,6006.0,0.0,44.05127380856706,213.97572932572533,882.595895330708,0.0,7146.622898465001
2025-04-09T17:45:00Z,2025-04-09T18:00:00Z,2025-04-09,2025-04-09_20,78.0,22,100,0,101.6002707478269,77.85297726956603,0.06596470410628019,2.34751,0.0,True,True,False,False,6006.0,0.0,44.05127380856706,213.97572932572533,930.5062326468699,0.0,7194.533235781162
2025-04-09T18:00:00Z,2025-04-09T18:15:00Z,2025-04-09,2025-04-09_21,0.0,100,100,0,77.85297726956603,59.43286857391385,0.051166968599033816,16.9465,0.0,True,True,False,False,0.0,0.0,197.09877039299207,212.28803343245198,7186.273437073053,0.0,7595.660240898497
2025-04-09T18:15:00Z,2025-04-09T18:30:00Z,2025-04-09,2025-04-09_21,0.0,100,100,0,59.43286857391385,47.97852074782689,0.03181763285024154,10.538,0.0,True,True,False,False,0.0,0.0,197.09877039299207,212.28803343245198,3971.406592461625,0.0,4380.793396287069
2025-04-09T18:30:00Z,2025-04-09T18:45:00Z,2025-04-09,2025-04-09_21,0.0,100,100,0,47.97852074782689,41.81476857391385,0.01715986714975845,5.677,0.0075,True,True,False,False,0.0,0.0,197.09877039299207,212.28803343245198,2001.0010654584905,-0.5585474764928072,2409.829321807442
2025-04-09T18:45:00Z,2025-04-09T19:00:00Z,2025-04-09,2025-04-09_21,0.0,100,100,0,41.81476857391385,45.684288573913854,0.010748666666666669,0.0,4.206,True,True,False,False,0.0,0.0,197.09877039299207,212.28803343245198,0.0,24.979779795869167,434.3665836213132
2025-04-09T19:00:00Z,2025-04-09T19:15:00Z,2025-04-09,2025-04-09_22,0.0,100,100,0,45.684288573913854,24.98621726956603,0.05760197584541062,19.06,0.021,True,True,False,False,0.0,0.0,176.30394599373142,212.28803343245198,23961.298223900987,-1.5318835891665998,24348.358319738003
2025-04-09T19:15:00Z,2025-04-09T19:30:00Z,2025-04-09,2025-04-09_22,0.0,100,100,0,24.98621726956603,10.191912921739947,0.041286956521739124,13.642499999999998,0.0375,True,True,False,False,0.0,0.0,176.30394599373142,212.28803343245198,11562.413453849553,-2.6247664349433415,11948.380666840792
2025-04-09T19:30:00Z,2025-04-09T19:45:00Z,2025-04-09,2025-04-09_22,0.0,100,100,0,10.191912921739947,14.712792921739947,0.012558,0.0,4.914,True,True,False,False,0.0,0.0,176.30394599373142,212.28803343245198,0.0,-7.542988025395805,381.0489914007876
2025-04-09T19:45:00Z,2025-04-09T20:00:00Z,2025-04-09,2025-04-09_22,0.0,100,100,0,14.712792921739947,17.891392921739946,0.008829444444444444,0.0,3.4549999999999996,True,True,False,False,0.0,0.0,176.30394599373142,212.28803343245198,0.0,1397.107121473921,1785.6991009001044
2025-04-09T20:00:00Z,2025-04-09T20:15:00Z,2025-04-09,2025-04-09_23,10.372944726291726,89,100,0,17.891392921739946,12.25359127824419,0.021863150688230037,3.7611399999999997,1.354,True,True,False,False,453.816331775263,0.0,156.91051193442098,212.28803343245198,876.21141232018,40.87762235795227,1740.1039118202682
2025-04-09T20:15:00Z,2025-04-09T20:30:00Z,2025-04-09,2025-04-09_23,10.372944726291726,89,100,0,12.25359127824419,10.000000000000806,0.012125867369328556,0.5842849999999999,1.2805,True,True,False,False,453.816331775263,0.0,156.91051193442098,212.28803343245198,105.29550106284657,-47.36604797878326,880.9443302261993
2025-04-09T20:30:00Z,2025-04-09T20:45:00Z,2025-04-09,2025-04-09_23,10.372944726291726,89,100,0,10.000000000000806,16.030487163185853,0.026497286020705627,0.0,9.441,True,True,False,False,453.816331775263,0.0,156.91051193442098,212.28803343245198,0.0,1608.3691545447243,2431.3840316868605
2025-04-09T20:45:00Z,2025-04-09T21:00:00Z,2025-04-09,2025-04-09_23,10.372944726291726,89,100,0,16.030487163185853,27.466489006974488,0.037900239104717744,0.0,15.207999999999998,True,True,False,False,453.816331775263,0.0,156.91051193442098,212.28803343245198,0.0,1797.0263151972995,2620.0411923394354
2025-04-09T21:00:00Z,2025-04-09T21:15:00Z,2025-04-10,2025-04-09_24,0.0,100,100,0,27.466489006974488,28.819772485235358,0.007853323671497584,0.678,2.272,True,True,False,False,0.0,0.0,176.29331993972878,212.6368658965344,117.69398935208439,-81.94810728277248,424.6760679055751
2025-04-09T21:15:00Z,2025-04-09T21:30:00Z,2025-04-10,2025-04-09_24,0.0,100,100,0,28.819772485235358,33.29143248523536,0.012421277777777778,0.0,4.8605,True,True,False,False,0.0,0.0,176.29331993972878,212.6368658965344,0.0,-55.8837879457559,333.04639789050725
2025-04-09T21:30:00Z,2025-04-09T21:45:00Z,2025-04-10,2025-04-09_24,0.0,100,100,0,33.29143248523536,43.54805248523536,0.028490611111111112,0.0,11.1485,True,True,False,False,0.0,0.0,176.29331993972878,212.6368658965344,0.0,-0.0,388.93018583626315
2025-04-09T21:45:00Z,2025-04-09T22:00:00Z,2025-04-10,2025-04-09_24,0.0,100,100,0,43.54805248523536,55.25183248523536,0.0325105,0.0,12.721499999999999,True,True,False,False,0.0,0.0,176.29331993972878,212.6368658965344,0.0,4349.176070718232,4738.106256554495
2025-04-09T22:00:00Z,2025-04-09T22:15:00Z,2025-04-10,2025-04-10_1,0.0,100,100,0,55.25183248523536,58.68803248523536,0.009545000000000001,0.0,3.7350000000000003,True,True,False,False,0.0,0.0,176.29331993972878,212.6368658965344,0.0,-52.63817478653943,336.2920110497237
2025-04-09T22:15:00Z,2025-04-09T22:30:00Z,2025-04-10,2025-04-10_1,0.0,100,100,0,58.68803248523536,62.385972485235364,0.010272055555555555,0.0,4.0195,True,True,False,False,0.0,0.0,176.29331993972878,212.6368658965344,0.0,-112.34976926167755,276.5804165745856
2025-04-09T22:30:00Z,2025-04-09T22:45:00Z,2025-04-10,2025-04-10_1,0.0,100,100,0,62.385972485235364,65.08985248523537,0.0075107777777777785,0.0,2.939,True,True,False,False,0.0,0.0,176.29331993972878,212.6368658965344,0.0,-81.43878955298845,307.49139628327475
2025-04-09T22:45:00Z,2025-04-09T23:00:00Z,2025-04-10,2025-04-10_1,0.0,100,100,0,65.08985248523537,66.54157509393102,0.0041171038647343,0.014000000000000002,1.5945,True,True,False,False,0.0,0.0,176.29331993972878,212.6368658965344,1.9732785534907087,-16.330370868910098,374.57309352084377
2025-04-09T23:00:00Z,2025-04-09T23:15:00Z,2025-04-10,2025-04-10_2,0.0,100,100,0,66.54157509393102,68.0670646591484,0.004315973429951691,0.013,1.6735,True,True,False,False,0.0,0.0,176.29331993972878,212.6368658965344,1.8856855851330987,-52.53899035660472,338.27688106479155
2025-04-09T23:15:00Z,2025-04-09T23:30:00Z,2025-04-10,2025-04-10_2,0.0,100,100,0,68.0670646591484,66.48474900697448,0.004402987922705314,1.457,0.0015,True,True,False,False,0.0,0.0,176.29331993972878,212.6368658965344,240.89896032144654,-0.1175288799598192,629.71161727775
2025-04-09T23:30:00Z,2025-04-09T23:45:00Z,2025-04-10,2025-04-10_2,0.0,100,100,0,66.48474900697448,66.5001698765397,0.0006497198067632851,0.1005,0.1355,True,True,False,False,0.0,0.0,176.29331993972878,212.6368658965344,14.655151280763436,-10.177485986941235,393.40785113008536
2025-04-09T23:45:00Z,2025-04-10T00:00:00Z,2025-04-10,2025-04-10_2,0.0,100,100,0,66.5001698765397,72.1857698765397,0.015793333333333333,0.0,6.18,True,True,False,False,0.0,0.0,176.29331993972878,212.6368658965344,0.0,-113.6747523857358,275.2554334505274
2025-04-10T00:00:00Z,2025-04-10T00:15:00Z,2025-04-10,2025-04-10_3,-100.0,100,0,0,72.1857698765397,95.17978987653969,0.06387227777777778,0.0065,0.0,True,True,False,False,-2465.75,0.0,176.29331993972878,0.0,0.9141135107985936,0.0,-2288.5425665494727
2025-04-10T00:15:00Z,2025-04-10T00:30:00Z,2025-04-10,2025-04-10_3,-100.0,100,0,0,95.17978987653969,118.17334987653967,0.063871,0.007000000000000001,0.0,True,True,False,False,-2465.75,0.0,176.29331993972878,0.0,1.0109490708186841,0.0,-2288.4457309894524
2025-04-10T00:30:00Z,2025-04-10T00:45:00Z,2025-04-10,2025-04-10_3,-100.0,100,0,0,118.17334987653967,141.15080987653968,0.06382627777777777,0.0245,0.0,True,True,False,False,-2465.75,0.0,176.29331993972878,0.0,3.4631851330989454,0.0,-2285.9934949271724
2025-04-10T00:45:00Z,2025-04-10T01:00:00Z,2025-04-10,2025-04-10_3,-100.0,100,0,0,141.15080987653968,164.1112498765397,0.06377899999999999,0.043,0.0,True,True,False,False,-2465.75,0.0,176.29331993972878,0.0,6.170972978402813,0.0,-2283.2857070818686
2025-04-10T01:00:00Z,2025-04-10T01:15:00Z,2025-04-10,2025-04-10_4,0.0,100,100,0,164.1112498765397,164.20719596349622,0.0005563719806763285,0.048,0.161,True,True,False,False,0.0,0.0,176.29331993972878,212.6368658965344,6.98020773480663,-10.23303385233551,385.6773597187343
2025-04-10T01:15:00Z,2025-04-10T01:30:00Z,2025-04-10,2025-04-10_4,0.0,100,100,0,164.20719596349622,164.3299003113223,0.0005280434782608697,0.031,0.17,True,True,False,False,0.0,0.0,176.29331993972878,212.6368658965344,4.359618282270215,-13.1382079357107,380.1515961828227
2025-04-10T01:30:00Z,2025-04-10T01:45:00Z,2025-04-10,2025-04-10_4,0.0,100,100,0,164.3299003113223,166.0567863982788,0.004878427536231884,0.0135,1.8929999999999998,True,True,False,False,0.0,0.0,176.29331993972878,212.6368658965344,1.9781005524861877,221.5770286288297,612.4853150175791
2025-04-10T01:45:00Z,2025-04-10T02:00:00Z,2025-04-10,2025-04-10_4,0.0,100,100,0,166.0567863982788,182.6830263982788,0.046183999999999996,0.0,18.072,True,True,False,False,0.0,0.0,176.29331993972878,212.6368658965344,0.0,5946.535777398291,6335.465963234555
2025-04-10T02:00:00Z,2025-04-10T02:15:00Z,2025-04-10,2025-04-10_5,0.0,100,100,0,182.6830263982788,186.3924663982788,0.010304,0.0,4.032,True,True,False,False,0.0,0.0,176.29331993972878,212.6368658965344,0.0,96.18152727272728,485.11171310899044
2025-04-10T02:15:00Z,2025-04-10T02:30:00Z,2025-04-10,2025-04-10_5,0.0,100,100,0,186.3924663982788,186.83202552871356,0.0013780024154589371,0.026,0.5085,True,True,False,False,0.0,0.0,176.29331993972878,212.6368658965344,3.736013259668508,-35.51960612757408,357.1465929683576
2025-04-10T02:30:00Z,2025-04-10T02:45:00Z,2025-04-10,2025-04-10_5,0.0,100,100,0,186.83202552871356,186.41752378958313,0.001245949275362319,0.397,0.0185,True,True,False,False,0.0,0.0,176.29331993972878,212.6368658965344,59.01354153691613,-1.473629532898041,446.47009784028126
2025-04-10T02:45:00Z,2025-04-10T03:00:00Z,2025-04-10,2025-04-10_5,0.0,100,100,0,186.41752378958313,185.27128900697443,0.0032350966183574874,1.063,0.01,True,True,False,False,0.0,0.0,176.29331993972878,212.6368658965344,168.39777980914113,-0.8036162732295329,556.5243493721748
2025-04-10T03:00:00Z,2025-04-10T03:15:00Z,2025-04-10,2025-04-10_6,0.0,100,100,0,185.27128900697443,186.37935509393094,0.004062260869565218,0.163,1.397,True,True,False,False,0.0,0.0,176.29331993972878,212.6368658965344,29.392264791562035,-56.590638674033144,361.7318119537921
2025-04-10T03:15:00Z,2025-04-10T03:30:00Z,2025-04-10,2025-04-10_6,0.0,100,100,0,186.37935509393094,185.2907681374092,0.0030238526570048312,1.0015,0.0,True,True,False,False,0.0,0.0,176.29331993972878,212.6368658965344,180.50219105976896,0.0,569.4323768960321
2025-04-10T03:30:00Z,2025-04-10T03:45:00Z,2025-04-10,2025-04-10_6,0.0,100,100,0,185.2907681374092,184.4650577026266,0.002298751207729468,0.7605,0.001,True,True,False,False,0.0,0.0,176.29331993972878,212.6368658965344,136.10253299849322,-0.08036162732295328,524.9523572074335
2025-04-10T03:45:00Z,2025-04-10T04:00:00Z,2025-04-10,2025-04-10_6,0.0,100,100,0,184.4650577026266,178.81760813740922,0.015692471014492754,5.1965,0.001,True,True,False,False,0.0,0.0,176.29331993972878,212.6368658965344,1072.1295608237067,-0.07835258663987946,1460.98139407333
2025-04-10T04:00:00Z,2025-04-10T04:15:00Z,2025-04-10,2025-04-10_7,0.0,100,100,0,178.81760813740922,179.64877596349618,0.00929853381642512,1.1575,2.271,True,True,False,False,0.0,0.0,185.33400301356102,212.6368658965344,209.2315836263184,-55.117660472124555,552.0847920642893
2025-04-10T04:15:00Z,2025-04-10T04:30:00Z,2025-04-10,2025-04-10_7,0.0,100,100,0,179.64877596349618,178.37214552871356,0.003546195652173913,1.1745,0.0,True,True,False,False,0.0,0.0,185.33400301356102,212.6368658965344,211.58201617277751,0.0,609.552885082873
2025-04-10T04:30:00Z,2025-04-10T04:45:00Z,2025-04-10,2025-04-10_7,0.0,100,100,0,178.37214552871356,170.87921074610486,0.020813707729468604,6.893500000000001,0.0,True,True,False,False,0.0,0.0,185.33400301356102,212.6368658965344,1516.3677998995483,0.0,1914.3386688096439
2025-04-10T04:45:00Z,2025-04-10T05:00:00Z,2025-04-10,2025-04-10_7,0.0,100,100,0,170.87921074610486,160.30584118088746,0.029370471014492753,9.7275,0.0,True,True,False,False,0.0,0.0,185.33400301356102,212.6368658965344,2259.15055901557,0.0,2657.121427925665
2025-04-10T05:00:00Z,2025-04-10T05:15:00Z,2025-04-10,2025-04-10_8,0.0,100,100,0,160.30584118088746,135.2710585721918,0.06954106280193237,23.032,0.0,True,True,False,False,0.0,0.0,200.22099447513813,213.9628327473631,21236.582142842795,0.0,21650.765970065295
2025-04-10T05:15:00Z,2025-04-10T05:30:00Z,2025-04-10,2025-04-10_8,0.0,100,100,0,135.2710585721918,117.17703683306138,0.050261171497584536,16.6465,0.0,True,True,False,False,0.0,0.0,200.22099447513813,213.9628327473631,5197.878403917629,0.0,5612.06223114013
2025-04-10T05:30:00Z,2025-04-10T05:45:00Z,2025-04-10,2025-04-10_8,0.0,100,100,0,117.17703683306138,99.76942813740921,0.04835446859903381,16.015,0.0,True,True,False,False,0.0,0.0,200.22099447513813,213.9628327473631,4292.875849321949,0.0,4707.059676544451
2025-04-10T05:45:00Z,2025-04-10T06:00:00Z,2025-04-10,2025-04-10_8,0.0,100,100,0,99.76942813740921,83.97160205045269,0.04388285024154589,14.533999999999999,0.0,True,True,False,False,0.0,0.0,200.22099447513813,213.9628327473631,8127.401120241084,0.0,8541.584947463585
2025-04-10T06:00:00Z,2025-04-10T06:15:00Z,2025-04-10,2025-04-10_9,10.17948935042329,0,0,0,83.97160205045269,81.20543646609853,0.007683793289872652,0.0,0.0,True,False,False,False,351.6759083337486,0.0,0.0,0.0,0.0,0.0,351.6759083337486
2025-04-10T06:15:00Z,2025-04-10T06:30:00Z,2025-04-10,2025-04-10_9,10.17948935042329,0,0,0,81.20543646609853,78.43927088174438,0.007683793289872652,0.0,0.0,True,False,False,False,351.6759083337486,0.0,0.0,0.0,0.0,0.0,351.6759083337486
2025-04-10T06:30:00Z,2025-04-10T06:45:00Z,2025-04-10,2025-04-10_9,10.17948935042329,0,0,0,78.43927088174438,75.67310529739022,0.007683793289872652,0.0,0.0,True,False,False,False,351.6759083337486,0.0,0.0,0.0,0.0,0.0,351.6759083337486
2025-04-10T06:45:00Z,2025-04-10T07:00:00Z,2025-04-10,2025-04-10_9,10.17948935042329,0,0,0,75.67310529739022,72.90693971303607,0.007683793289872652,0.0,0.0,True,False,False,False,351.6759083337486,0.0,0.0,0.0,0.0,0.0,351.6759083337486
2025-04-10T07:00:00Z,2025-04-10T07:15:00Z,2025-04-10,2025-04-10_10,0.0,100,100,0,72.90693971303607,47.39661362607954,0.07086201690821256,23.4695,0.0,True,True,False,False,0.0,0.0,176.50426921145154,213.9628327473631,31811.72257659468,0.0,32202.189678553492
2025-04-10T07:15:00Z,2025-04-10T07:30:00Z,2025-04-10,2025-04-10_10,0.0,100,100,0,47.39661362607954,29.493352756514327,0.04973128019323671,16.471,0.0,True,True,False,False,0.0,0.0,176.50426921145154,213.9628327473631,15454.225563636364,0.0,15844.69266559518
2025-04-10T07:30:00Z,2025-04-10T07:45:00Z,2025-04-10,2025-04-10_10,0.0,100,100,0,29.493352756514327,23.326300582601284,0.017220144927536235,5.6885,0.0175,True,True,False,False,0.0,0.0,176.50426921145154,213.9628327473631,1227.6211566047214,-1.3711702661978906,1616.717088297338
2025-04-10T07:45:00Z,2025-04-10T08:00:00Z,2025-04-10,2025-04-10_10,0.0,100,100,0,23.326300582601284,29.175200582601285,0.016246944444444442,0.0,6.357499999999999,True,True,False,False,0.0,0.0,176.50426921145154,213.9628327473631,0.0,1033.908953289804,1424.3760552486187
2025-04-10T08:00:00Z,2025-04-10T08:15:00Z,2025-04-10,2025-04-10_11,-29.92106915335937,100,70,0,29.175200582601285,17.89263958660273,0.04383782612769547,17.765,0.28035,True,True,False,False,-411.4895035315747,0.0,176.50426921145154,149.7739829231542,20046.643447513812,-10.941957709693622,19950.49023840715
2025-04-10T08:15:00Z,2025-04-10T08:30:00Z,2025-04-10,2025-04-10_11,-29.92106915335937,100,70,0,17.89263958660273,14.02959605137318,0.0331173212166007,10.3615,0.0,True,True,False,False,-411.4895035315747,0.0,176.50426921145154,149.7739829231542,2071.700479758915,0.0,1986.4892283619463
2025-04-10T08:30:00Z,2025-04-10T08:45:00Z,2025-04-10,2025-04-10_11,-29.92106915335937,100,70,0,14.02959605137318,16.02664711907544,0.025481349810833616,4.7105,0.0,True,True,False,False,-411.4895035315747,0.0,176.50426921145154,149.7739829231542,789.7447804118533,0.0,704.5335290148844
2025-04-10T08:45:00Z,2025-04-10T09:00:00Z,2025-04-10,2025-04-10_11,-29.92106915335937,100,70,0,16.02664711907544,21.86266626086872,0.024903321526660072,2.054,1.17845,True,True,False,False,-411.4895035315747,0.0,176.50426921145154,149.7739829231542,298.3967843294826,-8.448616423907584,204.73691650860604
2025-04-10T09:00:00Z,2025-04-10T09:15:00Z,2025-04-10,2025-04-10_12,9.999999999998883,90,100,0,21.86266626086872,13.34926852173859,0.024547627053139266,5.5008,0.1955,True,True,False,False,92.87499999998963,0.0,158.85384229030637,213.9628327473631,915.070098322451,-8.365043395278756,1372.3967299648314
2025-04-10T09:15:00Z,2025-04-10T09:30:00Z,2025-04-10,2025-04-10_12,9.999999999998883,90,100,0,13.34926852173859,9.999999999999764,0.011297623671496768,0.9549,0.43350000000000005,True,True,False,False,92.87499999998963,0.0,158.85384229030637,213.9628327473631,121.55958533400302,-7.6943963837267715,579.5568639879353
2025-04-10T09:30:00Z,2025-04-10T09:45:00Z,2025-04-10,2025-04-10_12,9.999999999998883,90,100,0,9.999999999999764,15.64917426086962,0.025395049275362035,0.0,8.932,True,True,False,False,92.87499999998963,0.0,158.85384229030637,213.9628327473631,0.0,3171.183902762431,3636.87557780009
2025-04-10T09:45:00Z,2025-04-10T10:00:00Z,2025-04-10,2025-04-10_12,9.999999999998883,90,100,0,15.64917426086962,27.448692173913376,0.03851436135265713,0.0,15.498000000000001,True,True,False,False,92.87499999998963,0.0,158.85384229030637,213.9628327473631,0.0,11286.766056855851,11752.45773189351
2025-04-10T10:00:00Z,2025-04-10T10:15:00Z,2025-04-10,2025-04-10_13,0.0,100,100,0,27.448692173913376,33.49400608695685,0.019072128019323675,0.3775,7.017000000000001,True,True,False,False,0.0,0.0,176.50426921145154,213.9628327473631,40.18981416373681,2217.3381661476647,2647.9950822702162
2025-04-10T10:15:00Z,2025-04-10T10:30:00Z,2025-04-10,2025-04-10_13,0.0,100,100,0,33.49400608695685,33.03373304347859,0.0014932028985507248,0.459,0.042,True,True,False,False,0.0,0.0,176.50426921145154,213.9628327473631,48.86655549974887,-3.1308922149673535,436.20276524359616
2025-04-10T10:30:00Z,2025-04-10T10:45:00Z,2025-04-10,2025-04-10_13,0.0,100,100,0,33.03373304347859,32.65450695652207,0.0017817391304347826,0.4695,0.1425,True,True,False,False,0.0,0.0,176.50426921145154,213.9628327473631,50.01667684580612,-8.820284781516825,431.66349402310396
2025-04-10T10:45:00Z,2025-04-10T11:00:00Z,2025-04-10,2025-04-10_13,0.0,100,100,0,32.65450695652207,32.46946434782642,0.0011375628019323672,0.2735,0.122,True,True,False,False,0.0,0.0,176.50426921145154,213.9628327473631,29.11765344048217,-7.877560220994475,411.70719517830236
2025-04-10T11:00:00Z,2025-04-10T11:15:00Z,2025-04-10,2025-04-10_14,-28.997258874593378,100,71,0,32.46946434782642,38.61346931836555,0.019369124434127034,0.537,0.035145,True,True,False,False,-17.978300502247894,0.0,176.50426921145154,151.9136112506278,49.55719738824712,-1.8550558342541437,358.14172151382445
2025-04-10T11:15:00Z,2025-04-10T11:30:00Z,2025-04-10,2025-04-10_14,-28.997258874593378,100,71,0,38.61346931836555,44.6215425507117,0.01954463733559442,0.666,0.033014999999999996,True,True,False,False,-17.978300502247894,0.0,176.50426921145154,151.9136112506278,61.51297759919638,-1.7594889070818682,370.19306865194596
2025-04-10T11:30:00Z,2025-04-10T11:45:00Z,2025-04-10,2025-04-10_14,-28.997258874593378,100,71,0,44.6215425507117,51.132369581604465,0.01893028885403213,0.197,0.050054999999999995,True,True,False,False,-17.978300502247894,0.0,176.50426921145154,151.9136112506278,18.18020090406831,-3.8934091341034653,324.7263717297963
2025-04-10T11:45:00Z,2025-04-10T12:00:00Z,2025-04-10,2025-04-10_14,-28.997258874593378,100,71,0,51.132369581604465,57.8081039378868,0.01911610183147519,0.1335,0.15762,True,True,False,False,-17.978300502247894,0.0,176.50426921145154,151.9136112506278,12.320085384229033,-8.241839758915118,314.5178255851454
2025-04-10T12:00:00Z,2025-04-10T12:15:00Z,2025-04-10,2025-04-10_15,-100.00000000000001,100,0,0,57.8081039378868,80.4778239378868,0.06297144444444447,0.359,0.0,True,True,False,False,-2.2500000000000004,0.0,176.50426921145154,0.0,32.32896875941738,0.0,206.5832379708689
2025-04-10T12:15:00Z,2025-04-10T12:30:00Z,2025-04-10,2025-04-10_15,-100.00000000000001,100,0,0,80.4778239378868,102.4446639378868,0.06101900000000002,1.123,0.0,True,True,False,False,-2.2500000000000004,0.0,176.50426921145154,0.0,101.32359156202914,0.0,275.57786077348067
2025-04-10T12:30:00Z,2025-04-10T12:45:00Z,2025-04-10,2025-04-10_15,-100.00000000000001,100,0,0,102.4446639378868,120.2977239378868,0.04959183333333334,5.5945,0.0,True,True,False,False,-2.2500000000000004,0.0,176.50426921145154,0.0,788.608138121547,0.0,962.8624073329985
2025-04-10T12:45:00Z,2025-04-10T13:00:00Z,2025-04-10,2025-04-10_15,-100.00000000000001,100,0,0,120.2977239378868,139.2023439378868,0.05251283333333334,4.4515,0.0,True,True,False,False,-2.2500000000000004,0.0,176.50426921145154,0.0,575.9395863385233,0.0,750.1938555499748
2025-04-10T13:00:00Z,2025-04-10T13:15:00Z,2025-04-10,2025-04-10_16,0.0,100,100,0,139.2023439378868,145.50664393788682,0.017511944444444445,0.0,6.8525,True,True,False,False,0.0,0.0,176.50426921145154,213.9628327473631,0.0,-17.88739979909593,372.57970215971875
2025-04-10T13:15:00Z,2025-04-10T13:30:00Z,2025-04-10,2025-04-10_16,0.0,100,100,0,145.50664393788682,148.8442439378868,0.00941,0.023,3.655,True,True,False,False,0.0,0.0,176.50426921145154,213.9628327473631,2.1154870919136113,-83.8950085384229,308.6875805123054
2025-04-10T13:30:00Z,2025-04-10T13:45:00Z,2025-04-10,2025-04-10_16,0.0,100,100,0,148.8442439378868,153.9708300248433,0.014460927536231885,0.0365,5.6155,True,True,False,False,0.0,0.0,176.50426921145154,213.9628327473631,3.3460912104470113,2761.992277348066,3155.8054705173276
2025-04-10T13:45:00Z,2025-04-10T14:00:00Z,2025-04-10,2025-04-10_16,0.0,100,100,0,153.9708300248433,174.4541700248433,0.05689816666666667,0.0,22.2645,True,True,False,False,0.0,0.0,176.50426921145154,213.9628327473631,0.0,22377.779450025115,22768.246551983928
2025-04-10T14:00:00Z,2025-04-10T14:15:00Z,2025-04-10,2025-04-10_17,44.44753659328353,55,100,0,174.4541700248433,184.05623316528164,0.03524384737746457,0.0,21.8065,True,True,False,False,756.4970728176856,0.0,97.07734806629836,213.9628327473631,0.0,26600.228042692113,27667.76529632346
2025-04-10T14:15:00Z,2025-04-10T14:30:00Z,2025-04-10,2025-04-10_17,44.44753659328353,55,100,0,184.05623316528164,183.31554984615,0.03443596006102194,0.0,11.4035,True,True,False,False,756.4970728176856,0.0,97.07734806629836,213.9628327473631,0.0,670.2348417880462,1737.7720954193933
2025-04-10T14:30:00Z,2025-04-10T14:45:00Z,2025-04-10,2025-04-10_17,44.44753659328353,55,100,0,183.31554984615,184.23707517686105,0.034576041602732,0.0033,13.079000000000002,True,True,False,False,756.4970728176856,0.0,97.07734806629836,213.9628327473631,0.44198917127071824,13556.828225414367,14624.807468216984
2025-04-10T14:45:00Z,2025-04-10T15:00:00Z,2025-04-10,2025-04-10_17,44.44753659328353,55,100,0,184.23707517686105,170.04076608695314,0.041099469594466295,2.4851750000000004,0.5865,True,True,False,False,756.4970728176856,0.0,97.07734806629836,213.9628327473631,398.927131160221,-13.174716524359619,1453.2896682672085
2025-04-10T15:00:00Z,2025-04-10T15:15:00Z,2025-04-10,2025-04-10_18,0.0,100,100,0,170.04076608695314,184.28489130434446,0.03987498550724638,0.05099999999999999,15.543,True,True,False,False,0.0,0.0,176.50426921145154,213.9628327473631,8.812574585635357,15072.463193370164,15471.742869914613
2025-04-10T15:15:00Z,2025-04-10T15:30:00Z,2025-04-10,2025-04-10_18,0.0,100,100,0,184.28489130434446,183.9285234782575,0.004728688405797102,0.947,0.7315,True,True,False,False,0.0,0.0,176.50426921145154,213.9628327473631,162.86554515318934,-29.529820994475138,523.8028261175289
2025-04-10T15:30:00Z,2025-04-10T15:45:00Z,2025-04-10,2025-04-10_18,0.0,100,100,0,183.9285234782575,182.23432260869228,0.0076731135265700485,2.05,0.5805,True,True,False,False,0.0,0.0,176.50426921145154,213.9628327473631,356.7218282270216,-23.123084781516827,724.0658454043195
2025-04-10T15:45:00Z,2025-04-10T16:00:00Z,2025-04-10,2025-04-10_18,0.0,100,100,0,182.23432260869228,161.42073565217055,0.05781551932367149,19.1485,0.0,True,True,False,False,0.0,0.0,176.50426921145154,213.9628327473631,16014.60897940733,0.0,16405.076081366144
2025-04-10T16:00:00Z,2025-04-10T16:15:00Z,2025-04-10,2025-04-10_19,0.0,100,100,0,161.42073565217055,160.32501391304012,0.0033120048309178743,1.0525,0.0525,True,True,False,False,0.0,0.0,200.22099447513813,213.9628327473631,187.97977749874434,-3.889197890507283,598.2744068307383
2025-04-10T16:15:00Z,2025-04-10T16:30:00Z,2025-04-10,2025-04-10_19,0.0,100,100,0,160.32501391304012,153.90340260869232,0.017883809178743958,5.9155,0.009,True,True,False,False,0.0,0.0,200.22099447513813,213.9628327473631,1214.8933613259667,-0.7051732797589151,1628.372015268709
2025-04-10T16:30:00Z,2025-04-10T16:45:00Z,2025-04-10,2025-04-10_19,0.0,100,100,0,153.90340260869232,140.24742434782274,0.0379332729468599,12.5635,0.0,True,True,False,False,0.0,0.0,200.22099447513813,213.9628327473631,4525.664228729282,0.0,4939.848055951783
2025-04-10T16:45:00Z,2025-04-10T17:00:00Z,2025-04-10,2025-04-10_19,0.0,100,100,0,140.24742434782274,117.84307652173578,0.06223429951690821,20.612,0.0,True,True,False,False,0.0,0.0,200.22099447513813,213.9628327473631,16816.766584028126,0.0,17230.950411250626
2025-04-10T17:00:00Z,2025-04-10T17:15:00Z,2025-04-10,2025-04-10_20,0.0,100,100,0,117.84307652173578,112.03601130434447,0.016130736714975846,5.3425,0.0,True,True,False,False,0.0,0.0,199.88950276243094,213.9628327473631,1214.3913048719237,0.0,1628.2436403817178
2025-04-10T17:15:00Z,2025-04-10T17:30:00Z,2025-04-10,2025-04-10_20,0.0,100,100,0,112.03601130434447,104.24144608695316,0.021651570048309178,7.170999999999999,0.0,True,True,False,False,0.0,0.0,199.88950276243094,213.9628327473631,1714.8119270718232,0.0,2128.664262581617
2025-04-10T17:30:00Z,2025-04-10T17:45:00Z,2025-04-10,2025-04-10_20,0.0,100,100,0,104.24144608695316,77.86861999999664,0.0732578502415459,24.263,0.0,True,True,False,False,0.0,0.0,199.88950276243094,213.9628327473631,32009.304576795577,0.0,32423.15691230537
2025-04-10T17:45:00Z,2025-04-10T18:00:00Z,2025-04-10,2025-04-10_20,0.0,100,100,0,77.86861999999664,65.63927217390969,0.033970410628019324,11.251,0.0,True,True,False,False,0.0,0.0,199.88950276243094,213.9628327473631,4504.556823505775,0.0,4918.4091590155695
2025-04-10T18:00:00Z,2025-04-10T18:15:00Z,2025-04-10,2025-04-10_21,0.0,100,100,0,65.63927217390969,42.71372869564882,0.06368206521739131,21.0915,0.0,True,True,False,False,0.0,0.0,199.55801104972375,212.6368658965344,18959.595332998495,0.0,19371.790209944753
2025-04-10T18:15:00Z,2025-04-10T18:30:00Z,2025-04-10,2025-04-10_21,0.0,100,100,0,42.71372869564882,25.47188086956186,0.04789402173913044,15.8625,0.0,True,True,False,False,0.0,0.0,199.55801104972375,212.6368658965344,4358.6771948769465,0.0,4770.872071823204
2025-04-10T18:30:00Z,2025-04-10T18:45:00Z,2025-04-10,2025-04-10_21,0.0,100,100,0,25.47188086956186,23.524919999996648,0.008359891304347824,2.28,0.5775,True,True,False,False,0.0,0.0,199.55801104972375,212.6368658965344,477.17113410346553,-25.828839779005527,863.5371712707182
2025-04-10T18:45:00Z,2025-04-10T19:00:00Z,2025-04-10,2025-04-10_21,0.0,100,100,0,23.524919999996648,24.57760956521404,0.002933195652173913,0.0015,1.146,True,True,False,False,0.0,0.0,199.55801104972375,212.6368658965344,0.21094927172275238,-64.19718171772978,348.2086445002511
2025-04-10T19:00:00Z,2025-04-10T19:15:00Z,2025-04-10,2025-04-10_22,0.0,100,100,0,24.57760956521404,9.999999999996648,0.040955915458937196,13.488,0.0905,True,True,False,False,0.0,0.0,176.50426921145154,212.6368658965344,10727.026046007031,-5.08930909090909,11111.077872024109
2025-04-10T19:15:00Z,2025-04-10T19:30:00Z,2025-04-10,2025-04-10_22,0.0,100,100,0,9.999999999996648,19.07257999999665,0.025201611111111112,0.0,9.8615,True,True,False,False,0.0,0.0,176.50426921145154,212.6368658965344,0.0,4846.994116022099,5236.135251130085
2025-04-10T19:30:00Z,2025-04-10T19:45:00Z,2025-04-10,2025-04-10_22,0.0,100,100,0,19.07257999999665,36.77107999999665,0.049162500000000005,0.0,19.2375,True,True,False,False,0.0,0.0,176.50426921145154,212.6368658965344,0.0,14674.98338272225,15064.124517830236
2025-04-10T19:45:00Z,2025-04-10T20:00:00Z,2025-04-10,2025-04-10_22,0.0,100,100,0,36.77107999999665,58.812439999996656,0.061226,0.0,23.958,True,True,False,False,0.0,0.0,176.50426921145154,212.6368658965344,0.0,21654.855248618784,22043.996383726768
2025-04-10T20:00:00Z,2025-04-10T20:15:00Z,2025-04-10,2025-04-10_23,0.0,100,100,0,58.812439999996656,40.46819043477927,0.05778469323671497,18.0075,1.336,True,True,False,False,0.0,0.0,176.50426921145154,212.6368658965344,21043.548219989952,324.1118553490709,21756.80121044701
2025-04-10T20:15:00Z,2025-04-10T20:30:00Z,2025-04-10,2025-04-10_23,0.0,100,100,0,40.46819043477927,35.17429478260535,0.014718043478260867,4.8725,0.0025,True,True,False,False,0.0,0.0,176.50426921145154,212.6368658965344,964.5229994977396,-0.19588146659969866,1353.4682531391259
2025-04-10T20:30:00Z,2025-04-10T20:45:00Z,2025-04-10,2025-04-10_23,0.0,100,100,0,35.17429478260535,30.369403478257524,0.01334692028985507,4.4205,0.0,True,True,False,False,0.0,0.0,176.50426921145154,212.6368658965344,831.1596834756403,0.0,1220.3008185836263
2025-04-10T20:45:00Z,2025-04-10T21:00:00Z,2025-04-10,2025-04-10_23,0.0,100,100,0,30.369403478257524,28.21894521738796,0.006004161835748792,1.9835000000000003,0.006,True,True,False,False,0.0,0.0,176.50426921145154,212.6368658965344,357.82021205424417,-0.4701155198392768,746.4912316423909
2025-04-10T21:00:00Z,2025-04-10T21:15:00Z,2025-04-11,2025-04-10_24,-42.952090419693405,100,57,0,28.21894521738796,20.250930545375322,0.03842491108693406,17.579,0.0,True,True,False,False,-916.1680886520603,0.0,176.51490798039057,121.21031905489029,19329.882103793298,0.0,18711.43924217652
2025-04-10T21:15:00Z,2025-04-10T21:30:00Z,2025-04-11,2025-04-10_24,-42.952090419693405,100,57,0,20.250930545375322,17.09568577032064,0.03546306325448374,12.8385,0.0,True,True,False,False,-916.1680886520603,0.0,176.51490798039057,121.21031905489029,8372.841921964156,0.0,7754.399060347377
2025-04-10T21:30:00Z,2025-04-10T21:45:00Z,2025-04-11,2025-04-10_24,-42.952090419693405,100,57,0,17.09568577032064,16.177026183114997,0.03408663655373739,10.6355,0.0,True,True,False,False,-916.1680886520603,0.0,176.51490798039057,121.21031905489029,2573.0507972353935,0.0,1954.607935618614
2025-04-10T21:45:00Z,2025-04-10T22:00:00Z,2025-04-11,2025-04-10_24,-42.952090419693405,100,57,0,16.177026183114997,24.03072271304353,0.028755619216560398,2.0145,0.02166,True,True,False,False,-916.1680886520603,0.0,176.51490798039057,121.21031905489029,346.9467484730371,-1.6055999397251466,-273.10171308346753
2025-04-10T22:00:00Z,2025-04-10T22:15:00Z,2025-04-11,2025-04-11_1,-17.999999999999886,100,82,0,24.03072271304353,16.13733826086959,0.03445140792270531,11.3855,0.0,True,True,False,False,-356.98499999999774,0.0,176.51490798039057,174.37273969300009,3715.9365005424743,0.0,3709.839148215867
2025-04-10T22:15:00Z,2025-04-10T22:30:00Z,2025-04-11,2025-04-11_1,-17.999999999999886,100,82,0,16.13733826086959,13.851359826086956,0.023756340096618325,6.08,0.0,True,True,False,False,-356.98499999999774,0.0,176.51490798039057,174.37273969300009,1316.3507835730934,0.0,1310.2534312464863
2025-04-10T22:30:00Z,2025-04-10T22:45:00Z,2025-04-11,2025-04-11_1,-17.999999999999886,100,82,0,13.851359826086956,14.496705599999974,0.018165392850241494,3.3065,0.0,True,True,False,False,-356.98499999999774,0.0,176.51490798039057,174.37273969300009,556.2562444748053,0.0,550.1588921481982
2025-04-10T22:45:00Z,2025-04-10T23:00:00Z,2025-04-11,2025-04-11_1,-17.999999999999886,100,82,0,14.496705599999974,17.87218469565212,0.012968782512077226,0.7255,0.00246,True,True,False,False,-356.98499999999774,0.0,176.51490798039057,174.37273969300009,108.2234291368641,-0.19275898095314634,101.93331782930387
2025-04-10T23:00:00Z,2025-04-10T23:15:00Z,2025-04-11,2025-04-11_2,-11.000000000000165,100,89,0,17.87218469565212,15.84571137391303,0.01728733256038654,4.264,0.0,True,True,False,False,-207.79000000000312,0.0,176.51490798039057,189.25821747167083,704.9855597524713,0.0,862.9686852045296
2025-04-10T23:15:00Z,2025-04-10T23:30:00Z,2025-04-11,2025-04-11_2,-11.000000000000165,100,89,0,15.84571137391303,16.54895453913046,0.01114098342995178,1.7094999999999998,0.0,True,True,False,False,-207.79000000000312,0.0,176.51490798039057,189.25821747167083,270.34328106164105,0.0,428.32640651369934
2025-04-10T23:30:00Z,2025-04-10T23:45:00Z,2025-04-11,2025-04-11_2,-11.000000000000165,100,89,0,16.54895453913046,12.90730546086963,0.020924132995169133,5.7755,0.0,True,True,False,False,-207.79000000000312,0.0,176.51490798039057,189.25821747167083,998.7302985614401,0.0,1156.7134240134983
2025-04-10T23:45:00Z,2025-04-11T00:00:00Z,2025-04-11,2025-04-11_2,-11.000000000000165,100,89,0,12.90730546086963,12.374188486956626,0.01392482603864742,2.8665,0.0,True,True,False,False,-207.79000000000312,0.0,176.51490798039057,189.25821747167083,466.46914108334005,0.0,624.4522665353984
2025-04-11T00:00:00Z,2025-04-11T00:15:00Z,2025-04-11,2025-04-11_3,-100.0,100,0,0,12.374188486956626,32.170748486956626,0.054990444444444446,3.482,0.0,True,True,False,False,-1685.0000000000002,0.0,176.51490798039057,0.0,548.7920790806077,0.0,-959.693012939002
2025-04-11T00:15:00Z,2025-04-11T00:30:00Z,2025-04-11,2025-04-11_3,-100.0,100,0,0,32.170748486956626,48.78686848695663,0.04615588888888889,6.939000000000001,0.0,True,True,False,False,-1685.0000000000002,0.0,176.51490798039057,0.0,1236.1184678132286,0.0,-272.36662420638106
2025-04-11T00:30:00Z,2025-04-11T00:45:00Z,2025-04-11,2025-04-11_3,-100.0,100,0,0,48.78686848695663,66.73330848695663,0.04985122222222222,5.493,0.0,True,True,False,False,-1685.0000000000002,0.0,176.51490798039057,0.0,897.202507835731,0.0,-611.2825841838786
2025-04-11T00:45:00Z,2025-04-11T01:00:00Z,2025-04-11,2025-04-11_3,-100.0,100,0,0,66.73330848695663,80.71040848695664,0.038825277777777785,9.8075,0.0,True,True,False,False,-1685.0000000000002,0.0,176.51490798039057,0.0,1869.9551886602908,0.0,361.47009664068116
2025-04-11T01:00:00Z,2025-04-11T01:15:00Z,2025-04-11,2025-04-11_4,-100.0,100,0,0,80.71040848695664,94.36734848695664,0.037935944444444446,10.1555,0.0,True,True,False,False,-1710.7500000000002,0.0,176.51490798039057,0.0,6858.067995258379,0.0,5323.832903238769
2025-04-11T01:15:00Z,2025-04-11T01:30:00Z,2025-04-11,2025-04-11_4,-100.0,100,0,0,94.36734848695664,113.59166848695665,0.05340088888888889,4.104,0.0,True,True,False,False,-1710.7500000000002,0.0,176.51490798039057,0.0,669.6482584585711,0.0,-864.5868335610385
2025-04-11T01:30:00Z,2025-04-11T01:45:00Z,2025-04-11,2025-04-11_4,-100.0,100,0,0,113.59166848695665,133.19180848695666,0.05444483333333333,3.6955,0.0,True,True,False,False,-1710.7500000000002,0.0,176.51490798039057,0.0,584.1603042875513,0.0,-950.0747877320583
2025-04-11T01:45:00Z,2025-04-11T02:00:00Z,2025-04-11,2025-04-11_4,-100.0,100,0,0,133.19180848695666,149.60184848695667,0.04558344444444445,7.163,0.0,True,True,False,False,-1710.7500000000002,0.0,176.51490798039057,0.0,1244.6885417503818,0.0,-289.54655026922785
2025-04-11T02:00:00Z,2025-04-11T02:15:00Z,2025-04-11,2025-04-11_5,-59.99999999999997,100,40,0,149.60184848695667,163.27000066086973,0.039019021739130424,0.43550000000000005,0.3238,True,True,False,False,-1145.5499999999995,0.0,176.51490798039057,85.05987302097566,67.50276249698628,-12.794758056738727,-829.2672145583857
2025-04-11T02:15:00Z,2025-04-11T02:30:00Z,2025-04-11,2025-04-11_5,-59.99999999999997,100,40,0,163.27000066086973,171.17106466086972,0.03639184444444444,5.98,0.0021999999999999997,True,True,False,False,-1145.5499999999995,0.0,176.51490798039057,85.05987302097566,1053.9888170055453,-0.17238608052720403,169.84121192638486
2025-04-11T02:30:00Z,2025-04-11T02:45:00Z,2025-04-11,2025-04-11_5,-59.99999999999997,100,40,0,171.17106466086972,172.85386761739144,0.03433508067632851,12.2795,0.0,True,True,False,False,-1145.5499999999995,0.0,176.51490798039057,85.05987302097566,9507.030088604035,0.0,8623.054869605401
2025-04-11T02:45:00Z,2025-04-11T03:00:00Z,2025-04-11,2025-04-11_5,-59.99999999999997,100,40,0,172.85386761739144,163.64407074782622,0.030740902415458956,23.318,0.0,True,True,False,False,-1145.5499999999995,0.0,176.51490798039057,85.05987302097566,30199.709992365188,0.0,29315.734773366556
2025-04-11T03:00:00Z,2025-04-11T03:15:00Z,2025-04-11,2025-04-11_6,-70.99999999999987,100,29,0,163.64407074782622,177.40276483478272,0.04338553309178738,2.9505,0.31088,True,True,False,False,-1518.6899999999973,0.0,176.51490798039057,61.668407940207345,927.0386584826811,-11.837137635618419,-365.3051632323368
2025-04-11T03:15:00Z,2025-04-11T03:30:00Z,2025-04-11,2025-04-11_6,-70.99999999999987,100,29,0,177.40276483478272,190.00000000000006,0.04174235009661831,3.8545,0.0,True,True,False,False,-1518.6899999999973,0.0,176.51490798039057,61.668407940207345,673.5470022301695,0.0,-606.9596818492299
2025-04-11T03:30:00Z,2025-04-11T03:45:00Z,2025-04-11,2025-04-11_6,-70.99999999999987,100,29,0,190.00000000000006,189.85092546086958,0.029385330386473472,17.0165,0.0,True,True,False,False,-1518.6899999999973,0.0,176.51490798039057,61.668407940207345,18568.491503053927,0.0,17287.984818974528
2025-04-11T03:45:00Z,2025-04-11T04:00:00Z,2025-04-11,2025-04-11_6,-70.99999999999987,100,29,0,189.85092546086958,182.0673324173913,0.0219839806763286,24.9,0.0,True,True,False,False,-1518.6899999999973,0.0,176.51490798039057,61.668407940207345,34429.397894398455,0.0,33148.89121031905
2025-04-11T04:00:00Z,2025-04-11T04:15:00Z,2025-04-11,2025-04-11_7,29.598765671999875,0,0,0,182.0673324173913,174.02418957173916,0.022342063460144834,0.0,0.0,True,False,False,False,820.8477689987366,0.0,0.0,0.0,0.0,0.0,820.8477689987366
2025-04-11T04:15:00Z,2025-04-11T04:30:00Z,2025-04-11,2025-04-11_7,29.598765671999875,0,0,0,174.02418957173916,165.98104672608702,0.022342063460144834,0.0,0.0,True,False,False,False,820.8477689987366,0.0,0.0,0.0,0.0,0.0,820.8477689987366
2025-04-11T04:30:00Z,2025-04-11T04:45:00Z,2025-04-11,2025-04-11_7,29.598765671999875,0,0,0,165.98104672608702,157.93790388043487,0.022342063460144834,0.0,0.0,True,False,False,False,820.8477689987366,0.0,0.0,0.0,0.0,0.0,820.8477689987366
2025-04-11T04:45:00Z,2025-04-11T05:00:00Z,2025-04-11,2025-04-11_7,29.598765671999875,0,0,0,157.93790388043487,149.89476103478273,0.022342063460144834,0.0,0.0,True,False,False,False,820.8477689987366,0.0,0.0,0.0,0.0,0.0,820.8477689987366
2025-04-11T05:00:00Z,2025-04-11T05:15:00Z,2025-04-11,2025-04-11_8,99.99999999999997,0,0,0,149.89476103478273,122.72084799130448,0.07548309178743959,0.0,0.0,True,False,False,False,2799.999999999999,0.0,0.0,0.0,0.0,0.0,2799.999999999999
2025-04-11T05:15:00Z,2025-04-11T05:30:00Z,2025-04-11,2025-04-11_8,99.99999999999997,0,0,0,122.72084799130448,95.54693494782623,0.07548309178743959,0.0,0.0,True,False,False,False,2799.999999999999,0.0,0.0,0.0,0.0,0.0,2799.999999999999
2025-04-11T05:30:00Z,2025-04-11T05:45:00Z,2025-04-11,2025-04-11_8,99.99999999999997,0,0,0,95.54693494782623,68.37302190434798,0.07548309178743959,0.0,0.0,True,False,False,False,2799.999999999999,0.0,0.0,0.0,0.0,0.0,2799.999999999999
2025-04-11T05:45:00Z,2025-04-11T06:00:00Z,2025-04-11,2025-04-11_8,99.99999999999997,0,0,0,68.37302190434798,41.19910886086973,0.07548309178743959,0.0,0.0,True,False,False,False,2799.999999999999,0.0,0.0,0.0,0.0,0.0,2799.999999999999
2025-04-11T06:00:00Z,2025-04-11T06:15:00Z,2025-04-11,2025-04-11_9,0.0,100,100,0,41.19910886086973,27.89525060000016,0.04071693961352658,12.862500000000002,0.736,True,True,False,False,0.0,0.0,199.57003937957086,213.97572932572533,2862.7254681346944,88.37308687615528,3364.644323716146
2025-04-11T06:15:00Z,2025-04-11T06:30:00Z,2025-04-11,2025-04-11_9,0.0,100,100,0,27.89525060000016,22.131663643478422,0.01600996376811594,5.3025,0.0,True,True,False,False,0.0,0.0,199.57003937957086,213.97572932572533,852.2661843004099,0.0,1265.811953005706
2025-04-11T06:30:00Z,2025-04-11T06:45:00Z,2025-04-11,2025-04-11_9,0.0,100,100,0,22.131663643478422,21.095951469565378,0.005084978260869565,1.3185,0.432,True,True,False,False,0.0,0.0,199.57003937957086,213.97572932572533,211.48425289319297,-11.503827051354174,613.526194547135
2025-04-11T06:45:00Z,2025-04-11T07:00:00Z,2025-04-11,2025-04-11_9,0.0,100,100,0,21.095951469565378,32.75787146956538,0.03239422222222223,0.0,12.676000000000002,True,True,False,False,0.0,0.0,199.57003937957086,213.97572932572533,0.0,7418.022094350238,7831.567863055534
2025-04-11T07:00:00Z,2025-04-11T07:15:00Z,2025-04-11,2025-04-11_10,-3.0,100,97,0,32.75787146956538,25.585790626087118,0.024822903454106277,7.639,0.437955,True,True,False,False,-46.9275,0.0,176.51490798039057,207.55645744595353,4358.06239230893,-16.874448738246404,4678.331808997027
2025-04-11T07:15:00Z,2025-04-11T07:30:00Z,2025-04-11,2025-04-11_10,-3.0,100,97,0,25.585790626087118,24.971739130434944,0.0055136552657004834,1.2325,0.03201,True,True,False,False,-46.9275,0.0,176.51490798039057,207.55645744595353,188.3311605923009,-2.469237199630314,523.0057888190147
2025-04-11T07:30:00Z,2025-04-11T07:45:00Z,2025-04-11,2025-04-11_10,-3.0,100,97,0,24.971739130434944,10.298080000000164,0.04241616425120773,14.2,0.0,True,True,False,False,-46.9275,0.0,176.51490798039057,207.55645744595353,13623.934541509281,0.0,13961.078406935625
2025-04-11T07:45:00Z,2025-04-11T08:00:00Z,2025-04-11,2025-04-11_10,-3.0,100,97,0,10.298080000000164,10.698148486956685,0.0032317119806763283,0.362,0.11058,True,True,False,False,-46.9275,0.0,176.51490798039057,207.55645744595353,55.122958691633855,-5.682943747488547,386.5838803704894
2025-04-11T08:00:00Z,2025-04-11T08:15:00Z,2025-04-11,2025-04-11_11,0.0,100,100,0,10.698148486956685,10.732853704347988,0.0008210410628019324,0.12,0.1795,True,True,False,False,0.0,0.0,176.81628224704653,214.39765329904364,12.204211203086073,-6.8522462428674755,396.56590050630876
2025-04-11T08:15:00Z,2025-04-11T08:30:00Z,2025-04-11,2025-04-11_11,0.0,100,100,0,10.732853704347988,13.346381530434945,0.007582867149758453,0.0535,2.904,True,True,False,False,0.0,0.0,176.81628224704653,214.39765329904364,5.441044161375874,2.844953789279113,399.49993349674514
2025-04-11T08:30:00Z,2025-04-11T08:45:00Z,2025-04-11,2025-04-11_11,0.0,100,100,0,13.346381530434945,25.183101530434946,0.03287977777777778,0.0,12.866,True,True,False,False,0.0,0.0,176.81628224704653,214.39765329904364,0.0,7312.309362693885,7703.523298239976
2025-04-11T08:45:00Z,2025-04-11T09:00:00Z,2025-04-11,2025-04-11_11,0.0,100,100,0,25.183101530434946,41.89214153043494,0.046414,0.0,18.162,True,True,False,False,0.0,0.0,176.81628224704653,214.39765329904364,0.0,13243.171221168528,13634.385156714618
2025-04-11T09:00:00Z,2025-04-11T09:15:00Z,2025-04-11,2025-04-11_12,0.0,100,100,0,41.89214153043494,43.685419791304504,0.007170338164251207,0.3625,2.3775,True,True,False,False,0.0,0.0,176.51490798039057,213.97572932572533,32.874959816764445,336.28355099252593,759.6491481154063
2025-04-11T09:15:00Z,2025-04-11T09:30:00Z,2025-04-11,2025-04-11_12,0.0,100,100,0,43.685419791304504,43.24745022608711,0.0018299154589371978,0.5045,0.12,True,True,False,False,0.0,0.0,176.51490798039057,213.97572932572533,45.75287511050389,-5.927019207586595,430.3164932090332
2025-04-11T09:30:00Z,2025-04-11T09:45:00Z,2025-04-11,2025-04-11_12,0.0,100,100,0,43.24745022608711,42.9590797913045,0.0009441400966183574,0.289,0.028000000000000004,True,True,False,False,0.0,0.0,176.51490798039057,213.97572932572533,26.209278309089445,-1.7318966487181553,414.9680189664872
2025-04-11T09:45:00Z,2025-04-11T10:00:00Z,2025-04-11,2025-04-11_12,0.0,100,100,0,42.9590797913045,44.2831597913045,0.004303,0.1035,1.5615,True,True,False,False,0.0,0.0,176.51490798039057,213.97572932572533,9.386367837338263,1079.010241400788,1478.887246544242
2025-04-11T10:00:00Z,2025-04-11T10:15:00Z,2025-04-11,2025-04-11_13,0.0,100,100,0,44.2831597913045,46.471427617391456,0.0061932560386473426,0.019,2.401,True,True,False,False,0.0,0.0,176.51490798039057,213.97572932572533,1.717871494012698,308.27852045326694,700.4870292533956
2025-04-11T10:15:00Z,2025-04-11T10:30:00Z,2025-04-11,2025-04-11_13,0.0,100,100,0,46.471427617391456,58.84589109565233,0.0344399347826087,0.011,13.4635,True,True,False,False,0.0,0.0,176.51490798039057,213.97572932572533,0.9945571807441935,11314.141437052962,11705.626631539822
2025-04-11T10:30:00Z,2025-04-11T10:45:00Z,2025-04-11,2025-04-11_13,0.0,100,100,0,58.84589109565233,77.30569109565232,0.051277222222222224,0.0,20.065,True,True,False,False,0.0,0.0,176.51490798039057,213.97572932572533,0.0,16215.762844571247,16606.253481877364
2025-04-11T10:45:00Z,2025-04-11T11:00:00Z,2025-04-11,2025-04-11_13,0.0,100,100,0,77.30569109565232,86.78583109565233,0.026333722222222224,0.0,10.3045,True,True,False,False,0.0,0.0,176.51490798039057,213.97572932572533,0.0,-32.54368630957165,357.9469509965443
2025-04-11T11:00:00Z,2025-04-11T11:15:00Z,2025-04-11,2025-04-11_14,0.0,100,100,0,86.78583109565233,100.76155109565232,0.03882144444444445,0.0,15.191000000000003,True,True,False,False,0.0,0.0,176.51490798039057,213.97572932572533,0.0,5197.640388571889,5588.131025878005
2025-04-11T11:15:00Z,2025-04-11T11:30:00Z,2025-04-11,2025-04-11_14,0.0,100,100,0,100.76155109565232,109.34331109565233,0.02383822222222222,0.0,9.328,True,True,False,False,0.0,0.0,176.51490798039057,213.97572932572533,0.0,-37.50541187816443,352.9852254279515
2025-04-11T11:30:00Z,2025-04-11T11:45:00Z,2025-04-11,2025-04-11_14,0.0,100,100,0,109.34331109565233,106.37755370434797,0.008304659420289856,2.7395,0.013,True,True,False,False,0.0,0.0,176.51490798039057,213.97572932572533,321.4487204653219,-1.0186450212971148,710.9207127501408
2025-04-11T11:45:00Z,2025-04-11T12:00:00Z,2025-04-11,2025-04-11_14,0.0,100,100,0,106.37755370434797,101.78190153043494,0.012765700483091787,4.228,0.0,True,True,False,False,0.0,0.0,176.51490798039057,213.97572932572533,554.328244796271,0.0,944.8188821023869
2025-04-11T12:00:00Z,2025-04-11T12:15:00Z,2025-04-11,2025-04-11_15,-41.999999999999915,100,58,0,101.78190153043494,104.85586264347839,0.031223925797101426,6.477000000000001,0.0,True,True,False,False,-0.0,0.0,176.51490798039057,124.10592300892067,1093.6242463634173,0.0,1394.2450773527287
2025-04-11T12:15:00Z,2025-04-11T12:30:00Z,2025-04-11,2025-04-11_15,-41.999999999999915,100,58,0,104.85586264347839,110.76221704347836,0.029335706666666628,3.6915000000000004,0.0,True,True,False,False,-0.0,0.0,176.51490798039057,124.10592300892067,538.9269593345657,0.0,839.5477903238769
2025-04-11T12:30:00Z,2025-04-11T12:45:00Z,2025-04-11,2025-04-11_15,-41.999999999999915,100,58,0,110.76221704347836,108.1632569043479,0.03500578705314009,12.056,0.0,True,True,False,False,-0.0,0.0,176.51490798039057,124.10592300892067,5444.989745238286,0.0,5745.6105762275965
2025-04-11T12:45:00Z,2025-04-11T13:00:00Z,2025-04-11,2025-04-11_15,-41.999999999999915,100,58,0,108.1632569043479,101.25850987826092,0.03787624618357491,16.2905,0.0,True,True,False,False,-0.0,0.0,176.51490798039057,124.10592300892067,12262.453600417908,0.0,12563.07443140722
2025-04-11T13:00:00Z,2025-04-11T13:15:00Z,2025-04-11,2025-04-11_16,-100.00000000000014,100,0,0,101.25850987826092,120.90050987826095,0.0545611111111112,3.65,0.0,True,True,False,False,-0.25000000000000033,0.0,176.51490798039057,0.0,1783.742797155027,0.0,1960.0077051354174
2025-04-11T13:15:00Z,2025-04-11T13:30:00Z,2025-04-11,2025-04-11_16,-100.00000000000014,100,0,0,120.90050987826095,143.30434987826098,0.06223288888888899,0.648,0.0,True,True,False,False,-0.25000000000000033,0.0,176.51490798039057,0.0,58.592365185244724,0.0,234.8572731656353
2025-04-11T13:30:00Z,2025-04-11T13:45:00Z,2025-04-11,2025-04-11_16,-100.00000000000014,100,0,0,143.30434987826098,161.96930987826102,0.0518471111111112,4.712,0.0,True,True,False,False,-0.25000000000000033,0.0,176.51490798039057,0.0,1026.108719762115,0.0,1202.3736277425055
2025-04-11T13:45:00Z,2025-04-11T14:00:00Z,2025-04-11,2025-04-11_16,-100.00000000000014,100,0,0,161.96930987826102,177.05638987826103,0.04190855555555565,8.601,0.0,True,True,False,False,-0.25000000000000033,0.0,176.51490798039057,0.0,2980.7497169091057,0.0,3157.014624889496
2025-04-11T14:00:00Z,2025-04-11T14:15:00Z,2025-04-11,2025-04-11_17,-48.84518864348547,100,51,0,177.05638987826103,189.85925965715887,0.03664778675213995,0.351,2.08845,True,True,False,False,-574.6636443906066,0.0,176.51490798039057,109.12762195611991,48.252274371132366,-29.7935192075866,-270.5623592905503
2025-04-11T14:15:00Z,2025-04-11T14:30:00Z,2025-04-11,2025-04-11_17,-48.84518864348547,100,51,0,189.85925965715887,189.99999999999972,0.03447561861584904,11.034,0.0,True,True,False,False,-574.6636443906066,0.0,176.51490798039057,109.12762195611991,11267.98588845134,0.0,10978.964773997244
2025-04-11T14:30:00Z,2025-04-11T14:45:00Z,2025-04-11,2025-04-11_17,-48.84518864348547,100,51,0,189.99999999999972,178.97318993508964,0.03776636429132863,22.1415,0.0,True,True,False,False,-574.6636443906066,0.0,176.51490798039057,109.12762195611991,26819.926171140403,0.0,26530.905056686308
2025-04-11T14:45:00Z,2025-04-11T15:00:00Z,2025-04-11,2025-04-11_17,-48.84518864348547,100,51,0,178.97318993508964,165.7390103522667,0.038416810578118236,24.337,0.0,True,True,False,False,-574.6636443906066,0.0,176.51490798039057,109.12762195611991,33224.322602467255,0.0,32935.30148801316
2025-04-11T15:00:00Z,2025-04-11T15:15:00Z,2025-04-11,2025-04-11_18,1.5617735240854493,0,0,0,165.7390103522667,165.31461537289564,0.00117887494269735,0.0,0.0,True,False,False,False,37.09212119702942,0.0,0.0,0.0,0.0,0.0,37.09212119702942
2025-04-11T15:15:00Z,2025-04-11T15:30:00Z,2025-04-11,2025-04-11_18,1.5617735240854493,0,0,0,165.31461537289564,164.8902203935246,0.00117887494269735,0.0,0.0,True,False,False,False,37.09212119702942,0.0,0.0,0.0,0.0,0.0,37.09212119702942
2025-04-11T15:30:00Z,2025-04-11T15:45:00Z,2025-04-11,2025-04-11_18,1.5617735240854493,0,0,0,164.8902203935246,164.46582541415356,0.00117887494269735,0.0,0.0,True,False,False,False,37.09212119702942,0.0,0.0,0.0,0.0,0.0,37.09212119702942
2025-04-11T15:45:00Z,2025-04-11T16:00:00Z,2025-04-11,2025-04-11_18,1.5617735240854493,0,0,0,164.46582541415356,164.0414304347825,0.00117887494269735,0.0,0.0,True,False,False,False,37.09212119702942,0.0,0.0,0.0,0.0,0.0,37.09212119702942
2025-04-11T16:00:00Z,2025-04-11T16:15:00Z,2025-04-11,2025-04-11_19,0.0,100,100,0,164.0414304347825,184.14373826086947,0.056926700483091786,0.18,22.063,True,True,False,False,0.0,0.0,200.23306276621392,213.97572932572533,32.54842079884272,19586.537740496664,20033.294953387445
2025-04-11T16:15:00Z,2025-04-11T16:30:00Z,2025-04-11,2025-04-11_19,0.0,100,100,0,184.14373826086947,189.1278399999999,0.013877939613526572,0.0055,5.424,True,True,False,False,0.0,0.0,200.23306276621392,213.97572932572533,0.8538934541509282,2612.7721417664548,3027.834827312545
2025-04-11T16:30:00Z,2025-04-11T16:45:00Z,2025-04-11,2025-04-11_19,0.0,100,100,0,189.1278399999999,185.10489130434775,0.016020190821256036,4.5035,0.9479999999999998,True,True,False,False,0.0,0.0,200.23306276621392,213.97572932572533,1106.5614888893354,-40.02905810495861,1480.741222876316
2025-04-11T16:45:00Z,2025-04-11T17:00:00Z,2025-04-11,2025-04-11_19,0.0,100,100,0,185.10489130434775,170.20326086956513,0.041393417874396134,13.7095,0.0,True,True,False,False,0.0,0.0,200.23306276621392,213.97572932572533,3283.9034243148762,0.0,3698.1122164068156
2025-04-11T17:00:00Z,2025-04-11T17:15:00Z,2025-04-11,2025-04-11_20,100.00000000000252,0,100,0,170.20326086956513,146.72499999999923,0.06521739130434971,0.0,3.4000000000000004,True,True,False,False,5380.000000000135,0.0,0.0,213.97572932572533,0.0,-133.28598408743872,5460.689745238421
2025-04-11T17:15:00Z,2025-04-11T17:30:00Z,2025-04-11,2025-04-11_20,100.00000000000252,0,100,0,146.72499999999923,120.87880434782465,0.0717949879227072,0.0,1.2215,True,True,False,False,5380.000000000135,0.0,0.0,213.97572932572533,0.0,-51.66906714618661,5542.306662179673
2025-04-11T17:30:00Z,2025-04-11T17:45:00Z,2025-04-11,2025-04-11_20,100.00000000000252,0,100,0,120.87880434782465,94.02336956521526,0.07459842995169272,0.0,0.293,True,True,False,False,5380.000000000135,0.0,0.0,213.97572932572533,0.0,-18.085679900345575,5575.890049425514
2025-04-11T17:45:00Z,2025-04-11T18:00:00Z,2025-04-11,2025-04-11_20,100.00000000000252,0,100,0,94.02336956521526,67.04728260869285,0.07493357487922896,0.0,0.182,True,True,False,False,5380.000000000135,0.0,0.0,213.97572932572533,0.0,-12.61874467572129,5581.356984650139
2025-04-11T18:00:00Z,2025-04-11T18:15:00Z,2025-04-11,2025-04-11_21,50.67045641347527,49,100,0,67.04728260869285,53.48392358328582,0.03831010117030009,0.04312,0.2515,True,True,False,False,2613.4554656660207,0.0,96.57839749256611,212.64968255243915,7.610101277826891,-15.32006499638351,2914.9735819924695
2025-04-11T18:15:00Z,2025-04-11T18:30:00Z,2025-04-11,2025-04-11_21,50.67045641347527,49,100,0,53.48392358328582,40.07948792506394,0.03818128705769415,0.011515,0.3755,True,True,False,False,2613.4554656660207,0.0,96.57839749256611,212.64968255243915,1.8262282869886681,-22.05975739371534,2902.4500166042994
2025-04-11T18:30:00Z,2025-04-11T18:45:00Z,2025-04-11,2025-04-11_21,50.67045641347527,49,100,0,40.07948792506394,31.577949841708083,0.03683575605666998,0.0,5.2435,True,True,False,False,2613.4554656660207,0.0,96.57839749256611,212.64968255243915,0.0,413.50347193201,3336.187017643036
2025-04-11T18:45:00Z,2025-04-11T19:00:00Z,2025-04-11,2025-04-11_21,50.67045641347527,49,100,0,31.577949841708083,31.652661739127474,0.03453707324953367,0.0,13.780500000000002,True,True,False,False,2613.4554656660207,0.0,96.57839749256611,212.64968255243915,0.0,11113.10442397332,14035.787969684347
2025-04-11T19:00:00Z,2025-04-11T19:15:00Z,2025-04-11,2025-04-11_22,0.0,100,100,0,31.652661739127474,27.244371304344867,0.013597140096618356,4.2795,0.2645,True,True,False,False,0.0,0.0,176.30394599373142,212.64968255243915,989.3072131921562,-10.69978280961183,1367.5610589287148
2025-04-11T19:15:00Z,2025-04-11T19:30:00Z,2025-04-11,2025-04-11_22,0.0,100,100,0,27.244371304344867,29.54014956521443,0.0064133937198067635,0.006,2.5025,True,True,False,False,0.0,0.0,176.30394599373142,212.64968255243915,0.8438479466366633,-96.55531121915938,293.24216527364786
2025-04-11T19:30:00Z,2025-04-11T19:45:00Z,2025-04-11,2025-04-11_22,0.0,100,100,0,29.54014956521443,32.24031391304052,0.007618210144927536,0.0195,2.958,True,True,False,False,0.0,0.0,176.30394599373142,212.64968255243915,2.7425058265691558,92.38549787028852,484.08163224302825
2025-04-11T19:45:00Z,2025-04-11T20:00:00Z,2025-04-11,2025-04-11_22,0.0,100,100,0,32.24031391304052,44.85305391304052,0.035035388888888894,0.0,13.7095,True,True,False,False,0.0,0.0,176.30394599373142,212.64968255243915,0.0,7778.929287450776,8167.882915996947
2025-04-11T20:00:00Z,2025-04-11T20:15:00Z,2025-04-11,2025-04-11_23,0.0,100,100,0,44.85305391304052,23.99644608695356,0.06188079951690822,19.8415,0.772,True,True,False,False,0.0,0.0,176.30394599373142,212.64968255243915,23402.58123744274,126.30650245117737,23917.841368440088
2025-04-11T20:15:00Z,2025-04-11T20:30:00Z,2025-04-11,2025-04-11_23,0.0,100,100,0,23.99644608695356,15.032608695649216,0.02490721497584541,8.248,0.0015,True,True,False,False,0.0,0.0,176.30394599373142,212.64968255243915,3459.9723651852446,-0.11753596399582095,3848.8084577674194
2025-04-11T20:30:00Z,2025-04-11T20:45:00Z,2025-04-11,2025-04-11_23,0.0,100,100,0,15.032608695649216,9.999999999997042,0.013979468599033816,4.63,0.0,True,True,False,False,0.0,0.0,176.30394599373142,212.64968255243915,997.5514164590533,0.0,1386.5050450052238
2025-04-11T20:45:00Z,2025-04-11T21:00:00Z,2025-04-11,2025-04-11_23,0.0,100,100,0,9.999999999997042,10.373547826084,0.0031662560386473432,0.3525,0.8225,True,True,False,False,0.0,0.0,176.30394599373142,212.64968255243915,60.02903891746363,-31.55896739130435,417.42370007232984
2025-04-11T21:00:00Z,2025-04-11T21:15:00Z,2025-04-12,2025-04-11_24,-78.45956149614635,84,21,0,10.373547826084,22.92487930086149,0.03722150342155251,5.91696,0.015645,True,True,False,False,-2158.0302389515055,0.0,148.08936392494073,44.57869570458472,1154.917506714349,-0.6815919295214369,-811.1262645371525
2025-04-11T21:15:00Z,2025-04-11T21:30:00Z,2025-04-12,2025-04-11_24,-78.45956149614635,84,21,0,22.92487930086149,37.108032885427825,0.0410500779384411,4.14876,0.0,True,True,False,False,-2158.0302389515055,0.0,148.08936392494073,44.57869570458472,789.182938498011,0.0,-1176.179240823969
2025-04-11T21:30:00Z,2025-04-11T21:45:00Z,2025-04-12,2025-04-11_24,-78.45956149614635,84,21,0,37.108032885427825,54.16326092317452,0.04779953051453687,1.06428,0.00042,True,True,False,False,-2158.0302389515055,0.0,148.08936392494073,44.57869570458472,181.8271511632579,-0.03290874753887572,-1783.567936906261
2025-04-11T21:45:00Z,2025-04-11T22:00:00Z,2025-04-12,2025-04-11_24,-78.45956149614635,84,21,0,54.16326092317452,72.12598958260853,0.04999048197787121,0.23604000000000003,0.14867999999999998,True,True,False,False,-2158.0302389515055,0.0,148.08936392494073,44.57869570458472,40.86488144010929,-3.07701346084301,-1927.5743113427138
2025-04-11T22:00:00Z,2025-04-11T22:15:00Z,2025-04-12,2025-04-12_1,0.0,100,100,0,72.12598958260853,72.54482001739115,0.0031682487922705315,0.332,0.8475,True,True,False,False,0.0,0.0,176.29686181540563,212.64113794350462,49.471228352151726,-23.54181801743882,414.86741009362316
2025-04-11T22:15:00Z,2025-04-11T22:30:00Z,2025-04-12,2025-04-12_1,0.0,100,100,0,72.54482001739115,71.1924026260868,0.003897270531400966,1.2675,0.0275,True,True,False,False,0.0,0.0,176.29686181540563,212.64113794350462,219.58048378671594,-2.154739422188291,606.3637441234379
2025-04-11T22:30:00Z,2025-04-11T22:45:00Z,2025-04-12,2025-04-12_1,0.0,100,100,0,71.1924026260868,66.65131306086941,0.012724026570048307,4.196,0.0215,True,True,False,False,0.0,0.0,176.29686181540563,212.64113794350462,788.3622574034636,-1.5841596013983203,1175.7160975609754
2025-04-11T22:45:00Z,2025-04-11T23:00:00Z,2025-04-12,2025-04-12_1,0.0,100,100,0,66.65131306086941,66.79383479999984,0.0004985507246376812,0.017,0.175,True,True,False,False,0.0,0.0,176.29686181540563,212.64113794350462,2.417327319484068,-11.783265359424597,379.57206171896974
2025-04-11T23:00:00Z,2025-04-11T23:15:00Z,2025-04-12,2025-04-12_2,0.0,100,100,0,66.79383479999984,59.70307393043463,0.019696557971014494,6.5235,0.0,True,True,False,False,0.0,0.0,176.29686181540563,212.64113794350462,1239.6301386265923,0.0,1628.5681383855026
2025-04-11T23:15:00Z,2025-04-11T23:30:00Z,2025-04-12,2025-04-12_2,0.0,100,100,0,59.70307393043463,58.55533306086941,0.0032188357487922706,1.061,0.006,True,True,False,False,0.0,0.0,176.29686181540563,212.64113794350462,158.54504198979387,-0.4701249648410817,547.012916783863
2025-04-11T23:30:00Z,2025-04-11T23:45:00Z,2025-04-12,2025-04-12_2,0.0,100,100,0,58.55533306086941,58.570571321738974,0.00035633816425120773,0.052,0.078,True,True,False,False,0.0,0.0,176.29686181540563,212.64113794350462,7.503110861092136,-5.307992928034717,391.1331176919677
2025-04-11T23:45:00Z,2025-04-12T00:00:00Z,2025-04-12,2025-04-12_2,0.0,100,100,0,58.570571321738974,58.705153930434626,0.0005972705314009662,0.037,0.19,True,True,False,False,0.0,0.0,176.29686181540563,212.64113794350462,5.2521430867521195,-9.442664845099852,384.7474780005625
2025-04-12T00:00:00Z,2025-04-12T00:15:00Z,2025-04-12,2025-04-12_3,0.0,100,100,0,58.705153930434626,58.42678175652158,0.0018414782608695648,0.43299999999999994,0.209,True,True,False,False,0.0,0.0,176.29686181540563,212.64113794350462,64.4754520432354,-8.440158516494554,444.9732932856511
2025-04-12T00:15:00Z,2025-04-12T00:30:00Z,2025-04-12,2025-04-12_3,0.0,100,100,0,58.42678175652158,59.091987843478094,0.001929316425120773,0.0135,0.739,True,True,False,False,0.0,0.0,176.29686181540563,212.64113794350462,1.964880057861534,-31.162893880339126,359.7399859364327
2025-04-12T00:30:00Z,2025-04-12T00:45:00Z,2025-04-12,2025-04-12_3,0.0,100,100,0,59.091987843478094,59.85756262608679,0.002304736714975846,0.029499999999999995,0.8670000000000001,True,True,False,False,0.0,0.0,176.29686181540563,212.64113794350462,4.387430083979586,-36.752132438622574,356.57329740426724
2025-04-12T00:45:00Z,2025-04-12T01:00:00Z,2025-04-12,2025-04-12_3,0.0,100,100,0,59.85756262608679,60.17000001739114,0.0011305628019323672,0.0435,0.391,True,True,False,False,0.0,0.0,176.29686181540563,212.64113794350462,6.4270476554024185,-19.988337284526057,375.3767101297866
2025-04-12T01:00:00Z,2025-04-12T01:15:00Z,2025-04-12,2025-04-12_4,0.0,100,100,0,60.17000001739114,60.07241132173897,0.0008128574879227052,0.1795,0.106,True,True,False,False,0.0,0.0,176.29686181540563,212.27950335516533,26.43306455177402,-6.356741672359062,408.6526880499859
2025-04-12T01:15:00Z,2025-04-12T01:30:00Z,2025-04-12,2025-04-12_4,0.0,100,100,0,60.07241132173897,60.05199132173897,0.0004988333333333333,0.092,0.0865,True,True,False,False,0.0,0.0,176.29686181540563,212.27950335516533,13.446779443082733,-5.672637119781411,396.35050749387227
2025-04-12T01:30:00Z,2025-04-12T01:45:00Z,2025-04-12,2025-04-12_4,0.0,100,100,0,60.05199132173897,60.18235045217375,0.0005885579710144927,0.0375,0.186,True,True,False,False,0.0,0.0,176.29686181540563,212.27950335516533,5.428534475830755,-11.238811025836782,382.7660886205649
2025-04-12T01:45:00Z,2025-04-12T02:00:00Z,2025-04-12,2025-04-12_4,0.0,100,100,0,60.18235045217375,61.12384610434766,0.002636400966183575,0.0035000000000000005,1.0275,True,True,False,False,0.0,0.0,176.29686181540563,212.27950335516533,0.49222485635070523,-40.76929420982842,348.29929581709325
2025-04-12T02:00:00Z,2025-04-12T02:15:00Z,2025-04-12,2025-04-12_5,0.0,100,100,0,61.12384610434766,62.267745234782446,0.0032650579710144924,0.0145,1.2605,True,True,False,False,0.0,0.0,176.29686181540563,212.64113794350462,2.114356591794913,-50.64792019930084,340.4044361514043
2025-04-12T02:15:00Z,2025-04-12T02:30:00Z,2025-04-12,2025-04-12_5,0.0,100,100,0,62.267745234782446,62.34662001739114,0.0003277922705314009,0.018,0.107,True,True,False,False,0.0,0.0,176.29686181540563,212.64113794350462,2.5933214127857913,-8.12270462490457,383.40861654679145
2025-04-12T02:30:00Z,2025-04-12T02:45:00Z,2025-04-12,2025-04-12_5,0.0,100,100,0,62.34662001739114,62.55186697391287,0.0006335362318840579,0.0105,0.2355,True,True,False,False,0.0,0.0,176.29686181540563,212.64113794350462,1.4766745690521157,-12.505525977417927,377.90914835054446
2025-04-12T02:45:00Z,2025-04-12T03:00:00Z,2025-04-12,2025-04-12_5,0.0,100,100,0,62.55186697391287,62.42513479999983,0.0008043671497584541,0.1915,0.0885,True,True,False,False,0.0,0.0,176.29686181540563,212.64113794350462,28.368231506408968,-6.090522561980149,411.2157087033391
2025-04-12T03:00:00Z,2025-04-12T03:15:00Z,2025-04-12,2025-04-12_6,0.0,100,100,0,62.42513479999983,61.8809478434781,0.001549963768115942,0.507,0.0075,True,True,False,False,0.0,0.0,176.29686181540563,212.64113794350462,91.25246232973036,-0.4671113432715875,479.72335074536903
2025-04-12T03:15:00Z,2025-04-12T03:30:00Z,2025-04-12,2025-04-12_6,0.0,100,100,0,61.8809478434781,67.19053914782592,0.015138357487922707,0.0645,5.8475,True,True,False,False,0.0,0.0,176.29686181540563,212.64113794350462,11.361350906095552,115.14784124241572,515.4471919074215
2025-04-12T03:30:00Z,2025-04-12T03:45:00Z,2025-04-12,2025-04-12_6,0.0,100,100,0,67.19053914782592,67.38654697391287,0.0006592004830917875,0.019,0.2355,True,True,False,False,0.0,0.0,176.29686181540563,212.64113794350462,2.953348334471812,-14.896342568409208,376.99500552497284
2025-04-12T03:45:00Z,2025-04-12T04:00:00Z,2025-04-12,2025-04-12_6,0.0,100,100,0,67.38654697391287,67.32151219130417,0.00047454106280193236,0.1085,0.057499999999999996,True,True,False,False,0.0,0.0,176.29686181540563,212.64113794350462,18.21232249768956,-3.701734339213244,403.4485879173866
2025-04-12T04:00:00Z,2025-04-12T04:15:00Z,2025-04-12,2025-04-12_7,0.0,100,100,0,67.32151219130417,61.913684365217215,0.018821855072463766,5.6045,0.7435,True,True,False,False,0.0,0.0,190.76224534897736,212.64113794350462,1126.1020713625587,-28.68257313055009,1500.8228815244906
2025-04-12T04:15:00Z,2025-04-12T04:30:00Z,2025-04-12,2025-04-12_7,0.0,100,100,0,61.913684365217215,53.514771321738955,0.02333031400966184,7.727,0.0,True,True,False,False,0.0,0.0,190.76224534897736,212.64113794350462,1523.3246313336278,0.0,1926.7280146261098
2025-04-12T04:30:00Z,2025-04-12T04:45:00Z,2025-04-12,2025-04-12_7,0.0,100,100,0,53.514771321738955,53.11147306086939,0.0012046062801932367,0.385,0.0165,True,True,False,False,0.0,0.0,190.76224534897736,212.64113794350462,67.9471551412384,-1.0316627154739422,470.31887571824643
2025-04-12T04:45:00Z,2025-04-12T05:00:00Z,2025-04-12,2025-04-12_7,0.0,100,100,0,53.11147306086939,52.80888697391287,0.0009529613526570048,0.297,0.022,True,True,False,False,0.0,0.0,190.76224534897736,212.64113794350462,52.05531542572427,-1.6032454695222402,453.855453248684
2025-04-12T05:00:00Z,2025-04-12T05:15:00Z,2025-04-12,2025-04-12_8,-1.8103442422033764e-14,100,100,0,52.80888697391287,31.509430452173742,0.05916515700483091,19.5955,0.0,True,True,False,False,-4.819588958805939e-13,0.0,197.99493711576326,212.64113794350462,25587.808151846344,0.0,25998.444226905613
2025-04-12T05:15:00Z,2025-04-12T05:30:00Z,2025-04-12,2025-04-12_8,-1.8103442422033764e-14,100,100,0,31.509430452173742,15.941497408695486,0.04327748067632851,14.328,0.0065,True,True,False,False,-4.819588958805939e-13,0.0,197.99493711576326,212.64113794350462,14615.53009201591,-0.44902941294651827,15025.71713766223
2025-04-12T05:30:00Z,2025-04-12T05:45:00Z,2025-04-12,2025-04-12_8,-1.8103442422033764e-14,100,100,0,15.941497408695486,16.153100017391143,0.0014362149758454222,0.1405,0.396,True,True,False,False,-4.819588958805939e-13,0.0,197.99493711576326,212.64113794350462,24.340028729858965,-9.782410897255595,425.1936928918708
2025-04-12T05:45:00Z,2025-04-12T06:00:00Z,2025-04-12,2025-04-12_8,-1.8103442422033764e-14,100,100,0,16.153100017391143,17.67096088695636,0.004753719806763297,0.089,1.755,True,True,False,False,-4.819588958805939e-13,0.0,197.99493711576326,212.64113794350462,15.389558002169807,-47.61778237634106,378.40785068509615
2025-04-12T06:00:00Z,2025-04-12T06:15:00Z,2025-04-12,2025-04-12_9,1.0,99,100,0,17.67096088695636,10.47621632173897,0.01998540157004831,6.369165000000001,0.0,True,True,False,False,24.605,0.0,196.31333627998552,212.64113794350462,1189.424352903122,0.0,1622.9838271266121
2025-04-12T06:15:00Z,2025-04-12T06:30:00Z,2025-04-12,2025-04-12_9,1.0,99,100,0,10.47621632173897,9.99999999999984,0.006542213115942029,1.062765,1.0315,True,True,False,False,24.605,0.0,196.31333627998552,212.64113794350462,191.64915079559606,-35.50855958934383,589.7000654297424
2025-04-12T06:30:00Z,2025-04-12T06:45:00Z,2025-04-12,2025-04-12_9,1.0,99,100,0,9.99999999999984,20.609952591304186,0.030268799468599037,0.0,11.8065,True,True,False,False,24.605,0.0,196.31333627998552,212.64113794350462,0.0,285.60088118294686,719.160355406437
2025-04-12T06:45:00Z,2025-04-12T07:00:00Z,2025-04-12,2025-04-12_9,1.0,99,100,0,20.609952591304186,24.521671617391142,0.01210145381642512,0.0,4.539,True,True,False,False,24.605,0.0,196.31333627998552,212.64113794350462,0.0,-90.1370950697151,343.422379153775
2025-04-12T07:00:00Z,2025-04-12T07:15:00Z,2025-04-12,2025-04-12_10,3.0,97,100,0,24.521671617391142,24.45795740869549,0.004470419468599033,0.04559,0.8659999999999999,True,True,False,False,51.735,0.0,171.00795596094346,212.64113794350462,7.002636456784666,-36.27199260658174,406.114737754651
2025-04-12T07:15:00Z,2025-04-12T07:30:00Z,2025-04-12,2025-04-12_10,3.0,97,100,0,24.45795740869549,23.758115530434615,0.0028562363285024157,0.05044,0.184,True,True,False,False,51.735,0.0,171.00795596094346,212.64113794350462,7.684717523204886,-10.19811146381645,432.8706999638365
2025-04-12T07:30:00Z,2025-04-12T07:45:00Z,2025-04-12,2025-04-12_10,3.0,97,100,0,23.758115530434615,22.8880374608694,0.003145676859903381,0.17557,0.147,True,True,False,False,51.735,0.0,171.00795596094346,212.64113794350462,27.79215181018202,-9.64962530638486,453.52662040824526
2025-04-12T07:45:00Z,2025-04-12T08:00:00Z,2025-04-12,2025-04-12_10,3.0,97,100,0,22.8880374608694,24.624002782608528,0.00980083966183575,0.16296,2.9495,True,True,False,False,51.735,0.0,171.00795596094346,212.64113794350462,25.809617503114076,-79.55780558122714,381.63590582633503
2025-04-12T08:00:00Z,2025-04-12T08:15:00Z,2025-04-12,2025-04-12_11,-31.87229888346525,100,68,0,24.624002782608528,18.694427595752387,0.037280315238085886,13.0655,0.26758,True,True,False,False,-160.87542861429085,0.0,176.29686181540563,144.3500622815124,11669.96106692249,-10.542084305058864,11819.190478100058
2025-04-12T08:15:00Z,2025-04-12T08:30:00Z,2025-04-12,2025-04-12_11,-31.87229888346525,100,68,0,18.694427595752387,13.887872260241803,0.03495083293331809,11.741,0.0,True,True,False,False,-160.87542861429085,0.0,176.29686181540563,144.3500622815124,2244.2095662394017,0.0,2403.981061722029
2025-04-12T08:30:00Z,2025-04-12T08:45:00Z,2025-04-12,2025-04-12_11,-31.87229888346525,100,68,0,13.887872260241803,15.923666078718576,0.02672684787251344,5.122,0.0,True,True,False,False,-160.87542861429085,0.0,176.29686181540563,144.3500622815124,595.168291075662,0.0,754.9397865582891
2025-04-12T08:45:00Z,2025-04-12T09:00:00Z,2025-04-12,2025-04-12_11,-31.87229888346525,100,68,0,15.923666078718576,22.959459285203586,0.02191352918728469,0.576,0.32674000000000003,True,True,False,False,-160.87542861429085,0.0,176.29686181540563,144.3500622815124,63.70439185116727,-13.621475111503997,209.85441222229048
2025-04-12T09:00:00Z,2025-04-12T09:15:00Z,2025-04-12,2025-04-12_12,-8.000000000000274,100,92,0,22.959459285203586,24.44593448520365,0.0064818755555557245,0.4235,0.10993999999999998,True,True,False,False,-0.0,0.0,176.29686181540563,195.29714308675207,38.28806204042271,-7.389728842367499,402.4923381002129
2025-04-12T09:15:00Z,2025-04-12T09:30:00Z,2025-04-12,2025-04-12_12,-8.000000000000274,100,92,0,24.44593448520365,26.24044968520371,0.006262542222222394,0.22999999999999998,0.21896,True,True,False,False,-0.0,0.0,176.29686181540563,195.29714308675207,20.79398882950938,-10.707502085426125,381.68049164624097
2025-04-12T09:30:00Z,2025-04-12T09:45:00Z,2025-04-12,2025-04-12_12,-8.000000000000274,100,92,0,26.24044968520371,26.142908885203777,0.009873497777777926,1.8260000000000003,0.02484,True,True,False,False,-0.0,0.0,176.29686181540563,195.29714308675207,181.16925302366698,-1.9832824125045205,550.7799755133202
2025-04-12T09:45:00Z,2025-04-12T10:00:00Z,2025-04-12,2025-04-12_12,-8.000000000000274,100,92,0,26.142908885203777,13.939684085203845,0.03877159777777776,13.0805,0.0,True,True,False,False,-0.0,0.0,176.29686181540563,195.29714308675207,6896.840397597139,0.0,7268.434402499296
2025-04-12T10:00:00Z,2025-04-12T10:15:00Z,2025-04-12,2025-04-12_13,-69.99999999999962,100,30,0,13.939684085203845,19.054419389551576,0.03472209082125603,11.324,0.0,True,True,False,False,138.94999999999925,0.0,176.29686181540563,63.683851006549595,5255.692859725961,0.0,5634.6235725479155
2025-04-12T10:15:00Z,2025-04-12T10:30:00Z,2025-04-12,2025-04-12_13,-69.99999999999962,100,30,0,19.054419389551576,22.13585243302974,0.03287113043478265,13.419999999999998,0.0,True,True,False,False,138.94999999999925,0.0,176.29686181540563,63.683851006549595,6333.0650018081715,0.0,6711.995714630126
2025-04-12T10:30:00Z,2025-04-12T10:45:00Z,2025-04-12,2025-04-12_13,-69.99999999999962,100,30,0,22.13585243302974,20.965879389551382,0.02900098067632864,17.8025,0.0,True,True,False,False,138.94999999999925,0.0,176.29686181540563,63.683851006549595,10468.502354642984,0.0,10847.433067464939
2025-04-12T10:45:00Z,2025-04-12T11:00:00Z,2025-04-12,2025-04-12_13,-69.99999999999962,100,30,0,20.965879389551382,31.171631041725206,0.03935655652173902,6.076,0.0,True,True,False,False,138.94999999999925,0.0,176.29686181540563,63.683851006549595,996.04211998232,0.0,1374.9728328042745
2025-04-12T11:00:00Z,2025-04-12T11:15:00Z,2025-04-12,2025-04-12_14,-100.0,100,0,0,31.171631041725206,49.13049104172521,0.04988572222222222,5.4795,0.0,True,True,False,False,336.5,0.0,176.29686181540563,0.0,844.5997421344476,0.0,1357.3966039498532
2025-04-12T11:15:00Z,2025-04-12T11:30:00Z,2025-04-12,2025-04-12_14,-100.0,100,0,0,49.13049104172521,72.12911104172521,0.06388505555555556,0.0015,0.0,True,True,False,False,336.5,0.0,176.29686181540563,0.0,0.1356129706272351,0.0,512.9324747860329
2025-04-12T11:30:00Z,2025-04-12T11:45:00Z,2025-04-12,2025-04-12_14,-100.0,100,0,0,72.12911104172521,93.30475104172521,0.058821222222222226,1.983,0.0,True,True,False,False,336.5,0.0,176.29686181540563,0.0,179.28034716920482,0.0,692.0772089846105
2025-04-12T11:45:00Z,2025-04-12T12:00:00Z,2025-04-12,2025-04-12_14,-100.0,100,0,0,93.30475104172521,116.26933104172521,0.0637905,0.0385,0.0,True,True,False,False,336.5,0.0,176.29686181540563,0.0,3.480732912765701,0.0,516.2775947281714
2025-04-12T12:00:00Z,2025-04-12T12:15:00Z,2025-04-12,2025-04-12_15,1.5612511283791264e-15,100,100,0,116.26933104172521,135.7549310417252,0.05412666666666667,0.0,21.18,True,True,False,False,-1.9984014443252818e-15,0.0,176.29686181540563,212.64113794350462,0.0,17343.62175834773,17732.55975810664
2025-04-12T12:15:00Z,2025-04-12T12:30:00Z,2025-04-12,2025-04-12_15,1.5612511283791264e-15,100,100,0,135.7549310417252,156.2396510417252,0.056902,0.0,22.266,True,True,False,False,-1.9984014443252818e-15,0.0,176.29686181540563,212.64113794350462,0.0,17634.76683650098,18023.70483625989
2025-04-12T12:30:00Z,2025-04-12T12:45:00Z,2025-04-12,2025-04-12_15,1.5612511283791264e-15,100,100,0,156.2396510417252,167.9374510417252,0.032493888888888885,0.0,12.714999999999998,True,True,False,False,-1.9984014443252818e-15,0.0,176.29686181540563,212.64113794350462,0.0,945.146459999196,1334.0844597581063
2025-04-12T12:45:00Z,2025-04-12T13:00:00Z,2025-04-12,2025-04-12_15,1.5612511283791264e-15,100,100,0,167.9374510417252,175.9589310417252,0.02228188888888889,0.0,8.719,True,True,False,False,-1.9984014443252818e-15,0.0,176.29686181540563,212.64113794350462,0.0,-40.081054164825005,348.85694559408523
2025-04-12T13:00:00Z,2025-04-12T13:15:00Z,2025-04-12,2025-04-12_16,1.3324058666588537e-13,100,100,0,175.9589310417252,179.74134408520345,0.01051274154589379,0.001,4.1125,True,True,False,False,0.0,0.0,176.29686181540563,212.27950335516533,0.09040864708482341,-83.96691545786956,304.6998583597862
2025-04-12T13:15:00Z,2025-04-12T13:30:00Z,2025-04-12,2025-04-12_16,1.3324058666588537e-13,100,100,0,179.74134408520345,184.12514408520343,0.012177222222222289,0.0,4.765,True,True,False,False,0.0,0.0,176.29686181540563,212.27950335516533,0.0,-168.13057519990352,220.44578997066745
2025-04-12T13:30:00Z,2025-04-12T13:45:00Z,2025-04-12,2025-04-12_16,1.3324058666588537e-13,100,100,0,184.12514408520343,184.48014843302948,0.0043677657004831845,0.56,1.0475,True,True,False,False,0.0,0.0,176.29686181540563,212.27950335516533,50.62884236750111,-42.14054576686624,397.0646617712058
2025-04-12T13:45:00Z,2025-04-12T14:00:00Z,2025-04-12,2025-04-12_16,1.3324058666588537e-13,100,100,0,184.48014843302948,182.50840930259466,0.005477053140096719,1.814,0.0,True,True,False,False,0.0,0.0,176.29686181540563,212.27950335516533,164.00128581186965,0.0,552.5776509824407
2025-04-12T14:00:00Z,2025-04-12T14:15:00Z,2025-04-12,2025-04-12_17,-31.833980643564658,100,68,0,182.50840930259466,189.9550129500414,0.021063710239332206,0.092,0.23901999999999998,True,True,False,False,-67.16969915792143,0.0,176.29686181540563,144.59597380158314,9.093534777192913,-12.163060979627916,250.65361025663233
2025-04-12T14:15:00Z,2025-04-12T14:30:00Z,2025-04-12,2025-04-12_17,-31.833980643564658,100,68,0,189.9550129500414,189.81181240687658,0.02932812100222923,7.2215,0.00068,True,True,False,False,-67.16969915792143,0.0,176.29686181540563,144.59597380158314,1764.708904548559,-0.05464700446015992,2018.3773940031663
2025-04-12T14:30:00Z,2025-04-12T14:45:00Z,2025-04-12,2025-04-12_17,-31.833980643564658,100,68,0,189.81181240687658,175.0018745345708,0.046983152189402216,21.408,0.0,True,True,False,False,-67.16969915792143,0.0,176.29686181540563,144.59597380158314,20717.11092859726,0.0,20970.834065056326
2025-04-12T14:45:00Z,2025-04-12T15:00:00Z,2025-04-12,2025-04-12_17,-31.833980643564658,100,68,0,175.0018745345708,163.3889999999998,0.043140383331012076,18.317,0.0017000000000000001,True,True,False,False,-67.16969915792143,0.0,176.29686181540563,144.59597380158314,16727.611822437415,-0.07855506891147988,16981.25640382757
2025-04-12T15:00:00Z,2025-04-12T15:15:00Z,2025-04-12,2025-04-12_18,1.289092432307014e-13,100,100,0,163.3889999999998,183.5885199999998,0.056109777777777724,0.0,21.956,True,True,False,False,2.8086101368889068e-12,0.0,176.29686181540563,212.27950335516533,0.0,28865.76590509101,29254.342270261586
2025-04-12T15:15:00Z,2025-04-12T15:30:00Z,2025-04-12,2025-04-12_18,1.289092432307014e-13,100,100,0,183.5885199999998,188.10054347826062,0.02308593478260874,1.7475,6.969,True,True,False,False,2.8086101368889068e-12,0.0,176.29686181540563,212.27950335516533,310.25094075219994,3723.1995210350788,4422.026826957853
2025-04-12T15:30:00Z,2025-04-12T15:45:00Z,2025-04-12,2025-04-12_18,1.289092432307014e-13,100,100,0,188.10054347826062,173.39130434782578,0.04085899758454115,13.5325,0.0,True,True,False,False,2.8086101368889068e-12,0.0,176.29686181540563,212.27950335516533,3750.436102684132,0.0,4139.012467854705
2025-04-12T15:45:00Z,2025-04-12T16:00:00Z,2025-04-12,2025-04-12_18,1.289092432307014e-13,100,100,0,173.39130434782578,147.24347826086924,0.07263285024154598,24.056,0.0,True,True,False,False,2.8086101368889068e-12,0.0,176.29686181540563,212.27950335516533,25912.677206573717,0.0,26301.25357174429
2025-04-12T16:00:00Z,2025-04-12T16:15:00Z,2025-04-12,2025-04-12_19,0.0,100,100,0,147.24347826086924,169.2607121739127,0.0612163502415459,0.0095,23.943,True,True,False,False,0.0,0.0,197.69357495881383,212.27950335516533,1.7177642946116445,33145.661903202476,33557.35274581107
2025-04-12T16:15:00Z,2025-04-12T16:30:00Z,2025-04-12,2025-04-12_19,0.0,100,100,0,169.2607121739127,179.29745217391272,0.027879833333333333,0.0,10.9095,True,True,False,False,0.0,0.0,197.69357495881383,212.27950335516533,0.0,7309.014310885201,7718.98738919918
2025-04-12T16:30:00Z,2025-04-12T16:45:00Z,2025-04-12,2025-04-12_19,0.0,100,100,0,179.29745217391272,183.5285817391301,0.011901084541062801,0.0245,4.628,True,True,False,False,0.0,0.0,197.69357495881383,212.27950335516533,3.807206674167236,986.467674689597,1400.2479596777434
2025-04-12T16:45:00Z,2025-04-12T17:00:00Z,2025-04-12,2025-04-12_19,0.0,100,100,0,183.5285817391301,183.52511043478228,0.0007814202898550725,0.131,0.151,True,True,False,False,0.0,0.0,197.69357495881383,212.27950335516533,-30.941018804998592,-8.215141439305661,370.8169180696749
2025-04-12T17:00:00Z,2025-04-12T17:15:00Z,2025-04-12,2025-04-12_20,18.000000000000014,82,100,0,183.52511043478228,182.15086481739098,0.019362180048309186,0.006149999999999999,3.7089999999999996,True,True,False,False,879.7050000000007,0.0,162.1087314662273,212.27950335516533,0.9967055189456342,-71.12257503917706,1183.9673653011619
2025-04-12T17:15:00Z,2025-04-12T17:30:00Z,2025-04-12,2025-04-12_20,18.000000000000014,82,100,0,182.15086481739098,176.93296359999968,0.0150075811594203,0.40753999999999996,0.1225,True,True,False,False,879.7050000000007,0.0,162.1087314662273,212.27950335516533,73.24543640856672,-6.485308594848715,1320.8533626351114
2025-04-12T17:30:00Z,2025-04-12T17:45:00Z,2025-04-12,2025-04-12_20,18.000000000000014,82,100,0,176.93296359999968,166.90819186086924,0.027846588164251215,4.72279,0.0,True,True,False,False,879.7050000000007,0.0,162.1087314662273,212.27950335516533,971.6580130971993,0.0,2225.7512479185925
2025-04-12T17:45:00Z,2025-04-12T18:00:00Z,2025-04-12,2025-04-12_20,18.000000000000014,82,100,0,166.90819186086924,148.0171701217388,0.05247506038647344,12.879740000000002,0.0,True,True,False,False,879.7050000000007,0.0,162.1087314662273,212.27950335516533,3682.139998352554,0.0,4936.233233173947
2025-04-12T18:00:00Z,2025-04-12T18:15:00Z,2025-04-12,2025-04-12_21,100.00000000000003,0,0,0,148.0171701217388,120.84325707826052,0.07548309178743963,0.0,0.0,True,False,False,False,5174.000000000002,0.0,0.0,0.0,0.0,0.0,5174.000000000002
2025-04-12T18:15:00Z,2025-04-12T18:30:00Z,2025-04-12,2025-04-12_21,100.00000000000003,0,0,0,120.84325707826052,93.66934403478226,0.07548309178743963,0.0,0.0,True,False,False,False,5174.000000000002,0.0,0.0,0.0,0.0,0.0,5174.000000000002
2025-04-12T18:30:00Z,2025-04-12T18:45:00Z,2025-04-12,2025-04-12_21,100.00000000000003,0,0,0,93.66934403478226,66.49543099130399,0.07548309178743963,0.0,0.0,True,False,False,False,5174.000000000002,0.0,0.0,0.0,0.0,0.0,5174.000000000002
2025-04-12T18:45:00Z,2025-04-12T19:00:00Z,2025-04-12,2025-04-12_21,100.00000000000003,0,0,0,66.49543099130399,39.321517947825726,0.07548309178743963,0.0,0.0,True,False,False,False,5174.000000000002,0.0,0.0,0.0,0.0,0.0,5174.000000000002
2025-04-12T19:00:00Z,2025-04-12T19:15:00Z,2025-04-12,2025-04-12_22,0.34559651200015135,0,0,0,39.321517947825726,39.22760585217351,0.00026086693236726397,0.0,0.0,True,False,False,False,13.2441223311258,0.0,0.0,0.0,0.0,0.0,13.2441223311258
2025-04-12T19:15:00Z,2025-04-12T19:30:00Z,2025-04-12,2025-04-12_22,0.34559651200015135,0,0,0,39.22760585217351,39.133693756521296,0.00026086693236726397,0.0,0.0,True,False,False,False,13.2441223311258,0.0,0.0,0.0,0.0,0.0,13.2441223311258
2025-04-12T19:30:00Z,2025-04-12T19:45:00Z,2025-04-12,2025-04-12_22,0.34559651200015135,0,0,0,39.133693756521296,39.03978166086908,0.00026086693236726397,0.0,0.0,True,False,False,False,13.2441223311258,0.0,0.0,0.0,0.0,0.0,13.2441223311258
2025-04-12T19:45:00Z,2025-04-12T20:00:00Z,2025-04-12,2025-04-12_22,0.34559651200015135,0,0,0,39.03978166086908,38.94586956521687,0.00026086693236726397,0.0,0.0,True,False,False,False,13.2441223311258,0.0,0.0,0.0,0.0,0.0,13.2441223311258
2025-04-12T20:00:00Z,2025-04-12T20:15:00Z,2025-04-12,2025-04-12_23,0.0,100,100,0,38.94586956521687,26.40071999999948,0.03965719323671497,12.338,0.941,True,True,False,False,0.0,0.0,176.29686181540563,212.27950335516533,8345.261185357816,-12.116693655322054,8721.720856873066
2025-04-12T20:15:00Z,2025-04-12T20:30:00Z,2025-04-12,2025-04-12_23,0.0,100,100,0,26.40071999999948,13.370828695651655,0.036194142512077296,11.9875,0.0,True,True,False,False,0.0,0.0,176.29686181540563,212.27950335516533,3152.5699235544666,0.0,3541.1462887250377
2025-04-12T20:30:00Z,2025-04-12T20:45:00Z,2025-04-12,2025-04-12_23,0.0,100,100,0,13.370828695651655,9.999999999999481,0.00998441304347826,3.2039999999999997,0.1215,True,True,False,False,0.0,0.0,176.29686181540563,212.27950335516533,629.105084582312,-7.478813939004299,1010.2026358138786
2025-04-12T20:45:00Z,2025-04-12T21:00:00Z,2025-04-12,2025-04-12_23,0.0,100,100,0,9.999999999999481,16.879759999999482,0.019110444444444444,0.0,7.478,True,True,False,False,0.0,0.0,176.29686181540563,212.27950335516533,0.0,-70.26080845421303,318.31555671635795
2025-04-12T21:00:00Z,2025-04-12T21:15:00Z,2025-04-13,2025-04-12_24,-63.0,100,37,0,16.879759999999482,20.783239008695134,0.035810177198067644,11.1745,0.41773,True,True,False,False,-1758.33,0.0,176.29686181540563,78.67722103909671,5456.312087937477,-11.498946883915297,3941.4572239080644
2025-04-12T21:15:00Z,2025-04-12T21:30:00Z,2025-04-13,2025-04-12_24,-63.0,100,37,0,20.783239008695134,27.270799843477743,0.03623277768115942,8.151,0.0,True,True,False,False,-1758.33,0.0,176.29686181540563,78.67722103909671,1587.6616514646198,0.0,84.30573431912222
2025-04-12T21:30:00Z,2025-04-12T21:45:00Z,2025-04-13,2025-04-12_24,-63.0,100,37,0,27.270799843477743,36.32864478260818,0.037523059613526574,5.533,0.0,True,True,False,False,-1758.33,0.0,176.29686181540563,78.67722103909671,1086.098308554667,0.0,-417.25760859083056
2025-04-12T21:45:00Z,2025-04-12T22:00:00Z,2025-04-13,2025-04-12_24,-63.0,100,37,0,36.32864478260818,48.65236064347774,0.03916252594202898,2.2065,0.0,True,True,False,False,-1758.33,0.0,176.29686181540563,78.67722103909671,383.159385522562,0.0,-1120.1965316229357
2025-04-12T22:00:00Z,2025-04-12T22:15:00Z,2025-04-13,2025-04-13_1,-1.6429525875142943,100,98,0,48.65236064347774,28.468672718383555,0.05657261963162759,18.9645,0.0,True,True,False,False,-43.78057907578716,0.0,176.29686181540563,208.38831518463454,22318.77878410415,0.0,22659.683382028405
2025-04-12T22:15:00Z,2025-04-12T22:30:00Z,2025-04-13,2025-04-13_1,-1.6429525875142943,100,98,0,28.468672718383555,10.811744367263291,0.0497495424219659,16.634,0.0,True,True,False,False,-43.78057907578716,0.0,176.29686181540563,208.38831518463454,16281.305328484752,0.0,16622.209926409007
2025-04-12T22:30:00Z,2025-04-12T22:45:00Z,2025-04-13,2025-04-13_1,-1.6429525875142943,100,98,0,10.811744367263291,10.36585498232131,0.0033704201138138714,0.776,0.01911,True,True,False,False,-43.78057907578716,0.0,176.29686181540563,208.38831518463454,127.17083135773697,-1.5357415518142,466.5396877301758
2025-04-12T22:45:00Z,2025-04-12T23:00:00Z,2025-04-13,2025-04-13_1,-1.6429525875142943,100,98,0,10.36585498232131,10.848039589971432,0.0015977671204316867,0.0435,0.16464,True,True,False,False,-43.78057907578716,0.0,176.29686181540563,208.38831518463454,6.325389761722987,-12.244599702656004,334.98538798332
2025-04-12T23:00:00Z,2025-04-12T23:15:00Z,2025-04-13,2025-04-13_2,0.0,100,100,0,10.848039589971432,10.559427416058389,0.0011185893719806764,0.318,0.062,True,True,False,False,0.0,0.0,176.29686181540563,212.64113794350462,54.842318077711255,-4.915219592558364,438.8650982440631
2025-04-12T23:15:00Z,2025-04-12T23:30:00Z,2025-04-13,2025-04-13_2,0.0,100,100,0,10.559427416058389,10.528166546493171,0.0002785024154589372,0.0605,0.0375,True,True,False,False,0.0,0.0,176.29686181540563,212.64113794350462,9.18661881705308,-3.013621569494113,395.11099700646923
2025-04-12T23:30:00Z,2025-04-12T23:45:00Z,2025-04-13,2025-04-13_2,0.0,100,100,0,10.528166546493171,10.583295242145345,0.00038864251207729465,0.039,0.106,True,True,False,False,0.0,0.0,176.29686181540563,212.64113794350462,5.971668340900871,-7.982072166191182,386.92759593361995
2025-04-12T23:45:00Z,2025-04-13T00:00:00Z,2025-04-13,2025-04-13_2,0.0,100,100,0,10.583295242145345,10.047892633449694,0.0016226739130434785,0.515,0.0265,True,True,False,False,0.0,0.0,176.29686181540563,212.64113794350462,89.41603949853337,-2.129625909109173,476.22441334833445
2025-04-13T00:00:00Z,2025-04-13T00:15:00Z,2025-04-13,2025-04-13_3,-100.0,100,0,0,10.047892633449694,24.183692633449695,0.03926611111111111,9.635,0.0,True,True,False,False,-1607.2500000000002,0.0,176.29686181540563,0.0,1871.6085255354199,0.0,440.65538735082527
2025-04-13T00:15:00Z,2025-04-13T00:30:00Z,2025-04-13,2025-04-13_3,-100.0,100,0,0,24.183692633449695,34.6804326334497,0.029157611111111113,13.5905,0.0,True,True,False,False,-1607.2500000000002,0.0,176.29686181540563,0.0,10839.640161731024,0.0,9408.687023546428
2025-04-13T00:30:00Z,2025-04-13T00:45:00Z,2025-04-13,2025-04-13_3,-100.0,100,0,0,34.6804326334497,48.1147326334497,0.0373175,10.3975,0.0,True,True,False,False,-1607.2500000000002,0.0,176.29686181540563,0.0,2592.3457101096956,0.0,1161.392571925101
2025-04-13T00:45:00Z,2025-04-13T01:00:00Z,2025-04-13,2025-04-13_3,-100.0,100,0,0,48.1147326334497,64.4654326334497,0.04541861111111111,7.227500000000001,0.0,True,True,False,False,-1607.2500000000002,0.0,176.29686181540563,0.0,1141.0589509583315,0.0,-289.8941872262631
2025-04-13T01:00:00Z,2025-04-13T01:15:00Z,2025-04-13,2025-04-13_4,0.0,100,100,0,64.4654326334497,49.541519589971436,0.041455314009661834,13.73,0.0,True,True,False,False,0.0,0.0,176.29686181540563,212.64113794350462,7292.195706593803,0.0,7681.1337063527135
2025-04-13T01:15:00Z,2025-04-13T01:30:00Z,2025-04-13,2025-04-13_4,0.0,100,100,0,49.541519589971436,41.424671763884476,0.022546799516908213,7.4675,0.0,True,True,False,False,0.0,0.0,176.29686181540563,212.64113794350462,1907.7186573311367,0.0,2296.656657090047
2025-04-13T01:30:00Z,2025-04-13T01:45:00Z,2025-04-13,2025-04-13_4,0.0,100,100,0,41.424671763884476,30.288258720406215,0.0309344806763285,10.2455,0.0,True,True,False,False,0.0,0.0,176.29686181540563,212.64113794350462,2872.5892154538506,0.0,3261.527215212761
2025-04-13T01:45:00Z,2025-04-13T02:00:00Z,2025-04-13,2025-04-13_4,0.0,100,100,0,30.288258720406215,15.188802198667085,0.041942934782608694,13.8915,0.0,True,True,False,False,0.0,0.0,176.29686181540563,212.64113794350462,6956.386176819223,0.0,7345.324176578133
2025-04-13T02:00:00Z,2025-04-13T02:15:00Z,2025-04-13,2025-04-13_5,-83.83767331359401,100,16,0,15.188802198667085,24.843006646322976,0.036740571327065444,10.1675,0.0,True,True,False,False,-1387.932681706549,0.0,176.29686181540563,34.02258207096074,1955.112157953952,0.0,777.4989201337694
2025-04-13T02:15:00Z,2025-04-13T02:30:00Z,2025-04-13,2025-04-13_5,-83.83767331359401,100,16,0,24.843006646322976,31.478225915583717,0.031465944471394273,13.355499999999997,0.0,True,True,False,False,-1387.932681706549,0.0,176.29686181540563,34.02258207096074,4140.52698738297,0.0,2962.913749562788
2025-04-13T02:30:00Z,2025-04-13T02:45:00Z,2025-04-13,2025-04-13_5,-83.83767331359401,100,16,0,31.478225915583717,35.45999585301785,0.026829964405650664,16.1575,0.0,True,True,False,False,-1387.932681706549,0.0,176.29686181540563,34.02258207096074,12850.390145457468,0.0,11672.776907637286
2025-04-13T02:45:00Z,2025-04-13T03:00:00Z,2025-04-13,2025-04-13_5,-83.83767331359401,100,16,0,35.45999585301785,41.066790434782625,0.029669129927712062,14.4415,0.0,True,True,False,False,-1387.932681706549,0.0,176.29686181540563,34.02258207096074,13693.66334160405,0.0,12516.050103783868
2025-04-13T03:00:00Z,2025-04-13T03:15:00Z,2025-04-13,2025-04-13_6,0.0,100,100,0,41.066790434782625,32.58715130434785,0.02358010869565217,7.8055,0.005,True,True,False,False,0.0,0.0,176.29686181540563,212.64113794350462,3689.5830401414396,-0.40181620926588174,4078.119223691084
2025-04-13T03:15:00Z,2025-04-13T03:30:00Z,2025-04-13,2025-04-13_6,0.0,100,100,0,32.58715130434785,32.515129565217414,0.0003917270531400966,0.098,0.0375,True,True,False,False,0.0,0.0,176.29686181540563,212.64113794350462,14.56963916904408,-3.0106079479246195,400.4970309800297
2025-04-13T03:30:00Z,2025-04-13T03:45:00Z,2025-04-13,2025-04-13_6,0.0,100,100,0,32.515129565217414,32.55237304347828,0.0005865458937198068,0.08,0.135,True,True,False,False,0.0,0.0,176.29686181540563,212.64113794350462,12.608333668180174,-8.211121268131956,393.3352121589585
2025-04-13T03:45:00Z,2025-04-13T04:00:00Z,2025-04-13,2025-04-13_6,0.0,100,100,0,32.55237304347828,28.107065217391323,0.012537188405797102,4.121,0.037,True,True,False,False,0.0,0.0,176.29686181540563,212.64113794350462,654.1398238035922,-2.910150279262265,1040.1676732832402
2025-04-13T04:00:00Z,2025-04-13T04:15:00Z,2025-04-13,2025-04-13_7,0.0,100,100,0,28.107065217391323,16.833152173913064,0.03131642512077294,10.372,0.0,True,True,False,False,0.0,0.0,190.15952103507854,212.64113794350462,1759.0890328283842,0.0,2161.889691806967
2025-04-13T04:15:00Z,2025-04-13T04:30:00Z,2025-04-13,2025-04-13_7,0.0,100,100,0,16.833152173913064,10.000000000000021,0.018980978260869565,6.2865,0.0,True,True,False,False,0.0,0.0,190.15952103507854,212.64113794350462,953.7105747980875,0.0,1356.5112337766707
2025-04-13T04:30:00Z,2025-04-13T04:45:00Z,2025-04-13,2025-04-13_7,0.0,100,100,0,10.000000000000021,13.201929565217414,0.011194973429951691,0.381,3.9305,True,True,False,False,0.0,0.0,190.15952103507854,212.64113794350462,57.717588500020085,-11.205407441636194,449.31284003696703
2025-04-13T04:45:00Z,2025-04-13T05:00:00Z,2025-04-13,2025-04-13_7,0.0,100,100,0,13.201929565217414,24.942509565217414,0.032612722222222224,0.0,12.7615,True,True,False,False,0.0,0.0,190.15952103507854,212.64113794350462,0.0,4232.516307409491,4635.3169663880735
2025-04-13T05:00:00Z,2025-04-13T05:15:00Z,2025-04-13,2025-04-13_8,7.0,93,100,0,24.942509565217414,23.192923600000025,0.006076814347826087,0.07905000000000001,0.256,True,True,False,False,48.5625,0.0,183.29449109977094,212.64113794350462,9.340078153252703,-13.16753646482099,440.6706707317073
2025-04-13T05:15:00Z,2025-04-13T05:30:00Z,2025-04-13,2025-04-13_8,7.0,93,100,0,23.192923600000025,21.503100295652196,0.0060248869565217395,0.04464,0.28,True,True,False,False,48.5625,0.0,183.29449109977094,212.64113794350462,5.274397074777997,-14.927464137903325,434.8450619801502
2025-04-13T05:30:00Z,2025-04-13T05:45:00Z,2025-04-13,2025-04-13_8,7.0,93,100,0,21.503100295652196,19.747632652173934,0.005869745676328502,0.044175,0.209,True,True,False,False,48.5625,0.0,183.29449109977094,212.64113794350462,5.219455438582393,-12.63913790332302,437.0784465785349
2025-04-13T05:45:00Z,2025-04-13T06:00:00Z,2025-04-13,2025-04-13_8,7.0,93,100,0,19.747632652173934,20.729139391304372,0.012008925724637682,0.0041849999999999995,3.1,True,True,False,False,48.5625,0.0,183.29449109977094,212.64113794350462,0.4944747257604371,-75.08098605697754,369.91161771205844
2025-04-13T06:00:00Z,2025-04-13T06:15:00Z,2025-04-13,2025-04-13_9,0.0,100,100,0,20.729139391304372,20.569265478260895,0.0010957608695652175,0.255,0.1275,True,True,False,False,0.0,0.0,197.090850644915,212.64113794350462,26.418069674930685,-6.11261753124121,430.0374407321091
2025-04-13T06:15:00Z,2025-04-13T06:30:00Z,2025-04-13,2025-04-13_9,0.0,100,100,0,20.569265478260895,20.6650106956522,0.0007128188405797102,0.074,0.1915,True,True,False,False,0.0,0.0,197.090850644915,212.64113794350462,7.666420219391648,-11.448755977016113,405.9496528307952
2025-04-13T06:30:00Z,2025-04-13T06:45:00Z,2025-04-13,2025-04-13_9,0.0,100,100,0,20.6650106956522,20.800955043478286,0.0010509323671497586,0.11150000000000002,0.2795,True,True,False,False,0.0,0.0,197.090850644915,212.64113794350462,11.551430465704987,-11.794322738779282,409.4890963153453
2025-04-13T06:45:00Z,2025-04-13T07:00:00Z,2025-04-13,2025-04-13_9,0.0,100,100,0,20.800955043478286,22.287555913043505,0.004250219806763285,0.02,1.6395,True,True,False,False,0.0,0.0,197.090850644915,212.64113794350462,2.0720054647004456,-64.13101850363643,347.6729755494836
2025-04-13T07:00:00Z,2025-04-13T07:15:00Z,2025-04-13,2025-04-13_10,0.0,100,100,0,22.287555913043505,18.259503739130462,0.011981256038647343,3.837,0.155,True,True,False,False,0.0,0.0,176.29686181540563,212.64113794350462,584.9833123719211,-7.061913850604733,966.8593982802266
2025-04-13T07:15:00Z,2025-04-13T07:30:00Z,2025-04-13,2025-04-13_10,0.0,100,100,0,18.259503739130462,10.519829826086983,0.021499094202898552,7.120500000000001,0.0,True,True,False,False,0.0,0.0,176.29686181540563,212.64113794350462,1300.019844195765,0.0,1688.9578439546754
2025-04-13T07:30:00Z,2025-04-13T07:45:00Z,2025-04-13,2025-04-13_10,0.0,100,100,0,10.519829826086983,12.443389826086984,0.010273777777777778,0.8165,3.0555,True,True,False,False,0.0,0.0,176.29686181540563,212.64113794350462,80.70348073291277,-6.125241893357978,463.51623859846507
2025-04-13T07:45:00Z,2025-04-13T08:00:00Z,2025-04-13,2025-04-13_10,0.0,100,100,0,12.443389826086984,16.899869826086984,0.012379111111111113,0.0,4.844,True,True,False,False,0.0,0.0,176.29686181540563,212.64113794350462,0.0,-120.55014264475429,268.38785711415596
2025-04-13T08:00:00Z,2025-04-13T08:15:00Z,2025-04-13,2025-04-13_11,-1.8666328211930983,100,98,0,16.899869826086984,16.361310729550727,0.007461042635875528,1.5115,0.7286300000000001,True,True,False,False,-0.0,0.0,176.29686181540563,208.38831518463454,136.65267006871056,-26.01806654478242,495.3197805239683
2025-04-13T08:15:00Z,2025-04-13T08:30:00Z,2025-04-13,2025-04-13_11,-1.8666328211930983,100,98,0,16.361310729550727,16.397820812234038,0.0028480845103145786,0.4635,0.11907,True,True,False,False,-0.0,0.0,176.29686181540563,208.38831518463454,41.90440792381565,-5.411520267609595,421.17806465624625
2025-04-13T08:30:00Z,2025-04-13T08:45:00Z,2025-04-13,2025-04-13_11,-1.8666328211930983,100,98,0,16.397820812234038,17.28069907986529,0.0025828100476432015,0.022,0.51891,True,True,False,False,-0.0,0.0,176.29686181540563,208.38831518463454,1.9889902358661147,-23.135562838027884,363.5386043978784
2025-04-13T08:45:00Z,2025-04-13T09:00:00Z,2025-04-13,2025-04-13_11,-1.8666328211930983,100,98,0,17.28069907986529,17.73713478260867,0.0019108401367811576,0.1085,0.15729,True,True,False,False,-0.0,0.0,176.29686181540563,208.38831518463454,9.80933820870334,-8.78029222083819,385.7142229879053
2025-04-13T09:00:00Z,2025-04-13T09:15:00Z,2025-04-13,2025-04-13_12,0.0,100,100,0,17.73713478260867,13.640300869565191,0.011965316425120774,3.866,0.11449999999999999,True,True,False,False,0.0,0.0,176.29686181540563,212.64113794350462,375.1761385462289,-4.852942198738297,759.2611961064009
2025-04-13T09:15:00Z,2025-04-13T09:30:00Z,2025-04-13,2025-04-13_12,0.0,100,100,0,13.640300869565191,9.999999999999975,0.010114502415458936,3.3495,0.0005,True,True,False,False,0.0,0.0,176.29686181540563,212.64113794350462,309.60432394422793,-0.03917708040342348,698.5031466227348
2025-04-13T09:30:00Z,2025-04-13T09:45:00Z,2025-04-13,2025-04-13_12,0.0,100,100,0,9.999999999999975,10.017306086956498,0.0015184830917874398,0.24350000000000002,0.3065,True,True,False,False,0.0,0.0,176.29686181540563,212.64113794350462,22.0145055651545,-13.126345582030778,397.82615974203395
2025-04-13T09:45:00Z,2025-04-13T10:00:00Z,2025-04-13,2025-04-13_12,0.0,100,100,0,10.017306086956498,10.205339999999977,0.001690794685990338,0.1935,0.43299999999999994,True,True,False,False,0.0,0.0,176.29686181540563,212.64113794350462,17.494073210913328,-18.738685257363276,387.6933877124603
2025-04-13T10:00:00Z,2025-04-13T10:15:00Z,2025-04-13,2025-04-13_13,0.0,100,100,0,10.205339999999977,10.717879130434758,0.0017196135265700482,0.049,0.615,True,True,False,False,0.0,0.0,176.29686181540563,212.64113794350462,4.430023707156347,-24.145181219110373,369.22284224695625
2025-04-13T10:15:00Z,2025-04-13T10:30:00Z,2025-04-13,2025-04-13_13,0.0,100,100,0,10.717879130434758,13.244659130434759,0.007018833333333334,0.0,2.7465,True,True,False,False,0.0,0.0,176.29686181540563,212.64113794350462,0.0,-58.446032064933505,330.49196769397673
2025-04-13T10:30:00Z,2025-04-13T10:45:00Z,2025-04-13,2025-04-13_13,0.0,100,100,0,13.244659130434759,13.140076521739106,0.0005971739130434782,0.147,0.06,True,True,False,False,0.0,0.0,176.29686181540563,212.64113794350462,13.290071121469039,-4.299437457307027,397.92863342307226
2025-04-13T10:45:00Z,2025-04-13T11:00:00Z,2025-04-13,2025-04-13_13,0.0,100,100,0,13.140076521739106,17.06726521739128,0.010936031400966184,0.0045,4.274,True,True,False,False,0.0,0.0,176.29686181540563,212.64113794350462,0.4068389118817053,-25.939042873789525,363.40579579700244
2025-04-13T11:00:00Z,2025-04-13T11:15:00Z,2025-04-13,2025-04-13_14,4.163336342344337e-15,100,100,0,17.06726521739128,19.494225217391282,0.006741555555555559,0.0,2.638,True,True,False,False,-1.9609314172441827e-14,0.0,176.29686181540563,212.64113794350462,0.0,-45.98400650942259,342.95399324948767
2025-04-13T11:15:00Z,2025-04-13T11:30:00Z,2025-04-13,2025-04-13_14,4.163336342344337e-15,100,100,0,19.494225217391282,27.580565217391282,0.022462055555555558,0.0,8.7895,True,True,False,False,-1.9609314172441827e-14,0.0,176.29686181540563,212.64113794350462,0.0,738.6189062562784,1127.5569060151886
2025-04-13T11:30:00Z,2025-04-13T11:45:00Z,2025-04-13,2025-04-13_14,4.163336342344337e-15,100,100,0,27.580565217391282,43.75830521739128,0.04493816666666667,0.0,17.5845,True,True,False,False,-1.9609314172441827e-14,0.0,176.29686181540563,212.64113794350462,0.0,9088.742461526095,9477.680461285005
2025-04-13T11:45:00Z,2025-04-13T12:00:00Z,2025-04-13,2025-04-13_14,4.163336342344337e-15,100,100,0,43.75830521739128,64.61148521739128,0.057925500000000005,0.0,22.6665,True,True,False,False,-1.9609314172441827e-14,0.0,176.29686181540563,212.64113794350462,0.0,22997.26222415317,23386.20022391208
2025-04-13T12:00:00Z,2025-04-13T12:15:00Z,2025-04-13,2025-04-13_15,-100.0,0,0,0,64.61148521739128,87.61148521739128,0.06388888888888888,0.0,0.0,True,False,False,False,634.5,0.0,0.0,0.0,0.0,0.0,634.5
2025-04-13T12:15:00Z,2025-04-13T12:30:00Z,2025-04-13,2025-04-13_15,-100.0,0,0,0,87.61148521739128,110.61148521739128,0.06388888888888888,0.0,0.0,True,False,False,False,634.5,0.0,0.0,0.0,0.0,0.0,634.5
2025-04-13T12:30:00Z,2025-04-13T12:45:00Z,2025-04-13,2025-04-13_15,-100.0,0,0,0,110.61148521739128,133.61148521739128,0.06388888888888888,0.0,0.0,True,False,False,False,634.5,0.0,0.0,0.0,0.0,0.0,634.5
2025-04-13T12:45:00Z,2025-04-13T13:00:00Z,2025-04-13,2025-04-13_15,-100.0,0,0,0,133.61148521739128,156.61148521739128,0.06388888888888888,0.0,0.0,True,False,False,False,634.5,0.0,0.0,0.0,0.0,0.0,634.5
2025-04-13T13:00:00Z,2025-04-13T13:15:00Z,2025-04-13,2025-04-13_16,4.163336342344337e-15,100,100,0,156.61148521739128,176.05016521739128,0.05399633333333334,0.0,21.129,True,True,False,False,-1.0335482469869817e-14,0.0,176.29686181540563,212.64113794350462,0.0,20670.159318117894,21059.097317876804
2025-04-13T13:15:00Z,2025-04-13T13:30:00Z,2025-04-13,2025-04-13_16,4.163336342344337e-15,100,100,0,176.05016521739128,181.31441391304347,0.01478897584541063,0.0275,5.7545,True,True,False,False,-1.0335482469869817e-14,0.0,176.29686181540563,212.64113794350462,2.4862377948326437,1122.3390710009242,1513.763308554667
2025-04-13T13:30:00Z,2025-04-13T13:45:00Z,2025-04-13,2025-04-13_16,4.163336342344337e-15,100,100,0,181.31441391304347,181.38712173913044,0.0007333671497584572,0.088,0.183,True,True,False,False,-1.0335482469869817e-14,0.0,176.29686181540563,212.64113794350462,7.955960943464459,-11.305086591393096,385.5888741109816
2025-04-13T13:45:00Z,2025-04-13T14:00:00Z,2025-04-13,2025-04-13_16,4.163336342344337e-15,100,100,0,181.38712173913044,181.43541565217393,0.0008165169082125634,0.11299999999999999,0.186,True,True,False,False,-1.0335482469869817e-14,0.0,176.29686181540563,212.64113794350462,10.216177120585042,-11.533128541005343,387.6210483384899
2025-04-13T14:00:00Z,2025-04-13T14:15:00Z,2025-04-13,2025-04-13_17,-2.205174537495904,0,0,0,181.43541565217393,181.942605795798,0.0014088615100668277,0.0,0.0,True,False,False,False,0.005512936343739761,0.0,0.0,0.0,0.0,0.0,0.005512936343739761
2025-04-13T14:15:00Z,2025-04-13T14:30:00Z,2025-04-13,2025-04-13_17,-2.205174537495904,0,0,0,181.942605795798,182.44979593942205,0.0014088615100668277,0.0,0.0,True,False,False,False,0.005512936343739761,0.0,0.0,0.0,0.0,0.0,0.005512936343739761
2025-04-13T14:30:00Z,2025-04-13T14:45:00Z,2025-04-13,2025-04-13_17,-2.205174537495904,0,0,0,182.44979593942205,182.9569860830461,0.0014088615100668277,0.0,0.0,True,False,False,False,0.005512936343739761,0.0,0.0,0.0,0.0,0.0,0.005512936343739761
2025-04-13T14:45:00Z,2025-04-13T15:00:00Z,2025-04-13,2025-04-13_17,-2.205174537495904,0,0,0,182.9569860830461,183.46417622667016,0.0014088615100668277,0.0,0.0,True,False,False,False,0.005512936343739761,0.0,0.0,0.0,0.0,0.0,0.005512936343739761
2025-04-13T15:00:00Z,2025-04-13T15:15:00Z,2025-04-13,2025-04-13_18,83.93851175393537,16,100,0,183.46417622667016,186.73903282910376,0.011101514801366329,0.0,24.6045,True,True,False,False,1360.6432755312924,0.0,28.2074978904649,212.64113794350462,0.0,34093.851684514004,35695.34359587927
2025-04-13T15:15:00Z,2025-04-13T15:30:00Z,2025-04-13,2025-04-13_18,83.93851175393537,16,100,0,186.73903282910376,187.32537231297098,0.016487763494236335,0.0,22.0685,True,True,False,False,1360.6432755312924,0.0,28.2074978904649,212.64113794350462,0.0,22459.999286776227,24061.491198141488
2025-04-13T15:30:00Z,2025-04-13T15:45:00Z,2025-04-13,2025-04-13_18,83.93851175393537,16,100,0,187.32537231297098,170.1118854726683,0.05214970151773436,0.0015199999999999999,5.28,True,True,False,False,1360.6432755312924,0.0,28.2074978904649,212.64113794350462,0.22875184634548157,-31.42286334230723,1570.2977998693002
2025-04-13T15:45:00Z,2025-04-13T16:00:00Z,2025-04-13,2025-04-13_18,83.93851175393537,16,100,0,170.1118854726683,146.97527999999932,0.06428928200820566,0.32592,0.025499999999999995,True,True,False,False,1360.6432755312924,0.0,28.2074978904649,212.64113794350462,50.536785631052346,-1.556030759030819,1650.4726662372834
2025-04-13T16:00:00Z,2025-04-13T16:15:00Z,2025-04-13,2025-04-13_19,0.0,100,100,0,146.97527999999932,165.73361999999932,0.052106500000000014,0.0,20.3895,True,True,False,False,0.0,0.0,176.5078153252702,212.64113794350462,0.0,25194.431876079878,25583.58082934865
2025-04-13T16:15:00Z,2025-04-13T16:30:00Z,2025-04-13,2025-04-13_19,0.0,100,100,0,165.73361999999932,176.0325599999993,0.028608166666666667,0.0,11.1945,True,True,False,False,0.0,0.0,176.5078153252702,212.64113794350462,0.0,7249.413720014465,7638.56267328324
2025-04-13T16:30:00Z,2025-04-13T16:45:00Z,2025-04-13,2025-04-13_19,0.0,100,100,0,176.0325599999993,189.0362999999993,0.0361215,0.0,14.1345,True,True,False,False,0.0,0.0,176.5078153252702,212.64113794350462,0.0,10562.635120343954,10951.78407361273
2025-04-13T16:45:00Z,2025-04-13T17:00:00Z,2025-04-13,2025-04-13_19,0.0,100,100,0,189.0362999999993,189.97173913043406,0.002755446859903382,0.026,1.0475,True,True,False,False,0.0,0.0,176.5078153252702,212.64113794350462,4.1880716840117325,-42.12960230240688,351.20742265037967
2025-04-13T17:00:00Z,2025-04-13T17:15:00Z,2025-04-13,2025-04-13_20,100.0,0,100,0,189.97173913043406,180.84891304347752,0.025341183574879227,0.0,16.607,True,True,False,False,3819.5,0.0,0.0,212.64113794350462,0.0,19032.86517278097,23065.006310724475
2025-04-13T17:15:00Z,2025-04-13T17:30:00Z,2025-04-13,2025-04-13_20,100.0,0,100,0,180.84891304347752,165.83532608695577,0.041704408212560384,0.0,11.1875,True,True,False,False,3819.5,0.0,0.0,212.64113794350462,0.0,9407.511075059268,13439.652213002773
2025-04-13T17:30:00Z,2025-04-13T17:45:00Z,2025-04-13,2025-04-13_20,100.0,0,100,0,165.83532608695577,142.7005434782601,0.06426328502415458,0.0,3.7159999999999997,True,True,False,False,3819.5,0.0,0.0,212.64113794350462,0.0,292.55269015952103,4324.693828103025
2025-04-13T17:45:00Z,2025-04-13T18:00:00Z,2025-04-13,2025-04-13_20,100.0,0,100,0,142.7005434782601,127.4255434782601,0.042430555555555555,0.0,10.947,True,True,False,False,3819.5,0.0,0.0,212.64113794350462,0.0,6001.190090609554,10033.33122855306
2025-04-13T18:00:00Z,2025-04-13T18:15:00Z,2025-04-13,2025-04-13_21,37.85784856356573,62,100,0,127.4255434782601,121.38602678830007,0.03049901036425702,0.0,4.3205,True,True,False,False,1192.5222297523205,0.0,122.19632739984729,212.64113794350462,0.0,707.8661923896009,2235.2258874852732
2025-04-13T18:15:00Z,2025-04-13T18:30:00Z,2025-04-13,2025-04-13_21,37.85784856356573,62,100,0,121.38602678830007,111.64282018740057,0.028971743501530454,0.04247,0.6005,True,True,False,False,1192.5222297523205,0.0,122.19632739984729,212.64113794350462,7.405270022501708,-26.277756459195565,1508.4872086589785
2025-04-13T18:30:00Z,2025-04-13T18:45:00Z,2025-04-13,2025-04-13_21,37.85784856356573,62,100,0,111.64282018740057,112.18242743120851,0.03347690331656536,0.0,11.012,True,True,False,False,1192.5222297523205,0.0,122.19632739984729,212.64113794350462,0.0,7783.809655643508,9311.169350739181
2025-04-13T18:45:00Z,2025-04-13T19:00:00Z,2025-04-13,2025-04-13_21,37.85784856356573,62,100,0,112.18242743120851,125.06471304347734,0.039063539971545956,0.0,23.5655,True,True,False,False,1192.5222297523205,0.0,122.19632739984729,212.64113794350462,0.0,29190.9854833849,30718.34517848057
2025-04-13T19:00:00Z,2025-04-13T19:15:00Z,2025-04-13,2025-04-13_22,100.0,0,100,0,125.06471304347734,98.81634347825995,0.07291213768115942,0.0,0.8515,True,True,False,False,3832.5000000000005,0.0,0.0,212.64113794350462,0.0,-12.341224333989633,4032.7999136095154
2025-04-13T19:15:00Z,2025-04-13T19:30:00Z,2025-04-13,2025-04-13_22,100.0,0,100,0,98.81634347825995,72.10493043478169,0.0741983695652174,0.0,0.4255,True,True,False,False,3832.5000000000005,0.0,0.0,212.64113794350462,0.0,-19.135531904207014,4026.005606039298
2025-04-13T19:30:00Z,2025-04-13T19:45:00Z,2025-04-13,2025-04-13_22,100.0,0,100,0,72.10493043478169,49.36797391304256,0.06315821256038646,0.0,4.082,True,True,False,False,3832.5000000000005,0.0,0.0,212.64113794350462,0.0,-32.536920480572185,4012.604217462933
2025-04-13T19:45:00Z,2025-04-13T20:00:00Z,2025-04-13,2025-04-13_22,100.0,0,100,0,49.36797391304256,35.522321739129524,0.03846014492753623,0.0,12.262,True,True,False,False,3832.5000000000005,0.0,0.0,212.64113794350462,0.0,7527.664316711537,11572.805454655043
2025-04-13T20:00:00Z,2025-04-13T20:15:00Z,2025-04-13,2025-04-13_23,0.0,100,100,0,35.522321739129524,34.38092695652083,0.01102631884057971,2.351,1.537,True,True,False,False,0.0,0.0,176.29686181540563,212.64113794350462,440.1703606300478,535.5728902639931,1364.6812506529511
2025-04-13T20:15:00Z,2025-04-13T20:30:00Z,2025-04-13,2025-04-13_23,0.0,100,100,0,34.38092695652083,20.990166086955615,0.03719655797101449,12.3195,0.0,True,True,False,False,0.0,0.0,176.29686181540563,212.64113794350462,2527.3142141479484,0.0,2916.2522139068587
2025-04-13T20:30:00Z,2025-04-13T20:45:00Z,2025-04-13,2025-04-13_23,0.0,100,100,0,20.990166086955615,12.67114434782518,0.02310839371980676,7.6535,0.0,True,True,False,False,0.0,0.0,176.29686181540563,212.64113794350462,1507.9796809579298,0.0,1896.91768071684
2025-04-13T20:45:00Z,2025-04-13T21:00:00Z,2025-04-13,2025-04-13_23,0.0,100,100,0,12.67114434782518,9.999999999999094,0.007601289855072462,2.4875,0.0355,True,True,False,False,0.0,0.0,176.29686181540563,212.64113794350462,474.73048428898613,-1.676575119540322,861.9919089283561
2025-04-13T21:00:00Z,2025-04-13T21:15:00Z,2025-04-14,2025-04-13_24,-2.9442004473559944,100,97,0,9.999999999999094,10.933898278213993,0.002740683320452986,0.025,0.30846,True,True,False,False,-72.41261000272068,0.0,176.29686181540563,206.26190380519947,3.5689315706995615,-22.231628271788484,291.4834589167955
2025-04-13T21:15:00Z,2025-04-13T21:30:00Z,2025-04-14,2025-04-13_24,-2.9442004473559944,100,97,0,10.933898278213993,11.412381460728794,0.002518874015994421,0.203,0.022795,True,True,False,False,-72.41261000272068,0.0,176.29686181540563,206.26190380519947,29.883872503716805,-1.766303370233455,338.26372475136776
2025-04-13T21:30:00Z,2025-04-13T21:45:00Z,2025-04-14,2025-04-13_24,-2.9442004473559944,100,97,0,11.412381460728794,11.996346610623398,0.002530558322814708,0.155,0.080995,True,True,False,False,-72.41261000272068,0.0,176.29686181540563,206.26190380519947,22.938872704624906,-6.202185534616466,326.88284278789286
2025-04-13T21:45:00Z,2025-04-13T22:00:00Z,2025-04-14,2025-04-13_24,-2.9442004473559944,100,97,0,11.996346610623398,12.945192469096712,0.002899421525944533,0.045,0.34823,True,True,False,False,-72.41261000272068,0.0,176.29686181540563,206.26190380519947,6.403743922529834,-18.45120868927552,298.0986908511387
2025-04-13T22:00:00Z,2025-04-13T22:15:00Z,2025-04-14,2025-04-14_1,-0.996432285186925,100,99,0,12.945192469096712,10.463721970378206,0.009072547381724458,2.6705,0.20393999999999998,True,True,False,False,-22.843210137910255,0.0,176.29686181540563,210.51472656406958,468.08166030457664,-8.39712932052879,823.6529092256128
2025-04-13T22:15:00Z,2025-04-13T22:30:00Z,2025-04-14,2025-04-14_1,-0.996432285186925,100,99,0,10.463721970378206,10.224770013444548,0.0020504728093947385,0.45399999999999996,0.02673,True,True,False,False,-22.843210137910255,0.0,176.29686181540563,210.51472656406958,69.71673765419696,-2.0598006750512314,431.62531522071066
2025-04-13T22:30:00Z,2025-04-13T22:45:00Z,2025-04-14,2025-04-14_1,-0.996432285186925,100,99,0,10.224770013444548,10.523370508341477,0.0010566279189868147,0.038,0.12028499999999999,True,True,False,False,-22.843210137910255,0.0,176.29686181540563,210.51472656406958,5.5386370394181705,-9.081621414794872,360.42539386618824
2025-04-13T22:45:00Z,2025-04-13T23:00:00Z,2025-04-14,2025-04-14_1,-0.996432285186925,100,99,0,10.523370508341477,10.802501826085816,0.0012327182093250482,0.0765,0.14454,True,True,False,False,-22.843210137910255,0.0,176.29686181540563,210.51472656406958,11.001727910153896,-10.93020226624342,364.03990388547544
2025-04-13T23:00:00Z,2025-04-13T23:15:00Z,2025-04-14,2025-04-14_2,-100.0,100,0,0,10.802501826085816,33.21876182608582,0.062267388888888886,0.6345,0.0,True,True,False,False,-2162.5,0.0,176.29686181540563,0.0,108.24079981516452,0.0,-1877.9623383694297
2025-04-13T23:15:00Z,2025-04-13T23:30:00Z,2025-04-14,2025-04-14_2,-100.0,100,0,0,33.21876182608582,56.12538182608582,0.0636295,0.1015,0.0,True,True,False,False,-2162.5,0.0,176.29686181540563,0.0,14.92425623819665,0.0,-1971.2788819463976
2025-04-13T23:30:00Z,2025-04-13T23:45:00Z,2025-04-14,2025-04-14_2,-100.0,100,0,0,56.12538182608582,78.49426182608582,0.06213577777777777,0.686,0.0,True,True,False,False,-2162.5,0.0,176.29686181540563,0.0,115.78217422750834,0.0,-1870.420963957086
2025-04-13T23:45:00Z,2025-04-14T00:00:00Z,2025-04-14,2025-04-14_2,-100.0,100,0,0,78.49426182608582,101.38708182608582,0.06359116666666667,0.1165,0.0,True,True,False,False,-2162.5,0.0,176.29686181540563,0.0,16.96306846948206,0.0,-1969.2400697151122
2025-04-14T00:00:00Z,2025-04-14T00:15:00Z,2025-04-14,2025-04-14_3,0.0,100,100,0,101.38708182608582,100.43198791304235,0.002775705314009662,0.899,0.024,True,True,False,False,0.0,0.0,176.29686181540563,212.64113794350462,152.1060895246514,-1.848454213042954,539.1956350705187
2025-04-14T00:15:00Z,2025-04-14T00:30:00Z,2025-04-14,2025-04-14_3,0.0,100,100,0,100.43198791304235,99.67446443478148,0.0021348985507246374,0.702,0.006,True,True,False,False,0.0,0.0,176.29686181540563,212.64113794350462,115.28771085305581,-0.4701249648410817,503.755585647125
2025-04-14T00:30:00Z,2025-04-14T00:45:00Z,2025-04-14,2025-04-14_3,0.0,100,100,0,99.67446443478148,99.67836356521626,0.001001169082125604,0.164,0.198,True,True,False,False,0.0,0.0,176.29686181540563,212.64113794350462,23.99245469522241,-11.228764816972719,401.7016896371599
2025-04-14T00:45:00Z,2025-04-14T01:00:00Z,2025-04-14,2025-04-14_3,0.0,100,100,0,99.67836356521626,103.17240269565104,0.00979322463768116,0.0145,3.8149999999999995,True,True,False,False,0.0,0.0,176.29686181540563,212.64113794350462,2.03921726202435,-57.77455498854823,333.20266203238634
2025-04-14T01:00:00Z,2025-04-14T01:15:00Z,2025-04-14,2025-04-14_4,0.0,100,100,0,103.17240269565104,104.01567139130321,0.0024390314009661834,0.016,0.9355,True,True,False,False,0.0,0.0,176.29686181540563,212.64113794350462,2.267850685096637,-51.14332302005063,340.0625274239563
2025-04-14T01:15:00Z,2025-04-14T01:30:00Z,2025-04-14,2025-04-14_4,0.0,100,100,0,104.01567139130321,107.32750443478147,0.009205574879227053,0.001,3.601,True,True,False,False,0.0,0.0,176.29686181540563,212.64113794350462,0.14063567324305862,-45.85498091373005,343.22365451842325
2025-04-14T01:30:00Z,2025-04-14T01:45:00Z,2025-04-14,2025-04-14_4,0.0,100,100,0,107.32750443478147,108.48682095652062,0.0038483429951690824,0.104,1.383,True,True,False,False,0.0,0.0,176.29686181540563,212.64113794350462,17.466458793747737,-49.667021537348816,356.7374370153092
2025-04-14T01:45:00Z,2025-04-14T02:00:00Z,2025-04-14,2025-04-14_4,0.0,100,100,0,108.48682095652062,103.60366878260757,0.013564311594202898,4.4925,0.0,True,True,False,False,0.0,0.0,176.29686181540563,212.64113794350462,792.6824632338166,0.0,1181.620462992727
2025-04-14T02:00:00Z,2025-04-14T02:15:00Z,2025-04-14,2025-04-14_5,-67.00000000000016,100,33,0,103.60366878260757,118.8479595999989,0.042719889951690924,0.188,0.01914,True,True,False,False,-1488.9075000000034,0.0,176.29686181540563,70.17157552135653,29.79018523727247,-1.4381725398802587,-1214.087049965849
2025-04-14T02:15:00Z,2025-04-14T02:30:00Z,2025-04-14,2025-04-14_5,-67.00000000000016,100,33,0,118.8479595999989,133.00720653912936,0.041892926280193324,1.2855,0.0029699999999999996,True,True,False,False,-1488.9075000000034,0.0,176.29686181540563,70.17157552135653,227.26624492707037,-0.2327118575963354,-1015.4055295937673
2025-04-14T02:30:00Z,2025-04-14T02:45:00Z,2025-04-14,2025-04-14_5,-67.00000000000016,100,33,0,133.00720653912936,145.76153353043372,0.04085595057971022,2.7235,0.0,True,True,False,False,-1488.9075000000034,0.0,176.29686181540563,70.17157552135653,481.08782979065376,0.0,-761.3512328725875
2025-04-14T02:45:00Z,2025-04-14T03:00:00Z,2025-04-14,2025-04-14_5,-67.00000000000016,100,33,0,145.76153353043372,159.17095151304244,0.04136541227053149,2.066,0.01518,True,True,False,False,-1488.9075000000034,0.0,176.29686181540563,70.17157552135653,361.5263406597822,-1.1250047012496482,-882.0377267047087
2025-04-14T03:00:00Z,2025-04-14T03:15:00Z,2025-04-14,2025-04-14_6,0.0,100,100,0,159.17095151304244,159.9475289043468,0.0024198405797101453,0.0435,0.8955,True,True,False,False,0.0,0.0,176.29686181540563,212.64113794350462,6.291340659782215,-24.72979005103066,370.4995503676618
2025-04-14T03:15:00Z,2025-04-14T03:30:00Z,2025-04-14,2025-04-14_6,0.0,100,100,0,159.9475289043468,160.01976629565115,0.0005327850241545894,0.055,0.1435,True,True,False,False,0.0,0.0,176.29686181540563,212.64113794350462,7.973740306183951,-8.451202635914333,388.46053742917985
2025-04-14T03:30:00Z,2025-04-14T03:45:00Z,2025-04-14,2025-04-14_6,0.0,100,100,0,160.01976629565115,159.7293480347816,0.0009626062801932366,0.293,0.0305,True,True,False,False,0.0,0.0,176.29686181540563,212.64113794350462,47.388485152891064,-2.1830656567685938,434.1434192550327
2025-04-14T03:45:00Z,2025-04-14T04:00:00Z,2025-04-14,2025-04-14_6,0.0,100,100,0,159.7293480347816,151.98206542608594,0.021520229468599033,7.1275,0.0,True,True,False,False,0.0,0.0,176.29686181540563,212.64113794350462,2063.889099228513,0.0,2452.827098987423
2025-04-14T04:00:00Z,2025-04-14T04:15:00Z,2025-04-14,2025-04-14_7,0.0,100,100,0,151.98206542608594,157.48801499130332,0.015303362318840583,0.0015,5.9865,True,True,False,False,0.0,0.0,190.76224534897736,212.64113794350462,0.21095350986458794,1882.7743356973522,2286.3886724996987
2025-04-14T04:15:00Z,2025-04-14T04:30:00Z,2025-04-14,2025-04-14_7,0.0,100,100,0,157.48801499130332,156.7077984695642,0.002343601449275362,0.747,0.0345,True,True,False,False,0.0,0.0,190.76224534897736,212.64113794350462,134.7892719090288,-2.6682638526138147,535.524391348897
2025-04-14T04:30:00Z,2025-04-14T04:45:00Z,2025-04-14,2025-04-14_7,0.0,100,100,0,156.7077984695642,148.68932020869465,0.022273550724637683,7.377000000000001,0.0,True,True,False,False,0.0,0.0,190.76224534897736,212.64113794350462,1568.3824504761524,0.0,1971.7858337686343
2025-04-14T04:45:00Z,2025-04-14T05:00:00Z,2025-04-14,2025-04-14_7,0.0,100,100,0,148.68932020869465,130.10182020869465,0.05163194444444444,17.1005,0.0,True,True,False,False,0.0,0.0,190.76224534897736,212.64113794350462,13121.955677160766,0.0,13525.359060453247
2025-04-14T05:00:00Z,2025-04-14T05:15:00Z,2025-04-14,2025-04-14_8,0.0,100,100,0,130.10182020869465,117.12192890434682,0.036055253623188406,11.9415,0.0,True,True,False,False,0.0,0.0,200.22501707718888,213.96713143408203,6209.167347209386,0.0,6623.359495720657
2025-04-14T05:15:00Z,2025-04-14T05:30:00Z,2025-04-14,2025-04-14_8,0.0,100,100,0,117.12192890434682,93.31595064347725,0.06612771739130434,21.9015,0.0,True,True,False,False,0.0,0.0,200.22501707718888,213.96713143408203,14568.580875256155,0.0,14982.773023767426
2025-04-14T05:30:00Z,2025-04-14T05:45:00Z,2025-04-14,2025-04-14_8,0.0,100,100,0,93.31595064347725,80.83100107825986,0.03468552657004831,11.487,0.001,True,True,False,False,0.0,0.0,200.22501707718888,213.96713143408203,2752.139714308675,-0.07835416080684696,3166.2535086591392
2025-04-14T05:45:00Z,2025-04-14T06:00:00Z,2025-04-14,2025-04-14_8,0.0,100,100,0,80.83100107825986,80.31047673043378,0.0014919009661835748,0.48649999999999993,0.009,True,True,False,False,0.0,0.0,200.22501707718888,213.96713143408203,95.48884457749024,-0.7051874472616225,508.9758056414995
2025-04-14T06:00:00Z,2025-04-14T06:15:00Z,2025-04-14,2025-04-14_9,0.0,100,100,0,80.31047673043378,64.33221586086856,0.04438405797101449,14.7,0.0,True,True,False,False,0.0,0.0,186.844537308635,203.93177160766663,3449.1869249005504,0.0,3839.963233816852
2025-04-14T06:15:00Z,2025-04-14T06:30:00Z,2025-04-14,2025-04-14_9,0.0,100,100,0,64.33221586086856,48.063737599998994,0.04519021739130435,14.967,0.0,True,True,False,False,0.0,0.0,186.844537308635,203.93177160766663,3561.4507835416084,0.0,3952.22709245791
2025-04-14T06:30:00Z,2025-04-14T06:45:00Z,2025-04-14,2025-04-14_9,0.0,100,100,0,48.063737599998994,39.58781933912943,0.023572328502415456,7.802499999999999,0.0055,True,True,False,False,0.0,0.0,186.844537308635,203.93177160766663,1798.7275339534694,-0.4309478844376582,2189.0728949853333
2025-04-14T06:45:00Z,2025-04-14T07:00:00Z,2025-04-14,2025-04-14_9,0.0,100,100,0,39.58781933912943,41.180005426085955,0.004434816425120773,0.002,1.733,True,True,False,False,0.0,0.0,186.844537308635,203.93177160766663,0.28127134648611724,-85.60721963273998,305.4503606300478
2025-04-14T07:00:00Z,2025-04-14T07:15:00Z,2025-04-14,2025-04-14_10,0.0,100,100,0,41.180005426085955,35.29990977391204,0.01642304347826087,5.4245,0.0175,True,True,False,False,0.0,0.0,176.80917748221964,203.93177160766663,1066.6519532285931,-1.1715971189777796,1446.2213051995016
2025-04-14T07:15:00Z,2025-04-14T07:30:00Z,2025-04-14,2025-04-14_10,0.0,100,100,0,35.29990977391204,34.70877151304248,0.00241893961352657,0.6725,0.152,True,True,False,False,0.0,0.0,176.80917748221964,203.93177160766663,116.33463655723871,-7.493574958813838,489.58201068831113
2025-04-14T07:30:00Z,2025-04-14T07:45:00Z,2025-04-14,2025-04-14_10,0.0,100,100,0,34.70877151304248,35.01166977391205,0.0010165048309178743,0.029,0.3635,True,True,False,False,0.0,0.0,176.80917748221964,203.93177160766663,4.0784345240487,-15.929908787720494,368.8894748262145
2025-04-14T07:45:00Z,2025-04-14T08:00:00Z,2025-04-14,2025-04-14_10,0.0,100,100,0,35.01166977391205,35.086791513042485,0.0005196618357487923,0.0515,0.1425,True,True,False,False,0.0,0.0,176.80917748221964,203.93177160766663,8.187003857435608,-9.887794832643547,379.0401581146783
2025-04-14T08:00:00Z,2025-04-14T08:15:00Z,2025-04-14,2025-04-14_11,0.0,100,100,0,35.086791513042485,34.84490629565118,0.0007562367149758454,0.2365,0.0165,True,True,False,False,0.0,0.0,176.80917748221964,203.93177160766663,39.1067436814401,-1.2928436533129748,418.5548491180134
2025-04-14T08:15:00Z,2025-04-14T08:30:00Z,2025-04-14,2025-04-14_11,0.0,100,100,0,34.84490629565118,35.042798469564225,0.000712743961352657,0.027,0.247,True,True,False,False,0.0,0.0,176.80917748221964,203.93177160766663,3.9578916703499814,-18.324319323341502,366.3745214368947
2025-04-14T08:30:00Z,2025-04-14T08:45:00Z,2025-04-14,2025-04-14_11,0.0,100,100,0,35.042798469564225,35.00234629565118,0.00041903381642512073,0.088,0.06,True,True,False,False,0.0,0.0,176.80917748221964,203.93177160766663,13.079122433398961,-4.658359786233776,389.16171173705146
2025-04-14T08:45:00Z,2025-04-14T09:00:00Z,2025-04-14,2025-04-14_11,0.0,100,100,0,35.00234629565118,35.10672977391205,0.0011897125603864732,0.149,0.2895,True,True,False,False,0.0,0.0,176.80917748221964,203.93177160766663,21.944795676457584,-19.57559519025997,383.11014957608387
2025-04-14T09:00:00Z,2025-04-14T09:15:00Z,2025-04-14,2025-04-14_12,0.0,100,100,0,35.10672977391205,36.05466890434683,0.00272072463768116,0.0145,1.0475,True,True,False,False,0.0,0.0,176.80917748221964,203.93177160766663,2.03921726202435,-44.98247930646522,337.7976870454454
2025-04-14T09:15:00Z,2025-04-14T09:30:00Z,2025-04-14,2025-04-14_12,0.0,100,100,0,36.05466890434683,39.057088904346834,0.008340055555555555,0.0,3.2634999999999996,True,True,False,False,0.0,0.0,176.80917748221964,203.93177160766663,0.0,-126.98236930927791,253.75857978060836
2025-04-14T09:30:00Z,2025-04-14T09:45:00Z,2025-04-14,2025-04-14_12,0.0,100,100,0,39.057088904346834,42.944088904346835,0.010797222222222222,0.0,4.225,True,True,False,False,0.0,0.0,176.80917748221964,203.93177160766663,0.0,-26.027032185478358,354.71391690440794
2025-04-14T09:45:00Z,2025-04-14T10:00:00Z,2025-04-14,2025-04-14_12,0.0,100,100,0,42.944088904346835,43.894033252172925,0.0026870434782608698,0.008,1.042,True,True,False,False,0.0,0.0,176.80917748221964,203.93177160766663,1.125085385944469,-39.16826375215976,342.697770723671
2025-04-14T10:00:00Z,2025-04-14T10:15:00Z,2025-04-14,2025-04-14_13,0.0,100,100,0,43.894033252172925,43.865714991303356,0.0005795507246376811,0.109,0.098,True,True,False,False,0.0,0.0,176.80917748221964,203.93177160766663,15.727083417045042,-6.593804797685539,389.87422770924576
2025-04-14T10:15:00Z,2025-04-14T10:30:00Z,2025-04-14,2025-04-14_13,0.0,100,100,0,43.865714991303356,43.70589846956423,0.0005947125603864733,0.172,0.029499999999999995,True,True,False,False,0.0,0.0,176.80917748221964,203.93177160766663,25.161747096877885,-1.9588512074577085,403.94384497930645
2025-04-14T10:30:00Z,2025-04-14T10:45:00Z,2025-04-14,2025-04-14_13,0.0,100,100,0,43.70589846956423,43.69019759999901,0.00039116908212560387,0.072,0.068,True,True,False,False,0.0,0.0,176.80917748221964,203.93177160766663,10.298152449069795,-4.866998834732993,386.17210270422305
2025-04-14T10:45:00Z,2025-04-14T11:00:00Z,2025-04-14,2025-04-14_13,0.0,100,100,0,43.69019759999901,41.89389151304248,0.005275961352657005,1.7000000000000002,0.05600000000000001,True,True,False,False,0.0,0.0,176.80917748221964,203.93177160766663,300.36145377104515,-3.4520994896934147,677.650303371238
2025-04-14T11:00:00Z,2025-04-14T11:15:00Z,2025-04-14,2025-04-14_14,-100.0,100,0,0,41.89389151304248,62.54789151304249,0.05737222222222222,2.55,0.0,True,True,False,False,-2202.75,0.0,176.80917748221964,0.0,434.929360710411,0.0,-1591.0114618073694
2025-04-14T11:15:00Z,2025-04-14T11:30:00Z,2025-04-14,2025-04-14_14,-100.0,100,0,0,62.54789151304249,70.62733151304249,0.022442888888888887,16.218,0.0,True,True,False,False,-2202.75,0.0,176.80917748221964,0.0,15256.861770804035,0.0,13230.920948286253
2025-04-14T11:30:00Z,2025-04-14T11:45:00Z,2025-04-14,2025-04-14_14,-100.0,100,0,0,70.62733151304249,92.99069151304249,0.06212044444444444,0.692,0.0,True,True,False,False,-2202.75,0.0,176.80917748221964,0.0,119.28554024189334,0.0,-1906.655282275887
2025-04-14T11:45:00Z,2025-04-14T12:00:00Z,2025-04-14,2025-04-14_14,-100.0,100,0,0,92.99069151304249,115.92169151304249,0.06369722222222222,0.075,0.0,True,True,False,False,-2202.75,0.0,176.80917748221964,0.0,11.126697673484147,0.0,-2014.8141248442962
2025-04-14T12:00:00Z,2025-04-14T12:15:00Z,2025-04-14,2025-04-14_15,-4.0,100,96,0,115.92169151304249,119.01789631304248,0.008600568888888889,0.0,2.36544,True,True,False,False,-80.12,0.0,176.80917748221964,195.77450074335997,0.0,-52.2945015791377,240.16917664644188
2025-04-14T12:15:00Z,2025-04-14T12:30:00Z,2025-04-14,2025-04-14_15,-4.0,100,96,0,119.01789631304248,125.80543551304248,0.018854275555555557,0.0,6.37776,True,True,False,False,-80.12,0.0,176.80917748221964,195.77450074335997,0.0,-48.67440212158959,243.78927610399
2025-04-14T12:30:00Z,2025-04-14T12:45:00Z,2025-04-14,2025-04-14_15,-4.0,100,96,0,125.80543551304248,127.43134911304249,0.008783093333333334,0.736,1.63152,True,True,False,False,-80.12,0.0,176.80917748221964,195.77450074335997,114.7470341945594,-32.25115207136256,374.95956034877645
2025-04-14T12:45:00Z,2025-04-14T13:00:00Z,2025-04-14,2025-04-14_15,-4.0,100,96,0,127.43134911304249,124.8388243478251,0.01164781768115942,3.2515,0.0,True,True,False,False,-80.12,0.0,176.80917748221964,195.77450074335997,545.5058547635311,0.0,837.9695329891108
2025-04-14T13:00:00Z,2025-04-14T13:15:00Z,2025-04-14,2025-04-14_16,-99.99999999999999,100,0,0,124.8388243478251,135.97220434782508,0.030926055555555554,12.898500000000002,0.0,True,True,False,False,-2239.9999999999995,0.0,176.80917748221964,0.0,9392.551184353277,0.0,7329.360361835497
2025-04-14T13:15:00Z,2025-04-14T13:30:00Z,2025-04-14,2025-04-14_16,-99.99999999999999,100,0,0,135.97220434782508,145.8272443478251,0.027375111111111114,14.288,0.0,True,True,False,False,-2239.9999999999995,0.0,176.80917748221964,0.0,3451.8750480170365,0.0,1388.6842254992566
2025-04-14T13:30:00Z,2025-04-14T13:45:00Z,2025-04-14,2025-04-14_16,-99.99999999999999,100,0,0,145.8272443478251,165.34734434782507,0.0542225,3.7825000000000006,0.0,True,True,False,False,-2239.9999999999995,0.0,176.80917748221964,0.0,666.1893357978062,0.0,-1397.0014867199739
2025-04-14T13:45:00Z,2025-04-14T14:00:00Z,2025-04-14,2025-04-14_16,-99.99999999999999,100,0,0,165.34734434782507,183.58404434782506,0.05065749999999999,5.1775,0.0,True,True,False,False,-2239.9999999999995,0.0,176.80917748221964,0.0,932.0103316992808,0.0,-1131.180490818499
2025-04-14T14:00:00Z,2025-04-14T14:15:00Z,2025-04-14,2025-04-14_17,0.0,100,100,0,183.58404434782506,188.37159999999895,0.014917123188405799,0.268,5.5205,True,True,False,False,0.0,0.0,176.5078153252702,213.96713143408203,45.28265279061357,-16.47365823522321,419.2839413147426
2025-04-14T14:15:00Z,2025-04-14T14:30:00Z,2025-04-14,2025-04-14_17,0.0,100,100,0,188.37159999999895,189.608152173912,0.005611799516908212,0.3605,1.77,True,True,False,False,0.0,0.0,176.5078153252702,213.96713143408203,63.87869660867119,-73.44465182625467,380.9089915417687
2025-04-14T14:30:00Z,2025-04-14T14:45:00Z,2025-04-14,2025-04-14_17,0.0,100,100,0,189.608152173912,189.17138347825983,0.0016068019323671498,0.4670000000000001,0.077,True,True,False,False,0.0,0.0,176.5078153252702,213.96713143408203,82.11117993329852,-5.759437256398923,466.82668943625185
2025-04-14T14:45:00Z,2025-04-14T15:00:00Z,2025-04-14,2025-04-14_17,0.0,100,100,0,189.17138347825983,178.04747043478156,0.03089975845410628,10.234,0.0,True,True,False,False,0.0,0.0,176.5078153252702,213.96713143408203,4939.840812070558,0.0,5330.31575882991
2025-04-14T15:00:00Z,2025-04-14T15:15:00Z,2025-04-14,2025-04-14_18,-22.986783640294313,100,77,0,178.04747043478156,181.75723678699114,0.017431884436768776,1.5325,0.03234,True,True,False,False,-646.618223801479,0.0,176.5078153252702,164.75469120424316,288.4754058343714,-2.4263056736448747,-19.306617111239106
2025-04-14T15:15:00Z,2025-04-14T15:30:00Z,2025-04-14,2025-04-14_18,-22.986783640294313,100,77,0,181.75723678699114,185.68588416008396,0.017153956251026326,1.342,0.053130000000000004,True,True,False,False,-646.618223801479,0.0,176.5078153252702,164.75469120424316,258.12159681761557,-3.9992029312492465,-51.23332338559928
2025-04-14T15:30:00Z,2025-04-14T15:45:00Z,2025-04-14,2025-04-14_18,-22.986783640294313,100,77,0,185.68588416008396,189.99999999999886,0.01643656300123821,0.9575,0.03388,True,True,False,False,-646.618223801479,0.0,176.5078153252702,164.75469120424316,177.68402177843853,-2.585101040703982,-130.25679653423106
2025-04-14T15:45:00Z,2025-04-14T16:00:00Z,2025-04-14,2025-04-14_18,-22.986783640294313,100,77,0,189.99999999999886,186.1690451312812,0.029797373121667123,8.6955,0.0,True,True,False,False,-646.618223801479,0.0,176.5078153252702,164.75469120424316,1764.0348799574074,0.0,1458.6791626854417
2025-04-14T16:00:00Z,2025-04-14T16:15:00Z,2025-04-14,2025-04-14_19,0.0,100,100,0,186.1690451312812,182.54961295736814,0.010199644927536231,3.354,0.028499999999999998,True,True,False,False,0.0,0.0,199.8935187045445,213.96713143408203,727.2049351066822,-2.067043034516012,1138.9985422107927
2025-04-14T16:15:00Z,2025-04-14T16:30:00Z,2025-04-14,2025-04-14_19,0.0,100,100,0,182.54961295736814,179.5703555660638,0.008406048309178743,2.7625,0.025499999999999995,True,True,False,False,0.0,0.0,199.8935187045445,213.96713143408203,606.3408330654559,-1.8494595571985368,1018.3520236468838
2025-04-14T16:30:00Z,2025-04-14T16:45:00Z,2025-04-14,2025-04-14_19,0.0,100,100,0,179.5703555660638,163.19263817475945,0.04549365942028986,15.0675,0.0,True,True,False,False,0.0,0.0,199.8935187045445,213.96713143408203,4011.5198105436566,0.0,4425.380460682283
2025-04-14T16:45:00Z,2025-04-14T17:00:00Z,2025-04-14,2025-04-14_19,0.0,100,100,0,163.19263817475945,143.79318165302033,0.05388737922705314,17.8475,0.0,True,True,False,False,0.0,0.0,199.8935187045445,213.96713143408203,5064.227228573151,0.0,5478.087878711777
2025-04-14T17:00:00Z,2025-04-14T17:15:00Z,2025-04-14,2025-04-14_20,100.0,0,100,0,143.79318165302033,120.81981208780294,0.0638149154589372,0.0,3.8645,True,True,False,False,4660.25,0.0,0.0,213.96713143408203,0.0,-67.06624141117852,4807.150890022904
2025-04-14T17:15:00Z,2025-04-14T17:30:00Z,2025-04-14,2025-04-14_20,100.0,0,100,0,120.81981208780294,93.65568165302034,0.07545591787439614,0.0,0.009,True,True,False,False,4660.25,0.0,0.0,213.96713143408203,0.0,-0.6877078394342427,4873.529423594648
2025-04-14T17:30:00Z,2025-04-14T17:45:00Z,2025-04-14,2025-04-14_20,100.0,0,100,0,93.65568165302034,66.49372513128121,0.07544987922705314,0.0,0.011,True,True,False,False,4660.25,0.0,0.0,213.96713143408203,0.0,-0.8181976533933378,4873.398933780689
2025-04-14T17:45:00Z,2025-04-14T18:00:00Z,2025-04-14,2025-04-14_20,100.0,0,100,0,66.49372513128121,39.38557295736816,0.07530042270531402,0.0,0.0605,True,True,False,False,4660.25,0.0,0.0,213.96713143408203,0.0,-4.664689295616185,4869.552442138466
2025-04-14T18:00:00Z,2025-04-14T18:15:00Z,2025-04-14,2025-04-14_21,25.921874082616643,74,100,0,39.38557295736816,32.40833746080736,0.01986963148955083,0.05290999999999999,0.129,True,True,False,False,1115.0942183489615,0.0,146.29324546952222,212.64113794350462,8.570943773857834,-9.667795033551652,1472.9317505022946
2025-04-14T18:15:00Z,2025-04-14T18:30:00Z,2025-04-14,2025-04-14_21,25.921874082616643,74,100,0,32.40833746080736,27.153149870225867,0.02180101796234838,0.040330000000000005,1.9025,True,True,False,False,1115.0942183489615,0.0,146.29324546952222,212.64113794350462,6.221923835737535,-50.054624402298394,1430.1959011954275
2025-04-14T18:30:00Z,2025-04-14T18:45:00Z,2025-04-14,2025-04-14_21,25.921874082616643,74,100,0,27.153149870225867,21.442339458699394,0.021103484263578314,0.0,1.384,True,True,False,False,1115.0942183489615,0.0,146.29324546952222,212.64113794350462,0.0,-76.97280025716238,1397.055801504826
2025-04-14T18:45:00Z,2025-04-14T19:00:00Z,2025-04-14,2025-04-14_21,25.921874082616643,74,100,0,21.442339458699394,15.300984347826159,0.020684620925793592,0.01813,0.9575,True,True,False,False,1115.0942183489615,0.0,146.29324546952222,212.64113794350462,3.114678197452485,-59.9869691003335,1417.1563108591074
2025-04-14T19:00:00Z,2025-04-14T19:15:00Z,2025-04-14,2025-04-14_22,0.0,100,100,0,15.300984347826159,10.000000000000071,0.01508784541062802,4.937,0.071,True,True,False,False,0.0,0.0,190.15952103507854,212.64113794350462,975.3079505364246,-5.264190541246433,1372.8444189737613
2025-04-14T19:15:00Z,2025-04-14T19:30:00Z,2025-04-14,2025-04-14_22,0.0,100,100,0,10.000000000000071,18.32830000000007,0.023134166666666667,0.0,9.0525,True,True,False,False,0.0,0.0,190.15952103507854,212.64113794350462,0.0,5080.925232551132,5483.725891529714
2025-04-14T19:30:00Z,2025-04-14T19:45:00Z,2025-04-14,2025-04-14_22,0.0,100,100,0,18.32830000000007,31.283740000000073,0.035987333333333336,0.0,14.082,True,True,False,False,0.0,0.0,190.15952103507854,212.64113794350462,0.0,9365.206175915137,9768.00683489372
2025-04-14T19:45:00Z,2025-04-14T20:00:00Z,2025-04-14,2025-04-14_22,0.0,100,100,0,31.283740000000073,53.43412000000008,0.06152883333333334,0.0,24.0765,True,True,False,False,0.0,0.0,190.15952103507854,212.64113794350462,0.0,19922.541896672956,20325.34255565154
2025-04-14T20:00:00Z,2025-04-14T20:15:00Z,2025-04-14,2025-04-14_23,0.0,100,100,0,53.43412000000008,57.26684000000008,0.010646444444444446,0.0,4.166,True,True,False,False,0.0,0.0,176.29686181540563,212.64113794350462,0.0,1568.2277337565797,1957.16573351549
2025-04-14T20:15:00Z,2025-04-14T20:30:00Z,2025-04-14,2025-04-14_23,0.0,100,100,0,57.26684000000008,63.88716000000008,0.01838977777777778,0.0,7.196,True,True,False,False,0.0,0.0,176.29686181540563,212.64113794350462,0.0,5358.8282661630565,5747.766265921967
2025-04-14T20:30:00Z,2025-04-14T20:45:00Z,2025-04-14,2025-04-14_23,0.0,100,100,0,63.88716000000008,74.06742000000008,0.0282785,0.0,11.0655,True,True,False,False,0.0,0.0,176.29686181540563,212.64113794350462,0.0,2422.8651891549807,2811.803188913891
2025-04-14T20:45:00Z,2025-04-14T21:00:00Z,2025-04-14,2025-04-14_23,0.0,100,100,0,74.06742000000008,95.34150000000008,0.05909466666666667,0.0,23.124,True,True,False,False,0.0,0.0,176.29686181540563,212.64113794350462,0.0,24715.25120263591,25104.18920239482
2025-04-14T21:00:00Z,2025-04-14T21:15:00Z,2025-04-15,2025-04-14_24,27.303594885411787,72,100,0,95.34150000000008,90.78387165768034,0.02369353522804084,0.00504,2.9695,True,True,False,False,574.1263414529964,0.0,127.0830738322451,212.6368658965344,0.7151544831742843,394.4510193872426,1309.0124550521928
2025-04-14T21:15:00Z,2025-04-14T21:30:00Z,2025-04-15,2025-04-14_24,27.303594885411787,72,100,0,90.78387165768034,89.08279465587243,0.026732677388033615,0.00072,5.923,True,True,False,False,574.1263414529964,0.0,127.0830738322451,212.6368658965344,0.10125565042692114,79.69722250125564,993.6447593334584
2025-04-14T21:30:00Z,2025-04-14T21:45:00Z,2025-04-15,2025-04-14_24,27.303594885411787,72,100,0,89.08279465587243,97.24160725642,0.037282168096418565,0.0,16.1335,True,True,False,False,574.1263414529964,0.0,127.0830738322451,212.6368658965344,0.0,4375.285272425917,5289.131553607694
2025-04-14T21:45:00Z,2025-04-14T22:00:00Z,2025-04-15,2025-04-14_24,27.303594885411787,72,100,0,97.24160725642,105.12909043478271,0.03699177901080852,0.0,15.8525,True,True,False,False,574.1263414529964,0.0,127.0830738322451,212.6368658965344,0.0,1744.9470180813662,2658.793299263142
2025-04-14T22:00:00Z,2025-04-14T22:15:00Z,2025-04-15,2025-04-15_1,0.0,100,100,0,105.12909043478271,107.68066956521749,0.007105835748792272,0.003,2.777,True,True,False,False,0.0,0.0,176.50426921145154,211.94374686087394,0.42189854344550476,-81.75287152184832,307.1170430939227
2025-04-14T22:15:00Z,2025-04-14T22:30:00Z,2025-04-15,2025-04-15_1,0.0,100,100,0,107.68066956521749,111.38780956521748,0.010297611111111112,0.0,4.0295,True,True,False,False,0.0,0.0,176.50426921145154,211.94374686087394,0.0,-114.95590748367654,273.49210858864893
2025-04-14T22:30:00Z,2025-04-14T22:45:00Z,2025-04-15,2025-04-15_1,0.0,100,100,0,111.38780956521748,121.69870956521748,0.02864138888888889,0.0,11.2075,True,True,False,False,0.0,0.0,176.50426921145154,211.94374686087394,0.0,-68.4406167754897,320.0073992968358
2025-04-14T22:45:00Z,2025-04-14T23:00:00Z,2025-04-15,2025-04-15_1,0.0,100,100,0,121.69870956521748,125.92656956521749,0.011744055555555558,0.0,4.5955,True,True,False,False,0.0,0.0,176.50426921145154,211.94374686087394,0.0,-71.80797659467605,316.64003947764945
2025-04-14T23:00:00Z,2025-04-14T23:15:00Z,2025-04-15,2025-04-15_2,0.0,100,100,0,125.92656956521749,126.12216173913053,0.0007063550724637681,0.027,0.24450000000000002,True,True,False,False,0.0,0.0,176.50426921145154,211.94374686087394,3.863384028126569,-18.262860572576596,374.04853952787545
2025-04-14T23:15:00Z,2025-04-14T23:30:00Z,2025-04-15,2025-04-15_2,0.0,100,100,0,126.12216173913053,126.79531217391315,0.0019302487922705316,0.01,0.7435,True,True,False,False,0.0,0.0,176.50426921145154,211.94374686087394,1.4063284781516825,-40.67374445002512,349.18060010045207
2025-04-14T23:30:00Z,2025-04-14T23:45:00Z,2025-04-15,2025-04-15_2,0.0,100,100,0,126.79531217391315,127.2758200000001,0.0016578115942028986,0.0535,0.5855,True,True,False,False,0.0,0.0,176.50426921145154,211.94374686087394,7.850930185836262,-37.64656192867905,358.6523843294827
2025-04-14T23:45:00Z,2025-04-15T00:00:00Z,2025-04-15,2025-04-15_2,0.0,100,100,0,127.2758200000001,135.7550000000001,0.023553277777777777,0.0,9.2165,True,True,False,False,0.0,0.0,176.50426921145154,211.94374686087394,0.0,24.8433511803114,413.29136725263686
2025-04-15T00:00:00Z,2025-04-15T00:15:00Z,2025-04-15,2025-04-15_3,0.0,100,100,0,135.7550000000001,144.6440400000001,0.02469177777777778,0.0,9.662,True,True,False,False,0.0,0.0,176.50426921145154,212.6368658965344,0.0,-43.44648598694124,345.6946491210447
2025-04-15T00:15:00Z,2025-04-15T00:30:00Z,2025-04-15,2025-04-15_3,0.0,100,100,0,144.6440400000001,155.3160400000001,0.029644444444444445,0.0,11.6,True,True,False,False,0.0,0.0,176.50426921145154,212.6368658965344,0.0,-54.35162230035157,334.78951280763437
2025-04-15T00:30:00Z,2025-04-15T00:45:00Z,2025-04-15,2025-04-15_3,0.0,100,100,0,155.3160400000001,161.7675400000001,0.017920833333333337,0.0,7.012500000000001,True,True,False,False,0.0,0.0,176.50426921145154,212.6368658965344,0.0,-92.66643646408842,296.4746986438975
2025-04-15T00:45:00Z,2025-04-15T01:00:00Z,2025-04-15,2025-04-15_3,0.0,100,100,0,161.7675400000001,166.4480400000001,0.01300138888888889,0.0,5.0875,True,True,False,False,0.0,0.0,176.50426921145154,212.6368658965344,0.0,163.21599447513813,552.3571295831241
2025-04-15T01:00:00Z,2025-04-15T01:15:00Z,2025-04-15,2025-04-15_4,0.0,100,100,0,166.4480400000001,168.49980869565226,0.005726531400966183,0.0045,2.2355,True,True,False,False,0.0,0.0,176.50426921145154,211.94374686087394,0.632847815168257,-72.22090959316925,316.8599542943245
2025-04-15T01:15:00Z,2025-04-15T01:30:00Z,2025-04-15,2025-04-15_4,0.0,100,100,0,168.49980869565226,168.6104304347827,0.000548828502415459,0.04,0.1675,True,True,False,False,0.0,0.0,176.50426921145154,211.94374686087394,5.6297338021094925,-12.550166750376697,381.5275831240583
2025-04-15T01:30:00Z,2025-04-15T01:45:00Z,2025-04-15,2025-04-15_4,0.0,100,100,0,168.6104304347827,168.63696434782617,0.00047829468599033814,0.067,0.108,True,True,False,False,0.0,0.0,176.50426921145154,211.94374686087394,9.484279055750878,-8.129975288799598,389.8023198392768
2025-04-15T01:45:00Z,2025-04-15T02:00:00Z,2025-04-15,2025-04-15_4,0.0,100,100,0,168.63696434782617,168.10962869565225,0.001569599033816425,0.5025,0.0205,True,True,False,False,0.0,0.0,176.50426921145154,211.94374686087394,74.42936112506278,-1.5712699146157711,461.3061072827725
2025-04-15T02:00:00Z,2025-04-15T02:15:00Z,2025-04-15,2025-04-15_5,0.0,100,100,0,168.10962869565225,167.93126782608704,0.0009810024154589371,0.24450000000000002,0.095,True,True,False,False,0.0,0.0,176.50426921145154,211.94374686087394,35.93612124560523,-7.0414897036665,417.3426476142642
2025-04-15T02:15:00Z,2025-04-15T02:30:00Z,2025-04-15,2025-04-15_5,0.0,100,100,0,167.93126782608704,168.09848000000008,0.0009052995169082126,0.073,0.268,True,True,False,False,0.0,0.0,176.50426921145154,211.94374686087394,10.451840080361627,-15.507387242591664,383.39246891009543
2025-04-15T02:30:00Z,2025-04-15T02:45:00Z,2025-04-15,2025-04-15_5,0.0,100,100,0,168.09848000000008,171.17496000000008,0.008545777777777779,0.0,3.344,True,True,False,False,0.0,0.0,176.50426921145154,211.94374686087394,0.0,-102.44833591160221,285.9996801607233
2025-04-15T02:45:00Z,2025-04-15T03:00:00Z,2025-04-15,2025-04-15_5,0.0,100,100,0,171.17496000000008,174.79654000000008,0.010059944444444446,0.0,3.9365000000000006,True,True,False,False,0.0,0.0,176.50426921145154,211.94374686087394,0.0,-84.67963124058264,303.7683848317429
2025-04-15T03:00:00Z,2025-04-15T03:15:00Z,2025-04-15,2025-04-15_6,0.0,100,100,0,174.79654000000008,184.55360000000007,0.027102944444444443,0.0,10.6055,True,True,False,False,0.0,0.0,176.50426921145154,211.94374686087394,0.0,3217.2942811652433,3605.742297237569
2025-04-15T03:15:00Z,2025-04-15T03:30:00Z,2025-04-15,2025-04-15_6,0.0,100,100,0,184.55360000000007,187.77590000000006,0.008950833333333333,0.0,3.5025,True,True,False,False,0.0,0.0,176.50426921145154,211.94374686087394,0.0,-114.26206981416374,274.1859462581617
2025-04-15T03:30:00Z,2025-04-15T03:45:00Z,2025-04-15,2025-04-15_6,0.0,100,100,0,187.77590000000006,189.99782608695656,0.006184094202898551,0.002,2.4175,True,True,False,False,0.0,0.0,176.50426921145154,211.94374686087394,0.2812656956303365,-102.31889653440483,286.410385233551
2025-04-15T03:45:00Z,2025-04-15T04:00:00Z,2025-04-15,2025-04-15_6,0.0,100,100,0,189.99782608695656,182.07663043478266,0.022003321256038644,7.2875,0.0,True,True,False,False,0.0,0.0,176.50426921145154,211.94374686087394,4056.445773480663,0.0,4444.893789552988
2025-04-15T04:00:00Z,2025-04-15T04:15:00Z,2025-04-15,2025-04-15_7,0.0,100,100,0,182.07663043478266,185.97488695652177,0.012567620772946859,0.288,4.5775,True,True,False,False,0.0,0.0,200.22099447513813,211.94374686087394,50.73631341034656,1050.3769226519337,1513.2779773982923
2025-04-15T04:15:00Z,2025-04-15T04:30:00Z,2025-04-15,2025-04-15_7,0.0,100,100,0,185.97488695652177,187.8117591304348,0.00526546618357488,0.027,2.0285,True,True,False,False,0.0,0.0,200.22099447513813,211.94374686087394,4.49341838272225,-64.62305846308388,352.03510125565043
2025-04-15T04:30:00Z,2025-04-15T04:45:00Z,2025-04-15,2025-04-15_7,0.0,100,100,0,187.8117591304348,180.4519391304348,0.02052827777777778,6.785000000000001,0.0165,True,True,False,False,0.0,0.0,200.22099447513813,211.94374686087394,1736.8277759919642,-1.2869900552486189,2147.7055272727275
2025-04-15T04:45:00Z,2025-04-15T05:00:00Z,2025-04-15,2025-04-15_7,0.0,100,100,0,180.4519391304348,158.9394391304348,0.059756944444444446,19.7915,0.0,True,True,False,False,0.0,0.0,200.22099447513813,211.94374686087394,14287.590213159216,0.0,14699.754954495227
2025-04-15T05:00:00Z,2025-04-15T05:15:00Z,2025-04-15,2025-04-15_8,0.0,100,100,0,158.9394391304348,150.4641886956522,0.023550028985507246,7.7985,0.0015,True,True,False,False,0.0,0.0,200.22099447513813,213.20944249121044,1633.0160838774486,-0.1175288799598192,2046.3289919638373
2025-04-15T05:15:00Z,2025-04-15T05:30:00Z,2025-04-15,2025-04-15_8,0.0,100,100,0,150.4641886956522,132.58103652173918,0.049675422705314005,16.4525,0.0,True,True,False,False,0.0,0.0,200.22099447513813,213.20944249121044,3680.7126438975392,0.0,4094.143080863888
2025-04-15T05:30:00Z,2025-04-15T05:45:00Z,2025-04-15,2025-04-15_8,0.0,100,100,0,132.58103652173918,118.32560173913049,0.039598429951690814,13.114999999999998,0.0,True,True,False,False,0.0,0.0,200.22099447513813,213.20944249121044,2825.3570065293816,0.0,3238.7874434957303
2025-04-15T05:45:00Z,2025-04-15T06:00:00Z,2025-04-15,2025-04-15_8,0.0,100,100,0,118.32560173913049,101.12560173913049,0.04777777777777777,15.824,0.0,True,True,False,False,0.0,0.0,200.22099447513813,213.20944249121044,3803.2026294324455,0.0,4216.633066398794
2025-04-15T06:00:00Z,2025-04-15T06:15:00Z,2025-04-15,2025-04-15_9,0.0,100,100,0,101.12560173913049,85.09571043478266,0.04452747584541062,14.747499999999999,0.0,True,True,False,False,0.0,0.0,191.87343043696634,206.42893018583626,5028.235306880964,0.0,5426.537667503767
2025-04-15T06:15:00Z,2025-04-15T06:30:00Z,2025-04-15,2025-04-15_9,0.0,100,100,0,85.09571043478266,69.61527565217396,0.04300120772946861,14.242000000000003,0.0,True,True,False,False,0.0,0.0,191.87343043696634,206.42893018583626,3990.8530390758424,0.0,4389.155399698645
2025-04-15T06:30:00Z,2025-04-15T06:45:00Z,2025-04-15,2025-04-15_9,0.0,100,100,0,69.61527565217396,67.44311478260875,0.006762113526570048,2.119,0.1425,True,True,False,False,0.0,0.0,191.87343043696634,206.42893018583626,382.556235258664,-10.422411351079857,770.4361845303868
2025-04-15T06:45:00Z,2025-04-15T07:00:00Z,2025-04-15,2025-04-15_9,0.0,100,100,0,67.44311478260875,68.44186347826093,0.0028709202898550726,0.016,1.1045,True,True,False,False,0.0,0.0,191.87343043696634,206.42893018583626,2.250125565042692,-48.96546398794575,351.58702219989954
2025-04-15T07:00:00Z,2025-04-15T07:15:00Z,2025-04-15,2025-04-15_10,0.0,100,100,0,68.44186347826093,63.345310434782675,0.016114647342995166,5.013,0.383,True,True,False,False,0.0,0.0,176.50426921145154,206.42893018583626,968.4088725263687,-17.977031240582622,1333.3650406830739
2025-04-15T07:15:00Z,2025-04-15T07:30:00Z,2025-04-15,2025-04-15_10,0.0,100,100,0,63.345310434782675,60.35097217391311,0.00866005072463768,2.8115,0.067,True,True,False,False,0.0,0.0,176.50426921145154,206.42893018583626,499.2156449020593,-4.882566951280764,877.2662773480663
2025-04-15T07:30:00Z,2025-04-15T07:45:00Z,2025-04-15,2025-04-15_10,0.0,100,100,0,60.35097217391311,60.89607565217398,0.0015806014492753626,0.011,0.6055,True,True,False,False,0.0,0.0,176.50426921145154,206.42893018583626,1.5469613259668507,-33.94230457056756,350.5378561526871
2025-04-15T07:45:00Z,2025-04-15T08:00:00Z,2025-04-15,2025-04-15_10,0.0,100,100,0,60.89607565217398,64.19565565217398,0.0091655,0.0,3.5865,True,True,False,False,0.0,0.0,176.50426921145154,206.42893018583626,0.0,-84.82874103465596,298.1044583626318
2025-04-15T08:00:00Z,2025-04-15T08:15:00Z,2025-04-15,2025-04-15_11,-66.0,100,34,0,64.19565565217398,69.49343714782616,0.035511289178743966,10.1285,0.0119,True,True,False,False,-1638.285,0.0,176.50426921145154,70.18583626318433,6597.357956906078,-0.7701660873932696,5204.99289629332
2025-04-15T08:15:00Z,2025-04-15T08:30:00Z,2025-04-15,2025-04-15_11,-66.0,100,34,0,69.49343714782616,69.70988240000007,0.032054316521739123,15.3195,0.0,True,True,False,False,-1638.285,0.0,176.50426921145154,70.18583626318433,8817.916510999497,0.0,7426.321616474133
2025-04-15T08:30:00Z,2025-04-15T08:45:00Z,2025-04-15,2025-04-15_11,-66.0,100,34,0,69.70988240000007,77.25743899130441,0.03700867169082126,7.814,0.0,True,True,False,False,-1638.285,0.0,176.50426921145154,70.18583626318433,1449.6347556002008,0.0,58.03986107483662
2025-04-15T08:45:00Z,2025-04-15T09:00:00Z,2025-04-15,2025-04-15_11,-66.0,100,34,0,77.25743899130441,91.26597433043484,0.04139997739130435,1.2115,0.01292,True,True,False,False,-1638.285,0.0,176.50426921145154,70.18583626318433,197.87403335007534,-0.971705996986439,-1194.6925671722754
2025-04-15T09:00:00Z,2025-04-15T09:15:00Z,2025-04-15,2025-04-15_12,0.0,100,100,0,91.26597433043484,91.18087520000006,0.0005788309178743962,0.135,0.067,True,True,False,False,0.0,0.0,176.50426921145154,206.42893018583626,19.352287292817678,-5.036959718734305,397.2485269713712
2025-04-15T09:15:00Z,2025-04-15T09:30:00Z,2025-04-15,2025-04-15_12,0.0,100,100,0,91.18087520000006,90.3244421565218,0.0024760917874396137,0.804,0.019,True,True,False,False,0.0,0.0,176.50426921145154,206.42893018583626,147.0345185334003,-1.4857866398794577,528.4819312908087
2025-04-15T09:30:00Z,2025-04-15T09:45:00Z,2025-04-15,2025-04-15_12,0.0,100,100,0,90.3244421565218,90.62087085217398,0.008420031400966184,1.258,1.8085,True,True,False,False,0.0,0.0,176.50426921145154,206.42893018583626,215.77827624309393,-70.82016966348569,527.8913059768961
2025-04-15T09:45:00Z,2025-04-15T10:00:00Z,2025-04-15,2025-04-15_12,0.0,100,100,0,90.62087085217398,91.98109085217398,0.003778388888888889,0.0,1.4785,True,True,False,False,0.0,0.0,176.50426921145154,206.42893018583626,0.0,-83.10283887493722,299.8303605223506
2025-04-15T10:00:00Z,2025-04-15T10:15:00Z,2025-04-15,2025-04-15_13,0.0,100,100,0,91.98109085217398,92.5814369391305,0.0017491497584541061,0.0135,0.6685,True,True,False,False,0.0,0.0,176.50426921145154,206.42893018583626,1.8985434455047714,-47.033524560522345,337.7982182822702
2025-04-15T10:15:00Z,2025-04-15T10:30:00Z,2025-04-15,2025-04-15_13,0.0,100,100,0,92.5814369391305,91.0489221565218,0.004453763285024155,1.4425,0.0385,True,True,False,False,0.0,0.0,176.50426921145154,206.42893018583626,246.19642340532394,-2.8476154696132596,626.2820073329985
2025-04-15T10:30:00Z,2025-04-15T10:45:00Z,2025-04-15,2025-04-15_13,0.0,100,100,0,91.0489221565218,91.2396421565218,0.0010853333333333333,0.092,0.316,True,True,False,False,0.0,0.0,176.50426921145154,206.42893018583626,13.31391099949774,-23.22420652938222,373.02290386740333
2025-04-15T10:45:00Z,2025-04-15T11:00:00Z,2025-04-15,2025-04-15_13,0.0,100,100,0,91.2396421565218,91.82923780869571,0.001658900966183575,0.0035000000000000005,0.645,True,True,False,False,0.0,0.0,176.50426921145154,206.42893018583626,0.49221496735308895,-43.961463586137626,339.46395077850326
2025-04-15T11:00:00Z,2025-04-15T11:15:00Z,2025-04-15,2025-04-15_14,0.0,100,100,0,91.82923780869571,90.85570911304355,0.0036574685990338166,1.0535,0.1865,True,True,False,False,0.0,0.0,176.50426921145154,206.42893018583626,175.524211752888,-11.572666901054747,546.884744249121
2025-04-15T11:15:00Z,2025-04-15T11:30:00Z,2025-04-15,2025-04-15_14,0.0,100,100,0,90.85570911304355,88.85761520000007,0.006822927536231884,2.049,0.249,True,True,False,False,0.0,0.0,176.50426921145154,206.42893018583626,357.99395258663986,-15.17476785534907,725.7523841285786
2025-04-15T11:30:00Z,2025-04-15T11:45:00Z,2025-04-15,2025-04-15_14,0.0,100,100,0,88.85761520000007,90.53891520000006,0.0046702777777777775,0.0,1.8275,True,True,False,False,0.0,0.0,176.50426921145154,206.42893018583626,0.0,-96.96782923154194,285.96537016574587
2025-04-15T11:45:00Z,2025-04-15T12:00:00Z,2025-04-15,2025-04-15_14,0.0,100,100,0,90.53891520000006,93.01417520000007,0.006875722222222222,0.0,2.6905,True,True,False,False,0.0,0.0,176.50426921145154,206.42893018583626,0.0,-102.70115519839277,280.23204419889504
2025-04-15T12:00:00Z,2025-04-15T12:15:00Z,2025-04-15,2025-04-15_15,0.0,100,100,0,93.01417520000007,96.86023520000006,0.010683500000000002,0.0,4.1805,True,True,False,False,0.0,0.0,176.50426921145154,206.42893018583626,0.0,278.31757488699145,661.2507742842793
2025-04-15T12:15:00Z,2025-04-15T12:30:00Z,2025-04-15,2025-04-15_15,0.0,100,100,0,96.86023520000006,96.90581520000006,0.0008905,0.1265,0.199,True,True,False,False,0.0,0.0,176.50426921145154,206.42893018583626,17.84309502762431,-14.558004419889501,386.2182900050226
2025-04-15T12:30:00Z,2025-04-15T12:45:00Z,2025-04-15,2025-04-15_15,0.0,100,100,0,96.90581520000006,96.66124998260877,0.0006793478260869566,0.22500000000000003,0.0,True,True,False,False,0.0,0.0,176.50426921145154,206.42893018583626,31.642390758412862,0.0,414.5755901557007
2025-04-15T12:45:00Z,2025-04-15T13:00:00Z,2025-04-15,2025-04-15_15,0.0,100,100,0,96.66124998260877,96.41668476521747,0.0006793478260869566,0.22500000000000003,0.0,True,True,False,False,0.0,0.0,176.50426921145154,206.42893018583626,31.642390758412862,0.0,414.5755901557007
2025-04-15T13:00:00Z,2025-04-15T13:15:00Z,2025-04-15,2025-04-15_16,0.0,100,100,0,96.41668476521747,98.03530998260877,0.005498596618357488,0.166,1.9555,True,True,False,False,0.0,0.0,176.50426921145154,206.42893018583626,23.345052737317932,-2.767361526870919,403.51089060773484
2025-04-15T13:15:00Z,2025-04-15T13:30:00Z,2025-04-15,2025-04-15_16,0.0,100,100,0,98.03530998260877,101.45717867826093,0.009740698067632851,0.039,3.7655000000000003,True,True,False,False,0.0,0.0,176.50426921145154,206.42893018583626,5.61727714716223,-60.029370266197894,328.52110627825215
2025-04-15T13:30:00Z,2025-04-15T13:45:00Z,2025-04-15,2025-04-15_16,0.0,100,100,0,101.45717867826093,101.46020998260875,0.0003979130434782609,0.0645,0.0795,True,True,False,False,0.0,0.0,176.50426921145154,206.42893018583626,9.163639075841285,-6.030931491712708,386.0659069814164
2025-04-15T13:45:00Z,2025-04-15T14:00:00Z,2025-04-15,2025-04-15_16,0.0,100,100,0,101.46020998260875,101.24232998260874,0.000853111111111111,0.2415,0.0485,True,True,False,False,0.0,0.0,176.50426921145154,206.42893018583626,35.162448518332496,-3.857355298844802,414.2382926167755
2025-04-15T14:00:00Z,2025-04-15T14:15:00Z,2025-04-15,2025-04-15_17,0.0,100,100,0,101.24232998260874,113.51604998260873,0.03409366666666666,0.0,13.341,True,True,False,False,0.0,0.0,176.50426921145154,213.20944249121044,0.0,2982.712567353089,3372.426279055751
2025-04-15T14:15:00Z,2025-04-15T14:30:00Z,2025-04-15,2025-04-15_17,0.0,100,100,0,113.51604998260873,124.61676998260873,0.030835333333333336,0.0,12.066,True,True,False,False,0.0,0.0,176.50426921145154,213.20944249121044,0.0,-94.28327553992969,295.4304361627323
2025-04-15T14:30:00Z,2025-04-15T14:45:00Z,2025-04-15,2025-04-15_17,0.0,100,100,0,124.61676998260873,133.08352998260872,0.023518777777777774,0.0,9.203,True,True,False,False,0.0,0.0,176.50426921145154,213.20944249121044,0.0,-77.25158131592163,312.46213038674034
2025-04-15T14:45:00Z,2025-04-15T15:00:00Z,2025-04-15,2025-04-15_17,0.0,100,100,0,133.08352998260872,133.3463386782609,0.004368309178743961,0.6025,0.9975000000000002,True,True,False,False,0.0,0.0,176.50426921145154,213.20944249121044,97.22830889000502,-32.81459367152185,454.1274269211452
2025-04-15T15:00:00Z,2025-04-15T15:15:00Z,2025-04-15,2025-04-15_18,0.0,100,100,0,133.3463386782609,144.58321867826092,0.031213555555555557,0.0,12.214,True,True,False,False,0.0,0.0,176.50426921145154,213.9628327473631,0.0,2564.866384731291,2955.3334866901055
2025-04-15T15:15:00Z,2025-04-15T15:30:00Z,2025-04-15,2025-04-15_18,0.0,100,100,0,144.58321867826092,157.17019867826093,0.03496383333333333,0.0,13.6815,True,True,False,False,0.0,0.0,176.50426921145154,213.9628327473631,0.0,1623.6717685585133,2014.138870517328
2025-04-15T15:30:00Z,2025-04-15T15:45:00Z,2025-04-15,2025-04-15_18,0.0,100,100,0,157.17019867826093,165.41017867826093,0.022888833333333337,0.0,8.9565,True,True,False,False,0.0,0.0,176.50426921145154,213.9628327473631,0.0,-49.23690798593671,341.23019397287794
2025-04-15T15:45:00Z,2025-04-15T16:00:00Z,2025-04-15,2025-04-15_18,0.0,100,100,0,165.41017867826093,168.44596911304356,0.010020915458937199,0.263,3.6105,True,True,False,False,0.0,0.0,176.50426921145154,213.9628327473631,41.29118493219488,-50.22348759417379,381.53479929683573
2025-04-15T16:00:00Z,2025-04-15T16:15:00Z,2025-04-15,2025-04-15_19,0.0,100,100,0,168.44596911304356,179.19386911304355,0.029855277777777776,0.0,11.6825,True,True,False,False,0.0,0.0,192.53641386238073,213.9628327473631,0.0,5061.319024108488,5467.818270718231
2025-04-15T16:15:00Z,2025-04-15T16:30:00Z,2025-04-15,2025-04-15_19,0.0,100,100,0,179.19386911304355,187.21994911304355,0.022294666666666667,0.0,8.724,True,True,False,False,0.0,0.0,192.53641386238073,213.9628327473631,0.0,1980.9272630838773,2387.426509693621
2025-04-15T16:30:00Z,2025-04-15T16:45:00Z,2025-04-15,2025-04-15_19,0.0,100,100,0,187.21994911304355,189.67216998260875,0.006863053140096619,0.0085,2.6755,True,True,False,False,0.0,0.0,192.53641386238073,213.9628327473631,1.1953792064289301,-89.13137317930688,318.5632526368659
2025-04-15T16:45:00Z,2025-04-15T17:00:00Z,2025-04-15,2025-04-15_19,0.0,100,100,0,189.67216998260875,189.29434998260876,0.002283833333333333,0.552,0.2415,True,True,False,False,0.0,0.0,192.53641386238073,213.9628327473631,98.84309954796586,-15.673507684580612,489.6688384731291
2025-04-15T17:00:00Z,2025-04-15T17:15:00Z,2025-04-15,2025-04-15_20,100.0,0,100,0,189.29434998260876,174.5204369391305,0.041038647342995165,0.0,11.408,True,True,False,False,3769.2500000000005,0.0,0.0,213.9628327473631,0.0,8750.09528799598,12733.308120743344
2025-04-15T17:15:00Z,2025-04-15T17:30:00Z,2025-04-15,2025-04-15_20,100.0,0,100,0,174.5204369391305,150.02315433043483,0.0680480072463768,0.0,2.4625,True,True,False,False,3769.2500000000005,0.0,0.0,213.9628327473631,0.0,-99.53100954294324,3883.68182320442
2025-04-15T17:30:00Z,2025-04-15T17:45:00Z,2025-04-15,2025-04-15_20,100.0,0,100,0,150.02315433043483,122.87478476521744,0.07541213768115941,0.0,0.0235,True,True,False,False,3769.2500000000005,0.0,0.0,213.9628327473631,0.0,-1.8354597689603216,3981.3773729784034
2025-04-15T17:45:00Z,2025-04-15T18:00:00Z,2025-04-15,2025-04-15_20,100.0,0,100,0,122.87478476521744,95.8144586782609,0.07516757246376812,0.0,0.1045,True,True,False,False,3769.2500000000005,0.0,0.0,213.9628327473631,0.0,-7.9256662983425405,3975.2871664490212
2025-04-15T18:00:00Z,2025-04-15T18:15:00Z,2025-04-15,2025-04-15_21,73.60108451437823,26,100,0,95.8144586782609,75.49213136457116,0.056450909204693714,0.29627,0.0,True,True,False,False,2818.921536900686,0.0,51.24259166248117,211.94374686087394,53.36592019889502,0.0,3135.473795622936
2025-04-15T18:15:00Z,2025-04-15T18:30:00Z,2025-04-15,2025-04-15_21,73.60108451437823,26,100,0,75.49213136457116,54.46356492044666,0.05841268456701255,0.94601,0.0,True,True,False,False,2818.921536900686,0.0,51.24259166248117,211.94374686087394,171.05153189352086,0.0,3253.159407317562
2025-04-15T18:30:00Z,2025-04-15T18:45:00Z,2025-04-15,2025-04-15_21,73.60108451437823,26,100,0,54.46356492044666,34.486916825248336,0.05557704293909497,0.03965,0.064,True,True,False,False,2818.921536900686,0.0,51.24259166248117,211.94374686087394,6.563331612255147,-4.994172978402812,3083.6770340578937
2025-04-15T18:45:00Z,2025-04-15T19:00:00Z,2025-04-15,2025-04-15_21,73.60108451437823,26,100,0,34.486916825248336,14.598519130434756,0.055404763944766566,0.01027,0.11799999999999998,True,True,False,False,2818.921536900686,0.0,51.24259166248117,211.94374686087394,1.5383232345554996,-9.05042812656956,3074.595770532027
2025-04-15T19:00:00Z,2025-04-15T19:15:00Z,2025-04-15,2025-04-15_22,0.0,100,100,0,14.598519130434756,10.178410434782583,0.012278079710144925,4.0665,0.0,True,True,False,False,0.0,0.0,176.50426921145154,211.94374686087394,795.1369808136614,0.0,1183.5849968859868
2025-04-15T19:15:00Z,2025-04-15T19:30:00Z,2025-04-15,2025-04-15_22,0.0,100,100,0,10.178410434782583,9.999999999999973,0.0008329178743961352,0.22,0.066,True,True,False,False,0.0,0.0,176.50426921145154,211.94374686087394,36.8007955801105,-4.95569502762431,420.29311662481166
2025-04-15T19:30:00Z,2025-04-15T19:45:00Z,2025-04-15,2025-04-15_22,0.0,100,100,0,9.999999999999973,10.099036521739103,0.00048645410628019324,0.035,0.149,True,True,False,False,0.0,0.0,176.50426921145154,211.94374686087394,5.222196885986942,-11.228837569060772,382.4413753892517
2025-04-15T19:45:00Z,2025-04-15T20:00:00Z,2025-04-15,2025-04-15_22,0.0,100,100,0,10.099036521739103,13.3531313043478,0.009286736714975844,0.041,3.5854999999999997,True,True,False,False,0.0,0.0,176.50426921145154,211.94374686087394,6.4080343545956815,3716.9025421396286,4111.75859256655
2025-04-15T20:00:00Z,2025-04-15T20:15:00Z,2025-04-15,2025-04-15_23,9.955003730796875,90,100,0,13.3531313043478,12.88097411227966,0.012488232842665894,0.038250000000000006,2.4285,True,True,False,False,276.72421620682616,0.0,158.6639879457559,211.94374686087394,5.538323355097941,730.484017880462,1383.354292249016
2025-04-15T20:15:00Z,2025-04-15T20:30:00Z,2025-04-15,2025-04-15_23,9.955003730796875,90,100,0,12.88097411227966,11.170552962547863,0.009687136405856254,0.009000000000000001,1.0725,True,True,False,False,276.72421620682616,0.0,158.6639879457559,211.94374686087394,1.2696735308890006,-48.09971270718232,600.5019118371627
2025-04-15T20:30:00Z,2025-04-15T20:45:00Z,2025-04-15,2025-04-15_23,9.955003730796875,90,100,0,11.170552962547863,9.999999999999975,0.010797006544449126,0.0009000000000000001,1.6395,True,True,False,False,276.72421620682616,0.0,158.6639879457559,211.94374686087394,0.12656956303365144,-44.29795600200904,603.1605645744806
2025-04-15T20:45:00Z,2025-04-15T21:00:00Z,2025-04-15,2025-04-15_23,9.955003730796875,90,100,0,9.999999999999975,10.056513189121723,0.013569378100387722,0.029249999999999998,2.9825,True,True,False,False,276.72421620682616,0.0,158.6639879457559,211.94374686087394,4.332296685082873,368.01503415369166,1019.6792818522306
2025-04-15T21:00:00Z,2025-04-15T21:15:00Z,2025-04-16,2025-04-15_24,0.0,100,100,0,10.056513189121723,10.814835797817375,0.005940992753623188,0.635,1.5744999999999998,True,True,False,False,0.0,0.0,176.29686181540563,212.27950335516533,97.56117852694176,-43.37640896853778,442.7611347289749
2025-04-15T21:15:00Z,2025-04-15T21:30:00Z,2025-04-16,2025-04-15_24,0.0,100,100,0,10.814835797817375,12.256935797817375,0.0040058333333333335,0.0,1.5675,True,True,False,False,0.0,0.0,176.29686181540563,212.27950335516533,0.0,-68.78652559569252,319.78983957487844
2025-04-15T21:30:00Z,2025-04-15T21:45:00Z,2025-04-16,2025-04-15_24,0.0,100,100,0,12.256935797817375,18.159195797817375,0.01639516666666667,0.0,6.415500000000001,True,True,False,False,0.0,0.0,176.29686181540563,212.27950335516533,0.0,-140.43492636717966,248.1414388033913
2025-04-15T21:45:00Z,2025-04-15T22:00:00Z,2025-04-16,2025-04-15_24,0.0,100,100,0,18.159195797817375,35.36411579781738,0.04779144444444445,0.0,18.701,True,True,False,False,0.0,0.0,176.29686181540563,212.27950335516533,0.0,5399.646050749387,5788.222415919958
2025-04-15T22:00:00Z,2025-04-15T22:15:00Z,2025-04-16,2025-04-16_1,-44.337850235004986,100,55,0,35.36411579781738,46.93025790127907,0.03318696340188475,0.315,1.83425,True,True,False,False,-1012.0114316139887,0.0,176.29686181540563,116.95262586892754,49.46678386306103,-29.41529096516253,-698.7104510317571
2025-04-15T22:15:00Z,2025-04-15T22:30:00Z,2025-04-16,2025-04-16_1,-44.337850235004986,100,55,0,46.93025790127907,53.3887264938986,0.030348211420167723,3.6915000000000004,0.0,True,True,False,False,-1012.0114316139887,0.0,176.29686181540563,116.95262586892754,660.484360710411,0.0,-58.27758321924456
2025-04-15T22:30:00Z,2025-04-15T22:45:00Z,2025-04-16,2025-04-16_1,-44.337850235004986,100,55,0,53.3887264938986,61.52866152454508,0.029439291585587286,2.0315,0.0,True,True,False,False,-1012.0114316139887,0.0,176.29686181540563,116.95262586892754,331.41767087234297,0.0,-387.3442730573126
2025-04-15T22:45:00Z,2025-04-15T23:00:00Z,2025-04-16,2025-04-16_1,-44.337850235004986,100,55,0,61.52866152454508,57.434915286956326,0.03605223092422899,14.109,0.0,True,True,False,False,-1012.0114316139887,0.0,176.29686181540563,116.95262586892754,4786.455714831036,0.0,4067.6937709013805
2025-04-15T23:00:00Z,2025-04-15T23:15:00Z,2025-04-16,2025-04-16_2,-100.0,100,0,0,57.434915286956326,61.143435286956326,0.010301444444444443,20.969,0.0,True,True,False,False,-2151.5,0.0,176.29686181540563,0.0,21350.140032748022,0.0,19374.936894563427
2025-04-15T23:15:00Z,2025-04-15T23:30:00Z,2025-04-16,2025-04-16_2,-100.0,100,0,0,61.143435286956326,80.15293528695634,0.05280416666666667,4.3375,0.0,True,True,False,False,-2151.5,0.0,176.29686181540563,0.0,764.7869821593604,0.0,-1210.416156025234
2025-04-15T23:30:00Z,2025-04-15T23:45:00Z,2025-04-16,2025-04-16_2,-100.0,100,0,0,80.15293528695634,101.99971528695635,0.06068550000000001,1.2535,0.0,True,True,False,False,-2151.5,0.0,176.29686181540563,0.0,203.20178386306105,0.0,-1772.0013543215332
2025-04-15T23:45:00Z,2025-04-16T00:00:00Z,2025-04-16,2025-04-16_2,-100.0,100,0,0,101.99971528695635,124.96751528695636,0.06379944444444445,0.035,0.0,True,True,False,False,-2151.5,0.0,176.29686181540563,0.0,4.991560855064893,0.0,-1970.2115773295295
2025-04-16T00:00:00Z,2025-04-16T00:15:00Z,2025-04-16,2025-04-16_3,0.0,100,100,0,124.96751528695636,126.37034833043461,0.0039027971014492756,0.001,1.526,True,True,False,False,0.0,0.0,176.29686181540563,211.94800498252098,0.14063567324305862,-63.99579338610519,324.3897090850645
2025-04-16T00:15:00Z,2025-04-16T00:30:00Z,2025-04-16,2025-04-16_3,0.0,100,100,0,126.37034833043461,132.2634083304346,0.016369611111111113,0.0,6.4055,True,True,False,False,0.0,0.0,176.29686181540563,211.94800498252098,0.0,-136.0464163016836,252.19845049624303
2025-04-16T00:30:00Z,2025-04-16T00:45:00Z,2025-04-16,2025-04-16_3,0.0,100,100,0,132.2634083304346,133.11630485217373,0.002649954106280194,0.0465,0.9820000000000001,True,True,False,False,0.0,0.0,176.29686181540563,211.94800498252098,6.7061120263591425,-43.51920802025154,351.4317708040342
2025-04-16T00:45:00Z,2025-04-16T01:00:00Z,2025-04-16,2025-04-16_3,0.0,100,100,0,133.11630485217373,133.10542398260853,0.0006128913043478261,0.1065,0.11399999999999999,True,True,False,False,0.0,0.0,176.29686181540563,211.94800498252098,15.331493852211997,-6.572715875758427,397.0036447743802
2025-04-16T01:00:00Z,2025-04-16T01:15:00Z,2025-04-16,2025-04-16_4,0.0,100,100,0,133.10542398260853,132.16400398260853,0.002801611111111111,0.897,0.0365,True,True,False,False,0.0,0.0,176.29686181540563,211.94800498252098,133.86482420540844,-2.5480188451802146,519.5616721581548
2025-04-16T01:15:00Z,2025-04-16T01:30:00Z,2025-04-16,2025-04-16_4,0.0,100,100,0,132.16400398260853,132.07529006956506,0.0010156497584541064,0.209,0.1505,True,True,False,False,0.0,0.0,176.29686181540563,211.94800498252098,30.91372604170852,-8.147814923454012,411.01077791618115
2025-04-16T01:30:00Z,2025-04-16T01:45:00Z,2025-04-16,2025-04-16_4,0.0,100,100,0,132.07529006956506,132.00757528695638,0.0003976521739130435,0.097,0.041,True,True,False,False,0.0,0.0,176.29686181540563,211.94800498252098,13.912778559087075,-3.1175947281713348,399.0400506288424
2025-04-16T01:45:00Z,2025-04-16T02:00:00Z,2025-04-16,2025-04-16_4,0.0,100,100,0,132.00757528695638,133.93904224347813,0.0055674806763285015,0.0335,2.139,True,True,False,False,0.0,0.0,176.29686181540563,211.94800498252098,4.711295053642464,1621.9407771125484,2014.8969389641175
2025-04-16T02:00:00Z,2025-04-16T02:15:00Z,2025-04-16,2025-04-16_5,0.0,100,100,0,133.93904224347813,150.03260224347812,0.04470433333333333,0.0,17.493,True,True,False,False,0.0,0.0,176.29686181540563,212.64113794350462,0.0,6079.915776710733,6468.853776469643
2025-04-16T02:15:00Z,2025-04-16T02:30:00Z,2025-04-16,2025-04-16_5,0.0,100,100,0,150.03260224347812,161.6885422434781,0.03237761111111111,0.0,12.6695,True,True,False,False,0.0,0.0,176.29686181540563,212.64113794350462,0.0,118.23407301000522,507.1720727689155
2025-04-16T02:30:00Z,2025-04-16T02:45:00Z,2025-04-16,2025-04-16_5,0.0,100,100,0,161.6885422434781,162.28057441739116,0.0018770217391304348,0.0385,0.689,True,True,False,False,0.0,0.0,176.29686181540563,212.64113794350462,5.449033230200506,-29.418503234620477,364.9685297544903
2025-04-16T02:45:00Z,2025-04-16T03:00:00Z,2025-04-16,2025-04-16_5,0.0,100,100,0,162.28057441739116,162.32989702608683,0.0004993260869565218,0.06,0.1245,True,True,False,False,0.0,0.0,176.29686181540563,212.64113794350462,8.526535942459917,-6.7274123036123274,390.73712339775784
2025-04-16T03:00:00Z,2025-04-16T03:15:00Z,2025-04-16,2025-04-16_6,0.0,100,100,0,162.32989702608683,174.73894224347814,0.03449976328502416,0.005,13.494,True,True,False,False,0.0,0.0,176.29686181540563,211.94800498252098,0.7164383011210673,12931.41292562382,13320.374230722868
2025-04-16T03:15:00Z,2025-04-16T03:30:00Z,2025-04-16,2025-04-16_6,0.0,100,100,0,174.73894224347814,178.79605876521725,0.011272787439613529,0.0005,4.4105,True,True,False,False,0.0,0.0,176.29686181540563,211.94800498252098,0.07031783662152931,975.2730751999034,1363.5882598344515
2025-04-16T03:30:00Z,2025-04-16T03:45:00Z,2025-04-16,2025-04-16_6,0.0,100,100,0,178.79605876521725,184.87725876521725,0.016892222222222225,0.0,6.61,True,True,False,False,0.0,0.0,176.29686181540563,211.94800498252098,0.0,1222.2205267810505,1610.465393578977
2025-04-16T03:45:00Z,2025-04-16T04:00:00Z,2025-04-16,2025-04-16_6,0.0,100,100,0,184.87725876521725,189.12765876521726,0.011806666666666667,0.0,4.62,True,True,False,False,0.0,0.0,176.29686181540563,211.94800498252098,0.0,-53.696106400932216,334.5487603969944
2025-04-16T04:00:00Z,2025-04-16T04:15:00Z,2025-04-16,2025-04-16_7,73.0,27,100,0,189.12765876521726,172.43764421739118,0.05053151152173913,0.0014849999999999998,3.022,True,True,False,False,2315.925,0.0,53.37726523887973,211.94800498252098,0.20884397476594202,-59.427890464901346,2522.0312237312655
2025-04-16T04:15:00Z,2025-04-16T04:30:00Z,2025-04-16,2025-04-16_7,73.0,27,100,0,172.43764421739118,161.68841951304336,0.04189807751207729,0.0014849999999999998,8.724,True,True,False,False,2315.925,0.0,53.37726523887973,211.94800498252098,0.20884397476594202,3944.4542234901755,6525.913337686342
2025-04-16T04:30:00Z,2025-04-16T04:45:00Z,2025-04-16,2025-04-16_7,73.0,27,100,0,161.68841951304336,145.72360354782597,0.049475481014492756,0.0,3.7164999999999995,True,True,False,False,2315.925,0.0,53.37726523887973,211.94800498252098,0.0,-65.45875467111343,2515.7915155502874
2025-04-16T04:45:00Z,2025-04-16T05:00:00Z,2025-04-16,2025-04-16_7,73.0,27,100,0,145.72360354782597,130.3401556521738,0.04863060971014493,0.0,4.2745,True,True,False,False,2315.925,0.0,53.37726523887973,211.94800498252098,0.0,-164.868909470808,2416.381360750593
2025-04-16T05:00:00Z,2025-04-16T05:15:00Z,2025-04-16,2025-04-16_8,100.0,0,100,0,130.3401556521738,105.91243826086945,0.06785477053140096,0.0,2.5265,True,True,False,False,3390.0,0.0,0.0,213.21372604170853,0.0,-107.99779925262185,3495.2159267890866
2025-04-16T05:15:00Z,2025-04-16T05:30:00Z,2025-04-16,2025-04-16_8,100.0,0,100,0,105.91243826086945,80.23145999999988,0.07133605072463768,0.0,1.3735,True,True,False,False,3390.0,0.0,0.0,213.21372604170853,0.0,-75.59134266886326,3527.6223833728454
2025-04-16T05:30:00Z,2025-04-16T05:45:00Z,2025-04-16,2025-04-16_8,100.0,0,100,0,80.23145999999988,62.17548173913032,0.050155495169082125,0.0,8.3885,True,True,False,False,3390.0,0.0,0.0,213.21372604170853,0.0,1970.7177507333147,5573.931476775023
2025-04-16T05:45:00Z,2025-04-16T06:00:00Z,2025-04-16,2025-04-16_8,100.0,0,100,0,62.17548173913032,43.371133913043366,0.0522342995169082,0.0,7.7,True,True,False,False,3390.0,0.0,0.0,213.21372604170853,0.0,2889.410535621007,6492.624261662716
2025-04-16T06:00:00Z,2025-04-16T06:15:00Z,2025-04-16,2025-04-16_9,80.0,20,100,0,43.371133913043366,21.65796521739119,0.06047791304347826,0.13119999999999998,0.16,True,True,False,False,2198.8,0.0,38.44175674046691,206.43307751034675,23.549864909390443,-11.371688029895127,2455.8530111303094
2025-04-16T06:15:00Z,2025-04-16T06:30:00Z,2025-04-16,2025-04-16_9,80.0,20,100,0,21.65796521739119,11.354089565217281,0.03971809903381642,0.0010999999999999998,10.855,True,True,False,False,2198.8,0.0,38.44175674046691,206.43307751034675,0.15469924056736445,9495.872174227508,11939.70170771889
2025-04-16T06:30:00Z,2025-04-16T06:45:00Z,2025-04-16,2025-04-16_9,80.0,20,100,0,11.354089565217281,10.014088869565107,0.023514490821256038,0.0,19.362,True,True,False,False,2198.8,0.0,38.44175674046691,206.43307751034675,0.0,15403.051774420377,17846.72660867119
2025-04-16T06:45:00Z,2025-04-16T07:00:00Z,2025-04-16,2025-04-16_9,80.0,20,100,0,10.014088869565107,9.99999999999989,0.021117869082125602,0.0,20.6205,True,True,False,False,2198.8,0.0,38.44175674046691,206.43307751034675,0.0,22535.326407662636,24979.00124191345
2025-04-16T07:00:00Z,2025-04-16T07:15:00Z,2025-04-16,2025-04-16_10,0.0,0,0,0,9.99999999999989,9.99999999999989,0.0,0.0,0.0,True,False,False,False,0.0,0.0,0.0,0.0,0.0,0.0,0.0
2025-04-16T07:15:00Z,2025-04-16T07:30:00Z,2025-04-16,2025-04-16_10,0.0,0,0,0,9.99999999999989,9.99999999999989,0.0,0.0,0.0,True,False,False,False,0.0,0.0,0.0,0.0,0.0,0.0,0.0
2025-04-16T07:30:00Z,2025-04-16T07:45:00Z,2025-04-16,2025-04-16_10,0.0,0,0,0,9.99999999999989,9.99999999999989,0.0,0.0,0.0,True,False,False,False,0.0,0.0,0.0,0.0,0.0,0.0,0.0
2025-04-16T07:45:00Z,2025-04-16T08:00:00Z,2025-04-16,2025-04-16_10,0.0,0,0,0,9.99999999999989,9.99999999999989,0.0,0.0,0.0,True,False,False,False,0.0,0.0,0.0,0.0,0.0,0.0,0.0
2025-04-16T08:00:00Z,2025-04-16T08:15:00Z,2025-04-16,2025-04-16_11,0.0,100,100,0,9.99999999999989,12.570313043478151,0.007145797101449276,0.001,2.795,True,True,False,False,0.0,0.0,176.5078153252702,206.43307751034675,0.10160726483706353,-39.483432113151444,343.55906798730257
2025-04-16T08:15:00Z,2025-04-16T08:30:00Z,2025-04-16,2025-04-16_11,0.0,100,100,0,12.570313043478151,13.184622608695543,0.001715473429951691,0.0015,0.6695,True,True,False,False,0.0,0.0,176.5078153252702,206.43307751034675,0.15241089725559528,-28.328993852211998,354.76430988066056
2025-04-16T08:30:00Z,2025-04-16T08:45:00Z,2025-04-16,2025-04-16_11,0.0,100,100,0,13.184622608695543,14.435887826086846,0.003922596618357488,0.074,1.4475,True,True,False,False,0.0,0.0,176.5078153252702,206.43307751034675,7.518937597942701,-56.580865512114755,333.8789649214449
2025-04-16T08:45:00Z,2025-04-16T09:00:00Z,2025-04-16,2025-04-16_11,0.0,100,100,0,14.435887826086846,29.29434782608685,0.041273500000000005,0.0,16.1505,True,True,False,False,0.0,0.0,176.5078153252702,206.43307751034675,0.0,11599.072738980192,11982.01363181581
2025-04-16T09:00:00Z,2025-04-16T09:15:00Z,2025-04-16,2025-04-16_12,0.0,100,100,0,29.29434782608685,31.708613043478152,0.014236485507246377,1.247,4.0975,True,True,False,False,0.0,0.0,176.5078153252702,206.43307751034675,116.48003174348054,-28.651382247759877,470.7695423313376
2025-04-16T09:15:00Z,2025-04-16T09:30:00Z,2025-04-16,2025-04-16_12,0.0,100,100,0,31.708613043478152,31.669387826086847,0.0006941811594202898,0.133,0.11449999999999999,True,True,False,False,0.0,0.0,176.5078153252702,206.43307751034675,12.423291276570097,-5.073941415196689,390.29024269699033
2025-04-16T09:30:00Z,2025-04-16T09:45:00Z,2025-04-16,2025-04-16_12,0.0,100,100,0,31.669387826086847,32.46196782608685,0.0022016111111111117,0.0,0.8615000000000002,True,True,False,False,0.0,0.0,176.5078153252702,206.43307751034675,0.0,-36.01981797725721,346.92107485835976
2025-04-16T09:45:00Z,2025-04-16T10:00:00Z,2025-04-16,2025-04-16_12,0.0,100,100,0,32.46196782608685,33.00460086956511,0.0015133526570048309,0.001,0.591,True,True,False,False,0.0,0.0,176.5078153252702,206.43307751034675,0.09340820508699321,-25.754462972636315,357.27983806806765
2025-04-16T10:00:00Z,2025-04-16T10:15:00Z,2025-04-16,2025-04-16_13,-26.853301405238863,100,72,0,33.00460086956511,38.69415625758076,0.018849891094795134,0.6895,0.252,True,True,False,False,-0.26853301405238866,0.0,176.5078153252702,148.63181580744964,62.364467392614614,-10.444021376622333,376.7915441346597
2025-04-16T10:15:00Z,2025-04-16T10:30:00Z,2025-04-16,2025-04-16_13,-26.853301405238863,100,72,0,38.69415625758076,48.2138795807857,0.0264436758977915,0.0,3.6342000000000003,True,True,False,False,-0.26853301405238866,0.0,176.5078153252702,148.63181580744964,0.0,-103.38712697392212,221.48397114474534
2025-04-16T10:30:00Z,2025-04-16T10:45:00Z,2025-04-16,2025-04-16_13,-26.853301405238863,100,72,0,48.2138795807857,55.212398764193885,0.019495544454662485,0.0125,0.90792,True,True,False,False,-0.26853301405238866,0.0,176.5078153252702,148.63181580744964,1.130610358821875,-36.3211778036726,289.68053067381675
2025-04-16T10:45:00Z,2025-04-16T11:00:00Z,2025-04-16,2025-04-16_13,-26.853301405238863,100,72,0,55.212398764193885,61.66807043478251,0.018199654113047074,0.0605,0.37224,True,True,False,False,-0.26853301405238866,0.0,176.5078153252702,148.63181580744964,5.472154136697874,-14.137327295375096,316.2059249599902
2025-04-16T11:00:00Z,2025-04-16T11:15:00Z,2025-04-16,2025-04-16_14,-100.0,0,0,0,61.66807043478251,84.6680704347825,0.06388888888888888,0.0,0.0,True,False,False,False,-0.0,0.0,0.0,0.0,0.0,0.0,0.0
2025-04-16T11:15:00Z,2025-04-16T11:30:00Z,2025-04-16,2025-04-16_14,-100.0,0,0,0,84.6680704347825,107.6680704347825,0.06388888888888888,0.0,0.0,True,False,False,False,-0.0,0.0,0.0,0.0,0.0,0.0,0.0
2025-04-16T11:30:00Z,2025-04-16T11:45:00Z,2025-04-16,2025-04-16_14,-100.0,0,0,0,107.6680704347825,130.66807043478252,0.06388888888888888,0.0,0.0,True,False,False,False,-0.0,0.0,0.0,0.0,0.0,0.0,0.0
2025-04-16T11:45:00Z,2025-04-16T12:00:00Z,2025-04-16,2025-04-16_14,-100.0,0,0,0,130.66807043478252,153.66807043478252,0.06388888888888888,0.0,0.0,True,False,False,False,-0.0,0.0,0.0,0.0,0.0,0.0,0.0
2025-04-16T12:00:00Z,2025-04-16T12:15:00Z,2025-04-16,2025-04-16_15,0.0,100,100,0,153.66807043478252,166.73207043478251,0.03628888888888889,0.0,14.2,True,True,False,False,0.0,0.0,176.5078153252702,206.43307751034675,0.0,5466.278217543296,5849.219110378913
2025-04-16T12:15:00Z,2025-04-16T12:30:00Z,2025-04-16,2025-04-16_15,0.0,100,100,0,166.73207043478251,171.23041217391295,0.012528606280193236,0.0055,4.896,True,True,False,False,0.0,0.0,176.5078153252702,206.43307751034675,0.49729507373327436,-52.5621119459959,330.8760759633543
2025-04-16T12:30:00Z,2025-04-16T12:45:00Z,2025-04-16,2025-04-16_15,0.0,100,100,0,171.23041217391295,171.26285304347817,0.0006969975845410629,0.1005,0.154,True,True,False,False,0.0,0.0,176.5078153252702,206.43307751034675,9.08800739341825,-7.747028569132478,384.2818716599027
2025-04-16T12:45:00Z,2025-04-16T13:00:00Z,2025-04-16,2025-04-16_15,0.0,100,100,0,171.26285304347817,168.71921304347816,0.0071704444444444446,2.3575,0.0205,True,True,False,False,0.0,0.0,176.5078153252702,206.43307751034675,213.18574958813838,-1.4254448105436572,594.7011976132117
2025-04-16T13:00:00Z,2025-04-16T13:15:00Z,2025-04-16,2025-04-16_16,0.0,100,100,0,168.71921304347816,179.07783652173904,0.029743157004830916,0.1605,11.449,True,True,False,False,0.0,0.0,176.5078153252702,206.43307751034675,16.367943102824768,3243.452429782617,3642.761265721059
2025-04-16T13:15:00Z,2025-04-16T13:30:00Z,2025-04-16,2025-04-16_16,0.0,100,100,0,179.07783652173904,179.6745999999999,0.00200187922705314,0.056999999999999995,0.716,True,True,False,False,0.0,0.0,176.5078153252702,206.43307751034675,5.778261341262506,-30.385334511994213,358.33381966488525
2025-04-16T13:30:00Z,2025-04-16T13:45:00Z,2025-04-16,2025-04-16_16,0.0,100,100,0,179.6745999999999,179.08569130434773,0.001878635265700483,0.582,0.0475,True,True,False,False,0.0,0.0,176.5078153252702,206.43307751034675,59.28357656607867,-2.9784601398320407,439.2460092618636
2025-04-16T13:45:00Z,2025-04-16T14:00:00Z,2025-04-16,2025-04-16_16,0.0,100,100,0,179.08569130434773,174.7557999999999,0.012027475845410624,3.9834999999999994,0.0,True,True,False,False,0.0,0.0,176.5078153252702,206.43307751034675,406.2411299071804,0.0,789.1820227427974
2025-04-16T14:00:00Z,2025-04-16T14:15:00Z,2025-04-16,2025-04-16_17,0.0,100,100,0,174.7557999999999,186.3232530434782,0.032137852657004834,0.001,12.5745,True,True,False,False,0.0,0.0,176.5078153252702,213.21372604170853,0.14063567324305862,5743.70237011291,6133.564547153132
2025-04-16T14:15:00Z,2025-04-16T14:30:00Z,2025-04-16,2025-04-16_17,0.0,100,100,0,186.3232530434782,189.6181939130434,0.00920394202898551,0.0085,3.5915000000000004,True,True,False,False,0.0,0.0,176.5078153252702,213.21372604170853,1.1954032225659983,-52.310319443886364,338.60662514565837
2025-04-16T14:30:00Z,2025-04-16T14:45:00Z,2025-04-16,2025-04-16_17,0.0,100,100,0,189.6181939130434,187.54614173913035,0.006164589371980675,1.974,0.08,True,True,False,False,0.0,0.0,176.5078153252702,213.21372604170853,303.1771949210431,-5.496845742757263,687.4018905452646
2025-04-16T14:45:00Z,2025-04-16T15:00:00Z,2025-04-16,2025-04-16_17,0.0,100,100,0,187.54614173913035,175.46462521739122,0.033659434782608695,11.1315,0.0195,True,True,False,False,0.0,0.0,176.5078153252702,213.21372604170853,2814.0371169686987,-1.0859063969140512,3202.672751938763
2025-04-16T15:00:00Z,2025-04-16T15:15:00Z,2025-04-16,2025-04-16_18,0.0,100,100,0,175.46462521739122,187.9113052173912,0.03457411111111111,0.0,13.529,True,True,False,False,0.0,0.0,176.5078153252702,213.21372604170853,0.0,6895.919445895447,7285.640987262426
2025-04-16T15:15:00Z,2025-04-16T15:30:00Z,2025-04-16,2025-04-16_18,0.0,100,100,0,187.9113052173912,189.9728599999999,0.005765792270531401,0.0065,2.2485,True,True,False,False,0.0,0.0,176.5078153252702,213.21372604170853,0.914131876079881,-86.97250763450796,303.6631656085506
2025-04-16T15:30:00Z,2025-04-16T15:45:00Z,2025-04-16,2025-04-16_18,0.0,100,100,0,189.9728599999999,183.6092391304347,0.017827502415458937,5.8795,0.029499999999999995,True,True,False,False,0.0,0.0,176.5078153252702,213.21372604170853,2710.452571221923,-1.9899964841081683,3098.1841161047932
2025-04-16T15:45:00Z,2025-04-16T16:00:00Z,2025-04-16,2025-04-16_18,0.0,100,100,0,183.6092391304347,160.41141304347818,0.06443840579710144,21.342,0.0,True,True,False,False,0.0,0.0,176.5078153252702,213.21372604170853,17280.59690440792,0.0,17670.3184457749
2025-04-16T16:00:00Z,2025-04-16T16:15:00Z,2025-04-16,2025-04-16_19,-33.93216521382804,100,66,0,160.41141304347818,169.05258796339763,0.028623224577215008,1.158,2.2063800000000002,True,True,False,False,-1004.3920903293101,0.0,199.8935187045445,140.72105918752763,225.29467673885964,-84.57464928275807,-523.0574849811364
2025-04-16T16:15:00Z,2025-04-16T16:30:00Z,2025-04-16,2025-04-16_19,-33.93216521382804,100,66,0,169.05258796339763,176.39012429480968,0.024291856843925288,0.98,0.59004,True,True,False,False,-1004.3920903293101,0.0,199.8935187045445,140.72105918752763,176.3564873226986,-28.59893319403705,-516.0199583085764
2025-04-16T16:30:00Z,2025-04-16T16:45:00Z,2025-04-16,2025-04-16_19,-33.93216521382804,100,66,0,176.39012429480968,182.71333188351647,0.02334939067152548,1.45,0.01386,True,True,False,False,-1004.3920903293101,0.0,199.8935187045445,140.72105918752763,283.01014585928397,-1.0859886687828988,-381.8533552467369
2025-04-16T16:45:00Z,2025-04-16T17:00:00Z,2025-04-16,2025-04-16_19,-33.93216521382804,100,66,0,182.71333188351647,188.80062695652168,0.02397673566919951,1.7715,0.11747999999999999,True,True,False,False,-1004.3920903293101,0.0,199.8935187045445,140.72105918752763,334.725021095351,-5.144842279101538,-334.1973336209885
2025-04-16T17:00:00Z,2025-04-16T17:15:00Z,2025-04-16,2025-04-16_20,100.0,0,100,0,188.80062695652168,186.90497478260863,0.00526570048309179,0.0,23.256,True,True,False,False,4133.25,0.0,0.0,213.21372604170853,0.0,20832.019653634427,25178.483379676134
2025-04-16T17:15:00Z,2025-04-16T17:30:00Z,2025-04-16,2025-04-16_20,100.0,0,100,0,186.90497478260863,171.03649652173908,0.044079106280193237,0.0,10.401,True,True,False,False,4133.25,0.0,0.0,213.21372604170853,0.0,4370.612037810904,8717.075763852614
2025-04-16T17:30:00Z,2025-04-16T17:45:00Z,2025-04-16,2025-04-16_20,100.0,0,100,0,171.03649652173908,149.895192173913,0.058725845410628016,0.0,5.55,True,True,False,False,4133.25,0.0,0.0,213.21372604170853,0.0,-100.34244786434684,4246.121278177362
2025-04-16T17:45:00Z,2025-04-16T18:00:00Z,2025-04-16,2025-04-16_20,100.0,0,100,0,149.895192173913,124.41856173913038,0.07076841787439614,0.0,1.5615,True,True,False,False,4133.25,0.0,0.0,213.21372604170853,0.0,-97.94464358902238,4248.519082452686
2025-04-16T18:00:00Z,2025-04-16T18:15:00Z,2025-04-16,2025-04-16_21,100.0,0,100,0,124.41856173913038,99.26964869565211,0.06985809178743961,0.0,1.863,True,True,False,False,4199.75,0.0,0.0,212.27950335516533,0.0,-87.89681460200104,4324.132688753164
2025-04-16T18:15:00Z,2025-04-16T18:30:00Z,2025-04-16,2025-04-16_21,100.0,0,100,0,99.26964869565211,72.32290956521733,0.0748520531400966,0.0,0.209,True,True,False,False,4199.75,0.0,0.0,212.27950335516533,0.0,-16.18756941375015,4395.841933941415
2025-04-16T18:30:00Z,2025-04-16T18:45:00Z,2025-04-16,2025-04-16_21,100.0,0,100,0,72.32290956521733,45.36367043478255,0.07488677536231883,0.0,0.1975,True,True,False,False,4199.75,0.0,0.0,212.27950335516533,0.0,-14.76413087153936,4397.265372483626
2025-04-16T18:45:00Z,2025-04-16T19:00:00Z,2025-04-16,2025-04-16_21,100.0,0,100,0,45.36367043478255,18.291931304347766,0.07519927536231884,0.0,0.094,True,True,False,False,4199.75,0.0,0.0,212.27950335516533,0.0,-7.283725238076102,4404.745778117089
2025-04-16T19:00:00Z,2025-04-16T19:15:00Z,2025-04-16,2025-04-16_22,0.0,100,100,0,18.291931304347766,9.999999999999941,0.023035698067632848,7.629,0.0005,True,True,False,False,0.0,0.0,176.29686181540563,212.27950335516533,1580.073896009965,-0.040181620926588175,1968.6100795596094
2025-04-16T19:15:00Z,2025-04-16T19:30:00Z,2025-04-16,2025-04-16_22,0.0,100,100,0,9.999999999999941,10.242362608695593,0.0011744371980676328,0.083,0.3615,True,True,False,False,0.0,0.0,176.29686181540563,212.27950335516533,13.320204323542411,-17.667845863302126,384.22872363081126
2025-04-16T19:30:00Z,2025-04-16T19:45:00Z,2025-04-16,2025-04-16_22,0.0,100,100,0,10.242362608695593,21.475562608695597,0.03120333333333334,0.0,12.21,True,True,False,False,0.0,0.0,176.29686181540563,212.27950335516533,0.0,4031.409655643509,4419.98602081408
2025-04-16T19:45:00Z,2025-04-16T20:00:00Z,2025-04-16,2025-04-16_22,0.0,100,100,0,21.475562608695597,36.2484626086956,0.04103583333333334,0.0,16.0575,True,True,False,False,0.0,0.0,176.29686181540563,212.27950335516533,0.0,16495.063165005828,16883.6395301764
2025-04-16T20:00:00Z,2025-04-16T20:15:00Z,2025-04-16,2025-04-16_23,54.95631269961516,45,100,0,36.2484626086956,25.639993676738623,0.039314619396383074,0.0018000000000000002,4.277,True,True,False,False,1516.7942305093786,0.0,79.33358781693254,211.94800498252098,0.25513320207337165,981.3340798408807,2789.665036351786
2025-04-16T20:15:00Z,2025-04-16T20:30:00Z,2025-04-16,2025-04-16_23,54.95631269961516,45,100,0,25.639993676738623,21.027612792790883,0.03629839811737071,0.0,10.2015,True,True,False,False,1516.7942305093786,0.0,79.33358781693254,211.94800498252098,0.0,1212.0568287660224,3020.1326520748544
2025-04-16T20:30:00Z,2025-04-16T20:45:00Z,2025-04-16,2025-04-16_23,54.95631269961516,45,100,0,21.027612792790883,9.99999999999994,0.039523481242517026,0.0011250000000000001,3.862,True,True,False,False,1516.7942305093786,0.0,79.33358781693254,211.94800498252098,0.15821513239844096,106.05175834773176,1914.2857967889624
2025-04-16T20:45:00Z,2025-04-16T21:00:00Z,2025-04-16,2025-04-16_23,54.95631269961516,45,100,0,9.99999999999994,12.850310336875621,0.0325499701998294,0.0,17.5775,True,True,False,False,1516.7942305093786,0.0,79.33358781693254,211.94800498252098,0.0,20200.256947904527,22008.332771213358
2025-04-16T21:00:00Z,2025-04-16T21:15:00Z,2025-04-17,2025-04-16_24,0.0,100,100,0,12.850310336875621,16.0586042499191,0.00896929468599034,0.0095,3.4985000000000004,True,True,False,False,0.0,0.0,176.29331993972878,212.2752385735811,1.3360120542440983,1392.1724609743849,1782.0770315419388
2025-04-16T21:15:00Z,2025-04-16T21:30:00Z,2025-04-17,2025-04-16_24,0.0,100,100,0,16.0586042499191,20.912909467310406,0.013653263285024154,0.028000000000000004,5.3095,True,True,False,False,0.0,0.0,176.29331993972878,212.2752385735811,3.9465571069814174,-17.16107202410849,375.3540435961828
2025-04-16T21:30:00Z,2025-04-16T21:45:00Z,2025-04-17,2025-04-16_24,0.0,100,100,0,20.912909467310406,23.54307207600606,0.0074599927536231885,0.025499999999999995,2.889,True,True,False,False,0.0,0.0,176.29331993972878,212.2752385735811,3.7673553992968354,-101.3683497739829,290.9675641386238
2025-04-16T21:45:00Z,2025-04-16T22:00:00Z,2025-04-17,2025-04-16_24,0.0,100,100,0,23.54307207600606,30.65237207600606,0.019748055555555557,0.0,7.7275,True,True,False,False,0.0,0.0,176.29331993972878,212.2752385735811,0.0,-64.14717679558012,324.4213817177298
2025-04-16T22:00:00Z,2025-04-16T22:15:00Z,2025-04-17,2025-04-17_1,0.0,100,100,0,30.65237207600606,31.885325989049537,0.0055655724637681155,0.3545,1.759,True,True,False,False,0.0,0.0,176.29331993972878,212.6368658965344,58.79294364640884,-51.334528779507785,396.38860070316423
2025-04-16T22:15:00Z,2025-04-16T22:30:00Z,2025-04-17,2025-04-17_1,0.0,100,100,0,31.885325989049537,33.780525989049536,0.005264444444444445,0.0,2.06,True,True,False,False,0.0,0.0,176.29331993972878,212.6368658965344,0.0,-81.91247011551984,307.01771572074335
2025-04-16T22:30:00Z,2025-04-16T22:45:00Z,2025-04-17,2025-04-17_1,0.0,100,100,0,33.780525989049536,34.37626859774519,0.0016699371980676329,0.0025,0.6505,True,True,False,False,0.0,0.0,176.29331993972878,212.6368658965344,0.3515821195379206,-32.90203515821195,356.37973279758916
2025-04-16T22:45:00Z,2025-04-16T23:00:00Z,2025-04-17,2025-04-17_1,0.0,100,100,0,34.37626859774519,34.796461641223445,0.0012426859903381642,0.0125,0.4715,True,True,False,False,0.0,0.0,176.29331993972878,212.6368658965344,1.7932697137117029,-26.092445303867404,364.63101024610745
2025-04-16T23:00:00Z,2025-04-16T23:15:00Z,2025-04-17,2025-04-17_2,0.0,100,100,0,34.796461641223445,35.780151206440834,0.002741528985507246,0.0015,1.071,True,True,False,False,0.0,0.0,176.29331993972878,212.2752385735811,0.21094927172275238,-46.32787744851833,342.4516303365143
2025-04-16T23:15:00Z,2025-04-16T23:30:00Z,2025-04-17,2025-04-17_2,0.0,100,100,0,35.780151206440834,35.66906772817996,0.0010138985507246378,0.219,0.138,True,True,False,False,0.0,0.0,176.29331993972878,212.2752385735811,34.03636182822702,-8.534402410848822,414.0705179306881
2025-04-16T23:30:00Z,2025-04-16T23:45:00Z,2025-04-17,2025-04-17_2,0.0,100,100,0,35.66906772817996,35.14800164122344,0.0015266280193236715,0.4925,0.0155,True,True,False,False,0.0,0.0,176.29331993972878,212.2752385735811,78.10985685585132,-1.2144650929181318,465.46395027624305
2025-04-16T23:45:00Z,2025-04-17T00:00:00Z,2025-04-17,2025-04-17_2,0.0,100,100,0,35.14800164122344,34.86548338035387,0.0009151062801932366,0.2815,0.025499999999999995,True,True,False,False,0.0,0.0,176.29331993972878,212.2752385735811,43.721036062280255,-1.7538928176795578,430.5357017579106
2025-04-17T00:00:00Z,2025-04-17T00:15:00Z,2025-04-17,2025-04-17_3,0.0,100,100,0,34.86548338035387,34.40770338035387,0.0019922777777777773,0.5405,0.141,True,True,False,False,0.0,0.0,176.29331993972878,212.6368658965344,89.49452948267202,-9.230535610246108,469.1941797086891
2025-04-17T00:15:00Z,2025-04-17T00:30:00Z,2025-04-17,2025-04-17_3,0.0,100,100,0,34.40770338035387,34.9548546847017,0.0015621352657004832,0.007000000000000001,0.603,True,True,False,False,0.0,0.0,176.29331993972878,212.6368658965344,0.9844299347061779,-29.980881366147663,359.9337344048217
2025-04-17T00:30:00Z,2025-04-17T00:45:00Z,2025-04-17,2025-04-17_3,0.0,100,100,0,34.9548546847017,34.10349903252779,0.0028223212560386473,0.859,0.0895,True,True,False,False,0.0,0.0,176.29331993972878,212.6368658965344,141.83483556002008,-4.598690708186841,526.1663306880964
2025-04-17T00:45:00Z,2025-04-17T01:00:00Z,2025-04-17,2025-04-17_3,0.0,100,100,0,34.10349903252779,35.382759032527794,0.0035535000000000002,0.0,1.3905,True,True,False,False,0.0,0.0,176.29331993972878,212.6368658965344,0.0,-53.11612225012557,335.8140635861376
2025-04-17T01:00:00Z,2025-04-17T01:15:00Z,2025-04-17,2025-04-17_4,0.0,100,100,0,35.382759032527794,41.72661903252779,0.017621833333333333,0.0,6.8955,True,True,False,False,0.0,0.0,176.29331993972878,212.6368658965344,0.0,-7.806357106981416,381.12382872928174
2025-04-17T01:15:00Z,2025-04-17T01:30:00Z,2025-04-17,2025-04-17_4,0.0,100,100,0,41.72661903252779,46.813299032527794,0.014129666666666667,0.0,5.529,True,True,False,False,0.0,0.0,176.29331993972878,212.6368658965344,0.0,-56.265281165243586,332.6649046710196
2025-04-17T01:30:00Z,2025-04-17T01:45:00Z,2025-04-17,2025-04-17_4,0.0,100,100,0,46.813299032527794,50.839345119484314,0.011195538647342995,0.002,4.3785,True,True,False,False,0.0,0.0,176.29331993972878,212.6368658965344,0.2812656956303365,-35.31125002511301,353.9002015067805
2025-04-17T01:45:00Z,2025-04-17T02:00:00Z,2025-04-17,2025-04-17_4,0.0,100,100,0,50.839345119484314,51.5662746847017,0.0020977512077294687,0.013,0.8055,True,True,False,False,0.0,0.0,176.29331993972878,212.6368658965344,1.8282270215971872,-32.99742280261175,357.7609900552486
2025-04-17T02:00:00Z,2025-04-17T02:15:00Z,2025-04-17,2025-04-17_5,0.0,100,100,0,51.5662746847017,52.36889294557127,0.0022657270531400964,0.006,0.8795,True,True,False,False,0.0,0.0,176.29331993972878,211.94374686087394,0.8437970868910095,-36.82679859367151,352.25406529382224
2025-04-17T02:15:00Z,2025-04-17T02:30:00Z,2025-04-17,2025-04-17_5,0.0,100,100,0,52.36889294557127,55.27321207600605,0.008155113526570048,0.0145,3.174,True,True,False,False,0.0,0.0,176.29331993972878,211.94374686087394,2.101053641386238,632.0803395278755,1022.4184599698644
2025-04-17T02:30:00Z,2025-04-17T02:45:00Z,2025-04-17,2025-04-17_5,0.0,100,100,0,55.27321207600605,63.554592076006045,0.023003833333333334,0.0,9.0015,True,True,False,False,0.0,0.0,176.29331993972878,211.94374686087394,0.0,921.3087242591663,1309.545791059769
2025-04-17T02:45:00Z,2025-04-17T03:00:00Z,2025-04-17,2025-04-17_5,0.0,100,100,0,63.554592076006045,70.79131207600605,0.020102000000000002,0.0,7.866,True,True,False,False,0.0,0.0,176.29331993972878,211.94374686087394,0.0,-29.411175489703666,358.82589131089907
2025-04-17T03:00:00Z,2025-04-17T03:15:00Z,2025-04-17,2025-04-17_6,0.0,100,100,0,70.79131207600605,83.48961207600605,0.03527305555555556,0.0,13.8025,True,True,False,False,0.0,0.0,176.29331993972878,211.94374686087394,0.0,9614.079728277247,10002.31679507785
2025-04-17T03:15:00Z,2025-04-17T03:30:00Z,2025-04-17,2025-04-17_6,0.0,100,100,0,83.48961207600605,98.07345207600605,0.04051066666666667,0.0,15.852,True,True,False,False,0.0,0.0,176.29331993972878,211.94374686087394,0.0,11807.244763033652,12195.481829834254
2025-04-17T03:30:00Z,2025-04-17T03:45:00Z,2025-04-17,2025-04-17_6,0.0,100,100,0,98.07345207600605,107.02919207600605,0.02487705555555556,0.0,9.7345,True,True,False,False,0.0,0.0,176.29331993972878,211.94374686087394,0.0,5977.125766147665,6365.362832948267
2025-04-17T03:45:00Z,2025-04-17T04:00:00Z,2025-04-17,2025-04-17_6,0.0,100,100,0,107.02919207600605,106.9350042499191,0.0010819661835748792,0.2225,0.1605,True,True,False,False,0.0,0.0,176.29331993972878,211.94374686087394,32.930581115017574,-7.834270215971874,413.3333776996484
2025-04-17T04:00:00Z,2025-04-17T04:15:00Z,2025-04-17,2025-04-17_7,0.0,100,100,0,106.9350042499191,104.68036511948432,0.006288442028985507,2.0785,0.005,True,True,False,False,0.0,0.0,197.68960321446508,211.94374686087394,412.4186633852336,-0.3917629331993973,821.6602505273733
2025-04-17T04:15:00Z,2025-04-17T04:30:00Z,2025-04-17,2025-04-17_7,0.0,100,100,0,104.68036511948432,103.25532598904955,0.004009553140096617,1.3195,0.01,True,True,False,False,0.0,0.0,197.68960321446508,211.94374686087394,245.0924527373179,-0.7835258663987946,653.9422769462582
2025-04-17T04:30:00Z,2025-04-17T04:45:00Z,2025-04-17,2025-04-17_7,0.0,100,100,0,103.25532598904955,101.24483294557129,0.005589814009661835,1.8505,0.001,True,True,False,False,0.0,0.0,197.68960321446508,211.94374686087394,359.0233958814666,-0.07835258663987946,768.5783933701658
2025-04-17T04:45:00Z,2025-04-17T05:00:00Z,2025-04-17,2025-04-17_7,0.0,100,100,0,101.24483294557129,99.4506085977452,0.005106623188405796,1.6709999999999998,0.024,True,True,False,False,0.0,0.0,197.68960321446508,211.94374686087394,316.6043951783023,-1.8658957307885482,724.3718495228528
2025-04-17T05:00:00Z,2025-04-17T05:15:00Z,2025-04-17,2025-04-17_8,76.55720969833072,23,100,0,99.4506085977452,78.38296781286094,0.058535602647174646,0.254495,0.012,True,True,False,False,2363.3210633874696,0.0,46.05082872928176,213.20944249121044,51.0149607553993,-0.9402310396785536,2672.6560643236826
2025-04-17T05:15:00Z,2025-04-17T05:30:00Z,2025-04-17,2025-04-17_8,76.55720969833072,23,100,0,78.38296781286094,56.19587822092325,0.06163080442204916,1.27282,0.0,True,True,False,False,2363.3210633874696,0.0,46.05082872928176,213.20944249121044,259.61308707182326,0.0,2882.194421679785
2025-04-17T05:30:00Z,2025-04-17T05:45:00Z,2025-04-17,2025-04-17_8,76.55720969833072,23,100,0,56.19587822092325,35.24953395877308,0.058228023444768795,0.16652,0.0365,True,True,False,False,2363.3210633874696,0.0,46.05082872928176,213.20944249121044,29.744034909090907,-2.810349673530889,2649.5150198435217
2025-04-17T05:45:00Z,2025-04-17T06:00:00Z,2025-04-17,2025-04-17_8,76.55720969833072,23,100,0,35.24953395877308,15.075630049294631,0.05680126803437633,0.03427,0.6365,True,True,False,False,2363.3210633874696,0.0,46.05082872928176,213.20944249121044,6.1271730607734805,-39.55775570065293,2589.150751968082
2025-04-17T06:00:00Z,2025-04-17T06:15:00Z,2025-04-17,2025-04-17_9,18.995880703062937,81,100,0,15.075630049294631,10.000000000000046,0.01596620731352302,0.315495,0.451,True,True,False,False,429.16443478394945,0.0,162.17900552486188,213.20944249121044,56.839300309392264,-27.169454143646412,834.2227289657676
2025-04-17T06:15:00Z,2025-04-17T06:30:00Z,2025-04-17,2025-04-17_9,18.995880703062937,81,100,0,10.000000000000046,15.272201782106002,0.030746193325206336,0.0,10.9635,True,True,False,False,429.16443478394945,0.0,162.17900552486188,213.20944249121044,0.0,9068.51822019086,9873.071102990882
2025-04-17T06:30:00Z,2025-04-17T06:45:00Z,2025-04-17,2025-04-17_9,18.995880703062937,81,100,0,15.272201782106002,14.321615941015615,0.020960947872908336,0.0,4.425,True,True,False,False,429.16443478394945,0.0,162.17900552486188,213.20944249121044,0.0,614.4753691612254,1419.0282519612472
2025-04-17T06:45:00Z,2025-04-17T07:00:00Z,2025-04-17,2025-04-17_9,18.995880703062937,81,100,0,14.321615941015615,10.000000000000043,0.015989441371567575,0.06966,0.9625,True,True,False,False,429.16443478394945,0.0,162.17900552486188,213.20944249121044,12.251525098945253,-54.64814917127072,762.1562587276964
2025-04-17T07:00:00Z,2025-04-17T07:15:00Z,2025-04-17,2025-04-17_10,0.0,0,0,0,10.000000000000043,10.000000000000043,0.0,0.0,0.0,True,False,False,False,0.0,0.0,0.0,0.0,0.0,0.0,0.0
2025-04-17T07:15:00Z,2025-04-17T07:30:00Z,2025-04-17,2025-04-17_10,0.0,0,0,0,10.000000000000043,10.000000000000043,0.0,0.0,0.0,True,False,False,False,0.0,0.0,0.0,0.0,0.0,0.0,0.0
2025-04-17T07:30:00Z,2025-04-17T07:45:00Z,2025-04-17,2025-04-17_10,0.0,0,0,0,10.000000000000043,10.000000000000043,0.0,0.0,0.0,True,False,False,False,0.0,0.0,0.0,0.0,0.0,0.0,0.0
2025-04-17T07:45:00Z,2025-04-17T08:00:00Z,2025-04-17,2025-04-17_10,0.0,0,0,0,10.000000000000043,10.000000000000043,0.0,0.0,0.0,True,False,False,False,0.0,0.0,0.0,0.0,0.0,0.0,0.0
2025-04-17T08:00:00Z,2025-04-17T08:15:00Z,2025-04-17,2025-04-17_11,4.811546057229602,95,100,0,10.000000000000043,12.082155884613858,0.011986331530733363,0.0,3.6525000000000003,True,True,False,False,33.15155233431196,0.0,167.67905575087897,213.20944249121044,0.0,730.1264947262682,1144.1665453026696
2025-04-17T08:15:00Z,2025-04-17T08:30:00Z,2025-04-17,2025-04-17_11,4.811546057229602,95,100,0,12.082155884613858,14.706747168747036,0.013323268711134324,0.0,4.237,True,True,False,False,33.15155233431196,0.0,167.67905575087897,213.20944249121044,0.0,-33.994742742340534,380.04530783406085
2025-04-17T08:30:00Z,2025-04-17T08:45:00Z,2025-04-17,2025-04-17_11,4.811546057229602,95,100,0,14.706747168747036,15.844772999494984,0.009699940678916618,0.007124999999999999,2.6435,True,True,False,False,33.15155233431196,0.0,167.67905575087897,213.20944249121044,0.8404851833249621,-47.277092214967354,367.603443544759
2025-04-17T08:45:00Z,2025-04-17T09:00:00Z,2025-04-17,2025-04-17_11,4.811546057229602,95,100,0,15.844772999494984,14.483668800000043,0.004834158123948224,0.23417500000000002,0.21649999999999997,True,True,False,False,33.15155233431196,0.0,167.67905575087897,213.20944249121044,27.62394635861376,-10.297353289804116,431.366643645211
2025-04-17T09:00:00Z,2025-04-17T09:15:00Z,2025-04-17,2025-04-17_12,0.0,100,100,0,14.483668800000043,12.88601314782613,0.004499265700483091,1.48,0.012,True,True,False,False,0.0,0.0,176.50426921145154,213.20944249121044,155.7188950276243,-0.6388749372174787,544.7937317930688
2025-04-17T09:15:00Z,2025-04-17T09:30:00Z,2025-04-17,2025-04-17_12,0.0,100,100,0,12.88601314782613,13.022647060869609,0.005436905797101449,0.8375,1.138,True,True,False,False,0.0,0.0,176.50426921145154,213.20944249121044,88.11795580110498,-17.828476142641886,460.00319136112506
2025-04-17T09:30:00Z,2025-04-17T09:45:00Z,2025-04-17,2025-04-17_12,0.0,100,100,0,13.022647060869609,14.523167060869609,0.004168111111111112,0.0,1.6310000000000002,True,True,False,False,0.0,0.0,176.50426921145154,213.20944249121044,0.0,-48.16881205424411,341.54489964841787
2025-04-17T09:45:00Z,2025-04-17T10:00:00Z,2025-04-17,2025-04-17_12,0.0,100,100,0,14.523167060869609,13.634176626087001,0.0027479734299516905,0.864,0.0545,True,True,False,False,0.0,0.0,176.50426921145154,213.20944249121044,92.00406629834254,-3.5076867905575093,478.210091210447
2025-04-17T10:00:00Z,2025-04-17T10:15:00Z,2025-04-17,2025-04-17_13,-86.0,100,14,0,13.634176626087001,13.70379377391309,0.017856967922705316,20.8935,0.0,True,True,False,False,-193.285,0.0,176.50426921145154,29.849321948769465,23441.56674003013,0.0,23454.63533119035
2025-04-17T10:15:00Z,2025-04-17T10:30:00Z,2025-04-17,2025-04-17_13,-86.0,100,14,0,13.70379377391309,12.12297826086961,0.014751478647342992,22.643,0.0,True,True,False,False,-193.285,0.0,176.50426921145154,29.849321948769465,26052.191947363135,0.0,26065.260538523355
2025-04-17T10:30:00Z,2025-04-17T10:45:00Z,2025-04-17,2025-04-17_13,-86.0,100,14,0,12.12297826086961,18.741968800000045,0.03018040850241546,13.950999999999999,0.0,True,True,False,False,-193.285,0.0,176.50426921145154,29.849321948769465,6575.689985735809,0.0,6588.758576896031
2025-04-17T10:45:00Z,2025-04-17T11:00:00Z,2025-04-17,2025-04-17_13,-86.0,100,14,0,18.741968800000045,36.004018539130485,0.050206961835748805,2.6695,0.00042,True,True,False,False,-193.285,0.0,176.50426921145154,29.849321948769465,265.34105976896035,-0.032908086388749376,278.3767428427926
2025-04-17T11:00:00Z,2025-04-17T11:15:00Z,2025-04-17,2025-04-17_14,-59.0,100,41,0,36.004018539130485,46.511280147826135,0.03686443442028985,3.101,0.002665,True,True,False,False,-75.3725,0.0,176.50426921145154,87.41587142139628,296.2007915620291,-0.20880964339527874,484.53962255148167
2025-04-17T11:15:00Z,2025-04-17T11:30:00Z,2025-04-17,2025-04-17_14,-59.0,100,41,0,46.511280147826135,60.04270073043483,0.03777791949275362,0.077,0.040795,True,True,False,False,-75.3725,0.0,176.50426921145154,87.41587142139628,7.354872928176795,-2.9080954455047716,192.99441811551984
2025-04-17T11:30:00Z,2025-04-17T11:45:00Z,2025-04-17,2025-04-17_14,-59.0,100,41,0,60.04270073043483,73.65572294782613,0.03787956050724638,0.0265,0.075235,True,True,False,False,-75.3725,0.0,176.50426921145154,87.41587142139628,2.5312225012556504,-4.247440859869411,186.83142227423406
2025-04-17T11:45:00Z,2025-04-17T12:00:00Z,2025-04-17,2025-04-17_14,-59.0,100,41,0,73.65572294782613,87.49970180000004,0.03850996541062802,0.022,0.32144,True,True,False,False,-75.3725,0.0,176.50426921145154,87.41587142139628,2.10139226519337,-5.2486260170768455,185.40040688096434
2025-04-17T12:00:00Z,2025-04-17T12:15:00Z,2025-04-17,2025-04-17_15,-99.75936760869563,0,0,0,87.49970180000004,110.44435635000004,0.06373515152777777,0.0,0.0,True,False,False,False,-318.7311795097825,0.0,0.0,0.0,0.0,0.0,-318.7311795097825
2025-04-17T12:15:00Z,2025-04-17T12:30:00Z,2025-04-17,2025-04-17_15,-99.75936760869563,0,0,0,110.44435635000004,133.38901090000002,0.06373515152777777,0.0,0.0,True,False,False,False,-318.7311795097825,0.0,0.0,0.0,0.0,0.0,-318.7311795097825
2025-04-17T12:30:00Z,2025-04-17T12:45:00Z,2025-04-17,2025-04-17_15,-99.75936760869563,0,0,0,133.38901090000002,156.33366545,0.06373515152777777,0.0,0.0,True,False,False,False,-318.7311795097825,0.0,0.0,0.0,0.0,0.0,-318.7311795097825
2025-04-17T12:45:00Z,2025-04-17T13:00:00Z,2025-04-17,2025-04-17_15,-99.75936760869563,0,0,0,156.33366545,179.27832,0.06373515152777777,0.0,0.0,True,False,False,False,-318.7311795097825,0.0,0.0,0.0,0.0,0.0,-318.7311795097825
2025-04-17T13:00:00Z,2025-04-17T13:15:00Z,2025-04-17,2025-04-17_16,0.0,100,100,0,179.27832,188.68302,0.026124166666666667,0.0,10.2225,True,True,False,False,0.0,0.0,176.50426921145154,213.20944249121044,0.0,4889.312388247112,5279.026099949774
2025-04-17T13:15:00Z,2025-04-17T13:30:00Z,2025-04-17,2025-04-17_16,0.0,100,100,0,188.68302,188.4048913043478,0.008089135265700483,1.4675,1.4315,True,True,False,False,0.0,0.0,176.50426921145154,213.20944249121044,235.85754344550477,-19.49687182320442,606.0743833249624
2025-04-17T13:30:00Z,2025-04-17T13:45:00Z,2025-04-17,2025-04-17_16,0.0,100,100,0,188.4048913043478,178.37065217391304,0.02787288647342995,9.2315,0.0,True,True,False,False,0.0,0.0,176.50426921145154,213.20944249121044,3621.8322761426425,0.0,4011.5459878453044
2025-04-17T13:45:00Z,2025-04-17T14:00:00Z,2025-04-17,2025-04-17_16,0.0,100,100,0,178.37065217391304,154.1592391304348,0.06725392512077294,22.2745,0.0,True,True,False,False,0.0,0.0,176.50426921145154,213.20944249121044,24761.24710768458,0.0,25150.96081938724
2025-04-17T14:00:00Z,2025-04-17T14:15:00Z,2025-04-17,2025-04-17_17,-72.79752995156949,100,27,0,154.1592391304348,169.9595182529566,0.0459323134747118,1.2435,0.27972,True,True,False,False,-1631.3926462146721,0.0,176.50426921145154,57.67232546459066,218.6424003013561,-8.875455188347566,-1187.4491064256215
2025-04-17T14:15:00Z,2025-04-17T14:30:00Z,2025-04-17,2025-04-17_17,-72.79752995156949,100,27,0,169.9595182529566,180.93651859493878,0.040303283172129,5.973,0.0,True,True,False,False,-1631.3926462146721,0.0,176.50426921145154,57.67232546459066,1551.954,0.0,154.73794846137002
2025-04-17T14:30:00Z,2025-04-17T14:45:00Z,2025-04-17,2025-04-17_17,-72.79752995156949,100,27,0,180.93651859493878,188.57076500571927,0.03670557011098238,9.4355,0.0,True,True,False,False,-1631.3926462146721,0.0,176.50426921145154,57.67232546459066,3113.728269412356,0.0,1716.512217873726
2025-04-17T14:45:00Z,2025-04-17T15:00:00Z,2025-04-17,2025-04-17_17,-72.79752995156949,100,27,0,188.57076500571927,187.1460275859059,0.026955637833937104,18.819,0.0,True,True,False,False,-1631.3926462146721,0.0,176.50426921145154,57.67232546459066,17149.116687694626,0.0,15751.900636155997
2025-04-17T15:00:00Z,2025-04-17T15:15:00Z,2025-04-17,2025-04-17_18,-21.780088020381633,100,78,0,187.1460275859059,189.99999999999997,0.02028181828689727,2.6155,0.64389,True,True,False,False,-554.7932920991711,0.0,176.50426921145154,166.89100954294324,543.7439273731793,-25.723648050226018,306.6222659781769
2025-04-17T15:15:00Z,2025-04-17T15:30:00Z,2025-04-17,2025-04-17_18,-21.780088020381633,100,78,0,189.99999999999997,179.3660868363374,0.0407931451599057,14.89,0.0,True,True,False,False,-554.7932920991711,0.0,176.50426921145154,166.89100954294324,11033.153460572577,0.0,10821.7554472278
2025-04-17T15:30:00Z,2025-04-17T15:45:00Z,2025-04-17,2025-04-17_18,-21.780088020381633,100,78,0,179.3660868363374,171.74054742786697,0.035624212477852704,12.0265,0.0,True,True,False,False,-554.7932920991711,0.0,176.50426921145154,166.89100954294324,2312.688097438473,0.0,2101.290084093697
2025-04-17T15:45:00Z,2025-04-17T16:00:00Z,2025-04-17,2025-04-17_18,-21.780088020381633,100,78,0,171.74054742786697,165.16875304347818,0.03381368707883081,11.0235,0.0,True,True,False,False,-554.7932920991711,0.0,176.50426921145154,166.89100954294324,2113.2232209944755,0.0,1901.8252076496992
2025-04-17T16:00:00Z,2025-04-17T16:15:00Z,2025-04-17,2025-04-17_19,0.0,100,100,0,165.16875304347818,170.86469304347818,0.01603038888888889,0.0345,6.232,True,True,False,False,0.0,0.0,200.22099447513813,213.20944249121044,6.157711099949774,2722.2778278252135,3141.865975891512
2025-04-17T16:15:00Z,2025-04-17T16:30:00Z,2025-04-17,2025-04-17_19,0.0,100,100,0,170.86469304347818,173.2916530434782,0.006741555555555556,0.0,2.638,True,True,False,False,0.0,0.0,200.22099447513813,213.20944249121044,0.0,-67.68384570567554,345.74659126067303
2025-04-17T16:30:00Z,2025-04-17T16:45:00Z,2025-04-17,2025-04-17_19,0.0,100,100,0,173.2916530434782,173.4154834782608,0.0004738043478260869,0.0215,0.16,True,True,False,False,0.0,0.0,200.22099447513813,213.20944249121044,3.3651441486690103,-12.169354093420393,404.6262270215972
2025-04-17T16:45:00Z,2025-04-17T17:00:00Z,2025-04-17,2025-04-17_19,0.0,100,100,0,173.4154834782608,173.51472956521732,0.0004960942028985507,0.0365,0.151,True,True,False,False,0.0,0.0,200.22099447513813,213.20944249121044,5.816175087895529,-11.464199095931692,407.7824129583124
2025-04-17T17:00:00Z,2025-04-17T17:15:00Z,2025-04-17,2025-04-17_20,100.0,0,100,0,173.51472956521732,164.99625130434777,0.023662439613526567,0.0,17.163,True,True,False,False,3347.0,0.0,0.0,213.9628327473631,0.0,14740.836066298341,18301.798899045705
2025-04-17T17:15:00Z,2025-04-17T17:30:00Z,2025-04-17,2025-04-17_20,100.0,0,100,0,164.99625130434777,142.71744695652168,0.06188556763285025,0.0,4.5035,True,True,False,False,3347.0,0.0,0.0,213.9628327473631,0.0,1949.5545189352083,5510.517351682572
2025-04-17T17:30:00Z,2025-04-17T17:45:00Z,2025-04-17,2025-04-17_20,100.0,0,100,0,142.71744695652168,116.07451217391298,0.07400815217391304,0.0,0.48849999999999993,True,True,False,False,3347.0,0.0,0.0,213.9628327473631,0.0,-35.68253279758915,3525.280299949774
2025-04-17T17:45:00Z,2025-04-17T18:00:00Z,2025-04-17,2025-04-17_20,100.0,0,100,0,116.07451217391298,88.90059913043473,0.0754830917874396,0.0,0.0,True,True,False,False,3347.0,0.0,0.0,213.9628327473631,0.0,0.0,3560.962832747363
2025-04-17T18:00:00Z,2025-04-17T18:15:00Z,2025-04-17,2025-04-17_21,0.0,100,100,0,88.90059913043473,66.2848382608695,0.06282155797101449,20.8065,0.0,True,True,False,False,0.0,0.0,197.68960321446508,212.2752385735811,18053.638070718232,0.0,18463.602912506278
2025-04-17T18:15:00Z,2025-04-17T18:30:00Z,2025-04-17,2025-04-17_21,0.0,100,100,0,66.2848382608695,62.39265652173907,0.010821838164251208,3.5825000000000005,0.002,True,True,False,False,0.0,0.0,197.68960321446508,212.2752385735811,728.5851346057259,-0.1567051732797589,1138.3932712204924
2025-04-17T18:30:00Z,2025-04-17T18:45:00Z,2025-04-17,2025-04-17_21,0.0,100,100,0,62.39265652173907,60.63894086956516,0.009760210144927537,2.423,0.9565,True,True,False,False,0.0,0.0,197.68960321446508,212.2752385735811,478.54140472124556,-39.08630838774485,849.4199381215469
2025-04-17T18:45:00Z,2025-04-17T19:00:00Z,2025-04-17,2025-04-17_21,0.0,100,100,0,60.63894086956516,61.28433826086951,0.0021248961352657004,0.055,0.7665,True,True,False,False,0.0,0.0,197.68960321446508,212.2752385735811,9.804121546961326,-49.076173078854836,370.69279025615265
2025-04-17T19:00:00Z,2025-04-17T19:15:00Z,2025-04-17,2025-04-17_22,0.0,100,100,0,61.28433826086951,39.95879478260864,0.05923762077294686,19.6195,0.0,True,True,False,False,0.0,0.0,190.1557006529382,212.6368658965344,22907.172429131086,0.0,23309.96499568056
2025-04-17T19:15:00Z,2025-04-17T19:30:00Z,2025-04-17,2025-04-17_22,0.0,100,100,0,39.95879478260864,22.33759913043473,0.04894776570048309,16.2115,0.0,True,True,False,False,0.0,0.0,190.1557006529382,212.6368658965344,18387.576728879958,0.0,18790.36929542943
2025-04-17T19:30:00Z,2025-04-17T19:45:00Z,2025-04-17,2025-04-17_22,0.0,100,100,0,22.33759913043473,19.582164347826033,0.007653985507246377,2.535,0.0,True,True,False,False,0.0,0.0,190.1557006529382,212.6368658965344,493.3642209944752,0.0,896.1567875439478
2025-04-17T19:45:00Z,2025-04-17T20:00:00Z,2025-04-17,2025-04-17_22,0.0,100,100,0,19.582164347826033,19.940173913043427,0.0010729734299516906,0.013,0.40449999999999997,True,True,False,False,0.0,0.0,190.1557006529382,212.6368658965344,1.8684088397790053,-30.573617478653944,374.0873579105977
2025-04-17T20:00:00Z,2025-04-17T20:15:00Z,2025-04-17,2025-04-17_23,0.0,100,100,0,19.940173913043427,14.345777391304296,0.015568101449275364,5.1515,0.0055,True,True,False,False,0.0,0.0,176.29331993972878,212.6368658965344,967.8020330487193,-0.441988950276243,1356.2902299347063
2025-04-17T20:15:00Z,2025-04-17T20:30:00Z,2025-04-17,2025-04-17_23,0.0,100,100,0,14.345777391304296,14.309237391304295,0.0008707222222222222,0.161,0.1505,True,True,False,False,0.0,0.0,176.29331993972878,212.6368658965344,28.10647594173782,-11.566835861376193,405.4698259166248
2025-04-17T20:30:00Z,2025-04-17T20:45:00Z,2025-04-17,2025-04-17_23,0.0,100,100,0,14.309237391304295,9.999999999999947,0.012003326086956522,3.9699999999999998,0.0065,True,True,False,False,0.0,0.0,176.29331993972878,212.6368658965344,745.2904329482672,-0.5113002511300854,1133.7093185334002
2025-04-17T20:45:00Z,2025-04-17T21:00:00Z,2025-04-17,2025-04-17_23,0.0,100,100,0,9.999999999999947,10.592188695652121,0.0032693647342995173,0.269,0.9615,True,True,False,False,0.0,0.0,176.29331993972878,212.6368658965344,47.93571893520844,-24.568039377197387,412.29786539427425
2025-04-17T21:00:00Z,2025-04-17T21:15:00Z,2025-04-18,2025-04-17_24,-90.52845672849847,100,9,0,10.592188695652121,20.14717176347527,0.03346368197845483,12.1025,0.06426,True,True,False,False,-2192.8255431060543,0.0,176.30040383340366,19.13808691459225,11473.29060434372,-1.2880145138930745,9474.61553747177
2025-04-17T21:15:00Z,2025-04-17T21:30:00Z,2025-04-18,2025-04-17_24,-90.52845672849847,100,9,0,20.14717176347527,35.94059163204233,0.046943714731392645,5.373,0.0,True,True,False,False,-2192.8255431060543,0.0,176.30040383340366,19.13808691459225,973.751943222229,0.0,-1023.6351091358293
2025-04-17T21:30:00Z,2025-04-17T21:45:00Z,2025-04-18,2025-04-17_24,-90.52845672849847,100,9,0,35.94059163204233,53.93206974778079,0.05171163379285658,3.034,0.00999,True,True,False,False,-2192.8255431060543,0.0,176.30040383340366,19.13808691459225,558.0163180841018,-0.6041126996564403,-1439.974846973613
2025-04-17T21:45:00Z,2025-04-17T22:00:00Z,2025-04-18,2025-04-17_24,-90.52845672849847,100,9,0,53.93206974778079,74.74103951440419,0.05782328410763592,0.036,0.02295,True,True,False,False,-2192.8255431060543,0.0,176.30040383340366,19.13808691459225,5.138127900669038,-1.3038982580917367,-1993.5528227154812
2025-04-17T22:00:00Z,2025-04-17T22:15:00Z,2025-04-18,2025-04-18_1,0.0,100,100,0,74.74103951440419,70.56901864483898,0.01259583574879227,4.005,0.197,True,True,False,False,0.0,0.0,176.5113615815804,212.28376830811888,723.0250889036225,-8.002340827356198,1103.8178779659656
2025-04-17T22:15:00Z,2025-04-17T22:30:00Z,2025-04-18,2025-04-18_1,0.0,100,100,0,70.56901864483898,65.32441777527376,0.014685891304347826,4.8445,0.023,True,True,False,False,0.0,0.0,176.5113615815804,212.28376830811888,874.7849320916963,-1.5671126916199545,1262.0129492897756
2025-04-17T22:30:00Z,2025-04-17T22:45:00Z,2025-04-18,2025-04-18_1,0.0,100,100,0,65.32441777527376,64.95426647092593,0.0026100869565217387,0.6025,0.3095,True,True,False,False,0.0,0.0,176.5113615815804,212.28376830811888,106.49855996222853,-13.642922668916883,481.6507671830109
2025-04-17T22:45:00Z,2025-04-17T23:00:00Z,2025-04-18,2025-04-18_1,0.0,100,100,0,64.95426647092593,65.53110647092593,0.0016023333333333334,0.0,0.627,True,True,False,False,0.0,0.0,176.5113615815804,212.28376830811888,0.0,-24.884239648001934,363.91089024169736
2025-04-17T23:00:00Z,2025-04-17T23:15:00Z,2025-04-18,2025-04-18_2,0.0,100,100,0,65.53110647092593,68.94016647092593,0.009469611111111111,0.0,3.7055,True,True,False,False,0.0,0.0,176.5113615815804,212.64541016213613,0.0,-135.0568501999076,254.09992154380893
2025-04-17T23:15:00Z,2025-04-17T23:30:00Z,2025-04-18,2025-04-18_2,0.0,100,100,0,68.94016647092593,71.67992647092593,0.007610444444444446,0.0,2.978,True,True,False,False,0.0,0.0,176.5113615815804,212.64541016213613,0.0,-40.78662768971129,348.3701440540052
2025-04-17T23:30:00Z,2025-04-17T23:45:00Z,2025-04-18,2025-04-18_2,0.0,100,100,0,71.67992647092593,75.62626647092594,0.010962055555555556,0.0,4.2895,True,True,False,False,0.0,0.0,176.5113615815804,212.64541016213613,0.0,-104.92051674602698,284.23625499768957
2025-04-17T23:45:00Z,2025-04-18T00:00:00Z,2025-04-18,2025-04-18_2,0.0,100,100,0,75.62626647092594,76.25446299266507,0.0018174541062801932,0.012,0.697,True,True,False,False,0.0,0.0,176.5113615815804,212.64541016213613,1.793743595925502,-31.75913065316537,359.1913846864766
2025-04-18T00:00:00Z,2025-04-18T00:15:00Z,2025-04-18,2025-04-18_3,0.0,100,100,0,76.25446299266507,75.76443864483898,0.0018544009661835747,0.5325,0.0965,True,True,False,False,0.0,0.0,176.5113615815804,212.28376830811888,87.89411427882587,-5.535338336045648,471.1539058324795
2025-04-18T00:15:00Z,2025-04-18T00:30:00Z,2025-04-18,2025-04-18_3,0.0,100,100,0,75.76443864483898,74.56715603614332,0.003325785024154589,1.1015,0.0,True,True,False,False,0.0,0.0,176.5113615815804,212.28376830811888,182.58834729672714,0.0,571.3834771864264
2025-04-18T00:30:00Z,2025-04-18T00:45:00Z,2025-04-18,2025-04-18_3,0.0,100,100,0,74.56715603614332,73.68856125353462,0.002450763285024155,0.8100000000000002,0.002,True,True,False,False,0.0,0.0,176.5113615815804,212.28376830811888,134.71227774094393,-0.1567114700741366,523.3506961605691
2025-04-18T00:45:00Z,2025-04-18T01:00:00Z,2025-04-18,2025-04-18_3,0.0,100,100,0,73.68856125353462,73.58288473179547,0.0004673236714975845,0.126,0.034,True,True,False,False,0.0,0.0,176.5113615815804,212.28376830811888,18.83430775721777,-2.6640949912603222,404.96534265565674
2025-04-18T01:00:00Z,2025-04-18T01:15:00Z,2025-04-18,2025-04-18_4,0.0,100,100,0,73.58288473179547,73.66681951440417,0.0003418478260869566,0.018,0.11250000000000002,True,True,False,False,0.0,0.0,176.5113615815804,212.64541016213613,2.6906153938882524,-8.967723464528962,382.8796636730758
2025-04-18T01:15:00Z,2025-04-18T01:30:00Z,2025-04-18,2025-04-18_4,0.0,100,100,0,73.66681951440417,73.64020994918677,0.0004725821256038647,0.0905,0.078,True,True,False,False,0.0,0.0,176.5113615815804,212.64541016213613,13.934814457637676,-6.209190524983425,396.8823956763708
2025-04-18T01:30:00Z,2025-04-18T01:45:00Z,2025-04-18,2025-04-18_4,0.0,100,100,0,73.64020994918677,72.96504473179547,0.0019137922705314005,0.6275,0.0075,True,True,False,False,0.0,0.0,176.5113615815804,212.64541016213613,103.54676631908865,-0.5876680127780122,492.1158700500271
2025-04-18T01:45:00Z,2025-04-18T02:00:00Z,2025-04-18,2025-04-18_4,0.0,100,100,0,72.96504473179547,72.23352299266504,0.0020320048309178745,0.673,0.0,True,True,False,False,0.0,0.0,176.5113615815804,212.64541016213613,109.53405259879857,0.0,498.6908243425151
2025-04-18T02:00:00Z,2025-04-18T02:15:00Z,2025-04-18,2025-04-18_5,0.0,100,100,0,72.23352299266504,72.11300907962158,0.0005800942028985507,0.1515,0.048,True,True,False,False,0.0,0.0,176.5113615815804,212.64541016213613,22.64601289855946,-3.5199807124344527,408.2828039298415
2025-04-18T02:15:00Z,2025-04-18T02:30:00Z,2025-04-18,2025-04-18_5,0.0,100,100,0,72.11300907962158,72.42777690570853,0.0009196449275362319,0.0075,0.351,True,True,False,False,0.0,0.0,176.5113615815804,212.64541016213613,1.1210897474534387,-20.450846844674825,369.8270146464951
2025-04-18T02:30:00Z,2025-04-18T02:45:00Z,2025-04-18,2025-04-18_5,0.0,100,100,0,72.42777690570853,71.67261690570852,0.002555111111111111,0.7705,0.0895,True,True,False,False,0.0,0.0,176.5113615815804,212.64541016213613,128.52100375705706,-6.84809053101079,510.8296849697628
2025-04-18T02:45:00Z,2025-04-18T03:00:00Z,2025-04-18,2025-04-18_5,0.0,100,100,0,71.67261690570852,71.0464499491868,0.001808352657004831,0.5875,0.0135,True,True,False,False,0.0,0.0,176.5113615815804,212.64541016213613,93.16914542020776,-1.0849255620517149,481.24099160187257
2025-04-18T03:00:00Z,2025-04-18T03:15:00Z,2025-04-18,2025-04-18_6,0.0,100,100,0,71.0464499491868,69.43809864483897,0.004656753623188405,1.511,0.037,True,True,False,False,0.0,0.0,176.5113615815804,212.64541016213613,254.9176883049043,-2.940352600807667,641.1341074478131
2025-04-18T03:15:00Z,2025-04-18T03:30:00Z,2025-04-18,2025-04-18_6,0.0,100,100,0,69.43809864483897,69.37299081875202,0.0006766328502415458,0.142,0.097,True,True,False,False,0.0,0.0,176.5113615815804,212.64541016213613,23.623358849175254,-7.730085186747836,405.0500454061439
2025-04-18T03:30:00Z,2025-04-18T03:45:00Z,2025-04-18,2025-04-18_6,0.0,100,100,0,69.37299081875202,68.8249299491868,0.0018290579710144926,0.555,0.06,True,True,False,False,0.0,0.0,176.5113615815804,212.64541016213613,93.55730215176905,-4.757603519980712,477.95647037550486
2025-04-18T03:45:00Z,2025-04-18T04:00:00Z,2025-04-18,2025-04-18_6,0.0,100,100,0,68.8249299491868,68.38396821005635,0.0013807826086956524,0.43150000000000005,0.0305,True,True,False,False,0.0,0.0,176.5113615815804,212.64541016213613,72.59625771000344,-2.4230014264762025,459.33002802724377
2025-04-18T04:00:00Z,2025-04-18T04:15:00Z,2025-04-18,2025-04-18_7,0.0,100,100,0,68.38396821005635,71.40566734049114,0.00841172463768116,0.003,3.288,True,True,False,False,0.0,0.0,199.56602977517932,212.28376830811888,0.5133928033271051,-64.05235127478753,348.31083961183776
2025-04-18T04:15:00Z,2025-04-18T04:30:00Z,2025-04-18,2025-04-18_7,0.0,100,100,0,71.40566734049114,76.20300734049114,0.013325944444444444,0.0,5.2145,True,True,False,False,0.0,0.0,199.56602977517932,212.28376830811888,0.0,-81.2300358628172,330.619762220481
2025-04-18T04:30:00Z,2025-04-18T04:45:00Z,2025-04-18,2025-04-18_7,0.0,100,100,0,76.20300734049114,79.52650734049114,0.009231944444444445,0.0,3.6125,True,True,False,False,0.0,0.0,199.56602977517932,212.28376830811888,0.0,-125.53424798585579,286.3155500974424
2025-04-18T04:45:00Z,2025-04-18T05:00:00Z,2025-04-18,2025-04-18_7,0.0,100,100,0,79.52650734049114,87.31752734049114,0.021641722222222222,0.0,8.4685,True,True,False,False,0.0,0.0,199.56602977517932,212.28376830811888,0.0,5157.048185361542,5568.89798344484
2025-04-18T05:00:00Z,2025-04-18T05:15:00Z,2025-04-18,2025-04-18_8,53.92129141283205,46,100,0,87.31752734049114,81.3340480416624,0.03683489090448924,0.0,8.583,True,True,False,False,1155.8028814340548,0.0,91.80037369658248,212.64541016213613,0.0,5076.406581279007,6536.6552465717805
2025-04-18T05:15:00Z,2025-04-18T05:30:00Z,2025-04-18,2025-04-18_8,53.92129141283205,46,100,0,81.3340480416624,67.10977384896965,0.04051044957112887,0.0,0.424,True,True,False,False,1155.8028814340548,0.0,91.80037369658248,212.64541016213613,0.0,-24.89131215719366,1435.3573531355798
2025-04-18T05:30:00Z,2025-04-18T05:45:00Z,2025-04-18,2025-04-18_8,53.92129141283205,46,100,0,67.10977384896965,53.64503854096691,0.040171680099709214,0.0,1.176,True,True,False,False,1155.8028814340548,0.0,91.80037369658248,212.64541016213613,0.0,-50.195894159484055,1410.0527711332893
2025-04-18T05:45:00Z,2025-04-18T06:00:00Z,2025-04-18,2025-04-18_8,53.92129141283205,46,100,0,53.64503854096691,41.12219739130431,0.03982094634031923,0.02737,2.138,True,True,False,False,1155.8028814340548,0.0,91.80037369658248,212.64541016213613,4.7184971570932035,-78.17941735479074,1386.787745095076
2025-04-18T06:00:00Z,2025-04-18T06:15:00Z,2025-04-18,2025-04-18_9,0.0,100,100,0,41.12219739130431,21.16458869565214,0.055437801932367144,18.361,0.0,True,True,False,False,0.0,0.0,202.67012235549396,213.6097884395154,18736.084836758888,0.0,19152.364747553896
2025-04-18T06:15:00Z,2025-04-18T06:30:00Z,2025-04-18,2025-04-18_9,0.0,100,100,0,21.16458869565214,15.20154521739127,0.016564009661835747,5.486,0.0,True,True,False,False,0.0,0.0,202.67012235549396,213.6097884395154,2640.533604564724,0.0,3056.8135153597336
2025-04-18T06:30:00Z,2025-04-18T06:45:00Z,2025-04-18,2025-04-18_9,0.0,100,100,0,15.20154521739127,11.019479999999966,0.011616847826086957,3.8475,0.0,True,True,False,False,0.0,0.0,202.67012235549396,213.6097884395154,682.5549876439035,0.0,1098.834898438913
2025-04-18T06:45:00Z,2025-04-18T07:00:00Z,2025-04-18,2025-04-18_9,0.0,100,100,0,11.019479999999966,9.999999999999966,0.0028625555555555553,0.943,0.006,True,True,False,False,0.0,0.0,202.67012235549396,213.6097884395154,167.1584160086794,-0.4701344102224098,582.9681923934663
2025-04-18T07:00:00Z,2025-04-18T07:15:00Z,2025-04-18,2025-04-18_10,-100.0,100,0,0,9.999999999999966,17.679239999999968,0.021331222222222227,16.653,0.0,True,True,False,False,-1158.25,0.0,176.81272979326144,0.0,18730.390902899166,0.0,17748.953632692428
2025-04-18T07:15:00Z,2025-04-18T07:30:00Z,2025-04-18,2025-04-18_10,-100.0,100,0,0,17.679239999999968,40.35447999999997,0.06298677777777778,0.353,0.0,True,True,False,False,-1158.25,0.0,176.81272979326144,0.0,48.270212765957446,0.0,-933.1670574407812
2025-04-18T07:30:00Z,2025-04-18T07:45:00Z,2025-04-18,2025-04-18_10,-100.0,100,0,0,40.35447999999997,63.239479999999965,0.06356944444444444,0.125,0.0,True,True,False,False,-1158.25,0.0,176.81272979326144,0.0,17.092851546018927,0.0,-964.3444186607196
2025-04-18T07:45:00Z,2025-04-18T08:00:00Z,2025-04-18,2025-04-18_10,-100.0,100,0,0,63.239479999999965,86.22475999999997,0.063848,0.016,0.0,True,True,False,False,-1158.25,0.0,176.81272979326144,0.0,2.1878849978904227,0.0,-979.2493852088481
2025-04-18T08:00:00Z,2025-04-18T08:15:00Z,2025-04-18,2025-04-18_11,0.0,100,100,0,86.22475999999997,86.7692008695652,0.0017025531400966186,0.0315,0.629,True,True,False,False,0.0,0.0,176.81272979326144,213.97143029353265,4.708576939304442,-26.44610551905652,369.04663150704204
2025-04-18T08:15:00Z,2025-04-18T08:30:00Z,2025-04-18,2025-04-18_11,0.0,100,100,0,86.7692008695652,81.43930956521737,0.014805253623188406,4.9035,0.0,True,True,False,False,0.0,0.0,176.81272979326144,213.97143029353265,739.9159146525225,0.0,1130.7000747393165
2025-04-18T08:30:00Z,2025-04-18T08:45:00Z,2025-04-18,2025-04-18_11,0.0,100,100,0,81.43930956521737,79.70891913043477,0.004855195652173913,1.6,0.0095,True,True,False,False,0.0,0.0,176.81272979326144,213.97143029353265,240.6551343097664,-0.7443794828521488,630.6949149137083
2025-04-18T08:45:00Z,2025-04-18T09:00:00Z,2025-04-18,2025-04-18_11,0.0,100,100,0,79.70891913043477,79.74026608695651,0.0005671473429951691,0.0795,0.128,True,True,False,False,0.0,0.0,176.81272979326144,213.97143029353265,11.88355132300645,-9.20991541598859,393.45779599381194
2025-04-18T09:00:00Z,2025-04-18T09:15:00Z,2025-04-18,2025-04-18_12,0.0,100,100,0,79.74026608695651,79.22418173913042,0.001643123188405797,0.5095,0.041,True,True,False,False,0.0,0.0,176.81272979326144,213.6097884395154,76.7356769734595,-3.2125851365198006,463.94561006971657
2025-04-18T09:15:00Z,2025-04-18T09:30:00Z,2025-04-18,2025-04-18_12,0.0,100,100,0,79.22418173913042,79.40819217391302,0.0007104154589371981,0.033,0.239,True,True,False,False,0.0,0.0,176.81272979326144,213.6097884395154,4.93279488879513,-9.168029051895607,386.18728406967637
2025-04-18T09:30:00Z,2025-04-18T09:45:00Z,2025-04-18,2025-04-18_12,0.0,100,100,0,79.40819217391302,81.02372260869562,0.004686859903381643,0.033,1.7950000000000002,True,True,False,False,0.0,0.0,176.81272979326144,213.6097884395154,4.93279488879513,-61.007928997649344,334.3473841239226
2025-04-18T09:45:00Z,2025-04-18T10:00:00Z,2025-04-18,2025-04-18_12,0.0,100,100,0,81.02372260869562,83.30072260869562,0.006325000000000001,0.0,2.475,True,True,False,False,0.0,0.0,176.81272979326144,213.6097884395154,0.0,-61.892155385449946,328.5303628473269
2025-04-18T10:00:00Z,2025-04-18T10:15:00Z,2025-04-18,2025-04-18_13,76.55669127472949,23,100,0,83.30072260869562,62.91451453024543,0.05711363226408589,0.006555,0.4050000000000001,True,True,False,False,1244.237624942541,0.0,40.66692785245012,213.97143029353265,0.9798324392743054,-19.476095473449465,1480.3797200543486
2025-04-18T10:15:00Z,2025-04-18T10:30:00Z,2025-04-18,2025-04-18_13,76.55669127472949,23,100,0,62.91451453024543,42.186387738455025,0.05768956383800299,0.020354999999999998,0.093,True,True,False,False,1244.237624942541,0.0,40.66692785245012,213.97143029353265,3.0426375745886323,-7.287083358447352,1494.631537304665
2025-04-18T10:30:00Z,2025-04-18T10:45:00Z,2025-04-18,2025-04-18_13,76.55669127472949,23,100,0,42.186387738455025,21.845086856533534,0.05703981412768158,0.00621,0.4475,True,True,False,False,1244.237624942541,0.0,40.66692785245012,213.97143029353265,0.9282623108914473,-24.534414742932917,1475.2698306564823
2025-04-18T10:45:00Z,2025-04-18T11:00:00Z,2025-04-18,2025-04-18_13,76.55669127472949,23,100,0,21.845086856533534,21.744918260869518,0.02395314866642209,0.0,19.7585,True,True,False,False,1244.237624942541,0.0,40.66692785245012,213.97143029353265,0.0,17091.013181242844,18589.88916433137
2025-04-18T11:00:00Z,2025-04-18T11:15:00Z,2025-04-18,2025-04-18_14,0.0,100,100,0,21.744918260869518,42.788538260869515,0.0584545,0.0,22.8735,True,True,False,False,0.0,0.0,176.81272979326144,213.97143029353265,0.0,19733.971615634986,20124.75577572178
2025-04-18T11:15:00Z,2025-04-18T11:30:00Z,2025-04-18,2025-04-18_14,0.0,100,100,0,42.788538260869515,58.43313826086951,0.043457222222222223,0.0,17.005,True,True,False,False,0.0,0.0,176.81272979326144,213.97143029353265,0.0,7012.122257046994,7402.906417133788
2025-04-18T11:30:00Z,2025-04-18T11:45:00Z,2025-04-18,2025-04-18_14,0.0,100,100,0,58.43313826086951,64.48351826086952,0.016806611111111112,0.0,6.5765,True,True,False,False,0.0,0.0,176.81272979326144,213.97143029353265,0.0,-45.115743977658575,345.66841610913553
2025-04-18T11:45:00Z,2025-04-18T12:00:00Z,2025-04-18,2025-04-18_14,0.0,100,100,0,64.48351826086952,75.33813826086951,0.030151722222222226,0.0,11.7985,True,True,False,False,0.0,0.0,176.81272979326144,213.97143029353265,0.0,1664.0642517027304,2054.8484117895246
2025-04-18T12:00:00Z,2025-04-18T12:15:00Z,2025-04-18,2025-04-18_15,-100.0,100,0,0,75.33813826086951,98.27419826086951,0.06371127777777777,0.0695,0.0,True,True,False,False,-921.7499999999999,0.0,176.81272979326144,0.0,8.846228879111166,0.0,-736.0910413276273
2025-04-18T12:15:00Z,2025-04-18T12:30:00Z,2025-04-18,2025-04-18_15,-100.0,100,0,0,98.27419826086951,121.20059826086951,0.06368444444444445,0.08,0.0,True,True,False,False,-921.7499999999999,0.0,176.81272979326144,0.0,10.182709501135154,0.0,-734.7545607056032
2025-04-18T12:30:00Z,2025-04-18T12:45:00Z,2025-04-18,2025-04-18_15,-100.0,100,0,0,121.20059826086951,144.09295826086952,0.06358988888888889,0.117,0.0,True,True,False,False,-921.7499999999999,0.0,176.81272979326144,0.0,14.892212645410163,0.0,-730.0450575613282
2025-04-18T12:45:00Z,2025-04-18T13:00:00Z,2025-04-18,2025-04-18_15,-100.0,100,0,0,144.09295826086952,167.01245826086952,0.06366527777777778,0.0875,0.0,True,True,False,False,-921.7499999999999,0.0,176.81272979326144,0.0,11.137338516866574,0.0,-733.7999316898719
2025-04-18T13:00:00Z,2025-04-18T13:15:00Z,2025-04-18,2025-04-18_16,0.0,100,100,0,167.01245826086952,172.3409773913043,0.014889002415458938,0.0145,5.809,True,True,False,False,0.0,0.0,176.81272979326144,213.97143029353265,1.9483218813412895,-8.127674843790812,384.6048071243446
2025-04-18T13:15:00Z,2025-04-18T13:30:00Z,2025-04-18,2025-04-18_16,0.0,100,100,0,172.3409773913043,174.1936565217391,0.005303335748792271,0.026,2.0445,True,True,False,False,0.0,0.0,176.81272979326144,213.97143029353265,3.513460711630804,-81.21971671388104,313.07790408454383
2025-04-18T13:30:00Z,2025-04-18T13:45:00Z,2025-04-18,2025-04-18_16,0.0,100,100,0,174.1936565217391,174.14857913043474,0.0007232149758454107,0.1405,0.117,True,True,False,False,0.0,0.0,176.81272979326144,213.97143029353265,18.91210224418862,-8.04813694171539,401.6481253892673
2025-04-18T13:45:00Z,2025-04-18T14:00:00Z,2025-04-18,2025-04-18_16,0.0,100,100,0,174.14857913043474,174.51371043478258,0.00133430193236715,0.053,0.4595,True,True,False,False,0.0,0.0,176.81272979326144,213.97143029353265,6.4717969581901835,-23.263404958511646,373.99255208647264
2025-04-18T14:00:00Z,2025-04-18T14:15:00Z,2025-04-18,2025-04-18_17,0.0,100,100,0,174.51371043478258,174.81407217391302,0.0012842173913043477,0.0745,0.4144999999999999,True,True,False,False,0.0,0.0,176.81272979326144,213.97143029353265,12.227845920478973,-21.347920057059046,381.66408595021403
2025-04-18T14:15:00Z,2025-04-18T14:30:00Z,2025-04-18,2025-04-18_17,0.0,100,100,0,174.81407217391302,174.3188443478261,0.0014957439613526569,0.4755,0.0235,True,True,False,False,0.0,0.0,176.81272979326144,213.97143029353265,79.57959134470497,-1.8413597733711051,468.52239165812796
2025-04-18T14:30:00Z,2025-04-18T14:45:00Z,2025-04-18,2025-04-18_17,0.0,100,100,0,174.3188443478261,170.75308347826086,0.009904891304347825,3.2805,0.0,True,True,False,False,0.0,0.0,176.81272979326144,213.97143029353265,569.7549569043457,0.0,960.5391169911397
2025-04-18T14:45:00Z,2025-04-18T15:00:00Z,2025-04-18,2025-04-18_17,0.0,100,100,0,170.75308347826086,159.55797478260868,0.03109752415458937,10.2995,0.0,True,True,False,False,0.0,0.0,176.81272979326144,213.97143029353265,1824.5736104916323,0.0,2215.3577705784264
2025-04-18T15:00:00Z,2025-04-18T15:15:00Z,2025-04-18,2025-04-18_18,0.0,100,100,0,159.55797478260868,176.24692,0.04673559661835749,0.0625,18.214,True,True,False,False,0.0,0.0,176.81272979326144,213.97143029353265,10.38846362485685,19109.692744258937,19510.86536797059
2025-04-18T15:15:00Z,2025-04-18T15:30:00Z,2025-04-18,2025-04-18_18,0.0,100,100,0,176.24692,187.99532,0.03263444444444445,0.0,12.770000000000001,True,True,False,False,0.0,0.0,176.81272979326144,213.97143029353265,0.0,7986.649406304625,8377.433566391419
2025-04-18T15:30:00Z,2025-04-18T15:45:00Z,2025-04-18,2025-04-18_18,0.0,100,100,0,187.99532,189.9461956521739,0.005718012077294686,0.0495,2.179,True,True,False,False,0.0,0.0,176.81272979326144,213.97143029353265,8.284310770899888,-85.69034717617987,313.3781236815141
2025-04-18T15:45:00Z,2025-04-18T16:00:00Z,2025-04-18,2025-04-18_18,0.0,100,100,0,189.9461956521739,184.99021739130436,0.013766606280193236,4.5595,0.0,True,True,False,False,0.0,0.0,176.81272979326144,213.97143029353265,836.0457421694493,0.0,1226.8299022562435
2025-04-18T16:00:00Z,2025-04-18T16:15:00Z,2025-04-18,2025-04-18_19,0.0,100,100,0,184.99021739130436,184.62126086956522,0.001472101449275362,0.4135,0.0875,True,True,False,False,0.0,0.0,202.67012235549396,213.97143029353265,74.68720691941414,-6.856126815743476,484.4726327526973
2025-04-18T16:15:00Z,2025-04-18T16:30:00Z,2025-04-18,2025-04-18_19,0.0,100,100,0,184.62126086956522,181.11691304347826,0.009734299516908214,3.2240000000000006,0.0,True,True,False,False,0.0,0.0,202.67012235549396,213.97143029353265,614.0465650051234,0.0,1030.6881176541501
2025-04-18T16:30:00Z,2025-04-18T16:45:00Z,2025-04-18,2025-04-18_19,0.0,100,100,0,181.11691304347826,176.30223913043477,0.01337409420289855,4.4295,0.0,True,True,False,False,0.0,0.0,202.67012235549396,213.97143029353265,859.5631059007897,0.0,1276.2046585498163
2025-04-18T16:45:00Z,2025-04-18T17:00:00Z,2025-04-18,2025-04-18_19,0.0,100,100,0,176.30223913043477,161.1033260869565,0.042219202898550724,13.983,0.0,True,True,False,False,0.0,0.0,202.67012235549396,213.97143029353265,2784.0702790669643,0.0,3200.711831715991
2025-04-18T17:00:00Z,2025-04-18T17:15:00Z,2025-04-18,2025-04-18_20,0.0,100,100,0,161.1033260869565,162.40106608695652,0.0067298333333333325,0.5175,2.022,True,True,False,False,0.0,0.0,202.67012235549396,213.97143029353265,95.12837984449399,-83.27602917244289,428.4939033210777
2025-04-18T17:15:00Z,2025-04-18T17:30:00Z,2025-04-18,2025-04-18_20,0.0,100,100,0,162.40106608695652,162.38574695652176,0.0004948864734299516,0.089,0.0885,True,True,False,False,0.0,0.0,202.67012235549396,213.97143029353265,16.093062503767104,-7.020879091073474,425.7137360617202
2025-04-18T17:30:00Z,2025-04-18T17:45:00Z,2025-04-18,2025-04-18_20,0.0,100,100,0,162.38574695652176,162.0560295652174,0.0026408816425120773,0.589,0.3375,True,True,False,False,0.0,0.0,202.67012235549396,213.97143029353265,123.7831314166315,-17.661164185401727,522.7635198802564
2025-04-18T17:45:00Z,2025-04-18T18:00:00Z,2025-04-18,2025-04-18_20,0.0,100,100,0,162.0560295652174,156.9713747826087,0.014170041062801933,4.6855,0.009,True,True,False,False,0.0,0.0,202.67012235549396,213.97143029353265,966.5461736282724,-0.7232837080344765,1382.4644425692645
2025-04-18T18:00:00Z,2025-04-18T18:15:00Z,2025-04-18,2025-04-18_21,92.0,8,100,0,156.9713747826087,133.7886235130435,0.06509102908212559,0.0057599999999999995,1.6985000000000001,True,True,False,False,3212.6400000000003,0.0,15.965282382014346,212.64541016213613,1.0415285395696463,-59.80802985554418,3382.4841912281763
2025-04-18T18:15:00Z,2025-04-18T18:30:00Z,2025-04-18,2025-04-18_21,92.0,8,100,0,133.7886235130435,108.94832904347827,0.06906174241545894,0.00024,0.149,True,True,False,False,3212.6400000000003,0.0,15.965282382014346,212.64541016213613,0.0433970224820686,-11.962299439455126,3429.3317901271776
2025-04-18T18:30:00Z,2025-04-18T18:45:00Z,2025-04-18,2025-04-18_21,92.0,8,100,0,108.94832904347827,83.92714375652176,0.0695096302415459,0.0348,0.0155,True,True,False,False,3212.6400000000003,0.0,15.965282382014346,212.64541016213613,6.292568259899946,-1.2145138930745587,3446.3287469109764
2025-04-18T18:45:00Z,2025-04-18T19:00:00Z,2025-04-18,2025-04-18_21,92.0,8,100,0,83.92714375652176,59.04441735652176,0.06917020444444444,0.01656,0.126,True,True,False,False,3212.6400000000003,0.0,15.965282382014346,212.64541016213613,2.994394551262733,-8.848175516846483,3435.396911578567
2025-04-18T19:00:00Z,2025-04-18T19:15:00Z,2025-04-18,2025-04-18_22,0.0,100,100,0,59.04441735652176,55.766408660869594,0.009131135265700483,3.02,0.005,True,True,False,False,0.0,0.0,191.88114037731305,212.64541016213613,613.6601410403231,-0.4018242822413759,1017.7848672975309
2025-04-18T19:15:00Z,2025-04-18T19:30:00Z,2025-04-18,2025-04-18_22,0.0,100,100,0,55.766408660869594,55.57014518260872,0.0008467318840579711,0.2305,0.05899999999999999,True,True,False,False,0.0,0.0,191.88114037731305,212.64541016213613,41.67922367548672,-4.678239005083077,441.52753520985283
2025-04-18T19:30:00Z,2025-04-18T19:45:00Z,2025-04-18,2025-04-18_22,0.0,100,100,0,55.57014518260872,46.72992779130438,0.02455615942028985,8.133,0.0,True,True,False,False,0.0,0.0,191.88114037731305,212.64541016213613,2115.524462660478,0.0,2520.051013199927
2025-04-18T19:45:00Z,2025-04-18T20:00:00Z,2025-04-18,2025-04-18_22,0.0,100,100,0,46.72992779130438,34.906769530434815,0.032885550724637676,10.8845,0.0085,True,True,False,False,0.0,0.0,191.88114037731305,212.64541016213613,10450.738252868021,-0.6831012798103391,10854.58170212766
2025-04-18T20:00:00Z,2025-04-18T20:15:00Z,2025-04-18,2025-04-18_23,0.0,100,100,0,34.906769530434815,14.348073878260902,0.05710748792270531,18.914,0.0,True,True,False,False,0.0,0.0,176.5113615815804,212.64541016213613,22666.70738633396,0.0,23055.86415807768
2025-04-18T20:15:00Z,2025-04-18T20:30:00Z,2025-04-18,2025-04-18_23,0.0,100,100,0,14.348073878260902,11.684586052173945,0.007695021739130434,2.4995,0.058,True,True,False,False,0.0,0.0,176.5113615815804,212.64541016213613,477.5263790609367,-4.645092319128845,862.0380584855244
2025-04-18T20:30:00Z,2025-04-18T20:45:00Z,2025-04-18,2025-04-18_23,0.0,100,100,0,11.684586052173945,10.074723443478293,0.0045408405797101445,1.4925,0.0135,True,True,False,False,0.0,0.0,176.5113615815804,212.64541016213613,264.3427912723766,-1.0809086251582185,652.4186543909349
2025-04-18T20:45:00Z,2025-04-18T21:00:00Z,2025-04-18,2025-04-18_23,0.0,100,100,0,10.074723443478293,10.096397356521772,0.004284239130434783,0.6995,0.8500000000000001,True,True,False,False,0.0,0.0,176.5113615815804,212.64541016213613,122.80930916360278,-33.70046008880317,478.26562081851614
2025-04-18T21:00:00Z,2025-04-18T21:15:00Z,2025-04-19,2025-04-18_24,-98.57636655747854,100,1,0,10.096397356521772,26.878791907807255,0.047166755587142166,6.386,0.00014000000000000001,True,True,False,False,-2563.724853243623,0.0,176.5113615815804,2.1228376830811886,4188.0204773672485,-0.006750647941655115,1802.9230727403456
2025-04-18T21:15:00Z,2025-04-18T21:30:00Z,2025-04-19,2025-04-18_24,-98.57636655747854,100,1,0,26.878791907807255,48.92306650927261,0.06129311328657592,0.6865,0.005350000000000001,True,True,False,False,-2563.724853243623,0.0,176.5113615815804,2.1228376830811886,128.5506524621783,-0.14924385711128527,-2256.689245373894
2025-04-18T21:30:00Z,2025-04-18T21:45:00Z,2025-04-19,2025-04-18_24,-98.57636655747854,100,1,0,48.92306650927261,70.29266798469048,0.05948242281952732,1.424,0.011415,True,True,False,False,-2563.724853243623,0.0,176.5113615815804,2.1228376830811886,272.5143415104575,-0.0891151136158158,-2112.6654275821197
2025-04-18T21:45:00Z,2025-04-18T22:00:00Z,2025-04-19,2025-04-18_24,-98.57636655747854,100,1,0,70.29266798469048,92.9640180054507,0.06297713285063067,0.0135,0.012215,True,True,False,False,-2563.724853243623,0.0,176.5113615815804,2.1228376830811886,2.1590018684829126,-0.3361266238723806,-2383.267778734351
2025-04-18T22:00:00Z,2025-04-18T22:15:00Z,2025-04-19,2025-04-19_1,0.0,100,100,0,92.9640180054507,89.77441539675505,0.011819340579710142,3.4244999999999997,0.579,True,True,False,False,0.0,0.0,176.5113615815804,212.64541016213613,630.7938219516606,-6.039407510095835,1013.9111861852813
2025-04-18T22:15:00Z,2025-04-18T22:30:00Z,2025-04-19,2025-04-19_1,0.0,100,100,0,89.77441539675505,89.45937887501591,0.0011357681159420289,0.333,0.05099999999999999,True,True,False,False,0.0,0.0,176.5113615815804,212.64541016213613,59.32013682116811,-4.07751009583509,444.3993984690495
2025-04-18T22:30:00Z,2025-04-18T22:45:00Z,2025-04-19,2025-04-19_1,0.0,100,100,0,89.45937887501591,89.38192235327678,0.00040682367149758454,0.103,0.0375,True,True,False,False,0.0,0.0,176.5113615815804,212.64541016213613,17.026092660679485,-2.9966020734132965,403.1862623309827
2025-04-18T22:45:00Z,2025-04-18T23:00:00Z,2025-04-19,2025-04-19_1,0.0,100,100,0,89.38192235327678,89.33496583153764,0.0007693236714975845,0.149,0.125,True,True,False,False,0.0,0.0,176.5113615815804,212.64541016213613,25.62594639664075,-4.776686155144356,410.0060319852129
2025-04-18T23:00:00Z,2025-04-18T23:15:00Z,2025-04-19,2025-04-19_2,6.555300024264686e-14,100,100,0,89.33496583153764,84.93151713588546,0.013435468599033861,4.2505,0.2355,True,True,False,False,1.3744825325876981e-12,0.0,176.5113615815804,212.64541016213613,740.5680488417414,-5.9510201313965405,1123.7738004540627
2025-04-18T23:15:00Z,2025-04-18T23:30:00Z,2025-04-19,2025-04-19_2,6.555300024264686e-14,100,100,0,84.93151713588546,82.38882409240718,0.008486480676328552,2.575,0.2785,True,True,False,False,1.3744825325876981e-12,0.0,176.5113615815804,212.64541016213613,448.7421091756576,-2.2994309163602757,835.5994500030152
2025-04-18T23:30:00Z,2025-04-18T23:45:00Z,2025-04-19,2025-04-19_2,6.555300024264686e-14,100,100,0,82.38882409240718,82.34868409240717,0.003985722222222269,0.6785,0.758,True,True,False,False,1.3744825325876981e-12,0.0,176.5113615815804,212.64541016213613,117.76752295421213,-15.302544753179436,491.6217499447506
2025-04-18T23:45:00Z,2025-04-19T00:00:00Z,2025-04-19,2025-04-19_2,6.555300024264686e-14,100,100,0,82.34868409240717,85.0749814837115,0.0076273961352657385,0.009,2.974,True,True,False,False,1.3744825325876981e-12,0.0,176.5113615815804,212.64541016213613,1.3453076969441262,-22.726993349808133,367.7750860908539
2025-04-19T00:00:00Z,2025-04-19T00:15:00Z,2025-04-19,2025-04-19_3,0.0,100,100,0,85.0749814837115,85.1560667011028,0.0010193188405797102,0.1315,0.24350000000000002,True,True,False,False,0.0,0.0,176.5113615815804,212.64541016213613,22.506624073292752,-17.104636047656363,394.5587597693529
2025-04-19T00:15:00Z,2025-04-19T00:30:00Z,2025-04-19,2025-04-19_3,0.0,100,100,0,85.1560667011028,85.1560362663202,0.00021730676328502417,0.036,0.0425,True,True,False,False,0.0,0.0,176.5113615815804,212.64541016213613,5.455642215659092,-3.4124922146545322,391.19992174472105
2025-04-19T00:30:00Z,2025-04-19T00:45:00Z,2025-04-19,2025-04-19_3,0.0,100,100,0,85.1560362663202,86.42534496197237,0.0035530314009661838,0.0045,1.385,True,True,False,False,0.0,0.0,176.5113615815804,212.64541016213613,0.6726538484720631,-53.555114218552234,336.27431137363635
2025-04-19T00:45:00Z,2025-04-19T01:00:00Z,2025-04-19,2025-04-19_3,0.0,100,100,0,86.42534496197237,87.84214496197237,0.003935555555555556,0.0,1.54,True,True,False,False,0.0,0.0,176.5113615815804,212.64541016213613,0.0,-21.137910111908063,368.0188616318085
2025-04-19T01:00:00Z,2025-04-19T01:15:00Z,2025-04-19,2025-04-19_4,-1.2779499637772888e-13,100,100,0,87.84214496197237,87.66682322284196,0.002327004830917952,0.466,0.36,True,True,False,False,-2.767400646559719e-12,0.0,176.5113615815804,212.64541016213613,80.14885419805921,-12.611247061659935,456.69437888011305
2025-04-19T01:15:00Z,2025-04-19T01:30:00Z,2025-04-19,2025-04-19_4,-1.2779499637772888e-13,100,100,0,87.66682322284196,81.65106235327677,0.016710446859903423,5.5345,0.0,True,True,False,False,-2.767400646559719e-12,0.0,176.5113615815804,212.64541016213613,979.7820766278907,0.0,1368.9388483716043
2025-04-19T01:30:00Z,2025-04-19T01:45:00Z,2025-04-19,2025-04-19_4,-1.2779499637772888e-13,100,100,0,81.65106235327677,78.63475800545072,0.008378623188405859,2.775,0.0,True,True,False,False,-2.767400646559719e-12,0.0,176.5113615815804,212.64541016213613,490.68431679826415,0.0,879.8410885419779
2025-04-19T01:45:00Z,2025-04-19T02:00:00Z,2025-04-19,2025-04-19_4,-1.2779499637772888e-13,100,100,0,78.63475800545072,77.18041017936379,0.004039855072463841,1.338,0.0,True,True,False,False,-2.767400646559719e-12,0.0,176.5113615815804,212.64541016213613,235.95929600385756,0.0,625.1160677475713
2025-04-19T02:00:00Z,2025-04-19T02:15:00Z,2025-04-19,2025-04-19_5,-100.0,100,0,0,77.18041017936379,94.47227017936379,0.048032944444444434,6.2045,0.0,True,True,False,False,-2226.5,0.0,176.5113615815804,0.0,4026.638601048762,0.0,1976.6499626303425
2025-04-19T02:15:00Z,2025-04-19T02:30:00Z,2025-04-19,2025-04-19_5,-100.0,100,0,0,94.47227017936379,103.0038901793638,0.02369894444444445,15.726499999999998,0.0,True,True,False,False,-2226.5,0.0,176.5113615815804,0.0,17088.856681534166,0.0,15038.868043115746
2025-04-19T02:30:00Z,2025-04-19T02:45:00Z,2025-04-19,2025-04-19_5,-100.0,100,0,0,103.0038901793638,114.79461017936379,0.032752,12.184,0.0,True,True,False,False,-2226.5,0.0,176.5113615815804,0.0,6829.593064512888,0.0,4779.604426094469
2025-04-19T02:45:00Z,2025-04-19T03:00:00Z,2025-04-19,2025-04-19_5,-100.0,100,0,0,114.79461017936379,119.38265017936378,0.012744555555555547,20.013,0.0,True,True,False,False,-2226.5,0.0,176.5113615815804,0.0,25112.175530106688,0.0,23062.186891688267
2025-04-19T03:00:00Z,2025-04-19T03:15:00Z,2025-04-19,2025-04-19_6,-4.999999999999881,100,95,0,119.38265017936378,93.98868940641688,0.07063858856682777,24.609444444444442,0.0,True,True,False,False,-119.37499999999716,0.0,191.88114037731305,201.66957989271293,34163.45940067908,0.0,34437.63512094911
2025-04-19T03:15:00Z,2025-04-19T03:30:00Z,2025-04-19,2025-04-19_6,-4.999999999999881,100,95,0,93.98868940641688,73.11529752235889,0.059152514492753674,20.418333333333333,0.0,True,True,False,False,-119.37499999999716,0.0,191.88114037731305,201.66957989271293,13523.702985554417,0.0,13797.878705824445
2025-04-19T03:30:00Z,2025-04-19T03:45:00Z,2025-04-19,2025-04-19_6,-4.999999999999881,100,95,0,73.11529752235889,65.36258119385644,0.025814884863123964,8.253888888888888,0.0,True,True,False,False,-119.37499999999716,0.0,191.88114037731305,201.66957989271293,1534.4641606225598,0.0,1808.6398808925887
2025-04-19T03:45:00Z,2025-04-19T04:00:00Z,2025-04-19,2025-04-19_6,-4.999999999999881,100,95,0,65.36258119385644,58.22527104892888,0.024251231884057946,7.683333333333334,0.0,True,True,False,False,-119.37499999999716,0.0,191.88114037731305,201.66957989271293,1428.3933056074582,0.0,1702.569025877487
2025-04-19T04:00:00Z,2025-04-19T04:15:00Z,2025-04-19,2025-04-19_7,0.0,100,100,0,58.22527104892888,46.77670611570922,0.031801569258943514,10.532679738562091,0.0,True,True,False,False,0.0,0.0,211.47007413658008,202.79066964016639,2007.606251335311,0.0,2421.8669951120573
2025-04-19T04:15:00Z,2025-04-19T04:30:00Z,2025-04-19,2025-04-19_7,0.0,100,100,0,46.77670611570922,28.945646155493247,0.04953072211171103,16.404575163398693,0.0,True,True,False,False,0.0,0.0,211.47007413658008,202.79066964016639,3126.8327212078793,0.0,3541.093464984626
2025-04-19T04:30:00Z,2025-04-19T04:45:00Z,2025-04-19,2025-04-19_7,0.0,100,100,0,28.945646155493247,15.905009611020384,0.03622399040131351,11.997385620915034,0.0,True,True,False,False,0.0,0.0,211.47007413658008,202.79066964016639,2286.573031103695,0.0,2700.8337748804415
2025-04-19T04:45:00Z,2025-04-19T05:00:00Z,2025-04-19,2025-04-19_7,0.0,100,100,0,15.905009611020384,15.444422245291483,0.0014557426825802784,0.4529411764705882,0.0345,True,True,False,False,0.0,0.0,211.47007413658008,202.79066964016639,82.5472622175264,-2.7223621240431566,494.0856438702297
2025-04-19T05:00:00Z,2025-04-19T05:15:00Z,2025-04-19,2025-04-19_8,0.0,100,100,0,15.444422245291483,11.429204853987134,0.011153381642512077,3.694,0.0,True,True,False,False,0.0,0.0,199.56602977517932,212.28376830811888,687.1398111425874,0.0,1098.9896092258855
2025-04-19T05:15:00Z,2025-04-19T05:30:00Z,2025-04-19,2025-04-19_8,0.0,100,100,0,11.429204853987134,11.150531810508872,0.000886536231884058,0.275,0.022,True,True,False,False,0.0,0.0,199.56602977517932,212.28376830811888,47.46908966708859,-1.738894179575272,457.5799935708115
2025-04-19T05:30:00Z,2025-04-19T05:45:00Z,2025-04-19,2025-04-19_8,0.0,100,100,0,11.150531810508872,11.987283984421916,0.0025567995169082126,0.0385,0.955,True,True,False,False,0.0,0.0,199.56602977517932,212.28376830811888,6.491472987362626,-43.18999156169007,375.15127950897073
2025-04-19T05:45:00Z,2025-04-19T06:00:00Z,2025-04-19,2025-04-19_8,0.0,100,100,0,11.987283984421916,12.3292431148567,0.0011763357487922705,0.0375,0.416,True,True,False,False,0.0,0.0,199.56602977517932,212.28376830811888,6.169610029534085,-26.660006027364236,391.35940208546805
2025-04-19T06:00:00Z,2025-04-19T06:15:00Z,2025-04-19,2025-04-19_9,-4.000000000000005,100,96,0,12.3292431148567,11.440645619204528,0.007346166376811597,1.693,0.022080000000000002,True,True,False,False,-82.65000000000012,0.0,202.67012235549396,205.06539690193475,292.17643180037373,-1.7435938038695684,615.5183572539328
2025-04-19T06:15:00Z,2025-04-19T06:30:00Z,2025-04-19,2025-04-19_9,-4.000000000000005,100,96,0,11.440645619204528,12.601773793117571,0.0034717328502415494,0.0425,0.31200000000000006,True,True,False,False,-82.65000000000012,0.0,202.67012235549396,205.06539690193475,6.4707451831314176,-18.49772045084685,313.05854398971314
2025-04-19T06:30:00Z,2025-04-19T06:45:00Z,2025-04-19,2025-04-19_9,-4.000000000000005,100,96,0,12.601773793117571,13.537539810508878,0.00459065439613527,0.3435,0.42048,True,True,False,False,-82.65000000000012,0.0,202.67012235549396,205.06539690193475,58.63247483575433,-17.09164650714243,366.6263475860405
2025-04-19T06:45:00Z,2025-04-19T07:00:00Z,2025-04-19,2025-04-19_9,-4.000000000000005,100,96,0,13.537539810508878,13.134863149639314,0.006145221835748796,1.253,0.033600000000000005,True,True,False,False,-82.65000000000012,0.0,202.67012235549396,205.06539690193475,216.4193542683784,-2.637572659875837,538.8673008659312
2025-04-19T07:00:00Z,2025-04-19T07:15:00Z,2025-04-19,2025-04-19_10,-26.520405154950982,100,73,0,13.134863149639314,15.14204135549344,0.022991401403146573,3.925,0.0,True,True,False,False,-362.60023948106726,0.0,194.02085468024833,155.93514556084622,569.5047013441023,0.0,556.8604621041295
2025-04-19T07:15:00Z,2025-04-19T07:30:00Z,2025-04-19,2025-04-19_10,-26.520405154950982,100,73,0,15.14204135549344,15.163958791536132,0.0259251666914103,5.829,0.0,True,True,False,False,-362.60023948106726,0.0,194.02085468024833,155.93514556084622,845.7688927731904,0.0,833.1246535332177
2025-04-19T07:30:00Z,2025-04-19T07:45:00Z,2025-04-19,2025-04-19_10,-26.520405154950982,100,73,0,15.163958791536132,16.16182374887268,0.02448293753709578,4.893,0.0,True,True,False,False,-362.60023948106726,0.0,194.02085468024833,155.93514556084622,709.9583448857815,0.0,697.3141056458087
2025-04-19T07:45:00Z,2025-04-19T08:00:00Z,2025-04-19,2025-04-19_10,-26.520405154950982,100,73,0,16.16182374887268,17.562737698527314,0.023923047863048722,4.5145,0.009125,True,True,False,False,-362.60023948106726,0.0,194.02085468024833,155.93514556084622,655.0392291001145,-0.7157294115283387,641.6792604486135
2025-04-19T08:00:00Z,2025-04-19T08:15:00Z,2025-04-19,2025-04-19_11,-49.322854563930605,100,50,0,17.562737698527314,15.114217737737555,0.03521376510073586,13.7295,0.0,True,True,False,False,-191.49598284446057,0.0,194.02085468024833,106.8048942197577,10617.375179916824,0.0,10726.70494597237
2025-04-19T08:15:00Z,2025-04-19T08:30:00Z,2025-04-19,2025-04-19_11,-49.322854563930605,100,50,0,15.114217737737555,18.383428758372858,0.033679142630697455,8.038,0.0,True,True,False,False,-191.49598284446057,0.0,194.02085468024833,106.8048942197577,944.9208144978203,0.0,1054.2505805533658
2025-04-19T08:30:00Z,2025-04-19T08:45:00Z,2025-04-19,2025-04-19_11,-49.322854563930605,100,50,0,18.383428758372858,15.836959439647767,0.03524005442531264,13.827,0.0,True,True,False,False,-191.49598284446057,0.0,194.02085468024833,106.8048942197577,11092.374818877706,0.0,11201.704584933252
2025-04-19T08:45:00Z,2025-04-19T09:00:00Z,2025-04-19,2025-04-19_11,-49.322854563930605,100,50,0,15.836959439647767,16.732279867450355,0.03431628800479932,10.401,0.0,True,True,False,False,-191.49598284446057,0.0,194.02085468024833,106.8048942197577,7057.922629136279,0.0,7167.252395191825
2025-04-19T09:00:00Z,2025-04-19T09:15:00Z,2025-04-19,2025-04-19_12,-4.000000000000019,100,96,0,16.732279867450355,15.173285780493838,0.008979605797101458,2.296,0.00144,True,True,False,False,-4.540000000000021,0.0,194.02085468024833,205.06539690193475,218.0030619010307,-0.11572539328551626,612.4335880899282
2025-04-19T09:15:00Z,2025-04-19T09:30:00Z,2025-04-19,2025-04-19_12,-4.000000000000019,100,96,0,15.173285780493838,16.22766713701558,0.003717242898550737,0.136,0.30576,True,True,False,False,-4.540000000000021,0.0,194.02085468024833,205.06539690193475,12.913073353022725,-15.487896136459526,391.9714287987463
2025-04-19T09:30:00Z,2025-04-19T09:45:00Z,2025-04-19,2025-04-19_12,-4.000000000000019,100,96,0,16.22766713701558,17.553475623972105,0.0038393230917874513,0.027,0.4728,True,True,False,False,-4.540000000000021,0.0,194.02085468024833,205.06539690193475,2.5636248568500997,-8.481674642878671,388.6282017961545
2025-04-19T09:45:00Z,2025-04-19T10:00:00Z,2025-04-19,2025-04-19_12,-4.000000000000019,100,96,0,17.553475623972105,18.49871593701559,0.0049358124637681276,0.39849999999999997,0.49536,True,True,False,False,-4.540000000000021,0.0,194.02085468024833,205.06539690193475,37.837203905732025,-23.72857303357242,408.65488245434267
2025-04-19T10:00:00Z,2025-04-19T10:15:00Z,2025-04-19,2025-04-19_13,0.0,100,100,0,18.49871593701559,11.120998545711243,0.02049365942028985,6.787499999999999,0.0,True,True,False,False,0.0,0.0,194.02085468024833,213.6097884395154,613.6610210355011,0.0,1021.2916641552648
2025-04-19T10:15:00Z,2025-04-19T10:30:00Z,2025-04-19,2025-04-19_13,0.0,100,100,0,11.120998545711243,10.057301154406895,0.0032409371980676328,1.026,0.05600000000000001,True,True,False,False,0.0,0.0,194.02085468024833,213.6097884395154,92.76113555542163,-2.4661917103650577,497.9255869648203
2025-04-19T10:30:00Z,2025-04-19T10:45:00Z,2025-04-19,2025-04-19_13,0.0,100,100,0,10.057301154406895,11.806221154406895,0.004858111111111111,0.0,1.9009999999999998,True,True,False,False,0.0,0.0,194.02085468024833,213.6097884395154,0.0,-25.29777911719205,382.3328640025717
2025-04-19T10:45:00Z,2025-04-19T11:00:00Z,2025-04-19,2025-04-19_13,0.0,100,100,0,11.806221154406895,11.735652458754721,0.0017906908212560386,0.329,0.312,True,True,False,False,0.0,0.0,194.02085468024833,213.6097884395154,29.74504249291785,-17.790763667048402,419.5849219456332
2025-04-19T11:00:00Z,2025-04-19T11:15:00Z,2025-04-19,2025-04-19_14,-95.99999999999997,100,4,0,11.735652458754721,30.841015241363408,0.05384581449275361,3.2099999999999995,0.0,True,True,False,False,60.95999999999998,0.0,194.02085468024833,8.544391537580616,290.2175878488337,0.0,553.7428340666627
2025-04-19T11:15:00Z,2025-04-19T11:30:00Z,2025-04-19,2025-04-19_14,-95.99999999999997,100,4,0,30.841015241363408,52.91645280658079,0.06133527342995168,0.0605,0.05598,True,True,False,False,60.95999999999998,0.0,194.02085468024833,8.544391537580616,5.4698330420107295,-1.4057364956904348,267.58934276414925
2025-04-19T11:30:00Z,2025-04-19T11:45:00Z,2025-04-19,2025-04-19_14,-95.99999999999997,100,4,0,52.91645280658079,74.97705478918948,0.0612909233816425,0.0475,0.026760000000000003,True,True,False,False,60.95999999999998,0.0,194.02085468024833,8.544391537580616,4.294497016454705,-1.2328750768488943,266.58686815743476
2025-04-19T11:45:00Z,2025-04-19T12:00:00Z,2025-04-19,2025-04-19_14,-95.99999999999997,100,4,0,74.97705478918948,96.81437548484165,0.06072250917874394,0.262,0.00012,True,True,False,False,60.95999999999998,0.0,194.02085468024833,8.544391537580616,23.68754143812911,-0.009643782773793021,287.2031438731842
2025-04-19T12:00:00Z,2025-04-19T12:15:00Z,2025-04-19,2025-04-19_15,-100.00000000000004,100,0,0,96.81437548484165,119.29089548484166,0.06243477777777781,0.569,0.0,True,True,False,False,153.75000000000009,0.0,194.02085468024833,0.0,51.44355373395214,0.0,399.21440841420053
2025-04-19T12:15:00Z,2025-04-19T12:30:00Z,2025-04-19,2025-04-19_15,-100.00000000000004,100,0,0,119.29089548484166,137.95171548484166,0.05183561111111114,4.7165,0.0,True,True,False,False,153.75000000000009,0.0,194.02085468024833,0.0,426.4209511180761,0.0,774.1918057983246
2025-04-19T12:30:00Z,2025-04-19T12:45:00Z,2025-04-19,2025-04-19_15,-100.00000000000004,100,0,0,137.95171548484166,158.14111548484166,0.056081666666666696,3.055,0.0,True,True,False,False,153.75000000000009,0.0,194.02085468024833,0.0,276.2039660056658,0.0,623.9748206859142
2025-04-19T12:45:00Z,2025-04-19T13:00:00Z,2025-04-19,2025-04-19_15,-100.00000000000004,100,0,0,158.14111548484166,177.54989548484167,0.05391327777777782,3.9035,0.0,True,True,False,False,153.75000000000009,0.0,194.02085468024833,0.0,352.91724428907247,0.0,700.6880989693209
2025-04-19T13:00:00Z,2025-04-19T13:15:00Z,2025-04-19,2025-04-19_16,0.0,100,100,0,177.54989548484167,177.6412711370156,0.0011082898550724637,0.1415,0.2665,True,True,False,False,0.0,0.0,194.02085468024833,213.6097884395154,12.793080585859803,-18.499992767162922,401.9237309384606
2025-04-19T13:15:00Z,2025-04-19T13:30:00Z,2025-04-19,2025-04-19_16,0.0,100,100,0,177.6412711370156,177.86521287614605,0.0007247173913043479,0.017,0.2635,True,True,False,False,0.0,0.0,194.02085468024833,213.6097884395154,1.536977879573263,-19.521647881381472,389.6459731179555
2025-04-19T13:30:00Z,2025-04-19T13:45:00Z,2025-04-19,2025-04-19_16,0.0,100,100,0,177.86521287614605,173.86521287614605,0.01111111111111111,3.6799999999999997,0.0,True,True,False,False,0.0,0.0,194.02085468024833,213.6097884395154,332.71050569585924,0.0,740.341148815623
2025-04-19T13:45:00Z,2025-04-19T14:00:00Z,2025-04-19,2025-04-19_16,0.0,100,100,0,173.86521287614605,159.0358650500591,0.041192632850241544,13.642999999999999,0.0,True,True,False,False,0.0,0.0,194.02085468024833,213.6097884395154,7349.7705117232235,0.0,7757.401154842987
2025-04-19T14:00:00Z,2025-04-19T14:15:00Z,2025-04-19,2025-04-19_17,-54.0,100,46,0,159.0358650500591,170.93714625005913,0.03663272555555556,1.2865,0.83007,True,True,False,False,-2.7,0.0,194.02085468024833,98.26050268217708,116.57101782090693,-7.942975902597794,398.20939928073454
2025-04-19T14:15:00Z,2025-04-19T14:30:00Z,2025-04-19,2025-04-19_17,-54.0,100,46,0,170.93714625005913,182.68059785005912,0.035662365555555554,1.095,0.45103000000000004,True,True,False,False,-2.7,0.0,194.02085468024833,98.26050268217708,99.21901633415708,-19.417315882104756,369.38305781447775
2025-04-19T14:30:00Z,2025-04-19T14:45:00Z,2025-04-19,2025-04-19_17,-54.0,100,46,0,182.68059785005912,189.9999722500591,0.03454548444444444,5.117,0.0,True,True,False,False,-2.7,0.0,194.02085468024833,98.26050268217708,578.2827868523095,0.0,867.8641442147349
2025-04-19T14:45:00Z,2025-04-19T15:00:00Z,2025-04-19,2025-04-19_17,-54.0,100,46,0,189.9999722500591,187.3383882500591,0.03463448888888889,15.130000000000003,0.0,True,True,False,False,-2.7,0.0,194.02085468024833,98.26050268217708,9224.667343740584,0.0,9514.24870110301
2025-04-19T15:00:00Z,2025-04-19T15:15:00Z,2025-04-19,2025-04-19_18,-3.6231491024738784,100,96,0,187.3383882500591,189.3772842403177,0.012982071591517708,1.2575,2.78784,True,True,False,False,-63.35981992951195,0.0,194.02085468024833,205.06539690193475,201.63884786932678,-18.3481129769152,519.0171665450827
2025-04-19T15:15:00Z,2025-04-19T15:30:00Z,2025-04-19,2025-04-19_18,-3.6231491024738784,100,96,0,189.3772842403177,190.00000000000009,0.00535553762406697,0.623,0.5030399999999999,True,True,False,False,-63.35981992951195,0.0,194.02085468024833,205.06539690193475,99.7750027123139,-26.276368633596526,409.2250657313885
2025-04-19T15:30:00Z,2025-04-19T15:45:00Z,2025-04-19,2025-04-19_18,-3.6231491024738784,100,96,0,190.00000000000009,185.3920362505753,0.01649726660293517,5.034,0.0,True,True,False,False,-63.35981992951195,0.0,194.02085468024833,205.06539690193475,807.2625278765595,0.0,1142.9889595292307
2025-04-19T15:45:00Z,2025-04-19T16:00:00Z,2025-04-19,2025-04-19_18,-3.6231491024738784,100,96,0,185.3920362505753,170.90457851764572,0.042247731214177235,14.174000000000001,0.0,True,True,False,False,-63.35981992951195,0.0,194.02085468024833,205.06539690193475,12347.55794667792,0.0,12683.28437833059
2025-04-19T16:00:00Z,2025-04-19T16:15:00Z,2025-04-19,2025-04-19_19,-20.755892915602573,0,0,0,170.90457851764572,175.6784338882343,0.013260709362746089,0.0,0.0,True,False,False,False,-572.810754738342,0.0,0.0,0.0,0.0,0.0,-572.810754738342
2025-04-19T16:15:00Z,2025-04-19T16:30:00Z,2025-04-19,2025-04-19_19,-20.755892915602573,0,0,0,175.6784338882343,180.4522892588229,0.013260709362746089,0.0,0.0,True,False,False,False,-572.810754738342,0.0,0.0,0.0,0.0,0.0,-572.810754738342
2025-04-19T16:30:00Z,2025-04-19T16:45:00Z,2025-04-19,2025-04-19_19,-20.755892915602573,0,0,0,180.4522892588229,185.2261446294115,0.013260709362746089,0.0,0.0,True,False,False,False,-572.810754738342,0.0,0.0,0.0,0.0,0.0,-572.810754738342
2025-04-19T16:45:00Z,2025-04-19T17:00:00Z,2025-04-19,2025-04-19_19,-20.755892915602573,0,0,0,185.2261446294115,190.00000000000009,0.013260709362746089,0.0,0.0,True,False,False,False,-572.810754738342,0.0,0.0,0.0,0.0,0.0,-572.810754738342
2025-04-19T17:00:00Z,2025-04-19T17:15:00Z,2025-04-19,2025-04-19_20,43.507457599999874,0,0,0,190.00000000000009,178.17732130434794,0.032840774154589275,0.0,0.0,True,False,False,False,1487.8462812759956,0.0,0.0,0.0,0.0,0.0,1487.8462812759956
2025-04-19T17:15:00Z,2025-04-19T17:30:00Z,2025-04-19,2025-04-19_20,43.507457599999874,0,0,0,178.17732130434794,166.3546426086958,0.032840774154589275,0.0,0.0,True,False,False,False,1487.8462812759956,0.0,0.0,0.0,0.0,0.0,1487.8462812759956
2025-04-19T17:30:00Z,2025-04-19T17:45:00Z,2025-04-19,2025-04-19_20,43.507457599999874,0,0,0,166.3546426086958,154.53196391304365,0.032840774154589275,0.0,0.0,True,False,False,False,1487.8462812759956,0.0,0.0,0.0,0.0,0.0,1487.8462812759956
2025-04-19T17:45:00Z,2025-04-19T18:00:00Z,2025-04-19,2025-04-19_20,43.507457599999874,0,0,0,154.53196391304365,142.7092852173915,0.032840774154589275,0.0,0.0,True,False,False,False,1487.8462812759956,0.0,0.0,0.0,0.0,0.0,1487.8462812759956
2025-04-19T18:00:00Z,2025-04-19T18:15:00Z,2025-04-19,2025-04-19_21,100.0,0,0,0,142.7092852173915,115.53537217391326,0.0754830917874396,0.0,0.0,True,False,False,False,4348.25,0.0,0.0,0.0,0.0,0.0,4348.25
2025-04-19T18:15:00Z,2025-04-19T18:30:00Z,2025-04-19,2025-04-19_21,100.0,0,0,0,115.53537217391326,88.36145913043501,0.0754830917874396,0.0,0.0,True,False,False,False,4348.25,0.0,0.0,0.0,0.0,0.0,4348.25
2025-04-19T18:30:00Z,2025-04-19T18:45:00Z,2025-04-19,2025-04-19_21,100.0,0,0,0,88.36145913043501,61.18754608695675,0.0754830917874396,0.0,0.0,True,False,False,False,4348.25,0.0,0.0,0.0,0.0,0.0,4348.25
2025-04-19T18:45:00Z,2025-04-19T19:00:00Z,2025-04-19,2025-04-19_21,100.0,0,0,0,61.18754608695675,34.01363304347849,0.0754830917874396,0.0,0.0,True,False,False,False,4348.25,0.0,0.0,0.0,0.0,0.0,4348.25
2025-04-19T19:00:00Z,2025-04-19T19:15:00Z,2025-04-19,2025-04-19_22,0.0,100,100,0,34.01363304347849,31.650966086956753,0.006568074879227053,2.1745,0.001,True,True,False,False,0.0,0.0,191.88114037731305,212.64541016213613,479.22532115805757,-0.08036485644827518,883.6715068410584
2025-04-19T19:15:00Z,2025-04-19T19:30:00Z,2025-04-19,2025-04-19_22,0.0,100,100,0,31.650966086956753,31.774101739130668,0.0007798454106280193,0.0725,0.2195,True,True,False,False,0.0,0.0,191.88114037731305,212.64541016213613,11.275990999136079,-7.472119924457035,408.3304216141282
2025-04-19T19:30:00Z,2025-04-19T19:45:00Z,2025-04-19,2025-04-19_22,0.0,100,100,0,31.774101739130668,21.628799130435013,0.028470173913043482,9.3815,0.056499999999999995,True,True,False,False,0.0,0.0,191.88114037731305,212.64541016213613,2609.456694995279,-2.89012376187893,3011.0931217728494
2025-04-19T19:45:00Z,2025-04-19T20:00:00Z,2025-04-19,2025-04-19_22,0.0,100,100,0,21.628799130435013,21.60163043478284,0.0017723574879227053,0.306,0.332,True,True,False,False,0.0,0.0,191.88114037731305,212.64541016213613,54.34391055391478,-18.35028228155828,440.5201788118057
2025-04-19T20:00:00Z,2025-04-19T20:15:00Z,2025-04-19,2025-04-19_23,0.0,100,100,0,21.60163043478284,10.000000000000233,0.03222675120772947,10.6735,0.0,True,True,False,False,0.0,0.0,191.88114037731305,212.64541016213613,8129.096974464068,0.0,8533.623525003517
2025-04-19T20:15:00Z,2025-04-19T20:30:00Z,2025-04-19,2025-04-19_23,0.0,100,100,0,10.000000000000233,12.409860000000233,0.008360722222222223,0.276,2.9455,True,True,False,False,0.0,0.0,191.88114037731305,212.64541016213613,49.29538665541559,-6.414967954513492,447.40696924035126
2025-04-19T20:30:00Z,2025-04-19T20:45:00Z,2025-04-19,2025-04-19_23,0.0,100,100,0,12.409860000000233,23.466420000000234,0.03071266666666667,0.0,12.018,True,True,False,False,0.0,0.0,191.88114037731305,212.64541016213613,0.0,3859.197038153216,4263.7235886926655
2025-04-19T20:45:00Z,2025-04-19T21:00:00Z,2025-04-19,2025-04-19_23,0.0,100,100,0,23.466420000000234,32.79660000000023,0.025917166666666668,0.0,10.1415,True,True,False,False,0.0,0.0,191.88114037731305,212.64541016213613,0.0,3428.3600232053527,3832.886573744802
2025-04-19T21:00:00Z,2025-04-19T21:15:00Z,2025-04-20,2025-04-19_24,0.0,100,100,0,32.79660000000023,30.04706591653945,0.011991028512125846,3.2504999999999997,0.8517587939698492,True,True,False,False,0.0,0.0,176.81272979326144,213.97143029353265,618.3172897956723,-4.2366328053988225,1004.8648170770675
2025-04-19T21:15:00Z,2025-04-19T21:30:00Z,2025-04-20,2025-04-19_24,0.0,100,100,0,30.04706591653945,28.433316626611546,0.004487773711552934,1.4855,0.0010050251256281408,True,True,False,False,0.0,0.0,176.81272979326144,213.97143029353265,277.5846253993129,-0.07874948244931489,668.2900360036577
2025-04-19T21:30:00Z,2025-04-19T21:45:00Z,2025-04-20,2025-04-19_24,0.0,100,100,0,28.433316626611546,27.726794887481113,0.00196256038647343,0.65,0.0,True,True,False,False,0.0,0.0,176.81272979326144,213.97143029353265,117.46882848130514,0.0,508.2529885680992
2025-04-19T21:45:00Z,2025-04-19T22:00:00Z,2025-04-20,2025-04-19_24,0.0,100,100,0,27.726794887481113,27.698668276163655,0.0002630540989974025,0.056499999999999995,0.036180904522613064,True,True,False,False,0.0,0.0,176.81272979326144,213.97143029353265,8.897901472685994,-2.8349813681753355,396.84708019130477
2025-04-19T22:00:00Z,2025-04-19T22:15:00Z,2025-04-20,2025-04-20_1,-20.846713098681537,100,79,0,27.698668276163655,18.31724804777812,0.03834097104825964,13.4735,0.0,True,True,False,False,-534.1970231537144,0.0,176.81272979326144,169.03742993189078,13876.486854619976,0.0,13688.139991191414
2025-04-19T22:15:00Z,2025-04-19T22:30:00Z,2025-04-20,2025-04-20_1,-20.846713098681537,100,79,0,18.31724804777812,18.02589134860403,0.022296170333270852,4.834,0.0,True,True,False,False,-534.1970231537144,0.0,176.81272979326144,169.03742993189078,926.9804191027264,0.0,738.6335556741642
2025-04-19T22:30:00Z,2025-04-19T22:45:00Z,2025-04-20,2025-04-20_1,-20.846713098681537,100,79,0,18.02589134860403,17.560942897224812,0.022624145063242927,5.0035,0.005160804020100502,True,True,False,False,-534.1970231537144,0.0,176.81272979326144,169.03742993189078,960.6512915636993,-0.41474727423305824,771.889680860904
2025-04-19T22:45:00Z,2025-04-19T23:00:00Z,2025-04-20,2025-04-20_1,-20.846713098681537,100,79,0,17.560942897224812,22.227964062460998,0.013597269572179296,0.1325,0.0127035175879397,True,True,False,False,-534.1970231537144,0.0,176.81272979326144,169.03742993189078,21.137973399232518,-1.020916367342913,-168.22980639667261
2025-04-19T23:00:00Z,2025-04-19T23:15:00Z,2025-04-20,2025-04-20_2,-9.356653669336131,100,90,0,22.227964062460998,11.80252176208637,0.035300878025649816,11.74,0.0,True,True,False,False,-230.36081333905557,0.0,176.81272979326144,192.24880959556384,9158.384071685452,0.0,9297.084797735222
2025-04-19T23:15:00Z,2025-04-19T23:30:00Z,2025-04-20,2025-04-20_2,-9.356653669336131,100,90,0,11.80252176208637,11.994544763377206,0.010547407015176816,1.8295,0.0,True,True,False,False,-230.36081333905557,0.0,176.81272979326144,192.24880959556384,340.9516378357744,0.0,479.6523638855441
2025-04-19T23:30:00Z,2025-04-19T23:45:00Z,2025-04-20,2025-04-20_2,-9.356653669336131,100,90,0,11.994544763377206,13.952591310708637,0.006479008271743477,0.19,0.010402010050251256,True,True,False,False,-230.36081333905557,0.0,176.81272979326144,192.24880959556384,31.81726036204368,-0.8359560444619578,169.68203036735144
2025-04-19T23:45:00Z,2025-04-20T00:00:00Z,2025-04-20,2025-04-20_2,-9.356653669336131,100,90,0,13.952591310708637,16.085891021232293,0.006183093234397913,0.047,0.03437185929648241,True,True,False,False,-230.36081333905557,0.0,176.81272979326144,192.24880959556384,7.276232294617565,-2.737753501398864,143.2392048429884
2025-04-20T00:00:00Z,2025-04-20T00:15:00Z,2025-04-20,2025-04-20_3,0.0,100,100,0,16.085891021232293,11.287334433948043,0.013352439431456802,4.4185,0.004522613065326633,True,True,False,False,0.0,0.0,176.81272979326144,213.6097884395154,1965.4783731139376,-0.35639168659886744,2355.5444996601154
2025-04-20T00:15:00Z,2025-04-20T00:30:00Z,2025-04-20,2025-04-20_3,0.0,100,100,0,11.287334433948043,11.310277191212627,0.0001905414754934091,0.021,0.04974874371859296,True,True,False,False,0.0,0.0,176.81272979326144,213.6097884395154,3.1390512928696284,-3.982908030599626,389.57866149504684
2025-04-20T00:30:00Z,2025-04-20T00:45:00Z,2025-04-20,2025-04-20_3,0.0,100,100,0,11.310277191212627,11.426437449023421,0.0004041891219381934,0.0135,0.1422110552763819,True,True,False,False,0.0,0.0,176.81272979326144,213.6097884395154,2.1119893315653067,-11.284397092447954,381.2501104718942
2025-04-20T00:45:00Z,2025-04-20T01:00:00Z,2025-04-20,2025-04-20_3,0.0,100,100,0,11.426437449023421,11.41545864194455,0.00022312650207559538,0.042,0.03768844221105527,True,True,False,False,0.0,0.0,176.81272979326144,213.6097884395154,6.419140497860287,-3.0227685955544703,393.81889013508265
2025-04-20T01:00:00Z,2025-04-20T01:15:00Z,2025-04-20,2025-04-20_4,-74.00000000000243,100,26,0,11.41545864194455,24.2691977375973,0.042494504734300484,4.3245,0.0,True,True,False,False,-1832.79500000006,0.0,176.81272979326144,55.538544994274,817.1335329395455,0.0,-783.3101922729792
2025-04-20T01:15:00Z,2025-04-20T01:30:00Z,2025-04-20,2025-04-20_4,-74.00000000000243,100,26,0,24.2691977375973,33.15032107672833,0.03793355516908253,8.448,0.0,True,True,False,False,-1832.79500000006,0.0,176.81272979326144,55.538544994274,1600.712096920017,0.0,0.26837170749241324
2025-04-20T01:30:00Z,2025-04-20T01:45:00Z,2025-04-20,2025-04-20_4,-74.00000000000243,100,26,0,33.15032107672833,43.22221756368544,0.03930067864734357,7.212000000000001,0.0,True,True,False,False,-1832.79500000006,0.0,176.81272979326144,55.538544994274,1366.5170031945033,0.0,-233.92672201802134
2025-04-20T01:45:00Z,2025-04-20T02:00:00Z,2025-04-20,2025-04-20_4,-74.00000000000243,100,26,0,43.22221756368544,56.14965742455558,0.0425791203864744,4.248,0.0,True,True,False,False,-1832.79500000006,0.0,176.81272979326144,55.538544994274,801.5724139593757,0.0,-798.871311253149
2025-04-20T02:00:00Z,2025-04-20T02:15:00Z,2025-04-20,2025-04-20_5,0.0,100,100,0,56.14965742455558,56.00449935158201,0.0004391744349768165,0.1395,0.007035175879396985,True,True,False,False,0.0,0.0,176.81272979326144,213.6097884395154,22.538612500753423,-0.5512463771452042,412.4098843563851
2025-04-20T02:15:00Z,2025-04-20T02:30:00Z,2025-04-20,2025-04-20_5,0.0,100,100,0,56.00449935158201,52.217542829842884,0.010519323671497586,3.4840000000000004,0.0,True,True,False,False,0.0,0.0,176.81272979326144,213.6097884395154,656.6457677857475,0.0,1047.0682860185243
2025-04-20T02:30:00Z,2025-04-20T02:45:00Z,2025-04-20,2025-04-20_5,0.0,100,100,0,52.217542829842884,44.030042829842884,0.022743055555555555,7.532500000000001,0.0,True,True,False,False,0.0,0.0,176.81272979326144,213.6097884395154,1422.1901181363394,0.0,1812.6126363691162
2025-04-20T02:45:00Z,2025-04-20T03:00:00Z,2025-04-20,2025-04-20_5,0.0,100,100,0,44.030042829842884,40.637108047234186,0.00942481884057971,3.1215,0.0,True,True,False,False,0.0,0.0,176.81272979326144,213.6097884395154,584.7671460430354,0.0,975.1896642758122
2025-04-20T03:00:00Z,2025-04-20T03:15:00Z,2025-04-20,2025-04-20_6,0.0,100,100,0,40.637108047234186,33.8029025694646,0.019175570771582193,6.3192090395480225,0.0375,True,True,False,False,0.0,0.0,194.02085468024833,213.97143029353265,1185.8321480084555,-2.955420107287084,1590.8690128749495
2025-04-20T03:15:00Z,2025-04-20T03:30:00Z,2025-04-20,2025-04-20_6,0.0,100,100,0,33.8029025694646,22.337046514441262,0.0318496001528426,10.54858757062147,0.0,True,True,False,False,0.0,0.0,194.02085468024833,213.97143029353265,1982.557155247536,0.0,2390.549440221317
2025-04-20T03:30:00Z,2025-04-20T03:45:00Z,2025-04-20,2025-04-20_6,0.0,100,100,0,22.337046514441262,23.762064706531657,0.007646393910860014,0.6107344632768361,2.2705,True,True,False,False,0.0,0.0,194.02085468024833,213.97143029353265,113.62142091195723,-16.00658479496916,505.60712109076906
2025-04-20T03:45:00Z,2025-04-20T04:00:00Z,2025-04-20,2025-04-20_6,0.0,100,100,0,23.762064706531657,28.68590470653166,0.013677333333333335,0.0,5.352,True,True,False,False,0.0,0.0,194.02085468024833,213.97143029353265,0.0,1534.4002169851126,1942.3925019588935
2025-04-20T04:00:00Z,2025-04-20T04:15:00Z,2025-04-20,2025-04-20_7,0.0,100,100,0,28.68590470653166,26.471729344212818,0.006623264895330114,2.1153333333333335,0.0925,True,True,False,False,0.0,0.0,218.79332168042913,203.42354288469653,396.3220839946692,-6.484440861511262,812.0545076982836
2025-04-20T04:15:00Z,2025-04-20T04:30:00Z,2025-04-20,2025-04-20_7,0.0,100,100,0,26.471729344212818,23.5462284746476,0.008141724637681159,2.6940000000000004,0.003,True,True,False,False,0.0,0.0,218.79332168042913,203.42354288469653,502.789068772226,-0.24109456934482554,924.7648387680068
2025-04-20T04:30:00Z,2025-04-20T04:45:00Z,2025-04-20,2025-04-20_7,0.0,100,100,0,23.5462284746476,23.628424416676584,0.0004054557165861514,0.029333333333333333,0.124,True,True,False,False,0.0,0.0,218.79332168042913,203.42354288469653,5.304080525586162,-9.495106985715148,418.0258381049967
2025-04-20T04:45:00Z,2025-04-20T05:00:00Z,2025-04-20,2025-04-20_7,0.0,100,100,0,23.628424416676584,26.192924416676583,0.007123611111111112,0.0,2.7875,True,True,False,False,0.0,0.0,218.79332168042913,203.42354288469653,0.0,1616.3809319309669,2038.5977964960925
2025-04-20T05:00:00Z,2025-04-20T05:15:00Z,2025-04-20,2025-04-20_8,0.0,100,100,0,26.192924416676583,13.909821807980931,0.034267951690821245,11.325,0.029,True,True,False,False,0.0,0.0,202.67012235549396,213.97143029353265,6829.23916581279,-2.272316316074981,7243.608402145742
2025-04-20T05:15:00Z,2025-04-20T05:30:00Z,2025-04-20,2025-04-20_8,0.0,100,100,0,13.909821807980931,10.065800068850496,0.010677838164251208,3.5365,0.0,True,True,False,False,0.0,0.0,202.67012235549396,213.97143029353265,606.8998641833927,0.0,1023.5414168324193
2025-04-20T05:30:00Z,2025-04-20T05:45:00Z,2025-04-20,2025-04-20_8,0.0,100,100,0,10.065800068850496,12.65714876450267,0.007225364734299518,0.0045,2.822,True,True,False,False,0.0,0.0,202.67012235549396,213.97143029353265,0.6726538484720631,-6.513398027042774,410.8008084704559
2025-04-20T05:45:00Z,2025-04-20T06:00:00Z,2025-04-20,2025-04-20_8,0.0,100,100,0,12.65714876450267,21.56136876450267,0.024733944444444447,0.0,9.6785,True,True,False,False,0.0,0.0,202.67012235549396,213.97143029353265,0.0,1221.4086936692584,1638.050246318285
2025-04-20T06:00:00Z,2025-04-20T06:15:00Z,2025-04-20,2025-04-20_9,3.9991966595061723,96,100,0,21.56136876450267,13.598814271821128,0.02272418532831245,6.431039999999999,0.1235,True,True,False,False,61.20770487374197,0.0,194.56331746127418,213.97143029353265,975.1282598999459,-4.955507905892754,1439.915204622602
2025-04-20T06:15:00Z,2025-04-20T06:30:00Z,2025-04-20,2025-04-20_9,3.9991966595061723,96,100,0,13.598814271821128,9.999999999995653,0.010430949944403151,2.3865600000000002,0.0885,True,True,False,False,61.20770487374197,0.0,194.56331746127418,213.97143029353265,361.8362136580074,-4.402987463082394,827.1756788234738
2025-04-20T06:30:00Z,2025-04-20T06:45:00Z,2025-04-20,2025-04-20_9,3.9991966595061723,96,100,0,9.999999999995653,10.155008849621654,0.006144408215381159,0.0,1.34,True,True,False,False,61.20770487374197,0.0,194.56331746127418,213.97143029353265,0.0,-51.65675366162378,418.085698966925
2025-04-20T06:45:00Z,2025-04-20T07:00:00Z,2025-04-20,2025-04-20_9,3.9991966595061723,96,100,0,10.155008849621654,12.83984568986545,0.012512420334219735,0.0,4.07,True,True,False,False,61.20770487374197,0.0,194.56331746127418,213.97143029353265,0.0,-13.511879934904469,456.2305726936443
2025-04-20T07:00:00Z,2025-04-20T07:15:00Z,2025-04-20,2025-04-20_10,5.814570270386281,94,100,0,12.83984568986545,11.519766443597213,0.005914988352357951,0.16027000000000002,0.4670000000000001,True,True,False,False,1.511788270300433,0.0,182.37960339943342,213.97143029353265,14.656237960339949,-14.827599501737893,397.69146042186856
2025-04-20T07:15:00Z,2025-04-20T07:30:00Z,2025-04-20,2025-04-20_10,5.814570270386281,94,100,0,11.519766443597213,9.999999999995698,0.004729442221646228,0.03478,0.1055,True,True,False,False,1.511788270300433,0.0,182.37960339943342,213.97143029353265,3.180532577903683,-8.266530046410706,392.77682449475947
2025-04-20T07:30:00Z,2025-04-20T07:45:00Z,2025-04-20,2025-04-20_10,5.814570270386281,94,100,0,9.999999999995698,12.780476790125553,0.014897072669389205,0.007520000000000001,4.699,True,True,False,False,1.511788270300433,0.0,182.37960339943342,213.97143029353265,0.6876827195467424,-11.037311192815384,387.5131934899979
2025-04-20T07:45:00Z,2025-04-20T08:00:00Z,2025-04-20,2025-04-20_10,5.814570270386281,94,100,0,12.780476790125553,29.85129878261007,0.04915313853983849,0.0,20.061,True,True,False,False,1.511788270300433,0.0,182.37960339943342,213.97143029353265,0.0,20454.711181363393,20852.57400332666
2025-04-20T08:00:00Z,2025-04-20T08:15:00Z,2025-04-20,2025-04-20_11,70.00000000000603,30,100,0,29.85129878261007,28.449602608695557,0.02995030048309063,0.0,16.9935,True,True,False,False,-17.500000000001506,0.0,58.2062564040745,213.97143029353265,0.0,13346.724193840035,13601.40188053764
2025-04-20T08:15:00Z,2025-04-20T08:30:00Z,2025-04-20,2025-04-20_11,70.00000000000603,30,100,0,28.449602608695557,19.264645043476627,0.040060504347827444,0.0,9.487,True,True,False,False,-17.500000000001506,0.0,58.2062564040745,213.97143029353265,0.0,880.6100514335083,1135.2877381311139
2025-04-20T08:30:00Z,2025-04-20T08:45:00Z,2025-04-20,2025-04-20_11,70.00000000000603,30,100,0,19.264645043476627,16.23402678260558,0.03206621739130372,0.0,15.4225,True,True,False,False,-17.500000000001506,0.0,58.2062564040745,213.97143029353265,0.0,10819.794883772325,11074.47257046993
2025-04-20T08:45:00Z,2025-04-20T09:00:00Z,2025-04-20,2025-04-20_11,70.00000000000603,30,100,0,16.23402678260558,9.999999999995369,0.036227341062802336,0.0,12.333,True,True,False,False,-17.500000000001506,0.0,58.2062564040745,213.97143029353265,0.0,4862.345895364957,5117.023582062563
2025-04-20T09:00:00Z,2025-04-20T09:15:00Z,2025-04-20,2025-04-20_12,0.0,0,0,0,9.999999999995369,9.999999999995369,0.0,0.0,0.0,True,False,False,False,0.0,0.0,0.0,0.0,0.0,0.0,0.0
2025-04-20T09:15:00Z,2025-04-20T09:30:00Z,2025-04-20,2025-04-20_12,0.0,0,0,0,9.999999999995369,9.999999999995369,0.0,0.0,0.0,True,False,False,False,0.0,0.0,0.0,0.0,0.0,0.0,0.0
2025-04-20T09:30:00Z,2025-04-20T09:45:00Z,2025-04-20,2025-04-20_12,0.0,0,0,0,9.999999999995369,9.999999999995369,0.0,0.0,0.0,True,False,False,False,0.0,0.0,0.0,0.0,0.0,0.0,0.0
2025-04-20T09:45:00Z,2025-04-20T10:00:00Z,2025-04-20,2025-04-20_12,0.0,0,0,0,9.999999999995369,9.999999999995369,0.0,0.0,0.0,True,False,False,False,0.0,0.0,0.0,0.0,0.0,0.0,0.0
2025-04-20T10:00:00Z,2025-04-20T10:15:00Z,2025-04-20,2025-04-20_13,-8.673617379884035e-16,100,100,0,9.999999999995369,31.52937999999537,0.059803833333333334,0.0,23.4015,True,True,False,False,2.1783790049578755e-14,0.0,194.02085468024833,213.97143029353265,0.0,32916.21993852089,33324.212223494666
2025-04-20T10:15:00Z,2025-04-20T10:30:00Z,2025-04-20,2025-04-20_13,-8.673617379884035e-16,100,100,0,31.52937999999537,53.05737999999537,0.0598,0.0,23.4,True,True,False,False,2.1783790049578755e-14,0.0,194.02085468024833,213.97143029353265,0.0,32914.11005967091,33322.102344644685
2025-04-20T10:30:00Z,2025-04-20T10:45:00Z,2025-04-20,2025-04-20_13,-8.673617379884035e-16,100,100,0,53.05737999999537,74.58537999999537,0.0598,0.0,23.4,True,True,False,False,2.1783790049578755e-14,0.0,194.02085468024833,213.97143029353265,0.0,32914.11005967091,33322.102344644685
2025-04-20T10:45:00Z,2025-04-20T11:00:00Z,2025-04-20,2025-04-20_13,-8.673617379884035e-16,100,100,0,74.58537999999537,96.11337999999537,0.0598,0.0,23.4,True,True,False,False,2.1783790049578755e-14,0.0,194.02085468024833,213.97143029353265,0.0,32914.11005967091,33322.102344644685
2025-04-20T11:00:00Z,2025-04-20T11:15:00Z,2025-04-20,2025-04-20_14,-8.673617379884035e-16,100,100,0,96.11337999999537,117.64137999999537,0.0598,0.0,23.4,True,True,False,False,2.168838025840003e-14,0.0,194.02085468024833,213.97143029353265,0.0,32914.11005967091,33322.102344644685
2025-04-20T11:15:00Z,2025-04-20T11:30:00Z,2025-04-20,2025-04-20_14,-8.673617379884035e-16,100,100,0,117.64137999999537,139.16937999999536,0.0598,0.0,23.4,True,True,False,False,2.168838025840003e-14,0.0,194.02085468024833,213.97143029353265,0.0,32914.11005967091,33322.102344644685
2025-04-20T11:30:00Z,2025-04-20T11:45:00Z,2025-04-20,2025-04-20_14,-8.673617379884035e-16,100,100,0,139.16937999999536,160.69737999999535,0.0598,0.0,23.4,True,True,False,False,2.168838025840003e-14,0.0,194.02085468024833,213.97143029353265,0.0,32914.11005967091,33322.102344644685
2025-04-20T11:45:00Z,2025-04-20T12:00:00Z,2025-04-20,2025-04-20_14,-8.673617379884035e-16,100,100,0,160.69737999999535,177.80155999999533,0.04751161111111111,0.0,18.5915,True,True,False,False,2.168838025840003e-14,0.0,194.02085468024833,213.97143029353265,0.0,17713.030800936252,18121.023085910034
2025-04-20T12:00:00Z,2025-04-20T12:15:00Z,2025-04-20,2025-04-20_15,-10.579839520897002,100,89,0,177.80155999999533,181.69368261143265,0.010827651002871568,0.003,1.589095,True,True,False,False,167.71690600501972,0.0,194.02085468024833,190.43457296124404,0.24049183292146348,-20.32526990336126,532.0875555760723
2025-04-20T12:15:00Z,2025-04-20T12:30:00Z,2025-04-20,2025-04-20_15,-10.579839520897002,100,89,0,181.69368261143265,184.0845863338588,0.006965385317653911,0.06,0.023585,True,True,False,False,167.71690600501972,0.0,194.02085468024833,190.43457296124404,4.809836658429269,-1.8480200108492557,555.1341502940921
2025-04-20T12:30:00Z,2025-04-20T12:45:00Z,2025-04-20,2025-04-20_15,-10.579839520897002,100,89,0,184.0845863338588,187.04535760611162,0.008248663601798592,0.0045,0.5785,True,True,False,False,167.71690600501972,0.0,194.02085468024833,190.43457296124404,0.3607377493821952,-29.682804432121834,522.8502669637725
2025-04-20T12:45:00Z,2025-04-20T13:00:00Z,2025-04-20,2025-04-20_15,-10.579839520897002,100,89,0,187.04535760611162,189.9619809999954,0.008142229910763745,0.0075,0.534,True,True,False,False,167.71690600501972,0.0,194.02085468024833,190.43457296124404,0.6012295823036586,-23.102449520824546,529.6711137079913
2025-04-20T13:00:00Z,2025-04-20T13:15:00Z,2025-04-20,2025-04-20_16,12.99999999999731,87,100,0,189.9619809999954,186.41594565217002,0.010061314855070442,0.053505,0.0475,True,True,False,False,-27.949999999994215,0.0,168.79814357181604,213.97143029353265,4.289171840154301,-3.721897414260744,355.38684829124804
2025-04-20T13:15:00Z,2025-04-20T13:30:00Z,2025-04-20,2025-04-20_16,12.99999999999731,87,100,0,186.41594565217002,182.85725059130118,0.009976420724635653,0.04176,0.0205,True,True,False,False,-27.949999999994215,0.0,168.79814357181604,213.97143029353265,3.3476463142667714,-1.6062925682599003,356.56092761136136
2025-04-20T13:30:00Z,2025-04-20T13:45:00Z,2025-04-20,2025-04-20_16,12.99999999999731,87,100,0,182.85725059130118,179.52942706086714,0.010251124251205732,0.00783,0.2265,True,True,False,False,-27.949999999994215,0.0,168.79814357181604,213.97143029353265,0.6276836839250197,-11.961318787294319,343.48593876198515
2025-04-20T13:45:00Z,2025-04-20T14:00:00Z,2025-04-20,2025-04-20_16,12.99999999999731,87,100,0,179.52942706086714,175.13293944347654,0.01224136893719604,0.8004,0.0065,True,True,False,False,-27.949999999994215,0.0,168.79814357181604,213.97143029353265,71.37507058043518,-0.5093122777409439,425.6853321680487
2025-04-20T14:00:00Z,2025-04-20T14:15:00Z,2025-04-20,2025-04-20_17,-21.747544234664968,100,78,0,175.13293944347654,182.70100046432128,0.022040713235283,0.21549999999999997,3.0353700000000003,True,True,False,False,-0.0,0.0,194.02085468024833,166.89771562895547,19.48345488517871,-2.0460222108372013,378.3560029835453
2025-04-20T14:15:00Z,2025-04-20T14:30:00Z,2025-04-20,2025-04-20_17,-21.747544234664968,100,78,0,182.70100046432128,189.81590883829423,0.019763634372147065,0.0,2.29671,True,True,False,False,-0.0,0.0,194.02085468024833,166.89771562895547,0.0,-13.682066222650835,347.23650408655294
2025-04-20T14:30:00Z,2025-04-20T14:45:00Z,2025-04-20,2025-04-20_17,-21.747544234664968,100,78,0,189.81590883829423,189.99999999999534,0.022293048809695848,4.6095,0.027300000000000005,True,True,False,False,-0.0,0.0,194.02085468024833,166.89771562895547,815.0182779820384,-2.1939605810379126,1173.7428877102043
2025-04-20T14:45:00Z,2025-04-20T15:00:00Z,2025-04-20,2025-04-20_17,-21.747544234664968,100,78,0,189.99999999999534,172.42141742068785,0.052728682407031206,21.492,0.0,True,True,False,False,-0.0,0.0,194.02085468024833,166.89771562895547,24843.72949671509,0.0,25204.648067024293
2025-04-20T15:00:00Z,2025-04-20T15:15:00Z,2025-04-20,2025-04-20_18,2.708728311140223,97,100,0,172.42141742068785,178.23897178844365,0.02528231684482062,1.0592400000000002,8.334,True,True,False,False,44.20644603780844,0.0,188.20022903984088,213.97143029353265,164.46960554517514,2894.380970405642,3505.2286813219994
2025-04-20T15:15:00Z,2025-04-20T15:30:00Z,2025-04-20,2025-04-20_18,2.708728311140223,97,100,0,178.23897178844365,187.4022278952962,0.02779132127428675,0.0,10.7075,True,True,False,False,44.20644603780844,0.0,188.20022903984088,213.97143029353265,0.0,50.38696984308762,496.7650752142696
2025-04-20T15:30:00Z,2025-04-20T15:45:00Z,2025-04-20,2025-04-20_18,2.708728311140223,97,100,0,187.4022278952962,187.16971283285196,0.0057304251333290535,0.40643,1.0225,True,True,False,False,44.20644603780844,0.0,188.20022903984088,213.97143029353265,63.11321496996364,-31.919511080304588,477.571809260841
2025-04-20T15:45:00Z,2025-04-20T16:00:00Z,2025-04-20,2025-04-20_18,2.708728311140223,97,100,0,187.16971283285196,186.240931868891,0.0028335530369827115,0.220675,0.05099999999999999,True,True,False,False,44.20644603780844,0.0,188.20022903984088,213.97143029353265,33.90453484318808,-4.040345970707009,476.242294243663
2025-04-20T16:00:00Z,2025-04-20T16:15:00Z,2025-04-20,2025-04-20_19,47.999999999999254,52,100,0,186.240931868891,181.03804432106512,0.03528811429951668,0.0,7.839500000000001,True,True,False,False,1286.51999999998,0.0,105.38846362485687,213.6097884395154,0.0,3208.5720688927736,4814.090320957126
2025-04-20T16:15:00Z,2025-04-20T16:30:00Z,2025-04-20,2025-04-20_19,47.999999999999254,52,100,0,181.03804432106512,174.776509503674,0.035415543381642225,0.0,6.781,True,True,False,False,1286.51999999998,0.0,105.38846362485687,213.6097884395154,0.0,2621.37904285456,4226.897294918912
2025-04-20T16:30:00Z,2025-04-20T16:45:00Z,2025-04-20,2025-04-20_19,47.999999999999254,52,100,0,174.776509503674,168.93603326019593,0.035364860676328234,0.0,7.202,True,True,False,False,1286.51999999998,0.0,105.38846362485687,213.6097884395154,0.0,4254.766748236996,5860.285000301348
2025-04-20T16:45:00Z,2025-04-20T17:00:00Z,2025-04-20,2025-04-20_19,47.999999999999254,52,100,0,168.93603326019593,163.84066066889176,0.035275172753622956,0.0,7.947,True,True,False,False,1286.51999999998,0.0,105.38846362485687,213.6097884395154,0.0,3327.0664028690253,4932.584654933377
2025-04-20T17:00:00Z,2025-04-20T17:15:00Z,2025-04-20,2025-04-20_20,0.0,100,100,0,163.84066066889176,186.66172066889175,0.06339183333333333,0.0,24.8055,True,True,False,False,0.0,0.0,202.67012235549396,213.6097884395154,0.0,31723.908595021396,32140.188505816404
2025-04-20T17:15:00Z,2025-04-20T17:30:00Z,2025-04-20,2025-04-20_20,0.0,100,100,0,186.66172066889175,189.66230066889176,0.008334944444444443,0.0,3.2615,True,True,False,False,0.0,0.0,202.67012235549396,213.6097884395154,0.0,1499.2153490848455,1915.4952598798548
2025-04-20T17:30:00Z,2025-04-20T17:45:00Z,2025-04-20,2025-04-20_20,0.0,100,100,0,189.66230066889176,189.72077999999544,0.0004968907469342252,0.05538461538461538,0.129,True,True,False,False,0.0,0.0,202.67012235549396,213.6097884395154,8.76100202612167,-6.993752636971854,418.04716018415917
2025-04-20T17:45:00Z,2025-04-20T18:00:00Z,2025-04-20,2025-04-20_20,0.0,100,100,0,189.72077999999544,189.93589743589288,0.0009536737891737892,0.05897435897435898,0.3035,True,True,False,False,0.0,0.0,202.67012235549396,213.6097884395154,10.133392782720733,-7.715520864725856,418.69778271300424
2025-04-20T18:00:00Z,2025-04-20T18:15:00Z,2025-04-20,2025-04-20_21,100.0,0,100,0,189.93589743589288,172.13535395763202,0.04944595410628019,0.0,8.6235,True,True,False,False,3485.25,0.0,0.0,213.6097884395154,0.0,4477.036781990237,8175.8965704297525
2025-04-20T18:15:00Z,2025-04-20T18:30:00Z,2025-04-20,2025-04-20_21,100.0,0,100,0,172.13535395763202,145.3304626532842,0.07445803140096617,0.0,0.3395,True,True,False,False,3485.25,0.0,0.0,213.6097884395154,0.0,-15.652073413296367,3683.207715026219
2025-04-20T18:30:00Z,2025-04-20T18:45:00Z,2025-04-20,2025-04-20_21,100.0,0,100,0,145.3304626532842,118.57068004458856,0.07433272946859903,0.0,0.381,True,True,False,False,3485.25,0.0,0.0,213.6097884395154,0.0,-18.76317642095112,3680.0966120185644
2025-04-20T18:45:00Z,2025-04-20T19:00:00Z,2025-04-20,2025-04-20_21,100.0,0,100,0,118.57068004458856,91.73807134893637,0.07453502415458936,0.0,0.314,True,True,False,False,3485.25,0.0,0.0,213.6097884395154,0.0,-18.516051272778416,3680.343737166737
2025-04-20T19:00:00Z,2025-04-20T19:15:00Z,2025-04-20,2025-04-20_22,67.70395139500017,32,100,0,91.73807134893637,73.17034542638199,0.051577016451539975,0.15632,0.0,True,True,False,False,2208.841414261881,0.0,62.08667349767946,213.97143029353265,27.676802571675402,0.0,2512.5763206247684
2025-04-20T19:15:00Z,2025-04-20T19:30:00Z,2025-04-20,2025-04-20_22,67.70395139500017,32,100,0,73.17034542638199,54.803424432239595,0.05108442711741252,0.00912,0.0395,True,True,False,False,2208.841414261881,0.0,62.08667349767946,213.97143029353265,1.3632451329033815,-3.095051533964198,2483.1677116520323
2025-04-20T19:30:00Z,2025-04-20T19:45:00Z,2025-04-20,2025-04-20_22,67.70395139500017,32,100,0,54.803424432239595,36.436534764392825,0.05107938803913859,0.00624,0.0365,True,True,False,False,2208.841414261881,0.0,62.08667349767946,213.97143029353265,0.932746669881261,-2.8599843288529927,2482.9722803941213
2025-04-20T19:45:00Z,2025-04-20T20:00:00Z,2025-04-20,2025-04-20_22,67.70395139500017,32,100,0,36.436534764392825,18.069966817386657,0.05108262108745865,0.00832,0.039,True,True,False,False,2208.841414261881,0.0,62.08667349767946,213.97143029353265,1.3538583890864526,-3.0558736664456636,2483.1975027757335
2025-04-20T20:00:00Z,2025-04-20T20:15:00Z,2025-04-20,2025-04-20_23,7.999999999999945,92,100,0,18.069966817386657,14.15385384347363,0.010892198260869523,1.6054,0.003,True,True,False,False,243.03999999999832,0.0,178.49918630582846,213.97143029353265,329.0790999136078,-0.2350672051112049,964.354649307856
2025-04-20T20:15:00Z,2025-04-20T20:30:00Z,2025-04-20,2025-04-20_23,7.999999999999945,92,100,0,14.15385384347363,12.091310991299732,0.006444023478260829,0.028059999999999998,0.152,True,True,False,False,243.03999999999832,0.0,178.49918630582846,213.97143029353265,4.337621722620698,-10.081784099813152,629.766454222167
2025-04-20T20:30:00Z,2025-04-20T20:45:00Z,2025-04-20,2025-04-20_23,7.999999999999945,92,100,0,12.091310991299732,9.9999999999954,0.0062253438647342585,0.0,0.0885,True,True,False,False,243.03999999999832,0.0,178.49918630582846,213.97143029353265,0.0,-6.934482550780544,628.5761340485789
2025-04-20T20:45:00Z,2025-04-20T21:00:00Z,2025-04-20,2025-04-20_23,7.999999999999945,92,100,0,9.9999999999954,10.024644347821502,0.011569543478260835,0.10258,2.475,True,True,False,False,243.03999999999832,0.0,178.49918630582846,213.97143029353265,17.465000855885723,617.7748779458743,1270.7504954011195
2025-04-20T21:00:00Z,2025-04-20T21:15:00Z,2025-04-21,2025-04-20_24,0.0,100,100,0,10.024644347821502,11.183048979676428,0.003326486296215377,0.018,1.2804020100502513,True,True,False,False,0.0,0.0,176.81272979326144,213.97143029353265,2.7373286721716594,-21.159445187684756,372.362043571281
2025-04-20T21:15:00Z,2025-04-20T21:30:00Z,2025-04-21,2025-04-20_24,0.0,100,100,0,11.183048979676428,13.707707708101161,0.007031056854319909,0.003,2.7477386934673365,True,True,False,False,0.0,0.0,176.81272979326144,213.97143029353265,0.4484358989813755,-4.424161270055499,386.80843471571995
2025-04-20T21:30:00Z,2025-04-20T21:45:00Z,2025-04-21,2025-04-20_24,0.0,100,100,0,13.707707708101161,14.865798160362468,0.0032169179229480736,0.0,1.258793969849246,True,True,False,False,0.0,0.0,176.81272979326144,213.97143029353265,0.0,-26.753260304294056,364.03089978250006
2025-04-20T21:45:00Z,2025-04-20T22:00:00Z,2025-04-21,2025-04-20_24,0.0,100,100,0,14.865798160362468,20.06911474327704,0.014453657174762704,0.0,5.655778894472363,True,True,False,False,0.0,0.0,176.81272979326144,213.97143029353265,0.0,-10.497274712622444,380.2868853741716
2025-04-20T22:00:00Z,2025-04-20T22:15:00Z,2025-04-21,2025-04-21_1,58.99999999999973,41,100,0,20.06911474327704,18.97627585317442,0.033773988541742545,0.0,14.668341708542714,True,True,False,False,1582.5274999999929,0.0,72.49321921523718,213.97143029353265,0.0,2504.693096608351,4373.685246117114
2025-04-20T22:15:00Z,2025-04-20T22:30:00Z,2025-04-21,2025-04-21_1,58.99999999999973,41,100,0,18.97627585317442,14.732215219571692,0.036043796567377925,0.0,11.574371859296482,True,True,False,False,1582.5274999999929,0.0,72.49321921523718,213.97143029353265,0.0,765.8042347433227,2634.7963842520853
2025-04-20T22:30:00Z,2025-04-20T22:45:00Z,2025-04-21,2025-04-21_1,58.99999999999973,41,100,0,14.732215219571692,11.88284018789162,0.035039212050591115,0.0,12.943718592964823,True,True,False,False,1582.5274999999929,0.0,72.49321921523718,213.97143029353265,0.0,434.44531863100684,2303.4374681397694
2025-04-20T22:45:00Z,2025-04-20T23:00:00Z,2025-04-21,2025-04-21_1,58.99999999999973,41,100,0,11.88284018789162,10.396930273100342,0.034057115480785584,0.0,14.282412060301509,True,True,False,False,1582.5274999999929,0.0,72.49321921523718,213.97143029353265,0.0,2966.7921149960525,4835.784264504815
2025-04-20T23:00:00Z,2025-04-20T23:15:00Z,2025-04-21,2025-04-21_2,-7.843967021808172e-16,100,100,0,10.396930273100342,11.914699117321447,0.004216024567280849,0.0,1.6497487437185927,True,True,False,False,-1.9527555900791443e-14,0.0,176.81272979326144,213.97143029353265,0.0,-27.17164984305127,363.6125102437428
2025-04-20T23:15:00Z,2025-04-20T23:30:00Z,2025-04-21,2025-04-21_2,-7.843967021808172e-16,100,100,0,11.914699117321447,11.940588564557629,7.191513121161413e-05,0.0,0.02814070351758794,True,True,False,False,-1.9527555900791443e-14,0.0,176.81272979326144,213.97143029353265,0.0,-2.2049855085808168,388.57917457821327
2025-04-20T23:30:00Z,2025-04-20T23:45:00Z,2025-04-21,2025-04-21_2,-7.843967021808172e-16,100,100,0,11.940588564557629,11.97479961983401,9.503070910106136e-05,0.0,0.0371859296482412,True,True,False,False,-1.9527555900791443e-14,0.0,176.81272979326144,213.97143029353265,0.0,-2.91373085062465,387.8704292361694
2025-04-20T23:45:00Z,2025-04-21T00:00:00Z,2025-04-21,2025-04-21_2,-7.843967021808172e-16,100,100,0,11.97479961983401,12.005156949962917,0.0001416930667831918,0.0095,0.04422110552763819,True,True,False,False,-1.9527555900791443e-14,0.0,176.81272979326144,213.97143029353265,1.246459626705242,-3.5043535843685105,388.5262661291308
2025-04-21T00:00:00Z,2025-04-21T00:15:00Z,2025-04-21,2025-04-21_3,0.0,100,100,0,12.005156949962917,11.999729268075217,6.644484499793653e-05,0.0135,0.010050251256281407,True,True,False,False,0.0,0.0,176.81272979326144,213.97143029353265,2.0649740823337956,-0.7874948244931488,392.0616393446347
2025-04-21T00:15:00Z,2025-04-21T00:30:00Z,2025-04-21,2025-04-21_3,0.0,100,100,0,11.999729268075217,12.127641437618585,0.0004640072342388269,0.018,0.16030150753768843,True,True,False,False,0.0,0.0,176.81272979326144,213.97143029353265,2.6906153938882524,-6.5957662864783,386.87900919420406
2025-04-21T00:30:00Z,2025-04-21T00:45:00Z,2025-04-21,2025-04-21_3,0.0,100,100,0,12.127641437618585,12.348626362241701,0.0006138470128419877,0.0,0.24020100502512562,True,True,False,False,0.0,0.0,176.81272979326144,213.97143029353265,0.0,-14.015368870147858,376.7687912166462
2025-04-21T00:45:00Z,2025-04-21T01:00:00Z,2025-04-21,2025-04-21_3,0.0,100,100,0,12.348626362241701,12.418435407467832,0.0001939140145170296,0.0,0.07587939698492462,True,True,False,False,0.0,0.0,176.81272979326144,213.97143029353265,0.0,-5.9455859249232725,384.83857416187084
2025-04-21T01:00:00Z,2025-04-21T01:15:00Z,2025-04-21,2025-04-21_4,0.0,100,100,0,12.418435407467832,12.508804972685224,0.000260084541062802,0.0015,0.1,True,True,False,False,0.0,0.0,176.81272979326144,213.97143029353265,0.22421794949068774,-7.754806822976313,383.2535712133085
2025-04-21T01:15:00Z,2025-04-21T01:30:00Z,2025-04-21,2025-04-21_4,0.0,100,100,0,12.508804972685224,15.321046178715376,0.007811781127861531,0.0,3.05678391959799,True,True,False,False,0.0,0.0,176.81272979326144,213.97143029353265,0.0,-17.496376968522522,373.2877831182716
2025-04-21T01:30:00Z,2025-04-21T01:45:00Z,2025-04-21,2025-04-21_4,0.0,100,100,0,15.321046178715376,18.1679607515797,0.007908096035734228,0.0,3.0944723618090455,True,True,False,False,0.0,0.0,176.81272979326144,213.97143029353265,0.0,-28.41122656660233,362.37293352019174
2025-04-21T01:45:00Z,2025-04-21T02:00:00Z,2025-04-21,2025-04-21_4,0.0,100,100,0,18.1679607515797,18.248402962634977,0.00022345058626465662,0.0,0.08743718592964823,True,True,False,False,0.0,0.0,176.81272979326144,213.97143029353265,0.0,-6.9531825240360075,383.8309775627581
2025-04-21T02:00:00Z,2025-04-21T02:15:00Z,2025-04-21,2025-04-21_5,0.0,100,100,0,18.248402962634977,18.337117404409064,0.00028266088898599274,0.006,0.10351758793969848,True,True,False,False,0.0,0.0,176.81272979326144,213.97143029353265,0.896871797962751,-8.296963894472867,383.384067990284
2025-04-21T02:15:00Z,2025-04-21T02:30:00Z,2025-04-21,2025-04-21_5,0.0,100,100,0,18.337117404409064,18.33025341052661,9.868697351491759e-05,0.0195,0.015577889447236181,True,True,False,False,0.0,0.0,176.81272979326144,213.97143029353265,3.1028871074679043,-1.2519148491942365,392.63513234506775
2025-04-21T02:30:00Z,2025-04-21T02:45:00Z,2025-04-21,2025-04-21_5,0.0,100,100,0,18.33025341052661,18.312339930080903,0.000203863520501056,0.042,0.030150753768844216,True,True,False,False,0.0,0.0,176.81272979326144,213.97143029353265,6.372130673256586,-2.4230609984404574,394.73322976161023
2025-04-21T02:45:00Z,2025-04-21T03:00:00Z,2025-04-21,2025-04-21_5,0.0,100,100,0,18.312339930080903,18.418936390644593,0.00044102881557546187,0.024,0.1442211055276382,True,True,False,False,0.0,0.0,176.81272979326144,213.97143029353265,3.587487191851004,-11.475216679705765,382.89643059893933
2025-04-21T03:00:00Z,2025-04-21T03:15:00Z,2025-04-21,2025-04-21_6,0.0,100,100,0,18.418936390644593,18.22580087602902,0.0005415986517099265,0.17853107344632768,0.001,True,True,False,False,0.0,0.0,194.02085468024833,213.97143029353265,29.572892343669636,-0.0783557350370683,437.48682158241354
2025-04-21T03:15:00Z,2025-04-21T03:30:00Z,2025-04-21,2025-04-21_6,0.0,100,100,0,18.22580087602902,22.23562087602902,0.01113838888888889,0.0,4.3585,True,True,False,False,0.0,0.0,194.02085468024833,213.97143029353265,0.0,2690.3494285054153,3098.341713479196
2025-04-21T03:30:00Z,2025-04-21T03:45:00Z,2025-04-21,2025-04-21_6,0.0,100,100,0,22.23562087602902,24.70168087602902,0.006850166666666667,0.0,2.6805,True,True,False,False,0.0,0.0,194.02085468024833,213.97143029353265,0.0,1093.6147031523114,1501.6069881260923
2025-04-21T03:45:00Z,2025-04-21T04:00:00Z,2025-04-21,2025-04-21_6,0.0,100,100,0,24.70168087602902,26.94464087602902,0.006230444444444445,0.0,2.438,True,True,False,False,0.0,0.0,194.02085468024833,213.97143029353265,0.0,648.9734305748098,1056.9657155485907
2025-04-21T04:00:00Z,2025-04-21T04:15:00Z,2025-04-21,2025-04-21_7,73.87953099361276,26,100,0,26.94464087602902,16.707440702858555,0.04102615275390757,0.0,9.43,True,True,False,False,1744.1110279317134,0.0,56.88626363691158,203.42354288469653,0.0,8523.812106965624,10528.232941418946
2025-04-21T04:15:00Z,2025-04-21T04:30:00Z,2025-04-21,2025-04-21_7,73.87953099361276,26,100,0,16.707440702858555,13.178438106631564,0.030975950097866894,0.0,15.8595,True,True,False,False,1744.1110279317134,0.0,56.88626363691158,203.42354288469653,0.0,14335.461093363874,16339.881927817196
2025-04-21T04:30:00Z,2025-04-21T04:45:00Z,2025-04-21,2025-04-21_7,73.87953099361276,26,100,0,13.178438106631564,9.999999999999872,0.030450735370060746,0.0,16.1955,True,True,False,False,1744.1110279317134,0.0,56.88626363691158,203.42354288469653,0.0,14639.172744258936,16643.593578712258
2025-04-21T04:45:00Z,2025-04-21T05:00:00Z,2025-04-21,2025-04-21_7,73.87953099361276,26,100,0,9.999999999999872,14.741084983466859,0.0185857282527613,0.0,23.786,True,True,False,False,1744.1110279317134,0.0,56.88626363691158,203.42354288469653,0.0,28383.231228979574,30387.652063432895
2025-04-21T05:00:00Z,2025-04-21T05:15:00Z,2025-04-21,2025-04-21_8,3.86725143114073,96,100,0,14.741084983466859,15.493750791107905,0.009458329616009061,0.34415999999999997,2.3505,True,True,False,False,85.17621277087457,0.0,194.56331746127418,213.97143029353265,58.57309606413116,1108.430309203785,1660.7143657935976
2025-04-21T05:15:00Z,2025-04-21T05:30:00Z,2025-04-21,2025-04-21_8,3.86725143114073,96,100,0,15.493750791107905,15.014832338273468,0.004391409378413851,0.0048000000000000004,0.623,True,True,False,False,85.17621277087457,0.0,194.56331746127418,213.97143029353265,0.5184497619191129,-25.42943483414703,468.7999754534535
2025-04-21T05:30:00Z,2025-04-21T05:45:00Z,2025-04-21,2025-04-21_8,3.86725143114073,96,100,0,15.014832338273468,21.38532961961233,0.0216633782083909,0.0,8.0105,True,True,False,False,85.17621277087457,0.0,194.56331746127418,213.97143029353265,0.0,2640.093292949993,3133.8042534756746
2025-04-21T05:45:00Z,2025-04-21T06:00:00Z,2025-04-21,2025-04-21_8,3.86725143114073,96,100,0,21.38532961961233,32.93657236739089,0.03474843989035265,0.0,13.602499999999997,True,True,False,False,85.17621277087457,0.0,194.56331746127418,213.97143029353265,0.0,10783.47595533723,11277.18691586291
2025-04-21T06:00:00Z,2025-04-21T06:15:00Z,2025-04-21,2025-04-21_9,0.0,100,100,0,32.93657236739089,24.427060193477843,0.02481053381642512,8.023,0.2295,True,True,False,False,0.0,0.0,202.67012235549396,213.97143029353265,6603.191903843449,-10.247523356036407,7009.585933136439
2025-04-21T06:15:00Z,2025-04-21T06:30:00Z,2025-04-21,2025-04-21_9,0.0,100,100,0,24.427060193477843,24.14998019347784,0.0009664444444444443,0.2875,0.0385,True,True,False,False,0.0,0.0,202.67012235549396,213.97143029353265,46.36846533261005,-3.0166957989271297,459.9933221827095
2025-04-21T06:30:00Z,2025-04-21T06:45:00Z,2025-04-21,2025-04-21_9,0.0,100,100,0,24.14998019347784,24.25080714999958,0.00034348067632850244,0.0105,0.122,True,True,False,False,0.0,0.0,202.67012235549396,213.97143029353265,1.2585127478753544,-8.494556084624195,409.4055093122778
2025-04-21T06:45:00Z,2025-04-21T07:00:00Z,2025-04-21,2025-04-21_9,0.0,100,100,0,24.25080714999958,29.51044714999958,0.014610111111111112,0.0,5.717,True,True,False,False,0.0,0.0,202.67012235549396,213.97143029353265,0.0,-23.667206115765577,392.97434653326104
2025-04-21T07:00:00Z,2025-04-21T07:15:00Z,2025-04-21,2025-04-21_10,-0.9972748049645543,100,99,0,29.51044714999958,10.061453669121537,0.05483915605788695,18.2095,0.091575,True,True,False,False,-5.29054284033696,0.0,194.02085468024833,211.83171599059733,20103.986043638117,-3.7344046923030567,20500.81366677632
2025-04-21T07:15:00Z,2025-04-21T07:30:00Z,2025-04-21,2025-04-21_10,-0.9972748049645543,100,99,0,10.061453669121537,10.483684566085712,0.012992210686650792,1.9769999999999999,2.541825,True,True,False,False,-5.29054284033696,0.0,194.02085468024833,211.83171599059733,235.4930998734254,-2.034563076366705,634.0205646275674
2025-04-21T07:30:00Z,2025-04-21T07:45:00Z,2025-04-21,2025-04-21_10,-0.9972748049645543,100,99,0,10.483684566085712,13.76924717122756,0.009126562792060687,0.0,3.3219450000000004,True,True,False,False,-5.29054284033696,0.0,194.02085468024833,211.83171599059733,0.0,-36.445753845458384,364.1162739850503
2025-04-21T07:45:00Z,2025-04-21T08:00:00Z,2025-04-21,2025-04-21_10,-0.9972748049645543,100,99,0,13.76924717122756,14.876630434782566,0.003856249140186135,0.1305,1.108305,True,True,False,False,-5.29054284033696,0.0,194.02085468024833,211.83171599059733,14.568082092700864,-27.09360715146767,388.0365027717419
2025-04-21T08:00:00Z,2025-04-21T08:15:00Z,2025-04-21,2025-04-21_11,0.0,100,100,0,14.876630434782566,9.999999999999957,0.013546195652173913,4.4865,0.0,True,True,False,False,0.0,0.0,194.02085468024833,213.97143029353265,409.64675426436025,0.0,817.6390392381412
2025-04-21T08:15:00Z,2025-04-21T08:30:00Z,2025-04-21,2025-04-21_11,0.0,100,100,0,9.999999999999957,11.277738260869523,0.0048355048309178745,0.213,1.6404999999999998,True,True,False,False,0.0,0.0,194.02085468024833,213.97143029353265,19.44829124223977,-4.595891748538365,422.8446844674824
2025-04-21T08:30:00Z,2025-04-21T08:45:00Z,2025-04-21,2025-04-21_11,0.0,100,100,0,11.277738260869523,21.498478260869526,0.028390944444444448,0.0,11.1095,True,True,False,False,0.0,0.0,194.02085468024833,213.97143029353265,0.0,1401.183539167822,1809.1758241416028
2025-04-21T08:45:00Z,2025-04-21T09:00:00Z,2025-04-21,2025-04-21_11,0.0,100,100,0,21.498478260869526,31.861818260869526,0.02878705555555556,0.0,11.2645,True,True,False,False,0.0,0.0,194.02085468024833,213.97143029353265,0.0,2120.6264848411793,2528.61876981496
2025-04-21T09:00:00Z,2025-04-21T09:15:00Z,2025-04-21,2025-04-21_12,0.0,100,100,0,31.861818260869526,15.658633043478222,0.045655403381642506,15.014,0.1265,True,True,False,False,0.0,0.0,194.02085468024833,213.97143029353265,15952.241520101259,-5.321168505012759,16354.912636570027
2025-04-21T09:15:00Z,2025-04-21T09:30:00Z,2025-04-21,2025-04-21_12,0.0,100,100,0,15.658633043478222,13.47937043478257,0.006084173913043478,2.01,0.006,True,True,False,False,0.0,0.0,194.02085468024833,213.97143029353265,182.08848170694952,-0.4701344102224098,589.6106322705081
2025-04-21T09:30:00Z,2025-04-21T09:45:00Z,2025-04-21,2025-04-21_12,0.0,100,100,0,13.47937043478257,17.148499130434743,0.010219198067632851,0.0045,3.9935,True,True,False,False,0.0,0.0,194.02085468024833,213.97143029353265,0.4076607799409318,-13.912621300705204,394.4873244530167
2025-04-21T09:45:00Z,2025-04-21T10:00:00Z,2025-04-21,2025-04-21_12,0.0,100,100,0,17.148499130434743,26.85311913043474,0.026957277777777778,0.0,10.5485,True,True,False,False,0.0,0.0,194.02085468024833,213.97143029353265,0.0,3134.038125188355,3542.030410162136
2025-04-21T10:00:00Z,2025-04-21T10:15:00Z,2025-04-21,2025-04-21_13,0.0,100,100,0,26.85311913043474,49.78871913043474,0.06371,0.0,24.93,True,True,False,False,0.0,0.0,194.02085468024833,214.36320896871797,0.0,22534.319811946236,22942.7038755952
2025-04-21T10:15:00Z,2025-04-21T10:30:00Z,2025-04-21,2025-04-21_13,0.0,100,100,0,49.78871913043474,65.80269913043475,0.04448327777777778,0.0,17.4065,True,True,False,False,0.0,0.0,194.02085468024833,214.36320896871797,0.0,14406.624908384067,14815.008972033032
2025-04-21T10:30:00Z,2025-04-21T10:45:00Z,2025-04-21,2025-04-21_13,0.0,100,100,0,65.80269913043475,75.27271913043475,0.02630561111111111,0.0,10.2935,True,True,False,False,0.0,0.0,194.02085468024833,214.36320896871797,0.0,211.08158459405703,619.4656482430233
2025-04-21T10:45:00Z,2025-04-21T11:00:00Z,2025-04-21,2025-04-21_13,0.0,100,100,0,75.27271913043475,85.06335913043475,0.027196222222222222,0.0,10.642,True,True,False,False,0.0,0.0,194.02085468024833,214.36320896871797,0.0,224.18693387981435,632.5709975287807
2025-04-21T11:00:00Z,2025-04-21T11:15:00Z,2025-04-21,2025-04-21_14,0.0,100,100,0,85.06335913043475,104.29181913043475,0.05341238888888889,0.0,20.9005,True,True,False,False,0.0,0.0,194.02085468024833,214.36320896871797,0.0,19684.770576718303,20093.15464036727
2025-04-21T11:15:00Z,2025-04-21T11:30:00Z,2025-04-21,2025-04-21_14,0.0,100,100,0,104.29181913043475,120.21011913043475,0.04421749999999999,0.0,17.3025,True,True,False,False,0.0,0.0,194.02085468024833,214.36320896871797,0.0,15639.794165511421,16048.178229160387
2025-04-21T11:30:00Z,2025-04-21T11:45:00Z,2025-04-21,2025-04-21_14,0.0,100,100,0,120.21011913043475,135.84137913043475,0.04342016666666667,0.0,16.9905,True,True,False,False,0.0,0.0,194.02085468024833,214.36320896871797,0.0,12756.74444759207,13165.128511241035
2025-04-21T11:45:00Z,2025-04-21T12:00:00Z,2025-04-21,2025-04-21_14,0.0,100,100,0,135.84137913043475,145.94251913043473,0.028058722222222224,0.0,10.9795,True,True,False,False,0.0,0.0,194.02085468024833,214.36320896871797,0.0,1060.9590138227554,1469.3430774717217
2025-04-21T12:00:00Z,2025-04-21T12:15:00Z,2025-04-21,2025-04-21_15,-44.742512816705826,100,55,0,145.94251913043473,160.41589307827707,0.04020381652178428,0.0,4.5463,True,True,False,False,51.56574602125347,0.0,194.02085468024833,117.68428666144295,0.0,-0.0,363.27088736294473
2025-04-21T12:15:00Z,2025-04-21T12:30:00Z,2025-04-21,2025-04-21_15,-44.742512816705826,100,55,0,160.41589307827707,171.17042002611942,0.029873685966228726,0.0,0.5040749999999999,True,True,False,False,51.56574602125347,0.0,194.02085468024833,117.68428666144295,0.0,-22.106463172804535,341.1644241901402
2025-04-21T12:30:00Z,2025-04-21T12:45:00Z,2025-04-21,2025-04-21_15,-44.742512816705826,100,55,0,171.17042002611942,180.7510883739784,0.029110566011969152,0.7485,0.051699999999999996,True,True,False,False,51.56574602125347,0.0,194.02085468024833,117.68428666144295,67.6809541317582,-3.072448536355052,427.8793929583479
2025-04-21T12:45:00Z,2025-04-21T13:00:00Z,2025-04-21,2025-04-21_15,-44.742512816705826,100,55,0,180.7510883739784,190.0000000000001,0.029150019339521906,1.0365,0.007975,True,True,False,False,51.56574602125347,0.0,194.02085468024833,117.68428666144295,93.7227319028389,-0.6248869869206196,456.36873227886304
2025-04-21T13:00:00Z,2025-04-21T13:15:00Z,2025-04-21,2025-04-21_16,5.855395199999976,0,0,0,190.0000000000001,188.40886000000012,0.0044198333333333156,0.0,0.0,True,False,False,False,13.672347791999945,0.0,0.0,0.0,0.0,0.0,13.672347791999945
2025-04-21T13:15:00Z,2025-04-21T13:30:00Z,2025-04-21,2025-04-21_16,5.855395199999976,0,0,0,188.40886000000012,186.81772000000012,0.0044198333333333156,0.0,0.0,True,False,False,False,13.672347791999945,0.0,0.0,0.0,0.0,0.0,13.672347791999945
2025-04-21T13:30:00Z,2025-04-21T13:45:00Z,2025-04-21,2025-04-21_16,5.855395199999976,0,0,0,186.81772000000012,185.22658000000013,0.0044198333333333156,0.0,0.0,True,False,False,False,13.672347791999945,0.0,0.0,0.0,0.0,0.0,13.672347791999945
2025-04-21T13:45:00Z,2025-04-21T14:00:00Z,2025-04-21,2025-04-21_16,5.855395199999976,0,0,0,185.22658000000013,183.63544000000013,0.0044198333333333156,0.0,0.0,True,False,False,False,13.672347791999945,0.0,0.0,0.0,0.0,0.0,13.672347791999945
2025-04-21T14:00:00Z,2025-04-21T14:15:00Z,2025-04-21,2025-04-21_17,0.0,100,100,0,183.63544000000013,189.94894000000014,0.017537499999999998,0.0,6.862499999999999,True,True,False,False,0.0,0.0,194.02085468024833,213.97143029353265,0.0,1563.0707687903082,1971.063053764089
2025-04-21T14:15:00Z,2025-04-21T14:30:00Z,2025-04-21,2025-04-21_17,0.0,100,100,0,189.94894000000014,187.5902173913045,0.006835673913043477,2.217,0.05550000000000001,True,True,False,False,0.0,0.0,194.02085468024833,213.97143029353265,299.43686697607137,-4.348743294557291,703.0804086552951
2025-04-21T14:30:00Z,2025-04-21T14:45:00Z,2025-04-21,2025-04-21_17,0.0,100,100,0,187.5902173913045,182.34945652173928,0.014557669082125605,4.8215,0.0,True,True,False,False,0.0,0.0,194.02085468024833,213.97143029353265,653.8226397846223,0.0,1061.8149247584033
2025-04-21T14:45:00Z,2025-04-21T15:00:00Z,2025-04-21,2025-04-21_17,0.0,100,100,0,182.34945652173928,167.29673913043493,0.041813103864734295,13.8485,0.0,True,True,False,False,0.0,0.0,194.02085468024833,213.97143029353265,8669.253373415306,0.0,9077.245658389087
2025-04-21T15:00:00Z,2025-04-21T15:15:00Z,2025-04-21,2025-04-21_18,16.9930972694436,83,100,0,167.29673913043493,181.27594656380296,0.04513367062871141,0.15853,19.791,True,True,False,False,339.86194538887196,0.0,161.03730938460612,213.97143029353265,26.869072069194143,22989.982360315837,23731.722117452042
2025-04-21T15:15:00Z,2025-04-21T15:30:00Z,2025-04-21,2025-04-21_18,16.9930972694436,83,100,0,181.27594656380296,184.96978126978567,0.02692127558827847,0.0,8.764,True,True,False,False,339.86194538887196,0.0,161.03730938460612,213.97143029353265,0.0,682.0981423663432,1396.968827433354
2025-04-21T15:30:00Z,2025-04-21T15:45:00Z,2025-04-21,2025-04-21_18,16.9930972694436,83,100,0,184.96978126978567,181.92354268080808,0.015491720680413821,0.0,1.657,True,True,False,False,339.86194538887196,0.0,161.03730938460612,213.97143029353265,0.0,-26.858960279669706,688.011724787341
2025-04-21T15:45:00Z,2025-04-21T16:00:00Z,2025-04-21,2025-04-21_18,16.9930972694436,83,100,0,181.92354268080808,177.78594774601336,0.013701579565627247,0.01245,0.5205,True,True,False,False,339.86194538887196,0.0,161.03730938460612,213.97143029353265,1.8610089807727082,-20.519138388282805,696.2125556595006
2025-04-21T16:00:00Z,2025-04-21T16:15:00Z,2025-04-21,2025-04-21_19,18.889770220469362,81,100,0,177.78594774601336,187.39645895635334,0.03753866102091245,0.0,15.4945,True,True,False,False,474.3693546615369,0.0,164.16279910795012,213.97143029353265,0.0,12250.137299037631,13102.64088310065
2025-04-21T16:15:00Z,2025-04-21T16:30:00Z,2025-04-21,2025-04-21_19,18.889770220469362,81,100,0,187.39645895635334,185.5832842694297,0.01950071326171675,0.0,3.489,True,True,False,False,474.3693546615369,0.0,164.16279910795012,213.97143029353265,0.0,-22.931940208546802,829.5716438544729
2025-04-21T16:30:00Z,2025-04-21T16:45:00Z,2025-04-21,2025-04-21_19,18.889770220469362,81,100,0,185.5832842694297,180.56437906000545,0.014438879435492907,0.0,0.12,True,True,False,False,474.3693546615369,0.0,164.16279910795012,213.97143029353265,0.0,-9.402688204448195,843.1008958585714
2025-04-21T16:45:00Z,2025-04-21T17:00:00Z,2025-04-21,2025-04-21_19,18.889770220469362,81,100,0,180.56437906000545,175.27727694945077,0.01497244349522989,0.202095,0.069,True,True,False,False,474.3693546615369,0.0,164.16279910795012,213.97143029353265,34.83547241878127,-4.000164547043578,883.3388919347574
2025-04-21T17:00:00Z,2025-04-21T17:15:00Z,2025-04-21,2025-04-21_20,13.712971738666893,86,100,0,175.27727694945077,182.04770118840517,0.030290105711223758,0.0,11.1325,True,True,False,False,415.26306667618013,0.0,174.2963052257248,213.97143029353265,0.0,8955.295863219015,9758.826665414452
2025-04-21T17:15:00Z,2025-04-21T17:30:00Z,2025-04-21,2025-04-21_20,13.712971738666893,86,100,0,182.04770118840517,187.7667978361438,0.028293058265130042,0.0,10.0175,True,True,False,False,415.26306667618013,0.0,174.2963052257248,213.97143029353265,0.0,6915.367674743335,7718.898476938773
2025-04-21T17:30:00Z,2025-04-21T17:45:00Z,2025-04-21,2025-04-21_20,13.712971738666893,86,100,0,187.7667978361438,186.56269014441892,0.015142097840965818,0.0,2.675,True,True,False,False,415.26306667618013,0.0,174.2963052257248,213.97143029353265,0.0,-24.94312679565226,778.5876753997853
2025-04-21T17:45:00Z,2025-04-21T18:00:00Z,2025-04-21,2025-04-21_20,13.712971738666893,86,100,0,186.56269014441892,183.01643201629943,0.010693070167336408,0.0,0.191,True,True,False,False,415.26306667618013,0.0,174.2963052257248,213.97143029353265,0.0,-14.744948265123663,788.7858539303139
2025-04-21T18:00:00Z,2025-04-21T18:15:00Z,2025-04-21,2025-04-21_21,100.00000000000041,0,100,0,183.01643201629943,167.82675810325583,0.04219353864734331,0.0,11.0255,True,True,False,False,3480.750000000014,0.0,0.0,213.97143029353265,0.0,9586.536350129589,13281.257780423135
2025-04-21T18:15:00Z,2025-04-21T18:30:00Z,2025-04-21,2025-04-21_21,100.00000000000041,0,100,0,167.82675810325583,148.9148015815166,0.05253321256038678,0.0,7.600999999999999,True,True,False,False,3480.750000000014,0.0,0.0,213.97143029353265,0.0,939.1991256303619,4633.920555923909
2025-04-21T18:30:00Z,2025-04-21T18:45:00Z,2025-04-21,2025-04-21_21,100.00000000000041,0,100,0,148.9148015815166,122.76317114673388,0.07264341787439645,0.0,0.9405,True,True,False,False,3480.750000000014,0.0,0.0,213.97143029353265,0.0,-28.023207763245136,3666.698222530302
2025-04-21T18:45:00Z,2025-04-21T19:00:00Z,2025-04-21,2025-04-21_21,100.00000000000041,0,100,0,122.76317114673388,96.12132332064681,0.07400513285024185,0.0,0.4895,True,True,False,False,3480.750000000014,0.0,0.0,213.97143029353265,0.0,-28.892134390131197,3665.8292959034156
2025-04-21T19:00:00Z,2025-04-21T19:15:00Z,2025-04-21,2025-04-21_22,84.0,16,100,0,96.12132332064681,73.09880158151637,0.06395144927536232,0.18072,0.0,True,True,False,False,2774.1,0.0,31.04333674883973,213.97143029353265,36.48530311614731,0.0,3055.6000701585194
2025-04-21T19:15:00Z,2025-04-21T19:30:00Z,2025-04-21,2025-04-21_22,84.0,16,100,0,73.09880158151637,50.24862140760332,0.0634809004830918,0.031920000000000004,0.01,True,True,False,False,2774.1,0.0,31.04333674883973,213.97143029353265,5.207642215659093,-0.783557350370683,3023.5388519076605
2025-04-21T19:30:00Z,2025-04-21T19:45:00Z,2025-04-21,2025-04-21_22,84.0,16,100,0,50.24862140760332,27.460548190212013,0.06333904782608696,0.011359999999999999,0.0475,True,True,False,False,2774.1,0.0,31.04333674883973,213.97143029353265,1.7607623410282685,-3.721897414260744,3017.15363196914
2025-04-21T19:45:00Z,2025-04-21T20:00:00Z,2025-04-21,2025-04-21_22,84.0,16,100,0,27.460548190212013,17.06793650325549,0.03845844579710145,0.0,11.727,True,True,False,False,2774.1,0.0,31.04333674883973,213.97143029353265,0.0,7428.087204508468,10447.20197155084
2025-04-21T20:00:00Z,2025-04-21T20:15:00Z,2025-04-21,2025-04-21_23,10.94553244372964,89,100,0,17.06793650325549,15.025146285577563,0.013093643912848854,0.55002,1.63,True,True,False,False,335.94575452917195,0.0,172.678560665421,213.97143029353265,111.14751294075101,523.3088260703594,1357.052084499236
2025-04-21T20:15:00Z,2025-04-21T20:30:00Z,2025-04-21,2025-04-21_23,10.94553244372964,89,100,0,15.025146285577563,12.467661357064914,0.009161480900790662,0.0066749999999999995,0.45199999999999996,True,True,False,False,335.94575452917195,0.0,172.678560665421,213.97143029353265,0.9977698752335603,-22.317301348120466,701.2762140152387
2025-04-21T20:30:00Z,2025-04-21T20:45:00Z,2025-04-21,2025-04-21_23,10.94553244372964,89,100,0,12.467661357064914,9.999999999997215,0.00931251818529667,0.0,0.54,True,True,False,False,335.94575452917195,0.0,172.678560665421,213.97143029353265,0.0,-32.10576818757158,690.4899773005541
2025-04-21T20:45:00Z,2025-04-21T21:00:00Z,2025-04-21,2025-04-21_23,10.94553244372964,89,100,0,9.999999999997215,9.999999999997218,0.014428802732283707,0.0,3.17,True,True,False,False,335.94575452917195,0.0,172.678560665421,213.97143029353265,0.0,1887.8992224700137,2610.494967958139
2025-04-21T21:00:00Z,2025-04-21T21:15:00Z,2025-04-22,2025-04-21_24,2.1933689100556755e-14,100,100,0,9.999999999997218,14.049379999997212,0.01124827777777779,0.0,4.4015,True,True,False,False,5.839844723023236e-13,0.0,176.5113615815804,212.64541016213613,0.0,539.2498525304885,928.4066242742056
2025-04-21T21:15:00Z,2025-04-21T21:30:00Z,2025-04-22,2025-04-21_24,2.1933689100556755e-14,100,100,0,14.049379999997212,26.582999999997206,0.03481561111111111,0.0,13.6235,True,True,False,False,5.839844723023236e-13,0.0,176.5113615815804,212.64541016213613,0.0,10701.595505997228,11090.752277740945
2025-04-21T21:30:00Z,2025-04-21T21:45:00Z,2025-04-22,2025-04-21_24,2.1933689100556755e-14,100,100,0,26.582999999997206,46.7443399999972,0.05600372222222221,0.0,21.9145,True,True,False,False,5.839844723023236e-13,0.0,176.5113615815804,212.64541016213613,0.0,22782.045271532763,23171.20204327648
2025-04-21T21:45:00Z,2025-04-21T22:00:00Z,2025-04-22,2025-04-21_24,2.1933689100556755e-14,100,100,0,46.7443399999972,69.0009799999972,0.06182399999999998,0.0,24.192,True,True,False,False,5.839844723023236e-13,0.0,176.5113615815804,212.64541016213613,0.0,25790.169995780845,26179.326767524562
2025-04-21T22:00:00Z,2025-04-21T22:15:00Z,2025-04-22,2025-04-22_1,-0.8352142010144061,0,0,0,69.0009799999972,69.19307926623051,0.000533609072870315,0.0,0.0,True,False,False,False,-20.31658543967543,0.0,0.0,0.0,0.0,0.0,-20.31658543967543
2025-04-21T22:15:00Z,2025-04-21T22:30:00Z,2025-04-22,2025-04-22_1,-0.8352142010144061,0,0,0,69.19307926623051,69.38517853246383,0.000533609072870315,0.0,0.0,True,False,False,False,-20.31658543967543,0.0,0.0,0.0,0.0,0.0,-20.31658543967543
2025-04-21T22:30:00Z,2025-04-21T22:45:00Z,2025-04-22,2025-04-22_1,-0.8352142010144061,0,0,0,69.38517853246383,69.57727779869714,0.000533609072870315,0.0,0.0,True,False,False,False,-20.31658543967543,0.0,0.0,0.0,0.0,0.0,-20.31658543967543
2025-04-21T22:45:00Z,2025-04-21T23:00:00Z,2025-04-22,2025-04-22_1,-0.8352142010144061,0,0,0,69.57727779869714,69.76937706493045,0.000533609072870315,0.0,0.0,True,False,False,False,-20.31658543967543,0.0,0.0,0.0,0.0,0.0,-20.31658543967543
2025-04-21T23:00:00Z,2025-04-21T23:15:00Z,2025-04-22,2025-04-22_2,0.0,100,100,0,69.76937706493045,76.65603706493046,0.01912961111111111,0.0,7.4855,True,True,False,False,0.0,0.0,176.30040383340366,212.28376830811888,0.0,2588.05376137665,2976.6379335181728
2025-04-21T23:15:00Z,2025-04-21T23:30:00Z,2025-04-22,2025-04-22_2,0.0,100,100,0,76.65603706493046,79.75873706493046,0.00861861111111111,0.0,3.3724999999999996,True,True,False,False,0.0,0.0,176.30040383340366,212.28376830811888,0.0,-24.81080756635123,363.7733645751713
2025-04-21T23:30:00Z,2025-04-21T23:45:00Z,2025-04-22,2025-04-22_2,0.0,100,100,0,79.75873706493046,84.65313706493046,0.013595555555555555,0.0,5.32,True,True,False,False,0.0,0.0,176.30040383340366,212.28376830811888,0.0,-24.96839652020172,363.61577562132084
2025-04-21T23:45:00Z,2025-04-22T00:00:00Z,2025-04-22,2025-04-22_2,0.0,100,100,0,84.65313706493046,92.34571706493045,0.021368277777777778,0.0,8.3615,True,True,False,False,0.0,0.0,176.30040383340366,212.28376830811888,0.0,-4.819710184236434,383.76446195728613
2025-04-22T00:00:00Z,2025-04-22T00:15:00Z,2025-04-22,2025-04-22_3,0.0,100,100,0,92.34571706493045,100.89619706493045,0.023751333333333333,0.0,9.294,True,True,False,False,0.0,0.0,176.30040383340366,212.28376830811888,0.0,-1.7365680188053767,386.84760412271714
2025-04-22T00:15:00Z,2025-04-22T00:30:00Z,2025-04-22,2025-04-22_3,0.0,100,100,0,100.89619706493045,102.83601706493045,0.005388388888888889,0.0,2.1085,True,True,False,False,0.0,0.0,176.30040383340366,212.28376830811888,0.0,-34.67822283165572,353.90594930986686
2025-04-22T00:30:00Z,2025-04-22T00:45:00Z,2025-04-22,2025-04-22_3,0.0,100,100,0,102.83601706493045,103.21271793449567,0.001097719806763285,0.0085,0.4195,True,True,False,False,0.0,0.0,176.30040383340366,212.28376830811888,1.1954272396680934,-19.948184557892834,369.8314148232978
2025-04-22T00:45:00Z,2025-04-22T01:00:00Z,2025-04-22,2025-04-22_3,0.0,100,100,0,103.21271793449567,106.31725793449567,0.008623722222222222,0.0,3.3745,True,True,False,False,0.0,0.0,176.30040383340366,212.28376830811888,0.0,-14.70330932433247,373.88086281719006
2025-04-22T01:00:00Z,2025-04-22T01:15:00Z,2025-04-22,2025-04-22_4,0.0,100,100,0,106.31725793449567,107.55281793449568,0.003432111111111111,0.0,1.343,True,True,False,False,0.0,0.0,176.30040383340366,212.28376830811888,0.0,-43.77317099632331,344.8110011451992
2025-04-22T01:15:00Z,2025-04-22T01:30:00Z,2025-04-22,2025-04-22_4,0.0,100,100,0,107.55281793449568,112.70527793449568,0.01431238888888889,0.0,5.6005,True,True,False,False,0.0,0.0,176.30040383340366,212.28376830811888,0.0,-12.854381291061419,375.72979085046114
2025-04-22T01:30:00Z,2025-04-22T01:45:00Z,2025-04-22,2025-04-22_4,0.0,100,100,0,112.70527793449568,113.70958749971307,0.0028682512077294687,0.013,1.107,True,True,False,False,0.0,0.0,176.30040383340366,212.28376830811888,1.8901806200148676,-22.396883249954794,368.0774695115826
2025-04-22T01:45:00Z,2025-04-22T02:00:00Z,2025-04-22,2025-04-22_4,0.0,100,100,0,113.70958749971307,113.72943271710437,0.0005019855072463768,0.074,0.109,True,True,False,False,0.0,0.0,176.30040383340366,212.28376830811888,10.75642697848231,-6.652190745986781,392.6884083740181
2025-04-22T02:00:00Z,2025-04-22T02:15:00Z,2025-04-22,2025-04-22_5,-70.0,100,30,0,113.72943271710437,130.30667915188698,0.04605968212560387,0.0065,0.5256000000000001,True,True,False,False,-1514.45,0.0,176.30040383340366,63.79362304864084,0.9141502420991301,-5.709021517690315,-1279.1508443935468
2025-04-22T02:15:00Z,2025-04-22T02:30:00Z,2025-04-22,2025-04-22_5,-70.0,100,30,0,130.30667915188698,146.39778080406091,0.04478808429951692,0.05,0.04305,True,True,False,False,-1514.45,0.0,176.30040383340366,63.79362304864084,7.359009904968558,-2.3003419323729735,-1269.29730514536
2025-04-22T02:30:00Z,2025-04-22T02:45:00Z,2025-04-22,2025-04-22_5,-70.0,100,30,0,146.39778080406091,162.39975297797395,0.04465463285024155,0.11299999999999999,0.0126,True,True,False,False,-1514.45,0.0,176.30040383340366,63.79362304864084,16.594946657826533,-0.8546801277801219,-1258.6157065879092
2025-04-22T02:45:00Z,2025-04-22T03:00:00Z,2025-04-22,2025-04-22_5,-70.0,100,30,0,162.39975297797395,173.1123750649305,0.03981797198067633,5.5535,0.0,True,True,False,False,-1514.45,0.0,176.30040383340366,63.79362304864084,973.7297336909569,0.0,-300.62623942699867
2025-04-22T03:00:00Z,2025-04-22T03:15:00Z,2025-04-22,2025-04-22_6,0.0,100,100,0,173.1123750649305,179.781301151887,0.019578538647342998,0.1745,7.455,True,True,False,False,0.0,0.0,190.16334157073112,212.64541016213613,30.788120466919818,459.8994937014044,893.4963659011914
2025-04-22T03:15:00Z,2025-04-22T03:30:00Z,2025-04-22,2025-04-22_6,0.0,100,100,0,179.781301151887,186.65232115188698,0.019086166666666668,0.0,7.468500000000001,True,True,False,False,0.0,0.0,190.16334157073112,212.64541016213613,0.0,-0.1500512325959858,402.65870050027127
2025-04-22T03:30:00Z,2025-04-22T03:45:00Z,2025-04-22,2025-04-22_6,0.0,100,100,0,186.65232115188698,187.22143506493046,0.0017771280193236716,0.0325,0.657,True,True,False,False,0.0,0.0,190.16334157073112,212.64541016213613,4.6458943603962,-21.121996263034177,386.3326498302293
2025-04-22T03:45:00Z,2025-04-22T04:00:00Z,2025-04-22,2025-04-22_6,0.0,100,100,0,187.22143506493046,186.95365245623483,0.001254951690821256,0.331,0.1,True,True,False,False,0.0,0.0,190.16334157073112,212.64541016213613,54.75615032246399,-5.1330641110642325,452.431837944267
2025-04-22T04:00:00Z,2025-04-22T04:15:00Z,2025-04-22,2025-04-22_7,13.0,87,100,0,186.95365245623483,186.58645448545576,0.015998591029941882,0.0061827411167512695,3.3685,True,True,False,False,402.7075,0.0,171.47248508227355,212.64541016213613,1.078018979772227,-33.760798525304885,754.142615698877
2025-04-22T04:15:00Z,2025-04-22T04:30:00Z,2025-04-22,2025-04-22_7,13.0,87,100,0,186.58645448545576,183.02169586475392,0.010364560613060642,0.11968020304568529,0.104,True,True,False,False,402.7075,0.0,171.47248508227355,212.64541016213613,21.240356627209362,-7.959647198280193,800.1061046733388
2025-04-22T04:30:00Z,2025-04-22T04:45:00Z,2025-04-22,2025-04-22_7,13.0,87,100,0,183.02169586475392,179.9126916631207,0.011141819448981093,0.09848223350253808,0.5635,True,True,False,False,402.7075,0.0,171.47248508227355,212.64541016213613,16.4636065728254,-40.937273622244994,762.3517281949901
2025-04-22T04:45:00Z,2025-04-22T05:00:00Z,2025-04-22,2025-04-22_7,13.0,87,100,0,179.9126916631207,176.08335913043476,0.010886048146349837,0.321502538071066,0.05600000000000001,True,True,False,False,402.7075,0.0,171.47248508227355,212.64541016213613,57.1051499452183,-4.221866473791012,839.708678715837
2025-04-22T05:00:00Z,2025-04-22T05:15:00Z,2025-04-22,2025-04-22_8,100.0,0,100,0,176.08335913043476,155.24585913043475,0.05788194444444443,0.0,5.8295,True,True,False,False,3791.7499999999995,0.0,0.0,212.64541016213613,0.0,131.1048963293352,4135.500306491471
2025-04-22T05:15:00Z,2025-04-22T05:30:00Z,2025-04-22,2025-04-22_8,100.0,0,100,0,155.24585913043475,129.69205478260866,0.07098278985507246,0.0,1.4905,True,True,False,False,3791.7499999999995,0.0,0.0,212.64541016213613,0.0,-82.78349536897515,3921.6119147931604
2025-04-22T05:30:00Z,2025-04-22T05:45:00Z,2025-04-22,2025-04-22_8,100.0,0,100,0,129.69205478260866,111.76325043478258,0.04980223429951691,0.0,8.5055,True,True,False,False,3791.7499999999995,0.0,0.0,212.64541016213613,0.0,6240.958686637334,10245.354096799469
2025-04-22T05:45:00Z,2025-04-22T06:00:00Z,2025-04-22,2025-04-22_8,100.0,0,100,0,111.76325043478258,107.182272173913,0.012724939613526574,0.0,20.7855,True,True,False,False,3791.7499999999995,0.0,0.0,212.64541016213613,0.0,20061.588470857696,24065.98388101983
2025-04-22T06:00:00Z,2025-04-22T06:15:00Z,2025-04-22,2025-04-22_9,100.0,0,100,0,107.182272173913,82.01759826086952,0.06990187198067632,0.0,1.8485,True,True,False,False,3499.25,0.0,0.0,213.97143029353265,0.0,64.3760653366283,3777.597495630161
2025-04-22T06:15:00Z,2025-04-22T06:30:00Z,2025-04-22,2025-04-22_9,100.0,0,100,0,82.01759826086952,56.38009826086952,0.07121527777777777,0.0,1.4135,True,True,False,False,3499.25,0.0,0.0,213.97143029353265,0.0,-31.58415526490266,3681.63727502863
2025-04-22T06:30:00Z,2025-04-22T06:45:00Z,2025-04-22,2025-04-22_9,100.0,0,100,0,56.38009826086952,34.15672869565213,0.06173158212560386,0.0,4.5545,True,True,False,False,3499.25,0.0,0.0,213.97143029353265,0.0,1188.1861735278164,4901.407603821349
2025-04-22T06:45:00Z,2025-04-22T07:00:00Z,2025-04-22,2025-04-22_9,100.0,0,100,0,34.15672869565213,17.497489565217347,0.04627566425120772,0.0,9.6735,True,True,False,False,3499.25,0.0,0.0,213.97143029353265,0.0,2979.6821065638,6692.903536857333
2025-04-22T07:00:00Z,2025-04-22T07:15:00Z,2025-04-22,2025-04-22_10,0.0,100,100,0,17.497489565217347,10.053353913043436,0.020897932367149756,6.885,0.043,True,True,False,False,0.0,0.0,191.88114037731305,213.97143029353265,3722.7871285636793,-2.706288148192795,4125.933411086332
2025-04-22T07:15:00Z,2025-04-22T07:30:00Z,2025-04-22,2025-04-22_10,0.0,100,100,0,10.053353913043436,9.999999999999957,0.0007666497584541063,0.1515,0.121,True,True,False,False,0.0,0.0,191.88114037731305,213.97143029353265,22.575304984630225,-8.111033090229643,420.31684256524625
2025-04-22T07:30:00Z,2025-04-22T07:45:00Z,2025-04-22,2025-04-22_10,0.0,100,100,0,9.999999999999957,15.623039999999957,0.015619555555555557,0.0,6.112,True,True,False,False,0.0,0.0,191.88114037731305,213.97143029353265,0.0,-21.390096638739884,384.46247403210583
2025-04-22T07:45:00Z,2025-04-22T08:00:00Z,2025-04-22,2025-04-22_10,0.0,100,100,0,15.623039999999957,33.03265999999996,0.04836005555555556,0.0,18.9235,True,True,False,False,0.0,0.0,191.88114037731305,213.97143029353265,0.0,14104.073528619938,14509.926099290784
2025-04-22T08:00:00Z,2025-04-22T08:15:00Z,2025-04-22,2025-04-22_11,0.0,100,100,0,33.03265999999996,31.17952347826083,0.011516045893719807,2.7595,1.246,True,True,False,False,0.0,0.0,177.38532939545536,213.97143029353265,486.04412472625734,-16.018283406666267,861.3826010085791
2025-04-22T08:15:00Z,2025-04-22T08:30:00Z,2025-04-22,2025-04-22_11,0.0,100,100,0,31.17952347826083,31.699150434782567,0.008520702898550725,1.172,1.9494999999999998,True,True,False,False,0.0,0.0,177.38532939545536,213.97143029353265,201.66368271954673,-3.404858758764792,589.61558364977
2025-04-22T08:30:00Z,2025-04-22T08:45:00Z,2025-04-22,2025-04-22_11,0.0,100,100,0,31.699150434782567,39.34757043478257,0.02124561111111111,0.0,8.3135,True,True,False,False,0.0,0.0,177.38532939545536,213.97143029353265,0.0,-0.16702830852068393,391.1897313804673
2025-04-22T08:45:00Z,2025-04-22T09:00:00Z,2025-04-22,2025-04-22_11,0.0,100,100,0,39.34757043478257,54.10529043478257,0.04099366666666667,0.0,16.041,True,True,False,False,0.0,0.0,177.38532939545536,213.97143029353265,0.0,5772.130169368936,6163.486929057924
2025-04-22T09:00:00Z,2025-04-22T09:15:00Z,2025-04-22,2025-04-22_12,0.0,100,100,0,54.10529043478257,63.670070434782566,0.026568833333333337,0.0,10.3965,True,True,False,False,0.0,0.0,176.5113615815804,213.97143029353265,0.0,-7.914399071785908,382.56839280332713
2025-04-22T09:15:00Z,2025-04-22T09:30:00Z,2025-04-22,2025-04-22_12,0.0,100,100,0,63.670070434782566,65.71987304347822,0.005708992753623188,0.0025,2.231,True,True,False,False,0.0,0.0,176.5113615815804,213.97143029353265,0.3515962469612039,-24.595550197898458,366.23883792417575
2025-04-22T09:30:00Z,2025-04-22T09:45:00Z,2025-04-22,2025-04-22_12,0.0,100,100,0,65.71987304347822,76.90845304347822,0.03107938888888889,0.0,12.1615,True,True,False,False,0.0,0.0,176.5113615815804,213.97143029353265,0.0,-0.24433930042392465,390.2384525746891
2025-04-22T09:45:00Z,2025-04-22T10:00:00Z,2025-04-22,2025-04-22_12,0.0,100,100,0,76.90845304347822,83.14237304347822,0.017316444444444447,0.0,6.776,True,True,False,False,0.0,0.0,176.5113615815804,213.97143029353265,0.0,-22.54854800795612,367.9342438671569
2025-04-22T10:00:00Z,2025-04-22T10:15:00Z,2025-04-22,2025-04-22_13,0.0,100,100,0,83.14237304347822,83.49307217391299,0.0012006135265700485,0.0375,0.4255,True,True,False,False,0.0,0.0,176.5113615815804,213.97143029353265,5.552407932011332,-20.51013782572881,375.52506198139554
2025-04-22T10:15:00Z,2025-04-22T10:30:00Z,2025-04-22,2025-04-22_13,0.0,100,100,0,83.49307217391299,84.34391217391298,0.0025023333333333334,0.023,0.9519999999999998,True,True,False,False,0.0,0.0,176.5113615815804,213.97143029353265,3.261205271934583,-34.63410925602234,359.10988789102527
2025-04-22T10:30:00Z,2025-04-22T10:45:00Z,2025-04-22,2025-04-22_13,0.0,100,100,0,84.34391217391298,85.43328086956515,0.003122642512077295,0.016,1.203,True,True,False,False,0.0,0.0,176.5113615815804,213.97143029353265,2.2723163160749804,-8.978813211982402,383.7762949792056
2025-04-22T10:45:00Z,2025-04-22T11:00:00Z,2025-04-22,2025-04-22_13,0.0,100,100,0,85.43328086956515,101.33456086956515,0.04417022222222222,0.0,17.284,True,True,False,False,0.0,0.0,176.5113615815804,213.97143029353265,0.0,3313.3587390754024,3703.8415309505153
2025-04-22T11:00:00Z,2025-04-22T11:15:00Z,2025-04-22,2025-04-22_14,0.0,100,100,0,101.33456086956515,116.51088086956516,0.04215644444444444,0.0,16.496,True,True,False,False,0.0,0.0,176.5113615815804,213.97143029353265,0.0,1837.759726759488,2228.2425186346013
2025-04-22T11:15:00Z,2025-04-22T11:30:00Z,2025-04-22,2025-04-22_14,0.0,100,100,0,116.51088086956516,134.51160086956514,0.050002000000000005,0.0,19.566,True,True,False,False,0.0,0.0,176.5113615815804,213.97143029353265,0.0,7900.386234705564,8290.869026580676
2025-04-22T11:30:00Z,2025-04-22T11:45:00Z,2025-04-22,2025-04-22_14,0.0,100,100,0,134.51160086956514,144.86850086956514,0.028769166666666672,0.0,11.2575,True,True,False,False,0.0,0.0,176.5113615815804,213.97143029353265,0.0,221.4927204508469,611.9755123259599
2025-04-22T11:45:00Z,2025-04-22T12:00:00Z,2025-04-22,2025-04-22_14,0.0,100,100,0,144.86850086956514,148.45052086956514,0.009950055555555554,0.0,3.8934999999999995,True,True,False,False,0.0,0.0,176.5113615815804,213.97143029353265,0.0,-30.46243485423824,360.0203570208748
2025-04-22T12:00:00Z,2025-04-22T12:15:00Z,2025-04-22,2025-04-22_15,-7.72727659261201,100,92,0,148.45052086956514,153.5524536858659,0.01417203560083545,0.0,3.61376,True,True,False,False,-138.5887056884964,0.0,176.5113615815804,196.85371587005002,0.0,-34.11192535712133,200.6644464060127
2025-04-22T12:15:00Z,2025-04-22T12:30:00Z,2025-04-22,2025-04-22_15,-7.72727659261201,100,92,0,153.5524536858659,156.74783839150766,0.00888721267550329,0.002,1.54376,True,True,False,False,-138.5887056884964,0.0,176.5113615815804,196.85371587005002,0.2812769975689631,-29.41651692282965,205.64113183787333
2025-04-22T12:30:00Z,2025-04-22T12:45:00Z,2025-04-22,2025-04-22_15,-7.72727659261201,100,92,0,156.74783839150766,158.39820407209174,0.005484231046930055,0.1615,0.050600000000000006,True,True,False,False,-138.5887056884964,0.0,176.5113615815804,196.85371587005002,23.782775601229584,-3.2624104233218816,255.29673694104173
2025-04-22T12:45:00Z,2025-04-22T13:00:00Z,2025-04-22,2025-04-22_15,-7.72727659261201,100,92,0,158.39820407209174,160.85509304347843,0.006950062135293076,0.0225,0.76498,True,True,False,False,-138.5887056884964,0.0,176.5113615815804,196.85371587005002,3.2925501778072452,-22.517059425793104,215.55186251514817
2025-04-22T13:00:00Z,2025-04-22T13:15:00Z,2025-04-22,2025-04-22_16,0.0,100,100,0,160.85509304347843,161.1121069565219,0.002299072463768116,0.2625,0.5895,True,True,False,False,0.0,0.0,191.88114037731305,213.97143029353265,39.105554216141286,-19.211780483394616,425.7463444035924
2025-04-22T13:15:00Z,2025-04-22T13:30:00Z,2025-04-22,2025-04-22_16,0.0,100,100,0,161.1121069565219,160.83991478260884,0.0008864227053140097,0.272,0.025499999999999995,True,True,False,False,0.0,0.0,191.88114037731305,213.97143029353265,40.260404637052225,-1.6766123199324934,444.4363629879654
2025-04-22T13:30:00Z,2025-04-22T13:45:00Z,2025-04-22,2025-04-22_16,0.0,100,100,0,160.83991478260884,166.93675478260883,0.01693566666666667,0.0,6.627,True,True,False,False,0.0,0.0,191.88114037731305,213.97143029353265,0.0,65.43518413597734,471.28775480682305
2025-04-22T13:45:00Z,2025-04-22T14:00:00Z,2025-04-22,2025-04-22_16,0.0,100,100,0,166.93675478260883,167.62762521739143,0.0033683599033816425,0.24,1.0345,True,True,False,False,0.0,0.0,191.88114037731305,213.97143029353265,35.77761436923633,-30.49003405460792,411.1401509854741
2025-04-22T14:00:00Z,2025-04-22T14:15:00Z,2025-04-22,2025-04-22_17,0.0,100,100,0,167.62762521739143,170.1746182608697,0.0073587971014492755,0.047,2.824,True,True,False,False,0.0,0.0,191.88114037731305,213.97143029353265,6.994551463644948,-23.669787234042552,389.1773349004481
2025-04-22T14:15:00Z,2025-04-22T14:30:00Z,2025-04-22,2025-04-22_17,0.0,100,100,0,170.1746182608697,169.458043478261,0.002414707729468599,0.7295,0.083,True,True,False,False,0.0,0.0,191.88114037731305,213.97143029353265,119.83246298193802,-5.458776244148435,520.2262574086353
2025-04-22T14:30:00Z,2025-04-22T14:45:00Z,2025-04-22,2025-04-22_17,0.0,100,100,0,169.458043478261,168.65532608695665,0.002229770531400966,0.7385,0.0,True,True,False,False,0.0,0.0,191.88114037731305,213.97143029353265,114.414308058586,0.0,520.2668787294317
2025-04-22T14:45:00Z,2025-04-22T15:00:00Z,2025-04-22,2025-04-22_17,0.0,100,100,0,168.65532608695665,160.19663043478275,0.0234963768115942,7.782,0.0,True,True,False,False,0.0,0.0,191.88114037731305,213.97143029353265,1369.5963522391658,0.0,1775.4489229100113
2025-04-22T15:00:00Z,2025-04-22T15:15:00Z,2025-04-22,2025-04-22_18,0.0,100,100,0,160.19663043478275,168.94810000000015,0.024527028985507248,0.036,9.555,True,True,False,False,0.0,0.0,191.88114037731305,213.97143029353265,5.372392260864324,8.473624254113677,419.69858718582367
2025-04-22T15:15:00Z,2025-04-22T15:30:00Z,2025-04-22,2025-04-22_18,0.0,100,100,0,168.94810000000015,171.46982000000014,0.007004777777777778,0.0,2.741,True,True,False,False,0.0,0.0,191.88114037731305,213.97143029353265,0.0,-21.92612761939204,383.92644305145365
2025-04-22T15:30:00Z,2025-04-22T15:45:00Z,2025-04-22,2025-04-22_18,0.0,100,100,0,171.46982000000014,181.95690000000013,0.029130777777777776,0.0,11.399,True,True,False,False,0.0,0.0,191.88114037731305,213.97143029353265,0.0,6288.742623711651,6694.595194382497
2025-04-22T15:45:00Z,2025-04-22T16:00:00Z,2025-04-22,2025-04-22_18,0.0,100,100,0,181.95690000000013,190.00000000000014,0.022341944444444446,0.0,8.7425,True,True,False,False,0.0,0.0,191.88114037731305,213.97143029353265,0.0,2130.15553864545,2536.0081093162958
2025-04-22T16:00:00Z,2025-04-22T16:15:00Z,2025-04-22,2025-04-22_19,1.380606267849995,0,0,0,190.00000000000014,189.62483525330177,0.001042124296384356,0.0,0.0,True,False,False,False,50.39212877652482,0.0,0.0,0.0,0.0,0.0,50.39212877652482
2025-04-22T16:15:00Z,2025-04-22T16:30:00Z,2025-04-22,2025-04-22_19,1.380606267849995,0,0,0,189.62483525330177,189.2496705066034,0.001042124296384356,0.0,0.0,True,False,False,False,50.39212877652482,0.0,0.0,0.0,0.0,0.0,50.39212877652482
2025-04-22T16:30:00Z,2025-04-22T16:45:00Z,2025-04-22,2025-04-22_19,1.380606267849995,0,0,0,189.2496705066034,188.87450575990502,0.001042124296384356,0.0,0.0,True,False,False,False,50.39212877652482,0.0,0.0,0.0,0.0,0.0,50.39212877652482
2025-04-22T16:45:00Z,2025-04-22T17:00:00Z,2025-04-22,2025-04-22_19,1.380606267849995,0,0,0,188.87450575990502,188.49934101320665,0.001042124296384356,0.0,0.0,True,False,False,False,50.39212877652482,0.0,0.0,0.0,0.0,0.0,50.39212877652482
2025-04-22T17:00:00Z,2025-04-22T17:15:00Z,2025-04-22,2025-04-22_20,66.99077056355824,33,100,0,188.49934101320665,175.39086351178133,0.04474943187503494,0.0030618556701030924,4.9415,True,True,False,False,3775.0973981829156,0.0,66.07558314748961,213.97143029353265,0.44428495886789937,1207.9645820022904,5263.553278585096
2025-04-22T17:15:00Z,2025-04-22T17:30:00Z,2025-04-22,2025-04-22_20,66.99077056355824,33,100,0,175.39086351178133,157.63683596745523,0.0500742683173284,0.01224742268041237,0.449,True,True,False,False,3775.0973981829156,0.0,66.07558314748961,213.97143029353265,1.920679737554891,-30.8274001968939,4026.237691164599
2025-04-22T17:30:00Z,2025-04-22T17:45:00Z,2025-04-22,2025-04-22_20,66.99077056355824,33,100,0,157.63683596745523,138.334491326292,0.053626903264394926,1.0156855670103093,0.0055,True,True,False,False,3775.0973981829156,0.0,66.07558314748961,213.97143029353265,315.4567588656625,-0.4309565427038756,4370.170213946896
2025-04-22T17:45:00Z,2025-04-22T18:00:00Z,2025-04-22,2025-04-22_20,66.99077056355824,33,100,0,138.334491326292,117.36593253913057,0.05824599663100402,2.543381443298969,0.0,True,True,False,False,3775.0973981829156,0.0,66.07558314748961,213.97143029353265,801.0361280957817,0.0,4856.1805397197195
2025-04-22T18:00:00Z,2025-04-22T18:15:00Z,2025-04-22,2025-04-22_21,100.0,0,100,0,117.36593253913057,90.20778036521753,0.0754393115942029,0.0,0.0145,True,True,False,False,6328.0,0.0,0.0,212.64541016213613,0.0,-1.1361581580374904,6539.509252004099
2025-04-22T18:15:00Z,2025-04-22T18:30:00Z,2025-04-22,2025-04-22_21,100.0,0,100,0,90.20778036521753,63.042562973913185,0.07545893719806762,0.0,0.008,True,True,False,False,6328.0,0.0,0.0,212.64541016213613,0.0,-0.6268458802965464,6540.01856428184
2025-04-22T18:30:00Z,2025-04-22T18:45:00Z,2025-04-22,2025-04-22_21,100.0,0,100,0,63.042562973913185,36.661584713043624,0.07328049516908212,0.0,0.7295,True,True,False,False,6328.0,0.0,0.0,212.64541016213613,0.0,-39.90272517228217,6500.742684989854
2025-04-22T18:45:00Z,2025-04-22T19:00:00Z,2025-04-22,2025-04-22_21,100.0,0,100,0,36.661584713043624,10.855062973913196,0.07168478260869564,0.0,1.258,True,True,False,False,6328.0,0.0,0.0,212.64541016213613,0.0,-71.9046342394471,6468.740775922689
2025-04-22T19:00:00Z,2025-04-22T19:15:00Z,2025-04-22,2025-04-22_22,-11.999999999999998,100,88,0,10.855062973913196,12.945111391304499,0.009174772173913041,0.634,0.00704,True,True,False,False,-463.7099999999999,0.0,190.7660779940932,187.12796094267978,132.4320314226589,-0.5516243746609608,46.064445984770984
2025-04-22T19:15:00Z,2025-04-22T19:30:00Z,2025-04-22,2025-04-22_22,-11.999999999999998,100,88,0,12.945111391304499,15.71268311304363,0.007865718550724637,0.0335,0.04708,True,True,False,False,-463.7099999999999,0.0,190.7660779940932,187.12796094267978,5.15339883069134,-3.688988005545175,-84.35155023808079
2025-04-22T19:30:00Z,2025-04-22T19:45:00Z,2025-04-22,2025-04-22_22,-11.999999999999998,100,88,0,15.71268311304363,20.536833582608846,0.013432302028985505,0.006,2.2506,True,True,False,False,-463.7099999999999,0.0,190.7660779940932,187.12796094267978,1.0045603037791575,-25.1371939003074,-109.94859465975519
2025-04-22T19:45:00Z,2025-04-22T20:00:00Z,2025-04-22,2025-04-22_22,-11.999999999999998,100,88,0,20.536833582608846,27.764611182608846,0.02007716,0.0,4.856280000000001,True,True,False,False,-463.7099999999999,0.0,190.7660779940932,187.12796094267978,0.0,-87.58632176481227,-173.40228282803923
2025-04-22T20:00:00Z,2025-04-22T20:15:00Z,2025-04-22,2025-04-22_23,-14.00000000000008,100,86,0,27.764611182608846,17.021152173913215,0.039969739468599025,13.443,0.36334999999999995,True,True,False,False,-435.5750000000025,0.0,190.7660779940932,182.87505273943708,3492.9193785787475,-9.706780674261145,3421.278728638014
2025-04-22T20:15:00Z,2025-04-22T20:30:00Z,2025-04-22,2025-04-22_23,-14.00000000000008,100,86,0,17.021152173913215,12.252583200000192,0.025760376038647358,7.510999999999999,0.0,True,True,False,False,-435.5750000000025,0.0,190.7660779940932,182.87505273943708,1563.1490645530707,0.0,1501.2151952865986
2025-04-22T20:30:00Z,2025-04-22T20:45:00Z,2025-04-22,2025-04-22_23,-14.00000000000008,100,86,0,12.252583200000192,13.087499200000211,0.013965044444444486,2.2425,0.0,True,True,False,False,-435.5750000000025,0.0,190.7660779940932,182.87505273943708,387.45334066662656,0.0,325.5194714001543
2025-04-22T20:45:00Z,2025-04-22T21:00:00Z,2025-04-22,2025-04-22_23,-14.00000000000008,100,86,0,13.087499200000211,14.41602104347849,0.013497765990338206,1.8884999999999998,0.12728,True,True,False,False,-435.5750000000025,0.0,190.7660779940932,182.87505273943708,322.9011352540534,-5.13341953267836,255.8338464549028
2025-04-22T21:00:00Z,2025-04-22T21:15:00Z,2025-04-23,2025-04-22_24,0.0,100,100,0,14.41602104347849,11.361358434782838,0.008860840579710145,2.8725,0.0735,True,True,False,False,0.0,0.0,176.29686181540563,212.64113794350462,547.4047544902961,-3.0603342106320564,933.2824200385743
2025-04-22T21:15:00Z,2025-04-22T21:30:00Z,2025-04-23,2025-04-22_24,0.0,100,100,0,11.361358434782838,11.445118434782838,0.0009965555555555556,0.1265,0.2405,True,True,False,False,0.0,0.0,176.29686181540563,212.64113794350462,18.674418270583036,-12.958559790251938,394.65385823924134
2025-04-22T21:30:00Z,2025-04-22T21:45:00Z,2025-04-23,2025-04-22_24,0.0,100,100,0,11.445118434782838,13.465356695652403,0.0056480048309178734,0.006,2.203,True,True,False,False,0.0,0.0,176.29686181540563,212.64113794350462,0.8438140394583518,-37.01512697392212,352.7666868244465
2025-04-22T21:45:00Z,2025-04-22T22:00:00Z,2025-04-23,2025-04-22_24,0.0,100,100,0,13.465356695652403,17.671136695652404,0.011682722222222225,0.0,4.5715,True,True,False,False,0.0,0.0,176.29686181540563,212.64113794350462,0.0,-42.344283360790776,346.59371639811945
2025-04-22T22:00:00Z,2025-04-22T22:15:00Z,2025-04-23,2025-04-23_1,0.0,100,100,0,17.671136695652404,20.799596695652404,0.008690166666666667,0.0,3.4005,True,True,False,False,0.0,0.0,176.29686181540563,212.64113794350462,0.0,-52.38617340378511,336.5518263551252
2025-04-22T22:15:00Z,2025-04-22T22:30:00Z,2025-04-23,2025-04-23_1,0.0,100,100,0,20.799596695652404,31.541516695652405,0.029838666666666666,0.0,11.676,True,True,False,False,0.0,0.0,176.29686181540563,212.64113794350462,0.0,-0.0,388.9379997589102
2025-04-22T22:30:00Z,2025-04-22T22:45:00Z,2025-04-23,2025-04-23_1,0.0,100,100,0,31.541516695652405,42.49641669565241,0.03043027777777778,0.0,11.9075,True,True,False,False,0.0,0.0,176.29686181540563,212.64113794350462,0.0,8156.687738578374,8545.625738337283
2025-04-22T22:45:00Z,2025-04-22T23:00:00Z,2025-04-23,2025-04-23_1,0.0,100,100,0,42.49641669565241,54.31059669565241,0.03281716666666667,0.0,12.8415,True,True,False,False,0.0,0.0,176.29686181540563,212.64113794350462,0.0,4835.255345561939,5224.193345320849
2025-04-22T23:00:00Z,2025-04-22T23:15:00Z,2025-04-23,2025-04-23_2,0.0,100,100,0,54.31059669565241,56.63635669565241,0.006460444444444445,0.0,2.528,True,True,False,False,0.0,0.0,176.29686181540563,212.64113794350462,0.0,-50.67580021698075,338.2621995419295
2025-04-22T23:15:00Z,2025-04-22T23:30:00Z,2025-04-23,2025-04-23_2,0.0,100,100,0,56.63635669565241,58.651838434782846,0.005840106280193237,0.04,2.238,True,True,False,False,0.0,0.0,176.29686181540563,212.64113794350462,5.802226061799332,-16.447101297866354,378.29312452284324
2025-04-22T23:30:00Z,2025-04-22T23:45:00Z,2025-04-23,2025-04-23_2,0.0,100,100,0,58.651838434782846,57.434836695652415,0.01241956038647343,2.6165,1.7685,True,True,False,False,0.0,0.0,176.29686181540563,212.64113794350462,466.98484982119174,-27.26191746695061,828.6609321131514
2025-04-22T23:45:00Z,2025-04-23T00:00:00Z,2025-04-23,2025-04-23_2,0.0,100,100,0,57.434836695652415,59.61051408695676,0.006097896135265702,0.009,2.3755,True,True,False,False,0.0,0.0,176.29686181540563,212.64113794350462,1.336440511110218,-92.42753887571824,297.8469013943022
2025-04-23T00:00:00Z,2025-04-23T00:15:00Z,2025-04-23,2025-04-23_3,0.0,100,100,0,59.61051408695676,62.23343408695676,0.0072858888888888895,0.0,2.851,True,True,False,False,0.0,0.0,176.29686181540563,212.64113794350462,0.0,-71.06134970064691,317.87665005826335
2025-04-23T00:15:00Z,2025-04-23T00:30:00Z,2025-04-23,2025-04-23_3,0.0,100,100,0,62.23343408695676,69.95085408695677,0.02143727777777778,0.0,8.3885,True,True,False,False,0.0,0.0,176.29686181540563,212.64113794350462,0.0,-66.39645889420179,322.54154086470845
2025-04-23T00:30:00Z,2025-04-23T00:45:00Z,2025-04-23,2025-04-23_3,0.0,100,100,0,69.95085408695677,77.53855408695676,0.021076944444444447,0.0,8.2475,True,True,False,False,0.0,0.0,176.29686181540563,212.64113794350462,0.0,-42.51006800739342,346.42793175151684
2025-04-23T00:45:00Z,2025-04-23T01:00:00Z,2025-04-23,2025-04-23_3,0.0,100,100,0,77.53855408695676,78.44291408695676,0.0025121111111111112,0.0,0.983,True,True,False,False,0.0,0.0,176.29686181540563,212.64113794350462,0.0,-45.765765660786755,343.1722340981235
2025-04-23T01:00:00Z,2025-04-23T01:15:00Z,2025-04-23,2025-04-23_4,0.0,100,100,0,78.44291408695676,78.8750262608698,0.0012939106280193237,0.0155,0.488,True,True,False,False,0.0,0.0,176.29686181540563,212.64113794350462,2.2019535299553983,-25.770447221440914,365.3695060674247
2025-04-23T01:15:00Z,2025-04-23T01:30:00Z,2025-04-23,2025-04-23_4,0.0,100,100,0,78.8750262608698,78.81744017391328,0.0005918502415458936,0.1245,0.0845,True,True,False,False,0.0,0.0,176.29686181540563,212.64113794350462,18.344527464137904,-6.5737142885844015,400.70881293446377
2025-04-23T01:30:00Z,2025-04-23T01:45:00Z,2025-04-23,2025-04-23_4,0.0,100,100,0,78.81744017391328,79.32987582608719,0.002139012077294686,0.11849999999999998,0.697,True,True,False,False,0.0,0.0,176.29686181540563,212.64113794350462,17.474190842608586,-29.95640856672158,376.45578203479727
2025-04-23T01:45:00Z,2025-04-23T02:00:00Z,2025-04-23,2025-04-23_4,0.0,100,100,0,79.32987582608719,81.12094886956544,0.00498124154589372,0.001,1.9480000000000002,True,True,False,False,0.0,0.0,176.29686181540563,212.64113794350462,0.14063567324305862,-24.2042150520352,364.8744203801181
2025-04-23T02:00:00Z,2025-04-23T02:15:00Z,2025-04-23,2025-04-23_5,0.0,100,100,0,81.12094886956544,84.23790886956544,0.008658222222222223,0.0,3.388,True,True,False,False,0.0,0.0,176.29686181540563,212.64113794350462,0.0,-88.73437055490817,300.2036292040021
2025-04-23T02:15:00Z,2025-04-23T02:30:00Z,2025-04-23,2025-04-23_5,0.0,100,100,0,84.23790886956544,90.24320886956545,0.016681388888888888,0.0,6.5275,True,True,False,False,0.0,0.0,176.29686181540563,212.64113794350462,0.0,-65.31827711254873,323.61972264636154
2025-04-23T02:30:00Z,2025-04-23T02:45:00Z,2025-04-23,2025-04-23_5,0.0,100,100,0,90.24320886956545,93.79880104347849,0.009900799516908212,0.004,3.8695,True,True,False,False,0.0,0.0,176.29686181540563,212.64113794350462,0.584642584481858,-139.12599349057743,250.39664885281468
2025-04-23T02:45:00Z,2025-04-23T03:00:00Z,2025-04-23,2025-04-23_5,0.0,100,100,0,93.79880104347849,93.90633756521763,0.0007183985507246377,0.0695,0.199,True,True,False,False,0.0,0.0,176.29686181540563,212.64113794350462,9.937715273034113,-11.331213685860087,387.5445013460843
2025-04-23T03:00:00Z,2025-04-23T03:15:00Z,2025-04-23,2025-04-23_6,14.862630087780131,85,100,0,93.90633756521763,97.21209203056061,0.02464346634136002,0.0,7.7735,True,True,False,False,422.0615379177363,0.0,149.8523325430948,212.64113794350462,0.0,237.93244495117932,1022.4874533555151
2025-04-23T03:15:00Z,2025-04-23T03:30:00Z,2025-04-23,2025-04-23_6,14.862630087780131,85,100,0,97.21209203056061,113.28700946600951,0.04798362642520803,0.0,21.2885,True,True,False,False,422.0615379177363,0.0,149.8523325430948,212.64113794350462,0.0,21625.46598073291,22410.020989137247
2025-04-23T03:30:00Z,2025-04-23T03:45:00Z,2025-04-23,2025-04-23_6,14.862630087780131,85,100,0,113.28700946600951,126.87045204003263,0.04342957521239951,0.0,18.6515,True,True,False,False,422.0615379177363,0.0,149.8523325430948,212.64113794350462,0.0,16737.632165086186,17522.18717349052
2025-04-23T03:45:00Z,2025-04-23T04:00:00Z,2025-04-23,2025-04-23_6,14.862630087780131,85,100,0,126.87045204003263,142.6548391304347,0.04745257949766211,0.0,20.981,True,True,False,False,422.0615379177363,0.0,149.8523325430948,212.64113794350462,0.0,23146.577769116408,23931.132777520743
2025-04-23T04:00:00Z,2025-04-23T04:15:00Z,2025-04-23,2025-04-23_7,100.0,0,100,0,142.6548391304347,130.66679565217385,0.033300120772946855,0.0,13.971,True,True,False,False,3436.2499999999995,0.0,0.0,212.64113794350462,0.0,11336.149789247396,14985.040927190901
2025-04-23T04:15:00Z,2025-04-23T04:30:00Z,2025-04-23,2025-04-23_7,100.0,0,100,0,130.66679565217385,114.8657086956521,0.043891908212560386,0.0,10.463,True,True,False,False,3436.2499999999995,0.0,0.0,212.64113794350462,0.0,8725.453351548998,12374.344489492503
2025-04-23T04:30:00Z,2025-04-23T04:45:00Z,2025-04-23,2025-04-23_7,100.0,0,100,0,114.8657086956521,106.5102739130434,0.023209541062801934,0.0,17.313,True,True,False,False,3436.2499999999995,0.0,0.0,212.64113794350462,0.0,15648.970747779962,19297.861885723465
2025-04-23T04:45:00Z,2025-04-23T05:00:00Z,2025-04-23,2025-04-23_7,100.0,0,100,0,106.5102739130434,104.66407826086949,0.005128321256038648,0.0,23.3015,True,True,False,False,3436.2499999999995,0.0,0.0,212.64113794350462,0.0,25854.112988708963,29503.004126652468
2025-04-23T05:00:00Z,2025-04-23T05:15:00Z,2025-04-23,2025-04-23_8,100.0,0,100,0,104.66407826086949,88.29179565217383,0.04547856280193237,0.0,9.9375,True,True,False,False,3617.4999999999995,0.0,0.0,212.64113794350462,0.0,4200.910716438301,8031.051854381805
2025-04-23T05:15:00Z,2025-04-23T05:30:00Z,2025-04-23,2025-04-23_8,100.0,0,100,0,88.29179565217383,62.07059999999993,0.07283665458937198,0.0,0.8765000000000001,True,True,False,False,3617.4999999999995,0.0,0.0,212.64113794350462,0.0,-50.51770281673162,3779.6234351267726
2025-04-23T05:30:00Z,2025-04-23T05:45:00Z,2025-04-23,2025-04-23_8,100.0,0,100,0,62.07059999999993,37.381469565217316,0.06858091787439613,0.0,2.286,True,True,False,False,3617.4999999999995,0.0,0.0,212.64113794350462,0.0,666.5903250693133,4496.731463012818
2025-04-23T05:45:00Z,2025-04-23T06:00:00Z,2025-04-23,2025-04-23_8,100.0,0,100,0,37.381469565217316,24.907013043478184,0.03465126811594203,0.0,13.523499999999999,True,True,False,False,3617.4999999999995,0.0,0.0,212.64113794350462,0.0,11158.471499779,14988.612637722505
2025-04-23T06:00:00Z,2025-04-23T06:15:00Z,2025-04-23,2025-04-23_9,0.0,0,0,0,24.907013043478184,24.907013043478184,0.0,0.0,0.0,True,False,False,False,0.0,0.0,0.0,0.0,0.0,0.0,0.0
2025-04-23T06:15:00Z,2025-04-23T06:30:00Z,2025-04-23,2025-04-23_9,0.0,0,0,0,24.907013043478184,24.907013043478184,0.0,0.0,0.0,True,False,False,False,0.0,0.0,0.0,0.0,0.0,0.0,0.0
2025-04-23T06:30:00Z,2025-04-23T06:45:00Z,2025-04-23,2025-04-23_9,0.0,0,0,0,24.907013043478184,24.907013043478184,0.0,0.0,0.0,True,False,False,False,0.0,0.0,0.0,0.0,0.0,0.0,0.0
2025-04-23T06:45:00Z,2025-04-23T07:00:00Z,2025-04-23,2025-04-23_9,0.0,0,0,0,24.907013043478184,24.907013043478184,0.0,0.0,0.0,True,False,False,False,0.0,0.0,0.0,0.0,0.0,0.0,0.0
2025-04-23T07:00:00Z,2025-04-23T07:15:00Z,2025-04-23,2025-04-23_10,0.0,100,100,0,24.907013043478184,16.349456521739054,0.031156545893719804,9.096,1.445,True,True,False,False,0.0,0.0,177.38176558042352,213.96713143408203,3188.641962470366,7.609953992044039,3587.6008134769154
2025-04-23T07:15:00Z,2025-04-23T07:30:00Z,2025-04-23,2025-04-23_10,0.0,100,100,0,16.349456521739054,9.999999999999924,0.01763737922705314,5.8415,0.0,True,True,False,False,0.0,0.0,177.38176558042352,213.96713143408203,1088.1944380600314,0.0,1479.543335074537
2025-04-23T07:30:00Z,2025-04-23T07:45:00Z,2025-04-23,2025-04-23_10,0.0,100,100,0,9.999999999999924,10.251664347826011,0.0007473768115942029,0.008,0.283,True,True,False,False,0.0,0.0,177.38176558042352,213.96713143408203,1.1295053642463937,-4.527465544260055,387.95093683449187
2025-04-23T07:45:00Z,2025-04-23T08:00:00Z,2025-04-23,2025-04-23_10,0.0,100,100,0,10.251664347826011,17.51828434782601,0.020185055555555557,0.0,7.8985,True,True,False,False,0.0,0.0,177.38176558042352,213.96713143408203,0.0,-0.0,391.34889701450555
2025-04-23T08:00:00Z,2025-04-23T08:15:00Z,2025-04-23,2025-04-23_11,0.0,100,100,0,17.51828434782601,17.82545478260862,0.001955304347826087,0.1825,0.5495,True,True,False,False,0.0,0.0,177.38176558042352,213.96713143408203,27.03620866315747,-19.024949873427893,399.36015580423515
2025-04-23T08:15:00Z,2025-04-23T08:30:00Z,2025-04-23,2025-04-23_11,0.0,100,100,0,17.82545478260862,17.71660086956514,0.00047359420289855075,0.1285,0.0335,True,True,False,False,0.0,0.0,177.38176558042352,213.96713143408203,18.70816872262627,-2.52441284606421,407.5326528910676
2025-04-23T08:30:00Z,2025-04-23T08:45:00Z,2025-04-23,2025-04-23_11,0.0,100,100,0,17.71660086956514,17.779346956521664,0.0005335942028985507,0.05949999999999999,0.1385,True,True,False,False,0.0,0.0,177.38176558042352,213.96713143408203,8.513685659179488,-7.255792783380881,392.6067898903042
2025-04-23T08:45:00Z,2025-04-23T09:00:00Z,2025-04-23,2025-04-23_11,0.0,100,100,0,17.779346956521664,22.875979999999927,0.014163352657004833,0.001,5.541,True,True,False,False,0.0,0.0,177.38176558042352,213.96713143408203,0.14063567324305862,-8.103214328766024,383.3863183589826
2025-04-23T09:00:00Z,2025-04-23T09:15:00Z,2025-04-23,2025-04-23_12,0.0,100,100,0,22.875979999999927,23.43172608695645,0.006000260869565217,0.738,1.476,True,True,False,False,0.0,0.0,176.5078153252702,213.96713143408203,122.47146622734759,-27.23337726523888,485.7130357214609
2025-04-23T09:15:00Z,2025-04-23T09:30:00Z,2025-04-23,2025-04-23_12,0.0,100,100,0,23.43172608695645,32.05028608695645,0.023940444444444445,0.0,9.368,True,True,False,False,0.0,0.0,176.5078153252702,213.96713143408203,0.0,-4.90100695142042,385.5739398079318
2025-04-23T09:30:00Z,2025-04-23T09:45:00Z,2025-04-23,2025-04-23_12,0.0,100,100,0,32.05028608695645,39.62740608695645,0.02104755555555556,0.0,8.236,True,True,False,False,0.0,0.0,176.5078153252702,213.96713143408203,0.0,55.30268654317515,445.77763330252736
2025-04-23T09:45:00Z,2025-04-23T10:00:00Z,2025-04-23,2025-04-23_12,0.0,100,100,0,39.62740608695645,58.37194608695645,0.052068166666666665,0.0,20.3745,True,True,False,False,0.0,0.0,176.5078153252702,213.96713143408203,0.0,19173.19698266163,19563.671929420983
2025-04-23T10:00:00Z,2025-04-23T10:15:00Z,2025-04-23,2025-04-23_13,-97.34033081285463,0,0,0,58.37194608695645,80.76022217391301,0.06218965579710157,0.0,0.0,True,False,False,False,-1931.2321633270358,0.0,0.0,0.0,0.0,0.0,-1931.2321633270358
2025-04-23T10:15:00Z,2025-04-23T10:30:00Z,2025-04-23,2025-04-23_13,-97.34033081285463,0,0,0,80.76022217391301,103.14849826086957,0.06218965579710157,0.0,0.0,True,False,False,False,-1931.2321633270358,0.0,0.0,0.0,0.0,0.0,-1931.2321633270358
2025-04-23T10:30:00Z,2025-04-23T10:45:00Z,2025-04-23,2025-04-23_13,-97.34033081285463,0,0,0,103.14849826086957,125.53677434782614,0.06218965579710157,0.0,0.0,True,False,False,False,-1931.2321633270358,0.0,0.0,0.0,0.0,0.0,-1931.2321633270358
2025-04-23T10:45:00Z,2025-04-23T11:00:00Z,2025-04-23,2025-04-23_13,-97.34033081285463,0,0,0,125.53677434782614,147.9250504347827,0.06218965579710157,0.0,0.0,True,False,False,False,-1931.2321633270358,0.0,0.0,0.0,0.0,0.0,-1931.2321633270358
2025-04-23T11:00:00Z,2025-04-23T11:15:00Z,2025-04-23,2025-04-23_14,0.0,100,100,0,147.9250504347827,156.7910547826088,0.02474554347826087,0.0195,9.66,True,True,False,False,0.0,0.0,176.5078153252702,213.96713143408203,2.905936432675694,3665.2629766544783,4058.643859846506
2025-04-23T11:15:00Z,2025-04-23T11:30:00Z,2025-04-23,2025-04-23_14,0.0,100,100,0,156.7910547826088,160.0059947826088,0.008930388888888887,0.0,3.4944999999999995,True,True,False,False,0.0,0.0,176.5078153252702,213.96713143408203,0.0,-54.28571724193353,336.1892295174187
2025-04-23T11:30:00Z,2025-04-23T11:45:00Z,2025-04-23,2025-04-23_14,0.0,100,100,0,160.0059947826088,167.38209478260882,0.020489166666666666,0.0,8.0175,True,True,False,False,0.0,0.0,176.5078153252702,213.96713143408203,0.0,1743.1192520191264,2133.5941987784786
2025-04-23T11:45:00Z,2025-04-23T12:00:00Z,2025-04-23,2025-04-23_14,0.0,100,100,0,167.38209478260882,177.40595478260883,0.02784405555555556,0.0,10.8955,True,True,False,False,0.0,0.0,176.5078153252702,213.96713143408203,0.0,923.956962671274,1314.4319094306263
2025-04-23T12:00:00Z,2025-04-23T12:15:00Z,2025-04-23,2025-04-23_15,0.0,100,100,0,177.40595478260883,179.49381652173926,0.005902272946859903,0.017,2.2895,True,True,False,False,0.0,0.0,176.5078153252702,213.96713143408203,2.4261664724554985,-54.74671314340819,338.15440008839954
2025-04-23T12:15:00Z,2025-04-23T12:30:00Z,2025-04-23,2025-04-23_15,0.0,100,100,0,179.49381652173926,178.74318956521753,0.0020876304347826084,0.691,0.0005,True,True,False,False,0.0,0.0,176.5078153252702,213.96713143408203,103.062204363724,-0.03917708040342348,493.4979740426728
2025-04-23T12:30:00Z,2025-04-23T12:45:00Z,2025-04-23,2025-04-23_15,0.0,100,100,0,178.74318956521753,178.8315626086958,0.0004598526570048309,0.0355,0.138,True,True,False,False,0.0,0.0,176.5078153252702,213.96713143408203,5.116324988950053,-10.432150118535782,385.1591216297665
2025-04-23T12:45:00Z,2025-04-23T13:00:00Z,2025-04-23,2025-04-23_15,0.0,100,100,0,178.8315626086958,179.10591565217408,0.00125424154589372,0.0815,0.3945000000000001,True,True,False,False,0.0,0.0,176.5078153252702,213.96713143408203,11.921491340860689,-19.79752129625909,382.59891680395384
2025-04-23T13:00:00Z,2025-04-23T13:15:00Z,2025-04-23,2025-04-23_16,0.0,100,100,0,179.10591565217408,186.47833565217408,0.020478944444444445,0.0,8.0135,True,True,False,False,0.0,0.0,176.5078153252702,213.96713143408203,0.0,-42.61287378952867,347.86207296982354
2025-04-23T13:15:00Z,2025-04-23T13:30:00Z,2025-04-23,2025-04-23_16,0.0,100,100,0,186.47833565217408,188.1713773913045,0.006124995169082126,0.2355,2.1185,True,True,False,False,0.0,0.0,176.5078153252702,213.96713143408203,35.20151082894684,-84.07900620806043,341.5974513802386
2025-04-23T13:30:00Z,2025-04-23T13:45:00Z,2025-04-23,2025-04-23_16,0.0,100,100,0,188.1713773913045,188.06269391304366,0.0005344541062801933,0.1385,0.0455,True,True,False,False,0.0,0.0,176.5078153252702,213.96713143408203,20.2073264153976,-3.6304107566199217,407.05186241812993
2025-04-23T13:45:00Z,2025-04-23T14:00:00Z,2025-04-23,2025-04-23_16,0.0,100,100,0,188.06269391304366,185.3920008695654,0.0074364806763285015,2.46,0.0035000000000000005,True,True,False,False,0.0,0.0,176.5078153252702,213.96713143408203,437.42075782537063,-0.28127134648611724,827.6144332382368
2025-04-23T14:00:00Z,2025-04-23T14:15:00Z,2025-04-23,2025-04-23_17,0.0,100,100,0,185.3920008695654,187.9212600000002,0.007252169082125603,0.0375,2.7935,True,True,False,False,0.0,0.0,176.5078153252702,213.96713143408203,5.5567188692891865,-44.46117852694177,351.57048710169965
2025-04-23T14:15:00Z,2025-04-23T14:30:00Z,2025-04-23,2025-04-23_17,0.0,100,100,0,187.9212600000002,189.9967800000002,0.005765333333333333,0.0,2.256,True,True,False,False,0.0,0.0,176.5078153252702,213.96713143408203,0.0,-90.67783822879413,299.7971085305581
2025-04-23T14:30:00Z,2025-04-23T14:45:00Z,2025-04-23,2025-04-23_17,0.0,100,100,0,189.9967800000002,187.21521739130455,0.0077444516908212555,2.562,0.0035000000000000005,True,True,False,False,0.0,0.0,176.5078153252702,213.96713143408203,474.37611925905077,-0.28127134648611724,864.5697946719168
2025-04-23T14:45:00Z,2025-04-23T15:00:00Z,2025-04-23,2025-04-23_17,0.0,100,100,0,187.21521739130455,176.8929347826089,0.02867300724637681,9.4965,0.0,True,True,False,False,0.0,0.0,176.5078153252702,213.96713143408203,1924.2918940611562,0.0,2314.7668408205086
2025-04-23T15:00:00Z,2025-04-23T15:15:00Z,2025-04-23,2025-04-23_18,-25.986601466755154,100,74,0,176.8929347826089,180.5645442938892,0.020152287201233708,2.227,0.02035,True,True,False,False,-727.6248410691443,0.0,176.5078153252702,158.3356772612207,412.24555651544983,-1.602684132277896,17.861523900518552
2025-04-23T15:15:00Z,2025-04-23T15:30:00Z,2025-04-23,2025-04-23_18,-25.986601466755154,100,74,0,180.5645442938892,185.61529408245974,0.01799646023384652,0.8875,0.0,True,True,False,False,-727.6248410691443,0.0,176.5078153252702,158.3356772612207,145.57806535540644,0.0,-247.20328312724695
2025-04-23T15:30:00Z,2025-04-23T15:45:00Z,2025-04-23,2025-04-23_18,-25.986601466755154,100,74,0,185.61529408245974,189.4389419654616,0.019850571895485253,2.065,0.00185,True,True,False,False,-727.6248410691443,0.0,176.5078153252702,158.3356772612207,366.03861252862936,-0.1152207980069916,-26.85795675203102
2025-04-23T15:45:00Z,2025-04-23T16:00:00Z,2025-04-23,2025-04-23_18,-25.986601466755154,100,74,0,189.4389419654616,187.49672787189573,0.028521064400090473,7.5885,0.0,True,True,False,False,-727.6248410691443,0.0,176.5078153252702,158.3356772612207,1773.2230016675371,0.0,1380.4416531848838
2025-04-23T16:00:00Z,2025-04-23T16:15:00Z,2025-04-23,2025-04-23_19,0.0,100,100,0,187.49672787189573,187.59002004580879,0.0025749661835748794,0.3835,0.5545,True,True,False,False,0.0,0.0,199.5620203319002,213.96713143408203,69.26307098083336,-35.648577068348935,447.14364567846667
2025-04-23T16:15:00Z,2025-04-23T16:30:00Z,2025-04-23,2025-04-23_19,0.0,100,100,0,187.59002004580879,187.92792265450444,0.001162048309178744,0.037,0.411,True,True,False,False,0.0,0.0,199.5620203319002,213.96713143408203,5.906701289830031,-29.91149234540121,389.52436071041103
2025-04-23T16:30:00Z,2025-04-23T16:45:00Z,2025-04-23,2025-04-23_19,0.0,100,100,0,187.92792265450444,187.9367261327653,0.00043810144927536234,0.0685,0.0905,True,True,False,False,0.0,0.0,199.5620203319002,213.96713143408203,11.763176055772089,-7.132143287660223,418.16018453409407
2025-04-23T16:45:00Z,2025-04-23T17:00:00Z,2025-04-23,2025-04-23_19,0.0,100,100,0,187.9367261327653,187.3486061327653,0.001769111111111111,0.5635,0.0265,True,True,False,False,0.0,0.0,199.5620203319002,213.96713143408203,100.50426779041267,-1.9365540241893355,512.0968655322056
2025-04-23T17:00:00Z,2025-04-23T17:15:00Z,2025-04-23,2025-04-23_20,64.50800670332262,35,100,0,187.3486061327653,178.1641831179124,0.040242252081452434,0.0,8.12,True,True,False,False,2983.495310028671,0.0,69.84670711616506,213.96713143408203,0.0,5214.296484108168,8481.605632687088
2025-04-23T17:15:00Z,2025-04-23T17:30:00Z,2025-04-23,2025-04-23_20,64.50800670332262,35,100,0,178.1641831179124,161.01553035525558,0.04834171327837615,0.018025,0.3895,True,True,False,False,2983.495310028671,0.0,69.84670711616506,213.96713143408203,2.9287383875115522,-28.14793657331137,3242.089950393118
2025-04-23T17:30:00Z,2025-04-23T17:45:00Z,2025-04-23,2025-04-23_20,64.50800670332262,35,100,0,161.01553035525558,143.4614947015118,0.04877572243099182,0.030274999999999996,0.008,True,True,False,False,2983.495310028671,0.0,69.84670711616506,213.96713143408203,4.517923639852131,-0.6268332864547757,3271.2002389323156
2025-04-23T17:45:00Z,2025-04-23T18:00:00Z,2025-04-23,2025-04-23_20,64.50800670332262,35,100,0,143.4614947015118,125.93748956521804,0.04874128327771346,0.028175000000000002,0.035,True,True,False,False,2983.495310028671,0.0,69.84670711616506,213.96713143408203,4.510886898782497,-2.7423956282396436,3269.0776398494613
2025-04-23T18:00:00Z,2025-04-23T18:15:00Z,2025-04-23,2025-04-23_21,100.0,0,100,0,125.93748956521804,99.14835913043542,0.07441425120772947,0.0,0.354,True,True,False,False,5299.25,0.0,0.0,212.64113794350462,0.0,-24.091188572347008,5487.799949371158
2025-04-23T18:15:00Z,2025-04-23T18:30:00Z,2025-04-23,2025-04-23_21,100.0,0,100,0,99.14835913043542,73.41248956521804,0.0714885265700483,0.0,1.323,True,True,False,False,5299.25,0.0,0.0,212.64113794350462,0.0,-75.78290935026318,5436.108228593242
2025-04-23T18:30:00Z,2025-04-23T18:45:00Z,2025-04-23,2025-04-23_21,100.0,0,100,0,73.41248956521804,46.322815652174555,0.07524909420289855,0.0,0.0775,True,True,False,False,5299.25,0.0,0.0,212.64113794350462,0.0,-6.060800819705067,5505.8303371238
2025-04-23T18:45:00Z,2025-04-23T19:00:00Z,2025-04-23,2025-04-23_21,100.0,0,100,0,46.322815652174555,19.228793913044125,0.07526117149758453,0.0,0.0735,True,True,False,False,5299.25,0.0,0.0,212.64113794350462,0.0,-5.719854642986297,5506.171283300519
2025-04-23T19:00:00Z,2025-04-23T19:15:00Z,2025-04-23,2025-04-23_22,0.0,100,100,0,19.228793913044125,10.8989026086963,0.023138586956521736,7.663499999999999,0.0,True,True,False,False,0.0,0.0,190.76224534897736,212.64113794350462,1639.6139390042993,0.0,2043.0173222967812
2025-04-23T19:15:00Z,2025-04-23T19:30:00Z,2025-04-23,2025-04-23_22,0.0,100,100,0,10.8989026086963,10.000000000000648,0.0026962850241545894,0.86,0.039,True,True,False,False,0.0,0.0,190.76224534897736,212.64113794350462,168.13506248242052,-2.980067304215052,568.5583784706874
2025-04-23T19:30:00Z,2025-04-23T19:45:00Z,2025-04-23,2025-04-23_22,0.0,100,100,0,10.000000000000648,16.00070000000065,0.016668611111111113,0.0,6.522500000000001,True,True,False,False,0.0,0.0,190.76224534897736,212.64113794350462,0.0,583.19201239603,986.595395688512
2025-04-23T19:45:00Z,2025-04-23T20:00:00Z,2025-04-23,2025-04-23_22,0.0,100,100,0,16.00070000000065,29.641540000000653,0.03789122222222223,0.0,14.827000000000002,True,True,False,False,0.0,0.0,190.76224534897736,212.64113794350462,0.0,6656.77310161932,7060.176484911803
2025-04-23T20:00:00Z,2025-04-23T20:15:00Z,2025-04-23,2025-04-23_23,0.0,100,100,0,29.641540000000653,29.799439130435434,0.00830394685990338,1.3025,1.7105,True,True,False,False,0.0,0.0,177.05026720777914,212.64113794350462,226.42471169686982,198.97526821231966,815.0913850604733
2025-04-23T20:15:00Z,2025-04-23T20:30:00Z,2025-04-23,2025-04-23_23,0.0,100,100,0,29.799439130435434,31.99928869565283,0.006189195652173913,0.013,2.4065,True,True,False,False,0.0,0.0,177.05026720777914,212.64113794350462,1.8592031984570254,-74.39969321332421,317.1509151364166
2025-04-23T20:30:00Z,2025-04-23T20:45:00Z,2025-04-23,2025-04-23_23,0.0,100,100,0,31.99928869565283,35.14890869565283,0.008748944444444446,0.0,3.4235,True,True,False,False,0.0,0.0,177.05026720777914,212.64113794350462,0.0,-59.511976935749594,330.1794282155342
2025-04-23T20:45:00Z,2025-04-23T21:00:00Z,2025-04-23,2025-04-23_23,0.0,100,100,0,35.14890869565283,43.288608695652826,0.02261027777777778,0.0,8.8475,True,True,False,False,0.0,0.0,177.05026720777914,212.64113794350462,0.0,1293.5829248201871,1683.274329971471
2025-04-23T21:00:00Z,2025-04-23T21:15:00Z,2025-04-24,2025-04-23_24,0.0,100,100,0,43.288608695652826,42.70169217391369,0.007186101449275362,1.46,1.087,True,True,False,False,0.0,0.0,176.29331993972878,217.63937719738823,249.17646207935712,-27.25350858864892,615.8556506278252
2025-04-23T21:15:00Z,2025-04-23T21:30:00Z,2025-04-24,2025-04-23_24,0.0,100,100,0,42.70169217391369,42.835686086957175,0.001332350241545894,0.159,0.3335,True,True,False,False,0.0,0.0,176.29331993972878,217.63937719738823,23.73963435459568,-15.201435861376195,402.4708956303365
2025-04-23T21:30:00Z,2025-04-23T21:45:00Z,2025-04-24,2025-04-23_24,0.0,100,100,0,42.835686086957175,42.41702521739196,0.004063502415458938,0.8655000000000002,0.5675,True,True,False,False,0.0,0.0,176.29331993972878,217.63937719738823,147.30053611250628,-22.566604721245607,518.6666285283777
2025-04-23T21:45:00Z,2025-04-23T22:00:00Z,2025-04-24,2025-04-23_24,0.0,100,100,0,42.41702521739196,46.22444521739196,0.010576166666666666,0.0,4.1385,True,True,False,False,0.0,0.0,176.29331993972878,217.63937719738823,0.0,424.3311513812154,818.2638485183325
2025-04-23T22:00:00Z,2025-04-23T22:15:00Z,2025-04-24,2025-04-24_1,0.0,100,100,0,46.22444521739196,47.99366956521805,0.006143376811594203,0.2035,2.1635,True,True,False,False,0.0,0.0,176.29331993972878,215.4696132596685,30.05524309392265,910.6120427925665,1332.4302190858864
2025-04-23T22:15:00Z,2025-04-23T22:30:00Z,2025-04-24,2025-04-24_1,0.0,100,100,0,47.99366956521805,48.618370434783266,0.0021338309178743965,0.066,0.757,True,True,False,False,0.0,0.0,176.29331993972878,215.4696132596685,9.414364640883978,-21.507012556504268,379.670285283777
2025-04-23T22:30:00Z,2025-04-23T22:45:00Z,2025-04-24,2025-04-24_1,0.0,100,100,0,48.618370434783266,55.332530434783266,0.018650444444444445,0.0,7.298,True,True,False,False,0.0,0.0,176.29331993972878,215.4696132596685,0.0,-99.42434515318936,292.3385880462079
2025-04-23T22:45:00Z,2025-04-23T23:00:00Z,2025-04-24,2025-04-24_1,0.0,100,100,0,55.332530434783266,56.21291913043544,0.003861586956521739,0.2345,1.234,True,True,False,False,0.0,0.0,176.29331993972878,215.4696132596685,34.64470728277247,-45.67423847312909,380.7334020090407
2025-04-23T23:00:00Z,2025-04-23T23:15:00Z,2025-04-24,2025-04-24_2,0.0,100,100,0,56.21291913043544,53.82596260869631,0.006630434782608696,2.196,0.0,True,True,False,False,0.0,0.0,176.29331993972878,215.4696132596685,374.6585563033651,0.0,766.4214895027624
2025-04-23T23:15:00Z,2025-04-23T23:30:00Z,2025-04-24,2025-04-24_2,0.0,100,100,0,53.82596260869631,53.717403478261524,0.0005136642512077295,0.135,0.0415,True,True,False,False,0.0,0.0,176.29331993972878,215.4696132596685,19.697035660472125,-2.186839477649422,409.27312938221996
2025-04-23T23:30:00Z,2025-04-23T23:45:00Z,2025-04-24,2025-04-24_2,0.0,100,100,0,53.717403478261524,56.391216521739786,0.007433297101449277,0.001,2.9075,True,True,False,False,0.0,0.0,176.29331993972878,215.4696132596685,0.14063284781516824,-103.53971120040181,288.3638548468106
2025-04-23T23:45:00Z,2025-04-24T00:00:00Z,2025-04-24,2025-04-24_2,0.0,100,100,0,56.391216521739786,57.97913652173978,0.0044108888888888895,0.0,1.7260000000000002,True,True,False,False,0.0,0.0,176.29331993972878,215.4696132596685,0.0,-60.82593912606731,330.93699407332997
2025-04-24T00:00:00Z,2025-04-24T00:15:00Z,2025-04-24,2025-04-24_3,0.0,100,100,0,57.97913652173978,61.490316521739786,0.009753277777777777,0.0,3.8164999999999996,True,True,False,False,0.0,0.0,176.29331993972878,215.4696132596685,0.0,-122.61028598694121,269.1526472124561
2025-04-24T00:15:00Z,2025-04-24T00:30:00Z,2025-04-24,2025-04-24_3,0.0,100,100,0,61.490316521739786,64.57002000000065,0.00862115700483092,0.011,3.3605000000000005,True,True,False,False,0.0,0.0,176.29331993972878,215.4696132596685,1.5469613259668507,-98.68899005524862,294.62090447011553
2025-04-24T00:30:00Z,2025-04-24T00:45:00Z,2025-04-24,2025-04-24_3,0.0,100,100,0,64.57002000000065,63.56687043478326,0.003315526570048309,1.0105,0.1035,True,True,False,False,0.0,0.0,176.29331993972878,215.4696132596685,171.34506961325968,-4.935208538422902,558.1727942742341
2025-04-24T00:45:00Z,2025-04-24T01:00:00Z,2025-04-24,2025-04-24_3,0.0,100,100,0,63.56687043478326,63.82084173913109,0.002483857487922705,0.2945,0.624,True,True,False,False,0.0,0.0,176.29331993972878,215.4696132596685,43.54677277749874,-25.004504269211452,410.30520170768455
2025-04-24T01:00:00Z,2025-04-24T01:15:00Z,2025-04-24,2025-04-24_4,-10.0,100,90,0,63.82084173913109,64.96524121739196,0.009627257004830917,1.1865,0.12420000000000002,True,True,False,False,-224.82500000000002,0.0,176.29331993972878,193.92265193370164,201.9111923656454,-4.7409342039176305,342.5612300351582
2025-04-24T01:15:00Z,2025-04-24T01:30:00Z,2025-04-24,2025-04-24_4,-10.0,100,90,0,64.96524121739196,67.49274869565284,0.007656723671497584,0.117,0.38339999999999996,True,True,False,False,-224.82500000000002,0.0,176.29331993972878,193.92265193370164,17.21868608739327,-16.515508628829735,146.09414933199395
2025-04-24T01:30:00Z,2025-04-24T01:45:00Z,2025-04-24,2025-04-24_4,-10.0,100,90,0,67.49274869565284,69.52370486956589,0.0094295884057971,0.697,0.5184,True,True,False,False,-224.82500000000002,0.0,176.29331993972878,193.92265193370164,121.25727553992968,-21.27090756403817,245.3773398493219
2025-04-24T01:45:00Z,2025-04-24T02:00:00Z,2025-04-24,2025-04-24_4,-10.0,100,90,0,69.52370486956589,69.53024939130502,0.01319480966183575,2.4245,0.3276,True,True,False,False,-224.82500000000002,0.0,176.29331993972878,193.92265193370164,429.84010426921145,-12.595504249121046,562.6355718935208
2025-04-24T02:00:00Z,2025-04-24T02:15:00Z,2025-04-24,2025-04-24_5,0.0,100,100,0,69.53024939130502,70.56386939130502,0.002871166666666667,0.0,1.1235,True,True,False,False,0.0,0.0,176.29331993972878,215.4696132596685,0.0,-44.45313119035661,347.30980200904065
2025-04-24T02:15:00Z,2025-04-24T02:30:00Z,2025-04-24,2025-04-24_5,0.0,100,100,0,70.56386939130502,71.61910939130502,0.002931222222222222,0.0,1.147,True,True,False,False,0.0,0.0,176.29331993972878,215.4696132596685,0.0,-44.68311039678554,347.0798228026117
2025-04-24T02:30:00Z,2025-04-24T02:45:00Z,2025-04-24,2025-04-24_5,0.0,100,100,0,71.61910939130502,72.61684939130501,0.0027715,0.0,1.0845,True,True,False,False,0.0,0.0,176.29331993972878,215.4696132596685,0.0,-43.526851431441486,348.2360817679558
2025-04-24T02:45:00Z,2025-04-24T03:00:00Z,2025-04-24,2025-04-24_5,0.0,100,100,0,72.61684939130501,72.5843737391311,0.00023587681159420288,0.054,0.028499999999999998,True,True,False,False,0.0,0.0,176.29331993972878,215.4696132596685,7.5941737820190856,-2.152687594173782,397.2044193872426
2025-04-24T03:00:00Z,2025-04-24T03:15:00Z,2025-04-24,2025-04-24_6,0.0,100,100,0,72.5843737391311,75.1635937391311,0.007164500000000001,0.0,2.8035,True,True,False,False,0.0,0.0,176.29331993972878,215.4696132596685,0.0,-101.46783164239075,290.29510155700655
2025-04-24T03:15:00Z,2025-04-24T03:30:00Z,2025-04-24,2025-04-24_6,0.0,100,100,0,75.1635937391311,78.4755937391311,0.009200000000000002,0.0,3.6000000000000005,True,True,False,False,0.0,0.0,176.29331993972878,215.4696132596685,0.0,-134.34455047714718,257.4183827222501
2025-04-24T03:30:00Z,2025-04-24T03:45:00Z,2025-04-24,2025-04-24_6,0.0,100,100,0,78.4755937391311,79.6679989565224,0.0033424299516908213,0.005,1.302,True,True,False,False,0.0,0.0,176.29331993972878,215.4696132596685,0.7031642390758412,-51.407223706680064,341.0588737317931
2025-04-24T03:45:00Z,2025-04-24T04:00:00Z,2025-04-24,2025-04-24_6,0.0,100,100,0,79.6679989565224,79.81361808695718,0.0005615024154589372,0.026,0.189,True,True,False,False,0.0,0.0,176.29331993972878,215.4696132596685,3.6564540431943744,-9.44187423405324,385.97751300853844
2025-04-24T04:00:00Z,2025-04-24T04:15:00Z,2025-04-24,2025-04-24_7,0.0,100,100,0,79.81361808695718,88.68563808695717,0.024644499999999996,0.0,9.6435,True,True,False,False,0.0,0.0,197.38824711200402,202.78252134605728,0.0,4689.970676443997,5090.1414449020585
2025-04-24T04:15:00Z,2025-04-24T04:30:00Z,2025-04-24,2025-04-24_7,0.0,100,100,0,88.68563808695717,89.98835808695716,0.0036186666666666663,0.0,1.416,True,True,False,False,0.0,0.0,197.38824711200402,202.78252134605728,0.0,-54.075126870919135,346.09564158714215
2025-04-24T04:30:00Z,2025-04-24T04:45:00Z,2025-04-24,2025-04-24_7,0.0,100,100,0,89.98835808695716,91.52613808695716,0.0042716111111111114,0.0,1.6715,True,True,False,False,0.0,0.0,197.38824711200402,202.78252134605728,0.0,-62.491768558513314,337.678999899548
2025-04-24T04:45:00Z,2025-04-24T05:00:00Z,2025-04-24,2025-04-24_7,0.0,100,100,0,91.52613808695716,91.69403808695716,0.00046638888888888885,0.0,0.1825,True,True,False,False,0.0,0.0,197.38824711200402,202.78252134605728,0.0,-11.888513812154695,388.2822546459066
2025-04-24T05:00:00Z,2025-04-24T05:15:00Z,2025-04-24,2025-04-24_8,100.0,0,100,0,91.69403808695716,73.2130598260876,0.051336050724637684,0.0,7.997499999999999,True,True,False,False,2995.75,0.0,0.0,202.78252134605728,0.0,-49.7009879457559,3148.8315334003014
2025-04-24T05:15:00Z,2025-04-24T05:30:00Z,2025-04-24,2025-04-24_8,100.0,0,100,0,73.2130598260876,55.650016347826735,0.04878623188405797,0.0,8.842,True,True,False,False,2995.75,0.0,0.0,202.78252134605728,0.0,-114.33047955801106,3084.2020417880462
2025-04-24T05:30:00Z,2025-04-24T05:45:00Z,2025-04-24,2025-04-24_8,100.0,0,100,0,55.650016347826735,30.86795113043543,0.06883907004830918,0.0,2.2005,True,True,False,False,2995.75,0.0,0.0,202.78252134605728,0.0,-77.76706258161727,3120.76545876444
2025-04-24T05:45:00Z,2025-04-24T06:00:00Z,2025-04-24,2025-04-24_8,100.0,0,100,0,30.86795113043543,12.02012504347891,0.05235507246376811,0.0,7.66,True,True,False,False,2995.75,0.0,0.0,202.78252134605728,0.0,550.6597408337519,3749.1922621798094
2025-04-24T06:00:00Z,2025-04-24T06:15:00Z,2025-04-24,2025-04-24_9,7.0,93,100,0,12.02012504347891,10.429237426087607,0.0061826189371980665,0.03162,0.371,True,True,False,False,206.08,0.0,185.89723756906076,202.90306378704167,5.080855967855349,-17.09491973882471,582.866237585133
2025-04-24T06:15:00Z,2025-04-24T06:30:00Z,2025-04-24,2025-04-24_9,7.0,93,100,0,10.429237426087607,11.073363965218043,0.011201619613526571,0.0,2.733,True,True,False,False,206.08,0.0,185.89723756906076,202.90306378704167,0.0,-67.90962792566549,526.9706734304369
2025-04-24T06:30:00Z,2025-04-24T06:45:00Z,2025-04-24,2025-04-24_9,7.0,93,100,0,11.073363965218043,10.127100869565869,0.007505428599033817,0.0,1.026,True,True,False,False,206.08,0.0,185.89723756906076,202.90306378704167,0.0,-41.86718995479659,553.0131114013059
2025-04-24T06:45:00Z,2025-04-24T07:00:00Z,2025-04-24,2025-04-24_9,7.0,93,100,0,10.127100869565869,21.75022650434848,0.03671767990338164,0.0,14.517,True,True,False,False,206.08,0.0,185.89723756906076,202.90306378704167,0.0,11359.713637970868,11954.593939326971
2025-04-24T07:00:00Z,2025-04-24T07:15:00Z,2025-04-24,2025-04-24_10,20.483333411482818,79,100,0,21.75022650434848,17.679290841007152,0.017967322039773834,0.062805,1.6385,True,True,False,False,522.990710328685,0.0,139.43837267704671,216.97639377197387,9.202563348066297,-59.710198895027624,828.8978412307443
2025-04-24T07:15:00Z,2025-04-24T07:30:00Z,2025-04-24,2025-04-24_10,20.483333411482818,79,100,0,17.679290841007152,20.182345225511927,0.027415853138894063,0.0,8.4565,True,True,False,False,522.990710328685,0.0,139.43837267704671,216.97639377197387,0.0,-65.83242963335007,813.5730471443555
2025-04-24T07:30:00Z,2025-04-24T07:45:00Z,2025-04-24,2025-04-24_10,20.483333411482818,79,100,0,20.182345225511927,28.541314337773954,0.03609132779653679,0.0,14.5935,True,True,False,False,522.990710328685,0.0,139.43837267704671,216.97639377197387,0.0,1739.9175504771474,2619.323027254853
2025-04-24T07:45:00Z,2025-04-24T08:00:00Z,2025-04-24,2025-04-24_10,20.483333411482818,79,100,0,28.541314337773954,39.816790434782604,0.040412101511883854,0.0,17.65,True,True,False,False,522.990710328685,0.0,139.43837267704671,216.97639377197387,0.0,11167.214394776493,12046.619871554198
2025-04-24T08:00:00Z,2025-04-24T08:15:00Z,2025-04-24,2025-04-24_11,0.0,100,100,0,39.816790434782604,41.61602,0.010631917874396135,0.9329999999999999,3.058,True,True,False,False,0.0,0.0,176.50426921145154,216.97639377197387,165.44231541938723,-84.19928839779004,474.7236900050226
2025-04-24T08:15:00Z,2025-04-24T08:30:00Z,2025-04-24,2025-04-24_11,0.0,100,100,0,41.61602,48.89874,0.020229777777777777,0.0,7.916,True,True,False,False,0.0,0.0,176.50426921145154,216.97639377197387,0.0,-123.65817780010045,269.82248518332494
2025-04-24T08:30:00Z,2025-04-24T08:45:00Z,2025-04-24,2025-04-24_11,0.0,100,100,0,48.89874,57.10744,0.022801944444444444,0.0,8.9225,True,True,False,False,0.0,0.0,176.50426921145154,216.97639377197387,0.0,-90.41347162230035,303.0671913611251
2025-04-24T08:45:00Z,2025-04-24T09:00:00Z,2025-04-24,2025-04-24_11,0.0,100,100,0,57.10744,67.3774,0.02852766666666667,0.0,11.163,True,True,False,False,0.0,0.0,176.50426921145154,216.97639377197387,0.0,1050.4814718232044,1443.9621348066298
2025-04-24T09:00:00Z,2025-04-24T09:15:00Z,2025-04-24,2025-04-24_12,0.0,100,100,0,67.3774,66.69213043478261,0.005379082125603864,1.206,0.68,True,True,False,False,0.0,0.0,176.50426921145154,216.97639377197387,193.9592052235058,-22.675728779507786,564.7641394274234
2025-04-24T09:15:00Z,2025-04-24T09:30:00Z,2025-04-24,2025-04-24_12,0.0,100,100,0,66.69213043478261,71.65921043478261,0.013797444444444446,0.0,5.399,True,True,False,False,0.0,0.0,176.50426921145154,216.97639377197387,0.0,-67.19707664490205,326.2835863385234
2025-04-24T09:30:00Z,2025-04-24T09:45:00Z,2025-04-24,2025-04-24_12,0.0,100,100,0,71.65921043478261,78.92261043478261,0.02017611111111111,0.0,7.895,True,True,False,False,0.0,0.0,176.50426921145154,216.97639377197387,0.0,-33.418333500753384,360.06232948267206
2025-04-24T09:45:00Z,2025-04-24T10:00:00Z,2025-04-24,2025-04-24_12,0.0,100,100,0,78.92261043478261,82.90989043478261,0.011075777777777776,0.0,4.334,True,True,False,False,0.0,0.0,176.50426921145154,216.97639377197387,0.0,4.486811049723756,397.9674740331492
2025-04-24T10:00:00Z,2025-04-24T10:15:00Z,2025-04-24,2025-04-24_13,0.0,100,100,0,82.90989043478261,91.13745043478261,0.022854333333333334,0.0,8.943,True,True,False,False,0.0,0.0,176.50426921145154,216.97639377197387,0.0,-10.720819889502762,382.75984309392265
2025-04-24T10:15:00Z,2025-04-24T10:30:00Z,2025-04-24,2025-04-24_13,0.0,100,100,0,91.13745043478261,94.15827043478261,0.008391166666666667,0.0,3.2835,True,True,False,False,0.0,0.0,176.50426921145154,216.97639377197387,0.0,-67.54609723756907,325.93456574585633
2025-04-24T10:30:00Z,2025-04-24T10:45:00Z,2025-04-24,2025-04-24_13,0.0,100,100,0,94.15827043478261,103.04731043478262,0.02469177777777778,0.0,9.662,True,True,False,False,0.0,0.0,176.50426921145154,216.97639377197387,0.0,4.344260371672527,397.82492335509795
2025-04-24T10:45:00Z,2025-04-24T11:00:00Z,2025-04-24,2025-04-24_13,0.0,100,100,0,103.04731043478262,109.49559043478261,0.01791188888888889,0.0,7.009,True,True,False,False,0.0,0.0,176.50426921145154,216.97639377197387,0.0,1522.4125336012055,1915.893196584631
2025-04-24T11:00:00Z,2025-04-24T11:15:00Z,2025-04-24,2025-04-24_14,0.0,100,100,0,109.49559043478261,123.15805043478261,0.03795127777777778,0.0,14.8505,True,True,False,False,0.0,0.0,176.50426921145154,216.97639377197387,0.0,7256.525645203415,7650.00630818684
2025-04-24T11:15:00Z,2025-04-24T11:30:00Z,2025-04-24,2025-04-24_14,0.0,100,100,0,123.15805043478261,134.78961043478262,0.03230988888888889,0.0,12.643,True,True,False,False,0.0,0.0,176.50426921145154,216.97639377197387,0.0,3604.051299447514,3997.5319624309395
2025-04-24T11:30:00Z,2025-04-24T11:45:00Z,2025-04-24,2025-04-24_14,0.0,100,100,0,134.78961043478262,146.34343043478262,0.03209394444444445,0.0,12.5585,True,True,False,False,0.0,0.0,176.50426921145154,216.97639377197387,0.0,2883.302924259166,3276.7835872425912
2025-04-24T11:45:00Z,2025-04-24T12:00:00Z,2025-04-24,2025-04-24_14,0.0,100,100,0,146.34343043478262,155.9592704347826,0.026710666666666667,0.0,10.452,True,True,False,False,0.0,0.0,176.50426921145154,216.97639377197387,0.0,126.25974003013562,519.740403013561
2025-04-24T12:00:00Z,2025-04-24T12:15:00Z,2025-04-24,2025-04-24_15,0.0,100,100,0,155.9592704347826,171.95761043478262,0.04443983333333334,0.0,17.3895,True,True,False,False,0.0,0.0,176.50426921145154,216.97639377197387,0.0,8025.53635991964,8419.017022903065
2025-04-24T12:15:00Z,2025-04-24T12:30:00Z,2025-04-24,2025-04-24_15,0.0,100,100,0,171.95761043478262,173.64921130434783,0.004958553140096618,0.043,1.8895,True,True,False,False,0.0,0.0,176.50426921145154,216.97639377197387,6.232844600703164,-51.243315921647415,348.47019166248117
2025-04-24T12:30:00Z,2025-04-24T12:45:00Z,2025-04-24,2025-04-24_15,0.0,100,100,0,173.64921130434783,173.6142843478261,0.0005340193236714976,0.1045,0.0855,True,True,False,False,0.0,0.0,176.50426921145154,216.97639377197387,15.080667403314918,-5.48970979407333,403.071620592667
2025-04-24T12:45:00Z,2025-04-24T13:00:00Z,2025-04-24,2025-04-24_15,0.0,100,100,0,173.6142843478261,172.4137530434783,0.0035673647342995165,1.143,0.0455,True,True,False,False,0.0,0.0,176.50426921145154,216.97639377197387,173.73577036664992,-3.0637885484681067,564.1526448016073
2025-04-24T13:00:00Z,2025-04-24T13:15:00Z,2025-04-24,2025-04-24_16,0.0,100,100,0,172.4137530434783,177.9148930434783,0.015280944444444446,0.0,5.9795,True,True,False,False,0.0,0.0,176.50426921145154,216.97639377197387,0.0,-49.41571722752385,344.0649457559016
2025-04-24T13:15:00Z,2025-04-24T13:30:00Z,2025-04-24,2025-04-24_16,0.0,100,100,0,177.9148930434783,179.52949304347828,0.004485,0.0,1.755,True,True,False,False,0.0,0.0,176.50426921145154,216.97639377197387,0.0,-65.93052837769966,327.55013460572576
2025-04-24T13:30:00Z,2025-04-24T13:45:00Z,2025-04-24,2025-04-24_16,0.0,100,100,0,179.52949304347828,180.73315478260872,0.003515606280193237,0.028499999999999998,1.342,True,True,False,False,0.0,0.0,176.50426921145154,216.97639377197387,4.008036162732295,-47.88762872928178,349.6010704168759
2025-04-24T13:45:00Z,2025-04-24T14:00:00Z,2025-04-24,2025-04-24_16,0.0,100,100,0,180.73315478260872,180.5124539130435,0.0012800579710144928,0.3135,0.1305,True,True,False,False,0.0,0.0,176.50426921145154,216.97639377197387,46.59891712707182,-5.579500954294325,434.5000791562029
2025-04-24T14:00:00Z,2025-04-24T14:15:00Z,2025-04-24,2025-04-24_17,0.0,100,100,0,180.5124539130435,188.46263391304348,0.022083833333333337,0.0,8.6415,True,True,False,False,0.0,0.0,176.50426921145154,216.97639377197387,0.0,-8.6614652938222,384.81919768960324
2025-04-24T14:15:00Z,2025-04-24T14:30:00Z,2025-04-24,2025-04-24_17,0.0,100,100,0,188.46263391304348,189.9333,0.004166705314009663,0.0135,1.6145,True,True,False,False,0.0,0.0,176.50426921145154,216.97639377197387,1.8985434455047714,-52.393484781516825,342.98572164741336
2025-04-24T14:30:00Z,2025-04-24T14:45:00Z,2025-04-24,2025-04-24_17,0.0,100,100,0,189.9333,189.87119565217392,0.0005430676328502414,0.11849999999999998,0.0725,True,True,False,False,0.0,0.0,176.50426921145154,216.97639377197387,17.106971873430435,-4.428930688096434,406.1587041687594
2025-04-24T14:45:00Z,2025-04-24T15:00:00Z,2025-04-24,2025-04-24_17,0.0,100,100,0,189.87119565217392,187.03641304347826,0.0078743961352657,2.608,0.0,True,True,False,False,0.0,0.0,176.50426921145154,216.97639377197387,450.3548367654445,0.0,843.8354997488699
2025-04-24T15:00:00Z,2025-04-24T15:15:00Z,2025-04-24,2025-04-24_18,-5.957047525001505,100,94,0,187.03641304347826,188.2418231201794,0.004319457029074699,0.171,0.02115,True,True,False,False,-148.9261881250376,0.0,176.50426921145154,203.95781014565546,24.99849944751381,-1.6817086288297338,254.85268205075346
2025-04-24T15:15:00Z,2025-04-24T15:30:00Z,2025-04-24,2025-04-24_18,-5.957047525001505,100,94,0,188.2418231201794,189.51042660705727,0.004123024872131331,0.1055,0.013160000000000002,True,True,False,False,-148.9261881250376,0.0,176.50426921145154,203.95781014565546,12.844993269713711,-1.0330077830236064,243.3478767187595
2025-04-24T15:30:00Z,2025-04-24T15:45:00Z,2025-04-24,2025-04-24_18,-5.957047525001505,100,94,0,189.51042660705727,189.97208970859407,0.0065354005863566215,0.9250000000000002,0.09541000000000001,True,True,False,False,-148.9261881250376,0.0,176.50426921145154,203.95781014565546,159.76975389251638,-4.766570507282773,386.539074617303
2025-04-24T15:45:00Z,2025-04-24T16:00:00Z,2025-04-24,2025-04-24_18,-5.957047525001505,100,94,0,189.97208970859407,176.61624139130436,0.04054832527749565,13.672999999999998,0.0,True,True,False,False,-148.9261881250376,0.0,176.50426921145154,203.95781014565546,5360.977964640883,0.0,5592.513855872952
2025-04-24T16:00:00Z,2025-04-24T16:15:00Z,2025-04-24,2025-04-24_19,0.0,100,100,0,176.61624139130436,177.39651182608696,0.008269471014492753,1.0105,2.042,True,True,False,False,0.0,0.0,199.88950276243094,202.90306378704167,191.35022893018584,-60.70083455549974,533.4419609241587
2025-04-24T16:15:00Z,2025-04-24T16:30:00Z,2025-04-24,2025-04-24_19,0.0,100,100,0,177.39651182608696,170.35955530434782,0.01954710144927536,6.474,0.0,True,True,False,False,0.0,0.0,199.88950276243094,202.90306378704167,1378.317526469111,0.0,1781.1100930185837
2025-04-24T16:30:00Z,2025-04-24T16:45:00Z,2025-04-24,2025-04-24_19,0.0,100,100,0,170.35955530434782,158.98890313043478,0.03158514492753623,10.461,0.0,True,True,False,False,0.0,0.0,199.88950276243094,202.90306378704167,2263.085767955801,0.0,2665.878334505274
2025-04-24T16:45:00Z,2025-04-24T17:00:00Z,2025-04-24,2025-04-24_19,0.0,100,100,0,158.98890313043478,137.05629443478261,0.06092391304347826,20.178,0.0,True,True,False,False,0.0,0.0,199.88950276243094,202.90306378704167,18467.870414465095,0.0,18870.662981014568
2025-04-24T17:00:00Z,2025-04-24T17:15:00Z,2025-04-24,2025-04-24_20,0.0,100,100,0,137.05629443478261,134.94542486956522,0.005863526570048309,1.942,0.0,True,True,False,False,0.0,0.0,197.38824711200402,202.78252134605728,384.11726087393265,0.0,784.2880293319939
2025-04-24T17:15:00Z,2025-04-24T17:30:00Z,2025-04-24,2025-04-24_20,0.0,100,100,0,134.94542486956522,131.40901182608695,0.009823369565217392,3.2535000000000003,0.0,True,True,False,False,0.0,0.0,197.38824711200402,202.78252134605728,657.3161581115017,0.0,1057.4869265695631
2025-04-24T17:30:00Z,2025-04-24T17:45:00Z,2025-04-24,2025-04-24_20,0.0,100,100,0,131.40901182608695,116.05194660869566,0.04265851449275362,14.128499999999999,0.0,True,True,False,False,0.0,0.0,197.38824711200402,202.78252134605728,3248.933374384731,0.0,3649.1041428427925
2025-04-24T17:45:00Z,2025-04-24T18:00:00Z,2025-04-24,2025-04-24_20,0.0,100,100,0,116.05194660869566,97.37096834782609,0.05189160628019323,17.1865,0.0,True,True,False,False,0.0,0.0,197.38824711200402,202.78252134605728,4174.415259969865,0.0,4574.586028427926
2025-04-24T18:00:00Z,2025-04-24T18:15:00Z,2025-04-24,2025-04-24_21,64.0,36,100,0,97.37096834782609,78.30644660869565,0.05295700483091787,1.53936,0.0,True,True,False,False,2533.28,0.0,70.95128076343546,202.78252134605728,332.88926739929684,0.0,3139.90306950879
2025-04-24T18:15:00Z,2025-04-24T18:30:00Z,2025-04-24,2025-04-24_21,64.0,36,100,0,78.30644660869565,59.44109878260869,0.05240374396135265,1.35612,0.0,True,True,False,False,2533.28,0.0,70.95128076343546,202.78252134605728,307.6181468046207,0.0,3114.6319489141138
2025-04-24T18:30:00Z,2025-04-24T18:45:00Z,2025-04-24,2025-04-24_21,64.0,36,100,0,59.44109878260869,42.00554953043478,0.04844956125603865,0.04968,0.0095,True,True,False,False,2533.28,0.0,70.95128076343546,202.78252134605728,7.767756198895027,-0.7634354595680561,2814.01812284882
2025-04-24T18:45:00Z,2025-04-24T19:00:00Z,2025-04-24,2025-04-24_21,64.0,36,100,0,42.00554953043478,24.66582173913043,0.04831863053140097,0.030959999999999998,0.083,True,True,False,False,2533.28,0.0,70.95128076343546,202.78252134605728,4.578204946258162,-6.238064892014063,2805.353942163737
2025-04-24T19:00:00Z,2025-04-24T19:15:00Z,2025-04-24,2025-04-24_22,0.0,100,100,0,24.66582173913043,11.186473913043473,0.03744263285024155,12.401,0.0,True,True,False,False,0.0,0.0,197.08689100954297,215.4696132596685,12029.43091109995,0.0,12441.98741536916
2025-04-24T19:15:00Z,2025-04-24T19:30:00Z,2025-04-24,2025-04-24_22,0.0,100,100,0,11.186473913043473,11.09690782608695,0.0007113502415458937,0.159,0.0905,True,True,False,False,0.0,0.0,197.08689100954297,215.4696132596685,27.644406027122052,-7.251636363636363,432.94927393269717
2025-04-24T19:30:00Z,2025-04-24T19:45:00Z,2025-04-24,2025-04-24_22,0.0,100,100,0,11.09690782608695,11.28507391304347,0.0010208719806763284,0.0825,0.302,True,True,False,False,0.0,0.0,197.08689100954297,215.4696132596685,13.510806629834255,-17.36917127071823,408.6981396283275
2025-04-24T19:45:00Z,2025-04-24T20:00:00Z,2025-04-24,2025-04-24_22,0.0,100,100,0,11.28507391304347,19.14463391304347,0.02183211111111111,0.0,8.543,True,True,False,False,0.0,0.0,197.08689100954297,215.4696132596685,0.0,3907.507270517327,4320.0637747865385
2025-04-24T20:00:00Z,2025-04-24T20:15:00Z,2025-04-24,2025-04-24_23,0.0,100,100,0,19.14463391304347,12.676126086956517,0.022194966183574878,6.651,0.827,True,True,False,False,0.0,0.0,176.29331993972878,215.4696132596685,1282.1818511300853,63.629903365143136,1737.5746876946257
2025-04-24T20:15:00Z,2025-04-24T20:30:00Z,2025-04-24,2025-04-24_23,0.0,100,100,0,12.676126086956517,10.09514782608695,0.007169384057971014,2.3745,0.0,True,True,False,False,0.0,0.0,176.29331993972878,215.4696132596685,424.3941106981416,0.0,816.1570438975389
2025-04-24T20:30:00Z,2025-04-24T20:45:00Z,2025-04-24,2025-04-24_23,0.0,100,100,0,10.09514782608695,9.999999999999995,0.0003154106280193237,0.096,0.01,True,True,False,False,0.0,0.0,176.29331993972878,215.4696132596685,13.589144751381214,-0.8036162732295329,404.54846167754897
2025-04-24T20:45:00Z,2025-04-24T21:00:00Z,2025-04-24,2025-04-24_23,0.0,100,100,0,9.999999999999995,10.682270434782604,0.0020250265700483094,0.0215,0.767,True,True,False,False,0.0,0.0,176.29331993972878,215.4696132596685,3.023606228026117,-31.429356303365143,363.3571831240583
2025-04-24T21:00:00Z,2025-04-24T21:15:00Z,2025-04-25,2025-04-24_24,-96.39682711503652,100,3,0,10.682270434782604,17.898849605353195,0.02355990835458726,16.1495,0.0,True,True,False,False,-2243.6361511024747,0.0,176.30394599373142,6.4644780197701515,16905.147473780442,0.0,14844.279746691469
2025-04-24T21:15:00Z,2025-04-24T21:30:00Z,2025-04-25,2025-04-24_24,-96.39682711503652,100,3,0,17.898849605353195,34.85947071716683,0.04833717542071961,5.627,4.5e-05,True,True,False,False,-2243.6361511024747,0.0,176.30394599373142,6.4644780197701515,1055.9567692678613,-0.0036164911998714136,-1004.9145743123117
2025-04-24T21:30:00Z,2025-04-24T21:45:00Z,2025-04-25,2025-04-24_24,-96.39682711503652,100,3,0,34.85947071716683,55.81766034454674,0.058502227013211235,1.31,0.0,True,True,False,False,-2243.6361511024747,0.0,176.30394599373142,6.4644780197701515,219.31603512014792,0.0,-1841.5516919688253
2025-04-24T21:45:00Z,2025-04-24T22:00:00Z,2025-04-25,2025-04-24_24,-96.39682711503652,100,3,0,55.81766034454674,77.09301778260718,0.059313948554723536,0.9915,0.024165,True,True,False,False,-2243.6361511024747,0.0,176.30394599373142,6.4644780197701515,163.96244977095557,-0.2285411235232661,-1897.1338184415408
2025-04-24T22:00:00Z,2025-04-24T22:15:00Z,2025-04-25,2025-04-25_1,0.0,100,100,0,77.09301778260718,71.95296908695501,0.017500468599033817,5.2625,0.6305,True,True,False,False,0.0,0.0,176.30394599373142,215.48260065900507,977.2366918146749,-13.613286988668326,1355.409951478743
2025-04-24T22:15:00Z,2025-04-24T22:30:00Z,2025-04-25,2025-04-25_1,0.0,100,100,0,71.95296908695501,69.68286039130284,0.006305857487922705,2.0885,0.0,True,True,False,False,0.0,0.0,176.30394599373142,215.48260065900507,377.65209354657236,0.0,769.4386401993088
2025-04-24T22:30:00Z,2025-04-24T22:45:00Z,2025-04-25,2025-04-25_1,0.0,100,100,0,69.68286039130284,65.60025169565067,0.011340579710144927,3.756,0.0,True,True,False,False,0.0,0.0,176.30394599373142,215.48260065900507,692.4315647351924,0.0,1084.218111387929
2025-04-24T22:45:00Z,2025-04-24T23:00:00Z,2025-04-25,2025-04-25_1,0.0,100,100,0,65.60025169565067,62.55698647825937,0.008530181159420289,2.8125,0.015,True,True,False,False,0.0,0.0,176.30394599373142,215.48260065900507,517.2701267781082,-1.2054970666238045,907.8511763642209
2025-04-24T23:00:00Z,2025-04-24T23:15:00Z,2025-04-25,2025-04-25_2,-25.0,100,75,0,62.55698647825937,64.41302908695502,0.022028409420289857,3.7255,0.0,True,True,False,False,-526.0,0.0,176.30394599373142,161.6119504942538,644.395779856144,0.0,456.31167634412924
2025-04-24T23:15:00Z,2025-04-24T23:30:00Z,2025-04-25,2025-04-25_2,-25.0,100,75,0,64.41302908695502,62.43103343478111,0.0279976268115942,7.3975,0.0,True,True,False,False,-526.0,0.0,176.30394599373142,161.6119504942538,1309.4683762959094,0.0,1121.3842727838946
2025-04-24T23:30:00Z,2025-04-24T23:45:00Z,2025-04-25,2025-04-25_2,-25.0,100,75,0,62.43103343478111,60.40409343478111,0.028067527777777778,7.4405,0.0,True,True,False,False,-526.0,0.0,176.30394599373142,161.6119504942538,1315.1904459334564,0.0,1127.1063424214417
2025-04-24T23:45:00Z,2025-04-25T00:00:00Z,2025-04-25,2025-04-25_2,-25.0,100,75,0,60.40409343478111,65.20069560869415,0.017601521739130436,0.9445,0.03675,True,True,False,False,-526.0,0.0,176.30394599373142,161.6119504942538,158.40528078035845,-2.93990401229607,-32.61872674395241
2025-04-25T00:00:00Z,2025-04-25T00:15:00Z,2025-04-25,2025-04-25_3,4.163169815551714e-14,100,100,0,65.20069560869415,63.42302082608544,0.00495331884057974,1.638,0.003,True,True,False,False,8.633373405000368e-13,0.0,176.30394599373142,215.48260065900507,268.60935787189584,-0.2410994133247609,660.1548051113084
2025-04-25T00:15:00Z,2025-04-25T00:30:00Z,2025-04-25,2025-04-25_3,4.163169815551714e-14,100,100,0,63.42302082608544,61.080629521737606,0.006506642512077325,2.155,0.0,True,True,False,False,8.633373405000368e-13,0.0,176.30394599373142,215.48260065900507,367.08692236598887,0.0,758.8734690187263
2025-04-25T00:30:00Z,2025-04-25T00:45:00Z,2025-04-25,2025-04-25_3,4.163169815551714e-14,100,100,0,61.080629521737606,56.35454256521586,0.013128019323671527,4.348,0.0,True,True,False,False,8.633373405000368e-13,0.0,176.30394599373142,215.48260065900507,752.2646266977417,0.0,1144.051173350479
2025-04-25T00:45:00Z,2025-04-25T01:00:00Z,2025-04-25,2025-04-25_3,4.163169815551714e-14,100,100,0,56.35454256521586,53.16106430434628,0.008870772946859935,2.938,0.0,True,True,False,False,8.633373405000368e-13,0.0,176.30394599373142,215.48260065900507,504.0973318331592,0.0,895.8838784858966
2025-04-25T01:00:00Z,2025-04-25T01:15:00Z,2025-04-25,2025-04-25_4,0.0,100,100,0,53.16106430434628,53.042423434781064,0.0012163357487922704,0.256,0.1735,True,True,False,False,0.0,0.0,176.30394599373142,215.48260065900507,38.134700634895125,-12.52914570441212,417.39210158321947
2025-04-25T01:15:00Z,2025-04-25T01:30:00Z,2025-04-25,2025-04-25_4,0.0,100,100,0,53.042423434781064,51.55546691304193,0.004130434782608696,1.368,0.0,True,True,False,False,0.0,0.0,176.30394599373142,215.48260065900507,220.40653540143052,0.0,612.193082054167
2025-04-25T01:30:00Z,2025-04-25T01:45:00Z,2025-04-25,2025-04-25_4,0.0,100,100,0,51.55546691304193,51.2842303913028,0.0007713236714975845,0.2525,0.0035000000000000005,True,True,False,False,0.0,0.0,176.30394599373142,215.48260065900507,37.31091828739051,-0.28128264887888776,428.8161822912481
2025-04-25T01:45:00Z,2025-04-25T02:00:00Z,2025-04-25,2025-04-25_4,0.0,100,100,0,51.2842303913028,51.28123213043324,0.00023321739130434784,0.04,0.044,True,True,False,False,0.0,0.0,176.30394599373142,215.48260065900507,5.79803905810496,-3.4929309652013174,394.09165474564014
2025-04-25T02:00:00Z,2025-04-25T02:15:00Z,2025-04-25,2025-04-25_5,0.0,100,100,0,51.28123213043324,58.141672130433236,0.01905677777777778,0.0,7.457,True,True,False,False,0.0,0.0,176.30394599373142,215.48260065900507,0.0,-81.5982060194487,310.1883406332878
2025-04-25T02:15:00Z,2025-04-25T02:30:00Z,2025-04-25,2025-04-25_5,0.0,100,100,0,58.141672130433236,63.74309213043323,0.0155595,0.0,6.0885,True,True,False,False,0.0,0.0,176.30394599373142,215.48260065900507,0.0,-127.24539299204372,264.54115366069277
2025-04-25T02:30:00Z,2025-04-25T02:45:00Z,2025-04-25,2025-04-25_5,0.0,100,100,0,63.74309213043323,66.74367213043324,0.008334944444444443,0.0,3.2615,True,True,False,False,0.0,0.0,176.30394599373142,215.48260065900507,0.0,-93.77631610142248,298.010230551314
2025-04-25T02:45:00Z,2025-04-25T03:00:00Z,2025-04-25,2025-04-25_5,0.0,100,100,0,66.74367213043324,67.71682430434629,0.0027273550724637684,0.004,1.0625,True,True,False,False,0.0,0.0,176.30394599373142,215.48260065900507,0.5625652977577755,333.89615396206705,726.2452659125613
2025-04-25T03:00:00Z,2025-04-25T03:15:00Z,2025-04-25,2025-04-25_6,0.0,100,100,0,67.71682430434629,78.20620430434629,0.02913716666666667,0.0,11.4015,True,True,False,False,0.0,0.0,176.30394599373142,215.48260065900507,0.0,5375.214404986739,5767.000951639476
2025-04-25T03:15:00Z,2025-04-25T03:30:00Z,2025-04-25,2025-04-25_6,0.0,100,100,0,78.20620430434629,96.46176430434629,0.05070988888888889,0.0,19.843,True,True,False,False,0.0,0.0,176.30394599373142,215.48260065900507,0.0,16995.530297355945,17387.31684400868
2025-04-25T03:30:00Z,2025-04-25T03:45:00Z,2025-04-25,2025-04-25_6,0.0,100,100,0,96.46176430434629,110.6076843043463,0.03929422222222223,0.0,15.376000000000001,True,True,False,False,0.0,0.0,176.30394599373142,215.48260065900507,0.0,5040.792930965202,5432.579477617938
2025-04-25T03:45:00Z,2025-04-25T04:00:00Z,2025-04-25,2025-04-25_6,0.0,100,100,0,110.6076843043463,120.5804843043463,0.027702222222222222,0.0,10.84,True,True,False,False,0.0,0.0,176.30394599373142,215.48260065900507,0.0,-11.943775616812667,379.8427710359238
2025-04-25T04:00:00Z,2025-04-25T04:15:00Z,2025-04-25,2025-04-25_7,0.0,100,100,0,120.5804843043463,125.8493243043463,0.014635666666666668,0.0,5.727,True,True,False,False,0.0,0.0,198.6056417262718,191.88499557984412,0.0,3170.176178373383,3560.666815679499
2025-04-25T04:15:00Z,2025-04-25T04:30:00Z,2025-04-25,2025-04-25_7,0.0,100,100,0,125.8493243043463,132.834719086955,0.019443125603864735,0.0065,7.6005,True,True,False,False,0.0,0.0,198.6056417262718,191.88499557984412,0.9744436631037531,805.3091053202604,1196.77418628948
2025-04-25T04:30:00Z,2025-04-25T04:45:00Z,2025-04-25,2025-04-25_7,0.0,100,100,0,132.834719086955,144.66131908695502,0.03285166666666667,0.0,12.855,True,True,False,False,0.0,0.0,198.6056417262718,191.88499557984412,0.0,8922.741971389536,9313.232608695653
2025-04-25T04:45:00Z,2025-04-25T05:00:00Z,2025-04-25,2025-04-25_7,0.0,100,100,0,144.66131908695502,145.23034604347674,0.0017134806763285026,0.022,0.6445,True,True,False,False,0.0,0.0,198.6056417262718,191.88499557984412,3.817405770312625,-29.465298963272524,364.842744113156
2025-04-25T05:00:00Z,2025-04-25T05:15:00Z,2025-04-25,2025-04-25_8,100.00000000000001,0,100,0,145.23034604347674,121.37871560869414,0.06625452898550725,0.0,3.0565,True,True,False,False,2834.7500000000005,0.0,0.0,191.88499557984412,0.0,21.163738547777868,3047.7987341276225
2025-04-25T05:15:00Z,2025-04-25T05:30:00Z,2025-04-25,2025-04-25_8,100.00000000000001,0,100,0,121.37871560869414,94.4971938695637,0.07467089371980676,0.0,0.269,True,True,False,False,2834.7500000000005,0.0,0.0,191.88499557984412,0.0,-14.789433215462509,3011.845562364382
2025-04-25T05:30:00Z,2025-04-25T05:45:00Z,2025-04-25,2025-04-25_8,100.00000000000001,0,100,0,94.4971938695637,71.72599821738979,0.06325332125603866,0.0,4.0505,True,True,False,False,2834.7500000000005,0.0,0.0,191.88499557984412,0.0,44.517901932813636,3071.152897512658
2025-04-25T05:45:00Z,2025-04-25T06:00:00Z,2025-04-25,2025-04-25_8,100.00000000000001,0,100,0,71.72599821738979,55.78088952173761,0.04429196859903383,0.0,10.3305,True,True,False,False,2834.7500000000005,0.0,0.0,191.88499557984412,0.0,5946.942903339227,8973.577898919071
2025-04-25T06:00:00Z,2025-04-25T06:15:00Z,2025-04-25,2025-04-25_9,64.99999999999997,35,100,0,55.78088952173761,39.537093260868055,0.047592111835748775,0.00105,1.381,True,True,False,False,1724.2874999999992,0.0,69.51197460419513,191.88499557984412,0.154705386562726,-44.201600297355945,1941.6375752732451
2025-04-25T06:15:00Z,2025-04-25T06:30:00Z,2025-04-25,2025-04-25_9,64.99999999999997,35,100,0,39.537093260868055,22.875632173911537,0.04803941968599031,0.008225,0.9825,True,True,False,False,1724.2874999999992,0.0,69.51197460419513,191.88499557984412,1.2692877772643254,-38.311814875833804,1948.641943085469
2025-04-25T06:30:00Z,2025-04-25T06:45:00Z,2025-04-25,2025-04-25_9,64.99999999999997,35,100,0,22.875632173911537,10.0528119999985,0.04403745603864733,0.0,4.706,True,True,False,False,1724.2874999999992,0.0,69.51197460419513,191.88499557984412,0.0,-88.06683516836777,1897.6176350156707
2025-04-25T06:45:00Z,2025-04-25T07:00:00Z,2025-04-25,2025-04-25_9,64.99999999999997,35,100,0,10.0528119999985,13.155108173911547,0.027499282850241554,0.0,20.1895,True,True,False,False,1724.2874999999992,0.0,69.51197460419513,191.88499557984412,0.0,13896.847576046774,15882.532046230812
2025-04-25T07:00:00Z,2025-04-25T07:15:00Z,2025-04-25,2025-04-25_10,-19.999999999999982,100,80,0,13.155108173911547,13.531739130433282,0.024679047342995163,4.892,1.0116,True,True,False,False,-250.14999999999978,0.0,176.30394599373142,172.6271799405288,701.9388989793458,-2.768831230410673,797.9511936831956
2025-04-25T07:15:00Z,2025-04-25T07:30:00Z,2025-04-25,2025-04-25_10,-19.999999999999982,100,80,0,13.531739130433282,13.852683999998495,0.020512286473429942,4.0615,0.0,True,True,False,False,-250.14999999999978,0.0,176.30394599373142,172.6271799405288,575.3160610383347,0.0,674.0971869725952
2025-04-25T07:30:00Z,2025-04-25T07:45:00Z,2025-04-25,2025-04-25_10,-19.999999999999982,100,80,0,13.852683999998495,13.961335478259361,0.020896012560386465,4.263,0.0,True,True,False,False,-250.14999999999978,0.0,176.30394599373142,172.6271799405288,598.7060254761714,0.0,697.4871514104318
2025-04-25T07:45:00Z,2025-04-25T08:00:00Z,2025-04-25,2025-04-25_10,-19.999999999999982,100,80,0,13.961335478259361,18.186963826085446,0.016397276811594193,0.9645000000000001,0.6976,True,True,False,False,-250.14999999999978,0.0,176.30394599373142,172.6271799405288,135.45671160491844,-27.56243221088162,206.67540532829727
2025-04-25T08:00:00Z,2025-04-25T08:15:00Z,2025-04-25,2025-04-25_11,-99.99999999999997,100,0,0,18.186963826085446,40.806543826085445,0.06283216666666666,0.4135,0.0,True,True,False,False,-1073.7499999999998,0.0,176.30394599373142,0.0,55.1452413003295,0.0,-842.3008127059388
2025-04-25T08:15:00Z,2025-04-25T08:30:00Z,2025-04-25,2025-04-25_11,-99.99999999999997,100,0,0,40.806543826085445,63.35022382608544,0.06262133333333332,0.496,0.0,True,True,False,False,-1073.7499999999998,0.0,176.30394599373142,0.0,65.23398537330226,0.0,-832.2120686329661
2025-04-25T08:30:00Z,2025-04-25T08:45:00Z,2025-04-25,2025-04-25_11,-99.99999999999997,100,0,0,63.35022382608544,85.34926382608543,0.061108444444444424,1.088,0.0,True,True,False,False,-1073.7499999999998,0.0,176.30394599373142,0.0,145.09799887486943,0.0,-752.348055131399
2025-04-25T08:45:00Z,2025-04-25T09:00:00Z,2025-04-25,2025-04-25_11,-99.99999999999997,100,0,0,85.34926382608543,108.19700382608544,0.06346594444444444,0.1655,0.0,True,True,False,False,-1073.7499999999998,0.0,176.30394599373142,0.0,22.071432733263684,0.0,-875.3746212730047
2025-04-25T09:00:00Z,2025-04-25T09:15:00Z,2025-04-25,2025-04-25_12,0.0,100,100,0,108.19700382608544,108.99490817391153,0.0024730434782608696,0.0425,0.9174999999999999,True,True,False,False,0.0,0.0,176.30394599373142,215.783974925661,6.050008036647112,-32.37260457687053,365.765324379169
2025-04-25T09:15:00Z,2025-04-25T09:30:00Z,2025-04-25,2025-04-25_12,0.0,100,100,0,108.99490817391153,108.820662086955,0.0013094613526570048,0.297,0.1615,True,True,False,False,0.0,0.0,176.30394599373142,215.783974925661,44.03335891665997,-8.174290765892469,427.94698907015993
2025-04-25T09:30:00Z,2025-04-25T09:45:00Z,2025-04-25,2025-04-25_12,0.0,100,100,0,108.820662086955,105.5373429565202,0.009125442028985508,3.0215,0.001,True,True,False,False,0.0,0.0,176.30394599373142,215.783974925661,492.87808978943985,-0.0783573093305473,884.8876533995017
2025-04-25T09:45:00Z,2025-04-25T10:00:00Z,2025-04-25,2025-04-25_12,0.0,100,100,0,105.5373429565202,98.08679947825934,0.020695954106280192,6.8545,0.0,True,True,False,False,0.0,0.0,176.30394599373142,215.783974925661,1178.6250226030702,0.0,1570.7129435224626
2025-04-25T10:00:00Z,2025-04-25T10:15:00Z,2025-04-25,2025-04-25_13,-30.0,100,70,0,98.08679947825934,91.5287509565202,0.036648234782608695,12.9795,0.0,True,True,False,False,-384.675,0.0,176.30394599373142,151.0487824479627,9531.950050128587,0.0,9474.627778570282
2025-04-25T10:15:00Z,2025-04-25T10:30:00Z,2025-04-25,2025-04-25_13,-30.0,100,70,0,91.5287509565202,79.41878434782454,0.0438599961352657,18.334,0.0,True,True,False,False,-384.675,0.0,176.30394599373142,151.0487824479627,20378.683768383835,0.0,20321.361496825528
2025-04-25T10:30:00Z,2025-04-25T10:45:00Z,2025-04-25,2025-04-25_13,-30.0,100,70,0,79.41878434782454,75.32019043478107,0.03345348309178744,10.6075,0.0,True,True,False,False,-384.675,0.0,176.30394599373142,151.0487824479627,9821.272236397976,0.0,9763.94996483967
2025-04-25T10:45:00Z,2025-04-25T11:00:00Z,2025-04-25,2025-04-25_13,-30.0,100,70,0,75.32019043478107,81.51164417391152,0.020155306280193238,0.6995,0.018199999999999997,True,True,False,False,-384.675,0.0,176.30394599373142,151.0487824479627,104.38560415494656,-1.4261030298159605,45.637229566824715
2025-04-25T11:00:00Z,2025-04-25T11:15:00Z,2025-04-25,2025-04-25_14,0.0,100,100,0,81.51164417391152,58.89262243478109,0.06283061594202899,20.8095,0.0,True,True,False,False,0.0,0.0,176.30394599373142,215.783974925661,25609.61597605079,0.0,26001.703896970183
2025-04-25T11:15:00Z,2025-04-25T11:30:00Z,2025-04-25,2025-04-25_14,0.0,100,100,0,58.89262243478109,40.944796347824564,0.049855072463768114,16.512,0.0,True,True,False,False,0.0,0.0,176.30394599373142,215.783974925661,19870.997026440567,0.0,20263.08494735996
2025-04-25T11:30:00Z,2025-04-25T11:45:00Z,2025-04-25,2025-04-25_14,0.0,100,100,0,40.944796347824564,39.72020417391152,0.004004756038647343,1.2265,0.11799999999999998,True,True,False,False,0.0,0.0,176.30394599373142,215.783974925661,180.85182612713973,-7.090336735513943,565.8494103110182
2025-04-25T11:45:00Z,2025-04-25T12:00:00Z,2025-04-25,2025-04-25_14,0.0,100,100,0,39.72020417391152,49.22840417391152,0.026411666666666667,0.0,10.335,True,True,False,False,0.0,0.0,176.30394599373142,215.783974925661,0.0,2830.5756811058427,3222.663602025235
2025-04-25T12:00:00Z,2025-04-25T12:15:00Z,2025-04-25,2025-04-25_15,-100.00000000000024,0,0,0,49.22840417391152,72.22840417391157,0.06388888888888905,0.0,0.0,True,False,False,False,-1098.0000000000027,0.0,0.0,0.0,0.0,0.0,-1098.0000000000027
2025-04-25T12:15:00Z,2025-04-25T12:30:00Z,2025-04-25,2025-04-25_15,-100.00000000000024,0,0,0,72.22840417391157,95.22840417391163,0.06388888888888905,0.0,0.0,True,False,False,False,-1098.0000000000027,0.0,0.0,0.0,0.0,0.0,-1098.0000000000027
2025-04-25T12:30:00Z,2025-04-25T12:45:00Z,2025-04-25,2025-04-25_15,-100.00000000000024,0,0,0,95.22840417391163,118.22840417391168,0.06388888888888905,0.0,0.0,True,False,False,False,-1098.0000000000027,0.0,0.0,0.0,0.0,0.0,-1098.0000000000027
2025-04-25T12:45:00Z,2025-04-25T13:00:00Z,2025-04-25,2025-04-25_15,-100.00000000000024,0,0,0,118.22840417391168,141.22840417391174,0.06388888888888905,0.0,0.0,True,False,False,False,-1098.0000000000027,0.0,0.0,0.0,0.0,0.0,-1098.0000000000027
2025-04-25T13:00:00Z,2025-04-25T13:15:00Z,2025-04-25,2025-04-25_16,0.0,100,100,0,141.22840417391174,148.72686417391174,0.020829055555555556,0.0,8.1505,True,True,False,False,0.0,0.0,176.30394599373142,215.48260065900507,0.0,-31.673826850437994,360.1127198022985
2025-04-25T13:15:00Z,2025-04-25T13:30:00Z,2025-04-25,2025-04-25_16,0.0,100,100,0,148.72686417391174,157.84820417391174,0.025337055555555557,0.0,9.9145,True,True,False,False,0.0,0.0,176.30394599373142,215.48260065900507,0.0,5.462018604838062,397.24856525757457
2025-04-25T13:30:00Z,2025-04-25T13:45:00Z,2025-04-25,2025-04-25_16,0.0,100,100,0,157.84820417391174,170.69186417391174,0.03567683333333334,0.0,13.960500000000001,True,True,False,False,0.0,0.0,176.30394599373142,215.48260065900507,0.0,1249.814239331351,1641.6007859840875
2025-04-25T13:45:00Z,2025-04-25T14:00:00Z,2025-04-25,2025-04-25_16,0.0,100,100,0,170.69186417391174,180.45858417391173,0.027129777777777777,0.0,10.616,True,True,False,False,0.0,0.0,176.30394599373142,215.48260065900507,0.0,31.97896166519328,423.76550831792974
2025-04-25T14:00:00Z,2025-04-25T14:15:00Z,2025-04-25,2025-04-25_17,76.98683426432886,23,100,0,180.45858417391173,182.89645273883139,0.01943098452222659,0.0,22.277,True,True,False,False,1548.590171226975,0.0,40.549907578558226,215.48260065900507,0.0,23497.05201237644,25301.674691840977
2025-04-25T14:15:00Z,2025-04-25T14:30:00Z,2025-04-25,2025-04-25_17,76.98683426432886,23,100,0,182.89645273883139,187.32024572380806,0.016142304523795618,0.0,24.171,True,True,False,False,1548.590171226975,0.0,40.549907578558226,215.48260065900507,0.0,27947.91543196978,29752.538111434318
2025-04-25T14:30:00Z,2025-04-25T14:45:00Z,2025-04-25,2025-04-25_17,76.98683426432886,23,100,0,187.32024572380806,179.67121200734002,0.03613483963569334,0.0,12.656999999999998,True,True,False,False,1548.590171226975,0.0,40.549907578558226,215.48260065900507,0.0,3688.1326187414606,5492.755298205999
2025-04-25T14:45:00Z,2025-04-25T15:00:00Z,2025-04-25,2025-04-25_17,76.98683426432886,23,100,0,179.67121200734002,171.08059427333706,0.037694097628613615,0.0,11.759,True,True,False,False,1548.590171226975,0.0,40.549907578558226,215.48260065900507,0.0,339.84436128747086,2144.467040752009
2025-04-25T15:00:00Z,2025-04-25T15:15:00Z,2025-04-25,2025-04-25_18,0.0,100,100,0,171.08059427333706,178.05971427333705,0.019386444444444446,0.0,7.585999999999999,True,True,False,False,0.0,0.0,176.30394599373142,215.48260065900507,0.0,85.45452503415574,477.2410716868922
2025-04-25T15:15:00Z,2025-04-25T15:30:00Z,2025-04-25,2025-04-25_18,0.0,100,100,0,178.05971427333705,179.03002992551097,0.0028553454106280195,0.0265,1.086,True,True,False,False,0.0,0.0,176.30394599373142,215.48260065900507,3.8861218154785817,-45.32498633769992,350.3476821305152
2025-04-25T15:30:00Z,2025-04-25T15:45:00Z,2025-04-25,2025-04-25_18,0.0,100,100,0,179.03002992551097,173.49687775159794,0.015369867149758451,5.0905,0.0,True,True,False,False,0.0,0.0,176.30394599373142,215.48260065900507,898.5481163103752,0.0,1290.3346629631117
2025-04-25T15:45:00Z,2025-04-25T16:00:00Z,2025-04-25,2025-04-25_18,0.0,100,100,0,173.49687775159794,168.8115516646414,0.013014794685990339,4.3105,0.0,True,True,False,False,0.0,0.0,176.30394599373142,215.48260065900507,751.1998038053524,0.0,1142.986350458089
2025-04-25T16:00:00Z,2025-04-25T16:15:00Z,2025-04-25,2025-04-25_19,0.0,100,100,0,168.8115516646414,186.57173427333706,0.049348937198067634,0.0025,19.3075,True,True,False,False,0.0,0.0,198.30426745961586,191.88499557984412,0.442118058346058,21942.50514395644,22333.136525054248
2025-04-25T16:15:00Z,2025-04-25T16:30:00Z,2025-04-25,2025-04-25_19,0.0,100,100,0,186.57173427333706,187.26940296898923,0.0022429202898550725,0.0505,0.818,True,True,False,False,0.0,0.0,198.30426745961586,191.88499557984412,7.966331371051998,-33.22603190548903,364.92956250502294
2025-04-25T16:30:00Z,2025-04-25T16:45:00Z,2025-04-25,2025-04-25_19,0.0,100,100,0,187.26940296898923,186.82646818638054,0.0012303743961352657,0.4075,0.0,True,True,False,False,0.0,0.0,198.30426745961586,191.88499557984412,71.67683637386483,0.0,461.86609941332483
2025-04-25T16:45:00Z,2025-04-25T17:00:00Z,2025-04-25,2025-04-25_19,0.0,100,100,0,186.82646818638054,186.8982916646414,0.000613157004830918,0.0685,0.159,True,True,False,False,0.0,0.0,198.30426745961586,191.88499557984412,11.100614100297356,-7.827680020895283,393.46219711886204
2025-04-25T17:00:00Z,2025-04-25T17:15:00Z,2025-04-25,2025-04-25_20,8.999999999998126,91,100,0,186.8982916646414,187.86476955159844,0.014438404758453077,0.027755,3.6815,True,True,False,False,262.52999999994535,0.0,180.73113397090736,191.88499557984412,4.550148186731495,-77.88829693401912,561.8079808034092
2025-04-25T17:15:00Z,2025-04-25T17:30:00Z,2025-04-25,2025-04-25_20,8.999999999998126,91,100,0,187.86476955159844,186.25175810812067,0.008622401787438292,0.0,0.8905,True,True,False,False,262.52999999994535,0.0,180.73113397090736,191.88499557984412,0.0,-34.78714668890139,600.3589828617954
2025-04-25T17:30:00Z,2025-04-25T17:45:00Z,2025-04-25,2025-04-25_20,8.999999999998126,91,100,0,186.25175810812067,183.96614590812118,0.007216354999998604,0.013195,0.1865,True,True,False,False,262.52999999994535,0.0,180.73113397090736,191.88499557984412,1.9288952161858073,-11.387733765972836,625.6872910009098
2025-04-25T17:45:00Z,2025-04-25T18:00:00Z,2025-04-25,2025-04-25_20,8.999999999998126,91,100,0,183.96614590812118,181.3830122298608,0.007217231328501002,0.13422499999999998,0.009,True,True,False,False,262.52999999994535,0.0,180.73113397090736,191.88499557984412,21.93089578477859,-0.7052157839749256,656.3718095515005
2025-04-25T18:00:00Z,2025-04-25T18:15:00Z,2025-04-25,2025-04-25_21,100.0,0,100,0,181.3830122298608,154.59822962116516,0.07440217391304348,0.0,0.358,True,True,False,False,3079.5,0.0,0.0,191.88499557984412,0.0,-18.705305794422564,3252.6796897854215
2025-04-25T18:15:00Z,2025-04-25T18:30:00Z,2025-04-25,2025-04-25_21,100.0,0,100,0,154.59822962116516,127.52322962116517,0.07520833333333334,0.0,0.091,True,True,False,False,3079.5,0.0,0.0,191.88499557984412,0.0,-6.829132042112032,3264.555863537732
2025-04-25T18:30:00Z,2025-04-25T18:45:00Z,2025-04-25,2025-04-25_21,100.0,0,100,0,127.52322962116517,100.47540353420865,0.0751328502415459,0.0,0.116,True,True,False,False,3079.5,0.0,0.0,191.88499557984412,0.0,-7.462017198424818,3263.9229783814194
2025-04-25T18:45:00Z,2025-04-25T19:00:00Z,2025-04-25,2025-04-25_21,100.0,0,100,0,100.47540353420865,74.26236005594778,0.07281400966183575,0.0,0.8840000000000001,True,True,False,False,3079.5,0.0,0.0,191.88499557984412,0.0,-33.00951056819096,3238.375485011653
2025-04-25T19:00:00Z,2025-04-25T19:15:00Z,2025-04-25,2025-04-25_22,59.12137125147284,0,0,0,74.26236005594778,58.1967700419606,0.04462663892774218,0.0,0.0,True,False,False,False,1620.3689825747417,0.0,0.0,0.0,0.0,0.0,1620.3689825747417
2025-04-25T19:15:00Z,2025-04-25T19:30:00Z,2025-04-25,2025-04-25_22,59.12137125147284,0,0,0,58.1967700419606,42.131180027973414,0.04462663892774218,0.0,0.0,True,False,False,False,1620.3689825747417,0.0,0.0,0.0,0.0,0.0,1620.3689825747417
2025-04-25T19:30:00Z,2025-04-25T19:45:00Z,2025-04-25,2025-04-25_22,59.12137125147284,0,0,0,42.131180027973414,26.06559001398623,0.04462663892774218,0.0,0.0,True,False,False,False,1620.3689825747417,0.0,0.0,0.0,0.0,0.0,1620.3689825747417
2025-04-25T19:45:00Z,2025-04-25T20:00:00Z,2025-04-25,2025-04-25_22,59.12137125147284,0,0,0,26.06559001398623,9.999999999999048,0.04462663892774218,0.0,0.0,True,False,False,False,1620.3689825747417,0.0,0.0,0.0,0.0,0.0,1620.3689825747417
2025-04-25T20:00:00Z,2025-04-25T20:15:00Z,2025-04-25,2025-04-25_23,5.900038118483585,94,100,0,9.999999999999048,12.18075537548632,0.013514824584017829,0.0,4.0695,True,True,False,False,148.04670648804935,0.0,165.72570923410754,215.48260065900507,0.0,848.6647413204211,1377.919757701583
2025-04-25T20:15:00Z,2025-04-25T20:30:00Z,2025-04-25,2025-04-25_23,5.900038118483585,94,100,0,12.18075537548632,11.958312137797016,0.007760084989277386,0.0,1.485,True,True,False,False,148.04670648804935,0.0,165.72570923410754,215.48260065900507,0.0,-50.266289279112755,478.9887271020492
2025-04-25T20:30:00Z,2025-04-25T20:45:00Z,2025-04-25,2025-04-25_23,5.900038118483585,94,100,0,11.958312137797016,11.496483823168719,0.007210631250492571,0.004229999999999999,1.2325,True,True,False,False,148.04670648804935,0.0,165.72570923410754,215.48260065900507,0.5949128023788475,-39.77915293739452,490.0707762461463
2025-04-25T20:45:00Z,2025-04-25T21:00:00Z,2025-04-25,2025-04-25_23,5.900038118483585,94,100,0,11.496483823168719,9.999999999998748,0.004904785094737125,0.03478,0.1555,True,True,False,False,148.04670648804935,0.0,165.72570923410754,215.48260065900507,5.107563051514908,-9.793669432612715,524.5689100000642
2025-04-25T21:00:00Z,2025-04-25T21:15:00Z,2025-04-26,2025-04-25_24,0.0,28,100,0,9.999999999998748,10.0001026086944,0.0002987149758454106,0.04942,0.0585,True,True,False,False,0.0,0.0,49.26186362357858,217.3122513762205,7.306641853176357,-4.282356551613292,269.5984003013621
2025-04-25T21:15:00Z,2025-04-25T21:30:00Z,2025-04-26,2025-04-25_24,0.0,28,100,0,10.0001026086944,10.513642608694399,0.0014459444444444446,0.00322,0.562,True,True,False,False,0.0,0.0,49.26186362357858,217.3122513762205,0.46646009161409574,-17.142840438783303,249.89773465262988
2025-04-25T21:30:00Z,2025-04-25T21:45:00Z,2025-04-26,2025-04-25_24,0.0,28,100,0,10.513642608694399,12.2634826086944,0.004860666666666667,0.0,1.902,True,True,False,False,0.0,0.0,49.26186362357858,217.3122513762205,0.0,-65.01703499819183,201.55708000160723
2025-04-25T21:45:00Z,2025-04-25T22:00:00Z,2025-04-26,2025-04-25_24,0.0,28,100,0,12.2634826086944,14.8178626086944,0.0070955,0.0,2.7765,True,True,False,False,0.0,0.0,49.26186362357858,217.3122513762205,0.0,1747.4428831317555,2014.0169981315546
2025-04-25T22:00:00Z,2025-04-25T22:15:00Z,2025-04-26,2025-04-26_1,0.0,100,100,0,14.8178626086944,19.799424347824832,0.014079217391304346,0.04,5.462,True,True,False,False,0.0,0.0,175.93522722706635,217.64374974886488,5.899465584441677,3462.532044440872,3862.010487001245
2025-04-25T22:15:00Z,2025-04-25T22:30:00Z,2025-04-26,2025-04-26_1,0.0,100,100,0,19.799424347824832,19.440323478259618,0.0012428357487922707,0.371,0.048,True,True,False,False,0.0,0.0,175.93522722706635,217.64374974886488,55.01785249326957,-3.345119942138466,445.25170952706236
2025-04-25T22:30:00Z,2025-04-25T22:45:00Z,2025-04-26,2025-04-26_1,0.0,100,100,0,19.440323478259618,19.294344347824836,0.000548608695652174,0.158,0.028000000000000004,True,True,False,False,0.0,0.0,175.93522722706635,217.64374974886488,23.16188451802146,-1.993010005223611,414.74785148872905
2025-04-25T22:45:00Z,2025-04-25T23:00:00Z,2025-04-26,2025-04-26_1,0.0,100,100,0,19.294344347824836,19.334134782607446,0.0005181376811594203,0.0675,0.123,True,True,False,False,0.0,0.0,175.93522722706635,217.64374974886488,9.784625005022702,-7.086029654036243,396.27757232691766
2025-04-25T23:00:00Z,2025-04-25T23:15:00Z,2025-04-26,2025-04-26_2,0.0,100,100,0,19.334134782607446,19.290261739129186,0.0005665362318840579,0.11399999999999999,0.087,True,True,False,False,0.0,0.0,175.93522722706635,217.64374974886488,16.63359263872704,-5.048828103025675,405.16374151163257
2025-04-25T23:15:00Z,2025-04-25T23:30:00Z,2025-04-26,2025-04-26_2,0.0,100,100,0,19.290261739129186,19.410579130433536,0.0004580072463768116,0.0205,0.155,True,True,False,False,0.0,0.0,175.93522722706635,217.64374974886488,3.0333113673805605,-11.14035641097762,385.47193193233414
2025-04-25T23:30:00Z,2025-04-25T23:45:00Z,2025-04-26,2025-04-26_2,0.0,100,100,0,19.410579130433536,19.46416782608571,0.0005232536231884058,0.062,0.1315,True,True,False,False,0.0,0.0,175.93522722706635,217.64374974886488,8.958086953027685,-8.274402499296823,394.2626614296621
2025-04-25T23:45:00Z,2025-04-26T00:00:00Z,2025-04-26,2025-04-26_2,0.0,100,100,0,19.46416782608571,19.329848695650927,0.00044210869565217397,0.135,0.0135,True,True,False,False,0.0,0.0,175.93522722706635,217.64374974886488,19.723957286936955,-1.0577811708924338,412.24515309197574
2025-04-26T00:00:00Z,2025-04-26T00:15:00Z,2025-04-26,2025-04-26_3,0.0,100,100,0,19.329848695650927,17.572239999998754,0.004882246376811594,1.617,0.0,True,True,False,False,0.0,0.0,175.93522722706635,217.64374974886488,270.5585295535822,0.0,664.1375065295134
2025-04-26T00:15:00Z,2025-04-26T00:30:00Z,2025-04-26,2025-04-26_3,0.0,100,100,0,17.572239999998754,16.096153043477013,0.00410024154589372,1.358,0.0,True,True,False,False,0.0,0.0,175.93522722706635,217.64374974886488,220.71960822919596,0.0,614.2985852051272
2025-04-26T00:30:00Z,2025-04-26T00:45:00Z,2025-04-26,2025-04-26_3,0.0,100,100,0,16.096153043477013,16.42289999999875,0.0013182584541062805,0.068,0.43550000000000005,True,True,False,False,0.0,0.0,175.93522722706635,217.64374974886488,9.90798006991602,-18.17114869208824,385.315808353759
2025-04-26T00:45:00Z,2025-04-26T01:00:00Z,2025-04-26,2025-04-26_3,0.0,100,100,0,16.42289999999875,16.789232173911795,0.0011111884057971014,0.0155,0.4164999999999999,True,True,False,False,0.0,0.0,175.93522722706635,217.64374974886488,2.2152132639530677,-20.519741833085543,375.27444840679874
2025-04-26T01:00:00Z,2025-04-26T01:15:00Z,2025-04-26,2025-04-26_4,0.0,100,100,0,16.789232173911795,16.484019130433534,0.0010905917874396134,0.321,0.0475,True,True,False,False,0.0,0.0,175.93522722706635,217.3122513762205,49.348639048499216,-3.2597344999397273,439.33638315184635
2025-04-26T01:15:00Z,2025-04-26T01:30:00Z,2025-04-26,2025-04-26_4,0.0,100,100,0,16.484019130433534,16.55236695652049,0.0005129227053140097,0.0535,0.1375,True,True,False,False,0.0,0.0,175.93522722706635,217.3122513762205,7.700811970104873,-6.655078454614859,394.29321211877686
2025-04-26T01:30:00Z,2025-04-26T01:45:00Z,2025-04-26,2025-04-26_4,0.0,100,100,0,16.55236695652049,21.09900695652049,0.012629555555555555,0.0,4.942,True,True,False,False,0.0,0.0,175.93522722706635,217.3122513762205,0.0,-86.397129425001,306.85034917828585
2025-04-26T01:45:00Z,2025-04-26T02:00:00Z,2025-04-26,2025-04-26_4,0.0,100,100,0,21.09900695652049,21.783412173911795,0.0020702077294685994,0.028000000000000004,0.777,True,True,False,False,0.0,0.0,175.93522722706635,217.3122513762205,4.039455940852655,-32.1513527142685,365.135581829871
2025-04-26T02:00:00Z,2025-04-26T02:15:00Z,2025-04-26,2025-04-26_5,-49.71374168152,100,50,0,21.783412173911795,28.74093211925545,0.03286668739902841,4.459,0.0,True,True,False,False,-1133.1004572760446,0.0,175.93522722706635,108.82187487443244,800.4914622091854,0.0,-47.85189296536038
2025-04-26T02:15:00Z,2025-04-26T02:30:00Z,2025-04-26,2025-04-26_5,-49.71374168152,100,50,0,28.74093211925545,25.671941617027638,0.03534189158008954,14.446,0.0,True,True,False,False,-1133.1004572760446,0.0,175.93522722706635,108.82187487443244,7231.628592839634,0.0,6383.285237665088
2025-04-26T02:30:00Z,2025-04-26T02:45:00Z,2025-04-26,2025-04-26_5,-49.71374168152,100,50,0,25.671941617027638,24.12344276122488,0.03496653394193823,12.931499999999998,0.0,True,True,False,False,-1133.1004572760446,0.0,175.93522722706635,108.82187487443244,4675.316353819263,0.0,3826.9729986447173
2025-04-26T02:45:00Z,2025-04-26T03:00:00Z,2025-04-26,2025-04-26_5,-49.71374168152,100,50,0,24.12344276122488,25.149087570944623,0.03433106548091483,10.3675,0.0,True,True,False,False,-1133.1004572760446,0.0,175.93522722706635,108.82187487443244,2358.7989196166673,0.0,1510.4555644421214
2025-04-26T03:00:00Z,2025-04-26T03:15:00Z,2025-04-26,2025-04-26_6,0.0,100,100,0,25.149087570944623,12.323000614422883,0.0356280193236715,11.8,0.0,True,True,False,False,0.0,0.0,175.93522722706635,217.64374974886488,2161.0732510949492,0.0,2554.6522280708805
2025-04-26T03:15:00Z,2025-04-26T03:30:00Z,2025-04-26,2025-04-26_6,0.0,100,100,0,12.323000614422883,17.76874061442288,0.02089094444444444,0.9545,7.046999999999999,True,True,False,False,0.0,0.0,175.93522722706635,217.64374974886488,172.177425161731,6.036968698517297,571.7933708361795
2025-04-26T03:30:00Z,2025-04-26T03:45:00Z,2025-04-26,2025-04-26_6,0.0,100,100,0,17.76874061442288,19.20477713616201,0.003992009661835749,0.0005,1.5615,True,True,False,False,0.0,0.0,175.93522722706635,217.64374974886488,0.07031783662152931,-41.73735715433761,351.91193765821515
2025-04-26T03:45:00Z,2025-04-26T04:00:00Z,2025-04-26,2025-04-26_6,0.0,100,100,0,19.20477713616201,19.338142353553316,0.0013034299516908212,0.1545,0.3275,True,True,False,False,0.0,0.0,175.93522722706635,217.64374974886488,23.60711204644995,-15.812497990918953,401.37359103146224
2025-04-26T04:00:00Z,2025-04-26T04:15:00Z,2025-04-26,2025-04-26_7,0.0,100,100,0,19.338142353553316,15.19683800572723,0.011503623188405797,3.81,0.0,True,True,False,False,0.0,0.0,197.99493711576326,203.238638646683,687.4059348254108,0.0,1088.639510587857
2025-04-26T04:15:00Z,2025-04-26T04:30:00Z,2025-04-26,2025-04-26_7,0.0,100,100,0,15.19683800572723,13.420802353553317,0.005114876811594202,1.664,0.0355,True,True,False,False,0.0,0.0,197.99493711576326,203.238638646683,289.5421513239844,-2.1587571824647402,688.6169699039659
2025-04-26T04:30:00Z,2025-04-26T04:45:00Z,2025-04-26,2025-04-26_7,0.0,100,100,0,13.420802353553317,14.201342353553317,0.002237611111111111,0.0115,0.8619999999999999,True,True,False,False,0.0,0.0,197.99493711576326,203.238638646683,1.6747709647607183,-32.98768393136979,369.9206627958372
2025-04-26T04:45:00Z,2025-04-26T05:00:00Z,2025-04-26,2025-04-26_7,0.0,100,100,0,14.201342353553317,14.839664962248968,0.0027604371980676327,0.1635,0.8869999999999999,True,True,False,False,0.0,0.0,197.99493711576326,203.238638646683,28.667159862578853,-36.78161289026399,393.1191227347611
2025-04-26T05:00:00Z,2025-04-26T05:15:00Z,2025-04-26,2025-04-26_8,-63.0,100,37,0,14.839664962248968,18.474681692683752,0.034800801304347824,11.0565,0.0,True,True,False,False,-1368.99,0.0,197.69357495881383,75.1982962992727,4833.217005163338,0.0,3737.118876421425
2025-04-26T05:15:00Z,2025-04-26T05:30:00Z,2025-04-26,2025-04-26_8,-63.0,100,37,0,18.474681692683752,22.837683779640273,0.03516624975845411,10.315,0.0,True,True,False,False,-1368.99,0.0,197.69357495881383,75.1982962992727,1843.3498111463816,0.0,747.2516824044682
2025-04-26T05:30:00Z,2025-04-26T05:45:00Z,2025-04-26,2025-04-26_8,-63.0,100,37,0,22.837683779640273,28.09164569268375,0.035613511352657,9.4075,0.0,True,True,False,False,-1368.99,0.0,197.69357495881383,75.1982962992727,1686.233988126331,0.0,590.1358593844176
2025-04-26T05:45:00Z,2025-04-26T06:00:00Z,2025-04-26,2025-04-26_8,-63.0,100,37,0,28.09164569268375,36.37241657964027,0.037132968647343,6.3245,0.0,True,True,False,False,-1368.99,0.0,197.69357495881383,75.1982962992727,1122.092398641861,0.0,25.994269899947625
2025-04-26T06:00:00Z,2025-04-26T06:15:00Z,2025-04-26,2025-04-26_9,-1.0000000000000147,100,99,0,36.37241657964027,12.503619710075064,0.0664450690821256,22.205,0.0,True,True,False,False,-17.440000000000257,0.0,197.69357495881383,201.20625226021616,27399.691430264793,0.0,27781.151257483823
2025-04-26T06:15:00Z,2025-04-26T06:30:00Z,2025-04-26,2025-04-26_9,-1.0000000000000147,100,99,0,12.503619710075064,10.27825388398811,0.007418971739130441,2.275,0.014849999999999999,True,True,False,False,-17.440000000000257,0.0,197.69357495881383,201.20625226021616,363.14711495961745,-1.1635592879816772,743.4433828906655
2025-04-26T06:30:00Z,2025-04-26T06:45:00Z,2025-04-26,2025-04-26_9,-1.0000000000000147,100,99,0,10.27825388398811,10.3318440318142,0.0012936984782608788,0.1915,0.034155000000000005,True,True,False,False,-17.440000000000257,0.0,197.69357495881383,201.20625226021616,28.607923916100777,-2.596628145216378,407.47112298991414
2025-04-26T06:45:00Z,2025-04-26T07:00:00Z,2025-04-26,2025-04-26_9,-1.0000000000000147,100,99,0,10.3318440318142,10.954745962248984,0.0018588157487922801,0.0215,0.45243000000000005,True,True,False,False,-17.440000000000257,0.0,197.69357495881383,201.20625226021616,3.1120660384939924,-21.268227640937038,363.30366561658667
2025-04-26T07:00:00Z,2025-04-26T07:15:00Z,2025-04-26,2025-04-26_10,-5.371323598100763,100,94,0,10.954745962248984,11.186828325471435,0.006096107849978545,0.954,0.02726,True,True,False,False,-46.26052448864282,0.0,175.93522722706635,204.58512476393295,119.11104190943061,-2.1359344235946476,451.23493498819244
2025-04-26T07:15:00Z,2025-04-26T07:30:00Z,2025-04-26,2025-04-26_10,-5.371323598100763,100,94,0,11.186828325471435,12.323825637964305,0.0041154697869559284,0.1675,0.0893,True,True,False,False,-46.26052448864282,0.0,175.93522722706635,204.58512476393295,20.913102222043637,-6.468230763048982,348.70469896135114
2025-04-26T07:30:00Z,2025-04-26T07:45:00Z,2025-04-26,2025-04-26_10,-5.371323598100763,100,94,0,12.323825637964305,13.724165374993548,0.00404697563432352,0.0275,0.21150000000000002,True,True,False,False,-46.26052448864282,0.0,175.93522722706635,204.58512476393295,3.4334943946638807,-14.041247639329773,323.6520742576906
2025-04-26T07:45:00Z,2025-04-26T08:00:00Z,2025-04-26,2025-04-26_10,-5.371323598100763,100,94,0,13.724165374993548,15.85822768695656,0.005970808056963334,0.0075,0.98559,True,True,False,False,-46.26052448864282,0.0,175.93522722706635,204.58512476393295,0.9364075621810584,-35.848474944750265,299.34776011978727
2025-04-26T08:00:00Z,2025-04-26T08:15:00Z,2025-04-26,2025-04-26_11,-4.000000000000001,100,96,0,15.85822768695656,10.72648695652178,0.018377048695652168,5.629,0.03168,True,True,False,False,-2.5500000000000003,0.0,175.93522722706635,208.93799975891025,680.1144762325711,-1.5179018764816974,1060.919801342066
2025-04-26T08:15:00Z,2025-04-26T08:30:00Z,2025-04-26,2025-04-26_11,-4.000000000000001,100,96,0,10.72648695652178,10.878452800000042,0.00563372154589372,0.899,0.2208,True,True,False,False,-2.5500000000000003,0.0,175.93522722706635,208.93799975891025,83.57300799614255,-9.12282750030136,456.7734074818178
2025-04-26T08:30:00Z,2025-04-26T08:45:00Z,2025-04-26,2025-04-26_11,-4.000000000000001,100,96,0,10.878452800000042,18.527553600000044,0.02124750222222222,0.0,7.31424,True,True,False,False,-2.5500000000000003,0.0,175.93522722706635,208.93799975891025,0.0,-37.510204170852255,344.8130228151243
2025-04-26T08:45:00Z,2025-04-26T09:00:00Z,2025-04-26,2025-04-26_11,-4.000000000000001,100,96,0,18.527553600000044,28.485780800000047,0.027661742222222226,0.0,9.82416,True,True,False,False,-2.5500000000000003,0.0,175.93522722706635,208.93799975891025,0.0,-11.410268204283359,370.91295878169325
2025-04-26T09:00:00Z,2025-04-26T09:15:00Z,2025-04-26,2025-04-26_12,-1.6783924300434728e-14,100,100,0,28.485780800000047,27.684290365217443,0.005699362318840589,1.3125,0.6795,True,True,False,False,4.1959810751086824e-17,0.0,175.93522722706635,217.64374974886488,118.91449351066821,-19.760570980833364,492.73289950576606
2025-04-26T09:15:00Z,2025-04-26T09:30:00Z,2025-04-26,2025-04-26_12,-1.6783924300434728e-14,100,100,0,27.684290365217443,30.785352104347883,0.009272272946859913,0.109,3.4995,True,True,False,False,4.1959810751086824e-17,0.0,175.93522722706635,217.64374974886488,9.875565556314541,-6.03733003174348,397.4172125005023
2025-04-26T09:30:00Z,2025-04-26T09:45:00Z,2025-04-26,2025-04-26_12,-1.6783924300434728e-14,100,100,0,30.785352104347883,33.05085210434788,0.006293055555555565,0.0,2.4625,True,True,False,False,4.1959810751086824e-17,0.0,175.93522722706635,217.64374974886488,0.0,-37.58412022340981,355.9948567525214
2025-04-26T09:45:00Z,2025-04-26T10:00:00Z,2025-04-26,2025-04-26_12,-1.6783924300434728e-14,100,100,0,33.05085210434788,34.46673210434789,0.003933000000000011,0.0,1.539,True,True,False,False,4.1959810751086824e-17,0.0,175.93522722706635,217.64374974886488,0.0,-34.950766062602966,358.62821091332825
2025-04-26T10:00:00Z,2025-04-26T10:15:00Z,2025-04-26,2025-04-26_13,0.0,100,100,0,34.46673210434789,41.24650514782615,0.01883874154589372,0.001,7.370499999999999,True,True,False,False,0.0,0.0,175.93522722706635,217.64374974886488,0.09042672881424037,-18.579512094667894,375.0898916100776
2025-04-26T10:15:00Z,2025-04-26T10:30:00Z,2025-04-26,2025-04-26_13,0.0,100,100,0,41.24650514782615,47.70250514782615,0.018419444444444443,0.0805,7.112499999999999,True,True,False,False,0.0,0.0,175.93522722706635,217.64374974886488,7.279351669546349,-33.27902368706553,367.579304958412
2025-04-26T10:30:00Z,2025-04-26T10:45:00Z,2025-04-26,2025-04-26_13,0.0,100,100,0,47.70250514782615,46.113044278260936,0.004491835748792271,1.475,0.015,True,True,False,False,0.0,0.0,175.93522722706635,217.64374974886488,133.37942500100453,-1.135131795716639,525.8232701812191
2025-04-26T10:45:00Z,2025-04-26T11:00:00Z,2025-04-26,2025-04-26_13,0.0,100,100,0,46.113044278260936,45.97050166956529,0.0007000628019323672,0.1815,0.05949999999999999,True,True,False,False,0.0,0.0,175.93522722706635,217.64374974886488,16.412451279784626,-4.159799995981837,405.83162825973403
2025-04-26T11:00:00Z,2025-04-26T11:15:00Z,2025-04-26,2025-04-26_14,-100.00000000000003,100,0,0,45.97050166956529,66.5394016695653,0.05713583333333336,2.6425,0.0,True,True,False,False,105.00000000000003,0.0,175.93522722706635,0.0,342.78067866757743,0.0,623.7159058946438
2025-04-26T11:15:00Z,2025-04-26T11:30:00Z,2025-04-26,2025-04-26_14,-100.00000000000003,100,0,0,66.5394016695653,84.1068016695653,0.04879833333333336,5.905,0.0,True,True,False,False,105.00000000000003,0.0,175.93522722706635,0.0,648.5463374452526,0.0,929.4815646723189
2025-04-26T11:30:00Z,2025-04-26T11:45:00Z,2025-04-26,2025-04-26_14,-100.00000000000003,100,0,0,84.1068016695653,104.33392166956531,0.05618644444444446,3.014,0.0,True,True,False,False,105.00000000000003,0.0,175.93522722706635,0.0,272.5461606461204,0.0,553.4813878731868
2025-04-26T11:45:00Z,2025-04-26T12:00:00Z,2025-04-26,2025-04-26_14,-100.00000000000003,100,0,0,104.33392166956531,126.22762166956532,0.06081583333333336,1.2025,0.0,True,True,False,False,105.00000000000003,0.0,175.93522722706635,0.0,108.73814139912403,0.0,389.6733686261904
2025-04-26T12:00:00Z,2025-04-26T12:15:00Z,2025-04-26,2025-04-26_15,-100.0,100,0,0,126.22762166956532,148.74646166956532,0.06255233333333333,0.523,0.0,True,True,False,False,157.5,0.0,175.93522722706635,0.0,47.35097038614538,0.0,380.7861976132117
2025-04-26T12:15:00Z,2025-04-26T12:30:00Z,2025-04-26,2025-04-26_15,-100.0,100,0,0,148.74646166956532,165.6569816695653,0.04697366666666667,6.619,0.0,True,True,False,False,157.5,0.0,175.93522722706635,0.0,2431.038990436774,0.0,2764.47421766384
2025-04-26T12:30:00Z,2025-04-26T12:45:00Z,2025-04-26,2025-04-26_15,-100.0,100,0,0,165.6569816695653,174.8551416695653,0.025550444444444445,15.002,0.0,True,True,False,False,157.5,0.0,175.93522722706635,0.0,12127.8393554868,0.0,12461.274582713866
2025-04-26T12:45:00Z,2025-04-26T13:00:00Z,2025-04-26,2025-04-26_15,-100.0,100,0,0,174.8551416695653,185.59200166956532,0.029824611111111118,13.3295,0.0,True,True,False,False,157.5,0.0,175.93522722706635,0.0,7699.616666130912,0.0,8033.051893357978
2025-04-26T13:00:00Z,2025-04-26T13:15:00Z,2025-04-26,2025-04-26_16,-25.000000000000263,100,75,0,185.59200166956532,187.99678340869582,0.02117496739130447,3.2005,0.0,True,True,False,False,7.375000000000077,0.0,176.08590830554104,163.23281231164864,648.487375336521,0.0,995.1810959537108
2025-04-26T13:15:00Z,2025-04-26T13:30:00Z,2025-04-26,2025-04-26_16,-25.000000000000263,100,75,0,187.99678340869582,189.73158080000024,0.022216979468599143,3.8415,0.0,True,True,False,False,7.375000000000077,0.0,176.08590830554104,163.23281231164864,489.0020962751637,0.0,835.6958168923535
2025-04-26T13:30:00Z,2025-04-26T13:45:00Z,2025-04-26,2025-04-26_16,-25.000000000000263,100,75,0,189.73158080000024,178.96975906086988,0.04165269927536226,15.797500000000001,0.0,True,True,False,False,7.375000000000077,0.0,176.08590830554104,163.23281231164864,15553.015485494436,0.0,15899.709206111625
2025-04-26T13:45:00Z,2025-04-26T14:00:00Z,2025-04-26,2025-04-26_16,-25.000000000000263,100,75,0,178.96975906086988,169.14706514782645,0.0401920942028985,14.899,0.0,True,True,False,False,7.375000000000077,0.0,176.08590830554104,163.23281231164864,8531.630647727729,0.0,8878.324368344918
2025-04-26T14:00:00Z,2025-04-26T14:15:00Z,2025-04-26,2025-04-26_17,-35.82411329357764,100,64,0,169.14706514782645,174.57297376317902,0.02578538859336494,2.7645,0.028159999999999998,True,True,False,False,-0.0895602832339441,0.0,176.08590830554104,139.2919998392735,285.8169973279222,-1.1012973520311808,600.0040478374716
2025-04-26T14:15:00Z,2025-04-26T14:30:00Z,2025-04-26,2025-04-26_17,-35.82411329357764,100,64,0,174.57297376317902,180.81282367958642,0.025678494455134114,2.1535,0.23071999999999998,True,True,False,False,-0.0895602832339441,0.0,176.08590830554104,139.2919998392735,204.95328585205127,-10.107338224775985,510.13429548885586
2025-04-26T14:30:00Z,2025-04-26T14:45:00Z,2025-04-26,2025-04-26_17,-35.82411329357764,100,64,0,180.81282367958642,172.22053104973568,0.039637970681461916,16.387,0.0,True,True,False,False,-0.0895602832339441,0.0,176.08590830554104,139.2919998392735,14159.442600554506,0.0,14474.730948416087
2025-04-26T14:45:00Z,2025-04-26T15:00:00Z,2025-04-26,2025-04-26_17,-35.82411329357764,100,64,0,172.22053104973568,163.45516434782644,0.03981020676813713,16.5555,0.0,True,True,False,False,-0.0895602832339441,0.0,176.08590830554104,139.2919998392735,11328.240738940007,0.0,11643.529086801587
2025-04-26T15:00:00Z,2025-04-26T15:15:00Z,2025-04-26,2025-04-26_18,0.0,100,100,0,163.45516434782644,175.14062000000035,0.03470295652173913,0.3715,13.1405,True,True,False,False,0.0,0.0,176.08590830554104,217.64374974886488,45.098878932776145,11442.079682866557,11880.90821985374
2025-04-26T15:15:00Z,2025-04-26T15:30:00Z,2025-04-26,2025-04-26_18,0.0,100,100,0,175.14062000000035,187.23954000000035,0.0336081111111111,0.0,13.150999999999998,True,True,False,False,0.0,0.0,176.08590830554104,217.64374974886488,0.0,10099.449611644632,10493.179269699038
2025-04-26T15:30:00Z,2025-04-26T15:45:00Z,2025-04-26,2025-04-26_18,0.0,100,100,0,187.23954000000035,188.5434782608699,0.011713838164251209,1.34,3.0005,True,True,False,False,0.0,0.0,176.08590830554104,217.64374974886488,178.3830915739141,817.8879293406196,1390.0006789689396
2025-04-26T15:45:00Z,2025-04-26T16:00:00Z,2025-04-26,2025-04-26_18,0.0,100,100,0,188.5434782608699,175.86086956521774,0.035229468599033816,11.668,0.0,True,True,False,False,0.0,0.0,176.08590830554104,217.64374974886488,2898.166731225137,0.0,3291.8963892795427
2025-04-26T16:00:00Z,2025-04-26T16:15:00Z,2025-04-26,2025-04-26_19,0.0,100,100,0,175.86086956521774,182.41820695652208,0.019727507246376813,0.2505,7.4235,True,True,False,False,0.0,0.0,200.22501707718888,203.238638646683,41.47930525977417,60.85677140675855,505.7997323904046
2025-04-26T16:15:00Z,2025-04-26T16:30:00Z,2025-04-26,2025-04-26_19,0.0,100,100,0,182.41820695652208,184.24762695652208,0.005081722222222223,0.0,1.9885,True,True,False,False,0.0,0.0,200.22501707718888,203.238638646683,0.0,-77.83251235584844,325.63114336802346
2025-04-26T16:30:00Z,2025-04-26T16:45:00Z,2025-04-26,2025-04-26_19,0.0,100,100,0,184.24762695652208,184.72650608695685,0.0016955579710144927,0.0605,0.592,True,True,False,False,0.0,0.0,200.22501707718888,203.238638646683,8.744543637240326,-24.269573673001968,387.9386256881102
2025-04-26T16:45:00Z,2025-04-26T17:00:00Z,2025-04-26,2025-04-26_19,0.0,100,100,0,184.72650608695685,185.00953913043512,0.0009311304347826086,0.024,0.336,True,True,False,False,0.0,0.0,200.22501707718888,203.238638646683,3.2213444770362036,-15.605631855989069,391.07936834491903
2025-04-26T17:00:00Z,2025-04-26T17:15:00Z,2025-04-26,2025-04-26_20,40.838492581745456,59,100,0,185.00953913043512,178.7037774311272,0.032192068395529655,0.004130000000000001,4.8535,True,True,False,False,1134.9017088467062,0.0,118.34612448266162,203.238638646683,0.5581233575762446,-48.44919054124644,1408.5954047923806
2025-04-26T17:15:00Z,2025-04-26T17:30:00Z,2025-04-26,2025-04-26_20,40.838492581745456,59,100,0,178.7037774311272,168.22708086846296,0.031035661633759343,0.010325,0.6395,True,True,False,False,1134.9017088467062,0.0,118.34612448266162,203.238638646683,1.4859648561497971,-27.61397848274199,1430.3584583494587
2025-04-26T17:30:00Z,2025-04-26T17:45:00Z,2025-04-26,2025-04-26_20,40.838492581745456,59,100,0,168.22708086846296,154.65795646243095,0.03769654795454656,2.275335,0.0015,True,True,False,False,1134.9017088467062,0.0,118.34612448266162,203.238638646683,443.7844944479045,-0.11753124121027042,1900.1534351827452
2025-04-26T17:45:00Z,2025-04-26T18:00:00Z,2025-04-26,2025-04-26_20,40.838492581745456,59,100,0,154.65795646243095,137.23343130434796,0.04840145877245279,5.82094,0.0,True,True,False,False,1134.9017088467062,0.0,118.34612448266162,203.238638646683,1170.8984419415758,0.0,2627.384913917627
2025-04-26T18:00:00Z,2025-04-26T18:15:00Z,2025-04-26,2025-04-26_21,100.0,0,100,0,137.23343130434796,110.17256173913057,0.07516908212560386,0.0,0.104,True,True,False,False,2897.5,0.0,0.0,203.238638646683,0.0,-6.03928798167718,3094.699350665006
2025-04-26T18:15:00Z,2025-04-26T18:30:00Z,2025-04-26,2025-04-26_21,100.0,0,100,0,110.17256173913057,83.03940956521753,0.07536986714975845,0.0,0.0375,True,True,False,False,2897.5,0.0,0.0,203.238638646683,0.0,-2.9382810302567606,3097.800357616426
2025-04-26T18:30:00Z,2025-04-26T18:45:00Z,2025-04-26,2025-04-26_21,100.0,0,100,0,83.03940956521753,59.503540000000136,0.06537741545893719,0.0,3.347,True,True,False,False,2897.5,0.0,0.0,203.238638646683,0.0,-119.75406497368103,2980.984573673002
2025-04-26T18:45:00Z,2025-04-26T19:00:00Z,2025-04-26,2025-04-26_21,100.0,0,100,0,59.503540000000136,40.894300869565356,0.05169233091787439,0.0,7.8795,True,True,False,False,2897.5,0.0,0.0,203.238638646683,0.0,1103.6809032828382,4204.419541929521
2025-04-26T19:00:00Z,2025-04-26T19:15:00Z,2025-04-26,2025-04-26_22,0.0,100,100,0,40.894300869565356,35.09598956521753,0.022809642512077295,6.444500000000001,1.3115,True,True,False,False,0.0,0.0,199.2305219592558,217.64374974886488,1196.589341423233,-17.2043799975891,1596.2592331337646
2025-04-26T19:15:00Z,2025-04-26T19:30:00Z,2025-04-26,2025-04-26_22,0.0,100,100,0,35.09598956521753,33.04239652173927,0.00574786956521739,1.8964999999999999,0.0085,True,True,False,False,0.0,0.0,199.2305219592558,217.64374974886488,332.0814403102021,-0.6660103668581991,748.2897016514646
2025-04-26T19:30:00Z,2025-04-26T19:45:00Z,2025-04-26,2025-04-26_22,0.0,100,100,0,33.04239652173927,32.94938347826101,0.0003605917874396134,0.10249999999999998,0.02,True,True,False,False,0.0,0.0,199.2305219592558,217.64374974886488,14.932289950576603,-1.567083216136939,430.23947844256037
2025-04-26T19:45:00Z,2025-04-26T20:00:00Z,2025-04-26,2025-04-26_22,0.0,100,100,0,32.94938347826101,33.02158000000014,0.0005507874396135265,0.058,0.147,True,True,False,False,0.0,0.0,199.2305219592558,217.64374974886488,8.506052959376381,-10.25234479848917,415.1279798690079
2025-04-26T20:00:00Z,2025-04-26T20:15:00Z,2025-04-26,2025-04-26_23,0.0,100,100,0,33.02158000000014,25.28788434782623,0.021482487922705313,7.115,0.0,True,True,False,False,0.0,0.0,176.08590830554104,217.3122513762205,1569.5183398963316,0.0,1962.9164995780932
2025-04-26T20:15:00Z,2025-04-26T20:30:00Z,2025-04-26,2025-04-26_23,0.0,100,100,0,25.28788434782623,11.607993043478404,0.03799969806763285,12.5855,0.0,True,True,False,False,0.0,0.0,176.08590830554104,217.3122513762205,11503.76750100454,0.0,11897.165660686302
2025-04-26T20:30:00Z,2025-04-26T20:45:00Z,2025-04-26,2025-04-26_23,0.0,100,100,0,11.607993043478404,10.007492173913187,0.004461169082125604,1.475,0.003,True,True,False,False,0.0,0.0,176.08590830554104,217.3122513762205,248.48833728452604,-0.23506248242054084,641.6514344838671
2025-04-26T20:45:00Z,2025-04-26T21:00:00Z,2025-04-26,2025-04-26_23,0.0,100,100,0,10.007492173913187,10.000000000000144,0.0006494782608695653,0.11100000000000002,0.123,True,True,False,False,0.0,0.0,176.08590830554104,217.3122513762205,16.17630871539358,-6.282405271828665,403.2920631253265
2025-04-26T21:00:00Z,2025-04-26T21:15:00Z,2025-04-27,2025-04-26_24,0.021888137686508134,5,100,0,10.000000000000144,10.000000000000048,0.0006131990860891237,0.0961,0.12,True,True,False,False,0.40263229274331713,0.0,8.804295415277052,217.64374974886488,15.497307570217382,-4.801711737051472,237.54627329005115
2025-04-26T21:15:00Z,2025-04-26T21:30:00Z,2025-04-27,2025-04-26_24,0.021888137686508134,5,100,0,10.000000000000048,10.197552985792274,0.00060354498874135,0.0036499999999999996,0.2255,True,True,False,False,0.40263229274331713,0.0,8.804295415277052,217.64374974886488,0.5268014626110017,-9.021359143327842,218.3561197761684
2025-04-26T21:30:00Z,2025-04-26T21:45:00Z,2025-04-27,2025-04-26_24,0.021888137686508134,5,100,0,10.197552985792274,12.370251657709012,0.006065187876829162,0.0,2.368,True,True,False,False,0.40263229274331713,0.0,8.804295415277052,217.64374974886488,0.0,-89.34830232651585,137.5023751303694
2025-04-26T21:45:00Z,2025-04-26T22:00:00Z,2025-04-27,2025-04-26_24,0.021888137686508134,5,100,0,12.370251657709012,17.279139010510303,0.013661781113496429,0.0,5.342,True,True,False,False,0.40263229274331713,0.0,8.804295415277052,217.64374974886488,0.0,-41.40817374532888,185.44250371155636
2025-04-26T22:00:00Z,2025-04-26T22:15:00Z,2025-04-27,2025-04-27_1,28.0,72,100,0,17.279139010510303,11.177946071379866,0.024857918164251206,0.52488,2.1495,True,True,False,False,486.57000000000005,0.0,126.78185397998953,217.64374974886488,81.72400792381563,-44.71352121589585,868.0060904367742
2025-04-26T22:15:00Z,2025-04-26T22:30:00Z,2025-04-27,2025-04-27_1,28.0,72,100,0,11.177946071379866,10.181805549640735,0.027938257004830918,0.0,6.84,True,True,False,False,486.57000000000005,0.0,126.78185397998953,217.64374974886488,0.0,-25.840671836701887,805.1549318921526
2025-04-26T22:30:00Z,2025-04-26T22:45:00Z,2025-04-27,2025-04-27_1,28.0,72,100,0,10.181805549640735,15.442456958336386,0.03437523942028985,0.0,13.312,True,True,False,False,486.57000000000005,0.0,126.78185397998953,217.64374974886488,0.0,3427.61400570579,4258.609609434645
2025-04-26T22:45:00Z,2025-04-26T23:00:00Z,2025-04-27,2025-04-27_1,28.0,72,100,0,15.442456958336386,24.202735497466822,0.0379756529468599,0.0,16.932,True,True,False,False,486.57000000000005,0.0,126.78185397998953,217.64374974886488,0.0,1365.7892626672556,2196.78486639611
2025-04-26T23:00:00Z,2025-04-26T23:15:00Z,2025-04-27,2025-04-27_2,0.0,100,100,0,24.202735497466822,30.262775497466823,0.016833444444444443,0.0,6.587,True,True,False,False,0.0,0.0,176.08590830554104,217.3122513762205,0.0,404.29972174227504,797.6978814240366
2025-04-26T23:15:00Z,2025-04-26T23:30:00Z,2025-04-27,2025-04-27_2,0.0,100,100,0,30.262775497466823,39.92783549746682,0.02684738888888889,0.0,10.5055,True,True,False,False,0.0,0.0,176.08590830554104,217.3122513762205,0.0,341.36015419697026,734.7583138787318
2025-04-26T23:30:00Z,2025-04-26T23:45:00Z,2025-04-27,2025-04-27_2,0.0,100,100,0,39.92783549746682,43.01121549746682,0.008564944444444446,0.0,3.3515,True,True,False,False,0.0,0.0,176.08590830554104,217.3122513762205,0.0,-92.98200566560855,300.416154016153
2025-04-26T23:45:00Z,2025-04-27T00:00:00Z,2025-04-27,2025-04-27_2,0.0,100,100,0,43.01121549746682,55.44363549746682,0.0345345,0.0,13.5135,True,True,False,False,0.0,0.0,176.08590830554104,217.3122513762205,0.0,73.46441847149114,466.8625781532527
2025-04-27T00:00:00Z,2025-04-27T00:15:00Z,2025-04-27,2025-04-27_3,0.0,100,100,0,55.44363549746682,56.62044158442335,0.00328098309178744,0.002,1.2815,True,True,False,False,0.0,0.0,176.08590830554104,217.3122513762205,0.28127134648611724,-47.28553230602323,346.39389872222444
2025-04-27T00:15:00Z,2025-04-27T00:30:00Z,2025-04-27,2025-04-27_3,0.0,100,100,0,56.62044158442335,56.63660854094509,0.0005249806763285025,0.0795,0.11150000000000002,True,True,False,False,0.0,0.0,176.08590830554104,217.3122513762205,11.495427833808817,-6.502389500542452,398.3911980150279
2025-04-27T00:30:00Z,2025-04-27T00:45:00Z,2025-04-27,2025-04-27_3,0.0,100,100,0,56.63660854094509,56.672252019205956,0.000373768115942029,0.0455,0.0925,True,True,False,False,0.0,0.0,176.08590830554104,217.3122513762205,6.468899927673082,-6.982566199220477,392.88449341021413
2025-04-27T00:45:00Z,2025-04-27T01:00:00Z,2025-04-27,2025-04-27_3,0.0,100,100,0,56.672252019205956,56.724453758336395,0.0003865507246376811,0.04,0.104,True,True,False,False,0.0,0.0,176.08590830554104,217.3122513762205,5.749829228111062,-7.517987704423996,391.6300012054486
2025-04-27T01:00:00Z,2025-04-27T01:15:00Z,2025-04-27,2025-04-27_4,0.0,100,100,0,56.724453758336395,56.761603323553786,0.0003900289855072464,0.0475,0.0965,True,True,False,False,0.0,0.0,176.08590830554104,217.64374974886488,6.89624151163258,-7.679712500502269,392.9461870655362
2025-04-27T01:15:00Z,2025-04-27T01:30:00Z,2025-04-27,2025-04-27_4,0.0,100,100,0,56.761603323553786,56.76366071485813,0.0009628405797101451,0.1585,0.1895,True,True,False,False,0.0,0.0,176.08590830554104,217.64374974886488,23.08815817495078,-8.287455498854824,408.53036073050185
2025-04-27T01:30:00Z,2025-04-27T01:45:00Z,2025-04-27,2025-04-27_4,0.0,100,100,0,56.76366071485813,62.58542071485813,0.016171555555555557,0.0,6.328,True,True,False,False,0.0,0.0,176.08590830554104,217.64374974886488,0.0,-43.08720376099972,350.6424542934062
2025-04-27T01:45:00Z,2025-04-27T02:00:00Z,2025-04-27,2025-04-27_4,0.0,100,100,0,62.58542071485813,65.12265984529292,0.007135446859903381,0.0145,2.775,True,True,False,False,0.0,0.0,176.08590830554104,217.64374974886488,2.0434530075943265,437.43018443364,833.2032954956403
2025-04-27T02:00:00Z,2025-04-27T02:15:00Z,2025-04-27,2025-04-27_5,0.0,100,100,0,65.12265984529292,72.49645984529292,0.02048277777777778,0.0,8.015,True,True,False,False,0.0,0.0,176.08590830554104,217.64374974886488,0.0,-87.48481837907342,306.2448396753325
2025-04-27T02:15:00Z,2025-04-27T02:30:00Z,2025-04-27,2025-04-27_5,0.0,100,100,0,72.49645984529292,73.2164485409451,0.002096586956521739,0.016,0.8015,True,True,False,False,0.0,0.0,176.08590830554104,217.64374974886488,2.297871177723309,-31.80267750231044,364.2248517298188
2025-04-27T02:30:00Z,2025-04-27T02:45:00Z,2025-04-27,2025-04-27_5,0.0,100,100,0,73.2164485409451,79.8694285409451,0.018480499999999997,0.0,7.231499999999999,True,True,False,False,0.0,0.0,176.08590830554104,217.64374974886488,0.0,-52.79282667657812,340.9368313778278
2025-04-27T02:45:00Z,2025-04-27T03:00:00Z,2025-04-27,2025-04-27_5,0.0,100,100,0,79.8694285409451,86.0555085409451,0.01718355555555556,0.0,6.724000000000001,True,True,False,False,0.0,0.0,176.08590830554104,217.64374974886488,0.0,-93.38678747940693,300.342870574999
2025-04-27T03:00:00Z,2025-04-27T03:15:00Z,2025-04-27,2025-04-27_6,66.86989412754964,33,100,0,86.0555085409451,68.20360509599371,0.05017535485542159,0.035144999999999996,0.3465,True,True,False,False,1124.584444490066,0.0,58.108349740828544,217.64374974886488,5.154870668421263,-20.568973460039377,1384.9224411881414
2025-04-27T03:15:00Z,2025-04-27T03:30:00Z,2025-04-27,2025-04-27_6,66.86989412754964,33,100,0,68.20360509599371,50.01782827407783,0.050642198808460645,0.08415,0.0745,True,True,False,False,1124.584444490066,0.0,58.108349740828544,217.64374974886488,12.483563065054044,-5.799217462932454,1407.020889581881
2025-04-27T03:30:00Z,2025-04-27T03:45:00Z,2025-04-27,2025-04-27_6,66.86989412754964,33,100,0,50.01782827407783,32.11276036275413,0.05018248865732134,0.005280000000000001,0.2635,True,True,False,False,1124.584444490066,0.0,58.108349740828544,217.64374974886488,0.7513079117611605,-16.07263179571664,1385.015220095804
2025-04-27T03:45:00Z,2025-04-27T04:00:00Z,2025-04-27,2025-04-27_6,66.86989412754964,33,100,0,32.11276036275413,14.948142782608713,0.04933809681184281,0.0036299999999999995,0.9795,True,True,False,False,1124.584444490066,0.0,58.108349740828544,217.64374974886488,0.5119660867119379,-44.71332683730461,1356.1351832291668
2025-04-27T04:00:00Z,2025-04-27T04:15:00Z,2025-04-27,2025-04-27_7,0.0,100,100,0,14.948142782608713,14.313436695652191,0.004822072463768116,1.0905,0.5985,True,True,False,False,0.0,0.0,200.5866516655282,203.6002732350223,168.29069936111222,-24.164254128661554,548.3133701330012
2025-04-27T04:15:00Z,2025-04-27T04:30:00Z,2025-04-27,2025-04-27_7,0.0,100,100,0,14.313436695652191,12.336806260869583,0.005490640096618357,1.8185,0.0,True,True,False,False,0.0,0.0,200.5866516655282,203.6002732350223,280.2636074054727,0.0,684.4505323060232
2025-04-27T04:30:00Z,2025-04-27T04:45:00Z,2025-04-27,2025-04-27_7,0.0,100,100,0,12.336806260869583,10.084632347826105,0.0062560386473429945,2.072,0.0,True,True,False,False,0.0,0.0,200.5866516655282,203.6002732350223,322.87508016233375,0.0,727.0620050628843
2025-04-27T04:45:00Z,2025-04-27T05:00:00Z,2025-04-27,2025-04-27_7,0.0,100,100,0,10.084632347826105,10.194081913043497,0.0005214178743961353,0.036,0.1615,True,True,False,False,0.0,0.0,200.5866516655282,203.6002732350223,5.20874593161088,-12.046438602483223,397.3492322296782
2025-04-27T05:00:00Z,2025-04-27T05:15:00Z,2025-04-27,2025-04-27_8,0.0,100,100,0,10.194081913043497,10.063236695652193,0.0005091256038647343,0.1445,0.028499999999999998,True,True,False,False,0.0,0.0,200.22501707718888,203.6002732350223,21.14840268011411,-2.28030919757303,422.69338379475226
2025-04-27T05:15:00Z,2025-04-27T05:30:00Z,2025-04-27,2025-04-27_8,0.0,100,100,0,10.063236695652193,10.055100173913063,0.00032160144927536233,0.056999999999999995,0.0585,True,True,False,False,0.0,0.0,200.22501707718888,203.6002732350223,8.069277936271948,-4.6731244223892,407.22144382609395
2025-04-27T05:30:00Z,2025-04-27T05:45:00Z,2025-04-27,2025-04-27_8,0.0,100,100,0,10.055100173913063,10.334069739130454,0.0007839734299516909,0.0015,0.305,True,True,False,False,0.0,0.0,200.22501707718888,203.6002732350223,0.21095350986458794,-21.243010407039822,382.79323341503596
2025-04-27T05:45:00Z,2025-04-27T06:00:00Z,2025-04-27,2025-04-27_8,0.0,100,100,0,10.334069739130454,16.178369739130453,0.016234166666666668,0.0,6.3525,True,True,False,False,0.0,0.0,200.22501707718888,203.6002732350223,0.0,-57.480591272551926,346.34469903965925
2025-04-27T06:00:00Z,2025-04-27T06:15:00Z,2025-04-27,2025-04-27_9,0.0,100,100,0,16.178369739130453,16.171673217391323,0.0038672681159420286,0.6435,0.753,True,True,False,False,0.0,0.0,200.5866516655282,203.6002732350223,80.73420761843532,-32.21467553341102,452.7064569855748
2025-04-27T06:15:00Z,2025-04-27T06:30:00Z,2025-04-27,2025-04-27_9,0.0,100,100,0,16.171673217391323,15.948182782608715,0.000707695652173913,0.22,0.017,True,True,False,False,0.0,0.0,200.5866516655282,203.6002732350223,27.601438502029172,-1.366175111503998,430.42218829107566
2025-04-27T06:30:00Z,2025-04-27T06:45:00Z,2025-04-27,2025-04-27_9,0.0,100,100,0,15.948182782608715,15.976226260869582,0.0005609903381642512,0.08,0.125,True,True,False,False,0.0,0.0,200.5866516655282,203.6002732350223,10.036886728010607,-9.95298750351589,404.27082412504524
2025-04-27T06:45:00Z,2025-04-27T07:00:00Z,2025-04-27,2025-04-27_9,0.0,100,100,0,15.976226260869582,16.029724521739148,0.00039317149758454106,0.0405,0.106,True,True,False,False,0.0,0.0,200.5866516655282,203.6002732350223,3.9077772531843933,-8.48234258850002,399.6123595652349
2025-04-27T07:00:00Z,2025-04-27T07:15:00Z,2025-04-27,2025-04-27_10,-48.0,100,52,0,16.029724521739148,16.644130434782625,0.03422238357487922,10.355,0.0,True,True,False,False,-0.48,0.0,176.08590830554104,113.17474986940972,2325.4374994977293,0.0,2614.2181576726803
2025-04-27T07:15:00Z,2025-04-27T07:30:00Z,2025-04-27,2025-04-27_10,-48.0,100,52,0,16.644130434782625,15.848992000000017,0.03470311787439614,11.755,0.0,True,True,False,False,-0.48,0.0,176.08590830554104,113.17474986940972,2387.088752159762,0.0,2675.869410334713
2025-04-27T07:30:00Z,2025-04-27T07:45:00Z,2025-04-27,2025-04-27_10,-48.0,100,52,0,15.848992000000017,23.845383026086974,0.03170470937198068,3.023,0.0,True,True,False,False,-0.48,0.0,176.08590830554104,113.17474986940972,353.25018885361834,0.0,642.0308470285692
2025-04-27T07:45:00Z,2025-04-27T08:00:00Z,2025-04-27,2025-04-27_10,-48.0,100,52,0,23.845383026086974,34.45745944347828,0.030919294396135267,0.459,0.03718,True,True,False,False,-0.48,0.0,176.08590830554104,113.17474986940972,41.51601237593925,-2.9680581709326153,327.3286123799574
2025-04-27T08:00:00Z,2025-04-27T08:15:00Z,2025-04-27,2025-04-27_11,0.0,100,100,0,34.45745944347828,29.55152379130437,0.013642932367149758,4.516,0.003,True,True,False,False,0.0,0.0,176.08590830554104,217.64374974886488,408.348961305099,-0.24108972555952904,801.8375296339455
2025-04-27T08:15:00Z,2025-04-27T08:30:00Z,2025-04-27,2025-04-27_11,0.0,100,100,0,29.55152379130437,30.768495095652195,0.0037699685990338163,0.0645,1.399,True,True,False,False,0.0,0.0,176.08590830554104,217.64374974886488,5.832264837063526,-31.76039739623096,367.8015254952385
2025-04-27T08:30:00Z,2025-04-27T08:45:00Z,2025-04-27,2025-04-27_11,0.0,100,100,0,30.768495095652195,32.75126379130437,0.005534864734299517,0.0045,2.1605,True,True,False,False,0.0,0.0,176.08590830554104,217.64374974886488,0.40690219793466464,-44.24219934102141,349.89436091131915
2025-04-27T08:45:00Z,2025-04-27T09:00:00Z,2025-04-27,2025-04-27_11,0.0,100,100,0,32.75126379130437,29.63628987826089,0.011706594202898551,3.3715,0.5975,True,True,False,False,0.0,0.0,176.08590830554104,217.64374974886488,304.860168963716,-19.52360720456463,679.0662198135573
2025-04-27T09:00:00Z,2025-04-27T09:15:00Z,2025-04-27,2025-04-27_12,-22.0,100,78,0,29.63628987826089,32.29337259130437,0.01815759690821256,2.288,0.0,True,True,False,False,88.385,0.0,176.08590830554104,169.7621248041146,206.8549845300759,0.0,641.0880176397316
2025-04-27T09:15:00Z,2025-04-27T09:30:00Z,2025-04-27,2025-04-27_12,-22.0,100,78,0,32.29337259130437,30.728021321739153,0.025365751304347824,6.3085,0.0,True,True,False,False,88.385,0.0,176.08590830554104,169.7621248041146,734.838728954876,0.0,1169.0717620645316
2025-04-27T09:30:00Z,2025-04-27T09:45:00Z,2025-04-27,2025-04-27_12,-22.0,100,78,0,30.728021321739153,33.96418048695654,0.017210888985507246,1.7455000000000003,0.01014,True,True,False,False,88.385,0.0,176.08590830554104,169.7621248041146,180.90336189576888,-0.7952160646120463,614.3411789408125
2025-04-27T09:45:00Z,2025-04-27T10:00:00Z,2025-04-27,2025-04-27_12,-22.0,100,78,0,33.96418048695654,38.41480125217394,0.015276060096618358,0.6185,0.043680000000000004,True,True,False,False,88.385,0.0,176.08590830554104,169.7621248041146,55.91774822196328,-3.4620002410897257,486.6887810905292
2025-04-27T10:00:00Z,2025-04-27T10:15:00Z,2025-04-27,2025-04-27_13,-100.0,100,0,0,38.41480125217394,61.02104125217393,0.06279511111111111,0.428,0.0,True,True,False,False,401.75,0.0,176.08590830554104,0.0,38.694900952304415,0.0,616.5308092578455
2025-04-27T10:15:00Z,2025-04-27T10:30:00Z,2025-04-27,2025-04-27_13,-100.0,100,0,0,61.02104125217393,83.94284125217393,0.06367166666666667,0.085,0.0,True,True,False,False,401.75,0.0,176.08590830554104,0.0,7.684735002209989,0.0,585.520643307751
2025-04-27T10:30:00Z,2025-04-27T10:45:00Z,2025-04-27,2025-04-27_13,-100.0,100,0,0,83.94284125217393,103.81898125217393,0.0552115,3.3954999999999997,0.0,True,True,False,False,401.75,0.0,176.08590830554104,0.0,306.98256117651783,0.0,884.8184694820588
2025-04-27T10:45:00Z,2025-04-27T11:00:00Z,2025-04-27,2025-04-27_13,-100.0,100,0,0,103.81898125217393,125.78858125217393,0.061026666666666673,1.12,0.0,True,True,False,False,401.75,0.0,176.08590830554104,0.0,101.25768473500221,0.0,679.0935930405433
2025-04-27T11:00:00Z,2025-04-27T11:15:00Z,2025-04-27,2025-04-27_14,0.0,100,100,0,125.78858125217393,116.4461899478261,0.02595108695652174,8.595,0.0,True,True,False,False,0.0,0.0,175.93522722706635,217.64374974886488,1267.4076415397597,0.0,1660.986618515691
2025-04-27T11:15:00Z,2025-04-27T11:30:00Z,2025-04-27,2025-04-27_14,0.0,100,100,0,116.4461899478261,111.22064646956522,0.014515398550724637,4.8075,0.0,True,True,False,False,0.0,0.0,175.93522722706635,217.64374974886488,434.63957086028853,0.0,828.2185478362197
2025-04-27T11:30:00Z,2025-04-27T11:45:00Z,2025-04-27,2025-04-27_14,0.0,100,100,0,111.22064646956522,106.0978203826087,0.014230072463768116,4.713,0.0,True,True,False,False,0.0,0.0,175.93522722706635,217.64374974886488,582.4949469602603,0.0,976.0739239361916
2025-04-27T11:45:00Z,2025-04-27T12:00:00Z,2025-04-27,2025-04-27_14,0.0,100,100,0,106.0978203826087,108.2968299478261,0.006117417874396135,0.0015,2.392,True,True,False,False,0.0,0.0,175.93522722706635,217.64374974886488,0.1356129706272351,-70.87478603286856,322.8398039136899
2025-04-27T12:00:00Z,2025-04-27T12:15:00Z,2025-04-27,2025-04-27_15,-5.164144759243564e-13,100,100,0,108.2968299478261,112.16772994782622,0.010752500000000328,0.0,4.2075,True,True,False,False,1.4782364373334703e-12,0.0,175.93522722706635,217.64374974886488,0.0,-71.51160796801541,322.0673690079173
2025-04-27T12:15:00Z,2025-04-27T12:30:00Z,2025-04-27,2025-04-27_15,-5.164144759243564e-13,100,100,0,112.16772994782622,113.49160994782633,0.003677444444444774,0.0,1.439,True,True,False,False,1.4782364373334703e-12,0.0,175.93522722706635,217.64374974886488,0.0,-60.37561076063809,333.20336621529464
2025-04-27T12:30:00Z,2025-04-27T12:45:00Z,2025-04-27,2025-04-27_15,-5.164144759243564e-13,100,100,0,113.49160994782633,115.43331603478298,0.005475149758454436,0.0135,2.1265,True,True,False,False,1.4782364373334703e-12,0.0,175.93522722706635,217.64374974886488,1.2205167356451159,-77.10495720657372,317.6945365050041
2025-04-27T12:45:00Z,2025-04-27T13:00:00Z,2025-04-27,2025-04-27_15,-5.164144759243564e-13,100,100,0,115.43331603478298,114.6270160347831,0.002482500000000308,0.782,0.0475,True,True,False,False,1.4782364373334703e-12,0.0,175.93522722706635,217.64374974886488,70.6995620203319,-3.6878681641017397,460.59067083216286
2025-04-27T13:00:00Z,2025-04-27T13:15:00Z,2025-04-27,2025-04-27_16,-100.0,100,0,0,114.6270160347831,137.5865360347831,0.06377644444444446,0.044,0.0,True,True,False,False,401.75,0.0,175.93522722706635,0.0,3.9779804717322294,0.0,581.6632076987986
2025-04-27T13:15:00Z,2025-04-27T13:30:00Z,2025-04-27,2025-04-27_16,-100.0,100,0,0,137.5865360347831,159.9043560347831,0.06199394444444444,0.7415,0.0,True,True,False,False,401.75,0.0,175.93522722706635,0.0,67.03801181339655,0.0,644.7232390404629
2025-04-27T13:30:00Z,2025-04-27T13:45:00Z,2025-04-27,2025-04-27_16,-100.0,100,0,0,159.9043560347831,181.5169960347831,0.06003511111111112,1.508,0.0,True,True,False,False,401.75,0.0,175.93522722706635,0.0,136.33623980391368,0.0,714.02146703098
2025-04-27T13:45:00Z,2025-04-27T14:00:00Z,2025-04-27,2025-04-27_16,-100.0,100,0,0,181.5169960347831,189.38989603478308,0.02186916666666667,16.4425,0.0,True,True,False,False,401.75,0.0,175.93522722706635,0.0,14905.756875075338,0.0,15483.442102302404
2025-04-27T14:00:00Z,2025-04-27T14:15:00Z,2025-04-27,2025-04-27_17,10.481469951999758,0,0,0,189.38989603478308,186.54167050434836,0.00791173758454088,0.0,0.0,True,False,False,False,-13.547299912959687,0.0,0.0,0.0,0.0,0.0,-13.547299912959687
2025-04-27T14:15:00Z,2025-04-27T14:30:00Z,2025-04-27,2025-04-27_17,10.481469951999758,0,0,0,186.54167050434836,183.69344497391364,0.00791173758454088,0.0,0.0,True,False,False,False,-13.547299912959687,0.0,0.0,0.0,0.0,0.0,-13.547299912959687
2025-04-27T14:30:00Z,2025-04-27T14:45:00Z,2025-04-27,2025-04-27_17,10.481469951999758,0,0,0,183.69344497391364,180.84521944347892,0.00791173758454088,0.0,0.0,True,False,False,False,-13.547299912959687,0.0,0.0,0.0,0.0,0.0,-13.547299912959687
2025-04-27T14:45:00Z,2025-04-27T15:00:00Z,2025-04-27,2025-04-27_17,10.481469951999758,0,0,0,180.84521944347892,177.9969939130442,0.00791173758454088,0.0,0.0,True,False,False,False,-13.547299912959687,0.0,0.0,0.0,0.0,0.0,-13.547299912959687
2025-04-27T15:00:00Z,2025-04-27T15:15:00Z,2025-04-27,2025-04-27_18,9.436895709313832e-14,100,100,0,177.9969939130442,185.3503200000007,0.02634076086956524,0.9795,9.15,True,True,False,False,4.329175906647721e-13,0.0,175.93522722706635,217.64374974886488,128.9994454936312,1981.346154618877,2503.92457708844
2025-04-27T15:15:00Z,2025-04-27T15:30:00Z,2025-04-27,2025-04-27_18,9.436895709313832e-14,100,100,0,185.3503200000007,189.98423913043544,0.012959557971014538,0.0145,5.054,True,True,False,False,4.329175906647721e-13,0.0,175.93522722706635,217.64374974886488,1.5770723670992888,-48.770175995499656,346.3858733475313
2025-04-27T15:30:00Z,2025-04-27T15:45:00Z,2025-04-27,2025-04-27_18,9.436895709313832e-14,100,100,0,189.98423913043544,187.03286086956587,0.008223828502415532,2.7195,0.005,True,True,False,False,4.329175906647721e-13,0.0,175.93522722706635,217.64374974886488,295.7826415397597,-0.4008116687427171,688.9608068469487
2025-04-27T15:45:00Z,2025-04-27T16:00:00Z,2025-04-27,2025-04-27_18,9.436895709313832e-14,100,100,0,187.03286086956587,180.5051434782615,0.018132548309178816,6.0055,0.0,True,True,False,False,4.329175906647721e-13,0.0,175.93522722706635,217.64374974886488,741.720393478523,0.0,1135.2993704544547
2025-04-27T16:00:00Z,2025-04-27T16:15:00Z,2025-04-27,2025-04-27_19,4.750477507228613,95,100,0,180.5051434782615,185.56659658774643,0.020386127845086092,0.196175,7.0755,True,True,False,False,111.27993560683026,0.0,187.80889621087312,203.6002732350223,31.116364587937472,1177.0584818379073,1710.8639514785705
2025-04-27T16:15:00Z,2025-04-27T16:30:00Z,2025-04-27,2025-04-27_19,4.750477507228613,95,100,0,185.56659658774643,187.84988771156532,0.012419987262290228,0.0019000000000000002,3.8539999999999996,True,True,False,False,111.27993560683026,0.0,187.80889621087312,203.6002732350223,0.2714067585486399,-65.22159802306425,437.7389137882101
2025-04-27T16:30:00Z,2025-04-27T16:45:00Z,2025-04-27,2025-04-27_19,4.750477507228613,95,100,0,187.84988771156532,185.86557909655943,0.005584993008927388,0.65075,0.015,True,True,False,False,111.27993560683026,0.0,187.80889621087312,203.6002732350223,103.13996584562223,-1.2024350062281512,604.6266358921198
2025-04-27T16:45:00Z,2025-04-27T17:00:00Z,2025-04-27,2025-04-27_19,4.750477507228613,95,100,0,185.86557909655943,184.4724346347833,0.004135168563699756,0.1406,0.0545,True,True,False,False,111.27993560683026,0.0,187.80889621087312,203.6002732350223,20.600580704785628,-4.32906768594045,518.9606180715708
2025-04-27T17:00:00Z,2025-04-27T17:15:00Z,2025-04-27,2025-04-27_20,0.0,100,100,0,184.4724346347833,189.7725546347833,0.014722555555555556,0.0,5.761,True,True,False,False,0.0,0.0,197.99493711576326,203.238638646683,0.0,-39.07373307349218,362.1598426889541
2025-04-27T17:15:00Z,2025-04-27T17:30:00Z,2025-04-27,2025-04-27_20,0.0,100,100,0,189.7725546347833,189.73379115652244,0.0007286763285024155,0.1385,0.1215,True,True,False,False,0.0,0.0,197.99493711576326,203.238638646683,20.379707075983443,-7.611410877164784,414.0018719612649
2025-04-27T17:30:00Z,2025-04-27T17:45:00Z,2025-04-27,2025-04-27_20,0.0,100,100,0,189.73379115652244,189.30975550434852,0.0012315434782608696,0.399,0.0105,True,True,False,False,0.0,0.0,197.99493711576326,203.238638646683,63.57498332462732,-0.822718688471893,463.9858403986017
2025-04-27T17:45:00Z,2025-04-27T18:00:00Z,2025-04-27,2025-04-27_20,0.0,100,100,0,189.30975550434852,172.98638593913114,0.04534269323671498,15.0175,0.0,True,True,False,False,0.0,0.0,197.99493711576326,203.238638646683,4797.3752832804275,0.0,5198.6088590428735
2025-04-27T18:00:00Z,2025-04-27T18:15:00Z,2025-04-27,2025-04-27_21,100.0,0,100,0,172.98638593913114,146.15323376521812,0.07453653381642511,0.0,0.3135,True,True,False,False,3119.5,0.0,0.0,203.6002732350223,0.0,-14.297650781532528,3308.8026224534897
2025-04-27T18:15:00Z,2025-04-27T18:30:00Z,2025-04-27,2025-04-27_21,100.0,0,100,0,146.15323376521812,119.28475550434854,0.07463466183574878,0.0,0.281,True,True,False,False,3119.5,0.0,0.0,203.6002732350223,0.0,-15.548263953067869,3307.5520092819543
2025-04-27T18:30:00Z,2025-04-27T18:45:00Z,2025-04-27,2025-04-27_21,100.0,0,100,0,119.28475550434854,93.13910333043549,0.0726268115942029,0.0,0.946,True,True,False,False,3119.5,0.0,0.0,203.6002732350223,0.0,-17.50938160485394,3305.5908916301682
2025-04-27T18:45:00Z,2025-04-27T19:00:00Z,2025-04-27,2025-04-27_21,100.0,0,100,0,93.13910333043549,66.88692941739201,0.07292270531400966,0.0,0.848,True,True,False,False,3119.5,0.0,0.0,203.6002732350223,0.0,-35.263368023466064,3287.8369052115563
2025-04-27T19:00:00Z,2025-04-27T19:15:00Z,2025-04-27,2025-04-27_22,59.000000000000036,41,100,0,66.88692941739201,49.50376502608765,0.04839658442028987,1.2917049999999999,0.0525,True,True,False,False,1604.210000000001,0.0,80.68369028006589,217.64374974886488,238.88082343492584,-3.390328786113231,2138.0279346777443
2025-04-27T19:15:00Z,2025-04-27T19:30:00Z,2025-04-27,2025-04-27_22,59.000000000000036,41,100,0,49.50376502608765,34.355533843478945,0.04393927328502417,0.01845,0.8880000000000001,True,True,False,False,1604.210000000001,0.0,80.68369028006589,217.64374974886488,2.665404859967051,-34.057067545304776,1871.145777343594
2025-04-27T19:30:00Z,2025-04-27T19:45:00Z,2025-04-27,2025-04-27_22,59.000000000000036,41,100,0,34.355533843478945,25.78397874782676,0.03916086748792271,0.0,7.3255,True,True,False,False,1604.210000000001,0.0,80.68369028006589,217.64374974886488,0.0,-73.74067826576123,1828.7967617631705
2025-04-27T19:45:00Z,2025-04-27T20:00:00Z,2025-04-27,2025-04-27_22,59.000000000000036,41,100,0,25.78397874782676,14.116170434783275,0.04139108198067634,0.0,4.2855,True,True,False,False,1604.210000000001,0.0,80.68369028006589,217.64374974886488,0.0,1279.1624276730822,3181.6998677020138
2025-04-27T20:00:00Z,2025-04-27T20:15:00Z,2025-04-27,2025-04-27_23,0.0,100,100,0,14.116170434783275,13.013246086957187,0.008693567632850242,1.947,1.1015,True,True,False,False,0.0,0.0,175.93522722706635,217.64374974886488,336.8543918511673,-22.053679129666087,708.3796896974325
2025-04-27T20:15:00Z,2025-04-27T20:30:00Z,2025-04-27,2025-04-27_23,0.0,100,100,0,13.013246086957187,12.389333043478926,0.0017330917874396135,0.574,0.0,True,True,False,False,0.0,0.0,175.93522722706635,217.64374974886488,85.45420098846786,0.0,479.0331779643991
2025-04-27T20:30:00Z,2025-04-27T20:45:00Z,2025-04-27,2025-04-27_23,0.0,100,100,0,12.389333043478926,10.893680869565882,0.004154589371980676,1.376,0.0,True,True,False,False,0.0,0.0,175.93522722706635,217.64374974886488,232.9726073853819,0.0,626.5515843613132
2025-04-27T20:45:00Z,2025-04-27T21:00:00Z,2025-04-27,2025-04-27_23,0.0,100,100,0,10.893680869565882,10.000000000000664,0.007396780193236715,1.636,0.9615,True,True,False,False,0.0,0.0,175.93522722706635,217.64374974886488,290.5400450034154,-24.278580081970507,659.8404418973761
2025-04-27T21:00:00Z,2025-04-27T21:15:00Z,2025-04-28,2025-04-27_24,-95.50073757954293,100,4,0,10.000000000000664,25.491999718067966,0.04493383621148509,6.995,0.01606,True,True,False,False,-2243.5510775874122,0.0,175.93522722706635,8.705749989954594,1376.7476533933377,-0.9496772893478523,-683.1121242664015
2025-04-27T21:15:00Z,2025-04-27T21:30:00Z,2025-04-28,2025-04-27_24,-95.50073757954293,100,4,0,25.491999718067966,42.46740965667564,0.04861576924089508,5.3805,0.00078,True,True,False,False,-2243.5510775874122,0.0,175.93522722706635,8.705749989954594,1010.0247272672478,-0.06111624542934062,-1048.9464893485729
2025-04-27T21:30:00Z,2025-04-27T21:45:00Z,2025-04-28,2025-04-27_24,-95.50073757954293,100,4,0,42.46740965667564,61.728418611964656,0.054294928232496216,2.9155,0.0,True,True,False,False,-2243.5510775874122,0.0,175.93522722706635,8.705749989954594,531.6104448105436,0.0,-1527.2996555598477
2025-04-27T21:45:00Z,2025-04-27T22:00:00Z,2025-04-28,2025-04-27_24,-95.50073757954293,100,4,0,61.728418611964656,82.65906893913032,0.05845273659055045,1.1485,0.0334,True,True,False,False,-2243.5510775874122,0.0,175.93522722706635,8.705749989954594,207.4833757584281,-1.532679792662836,-1852.959404404626
2025-04-27T22:00:00Z,2025-04-27T22:15:00Z,2025-04-28,2025-04-28_1,0.0,100,100,0,82.65906893913032,82.62974893913032,0.002210222222222222,0.3795,0.4164999999999999,True,True,False,False,0.0,0.0,175.93522722706635,217.64374974886488,67.47778991039499,-23.323715494033024,437.7330513922932
2025-04-27T22:15:00Z,2025-04-27T22:30:00Z,2025-04-28,2025-04-28_1,0.0,100,100,0,82.62974893913032,79.50349502608684,0.008689149758454105,2.877,0.001,True,True,False,False,0.0,0.0,175.93522722706635,217.64374974886488,523.9135261381443,-0.07835416080684696,917.4141489532688
2025-04-27T22:30:00Z,2025-04-27T22:45:00Z,2025-04-28,2025-04-28_1,0.0,100,100,0,79.50349502608684,78.5265732869564,0.0027392270531400964,0.903,0.005,True,True,False,False,0.0,0.0,175.93522722706635,217.64374974886488,161.86475469120424,-0.39177080403423475,555.0519608631013
2025-04-27T22:45:00Z,2025-04-27T23:00:00Z,2025-04-28,2025-04-28_1,0.0,100,100,0,78.5265732869564,77.97623502608684,0.0022544951690821255,0.6265,0.142,True,True,False,False,0.0,0.0,175.93522722706635,217.64374974886488,112.41807047856308,-10.41840197693575,495.57864547755855
2025-04-27T23:00:00Z,2025-04-27T23:15:00Z,2025-04-28,2025-04-28_2,0.0,100,100,0,77.97623502608684,77.97311937391292,0.00038687681159420295,0.0655,0.074,True,True,False,False,0.0,0.0,175.93522722706635,217.64374974886488,10.702237312653192,-5.681678788122312,398.5995355004621
2025-04-27T23:15:00Z,2025-04-27T23:30:00Z,2025-04-28,2025-04-28_2,0.0,100,100,0,77.97311937391292,73.514423721739,0.012385265700483093,4.102,0.0,True,True,False,False,0.0,0.0,175.93522722706635,217.64374974886488,731.6829388837547,0.0,1125.2619158596858
2025-04-27T23:30:00Z,2025-04-27T23:45:00Z,2025-04-28,2025-04-28_2,0.0,100,100,0,73.514423721739,71.1557280695651,0.006551932367149758,2.17,0.0,True,True,False,False,0.0,0.0,175.93522722706635,217.64374974886488,387.029836862619,0.0,780.6088138385502
2025-04-27T23:45:00Z,2025-04-28T00:00:00Z,2025-04-28,2025-04-28_2,0.0,100,100,0,71.1557280695651,70.65055328695641,0.003974152173913044,0.8905,0.503,True,True,False,False,0.0,0.0,175.93522722706635,217.64374974886488,158.63294792461926,-23.87233917306224,528.3395857274883
2025-04-28T00:00:00Z,2025-04-28T00:15:00Z,2025-04-28,2025-04-28_3,-99.99999999999999,100,0,0,70.65055328695641,91.2139332869564,0.057120499999999984,2.6485,0.0,True,True,False,False,-2090.9999999999995,0.0,175.93522722706635,0.0,460.80675443002366,0.0,-1454.2580183429095
2025-04-28T00:15:00Z,2025-04-28T00:30:00Z,2025-04-28,2025-04-28_3,-99.99999999999999,100,0,0,91.2139332869564,111.3048932869564,0.05580822222222222,3.1620000000000004,0.0,True,True,False,False,-2090.9999999999995,0.0,175.93522722706635,0.0,550.3292843653313,0.0,-1364.735488407602
2025-04-28T00:30:00Z,2025-04-28T00:45:00Z,2025-04-28,2025-04-28_3,-99.99999999999999,100,0,0,111.3048932869564,130.1230332869564,0.0522726111111111,4.5455,0.0,True,True,False,False,-2090.9999999999995,0.0,175.93522722706635,0.0,795.162961285008,0.0,-1119.9018114879252
2025-04-28T00:45:00Z,2025-04-28T01:00:00Z,2025-04-28,2025-04-28_3,-99.99999999999999,100,0,0,130.1230332869564,149.71305328695638,0.05441672222222221,3.7065,0.0,True,True,False,False,-2090.9999999999995,0.0,175.93522722706635,0.0,645.0966136938964,0.0,-1269.9681590790367
2025-04-28T01:00:00Z,2025-04-28T01:15:00Z,2025-04-28,2025-04-28_4,0.0,100,100,0,149.71305328695638,149.22146633043465,0.0015571859903381641,0.484,0.0375,True,True,False,False,0.0,0.0,175.93522722706635,217.64374974886488,84.89710451239601,-2.8538016836099165,475.6222798047173
2025-04-28T01:15:00Z,2025-04-28T01:30:00Z,2025-04-28,2025-04-28_4,0.0,100,100,0,149.22146633043465,146.58342285217378,0.007327898550724638,2.427,0.0,True,True,False,False,0.0,0.0,175.93522722706635,217.64374974886488,429.8277755454655,0.0,823.4067525213967
2025-04-28T01:30:00Z,2025-04-28T01:45:00Z,2025-04-28,2025-04-28_4,0.0,100,100,0,146.58342285217378,139.99972719999988,0.018288043478260872,6.057,0.0,True,True,False,False,0.0,0.0,175.93522722706635,217.64374974886488,1086.2223245067705,0.0,1479.8013014827018
2025-04-28T01:45:00Z,2025-04-28T02:00:00Z,2025-04-28,2025-04-28_4,0.0,100,100,0,139.99972719999988,134.2578793739129,0.01594957729468599,5.2825,0.0,True,True,False,False,0.0,0.0,175.93522722706635,217.64374974886488,975.0380213565313,0.0,1368.6169983324626
2025-04-28T02:00:00Z,2025-04-28T02:15:00Z,2025-04-28,2025-04-28_5,0.0,100,100,0,134.2578793739129,134.33276285217377,0.002357768115942029,0.356,0.502,True,True,False,False,0.0,0.0,175.93522722706635,217.64374974886488,64.00933499417366,-28.54553903644473,429.04277293366016
2025-04-28T02:15:00Z,2025-04-28T02:30:00Z,2025-04-28,2025-04-28_5,0.0,100,100,0,134.33276285217377,133.01449415652158,0.0036720797101449268,1.2145,0.002,True,True,False,False,0.0,0.0,175.93522722706635,217.64374974886488,219.35176879495313,-0.1567083216136939,612.7740374492706
2025-04-28T02:30:00Z,2025-04-28T02:45:00Z,2025-04-28,2025-04-28_5,0.0,100,100,0,133.01449415652158,130.19112459130417,0.007842693236714975,2.5975,0.0,True,True,False,False,0.0,0.0,175.93522722706635,217.64374974886488,469.9677718286656,0.0,863.5467488045969
2025-04-28T02:45:00Z,2025-04-28T03:00:00Z,2025-04-28,2025-04-28_5,0.0,100,100,0,130.19112459130417,128.9945115478259,0.0033367028985507243,1.103,0.0025,True,True,False,False,0.0,0.0,175.93522722706635,217.64374974886488,198.91273395748783,-0.19588540201711738,592.295825531402
2025-04-28T03:00:00Z,2025-04-28T03:15:00Z,2025-04-28,2025-04-28_6,-7.925794659641896e-14,100,100,0,128.9945115478259,130.16872633043462,0.0033009589371981187,0.0065,1.284,True,True,False,False,-1.9913559082350262e-12,0.0,175.93522722706635,217.64374974886488,0.9744045083778679,-54.31654839876241,340.2368330855447
2025-04-28T03:15:00Z,2025-04-28T03:30:00Z,2025-04-28,2025-04-28_6,-7.925794659641896e-14,100,100,0,130.16872633043462,132.6690532869564,0.007286536231884109,0.056499999999999995,2.7845,True,True,False,False,-1.9913559082350262e-12,0.0,175.93522722706635,217.64374974886488,9.81436352312452,-69.43516112829991,333.95817937075384
2025-04-28T03:30:00Z,2025-04-28T03:45:00Z,2025-04-28,2025-04-28_6,-7.925794659641896e-14,100,100,0,132.6690532869564,128.94568372173904,0.01034269323671501,3.4255,0.0,True,True,False,False,-1.9913559082350262e-12,0.0,175.93522722706635,217.64374974886488,640.3917674890506,0.0,1033.9707444649798
2025-04-28T03:45:00Z,2025-04-28T04:00:00Z,2025-04-28,2025-04-28_6,-7.925794659641896e-14,100,100,0,128.94568372173904,122.95546633043472,0.01663949275362321,5.511,0.0,True,True,False,False,-1.9913559082350262e-12,0.0,175.93522722706635,217.64374974886488,1269.3978541005342,0.0,1662.9768310764634
2025-04-28T04:00:00Z,2025-04-28T04:15:00Z,2025-04-28,2025-04-28_7,13.0,87,100,0,122.95546633043472,113.80603734782602,0.027147057173913042,5.504925,0.3895,True,True,False,False,454.15500000000003,0.0,172.255595290714,203.6002732350223,1255.0762274731787,-20.749674629324545,2064.3374213695906
2025-04-28T04:15:00Z,2025-04-28T04:30:00Z,2025-04-28,2025-04-28_7,13.0,87,100,0,113.80603734782602,101.32472213043472,0.034670320048309174,8.232809999999999,0.0,True,True,False,False,454.15500000000003,0.0,172.255595290714,203.6002732350223,1833.6221481355726,0.0,2663.633016661309
2025-04-28T04:30:00Z,2025-04-28T04:45:00Z,2025-04-28,2025-04-28_7,13.0,87,100,0,101.32472213043472,93.36730426956515,0.022219551835748787,4.09335,0.026,True,True,False,False,454.15500000000003,0.0,172.255595290714,203.6002732350223,901.895583638044,-1.9381580744967248,1729.9682940892835
2025-04-28T04:45:00Z,2025-04-28T05:00:00Z,2025-04-28,2025-04-28_7,13.0,87,100,0,93.36730426956515,88.22518965217385,0.014290321714975846,1.482045,0.0015,True,True,False,False,454.15500000000003,0.0,172.255595290714,203.6002732350223,267.5773976875477,-0.11753124121027042,1097.4707349720738
2025-04-28T05:00:00Z,2025-04-28T05:15:00Z,2025-04-28,2025-04-28_8,100.0,0,100,0,88.22518965217385,61.93660269565212,0.07302385265700483,0.0,0.8145,True,True,False,False,3277.25,0.0,0.0,203.238638646683,0.0,-47.34095109896733,3433.1476875477156
2025-04-28T05:15:00Z,2025-04-28T05:30:00Z,2025-04-28,2025-04-28_8,100.0,0,100,0,61.93660269565212,39.00616791304343,0.06369565217391304,0.0,3.904,True,True,False,False,3277.25,0.0,0.0,203.238638646683,0.0,107.9957118174147,3588.4843504640976
2025-04-28T05:30:00Z,2025-04-28T05:45:00Z,2025-04-28,2025-04-28_8,100.0,0,100,0,39.00616791304343,28.375733130434732,0.029528985507246377,0.0,15.22,True,True,False,False,3277.25,0.0,0.0,203.238638646683,0.0,11178.609004701248,14659.09764334793
2025-04-28T05:45:00Z,2025-04-28T06:00:00Z,2025-04-28,2025-04-28_8,100.0,0,100,0,28.375733130434732,22.544754869565168,0.016197161835748788,0.0,19.6355,True,True,False,False,3277.25,0.0,0.0,203.238638646683,0.0,17594.921275565557,21075.40991421224
2025-04-28T06:00:00Z,2025-04-28T06:15:00Z,2025-04-28,2025-04-28_9,29.99999999999997,70,100,0,22.544754869565168,13.470049217391264,0.029313015700483072,1.8728500000000001,1.1475,True,True,False,False,714.9749999999993,0.0,138.38550247116967,203.6002732350223,346.0663623478121,-39.22050518342909,1363.8066328705743
2025-04-28T06:15:00Z,2025-04-28T06:30:00Z,2025-04-28,2025-04-28_9,29.99999999999997,70,100,0,13.470049217391264,9.999999999999966,0.026907170048309163,0.0,4.8265,True,True,False,False,714.9749999999993,0.0,138.38550247116967,203.6002732350223,0.0,1026.118515690923,2083.0792913971145
2025-04-28T06:30:00Z,2025-04-28T06:45:00Z,2025-04-28,2025-04-28_9,29.99999999999997,70,100,0,9.999999999999966,10.187663652173885,0.03023686763285023,0.0,8.597,True,True,False,False,714.9749999999993,0.0,138.38550247116967,203.6002732350223,0.0,2145.818039739623,3202.7788154458144
2025-04-28T06:45:00Z,2025-04-28T07:00:00Z,2025-04-28,2025-04-28_9,29.99999999999997,70,100,0,10.187663652173885,20.838685217391284,0.03976189565217393,0.0,19.383,True,True,False,False,714.9749999999993,0.0,138.38550247116967,203.6002732350223,0.0,20159.445424317917,21216.40620002411
2025-04-28T07:00:00Z,2025-04-28T07:15:00Z,2025-04-28,2025-04-28_10,9.527982399999997,0,0,0,20.838685217391284,18.24955956521737,0.0071920157004830895,0.0,0.0,True,False,False,False,160.47504357199998,0.0,0.0,0.0,0.0,0.0,160.47504357199998
2025-04-28T07:15:00Z,2025-04-28T07:30:00Z,2025-04-28,2025-04-28_10,9.527982399999997,0,0,0,18.24955956521737,15.660433913043459,0.0071920157004830895,0.0,0.0,True,False,False,False,160.47504357199998,0.0,0.0,0.0,0.0,0.0,160.47504357199998
2025-04-28T07:30:00Z,2025-04-28T07:45:00Z,2025-04-28,2025-04-28_10,9.527982399999997,0,0,0,15.660433913043459,13.071308260869547,0.0071920157004830895,0.0,0.0,True,False,False,False,160.47504357199998,0.0,0.0,0.0,0.0,0.0,160.47504357199998
2025-04-28T07:45:00Z,2025-04-28T08:00:00Z,2025-04-28,2025-04-28_10,9.527982399999997,0,0,0,13.071308260869547,10.482182608695634,0.0071920157004830895,0.0,0.0,True,False,False,False,160.47504357199998,0.0,0.0,0.0,0.0,0.0,160.47504357199998
2025-04-28T08:00:00Z,2025-04-28T08:15:00Z,2025-04-28,2025-04-28_11,0.0,100,100,0,10.482182608695634,9.99999999999998,0.01267328502415459,2.3205,2.2175,True,True,False,False,0.0,0.0,176.5078153252702,218.48756378832323,282.01203308956485,398.3485208140796,1075.355933017238
2025-04-28T08:15:00Z,2025-04-28T08:30:00Z,2025-04-28,2025-04-28_11,0.0,100,100,0,9.99999999999998,14.624564347826066,0.013172099033816425,0.054,5.0905,True,True,False,False,0.0,0.0,176.5078153252702,218.48756378832323,5.390452846867842,309.6303221561457,710.016154116607
2025-04-28T08:30:00Z,2025-04-28T08:45:00Z,2025-04-28,2025-04-28_11,0.0,100,100,0,14.624564347826066,26.39044434782607,0.032683000000000004,0.0,12.789,True,True,False,False,0.0,0.0,176.5078153252702,218.48756378832323,0.0,3611.1979716317746,4006.193350745368
2025-04-28T08:45:00Z,2025-04-28T09:00:00Z,2025-04-28,2025-04-28_11,0.0,100,100,0,26.39044434782607,33.32511652173911,0.01935657729468599,0.0155,7.556,True,True,False,False,0.0,0.0,176.5078153252702,218.48756378832323,1.5472596134528065,1991.8213509060956,2388.363989633142
2025-04-28T09:00:00Z,2025-04-28T09:15:00Z,2025-04-28,2025-04-28_12,1.6618161605353512e-14,100,100,0,33.32511652173911,33.36134695652171,0.013980471014492766,2.2985,2.755,True,True,False,False,-4.154540401338378e-17,0.0,176.5078153252702,218.48756378832323,207.8042753244666,-21.81904207015711,580.980612367903
2025-04-28T09:15:00Z,2025-04-28T09:30:00Z,2025-04-28,2025-04-28_12,1.6618161605353512e-14,100,100,0,33.36134695652171,29.07982521739127,0.011893115942028996,3.939,0.0,True,True,False,False,-4.154540401338378e-17,0.0,176.5078153252702,218.48756378832323,366.3450433961506,0.0,761.340422509744
2025-04-28T09:30:00Z,2025-04-28T09:45:00Z,2025-04-28,2025-04-28_12,1.6618161605353512e-14,100,100,0,29.07982521739127,27.71698086956518,0.005193789855072476,1.487,0.2755,True,True,False,False,-4.154540401338378e-17,0.0,176.5078153252702,218.48756378832323,134.43765821513242,-10.516534737011291,518.9165025917146
2025-04-28T09:45:00Z,2025-04-28T10:00:00Z,2025-04-28,2025-04-28_12,1.6618161605353512e-14,100,100,0,27.71698086956518,31.573041739130396,0.010832053140096626,0.02,4.215,True,True,False,False,-4.154540401338378e-17,0.0,176.5078153252702,218.48756378832323,1.808172941696468,-10.7868907461727,386.0166613091172
2025-04-28T10:00:00Z,2025-04-28T10:15:00Z,2025-04-28,2025-04-28_13,5.2620039050392176e-14,100,100,0,31.573041739130396,40.941401739130384,0.026023222222222236,0.0,10.183,True,True,False,False,-4.564788387621522e-14,0.0,176.5078153252702,218.48756378832323,0.0,-0.20253887571824644,394.7928402378751
2025-04-28T10:15:00Z,2025-04-28T10:30:00Z,2025-04-28,2025-04-28_13,5.2620039050392176e-14,100,100,0,40.941401739130384,48.669861739130376,0.021467944444444463,0.0,8.4005,True,True,False,False,-4.564788387621522e-14,0.0,176.5078153252702,218.48756378832323,0.0,-5.453050890022903,389.5423282235705
2025-04-28T10:30:00Z,2025-04-28T10:45:00Z,2025-04-28,2025-04-28_13,5.2620039050392176e-14,100,100,0,48.669861739130376,49.53340956521732,0.004041256038647379,0.272,1.26,True,True,False,False,-4.564788387621522e-14,0.0,176.5078153252702,218.48756378832323,24.591152007071965,-36.098364608028284,383.48816651263706
2025-04-28T10:45:00Z,2025-04-28T11:00:00Z,2025-04-28,2025-04-28_13,5.2620039050392176e-14,100,100,0,49.53340956521732,58.421529565217305,0.024689222222222234,0.0,9.661,True,True,False,False,-4.564788387621522e-14,0.0,176.5078153252702,218.48756378832323,0.0,-0.18827440028930764,394.80710471330406
2025-04-28T11:00:00Z,2025-04-28T11:15:00Z,2025-04-28,2025-04-28_14,0.0,100,100,0,58.421529565217305,61.57165217391295,0.008765437198067634,0.0025,3.427,True,True,False,False,0.0,0.0,176.5078153252702,218.48756378832323,0.2260216177120585,-28.01555631454173,367.20584441676374
2025-04-28T11:15:00Z,2025-04-28T11:30:00Z,2025-04-28,2025-04-28_14,0.0,100,100,0,61.57165217391295,63.993012173912945,0.006795444444444445,0.0115,2.6455,True,True,False,False,0.0,0.0,176.5078153252702,218.48756378832323,1.039699441475469,-62.92828856431069,333.1067899907582
2025-04-28T11:30:00Z,2025-04-28T11:45:00Z,2025-04-28,2025-04-28_14,0.0,100,100,0,63.993012173912945,70.27707217391294,0.017455722222222227,0.0,6.830500000000001,True,True,False,False,0.0,0.0,176.5078153252702,218.48756378832323,0.0,896.7065688913891,1291.7019480049826
2025-04-28T11:45:00Z,2025-04-28T12:00:00Z,2025-04-28,2025-04-28_14,0.0,100,100,0,70.27707217391294,77.73812956521729,0.021196173913043476,0.078,8.202,True,True,False,False,0.0,0.0,176.5078153252702,218.48756378832323,6.991604452123598,3710.0298706151802,4112.016854180897
2025-04-28T12:00:00Z,2025-04-28T12:15:00Z,2025-04-28,2025-04-28_15,-38.1233147448014,0,0,0,77.73812956521729,86.50649195652161,0.02435656219806756,0.0,0.0,True,False,False,False,58.90052128071816,0.0,0.0,0.0,0.0,0.0,58.90052128071816
2025-04-28T12:15:00Z,2025-04-28T12:30:00Z,2025-04-28,2025-04-28_15,-38.1233147448014,0,0,0,86.50649195652161,95.27485434782594,0.02435656219806756,0.0,0.0,True,False,False,False,58.90052128071816,0.0,0.0,0.0,0.0,0.0,58.90052128071816
2025-04-28T12:30:00Z,2025-04-28T12:45:00Z,2025-04-28,2025-04-28_15,-38.1233147448014,0,0,0,95.27485434782594,104.04321673913026,0.02435656219806756,0.0,0.0,True,False,False,False,58.90052128071816,0.0,0.0,0.0,0.0,0.0,58.90052128071816
2025-04-28T12:45:00Z,2025-04-28T13:00:00Z,2025-04-28,2025-04-28_15,-38.1233147448014,0,0,0,104.04321673913026,112.81157913043458,0.02435656219806756,0.0,0.0,True,False,False,False,58.90052128071816,0.0,0.0,0.0,0.0,0.0,58.90052128071816
2025-04-28T13:00:00Z,2025-04-28T13:15:00Z,2025-04-28,2025-04-28_16,0.0,100,100,0,112.81157913043458,133.68913913043457,0.05799322222222223,0.0,22.693,True,True,False,False,0.0,0.0,176.5078153252702,218.48756378832323,0.0,19634.533075702173,20029.528454815765
2025-04-28T13:15:00Z,2025-04-28T13:30:00Z,2025-04-28,2025-04-28_16,0.0,100,100,0,133.68913913043457,155.36065913043456,0.06019866666666667,0.0,23.556,True,True,False,False,0.0,0.0,176.5078153252702,218.48756378832323,0.0,21291.928315988265,21686.923695101857
2025-04-28T13:30:00Z,2025-04-28T13:45:00Z,2025-04-28,2025-04-28_16,0.0,100,100,0,155.36065913043456,167.92601913043455,0.034903777777777784,0.0,13.658000000000001,True,True,False,False,0.0,0.0,176.5078153252702,218.48756378832323,0.0,9833.320959537108,10228.316338650702
2025-04-28T13:45:00Z,2025-04-28T14:00:00Z,2025-04-28,2025-04-28_16,0.0,100,100,0,167.92601913043455,168.25855999999976,0.0009750531400966184,0.0085,0.3715,True,True,False,False,0.0,0.0,176.5078153252702,218.48756378832323,0.6780651544983325,-19.43512094667899,376.2383233214128
2025-04-28T14:00:00Z,2025-04-28T14:15:00Z,2025-04-28,2025-04-28_17,0.0,100,100,0,168.25855999999976,183.89901999999975,0.04344572222222222,0.0,17.0005,True,True,False,False,0.0,0.0,176.5078153252702,218.48756378832323,0.0,12807.219802808695,13202.215181922289
2025-04-28T14:15:00Z,2025-04-28T14:30:00Z,2025-04-28,2025-04-28_17,0.0,100,100,0,183.89901999999975,189.86015999999975,0.01655872222222222,0.0,6.479499999999999,True,True,False,False,0.0,0.0,176.5078153252702,218.48756378832323,0.0,-21.216476674569044,373.77890243902436
2025-04-28T14:30:00Z,2025-04-28T14:45:00Z,2025-04-28,2025-04-28_17,0.0,100,100,0,189.86015999999975,182.19782608695627,0.022061149758454107,7.178,0.152,True,True,False,False,0.0,0.0,176.5078153252702,218.48756378832323,7344.048393940611,-5.802226061799333,7733.241546992405
2025-04-28T14:45:00Z,2025-04-28T15:00:00Z,2025-04-28,2025-04-28_17,0.0,100,100,0,182.19782608695627,167.38315217391278,0.04115187198067633,13.6295,0.0,True,True,False,False,0.0,0.0,176.5078153252702,218.48756378832323,8719.388696809578,0.0,9114.384075923172
2025-04-28T15:00:00Z,2025-04-28T15:15:00Z,2025-04-28,2025-04-28_18,-27.87078863395376,100,72,0,167.38315217391278,173.72573827621517,0.020665057008240215,0.6995,0.71748,True,True,False,False,-510.80187868878755,0.0,175.93522722706635,156.46482099087874,114.08016685418089,-11.8215403222566,-76.14320393891818
2025-04-28T15:15:00Z,2025-04-28T15:30:00Z,2025-04-28,2025-04-28_18,-27.87078863395376,100,72,0,173.72573827621517,178.81364914615625,0.023534710311044704,2.1585,1.00368,True,True,False,False,-510.80187868878755,0.0,175.93522722706635,156.46482099087874,353.3866156025234,-34.55208830313014,140.4326968285508
2025-04-28T15:30:00Z,2025-04-28T15:45:00Z,2025-04-28,2025-04-28_18,-27.87078863395376,100,72,0,178.81364914615625,181.0089353599683,0.023749202590353617,4.0525,0.00144,True,True,False,False,-510.80187868878755,0.0,175.93522722706635,156.46482099087874,706.1440948085346,-0.11282999156185962,527.6294343461303
2025-04-28T15:45:00Z,2025-04-28T16:00:00Z,2025-04-28,2025-04-28_18,-27.87078863395376,100,72,0,181.0089353599683,183.44646173912946,0.023500876467294568,3.841,0.025559999999999996,True,True,False,False,-510.80187868878755,0.0,175.93522722706635,156.46482099087874,707.5082798248081,-0.9916041387069552,528.1148452152587
2025-04-28T16:00:00Z,2025-04-28T16:15:00Z,2025-04-28,2025-04-28_19,0.0,100,100,0,183.44646173912946,189.688119999999,0.017374171497584544,0.006,6.7915,True,True,False,False,0.0,0.0,197.99493711576326,203.6002732350223,1.0648125527383774,1737.0161116245429,2139.676134528067
2025-04-28T16:15:00Z,2025-04-28T16:30:00Z,2025-04-28,2025-04-28_19,0.0,100,100,0,189.688119999999,187.2891304347816,0.008396526570048309,2.494,0.339,True,True,False,False,0.0,0.0,197.99493711576326,203.6002732350223,498.75139671314344,-24.916098163699925,875.4305089002291
2025-04-28T16:30:00Z,2025-04-28T16:45:00Z,2025-04-28,2025-04-28_19,0.0,100,100,0,187.2891304347816,179.81684782608596,0.020756340579710146,6.8745,0.0,True,True,False,False,0.0,0.0,197.99493711576326,203.6002732350223,1363.215532205569,0.0,1764.8107425563544
2025-04-28T16:45:00Z,2025-04-28T17:00:00Z,2025-04-28,2025-04-28_19,0.0,100,100,0,179.81684782608596,161.42065217391206,0.05110054347826087,16.9245,0.0,True,True,False,False,0.0,0.0,197.99493711576326,203.6002732350223,11142.767230381321,0.0,11544.362440732108
2025-04-28T17:00:00Z,2025-04-28T17:15:00Z,2025-04-28,2025-04-28_20,28.823477674236223,71,100,0,161.42065217391206,153.6142840664458,0.02428364336438502,0.612375,0.7145,True,True,False,False,1105.8127209720728,0.0,140.3624382207578,203.238638646683,110.67090408647083,-42.87703389319725,1517.2076680327873
2025-04-28T17:15:00Z,2025-04-28T17:30:00Z,2025-04-28,2025-04-28_20,28.823477674236223,71,100,0,153.6142840664458,152.8316866320935,0.028665150691540554,0.0,7.282,True,True,False,False,1105.8127209720728,0.0,140.3624382207578,203.238638646683,0.0,4534.059599389239,5983.473397228753
2025-04-28T17:30:00Z,2025-04-28T17:45:00Z,2025-04-28,2025-04-28_20,28.823477674236223,71,100,0,152.8316866320935,145.07325041455204,0.022000493741318187,0.04189,0.1235,True,True,False,False,1105.8127209720728,0.0,140.3624382207578,203.238638646683,6.647249686583356,-9.347556053361192,1446.7134914727358
2025-04-28T17:45:00Z,2025-04-28T18:00:00Z,2025-04-28,2025-04-28_20,28.823477674236223,71,100,0,145.07325041455204,132.24456521739032,0.035657064125629204,4.601865,0.006,True,True,False,False,1105.8127209720728,0.0,140.3624382207578,203.238638646683,1111.0202399897535,-0.4701249648410817,2559.963912864426
2025-04-28T18:00:00Z,2025-04-28T18:15:00Z,2025-04-28,2025-04-28_21,100.0,0,100,0,132.24456521739032,105.07282608695553,0.07547705314009662,0.0,0.002,True,True,False,False,4954.5,0.0,0.0,203.6002732350223,0.0,-0.1567083216136939,5157.943564913408
2025-04-28T18:15:00Z,2025-04-28T18:30:00Z,2025-04-28,2025-04-28_21,100.0,0,100,0,105.07282608695553,77.89891304347726,0.07548309178743962,0.0,0.0,True,True,False,False,4954.5,0.0,0.0,203.6002732350223,0.0,0.0,5158.1002732350225
2025-04-28T18:30:00Z,2025-04-28T18:45:00Z,2025-04-28,2025-04-28_21,100.0,0,100,0,77.89891304347726,50.724999999999,0.07548309178743962,0.0,0.0,True,True,False,False,4954.5,0.0,0.0,203.6002732350223,0.0,0.0,5158.1002732350225
2025-04-28T18:45:00Z,2025-04-28T19:00:00Z,2025-04-28,2025-04-28_21,100.0,0,100,0,50.724999999999,23.63260869565117,0.07525664251207731,0.0,0.075,True,True,False,False,4954.5,0.0,0.0,203.6002732350223,0.0,-5.710511512034396,5152.389761722988
2025-04-28T19:00:00Z,2025-04-28T19:15:00Z,2025-04-28,2025-04-28_22,0.0,100,100,0,23.63260869565117,9.999999999998998,0.03786835748792271,12.542,0.0,True,True,False,False,0.0,0.0,196.7894884879656,216.98075300357615,3218.683289267489,0.0,3632.4535307590304
2025-04-28T19:15:00Z,2025-04-28T19:30:00Z,2025-04-28,2025-04-28_22,0.0,100,100,0,9.999999999998998,10.014800869564215,0.002384108695652174,0.388,0.47450000000000003,True,True,False,False,0.0,0.0,196.7894884879656,216.98075300357615,69.55438260939447,-33.027007473781495,450.29761662715475
2025-04-28T19:30:00Z,2025-04-28T19:45:00Z,2025-04-28,2025-04-28_22,0.0,100,100,0,10.014800869564215,18.604840869564214,0.02386122222222222,0.0,9.337,True,True,False,False,0.0,0.0,196.7894884879656,216.98075300357615,0.0,-65.1230144252019,348.64722706633984
2025-04-28T19:45:00Z,2025-04-28T20:00:00Z,2025-04-28,2025-04-28_22,0.0,100,100,0,18.604840869564214,32.922340869564216,0.03977083333333334,0.0,15.562500000000002,True,True,False,False,0.0,0.0,196.7894884879656,216.98075300357615,0.0,5094.822447462531,5508.592688954073
2025-04-28T20:00:00Z,2025-04-28T20:15:00Z,2025-04-28,2025-04-28_23,39.820217775002455,60,100,0,32.922340869564216,26.76818474996966,0.03164521272276949,0.0,4.7305,True,True,False,False,1056.5299281152527,0.0,105.56113633623981,217.64374974886488,0.0,936.361294350464,2316.0961085508216
2025-04-28T20:15:00Z,2025-04-28T20:30:00Z,2025-04-28,2025-04-28_23,39.820217775002455,60,100,0,26.76818474996966,19.161433221945984,0.031151002691727915,0.0,3.258,True,True,False,False,1056.5299281152527,0.0,105.56113633623981,217.64374974886488,0.0,-147.18797524812152,1232.546838952236
2025-04-28T20:30:00Z,2025-04-28T20:45:00Z,2025-04-28,2025-04-28_23,39.820217775002455,60,100,0,19.161433221945984,16.335668890493938,0.032777616556205307,0.0,8.1045,True,True,False,False,1056.5299281152527,0.0,105.56113633623981,217.64374974886488,0.0,-54.04519709085064,1325.6896171095068
2025-04-28T20:45:00Z,2025-04-28T21:00:00Z,2025-04-28,2025-04-28_23,39.820217775002455,60,100,0,16.335668890493938,9.9999999999989,0.03158345744554595,0.0,4.5465,True,True,False,False,1056.5299281152527,0.0,105.56113633623981,217.64374974886488,0.0,-102.60727247157149,1277.127541728786
2025-04-28T21:00:00Z,2025-04-28T21:15:00Z,2025-04-29,2025-04-28_24,-5.2259725320877247e-14,100,100,0,9.9999999999989,11.26542086956413,0.003566386473429985,0.0085,1.3855,True,True,False,False,-1.2674289883445754e-12,0.0,176.50426921145154,218.48317428427927,1.21747835258664,-68.51621084881968,327.6887109994965
2025-04-28T21:15:00Z,2025-04-28T21:30:00Z,2025-04-29,2025-04-28_24,-5.2259725320877247e-14,100,100,0,11.26542086956413,13.270896521738056,0.005591900966183608,0.0035000000000000005,2.184,True,True,False,False,-1.2674289883445754e-12,0.0,176.50426921145154,218.48317428427927,0.49221496735308895,-91.2571949773983,304.22246348568433
2025-04-28T21:30:00Z,2025-04-28T21:45:00Z,2025-04-29,2025-04-28_24,-5.2259725320877247e-14,100,100,0,13.270896521738056,16.52008608695546,0.009034584541062837,0.0015,3.5334999999999996,True,True,False,False,-1.2674289883445754e-12,0.0,176.50426921145154,218.48317428427927,0.21094927172275238,-99.73095218483172,295.46744058262055
2025-04-28T21:45:00Z,2025-04-28T22:00:00Z,2025-04-29,2025-04-28_24,-5.2259725320877247e-14,100,100,0,16.52008608695546,16.905886956520686,0.001609108695652207,0.089,0.5245,True,True,False,False,-1.2674289883445754e-12,0.0,176.50426921145154,218.48317428427927,13.179313108990456,-31.349873430436965,376.816883174283
2025-04-28T22:00:00Z,2025-04-28T22:15:00Z,2025-04-29,2025-04-29_1,0.0,100,100,0,16.905886956520686,16.312429565216338,0.002047159420289855,0.612,0.078,True,True,False,False,0.0,0.0,176.50426921145154,218.48317428427927,101.88524359618283,-6.144644902059267,490.72804218985436
2025-04-28T22:15:00Z,2025-04-28T22:30:00Z,2025-04-29,2025-04-29_1,0.0,100,100,0,16.312429565216338,16.23864608695547,0.0002841763285024155,0.081,0.0155,True,True,False,False,0.0,0.0,176.50426921145154,218.48317428427927,11.501755901557006,-1.245605223505776,405.24359417378207
2025-04-28T22:30:00Z,2025-04-28T22:45:00Z,2025-04-29,2025-04-29_1,0.0,100,100,0,16.23864608695547,17.087138260868514,0.0023810772946859906,0.004,0.927,True,True,False,False,0.0,0.0,176.50426921145154,218.48317428427927,0.562531391260673,-45.10090125565043,350.44907363134104
2025-04-28T22:45:00Z,2025-04-28T23:00:00Z,2025-04-29,2025-04-29_1,0.0,100,100,0,17.087138260868514,16.560894782607644,0.001666231884057971,0.518,0.04,True,True,False,False,0.0,0.0,176.50426921145154,218.48317428427927,77.28091692616775,-2.5499789050728277,469.71838151682573
2025-04-28T23:00:00Z,2025-04-28T23:15:00Z,2025-04-29,2025-04-29_2,0.0,100,100,0,16.560894782607644,15.172419130433733,0.004385876811594203,1.365,0.1035,True,True,False,False,0.0,0.0,176.50426921145154,218.48317428427927,235.39565544952282,-7.794782019085887,622.5883169261677
2025-04-28T23:15:00Z,2025-04-28T23:30:00Z,2025-04-29,2025-04-29_2,0.0,100,100,0,15.172419130433733,15.954605217390256,0.0025320386473429955,0.05949999999999999,0.9205,True,True,False,False,0.0,0.0,176.50426921145154,218.48317428427927,8.867107785032646,-44.86510527373179,358.9894460070317
2025-04-28T23:30:00Z,2025-04-28T23:45:00Z,2025-04-29,2025-04-29_2,0.0,100,100,0,15.954605217390256,21.744625217390258,0.01608338888888889,0.0,6.293500000000001,True,True,False,False,0.0,0.0,176.50426921145154,218.48317428427927,0.0,-47.843243897538926,347.1441995981919
2025-04-28T23:45:00Z,2025-04-29T00:00:00Z,2025-04-29,2025-04-29_2,0.0,100,100,0,21.744625217390258,24.87906521739026,0.008706777777777779,0.0,3.4070000000000005,True,True,False,False,0.0,0.0,176.50426921145154,218.48317428427927,0.0,-134.58522712204925,260.40221637368154
2025-04-29T00:00:00Z,2025-04-29T00:15:00Z,2025-04-29,2025-04-29_3,0.0,100,100,0,24.87906521739026,25.171252173912,0.000875036231884058,0.0105,0.33,True,True,False,False,0.0,0.0,176.50426921145154,218.48317428427927,1.4766449020592667,-19.846276243093925,376.61781215469614
2025-04-29T00:15:00Z,2025-04-29T00:30:00Z,2025-04-29,2025-04-29_3,0.0,100,100,0,25.171252173912,25.252306086955475,0.0004214057971014493,0.0325,0.1265,True,True,False,False,0.0,0.0,176.50426921145154,218.48317428427927,4.685484681064792,-9.510588950276244,390.16233922651935
2025-04-29T00:30:00Z,2025-04-29T00:45:00Z,2025-04-29,2025-04-29_3,0.0,100,100,0,25.252306086955475,25.280200869564172,0.0001167367149758454,0.0065,0.038,True,True,False,False,0.0,0.0,176.50426921145154,218.48317428427927,0.9317924660974385,-3.0507262682069314,392.8685096936213
2025-04-29T00:45:00Z,2025-04-29T01:00:00Z,2025-04-29,2025-04-29_3,0.0,100,100,0,25.280200869564172,26.078886956520694,0.0022306497584541067,0.002,0.8705,True,True,False,False,0.0,0.0,176.50426921145154,218.48317428427927,0.2812656956303365,-25.3580891009543,369.91062009040684
2025-04-29T01:00:00Z,2025-04-29T01:15:00Z,2025-04-29,2025-04-29_4,0.0,100,100,0,26.078886956520694,27.435304347825042,0.0038221739130434784,0.009,1.485,True,True,False,False,0.0,0.0,176.50426921145154,218.48317428427927,1.265695630336514,-61.60176795580111,334.6513711702662
2025-04-29T01:15:00Z,2025-04-29T01:30:00Z,2025-04-29,2025-04-29_4,0.0,100,100,0,27.435304347825042,28.14094434782504,0.0019601111111111113,0.0,0.767,True,True,False,False,0.0,0.0,176.50426921145154,218.48317428427927,0.0,-44.057620291310904,350.9298232044199
2025-04-29T01:30:00Z,2025-04-29T01:45:00Z,2025-04-29,2025-04-29_4,0.0,100,100,0,28.14094434782504,28.08548086956417,0.0004045096618357488,0.0925,0.049,True,True,False,False,0.0,0.0,176.50426921145154,218.48317428427927,13.53451079859367,-3.7501759919638373,404.77177830236064
2025-04-29T01:45:00Z,2025-04-29T02:00:00Z,2025-04-29,2025-04-29_4,0.0,100,100,0,28.08548086956417,27.591418260868515,0.0013902850241545894,0.4575,0.0035000000000000005,True,True,False,False,0.0,0.0,176.50426921145154,218.48317428427927,68.08316926167755,-0.28126569563033654,462.789347061778
2025-04-29T02:00:00Z,2025-04-29T02:15:00Z,2025-04-29,2025-04-29_5,-31.000000000000632,100,69,0,27.591418260868515,34.733196660868664,0.019979940000000404,0.034,0.05106,True,True,False,False,-638.2125000000129,0.0,176.50426921145154,150.7533902561527,4.93621255650427,-4.076234434957308,-310.0948624108617
2025-04-29T02:15:00Z,2025-04-29T02:30:00Z,2025-04-29,2025-04-29_5,-31.000000000000632,100,69,0,34.733196660868664,41.88149906086881,0.02006889555555596,0.05099999999999999,0.07728,True,True,False,False,-638.2125000000129,0.0,176.50426921145154,150.7533902561527,7.477250627825211,-5.91153573480663,-309.3891256393901
2025-04-29T02:30:00Z,2025-04-29T02:45:00Z,2025-04-29,2025-04-29_5,-31.000000000000632,100,69,0,41.88149906086881,48.52068246086896,0.020431759444444832,0.4775,0.0037949999999999998,True,True,False,False,-638.2125000000129,0.0,176.50426921145154,150.7533902561527,74.56511451531894,-0.3049723756906077,-236.69469839278037
2025-04-29T02:45:00Z,2025-04-29T03:00:00Z,2025-04-29,2025-04-29_5,-31.000000000000632,100,69,0,48.52068246086896,52.38100326086911,0.02388353000000029,3.1585,0.0,True,True,False,False,-638.2125000000129,0.0,176.50426921145154,150.7533902561527,535.5128082370668,0.0,224.5579677046581
2025-04-29T03:00:00Z,2025-04-29T03:15:00Z,2025-04-29,2025-04-29_6,0.0,100,100,0,52.38100326086911,52.45428499999954,0.0021117729468599035,0.316,0.453,True,True,False,False,0.0,0.0,176.50426921145154,218.48317428427927,47.16262702159718,-14.818901858362633,427.33116865896534
2025-04-29T03:15:00Z,2025-04-29T03:30:00Z,2025-04-29,2025-04-29_6,0.0,100,100,0,52.45428499999954,61.922464999999534,0.0263005,0.0,10.2915,True,True,False,False,0.0,0.0,176.50426921145154,218.48317428427927,0.0,117.97336152687092,512.9608050226018
2025-04-29T03:30:00Z,2025-04-29T03:45:00Z,2025-04-29,2025-04-29_6,0.0,100,100,0,61.922464999999534,63.360884999999534,0.003995611111111111,0.0,1.5635,True,True,False,False,0.0,0.0,176.50426921145154,218.48317428427927,0.0,-67.58497709693621,327.4024663987946
2025-04-29T03:45:00Z,2025-04-29T04:00:00Z,2025-04-29,2025-04-29_6,0.0,100,100,0,63.360884999999534,64.08551108695606,0.002024927536231884,0.002,0.79,True,True,False,False,0.0,0.0,176.50426921145154,218.48317428427927,0.2812656956303365,-34.838722250125564,360.4299869412356
2025-04-29T04:00:00Z,2025-04-29T04:15:00Z,2025-04-29,2025-04-29_7,0.0,100,100,0,64.08551108695606,68.72645108695606,0.012891500000000002,0.0,5.0445,True,True,False,False,0.0,0.0,199.55801104972375,212.84781516825714,0.0,1958.5976871923658,2371.003513410347
2025-04-29T04:15:00Z,2025-04-29T04:30:00Z,2025-04-29,2025-04-29_7,0.0,100,100,0,68.72645108695606,71.20815108695606,0.006893611111111111,0.0,2.6975,True,True,False,False,0.0,0.0,199.55801104972375,212.84781516825714,0.0,-78.96426569563033,333.4415605223505
2025-04-29T04:30:00Z,2025-04-29T04:45:00Z,2025-04-29,2025-04-29_7,0.0,100,100,0,71.20815108695606,78.14219108695606,0.01926122222222222,0.0,7.536999999999999,True,True,False,False,0.0,0.0,199.55801104972375,212.84781516825714,0.0,49.6934738322451,462.09930005022596
2025-04-29T04:45:00Z,2025-04-29T05:00:00Z,2025-04-29,2025-04-29_7,0.0,100,100,0,78.14219108695606,85.55785108695606,0.020599055555555554,0.0,8.0605,True,True,False,False,0.0,0.0,199.55801104972375,212.84781516825714,0.0,311.5798217980914,723.9856480160723
2025-04-29T05:00:00Z,2025-04-29T05:15:00Z,2025-04-29,2025-04-29_8,100.0,0,100,0,85.55785108695606,59.23828586956477,0.0731099033816425,0.0,0.786,True,True,False,False,2824.0,0.0,0.0,214.38473129080865,0.0,-35.954190256152685,3002.430541034656
2025-04-29T05:15:00Z,2025-04-29T05:30:00Z,2025-04-29,2025-04-29_8,100.0,0,100,0,59.23828586956477,32.420351086956074,0.07449426328502416,0.0,0.3275,True,True,False,False,2824.0,0.0,0.0,214.38473129080865,0.0,-21.76040934203918,3016.6243219487696
2025-04-29T05:30:00Z,2025-04-29T05:45:00Z,2025-04-29,2025-04-29_8,100.0,0,100,0,32.420351086956074,14.832307608695206,0.04885567632850241,0.0,8.819,True,True,False,False,2824.0,0.0,0.0,214.38473129080865,0.0,4212.58692295329,7250.971654244098
2025-04-29T05:45:00Z,2025-04-29T06:00:00Z,2025-04-29,2025-04-29_8,100.0,0,100,0,14.832307608695206,12.617633695651728,0.006151871980676331,0.0,22.9625,True,True,False,False,2824.0,0.0,0.0,214.38473129080865,0.0,27992.88599447514,31031.270725765946
2025-04-29T06:00:00Z,2025-04-29T06:15:00Z,2025-04-29,2025-04-29_9,12.884245321838511,87,100,0,12.617633695651728,11.109188293003825,0.013614018073700974,0.0,2.1165,True,True,False,False,300.07407354561894,0.0,164.30808638874936,202.51130085384227,0.0,-13.301102260170767,653.5923585280398
2025-04-29T06:15:00Z,2025-04-29T06:30:00Z,2025-04-29,2025-04-29_9,12.884245321838511,87,100,0,11.109188293003825,10.06961541210108,0.01452898074459479,0.0,2.6145,True,True,False,False,300.07407354561894,0.0,164.30808638874936,202.51130085384227,0.0,785.2602819688598,1452.1537427570704
2025-04-29T06:30:00Z,2025-04-29T06:45:00Z,2025-04-29,2025-04-29_9,12.884245321838511,87,100,0,10.06961541210108,17.602500985996816,0.031257364516659426,0.0,11.7195,True,True,False,False,300.07407354561894,0.0,164.30808638874936,202.51130085384227,0.0,6718.695758814666,7385.589219602876
2025-04-29T06:45:00Z,2025-04-29T07:00:00Z,2025-04-29,2025-04-29_9,12.884245321838511,87,100,0,17.602500985996816,31.83941626086922,0.04433967716344541,0.0,18.84,True,True,False,False,300.07407354561894,0.0,164.30808638874936,202.51130085384227,0.0,16770.07162631843,17436.96508710664
2025-04-29T07:00:00Z,2025-04-29T07:15:00Z,2025-04-29,2025-04-29_10,38.999999999999915,61,100,0,31.83941626086922,19.770167313043153,0.0384891937439613,2.796545,1.592,True,True,False,False,568.5224999999988,0.0,108.09040683073833,211.55198392767454,434.58393575590156,-19.61766187845304,1303.1311646358602
2025-04-29T07:15:00Z,2025-04-29T07:30:00Z,2025-04-29,2025-04-29_10,38.999999999999915,61,100,0,19.770167313043153,9.999999999999696,0.030196334758454048,0.127185,0.9805000000000001,True,True,False,False,568.5224999999988,0.0,108.09040683073833,211.55198392767454,18.91434506278252,-14.970772375690608,892.1084634455036
2025-04-29T07:30:00Z,2025-04-29T07:45:00Z,2025-04-29,2025-04-29_10,38.999999999999915,61,100,0,9.999999999999696,10.008393495651895,0.03354423917874395,0.0,10.7665,True,True,False,False,568.5224999999988,0.0,108.09040683073833,211.55198392767454,0.0,6918.236015570066,7806.4009063284775
2025-04-29T07:45:00Z,2025-04-29T08:00:00Z,2025-04-29,2025-04-29_10,38.999999999999915,61,100,0,10.008393495651895,22.31887867826061,0.03830657115942034,0.0,23.2545,True,True,False,False,568.5224999999988,0.0,108.09040683073833,211.55198392767454,0.0,21018.98453038674,21907.149421145154
2025-04-29T08:00:00Z,2025-04-29T08:15:00Z,2025-04-29,2025-04-29_11,0.0,100,100,0,22.31887867826061,26.96809867826061,0.012914499999999999,0.0,5.0535,True,True,False,False,0.0,0.0,177.197388247112,211.55198392767454,0.0,186.05002149673533,574.7993936715219
2025-04-29T08:15:00Z,2025-04-29T08:30:00Z,2025-04-29,2025-04-29_11,0.0,100,100,0,26.96809867826061,30.403254330434525,0.009563234299516908,0.0035000000000000005,3.7379999999999995,True,True,False,False,0.0,0.0,177.197388247112,211.55198392767454,0.3216906077348067,-47.34474575590155,341.7263170266198
2025-04-29T08:30:00Z,2025-04-29T08:45:00Z,2025-04-29,2025-04-29_11,0.0,100,100,0,30.403254330434525,33.29494041739105,0.008044538647342996,0.002,3.1455,True,True,False,False,0.0,0.0,177.197388247112,211.55198392767454,0.1838232044198895,-58.72147684580612,330.2117185334003
2025-04-29T08:45:00Z,2025-04-29T09:00:00Z,2025-04-29,2025-04-29_11,0.0,100,100,0,33.29494041739105,34.13670998260844,0.0025556400966183575,0.036,0.9575,True,True,False,False,0.0,0.0,177.197388247112,211.55198392767454,3.3088176795580106,-7.342404319437468,384.71578553490707
2025-04-29T09:00:00Z,2025-04-29T09:15:00Z,2025-04-29,2025-04-29_12,-6.9999999999999325,100,93,0,34.13670998260844,36.420682147825815,0.010222175096618318,0.6905,1.539615,True,True,False,False,-0.0,0.0,177.197388247112,196.7433450527373,62.425916624811656,-17.132953259668508,419.23369666499246
2025-04-29T09:15:00Z,2025-04-29T09:30:00Z,2025-04-29,2025-04-29_12,-6.9999999999999325,100,93,0,36.420682147825815,18.97099146956493,0.051074017439613546,17.7255,0.0,True,True,False,False,-0.0,0.0,177.197388247112,196.7433450527373,17382.13632144651,0.0,17756.077054746358
2025-04-29T09:30:00Z,2025-04-29T09:45:00Z,2025-04-29,2025-04-29_12,-6.9999999999999325,100,93,0,18.97099146956493,13.228835817391,0.022448571256038632,6.8375,0.0,True,True,False,False,-0.0,0.0,177.197388247112,196.7433450527373,2682.8152109492717,0.0,3056.755944249121
2025-04-29T09:45:00Z,2025-04-29T10:00:00Z,2025-04-29,2025-04-29_12,-6.9999999999999325,100,93,0,13.228835817391,12.10055203478229,0.011169682729468569,2.547,0.000465,True,True,False,False,-0.0,0.0,177.197388247112,196.7433450527373,230.2661978905073,-0.01774987443495731,604.1891813159217
2025-04-29T10:00:00Z,2025-04-29T10:15:00Z,2025-04-29,2025-04-29_13,-73.99999999999935,100,26,0,12.10055203478229,24.11805238260822,0.04153442125603842,5.1925,0.0,True,True,False,False,14.059999999999876,0.0,177.197388247112,55.00351582119538,625.8988905072827,0.0,872.1597945755899
2025-04-29T10:15:00Z,2025-04-29T10:30:00Z,2025-04-29,2025-04-29_13,-73.99999999999935,100,26,0,24.11805238260822,38.3836669217385,0.04411547516908182,2.859,0.0,True,True,False,False,14.059999999999876,0.0,177.197388247112,55.00351582119538,293.2331698643897,0.0,539.494073932697
2025-04-29T10:30:00Z,2025-04-29T10:45:00Z,2025-04-29,2025-04-29_13,-73.99999999999935,100,26,0,38.3836669217385,54.244666434781834,0.04595181024154553,1.206,0.00312,True,True,False,False,14.059999999999876,0.0,177.197388247112,55.00351582119538,109.03063787041688,-0.11909593169261677,355.1724460070315
2025-04-29T10:45:00Z,2025-04-29T11:00:00Z,2025-04-29,2025-04-29_13,-73.99999999999935,100,26,0,54.244666434781834,71.47771205217299,0.04837198661835708,0.32,0.56667,True,True,False,False,14.059999999999876,0.0,177.197388247112,55.00351582119538,28.930185836263185,-2.268046155700653,272.9230437488698
2025-04-29T11:00:00Z,2025-04-29T11:15:00Z,2025-04-29,2025-04-29_14,0.0,100,100,0,71.47771205217299,72.90392683478169,0.004070403381642512,0.018,1.5715,True,True,False,False,0.0,0.0,177.197388247112,211.55198392767454,1.6273229532898041,-34.88303776996484,355.49365735811153
2025-04-29T11:15:00Z,2025-04-29T11:30:00Z,2025-04-29,2025-04-29_14,0.0,100,100,0,72.90392683478169,76.25891639999908,0.009328473429951691,0.0015,3.6485,True,True,False,False,0.0,0.0,177.197388247112,211.55198392767454,0.13561024610748368,-29.06852124560522,359.8164611752888
2025-04-29T11:30:00Z,2025-04-29T11:45:00Z,2025-04-29,2025-04-29_14,0.0,100,100,0,76.25891639999908,87.09651639999908,0.030104444444444444,0.0,11.78,True,True,False,False,0.0,0.0,177.197388247112,211.55198392767454,0.0,1129.4150436966347,1518.1644158714212
2025-04-29T11:45:00Z,2025-04-29T12:00:00Z,2025-04-29,2025-04-29_14,0.0,100,100,0,87.09651639999908,106.03931639999908,0.052618888888888896,0.0,20.59,True,True,False,False,0.0,0.0,177.197388247112,211.55198392767454,0.0,13828.206770467103,14216.95614264189
2025-04-29T12:00:00Z,2025-04-29T12:15:00Z,2025-04-29,2025-04-29_15,0.0,100,100,0,106.03931639999908,121.67241639999908,0.04342527777777778,0.0,16.9925,True,True,False,False,0.0,0.0,177.197388247112,211.55198392767454,0.0,6688.148997990959,7076.898370165746
2025-04-29T12:15:00Z,2025-04-29T12:30:00Z,2025-04-29,2025-04-29_15,0.0,100,100,0,121.67241639999908,135.13707639999907,0.037401833333333336,0.0,14.6355,True,True,False,False,0.0,0.0,177.197388247112,211.55198392767454,0.0,2596.933117127072,2985.6824893018584
2025-04-29T12:30:00Z,2025-04-29T12:45:00Z,2025-04-29,2025-04-29_15,0.0,100,100,0,135.13707639999907,152.84293639999908,0.049182944444444446,0.0,19.2455,True,True,False,False,0.0,0.0,177.197388247112,211.55198392767454,0.0,9495.51897579106,9884.268347965846
2025-04-29T12:45:00Z,2025-04-29T13:00:00Z,2025-04-29,2025-04-29_15,0.0,100,100,0,152.84293639999908,162.49005639999908,0.026797555555555557,0.0,10.486,True,True,False,False,0.0,0.0,177.197388247112,211.55198392767454,0.0,4.4366682069311905,393.18604038171776
2025-04-29T13:00:00Z,2025-04-29T13:15:00Z,2025-04-29,2025-04-29_16,0.0,100,100,0,162.49005639999908,176.69715639999907,0.03946416666666667,0.0,15.4425,True,True,False,False,0.0,0.0,177.197388247112,211.55198392767454,0.0,812.7517277749876,1201.501099949774
2025-04-29T13:15:00Z,2025-04-29T13:30:00Z,2025-04-29,2025-04-29_16,0.0,100,100,0,176.69715639999907,185.27210161739038,0.023849485507246377,0.005,9.3265,True,True,False,False,0.0,0.0,177.197388247112,211.55198392767454,0.45203415369161226,-24.489674535409343,364.7117317930688
2025-04-29T13:30:00Z,2025-04-29T13:45:00Z,2025-04-29,2025-04-29_16,0.0,100,100,0,185.27210161739038,189.5509877043469,0.012036760869565219,0.025,4.6805,True,True,False,False,0.0,0.0,177.197388247112,211.55198392767454,2.2601707684580616,-21.020170165745856,369.9893727774988
2025-04-29T13:45:00Z,2025-04-29T14:00:00Z,2025-04-29,2025-04-29_16,0.0,100,100,0,189.5509877043469,189.59743466086866,0.0006785362318840579,0.091,0.158,True,True,False,False,0.0,0.0,177.197388247112,211.55198392767454,8.227021597187344,-5.249028227021597,391.7273655449523
2025-04-29T14:00:00Z,2025-04-29T14:15:00Z,2025-04-29,2025-04-29_17,21.80521702399831,0,0,0,189.59743466086866,183.67210394782563,0.016459251980675053,0.0,0.0,True,False,False,False,81.76956383999367,0.0,0.0,0.0,0.0,0.0,81.76956383999367
2025-04-29T14:15:00Z,2025-04-29T14:30:00Z,2025-04-29,2025-04-29_17,21.80521702399831,0,0,0,183.67210394782563,177.7467732347826,0.016459251980675053,0.0,0.0,True,False,False,False,81.76956383999367,0.0,0.0,0.0,0.0,0.0,81.76956383999367
2025-04-29T14:30:00Z,2025-04-29T14:45:00Z,2025-04-29,2025-04-29_17,21.80521702399831,0,0,0,177.7467732347826,171.82144252173958,0.016459251980675053,0.0,0.0,True,False,False,False,81.76956383999367,0.0,0.0,0.0,0.0,0.0,81.76956383999367
2025-04-29T14:45:00Z,2025-04-29T15:00:00Z,2025-04-29,2025-04-29_17,21.80521702399831,0,0,0,171.82144252173958,165.89611180869656,0.016459251980675053,0.0,0.0,True,False,False,False,81.76956383999367,0.0,0.0,0.0,0.0,0.0,81.76956383999367
2025-04-29T15:00:00Z,2025-04-29T15:15:00Z,2025-04-29,2025-04-29_18,2.000000000000127,98,100,0,165.89611180869656,182.92971135652263,0.04815136347826083,0.0196,19.0595,True,True,False,False,39.175000000002484,0.0,173.26951280763436,220.86388749372176,2.9166690105474635,23181.83148658965,23618.056555901556
2025-04-29T15:15:00Z,2025-04-29T15:30:00Z,2025-04-29,2025-04-29_18,2.000000000000127,98,100,0,182.92971135652263,189.51764400000087,0.02042390710144932,0.00637,7.731000000000001,True,True,False,False,39.175000000002484,0.0,173.26951280763436,220.86388749372176,0.8785698523355097,3253.8385012556505,3688.0254714093444
2025-04-29T15:30:00Z,2025-04-29T15:45:00Z,2025-04-29,2025-04-29_18,2.000000000000127,98,100,0,189.51764400000087,186.21125000000083,0.011864183333333425,2.99635,0.535,True,True,False,False,39.175000000002484,0.0,173.26951280763436,220.86388749372176,504.5877479156203,-21.756953289804116,916.1391949271748
2025-04-29T15:45:00Z,2025-04-29T16:00:00Z,2025-04-29,2025-04-29_18,2.000000000000127,98,100,0,186.21125000000083,183.3066824869573,0.008088278647343091,2.1756,0.004,True,True,False,False,39.175000000002484,0.0,173.26951280763436,220.86388749372176,353.1369231140131,-0.3134103465595178,786.1319130688122
2025-04-29T16:00:00Z,2025-04-29T16:15:00Z,2025-04-29,2025-04-29_19,-2.7798919470693244,0,0,0,183.3066824869573,183.94605763478324,0.0017760420772942906,0.0,0.0,True,False,False,False,-70.88724465026777,0.0,0.0,0.0,0.0,0.0,-70.88724465026777
2025-04-29T16:15:00Z,2025-04-29T16:30:00Z,2025-04-29,2025-04-29_19,-2.7798919470693244,0,0,0,183.94605763478324,184.5854327826092,0.0017760420772942906,0.0,0.0,True,False,False,False,-70.88724465026777,0.0,0.0,0.0,0.0,0.0,-70.88724465026777
2025-04-29T16:30:00Z,2025-04-29T16:45:00Z,2025-04-29,2025-04-29_19,-2.7798919470693244,0,0,0,184.5854327826092,185.22480793043513,0.0017760420772942906,0.0,0.0,True,False,False,False,-70.88724465026777,0.0,0.0,0.0,0.0,0.0,-70.88724465026777
2025-04-29T16:45:00Z,2025-04-29T17:00:00Z,2025-04-29,2025-04-29_19,-2.7798919470693244,0,0,0,185.22480793043513,185.86418307826108,0.0017760420772942906,0.0,0.0,True,False,False,False,-70.88724465026777,0.0,0.0,0.0,0.0,0.0,-70.88724465026777
2025-04-29T17:00:00Z,2025-04-29T17:15:00Z,2025-04-29,2025-04-29_20,66.00000000000036,34,100,0,185.86418307826108,180.00270747826096,0.03669729000000004,0.027030000000000002,11.748,True,True,False,False,2308.185000000012,0.0,68.90507282772475,214.38473129080865,4.867583035660473,8452.472990055248,11048.815377209454
2025-04-29T17:15:00Z,2025-04-29T17:30:00Z,2025-04-29,2025-04-29_20,66.00000000000036,34,100,0,180.00270747826096,167.2226603652174,0.044199446425120935,0.0022099999999999997,5.006,True,True,False,False,2308.185000000012,0.0,68.90507282772475,214.38473129080865,0.3107985936715218,2616.5162672024107,5208.301869914628
2025-04-29T17:30:00Z,2025-04-29T17:45:00Z,2025-04-29,2025-04-29_20,66.00000000000036,34,100,0,167.2226603652174,149.35480391304338,0.04978759681159447,0.02278,0.089,True,True,False,False,2308.185000000012,0.0,68.90507282772475,214.38473129080865,3.70225914615771,-6.491609040683073,2588.6854542240203
2025-04-29T17:45:00Z,2025-04-29T18:00:00Z,2025-04-29,2025-04-29_20,66.00000000000036,34,100,0,149.35480391304338,129.08381478260853,0.05630830314009688,2.1493100000000003,0.0,True,True,False,False,2308.185000000012,0.0,68.90507282772475,214.38473129080865,487.27351374585646,0.0,3078.748317864402
2025-04-29T18:00:00Z,2025-04-29T18:15:00Z,2025-04-29,2025-04-29_21,100.0,0,100,0,129.08381478260853,101.90990173913028,0.0754830917874396,0.0,0.0,True,True,False,False,4434.5,0.0,0.0,212.84781516825714,0.0,0.0,4647.3478151682575
2025-04-29T18:15:00Z,2025-04-29T18:30:00Z,2025-04-29,2025-04-29_21,100.0,0,100,0,101.90990173913028,74.73598869565203,0.0754830917874396,0.0,0.0,True,True,False,False,4434.5,0.0,0.0,212.84781516825714,0.0,0.0,4647.3478151682575
2025-04-29T18:30:00Z,2025-04-29T18:45:00Z,2025-04-29,2025-04-29_21,100.0,0,100,0,74.73598869565203,47.6077278260868,0.07535628019323672,0.0,0.042,True,True,False,False,4434.5,0.0,0.0,212.84781516825714,0.0,-3.18131752887996,4644.166497639377
2025-04-29T18:45:00Z,2025-04-29T19:00:00Z,2025-04-29,2025-04-29_21,100.0,0,100,0,47.6077278260868,20.50555391304333,0.07528381642512076,0.0,0.066,True,True,False,False,4434.5,0.0,0.0,212.84781516825714,0.0,-4.853741436464088,4642.494073731793
2025-04-29T19:00:00Z,2025-04-29T19:15:00Z,2025-04-29,2025-04-29_22,0.0,100,100,0,20.50555391304333,10.625662608695505,0.027444142512077288,9.0895,0.0,True,True,False,False,0.0,0.0,199.55801104972375,218.48317428427927,1999.6041724761424,0.0,2417.6453578101455
2025-04-29T19:15:00Z,2025-04-29T19:30:00Z,2025-04-29,2025-04-29_22,0.0,100,100,0,10.625662608695505,9.999999999999853,0.001858062801932367,0.5955,0.0235,True,True,False,False,0.0,0.0,199.55801104972375,218.48317428427927,106.73022973380212,-1.888498242089402,522.8829168257157
2025-04-29T19:30:00Z,2025-04-29T19:45:00Z,2025-04-29,2025-04-29_22,0.0,100,100,0,9.999999999999853,11.627112173912897,0.004682799516908213,0.027,1.8005,True,True,False,False,0.0,0.0,199.55801104972375,218.48317428427927,3.7970868910095428,402.51873098945254,824.3570032144651
2025-04-29T19:45:00Z,2025-04-29T20:00:00Z,2025-04-29,2025-04-29_22,0.0,100,100,0,11.627112173912897,27.0651721739129,0.0428835,0.0,16.7805,True,True,False,False,0.0,0.0,199.55801104972375,218.48317428427927,0.0,9796.120458563537,10214.16164389754
2025-04-29T20:00:00Z,2025-04-29T20:15:00Z,2025-04-29,2025-04-29_23,37.89167581362242,62,100,0,27.0651721739129,27.35973449166398,0.033375095164895924,0.0,10.7715,True,True,False,False,1040.2212302734695,0.0,109.43264691109995,218.48317428427927,0.0,1278.5700168759417,2646.7070683447905
2025-04-29T20:15:00Z,2025-04-29T20:30:00Z,2025-04-29,2025-04-29_23,37.89167581362242,62,100,0,27.35973449166398,25.97832566686316,0.032619762367005325,0.0,9.067,True,True,False,False,1040.2212302734695,0.0,109.43264691109995,218.48317428427927,0.0,-40.971363937719744,1327.165687531129
2025-04-29T20:30:00Z,2025-04-29T20:45:00Z,2025-04-29,2025-04-29_23,37.89167581362242,62,100,0,25.97832566686316,17.936549963007252,0.029626746696564704,0.00248,2.296,True,True,False,False,1040.2212302734695,0.0,109.43264691109995,218.48317428427927,0.34876946258161723,-44.652875539929674,1323.8329453915007
2025-04-29T20:45:00Z,2025-04-29T21:00:00Z,2025-04-29,2025-04-29_23,37.89167581362242,62,100,0,17.936549963007252,9.999999999999813,0.02969157583605729,0.00744,2.4085,True,True,False,False,1040.2212302734695,0.0,109.43264691109995,218.48317428427927,1.0463083877448518,-9.331576594676042,1359.8517832619175
2025-04-29T21:00:00Z,2025-04-29T21:15:00Z,2025-04-30,2025-04-29_24,-79.93998058732559,100,20,0,9.999999999999813,23.335532973016637,0.043776457407253895,5.5585,0.271,True,True,False,False,-1973.718120701069,0.0,175.93522722706635,43.52874994977297,1525.8235494434846,-4.012132840438783,-232.44272692118386
2025-04-29T21:15:00Z,2025-04-29T21:30:00Z,2025-04-30,2025-04-29_24,-79.93998058732559,100,20,0,23.335532973016637,40.98467957035238,0.0499617837248455,0.773,0.0,True,True,False,False,-1973.718120701069,0.0,175.93522722706635,43.52874994977297,128.68646944187728,0.0,-1625.5676740823524
2025-04-29T21:30:00Z,2025-04-29T21:45:00Z,2025-04-30,2025-04-29_24,-79.93998058732559,100,20,0,40.98467957035238,59.323141411488265,0.05101951545675009,0.0655,0.016,True,True,False,False,-1973.718120701069,0.0,175.93522722706635,43.52874994977297,9.582918190219795,-1.0850452043235423,-1745.7562705383334
2025-04-29T21:45:00Z,2025-04-29T22:00:00Z,2025-04-30,2025-04-29_24,-79.93998058732559,100,20,0,59.323141411488265,77.71996657391307,0.05112046242528572,0.015,0.027100000000000003,True,True,False,False,-1973.718120701069,0.0,175.93522722706635,43.52874994977297,2.1404759512998752,-1.794913569333387,-1753.908581142263
2025-04-29T22:00:00Z,2025-04-29T22:15:00Z,2025-04-30,2025-04-30_1,0.0,100,100,0,77.71996657391307,77.8181630956522,0.0004146763285024155,0.0235,0.1345,True,True,False,False,0.0,0.0,175.93522722706635,217.9752481215092,3.4375371679993574,-9.377979668099812,387.9700328484751
2025-04-29T22:15:00Z,2025-04-29T22:30:00Z,2025-04-30,2025-04-30_1,0.0,100,100,0,77.8181630956522,77.93985874782611,0.0004286231884057971,0.015,0.15,True,True,False,False,0.0,0.0,175.93522722706635,217.9752481215092,2.1316339856149793,-9.398973359585323,386.64313597460523
2025-04-29T22:30:00Z,2025-04-29T22:45:00Z,2025-04-30,2025-04-30_1,0.0,100,100,0,77.93985874782611,78.42655440000001,0.0016508454106280196,0.0495,0.5875,True,True,False,False,0.0,0.0,175.93522722706635,217.9752481215092,7.120585044400691,-32.95861544179692,368.0724449511793
2025-04-29T22:45:00Z,2025-04-29T23:00:00Z,2025-04-30,2025-04-30_1,0.0,100,100,0,78.42655440000001,80.43370309565219,0.005602586956521738,0.0045,2.187,True,True,False,False,0.0,0.0,175.93522722706635,217.9752481215092,0.6505408446176718,-89.12550066299673,305.4355155301965
2025-04-29T23:00:00Z,2025-04-29T23:15:00Z,2025-04-30,2025-04-30_2,0.0,100,100,0,80.43370309565219,80.12736048695653,0.0026756183574879223,0.584,0.357,True,True,False,False,0.0,0.0,175.93522722706635,217.9752481215092,101.10096676979947,-20.448710973600672,474.5627311447743
2025-04-29T23:15:00Z,2025-04-29T23:30:00Z,2025-04-30,2025-04-30_2,0.0,100,100,0,80.12736048695653,79.73154483478261,0.0011710434782608696,0.376,0.014000000000000002,True,True,False,False,0.0,0.0,175.93522722706635,217.9752481215092,64.2112878209507,-1.0969582512958573,457.0248049182304
2025-04-29T23:30:00Z,2025-04-29T23:45:00Z,2025-04-30,2025-04-30_2,0.0,100,100,0,79.73154483478261,79.69467874782609,0.00023273913043478259,0.05550000000000001,0.025499999999999995,True,True,False,False,0.0,0.0,175.93522722706635,217.9752481215092,7.964396070237473,-1.921383553662554,399.95348786515046
2025-04-29T23:45:00Z,2025-04-30T00:00:00Z,2025-04-30,2025-04-30_2,0.0,100,100,0,79.69467874782609,79.55438483478261,0.0005251497584541063,0.1515,0.0265,True,True,False,False,0.0,0.0,175.93522722706635,217.9752481215092,22.247769216860206,-2.076385261381444,414.0818593040543
2025-04-30T00:00:00Z,2025-04-30T00:15:00Z,2025-04-30,2025-04-30_3,-48.0,100,52,0,79.55438483478261,90.15995725217391,0.030829005507246376,0.436,0.00494,True,True,False,False,-1070.4,0.0,175.93522722706635,113.34712902318478,72.62149636356331,-0.3870695543858239,-708.8832169405715
2025-04-30T00:15:00Z,2025-04-30T00:30:00Z,2025-04-30,2025-04-30_3,-48.0,100,52,0,90.15995725217391,98.44480146086957,0.03160633053140097,2.7365,0.0,True,True,False,False,-1070.4,0.0,175.93522722706635,113.34712902318478,488.83531030256756,0.0,-292.2823334471814
2025-04-30T00:30:00Z,2025-04-30T00:45:00Z,2025-04-30,2025-04-30_3,-48.0,100,52,0,98.44480146086957,103.2259211478261,0.032801298647343,6.2165,0.0,True,True,False,False,-1070.4,0.0,175.93522722706635,113.34712902318478,1119.6644135492427,0.0,338.54676979949375
2025-04-30T00:45:00Z,2025-04-30T01:00:00Z,2025-04-30,2025-04-30_3,-48.0,100,52,0,103.2259211478261,106.67904869565218,0.03325421903381643,7.535500000000001,0.0,True,True,False,False,-1070.4,0.0,175.93522722706635,113.34712902318478,1358.2627475187849,0.0,577.1451037690359
2025-04-30T01:00:00Z,2025-04-30T01:15:00Z,2025-04-30,2025-04-30_4,0.0,100,100,0,106.67904869565218,105.62959217391305,0.002915157004830918,0.9655,0.0,True,True,False,False,0.0,0.0,175.93522722706635,217.64374974886488,169.37411871659904,0.0,562.9530956925303
2025-04-30T01:15:00Z,2025-04-30T01:30:00Z,2025-04-30,2025-04-30_4,0.0,100,100,0,105.62959217391305,104.54209217391305,0.0030208333333333333,1.0005,0.0,True,True,False,False,0.0,0.0,175.93522722706635,217.64374974886488,175.48730602322496,0.0,569.0662829991562
2025-04-30T01:30:00Z,2025-04-30T01:45:00Z,2025-04-30,2025-04-30_4,0.0,100,100,0,104.54209217391305,104.17021565217392,0.00160287922705314,0.4365,0.11150000000000002,True,True,False,False,0.0,0.0,175.93522722706635,217.64374974886488,73.49299302848875,-7.444451822236509,459.62751818218345
2025-04-30T01:45:00Z,2025-04-30T02:00:00Z,2025-04-30,2025-04-30_4,0.0,100,100,0,104.17021565217392,104.46960260869567,0.0010339251207729468,0.0335,0.365,True,True,False,False,0.0,0.0,175.93522722706635,217.64374974886488,4.901355426527906,-21.635420098846787,376.8449123036123
2025-04-30T02:00:00Z,2025-04-30T02:15:00Z,2025-04-30,2025-04-30_5,0.0,100,100,0,104.46960260869567,104.83410347826089,0.0012721642512077296,0.043,0.447,True,True,False,False,0.0,0.0,175.93522722706635,217.64374974886488,6.312535460280467,-26.321936352312452,373.5695760838992
2025-04-30T02:15:00Z,2025-04-30T02:30:00Z,2025-04-30,2025-04-30_5,0.0,100,100,0,104.83410347826089,104.62315217391306,0.0006217536231884058,0.2,0.007000000000000001,True,True,False,False,0.0,0.0,175.93522722706635,217.64374974886488,30.935026318961707,-0.5524970868324829,423.9615062080604
2025-04-30T02:30:00Z,2025-04-30T02:45:00Z,2025-04-30,2025-04-30_5,0.0,100,100,0,104.62315217391306,103.41445652173914,0.003357487922705314,1.112,0.0,True,True,False,False,0.0,0.0,175.93522722706635,217.64374974886488,194.59352111544177,0.0,588.172498091373
2025-04-30T02:45:00Z,2025-04-30T03:00:00Z,2025-04-30,2025-04-30_5,0.0,100,100,0,103.41445652173914,99.95150521739131,0.009782864734299518,3.213,0.032,True,True,False,False,0.0,0.0,175.93522722706635,217.64374974886488,584.5911937959577,-2.22365090207739,975.9465198698115
2025-04-30T03:00:00Z,2025-04-30T03:15:00Z,2025-04-30,2025-04-30_6,0.0,100,100,0,99.95150521739131,99.88057043478261,0.00038870772946859904,0.097,0.0375,True,True,False,False,0.0,0.0,175.93522722706635,217.64374974886488,14.06597440430747,-2.953349138104231,404.6916022421345
2025-04-30T03:15:00Z,2025-04-30T03:30:00Z,2025-04-30,2025-04-30_6,0.0,100,100,0,99.88057043478261,100.32965652173914,0.0012595386473429951,0.002,0.49049999999999994,True,True,False,False,0.0,0.0,175.93522722706635,217.64374974886488,0.28127134648611724,-22.595086390484987,371.26516193193237
2025-04-30T03:30:00Z,2025-04-30T03:45:00Z,2025-04-30,2025-04-30_6,0.0,100,100,0,100.32965652173914,103.21109652173914,0.008004,0.0,3.132,True,True,False,False,0.0,0.0,175.93522722706635,217.64374974886488,0.0,-39.63294491099771,353.94603206493355
2025-04-30T03:45:00Z,2025-04-30T04:00:00Z,2025-04-30,2025-04-30_6,0.0,100,100,0,103.21109652173914,100.28375565217391,0.008136613526570047,2.694,0.001,True,True,False,False,0.0,0.0,175.93522722706635,217.64374974886488,497.6506573713183,-0.07835416080684696,891.1512801864427
2025-04-30T04:00:00Z,2025-04-30T04:15:00Z,2025-04-30,2025-04-30_7,0.0,100,100,0,100.28375565217391,90.2734408695652,0.028820985507246374,9.3775,0.1985,True,True,False,False,0.0,0.0,197.99493711576326,212.64113794350462,2009.148309358299,-9.676745389158999,2410.107639028408
2025-04-30T04:15:00Z,2025-04-30T04:30:00Z,2025-04-30,2025-04-30_7,0.0,100,100,0,90.2734408695652,84.32933913043478,0.01658039371980676,5.48,0.0135,True,True,False,False,0.0,0.0,197.99493711576326,212.64113794350462,1098.1292883834935,-1.0577811708924338,1507.707582271869
2025-04-30T04:30:00Z,2025-04-30T04:45:00Z,2025-04-30,2025-04-30_7,0.0,100,100,0,84.32933913043478,84.21868782608695,0.0004836980676328503,0.131,0.0345,True,True,False,False,0.0,0.0,197.99493711576326,212.64113794350462,21.13552115562342,-2.647864949572066,429.12373126531924
2025-04-30T04:45:00Z,2025-04-30T05:00:00Z,2025-04-30,2025-04-30_7,0.0,100,100,0,84.21868782608695,82.6562956521739,0.004802533816425121,1.514,0.0905,True,True,False,False,0.0,0.0,197.99493711576326,212.64113794350462,292.47660907301,-6.683206995620203,696.4294771366577
2025-04-30T05:00:00Z,2025-04-30T05:15:00Z,2025-04-30,2025-04-30_8,100.0,0,100,0,82.6562956521739,55.5633608695652,0.07525815217391305,0.0,0.0745,True,True,False,False,3007.75,0.0,0.0,212.46032064933496,0.0,-5.601419918029492,3214.6089007313053
2025-04-30T05:15:00Z,2025-04-30T05:30:00Z,2025-04-30,2025-04-30_8,100.0,0,100,0,55.5633608695652,37.23999130434781,0.05089824879227053,0.0,8.1425,True,True,False,False,3007.75,0.0,0.0,212.46032064933496,0.0,6361.806215092217,9582.016535741552
2025-04-30T05:30:00Z,2025-04-30T05:45:00Z,2025-04-30,2025-04-30_8,100.0,0,100,0,37.23999130434781,27.837817391304334,0.0261171497584541,0.0,16.35,True,True,False,False,3007.75,0.0,0.0,212.46032064933496,0.0,14778.528950857877,17998.739271507213
2025-04-30T05:45:00Z,2025-04-30T06:00:00Z,2025-04-30,2025-04-30_8,100.0,0,100,0,27.837817391304334,21.524230434782595,0.017537741545893718,0.0,19.1915,True,True,False,False,3007.75,0.0,0.0,212.46032064933496,0.0,17346.91977739382,20567.130098043155
2025-04-30T06:00:00Z,2025-04-30T06:15:00Z,2025-04-30,2025-04-30_9,0.0,100,100,0,21.524230434782595,9.999999999999984,0.034733417874396134,11.053,0.5325,True,True,False,False,0.0,0.0,192.5402820749789,205.67967211797324,7925.354525455056,0.7324094908988628,8324.306889138907
2025-04-30T06:15:00Z,2025-04-30T06:30:00Z,2025-04-30,2025-04-30_9,0.0,100,100,0,9.999999999999984,12.16999130434781,0.0069033574879227046,0.145,2.53,True,True,False,False,0.0,0.0,192.5402820749789,205.67967211797324,25.796593603085945,-31.287236308112664,392.72931148792543
2025-04-30T06:30:00Z,2025-04-30T06:45:00Z,2025-04-30,2025-04-30_9,0.0,100,100,0,12.16999130434781,23.84939130434781,0.03244277777777778,0.0,12.695,True,True,False,False,0.0,0.0,192.5402820749789,205.67967211797324,0.0,8811.409893719614,9209.629847912565
2025-04-30T06:45:00Z,2025-04-30T07:00:00Z,2025-04-30,2025-04-30_9,0.0,100,100,0,23.84939130434781,44.466591304347816,0.05727,0.0,22.41,True,True,False,False,0.0,0.0,192.5402820749789,205.67967211797324,0.0,19577.845865311207,19976.065819504158
2025-04-30T07:00:00Z,2025-04-30T07:15:00Z,2025-04-30,2025-04-30_10,0.0,100,100,0,44.466591304347816,34.156478260869555,0.03191031400966183,10.027,0.64,True,True,False,False,0.0,0.0,176.80917748221964,213.09318117892872,6140.14245489613,-17.922417326314942,6512.122396230964
2025-04-30T07:15:00Z,2025-04-30T07:30:00Z,2025-04-30,2025-04-30_10,0.0,100,100,0,34.156478260869555,35.43084086956521,0.007443881642512078,0.6465,2.149,True,True,False,False,0.0,0.0,176.80917748221964,213.09318117892872,99.50844768352954,-5.573480331096557,483.83732601358133
2025-04-30T07:30:00Z,2025-04-30T07:45:00Z,2025-04-30,2025-04-30_10,0.0,100,100,0,35.43084086956521,38.99483913043478,0.009936227053140097,0.006,3.881,True,True,False,False,0.0,0.0,176.80917748221964,213.09318117892872,0.8968537790814481,-42.58230642504118,348.2169060151886
2025-04-30T07:45:00Z,2025-04-30T08:00:00Z,2025-04-30,2025-04-30_10,0.0,100,100,0,38.99483913043478,40.83207913043478,0.005103444444444445,0.0,1.997,True,True,False,False,0.0,0.0,176.80917748221964,213.09318117892872,0.0,54.4246092337365,444.32696789488483
2025-04-30T08:00:00Z,2025-04-30T08:15:00Z,2025-04-30,2025-04-30_11,0.0,100,100,0,40.83207913043478,41.124666956521736,0.006135811594202898,0.8815,1.3595,True,True,False,False,0.0,0.0,176.80917748221964,213.09318117892872,85.93624382207577,-25.95761682806284,449.8809856551613
2025-04-30T08:15:00Z,2025-04-30T08:30:00Z,2025-04-30,2025-04-30_11,0.0,100,100,0,41.124666956521736,40.774625217391296,0.008161115942028986,1.5125,1.4065,True,True,False,False,0.0,0.0,176.80917748221964,213.09318117892872,147.45158114678344,-2.1950600715232853,535.1588797364085
2025-04-30T08:30:00Z,2025-04-30T08:45:00Z,2025-04-30,2025-04-30_11,0.0,100,100,0,40.774625217391296,45.4100452173913,0.012876166666666666,0.0,5.0385,True,True,False,False,0.0,0.0,176.80917748221964,213.09318117892872,0.0,-34.79494525254148,355.1074134086069
2025-04-30T08:45:00Z,2025-04-30T09:00:00Z,2025-04-30,2025-04-30_11,0.0,100,100,0,45.4100452173913,46.162065217391294,0.0021583888888888885,0.0115,0.831,True,True,False,False,0.0,0.0,176.80917748221964,213.09318117892872,1.1211194599590146,-30.97743078715795,360.04604733394945
2025-04-30T09:00:00Z,2025-04-30T09:15:00Z,2025-04-30,2025-04-30_12,0.0,100,100,0,46.162065217391294,46.03125739130434,0.00681357729468599,1.1885,1.262,True,True,False,False,0.0,0.0,176.80917748221964,213.09318117892872,107.4506770603126,-20.174150359625507,477.17888536183546
2025-04-30T09:15:00Z,2025-04-30T09:30:00Z,2025-04-30,2025-04-30_12,0.0,100,100,0,46.03125739130434,43.332887826086946,0.007495471014492753,2.4825,0.0,True,True,False,False,0.0,0.0,176.80917748221964,213.09318117892872,224.4394663880741,0.0,614.3418250492225
2025-04-30T09:30:00Z,2025-04-30T09:45:00Z,2025-04-30,2025-04-30_12,0.0,100,100,0,43.332887826086946,43.65701130434781,0.0015223236714975844,0.103,0.4739999999999999,True,True,False,False,0.0,0.0,176.80917748221964,213.09318117892872,9.31209064973681,-9.142312854100533,390.0721364567846
2025-04-30T09:45:00Z,2025-04-30T10:00:00Z,2025-04-30,2025-04-30_12,0.0,100,100,0,43.65701130434781,46.74055999999998,0.008592586956521741,0.0045,3.357,True,True,False,False,0.0,0.0,176.80917748221964,213.09318117892872,0.4068389118817053,-31.03407361272954,359.2751239603005
2025-04-30T10:00:00Z,2025-04-30T10:15:00Z,2025-04-30,2025-04-30_13,0.0,100,100,0,46.74055999999998,46.91655999999998,0.0010444444444444444,0.092,0.3,True,True,False,False,0.0,0.0,176.80917748221964,213.09318117892872,8.317595531803752,-11.45176196407763,386.76819222887445
2025-04-30T10:15:00Z,2025-04-30T10:30:00Z,2025-04-30,2025-04-30_13,0.0,100,100,0,46.91655999999998,53.43199999999998,0.01809844444444444,0.0,7.081999999999999,True,True,False,False,0.0,0.0,176.80917748221964,213.09318117892872,0.0,-23.85803351147185,366.0443251496765
2025-04-30T10:30:00Z,2025-04-30T10:45:00Z,2025-04-30,2025-04-30_13,0.0,100,100,0,53.43199999999998,57.14143999999998,0.010304,0.0,4.032,True,True,False,False,0.0,0.0,176.80917748221964,213.09318117892872,0.0,-84.09410214168038,305.808256519468
2025-04-30T10:45:00Z,2025-04-30T11:00:00Z,2025-04-30,2025-04-30_13,0.0,100,100,0,57.14143999999998,60.83774956521737,0.010276584541062802,0.0015,4.0195,True,True,False,False,0.0,0.0,176.80917748221964,213.09318117892872,0.1356129706272351,-20.403561497970827,369.63441013380475
2025-04-30T11:00:00Z,2025-04-30T11:15:00Z,2025-04-30,2025-04-30_14,-100.0,100,0,0,60.83774956521737,83.67582956521737,0.06343911111111111,0.176,0.0,True,True,False,False,155.25,0.0,176.80917748221964,0.0,15.911921886928917,0.0,347.97109936914853
2025-04-30T11:15:00Z,2025-04-30T11:30:00Z,2025-04-30,2025-04-30_14,-100.0,100,0,0,83.67582956521737,106.27286956521736,0.06276955555555556,0.438,0.0,True,True,False,False,155.25,0.0,176.80917748221964,0.0,39.59898742315265,0.0,371.6581649053723
2025-04-30T11:30:00Z,2025-04-30T11:45:00Z,2025-04-30,2025-04-30_14,-100.0,100,0,0,106.27286956521736,129.16844956521737,0.06359883333333334,0.11349999999999999,0.0,True,True,False,False,155.25,0.0,176.80917748221964,0.0,10.261381444127455,0.0,342.3205589263471
2025-04-30T11:45:00Z,2025-04-30T12:00:00Z,2025-04-30,2025-04-30_14,-100.0,100,0,0,129.16844956521737,151.8386295652174,0.06297272222222224,0.3585,0.0,True,True,False,False,155.25,0.0,176.80917748221964,0.0,32.41149997990919,0.0,364.47067746212883
2025-04-30T12:00:00Z,2025-04-30T12:15:00Z,2025-04-30,2025-04-30_15,-16.0,100,84,0,151.8386295652174,159.19367996521737,0.020430695555555555,0.0,3.9946199999999994,True,True,False,False,12.0,0.0,176.80917748221964,178.99827219030013,0.0,-38.79855130791175,329.008898364608
2025-04-30T12:15:00Z,2025-04-30T12:30:00Z,2025-04-30,2025-04-30_15,-16.0,100,84,0,159.19367996521737,163.74151318260866,0.012899174396135266,0.0525,1.0038,True,True,False,False,12.0,0.0,176.80917748221964,178.99827219030013,4.746453971953228,-19.463321814602,353.090581829871
2025-04-30T12:30:00Z,2025-04-30T12:45:00Z,2025-04-30,2025-04-30_15,-16.0,100,84,0,163.74151318260866,167.28718740869562,0.010569384927536233,0.142,0.01764,True,True,False,False,12.0,0.0,176.80917748221964,178.99827219030013,12.838027886044921,-0.6733636034877647,379.9721139550769
2025-04-30T12:45:00Z,2025-04-30T13:00:00Z,2025-04-30,2025-04-30_15,-16.0,100,84,0,167.28718740869562,171.35605189565214,0.011408923091787442,0.021,0.44688,True,True,False,False,12.0,0.0,176.80917748221964,178.99827219030013,1.8985815887812916,-17.05854462169004,352.64748663961103
2025-04-30T13:00:00Z,2025-04-30T13:15:00Z,2025-04-30,2025-04-30_16,0.0,100,100,0,171.35605189565214,185.20941189565215,0.038481555555555554,0.0,15.058,True,True,False,False,0.0,0.0,176.80917748221964,213.09318117892872,0.0,8442.974676337044,8832.877034998193
2025-04-30T13:15:00Z,2025-04-30T13:30:00Z,2025-04-30,2025-04-30_16,0.0,100,100,0,185.20941189565215,189.88719798260868,0.01307537198067633,0.0135,5.1005,True,True,False,False,0.0,0.0,176.80917748221964,213.09318117892872,1.2205167356451159,-27.359313999276733,363.76356139751675
2025-04-30T13:30:00Z,2025-04-30T13:45:00Z,2025-04-30,2025-04-30_16,0.0,100,100,0,189.88719798260868,188.72228059130433,0.003376437198067632,1.095,0.0275,True,True,False,False,0.0,0.0,176.80917748221964,213.09318117892872,98.99746855788162,-1.0497448467071162,487.85008237232285
2025-04-30T13:45:00Z,2025-04-30T14:00:00Z,2025-04-30,2025-04-30_16,0.0,100,100,0,188.72228059130433,179.22445450434782,0.02638285024154589,8.738,0.0,True,True,False,False,0.0,0.0,176.80917748221964,213.09318117892872,6381.629610640092,0.0,6771.531969301241
2025-04-30T14:00:00Z,2025-04-30T14:15:00Z,2025-04-30,2025-04-30_17,57.487631613407565,42,100,0,179.22445450434782,179.29651528953866,0.0347632310484679,0.60207,16.091,True,True,False,False,291.60601135900987,0.0,73.95608148832723,219.99437457307027,89.9393924418371,19161.285905492827,19836.78176535507
2025-04-30T14:15:00Z,2025-04-30T14:30:00Z,2025-04-30,2025-04-30_17,57.487631613407565,42,100,0,179.29651528953866,185.02466632866953,0.029748831365402326,0.0,21.014,True,True,False,False,291.60601135900987,0.0,73.95608148832723,219.99437457307027,0.0,17530.224656648046,18115.781124068453
2025-04-30T14:30:00Z,2025-04-30T14:45:00Z,2025-04-30,2025-04-30_17,57.487631613407565,42,100,0,185.02466632866953,180.82720710629553,0.036092270074216413,0.0,11.2445,True,True,False,False,291.60601135900987,0.0,73.95608148832723,219.99437457307027,0.0,5272.998188512075,5858.554655932482
2025-04-30T14:45:00Z,2025-04-30T15:00:00Z,2025-04-30,2025-04-30_17,57.487631613407565,42,100,0,180.82720710629553,166.36033154825537,0.042657387301032045,0.00084,1.1375,True,True,False,False,291.60601135900987,0.0,73.95608148832723,219.99437457307027,0.09299168240446819,-27.015339333788724,558.6341197690231
2025-04-30T15:00:00Z,2025-04-30T15:15:00Z,2025-04-30,2025-04-30_18,27.989063706092846,72,100,0,166.36033154825537,182.60914315128755,0.045684044982615156,0.0,24.6755,True,True,False,False,561.1807273071615,0.0,126.78185397998953,219.63273998473096,0.0,31601.783062442235,32509.378383714116
2025-04-30T15:15:00Z,2025-04-30T15:30:00Z,2025-04-30,2025-04-30_18,27.989063706092846,72,100,0,182.60914315128755,185.78825437013964,0.03222945132936872,0.0,11.156,True,True,False,False,561.1807273071615,0.0,126.78185397998953,219.63273998473096,0.0,1464.6783091573916,2372.2736304292735
2025-04-30T15:30:00Z,2025-04-30T15:45:00Z,2025-04-30,2025-04-30_18,27.989063706092846,72,100,0,185.78825437013964,180.99426348325372,0.024021547105458806,0.0,2.9085,True,True,False,False,561.1807273071615,0.0,126.78185397998953,219.63273998473096,0.0,-45.47752430988066,862.1177969620014
2025-04-30T15:45:00Z,2025-04-30T16:00:00Z,2025-04-30,2025-04-30_18,27.989063706092846,72,100,0,180.99426348325372,173.4639653391304,0.021572634340758685,0.08892,0.178,True,True,False,False,561.1807273071615,0.0,126.78185397998953,219.63273998473096,12.322960710411056,-7.558759593361996,912.359522388931
2025-04-30T16:00:00Z,2025-04-30T16:15:00Z,2025-04-30,2025-04-30_19,21.0,79,100,0,173.4639653391304,188.9211149391304,0.04653861,0.0,22.1595,True,True,False,False,679.0875,0.0,158.1777634909792,213.96713143408203,0.0,26713.078244565437,27764.310639490497
2025-04-30T16:15:00Z,2025-04-30T16:30:00Z,2025-04-30,2025-04-30_19,21.0,79,100,0,188.9211149391304,184.33869984347822,0.017481395265700486,0.0,1.177,True,True,False,False,679.0875,0.0,158.1777634909792,213.96713143408203,0.0,-57.737177642946115,993.495217282115
2025-04-30T16:30:00Z,2025-04-30T16:45:00Z,2025-04-30,2025-04-30_19,21.0,79,100,0,184.33869984347822,181.7184573043478,0.02032653038647343,0.0,3.2315000000000005,True,True,False,False,679.0875,0.0,158.1777634909792,213.96713143408203,0.0,-94.43376079881064,956.7986341262506
2025-04-30T16:45:00Z,2025-04-30T17:00:00Z,2025-04-30,2025-04-30_19,21.0,79,100,0,181.7184573043478,176.93906734782604,0.017223010990338166,0.005925,0.9775,True,True,False,False,679.0875,0.0,158.1777634909792,213.96713143408203,0.8332663639651223,-50.088872202354636,1001.9767890866717
2025-04-30T17:00:00Z,2025-04-30T17:15:00Z,2025-04-30,2025-04-30_20,100.0,0,100,0,176.93906734782604,167.67765430434778,0.02572614734299516,0.0,16.4795,True,True,False,False,5281.0,0.0,0.0,213.96713143408203,0.0,15367.539330976011,20862.506462410092
2025-04-30T17:15:00Z,2025-04-30T17:30:00Z,2025-04-30,2025-04-30_20,100.0,0,100,0,167.67765430434778,155.41787169565214,0.034054951690821254,0.0,13.721,True,True,False,False,5281.0,0.0,0.0,213.96713143408203,0.0,13873.079424599187,19368.04655603327
2025-04-30T17:30:00Z,2025-04-30T17:45:00Z,2025-04-30,2025-04-30_20,100.0,0,100,0,155.41787169565214,132.66243691304345,0.06320954106280192,0.0,4.065,True,True,False,False,5281.0,0.0,0.0,213.96713143408203,0.0,1000.527056294451,6495.494187728533
2025-04-30T17:45:00Z,2025-04-30T18:00:00Z,2025-04-30,2025-04-30_20,100.0,0,100,0,132.66243691304345,105.62167604347823,0.07511322463768115,0.0,0.1225,True,True,False,False,5281.0,0.0,0.0,213.96713143408203,0.0,-9.272113452806686,5485.695017981276
2025-04-30T18:00:00Z,2025-04-30T18:15:00Z,2025-04-30,2025-04-30_21,100.0,0,100,0,105.62167604347823,99.46406734782606,0.01710446859903381,0.0,19.335,True,True,False,False,5965.75,0.0,0.0,212.64113794350462,0.0,20608.921439908387,26787.31257785189
2025-04-30T18:15:00Z,2025-04-30T18:30:00Z,2025-04-30,2025-04-30_21,100.0,0,100,0,99.46406734782606,76.89124126086953,0.06270229468599034,0.0,4.233,True,True,False,False,5965.75,0.0,0.0,212.64113794350462,0.0,450.9947090850644,6629.385847028569
2025-04-30T18:30:00Z,2025-04-30T18:45:00Z,2025-04-30,2025-04-30_21,100.0,0,100,0,76.89124126086953,52.18526299999998,0.06862771739130434,0.0,2.2705,True,True,False,False,5965.75,0.0,0.0,212.64113794350462,0.0,-106.0658414031422,6072.325296540363
2025-04-30T18:45:00Z,2025-04-30T19:00:00Z,2025-04-30,2025-04-30_21,100.0,0,100,0,52.18526299999998,43.04993691304346,0.02537590579710144,0.0,16.5955,True,True,False,False,5965.75,0.0,0.0,212.64113794350462,0.0,19008.372471571503,25186.76360951501
2025-04-30T19:00:00Z,2025-04-30T19:15:00Z,2025-04-30,2025-04-30_22,0.0,100,100,0,43.04993691304346,22.30004126086955,0.05963193236714976,19.42,0.39,True,True,False,False,0.0,0.0,196.7894884879656,217.64374974886488,22683.44098927151,-10.743844175674047,23087.130383332664
2025-04-30T19:15:00Z,2025-04-30T19:30:00Z,2025-04-30,2025-04-30_22,0.0,100,100,0,22.30004126086955,11.142352565217374,0.031062579710144925,10.2765,0.0135,True,True,False,False,0.0,0.0,196.7894884879656,217.64374974886488,9312.215624924658,-1.0577811708924338,9725.591081990597
2025-04-30T19:30:00Z,2025-04-30T19:45:00Z,2025-04-30,2025-04-30_22,0.0,100,100,0,11.142352565217374,10.628808217391288,0.0014418454106280192,0.475,0.003,True,True,False,False,0.0,0.0,196.7894884879656,217.64374974886488,83.65817495077751,-0.23506248242054084,497.8563507051874
2025-04-30T19:45:00Z,2025-04-30T20:00:00Z,2025-04-30,2025-04-30_22,0.0,100,100,0,10.628808217391288,10.743229086956505,0.00043860869565217394,0.02,0.148,True,True,False,False,0.0,0.0,196.7894884879656,217.64374974886488,3.1743480532004664,-11.43909109173464,406.1684951982963
2025-04-30T20:00:00Z,2025-04-30T20:15:00Z,2025-04-30,2025-04-30_23,5.0,95,100,0,10.743229086956505,9.999999999999984,0.00918034190821256,0.685425,1.4655,True,True,False,False,135.8625,0.0,167.13846586571304,217.64374974886488,116.65141957648571,-35.23630369269096,602.0598314983727
2025-04-30T20:15:00Z,2025-04-30T20:30:00Z,2025-04-30,2025-04-30_23,5.0,95,100,0,9.999999999999984,10.061676521739114,0.007257676328502416,0.0,1.53,True,True,False,False,135.8625,0.0,167.13846586571304,217.64374974886488,0.0,-59.99780005625427,460.64691555832366
2025-04-30T20:30:00Z,2025-04-30T20:45:00Z,2025-04-30,2025-04-30_23,5.0,95,100,0,10.061676521739114,12.553767652173896,0.013218369082125602,0.0,4.148,True,True,False,False,135.8625,0.0,167.13846586571304,217.64374974886488,0.0,-32.29129746453972,488.35341815003824
2025-04-30T20:45:00Z,2025-04-30T21:00:00Z,2025-04-30,2025-04-30_23,5.0,95,100,0,12.553767652173896,17.80676521739129,0.019989606763285026,0.0,7.122000000000001,True,True,False,False,135.8625,0.0,167.13846586571304,217.64374974886488,0.0,2301.0896685016273,2821.734384116205
2025-04-30T21:00:00Z,2025-04-30T21:15:00Z,2025-05-01,2025-04-30_24,-30.55942233894932,100,69,0,17.80676521739129,18.746949208602604,0.030719121718462753,6.703,0.9297749999999999,True,True,False,False,-761.0824133515329,0.0,175.9316926167755,150.1711702661979,1262.618961125063,7.612853867403314,835.2522645239068
2025-04-30T21:15:00Z,2025-04-30T21:30:00Z,2025-05-01,2025-04-30_24,-30.55942233894932,100,69,0,18.746949208602604,13.995474976617066,0.03448524844210767,11.3715,0.0,True,True,False,False,-761.0824133515329,0.0,175.9316926167755,150.1711702661979,6116.576211953792,0.0,5681.596661485232
2025-04-30T21:30:00Z,2025-04-30T21:45:00Z,2025-05-01,2025-04-30_24,-30.55942233894932,100,69,0,13.995474976617066,15.540417158167026,0.026488589263289244,5.2935,0.0,True,True,False,False,-761.0824133515329,0.0,175.9316926167755,150.1711702661979,991.6536084379709,0.0,556.6740579694115
2025-04-30T21:45:00Z,2025-04-30T22:00:00Z,2025-05-01,2025-04-30_24,-30.55942233894932,100,69,0,15.540417158167026,22.357753439205126,0.0197924726310753,0.20399999999999996,0.0,True,True,False,False,-761.0824133515329,0.0,175.9316926167755,150.1711702661979,30.072530386740326,0.0,-404.90702008181916
2025-04-30T22:00:00Z,2025-04-30T22:15:00Z,2025-05-01,2025-05-01_1,-95.89643718039738,100,4,0,22.357753439205126,29.765978167167894,0.024494628278217828,15.804000000000002,0.0,True,True,False,False,-2388.5405090707477,0.0,176.50426921145154,8.718834756403815,13908.780509894526,0.0,11705.463104791634
2025-04-30T22:15:00Z,2025-04-30T22:30:00Z,2025-05-01,2025-05-01_1,-95.89643718039738,100,4,0,29.765978167167894,28.734296179802165,0.00330690690926797,24.91,0.0,True,True,False,False,-2388.5405090707477,0.0,176.50426921145154,8.718834756403815,34713.249802109494,0.0,32509.932397006603
2025-04-30T22:30:00Z,2025-04-30T22:45:00Z,2025-05-01,2025-05-01_1,-95.89643718039738,100,4,0,28.734296179802165,34.49550638622543,0.02035992798471642,17.581,0.0,True,True,False,False,-2388.5405090707477,0.0,176.50426921145154,8.718834756403815,17210.928338724258,0.0,15007.610933621365
2025-04-30T22:45:00Z,2025-04-30T23:00:00Z,2025-05-01,2025-05-01_1,-95.89643718039738,100,4,0,34.49550638622543,45.53420713043482,0.033608652504242054,11.887,0.0,True,True,False,False,-2388.5405090707477,0.0,176.50426921145154,8.718834756403815,4224.328146860874,0.0,2021.0107417579816
2025-04-30T23:00:00Z,2025-04-30T23:15:00Z,2025-05-01,2025-05-01_2,-100.0,100,0,0,45.53420713043482,47.807067130434824,0.006313500000000001,22.5295,0.0,True,True,False,False,-2347.0,0.0,176.50426921145154,0.0,30686.60024821697,0.0,28516.104517428423
2025-04-30T23:15:00Z,2025-04-30T23:30:00Z,2025-05-01,2025-05-01_2,-100.0,100,0,0,47.807067130434824,50.808567130434824,0.008337499999999998,21.7375,0.0,True,True,False,False,-2347.0,0.0,176.50426921145154,0.0,27391.791682571573,0.0,25221.295951783024
2025-04-30T23:30:00Z,2025-04-30T23:45:00Z,2025-05-01,2025-05-01_2,-100.0,100,0,0,50.808567130434824,64.30404713043482,0.03748744444444444,10.331,0.0,True,True,False,False,-2347.0,0.0,176.50426921145154,0.0,1977.443685986941,0.0,-193.05204480160737
2025-04-30T23:45:00Z,2025-05-01T00:00:00Z,2025-05-01,2025-05-01_2,-100.0,100,0,0,64.30404713043482,79.40998713043483,0.04196094444444445,8.5805,0.0,True,True,False,False,-2347.0,0.0,176.50426921145154,0.0,2249.607994475138,0.0,79.11226368658973
2025-05-01T00:00:00Z,2025-05-01T00:15:00Z,2025-05-01,2025-05-01_3,0.0,100,100,0,79.40998713043483,67.00672626086961,0.034453502415458935,11.411,0.0,True,True,False,False,0.0,0.0,176.50426921145154,217.63937719738823,8422.562836363637,0.0,8816.706482772477
2025-05-01T00:15:00Z,2025-05-01T00:30:00Z,2025-05-01,2025-05-01_3,0.0,100,100,0,67.00672626086961,64.15456278260875,0.008122009661835747,2.657,0.039,True,True,False,False,0.0,0.0,176.50426921145154,217.63937719738823,475.0657281767956,-3.055750878955299,866.15362370668
2025-05-01T00:30:00Z,2025-05-01T00:45:00Z,2025-05-01,2025-05-01_3,0.0,100,100,0,64.15456278260875,64.13458886956528,0.0002343719806763285,0.048,0.035,True,True,False,False,0.0,0.0,176.50426921145154,217.63937719738823,7.174686087393269,-2.7423405323957812,398.5759919638373
2025-05-01T00:45:00Z,2025-05-01T01:00:00Z,2025-05-01,2025-05-01_3,0.0,100,100,0,64.13458886956528,63.520668000000065,0.0017155579710144927,0.5665,0.002,True,True,False,False,0.0,0.0,176.50426921145154,217.63937719738823,86.16490607734808,-0.1567051732797589,480.1518473129081
2025-05-01T01:00:00Z,2025-05-01T01:15:00Z,2025-05-01,2025-05-01_4,0.0,100,100,0,63.520668000000065,62.68045930434789,0.0025000241545893717,0.8005,0.0325,True,True,False,False,0.0,0.0,176.50426921145154,217.63937719738823,128.1462593671522,-2.5464590657960824,519.7434467101959
2025-05-01T01:15:00Z,2025-05-01T01:30:00Z,2025-05-01,2025-05-01_4,0.0,100,100,0,62.68045930434789,61.569046260869634,0.0030872584541062798,1.0225,0.0,True,True,False,False,0.0,0.0,176.50426921145154,217.63937719738823,167.76970467101958,0.0,561.9133510798594
2025-05-01T01:30:00Z,2025-05-01T01:45:00Z,2025-05-01,2025-05-01_4,0.0,100,100,0,61.569046260869634,57.74839408695659,0.010612922705314009,3.515,0.0,True,True,False,False,0.0,0.0,176.50426921145154,217.63937719738823,628.1712817679557,0.0,1022.3149281767955
2025-05-01T01:45:00Z,2025-05-01T02:00:00Z,2025-05-01,2025-05-01_4,0.0,100,100,0,57.74839408695659,50.71850278260876,0.019527475845410626,6.467499999999999,0.0,True,True,False,False,0.0,0.0,176.50426921145154,217.63937719738823,1177.3786524359616,0.0,1571.5222988448013
2025-05-01T02:00:00Z,2025-05-01T02:15:00Z,2025-05-01,2025-05-01_5,0.0,100,100,0,50.71850278260876,44.70056800000006,0.016716485507246377,5.5365,0.0,True,True,False,False,0.0,0.0,176.50426921145154,217.63937719738823,1002.9212636865897,0.0,1397.0649100954295
2025-05-01T02:15:00Z,2025-05-01T02:30:00Z,2025-05-01,2025-05-01_5,0.0,100,100,0,44.70056800000006,35.59024191304354,0.025306461352657007,8.3815,0.0,True,True,False,False,0.0,0.0,176.50426921145154,217.63937719738823,1532.151671019588,0.0,1926.2953174284278
2025-05-01T02:30:00Z,2025-05-01T02:45:00Z,2025-05-01,2025-05-01_5,0.0,100,100,0,35.59024191304354,25.447307130434847,0.028174818840579707,9.3315,0.0,True,True,False,False,0.0,0.0,176.50426921145154,217.63937719738823,4812.573723857358,0.0,5206.7173702661985
2025-05-01T02:45:00Z,2025-05-01T03:00:00Z,2025-05-01,2025-05-01_5,0.0,100,100,0,25.447307130434847,24.963748000000066,0.0015553309178743962,0.48,0.0415,True,True,False,False,0.0,0.0,176.50426921145154,217.63937719738823,74.46591260673029,-3.251632345554998,465.35792667001505
2025-05-01T03:00:00Z,2025-05-01T03:15:00Z,2025-05-01,2025-05-01_6,-43.99999999999996,100,56,0,24.963748000000066,19.934521739130492,0.03657702850241547,14.9475,0.0,True,True,False,False,-943.3599999999991,0.0,176.50426921145154,121.87805123053742,9625.10290909091,0.0,8980.1252295329
2025-05-01T03:15:00Z,2025-05-01T03:30:00Z,2025-05-01,2025-05-01_6,-43.99999999999996,100,56,0,19.934521739130492,13.513259200000046,0.0373549470531401,16.321,0.0,True,True,False,False,-943.3599999999991,0.0,176.50426921145154,121.87805123053742,11030.081008739327,0.0,10385.103329181316
2025-05-01T03:30:00Z,2025-05-01T03:45:00Z,2025-05-01,2025-05-01_6,-43.99999999999996,100,56,0,13.513259200000046,17.91156949565221,0.031308591400966174,5.6455,0.0,True,True,False,False,-943.3599999999991,0.0,176.50426921145154,121.87805123053742,1221.7485812154696,0.0,576.7709016574595
2025-05-01T03:45:00Z,2025-05-01T04:00:00Z,2025-05-01,2025-05-01_6,-43.99999999999996,100,56,0,17.91156949565221,28.418156208695677,0.02942844135265698,0.072,0.4995200000000001,True,True,False,False,-943.3599999999991,0.0,176.50426921145154,121.87805123053742,10.762029131089903,-20.35010860873933,-654.5657590356595
2025-05-01T04:00:00Z,2025-05-01T04:15:00Z,2025-05-01,2025-05-01_7,-62.595440358955656,100,37,0,28.418156208695677,24.924965030962717,0.03146316470785854,18.2255,0.016835,True,True,False,False,-1282.7370615558987,0.0,199.55801104972375,78.67564038171773,23803.539226318433,-1.0440270487192365,22797.991789145257
2025-05-01T04:15:00Z,2025-05-01T04:30:00Z,2025-05-01,2025-05-01_7,-62.595440358955656,100,37,0,24.924965030962717,18.730269125549285,0.030134351216633513,20.9595,0.0,True,True,False,False,-1282.7370615558987,0.0,199.55801104972375,78.67564038171773,23500.423027322948,0.0,22495.91961719849
2025-05-01T04:30:00Z,2025-05-01T04:45:00Z,2025-05-01,2025-05-01_7,-62.595440358955656,100,37,0,18.730269125549285,24.286158691724097,0.0357593328655676,8.999,0.0,True,True,False,False,-1282.7370615558987,0.0,199.55801104972375,78.67564038171773,1621.7309880462078,0.0,617.2275779217506
2025-05-01T04:45:00Z,2025-05-01T05:00:00Z,2025-05-01,2025-05-01_7,-62.595440358955656,100,37,0,24.286158691724097,31.185056521739146,0.03640222822229122,7.632,0.0,True,True,False,False,-1282.7370615558987,0.0,199.55801104972375,78.67564038171773,3723.3656896032144,0.0,2718.862279478757
2025-05-01T05:00:00Z,2025-05-01T05:15:00Z,2025-05-01,2025-05-01_8,-50.00000000000002,100,50,0,31.185056521739146,17.952829565217414,0.03765957487922704,24.6465,0.0,True,True,False,False,-905.5000000000003,0.0,199.55801104972375,106.3184329482672,34666.02641888498,0.0,34066.40286288298
2025-05-01T05:15:00Z,2025-05-01T05:30:00Z,2025-05-01,2025-05-01_8,-50.00000000000002,100,50,0,17.952829565217414,15.193780000000025,0.03524358212560386,14.211000000000002,0.0015,True,True,False,False,-905.5000000000003,0.0,199.55801104972375,106.3184329482672,14581.2226023104,-0.1175288799598192,13981.48151742843
2025-05-01T05:30:00Z,2025-05-01T05:45:00Z,2025-05-01,2025-05-01_8,-50.00000000000002,100,50,0,15.193780000000025,22.398140869565246,0.03294538647342996,4.2835,0.003,True,True,False,False,-905.5000000000003,0.0,199.55801104972375,106.3184329482672,697.5594768458061,-0.2350577599196384,97.70086308387707
2025-05-01T05:45:00Z,2025-05-01T06:00:00Z,2025-05-01,2025-05-01_8,-50.00000000000002,100,50,0,22.398140869565246,30.909782608695686,0.03263499516908214,2.978,0.0,True,True,False,False,-905.5000000000003,0.0,199.55801104972375,106.3184329482672,484.96378503264697,0.0,-114.65977096936243
2025-05-01T06:00:00Z,2025-05-01T06:15:00Z,2025-05-01,2025-05-01_9,0.0,100,100,0,30.909782608695686,10.000000000000036,0.05808272946859903,19.237,0.0,True,True,False,False,0.0,0.0,191.87343043696634,206.60974384731293,22245.60496333501,0.0,22644.08813761929
2025-05-01T06:15:00Z,2025-05-01T06:30:00Z,2025-05-01,2025-05-01_9,0.0,100,100,0,10.000000000000036,12.927110434782644,0.015413471014492752,1.206,4.6065,True,True,False,False,0.0,0.0,191.87343043696634,206.60974384731293,176.48668206931188,-22.316653139126068,552.6532032144651
2025-05-01T06:30:00Z,2025-05-01T06:45:00Z,2025-05-01,2025-05-01_9,0.0,100,100,0,12.927110434782644,22.097210434782646,0.0254725,0.0,9.9675,True,True,False,False,0.0,0.0,191.87343043696634,206.60974384731293,0.0,6789.394414866901,7187.87758915118
2025-05-01T06:45:00Z,2025-05-01T07:00:00Z,2025-05-01,2025-05-01_9,0.0,100,100,0,22.097210434782646,34.86589043478264,0.03546855555555555,0.0,13.879,True,True,False,False,0.0,0.0,191.87343043696634,206.60974384731293,0.0,7247.684902862882,7646.168077147161
2025-05-01T07:00:00Z,2025-05-01T07:15:00Z,2025-05-01,2025-05-01_10,25.586543636992342,74,100,0,34.86589043478264,31.102742694528892,0.02306891483268312,0.0033299999999999996,3.3170000000000006,True,True,False,False,0.0,0.0,130.61315921647414,211.70266197890507,0.30105474635861373,480.97066438975395,823.5875403314918
2025-05-01T07:15:00Z,2025-05-01T07:30:00Z,2025-05-01,2025-05-01_10,25.586543636992342,74,100,0,31.102742694528892,25.550632852567325,0.020956408043644473,0.0,1.455,True,True,False,False,0.0,0.0,130.61315921647414,211.70266197890507,0.0,-20.61203716725264,321.70378402812656
2025-05-01T07:30:00Z,2025-05-01T07:45:00Z,2025-05-01,2025-05-01_10,25.586543636992342,74,100,0,25.550632852567325,25.04172336623826,0.0268713903816101,0.0,6.693500000000001,True,True,False,False,0.0,0.0,130.61315921647414,211.70266197890507,0.0,1625.3660309392267,1967.6818521346058
2025-05-01T07:45:00Z,2025-05-01T08:00:00Z,2025-05-01,2025-05-01_10,25.586543636992342,74,100,0,25.04172336623826,20.317934782608663,0.021954925632906557,0.0062900000000000005,2.3225,True,True,False,False,0.0,0.0,130.61315921647414,211.70266197890507,0.5686589653440483,-24.41296283274736,318.4715173279759
2025-05-01T08:00:00Z,2025-05-01T08:15:00Z,2025-05-01,2025-05-01_11,0.0,100,100,0,20.317934782608663,13.283695652173881,0.01953955314009662,6.4715,0.0,True,True,False,False,0.0,0.0,176.50426921145154,211.70266197890507,874.4774456052234,0.0,1262.68437679558
2025-05-01T08:15:00Z,2025-05-01T08:30:00Z,2025-05-01,2025-05-01_11,0.0,100,100,0,13.283695652173881,9.999999999999968,0.009121376811594202,3.021,0.0,True,True,False,False,0.0,0.0,176.50426921145154,211.70266197890507,273.11903566047215,0.0,661.3259668508288
2025-05-01T08:30:00Z,2025-05-01T08:45:00Z,2025-05-01,2025-05-01_11,0.0,100,100,0,9.999999999999968,13.113501739130404,0.008890161835748794,0.04,3.4315000000000007,True,True,False,False,0.0,0.0,176.50426921145154,211.70266197890507,3.616273229532898,-16.245076042189858,375.57812837769967
2025-05-01T08:45:00Z,2025-05-01T09:00:00Z,2025-05-01,2025-05-01_11,0.0,100,100,0,13.113501739130404,14.429231304347796,0.003733306763285024,0.013,1.4455,True,True,False,False,0.0,0.0,176.50426921145154,211.70266197890507,1.1752887995981918,-31.62210939226519,357.7601105976896
2025-05-01T09:00:00Z,2025-05-01T09:15:00Z,2025-05-01,2025-05-01_12,14.683071805822681,85,100,0,14.429231304347796,12.800079747477731,0.01542484816128565,0.0,2.4995,True,True,False,False,-147.1977948533724,0.0,150.0286288297338,211.70266197890507,0.0,-19.52145906579608,195.0120368894704
2025-05-01T09:15:00Z,2025-05-01T09:30:00Z,2025-05-01,2025-05-01_12,14.683071805822681,85,100,0,12.800079747477731,10.089593172936553,0.013463964492086236,0.0055249999999999995,1.361,True,True,False,False,-147.1977948533724,0.0,150.0286288297338,211.70266197890507,0.4994977398292315,-33.589015168257156,181.44397852683858
2025-05-01T09:30:00Z,2025-05-01T09:45:00Z,2025-05-01,2025-05-01_12,14.683071805822681,85,100,0,10.089593172936553,9.99999999999997,0.018256145179247556,0.0,4.1295,True,True,False,False,-147.1977948533724,0.0,150.0286288297338,211.70266197890507,0.0,-43.11770447011552,171.41579148515098
2025-05-01T09:45:00Z,2025-05-01T10:00:00Z,2025-05-01,2025-05-01_12,14.683071805822681,85,100,0,9.99999999999997,17.57608525896776,0.03235357253984806,0.0,12.2455,True,True,False,False,-147.1977948533724,0.0,150.0286288297338,211.70266197890507,0.0,3569.3904230035164,3783.923918958783
2025-05-01T10:00:00Z,2025-05-01T10:15:00Z,2025-05-01,2025-05-01_13,19.000000000005247,81,100,0,17.57608525896776,19.10983179809683,0.024870702946861806,0.0,7.036499999999999,True,True,False,False,-376.2000000001039,0.0,142.96845806127575,211.70266197890507,0.0,1534.9819045705674,1513.4530246106442
2025-05-01T10:15:00Z,2025-05-01T10:30:00Z,2025-05-01,2025-05-01_13,19.000000000005247,81,100,0,19.10983179809683,20.337931241573724,0.024459092657006826,0.01458,6.732,True,True,False,False,-376.2000000001039,0.0,142.96845806127575,211.70266197890507,1.3181315921647414,-27.623177900552488,-47.83392626831082
2025-05-01T10:30:00Z,2025-05-01T10:45:00Z,2025-05-01,2025-05-01_13,19.000000000005247,81,100,0,20.337931241573724,15.024518598094037,0.014974759565221336,0.18386999999999998,0.052,True,True,False,False,-376.2000000001039,0.0,142.96845806127575,211.70266197890507,16.623103967855346,-1.9849321948769463,-6.890708186944674
2025-05-01T10:45:00Z,2025-05-01T11:00:00Z,2025-05-01,2025-05-01_13,19.000000000005247,81,100,0,15.024518598094037,10.116889293744789,0.014915703623192273,0.036449999999999996,0.31,True,True,False,False,-376.2000000001039,0.0,142.96845806127575,211.70266197890507,3.295328980411853,-8.304200904068308,-26.537751883579528
2025-05-01T11:00:00Z,2025-05-01T11:15:00Z,2025-05-01,2025-05-01_14,-100.00000000000003,100,0,0,10.116889293744789,33.0925092937448,0.06382116666666668,0.0265,0.0,True,True,False,False,2514.750000000001,0.0,176.50426921145154,0.0,2.395781014565545,0.0,2693.650050226018
2025-05-01T11:15:00Z,2025-05-01T11:30:00Z,2025-05-01,2025-05-01_14,-100.00000000000003,100,0,0,33.0925092937448,56.09250929374481,0.06388888888888891,0.0,0.0,True,True,False,False,2514.750000000001,0.0,176.50426921145154,0.0,0.0,0.0,2691.2542692114525
2025-05-01T11:30:00Z,2025-05-01T11:45:00Z,2025-05-01,2025-05-01_14,-100.00000000000003,100,0,0,56.09250929374481,79.09250929374483,0.06388888888888891,0.0,0.0,True,True,False,False,2514.750000000001,0.0,176.50426921145154,0.0,0.0,0.0,2691.2542692114525
2025-05-01T11:45:00Z,2025-05-01T12:00:00Z,2025-05-01,2025-05-01_14,-100.00000000000003,100,0,0,79.09250929374483,102.05846929374484,0.06379433333333334,0.037,0.0,True,True,False,False,2514.750000000001,0.0,176.50426921145154,0.0,3.3450527373179306,0.0,2694.5993219487705
2025-05-01T12:00:00Z,2025-05-01T12:15:00Z,2025-05-01,2025-05-01_15,-100.00000000000003,100,0,0,102.05846929374484,124.97106929374485,0.06364611111111113,0.095,0.0,True,True,False,False,2515.7500000000005,0.0,176.50426921145154,0.0,8.588648920140633,0.0,2700.842918131593
2025-05-01T12:15:00Z,2025-05-01T12:30:00Z,2025-05-01,2025-05-01_15,-100.00000000000003,100,0,0,124.97106929374485,147.88642929374487,0.0636537777777778,0.092,0.0,True,True,False,False,2515.7500000000005,0.0,176.50426921145154,0.0,8.317428427925666,0.0,2700.571697639378
2025-05-01T12:30:00Z,2025-05-01T12:45:00Z,2025-05-01,2025-05-01_15,-100.00000000000003,100,0,0,147.88642929374487,170.7820092937449,0.06359883333333337,0.11349999999999999,0.0,True,True,False,False,2515.7500000000005,0.0,176.50426921145154,0.0,10.261175288799597,0.0,2702.5154445002518
2025-05-01T12:45:00Z,2025-05-01T13:00:00Z,2025-05-01,2025-05-01_15,-100.00000000000003,100,0,0,170.7820092937449,189.2951692937449,0.05142544444444446,4.877,0.0,True,True,False,False,2515.7500000000005,0.0,176.50426921145154,0.0,554.2986071320944,0.0,3246.5528763435464
2025-05-01T13:00:00Z,2025-05-01T13:15:00Z,2025-05-01,2025-05-01_16,-53.25978703934276,100,46,0,189.2951692937449,186.05540417202255,0.03480548970713604,15.52,0.0,True,True,False,False,665.6141885241861,0.0,176.50426921145154,97.38322451029632,15629.262047212456,0.0,16568.76372945839
2025-05-01T13:15:00Z,2025-05-01T13:30:00Z,2025-05-01,2025-05-01_16,-53.25978703934276,100,46,0,186.05540417202255,190.00000000000003,0.03444444989366387,8.3215,0.0,True,True,False,False,665.6141885241861,0.0,176.50426921145154,97.38322451029632,1728.5281038674032,0.0,2668.029786113337
2025-05-01T13:30:00Z,2025-05-01T13:45:00Z,2025-05-01,2025-05-01_16,-53.25978703934276,100,46,0,190.00000000000003,189.62809084673813,0.03466136969546524,12.6465,0.0,True,True,False,False,665.6141885241861,0.0,176.50426921145154,97.38322451029632,10152.739777398292,0.0,11092.241459644227
2025-05-01T13:45:00Z,2025-05-01T14:00:00Z,2025-05-01,2025-05-01_16,-53.25978703934276,100,46,0,189.62809084673813,177.69293852292373,0.035242463989955564,24.2325,0.0,True,True,False,False,665.6141885241861,0.0,176.50426921145154,97.38322451029632,33771.19581366148,0.0,34710.697495907414
2025-05-01T14:00:00Z,2025-05-01T14:15:00Z,2025-05-01,2025-05-01_17,-57.969755549522965,100,42,0,177.69293852292373,185.89986064279344,0.035936533395780644,5.177,0.0,True,True,False,False,74.92590904775844,0.0,176.50426921145154,91.40853842290305,1432.781423606228,0.0,1775.620140288341
2025-05-01T14:15:00Z,2025-05-01T14:30:00Z,2025-05-01,2025-05-01_17,-57.969755549522965,100,42,0,185.89986064279344,181.72319371547866,0.0332799003069765,17.6835,0.0,True,True,False,False,74.92590904775844,0.0,176.50426921145154,91.40853842290305,15554.669498844802,0.0,15897.508215526914
2025-05-01T14:30:00Z,2025-05-01T14:45:00Z,2025-05-01,2025-05-01_17,-57.969755549522965,100,42,0,181.72319371547866,184.80300400659362,0.03483662165917745,10.355,0.0,True,True,False,False,74.92590904775844,0.0,176.50426921145154,91.40853842290305,9341.969985936716,0.0,9684.808702618828
2025-05-01T14:45:00Z,2025-05-01T15:00:00Z,2025-05-01,2025-05-01_17,-57.969755549522965,100,42,0,184.80300400659362,177.21123304347833,0.032547263076473515,21.1325,0.0,True,True,False,False,74.92590904775844,0.0,176.50426921145154,91.40853842290305,23943.53220090407,0.0,24286.37091758618
2025-05-01T15:00:00Z,2025-05-01T15:15:00Z,2025-05-01,2025-05-01_18,0.0,100,100,0,177.21123304347833,184.43354000000008,0.026722591787439614,1.103,9.1535,True,True,False,False,0.0,0.0,176.50426921145154,217.63937719738823,141.20837569060774,2089.767496936213,2625.1195190356602
2025-05-01T15:15:00Z,2025-05-01T15:30:00Z,2025-05-01,2025-05-01_18,0.0,100,100,0,184.43354000000008,189.94510869565227,0.01561486473429952,0.0505,6.0505,True,True,False,False,0.0,0.0,176.50426921145154,217.63937719738823,6.465116022099449,-39.06477518834757,361.54398724259164
2025-05-01T15:30:00Z,2025-05-01T15:45:00Z,2025-05-01,2025-05-01_18,0.0,100,100,0,189.94510869565227,175.79239130434792,0.03931310386473431,13.020500000000002,0.0,True,True,False,False,0.0,0.0,176.50426921145154,217.63937719738823,5843.91692044199,0.0,6238.060566850831
2025-05-01T15:45:00Z,2025-05-01T16:00:00Z,2025-05-01,2025-05-01_18,0.0,100,100,0,175.79239130434792,153.3929347826088,0.06222071256038648,20.6075,0.0,True,True,False,False,0.0,0.0,176.50426921145154,217.63937719738823,19723.21364791562,0.0,20117.35729432446
2025-05-01T16:00:00Z,2025-05-01T16:15:00Z,2025-05-01,2025-05-01_19,-56.982659567046724,100,43,0,153.3929347826088,165.6812195039478,0.03788904968462731,1.4455,0.6695099999999999,True,True,False,False,-1388.3825003510933,0.0,199.55801104972375,91.4338523355098,267.34939959819184,-24.433113408337515,-854.4743507760054
2025-05-01T16:15:00Z,2025-05-01T16:30:00Z,2025-05-01,2025-05-01_19,-56.982659567046724,100,43,0,165.6812195039478,175.1012423617672,0.036265154733864595,3.8875,0.18446999999999997,True,True,False,False,-1388.3825003510933,0.0,199.55801104972375,91.4338523355098,1357.7321220492215,-8.852262232044197,251.48922285131755
2025-05-01T16:30:00Z,2025-05-01T16:45:00Z,2025-05-01,2025-05-01_19,-56.982659567046724,100,43,0,175.1012423617672,175.78301701352206,0.03443607284145815,12.5275,0.0008600000000000001,True,True,False,False,-1388.3825003510933,0.0,199.55801104972375,91.4338523355098,12109.601224510294,-0.06911099949773983,11012.141476544937
2025-05-01T16:45:00Z,2025-05-01T17:00:00Z,2025-05-01,2025-05-01_19,-56.982659567046724,100,43,0,175.78301701352206,167.84706608695654,0.033066463969402535,21.2155,0.0,True,True,False,False,-1388.3825003510933,0.0,199.55801104972375,91.4338523355098,21252.552002310396,0.0,20155.16136534454
2025-05-01T17:00:00Z,2025-05-01T17:15:00Z,2025-05-01,2025-05-01_20,0.0,100,100,0,167.84706608695654,162.28105478260872,0.01546880917874396,5.122,0.0015,True,True,False,False,0.0,0.0,199.55801104972375,212.6368658965344,1071.9813476644902,-0.12054244098442993,1484.055682169764
2025-05-01T17:15:00Z,2025-05-01T17:30:00Z,2025-05-01,2025-05-01_20,0.0,100,100,0,162.28105478260872,149.26257652173916,0.03616243961352657,11.977,0.0,True,True,False,False,0.0,0.0,199.55801104972375,212.6368658965344,8504.358181215472,0.0,8916.55305816173
2025-05-01T17:30:00Z,2025-05-01T17:45:00Z,2025-05-01,2025-05-01_20,0.0,100,100,0,149.26257652173916,126.50496782608698,0.06321557971014492,20.937,0.0,True,True,False,False,0.0,0.0,199.55801104972375,212.6368658965344,16708.028855650427,0.0,17120.223732596685
2025-05-01T17:45:00Z,2025-05-01T18:00:00Z,2025-05-01,2025-05-01_20,0.0,100,100,0,126.50496782608698,99.67453304347829,0.07452898550724638,24.684,0.0,True,True,False,False,0.0,0.0,199.55801104972375,212.6368658965344,29749.737016574585,0.0,30161.931893520843
2025-05-01T18:00:00Z,2025-05-01T18:15:00Z,2025-05-01,2025-05-01_21,0.0,100,100,0,99.67453304347829,81.78431565217394,0.049695048309178744,16.459,0.0,True,True,False,False,0.0,0.0,199.55801104972375,212.6368658965344,5863.583643596182,0.0,6275.77852054244
2025-05-01T18:15:00Z,2025-05-01T18:30:00Z,2025-05-01,2025-05-01_21,0.0,100,100,0,81.78431565217394,67.7582286956522,0.03896135265700482,12.903999999999998,0.0,True,True,False,False,0.0,0.0,199.55801104972375,212.6368658965344,3294.6096152687082,0.0,3706.8044922149666
2025-05-01T18:30:00Z,2025-05-01T18:45:00Z,2025-05-01,2025-05-01_21,0.0,100,100,0,67.7582286956522,63.419391304347855,0.012059992753623187,3.993,0.0015,True,True,False,False,0.0,0.0,199.55801104972375,212.6368658965344,967.8197701657458,-0.12054244098442993,1379.8941046710195
2025-05-01T18:45:00Z,2025-05-01T19:00:00Z,2025-05-01,2025-05-01_21,0.0,100,100,0,63.419391304347855,62.411658260869594,0.0028197028985507246,0.9305000000000001,0.004,True,True,False,False,0.0,0.0,199.55801104972375,212.6368658965344,168.2471120040181,-0.3214465092918131,580.1205424409844
2025-05-01T19:00:00Z,2025-05-01T19:15:00Z,2025-05-01,2025-05-01_22,0.0,100,100,0,62.411658260869594,40.058397391304375,0.06209239130434783,20.565,0.0,True,True,False,False,0.0,0.0,199.55801104972375,217.63937719738823,23549.087888498245,0.0,23966.285276745355
2025-05-01T19:15:00Z,2025-05-01T19:30:00Z,2025-05-01,2025-05-01_22,0.0,100,100,0,40.058397391304375,28.0058486956522,0.03350741304347826,11.093,0.0055,True,True,False,False,0.0,0.0,199.55801104972375,217.63937719738823,8432.966573179307,-0.441988950276243,8849.721972476142
2025-05-01T19:30:00Z,2025-05-01T19:45:00Z,2025-05-01,2025-05-01_22,0.0,100,100,0,28.0058486956522,30.6126686956522,0.007241166666666667,0.0,2.8335,True,True,False,False,0.0,0.0,199.55801104972375,217.63937719738823,0.0,-63.89848478151683,353.2989034655951
2025-05-01T19:45:00Z,2025-05-01T20:00:00Z,2025-05-01,2025-05-01_22,0.0,100,100,0,30.6126686956522,35.063456521739155,0.01386692270531401,0.249,5.132,True,True,False,False,0.0,0.0,199.55801104972375,217.63937719738823,45.02260170768458,2030.6171813159212,2492.8371712707176
2025-05-01T20:00:00Z,2025-05-01T20:15:00Z,2025-05-01,2025-05-01_23,0.0,100,100,0,35.063456521739155,12.286988695652198,0.06397841062801933,21.072,0.139,True,True,False,False,0.0,0.0,176.50426921145154,217.63937719738823,24168.155210447007,-5.305876443997992,24556.992980411847
2025-05-01T20:15:00Z,2025-05-01T20:30:00Z,2025-05-01,2025-05-01_23,0.0,100,100,0,12.286988695652198,10.000000000000025,0.0065367463768115945,2.1345,0.036,True,True,False,False,0.0,0.0,176.50426921145154,217.63937719738823,396.14990627825216,-2.839779809141135,787.4537728779508
2025-05-01T20:30:00Z,2025-05-01T20:45:00Z,2025-05-01,2025-05-01_23,0.0,100,100,0,10.000000000000025,14.708100000000025,0.013078055555555555,0.0,5.1175,True,True,False,False,0.0,0.0,176.50426921145154,217.63937719738823,0.0,3129.770468608739,3523.9141150175788
2025-05-01T20:45:00Z,2025-05-01T21:00:00Z,2025-05-01,2025-05-01_23,0.0,100,100,0,14.708100000000025,32.90202000000003,0.05053866666666667,0.0,19.776,True,True,False,False,0.0,0.0,176.50426921145154,217.63937719738823,0.0,14461.951408538422,14856.095054947262
2025-05-01T21:00:00Z,2025-05-01T21:15:00Z,2025-05-02,2025-05-01_24,66.00000000000001,34,100,0,32.90202000000003,25.29181464347829,0.03855546821256039,0.0,10.022,True,True,False,False,1427.2500000000002,0.0,60.11391260673028,217.97086891009542,0.0,6298.8214629834265,8004.156244500253
2025-05-01T21:15:00Z,2025-05-01T21:30:00Z,2025-05-02,2025-05-01_24,66.00000000000001,34,100,0,25.29181464347829,33.05669940869568,0.02178234898550724,0.0,24.9465,True,True,False,False,1427.2500000000002,0.0,60.11391260673028,217.97086891009542,0.0,22548.32817679558,24253.66295831241
2025-05-01T21:30:00Z,2025-05-01T21:45:00Z,2025-05-02,2025-05-01_24,66.00000000000001,34,100,0,33.05669940869568,21.47459147826089,0.042888528695652184,0.0,6.1665,True,True,False,False,1427.2500000000002,0.0,60.11391260673028,217.97086891009542,0.0,3200.834098041185,4906.168879558011
2025-05-01T21:45:00Z,2025-05-01T22:00:00Z,2025-05-02,2025-05-01_24,66.00000000000001,34,100,0,21.47459147826089,10.682640278260887,0.04202652444444445,0.0,6.9335,True,True,False,False,1427.2500000000002,0.0,60.11391260673028,217.97086891009542,0.0,428.96042682069316,2134.295208337519
2025-05-01T22:00:00Z,2025-05-01T22:15:00Z,2025-05-02,2025-05-02_1,10.99999999999997,89,100,0,10.682640278260887,11.941489182608722,0.01709601748792269,0.0,4.527,True,True,False,False,243.48499999999936,0.0,157.3570065293822,217.97086891009542,0.0,-100.13241968859869,518.6804557508783
2025-05-01T22:15:00Z,2025-05-01T22:30:00Z,2025-05-02,2025-05-02_1,10.99999999999997,89,100,0,11.941489182608722,10.557939973913076,0.01199935002415457,0.070755,1.7929999999999997,True,True,False,False,243.48499999999936,0.0,157.3570065293822,217.97086891009542,10.57593571069814,-40.949202209944744,588.4396089402304
2025-05-01T22:30:00Z,2025-05-01T22:45:00Z,2025-05-02,2025-05-02_1,10.99999999999997,89,100,0,10.557939973913076,10.637133182608737,0.014675355531400949,0.004005,3.2745,True,True,False,False,243.48499999999936,0.0,157.3570065293822,217.97086891009542,0.5986378704168759,-46.76795168257157,572.6435616273222
2025-05-01T22:45:00Z,2025-05-01T23:00:00Z,2025-05-02,2025-05-02_1,10.99999999999997,89,100,0,10.637133182608737,12.468384869565266,0.018280831980676312,0.0,5.137,True,True,False,False,243.48499999999936,0.0,157.3570065293822,217.97086891009542,0.0,-109.62579889502761,509.1870765444494
2025-05-01T23:00:00Z,2025-05-01T23:15:00Z,2025-05-02,2025-05-02_2,0.0,100,100,0,12.468384869565266,12.109996173913093,0.0012689685990338166,0.375,0.0535,True,True,False,False,0.0,0.0,176.8056253139126,217.97086891009542,56.052235057759916,-4.111497840281266,446.71723144148666
2025-05-01T23:15:00Z,2025-05-01T23:30:00Z,2025-05-02,2025-05-02_2,0.0,100,100,0,12.109996173913093,12.084890956521788,0.0004556256038647343,0.087,0.0755,True,True,False,False,0.0,0.0,176.8056253139126,217.97086891009542,13.0041185334003,-5.2727288799598195,402.5078838774485
2025-05-01T23:30:00Z,2025-05-01T23:45:00Z,2025-05-02,2025-05-02_2,0.0,100,100,0,12.084890956521788,12.042382260869614,0.0002714130434782609,0.0645,0.03,True,True,False,False,0.0,0.0,176.8056253139126,217.97086891009542,9.640984429934706,-2.350577599196384,402.0669010547463
2025-05-01T23:45:00Z,2025-05-02T00:00:00Z,2025-05-02,2025-05-02_2,0.0,100,100,0,12.042382260869614,12.215577913043527,0.0009883454106280193,0.084,0.2875,True,True,False,False,0.0,0.0,176.8056253139126,217.97086891009542,12.555700652938222,-15.554977398292312,391.77721747865394
2025-05-02T00:00:00Z,2025-05-02T00:15:00Z,2025-05-02,2025-05-02_3,0.0,100,100,0,12.215577913043527,12.123282260869614,0.00048637681159420293,0.123,0.045,True,True,False,False,0.0,0.0,176.8056253139126,217.97086891009542,18.385133098945253,-3.0637880462079354,410.09783927674533
2025-05-02T00:15:00Z,2025-05-02T00:30:00Z,2025-05-02,2025-05-02_3,0.0,100,100,0,12.123282260869614,12.424122260869614,0.0008356666666666668,0.0,0.327,True,True,False,False,0.0,0.0,176.8056253139126,217.97086891009542,0.0,-17.223489100954293,377.5530051230537
2025-05-02T00:30:00Z,2025-05-02T00:45:00Z,2025-05-02,2025-05-02_3,0.0,100,100,0,12.424122260869614,12.648209217391353,0.0011025362318840583,0.0795,0.3375,True,True,False,False,0.0,0.0,176.8056253139126,217.97086891009542,11.883073832245103,-17.383199397287797,389.27636865896534
2025-05-02T00:45:00Z,2025-05-02T01:00:00Z,2025-05-02,2025-05-02_3,0.0,100,100,0,12.648209217391353,12.668802260869613,0.00041046376811594207,0.0585,0.0915,True,True,False,False,0.0,0.0,176.8056253139126,217.97086891009542,8.744148669010547,-6.586639678553491,396.93400321446506
2025-05-02T01:00:00Z,2025-05-02T01:15:00Z,2025-05-02,2025-05-02_4,0.0,100,100,0,12.668802260869613,14.41463008695657,0.004894811594202899,0.0075,1.9065000000000003,True,True,False,False,0.0,0.0,176.8056253139126,217.97086891009542,1.1210447011551983,-75.94860180813663,319.94893711702656
2025-05-02T01:15:00Z,2025-05-02T01:30:00Z,2025-05-02,2025-05-02_4,0.0,100,100,0,14.41463008695657,14.59165356521744,0.0006276014492753623,0.0225,0.219,True,True,False,False,0.0,0.0,176.8056253139126,217.97086891009542,3.363134103465595,-13.181314113510798,384.9583142139628
2025-05-02T01:30:00Z,2025-05-02T01:45:00Z,2025-05-02,2025-05-02_4,0.0,100,100,0,14.59165356521744,15.814042260869615,0.0034226980676328508,0.0045,1.334,True,True,False,False,0.0,0.0,176.8056253139126,217.97086891009542,0.672626820693119,-52.387674133601216,343.06144691109995
2025-05-02T01:45:00Z,2025-05-02T02:00:00Z,2025-05-02,2025-05-02_4,0.0,100,100,0,15.814042260869615,19.005522260869615,0.008865222222222222,0.0,3.469,True,True,False,False,0.0,0.0,176.8056253139126,217.97086891009542,0.0,-60.26825595178302,334.508238272225
2025-05-02T02:00:00Z,2025-05-02T02:15:00Z,2025-05-02,2025-05-02_5,0.0,100,100,0,19.005522260869615,18.115465739130485,0.0031496014492753623,0.931,0.1325,True,True,False,False,0.0,0.0,176.8056253139126,217.97086891009542,143.31452074334507,-6.88598041185334,531.2050345554998
2025-05-02T02:15:00Z,2025-05-02T02:30:00Z,2025-05-02,2025-05-02_5,0.0,100,100,0,18.115465739130485,16.6764613913044,0.004010012077294687,1.326,0.0025,True,True,False,False,0.0,0.0,176.8056253139126,217.97086891009542,204.66806670015072,-0.19588146659969866,599.2486794575591
2025-05-02T02:30:00Z,2025-05-02T02:45:00Z,2025-05-02,2025-05-02_5,0.0,100,100,0,16.6764613913044,16.669381391304398,0.0005358888888888889,0.092,0.101,True,True,False,False,0.0,0.0,176.8056253139126,217.97086891009542,14.059965846308387,-6.3666422903063795,402.46981778001003
2025-05-02T02:45:00Z,2025-05-02T03:00:00Z,2025-05-02,2025-05-02_5,0.0,100,100,0,16.669381391304398,16.01396400000005,0.002152826086956522,0.658,0.065,True,True,False,False,0.0,0.0,176.8056253139126,217.97086891009542,102.91146438975389,-4.108483174284279,493.5794754394776
2025-05-02T03:00:00Z,2025-05-02T03:15:00Z,2025-05-02,2025-05-02_6,0.0,100,100,0,16.01396400000005,16.335764869565267,0.001084108695652174,0.0315,0.387,True,True,False,False,0.0,0.0,176.8056253139126,217.63937719738823,4.945110798593671,-20.87996202913109,378.5101512807634
2025-05-02T03:15:00Z,2025-05-02T03:30:00Z,2025-05-02,2025-05-02_6,0.0,100,100,0,16.335764869565267,18.118724869565266,0.004952666666666666,0.0,1.9379999999999997,True,True,False,False,0.0,0.0,176.8056253139126,217.63937719738823,0.0,-51.15735971873429,343.28764279256654
2025-05-02T03:30:00Z,2025-05-02T03:45:00Z,2025-05-02,2025-05-02_6,0.0,100,100,0,18.118724869565266,18.05093356521744,0.0005333091787439613,0.1195,0.0675,True,True,False,False,0.0,0.0,176.8056253139126,217.63937719738823,19.01052335509794,-5.107990457056755,408.347535409342
2025-05-02T03:45:00Z,2025-05-02T04:00:00Z,2025-05-02,2025-05-02_6,0.0,100,100,0,18.05093356521744,17.88996400000005,0.0009326932367149758,0.2285,0.095,True,True,False,False,0.0,0.0,176.8056253139126,217.63937719738823,37.13543897538925,-4.099438473129081,427.481003013561
2025-05-02T04:00:00Z,2025-05-02T04:15:00Z,2025-05-02,2025-05-02_7,16.000000000000178,84,100,0,17.88996400000005,21.811202991304352,0.026607789468599083,0.0,8.7345,True,True,False,False,351.36000000000394,0.0,170.23606228026117,212.6368658965344,0.0,1481.5449248618784,2215.7778530386777
2025-05-02T04:15:00Z,2025-05-02T04:30:00Z,2025-05-02,2025-05-02_7,16.000000000000178,84,100,0,21.811202991304352,19.164380591304305,0.015153271111111227,0.01764,1.817,True,True,False,False,351.36000000000394,0.0,170.23606228026117,212.6368658965344,3.144190457056755,-70.49996504269211,666.8771535911642
2025-05-02T04:30:00Z,2025-05-02T04:45:00Z,2025-05-02,2025-05-02_7,16.000000000000178,84,100,0,19.164380591304305,14.979751582608607,0.012641489468599165,0.056280000000000004,0.23699999999999996,True,True,False,False,351.36000000000394,0.0,170.23606228026117,212.6368658965344,10.03146479156203,-12.984409844299343,731.2799831240621
2025-05-02T04:45:00Z,2025-05-02T05:00:00Z,2025-05-02,2025-05-02_7,16.000000000000178,84,100,0,14.979751582608607,15.13385596521726,0.020317318937198153,0.06678,4.832,True,True,False,False,351.36000000000394,0.0,170.23606228026117,212.6368658965344,11.90300673028629,1178.0178161727774,1924.1537510798632
2025-05-02T05:00:00Z,2025-05-02T05:15:00Z,2025-05-02,2025-05-02_8,15.902497960650486,84,100,0,15.13385596521726,12.211656125079013,0.014545354509042874,0.015119999999999998,1.4955,True,True,False,False,317.05605309046905,0.0,170.23606228026117,212.6368658965344,2.572814947262682,-50.2734370668006,652.2283591477267
2025-05-02T05:15:00Z,2025-05-02T05:30:00Z,2025-05-02,2025-05-02_8,15.902497960650486,84,100,0,12.211656125079013,12.874858813320257,0.02079270642600084,0.0,5.266,True,True,False,False,317.05605309046905,0.0,170.23606228026117,212.6368658965344,0.0,-68.35167493721748,631.5773063300471
2025-05-02T05:30:00Z,2025-05-02T05:45:00Z,2025-05-02,2025-05-02_8,15.902497960650486,84,100,0,12.874858813320257,10.070374633339434,0.014678286458647454,0.0,1.6025,True,True,False,False,317.05605309046905,0.0,170.23606228026117,212.6368658965344,0.0,-59.69992616775489,640.2290550995098
2025-05-02T05:45:00Z,2025-05-02T06:00:00Z,2025-05-02,2025-05-02_8,15.902497960650486,84,100,0,10.070374633339434,12.236699130434681,0.02344309510026239,0.0,6.854,True,True,False,False,317.05605309046905,0.0,170.23606228026117,212.6368658965344,0.0,434.10227262682065,1134.0312538940852
2025-05-02T06:00:00Z,2025-05-02T06:15:00Z,2025-05-02,2025-05-02_9,0.0,100,100,0,12.236699130434681,9.999999999999899,0.006338275362318841,2.0785,0.0245,True,True,False,False,0.0,0.0,194.01305876443996,205.58513309894525,216.23081265695635,-1.919638372677047,613.9093661476645
2025-05-02T06:15:00Z,2025-05-02T06:30:00Z,2025-05-02,2025-05-02_9,0.0,100,100,0,9.999999999999899,10.69520956521729,0.009579084541062802,1.2665,2.252,True,True,False,False,0.0,0.0,194.01305876443996,205.58513309894525,131.75671120040184,-36.160039377197386,495.19486368658966
2025-05-02T06:30:00Z,2025-05-02T06:45:00Z,2025-05-02,2025-05-02_9,0.0,100,100,0,10.69520956521729,17.260162608695552,0.018242019323671498,0.001,7.136999999999999,True,True,False,False,0.0,0.0,194.01305876443996,205.58513309894525,0.1040321446509292,1911.9073072827719,2311.609531290808
2025-05-02T06:45:00Z,2025-05-02T07:00:00Z,2025-05-02,2025-05-02_9,0.0,100,100,0,17.260162608695552,38.52504260869556,0.059069111111111114,0.0,23.114,True,True,False,False,0.0,0.0,194.01305876443996,205.58513309894525,0.0,20298.74498402813,20698.343175891514
2025-05-02T07:00:00Z,2025-05-02T07:15:00Z,2025-05-02,2025-05-02_10,36.0,64,100,0,38.52504260869556,30.57276184347817,0.028226273236714967,0.00768,1.876,True,True,False,False,205.46999999999997,0.0,113.15560020090406,210.9492717227524,0.8696953892516324,-48.536294123556,481.9082731893521
2025-05-02T07:15:00Z,2025-05-02T07:30:00Z,2025-05-02,2025-05-02_10,36.0,64,100,0,30.57276184347817,20.251146539130346,0.028736575845410624,0.51392,0.02,True,True,False,False,205.46999999999997,0.0,113.15560020090406,210.9492717227524,58.1971164640884,-1.5670517327975892,586.2049366549472
2025-05-02T07:30:00Z,2025-05-02T07:45:00Z,2025-05-02,2025-05-02_10,36.0,64,100,0,20.251146539130346,10.771245217391215,0.028186143671497587,0.23232,0.5665,True,True,False,False,205.46999999999997,0.0,113.15560020090406,210.9492717227524,26.308285524861876,-16.068910497237567,539.8142469512808
2025-05-02T07:45:00Z,2025-05-02T08:00:00Z,2025-05-02,2025-05-02_10,36.0,64,100,0,10.771245217391215,14.231806469565129,0.034586583188405795,0.0,13.512000000000002,True,True,False,False,205.46999999999997,0.0,113.15560020090406,210.9492717227524,0.0,3175.310498844802,3704.8853707684584
2025-05-02T08:00:00Z,2025-05-02T08:15:00Z,2025-05-02,2025-05-02_11,0.0,100,100,0,14.231806469565129,13.182234295652085,0.012685367149758453,2.5835,1.9115,True,True,False,False,0.0,0.0,176.8056253139126,211.28076343545956,265.94660592667,-26.840877850326468,627.1921168257156
2025-05-02T08:15:00Z,2025-05-02T08:30:00Z,2025-05-02,2025-05-02_11,0.0,100,100,0,13.182234295652085,10.309871686956434,0.008047785024154588,2.654,0.0135,True,True,False,False,0.0,0.0,176.8056253139126,211.28076343545956,242.19516223003518,-1.0577599196383727,629.2237910597689
2025-05-02T08:30:00Z,2025-05-02T08:45:00Z,2025-05-02,2025-05-02_11,0.0,100,100,0,10.309871686956434,16.518951686956434,0.017247444444444444,0.0,6.749,True,True,False,False,0.0,0.0,176.8056253139126,211.28076343545956,0.0,-20.490384329482673,367.5960044198895
2025-05-02T08:45:00Z,2025-05-02T09:00:00Z,2025-05-02,2025-05-02_11,0.0,100,100,0,16.518951686956434,23.516011686956436,0.019436277777777778,0.0,7.6055,True,True,False,False,0.0,0.0,176.8056253139126,211.28076343545956,0.0,935.561302661979,1323.6476914113512
2025-05-02T09:00:00Z,2025-05-02T09:15:00Z,2025-05-02,2025-05-02_12,0.0,100,100,0,23.516011686956436,27.109991686956434,0.009983277777777777,0.0,3.9064999999999994,True,True,False,False,0.0,0.0,176.8056253139126,211.28076343545956,0.0,888.5982717227522,1276.6846604721243
2025-05-02T09:15:00Z,2025-05-02T09:30:00Z,2025-05-02,2025-05-02_12,0.0,100,100,0,27.109991686956434,27.225017773912956,0.000817705314009662,0.0825,0.2225,True,True,False,False,0.0,0.0,176.8056253139126,211.28076343545956,7.458563535911603,-12.149684580612757,383.395267704671
2025-05-02T09:30:00Z,2025-05-02T09:45:00Z,2025-05-02,2025-05-02_12,0.0,100,100,0,27.225017773912956,27.68247951304339,0.0015122729468599035,0.04,0.5445,True,True,False,False,0.0,0.0,176.8056253139126,211.28076343545956,3.616273229532898,-28.057256353591157,363.6454056253139
2025-05-02T09:45:00Z,2025-05-02T10:00:00Z,2025-05-02,2025-05-02_12,0.0,100,100,0,27.68247951304339,28.643290817391215,0.0034056352657004826,0.122,1.1885,True,True,False,False,0.0,0.0,176.8056253139126,211.28076343545956,11.02963335007534,-8.702136112506277,390.41388598694124
2025-05-02T10:00:00Z,2025-05-02T10:15:00Z,2025-05-02,2025-05-02_13,0.0,100,100,0,28.643290817391215,30.15639951304339,0.004230253623188406,0.0045,1.6500000000000001,True,True,False,False,0.0,0.0,176.8056253139126,210.9492717227524,0.40683073832245104,-49.302762430939225,338.8589653440482
2025-05-02T10:15:00Z,2025-05-02T10:30:00Z,2025-05-02,2025-05-02_13,0.0,100,100,0,30.15639951304339,30.111455165217304,0.0024657342995169076,0.42899999999999994,0.45799999999999996,True,True,False,False,0.0,0.0,176.8056253139126,210.9492717227524,38.78453038674033,-20.877990959316925,405.6614364640884
2025-05-02T10:30:00Z,2025-05-02T10:45:00Z,2025-05-02,2025-05-02_13,0.0,100,100,0,30.111455165217304,27.538002121739044,0.0071510362318840575,2.368,0.0005,True,True,False,False,0.0,0.0,176.8056253139126,210.9492717227524,214.08337518834756,-0.03917629331993973,601.7990959316926
2025-05-02T10:45:00Z,2025-05-02T11:00:00Z,2025-05-02,2025-05-02_13,0.0,100,100,0,27.538002121739044,28.10510299130426,0.002459942028985507,0.1465,0.7894999999999999,True,True,False,False,0.0,0.0,176.8056253139126,210.9492717227524,13.244600703164238,-29.406357006529372,371.5931407332999
2025-05-02T11:00:00Z,2025-05-02T11:15:00Z,2025-05-02,2025-05-02_14,-98.79665536515648,100,1,0,28.10510299130426,50.86181712529025,0.06321309481662775,0.0,0.036395,True,True,False,False,74.09749152386736,0.0,176.50426921145154,2.1128076343545956,0.0,-0.3829024540431943,252.3316659156303
2025-05-02T11:15:00Z,2025-05-02T11:30:00Z,2025-05-02,2025-05-02_14,-98.79665536515648,100,1,0,50.86181712529025,73.59235599130864,0.06314093073198111,0.0075,0.01546,True,True,False,False,74.09749152386736,0.0,176.50426921145154,2.1128076343545956,0.6780512305374183,-0.4351194093420392,252.95750019086887
2025-05-02T11:30:00Z,2025-05-02T11:45:00Z,2025-05-02,2025-05-02_14,-98.79665536515648,100,1,0,73.59235599130864,96.37567652529464,0.06328700148329441,0.0,0.065315,True,True,False,False,74.09749152386736,0.0,176.50426921145154,2.1128076343545956,0.0,-0.8063761687594173,251.90819220091407
2025-05-02T11:45:00Z,2025-05-02T12:00:00Z,2025-05-02,2025-05-02_14,-98.79665536515648,100,1,0,96.37567652529464,118.34626086956513,0.06109025851256788,0.8375,0.021235,True,True,False,False,74.09749152386736,0.0,176.50426921145154,2.1128076343545956,75.71572074334506,-0.3161935228528378,328.11409559016573
2025-05-02T12:00:00Z,2025-05-02T12:15:00Z,2025-05-02,2025-05-02_15,0.0,100,100,0,118.34626086956513,127.06464086956512,0.02421772222222222,0.0,9.4765,True,True,False,False,0.0,0.0,176.50426921145154,211.28076343545956,0.0,668.8552729281769,1056.640305575088
2025-05-02T12:15:00Z,2025-05-02T12:30:00Z,2025-05-02,2025-05-02_15,0.0,100,100,0,127.06464086956512,135.89020086956512,0.024515444444444447,0.0,9.593,True,True,False,False,0.0,0.0,176.50426921145154,211.28076343545956,0.0,3629.962290909091,4017.747323556002
2025-05-02T12:30:00Z,2025-05-02T12:45:00Z,2025-05-02,2025-05-02_15,0.0,100,100,0,135.89020086956512,140.91064086956513,0.013945666666666665,0.0,5.457,True,True,False,False,0.0,0.0,176.50426921145154,211.28076343545956,0.0,-45.36847292817679,342.41655971873433
2025-05-02T12:45:00Z,2025-05-02T13:00:00Z,2025-05-02,2025-05-02_15,0.0,100,100,0,140.91064086956513,144.34454086956512,0.00953861111111111,0.0,3.7325,True,True,False,False,0.0,0.0,176.50426921145154,211.28076343545956,0.0,-67.75790406830738,320.0271285786037
2025-05-02T13:00:00Z,2025-05-02T13:15:00Z,2025-05-02,2025-05-02_16,0.0,100,100,0,144.34454086956512,159.0332608695651,0.040802,0.0,15.966,True,True,False,False,0.0,0.0,176.50426921145154,211.61225514816672,0.0,19469.56428488197,19857.68080924159
2025-05-02T13:15:00Z,2025-05-02T13:30:00Z,2025-05-02,2025-05-02_16,0.0,100,100,0,159.0332608695651,168.2640808695651,0.02564116666666667,0.0,10.0335,True,True,False,False,0.0,0.0,176.50426921145154,211.61225514816672,0.0,390.38630055248615,778.5028249121044
2025-05-02T13:30:00Z,2025-05-02T13:45:00Z,2025-05-02,2025-05-02_16,0.0,100,100,0,168.2640808695651,171.87027304347814,0.01004135507246377,0.004,3.9245,True,True,False,False,0.0,0.0,176.50426921145154,211.61225514816672,0.3616273229532898,-59.76751341034656,328.710638272225
2025-05-02T13:45:00Z,2025-05-02T14:00:00Z,2025-05-02,2025-05-02_16,0.0,100,100,0,171.87027304347814,171.4845399999999,0.0012835917874396137,0.39,0.0415,True,True,False,False,0.0,0.0,176.50426921145154,211.61225514816672,35.25866398794576,-3.1511819186338528,420.2240064289302
2025-05-02T14:00:00Z,2025-05-02T14:15:00Z,2025-05-02,2025-05-02_17,0.0,100,100,0,171.4845399999999,183.7660799999999,0.03411538888888889,0.0,13.3495,True,True,False,False,0.0,0.0,176.50426921145154,217.63937719738823,0.0,12516.201547363135,12910.345193771975
2025-05-02T14:15:00Z,2025-05-02T14:30:00Z,2025-05-02,2025-05-02_17,0.0,100,100,0,183.7660799999999,189.4962999999999,0.01591727777777778,0.0,6.2285,True,True,False,False,0.0,0.0,176.50426921145154,217.63937719738823,0.0,-43.62640361627322,350.51724279256655
2025-05-02T14:30:00Z,2025-05-02T14:45:00Z,2025-05-02,2025-05-02_17,0.0,100,100,0,189.4962999999999,187.52771739130426,0.008266618357487925,2.2745,0.5475,True,True,False,False,0.0,0.0,176.50426921145154,217.63937719738823,230.7030719236565,-25.483636363636364,599.3630819688599
2025-05-02T14:45:00Z,2025-05-02T15:00:00Z,2025-05-02,2025-05-02_17,0.0,100,100,0,187.52771739130426,178.69891304347817,0.02452445652173913,8.1225,0.0,True,True,False,False,0.0,0.0,176.50426921145154,217.63937719738823,2275.6674846810647,0.0,2669.8111310899044
2025-05-02T15:00:00Z,2025-05-02T15:15:00Z,2025-05-02,2025-05-02_18,-18.450208031774306,100,81,0,178.69891304347817,182.06175283680014,0.013458107281295126,0.836,0.00243,True,True,False,False,-322.09450671469995,0.0,176.50426921145154,176.28789552988448,127.04697458563537,-0.19039678553490708,157.55423582673654
2025-05-02T15:15:00Z,2025-05-02T15:30:00Z,2025-05-02,2025-05-02_18,-18.450208031774306,100,81,0,182.06175283680014,185.9719181674153,0.012535901840428418,0.34,0.027945000000000005,True,True,False,False,-322.09450671469995,0.0,176.50426921145154,176.28789552988448,50.291789050728276,-2.211531649422401,78.77791542794195
2025-05-02T15:30:00Z,2025-05-02T15:45:00Z,2025-05-02,2025-05-02_18,-18.450208031774306,100,81,0,185.9719181674153,189.99999999999991,0.012311903192490772,0.22799999999999998,0.027540000000000002,True,True,False,False,-322.09450671469995,0.0,176.50426921145154,176.28789552988448,34.69255328980412,-2.1578302360622805,63.23238108037791
2025-05-02T15:45:00Z,2025-05-02T16:00:00Z,2025-05-02,2025-05-02_18,-18.450208031774306,100,81,0,189.99999999999991,182.7848191703673,0.03338624092972013,10.8495,0.0,True,True,False,False,-322.09450671469995,0.0,176.50426921145154,176.28789552988448,3334.093309392266,0.0,3364.790967418902
2025-05-02T16:00:00Z,2025-05-02T16:15:00Z,2025-05-02,2025-05-02_19,0.0,100,100,0,182.7848191703673,186.47899221384557,0.011795408212560386,0.254,4.3155,True,True,False,False,0.0,0.0,199.55801104972375,212.6368658965344,46.961857157207426,-95.63373420391764,363.5229998995479
2025-05-02T16:15:00Z,2025-05-02T16:30:00Z,2025-05-02,2025-05-02_19,0.0,100,100,0,186.47899221384557,185.09585047471515,0.00883306038647343,2.099,0.9765000000000001,True,True,False,False,0.0,0.0,199.55801104972375,212.6368658965344,400.29353229532904,-40.834669814163746,771.6537394274235
2025-05-02T16:30:00Z,2025-05-02T16:45:00Z,2025-05-02,2025-05-02_19,0.0,100,100,0,185.09585047471515,180.11136090949776,0.013853471014492753,4.587,0.0015,True,True,False,False,0.0,0.0,199.55801104972375,212.6368658965344,873.8375535911603,-0.12054244098442993,1285.911888096434
2025-05-02T16:45:00Z,2025-05-02T17:00:00Z,2025-05-02,2025-05-02_19,0.0,100,100,0,180.11136090949776,165.90810003993255,0.03945350241545893,13.067,0.0,True,True,False,False,0.0,0.0,199.55801104972375,212.6368658965344,8018.496622601709,0.0,8430.691499547967
2025-05-02T17:00:00Z,2025-05-02T17:15:00Z,2025-05-02,2025-05-02_20,0.0,100,100,0,165.90810003993255,162.6461435181934,0.00906099033816425,3.001,0.0,True,True,False,False,0.0,0.0,199.55801104972375,212.6368658965344,578.1273510798593,0.0,990.3222280261175
2025-05-02T17:15:00Z,2025-05-02T17:30:00Z,2025-05-02,2025-05-02_20,0.0,100,100,0,162.6461435181934,162.4317783008021,0.0009021256038647343,0.248,0.06,True,True,False,False,0.0,0.0,199.55801104972375,212.6368658965344,44.84178804620794,-4.744345554997489,452.2923194374686
2025-05-02T17:30:00Z,2025-05-02T17:45:00Z,2025-05-02,2025-05-02_20,0.0,100,100,0,162.4317783008021,153.19536525732386,0.025656702898550727,8.4975,0.0,True,True,False,False,0.0,0.0,199.55801104972375,212.6368658965344,1884.7224530386743,0.0,2296.9173299849326
2025-05-02T17:45:00Z,2025-05-02T18:00:00Z,2025-05-02,2025-05-02_20,0.0,100,100,0,153.19536525732386,126.69156090949777,0.07362167874396135,24.3835,0.0,True,True,False,False,0.0,0.0,199.55801104972375,212.6368658965344,32118.078466097446,0.0,32530.273343043704
2025-05-02T18:00:00Z,2025-05-02T18:15:00Z,2025-05-02,2025-05-02_21,73.00000000000003,27,100,0,126.69156090949777,103.5928869964543,0.06416298309178746,3.0007800000000002,0.0,True,True,False,False,2715.235000000001,0.0,53.88066298342541,212.2752385735811,732.9505376956304,0.0,3714.341439252638
2025-05-02T18:15:00Z,2025-05-02T18:30:00Z,2025-05-02,2025-05-02_21,73.00000000000003,27,100,0,103.5928869964543,81.15747395297602,0.06232059178743962,2.39058,0.0,True,True,False,False,2715.235000000001,0.0,53.88066298342541,212.2752385735811,566.3957608839779,0.0,3547.7866624409853
2025-05-02T18:30:00Z,2025-05-02T18:45:00Z,2025-05-02,2025-05-02_21,73.00000000000003,27,100,0,81.15747395297602,60.17903373558471,0.05827344504830919,1.050165,0.0,True,True,False,False,2715.235000000001,0.0,53.88066298342541,212.2752385735811,226.95632194475138,0.0,3208.347223501759
2025-05-02T18:45:00Z,2025-05-02T19:00:00Z,2025-05-02,2025-05-02_21,73.00000000000003,27,100,0,60.17903373558471,40.20340397036732,0.05560447045893721,0.20857499999999998,0.0845,True,True,False,False,2715.235000000001,0.0,53.88066298342541,212.2752385735811,41.26868511803114,-6.724264691109997,3015.9353219839286
2025-05-02T19:00:00Z,2025-05-02T19:15:00Z,2025-05-02,2025-05-02_22,0.0,100,100,0,40.20340397036732,19.722425709497752,0.05689160628019324,18.8425,0.0,True,True,False,False,0.0,0.0,199.55801104972375,217.63937719738823,22572.962945253643,0.0,22990.160333500753
2025-05-02T19:15:00Z,2025-05-02T19:30:00Z,2025-05-02,2025-05-02_22,0.0,100,100,0,19.722425709497752,10.416660492106448,0.025926014492753623,8.574,0.015,True,True,False,False,0.0,0.0,199.55801104972375,217.63937719738823,4864.2114985434455,-1.1953802109492715,5280.213506579608
2025-05-02T19:30:00Z,2025-05-02T19:45:00Z,2025-05-02,2025-05-02_22,0.0,100,100,0,10.416660492106448,11.147399622541231,0.0021868357487922706,0.026,0.8250000000000001,True,True,False,False,0.0,0.0,199.55801104972375,217.63937719738823,4.701155198392767,-41.0882320441989,380.81031140130585
2025-05-02T19:45:00Z,2025-05-02T20:00:00Z,2025-05-02,2025-05-02_22,0.0,100,100,0,11.147399622541231,21.72187962254123,0.029373555555555556,0.0,11.494,True,True,False,False,0.0,0.0,199.55801104972375,217.63937719738823,0.0,9193.334173380212,9610.531561627324
2025-05-02T20:00:00Z,2025-05-02T20:15:00Z,2025-05-02,2025-05-02_23,12.870119139104649,87,100,0,21.72187962254123,17.842873984451234,0.021520840678914063,2.44122,2.413,True,True,False,False,349.7133123073211,0.0,153.55871421396284,217.63937719738823,466.3993111401306,745.9924632847814,1933.303178143584
2025-05-02T20:15:00Z,2025-05-02T20:30:00Z,2025-05-02,2025-05-02_23,12.870119139104649,87,100,0,17.842873984451234,15.121644695938535,0.011413305742218417,0.03567,0.8655000000000002,True,True,False,False,349.7133123073211,0.0,153.55871421396284,217.63937719738823,5.331688598694123,-43.100943646408844,683.1421486709575
2025-05-02T20:30:00Z,2025-05-02T20:45:00Z,2025-05-02,2025-05-02_23,12.870119139104649,87,100,0,15.121644695938535,12.280913129242503,0.011108433896835485,0.021750000000000002,0.7225,True,True,False,False,349.7133123073211,0.0,153.55871421396284,217.63937719738823,3.2510296333500754,-46.62886539427423,677.533567957748
2025-05-02T20:45:00Z,2025-05-02T21:00:00Z,2025-05-02,2025-05-02_23,12.870119139104649,87,100,0,12.280913129242503,9.999999999999917,0.012089539891590222,0.0,1.292,True,True,False,False,349.7133123073211,0.0,153.55871421396284,217.63937719738823,0.0,-50.477940331491716,670.4334633871804
2025-05-02T21:00:00Z,2025-05-02T21:15:00Z,2025-05-03,2025-05-02_24,0.020562338292653415,7,100,0,9.999999999999917,10.000000000000007,0.0003858095411098689,0.058765,0.0755,True,True,False,False,0.5061419570736638,0.0,12.355795310710628,217.97962750889036,10.057701829305046,-5.295041789725353,235.60422481625434
2025-05-02T21:15:00Z,2025-05-02T21:30:00Z,2025-05-03,2025-05-02_24,0.020562338292653415,7,100,0,10.000000000000007,11.970788649316258,0.005550541852717242,0.00791,2.1575,True,True,False,False,0.5061419570736638,0.0,12.355795310710628,217.97962750889036,1.1823759869808934,-41.23363821750749,190.79030254614804
2025-05-02T21:30:00Z,2025-05-02T21:45:00Z,2025-05-03,2025-05-02_24,0.020562338292653415,7,100,0,11.970788649316258,16.79333393377993,0.013436966709195088,0.00273,5.251,True,True,False,False,0.5061419570736638,0.0,12.355795310710628,217.97962750889036,0.40807666807305165,818.103331324212,1049.3529727689597
2025-05-02T21:45:00Z,2025-05-02T22:00:00Z,2025-05-03,2025-05-02_24,0.020562338292653415,7,100,0,16.79333393377993,25.23412150993054,0.023466275024972744,0.0,9.1805,True,True,False,False,0.5061419570736638,0.0,12.355795310710628,217.97962750889036,0.0,9.939869909388626,240.78143468606328
2025-05-02T22:00:00Z,2025-05-02T22:15:00Z,2025-05-03,2025-05-03_1,0.0,100,100,0,25.23412150993054,26.72356759688706,0.004288316425120773,0.025,1.6484999999999999,True,True,False,False,0.0,0.0,176.5113615815804,217.64812247604124,3.7369658248447957,-80.62590169368934,317.27054818877707
2025-05-02T22:15:00Z,2025-05-02T22:30:00Z,2025-05-03,2025-05-03_1,0.0,100,100,0,26.72356759688706,29.90722759688706,0.008843500000000002,0.0,3.4605000000000006,True,True,False,False,0.0,0.0,176.5113615815804,217.64812247604124,0.0,-124.47593635103371,269.6835477065879
2025-05-02T22:30:00Z,2025-05-02T22:45:00Z,2025-05-03,2025-05-03_1,0.0,100,100,0,29.90722759688706,30.74484846645228,0.0023780531400966185,0.0085,0.9205,True,True,False,False,0.0,0.0,176.5113615815804,217.64812247604124,1.3019107749181285,-28.33164105036867,367.12975378217106
2025-05-02T22:45:00Z,2025-05-02T23:00:00Z,2025-05-03,2025-05-03_1,0.0,100,100,0,30.74484846645228,37.67152846645228,0.019240777777777777,0.0,7.529,True,True,False,False,0.0,0.0,176.5113615815804,217.64812247604124,0.0,-56.29694673819139,337.86253731943026
2025-05-02T23:00:00Z,2025-05-02T23:15:00Z,2025-05-03,2025-05-03_2,70.00000000000001,30,100,0,37.67152846645228,27.471994031669666,0.041378406763285025,0.0,8.5085,True,True,False,False,1665.3000000000002,0.0,52.95340847447412,217.97962750889036,0.0,1404.8692001687664,3341.102236152131
2025-05-02T23:15:00Z,2025-05-02T23:30:00Z,2025-05-03,2025-05-03_2,70.00000000000001,30,100,0,27.471994031669666,20.44890950993053,0.03725230144927537,0.0,11.572,True,True,False,False,1665.3000000000002,0.0,52.95340847447412,217.97962750889036,0.0,1717.0190111104414,3653.252047093806
2025-05-02T23:30:00Z,2025-05-02T23:45:00Z,2025-05-03,2025-05-03_2,70.00000000000001,30,100,0,20.44890950993053,10.830540466452264,0.040623491787439625,0.0,9.069,True,True,False,False,1665.3000000000002,0.0,52.95340847447412,217.97962750889036,0.0,-48.490807666807314,1887.7422283165574
2025-05-02T23:45:00Z,2025-05-03T00:00:00Z,2025-05-03,2025-05-03_2,70.00000000000001,30,100,0,10.830540466452264,10.372914031669652,0.028723984541062796,0.0,17.904,True,True,False,False,1665.3000000000002,0.0,52.95340847447412,217.97962750889036,0.0,9180.1732119824,11116.406247965764
2025-05-03T00:00:00Z,2025-05-03T00:15:00Z,2025-05-03,2025-05-03_3,0.0,100,100,0,10.372914031669652,13.351874031669652,0.008274888888888889,0.0,3.238,True,True,False,False,0.0,0.0,176.5113615815804,217.97962750889036,0.0,-66.13331846583489,328.35767062463583
2025-05-03T00:15:00Z,2025-05-03T00:30:00Z,2025-05-03,2025-05-03_3,0.0,100,100,0,13.351874031669652,18.399454031669652,0.014021055555555557,0.0,5.4865,True,True,False,False,0.0,0.0,176.5113615815804,217.97962750889036,0.0,-26.351690474755394,368.13929861571535
2025-05-03T00:30:00Z,2025-05-03T00:45:00Z,2025-05-03,2025-05-03_3,0.0,100,100,0,18.399454031669652,25.28979403166965,0.01913983333333333,0.0,7.489499999999999,True,True,False,False,0.0,0.0,176.5113615815804,217.97962750889036,0.0,-71.85544240853474,322.63554668193603
2025-05-03T00:45:00Z,2025-05-03T01:00:00Z,2025-05-03,2025-05-03_3,0.0,100,100,0,25.28979403166965,30.030094031669652,0.0131675,0.0,5.1525,True,True,False,False,0.0,0.0,176.5113615815804,217.97962750889036,0.0,-57.45565969501538,337.0353293954554
2025-05-03T01:00:00Z,2025-05-03T01:15:00Z,2025-05-03,2025-05-03_4,0.0,100,100,0,30.030094031669652,30.258049683843566,0.0007237898550724639,0.015,0.2655,True,True,False,False,0.0,0.0,176.5113615815804,217.64812247604124,2.2421794949068774,-21.002360617202097,375.39930293532643
2025-05-03T01:15:00Z,2025-05-03T01:30:00Z,2025-05-03,2025-05-03_4,0.0,100,100,0,30.258049683843566,30.44494272732183,0.0006640748792270532,0.024,0.2315,True,True,False,False,0.0,0.0,176.5113615815804,217.64812247604124,3.587487191851004,-18.2599095895365,379.4870616599361
2025-05-03T01:30:00Z,2025-05-03T01:45:00Z,2025-05-03,2025-05-03_4,0.0,100,100,0,30.44494272732183,32.13954185775661,0.00472533574879227,0.003,1.8455,True,True,False,False,0.0,0.0,176.5113615815804,217.64812247604124,0.4484358989813755,-68.6349655435678,325.9729544130352
2025-05-03T01:45:00Z,2025-05-03T02:00:00Z,2025-05-03,2025-05-03_4,0.0,100,100,0,32.13954185775661,39.65456185775661,0.020875055555555556,0.0,8.1685,True,True,False,False,0.0,0.0,176.5113615815804,217.64812247604124,0.0,-36.074136278705325,358.0853477789163
2025-05-03T02:00:00Z,2025-05-03T02:15:00Z,2025-05-03,2025-05-03_5,0.0,100,100,0,39.65456185775661,39.86654359688705,0.0006914951690821257,0.017,0.2505,True,True,False,False,0.0,0.0,176.5113615815804,217.97962750889036,2.541136760894461,-18.864628412995,378.1674974383702
2025-05-03T02:15:00Z,2025-05-03T02:30:00Z,2025-05-03,2025-05-03_5,0.0,100,100,0,39.86654359688705,44.02160446645227,0.011662608695652174,0.02,4.54,True,True,False,False,0.0,0.0,176.5113615815804,217.97962750889036,2.9895726598758365,-14.72560625238583,382.75495549796074
2025-05-03T02:30:00Z,2025-05-03T02:45:00Z,2025-05-03,2025-05-03_5,0.0,100,100,0,44.02160446645227,47.40352446645227,0.009394222222222224,0.0,3.676,True,True,False,False,0.0,0.0,176.5113615815804,217.97962750889036,0.0,-106.48088320977239,288.01010588069835
2025-05-03T02:45:00Z,2025-05-03T03:00:00Z,2025-05-03,2025-05-03_5,0.0,100,100,0,47.40352446645227,66.97514446645226,0.05436561111111111,0.0,21.2735,True,True,False,False,0.0,0.0,176.5113615815804,217.97962750889036,0.0,20244.43669770759,20638.927686798062
2025-05-03T03:00:00Z,2025-05-03T03:15:00Z,2025-05-03,2025-05-03_6,97.6193451669044,2,100,0,66.97514446645226,43.77851139147761,0.06480931229848799,0.00032,3.0755,True,True,False,False,2193.750734263259,0.0,3.5302272316316077,217.64812247604124,0.047833162558013384,772.8462772989371,3187.823194432427
2025-05-03T03:15:00Z,2025-05-03T03:30:00Z,2025-05-03,2025-05-03_6,97.6193451669044,2,100,0,43.77851139147761,26.524006135229715,0.04897098756438233,0.0,8.562,True,True,False,False,2193.750734263259,0.0,3.5302272316316077,217.64812247604124,0.0,-3.9100367669218254,2411.01904720401
2025-05-03T03:30:00Z,2025-05-03T03:45:00Z,2025-05-03,2025-05-03_6,97.6193451669044,2,100,0,26.524006135229715,17.065345821480264,0.028191761185817534,0.0,15.7605,True,True,False,False,2193.750734263259,0.0,3.5302272316316077,217.64812247604124,0.0,7822.268661623773,10237.197745594705
2025-05-03T03:45:00Z,2025-05-03T04:00:00Z,2025-05-03,2025-05-03_6,97.6193451669044,2,100,0,17.065345821480264,15.791320939130685,0.0063762435979862475,0.0,23.318,True,True,False,False,2193.750734263259,0.0,3.5302272316316077,217.64812247604124,0.0,24202.985866634524,26617.914950605456
2025-05-03T04:00:00Z,2025-05-03T04:15:00Z,2025-05-03,2025-05-03_7,35.99999999999996,64,100,0,15.791320939130685,14.735071304348086,0.03205836454106279,0.0,8.9035,True,True,False,False,800.9999999999991,0.0,127.72225905611477,212.64541016213613,0.0,4456.316860647339,5597.684529865589
2025-05-03T04:15:00Z,2025-05-03T04:30:00Z,2025-05-03,2025-05-03_7,35.99999999999996,64,100,0,14.735071304348086,10.00000000000027,0.029999198067632835,0.0,5.15,True,True,False,False,800.9999999999991,0.0,127.72225905611477,212.64541016213613,0.0,-86.25755931930968,1055.1101098989402
2025-05-03T04:30:00Z,2025-05-03T04:45:00Z,2025-05-03,2025-05-03_7,35.99999999999996,64,100,0,10.00000000000027,16.787525460869848,0.03644880260869566,0.0,16.9065,True,True,False,False,800.9999999999991,0.0,127.72225905611477,212.64541016213613,0.0,13274.939778494367,14416.307447712617
2025-05-03T04:45:00Z,2025-05-03T05:00:00Z,2025-05-03,2025-05-03_7,35.99999999999996,64,100,0,16.787525460869848,29.921226573913337,0.040000981352657033,0.0,23.3815,True,True,False,False,800.9999999999991,0.0,127.72225905611477,212.64541016213613,0.0,26323.595746890885,27464.963416109134
2025-05-03T05:00:00Z,2025-05-03T05:15:00Z,2025-05-03,2025-05-03_8,0.0,100,100,0,29.921226573913337,34.95546657391334,0.013984000000000002,0.0,5.472,True,True,False,False,0.0,0.0,199.56602977517932,212.28376830811888,0.0,-50.62146947140017,361.228328611898
2025-05-03T05:15:00Z,2025-05-03T05:30:00Z,2025-05-03,2025-05-03_8,0.0,100,100,0,34.95546657391334,35.322846573913345,0.0011593888888888888,0.023,0.4265,True,True,False,False,0.0,0.0,199.56602977517932,212.28376830811888,4.008191187993491,-21.484552970486007,394.3734363008057
2025-05-03T05:30:00Z,2025-05-03T05:45:00Z,2025-05-03,2025-05-03_8,0.0,100,100,0,35.322846573913345,35.313836139130736,0.00040069565217391303,0.0705,0.0735,True,True,False,False,0.0,0.0,199.56602977517932,212.28376830811888,12.28597733711048,-5.759146525224519,418.3766288951842
2025-05-03T05:45:00Z,2025-05-03T06:00:00Z,2025-05-03,2025-05-03_8,0.0,100,100,0,35.313836139130736,37.31104396521769,0.00580142270531401,0.042,2.2205,True,True,False,False,0.0,0.0,199.56602977517932,212.28376830811888,7.319305647640288,-47.4556981696904,371.71340556124807
2025-05-03T06:00:00Z,2025-05-03T06:15:00Z,2025-05-03,2025-05-03_9,59.847742124689596,40,100,0,37.31104396521769,21.205963720258776,0.04520013720585446,0.0668,0.22599999999999998,True,True,False,False,1000.9534870354336,0.0,76.75245615092521,205.9248990416491,10.508454784722641,-13.690134008398129,1280.4491630043324
2025-05-03T06:15:00Z,2025-05-03T06:30:00Z,2025-05-03,2025-05-03_9,59.847742124689596,40,100,0,21.205963720258776,10.036050839769107,0.04128251166773196,0.0032,4.997,True,True,False,False,1000.9534870354336,0.0,76.75245615092521,205.9248990416491,0.5033990316034799,3108.668507222792,4392.802748482403
2025-05-03T06:30:00Z,2025-05-03T06:45:00Z,2025-05-03,2025-05-03_9,59.847742124689596,40,100,0,10.036050839769107,10.000000000000254,0.03275106505338534,0.0,15.909999999999998,True,True,False,False,1000.9534870354336,0.0,76.75245615092521,205.9248990416491,0.0,12812.682000281276,14096.312842509284
2025-05-03T06:45:00Z,2025-05-03T07:00:00Z,2025-05-03,2025-05-03_9,59.847742124689596,40,100,0,10.000000000000254,18.91476452282414,0.025898028929773633,0.0,24.686,True,True,False,False,1000.9534870354336,0.0,76.75245615092521,205.9248990416491,0.0,32846.21761075282,34129.84845298083
2025-05-03T07:00:00Z,2025-05-03T07:15:00Z,2025-05-03,2025-05-03_10,0.0,100,100,0,18.91476452282414,21.377899305432837,0.006881292270531401,0.0065,2.685,True,True,False,False,0.0,0.0,176.5113615815804,211.28925320957146,0.6755831474896029,-34.33809294195649,354.13810499668494
2025-05-03T07:15:00Z,2025-05-03T07:30:00Z,2025-05-03,2025-05-03_10,0.0,100,100,0,21.377899305432837,21.75444191412849,0.0012693816425120774,0.037,0.453,True,True,False,False,0.0,0.0,176.5113615815804,211.28925320957146,3.845627147248509,-17.598039298414804,374.04820263998556
2025-05-03T07:30:00Z,2025-05-03T07:45:00Z,2025-05-03,2025-05-03_10,0.0,100,100,0,21.75444191412849,25.662601914128487,0.010856000000000001,0.0,4.248,True,True,False,False,0.0,0.0,176.5113615815804,211.28925320957146,0.0,-21.673138448556447,366.1274763425954
2025-05-03T07:45:00Z,2025-05-03T08:00:00Z,2025-05-03,2025-05-03_10,0.0,100,100,0,25.662601914128487,44.66612191412848,0.05278755555555555,0.0,20.656,True,True,False,False,0.0,0.0,176.5113615815804,211.28925320957146,0.0,18595.58340144255,18983.3840162337
2025-05-03T08:00:00Z,2025-05-03T08:15:00Z,2025-05-03,2025-05-03_11,6.741257866400197e-14,100,100,0,44.66612191412848,46.61032800108499,0.006107094202898593,0.117,2.2515,True,True,False,False,1.6853144666000494e-16,0.0,176.5113615815804,210.95774817672233,10.579199566029777,439.69366313061306,837.7419724549455
2025-05-03T08:15:00Z,2025-05-03T08:30:00Z,2025-05-03,2025-05-03_11,6.741257866400197e-14,100,100,0,46.61032800108499,46.47177408804149,0.005807760869565266,1.0255,1.061,True,True,False,False,1.6853144666000494e-16,0.0,176.5113615815804,210.95774817672233,92.72623209370543,-4.9565772607638685,475.23876459124426
2025-05-03T08:30:00Z,2025-05-03T08:45:00Z,2025-05-03,2025-05-03_11,6.741257866400197e-14,100,100,0,46.47177408804149,48.814554088041476,0.0065077222222222645,0.0,2.5465,True,True,False,False,1.6853144666000494e-16,0.0,176.5113615815804,210.95774817672233,0.0,-58.8289439053302,328.64016585297253
2025-05-03T08:45:00Z,2025-05-03T09:00:00Z,2025-05-03,2025-05-03_11,6.741257866400197e-14,100,100,0,48.814554088041476,57.163094088041454,0.023190388888888906,0.0,9.0745,True,True,False,False,1.6853144666000494e-16,0.0,176.5113615815804,210.95774817672233,0.0,-40.8081758182147,346.660933940088
2025-05-03T09:00:00Z,2025-05-03T09:15:00Z,2025-05-03,2025-05-03_12,-62.000000000000014,100,38,0,57.163094088041454,71.51532834891101,0.03993271594202899,0.028499999999999998,0.13072,True,True,False,False,0.15500000000000003,0.0,176.5113615815804,80.28991621963716,2.5766982098728226,-6.578021176139675,252.9549548349507
2025-05-03T09:15:00Z,2025-05-03T09:30:00Z,2025-05-03,2025-05-03_12,-62.000000000000014,100,38,0,71.51532834891101,86.60110172282407,0.04194852507246378,0.019,0.9178900000000001,True,True,False,False,0.15500000000000003,0.0,176.5113615815804,80.28991621963716,1.7177988065818819,-4.312366094067065,254.36171051373236
2025-05-03T09:30:00Z,2025-05-03T09:45:00Z,2025-05-03,2025-05-03_12,-62.000000000000014,100,38,0,86.60110172282407,101.51653017499798,0.04150288096618358,0.031,0.74556,True,True,False,False,0.15500000000000003,0.0,176.5113615815804,80.28991621963716,2.802724368633597,-12.545234476523419,247.21376769332772
2025-05-03T09:45:00Z,2025-05-03T10:00:00Z,2025-05-03,2025-05-03_12,-62.000000000000014,100,38,0,101.51653017499798,116.37961666195451,0.041360928647343004,0.0325,0.69027,True,True,False,False,0.15500000000000003,0.0,176.5113615815804,80.28991621963716,2.9383400638900614,-20.346967844011818,239.5476500210958
2025-05-03T10:00:00Z,2025-05-03T10:15:00Z,2025-05-03,2025-05-03_13,0.0,100,100,0,116.37961666195451,118.41441666195452,0.005860555555555556,0.0345,2.2525,True,True,False,False,0.0,0.0,176.5113615815804,211.28925320957146,3.119160990898681,-54.50658087718241,336.41319490486813
2025-05-03T10:15:00Z,2025-05-03T10:30:00Z,2025-05-03,2025-05-03_13,0.0,100,100,0,118.41441666195452,120.1060462271719,0.0047080289855072465,0.0015,1.8405,True,True,False,False,0.0,0.0,176.5113615815804,211.28925320957146,0.13561569525646436,-30.79554788740884,357.1406825989995
2025-05-03T10:30:00Z,2025-05-03T10:45:00Z,2025-05-03,2025-05-03_13,0.0,100,100,0,120.1060462271719,120.56910448804146,0.001391949275362319,0.0175,0.524,True,True,False,False,0.0,0.0,176.5113615815804,211.28925320957146,1.5821831113254177,-27.737900468125293,361.64489743435195
2025-05-03T10:45:00Z,2025-05-03T11:00:00Z,2025-05-03,2025-05-03_13,0.0,100,100,0,120.56910448804146,124.90695231412842,0.0121643115942029,0.019,4.7375,True,True,False,False,0.0,0.0,176.5113615815804,211.28925320957146,1.7177988065818819,142.30965332610052,531.8280669238343
2025-05-03T11:00:00Z,2025-05-03T11:15:00Z,2025-05-03,2025-05-03_14,0.0,100,100,0,124.90695231412842,132.61517231412842,0.021411722222222224,0.0,8.3785,True,True,False,False,0.0,0.0,176.5113615815804,211.6207582424206,0.0,-13.690623530829969,374.44149629317104
2025-05-03T11:15:00Z,2025-05-03T11:30:00Z,2025-05-03,2025-05-03_14,0.0,100,100,0,132.61517231412842,134.5877818793458,0.005557973429951691,0.013,2.1595,True,True,False,False,0.0,0.0,176.5113615815804,211.6207582424206,1.1753360255560243,-41.344318003736966,347.96313784582003
2025-05-03T11:30:00Z,2025-05-03T11:45:00Z,2025-05-03,2025-05-03_14,0.0,100,100,0,134.5877818793458,135.4732870967371,0.002559374396135266,0.0165,0.9820000000000001,True,True,False,False,0.0,0.0,176.5113615815804,211.6207582424206,1.491772647821108,-37.926156751652506,351.6977357201696
2025-05-03T11:45:00Z,2025-05-03T12:00:00Z,2025-05-03,2025-05-03_14,0.0,100,100,0,135.4732870967371,152.3217070967371,0.04680116666666667,0.0,18.3135,True,True,False,False,0.0,0.0,176.5113615815804,211.6207582424206,0.0,19473.752375685614,19861.884495509614
2025-05-03T12:00:00Z,2025-05-03T12:15:00Z,2025-05-03,2025-05-03_15,0.0,100,100,0,152.3217070967371,167.6857070967371,0.04267777777777778,0.0,16.7,True,True,False,False,0.0,0.0,176.5113615815804,211.28925320957146,0.0,7369.389608824062,7757.190223615214
2025-05-03T12:15:00Z,2025-05-03T12:30:00Z,2025-05-03,2025-05-03_15,0.0,100,100,0,167.6857070967371,177.1653870967371,0.026332444444444443,0.0,10.304,True,True,False,False,0.0,0.0,176.5113615815804,211.28925320957146,0.0,1311.7337930203123,1699.5344078114642
2025-05-03T12:30:00Z,2025-05-03T12:45:00Z,2025-05-03,2025-05-03_15,0.0,100,100,0,177.1653870967371,181.12067840108492,0.011029190821256038,0.007000000000000001,4.3075,True,True,False,False,0.0,0.0,176.5113615815804,211.28925320957146,0.6328732445301671,-55.18754495409158,333.24594308159044
2025-05-03T12:45:00Z,2025-05-03T13:00:00Z,2025-05-03,2025-05-03_15,0.0,100,100,0,181.12067840108492,182.10955579238927,0.002801229468599034,0.009,1.0855,True,True,False,False,0.0,0.0,176.5113615815804,211.28925320957146,0.7684889397866312,-27.26388322986358,361.30522050107487
2025-05-03T13:00:00Z,2025-05-03T13:15:00Z,2025-05-03,2025-05-03_16,0.0,100,100,0,182.10955579238927,183.37712535760667,0.0038773067632850247,0.05899999999999999,1.4475,True,True,False,False,0.0,0.0,176.5113615815804,210.95774817672233,5.334217346754264,-27.247247001386295,365.5560801036707
2025-05-03T13:15:00Z,2025-05-03T13:30:00Z,2025-05-03,2025-05-03_16,0.0,100,100,0,183.37712535760667,183.27174361847622,0.0005073937198067633,0.1325,0.042,True,True,False,False,0.0,0.0,176.5113615815804,210.95774817672233,11.97938641432102,-3.290940871556869,396.15755530106685
2025-05-03T13:30:00Z,2025-05-03T13:45:00Z,2025-05-03,2025-05-03_16,0.0,100,100,0,183.27174361847622,181.8837036184762,0.003922111111111111,1.288,0.013,True,True,False,False,0.0,0.0,176.5113615815804,210.95774817672233,116.44867699355073,-1.0186245554818878,502.89916219637155
2025-05-03T13:45:00Z,2025-05-03T14:00:00Z,2025-05-03,2025-05-03_16,0.0,100,100,0,181.8837036184762,179.6249844880414,0.006624330917874397,2.136,0.0685,True,True,False,False,0.0,0.0,176.5113615815804,210.95774817672233,193.11675004520526,-4.242257448817632,576.3436023546903
2025-05-03T14:00:00Z,2025-05-03T14:15:00Z,2025-05-03,2025-05-03_17,-3.7391891292998194,100,96,0,179.6249844880414,186.81356758778037,0.01996828638816377,0.0,6.87888,True,True,False,False,-0.0,0.0,176.5113615815804,208.94219757699958,0.0,-31.872848845759755,353.5807103128202
2025-05-03T14:15:00Z,2025-05-03T14:30:00Z,2025-05-03,2025-05-03_17,-3.7391891292998194,100,96,0,186.81356758778037,188.70451396216035,0.0052845994976611806,0.0055,1.1270399999999998,True,True,False,False,-0.0,0.0,176.5113615815804,208.94219757699958,0.4972685994414643,-48.4425898378639,337.5082379201575
2025-05-03T14:30:00Z,2025-05-03T14:45:00Z,2025-05-03,2025-05-03_17,-3.7391891292998194,100,96,0,188.70451396216035,188.04770416390176,0.011559617530790557,2.3025,1.056,True,True,False,False,-0.0,0.0,176.5113615815804,208.94219757699958,223.85686516786217,-42.27840154300525,567.0320227834369
2025-05-03T14:45:00Z,2025-05-03T15:00:00Z,2025-05-03,2025-05-03_17,-3.7391891292998194,100,96,0,188.04770416390176,180.70672173883963,0.02371920119199584,7.5885,0.0,True,True,False,False,-0.0,0.0,176.5113615815804,208.94219757699958,1275.8157049002473,0.0,1661.2692640588273
2025-05-03T15:00:00Z,2025-05-03T15:15:00Z,2025-05-03,2025-05-03_18,-29.86603064053201,100,70,0,180.70672173883963,186.7173657350177,0.022580964628573126,1.3895,0.63315,True,True,False,False,-219.96331566751826,0.0,176.5113615815804,152.35368573322887,193.40467612962854,-25.69121279609427,276.61519498082527
2025-05-03T15:15:00Z,2025-05-03T15:30:00Z,2025-05-03,2025-05-03_18,-29.86603064053201,100,70,0,186.7173657350177,189.99999999999991,0.023780493847322497,3.4620000000000006,0.0042,True,True,False,False,-219.96331566751826,0.0,176.5113615815804,152.35368573322887,490.0253619432223,-0.32909408715568683,598.5979995033576
2025-05-03T15:30:00Z,2025-05-03T15:45:00Z,2025-05-03,2025-05-03_18,-29.86603064053201,100,70,0,189.99999999999991,189.99999999999994,0.028051470172248662,6.6235,0.0,True,True,False,False,-219.96331566751826,0.0,176.5113615815804,152.35368573322887,1085.0919964639463,0.0,1193.9937281112373
2025-05-03T15:45:00Z,2025-05-03T16:00:00Z,2025-05-03,2025-05-03_18,-29.86603064053201,100,70,0,189.99999999999994,178.48359816305717,0.04309061137109179,17.728,0.0,True,True,False,False,-219.96331566751826,0.0,176.5113615815804,152.35368573322887,11468.939989150746,0.0,11577.841720798036
2025-05-03T16:00:00Z,2025-05-03T16:15:00Z,2025-05-03,2025-05-03_19,0.0,100,100,0,178.48359816305717,180.1173251195789,0.010434869565217393,0.9765000000000001,2.9295,True,True,False,False,0.0,0.0,199.56602977517932,212.64541016213613,167.85213549514802,-53.02563920197698,527.0379362304865
2025-05-03T16:15:00Z,2025-05-03T16:30:00Z,2025-05-03,2025-05-03_19,0.0,100,100,0,180.1173251195789,182.49874685870935,0.006648272946859904,0.0055,2.595,True,True,False,False,0.0,0.0,199.56602977517932,212.64541016213613,0.946678922307275,-83.83372913025134,329.3243897293714
2025-05-03T16:30:00Z,2025-05-03T16:45:00Z,2025-05-03,2025-05-03_19,0.0,100,100,0,182.49874685870935,182.22070859783977,0.003427550724637681,0.6955,0.5195,True,True,False,False,0.0,0.0,199.56602977517932,212.64541016213613,119.71185281176543,-26.923236493681312,505.00005625539956
2025-05-03T16:45:00Z,2025-05-03T17:00:00Z,2025-05-03,2025-05-03_19,0.0,100,100,0,182.22070859783977,179.00319294566586,0.008957987922705314,2.9635,0.004,True,True,False,False,0.0,0.0,199.56602977517932,212.64541016213613,510.0878156832017,-0.3134229401482732,921.9858326803688
2025-05-03T17:00:00Z,2025-05-03T17:15:00Z,2025-05-03,2025-05-03_20,0.0,100,100,0,179.00319294566586,182.4544538152311,0.009707608695652174,0.02,3.775,True,True,False,False,0.0,0.0,199.56602977517932,212.64541016213613,3.616418540172383,-50.656430193076574,365.17142828441126
2025-05-03T17:15:00Z,2025-05-03T17:30:00Z,2025-05-03,2025-05-03_20,0.0,100,100,0,182.4544538152311,182.4597442500137,0.000422304347826087,0.0675,0.0855,True,True,False,False,0.0,0.0,199.56602977517932,212.64541016213613,12.205412573081793,-6.578860225423424,417.83799228497384
2025-05-03T17:30:00Z,2025-05-03T17:45:00Z,2025-05-03,2025-05-03_20,0.0,100,100,0,182.4597442500137,182.30003207610068,0.0009905338164251207,0.2375,0.107,True,True,False,False,0.0,0.0,199.56602977517932,212.64541016213613,42.8406138870472,-6.555757338315954,448.4962964860467
2025-05-03T17:45:00Z,2025-05-03T18:00:00Z,2025-05-03,2025-05-03_20,0.0,100,100,0,182.30003207610068,181.67399816305718,0.001953649758454106,0.6115,0.042,True,True,False,False,0.0,0.0,199.56602977517932,212.64541016213613,109.9370678882125,-2.2863769513591707,519.8621308741688
2025-05-03T18:00:00Z,2025-05-03T18:15:00Z,2025-05-03,2025-05-03_21,100.0,0,100,0,181.67399816305718,160.70280251088326,0.058253321256038645,0.0,5.7065,True,True,False,False,3075.0,0.0,0.0,212.28376830811888,0.0,-73.10919283547307,3214.1745754726458
2025-05-03T18:15:00Z,2025-05-03T18:30:00Z,2025-05-03,2025-05-03_21,100.0,0,100,0,160.70280251088326,134.17725903262237,0.0736820652173913,0.0,0.5965,True,True,False,False,3075.0,0.0,0.0,212.28376830811888,0.0,-33.05707532196171,3254.226692986157
2025-05-03T18:30:00Z,2025-05-03T18:45:00Z,2025-05-03,2025-05-03_21,100.0,0,100,0,134.17725903262237,107.20932425001368,0.07491092995169081,0.0,0.1895,True,True,False,False,3075.0,0.0,0.0,212.28376830811888,0.0,-13.000012958833103,3274.283755349286
2025-05-03T18:45:00Z,2025-05-03T19:00:00Z,2025-05-03,2025-05-03_21,100.0,0,100,0,107.20932425001368,80.32399816305715,0.074681461352657,0.0,0.2655,True,True,False,False,3075.0,0.0,0.0,212.28376830811888,0.0,-16.34318847567959,3270.940579832439
2025-05-03T19:00:00Z,2025-05-03T19:15:00Z,2025-05-03,2025-05-03_22,64.88490707121774,35,100,0,80.32399816305715,60.39725711109582,0.0553520584776704,2.111375,0.0,True,True,False,False,1673.5439656343835,0.0,69.84811042131277,217.64812247604124,497.56259495610067,0.0,2458.6027934878384
2025-05-03T19:15:00Z,2025-05-03T19:30:00Z,2025-05-03,2025-05-03_22,64.88490707121774,35,100,0,60.39725711109582,48.33537616928446,0.043251731014907785,0.0133,5.4305,True,True,False,False,1673.5439656343835,0.0,69.84811042131277,217.64812247604124,2.4049183292146346,-24.098096056094672,1939.3470208048575
2025-05-03T19:30:00Z,2025-05-03T19:45:00Z,2025-05-03,2025-05-03_22,64.88490707121774,35,100,0,48.33537616928446,38.51737028728037,0.04090980916833378,0.0,7.5985,True,True,False,False,1673.5439656343835,0.0,69.84811042131277,217.64812247604124,0.0,-65.17339993570812,1895.8667985960294
2025-05-03T19:45:00Z,2025-05-03T20:00:00Z,2025-05-03,2025-05-03_22,64.88490707121774,35,100,0,38.51737028728037,23.0689210086955,0.04672894052406972,0.0031499999999999996,2.1265,True,True,False,False,1673.5439656343835,0.0,69.84811042131277,217.64812247604124,0.5695859200771503,-76.60150905109197,1885.0082754007228
2025-05-03T20:00:00Z,2025-05-03T20:15:00Z,2025-05-03,2025-05-03_23,14.000000000000062,86,100,0,23.0689210086955,13.861062313043309,0.02557738526570053,4.97123,0.0,True,True,False,False,300.5800000000013,0.0,151.79977096015915,217.64812247604124,878.5073199124024,0.0,1548.535213348604
2025-05-03T20:15:00Z,2025-05-03T20:30:00Z,2025-05-03,2025-05-03_23,14.000000000000062,86,100,0,13.861062313043309,9.999999999999815,0.01399107086956526,0.6970299999999999,0.743,True,True,False,False,300.5800000000013,0.0,151.79977096015915,217.64812247604124,118.66441052377796,-15.351870090209552,773.3404338697701
2025-05-03T20:30:00Z,2025-05-03T20:45:00Z,2025-05-03,2025-05-03_23,14.000000000000062,86,100,0,9.999999999999815,10.736582504347625,0.019111944154589403,0.0,4.8135,True,True,False,False,300.5800000000013,0.0,151.79977096015915,217.64812247604124,0.0,-59.44899282743658,610.5789006087651
2025-05-03T20:45:00Z,2025-05-03T21:00:00Z,2025-05-03,2025-05-03_23,14.000000000000062,86,100,0,10.736582504347625,10.751483965217174,0.0177540137198068,0.0,4.0485,True,True,False,False,300.5800000000013,0.0,151.79977096015915,217.64812247604124,0.0,-39.44711078295462,630.5807826532471
2025-05-03T21:00:00Z,2025-05-03T21:15:00Z,2025-05-04,2025-05-03_24,8.471743387863857,91,100,0,10.751483965217174,10.000000000000043,0.0104051366275958,0.10146500000000001,1.778,True,True,False,False,153.27501724492683,0.0,160.62533903923816,217.64812247604124,15.16684949671509,-26.163280895264503,520.5520473616568
2025-05-03T21:15:00Z,2025-05-03T21:30:00Z,2025-05-04,2025-05-03_24,8.471743387863857,91,100,0,10.000000000000043,13.286880136884006,0.01885891487340998,0.0,5.983,True,True,False,False,153.27501724492683,0.0,160.62533903923816,217.64812247604124,0.0,-7.318125087899062,524.2303536723072
2025-05-03T21:30:00Z,2025-05-03T21:45:00Z,2025-05-04,2025-05-03_24,8.471743387863857,91,100,0,13.286880136884006,23.29772970776729,0.03385426421266872,0.0,13.180999999999997,True,True,False,False,153.27501724492683,0.0,160.62533903923816,217.64812247604124,0.0,4083.1254527555097,4614.673931515716
2025-05-03T21:45:00Z,2025-05-03T22:00:00Z,2025-05-04,2025-05-03_24,8.471743387863857,91,100,0,23.29772970776729,33.25720135160556,0.033739684577539626,0.0,13.126,True,True,False,False,153.27501724492683,0.0,160.62533903923816,217.64812247604124,0.0,266.9319900347578,798.480468794964
2025-05-03T22:00:00Z,2025-05-03T22:15:00Z,2025-05-04,2025-05-04_1,37.99999999999999,62,100,0,33.25720135160556,26.570838708127305,0.030301287342995167,0.0,3.701,True,True,False,False,584.6299999999999,0.0,109.43704418057983,217.97962750889036,0.0,-5.034008398127499,907.0126632913426
2025-05-03T22:15:00Z,2025-05-03T22:30:00Z,2025-05-04,2025-05-04_1,37.99999999999999,62,100,0,26.570838708127305,21.433399542909918,0.030989722125603858,0.0,5.276,True,True,False,False,584.6299999999999,0.0,109.43704418057983,217.97962750889036,0.0,-81.92306270467924,830.1236089847908
2025-05-03T22:30:00Z,2025-05-03T22:45:00Z,2025-05-04,2025-05-04_1,37.99999999999999,62,100,0,21.433399542909918,15.962081316822962,0.030841326183574873,0.0,4.9365,True,True,False,False,584.6299999999999,0.0,109.43704418057983,217.97962750889036,0.0,217.17505575311915,1129.2217274425893
2025-05-03T22:45:00Z,2025-05-03T23:00:00Z,2025-05-04,2025-05-04_1,37.99999999999999,62,100,0,15.962081316822962,21.094250673344703,0.035554154009661845,0.0,15.718500000000002,True,True,False,False,584.6299999999999,0.0,109.43704418057983,217.97962750889036,0.0,2462.7071116870598,3374.75378337653
2025-05-03T23:00:00Z,2025-05-03T23:15:00Z,2025-05-04,2025-05-04_2,49.83519667090092,50,100,0,21.094250673344703,10.2973839358958,0.03702300845289417,0.0055,2.7425,True,True,False,False,571.2359418402018,0.0,88.2556807907902,217.97962750889036,0.749455528097563,-48.72837281256908,829.4923328554108
2025-05-03T23:15:00Z,2025-05-03T23:30:00Z,2025-05-04,2025-05-04_2,49.83519667090092,50,100,0,10.2973839358958,9.999999999995623,0.034676997081735834,0.0,13.2025,True,True,False,False,571.2359418402018,0.0,88.2556807907902,217.97962750889036,0.0,4546.5348426857945,5424.006092825677
2025-05-03T23:30:00Z,2025-05-03T23:45:00Z,2025-05-04,2025-05-04_2,49.83519667090092,50,100,0,9.999999999995623,12.206109427505089,0.034121258037328246,0.0,15.698,True,True,False,False,571.2359418402018,0.0,88.2556807907902,217.97962750889036,0.0,3134.8785835694052,4012.3498337092874
2025-05-03T23:45:00Z,2025-05-04T00:00:00Z,2025-05-04,2025-05-04_2,49.83519667090092,50,100,0,12.206109427505089,15.414418762867177,0.033898784262388085,0.0,16.697,True,True,False,False,571.2359418402018,0.0,88.2556807907902,217.97962750889036,0.0,6235.143470556326,7112.614720696209
2025-05-04T00:00:00Z,2025-05-04T00:15:00Z,2025-05-04,2025-05-04_3,62.981030089189,37,100,0,15.414418762867177,14.143203571383793,0.0327723142456593,0.0,15.4545,True,True,False,False,526.9937692712889,0.0,65.30920378518474,217.31661744319211,0.0,4445.535533723103,5255.155124222769
2025-05-04T00:15:00Z,2025-05-04T00:30:00Z,2025-05-04,2025-05-04_3,62.981030089189,37,100,0,14.143203571383793,19.15821392676412,0.026912815371795986,0.0,21.5865,True,True,False,False,526.9937692712889,0.0,65.30920378518474,217.31661744319211,0.0,19590.86877765054,20400.488368150207
2025-05-04T00:30:00Z,2025-05-04T00:45:00Z,2025-05-04,2025-05-04_3,62.981030089189,37,100,0,19.15821392676412,9.999999999991125,0.04012392132101276,0.0,7.761,True,True,False,False,526.9937692712889,0.0,65.30920378518474,217.31661744319211,0.0,1470.9366090048825,2280.556199504548
2025-05-04T00:45:00Z,2025-05-04T01:00:00Z,2025-05-04,2025-05-04_3,62.981030089189,37,100,0,9.999999999991125,10.150669158393583,0.0314469514051426,0.0,16.8415,True,True,False,False,526.9937692712889,0.0,65.30920378518474,217.31661744319211,0.0,11285.30734585016,12094.926936349826
2025-05-04T01:00:00Z,2025-05-04T01:15:00Z,2025-05-04,2025-05-04_4,28.988476042498444,71,100,0,10.150669158393583,20.116586022859376,0.039191842482296645,0.0,18.4255,True,True,False,False,153.20409588460427,0.0,125.32306672292208,217.64812247604124,0.0,9366.27177094007,9862.447056023637
2025-05-04T01:15:00Z,2025-05-04T01:30:00Z,2025-05-04,2025-05-04_4,28.988476042498444,71,100,0,20.116586022859376,20.9635816955547,0.03034520056398415,0.0,9.009,True,True,False,False,153.20409588460427,0.0,125.32306672292208,217.64812247604124,0.0,-16.992444096196735,479.18284098737087
2025-05-04T01:30:00Z,2025-05-04T01:45:00Z,2025-05-04,2025-05-04_4,28.988476042498444,71,100,0,20.9635816955547,15.573609074765429,0.0242944601323066,0.0,2.5685,True,True,False,False,153.20409588460427,0.0,125.32306672292208,217.64812247604124,0.0,-31.43062091897213,464.74466416459546
2025-05-04T01:45:00Z,2025-05-04T02:00:00Z,2025-05-04,2025-05-04_4,28.988476042498444,71,100,0,15.573609074765429,10.190415241035296,0.024301036513491567,0.0,2.5755,True,True,False,False,153.20409588460427,0.0,125.32306672292208,217.64812247604124,0.0,-33.86135947200289,462.3139256115647
2025-05-04T02:00:00Z,2025-05-04T02:15:00Z,2025-05-04,2025-05-04_5,0.0,100,100,0,10.190415241035296,10.172721327991818,0.0006573719806763286,0.117,0.11899999999999998,True,True,False,False,0.0,0.0,176.5113615815804,217.97962750889036,12.95408353926828,-7.13438149197356,400.31069113776545
2025-05-04T02:15:00Z,2025-05-04T02:30:00Z,2025-05-04,2025-05-04_5,0.0,100,100,0,10.172721327991818,10.063116110600513,0.0004986811594202899,0.133,0.038,True,True,False,False,0.0,0.0,176.5113615815804,217.97962750889036,14.7255821429289,-2.9775179314085953,406.2390533019911
2025-05-04T02:30:00Z,2025-05-04T02:45:00Z,2025-05-04,2025-05-04_5,0.0,100,100,0,10.063116110600513,10.168042197557035,0.00037298309178743964,0.0135,0.13,True,True,False,False,0.0,0.0,176.5113615815804,217.97962750889036,1.4947019468386475,-8.779864585216885,387.20582645209254
2025-05-04T02:45:00Z,2025-05-04T03:00:00Z,2025-05-04,2025-05-04_5,0.0,100,100,0,10.168042197557035,10.1592004584266,0.0004283381642512077,0.075,0.079,True,True,False,False,0.0,0.0,176.5113615815804,217.97962750889036,8.303899704659154,-6.190103067928396,396.6047857272015
2025-05-04T03:00:00Z,2025-05-04T03:15:00Z,2025-05-04,2025-05-04_6,0.0,100,100,0,10.1592004584266,10.249383067122253,0.0006822705314009661,0.0715,0.1825,True,True,False,False,0.0,0.0,176.5113615815804,217.31661744319211,7.326922025998031,-11.647872842705885,389.50702820806464
2025-05-04T03:15:00Z,2025-05-04T03:30:00Z,2025-05-04,2025-05-04_6,0.0,100,100,0,10.249383067122253,16.664543067122253,0.01781988888888889,0.0,6.973,True,True,False,False,0.0,0.0,176.5113615815804,217.31661744319211,0.0,-22.639519418158443,371.18845960661406
2025-05-04T03:30:00Z,2025-05-04T03:45:00Z,2025-05-04,2025-05-04_6,0.0,100,100,0,16.664543067122253,28.814523067122252,0.033749944444444444,0.0,13.206499999999998,True,True,False,False,0.0,0.0,176.5113615815804,217.31661744319211,0.0,1287.0055702891125,1680.833549313885
2025-05-04T03:45:00Z,2025-05-04T04:00:00Z,2025-05-04,2025-05-04_6,0.0,100,100,0,28.814523067122252,39.906043067122255,0.030809777777777776,0.0,12.056,True,True,False,False,0.0,0.0,176.5113615815804,217.31661744319211,0.0,820.9503079983123,1214.7782870230849
2025-05-04T04:00:00Z,2025-05-04T04:15:00Z,2025-05-04,2025-05-04_7,0.0,100,100,0,39.906043067122255,54.10900306712226,0.03945266666666668,0.0,15.438000000000002,True,True,False,False,0.0,0.0,199.56602977517932,211.95226327526973,0.0,7773.896663251163,8185.414956301612
2025-05-04T04:15:00Z,2025-05-04T04:30:00Z,2025-05-04,2025-05-04_7,0.0,100,100,0,54.10900306712226,66.21252306712226,0.033620888888888895,0.0,13.156,True,True,False,False,0.0,0.0,199.56602977517932,211.95226327526973,0.0,1468.4113290338137,1879.9296220842627
2025-05-04T04:30:00Z,2025-05-04T04:45:00Z,2025-05-04,2025-05-04_7,0.0,100,100,0,66.21252306712226,70.26926306712227,0.011268722222222223,0.0,4.4095,True,True,False,False,0.0,0.0,199.56602977517932,211.95226327526973,0.0,-97.43371104815866,314.0845820022904
2025-05-04T04:45:00Z,2025-05-04T05:00:00Z,2025-05-04,2025-05-04_7,0.0,100,100,0,70.26926306712227,70.27787437147009,0.0007606352657004831,0.122,0.1535,True,True,False,False,0.0,0.0,199.56602977517932,211.95226327526973,12.692186526831817,-9.797471420247927,414.41300815703295
2025-05-04T05:00:00Z,2025-05-04T05:15:00Z,2025-05-04,2025-05-04_8,0.0,100,100,0,70.27787437147009,59.67298306712226,0.029458031400966186,9.7565,0.0,True,True,False,False,0.0,0.0,199.56602977517932,212.28376830811888,6146.845905511022,0.0,6558.69570359432
2025-05-04T05:15:00Z,2025-05-04T05:30:00Z,2025-05-04,2025-05-04_8,0.0,100,100,0,59.67298306712226,48.30287437147009,0.03158363526570048,10.4605,0.0,True,True,False,False,0.0,0.0,199.56602977517932,212.28376830811888,1638.7107878769616,0.0,2050.5605859602597
2025-05-04T05:30:00Z,2025-05-04T05:45:00Z,2025-05-04,2025-05-04_8,0.0,100,100,0,48.30287437147009,45.822983067122266,0.006888586956521739,2.2815,0.0,True,True,False,False,0.0,0.0,199.56602977517932,212.28376830811888,224.14374962328975,0.0,635.993547706588
2025-05-04T05:45:00Z,2025-05-04T06:00:00Z,2025-05-04,2025-05-04_8,0.0,100,100,0,45.822983067122266,42.772439588861396,0.008473731884057971,2.8065,0.0,True,True,False,False,0.0,0.0,199.56602977517932,212.28376830811888,275.7218642637575,0.0,687.5716623470557
2025-05-04T06:00:00Z,2025-05-04T06:15:00Z,2025-05-04,2025-05-04_9,0.0,100,100,0,42.772439588861396,39.94318393668748,0.008022599033816424,2.63,0.032,True,True,False,False,0.0,0.0,191.88114037731305,206.25640407449822,245.47300745384044,-1.88505736041629,641.7254945452354
2025-05-04T06:15:00Z,2025-05-04T06:30:00Z,2025-05-04,2025-05-04_9,0.0,100,100,0,39.94318393668748,38.058362197557045,0.005286727053140096,1.7425,0.01,True,True,False,False,0.0,0.0,191.88114037731305,206.25640407449822,162.63753440620417,-0.783557350370683,559.9915215076447
2025-05-04T06:30:00Z,2025-05-04T06:45:00Z,2025-05-04,2025-05-04_9,0.0,100,100,0,38.058362197557045,38.70560654538313,0.0022628768115942033,0.077,0.7945000000000001,True,True,False,False,0.0,0.0,191.88114037731305,206.25640407449822,7.1868523094850625,-21.30542744058024,384.0189693207161
2025-05-04T06:45:00Z,2025-05-04T07:00:00Z,2025-05-04,2025-05-04_9,0.0,100,100,0,38.70560654538313,45.83882654538313,0.0198145,0.0,7.753499999999999,True,True,False,False,0.0,0.0,191.88114037731305,206.25640407449822,0.0,-0.15577722861792537,397.98176722319334
2025-05-04T07:00:00Z,2025-05-04T07:15:00Z,2025-05-04,2025-05-04_10,0.0,100,100,0,45.83882654538313,46.123183936687475,0.0030664516908212557,0.377,0.7545,True,True,False,False,0.0,0.0,176.5113615815804,210.95774817672233,34.08474474112471,-33.28998372611657,388.2638707733109
2025-05-04T07:15:00Z,2025-05-04T07:30:00Z,2025-05-04,2025-05-04_10,0.0,100,100,0,46.123183936687475,39.962314371470086,0.017113526570048308,5.668,0.0,True,True,False,False,0.0,0.0,176.5113615815804,210.95774817672233,512.4465071424266,0.0,899.9156169007293
2025-05-04T07:30:00Z,2025-05-04T07:45:00Z,2025-05-04,2025-05-04_10,0.0,100,100,0,39.962314371470086,38.66295784973096,0.0047209903381642505,1.3795,0.21749999999999997,True,True,False,False,0.0,0.0,176.5113615815804,210.95774817672233,124.72123440419506,-9.368323187270205,502.8220209752276
2025-05-04T07:45:00Z,2025-05-04T08:00:00Z,2025-05-04,2025-05-04_10,0.0,100,100,0,38.66295784973096,38.871263067122264,0.0007477077294685991,0.028000000000000004,0.2595,True,True,False,False,0.0,0.0,176.5113615815804,210.95774817672233,2.5314929781206685,-15.005515942378398,374.995086794045
2025-05-04T08:00:00Z,2025-05-04T08:15:00Z,2025-05-04,2025-05-04_11,-35.0,100,65,0,38.871263067122264,37.64348271929617,0.031996050966183576,9.0205,0.0,True,True,False,False,0.08750000000000001,0.0,176.5113615815804,137.5534928575734,3714.6978284411234,0.0,4028.8501828802773
2025-05-04T08:15:00Z,2025-05-04T08:30:00Z,2025-05-04,2025-05-04_11,-35.0,100,65,0,37.64348271929617,41.706932458426614,0.026501128502415462,3.8759999999999994,0.0,True,True,False,False,0.08750000000000001,0.0,176.5113615815804,137.5534928575734,350.4309565427039,0.0,664.5833109818576
2025-05-04T08:30:00Z,2025-05-04T08:45:00Z,2025-05-04,2025-05-04_11,-35.0,100,65,0,41.706932458426614,48.46360328451357,0.023810347705314008,1.2845,0.030225,True,True,False,False,0.08750000000000001,0.0,176.5113615815804,137.5534928575734,116.13224037128565,-2.3712412151166293,427.9133535953228
2025-05-04T08:45:00Z,2025-05-04T09:00:00Z,2025-05-04,2025-05-04_11,-35.0,100,65,0,48.46360328451357,58.40739784973096,0.02765501509661836,0.0085,2.067975,True,True,False,False,0.08750000000000001,0.0,176.5113615815804,137.5534928575734,0.7684889397866315,-54.1172683382557,260.80357504068473
2025-05-04T09:00:00Z,2025-05-04T09:15:00Z,2025-05-04,2025-05-04_12,0.0,100,100,0,58.40739784973096,52.042180458426614,0.017681159420289853,5.856,0.0,True,True,False,False,0.0,0.0,176.5113615815804,211.28925320957146,529.4436742812369,0.0,917.2442890723887
2025-05-04T09:15:00Z,2025-05-04T09:30:00Z,2025-05-04,2025-05-04_12,0.0,100,100,0,52.042180458426614,51.3712848062527,0.0020041545893719807,0.6405,0.0275,True,True,False,False,0.0,0.0,176.5113615815804,211.28925320957146,57.90790187451028,-2.1547827135193782,443.55373395214275
2025-05-04T09:30:00Z,2025-05-04T09:45:00Z,2025-05-04,2025-05-04_12,0.0,100,100,0,51.3712848062527,50.71402045842661,0.0020148454106280194,0.636,0.037,True,True,False,False,0.0,0.0,176.5113615815804,211.28925320957146,57.50105478874089,-2.899162196371527,442.4025073835212
2025-05-04T09:45:00Z,2025-05-04T10:00:00Z,2025-05-04,2025-05-04_12,0.0,100,100,0,50.71402045842661,49.96084654538313,0.0021560386473429946,0.7035,0.0125,True,True,False,False,0.0,0.0,176.5113615815804,211.28925320957146,63.60376107528179,-0.9794466879633538,450.4249291784703
2025-05-04T10:00:00Z,2025-05-04T10:15:00Z,2025-05-04,2025-05-04_13,0.0,100,100,0,49.96084654538313,53.95302132799182,0.011128625603864736,0.0065,4.347,True,True,False,False,0.0,0.0,176.5113615815804,211.28925320957146,0.5876680127780122,-35.836789223072756,352.5514935808571
2025-05-04T10:15:00Z,2025-05-04T10:30:00Z,2025-05-04,2025-05-04_13,0.0,100,100,0,53.95302132799182,54.189315241035295,0.0010609613526570047,0.067,0.336,True,True,False,False,0.0,0.0,176.5113615815804,211.28925320957146,6.057501054788742,-17.150493641130733,376.70762220480987
2025-05-04T10:30:00Z,2025-05-04T10:45:00Z,2025-05-04,2025-05-04_13,0.0,100,100,0,54.189315241035295,54.321931762774426,0.000579731884057971,0.035,0.1855,True,True,False,False,0.0,0.0,176.5113615815804,211.28925320957146,3.1643662226508353,-10.979134269583911,379.98584674421875
2025-05-04T10:45:00Z,2025-05-04T11:00:00Z,2025-05-04,2025-05-04_13,0.0,100,100,0,54.321931762774426,54.9067604584266,0.0016516980676328503,0.0045,0.641,True,True,False,False,0.0,0.0,176.5113615815804,211.28925320957146,0.40684708576939305,-32.18973138046732,356.0177304964539
2025-05-04T11:00:00Z,2025-05-04T11:15:00Z,2025-05-04,2025-05-04_14,0.0,100,100,0,54.9067604584266,55.298056980165725,0.0011593985507246376,0.012,0.43949999999999995,True,True,False,False,0.0,0.0,176.5113615815804,210.95774817672233,1.0849255620517149,-26.444879151347113,362.10915616900735
2025-05-04T11:15:00Z,2025-05-04T11:30:00Z,2025-05-04,2025-05-04_14,0.0,100,100,0,55.298056980165725,59.99412219755703,0.0132137077294686,0.028000000000000004,5.1375,True,True,False,False,0.0,0.0,176.5113615815804,210.95774817672233,2.5314929781206685,-14.496021939605813,375.50458079681755
2025-05-04T11:30:00Z,2025-05-04T11:45:00Z,2025-05-04,2025-05-04_14,0.0,100,100,0,59.99412219755703,68.80726219755704,0.024480944444444448,0.0,9.5795,True,True,False,False,0.0,0.0,176.5113615815804,210.95774817672233,0.0,3022.9343729532075,3410.40348271151
2025-05-04T11:45:00Z,2025-05-04T12:00:00Z,2025-05-04,2025-05-04_14,0.0,100,100,0,68.80726219755704,86.35534219755704,0.04874466666666667,0.0,19.074,True,True,False,False,0.0,0.0,176.5113615815804,210.95774817672233,0.0,16899.27735157616,17286.74646133446
2025-05-04T12:00:00Z,2025-05-04T12:15:00Z,2025-05-04,2025-05-04_15,0.0,100,100,0,86.35534219755704,94.14912219755703,0.02164938888888889,0.0,8.4715,True,True,False,False,0.0,0.0,176.5113615815804,211.28925320957146,0.0,3610.076289855947,3997.876904647099
2025-05-04T12:15:00Z,2025-05-04T12:30:00Z,2025-05-04,2025-05-04_15,0.0,100,100,0,94.14912219755703,100.55140219755704,0.01778411111111111,0.0,6.959,True,True,False,False,0.0,0.0,176.5113615815804,211.28925320957146,0.0,1418.1452950394794,1805.9459098306313
2025-05-04T12:30:00Z,2025-05-04T12:45:00Z,2025-05-04,2025-05-04_15,0.0,100,100,0,100.55140219755704,103.47378219755704,0.008117722222222224,0.0,3.1765000000000003,True,True,False,False,0.0,0.0,176.5113615815804,211.28925320957146,0.0,-71.14880075542966,316.65181403572217
2025-05-04T12:45:00Z,2025-05-04T13:00:00Z,2025-05-04,2025-05-04_15,0.0,100,100,0,103.47378219755704,103.04700393668747,0.0015560507246376808,0.45399999999999996,0.0725,True,True,False,False,0.0,0.0,176.5113615815804,211.28925320957146,41.046350430956544,-3.8348105398509236,425.01215468225746
2025-05-04T13:00:00Z,2025-05-04T13:15:00Z,2025-05-04,2025-05-04_16,-100.0,100,0,0,103.04700393668747,125.97478393668747,0.06368827777777779,0.0785,0.0,True,True,False,False,39.75,0.0,176.5113615815804,0.0,7.097221385088302,0.0,223.35858296666868
2025-05-04T13:15:00Z,2025-05-04T13:30:00Z,2025-05-04,2025-05-04_16,-100.0,100,0,0,125.97478393668747,148.9614439366875,0.06385183333333333,0.0145,0.0,True,True,False,False,39.75,0.0,176.5113615815804,0.0,1.310951720812489,0.0,217.57231330239287
2025-05-04T13:30:00Z,2025-05-04T13:45:00Z,2025-05-04,2025-05-04_16,-100.0,100,0,0,148.9614439366875,171.2387839366875,0.061881500000000006,0.7854999999999999,0.0,True,True,False,False,39.75,0.0,176.5113615815804,0.0,71.01741908263516,0.0,287.27878066421556
2025-05-04T13:45:00Z,2025-05-04T14:00:00Z,2025-05-04,2025-05-04_16,-100.0,100,0,0,171.2387839366875,186.9684839366875,0.043693611111111114,7.9025,0.0,True,True,False,False,39.75,0.0,176.5113615815804,0.0,1042.1557822514214,0.0,1258.4171438330018
2025-05-04T14:00:00Z,2025-05-04T14:15:00Z,2025-05-04,2025-05-04_17,-16.000000000000025,100,84,0,186.9684839366875,173.795913849731,0.04403633913043477,15.895000000000001,0.0,True,True,False,False,0.04000000000000006,0.0,176.5113615815804,182.82442287987465,8578.924907078135,0.0,8938.30069153959
2025-05-04T14:15:00Z,2025-05-04T14:30:00Z,2025-05-04,2025-05-04_17,-16.000000000000025,100,84,0,173.795913849731,175.46307238886143,0.01609476405797103,2.26,0.41664,True,True,False,False,0.04000000000000006,0.0,176.5113615815804,182.82442287987465,241.6478653085006,-16.503541245253455,584.5201085247022
2025-05-04T14:30:00Z,2025-05-04T14:45:00Z,2025-05-04,2025-05-04_17,-16.000000000000025,100,84,0,175.46307238886143,174.61000139755708,0.019317677198067644,4.2755,0.0,True,True,False,False,0.04000000000000006,0.0,176.5113615815804,182.82442287987465,415.33244500030145,0.0,774.7082294617564
2025-05-04T14:45:00Z,2025-05-04T15:00:00Z,2025-05-04,2025-05-04_17,-16.000000000000025,100,84,0,174.61000139755708,174.57211391929624,0.01768388743961354,3.5070000000000006,0.00042,True,True,False,False,0.04000000000000006,0.0,176.5113615815804,182.82442287987465,322.5371828099573,-0.03366885660900489,681.8792984148033
2025-05-04T15:00:00Z,2025-05-04T15:15:00Z,2025-05-04,2025-05-04_18,0.0,100,100,0,174.57211391929624,178.0506765279919,0.009677770531400967,0.0025,3.784,True,True,False,False,0.0,0.0,176.5113615815804,217.64812247604124,0.25237578606875216,681.0105237779519,1075.4223836216422
2025-05-04T15:15:00Z,2025-05-04T15:30:00Z,2025-05-04,2025-05-04_18,0.0,100,100,0,178.0506765279919,186.5698765279919,0.023664444444444443,0.0,9.26,True,True,False,False,0.0,0.0,176.5113615815804,217.64812247604124,0.0,425.65897976814745,819.8184638257691
2025-05-04T15:30:00Z,2025-05-04T15:45:00Z,2025-05-04,2025-05-04_18,0.0,100,100,0,186.5698765279919,185.48946261494845,0.003399816425120773,1.06,0.078,True,True,False,False,0.0,0.0,176.5113615815804,217.64812247604124,107.00733329315091,-6.188598637815684,494.97821871295685
2025-05-04T15:45:00Z,2025-05-04T16:00:00Z,2025-05-04,2025-05-04_18,0.0,100,100,0,185.48946261494845,182.40396957147018,0.008575925120772947,2.8395,0.001,True,True,False,False,0.0,0.0,176.5113615815804,217.64812247604124,286.6484178168887,-0.0801639443071545,680.7277379302031
2025-05-04T16:00:00Z,2025-05-04T16:15:00Z,2025-05-04,2025-05-04_19,29.943109638032457,70,100,0,182.40396957147018,185.69909540964568,0.033047041719073175,0.0,11.7855,True,True,False,False,625.7361336607833,0.0,139.69622084262554,212.64541016213613,0.0,6685.288350913147,7663.366115578692
2025-05-04T16:15:00Z,2025-05-04T16:30:00Z,2025-05-04,2025-05-04_19,29.943109638032457,70,100,0,185.69909540964568,184.03513727894557,0.028516020309421235,0.0,6.673,True,True,False,False,625.7361336607833,0.0,139.69622084262554,212.64541016213613,0.0,-50.13900186848292,927.938762797062
2025-05-04T16:30:00Z,2025-05-04T16:45:00Z,2025-05-04,2025-05-04_19,29.943109638032457,70,100,0,184.03513727894557,179.3860288471766,0.02578854483006596,0.0,3.5955,True,True,False,False,625.7361336607833,0.0,139.69622084262554,212.64541016213613,0.0,-86.03974504249292,892.038019623052
2025-05-04T16:45:00Z,2025-05-04T17:00:00Z,2025-05-04,2025-05-04_19,29.943109638032457,70,100,0,179.3860288471766,170.84827579406226,0.02381265921179494,0.39305,0.027,True,True,False,False,625.7361336607833,0.0,139.69622084262554,212.64541016213613,68.31558514656543,-2.1608082695437285,1044.2325415425667
2025-05-04T17:00:00Z,2025-05-04T17:15:00Z,2025-05-04,2025-05-04_20,0.0,100,100,0,170.84827579406226,171.9041070984101,0.0030445797101449276,0.0185,1.1695,True,True,False,False,0.0,0.0,199.56602977517932,212.64541016213613,3.1827337110481584,-47.71845719566834,367.67571645269527
2025-05-04T17:15:00Z,2025-05-04T17:30:00Z,2025-05-04,2025-05-04_20,0.0,100,100,0,171.9041070984101,171.00406622884486,0.002518002415458937,0.831,0.0035000000000000005,True,True,False,False,0.0,0.0,199.56602977517932,212.64541016213613,151.85964438551022,-0.28057380507504076,563.7905105177506
2025-05-04T17:30:00Z,2025-05-04T17:45:00Z,2025-05-04,2025-05-04_20,0.0,100,100,0,171.00406622884486,165.99537057667095,0.013913043478260868,4.608,0.0,True,True,False,False,0.0,0.0,199.56602977517932,212.64541016213613,862.0458610089809,0.0,1274.2573009462963
2025-05-04T17:45:00Z,2025-05-04T18:00:00Z,2025-05-04,2025-05-04_20,0.0,100,100,0,165.99537057667095,152.5073270984101,0.03746678743961353,12.409,0.0,True,True,False,False,0.0,0.0,199.56602977517932,212.64541016213613,11597.564637454043,0.0,12009.776077391358
2025-05-04T18:00:00Z,2025-05-04T18:15:00Z,2025-05-04,2025-05-04_21,0.0,100,100,0,152.5073270984101,144.35460970710574,0.022646437198067634,7.500500000000001,0.0,True,True,False,False,0.0,0.0,199.56602977517932,212.64541016213613,3323.871447069697,0.0,3736.0828870070122
2025-05-04T18:15:00Z,2025-05-04T18:30:00Z,2025-05-04,2025-05-04_21,0.0,100,100,0,144.35460970710574,121.70950101145357,0.06290307971014493,20.8335,0.0,True,True,False,False,0.0,0.0,199.56602977517932,212.64541016213613,17760.093090531012,0.0,18172.30453046833
2025-05-04T18:30:00Z,2025-05-04T18:45:00Z,2025-05-04,2025-05-04_21,0.0,100,100,0,121.70950101145357,109.93613144623617,0.03270380434782609,10.8315,0.0,True,True,False,False,0.0,0.0,199.56602977517932,212.64541016213613,3136.3778708335844,0.0,3548.5893107709
2025-05-04T18:45:00Z,2025-05-04T19:00:00Z,2025-05-04,2025-05-04_21,0.0,100,100,0,109.93613144623617,105.49218014188835,0.014488420289855072,4.4435,0.4195,True,True,False,False,0.0,0.0,199.56602977517932,212.64541016213613,872.386722620698,-16.85754003174412,1267.7406225262694
2025-05-04T19:00:00Z,2025-05-04T19:15:00Z,2025-05-04,2025-05-04_22,1.0000000000001978,99,100,0,105.49218014188835,102.42637639406222,0.00855154152173928,2.576475,0.007000000000000001,True,True,False,False,26.670000000005277,0.0,197.57036947742753,217.97962750889036,485.90673423844254,-0.5484901452594781,927.5782410795063
2025-05-04T19:15:00Z,2025-05-04T19:30:00Z,2025-05-04,2025-05-04_22,1.0000000000001978,99,100,0,102.42637639406222,98.36627313319259,0.01127806461352672,3.485295,0.0,True,True,False,False,26.670000000005277,0.0,197.57036947742753,217.97962750889036,672.5219574076307,0.0,1114.7419543939538
2025-05-04T19:30:00Z,2025-05-04T19:45:00Z,2025-05-04,2025-05-04_22,1.0000000000001978,99,100,0,98.36627313319259,98.45978969840992,0.0036743817632851647,0.323235,0.7775,True,True,False,False,26.670000000005277,0.0,197.57036947742753,217.97962750889036,58.44765234163101,-31.47287133586483,469.19477799208937
2025-05-04T19:45:00Z,2025-05-04T20:00:00Z,2025-05-04,2025-05-04_22,1.0000000000001978,99,100,0,98.45978969840992,103.20792385493161,0.014370028454106372,0.0,5.4465,True,True,False,False,26.670000000005277,0.0,197.57036947742753,217.97962750889036,0.0,-181.82684979808334,260.3931471882398
2025-05-04T20:00:00Z,2025-05-04T20:15:00Z,2025-05-04,2025-05-04_23,99.52370685884905,0,100,0,103.20792385493161,76.9992394306457,0.07282063378781342,0.0,0.7695,True,True,False,False,2490.5807641426973,0.0,0.0,217.64812247604124,0.0,-33.74974775480682,2674.479138863932
2025-05-04T20:15:00Z,2025-05-04T20:30:00Z,2025-05-04,2025-05-04_23,99.52370685884905,0,100,0,76.9992394306457,51.99673715141733,0.06949716169879741,0.0,1.8799999999999997,True,True,False,False,2490.5807641426973,0.0,0.0,217.64812247604124,0.0,-77.75297450424928,2630.4759121144893
2025-05-04T20:30:00Z,2025-05-04T20:45:00Z,2025-05-04,2025-05-04_23,99.52370685884905,0,100,0,51.99673715141733,27.34234957501735,0.06853797862402962,0.0,2.2005,True,True,False,False,2490.5807641426973,0.0,0.0,217.64812247604124,0.0,-82.90747272617685,2625.321413892562
2025-05-04T20:45:00Z,2025-05-04T21:00:00Z,2025-05-04,2025-05-04_23,99.52370685884905,0,100,0,27.34234957501735,9.99999999999272,0.048390644897549774,0.0,8.9325,True,True,False,False,2490.5807641426973,0.0,0.0,217.64812247604124,0.0,3571.97525616298,6280.2041427817185
2025-05-04T21:00:00Z,2025-05-04T21:15:00Z,2025-05-05,2025-05-04_24,13.000000000000004,87,100,0,9.99999999999272,10.029858852166633,0.016738798743961357,0.0,3.7830000000000004,True,True,False,False,291.7850000000001,0.0,153.56488457597493,217.97962750889036,0.0,498.54685009945155,1161.8763621843168
2025-05-04T21:15:00Z,2025-05-04T21:30:00Z,2025-05-05,2025-05-04_24,13.000000000000004,87,100,0,10.029858852166633,19.31949655651446,0.03474126415458937,0.0,13.616,True,True,False,False,291.7850000000001,0.0,153.56488457597493,217.97962750889036,0.0,12944.944277419487,13608.273789504352
2025-05-04T21:30:00Z,2025-05-04T21:45:00Z,2025-05-05,2025-05-04_24,13.000000000000004,87,100,0,19.31949655651446,32.65187102607968,0.042600979806763285,0.0,17.909,True,True,False,False,291.7850000000001,0.0,153.56488457597493,217.97962750889036,0.0,5704.408516866574,6367.738028951439
2025-05-04T21:45:00Z,2025-05-04T22:00:00Z,2025-05-05,2025-05-04_24,13.000000000000004,87,100,0,32.65187102607968,46.37881961738403,0.04336809391304348,0.0,18.328,True,True,False,False,291.7850000000001,0.0,153.56488457597493,217.97962750889036,0.0,8636.357011230988,9299.686523315853
2025-05-04T22:00:00Z,2025-05-04T22:15:00Z,2025-05-05,2025-05-05_1,0.0,100,100,0,46.37881961738403,55.100419617384034,0.024226666666666667,0.0,9.48,True,True,False,False,0.0,0.0,176.5113615815804,217.64812247604124,0.0,1050.925224519318,1445.0847085769396
2025-05-04T22:15:00Z,2025-05-04T22:30:00Z,2025-05-05,2025-05-05_1,0.0,100,100,0,55.100419617384034,66.87549961738404,0.03270855555555556,0.0,12.799,True,True,False,False,0.0,0.0,176.5113615815804,217.64812247604124,0.0,11.77221023446447,405.9316942920861
2025-05-04T22:30:00Z,2025-05-04T22:45:00Z,2025-05-05,2025-05-05_1,0.0,100,100,0,66.87549961738404,83.42583961738404,0.04597316666666667,0.0,17.9895,True,True,False,False,0.0,0.0,176.5113615815804,217.64812247604124,0.0,7472.200663612802,7866.360147670423
2025-05-04T22:45:00Z,2025-05-04T23:00:00Z,2025-05-05,2025-05-05_1,0.0,100,100,0,83.42583961738404,100.48217961738405,0.04737872222222223,0.0,18.5395,True,True,False,False,0.0,0.0,176.5113615815804,217.64812247604124,0.0,12108.320169469393,12502.479653527014
2025-05-04T23:00:00Z,2025-05-04T23:15:00Z,2025-05-05,2025-05-05_2,0.0,100,100,0,100.48217961738405,105.06561961738404,0.01273177777777778,0.0,4.982,True,True,False,False,0.0,0.0,176.5113615815804,217.31661744319211,0.0,-58.6273087818697,335.2006702429028
2025-05-04T23:15:00Z,2025-05-04T23:30:00Z,2025-05-05,2025-05-05_2,0.0,100,100,0,105.06561961738404,109.36845961738405,0.011952333333333332,0.0,4.677,True,True,False,False,0.0,0.0,176.5113615815804,217.31661744319211,0.0,-44.90664215538545,348.92133686938706
2025-05-04T23:30:00Z,2025-05-04T23:45:00Z,2025-05-05,2025-05-05_2,0.0,100,100,0,109.36845961738405,112.17491961738405,0.007795722222222222,0.0,3.0505,True,True,False,False,0.0,0.0,176.5113615815804,217.31661744319211,0.0,-94.39370903903723,299.4342699857353
2025-05-04T23:45:00Z,2025-05-05T00:00:00Z,2025-05-05,2025-05-05_2,0.0,100,100,0,112.17491961738405,112.21377439999274,0.0002166256038647343,0.018,0.0635,True,True,False,False,0.0,0.0,176.5113615815804,217.31661744319211,2.6906153938882524,-4.9755891748538374,391.54300524380693
2025-05-05T00:00:00Z,2025-05-05T00:15:00Z,2025-05-05,2025-05-05_3,-57.97173855359691,100,42,0,112.21377439999274,124.19519860233765,0.03674728890778562,1.3655,0.0,True,True,False,False,-952.3307350892131,0.0,176.5113615815804,91.55144355373395,210.15224147630244,0.0,-474.11568847759634
2025-05-05T00:15:00Z,2025-05-05T00:30:00Z,2025-05-05,2025-05-05_3,-57.97173855359691,100,42,0,124.19519860233765,136.5167458298905,0.0368202932165251,1.022,0.0,True,True,False,False,-952.3307350892131,0.0,176.5113615815804,91.55144355373395,156.9637425913648,0.0,-527.304187362534
2025-05-05T00:30:00Z,2025-05-05T00:45:00Z,2025-05-05,2025-05-05_3,-57.97173855359691,100,42,0,136.5167458298905,148.75709920571978,0.03680286569595265,1.104,0.0,True,True,False,False,-952.3307350892131,0.0,176.5113615815804,91.55144355373395,165.5622928093545,0.0,-518.7056371445443
2025-05-05T00:45:00Z,2025-05-05T01:00:00Z,2025-05-05,2025-05-05_3,-57.97173855359691,100,42,0,148.75709920571978,161.57403217391285,0.0370073405342673,0.5535,0.034230000000000003,True,True,False,False,-952.3307350892131,0.0,176.5113615815804,91.55144355373395,82.73642336206377,-2.3361443734554883,-603.8676509652905
2025-05-05T01:00:00Z,2025-05-05T01:15:00Z,2025-05-05,2025-05-05_4,0.0,100,100,0,161.57403217391285,162.87997217391285,0.0036276111111111114,0.0,1.4195,True,True,False,False,0.0,0.0,176.5113615815804,217.31661744319211,0.0,-32.1397410242501,361.6882380005224
2025-05-05T01:15:00Z,2025-05-05T01:30:00Z,2025-05-05,2025-05-05_4,0.0,100,100,0,162.87997217391285,168.86457217391285,0.01662388888888889,0.0,6.505,True,True,False,False,0.0,0.0,176.5113615815804,217.31661744319211,0.0,-45.12710606151931,348.7008729632532
2025-05-05T01:30:00Z,2025-05-05T01:45:00Z,2025-05-05,2025-05-05_4,0.0,100,100,0,168.86457217391285,174.96923217391284,0.01695738888888889,0.0,6.6354999999999995,True,True,False,False,0.0,0.0,176.5113615815804,217.31661744319211,0.0,-21.46375544974183,372.3642235750307
2025-05-05T01:45:00Z,2025-05-05T02:00:00Z,2025-05-05,2025-05-05_4,0.0,100,100,0,174.96923217391284,181.43591217391284,0.017963000000000003,0.0,7.029000000000001,True,True,False,False,0.0,0.0,176.5113615815804,217.31661744319211,0.0,-37.029596166596356,356.7983828581761
2025-05-05T02:00:00Z,2025-05-05T02:15:00Z,2025-05-05,2025-05-05_5,0.0,100,100,0,181.43591217391284,187.22593217391284,0.01608338888888889,0.0,6.293500000000001,True,True,False,False,0.0,0.0,176.5113615815804,217.31661744319211,0.0,-58.17185240994115,335.65612661483135
2025-05-05T02:15:00Z,2025-05-05T02:30:00Z,2025-05-05,2025-05-05_5,0.0,100,100,0,187.22593217391284,187.64177217391284,0.001155111111111111,0.0,0.45199999999999996,True,True,False,False,0.0,0.0,176.5113615815804,217.31661744319211,0.0,-27.19946075181323,366.6285182729593
2025-05-05T02:30:00Z,2025-05-05T02:45:00Z,2025-05-05,2025-05-05_5,0.0,100,100,0,187.64177217391284,187.36330521739112,0.0008297415458937199,0.2655,0.011,True,True,False,False,0.0,0.0,176.5113615815804,217.31661744319211,40.03740853474776,-0.8619130854077512,433.0034744741125
2025-05-05T02:45:00Z,2025-05-05T03:00:00Z,2025-05-05,2025-05-05_5,0.0,100,100,0,187.36330521739112,185.39645739130415,0.0054634661835748785,1.8094999999999999,0.0,True,True,False,False,0.0,0.0,176.5113615815804,217.31661744319211,286.4970774315392,0.0,680.3250564563117
2025-05-05T03:00:00Z,2025-05-05T03:15:00Z,2025-05-05,2025-05-05_6,0.0,100,100,0,185.39645739130415,189.1328999999998,0.010949659420289855,0.0945,4.173,True,True,False,False,0.0,0.0,176.5113615815804,217.31661744319211,14.125730817913327,-49.95057440781147,358.00313543487437
2025-05-05T03:15:00Z,2025-05-05T03:30:00Z,2025-05-05,2025-05-05_6,0.0,100,100,0,189.1328999999998,189.9461956521737,0.002558067632850241,0.0495,0.9424999999999999,True,True,False,False,0.0,0.0,176.5113615815804,217.31661744319211,7.399192333192695,-41.30256815944387,359.9246031985213
2025-05-05T03:30:00Z,2025-05-05T03:45:00Z,2025-05-05,2025-05-05_6,0.0,100,100,0,189.9461956521737,185.1373843478259,0.013544364734299517,4.455,0.0365,True,True,False,False,0.0,0.0,176.5113615815804,217.31661744319211,794.0010638297873,-2.8599843288529927,1184.9690585257067
2025-05-05T03:45:00Z,2025-05-05T04:00:00Z,2025-05-05,2025-05-05_6,0.0,100,100,0,185.1373843478259,173.94173217391287,0.03109903381642512,10.3,0.0,True,True,False,False,0.0,0.0,176.5113615815804,217.31661744319211,1854.3600747393168,0.0,2248.188053764089
2025-05-05T04:00:00Z,2025-05-05T04:15:00Z,2025-05-05,2025-05-05_7,0.0,100,100,0,173.94173217391287,171.90617826086938,0.006093871980676328,1.9455,0.086,True,True,False,False,0.0,0.0,199.56602977517932,212.28376830811888,373.1484087758423,-5.955033050047215,779.0431738090933
2025-05-05T04:15:00Z,2025-05-05T04:30:00Z,2025-05-05,2025-05-05_7,0.0,100,100,0,171.90617826086938,163.7132434782607,0.022758152173913044,7.5375,0.0,True,True,False,False,0.0,0.0,199.56602977517932,212.28376830811888,1477.1685778434091,0.0,1889.0183759267074
2025-05-05T04:30:00Z,2025-05-05T04:45:00Z,2025-05-05,2025-05-05_7,0.0,100,100,0,163.7132434782607,153.85563478260852,0.027382246376811598,9.069,0.0,True,True,False,False,0.0,0.0,199.56602977517932,212.28376830811888,1788.5278584774883,0.0,2200.3776565607864
2025-05-05T04:45:00Z,2025-05-05T05:00:00Z,2025-05-05,2025-05-05_7,0.0,100,100,0,153.85563478260852,148.71650434782592,0.014275362318840577,4.728,0.0,True,True,False,False,0.0,0.0,199.56602977517932,212.28376830811888,904.8686974865892,0.0,1316.7184955698874
2025-05-05T05:00:00Z,2025-05-05T05:15:00Z,2025-05-05,2025-05-05_8,100.0,0,100,0,148.71650434782592,121.95943913043463,0.07432518115942029,0.0,0.3835,True,True,False,False,3167.0,0.0,0.0,213.6097884395154,0.0,-21.63119371948647,3358.978594720029
2025-05-05T05:15:00Z,2025-05-05T05:30:00Z,2025-05-05,2025-05-05_8,100.0,0,100,0,121.95943913043463,95.08933043478245,0.07463919082125604,0.0,0.2795,True,True,False,False,3167.0,0.0,0.0,213.6097884395154,0.0,-17.31964458642236,3363.290143853093
2025-05-05T05:30:00Z,2025-05-05T05:45:00Z,2025-05-05,2025-05-05_8,100.0,0,100,0,95.08933043478245,68.84802608695637,0.07289251207729468,0.0,0.8579999999999999,True,True,False,False,3167.0,0.0,0.0,213.6097884395154,0.0,-40.58834910493641,3340.021439334579
2025-05-05T05:45:00Z,2025-05-05T06:00:00Z,2025-05-05,2025-05-05_8,100.0,0,100,0,68.84802608695637,50.93552608695637,0.04975694444444444,0.0,8.5205,True,True,False,False,3167.0,0.0,0.0,213.6097884395154,0.0,1576.6014928776647,4957.21128131718
2025-05-05T06:00:00Z,2025-05-05T06:15:00Z,2025-05-05,2025-05-05_9,71.93094484033655,28,100,0,50.93552608695637,35.064243726168556,0.04915619799630709,0.0,3.5334999999999996,True,True,False,False,1996.0837193193393,0.0,54.32583931046953,206.8290036766922,0.0,-52.08066491873104,2205.15789738777
2025-05-05T06:15:00Z,2025-05-05T06:30:00Z,2025-05-05,2025-05-05_9,71.93094484033655,28,100,0,35.064243726168556,23.800575143149416,0.0427127286807677,0.0,7.9635,True,True,False,False,1996.0837193193393,0.0,54.32583931046953,206.8290036766922,0.0,3029.117132481466,5286.355694787967
2025-05-05T06:30:00Z,2025-05-05T06:45:00Z,2025-05-05,2025-05-05_9,71.93094484033655,28,100,0,23.800575143149416,20.946581774610763,0.030952306299098693,0.0,16.049,True,True,False,False,1996.0837193193393,0.0,54.32583931046953,206.8290036766922,0.0,10834.363163361662,13091.601725668163
2025-05-05T06:45:00Z,2025-05-05T07:00:00Z,2025-05-05,2025-05-05_9,71.93094484033655,28,100,0,20.946581774610763,10.264845450883172,0.04189893159678479,0.0,8.523,True,True,False,False,1996.0837193193393,0.0,54.32583931046953,206.8290036766922,0.0,1630.0980242300043,3887.3365865365054
2025-05-05T07:00:00Z,2025-05-05T07:15:00Z,2025-05-05,2025-05-05_10,13.727751803621514,86,100,0,10.264845450883172,10.267495926185877,0.01744973113308724,0.0,3.959,True,True,False,False,330.0494727385703,0.0,152.05894762220484,212.46458923512748,0.0,-140.17530990697767,554.397699688925
2025-05-05T07:15:00Z,2025-05-05T07:30:00Z,2025-05-05,2025-05-05_10,13.727751803621514,86,100,0,10.267495926185877,9.999999999999767,0.01693682451613386,0.0,3.6725,True,True,False,False,330.0494727385703,0.0,152.05894762220484,212.46458923512748,0.0,-101.12084463464127,593.4521649612614
2025-05-05T07:30:00Z,2025-05-05T07:45:00Z,2025-05-05,2025-05-05_10,13.727751803621514,86,100,0,9.999999999999767,13.41271840194923,0.023924170156514383,0.0,7.5755,True,True,False,False,330.0494727385703,0.0,152.05894762220484,212.46458923512748,0.0,-151.98030106684348,542.5927085290591
2025-05-05T07:45:00Z,2025-05-05T08:00:00Z,2025-05-05,2025-05-05_10,13.727751803621514,86,100,0,13.41271840194923,14.275782808695364,0.019083334232458803,0.0,4.8715,True,True,False,False,330.0494727385703,0.0,152.05894762220484,212.46458923512748,0.0,-133.7824909087256,560.7905186871769
2025-05-05T08:00:00Z,2025-05-05T08:15:00Z,2025-05-05,2025-05-05_11,2.999999999999987,97,100,0,14.275782808695364,12.885274547825802,0.006899161835748782,1.0505099999999998,0.6125,True,True,False,False,66.15749999999971,0.0,171.50834789946356,212.46458923512748,179.37627625821224,-29.579739517409042,599.926973875394
2025-05-05T08:15:00Z,2025-05-05T08:30:00Z,2025-05-05,2025-05-05_11,2.999999999999987,97,100,0,12.885274547825802,12.047332113043197,0.002612690096618348,0.06984,0.057499999999999996,True,True,False,False,66.15749999999971,0.0,171.50834789946356,212.46458923512748,10.439587728286421,-4.577784642275932,455.9922402206012
2025-05-05T08:30:00Z,2025-05-05T08:45:00Z,2025-05-05,2025-05-05_11,2.999999999999987,97,100,0,12.047332113043197,11.106696417391026,0.002712032487922696,0.13240500000000002,0.02,True,True,False,False,66.15749999999971,0.0,171.50834789946356,212.46458923512748,19.791718401543008,-1.6042834468486933,468.31787208928506
2025-05-05T08:45:00Z,2025-05-05T09:00:00Z,2025-05-05,2025-05-05_11,2.999999999999987,97,100,0,11.106696417391026,10.488639269564944,0.002909170966183565,0.023280000000000002,0.2405,True,True,False,False,66.15749999999971,0.0,171.50834789946356,212.46458923512748,3.479862576095474,-16.232699053703815,437.3776006569824
2025-05-05T09:00:00Z,2025-05-05T09:15:00Z,2025-05-05,2025-05-05_12,0.0,100,100,0,10.488639269564944,11.443098399999727,0.002669391304347826,0.003,1.041,True,True,False,False,0.0,0.0,176.81272979326144,212.46458923512748,0.4484358989813755,-50.52529986137063,339.2004550659997
2025-05-05T09:15:00Z,2025-05-05T09:30:00Z,2025-05-05,2025-05-05_12,0.0,100,100,0,11.443098399999727,14.067858399999727,0.007291000000000001,0.0,2.853,True,True,False,False,0.0,0.0,176.81272979326144,212.46458923512748,0.0,-108.21486950756436,281.06244952082454
2025-05-05T09:30:00Z,2025-05-05T09:45:00Z,2025-05-05,2025-05-05_12,0.0,100,100,0,14.067858399999727,15.492018399999727,0.003956,0.0,1.548,True,True,False,False,0.0,0.0,176.81272979326144,212.46458923512748,0.0,-73.89240672653848,315.3849123018504
2025-05-05T09:45:00Z,2025-05-05T10:00:00Z,2025-05-05,2025-05-05_12,0.0,100,100,0,15.492018399999727,15.976868834782335,0.0015460821256038648,0.033,0.566,True,True,False,False,0.0,0.0,176.81272979326144,212.46458923512748,4.93279488879513,-35.14219436240532,359.0679195547787
2025-05-05T10:00:00Z,2025-05-05T10:15:00Z,2025-05-05,2025-05-05_13,-100.0,100,0,0,15.976868834782335,36.95746883478233,0.058279444444444446,2.195,0.0,True,True,False,False,-1250.0,0.0,176.81272979326144,0.0,308.20317240270833,0.0,-764.9840978040302
2025-05-05T10:15:00Z,2025-05-05T10:30:00Z,2025-05-05,2025-05-05_13,-100.0,100,0,0,36.95746883478233,55.73926883478234,0.052171666666666665,4.585,0.0,True,True,False,False,-1250.0,0.0,176.81272979326144,0.0,643.7865810780946,0.0,-429.40068912864393
2025-05-05T10:30:00Z,2025-05-05T10:45:00Z,2025-05-05,2025-05-05_13,-100.0,100,0,0,55.73926883478234,73.72618883478233,0.04996366666666667,5.449,0.0,True,True,False,False,-1250.0,0.0,176.81272979326144,0.0,769.0782950595705,0.0,-304.1089751471681
2025-05-05T10:45:00Z,2025-05-05T11:00:00Z,2025-05-05,2025-05-05_13,-100.0,100,0,0,73.72618883478233,95.40598883478233,0.06022166666666668,1.435,0.0,True,True,False,False,-1250.0,0.0,176.81272979326144,0.0,201.4904566732968,0.0,-871.6968135334417
2025-05-05T11:00:00Z,2025-05-05T11:15:00Z,2025-05-05,2025-05-05_14,-100.0,100,0,0,95.40598883478233,106.76246883478234,0.03154577777777778,12.656,0.0,True,True,False,False,-1250.0,0.0,176.81272979326144,0.0,11827.683323890464,0.0,10754.496053683724
2025-05-05T11:15:00Z,2025-05-05T11:30:00Z,2025-05-05,2025-05-05_14,-100.0,100,0,0,106.76246883478234,107.43590883478234,0.001870666666666665,24.268,0.0,True,True,False,False,-1250.0,0.0,176.81272979326144,0.0,29249.53930846041,0.0,28176.352038253674
2025-05-05T11:30:00Z,2025-05-05T11:45:00Z,2025-05-05,2025-05-05_14,-100.0,100,0,0,107.43590883478234,118.28592883478234,0.03013894444444445,13.206499999999998,0.0,True,True,False,False,-1250.0,0.0,176.81272979326144,0.0,6215.102598999458,0.0,5141.915328792719
2025-05-05T11:45:00Z,2025-05-05T12:00:00Z,2025-05-05,2025-05-05_14,-100.0,100,0,0,118.28592883478234,128.43306883478235,0.0281865,13.9705,0.0,True,True,False,False,-1250.0,0.0,176.81272979326144,0.0,12170.819589335584,0.0,11097.632319128845
2025-05-05T12:00:00Z,2025-05-05T12:15:00Z,2025-05-05,2025-05-05_15,-91.99999999999996,100,8,0,128.43306883478235,142.0249474782606,0.04167236821256038,8.1085,0.0,True,True,False,False,-1353.5499999999995,0.0,176.81272979326144,16.997167138810198,1810.056090651558,0.0,650.3159875836301
2025-05-05T12:15:00Z,2025-05-05T12:30:00Z,2025-05-05,2025-05-05_15,-91.99999999999996,100,8,0,142.0249474782606,156.60151725217364,0.0438979595169082,7.0535,0.0,True,True,False,False,-1353.5499999999995,0.0,176.81272979326144,16.997167138810198,1184.268946316276,0.0,24.528843248348153
2025-05-05T12:30:00Z,2025-05-05T12:45:00Z,2025-05-05,2025-05-05_15,-91.99999999999996,100,8,0,156.60151725217364,168.32434946086926,0.0374479638647343,10.111,0.0,True,True,False,False,-1353.5499999999995,0.0,176.81272979326144,16.997167138810198,5308.982950796618,0.0,4149.24284772869
2025-05-05T12:45:00Z,2025-05-05T13:00:00Z,2025-05-05,2025-05-05_15,-91.99999999999996,100,8,0,168.32434946086926,187.11067036521706,0.0534209397101449,2.56,0.017079999999999998,True,True,False,False,-1353.5499999999995,0.0,176.81272979326144,16.997167138810198,481.638285817612,-1.0948900086392221,-679.1967072589551
2025-05-05T13:00:00Z,2025-05-05T13:15:00Z,2025-05-05,2025-05-05_16,-6.0,100,94,0,187.11067036521706,188.32645290434752,0.004415941835748793,0.183,0.035719999999999995,True,True,False,False,-104.82,0.0,176.81272979326144,200.42492917847025,27.3545898378639,-2.8366372049102924,296.93561160468533
2025-05-05T13:15:00Z,2025-05-05T13:30:00Z,2025-05-05,2025-05-05_16,-6.0,100,94,0,188.32645290434752,189.41780024347798,0.0046577885024154594,0.2865,0.02162,True,True,False,False,-104.82,0.0,176.81272979326144,200.42492917847025,42.82562835272135,-1.7346560906515582,313.5086312338015
2025-05-05T13:30:00Z,2025-05-05T13:45:00Z,2025-05-05,2025-05-05_16,-6.0,100,94,0,189.41780024347798,189.99999999999972,0.005968127342995169,0.7665,0.030080000000000003,True,True,False,False,-104.82,0.0,176.81272979326144,200.42492917847025,121.38506087637876,-2.4003807365439096,391.40233911156656
2025-05-05T13:45:00Z,2025-05-05T14:00:00Z,2025-05-05,2025-05-05_16,-6.0,100,94,0,189.99999999999972,171.88794020869537,0.05242743053140096,18.0995,0.0,True,True,False,False,-104.82,0.0,176.81272979326144,200.42492917847025,19381.92337592671,0.0,19654.341034898443
2025-05-05T14:00:00Z,2025-05-05T14:15:00Z,2025-05-05,2025-05-05_17,-8.988217721223026e-14,100,100,0,171.88794020869537,170.56787325217365,0.009255852657004878,2.14,1.0935,True,True,False,False,-2.4128870472623215e-12,0.0,176.81272979326144,219.63715267313603,415.08897193257394,-43.85204568742089,767.6868087115481
2025-05-05T14:15:00Z,2025-05-05T14:30:00Z,2025-05-05,2025-05-05_17,-8.988217721223026e-14,100,100,0,170.56787325217365,169.36515586086935,0.00334088164251213,1.1065,0.0,True,True,False,False,-2.4128870472623215e-12,0.0,176.81272979326144,219.63715267313603,200.0783557350371,0.0,596.5282382014321
2025-05-05T14:30:00Z,2025-05-05T14:45:00Z,2025-05-05,2025-05-05_17,-8.988217721223026e-14,100,100,0,169.36515586086935,165.92439499130415,0.009557669082125646,3.1655,0.0,True,True,False,False,-2.4128870472623215e-12,0.0,176.81272979326144,219.63715267313603,618.2363388785086,0.0,1014.6862213449036
2025-05-05T14:45:00Z,2025-05-05T15:00:00Z,2025-05-05,2025-05-05_17,-8.988217721223026e-14,100,100,0,165.92439499130415,154.25319933913025,0.03241998792270532,10.7375,0.0,True,True,False,False,-2.4128870472623215e-12,0.0,176.81272979326144,219.63715267313603,2475.348301287847,0.0,2871.798183754242
2025-05-05T15:00:00Z,2025-05-05T15:15:00Z,2025-05-05,2025-05-05_18,-51.0,100,49,0,154.25319933913025,165.30184326086936,0.03279300243961353,0.7105,0.033075,True,True,False,False,-1233.0525,0.0,176.81272979326144,107.43023325899584,129.30120748196813,-2.613764284853234,-822.1220937506279
2025-05-05T15:15:00Z,2025-05-05T15:30:00Z,2025-05-05,2025-05-05_18,-51.0,100,49,0,165.30184326086936,176.9870860869563,0.032722353260869565,0.089,0.048265,True,True,False,False,-1233.0525,0.0,176.81272979326144,107.43023325899584,16.093062503767104,-3.807924547445402,-936.524398991421
2025-05-05T15:30:00Z,2025-05-05T15:45:00Z,2025-05-05,2025-05-05_18,-51.0,100,49,0,176.9870860869563,179.58660163478237,0.03418863014492754,9.114,0.0,True,True,False,False,-1233.0525,0.0,176.81272979326144,107.43023325899584,1806.6788789102527,0.0,857.86934196251
2025-05-05T15:45:00Z,2025-05-05T16:00:00Z,2025-05-05,2025-05-05_18,-51.0,100,49,0,179.58660163478237,184.22529878260846,0.0338301068115942,7.0785,0.0,True,True,False,False,-1233.0525,0.0,176.81272979326144,107.43023325899584,1324.033474775481,0.0,375.2239378277382
2025-05-05T16:00:00Z,2025-05-05T16:15:00Z,2025-05-05,2025-05-05_19,0.0,100,100,0,184.22529878260846,186.63275878260848,0.008840166666666666,0.3565,3.038,True,True,False,False,0.0,0.0,202.67012235549396,213.6097884395154,64.46266047857273,-65.7717569766741,414.970814296908
2025-05-05T16:15:00Z,2025-05-05T16:30:00Z,2025-05-05,2025-05-05_19,0.0,100,100,0,186.63275878260848,189.00911878260848,0.006601000000000001,0.0,2.583,True,True,False,False,0.0,0.0,202.67012235549396,213.6097884395154,0.0,-83.5431034898439,332.7368073051655
2025-05-05T16:30:00Z,2025-05-05T16:45:00Z,2025-05-05,2025-05-05_19,0.0,100,100,0,189.00911878260848,189.04040052173892,0.003314550724637681,0.5345,0.6655,True,True,False,False,0.0,0.0,202.67012235549396,213.6097884395154,96.64878548610693,-28.900239688184357,484.02845659293195
2025-05-05T16:45:00Z,2025-05-05T17:00:00Z,2025-05-05,2025-05-05_19,0.0,100,100,0,189.04040052173892,187.04312313043457,0.005647659420289855,1.854,0.0195,True,True,False,False,0.0,0.0,202.67012235549396,213.6097884395154,340.2620613585679,-1.5279368332228318,755.0140353203544
2025-05-05T17:00:00Z,2025-05-05T17:15:00Z,2025-05-05,2025-05-05_20,0.0,100,100,0,187.04312313043457,182.94302313043457,0.011874722222222222,3.8525000000000005,0.095,True,True,False,False,0.0,0.0,202.67012235549396,213.6097884395154,879.3077953910757,-7.383824563518374,1288.2038816225668
2025-05-05T17:15:00Z,2025-05-05T17:30:00Z,2025-05-05,2025-05-05_20,0.0,100,100,0,182.94302313043457,167.64628399999978,0.0424909420289855,14.072999999999999,0.0,True,True,False,False,0.0,0.0,202.67012235549396,213.6097884395154,3283.637796395636,0.0,3699.9177071906456
2025-05-05T17:30:00Z,2025-05-05T17:45:00Z,2025-05-05,2025-05-05_20,0.0,100,100,0,167.64628399999978,153.98650139130413,0.03794384057971015,12.567,0.0,True,True,False,False,0.0,0.0,202.67012235549396,213.6097884395154,2880.290349587126,0.0,3296.5702603821355
2025-05-05T17:45:00Z,2025-05-05T18:00:00Z,2025-05-05,2025-05-05_20,0.0,100,100,0,153.98650139130413,144.799544869565,0.025519323671497583,8.452,0.0,True,True,False,False,0.0,0.0,202.67012235549396,213.6097884395154,1895.3906744620579,0.0,2311.670585257067
2025-05-05T18:00:00Z,2025-05-05T18:15:00Z,2025-05-05,2025-05-05_21,99.99999999999991,0,100,0,144.799544869565,117.62563182608677,0.07548309178743956,0.0,0.0,True,True,False,False,6645.2499999999945,0.0,0.0,212.64541016213613,0.0,0.0,6857.89541016213
2025-05-05T18:15:00Z,2025-05-05T18:30:00Z,2025-05-05,2025-05-05_21,99.99999999999991,0,100,0,117.62563182608677,90.45171878260854,0.07548309178743955,0.0,0.0,True,True,False,False,6645.2499999999945,0.0,0.0,212.64541016213613,0.0,0.0,6857.89541016213
2025-05-05T18:30:00Z,2025-05-05T18:45:00Z,2025-05-05,2025-05-05_21,99.99999999999991,0,100,0,90.45171878260854,63.27780573913031,0.07548309178743955,0.0,0.0,True,True,False,False,6645.2499999999945,0.0,0.0,212.64541016213613,0.0,0.0,6857.89541016213
2025-05-05T18:45:00Z,2025-05-05T19:00:00Z,2025-05-05,2025-05-05_21,99.99999999999991,0,100,0,63.27780573913031,44.7337839999999,0.05151117149758452,0.0,7.939499999999999,True,True,False,False,6645.2499999999945,0.0,0.0,212.64541016213613,0.0,-32.46432885299258,6825.431081309138
2025-05-05T19:00:00Z,2025-05-05T19:15:00Z,2025-05-05,2025-05-05_22,89.89746242952147,10,100,0,44.7337839999999,31.539997243674534,0.04207058646736255,0.0,10.499,True,True,False,False,2931.7809934827687,0.0,19.95660297751793,217.97962750889036,0.0,-82.01045165049324,3087.7067723186838
2025-05-05T19:15:00Z,2025-05-05T19:30:00Z,2025-05-05,2025-05-05_22,89.89746242952147,10,100,0,31.539997243674534,15.064780494656084,0.04960227661689431,0.0,7.4325,True,True,False,False,2931.7809934827687,0.0,19.95660297751793,217.97962750889036,0.0,-82.77248206859142,3086.9447419005855
2025-05-05T19:30:00Z,2025-05-05T19:45:00Z,2025-05-05,2025-05-05_22,89.89746242952147,10,100,0,15.064780494656084,13.432242602200297,0.015534672436532289,0.0,21.303,True,True,False,False,2931.7809934827687,0.0,19.95660297751793,217.97962750889036,0.0,13019.204778494366,16188.922002463543
2025-05-05T19:45:00Z,2025-05-05T20:00:00Z,2025-05-05,2025-05-05_22,89.89746242952147,10,100,0,13.432242602200297,13.333678260869743,0.012013825272223222,0.0,22.7365,True,True,False,False,2931.7809934827687,0.0,19.95660297751793,217.97962750889036,0.0,16751.597046892894,19921.31427086207
2025-05-05T20:00:00Z,2025-05-05T20:15:00Z,2025-05-05,2025-05-05_23,6.245296564773273e-14,100,100,0,13.333678260869743,15.336454782608858,0.008344065217391344,0.4605000000000001,2.721,True,True,False,False,1.6970032090630177e-12,0.0,176.5113615815804,217.64812247604124,75.11313543487435,282.07366524019056,751.3462847326882
2025-05-05T20:15:00Z,2025-05-05T20:30:00Z,2025-05-05,2025-05-05_23,6.245296564773273e-14,100,100,0,15.336454782608858,16.15839826086971,0.002419045893719851,0.0225,0.9199999999999999,True,True,False,False,1.6970032090630177e-12,0.0,176.5113615815804,217.64812247604124,3.3632692423603157,-38.477230627046794,359.04552267293684
2025-05-05T20:30:00Z,2025-05-05T20:45:00Z,2025-05-05,2025-05-05_23,6.245296564773273e-14,100,100,0,16.15839826086971,13.354517391304476,0.007924002415458983,2.602,0.0265,True,True,False,False,1.6970032090630177e-12,0.0,176.5113615815804,217.64812247604124,477.89068169489485,-2.07642697848231,869.9737387740358
2025-05-05T20:45:00Z,2025-05-05T21:00:00Z,2025-05-05,2025-05-05_23,6.245296564773273e-14,100,100,0,13.354517391304476,10.000000000000114,0.010071992753623233,3.211,0.1475,True,True,False,False,1.6970032090630177e-12,0.0,176.5113615815804,217.64812247604124,593.4547065678179,-6.113161252084464,981.5010293733567
2025-05-05T21:00:00Z,2025-05-05T21:15:00Z,2025-05-06,2025-05-05_24,-100.0,100,0,0,10.000000000000114,25.528680000000115,0.04313522222222222,8.121,0.0,True,True,False,False,-2456.75,0.0,176.50426921145154,0.0,1522.2074187845303,0.0,-758.0383120040182
2025-05-05T21:15:00Z,2025-05-05T21:30:00Z,2025-05-06,2025-05-05_24,-100.0,100,0,0,25.528680000000115,40.00212000000012,0.040204000000000004,9.268,0.0,True,True,False,False,-2456.75,0.0,176.50426921145154,0.0,6754.242827122051,0.0,4473.997096333502
2025-05-05T21:30:00Z,2025-05-05T21:45:00Z,2025-05-06,2025-05-05_24,-100.0,100,0,0,40.00212000000012,60.09216000000012,0.05580566666666667,3.163,0.0,True,True,False,False,-2456.75,0.0,176.50426921145154,0.0,568.3188164741335,0.0,-1711.926914314415
2025-05-05T21:45:00Z,2025-05-05T22:00:00Z,2025-05-06,2025-05-05_24,-100.0,100,0,0,60.09216000000012,81.96884000000011,0.06076855555555556,1.221,0.0,True,True,False,False,-2456.75,0.0,176.50426921145154,0.0,214.67743425414366,0.0,-2065.568296534405
2025-05-05T22:00:00Z,2025-05-05T22:15:00Z,2025-05-06,2025-05-06_1,0.0,100,100,0,81.96884000000011,81.82382347826098,0.0005663792270531401,0.1605,0.032,True,True,False,False,0.0,0.0,176.50426921145154,215.77096936212956,23.990356604721246,-2.5597171270718233,413.7058780512305
2025-05-05T22:15:00Z,2025-05-05T22:30:00Z,2025-05-06,2025-05-06_1,0.0,100,100,0,81.82382347826098,85.32877304347836,0.009745028985507248,0.0015,3.8115,True,True,False,False,0.0,0.0,176.50426921145154,215.77096936212956,0.22420894023103966,-145.35770718232044,247.14174033149172
2025-05-05T22:30:00Z,2025-05-05T22:45:00Z,2025-05-06,2025-05-06_1,0.0,100,100,0,85.32877304347836,87.93559304347836,0.007241166666666667,0.0,2.8335,True,True,False,False,0.0,0.0,176.50426921145154,215.77096936212956,0.0,-126.87818121546961,265.3970573581115
2025-05-05T22:45:00Z,2025-05-05T23:00:00Z,2025-05-06,2025-05-06_1,0.0,100,100,0,87.93559304347836,90.98907304347836,0.00848188888888889,0.0,3.319,True,True,False,False,0.0,0.0,176.50426921145154,215.77096936212956,0.0,-147.76434716223002,244.51089141135108
2025-05-05T23:00:00Z,2025-05-05T23:15:00Z,2025-05-06,2025-05-06_2,0.0,100,100,0,90.98907304347836,91.52221304347836,0.0014809444444444447,0.0,0.5795,True,True,False,False,0.0,0.0,176.50426921145154,215.77096936212956,0.0,-39.12669904570568,353.1485395278754
2025-05-05T23:15:00Z,2025-05-05T23:30:00Z,2025-05-06,2025-05-06_2,0.0,100,100,0,91.52221304347836,91.35992782608706,0.00056068115942029,0.1675,0.0215,True,True,False,False,0.0,0.0,176.50426921145154,215.77096936212956,27.549114515318937,-1.6845806127574083,418.13977247614264
2025-05-05T23:30:00Z,2025-05-05T23:45:00Z,2025-05-06,2025-05-06_2,0.0,100,100,0,91.35992782608706,86.78003652173923,0.012721920289855072,4.2135,0.0,True,True,False,False,0.0,0.0,176.50426921145154,215.77096936212956,712.8023026619788,0.0,1105.07754123556
2025-05-05T23:45:00Z,2025-05-06T00:00:00Z,2025-05-06,2025-05-06_2,0.0,100,100,0,86.78003652173923,83.81628260869574,0.008237760869565217,2.7275,0.001,True,True,False,False,0.0,0.0,176.50426921145154,215.77096936212956,461.5258779507785,-0.07835258663987946,853.7227639377197
2025-05-06T00:00:00Z,2025-05-06T00:15:00Z,2025-05-06,2025-05-06_3,-58.26793553784714,100,41,0,83.81628260869574,91.47482722019029,0.035897597959095556,5.803,0.0,True,True,False,False,-1106.7994355414064,0.0,176.50426921145154,88.34254143646407,964.6562109492717,0.0,122.70358605578087
2025-05-06T00:15:00Z,2025-05-06T00:30:00Z,2025-05-06,2025-05-06_3,-58.26793553784714,100,41,0,91.47482722019029,97.00359251583501,0.03540469664227555,7.954999999999999,0.0,True,True,False,False,-1106.7994355414064,0.0,176.50426921145154,88.34254143646407,1416.2984510296333,0.0,574.3458261361425
2025-05-06T00:30:00Z,2025-05-06T00:45:00Z,2025-05-06,2025-05-06_3,-58.26793553784714,100,41,0,97.00359251583501,101.18887480903264,0.035093770277227626,9.3125,0.0,True,True,False,False,-1106.7994355414064,0.0,176.50426921145154,88.34254143646407,2250.197476142642,0.0,1408.244851249151
2025-05-06T00:45:00Z,2025-05-06T01:00:00Z,2025-05-06,2025-05-06_3,-58.26793553784714,100,41,0,101.18887480903264,104.12766219130422,0.03480529016173749,10.572,0.0,True,True,False,False,-1106.7994355414064,0.0,176.50426921145154,88.34254143646407,4122.5723740833755,0.0,3280.6197491898847
2025-05-06T01:00:00Z,2025-05-06T01:15:00Z,2025-05-06,2025-05-06_4,0.0,100,100,0,104.12766219130422,100.34710306086944,0.010521997584541063,3.4815,0.004,True,True,False,False,0.0,0.0,176.50426921145154,217.63937719738823,583.6462839779006,-0.3134103465595178,977.4765200401808
2025-05-06T01:15:00Z,2025-05-06T01:30:00Z,2025-05-06,2025-05-06_4,0.0,100,100,0,100.34710306086944,99.3210161043477,0.0028502415458937194,0.9439999999999998,0.0,True,True,False,False,0.0,0.0,176.50426921145154,217.63937719738823,155.70414706177797,0.0,549.8477934706177
2025-05-06T01:30:00Z,2025-05-06T01:45:00Z,2025-05-06,2025-05-06_4,0.0,100,100,0,99.3210161043477,99.16625436521727,0.0005091159420289855,0.1555,0.0155,True,True,False,False,0.0,0.0,176.50426921145154,217.63937719738823,25.12739417378202,-1.2424912104470114,418.0285493721748
2025-05-06T01:45:00Z,2025-05-06T02:00:00Z,2025-05-06,2025-05-06_4,0.0,100,100,0,99.16625436521727,100.46023958260858,0.0036940410628019324,0.0165,1.426,True,True,False,False,0.0,0.0,176.50426921145154,217.63937719738823,2.466298342541436,-29.637594374686085,366.97235037669515
2025-05-06T02:00:00Z,2025-05-06T02:15:00Z,2025-05-06,2025-05-06_5,0.0,100,100,0,100.46023958260858,104.01097958260858,0.00986316666666667,0.0,3.8595000000000006,True,True,False,False,0.0,0.0,176.50426921145154,217.63937719738823,0.0,-77.84675469613262,316.2968917127072
2025-05-06T02:15:00Z,2025-05-06T02:30:00Z,2025-05-06,2025-05-06_5,0.0,100,100,0,104.01097958260858,105.15545958260859,0.003179111111111111,0.0,1.244,True,True,False,False,0.0,0.0,176.50426921145154,217.63937719738823,0.0,-88.15792506278252,305.98572134605723
2025-05-06T02:30:00Z,2025-05-06T02:45:00Z,2025-05-06,2025-05-06_5,0.0,100,100,0,105.15545958260859,105.85461871304337,0.0019602246376811596,0.003,0.7635,True,True,False,False,0.0,0.0,176.50426921145154,217.63937719738823,0.4484178804620793,-42.41578041185333,352.1762838774485
2025-05-06T02:45:00Z,2025-05-06T03:00:00Z,2025-05-06,2025-05-06_5,0.0,100,100,0,105.85461871304337,105.8006952347825,0.0002698985507246377,0.0695,0.0235,True,True,False,False,0.0,0.0,176.50426921145154,217.63937719738823,10.646045605223506,-1.8675028628829733,402.9221891511803
2025-05-06T03:00:00Z,2025-05-06T03:15:00Z,2025-05-06,2025-05-06_6,0.0,100,100,0,105.8006952347825,99.6164152347825,0.017196444444444445,5.6925,0.0035000000000000005,True,True,False,False,0.0,0.0,175.9316926167755,217.63937719738823,1045.5672928176796,-0.2805625313912607,1438.857800100452
2025-05-06T03:15:00Z,2025-05-06T03:30:00Z,2025-05-06,2025-05-06_6,0.0,100,100,0,99.6164152347825,89.85174132173901,0.02712409420289855,8.9835,0.0,True,True,False,False,0.0,0.0,175.9316926167755,217.63937719738823,1658.549923154194,0.0,2052.1209929683578
2025-05-06T03:30:00Z,2025-05-06T03:45:00Z,2025-05-06,2025-05-06_6,0.0,100,100,0,89.85174132173901,80.26641523478249,0.02662590579710145,8.8185,0.0,True,True,False,False,0.0,0.0,175.9316926167755,217.63937719738823,1629.6021064791562,0.0,2023.17317629332
2025-05-06T03:45:00Z,2025-05-06T04:00:00Z,2025-05-06,2025-05-06_6,0.0,100,100,0,80.26641523478249,68.97837175652161,0.03135567632850241,10.385,0.0,True,True,False,False,0.0,0.0,175.9316926167755,217.63937719738823,1925.6867423405324,0.0,2319.2578121546962
2025-05-06T04:00:00Z,2025-05-06T04:15:00Z,2025-05-06,2025-05-06_7,0.0,100,100,0,68.97837175652161,65.55337175652161,0.009513888888888888,3.151,0.0,True,True,False,False,0.0,0.0,197.68960321446508,192.26519337016575,614.6801775991964,0.0,1004.6349741838272
2025-05-06T04:15:00Z,2025-05-06T04:30:00Z,2025-05-06,2025-05-06_7,0.0,100,100,0,65.55337175652161,59.03869784347813,0.018096316425120773,5.9935,0.0,True,True,False,False,0.0,0.0,197.68960321446508,192.26519337016575,1183.265608638875,0.0,1573.2204052235058
2025-05-06T04:30:00Z,2025-05-06T04:45:00Z,2025-05-06,2025-05-06_7,0.0,100,100,0,59.03869784347813,50.3446761043477,0.02415006038647343,7.9985,0.0,True,True,False,False,0.0,0.0,197.68960321446508,192.26519337016575,1611.655568056253,0.0,2001.610364640884
2025-05-06T04:45:00Z,2025-05-06T05:00:00Z,2025-05-06,2025-05-06_7,0.0,100,100,0,50.3446761043477,44.184350017391175,0.01711201690821256,5.6675,0.0,True,True,False,False,0.0,0.0,197.68960321446508,192.26519337016575,1111.89802913109,0.0,1501.8528257157209
2025-05-06T05:00:00Z,2025-05-06T05:15:00Z,2025-05-06,2025-05-06_8,0.0,100,100,0,44.184350017391175,43.233856104347694,0.0027884830917874396,0.899,0.029,True,True,False,False,0.0,0.0,197.68960321446508,192.26519337016575,169.4732849824209,-2.291212656956304,557.1368689100955
2025-05-06T05:15:00Z,2025-05-06T05:30:00Z,2025-05-06,2025-05-06_8,0.0,100,100,0,43.233856104347694,33.39472566956509,0.02733091787439613,9.052,0.0,True,True,False,False,0.0,0.0,197.68960321446508,192.26519337016575,1912.9081032646911,0.0,2302.862899849322
2025-05-06T05:30:00Z,2025-05-06T05:45:00Z,2025-05-06,2025-05-06_8,0.0,100,100,0,33.39472566956509,13.518638713043352,0.05521135265700483,18.286,0.0,True,True,False,False,0.0,0.0,197.68960321446508,192.26519337016575,13355.150250929182,0.0,13745.105047513813
2025-05-06T05:45:00Z,2025-05-06T06:00:00Z,2025-05-06,2025-05-06_8,0.0,100,100,0,13.518638713043352,11.536327408695527,0.006395753623188406,1.971,0.174,True,True,False,False,0.0,0.0,197.68960321446508,192.26519337016575,376.3693301858363,-13.05274414866901,753.2713826217981
2025-05-06T06:00:00Z,2025-05-06T06:15:00Z,2025-05-06,2025-05-06_9,0.0,100,100,0,11.536327408695527,11.55549697391292,0.0011734178743961353,0.1855,0.24,True,True,False,False,0.0,0.0,200.58262179809142,211.61225514816672,27.545939427423402,-18.50104671019588,421.2397696634857
2025-05-06T06:15:00Z,2025-05-06T06:30:00Z,2025-05-06,2025-05-06_9,0.0,100,100,0,11.55549697391292,11.663724799999876,0.0003459227053140097,0.0075,0.1265,True,True,False,False,0.0,0.0,200.58262179809142,211.61225514816672,1.0547463586137618,-10.128183425414365,403.12143987945757
2025-05-06T06:30:00Z,2025-05-06T06:45:00Z,2025-05-06,2025-05-06_9,0.0,100,100,0,11.663724799999876,11.517248278260746,0.0006317681159420289,0.172,0.044,True,True,False,False,0.0,0.0,200.58262179809142,211.61225514816672,25.29383103967855,-3.52446408839779,433.9642438975389
2025-05-06T06:45:00Z,2025-05-06T07:00:00Z,2025-05-06,2025-05-06_9,0.0,100,100,0,11.517248278260746,11.519318713043356,0.0004133599033816426,0.0675,0.082,True,True,False,False,0.0,0.0,200.58262179809142,211.61225514816672,9.735812154696132,-6.5315985936715215,415.3990905072828
2025-05-06T07:00:00Z,2025-05-06T07:15:00Z,2025-05-06,2025-05-06_10,2.0,98,100,0,11.519318713043356,10.140534365217269,0.0038925676328502414,0.7791,0.0125,True,True,False,False,46.18,0.0,172.5607232546459,216.97639377197387,134.6635414565545,-0.9992968357609242,569.3813616474133
2025-05-06T07:15:00Z,2025-05-06T07:30:00Z,2025-05-06,2025-05-06_10,2.0,98,100,0,10.140534365217269,10.142755182608575,0.003141917729468599,0.031849999999999996,0.6285,True,True,False,False,46.18,0.0,172.5607232546459,216.97639377197387,4.950504208940231,-39.95163947764942,400.7159817579106
2025-05-06T07:30:00Z,2025-05-06T07:45:00Z,2025-05-06,2025-05-06_10,2.0,98,100,0,10.142755182608575,13.875129860869446,0.013209132560386475,0.06468,4.707,True,True,False,False,46.18,0.0,172.5607232546459,216.97639377197387,10.536349259668508,1419.0638067302864,1865.3172730165747
2025-05-06T07:45:00Z,2025-05-06T08:00:00Z,2025-05-06,2025-05-06_10,2.0,98,100,0,13.875129860869446,34.4918144521738,0.057520138357487934,0.0,22.917,True,True,False,False,46.18,0.0,172.5607232546459,216.97639377197387,0.0,18972.720714213963,19408.437831240582
2025-05-06T08:00:00Z,2025-05-06T08:15:00Z,2025-05-06,2025-05-06_11,28.0,72,100,0,34.4918144521738,36.588300226086844,0.031119948405797102,0.0,10.039,True,True,False,False,580.86,0.0,126.77930688096431,216.97639377197387,0.0,1340.3229745856354,2264.9386752385735
2025-05-06T08:15:00Z,2025-05-06T08:30:00Z,2025-05-06,2025-05-06_11,28.0,72,100,0,36.588300226086844,42.47733772173902,0.0350217225120773,0.0,13.962,True,True,False,False,580.86,0.0,126.77930688096431,216.97639377197387,0.0,10907.235015971872,11831.85071662481
2025-05-06T08:30:00Z,2025-05-06T08:45:00Z,2025-05-06,2025-05-06_11,28.0,72,100,0,42.47733772173902,50.4410160521738,0.03715611130434783,0.0,16.108,True,True,False,False,580.86,0.0,126.77930688096431,216.97639377197387,0.0,7891.699966649924,8816.315667302862
2025-05-06T08:45:00Z,2025-05-06T09:00:00Z,2025-05-06,2025-05-06_11,28.0,72,100,0,50.4410160521738,57.47564972173902,0.036200310917874394,0.0,15.146999999999998,True,True,False,False,580.86,0.0,126.77930688096431,216.97639377197387,0.0,9174.401721546961,10099.017422199899
2025-05-06T09:00:00Z,2025-05-06T09:15:00Z,2025-05-06,2025-05-06_12,0.0,100,100,0,57.47564972173902,61.189689721739015,0.010316777777777779,0.0,4.037,True,True,False,False,0.0,0.0,176.082370668006,216.97639377197387,0.0,-71.61082430939226,321.44794013058765
2025-05-06T09:15:00Z,2025-05-06T09:30:00Z,2025-05-06,2025-05-06_12,0.0,100,100,0,61.189689721739015,72.04016972173902,0.030140222222222224,0.0,11.794,True,True,False,False,0.0,0.0,176.082370668006,216.97639377197387,0.0,451.223867805123,844.2826322451028
2025-05-06T09:30:00Z,2025-05-06T09:45:00Z,2025-05-06,2025-05-06_12,0.0,100,100,0,72.04016972173902,88.42904972173902,0.045524666666666665,0.0,17.814,True,True,False,False,0.0,0.0,176.082370668006,216.97639377197387,0.0,3725.278711401306,4118.337475841286
2025-05-06T09:45:00Z,2025-05-06T10:00:00Z,2025-05-06,2025-05-06_12,0.0,100,100,0,88.42904972173902,106.83318972173902,0.05112261111111112,0.0,20.0045,True,True,False,False,0.0,0.0,176.082370668006,216.97639377197387,0.0,13174.901405725766,13567.960170165747
2025-05-06T10:00:00Z,2025-05-06T10:15:00Z,2025-05-06,2025-05-06_13,0.0,100,100,0,106.83318972173902,115.06534972173901,0.022867111111111112,0.0,8.948,True,True,False,False,0.0,0.0,176.082370668006,216.97639377197387,0.0,3096.4610177800105,3489.5197822199902
2025-05-06T10:15:00Z,2025-05-06T10:30:00Z,2025-05-06,2025-05-06_13,0.0,100,100,0,115.06534972173901,131.154769721739,0.044692833333333334,0.0,17.4885,True,True,False,False,0.0,0.0,176.082370668006,216.97639377197387,0.0,4463.0406054244095,4856.09936986439
2025-05-06T10:30:00Z,2025-05-06T10:45:00Z,2025-05-06,2025-05-06_13,0.0,100,100,0,131.154769721739,133.59653493913032,0.006812874396135265,0.005,2.66,True,True,False,False,0.0,0.0,176.082370668006,216.97639377197387,0.7385233550979408,-21.51620693119036,372.28108086388744
2025-05-06T10:45:00Z,2025-05-06T11:00:00Z,2025-05-06,2025-05-06_13,0.0,100,100,0,133.59653493913032,137.13519059130425,0.00985073429951691,0.0035000000000000005,3.8505,True,True,False,False,0.0,0.0,176.082370668006,216.97639377197387,0.49221496735308895,-63.60693360120542,329.9440458061276
2025-05-06T11:00:00Z,2025-05-06T11:15:00Z,2025-05-06,2025-05-06_14,0.0,100,100,0,137.13519059130425,140.82485059130425,0.010249055555555556,0.0,4.0105,True,True,False,False,0.0,0.0,176.082370668006,216.97639377197387,0.0,-122.10693410346562,270.95183033651426
2025-05-06T11:15:00Z,2025-05-06T11:30:00Z,2025-05-06,2025-05-06_14,0.0,100,100,0,140.82485059130425,144.99705059130426,0.011589444444444446,0.0,4.535,True,True,False,False,0.0,0.0,176.082370668006,216.97639377197387,0.0,-138.97280863887494,254.08595580110494
2025-05-06T11:30:00Z,2025-05-06T11:45:00Z,2025-05-06,2025-05-06_14,0.0,100,100,0,144.99705059130426,142.81946624347816,0.006194512077294686,2.0275,0.028499999999999998,True,True,False,False,0.0,0.0,176.082370668006,216.97639377197387,306.0524997488699,-1.9116042189854343,697.1996599698643
2025-05-06T11:45:00Z,2025-05-06T12:00:00Z,2025-05-06,2025-05-06_14,0.0,100,100,0,142.81946624347816,131.55044450434772,0.0313028381642512,10.3675,0.0,True,True,False,False,0.0,0.0,176.082370668006,216.97639377197387,4386.697016574585,0.0,4779.755781014565
2025-05-06T12:00:00Z,2025-05-06T12:15:00Z,2025-05-06,2025-05-06_15,-100.0,100,0,0,131.55044450434772,143.60796450434773,0.03349311111111112,11.894,0.0,True,True,False,False,-1671.0,0.0,176.082370668006,0.0,3723.6523696634863,0.0,2228.7347403314925
2025-05-06T12:15:00Z,2025-05-06T12:30:00Z,2025-05-06,2025-05-06_15,-100.0,100,0,0,143.60796450434773,161.33866450434775,0.04925194444444445,5.7275,0.0,True,True,False,False,-1671.0,0.0,176.082370668006,0.0,914.7775439477649,0.0,-580.1400853842291
2025-05-06T12:30:00Z,2025-05-06T12:45:00Z,2025-05-06,2025-05-06_15,-100.0,100,0,0,161.33866450434775,169.70606450434775,0.023242777777777782,15.905,0.0,True,True,False,False,-1671.0,0.0,176.082370668006,0.0,16237.594240080361,0.0,14742.676610748367
2025-05-06T12:45:00Z,2025-05-06T13:00:00Z,2025-05-06,2025-05-06_15,-100.0,100,0,0,169.70606450434775,183.89154450434773,0.03940411111111111,9.581,0.0,True,True,False,False,-1671.0,0.0,176.082370668006,0.0,7181.767460773481,0.0,5686.8498314414865
2025-05-06T13:00:00Z,2025-05-06T13:15:00Z,2025-05-06,2025-05-06_16,-26.0,100,74,0,183.89154450434773,189.99999999999994,0.017113161400966186,0.0325,0.17649,True,True,False,False,-519.285,0.0,176.082370668006,160.56253139126068,4.64128729281768,-9.308921171270718,-187.30773181918633
2025-05-06T13:15:00Z,2025-05-06T13:30:00Z,2025-05-06,2025-05-06_16,-26.0,100,74,0,189.99999999999994,189.9023774608695,0.025753947053140096,5.824,0.0,True,True,False,False,-519.285,0.0,176.082370668006,160.56253139126068,989.6774975389252,0.0,807.0373995981919
2025-05-06T13:30:00Z,2025-05-06T13:45:00Z,2025-05-06,2025-05-06_16,-26.0,100,74,0,189.9023774608695,184.71485039999993,0.03341091516908212,10.7015,0.0,True,True,False,False,-519.285,0.0,176.082370668006,160.56253139126068,2940.269105876444,0.0,2757.629007935711
2025-05-06T13:45:00Z,2025-05-06T14:00:00Z,2025-05-06,2025-05-06_16,-26.0,100,74,0,184.71485039999993,176.38207019130428,0.038142458357487925,13.7155,0.0,True,True,False,False,-519.285,0.0,176.082370668006,160.56253139126068,10901.062867001507,0.0,10718.422769060773
2025-05-06T14:00:00Z,2025-05-06T14:15:00Z,2025-05-06,2025-05-06_17,-25.0,100,75,0,176.38207019130428,181.17493475652165,0.017489237318840577,0.922,0.007124999999999999,True,True,False,False,-539.25,0.0,176.082370668006,162.73229532898043,159.096726469111,-0.5582621798091412,-41.896869713711716
2025-05-06T14:15:00Z,2025-05-06T14:30:00Z,2025-05-06,2025-05-06_17,-25.0,100,75,0,181.17493475652165,185.16942453913035,0.0188086672705314,1.703,0.026624999999999996,True,True,False,False,-539.25,0.0,176.082370668006,162.73229532898043,298.7457171270718,-1.9987445002511295,96.31163862380713
2025-05-06T14:30:00Z,2025-05-06T14:45:00Z,2025-05-06,2025-05-06_17,-25.0,100,75,0,185.16942453913035,182.53155497391293,0.029017693236714975,8.025,0.0,True,True,False,False,-539.25,0.0,176.082370668006,162.73229532898043,3972.079151180312,0.0,3771.6438171772984
2025-05-06T14:45:00Z,2025-05-06T15:00:00Z,2025-05-06,2025-05-06_17,-25.0,100,75,0,182.53155497391293,168.64923671304336,0.04650593961352658,18.783,0.0,True,True,False,False,-539.25,0.0,176.082370668006,162.73229532898043,18471.222954696135,0.0,18270.78762069312
2025-05-06T15:00:00Z,2025-05-06T15:15:00Z,2025-05-06,2025-05-06_18,-42.16498769824337,100,0,0,168.64923671304336,177.25438260938643,0.027657569411604483,1.075,0.0,True,True,False,False,-1072.9935244510482,0.0,176.082370668006,0.0,190.2962732295329,0.0,-706.6148805535092
2025-05-06T15:15:00Z,2025-05-06T15:30:00Z,2025-05-06,2025-05-06_18,-42.16498769824337,100,0,0,177.25438260938643,186.7195376945834,0.027091869066193465,0.22899999999999998,0.0,True,True,False,False,-1072.9935244510482,0.0,176.082370668006,0.0,37.976504269211446,0.0,-858.9346495138308
2025-05-06T15:30:00Z,2025-05-06T15:45:00Z,2025-05-06,2025-05-06_18,-42.16498769824337,100,0,0,186.7195376945834,189.95115099957692,0.031192193555626545,6.361,0.0,True,True,False,False,-1072.9935244510482,0.0,176.082370668006,0.0,1992.9361241587144,0.0,1096.0249703756722
2025-05-06T15:45:00Z,2025-05-06T16:00:00Z,2025-05-06,2025-05-06_18,-42.16498769824337,100,0,0,189.95115099957692,184.30565999999985,0.037031411364493866,15.0935,0.0,True,True,False,False,-1072.9935244510482,0.0,176.082370668006,0.0,4886.300400904069,0.0,3989.3892471210265
2025-05-06T16:00:00Z,2025-05-06T16:15:00Z,2025-05-06,2025-05-06_19,0.0,100,100,0,184.30565999999985,189.77934782608682,0.016430533816425123,0.203,6.1895,True,True,False,False,0.0,0.0,199.22651933701655,192.26519337016575,36.584617177297844,1054.94322963335,1483.0195595178302
2025-05-06T16:15:00Z,2025-05-06T16:30:00Z,2025-05-06,2025-05-06_19,0.0,100,100,0,189.77934782608682,187.89569478260856,0.005247702898550723,1.7354999999999998,0.003,True,True,False,False,0.0,0.0,199.22651933701655,192.26519337016575,336.8951553992968,-11.489703465595179,716.897164640884
2025-05-06T16:30:00Z,2025-05-06T16:45:00Z,2025-05-06,2025-05-06_19,0.0,100,100,0,187.89569478260856,180.46689043478247,0.02063556763285024,6.8345,0.0,True,True,False,False,0.0,0.0,199.22651933701655,192.26519337016575,1401.058082672024,0.0,1792.5497953792064
2025-05-06T16:45:00Z,2025-05-06T17:00:00Z,2025-05-06,2025-05-06_19,0.0,100,100,0,180.46689043478247,164.25493391304335,0.04503321256038647,14.915000000000001,0.0,True,True,False,False,0.0,0.0,199.22651933701655,192.26519337016575,3169.30041084882,0.0,3560.792123556002
2025-05-06T17:00:00Z,2025-05-06T17:15:00Z,2025-05-06,2025-05-06_20,0.0,100,100,0,164.25493391304335,158.59949913043465,0.01570954106280193,5.203,0.0,True,True,False,False,0.0,0.0,197.68960321446508,192.26519337016575,1234.9073546961326,0.0,1624.8621512807636
2025-05-06T17:15:00Z,2025-05-06T17:30:00Z,2025-05-06,2025-05-06_20,0.0,100,100,0,158.59949913043465,149.97612956521726,0.023953804347826086,7.9335,0.0,True,True,False,False,0.0,0.0,197.68960321446508,192.26519337016575,1992.1110147664492,0.0,2382.06581135108
2025-05-06T17:30:00Z,2025-05-06T17:45:00Z,2025-05-06,2025-05-06_20,0.0,100,100,0,149.97612956521726,143.41199913043465,0.01823369565217391,6.039,0.0,True,True,False,False,0.0,0.0,197.68960321446508,192.26519337016575,1407.9017038674033,0.0,1797.8565004520342
2025-05-06T17:45:00Z,2025-05-06T18:00:00Z,2025-05-06,2025-05-06_20,0.0,100,100,0,143.41199913043465,119.52395565217378,0.06635567632850241,21.977,0.0,True,True,False,False,0.0,0.0,197.68960321446508,192.26519337016575,21810.0233679558,0.0,22199.978164540433
2025-05-06T18:00:00Z,2025-05-06T18:15:00Z,2025-05-06,2025-05-06_21,92.19820212413214,7,100,0,119.52395565217378,94.02346594452918,0.07083469363234611,0.41090000000000004,0.0,True,True,False,False,3703.140788315767,0.0,13.859367152184833,192.26519337016575,92.51965563033653,0.0,4001.785004468454
2025-05-06T18:15:00Z,2025-05-06T18:30:00Z,2025-05-06,2025-05-06_21,92.19820212413214,7,100,0,94.02346594452918,68.92352240722744,0.06973362937957865,0.07105,0.029,True,True,False,False,3703.140788315767,0.0,13.859367152184833,192.26519337016575,13.173476494224008,-2.2722250125565044,3920.166600319785
2025-05-06T18:30:00Z,2025-05-06T18:45:00Z,2025-05-06,2025-05-06_21,92.19820212413214,7,100,0,68.92352240722744,44.027514718659106,0.06921519131712575,0.002485,0.1495,True,True,False,False,3703.140788315767,0.0,13.859367152184833,192.26519337016575,0.40010022702159714,-11.515629834254144,3898.149819230885
2025-05-06T18:45:00Z,2025-05-06T19:00:00Z,2025-05-06,2025-05-06_21,92.19820212413214,7,100,0,44.027514718659106,19.045720925257907,0.0694239779194732,0.008294999999999999,0.0755,True,True,False,False,3703.140788315767,0.0,13.859367152184833,192.26519337016575,1.3859374324460068,-6.01708076343546,3904.634205507128
2025-05-06T19:00:00Z,2025-05-06T19:15:00Z,2025-05-06,2025-05-06_22,19.55982550216166,80,100,0,19.045720925257907,13.331573157252237,0.015987751516408216,0.3916,0.028000000000000004,True,True,False,False,644.398451168716,0.0,158.39276745354093,211.94374686087394,58.33191779005524,-2.229030637870417,1070.8378526353156
2025-05-06T19:15:00Z,2025-05-06T19:30:00Z,2025-05-06,2025-05-06_22,19.55982550216166,80,100,0,13.331573157252237,9.999999999999865,0.017822499756879676,0.0016,2.084,True,True,False,False,644.398451168716,0.0,158.39276745354093,211.94374686087394,0.2250125565042692,-95.2422541436464,919.7177238959887
2025-05-06T19:30:00Z,2025-05-06T19:45:00Z,2025-05-06,2025-05-06_22,19.55982550216166,80,100,0,9.999999999999865,10.000176434471133,0.0229389919776817,0.0,5.5795,True,True,False,False,644.398451168716,0.0,158.39276745354093,211.94374686087394,0.0,3357.2627753892516,4371.997740872383
2025-05-06T19:45:00Z,2025-05-06T20:00:00Z,2025-05-06,2025-05-06_22,19.55982550216166,80,100,0,10.000176434471133,27.244386443478128,0.0494591093094459,0.0,23.6805,True,True,False,False,644.398451168716,0.0,158.39276745354093,211.94374686087394,0.0,21404.032044198895,22418.767009682026
2025-05-06T20:00:00Z,2025-05-06T20:15:00Z,2025-05-06,2025-05-06_23,27.0,73,100,0,27.244386443478128,23.88982536521726,0.0247146552173913,0.0,4.1265,True,True,False,False,751.14,0.0,128.4301356102461,215.4696132596685,0.0,1119.6962407835258,2214.7359896534404
2025-05-06T20:15:00Z,2025-05-06T20:30:00Z,2025-05-06,2025-05-06_23,27.0,73,100,0,23.88982536521726,15.800310313043346,0.02267048958937198,0.739855,0.0535,True,True,False,False,751.14,0.0,128.4301356102461,215.4696132596685,123.67477122350577,-4.0523388247112,1214.6621812687092
2025-05-06T20:30:00Z,2025-05-06T20:45:00Z,2025-05-06,2025-05-06_23,27.0,73,100,0,15.800310313043346,9.999999999999869,0.02262649309178744,0.13651,1.746,True,True,False,False,751.14,0.0,128.4301356102461,215.4696132596685,20.346421259668503,-85.03958332496234,1030.3465868046208
2025-05-06T20:45:00Z,2025-05-06T21:00:00Z,2025-05-06,2025-05-06_23,27.0,73,100,0,9.999999999999869,10.758119930434653,0.029190671304347826,0.0,8.388,True,True,False,False,751.14,0.0,128.4301356102461,215.4696132596685,0.0,3677.422218382722,4772.461967252637
2025-05-06T21:00:00Z,2025-05-06T21:15:00Z,2025-05-07,2025-05-06_24,-80.32799177710683,100,19,0,10.758119930434653,21.685845877006948,0.03999835484877852,8.118,0.203775,True,True,False,False,-2017.2366935025952,0.0,174.18317519552187,38.38997181309302,2332.364341974672,-7.166668620231053,520.5341268604603
2025-05-06T21:15:00Z,2025-05-06T21:30:00Z,2025-05-07,2025-05-06_24,-80.32799177710683,100,19,0,21.685845877006948,39.33288906358754,0.05006671870961277,0.8815,0.012539999999999999,True,True,False,False,-2017.2366935025952,0.0,174.18317519552187,38.38997181309302,142.73762852832584,-0.9801153281194172,-1662.9060332937738
2025-05-06T21:30:00Z,2025-05-06T21:45:00Z,2025-05-07,2025-05-06_24,-80.32799177710683,100,19,0,39.33288906358754,57.53727736467442,0.050910461124535136,0.2885,0.00418,True,True,False,False,-2017.2366935025952,0.0,174.18317519552187,38.38997181309302,42.22678371511374,-0.3318909047600143,-1762.7686536836266
2025-05-06T21:45:00Z,2025-05-06T22:00:00Z,2025-05-07,2025-05-06_24,-80.32799177710683,100,19,0,57.53727736467442,71.78702846087023,0.04485108133415087,4.435,0.00019,True,True,False,False,-2017.2366935025952,0.0,174.18317519552187,38.38997181309302,805.0284737385366,-0.015085950216364288,-999.6501587056601
2025-05-06T22:00:00Z,2025-05-06T22:15:00Z,2025-05-07,2025-05-07_1,-40.9999999999998,100,59,0,71.78702846087023,62.41645670434844,0.03973639487922713,18.459,0.0,True,True,False,False,-986.3574999999953,0.0,174.18317519552187,119.21096510381516,21135.584312795265,0.0,20442.620953094607
2025-05-06T22:15:00Z,2025-05-06T22:30:00Z,2025-05-07,2025-05-07_1,-40.9999999999998,100,59,0,62.41645670434844,60.40203260000057,0.03443780140096618,11.2365,0.0,True,True,False,False,-986.3574999999953,0.0,174.18317519552187,119.21096510381516,8366.869911370042,0.0,7673.906551669384
2025-05-06T22:30:00Z,2025-05-06T22:45:00Z,2025-05-07,2025-05-07_1,-40.9999999999998,100,59,0,60.40203260000057,69.42378009565269,0.02649800028985495,0.4035,0.00295,True,True,False,False,-986.3574999999953,0.0,174.18317519552187,119.21096510381516,59.293306999086916,-0.2342292270435508,-633.9042819286149
2025-05-06T22:45:00Z,2025-05-06T23:00:00Z,2025-05-07,2025-05-07_1,-40.9999999999998,100,59,0,69.42378009565269,76.82899345217439,0.027652887342995064,1.9879999999999998,0.0,True,True,False,False,-986.3574999999953,0.0,174.18317519552187,119.21096510381516,337.15300885307073,0.0,-355.81035084758753
2025-05-06T23:00:00Z,2025-05-06T23:15:00Z,2025-05-07,2025-05-07_2,-100.0,100,0,0,76.82899345217439,88.18317345217439,0.031539388888888895,12.6585,0.0,True,True,False,False,-2263.75,0.0,174.18317519552187,0.0,4399.232038985271,0.0,2309.665214180793
2025-05-06T23:15:00Z,2025-05-06T23:30:00Z,2025-05-07,2025-05-07_2,-100.0,100,0,0,88.18317345217439,106.04175345217439,0.04960716666666667,5.5885,0.0,True,True,False,False,-2263.75,0.0,174.18317519552187,0.0,1040.361984497201,0.0,-1049.204840307277
2025-05-06T23:30:00Z,2025-05-06T23:45:00Z,2025-05-07,2025-05-07_2,-100.0,100,0,0,106.04175345217439,128.98425345217439,0.06372916666666667,0.0625,0.0,True,True,False,False,-2263.75,0.0,174.18317519552187,0.0,9.051173131128667,0.0,-2080.5156516733496
2025-05-06T23:45:00Z,2025-05-07T00:00:00Z,2025-05-07,2025-05-07_2,-100.0,100,0,0,128.98425345217439,151.67743345217437,0.0630366111111111,0.3335,0.0,True,True,False,False,-2263.75,0.0,174.18317519552187,0.0,49.130180932152925,0.0,-2040.4366438723252
2025-05-07T00:00:00Z,2025-05-07T00:15:00Z,2025-05-07,2025-05-07_3,0.0,100,100,0,151.67743345217437,152.21718736521785,0.0016261280193236717,0.021,0.6115,True,True,False,False,0.0,0.0,174.18317519552187,202.05248322680538,3.027113025527016,-37.71713744094645,341.5456340069078
2025-05-07T00:15:00Z,2025-05-07T00:30:00Z,2025-05-07,2025-05-07_3,0.0,100,100,0,152.21718736521785,152.27179345217436,0.0007887608695652174,0.1055,0.184,True,True,False,False,0.0,0.0,174.18317519552187,202.05248322680538,15.218151971098495,-13.6710341815872,377.78277621183855
2025-05-07T00:30:00Z,2025-05-07T00:45:00Z,2025-05-07,2025-05-07_3,0.0,100,100,0,152.27179345217436,152.21022736521783,0.0004419057971014493,0.1015,0.053,True,True,False,False,0.0,0.0,174.18317519552187,202.05248322680538,14.55754754059312,-4.140697328198816,386.6525086347215
2025-05-07T00:45:00Z,2025-05-07T01:00:00Z,2025-05-07,2025-05-07_3,0.0,100,100,0,152.21022736521783,156.20219432173957,0.011152202898550725,0.0105,4.3515,True,True,False,False,0.0,0.0,174.18317519552187,202.05248322680538,1.498272757949899,1765.2891350391042,2143.0230662193812
2025-05-07T01:00:00Z,2025-05-07T01:15:00Z,2025-05-07,2025-05-07_4,0.0,100,100,0,156.20219432173957,166.10829432173958,0.027516944444444445,0.0,10.7675,True,True,False,False,0.0,0.0,174.18317519552187,202.05248322680538,0.0,1625.1961540751915,2001.4318124975189
2025-05-07T01:15:00Z,2025-05-07T01:30:00Z,2025-05-07,2025-05-07_4,0.0,100,100,0,166.10829432173958,166.28416214782655,0.011297700483091788,1.79,2.306,True,True,False,False,0.0,0.0,174.18317519552187,202.05248322680538,320.52789312795267,-93.10787407201558,603.6556774782644
2025-05-07T01:30:00Z,2025-05-07T01:45:00Z,2025-05-07,2025-05-07_4,0.0,100,100,0,166.28416214782655,161.7618795391309,0.0125618961352657,4.1605,0.0,True,True,False,False,0.0,0.0,174.18317519552187,202.05248322680538,744.5013984278852,0.0,1120.7370568502124
2025-05-07T01:45:00Z,2025-05-07T02:00:00Z,2025-05-07,2025-05-07_4,0.0,100,100,0,161.7618795391309,160.2845543217396,0.004407792270531401,1.4095,0.05949999999999999,True,True,False,False,0.0,0.0,174.18317519552187,202.05248322680538,251.18410258446144,-4.483003394338798,622.9367576124499
2025-05-07T02:00:00Z,2025-05-07T02:15:00Z,2025-05-07,2025-05-07_5,0.0,100,100,0,160.2845543217396,162.42815432173958,0.0059544444444444445,0.0,2.33,True,True,False,False,0.0,0.0,174.18317519552187,202.05248322680538,0.0,-111.88005280082577,264.35560562150147
2025-05-07T02:15:00Z,2025-05-07T02:30:00Z,2025-05-07,2025-05-07_5,0.0,100,100,0,162.42815432173958,162.30232475652218,0.0004747487922705314,0.1365,0.0245,True,True,False,False,0.0,0.0,174.18317519552187,202.05248322680538,19.54306195164556,-1.9244497598157928,393.85427061415703
2025-05-07T02:30:00Z,2025-05-07T02:45:00Z,2025-05-07,2025-05-07_5,0.0,100,100,0,162.30232475652218,162.33734823478304,0.0005109347826086957,0.0685,0.11899999999999998,True,True,False,False,0.0,0.0,174.18317519552187,202.05248322680538,9.828100659017826,-9.179993251022271,376.88376583032283
2025-05-07T02:45:00Z,2025-05-07T03:00:00Z,2025-05-07,2025-05-07_5,0.0,100,100,0,162.33734823478304,162.55564562608737,0.0007301739130434784,0.0205,0.2615,True,True,False,False,0.0,0.0,174.18317519552187,202.05248322680538,2.892136646949065,-19.599315475008936,359.52847959426737
2025-05-07T03:00:00Z,2025-05-07T03:15:00Z,2025-05-07,2025-05-07_6,0.0,100,100,0,162.55564562608737,166.97900562608737,0.01228711111111111,0.0,4.808,True,True,False,False,0.0,0.0,174.18317519552187,202.05248322680538,0.0,-246.9499432291873,129.28571519313994
2025-05-07T03:15:00Z,2025-05-07T03:30:00Z,2025-05-07,2025-05-07_6,0.0,100,100,0,166.97900562608737,174.12786562608738,0.019857944444444445,0.0,7.770499999999999,True,True,False,False,0.0,0.0,174.18317519552187,202.05248322680538,0.0,-174.5038543610306,201.73180406129666
2025-05-07T03:30:00Z,2025-05-07T03:45:00Z,2025-05-07,2025-05-07_6,0.0,100,100,0,174.12786562608738,174.53718910434827,0.0012728792270531402,0.0225,0.4715,True,True,False,False,0.0,0.0,174.18317519552187,202.05248322680538,3.39165905752511,-34.44267348842749,345.1846439914249
2025-05-07T03:45:00Z,2025-05-07T04:00:00Z,2025-05-07,2025-05-07_6,0.0,100,100,0,174.53718910434827,185.02150910434827,0.029123111111111114,0.0,11.396,True,True,False,False,0.0,0.0,174.18317519552187,202.05248322680538,0.0,1615.414330064711,1991.6499884870384
2025-05-07T04:00:00Z,2025-05-07T04:15:00Z,2025-05-07,2025-05-07_7,63.00000000000048,37,100,0,185.02150910434827,182.55504857391335,0.03388754925120771,0.0031450000000000002,14.296500000000002,True,True,False,False,1988.1225000000154,0.0,65.9680813053317,189.27905037913376,0.4735348177776014,9079.540341418875,11323.383507921133
2025-05-07T04:15:00Z,2025-05-07T04:30:00Z,2025-05-07,2025-05-07_7,63.00000000000048,37,100,0,182.55504857391335,165.57915161739152,0.047462574879227414,0.021089999999999998,0.1625,True,True,False,False,1988.1225000000154,0.0,65.9680813053317,189.27905037913376,3.332373220453372,-12.731757910198898,2233.970246994735
2025-05-07T04:30:00Z,2025-05-07T04:45:00Z,2025-05-07,2025-05-07_7,63.00000000000048,37,100,0,165.57915161739152,151.3536769043479,0.044853814202898835,0.0,2.823,True,True,False,False,1988.1225000000154,0.0,65.9680813053317,189.27905037913376,0.0,-137.58608718091233,2105.7835445035685
2025-05-07T04:45:00Z,2025-05-07T05:00:00Z,2025-05-07,2025-05-07_7,63.00000000000048,37,100,0,151.3536769043479,134.33965071304343,0.04747960719806799,0.011840000000000002,0.1155,True,True,False,False,1988.1225000000154,0.0,65.9680813053317,189.27905037913376,1.4394443923935054,-8.852172376831156,2235.9569037000433
2025-05-07T05:00:00Z,2025-05-07T05:15:00Z,2025-05-07,2025-05-07_8,100.0,0,100,0,134.33965071304343,107.38475940869559,0.07487469806763285,0.0,0.20150000000000004,True,True,False,False,3526.0,0.0,0.0,189.27905037913376,0.0,-14.620449303267302,3700.6586010758665
2025-05-07T05:15:00Z,2025-05-07T05:30:00Z,2025-05-07,2025-05-07_8,100.0,0,100,0,107.38475940869559,80.6075854956521,0.074381038647343,0.0,0.365,True,True,False,False,3526.0,0.0,0.0,189.27905037913376,0.0,-25.31155960935329,3689.9674907697804
2025-05-07T05:30:00Z,2025-05-07T05:45:00Z,2025-05-07,2025-05-07_8,100.0,0,100,0,80.6075854956521,57.88258549565211,0.063125,0.0,4.093,True,True,False,False,3526.0,0.0,0.0,189.27905037913376,0.0,-239.53125153836993,3475.7477988407636
2025-05-07T05:45:00Z,2025-05-07T06:00:00Z,2025-05-07,2025-05-07_8,100.0,0,100,0,57.88258549565211,43.90486810434776,0.03882699275362319,0.0,12.1405,True,True,False,False,3526.0,0.0,0.0,189.27905037913376,0.0,-275.65427220215173,3439.624778176982
2025-05-07T06:00:00Z,2025-05-07T06:15:00Z,2025-05-07,2025-05-07_9,78.9999999999994,21,100,0,43.90486810434776,24.743232069565313,0.055579513429951315,0.0,2.192,True,True,False,False,2400.414999999982,0.0,41.962066775179636,189.576799396562,0.0,-133.91136766048675,2498.0424985112368
2025-05-07T06:15:00Z,2025-05-07T06:30:00Z,2025-05-07,2025-05-07_9,78.9999999999994,21,100,0,24.743232069565313,15.451532939130681,0.03823410869565211,0.0,11.575,True,True,False,False,2400.414999999982,0.0,41.962066775179636,189.576799396562,0.0,-282.53725336456387,2349.4166128071597
2025-05-07T06:30:00Z,2025-05-07T06:45:00Z,2025-05-07,2025-05-07_9,78.9999999999994,21,100,0,15.451532939130681,10.906512939130828,0.02989230555555564,0.0,16.0875,True,True,False,False,2400.414999999982,0.0,41.962066775179636,189.576799396562,0.0,302.87086625114136,2934.8247324228646
2025-05-07T06:45:00Z,2025-05-07T07:00:00Z,2025-05-07,2025-05-07_9,78.9999999999994,21,100,0,10.906512939130828,10.00000000000054,0.023498001497584735,0.0,19.5465,True,True,False,False,2400.414999999982,0.0,41.962066775179636,189.576799396562,0.0,-109.27152318472349,2522.682342987
2025-05-07T07:00:00Z,2025-05-07T07:15:00Z,2025-05-07,2025-05-07_10,0.0,0,0,0,10.00000000000054,10.00000000000054,0.0,0.0,0.0,True,False,False,False,0.0,0.0,0.0,0.0,0.0,0.0,0.0
2025-05-07T07:15:00Z,2025-05-07T07:30:00Z,2025-05-07,2025-05-07_10,0.0,0,0,0,10.00000000000054,10.00000000000054,0.0,0.0,0.0,True,False,False,False,0.0,0.0,0.0,0.0,0.0,0.0,0.0
2025-05-07T07:30:00Z,2025-05-07T07:45:00Z,2025-05-07,2025-05-07_10,0.0,0,0,0,10.00000000000054,10.00000000000054,0.0,0.0,0.0,True,False,False,False,0.0,0.0,0.0,0.0,0.0,0.0,0.0
2025-05-07T07:45:00Z,2025-05-07T08:00:00Z,2025-05-07,2025-05-07_10,0.0,0,0,0,10.00000000000054,10.00000000000054,0.0,0.0,0.0,True,False,False,False,0.0,0.0,0.0,0.0,0.0,0.0,0.0
2025-05-07T08:00:00Z,2025-05-07T08:15:00Z,2025-05-07,2025-05-07_11,0.0,0,0,0,10.00000000000054,10.00000000000054,0.0,0.0,0.0,True,False,False,False,0.0,0.0,0.0,0.0,0.0,0.0,0.0
2025-05-07T08:15:00Z,2025-05-07T08:30:00Z,2025-05-07,2025-05-07_11,0.0,0,0,0,10.00000000000054,10.00000000000054,0.0,0.0,0.0,True,False,False,False,0.0,0.0,0.0,0.0,0.0,0.0,0.0
2025-05-07T08:30:00Z,2025-05-07T08:45:00Z,2025-05-07,2025-05-07_11,0.0,0,0,0,10.00000000000054,10.00000000000054,0.0,0.0,0.0,True,False,False,False,0.0,0.0,0.0,0.0,0.0,0.0,0.0
2025-05-07T08:45:00Z,2025-05-07T09:00:00Z,2025-05-07,2025-05-07_11,0.0,0,0,0,10.00000000000054,10.00000000000054,0.0,0.0,0.0,True,False,False,False,0.0,0.0,0.0,0.0,0.0,0.0,0.0
2025-05-07T09:00:00Z,2025-05-07T09:15:00Z,2025-05-07,2025-05-07_12,0.0,100,100,0,10.00000000000054,14.152087826087499,0.011578867149758457,0.0075,4.522,True,True,False,False,0.0,0.0,175.16574695303507,200.9805867640637,1.1076263448330619,-162.51750962721826,214.73645043471356
2025-05-07T09:15:00Z,2025-05-07T09:30:00Z,2025-05-07,2025-05-07_12,0.0,100,100,0,14.152087826087499,29.630627826087498,0.04299594444444445,0.0,16.8245,True,True,False,False,0.0,0.0,175.16574695303507,200.9805867640637,0.0,1962.1425345388861,2338.288868255985
2025-05-07T09:30:00Z,2025-05-07T09:45:00Z,2025-05-07,2025-05-07_12,0.0,100,100,0,29.630627826087498,40.217987826087494,0.029409333333333336,0.0,11.508,True,True,False,False,0.0,0.0,175.16574695303507,200.9805867640637,0.0,4912.761042518559,5288.907376235658
2025-05-07T09:45:00Z,2025-05-07T10:00:00Z,2025-05-07,2025-05-07_12,0.0,100,100,0,40.217987826087494,42.30651565217445,0.005846756038647343,0.0075,2.279,True,True,False,False,0.0,0.0,175.16574695303507,200.9805867640637,1.1076263448330619,-58.14349755845805,319.1104625034738
2025-05-07T10:00:00Z,2025-05-07T10:15:00Z,2025-05-07,2025-05-07_13,-86.87897711229266,100,13,0,42.30651565217445,62.40935678800176,0.05584122537729809,0.0,0.13116999999999998,True,True,False,False,-1657.2164884169824,0.0,175.16574695303507,26.127476279328278,0.0,-4.947060224701258,-1460.8703254093202
2025-05-07T10:15:00Z,2025-05-07T10:30:00Z,2025-05-07,2025-05-07_13,-86.87897711229266,100,13,0,62.40935678800176,82.44014276080784,0.05569217758003241,0.0645,0.118885,True,True,False,False,-1657.2164884169824,0.0,175.16574695303507,26.127476279328278,9.525586565564334,-4.483732978681171,-1450.881411597736
2025-05-07T10:30:00Z,2025-05-07T10:45:00Z,2025-05-07,2025-05-07_13,-86.87897711229266,100,13,0,82.44014276080784,101.2901359997124,0.053313475754869194,1.202,0.0,True,True,False,False,-1657.2164884169824,0.0,175.16574695303507,26.127476279328278,191.8509198459645,0.0,-1264.0723453386545
2025-05-07T10:45:00Z,2025-05-07T11:00:00Z,2025-05-07,2025-05-07_13,-86.87897711229266,100,13,0,101.2901359997124,120.8321984663225,0.05465709153113642,0.4715,0.004355,True,True,False,False,-1657.2164884169824,0.0,175.16574695303507,26.127476279328278,70.0448637301997,-0.16424828298066618,-1386.0426497374
2025-05-07T11:00:00Z,2025-05-07T11:15:00Z,2025-05-07,2025-05-07_14,-100.0,100,0,0,120.8321984663225,138.5385184663225,0.049184222222222226,5.754,0.0,True,True,False,False,-1933.25,0.0,175.16574695303507,0.0,962.8978292111635,0.0,-795.1864238358014
2025-05-07T11:15:00Z,2025-05-07T11:30:00Z,2025-05-07,2025-05-07_14,-100.0,100,0,0,138.5385184663225,154.8119384663225,0.04520394444444445,7.3115,0.0,True,True,False,False,-1933.25,0.0,175.16574695303507,0.0,5346.602224582159,0.0,3588.5179715351937
2025-05-07T11:30:00Z,2025-05-07T11:45:00Z,2025-05-07,2025-05-07_14,-100.0,100,0,0,154.8119384663225,156.9329984663225,0.005891833333333332,22.6945,0.0,True,True,False,False,-1933.25,0.0,175.16574695303507,0.0,26178.559387728776,0.0,24420.475134681812
2025-05-07T11:45:00Z,2025-05-07T12:00:00Z,2025-05-07,2025-05-07_14,-100.0,100,0,0,156.9329984663225,158.63085846632248,0.004716277777777778,23.1545,0.0,True,True,False,False,-1933.25,0.0,175.16574695303507,0.0,27284.938679284605,0.0,25526.85442623764
2025-05-07T12:00:00Z,2025-05-07T12:15:00Z,2025-05-07,2025-05-07_15,0.0,100,100,0,158.63085846632248,151.58520629240942,0.019571256038647344,6.482,0.0,True,True,False,False,0.0,0.0,175.16574695303507,200.9805867640637,1196.7214617491763,0.0,1572.867795466275
2025-05-07T12:15:00Z,2025-05-07T12:30:00Z,2025-05-07,2025-05-07_15,0.0,100,100,0,151.58520629240942,151.463644553279,0.0005318937198067632,0.144,0.038,True,True,False,False,0.0,0.0,175.16574695303507,200.9805867640637,21.26642582079479,-1.4331652705546072,395.97959426733894
2025-05-07T12:30:00Z,2025-05-07T12:45:00Z,2025-05-07,2025-05-07_15,0.0,100,100,0,151.463644553279,150.41904194458334,0.002986007246376811,0.975,0.0165,True,True,False,False,0.0,0.0,175.16574695303507,200.9805867640637,154.31797113819525,-0.6222954464250269,529.842009408869
2025-05-07T12:45:00Z,2025-05-07T13:00:00Z,2025-05-07,2025-05-07_15,0.0,100,100,0,150.41904194458334,150.5462541184964,0.0019747439613526574,0.2685,0.4555,True,True,False,False,0.0,0.0,175.16574695303507,200.9805867640637,39.653023145023624,-15.187251379570448,400.61210548255195
2025-05-07T13:00:00Z,2025-05-07T13:15:00Z,2025-05-07,2025-05-07_16,0.0,100,100,0,150.5462541184964,151.58067672719204,0.0030273816425120774,0.025499999999999995,1.1545,True,True,False,False,0.0,0.0,175.16574695303507,200.9805867640637,3.76592957243241,-44.638619437055866,335.2736438524753
2025-05-07T13:15:00Z,2025-05-07T13:30:00Z,2025-05-07,2025-05-07_16,0.0,100,100,0,151.58067672719204,151.99841846632248,0.0015408285024154588,0.063,0.5285,True,True,False,False,0.0,0.0,175.16574695303507,200.9805867640637,9.304061296597721,-21.34268013815554,364.107714875541
2025-05-07T13:30:00Z,2025-05-07T13:45:00Z,2025-05-07,2025-05-07_16,0.0,100,100,0,151.99841846632248,155.71981846632247,0.010337222222222222,0.0,4.045,True,True,False,False,0.0,0.0,175.16574695303507,200.9805867640637,0.0,-152.55667156298387,223.5896621541149
2025-05-07T13:45:00Z,2025-05-07T14:00:00Z,2025-05-07,2025-05-07_16,0.0,100,100,0,155.71981846632247,166.12363846632246,0.028899500000000005,0.0,11.3085,True,True,False,False,0.0,0.0,175.16574695303507,200.9805867640637,0.0,5696.960474711184,6073.106808428283
2025-05-07T14:00:00Z,2025-05-07T14:15:00Z,2025-05-07,2025-05-07_17,0.0,100,100,0,166.12363846632246,184.24855846632246,0.05034700000000001,0.0,19.701,True,True,False,False,0.0,0.0,175.16574695303507,198.98566834729445,0.0,12186.428227996348,12560.579643296678
2025-05-07T14:15:00Z,2025-05-07T14:30:00Z,2025-05-07,2025-05-07_17,0.0,100,100,0,184.24855846632246,184.85451150980072,0.0018281304347826089,0.024,0.687,True,True,False,False,0.0,0.0,175.16574695303507,198.98566834729445,3.806423438802652,-44.38921672158482,333.56862201754734
2025-05-07T14:30:00Z,2025-05-07T14:45:00Z,2025-05-07,2025-05-07_17,0.0,100,100,0,184.85451150980072,186.97515759675724,0.005972205314009662,0.0135,2.321,True,True,False,False,0.0,0.0,175.16574695303507,198.98566834729445,2.1411131843264917,-100.79105363452302,275.501474850133
2025-05-07T14:45:00Z,2025-05-07T15:00:00Z,2025-05-07,2025-05-07_17,0.0,100,100,0,186.97515759675724,189.29631759675723,0.0064476666666666675,0.0,2.523,True,True,False,False,0.0,0.0,175.16574695303507,198.98566834729445,0.0,-114.22512148159912,259.9262938187304
2025-05-07T15:00:00Z,2025-05-07T15:15:00Z,2025-05-07,2025-05-07_18,-6.191049092595341,100,0,0,189.29631759675723,190.00000000000065,0.005744419004000646,0.669,0.0,True,True,False,False,-158.3670357885888,0.0,174.18317519552187,0.0,114.4382013974354,0.0,130.2543408043685
2025-05-07T15:15:00Z,2025-05-07T15:30:00Z,2025-05-07,2025-05-07_18,-6.191049092595341,100,0,0,190.00000000000065,189.99957281761328,0.007493332829751023,1.323,0.0,True,True,False,False,-158.3670357885888,0.0,174.18317519552187,0.0,214.76152010798364,0.0,230.57765951491672
2025-05-07T15:30:00Z,2025-05-07T15:45:00Z,2025-05-07,2025-05-07_18,-6.191049092595341,100,0,0,189.99957281761328,187.61604690771253,0.01341263061766916,3.5365,0.0,True,True,False,False,-158.3670357885888,0.0,174.18317519552187,0.0,655.4837956052246,0.0,671.2999350121577
2025-05-07T15:45:00Z,2025-05-07T16:00:00Z,2025-05-07,2025-05-07_18,-6.191049092595341,100,0,0,187.61604690771253,182.1210887310335,0.021141011284975874,6.4265,0.0,True,True,False,False,-158.3670357885888,0.0,174.18317519552187,0.0,1188.8897434395967,0.0,1204.7058828465297
2025-05-07T16:00:00Z,2025-05-07T16:15:00Z,2025-05-07,2025-05-07_19,0.0,100,100,0,182.1210887310335,186.01009133972914,0.011512326086956522,0.11749999999999998,4.366,True,True,False,False,0.0,0.0,178.6494104569455,188.86220175473423,20.797066179681604,-251.53335622692447,136.77532216443686
2025-05-07T16:15:00Z,2025-05-07T16:30:00Z,2025-05-07,2025-05-07_19,0.0,100,100,0,186.01009133972914,187.74755568755523,0.004874599033816426,0.008,1.8980000000000001,True,True,False,False,0.0,0.0,178.6494104569455,188.86220175473423,1.1115963317321051,-116.67248402080274,251.9507245226091
2025-05-07T16:30:00Z,2025-05-07T16:45:00Z,2025-05-07,2025-05-07_19,0.0,100,100,0,187.74755568755523,187.80343568755524,0.00036355555555555555,0.0345,0.1015,True,True,False,False,0.0,0.0,178.6494104569455,188.86220175473423,5.019552086228116,-8.245963317321053,364.2852009805868
2025-05-07T16:45:00Z,2025-05-07T17:00:00Z,2025-05-07,2025-05-07_19,0.0,100,100,0,187.80343568755524,187.79614264407695,0.00045981400966183574,0.0795,0.086,True,True,False,False,0.0,0.0,178.6494104569455,188.86220175473423,12.20195124856088,-6.807328992814323,372.9062344674263
2025-05-07T17:00:00Z,2025-05-07T17:15:00Z,2025-05-07,2025-05-07_20,50.86182979125302,49,100,0,187.79614264407695,175.1810998186732,0.03805810490540204,0.000735,1.201,True,True,False,False,1721.5457838594366,0.0,95.89811028623606,189.27905037913376,0.10212791297788716,-77.63493052522927,1929.190141912555
2025-05-07T17:15:00Z,2025-05-07T17:30:00Z,2025-05-07,2025-05-07_20,50.86182979125302,49,100,0,175.1810998186732,161.37525010615718,0.03847766936511082,0.033075,0.05099999999999999,True,True,False,False,1721.5457838594366,0.0,95.89811028623606,189.27905037913376,4.857838922744055,-3.9251210846004203,2007.6556623629501
2025-05-07T17:30:00Z,2025-05-07T17:45:00Z,2025-05-07,2025-05-07_20,50.86182979125302,49,100,0,161.37525010615718,147.6577325582065,0.038479685629335854,0.042874999999999996,0.1495,True,True,False,False,1721.5457838594366,0.0,95.89811028623606,189.27905037913376,6.587735494660367,-10.94316378180952,2002.3675162376574
2025-05-07T17:45:00Z,2025-05-07T18:00:00Z,2025-05-07,2025-05-07_20,50.86182979125302,49,100,0,147.6577325582065,133.7658365217399,0.03865138776322951,0.0882,0.025,True,True,False,False,1721.5457838594366,0.0,95.89811028623606,189.27905037913376,13.617549168287747,-1.866290841240224,2018.474202851854
2025-05-07T18:00:00Z,2025-05-07T18:15:00Z,2025-05-07,2025-05-07_21,100.0,0,100,0,133.7658365217399,106.66311913043558,0.07528532608695651,0.0,0.0655,True,True,False,False,4138.0,0.0,0.0,188.86220175473423,0.0,-4.972801917503673,4321.8893998372305
2025-05-07T18:15:00Z,2025-05-07T18:30:00Z,2025-05-07,2025-05-07_21,100.0,0,100,0,106.66311913043558,79.5163800000008,0.07540760869565216,0.0,0.025,True,True,False,False,4138.0,0.0,0.0,188.86220175473423,0.0,-1.8921950057564811,4324.9700067489775
2025-05-07T18:30:00Z,2025-05-07T18:45:00Z,2025-05-07,2025-05-07_21,100.0,0,100,0,79.5163800000008,52.43811913043558,0.07521739130434783,0.0,0.088,True,True,False,False,4138.0,0.0,0.0,188.86220175473423,0.0,-6.648438604152606,4320.213763150582
2025-05-07T18:45:00Z,2025-05-07T19:00:00Z,2025-05-07,2025-05-07_21,100.0,0,100,0,52.43811913043558,25.352793043479064,0.07523701690821255,0.0,0.0815,True,True,False,False,4138.0,0.0,0.0,188.86220175473423,0.0,-6.214322422486006,4320.6478793322485
2025-05-07T19:00:00Z,2025-05-07T19:15:00Z,2025-05-07,2025-05-07_22,0.0,100,100,0,25.352793043479064,13.077793043479065,0.034097222222222216,11.293,0.0,True,True,False,False,0.0,0.0,185.58696256302355,190.55937115407522,2572.4471259279844,0.0,2948.5934596450834
2025-05-07T19:15:00Z,2025-05-07T19:30:00Z,2025-05-07,2025-05-07_22,0.0,100,100,0,13.077793043479065,10.000000000000805,0.009500091787439612,2.989,0.186,True,True,False,False,0.0,0.0,185.58696256302355,190.55937115407522,616.0295893048553,-13.42631426416293,978.7496087577912
2025-05-07T19:30:00Z,2025-05-07T19:45:00Z,2025-05-07,2025-05-07_22,0.0,100,100,0,10.000000000000805,14.624386956522544,0.012978369565217394,0.022,5.0525,True,True,False,False,0.0,0.0,185.58696256302355,190.55937115407522,3.67680535154234,-181.8079613124777,198.0151777561634
2025-05-07T19:45:00Z,2025-05-07T20:00:00Z,2025-05-07,2025-05-07_22,0.0,100,100,0,14.624386956522544,23.640386956522548,0.02504444444444445,0.0,9.8,True,True,False,False,0.0,0.0,185.58696256302355,190.55937115407522,0.0,-390.91841676922473,-14.772083052125964
2025-05-07T20:00:00Z,2025-05-07T20:15:00Z,2025-05-07,2025-05-07_23,0.0,100,100,0,23.640386956522548,18.644257391305157,0.01673780434782609,5.07,0.5595,True,True,False,False,0.0,0.0,174.18317519552187,200.3553138274644,979.919552185478,-30.021953928302043,1324.4360872801622
2025-05-07T20:15:00Z,2025-05-07T20:30:00Z,2025-05-07,2025-05-07_23,0.0,100,100,0,18.644257391305157,19.224910434783418,0.001757852657004831,0.024,0.6595,True,True,False,False,0.0,0.0,174.18317519552187,200.3553138274644,3.4625257056651715,-42.71682222398666,335.2841925046648
2025-05-07T20:30:00Z,2025-05-07T20:45:00Z,2025-05-07,2025-05-07_23,0.0,100,100,0,19.224910434783418,23.72601043478342,0.012503055555555555,0.0,4.8925,True,True,False,False,0.0,0.0,174.18317519552187,200.3553138274644,0.0,79.99137470721348,454.52986373019974
2025-05-07T20:45:00Z,2025-05-07T21:00:00Z,2025-05-07,2025-05-07_23,0.0,100,100,0,23.72601043478342,35.21911043478342,0.031925277777777775,0.0,12.4925,True,True,False,False,0.0,0.0,174.18317519552187,200.3553138274644,0.0,-297.8109040652666,76.7275849577197
2025-05-07T21:00:00Z,2025-05-07T21:15:00Z,2025-05-08,2025-05-07_24,0.0,100,100,0,35.21911043478342,32.321958260870375,0.010539311594202898,3.078,0.4875,True,True,False,False,0.0,0.0,172.58928046125786,187.76842972289228,544.2478178502088,-23.49438136141672,881.1111466729421
2025-05-07T21:15:00Z,2025-05-07T21:30:00Z,2025-05-08,2025-05-07_24,0.0,100,100,0,32.321958260870375,32.193874782609505,0.0005500096618357487,0.15,0.038,True,True,False,False,0.0,0.0,172.58928046125786,187.76842972289228,21.251985644525504,-2.8694244082289027,378.74027142044673
2025-05-07T21:30:00Z,2025-05-07T21:45:00Z,2025-05-08,2025-05-07_24,0.0,100,100,0,32.193874782609505,33.540060000000814,0.0040473743961352655,0.05099999999999999,1.5235,True,True,False,False,0.0,0.0,172.58928046125786,187.76842972289228,7.040062363946577,-74.80211409856642,292.5956584495303
2025-05-07T21:45:00Z,2025-05-07T22:00:00Z,2025-05-08,2025-05-07_24,0.0,100,100,0,33.540060000000814,37.869580000000816,0.012026444444444446,0.0,4.706,True,True,False,False,0.0,0.0,172.58928046125786,187.76842972289228,0.0,-160.31926536055386,200.03844482359628
2025-05-07T22:00:00Z,2025-05-07T22:15:00Z,2025-05-08,2025-05-08_1,0.0,100,100,0,37.869580000000816,39.811591304348646,0.005714524154589372,0.053,2.1735,True,True,False,False,0.0,0.0,172.58928046125786,187.76842972289228,7.564861053911475,-66.85416779431665,301.06840344374496
2025-05-07T22:15:00Z,2025-05-07T22:30:00Z,2025-05-08,2025-05-08_1,0.0,100,100,0,39.811591304348646,38.211591304348644,0.0044444444444444444,1.472,0.0,True,True,False,False,0.0,0.0,172.58928046125786,187.76842972289228,253.3516644113667,0.0,613.7093745955168
2025-05-07T22:30:00Z,2025-05-07T22:45:00Z,2025-05-08,2025-05-08_1,0.0,100,100,0,38.211591304348644,38.62584956521821,0.002089727053140097,0.1555,0.634,True,True,False,False,0.0,0.0,172.58928046125786,187.76842972289228,22.1105746112059,-32.74591163146438,349.72237316389163
2025-05-07T22:45:00Z,2025-05-07T23:00:00Z,2025-05-08,2025-05-08_1,0.0,100,100,0,38.62584956521821,40.091082608696475,0.004215019323671497,0.024,1.6209999999999998,True,True,False,False,0.0,0.0,172.58928046125786,187.76842972289228,3.2946990645408016,-87.77992684983623,275.8724823988547
2025-05-07T23:00:00Z,2025-05-07T23:15:00Z,2025-05-08,2025-05-08_2,0.0,100,100,0,40.091082608696475,40.26367304347908,0.0006092487922705314,0.0215,0.213,True,True,False,False,0.0,0.0,172.58928046125786,187.76842972289228,3.0248460512639483,-15.514901453197623,347.86765478221645
2025-05-07T23:15:00Z,2025-05-07T23:30:00Z,2025-05-08,2025-05-08_2,0.0,100,100,0,40.26367304347908,43.01631304347908,0.007646222222222222,0.0,2.992,True,True,False,False,0.0,0.0,172.58928046125786,187.76842972289228,0.0,-134.11220019219078,226.24550999195935
2025-05-07T23:30:00Z,2025-05-07T23:45:00Z,2025-05-08,2025-05-08_2,0.0,100,100,0,43.01631304347908,43.598591304348645,0.001653671497584541,0.006,0.64,True,True,False,False,0.0,0.0,172.58928046125786,187.76842972289228,0.8236747661352004,-45.03521013512188,316.1461748151635
2025-05-07T23:45:00Z,2025-05-08T00:00:00Z,2025-05-08,2025-05-08_2,0.0,100,100,0,43.598591304348645,44.21888260869647,0.0017653019323671498,0.007000000000000001,0.6825,True,True,False,False,0.0,0.0,172.58928046125786,187.76842972289228,0.9609538938244006,-34.789283402953465,326.52938067502106
2025-05-08T00:00:00Z,2025-05-08T00:15:00Z,2025-05-08,2025-05-08_3,0.0,100,100,0,44.21888260869647,44.92464869565299,0.001972538647342995,0.002,0.7695,True,True,False,False,0.0,0.0,172.58928046125786,187.76842972289228,0.2745582553784001,-47.383459139848206,313.2488092996803
2025-05-08T00:15:00Z,2025-05-08T00:30:00Z,2025-05-08,2025-05-08_3,0.0,100,100,0,44.92464869565299,50.69948869565299,0.016041222222222224,0.0,6.277000000000001,True,True,False,False,0.0,0.0,172.58928046125786,187.76842972289228,0.0,-258.948561903081,101.40914828106915
2025-05-08T00:30:00Z,2025-05-08T00:45:00Z,2025-05-08,2025-05-08_3,0.0,100,100,0,50.69948869565299,52.735409565218205,0.00570666425120773,0.0085,2.223,True,True,False,False,0.0,0.0,172.58928046125786,187.76842972289228,1.1668725853582007,-105.78028946284638,255.74429330666194
2025-05-08T00:45:00Z,2025-05-08T01:00:00Z,2025-05-08,2025-05-08_3,0.0,100,100,0,52.735409565218205,59.074209565218204,0.01760777777777778,0.0,6.890000000000001,True,True,False,False,0.0,0.0,172.58928046125786,187.76842972289228,0.0,-274.40282010550885,85.95489007864128
2025-05-08T01:00:00Z,2025-05-08T01:15:00Z,2025-05-08,2025-05-08_4,-34.74631484877023,0,0,0,59.074209565218204,67.06586198043536,0.022199034486714318,0.0,0.0,True,False,False,False,-844.0748534637509,0.0,0.0,0.0,0.0,0.0,-844.0748534637509
2025-05-08T01:15:00Z,2025-05-08T01:30:00Z,2025-05-08,2025-05-08_4,-34.74631484877023,0,0,0,67.06586198043536,75.05751439565252,0.022199034486714318,0.0,0.0,True,False,False,False,-844.0748534637509,0.0,0.0,0.0,0.0,0.0,-844.0748534637509
2025-05-08T01:30:00Z,2025-05-08T01:45:00Z,2025-05-08,2025-05-08_4,-34.74631484877023,0,0,0,75.05751439565252,83.04916681086968,0.022199034486714318,0.0,0.0,True,False,False,False,-844.0748534637509,0.0,0.0,0.0,0.0,0.0,-844.0748534637509
2025-05-08T01:45:00Z,2025-05-08T02:00:00Z,2025-05-08,2025-05-08_4,-34.74631484877023,0,0,0,83.04916681086968,91.04081922608684,0.022199034486714318,0.0,0.0,True,False,False,False,-844.0748534637509,0.0,0.0,0.0,0.0,0.0,-844.0748534637509
2025-05-08T02:00:00Z,2025-05-08T02:15:00Z,2025-05-08,2025-05-08_5,-100.00000000000006,0,0,0,91.04081922608684,114.04081922608685,0.06388888888888893,0.0,0.0,True,False,False,False,-2396.2500000000014,0.0,0.0,0.0,0.0,0.0,-2396.2500000000014
2025-05-08T02:15:00Z,2025-05-08T02:30:00Z,2025-05-08,2025-05-08_5,-100.00000000000006,0,0,0,114.04081922608685,137.04081922608685,0.06388888888888893,0.0,0.0,True,False,False,False,-2396.2500000000014,0.0,0.0,0.0,0.0,0.0,-2396.2500000000014
2025-05-08T02:30:00Z,2025-05-08T02:45:00Z,2025-05-08,2025-05-08_5,-100.00000000000006,0,0,0,137.04081922608685,160.04081922608685,0.06388888888888893,0.0,0.0,True,False,False,False,-2396.2500000000014,0.0,0.0,0.0,0.0,0.0,-2396.2500000000014
2025-05-08T02:45:00Z,2025-05-08T03:00:00Z,2025-05-08,2025-05-08_5,-100.00000000000006,0,0,0,160.04081922608685,183.04081922608685,0.06388888888888893,0.0,0.0,True,False,False,False,-2396.2500000000014,0.0,0.0,0.0,0.0,0.0,-2396.2500000000014
2025-05-08T03:00:00Z,2025-05-08T03:15:00Z,2025-05-08,2025-05-08_6,0.0,100,100,0,183.04081922608685,189.08429922608684,0.016787444444444445,0.0,6.569,True,True,False,False,0.0,0.0,172.58928046125786,187.76842972289228,0.0,-228.46892078994335,131.88878939420678
2025-05-08T03:15:00Z,2025-05-08T03:30:00Z,2025-05-08,2025-05-08_6,0.0,100,100,0,189.08429922608684,189.66665922608684,0.0016176666666666666,0.0,0.633,True,True,False,False,0.0,0.0,172.58928046125786,187.76842972289228,0.0,-43.00852091545567,317.3491892686945
2025-05-08T03:30:00Z,2025-05-08T03:45:00Z,2025-05-08,2025-05-08_6,0.0,100,100,0,189.66665922608684,189.7111027043477,0.0007454347826086956,0.103,0.17,True,True,False,False,0.0,0.0,172.58928046125786,187.76842972289228,15.22699594046008,-12.197552509266343,363.3871536153439
2025-05-08T03:45:00Z,2025-05-08T04:00:00Z,2025-05-08,2025-05-08_6,0.0,100,100,0,189.7111027043477,182.80240705217378,0.01919082125603865,6.356000000000001,0.0,True,True,False,False,0.0,0.0,172.58928046125786,187.76842972289228,1247.4231178051032,0.0,1607.7808279892533
2025-05-08T04:00:00Z,2025-05-08T04:15:00Z,2025-05-08,2025-05-08_7,35.0,65,100,0,182.80240705217378,175.6406547043477,0.0279468231884058,0.020800000000000003,2.424,True,True,False,False,1114.2250000000001,0.0,112.18303229981761,184.91498499735246,3.065739130434783,-145.0772865799847,1269.3114698476204
2025-05-08T04:15:00Z,2025-05-08T04:30:00Z,2025-05-08,2025-05-08_7,35.0,65,100,0,175.6406547043477,166.2272542695651,0.026596834541062805,0.031849999999999996,0.135,True,True,False,False,1114.2250000000001,0.0,112.18303229981761,184.91498499735246,4.492354709654645,-9.878899217508971,1405.936472789316
2025-05-08T04:30:00Z,2025-05-08T04:45:00Z,2025-05-08,2025-05-08_7,35.0,65,100,0,166.2272542695651,154.90432139999984,0.03148913574879227,1.677,0.011,True,True,False,False,1114.2250000000001,0.0,112.18303229981761,184.91498499735246,297.41681002529856,-0.8327930419093564,1707.9070342805594
2025-05-08T04:45:00Z,2025-05-08T05:00:00Z,2025-05-08,2025-05-08_7,35.0,65,100,0,154.90432139999984,144.37853448695637,0.029259891425120768,0.939575,0.0065,True,True,False,False,1114.2250000000001,0.0,112.18303229981761,184.91498499735246,161.02993597889824,-0.5033239199074346,1571.849629356161
2025-05-08T05:00:00Z,2025-05-08T05:15:00Z,2025-05-08,2025-05-08_8,100.0,0,100,0,144.37853448695637,117.71114318260854,0.07407608695652174,0.0,0.466,True,True,False,False,3404.75,0.0,0.0,184.3560628346179,0.0,-34.021536741777965,3555.08452609284
2025-05-08T05:15:00Z,2025-05-08T05:30:00Z,2025-05-08,2025-05-08_8,100.0,0,100,0,117.71114318260854,90.70951274782594,0.07500452898550725,0.0,0.1585,True,True,False,False,3404.75,0.0,0.0,184.3560628346179,0.0,-11.994288796062051,3577.1117740385557
2025-05-08T05:30:00Z,2025-05-08T05:45:00Z,2025-05-08,2025-05-08_8,100.0,0,100,0,90.70951274782594,63.66657796521726,0.07511926328502415,0.0,0.1205,True,True,False,False,3404.75,0.0,0.0,184.3560628346179,0.0,-9.282524465101684,3579.8235383695164
2025-05-08T05:45:00Z,2025-05-08T06:00:00Z,2025-05-08,2025-05-08_8,100.0,0,100,0,63.66657796521726,37.37201274782595,0.07304045893719807,0.0,0.8089999999999999,True,True,False,False,3404.75,0.0,0.0,184.3560628346179,0.0,-57.718217724696515,3531.3878451099213
2025-05-08T06:00:00Z,2025-05-08T06:15:00Z,2025-05-08,2025-05-08_9,37.99999999999983,62,100,0,37.37201274782595,27.073918713043394,0.02893379676328489,0.06789,0.1035,True,True,False,False,1149.5949999999948,0.0,115.63217038300876,185.91516149908807,10.651291404365477,-7.532415426251691,1454.2612078602053
2025-05-08T06:15:00Z,2025-05-08T06:30:00Z,2025-05-08,2025-05-08_9,37.99999999999983,62,100,0,27.073918713043394,17.637352486956487,0.02919619285024142,0.03348,0.9415,True,True,False,False,1149.5949999999948,0.0,115.63217038300876,185.91516149908807,5.252691651467907,-57.567007609185936,1398.8280159243736
2025-05-08T06:30:00Z,2025-05-08T06:45:00Z,2025-05-08,2025-05-08_9,37.99999999999983,62,100,0,17.637352486956487,10.000000000000012,0.02987861024154579,0.0,2.734,True,True,False,False,1149.5949999999948,0.0,115.63217038300876,185.91516149908807,0.0,-163.73009197701555,1287.4122399050761
2025-05-08T06:45:00Z,2025-05-08T07:00:00Z,2025-05-08,2025-05-08_9,37.99999999999983,62,100,0,10.000000000000012,16.206089634782664,0.036031468792270566,0.0,16.8105,True,True,False,False,1149.5949999999948,0.0,115.63217038300876,185.91516149908807,0.0,1064.895773077602,2516.0381049596936
2025-05-08T07:00:00Z,2025-05-08T07:15:00Z,2025-05-08,2025-05-08_10,0.0,100,0,0,16.206089634782664,13.21098093913049,0.008319746376811593,2.7555,0.0,True,True,False,False,0.0,0.0,173.20703653585926,0.0,499.82946725892805,0.0,673.0365037947873
2025-05-08T07:15:00Z,2025-05-08T07:30:00Z,2025-05-08,2025-05-08_10,0.0,100,0,0,13.21098093913049,10.078915721739186,0.008700181159420289,2.8815,0.0,True,True,False,False,0.0,0.0,173.20703653585926,0.0,540.9643142907572,0.0,714.1713508266165
2025-05-08T07:30:00Z,2025-05-08T07:45:00Z,2025-05-08,2025-05-08_10,0.0,100,0,0,10.078915721739186,10.078915721739186,0.0,0.0,0.0,True,True,False,False,0.0,0.0,173.20703653585926,0.0,0.0,0.0,173.20703653585926
2025-05-08T07:45:00Z,2025-05-08T08:00:00Z,2025-05-08,2025-05-08_10,0.0,100,0,0,10.078915721739186,10.078915721739186,0.0,0.0,0.0,True,True,False,False,0.0,0.0,173.20703653585926,0.0,0.0,0.0,173.20703653585926
2025-05-08T08:00:00Z,2025-05-08T08:15:00Z,2025-05-08,2025-05-08_11,0.0,100,100,0,10.078915721739186,10.724633113043534,0.0018480072463768118,0.009,0.7125,True,True,False,False,0.0,0.0,173.20703653585926,186.29758192622228,1.4102488674471965,-43.101422309819384,317.8134450197094
2025-05-08T08:15:00Z,2025-05-08T08:30:00Z,2025-05-08,2025-05-08_11,0.0,100,100,0,10.724633113043534,13.060973113043534,0.006489833333333333,0.0,2.5395,True,True,False,False,0.0,0.0,173.20703653585926,186.29758192622228,0.0,-109.91650850150026,249.58810996058128
2025-05-08T08:30:00Z,2025-05-08T08:45:00Z,2025-05-08,2025-05-08_11,0.0,100,100,0,13.060973113043534,11.981619200000058,0.0036805386473429953,1.106,0.1335,True,True,False,False,0.0,0.0,173.20703653585926,186.29758192622228,186.44421407699397,-9.451373771842091,536.4974587672334
2025-05-08T08:45:00Z,2025-05-08T09:00:00Z,2025-05-08,2025-05-08_11,0.0,100,100,0,11.981619200000058,15.214499200000057,0.008980222222222221,0.0,3.514,True,True,False,False,0.0,0.0,173.20703653585926,186.29758192622228,0.0,-94.53777097919239,264.96684748288914
2025-05-08T09:00:00Z,2025-05-08T09:15:00Z,2025-05-08,2025-05-08_12,0.0,100,100,0,15.214499200000057,20.422619200000057,0.014467,0.0,5.661,True,True,False,False,0.0,0.0,173.20703653585926,187.76842972289228,0.0,-131.97898040830736,228.99648585044417
2025-05-08T09:15:00Z,2025-05-08T09:30:00Z,2025-05-08,2025-05-08_12,0.0,100,100,0,20.422619200000057,26.788099200000058,0.01768188888888889,0.0,6.9190000000000005,True,True,False,False,0.0,0.0,173.20703653585926,187.76842972289228,0.0,-212.38158910395953,148.593877154792
2025-05-08T09:30:00Z,2025-05-08T09:45:00Z,2025-05-08,2025-05-08_12,0.0,100,100,0,26.788099200000058,27.259476591304406,0.0013637294685990339,0.009,0.523,True,True,False,False,0.0,0.0,173.20703653585926,187.76842972289228,1.3131729128669765,-19.494829871938183,342.79380929968033
2025-05-08T09:45:00Z,2025-05-08T10:00:00Z,2025-05-08,2025-05-08_12,0.0,100,100,0,27.259476591304406,27.541891373913103,0.0011015144927536231,0.0525,0.369,True,True,False,False,0.0,0.0,173.20703653585926,187.76842972289228,7.660175325057364,-13.767070071189034,354.8685715126199
2025-05-08T10:00:00Z,2025-05-08T10:15:00Z,2025-05-08,2025-05-08_13,-99.99999999999997,100,0,0,27.541891373913103,50.4811713739131,0.0637202222222222,0.066,0.0,True,True,False,False,-1689.7499999999995,0.0,173.20703653585926,0.0,9.629934694357829,0.0,-1506.9130287697824
2025-05-08T10:15:00Z,2025-05-08T10:30:00Z,2025-05-08,2025-05-08_13,-99.99999999999997,100,0,0,50.4811713739131,73.4742713739131,0.0638697222222222,0.0075,0.0,True,True,False,False,-1689.7499999999995,0.0,173.20703653585926,0.0,1.0943107607224805,0.0,-1515.4486527034178
2025-05-08T10:30:00Z,2025-05-08T10:45:00Z,2025-05-08,2025-05-08_13,-99.99999999999997,100,0,0,73.4742713739131,94.2906513739131,0.057823277777777765,2.3735,0.0,True,True,False,False,-1689.7499999999995,0.0,173.20703653585926,0.0,362.97266939263795,0.0,-1153.5702940715023
2025-05-08T10:45:00Z,2025-05-08T11:00:00Z,2025-05-08,2025-05-08_13,-99.99999999999997,100,0,0,94.2906513739131,112.5963513739131,0.05084916666666667,5.1025,0.0,True,True,False,False,-1689.7499999999995,0.0,173.20703653585926,0.0,798.9893986193642,0.0,-717.553564844776
2025-05-08T11:00:00Z,2025-05-08T11:15:00Z,2025-05-08,2025-05-08_14,-100.0,100,0,0,112.5963513739131,120.90073137391309,0.023067722222222222,15.9735,0.0,True,True,False,False,-1674.25,0.0,173.20703653585926,0.0,11293.083748308525,0.0,9792.040784844385
2025-05-08T11:15:00Z,2025-05-08T11:30:00Z,2025-05-08,2025-05-08_14,-100.0,100,0,0,120.90073137391309,135.22099137391308,0.0397785,9.4345,0.0,True,True,False,False,-1674.25,0.0,173.20703653585926,0.0,2481.8687184993432,0.0,980.8257550352025
2025-05-08T11:30:00Z,2025-05-08T11:45:00Z,2025-05-08,2025-05-08_14,-100.0,100,0,0,135.22099137391308,157.0728313739131,0.06069955555555556,1.248,0.0,True,True,False,False,-1674.25,0.0,173.20703653585926,0.0,186.32991704418427,0.0,-1314.7130464199565
2025-05-08T11:45:00Z,2025-05-08T12:00:00Z,2025-05-08,2025-05-08_14,-100.0,100,0,0,157.0728313739131,179.0829113739131,0.061139111111111116,1.076,0.0,True,True,False,False,-1674.25,0.0,173.20703653585926,0.0,159.9492537898845,0.0,-1341.0937096742562
2025-05-08T12:00:00Z,2025-05-08T12:15:00Z,2025-05-08,2025-05-08_15,-6.0,100,94,0,179.0829113739131,181.1543189739131,0.00575391,0.0,0.75153,True,True,False,False,-110.625,0.0,173.20703653585926,176.50232393951873,0.0,-29.764219562275702,209.32014091310228
2025-05-08T12:15:00Z,2025-05-08T12:30:00Z,2025-05-08,2025-05-08_15,-6.0,100,94,0,181.1543189739131,182.7526809739131,0.004439894444444445,0.0,0.23734999999999998,True,True,False,False,-110.625,0.0,173.20703653585926,176.50232393951873,0.0,-13.51276545861034,225.57159501676765
2025-05-08T12:30:00Z,2025-05-08T12:45:00Z,2025-05-08,2025-05-08_15,-6.0,100,94,0,182.7526809739131,184.40949006956527,0.004704421400966184,0.018,0.32195,True,True,False,False,-110.625,0.0,173.20703653585926,176.50232393951873,2.624972642230982,-12.451309387931202,229.25802372967777
2025-05-08T12:45:00Z,2025-05-08T13:00:00Z,2025-05-08,2025-05-08_15,-6.0,100,94,0,184.40949006956527,185.885375826087,0.0044033662318840585,0.0535,0.16685,True,True,False,False,-110.625,0.0,173.20703653585926,176.50232393951873,7.804026985154242,-6.224276244827519,240.6641112157047
2025-05-08T13:00:00Z,2025-05-08T13:15:00Z,2025-05-08,2025-05-08_16,-8.0,100,92,0,185.885375826087,187.51666862608698,0.006364702222222222,0.33,0.15824,True,True,False,False,-167.0,0.0,173.20703653585926,172.74695534506088,48.63311172559864,-5.897156156968877,221.6899474495499
2025-05-08T13:15:00Z,2025-05-08T13:30:00Z,2025-05-08,2025-05-08_16,-8.0,100,92,0,187.51666862608698,189.85954862608696,0.007746888888888889,0.22300000000000003,0.80684,True,True,False,False,-167.0,0.0,173.20703653585926,172.74695534506088,35.74092035849464,-29.63650807397384,185.05840416544095
2025-05-08T13:30:00Z,2025-05-08T13:45:00Z,2025-05-08,2025-05-08_16,-8.0,100,92,0,189.85954862608696,179.92698782608696,0.03332899777777777,10.9655,0.0,True,True,False,False,-167.0,0.0,173.20703653585926,172.74695534506088,4645.231470553627,0.0,4824.185462434548
2025-05-08T13:45:00Z,2025-05-08T14:00:00Z,2025-05-08,2025-05-08_16,-8.0,100,92,0,179.92698782608696,169.05932142608697,0.03557037111111111,11.8365,0.0,True,True,False,False,-167.0,0.0,173.20703653585926,172.74695534506088,2696.24332441019,0.0,2875.19731629111
2025-05-08T14:00:00Z,2025-05-08T14:15:00Z,2025-05-08,2025-05-08_17,-48.97974657996611,100,51,0,169.05932142608697,178.83248309378382,0.03187228232691283,1.5335,0.05354999999999999,True,True,False,False,-1223.7589683004533,0.0,173.20703653585926,95.01176678237336,268.59873075640803,-3.7911690298287932,-690.7326032556414
2025-05-08T14:15:00Z,2025-05-08T14:30:00Z,2025-05-08,2025-05-08_17,-48.97974657996611,100,51,0,178.83248309378382,189.92434030857135,0.03146541278574781,0.21250000000000002,0.043605000000000005,True,True,False,False,-1223.7589683004533,0.0,173.20703653585926,95.01176678237336,34.23458306367791,-3.087094781432018,-924.3926766999748
2025-05-08T14:30:00Z,2025-05-08T14:45:00Z,2025-05-08,2025-05-08_17,-48.97974657996611,100,51,0,189.92434030857135,190.00000000000017,0.03450711394188062,11.132,0.0,True,True,False,False,-1223.7589683004533,0.0,173.20703653585926,95.01176678237336,5327.161172755977,0.0,4371.621007773756
2025-05-08T14:45:00Z,2025-05-08T15:00:00Z,2025-05-08,2025-05-08_17,-48.97974657996611,100,51,0,190.00000000000017,182.43477145122466,0.036702137934814694,18.7335,0.0,True,True,False,False,-1223.7589683004533,0.0,173.20703653585926,95.01176678237336,16555.158876860623,0.0,15599.618711878402
2025-05-08T15:00:00Z,2025-05-08T15:15:00Z,2025-05-08,2025-05-08_18,-48.88366072129959,100,51,0,182.43477145122466,179.3815466230292,0.035413741583077835,14.2205,0.0,True,True,False,False,-1456.6108803429245,0.0,172.58928046125786,95.01176678237336,11948.853839599144,0.0,10759.84400649985
2025-05-08T15:15:00Z,2025-05-08T15:30:00Z,2025-05-08,2025-05-08_18,-48.88366072129959,100,51,0,179.3815466230292,175.18474519919494,0.03574830151847243,15.357999999999999,0.0,True,True,False,False,-1456.6108803429245,0.0,172.58928046125786,95.01176678237336,9769.189132984251,0.0,8580.179299884958
2025-05-08T15:30:00Z,2025-05-08T15:45:00Z,2025-05-08,2025-05-08_18,-48.88366072129959,100,51,0,175.18474519919494,176.56357085176774,0.03411711962686943,9.812,0.0,True,True,False,False,-1456.6108803429245,0.0,172.58928046125786,95.01176678237336,2677.73445902218,0.0,1488.7246259228868
2025-05-08T15:45:00Z,2025-05-08T16:00:00Z,2025-05-08,2025-05-08_18,-48.88366072129959,100,51,0,176.56357085176774,183.70652521739143,0.032430790493168424,4.0785,0.0,True,True,False,False,-1456.6108803429245,0.0,172.58928046125786,95.01176678237336,739.8033149967642,0.0,-449.206518102529
2025-05-08T16:00:00Z,2025-05-08T16:15:00Z,2025-05-08,2025-05-08_19,0.0,100,100,0,183.70652521739143,188.26274521739145,0.012725611111111113,0.0115,4.966,True,True,False,False,0.0,0.0,173.23645349179267,184.91498499735246,1.5787099684258008,-249.71215116393088,110.01799729364005
2025-05-08T16:15:00Z,2025-05-08T16:30:00Z,2025-05-08,2025-05-08_19,0.0,100,100,0,188.26274521739145,189.92180000000016,0.004647736714975845,0.0065,1.8110000000000002,True,True,False,False,0.0,0.0,173.23645349179267,184.91498499735246,0.8923143299798004,-112.4769122001922,246.56684061893273
2025-05-08T16:30:00Z,2025-05-08T16:45:00Z,2025-05-08,2025-05-08_19,0.0,100,100,0,189.92180000000016,189.87880434782625,0.000553876811594203,0.11150000000000002,0.085,True,True,False,False,0.0,0.0,173.23645349179267,184.91498499735246,17.11085809260458,-6.6255858877056735,368.63671069404404
2025-05-08T16:45:00Z,2025-05-08T17:00:00Z,2025-05-08,2025-05-08_19,0.0,100,100,0,189.87880434782625,179.33913043478276,0.029276871980676328,9.6965,0.0,True,True,False,False,0.0,0.0,173.23645349179267,184.91498499735246,2336.673755270538,0.0,2694.8251937596833
2025-05-08T17:00:00Z,2025-05-08T17:15:00Z,2025-05-08,2025-05-08_20,46.769418116765095,53,100,0,179.33913043478276,165.89467442479224,0.03734571113886254,0.6765450000000001,0.0,True,True,False,False,2069.5467516668555,0.0,91.98682120374184,184.3560628346179,122.89433092016239,0.0,2468.7839666253776
2025-05-08T17:15:00Z,2025-05-08T17:30:00Z,2025-05-08,2025-05-08_20,46.769418116765095,53,100,0,165.89467442479224,152.96770474231056,0.0359817073210035,0.22525,0.027,True,True,False,False,2069.5467516668555,0.0,91.98682120374184,184.3560628346179,38.74877801965053,-2.0108436782961703,2382.6275700465694
2025-05-08T17:30:00Z,2025-05-08T17:45:00Z,2025-05-08,2025-05-08_20,46.769418116765095,53,100,0,152.96770474231056,139.92084856739126,0.03633104940066338,0.341055,0.033,True,True,False,False,2069.5467516668555,0.0,91.98682120374184,184.3560628346179,59.199004041889744,-2.4651403188798025,2402.623499428225
2025-05-08T17:45:00Z,2025-05-08T18:00:00Z,2025-05-08,2025-05-08_20,46.769418116765095,53,100,0,139.92084856739126,127.32406521739155,0.03533250947134579,0.011925,0.1255,True,True,False,False,2069.5467516668555,0.0,91.98682120374184,184.3560628346179,1.6370535976937108,-9.399394010707772,2338.1272952922013
2025-05-08T18:00:00Z,2025-05-08T18:15:00Z,2025-05-08,2025-05-08_21,100.0,0,100,0,127.32406521739155,100.18493478260893,0.0753864734299517,0.0,0.032,True,True,False,False,5557.5,0.0,0.0,184.3560628346179,0.0,-2.5013229785648448,5739.354739856053
2025-05-08T18:15:00Z,2025-05-08T18:30:00Z,2025-05-08,2025-05-08_21,100.0,0,100,0,100.18493478260893,73.05721739130459,0.07535477053140097,0.0,0.0425,True,True,False,False,5557.5,0.0,0.0,184.3560628346179,0.0,-3.302641152360221,5738.553421682258
2025-05-08T18:30:00Z,2025-05-08T18:45:00Z,2025-05-08,2025-05-08_21,100.0,0,100,0,73.05721739130459,46.023521739130686,0.07509359903381642,0.0,0.129,True,True,False,False,5557.5,0.0,0.0,184.3560628346179,0.0,-9.879880567158912,5731.976182267459
2025-05-08T18:45:00Z,2025-05-08T19:00:00Z,2025-05-08,2025-05-08_21,100.0,0,100,0,46.023521739130686,19.418086956521993,0.07390398550724638,0.0,0.523,True,True,False,False,5557.5,0.0,0.0,184.3560628346179,0.0,-36.080958796650386,5705.775104037967
2025-05-08T19:00:00Z,2025-05-08T19:15:00Z,2025-05-08,2025-05-08_22,0.0,100,100,0,19.418086956521993,15.724654782608951,0.010341311594202898,3.4114999999999998,0.016,True,True,False,False,0.0,0.0,173.88362652232746,184.3560628346179,818.6328824694554,-1.246299935282697,1175.626271891118
2025-05-08T19:15:00Z,2025-05-08T19:30:00Z,2025-05-08,2025-05-08_22,0.0,100,100,0,15.724654782608951,16.841940869565473,0.011657316425120773,1.4165,2.888,True,True,False,False,0.0,0.0,173.88362652232746,184.3560628346179,295.3979339491283,-147.43973171736187,506.19789158871174
2025-05-08T19:30:00Z,2025-05-08T19:45:00Z,2025-05-08,2025-05-08_22,0.0,100,100,0,16.841940869565473,20.722960869565473,0.01078061111111111,0.0,4.2185,True,True,False,False,0.0,0.0,173.88362652232746,184.3560628346179,0.0,-205.48300180423996,152.7566875527054
2025-05-08T19:45:00Z,2025-05-08T20:00:00Z,2025-05-08,2025-05-08_22,0.0,100,100,0,20.722960869565473,42.78318086956547,0.06127838888888889,0.0,23.9785,True,True,False,False,0.0,0.0,173.88362652232746,184.3560628346179,0.0,3946.1140614029932,4304.3537507599385
2025-05-08T20:00:00Z,2025-05-08T20:15:00Z,2025-05-08,2025-05-08_23,0.0,100,100,0,42.78318086956547,43.575543478261125,0.007632770531400966,0.8995,1.924,True,True,False,False,0.0,0.0,172.58928046125786,186.29758192622228,155.10769773097212,-67.97748465415465,446.0170754642976
2025-05-08T20:15:00Z,2025-05-08T20:30:00Z,2025-05-08,2025-05-08_23,0.0,100,100,0,43.575543478261125,25.451086956521998,0.05034571256038646,16.6745,0.0,True,True,False,False,0.0,0.0,172.58928046125786,186.29758192622228,15108.723541213154,0.0,15467.610403600635
2025-05-08T20:30:00Z,2025-05-08T20:45:00Z,2025-05-08,2025-05-08_23,0.0,100,100,0,25.451086956521998,16.705434782608954,0.024293478260869562,8.046,0.0,True,True,False,False,0.0,0.0,172.58928046125786,186.29758192622228,1872.539989409896,0.0,2231.426851797376
2025-05-08T20:45:00Z,2025-05-08T21:00:00Z,2025-05-08,2025-05-08_23,0.0,100,100,0,16.705434782608954,10.00000000000026,0.018626207729468595,6.169,0.0,True,True,False,False,0.0,0.0,172.58928046125786,186.29758192622228,1365.1515128159872,0.0,1724.0383752034672
2025-05-08T21:00:00Z,2025-05-08T21:15:00Z,2025-05-09,2025-05-08_24,-99.99999999999801,100,0,0,10.00000000000026,19.593759999999754,0.026649333333333677,14.572,0.0,True,True,False,False,-3155.7499999999372,0.0,171.13740189762208,0.0,10252.025880285813,0.0,7267.413282183498
2025-05-08T21:15:00Z,2025-05-08T21:30:00Z,2025-05-09,2025-05-08_24,-99.99999999999801,100,0,0,19.593759999999754,20.305379999999218,0.001976722222223636,24.2265,0.0,True,True,False,False,-3155.7499999999372,0.0,171.13740189762208,0.0,31218.225711022602,0.0,28233.613112920288
2025-05-08T21:30:00Z,2025-05-08T21:45:00Z,2025-05-09,2025-05-08_24,-99.99999999999801,100,0,0,20.305379999999218,29.228459999998712,0.02478633333333376,15.301,0.0,True,True,False,False,-3155.7499999999372,0.0,171.13740189762208,0.0,13454.087271680135,0.0,10469.474673577819
2025-05-08T21:45:00Z,2025-05-08T22:00:00Z,2025-05-09,2025-05-08_24,-99.99999999999801,100,0,0,29.228459999998712,50.40041999999825,0.058810999999998954,1.9870000000000003,0.0,True,True,False,False,-3155.7499999999372,0.0,171.13740189762208,0.0,381.12795107570975,0.0,-2603.484647026605
2025-05-08T22:00:00Z,2025-05-08T22:15:00Z,2025-05-09,2025-05-09_1,0.0,100,100,0,50.40041999999825,46.15180521738956,0.015103485507246375,4.4555,0.646,True,True,False,False,0.0,0.0,170.5810003514115,184.4910390066768,1211.9782869665378,-36.19186560462301,1530.858460720003
2025-05-08T22:15:00Z,2025-05-08T22:30:00Z,2025-05-09,2025-05-09_1,0.0,100,100,0,46.15180521738956,34.18332695651999,0.033245772946859896,11.011,0.0,True,True,False,False,0.0,0.0,170.5810003514115,184.4910390066768,3268.5872539143334,0.0,3623.6592932724216
2025-05-08T22:30:00Z,2025-05-08T22:45:00Z,2025-05-09,2025-05-09_1,0.0,100,100,0,34.18332695651999,25.9724573913026,0.02280797101449275,7.553999999999999,0.0,True,True,False,False,0.0,0.0,170.5810003514115,184.4910390066768,1455.259178868455,0.0,1810.3312182265431
2025-05-08T22:45:00Z,2025-05-08T23:00:00Z,2025-05-09,2025-05-09_1,0.0,100,100,0,25.9724573913026,26.388159130433035,0.005701828502415459,0.753,1.3415,True,True,False,False,0.0,0.0,170.5810003514115,184.4910390066768,116.93683378235913,-66.4102998711491,405.5985732692983
2025-05-08T23:00:00Z,2025-05-08T23:15:00Z,2025-05-09,2025-05-09_2,0.0,100,100,0,26.388159130433035,27.62962086956347,0.0035511618357487924,0.017,1.3695,True,True,False,False,0.0,0.0,170.5810003514115,184.4910390066768,2.3232204911951895,-77.466237261333,279.9290225879505
2025-05-08T23:15:00Z,2025-05-08T23:30:00Z,2025-05-09,2025-05-09_2,0.0,100,100,0,27.62962086956347,27.54765130434608,0.00045769323671497576,0.11349999999999999,0.045,True,True,False,False,0.0,0.0,170.5810003514115,184.4910390066768,15.777213502010852,-3.4092801921049545,367.4399726679942
2025-05-08T23:30:00Z,2025-05-08T23:45:00Z,2025-05-09,2025-05-09_2,0.0,100,100,0,27.54765130434608,27.395519999998253,0.00043792028985507235,0.1425,0.003,True,True,False,False,0.0,0.0,170.5810003514115,184.4910390066768,19.890659775096633,-0.2284174768654094,374.7342816563195
2025-05-08T23:45:00Z,2025-05-09T00:00:00Z,2025-05-09,2025-05-09_2,0.0,100,100,0,27.395519999998253,27.72263043478086,0.001871804347826087,0.1595,0.544,True,True,False,False,0.0,0.0,170.5810003514115,184.4910390066768,22.544609738003203,-29.79595330131584,347.82069579477565
2025-05-09T00:00:00Z,2025-05-09T00:15:00Z,2025-05-09,2025-05-09_3,-60.0,100,40,0,27.72263043478086,41.85138260869391,0.03929846618357488,0.0215,0.38039999999999996,True,True,False,False,-1449.8999999999999,0.0,170.5810003514115,73.79641560267072,2.938190621217445,-21.539290383038537,-1224.1236838077386
2025-05-09T00:15:00Z,2025-05-09T00:30:00Z,2025-05-09,2025-05-09_3,-60.0,100,40,0,41.85138260869391,55.436757391302606,0.03826251449275362,0.21749999999999997,0.0,True,True,False,False,-1449.8999999999999,0.0,170.5810003514115,73.79641560267072,30.178836242239655,0.0,-1175.343747803678
2025-05-09T00:30:00Z,2025-05-09T00:45:00Z,2025-05-09,2025-05-09_3,-60.0,100,40,0,55.436757391302606,53.123584173911304,0.033016547826086956,16.329,0.0,True,True,False,False,-1449.8999999999999,0.0,170.5810003514115,73.79641560267072,16840.758039123815,0.0,15635.235455077898
2025-05-09T00:45:00Z,2025-05-09T01:00:00Z,2025-05-09,2025-05-09_3,-60.0,100,40,0,53.123584173911304,60.018375304346094,0.036114757971014495,7.0225,0.0266,True,True,False,False,-1449.8999999999999,0.0,170.5810003514115,73.79641560267072,2142.4643658974655,-1.9067955175510523,935.0349863339968
2025-05-09T01:00:00Z,2025-05-09T01:15:00Z,2025-05-09,2025-05-09_4,0.0,100,100,0,60.018375304346094,64.12939530434609,0.011419499999999999,0.0,4.4685,True,True,False,False,0.0,0.0,170.5810003514115,184.4910390066768,0.0,-189.63426964975983,165.43776970832846
2025-05-09T01:15:00Z,2025-05-09T01:30:00Z,2025-05-09,2025-05-09_4,0.0,100,100,0,64.12939530434609,71.15635530434609,0.019519333333333333,0.0,7.638,True,True,False,False,0.0,0.0,170.5810003514115,184.4910390066768,0.0,-301.52817500292844,53.543864355159855
2025-05-09T01:30:00Z,2025-05-09T01:45:00Z,2025-05-09,2025-05-09_4,0.0,100,100,0,71.15635530434609,81.07119530434609,0.02754122222222222,0.0,10.777,True,True,False,False,0.0,0.0,170.5810003514115,184.4910390066768,0.0,-213.33713423919409,141.7349051188942
2025-05-09T01:45:00Z,2025-05-09T02:00:00Z,2025-05-09,2025-05-09_4,0.0,100,100,0,81.07119530434609,89.06645530434609,0.022209055555555555,0.0,8.6905,True,True,False,False,0.0,0.0,170.5810003514115,184.4910390066768,0.0,-220.85427472570376,134.21776463238453
2025-05-09T02:00:00Z,2025-05-09T02:15:00Z,2025-05-09,2025-05-09_5,-99.70563062382014,0,0,0,89.06645530434609,111.99875034782472,0.06370081956521842,0.0,0.0,True,False,False,False,-2489.15106852367,0.0,0.0,0.0,0.0,0.0,-2489.15106852367
2025-05-09T02:15:00Z,2025-05-09T02:30:00Z,2025-05-09,2025-05-09_5,-99.70563062382014,0,0,0,111.99875034782472,134.93104539130337,0.06370081956521842,0.0,0.0,True,False,False,False,-2489.15106852367,0.0,0.0,0.0,0.0,0.0,-2489.15106852367
2025-05-09T02:30:00Z,2025-05-09T02:45:00Z,2025-05-09,2025-05-09_5,-99.70563062382014,0,0,0,134.93104539130337,157.863340434782,0.06370081956521842,0.0,0.0,True,False,False,False,-2489.15106852367,0.0,0.0,0.0,0.0,0.0,-2489.15106852367
2025-05-09T02:45:00Z,2025-05-09T03:00:00Z,2025-05-09,2025-05-09_5,-99.70563062382014,0,0,0,157.863340434782,180.79563547826064,0.06370081956521842,0.0,0.0,True,False,False,False,-2489.15106852367,0.0,0.0,0.0,0.0,0.0,-2489.15106852367
2025-05-09T03:00:00Z,2025-05-09T03:15:00Z,2025-05-09,2025-05-09_6,0.0,100,100,0,180.79563547826064,180.77479634782586,0.0004795531400966184,0.089,0.0825,True,True,False,False,0.0,0.0,170.5810003514115,183.75893170903126,12.911150872671897,-6.268692163523486,360.9823907695912
2025-05-09T03:15:00Z,2025-05-09T03:30:00Z,2025-05-09,2025-05-09_6,0.0,100,100,0,180.77479634782586,180.7678746086954,0.00036422705314009666,0.0635,0.0675,True,True,False,False,0.0,0.0,170.5810003514115,183.75893170903126,8.706908457303502,-5.133726718987935,357.91311379875833
2025-05-09T03:30:00Z,2025-05-09T03:45:00Z,2025-05-09,2025-05-09_6,0.0,100,100,0,180.7678746086954,180.2766215652171,0.001546036231884058,0.482,0.0355,True,True,False,False,0.0,0.0,170.5810003514115,183.75893170903126,75.27460114794424,-2.578383116629573,427.0361500917574
2025-05-09T03:45:00Z,2025-05-09T04:00:00Z,2025-05-09,2025-05-09_6,0.0,100,100,0,180.2766215652171,173.64944765217365,0.018408816425120773,6.097,0.0,True,True,False,False,0.0,0.0,170.5810003514115,183.75893170903126,1149.5348219515054,0.0,1503.8747540119482
2025-05-09T04:00:00Z,2025-05-09T04:15:00Z,2025-05-09,2025-05-09_7,99.00000000000033,1,100,0,173.64944765217365,148.7135248434779,0.06935942335748813,0.007255,1.8189999999999997,True,True,False,False,3327.885000000011,0.0,1.8419819608761856,183.23181445472648,1.349239921322869,-95.31550056616297,3418.992535770774
2025-05-09T04:15:00Z,2025-05-09T04:30:00Z,2025-05-09,2025-05-09_7,99.00000000000033,1,100,0,148.7135248434779,121.78476397391259,0.07480211352657029,0.024460000000000003,0.0,True,True,False,False,3327.885000000011,0.0,1.8419819608761856,183.23181445472648,4.280972753894812,0.0,3517.2397691695087
2025-05-09T04:30:00Z,2025-05-09T04:45:00Z,2025-05-09,2025-05-09_7,99.00000000000033,1,100,0,121.78476397391259,94.91344298260816,0.07464406608695677,0.00107,0.029499999999999995,True,True,False,False,3327.885000000011,0.0,1.8419819608761856,183.23181445472648,0.1525711959704814,-2.2461051891765256,3510.865262422408
2025-05-09T04:45:00Z,2025-05-09T05:00:00Z,2025-05-09,2025-05-09_7,99.00000000000033,1,100,0,94.91344298260816,68.43585999999938,0.07356885161835772,0.000275,0.3915,True,True,False,False,3327.885000000011,0.0,1.8419819608761856,183.23181445472648,0.038460056225840464,-28.002392526648705,3484.994863945191
2025-05-09T05:00:00Z,2025-05-09T05:15:00Z,2025-05-09,2025-05-09_8,0.0,100,100,0,68.43585999999938,53.73694695652112,0.04083031400966183,13.523,0.0,True,True,False,False,0.0,0.0,184.19819608761858,183.23181445472648,9943.969692319706,0.0,10311.39970286205
2025-05-09T05:15:00Z,2025-05-09T05:30:00Z,2025-05-09,2025-05-09_8,0.0,100,100,0,53.73694695652112,40.290207826086345,0.03735205314009662,12.371,0.0,True,True,False,False,0.0,0.0,184.19819608761858,183.23181445472648,6549.27821287728,0.0,6916.708223419625
2025-05-09T05:30:00Z,2025-05-09T05:45:00Z,2025-05-09,2025-05-09_8,0.0,100,100,0,40.290207826086345,33.70433826086895,0.018294082125603864,6.059,0.0,True,True,False,False,0.0,0.0,184.19819608761858,183.23181445472648,1258.9452703916286,0.0,1626.3752809339737
2025-05-09T05:45:00Z,2025-05-09T06:00:00Z,2025-05-09,2025-05-09_8,0.0,100,100,0,33.70433826086895,33.48950782608634,0.0008011956521739131,0.2315,0.04,True,True,False,False,0.0,0.0,184.19819608761858,183.23181445472648,34.243081195580025,-2.853070946077857,398.82002079184724
2025-05-09T06:00:00Z,2025-05-09T06:15:00Z,2025-05-09,2025-05-09_9,-20.0,100,80,0,33.48950782608634,22.41035026086895,0.04111828212560386,14.882000000000001,0.0,True,True,False,False,-471.85,0.0,186.45308656436686,147.19456483542228,6868.81786810355,0.0,6730.615519503339
2025-05-09T06:15:00Z,2025-05-09T06:30:00Z,2025-05-09,2025-05-09_9,-20.0,100,80,0,22.41035026086895,14.46186173912982,0.035459512560386465,11.9105,0.0,True,True,False,False,-471.85,0.0,186.45308656436686,147.19456483542228,4250.950042266995,0.0,4112.7476936667845
2025-05-09T06:30:00Z,2025-05-09T06:45:00Z,2025-05-09,2025-05-09_9,-20.0,100,80,0,14.46186173912982,13.755580521738516,0.022369025603864737,5.0365,0.0,True,True,False,False,-471.85,0.0,186.45308656436686,147.19456483542228,907.5768673616805,0.0,769.3745187614695
2025-05-09T06:45:00Z,2025-05-09T07:00:00Z,2025-05-09,2025-05-09_9,-20.0,100,80,0,13.755580521738516,21.20783826086895,0.020831150724637683,0.027,3.1312,True,True,False,False,-471.85,0.0,186.45308656436686,147.19456483542228,4.216938034438327,-75.04744648783726,-209.03285705360983
2025-05-09T07:00:00Z,2025-05-09T07:15:00Z,2025-05-09,2025-05-09_10,51.000000000000014,49,100,0,21.20783826086895,10.555061599999384,0.0375789718357488,0.0,3.1895,True,True,False,False,1080.9450000000004,0.0,84.0438678692749,184.4910390066768,0.0,-124.27418306587012,1225.205723810082
2025-05-09T07:15:00Z,2025-05-09T07:30:00Z,2025-05-09,2025-05-09_10,51.000000000000014,49,100,0,10.555061599999384,9.999999999999382,0.034689412222222216,0.0,13.2355,True,True,False,False,1080.9450000000004,0.0,84.0438678692749,184.4910390066768,0.0,972.107191245949,2321.587098121901
2025-05-09T07:30:00Z,2025-05-09T07:45:00Z,2025-05-09,2025-05-09_10,51.000000000000014,49,100,0,9.999999999999382,10.379223304347207,0.03442205748792271,0.0,14.165,True,True,False,False,1080.9450000000004,0.0,84.0438678692749,184.4910390066768,0.0,-81.48843368084025,1267.991473195112
2025-05-09T07:45:00Z,2025-05-09T08:00:00Z,2025-05-09,2025-05-09_10,51.000000000000014,49,100,0,10.379223304347207,18.232223269564592,0.03228336342995169,0.0,21.6005,True,True,False,False,1080.9450000000004,0.0,84.0438678692749,184.4910390066768,0.0,1188.7950004880715,2538.2749073640234
2025-05-09T08:00:00Z,2025-05-09T08:15:00Z,2025-05-09,2025-05-09_11,31.837237522076723,68,100,0,18.232223269564592,27.47224265138226,0.038384312667400375,0.0,18.385,True,True,False,False,431.55375461175,0.0,116.63230643083048,184.4910390066768,0.0,786.9097292179142,1519.5868292671714
2025-05-09T08:15:00Z,2025-05-09T08:30:00Z,2025-05-09,2025-05-09_11,31.837237522076723,68,100,0,27.47224265138226,26.990450132796926,0.030585439202847745,0.0,8.395,True,True,False,False,431.55375461175,0.0,116.63230643083048,184.4910390066768,0.0,-68.8143502791769,663.8627497700803
2025-05-09T08:30:00Z,2025-05-09T08:45:00Z,2025-05-09,2025-05-09_11,31.837237522076723,68,100,0,26.990450132796926,19.866385778934685,0.025328428146989906,0.01836,1.59,True,True,False,False,431.55375461175,0.0,116.63230643083048,184.4910390066768,2.6040646597165282,-43.12046972004217,692.1606949889316
2025-05-09T08:45:00Z,2025-05-09T09:00:00Z,2025-05-09,2025-05-09_11,31.837237522076723,68,100,0,19.866385778934685,11.189190434781974,0.02421480438527698,0.05236,0.032,True,True,False,False,431.55375461175,0.0,116.63230643083048,184.4910390066768,7.426406622154542,-2.2552809339736832,737.8482257374382
2025-05-09T09:00:00Z,2025-05-09T09:15:00Z,2025-05-09,2025-05-09_12,-12.0,100,88,0,11.189190434781974,12.618522399999364,0.010676646763285023,1.262,0.017159999999999998,True,True,False,False,-15.36,0.0,171.5180976923978,163.46023193159186,117.29834446136425,-0.6366104720627854,436.28006361329113
2025-05-09T09:15:00Z,2025-05-09T09:30:00Z,2025-05-09,2025-05-09_12,-12.0,100,88,0,12.618522399999364,13.774119791303711,0.011364340579710145,1.5345,0.035640000000000005,True,True,False,False,-15.36,0.0,171.5180976923978,163.46023193159186,142.6262357971184,-1.3226989106243412,460.9218665104837
2025-05-09T09:30:00Z,2025-05-09T09:45:00Z,2025-05-09,2025-05-09_12,-12.0,100,88,0,13.774119791303711,18.415263026086322,0.01290800657004831,0.003,2.0482,True,True,False,False,-15.36,0.0,171.5180976923978,163.46023193159186,0.2788391706688532,-0.20353242747257036,319.69363636718595
2025-05-09T09:45:00Z,2025-05-09T10:00:00Z,2025-05-09,2025-05-09_12,-12.0,100,88,0,18.415263026086322,24.05905822608632,0.01567720888888889,0.0,3.13456,True,True,False,False,-15.36,0.0,171.5180976923978,163.46023193159186,0.0,17.01237124672992,336.6307008707196
2025-05-09T10:00:00Z,2025-05-09T10:15:00Z,2025-05-09,2025-05-09_13,-8.827000720011146,100,91,0,24.05905822608632,27.93728271802204,0.011422508486961452,0.11799999999999998,2.146235,True,True,False,False,-11.298560921614266,0.0,171.5180976923978,169.0327398383507,10.967674046308224,-50.87953805298504,289.3404126024574
2025-05-09T10:15:00Z,2025-05-09T10:30:00Z,2025-05-09,2025-05-09_13,-8.827000720011146,100,91,0,27.93728271802204,22.620359998995472,0.022971767209486807,6.855,0.0031850000000000003,True,True,False,False,-11.298560921614266,0.0,171.5180976923978,169.0327398383507,991.1351440787162,-0.11849764456678771,1320.2689230432836
2025-05-09T10:30:00Z,2025-05-09T10:45:00Z,2025-05-09,2025-05-09_13,-8.827000720011146,100,91,0,22.620359998995472,19.708175447078272,0.017288734951263127,4.6095,0.0,True,True,False,False,-11.298560921614266,0.0,171.5180976923978,169.0327398383507,463.5606281480613,0.0,792.8129047571955
2025-05-09T10:45:00Z,2025-05-09T11:00:00Z,2025-05-09,2025-05-09_13,-8.827000720011146,100,91,0,19.708175447078272,11.270308895651775,0.030312809819137216,9.763,0.0,True,True,False,False,-11.298560921614266,0.0,171.5180976923978,169.0327398383507,3361.7107039943776,0.0,3690.962980603512
2025-05-09T11:00:00Z,2025-05-09T11:15:00Z,2025-05-09,2025-05-09_14,-99.0,100,1,0,11.270308895651775,28.592320095651775,0.04847364222222222,5.911,0.0,True,True,False,False,-5.445,0.0,171.5180976923978,1.8575026355862712,1595.074498848151,0.0,1763.0050991761352
2025-05-09T11:15:00Z,2025-05-09T11:30:00Z,2025-05-09,2025-05-09_14,-99.0,100,1,0,28.592320095651775,42.70046952173873,0.03975681603864734,9.398,0.0,True,True,False,False,-5.445,0.0,171.5180976923978,1.8575026355862712,3228.0649349888718,0.0,3395.9955353168557
2025-05-09T11:30:00Z,2025-05-09T11:45:00Z,2025-05-09,2025-05-09_14,-99.0,100,1,0,42.70046952173873,64.45210745217352,0.060487943526570054,1.105,8.999999999999999e-05,True,True,False,False,-5.445,0.0,171.5180976923978,1.8575026355862712,97.32335715122407,-0.0033540295185662404,265.25060344968955
2025-05-09T11:45:00Z,2025-05-09T12:00:00Z,2025-05-09,2025-05-09_14,-99.0,100,1,0,64.45210745217352,87.23018384347786,0.0632733100241546,0.0145,0.023305,True,True,False,False,-5.445,0.0,171.5180976923978,1.8575026355862712,1.2770938268712662,-0.09713374038499081,169.11056041447034
2025-05-09T12:00:00Z,2025-05-09T12:15:00Z,2025-05-09,2025-05-09_15,-99.99999999999999,100,0,0,87.23018384347786,110.21040384347785,0.06383394444444444,0.0215,0.0,True,True,False,False,-0.49999999999999994,0.0,171.5180976923978,0.0,1.8892145952910855,0.0,172.90731228768888
2025-05-09T12:15:00Z,2025-05-09T12:30:00Z,2025-05-09,2025-05-09_15,-99.99999999999999,100,0,0,110.21040384347785,133.20120384347786,0.06386333333333333,0.01,0.0,True,True,False,False,-0.49999999999999994,0.0,171.5180976923978,0.0,0.8787044629260864,0.0,171.89680215532388
2025-05-09T12:30:00Z,2025-05-09T12:45:00Z,2025-05-09,2025-05-09_15,-99.99999999999999,100,0,0,133.20120384347786,154.93344384347785,0.060367333333333335,1.378,0.0,True,True,False,False,-0.49999999999999994,0.0,171.5180976923978,0.0,121.08547499121468,0.0,292.10357268361247
2025-05-09T12:45:00Z,2025-05-09T13:00:00Z,2025-05-09,2025-05-09_15,-99.99999999999999,100,0,0,154.93344384347785,175.93566384347784,0.0583395,2.1715,0.0,True,True,False,False,-0.49999999999999994,0.0,171.5180976923978,0.0,190.81067412439964,0.0,361.8287718167974
2025-05-09T13:00:00Z,2025-05-09T13:15:00Z,2025-05-09,2025-05-09_16,42.00000000000053,58,100,0,175.93566384347784,184.7194329217386,0.0361005058937196,0.00928,20.4085,True,True,False,False,327.7050000000042,0.0,99.4804966615907,185.75026355862713,1.1036282847214085,17193.1791143454,17807.218502850345
2025-05-09T13:15:00Z,2025-05-09T13:30:00Z,2025-05-09,2025-05-09_16,42.00000000000053,58,100,0,184.7194329217386,182.6556139652167,0.0337245971014494,0.0,9.4425,True,True,False,False,327.7050000000042,0.0,99.4804966615907,185.75026355862713,0.0,1583.1128631252197,2196.0486233454417
2025-05-09T13:30:00Z,2025-05-09T13:45:00Z,2025-05-09,2025-05-09_16,42.00000000000053,58,100,0,182.6556139652167,175.44464714782526,0.03261156560386501,0.0,4.244,True,True,False,False,327.7050000000042,0.0,99.4804966615907,185.75026355862713,0.0,-23.645166530006634,589.2905936902154
2025-05-09T13:45:00Z,2025-05-09T14:00:00Z,2025-05-09,2025-05-09_16,42.00000000000053,58,100,0,175.44464714782526,161.5531382608686,0.03859345357487963,2.28201,0.002,True,True,False,False,327.7050000000042,0.0,99.4804966615907,185.75026355862713,312.3473899789153,-0.07438210144078715,925.2087680976965
2025-05-09T14:00:00Z,2025-05-09T14:15:00Z,2025-05-09,2025-05-09_17,0.0,100,100,0,161.5531382608686,180.44165999999902,0.05250132850241546,0.0055,20.5375,True,True,False,False,0.0,0.0,171.5180976923978,184.4910390066768,0.8579321385342235,3488.111260786381,3844.97832962399
2025-05-09T14:15:00Z,2025-05-09T14:30:00Z,2025-05-09,2025-05-09_17,0.0,100,100,0,180.44165999999902,189.15451999999902,0.024202388888888888,0.0,9.4705,True,True,False,False,0.0,0.0,171.5180976923978,184.4910390066768,0.0,-128.1462817734567,227.86285492561788
2025-05-09T14:30:00Z,2025-05-09T14:45:00Z,2025-05-09,2025-05-09_17,0.0,100,100,0,189.15451999999902,188.52336956521643,0.006450306763285025,1.3585,0.919,True,True,False,False,0.0,0.0,171.5180976923978,184.4910390066768,217.1040645621022,-37.69439381515755,535.4188074460193
2025-05-09T14:45:00Z,2025-05-09T15:00:00Z,2025-05-09,2025-05-09_17,0.0,100,100,0,188.52336956521643,169.2114130434773,0.05364432367149759,17.767,0.0,True,True,False,False,0.0,0.0,171.5180976923978,184.4910390066768,16009.047927648275,0.0,16365.05706434735
2025-05-09T15:00:00Z,2025-05-09T15:15:00Z,2025-05-09,2025-05-09_18,0.8068862637655593,99,100,0,169.2114130434773,176.8240977245627,0.02369412115725806,0.29155499999999995,8.8445,True,True,False,False,19.228099665533275,0.0,168.87519034789736,183.75893170903126,50.92610116551481,-93.01730018351488,329.7710227044618
2025-05-09T15:15:00Z,2025-05-09T15:30:00Z,2025-05-09,2025-05-09_18,0.8068862637655593,99,100,0,176.8240977245627,179.3753260306531,0.008158354569997188,0.0,3.007,True,True,False,False,19.228099665533275,0.0,168.87519034789736,183.75893170903126,0.0,-146.35041173714419,225.5118099853177
2025-05-09T15:30:00Z,2025-05-09T15:45:00Z,2025-05-09,2025-05-09_18,0.8068862637655593,99,100,0,179.3753260306531,174.4526208367451,0.013775578499341508,4.34412,0.02,True,True,False,False,19.228099665533275,0.0,168.87519034789736,183.75893170903126,786.9843819140214,-1.500136660028894,1157.3464669764544
2025-05-09T15:45:00Z,2025-05-09T16:00:00Z,2025-05-09,2025-05-09_18,0.8068862637655593,99,100,0,174.4526208367451,168.4351989913035,0.018114344872888044,5.568255000000001,0.276,True,True,False,False,19.228099665533275,0.0,168.87519034789736,183.75893170903126,995.4198856741243,-12.452653156846667,1354.8294542397396
2025-05-09T16:00:00Z,2025-05-09T16:15:00Z,2025-05-09,2025-05-09_19,13.00000000000027,87,100,0,168.4351989913035,183.41979373912952,0.045813155700483,0.0,19.6635,True,True,False,False,417.2675000000086,0.0,160.25243059622815,183.23181445472648,0.0,-174.85704609347542,585.8946989574879
2025-05-09T16:15:00Z,2025-05-09T16:30:00Z,2025-05-09,2025-05-09_19,13.00000000000027,87,100,0,183.41979373912952,187.56678399999902,0.024743149275362402,0.0,8.155,True,True,False,False,417.2675000000086,0.0,160.25243059622815,183.23181445472648,0.0,-354.2685350044902,406.483210046473
2025-05-09T16:30:00Z,2025-05-09T16:45:00Z,2025-05-09,2025-05-09_19,13.00000000000027,87,100,0,187.56678399999902,186.8955380434772,0.0153824387681161,0.001305,3.04,True,True,False,False,417.2675000000086,0.0,160.25243059622815,183.23181445472648,0.17834133770645422,-180.55423060403731,580.3758557846323
2025-05-09T16:45:00Z,2025-05-09T17:00:00Z,2025-05-09,2025-05-09_19,13.00000000000027,87,100,0,186.8955380434772,183.47804336521625,0.010313450772947059,0.05394,0.1845,True,True,False,False,417.2675000000086,0.0,160.25243059622815,183.23181445472648,7.777976982546562,-13.221059212838233,755.3086628206715
2025-05-09T17:00:00Z,2025-05-09T17:15:00Z,2025-05-09,2025-05-09_20,60.0,40,100,0,183.47804336521625,169.57723379999888,0.04343313768115942,0.0014000000000000002,2.3575,True,True,False,False,2482.3500000000004,0.0,73.67927843504742,183.23181445472648,0.19132404045136855,-143.34025272343916,2596.1121642067865
2025-05-09T17:15:00Z,2025-05-09T17:30:00Z,2025-05-09,2025-05-09_20,60.0,40,100,0,169.57723379999888,153.2517534521728,0.04543646763285023,0.0598,0.043,True,True,False,False,2482.3500000000004,0.0,73.67927843504742,183.23181445472648,9.272070438483462,-3.2315227831791025,2745.3016405450785
2025-05-09T17:30:00Z,2025-05-09T17:45:00Z,2025-05-09,2025-05-09_20,60.0,40,100,0,153.2517534521728,136.44599327825975,0.04669595603864734,0.46740000000000004,0.0065,True,True,False,False,2482.3500000000004,0.0,73.67927843504742,183.23181445472648,86.24479910975754,-0.47508931709031266,2825.0308026824414
2025-05-09T17:45:00Z,2025-05-09T18:00:00Z,2025-05-09,2025-05-09_20,60.0,40,100,0,136.44599327825975,119.94883779999888,0.045858142995169084,0.19240000000000002,0.016,True,True,False,False,2482.3500000000004,0.0,73.67927843504742,183.23181445472648,32.731325992737496,-1.1729335051345124,2770.819485377377
2025-05-09T18:00:00Z,2025-05-09T18:15:00Z,2025-05-09,2025-05-09_21,100.0,0,100,0,119.94883779999888,92.77492475652062,0.0754830917874396,0.0,0.0,True,True,False,False,4783.5,0.0,0.0,183.23181445472648,0.0,0.0,4966.731814454726
2025-05-09T18:15:00Z,2025-05-09T18:30:00Z,2025-05-09,2025-05-09_21,100.0,0,100,0,92.77492475652062,65.62601171304236,0.07541364734299516,0.0,0.023,True,True,False,False,4783.5,0.0,0.0,183.23181445472648,0.0,-1.7512006559681388,4964.980613798758
2025-05-09T18:30:00Z,2025-05-09T18:45:00Z,2025-05-09,2025-05-09_21,100.0,0,100,0,65.62601171304236,38.619489973911925,0.07501811594202898,0.0,0.154,True,True,False,False,4783.5,0.0,0.0,183.23181445472648,0.0,-11.323458670102688,4955.408355784623
2025-05-09T18:45:00Z,2025-05-09T19:00:00Z,2025-05-09,2025-05-09_21,100.0,0,100,0,38.619489973911925,11.623294321738015,0.07498943236714976,0.0,0.1635,True,True,False,False,4783.5,0.0,0.0,183.23181445472648,0.0,-11.927883917066884,4954.80393053766
2025-05-09T19:00:00Z,2025-05-09T19:15:00Z,2025-05-09,2025-05-09_22,0.6536527267367883,99,100,0,11.623294321738015,10.01531479822578,0.0044919982985038185,1.320165,0.005,True,True,False,False,25.051240752187415,0.0,182.35621412674237,183.23181445472648,238.15805466205927,-0.38069579477568233,628.4166282009398
2025-05-09T19:15:00Z,2025-05-09T19:30:00Z,2025-05-09,2025-05-09_22,0.6536527267367883,99,100,0,10.01531479822578,12.294589831771184,0.00735816557730833,0.024255,2.696,True,True,False,False,25.051240752187415,0.0,182.35621412674237,183.23181445472648,3.3340183729647412,-143.79350903908477,250.17977866753623
2025-05-09T19:30:00Z,2025-05-09T19:45:00Z,2025-05-09,2025-05-09_22,0.6536527267367883,99,100,0,12.294589831771184,16.90019401144583,0.013575162549728828,0.0,5.193,True,True,False,False,25.051240752187415,0.0,182.35621412674237,183.23181445472648,0.0,-273.2362311116317,117.40303822202456
2025-05-09T19:45:00Z,2025-05-09T20:00:00Z,2025-05-09,2025-05-09_22,0.6536527267367883,99,100,0,16.90019401144583,19.78059415652067,0.008856859769872955,0.0,3.32,True,True,False,False,25.051240752187415,0.0,182.35621412674237,183.23181445472648,0.0,-198.87332786693216,191.76594146672412
2025-05-09T20:00:00Z,2025-05-09T20:15:00Z,2025-05-09,2025-05-09_23,2.0,98,100,0,19.78059415652067,11.99369514782502,0.022361572801932364,6.78797,0.146,True,True,False,False,67.165,0.0,167.16938034438326,183.75893170903126,1410.4273114599193,-8.845310608722814,1819.675312904611
2025-05-09T20:15:00Z,2025-05-09T20:30:00Z,2025-05-09,2025-05-09_23,2.0,98,100,0,11.99369514782502,9.999999999998934,0.0057233709661835734,1.36563,0.037,True,True,False,False,67.165,0.0,167.16938034438326,183.75893170903126,228.4658838526414,-2.627482527039162,643.9317133790167
2025-05-09T20:30:00Z,2025-05-09T20:45:00Z,2025-05-09,2025-05-09_23,2.0,98,100,0,9.999999999998934,10.108793286955455,0.0033517808695652175,0.0196,0.7295,True,True,False,False,67.165,0.0,167.16938034438326,183.75893170903126,2.6785365663191594,-46.40390203428215,374.36794658545153
2025-05-09T20:45:00Z,2025-05-09T21:00:00Z,2025-05-09,2025-05-09_23,2.0,98,100,0,10.108793286955455,10.392932121738065,0.004402438792270532,0.11907,1.0365,True,True,False,False,67.165,0.0,167.16938034438326,183.75893170903126,17.275982575846314,-62.79220686423802,372.57708776502284
2025-05-09T21:00:00Z,2025-05-09T21:15:00Z,2025-05-10,2025-05-09_24,0.0,51,100,0,10.392932121738065,10.013475817390239,0.0028710452898550727,0.649995,0.3555,True,True,False,False,0.0,0.0,87.09322779243622,192.61213720316624,106.45206884784518,-14.778141600703606,371.37929224274404
2025-05-09T21:15:00Z,2025-05-09T21:30:00Z,2025-05-10,2025-05-09_24,0.0,51,100,0,10.013475817390239,10.504755817390238,0.0013646666666666668,0.0,0.534,True,True,False,False,0.0,0.0,87.09322779243622,192.61213720316624,0.0,-24.77847669305189,254.92688830255057
2025-05-09T21:30:00Z,2025-05-09T21:45:00Z,2025-05-10,2025-05-09_24,0.0,51,100,0,10.504755817390238,13.12219190434676,0.007464677536231885,0.03213,2.883,True,True,False,False,0.0,0.0,87.09322779243622,192.61213720316624,4.496648918205804,-54.973369686309,229.22864422749927
2025-05-09T21:45:00Z,2025-05-09T22:00:00Z,2025-05-10,2025-05-09_24,0.0,51,100,0,13.12219190434676,14.898251904346761,0.004933500000000001,0.0,1.9305000000000003,True,True,False,False,0.0,0.0,87.09322779243622,192.61213720316624,0.0,431.73699736147756,711.44236235708
2025-05-09T22:00:00Z,2025-05-09T22:15:00Z,2025-05-10,2025-05-10_1,0.0,100,100,0,14.898251904346761,26.559711904346763,0.032392944444444446,0.0,12.675500000000001,True,True,False,False,0.0,0.0,170.77103488712987,192.61213720316624,0.0,7114.3309263168185,7477.714098407115
2025-05-09T22:15:00Z,2025-05-09T22:30:00Z,2025-05-10,2025-05-10_1,0.0,100,100,0,26.559711904346763,26.55585190434676,0.0005448333333333334,0.092,0.1045,True,True,False,False,0.0,0.0,170.77103488712987,192.61213720316624,12.900624254861722,-5.271383172090295,371.01241317306756
2025-05-09T22:30:00Z,2025-05-09T22:45:00Z,2025-05-10,2025-05-10_1,0.0,100,100,0,26.55585190434676,26.536177991303283,0.00037409420289855066,0.071,0.0625,True,True,False,False,0.0,0.0,170.77103488712987,192.61213720316624,9.872767516857225,-3.964819700967458,369.2911199061859
2025-05-09T22:45:00Z,2025-05-09T23:00:00Z,2025-05-10,2025-05-10_1,0.0,100,100,0,26.536177991303283,26.303201469564154,0.0008081570048309179,0.241,0.0315,True,True,False,False,0.0,0.0,170.77103488712987,192.61213720316624,34.19289064790383,-1.6393051890941073,395.93675754910583
2025-05-09T23:00:00Z,2025-05-09T23:15:00Z,2025-05-10,2025-05-10_2,-35.0,100,65,0,26.303201469564154,20.253196947825025,0.03700391256038647,13.709,0.0,True,True,False,False,-921.6374999999999,0.0,170.77103488712987,125.19788918205805,8353.782045343496,0.0,7728.113469412684
2025-05-09T23:15:00Z,2025-05-09T23:30:00Z,2025-05-10,2025-05-10_2,-35.0,100,65,0,20.253196947825025,22.08218320869459,0.02882161038647343,6.0485,0.0,True,True,False,False,-921.6374999999999,0.0,170.77103488712987,125.19788918205805,1146.6083465259453,0.0,520.9397705951333
2025-05-09T23:30:00Z,2025-05-09T23:45:00Z,2025-05-10,2025-05-10_2,-35.0,100,65,0,22.08218320869459,29.267328426085896,0.023304902173913043,0.8524999999999999,0.013000000000000001,True,True,False,False,-921.6374999999999,0.0,170.77103488712987,125.19788918205805,134.7041639792827,-0.8007964428808756,-491.7652083944102
2025-05-09T23:45:00Z,2025-05-10T00:00:00Z,2025-05-10,2025-05-10_2,-35.0,100,65,0,29.267328426085896,33.58627025217285,0.026247211594202898,3.6305000000000005,0.0032500000000000003,True,True,False,False,-921.6374999999999,0.0,170.77103488712987,125.19788918205805,779.7574631095476,-0.2096794683865924,153.87920771034905
2025-05-10T00:00:00Z,2025-05-10T00:15:00Z,2025-05-10,2025-05-10_3,-14.795877574843457,100,85,0,33.58627025217285,19.394680629138993,0.04580104825661369,16.5635,0.0,True,True,False,False,-374.0767747859797,0.0,170.77103488712987,163.7203166226913,11836.047577445519,0.0,11796.46215416936
2025-05-10T00:15:00Z,2025-05-10T00:30:00Z,2025-05-10,2025-05-10_3,-14.795877574843457,100,85,0,19.394680629138993,12.022229526717238,0.0317136393218229,10.144,0.0,True,True,False,False,-374.0767747859797,0.0,170.77103488712987,163.7203166226913,3208.132934623278,0.0,3168.5475113471193
2025-05-10T00:30:00Z,2025-05-10T00:45:00Z,2025-05-10,2025-05-10_3,-14.795877574843457,100,85,0,12.022229526717238,15.33909645068735,0.009941561704455603,0.1415,0.0697,True,True,False,False,-374.0767747859797,0.0,170.77103488712987,163.7203166226913,20.618678100263853,-4.633507241278218,-23.60025241717287
2025-05-10T00:45:00Z,2025-05-10T01:00:00Z,2025-05-10,2025-05-10_3,-14.795877574843457,100,85,0,15.33909645068735,12.90187668509305,0.021518125354841353,5.498,0.0,True,True,False,False,-374.0767747859797,0.0,170.77103488712987,163.7203166226913,1007.8613595231114,0.0,968.2759362469529
2025-05-10T01:00:00Z,2025-05-10T01:15:00Z,2025-05-10,2025-05-10_4,-98.22255339794344,100,1,0,12.90187668509305,23.15898693816801,0.029926327252900415,13.3635,0.0,True,True,False,False,-2369.6191007253856,0.0,170.77103488712987,1.9261213720316623,6248.862969803577,0.0,4051.9410253373526
2025-05-10T01:15:00Z,2025-05-10T01:30:00Z,2025-05-10,2025-05-10_4,-98.22255339794344,100,1,0,23.15898693816801,36.19930587753751,0.037333797623736606,10.348,0.0,True,True,False,False,-2369.6191007253856,0.0,170.77103488712987,1.9261213720316623,6236.032643408579,0.0,4039.110698942355
2025-05-10T01:30:00Z,2025-05-10T01:45:00Z,2025-05-10,2025-05-10_4,-98.22255339794344,100,1,0,36.19930587753751,56.136038447811615,0.055688504508461543,2.876,0.0,True,True,False,False,-2369.6191007253856,0.0,170.77103488712987,1.9261213720316623,494.3150645949379,0.0,-1702.606879871286
2025-05-10T01:45:00Z,2025-05-10T02:00:00Z,2025-05-10,2025-05-10_4,-98.22255339794344,100,1,0,56.136038447811615,72.32413826086957,0.04571157169096819,6.937500000000001,0.0,True,True,False,False,-2369.6191007253856,0.0,170.77103488712987,1.9261213720316623,1263.1917692758723,0.0,-933.7301751903518
2025-05-10T02:00:00Z,2025-05-10T02:15:00Z,2025-05-10,2025-05-10_5,0.0,100,100,0,72.32413826086957,66.29968173913045,0.01673460144927536,5.5425,0.0,True,True,False,False,0.0,0.0,170.77103488712987,192.61213720316624,1037.0113368513632,0.0,1400.3945089416593
2025-05-10T02:15:00Z,2025-05-10T02:30:00Z,2025-05-10,2025-05-10_5,0.0,100,100,0,66.29968173913045,62.040986086956536,0.011829710144927537,3.918,0.0,True,True,False,False,0.0,0.0,170.77103488712987,192.61213720316624,724.9368232189973,0.0,1088.3199953092935
2025-05-10T02:30:00Z,2025-05-10T02:45:00Z,2025-05-10,2025-05-10_5,0.0,100,100,0,62.040986086956536,61.35713217391306,0.0020708164251207724,0.6575,0.0335,True,True,False,False,0.0,0.0,170.77103488712987,192.61213720316624,112.16989836802502,-2.0661574318381706,473.48691302648297
2025-05-10T02:45:00Z,2025-05-10T03:00:00Z,2025-05-10,2025-05-10_5,0.0,100,100,0,61.35713217391306,61.36815043478262,0.00041406038647343,0.0635,0.087,True,True,False,False,0.0,0.0,170.77103488712987,192.61213720316624,8.838073096843544,-4.854094986807387,367.3671502003323
2025-05-10T03:00:00Z,2025-05-10T03:15:00Z,2025-05-10,2025-05-10_6,0.0,100,100,0,61.36815043478262,59.70619391304349,0.004616545893719806,1.529,0.0,True,True,False,False,0.0,0.0,170.77103488712987,183.61184403400762,274.48067702531023,0.0,628.8635559464477
2025-05-10T03:15:00Z,2025-05-10T03:30:00Z,2025-05-10,2025-05-10_6,0.0,100,100,0,59.70619391304349,56.76706347826088,0.008164251207729468,2.704,0.0,True,True,False,False,0.0,0.0,170.77103488712987,183.61184403400762,498.76208814619366,0.0,853.1449670673312
2025-05-10T03:30:00Z,2025-05-10T03:45:00Z,2025-05-10,2025-05-10_6,0.0,100,100,0,56.76706347826088,48.2898895652174,0.02354770531400966,7.799,0.0,True,True,False,False,0.0,0.0,170.77103488712987,183.61184403400762,1466.4817982996187,0.0,1820.8646772207562
2025-05-10T03:45:00Z,2025-05-10T04:00:00Z,2025-05-10,2025-05-10_6,0.0,100,100,0,48.2898895652174,47.08554347826088,0.003378628019323671,1.1135,0.0065,True,True,False,False,0.0,0.0,170.77103488712987,183.61184403400762,192.02254724909602,-0.49545587804163,545.9099702921919
2025-05-10T04:00:00Z,2025-05-10T04:15:00Z,2025-05-10,2025-05-10_7,0.0,100,100,0,47.08554347826088,37.01597826086957,0.02797101449275362,9.264,0.0,True,True,False,False,0.0,0.0,185.57607739665787,183.0255057167986,1952.6082157725004,0.0,2321.209798885957
2025-05-10T04:15:00Z,2025-05-10T04:30:00Z,2025-05-10,2025-05-10_7,0.0,100,100,0,37.01597826086957,21.95945652173914,0.04182367149758454,13.852,0.0,True,True,False,False,0.0,0.0,185.57607739665787,183.0255057167986,2763.398871885078,0.0,3132.000454998534
2025-05-10T04:30:00Z,2025-05-10T04:45:00Z,2025-05-10,2025-05-10_7,0.0,100,100,0,21.95945652173914,18.98893565217392,0.008363891304347825,2.7515,0.022,True,True,False,False,0.0,0.0,185.57607739665787,183.0255057167986,485.1550848236098,-1.6185877064399492,852.1380802306263
2025-05-10T04:45:00Z,2025-05-10T05:00:00Z,2025-05-10,2025-05-10_7,0.0,100,100,0,18.98893565217392,18.939794782608704,0.0005760579710144927,0.11799999999999998,0.086,True,True,False,False,0.0,0.0,185.57607739665787,183.0255057167986,16.39753737906772,-3.956117658555653,381.0430028339685
2025-05-10T05:00:00Z,2025-05-10T05:15:00Z,2025-05-10,2025-05-10_8,0.0,100,100,0,18.939794782608704,12.93218608695653,0.016687801932367147,5.527,0.0,True,True,False,False,0.0,0.0,192.0257988859572,183.0255057167986,985.8335928857618,0.0,1360.8848974885177
2025-05-10T05:15:00Z,2025-05-10T05:30:00Z,2025-05-10,2025-05-10_8,0.0,100,100,0,12.93218608695653,10.000000000000009,0.008231850241545893,2.712,0.017,True,True,False,False,0.0,0.0,192.0257988859572,183.0255057167986,465.1977109352096,-1.2958076810319554,838.9532078569334
2025-05-10T05:30:00Z,2025-05-10T05:45:00Z,2025-05-10,2025-05-10_8,0.0,100,100,0,10.000000000000009,13.97164000000001,0.011032333333333335,0.0,4.317,True,True,False,False,0.0,0.0,192.0257988859572,183.0255057167986,0.0,-109.54456053943125,265.5067440633245
2025-05-10T05:45:00Z,2025-05-10T06:00:00Z,2025-05-10,2025-05-10_8,0.0,100,100,0,13.97164000000001,27.660320000000013,0.03802411111111111,0.0,14.879000000000001,True,True,False,False,0.0,0.0,192.0257988859572,183.0255057167986,0.0,1404.857935307339,1779.9092399100948
2025-05-10T06:00:00Z,2025-05-10T06:15:00Z,2025-05-10,2025-05-10_9,12.91729909550225,87,100,0,27.660320000000013,30.453970575781558,0.022038592175671473,0.0,6.695000000000001,True,True,False,False,229.86333740446256,0.0,167.06244503078275,183.0255057167986,0.0,225.6449877846184,805.5962759366623
2025-05-10T06:15:00Z,2025-05-10T06:30:00Z,2025-05-10,2025-05-10_9,12.91729909550225,87,100,0,30.453970575781558,26.933822747777526,0.010383509940965128,0.12702,0.136,True,True,False,False,229.86333740446256,0.0,167.06244503078275,183.0255057167986,17.968942081501023,-6.150288673898173,591.7699415596468
2025-05-10T06:30:00Z,2025-05-10T06:45:00Z,2025-05-10,2025-05-10_9,12.91729909550225,87,100,0,26.933822747777526,23.034946448409308,0.010914778921123414,0.3741,0.019,True,True,False,False,229.86333740446256,0.0,167.06244503078275,183.0255057167986,53.84495549692172,-1.0964520668425681,632.699791582123
2025-05-10T06:45:00Z,2025-05-10T07:00:00Z,2025-05-10,2025-05-10_9,12.91729909550225,87,100,0,23.034946448409308,19.6553759652174,0.01034686335782896,0.06655499999999999,0.21549999999999997,True,True,False,False,229.86333740446256,0.0,167.06244503078275,183.0255057167986,9.401067730870711,-9.628446496628554,579.7239093862861
2025-05-10T07:00:00Z,2025-05-10T07:15:00Z,2025-05-10,2025-05-10_10,-31.999999999999773,100,68,0,19.6553759652174,13.534521739130387,0.036557892850241566,13.0435,0.0,True,True,False,False,-79.99999999999943,0.0,170.77103488712987,124.85605394312518,6553.425068406137,0.0,6769.052157236392
2025-05-10T07:15:00Z,2025-05-10T07:30:00Z,2025-05-10,2025-05-10_10,-31.999999999999773,100,68,0,13.534521739130387,15.952179199999897,0.026351947053140014,4.782,0.0,True,True,False,False,-79.99999999999943,0.0,170.77103488712987,124.85605394312518,598.5121852829083,0.0,814.1392741131639
2025-05-10T07:30:00Z,2025-05-10T07:45:00Z,2025-05-10,2025-05-10_10,-31.999999999999773,100,68,0,15.952179199999897,20.741272243478104,0.02351740821256027,2.4875,0.0,True,True,False,False,-79.99999999999943,0.0,170.77103488712987,124.85605394312518,243.6792240789602,0.0,459.3063129092158
2025-05-10T07:45:00Z,2025-05-10T08:00:00Z,2025-05-10,2025-05-10_10,-31.999999999999773,100,68,0,20.741272243478104,26.57009690434762,0.02227463371980664,1.4815,0.0,True,True,False,False,-79.99999999999943,0.0,170.77103488712987,124.85605394312518,145.12995797908727,0.0,360.7570468093429
2025-05-10T08:00:00Z,2025-05-10T08:15:00Z,2025-05-10,2025-05-10_11,0.0,100,100,0,26.57009690434762,16.333683860869357,0.028434480676328505,9.4175,0.0,True,True,False,False,0.0,0.0,170.77103488712987,183.61184403400762,2079.2363827811982,0.0,2433.6192617023357
2025-05-10T08:15:00Z,2025-05-10T08:30:00Z,2025-05-10,2025-05-10_11,0.0,100,100,0,16.333683860869357,14.747007339130228,0.004964545893719806,1.552,0.109,True,True,False,False,0.0,0.0,170.77103488712987,183.61184403400762,141.06774552917034,-5.481295025896608,489.9693294244112
2025-05-10T08:30:00Z,2025-05-10T08:45:00Z,2025-05-10,2025-05-10_11,0.0,100,100,0,14.747007339130228,15.733955165217186,0.011467367149758455,1.445,2.78,True,True,False,False,0.0,0.0,170.77103488712987,183.61184403400762,131.34206977425976,-14.104024235317107,471.6209244600801
2025-05-10T08:45:00Z,2025-05-10T09:00:00Z,2025-05-10,2025-05-10_11,0.0,100,100,0,15.733955165217186,25.479975165217187,0.027072277777777782,0.0,10.5935,True,True,False,False,0.0,0.0,170.77103488712987,183.61184403400762,0.0,-0.2070458321117952,354.1758330890257
2025-05-10T09:00:00Z,2025-05-10T09:15:00Z,2025-05-10,2025-05-10_12,0.0,100,100,0,25.479975165217187,28.61965690434762,0.009796217391304351,0.178,3.6230000000000007,True,True,False,False,0.0,0.0,170.77103488712987,193.81413075344472,16.567411316329522,-39.49859532883808,341.65398162806605
2025-05-10T09:15:00Z,2025-05-10T09:30:00Z,2025-05-10,2025-05-10_12,0.0,100,100,0,28.61965690434762,30.148236904347623,0.004246055555555557,0.0,1.6615000000000002,True,True,False,False,0.0,0.0,170.77103488712987,193.81413075344472,0.0,-52.20938610378189,312.3757795367927
2025-05-10T09:30:00Z,2025-05-10T09:45:00Z,2025-05-10,2025-05-10_12,0.0,100,100,0,30.148236904347623,37.048236904347625,0.01916666666666667,0.0,7.5,True,True,False,False,0.0,0.0,170.77103488712987,193.81413075344472,0.0,2492.085898563471,2856.6710642040453
2025-05-10T09:45:00Z,2025-05-10T10:00:00Z,2025-05-10,2025-05-10_12,0.0,100,100,0,37.048236904347625,54.56503690434762,0.04865777777777778,0.0,19.04,True,True,False,False,0.0,0.0,170.77103488712987,193.81413075344472,0.0,11272.751732629726,11637.3368982703
2025-05-10T10:00:00Z,2025-05-10T10:15:00Z,2025-05-10,2025-05-10_13,0.0,100,100,0,54.56503690434762,60.82563690434762,0.017390555555555555,0.0,6.805,True,True,False,False,0.0,0.0,170.77103488712987,193.81413075344472,0.0,-42.549703899149804,322.0354617414248
2025-05-10T10:15:00Z,2025-05-10T10:30:00Z,2025-05-10,2025-05-10_13,0.0,100,100,0,60.82563690434762,68.78041690434762,0.022096611111111112,0.0,8.6465,True,True,False,False,0.0,0.0,170.77103488712987,193.81413075344472,0.0,-35.48672989348187,329.0984357470927
2025-05-10T10:30:00Z,2025-05-10T10:45:00Z,2025-05-10,2025-05-10_13,0.0,100,100,0,68.78041690434762,77.88611690434762,0.025293611111111114,0.0,9.8975,True,True,False,False,0.0,0.0,170.77103488712987,193.81413075344472,0.0,95.22607886250366,459.8112445030782
2025-05-10T10:45:00Z,2025-05-10T11:00:00Z,2025-05-10,2025-05-10_13,0.0,100,100,0,77.88611690434762,91.72567690434761,0.03844322222222222,0.0,15.042999999999997,True,True,False,False,0.0,0.0,170.77103488712987,193.81413075344472,0.0,339.27235121665194,703.8575168572265
2025-05-10T11:00:00Z,2025-05-10T11:15:00Z,2025-05-10,2025-05-10_14,-68.0,100,32,0,91.72567690434761,107.96396319999978,0.04606963584541063,0.4985,1.17776,True,True,False,False,-51.0,0.0,170.77103488712987,62.02052184110231,45.34094498192123,-15.414810155379651,211.71769155477375
2025-05-10T11:15:00Z,2025-05-10T11:30:00Z,2025-05-10,2025-05-10_14,-68.0,100,32,0,107.96396319999978,124.33361220869543,0.04547801053140097,0.0035000000000000005,0.7968000000000001,True,True,False,False,-51.0,0.0,170.77103488712987,62.02052184110231,0.31834163979282715,-21.54747159190853,160.56242677611647
2025-05-10T11:30:00Z,2025-05-10T11:45:00Z,2025-05-10,2025-05-10_14,-68.0,100,32,0,124.33361220869543,141.3221114086954,0.04719027555555556,0.0,1.46576,True,True,False,False,-51.0,0.0,170.77103488712987,62.02052184110231,0.0,-15.689776933450599,166.10177979478158
2025-05-10T11:45:00Z,2025-05-10T12:00:00Z,2025-05-10,2025-05-10_14,-68.0,100,32,0,141.3221114086954,157.4174010086954,0.04470913777777778,0.0,0.49488,True,True,False,False,-51.0,0.0,170.77103488712987,62.02052184110231,0.0,-18.47136093814131,163.32019579009088
2025-05-10T12:00:00Z,2025-05-10T12:15:00Z,2025-05-10,2025-05-10_15,0.0,100,100,0,157.4174010086954,157.98923231304323,0.0017695797101449277,0.03,0.657,True,True,False,False,0.0,0.0,170.77103488712987,193.81413075344472,2.803183817062445,-20.084566402814424,347.3037830548226
2025-05-10T12:15:00Z,2025-05-10T12:30:00Z,2025-05-10,2025-05-10_15,0.0,100,100,0,157.98923231304323,157.2857053565215,0.00485735265700483,1.128,0.568,True,True,False,False,0.0,0.0,170.77103488712987,193.81413075344472,105.43873350923481,-16.53067057558878,453.4932285742206
2025-05-10T12:30:00Z,2025-05-10T12:45:00Z,2025-05-10,2025-05-10_15,0.0,100,100,0,157.2857053565215,150.12592274782585,0.01988828502415459,6.587,0.0,True,True,False,False,0.0,0.0,170.77103488712987,193.81413075344472,955.2765691390598,0.0,1319.8617347796344
2025-05-10T12:45:00Z,2025-05-10T13:00:00Z,2025-05-10,2025-05-10_15,0.0,100,100,0,150.12592274782585,147.47847318260847,0.00735913768115942,2.4365,0.001,True,True,False,False,0.0,0.0,170.77103488712987,193.81413075344472,227.73572393237563,-0.07622398123717385,592.2446655917131
2025-05-10T13:00:00Z,2025-05-10T13:15:00Z,2025-05-10,2025-05-10_16,0.0,100,100,0,147.47847318260847,164.11106970434759,0.04620467632850242,0.0005,18.0795,True,True,False,False,0.0,0.0,170.77103488712987,193.81413075344472,0.04547737711326102,16445.012846672525,16809.643489690214
2025-05-10T13:15:00Z,2025-05-10T13:30:00Z,2025-05-10,2025-05-10_16,0.0,100,100,0,164.11106970434759,181.13888970434758,0.04729950000000001,0.0,18.5085,True,True,False,False,0.0,0.0,170.77103488712987,193.81413075344472,0.0,10242.66865171504,10607.253817355613
2025-05-10T13:30:00Z,2025-05-10T13:45:00Z,2025-05-10,2025-05-10_16,0.0,100,100,0,181.13888970434758,182.9032505739128,0.005091219806763286,0.0315,1.955,True,True,False,False,0.0,0.0,170.77103488712987,193.81413075344472,2.9315655233069484,-43.20143066549399,324.31530049838756
2025-05-10T13:45:00Z,2025-05-10T14:00:00Z,2025-05-10,2025-05-10_16,0.0,100,100,0,182.9032505739128,183.73999926956498,0.002490364734299517,0.0275,0.942,True,True,False,False,0.0,0.0,170.77103488712987,193.81413075344472,2.55930323463305,-35.000459689240685,332.144009185967
2025-05-10T14:00:00Z,2025-05-10T14:15:00Z,2025-05-10,2025-05-10_17,69.9219056641862,30,100,0,183.73999926956498,183.9300420476101,0.027928754504698804,0.0,18.5105,True,True,False,False,1169.7934817618352,0.0,51.231310466138964,183.61184403400762,0.0,12979.76953845402,14384.406174716001
2025-05-10T14:15:00Z,2025-05-10T14:30:00Z,2025-05-10,2025-05-10_17,69.9219056641862,30,100,0,183.9300420476101,187.67091652274019,0.02333067063791558,0.0,21.9355,True,True,False,False,1169.7934817618352,0.0,51.231310466138964,183.61184403400762,0.0,23426.873916349068,24831.51055261105
2025-05-10T14:30:00Z,2025-05-10T14:45:00Z,2025-05-10,2025-05-10_17,69.9219056641862,30,100,0,187.67091652274019,177.28711812677201,0.04163058363697164,0.00585,8.3175,True,True,False,False,1169.7934817618352,0.0,51.231310466138964,183.61184403400762,0.8274402814423922,478.32818381706244,1883.7922603604866
2025-05-10T14:45:00Z,2025-05-10T15:00:00Z,2025-05-10,2025-05-10_17,69.9219056641862,30,100,0,177.28711812677201,158.4791572499017,0.05254872608376271,0.0117,0.198,True,True,False,False,1169.7934817618352,0.0,51.231310466138964,183.61184403400762,1.4366543535620053,-9.31116622691293,1396.7621243886308
2025-05-10T15:00:00Z,2025-05-10T15:15:00Z,2025-05-10,2025-05-10_18,-31.301285597932534,0,0,0,158.4791572499017,165.6784529374262,0.019998043576456896,0.0,0.0,True,False,False,False,-740.3536576050992,0.0,0.0,0.0,0.0,0.0,-740.3536576050992
2025-05-10T15:15:00Z,2025-05-10T15:30:00Z,2025-05-10,2025-05-10_18,-31.301285597932534,0,0,0,165.6784529374262,172.87774862495067,0.019998043576456896,0.0,0.0,True,False,False,False,-740.3536576050992,0.0,0.0,0.0,0.0,0.0,-740.3536576050992
2025-05-10T15:30:00Z,2025-05-10T15:45:00Z,2025-05-10,2025-05-10_18,-31.301285597932534,0,0,0,172.87774862495067,180.07704431247515,0.019998043576456896,0.0,0.0,True,False,False,False,-740.3536576050992,0.0,0.0,0.0,0.0,0.0,-740.3536576050992
2025-05-10T15:45:00Z,2025-05-10T16:00:00Z,2025-05-10,2025-05-10_18,-31.301285597932534,0,0,0,180.07704431247515,187.27633999999964,0.019998043576456896,0.0,0.0,True,False,False,False,-740.3536576050992,0.0,0.0,0.0,0.0,0.0,-740.3536576050992
2025-05-10T16:00:00Z,2025-05-10T16:15:00Z,2025-05-10,2025-05-10_19,-2.9999999999998535,100,97,0,187.27633999999964,189.9634492956518,0.010955255289854986,0.596,2.8716850000000003,True,True,False,False,-76.61999999999625,0.0,171.88507768982703,178.10348871298737,108.2595297566696,-56.29995550669403,325.3281406527937
2025-05-10T16:15:00Z,2025-05-10T16:30:00Z,2025-05-10,2025-05-10_19,-2.9999999999998535,100,97,0,189.9634492956518,189.1177267565213,0.006100197053140015,1.4425,0.027160000000000004,True,True,False,False,-76.61999999999625,0.0,171.88507768982703,178.10348871298737,266.4594796247435,-2.064743914785498,537.7633021127762
2025-05-10T16:30:00Z,2025-05-10T16:45:00Z,2025-05-10,2025-05-10_19,-2.9999999999998535,100,97,0,189.1177267565213,185.13046630434738,0.014246196811594145,4.323,0.0,True,True,False,False,-76.61999999999625,0.0,171.88507768982703,178.10348871298737,804.0053374377015,0.0,1077.3739038405197
2025-05-10T16:45:00Z,2025-05-10T17:00:00Z,2025-05-10,2025-05-10_19,-2.9999999999998535,100,97,0,185.13046630434738,180.03204543478213,0.017175280193236664,5.35,0.0,True,True,False,False,-76.61999999999625,0.0,171.88507768982703,178.10348871298737,990.9425486172187,0.0,1264.3111150200368
2025-05-10T17:00:00Z,2025-05-10T17:15:00Z,2025-05-10,2025-05-10_20,0.0,0,0,0,180.03204543478213,180.03204543478213,0.0,0.0,0.0,True,False,False,False,0.0,0.0,0.0,0.0,0.0,0.0,0.0
2025-05-10T17:15:00Z,2025-05-10T17:30:00Z,2025-05-10,2025-05-10_20,0.0,0,0,0,180.03204543478213,180.03204543478213,0.0,0.0,0.0,True,False,False,False,0.0,0.0,0.0,0.0,0.0,0.0,0.0
2025-05-10T17:30:00Z,2025-05-10T17:45:00Z,2025-05-10,2025-05-10_20,0.0,0,0,0,180.03204543478213,180.03204543478213,0.0,0.0,0.0,True,False,False,False,0.0,0.0,0.0,0.0,0.0,0.0,0.0
2025-05-10T17:45:00Z,2025-05-10T18:00:00Z,2025-05-10,2025-05-10_20,0.0,0,0,0,180.03204543478213,180.03204543478213,0.0,0.0,0.0,True,False,False,False,0.0,0.0,0.0,0.0,0.0,0.0,0.0
2025-05-10T18:00:00Z,2025-05-10T18:15:00Z,2025-05-10,2025-05-10_21,0.0,100,100,0,180.03204543478213,160.0613932608691,0.05547403381642513,18.373,0.0,True,True,False,False,0.0,0.0,185.28290823805335,183.0255057167986,7397.8248007426955,0.0,7766.133214697547
2025-05-10T18:15:00Z,2025-05-10T18:30:00Z,2025-05-10,2025-05-10_21,0.0,100,100,0,160.0613932608691,133.54128456521693,0.07366696859903381,24.3985,0.0,True,True,False,False,0.0,0.0,185.28290823805335,183.0255057167986,25930.729614873446,0.0,26299.038028828298
2025-05-10T18:30:00Z,2025-05-10T18:45:00Z,2025-05-10,2025-05-10_21,0.0,100,100,0,133.54128456521693,111.63530630434735,0.060849939613526575,20.1535,0.0,True,True,False,False,0.0,0.0,185.28290823805335,183.0255057167986,19311.850608326004,0.0,19680.159022280855
2025-05-10T18:45:00Z,2025-05-10T19:00:00Z,2025-05-10,2025-05-10_21,0.0,100,100,0,111.63530630434735,95.96628456521692,0.04352506038647343,14.4155,0.0,True,True,False,False,0.0,0.0,185.28290823805335,183.0255057167986,5572.139449037427,0.0,5940.447862992279
2025-05-10T19:00:00Z,2025-05-10T19:15:00Z,2025-05-10,2025-05-10_22,40.66390099999994,0,0,0,95.96628456521692,84.91631146739086,0.03069436971618353,0.0,0.0,True,False,False,False,1359.0892311724979,0.0,0.0,0.0,0.0,0.0,1359.0892311724979
2025-05-10T19:15:00Z,2025-05-10T19:30:00Z,2025-05-10,2025-05-10_22,40.66390099999994,0,0,0,84.91631146739086,73.86633836956479,0.03069436971618353,0.0,0.0,True,False,False,False,1359.0892311724979,0.0,0.0,0.0,0.0,0.0,1359.0892311724979
2025-05-10T19:30:00Z,2025-05-10T19:45:00Z,2025-05-10,2025-05-10_22,40.66390099999994,0,0,0,73.86633836956479,62.81636527173872,0.03069436971618353,0.0,0.0,True,False,False,False,1359.0892311724979,0.0,0.0,0.0,0.0,0.0,1359.0892311724979
2025-05-10T19:45:00Z,2025-05-10T20:00:00Z,2025-05-10,2025-05-10_22,40.66390099999994,0,0,0,62.81636527173872,51.76639217391265,0.03069436971618353,0.0,0.0,True,False,False,False,1359.0892311724979,0.0,0.0,0.0,0.0,0.0,1359.0892311724979
2025-05-10T20:00:00Z,2025-05-10T20:15:00Z,2025-05-10,2025-05-10_23,0.0,100,100,0,51.76639217391265,26.506066086956128,0.07016757246376812,23.2395,0.0,True,True,False,False,0.0,0.0,170.77103488712987,183.61184403400762,30234.89154763998,0.0,30589.274426561118
2025-05-10T20:15:00Z,2025-05-10T20:30:00Z,2025-05-10,2025-05-10_23,0.0,100,100,0,26.506066086956128,13.372370434782216,0.036482487922705316,12.083,0.0,True,True,False,False,0.0,0.0,170.77103488712987,183.61184403400762,10481.75748656308,0.0,10836.140365484218
2025-05-10T20:30:00Z,2025-05-10T20:45:00Z,2025-05-10,2025-05-10_23,0.0,100,100,0,13.372370434782216,10.496283478260477,0.007989130434782608,2.646,0.0,True,True,False,False,0.0,0.0,170.77103488712987,183.61184403400762,465.6003271767809,0.0,819.9832060979184
2025-05-10T20:45:00Z,2025-05-10T21:00:00Z,2025-05-10,2025-05-10_23,0.0,100,100,0,10.496283478260477,9.999999999999607,0.0020966763285024154,0.5755,0.1405,True,True,False,False,0.0,0.0,170.77103488712987,183.61184403400762,95.00850933255155,-9.427930323463306,439.96345793022573
2025-05-10T21:00:00Z,2025-05-10T21:15:00Z,2025-05-11,2025-05-10_24,-100.00000000000249,100,0,0,9.999999999999607,17.955700000000178,0.022099166666668255,16.3525,0.0,True,True,False,False,-2441.750000000061,0.0,170.77103488712987,0.0,16461.839465943514,0.0,14190.860500830584
2025-05-10T21:15:00Z,2025-05-10T21:30:00Z,2025-05-11,2025-05-10_24,-100.00000000000249,100,0,0,17.955700000000178,31.338020000000746,0.0371731111111127,10.454,0.0,True,True,False,False,-2441.750000000061,0.0,170.77103488712987,0.0,7087.918246066648,0.0,4816.939280953717
2025-05-10T21:30:00Z,2025-05-10T21:45:00Z,2025-05-11,2025-05-10_24,-100.00000000000249,100,0,0,31.338020000000746,47.02264000000132,0.043568388888890475,7.9515,0.0,True,True,False,False,-2441.750000000061,0.0,170.77103488712987,0.0,1468.468691292876,0.0,-802.5102738200551
2025-05-10T21:45:00Z,2025-05-10T22:00:00Z,2025-05-11,2025-05-10_24,-100.00000000000249,100,0,0,47.02264000000132,67.18260000000188,0.05599988888889047,3.087,0.0,True,True,False,False,-2441.750000000061,0.0,170.77103488712987,0.0,556.6627546174142,0.0,-1714.3162104955168
2025-05-10T22:00:00Z,2025-05-10T22:15:00Z,2025-05-11,2025-05-11_1,0.0,100,100,0,67.18260000000188,58.50455043478449,0.02414913768115942,7.991,0.0085,True,True,False,False,0.0,0.0,170.77103488712987,192.61213720316624,1493.0808275188115,-0.6566987198280074,1855.8073008892795
2025-05-10T22:15:00Z,2025-05-10T22:30:00Z,2025-05-11,2025-05-11_1,0.0,100,100,0,58.50455043478449,50.75672434782797,0.02152173913043478,7.127999999999999,0.0,True,True,False,False,0.0,0.0,170.77103488712987,192.61213720316624,1310.9362321899735,0.0,1674.3194042802695
2025-05-10T22:30:00Z,2025-05-10T22:45:00Z,2025-05-11,2025-05-11_1,0.0,100,100,0,50.75672434782797,50.68353391304536,0.00043075120772946855,0.105,0.0445,True,True,False,False,0.0,0.0,170.77103488712987,192.61213720316624,14.795262386396951,-3.4613546369588586,374.7170798397342
2025-05-10T22:45:00Z,2025-05-10T23:00:00Z,2025-05-11,2025-05-11_1,0.0,100,100,0,50.68353391304536,50.6800808695671,0.0003315917874396135,0.056499999999999995,0.063,True,True,False,False,0.0,0.0,170.77103488712987,192.61213720316624,7.79439392162611,-4.4343799472295515,366.7431860646927
2025-05-10T23:00:00Z,2025-05-10T23:15:00Z,2025-05-11,2025-05-11_2,0.0,100,100,0,50.6800808695671,50.40684956521927,0.0010043091787439611,0.292,0.048,True,True,False,False,0.0,0.0,170.77103488712987,192.61213720316624,42.04320609791849,-3.3656757549105834,402.060702433304
2025-05-10T23:15:00Z,2025-05-10T23:30:00Z,2025-05-11,2025-05-11_2,0.0,100,100,0,50.40684956521927,50.28080695652362,0.0003986739130434783,0.124,0.0095,True,True,False,False,0.0,0.0,170.77103488712987,192.61213720316624,17.454905501807875,-0.7426952017981041,380.0953823903059
2025-05-10T23:30:00Z,2025-05-10T23:45:00Z,2025-05-11,2025-05-11_2,0.0,100,100,0,50.28080695652362,48.24336173913232,0.005907458937198067,1.9154999999999998,0.0485,True,True,False,False,0.0,0.0,170.77103488712987,192.61213720316624,320.1807012606273,-3.358941366168279,680.2049319847551
2025-05-10T23:45:00Z,2025-05-11T00:00:00Z,2025-05-11,2025-05-11_2,0.0,100,100,0,48.24336173913232,48.136049565219274,0.00037220048309178743,0.11100000000000002,0.0145,True,True,False,False,0.0,0.0,170.77103488712987,192.61213720316624,15.47424391673996,-1.1335874132707906,377.7238285937653
2025-05-11T00:00:00Z,2025-05-11T00:15:00Z,2025-05-11,2025-05-11_3,0.0,100,100,0,48.136049565219274,46.982753043480145,0.003321157004830918,1.0805,0.023,True,True,False,False,0.0,0.0,170.77103488712987,192.61213720316624,165.95098885957194,-1.305873155477377,528.0282877943906
2025-05-11T00:15:00Z,2025-05-11T00:30:00Z,2025-05-11,2025-05-11_3,0.0,100,100,0,46.982753043480145,44.23981826087145,0.007619263285024153,2.5235,0.0,True,True,False,False,0.0,0.0,170.77103488712987,192.61213720316624,434.15198543926505,0.0,797.5351575295612
2025-05-11T00:30:00Z,2025-05-11T00:45:00Z,2025-05-11,2025-05-11_3,0.0,100,100,0,44.23981826087145,43.94600608695841,0.0008263671497584542,0.272,0.002,True,True,False,False,0.0,0.0,170.77103488712987,192.61213720316624,38.76519652105932,-0.15635688458907457,401.99201172676635
2025-05-11T00:45:00Z,2025-05-11T01:00:00Z,2025-05-11,2025-05-11_3,0.0,100,100,0,43.94600608695841,43.72394695652363,0.0008928309178743961,0.25,0.054,True,True,False,False,0.0,0.0,170.77103488712987,192.61213720316624,36.07348773575686,-3.6650026385224272,395.7916571875306
2025-05-11T01:00:00Z,2025-05-11T01:15:00Z,2025-05-11,2025-05-11_4,0.0,100,100,0,43.72394695652363,43.71427217391494,0.0004894299516908213,0.0855,0.0905,True,True,False,False,0.0,0.0,170.77103488712987,192.61213720316624,12.290827616534742,-7.04193120297078,368.63206850386007
2025-05-11T01:15:00Z,2025-05-11T01:30:00Z,2025-05-11,2025-05-11_4,0.0,100,100,0,43.71427217391494,43.40319826087146,0.0009535386473429952,0.301,0.0175,True,True,False,False,0.0,0.0,170.77103488712987,192.61213720316624,43.197103293266885,-1.3681227401544025,405.2121526434086
2025-05-11T01:30:00Z,2025-05-11T01:45:00Z,2025-05-11,2025-05-11_4,0.0,100,100,0,43.40319826087146,42.5050400000019,0.002538328502415459,0.8335,0.0085,True,True,False,False,0.0,0.0,170.77103488712987,192.61213720316624,120.94278041630022,-0.6645167595035669,483.66143574709275
2025-05-11T01:45:00Z,2025-05-11T02:00:00Z,2025-05-11,2025-05-11_4,0.0,100,100,0,42.5050400000019,42.575384347827985,0.0003131545893719807,0.0195,0.0995,True,True,False,False,0.0,0.0,170.77103488712987,192.61213720316624,2.680740252125476,-7.732821459982409,358.3310908824392
2025-05-11T02:00:00Z,2025-05-11T02:15:00Z,2025-05-11,2025-05-11_5,0.0,100,100,0,42.575384347827985,42.5896652173932,0.00043821980676328503,0.066,0.0935,True,True,False,False,0.0,0.0,170.77103488712987,192.61213720316624,9.167208443271768,-6.447269520179811,366.10311101338806
2025-05-11T02:15:00Z,2025-05-11T02:30:00Z,2025-05-11,2025-05-11_5,0.0,100,100,0,42.5896652173932,43.786130434784496,0.0034231521739130437,0.0165,1.32,True,True,False,False,0.0,0.0,170.77103488712987,192.61213720316624,2.257402521254764,-49.89427147464087,315.74630313691
2025-05-11T02:30:00Z,2025-05-11T02:45:00Z,2025-05-11,2025-05-11_5,0.0,100,100,0,43.786130434784496,45.0732104347845,0.0035752222222222223,0.0,1.399,True,True,False,False,0.0,0.0,170.77103488712987,192.61213720316624,0.0,-57.52620189582722,305.8569701944689
2025-05-11T02:45:00Z,2025-05-11T03:00:00Z,2025-05-11,2025-05-11_5,0.0,100,100,0,45.0732104347845,51.2707904347845,0.0172155,0.0,6.736500000000001,True,True,False,False,0.0,0.0,170.77103488712987,192.61213720316624,0.0,248.75215831134568,612.1353304016418
2025-05-11T03:00:00Z,2025-05-11T03:15:00Z,2025-05-11,2025-05-11_6,66.72350005781333,33,100,0,51.2707904347845,34.30488568492256,0.04904941593516635,0.0,1.13,True,True,False,False,1643.7334239242314,0.0,56.354441512752864,183.61184403400762,0.0,-42.536499560246256,1841.1632099107455
2025-05-11T03:15:00Z,2025-05-11T03:30:00Z,2025-05-11,2025-05-11_6,66.72350005781333,33,100,0,34.30488568492256,26.099170336506525,0.03916129182438581,0.0,9.6235,True,True,False,False,1643.7334239242314,0.0,56.354441512752864,183.61184403400762,0.0,233.19659933548323,2116.896308806475
2025-05-11T03:30:00Z,2025-05-11T03:45:00Z,2025-05-11,2025-05-11_6,66.72350005781333,33,100,0,26.099170336506525,18.567474388084,0.03840048778525058,0.0,10.277,True,True,False,False,1643.7334239242314,0.0,56.354441512752864,183.61184403400762,0.0,130.63128544903742,2014.3309949200293
2025-05-11T03:45:00Z,2025-05-11T04:00:00Z,2025-05-11,2025-05-11_6,66.72350005781333,33,100,0,18.567474388084,15.397050104347887,0.03347767236140463,0.0,14.5055,True,True,False,False,1643.7334239242314,0.0,56.354441512752864,183.61184403400762,0.0,6699.048996775138,8582.74870624613
2025-05-11T04:00:00Z,2025-05-11T04:15:00Z,2025-05-11,2025-05-11_7,0.0,100,100,0,15.397050104347887,16.071434452173975,0.0023382657004830916,0.077,0.824,True,True,False,False,0.0,0.0,185.28290823805335,183.0255057167986,10.835532102022867,-30.62158897683963,348.5223570800352
2025-05-11T04:15:00Z,2025-05-11T04:30:00Z,2025-05-11,2025-05-11_7,0.0,100,100,0,16.071434452173975,16.03661966956528,0.000280707729468599,0.0625,0.036,True,True,False,False,0.0,0.0,185.28290823805335,183.0255057167986,8.6840613700772,-2.7870606860158307,374.20541463891334
2025-05-11T04:30:00Z,2025-05-11T04:45:00Z,2025-05-11,2025-05-11_7,0.0,100,100,0,16.03661966956528,16.041517060869626,0.0009012850241545893,0.147,0.179,True,True,False,False,0.0,0.0,185.28290823805335,183.0255057167986,20.949877455291702,-8.484316622691292,380.77397478745235
2025-05-11T04:45:00Z,2025-05-11T05:00:00Z,2025-05-11,2025-05-11_7,0.0,100,100,0,16.041517060869626,17.253157060869626,0.003365666666666667,0.0,1.317,True,True,False,False,0.0,0.0,185.28290823805335,183.0255057167986,0.0,-49.11188625036646,319.1965277044855
2025-05-11T05:00:00Z,2025-05-11T05:15:00Z,2025-05-11,2025-05-11_8,21.999999999999968,78,100,0,17.253157060869626,12.028877634782678,0.01768726729468597,0.007409999999999999,0.7965,True,True,False,False,372.78999999999945,0.0,149.7801231310466,183.0255057167986,1.0137789504544121,-30.985118733509236,675.6242890647898
2025-05-11T05:15:00Z,2025-05-11T05:30:00Z,2025-05-11,2025-05-11_8,21.999999999999968,78,100,0,12.028877634782678,10.000000000000078,0.02209273120772945,0.0,4.128,True,True,False,False,372.78999999999945,0.0,149.7801231310466,183.0255057167986,0.0,-31.81783172090296,673.7777971269417
2025-05-11T05:30:00Z,2025-05-11T05:45:00Z,2025-05-11,2025-05-11_8,21.999999999999968,78,100,0,10.000000000000078,10.240965321739216,0.025245978550724628,0.0,6.5005,True,True,False,False,372.78999999999945,0.0,149.7801231310466,183.0255057167986,0.0,-62.9645811589954,642.6310476888492
2025-05-11T05:45:00Z,2025-05-11T06:00:00Z,2025-05-11,2025-05-11_8,21.999999999999968,78,100,0,10.240965321739216,10.111675965217485,0.024731623768115926,0.0,6.1135,True,True,False,False,372.78999999999945,0.0,149.7801231310466,183.0255057167986,0.0,-43.62074552917033,661.9748833186743
2025-05-11T06:00:00Z,2025-05-11T06:15:00Z,2025-05-11,2025-05-11_9,-2.7731164321729267,100,97,0,10.111675965217485,12.018133032288253,0.005430751413485229,0.023,1.406015,True,True,False,False,-3.438664375894429,0.0,192.0257988859572,177.53474054529462,2.1369119515293655,-40.064213995895635,328.1945730109911
2025-05-11T06:15:00Z,2025-05-11T06:30:00Z,2025-05-11,2025-05-11_9,-2.7731164321729267,100,97,0,12.018133032288253,12.302312620260958,0.002838432573183335,0.349,0.02619,True,True,False,False,-3.438664375894429,0.0,192.0257988859572,177.53474054529462,32.42531613407602,-1.7096569920844324,396.837534197349
2025-05-11T06:30:00Z,2025-05-11T06:45:00Z,2025-05-11,2025-05-11_9,-2.7731164321729267,100,97,0,12.302312620260958,10.645697208929295,0.00829729192495529,2.197,0.090695,True,True,False,False,-3.438664375894429,0.0,192.0257988859572,177.53474054529462,204.12154597869636,-3.3679370663539525,566.8754839676998
2025-05-11T06:45:00Z,2025-05-11T07:00:00Z,2025-05-11,2025-05-11_9,-2.7731164321729267,100,97,0,10.645697208929295,13.00272258832907,0.006547292720554925,0.0,1.868705,True,True,False,False,-3.438664375894429,0.0,192.0257988859572,177.53474054529462,0.0,-48.27186600996775,317.85000904538964
2025-05-11T07:00:00Z,2025-05-11T07:15:00Z,2025-05-11,2025-05-11_10,-37.99999999999974,100,62,0,13.00272258832907,21.660164849198573,0.024490238164251037,0.11799999999999998,0.04154,True,True,False,False,-0.0,0.0,170.77103488712987,113.83934330108471,10.378188214599822,-2.766459267077103,292.2221071357373
2025-05-11T07:15:00Z,2025-05-11T07:30:00Z,2025-05-11,2025-05-11_10,-37.99999999999974,100,62,0,21.660164849198573,30.380817283981123,0.024544143236714812,0.0855,0.07408999999999999,True,True,False,False,-0.0,0.0,170.77103488712987,113.83934330108471,7.519788918205805,-4.144840625427538,287.98532648099285
2025-05-11T07:30:00Z,2025-05-11T07:45:00Z,2025-05-11,2025-05-11_10,-37.99999999999974,100,62,0,30.380817283981123,39.316059475285414,0.02488002057970998,0.016,0.23001999999999997,True,True,False,False,-0.0,0.0,170.77103488712987,113.83934330108471,1.407211961301671,-10.638104684843153,275.3794854646731
2025-05-11T07:45:00Z,2025-05-11T08:00:00Z,2025-05-11,2025-05-11_10,-37.99999999999974,100,62,0,39.316059475285414,49.02222384050274,0.026985903429951517,0.0065,1.05741,True,True,False,False,-0.0,0.0,170.77103488712987,113.83934330108471,0.5716798592788038,-23.998959999999997,261.1830980474934
2025-05-11T08:00:00Z,2025-05-11T08:15:00Z,2025-05-11,2025-05-11_11,0.0,100,100,0,49.02222384050274,48.75530992745926,0.0010762053140096618,0.301,0.0655,True,True,False,False,0.0,0.0,170.77103488712987,183.61184403400762,26.474351607544218,-3.1554831427733805,377.70174738590833
2025-05-11T08:15:00Z,2025-05-11T08:30:00Z,2025-05-11,2025-05-11_11,0.0,100,100,0,48.75530992745926,48.77648731876361,0.00039095169082125605,0.055,0.088,True,True,False,False,0.0,0.0,170.77103488712987,183.61184403400762,4.837430860940096,-5.202775334701456,354.01753444737614
2025-05-11T08:30:00Z,2025-05-11T08:45:00Z,2025-05-11,2025-05-11_11,0.0,100,100,0,48.77648731876361,48.81976036224187,0.0007512415458937199,0.1045,0.1705,True,True,False,False,0.0,0.0,170.77103488712987,183.61184403400762,9.191200332258378,-7.71913632365875,355.8549429297371
2025-05-11T08:45:00Z,2025-05-11T09:00:00Z,2025-05-11,2025-05-11_11,0.0,100,100,0,48.81976036224187,49.48367166658969,0.001955913043478261,0.0185,0.7435,True,True,False,False,0.0,0.0,170.77103488712987,183.61184403400762,1.627146682302355,-28.958209713671458,327.05181588976836
2025-05-11T09:00:00Z,2025-05-11T09:15:00Z,2025-05-11,2025-05-11_12,0.0,100,100,0,49.48367166658969,49.56328297093752,0.0008189685990338164,0.099,0.2035,True,True,False,False,0.0,0.0,170.77103488712987,193.81413075344472,8.708439753737906,-9.413659826052964,363.87994556825953
2025-05-11T09:15:00Z,2025-05-11T09:30:00Z,2025-05-11,2025-05-11_12,0.0,100,100,0,49.56328297093752,49.632549057894046,0.00048226086956521745,0.048,0.132,True,True,False,False,0.0,0.0,170.77103488712987,193.81413075344472,4.222151861624157,-6.289458809733216,362.51785869246555
2025-05-11T09:30:00Z,2025-05-11T09:45:00Z,2025-05-11,2025-05-11_12,0.0,100,100,0,49.632549057894046,50.077369057894046,0.0012356111111111112,0.0,0.4835,True,True,False,False,0.0,0.0,170.77103488712987,193.81413075344472,0.0,-21.0036406723346,343.58152496824
2025-05-11T09:45:00Z,2025-05-11T10:00:00Z,2025-05-11,2025-05-11_12,0.0,100,100,0,50.077369057894046,52.40542905789405,0.006466833333333334,0.0,2.5305,True,True,False,False,0.0,0.0,170.77103488712987,193.81413075344472,0.0,-56.93464262679565,307.6505230137789
2025-05-11T10:00:00Z,2025-05-11T10:15:00Z,2025-05-11,2025-05-11_13,0.0,100,100,0,52.40542905789405,52.35860731876361,0.0009478381642512077,0.1785,0.16,True,True,False,False,0.0,0.0,170.77103488712987,193.81413075344472,15.700603928466725,-7.974201114042802,372.3115684549985
2025-05-11T10:15:00Z,2025-05-11T10:30:00Z,2025-05-11,2025-05-11_13,0.0,100,100,0,52.35860731876361,48.37925949267665,0.011053743961352658,3.6610000000000005,0.0,True,True,False,False,0.0,0.0,170.77103488712987,193.81413075344472,322.0163080230627,0.0,686.6014736636373
2025-05-11T10:30:00Z,2025-05-11T10:45:00Z,2025-05-11,2025-05-11_13,0.0,100,100,0,48.37925949267665,47.78632818832883,0.001713475845410628,0.5565,0.013,True,True,False,False,0.0,0.0,170.77103488712987,193.81413075344472,48.948941659337436,-0.678197791459005,412.855909508453
2025-05-11T10:45:00Z,2025-05-11T11:00:00Z,2025-05-11,2025-05-11_13,0.0,100,100,0,47.78632818832883,48.152489927459264,0.0010503285024154587,0.0055,0.40449999999999997,True,True,False,False,0.0,0.0,170.77103488712987,193.81413075344472,0.4837721098407114,-17.85500078178442,347.2139369686309
2025-05-11T11:00:00Z,2025-05-11T11:15:00Z,2025-05-11,2025-05-11_14,0.0,100,100,0,48.152489927459264,49.96744384050274,0.00509890579710145,0.0095,1.984,True,True,False,False,0.0,0.0,170.77103488712987,193.81413075344472,0.835569236782957,-66.10231212743085,299.3184227499267
2025-05-11T11:15:00Z,2025-05-11T11:30:00Z,2025-05-11,2025-05-11_14,0.0,100,100,0,49.96744384050274,57.82010384050274,0.021812944444444447,0.0,8.5355,True,True,False,False,0.0,0.0,170.77103488712987,193.81413075344472,0.0,103.84399570018567,468.4291613407603
2025-05-11T11:30:00Z,2025-05-11T11:45:00Z,2025-05-11,2025-05-11_14,0.0,100,100,0,57.82010384050274,70.39236384050274,0.034922944444444444,0.0,13.6655,True,True,False,False,0.0,0.0,170.77103488712987,193.81413075344472,0.0,2561.52873272745,2926.113898368025
2025-05-11T11:45:00Z,2025-05-11T12:00:00Z,2025-05-11,2025-05-11_14,0.0,100,100,0,70.39236384050274,79.55004384050274,0.025438000000000002,0.0,9.954,True,True,False,False,0.0,0.0,170.77103488712987,193.81413075344472,0.0,-0.24318381706244502,364.3419818235121
2025-05-11T12:00:00Z,2025-05-11T12:15:00Z,2025-05-11,2025-05-11_15,0.0,100,100,0,79.55004384050274,94.63344384050274,0.041898333333333336,0.0,16.395,True,True,False,False,0.0,0.0,170.77103488712987,193.81413075344472,0.0,6509.473491644678,6874.058657285253
2025-05-11T12:15:00Z,2025-05-11T12:30:00Z,2025-05-11,2025-05-11_15,0.0,100,100,0,94.63344384050274,108.13628384050273,0.03750788888888889,0.0,14.676999999999998,True,True,False,False,0.0,0.0,170.77103488712987,193.81413075344472,0.0,5421.497056581647,5786.082222222221
2025-05-11T12:30:00Z,2025-05-11T12:45:00Z,2025-05-11,2025-05-11_15,0.0,100,100,0,108.13628384050273,121.51308384050273,0.03715777777777778,0.0,14.540000000000001,True,True,False,False,0.0,0.0,170.77103488712987,193.81413075344472,0.0,3298.0124460080133,3662.597611648588
2025-05-11T12:45:00Z,2025-05-11T13:00:00Z,2025-05-11,2025-05-11_15,0.0,100,100,0,121.51308384050273,130.97574384050273,0.026285166666666672,0.0,10.2855,True,True,False,False,0.0,0.0,170.77103488712987,193.81413075344472,0.0,666.033617414248,1030.6187830548226
2025-05-11T13:00:00Z,2025-05-11T13:15:00Z,2025-05-11,2025-05-11_16,0.0,100,100,0,130.97574384050273,139.18996384050274,0.022817277777777777,0.0,8.9285,True,True,False,False,0.0,0.0,170.77103488712987,193.81413075344472,0.0,16.34055975764683,380.9257253982214
2025-05-11T13:15:00Z,2025-05-11T13:30:00Z,2025-05-11,2025-05-11_16,0.0,100,100,0,139.18996384050274,154.35662384050275,0.042129611111111104,0.0,16.4855,True,True,False,False,0.0,0.0,170.77103488712987,193.81413075344472,0.0,3326.3463370468085,3690.931502687383
2025-05-11T13:30:00Z,2025-05-11T13:45:00Z,2025-05-11,2025-05-11_16,0.0,100,100,0,154.35662384050275,167.75228384050274,0.03721016666666666,0.0,14.560499999999998,True,True,False,False,0.0,0.0,170.77103488712987,193.81413075344472,0.0,337.11833304016415,701.7034986807387
2025-05-11T13:45:00Z,2025-05-11T14:00:00Z,2025-05-11,2025-05-11_16,0.0,100,100,0,167.75228384050274,187.87958384050273,0.05590916666666667,0.0,21.8775,True,True,False,False,0.0,0.0,170.77103488712987,193.81413075344472,0.0,21450.58836997948,21815.173535620055
2025-05-11T14:00:00Z,2025-05-11T14:15:00Z,2025-05-11,2025-05-11_17,89.90981449361172,10,100,0,187.87958384050273,187.89102848177183,0.011748299104806289,0.0,22.842,True,True,False,False,958.4386225019009,0.0,17.077103488712986,183.61184403400762,0.0,21434.10421108179,22593.231781106413
2025-05-11T14:15:00Z,2025-05-11T14:30:00Z,2025-05-11,2025-05-11_17,89.90981449361172,10,100,0,187.89102848177183,187.37597885594244,0.012957048648545844,0.0,22.35,True,True,False,False,958.4386225019009,0.0,17.077103488712986,183.61184403400762,0.0,23296.401172676633,24455.528742701255
2025-05-11T14:30:00Z,2025-05-11T14:45:00Z,2025-05-11,2025-05-11_17,89.90981449361172,10,100,0,187.37597885594244,184.62332859494452,0.018094234209438988,0.0,20.259,True,True,False,False,958.4386225019009,0.0,17.077103488712986,183.61184403400762,0.0,23078.68931398417,24237.816884008793
2025-05-11T14:45:00Z,2025-05-11T15:00:00Z,2025-05-11,2025-05-11_17,89.90981449361172,10,100,0,184.62332859494452,160.7236140434805,0.06664544055197076,0.00155,0.49899999999999994,True,True,False,False,958.4386225019009,0.0,17.077103488712986,183.61184403400762,0.16838304505032736,-22.14754421968142,1137.1484088499903
2025-05-11T15:00:00Z,2025-05-11T15:15:00Z,2025-05-11,2025-05-11_18,-45.00000000000021,100,55,0,160.7236140434805,172.21287339130663,0.03192125181159434,0.002,1.240525,True,True,False,False,-675.6750000000033,0.0,170.77103488712987,100.98651421870419,0.20483260041043683,-25.686735190071342,-429.3993534838301
2025-05-11T15:15:00Z,2025-05-11T15:30:00Z,2025-05-11,2025-05-11_18,-45.00000000000021,100,55,0,172.21287339130663,182.74719965217625,0.031978804830918,0.818,1.1,True,True,False,False,-675.6750000000033,0.0,170.77103488712987,100.98651421870419,120.99669266099872,-16.981901690608815,-299.9026599237793
2025-05-11T15:30:00Z,2025-05-11T15:45:00Z,2025-05-11,2025-05-11_18,-45.00000000000021,100,55,0,182.74719965217625,190.0000000000024,0.03031303236714986,3.061,0.0,True,True,False,False,-675.6750000000033,0.0,170.77103488712987,100.98651421870419,492.47849584677016,0.0,88.56104495260097
2025-05-11T15:45:00Z,2025-05-11T16:00:00Z,2025-05-11,2025-05-11_18,-45.00000000000021,100,55,0,190.0000000000024,180.0143193043503,0.03901260193236704,20.098,0.0,True,True,False,False,-675.6750000000033,0.0,170.77103488712987,100.98651421870419,18347.323378481382,0.0,17943.405927587213
2025-05-11T16:00:00Z,2025-05-11T16:15:00Z,2025-05-11,2025-05-11_19,0.0,100,100,0,180.0143193043503,180.9714497391329,0.026538526570048307,3.9544999999999995,5.7125,True,True,False,False,0.0,0.0,171.88507768982703,183.61184403400762,2174.764773477963,120.99022525163687,2651.2519204534346
2025-05-11T16:15:00Z,2025-05-11T16:30:00Z,2025-05-11,2025-05-11_19,0.0,100,100,0,180.9714497391329,182.26289582608945,0.01589109420289855,2.0375,3.811,True,True,False,False,0.0,0.0,171.88507768982703,183.61184403400762,438.26658848822433,-28.54767849115606,765.2158317209029
2025-05-11T16:30:00Z,2025-05-11T16:45:00Z,2025-05-11,2025-05-11_19,0.0,100,100,0,182.26289582608945,175.77756973913293,0.018014794685990338,5.9665,0.0,True,True,False,False,0.0,0.0,171.88507768982703,183.61184403400762,1274.460259356982,0.0,1629.9571810808168
2025-05-11T16:45:00Z,2025-05-11T17:00:00Z,2025-05-11,2025-05-11_19,0.0,100,100,0,175.77756973913293,175.1348932173938,0.0027256570048309176,0.747,0.184,True,True,False,False,0.0,0.0,171.88507768982703,183.61184403400762,135.2440105540897,-13.27245421674973,477.4684780611746
2025-05-11T17:00:00Z,2025-05-11T17:15:00Z,2025-05-11,2025-05-11_20,99.94889530072537,0,100,0,175.1348932173938,148.19821935187485,0.07482463084057742,0.0,0.2055,True,True,False,False,3830.5414124003,0.0,0.0,183.0255057167986,0.0,-14.923481090589268,3998.643437026509
2025-05-11T17:15:00Z,2025-05-11T17:30:00Z,2025-05-11,2025-05-11_20,99.94889530072537,0,100,0,148.19821935187485,121.1360118628586,0.07517303366221742,0.0,0.09,True,True,False,False,3830.5414124003,0.0,0.0,183.0255057167986,0.0,-6.834951627088829,4006.7319664900097
2025-05-11T17:30:00Z,2025-05-11T17:45:00Z,2025-05-11,2025-05-11_20,99.94889530072537,0,100,0,121.1360118628586,93.98794154911258,0.07541133515926988,0.0,0.011,True,True,False,False,3830.5414124003,0.0,0.0,183.0255057167986,0.0,-0.8385605394312518,4012.7283575776673
2025-05-11T17:45:00Z,2025-05-11T18:00:00Z,2025-05-11,2025-05-11_20,99.94889530072537,0,100,0,93.98794154911258,66.82791565217633,0.07544451638037844,0.0,0.0,True,True,False,False,3830.5414124003,0.0,0.0,183.0255057167986,0.0,0.0,4013.566918117099
2025-05-11T18:00:00Z,2025-05-11T18:15:00Z,2025-05-11,2025-05-11_21,0.0,100,100,0,66.82791565217633,63.88443739130676,0.00817632850241546,2.708,0.0,True,True,False,False,0.0,0.0,185.28290823805335,183.0255057167986,633.184014853904,0.0,1001.492428808756
2025-05-11T18:15:00Z,2025-05-11T18:30:00Z,2025-05-11,2025-05-11_21,0.0,100,100,0,63.88443739130676,52.68498086956763,0.03110960144927536,10.3035,0.0,True,True,False,False,0.0,0.0,185.28290823805335,183.0255057167986,2760.3290967458224,0.0,3128.6375107006743
2025-05-11T18:30:00Z,2025-05-11T18:45:00Z,2025-05-11,2025-05-11_21,0.0,100,100,0,52.68498086956763,27.5159591304372,0.0699139492753623,23.1555,0.0,True,True,False,False,0.0,0.0,185.28290823805335,183.0255057167986,23980.32728583993,0.0,24348.63569979478
2025-05-11T18:45:00Z,2025-05-11T19:00:00Z,2025-05-11,2025-05-11_21,0.0,100,100,0,27.5159591304372,19.220306956524155,0.02304347826086956,7.632,0.0,True,True,False,False,0.0,0.0,185.28290823805335,183.0255057167986,2479.0030747581354,0.0,2847.3114887129873
2025-05-11T19:00:00Z,2025-05-11T19:15:00Z,2025-05-11,2025-05-11_22,0.0,100,100,0,19.220306956524155,17.446393913045895,0.004927536231884057,1.6319999999999997,0.0,True,True,False,False,0.0,0.0,170.77103488712987,183.61184403400762,305.2852723541482,0.0,659.6681512752857
2025-05-11T19:15:00Z,2025-05-11T19:30:00Z,2025-05-11,2025-05-11_22,0.0,100,100,0,17.446393913045895,17.329677391306767,0.0004366570048309178,0.126,0.022,True,True,False,False,0.0,0.0,170.77103488712987,183.61184403400762,18.626008795074757,-1.6769275872178244,371.3319601289944
2025-05-11T19:30:00Z,2025-05-11T19:45:00Z,2025-05-11,2025-05-11_22,0.0,100,100,0,17.329677391306767,17.368533913045898,0.00024984299516908213,0.0235,0.07,True,True,False,False,0.0,0.0,170.77103488712987,183.61184403400762,3.2150884393628454,-5.273333333333333,352.324634027167
2025-05-11T19:45:00Z,2025-05-11T20:00:00Z,2025-05-11,2025-05-11_22,0.0,100,100,0,17.368533913045898,18.091112173915462,0.0020433937198067634,0.006,0.7925,True,True,False,False,0.0,0.0,170.77103488712987,183.61184403400762,0.8208736440926414,-39.41016612918987,315.79358643604024
2025-05-11T20:00:00Z,2025-05-11T20:15:00Z,2025-05-11,2025-05-11_23,2.0000000000004,98,100,0,18.091112173915462,10.688699130437092,0.02056225845410658,6.31022,0.0,True,True,False,False,55.340000000011074,0.0,167.35561418938727,183.61184403400762,1300.4627751822534,0.0,1706.7702334056594
2025-05-11T20:15:00Z,2025-05-11T20:30:00Z,2025-05-11,2025-05-11_23,2.0000000000004,98,100,0,10.688699130437092,10.0000000000022,0.002038275362319142,0.15484,0.025,True,True,False,False,55.340000000011074,0.0,167.35561418938727,183.61184403400762,23.604074097527604,-1.9055995309293463,428.00593279000424
2025-05-11T20:30:00Z,2025-05-11T20:45:00Z,2025-05-11,2025-05-11_23,2.0000000000004,98,100,0,10.0000000000022,12.834669443480355,0.010616231545893941,0.02793,3.6915000000000004,True,True,False,False,55.340000000011074,0.0,167.35561418938727,183.61184403400762,3.9612780826737026,-6.385180299032542,403.8835560070471
2025-05-11T20:45:00Z,2025-05-11T21:00:00Z,2025-05-11,2025-05-11_23,2.0000000000004,98,100,0,12.834669443480355,21.799275878262865,0.026677348792270607,0.0,10.2975,True,True,False,False,55.340000000011074,0.0,167.35561418938727,183.61184403400762,0.0,-0.2717018469656992,406.03575637644025
2025-05-11T21:00:00Z,2025-05-11T21:15:00Z,2025-05-12,2025-05-11_24,-4.97091617968455,100,95,0,21.799275878262865,20.103871420829964,0.014282013759747612,3.3095,0.7946750000000001,True,True,False,False,-115.586228468115,0.0,170.77103488712987,182.98153034300793,581.998521254764,-15.20327510016613,804.9615829166207
2025-05-11T21:15:00Z,2025-05-11T21:30:00Z,2025-05-12,2025-05-11_24,-4.97091617968455,100,95,0,20.103871420829964,21.391602767314815,0.0037549241266143065,0.031,0.193325,True,True,False,False,-115.586228468115,0.0,170.77103488712987,182.98153034300793,4.245482263265904,-13.817948299618878,228.59387072566983
2025-05-11T21:30:00Z,2025-05-11T21:45:00Z,2025-05-12,2025-05-11_24,-4.97091617968455,100,95,0,21.391602767314815,18.954850065978537,0.01227722855906752,3.319,0.0,True,True,False,False,-115.586228468115,0.0,170.77103488712987,182.98153034300793,572.8276792729405,0.0,810.9940160349634
2025-05-11T21:45:00Z,2025-05-11T22:00:00Z,2025-05-12,2025-05-11_24,-4.97091617968455,100,95,0,18.954850065978537,17.55792295652169,0.00963374670059347,2.355,0.0,True,True,False,False,-115.586228468115,0.0,170.77103488712987,182.98153034300793,402.5989064790384,0.0,640.7652432410612
2025-05-11T22:00:00Z,2025-05-11T22:15:00Z,2025-05-12,2025-05-12_1,-5.0,100,95,0,17.55792295652169,11.526006956521691,0.02144259444444445,6.6585,0.0,True,True,False,False,-111.3875,0.0,170.77103488712987,182.98153034300793,2301.3618751099384,0.0,2543.726940340076
2025-05-11T22:15:00Z,2025-05-11T22:30:00Z,2025-05-12,2025-05-12_1,-5.0,100,95,0,11.526006956521691,11.767799478260823,0.005539248550724638,0.8484999999999999,0.007600000000000001,True,True,False,False,-111.3875,0.0,170.77103488712987,182.98153034300793,130.8351676927587,-0.5793022574025213,372.620930665494
2025-05-11T22:30:00Z,2025-05-11T22:45:00Z,2025-05-12,2025-05-12_1,-5.0,100,95,0,11.767799478260823,12.941218043478214,0.003546331763285024,0.05,0.084075,True,True,False,False,-111.3875,0.0,170.77103488712987,182.98153034300793,6.982507573536598,-6.279308941659337,243.06826386201507
2025-05-11T22:45:00Z,2025-05-11T23:00:00Z,2025-05-12,2025-05-12_1,-5.0,100,95,0,12.941218043478214,14.085217391304301,0.003542057367149759,0.0635,0.067925,True,True,False,False,-111.3875,0.0,170.77103488712987,182.98153034300793,8.850967946838658,-5.104816319749829,246.11121685722662
2025-05-11T23:00:00Z,2025-05-11T23:15:00Z,2025-05-12,2025-05-12_2,-12.999999999999934,100,87,0,14.085217391304301,12.473327999999938,0.01821818164251205,4.32,0.0,True,True,False,False,-273.6824999999986,0.0,170.77103488712987,167.5725593667546,748.837994722955,0.0,813.499088976841
2025-05-11T23:15:00Z,2025-05-11T23:30:00Z,2025-05-12,2025-05-12_2,-12.999999999999934,100,87,0,12.473327999999938,13.455869043478184,0.012653374879227016,1.889,0.00522,True,True,False,False,-273.6824999999986,0.0,170.77103488712987,167.5725593667546,322.66290882439165,-0.4070712401055409,386.916931838172
2025-05-11T23:30:00Z,2025-05-11T23:45:00Z,2025-05-12,2025-05-12_2,-12.999999999999934,100,87,0,13.455869043478184,12.635462017391212,0.016513301739130404,3.5769999999999995,0.0,True,True,False,False,-273.6824999999986,0.0,170.77103488712987,167.5725593667546,638.1650440730967,0.0,702.8261383269826
2025-05-11T23:45:00Z,2025-05-12T00:00:00Z,2025-05-12,2025-05-12_2,-12.999999999999934,100,87,0,12.635462017391212,14.666337782608588,0.010377462874396098,0.9015000000000001,0.001305,True,True,False,False,-273.6824999999986,0.0,170.77103488712987,167.5725593667546,151.20004163002054,-0.10202286719437115,215.75911301671206
2025-05-12T00:00:00Z,2025-05-12T00:15:00Z,2025-05-12,2025-05-12_3,-100.0,100,0,0,14.666337782608588,26.285477782608588,0.03227538888888889,12.3705,0.0,True,True,False,False,-2094.5,0.0,170.77103488712987,0.0,6848.774461741424,0.0,4925.045496628553
2025-05-12T00:15:00Z,2025-05-12T00:30:00Z,2025-05-12,2025-05-12_3,-100.0,100,0,0,26.285477782608588,35.955597782608585,0.02686144444444444,14.489000000000003,0.0,True,True,False,False,-2094.5,0.0,170.77103488712987,0.0,10287.863972832993,0.0,8364.135007720122
2025-05-12T00:30:00Z,2025-05-12T00:45:00Z,2025-05-12,2025-05-12_3,-100.0,100,0,0,35.955597782608585,39.927237782608586,0.011032333333333337,20.683,0.0,True,True,False,False,-2094.5,0.0,170.77103488712987,0.0,21179.416254470827,0.0,19255.687289357957
2025-05-12T00:45:00Z,2025-05-12T01:00:00Z,2025-05-12,2025-05-12_3,-100.0,100,0,0,39.927237782608586,44.64637778260859,0.013108722222222226,19.8705,0.0,True,True,False,False,-2094.5,0.0,170.77103488712987,0.0,20261.082610378187,0.0,18337.353645265317
2025-05-12T01:00:00Z,2025-05-12T01:15:00Z,2025-05-12,2025-05-12_4,-100.0,100,0,0,44.64637778260859,63.56617778260859,0.052555000000000004,4.435,0.0,True,True,False,False,-2110.0,0.0,170.77103488712987,0.0,2660.5960695788135,0.0,721.3671044659434
2025-05-12T01:15:00Z,2025-05-12T01:30:00Z,2025-05-12,2025-05-12_4,-100.0,100,0,0,63.56617778260859,79.91089778260859,0.045402,7.234,0.0,True,True,False,False,-2110.0,0.0,170.77103488712987,0.0,1401.4844651617316,0.0,-537.7444999511386
2025-05-12T01:30:00Z,2025-05-12T01:45:00Z,2025-05-12,2025-05-12_4,-100.0,100,0,0,79.91089778260859,89.97247778260859,0.027948833333333343,14.063499999999998,0.0,True,True,False,False,-2110.0,0.0,170.77103488712987,0.0,10247.84554842177,0.0,8308.6165833089
2025-05-12T01:45:00Z,2025-05-12T02:00:00Z,2025-05-12,2025-05-12_4,-100.0,100,0,0,89.97247778260859,101.77239778260859,0.03277755555555555,12.174,0.0,True,True,False,False,-2110.0,0.0,170.77103488712987,0.0,5606.65224391674,0.0,3667.42327880387
2025-05-12T02:00:00Z,2025-05-12T02:15:00Z,2025-05-12,2025-05-12_5,-95.89956762759921,0,0,0,101.77239778260859,123.82929833695641,0.06126916820652172,0.0,0.0,True,False,False,False,-2108.5917432118376,0.0,0.0,0.0,0.0,0.0,-2108.5917432118376
2025-05-12T02:15:00Z,2025-05-12T02:30:00Z,2025-05-12,2025-05-12_5,-95.89956762759921,0,0,0,123.82929833695641,145.88619889130422,0.06126916820652172,0.0,0.0,True,False,False,False,-2108.5917432118376,0.0,0.0,0.0,0.0,0.0,-2108.5917432118376
2025-05-12T02:30:00Z,2025-05-12T02:45:00Z,2025-05-12,2025-05-12_5,-95.89956762759921,0,0,0,145.88619889130422,167.94309944565202,0.06126916820652172,0.0,0.0,True,False,False,False,-2108.5917432118376,0.0,0.0,0.0,0.0,0.0,-2108.5917432118376
2025-05-12T02:45:00Z,2025-05-12T03:00:00Z,2025-05-12,2025-05-12_5,-95.89956762759921,0,0,0,167.94309944565202,189.99999999999983,0.06126916820652172,0.0,0.0,True,False,False,False,-2108.5917432118376,0.0,0.0,0.0,0.0,0.0,-2108.5917432118376
2025-05-12T03:00:00Z,2025-05-12T03:15:00Z,2025-05-12,2025-05-12_6,-47.588023829558836,100,52,0,189.99999999999983,187.90560926945489,0.03514492922589779,12.9425,0.0,True,True,False,False,-1249.780475823789,0.0,170.77103488712987,95.47815889768395,3455.620939607153,0.0,2472.089657568178
2025-05-12T03:15:00Z,2025-05-12T03:30:00Z,2025-05-12,2025-05-12_6,-47.588023829558836,100,52,0,187.90560926945489,187.89373181291782,0.034387686222278266,10.8755,0.0,True,True,False,False,-1249.780475823789,0.0,170.77103488712987,95.47815889768395,2098.940679175217,0.0,1115.409397136242
2025-05-12T03:30:00Z,2025-05-12T03:45:00Z,2025-05-12,2025-05-12_6,-47.588023829558836,100,52,0,187.89373181291782,186.10663017215148,0.035033192836877974,12.6375,0.0,True,True,False,False,-1249.780475823789,0.0,170.77103488712987,95.47815889768395,4637.484564643799,0.0,3653.953282604824
2025-05-12T03:45:00Z,2025-05-12T04:00:00Z,2025-05-12,2025-05-12_6,-47.588023829558836,100,52,0,186.10663017215148,189.96458023640022,0.032980540418261504,7.0345,0.0,True,True,False,False,-1249.780475823789,0.0,170.77103488712987,95.47815889768395,1425.738408873253,0.0,442.207126834278
2025-05-12T04:00:00Z,2025-05-12T04:15:00Z,2025-05-12,2025-05-12_7,99.20273880630985,0,100,0,189.96458023640022,168.24979951671662,0.06051561179689797,0.0,4.829,True,True,False,False,3866.9227586699576,0.0,0.0,183.0255057167986,0.0,-46.49581862601387,4003.452445760742
2025-05-12T04:15:00Z,2025-05-12T04:30:00Z,2025-05-12,2025-05-12_7,99.20273880630985,0,100,0,168.24979951671662,141.3115319819793,0.07482923403567139,0.0,0.0175,True,True,False,False,3866.9227586699576,0.0,0.0,183.0255057167986,0.0,-1.3681227401544025,4048.580141646602
2025-05-12T04:30:00Z,2025-05-12T04:45:00Z,2025-05-12,2025-05-12_7,99.20273880630985,0,100,0,141.3115319819793,114.50408231302475,0.07447076131827096,0.0,0.138,True,True,False,False,3866.9227586699576,0.0,0.0,183.0255057167986,0.0,-10.1023066549399,4039.8459577318163
2025-05-12T04:45:00Z,2025-05-12T05:00:00Z,2025-05-12,2025-05-12_7,99.20273880630985,0,100,0,114.50408231302475,87.60978260869575,0.07470875150409699,0.0,0.058,True,True,False,False,3866.9227586699576,0.0,0.0,183.0255057167986,0.0,-4.500149320824782,4045.4481150659312
2025-05-12T05:00:00Z,2025-05-12T05:15:00Z,2025-05-12,2025-05-12_8,99.99999999999993,0,100,0,87.60978260869575,60.43695652173925,0.07548007246376806,0.0,0.001,True,True,False,False,3938.2499999999973,0.0,0.0,183.0255057167986,0.0,-0.07817844229453728,4121.197327274502
2025-05-12T05:15:00Z,2025-05-12T05:30:00Z,2025-05-12,2025-05-12_8,99.99999999999993,0,100,0,60.43695652173925,34.690217391304486,0.07151871980676323,0.0,1.313,True,True,False,False,3938.2499999999973,0.0,0.0,183.0255057167986,0.0,-31.621577054627185,4089.6539286621687
2025-05-12T05:30:00Z,2025-05-12T05:45:00Z,2025-05-12,2025-05-12_8,99.99999999999993,0,100,0,34.690217391304486,19.3081521739132,0.04272795893719806,0.0,10.8485,True,True,False,False,3938.2499999999973,0.0,0.0,183.0255057167986,0.0,1852.6604591029022,5973.935964819698
2025-05-12T05:45:00Z,2025-05-12T06:00:00Z,2025-05-12,2025-05-12_8,99.99999999999993,0,100,0,19.3081521739132,10.000000000000172,0.02585597826086958,0.0,16.4365,True,True,False,False,3938.2499999999973,0.0,0.0,183.0255057167986,0.0,6445.417751490275,10566.693257207071
2025-05-12T06:00:00Z,2025-05-12T06:15:00Z,2025-05-12,2025-05-12_9,3.999999999999785,96,100,0,10.000000000000172,12.510408486956752,0.012074323091787324,0.0,3.882,True,True,False,False,120.17999999999356,0.0,184.3447669305189,183.0255057167986,0.0,-83.1650120199355,404.38526062737554
2025-05-12T06:15:00Z,2025-05-12T06:30:00Z,2025-05-12,2025-05-12_9,3.999999999999785,96,100,0,12.510408486956752,12.487391547826375,0.005713962608695503,0.00288,1.1515,True,True,False,False,120.17999999999356,0.0,184.3447669305189,183.0255057167986,0.3940193491644679,-53.71618655330792,434.2281054431676
2025-05-12T06:30:00Z,2025-05-12T06:45:00Z,2025-05-12,2025-05-12_9,3.999999999999785,96,100,0,12.487391547826375,11.470247686956869,0.003399479613526409,0.035519999999999996,0.117,True,True,False,False,120.17999999999356,0.0,184.3447669305189,183.0255057167986,5.06596493696863,-8.58379595426561,484.03244163001403
2025-05-12T06:45:00Z,2025-05-12T07:00:00Z,2025-05-12,2025-05-12_9,3.999999999999785,96,100,0,11.470247686956869,13.503428939130838,0.011135527632850119,0.0456,3.4205,True,True,False,False,120.17999999999356,0.0,184.3447669305189,183.0255057167986,7.5520337730870715,-29.094138571288966,466.00816784910916
2025-05-12T07:00:00Z,2025-05-12T07:15:00Z,2025-05-12,2025-05-12_10,0.0,100,100,0,13.503428939130838,10.210068069565622,0.012189335748792269,3.5334999999999996,0.595,True,True,False,False,0.0,0.0,170.77103488712987,183.61184403400762,608.1563376331476,-12.293294244112184,950.2459223101729
2025-05-12T07:15:00Z,2025-05-12T07:30:00Z,2025-05-12,2025-05-12_10,0.0,100,100,0,10.210068069565622,10.07493850434823,0.0009350265700483092,0.217,0.1095,True,True,False,False,0.0,0.0,170.77103488712987,183.61184403400762,35.10047630215968,-5.456359425388449,384.02699579790874
2025-05-12T07:30:00Z,2025-05-12T07:45:00Z,2025-05-12,2025-05-12_10,0.0,100,100,0,10.07493850434823,16.605391547826493,0.018146185990338168,0.001,7.0995,True,True,False,False,0.0,0.0,170.77103488712987,183.61184403400762,0.13681227401544024,3861.634025212548,4216.153716407701
2025-05-12T07:45:00Z,2025-05-12T08:00:00Z,2025-05-12,2025-05-12_10,0.0,100,100,0,16.605391547826493,23.092311547826494,0.018019222222222225,0.0,7.051,True,True,False,False,0.0,0.0,170.77103488712987,183.61184403400762,0.0,-39.19427167008697,315.18860725105054
2025-05-12T08:00:00Z,2025-05-12T08:15:00Z,2025-05-12,2025-05-12_11,0.0,100,100,0,23.092311547826494,22.13115937391345,0.006055978260869566,1.445,0.6625,True,True,False,False,0.0,0.0,170.77103488712987,183.61184403400762,196.8295319065768,-24.134603733020615,527.0778070946936
2025-05-12T08:15:00Z,2025-05-12T08:30:00Z,2025-05-12,2025-05-12_11,0.0,100,100,0,22.13115937391345,25.11839937391345,0.00829788888888889,0.0,3.247,True,True,False,False,0.0,0.0,170.77103488712987,183.61184403400762,0.0,-98.40951627088829,255.97336265024921
2025-05-12T08:30:00Z,2025-05-12T08:45:00Z,2025-05-12,2025-05-12_11,0.0,100,100,0,25.11839937391345,28.956891547826494,0.010686632850241545,0.004,4.177,True,True,False,False,0.0,0.0,170.77103488712987,183.61184403400762,0.5448568357275482,-36.92316153620639,318.00457422065864
2025-05-12T08:45:00Z,2025-05-12T09:00:00Z,2025-05-12,2025-05-12_11,0.0,100,100,0,28.956891547826494,37.151331547826494,0.022762333333333332,0.0,8.907,True,True,False,False,0.0,0.0,170.77103488712987,183.61184403400762,0.0,1589.636198182351,1944.0190771034886
2025-05-12T09:00:00Z,2025-05-12T09:15:00Z,2025-05-12,2025-05-12_12,-6.0,100,94,0,37.151331547826494,45.72300834782649,0.023810213333333333,0.0,7.817040000000001,True,True,False,False,-57.21,0.0,170.77103488712987,182.18528290823804,0.0,1120.112393034301,1415.858710829669
2025-05-12T09:15:00Z,2025-05-12T09:30:00Z,2025-05-12,2025-05-12_12,-6.0,100,94,0,45.72300834782649,50.072225078261276,0.012279829082125602,0.035,3.2683799999999996,True,True,False,False,-57.21,0.0,170.77103488712987,182.18528290823804,4.413221929053064,-25.282754230430953,274.87678549399004
2025-05-12T09:30:00Z,2025-05-12T09:45:00Z,2025-05-12,2025-05-12_12,-6.0,100,94,0,50.072225078261276,49.16049860869606,0.009546653526570047,2.128,0.0,True,True,False,False,-57.21,0.0,170.77103488712987,182.18528290823804,268.32389328642626,0.0,564.0702110817941
2025-05-12T09:45:00Z,2025-05-12T10:00:00Z,2025-05-12,2025-05-12_12,-6.0,100,94,0,49.16049860869606,40.779660800000414,0.028167298357487915,9.0635,0.0,True,True,False,False,-57.21,0.0,170.77103488712987,182.18528290823804,2134.461778559562,0.0,2430.2080963549297
2025-05-12T10:00:00Z,2025-05-12T10:15:00Z,2025-05-12,2025-05-12_13,-100.00000000000004,100,0,0,40.779660800000414,58.638240800000425,0.0496071666666667,5.5885,0.0,True,True,False,False,-1375.0000000000007,0.0,170.77103488712987,0.0,948.6698565425584,0.0,-255.55910857031245
2025-05-12T10:15:00Z,2025-05-12T10:30:00Z,2025-05-12,2025-05-12_13,-100.00000000000004,100,0,0,58.638240800000425,79.00750080000043,0.05658127777777781,2.8595,0.0,True,True,False,False,-1375.0000000000007,0.0,170.77103488712987,0.0,408.76905990423137,0.0,-795.4599052086394
2025-05-12T10:30:00Z,2025-05-12T10:45:00Z,2025-05-12,2025-05-12_13,-100.00000000000004,100,0,0,79.00750080000043,101.02126080000043,0.06114933333333336,1.072,0.0,True,True,False,False,-1375.0000000000007,0.0,170.77103488712987,0.0,153.09936714550963,0.0,-1051.1295979673612
2025-05-12T10:45:00Z,2025-05-12T11:00:00Z,2025-05-12,2025-05-12_13,-100.00000000000004,100,0,0,101.02126080000043,120.64256080000044,0.05450361111111114,3.6725,0.0,True,True,False,False,-1375.0000000000007,0.0,170.77103488712987,0.0,524.9453483826834,0.0,-679.2836167301874
2025-05-12T11:00:00Z,2025-05-12T11:15:00Z,2025-05-12,2025-05-12_14,-96.98914474401174,100,3,0,120.64256080000044,135.03322205891436,0.04153012213879326,8.5585,0.0,True,True,False,False,-1406.34259878817,0.0,170.77103488712987,5.814423922603341,7408.524639695104,0.0,6178.767499716668
2025-05-12T11:15:00Z,2025-05-12T11:30:00Z,2025-05-12,2025-05-12_14,-96.98914474401174,100,3,0,135.03322205891436,150.04041369283175,0.0431215268623466,7.892,0.0,True,True,False,False,-1406.34259878817,0.0,170.77103488712987,5.814423922603341,4163.496208736441,0.0,2933.739068758004
2025-05-12T11:30:00Z,2025-05-12T11:45:00Z,2025-05-12,2025-05-12_14,-96.98914474401174,100,3,0,150.04041369283175,170.39564788201176,0.05692603760386735,2.1105,0.0,True,True,False,False,-1406.34259878817,0.0,170.77103488712987,5.814423922603341,307.6070765171504,0.0,-922.1500634612864
2025-05-12T11:45:00Z,2025-05-12T12:00:00Z,2025-05-12,2025-05-12_14,-96.98914474401174,100,3,0,170.39564788201176,189.3207906086931,0.05323464720234679,3.6565,0.0,True,True,False,False,-1406.34259878817,0.0,170.77103488712987,5.814423922603341,533.4330744649662,0.0,-696.3240655134706
2025-05-12T12:00:00Z,2025-05-12T12:15:00Z,2025-05-12,2025-05-12_15,-2.000000000000034,100,98,0,189.3207906086931,189.46713194782356,0.0022647162801932583,0.314,0.028909999999999995,True,True,False,False,-28.61000000000049,0.0,170.77103488712987,189.9378481383758,45.2416526922701,-1.7822550258966086,375.5582806918787
2025-05-12T12:15:00Z,2025-05-12T12:30:00Z,2025-05-12,2025-05-12_15,-2.000000000000034,100,98,0,189.46713194782356,189.75105874782358,0.002013685555555577,0.207,0.05243,True,True,False,False,-28.61000000000049,0.0,170.77103488712987,189.9378481383758,29.728986807387862,-2.9812805726570897,358.846589260236
2025-05-12T12:30:00Z,2025-05-12T12:45:00Z,2025-05-12,2025-05-12_15,-2.000000000000034,100,98,0,189.75105874782358,189.9539999999975,0.0021793054106280406,0.273,0.04214,True,True,False,False,-28.61000000000049,0.0,170.77103488712987,189.9378481383758,39.38152389328643,-2.6566195876087164,368.8237873311829
2025-05-12T12:45:00Z,2025-05-12T13:00:00Z,2025-05-12,2025-05-12_15,-2.000000000000034,100,98,0,189.9539999999975,188.57954563478012,0.006446624347826105,1.7345,0.049,True,True,False,False,-28.61000000000049,0.0,170.77103488712987,189.9378481383758,257.9975948402228,-1.9728329913026483,588.1236448744254
2025-05-12T13:00:00Z,2025-05-12T13:15:00Z,2025-05-12,2025-05-12_16,0.0,100,100,0,188.57954563478012,182.95182824347577,0.015632548309178745,5.1775,0.0,True,True,False,False,0.0,0.0,170.77103488712987,193.81413075344472,847.2976473175023,0.0,1211.882812958077
2025-05-12T13:15:00Z,2025-05-12T13:30:00Z,2025-05-12,2025-05-12_16,0.0,100,100,0,182.95182824347577,182.95561867825836,0.0013209154589371981,0.217,0.2605,True,True,False,False,0.0,0.0,170.77103488712987,193.81413075344472,31.27488908433499,-16.952229062835922,378.90782566207366
2025-05-12T13:30:00Z,2025-05-12T13:45:00Z,2025-05-12,2025-05-12_16,0.0,100,100,0,182.95561867825836,173.9615186782584,0.025085833333333328,8.2915,0.02,True,True,False,False,0.0,0.0,170.77103488712987,193.81413075344472,1841.3061181471708,-1.4224567575491056,2204.4688270301963
2025-05-12T13:45:00Z,2025-05-12T14:00:00Z,2025-05-12,2025-05-12_16,0.0,100,100,0,173.9615186782584,162.18869259130187,0.032702294685990334,10.831,0.0,True,True,False,False,0.0,0.0,170.77103488712987,193.81413075344472,2704.456139743965,0.0,3069.0413053845396
2025-05-12T14:00:00Z,2025-05-12T14:15:00Z,2025-05-12,2025-05-12_17,0.0,100,100,0,162.18869259130187,168.1281978086932,0.017014929951690825,0.0855,6.557,True,True,False,False,0.0,0.0,170.77103488712987,183.61184403400762,14.575439753737907,-70.81406215186162,298.1442565230138
2025-05-12T14:15:00Z,2025-05-12T14:30:00Z,2025-05-12,2025-05-12_17,0.0,100,100,0,168.1281978086932,168.2620873739106,0.0009365289855072464,0.0935,0.256,True,True,False,False,0.0,0.0,170.77103488712987,183.61184403400762,14.91166471220561,-18.554283592299424,350.74026004104365
2025-05-12T14:30:00Z,2025-05-12T14:45:00Z,2025-05-12,2025-05-12_17,0.0,100,100,0,168.2620873739106,168.29154476521492,0.00041395169082125607,0.055,0.097,True,True,False,False,0.0,0.0,170.77103488712987,183.61184403400762,8.40357861819603,-7.3565869246555256,355.429870614678
2025-05-12T14:45:00Z,2025-05-12T15:00:00Z,2025-05-12,2025-05-12_17,0.0,100,100,0,168.29154476521492,168.38099172173668,0.001006314009661836,0.1255,0.24550000000000002,True,True,False,False,0.0,0.0,170.77103488712987,183.61184403400762,20.788971367145507,-18.025788918205805,357.1460613700772
2025-05-12T15:00:00Z,2025-05-12T15:15:00Z,2025-05-12,2025-05-12_18,0.0,100,100,0,168.38099172173668,184.67879172173667,0.045271666666666675,0.0,17.715,True,True,False,False,0.0,0.0,170.77103488712987,183.61184403400762,0.0,4417.1996745822335,4771.582553503371
2025-05-12T15:15:00Z,2025-05-12T15:30:00Z,2025-05-12,2025-05-12_18,0.0,100,100,0,184.67879172173667,189.89940041738885,0.01501497584541063,0.085,5.775,True,True,False,False,0.0,0.0,170.77103488712987,183.61184403400762,12.35218704192319,-194.37703019642333,172.35803576663736
2025-05-12T15:30:00Z,2025-05-12T15:45:00Z,2025-05-12,2025-05-12_18,0.0,100,100,0,189.89940041738885,179.8733134608671,0.02785024154589372,9.224,0.0,True,True,False,False,0.0,0.0,170.77103488712987,183.61184403400762,1985.0844835336654,0.0,2339.467362454803
2025-05-12T15:45:00Z,2025-05-12T16:00:00Z,2025-05-12,2025-05-12_18,0.0,100,100,0,179.8733134608671,153.32168302608451,0.07375452898550725,24.4275,0.0,True,True,False,False,0.0,0.0,170.77103488712987,183.61184403400762,31681.672585751978,0.0,32036.055464673114
2025-05-12T16:00:00Z,2025-05-12T16:15:00Z,2025-05-12,2025-05-12_19,-77.3885166115203,100,22,0,153.32168302608451,165.67430994101406,0.042078040103686175,5.687,0.0,True,True,False,False,-3448.045357626287,0.0,184.98973907944884,40.39460568748167,2090.449612234926,0.0,-1132.2114006244306
2025-05-12T16:15:00Z,2025-05-12T16:30:00Z,2025-05-12,2025-05-12_19,-77.3885166115203,100,22,0,165.67430994101406,182.24026966566953,0.047787514570592375,1.297,0.009569999999999999,True,True,False,False,-3448.045357626287,0.0,184.98973907944884,40.39460568748167,317.3068103195543,-0.6752213427147462,-2906.029423882517
2025-05-12T16:30:00Z,2025-05-12T16:45:00Z,2025-05-12,2025-05-12_19,-77.3885166115203,100,22,0,182.24026966566953,189.99999999999756,0.03586790277770697,10.4825,0.0,True,True,False,False,-3448.045357626287,0.0,184.98973907944884,40.39460568748167,6315.806127235414,0.0,3093.145114376058
2025-05-12T16:45:00Z,2025-05-12T17:00:00Z,2025-05-12,2025-05-12_19,-77.3885166115203,100,22,0,189.99999999999756,187.9217085063746,0.022565738120745554,20.7545,0.0,True,True,False,False,-3448.045357626287,0.0,184.98973907944884,40.39460568748167,22340.12108423727,0.0,19117.460071377915
2025-05-12T17:00:00Z,2025-05-12T17:15:00Z,2025-05-12,2025-05-12_20,50.882457258086966,49,100,0,187.9217085063746,175.13251191663673,0.03947323214286774,0.49931,1.5725,True,True,False,False,3347.684069152687,0.0,90.78862503664614,183.0255057167986,133.1058089983387,-94.32971562591614,3660.274293278554
2025-05-12T17:15:00Z,2025-05-12T17:30:00Z,2025-05-12,2025-05-12_20,50.882457258086966,49,100,0,175.13251191663673,160.32167950113228,0.041333250746299885,0.9760800000000001,0.0765,True,True,False,False,3347.684069152687,0.0,90.78862503664614,183.0255057167986,283.6872120551158,-5.397537379067721,3899.7878745821795
2025-05-12T17:30:00Z,2025-05-12T17:45:00Z,2025-05-12,2025-05-12_20,50.882457258086966,49,100,0,160.32167950113228,143.86969655056515,0.04569995264046419,2.41521,0.0,True,True,False,False,3347.684069152687,0.0,90.78862503664614,183.0255057167986,709.6303794312519,0.0,4331.128579337384
2025-05-12T17:45:00Z,2025-05-12T18:00:00Z,2025-05-12,2025-05-12_20,50.882457258086966,49,100,0,143.86969655056515,123.7003712086937,0.05602590372742071,5.835165,0.0,True,True,False,False,3347.684069152687,0.0,90.78862503664614,183.0255057167986,2048.8482896804458,0.0,5670.346489586577
2025-05-12T18:00:00Z,2025-05-12T18:15:00Z,2025-05-12,2025-05-12_21,100.0,0,100,0,123.7003712086937,96.52645816521543,0.0754830917874396,0.0,0.0,True,True,False,False,9044.25,0.0,0.0,183.0255057167986,0.0,0.0,9227.275505716798
2025-05-12T18:15:00Z,2025-05-12T18:30:00Z,2025-05-12,2025-05-12_21,100.0,0,100,0,96.52645816521543,69.35254512173718,0.0754830917874396,0.0,0.0,True,True,False,False,9044.25,0.0,0.0,183.0255057167986,0.0,0.0,9227.275505716798
2025-05-12T18:30:00Z,2025-05-12T18:45:00Z,2025-05-12,2025-05-12_21,100.0,0,100,0,69.35254512173718,42.17863207825892,0.07548309178743962,0.0,0.0,True,True,False,False,9044.25,0.0,0.0,183.0255057167986,0.0,0.0,9227.275505716798
2025-05-12T18:45:00Z,2025-05-12T19:00:00Z,2025-05-12,2025-05-12_21,100.0,0,100,0,42.17863207825892,15.11069729565023,0.07518870772946859,0.0,0.0975,True,True,False,False,9044.25,0.0,0.0,183.0255057167986,0.0,-6.879214306654939,9220.396291410143
2025-05-12T19:00:00Z,2025-05-12T19:15:00Z,2025-05-12,2025-05-12_22,-20.99999999999999,100,79,0,15.11069729565023,13.823216921737185,0.02421201103864734,5.825,0.010665000000000001,True,True,False,False,-880.7399999999996,0.0,184.4034007622398,144.59014951627088,1416.7005667937067,-0.7524802110817942,864.2016368611361
2025-05-12T19:15:00Z,2025-05-12T19:30:00Z,2025-05-12,2025-05-12_22,-20.99999999999999,100,79,0,13.823216921737185,18.751752365215445,0.018675581545893716,1.045,1.3019199999999997,True,True,False,False,-880.7399999999996,0.0,184.4034007622398,144.59014951627088,186.45463304993646,-77.41035911267467,-442.70217578422705
2025-05-12T19:30:00Z,2025-05-12T19:45:00Z,2025-05-12,2025-05-12_22,-20.99999999999999,100,79,0,18.751752365215445,24.223145017389356,0.015310420410628012,0.0235,0.724035,True,True,False,False,-880.7399999999996,0.0,184.4034007622398,144.59014951627088,3.2150884393628454,-46.47932529170331,-595.0106865738293
2025-05-12T19:45:00Z,2025-05-12T20:00:00Z,2025-05-12,2025-05-12_22,-20.99999999999999,100,79,0,24.223145017389356,28.9986026086937,0.013804230024154584,0.11299999999999999,0.06991499999999999,True,True,False,False,-880.7399999999996,0.0,184.4034007622398,144.59014951627088,16.143838366070554,-4.932925828202872,-540.5355371836212
2025-05-12T20:00:00Z,2025-05-12T20:15:00Z,2025-05-12,2025-05-12_23,0.0,100,100,0,28.9986026086937,15.790993913041529,0.03668780193236715,12.151,0.0,True,True,False,False,0.0,0.0,170.77103488712987,183.61184403400762,10786.532826150687,0.0,11140.915705071824
2025-05-12T20:15:00Z,2025-05-12T20:30:00Z,2025-05-12,2025-05-12_23,0.0,100,100,0,15.790993913041529,10.495885217389354,0.014708635265700484,4.8715,0.0,True,True,False,False,0.0,0.0,170.77103488712987,183.61184403400762,1113.4945553601094,0.0,1467.877434281247
2025-05-12T20:30:00Z,2025-05-12T20:45:00Z,2025-05-12,2025-05-12_23,0.0,100,100,0,10.495885217389354,9.99999999999805,0.0017173478260869564,0.5125,0.0665,True,True,False,False,0.0,0.0,170.77103488712987,183.61184403400762,84.12592592592593,-3.899149809440047,434.6096550376234
2025-05-12T20:45:00Z,2025-05-12T21:00:00Z,2025-05-12,2025-05-12_23,0.0,100,100,0,9.99999999999805,13.449999999998049,0.009583333333333334,0.0,3.75,True,True,False,False,0.0,0.0,170.77103488712987,183.61184403400762,0.0,-204.89079448841983,149.49208443271766
2025-05-12T21:00:00Z,2025-05-12T21:15:00Z,2025-05-13,2025-05-12_24,-68.98154158936364,100,31,0,13.449999999998049,18.504679077319388,0.03508031833660956,11.2325,0.113615,True,True,False,False,-1894.9229474598192,0.0,171.34704763398895,61.005432118133854,3204.8474810268076,-4.8644812689977055,1537.4125320501134
2025-05-12T21:15:00Z,2025-05-12T21:30:00Z,2025-05-13,2025-05-12_24,-68.98154158936364,100,31,0,18.504679077319388,23.683202379366705,0.0349841526730163,10.9975,0.0,True,True,False,False,-1894.9229474598192,0.0,171.34704763398895,61.005432118133854,7175.111220167474,0.0,5512.540752459778
2025-05-12T21:30:00Z,2025-05-12T21:45:00Z,2025-05-13,2025-05-12_24,-68.98154158936364,100,31,0,23.683202379366705,38.705258214269634,0.04435682214884439,1.4035,0.5654399999999999,True,True,False,False,-1894.9229474598192,0.0,171.34704763398895,61.005432118133854,194.92281842605846,-21.45950862275214,-1489.10715790439
2025-05-12T21:45:00Z,2025-05-12T22:00:00Z,2025-05-13,2025-05-12_24,-68.98154158936364,100,31,0,38.705258214269634,55.54183357982327,0.04676826490431566,0.0,1.05524,True,True,False,False,-1894.9229474598192,0.0,171.34704763398895,61.005432118133854,0.0,-32.94870135116584,-1695.5191690588622
2025-05-12T22:00:00Z,2025-05-12T22:15:00Z,2025-05-13,2025-05-13_1,0.0,100,100,0,55.54183357982327,47.05542053634501,0.023573369565217394,7.807500000000001,0.0,True,True,False,False,0.0,0.0,171.34704763398895,185.70195909242443,1677.5261898691979,0.0,2034.5751965956113
2025-05-12T22:15:00Z,2025-05-12T22:30:00Z,2025-05-13,2025-05-13_1,0.0,100,100,0,47.05542053634501,44.95596401460588,0.005831823671497584,1.9314999999999998,0.0,True,True,False,False,0.0,0.0,171.34704763398895,185.70195909242443,318.8923810130802,0.0,675.9413877394936
2025-05-12T22:30:00Z,2025-05-12T22:45:00Z,2025-05-13,2025-05-13_1,0.0,100,100,0,44.95596401460588,44.456555318953704,0.0015022463768115941,0.47850000000000004,0.0225,True,True,False,False,0.0,0.0,171.34704763398895,185.70195909242443,68.61487125683917,-1.5928656874472964,424.07101229580525
2025-05-12T22:45:00Z,2025-05-12T23:00:00Z,2025-05-13,2025-05-13_1,0.0,100,100,0,44.456555318953704,43.6118248841711,0.0023848067632850235,0.7835,0.0075,True,True,False,False,0.0,0.0,171.34704763398895,185.70195909242443,113.0158762967466,-0.5309552291490988,469.5339277940109
2025-05-12T23:00:00Z,2025-05-12T23:15:00Z,2025-05-13,2025-05-13_2,-40.70724062024555,100,59,0,43.6118248841711,50.76786060661995,0.027631407830284144,2.1655,0.0,True,True,False,False,-969.1376310664959,0.0,171.34704763398895,109.33853666189475,377.52988880826786,0.0,-310.9221579623444
2025-05-12T23:15:00Z,2025-05-12T23:30:00Z,2025-05-13,2025-05-13_2,-40.70724062024555,100,59,0,50.76786060661995,56.34496647614259,0.028793446322091135,3.7149999999999994,0.0,True,True,False,False,-969.1376310664959,0.0,171.34704763398895,109.33853666189475,650.1574196458337,0.0,-38.29462712477857
2025-05-12T23:30:00Z,2025-05-12T23:45:00Z,2025-05-13,2025-05-13_2,-40.70724062024555,100,59,0,56.34496647614259,65.74259766616574,0.0262334283863971,0.036,0.07788,True,True,False,False,-969.1376310664959,0.0,171.34704763398895,109.33853666189475,4.980683623242405,-5.513439099484242,-688.9848022468541
2025-05-12T23:45:00Z,2025-05-13T00:00:00Z,2025-05-13,2025-05-13_2,-40.70724062024555,100,59,0,65.74259766616574,75.07212086956527,0.026103317465206274,0.0525,0.022125,True,True,False,False,-969.1376310664959,0.0,171.34704763398895,109.33853666189475,7.2068715313866605,-1.5663179259898414,-682.8114931652154
2025-05-13T00:00:00Z,2025-05-13T00:15:00Z,2025-05-13,2025-05-13_3,0.0,100,100,0,75.07212086956527,75.71219565217396,0.00188668115942029,0.018,0.717,True,True,False,False,0.0,0.0,171.34704763398895,184.9665640382013,2.470927382189712,-41.78560645578804,316.9989325985919
2025-05-13T00:15:00Z,2025-05-13T00:30:00Z,2025-05-13,2025-05-13_3,0.0,100,100,0,75.71219565217396,76.75238173913048,0.0029014830917874395,0.002,1.133,True,True,False,False,0.0,0.0,171.34704763398895,184.9665640382013,0.27454748690996805,-24.40639264212735,332.18176651697286
2025-05-13T00:30:00Z,2025-05-13T00:45:00Z,2025-05-13,2025-05-13_3,0.0,100,100,0,76.75238173913048,78.29965826086962,0.004370454106280193,0.012,1.696,True,True,False,False,0.0,0.0,171.34704763398895,184.9665640382013,1.6472849214598082,-61.51704273135529,296.44385386229476
2025-05-13T00:45:00Z,2025-05-13T01:00:00Z,2025-05-13,2025-05-13_3,0.0,100,100,0,78.29965826086962,80.75920000000005,0.006934717391304347,0.017,2.6935,True,True,False,False,0.0,0.0,171.34704763398895,184.9665640382013,2.333653638734728,1326.765183946816,1685.412449257741
2025-05-13T01:00:00Z,2025-05-13T01:15:00Z,2025-05-13,2025-05-13_4,0.0,100,100,0,80.75920000000005,89.23884000000005,0.02355455555555556,0.0,9.217,True,True,False,False,0.0,0.0,171.34704763398895,184.9665640382013,0.0,2495.2651085443094,2851.5787202164997
2025-05-13T01:15:00Z,2025-05-13T01:30:00Z,2025-05-13,2025-05-13_4,0.0,100,100,0,89.23884000000005,92.80752000000005,0.009913,0.0,3.879,True,True,False,False,0.0,0.0,171.34704763398895,184.9665640382013,0.0,-148.31604828113663,207.99756339105363
2025-05-13T01:30:00Z,2025-05-13T01:45:00Z,2025-05-13,2025-05-13_4,0.0,100,100,0,92.80752000000005,93.46302000000006,0.0018208333333333336,0.0,0.7125,True,True,False,False,0.0,0.0,171.34704763398895,184.9665640382013,0.0,-44.15814915772753,312.1554625144627
2025-05-13T01:45:00Z,2025-05-13T02:00:00Z,2025-05-13,2025-05-13_4,0.0,100,100,0,93.46302000000006,109.19226000000006,0.04369233333333334,0.0,17.097,True,True,False,False,0.0,0.0,171.34704763398895,184.9665640382013,0.0,11257.405369364424,11613.718981036614
2025-05-13T02:00:00Z,2025-05-13T02:15:00Z,2025-05-13,2025-05-13_5,0.0,100,100,0,109.19226000000006,123.22456000000005,0.03897861111111111,0.0,15.2525,True,True,False,False,0.0,0.0,171.34704763398895,184.9665640382013,0.0,2610.177646441668,2966.4912581138583
2025-05-13T02:15:00Z,2025-05-13T02:30:00Z,2025-05-13,2025-05-13_5,0.0,100,100,0,123.22456000000005,135.16432000000006,0.033166,0.0,12.978000000000002,True,True,False,False,0.0,0.0,171.34704763398895,184.9665640382013,0.0,-0.0,356.3136116721903
2025-05-13T02:30:00Z,2025-05-13T02:45:00Z,2025-05-13,2025-05-13_5,0.0,100,100,0,135.16432000000006,148.12298000000007,0.03599627777777778,0.0,14.085500000000001,True,True,False,False,0.0,0.0,171.34704763398895,184.9665640382013,0.0,-0.0,356.3136116721903
2025-05-13T02:45:00Z,2025-05-13T03:00:00Z,2025-05-13,2025-05-13_5,0.0,100,100,0,148.12298000000007,165.07398000000006,0.04708611111111111,0.0,18.425,True,True,False,False,0.0,0.0,171.34704763398895,184.9665640382013,0.0,7542.918876120252,7899.232487792442
2025-05-13T03:00:00Z,2025-05-13T03:15:00Z,2025-05-13,2025-05-13_6,0.0,100,100,0,165.07398000000006,182.97396000000006,0.049722166666666665,0.0,19.4565,True,True,False,False,0.0,0.0,171.34704763398895,184.23116898397816,0.0,13401.000618026002,13756.57883464397
2025-05-13T03:15:00Z,2025-05-13T03:30:00Z,2025-05-13,2025-05-13_6,0.0,100,100,0,182.97396000000006,189.48296000000008,0.018080555555555558,0.0,7.075000000000001,True,True,False,False,0.0,0.0,171.34704763398895,184.23116898397816,0.0,-30.755500755005592,324.8227158629615
2025-05-13T03:30:00Z,2025-05-13T03:45:00Z,2025-05-13,2025-05-13_6,0.0,100,100,0,189.48296000000008,189.84130434782617,0.0018770434782608696,0.146,0.562,True,True,False,False,0.0,0.0,171.34704763398895,184.23116898397816,21.52716215951209,-20.940129037318847,356.16524974016033
2025-05-13T03:45:00Z,2025-05-13T04:00:00Z,2025-05-13,2025-05-13_6,0.0,100,100,0,189.84130434782617,189.29600000000008,0.001770289855072464,0.544,0.05,True,True,False,False,0.0,0.0,171.34704763398895,184.23116898397816,82.40384366481673,-1.863000804031926,436.1190594787519
2025-05-13T04:00:00Z,2025-05-13T04:15:00Z,2025-05-13,2025-05-13_7,90.00000000000009,10,100,0,189.29600000000008,164.61042930434786,0.06861012971014499,0.28605,0.0765,True,True,False,False,3088.3500000000026,0.0,19.26735042064597,183.64285294059968,62.79659414037221,-5.415743337320808,3348.6410541642995
2025-05-13T04:15:00Z,2025-05-13T04:30:00Z,2025-05-13,2025-05-13_7,90.00000000000009,10,100,0,164.61042930434786,139.72238582608696,0.06913345410628025,0.397,0.0,True,True,False,False,3088.3500000000026,0.0,19.26735042064597,183.64285294059968,75.3839883905634,0.0,3366.644191751812
2025-05-13T04:30:00Z,2025-05-13T04:45:00Z,2025-05-13,2025-05-13_7,90.00000000000009,10,100,0,139.72238582608696,115.27501843478257,0.06796685386473438,0.10235000000000001,0.11250000000000002,True,True,False,False,3088.3500000000026,0.0,19.26735042064597,183.64285294059968,18.86750083344773,-7.9643284372364835,3302.1633757574596
2025-05-13T04:45:00Z,2025-05-13T05:00:00Z,2025-05-13,2025-05-13_7,90.00000000000009,10,100,0,115.27501843478257,97.70455513043473,0.05209533140096621,0.0,6.434000000000001,True,True,False,False,3088.3500000000026,0.0,19.26735042064597,183.64285294059968,0.0,-16.45942188143471,3274.8007814798134
2025-05-13T05:00:00Z,2025-05-13T05:15:00Z,2025-05-13,2025-05-13_8,99.99999999999997,0,100,0,97.70455513043473,74.23825078260865,0.06518417874396133,0.0,3.411,True,True,False,False,3213.249999999999,0.0,0.0,183.64285294059968,0.0,-52.102484850861885,3344.790368089737
2025-05-13T05:15:00Z,2025-05-13T05:30:00Z,2025-05-13,2025-05-13_8,99.99999999999997,0,100,0,74.23825078260865,50.82140295652169,0.0650467995169082,0.0,3.4564999999999997,True,True,False,False,3213.249999999999,0.0,0.0,183.64285294059968,0.0,-60.708539015158934,3336.1843139254397
2025-05-13T05:30:00Z,2025-05-13T05:45:00Z,2025-05-13,2025-05-13_8,99.99999999999997,0,100,0,50.82140295652169,26.44151165217387,0.06772192028985506,0.0,2.5705,True,True,False,False,3213.249999999999,0.0,0.0,183.64285294059968,0.0,1161.4372220696957,4558.330075010294
2025-05-13T05:45:00Z,2025-05-13T06:00:00Z,2025-05-13,2025-05-13_8,99.99999999999997,0,100,0,26.44151165217387,14.491511652173875,0.03319444444444444,0.0,14.005999999999998,True,True,False,False,3213.249999999999,0.0,0.0,183.64285294059968,0.0,1399.1332880983662,4796.026141038965
2025-05-13T06:00:00Z,2025-05-13T06:15:00Z,2025-05-13,2025-05-13_9,33.59721982127708,66,100,0,14.491511652173875,10.007116461361388,0.028618499756378694,0.0026400000000000004,4.762,True,True,False,False,843.7101827618206,0.0,127.16451277626341,183.64285294059968,0.40543800129429536,2831.837468279959,3986.760454759937
2025-05-13T06:15:00Z,2025-05-13T06:30:00Z,2025-05-13,2025-05-13_9,33.59721982127708,66,100,0,10.007116461361388,9.999999999999869,0.031739343107466275,0.0,9.346,True,True,False,False,843.7101827618206,0.0,127.16451277626341,183.64285294059968,0.0,1715.4042048908673,2869.921753369551
2025-05-13T06:30:00Z,2025-05-13T06:45:00Z,2025-05-13,2025-05-13_9,33.59721982127708,66,100,0,9.999999999999869,12.020228179587983,0.033157001797979,0.0,11.423,True,True,False,False,843.7101827618206,0.0,127.16451277626341,183.64285294059968,0.0,7464.239313631281,8618.756862109965
2025-05-13T06:45:00Z,2025-05-13T07:00:00Z,2025-05-13,2025-05-13_9,33.59721982127708,66,100,0,12.020228179587983,25.79846962103422,0.0413790126722767,0.0,23.469,True,True,False,False,843.7101827618206,0.0,127.16451277626341,183.64285294059968,0.0,17430.048397230992,18584.565945709677
2025-05-13T07:00:00Z,2025-05-13T07:15:00Z,2025-05-13,2025-05-13_10,33.77798183078147,66,100,0,25.79846962103422,21.04698953159503,0.028685163393031003,0.03696000000000001,4.5755,True,True,False,False,690.5063935757502,0.0,113.08905143843272,184.23116898397816,3.9864295099327363,1209.180834330202,2200.9938778382957
2025-05-13T07:15:00Z,2025-05-13T07:30:00Z,2025-05-13,2025-05-13_10,33.77798183078147,66,100,0,21.04698953159503,19.13305372255129,0.03050020680806733,0.0,7.4405,True,True,False,False,690.5063935757502,0.0,113.08905143843272,184.23116898397816,0.0,-37.954677308650204,949.8719366895109
2025-05-13T07:30:00Z,2025-05-13T07:45:00Z,2025-05-13,2025-05-13_10,33.77798183078147,66,100,0,19.13305372255129,12.819053550940838,0.0276015457664579,0.03498,2.973,True,True,False,False,690.5063935757502,0.0,113.08905143843272,184.23116898397816,3.7728707861863384,-27.85325476045731,963.7462300238901
2025-05-13T07:45:00Z,2025-05-13T08:00:00Z,2025-05-13,2025-05-13_10,33.77798183078147,66,100,0,12.819053550940838,9.999999999999966,0.02987682353692401,0.0,6.5135,True,True,False,False,690.5063935757502,0.0,113.08905143843272,184.23116898397816,0.0,-70.1523608142294,917.6742531839317
2025-05-13T08:00:00Z,2025-05-13T08:15:00Z,2025-05-13,2025-05-13_11,-7.801146043603205e-15,100,100,0,9.999999999999966,10.561203478260838,0.0016253236714975897,0.011,0.623,True,True,False,False,-5.741643488091959e-14,0.0,171.34704763398895,184.23116898397816,1.1864373541466473,-24.526845253270054,332.23780871884367
2025-05-13T08:15:00Z,2025-05-13T08:30:00Z,2025-05-13,2025-05-13_11,-7.801146043603205e-15,100,100,0,10.561203478260838,10.562953913043449,0.0006902487922705364,0.11349999999999999,0.136,True,True,False,False,-5.741643488091959e-14,0.0,171.34704763398895,184.23116898397816,12.24187633596768,-5.812557802051262,362.0075351518835
2025-05-13T08:30:00Z,2025-05-13T08:45:00Z,2025-05-13,2025-05-13_11,-7.801146043603205e-15,100,100,0,10.562953913043449,19.60655391304345,0.02512111111111112,0.0,9.83,True,True,False,False,-5.741643488091959e-14,0.0,171.34704763398895,184.23116898397816,0.0,43.62034789088698,399.198564508854
2025-05-13T08:45:00Z,2025-05-13T09:00:00Z,2025-05-13,2025-05-13_11,-7.801146043603205e-15,100,100,0,19.60655391304345,24.63776347826084,0.01440130676328503,0.0705,5.552,True,True,False,False,-5.741643488091959e-14,0.0,171.34704763398895,184.23116898397816,7.603984860667149,-11.7228607848136,351.4593406938206
2025-05-13T09:00:00Z,2025-05-13T09:15:00Z,2025-05-13,2025-05-13_12,-100.0,100,0,0,24.63776347826084,47.404083478260844,0.06323977777777778,0.254,0.0,True,True,False,False,-383.25,0.0,171.34704763398895,0.0,26.322495244445317,0.0,-185.58045712156573
2025-05-13T09:15:00Z,2025-05-13T09:30:00Z,2025-05-13,2025-05-13_12,-100.0,100,0,0,47.404083478260844,69.29962347826086,0.060820944444444455,1.2005,0.0,True,True,False,False,-383.25,0.0,171.34704763398895,0.0,124.4100611848685,0.0,-87.49289118114255
2025-05-13T09:30:00Z,2025-05-13T09:45:00Z,2025-05-13,2025-05-13_12,-100.0,100,0,0,69.29962347826086,86.10756347826086,0.04668872222222223,6.7305,0.0,True,True,False,False,-383.25,0.0,171.34704763398895,0.0,715.0052494460024,0.0,503.10229707999133
2025-05-13T09:45:00Z,2025-05-13T10:00:00Z,2025-05-13,2025-05-13_12,-100.0,100,0,0,86.10756347826086,108.81132347826085,0.063066,0.322,0.0,True,True,False,False,-383.25,0.0,171.34704763398895,0.0,33.3694624752417,0.0,-178.53348989076935
2025-05-13T10:00:00Z,2025-05-13T10:15:00Z,2025-05-13,2025-05-13_13,-70.0,100,30,0,108.81132347826085,126.18368347826085,0.04825655555555555,0.0,1.383,True,True,False,False,-467.77500000000003,0.0,171.34704763398895,55.85178357813817,0.0,2.2139174004275093,-238.3622513874454
2025-05-13T10:15:00Z,2025-05-13T10:30:00Z,2025-05-13,2025-05-13_13,-70.0,100,30,0,126.18368347826085,142.18251747826085,0.04469120555555556,0.138,0.03555,True,True,False,False,-467.77500000000003,0.0,171.34704763398895,55.85178357813817,14.854816543447141,-1.6736100347106462,-227.39496227913642
2025-05-13T10:30:00Z,2025-05-13T10:45:00Z,2025-05-13,2025-05-13_13,-70.0,100,30,0,142.18251747826085,157.07919721739125,0.04365593405797102,1.2565,0.01695,True,True,False,False,-467.77500000000003,0.0,171.34704763398895,55.85178357813817,135.5170966603259,-0.6315572725668228,-105.69062940011383
2025-05-13T10:45:00Z,2025-05-13T11:00:00Z,2025-05-13,2025-05-13_13,-70.0,100,30,0,157.07919721739125,170.32567417391297,0.042130008454106284,2.9445,0.00315,True,True,False,False,-467.77500000000003,0.0,171.34704763398895,55.85178357813817,317.5790466338517,-0.14707886376561488,76.85579898221317
2025-05-13T11:00:00Z,2025-05-13T11:15:00Z,2025-05-13,2025-05-13_14,0.0,100,100,0,170.32567417391297,160.15230460869557,0.028259359903381645,9.3595,0.0,True,True,False,False,0.0,0.0,171.34704763398895,185.73137489459336,1043.9404186849174,0.0,1401.0188412134996
2025-05-13T11:15:00Z,2025-05-13T11:30:00Z,2025-05-13,2025-05-13_14,0.0,100,100,0,160.15230460869557,160.17585939130427,0.004271347826086956,0.6965,0.8484999999999999,True,True,False,False,0.0,0.0,171.34704763398895,185.73137489459336,75.12305610573999,-23.960603023944458,408.2408756103778
2025-05-13T11:30:00Z,2025-05-13T11:45:00Z,2025-05-13,2025-05-13_14,0.0,100,100,0,160.17585939130427,164.30665939130427,0.011474444444444447,0.0,4.49,True,True,False,False,0.0,0.0,171.34704763398895,185.73137489459336,0.0,-28.69151648265448,328.38690604592784
2025-05-13T11:45:00Z,2025-05-13T12:00:00Z,2025-05-13,2025-05-13_14,0.0,100,100,0,164.30665939130427,166.19415069565207,0.005771413043478261,0.0875,2.155,True,True,False,False,0.0,0.0,171.34704763398895,185.73137489459336,9.43756986253015,-49.166946443629506,317.349045947483
2025-05-13T12:00:00Z,2025-05-13T12:15:00Z,2025-05-13,2025-05-13_15,0.0,100,100,0,166.19415069565207,175.68533069565206,0.02636438888888889,0.0,10.3165,True,True,False,False,0.0,0.0,171.34704763398895,185.3195536642284,0.0,1840.240813935246,2196.9074152334633
2025-05-13T12:15:00Z,2025-05-13T12:30:00Z,2025-05-13,2025-05-13_15,0.0,100,100,0,175.68533069565206,183.52925069565205,0.021788666666666665,0.0,8.526,True,True,False,False,0.0,0.0,171.34704763398895,185.3195536642284,0.0,38.80364128409781,395.47024258231517
2025-05-13T12:30:00Z,2025-05-13T12:45:00Z,2025-05-13,2025-05-13_15,0.0,100,100,0,183.52925069565205,186.0535672173912,0.007084454106280193,0.012,2.758,True,True,False,False,0.0,0.0,171.34704763398895,185.3195536642284,1.2942952954327063,-21.57268409389524,336.38821249975484
2025-05-13T12:45:00Z,2025-05-13T13:00:00Z,2025-05-13,2025-05-13_15,0.0,100,100,0,186.0535672173912,186.0117472173912,0.0006477222222222222,0.1265,0.104,True,True,False,False,0.0,0.0,171.34704763398895,185.3195536642284,13.644029572686446,-5.802263055713529,364.5083678151903
2025-05-13T13:00:00Z,2025-05-13T13:15:00Z,2025-05-13,2025-05-13_16,16.98576492297235,83,100,0,186.0117472173912,181.37956000328134,0.013299967584728975,0.10416500000000001,0.10199999999999998,True,True,False,False,210.75087828177945,0.0,142.21804953621083,185.3195536642284,11.235022454062323,-4.960680877767535,544.5628230585135
2025-05-13T13:15:00Z,2025-05-13T13:30:00Z,2025-05-13,2025-05-13_16,16.98576492297235,83,100,0,181.37956000328134,179.41997287586798,0.01734689321992119,0.00415,2.8055,True,True,False,False,210.75087828177945,0.0,142.21804953621083,185.3195536642284,0.4476104563371443,-50.46246847606533,488.2736234624905
2025-05-13T13:30:00Z,2025-05-13T13:45:00Z,2025-05-13,2025-05-13_16,16.98576492297235,83,100,0,179.41997287586798,175.23263837177845,0.013895098448054623,0.07138,0.5335,True,True,False,False,210.75087828177945,0.0,142.21804953621083,185.3195536642284,7.698899848998881,-20.803497342772534,525.183883988445
2025-05-13T13:45:00Z,2025-05-13T14:00:00Z,2025-05-13,2025-05-13_16,16.98576492297235,83,100,0,175.23263837177845,170.64272553912994,0.013212239395886087,0.07138,0.109,True,True,False,False,210.75087828177945,0.0,142.21804953621083,185.3195536642284,7.698899848998881,-5.0271501970858745,540.9602311341317
2025-05-13T14:00:00Z,2025-05-13T14:15:00Z,2025-05-13,2025-05-13_17,12.000000000000373,88,100,0,170.64272553912994,181.72960686086898,0.03785268966183571,0.0,15.262999999999998,True,True,False,False,263.8500000000082,0.0,150.78540191791026,184.23116898397816,0.0,10245.653540878158,10844.520111780055
2025-05-13T14:15:00Z,2025-05-13T14:30:00Z,2025-05-13,2025-05-13_17,12.000000000000373,88,100,0,181.72960686086898,188.06273228695585,0.028312304927536305,0.0,10.206,True,True,False,False,263.8500000000082,0.0,150.78540191791026,184.23116898397816,0.0,2132.766391465495,2731.6329623673914
2025-05-13T14:30:00Z,2025-05-13T14:45:00Z,2025-05-13,2025-05-13_17,12.000000000000373,88,100,0,188.06273228695585,183.33320630434704,0.013375954396135547,1.397,0.053,True,True,False,False,263.8500000000082,0.0,150.78540191791026,184.23116898397816,150.67754397662424,-2.3875828054831056,747.1565320730377
2025-05-13T14:45:00Z,2025-05-13T15:00:00Z,2025-05-13,2025-05-13_17,12.000000000000373,88,100,0,183.33320630434704,174.78516282608607,0.023744565217391586,4.864199999999999,0.0,True,True,False,False,263.8500000000082,0.0,150.78540191791026,184.23116898397816,626.0273953287705,0.0,1224.893966230667
2025-05-13T15:00:00Z,2025-05-13T15:15:00Z,2025-05-13,2025-05-13_18,0.0,100,100,0,174.78516282608607,186.57910282608606,0.03276094444444445,0.0,12.8195,True,True,False,False,0.0,0.0,171.34704763398895,184.23116898397816,0.0,7183.628670503794,7539.206887121761
2025-05-13T15:15:00Z,2025-05-13T15:30:00Z,2025-05-13,2025-05-13_18,0.0,100,100,0,186.57910282608606,188.35205152173822,0.012590920289855072,1.2695,3.427,True,True,False,False,0.0,0.0,171.34704763398895,184.23116898397816,224.40322612907656,-24.751040927186082,555.2304018198575
2025-05-13T15:30:00Z,2025-05-13T15:45:00Z,2025-05-13,2025-05-13_18,0.0,100,100,0,188.35205152173822,179.3824863043469,0.024915458937198067,8.252,0.0,True,True,False,False,0.0,0.0,171.34704763398895,184.23116898397816,1488.4298417429843,0.0,1844.0080583609515
2025-05-13T15:45:00Z,2025-05-13T16:00:00Z,2025-05-13,2025-05-13_18,0.0,100,100,0,179.3824863043469,173.69118195652084,0.01580917874396135,5.236,0.0,True,True,False,False,0.0,0.0,171.34704763398895,184.23116898397816,927.5502174808305,0.0,1283.1284340987977
2025-05-13T16:00:00Z,2025-05-13T16:15:00Z,2025-05-13,2025-05-13_19,4.999999999999988,95,100,0,173.69118195652084,180.88813986956433,0.02475725024154589,0.0,9.216,True,True,False,False,144.07499999999965,0.0,176.053575981017,184.23116898397816,0.0,-31.75076736022591,472.6089776047689
2025-05-13T16:15:00Z,2025-05-13T16:30:00Z,2025-05-13,2025-05-13_19,4.999999999999988,95,100,0,180.88813986956433,184.7260646956513,0.01658119214975845,0.010925,5.6105,True,True,False,False,144.07499999999965,0.0,176.053575981017,184.23116898397816,1.7687324975977097,-47.918046790735985,458.2104306718565
2025-05-13T16:30:00Z,2025-05-13T16:45:00Z,2025-05-13,2025-05-13_19,4.999999999999988,95,100,0,184.7260646956513,183.41199113043393,0.0043372654589371885,0.07980000000000001,0.1415,True,True,False,False,144.07499999999965,0.0,176.053575981017,184.23116898397816,12.190638166022788,-10.196502265016765,506.35388086600085
2025-05-13T16:45:00Z,2025-05-13T17:00:00Z,2025-05-13,2025-05-13_19,4.999999999999988,95,100,0,183.41199113043393,182.02842999999913,0.0044962975845410525,0.13774999999999998,0.1345,True,True,False,False,144.07499999999965,0.0,176.053575981017,184.23116898397816,20.95894627693997,-7.452401996352441,517.8662892455824
2025-05-13T17:00:00Z,2025-05-13T17:15:00Z,2025-05-13,2025-05-13_20,10.0,90,100,0,182.02842999999913,188.32907608695567,0.02678470531400966,0.0,9.6275,True,True,False,False,439.45,0.0,173.67089600533404,183.64285294059968,0.0,-52.290165316808185,744.4735836291255
2025-05-13T17:15:00Z,2025-05-13T17:30:00Z,2025-05-13,2025-05-13_20,10.0,90,100,0,188.32907608695567,185.89944034782522,0.008356688164251209,0.03645,0.3495,True,True,False,False,439.45,0.0,173.67089600533404,183.64285294059968,5.850806493048066,-24.842032043613827,777.7725233953679
2025-05-13T17:30:00Z,2025-05-13T17:45:00Z,2025-05-13,2025-05-13_20,10.0,90,100,0,185.89944034782522,183.57942017391218,0.010211900483091788,0.3402,0.819,True,True,False,False,439.45,0.0,173.67089600533404,183.64285294059968,59.76113062577217,-40.475236012786056,816.0496435589198
2025-05-13T17:45:00Z,2025-05-13T18:00:00Z,2025-05-13,2025-05-13_20,10.0,90,100,0,183.57942017391218,170.6969201739122,0.03578472222222222,9.3519,0.0,True,True,False,False,439.45,0.0,173.67089600533404,183.64285294059968,2371.263164434334,0.0,3168.026913380268
2025-05-13T18:00:00Z,2025-05-13T18:15:00Z,2025-05-13,2025-05-13_21,99.99999999999997,0,0,0,170.6969201739122,143.52300713043394,0.07548309178743959,0.0,0.0,True,False,False,False,8028.499999999997,0.0,0.0,0.0,0.0,0.0,8028.499999999997
2025-05-13T18:15:00Z,2025-05-13T18:30:00Z,2025-05-13,2025-05-13_21,99.99999999999997,0,0,0,143.52300713043394,116.34909408695569,0.07548309178743959,0.0,0.0,True,False,False,False,8028.499999999997,0.0,0.0,0.0,0.0,0.0,8028.499999999997
2025-05-13T18:30:00Z,2025-05-13T18:45:00Z,2025-05-13,2025-05-13_21,99.99999999999997,0,0,0,116.34909408695569,89.17518104347744,0.07548309178743959,0.0,0.0,True,False,False,False,8028.499999999997,0.0,0.0,0.0,0.0,0.0,8028.499999999997
2025-05-13T18:45:00Z,2025-05-13T19:00:00Z,2025-05-13,2025-05-13_21,99.99999999999997,0,0,0,89.17518104347744,62.001267999999186,0.07548309178743959,0.0,0.0,True,False,False,False,8028.499999999997,0.0,0.0,0.0,0.0,0.0,8028.499999999997
2025-05-13T19:00:00Z,2025-05-13T19:15:00Z,2025-05-13,2025-05-13_22,0.0,100,100,0,62.001267999999186,44.27871669565136,0.049686753623188404,16.3805,0.0895,True,True,False,False,0.0,0.0,186.20202772929616,184.23116898397816,11947.386046908397,-3.6045193457925597,12314.21472427588
2025-05-13T19:15:00Z,2025-05-13T19:30:00Z,2025-05-13,2025-05-13_22,0.0,100,100,0,44.27871669565136,31.90371669565136,0.034375,11.385,0.0,True,True,False,False,0.0,0.0,186.20202772929616,184.23116898397816,2737.722659972937,0.0,3108.1558566862113
2025-05-13T19:30:00Z,2025-05-13T19:45:00Z,2025-05-13,2025-05-13_22,0.0,100,100,0,31.90371669565136,30.54739147826006,0.004327236714975846,1.3405,0.1095,True,True,False,False,0.0,0.0,186.20202772929616,184.23116898397816,236.14019610534777,-7.751946345576843,598.8214464730453
2025-05-13T19:45:00Z,2025-05-13T20:00:00Z,2025-05-13,2025-05-13_22,0.0,100,100,0,30.54739147826006,35.68651147826006,0.014275333333333334,0.0,5.586,True,True,False,False,0.0,0.0,186.20202772929616,184.23116898397816,0.0,-64.23357754985979,306.1996191634145
2025-05-13T20:00:00Z,2025-05-13T20:15:00Z,2025-05-13,2025-05-13_23,0.0,100,100,0,35.68651147826006,21.371221913042667,0.04078180434782608,13.3385,0.199,True,True,False,False,0.0,0.0,171.34704763398895,184.23116898397816,3610.64952768027,-7.453963289078893,3958.773781009158
2025-05-13T20:15:00Z,2025-05-13T20:30:00Z,2025-05-13,2025-05-13_23,0.0,100,100,0,21.371221913042667,12.84404799999919,0.023686594202898547,7.844999999999999,0.0,True,True,False,False,0.0,0.0,171.34704763398895,184.23116898397816,1629.3209469927242,0.0,1984.8991636106914
2025-05-13T20:30:00Z,2025-05-13T20:45:00Z,2025-05-13,2025-05-13_23,0.0,100,100,0,12.84404799999919,10.092712347825278,0.0076834879227053125,2.538,0.008,True,True,False,False,0.0,0.0,171.34704763398895,184.23116898397816,442.7203125919243,-0.39721216637577705,797.9013170435156
2025-05-13T20:45:00Z,2025-05-13T21:00:00Z,2025-05-13,2025-05-13_23,0.0,100,100,0,10.092712347825278,12.644419304347018,0.007151480676328503,0.0105,2.786,True,True,False,False,0.0,0.0,171.34704763398895,184.23116898397816,1.4704962445825898,-78.86664287255113,278.1820699899986
2025-05-13T21:00:00Z,2025-05-13T21:15:00Z,2025-05-14,2025-05-13_24,-64.0,100,36,0,12.644419304347018,19.1604528347818,0.03690987574879227,8.6525,0.30042,True,True,False,False,-1729.76,0.0,171.35376831205508,66.2622815791022,6395.190337510541,-7.363474424898512,4895.6829129768
2025-05-13T21:15:00Z,2025-05-13T21:30:00Z,2025-05-14,2025-05-13_24,-64.0,100,36,0,19.1604528347818,32.86178114782528,0.04050272357487923,1.124,0.09018,True,True,False,False,-1729.76,0.0,171.35376831205508,66.2622815791022,189.290981545763,-3.7653081367300105,-1306.6182766998097
2025-05-13T21:30:00Z,2025-05-13T21:45:00Z,2025-05-14,2025-05-13_24,-64.0,100,36,0,32.86178114782528,47.82724027826007,0.04163050241545894,0.0275,0.2961,True,True,False,False,-1729.76,0.0,171.35376831205508,66.2622815791022,3.9606989468729776,-18.864318409131023,-1507.0475695711007
2025-05-13T21:45:00Z,2025-05-13T22:00:00Z,2025-05-14,2025-05-13_24,-64.0,100,36,0,47.82724027826007,63.86028267826007,0.0445362288888889,0.0,1.42722,True,True,False,False,-1729.76,0.0,171.35376831205508,66.2622815791022,0.0,-29.11314959110431,-1521.257099699947
2025-05-13T22:00:00Z,2025-05-13T22:15:00Z,2025-05-14,2025-05-14_1,0.0,100,100,0,63.86028267826007,63.94008615652095,0.0052881014492753625,0.839,1.078,True,True,False,False,0.0,0.0,171.35376831205508,183.5029711125493,125.81281422211764,-40.88603204487067,439.78352160185136
2025-05-13T22:15:00Z,2025-05-13T22:30:00Z,2025-05-14,2025-05-14_1,0.0,100,100,0,63.94008615652095,61.283564417390515,0.007379227053140097,2.444,0.0,True,True,False,False,0.0,0.0,171.35376831205508,183.5029711125493,410.8096981820321,0.0,765.6664376066365
2025-05-13T22:30:00Z,2025-05-13T22:45:00Z,2025-05-14,2025-05-14_1,0.0,100,100,0,61.283564417390515,58.96889050434704,0.006429649758454106,2.1295,0.0,True,True,False,False,0.0,0.0,171.35376831205508,183.5029711125493,354.4606226589006,0.0,709.317362083505
2025-05-13T22:45:00Z,2025-05-13T23:00:00Z,2025-05-14,2025-05-14_1,0.0,100,100,0,58.96889050434704,52.80367311304269,0.017125603864734298,5.672,0.0,True,True,False,False,0.0,0.0,171.35376831205508,183.5029711125493,1070.4586032829322,0.0,1425.3153427075367
2025-05-13T23:00:00Z,2025-05-13T23:15:00Z,2025-05-14,2025-05-14_2,-75.0,100,25,0,52.80367311304269,63.42873311304269,0.039913361111111115,6.8885000000000005,0.0,True,True,False,False,-1965.1875,0.0,171.35376831205508,45.87574277813732,1249.6634122688317,0.0,-498.29457664097583
2025-05-13T23:15:00Z,2025-05-13T23:30:00Z,2025-05-14,2025-05-14_2,-75.0,100,25,0,63.42873311304269,78.35180528695574,0.04510560507246377,2.4195,0.0,True,True,False,False,-1965.1875,0.0,171.35376831205508,45.87574277813732,409.19495410954875,0.0,-1338.7630348002588
2025-05-13T23:30:00Z,2025-05-13T23:45:00Z,2025-05-14,2025-05-14_2,-75.0,100,25,0,78.35180528695574,92.10492180869488,0.04369223188405797,3.636,0.0,True,True,False,False,-1965.1875,0.0,171.35376831205508,45.87574277813732,664.2147908454433,0.0,-1083.7431980643644
2025-05-13T23:45:00Z,2025-05-14T00:00:00Z,2025-05-14,2025-05-14_2,-75.0,100,25,0,92.10492180869488,108.84062267826012,0.04732063647342996,0.5515,0.0175,True,True,False,False,-1965.1875,0.0,171.35376831205508,45.87574277813732,95.68829460100801,-1.2943945990468908,-1653.5640889078466
2025-05-14T00:00:00Z,2025-05-14T00:15:00Z,2025-05-14,2025-05-14_3,0.0,100,100,0,108.84062267826012,107.78828180869489,0.0029282801932367145,0.9689999999999999,0.001,True,True,False,False,0.0,0.0,171.35376831205508,183.5029711125493,168.15877507795489,-0.07648408542684003,522.9390304171325
2025-05-14T00:15:00Z,2025-05-14T00:30:00Z,2025-05-14,2025-05-14_3,0.0,100,100,0,107.78828180869489,109.16013485217316,0.003955630434782609,0.024,1.5195,True,True,False,False,0.0,0.0,171.35376831205508,183.5029711125493,3.324902041536742,-65.44181443784198,292.73982702829915
2025-05-14T00:30:00Z,2025-05-14T00:45:00Z,2025-05-14,2025-05-14_3,0.0,100,100,0,109.16013485217316,104.5420713739123,0.013563954106280193,4.3705,0.144,True,True,False,False,0.0,0.0,171.35376831205508,183.5029711125493,822.7521319448531,-10.226030475966345,1167.3828408934912
2025-05-14T00:45:00Z,2025-05-14T01:00:00Z,2025-05-14,2025-05-14_3,0.0,100,100,0,104.5420713739123,103.79541746086882,0.0021047053140096617,0.692,0.006,True,True,False,False,0.0,0.0,171.35376831205508,183.5029711125493,119.45268145358982,-0.45321762663999526,473.8562032515542
2025-05-14T01:00:00Z,2025-05-14T01:15:00Z,2025-05-14,2025-05-14_4,0.0,100,100,0,103.79541746086882,103.61240006956447,0.0006872705314009662,0.198,0.035,True,True,False,False,0.0,0.0,171.35376831205508,183.5029711125493,30.41979878802142,-2.5944794179364985,382.6820587946893
2025-05-14T01:15:00Z,2025-05-14T01:30:00Z,2025-05-14,2025-05-14_4,0.0,100,100,0,103.61240006956447,103.86406615652099,0.0007805942028985506,0.0135,0.2895,True,True,False,False,0.0,0.0,171.35376831205508,183.5029711125493,1.8532682238042009,-20.71465582161558,335.995351826793
2025-05-14T01:30:00Z,2025-05-14T01:45:00Z,2025-05-14,2025-05-14_4,0.0,100,100,0,103.86406615652099,104.78666267826013,0.002635231884057971,0.012,1.017,True,True,False,False,0.0,0.0,171.35376831205508,183.5029711125493,1.6602929928810966,-48.34953344707889,308.1674989704066
2025-05-14T01:45:00Z,2025-05-14T02:00:00Z,2025-05-14,2025-05-14_4,0.0,100,100,0,104.78666267826013,104.69918354782534,0.0006416642512077294,0.1465,0.078,True,True,False,False,0.0,0.0,171.35376831205508,183.5029711125493,21.83180688748995,-5.627362475731011,371.0611838363633
2025-05-14T02:00:00Z,2025-05-14T02:15:00Z,2025-05-14,2025-05-14_5,0.0,100,100,0,104.69918354782534,105.26750354782534,0.0017870000000000002,0.0345,0.6585,True,True,False,False,0.0,0.0,171.35376831205508,183.5029711125493,4.865561569688769,-32.3973321762664,327.3249688180267
2025-05-14T02:15:00Z,2025-05-14T02:30:00Z,2025-05-14,2025-05-14_5,0.0,100,100,0,105.26750354782534,105.4812418086949,0.0006993937198067633,0.0175,0.253,True,True,False,False,0.0,0.0,171.35376831205508,183.5029711125493,2.4498455609813496,-18.15615245827695,339.1504325273088
2025-05-14T02:30:00Z,2025-05-14T02:45:00Z,2025-05-14,2025-05-14_5,0.0,100,100,0,105.4812418086949,106.35988702608621,0.0033042077294685992,0.143,1.124,True,True,False,False,0.0,0.0,171.35376831205508,183.5029711125493,24.798304994999118,-51.91724500402032,327.73779941558314
2025-05-14T02:45:00Z,2025-05-14T03:00:00Z,2025-05-14,2025-05-14_5,0.0,100,100,0,106.35988702608621,106.52639224347752,0.0009788188405797102,0.0855,0.282,True,True,False,False,0.0,0.0,171.35376831205508,183.5029711125493,12.657038300876627,-13.598062010943107,353.9157157145379
2025-05-14T03:00:00Z,2025-05-14T03:15:00Z,2025-05-14,2025-05-14_6,0.0,100,100,0,106.52639224347752,111.0042418086949,0.012447528985507246,0.0015,4.869,True,True,False,False,0.0,0.0,171.35376831205508,182.38512678708008,0.2059186915338001,-98.1114337824322,255.83338000823676
2025-05-14T03:15:00Z,2025-05-14T03:30:00Z,2025-05-14,2025-05-14_6,0.0,100,100,0,111.0042418086949,111.25488876521665,0.0020790917874396134,0.22899999999999998,0.543,True,True,False,False,0.0,0.0,171.35376831205508,182.38512678708008,37.04477280304367,-20.352037418367946,370.43163048381086
2025-05-14T03:30:00Z,2025-05-14T03:45:00Z,2025-05-14,2025-05-14_6,0.0,100,100,0,111.25488876521665,113.43668615652099,0.00639267391304348,0.055,2.4365,True,True,False,False,0.0,0.0,171.35376831205508,182.38512678708008,8.591027828440314,-91.16555303877156,271.1643698888039
2025-05-14T03:45:00Z,2025-05-14T04:00:00Z,2025-05-14,2025-05-14_6,0.0,100,100,0,113.43668615652099,113.32538789565143,0.0009046062801932367,0.201,0.1165,True,True,False,False,0.0,0.0,171.35376831205508,182.38512678708008,32.89697240689534,-5.188455021474378,381.44741248455614
2025-05-14T04:00:00Z,2025-05-14T04:15:00Z,2025-05-14,2025-05-14_7,99.64215328604644,0,100,0,113.32538789565143,89.73103981655461,0.0655984841880607,0.0,3.2055,True,True,False,False,3451.355084445434,0.0,0.0,181.97328940401246,0.0,-55.43036271106665,3577.89801113838
2025-05-14T04:15:00Z,2025-05-14T04:30:00Z,2025-05-14,2025-05-14_7,99.64215328604644,0,100,0,89.73103981655461,63.270333322523136,0.07351233288119112,0.0,0.567,True,True,False,False,3451.355084445434,0.0,0.0,181.97328940401246,0.0,-24.764815555686294,3608.5635582937603
2025-05-14T04:30:00Z,2025-05-14T04:45:00Z,2025-05-14,2025-05-14_7,99.64215328604644,0,100,0,63.270333322523136,39.898688853455354,0.06498361248743849,0.0,3.4105,True,True,False,False,3451.355084445434,0.0,0.0,181.97328940401246,0.0,-135.55250995273676,3497.77586389671
2025-05-14T04:45:00Z,2025-05-14T05:00:00Z,2025-05-14,2025-05-14_7,99.64215328604644,0,100,0,39.898688853455354,15.734002260869552,0.06717315561648349,0.0,2.6805,True,True,False,False,3451.355084445434,0.0,0.0,181.97328940401246,0.0,-118.54474583750074,3514.7836280119454
2025-05-14T05:00:00Z,2025-05-14T05:15:00Z,2025-05-14,2025-05-14_8,20.0,80,100,0,15.734002260869552,10.642927826086945,0.015658851207729467,0.0092,0.371,True,True,False,False,610.55,0.0,154.14484909101606,181.97328940401246,1.4198592692828145,-26.478869016100877,921.6091287482104
2025-05-14T05:15:00Z,2025-05-14T05:30:00Z,2025-05-14,2025-05-14_8,20.0,80,100,0,10.642927826086945,9.99999999999999,0.022363243961352655,0.005600000000000001,5.0325,True,True,False,False,610.55,0.0,154.14484909101606,181.97328940401246,0.8628970602655374,1244.053225569218,2191.584261124512
2025-05-14T05:30:00Z,2025-05-14T05:45:00Z,2025-05-14,2025-05-14_8,20.0,80,100,0,9.99999999999999,17.67577791304347,0.034906750241545895,0.0,13.7515,True,True,False,False,610.55,0.0,154.14484909101606,181.97328940401246,0.0,-25.380040889568747,921.2880976054597
2025-05-14T05:45:00Z,2025-05-14T06:00:00Z,2025-05-14,2025-05-14_8,20.0,80,100,0,17.67577791304347,24.540696521739118,0.03368153719806763,0.0,12.900999999999998,True,True,False,False,610.55,0.0,154.14484909101606,181.97328940401246,0.0,-26.846406424663176,919.8217320703653
2025-05-14T06:00:00Z,2025-05-14T06:15:00Z,2025-05-14,2025-05-14_9,28.0,72,100,0,24.540696521739118,15.181462539130422,0.029418432173913045,2.4372,0.9295,True,True,False,False,698.11,0.0,123.90421839148085,181.97328940401246,450.45350285344466,-38.46895187386009,1415.9720587750778
2025-05-14T06:15:00Z,2025-05-14T06:30:00Z,2025-05-14,2025-05-14_9,28.0,72,100,0,15.181462539130422,10.047480173913032,0.023702102125603863,0.00504,2.5655,True,True,False,False,698.11,0.0,123.90421839148085,181.97328940401246,0.6918868035535684,-75.62366074405287,929.0557338549941
2025-05-14T06:30:00Z,2025-05-14T06:45:00Z,2025-05-14,2025-05-14_9,28.0,72,100,0,10.047480173913032,11.172384382608683,0.030120386086956524,0.0,9.034,True,True,False,False,698.11,0.0,123.90421839148085,181.97328940401246,0.0,4405.5043070345755,5409.4918148300685
2025-05-14T06:45:00Z,2025-05-14T07:00:00Z,2025-05-14,2025-05-14_9,28.0,72,100,0,11.172384382608683,26.722616278260862,0.04496115140096619,0.0,23.9555,True,True,False,False,698.11,0.0,123.90421839148085,181.97328940401246,0.0,18678.210135219942,19682.197643015435
2025-05-14T07:00:00Z,2025-05-14T07:15:00Z,2025-05-14,2025-05-14_10,64.0,36,100,0,26.722616278260862,19.03711867826086,0.038740284444444446,0.0,9.452,True,True,False,False,1160.8,0.0,61.68735659233982,182.38512678708008,0.0,2506.888538761742,3911.761022141162
2025-05-14T07:15:00Z,2025-05-14T07:30:00Z,2025-05-14,2025-05-14_10,64.0,36,100,0,19.03711867826086,13.829928799999994,0.03629693632850241,0.0,11.8655,True,True,False,False,1160.8,0.0,61.68735659233982,182.38512678708008,0.0,5059.257829224765,6464.130312604185
2025-05-14T07:30:00Z,2025-05-14T07:45:00Z,2025-05-14,2025-05-14_10,64.0,36,100,0,13.829928799999994,10.194336173913038,0.0347475084057971,0.0,13.395999999999999,True,True,False,False,1160.8,0.0,61.68735659233982,182.38512678708008,0.0,4822.680847992783,6227.553331372203
2025-05-14T07:45:00Z,2025-05-14T08:00:00Z,2025-05-14,2025-05-14_10,64.0,36,100,0,10.194336173913038,10.27286786086956,0.03108577642512077,0.0,17.013,True,True,False,False,1160.8,0.0,61.68735659233982,182.38512678708008,0.0,6124.18620227099,7529.05868565041
2025-05-14T08:00:00Z,2025-05-14T08:15:00Z,2025-05-14,2025-05-14_11,-100.0,100,0,0,10.27286786086956,30.631087860869563,0.05655061111111112,2.8715,0.0,True,True,False,False,-247.75,0.0,171.35376831205508,0.0,298.643658684866,0.0,222.2474269969211
2025-05-14T08:15:00Z,2025-05-14T08:30:00Z,2025-05-14,2025-05-14_11,-100.0,100,0,0,30.631087860869563,52.40012786086957,0.06046955555555556,1.338,0.0,True,True,False,False,-247.75,0.0,171.35376831205508,0.0,131.3465670412426,0.0,54.950335353297675
2025-05-14T08:30:00Z,2025-05-14T08:45:00Z,2025-05-14,2025-05-14_11,-100.0,100,0,0,52.40012786086957,73.96676786086957,0.05990733333333333,1.558,0.0,True,True,False,False,-247.75,0.0,171.35376831205508,0.0,152.9431625188759,0.0,76.54693083093099
2025-05-14T08:45:00Z,2025-05-14T09:00:00Z,2025-05-14,2025-05-14_11,-100.0,100,0,0,73.96676786086957,94.51220786086957,0.05707066666666667,2.668,0.0,True,True,False,False,-247.75,0.0,171.35376831205508,0.0,261.907803337844,0.0,185.51157164989905
2025-05-14T09:00:00Z,2025-05-14T09:15:00Z,2025-05-14,2025-05-14_12,0.0,100,100,0,94.51220786086957,69.32742525217391,0.06995772946859903,23.17,0.0,True,True,False,False,0.0,0.0,171.35376831205508,184.9738189092193,20689.136467219705,0.0,21045.464054440978
2025-05-14T09:15:00Z,2025-05-14T09:30:00Z,2025-05-14,2025-05-14_12,0.0,100,100,0,69.32742525217391,67.53278699130433,0.005186995169082127,1.6845000000000003,0.0395,True,True,False,False,0.0,0.0,171.35376831205508,184.9738189092193,170.02908454433143,-1.8052207252260204,524.5514510403798
2025-05-14T09:30:00Z,2025-05-14T09:45:00Z,2025-05-14,2025-05-14_12,0.0,100,100,0,67.53278699130433,67.47013568695651,0.00047814251207729466,0.108,0.05949999999999999,True,True,False,False,0.0,0.0,171.35376831205508,184.9738189092193,10.90124139554039,-3.277733423545331,363.95109519326945
2025-05-14T09:45:00Z,2025-05-14T10:00:00Z,2025-05-14,2025-05-14_12,0.0,100,100,0,67.47013568695651,71.58981220869565,0.011446565217391307,0.0005,4.4785,True,True,False,False,0.0,0.0,171.35376831205508,184.9738189092193,0.05046871016453885,356.6323237434058,713.0103796748447
2025-05-14T10:00:00Z,2025-05-14T10:15:00Z,2025-05-14,2025-05-14_13,0.0,100,100,0,71.58981220869565,74.17627220869565,0.00968461111111111,0.414,3.3005,True,True,False,False,0.0,0.0,171.35376831205508,184.9738189092193,43.903112313937754,299.86321831303565,700.0939178482478
2025-05-14T10:15:00Z,2025-05-14T10:30:00Z,2025-05-14,2025-05-14_13,0.0,100,100,0,74.17627220869565,70.45181568695652,0.010345712560386473,3.4265,0.0,True,True,False,False,0.0,0.0,171.35376831205508,184.9738189092193,367.76731815418407,0.0,724.0949053754584
2025-05-14T10:30:00Z,2025-05-14T10:45:00Z,2025-05-14,2025-05-14_13,0.0,100,100,0,70.45181568695652,69.75237307826087,0.0038058961352657,0.9519999999999998,0.3645,True,True,False,False,0.0,0.0,171.35376831205508,184.9738189092193,100.95594908905491,-14.226944460787198,443.0565918495421
2025-05-14T10:45:00Z,2025-05-14T11:00:00Z,2025-05-14,2025-05-14_13,0.0,100,100,0,69.75237307826087,71.14324612173912,0.003869574879227053,0.001,1.513,True,True,False,False,0.0,0.0,171.35376831205508,184.9738189092193,0.10604616500951149,-53.47143946971034,302.96219391657354
2025-05-14T11:00:00Z,2025-05-14T11:15:00Z,2025-05-14,2025-05-14_14,-63.57945217550394,100,36,0,71.14324612173912,85.93139876483826,0.04126734231252821,0.086,0.2709,True,True,False,False,-225.2302093317227,0.0,171.35376831205508,66.45290345355062,8.808628973740463,-10.795942225098546,10.589149182524912
2025-05-14T11:15:00Z,2025-05-14T11:30:00Z,2025-05-14,2025-05-14_14,-63.57945217550394,100,36,0,85.93139876483826,88.95663614102386,0.03441025950055575,11.825,0.0,True,True,False,False,-225.2302093317227,0.0,171.35376831205508,66.45290345355062,1300.035736698633,0.0,1312.612199132516
2025-05-14T11:30:00Z,2025-05-14T11:45:00Z,2025-05-14,2025-05-14_14,-63.57945217550394,100,36,0,88.95663614102386,96.87266502896212,0.03702893992409274,6.8385,0.0,True,True,False,False,-225.2302093317227,0.0,171.35376831205508,66.45290345355062,731.3256133435311,0.0,743.9020757774141
2025-05-14T11:45:00Z,2025-05-14T12:00:00Z,2025-05-14,2025-05-14_14,-63.57945217550394,100,36,0,96.87266502896212,111.39013999999997,0.04135449606133411,0.4675,0.38339999999999996,True,True,False,False,-225.2302093317227,0.0,171.35376831205508,66.45290345355062,47.88411680492636,8.19898993940107,68.65956917821042
2025-05-14T12:00:00Z,2025-05-14T12:15:00Z,2025-05-14,2025-05-14_15,0.0,100,100,0,111.39013999999997,128.67188,0.048004833333333344,0.0,18.7845,True,True,False,False,0.0,0.0,171.35376831205508,184.9738189092193,0.0,9252.755995763959,9609.083582985233
2025-05-14T12:15:00Z,2025-05-14T12:30:00Z,2025-05-14,2025-05-14_15,0.0,100,100,0,128.67188,146.82394,0.050422388888888885,0.0,19.7305,True,True,False,False,0.0,0.0,171.35376831205508,184.9738189092193,0.0,12832.706984762017,13189.034571983291
2025-05-14T12:30:00Z,2025-05-14T12:45:00Z,2025-05-14,2025-05-14_15,0.0,100,100,0,146.82394,161.32268,0.04027427777777778,0.0,15.7595,True,True,False,False,0.0,0.0,171.35376831205508,184.9738189092193,0.0,4367.8920296719025,4724.219616893177
2025-05-14T12:45:00Z,2025-05-14T13:00:00Z,2025-05-14,2025-05-14_15,0.0,100,100,0,161.32268,181.78946,0.056852166666666676,0.0,22.2465,True,True,False,False,0.0,0.0,171.35376831205508,184.9738189092193,0.0,14730.07904571395,15086.406632935224
2025-05-14T13:00:00Z,2025-05-14T13:15:00Z,2025-05-14,2025-05-14_16,0.0,100,100,0,181.78946,189.2893,0.020832888888888887,0.0,8.152,True,True,False,False,0.0,0.0,171.35376831205508,184.59139848208508,0.0,1472.904338412661,1828.849505206801
2025-05-14T13:15:00Z,2025-05-14T13:30:00Z,2025-05-14,2025-05-14_16,0.0,100,100,0,189.2893,187.22228260869565,0.009690048309178743,2.5555,0.7725,True,True,False,False,0.0,0.0,171.35376831205508,184.59139848208508,285.01961444176425,-29.25519356357004,611.7095876723344
2025-05-14T13:30:00Z,2025-05-14T13:45:00Z,2025-05-14,2025-05-14_16,0.0,100,100,0,187.22228260869565,185.43085826086957,0.007475512077294685,2.062,0.48900000000000005,True,True,False,False,0.0,0.0,171.35376831205508,184.59139848208508,224.02974289580513,-18.495422133317646,561.4794875566276
2025-05-14T13:45:00Z,2025-05-14T14:00:00Z,2025-05-14,2025-05-14_16,0.0,100,100,0,185.43085826086957,188.09633391304348,0.007911345410628021,0.084,2.9965,True,True,False,False,0.0,0.0,171.35376831205508,184.59139848208508,8.937859622286286,-47.816126767468766,317.0668996489577
2025-05-14T14:00:00Z,2025-05-14T14:15:00Z,2025-05-14,2025-05-14_17,11.693227064208754,0,0,0,188.09633391304348,184.91882655863893,0.008826409317790425,0.0,0.0,True,False,False,False,176.5677286695522,0.0,0.0,0.0,0.0,0.0,176.5677286695522
2025-05-14T14:15:00Z,2025-05-14T14:30:00Z,2025-05-14,2025-05-14_17,11.693227064208754,0,0,0,184.91882655863893,181.74131920423437,0.008826409317790425,0.0,0.0,True,False,False,False,176.5677286695522,0.0,0.0,0.0,0.0,0.0,176.5677286695522
2025-05-14T14:30:00Z,2025-05-14T14:45:00Z,2025-05-14,2025-05-14_17,11.693227064208754,0,0,0,181.74131920423437,178.56381184982982,0.008826409317790425,0.0,0.0,True,False,False,False,176.5677286695522,0.0,0.0,0.0,0.0,0.0,176.5677286695522
2025-05-14T14:45:00Z,2025-05-14T15:00:00Z,2025-05-14,2025-05-14_17,11.693227064208754,0,0,0,178.56381184982982,175.38630449542526,0.008826409317790425,0.0,0.0,True,False,False,False,176.5677286695522,0.0,0.0,0.0,0.0,0.0,176.5677286695522
2025-05-14T15:00:00Z,2025-05-14T15:15:00Z,2025-05-14,2025-05-14_18,6.59798766343843,93,100,0,175.38630449542526,186.16581003277923,0.034523413097655255,0.0,13.504,True,True,False,False,192.74371461819513,0.0,159.3590045302112,182.38512678708008,0.0,-12.168986683924613,522.3188592515618
2025-05-14T15:15:00Z,2025-05-14T15:30:00Z,2025-05-14,2025-05-14_18,6.59798766343843,93,100,0,186.16581003277923,188.5048318409598,0.01480377257294719,0.02046,4.462,True,True,False,False,192.74371461819513,0.0,159.3590045302112,182.38512678708008,2.206860034123669,-68.1257645466847,468.5689414229254
2025-05-14T15:30:00Z,2025-05-14T15:45:00Z,2025-05-14,2025-05-14_18,6.59798766343843,93,100,0,188.5048318409598,184.65251954494627,0.0107151891308181,1.8972000000000002,0.003,True,True,False,False,192.74371461819513,0.0,159.3590045302112,182.38512678708008,319.5430099429312,-0.22945225628052007,853.8014036221371
2025-05-14T15:45:00Z,2025-05-14T16:00:00Z,2025-05-14,2025-05-14_18,6.59798766343843,93,100,0,184.65251954494627,180.14128,0.012535994838814582,2.5017,0.001,True,True,False,False,192.74371461819513,0.0,159.3590045302112,182.38512678708008,432.3901758545626,-0.03726147751564002,966.8407603125333
2025-05-14T16:00:00Z,2025-05-14T16:15:00Z,2025-05-14,2025-05-14_19,0.0,100,100,0,180.14128,189.30218,0.025446944444444446,0.0,9.9575,True,True,False,False,0.0,0.0,172.08919221039008,181.97328940401246,0.0,-43.78362995430566,310.2788516600969
2025-05-14T16:15:00Z,2025-05-14T16:30:00Z,2025-05-14,2025-05-14_19,0.0,100,100,0,189.30218,189.8842391304348,0.0022599468599033817,0.1065,0.7585,True,True,False,False,0.0,0.0,172.08919221039008,181.97328940401246,18.796641171971526,-38.222800984487456,334.6363218018866
2025-05-14T16:30:00Z,2025-05-14T16:45:00Z,2025-05-14,2025-05-14_19,0.0,100,100,0,189.8842391304348,187.6048234782609,0.006633265700483091,2.147,0.05899999999999999,True,True,False,False,0.0,0.0,172.08919221039008,181.97328940401246,484.41753289796236,-4.270849757800396,834.2091647545645
2025-05-14T16:45:00Z,2025-05-14T17:00:00Z,2025-05-14,2025-05-14_19,0.0,100,100,0,187.6048234782609,186.35319739130438,0.004358405797101449,1.2975,0.1725,True,True,False,False,0.0,0.0,172.08919221039008,181.97328940401246,244.80512737541923,-12.346109607577807,586.521499382244
2025-05-14T17:00:00Z,2025-05-14T17:15:00Z,2025-05-14,2025-05-14_20,62.24494160000002,0,0,0,186.35319739130438,169.43881108695655,0.04698440640096619,0.0,0.0,True,False,False,False,3338.5074427160007,0.0,0.0,0.0,0.0,0.0,3338.5074427160007
2025-05-14T17:15:00Z,2025-05-14T17:30:00Z,2025-05-14,2025-05-14_20,62.24494160000002,0,0,0,169.43881108695655,152.52442478260872,0.04698440640096619,0.0,0.0,True,False,False,False,3338.5074427160007,0.0,0.0,0.0,0.0,0.0,3338.5074427160007
2025-05-14T17:30:00Z,2025-05-14T17:45:00Z,2025-05-14,2025-05-14_20,62.24494160000002,0,0,0,152.52442478260872,135.6100384782609,0.04698440640096619,0.0,0.0,True,False,False,False,3338.5074427160007,0.0,0.0,0.0,0.0,0.0,3338.5074427160007
2025-05-14T17:45:00Z,2025-05-14T18:00:00Z,2025-05-14,2025-05-14_20,62.24494160000002,0,0,0,135.6100384782609,118.69565217391306,0.04698440640096619,0.0,0.0,True,False,False,False,3338.5074427160007,0.0,0.0,0.0,0.0,0.0,3338.5074427160007
2025-05-14T18:00:00Z,2025-05-14T18:15:00Z,2025-05-14,2025-05-14_21,100.00000000000003,0,0,0,118.69565217391306,91.5217391304348,0.07548309178743963,0.0,0.0,True,False,False,False,8827.500000000004,0.0,0.0,0.0,0.0,0.0,8827.500000000004
2025-05-14T18:15:00Z,2025-05-14T18:30:00Z,2025-05-14,2025-05-14_21,100.00000000000003,0,0,0,91.5217391304348,64.34782608695653,0.07548309178743963,0.0,0.0,True,False,False,False,8827.500000000004,0.0,0.0,0.0,0.0,0.0,8827.500000000004
2025-05-14T18:30:00Z,2025-05-14T18:45:00Z,2025-05-14,2025-05-14_21,100.00000000000003,0,0,0,64.34782608695653,37.173913043478265,0.07548309178743963,0.0,0.0,True,False,False,False,8827.500000000004,0.0,0.0,0.0,0.0,0.0,8827.500000000004
2025-05-14T18:45:00Z,2025-05-14T19:00:00Z,2025-05-14,2025-05-14_21,100.00000000000003,0,0,0,37.173913043478265,9.999999999999996,0.07548309178743963,0.0,0.0,True,False,False,False,8827.500000000004,0.0,0.0,0.0,0.0,0.0,8827.500000000004
2025-05-14T19:00:00Z,2025-05-14T19:15:00Z,2025-05-14,2025-05-14_22,-0.12011721172023532,0,0,0,9.999999999999996,10.02762695869565,7.674155193237257e-05,0.0,0.0,True,False,False,False,-4.274370979064574,0.0,0.0,0.0,0.0,0.0,-4.274370979064574
2025-05-14T19:15:00Z,2025-05-14T19:30:00Z,2025-05-14,2025-05-14_22,-0.12011721172023532,0,0,0,10.02762695869565,10.055253917391305,7.674155193237257e-05,0.0,0.0,True,False,False,False,-4.274370979064574,0.0,0.0,0.0,0.0,0.0,-4.274370979064574
2025-05-14T19:30:00Z,2025-05-14T19:45:00Z,2025-05-14,2025-05-14_22,-0.12011721172023532,0,0,0,10.055253917391305,10.082880876086959,7.674155193237257e-05,0.0,0.0,True,False,False,False,-4.274370979064574,0.0,0.0,0.0,0.0,0.0,-4.274370979064574
2025-05-14T19:45:00Z,2025-05-14T20:00:00Z,2025-05-14,2025-05-14_22,-0.12011721172023532,0,0,0,10.082880876086959,10.110507834782613,7.674155193237257e-05,0.0,0.0,True,False,False,False,-4.274370979064574,0.0,0.0,0.0,0.0,0.0,-4.274370979064574
2025-05-14T20:00:00Z,2025-05-14T20:15:00Z,2025-05-14,2025-05-14_23,19.0,81,100,0,10.110507834782613,10.000000000000004,0.02230278620772947,0.003645,5.313,True,True,False,False,554.1825,0.0,138.7965523327646,182.38512678708008,0.5003824204271342,1815.1723680649527,2691.0369296052245
2025-05-14T20:15:00Z,2025-05-14T20:30:00Z,2025-05-14,2025-05-14_23,19.0,81,100,0,10.000000000000004,13.5438897826087,0.028036861714975846,0.001215,9.15,True,True,False,False,554.1825,0.0,138.7965523327646,182.38512678708008,0.16679414014237806,6507.797758427959,7383.328731687946
2025-05-14T20:30:00Z,2025-05-14T20:45:00Z,2025-05-14,2025-05-14_23,19.0,81,100,0,13.5438897826087,12.191064286956527,0.020332338599033817,0.0,4.0035,True,True,False,False,554.1825,0.0,138.7965523327646,182.38512678708008,0.0,654.5904259575219,1529.9546050773665
2025-05-14T20:45:00Z,2025-05-14T21:00:00Z,2025-05-14,2025-05-14_23,19.0,81,100,0,12.191064286956527,19.980953678260875,0.03470681835748792,0.0,13.61,True,True,False,False,554.1825,0.0,138.7965523327646,182.38512678708008,0.0,3793.549616599008,4668.913795718852
2025-05-14T21:00:00Z,2025-05-14T21:15:00Z,2025-05-15,2025-05-14_24,0.0,100,100,0,19.980953678260875,22.087788460869568,0.006516570048309179,0.11,2.42,True,True,False,False,0.0,0.0,171.73171878673878,197.88972490007055,15.777098518692688,-13.66098440316639,371.73755780233563
2025-05-14T21:15:00Z,2025-05-14T21:30:00Z,2025-05-15,2025-05-14_24,0.0,100,100,0,22.087788460869568,24.887763243478265,0.00851140338164251,0.1215,3.1869999999999994,True,True,False,False,0.0,0.0,171.73171878673878,197.88972490007055,17.6087391253233,-105.04623265929929,282.18395015283335
2025-05-14T21:30:00Z,2025-05-14T21:45:00Z,2025-05-15,2025-05-14_24,0.0,100,100,0,24.887763243478265,26.306403243478265,0.003940666666666667,0.0,1.542,True,True,False,False,0.0,0.0,171.73171878673878,197.88972490007055,0.0,-90.04305901716434,279.578384669645
2025-05-14T21:45:00Z,2025-05-14T22:00:00Z,2025-05-15,2025-05-14_24,0.0,100,100,0,26.306403243478265,29.342863243478263,0.008434611111111111,0.0,3.3005,True,True,False,False,0.0,0.0,171.73171878673878,197.88972490007055,0.0,-139.01665128536717,230.60479240144215
2025-05-14T22:00:00Z,2025-05-14T22:15:00Z,2025-05-15,2025-05-15_1,0.0,100,100,0,29.342863243478263,29.32394846086957,0.01088042995169082,1.8105,2.1185,True,True,False,False,0.0,0.0,171.73171878673878,183.0766517752175,312.70502204326357,-70.09115114820912,597.4222414570107
2025-05-14T22:15:00Z,2025-05-14T22:30:00Z,2025-05-15,2025-05-15_1,0.0,100,100,0,29.32394846086957,24.62290585217392,0.01310700724637681,4.333,0.0095,True,True,False,False,0.0,0.0,171.73171878673878,183.0766517752175,792.915397562505,-0.6748171878673878,1147.0489509365939
2025-05-14T22:30:00Z,2025-05-14T22:45:00Z,2025-05-15,2025-05-15_1,0.0,100,100,0,24.62290585217392,19.790590200000008,0.01343076570048309,4.447,0.0015,True,True,False,False,0.0,0.0,171.73171878673878,183.0766517752175,805.7011444862451,-0.11756407241946862,1160.3919509757818
2025-05-14T22:45:00Z,2025-05-14T23:00:00Z,2025-05-15,2025-05-15_1,0.0,100,100,0,19.790590200000008,20.7912197652174,0.002858028985507247,0.013,1.103,True,True,False,False,0.0,0.0,171.73171878673878,183.0766517752175,1.8390939728818871,-74.03473626459754,282.6127282702406
2025-05-14T23:00:00Z,2025-05-14T23:15:00Z,2025-05-15,2025-05-15_2,-31.768605941131607,100,68,0,20.7912197652174,18.73506621593589,0.03160559617899888,9.057,0.00136,True,True,False,False,-768.8002637753849,0.0,171.73171878673878,124.49212320714788,2710.592432988479,-0.10525903283956424,2237.910752174141
2025-05-14T23:15:00Z,2025-05-14T23:30:00Z,2025-05-15,2025-05-15_2,-31.768605941131607,100,68,0,18.73506621593589,16.985251703425188,0.03123076260164041,8.7595,0.0,True,True,False,False,-768.8002637753849,0.0,171.73171878673878,124.49212320714788,1633.1998157183164,0.0,1160.623393936818
2025-05-14T23:30:00Z,2025-05-14T23:45:00Z,2025-05-15,2025-05-15_2,-31.768605941131607,100,68,0,16.985251703425188,15.133596389832384,0.03135371643406928,8.858,0.0,True,True,False,False,-768.8002637753849,0.0,171.73171878673878,124.49212320714788,1810.4730750842543,0.0,1337.896653302756
2025-05-14T23:45:00Z,2025-05-15T00:00:00Z,2025-05-15,2025-05-15_2,-31.768605941131607,100,68,0,15.133596389832384,15.856910772635178,0.028244919280119133,6.3675,0.0,True,True,False,False,-768.8002637753849,0.0,171.73171878673878,124.49212320714788,4225.9109746061595,0.0,3753.3345528246614
2025-05-15T00:00:00Z,2025-05-15T00:15:00Z,2025-05-15,2025-05-15_3,-100.0,100,0,0,15.856910772635178,23.422530772635177,0.02101561111111111,16.7765,0.0,True,True,False,False,-2369.0,0.0,171.73171878673878,0.0,12937.845091112154,0.0,10740.576809898894
2025-05-15T00:15:00Z,2025-05-15T00:30:00Z,2025-05-15,2025-05-15_3,-100.0,100,0,0,23.422530772635177,32.52455077263518,0.025283388888888886,15.1065,0.0,True,True,False,False,-2369.0,0.0,171.73171878673878,0.0,7981.998612450035,0.0,5784.730331236773
2025-05-15T00:30:00Z,2025-05-15T00:45:00Z,2025-05-15,2025-05-15_3,-100.0,100,0,0,32.52455077263518,39.672490772635186,0.019855388888888895,17.2305,0.0,True,True,False,False,-2369.0,0.0,171.73171878673878,0.0,15697.830887020926,0.0,13500.562605807665
2025-05-15T00:45:00Z,2025-05-15T01:00:00Z,2025-05-15,2025-05-15_3,-100.0,100,0,0,39.672490772635186,58.49017077263519,0.05227133333333334,4.546,0.0,True,True,False,False,-2369.0,0.0,171.73171878673878,0.0,796.7124206442511,0.0,-1400.55586056901
2025-05-15T01:00:00Z,2025-05-15T01:15:00Z,2025-05-15,2025-05-15_4,0.0,100,100,0,58.49017077263519,52.10158381611345,0.017746074879227053,5.8775,0.0,True,True,False,False,0.0,0.0,171.73171878673878,183.0766517752175,1039.4477829375344,0.0,1394.2561534994907
2025-05-15T01:15:00Z,2025-05-15T01:30:00Z,2025-05-15,2025-05-15_4,0.0,100,100,0,52.10158381611345,51.65467946828736,0.001279734299516908,0.4175,0.0075,True,True,False,False,0.0,0.0,171.73171878673878,183.0766517752175,60.483590504741755,-0.5809619680225723,414.7109990986755
2025-05-15T01:30:00Z,2025-05-15T01:45:00Z,2025-05-15,2025-05-15_4,0.0,100,100,0,51.65467946828736,51.67393685959171,0.0004550628019323672,0.0665,0.0995,True,True,False,False,0.0,0.0,171.73171878673878,183.0766517752175,9.388271318285131,-7.641571145857826,356.5550707343836
2025-05-15T01:45:00Z,2025-05-15T02:00:00Z,2025-05-15,2025-05-15_4,0.0,100,100,0,51.67393685959171,49.74484120741781,0.0053841545893719795,1.779,0.005,True,True,False,False,0.0,0.0,171.73171878673878,183.0766517752175,312.6624917705149,-0.39188024139822875,667.0789820910729
2025-05-15T02:00:00Z,2025-05-15T02:15:00Z,2025-05-15,2025-05-15_5,-55.0,100,45,0,49.74484120741781,42.06631668567868,0.03418163478260869,20.428,0.0,True,True,False,False,-1348.0500000000002,0.0,171.73171878673878,82.38449329884787,23574.14655615644,0.0,22480.212768242025
2025-05-15T02:15:00Z,2025-05-15T02:30:00Z,2025-05-15,2025-05-15_5,-55.0,100,45,0,42.06631668567868,37.076137033504764,0.034308226811594206,17.7265,0.0,True,True,False,False,-1348.0500000000002,0.0,171.73171878673878,82.38449329884787,16570.6061874951,0.0,15476.672399580688
2025-05-15T02:30:00Z,2025-05-15T02:45:00Z,2025-05-15,2025-05-15_5,-55.0,100,45,0,37.076137033504764,36.30978851176563,0.03450712367149758,13.482,0.0,True,True,False,False,-1348.0500000000002,0.0,171.73171878673878,82.38449329884787,4242.257278391723,0.0,3148.3234904773094
2025-05-15T02:45:00Z,2025-05-15T03:00:00Z,2025-05-15,2025-05-15_5,-55.0,100,45,0,36.30978851176563,38.18849668567868,0.03463167729468599,10.824,0.0,True,True,False,False,-1348.0500000000002,0.0,171.73171878673878,82.38449329884787,5195.363056665883,0.0,4101.42926875147
2025-05-15T03:00:00Z,2025-05-15T03:15:00Z,2025-05-15,2025-05-15_6,0.0,100,100,0,38.18849668567868,37.903697555243895,0.001274108695652174,0.342,0.0945,True,True,False,False,0.0,0.0,171.73171878673878,181.25440865271574,51.71875499647308,-5.90582412414766,398.79905831177996
2025-05-15T03:15:00Z,2025-05-15T03:30:00Z,2025-05-15,2025-05-15_6,0.0,100,100,0,37.903697555243895,40.69258625089607,0.008399086956521737,0.108,3.159,True,True,False,False,0.0,0.0,171.73171878673878,181.25440865271574,16.461916294380437,-131.3291300258641,238.11891370797088
2025-05-15T03:30:00Z,2025-05-15T03:45:00Z,2025-05-15,2025-05-15_6,0.0,100,100,0,40.69258625089607,45.52396625089607,0.0134205,0.0,5.2515,True,True,False,False,0.0,0.0,171.73171878673878,181.25440865271574,0.0,-215.48169321655303,137.5044342229015
2025-05-15T03:45:00Z,2025-05-15T04:00:00Z,2025-05-15,2025-05-15_6,0.0,100,100,0,45.52396625089607,45.44282103350477,0.003424958937198068,0.6045,0.626,True,True,False,False,0.0,0.0,171.73171878673878,181.25440865271574,106.47010316247355,-35.75274943177365,423.7034811701544
2025-05-15T04:00:00Z,2025-05-15T04:15:00Z,2025-05-15,2025-05-15_7,0.0,100,100,0,45.44282103350477,43.43120016393956,0.008805280193236715,2.3835,0.6295,True,True,False,False,0.0,0.0,171.93745591347283,181.04867152598166,490.4038640371503,-38.9422642840348,804.44772719257
2025-05-15T04:15:00Z,2025-05-15T04:30:00Z,2025-05-15,2025-05-15_7,0.0,100,100,0,43.43120016393956,34.88337407698304,0.023743961352657002,7.864,0.0,True,True,False,False,0.0,0.0,171.93745591347283,181.04867152598166,1608.4912438278864,0.0,1961.477371267341
2025-05-15T04:30:00Z,2025-05-15T04:45:00Z,2025-05-15,2025-05-15_7,0.0,100,100,0,34.88337407698304,32.5697871204613,0.006426630434782608,2.1285,0.0,True,True,False,False,0.0,0.0,171.93745591347283,181.04867152598166,378.6574641429579,0.0,731.6435915824125
2025-05-15T04:45:00Z,2025-05-15T05:00:00Z,2025-05-15,2025-05-15_7,0.0,100,100,0,32.5697871204613,32.30637581611347,0.0008926980676328504,0.269,0.0315,True,True,False,False,0.0,0.0,171.93745591347283,181.04867152598166,39.815014891449174,-2.228133082529979,390.5730092483737
2025-05-15T05:00:00Z,2025-05-15T05:15:00Z,2025-05-15,2025-05-15_8,0.0,100,100,0,32.30637581611347,24.261952337852605,0.022657398550724638,7.4525,0.061,True,True,False,False,0.0,0.0,171.93745591347283,180.25511403715024,3016.437195313112,-4.346052786268516,3364.283712477467
2025-05-15T05:15:00Z,2025-05-15T05:30:00Z,2025-05-15,2025-05-15_8,0.0,100,100,0,24.261952337852605,14.135865381330866,0.028128019323671496,9.316,0.0,True,True,False,False,0.0,0.0,171.93745591347283,180.25511403715024,2593.7218175405596,0.0,2945.914387491183
2025-05-15T05:30:00Z,2025-05-15T05:45:00Z,2025-05-15,2025-05-15_8,0.0,100,100,0,14.135865381330866,13.03801407698304,0.0033664758454106276,1.0625,0.062,True,True,False,False,0.0,0.0,171.93745591347283,180.25511403715024,186.7211135277059,-4.450877419860491,534.4628060584685
2025-05-15T05:45:00Z,2025-05-15T06:00:00Z,2025-05-15,2025-05-15_8,0.0,100,100,0,13.03801407698304,14.05542364220043,0.003112973429951691,0.0475,1.162,True,True,False,False,0.0,0.0,171.93745591347283,180.25511403715024,7.886585939336939,-71.2864550513363,288.7927008386237
2025-05-15T06:00:00Z,2025-05-15T06:15:00Z,2025-05-15,2025-05-15_9,7.784943523913589,92,100,0,14.05542364220043,11.879180084123826,0.0065565047134040644,0.14904,0.1085,True,True,False,False,194.05917969235597,0.0,157.50646602398305,180.25511403715024,25.128933646837528,-7.836635512187475,549.1130578881393
2025-05-15T06:15:00Z,2025-05-15T06:30:00Z,2025-05-15,2025-05-15_9,7.784943523913589,92,100,0,11.879180084123826,10.000000000000012,0.006711676908383193,0.054279999999999995,0.3165,True,True,False,False,194.05917969235597,0.0,157.50646602398305,180.25511403715024,8.99522212555843,-19.716196214436867,521.0997856646109
2025-05-15T06:30:00Z,2025-05-15T06:45:00Z,2025-05-15,2025-05-15_9,7.784943523913589,92,100,0,10.000000000000012,11.765027685267377,0.01472296840498565,0.00414,4.164,True,True,False,False,194.05917969235597,0.0,157.50646602398305,180.25511403715024,0.5858607806254408,-122.49434516811661,409.9122753659981
2025-05-15T06:45:00Z,2025-05-15T07:00:00Z,2025-05-15,2025-05-15_9,7.784943523913589,92,100,0,11.765027685267377,25.48531997563717,0.041885458153590883,0.0,16.973,True,True,False,False,194.05917969235597,0.0,157.50646602398305,180.25511403715024,0.0,4732.196514813073,5264.017274566562
2025-05-15T07:00:00Z,2025-05-15T07:15:00Z,2025-05-15,2025-05-15_10,39.41713795452568,60,100,0,25.48531997563717,18.5005010274889,0.031106883803153053,0.0,3.7800000000000002,True,True,False,False,693.1503709303341,0.0,102.7216082765107,181.13684458029627,0.0,334.91321420173995,1311.9220379888811
2025-05-15T07:15:00Z,2025-05-15T07:30:00Z,2025-05-15,2025-05-15_10,39.41713795452568,60,100,0,18.5005010274889,9.999999999999973,0.030556308558914693,0.0,2.2425,True,True,False,False,693.1503709303341,0.0,102.7216082765107,181.13684458029627,0.0,-45.915974018339995,931.0928497688011
2025-05-15T07:30:00Z,2025-05-15T07:45:00Z,2025-05-15,2025-05-15_10,39.41713795452568,60,100,0,9.999999999999973,10.164764323668383,0.03370398751621885,0.0,11.0325,True,True,False,False,693.1503709303341,0.0,102.7216082765107,181.13684458029627,0.0,42.073349694333416,1019.0821734814745
2025-05-15T07:45:00Z,2025-05-15T08:00:00Z,2025-05-15,2025-05-15_10,39.41713795452568,60,100,0,10.164764323668383,10.519789877458905,0.03377310037614602,0.0,11.2255,True,True,False,False,693.1503709303341,0.0,102.7216082765107,181.13684458029627,0.0,-49.96002958695822,927.0487942001829
2025-05-15T08:00:00Z,2025-05-15T08:15:00Z,2025-05-15,2025-05-15_11,-1.908600332912274,100,98,0,10.519789877458905,10.412990574436828,0.005312789103002204,0.947,0.52234,True,True,False,False,-6.498784133566293,0.0,171.20268046085116,177.51410768869033,96.38669762520574,-20.006453060584686,418.59824858059625
2025-05-15T08:15:00Z,2025-05-15T08:30:00Z,2025-05-15,2025-05-15_11,-1.908600332912274,100,98,0,10.412990574436828,10.536062159672017,0.002317317313393263,0.3335,0.04949,True,True,False,False,-6.498784133566293,0.0,171.20268046085116,177.51410768869033,33.943995415001176,-3.543272991613763,372.6187264393626
2025-05-15T08:30:00Z,2025-05-15T08:45:00Z,2025-05-15,2025-05-15_11,-1.908600332912274,100,98,0,10.536062159672017,11.603022866489853,0.00579220023276901,0.4775,1.24509,True,True,False,False,-6.498784133566293,0.0,171.20268046085116,177.51410768869033,48.60047319539149,-33.10335098753821,357.71512622382846
2025-05-15T08:45:00Z,2025-05-15T09:00:00Z,2025-05-15,2025-05-15_11,-1.908600332912274,100,98,0,11.603022866489853,12.948499730379417,0.007682415937029006,0.666,1.76988,True,True,False,False,-6.498784133566293,0.0,171.20268046085116,177.51410768869033,67.7862097343052,-57.495437502939104,352.5087762473413
2025-05-15T09:00:00Z,2025-05-15T09:15:00Z,2025-05-15,2025-05-15_12,-92.00000000000013,100,8,0,12.948499730379417,33.58886658255336,0.05761382096618366,0.5785,0.022080000000000002,True,True,False,False,-194.12000000000026,0.0,171.20268046085116,15.518457559369855,55.88448742064425,-0.9003842934399249,47.58524114742507
2025-05-15T09:15:00Z,2025-05-15T09:30:00Z,2025-05-15,2025-05-15_12,-92.00000000000013,100,8,0,33.58886658255336,53.79961792168382,0.05663252183574888,1.0175,0.00048,True,True,False,False,-194.12000000000026,0.0,171.20268046085116,15.518457559369855,98.29294027745121,-0.03667999059487421,90.85739830707709
2025-05-15T09:30:00Z,2025-05-15T09:45:00Z,2025-05-15,2025-05-15_12,-92.00000000000013,100,8,0,53.79961792168382,74.22012859994472,0.05710673256038655,0.7929999999999999,0.0007199999999999999,True,True,False,False,-194.12000000000026,0.0,171.20268046085116,15.518457559369855,76.60570185751233,-0.05190063484599106,69.15493924288708
2025-05-15T09:45:00Z,2025-05-15T10:00:00Z,2025-05-15,2025-05-15_12,-92.00000000000013,100,8,0,74.22012859994472,92.24965082603171,0.0517022960386474,3.354,0.0,True,True,False,False,-194.12000000000026,0.0,171.20268046085116,15.518457559369855,346.89347636962145,0.0,339.4946143898422
2025-05-15T10:00:00Z,2025-05-15T10:15:00Z,2025-05-15,2025-05-15_13,0.0,100,100,0,92.24965082603171,94.5815203912491,0.006555917874396136,0.013,2.55,True,True,False,False,0.0,0.0,171.20268046085116,193.9807194921232,1.2558057057763146,-30.30510815894662,336.13409749980406
2025-05-15T10:15:00Z,2025-05-15T10:30:00Z,2025-05-15,2025-05-15_13,0.0,100,100,0,94.5815203912491,103.6734203912491,0.02525527777777778,0.0,9.8825,True,True,False,False,0.0,0.0,171.20268046085116,193.9807194921232,0.0,4551.900490340152,4917.083890293126
2025-05-15T10:30:00Z,2025-05-15T10:45:00Z,2025-05-15,2025-05-15_13,0.0,100,100,0,103.6734203912491,112.5905203912491,0.024769722222222228,0.0,9.6925,True,True,False,False,0.0,0.0,171.20268046085116,193.9807194921232,0.0,1206.6057194921234,1571.7891194450976
2025-05-15T10:45:00Z,2025-05-15T11:00:00Z,2025-05-15,2025-05-15_13,0.0,100,100,0,112.5905203912491,132.5766003912491,0.05551688888888889,0.0,21.724,True,True,False,False,0.0,0.0,171.20268046085116,193.9807194921232,0.0,18486.614910259425,18851.798310212398
2025-05-15T11:00:00Z,2025-05-15T11:15:00Z,2025-05-15,2025-05-15_14,0.0,100,100,0,132.5766003912491,141.7037551738578,0.025392458937198072,0.0065,9.9285,True,True,False,False,0.0,0.0,171.20268046085116,193.9807194921232,0.6560623873344306,1057.8435842346578,1423.6830465749665
2025-05-15T11:15:00Z,2025-05-15T11:30:00Z,2025-05-15,2025-05-15_14,0.0,100,100,0,141.7037551738578,150.32783517385778,0.02395577777777778,0.0,9.374,True,True,False,False,0.0,0.0,171.20268046085116,193.9807194921232,0.0,1849.4970326828122,2214.6804326357865
2025-05-15T11:30:00Z,2025-05-15T11:45:00Z,2025-05-15,2025-05-15_14,0.0,100,100,0,150.32783517385778,159.86731517385778,0.02649855555555556,0.0,10.369,True,True,False,False,0.0,0.0,171.20268046085116,193.9807194921232,0.0,539.3359079865193,904.5193079394936
2025-05-15T11:45:00Z,2025-05-15T12:00:00Z,2025-05-15,2025-05-15_14,0.0,100,100,0,159.86731517385778,173.14383517385778,0.03687922222222222,0.0,14.431,True,True,False,False,0.0,0.0,171.20268046085116,193.9807194921232,0.0,9314.102641664706,9679.286041617679
2025-05-15T12:00:00Z,2025-05-15T12:15:00Z,2025-05-15,2025-05-15_15,0.0,100,100,0,173.14383517385778,176.26343256516213,0.0087198961352657,0.009,3.4014999999999995,True,True,False,False,0.0,0.0,171.20268046085116,193.9807194921232,0.9150881730543146,720.4340476330432,1086.5325357590718
2025-05-15T12:15:00Z,2025-05-15T12:30:00Z,2025-05-15,2025-05-15_15,0.0,100,100,0,176.26343256516213,177.42118299994473,0.0034846932367149763,0.0445,1.311,True,True,False,False,0.0,0.0,171.20268046085116,193.9807194921232,4.599353495571753,-49.943150717140846,319.83960273140525
2025-05-15T12:30:00Z,2025-05-15T12:45:00Z,2025-05-15,2025-05-15_15,0.0,100,100,0,177.42118299994473,177.8531864782056,0.001613657004830918,0.0685,0.5505,True,True,False,False,0.0,0.0,171.20268046085116,193.9807194921232,7.0783467552316015,-21.395677169057134,350.86606953914884
2025-05-15T12:45:00Z,2025-05-15T13:00:00Z,2025-05-15,2025-05-15_15,0.0,100,100,0,177.8531864782056,181.7185664782056,0.010737166666666667,0.0,4.2015,True,True,False,False,0.0,0.0,171.20268046085116,193.9807194921232,0.0,-65.76965994592054,299.41374000705383
2025-05-15T13:00:00Z,2025-05-15T13:15:00Z,2025-05-15,2025-05-15_16,46.73116811112618,53,100,0,181.7185664782056,183.6778099948016,0.03454491174477427,0.0,14.687,True,True,False,False,516.1457517873887,0.0,90.79972960263342,193.9807194921232,0.0,2783.9024898111134,3584.8286906932585
2025-05-15T13:15:00Z,2025-05-15T13:30:00Z,2025-05-15,2025-05-15_16,46.73116811112618,53,100,0,183.6778099948016,183.85408947216754,0.03463361259175147,0.0,12.900499999999997,True,True,False,False,516.1457517873887,0.0,90.79972960263342,193.9807194921232,0.0,2766.3377613841203,3567.2639622662655
2025-05-15T13:30:00Z,2025-05-15T13:45:00Z,2025-05-15,2025-05-15_16,46.73116811112618,53,100,0,183.85408947216754,181.3766318208949,0.03476563361168563,0.0,10.2415,True,True,False,False,516.1457517873887,0.0,90.79972960263342,193.9807194921232,0.0,4436.1812981033,5237.107498985445
2025-05-15T13:45:00Z,2025-05-15T14:00:00Z,2025-05-15,2025-05-15_16,46.73116811112618,53,100,0,181.3766318208949,180.846811629772,0.03466874041108334,0.0,12.193,True,True,False,False,516.1457517873887,0.0,90.79972960263342,193.9807194921232,0.0,7426.725815110903,8227.652015993048
2025-05-15T14:00:00Z,2025-05-15T14:15:00Z,2025-05-15,2025-05-15_17,69.31997899418947,30,100,0,180.846811629772,185.2626120524339,0.022938291418365505,0.0,22.4505,True,True,False,False,1394.8912773105776,0.0,51.39607335998119,181.13684458029627,0.0,21198.790927286624,22826.21512253748
2025-05-15T14:15:00Z,2025-05-15T14:30:00Z,2025-05-15,2025-05-15_17,69.31997899418947,30,100,0,185.2626120524339,183.80942448460578,0.030355454063778223,0.0,16.784,True,True,False,False,1394.8912773105776,0.0,51.39607335998119,181.13684458029627,0.0,10797.4435739478,12424.867769198654
2025-05-15T14:30:00Z,2025-05-15T14:45:00Z,2025-05-15,2025-05-15_17,69.31997899418947,30,100,0,183.80942448460578,165.25400733537796,0.05205323869732173,0.05115,0.3255,True,True,False,False,1394.8912773105776,0.0,51.39607335998119,181.13684458029627,5.5122854455678345,-12.705763284740183,1620.2307174116827
2025-05-15T14:45:00Z,2025-05-15T15:00:00Z,2025-05-15,2025-05-15_17,69.31997899418947,30,100,0,165.25400733537796,144.80520869565257,0.05680221844368166,1.4828999999999999,0.0,True,True,False,False,1394.8912773105776,0.0,51.39607335998119,181.13684458029627,159.80778274159414,0.0,1787.2319779924492
2025-05-15T15:00:00Z,2025-05-15T15:15:00Z,2025-05-15,2025-05-15_18,0.0,100,100,0,144.80520869565257,149.494690434783,0.014448439613526569,0.2355,5.3755,True,True,False,False,0.0,0.0,171.32024453327062,180.75476134493297,25.379144133552785,-163.42632259581472,214.02782741594166
2025-05-15T15:15:00Z,2025-05-15T15:30:00Z,2025-05-15,2025-05-15_18,0.0,100,100,0,149.494690434783,151.14522695652212,0.00486562077294686,0.0465,1.849,True,True,False,False,0.0,0.0,171.32024453327062,180.75476134493297,5.011168586879849,-73.30062622462576,283.7855482404577
2025-05-15T15:30:00Z,2025-05-15T15:45:00Z,2025-05-15,2025-05-15_18,0.0,100,100,0,151.14522695652212,155.49085217391342,0.012170818840579712,0.0165,4.743,True,True,False,False,0.0,0.0,171.32024453327062,180.75476134493297,1.7781565953444627,-124.77093639783683,229.08222607571122
2025-05-15T15:45:00Z,2025-05-15T16:00:00Z,2025-05-15,2025-05-15_18,0.0,100,100,0,155.49085217391342,155.39374000000038,0.0019283115942028985,0.364,0.3245,True,True,False,False,0.0,0.0,171.32024453327062,180.75476134493297,39.22721216396269,-13.71647689865977,377.58574114350654
2025-05-15T16:00:00Z,2025-05-15T16:15:00Z,2025-05-15,2025-05-15_19,0.0,100,100,0,155.39374000000038,177.84450000000038,0.06236322222222222,0.0,24.403,True,True,False,False,0.0,0.0,171.32024453327062,180.25511403715024,0.0,12367.48113860804,12719.05649717846
2025-05-15T16:15:00Z,2025-05-15T16:30:00Z,2025-05-15,2025-05-15_19,0.0,100,100,0,177.84450000000038,187.99394000000038,0.02819288888888889,0.0,11.032,True,True,False,False,0.0,0.0,171.32024453327062,180.25511403715024,0.0,-277.67844031663924,73.89691825378162
2025-05-15T16:30:00Z,2025-05-15T16:45:00Z,2025-05-15,2025-05-15_19,0.0,100,100,0,187.99394000000038,189.58097826086993,0.006736338164251209,0.3855,2.1805,True,True,False,False,0.0,0.0,171.32024453327062,180.25511403715024,64.51331471902186,-106.40939121404497,309.67928207539774
2025-05-15T16:45:00Z,2025-05-15T17:00:00Z,2025-05-15,2025-05-15_19,0.0,100,100,0,189.58097826086993,185.78629043478296,0.010594466183574881,3.5000000000000004,0.0105,True,True,False,False,0.0,0.0,171.32024453327062,180.25511403715024,797.2341092562114,-0.754075946390783,1148.0553918802414
2025-05-15T17:00:00Z,2025-05-15T17:15:00Z,2025-05-15,2025-05-15_20,0.0,100,100,0,185.78629043478296,184.9926921739134,0.003106550724637681,0.8795,0.1765,True,True,False,False,0.0,0.0,172.23136609452152,180.25511403715024,154.11671026334352,-12.552817227055408,494.0503731679599
2025-05-15T17:15:00Z,2025-05-15T17:30:00Z,2025-05-15,2025-05-15_20,0.0,100,100,0,184.9926921739134,184.47288000000037,0.0015180338164251204,0.49049999999999994,0.0145,True,True,False,False,0.0,0.0,172.23136609452152,180.25511403715024,84.93023454032446,-1.05974214280116,436.35697252919505
2025-05-15T17:30:00Z,2025-05-15T17:45:00Z,2025-05-15,2025-05-15_20,0.0,100,100,0,184.47288000000037,182.40260956521774,0.0058555289855072475,1.9220000000000002,0.0205,True,True,False,False,0.0,0.0,172.23136609452152,180.25511403715024,406.74387138490476,-1.518243592758053,757.7121079238185
2025-05-15T17:45:00Z,2025-05-15T18:00:00Z,2025-05-15,2025-05-15_20,0.0,100,100,0,182.40260956521774,169.85750086956557,0.03484752415458937,11.5415,0.0,True,True,False,False,0.0,0.0,172.23136609452152,180.25511403715024,2897.9124394545024,0.0,3250.398919586174
2025-05-15T18:00:00Z,2025-05-15T18:15:00Z,2025-05-15,2025-05-15_21,100.0,0,100,0,169.85750086956557,142.68358782608732,0.07548309178743962,0.0,0.0,True,True,False,False,4162.25,0.0,0.0,180.25511403715024,0.0,0.0,4342.505114037151
2025-05-15T18:15:00Z,2025-05-15T18:30:00Z,2025-05-15,2025-05-15_21,100.0,0,100,0,142.68358782608732,115.51674000000035,0.07546346618357487,0.0,0.0065,True,True,False,False,4162.25,0.0,0.0,180.25511403715024,0.0,-0.49386678031193665,4342.011247256838
2025-05-15T18:30:00Z,2025-05-15T18:45:00Z,2025-05-15,2025-05-15_21,100.0,0,100,0,115.51674000000035,88.48521826086993,0.07508756038647342,0.0,0.131,True,True,False,False,4162.25,0.0,0.0,180.25511403715024,0.0,-9.604305196332001,4332.900808840818
2025-05-15T18:45:00Z,2025-05-15T19:00:00Z,2025-05-15,2025-05-15_21,100.0,0,100,0,88.48521826086993,63.36945739130471,0.06976600241545892,0.0,1.8935,True,True,False,False,4162.25,0.0,0.0,180.25511403715024,0.0,-88.74102417901089,4253.764089858139
2025-05-15T19:00:00Z,2025-05-15T19:15:00Z,2025-05-15,2025-05-15_22,72.82371159973877,27,100,0,63.36945739130471,42.35535439154601,0.05883227074064346,1.4442300000000001,0.331,True,True,False,False,2365.132093480516,0.0,46.256466023983066,180.75476134493297,294.97172435339763,-17.325031350419312,2869.79001385241
2025-05-15T19:15:00Z,2025-05-15T19:30:00Z,2025-05-15,2025-05-15_22,72.82371159973877,27,100,0,42.35535439154601,22.597956571774347,0.054983752867233816,0.04131,0.0735,True,True,False,False,2365.132093480516,0.0,46.256466023983066,180.75476134493297,6.257838502233717,-4.796610921702327,2593.6045484299634
2025-05-15T19:30:00Z,2025-05-15T19:45:00Z,2025-05-15,2025-05-15_22,72.82371159973877,27,100,0,22.597956571774347,10.000000000000485,0.04458405089415913,0.0,6.904000000000001,True,True,False,False,2365.132093480516,0.0,46.256466023983066,180.75476134493297,0.0,-65.49574104553649,2526.6475798038955
2025-05-15T19:45:00Z,2025-05-15T20:00:00Z,2025-05-15,2025-05-15_22,72.82371159973877,27,100,0,10.000000000000485,14.778267438682516,0.019488926239468837,0.0,23.5865,True,True,False,False,2365.132093480516,0.0,46.256466023983066,180.75476134493297,0.0,6661.027990046241,9253.171310895674
2025-05-15T20:00:00Z,2025-05-15T20:15:00Z,2025-05-15,2025-05-15_23,33.40379759647864,66,100,0,14.778267438682516,15.372978968518094,0.03208654761522381,0.0,9.912,True,True,False,False,945.9120384382838,0.0,113.0713613919586,180.75476134493297,0.0,-49.142435927580536,1190.5957252475948
2025-05-15T20:15:00Z,2025-05-15T20:30:00Z,2025-05-15,2025-05-15_23,33.40379759647864,66,100,0,15.372978968518094,16.6917117037518,0.032601001578492335,0.0,10.654,True,True,False,False,945.9120384382838,0.0,113.0713613919586,180.75476134493297,0.0,-361.01395054471357,878.7242106304618
2025-05-15T20:30:00Z,2025-05-15T20:45:00Z,2025-05-15,2025-05-15_23,33.40379759647864,66,100,0,16.6917117037518,16.560450488552057,0.031570706983590685,0.0,9.168,True,True,False,False,945.9120384382838,0.0,113.0713613919586,180.75476134493297,0.0,-348.9879426287326,890.7502185464429
2025-05-15T20:45:00Z,2025-05-15T21:00:00Z,2025-05-15,2025-05-15_23,33.40379759647864,66,100,0,16.560450488552057,10.000000000000515,0.027008696608821478,0.00165,2.581,True,True,False,False,945.9120384382838,0.0,113.0713613919586,180.75476134493297,0.22631083940747704,-116.02666118034328,1123.9378108342396
2025-05-15T21:00:00Z,2025-05-15T21:15:00Z,2025-05-16,2025-05-15_24,0.0,21,100,0,10.000000000000515,10.016460434783124,0.002824165458937198,0.46010999999999996,0.5615,True,True,False,False,0.0,0.0,35.98007132779432,180.15166954068033,79.08009891440663,-22.890983598526415,272.32085618435485
2025-05-15T21:15:00Z,2025-05-15T21:30:00Z,2025-05-16,2025-05-15_24,0.0,21,100,0,10.016460434783124,13.394700434783124,0.009384000000000002,0.0,3.672,True,True,False,False,0.0,0.0,35.98007132779432,180.15166954068033,0.0,-143.5333798401003,72.59836102837434
2025-05-15T21:30:00Z,2025-05-15T21:45:00Z,2025-05-16,2025-05-15_24,0.0,21,100,0,13.394700434783124,21.157200434783125,0.021562500000000002,0.0,8.4375,True,True,False,False,0.0,0.0,35.98007132779432,180.15166954068033,0.0,397.8878448816429,614.0195857501176
2025-05-15T21:45:00Z,2025-05-15T22:00:00Z,2025-05-16,2025-05-15_24,0.0,21,100,0,21.157200434783125,24.830760434783123,0.010204333333333334,0.0,3.993,True,True,False,False,0.0,0.0,35.98007132779432,180.15166954068033,0.0,-85.86608794481893,130.26565292365572
2025-05-15T22:00:00Z,2025-05-15T22:15:00Z,2025-05-16,2025-05-16_1,0.0,100,100,0,24.830760434783123,28.05904043478312,0.008967444444444445,0.0,3.5089999999999995,True,True,False,False,0.0,0.0,171.33367298949676,179.6813763912839,0.0,82.09761796519828,433.11266734597893
2025-05-15T22:15:00Z,2025-05-15T22:30:00Z,2025-05-16,2025-05-16_1,0.0,100,100,0,28.05904043478312,36.142620434783126,0.022454388888888892,0.0,8.7865,True,True,False,False,0.0,0.0,171.33367298949676,179.6813763912839,0.0,48.81369758190939,399.82874696269005
2025-05-15T22:30:00Z,2025-05-15T22:45:00Z,2025-05-16,2025-05-16_1,0.0,100,100,0,36.142620434783126,40.879700434783125,0.013158555555555557,0.0,5.149,True,True,False,False,0.0,0.0,171.33367298949676,179.6813763912839,0.0,-99.98435393478601,251.03069544599464
2025-05-15T22:45:00Z,2025-05-15T23:00:00Z,2025-05-16,2025-05-16_1,0.0,100,100,0,40.879700434783125,45.08962043478312,0.01169422222222222,0.0,4.576,True,True,False,False,0.0,0.0,171.33367298949676,179.6813763912839,0.0,-136.1869321210221,214.82811725975856
2025-05-15T23:00:00Z,2025-05-15T23:15:00Z,2025-05-16,2025-05-16_2,0.0,100,100,0,45.08962043478312,48.707980434783124,0.010051000000000001,0.0,3.933,True,True,False,False,0.0,0.0,171.33367298949676,179.6813763912839,0.0,-64.22106854522652,286.7939808355541
2025-05-15T23:15:00Z,2025-05-15T23:30:00Z,2025-05-16,2025-05-16_2,0.0,100,100,0,48.707980434783124,48.88197695652225,0.001111342995169082,0.104,0.312,True,True,False,False,0.0,0.0,171.33367298949676,179.6813763912839,14.838932434550868,-16.47219626900768,349.38178554632384
2025-05-15T23:30:00Z,2025-05-15T23:45:00Z,2025-05-16,2025-05-16_2,0.0,100,100,0,48.88197695652225,44.35145869565268,0.012587328502415458,4.1685,0.0005,True,True,False,False,0.0,0.0,171.33367298949676,179.6813763912839,722.6726004271829,-0.03821131838846214,1073.6494384895752
2025-05-15T23:45:00Z,2025-05-16T00:00:00Z,2025-05-16,2025-05-16_2,0.0,100,100,0,44.35145869565268,43.887502173913546,0.0030137681159420294,0.7125,0.3375,True,True,False,False,0.0,0.0,171.33367298949676,179.6813763912839,105.03846116162408,-20.16666993259132,435.8868406098134
2025-05-16T00:00:00Z,2025-05-16T00:15:00Z,2025-05-16,2025-05-16_3,-100.00000000000003,100,0,0,43.887502173913546,55.58484217391356,0.03249261111111113,12.2855,0.0,True,True,False,False,-2185.5000000000005,0.0,171.33367298949676,0.0,9312.987741613106,0.0,7298.821414602602
2025-05-16T00:15:00Z,2025-05-16T00:30:00Z,2025-05-16,2025-05-16_3,-100.00000000000003,100,0,0,55.58484217391356,67.80796217391355,0.03395311111111112,11.714,0.0,True,True,False,False,-2185.5000000000005,0.0,171.33367298949676,0.0,3978.3964018654956,0.0,1964.230074854992
2025-05-16T00:30:00Z,2025-05-16T00:45:00Z,2025-05-16,2025-05-16_3,-100.00000000000003,100,0,0,67.80796217391355,77.30052217391355,0.02636822222222224,14.682,0.0,True,True,False,False,-2185.5000000000005,0.0,171.33367298949676,0.0,8597.44281901552,0.0,6583.276492005016
2025-05-16T00:45:00Z,2025-05-16T01:00:00Z,2025-05-16,2025-05-16_3,-100.00000000000003,100,0,0,77.30052217391355,81.23306217391355,0.010923722222222243,20.7255,0.0,True,True,False,False,-2185.5000000000005,0.0,171.33367298949676,0.0,24363.59039426242,0.0,22349.424067251915
2025-05-16T01:00:00Z,2025-05-16T01:15:00Z,2025-05-16,2025-05-16_4,-99.99999999999991,100,0,0,81.23306217391355,95.02524217391353,0.038311611111111116,10.0085,0.0,True,True,False,False,-2166.249999999998,0.0,171.33367298949676,0.0,6450.179360009406,0.0,4455.263032998904
2025-05-16T01:15:00Z,2025-05-16T01:30:00Z,2025-05-16,2025-05-16_4,-99.99999999999991,100,0,0,95.02524217391353,115.49018217391351,0.05684705555555552,2.7555,0.0,True,True,False,False,-2166.249999999998,0.0,171.33367298949676,0.0,480.62989095077603,0.0,-1514.2864360597255
2025-05-16T01:30:00Z,2025-05-16T01:45:00Z,2025-05-16,2025-05-16_4,-99.99999999999991,100,0,0,115.49018217391351,132.0580021739135,0.04602172222222221,6.9915,0.0,True,True,False,False,-2166.249999999998,0.0,171.33367298949676,0.0,1267.543660546324,0.0,-727.3726664641774
2025-05-16T01:45:00Z,2025-05-16T02:00:00Z,2025-05-16,2025-05-16_4,-99.99999999999991,100,0,0,132.0580021739135,153.2069621739135,0.058747111111111076,2.012,0.0,True,True,False,False,-2166.249999999998,0.0,171.33367298949676,0.0,346.6508990437373,0.0,-1648.265427966764
2025-05-16T02:00:00Z,2025-05-16T02:15:00Z,2025-05-16,2025-05-16_5,0.0,100,100,0,153.2069621739135,136.42217956521785,0.04662439613526569,15.442,0.0,True,True,False,False,0.0,0.0,171.33367298949676,179.6813763912839,13797.792534096252,0.0,14148.807583477033
2025-05-16T02:15:00Z,2025-05-16T02:30:00Z,2025-05-16,2025-05-16_5,0.0,100,100,0,136.42217956521785,125.94174478260915,0.029112318840579708,9.642,0.0,True,True,False,False,0.0,0.0,171.33367298949676,179.6813763912839,2311.4423937921306,0.0,2662.457443172911
2025-05-16T02:30:00Z,2025-05-16T02:45:00Z,2025-05-16,2025-05-16_5,0.0,100,100,0,125.94174478260915,124.95533173913088,0.0027400362318840575,0.9075,0.0,True,True,False,False,0.0,0.0,171.33367298949676,179.6813763912839,150.81319123295188,0.0,501.82824061373253
2025-05-16T02:45:00Z,2025-05-16T03:00:00Z,2025-05-16,2025-05-16_5,0.0,100,100,0,124.95533173913088,124.18769000000044,0.0021400048309178745,0.7075,0.0015,True,True,False,False,0.0,0.0,171.33367298949676,179.6813763912839,115.8155539661389,-0.11463395516538642,466.7159693917542
2025-05-16T03:00:00Z,2025-05-16T03:15:00Z,2025-05-16,2025-05-16_6,0.0,100,100,0,124.18769000000044,125.59600913043523,0.004069002415458938,0.026,1.5615,True,True,False,False,0.0,0.0,171.33367298949676,179.6813763912839,3.7690065057218995,-59.00023348095313,295.7838224055494
2025-05-16T03:15:00Z,2025-05-16T03:30:00Z,2025-05-16,2025-05-16_6,0.0,100,100,0,125.59600913043523,125.89869956521784,0.0010400821256038649,0.033,0.368,True,True,False,False,0.0,0.0,171.33367298949676,179.6813763912839,4.755053495845743,-14.857372628938704,340.9127302476877
2025-05-16T03:30:00Z,2025-05-16T03:45:00Z,2025-05-16,2025-05-16_6,0.0,100,100,0,125.89869956521784,126.20010130434828,0.003578772946859903,0.45399999999999996,0.864,True,True,False,False,0.0,0.0,171.33367298949676,179.6813763912839,78.29338179965511,-32.77551967393008,396.5329115065057
2025-05-16T03:45:00Z,2025-05-16T04:00:00Z,2025-05-16,2025-05-16_6,0.0,100,100,0,126.20010130434828,116.5658621739135,0.02676177536231884,8.8635,0.0,True,True,False,False,0.0,0.0,171.33367298949676,179.6813763912839,1858.3667209789935,0.0,2209.3817703597742
2025-05-16T04:00:00Z,2025-05-16T04:15:00Z,2025-05-16,2025-05-16_7,0.0,100,100,0,116.5658621739135,113.41297869565264,0.009578342995169083,3.0365,0.1605,True,True,False,False,0.0,0.0,171.33367298949676,178.79957673616553,580.5289136228249,-11.43332908763129,919.2288342608559
2025-05-16T04:15:00Z,2025-05-16T04:30:00Z,2025-05-16,2025-05-16_7,0.0,100,100,0,113.41297869565264,100.37873956521786,0.036206219806763286,11.9915,0.0,True,True,False,False,0.0,0.0,171.33367298949676,178.79957673616553,2460.5861519242826,0.0,2810.7194016499448
2025-05-16T04:30:00Z,2025-05-16T04:45:00Z,2025-05-16,2025-05-16_7,0.0,100,100,0,100.37873956521786,96.65591347826134,0.010341183574879224,3.4249999999999994,0.0,True,True,False,False,0.0,0.0,171.33367298949676,178.79957673616553,644.2640304122901,0.0,994.3972801379524
2025-05-16T04:45:00Z,2025-05-16T05:00:00Z,2025-05-16,2025-05-16_7,0.0,100,100,0,96.65591347826134,94.19558739130481,0.0068342391304347825,2.2635,0.0,True,True,False,False,0.0,0.0,171.33367298949676,178.79957673616553,399.03413240711717,0.0,749.1673821327795
2025-05-16T05:00:00Z,2025-05-16T05:15:00Z,2025-05-16,2025-05-16_8,74.0,26,100,0,94.19558739130481,74.2465453913048,0.05564988333333334,0.02353,0.1775,True,True,False,False,2158.025,0.0,44.54675497726916,178.79957673616553,3.9510499647280133,-12.664300830851229,2372.658080847312
2025-05-16T05:15:00Z,2025-05-16T05:30:00Z,2025-05-16,2025-05-16_8,74.0,26,100,0,74.2465453913048,53.793773652174366,0.05681325483091788,0.31655,0.0,True,True,False,False,2158.025,0.0,44.54675497726916,178.79957673616553,55.6993891773789,0.0,2437.070720890814
2025-05-16T05:30:00Z,2025-05-16T05:45:00Z,2025-05-16,2025-05-16_8,74.0,26,100,0,53.793773652174366,33.55575386087003,0.05625393053140095,0.14586000000000002,0.028000000000000004,True,True,False,False,2158.025,0.0,44.54675497726916,178.79957673616553,25.351949694309454,-2.040386424204421,2404.68289498354
2025-05-16T05:45:00Z,2025-05-16T06:00:00Z,2025-05-16,2025-05-16_8,74.0,26,100,0,33.55575386087003,13.094682608696115,0.0569286668115942,0.39091,0.0695,True,True,False,False,2158.025,0.0,44.54675497726916,178.79957673616553,68.86954514618277,-5.0016657195485195,2445.239211140069
2025-05-16T06:00:00Z,2025-05-16T06:15:00Z,2025-05-16,2025-05-16_9,0.863290079065542,99,100,0,13.094682608696115,12.755551533124905,0.0014056601122058204,0.17374499999999998,0.0915,True,True,False,False,23.481490150582744,0.0,169.6203362596018,179.6813763912839,25.935302098683174,-4.699989516381877,394.01851538376974
2025-05-16T06:15:00Z,2025-05-16T06:30:00Z,2025-05-16,2025-05-16_9,0.863290079065542,99,100,0,12.755551533124905,10.845987462361997,0.0055526270234100596,1.582515,0.049,True,True,False,False,23.481490150582744,0.0,169.6203362596018,179.6813763912839,267.82032102700265,-2.059494042953441,638.5440297855176
2025-05-16T06:30:00Z,2025-05-16T06:45:00Z,2025-05-16,2025-05-16_9,0.863290079065542,99,100,0,10.845987462361997,9.999999999999927,0.0024969078077107768,0.58707,0.029,True,True,False,False,23.481490150582744,0.0,169.6203362596018,179.6813763912839,85.40170515754821,-1.452028727073209,456.73287923194346
2025-05-16T06:45:00Z,2025-05-16T07:00:00Z,2025-05-16,2025-05-16_9,0.863290079065542,99,100,0,9.999999999999927,12.026237604051177,0.007259444652590145,0.07622999999999999,2.5435,True,True,False,False,23.481490150582744,0.0,169.6203362596018,179.6813763912839,10.891709298087473,-14.951884405862986,368.7230276936929
2025-05-16T07:00:00Z,2025-05-16T07:15:00Z,2025-05-16,2025-05-16_10,6.0,94,100,0,12.026237604051177,13.813249847529438,0.012711628212560385,0.0037600000000000003,3.679,True,True,False,False,142.14000000000001,0.0,161.05365261012696,179.9459162878194,0.4052359303966139,-44.4454516773789,439.0993531509641
2025-05-16T07:15:00Z,2025-05-16T07:30:00Z,2025-05-16,2025-05-16_10,6.0,94,100,0,13.813249847529438,12.270090595355525,0.005093700144927537,0.06345,0.168,True,True,False,False,142.14000000000001,0.0,161.05365261012696,179.9459162878194,6.838356325442859,-7.724569681768303,482.2533555416209
2025-05-16T07:30:00Z,2025-05-16T07:45:00Z,2025-05-16,2025-05-16_10,6.0,94,100,0,12.270090595355525,10.626920351877263,0.005097655120772947,0.10669,0.11100000000000002,True,True,False,False,142.14000000000001,0.0,161.05365261012696,179.9459162878194,11.498569525003917,-5.523985734441135,489.11415268850914
2025-05-16T07:45:00Z,2025-05-16T08:00:00Z,2025-05-16,2025-05-16_10,6.0,94,100,0,10.626920351877263,10.006378873616393,0.007080681884057971,0.024909999999999998,1.115,True,True,False,False,142.14000000000001,0.0,161.05365261012696,179.9459162878194,2.6846880388775665,-42.21867357736322,443.6055833594607
2025-05-16T08:00:00Z,2025-05-16T08:15:00Z,2025-05-16,2025-05-16_11,0.005868563727138025,0,0,0,10.006378873616393,10.00478415521228,4.429773344759983e-06,0.0,0.0,True,False,False,False,0.12932847313680423,0.0,0.0,0.0,0.0,0.0,0.12932847313680423
2025-05-16T08:15:00Z,2025-05-16T08:30:00Z,2025-05-16,2025-05-16_11,0.005868563727138025,0,0,0,10.00478415521228,10.003189436808166,4.429773344759983e-06,0.0,0.0,True,False,False,False,0.12932847313680423,0.0,0.0,0.0,0.0,0.0,0.12932847313680423
2025-05-16T08:30:00Z,2025-05-16T08:45:00Z,2025-05-16,2025-05-16_11,0.005868563727138025,0,0,0,10.003189436808166,10.001594718404052,4.429773344759983e-06,0.0,0.0,True,False,False,False,0.12932847313680423,0.0,0.0,0.0,0.0,0.0,0.12932847313680423
2025-05-16T08:45:00Z,2025-05-16T09:00:00Z,2025-05-16,2025-05-16_11,0.005868563727138025,0,0,0,10.001594718404052,9.999999999999938,4.429773344759983e-06,0.0,0.0,True,False,False,False,0.12932847313680423,0.0,0.0,0.0,0.0,0.0,0.12932847313680423
2025-05-16T09:00:00Z,2025-05-16T09:15:00Z,2025-05-16,2025-05-16_12,-100.0,100,0,0,9.999999999999938,10.327059999999937,0.0009085000000000007,24.6445,0.0,True,True,False,False,-960.0,0.0,171.33367298949676,0.0,20455.485531627215,0.0,19666.819204616713
2025-05-16T09:15:00Z,2025-05-16T09:30:00Z,2025-05-16,2025-05-16_12,-100.0,100,0,0,10.327059999999937,10.725879999999936,0.0011078333333333276,24.5665,0.0,True,True,False,False,-960.0,0.0,171.33367298949676,0.0,11930.725153825051,0.0,11142.058826814548
2025-05-16T09:30:00Z,2025-05-16T09:45:00Z,2025-05-16,2025-05-16_12,-100.0,100,0,0,10.725879999999936,24.87501999999994,0.039303166666666674,9.6205,0.0,True,True,False,False,-960.0,0.0,171.33367298949676,0.0,1099.0561603503684,0.0,310.38983333986516
2025-05-16T09:45:00Z,2025-05-16T10:00:00Z,2025-05-16,2025-05-16_12,-100.0,100,0,0,24.87501999999994,42.41205999999994,0.04871399999999999,5.938,0.0,True,True,False,False,-960.0,0.0,171.33367298949676,0.0,641.0147331086378,0.0,-147.65159390186548
2025-05-16T10:00:00Z,2025-05-16T10:15:00Z,2025-05-16,2025-05-16_13,-72.9999999999999,100,27,0,42.41205999999994,58.087671530434704,0.045428147971014445,1.156,0.00135,True,True,False,False,-815.5924999999988,0.0,171.33367298949676,52.02177065370747,124.58849349427808,-0.08200736792600721,-467.73057023044254
2025-05-16T10:15:00Z,2025-05-16T10:30:00Z,2025-05-16,2025-05-16_13,-72.9999999999999,100,27,0,58.087671530434704,73.6436276173912,0.04529876086956516,1.2805,0.0018900000000000002,True,True,False,False,-815.5924999999988,0.0,171.33367298949676,52.02177065370747,138.00654491299576,-0.1444387835083869,-454.37495022730724
2025-05-16T10:30:00Z,2025-05-16T10:45:00Z,2025-05-16,2025-05-16_13,-72.9999999999999,100,27,0,73.6436276173912,90.27505581739118,0.04649841166666661,0.184,0.020655,True,True,False,False,-815.5924999999988,0.0,171.33367298949676,52.02177065370747,19.830694466217274,-1.045382123961436,-573.4517440145388
2025-05-16T10:45:00Z,2025-05-16T11:00:00Z,2025-05-16,2025-05-16_13,-72.9999999999999,100,27,0,90.27505581739118,97.86013936521724,0.03662076347826086,9.538,0.0,True,True,False,False,-815.5924999999988,0.0,171.33367298949676,52.02177065370747,1255.1762784135444,0.0,662.9392220567498
2025-05-16T11:00:00Z,2025-05-16T11:15:00Z,2025-05-16,2025-05-16_14,-100.00000000000006,0,0,0,97.86013936521724,120.86013936521725,0.06388888888888893,0.0,0.0,True,False,False,False,-1042.0000000000007,0.0,0.0,0.0,0.0,0.0,-1042.0000000000007
2025-05-16T11:15:00Z,2025-05-16T11:30:00Z,2025-05-16,2025-05-16_14,-100.00000000000006,0,0,0,120.86013936521725,143.86013936521726,0.06388888888888893,0.0,0.0,True,False,False,False,-1042.0000000000007,0.0,0.0,0.0,0.0,0.0,-1042.0000000000007
2025-05-16T11:30:00Z,2025-05-16T11:45:00Z,2025-05-16,2025-05-16_14,-100.00000000000006,0,0,0,143.86013936521726,166.86013936521726,0.06388888888888893,0.0,0.0,True,False,False,False,-1042.0000000000007,0.0,0.0,0.0,0.0,0.0,-1042.0000000000007
2025-05-16T11:45:00Z,2025-05-16T12:00:00Z,2025-05-16,2025-05-16_14,-100.00000000000006,0,0,0,166.86013936521726,189.86013936521726,0.06388888888888893,0.0,0.0,True,False,False,False,-1042.0000000000007,0.0,0.0,0.0,0.0,0.0,-1042.0000000000007
2025-05-16T12:00:00Z,2025-05-16T12:15:00Z,2025-05-16,2025-05-16_15,-0.15202242911166886,0,0,0,189.86013936521726,189.89510452391295,9.7125440821344e-05,0.0,0.0,True,False,False,False,-2.2803364366750327,0.0,0.0,0.0,0.0,0.0,-2.2803364366750327
2025-05-16T12:15:00Z,2025-05-16T12:30:00Z,2025-05-16,2025-05-16_15,-0.15202242911166886,0,0,0,189.89510452391295,189.93006968260863,9.7125440821344e-05,0.0,0.0,True,False,False,False,-2.2803364366750327,0.0,0.0,0.0,0.0,0.0,-2.2803364366750327
2025-05-16T12:30:00Z,2025-05-16T12:45:00Z,2025-05-16,2025-05-16_15,-0.15202242911166886,0,0,0,189.93006968260863,189.96503484130432,9.7125440821344e-05,0.0,0.0,True,False,False,False,-2.2803364366750327,0.0,0.0,0.0,0.0,0.0,-2.2803364366750327
2025-05-16T12:45:00Z,2025-05-16T13:00:00Z,2025-05-16,2025-05-16_15,-0.15202242911166886,0,0,0,189.96503484130432,190.0,9.7125440821344e-05,0.0,0.0,True,False,False,False,-2.2803364366750327,0.0,0.0,0.0,0.0,0.0,-2.2803364366750327
2025-05-16T13:00:00Z,2025-05-16T13:15:00Z,2025-05-16,2025-05-16_16,14.146901704825742,0,0,0,190.0,186.1557332323843,0.010678518798932474,0.0,0.0,True,False,False,False,311.8330808286214,0.0,0.0,0.0,0.0,0.0,311.8330808286214
2025-05-16T13:15:00Z,2025-05-16T13:30:00Z,2025-05-16,2025-05-16_16,14.146901704825742,0,0,0,186.1557332323843,182.3114664647686,0.010678518798932474,0.0,0.0,True,False,False,False,311.8330808286214,0.0,0.0,0.0,0.0,0.0,311.8330808286214
2025-05-16T13:30:00Z,2025-05-16T13:45:00Z,2025-05-16,2025-05-16_16,14.146901704825742,0,0,0,182.3114664647686,178.46719969715292,0.010678518798932474,0.0,0.0,True,False,False,False,311.8330808286214,0.0,0.0,0.0,0.0,0.0,311.8330808286214
2025-05-16T13:45:00Z,2025-05-16T14:00:00Z,2025-05-16,2025-05-16_16,14.146901704825742,0,0,0,178.46719969715292,174.62293292953723,0.010678518798932474,0.0,0.0,True,False,False,False,311.8330808286214,0.0,0.0,0.0,0.0,0.0,311.8330808286214
2025-05-16T14:00:00Z,2025-05-16T14:15:00Z,2025-05-16,2025-05-16_17,0.0,100,100,0,174.62293292953723,167.6669564077981,0.019355379227053136,6.404999999999999,0.0065,True,True,False,False,0.0,0.0,171.21609970214766,179.9459162878194,1035.8611508465276,-0.4983150768145476,1386.5248517596801
2025-05-16T14:15:00Z,2025-05-16T14:30:00Z,2025-05-16,2025-05-16_17,0.0,100,100,0,167.6669564077981,167.34167205997198,0.001062012077294686,0.3255,0.031,True,True,False,False,0.0,0.0,171.21609970214766,179.9459162878194,35.08092961279197,-2.3755712102210373,383.86737439253795
2025-05-16T14:30:00Z,2025-05-16T14:45:00Z,2025-05-16,2025-05-16_17,0.0,100,100,0,167.34167205997198,167.31339466866763,0.000561548309178744,0.106,0.0945,True,True,False,False,0.0,0.0,171.21609970214766,179.9459162878194,11.424204420755602,-5.842900630976642,356.743319779746
2025-05-16T14:45:00Z,2025-05-16T15:00:00Z,2025-05-16,2025-05-16_17,0.0,100,100,0,167.31339466866763,167.446384233885,0.0005173623188405796,0.0245,0.1735,True,True,False,False,0.0,0.0,171.21609970214766,179.9459162878194,2.6405000783821917,-8.77196308198777,345.03055298636144
2025-05-16T15:00:00Z,2025-05-16T15:15:00Z,2025-05-16,2025-05-16_18,1.6474376227724934,98,100,0,167.446384233885,185.99814385556948,0.051971385417506774,0.0,20.59,True,True,False,False,43.681808567812666,0.0,167.79177770810472,179.9459162878194,0.0,17592.337760620787,17983.757263184525
2025-05-16T15:15:00Z,2025-05-16T15:30:00Z,2025-05-16,2025-05-16_18,1.6474376227724934,98,100,0,185.99814385556948,188.26993908675962,0.008724941743619902,0.037239999999999995,2.991,True,True,False,False,43.681808567812666,0.0,167.79177770810472,179.9459162878194,4.01356011914093,51.66437901708732,447.09744169996503
2025-05-16T15:30:00Z,2025-05-16T15:45:00Z,2025-05-16,2025-05-16_18,1.6474376227724934,98,100,0,188.26993908675962,189.58443434962425,0.00596007378782266,0.0019600000000000004,1.912,True,True,False,False,43.681808567812666,0.0,167.79177770810472,179.9459162878194,0.21124000627057535,-55.631661702461194,335.9990808675461
2025-05-16T15:45:00Z,2025-05-16T16:00:00Z,2025-05-16,2025-05-16_18,1.6474376227724934,98,100,0,189.58443434962425,188.7287795374376,0.0024145207383186045,0.38171,0.0075,True,True,False,False,43.681808567812666,0.0,167.79177770810472,179.9459162878194,41.138991221194544,-0.5761091080106598,431.9823846769207
2025-05-16T16:00:00Z,2025-05-16T16:15:00Z,2025-05-16,2025-05-16_19,65.40840224432154,34,100,0,188.7287795374376,175.04540007235778,0.045071723306124654,0.01887,3.9945,True,True,False,False,2506.613495008012,0.0,58.07356168678476,179.6813763912839,2.198621972487851,-107.59131584104092,2638.9757392175275
2025-05-16T16:15:00Z,2025-05-16T16:30:00Z,2025-05-16,2025-05-16_19,65.40840224432154,34,100,0,175.04540007235778,165.9732941048125,0.040148861148865775,0.0,8.455,True,True,False,False,2506.613495008012,0.0,58.07356168678476,179.6813763912839,0.0,2600.5139196974446,5344.882352783525
2025-05-16T16:30:00Z,2025-05-16T16:45:00Z,2025-05-16,2025-05-16_19,65.40840224432154,34,100,0,165.9732941048125,148.11739756639162,0.05000282002590416,0.29120999999999997,0.22799999999999998,True,True,False,False,2506.613495008012,0.0,58.07356168678476,179.6813763912839,49.22745498510738,-9.20493259131525,2784.3909554798724
2025-05-16T16:45:00Z,2025-05-16T17:00:00Z,2025-05-16,2025-05-16_19,65.40840224432154,34,100,0,148.11739756639162,128.3028208695651,0.05504049082451806,1.8773099999999998,0.0,True,True,False,False,2506.613495008012,0.0,58.07356168678476,179.6813763912839,351.44382122981654,0.0,3095.812254315897
2025-05-16T17:00:00Z,2025-05-16T17:15:00Z,2025-05-16,2025-05-16_20,0.0,100,100,0,128.3028208695651,131.97521391304335,0.010276574879227054,0.0125,4.0065,True,True,False,False,0.0,0.0,170.80459319642577,178.79957673616553,2.0477347546637406,-112.8724130937451,238.77949159350996
2025-05-16T17:15:00Z,2025-05-16T17:30:00Z,2025-05-16,2025-05-16_20,0.0,100,100,0,131.97521391304335,132.69817043478247,0.002080676328502416,0.012,0.8,True,True,False,False,0.0,0.0,170.80459319642577,178.79957673616553,1.6460260228875998,-41.801536290954694,309.4486596645242
2025-05-16T17:30:00Z,2025-05-16T17:45:00Z,2025-05-16,2025-05-16_20,0.0,100,100,0,132.69817043478247,129.96531304347812,0.0076321594202898545,2.521,0.008,True,True,False,False,0.0,0.0,170.80459319642577,178.79957673616553,443.80013599310234,-0.6115770496943094,792.7927288759994
2025-05-16T17:45:00Z,2025-05-16T18:00:00Z,2025-05-16,2025-05-16_20,0.0,100,100,0,129.96531304347812,129.01278347826073,0.003039471014492754,0.9415,0.077,True,True,False,False,0.0,0.0,170.80459319642577,178.79957673616553,163.82860107383604,-5.626573718451168,507.8061972879762
2025-05-16T18:00:00Z,2025-05-16T18:15:00Z,2025-05-16,2025-05-16_21,100.0,0,100,0,129.01278347826073,107.2883269565216,0.060345712560386476,0.0,5.0135,True,True,False,False,4908.25,0.0,0.0,178.79957673616553,0.0,764.1864117612478,5851.235988497413
2025-05-16T18:15:00Z,2025-05-16T18:30:00Z,2025-05-16,2025-05-16_21,100.0,0,100,0,107.2883269565216,93.07256608695639,0.03948822463768115,0.0,11.9215,True,True,False,False,4908.25,0.0,0.0,178.79957673616553,0.0,8956.851512384386,14043.901089120553
2025-05-16T18:30:00Z,2025-05-16T18:45:00Z,2025-05-16,2025-05-16_21,100.0,0,100,0,93.07256608695639,67.04213130434769,0.07230676328502415,0.0,1.052,True,True,False,False,4908.25,0.0,0.0,178.79957673616553,0.0,-66.36451873334377,5020.685058002822
2025-05-16T18:45:00Z,2025-05-16T19:00:00Z,2025-05-16,2025-05-16_21,100.0,0,100,0,67.04213130434769,41.48397913043464,0.07099486714975846,0.0,1.4865,True,True,False,False,4908.25,0.0,0.0,178.79957673616553,0.0,479.5401461827872,5566.589722918953
2025-05-16T19:00:00Z,2025-05-16T19:15:00Z,2025-05-16,2025-05-16_22,0.0,100,100,0,41.48397913043464,29.4765669565216,0.0355108115942029,11.404,0.422,True,True,False,False,0.0,0.0,171.21609970214766,179.6813763912839,6055.264330616084,-9.29711514343941,6396.8646915660765
2025-05-16T19:15:00Z,2025-05-16T19:30:00Z,2025-05-16,2025-05-16_22,0.0,100,100,0,29.4765669565216,26.911893043478123,0.0071240942028985505,2.3595,0.0,True,True,False,False,0.0,0.0,171.21609970214766,179.6813763912839,430.39144223232483,0.0,781.2889183257564
2025-05-16T19:30:00Z,2025-05-16T19:45:00Z,2025-05-16,2025-05-16_22,0.0,100,100,0,26.911893043478123,26.8806817391303,0.00042658695652173916,0.085,0.0665,True,True,False,False,0.0,0.0,171.21609970214766,179.6813763912839,11.831792796676593,-5.01460456184355,357.7146643282646
2025-05-16T19:45:00Z,2025-05-16T20:00:00Z,2025-05-16,2025-05-16_22,0.0,100,100,0,26.8806817391303,30.429220869565082,0.010152946859903382,0.049,3.9149999999999996,True,True,False,False,0.0,0.0,171.21609970214766,179.6813763912839,5.937447679887129,2186.3179103307725,2543.152834104091
2025-05-16T20:00:00Z,2025-05-16T20:15:00Z,2025-05-16,2025-05-16_23,0.0,100,100,0,30.429220869565082,16.96212608695639,0.039079929951690816,12.6665,0.327,True,True,False,False,0.0,0.0,171.21609970214766,179.6813763912839,10657.862454244394,-11.78672499608089,10996.973205341745
2025-05-16T20:15:00Z,2025-05-16T20:30:00Z,2025-05-16,2025-05-16_23,0.0,100,100,0,16.96212608695639,16.071453913043342,0.002571200483091787,0.8354999999999999,0.019,True,True,False,False,0.0,0.0,171.21609970214766,179.6813763912839,125.18141685609028,-1.454383132152375,474.62450981736947
2025-05-16T20:30:00Z,2025-05-16T20:45:00Z,2025-05-16,2025-05-16_23,0.0,100,100,0,16.071453913043342,9.999999999999865,0.01752192753623188,5.6945,0.1285,True,True,False,False,0.0,0.0,171.21609970214766,179.6813763912839,1125.7963565018026,-4.90202118278727,1471.7918114124468
2025-05-16T20:45:00Z,2025-05-16T21:00:00Z,2025-05-16,2025-05-16_23,0.0,100,100,0,9.999999999999865,12.190353043478126,0.006090352657004831,0.001,2.382,True,True,False,False,0.0,0.0,171.21609970214766,179.6813763912839,0.1371688352406333,-90.66508504467787,260.3695598839943
2025-05-16T21:00:00Z,2025-05-16T21:15:00Z,2025-05-17,2025-05-16_24,-85.86535322113318,100,14,0,12.190353043478126,17.896847631970527,0.028566154396862317,14.896499999999998,0.01498,True,True,False,False,-2561.14882320335,0.0,171.21274469460937,24.846275939098234,14353.987526894362,-0.5796652087864715,11988.318059115933
2025-05-16T21:15:00Z,2025-05-16T21:30:00Z,2025-05-17,2025-05-16_24,-85.86535322113318,100,14,0,17.896847631970527,28.283964225707912,0.03732151336524438,9.9215,0.0,True,True,False,False,-2561.14882320335,0.0,171.21274469460937,24.846275939098234,2050.3927858444536,0.0,-314.69701672518863
2025-05-16T21:30:00Z,2025-05-16T21:45:00Z,2025-05-17,2025-05-16_24,-85.86535322113318,100,14,0,28.283964225707912,38.83196440028837,0.03762288337991735,9.751,0.0,True,True,False,False,-2561.14882320335,0.0,171.21274469460937,24.846275939098234,2943.344881547234,0.0,578.2550789775917
2025-05-16T21:45:00Z,2025-05-16T22:00:00Z,2025-05-17,2025-05-16_24,-85.86535322113318,100,14,0,38.83196440028837,50.753372504001305,0.0401955757925655,8.2955,0.0,True,True,False,False,-2561.14882320335,0.0,171.21274469460937,24.846275939098234,1702.5159288107695,0.0,-662.5738737588727
2025-05-16T22:00:00Z,2025-05-16T22:15:00Z,2025-05-17,2025-05-17_1,0.0,100,100,0,50.753372504001305,35.62402467791435,0.042025966183574875,13.919,0.0,True,True,False,False,0.0,0.0,171.21274469460937,177.47339956498737,9983.858438853293,0.0,10332.544583112889
2025-05-16T22:15:00Z,2025-05-16T22:30:00Z,2025-05-17,2025-05-17_1,0.0,100,100,0,35.62402467791435,32.41737859095783,0.008927794685990338,2.9535,0.004,True,True,False,False,0.0,0.0,171.21274469460937,177.47339956498737,517.6510375639292,-0.3064683636078616,866.030713459918
2025-05-16T22:30:00Z,2025-05-16T22:45:00Z,2025-05-17,2025-05-17_1,0.0,100,100,0,32.41737859095783,32.23339337356652,0.0005698478260869565,0.179,0.0115,True,True,False,False,0.0,0.0,171.21274469460937,177.47339956498737,25.48388552505242,-0.8811934434581545,373.28883634119103
2025-05-16T22:45:00Z,2025-05-16T23:00:00Z,2025-05-17,2025-05-17_1,0.0,100,100,0,32.23339337356652,34.601933373566524,0.0065792777777777785,0.0,2.5745,True,True,False,False,0.0,0.0,171.21274469460937,177.47339956498737,0.0,-39.144426743479706,309.54171751611705
2025-05-16T23:00:00Z,2025-05-16T23:15:00Z,2025-05-17,2025-05-17_2,0.0,100,100,0,34.601933373566524,36.65846902574043,0.0057337342995169086,0.0035000000000000005,2.2395,True,True,False,False,0.0,0.0,171.21274469460937,177.47339956498737,0.4800815158818804,-47.35147228264064,301.814753492838
2025-05-16T23:15:00Z,2025-05-16T23:30:00Z,2025-05-17,2025-05-17_2,0.0,100,100,0,36.65846902574043,37.47266902574043,0.0022616666666666666,0.0,0.885,True,True,False,False,0.0,0.0,171.21274469460937,177.47339956498737,0.0,-34.327761448474526,314.3583828111222
2025-05-16T23:30:00Z,2025-05-16T23:45:00Z,2025-05-17,2025-05-17_2,0.0,100,100,0,37.47266902574043,37.5589925040013,0.00044510144927536235,0.034,0.134,True,True,False,False,0.0,0.0,171.21274469460937,177.47339956498737,4.676580643897087,-8.395658103580036,344.9670667999138
2025-05-16T23:45:00Z,2025-05-17T00:00:00Z,2025-05-17,2025-05-17_2,0.0,100,100,0,37.5589925040013,37.44356902574043,0.00037684299516908213,0.1155,0.011,True,True,False,False,0.0,0.0,171.21274469460937,177.47339956498737,16.338453059784843,-0.7532390805949091,364.27135823878666
2025-05-17T00:00:00Z,2025-05-17T00:15:00Z,2025-05-17,2025-05-17_3,0.0,100,100,0,37.44356902574043,37.67035946052304,0.0008292487922705314,0.033,0.2855,True,True,False,False,0.0,0.0,171.21274469460937,177.47339956498737,4.526482864029158,-12.310967217290772,340.9016599063351
2025-05-17T00:15:00Z,2025-05-17T00:30:00Z,2025-05-17,2025-05-17_3,0.0,100,100,0,37.67035946052304,39.25689946052304,0.0044070555555555556,0.0,1.7245,True,True,False,False,0.0,0.0,171.21274469460937,177.47339956498737,0.0,-61.123054592126664,287.5630896674701
2025-05-17T00:30:00Z,2025-05-17T00:45:00Z,2025-05-17,2025-05-17_3,0.0,100,100,0,39.25689946052304,39.75286467791434,0.0014078743961352658,0.005,0.545,True,True,False,False,0.0,0.0,171.21274469460937,177.47339956498737,0.6858307369741148,-25.152893225951836,324.219081770619
2025-05-17T00:45:00Z,2025-05-17T01:00:00Z,2025-05-17,2025-05-17_3,0.0,100,100,0,39.75286467791434,41.03928033008825,0.00366395652173913,0.015,1.416,True,True,False,False,0.0,0.0,171.21274469460937,177.47339956498737,2.117844336017871,-54.11282581858798,296.69116277702665
2025-05-17T01:00:00Z,2025-05-17T01:15:00Z,2025-05-17,2025-05-17_4,0.0,100,100,0,41.03928033008825,41.52881076487086,0.0014896376811594204,0.0215,0.5575,True,True,False,False,0.0,0.0,171.21274469460937,177.47339956498737,2.9490721689886934,-24.6225070052711,327.01270942331433
2025-05-17T01:15:00Z,2025-05-17T01:30:00Z,2025-05-17,2025-05-17_4,0.0,100,100,0,41.52881076487086,41.48697859095782,0.0004152004830917874,0.088,0.0585,True,True,False,False,0.0,0.0,171.21274469460937,177.47339956498737,12.303411518037347,-4.026415848568573,356.9631399290655
2025-05-17T01:30:00Z,2025-05-17T01:45:00Z,2025-05-17,2025-05-17_4,0.0,100,100,0,41.48697859095782,40.60002206921869,0.0024637681159420284,0.8159999999999998,0.0,True,True,False,False,0.0,0.0,171.21274469460937,177.47339956498737,118.52330844747515,0.0,467.2094527070719
2025-05-17T01:45:00Z,2025-05-17T02:00:00Z,2025-05-17,2025-05-17_4,0.0,100,100,0,40.60002206921869,37.115239460523036,0.009679951690821255,3.206,0.0,True,True,False,False,0.0,0.0,171.21274469460937,177.47339956498737,552.7163349205416,0.0,901.4024791801384
2025-05-17T02:00:00Z,2025-05-17T02:15:00Z,2025-05-17,2025-05-17_5,0.0,100,100,0,37.115239460523036,35.90638554747956,0.003529149758454106,1.1405,0.0335,True,True,False,False,0.0,0.0,171.21274469460937,177.47339956498737,190.51443174024652,-2.1733020790468913,537.0272739207963
2025-05-17T02:15:00Z,2025-05-17T02:30:00Z,2025-05-17,2025-05-17_5,0.0,100,100,0,35.90638554747956,35.91334902574043,0.0004329903381642512,0.0685,0.0885,True,True,False,False,0.0,0.0,171.21274469460937,177.47339956498737,9.555382889502873,-5.082389924166716,353.1591372249329
2025-05-17T02:30:00Z,2025-05-17T02:45:00Z,2025-05-17,2025-05-17_5,0.0,100,100,0,35.91334902574043,35.88979076487087,0.00045388405797101443,0.086,0.076,True,True,False,False,0.0,0.0,171.21274469460937,177.47339956498737,12.119608096721729,-4.893305116297298,355.91244724002115
2025-05-17T02:45:00Z,2025-05-17T03:00:00Z,2025-05-17,2025-05-17_5,0.0,100,100,0,35.88979076487087,36.089489025740434,0.0008687270531400968,0.052,0.2785,True,True,False,False,0.0,0.0,171.21274469460937,177.47339956498737,7.37835910097388,-13.018441106734858,343.04606225383577
2025-05-17T03:00:00Z,2025-05-17T03:15:00Z,2025-05-17,2025-05-17_6,0.0,100,100,0,36.089489025740434,41.63248902574043,0.015397222222222222,0.0,6.025,True,True,False,False,0.0,0.0,171.21274469460937,177.47339956498737,0.0,-41.98480395038504,306.7013403092117
2025-05-17T03:15:00Z,2025-05-17T03:30:00Z,2025-05-17,2025-05-17_6,0.0,100,100,0,41.63248902574043,46.34748902574043,0.013097222222222222,0.0,5.125,True,True,False,False,0.0,0.0,171.21274469460937,177.47339956498737,0.0,-119.78820077204946,228.89794348754728
2025-05-17T03:30:00Z,2025-05-17T03:45:00Z,2025-05-17,2025-05-17_6,0.0,100,100,0,46.34748902574043,52.50826902574043,0.017113277777777776,0.0,6.6964999999999995,True,True,False,False,0.0,0.0,171.21274469460937,177.47339956498737,0.0,-220.9334558031078,127.75268845648895
2025-05-17T03:45:00Z,2025-05-17T04:00:00Z,2025-05-17,2025-05-17_6,0.0,100,100,0,52.50826902574043,57.48730902574043,0.013830666666666668,0.0,5.412,True,True,False,False,0.0,0.0,171.21274469460937,177.47339956498737,0.0,-199.07947563341367,149.60666862618308
2025-05-17T04:00:00Z,2025-05-17T04:15:00Z,2025-05-17,2025-05-17_7,0.0,100,100,0,57.48730902574043,57.557260330088255,0.0007921352657004831,0.099,0.193,True,True,False,False,0.0,0.0,171.21274469460937,176.8561519017107,13.881222738228207,-10.40092743910803,351.54919189544023
2025-05-17T04:15:00Z,2025-05-17T04:30:00Z,2025-05-17,2025-05-17_7,0.0,100,100,0,57.557260330088255,58.217402938783906,0.0018488260869565219,0.0025,0.7205,True,True,False,False,0.0,0.0,171.21274469460937,176.8561519017107,0.3429153684870574,-34.185101111045796,314.22671085376135
2025-05-17T04:30:00Z,2025-05-17T04:45:00Z,2025-05-17,2025-05-17_7,0.0,100,100,0,58.217402938783906,60.2317429387839,0.0055953888888888885,0.0,2.1895,True,True,False,False,0.0,0.0,171.21274469460937,176.8561519017107,0.0,-83.77230448925205,264.296592107068
2025-05-17T04:45:00Z,2025-05-17T05:00:00Z,2025-05-17,2025-05-17_7,0.0,100,100,0,60.2317429387839,62.8762829387839,0.007345944444444445,0.0,2.8745,True,True,False,False,0.0,0.0,171.21274469460937,176.8561519017107,0.0,-120.07584024062862,227.99305635569144
2025-05-17T05:00:00Z,2025-05-17T05:15:00Z,2025-05-17,2025-05-17_8,-50.854713706616195,100,49,0,62.8762829387839,74.62427382615174,0.03355181442794218,0.3095,0.39298000000000005,True,True,False,False,-1150.5878976121915,0.0,171.21274469460937,86.65951443183823,44.785164893304334,-13.848669719593207,-861.7791433120327
2025-05-17T05:15:00Z,2025-05-17T05:30:00Z,2025-05-17,2025-05-17_8,-50.854713706616195,100,49,0,74.62427382615174,80.01845657516643,0.033649256316238704,6.2895,0.0,True,True,False,False,-1150.5878976121915,0.0,171.21274469460937,86.65951443183823,1105.915766268885,0.0,213.20012778314106
2025-05-17T05:30:00Z,2025-05-17T05:45:00Z,2025-05-17,2025-05-17_8,-50.854713706616195,100,49,0,80.01845657516643,73.69415085716258,0.03580379019758679,17.984,0.0,True,True,False,False,-1150.5878976121915,0.0,171.21274469460937,86.65951443183823,15889.876972155273,0.0,14997.161333669528
2025-05-17T05:45:00Z,2025-05-17T06:00:00Z,2025-05-17,2025-05-17_8,-50.854713706616195,100,49,0,73.69415085716258,71.3800542840566,0.03506648252362424,13.982,0.0,True,True,False,False,-1150.5878976121915,0.0,171.21274469460937,86.65951443183823,4681.130201634236,0.0,3788.414563148492
2025-05-17T06:00:00Z,2025-05-17T06:15:00Z,2025-05-17,2025-05-17_9,-2.3914655697894567,100,97,0,71.3800542840566,44.915017542840936,0.07352065250802513,24.9455,0.0,True,True,False,False,-36.12906609559422,0.0,171.21274469460937,172.14919757803776,28885.997408441595,0.0,29193.230284618647
2025-05-17T06:15:00Z,2025-05-17T06:30:00Z,2025-05-17,2025-05-17_9,-2.3914655697894567,100,97,0,44.915017542840936,21.168219974778378,0.06627678659891972,22.4355,0.0,True,True,False,False,-36.12906609559422,0.0,171.21274469460937,172.14919757803776,22817.263554758687,0.0,23124.49643093574
2025-05-17T06:30:00Z,2025-05-17T06:45:00Z,2025-05-17,2025-05-17_9,-2.3914655697894567,100,97,0,21.168219974778378,10.318438467703995,0.031907384562451055,10.5265,0.0,True,True,False,False,-36.12906609559422,0.0,171.21274469460937,172.14919757803776,7091.1560053298845,0.0,7398.388881506938
2025-05-17T06:45:00Z,2025-05-17T07:00:00Z,2025-05-17,2025-05-17_9,-2.3914655697894567,100,97,0,10.318438467703995,10.542798593064933,0.002471065296526218,0.3135,0.015035,True,True,False,False,-36.12906609559422,0.0,171.21274469460937,172.14919757803776,45.22605931456117,-1.1784531577606647,351.2804823338534
2025-05-17T07:00:00Z,2025-05-17T07:15:00Z,2025-05-17,2025-05-17_10,0.0,100,100,0,10.542798593064933,10.783065549586674,0.001078036231884058,0.068,0.3415,True,True,False,False,0.0,0.0,171.21274469460937,177.47339956498737,6.064076185997297,-17.91294074422433,336.8372797013697
2025-05-17T07:15:00Z,2025-05-17T07:30:00Z,2025-05-17,2025-05-17_10,0.0,100,100,0,10.783065549586674,15.073945549586673,0.01191911111111111,0.0,4.664,True,True,False,False,0.0,0.0,171.21274469460937,177.47339956498737,0.0,-67.00118903454627,281.6849552250505
2025-05-17T07:30:00Z,2025-05-17T07:45:00Z,2025-05-17,2025-05-17_10,0.0,100,100,0,15.073945549586673,24.530625549586674,0.026268555555555555,0.0,10.279,True,True,False,False,0.0,0.0,171.21274469460937,177.47339956498737,0.0,-0.0,348.68614425959674
2025-05-17T07:45:00Z,2025-05-17T08:00:00Z,2025-05-17,2025-05-17_10,0.0,100,100,0,24.530625549586674,28.292141201760586,0.010678123188405797,0.038,4.1335,True,True,False,False,0.0,0.0,171.21274469460937,177.47339956498737,3.388748456880842,-72.13477093253384,279.94012178394377
2025-05-17T08:00:00Z,2025-05-17T08:15:00Z,2025-05-17,2025-05-17_11,-36.48263290923946,0,0,0,28.292141201760586,36.683146770885664,0.023308348803125215,0.0,0.0,True,False,False,False,-0.0,0.0,0.0,0.0,0.0,0.0,0.0
2025-05-17T08:15:00Z,2025-05-17T08:30:00Z,2025-05-17,2025-05-17_11,-36.48263290923946,0,0,0,36.683146770885664,45.07415234001074,0.023308348803125215,0.0,0.0,True,False,False,False,-0.0,0.0,0.0,0.0,0.0,0.0,0.0
2025-05-17T08:30:00Z,2025-05-17T08:45:00Z,2025-05-17,2025-05-17_11,-36.48263290923946,0,0,0,45.07415234001074,53.46515790913582,0.023308348803125215,0.0,0.0,True,False,False,False,-0.0,0.0,0.0,0.0,0.0,0.0,0.0
2025-05-17T08:45:00Z,2025-05-17T09:00:00Z,2025-05-17,2025-05-17_11,-36.48263290923946,0,0,0,53.46515790913582,61.856163478260896,0.023308348803125215,0.0,0.0,True,False,False,False,-0.0,0.0,0.0,0.0,0.0,0.0,0.0
2025-05-17T09:00:00Z,2025-05-17T09:15:00Z,2025-05-17,2025-05-17_12,-100.0,0,0,0,61.856163478260896,84.8561634782609,0.06388888888888888,0.0,0.0,True,False,False,False,-0.0,0.0,0.0,0.0,0.0,0.0,0.0
2025-05-17T09:15:00Z,2025-05-17T09:30:00Z,2025-05-17,2025-05-17_12,-100.0,0,0,0,84.8561634782609,107.8561634782609,0.06388888888888888,0.0,0.0,True,False,False,False,-0.0,0.0,0.0,0.0,0.0,0.0,0.0
2025-05-17T09:30:00Z,2025-05-17T09:45:00Z,2025-05-17,2025-05-17_12,-100.0,0,0,0,107.8561634782609,130.8561634782609,0.06388888888888888,0.0,0.0,True,False,False,False,-0.0,0.0,0.0,0.0,0.0,0.0,0.0
2025-05-17T09:45:00Z,2025-05-17T10:00:00Z,2025-05-17,2025-05-17_12,-100.0,0,0,0,130.8561634782609,153.8561634782609,0.06388888888888888,0.0,0.0,True,False,False,False,-0.0,0.0,0.0,0.0,0.0,0.0,0.0
2025-05-17T10:00:00Z,2025-05-17T10:15:00Z,2025-05-17,2025-05-17_13,0.0,100,100,0,153.8561634782609,160.49016260869567,0.01851533574879227,0.0145,7.228,True,True,False,False,0.0,0.0,171.21274469460937,196.34354241373228,1.2785844453588857,3043.4875425704936,3412.322414124194
2025-05-17T10:15:00Z,2025-05-17T10:30:00Z,2025-05-17,2025-05-17_13,0.0,100,100,0,160.49016260869567,160.65681565217392,0.0006078526570048309,0.024,0.20950000000000002,True,True,False,False,0.0,0.0,171.21274469460937,196.34354241373228,2.116277702662983,-12.463511453373307,357.2090533576313
2025-05-17T10:30:00Z,2025-05-17T10:45:00Z,2025-05-17,2025-05-17_13,0.0,100,100,0,160.65681565217392,164.88053565217393,0.011732555555555555,0.0,4.591,True,True,False,False,0.0,0.0,171.21274469460937,196.34354241373228,0.0,-10.27179236964317,357.28449473869847
2025-05-17T10:45:00Z,2025-05-17T11:00:00Z,2025-05-17,2025-05-17_13,0.0,100,100,0,164.88053565217393,169.33149565217394,0.012363777777777779,0.0,4.838,True,True,False,False,0.0,0.0,171.21274469460937,196.34354241373228,0.0,-104.8162232281073,262.74006388023435
2025-05-17T11:00:00Z,2025-05-17T11:15:00Z,2025-05-17,2025-05-17_14,0.0,100,100,0,169.33149565217394,169.97245478260874,0.002006891304347826,0.0375,0.741,True,True,False,False,0.0,0.0,171.21274469460937,196.6374698724355,3.3066839104109107,-31.52513373699371,339.6317647404621
2025-05-17T11:15:00Z,2025-05-17T11:30:00Z,2025-05-17,2025-05-17_14,0.0,100,100,0,169.97245478260874,170.2434973913044,0.0011152149758454108,0.06,0.3655,True,True,False,False,0.0,0.0,171.21274469460937,196.6374698724355,5.290694256657457,-16.871814610154214,356.2690942135481
2025-05-17T11:30:00Z,2025-05-17T11:45:00Z,2025-05-17,2025-05-17_14,0.0,100,100,0,170.2434973913044,171.36448000000004,0.0031983816425120775,0.014000000000000002,1.235,True,True,False,False,0.0,0.0,171.21274469460937,196.6374698724355,1.2344953265534069,-45.01834303293948,324.0663668606588
2025-05-17T11:45:00Z,2025-05-17T12:00:00Z,2025-05-17,2025-05-17_14,0.0,100,100,0,171.36448000000004,175.35636000000005,0.011088555555555556,0.0,4.339,True,True,False,False,0.0,0.0,171.21274469460937,196.6374698724355,0.0,-97.81008778633434,270.0401267807105
2025-05-17T12:00:00Z,2025-05-17T12:15:00Z,2025-05-17,2025-05-17_15,0.0,100,100,0,175.35636000000005,180.18084000000005,0.013401333333333335,0.0,5.244,True,True,False,False,0.0,0.0,171.21274469460937,195.7556874963259,0.0,-85.04891893480688,281.91951325612837
2025-05-17T12:15:00Z,2025-05-17T12:30:00Z,2025-05-17,2025-05-17_15,0.0,100,100,0,180.18084000000005,185.89266000000003,0.015866166666666667,0.0,6.2085,True,True,False,False,0.0,0.0,171.21274469460937,195.7556874963259,0.0,-74.5608817823761,292.40755040855913
2025-05-17T12:30:00Z,2025-05-17T12:45:00Z,2025-05-17,2025-05-17_15,0.0,100,100,0,185.89266000000003,189.74836956521742,0.012108251207729471,0.2315,4.4645,True,True,False,False,0.0,0.0,171.21274469460937,195.7556874963259,20.41326200693669,-39.914815315580114,347.46687888229184
2025-05-17T12:45:00Z,2025-05-17T13:00:00Z,2025-05-17,2025-05-17_15,0.0,100,100,0,189.74836956521742,181.1913043478261,0.02376962560386473,7.872499999999999,0.0,True,True,False,False,0.0,0.0,171.21274469460937,195.7556874963259,3481.165106891618,0.0,3848.1335390825534
2025-05-17T13:00:00Z,2025-05-17T13:15:00Z,2025-05-17,2025-05-17_16,-3.0,100,97,0,181.1913043478261,181.58114618260873,0.0029953637922705313,0.3265,0.057714999999999995,True,True,False,False,-0.0,0.0,171.21274469460937,189.8830168714361,28.790194579977666,-3.2145127711480805,386.671443374875
2025-05-17T13:15:00Z,2025-05-17T13:30:00Z,2025-05-17,2025-05-17_16,-3.0,100,97,0,181.58114618260873,179.76911416521742,0.0085266622705314,2.315,0.0029100000000000003,True,True,False,False,-0.0,0.0,171.21274469460937,189.8830168714361,310.5428722591264,-0.22238551525483513,671.416248309917
2025-05-17T13:30:00Z,2025-05-17T13:45:00Z,2025-05-17,2025-05-17_16,-3.0,100,97,0,179.76911416521742,173.97175500000003,0.019017722125603865,5.996,0.0,True,True,False,False,-0.0,0.0,171.21274469460937,189.8830168714361,1391.867894891541,0.0,1752.9636564575865
2025-05-17T13:45:00Z,2025-05-17T14:00:00Z,2025-05-17,2025-05-17_16,-3.0,100,97,0,173.97175500000003,171.78539670434785,0.009498914154589371,2.6585,0.0,True,True,False,False,-0.0,0.0,171.21274469460937,189.8830168714361,292.69703152861877,0.0,653.7927930946643
2025-05-17T14:00:00Z,2025-05-17T14:15:00Z,2025-05-17,2025-05-17_17,0.0,100,100,0,171.78539670434785,171.38606626956522,0.0011220289855072463,0.3695,0.0025,True,True,False,False,0.0,0.0,171.21274469460937,177.0912938686732,37.6182901259969,-0.19105284815707485,385.7312758411224
2025-05-17T14:15:00Z,2025-05-17T14:30:00Z,2025-05-17,2025-05-17_17,0.0,100,100,0,171.38606626956522,172.42901235652172,0.002909149758454106,0.002,1.136,True,True,False,False,0.0,0.0,171.21274469460937,177.0912938686732,0.2036172672584406,-44.5155377892736,303.9921180412674
2025-05-17T14:30:00Z,2025-05-17T14:45:00Z,2025-05-17,2025-05-17_17,0.0,100,100,0,172.42901235652172,171.82377931304347,0.002340536231884058,0.666,0.129,True,True,False,False,0.0,0.0,171.21274469460937,177.0912938686732,67.80454999706072,-8.334987948974193,407.7736006113691
2025-05-17T14:45:00Z,2025-05-17T15:00:00Z,2025-05-17,2025-05-17_17,0.0,100,100,0,171.82377931304347,166.41888800869566,0.01501358695652174,4.9725,0.0,True,True,False,False,0.0,0.0,171.21274469460937,177.0912938686732,550.0335459408618,0.0,898.3375845041444
2025-05-17T15:00:00Z,2025-05-17T15:15:00Z,2025-05-17,2025-05-17_18,0.0,100,100,0,166.41888800869566,180.5663193130435,0.03941013526570049,0.0185,15.3995,True,True,False,False,0.0,0.0,171.21274469460937,177.0912938686732,2.6799823643524774,10441.037828855837,10792.021849783472
2025-05-17T15:15:00Z,2025-05-17T15:30:00Z,2025-05-17,2025-05-17_18,0.0,100,100,0,180.5663193130435,189.79827061739132,0.025686579710144927,0.007000000000000001,10.043,True,True,False,False,0.0,0.0,171.21274469460937,177.0912938686732,1.01461250563361,3135.014756334136,3484.333407403052
2025-05-17T15:30:00Z,2025-05-17T15:45:00Z,2025-05-17,2025-05-17_18,0.0,100,100,0,189.79827061739132,182.2238140956522,0.021040157004830917,6.9685,0.0,True,True,False,False,0.0,0.0,171.21274469460937,177.0912938686732,2157.546352164286,0.0,2505.8503907275685
2025-05-17T15:45:00Z,2025-05-17T16:00:00Z,2025-05-17,2025-05-17_18,0.0,100,100,0,182.2238140956522,156.3874010521739,0.07176781400966183,23.7695,0.0,True,True,False,False,0.0,0.0,171.21274469460937,177.0912938686732,26838.5987621735,0.0,27186.90280073678
2025-05-17T16:00:00Z,2025-05-17T16:15:00Z,2025-05-17,2025-05-17_19,-36.13643363894141,0,0,0,156.3874010521739,164.69878078913044,0.023087165935990347,0.0,0.0,True,False,False,False,-1153.3846206709125,0.0,0.0,0.0,0.0,0.0,-1153.3846206709125
2025-05-17T16:15:00Z,2025-05-17T16:30:00Z,2025-05-17,2025-05-17_19,-36.13643363894141,0,0,0,164.69878078913044,173.01016052608696,0.023087165935990347,0.0,0.0,True,False,False,False,-1153.3846206709125,0.0,0.0,0.0,0.0,0.0,-1153.3846206709125
2025-05-17T16:30:00Z,2025-05-17T16:45:00Z,2025-05-17,2025-05-17_19,-36.13643363894141,0,0,0,173.01016052608696,181.3215402630435,0.023087165935990347,0.0,0.0,True,False,False,False,-1153.3846206709125,0.0,0.0,0.0,0.0,0.0,-1153.3846206709125
2025-05-17T16:45:00Z,2025-05-17T17:00:00Z,2025-05-17,2025-05-17_19,-36.13643363894141,0,0,0,181.3215402630435,189.63292,0.023087165935990347,0.0,0.0,True,False,False,False,-1153.3846206709125,0.0,0.0,0.0,0.0,0.0,-1153.3846206709125
2025-05-17T17:00:00Z,2025-05-17T17:15:00Z,2025-05-17,2025-05-17_20,0.0,100,100,0,189.63292,186.07934782608694,0.011910367149758455,3.6070000000000007,0.399,True,True,False,False,0.0,0.0,170.8012462524249,176.8561519017107,1206.3875241510398,-14.933591205690437,1539.111331099485
2025-05-17T17:15:00Z,2025-05-17T17:30:00Z,2025-05-17,2025-05-17_20,0.0,100,100,0,186.07934782608694,185.37065217391304,0.001968599033816425,0.652,0.0,True,True,False,False,0.0,0.0,170.8012462524249,176.8561519017107,112.87599082946329,0.0,460.5333889835989
2025-05-17T17:30:00Z,2025-05-17T17:45:00Z,2025-05-17,2025-05-17_20,0.0,100,100,0,185.37065217391304,184.15597826086957,0.00337409420289855,1.1175,0.0,True,True,False,False,0.0,0.0,170.8012462524249,176.8561519017107,195.25604314855093,0.0,542.9134413026866
2025-05-17T17:45:00Z,2025-05-17T18:00:00Z,2025-05-17,2025-05-17_20,0.0,100,100,0,184.15597826086957,159.1201086956522,0.06954408212560387,23.033,0.0,True,True,False,False,0.0,0.0,170.8012462524249,176.8561519017107,30449.830906276333,0.0,30797.48830443047
2025-05-17T18:00:00Z,2025-05-17T18:15:00Z,2025-05-17,2025-05-17_21,0.0,100,100,0,159.1201086956522,136.5255434782609,0.06276268115942028,20.787,0.0,True,True,False,False,0.0,0.0,170.8012462524249,176.35647522191525,23300.034371289166,0.0,23647.192092763507
2025-05-17T18:15:00Z,2025-05-17T18:30:00Z,2025-05-17,2025-05-17_21,0.0,100,100,0,136.5255434782609,112.69782608695654,0.0661881038647343,21.9215,0.0,True,True,False,False,0.0,0.0,170.8012462524249,176.35647522191525,26451.152951423588,0.0,26798.31067289793
2025-05-17T18:30:00Z,2025-05-17T18:45:00Z,2025-05-17,2025-05-17_21,0.0,100,100,0,112.69782608695654,91.17445652173915,0.05978713768115942,19.8015,0.0,True,True,False,False,0.0,0.0,170.8012462524249,176.35647522191525,19704.01545353007,0.0,20051.173175004413
2025-05-17T18:45:00Z,2025-05-17T19:00:00Z,2025-05-17,2025-05-17_21,0.0,100,100,0,91.17445652173915,87.66772695652176,0.009763915458937199,3.2300000000000004,0.0045,True,True,False,False,0.0,0.0,170.8012462524249,176.35647522191525,885.319246369996,-0.3456586914349538,1232.1313091529012
2025-05-17T19:00:00Z,2025-05-17T19:15:00Z,2025-05-17,2025-05-17_22,0.0,100,100,0,87.66772695652176,65.11935739130438,0.06263435990338163,20.7445,0.0,True,True,False,False,0.0,0.0,170.8012462524249,176.8561519017107,25842.1764323085,0.0,26189.833830462638
2025-05-17T19:15:00Z,2025-05-17T19:30:00Z,2025-05-17,2025-05-17_22,0.0,100,100,0,65.11935739130438,59.94996260869568,0.014420763285024153,4.766,0.012,True,True,False,False,0.0,0.0,170.8012462524249,176.8561519017107,2690.3389649834417,-0.9382164481805891,3037.058146689397
2025-05-17T19:30:00Z,2025-05-17T19:45:00Z,2025-05-17,2025-05-17_22,0.0,100,100,0,59.94996260869568,46.370614782608726,0.03772041062801932,12.493,0.0,True,True,False,False,0.0,0.0,170.8012462524249,176.8561519017107,9558.110745400034,0.0,9905.768143554169
2025-05-17T19:45:00Z,2025-05-17T20:00:00Z,2025-05-17,2025-05-17_22,0.0,100,100,0,46.370614782608726,41.01028869565221,0.014889794685990339,4.9315,0.0,True,True,False,False,0.0,0.0,170.8012462524249,176.8561519017107,1208.1658010503008,0.0,1555.8231992044364
2025-05-17T20:00:00Z,2025-05-17T20:15:00Z,2025-05-17,2025-05-17_23,28.529465600000034,0,0,0,41.01028869565221,33.257716521739155,0.021534922705314034,0.0,0.0,True,False,False,False,1093.3204454560012,0.0,0.0,0.0,0.0,0.0,1093.3204454560012
2025-05-17T20:15:00Z,2025-05-17T20:30:00Z,2025-05-17,2025-05-17_23,28.529465600000034,0,0,0,33.257716521739155,25.505144347826104,0.021534922705314034,0.0,0.0,True,False,False,False,1093.3204454560012,0.0,0.0,0.0,0.0,0.0,1093.3204454560012
2025-05-17T20:30:00Z,2025-05-17T20:45:00Z,2025-05-17,2025-05-17_23,28.529465600000034,0,0,0,25.505144347826104,17.75257217391305,0.021534922705314034,0.0,0.0,True,False,False,False,1093.3204454560012,0.0,0.0,0.0,0.0,0.0,1093.3204454560012
2025-05-17T20:45:00Z,2025-05-17T21:00:00Z,2025-05-17,2025-05-17_23,28.529465600000034,0,0,0,17.75257217391305,10.0,0.021534922705314034,0.0,0.0,True,False,False,False,1093.3204454560012,0.0,0.0,0.0,0.0,0.0,1093.3204454560012
2025-05-17T21:00:00Z,2025-05-17T21:15:00Z,2025-05-18,2025-05-17_24,-100.00000000000001,100,0,0,10.0,10.110860000000004,0.0003079444444444565,24.8795,0.0,True,True,False,False,-3680.250000000001,0.0,171.21274469460937,0.0,34131.12681990085,0.0,30622.089564595455
2025-05-17T21:15:00Z,2025-05-17T21:30:00Z,2025-05-18,2025-05-17_24,-100.00000000000001,100,0,0,10.110860000000004,10.237360000000006,0.0003513888888888948,24.8625,0.0,True,True,False,False,-3680.250000000001,0.0,171.21274469460937,0.0,34107.80524366586,0.0,30598.76798836047
2025-05-17T21:30:00Z,2025-05-17T21:45:00Z,2025-05-18,2025-05-17_24,-100.00000000000001,100,0,0,10.237360000000006,11.506040000000013,0.0035241111111111267,23.621,0.0,True,True,False,False,-3680.250000000001,0.0,171.21274469460937,0.0,41584.76286285345,0.0,38075.72560754806
2025-05-17T21:45:00Z,2025-05-17T22:00:00Z,2025-05-18,2025-05-17_24,-100.00000000000001,100,0,0,11.506040000000013,30.018740000000015,0.051424166666666674,4.8775,0.0,True,True,False,False,-3680.250000000001,0.0,171.21274469460937,0.0,2663.9228033821255,0.0,-845.1144519232661
2025-05-17T22:00:00Z,2025-05-17T22:15:00Z,2025-05-18,2025-05-18_1,0.0,100,100,0,30.018740000000015,20.214386086956537,0.027916649758454103,9.133,0.1335,True,True,False,False,0.0,0.0,171.21274469460937,177.47339956498737,4580.457295671428,-5.473413673505379,4923.67002625752
2025-05-17T22:15:00Z,2025-05-17T22:30:00Z,2025-05-18,2025-05-18_1,0.0,100,100,0,20.214386086956537,19.566673913043495,0.003176644927536232,0.824,0.2695,True,True,False,False,0.0,0.0,171.21274469460937,177.47339956498737,139.98005369074912,-21.016120451472577,467.65007749887326
2025-05-17T22:30:00Z,2025-05-17T22:45:00Z,2025-05-18,2025-05-18_1,0.0,100,100,0,19.566673913043495,19.109193043478278,0.0013167801932367149,0.4285,0.009,True,True,False,False,0.0,0.0,171.21274469460937,177.47339956498737,62.04337085807223,-0.6877902533654694,410.0417248643035
2025-05-17T22:45:00Z,2025-05-17T23:00:00Z,2025-05-18,2025-05-18_1,0.0,100,100,0,19.109193043478278,19.868533913043496,0.0022300531400966184,0.02,0.849,True,True,False,False,0.0,0.0,171.21274469460937,177.47339956498737,2.8252307330550823,-35.11655517018399,316.3948198224678
2025-05-17T23:00:00Z,2025-05-17T23:15:00Z,2025-05-18,2025-05-18_2,-7.928477848742963,100,92,0,19.868533913043496,17.495451500767317,0.01513887399537946,3.9085,0.0,True,True,False,False,-203.06813890092914,0.0,171.21274469460937,163.27552759978838,693.1033507730293,0.0,824.523484166498
2025-05-17T23:15:00Z,2025-05-17T23:30:00Z,2025-05-18,2025-05-18_2,-7.928477848742963,100,92,0,17.495451500767317,17.59890290972279,0.009194284015595737,1.6019999999999999,0.0,True,True,False,False,-203.06813890092914,0.0,171.21274469460937,163.27552759978838,254.3696490506143,0.0,385.7897824440829
2025-05-17T23:30:00Z,2025-05-17T23:45:00Z,2025-05-18,2025-05-18_2,-7.928477848742963,100,92,0,17.59890290972279,11.269701328000254,0.024635011771452782,7.593,0.0,True,True,False,False,-203.06813890092914,0.0,171.21274469460937,163.27552759978838,1514.017388748457,0.0,1645.4375221419257
2025-05-17T23:45:00Z,2025-05-18T00:00:00Z,2025-05-18,2025-05-18_2,-7.928477848742963,100,92,0,11.269701328000254,12.428164279044713,0.006670634722462301,0.621,0.00184,True,True,False,False,-203.06813890092914,0.0,171.21274469460937,163.27552759978838,99.71228087707954,-0.14385985538769033,230.98855441516045
2025-05-18T00:00:00Z,2025-05-18T00:15:00Z,2025-05-18,2025-05-18_3,-79.85233040931442,100,20,0,12.428164279044713,22.49516689783325,0.03855176419548393,8.7025,0.0,True,True,False,False,-1987.5245038878359,0.0,171.21274469460937,35.494679912997476,1665.3266205200557,0.0,-115.49045876017331
2025-05-18T00:15:00Z,2025-05-18T00:30:00Z,2025-05-18,2025-05-18_3,-79.85233040931442,100,20,0,22.49516689783325,26.10508764537554,0.028853340567537366,15.473499999999998,0.0,True,True,False,False,-1987.5245038878359,0.0,171.21274469460937,35.494679912997476,11678.358289342188,0.0,9897.54121006196
2025-05-18T00:30:00Z,2025-05-18T00:45:00Z,2025-05-18,2025-05-18_3,-79.85233040931442,100,20,0,26.10508764537554,34.50036311598882,0.03604085936314154,10.4555,0.0,True,True,False,False,-1987.5245038878359,0.0,171.21274469460937,35.494679912997476,4003.4507576470132,0.0,2222.6336783667844
2025-05-18T00:45:00Z,2025-05-18T01:00:00Z,2025-05-18,2025-05-18_3,-79.85233040931442,100,20,0,34.50036311598882,46.58097205158971,0.04157616553803439,6.590999999999999,0.0,True,True,False,False,-1987.5245038878359,0.0,171.21274469460937,35.494679912997476,1221.4395273646462,0.0,-559.3775519155828
2025-05-18T01:00:00Z,2025-05-18T01:15:00Z,2025-05-18,2025-05-18_4,0.0,100,100,0,46.58097205158971,37.02010248637232,0.02655797101449275,8.796,0.0,True,True,False,False,0.0,0.0,171.21274469460937,177.47339956498737,1674.800938216448,0.0,2023.4870824760446
2025-05-18T01:15:00Z,2025-05-18T01:30:00Z,2025-05-18,2025-05-18_4,0.0,100,100,0,37.02010248637232,33.71776161680711,0.009178280193236715,3.039,0.001,True,True,False,False,0.0,0.0,171.21274469460937,177.47339956498737,542.1845641055787,-0.07700899418023631,890.7936993709952
2025-05-18T01:30:00Z,2025-05-18T01:45:00Z,2025-05-18,2025-05-18_4,0.0,100,100,0,33.71776161680711,33.75009466028537,0.00023474154589371983,0.024,0.0635,True,True,False,False,0.0,0.0,171.21274469460937,177.47339956498737,3.2919875374757512,-4.8809629063547115,347.0971688907178
2025-05-18T01:45:00Z,2025-05-18T02:00:00Z,2025-05-18,2025-05-18_4,0.0,100,100,0,33.75009466028537,33.750733790720155,0.0002282246376811594,0.0375,0.045,True,True,False,False,0.0,0.0,171.21274469460937,177.47339956498737,5.16097672094527,-3.4574686967256483,350.38965228381636
2025-05-18T02:00:00Z,2025-05-18T02:15:00Z,2025-05-18,2025-05-18_5,0.0,100,100,0,33.750733790720155,32.28417900811146,0.004081429951690821,1.3505,0.0015,True,True,False,False,0.0,0.0,171.21274469460937,177.47339956498737,215.6428267983462,-0.11551349127035447,564.2134575666726
2025-05-18T02:15:00Z,2025-05-18T02:30:00Z,2025-05-18,2025-05-18_5,0.0,100,100,0,32.28417900811146,31.995639877676673,0.0009164975845410627,0.2845,0.0225,True,True,False,False,0.0,0.0,171.21274469460937,177.47339956498737,40.817134109301826,-1.7268252895185465,387.77645307938
2025-05-18T02:30:00Z,2025-05-18T02:45:00Z,2025-05-18,2025-05-18_5,0.0,100,100,0,31.995639877676673,33.393119877676675,0.003881888888888889,0.0,1.519,True,True,False,False,0.0,0.0,171.21274469460937,177.47339956498737,0.0,-60.96359296925519,287.7225512903416
2025-05-18T02:45:00Z,2025-05-18T03:00:00Z,2025-05-18,2025-05-18_5,0.0,100,100,0,33.393119877676675,33.407199877676675,0.0005946666666666667,0.092,0.124,True,True,False,False,0.0,0.0,171.21274469460937,177.47339956498737,13.020200262575196,-9.334636803636863,352.37170771853505
2025-05-18T03:00:00Z,2025-05-18T03:15:00Z,2025-05-18,2025-05-18_6,0.0,100,100,0,33.407199877676675,24.035460747241892,0.026032608695652174,8.622,0.0,True,True,False,False,0.0,0.0,171.21274469460937,177.47339956498737,1605.9427452824643,0.0,1954.6288895420612
2025-05-18T03:15:00Z,2025-05-18T03:30:00Z,2025-05-18,2025-05-18_6,0.0,100,100,0,24.035460747241892,20.33872161680711,0.010268719806763284,3.401,0.0,True,True,False,False,0.0,0.0,171.21274469460937,177.47339956498737,585.5553941567221,0.0,934.2415384163188
2025-05-18T03:30:00Z,2025-05-18T03:45:00Z,2025-05-18,2025-05-18_6,0.0,100,100,0,20.33872161680711,18.866439008111456,0.004089673913043478,1.3545,0.0,True,True,False,False,0.0,0.0,171.21274469460937,177.47339956498737,198.31203897478105,0.0,546.9981832343778
2025-05-18T03:45:00Z,2025-05-18T04:00:00Z,2025-05-18,2025-05-18_6,0.0,100,100,0,18.866439008111456,17.334917268981023,0.004254227053140097,1.409,0.0,True,True,False,False,0.0,0.0,171.21274469460937,177.47339956498737,214.096877706582,0.0,562.7830219661787
2025-05-18T04:00:00Z,2025-05-18T04:15:00Z,2025-05-18,2025-05-18_7,-53.68003646591953,100,46,0,17.334917268981023,15.151662363627032,0.0346849434239111,14.5685,0.0,True,True,False,False,-1236.117039718962,0.0,171.21274469460937,81.35382987478691,6752.72084817667,0.0,5769.170383027104
2025-05-18T04:15:00Z,2025-05-18T04:30:00Z,2025-05-18,2025-05-18_7,-53.68003646591953,100,46,0,15.151662363627032,21.302343633367208,0.034462204822676513,6.2125,0.00023,True,True,False,False,-1236.117039718962,0.0,171.21274469460937,81.35382987478691,1105.68573521055,-0.017666999784453196,122.11760306120001
2025-05-18T04:30:00Z,2025-05-18T04:45:00Z,2025-05-18,2025-05-18_7,-53.68003646591953,100,46,0,21.302343633367208,30.79459314016495,0.03437265778666874,2.862,0.00023,True,True,False,False,-1236.117039718962,0.0,171.21274469460937,81.35382987478691,494.16426077244137,-0.017666999784453196,-489.40387137690874
2025-05-18T04:45:00Z,2025-05-18T05:00:00Z,2025-05-18,2025-05-18_7,-53.68003646591953,100,46,0,30.79459314016495,41.51335211294711,0.034339196451425046,1.6319999999999997,0.0,True,True,False,False,-1236.117039718962,0.0,171.21274469460937,81.35382987478691,261.3109164658162,0.0,-722.2395486837494
2025-05-18T05:00:00Z,2025-05-18T05:15:00Z,2025-05-18,2025-05-18_8,0.0,100,100,0,41.51335211294711,40.40290515642537,0.0031714637681159417,1.036,0.017,True,True,False,False,0.0,0.0,171.21274469460937,176.8561519017107,165.7096545372602,-1.3058217231987146,512.4727294103816
2025-05-18T05:15:00Z,2025-05-18T05:30:00Z,2025-05-18,2025-05-18_8,0.0,100,100,0,40.40290515642537,37.272470373816674,0.008695652173913042,2.88,0.0,True,True,False,False,0.0,0.0,171.21274469460937,176.8561519017107,486.4458997119511,0.0,834.5147963082711
2025-05-18T05:30:00Z,2025-05-18T05:45:00Z,2025-05-18,2025-05-18_8,0.0,100,100,0,37.272470373816674,36.80478776512103,0.0013246739130434782,0.4345,0.005,True,True,False,False,0.0,0.0,171.21274469460937,176.8561519017107,63.05830991711245,-0.3840652127055043,410.743141300727
2025-05-18T05:45:00Z,2025-05-18T06:00:00Z,2025-05-18,2025-05-18_8,0.0,100,100,0,36.80478776512103,35.30641819990363,0.00416213768115942,1.3785,0.0,True,True,False,False,0.0,0.0,171.21274469460937,176.8561519017107,205.56675621656578,0.0,553.6356528128858
2025-05-18T06:00:00Z,2025-05-18T06:15:00Z,2025-05-18,2025-05-18_9,-27.62070840633082,100,72,0,35.30641819990363,18.929795100368974,0.04995520033805291,21.8375,0.0,True,True,False,False,-439.23831543167586,0.0,171.21274469460937,127.7808476867909,26934.624025140598,0.0,26794.37930209032
2025-05-18T06:15:00Z,2025-05-18T06:30:00Z,2025-05-18,2025-05-18_9,-27.62070840633082,100,72,0,18.929795100368974,13.468481506408395,0.03443965724104803,11.3505,0.0,True,True,False,False,-439.23831543167586,0.0,171.21274469460937,127.7808476867909,6727.490481453177,0.0,6587.245758402902
2025-05-18T06:30:00Z,2025-05-18T06:45:00Z,2025-05-18,2025-05-18_9,-27.62070840633082,100,72,0,13.468481506408395,16.21685652327857,0.022796438002081303,3.469,0.00684,True,True,False,False,-439.23831543167586,0.0,171.21274469460937,127.7808476867909,991.0220547488877,-0.5254012109811298,850.2519304876311
2025-05-18T06:45:00Z,2025-05-18T07:00:00Z,2025-05-18,2025-05-18_9,-27.62070840633082,100,72,0,16.21685652327857,18.2933203145919,0.02372509987397361,4.1085,0.0,True,True,False,False,-439.23831543167586,0.0,171.21274469460937,127.7808476867909,620.8799850096997,0.0,480.6352619594241
2025-05-18T07:00:00Z,2025-05-18T07:15:00Z,2025-05-18,2025-05-18_10,-40.92024709106426,100,59,0,18.2933203145919,14.54978314521537,0.03567528738835328,12.9145,0.0,True,True,False,False,-87.56932877487752,0.0,171.21274469460937,104.70930574334255,6475.379343366058,0.0,6663.732065029132
2025-05-18T07:15:00Z,2025-05-18T07:30:00Z,2025-05-18,2025-05-18_10,-40.92024709106426,100,59,0,14.54978314521537,16.744393285055075,0.03137271230630654,7.085,0.0,True,True,False,False,-87.56932877487752,0.0,171.21274469460937,104.70930574334255,946.8782562263633,0.0,1135.2309778894378
2025-05-18T07:30:00Z,2025-05-18T07:45:00Z,2025-05-18,2025-05-18_10,-40.92024709106426,100,59,0,16.744393285055075,23.02333092693418,0.02841905381806969,3.077,0.00177,True,True,False,False,-87.56932877487752,0.0,171.21274469460937,104.70930574334255,297.6489369623577,-0.13595908529774853,485.86569954013436
2025-05-18T07:45:00Z,2025-05-18T08:00:00Z,2025-05-18,2025-05-18_10,-40.92024709106426,100,59,0,23.02333092693418,32.33658677656001,0.02635356736726746,0.1355,0.04307,True,True,False,False,-87.56932877487752,0.0,171.21274469460937,104.70930574334255,13.107387376795408,-3.306253151882115,198.1538558879877
2025-05-18T08:00:00Z,2025-05-18T08:15:00Z,2025-05-18,2025-05-18_11,0.0,100,100,0,32.33658677656001,32.18939460264697,0.0005392004830917874,0.157,0.025499999999999995,True,True,False,False,0.0,0.0,171.21274469460937,177.47339956498737,13.843983304920346,-1.9587325847980714,360.571394979719
2025-05-18T08:15:00Z,2025-05-18T08:30:00Z,2025-05-18,2025-05-18_11,0.0,100,100,0,32.18939460264697,29.50937895047306,0.007464932367149758,2.469,0.004,True,True,False,False,0.0,0.0,171.21274469460937,177.47339956498737,217.71206866145437,-0.3072521701644034,566.0909607508867
2025-05-18T08:30:00Z,2025-05-18T08:45:00Z,2025-05-18,2025-05-18_11,0.0,100,100,0,29.50937895047306,31.202378950473058,0.0053277777777777785,0.1035,1.9625,True,True,False,False,0.0,0.0,171.21274469460937,177.47339956498737,9.126447592734113,-31.965757451061073,325.8468344012698
2025-05-18T08:45:00Z,2025-05-18T09:00:00Z,2025-05-18,2025-05-18_11,0.0,100,100,0,31.202378950473058,36.66901895047306,0.015185111111111113,0.0,5.942,True,True,False,False,0.0,0.0,171.21274469460937,177.47339956498737,0.0,-134.3816722512884,214.30447200830835
2025-05-18T09:00:00Z,2025-05-18T09:15:00Z,2025-05-18,2025-05-18_12,0.0,100,100,0,36.66901895047306,42.12323895047306,0.015150611111111111,0.0,5.9285,True,True,False,False,0.0,0.0,171.21274469460937,197.9013579448592,0.0,-73.99443644308585,295.1196661963827
2025-05-18T09:15:00Z,2025-05-18T09:30:00Z,2025-05-18,2025-05-18_12,0.0,100,100,0,42.12323895047306,43.09015895047306,0.0026858888888888887,0.0,1.051,True,True,False,False,0.0,0.0,171.21274469460937,197.9013579448592,0.0,-40.35454470636646,328.7595579331021
2025-05-18T09:30:00Z,2025-05-18T09:45:00Z,2025-05-18,2025-05-18_12,0.0,100,100,0,43.09015895047306,43.316608515690454,0.0007075289855072465,0.013,0.2615,True,True,False,False,0.0,0.0,171.21274469460937,197.9013579448592,1.146317088942449,-15.11384221974017,355.1465775086709
2025-05-18T09:45:00Z,2025-05-18T10:00:00Z,2025-05-18,2025-05-18_12,0.0,100,100,0,43.316608515690454,44.953712863516536,0.004665265700483092,0.0195,1.8025,True,True,False,False,0.0,0.0,171.21274469460937,197.9013579448592,1.7194756334136736,-69.33371543902966,301.4998628338526
2025-05-18T10:00:00Z,2025-05-18T10:15:00Z,2025-05-18,2025-05-18_13,-2.256167926367397,100,97,0,44.953712863516536,46.70726688658103,0.004870983397401393,0.0,1.341995,True,True,False,False,1.1280839631836985,0.0,171.21274469460937,191.9643172065134,0.0,-52.98399164658163,311.3211542177249
2025-05-18T10:15:00Z,2025-05-18T10:30:00Z,2025-05-18,2025-05-18_13,-2.256167926367397,100,97,0,46.70726688658103,47.4601358391737,0.0022801796162813495,0.032,0.29197,True,True,False,False,1.1280839631836985,0.0,171.21274469460937,191.9643172065134,2.821703603550644,-17.517513455999058,349.6093360118581
2025-05-18T10:30:00Z,2025-05-18T10:45:00Z,2025-05-18,2025-05-18_13,-2.256167926367397,100,97,0,47.4601358391737,47.91890353401099,0.0020033017647106705,0.1235,0.080025,True,True,False,False,1.1280839631836985,0.0,171.21274469460937,191.9643172065134,10.890012344953266,-5.835522794074423,369.3596354151853
2025-05-18T10:45:00Z,2025-05-18T11:00:00Z,2025-05-18,2025-05-18_13,-2.256167926367397,100,97,0,47.91890353401099,48.464655652173974,0.0019143904650040793,0.0675,0.10864000000000001,True,True,False,False,1.1280839631836985,0.0,171.21274469460937,191.9643172065134,5.95203103873964,-7.265934654047382,362.99124224899873
2025-05-18T11:00:00Z,2025-05-18T11:15:00Z,2025-05-18,2025-05-18_14,0.0,100,100,0,48.464655652173974,48.892565217391365,0.0016838067632850243,0.082,0.562,True,True,False,False,0.0,0.0,171.21274469460937,197.9013579448592,7.230615484098525,-23.0258887386593,353.3188293849078
2025-05-18T11:15:00Z,2025-05-18T11:30:00Z,2025-05-18,2025-05-18_14,0.0,100,100,0,48.892565217391365,54.44522521739137,0.015424055555555557,0.0,6.0355,True,True,False,False,0.0,0.0,171.21274469460937,197.9013579448592,0.0,-11.998147767131071,357.1159548723375
2025-05-18T11:30:00Z,2025-05-18T11:45:00Z,2025-05-18,2025-05-18_14,0.0,100,100,0,54.44522521739137,69.64960521739137,0.042234388888888884,0.0,16.5265,True,True,False,False,0.0,0.0,171.21274469460937,197.9013579448592,0.0,7983.261627084434,8352.375729723903
2025-05-18T11:45:00Z,2025-05-18T12:00:00Z,2025-05-18,2025-05-18_14,0.0,100,100,0,69.64960521739137,83.09586521739136,0.03735072222222222,0.0,14.6155,True,True,False,False,0.0,0.0,171.21274469460937,197.9013579448592,0.0,984.9746677639959,1354.0887704034644
2025-05-18T12:00:00Z,2025-05-18T12:15:00Z,2025-05-18,2025-05-18_15,0.0,100,100,0,83.09586521739136,95.61660521739137,0.034779833333333336,0.0,13.609499999999999,True,True,False,False,0.0,0.0,171.21274469460937,197.9013579448592,0.0,2552.2032717065426,2921.317374346011
2025-05-18T12:15:00Z,2025-05-18T12:30:00Z,2025-05-18,2025-05-18_15,0.0,100,100,0,95.61660521739137,99.50749826086964,0.010883519323671497,0.0125,4.244,True,True,False,False,0.0,0.0,171.21274469460937,197.9013579448592,1.1022279701369704,839.5981384594281,1209.8144690690337
2025-05-18T12:30:00Z,2025-05-18T12:45:00Z,2025-05-18,2025-05-18_15,0.0,100,100,0,99.50749826086964,99.24588260869572,0.0008493768115942029,0.261,0.024,True,True,False,False,0.0,0.0,171.21274469460937,197.9013579448592,23.01452001645994,-1.6976262418435129,390.430996414085
2025-05-18T12:45:00Z,2025-05-18T13:00:00Z,2025-05-18,2025-05-18_15,0.0,100,100,0,99.24588260869572,99.2373565217392,0.0008670169082125605,0.1475,0.165,True,True,False,False,0.0,0.0,171.21274469460937,197.9013579448592,13.006290047616249,-7.480659573217331,374.63973311386746
2025-05-18T13:00:00Z,2025-05-18T13:15:00Z,2025-05-18,2025-05-18_16,-100.0,100,0,0,99.2373565217392,121.71571652173921,0.06243988888888889,0.567,0.0,True,True,False,False,224.25000000000003,0.0,171.21274469460937,0.0,49.997060725412965,0.0,445.45980542002235
2025-05-18T13:15:00Z,2025-05-18T13:30:00Z,2025-05-18,2025-05-18_16,-100.0,100,0,0,121.71571652173921,143.95625652173922,0.06177927777777778,0.8255,0.0,True,True,False,False,224.25000000000003,0.0,171.21274469460937,0.0,72.79113514784552,0.0,468.2538798424549
2025-05-18T13:30:00Z,2025-05-18T13:45:00Z,2025-05-18,2025-05-18_16,-100.0,100,0,0,143.95625652173922,166.65081652173922,0.06304044444444444,0.332,0.0,True,True,False,False,224.25000000000003,0.0,171.21274469460937,0.0,29.27517488683793,0.0,424.73791958144733
2025-05-18T13:45:00Z,2025-05-18T14:00:00Z,2025-05-18,2025-05-18_16,-100.0,100,0,0,166.65081652173922,187.7445765217392,0.05859377777777777,2.072,0.0,True,True,False,False,224.25000000000003,0.0,171.21274469460937,0.0,290.2326604354045,0.0,685.6954051300139
2025-05-18T14:00:00Z,2025-05-18T14:15:00Z,2025-05-18,2025-05-18_17,0.0,100,100,0,187.7445765217392,185.80838000000006,0.005521434782608695,1.805,0.028000000000000004,True,True,False,False,0.0,0.0,171.21274469460937,177.47339956498737,182.07534732428036,-1.8463551035604415,528.9151364803166
2025-05-18T14:15:00Z,2025-05-18T14:30:00Z,2025-05-18,2025-05-18_17,0.0,100,100,0,185.80838000000006,182.93217043478265,0.00804313768115942,2.655,0.0105,True,True,False,False,0.0,0.0,171.21274469460937,177.47339956498737,822.1151078713774,-0.8024219622597144,1169.9988301687144
2025-05-18T14:30:00Z,2025-05-18T14:45:00Z,2025-05-18,2025-05-18_17,0.0,100,100,0,182.93217043478265,174.77130086956527,0.02266908212560386,7.507999999999999,0.0,True,True,False,False,0.0,0.0,171.21274469460937,177.47339956498737,3916.9815507612716,0.0,4265.667695020868
2025-05-18T14:45:00Z,2025-05-18T15:00:00Z,2025-05-18,2025-05-18_17,0.0,100,100,0,174.77130086956527,169.90444000000002,0.014068502415458938,4.5685,0.1075,True,True,False,False,0.0,0.0,171.21274469460937,177.47339956498737,1569.9882600474207,-4.771809417435777,1913.9025948895817
2025-05-18T15:00:00Z,2025-05-18T15:15:00Z,2025-05-18,2025-05-18_18,0.0,100,100,0,169.90444000000002,185.99570000000003,0.04469794444444445,0.0,17.4905,True,True,False,False,0.0,0.0,171.21274469460937,177.47339956498737,0.0,13757.171230968197,14105.857375227793
2025-05-18T15:15:00Z,2025-05-18T15:30:00Z,2025-05-18,2025-05-18_18,0.0,100,100,0,185.99570000000003,189.30869565217395,0.013043345410628022,0.636,4.3525,True,True,False,False,0.0,0.0,171.21274469460937,177.47339956498737,72.19664922697078,1458.010314404405,1878.8931078909727
2025-05-18T15:30:00Z,2025-05-18T15:45:00Z,2025-05-18,2025-05-18_18,0.0,100,100,0,189.30869565217395,175.55108695652177,0.03821557971014492,12.656999999999998,0.0,True,True,False,False,0.0,0.0,171.21274469460937,177.47339956498737,10385.401709482097,0.0,10734.087853741694
2025-05-18T15:45:00Z,2025-05-18T16:00:00Z,2025-05-18,2025-05-18_18,0.0,100,100,0,175.55108695652177,152.30706521739134,0.0645667270531401,21.3845,0.0,True,True,False,False,0.0,0.0,171.21274469460937,177.47339956498737,23345.497997178292,0.0,23694.18414143789
2025-05-18T16:00:00Z,2025-05-18T16:15:00Z,2025-05-18,2025-05-18_19,-81.54472006584922,100,18,0,152.30706521739134,169.2681585520371,0.04924274626014083,1.91,0.02376,True,True,False,False,-1957.4810051807103,0.0,171.21274469460937,31.945211921697727,342.6910450100915,-1.1317671153959203,-1412.7637706697076
2025-05-18T16:15:00Z,2025-05-18T16:30:00Z,2025-05-18,2025-05-18_19,-81.54472006584922,100,18,0,169.2681585520371,187.94050285178272,0.05198686912688721,0.107,0.02043,True,True,False,False,-1957.4810051807103,0.0,171.21274469460937,31.945211921697727,14.589325142554818,-1.0291623008641468,-1740.7628857227126
2025-05-18T16:30:00Z,2025-05-18T16:45:00Z,2025-05-18,2025-05-18_19,-81.54472006584922,100,18,0,187.94050285178272,190.00000000000009,0.02528999739261592,17.5595,0.0,True,True,False,False,-1957.4810051807103,0.0,171.21274469460937,31.945211921697727,19770.78308124155,0.0,18016.460032677147
2025-05-18T16:45:00Z,2025-05-18T17:00:00Z,2025-05-18,2025-05-18_19,-81.54472006584922,100,18,0,190.00000000000009,185.59064570969446,0.014903121236815055,24.363,0.0,True,True,False,False,-1957.4810051807103,0.0,171.21274469460937,31.945211921697727,31995.51786373523,0.0,30241.194815170827
2025-05-18T17:00:00Z,2025-05-18T17:15:00Z,2025-05-18,2025-05-18_20,0.0,100,100,0,185.59064570969446,187.3780231009988,0.012658173913043478,1.274,3.4479999999999995,True,True,False,False,0.0,0.0,170.8012462524249,176.8561519017107,262.88192267748326,-39.066928458056545,571.4723923735623
2025-05-18T17:15:00Z,2025-05-18T17:30:00Z,2025-05-18,2025-05-18_20,0.0,100,100,0,187.3780231009988,178.5122622314336,0.024627113526570044,8.1565,0.0,True,True,False,False,0.0,0.0,170.8012462524249,176.8561519017107,1941.6762978856816,0.0,2289.3336960398174
2025-05-18T17:30:00Z,2025-05-18T17:45:00Z,2025-05-18,2025-05-18_20,0.0,100,100,0,178.5122622314336,162.060631796651,0.045698973429951696,15.135500000000002,0.0,True,True,False,False,0.0,0.0,170.8012462524249,176.8561519017107,11227.021750827898,0.0,11574.679148982033
2025-05-18T17:45:00Z,2025-05-18T18:00:00Z,2025-05-18,2025-05-18_20,0.0,100,100,0,162.060631796651,142.8443274488249,0.05337862318840579,17.679,0.0,True,True,False,False,0.0,0.0,170.8012462524249,176.8561519017107,16662.80998530363,0.0,17010.467383457766
2025-05-18T18:00:00Z,2025-05-18T18:15:00Z,2025-05-18,2025-05-18_21,100.0,0,100,0,142.8443274488249,121.74106657925968,0.05862016908212562,0.0,5.585,True,True,False,False,3832.5000000000005,0.0,0.0,176.35647522191525,0.0,-53.996103501655796,3954.86037172026
2025-05-18T18:15:00Z,2025-05-18T18:30:00Z,2025-05-18,2025-05-18_21,100.0,0,100,0,121.74106657925968,99.4334578836075,0.06196557971014493,0.0,4.477,True,True,False,False,3832.5000000000005,0.0,0.0,176.35647522191525,0.0,-135.64872239531286,3873.2077528266027
2025-05-18T18:30:00Z,2025-05-18T18:45:00Z,2025-05-18,2025-05-18_21,100.0,0,100,0,99.4334578836075,73.25411005752053,0.07272041062801932,0.0,0.915,True,True,False,False,3832.5000000000005,0.0,0.0,176.35647522191525,0.0,-44.196402327905474,3964.66007289401
2025-05-18T18:45:00Z,2025-05-18T19:00:00Z,2025-05-18,2025-05-18_21,100.0,0,100,0,73.25411005752053,54.5334578836075,0.05200181159420289,0.0,7.777000000000001,True,True,False,False,3832.5000000000005,0.0,0.0,176.35647522191525,0.0,-30.59718339113907,3978.2592918307764
2025-05-18T19:00:00Z,2025-05-18T19:15:00Z,2025-05-18,2025-05-18_22,49.776972975220495,50,100,0,54.5334578836075,40.51867514382279,0.04130438516596237,1.303,0.9250000000000002,True,True,False,False,1647.4933630473602,0.0,85.40062312621245,176.8561519017107,271.1454325632434,-30.7510434424784,2150.1445271960483
2025-05-18T19:15:00Z,2025-05-18T19:30:00Z,2025-05-18,2025-05-18_22,49.776972975220495,50,100,0,40.51867514382279,30.499411841543385,0.03680664411037447,0.00025,3.4965,True,True,False,False,1647.4933630473602,0.0,85.40062312621245,176.8561519017107,0.03429153684870574,-30.389602316148373,1879.3948272959835
2025-05-18T19:30:00Z,2025-05-18T19:45:00Z,2025-05-18,2025-05-18_22,49.776972975220495,50,100,0,30.499411841543385,19.919182525830152,0.036928671873760935,0.0,2.937,True,True,False,False,1647.4933630473602,0.0,85.40062312621245,176.8561519017107,0.0,-65.86999294574099,1843.8801451295424
2025-05-18T19:45:00Z,2025-05-18T20:00:00Z,2025-05-18,2025-05-18_22,49.776972975220495,50,100,0,19.919182525830152,10.000000000000474,0.036784053947672354,0.0,3.596,True,True,False,False,1647.4933630473602,0.0,85.40062312621245,176.8561519017107,0.0,-58.08294319361982,1851.6671948816636
2025-05-18T20:00:00Z,2025-05-18T20:15:00Z,2025-05-18,2025-05-18_23,-7.723290606088045e-15,0,0,0,10.000000000000474,10.000000000000476,4.934324553889585e-18,0.0,0.0,True,False,False,False,-2.3177595108870225e-13,0.0,0.0,0.0,0.0,0.0,-2.3177595108870225e-13
2025-05-18T20:15:00Z,2025-05-18T20:30:00Z,2025-05-18,2025-05-18_23,-7.723290606088045e-15,0,0,0,10.000000000000476,10.000000000000478,4.934324553889585e-18,0.0,0.0,True,False,False,False,-2.3177595108870225e-13,0.0,0.0,0.0,0.0,0.0,-2.3177595108870225e-13
2025-05-18T20:30:00Z,2025-05-18T20:45:00Z,2025-05-18,2025-05-18_23,-7.723290606088045e-15,0,0,0,10.000000000000478,10.00000000000048,4.934324553889585e-18,0.0,0.0,True,False,False,False,-2.3177595108870225e-13,0.0,0.0,0.0,0.0,0.0,-2.3177595108870225e-13
2025-05-18T20:45:00Z,2025-05-18T21:00:00Z,2025-05-18,2025-05-18_23,-7.723290606088045e-15,0,0,0,10.00000000000048,10.000000000000481,4.934324553889585e-18,0.0,0.0,True,False,False,False,-2.3177595108870225e-13,0.0,0.0,0.0,0.0,0.0,-2.3177595108870225e-13
2025-05-18T21:00:00Z,2025-05-18T21:15:00Z,2025-05-19,2025-05-18_24,-78.45254258979152,0,0,0,10.000000000000481,28.04408479565253,0.05012245776570014,0.0,0.0,True,False,False,False,-2075.4620142129347,0.0,0.0,0.0,0.0,0.0,-2075.4620142129347
2025-05-18T21:15:00Z,2025-05-18T21:30:00Z,2025-05-19,2025-05-18_24,-78.45254258979152,0,0,0,28.04408479565253,46.08816959130458,0.05012245776570014,0.0,0.0,True,False,False,False,-2075.4620142129347,0.0,0.0,0.0,0.0,0.0,-2075.4620142129347
2025-05-18T21:30:00Z,2025-05-18T21:45:00Z,2025-05-19,2025-05-18_24,-78.45254258979152,0,0,0,46.08816959130458,64.13225438695663,0.05012245776570014,0.0,0.0,True,False,False,False,-2075.4620142129347,0.0,0.0,0.0,0.0,0.0,-2075.4620142129347
2025-05-18T21:45:00Z,2025-05-18T22:00:00Z,2025-05-19,2025-05-18_24,-78.45254258979152,0,0,0,64.13225438695663,82.17633918260869,0.05012245776570014,0.0,0.0,True,False,False,False,-2075.4620142129347,0.0,0.0,0.0,0.0,0.0,-2075.4620142129347
2025-05-18T22:00:00Z,2025-05-18T22:15:00Z,2025-05-19,2025-05-19_1,0.0,100,100,0,82.17633918260869,75.91779222608695,0.0178295193236715,5.8315,0.087,True,True,False,False,0.0,0.0,171.21274469460937,178.0024689906531,1605.6490700135207,-4.158382811122214,1950.705900887661
2025-05-18T22:15:00Z,2025-05-18T22:30:00Z,2025-05-19,2025-05-19_1,0.0,100,100,0,75.91779222608695,76.13586005217391,0.001137144927536232,0.088,0.341,True,True,False,False,0.0,0.0,171.21274469460937,178.0024689906531,12.437050535927732,-24.605482334959735,337.04678188623046
2025-05-18T22:30:00Z,2025-05-18T22:45:00Z,2025-05-19,2025-05-19_1,0.0,100,100,0,76.13586005217391,76.67046526956521,0.0015152077294685988,0.005,0.587,True,True,False,False,0.0,0.0,171.21274469460937,178.0024689906531,0.690141673035095,-43.14213626476985,306.7632190935277
2025-05-18T22:45:00Z,2025-05-18T23:00:00Z,2025-05-19,2025-05-19_1,0.0,100,100,0,76.67046526956521,93.10948526956521,0.04566394444444445,0.0,17.8685,True,True,False,False,0.0,0.0,171.21274469460937,178.0024689906531,0.0,12960.23841876825,13309.453632453511
2025-05-18T23:00:00Z,2025-05-18T23:15:00Z,2025-05-19,2025-05-19_2,0.0,100,100,0,93.10948526956521,94.27512526956521,0.003237888888888889,0.0,1.267,True,True,False,False,0.0,0.0,171.21274469460937,177.64975604020927,0.0,-58.88137518860344,289.9811255462152
2025-05-18T23:15:00Z,2025-05-18T23:30:00Z,2025-05-19,2025-05-19_2,0.0,100,100,0,94.27512526956521,94.54959048695652,0.0010009299516908212,0.0395,0.345,True,True,False,False,0.0,0.0,171.21274469460937,177.64975604020927,5.435307742049262,-22.085056727999525,332.21275174886836
2025-05-18T23:30:00Z,2025-05-18T23:45:00Z,2025-05-19,2025-05-19_2,0.0,100,100,0,94.54959048695652,96.45705222608696,0.005470606280193237,0.028499999999999998,2.107,True,True,False,False,0.0,0.0,171.21274469460937,177.64975604020927,4.021318558579742,-65.28797523171282,287.59584406168557
2025-05-18T23:45:00Z,2025-05-19T00:00:00Z,2025-05-19,2025-05-19_2,0.0,100,100,0,96.45705222608696,100.89789222608695,0.012335666666666668,0.0,4.827,True,True,False,False,0.0,0.0,171.21274469460937,177.64975604020927,0.0,-69.87530127564517,278.98719945917344
2025-05-19T00:00:00Z,2025-05-19T00:15:00Z,2025-05-19,2025-05-19_3,0.0,100,100,0,100.89789222608695,103.30323222608695,0.006681500000000001,0.0,2.6145,True,True,False,False,0.0,0.0,171.21274469460937,177.64975604020927,0.0,-82.20359326318265,266.658907471636
2025-05-19T00:15:00Z,2025-05-19T00:30:00Z,2025-05-19,2025-05-19_3,0.0,100,100,0,103.30323222608695,104.23519222608695,0.0025887777777777775,0.0,1.013,True,True,False,False,0.0,0.0,171.21274469460937,177.64975604020927,0.0,-65.76788313444241,283.09461760037624
2025-05-19T00:30:00Z,2025-05-19T00:45:00Z,2025-05-19,2025-05-19_3,0.0,100,100,0,104.23519222608695,107.50579222608695,0.009085,0.0,3.5549999999999997,True,True,False,False,0.0,0.0,171.21274469460937,177.64975604020927,0.0,-145.19889777202988,203.66360296278876
2025-05-19T00:45:00Z,2025-05-19T01:00:00Z,2025-05-19,2025-05-19_3,0.0,100,100,0,107.50579222608695,113.25625222608696,0.015973499999999998,0.0,6.250499999999999,True,True,False,False,0.0,0.0,171.21274469460937,177.64975604020927,0.0,-84.5047807301158,264.35772000470286
2025-05-19T01:00:00Z,2025-05-19T01:15:00Z,2025-05-19,2025-05-19_4,-100.0,100,0,0,113.25625222608696,136.25625222608696,0.0638888888888889,0.0,0.0,True,True,False,False,-2397.0,0.0,171.21274469460937,0.0,0.0,0.0,-2225.7872553053908
2025-05-19T01:15:00Z,2025-05-19T01:30:00Z,2025-05-19,2025-05-19_4,-100.0,100,0,0,136.25625222608696,159.12607222608696,0.06352727777777778,0.1415,0.0,True,True,False,False,-2397.0,0.0,171.21274469460937,0.0,20.223772362980817,0.0,-2205.56348294241
2025-05-19T01:30:00Z,2025-05-19T01:45:00Z,2025-05-19,2025-05-19_4,-100.0,100,0,0,159.12607222608696,176.27073222608698,0.04762405555555556,6.3645,0.0,True,True,False,False,-2397.0,0.0,171.21274469460937,0.0,1157.6710349185819,0.0,-1068.1162203868087
2025-05-19T01:45:00Z,2025-05-19T02:00:00Z,2025-05-19,2025-05-19_4,-100.0,100,0,0,176.27073222608698,189.943312226087,0.03797938888888889,10.1385,0.0,True,True,False,False,-2397.0,0.0,171.21274469460937,0.0,2516.220621656575,0.0,290.4333663511844
2025-05-19T02:00:00Z,2025-05-19T02:15:00Z,2025-05-19,2025-05-19_5,0.0,100,100,0,189.943312226087,185.92429048695655,0.01116394927536232,3.6975000000000002,0.0,True,True,False,False,0.0,0.0,171.21274469460937,177.64975604020927,661.8425739227558,0.0,1010.7050746575744
2025-05-19T02:15:00Z,2025-05-19T02:30:00Z,2025-05-19,2025-05-19_5,0.0,100,100,0,185.92429048695655,172.77429048695655,0.03652777777777778,12.098,0.0,True,True,False,False,0.0,0.0,171.21274469460937,177.64975604020927,2636.1943346462094,0.0,2985.056835381028
2025-05-19T02:30:00Z,2025-05-19T02:45:00Z,2025-05-19,2025-05-19_5,0.0,100,100,0,172.77429048695655,171.1628774434783,0.0044761473429951685,1.4825,0.0,True,True,False,False,0.0,0.0,171.21274469460937,177.64975604020927,233.74888013638235,0.0,582.6113808712009
2025-05-19T02:45:00Z,2025-05-19T03:00:00Z,2025-05-19,2025-05-19_5,0.0,100,100,0,171.1628774434783,171.60561222608698,0.0029357367149758454,0.2825,0.815,True,True,False,False,0.0,0.0,171.21274469460937,177.64975604020927,40.85746134853918,-35.17916446221072,354.5407976211471
2025-05-19T03:00:00Z,2025-05-19T03:15:00Z,2025-05-19,2025-05-19_6,0.0,100,100,0,171.60561222608698,177.548352226087,0.016507611111111112,0.0,6.4595,True,True,False,False,0.0,0.0,171.21274469460937,177.47339956498737,0.0,-36.20803342934964,312.4781108302471
2025-05-19T03:15:00Z,2025-05-19T03:30:00Z,2025-05-19,2025-05-19_6,0.0,100,100,0,177.548352226087,177.94734092173914,0.001135475845410628,0.0045,0.439,True,True,False,False,0.0,0.0,171.21274469460937,177.47339956498737,0.6172476632767032,-18.67889816393314,330.62449375894033
2025-05-19T03:30:00Z,2025-05-19T03:45:00Z,2025-05-19,2025-05-19_6,0.0,100,100,0,177.94734092173914,179.3226644,0.003956212560386473,0.0225,1.5215,True,True,False,False,0.0,0.0,171.21274469460937,177.47339956498737,3.112105402386691,-47.56174475339486,304.2365049085886
2025-05-19T03:45:00Z,2025-05-19T04:00:00Z,2025-05-19,2025-05-19_6,0.0,100,100,0,179.3226644,181.21050613913044,0.005277217391304347,0.0055,2.0585,True,True,False,False,0.0,0.0,171.21274469460937,177.47339956498737,0.7544138106715262,-67.56710716595144,281.8734509043168
2025-05-19T04:00:00Z,2025-05-19T04:15:00Z,2025-05-19,2025-05-19_7,100.0,0,100,0,181.21050613913044,162.58876700869567,0.05172705314009662,0.0,7.868,True,True,False,False,3489.5000000000005,0.0,0.0,176.35647522191525,0.0,272.56399819724487,3938.4204734191608
2025-05-19T04:15:00Z,2025-05-19T04:30:00Z,2025-05-19,2025-05-19_7,100.0,0,100,0,162.58876700869567,135.5757235304348,0.07503623188405796,0.0,0.148,True,True,False,False,3489.5000000000005,0.0,0.0,176.35647522191525,0.0,-11.26360825348304,3654.5928669684326
2025-05-19T04:30:00Z,2025-05-19T04:45:00Z,2025-05-19,2025-05-19_7,100.0,0,100,0,135.5757235304348,114.12789744347826,0.05957729468599034,0.0,5.268,True,True,False,False,3489.5000000000005,0.0,0.0,176.35647522191525,0.0,-49.13001234495327,3616.7264628769626
2025-05-19T04:45:00Z,2025-05-19T05:00:00Z,2025-05-19,2025-05-19_7,100.0,0,100,0,114.12789744347826,87.72246266086957,0.07334842995169083,0.0,0.707,True,True,False,False,3489.5000000000005,0.0,0.0,176.35647522191525,0.0,-50.174238238002864,3615.682236983913
2025-05-19T05:00:00Z,2025-05-19T05:15:00Z,2025-05-19,2025-05-19_8,58.0,42,100,0,87.72246266086957,73.22089853913045,0.04399263589371981,0.45842999999999995,1.7285,True,True,False,False,1959.82,0.0,71.95873258479807,176.35647522191525,95.35295491740638,-43.034173182058666,2260.4539895420608
2025-05-19T05:15:00Z,2025-05-19T05:30:00Z,2025-05-19,2025-05-19_8,58.0,42,100,0,73.22089853913045,56.53412497391306,0.046652682125603855,0.9827999999999999,0.14,True,True,False,False,1959.82,0.0,71.95873258479807,176.35647522191525,198.02650637822583,-10.040754021907395,2396.1209601630317
2025-05-19T05:30:00Z,2025-05-19T05:45:00Z,2025-05-19,2025-05-19_8,58.0,42,100,0,56.53412497391306,41.67041666086958,0.043282331980676325,0.04368,0.9289999999999999,True,True,False,False,1959.82,0.0,71.95873258479807,176.35647522191525,7.209455340661925,-48.28859463484411,2167.056068512531
2025-05-19T05:45:00Z,2025-05-19T06:00:00Z,2025-05-19,2025-05-19_8,58.0,42,100,0,41.67041666086958,32.33645133913045,0.03949568811594203,0.0,6.3205,True,True,False,False,1959.82,0.0,71.95873258479807,176.35647522191525,0.0,-41.221406050986616,2166.9138017557266
2025-05-19T06:00:00Z,2025-05-19T06:15:00Z,2025-05-19,2025-05-19_9,0.0,100,100,0,32.33645133913045,33.37948612173915,0.003006014492753623,0.018,1.155,True,True,False,False,0.0,0.0,171.33031567809064,177.2088648521545,2.5638316383516546,-37.295050261595435,313.80796190700136
2025-05-19T06:15:00Z,2025-05-19T06:30:00Z,2025-05-19,2025-05-19_9,0.0,100,100,0,33.37948612173915,33.04120090434784,0.004307903381642512,0.869,0.659,True,True,False,False,0.0,0.0,171.33031567809064,177.2088648521545,140.0169076871828,-10.64048752767817,477.9156006897498
2025-05-19T06:30:00Z,2025-05-19T06:45:00Z,2025-05-19,2025-05-19_9,0.0,100,100,0,33.04120090434784,38.56350090434784,0.015339722222222223,0.0,6.0025,True,True,False,False,0.0,0.0,171.33031567809064,177.2088648521545,0.0,70.0826837536496,418.62186428389475
2025-05-19T06:45:00Z,2025-05-19T07:00:00Z,2025-05-19,2025-05-19_9,0.0,100,100,0,38.56350090434784,53.21358090434784,0.04069466666666667,0.0,15.924,True,True,False,False,0.0,0.0,171.33031567809064,177.2088648521545,0.0,9307.753206748574,9656.292387278818
2025-05-19T07:00:00Z,2025-05-19T07:15:00Z,2025-05-19,2025-05-19_10,-24.000000000000032,100,76,0,53.21358090434784,37.99841440000003,0.0486350447342995,19.8065,0.0,True,True,False,False,-576.1800000000007,0.0,171.33031567809064,134.67873728763743,22721.598570924696,0.0,22451.427623890424
2025-05-19T07:15:00Z,2025-05-19T07:30:00Z,2025-05-19,2025-05-19_10,-24.000000000000032,100,76,0,37.99841440000003,20.83237405217395,0.051768245410628,21.67,0.0,True,True,False,False,-576.1800000000007,0.0,171.33031567809064,134.67873728763743,22521.02085317344,0.0,22250.849906139167
2025-05-19T07:30:00Z,2025-05-19T07:45:00Z,2025-05-19,2025-05-19_10,-24.000000000000032,100,76,0,20.83237405217395,12.653334782608741,0.03733467352657004,13.0855,0.0,True,True,False,False,-576.1800000000007,0.0,171.33031567809064,134.67873728763743,11847.883958810966,0.0,11577.713011776694
2025-05-19T07:45:00Z,2025-05-19T08:00:00Z,2025-05-19,2025-05-19_10,-24.000000000000032,100,76,0,12.653334782608741,14.808472000000052,0.0207527966183575,3.2174999999999994,0.0038,True,True,False,False,-576.1800000000007,0.0,171.33031567809064,134.67873728763743,571.8043427782022,-0.29040032919875375,301.3429954147308
2025-05-19T08:00:00Z,2025-05-19T08:15:00Z,2025-05-19,2025-05-19_11,4.423794240000009,0,0,0,14.808472000000052,13.60635400000005,0.0033392166666666736,0.0,0.0,True,False,False,False,79.66147477680016,0.0,0.0,0.0,0.0,0.0,79.66147477680016
2025-05-19T08:15:00Z,2025-05-19T08:30:00Z,2025-05-19,2025-05-19_11,4.423794240000009,0,0,0,13.60635400000005,12.404236000000047,0.0033392166666666736,0.0,0.0,True,False,False,False,79.66147477680016,0.0,0.0,0.0,0.0,0.0,79.66147477680016
2025-05-19T08:30:00Z,2025-05-19T08:45:00Z,2025-05-19,2025-05-19_11,4.423794240000009,0,0,0,12.404236000000047,11.202118000000045,0.0033392166666666736,0.0,0.0,True,False,False,False,79.66147477680016,0.0,0.0,0.0,0.0,0.0,79.66147477680016
2025-05-19T08:45:00Z,2025-05-19T09:00:00Z,2025-05-19,2025-05-19_11,4.423794240000009,0,0,0,11.202118000000045,10.000000000000043,0.0033392166666666736,0.0,0.0,True,False,False,False,79.66147477680016,0.0,0.0,0.0,0.0,0.0,79.66147477680016
2025-05-19T09:00:00Z,2025-05-19T09:15:00Z,2025-05-19,2025-05-19_12,0.0,0,0,0,10.000000000000043,10.000000000000043,0.0,0.0,0.0,True,False,False,False,0.0,0.0,0.0,0.0,0.0,0.0,0.0
2025-05-19T09:15:00Z,2025-05-19T09:30:00Z,2025-05-19,2025-05-19_12,0.0,0,0,0,10.000000000000043,10.000000000000043,0.0,0.0,0.0,True,False,False,False,0.0,0.0,0.0,0.0,0.0,0.0,0.0
2025-05-19T09:30:00Z,2025-05-19T09:45:00Z,2025-05-19,2025-05-19_12,0.0,0,0,0,10.000000000000043,10.000000000000043,0.0,0.0,0.0,True,False,False,False,0.0,0.0,0.0,0.0,0.0,0.0,0.0
2025-05-19T09:45:00Z,2025-05-19T10:00:00Z,2025-05-19,2025-05-19_12,0.0,0,0,0,10.000000000000043,10.000000000000043,0.0,0.0,0.0,True,False,False,False,0.0,0.0,0.0,0.0,0.0,0.0,0.0
2025-05-19T10:00:00Z,2025-05-19T10:15:00Z,2025-05-19,2025-05-19_13,0.0,100,100,0,10.000000000000043,32.64626000000004,0.06290627777777778,0.0,24.6155,True,True,False,False,0.0,0.0,171.33031567809064,185.55640467932514,0.0,21700.690631552134,22057.57735190955
2025-05-19T10:15:00Z,2025-05-19T10:30:00Z,2025-05-19,2025-05-19_13,0.0,100,100,0,32.64626000000004,36.4033782608696,0.010542115942028986,0.0175,4.1045,True,True,False,False,0.0,0.0,171.33031567809064,185.55640467932514,2.5254242352987286,1687.5749912801518,2046.9871358728662
2025-05-19T10:30:00Z,2025-05-19T10:45:00Z,2025-05-19,2025-05-19_13,0.0,100,100,0,36.4033782608696,37.274006956521774,0.0027233647342995173,0.0505,1.006,True,True,False,False,0.0,0.0,171.33031567809064,185.55640467932514,7.176921501773363,-31.513172261085963,332.5504695981032
2025-05-19T10:45:00Z,2025-05-19T11:00:00Z,2025-05-19,2025-05-19_13,0.0,100,100,0,37.274006956521774,37.38002173913047,0.002000403381642512,0.2825,0.449,True,True,False,False,0.0,0.0,171.33031567809064,185.55640467932514,41.13335733740913,-18.813340191640705,379.20673750318423
2025-05-19T11:00:00Z,2025-05-19T11:15:00Z,2025-05-19,2025-05-19_14,-100.00000000000007,100,0,0,37.38002173913047,55.22020173913049,0.0495560555555556,5.6085,0.0,True,True,False,False,-125.00000000000009,0.0,171.33031567809064,0.0,2959.9555787431664,0.0,3006.285894421257
2025-05-19T11:15:00Z,2025-05-19T11:30:00Z,2025-05-19,2025-05-19_14,-100.00000000000007,100,0,0,55.22020173913049,76.43494173913051,0.05892983333333338,1.9405,0.0,True,True,False,False,-125.00000000000009,0.0,171.33031567809064,0.0,180.81370093860835,0.0,227.1440166166989
2025-05-19T11:30:00Z,2025-05-19T11:45:00Z,2025-05-19,2025-05-19_14,-100.00000000000007,100,0,0,76.43494173913051,99.43034173913053,0.06387611111111115,0.005,0.0,True,True,False,False,-125.00000000000009,0.0,171.33031567809064,0.0,0.46589461720847297,0.0,46.796210295299026
2025-05-19T11:45:00Z,2025-05-19T12:00:00Z,2025-05-19,2025-05-19_14,-100.00000000000007,100,0,0,99.43034173913053,122.42068173913054,0.0638620555555556,0.0105,0.0,True,True,False,False,-125.00000000000009,0.0,171.33031567809064,0.0,0.9783786961377933,0.0,47.30869437422835
2025-05-19T12:00:00Z,2025-05-19T12:15:00Z,2025-05-19,2025-05-19_15,-77.42047512488737,100,22,0,122.42068173913054,140.51484587193494,0.050399962070279344,0.1015,0.41811000000000004,True,True,False,False,-154.84095024977475,0.0,171.33031567809064,40.82240902945153,9.762560500068584,-9.343713491270355,57.73062146656565
2025-05-19T12:15:00Z,2025-05-19T12:30:00Z,2025-05-19,2025-05-19_15,-77.42047512488737,100,22,0,140.51484587193494,157.75240609598646,0.0486927112225015,0.5945,0.00022,True,True,False,False,-154.84095024977475,0.0,171.33031567809064,40.82240902945153,57.180711500401706,-0.01681265063782259,114.47567330753131
2025-05-19T12:30:00Z,2025-05-19T12:45:00Z,2025-05-19,2025-05-19_15,-77.42047512488737,100,22,0,157.75240609598646,174.9840226622615,0.04870483451746883,0.6155,0.015619999999999998,True,True,False,False,-154.84095024977475,0.0,171.33031567809064,40.82240902945153,59.20055160386418,-0.943664334842161,115.56866172678944
2025-05-19T12:45:00Z,2025-05-19T13:00:00Z,2025-05-19,2025-05-19_15,-77.42047512488737,100,22,0,174.9840226622615,190.00000000000014,0.04568428097959275,2.914,0.0,True,True,False,False,-154.84095024977475,0.0,171.33031567809064,40.82240902945153,280.2768600709345,0.0,337.5886345287019
2025-05-19T13:00:00Z,2025-05-19T13:15:00Z,2025-05-19,2025-05-19_16,-12.857935347298636,100,87,0,190.00000000000014,189.1732396674275,0.016392153823413524,3.5515,0.0,True,True,False,False,-93.2200312679151,0.0,171.33031567809064,161.43407207101285,477.46111849195614,0.0,717.0054749731445
2025-05-19T13:15:00Z,2025-05-19T13:30:00Z,2025-05-19,2025-05-19_16,-12.857935347298636,100,87,0,189.1732396674275,180.06975798547526,0.0342780461030464,11.3195,0.0,True,True,False,False,-93.2200312679151,0.0,171.33031567809064,161.43407207101285,2319.3163752865794,0.0,2558.860731767768
2025-05-19T13:30:00Z,2025-05-19T13:45:00Z,2025-05-19,2025-05-19_16,-12.857935347298636,100,87,0,180.06975798547526,180.14440165156063,0.014444230951558555,2.7055,0.0,True,True,False,False,-93.2200312679151,0.0,171.33031567809064,161.43407207101285,317.0173985460388,0.0,556.5617550272272
2025-05-19T13:45:00Z,2025-05-19T14:00:00Z,2025-05-19,2025-05-19_16,-12.857935347298636,100,87,0,180.14440165156063,181.78656146429307,0.011205085024742097,1.2625,0.032625,True,True,False,False,-93.2200312679151,0.0,171.33031567809064,161.43407207101285,147.93364097740678,-2.3399821439068837,385.1380153146883
2025-05-19T14:00:00Z,2025-05-19T14:15:00Z,2025-05-19,2025-05-19_17,19.22871091748601,80,100,0,181.78656146429307,187.0836648786286,0.030916037936329285,0.0012000000000000001,11.053,True,True,False,False,394.14050203116943,0.0,136.97019575568748,177.47339956498737,0.16459937687378756,621.5761207454,1330.3248174741182
2025-05-19T14:15:00Z,2025-05-19T14:30:00Z,2025-05-19,2025-05-19_17,19.22871091748601,80,100,0,187.0836648786286,185.38385662918478,0.020409268839147787,0.0852,3.8,True,True,False,False,394.14050203116943,0.0,136.97019575568748,177.47339956498737,13.587474222561871,787.3385848372621,1509.5101564116683
2025-05-19T14:30:00Z,2025-05-19T14:45:00Z,2025-05-19,2025-05-19_17,19.22871091748601,80,100,0,185.38385662918478,180.0878339411153,0.015039374804831689,0.1348,0.0795,True,True,False,False,394.14050203116943,0.0,136.97019575568748,177.47339956498737,21.39419403131307,-5.902158015401799,724.0761333677556
2025-05-19T14:45:00Z,2025-05-19T15:00:00Z,2025-05-19,2025-05-19_17,19.22871091748601,80,100,0,180.0878339411153,173.1198791304363,0.0197827101489104,1.6940000000000002,0.1035,True,True,False,False,394.14050203116943,0.0,136.97019575568748,177.47339956498737,287.9746889267729,-4.188471577214743,992.3703147014024
2025-05-19T15:00:00Z,2025-05-19T15:15:00Z,2025-05-19,2025-05-19_18,3.899776450560615e-13,100,100,0,173.1198791304363,182.4643191304362,0.025956777777777853,0.0,10.157,True,True,False,False,1.027201117077666e-11,0.0,171.21274469460937,177.47339956498737,0.0,3293.068852507201,3641.754996766808
2025-05-19T15:15:00Z,2025-05-19T15:30:00Z,2025-05-19,2025-05-19_18,3.899776450560615e-13,100,100,0,182.4643191304362,184.11136173913175,0.00681243719806788,0.3705,2.228,True,True,False,False,1.027201117077666e-11,0.0,171.21274469460937,177.47339956498737,56.671188642643,-28.819099014363253,376.53823388788675
2025-05-19T15:30:00Z,2025-05-19T15:45:00Z,2025-05-19,2025-05-19_18,3.899776450560615e-13,100,100,0,184.11136173913175,173.61462260869686,0.029157608695652464,9.657,0.0,True,True,False,False,1.027201117077666e-11,0.0,171.21274469460937,177.47339956498737,1978.278071248016,0.0,2326.964215507623
2025-05-19T15:45:00Z,2025-05-19T16:00:00Z,2025-05-19,2025-05-19_18,3.899776450560615e-13,100,100,0,173.61462260869686,165.8423400000011,0.021589673913043773,7.1505,0.0,True,True,False,False,1.027201117077666e-11,0.0,171.21274469460937,177.47339956498737,1388.3428622655929,0.0,1737.0290065252
2025-05-19T16:00:00Z,2025-05-19T16:15:00Z,2025-05-19,2025-05-19_19,0.0,100,100,0,165.8423400000011,179.66488695652282,0.03852881400966184,0.022,15.0505,True,True,False,False,0.0,0.0,171.21274469460937,177.47339956498737,3.0693864754178666,12693.278439147218,13045.033969882232
2025-05-19T16:15:00Z,2025-05-19T16:30:00Z,2025-05-19,2025-05-19_19,0.0,100,100,0,179.66488695652282,187.8173000000011,0.02265163043478261,0.001,8.8625,True,True,False,False,0.0,0.0,171.21274469460937,177.47339956498737,0.13716614739482297,4548.984247937609,4897.807558344601
2025-05-19T16:30:00Z,2025-05-19T16:45:00Z,2025-05-19,2025-05-19_19,0.0,100,100,0,187.8173000000011,183.63641304347937,0.023739685990338162,5.8545,2.3725,True,True,False,False,0.0,0.0,171.21274469460937,177.47339956498737,6598.362103344894,-27.184750553563383,6919.863497050927
2025-05-19T16:45:00Z,2025-05-19T17:00:00Z,2025-05-19,2025-05-19_19,0.0,100,100,0,183.63641304347937,156.99076086956632,0.07401570048309178,24.514,0.0,True,True,False,False,0.0,0.0,171.21274469460937,177.47339956498737,33629.71293084866,0.0,33978.39907510826
2025-05-19T17:00:00Z,2025-05-19T17:15:00Z,2025-05-19,2025-05-19_20,0.0,100,100,0,156.99076086956632,150.4375000000011,0.018203502415458934,6.029,0.0,True,True,False,False,0.0,0.0,170.8012462524249,176.35647522191525,5260.95551466698,0.0,5608.11323614132
2025-05-19T17:15:00Z,2025-05-19T17:30:00Z,2025-05-19,2025-05-19_20,0.0,100,100,0,150.4375000000011,134.67010869565328,0.04379830917874396,14.506,0.0,True,True,False,False,0.0,0.0,170.8012462524249,176.35647522191525,16457.918696137796,0.0,16805.076417612137
2025-05-19T17:30:00Z,2025-05-19T17:45:00Z,2025-05-19,2025-05-19_20,0.0,100,100,0,134.67010869565328,115.36304347826199,0.053630736714975834,17.7625,0.0,True,True,False,False,0.0,0.0,170.8012462524249,176.35647522191525,15680.212076009639,0.0,16027.369797483978
2025-05-19T17:45:00Z,2025-05-19T18:00:00Z,2025-05-19,2025-05-19_20,0.0,100,100,0,115.36304347826199,96.17500000000112,0.05330012077294685,17.653,0.0,True,True,False,False,0.0,0.0,170.8012462524249,176.35647522191525,9074.578733564556,0.0,9421.736455038896
2025-05-19T18:00:00Z,2025-05-19T18:15:00Z,2025-05-19,2025-05-19_21,100.0,0,100,0,96.17500000000112,72.16032608695764,0.06670742753623188,0.0,2.9065,True,True,False,False,5757.0,0.0,0.0,176.35647522191525,0.0,-17.624781807849825,5915.731693414065
2025-05-19T18:15:00Z,2025-05-19T18:30:00Z,2025-05-19,2025-05-19_21,100.0,0,100,0,72.16032608695764,60.167391304348946,0.03331370772946859,0.0,13.966500000000002,True,True,False,False,5757.0,0.0,0.0,176.35647522191525,0.0,1757.5271950502618,7690.883670272177
2025-05-19T18:30:00Z,2025-05-19T18:45:00Z,2025-05-19,2025-05-19_21,100.0,0,100,0,60.167391304348946,40.27771739130547,0.05524909420289855,0.0,6.7015,True,True,False,False,5757.0,0.0,0.0,176.35647522191525,0.0,306.6081026982541,6239.964577920169
2025-05-19T18:45:00Z,2025-05-19T19:00:00Z,2025-05-19,2025-05-19_21,100.0,0,100,0,40.27771739130547,25.685326086957645,0.04053442028985507,0.0,11.575,True,True,False,False,5757.0,0.0,0.0,176.35647522191525,0.0,-24.441479042972194,5908.914996178943
2025-05-19T19:00:00Z,2025-05-19T19:15:00Z,2025-05-19,2025-05-19_22,1.5291468671633993e-12,100,100,0,25.685326086957645,27.337985217392017,0.004678280193237714,0.0145,1.8135,True,True,False,False,5.881481137827225e-11,0.0,170.8012462524249,176.35647522191525,2.0280991711245666,-71.36589618482158,277.81992446070194
2025-05-19T19:15:00Z,2025-05-19T19:30:00Z,2025-05-19,2025-05-19_22,1.5291468671633993e-12,100,100,0,27.337985217392017,28.48217391304378,0.003205475845411676,0.0045,1.249,True,True,False,False,5.881481137827225e-11,0.0,170.8012462524249,176.35647522191525,0.6172476632767032,-61.232155859933776,286.5428132777419
2025-05-19T19:30:00Z,2025-05-19T19:45:00Z,2025-05-19,2025-05-19_22,1.5291468671633993e-12,100,100,0,28.48217391304378,27.273319999999888,0.003529149758455258,1.1405,0.0335,True,True,False,False,5.881481137827225e-11,0.0,170.8012462524249,176.35647522191525,212.07292781141618,-2.420884231771599,556.8097650540435
2025-05-19T19:45:00Z,2025-05-19T20:00:00Z,2025-05-19,2025-05-19_22,1.5291468671633993e-12,100,100,0,27.273319999999888,28.256648695651652,0.0030364202898561306,0.0505,1.1285,True,True,False,False,5.881481137827225e-11,0.0,170.8012462524249,176.35647522191525,7.495152744302707,-48.96048762565399,305.6923865930477
2025-05-19T20:00:00Z,2025-05-19T20:15:00Z,2025-05-19,2025-05-19_23,30.70694200220392,69,100,0,28.256648695651652,14.933126749221003,0.037039887168615296,4.5885,0.0085,True,True,False,False,1045.80167724006,0.0,117.85285991417318,177.62036329433894,998.4026815002056,-0.5320090921560559,2339.1455728566216
2025-05-19T20:15:00Z,2025-05-19T20:30:00Z,2025-05-19,2025-05-19_23,30.70694200220392,69,100,0,14.933126749221003,10.000000000001243,0.026226387238598797,0.02139,3.5360000000000005,True,True,False,False,1045.80167724006,0.0,117.85285991417318,177.62036329433894,2.9369597907236495,-9.710090333705644,1334.50176990559
2025-05-19T20:30:00Z,2025-05-19T20:45:00Z,2025-05-19,2025-05-19_23,30.70694200220392,69,100,0,10.000000000001243,18.050713332023765,0.03741987816008043,0.0,16.88,True,True,False,False,1045.80167724006,0.0,117.85285991417318,177.62036329433894,0.0,1114.2228910704837,2455.4977915190557
2025-05-19T20:45:00Z,2025-05-19T21:00:00Z,2025-05-19,2025-05-19_23,30.70694200220392,69,100,0,18.050713332023765,17.42509638858636,0.0298832791404265,0.0,7.947,True,True,False,False,1045.80167724006,0.0,117.85285991417318,177.62036329433894,0.0,-73.7876762095115,1267.4872242390607
2025-05-19T21:00:00Z,2025-05-19T21:15:00Z,2025-05-20,2025-05-19_24,-6.999999999999973,100,93,0,17.42509638858636,20.126466753803747,0.007764947874396118,0.0465,1.24062,True,True,False,False,-208.8449999999992,0.0,173.6559674053463,165.54794792805325,6.59604094206499,-41.75944426512968,95.19551201033566
2025-05-19T21:15:00Z,2025-05-19T21:30:00Z,2025-05-20,2025-05-19_24,-6.999999999999973,100,93,0,20.126466753803747,22.585472388586346,0.007731929903381627,0.1605,1.11042,True,True,False,False,-208.8449999999992,0.0,173.6559674053463,165.54794792805325,23.45303259465368,-48.542005334393316,105.26994259366072
2025-05-19T21:30:00Z,2025-05-19T21:45:00Z,2025-05-20,2025-05-19_24,-6.999999999999973,100,93,0,22.585472388586346,24.695262014673297,0.007618316594202882,0.313,0.9090750000000001,True,True,False,False,-208.8449999999992,0.0,173.6559674053463,165.54794792805325,46.1123058730001,-46.42470678227169,130.04651442412876
2025-05-19T21:45:00Z,2025-05-19T22:00:00Z,2025-05-20,2025-05-19_24,-6.999999999999973,100,93,0,24.695262014673297,22.56332392771677,0.013621428019323659,3.4799999999999995,0.0,True,True,False,False,-208.8449999999992,0.0,173.6559674053463,165.54794792805325,626.3059365994235,0.0,756.6648519328238
2025-05-19T22:00:00Z,2025-05-19T22:15:00Z,2025-05-20,2025-05-20_1,-0.8187857931567012,100,99,0,22.56332392771677,19.783642952219594,0.00865314702709176,2.734,0.0,True,True,False,False,-24.950450081967578,0.0,173.6559674053463,176.67117161880154,494.1261468746894,0.0,819.5028358168697
2025-05-19T22:15:00Z,2025-05-19T22:30:00Z,2025-05-20,2025-05-20_1,-0.8187857931567012,100,99,0,19.783642952219594,16.875319620325598,0.009005527793351257,2.8525,0.0,True,True,False,False,-24.950450081967578,0.0,173.6559674053463,176.67117161880154,492.65506807115173,0.0,818.031757013332
2025-05-19T22:30:00Z,2025-05-19T22:45:00Z,2025-05-20,2025-05-20_1,-0.8187857931567012,100,99,0,16.875319620325598,10.49582384472843,0.018513861127652905,6.05,0.0,True,True,False,False,-24.950450081967578,0.0,173.6559674053463,176.67117161880154,1177.0571698300705,0.0,1502.4338587722507
2025-05-19T22:45:00Z,2025-05-19T23:00:00Z,2025-05-20,2025-05-20_1,-0.8187857931567012,100,99,0,10.49582384472843,10.221426000000056,0.0018760280193604573,0.4405,0.01683,True,True,False,False,-24.950450081967578,0.0,173.6559674053463,176.67117161880154,73.51609251714201,-1.3045215144589088,397.58825994486335
2025-05-19T23:00:00Z,2025-05-19T23:15:00Z,2025-05-20,2025-05-20_2,0.0,100,100,0,10.221426000000056,10.342665130434838,0.000493780193236715,0.026,0.1625,True,True,False,False,0.0,0.0,173.6559674053463,178.00854615919704,3.744010334890192,-12.200822319387855,343.2077015800457
2025-05-19T23:15:00Z,2025-05-19T23:30:00Z,2025-05-20,2025-05-20_2,0.0,100,100,0,10.342665130434838,18.955705130434836,0.023925111111111112,0.0,9.362,True,True,False,False,0.0,0.0,173.6559674053463,178.00854615919704,0.0,-130.10230825797476,221.5622053065686
2025-05-19T23:30:00Z,2025-05-19T23:45:00Z,2025-05-20,2025-05-20_2,0.0,100,100,0,18.955705130434836,36.39430513043483,0.04844055555555555,0.0,18.955,True,True,False,False,0.0,0.0,173.6559674053463,178.00854615919704,0.0,-132.63037463976946,219.03413892477388
2025-05-19T23:45:00Z,2025-05-20T00:00:00Z,2025-05-20,2025-05-20_2,0.0,100,100,0,36.39430513043483,38.32543643478266,0.005545413043478261,0.03,2.1345,True,True,False,False,0.0,0.0,173.6559674053463,178.00854615919704,4.243662923581437,-86.2640898340455,269.6440866540793
2025-05-20T00:00:00Z,2025-05-20T00:15:00Z,2025-05-20,2025-05-20_3,0.0,100,100,0,38.32543643478266,37.79889469565222,0.0015597270531400964,0.5005,0.019,True,True,False,False,0.0,0.0,174.0435257875385,178.45572890788034,80.15500288184437,-1.383384279042035,431.27087329822115
2025-05-20T00:15:00Z,2025-05-20T00:30:00Z,2025-05-20,2025-05-20_3,0.0,100,100,0,37.79889469565222,38.68369121739135,0.0025996763285024154,0.0235,0.9895,True,True,False,False,0.0,0.0,174.0435257875385,178.45572890788034,3.4355538109907577,-63.90992000397497,292.02488850243464
2025-05-20T00:30:00Z,2025-05-20T00:45:00Z,2025-05-20,2025-05-20_3,0.0,100,100,0,38.68369121739135,38.004204260869614,0.002424130434782609,0.714,0.105,True,True,False,False,0.0,0.0,174.0435257875385,178.45572890788034,118.91566053860676,-7.689155321474709,463.72575991255087
2025-05-20T00:45:00Z,2025-05-20T01:00:00Z,2025-05-20,2025-05-20_3,0.0,100,100,0,38.004204260869614,39.615793826087,0.0044856956521739134,0.0015,1.7535000000000003,True,True,False,False,0.0,0.0,174.0435257875385,178.45572890788034,0.20868528271887107,-92.63735446685881,260.0705855112789
2025-05-20T01:00:00Z,2025-05-20T01:15:00Z,2025-05-20,2025-05-20_4,-98.00000000000001,100,2,0,39.615793826087,62.154971043478305,0.06261262995169081,0.0315,0.03072,True,True,False,False,-2729.7900000000004,0.0,173.6559674053463,3.5601709231839407,4.382390937096293,-1.7333736341051376,-2549.924844368479
2025-05-20T01:15:00Z,2025-05-20T01:30:00Z,2025-05-20,2025-05-20_4,-98.00000000000001,100,2,0,62.154971043478305,84.31754113043483,0.061612271980676335,0.41050000000000003,0.0017399999999999998,True,True,False,False,-2729.7900000000004,0.0,173.6559674053463,3.5601709231839407,68.02902434661631,-0.12737740634005765,-2484.672214731194
2025-05-20T01:30:00Z,2025-05-20T01:45:00Z,2025-05-20,2025-05-20_4,-98.00000000000001,100,2,0,84.31754113043483,98.97591831304354,0.041748632270531404,8.536,0.0,True,True,False,False,-2729.7900000000004,0.0,173.6559674053463,3.5601709231839407,1703.2352515154523,0.0,-849.3386101560178
2025-05-20T01:45:00Z,2025-05-20T02:00:00Z,2025-05-20,2025-05-20_4,-98.00000000000001,100,2,0,98.97591831304354,113.31435848695658,0.040901766183574884,8.8825,0.0,True,True,False,False,-2729.7900000000004,0.0,173.6559674053463,3.5601709231839407,1737.3315556990958,0.0,-815.2423059723743
2025-05-20T02:00:00Z,2025-05-20T02:15:00Z,2025-05-20,2025-05-20_5,0.0,100,100,0,113.31435848695658,99.4013150086957,0.03864734299516908,12.8,0.0,True,True,False,False,0.0,0.0,174.0435257875385,178.45572890788034,10073.173884527478,0.0,10425.673139222896
2025-05-20T02:15:00Z,2025-05-20T02:30:00Z,2025-05-20,2025-05-20_5,0.0,100,100,0,99.4013150086957,93.75566283478265,0.015682367149758455,5.194,0.0,True,True,False,False,0.0,0.0,174.0435257875385,178.45572890788034,1449.776862963331,0.0,1802.2761176587499
2025-05-20T02:30:00Z,2025-05-20T02:45:00Z,2025-05-20,2025-05-20_5,0.0,100,100,0,93.75566283478265,89.145880226087,0.012804951690821253,4.241,0.0,True,True,False,False,0.0,0.0,174.0435257875385,178.45572890788034,804.6529416674946,0.0,1157.1521963629134
2025-05-20T02:45:00Z,2025-05-20T03:00:00Z,2025-05-20,2025-05-20_5,0.0,100,100,0,89.145880226087,87.53484370434786,0.004480212560386473,1.483,0.001,True,True,False,False,0.0,0.0,174.0435257875385,178.45572890788034,256.0810740335884,-0.07751167643843783,608.5028170525687
2025-05-20T03:00:00Z,2025-05-20T03:15:00Z,2025-05-20,2025-05-20_6,0.0,100,100,0,87.53484370434786,87.14805935652178,0.0011689565217391305,0.3715,0.0185,True,True,False,False,0.0,0.0,173.6559674053463,178.00854615919704,62.271713803040846,-1.4339660141111,412.5022613534731
2025-05-20T03:15:00Z,2025-05-20T03:30:00Z,2025-05-20,2025-05-20_6,0.0,100,100,0,87.14805935652178,81.91653761739136,0.014532004830917872,4.813,0.0,True,True,False,False,0.0,0.0,173.6559674053463,178.00854615919704,1701.4593512868923,0.0,2053.123864851436
2025-05-20T03:30:00Z,2025-05-20T03:45:00Z,2025-05-20,2025-05-20_6,0.0,100,100,0,81.91653761739136,69.17414631304354,0.035395531400966185,11.723,0.0,True,True,False,False,0.0,0.0,173.6559674053463,178.00854615919704,3267.0252393918313,0.0,3618.689752956375
2025-05-20T03:45:00Z,2025-05-20T04:00:00Z,2025-05-20,2025-05-20_6,0.0,100,100,0,69.17414631304354,63.765450660869625,0.01502415458937198,4.976,0.0,True,True,False,False,0.0,0.0,173.6559674053463,178.00854615919704,970.3580753254497,0.0,1322.0225888899931
2025-05-20T04:00:00Z,2025-05-20T04:15:00Z,2025-05-20,2025-05-20_7,0.0,100,100,0,63.765450660869625,53.96718022608702,0.02751386231884058,9.0635,0.058,True,True,False,False,0.0,0.0,173.6559674053463,178.45572890788034,11791.068591175594,-4.178674351585014,12139.001613137236
2025-05-20T04:15:00Z,2025-05-20T04:30:00Z,2025-05-20,2025-05-20_7,0.0,100,100,0,53.96718022608702,40.74109326956528,0.0367391304347826,12.168,0.0,True,True,False,False,0.0,0.0,173.6559674053463,178.45572890788034,6476.0434558282805,0.0,6828.155152141507
2025-05-20T04:30:00Z,2025-05-20T04:45:00Z,2025-05-20,2025-05-20_7,0.0,100,100,0,40.74109326956528,36.782818486956586,0.011048874396135265,3.6505,0.0105,True,True,False,False,0.0,0.0,173.6559674053463,178.45572890788034,685.7346170128192,-0.8138726026035973,1037.0324407234423
2025-05-20T04:45:00Z,2025-05-20T05:00:00Z,2025-05-20,2025-05-20_7,0.0,100,100,0,36.782818486956586,38.03401848695658,0.003475555555555556,0.0,1.36,True,True,False,False,0.0,0.0,173.6559674053463,178.45572890788034,0.0,-88.84801748981417,263.2636788234125
2025-05-20T05:00:00Z,2025-05-20T05:15:00Z,2025-05-20,2025-05-20_8,38.0,62,100,0,38.03401848695658,23.63899744347832,0.040318902898550724,3.83842,0.105,True,True,False,False,1276.8,0.0,107.90698598827386,178.45572890788034,845.9079709748584,-6.745897843585412,2402.324788027427
2025-05-20T05:15:00Z,2025-05-20T05:30:00Z,2025-05-20,2025-05-20_8,38.0,62,100,0,23.63899744347832,10.041317339130496,0.03778084028985507,3.0125800000000003,0.003,True,True,False,False,1276.8,0.0,107.90698598827386,178.45572890788034,638.1993410036769,-0.2325350293153135,2201.1295208705155
2025-05-20T05:30:00Z,2025-05-20T05:45:00Z,2025-05-20,2025-05-20_8,38.0,62,100,0,10.041317339130496,10.000000000000062,0.0332645170531401,0.00279,10.461,True,True,False,False,1276.8,0.0,107.90698598827386,178.45572890788034,0.3881546258571002,5019.059519427607,6582.610388949618
2025-05-20T05:45:00Z,2025-05-20T06:00:00Z,2025-05-20,2025-05-20_8,38.0,62,100,0,10.000000000000062,15.267392834782674,0.0356142554589372,0.0,15.856,True,True,False,False,1276.8,0.0,107.90698598827386,178.45572890788034,0.0,4454.926214448971,6018.0889293451255
2025-05-20T06:00:00Z,2025-05-20T06:15:00Z,2025-05-20,2025-05-20_9,3.916363008000019,96,0,0,15.267392834782674,14.197424626087017,0.0029721339130434924,0.00528,0.0,True,True,False,False,86.97263150016042,0.0,166.70972870913243,0.0,0.7727321713206797,0.0,254.45509238061354
2025-05-20T06:15:00Z,2025-05-20T06:30:00Z,2025-05-20,2025-05-20_9,3.916363008000019,96,0,0,14.197424626087017,13.132152069565274,0.002959090434782623,0.0009600000000000001,0.0,True,True,False,False,86.97263150016042,0.0,166.70972870913243,0.0,0.1335585809400775,0.0,253.81591879023293
2025-05-20T06:30:00Z,2025-05-20T06:45:00Z,2025-05-20,2025-05-20_9,3.916363008000019,96,0,0,13.132152069565274,12.065314295652225,0.0029634382608695795,0.0024000000000000002,0.0,True,True,False,False,86.97263150016042,0.0,166.70972870913243,0.0,0.3338964523501938,0.0,254.01625666164304
2025-05-20T06:45:00Z,2025-05-20T07:00:00Z,2025-05-20,2025-05-20_9,3.916363008000019,96,0,0,12.065314295652225,10.981259130434827,0.003011264347826101,0.01824,0.0,True,True,False,False,86.97263150016042,0.0,166.70972870913243,0.0,3.262645334393322,0.0,256.9450055436862
2025-05-20T07:00:00Z,2025-05-20T07:15:00Z,2025-05-20,2025-05-20_10,0.0,100,100,0,10.981259130434827,10.000000000000044,0.002950608695652174,0.9399999999999998,0.044,True,True,False,False,0.0,0.0,174.0435257875385,178.45572890788034,114.20490907284106,-2.119249527973765,464.58491424028614
2025-05-20T07:15:00Z,2025-05-20T07:30:00Z,2025-05-20,2025-05-20_10,0.0,100,100,0,10.000000000000044,12.991799130434828,0.008328669082125604,0.003,3.2555,True,True,False,False,0.0,0.0,174.0435257875385,178.45572890788034,0.36448375236013114,-261.778692139521,91.08504630825796
2025-05-20T07:30:00Z,2025-05-20T07:45:00Z,2025-05-20,2025-05-20_10,0.0,100,100,0,12.991799130434828,21.734099130434828,0.024284166666666666,0.0,9.5025,True,True,False,False,0.0,0.0,174.0435257875385,178.45572890788034,0.0,5171.900169432575,5524.399424127994
2025-05-20T07:45:00Z,2025-05-20T08:00:00Z,2025-05-20,2025-05-20_10,0.0,100,100,0,21.734099130434828,33.840379130434826,0.03362855555555556,0.0,13.159,True,True,False,False,0.0,0.0,174.0435257875385,178.45572890788034,0.0,5278.868258372255,5631.367513067674
2025-05-20T08:00:00Z,2025-05-20T08:15:00Z,2025-05-20,2025-05-20_11,7.427399900181082,92,100,0,33.840379130434826,37.399683901828695,0.01841680620686967,0.0,5.982,True,True,False,False,102.12674862748987,0.0,159.7634900129186,178.45572890788034,0.0,-37.846567822716885,402.49939972557195
2025-05-20T08:15:00Z,2025-05-20T08:30:00Z,2025-05-20,2025-05-20_11,7.427399900181082,92,100,0,37.399683901828695,47.75059412302778,0.03401539737946153,0.0,13.266,True,True,False,False,102.12674862748987,0.0,159.7634900129186,178.45572890788034,0.0,4842.0095840206695,5282.355551568959
2025-05-20T08:30:00Z,2025-05-20T08:45:00Z,2025-05-20,2025-05-20_11,7.427399900181082,92,100,0,47.75059412302778,47.432210553614944,0.01002326874422323,0.09292,1.9314999999999998,True,True,False,False,102.12674862748987,0.0,159.7634900129186,178.45572890788034,10.157209579648216,-45.39552837126105,405.107648756676
2025-05-20T08:45:00Z,2025-05-20T09:00:00Z,2025-05-20,2025-05-20_11,7.427399900181082,92,100,0,47.432210553614944,46.389476521739226,0.007895300968822643,0.00874,1.0565,True,True,False,False,102.12674862748987,0.0,159.7634900129186,178.45572890788034,0.9553810990758222,-22.381673755341346,418.9196748920233
2025-05-20T09:00:00Z,2025-05-20T09:15:00Z,2025-05-20,2025-05-20_12,0.0,100,100,0,46.389476521739226,53.40309652173923,0.01948227777777778,0.0,7.6235,True,True,False,False,0.0,0.0,174.0435257875385,191.6029017191692,0.0,1535.440930438239,1901.0873579449467
2025-05-20T09:15:00Z,2025-05-20T09:30:00Z,2025-05-20,2025-05-20_12,0.0,100,100,0,53.40309652173923,64.81891652173923,0.03171061111111111,0.0,12.4085,True,True,False,False,0.0,0.0,174.0435257875385,191.6029017191692,0.0,8120.4316568617705,8486.078084368479
2025-05-20T09:30:00Z,2025-05-20T09:45:00Z,2025-05-20,2025-05-20_12,0.0,100,100,0,64.81891652173923,68.27138869565226,0.009683799516908212,0.0155,3.771,True,True,False,False,0.0,0.0,174.0435257875385,191.6029017191692,1.6376428500447182,1252.6540252409816,1619.938095597734
2025-05-20T09:45:00Z,2025-05-20T10:00:00Z,2025-05-20,2025-05-20_12,0.0,100,100,0,68.27138869565226,68.60088869565226,0.0011930555555555557,0.046,0.41250000000000003,True,True,False,False,0.0,0.0,174.0435257875385,191.6029017191692,4.860101361423035,0.779253204809699,371.28578207294044
2025-05-20T10:00:00Z,2025-05-20T10:15:00Z,2025-05-20,2025-05-20_13,0.0,100,100,0,68.60088869565226,78.69558869565226,0.028040833333333338,0.0,10.9725,True,True,False,False,0.0,0.0,173.6559674053463,191.6029017191692,0.0,4297.743866640167,4663.002735764682
2025-05-20T10:15:00Z,2025-05-20T10:30:00Z,2025-05-20,2025-05-20_13,0.0,100,100,0,78.69558869565226,84.84532869565226,0.01708261111111111,0.0,6.6845,True,True,False,False,0.0,0.0,173.6559674053463,191.6029017191692,0.0,-3.0808616714697403,362.1780074530458
2025-05-20T10:30:00Z,2025-05-20T10:45:00Z,2025-05-20,2025-05-20_13,0.0,100,100,0,84.84532869565226,84.98197913043487,0.001759415458937198,0.2285,0.4184999999999999,True,True,False,False,0.0,0.0,173.6559674053463,191.6029017191692,24.966650700586307,-16.34008983404551,373.8854299910563
2025-05-20T10:45:00Z,2025-05-20T11:00:00Z,2025-05-20,2025-05-20_13,0.0,100,100,0,84.98197913043487,88.78709913043487,0.010569777777777779,0.0,4.136,True,True,False,False,0.0,0.0,173.6559674053463,191.6029017191692,0.0,4.021328033389645,369.28019715790515
2025-05-20T11:00:00Z,2025-05-20T11:15:00Z,2025-05-20,2025-05-20_14,-100.0,100,0,0,88.78709913043487,111.77191913043487,0.06384672222222222,0.0165,0.0,True,True,False,False,-658.5,0.0,173.6559674053463,0.0,1.8018072145483455,0.0,-483.0422253801054
2025-05-20T11:15:00Z,2025-05-20T11:30:00Z,2025-05-20,2025-05-20_14,-100.0,100,0,0,111.77191913043487,134.77145913043486,0.0638876111111111,0.0005,0.0,True,True,False,False,-658.5,0.0,173.6559674053463,0.0,0.05465566928351386,0.0,-484.78937692537016
2025-05-20T11:30:00Z,2025-05-20T11:45:00Z,2025-05-20,2025-05-20_14,-100.0,100,0,0,134.77145913043486,156.61179913043486,0.06066761111111112,1.2605,0.0,True,True,False,False,-658.5,0.0,173.6559674053463,0.0,137.78694226373844,0.0,-347.05709033091523
2025-05-20T11:45:00Z,2025-05-20T12:00:00Z,2025-05-20,2025-05-20_14,-100.0,100,0,0,156.61179913043486,171.22967913043485,0.040605222222222216,9.111,0.0,True,True,False,False,-658.5,0.0,173.6559674053463,0.0,1401.0133999801253,0.0,916.1693673854716
2025-05-20T12:00:00Z,2025-05-20T12:15:00Z,2025-05-20,2025-05-20_15,0.0,100,100,0,171.22967913043485,179.9198513043479,0.02451074396135266,0.0615,9.5185,True,True,False,False,0.0,0.0,174.0435257875385,191.33459206995926,6.722647321872205,493.9253035873993,866.0260687667693
2025-05-20T12:15:00Z,2025-05-20T12:30:00Z,2025-05-20,2025-05-20_15,0.0,100,100,0,179.9198513043479,188.92774000000006,0.025049086956521742,0.0045,9.7965,True,True,False,False,0.0,0.0,174.0435257875385,191.33459206995926,0.4919010235516247,164.8611834443009,530.7312023253503
2025-05-20T12:30:00Z,2025-05-20T12:45:00Z,2025-05-20,2025-05-20_15,0.0,100,100,0,188.92774000000006,187.4119565217392,0.010167509661835748,2.381,1.1655,True,True,False,False,0.0,0.0,174.0435257875385,191.33459206995926,294.4674480771141,-26.421860677730294,633.4237052568816
2025-05-20T12:45:00Z,2025-05-20T13:00:00Z,2025-05-20,2025-05-20_15,0.0,100,100,0,187.4119565217392,176.47621826086964,0.03048949516908212,10.0795,0.022,True,True,False,False,0.0,0.0,174.0435257875385,191.33459206995926,1567.9306805127694,-0.8307661731094107,1932.4780321971577
2025-05-20T13:00:00Z,2025-05-20T13:15:00Z,2025-05-20,2025-05-20_16,22.748304003485416,77,100,0,176.47621826086964,172.14590983137865,0.019658956210375205,0.0,1.9325,True,True,False,False,359.53694477508697,0.0,133.71509490211665,191.33459206995926,0.0,-68.2933171022558,616.293314644907
2025-05-20T13:15:00Z,2025-05-20T13:30:00Z,2025-05-20,2025-05-20_16,22.748304003485416,77,100,0,172.14590983137865,172.4603867637803,0.02595596698514053,0.012320000000000001,6.795,True,True,False,False,359.53694477508697,0.0,133.71509490211665,191.33459206995926,1.3467156911457816,303.5068488522309,989.4401962905396
2025-05-20T13:30:00Z,2025-05-20T13:45:00Z,2025-05-20,2025-05-20_16,22.748304003485416,77,100,0,172.4603867637803,169.95246863477374,0.022144165794893447,0.008085,3.8440000000000003,True,True,False,False,359.53694477508697,0.0,133.71509490211665,191.33459206995926,0.8837821723144191,-52.084041737056545,633.3863721824207
2025-05-20T13:45:00Z,2025-05-20T14:00:00Z,2025-05-20,2025-05-20_16,22.748304003485416,77,100,0,169.95246863477374,167.04183592961112,0.02159263572788231,0.005775,3.421,True,True,False,False,359.53694477508697,0.0,133.71509490211665,191.33459206995926,0.631272980224585,519.0156398688263,1204.2335445962137
2025-05-20T14:00:00Z,2025-05-20T14:15:00Z,2025-05-20,2025-05-20_17,17.91228663571045,82,100,0,167.04183592961112,185.2323784428871,0.051314569789143685,0.0,24.274,True,True,False,False,420.5804902064814,0.0,142.39789327238395,178.45572890788034,0.0,21185.14978237106,21926.583894757805
2025-05-20T14:15:00Z,2025-05-20T14:30:00Z,2025-05-20,2025-05-20_17,17.91228663571045,82,100,0,185.2323784428871,186.36166412650488,0.023349881751687188,0.0,6.312999999999999,True,True,False,False,420.5804902064814,0.0,142.39789327238395,178.45572890788034,0.0,-67.37463460200733,674.0594777847383
2025-05-20T14:30:00Z,2025-05-20T14:45:00Z,2025-05-20,2025-05-20_17,17.91228663571045,82,100,0,186.36166412650488,183.85963600568707,0.017409694550260597,0.00246,2.493,True,True,False,False,420.5804902064814,0.0,142.39789327238395,178.45572890788034,0.2689058928748882,-78.84251853324058,662.86049974638
2025-05-20T14:45:00Z,2025-05-20T15:00:00Z,2025-05-20,2025-05-20_17,17.91228663571045,82,100,0,183.85963600568707,178.37996125217362,0.015517108153582333,0.62484,0.0705,True,True,False,False,420.5804902064814,0.0,142.39789327238395,178.45572890788034,68.3020967902216,-3.5764650700586302,806.1597441069086
2025-05-20T15:00:00Z,2025-05-20T15:15:00Z,2025-05-20,2025-05-20_18,0.0,100,100,0,178.37996125217362,177.27908386086926,0.0030682149758454107,1.0145,0.002,True,True,False,False,0.0,0.0,173.6559674053463,178.45572890788034,149.13926274470833,-0.15502335287687566,501.0959357050581
2025-05-20T15:15:00Z,2025-05-20T15:30:00Z,2025-05-20,2025-05-20_18,0.0,100,100,0,177.27908386086926,177.46966733913015,0.0008736014492753624,0.056999999999999995,0.2745,True,True,False,False,0.0,0.0,173.6559674053463,178.45572890788034,7.168836132366093,-11.558187618006558,347.7223448275862
2025-05-20T15:30:00Z,2025-05-20T15:45:00Z,2025-05-20,2025-05-20_18,0.0,100,100,0,177.46966733913015,173.9636090782606,0.00980805072463768,3.237,0.0135,True,True,False,False,0.0,0.0,173.6559674053463,178.45572890788034,1142.0115412898738,-0.8675336380800953,1493.2557039650203
2025-05-20T15:45:00Z,2025-05-20T16:00:00Z,2025-05-20,2025-05-20_18,0.0,100,100,0,173.9636090782606,162.04429603478235,0.03313475845410628,10.97,0.005,True,True,False,False,0.0,0.0,173.6559674053463,178.45572890788034,4595.511018582927,-0.18881049388850243,4947.433904402265
2025-05-20T16:00:00Z,2025-05-20T16:15:00Z,2025-05-20,2025-05-20_19,-68.00000000000013,100,32,0,162.04429603478235,179.79911843478237,0.04931895111111119,0.0,2.2987200000000003,True,True,False,False,-2395.4700000000043,0.0,173.23859683990858,57.10583325052171,0.0,-71.81152852230946,-2236.9370984318834
2025-05-20T16:15:00Z,2025-05-20T16:30:00Z,2025-05-20,2025-05-20_19,-68.00000000000013,100,32,0,179.79911843478237,189.99999999999977,0.039264284541062844,5.6555,0.07184,True,True,False,False,-2395.4700000000043,0.0,173.23859683990858,57.10583325052171,3936.168427009838,-4.317753194872304,1766.7251039053917
2025-05-20T16:30:00Z,2025-05-20T16:45:00Z,2025-05-20,2025-05-20_19,-68.00000000000013,100,32,0,189.99999999999977,189.12582643478243,0.030354348792270492,16.965,0.0,True,True,False,False,-2395.4700000000043,0.0,173.23859683990858,57.10583325052171,14912.698616714697,0.0,12747.573046805122
2025-05-20T16:45:00Z,2025-05-20T17:00:00Z,2025-05-20,2025-05-20_19,-68.00000000000013,100,32,0,189.12582643478243,189.59352073043465,0.031417991400966155,15.586500000000001,0.0,True,True,False,False,-2395.4700000000043,0.0,173.23859683990858,57.10583325052171,11519.983234224386,0.0,9354.857664314812
2025-05-20T17:00:00Z,2025-05-20T17:15:00Z,2025-05-20,2025-05-20_20,76.36254991200009,0,0,0,189.59352073043465,168.84282781956506,0.05764081364130441,0.0,0.0,True,False,False,False,4634.824966908845,0.0,0.0,0.0,0.0,0.0,4634.824966908845
2025-05-20T17:15:00Z,2025-05-20T17:30:00Z,2025-05-20,2025-05-20_20,76.36254991200009,0,0,0,168.84282781956506,148.09213490869547,0.05764081364130441,0.0,0.0,True,False,False,False,4634.824966908845,0.0,0.0,0.0,0.0,0.0,4634.824966908845
2025-05-20T17:30:00Z,2025-05-20T17:45:00Z,2025-05-20,2025-05-20_20,76.36254991200009,0,0,0,148.09213490869547,127.34144199782588,0.05764081364130441,0.0,0.0,True,False,False,False,4634.824966908845,0.0,0.0,0.0,0.0,0.0,4634.824966908845
2025-05-20T17:45:00Z,2025-05-20T18:00:00Z,2025-05-20,2025-05-20_20,76.36254991200009,0,0,0,127.34144199782588,106.5907490869563,0.05764081364130441,0.0,0.0,True,False,False,False,4634.824966908845,0.0,0.0,0.0,0.0,0.0,4634.824966908845
2025-05-20T18:00:00Z,2025-05-20T18:15:00Z,2025-05-20,2025-05-20_21,0.0,100,100,0,106.5907490869563,98.3353143043476,0.022931763285024154,7.595000000000001,0.0,True,True,False,False,0.0,0.0,173.23859683990858,178.00854615919704,6030.081307761106,0.0,6381.328450760211
2025-05-20T18:15:00Z,2025-05-20T18:30:00Z,2025-05-20,2025-05-20_21,0.0,100,100,0,98.3353143043476,80.93314039130412,0.04833937198067633,16.01,0.0,True,True,False,False,0.0,0.0,173.23859683990858,178.00854615919704,16528.27343535725,0.0,16879.520578356354
2025-05-20T18:30:00Z,2025-05-20T18:45:00Z,2025-05-20,2025-05-20_21,0.0,100,100,0,80.93314039130412,56.02716213043456,0.0691832729468599,22.9135,0.0,True,True,False,False,0.0,0.0,173.23859683990858,178.00854615919704,27153.615509390835,0.0,27504.86265238994
2025-05-20T18:45:00Z,2025-05-20T19:00:00Z,2025-05-20,2025-05-20_21,0.0,100,100,0,56.02716213043456,32.28803169565195,0.06594202898550725,21.84,0.0,True,True,False,False,0.0,0.0,173.23859683990858,178.00854615919704,25203.129945344328,0.0,25554.377088343434
2025-05-20T19:00:00Z,2025-05-20T19:15:00Z,2025-05-20,2025-05-20_22,-59.0,100,41,0,32.28803169565195,21.35924456521717,0.03100608647342995,24.785,0.0,True,True,False,False,-2602.0475,0.0,173.23859683990858,72.98350392527078,29550.872503229653,0.0,27195.04710399483
2025-05-20T19:15:00Z,2025-05-20T19:30:00Z,2025-05-20,2025-05-20_22,-59.0,100,41,0,21.35924456521717,13.924635869564998,0.03196002415458937,21.25,0.0,True,True,False,False,-2602.0475,0.0,173.23859683990858,72.98350392527078,23499.45915730895,0.0,21143.633758074127
2025-05-20T19:30:00Z,2025-05-20T19:45:00Z,2025-05-20,2025-05-20_22,-59.0,100,41,0,13.924635869564998,18.78983179999978,0.03531796574879227,8.8065,0.0,True,True,False,False,-2602.0475,0.0,173.23859683990858,72.98350392527078,4080.0340347808797,0.0,1724.208635546059
2025-05-20T19:45:00Z,2025-05-20T20:00:00Z,2025-05-20,2025-05-20_22,-59.0,100,41,0,18.78983179999978,31.962078486956305,0.038967623647343,0.9605,0.599625,True,True,False,False,-2602.0475,0.0,173.23859683990858,72.98350392527078,171.4300170923184,-32.8313010533638,-2217.2266831958664
2025-05-20T20:00:00Z,2025-05-20T20:15:00Z,2025-05-20,2025-05-20_23,0.0,100,100,0,31.962078486956305,15.686520226086742,0.04572610628019324,15.059000000000001,0.101,True,True,False,False,0.0,0.0,173.23859683990858,178.45572890788034,14737.048965517242,-5.645441319685978,15083.097849945345
2025-05-20T20:15:00Z,2025-05-20T20:30:00Z,2025-05-20,2025-05-20_23,0.0,100,100,0,15.686520226086742,14.246302834782394,0.004000603864734299,1.325,0.0,True,True,False,False,0.0,0.0,173.23859683990858,178.45572890788034,222.78776209877765,0.0,574.4820878465666
2025-05-20T20:30:00Z,2025-05-20T20:45:00Z,2025-05-20,2025-05-20_23,0.0,100,100,0,14.246302834782394,10.097696747825871,0.011797350241545894,3.862,0.0535,True,True,False,False,0.0,0.0,173.23859683990858,178.45572890788034,775.2714582132566,-3.4363555599721747,1123.5294284010733
2025-05-20T20:45:00Z,2025-05-20T21:00:00Z,2025-05-20,2025-05-20_23,0.0,100,100,0,10.097696747825871,10.022148921738914,0.0009254106280193237,0.188,0.14,True,True,False,False,0.0,0.0,173.23859683990858,178.45572890788034,26.913648812481366,-8.922798370267316,369.68517619000295
2025-05-20T21:00:00Z,2025-05-20T21:15:00Z,2025-05-21,2025-05-20_24,-100.0,100,0,0,10.022148921738914,29.404248921738915,0.053839166666666674,3.9325,0.0,True,True,False,False,-2870.5,0.0,171.83566708621774,0.0,764.706828685494,0.0,-1933.9575042282884
2025-05-20T21:15:00Z,2025-05-20T21:30:00Z,2025-05-21,2025-05-20_24,-100.0,100,0,0,29.404248921738915,46.00196892173892,0.046104777777777786,6.959,0.0,True,True,False,False,-2870.5,0.0,171.83566708621774,0.0,2333.3302004011953,0.0,-365.33413251258696
2025-05-20T21:30:00Z,2025-05-20T21:45:00Z,2025-05-21,2025-05-20_24,-100.0,100,0,0,46.00196892173892,68.93572892173893,0.06370488888888888,0.072,0.0,True,True,False,False,-2870.5,0.0,171.83566708621774,0.0,10.36284298300818,0.0,-2688.301489930774
2025-05-20T21:45:00Z,2025-05-20T22:00:00Z,2025-05-21,2025-05-20_24,-100.0,100,0,0,68.93572892173893,91.90444892173892,0.063802,0.034,0.0,True,True,False,False,-2870.5,0.0,171.83566708621774,0.0,5.448692573945879,0.0,-2693.215640339836
2025-05-20T22:00:00Z,2025-05-20T22:15:00Z,2025-05-21,2025-05-21_1,0.0,100,100,0,91.90444892173892,89.62719153043457,0.011119937198067632,2.889,0.938,True,True,False,False,0.0,0.0,171.83566708621774,174.5496381371932,699.5882131057268,-43.99678964757709,1001.9767286815606
2025-05-20T22:15:00Z,2025-05-20T22:30:00Z,2025-05-21,2025-05-21_1,0.0,100,100,0,89.62719153043457,86.76795239999979,0.007942330917874395,2.6305,0.0,True,True,False,False,0.0,0.0,171.83566708621774,174.5496381371932,469.19308901038386,0.0,815.5783942337948
2025-05-20T22:30:00Z,2025-05-20T22:45:00Z,2025-05-21,2025-05-21_1,0.0,100,100,0,86.76795239999979,80.35762631304327,0.017806461352657003,5.8975,0.0,True,True,False,False,0.0,0.0,171.83566708621774,174.5496381371932,1322.6414922907486,0.0,1669.0267975141596
2025-05-20T22:45:00Z,2025-05-20T23:00:00Z,2025-05-21,2025-05-21_1,0.0,100,100,0,80.35762631304327,79.25006196521718,0.0031251231884057962,1.027,0.0095,True,True,False,False,0.0,0.0,171.83566708621774,174.5496381371932,182.30805203744492,-0.7414252281308998,527.9519320327249
2025-05-20T23:00:00Z,2025-05-20T23:15:00Z,2025-05-21,2025-05-21_2,0.0,100,100,0,79.25006196521718,79.20706805217371,0.0005870942028985509,0.117,0.0915,True,True,False,False,0.0,0.0,172.2191629955947,174.5496381371932,20.158109660163625,-7.197923222152297,359.72898757079923
2025-05-20T23:15:00Z,2025-05-20T23:30:00Z,2025-05-21,2025-05-21_2,0.0,100,100,0,79.20706805217371,79.7374480521737,0.001473277777777778,0.0,0.5765,True,True,False,False,0.0,0.0,172.2191629955947,174.5496381371932,0.0,-41.6225562460667,305.1462448867212
2025-05-20T23:30:00Z,2025-05-20T23:45:00Z,2025-05-21,2025-05-21_2,0.0,100,100,0,79.7374480521737,80.0603680521737,0.000897,0.0,0.351,True,True,False,False,0.0,0.0,172.2191629955947,174.5496381371932,0.0,-25.76268761799874,321.00611351478915
2025-05-20T23:45:00Z,2025-05-21T00:00:00Z,2025-05-21,2025-05-21_2,0.0,100,100,0,80.0603680521737,80.9601280521737,0.0024993333333333334,0.0,0.9780000000000001,True,True,False,False,0.0,0.0,172.2191629955947,174.5496381371932,0.0,-65.66167518879799,281.1071259439899
2025-05-21T00:00:00Z,2025-05-21T00:15:00Z,2025-05-21,2025-05-21_3,0.0,100,100,0,80.9601280521737,81.33691239999979,0.0010949323671497586,0.008,0.41900000000000004,True,True,False,False,0.0,0.0,171.83566708621774,174.5496381371932,1.4159848961611077,-26.957468533668973,320.8438215859031
2025-05-21T00:15:00Z,2025-05-21T00:30:00Z,2025-05-21,2025-05-21_3,0.0,100,100,0,81.33691239999979,89.4278523999998,0.022474833333333333,0.0,8.7945,True,True,False,False,0.0,0.0,171.83566708621774,174.5496381371932,0.0,-275.36947933055376,71.01582589285718
2025-05-21T00:30:00Z,2025-05-21T00:45:00Z,2025-05-21,2025-05-21_3,0.0,100,100,0,89.4278523999998,91.34939848695632,0.005349705314009663,0.002,2.091,True,True,False,False,0.0,0.0,171.83566708621774,174.5496381371932,0.2753303964757709,-105.61959782095659,241.04103779893012
2025-05-21T00:45:00Z,2025-05-21T01:00:00Z,2025-05-21,2025-05-21_3,0.0,100,100,0,91.34939848695632,91.41865413913023,0.0002829565217391304,0.015,0.093,True,True,False,False,0.0,0.0,171.83566708621774,174.5496381371932,2.0158108480176207,-7.091725534927628,341.3093905365009
2025-05-21T01:00:00Z,2025-05-21T01:15:00Z,2025-05-21,2025-05-21_4,-63.91276139630952,100,36,0,91.41865413913023,106.11255806033375,0.04088613357552418,0.032,0.02754,True,True,False,False,-2893.8100541214044,0.0,171.83566708621774,62.83786972938954,4.6609502831969785,-2.110031521397105,-2656.585598543997
2025-05-21T01:15:00Z,2025-05-21T01:30:00Z,2025-05-21,2025-05-21_4,-63.91276139630952,100,36,0,106.11255806033375,120.80785225652501,0.04087365159242684,0.0245,0.021060000000000002,True,True,False,False,-2893.8100541214044,0.0,171.83566708621774,62.83786972938954,3.4317972191629953,-1.6291596522970422,-2657.333879738931
2025-05-21T01:30:00Z,2025-05-21T01:45:00Z,2025-05-21,2025-05-21_4,-63.91276139630952,100,36,0,120.80785225652501,135.5168779027146,0.04090961532801386,0.0235,0.03492,True,True,False,False,-2893.8100541214044,0.0,171.83566708621774,62.83786972938954,3.3334663113593455,-2.667855585273757,-2658.4709065797115
2025-05-21T01:45:00Z,2025-05-21T02:00:00Z,2025-05-21,2025-05-21_4,-63.91276139630952,100,36,0,135.5168779027146,150.20974817391323,0.04087672478228525,0.029,0.02322,True,True,False,False,-2893.8100541214044,0.0,171.83566708621774,62.83786972938954,4.483952761170547,-1.784740674166142,-2656.4373052187925
2025-05-21T02:00:00Z,2025-05-21T02:15:00Z,2025-05-21,2025-05-21_5,0.0,100,100,0,150.20974817391323,150.26855339130452,0.0003324299516908213,0.028000000000000004,0.097,True,True,False,False,0.0,0.0,171.83566708621774,174.5496381371932,4.0316244493392075,-7.094765575833858,343.3221640969163
2025-05-21T02:15:00Z,2025-05-21T02:30:00Z,2025-05-21,2025-05-21_5,0.0,100,100,0,150.26855339130452,153.83631339130451,0.009910444444444446,0.0,3.878,True,True,False,False,0.0,0.0,171.83566708621774,174.5496381371932,0.0,-202.8971613436123,143.48814387979863
2025-05-21T02:30:00Z,2025-05-21T02:45:00Z,2025-05-21,2025-05-21_5,0.0,100,100,0,153.83631339130451,156.08922643478277,0.00626413043478261,0.001,2.45,True,True,False,False,0.0,0.0,171.83566708621774,174.5496381371932,0.13766519823788545,-118.41361508810573,228.1093553335431
2025-05-21T02:45:00Z,2025-05-21T03:00:00Z,2025-05-21,2025-05-21_5,0.0,100,100,0,156.08922643478277,156.20323165217408,0.0004857632850241546,0.028000000000000004,0.157,True,True,False,False,0.0,0.0,171.83566708621774,174.5496381371932,4.2676211453744495,-10.988826699181876,339.6640996696035
2025-05-21T03:00:00Z,2025-05-21T03:15:00Z,2025-05-21,2025-05-21_6,100.0,0,100,0,156.20323165217408,137.72497078260886,0.05132850241545893,0.0,8.0,True,True,False,False,5544.5,0.0,0.0,174.5496381371932,0.0,-207.6415984896161,5511.408039647577
2025-05-21T03:15:00Z,2025-05-21T03:30:00Z,2025-05-21,2025-05-21_6,100.0,0,100,0,137.72497078260886,114.40160121739147,0.06478713768115943,0.0,3.5425,True,True,False,False,5544.5,0.0,0.0,174.5496381371932,0.0,-180.24126858480176,5538.808369552391
2025-05-21T03:30:00Z,2025-05-21T03:45:00Z,2025-05-21,2025-05-21_6,100.0,0,100,0,114.40160121739147,87.56410121739148,0.07454861111111111,0.0,0.3095,True,True,False,False,5544.5,0.0,0.0,174.5496381371932,0.0,-19.039107241189427,5700.010530896004
2025-05-21T03:45:00Z,2025-05-21T04:00:00Z,2025-05-21,2025-05-21_6,100.0,0,100,0,87.56410121739148,78.58910121739149,0.024930555555555553,0.0,16.743,True,True,False,False,5544.5,0.0,0.0,174.5496381371932,0.0,-105.34839954373818,5613.701238593455
2025-05-21T04:00:00Z,2025-05-21T04:15:00Z,2025-05-21,2025-05-21_7,100.0,0,100,0,78.58910121739149,68.0602968695654,0.029246678743961353,0.0,15.3135,True,True,False,False,5599.25,0.0,0.0,174.2251415984896,0.0,-149.0693091173694,5624.40583248112
2025-05-21T04:15:00Z,2025-05-21T04:30:00Z,2025-05-21,2025-05-21_7,100.0,0,100,0,68.0602968695654,46.82497078260889,0.058987016908212564,0.0,5.4635,True,True,False,False,5599.25,0.0,0.0,174.2251415984896,0.0,-274.6105011013215,5498.864640497168
2025-05-21T04:30:00Z,2025-05-21T04:45:00Z,2025-05-21,2025-05-21_7,100.0,0,100,0,46.82497078260889,26.62714469565237,0.056105072463768106,0.0,6.418,True,True,False,False,5599.25,0.0,0.0,174.2251415984896,0.0,-271.9609829295154,5501.514158668974
2025-05-21T04:45:00Z,2025-05-21T05:00:00Z,2025-05-21,2025-05-21_7,100.0,0,100,0,26.62714469565237,11.431492521739326,0.04221014492753623,0.0,11.02,True,True,False,False,5599.25,0.0,0.0,174.2251415984896,0.0,-316.87701384518556,5456.598127753304
2025-05-21T05:00:00Z,2025-05-21T05:15:00Z,2025-05-21,2025-05-21_8,19.999999999999986,80,100,0,11.431492521739326,10.000000000000199,0.021145612560386464,0.0,4.199,True,True,False,False,689.9999999999995,0.0,137.39773442416612,174.2251415984896,0.0,-220.23939977973563,781.3834762429196
2025-05-21T05:15:00Z,2025-05-21T05:30:00Z,2025-05-21,2025-05-21_8,19.999999999999986,80,100,0,10.000000000000199,10.03863686956542,0.023366986473429947,0.0,5.741,True,True,False,False,689.9999999999995,0.0,137.39773442416612,174.2251415984896,0.0,-261.3155339443046,740.3073420783506
2025-05-21T05:30:00Z,2025-05-21T05:45:00Z,2025-05-21,2025-05-21_8,19.999999999999986,80,100,0,10.03863686956542,11.007306956521946,0.024772271980676323,0.0,6.7165,True,True,False,False,689.9999999999995,0.0,137.39773442416612,174.2251415984896,0.0,-262.0119224944934,739.6109535281619
2025-05-21T05:45:00Z,2025-05-21T06:00:00Z,2025-05-21,2025-05-21_8,19.999999999999986,80,100,0,11.007306956521946,24.151260695652383,0.04316919516908213,0.0,19.487,True,True,False,False,689.9999999999995,0.0,137.39773442416612,174.2251415984896,0.0,-145.54314800975453,856.0797280129008
2025-05-21T06:00:00Z,2025-05-21T06:15:00Z,2025-05-21,2025-05-21_9,7.589006368000029,0,0,0,24.151260695652383,22.089030704348026,0.005728416642512099,0.0,0.0,True,False,False,False,169.69018238848065,0.0,0.0,0.0,0.0,0.0,169.69018238848065
2025-05-21T06:15:00Z,2025-05-21T06:30:00Z,2025-05-21,2025-05-21_9,7.589006368000029,0,0,0,22.089030704348026,20.02680071304367,0.005728416642512099,0.0,0.0,True,False,False,False,169.69018238848065,0.0,0.0,0.0,0.0,0.0,169.69018238848065
2025-05-21T06:30:00Z,2025-05-21T06:45:00Z,2025-05-21,2025-05-21_9,7.589006368000029,0,0,0,20.02680071304367,17.964570721739314,0.005728416642512099,0.0,0.0,True,False,False,False,169.69018238848065,0.0,0.0,0.0,0.0,0.0,169.69018238848065
2025-05-21T06:45:00Z,2025-05-21T07:00:00Z,2025-05-21,2025-05-21_9,7.589006368000029,0,0,0,17.964570721739314,15.902340730434958,0.005728416642512099,0.0,0.0,True,False,False,False,169.69018238848065,0.0,0.0,0.0,0.0,0.0,169.69018238848065
2025-05-21T07:00:00Z,2025-05-21T07:15:00Z,2025-05-21,2025-05-21_10,37.999999999999815,62,100,0,15.902340730434958,10.000000000000226,0.03068232647342986,0.0093,4.5085,True,True,False,False,805.789999999996,0.0,106.538113593455,174.5496381371932,1.00593926998112,768.1145849394272,1855.9982759400525
2025-05-21T07:15:00Z,2025-05-21T07:30:00Z,2025-05-21,2025-05-21_10,37.999999999999815,62,100,0,10.000000000000226,10.380170469565488,0.03344207980676326,0.0,10.8865,True,True,False,False,805.789999999996,0.0,106.538113593455,174.5496381371932,0.0,-0.0,1086.8777517306441
2025-05-21T07:30:00Z,2025-05-21T07:45:00Z,2025-05-21,2025-05-21_10,37.999999999999815,62,100,0,10.380170469565488,10.378764869565533,0.03327248444444442,0.0,10.4985,True,True,False,False,805.789999999996,0.0,106.538113593455,174.5496381371932,0.0,569.9412829413152,1656.8190346719593
2025-05-21T07:45:00Z,2025-05-21T08:00:00Z,2025-05-21,2025-05-21_10,37.999999999999815,62,100,0,10.378764869565533,18.205077634782967,0.03675159342995175,0.0,18.458,True,True,False,False,805.789999999996,0.0,106.538113593455,174.5496381371932,0.0,5659.4236135147885,6746.301365245433
2025-05-21T08:00:00Z,2025-05-21T08:15:00Z,2025-05-21,2025-05-21_11,0.0,100,100,0,18.205077634782967,21.71554720000036,0.00976036231884058,0.0015,3.8175,True,True,False,False,0.0,0.0,172.2191629955947,174.5496381371932,0.08849905601006923,325.57611213813715,672.4334123269351
2025-05-21T08:15:00Z,2025-05-21T08:30:00Z,2025-05-21,2025-05-21_11,0.0,100,100,0,21.71554720000036,25.99538720000036,0.011888444444444445,0.0,4.652,True,True,False,False,0.0,0.0,172.2191629955947,174.5496381371932,0.0,-56.592868156072996,290.1759329767149
2025-05-21T08:30:00Z,2025-05-21T08:45:00Z,2025-05-21,2025-05-21_11,0.0,100,100,0,25.99538720000036,40.10588720000036,0.03919583333333334,0.0,15.3375,True,True,False,False,0.0,0.0,172.2191629955947,174.5496381371932,0.0,3961.746108499842,4308.51490963263
2025-05-21T08:45:00Z,2025-05-21T09:00:00Z,2025-05-21,2025-05-21_11,0.0,100,100,0,40.10588720000036,56.386207200000364,0.04522311111111112,0.0,17.696,True,True,False,False,0.0,0.0,172.2191629955947,174.5496381371932,0.0,2729.5230837004406,3076.2918848332283
2025-05-21T09:00:00Z,2025-05-21T09:15:00Z,2025-05-21,2025-05-21_12,0.0,100,100,0,56.386207200000364,60.98386633043515,0.012789391304347827,0.003,5.001,True,True,False,False,0.0,0.0,171.83566708621774,188.38499056010068,0.32449653870358713,1021.5089336847072,1382.0540878697293
2025-05-21T09:15:00Z,2025-05-21T09:30:00Z,2025-05-21,2025-05-21_12,0.0,100,100,0,60.98386633043515,60.93741067826124,0.000752599033816425,0.146,0.122,True,True,False,False,0.0,0.0,171.83566708621774,188.38499056010068,15.792164883574573,-5.266672435494021,370.74615009439896
2025-05-21T09:30:00Z,2025-05-21T09:45:00Z,2025-05-21,2025-05-21_12,0.0,100,100,0,60.93741067826124,60.91971328695689,0.0005909371980676328,0.106,0.106,True,True,False,False,0.0,0.0,171.83566708621774,188.38499056010068,11.465544367526745,-5.062142070484581,366.6240599433606
2025-05-21T09:45:00Z,2025-05-21T10:00:00Z,2025-05-21,2025-05-21_12,0.0,100,100,0,60.91971328695689,60.85725154782646,0.0009043937198067632,0.1785,0.143,True,True,False,False,0.0,0.0,171.83566708621774,188.38499056010068,19.307544052863435,-6.405358322844555,373.1228433763373
2025-05-21T10:00:00Z,2025-05-21T10:15:00Z,2025-05-21,2025-05-21_13,0.0,100,100,0,60.85725154782646,66.5249593739134,0.015858367149758457,0.019,6.183,True,True,False,False,0.0,0.0,171.83566708621774,188.6799874134676,2.0551447451227185,458.1874406073002,820.7582398521082
2025-05-21T10:15:00Z,2025-05-21T10:30:00Z,2025-05-21,2025-05-21_13,0.0,100,100,0,66.5249593739134,72.2717393739134,0.015963277777777778,0.0,6.2465,True,True,False,False,0.0,0.0,171.83566708621774,188.6799874134676,0.0,414.76425857457514,775.2799130742604
2025-05-21T10:30:00Z,2025-05-21T10:45:00Z,2025-05-21,2025-05-21_13,0.0,100,100,0,72.2717393739134,80.87240198260906,0.02390582608695652,0.0025,9.3515,True,True,False,False,0.0,0.0,171.83566708621774,188.6799874134676,0.2704137822529893,4912.277771987099,5273.063840269037
2025-05-21T10:45:00Z,2025-05-21T11:00:00Z,2025-05-21,2025-05-21_13,0.0,100,100,0,80.87240198260906,88.99140198260906,0.022552777777777776,0.0,8.825,True,True,False,False,0.0,0.0,171.83566708621774,188.6799874134676,0.0,2360.8922966488353,2721.4079511485206
2025-05-21T11:00:00Z,2025-05-21T11:15:00Z,2025-05-21,2025-05-21_14,-96.0,100,4,0,88.99140198260906,111.21492375652211,0.061733937294685994,0.008,0.16405999999999998,True,True,False,False,-1084.08,0.0,171.83566708621774,7.535399622404027,0.8653241032095658,23.740367345814974,-880.1032418423537
2025-05-21T11:15:00Z,2025-05-21T11:30:00Z,2025-05-21,2025-05-21_14,-96.0,100,4,0,111.21492375652211,133.352720208696,0.06150112541062802,0.03,0.09304,True,True,False,False,-1084.08,0.0,171.83566708621774,7.535399622404027,3.244965387035871,-0.32838831025802384,-901.7923562146003
2025-05-21T11:30:00Z,2025-05-21T11:45:00Z,2025-05-21,2025-05-21_14,-96.0,100,4,0,133.352720208696,155.69409220869602,0.06205936666666667,0.0,0.2841,True,True,False,False,-1084.08,0.0,171.83566708621774,7.535399622404027,0.0,-1.1508597781623664,-905.8597930695405
2025-05-21T11:45:00Z,2025-05-21T12:00:00Z,2025-05-21,2025-05-21_14,-96.0,100,4,0,155.69409220869602,177.76890062608734,0.06132966106280194,0.0445,0.03918,True,True,False,False,-1084.08,0.0,171.83566708621774,7.535399622404027,4.813365324103209,-0.3442890103838892,-900.2398569776589
2025-05-21T12:00:00Z,2025-05-21T12:15:00Z,2025-05-21,2025-05-21_15,-13.97127312191218,100,86,0,177.76890062608734,180.72741087323618,0.014194898649884425,1.1505,1.05307,True,True,False,False,-212.92220237794163,0.0,171.83566708621774,162.2647891755821,124.44442259282567,-19.680861017149148,225.94181545953475
2025-05-21T12:15:00Z,2025-05-21T12:30:00Z,2025-05-21,2025-05-21_15,-13.97127312191218,100,86,0,180.72741087323618,183.43885409405698,0.010012385582249069,0.4775,0.006449999999999999,True,True,False,False,-212.92220237794163,0.0,171.83566708621774,162.2647891755821,51.64903241032095,-0.4777969929987412,172.34948930118043
2025-05-21T12:30:00Z,2025-05-21T12:45:00Z,2025-05-21,2025-05-21_15,-13.97127312191218,100,86,0,183.43885409405698,182.96692047221364,0.016913033048522888,3.508,0.04988,True,True,False,False,-212.92220237794163,0.0,171.83566708621774,162.2647891755821,431.0325298930144,-1.8638294524858399,550.3469543243867
2025-05-21T12:45:00Z,2025-05-21T13:00:00Z,2025-05-21,2025-05-21_15,-13.97127312191218,100,86,0,182.96692047221364,183.83367028967234,0.01403138695608827,2.2375,0.03612,True,True,False,False,-212.92220237794163,0.0,171.83566708621774,162.2647891755821,295.8438974984266,-1.5018910242290748,415.52026035805574
2025-05-21T13:00:00Z,2025-05-21T13:15:00Z,2025-05-21,2025-05-21_16,9.516763913894607,90,100,0,183.83367028967234,186.6922767249891,0.01900060903934443,0.006749999999999999,5.8255,True,True,False,False,242.13026587926353,0.0,154.65210037759596,188.38499056010068,0.7079920055852735,2189.604591232693,2775.4799400552383
2025-05-21T13:15:00Z,2025-05-21T13:30:00Z,2025-05-21,2025-05-21_16,9.516763913894607,90,100,0,186.6922767249891,187.824953951788,0.015229914786730268,0.0,3.9735,True,True,False,False,242.13026587926353,0.0,154.65210037759596,188.38499056010068,0.0,-74.62503067967273,510.54232613728743
2025-05-21T13:30:00Z,2025-05-21T13:45:00Z,2025-05-21,2025-05-21_16,9.516763913894607,90,100,0,187.824953951788,186.92286420383056,0.010950504742424583,0.022949999999999998,1.8260000000000003,True,True,False,False,242.13026587926353,0.0,154.65210037759596,188.38499056010068,2.4823985210824415,-36.34834565764632,551.3014096803963
2025-05-21T13:45:00Z,2025-05-21T14:00:00Z,2025-05-21,2025-05-21_16,9.516763913894607,90,100,0,186.92286420383056,187.7767349995686,0.014723335546111316,0.018000000000000002,3.6965,True,True,False,False,242.13026587926353,0.0,154.65210037759596,188.38499056010068,1.9469792322215231,-31.557065862964123,555.5572701862176
2025-05-21T14:00:00Z,2025-05-21T14:15:00Z,2025-05-21,2025-05-21_17,0.0,100,100,0,187.7767349995686,188.451484564786,0.007716695652173913,0.9674999999999999,1.8765,True,True,False,False,0.0,0.0,171.83566708621774,174.5496381371932,104.65013373190685,-52.9289764592511,398.1064624960667
2025-05-21T14:15:00Z,2025-05-21T14:30:00Z,2025-05-21,2025-05-21_17,0.0,100,100,0,188.451484564786,189.41514717348164,0.0043586038647343,0.2785,1.3765,True,True,False,False,0.0,0.0,171.83566708621774,174.5496381371932,30.124095342983008,-49.26872708857772,327.24067347781624
2025-05-21T14:30:00Z,2025-05-21T14:45:00Z,2025-05-21,2025-05-21_17,0.0,100,100,0,189.41514717348164,189.8584306517425,0.001436657004830918,0.034,0.522,True,True,False,False,0.0,0.0,171.83566708621774,174.5496381371932,3.6776274386406547,-19.508579688483323,330.55435297356826
2025-05-21T14:45:00Z,2025-05-21T15:00:00Z,2025-05-21,2025-05-21_17,0.0,100,100,0,189.8584306517425,189.74428195609033,0.0007668574879227052,0.1795,0.088,True,True,False,False,0.0,0.0,171.83566708621774,174.5496381371932,19.41570956576463,-3.2895122718691,362.51150251730644
2025-05-21T15:00:00Z,2025-05-21T15:15:00Z,2025-05-21,2025-05-21_18,20.000000000000483,80,100,0,189.74428195609033,183.82750926043803,0.01659290193236751,0.47720000000000007,0.0385,True,True,False,False,893.8500000000216,0.0,137.4685336689742,174.5496381371932,80.7840813404657,-2.830296668502202,1283.8219564781525
2025-05-21T15:15:00Z,2025-05-21T15:30:00Z,2025-05-21,2025-05-21_18,20.000000000000483,80,100,0,183.82750926043803,178.43135517348136,0.015304161352657367,0.032,0.077,True,True,False,False,893.8500000000216,0.0,137.4685336689742,174.5496381371932,4.604096916299559,-5.737596365638766,1204.7346723568498
2025-05-21T15:30:00Z,2025-05-21T15:45:00Z,2025-05-21,2025-05-21_18,20.000000000000483,80,100,0,178.43135517348136,173.01130926043777,0.015456394202898911,0.07239999999999999,0.098,True,True,False,False,893.8500000000216,0.0,137.4685336689742,174.5496381371932,10.469167007551917,-7.20283039647577,1209.1345084172651
2025-05-21T15:45:00Z,2025-05-21T16:00:00Z,2025-05-21,2025-05-21_18,20.000000000000483,80,100,0,173.01130926043777,167.50754978217674,0.015825909661836113,0.17880000000000001,0.1315,True,True,False,False,893.8500000000216,0.0,137.4685336689742,174.5496381371932,26.335163939584646,-9.507061044682189,1222.6962747010914
2025-05-21T16:00:00Z,2025-05-21T16:15:00Z,2025-05-21,2025-05-21_19,0.899765119214921,99,100,0,167.50754978217674,183.7837401293379,0.04559588737273556,0.0,17.928,True,True,False,False,50.87721866600771,0.0,169.70844477658903,174.5496381371932,0.0,-48.76537287602265,346.3699287037673
2025-05-21T16:15:00Z,2025-05-21T16:30:00Z,2025-05-21,2025-05-21_19,0.899765119214921,99,100,0,183.7837401293379,189.7524674333141,0.017571794543899292,0.0,6.7425,True,True,False,False,50.87721866600771,0.0,169.70844477658903,174.5496381371932,0.0,-233.81682022891752,161.31848135087242
2025-05-21T16:30:00Z,2025-05-21T16:45:00Z,2025-05-21,2025-05-21_19,0.899765119214921,99,100,0,189.7524674333141,189.73932237227643,0.001411694984466995,0.017325000000000004,0.2715,True,True,False,False,50.87721866600771,0.0,169.70844477658903,174.5496381371932,2.618685607103525,-20.29207274622404,377.46191444066943
2025-05-21T16:45:00Z,2025-05-21T17:00:00Z,2025-05-21,2025-05-21_19,0.899765119214921,99,100,0,189.73932237227643,189.50822923604588,0.0013485100531181915,0.10593,0.1395,True,True,False,False,50.87721866600771,0.0,169.70844477658903,174.5496381371932,17.25022801486784,-10.19204865481435,402.1934809398434
2025-05-21T17:00:00Z,2025-05-21T17:15:00Z,2025-05-21,2025-05-21_20,95.51833937415967,4,100,0,189.50822923604588,168.67480308145045,0.05895764503276128,0.0,4.7455,True,True,False,False,6975.943120343316,0.0,6.856906859660163,174.2251415984896,0.0,-223.43271397105093,6933.592454830415
2025-05-21T17:15:00Z,2025-05-21T17:30:00Z,2025-05-21,2025-05-21_20,95.51833937415967,4,100,0,168.67480308145045,145.72377109420265,0.06439057706056352,0.0002,2.784,True,True,False,False,6975.943120343316,0.0,6.856906859660163,174.2251415984896,0.028319697923222153,-153.07510383889237,7003.978384660497
2025-05-21T17:30:00Z,2025-05-21T17:45:00Z,2025-05-21,2025-05-21_20,95.51833937415967,4,100,0,145.72377109420265,120.22286911582842,0.07093250326889379,0.00034,0.422,True,True,False,False,6975.943120343316,0.0,6.856906859660163,174.2251415984896,0.04680616740088105,-29.114331733794838,7127.957643235071
2025-05-21T17:45:00Z,2025-05-21T18:00:00Z,2025-05-21,2025-05-21_20,95.51833937415967,4,100,0,120.22286911582842,95.4962904086956,0.06894607227894566,0.0010199999999999999,1.14,True,True,False,False,6975.943120343316,0.0,6.856906859660163,174.2251415984896,0.14907169210195087,-64.18284298300817,7092.991397510559
2025-05-21T18:00:00Z,2025-05-21T18:15:00Z,2025-05-21,2025-05-21_21,100.0,0,100,0,95.4962904086956,78.04574693043473,0.04847373188405797,0.0,8.9455,True,True,False,False,8875.0,0.0,0.0,174.2251415984896,0.0,-293.2955145728445,8755.929627025645
2025-05-21T18:15:00Z,2025-05-21T18:30:00Z,2025-05-21,2025-05-21_21,100.0,0,100,0,78.04574693043473,52.19139910434778,0.07181763285024154,0.0,1.214,True,True,False,False,8875.0,0.0,0.0,174.2251415984896,0.0,-80.77774740402768,8968.447394194462
2025-05-21T18:30:00Z,2025-05-21T18:45:00Z,2025-05-21,2025-05-21_21,100.0,0,100,0,52.19139910434778,29.437594756521698,0.06320501207729468,0.0,4.0665,True,True,False,False,8875.0,0.0,0.0,174.2251415984896,0.0,-200.77703960824414,8848.448101990245
2025-05-21T18:45:00Z,2025-05-21T19:00:00Z,2025-05-21,2025-05-21_21,100.0,0,100,0,29.437594756521698,12.294659973913003,0.04761926328502415,0.0,9.2285,True,True,False,False,8875.0,0.0,0.0,174.2251415984896,0.0,-352.01260964049715,8697.212531957992
2025-05-21T19:00:00Z,2025-05-21T19:15:00Z,2025-05-21,2025-05-21_22,-14.0,100,86,0,12.294659973913003,12.772347504347785,0.016774192415458935,2.9745,0.45794999999999997,True,True,False,False,-661.64,0.0,171.42267149150408,149.83362177470107,681.7974248741347,-26.185142935808685,315.2285752045311
2025-05-21T19:15:00Z,2025-05-21T19:30:00Z,2025-05-21,2025-05-21_22,-14.0,100,86,0,12.772347504347785,14.198349504347785,0.012800005555555556,1.702,0.01763,True,True,False,False,-661.64,0.0,171.42267149150408,149.83362177470107,334.9500385462555,-1.2835387527533038,-6.717206940292657
2025-05-21T19:30:00Z,2025-05-21T19:45:00Z,2025-05-21,2025-05-21_22,-14.0,100,86,0,14.198349504347785,16.093369504347788,0.01744727777777778,2.346,1.27194,True,True,False,False,-661.64,0.0,171.42267149150408,149.83362177470107,594.8564254247954,-75.35058810179358,179.12213058920696
2025-05-21T19:45:00Z,2025-05-21T20:00:00Z,2025-05-21,2025-05-21_22,-14.0,100,86,0,16.093369504347788,21.506575904347788,0.015036684444444445,0.0,2.38392,True,True,False,False,-661.64,0.0,171.42267149150408,149.83362177470107,0.0,-128.58343513215857,-468.9671418659534
2025-05-21T20:00:00Z,2025-05-21T20:15:00Z,2025-05-21,2025-05-21_23,-13.000000000000005,100,87,0,21.506575904347788,11.534050008695614,0.03693386526570049,12.303,0.15572999999999998,True,True,False,False,-513.5000000000002,0.0,171.42267149150408,151.85818517935806,9632.594749842669,-8.479640607300187,9433.895965906231
2025-05-21T20:15:00Z,2025-05-21T20:30:00Z,2025-05-21,2025-05-21_23,-13.000000000000005,100,87,0,11.534050008695614,13.491820652173875,0.010529012657004835,0.9689999999999999,0.0,True,True,False,False,-513.5000000000002,0.0,171.42267149150408,151.85818517935806,160.22706950125863,0.0,-29.992073827879466
2025-05-21T20:30:00Z,2025-05-21T20:45:00Z,2025-05-21,2025-05-21_23,-13.000000000000005,100,87,0,13.491820652173875,12.548376999999963,0.016778326811594205,3.6925,0.0,True,True,False,False,-513.5000000000002,0.0,171.42267149150408,151.85818517935806,776.5120973292952,0.0,586.2929540001571
2025-05-21T20:45:00Z,2025-05-21T21:00:00Z,2025-05-21,2025-05-21_23,-13.000000000000005,100,87,0,12.548376999999963,15.964113121739093,0.012879369661835753,0.6455,1.21017,True,True,False,False,-513.5000000000002,0.0,171.42267149150408,151.85818517935806,107.76732182190057,-58.48742470893643,-140.93924621617396
2025-05-21T21:00:00Z,2025-05-21T21:15:00Z,2025-05-22,2025-05-21_24,4.276770051016872,95,100,0,15.964113121739093,11.785342924136128,0.011935493876344641,2.832425,0.067,True,True,False,False,169.75569524998718,0.0,163.73595505617976,173.53636901241867,593.5842666666666,-2.5377455154740782,1098.0745404697782
2025-05-21T21:15:00Z,2025-05-21T21:30:00Z,2025-05-22,2025-05-21_24,4.276770051016872,95,100,0,11.785342924136128,10.61062273690254,0.0035101839236171737,0.054625,0.0505,True,True,False,False,169.75569524998718,0.0,163.73595505617976,173.53636901241867,7.620225187265918,-3.8024817662132864,510.84576273963825
2025-05-21T21:30:00Z,2025-05-21T21:45:00Z,2025-05-22,2025-05-21_24,4.276770051016872,95,100,0,10.61062273690254,9.999999999999938,0.004612116571708697,0.0009500000000000001,0.596,True,True,False,False,169.75569524998718,0.0,163.73595505617976,173.53636901241867,0.13108614232209737,-26.12684013404297,481.0322653268648
2025-05-21T21:45:00Z,2025-05-21T22:00:00Z,2025-05-22,2025-05-21_24,4.276770051016872,95,100,0,9.999999999999938,11.762034878191042,0.01053646877604501,0.0,3.154,True,True,False,False,169.75569524998718,0.0,163.73595505617976,173.53636901241867,0.0,-118.2572808988764,388.77073841970923
2025-05-21T22:00:00Z,2025-05-21T22:15:00Z,2025-05-22,2025-05-22_1,0.0,100,100,0,11.762034878191042,12.91053226949539,0.0032446183574879224,0.009,1.259,True,True,False,False,0.0,0.0,172.35363690124186,173.53636901241867,1.241868716735659,-61.46714468756159,285.6647299428346
2025-05-21T22:15:00Z,2025-05-21T22:30:00Z,2025-05-22,2025-05-22_1,0.0,100,100,0,12.91053226949539,13.108460095582346,0.0005950893719806764,0.0075,0.22400000000000003,True,True,False,False,0.0,0.0,172.35363690124186,173.53636901241867,1.034890597279716,-14.12811669623497,332.7967798147053
2025-05-21T22:30:00Z,2025-05-21T22:45:00Z,2025-05-22,2025-05-22_1,0.0,100,100,0,13.108460095582346,17.96882009558235,0.013501000000000003,0.0,5.283,True,True,False,False,0.0,0.0,172.35363690124186,173.53636901241867,0.0,-199.854234180958,146.03577173270253
2025-05-21T22:45:00Z,2025-05-21T23:00:00Z,2025-05-22,2025-05-22_1,0.0,100,100,0,17.96882009558235,22.556568791234522,0.012770920289855074,0.0045,4.992,True,True,False,False,0.0,0.0,172.35363690124186,173.53636901241867,0.6209343583678295,-180.07215612063865,166.4387841513897
2025-05-21T23:00:00Z,2025-05-21T23:15:00Z,2025-05-22,2025-05-22_2,0.0,100,100,0,22.556568791234522,18.540711399930174,0.011707159420289855,3.7859999999999996,0.108,True,True,False,False,0.0,0.0,172.76759314015374,173.53636901241867,678.6634488468361,-5.513002956830278,1019.4544080425783
2025-05-21T23:15:00Z,2025-05-21T23:30:00Z,2025-05-22,2025-05-22_2,0.0,100,100,0,18.540711399930174,19.217330530364958,0.0018976135265700484,0.003,0.739,True,True,False,False,0.0,0.0,172.76759314015374,173.53636901241867,0.41395623891188643,-36.69609166173861,310.02182672974567
2025-05-21T23:30:00Z,2025-05-21T23:45:00Z,2025-05-22,2025-05-22_2,0.0,100,100,0,19.217330530364958,19.58028618253887,0.0013071231884057971,0.0495,0.453,True,True,False,False,0.0,0.0,172.76759314015374,173.53636901241867,6.943036073329391,-23.018079243051446,330.22891898285036
2025-05-21T23:45:00Z,2025-05-22T00:00:00Z,2025-05-22,2025-05-22_2,0.0,100,100,0,19.58028618253887,21.320427052104087,0.0048850531400966195,0.0085,1.9015,True,True,False,False,0.0,0.0,172.76759314015374,173.53636901241867,1.1728760102503448,-80.10513857677901,267.37169958604375
2025-05-22T00:00:00Z,2025-05-22T00:15:00Z,2025-05-22,2025-05-22_3,-100.0,100,0,0,21.320427052104087,43.71184705210409,0.06219838888888889,0.6615,0.0,True,True,False,False,-2244.5,0.0,172.35363690124186,0.0,107.81237315198106,0.0,-1964.3339899467771
2025-05-22T00:15:00Z,2025-05-22T00:30:00Z,2025-05-22,2025-05-22_3,-100.0,100,0,0,43.71184705210409,66.1492670521041,0.06232616666666667,0.6115,0.0,True,True,False,False,-2244.5,0.0,172.35363690124186,0.0,87.38917208752218,0.0,-1984.757191011236
2025-05-22T00:30:00Z,2025-05-22T00:45:00Z,2025-05-22,2025-05-22_3,-100.0,100,0,0,66.1492670521041,85.7392870521041,0.05441672222222223,3.7065,0.0,True,True,False,False,-2244.5,0.0,172.35363690124186,0.0,656.6284305144884,0.0,-1415.5179325842698
2025-05-22T00:45:00Z,2025-05-22T01:00:00Z,2025-05-22,2025-05-22_3,-100.0,100,0,0,85.7392870521041,95.5800670521041,0.027335500000000002,14.3035,0.0,True,True,False,False,-2244.5,0.0,172.35363690124186,0.0,11492.894674650108,0.0,9420.74831155135
2025-05-22T01:00:00Z,2025-05-22T01:15:00Z,2025-05-22,2025-05-22_4,-100.0,100,0,0,95.5800670521041,100.0834670521041,0.012509444444444445,20.105,0.0,True,True,False,False,-2263.5,0.0,172.76759314015374,0.0,22067.66095899862,0.0,19976.928552138772
2025-05-22T01:15:00Z,2025-05-22T01:30:00Z,2025-05-22,2025-05-22_4,-100.0,100,0,0,100.0834670521041,104.90472705210409,0.013392388888888891,19.7595,0.0,True,True,False,False,-2263.5,0.0,172.76759314015374,0.0,18960.044574216437,0.0,16869.31216735659
2025-05-22T01:30:00Z,2025-05-22T01:45:00Z,2025-05-22,2025-05-22_4,-100.0,100,0,0,104.90472705210409,116.76444705210409,0.03294366666666667,12.109,0.0,True,True,False,False,-2263.5,0.0,172.76759314015374,0.0,7474.5875698797545,0.0,5383.855163019908
2025-05-22T01:45:00Z,2025-05-22T02:00:00Z,2025-05-22,2025-05-22_4,-100.0,100,0,0,116.76444705210409,134.95146705210408,0.0505195,5.2315,0.0,True,True,False,False,-2263.5,0.0,172.76759314015374,0.0,1953.8595475064062,0.0,-136.87285935344005
2025-05-22T02:00:00Z,2025-05-22T02:15:00Z,2025-05-22,2025-05-22_5,-100.0,100,0,0,134.95146705210408,136.10744705210408,0.003211055555555554,23.7435,0.0,True,True,False,False,-2266.25,0.0,172.35363690124186,0.0,28077.519515079835,0.0,25983.62315198108
2025-05-22T02:15:00Z,2025-05-22T02:30:00Z,2025-05-22,2025-05-22_5,-100.0,100,0,0,136.10744705210408,154.30090705210407,0.0505373888888889,5.2245,0.0,True,True,False,False,-2266.25,0.0,172.35363690124186,0.0,2916.1721309875807,0.0,822.2757678888225
2025-05-22T02:30:00Z,2025-05-22T02:45:00Z,2025-05-22,2025-05-22_5,-100.0,100,0,0,154.30090705210407,174.13840705210407,0.05510416666666667,3.4375000000000004,0.0,True,True,False,False,-2266.25,0.0,172.35363690124186,0.0,612.4760373546226,0.0,-1481.4203257441357
2025-05-22T02:45:00Z,2025-05-22T03:00:00Z,2025-05-22,2025-05-22_5,-100.0,100,0,0,174.13840705210407,189.32576705210408,0.04218711111111111,8.492,0.0,True,True,False,False,-2266.25,0.0,172.35363690124186,0.0,2182.8256629213483,0.0,88.9292998225902
2025-05-22T03:00:00Z,2025-05-22T03:15:00Z,2025-05-22,2025-05-22_6,-26.262720824862456,100,73,0,189.32576705210408,188.18177825068156,0.027490460474234535,6.8875,0.0,True,True,False,False,-639.8911928977736,0.0,172.76759314015374,126.68154937906561,2539.744241573034,0.0,2199.3021911944797
2025-05-22T03:15:00Z,2025-05-22T03:30:00Z,2025-05-22,2025-05-22_6,-26.262720824862456,100,73,0,188.18177825068156,187.44147270831843,0.02688859470587424,6.5005,0.0,True,True,False,False,-639.8911928977736,0.0,172.76759314015374,126.68154937906561,1207.5796764242066,0.0,867.1376260456523
2025-05-22T03:30:00Z,2025-05-22T03:45:00Z,2025-05-22,2025-05-22_6,-26.262720824862456,100,73,0,187.44147270831843,190.00000000000003,0.021970247180190965,3.338,0.0,True,True,False,False,-639.8911928977736,0.0,172.76759314015374,126.68154937906561,653.7281852946974,0.0,313.28613491614306
2025-05-22T03:45:00Z,2025-05-22T04:00:00Z,2025-05-22,2025-05-22_6,-26.262720824862456,100,73,0,190.00000000000003,178.7790548054426,0.04251455415703716,16.548,0.0,True,True,False,False,-639.8911928977736,0.0,172.76759314015374,126.68154937906561,10444.71072974571,0.0,10104.268679367155
2025-05-22T04:00:00Z,2025-05-22T04:15:00Z,2025-05-22,2025-05-22_7,94.80091682100712,0,0,0,178.7790548054426,153.01793610408197,0.07155866305933509,0.0,0.0,True,False,False,False,2782.1699064045065,0.0,0.0,0.0,0.0,0.0,2782.1699064045065
2025-05-22T04:15:00Z,2025-05-22T04:30:00Z,2025-05-22,2025-05-22_7,94.80091682100712,0,0,0,153.01793610408197,127.25681740272134,0.07155866305933509,0.0,0.0,True,False,False,False,2782.1699064045065,0.0,0.0,0.0,0.0,0.0,2782.1699064045065
2025-05-22T04:30:00Z,2025-05-22T04:45:00Z,2025-05-22,2025-05-22_7,94.80091682100712,0,0,0,127.25681740272134,101.49569870136071,0.07155866305933509,0.0,0.0,True,False,False,False,2782.1699064045065,0.0,0.0,0.0,0.0,0.0,2782.1699064045065
2025-05-22T04:45:00Z,2025-05-22T05:00:00Z,2025-05-22,2025-05-22_7,94.80091682100712,0,0,0,101.49569870136071,75.73458000000008,0.07155866305933509,0.0,0.0,True,False,False,False,2782.1699064045065,0.0,0.0,0.0,0.0,0.0,2782.1699064045065
2025-05-22T05:00:00Z,2025-05-22T05:15:00Z,2025-05-22,2025-05-22_8,0.0,100,100,0,75.73458000000008,50.374797391304426,0.07044384057971013,23.331,0.0,True,True,False,False,0.0,0.0,172.23536369012416,173.38852749852157,25339.705739207566,0.0,25685.329630396212
2025-05-22T05:15:00Z,2025-05-22T05:30:00Z,2025-05-22,2025-05-22_8,0.0,100,100,0,50.374797391304426,23.594906086956602,0.07438858695652173,24.6375,0.0,True,True,False,False,0.0,0.0,172.23536369012416,173.38852749852157,33352.400051744524,0.0,33698.02394293317
2025-05-22T05:30:00Z,2025-05-22T05:45:00Z,2025-05-22,2025-05-22_8,0.0,100,100,0,23.594906086956602,14.787142608695733,0.024703676328502414,8.1425,0.0465,True,True,False,False,0.0,0.0,172.23536369012416,173.38852749852157,5035.3136536566135,-3.41356564163217,5377.523979203627
2025-05-22T05:45:00Z,2025-05-22T06:00:00Z,2025-05-22,2025-05-22_8,0.0,100,100,0,14.787142608695733,16.683408695652258,0.0064600386473429965,0.1975,2.2945,True,True,False,False,0.0,0.0,172.23536369012416,173.38852749852157,34.50620490833826,-125.37296353242658,254.75713256455742
2025-05-22T06:00:00Z,2025-05-22T06:15:00Z,2025-05-22,2025-05-22_9,0.0,100,100,0,16.683408695652258,14.644713043478344,0.007579710144927536,2.193,0.375,True,True,False,False,0.0,0.0,172.35363690124186,173.53636901241867,411.56207806031927,-22.576064458900056,734.8760195150797
2025-05-22T06:15:00Z,2025-05-22T06:30:00Z,2025-05-22,2025-05-22_9,0.0,100,100,0,14.644713043478344,12.31621739130443,0.006774710144927536,2.193,0.06,True,True,False,False,0.0,0.0,172.35363690124186,173.53636901241867,415.42068598462447,-4.517445298639857,756.7932465996452
2025-05-22T06:30:00Z,2025-05-22T06:45:00Z,2025-05-22,2025-05-22_9,0.0,100,100,0,12.31621739130443,12.906524347826169,0.0024670362318840585,0.137,0.8035000000000001,True,True,False,False,0.0,0.0,172.35363690124186,173.53636901241867,24.305144884683617,-45.737412083579734,324.4577387147644
2025-05-22T06:45:00Z,2025-05-22T07:00:00Z,2025-05-22,2025-05-22_9,0.0,100,100,0,12.906524347826169,13.85885043478269,0.0026574275362318844,0.002,1.0375,True,True,False,False,0.0,0.0,172.35363690124186,173.53636901241867,0.3548196333530455,-60.440663808397396,285.8041617386162
2025-05-22T07:00:00Z,2025-05-22T07:15:00Z,2025-05-22,2025-05-22_10,0.0,100,100,0,13.85885043478269,13.692934782608777,0.0006985434782608695,0.192,0.0465,True,True,False,False,0.0,0.0,172.35363690124186,173.53636901241867,20.816085156712003,-3.244229745712596,363.46186132465994
2025-05-22T07:15:00Z,2025-05-22T07:30:00Z,2025-05-22,2025-05-22_10,0.0,100,100,0,13.692934782608777,10.000000000000082,0.010258152173913043,3.3975,0.0,True,True,False,False,0.0,0.0,172.35363690124186,173.53636901241867,425.5393864577173,0.0,771.4293923713778
2025-05-22T07:30:00Z,2025-05-22T07:45:00Z,2025-05-22,2025-05-22_10,0.0,100,100,0,10.000000000000082,10.228896521739212,0.0011249541062801933,0.081,0.3445,True,True,False,False,0.0,0.0,172.35363690124186,173.53636901241867,8.781785925487878,-14.33454109994086,340.33725073920755
2025-05-22T07:45:00Z,2025-05-22T08:00:00Z,2025-05-22,2025-05-22_10,0.0,100,100,0,10.228896521739212,19.023135652174,0.0244465579710145,0.003,9.5625,True,True,False,False,0.0,0.0,172.35363690124186,173.53636901241867,0.32525133057362504,2921.327727675931,3267.542984920165
2025-05-22T08:00:00Z,2025-05-22T08:15:00Z,2025-05-22,2025-05-22_11,0.0,100,100,0,19.023135652174,23.812195652173997,0.013302944444444445,0.0,5.2055,True,True,False,False,0.0,0.0,172.76759314015374,173.53636901241867,0.0,-146.44663010053222,199.8573320520402
2025-05-22T08:15:00Z,2025-05-22T08:30:00Z,2025-05-22,2025-05-22_11,0.0,100,100,0,23.812195652173997,28.176215652173997,0.012122277777777777,0.0,4.7435,True,True,False,False,0.0,0.0,172.76759314015374,173.53636901241867,0.0,-76.82917819830475,269.47478395426765
2025-05-22T08:30:00Z,2025-05-22T08:45:00Z,2025-05-22,2025-05-22_11,0.0,100,100,0,28.176215652173997,30.058040000000087,0.005345043478260869,0.0195,2.0685,True,True,False,False,0.0,0.0,172.76759314015374,173.53636901241867,2.1141336487285627,-40.04645357776462,308.37164222353636
2025-05-22T08:45:00Z,2025-05-22T09:00:00Z,2025-05-22,2025-05-22_11,0.0,100,100,0,30.058040000000087,31.00953304347835,0.0027185193236714976,0.0125,1.049,True,True,False,False,0.0,0.0,172.76759314015374,173.53636901241867,1.3552138773901046,-27.960306130494775,319.69886989946775
2025-05-22T09:00:00Z,2025-05-22T09:15:00Z,2025-05-22,2025-05-22_12,0.0,100,100,0,31.00953304347835,31.271980869565308,0.001468756038647343,0.1225,0.43,True,True,False,False,0.0,0.0,172.35363690124186,193.4062684801892,13.281095998423023,-16.105716538537354,362.93528484131673
2025-05-22T09:15:00Z,2025-05-22T09:30:00Z,2025-05-22,2025-05-22_12,0.0,100,100,0,31.271980869565308,31.089943478260963,0.0010372149758454104,0.2555,0.104,True,True,False,False,0.0,0.0,172.35363690124186,193.4062684801892,27.700571653853736,-4.95239266706091,388.5080843682239
2025-05-22T09:30:00Z,2025-05-22T09:45:00Z,2025-05-22,2025-05-22_12,0.0,100,100,0,31.089943478260963,30.295546956521832,0.002234768115942029,0.7355,0.0055,True,True,False,False,0.0,0.0,172.35363690124186,193.4062684801892,79.74078454563374,-0.20707668046520794,445.2936132465996
2025-05-22T09:45:00Z,2025-05-22T10:00:00Z,2025-05-22,2025-05-22_12,0.0,100,100,0,30.295546956521832,30.222484347826178,0.0004763961352657005,0.11250000000000002,0.0535,True,True,False,False,0.0,0.0,172.35363690124186,193.4062684801892,12.196924896510941,-2.0066032919377093,375.9502269860043
2025-05-22T10:00:00Z,2025-05-22T10:15:00Z,2025-05-22,2025-05-22_13,-100.0,100,0,0,30.222484347826178,49.99236434782618,0.05491633333333334,3.511,0.0,True,True,False,False,-1022.25,0.0,172.35363690124186,0.0,444.4041502069781,0.0,-405.49221289178
2025-05-22T10:15:00Z,2025-05-22T10:30:00Z,2025-05-22,2025-05-22_13,-100.0,100,0,0,49.99236434782618,70.76826434782618,0.057710833333333336,2.4175,0.0,True,True,False,False,-1022.25,0.0,172.35363690124186,0.0,274.60808052434453,0.0,-575.2882825744136
2025-05-22T10:30:00Z,2025-05-22T10:45:00Z,2025-05-22,2025-05-22_13,-100.0,100,0,0,70.76826434782618,90.65958434782618,0.055253666666666666,3.379,0.0,True,True,False,False,-1022.25,0.0,172.35363690124186,0.0,372.0643343189434,0.0,-477.8320287798148
2025-05-22T10:45:00Z,2025-05-22T11:00:00Z,2025-05-22,2025-05-22_13,-100.0,100,0,0,90.65958434782618,107.31250434782618,0.046258111111111104,6.898999999999999,0.0,True,True,False,False,-1022.25,0.0,172.35363690124186,0.0,878.3910699783164,0.0,28.494706879558265
2025-05-22T11:00:00Z,2025-05-22T11:15:00Z,2025-05-22,2025-05-22_14,-77.0,100,23,0,107.31250434782618,125.02659434782618,0.049273166666666667,0.0485,0.05496999999999999,True,True,False,False,-1017.7475,0.0,172.35363690124186,44.544648137196916,5.258229844273605,-3.0198066942637483,-798.6107918115513
2025-05-22T11:15:00Z,2025-05-22T11:30:00Z,2025-05-22,2025-05-22_14,-77.0,100,23,0,125.02659434782618,143.37703334782617,0.05100191388888889,0.0205,0.717485,True,True,False,False,-1017.7475,0.0,172.35363690124186,44.544648137196916,2.2225507589197715,15.636732032328013,-782.9899321703134
2025-05-22T11:30:00Z,2025-05-22T11:45:00Z,2025-05-22,2025-05-22_14,-77.0,100,23,0,143.37703334782617,162.60314734782617,0.05340587222222223,0.0,1.64795,True,True,False,False,-1017.7475,0.0,172.35363690124186,44.544648137196916,0.0,-3.376137265917603,-804.2253522274788
2025-05-22T11:45:00Z,2025-05-22T12:00:00Z,2025-05-22,2025-05-22_14,-77.0,100,23,0,162.60314734782617,180.84278214782617,0.05066565222222223,0.0,0.57569,True,True,False,False,-1017.7475,0.0,172.35363690124186,44.544648137196916,0.0,-16.16153499704317,-817.0107499586044
2025-05-22T12:00:00Z,2025-05-22T12:15:00Z,2025-05-22,2025-05-22_15,-13.0,100,87,0,180.84278214782617,183.97280737391313,0.008933554371980677,0.0455,0.20488499999999998,True,True,False,False,-211.28250000000003,0.0,172.35363690124186,168.26345357776458,4.93297851369998,-9.17976075399172,125.08780823871467
2025-05-22T12:15:00Z,2025-05-22T12:30:00Z,2025-05-22,2025-05-22_15,-13.0,100,87,0,183.97280737391313,187.0729412608696,0.008824254758454109,0.0405,0.166605,True,True,False,False,-211.28250000000003,0.0,172.35363690124186,168.26345357776458,4.390892962743939,-7.549607214665878,126.17587622708447
2025-05-22T12:30:00Z,2025-05-22T12:45:00Z,2025-05-22,2025-05-22_15,-13.0,100,87,0,187.0729412608696,189.65402853913048,0.009215973115942029,0.3895,0.0065249999999999996,True,True,False,False,-211.28250000000003,0.0,172.35363690124186,168.26345357776458,42.22846441947566,-0.5016262566528681,171.0614286418292
2025-05-22T12:45:00Z,2025-05-22T13:00:00Z,2025-05-22,2025-05-22_15,-13.0,100,87,0,189.65402853913048,189.56438450434788,0.014939213429951692,2.891,0.0,True,True,False,False,-211.28250000000003,0.0,172.35363690124186,168.26345357776458,313.43386556278335,0.0,442.76845604178976
2025-05-22T13:00:00Z,2025-05-22T13:15:00Z,2025-05-22,2025-05-22_16,0.0,100,100,0,189.56438450434788,188.71366624347831,0.0030173285024154587,0.8909999999999999,0.128,True,True,False,False,0.0,0.0,172.35363690124186,192.60792430514488,96.59964518036664,-5.499912477823773,456.0612939089296
2025-05-22T13:15:00Z,2025-05-22T13:30:00Z,2025-05-22,2025-05-22_16,0.0,100,100,0,188.71366624347831,187.01414189565224,0.005022456521739129,1.6135,0.05899999999999999,True,True,False,False,0.0,0.0,172.35363690124186,192.60792430514488,174.93100729351468,-2.719303370786516,537.173265129115
2025-05-22T13:30:00Z,2025-05-22T13:45:00Z,2025-05-22,2025-05-22_16,0.0,100,100,0,187.01414189565224,185.2750149391305,0.0048973526570048305,1.611,0.013,True,True,False,False,0.0,0.0,172.35363690124186,192.60792430514488,174.65996451803665,-0.5787498521584861,539.0427758722649
2025-05-22T13:45:00Z,2025-05-22T14:00:00Z,2025-05-22,2025-05-22_16,0.0,100,100,0,185.2750149391305,183.1945801565218,0.005778985507246376,1.9140000000000001,0.0,True,True,False,False,0.0,0.0,172.35363690124186,192.60792430514488,207.5103489059728,0.0,572.4719101123595
2025-05-22T14:00:00Z,2025-05-22T14:15:00Z,2025-05-22,2025-05-22_17,-4.259321153119181,0,0,0,183.1945801565218,184.1742240217392,0.0027212329589372548,0.0,0.0,True,False,False,False,-105.0561562416846,0.0,0.0,0.0,0.0,0.0,-105.0561562416846
2025-05-22T14:15:00Z,2025-05-22T14:30:00Z,2025-05-22,2025-05-22_17,-4.259321153119181,0,0,0,184.1742240217392,185.15386788695662,0.0027212329589372548,0.0,0.0,True,False,False,False,-105.0561562416846,0.0,0.0,0.0,0.0,0.0,-105.0561562416846
2025-05-22T14:30:00Z,2025-05-22T14:45:00Z,2025-05-22,2025-05-22_17,-4.259321153119181,0,0,0,185.15386788695662,186.13351175217403,0.0027212329589372548,0.0,0.0,True,False,False,False,-105.0561562416846,0.0,0.0,0.0,0.0,0.0,-105.0561562416846
2025-05-22T14:45:00Z,2025-05-22T15:00:00Z,2025-05-22,2025-05-22_17,-4.259321153119181,0,0,0,186.13351175217403,187.11315561739144,0.0027212329589372548,0.0,0.0,True,False,False,False,-105.0561562416846,0.0,0.0,0.0,0.0,0.0,-105.0561562416846
2025-05-22T15:00:00Z,2025-05-22T15:15:00Z,2025-05-22,2025-05-22_18,-24.0,100,76,0,187.11315561739144,189.8416315478262,0.019816660193236715,2.6665,0.0,True,True,False,False,-660.48,0.0,172.35363690124186,131.88764044943818,490.62758998620143,0.0,134.38886733688145
2025-05-22T15:15:00Z,2025-05-22T15:30:00Z,2025-05-22,2025-05-22_18,-24.0,100,76,0,189.8416315478262,190.00000000000014,0.023944380966183572,5.1215,0.0,True,True,False,False,-660.48,0.0,172.35363690124186,131.88764044943818,975.2313254484525,0.0,618.9926027991326
2025-05-22T15:30:00Z,2025-05-22T15:45:00Z,2025-05-22,2025-05-22_18,-24.0,100,76,0,190.00000000000014,187.05853617391318,0.028922866183574876,8.0825,0.0,True,True,False,False,-660.48,0.0,172.35363690124186,131.88764044943818,5343.244677705499,0.0,4987.005955056179
2025-05-22T15:45:00Z,2025-05-22T16:00:00Z,2025-05-22,2025-05-22_18,-24.0,100,76,0,187.05853617391318,170.35940740869577,0.051018362125603865,21.224,0.0,True,True,False,False,-660.48,0.0,172.35363690124186,131.88764044943818,24415.07630356791,0.0,24058.83758091859
2025-05-22T16:00:00Z,2025-05-22T16:15:00Z,2025-05-22,2025-05-22_19,-1.2357264969740872e-13,0,0,0,170.35940740869577,170.3594074086958,7.894919286223336e-17,0.0,0.0,True,False,False,False,-3.824264576510557e-12,0.0,0.0,0.0,0.0,0.0,-3.824264576510557e-12
2025-05-22T16:15:00Z,2025-05-22T16:30:00Z,2025-05-22,2025-05-22_19,-1.2357264969740872e-13,0,0,0,170.3594074086958,170.35940740869583,7.894919286223336e-17,0.0,0.0,True,False,False,False,-3.824264576510557e-12,0.0,0.0,0.0,0.0,0.0,-3.824264576510557e-12
2025-05-22T16:30:00Z,2025-05-22T16:45:00Z,2025-05-22,2025-05-22_19,-1.2357264969740872e-13,0,0,0,170.35940740869583,170.35940740869586,7.894919286223336e-17,0.0,0.0,True,False,False,False,-3.824264576510557e-12,0.0,0.0,0.0,0.0,0.0,-3.824264576510557e-12
2025-05-22T16:45:00Z,2025-05-22T17:00:00Z,2025-05-22,2025-05-22_19,-1.2357264969740872e-13,0,0,0,170.35940740869586,170.3594074086959,7.894919286223336e-17,0.0,0.0,True,False,False,False,-3.824264576510557e-12,0.0,0.0,0.0,0.0,0.0,-3.824264576510557e-12
2025-05-22T17:00:00Z,2025-05-22T17:15:00Z,2025-05-22,2025-05-22_20,-1.2357264969740872e-13,0,0,0,170.3594074086959,170.35940740869592,7.894919286223336e-17,0.0,0.0,True,False,False,False,-4.089636841735741e-12,0.0,0.0,0.0,0.0,0.0,-4.089636841735741e-12
2025-05-22T17:15:00Z,2025-05-22T17:30:00Z,2025-05-22,2025-05-22_20,-1.2357264969740872e-13,0,0,0,170.35940740869592,170.35940740869594,7.894919286223336e-17,0.0,0.0,True,False,False,False,-4.089636841735741e-12,0.0,0.0,0.0,0.0,0.0,-4.089636841735741e-12
2025-05-22T17:30:00Z,2025-05-22T17:45:00Z,2025-05-22,2025-05-22_20,-1.2357264969740872e-13,0,0,0,170.35940740869594,170.35940740869597,7.894919286223336e-17,0.0,0.0,True,False,False,False,-4.089636841735741e-12,0.0,0.0,0.0,0.0,0.0,-4.089636841735741e-12
2025-05-22T17:45:00Z,2025-05-22T18:00:00Z,2025-05-22,2025-05-22_20,-1.2357264969740872e-13,0,0,0,170.35940740869597,170.359407408696,7.894919286223336e-17,0.0,0.0,True,False,False,False,-4.089636841735741e-12,0.0,0.0,0.0,0.0,0.0,-4.089636841735741e-12
2025-05-22T18:00:00Z,2025-05-22T18:15:00Z,2025-05-22,2025-05-22_21,100.0,0,100,0,170.359407408696,143.19745088695686,0.07544987922705314,0.0,0.011,True,True,False,False,4591.5,0.0,0.0,173.38852749852157,0.0,-0.8614238123398383,4764.027103686181
2025-05-22T18:15:00Z,2025-05-22T18:30:00Z,2025-05-22,2025-05-22_21,100.0,0,100,0,143.19745088695686,116.13495088695686,0.0751736111111111,0.0,0.10249999999999998,True,True,False,False,4591.5,0.0,0.0,173.38852749852157,0.0,-8.056382810959983,4756.832144687562
2025-05-22T18:30:00Z,2025-05-22T18:45:00Z,2025-05-22,2025-05-22_21,100.0,0,100,0,116.13495088695686,89.21538566956556,0.07477657004830918,0.0,0.234,True,True,False,False,4591.5,0.0,0.0,173.38852749852157,0.0,-16.847815493790655,4748.040712004731
2025-05-22T18:45:00Z,2025-05-22T19:00:00Z,2025-05-22,2025-05-22_21,100.0,0,100,0,89.21538566956556,62.22571175652209,0.07497131642512077,0.0,0.1695,True,True,False,False,4591.5,0.0,0.0,173.38852749852157,0.0,-12.358163808397398,4752.530363690124
2025-05-22T19:00:00Z,2025-05-22T19:15:00Z,2025-05-22,2025-05-22_22,85.91053118556876,14,100,0,62.22571175652209,38.96649931213796,0.06467589539838715,0.01183,0.093,True,True,False,False,2949.952864584467,0.0,24.10053222945003,173.53636901241867,1.6445658840922528,-6.871678888231815,3142.362652822196
2025-05-22T19:15:00Z,2025-05-22T19:30:00Z,2025-05-22,2025-05-22_22,85.91053118556876,14,100,0,38.96649931213796,34.775273978930656,0.02461288537818907,0.0,18.0115,True,True,False,False,2949.952864584467,0.0,24.10053222945003,173.53636901241867,0.0,-96.59035235560812,3050.9994134707276
2025-05-22T19:30:00Z,2025-05-22T19:45:00Z,2025-05-22,2025-05-22_22,85.91053118556876,14,100,0,34.775273978930656,17.02102117067793,0.05310344400673104,0.0,5.2575,True,True,False,False,2949.952864584467,0.0,24.10053222945003,173.53636901241867,0.0,-152.34728119455943,2995.2424846317763
2025-05-22T19:45:00Z,2025-05-22T20:00:00Z,2025-05-22,2025-05-22_22,85.91053118556876,14,100,0,17.02102117067793,10.00000000000035,0.030557167682607307,0.0,15.3505,True,True,False,False,2949.952864584467,0.0,24.10053222945003,173.53636901241867,0.0,7571.288413463434,10718.87817928977
2025-05-22T20:00:00Z,2025-05-22T20:15:00Z,2025-05-22,2025-05-22_23,2.390787860406125,97,100,0,10.00000000000035,11.494288857490144,0.007775199611979639,0.059655,2.3905,True,True,False,False,72.602250350883,0.0,166.6667652276759,173.53636901241867,8.410496570076877,-114.64975596294106,306.5661251981134
2025-05-22T20:15:00Z,2025-05-22T20:30:00Z,2025-05-22,2025-05-22_23,2.390787860406125,97,100,0,11.494288857490144,11.584856151708086,0.004849590063823265,0.18818000000000001,1.0225,True,True,False,False,72.602250350883,0.0,166.6667652276759,173.53636901241867,26.684465578553123,-55.121275872264924,384.3685742972658
2025-05-22T20:30:00Z,2025-05-22T20:45:00Z,2025-05-22,2025-05-22_23,2.390787860406125,97,100,0,11.584856151708086,10.000000000000346,0.005390183426040858,1.028685,0.198,True,True,False,False,72.602250350883,0.0,166.6667652276759,173.53636901241867,165.87175557953873,-12.152586635127143,566.5245535353891
2025-05-22T20:45:00Z,2025-05-22T21:00:00Z,2025-05-22,2025-05-22_23,2.390787860406125,97,100,0,10.000000000000346,10.236717064084795,0.005326656486683613,0.204185,1.1995,True,True,False,False,72.602250350883,0.0,166.6667652276759,173.53636901241867,28.98489189927065,-65.52041168933569,376.26986480091256
2025-05-22T21:00:00Z,2025-05-22T21:15:00Z,2025-05-23,2025-05-22_24,0.02240251586952086,6,100,0,10.236717064084795,10.24664801724436,0.001502848864044391,0.23876999999999998,0.2995,True,True,False,False,0.6474887149188266,0.0,10.368048413891305,171.3175381694486,45.58167654655486,-14.290575804920495,213.6241760398931
2025-05-22T21:15:00Z,2025-05-22T21:30:00Z,2025-05-23,2025-05-22_24,0.02240251586952086,6,100,0,10.24664801724436,10.052342985758077,0.0005397361985730079,0.17316,0.0,True,True,False,False,0.6474887149188266,0.0,10.368048413891305,171.3175381694486,31.03873479946207,0.0,213.3718100977208
2025-05-22T21:30:00Z,2025-05-22T21:45:00Z,2025-05-23,2025-05-22_24,0.02240251586952086,6,100,0,10.052342985758077,10.53087403284387,0.001402023968475374,0.00657,0.5345,True,True,False,False,0.6474887149188266,0.0,10.368048413891305,171.3175381694486,0.9082410410568784,-23.779668637765997,159.46164770154962
2025-05-22T21:45:00Z,2025-05-22T22:00:00Z,2025-05-23,2025-05-22_24,0.02240251586952086,6,100,0,10.53087403284387,19.944129319060497,0.02616790151601635,0.0,10.238,True,True,False,False,0.6474887149188266,0.0,10.368048413891305,171.3175381694486,0.0,3990.5968127521555,4172.929888050414
2025-05-22T22:00:00Z,2025-05-22T22:15:00Z,2025-05-23,2025-05-23_1,0.0,100,100,0,19.944129319060497,22.64404236253876,0.010005797101449273,0.415,3.4249999999999994,True,True,False,False,0.0,0.0,172.80080689818845,171.3175381694486,64.9861897792896,-78.79721738786486,330.3073174590618
2025-05-22T22:15:00Z,2025-05-22T22:30:00Z,2025-05-23,2025-05-23_1,0.0,100,100,0,22.64404236253876,22.565960623408323,0.0004443381642512077,0.1095,0.0445,True,True,False,False,0.0,0.0,172.80080689818845,171.3175381694486,15.137350684281305,-3.489638181314769,355.7660575706036
2025-05-22T22:30:00Z,2025-05-22T22:45:00Z,2025-05-23,2025-05-23_1,0.0,100,100,0,22.565960623408323,20.96650410166919,0.004442934782608696,1.4715,0.0,True,True,False,False,0.0,0.0,172.80080689818845,171.3175381694486,228.269042105055,0.0,572.3873871726921
2025-05-22T22:45:00Z,2025-05-22T23:00:00Z,2025-05-23,2025-05-23_1,0.0,100,100,0,20.96650410166919,20.82371105819093,0.0007084251207729468,0.183,0.061,True,True,False,False,0.0,0.0,172.80080689818845,171.3175381694486,25.298038129894785,-4.7622802784589835,364.65410291907284
2025-05-22T23:00:00Z,2025-05-22T23:15:00Z,2025-05-23,2025-05-23_2,0.0,100,100,0,20.82371105819093,20.84482062340832,0.0006926956521739131,0.105,0.147,True,True,False,False,0.0,0.0,173.18645676766081,171.3175381694486,14.515267779447827,-10.262846689344197,348.75641602721305
2025-05-22T23:15:00Z,2025-05-22T23:30:00Z,2025-05-23,2025-05-23_2,0.0,100,100,0,20.84482062340832,18.63450844949528,0.006405533816425121,2.0775,0.052,True,True,False,False,0.0,0.0,173.18645676766081,171.3175381694486,358.1805736294597,-3.7683956965429948,698.9161728700261
2025-05-22T23:30:00Z,2025-05-22T23:45:00Z,2025-05-23,2025-05-23_2,0.0,100,100,0,18.63450844949528,17.401583232103974,0.0037672367149758452,1.191,0.067,True,True,False,False,0.0,0.0,173.18645676766081,171.3175381694486,191.7827040977771,-4.485902025156237,531.8007970097302
2025-05-22T23:45:00Z,2025-05-23T00:00:00Z,2025-05-23,2025-05-23_2,0.0,100,100,0,17.401583232103974,17.364697145147453,0.0006493502415458937,0.1245,0.107,True,True,False,False,0.0,0.0,173.18645676766081,171.3175381694486,17.210960367059567,-7.83670674788387,353.8782485562851
2025-05-23T00:00:00Z,2025-05-23T00:15:00Z,2025-05-23,2025-05-23_3,-100.0,100,0,0,17.364697145147453,40.32743714514746,0.06378538888888889,0.0405,0.0,True,True,False,False,-2321.0,0.0,172.80080689818845,0.0,5.598746143501305,0.0,-2142.6004469583104
2025-05-23T00:15:00Z,2025-05-23T00:30:00Z,2025-05-23,2025-05-23_3,-100.0,100,0,0,40.32743714514746,63.24739714514745,0.06366655555555555,0.087,0.0,True,True,False,False,-2321.0,0.0,172.80080689818845,0.0,12.026936160113912,0.0,-2136.1722569416975
2025-05-23T00:30:00Z,2025-05-23T00:45:00Z,2025-05-23,2025-05-23_3,-100.0,100,0,0,63.24739714514745,84.20637714514746,0.05821938888888889,2.2185,0.0,True,True,False,False,-2321.0,0.0,172.80080689818845,0.0,374.960459318883,0.0,-1773.2387337829286
2025-05-23T00:45:00Z,2025-05-23T01:00:00Z,2025-05-23,2025-05-23_3,-100.0,100,0,0,84.20637714514746,106.85493714514746,0.06291266666666666,0.382,0.0,True,True,False,False,-2321.0,0.0,172.80080689818845,0.0,52.82590696938534,0.0,-2095.373286132426
2025-05-23T01:00:00Z,2025-05-23T01:15:00Z,2025-05-23,2025-05-23_4,-47.999999999999766,100,52,0,106.85493714514746,118.96722396253872,0.0336782121739129,0.0105,1.1770200000000002,True,True,False,False,-1110.2399999999946,0.0,173.18645676766081,89.08511984811328,1.451526777944783,-52.02291526382407,-898.5398118700997
2025-05-23T01:15:00Z,2025-05-23T01:30:00Z,2025-05-23,2025-05-23_4,-47.999999999999766,100,52,0,118.96722396253872,130.99894716253866,0.033421453333333184,0.0,1.07796,True,True,False,False,-1110.2399999999946,0.0,173.18645676766081,89.08511984811328,0.0,-49.15650242069457,-897.124925804915
2025-05-23T01:30:00Z,2025-05-23T01:45:00Z,2025-05-23,2025-05-23_4,-47.999999999999766,100,52,0,130.99894716253866,142.47756493645164,0.03188975951690806,0.0015,0.4784,True,True,False,False,-1110.2399999999946,0.0,173.18645676766081,89.08511984811328,0.2073609682778261,-23.146446009018277,-870.907508424961
2025-05-23T01:45:00Z,2025-05-23T02:00:00Z,2025-05-23,2025-05-23_4,-47.999999999999766,100,52,0,142.47756493645164,149.26207617123418,0.03212847323671488,4.23,0.0036400000000000004,True,True,False,False,-1110.2399999999946,0.0,173.18645676766081,89.08511984811328,747.205189462859,-0.28589520607546876,-101.04912912743688
2025-05-23T02:00:00Z,2025-05-23T02:15:00Z,2025-05-23,2025-05-23_5,0.0,100,100,0,149.26207617123418,151.2869813886255,0.006141041062801934,0.0855,2.302,True,True,False,False,0.0,0.0,172.80080689818845,171.3175381694486,11.819575191836089,-114.10706787437704,241.8308523850961
2025-05-23T02:15:00Z,2025-05-23T02:30:00Z,2025-05-23,2025-05-23_5,0.0,100,100,0,151.2869813886255,157.3198813886255,0.016758055555555554,0.0,6.557499999999999,True,True,False,False,0.0,0.0,172.80080689818845,171.3175381694486,0.0,-212.52997043351,131.58837463412706
2025-05-23T02:30:00Z,2025-05-23T02:45:00Z,2025-05-23,2025-05-23_5,0.0,100,100,0,157.3198813886255,167.2269013886255,0.0275195,0.0,10.7685,True,True,False,False,0.0,0.0,172.80080689818845,171.3175381694486,0.0,-133.00899206945653,211.10935299818053
2025-05-23T02:45:00Z,2025-05-23T03:00:00Z,2025-05-23,2025-05-23_5,0.0,100,100,0,167.2269013886255,168.6335813886255,0.003907444444444444,0.0,1.529,True,True,False,False,0.0,0.0,172.80080689818845,171.3175381694486,0.0,-81.45211968989796,262.6662253777391
2025-05-23T03:00:00Z,2025-05-23T03:15:00Z,2025-05-23,2025-05-23_6,0.0,100,100,0,168.6335813886255,172.7685213886255,0.011485944444444444,0.0,4.4945,True,True,False,False,0.0,0.0,172.80080689818845,171.3175381694486,0.0,-225.60231815125385,118.5160269163832
2025-05-23T03:15:00Z,2025-05-23T03:30:00Z,2025-05-23,2025-05-23_6,0.0,100,100,0,172.7685213886255,178.22872138862547,0.01516722222222222,0.0,5.935,True,True,False,False,0.0,0.0,172.80080689818845,171.3175381694486,0.0,-248.05421940511033,96.06412566252672
2025-05-23T03:30:00Z,2025-05-23T03:45:00Z,2025-05-23,2025-05-23_6,0.0,100,100,0,178.22872138862547,185.62506138862548,0.02054538888888889,0.0,8.0395,True,True,False,False,0.0,0.0,172.80080689818845,171.3175381694486,0.0,-221.05445069614746,123.0638943714896
2025-05-23T03:45:00Z,2025-05-23T04:00:00Z,2025-05-23,2025-05-23_6,0.0,100,100,0,185.62506138862548,189.9693013886255,0.012067333333333336,0.0,4.722,True,True,False,False,0.0,0.0,172.80080689818845,171.3175381694486,0.0,-216.41503876275613,127.70330630488093
2025-05-23T04:00:00Z,2025-05-23T04:15:00Z,2025-05-23,2025-05-23_7,99.74043751046571,0,100,0,189.9693013886255,176.83372018102355,0.03665827341764264,0.0,12.855500000000001,True,True,False,False,3451.5178400496657,0.0,0.0,169.8342694407088,0.0,-165.62859010363104,3455.7235193867436
2025-05-23T04:15:00Z,2025-05-23T04:30:00Z,2025-05-23,2025-05-23_7,99.74043751046571,0,100,0,176.83372018102355,150.52947821077507,0.07307709633703291,0.0,0.7355,True,True,False,False,3451.5178400496657,0.0,0.0,169.8342694407088,0.0,-47.2921379835456,3574.059971506829
2025-05-23T04:30:00Z,2025-05-23T04:45:00Z,2025-05-23,2025-05-23_7,99.74043751046571,0,100,0,150.52947821077507,123.94708631022647,0.07384633880133686,0.0,0.4795,True,True,False,False,3451.5178400496657,0.0,0.0,169.8342694407088,0.0,-30.22128312633494,3591.1308263640394
2025-05-23T04:45:00Z,2025-05-23T05:00:00Z,2025-05-23,2025-05-23_7,99.74043751046571,0,100,0,123.94708631022647,96.8670668000003,0.07522256164763065,0.0,0.0215,True,True,False,False,3451.5178400496657,0.0,0.0,169.8342694407088,0.0,-1.692906020093347,3619.659203470281
2025-05-23T05:00:00Z,2025-05-23T05:15:00Z,2025-05-23,2025-05-23_8,63.00000000000001,37,100,0,96.8670668000003,78.107113182609,0.052118546714975844,1.51293,0.004,True,True,False,False,2283.7500000000005,0.0,63.78263191203227,169.8342694407088,336.7759320287161,-0.31049758721620124,2853.8323357942413
2025-05-23T05:15:00Z,2025-05-23T05:30:00Z,2025-05-23,2025-05-23_8,63.00000000000001,37,100,0,78.107113182609,58.49990122608725,0.05446447765700484,2.288635,0.0,True,True,False,False,2283.7500000000005,0.0,63.78263191203227,169.8342694407088,509.5376698797564,0.0,3026.904571232498
2025-05-23T05:30:00Z,2025-05-23T05:45:00Z,2025-05-23,2025-05-23_8,63.00000000000001,37,100,0,58.49990122608725,40.20538492173942,0.05081810084541063,1.080955,0.0,True,True,False,False,2283.7500000000005,0.0,63.78263191203227,169.8342694407088,192.31374643916624,0.0,2709.6806477919076
2025-05-23T05:45:00Z,2025-05-23T06:00:00Z,2025-05-23,2025-05-23_8,63.00000000000001,37,100,0,40.20538492173942,22.688039130435072,0.04871413608695653,0.39330999999999994,0.029,True,True,False,False,2283.7500000000005,0.0,63.78263191203227,169.8342694407088,70.74446217071433,-2.100504113598608,2586.0108594098574
2025-05-23T06:00:00Z,2025-05-23T06:15:00Z,2025-05-23,2025-05-23_9,0.0,100,100,0,22.688039130435072,18.766846956522027,0.010958644927536232,3.6185,0.013,True,True,False,False,0.0,0.0,172.80080689818845,169.8342694407088,754.6358706787438,-1.004666758958943,1096.2662802586822
2025-05-23T06:15:00Z,2025-05-23T06:30:00Z,2025-05-23,2025-05-23_9,0.0,100,100,0,18.766846956522027,17.03896260869594,0.004804789855072463,1.5904999999999998,0.001,True,True,False,False,0.0,0.0,172.80080689818845,169.8342694407088,302.80523059884496,-0.07712997389447036,645.3631769638478
2025-05-23T06:30:00Z,2025-05-23T06:45:00Z,2025-05-23,2025-05-23_9,0.0,100,100,0,17.03896260869594,16.749034782608984,0.0023437995169082126,0.5215,0.301,True,True,False,False,0.0,0.0,172.80080689818845,169.8342694407088,92.07140050233366,-18.77874733011629,415.92772951111465
2025-05-23T06:45:00Z,2025-05-23T07:00:00Z,2025-05-23,2025-05-23_9,0.0,100,100,0,16.749034782608984,20.066094782608985,0.009214055555555555,0.0,3.6055,True,True,False,False,0.0,0.0,172.80080689818845,169.8342694407088,0.0,-205.41238855707618,137.22268778182107
2025-05-23T07:00:00Z,2025-05-23T07:15:00Z,2025-05-23,2025-05-23_10,0.0,100,100,0,20.066094782608985,10.000000000000293,0.027971596618357485,9.2625,0.002,True,True,False,False,0.0,0.0,172.80080689818845,171.3175381694486,5120.009725298631,-0.15425994778894073,5463.973810418479
2025-05-23T07:15:00Z,2025-05-23T07:30:00Z,2025-05-23,2025-05-23_10,0.0,100,100,0,10.000000000000293,10.428470434782902,0.0020144710144927537,0.1365,0.627,True,True,False,False,0.0,0.0,172.80080689818845,171.3175381694486,19.97666323866783,-32.08049145637212,332.01451684993276
2025-05-23T07:30:00Z,2025-05-23T07:45:00Z,2025-05-23,2025-05-23_10,0.0,100,100,0,10.428470434782902,11.53605130434812,0.004377942028985507,0.21549999999999997,1.4585,True,True,False,False,0.0,0.0,172.80080689818845,171.3175381694486,31.683026164860372,-68.34908749307807,307.45228373941933
2025-05-23T07:45:00Z,2025-05-23T08:00:00Z,2025-05-23,2025-05-23_10,0.0,100,100,0,11.53605130434812,21.932511304348118,0.028879055555555554,0.0,11.3005,True,True,False,False,0.0,0.0,172.80080689818845,171.3175381694486,0.0,3123.223625899849,3467.3419709674863
2025-05-23T08:00:00Z,2025-05-23T08:15:00Z,2025-05-23,2025-05-23_11,38.0,62,100,0,21.932511304348118,28.60426142608725,0.03623843632850242,0.0,17.284,True,True,False,False,834.1,0.0,107.13650027687683,171.73285341349577,0.0,6510.281599556996,7623.250953247369
2025-05-23T08:15:00Z,2025-05-23T08:30:00Z,2025-05-23,2025-05-23_11,38.0,62,100,0,28.60426142608725,26.423545078261164,0.03230386763285024,0.0,8.2825,True,True,False,False,834.1,0.0,107.13650027687683,171.73285341349577,0.0,579.6996509374259,1692.6690046277986
2025-05-23T08:30:00Z,2025-05-23T08:45:00Z,2025-05-23,2025-05-23_11,38.0,62,100,0,26.423545078261164,21.59288542608725,0.03113258792270531,0.00186,5.59,True,True,False,False,834.1,0.0,107.13650027687683,171.73285341349577,0.20231785460011076,2160.8858951032353,3274.057566648208
2025-05-23T08:45:00Z,2025-05-23T09:00:00Z,2025-05-23,2025-05-23_11,38.0,62,100,0,21.59288542608725,15.768510991304641,0.030684406763285023,0.0,4.5775,True,True,False,False,834.1,0.0,107.13650027687683,171.73285341349577,0.0,373.50296109880543,1486.472314789178
2025-05-23T09:00:00Z,2025-05-23T09:15:00Z,2025-05-23,2025-05-23_12,0.0,100,100,0,15.768510991304641,23.01213099130464,0.020121166666666666,0.0,7.8735,True,True,False,False,0.0,0.0,172.80080689818845,191.4899928803101,0.0,1090.8154684162646,1455.106268194763
2025-05-23T09:15:00Z,2025-05-23T09:30:00Z,2025-05-23,2025-05-23_12,0.0,100,100,0,23.01213099130464,17.760850121739423,0.014875669082125603,4.879,0.056499999999999995,True,True,False,False,0.0,0.0,172.80080689818845,191.4899928803101,676.0064658650423,-2.4988098251720587,1037.798455818369
2025-05-23T09:30:00Z,2025-05-23T09:45:00Z,2025-05-23,2025-05-23_12,0.0,100,100,0,17.760850121739423,16.000984034782903,0.004891072463768117,1.6195000000000002,0.0005,True,True,False,False,0.0,0.0,172.80080689818845,191.4899928803101,176.15793845423624,-0.03856498694723518,540.4101732457875
2025-05-23T09:45:00Z,2025-05-23T10:00:00Z,2025-05-23,2025-05-23_12,0.0,100,100,0,16.000984034782903,10.20370142608725,0.016103562801932366,5.3335,0.0,True,True,False,False,0.0,0.0,172.80080689818845,191.4899928803101,774.6496322482399,0.0,1138.9404320267383
2025-05-23T10:00:00Z,2025-05-23T10:15:00Z,2025-05-23,2025-05-23_13,-100.0,100,0,0,10.20370142608725,31.23260142608725,0.05841361111111112,2.1425,0.0,True,True,False,False,-1154.5,0.0,172.80080689818845,0.0,233.04623843050393,0.0,-748.6529546713076
2025-05-23T10:15:00Z,2025-05-23T10:30:00Z,2025-05-23,2025-05-23_13,-100.0,100,0,0,31.23260142608725,53.686121426087254,0.06237088888888889,0.594,0.0,True,True,False,False,-1154.5,0.0,172.80080689818845,0.0,64.61118582390634,0.0,-917.0880072779053
2025-05-23T10:30:00Z,2025-05-23T10:45:00Z,2025-05-23,2025-05-23_13,-100.0,100,0,0,53.686121426087254,75.64882142608725,0.061007500000000006,1.1275,0.0,True,True,False,False,-1154.5,0.0,172.80080689818845,0.0,122.64160272130368,0.0,-859.0575903805079
2025-05-23T10:45:00Z,2025-05-23T11:00:00Z,2025-05-23,2025-05-23_13,-100.0,100,0,0,75.64882142608725,98.46160142608724,0.06336883333333333,0.2035,0.0,True,True,False,False,-1154.5,0.0,172.80080689818845,0.0,22.135313661893836,0.0,-959.5638794399177
2025-05-23T11:00:00Z,2025-05-23T11:15:00Z,2025-05-23,2025-05-23_14,0.0,100,100,0,98.46160142608724,109.56830142608725,0.030851944444444446,0.0,12.0725,True,True,False,False,0.0,0.0,173.18645676766081,191.75698125148327,0.0,1330.8639575587374,1695.8073955778814
2025-05-23T11:15:00Z,2025-05-23T11:30:00Z,2025-05-23,2025-05-23_14,0.0,100,100,0,109.56830142608725,113.45648925217421,0.011123589371980677,0.0535,4.2895,True,True,False,False,0.0,0.0,173.18645676766081,191.75698125148327,5.819357645755874,-45.172768273870744,325.5900273910292
2025-05-23T11:30:00Z,2025-05-23T11:45:00Z,2025-05-23,2025-05-23_14,0.0,100,100,0,113.45648925217421,114.82038925217421,0.0037886111111111107,0.0,1.4825,True,True,False,False,0.0,0.0,173.18645676766081,191.75698125148327,0.0,-55.70662922237165,309.23680879677244
2025-05-23T11:45:00Z,2025-05-23T12:00:00Z,2025-05-23,2025-05-23_14,0.0,100,100,0,114.82038925217421,116.6958388173916,0.005774195652173913,0.0935,2.149,True,True,False,False,0.0,0.0,173.18645676766081,191.75698125148327,10.17027925005933,3.615950478601376,378.7296677478048
2025-05-23T12:00:00Z,2025-05-23T12:15:00Z,2025-05-23,2025-05-23_15,-21.711556750546652,100,78,0,116.6958388173916,124.65928447001733,0.022120682368404802,0.0,3.22803,True,True,False,False,-298.53390532001646,0.0,173.18645676766081,149.15394351712678,0.0,-14.293883335970257,9.512611628800876
2025-05-23T12:15:00Z,2025-05-23T12:30:00Z,2025-05-23,2025-05-23_15,-21.711556750546652,100,78,0,124.65928447001733,127.7265400584065,0.017630168309637553,1.9269999999999998,0.10686000000000001,True,True,False,False,-298.53390532001646,0.0,173.18645676766081,149.15394351712678,209.605648287319,-4.0770965904596155,229.33504666163054
2025-05-23T12:30:00Z,2025-05-23T12:45:00Z,2025-05-23,2025-05-23_15,-21.711556750546652,100,78,0,127.7265400584065,126.14697097898033,0.025187942229165268,6.256,0.0,True,True,False,False,-298.53390532001646,0.0,173.18645676766081,149.15394351712678,884.6590744403134,0.0,908.4655694050845
2025-05-23T12:45:00Z,2025-05-23T13:00:00Z,2025-05-23,2025-05-23_15,-21.711556750546652,100,78,0,126.14697097898033,133.8333872173915,0.026296187113879356,1.046,4.12152,True,True,False,False,-298.53390532001646,0.0,173.18645676766081,149.15394351712678,122.37500791076657,-0.20296228146507397,145.97854059407263
2025-05-23T13:00:00Z,2025-05-23T13:15:00Z,2025-05-23,2025-05-23_16,0.0,100,100,0,133.8333872173915,149.26546721739152,0.04286688888888889,0.0,16.774,True,True,False,False,0.0,0.0,173.18645676766081,191.4899928803101,0.0,10145.74879123487,10510.42524088284
2025-05-23T13:15:00Z,2025-05-23T13:30:00Z,2025-05-23,2025-05-23_16,0.0,100,100,0,149.26546721739152,164.9165072173915,0.04347511111111112,0.0,17.012,True,True,False,False,0.0,0.0,173.18645676766081,191.4899928803101,0.0,10626.746792184162,10991.423241832133
2025-05-23T13:30:00Z,2025-05-23T13:45:00Z,2025-05-23,2025-05-23_16,0.0,100,100,0,164.9165072173915,167.707961130435,0.007880850241545894,0.021,3.059,True,True,False,False,0.0,0.0,173.18645676766081,191.4899928803101,2.284233842259315,-43.496555256704376,323.46412823352586
2025-05-23T13:45:00Z,2025-05-23T14:00:00Z,2025-05-23,2025-05-23_16,0.0,100,100,0,167.707961130435,176.463601130435,0.02432122222222222,0.0,9.517,True,True,False,False,0.0,0.0,173.18645676766081,191.4899928803101,0.0,1252.9505804524958,1617.6270301004668
2025-05-23T14:00:00Z,2025-05-23T14:15:00Z,2025-05-23,2025-05-23_17,6.0,94,100,0,176.463601130435,182.22494457391323,0.022181992657004834,0.0,7.948000000000001,True,True,False,False,147.84,0.0,162.43275848429712,171.3175381694486,0.0,-156.32083142156475,325.269465232181
2025-05-23T14:15:00Z,2025-05-23T14:30:00Z,2025-05-23,2025-05-23_17,6.0,94,100,0,182.22494457391323,188.3829404347828,0.023129275942028984,0.0,8.3745,True,True,False,False,147.84,0.0,162.43275848429712,171.3175381694486,0.0,-211.44105341745114,270.1492432362946
2025-05-23T14:30:00Z,2025-05-23T14:45:00Z,2025-05-23,2025-05-23_17,6.0,94,100,0,188.3829404347828,188.3578372695654,0.00886426657004831,0.0893,1.8305000000000002,True,True,False,False,147.84,0.0,162.43275848429712,171.3175381694486,12.839585930701686,-78.38380270548218,416.0460798789652
2025-05-23T14:45:00Z,2025-05-23T15:00:00Z,2025-05-23,2025-05-23_17,6.0,94,100,0,188.3578372695654,186.62599222608716,0.005279114009661836,0.17672,0.0975,True,True,False,False,147.84,0.0,162.43275848429712,171.3175381694486,25.02088742979194,-6.185920318803892,500.42526376473376
2025-05-23T15:00:00Z,2025-05-23T15:15:00Z,2025-05-23,2025-05-23_18,-17.999999999999876,100,82,0,186.62599222608716,190.00000000000017,0.01321723173913036,0.7765,0.059449999999999996,True,True,False,False,-448.3349999999969,0.0,172.80080689818845,140.48038129894783,124.35824717190094,-3.8524455937030293,-14.54801022466271
2025-05-23T15:15:00Z,2025-05-23T15:30:00Z,2025-05-23,2025-05-23_18,-17.999999999999876,100,82,0,190.00000000000017,188.2028398260871,0.02282401159420286,5.6175,0.0,True,True,False,False,-448.3349999999969,0.0,172.80080689818845,140.48038129894783,1780.6510679534845,0.0,1645.597256150624
2025-05-23T15:30:00Z,2025-05-23T15:45:00Z,2025-05-23,2025-05-23_18,-17.999999999999876,100,82,0,188.2028398260871,180.35807297391315,0.03435867903381642,11.3395,0.0,True,True,False,False,-448.3349999999969,0.0,172.80080689818845,140.48038129894783,2143.354775729768,0.0,2008.3009639269073
2025-05-23T15:45:00Z,2025-05-23T16:00:00Z,2025-05-23,2025-05-23_18,-17.999999999999876,100,82,0,180.35807297391315,182.98035833043485,0.014394754009661765,1.436,0.0,True,True,False,False,-448.3349999999969,0.0,172.80080689818845,140.48038129894783,230.90961790997548,0.0,95.85580610711486
2025-05-23T16:00:00Z,2025-05-23T16:15:00Z,2025-05-23,2025-05-23_19,0.0,100,100,0,182.98035833043485,185.26860789565225,0.006365306763285025,0.0015,2.489,True,True,False,False,0.0,0.0,172.38549165414128,169.8342694407088,0.2076576220235741,-143.3651004667352,199.06231825013842
2025-05-23T16:15:00Z,2025-05-23T16:30:00Z,2025-05-23,2025-05-23_19,0.0,100,100,0,185.26860789565225,184.7738096347827,0.0017143285024154588,0.5115,0.0665,True,True,False,False,0.0,0.0,172.38549165414128,169.8342694407088,88.94277292144609,-4.605852286211535,426.5566817300846
2025-05-23T16:30:00Z,2025-05-23T16:45:00Z,2025-05-23,2025-05-23_19,0.0,100,100,0,184.7738096347827,184.74670006956532,0.0013045265700483092,0.2285,0.2405,True,True,False,False,0.0,0.0,172.38549165414128,169.8342694407088,39.282893560636026,-15.517967130764971,365.98468752472115
2025-05-23T16:45:00Z,2025-05-23T17:00:00Z,2025-05-23,2025-05-23_19,0.0,100,100,0,184.74670006956532,184.65739311304358,0.0008690748792270531,0.185,0.1215,True,True,False,False,0.0,0.0,172.38549165414128,169.8342694407088,30.87967724072463,-8.308082726841231,364.79135560873345
2025-05-23T17:00:00Z,2025-05-23T17:15:00Z,2025-05-23,2025-05-23_20,7.383255602867581,92,100,0,184.65739311304358,188.3457259135051,0.01866834382068861,0.0,6.108,True,True,False,False,276.4290897713622,0.0,158.59465232180997,169.8342694407088,0.0,-214.39848271497507,390.45952881890594
2025-05-23T17:15:00Z,2025-05-23T17:30:00Z,2025-05-23,2025-05-23_20,7.383255602867581,92,100,0,188.3457259135051,188.07907183192668,0.009682749546211657,0.01978,1.889,True,True,False,False,276.4290897713622,0.0,158.59465232180997,169.8342694407088,2.7383118424175303,-101.49807254172929,506.0982508345692
2025-05-23T17:30:00Z,2025-05-23T17:45:00Z,2025-05-23,2025-05-23_20,7.383255602867581,92,100,0,188.07907183192668,186.08422946220608,0.005962532084292649,0.06577999999999999,0.089,True,True,False,False,276.4290897713622,0.0,158.59465232180997,169.8342694407088,9.244754295546239,-6.366182461830552,607.7365833675967
2025-05-23T17:45:00Z,2025-05-23T18:00:00Z,2025-05-23,2025-05-23_20,7.383255602867581,92,100,0,186.08422946220608,183.4721655999993,0.007307804142424306,0.56672,0.011,True,True,False,False,276.4290897713622,0.0,158.59465232180997,169.8342694407088,97.20003417451152,-0.848429712839174,701.2096159955533
2025-05-23T18:00:00Z,2025-05-23T18:15:00Z,2025-05-23,2025-05-23_21,100.0,0,100,0,183.4721655999993,156.4183612521732,0.07514945652173913,0.0,0.11050000000000001,True,True,False,False,5388.25,0.0,0.0,169.8342694407088,0.0,-7.310146250296655,5550.774123190412
2025-05-23T18:15:00Z,2025-05-23T18:30:00Z,2025-05-23,2025-05-23_21,100.0,0,100,0,156.4183612521732,129.29064386086887,0.07535477053140097,0.0,0.0425,True,True,False,False,5388.25,0.0,0.0,169.8342694407088,0.0,-3.1035909935922796,5554.980678447117
2025-05-23T18:30:00Z,2025-05-23T18:45:00Z,2025-05-23,2025-05-23_21,100.0,0,100,0,129.29064386086887,102.30531777391235,0.07495923913043477,0.0,0.1735,True,True,False,False,5388.25,0.0,0.0,169.8342694407088,0.0,-11.778949450201722,5546.305319990507
2025-05-23T18:45:00Z,2025-05-23T19:00:00Z,2025-05-23,2025-05-23_21,100.0,0,100,0,102.30531777391235,77.13357864347756,0.06992149758454107,0.0,1.8420000000000003,True,True,False,False,5388.25,0.0,0.0,169.8342694407088,0.0,-92.98741238826044,5465.096857052448
2025-05-23T19:00:00Z,2025-05-23T19:15:00Z,2025-05-23,2025-05-23_22,45.99999999999992,54,100,0,77.13357864347756,64.22737655652107,0.037899861352656945,1.0546200000000001,0.7425,True,True,False,False,1743.5149999999971,0.0,93.08816549323629,171.3175381694486,179.87294539593387,-37.666706055691805,2150.1269430029242
2025-05-23T19:15:00Z,2025-05-23T19:30:00Z,2025-05-23,2025-05-23_22,45.99999999999992,54,100,0,64.22737655652107,52.96015679999934,0.034862372657004786,0.050219999999999994,1.2915,True,True,False,False,1743.5149999999971,0.0,93.08816549323629,171.3175381694486,7.374009065738469,-68.44076467447195,1946.8539480539484
2025-05-23T19:30:00Z,2025-05-23T19:45:00Z,2025-05-23,2025-05-23_22,45.99999999999992,54,100,0,52.96015679999934,42.945677599999364,0.034700057777777724,0.0,2.4935,True,True,False,False,1743.5149999999971,0.0,93.08816549323629,171.3175381694486,0.0,-121.56971372913534,1886.3509899335468
2025-05-23T19:45:00Z,2025-05-23T20:00:00Z,2025-05-23,2025-05-23_22,45.99999999999992,54,100,0,42.945677599999364,39.39743999999938,0.03464239555555554,0.0,8.9805,True,True,False,False,1743.5149999999971,0.0,93.08816549323629,171.3175381694486,0.0,-272.59948629459694,1735.3212173680852
2025-05-23T20:00:00Z,2025-05-23T20:15:00Z,2025-05-23,2025-05-23_23,0.0,100,100,0,39.39743999999938,25.946195652173294,0.0399482342995169,12.803,0.5055,True,True,False,False,0.0,0.0,172.38549165414128,171.3175381694486,5203.473530377343,-28.93458646467842,5518.241973736254
2025-05-23T20:15:00Z,2025-05-23T20:30:00Z,2025-05-23,2025-05-23_23,0.0,100,100,0,25.946195652173294,17.072282608695033,0.02464975845410628,8.164,0.0,True,True,False,False,0.0,0.0,172.38549165414128,171.3175381694486,2266.790367850645,0.0,2610.493397674235
2025-05-23T20:30:00Z,2025-05-23T20:45:00Z,2025-05-23,2025-05-23_23,0.0,100,100,0,17.072282608695033,13.65108695652112,0.009503321256038649,3.1475000000000004,0.0,True,True,False,False,0.0,0.0,172.38549165414128,171.3175381694486,546.447681156554,0.0,890.1507109801439
2025-05-23T20:45:00Z,2025-05-23T21:00:00Z,2025-05-23,2025-05-23_23,0.0,100,100,0,13.65108695652112,9.99999999999938,0.010141908212560386,3.359,0.0,True,True,False,False,0.0,0.0,172.38549165414128,171.3175381694486,609.2801109485009,0.0,952.9831407720908
2025-05-23T21:00:00Z,2025-05-23T21:15:00Z,2025-05-24,2025-05-23_24,-99.97693793547609,100,0,0,9.99999999999938,19.491290607516838,0.026385135861522975,14.676999999999998,0.0,True,True,False,False,-2812.85114881462,0.0,172.8486646884273,0.0,14786.419865875368,0.0,12146.417381749176
2025-05-23T21:15:00Z,2025-05-23T21:30:00Z,2025-05-24,2025-05-23_24,-99.97693793547609,100,0,0,19.491290607516838,30.138609594833788,0.029594575957338342,13.420500000000002,0.0,True,True,False,False,-2812.85114881462,0.0,172.8486646884273,0.0,5572.531426706233,0.0,2932.52894258004
2025-05-23T21:30:00Z,2025-05-23T21:45:00Z,2025-05-24,2025-05-23_24,-99.97693793547609,100,0,0,30.138609594833788,49.56217586818927,0.053959756278852765,3.8815000000000004,0.0,True,True,False,False,-2812.85114881462,0.0,172.8486646884273,0.0,676.6717619188923,0.0,-1963.3307222073004
2025-05-23T21:45:00Z,2025-05-23T22:00:00Z,2025-05-24,2025-05-23_24,-99.97693793547609,100,0,0,49.56217586818927,71.53884898909239,0.06104785517729102,1.1065,0.0,True,True,False,False,-2812.85114881462,0.0,172.8486646884273,0.0,174.5301821958457,0.0,-2465.472301930347
2025-05-23T22:00:00Z,2025-05-23T22:15:00Z,2025-05-24,2025-05-24_1,61.0,39,100,0,71.53884898909239,53.55588500648369,0.051055987729468594,1.8146699999999998,0.5535,True,True,False,False,1714.8625,0.0,67.41097922848664,168.27893175074183,357.9272339287834,-28.798205341246288,2279.6814395667657
2025-05-23T22:15:00Z,2025-05-23T22:30:00Z,2025-05-24,2025-05-24_1,61.0,39,100,0,53.55588500648369,38.25706075430978,0.046165464033816425,0.555165,1.8405,True,True,False,False,1714.8625,0.0,67.41097922848664,168.27893175074183,97.10071973590505,-85.5015106824926,1962.151620032641
2025-05-23T22:30:00Z,2025-05-23T22:45:00Z,2025-05-24,2025-05-24_1,61.0,39,100,0,38.25706075430978,24.11704864996195,0.04402991806763285,0.0,2.384,True,True,False,False,1714.8625,0.0,67.41097922848664,168.27893175074183,0.0,-121.7679287833828,1828.7844821958456
2025-05-23T22:45:00Z,2025-05-23T23:00:00Z,2025-05-24,2025-05-24_1,61.0,39,100,0,24.11704864996195,11.629357449961951,0.04266335777777778,0.0,4.001,True,True,False,False,1714.8625,0.0,67.41097922848664,168.27893175074183,0.0,-194.86255113748766,1755.6898598417408
2025-05-23T23:00:00Z,2025-05-23T23:15:00Z,2025-05-24,2025-05-24_2,11.997947617798735,88,100,0,11.629357449961951,9.999999999998739,0.01232981936170168,0.0,1.735,True,True,False,False,296.58926511198473,0.0,152.10682492581603,168.27893175074183,0.0,-83.80719287833828,533.1678289102043
2025-05-23T23:15:00Z,2025-05-23T23:30:00Z,2025-05-24,2025-05-24_2,11.997947617798735,88,100,0,9.999999999998739,14.245368509499762,0.024120653932832217,0.0,7.9845,True,True,False,False,296.58926511198473,0.0,152.10682492581603,168.27893175074183,0.0,-126.6573890207715,490.3176327677711
2025-05-23T23:30:00Z,2025-05-23T23:45:00Z,2025-05-24,2025-05-24_2,11.997947617798735,88,100,0,14.245368509499762,15.121664639015219,0.017358776806192994,0.0,4.4005,True,True,False,False,296.58926511198473,0.0,152.10682492581603,168.27893175074183,0.0,-162.18649940652818,454.78852238201443
2025-05-23T23:45:00Z,2025-05-24T00:00:00Z,2025-05-24,2025-05-24_2,11.997947617798735,88,100,0,15.121664639015219,14.983196919704104,0.01532210092499683,0.0,3.321,True,True,False,False,296.58926511198473,0.0,152.10682492581603,168.27893175074183,0.0,-159.58144094955492,457.39358083898765
2025-05-24T00:00:00Z,2025-05-24T00:15:00Z,2025-05-24,2025-05-24_3,19.735089667356718,80,100,0,14.983196919704104,10.365130473004193,0.016034010420331084,0.0,0.7814999999999999,True,True,False,False,466.0441424946289,0.0,138.27893175074183,168.7240356083086,0.0,-40.73431543026706,732.3127944234122
2025-05-24T00:15:00Z,2025-05-24T00:30:00Z,2025-05-24,2025-05-24_3,19.735089667356718,80,100,0,10.365130473004193,10.4879853971761,0.02327436742304871,0.0,5.7565,True,True,False,False,466.0441424946289,0.0,138.27893175074183,168.7240356083086,0.0,-221.45044826904055,551.5966615846388
2025-05-24T00:30:00Z,2025-05-24T00:45:00Z,2025-05-24,2025-05-24_3,19.735089667356718,80,100,0,10.4879853971761,9.999999999995477,0.022341489264507606,0.0,5.1155,True,True,False,False,466.0441424946289,0.0,138.27893175074183,168.7240356083086,0.0,-118.99027428288824,654.0568355707911
2025-05-24T00:45:00Z,2025-05-24T01:00:00Z,2025-05-24,2025-05-24_3,19.735089667356718,80,100,0,9.999999999995477,11.05007431991779,0.024690421164484742,0.0,6.7295,True,True,False,False,466.0441424946289,0.0,138.27893175074183,168.7240356083086,0.0,-222.80569090009894,550.2414189535804
2025-05-24T01:00:00Z,2025-05-24T01:15:00Z,2025-05-24,2025-05-24_4,0.0,100,100,0,11.05007431991779,18.19525431991779,0.01984772222222222,0.0,7.7665,True,True,False,False,0.0,0.0,172.8486646884273,168.27893175074183,0.0,-160.95475895153314,180.172837487636
2025-05-24T01:15:00Z,2025-05-24T01:30:00Z,2025-05-24,2025-05-24_4,0.0,100,100,0,18.19525431991779,22.08685431991779,0.010810000000000002,0.0,4.23,True,True,False,False,0.0,0.0,172.8486646884273,168.27893175074183,0.0,-113.19245697329379,227.93513946587535
2025-05-24T01:30:00Z,2025-05-24T01:45:00Z,2025-05-24,2025-05-24_4,0.0,100,100,0,22.08685431991779,29.870514319917792,0.021621277777777777,0.0,8.4605,True,True,False,False,0.0,0.0,172.8486646884273,168.27893175074183,0.0,-243.58541028684473,97.5421861523244
2025-05-24T01:45:00Z,2025-05-24T02:00:00Z,2025-05-24,2025-05-24_4,0.0,100,100,0,29.870514319917792,33.81133431991779,0.010946722222222224,0.0,4.2835,True,True,False,False,0.0,0.0,172.8486646884273,168.27893175074183,0.0,-164.96177952522257,176.16581691394657
2025-05-24T02:00:00Z,2025-05-24T02:15:00Z,2025-05-24,2025-05-24_5,0.0,100,100,0,33.81133431991779,34.59267345035258,0.002327391304347826,0.026,0.88,True,True,False,False,0.0,0.0,173.2344213649852,168.7240356083086,3.3432245301681505,-40.353788328387736,304.9478931750742
2025-05-24T02:15:00Z,2025-05-24T02:30:00Z,2025-05-24,2025-05-24_5,0.0,100,100,0,34.59267345035258,37.26067345035258,0.007411111111111111,0.0,2.9,True,True,False,False,0.0,0.0,173.2344213649852,168.7240356083086,0.0,-116.93568743818003,225.02276953511378
2025-05-24T02:30:00Z,2025-05-24T02:45:00Z,2025-05-24,2025-05-24_5,0.0,100,100,0,37.26067345035258,47.29005345035258,0.027859388888888892,0.0,10.9015,True,True,False,False,0.0,0.0,173.2344213649852,168.7240356083086,0.0,-69.44611335311573,272.51234362017806
2025-05-24T02:45:00Z,2025-05-24T03:00:00Z,2025-05-24,2025-05-24_5,0.0,100,100,0,47.29005345035258,58.06601345035258,0.029933222222222222,0.0,11.713,True,True,False,False,0.0,0.0,173.2344213649852,168.7240356083086,0.0,-152.01411770524234,189.94433926805146
2025-05-24T03:00:00Z,2025-05-24T03:15:00Z,2025-05-24,2025-05-24_6,93.78180229572479,6,100,0,58.06601345035258,35.64145372536558,0.06319368526082533,0.0,2.842,True,True,False,False,2086.6451010798764,0.0,10.39406528189911,168.7240356083086,0.0,-55.762794856577656,2210.0004071135063
2025-05-24T03:15:00Z,2025-05-24T03:30:00Z,2025-05-24,2025-05-24_6,93.78180229572479,6,100,0,35.64145372536558,19.778617620539872,0.04690378197187468,0.0,8.937,True,True,False,False,2086.6451010798764,0.0,10.39406528189911,168.7240356083086,0.0,735.660956083086,3001.4241580531702
2025-05-24T03:30:00Z,2025-05-24T03:45:00Z,2025-05-24,2025-05-24_6,93.78180229572479,6,100,0,19.778617620539872,13.55758573920302,0.022967379370423962,0.0,17.893,True,True,False,False,2086.6451010798764,0.0,10.39406528189911,168.7240356083086,0.0,275.31504253214644,2541.0782445022305
2025-05-24T03:45:00Z,2025-05-24T04:00:00Z,2025-05-24,2025-05-24_6,93.78180229572479,6,100,0,13.55758573920302,9.999999999995627,0.01635520205510584,0.0,20.367,True,True,False,False,2086.6451010798764,0.0,10.39406528189911,168.7240356083086,0.0,4052.8234878338285,6318.586689803913
2025-05-24T04:00:00Z,2025-05-24T04:15:00Z,2025-05-24,2025-05-24_7,7.956458876202994,92,100,0,9.999999999995627,16.444662236168448,0.02548257675197347,0.0,9.222,True,True,False,False,179.00043356737686,0.0,159.37566765578634,168.5459940652819,0.0,-101.54051394658754,405.38158134185755
2025-05-24T04:15:00Z,2025-05-24T04:30:00Z,2025-05-24,2025-05-24_7,7.956458876202994,92,100,0,16.444662236168448,14.46253169592778,0.007025454760687833,0.11177999999999999,0.323,True,True,False,False,179.00043356737686,0.0,159.37566765578634,168.5459940652819,17.240677424332343,-16.063611078140454,508.09916163463697
2025-05-24T04:30:00Z,2025-05-24T04:45:00Z,2025-05-24,2025-05-24_7,7.956458876202994,92,100,0,14.46253169592778,12.268480867274373,0.0063745002707659435,0.08049999999999999,0.05949999999999999,True,True,False,False,179.00043356737686,0.0,159.37566765578634,168.5459940652819,11.506818100890207,-4.365181305637982,514.0637320836973
2025-05-24T04:45:00Z,2025-05-24T05:00:00Z,2025-05-24,2025-05-24_7,7.956458876202994,92,100,0,12.268480867274373,10.286354782604306,0.006602042094933361,0.0345,0.233,True,True,False,False,179.00043356737686,0.0,159.37566765578634,168.5459940652819,4.730581305637983,-14.212078140454995,497.44059845362807
2025-05-24T05:00:00Z,2025-05-24T05:15:00Z,2025-05-24,2025-05-24_8,0.0,100,100,0,10.286354782604306,10.086237391299958,0.0007092149758454107,0.20950000000000002,0.03,True,True,False,False,0.0,0.0,172.8486646884273,168.5459940652819,32.02759742828883,-2.2350148367952527,371.1872413452028
2025-05-24T05:15:00Z,2025-05-24T05:30:00Z,2025-05-24,2025-05-24_8,0.0,100,100,0,10.086237391299958,9.99999999999561,0.00040054830917874394,0.106,0.0315,True,True,False,False,0.0,0.0,172.8486646884273,168.5459940652819,15.282704648862511,-1.9266097922848666,354.75075361028684
2025-05-24T05:30:00Z,2025-05-24T05:45:00Z,2025-05-24,2025-05-24_8,0.0,100,100,0,9.99999999999561,10.034762608691263,0.00031999275362318844,0.037,0.0815,True,True,False,False,0.0,0.0,172.8486646884273,168.5459940652819,5.209951335311573,-5.558848170128587,341.0457619188922
2025-05-24T05:45:00Z,2025-05-24T06:00:00Z,2025-05-24,2025-05-24_8,0.0,100,100,0,10.034762608691263,12.271584347821697,0.006385495169082126,0.028499999999999998,2.465,True,True,False,False,0.0,0.0,172.8486646884273,168.5459940652819,4.234282492581602,5.7399634025717114,351.3689046488625
2025-05-24T06:00:00Z,2025-05-24T06:15:00Z,2025-05-24,2025-05-24_9,24.521730628651472,75,100,0,12.271584347821697,24.540042382977123,0.04192496735223789,0.0,19.7015,True,True,False,False,388.3629088312677,0.0,129.63649851632047,168.39762611275964,0.0,12991.079459149358,13677.476492609705
2025-05-24T06:15:00Z,2025-05-24T06:30:00Z,2025-05-24,2025-05-24_9,24.521730628651472,75,100,0,24.540042382977123,26.20259870107083,0.028807507325884454,0.0,8.6645,True,True,False,False,388.3629088312677,0.0,129.63649851632047,168.39762611275964,0.0,-72.8777865479723,613.5192469123755
2025-05-24T06:30:00Z,2025-05-24T06:45:00Z,2025-05-24,2025-05-24_9,24.521730628651472,75,100,0,26.20259870107083,21.739158512299582,0.021230828185900476,0.0,2.2895,True,True,False,False,388.3629088312677,0.0,129.63649851632047,168.39762611275964,0.0,-72.040668743818,614.3563647165298
2025-05-24T06:45:00Z,2025-05-24T07:00:00Z,2025-05-24,2025-05-24_9,24.521730628651472,75,100,0,21.739158512299582,15.368538043473425,0.0195151103960673,0.147375,0.4715,True,True,False,False,388.3629088312677,0.0,129.63649851632047,168.39762611275964,18.950296735905045,-21.01882640949555,684.3285037867573
2025-05-24T07:00:00Z,2025-05-24T07:15:00Z,2025-05-24,2025-05-24_10,-11.0,100,89,0,15.368538043473425,11.968390599995164,0.02038035734299517,5.5495,0.0,True,True,False,False,-33.714999999999996,0.0,172.8486646884273,150.53412462908014,639.1069873392681,0.0,928.7747766567755
2025-05-24T07:15:00Z,2025-05-24T07:30:00Z,2025-05-24,2025-05-24_10,-11.0,100,89,0,11.968390599995164,12.44396834782125,0.011672136256038648,1.926,0.004005,True,True,False,False,-33.714999999999996,0.0,172.8486646884273,150.53412462908014,195.07655786350148,-0.3089910979228487,484.4353560830861
2025-05-24T07:30:00Z,2025-05-24T07:45:00Z,2025-05-24,2025-05-24_10,-11.0,100,89,0,12.44396834782125,15.004716286951687,0.007693623502415458,0.108,0.15886499999999998,True,True,False,False,-33.714999999999996,0.0,172.8486646884273,150.53412462908014,10.938872403560831,-9.508109534124628,291.09855218694366
2025-05-24T07:45:00Z,2025-05-24T08:00:00Z,2025-05-24,2025-05-24_10,-11.0,100,89,0,15.004716286951687,17.266583252169077,0.007682993985507247,0.2605,0.011125,True,True,False,False,-33.714999999999996,0.0,172.8486646884273,150.53412462908014,26.38496538081108,-0.7757349159248269,315.2770197823937
2025-05-24T08:00:00Z,2025-05-24T08:15:00Z,2025-05-24,2025-05-24_11,-100.0,100,0,0,17.266583252169077,28.447343252169077,0.03105766666666667,12.847,0.0,True,True,False,False,-21.0,0.0,172.8486646884273,0.0,11770.08338793274,0.0,11921.932052621167
2025-05-24T08:15:00Z,2025-05-24T08:30:00Z,2025-05-24,2025-05-24_11,-100.0,100,0,0,28.447343252169077,39.467103252169075,0.030610444444444444,13.022,0.0,True,True,False,False,-21.0,0.0,172.8486646884273,0.0,12038.108686053414,0.0,12189.95735074184
2025-05-24T08:30:00Z,2025-05-24T08:45:00Z,2025-05-24,2025-05-24_11,-100.0,100,0,0,39.467103252169075,43.442883252169075,0.011043833333333334,20.6785,0.0,True,True,False,False,-21.0,0.0,172.8486646884273,0.0,23052.15044856578,0.0,23203.999113254205
2025-05-24T08:45:00Z,2025-05-24T09:00:00Z,2025-05-24,2025-05-24_11,-100.0,100,0,0,43.442883252169075,60.15652325216908,0.04642677777777778,6.833,0.0,True,True,False,False,-21.0,0.0,172.8486646884273,0.0,1104.4263734915928,0.0,1256.2750381800201
2025-05-24T09:00:00Z,2025-05-24T09:15:00Z,2025-05-24,2025-05-24_12,-100.0,100,0,0,60.15652325216908,76.43086325216908,0.0452065,7.3105,0.0,True,True,False,False,-192.25,0.0,172.8486646884273,0.0,1487.6975964391695,0.0,1468.2962611275968
2025-05-24T09:15:00Z,2025-05-24T09:30:00Z,2025-05-24,2025-05-24_12,-100.0,100,0,0,76.43086325216908,85.45836325216908,0.025076388888888884,15.187500000000002,0.0,True,True,False,False,-192.25,0.0,172.8486646884273,0.0,11592.590207715137,0.0,11573.188872403563
2025-05-24T09:30:00Z,2025-05-24T09:45:00Z,2025-05-24,2025-05-24_12,-100.0,100,0,0,85.45836325216908,95.59308325216908,0.028152,13.984,0.0,True,True,False,False,-192.25,0.0,172.8486646884273,0.0,6330.074068447083,0.0,6310.6727331355105
2025-05-24T09:45:00Z,2025-05-24T10:00:00Z,2025-05-24,2025-05-24_12,-100.0,100,0,0,95.59308325216908,112.76580325216908,0.04770200000000001,6.334,0.0,True,True,False,False,-192.25,0.0,172.8486646884273,0.0,766.9715924826904,0.0,747.5702571711178
2025-05-24T10:00:00Z,2025-05-24T10:15:00Z,2025-05-24,2025-05-24_13,0.0,100,100,0,112.76580325216908,112.01659890434298,0.002106678743961353,0.6935,0.005,True,True,False,False,0.0,0.0,172.8486646884273,195.19287833827894,67.59121266073195,-0.38575667655786355,435.24699901088036
2025-05-24T10:15:00Z,2025-05-24T10:30:00Z,2025-05-24,2025-05-24_13,0.0,100,100,0,112.01659890434298,112.26157107825603,0.000704632850241546,0.004,0.271,True,True,False,False,0.0,0.0,172.8486646884273,195.19287833827894,0.3898555885262117,-14.586930168150348,353.84446844708214
2025-05-24T10:30:00Z,2025-05-24T10:45:00Z,2025-05-24,2025-05-24_13,0.0,100,100,0,112.26157107825603,112.42976933912558,0.0005728937198067632,0.0175,0.2035,True,True,False,False,0.0,0.0,172.8486646884273,195.19287833827894,1.7056181998021764,-11.768539861523244,357.9786213649852
2025-05-24T10:45:00Z,2025-05-24T11:00:00Z,2025-05-24,2025-05-24_13,0.0,100,100,0,112.42976933912558,112.16245629564732,0.0022375362318840576,0.4935,0.2925,True,True,False,False,0.0,0.0,172.8486646884273,195.19287833827894,48.09843323442137,-11.58913353115727,404.5508427299703
2025-05-24T11:00:00Z,2025-05-24T11:15:00Z,2025-05-24,2025-05-24_14,0.0,100,100,0,112.16245629564732,112.56893281738645,0.0012015652173913043,0.012,0.45599999999999996,True,True,False,False,0.0,0.0,172.8486646884273,194.54005934718103,1.1910267062314541,-21.048166172106825,347.53158456973296
2025-05-24T11:15:00Z,2025-05-24T11:30:00Z,2025-05-24,2025-05-24_14,0.0,100,100,0,112.56893281738645,112.63146586086471,0.00045751932367149757,0.047,0.1235,True,True,False,False,0.0,0.0,172.8486646884273,194.54005934718103,4.664854599406529,-7.99288090999011,364.06069772502474
2025-05-24T11:30:00Z,2025-05-24T11:45:00Z,2025-05-24,2025-05-24_14,0.0,100,100,0,112.63146586086471,108.01896586086471,0.0128125,4.2435,0.0,True,True,False,False,0.0,0.0,172.8486646884273,194.54005934718103,609.6939916913947,0.0,977.082715727003
2025-05-24T11:45:00Z,2025-05-24T12:00:00Z,2025-05-24,2025-05-24_14,0.0,100,100,0,108.01896586086471,103.31461803477775,0.013067632850241546,4.328,0.0,True,True,False,False,0.0,0.0,172.8486646884273,194.54005934718103,1220.8222053412464,0.0,1588.210929376855
2025-05-24T12:00:00Z,2025-05-24T12:15:00Z,2025-05-24,2025-05-24_15,-79.53743480151235,0,0,0,103.31461803477775,121.60822803912559,0.05081558334541067,0.0,0.0,True,False,False,False,-294.2885087655957,0.0,0.0,0.0,0.0,0.0,-294.2885087655957
2025-05-24T12:15:00Z,2025-05-24T12:30:00Z,2025-05-24,2025-05-24_15,-79.53743480151235,0,0,0,121.60822803912559,139.90183804347345,0.05081558334541067,0.0,0.0,True,False,False,False,-294.2885087655957,0.0,0.0,0.0,0.0,0.0,-294.2885087655957
2025-05-24T12:30:00Z,2025-05-24T12:45:00Z,2025-05-24,2025-05-24_15,-79.53743480151235,0,0,0,139.90183804347345,158.1954480478213,0.05081558334541067,0.0,0.0,True,False,False,False,-294.2885087655957,0.0,0.0,0.0,0.0,0.0,-294.2885087655957
2025-05-24T12:45:00Z,2025-05-24T13:00:00Z,2025-05-24,2025-05-24_15,-79.53743480151235,0,0,0,158.1954480478213,176.48905805216913,0.05081558334541067,0.0,0.0,True,False,False,False,-294.2885087655957,0.0,0.0,0.0,0.0,0.0,-294.2885087655957
2025-05-24T13:00:00Z,2025-05-24T13:15:00Z,2025-05-24,2025-05-24_16,-97.99999999999993,100,2,0,176.48905805216913,178.08495655651694,0.007172544154589415,22.683,0.0,True,True,False,False,-367.4999999999997,0.0,173.2344213649852,3.816023738872403,28734.667346587543,0.0,28544.2177916914
2025-05-24T13:15:00Z,2025-05-24T13:30:00Z,2025-05-24,2025-05-24_16,-97.99999999999993,100,2,0,178.08495655651694,187.6802036173865,0.02834664038647344,14.0195,0.0,True,True,False,False,-367.4999999999997,0.0,173.2344213649852,3.816023738872403,13670.013694757667,0.0,13479.564139861524
2025-05-24T13:30:00Z,2025-05-24T13:45:00Z,2025-05-24,2025-05-24_16,-97.99999999999993,100,2,0,187.6802036173865,189.99999999999517,0.009088685603864772,21.899,0.0,True,True,False,False,-367.4999999999997,0.0,173.2344213649852,3.816023738872403,26820.47425598418,0.0,26630.024701088038
2025-05-24T13:45:00Z,2025-05-24T14:00:00Z,2025-05-24,2025-05-24_16,-97.99999999999993,100,2,0,189.99999999999517,189.967128278256,0.0028612258937198596,24.447,0.0,True,True,False,False,-367.4999999999997,0.0,173.2344213649852,3.816023738872403,32648.83066824926,0.0,32458.381113353116
2025-05-24T14:00:00Z,2025-05-24T14:15:00Z,2025-05-24,2025-05-24_17,0.0,100,100,0,189.967128278256,188.14267175651688,0.005067934782608695,1.6785,0.0,True,True,False,False,0.0,0.0,173.2344213649852,169.13946587537095,241.92912818991098,0.0,584.3030154302671
2025-05-24T14:15:00Z,2025-05-24T14:30:00Z,2025-05-24,2025-05-24_17,0.0,100,100,0,188.14267175651688,188.0785126260821,0.00042866425120772946,0.1005,0.049,True,True,False,False,0.0,0.0,173.2344213649852,169.13946587537095,12.922848664688429,-3.5976274975272005,351.6991084075174
2025-05-24T14:30:00Z,2025-05-24T14:45:00Z,2025-05-24,2025-05-24_17,0.0,100,100,0,188.0785126260821,182.6176430608647,0.015169082125603863,5.024,0.0,True,True,False,False,0.0,0.0,173.2344213649852,169.13946587537095,746.6021792284866,0.0,1088.9760664688429
2025-05-24T14:45:00Z,2025-05-24T15:00:00Z,2025-05-24,2025-05-24_17,0.0,100,100,0,182.6176430608647,175.6573169739082,0.019334239130434784,6.403500000000001,0.0,True,True,False,False,0.0,0.0,173.2344213649852,169.13946587537095,956.5650908011872,0.0,1298.9389780415434
2025-05-24T15:00:00Z,2025-05-24T15:15:00Z,2025-05-24,2025-05-24_18,8.251226085676107,91,100,0,175.6573169739082,174.67590251783864,0.010927879996307687,0.342615,1.749,True,True,False,False,145.73728073825424,0.0,157.64332344213653,169.13946587537095,49.50512251335312,-66.1966225519288,455.82857001718605
2025-05-24T15:15:00Z,2025-05-24T15:30:00Z,2025-05-24,2025-05-24_18,8.251226085676107,91,100,0,174.67590251783864,172.6359139907419,0.006972627622620281,0.053235000000000005,0.2785,True,True,False,False,145.73728073825424,0.0,157.64332344213653,169.13946587537095,6.845252225519289,-16.012675667655788,463.3526466136252
2025-05-24T15:30:00Z,2025-05-24T15:45:00Z,2025-05-24,2025-05-24_18,8.251226085676107,91,100,0,172.6359139907419,174.56444331486765,0.015588097810387405,0.0,4.4665,True,True,False,False,145.73728073825424,0.0,157.64332344213653,169.13946587537095,0.0,-62.104230563798225,410.4158394919635
2025-05-24T15:45:00Z,2025-05-24T16:00:00Z,2025-05-24,2025-05-24_18,8.251226085676107,91,100,0,174.56444331486765,175.64417029128663,0.013683234073513448,0.0,3.5575,True,True,False,False,145.73728073825424,0.0,157.64332344213653,169.13946587537095,0.0,-72.28023639960436,400.2398336561574
2025-05-24T16:00:00Z,2025-05-24T16:15:00Z,2025-05-24,2025-05-24_19,18.56290002162623,81,100,0,175.64417029128663,188.82186116057827,0.043149912633677054,0.0,19.161,True,True,False,False,442.6787582657315,0.0,140.0074183976261,168.7240356083086,0.0,14606.242670029675,15357.652882301341
2025-05-24T16:15:00Z,2025-05-24T16:30:00Z,2025-05-24,2025-05-24_19,18.56290002162623,81,100,0,188.82186116057827,183.945230158413,0.014761600702580795,0.10125,0.292,True,True,False,False,442.6787582657315,0.0,140.0074183976261,168.7240356083086,15.42805637982196,-16.6613293768546,750.1769392746336
2025-05-24T16:30:00Z,2025-05-24T16:45:00Z,2025-05-24,2025-05-24_19,18.56290002162623,81,100,0,183.945230158413,178.99045064536915,0.014341841777634826,0.039285,0.139,True,True,False,False,442.6787582657315,0.0,140.0074183976261,168.7240356083086,5.508790611275965,-9.281102868447082,747.6379000144951
2025-05-24T16:45:00Z,2025-05-24T17:00:00Z,2025-05-24,2025-05-24_19,18.56290002162623,81,100,0,178.99045064536915,173.85731716521184,0.014391899012845953,0.109755,0.032,True,True,False,False,442.6787582657315,0.0,140.0074183976261,168.7240356083086,15.349871830860536,-2.397626112759644,764.3624579897671
2025-05-24T17:00:00Z,2025-05-24T17:15:00Z,2025-05-24,2025-05-24_20,0.0,100,100,0,173.85731716521184,189.10033716521184,0.042341722222222225,0.0,16.5685,True,True,False,False,0.0,0.0,172.433234421365,168.27893175074183,0.0,11281.637505242335,11622.349671414442
2025-05-24T17:15:00Z,2025-05-24T17:30:00Z,2025-05-24,2025-05-24_20,0.0,100,100,0,189.10033716521184,189.81543281738576,0.0020769565217391307,0.015,0.795,True,True,False,False,0.0,0.0,172.433234421365,168.27893175074183,2.077151335311573,-39.68174480712167,303.1075727002967
2025-05-24T17:30:00Z,2025-05-24T17:45:00Z,2025-05-24,2025-05-24_20,0.0,100,100,0,189.81543281738576,189.6244249912988,0.0006046884057971015,0.188,0.0145,True,True,False,False,0.0,0.0,172.433234421365,168.27893175074183,29.152235806132545,-1.141444015825915,368.7229579624135
2025-05-24T17:45:00Z,2025-05-24T18:00:00Z,2025-05-24,2025-05-24_20,0.0,100,100,0,189.6244249912988,188.67476759999448,0.0027938260869565215,0.8995,0.0305,True,True,False,False,0.0,0.0,172.433234421365,168.27893175074183,157.19594381800198,-2.33946765578635,495.5686423343225
2025-05-24T18:00:00Z,2025-05-24T18:15:00Z,2025-05-24,2025-05-24_21,99.99999999999999,0,100,0,188.67476759999448,164.04270238260318,0.0684224033816425,0.0,2.3385,True,True,False,False,4417.499999999999,0.0,0.0,168.27893175074183,0.0,-99.07884480712167,4486.70008694362
2025-05-24T18:15:00Z,2025-05-24T18:30:00Z,2025-05-24,2025-05-24_21,99.99999999999999,0,100,0,164.04270238260318,136.92911542608144,0.07531551932367149,0.0,0.05550000000000001,True,True,False,False,4417.499999999999,0.0,0.0,168.27893175074183,0.0,-4.301683679525223,4581.477248071215
2025-05-24T18:30:00Z,2025-05-24T18:45:00Z,2025-05-24,2025-05-24_21,99.99999999999999,0,100,0,136.92911542608144,109.75520238260319,0.07548309178743962,0.0,0.0,True,True,False,False,4417.499999999999,0.0,0.0,168.27893175074183,0.0,0.0,4585.778931750741
2025-05-24T18:45:00Z,2025-05-24T19:00:00Z,2025-05-24,2025-05-24_21,99.99999999999999,0,100,0,109.75520238260319,83.65737629564667,0.072493961352657,0.0,0.9899999999999999,True,True,False,False,4417.499999999999,0.0,0.0,168.27893175074183,0.0,-42.82890801186943,4542.950023738871
2025-05-24T19:00:00Z,2025-05-24T19:15:00Z,2025-05-24,2025-05-24_22,0.0,100,100,0,83.65737629564667,69.37291629564668,0.040251499999999996,13.236499999999998,0.11200000000000002,True,True,False,False,0.0,0.0,172.433234421365,169.13946587537095,8589.166159248269,-5.454610484668645,8925.284249060336
2025-05-24T19:15:00Z,2025-05-24T19:30:00Z,2025-05-24,2025-05-24_22,0.0,100,100,0,69.37291629564668,64.14072846955972,0.014587521739130433,4.8225,0.0105,True,True,False,False,0.0,0.0,172.433234421365,169.13946587537095,1003.8680089020772,-0.8140459940652819,1344.626663204748
2025-05-24T19:30:00Z,2025-05-24T19:45:00Z,2025-05-24,2025-05-24_22,0.0,100,100,0,64.14072846955972,64.66335716521189,0.0019650314009661838,0.085,0.6685,True,True,False,False,0.0,0.0,172.433234421365,169.13946587537095,12.934814045499506,-26.38121849653808,328.12629584569737
2025-05-24T19:45:00Z,2025-05-24T20:00:00Z,2025-05-24,2025-05-24_22,0.0,100,100,0,64.66335716521189,70.9570771652119,0.017482555555555557,0.0,6.841,True,True,False,False,0.0,0.0,172.433234421365,169.13946587537095,0.0,-111.84324510385757,229.7294551928784
2025-05-24T20:00:00Z,2025-05-24T20:15:00Z,2025-05-24,2025-05-24_23,82.0,18,100,0,70.9570771652119,47.24434890434233,0.06586868961352657,1.31571,0.0,True,True,False,False,2670.9449999999997,0.0,31.037982195845697,169.13946587537095,278.2694115133531,0.0,3149.3918595845694
2025-05-24T20:15:00Z,2025-05-24T20:30:00Z,2025-05-24,2025-05-24_23,82.0,18,100,0,47.24434890434233,24.968830608690155,0.06194221971014493,0.063,0.0715,True,True,False,False,2670.9449999999997,0.0,31.037982195845697,169.13946587537095,8.136496735905045,-5.084477448071216,2874.17446735905
2025-05-24T20:30:00Z,2025-05-24T20:45:00Z,2025-05-24,2025-05-24_23,82.0,18,100,0,24.968830608690155,9.999999999994504,0.047946485024154585,0.0,6.92,True,True,False,False,2670.9449999999997,0.0,31.037982195845697,169.13946587537095,0.0,4553.164241345204,7424.28668941642
2025-05-24T20:45:00Z,2025-05-24T21:00:00Z,2025-05-24,2025-05-24_23,82.0,18,100,0,9.999999999994504,13.23581833042929,0.013224555748792267,0.0,24.1445,True,True,False,False,2670.9449999999997,0.0,31.037982195845697,169.13946587537095,0.0,21488.84381800198,24359.966266073196
2025-05-24T21:00:00Z,2025-05-24T21:15:00Z,2025-05-25,2025-05-24_24,5.0,95,100,0,13.23581833042929,11.70646589564668,0.01837544009661836,2.64195,2.9095,True,True,False,False,127.52499999999999,0.0,164.20623145400594,169.13946587537095,475.6231244510386,929.9038272997033,1866.3976490801188
2025-05-24T21:15:00Z,2025-05-24T21:30:00Z,2025-05-25,2025-05-24_24,5.0,95,100,0,11.70646589564668,10.121442547820592,0.004555792632850241,0.23512499999999997,0.0315,True,True,False,False,127.52499999999999,0.0,164.20623145400594,169.13946587537095,30.233679525222552,-2.4678551928783383,488.6365216617211
2025-05-24T21:30:00Z,2025-05-24T21:45:00Z,2025-05-25,2025-05-24_24,5.0,95,100,0,10.121442547820592,18.55062080869016,0.027811727053140098,0.0057,10.55,True,True,False,False,127.52499999999999,0.0,164.20623145400594,169.13946587537095,0.7329376854599408,5786.536211671613,6248.13984668645
2025-05-24T21:45:00Z,2025-05-24T22:00:00Z,2025-05-25,2025-05-24_24,5.0,95,100,0,18.55062080869016,28.376195591298853,0.0312040422705314,0.0,12.0475,True,True,False,False,127.52499999999999,0.0,164.20623145400594,169.13946587537095,0.0,3855.2977146389717,4316.168411968349
2025-05-24T22:00:00Z,2025-05-24T22:15:00Z,2025-05-25,2025-05-25_1,36.98105759519374,63,100,0,28.376195591298853,19.300383759104488,0.028441219494620966,0.010395,1.003,True,True,False,False,823.0134367810366,0.0,108.8946587537092,169.13946587537095,1.336646884272997,-36.35125974282888,1066.0329485515608
2025-05-24T22:15:00Z,2025-05-24T22:30:00Z,2025-05-25,2025-05-25_1,36.98105759519374,63,100,0,19.300383759104488,14.586461786847124,0.030598579206215233,0.0,5.4345,True,True,False,False,823.0134367810366,0.0,108.8946587537092,169.13946587537095,0.0,1526.552662611276,2627.600224021393
2025-05-24T22:30:00Z,2025-05-24T22:45:00Z,2025-05-25,2025-05-25_1,36.98105759519374,63,100,0,14.586461786847124,14.837210562291569,0.03309626315158894,0.0,10.4915,True,True,False,False,823.0134367810366,0.0,108.8946587537092,169.13946587537095,0.0,57.961645994065286,1159.009207404182
2025-05-24T22:45:00Z,2025-05-24T23:00:00Z,2025-05-25,2025-05-25_1,36.98105759519374,63,100,0,14.837210562291569,12.962978156521745,0.03202720305671818,0.0,8.327,True,True,False,False,823.0134367810366,0.0,108.8946587537092,169.13946587537095,0.0,-23.844376854599407,1077.2031845555173
2025-05-24T23:00:00Z,2025-05-24T23:15:00Z,2025-05-25,2025-05-25_2,6.000000000000019,94,100,0,12.962978156521745,11.468127547826088,0.005185318357487936,0.05922,0.215,True,True,False,False,88.83000000000027,0.0,162.47774480712167,169.13946587537095,7.614836795252226,-10.872407517309595,417.1896399604355
2025-05-24T23:15:00Z,2025-05-24T23:30:00Z,2025-05-25,2025-05-25_2,6.000000000000019,94,100,0,11.468127547826088,9.999999999999995,0.004995780966183588,0.014099999999999998,0.191,True,True,False,False,88.83000000000027,0.0,162.47774480712167,169.13946587537095,1.8130563798219583,-10.494571513353117,411.76569554896173
2025-05-24T23:30:00Z,2025-05-24T23:45:00Z,2025-05-25,2025-05-25_2,6.000000000000019,94,100,0,9.999999999999995,10.07149704347825,0.008593530434782622,0.0,1.83,True,True,False,False,88.83000000000027,0.0,162.47774480712167,169.13946587537095,0.0,-52.72934124629081,367.7178694362021
2025-05-24T23:45:00Z,2025-05-25T00:00:00Z,2025-05-25,2025-05-25_2,6.000000000000019,94,100,0,10.07149704347825,11.302260765217374,0.011362085217391316,0.0,3.0765,True,True,False,False,88.83000000000027,0.0,162.47774480712167,169.13946587537095,0.0,-97.8156590504451,322.6315516320478
2025-05-25T00:00:00Z,2025-05-25T00:15:00Z,2025-05-25,2025-05-25_3,7.999999999999987,92,100,0,11.302260765217374,10.311643860869552,0.008728238067632841,0.00276,1.271,True,True,False,False,51.83999999999992,0.0,159.0207715133531,169.13946587537095,0.3172389317507418,-44.81437883283878,335.50309748763596
2025-05-25T00:15:00Z,2025-05-25T00:30:00Z,2025-05-25,2025-05-25_3,7.999999999999987,92,100,0,10.311643860869552,10.196248626086948,0.010691293429951683,0.0,2.2055,True,True,False,False,51.83999999999992,0.0,159.0207715133531,169.13946587537095,0.0,-60.84125895153314,319.15897843719085
2025-05-25T00:30:00Z,2025-05-25T00:45:00Z,2025-05-25,2025-05-25_3,7.999999999999987,92,100,0,10.196248626086948,10.926007721739126,0.01260150473429951,0.0,3.111,True,True,False,False,51.83999999999992,0.0,159.0207715133531,169.13946587537095,0.0,-52.634673590504455,327.3655637982195
2025-05-25T00:45:00Z,2025-05-25T01:00:00Z,2025-05-25,2025-05-25_3,7.999999999999987,92,100,0,10.926007721739126,10.072530017391301,0.009536958067632842,0.09383999999999999,1.524,True,True,False,False,51.83999999999992,0.0,159.0207715133531,169.13946587537095,10.786123679525222,-55.138048664688434,335.64831240356074
2025-05-25T01:00:00Z,2025-05-25T01:15:00Z,2025-05-25,2025-05-25_4,0.0,100,100,0,10.072530017391301,10.751030017391301,0.0018847222222222225,0.0,0.7375,True,True,False,False,0.0,0.0,173.2344213649852,169.13946587537095,0.0,-29.90500494559842,312.4688822947577
2025-05-25T01:15:00Z,2025-05-25T01:30:00Z,2025-05-25,2025-05-25_4,0.0,100,100,0,10.751030017391301,12.390010017391301,0.004552722222222223,0.0,1.7815,True,True,False,False,0.0,0.0,173.2344213649852,169.13946587537095,0.0,-64.1424581602374,278.23142908011874
2025-05-25T01:30:00Z,2025-05-25T01:45:00Z,2025-05-25,2025-05-25_4,0.0,100,100,0,12.390010017391301,13.066256104347824,0.0019599830917874394,0.0135,0.751,True,True,False,False,0.0,0.0,173.2344213649852,169.13946587537095,1.3382492581602377,-30.613761028684472,313.0983754698319
2025-05-25T01:45:00Z,2025-05-25T02:00:00Z,2025-05-25,2025-05-25_4,0.0,100,100,0,13.066256104347824,14.66121088695652,0.004608570048309179,0.029499999999999995,1.7685,True,True,False,False,0.0,0.0,173.2344213649852,169.13946587537095,2.924322453016815,-30.946126112759643,314.35208358061334
2025-05-25T02:00:00Z,2025-05-25T02:15:00Z,2025-05-25,2025-05-25_5,6.9014290036019665e-15,100,100,0,14.66121088695652,15.71473697391304,0.002938538647343,0.002,1.1475,True,True,False,False,1.3802858007203933e-14,0.0,173.2344213649852,169.13946587537095,0.19403758654797232,-41.27526854599407,301.2926562809101
2025-05-25T02:15:00Z,2025-05-25T02:30:00Z,2025-05-25,2025-05-25_5,6.9014290036019665e-15,100,100,0,15.71473697391304,15.898701321739123,0.0006287657004830971,0.0195,0.22300000000000003,True,True,False,False,1.3802858007203933e-14,0.0,173.2344213649852,169.13946587537095,1.8918664688427302,-12.251236201780419,332.0145175074185
2025-05-25T02:30:00Z,2025-05-25T02:45:00Z,2025-05-25,2025-05-25_5,6.9014290036019665e-15,100,100,0,15.898701321739123,20.754921321739126,0.013489500000000005,0.0,5.2785,True,True,False,False,1.3802858007203933e-14,0.0,173.2344213649852,169.13946587537095,0.0,-88.79261928783383,253.58126795252232
2025-05-25T02:45:00Z,2025-05-25T03:00:00Z,2025-05-25,2025-05-25_5,6.9014290036019665e-15,100,100,0,20.754921321739126,21.918470886956513,0.0032411400966183626,0.0015,1.2665,True,True,False,False,1.3802858007203933e-14,0.0,173.2344213649852,169.13946587537095,0.14552818991097924,-49.274992680514345,293.2444227497528
2025-05-25T03:00:00Z,2025-05-25T03:15:00Z,2025-05-25,2025-05-25_6,0.0,100,100,0,21.918470886956513,22.395032626086948,0.0013569951690821254,0.0055,0.5245,True,True,False,False,0.0,0.0,173.2344213649852,169.13946587537095,0.5248664688427299,-22.905034322453016,319.99371938674585
2025-05-25T03:15:00Z,2025-05-25T03:30:00Z,2025-05-25,2025-05-25_6,0.0,100,100,0,22.395032626086948,24.34439175652173,0.005502446859903382,0.0145,2.136,True,True,False,False,0.0,0.0,173.2344213649852,169.13946587537095,1.3837388724035609,-19.489362611275965,324.2682635014837
2025-05-25T03:30:00Z,2025-05-25T03:45:00Z,2025-05-25,2025-05-25_6,0.0,100,100,0,24.34439175652173,27.30771175652173,0.008231444444444446,0.0,3.221,True,True,False,False,0.0,0.0,173.2344213649852,169.13946587537095,0.0,-91.26166666666667,251.11222057368946
2025-05-25T03:45:00Z,2025-05-25T04:00:00Z,2025-05-25,2025-05-25_6,0.0,100,100,0,27.30771175652173,39.21987175652173,0.03308933333333333,0.0,12.948,True,True,False,False,0.0,0.0,173.2344213649852,169.13946587537095,0.0,6881.184503264094,7223.5583905044505
2025-05-25T04:00:00Z,2025-05-25T04:15:00Z,2025-05-25,2025-05-25_7,-8.879134423851842e-14,100,100,0,39.21987175652173,44.43535175652175,0.0144874444444445,0.0,5.669,True,True,False,False,-3.2852797368251815e-14,0.0,172.8486646884273,168.27893175074183,0.0,9.245348367952522,350.37294480712166
2025-05-25T04:15:00Z,2025-05-25T04:30:00Z,2025-05-25,2025-05-25_7,-8.879134423851842e-14,100,100,0,44.43535175652175,45.2157282782609,0.0023096207729469166,0.0235,0.876,True,True,False,False,-3.2852797368251815e-14,0.0,172.8486646884273,168.27893175074183,2.1267616221562813,-34.679029080118696,308.57532898120667
2025-05-25T04:30:00Z,2025-05-25T04:45:00Z,2025-05-25,2025-05-25_7,-8.879134423851842e-14,100,100,0,45.2157282782609,47.50100827826092,0.006348000000000057,0.0,2.484,True,True,False,False,-3.2852797368251815e-14,0.0,172.8486646884273,168.27893175074183,0.0,-60.04695311572701,281.0806433234421
2025-05-25T04:45:00Z,2025-05-25T05:00:00Z,2025-05-25,2025-05-25_7,-8.879134423851842e-14,100,100,0,47.50100827826092,51.67412827826094,0.011592000000000057,0.0,4.536,True,True,False,False,-3.2852797368251815e-14,0.0,172.8486646884273,168.27893175074183,0.0,-123.86016854599406,217.26742789317504
2025-05-25T05:00:00Z,2025-05-25T05:15:00Z,2025-05-25,2025-05-25_8,0.0,100,100,0,51.67412827826094,51.6725213217392,0.0012515748792270532,0.208,0.244,True,True,False,False,0.0,0.0,172.8486646884273,168.27893175074183,18.80970128585559,-10.0583509396637,349.87894678536105
2025-05-25T05:15:00Z,2025-05-25T05:30:00Z,2025-05-25,2025-05-25_8,0.0,100,100,0,51.6725213217392,51.66259610434789,0.000497792270531401,0.087,0.092,True,True,False,False,0.0,0.0,172.8486646884273,168.27893175074183,7.867519287833828,-4.625115727002967,344.37
2025-05-25T05:30:00Z,2025-05-25T05:45:00Z,2025-05-25,2025-05-25_8,0.0,100,100,0,51.66259610434789,62.853016104347894,0.031084500000000004,0.0,12.1635,True,True,False,False,0.0,0.0,172.8486646884273,168.27893175074183,0.0,219.9295548961425,561.0571513353116
2025-05-25T05:45:00Z,2025-05-25T06:00:00Z,2025-05-25,2025-05-25_8,0.0,100,100,0,62.853016104347894,68.04181610434789,0.014413333333333332,0.0,5.64,True,True,False,False,0.0,0.0,172.8486646884273,168.27893175074183,0.0,-73.50074777448071,267.6268486646884
2025-05-25T06:00:00Z,2025-05-25T06:15:00Z,2025-05-25,2025-05-25_9,-97.41565262759924,0,0,0,68.04181610434789,90.44741620869571,0.06223777806763285,0.0,0.0,True,False,False,False,-88.16116562797731,0.0,0.0,0.0,0.0,0.0,-88.16116562797731
2025-05-25T06:15:00Z,2025-05-25T06:30:00Z,2025-05-25,2025-05-25_9,-97.41565262759924,0,0,0,90.44741620869571,112.85301631304354,0.06223777806763285,0.0,0.0,True,False,False,False,-88.16116562797731,0.0,0.0,0.0,0.0,0.0,-88.16116562797731
2025-05-25T06:30:00Z,2025-05-25T06:45:00Z,2025-05-25,2025-05-25_9,-97.41565262759924,0,0,0,112.85301631304354,135.25861641739135,0.06223777806763285,0.0,0.0,True,False,False,False,-88.16116562797731,0.0,0.0,0.0,0.0,0.0,-88.16116562797731
2025-05-25T06:45:00Z,2025-05-25T07:00:00Z,2025-05-25,2025-05-25_9,-97.41565262759924,0,0,0,135.25861641739135,157.66421652173918,0.06223777806763285,0.0,0.0,True,False,False,False,-88.16116562797731,0.0,0.0,0.0,0.0,0.0,-88.16116562797731
2025-05-25T07:00:00Z,2025-05-25T07:15:00Z,2025-05-25,2025-05-25_10,0.0,100,100,0,157.66421652173918,164.5448965217392,0.019112999999999998,0.0,7.478999999999999,True,True,False,False,0.0,0.0,172.8486646884273,169.13946587537095,0.0,5303.114038575668,5645.102169139466
2025-05-25T07:15:00Z,2025-05-25T07:30:00Z,2025-05-25,2025-05-25_10,0.0,100,100,0,164.5448965217392,167.13940086956526,0.007602487922705315,0.0655,2.8975,True,True,False,False,0.0,0.0,172.8486646884273,169.13946587537095,6.060726013847677,109.3638590504451,457.412715628091
2025-05-25T07:30:00Z,2025-05-25T07:45:00Z,2025-05-25,2025-05-25_10,0.0,100,100,0,167.13940086956526,181.18458086956525,0.03901438888888889,0.0,15.266499999999999,True,True,False,False,0.0,0.0,172.8486646884273,169.13946587537095,0.0,11230.481351632048,11572.469482195847
2025-05-25T07:45:00Z,2025-05-25T08:00:00Z,2025-05-25,2025-05-25_10,0.0,100,100,0,181.18458086956525,189.27552086956524,0.022474833333333333,0.0,8.7945,True,True,False,False,0.0,0.0,172.8486646884273,169.13946587537095,0.0,245.55183471810085,587.5399652818991
2025-05-25T08:00:00Z,2025-05-25T08:15:00Z,2025-05-25,2025-05-25_11,1.445666132775787e-13,100,100,0,189.27552086956524,188.30190260869566,0.0027453840579711236,0.9025,0.008,True,True,False,False,4.4309666969577874e-13,0.0,172.8486646884273,169.55489614243325,91.34639020771515,-0.6172106824925817,433.13274035608356
2025-05-25T08:15:00Z,2025-05-25T08:30:00Z,2025-05-25,2025-05-25_11,1.445666132775787e-13,100,100,0,188.30190260869566,184.35570695652171,0.01096165458937209,3.6305000000000005,0.0,True,True,False,False,4.4309666969577874e-13,0.0,172.8486646884273,169.55489614243325,393.6661393669635,0.0,736.0697001978244
2025-05-25T08:30:00Z,2025-05-25T08:45:00Z,2025-05-25,2025-05-25_11,1.445666132775787e-13,100,100,0,184.35570695652171,186.96931999999995,0.007613297101449362,0.0585,2.91,True,True,False,False,4.4309666969577874e-13,0.0,172.8486646884273,169.55489614243325,5.89435816023739,-32.83320474777448,315.4647142433239
2025-05-25T08:45:00Z,2025-05-25T09:00:00Z,2025-05-25,2025-05-25_11,1.445666132775787e-13,100,100,0,186.96931999999995,188.15767217391297,0.0033945772946860895,0.0155,1.31,True,True,False,False,4.4309666969577874e-13,0.0,172.8486646884273,169.55489614243325,1.5392373887240356,-34.44665084075174,309.4961473788333
2025-05-25T09:00:00Z,2025-05-25T09:15:00Z,2025-05-25,2025-05-25_12,0.0,100,100,0,188.15767217391297,188.22577999999993,0.0007205893719806763,0.088,0.178,True,True,False,False,0.0,0.0,173.2344213649852,193.5311572700297,9.402456181998021,-8.530161424332345,367.63787339268055
2025-05-25T09:15:00Z,2025-05-25T09:30:00Z,2025-05-25,2025-05-25_12,0.0,100,100,0,188.22577999999993,189.99355999999992,0.0049105,0.0,1.9215,True,True,False,False,0.0,0.0,173.2344213649852,193.5311572700297,0.0,-73.78521988130564,292.98035875370925
2025-05-25T09:30:00Z,2025-05-25T09:45:00Z,2025-05-25,2025-05-25_12,0.0,100,100,0,189.99355999999992,186.73315217391297,0.009092466183574878,3.0055,0.007000000000000001,True,True,False,False,0.0,0.0,173.2344213649852,193.5311572700297,332.57893867457966,-0.322452818991098,699.0220644906035
2025-05-25T09:45:00Z,2025-05-25T10:00:00Z,2025-05-25,2025-05-25_12,0.0,100,100,0,186.73315217391297,183.23532608695646,0.009716183574879226,3.218,0.0,True,True,False,False,0.0,0.0,173.2344213649852,193.5311572700297,356.0935034619189,0.0,722.8590820969338
2025-05-25T10:00:00Z,2025-05-25T10:15:00Z,2025-05-25,2025-05-25_13,100.0,0,100,0,183.23532608695646,156.0614130434782,0.07548309178743962,0.0,0.0,True,True,False,False,750.0,0.0,0.0,193.5311572700297,0.0,0.0,943.5311572700297
2025-05-25T10:15:00Z,2025-05-25T10:30:00Z,2025-05-25,2025-05-25_13,100.0,0,100,0,156.0614130434782,129.45217391304345,0.07391455314009661,0.0,0.5195,True,True,False,False,750.0,0.0,0.0,193.5311572700297,0.0,-22.572711770524236,920.9584454995055
2025-05-25T10:30:00Z,2025-05-25T10:45:00Z,2025-05-25,2025-05-25_13,100.0,0,100,0,129.45217391304345,102.52934782608692,0.07478562801932366,0.0,0.231,True,True,False,False,750.0,0.0,0.0,193.5311572700297,0.0,-11.926820178041543,931.6043370919881
2025-05-25T10:45:00Z,2025-05-25T11:00:00Z,2025-05-25,2025-05-25_13,100.0,0,100,0,102.52934782608692,80.66249999999997,0.06074124396135266,0.0,4.8825,True,True,False,False,750.0,0.0,0.0,193.5311572700297,0.0,-17.01486053412463,926.516296735905
2025-05-25T11:00:00Z,2025-05-25T11:15:00Z,2025-05-25,2025-05-25_14,0.0,100,100,0,80.66249999999997,85.24823999999997,0.012738166666666668,0.0,4.9845,True,True,False,False,0.0,0.0,173.59050445103858,193.5311572700297,0.0,-92.80734718100891,274.3143145400594
2025-05-25T11:15:00Z,2025-05-25T11:30:00Z,2025-05-25,2025-05-25_14,0.0,100,100,0,85.24823999999997,85.37458869565215,0.0006559202898550725,0.0505,0.197,True,True,False,False,0.0,0.0,173.59050445103858,193.5311572700297,5.392960435212662,-11.717700296735906,360.796921859545
2025-05-25T11:30:00Z,2025-05-25T11:45:00Z,2025-05-25,2025-05-25_14,0.0,100,100,0,85.37458869565215,85.31360695652172,0.0004223937198067633,0.098,0.0495,True,True,False,False,0.0,0.0,173.59050445103858,193.5311572700297,10.465546983184968,-3.82126290801187,373.7659457962414
2025-05-25T11:45:00Z,2025-05-25T12:00:00Z,2025-05-25,2025-05-25_14,0.0,100,100,0,85.31360695652172,83.84684782608694,0.004171442028985506,1.3655,0.019,True,True,False,False,0.0,0.0,173.59050445103858,193.5311572700297,145.82351434223543,-1.5014848664688427,511.4436911968349
2025-05-25T12:00:00Z,2025-05-25T12:15:00Z,2025-05-25,2025-05-25_15,-99.8633897826086,0,0,0,83.84684782608694,106.81542747608692,0.06380161013888884,0.0,0.0,True,False,False,False,-251.9054007266302,0.0,0.0,0.0,0.0,0.0,-251.9054007266302
2025-05-25T12:15:00Z,2025-05-25T12:30:00Z,2025-05-25,2025-05-25_15,-99.8633897826086,0,0,0,106.81542747608692,129.78400712608692,0.06380161013888884,0.0,0.0,True,False,False,False,-251.9054007266302,0.0,0.0,0.0,0.0,0.0,-251.9054007266302
2025-05-25T12:30:00Z,2025-05-25T12:45:00Z,2025-05-25,2025-05-25_15,-99.8633897826086,0,0,0,129.78400712608692,152.7525867760869,0.06380161013888884,0.0,0.0,True,False,False,False,-251.9054007266302,0.0,0.0,0.0,0.0,0.0,-251.9054007266302
2025-05-25T12:45:00Z,2025-05-25T13:00:00Z,2025-05-25,2025-05-25_15,-99.8633897826086,0,0,0,152.7525867760869,175.72116642608688,0.06380161013888884,0.0,0.0,True,False,False,False,-251.9054007266302,0.0,0.0,0.0,0.0,0.0,-251.9054007266302
2025-05-25T13:00:00Z,2025-05-25T13:15:00Z,2025-05-25,2025-05-25_16,0.0,100,100,0,175.72116642608688,167.870622947826,0.021807065217391303,7.2225,0.0,True,True,False,False,0.0,0.0,173.2344213649852,190.80118694362017,2553.393071216617,0.0,2917.4286795252224
2025-05-25T13:15:00Z,2025-05-25T13:30:00Z,2025-05-25,2025-05-25_16,0.0,100,100,0,167.870622947826,161.29997077391297,0.0182518115942029,6.045,0.0,True,True,False,False,0.0,0.0,173.2344213649852,190.80118694362017,1152.9949584569733,0.0,1517.0305667655787
2025-05-25T13:30:00Z,2025-05-25T13:45:00Z,2025-05-25,2025-05-25_16,0.0,100,100,0,161.29997077391297,158.4907316434782,0.0078034420289855065,2.5845,0.0,True,True,False,False,0.0,0.0,173.2344213649852,190.80118694362017,262.71915430267063,0.0,626.754762611276
2025-05-25T13:45:00Z,2025-05-25T14:00:00Z,2025-05-25,2025-05-25_16,0.0,100,100,0,158.4907316434782,154.74344903478254,0.010409118357487921,3.4475,0.0,True,True,False,False,0.0,0.0,173.2344213649852,190.80118694362017,360.49119634025715,0.0,724.5268046488625
2025-05-25T14:00:00Z,2025-05-25T14:15:00Z,2025-05-25,2025-05-25_17,-61.0,100,39,0,154.74344903478254,168.44779058260863,0.03886245236714976,0.3375,0.007409999999999999,True,True,False,False,-93.94,0.0,172.8486646884273,65.96439169139467,32.12292284866469,-0.5774772047477744,176.41850202373888
2025-05-25T14:15:00Z,2025-05-25T14:30:00Z,2025-05-25,2025-05-25_17,-61.0,100,39,0,168.44779058260863,179.8998017391304,0.0379849645652174,2.6215,0.004875,True,True,False,False,-93.94,0.0,172.8486646884273,65.96439169139467,281.33128991097925,-0.3857566765578635,425.81858961424336
2025-05-25T14:30:00Z,2025-05-25T14:45:00Z,2025-05-25,2025-05-25_17,-61.0,100,39,0,179.8998017391304,181.12333217391298,0.03401463768115942,13.0,0.0,True,True,False,False,-93.94,0.0,172.8486646884273,65.96439169139467,8253.966172106826,0.0,8398.839228486648
2025-05-25T14:45:00Z,2025-05-25T15:00:00Z,2025-05-25,2025-05-25_17,-61.0,100,39,0,181.12333217391298,178.39409652173907,0.032484460144927535,17.0125,0.0,True,True,False,False,-93.94,0.0,172.8486646884273,65.96439169139467,18131.034013353117,0.0,18275.90706973294
2025-05-25T15:00:00Z,2025-05-25T15:15:00Z,2025-05-25,2025-05-25_18,0.0,100,100,0,178.39409652173907,186.24915999999996,0.022997157004830918,0.195,8.7685,True,True,False,False,0.0,0.0,172.8486646884273,169.13946587537095,20.77608308605342,1439.012325222552,1801.7765388724035
2025-05-25T15:15:00Z,2025-05-25T15:30:00Z,2025-05-25,2025-05-25_18,0.0,100,100,0,186.24915999999996,189.93421999999995,0.010236277777777778,0.0,4.0055,True,True,False,False,0.0,0.0,172.8486646884273,169.13946587537095,0.0,-90.98546735905045,251.00266320474782
2025-05-25T15:30:00Z,2025-05-25T15:45:00Z,2025-05-25,2025-05-25_18,0.0,100,100,0,189.93421999999995,188.35923913043473,0.004740391304347826,1.5095,0.0715,True,True,False,False,0.0,0.0,172.8486646884273,169.13946587537095,160.82819188921863,-5.486249455984175,497.3300729970327
2025-05-25T15:45:00Z,2025-05-25T16:00:00Z,2025-05-25,2025-05-25_18,0.0,100,100,0,188.35923913043473,176.2565217391304,0.03361865942028985,11.1345,0.0,True,True,False,False,0.0,0.0,172.8486646884273,169.13946587537095,5375.311484569732,0.0,5717.29961513353
2025-05-25T16:00:00Z,2025-05-25T16:15:00Z,2025-05-25,2025-05-25_19,-48.99999999999996,100,51,0,176.2565217391304,182.84199888695647,0.03266907903381641,4.668,0.00816,True,True,False,False,-833.3674999999993,0.0,172.8486646884273,86.04925816023739,932.0356890207717,-0.6376261127596441,356.92848575667745
2025-05-25T16:15:00Z,2025-05-25T16:30:00Z,2025-05-25,2025-05-25_19,-48.99999999999996,100,51,0,182.84199888695647,189.9641228869565,0.03249826111111109,4.1285,0.00204,True,True,False,False,-833.3674999999993,0.0,172.8486646884273,86.04925816023739,647.3332823936697,-0.16142433234421366,72.70228090999093
2025-05-25T16:30:00Z,2025-05-25T16:45:00Z,2025-05-25,2025-05-25_19,-48.99999999999996,100,51,0,189.9641228869565,183.55658806956518,0.03636415449275364,17.587,0.0,True,True,False,False,-833.3674999999993,0.0,172.8486646884273,86.04925816023739,14734.614743422355,0.0,14160.14516627102
2025-05-25T16:45:00Z,2025-05-25T17:00:00Z,2025-05-25,2025-05-25_19,-48.99999999999996,100,51,0,183.55658806956518,176.86710928695646,0.03644483550724639,17.8675,0.0,True,True,False,False,-833.3674999999993,0.0,172.8486646884273,86.04925816023739,12461.992735905043,0.0,11887.52315875371
2025-05-25T17:00:00Z,2025-05-25T17:15:00Z,2025-05-25,2025-05-25_20,0.0,100,100,0,176.86710928695646,171.44210928695645,0.015069444444444444,4.991,0.0,True,True,False,False,0.0,0.0,172.433234421365,168.7240356083086,901.8050799208704,0.0,1242.962349950544
2025-05-25T17:15:00Z,2025-05-25T17:30:00Z,2025-05-25,2025-05-25_20,0.0,100,100,0,171.44210928695645,162.04428319999994,0.026105072463768118,8.646,0.0,True,True,False,False,0.0,0.0,172.433234421365,168.7240356083086,2885.4276130563803,0.0,3226.584883086054
2025-05-25T17:30:00Z,2025-05-25T17:45:00Z,2025-05-25,2025-05-25_20,0.0,100,100,0,162.04428319999994,151.47417450434776,0.02936141304347826,9.7245,0.0,True,True,False,False,0.0,0.0,172.433234421365,168.7240356083086,2860.2303454005937,0.0,3201.3876154302675
2025-05-25T17:45:00Z,2025-05-25T18:00:00Z,2025-05-25,2025-05-25_20,0.0,100,100,0,151.47417450434776,135.0018918956521,0.04575634057971015,15.1545,0.0,True,True,False,False,0.0,0.0,172.433234421365,168.7240356083086,8626.14226083086,0.0,8967.299530860533
2025-05-25T18:00:00Z,2025-05-25T18:15:00Z,2025-05-25,2025-05-25_21,89.00000000000003,11,100,0,135.0018918956521,110.06498428695645,0.06926918780193239,0.691955,0.0,True,True,False,False,2589.0100000000007,0.0,18.96765578635015,168.7240356083086,135.52188490603362,0.0,2912.223576300693
2025-05-25T18:15:00Z,2025-05-25T18:30:00Z,2025-05-25,2025-05-25_21,89.00000000000003,11,100,0,110.06498428695645,85.86132518260862,0.06723575973429952,0.023265,0.006,True,True,False,False,2589.0100000000007,0.0,18.96765578635015,168.7240356083086,2.991543026706232,-0.47477744807121663,2779.2184569732945
2025-05-25T18:30:00Z,2025-05-25T18:45:00Z,2025-05-25,2025-05-25_21,89.00000000000003,11,100,0,85.86132518260862,61.17024366086948,0.0685863375603865,0.46579499999999996,0.0,True,True,False,False,2589.0100000000007,0.0,18.96765578635015,168.7240356083086,84.53511195845697,0.0,2861.2368033531166
2025-05-25T18:45:00Z,2025-05-25T19:00:00Z,2025-05-25,2025-05-25_21,89.00000000000003,11,100,0,61.17024366086948,37.01561662608686,0.06712120509661838,0.016005,0.0445,True,True,False,False,2589.0100000000007,0.0,18.96765578635015,168.7240356083086,2.0580118694362017,-3.454995845697329,2775.3047074183983
2025-05-25T19:00:00Z,2025-05-25T19:15:00Z,2025-05-25,2025-05-25_22,0.0,100,100,0,37.01561662608686,27.616160104347728,0.026109601449275363,8.6475,0.0,True,True,False,False,0.0,0.0,172.433234421365,169.13946587537095,3495.0765830860537,0.0,3836.6492833827897
2025-05-25T19:15:00Z,2025-05-25T19:30:00Z,2025-05-25,2025-05-25_22,0.0,100,100,0,27.616160104347728,19.491160104347728,0.022569444444444444,7.475,0.0,True,True,False,False,0.0,0.0,172.433234421365,169.13946587537095,1462.809441147379,0.0,1804.382141444115
2025-05-25T19:30:00Z,2025-05-25T19:45:00Z,2025-05-25,2025-05-25_22,0.0,100,100,0,19.491160104347728,17.556674017391206,0.0054476835748792285,1.7920000000000003,0.0145,True,True,False,False,0.0,0.0,172.433234421365,169.13946587537095,303.41307378832846,-0.8030676557863502,644.182706429278
2025-05-25T19:45:00Z,2025-05-25T20:00:00Z,2025-05-25,2025-05-25_22,0.0,100,100,0,17.556674017391206,17.967040104347728,0.001221427536231884,0.0135,0.462,True,True,False,False,0.0,0.0,172.433234421365,169.13946587537095,1.7359050445103859,-16.547642729970327,326.760962611276
2025-05-25T20:00:00Z,2025-05-25T20:15:00Z,2025-05-25,2025-05-25_23,4.608546130324134,95,100,0,17.967040104347728,13.347122245175472,0.014356718663674706,3.3649,0.3125,True,True,False,False,121.22780595817635,0.0,163.81157270029675,169.13946587537095,609.6599708011869,-11.461115232443127,1052.3777001025878
2025-05-25T20:15:00Z,2025-05-25T20:30:00Z,2025-05-25,2025-05-25_23,4.608546130324134,95,100,0,13.347122245175472,11.48762601410913,0.005165267308517613,0.5586,0.0,True,True,False,False,121.22780595817635,0.0,163.81157270029675,169.13946587537095,71.82789317507418,0.0,526.0067377089182
2025-05-25T20:30:00Z,2025-05-25T20:45:00Z,2025-05-25,2025-05-25_23,4.608546130324134,95,100,0,11.48762601410913,10.105874377384346,0.0041185438747747315,0.16815,0.057499999999999996,True,True,False,False,121.22780595817635,0.0,163.81157270029675,169.13946587537095,21.62166172106825,-3.9039599406528187,471.89654631425947
2025-05-25T20:45:00Z,2025-05-25T21:00:00Z,2025-05-25,2025-05-25_23,4.608546130324134,95,100,0,10.105874377384346,9.999999999999922,0.006400738397958263,0.014249999999999999,1.2525,True,True,False,False,121.22780595817635,0.0,163.81157270029675,169.13946587537095,1.8323442136498516,-13.389237388724036,442.6219513587699
2025-05-25T21:00:00Z,2025-05-25T21:15:00Z,2025-05-26,2025-05-25_24,-99.62645912888358,100,0,0,9.999999999999922,15.328792933014196,0.015233071610403798,19.1015,0.0,True,True,False,False,-2397.261672788761,0.0,172.8486646884273,0.0,22345.928507022752,0.0,20121.515498922417
2025-05-25T21:15:00Z,2025-05-25T21:30:00Z,2025-05-26,2025-05-25_24,-99.62645912888358,100,0,0,15.328792933014196,22.30780376016937,0.019776577112759184,17.309,0.0,True,True,False,False,-2397.261672788761,0.0,172.8486646884273,0.0,17578.2260007913,0.0,15353.812992690966
2025-05-25T21:30:00Z,2025-05-25T21:45:00Z,2025-05-26,2025-05-25_24,-99.62645912888358,100,0,0,22.30780376016937,43.60435360527672,0.05919671522859237,1.757,0.0,True,True,False,False,-2397.261672788761,0.0,172.8486646884273,0.0,279.5360931750742,0.0,-1944.8769149252596
2025-05-25T21:45:00Z,2025-05-25T22:00:00Z,2025-05-26,2025-05-25_24,-99.62645912888358,100,0,0,43.60435360527672,62.16619089554695,0.051667296486753216,4.7275,0.0,True,True,False,False,-2397.261672788761,0.0,172.8486646884273,0.0,854.0436834817014,0.0,-1370.3693246186326
2025-05-25T22:00:00Z,2025-05-25T22:15:00Z,2025-05-26,2025-05-26_1,-3.811151195243169e-14,100,100,0,62.16619089554695,56.9862178520687,0.014424591787439623,4.7715,0.007000000000000001,True,True,False,False,-9.051484088702525e-13,0.0,172.8486646884273,168.78338278931753,855.600271810089,-0.5203762611275965,1196.7119430267053
2025-05-25T22:15:00Z,2025-05-25T22:30:00Z,2025-05-26,2025-05-26_1,-3.811151195243169e-14,100,100,0,56.9862178520687,47.623174373807835,0.026008454106280204,8.614,0.0,True,True,False,False,-9.051484088702525e-13,0.0,172.8486646884273,168.78338278931753,1568.6119560830864,0.0,1910.2440035608304
2025-05-25T22:30:00Z,2025-05-25T22:45:00Z,2025-05-26,2025-05-26_1,-3.811151195243169e-14,100,100,0,47.623174373807835,43.942826547720884,0.010287077294686007,3.3965,0.0125,True,True,False,False,-9.051484088702525e-13,0.0,172.8486646884273,168.78338278931753,615.633262611276,-0.9643916913946589,956.3009183976253
2025-05-25T22:45:00Z,2025-05-25T23:00:00Z,2025-05-26,2025-05-26_1,-3.811151195243169e-14,100,100,0,43.942826547720884,44.13478480859045,0.0007777826086956764,0.0405,0.2565,True,True,False,False,-9.051484088702525e-13,0.0,172.8486646884273,168.78338278931753,5.207715133531158,-11.432440949554897,335.4073216617202
2025-05-25T23:00:00Z,2025-05-25T23:15:00Z,2025-05-26,2025-05-26_2,-93.99999999999997,100,6,0,44.13478480859045,61.71890933032958,0.05042142077294685,4.3515,0.012060000000000001,True,True,False,False,-2059.3049999999994,0.0,172.8486646884273,10.148367952522255,1414.6136830860532,-0.4677395252225521,-462.16202379821914
2025-05-25T23:15:00Z,2025-05-25T23:30:00Z,2025-05-26,2025-05-26_2,-93.99999999999997,100,6,0,61.71890933032958,75.37238035641653,0.041029931594202894,8.566,0.0,True,True,False,False,-2059.3049999999994,0.0,172.8486646884273,10.148367952522255,7858.905931157271,0.0,5982.597963798221
2025-05-25T23:30:00Z,2025-05-25T23:45:00Z,2025-05-26,2025-05-26_2,-93.99999999999997,100,6,0,75.37238035641653,95.6207703042426,0.05677994792270529,1.475,0.00018,True,True,False,False,-2059.3049999999994,0.0,172.8486646884273,10.148367952522255,257.55834322453023,-0.013887240356083089,-1618.7635113748756
2025-05-25T23:45:00Z,2025-05-26T00:00:00Z,2025-05-26,2025-05-26_2,-93.99999999999997,100,6,0,95.6207703042426,117.2001007042426,0.05996341777777778,0.057499999999999996,0.01392,True,True,False,False,-2059.3049999999994,0.0,172.8486646884273,10.148367952522255,7.962686449060335,-0.6927175786350148,-1869.0379984886245
2025-05-26T00:00:00Z,2025-05-26T00:15:00Z,2025-05-26,2025-05-26_3,0.0,100,100,0,117.2001007042426,117.3521154868513,0.0005309589371980676,0.018,0.1865,True,True,False,False,0.0,0.0,172.8486646884273,169.13946587537095,2.3887228486646883,-8.843604945598418,335.5332484668645
2025-05-26T00:15:00Z,2025-05-26T00:30:00Z,2025-05-26,2025-05-26_3,0.0,100,100,0,117.3521154868513,117.44863896511218,0.0004039903381642512,0.0225,0.1315,True,True,False,False,0.0,0.0,172.8486646884273,169.13946587537095,2.8931750741839766,-6.407522848664689,338.4737827893175
2025-05-26T00:30:00Z,2025-05-26T00:45:00Z,2025-05-26,2025-05-26_3,0.0,100,100,0,117.44863896511218,118.23980157380784,0.002282214975845411,0.014000000000000002,0.8765000000000001,True,True,False,False,0.0,0.0,172.8486646884273,169.13946587537095,1.8941653808110785,-14.272298318496539,329.6099976261128
2025-05-26T00:45:00Z,2025-05-26T01:00:00Z,2025-05-26,2025-05-26_3,0.0,100,100,0,118.23980157380784,122.61854157380785,0.012163166666666668,0.0,4.7595,True,True,False,False,0.0,0.0,172.8486646884273,169.13946587537095,0.0,-50.99020415430267,290.99792640949556
2025-05-26T01:00:00Z,2025-05-26T01:15:00Z,2025-05-26,2025-05-26_4,0.0,100,100,0,122.61854157380785,121.89095374772089,0.003697521739130435,0.947,0.328,True,True,False,False,0.0,0.0,172.8486646884273,168.78338278931753,159.33354619188924,-9.915397823936699,491.0501958456974
2025-05-26T01:15:00Z,2025-05-26T01:30:00Z,2025-05-26,2025-05-26_4,0.0,100,100,0,121.89095374772089,119.76236244337306,0.005989420289855072,1.971,0.015,True,True,False,False,0.0,0.0,172.8486646884273,168.78338278931753,339.6596421364986,-0.9801186943620179,680.3115709198814
2025-05-26T01:30:00Z,2025-05-26T01:45:00Z,2025-05-26,2025-05-26_4,0.0,100,100,0,119.76236244337306,116.26583287815568,0.009722804347826085,3.2184999999999997,0.002,True,True,False,False,0.0,0.0,172.8486646884273,168.78338278931753,554.3753236399604,-0.09525222551928783,895.912118892186
2025-05-26T01:45:00Z,2025-05-26T02:00:00Z,2025-05-26,2025-05-26_4,0.0,100,100,0,116.26583287815568,125.87983287815568,0.026705555555555552,0.0,10.45,True,True,False,False,0.0,0.0,172.8486646884273,168.78338278931753,0.0,3781.9966073194855,4123.62865479723
2025-05-26T02:00:00Z,2025-05-26T02:15:00Z,2025-05-26,2025-05-26_5,0.0,100,100,0,125.87983287815568,130.2710885303296,0.012427400966183574,0.038,4.818,True,True,False,False,0.0,0.0,172.8486646884273,169.13946587537095,4.9653784371909,1296.5709792284865,1643.5244882294758
2025-05-26T02:15:00Z,2025-05-26T02:30:00Z,2025-05-26,2025-05-26_5,0.0,100,100,0,130.2710885303296,129.66293635641654,0.0016893115942028985,0.5595,0.0,True,True,False,False,0.0,0.0,172.8486646884273,169.13946587537095,91.3946293768546,0.0,433.3827599406528
2025-05-26T02:30:00Z,2025-05-26T02:45:00Z,2025-05-26,2025-05-26_5,0.0,100,100,0,129.66293635641654,129.84385287815567,0.0007138985507246377,0.035,0.23799999999999996,True,True,False,False,0.0,0.0,172.8486646884273,169.13946587537095,4.6834846686449065,-10.837498318496536,335.8341169139466
2025-05-26T02:45:00Z,2025-05-26T03:00:00Z,2025-05-26,2025-05-26_5,0.0,100,100,0,129.84385287815567,130.08715722598177,0.0007935990338164251,0.0195,0.2875,True,True,False,False,0.0,0.0,172.8486646884273,169.13946587537095,2.5222545994065286,-9.048941641938676,335.4614435212661
2025-05-26T03:00:00Z,2025-05-26T03:15:00Z,2025-05-26,2025-05-26_6,0.0,100,100,0,130.08715722598177,132.63831722598178,0.007086555555555556,0.0,2.773,True,True,False,False,0.0,0.0,172.8486646884273,169.13946587537095,0.0,185.24956557863504,527.2376961424333
2025-05-26T03:15:00Z,2025-05-26T03:30:00Z,2025-05-26,2025-05-26_6,0.0,100,100,0,132.63831722598178,132.70325113902527,0.0007932946859903382,0.1015,0.1905,True,True,False,False,0.0,0.0,172.8486646884273,169.13946587537095,16.792878832838777,-12.188118397626113,346.59289099901093
2025-05-26T03:30:00Z,2025-05-26T03:45:00Z,2025-05-26,2025-05-26_6,0.0,100,100,0,132.70325113902527,123.97499026946005,0.024245169082125602,8.03,0.0,True,True,False,False,0.0,0.0,172.8486646884273,169.13946587537095,4775.784915924827,0.0,5117.773046488625
2025-05-26T03:45:00Z,2025-05-26T04:00:00Z,2025-05-26,2025-05-26_6,0.0,100,100,0,123.97499026946005,100.61031635641658,0.06490187198067632,21.4955,0.0,True,True,False,False,0.0,0.0,172.8486646884273,169.13946587537095,24474.15971295747,0.0,24816.147843521267
2025-05-26T04:00:00Z,2025-05-26T04:15:00Z,2025-05-26,2025-05-26_7,0.0,100,100,0,100.61031635641658,94.02064244337309,0.018304649758454104,6.0625,0.0,True,True,False,False,0.0,0.0,172.433234421365,168.63501483679525,1302.149443620178,0.0,1643.2176928783383
2025-05-26T04:15:00Z,2025-05-26T04:30:00Z,2025-05-26,2025-05-26_7,0.0,100,100,0,94.02064244337309,86.25325113902527,0.021576086956521738,7.146,0.0,True,True,False,False,0.0,0.0,172.433234421365,168.63501483679525,1545.4783548961423,0.0,1886.5466041543025
2025-05-26T04:30:00Z,2025-05-26T04:45:00Z,2025-05-26,2025-05-26_7,0.0,100,100,0,86.25325113902527,75.98966418250353,0.028509963768115945,9.4425,0.0,True,True,False,False,0.0,0.0,172.433234421365,168.63501483679525,2909.754474777448,0.0,3250.8227240356086
2025-05-26T04:45:00Z,2025-05-26T05:00:00Z,2025-05-26,2025-05-26_7,0.0,100,100,0,75.98966418250353,71.59781635641657,0.01219957729468599,4.0405,0.0,True,True,False,False,0.0,0.0,172.433234421365,168.63501483679525,797.0080082096933,0.0,1138.0762574678536
2025-05-26T05:00:00Z,2025-05-26T05:15:00Z,2025-05-26,2025-05-26_8,0.0,100,100,0,71.59781635641657,69.33122070424265,0.00632165458937198,2.0895,0.005,True,True,False,False,0.0,0.0,172.75964391691394,168.63501483679525,435.8019100890208,-0.3774480712166172,776.8191207715133
2025-05-26T05:15:00Z,2025-05-26T05:30:00Z,2025-05-26,2025-05-26_8,0.0,100,100,0,69.33122070424265,57.96111200859048,0.03158363526570048,10.4605,0.0,True,True,False,False,0.0,0.0,172.75964391691394,168.63501483679525,2578.2473401582592,0.0,2919.6419989119686
2025-05-26T05:30:00Z,2025-05-26T05:45:00Z,2025-05-26,2025-05-26_8,0.0,100,100,0,57.96111200859048,47.186112008590484,0.029930555555555557,9.913,0.0,True,True,False,False,0.0,0.0,172.75964391691394,168.63501483679525,5260.084889614244,0.0,5601.479548367954
2025-05-26T05:45:00Z,2025-05-26T06:00:00Z,2025-05-26,2025-05-26_8,0.0,100,100,0,47.186112008590484,45.67089635641657,0.004242154589371981,1.3995,0.0065,True,True,False,False,0.0,0.0,172.75964391691394,168.63501483679525,273.42658575667656,-0.5014836795252225,614.3197608308606
2025-05-26T06:00:00Z,2025-05-26T06:15:00Z,2025-05-26,2025-05-26_9,0.0,100,100,0,45.67089635641657,28.99915722598179,0.04631038647342994,15.338,0.0,True,True,False,False,0.0,0.0,172.8486646884273,168.63501483679525,14065.5225024728,0.0,14407.006181998024
2025-05-26T06:15:00Z,2025-05-26T06:30:00Z,2025-05-26,2025-05-26_9,0.0,100,100,0,28.99915722598179,22.031139834677443,0.020173381642512075,6.546,0.16,True,True,False,False,0.0,0.0,172.8486646884273,168.63501483679525,2296.9842777448075,-9.934718100890208,2628.53323916914
2025-05-26T06:30:00Z,2025-05-26T06:45:00Z,2025-05-26,2025-05-26_9,0.0,100,100,0,22.031139834677443,16.60927809554701,0.015114393719806761,4.997,0.0105,True,True,False,False,0.0,0.0,172.8486646884273,168.63501483679525,1085.8772615232444,-0.6854599406528191,1426.6754811078142
2025-05-26T06:45:00Z,2025-05-26T07:00:00Z,2025-05-26,2025-05-26_9,0.0,100,100,0,16.60927809554701,14.343025052068747,0.006476591787439615,2.115,0.0355,True,True,False,False,0.0,0.0,172.8486646884273,168.63501483679525,438.9049673590505,-2.431451533135509,777.9571953511376
2025-05-26T07:00:00Z,2025-05-26T07:15:00Z,2025-05-26,2025-05-26_10,0.0,100,100,0,14.343025052068747,12.987966791199183,0.0037691618357487923,1.2475,0.001,True,True,False,False,0.0,0.0,173.2344213649852,169.13946587537095,207.14472205736894,-0.07912957467853611,549.4394797230466
2025-05-26T07:15:00Z,2025-05-26T07:30:00Z,2025-05-26,2025-05-26_10,0.0,100,100,0,12.987966791199183,12.6143076607644,0.001096719806763285,0.3535,0.0115,True,True,False,False,0.0,0.0,173.2344213649852,169.13946587537095,52.25282453016815,-0.9070235410484669,393.7196882294758
2025-05-26T07:30:00Z,2025-05-26T07:45:00Z,2025-05-26,2025-05-26_10,0.0,100,100,0,12.6143076607644,12.372695486851356,0.0011797004830917874,0.3065,0.0995,True,True,False,False,0.0,0.0,173.2344213649852,169.13946587537095,52.7299447082097,-7.383392087042533,387.7204398615233
2025-05-26T07:45:00Z,2025-05-26T08:00:00Z,2025-05-26,2025-05-26_10,0.0,100,100,0,12.372695486851356,16.785352878155706,0.012311729468599035,0.009,4.807,True,True,False,False,0.0,0.0,173.2344213649852,169.13946587537095,1.2462908011869436,1718.9812981206728,2062.601476162216
2025-05-26T08:00:00Z,2025-05-26T08:15:00Z,2025-05-26,2025-05-26_11,0.0,100,100,0,16.785352878155706,18.751660704242664,0.00578503381642512,0.0535,2.2005,True,True,False,False,0.0,0.0,172.8486646884273,169.13946587537095,8.00672215628091,-41.56267833827893,308.4321743818002
2025-05-26T08:15:00Z,2025-05-26T08:30:00Z,2025-05-26,2025-05-26_11,0.0,100,100,0,18.751660704242664,17.48560853032962,0.0035423671497584537,1.169,0.005,True,True,False,False,0.0,0.0,172.8486646884273,169.13946587537095,197.71455410484668,-0.38773491592482695,539.31494975272
2025-05-26T08:30:00Z,2025-05-26T08:45:00Z,2025-05-26,2025-05-26_11,0.0,100,100,0,17.48560853032962,16.632347660764403,0.002370169082125604,0.7850000000000001,0.0,True,True,False,False,0.0,0.0,172.8486646884273,169.13946587537095,130.39634223541051,0.0,472.38447279920877
2025-05-26T08:45:00Z,2025-05-26T09:00:00Z,2025-05-26,2025-05-26_11,0.0,100,100,0,16.632347660764403,13.638160704242665,0.008355519323671498,2.761,0.0075,True,True,False,False,0.0,0.0,172.8486646884273,169.13946587537095,477.82395806132547,-0.5585563798219585,819.2535322453018
2025-05-26T09:00:00Z,2025-05-26T09:15:00Z,2025-05-26,2025-05-26_12,-52.68771152868582,100,47,0,13.638160704242665,18.688972871668753,0.03424203771086426,7.0745000000000005,0.0,True,True,False,False,-678.4860052106516,0.0,172.8486646884273,89.81602373887242,1185.4356885262118,0.0,769.6143717428599
2025-05-26T09:15:00Z,2025-05-26T09:30:00Z,2025-05-26,2025-05-26_12,-52.68771152868582,100,47,0,18.688972871668753,17.025566856167753,0.03479347819401986,13.795499999999999,0.0,True,True,False,False,-678.4860052106516,0.0,172.8486646884273,89.81602373887242,11290.86215934718,0.0,10875.040842563829
2025-05-26T09:30:00Z,2025-05-26T09:45:00Z,2025-05-26,2025-05-26_12,-52.68771152868582,100,47,0,17.025566856167753,16.05346257888808,0.034736701402717424,13.1035,0.0,True,True,False,False,-678.4860052106516,0.0,172.8486646884273,89.81602373887242,7270.907925914937,0.0,6855.086609131585
2025-05-26T09:45:00Z,2025-05-26T10:00:00Z,2025-05-26,2025-05-26_12,-52.68771152868582,100,47,0,16.05346257888808,17.006913360021137,0.03457855506567198,11.176,0.0,True,True,False,False,-678.4860052106516,0.0,172.8486646884273,89.81602373887242,5838.948181206726,0.0,5423.126864423374
2025-05-26T10:00:00Z,2025-05-26T10:15:00Z,2025-05-26,2025-05-26_13,-53.99999999999999,100,46,0,17.006913360021137,24.061138960021133,0.034547848888888885,5.383,0.0,True,True,False,False,-457.2449999999999,0.0,173.2344213649852,88.17804154302671,684.6398633036598,0.0,488.8073262116718
2025-05-26T10:15:00Z,2025-05-26T10:30:00Z,2025-05-26,2025-05-26_13,-53.99999999999999,100,46,0,24.061138960021133,35.57626496002113,0.03521979444444444,1.164,0.27761,True,True,False,False,-457.2449999999999,0.0,173.2344213649852,88.17804154302671,147.03196676557863,-10.790324512363997,-59.59089483877335
2025-05-26T10:30:00Z,2025-05-26T10:45:00Z,2025-05-26,2025-05-26_13,-53.99999999999999,100,46,0,35.57626496002113,45.55229496002113,0.03453063888888889,2.455,0.0034499999999999995,True,True,False,False,-457.2449999999999,0.0,173.2344213649852,88.17804154302671,302.0902997032641,-0.15697329376854596,106.10078931750759
2025-05-26T10:45:00Z,2025-05-26T11:00:00Z,2025-05-26,2025-05-26_13,-53.99999999999999,100,46,0,45.55229496002113,54.615570960021124,0.03452993333333333,3.3675,0.0,True,True,False,False,-457.2449999999999,0.0,173.2344213649852,88.17804154302671,423.0792433234422,0.0,227.2467062314542
2025-05-26T11:00:00Z,2025-05-26T11:15:00Z,2025-05-26,2025-05-26_14,0.0,100,100,0,54.615570960021124,51.27422574262982,0.009299403381642512,3.077,0.0035000000000000005,True,True,False,False,0.0,0.0,173.2344213649852,191.98813056379825,372.9031821958457,-0.27497537091988133,737.8507587537093
2025-05-26T11:15:00Z,2025-05-26T11:30:00Z,2025-05-26,2025-05-26_14,0.0,100,100,0,51.27422574262982,53.49273269915155,0.006364814009661836,0.0335,2.451,True,True,False,False,0.0,0.0,173.2344213649852,191.98813056379825,3.9871958456973293,-47.02428961424332,322.18545816023743
2025-05-26T11:30:00Z,2025-05-26T11:45:00Z,2025-05-26,2025-05-26_14,0.0,100,100,0,53.49273269915155,56.37693269915155,0.008011666666666667,0.0,3.135,True,True,False,False,0.0,0.0,173.2344213649852,191.98813056379825,0.0,-44.835771513353116,320.38678041543034
2025-05-26T11:45:00Z,2025-05-26T12:00:00Z,2025-05-26,2025-05-26_14,0.0,100,100,0,56.37693269915155,68.35579269915155,0.033274611111111116,0.0,13.020500000000002,True,True,False,False,0.0,0.0,173.2344213649852,191.98813056379825,0.0,378.3054115727004,743.5279635014838
2025-05-26T12:00:00Z,2025-05-26T12:15:00Z,2025-05-26,2025-05-26_15,0.0,100,100,0,68.35579269915155,82.34071269915155,0.038847,0.0,15.201,True,True,False,False,0.0,0.0,172.8486646884273,191.09792284866472,0.0,4425.854597626113,4789.801185163205
2025-05-26T12:15:00Z,2025-05-26T12:30:00Z,2025-05-26,2025-05-26_15,0.0,100,100,0,82.34071269915155,91.23205269915155,0.02469816666666667,0.0,9.6645,True,True,False,False,0.0,0.0,172.8486646884273,191.09792284866472,0.0,-14.516824629080121,349.4297629080119
2025-05-26T12:30:00Z,2025-05-26T12:45:00Z,2025-05-26,2025-05-26_15,0.0,100,100,0,91.23205269915155,93.96424661219503,0.0076467946859903385,0.0095,2.981,True,True,False,False,0.0,0.0,172.8486646884273,191.09792284866472,1.0341186943620178,-52.93442195845697,312.04628427299707
2025-05-26T12:45:00Z,2025-05-26T13:00:00Z,2025-05-26,2025-05-26_15,0.0,100,100,0,93.96424661219503,95.85644313393415,0.005398009661835749,0.0235,2.0845,True,True,False,False,0.0,0.0,172.8486646884273,191.09792284866472,2.5580830860534127,-31.06255509396637,335.4421155291791
2025-05-26T13:00:00Z,2025-05-26T13:15:00Z,2025-05-26,2025-05-26_16,-100.0,100,0,0,95.85644313393415,118.75524313393414,0.06360777777777778,0.11,0.0,True,True,False,False,-375.25,0.0,172.8486646884273,0.0,11.443916913946587,0.0,-190.9574183976261
2025-05-26T13:15:00Z,2025-05-26T13:30:00Z,2025-05-26,2025-05-26_16,-100.0,100,0,0,118.75524313393414,141.75524313393413,0.0638888888888889,0.0,0.0,True,True,False,False,-375.25,0.0,172.8486646884273,0.0,0.0,0.0,-202.4013353115727
2025-05-26T13:30:00Z,2025-05-26T13:45:00Z,2025-05-26,2025-05-26_16,-100.0,100,0,0,141.75524313393413,164.0459231339341,0.06191855555555555,0.771,0.0,True,True,False,False,-375.25,0.0,172.8486646884273,0.0,80.21145400593473,0.0,-122.18988130563797
2025-05-26T13:45:00Z,2025-05-26T14:00:00Z,2025-05-26,2025-05-26_16,-100.0,100,0,0,164.0459231339341,184.54352313393412,0.05693777777777778,2.72,0.0,True,True,False,False,-375.25,0.0,172.8486646884273,0.0,282.9768545994066,0.0,80.57551928783388
2025-05-26T14:00:00Z,2025-05-26T14:15:00Z,2025-05-26,2025-05-26_17,-20.61599211567616,100,79,0,184.54352313393412,186.88406565670707,0.01753665109886892,2.302,0.0237,True,True,False,False,-306.4567227995261,0.0,172.8486646884273,133.62017804154303,337.59979861523243,-1.6105544807121663,336.0013640649645
2025-05-26T14:15:00Z,2025-05-26T14:30:00Z,2025-05-26,2025-05-26_17,-20.61599211567616,100,79,0,186.88406565670707,190.00000000000034,0.01687900032107781,1.7155,0.19552499999999998,True,True,False,False,-306.4567227995261,0.0,172.8486646884273,133.62017804154303,245.80383095944615,-8.61841709198813,237.19753379790222
2025-05-26T14:30:00Z,2025-05-26T14:45:00Z,2025-05-26,2025-05-26_17,-20.61599211567616,100,79,0,190.00000000000034,190.00000000000043,0.02159570987432867,4.505,0.0,True,True,False,False,-306.4567227995261,0.0,172.8486646884273,133.62017804154303,648.8447675568743,0.0,648.8568874873185
2025-05-26T14:45:00Z,2025-05-26T15:00:00Z,2025-05-26,2025-05-26_17,-20.61599211567616,100,79,0,190.00000000000043,188.88010086780335,0.02358539733253226,5.569,0.0,True,True,False,False,-306.4567227995261,0.0,172.8486646884273,133.62017804154303,826.7645960435214,0.0,826.7767159739656
2025-05-26T15:00:00Z,2025-05-26T15:15:00Z,2025-05-26,2025-05-26_18,-18.587814502383765,100,81,0,188.88010086780335,175.57946064769334,0.04488383921997353,16.645,0.0,True,True,False,False,-459.30489635390285,0.0,172.8486646884273,137.00296735905047,10146.284911968349,0.0,9996.831647661924
2025-05-26T15:15:00Z,2025-05-26T15:30:00Z,2025-05-26,2025-05-26_18,-18.587814502383765,100,81,0,175.57946064769334,175.28673528779083,0.020454332603090195,4.326,0.0,True,True,False,False,-459.30489635390285,0.0,172.8486646884273,137.00296735905047,767.559912166172,0.0,618.106647859747
2025-05-26T15:30:00Z,2025-05-26T15:45:00Z,2025-05-26,2025-05-26_18,-18.587814502383765,100,81,0,175.28673528779083,179.3032141094624,0.012744816528539989,0.323,0.089505,True,True,False,False,-459.30489635390285,0.0,172.8486646884273,137.00296735905047,47.885277151335316,-5.423153100890208,-106.99114025597996
2025-05-26T15:45:00Z,2025-05-26T16:00:00Z,2025-05-26,2025-05-26_18,-18.587814502383765,100,81,0,179.3032141094624,183.47653043478303,0.012408633680999549,0.166,0.079785,True,True,False,False,-459.30489635390285,0.0,172.8486646884273,137.00296735905047,24.211272403560834,-5.23664230860534,-130.47863421146957
2025-05-26T16:00:00Z,2025-05-26T16:15:00Z,2025-05-26,2025-05-26_19,0.0,100,100,0,183.47653043478303,189.62510000000043,0.017088417874396133,0.0015,6.685,True,True,False,False,0.0,0.0,172.433234421365,168.63501483679525,0.20771513353115728,-78.60263996043521,262.6733244312562
2025-05-26T16:15:00Z,2025-05-26T16:30:00Z,2025-05-26,2025-05-26_19,0.0,100,100,0,189.62510000000043,189.93206521739174,0.001230096618357488,0.0625,0.4075,True,True,False,False,0.0,0.0,172.433234421365,168.63501483679525,9.0702274975272,-23.711743818001978,326.4267329376855
2025-05-26T16:30:00Z,2025-05-26T16:45:00Z,2025-05-26,2025-05-26_19,0.0,100,100,0,189.93206521739174,180.87663043478304,0.025153985507246374,8.331,0.0,True,True,False,False,0.0,0.0,172.433234421365,168.63501483679525,3262.691531750742,0.0,3603.7597810089023
2025-05-26T16:45:00Z,2025-05-26T17:00:00Z,2025-05-26,2025-05-26_19,0.0,100,100,0,180.87663043478304,157.0489130434787,0.0661881038647343,21.9215,0.0,True,True,False,False,0.0,0.0,172.433234421365,168.63501483679525,23062.636583877353,0.0,23403.704833135514
2025-05-26T17:00:00Z,2025-05-26T17:15:00Z,2025-05-26,2025-05-26_20,0.0,100,100,0,157.0489130434787,150.5036373913048,0.018186432367149757,6.0225,0.001,True,True,False,False,0.0,0.0,172.433234421365,168.63501483679525,1385.6336869436204,-0.07912957467853611,1726.6228066271021
2025-05-26T17:15:00Z,2025-05-26T17:30:00Z,2025-05-26,2025-05-26_20,0.0,100,100,0,150.5036373913048,145.26722434782656,0.014545591787439614,4.8175,0.0,True,True,False,False,0.0,0.0,172.433234421365,168.63501483679525,958.8073452027696,0.0,1299.87559446093
2025-05-26T17:30:00Z,2025-05-26T17:45:00Z,2025-05-26,2025-05-26_20,0.0,100,100,0,145.26722434782656,142.67972434782655,0.0071874999999999994,2.3805,0.0,True,True,False,False,0.0,0.0,172.433234421365,168.63501483679525,422.56158961424336,0.0,763.6298388724036
2025-05-26T17:45:00Z,2025-05-26T18:00:00Z,2025-05-26,2025-05-26_20,0.0,100,100,0,142.67972434782655,137.36885478260916,0.014752415458937199,4.886,0.0,True,True,False,False,0.0,0.0,172.433234421365,168.63501483679525,979.5419936696342,0.0,1320.6102429277944
2025-05-26T18:00:00Z,2025-05-26T18:15:00Z,2025-05-26,2025-05-26_21,100.00000000000003,0,0,0,137.36885478260916,110.1949417391309,0.07548309178743963,0.0,0.0,True,False,False,False,6006.250000000002,0.0,0.0,0.0,0.0,0.0,6006.250000000002
2025-05-26T18:15:00Z,2025-05-26T18:30:00Z,2025-05-26,2025-05-26_21,100.00000000000003,0,0,0,110.1949417391309,83.02102869565263,0.07548309178743963,0.0,0.0,True,False,False,False,6006.250000000002,0.0,0.0,0.0,0.0,0.0,6006.250000000002
2025-05-26T18:30:00Z,2025-05-26T18:45:00Z,2025-05-26,2025-05-26_21,100.00000000000003,0,0,0,83.02102869565263,55.84711565217437,0.07548309178743963,0.0,0.0,True,False,False,False,6006.250000000002,0.0,0.0,0.0,0.0,0.0,6006.250000000002
2025-05-26T18:45:00Z,2025-05-26T19:00:00Z,2025-05-26,2025-05-26_21,100.00000000000003,0,0,0,55.84711565217437,28.673202608696098,0.07548309178743963,0.0,0.0,True,False,False,False,6006.250000000002,0.0,0.0,0.0,0.0,0.0,6006.250000000002
2025-05-26T19:00:00Z,2025-05-26T19:15:00Z,2025-05-26,2025-05-26_22,7.805116301828872,0,0,0,28.673202608696098,26.552247091894774,0.0058915431022259,0.0,0.0,True,False,False,False,341.76653006633177,0.0,0.0,0.0,0.0,0.0,341.76653006633177
2025-05-26T19:15:00Z,2025-05-26T19:30:00Z,2025-05-26,2025-05-26_22,7.805116301828872,0,0,0,26.552247091894774,24.43129157509345,0.0058915431022259,0.0,0.0,True,False,False,False,341.76653006633177,0.0,0.0,0.0,0.0,0.0,341.76653006633177
2025-05-26T19:30:00Z,2025-05-26T19:45:00Z,2025-05-26,2025-05-26_22,7.805116301828872,0,0,0,24.43129157509345,22.310336058292126,0.0058915431022259,0.0,0.0,True,False,False,False,341.76653006633177,0.0,0.0,0.0,0.0,0.0,341.76653006633177
2025-05-26T19:45:00Z,2025-05-26T20:00:00Z,2025-05-26,2025-05-26_22,7.805116301828872,0,0,0,22.310336058292126,20.189380541490802,0.0058915431022259,0.0,0.0,True,False,False,False,341.76653006633177,0.0,0.0,0.0,0.0,0.0,341.76653006633177
2025-05-26T20:00:00Z,2025-05-26T20:15:00Z,2025-05-26,2025-05-26_23,14.930072587044785,85,100,0,20.189380541490802,13.050683717693312,0.02137978199904309,3.1450000000000005,0.3565,True,True,False,False,538.2664419444321,0.0,146.56824925816025,169.13946587537095,600.6862898120673,-14.01655034619189,1440.6438965438388
2025-05-26T20:15:00Z,2025-05-26T20:30:00Z,2025-05-26,2025-05-26_23,14.930072587044785,85,100,0,13.050683717693312,10.000000000000528,0.013593913236171873,0.09775,1.1775,True,True,False,False,538.2664419444321,0.0,146.56824925816025,169.13946587537095,14.388297230464888,-20.107181008902078,848.2552732995262
2025-05-26T20:30:00Z,2025-05-26T20:45:00Z,2025-05-26,2025-05-26_23,14.930072587044785,85,100,0,10.000000000000528,10.000000000000522,0.01867691351923119,0.0017000000000000001,4.2955,True,True,False,False,538.2664419444321,0.0,146.56824925816025,169.13946587537095,0.23541048466864492,-57.13227438180019,797.0772931808318
2025-05-26T20:45:00Z,2025-05-26T21:00:00Z,2025-05-26,2025-05-26_23,14.930072587044785,85,100,0,10.000000000000522,20.52313449998596,0.037858996476893045,0.0,15.43,True,True,False,False,538.2664419444321,0.0,146.56824925816025,169.13946587537095,0.0,2709.590415430267,3563.5645725082304
2025-05-26T21:00:00Z,2025-05-26T21:15:00Z,2025-05-27,2025-05-26_24,2.7001021311145195,97,100,0,20.52313449998596,21.515929778445123,0.006529510589198556,0.0,1.8675000000000002,True,True,False,False,76.86515741750259,0.0,167.05534260649645,166.94657393503516,0.0,13.794822374140521,424.6618963331747
2025-05-26T21:15:00Z,2025-05-26T21:30:00Z,2025-05-27,2025-05-26_24,2.7001021311145195,97,100,0,21.515929778445123,21.595773410260293,0.004154545317993958,0.0,0.88,True,True,False,False,76.86515741750259,0.0,167.05534260649645,166.94657393503516,0.0,-54.157069469690974,356.71000448934325
2025-05-26T21:30:00Z,2025-05-26T21:45:00Z,2025-05-27,2025-05-26_24,2.7001021311145195,97,100,0,21.595773410260293,19.10794523347232,0.007079719424707629,1.6426949999999998,0.034,True,True,False,False,76.86515741750259,0.0,167.05534260649645,166.94657393503516,271.56755132280875,-2.5053335177428275,679.9292917641001
2025-05-26T21:45:00Z,2025-05-26T22:00:00Z,2025-05-27,2025-05-26_24,2.7001021311145195,97,100,0,19.10794523347232,18.94320000000006,0.0040457215489456515,0.09021,0.7215,True,True,False,False,76.86515741750259,0.0,167.05534260649645,166.94657393503516,11.5854935588398,-42.318201711056666,380.13436580681736
2025-05-26T22:00:00Z,2025-05-26T22:15:00Z,2025-05-27,2025-05-27_1,0.0,100,100,0,18.94320000000006,19.513695652173976,0.003411400966183575,0.3025,0.9775,True,True,False,False,0.0,0.0,172.63692404963248,166.94657393503516,46.006871888089776,-52.425226230933376,333.16514364182405
2025-05-26T22:15:00Z,2025-05-26T22:30:00Z,2025-05-27,2025-05-27_1,0.0,100,100,0,19.513695652173976,16.410816521739193,0.00872388647342995,2.872,0.0205,True,True,False,False,0.0,0.0,172.63692404963248,166.94657393503516,507.18049158302375,-1.6142433612581994,845.1497462064332
2025-05-26T22:30:00Z,2025-05-26T22:45:00Z,2025-05-27,2025-05-27_1,0.0,100,100,0,16.410816521739193,18.760496521739192,0.0065268888888888885,0.0,2.554,True,True,False,False,0.0,0.0,172.63692404963248,166.94657393503516,0.0,-112.03396625306249,227.54953173160516
2025-05-26T22:45:00Z,2025-05-26T23:00:00Z,2025-05-27,2025-05-27_1,0.0,100,100,0,18.760496521739192,20.130923478260932,0.0038701473429951687,0.0105,1.502,True,True,False,False,0.0,0.0,172.63692404963248,166.94657393503516,1.348494428198846,-87.77731684185568,253.1546755710108
2025-05-26T23:00:00Z,2025-05-26T23:15:00Z,2025-05-27,2025-05-27_2,7.839312430052826e-14,100,100,0,20.130923478260932,20.42456347826091,0.002274000000000057,0.2415,0.6045,True,True,False,False,1.8443942319806786e-12,0.0,172.63692404963248,166.94657393503516,31.01537184857346,-34.18986643483758,336.4090033984054
2025-05-26T23:15:00Z,2025-05-26T23:30:00Z,2025-05-27,2025-05-27_2,7.839312430052826e-14,100,100,0,20.42456347826091,19.000940869565238,0.004710951690821315,1.435,0.148,True,True,False,False,1.8443942319806786e-12,0.0,172.63692404963248,166.94657393503516,236.46084920572196,-9.5066284675571,566.5377187228344
2025-05-26T23:30:00Z,2025-05-26T23:45:00Z,2025-05-27,2025-05-27_2,7.839312430052826e-14,100,100,0,19.000940869565238,18.682398260869565,0.0012528405797102037,0.354,0.072,True,True,False,False,1.8443942319806786e-12,0.0,172.63692404963248,166.94657393503516,45.463526436418235,-4.542208171975025,380.5048162491127
2025-05-26T23:45:00Z,2025-05-27T00:00:00Z,2025-05-27,2025-05-27_2,7.839312430052826e-14,100,100,0,18.682398260869565,18.41167999999998,0.0010867729468599624,0.3045,0.0655,True,True,False,False,1.8443942319806786e-12,0.0,172.63692404963248,166.94657393503516,39.10633841776654,-5.083186694854975,373.606649707581
2025-05-27T00:00:00Z,2025-05-27T00:15:00Z,2025-05-27,2025-05-27_3,-100.0,100,0,0,18.41167999999998,35.72193999999998,0.04808405555555556,6.1845,0.0,True,True,False,False,-2190.25,0.0,172.63692404963248,0.0,1093.5269355093653,0.0,-924.0861404410022
2025-05-27T00:15:00Z,2025-05-27T00:30:00Z,2025-05-27,2025-05-27_3,-100.0,100,0,0,35.72193999999998,49.968139999999984,0.039572777777777776,9.515,0.0,True,True,False,False,-2190.25,0.0,172.63692404963248,0.0,5567.397353394452,0.0,3549.784277444084
2025-05-27T00:30:00Z,2025-05-27T00:45:00Z,2025-05-27,2025-05-27_3,-100.0,100,0,0,49.968139999999984,67.11187999999999,0.047621500000000004,6.3655,0.0,True,True,False,False,-2190.25,0.0,172.63692404963248,0.0,1151.6156927210939,0.0,-865.9973832292736
2025-05-27T00:45:00Z,2025-05-27T01:00:00Z,2025-05-27,2025-05-27_3,-100.0,100,0,0,67.11187999999999,82.23023999999998,0.041995444444444446,8.567,0.0,True,True,False,False,-2190.25,0.0,172.63692404963248,0.0,1584.8357561447879,0.0,-432.7773198055796
2025-05-27T01:00:00Z,2025-05-27T01:15:00Z,2025-05-27,2025-05-27_4,0.0,100,100,0,82.23023999999998,77.21991391304346,0.013917572463768114,4.6095,0.0,True,True,False,False,0.0,0.0,172.63692404963248,166.94657393503516,795.5868401762427,0.0,1135.1703381609104
2025-05-27T01:15:00Z,2025-05-27T01:30:00Z,2025-05-27,2025-05-27_4,0.0,100,100,0,77.21991391304346,74.20060086956519,0.008412536231884059,2.782,0.005,True,True,False,False,0.0,0.0,172.63692404963248,166.94657393503516,468.9202485576543,-0.3882478463605469,808.1154986959614
2025-05-27T01:30:00Z,2025-05-27T01:45:00Z,2025-05-27,2025-05-27_4,0.0,100,100,0,74.20060086956519,70.99500434782607,0.009009212560386472,2.9665,0.0205,True,True,False,False,0.0,0.0,172.63692404963248,166.94657393503516,506.5815126847388,-1.598434560973682,844.5665761084327
2025-05-27T01:45:00Z,2025-05-27T02:00:00Z,2025-05-27,2025-05-27_4,0.0,100,100,0,70.99500434782607,71.17935391304346,0.005590584541062801,0.8409999999999999,1.194,True,True,False,False,0.0,0.0,172.63692404963248,166.94657393503516,131.30347625069152,-54.279440053742185,416.607534181617
2025-05-27T02:00:00Z,2025-05-27T02:15:00Z,2025-05-27,2025-05-27_5,0.0,100,100,0,71.17935391304346,71.60707739130433,0.0013239903381642513,0.0225,0.4915,True,True,False,False,0.0,0.0,172.63692404963248,166.94657393503516,2.889630917568956,-30.279223998261276,312.19390490397535
2025-05-27T02:15:00Z,2025-05-27T02:30:00Z,2025-05-27,2025-05-27_5,0.0,100,100,0,71.60707739130433,74.76635739130433,0.008775777777777778,0.0,3.434,True,True,False,False,0.0,0.0,172.63692404963248,166.94657393503516,0.0,-140.04887655101558,199.53462143365206
2025-05-27T02:30:00Z,2025-05-27T02:45:00Z,2025-05-27,2025-05-27_5,0.0,100,100,0,74.76635739130433,76.75983391304345,0.005609898550724638,0.012,2.181,True,True,False,False,0.0,0.0,172.63692404963248,166.94657393503516,1.5411364893701098,-91.84357681972654,249.2810576543112
2025-05-27T02:45:00Z,2025-05-27T03:00:00Z,2025-05-27,2025-05-27_5,0.0,100,100,0,76.75983391304345,75.4351565217391,0.004252103864734299,1.3135,0.11200000000000002,True,True,False,False,0.0,0.0,172.63692404963248,166.94657393503516,218.64875197581597,-8.326686161384652,549.905563799099
2025-05-27T03:00:00Z,2025-05-27T03:15:00Z,2025-05-27,2025-05-27_6,0.0,100,100,0,75.4351565217391,75.65598260869562,0.0011115942028985509,0.0825,0.3375,True,True,False,False,0.0,0.0,172.63692404963248,166.94657393503516,10.595313364419505,-21.446974037777604,328.73183731130956
2025-05-27T03:15:00Z,2025-05-27T03:30:00Z,2025-05-27,2025-05-27_6,0.0,100,100,0,75.65598260869562,74.30857565217389,0.00376324154589372,1.243,0.004,True,True,False,False,0.0,0.0,172.63692404963248,166.94657393503516,189.66359657788666,-0.31613056192207384,528.9309640006322
2025-05-27T03:30:00Z,2025-05-27T03:45:00Z,2025-05-27,2025-05-27_6,0.0,100,100,0,74.30857565217389,63.45259739130432,0.030155495169082128,9.9875,0.0,True,True,False,False,0.0,0.0,172.63692404963248,166.94657393503516,2915.471071583814,0.0,3255.054569568482
2025-05-27T03:45:00Z,2025-05-27T04:00:00Z,2025-05-27,2025-05-27_6,0.0,100,100,0,63.45259739130432,55.89607565217389,0.020990338164251207,6.952,0.0,True,True,False,False,0.0,0.0,172.63692404963248,166.94657393503516,1255.2719766063383,0.0,1594.855474591006
2025-05-27T04:00:00Z,2025-05-27T04:15:00Z,2025-05-27,2025-05-27_7,0.0,100,100,0,55.89607565217389,51.52337739130432,0.012192384057971014,4.0305,0.009,True,True,False,False,0.0,0.0,172.63692404963248,166.2649174108907,773.3539792934481,-0.7112937643246661,1111.5445269896466
2025-05-27T04:15:00Z,2025-05-27T04:30:00Z,2025-05-27,2025-05-27_7,0.0,100,100,0,51.52337739130432,42.8505513043478,0.024091183574879223,7.979,0.0,True,True,False,False,0.0,0.0,172.63692404963248,166.2649174108907,1668.9576493716904,0.0,2007.8594908322136
2025-05-27T04:30:00Z,2025-05-27T04:45:00Z,2025-05-27,2025-05-27_7,0.0,100,100,0,42.8505513043478,26.287507826086934,0.04600845410628019,15.238,0.0,True,True,False,False,0.0,0.0,172.63692404963248,166.2649174108907,8442.475827076583,0.0,8781.377668537107
2025-05-27T04:45:00Z,2025-05-27T05:00:00Z,2025-05-27,2025-05-27_7,0.0,100,100,0,26.287507826086934,10.820116521739108,0.042964975845410626,14.23,0.0,True,True,False,False,0.0,0.0,172.63692404963248,166.2649174108907,8589.80628704655,0.0,8928.708128507073
2025-05-27T05:00:00Z,2025-05-27T05:15:00Z,2025-05-27,2025-05-27_8,0.0,100,100,0,10.820116521739108,10.1324660869565,0.0030294734299516905,0.818,0.219,True,True,False,False,0.0,0.0,172.63692404963248,166.2649174108907,144.96565873705836,-15.541981545878446,468.3255186517031
2025-05-27T05:15:00Z,2025-05-27T05:30:00Z,2025-05-27,2025-05-27_8,0.0,100,100,0,10.1324660869565,10.079471304347805,0.00043854106280193236,0.097,0.056999999999999995,True,True,False,False,0.0,0.0,172.63692404963248,166.2649174108907,14.304912668932271,-4.491030585631865,348.7157235438236
2025-05-27T05:30:00Z,2025-05-27T05:45:00Z,2025-05-27,2025-05-27_8,0.0,100,100,0,10.079471304347805,9.99999999999998,0.0010564202898550724,0.21150000000000002,0.1635,True,True,False,False,0.0,0.0,172.63692404963248,166.2649174108907,35.574557417213306,-10.230379653046707,364.24601922468975
2025-05-27T05:45:00Z,2025-05-27T06:00:00Z,2025-05-27,2025-05-27_8,0.0,100,100,0,9.99999999999998,10.269226086956502,0.000759927536231884,0.002,0.295,True,True,False,False,0.0,0.0,172.63692404963248,166.2649174108907,0.2766142416818146,-20.756547854263808,318.42190784794116
2025-05-27T06:00:00Z,2025-05-27T06:15:00Z,2025-05-27,2025-05-27_9,0.0,100,100,0,10.269226086956502,10.461932173913024,0.0006862608695652174,0.025,0.239,True,True,False,False,0.0,0.0,172.63692404963248,166.2649174108907,3.5406622935272263,-16.93749347980716,325.50501027424326
2025-05-27T06:15:00Z,2025-05-27T06:30:00Z,2025-05-27,2025-05-27_9,0.0,100,100,0,10.461932173913024,10.747890434782589,0.0009000048309178745,0.0175,0.3315,True,True,False,False,0.0,0.0,172.63692404963248,166.2649174108907,2.492985853157354,-23.433589069785825,317.9612382438947
2025-05-27T06:30:00Z,2025-05-27T06:45:00Z,2025-05-27,2025-05-27_9,0.0,100,100,0,10.747890434782589,19.925938260869547,0.025539867149758453,0.0075,9.985,True,True,False,False,0.0,0.0,172.63692404963248,166.2649174108907,0.9632103058563186,224.6190972496641,564.4841490160436
2025-05-27T06:45:00Z,2025-05-27T07:00:00Z,2025-05-27,2025-05-27_9,0.0,100,100,0,19.925938260869547,35.92427826086955,0.04443983333333334,0.0,17.3895,True,True,False,False,0.0,0.0,172.63692404963248,166.2649174108907,0.0,9939.549863866278,10278.451705326801
2025-05-27T07:00:00Z,2025-05-27T07:15:00Z,2025-05-27,2025-05-27_10,79.40599590975715,20,100,0,35.92427826086955,21.439854722224098,0.04732786283396041,0.0,6.739000000000001,True,True,False,False,1031.8809168472942,0.0,34.57480439421481,167.48004425827867,0.0,-188.0400964198214,1045.8956690799662
2025-05-27T07:15:00Z,2025-05-27T07:30:00Z,2025-05-27,2025-05-27_10,79.40599590975715,20,100,0,21.439854722224098,9.99999999999989,0.04191532191526503,0.0,9.6315,True,True,False,False,1031.8809168472942,0.0,34.57480439421481,167.48004425827867,0.0,690.1084311032956,1924.0441966030833
2025-05-27T07:30:00Z,2025-05-27T07:45:00Z,2025-05-27,2025-05-27_10,79.40599590975715,20,100,0,9.99999999999989,13.614051314925751,0.015152950188668218,0.0,23.9335,True,True,False,False,1031.8809168472942,0.0,34.57480439421481,167.48004425827867,0.0,11825.793355725913,13059.7291212257
2025-05-27T07:45:00Z,2025-05-27T08:00:00Z,2025-05-27,2025-05-27_10,79.40599590975715,20,100,0,13.614051314925751,14.955596467482223,0.019192941837229437,0.0,21.7745,True,True,False,False,1031.8809168472942,0.0,34.57480439421481,167.48004425827867,0.0,5757.112061764008,6991.047827263796
2025-05-27T08:00:00Z,2025-05-27T08:15:00Z,2025-05-27,2025-05-27_11,-99.86099139167787,0,0,0,14.955596467482223,37.923624487568134,0.06380007783357197,0.0,0.0,True,False,False,False,-112.5932677941168,0.0,0.0,0.0,0.0,0.0,-112.5932677941168
2025-05-27T08:15:00Z,2025-05-27T08:30:00Z,2025-05-27,2025-05-27_11,-99.86099139167787,0,0,0,37.923624487568134,60.891652507654044,0.06380007783357197,0.0,0.0,True,False,False,False,-112.5932677941168,0.0,0.0,0.0,0.0,0.0,-112.5932677941168
2025-05-27T08:30:00Z,2025-05-27T08:45:00Z,2025-05-27,2025-05-27_11,-99.86099139167787,0,0,0,60.891652507654044,83.85968052773995,0.06380007783357197,0.0,0.0,True,False,False,False,-112.5932677941168,0.0,0.0,0.0,0.0,0.0,-112.5932677941168
2025-05-27T08:45:00Z,2025-05-27T09:00:00Z,2025-05-27,2025-05-27_11,-99.86099139167787,0,0,0,83.85968052773995,106.82770854782586,0.06380007783357197,0.0,0.0,True,False,False,False,-112.5932677941168,0.0,0.0,0.0,0.0,0.0,-112.5932677941168
2025-05-27T09:00:00Z,2025-05-27T09:15:00Z,2025-05-27,2025-05-27_12,0.0,100,100,0,106.82770854782586,118.26468854782587,0.03176938888888889,0.0,12.4315,True,True,False,False,0.0,0.0,172.87402197107403,191.0416502015332,0.0,4885.973480202323,5249.889152374931
2025-05-27T09:15:00Z,2025-05-27T09:30:00Z,2025-05-27,2025-05-27_12,0.0,100,100,0,118.26468854782587,111.04186246086935,0.020063405797101447,6.645,0.0,True,True,False,False,0.0,0.0,172.87402197107403,191.0416502015332,904.8409794119971,0.0,1268.7566515846042
2025-05-27T09:30:00Z,2025-05-27T09:45:00Z,2025-05-27,2025-05-27_12,0.0,100,100,0,111.04186246086935,109.57033289565196,0.0040978043478260865,1.3555,0.002,True,True,False,False,0.0,0.0,172.87402197107403,191.0416502015332,143.11195022919463,-0.1343554888168814,506.893266912985
2025-05-27T09:45:00Z,2025-05-27T10:00:00Z,2025-05-27,2025-05-27_12,0.0,100,100,0,109.57033289565196,109.89437115652153,0.0014918937198067635,0.098,0.468,True,True,False,False,0.0,0.0,172.87402197107403,191.0416502015332,9.205110645696672,-19.24836323401565,353.87241958428825
2025-05-27T10:00:00Z,2025-05-27T10:15:00Z,2025-05-27,2025-05-27_13,-43.0,100,57,0,109.89437115652153,116.13945858260848,0.031105254927536234,3.997,0.44859,True,True,False,False,-2.15,0.0,172.5480123290919,109.06267288390103,509.5132551568798,-16.87406401446297,772.0998763554097
2025-05-27T10:15:00Z,2025-05-27T10:30:00Z,2025-05-27,2025-05-27_13,-43.0,100,57,0,116.13945858260848,120.61487153913022,0.03109094178743961,5.421,0.09633,True,True,False,False,-2.15,0.0,172.5480123290919,109.06267288390103,793.1152641666008,-3.7288952442108587,1068.847054135383
2025-05-27T10:30:00Z,2025-05-27T10:45:00Z,2025-05-27,2025-05-27_13,-43.0,100,57,0,120.61487153913022,122.72263637391283,0.03245834434782609,7.729,0.06953999999999999,True,True,False,False,-2.15,0.0,172.5480123290919,109.06267288390103,5658.539072749545,-2.8921231486603958,5935.107634813878
2025-05-27T10:45:00Z,2025-05-27T11:00:00Z,2025-05-27,2025-05-27_13,-43.0,100,57,0,122.72263637391283,127.95415785217371,0.030392873671497584,4.608,0.02109,True,True,False,False,-2.15,0.0,172.5480123290919,109.06267288390103,724.1512242156009,-0.9494000276614241,1002.6625094009324
2025-05-27T11:00:00Z,2025-05-27T11:15:00Z,2025-05-27,2025-05-27_14,0.0,100,100,0,127.95415785217371,130.488363069565,0.0074863188405797105,0.074,2.842,True,True,False,False,0.0,0.0,172.5480123290919,191.33802260333516,7.326631628862719,-4.94199834031455,366.2706682209752
2025-05-27T11:15:00Z,2025-05-27T11:30:00Z,2025-05-27,2025-05-27_14,0.0,100,100,0,130.488363069565,144.06434306956498,0.03771105555555556,0.0,14.7565,True,True,False,False,0.0,0.0,172.5480123290919,191.33802260333516,0.0,3934.5467156998343,4298.432750632262
2025-05-27T11:30:00Z,2025-05-27T11:45:00Z,2025-05-27,2025-05-27_14,0.0,100,100,0,144.06434306956498,149.98500306956498,0.01644627777777778,0.0,6.435499999999999,True,True,False,False,0.0,0.0,172.5480123290919,191.33802260333516,0.0,1851.3112151268472,2215.197250059274
2025-05-27T11:45:00Z,2025-05-27T12:00:00Z,2025-05-27,2025-05-27_14,0.0,100,100,0,149.98500306956498,162.68100306956498,0.03526666666666667,0.0,13.8,True,True,False,False,0.0,0.0,172.5480123290919,191.33802260333516,0.0,4998.641824073343,5362.52785900577
2025-05-27T12:00:00Z,2025-05-27T12:15:00Z,2025-05-27,2025-05-27_15,0.0,100,100,0,162.68100306956498,166.88692480869543,0.011994106280193238,0.0515,4.6325,True,True,False,False,0.0,0.0,172.87402197107403,191.6343950051371,5.012733146289417,1721.3189999407255,2090.840150063226
2025-05-27T12:15:00Z,2025-05-27T12:30:00Z,2025-05-27,2025-05-27_15,0.0,100,100,0,166.88692480869543,166.51101698260848,0.001271632850241546,0.3835,0.0445,True,True,False,False,0.0,0.0,172.87402197107403,191.6343950051371,39.29450476171659,-2.5018808780526354,401.30104085987506
2025-05-27T12:30:00Z,2025-05-27T12:45:00Z,2025-05-27,2025-05-27_15,0.0,100,100,0,166.51101698260848,174.93545698260849,0.023401222222222223,0.0,9.157,True,True,False,False,0.0,0.0,172.87402197107403,191.6343950051371,0.0,1150.894067612424,1515.402484588635
2025-05-27T12:45:00Z,2025-05-27T13:00:00Z,2025-05-27,2025-05-27_15,0.0,100,100,0,174.93545698260849,181.68202654782587,0.018749528985507247,0.0015,7.335,True,True,False,False,0.0,0.0,172.87402197107403,191.6343950051371,0.13777167470165178,-52.75020350904924,311.89598514186355
2025-05-27T13:00:00Z,2025-05-27T13:15:00Z,2025-05-27,2025-05-27_16,0.9999999999999547,99,100,0,181.68202654782587,182.61065580869544,0.004226174275362289,0.036135,1.345,True,True,False,False,4.704999999999787,0.0,170.82253220580097,188.4928475460365,3.8055412609657786,-41.08027345293606,326.745647559867
2025-05-27T13:15:00Z,2025-05-27T13:30:00Z,2025-05-27,2025-05-27_16,0.9999999999999547,99,100,0,182.61065580869544,182.36563044347807,0.0014978160144927196,0.11236499999999999,0.1615,True,True,False,False,4.704999999999787,0.0,170.82253220580097,188.4928475460365,12.012389516320239,-7.97933553307516,368.0534337350823
2025-05-27T13:30:00Z,2025-05-27T13:45:00Z,2025-05-27,2025-05-27_16,0.9999999999999547,99,100,0,182.36563044347807,187.74986859999981,0.016107122898550708,0.00198,6.139,True,True,False,False,4.704999999999787,0.0,170.82253220580097,188.4928475460365,0.19272255591559312,-38.88850055322848,325.3246017545244
2025-05-27T13:45:00Z,2025-05-27T14:00:00Z,2025-05-27,2025-05-27_16,0.9999999999999547,99,100,0,187.74986859999981,189.75511413043463,0.00693060352657002,0.0,2.4705,True,True,False,False,4.704999999999787,0.0,170.82253220580097,188.4928475460365,0.0,-93.02058276693273,270.99979698490455
2025-05-27T14:00:00Z,2025-05-27T14:15:00Z,2025-05-27,2025-05-27_17,9.999999999999785,90,100,0,189.75511413043463,187.23951169565208,0.008257384541062642,0.0522,0.276,True,True,False,False,152.49999999999673,0.0,155.29321109618272,167.48004425827867,5.509342211333281,-11.566402434205326,469.21619513158606
2025-05-27T14:15:00Z,2025-05-27T14:30:00Z,2025-05-27,2025-05-27_17,9.999999999999785,90,100,0,187.23951169565208,184.15108186956516,0.009584071739130277,0.5296500000000001,0.2185,True,True,False,False,152.49999999999673,0.0,155.29321109618272,167.48004425827867,57.55438606456968,-9.625190073500354,523.2024513455275
2025-05-27T14:30:00Z,2025-05-27T14:45:00Z,2025-05-27,2025-05-27_17,9.999999999999785,90,100,0,184.15108186956516,180.48128160869567,0.010255989613526407,0.88785,0.0135,True,True,False,False,152.49999999999673,0.0,155.29321109618272,167.48004425827867,96.48079931636767,-0.9414764285149766,570.8125782423108
2025-05-27T14:45:00Z,2025-05-27T15:00:00Z,2025-05-27,2025-05-27_17,9.999999999999785,90,100,0,180.48128160869567,175.82488447826094,0.012998836473429788,1.79595,0.014000000000000002,True,True,False,False,152.49999999999673,0.0,155.29321109618272,167.48004425827867,195.16567217260726,-0.5255670591954478,669.9133604678699
2025-05-27T15:00:00Z,2025-05-27T15:15:00Z,2025-05-27,2025-05-27_18,49.736094284212435,50,100,0,175.82488447826094,181.41500116301782,0.03340576501966127,0.0,19.0475,True,True,False,False,1143.930168536886,0.0,86.31846202481624,167.48004425827867,0.0,21159.0470199755,22556.77569479548
2025-05-27T15:15:00Z,2025-05-27T15:30:00Z,2025-05-27,2025-05-27_18,49.736094284212435,50,100,0,181.41500116301782,185.96647235802504,0.033630646245676854,0.0,18.012,True,True,False,False,1143.930168536886,0.0,86.31846202481624,167.48004425827867,0.0,12649.40139334545,14047.13006816543
2025-05-27T15:30:00Z,2025-05-27T15:45:00Z,2025-05-27,2025-05-27_18,49.736094284212435,50,100,0,185.96647235802504,181.20022527487737,0.03564806213082578,0.0,8.7225,True,True,False,False,1143.930168536886,0.0,86.31846202481624,167.48004425827867,0.0,-78.39771694459813,1319.3309578753826
2025-05-27T15:45:00Z,2025-05-27T16:00:00Z,2025-05-27,2025-05-27_18,49.736094284212435,50,100,0,181.20022527487737,167.86959316105845,0.037592154300809054,0.03225,0.219,True,True,False,False,1143.930168536886,0.0,86.31846202481624,167.48004425827867,4.14180431518217,-11.18755433494033,1390.6829248002227
2025-05-27T16:00:00Z,2025-05-27T16:15:00Z,2025-05-27,2025-05-27_19,0.0,100,100,0,167.86959316105845,181.36001316105845,0.037473388888888896,0.0,14.6635,True,True,False,False,0.0,0.0,172.22200268710975,166.94657393503516,0.0,3344.901612068284,3684.070188690429
2025-05-27T16:15:00Z,2025-05-27T16:30:00Z,2025-05-27,2025-05-27_19,0.0,100,100,0,181.36001316105845,188.27975229149322,0.01923961352657005,0.003,7.5249999999999995,True,True,False,False,0.0,0.0,172.22200268710975,166.94657393503516,0.38528412234252746,-198.4032591085118,141.15060163597565
2025-05-27T16:30:00Z,2025-05-27T16:45:00Z,2025-05-27,2025-05-27_19,0.0,100,100,0,188.27975229149322,188.08979924801497,0.00078575845410628,0.21749999999999997,0.0505,True,True,False,False,0.0,0.0,172.22200268710975,166.94657393503516,27.933098869833234,-3.5979603651307994,363.50371512684734
2025-05-27T16:45:00Z,2025-05-27T17:00:00Z,2025-05-27,2025-05-27_19,0.0,100,100,0,188.08979924801497,184.38633403062366,0.010376847826086956,3.422,0.0175,True,True,False,False,0.0,0.0,172.22200268710975,166.94657393503516,601.7350221291393,-1.259583695566269,939.644015055718
2025-05-27T17:00:00Z,2025-05-27T17:15:00Z,2025-05-27,2025-05-27_20,0.0,100,100,0,184.38633403062366,187.45806707410193,0.009719185990338164,0.1965,3.5709999999999997,True,True,False,False,0.0,0.0,172.22200268710975,166.2649174108907,34.82377410495534,-181.82099423061723,191.48969997233854
2025-05-27T17:15:00Z,2025-05-27T17:30:00Z,2025-05-27,2025-05-27_20,0.0,100,100,0,187.45806707410193,187.89690707410193,0.001219,0.0,0.477,True,True,False,False,0.0,0.0,172.22200268710975,166.2649174108907,0.0,-28.833656642693434,309.653263455307
2025-05-27T17:30:00Z,2025-05-27T17:45:00Z,2025-05-27,2025-05-27_20,0.0,100,100,0,187.89690707410193,189.4494209871454,0.004578239130434783,0.044,1.7395,True,True,False,False,0.0,0.0,172.22200268710975,166.2649174108907,6.836326562870465,-97.3497227930135,247.9735238678574
2025-05-27T17:45:00Z,2025-05-27T18:00:00Z,2025-05-27,2025-05-27_20,0.0,100,100,0,189.4494209871454,179.6461601175802,0.027231280193236715,9.019,0.0,True,True,False,False,0.0,0.0,172.22200268710975,166.2649174108907,3809.759462973208,0.0,4148.246383071209
2025-05-27T18:00:00Z,2025-05-27T18:15:00Z,2025-05-27,2025-05-27_21,99.99999999999997,0,0,0,179.6461601175802,152.47224707410194,0.07548309178743959,0.0,0.0,True,False,False,False,5470.999999999998,0.0,0.0,0.0,0.0,0.0,5470.999999999998
2025-05-27T18:15:00Z,2025-05-27T18:30:00Z,2025-05-27,2025-05-27_21,99.99999999999997,0,0,0,152.47224707410194,125.29833403062369,0.07548309178743959,0.0,0.0,True,False,False,False,5470.999999999998,0.0,0.0,0.0,0.0,0.0,5470.999999999998
2025-05-27T18:30:00Z,2025-05-27T18:45:00Z,2025-05-27,2025-05-27_21,99.99999999999997,0,0,0,125.29833403062369,98.12442098714544,0.07548309178743959,0.0,0.0,True,False,False,False,5470.999999999998,0.0,0.0,0.0,0.0,0.0,5470.999999999998
2025-05-27T18:45:00Z,2025-05-27T19:00:00Z,2025-05-27,2025-05-27_21,99.99999999999997,0,0,0,98.12442098714544,70.95050794366719,0.07548309178743959,0.0,0.0,True,False,False,False,5470.999999999998,0.0,0.0,0.0,0.0,0.0,5470.999999999998
2025-05-27T19:00:00Z,2025-05-27T19:15:00Z,2025-05-27,2025-05-27_22,28.784467308173998,0,0,0,70.95050794366719,63.12864182731556,0.021727405878754526,0.0,0.0,True,False,False,False,1069.1270769938526,0.0,0.0,0.0,0.0,0.0,1069.1270769938526
2025-05-27T19:15:00Z,2025-05-27T19:30:00Z,2025-05-27,2025-05-27_22,28.784467308173998,0,0,0,63.12864182731556,55.30677571096393,0.021727405878754526,0.0,0.0,True,False,False,False,1069.1270769938526,0.0,0.0,0.0,0.0,0.0,1069.1270769938526
2025-05-27T19:30:00Z,2025-05-27T19:45:00Z,2025-05-27,2025-05-27_22,28.784467308173998,0,0,0,55.30677571096393,47.484909594612304,0.021727405878754526,0.0,0.0,True,False,False,False,1069.1270769938526,0.0,0.0,0.0,0.0,0.0,1069.1270769938526
2025-05-27T19:45:00Z,2025-05-27T20:00:00Z,2025-05-27,2025-05-27_22,28.784467308173998,0,0,0,47.484909594612304,39.663043478260676,0.021727405878754526,0.0,0.0,True,False,False,False,1069.1270769938526,0.0,0.0,0.0,0.0,0.0,1069.1270769938526
2025-05-27T20:00:00Z,2025-05-27T20:15:00Z,2025-05-27,2025-05-27_23,0.0,100,100,0,39.663043478260676,23.16956521739111,0.04581521739130435,15.174,0.0,True,True,False,False,0.0,0.0,172.22200268710975,166.94657393503516,12389.232813957162,0.0,12728.401390579307
2025-05-27T20:15:00Z,2025-05-27T20:30:00Z,2025-05-27,2025-05-27_23,0.0,100,100,0,23.16956521739111,15.65869565217372,0.020863526570048304,6.909999999999999,0.0,True,True,False,False,0.0,0.0,172.22200268710975,166.94657393503516,2683.8684659764476,0.0,3023.0370425985925
2025-05-27T20:30:00Z,2025-05-27T20:45:00Z,2025-05-27,2025-05-27_23,0.0,100,100,0,15.65869565217372,9.999999999999806,0.015718599033816425,5.206,0.0,True,True,False,False,0.0,0.0,172.22200268710975,166.94657393503516,973.2191772702126,0.0,1312.3877538923575
2025-05-27T20:45:00Z,2025-05-27T21:00:00Z,2025-05-27,2025-05-27_23,0.0,100,100,0,9.999999999999806,13.407404347825894,0.009791099033816426,0.054,3.7675,True,True,False,False,0.0,0.0,172.22200268710975,166.94657393503516,6.935114202165494,-155.0114992491899,191.0921915751205
2025-05-27T21:00:00Z,2025-05-27T21:15:00Z,2025-05-28,2025-05-27_24,6.999999999999466,93,100,0,13.407404347825894,12.354928939130385,0.007258582801931993,0.0,0.9119999999999999,True,True,False,False,173.89749999998674,0.0,160.42844444444444,165.92592592592592,0.0,-46.40652325925925,453.84534711109785
2025-05-27T21:15:00Z,2025-05-27T21:30:00Z,2025-05-28,2025-05-27_24,6.999999999999466,93,100,0,12.354928939130385,10.4405568173914,0.006323030338163855,0.19251,0.21150000000000002,True,True,False,False,173.89749999998674,0.0,160.42844444444444,165.92592592592592,24.717333333333332,-12.93628,512.0329237036905
2025-05-27T21:30:00Z,2025-05-27T21:45:00Z,2025-05-28,2025-05-27_24,6.999999999999466,93,100,0,10.4405568173914,13.772600226087192,0.017448550531400733,0.0,5.618,True,True,False,False,173.89749999998674,0.0,160.42844444444444,165.92592592592592,0.0,-229.60835358024693,270.6435167901102
2025-05-27T21:45:00Z,2025-05-27T22:00:00Z,2025-05-28,2025-05-27_24,6.999999999999466,93,100,0,13.772600226087192,16.027147669565593,0.014944364879226785,0.0,4.4615,True,True,False,False,173.89749999998674,0.0,160.42844444444444,165.92592592592592,0.0,-185.90684938271605,314.3450209876411
2025-05-27T22:00:00Z,2025-05-27T22:15:00Z,2025-05-28,2025-05-28_1,14.000000000000066,86,100,0,16.027147669565593,20.402323356522096,0.025958398647343017,0.0,8.6705,True,True,False,False,322.07000000000147,0.0,148.7608888888889,165.92592592592592,0.0,-267.09250459259266,369.66431022222366
2025-05-27T22:15:00Z,2025-05-27T22:30:00Z,2025-05-28,2025-05-28_1,14.000000000000066,86,100,0,20.402323356522096,26.300576226087298,0.02882425314009663,0.0,10.285,True,True,False,False,322.07000000000147,0.0,148.7608888888889,165.92592592592592,0.0,-220.57134814814813,416.18546666666816
2025-05-27T22:30:00Z,2025-05-27T22:45:00Z,2025-05-28,2025-05-28_1,14.000000000000066,86,100,0,26.300576226087298,26.54990610434815,0.01819511922705317,0.0,4.297,True,True,False,False,322.07000000000147,0.0,148.7608888888889,165.92592592592592,0.0,-123.08475338271604,513.6720614321002
2025-05-27T22:45:00Z,2025-05-27T23:00:00Z,2025-05-28,2025-05-28_1,14.000000000000066,86,100,0,26.54990610434815,43.408748782609,0.049447932560386446,0.0,21.9035,True,True,False,False,322.07000000000147,0.0,148.7608888888889,165.92592592592592,0.0,17.59202587654321,654.3488406913596
2025-05-27T23:00:00Z,2025-05-27T23:15:00Z,2025-05-28,2025-05-28_2,0.0,100,100,0,43.408748782609,50.111868782609,0.018619777777777777,0.0,7.286,True,True,False,False,0.0,0.0,173.33333333333334,165.92592592592592,0.0,-96.08596898765433,243.17329027160494
2025-05-27T23:15:00Z,2025-05-27T23:30:00Z,2025-05-28,2025-05-28_2,0.0,100,100,0,50.111868782609,60.352388782609,0.02844588888888889,0.0,11.131,True,True,False,False,0.0,0.0,173.33333333333334,165.92592592592592,0.0,-113.07776770370371,226.18149155555557
2025-05-27T23:30:00Z,2025-05-27T23:45:00Z,2025-05-28,2025-05-28_2,0.0,100,100,0,60.352388782609,60.856262695652475,0.001526461352657005,0.021,0.5725,True,True,False,False,0.0,0.0,173.33333333333334,165.92592592592592,2.6962962962962966,-36.23175802469136,305.7237975308642
2025-05-27T23:45:00Z,2025-05-28T00:00:00Z,2025-05-28,2025-05-28_2,0.0,100,100,0,60.856262695652475,61.276288782608994,0.0012482608695652173,0.0135,0.47250000000000003,True,True,False,False,0.0,0.0,173.33333333333334,165.92592592592592,1.7333333333333334,-26.44217333333334,314.5504192592593
2025-05-28T00:00:00Z,2025-05-28T00:15:00Z,2025-05-28,2025-05-28_3,0.0,100,100,0,61.276288782608994,61.719146173913344,0.0012845072463768116,0.009,0.492,True,True,False,False,0.0,0.0,173.33333333333334,165.92592592592592,1.1555555555555554,-29.151570962962964,311.2632438518519
2025-05-28T00:15:00Z,2025-05-28T00:30:00Z,2025-05-28,2025-05-28_3,0.0,100,100,0,61.719146173913344,62.06947226086987,0.0012629830917874397,0.048,0.43750000000000006,True,True,False,False,0.0,0.0,173.33333333333334,165.92592592592592,6.2518518518518515,-26.208000000000006,319.3031111111111
2025-05-28T00:30:00Z,2025-05-28T00:45:00Z,2025-05-28,2025-05-28_3,0.0,100,100,0,62.06947226086987,61.276748782609,0.003842676328502415,1.001,0.321,True,True,False,False,0.0,0.0,173.33333333333334,165.92592592592592,161.91563041975309,-18.227664,482.9472256790124
2025-05-28T00:45:00Z,2025-05-28T01:00:00Z,2025-05-28,2025-05-28_3,0.0,100,100,0,61.276748782609,59.52576617391335,0.005259951690821257,1.6765000000000003,0.0775,True,True,False,False,0.0,0.0,173.33333333333334,165.92592592592592,270.5935576296297,-4.692741728395061,605.1600751604939
2025-05-28T01:00:00Z,2025-05-28T01:15:00Z,2025-05-28,2025-05-28_4,-99.75567937090582,100,0,0,59.52576617391335,82.43229590889811,0.06362984678712424,0.0405,0.0,True,True,False,False,-1735.7488210537613,0.0,173.33333333333334,0.0,5.2,0.0,-1557.215487720428
2025-05-28T01:15:00Z,2025-05-28T01:30:00Z,2025-05-28,2025-05-28_4,-99.75567937090582,100,0,0,82.43229590889811,105.30707157101465,0.06354215003046754,0.075,0.0,True,True,False,False,-1735.7488210537613,0.0,173.33333333333334,0.0,9.62962962962963,0.0,-1552.7858580907982
2025-05-28T01:30:00Z,2025-05-28T01:45:00Z,2025-05-28,2025-05-28_4,-99.75567937090582,100,0,0,105.30707157101465,128.11925949530394,0.06336929845212967,0.143,0.0,True,True,False,False,-1735.7488210537613,0.0,173.33333333333334,0.0,18.474074666666667,0.0,-1543.9414130537612
2025-05-28T01:45:00Z,2025-05-28T02:00:00Z,2025-05-28,2025-05-28_4,-99.75567937090582,100,0,0,128.11925949530394,150.96964434782603,0.06347478875361527,0.1015,0.0,True,True,False,False,-1735.7488210537613,0.0,173.33333333333334,0.0,13.106181234567902,0.0,-1549.3093064858601
2025-05-28T02:00:00Z,2025-05-28T02:15:00Z,2025-05-28,2025-05-28_5,0.0,100,100,0,150.96964434782603,151.36346086956516,0.001374731884057971,0.0465,0.483,True,True,False,False,0.0,0.0,173.33333333333334,165.92592592592592,6.08395437037037,-25.23268325925926,320.1105303703704
2025-05-28T02:15:00Z,2025-05-28T02:30:00Z,2025-05-28,2025-05-28_5,0.0,100,100,0,151.36346086956516,161.69782086956516,0.028706555555555555,0.0,11.233,True,True,False,False,0.0,0.0,173.33333333333334,165.92592592592592,0.0,-165.34088454320988,173.91837471604939
2025-05-28T02:30:00Z,2025-05-28T02:45:00Z,2025-05-28,2025-05-28_5,0.0,100,100,0,161.69782086956516,173.21530086956517,0.031993,0.0,12.519,True,True,False,False,0.0,0.0,173.33333333333334,165.92592592592592,0.0,-164.68203555555556,174.5772237037037
2025-05-28T02:45:00Z,2025-05-28T03:00:00Z,2025-05-28,2025-05-28_5,0.0,100,100,0,173.21530086956517,175.63168086956517,0.0067121666666666675,0.0,2.6265,True,True,False,False,0.0,0.0,173.33333333333334,165.92592592592592,0.0,-92.64994962962965,246.60930962962962
2025-05-28T03:00:00Z,2025-05-28T03:15:00Z,2025-05-28,2025-05-28_6,0.0,100,100,0,175.63168086956517,188.84037652173907,0.03678140096618357,0.015,14.374999999999998,True,True,False,False,0.0,0.0,172.9777777777778,165.92592592592592,1.9259259259259258,-10.134197530864196,330.6954320987654
2025-05-28T03:15:00Z,2025-05-28T03:30:00Z,2025-05-28,2025-05-28_6,0.0,100,100,0,188.84037652173907,188.79952956521734,0.0008647971014492755,0.162,0.147,True,True,False,False,0.0,0.0,172.9777777777778,165.92592592592592,21.422207999999998,-8.12978962962963,352.1961220740741
2025-05-28T03:30:00Z,2025-05-28T03:45:00Z,2025-05-28,2025-05-28_6,0.0,100,100,0,188.79952956521734,187.03488608695648,0.006281787439613527,1.852,0.27,True,True,False,False,0.0,0.0,172.9777777777778,165.92592592592592,317.2314121481482,-10.469546666666666,645.6655691851853
2025-05-28T03:45:00Z,2025-05-28T04:00:00Z,2025-05-28,2025-05-28_6,0.0,100,100,0,187.03488608695648,183.03379913043474,0.011114130434782609,3.681,0.0,True,True,False,False,0.0,0.0,172.9777777777778,165.92592592592592,641.0778702222221,0.0,979.9815739259259
2025-05-28T04:00:00Z,2025-05-28T04:15:00Z,2025-05-28,2025-05-28_7,0.0,100,100,0,183.03379913043474,187.22021999999996,0.011680275362318842,0.0085,4.5605,True,True,False,False,0.0,0.0,172.9777777777778,165.92592592592592,1.0913580246913581,-154.81467417283952,185.18038755555554
2025-05-28T04:15:00Z,2025-05-28T04:30:00Z,2025-05-28,2025-05-28_7,0.0,100,100,0,187.22021999999996,189.97193999999996,0.0076436666666666675,0.0,2.991,True,True,False,False,0.0,0.0,172.9777777777778,165.92592592592592,0.0,-124.11719466666668,214.78650903703704
2025-05-28T04:30:00Z,2025-05-28T04:45:00Z,2025-05-28,2025-05-28_7,0.0,100,100,0,189.97193999999996,189.5385869565217,0.001359647342995169,0.4245,0.0305,True,True,False,False,0.0,0.0,172.9777777777778,165.92592592592592,59.665456,-2.3496296296296295,396.2195300740741
2025-05-28T04:45:00Z,2025-05-28T05:00:00Z,2025-05-28,2025-05-28_7,0.0,100,100,0,189.5385869565217,189.64091217391302,0.0010088743961352657,0.12,0.253,True,True,False,False,0.0,0.0,172.9777777777778,165.92592592592592,15.555555555555554,-14.328870518518519,340.1303887407407
2025-05-28T05:00:00Z,2025-05-28T05:15:00Z,2025-05-28,2025-05-28_8,99.99999999999997,0,0,0,189.64091217391302,162.46699913043477,0.07548309178743959,0.0,0.0,True,False,False,False,2569.499999999999,0.0,0.0,0.0,0.0,0.0,2569.499999999999
2025-05-28T05:15:00Z,2025-05-28T05:30:00Z,2025-05-28,2025-05-28_8,99.99999999999997,0,0,0,162.46699913043477,135.29308608695652,0.07548309178743959,0.0,0.0,True,False,False,False,2569.499999999999,0.0,0.0,0.0,0.0,0.0,2569.499999999999
2025-05-28T05:30:00Z,2025-05-28T05:45:00Z,2025-05-28,2025-05-28_8,99.99999999999997,0,0,0,135.29308608695652,108.11917304347827,0.07548309178743959,0.0,0.0,True,False,False,False,2569.499999999999,0.0,0.0,0.0,0.0,0.0,2569.499999999999
2025-05-28T05:45:00Z,2025-05-28T06:00:00Z,2025-05-28,2025-05-28_8,99.99999999999997,0,0,0,108.11917304347827,80.94526000000002,0.07548309178743959,0.0,0.0,True,False,False,False,2569.499999999999,0.0,0.0,0.0,0.0,0.0,2569.499999999999
2025-05-28T06:00:00Z,2025-05-28T06:15:00Z,2025-05-28,2025-05-28_9,96.0,4,100,0,80.94526000000002,75.67850640000002,0.01857012888888889,0.0,19.273,True,True,False,False,2355.84,0.0,6.953481481481481,165.92592592592592,0.0,-73.4106190617284,2455.308788345679
2025-05-28T06:15:00Z,2025-05-28T06:30:00Z,2025-05-28,2025-05-28_9,96.0,4,100,0,75.67850640000002,50.8899975304348,0.06910281352657004,0.00054,1.2025,True,True,False,False,2355.84,0.0,6.953481481481481,165.92592592592592,0.06933333333333333,-60.46538172839506,2468.323359012346
2025-05-28T06:30:00Z,2025-05-28T06:45:00Z,2025-05-28,2025-05-28_9,96.0,4,100,0,50.8899975304348,25.3858963130435,0.07095563671497583,0.00294,0.5425,True,True,False,False,2355.84,0.0,6.953481481481481,165.92592592592592,0.3774814814814815,-28.17795901234568,2500.918929876543
2025-05-28T06:45:00Z,2025-05-28T07:00:00Z,2025-05-28,2025-05-28_9,96.0,4,100,0,25.3858963130435,10.109284347826108,0.044480908792270527,0.0,10.007,True,True,False,False,2355.84,0.0,6.953481481481481,165.92592592592592,0.0,-96.88555022222222,2431.8338571851855
2025-05-28T07:00:00Z,2025-05-28T07:15:00Z,2025-05-28,2025-05-28_10,0.10054160000000303,0,0,0,10.109284347826108,10.081963260869585,7.589190821256267e-05,0.0,0.0,True,False,False,False,2.356192396000071,0.0,0.0,0.0,0.0,0.0,2.356192396000071
2025-05-28T07:15:00Z,2025-05-28T07:30:00Z,2025-05-28,2025-05-28_10,0.10054160000000303,0,0,0,10.081963260869585,10.054642173913063,7.589190821256267e-05,0.0,0.0,True,False,False,False,2.356192396000071,0.0,0.0,0.0,0.0,0.0,2.356192396000071
2025-05-28T07:30:00Z,2025-05-28T07:45:00Z,2025-05-28,2025-05-28_10,0.10054160000000303,0,0,0,10.054642173913063,10.02732108695654,7.589190821256267e-05,0.0,0.0,True,False,False,False,2.356192396000071,0.0,0.0,0.0,0.0,0.0,2.356192396000071
2025-05-28T07:45:00Z,2025-05-28T08:00:00Z,2025-05-28,2025-05-28_10,0.10054160000000303,0,0,0,10.02732108695654,10.000000000000018,7.589190821256267e-05,0.0,0.0,True,False,False,False,2.356192396000071,0.0,0.0,0.0,0.0,0.0,2.356192396000071
2025-05-28T08:00:00Z,2025-05-28T08:15:00Z,2025-05-28,2025-05-28_11,31.0,69,100,0,10.000000000000018,10.202369600000019,0.030744082222222222,0.0,8.877,True,True,False,False,621.3950000000001,0.0,119.7431111111111,165.92592592592592,0.0,977.292382814815,1884.3564198518523
2025-05-28T08:15:00Z,2025-05-28T08:30:00Z,2025-05-28,2025-05-28_11,31.0,69,100,0,10.202369600000019,15.895649426086974,0.03541898381642512,0.0,14.527499999999998,True,True,False,False,621.3950000000001,0.0,119.7431111111111,165.92592592592592,0.0,136.6374148148148,1043.701451851852
2025-05-28T08:30:00Z,2025-05-28T08:45:00Z,2025-05-28,2025-05-28_11,31.0,69,100,0,15.895649426086974,13.871238956521758,0.02884822574879227,0.0,6.5855,True,True,False,False,621.3950000000001,0.0,119.7431111111111,165.92592592592592,0.0,-84.30740839506173,822.7566286419753
2025-05-28T08:45:00Z,2025-05-28T09:00:00Z,2025-05-28,2025-05-28_11,31.0,69,100,0,13.871238956521758,23.17653777391306,0.038494217729468594,0.0,18.2445,True,True,False,False,621.3950000000001,0.0,119.7431111111111,165.92592592592592,0.0,1043.09888,1950.1629170370372
2025-05-28T09:00:00Z,2025-05-28T09:15:00Z,2025-05-28,2025-05-28_12,0.0,100,100,0,23.17653777391306,32.67691777391306,0.026389944444444445,0.0,10.3265,True,True,False,False,0.0,0.0,173.1259259259259,178.45925925925923,0.0,2612.16696237037,2963.7521475555554
2025-05-28T09:15:00Z,2025-05-28T09:30:00Z,2025-05-28,2025-05-28_12,0.0,100,100,0,32.67691777391306,33.4851247304348,0.0027945362318840586,0.091,0.9860000000000001,True,True,False,False,0.0,0.0,173.1259259259259,178.45925925925923,9.88641975308642,-37.75605807407408,323.71554686419745
2025-05-28T09:30:00Z,2025-05-28T09:45:00Z,2025-05-28,2025-05-28_12,0.0,100,100,0,33.4851247304348,33.856722121739146,0.001850451690821256,0.1355,0.564,True,True,False,False,0.0,0.0,173.1259259259259,178.45925925925923,14.72098765432099,-22.411828148148146,343.89434469135796
2025-05-28T09:45:00Z,2025-05-28T10:00:00Z,2025-05-28,2025-05-28_12,0.0,100,100,0,33.856722121739146,33.78321516521741,0.0007740748792270532,0.162,0.11150000000000002,True,True,False,False,0.0,0.0,173.1259259259259,178.45925925925923,17.6,-5.9624583703703715,363.2227268148148
2025-05-28T10:00:00Z,2025-05-28T10:15:00Z,2025-05-28,2025-05-28_13,0.0,100,100,0,33.78321516521741,32.98544473043481,0.0032791400966183572,0.91,0.208,True,True,False,False,0.0,0.0,173.1259259259259,178.8740740740741,101.81736098765433,-8.695324444444443,445.1220365432099
2025-05-28T10:15:00Z,2025-05-28T10:30:00Z,2025-05-28,2025-05-28_13,0.0,100,100,0,32.98544473043481,34.51373255652177,0.00505442270531401,0.134,1.8195,True,True,False,False,0.0,0.0,173.1259259259259,178.8740740740741,14.409876938271607,-27.282616296296293,339.12726064197534
2025-05-28T10:30:00Z,2025-05-28T10:45:00Z,2025-05-28,2025-05-28_13,0.0,100,100,0,34.51373255652177,37.1532995130435,0.007395536231884058,0.0105,2.8815,True,True,False,False,0.0,0.0,173.1259259259259,178.8740740740741,1.1407407407407408,-79.21236385185186,273.92837688888886
2025-05-28T10:45:00Z,2025-05-28T11:00:00Z,2025-05-28,2025-05-28_13,0.0,100,100,0,37.1532995130435,38.8046995130435,0.004587222222222223,0.0,1.7950000000000002,True,True,False,False,0.0,0.0,173.1259259259259,178.8740740740741,0.0,-68.77021728395063,283.2297827160494
2025-05-28T11:00:00Z,2025-05-28T11:15:00Z,2025-05-28,2025-05-28_14,-100.0,100,0,0,38.8046995130435,55.277759513043506,0.045758500000000014,7.094499999999999,0.0,True,True,False,False,-1306.75,0.0,173.1259259259259,0.0,1467.4186723950615,0.0,333.79459832098746
2025-05-28T11:15:00Z,2025-05-28T11:30:00Z,2025-05-28,2025-05-28_14,-100.0,100,0,0,55.277759513043506,69.7447595130435,0.04018611111111111,9.275,0.0,True,True,False,False,-1306.75,0.0,173.1259259259259,0.0,1698.6889975308643,0.0,565.0649234567902
2025-05-28T11:30:00Z,2025-05-28T11:45:00Z,2025-05-28,2025-05-28_14,-100.0,100,0,0,69.7447595130435,90.32239951304351,0.05716011111111111,2.633,0.0,True,True,False,False,-1306.75,0.0,173.1259259259259,0.0,333.9169299753086,0.0,-799.7071440987654
2025-05-28T11:45:00Z,2025-05-28T12:00:00Z,2025-05-28,2025-05-28_14,-100.0,100,0,0,90.32239951304351,113.2883595130435,0.06379433333333334,0.037,0.0,True,True,False,False,-1306.75,0.0,173.1259259259259,0.0,4.019753086419753,0.0,-1129.6043209876543
2025-05-28T12:00:00Z,2025-05-28T12:15:00Z,2025-05-28,2025-05-28_15,0.0,100,100,0,113.2883595130435,114.08944646956525,0.002566425120772947,0.056499999999999995,0.9375,True,True,False,False,0.0,0.0,172.9777777777778,192.79999999999998,6.138271604938271,-37.35648148148148,334.5595679012346
2025-05-28T12:15:00Z,2025-05-28T12:30:00Z,2025-05-28,2025-05-28_15,0.0,100,100,0,114.08944646956525,114.21696212173916,0.0005836787439613526,0.038,0.1835,True,True,False,False,0.0,0.0,172.9777777777778,192.79999999999998,4.128395061728395,-10.216301333333334,359.68987150617284
2025-05-28T12:30:00Z,2025-05-28T12:45:00Z,2025-05-28,2025-05-28_15,0.0,100,100,0,114.21696212173916,128.84220212173915,0.04062566666666667,0.0,15.897,True,True,False,False,0.0,0.0,172.9777777777778,192.79999999999998,0.0,9457.124514962963,9822.90229274074
2025-05-28T12:45:00Z,2025-05-28T13:00:00Z,2025-05-28,2025-05-28_15,0.0,100,100,0,128.84220212173915,129.86874733913044,0.0035067077294685988,0.1085,1.244,True,True,False,False,0.0,0.0,172.9777777777778,192.79999999999998,11.787654320987654,-47.93522093827161,329.6302111604938
2025-05-28T13:00:00Z,2025-05-28T13:15:00Z,2025-05-28,2025-05-28_16,-68.73648757533971,100,31,0,129.86874733913044,141.8845122476608,0.040745572148903765,3.903,0.00093,True,True,False,False,-1023.4862999968083,0.0,172.9777777777778,58.840296296296295,573.4453357037037,-0.07164444444444446,-218.29453466347496
2025-05-28T13:15:00Z,2025-05-28T13:30:00Z,2025-05-28,2025-05-28_16,-68.73648757533971,100,31,0,141.8845122476608,155.22890023290614,0.04185449777016974,2.5355,0.0,True,True,False,False,-1023.4862999968083,0.0,172.9777777777778,58.840296296296295,332.99917254320985,0.0,-458.6690533795243
2025-05-28T13:30:00Z,2025-05-28T13:45:00Z,2025-05-28,2025-05-28_16,-68.73648757533971,100,31,0,155.22890023290614,170.73328984798914,0.04369547344052038,0.3325,0.01984,True,True,False,False,-1023.4862999968083,0.0,172.9777777777778,58.840296296296295,36.123456790123456,-1.478694305185185,-757.023463437796
2025-05-28T13:45:00Z,2025-05-28T14:00:00Z,2025-05-28,2025-05-28_16,-68.73648757533971,100,31,0,170.73328984798914,186.3230696015462,0.04373915921022324,0.22999999999999998,0.00434,True,True,False,False,-1023.4862999968083,0.0,172.9777777777778,58.840296296296295,24.98765432098765,-0.32368555851851855,-767.0042571602651
2025-05-28T14:00:00Z,2025-05-28T14:15:00Z,2025-05-28,2025-05-28_17,-7.627617590717956,100,92,0,186.3230696015462,188.03488315556925,0.00570330486078734,0.17,0.15226,True,True,False,False,-145.1726317953395,0.0,172.9777777777778,152.65185185185183,18.469135802469136,-11.068256857283952,187.8578767794753
2025-05-28T14:15:00Z,2025-05-28T14:30:00Z,2025-05-28,2025-05-28_17,-7.627617590717956,100,92,0,188.03488315556925,189.883595091607,0.005394689905783066,0.0465,0.15686,True,True,False,False,-145.1726317953395,0.0,172.9777777777778,152.65185185185183,5.051851851851851,-11.614983371851853,173.8938663142901
2025-05-28T14:30:00Z,2025-05-28T14:45:00Z,2025-05-28,2025-05-28_17,-7.627617590717956,100,92,0,189.883595091607,187.9958690352676,0.014226473563284162,3.4905,0.11684000000000001,True,True,False,False,-145.1726317953395,0.0,172.9777777777778,152.65185185185183,1962.3711659259259,-8.516153141728395,2134.3120106184874
2025-05-28T14:45:00Z,2025-05-28T15:00:00Z,2025-05-28,2025-05-28_17,-7.627617590717956,100,92,0,187.9958690352676,165.9229091826084,0.062412781461229645,22.181,0.0,True,True,False,False,-145.1726317953395,0.0,172.9777777777778,152.65185185185183,24398.83273264198,0.0,24579.28973047627
2025-05-28T15:00:00Z,2025-05-28T15:15:00Z,2025-05-28,2025-05-28_18,-2.741373492661067e-13,100,100,0,165.9229091826084,166.6950857043476,0.0022173985507248127,0.012,0.8535000000000001,True,True,False,False,-7.679272496316813e-12,0.0,173.1259259259259,165.92592592592592,1.6147152592592593,-49.36728296296297,291.29928414814043
2025-05-28T15:15:00Z,2025-05-28T15:30:00Z,2025-05-28,2025-05-28_18,-2.741373492661067e-13,100,100,0,166.6950857043476,166.17891092173898,0.0031102632850243178,0.7525,0.328,True,True,False,False,-7.679272496316813e-12,0.0,173.1259259259259,165.92592592592592,133.64652691358023,-20.76860365432099,451.9297751111034
2025-05-28T15:30:00Z,2025-05-28T15:45:00Z,2025-05-28,2025-05-28_18,-2.741373492661067e-13,100,100,0,166.17891092173898,166.68353092173905,0.0029989444444446156,0.2645,0.861,True,True,False,False,-7.679272496316813e-12,0.0,173.1259259259259,165.92592592592592,46.53172819753086,-51.928376888888884,333.6552031604861
2025-05-28T15:45:00Z,2025-05-28T16:00:00Z,2025-05-28,2025-05-28_18,-2.741373492661067e-13,100,100,0,166.68353092173905,166.71235700869565,0.0011338164251209451,0.1745,0.2375,True,True,False,False,-7.679272496316813e-12,0.0,173.1259259259259,165.92592592592592,29.43505639506172,-14.296397530864196,354.1905107160417
2025-05-28T16:00:00Z,2025-05-28T16:15:00Z,2025-05-28,2025-05-28_19,8.000000000000407,92,100,0,166.71235700869565,185.38822862608686,0.053163169951690625,0.0,22.3385,True,True,False,False,261.8000000000133,0.0,158.78518518518516,165.92592592592592,0.0,-61.599103209876546,524.9120079012479
2025-05-28T16:15:00Z,2025-05-28T16:30:00Z,2025-05-28,2025-05-28_19,8.000000000000407,92,100,0,185.38822862608686,188.1607727999998,0.017420110628019507,0.0368,5.3425,True,True,False,False,261.8000000000133,0.0,158.78518518518516,165.92592592592592,6.31796938271605,-219.45143209876542,373.377648395075
2025-05-28T16:30:00Z,2025-05-28T16:45:00Z,2025-05-28,2025-05-28_19,8.000000000000407,92,100,0,188.1607727999998,187.90404347826055,0.010931065893720063,0.10212,2.173,True,True,False,False,261.8000000000133,0.0,158.78518518518516,165.92592592592592,18.098326684444444,-124.98752612345679,479.62191167211205
2025-05-28T16:45:00Z,2025-05-28T17:00:00Z,2025-05-28,2025-05-28_19,8.000000000000407,92,100,0,187.90404347826055,180.20763043478217,0.021378925120773253,5.080699999999999,0.0,True,True,False,False,261.8000000000133,0.0,158.78518518518516,165.92592592592592,1400.8220015407405,0.0,1987.333112651865
2025-05-28T17:00:00Z,2025-05-28T17:15:00Z,2025-05-28,2025-05-28_20,21.872844228776458,78,100,0,180.20763043478217,171.96181406286803,0.02291103522614841,2.11926,0.0015,True,True,False,False,773.0956792661038,0.0,134.55288888888887,165.92592592592592,422.2800846814815,-0.11555555555555556,1495.7390232068446
2025-05-28T17:15:00Z,2025-05-28T17:30:00Z,2025-05-28,2025-05-28_20,21.872844228776458,78,100,0,171.96181406286803,166.9721774868701,0.019398622480567198,0.34280999999999995,1.387,True,True,False,False,773.0956792661038,0.0,134.55288888888887,165.92592592592592,60.758865671111096,-83.0679437037037,1051.265416048326
2025-05-28T17:30:00Z,2025-05-28T17:45:00Z,2025-05-28,2025-05-28_20,21.872844228776458,78,100,0,166.9721774868701,162.46723613654078,0.01852543699383092,0.00117,1.5055,True,True,False,False,773.0956792661038,0.0,134.55288888888887,165.92592592592592,0.16177777777777777,-90.20985738271605,983.5264144759803
2025-05-28T17:45:00Z,2025-05-28T18:00:00Z,2025-05-28,2025-05-28_20,21.872844228776458,78,100,0,162.46723613654078,155.17032190434725,0.020313131023671112,1.2546300000000001,0.011,True,True,False,False,773.0956792661038,0.0,134.55288888888887,165.92592592592592,221.7350659140741,-0.8225175308641974,1294.4870424641285
2025-05-28T18:00:00Z,2025-05-28T18:15:00Z,2025-05-28,2025-05-28_21,100.0,0,100,0,155.17032190434725,127.99858277391247,0.07547705314009662,0.0,0.002,True,True,False,False,4323.75,0.0,0.0,165.92592592592592,0.0,-0.15407407407407409,4489.521851851852
2025-05-28T18:15:00Z,2025-05-28T18:30:00Z,2025-05-28,2025-05-28_21,100.0,0,100,0,127.99858277391247,100.82684364347769,0.07547705314009662,0.0,0.002,True,True,False,False,4323.75,0.0,0.0,165.92592592592592,0.0,-0.15407407407407409,4489.521851851852
2025-05-28T18:30:00Z,2025-05-28T18:45:00Z,2025-05-28,2025-05-28_21,100.0,0,100,0,100.82684364347769,73.70727842608638,0.07533212560386472,0.0,0.05,True,True,False,False,4323.75,0.0,0.0,165.92592592592592,0.0,-3.6361481481481484,4486.039777777778
2025-05-28T18:45:00Z,2025-05-28T19:00:00Z,2025-05-28,2025-05-28_21,100.0,0,100,0,73.70727842608638,46.53825668695593,0.07546950483091788,0.0,0.0045,True,True,False,False,4323.75,0.0,0.0,165.92592592592592,0.0,-0.3466666666666666,4489.329259259259
2025-05-28T19:00:00Z,2025-05-28T19:15:00Z,2025-05-28,2025-05-28_22,0.0,100,100,0,46.53825668695593,38.04912625217332,0.02358091787439614,7.8100000000000005,0.0,True,True,False,False,0.0,0.0,172.5037037037037,165.92592592592592,3445.9602113580254,0.0,3784.389840987655
2025-05-28T19:15:00Z,2025-05-28T19:30:00Z,2025-05-28,2025-05-28_22,0.0,100,100,0,38.04912625217332,34.25736364347767,0.010563340579710144,3.4935,0.006,True,True,False,False,0.0,0.0,172.5037037037037,165.92592592592592,654.3661911111111,-0.37096296296296294,992.4248577777778
2025-05-28T19:30:00Z,2025-05-28T19:45:00Z,2025-05-28,2025-05-28_22,0.0,100,100,0,34.25736364347767,37.034843643477664,0.007715222222222222,0.0,3.019,True,True,False,False,0.0,0.0,172.5037037037037,165.92592592592592,0.0,-169.11647841975312,169.3131512098765
2025-05-28T19:45:00Z,2025-05-28T20:00:00Z,2025-05-28,2025-05-28_22,0.0,100,100,0,37.034843643477664,39.87442364347766,0.007887722222222223,0.0,3.0865,True,True,False,False,0.0,0.0,172.5037037037037,165.92592592592592,0.0,-168.12081669135802,170.30881293827161
2025-05-28T20:00:00Z,2025-05-28T20:15:00Z,2025-05-28,2025-05-28_23,56.999999999999986,43,100,0,39.87442364347766,21.431370286955925,0.051601029323671485,2.8749800000000003,0.1685,True,True,False,False,1772.8424999999995,0.0,74.1765925925926,165.92592592592592,580.4693940227161,-9.488388938271607,2583.9260236029627
2025-05-28T20:15:00Z,2025-05-28T20:30:00Z,2025-05-28,2025-05-28_23,56.999999999999986,43,100,0,21.431370286955925,9.999999999999405,0.040804255241545885,0.112875,4.118,True,True,False,False,1772.8424999999995,0.0,74.1765925925926,165.92592592592592,18.454956592592595,-171.99777698765436,1859.4021981234562
2025-05-28T20:30:00Z,2025-05-28T20:45:00Z,2025-05-28,2025-05-28_23,56.999999999999986,43,100,0,9.999999999999405,12.203676556521147,0.03218264623188406,0.0,17.4285,True,True,False,False,1772.8424999999995,0.0,74.1765925925926,165.92592592592592,0.0,-222.95397866666664,1789.9910398518514
2025-05-28T20:45:00Z,2025-05-28T21:00:00Z,2025-05-28,2025-05-28_23,56.999999999999986,43,100,0,12.203676556521147,10.159901843477675,0.03478561975845411,0.0,13.2445,True,True,False,False,1772.8424999999995,0.0,74.1765925925926,165.92592592592592,0.0,-171.69581155555557,1841.2492069629625
2025-05-28T21:00:00Z,2025-05-28T21:15:00Z,2025-05-29,2025-05-28_24,0.0,100,100,0,10.159901843477675,15.210241843477675,0.014028722222222224,0.0,5.4895,True,True,False,False,0.0,0.0,173.75823393270431,164.856685063201,0.0,614.4041949043577,953.019113900263
2025-05-28T21:15:00Z,2025-05-28T21:30:00Z,2025-05-29,2025-05-28_24,0.0,100,100,0,15.210241843477675,15.291423582608111,0.0004670507246376812,0.04,0.1355,True,True,False,False,0.0,0.0,173.75823393270431,164.856685063201,5.212351393586929,-9.340099994065634,334.48717039542663
2025-05-28T21:30:00Z,2025-05-28T21:45:00Z,2025-05-29,2025-05-28_24,0.0,100,100,0,15.291423582608111,15.396019234782024,0.0004505676328502415,0.0265,0.145,True,True,False,False,0.0,0.0,173.75823393270431,164.856685063201,3.4617115700354084,-10.023136114572823,332.0534944513679
2025-05-28T21:45:00Z,2025-05-28T22:00:00Z,2025-05-29,2025-05-28_24,0.0,100,100,0,15.396019234782024,15.877653147825502,0.001603572463768116,0.044,0.5755,True,True,False,False,0.0,0.0,173.75823393270431,164.856685063201,5.9986588333036615,-30.734088382489666,313.87948944671933
2025-05-28T22:00:00Z,2025-05-28T22:15:00Z,2025-05-29,2025-05-29_1,-25.0,100,75,0,15.877653147825502,22.58173532173855,0.018629243961352657,0.0015,1.03875,True,True,False,False,-604.625,0.0,173.96593673965936,123.64251379740075,0.19286689217257136,-50.009505370601154,-356.83318794136846
2025-05-28T22:15:00Z,2025-05-28T22:30:00Z,2025-05-29,2025-05-29_1,-25.0,100,75,0,22.58173532173855,26.36375836521681,0.019035963768115942,1.8835000000000002,0.00075,True,True,False,False,-604.625,0.0,173.96593673965936,123.64251379740075,311.3615180108006,-0.057860067651771416,4.287108480208917
2025-05-28T22:30:00Z,2025-05-28T22:45:00Z,2025-05-29,2025-05-29_1,-25.0,100,75,0,26.36375836521681,27.07006184347768,0.023816573671497587,4.8255,0.0,True,True,False,False,-604.625,0.0,173.96593673965936,123.64251379740075,877.5808382291852,0.0,570.5642887662453
2025-05-28T22:45:00Z,2025-05-28T23:00:00Z,2025-05-29,2025-05-29_1,-25.0,100,75,0,27.07006184347768,22.28061227826029,0.03236399879227053,10.0835,0.0,True,True,False,False,-604.625,0.0,173.96593673965936,123.64251379740075,6154.653007635551,0.0,5847.636458172611
2025-05-28T23:00:00Z,2025-05-28T23:15:00Z,2025-05-29,2025-05-29_2,-8.40245271374212,100,91,0,22.28061227826029,16.452151143354296,0.023820147710716832,7.233499999999999,0.0,True,True,False,False,-193.90760250138376,0.0,173.96593673965936,150.01958340751293,1462.1334126560243,0.0,1592.211330301813
2025-05-28T23:15:00Z,2025-05-28T23:30:00Z,2025-05-29,2025-05-29_2,-8.40245271374212,100,91,0,16.452151143354296,11.431604851895765,0.021899322209027884,6.4805,0.0,True,True,False,False,-193.90760250138376,0.0,173.96593673965936,150.01958340751293,1802.6950412438432,0.0,1932.7729588896318
2025-05-28T23:30:00Z,2025-05-28T23:45:00Z,2025-05-29,2025-05-29_2,-8.40245271374212,100,91,0,11.431604851895765,12.732080072530064,0.006942245387409718,0.602,0.015015,True,True,False,False,-193.90760250138376,0.0,173.96593673965936,150.01958340751293,78.86768025636461,-1.1583585543884638,207.78723934776465
2025-05-28T23:45:00Z,2025-05-29T00:00:00Z,2025-05-29,2025-05-29_2,-8.40245271374212,100,91,0,12.732080072530064,14.814723669519624,0.00909004468388037,0.5975,0.85995,True,True,False,False,-193.90760250138376,0.0,173.96593673965936,150.01958340751293,79.08527634363936,-37.2512315292861,171.91196246014178
2025-05-29T00:00:00Z,2025-05-29T00:15:00Z,2025-05-29,2025-05-29_3,0.0,100,100,0,14.814723669519624,15.786913234737016,0.002709584541062802,0.0015,1.0585,True,True,False,False,0.0,0.0,173.96593673965936,164.64898225624592,0.19286689217257136,-47.975994797539215,290.8317910905386
2025-05-29T00:15:00Z,2025-05-29T00:30:00Z,2025-05-29,2025-05-29_3,0.0,100,100,0,15.786913234737016,15.524464539084843,0.0009104685990338164,0.2715,0.0355,True,True,False,False,0.0,0.0,173.96593673965936,164.64898225624592,34.90890748323542,-2.3897701422269693,371.1340563369137
2025-05-29T00:30:00Z,2025-05-29T00:45:00Z,2025-05-29,2025-05-29_3,0.0,100,100,0,15.524464539084843,15.410104539084843,0.0007239999999999999,0.1725,0.0795,True,True,False,False,0.0,0.0,173.96593673965936,164.64898225624592,22.179692599845705,-5.368817280873539,355.42579431487746
2025-05-29T00:45:00Z,2025-05-29T01:00:00Z,2025-05-29,2025-05-29_3,0.0,100,100,0,15.410104539084843,15.166883669519624,0.0008008357487922706,0.24450000000000002,0.0245,True,True,False,False,0.0,0.0,173.96593673965936,164.64898225624592,31.437303424129134,-1.78208869898918,368.2701337210452
2025-05-29T01:00:00Z,2025-05-29T01:15:00Z,2025-05-29,2025-05-29_4,-32.0,100,68,0,15.166883669519624,15.715401339084845,0.028586099806763285,6.590499999999999,0.0,True,True,False,False,-719.92,0.0,173.96593673965936,112.10254584297668,1166.784320614009,0.0,732.9328031966451
2025-05-29T01:15:00Z,2025-05-29T01:30:00Z,2025-05-29,2025-05-29_4,-32.0,100,68,0,15.715401339084845,18.99605671299789,0.025320419516908214,3.9469999999999996,0.0,True,True,False,False,-719.92,0.0,173.96593673965936,112.10254584297668,702.1167479674797,0.0,268.26523055011575
2025-05-29T01:30:00Z,2025-05-29T01:45:00Z,2025-05-29,2025-05-29_4,-32.0,100,68,0,18.99605671299789,14.708168712997892,0.03436697777777778,11.27,0.0,True,True,False,False,-719.92,0.0,173.96593673965936,112.10254584297668,4991.872310248649,0.0,4558.020792831286
2025-05-29T01:45:00Z,2025-05-29T02:00:00Z,2025-05-29,2025-05-29_4,-32.0,100,68,0,14.708168712997892,19.226993547780502,0.0238404554589372,2.749,0.0,True,True,False,False,-719.92,0.0,173.96593673965936,112.10254584297668,486.7170488398315,0.0,52.865531422467555
2025-05-29T02:00:00Z,2025-05-29T02:15:00Z,2025-05-29,2025-05-29_5,0.0,100,100,0,19.226993547780502,14.209058765171807,0.013938707729468598,4.6165,0.0,True,True,False,False,0.0,0.0,173.96593673965936,164.64898225624592,820.7978651118628,0.0,1159.4127841077682
2025-05-29T02:15:00Z,2025-05-29T02:30:00Z,2025-05-29,2025-05-29_5,0.0,100,100,0,14.209058765171807,10.659738765171808,0.010071333333333333,3.3005,0.0415,True,True,False,False,0.0,0.0,173.96593673965936,164.64898225624592,584.8413138686132,-2.661564199948569,920.7946686645698
2025-05-29T02:30:00Z,2025-05-29T02:45:00Z,2025-05-29,2025-05-29_5,0.0,100,100,0,10.659738765171808,10.121618765171808,0.001630222222222222,0.5175,0.0265,True,True,False,False,0.0,0.0,173.96593673965936,164.64898225624592,84.8564669752537,-1.7868379720293552,421.6845479991296
2025-05-29T02:45:00Z,2025-05-29T03:00:00Z,2025-05-29,2025-05-29_5,0.0,100,100,0,10.121618765171808,10.091527460823981,0.0010546980676328502,0.1885,0.19,True,True,False,False,0.0,0.0,173.96593673965936,164.64898225624592,29.71139289458588,-12.00758807588076,356.3187238146104
2025-05-29T03:00:00Z,2025-05-29T03:15:00Z,2025-05-29,2025-05-29_6,-1.6811149262383462e-14,100,100,0,10.091527460823981,10.586329199954418,0.001546550724637692,0.028499999999999998,0.5715,True,True,False,False,-3.7930155523252685e-13,0.0,173.96593673965936,164.856685063201,3.6644709512788554,-25.518928253516112,316.9681645006227
2025-05-29T03:15:00Z,2025-05-29T03:30:00Z,2025-05-29,2025-05-29_6,-1.6811149262383462e-14,100,100,0,10.586329199954418,11.04060659125877,0.001385673913043489,0.0205,0.518,True,True,False,False,-3.7930155523252685e-13,0.0,173.96593673965936,164.856685063201,2.8583860502838605,-22.67670444879631,319.0043034043475
2025-05-29T03:30:00Z,2025-05-29T03:45:00Z,2025-05-29,2025-05-29_6,-1.6811149262383462e-14,100,100,0,11.04060659125877,11.713096156476166,0.002085417874396146,0.036,0.7735,True,True,False,False,-3.7930155523252685e-13,0.0,173.96593673965936,164.856685063201,4.628805412141713,-33.13872114414574,310.31270607085594
2025-05-29T03:45:00Z,2025-05-29T04:00:00Z,2025-05-29,2025-05-29_6,-1.6811149262383462e-14,100,100,0,11.713096156476166,16.86095615647617,0.014299611111111124,0.0,5.5955,True,True,False,False,-3.7930155523252685e-13,0.0,173.96593673965936,164.856685063201,0.0,-212.92076780804308,125.9018539948169
2025-05-29T04:00:00Z,2025-05-29T04:15:00Z,2025-05-29,2025-05-29_7,25.712731876535553,74,100,0,16.86095615647617,18.146805969992496,0.029049302682239396,0.0,8.5915,True,True,False,False,634.9116318613541,0.0,128.73479318734792,163.87751468755565,0.0,-167.20905000692343,760.3148897293343
2025-05-29T04:15:00Z,2025-05-29T04:30:00Z,2025-05-29,2025-05-29_7,25.712731876535553,74,100,0,18.146805969992496,14.72489549777211,0.023563346945554238,0.0,3.7025,True,True,False,False,634.9116318613541,0.0,128.73479318734792,163.87751468755565,0.0,-166.35359672027377,761.1703430159839
2025-05-29T04:30:00Z,2025-05-29T04:45:00Z,2025-05-29,2025-05-29_7,25.712731876535553,74,100,0,14.72489549777211,11.101732847249622,0.02332882766779453,0.0,3.4935,True,True,False,False,634.9116318613541,0.0,128.73479318734792,163.87751468755565,0.0,-153.83825203252033,773.6856877037374
2025-05-29T04:45:00Z,2025-05-29T05:00:00Z,2025-05-29,2025-05-29_7,25.712731876535553,74,100,0,11.101732847249622,10.00000000000011,0.026267051250635623,0.0,6.112,True,True,False,False,634.9116318613541,0.0,128.73479318734792,163.87751468755565,0.0,-241.10318438074893,686.4207553555087
2025-05-29T05:00:00Z,2025-05-29T05:15:00Z,2025-05-29,2025-05-29_8,0.9999999999819381,99,100,0,10.00000000000011,10.006124756526743,0.0022144467874264237,0.118305,0.441,True,True,False,False,20.59249999962806,0.0,172.46127826241766,164.886356892766,18.425419280754852,-24.737715862560087,351.6278385730065
2025-05-29T05:15:00Z,2025-05-29T05:30:00Z,2025-05-29,2025-05-29_8,0.9999999999819381,99,100,0,10.006124756526743,15.520993860879287,0.016576629154582082,0.021285,6.3035,True,True,False,False,20.59249999962806,0.0,172.46127826241766,164.886356892766,3.012707690938223,3014.1635467726937,3375.1163896184435
2025-05-29T05:30:00Z,2025-05-29T05:45:00Z,2025-05-29,2025-05-29_8,0.9999999999819381,99,100,0,15.520993860879287,19.377873547840583,0.01195271531400054,0.0,4.4795,True,True,False,False,20.59249999962806,0.0,172.46127826241766,164.886356892766,0.0,756.0885252111646,1114.0286603659763
2025-05-29T05:45:00Z,2025-05-29T06:00:00Z,2025-05-29,2025-05-29_8,0.9999999999819381,99,100,0,19.377873547840583,22.465301478280164,0.00994847130433788,0.01386,3.6610000000000005,True,True,False,False,20.59249999962806,0.0,172.46127826241766,164.886356892766,2.1644416236425137,531.1321415148459,891.2367182933001
2025-05-29T06:00:00Z,2025-05-29T06:15:00Z,2025-05-29,2025-05-29_9,7.466144687397635,92,100,0,22.465301478280164,21.250367302715166,0.007863120398587598,0.06531999999999999,0.9490000000000001,True,True,False,False,152.8133163893111,0.0,160.2670464660851,164.886356892766,9.777998148477833,-43.71880224714657,444.02591564949347
2025-05-29T06:15:00Z,2025-05-29T06:30:00Z,2025-05-29,2025-05-29_9,7.466144687397635,92,100,0,21.250367302715166,19.024436570225195,0.006294284365353165,0.20148000000000002,0.0235,True,True,False,False,152.8133163893111,0.0,160.2670464660851,164.886356892766,31.280474440686017,-1.7864425454473525,507.4607516434009
2025-05-29T06:30:00Z,2025-05-29T06:45:00Z,2025-05-29,2025-05-29_9,7.466144687397635,92,100,0,19.024436570225195,16.903784021661668,0.008118299867346284,0.48852000000000007,0.471,True,True,False,False,152.8133163893111,0.0,160.2670464660851,164.886356892766,82.03991490119282,-22.48255652483532,537.5240781245197
2025-05-29T06:45:00Z,2025-05-29T07:00:00Z,2025-05-29,2025-05-29_9,7.466144687397635,92,100,0,16.903784021661668,14.767468826088999,0.006142307235649311,0.13662,0.044,True,True,False,False,152.8133163893111,0.0,160.2670464660851,164.886356892766,21.28186273811643,-3.0787466619191735,496.16983582435944
2025-05-29T07:00:00Z,2025-05-29T07:15:00Z,2025-05-29,2025-05-29_10,4.999999999999994,95,100,0,14.767468826088999,12.492531478262915,0.006358114855072459,0.849775,0.008,True,True,False,False,76.03749999999991,0.0,165.4931458073705,164.886356892766,115.25190054002728,-0.32045575930211856,521.3484474808615
2025-05-29T07:15:00Z,2025-05-29T07:30:00Z,2025-05-29,2025-05-29_10,4.999999999999994,95,100,0,12.492531478262915,10.000000000002046,0.008079320772946855,1.2464,0.23799999999999996,True,True,False,False,76.03749999999991,0.0,165.4931458073705,164.886356892766,182.25083536090835,-10.039661345518564,578.6281767155263
2025-05-29T07:30:00Z,2025-05-29T07:45:00Z,2025-05-29,2025-05-29_10,4.999999999999994,95,100,0,10.000000000002046,10.03591556521944,0.007567156763285019,0.06555000000000001,1.5789999999999997,True,True,False,False,76.03749999999991,0.0,165.4931458073705,164.886356892766,8.42828318794137,-60.018117025695794,354.827168862382
2025-05-29T07:45:00Z,2025-05-29T08:00:00Z,2025-05-29,2025-05-29_10,4.999999999999994,95,100,0,10.03591556521944,17.318745652175963,0.024967855314009663,0.0,9.3085,True,True,False,False,76.03749999999991,0.0,165.4931458073705,164.886356892766,0.0,-65.61780824085615,340.7991944592803
2025-05-29T08:00:00Z,2025-05-29T08:15:00Z,2025-05-29,2025-05-29_11,0.0,100,100,0,17.318745652175963,13.624362173915095,0.011338065217391302,3.5769999999999995,0.21050000000000002,True,True,False,False,0.0,0.0,174.20331137617947,164.67865408581093,516.8072638616896,-8.927460190295335,846.7617691333847
2025-05-29T08:15:00Z,2025-05-29T08:30:00Z,2025-05-29,2025-05-29_11,0.0,100,100,0,13.624362173915095,15.111714347828139,0.004225132850241546,0.0155,1.635,True,True,False,False,0.0,0.0,174.20331137617947,164.67865408581093,1.6591527703598206,-64.11148299804167,276.42963523430853
2025-05-29T08:30:00Z,2025-05-29T08:45:00Z,2025-05-29,2025-05-29_11,0.0,100,100,0,15.111714347828139,17.68633434782814,0.007151722222222223,0.0,2.7985,True,True,False,False,0.0,0.0,174.20331137617947,164.67865408581093,0.0,-90.58021472513997,248.30175073685044
2025-05-29T08:45:00Z,2025-05-29T09:00:00Z,2025-05-29,2025-05-29_11,0.0,100,100,0,17.68633434782814,21.43855434782814,0.010422833333333334,0.0,4.0785,True,True,False,False,0.0,0.0,174.20331137617947,164.67865408581093,0.0,-105.55628835083971,233.3256771111507
2025-05-29T09:00:00Z,2025-05-29T09:15:00Z,2025-05-29,2025-05-29_12,-100.0,100,0,0,21.43855434782814,44.438554347828145,0.06388888888888888,0.0,0.0,True,True,False,False,-73.5,0.0,174.20331137617947,0.0,0.0,0.0,100.70331137617947
2025-05-29T09:15:00Z,2025-05-29T09:30:00Z,2025-05-29,2025-05-29_12,-100.0,100,0,0,44.438554347828145,67.43855434782814,0.06388888888888888,0.0,0.0,True,True,False,False,-73.5,0.0,174.20331137617947,0.0,0.0,0.0,100.70331137617947
2025-05-29T09:30:00Z,2025-05-29T09:45:00Z,2025-05-29,2025-05-29_12,-100.0,100,0,0,67.43855434782814,90.43349434782814,0.06387483333333334,0.0055,0.0,True,True,False,False,-73.5,0.0,174.20331137617947,0.0,0.5057741380333511,0.0,101.20908551421282
2025-05-29T09:45:00Z,2025-05-29T10:00:00Z,2025-05-29,2025-05-29_12,-100.0,100,0,0,90.43349434782814,113.31665434782815,0.06356433333333335,0.127,0.0,True,True,False,False,-73.5,0.0,174.20331137617947,0.0,11.678784641861016,0.0,112.38209601804049
2025-05-29T10:00:00Z,2025-05-29T10:15:00Z,2025-05-29,2025-05-29_13,-41.9999999999999,100,58,0,113.31665434782815,123.71375876521944,0.029080483285024092,0.056999999999999995,0.8642,True,True,False,False,-58.904999999999866,0.0,174.20331137617947,106.92362471069966,5.394213993234823,-27.73378885526082,199.88236122485327
2025-05-29T10:15:00Z,2025-05-29T10:30:00Z,2025-05-29,2025-05-29_13,-41.9999999999999,100,58,0,123.71375876521944,133.53254015652374,0.027295407246376746,0.006,0.17922,True,True,False,False,-58.904999999999866,0.0,174.20331137617947,106.92362471069966,0.5584451961307935,-9.271416853599193,213.50896442941087
2025-05-29T10:30:00Z,2025-05-29T10:45:00Z,2025-05-29,2025-05-29_13,-41.9999999999999,100,58,0,133.53254015652374,143.02801506087155,0.027050534154589308,0.1925,0.03393,True,True,False,False,-58.904999999999866,0.0,174.20331137617947,106.92362471069966,18.19319773307222,-1.9980395940893718,238.41709422586212
2025-05-29T10:45:00Z,2025-05-29T11:00:00Z,2025-05-29,2025-05-29_13,-41.9999999999999,100,58,0,143.02801506087155,152.45330794782805,0.02705872420289849,0.2505,0.021750000000000002,True,True,False,False,-58.904999999999866,0.0,174.20331137617947,106.92362471069966,23.66066227523589,-1.3337487389472436,244.5488496231679
2025-05-29T11:00:00Z,2025-05-29T11:15:00Z,2025-05-29,2025-05-29_14,0.0,100,100,0,152.45330794782805,147.6043949043498,0.013469202898550723,4.461,0.0,True,True,False,False,0.0,0.0,174.20331137617947,184.70713904219335,569.7201667556823,0.0,928.630617174055
2025-05-29T11:15:00Z,2025-05-29T11:30:00Z,2025-05-29,2025-05-29_14,0.0,100,100,0,147.6043949043498,143.14243838261066,0.012394323671497585,4.105,0.0,True,True,False,False,0.0,0.0,174.20331137617947,184.70713904219335,463.48749233477736,0.0,822.3979427531501
2025-05-29T11:30:00Z,2025-05-29T11:45:00Z,2025-05-29,2025-05-29_14,0.0,100,100,0,143.14243838261066,143.24563316521935,0.0016453478260869568,0.22500000000000003,0.378,True,True,False,False,0.0,0.0,174.20331137617947,184.70713904219335,22.356017447035786,-14.978305145095247,366.2881627203134
2025-05-29T11:45:00Z,2025-05-29T12:00:00Z,2025-05-29,2025-05-29_14,0.0,100,100,0,143.24563316521935,143.25776273043672,0.0008760845410628019,0.1395,0.178,True,True,False,False,0.0,0.0,174.20331137617947,184.70713904219335,13.88818764465017,-9.459390342808536,363.3392477202145
2025-05-29T12:00:00Z,2025-05-29T12:15:00Z,2025-05-29,2025-05-29_15,0.0,100,100,0,143.25776273043672,141.09623229565412,0.0061575845410628,2.014,0.03,True,True,False,False,0.0,0.0,174.20331137617947,195.4780131742923,214.4262809328823,-1.602278796510593,582.5053266868434
2025-05-29T12:15:00Z,2025-05-29T12:30:00Z,2025-05-29,2025-05-29_15,0.0,100,100,0,141.09623229565412,141.62671490434977,0.0034331038647342996,0.3245,0.96,True,True,False,False,0.0,0.0,174.20331137617947,195.4780131742923,32.80111961703559,-36.61570233220581,365.8667418353016
2025-05-29T12:30:00Z,2025-05-29T12:45:00Z,2025-05-29,2025-05-29_15,0.0,100,100,0,141.62671490434977,146.08503490434975,0.012384222222222224,0.0,4.846,True,True,False,False,0.0,0.0,174.20331137617947,195.4780131742923,0.0,-107.00253278737166,262.6787917631001
2025-05-29T12:45:00Z,2025-05-29T13:00:00Z,2025-05-29,2025-05-29_15,0.0,100,100,0,146.08503490434975,155.00581490434976,0.024779944444444445,0.0,9.6965,True,True,False,False,0.0,0.0,174.20331137617947,195.4780131742923,0.0,-55.33294403892944,314.34838051154236
2025-05-29T13:00:00Z,2025-05-29T13:15:00Z,2025-05-29,2025-05-29_16,2.76919706206097e-13,100,100,0,155.00581490434976,173.6146549043497,0.051691222222222125,0.0,20.227,True,True,False,False,1.367291049392604e-12,0.0,174.20331137617947,191.887721796926,0.0,14671.202900520246,15037.293933693352
2025-05-29T13:15:00Z,2025-05-29T13:30:00Z,2025-05-29,2025-05-29_16,2.76919706206097e-13,100,100,0,173.6146549043497,180.02935490434962,0.017818611111111212,0.0,6.972499999999999,True,True,False,False,1.367291049392604e-12,0.0,174.20331137617947,191.887721796926,0.0,1197.4416721065022,1563.532705279609
2025-05-29T13:30:00Z,2025-05-29T13:45:00Z,2025-05-29,2025-05-29_16,2.76919706206097e-13,100,100,0,180.02935490434962,184.89477490434956,0.013515055555555685,0.0,5.2885,True,True,False,False,1.367291049392604e-12,0.0,174.20331137617947,191.887721796926,0.0,-174.76853737661463,191.3224957964922
2025-05-29T13:45:00Z,2025-05-29T14:00:00Z,2025-05-29,2025-05-29_16,2.76919706206097e-13,100,100,0,184.89477490434956,184.664880991306,0.0013873719806765353,0.3355,0.1465,True,True,False,False,1.367291049392604e-12,0.0,174.20331137617947,191.887721796926,36.47428471109529,-6.319122010563171,396.24619587363895
2025-05-29T14:00:00Z,2025-05-29T14:15:00Z,2025-05-29,2025-05-29_17,-24.991817780122425,100,75,0,184.664880991306,189.90167528321135,0.01746363567495453,0.644,0.175875,True,True,False,False,-210.1187079863793,0.0,174.20331137617947,123.6647676695745,79.20131189049117,-7.366759539493205,159.58392341037265
2025-05-29T14:15:00Z,2025-05-29T14:30:00Z,2025-05-29,2025-05-29_17,-24.991817780122425,100,75,0,189.90167528321135,182.51960089673645,0.036393560583831926,12.561999999999998,0.0,True,True,False,False,-210.1187079863793,0.0,174.20331137617947,123.6647676695745,11096.53273000613,0.0,11184.282101065506
2025-05-29T14:30:00Z,2025-05-29T14:45:00Z,2025-05-29,2025-05-29_17,-24.991817780122425,100,75,0,182.51960089673645,182.87176852283693,0.02441377086994373,5.174,0.013125000000000001,True,True,False,False,-210.1187079863793,0.0,174.20331137617947,123.6647676695745,2735.7690036199638,-0.7158321464601508,2822.8025425328783
2025-05-29T14:45:00Z,2025-05-29T15:00:00Z,2025-05-29,2025-05-29_17,-24.991817780122425,100,75,0,182.87176852283693,183.01200347826082,0.024710582269271263,5.3695,0.004875,True,True,False,False,-210.1187079863793,0.0,174.20331137617947,123.6647676695745,1440.7345786600204,-0.3760904397365142,1528.1078592796584
2025-05-29T15:00:00Z,2025-05-29T15:15:00Z,2025-05-29,2025-05-29_18,0.0,100,100,0,183.01200347826082,188.19127999999995,0.017792676328502417,0.564,6.296,True,True,False,False,0.0,0.0,174.20331137617947,164.886356892766,81.2352786184796,-16.287675904496272,404.0372709829288
2025-05-29T15:15:00Z,2025-05-29T15:30:00Z,2025-05-29,2025-05-29_18,0.0,100,100,0,188.19127999999995,189.7701086956521,0.005662809178743962,0.21150000000000002,1.966,True,True,False,False,0.0,0.0,174.20331137617947,164.886356892766,27.194231796332563,-74.20733171127331,292.07656835400473
2025-05-29T15:30:00Z,2025-05-29T15:45:00Z,2025-05-29,2025-05-29_18,0.0,100,100,0,189.7701086956521,186.57119565217386,0.008885869565217391,2.943,0.0,True,True,False,False,0.0,0.0,174.20331137617947,164.886356892766,486.34627915257255,0.0,825.435947421518
2025-05-29T15:45:00Z,2025-05-29T16:00:00Z,2025-05-29,2025-05-29_18,0.0,100,100,0,186.57119565217386,170.9809782608695,0.04330615942028985,14.343,0.0,True,True,False,False,0.0,0.0,174.20331137617947,164.886356892766,6480.024006883865,0.0,6819.11367515281
2025-05-29T16:00:00Z,2025-05-29T16:15:00Z,2025-05-29,2025-05-29_19,0.0,100,100,0,170.9809782608695,173.4794634782608,0.007248207729468598,0.05099999999999999,2.776,True,True,False,False,0.0,0.0,173.96593673965936,164.886356892766,9.078389413091209,-108.73366803157083,239.19701501394573
2025-05-29T16:15:00Z,2025-05-29T16:30:00Z,2025-05-29,2025-05-29_19,0.0,100,100,0,173.4794634782608,173.67559565217385,0.0006384106280193238,0.0155,0.2315,True,True,False,False,0.0,0.0,173.96593673965936,164.886356892766,2.146262338535794,-14.16178456273614,326.836771408225
2025-05-29T16:30:00Z,2025-05-29T16:45:00Z,2025-05-29,2025-05-29_19,0.0,100,100,0,173.67559565217385,172.85306782608689,0.0023921328502415455,0.7745,0.021,True,True,False,False,0.0,0.0,173.96593673965936,164.886356892766,136.82909936106657,-1.6200818942495996,474.06131109924235
2025-05-29T16:45:00Z,2025-05-29T17:00:00Z,2025-05-29,2025-05-29_19,0.0,100,100,0,172.85306782608689,172.8349547826086,0.0006380917874396134,0.11399999999999999,0.11499999999999999,True,True,False,False,0.0,0.0,173.96593673965936,164.886356892766,17.2812616461931,-7.2549660752081975,348.8785892034103
2025-05-29T17:00:00Z,2025-05-29T17:15:00Z,2025-05-29,2025-05-29_20,0.4117737938486506,99,100,0,172.8349547826086,185.3157627814502,0.03495045149321034,0.0,13.6775,True,True,False,False,12.569395057230059,0.0,172.02065159337727,164.67865408581093,0.0,10074.172865606395,10423.441566342814
2025-05-29T17:15:00Z,2025-05-29T17:30:00Z,2025-05-29,2025-05-29_20,0.4117737938486506,99,100,0,185.3157627814502,185.44716976714608,0.001182360323363399,0.03366,0.304,True,True,False,False,12.569395057230059,0.0,172.02065159337727,164.67865408581093,4.69982236069076,-16.7198496627302,337.2486734343788
2025-05-29T17:30:00Z,2025-05-29T17:45:00Z,2025-05-29,2025-05-29_20,0.4117737938486506,99,100,0,185.44716976714608,185.04188561934433,0.0011308793643443026,0.270765,0.001,True,True,False,False,12.569395057230059,0.0,172.02065159337727,164.67865408581093,43.24066649457005,-0.07714675686902855,392.4322204741193
2025-05-29T17:45:00Z,2025-05-29T18:00:00Z,2025-05-29,2025-05-29_20,0.4117737938486506,99,100,0,185.04188561934433,183.90308695652132,0.00319132497587515,0.94941,0.0055,True,True,False,False,12.569395057230059,0.0,172.02065159337727,164.67865408581093,166.67720487804877,-0.424307162779657,515.5215984516874
2025-05-29T18:00:00Z,2025-05-29T18:15:00Z,2025-05-29,2025-05-29_21,100.0,0,100,0,183.90308695652132,156.72917391304307,0.07548309178743962,0.0,0.0,True,True,False,False,4100.0,0.0,0.0,164.886356892766,0.0,0.0,4264.886356892766
2025-05-29T18:15:00Z,2025-05-29T18:30:00Z,2025-05-29,2025-05-29_21,100.0,0,100,0,156.72917391304307,129.55526086956482,0.07548309178743962,0.0,0.0,True,True,False,False,4100.0,0.0,0.0,164.886356892766,0.0,0.0,4264.886356892766
2025-05-29T18:30:00Z,2025-05-29T18:45:00Z,2025-05-29,2025-05-29_21,100.0,0,100,0,129.55526086956482,102.38134782608655,0.07548309178743962,0.0,0.0,True,True,False,False,4100.0,0.0,0.0,164.886356892766,0.0,0.0,4264.886356892766
2025-05-29T18:45:00Z,2025-05-29T19:00:00Z,2025-05-29,2025-05-29_21,100.0,0,100,0,102.38134782608655,75.2090652173909,0.07547856280193237,0.0,0.0015,True,True,False,False,4100.0,0.0,0.0,164.886356892766,0.0,-0.11572013530354283,4264.770636757463
2025-05-29T19:00:00Z,2025-05-29T19:15:00Z,2025-05-29,2025-05-29_22,0.0,100,100,0,75.2090652173909,50.166130434782204,0.0695637077294686,23.0395,0.0,True,True,False,False,0.0,0.0,173.75823393270431,164.67865408581093,27064.674244950842,0.0,27403.111132969356
2025-05-29T19:15:00Z,2025-05-29T19:30:00Z,2025-05-29,2025-05-29_22,0.0,100,100,0,50.166130434782204,37.3786304347822,0.035520833333333335,11.7645,0.0,True,True,False,False,0.0,0.0,173.75823393270431,164.67865408581093,3530.653210491959,0.0,3869.090098510474
2025-05-29T19:30:00Z,2025-05-29T19:45:00Z,2025-05-29,2025-05-29_22,0.0,100,100,0,37.3786304347822,32.81341304347785,0.012681159420289854,4.2,0.0,True,True,False,False,0.0,0.0,173.75823393270431,164.67865408581093,844.44816331375,0.0,1182.8850513322652
2025-05-29T19:45:00Z,2025-05-29T20:00:00Z,2025-05-29,2025-05-29_22,0.0,100,100,0,32.81341304347785,32.43143652173872,0.001158157004830918,0.3675,0.019,True,True,False,False,0.0,0.0,173.75823393270431,164.67865408581093,62.93109459379265,-1.4657883805115424,399.90219423179633
2025-05-29T20:00:00Z,2025-05-29T20:15:00Z,2025-05-29,2025-05-29_23,0.0,100,100,0,32.43143652173872,18.51458869565176,0.03865791062801933,12.803500000000001,0.0,True,True,False,False,0.0,0.0,173.75823393270431,164.886356892766,8236.500439736514,0.0,8575.145030561984
2025-05-29T20:15:00Z,2025-05-29T20:30:00Z,2025-05-29,2025-05-29_23,0.0,100,100,0,18.51458869565176,14.721653913043065,0.010535929951690821,3.4895,0.0,True,True,False,False,0.0,0.0,173.75823393270431,164.886356892766,605.2359764999111,0.0,943.8805673253814
2025-05-29T20:30:00Z,2025-05-29T20:45:00Z,2025-05-29,2025-05-29_23,0.0,100,100,0,14.721653913043065,11.672740869564805,0.008469202898550724,2.805,0.0,True,True,False,False,0.0,0.0,173.75823393270431,164.886356892766,470.67437244080475,0.0,809.3189632662751
2025-05-29T20:45:00Z,2025-05-29T21:00:00Z,2025-05-29,2025-05-29_23,0.0,100,100,0,11.672740869564805,9.999999999999588,0.004677169082125603,1.544,0.006,True,True,False,False,0.0,0.0,173.75823393270431,164.886356892766,256.33002195715386,-0.4628805412141713,594.51173224141
2025-05-29T21:00:00Z,2025-05-29T21:15:00Z,2025-05-30,2025-05-29_24,-100.00000000000466,100,0,0,9.999999999999588,24.46516000000066,0.04018100000000298,9.277,0.0,True,True,False,False,-2142.0000000001,0.0,173.92977677778438,0.0,3385.9173250833874,0.0,1417.8471018610717
2025-05-29T21:15:00Z,2025-05-29T21:30:00Z,2025-05-30,2025-05-29_24,-100.00000000000466,100,0,0,24.46516000000066,37.70672000000174,0.03678211111111409,10.607,0.0,True,True,False,False,-2142.0000000001,0.0,173.92977677778438,0.0,4944.973895632265,0.0,2976.9036724099496
2025-05-29T21:30:00Z,2025-05-29T21:45:00Z,2025-05-30,2025-05-29_24,-100.00000000000466,100,0,0,37.70672000000174,55.32564000000281,0.048941444444447424,5.849,0.0,True,True,False,False,-2142.0000000001,0.0,173.92977677778438,0.0,1630.8974942270117,0.0,-337.17272899530394
2025-05-29T21:45:00Z,2025-05-29T22:00:00Z,2025-05-30,2025-05-29_24,-100.00000000000466,100,0,0,55.32564000000281,77.30720000000389,0.061059888888891876,1.107,0.0,True,True,False,False,-2142.0000000001,0.0,173.92977677778438,0.0,190.92696666469297,0.0,-1777.1432565576226
2025-05-29T22:00:00Z,2025-05-29T22:15:00Z,2025-05-30,2025-05-30_1,48.91284652239928,51,100,0,77.30720000000389,59.86332322761279,0.04845521325664197,3.8201549999999997,0.0,True,True,False,False,894.9828092436007,0.0,88.70418615667002,161.85090887559952,672.4202645864171,0.0,1817.9581688622875
2025-05-29T22:15:00Z,2025-05-29T22:30:00Z,2025-05-30,2025-05-30_1,48.91284652239928,51,100,0,59.86332322761279,44.12656058565646,0.043713229560989796,2.2496099999999997,0.0,True,True,False,False,894.9828092436007,0.0,88.70418615667002,161.85090887559952,382.30893626620866,0.0,1527.846840542079
2025-05-29T22:30:00Z,2025-05-29T22:45:00Z,2025-05-30,2025-05-30_1,48.91284652239928,51,100,0,44.12656058565646,30.69751361296908,0.037317269423942555,0.13158,0.0055,True,True,False,False,894.9828092436007,0.0,88.70418615667002,161.85090887559952,16.880217893303332,-0.423352477944224,1161.9947696912293
2025-05-29T22:45:00Z,2025-05-29T23:00:00Z,2025-05-30,2025-05-30_1,48.91284652239928,51,100,0,30.69751361296908,18.887968695652155,0.03668702862829684,0.0068850000000000005,1.487,True,True,False,False,894.9828092436007,0.0,88.70418615667002,161.85090887559952,0.8832672153472675,-57.77543963526556,1088.645731855952
2025-05-29T23:00:00Z,2025-05-29T23:15:00Z,2025-05-30,2025-05-30_2,0.0,100,100,0,18.887968695652155,12.416512173913025,0.019381823671497583,6.1865,0.275,True,True,False,False,0.0,0.0,173.92977677778438,161.85090887559952,1085.9201899658553,-10.471189334280698,1411.2296862849585
2025-05-29T23:15:00Z,2025-05-29T23:30:00Z,2025-05-30,2025-05-30_2,0.0,100,100,0,12.416512173913025,9.999999999999982,0.00673553381642512,2.227,0.0045,True,True,False,False,0.0,0.0,173.92977677778438,161.85090887559952,339.16664535101734,-0.3463793001361833,674.6009517042651
2025-05-29T23:30:00Z,2025-05-29T23:45:00Z,2025-05-30,2025-05-30_2,0.0,100,100,0,9.999999999999982,13.150458260869549,0.008787504830917876,0.006,3.4315000000000007,True,True,False,False,0.0,0.0,173.92977677778438,161.85090887559952,0.7845343122742614,-46.207101071703484,290.35811889395467
2025-05-29T23:45:00Z,2025-05-30T00:00:00Z,2025-05-30,2025-05-30_2,0.0,100,100,0,13.150458260869549,29.00159826086955,0.04403094444444445,0.0,17.2295,True,True,False,False,0.0,0.0,173.92977677778438,161.85090887559952,0.0,9206.259780922495,9542.04046657588
2025-05-30T00:00:00Z,2025-05-30T00:15:00Z,2025-05-30,2025-05-30_3,-88.51624574669191,0,0,0,29.00159826086955,49.36033478260869,0.05655204589371983,0.0,0.0,True,False,False,False,-915.0366904064276,0.0,0.0,0.0,0.0,0.0,-915.0366904064276
2025-05-30T00:15:00Z,2025-05-30T00:30:00Z,2025-05-30,2025-05-30_3,-88.51624574669191,0,0,0,49.36033478260869,69.71907130434784,0.05655204589371983,0.0,0.0,True,False,False,False,-915.0366904064276,0.0,0.0,0.0,0.0,0.0,-915.0366904064276
2025-05-30T00:30:00Z,2025-05-30T00:45:00Z,2025-05-30,2025-05-30_3,-88.51624574669191,0,0,0,69.71907130434784,90.07780782608697,0.05655204589371983,0.0,0.0,True,False,False,False,-915.0366904064276,0.0,0.0,0.0,0.0,0.0,-915.0366904064276
2025-05-30T00:45:00Z,2025-05-30T01:00:00Z,2025-05-30,2025-05-30_3,-88.51624574669191,0,0,0,90.07780782608697,110.4365443478261,0.05655204589371983,0.0,0.0,True,False,False,False,-915.0366904064276,0.0,0.0,0.0,0.0,0.0,-915.0366904064276
2025-05-30T01:00:00Z,2025-05-30T01:15:00Z,2025-05-30,2025-05-30_4,0.0,100,100,0,110.4365443478261,127.5296843478261,0.04748094444444445,0.0,18.5795,True,True,False,False,0.0,0.0,173.92977677778438,161.85090887559952,0.0,6513.499585923777,6849.280271577161
2025-05-30T01:15:00Z,2025-05-30T01:30:00Z,2025-05-30,2025-05-30_4,0.0,100,100,0,127.5296843478261,139.0273843478261,0.03193805555555556,0.0,12.4975,True,True,False,False,0.0,0.0,173.92977677778438,161.85090887559952,0.0,9.197935046479959,344.9786206998639
2025-05-30T01:30:00Z,2025-05-30T01:45:00Z,2025-05-30,2025-05-30_4,0.0,100,100,0,139.0273843478261,145.1748243478261,0.017076222222222222,0.0,6.682,True,True,False,False,0.0,0.0,173.92977677778438,161.85090887559952,0.0,-121.25640120788681,214.52428444549707
2025-05-30T01:45:00Z,2025-05-30T02:00:00Z,2025-05-30,2025-05-30_4,0.0,100,100,0,145.1748243478261,153.6222643478261,0.02346511111111111,0.0,9.182,True,True,False,False,0.0,0.0,173.92977677778438,161.85090887559952,0.0,-91.81093887540213,243.96974677798175
2025-05-30T02:00:00Z,2025-05-30T02:15:00Z,2025-05-30,2025-05-30_5,0.0,100,100,0,153.6222643478261,161.1156643478261,0.020815,0.0,8.145,True,True,False,False,0.0,0.0,173.92977677778438,161.85090887559952,0.0,-75.60492924388655,260.17575640949735
2025-05-30T02:15:00Z,2025-05-30T02:30:00Z,2025-05-30,2025-05-30_5,0.0,100,100,0,161.1156643478261,173.2122843478261,0.03360172222222222,0.0,13.148499999999999,True,True,False,False,0.0,0.0,173.92977677778438,161.85090887559952,0.0,7.580233386622456,343.36091904000637
2025-05-30T02:30:00Z,2025-05-30T02:45:00Z,2025-05-30,2025-05-30_5,0.0,100,100,0,173.2122843478261,179.9721939130435,0.018786584541062804,0.0015,7.349500000000001,True,True,False,False,0.0,0.0,173.92977677778438,161.85090887559952,0.18402510509799277,-66.14941648410209,269.8152942743798
2025-05-30T02:45:00Z,2025-05-30T03:00:00Z,2025-05-30,2025-05-30_5,0.0,100,100,0,179.9721939130435,184.4148739130435,0.012340777777777779,0.0,4.829,True,True,False,False,0.0,0.0,173.92977677778438,161.85090887559952,0.0,-74.16818659087768,261.61249906250623
2025-05-30T03:00:00Z,2025-05-30T03:15:00Z,2025-05-30,2025-05-30_6,0.0,100,100,0,184.4148739130435,187.4353191304348,0.008420318840579711,0.005,3.289,True,True,False,False,0.0,0.0,173.92977677778438,161.85090887559952,0.6386405352596364,-89.52101426964298,246.89831191900055
2025-05-30T03:15:00Z,2025-05-30T03:30:00Z,2025-05-30,2025-05-30_6,0.0,100,100,0,187.4353191304348,187.73788695652175,0.0010940893719806764,0.042,0.3785,True,True,False,False,0.0,0.0,173.92977677778438,161.85090887559952,5.482605246018118,-17.91246935875422,323.3508215406478
2025-05-30T03:30:00Z,2025-05-30T03:45:00Z,2025-05-30,2025-05-30_6,0.0,100,100,0,187.73788695652175,188.95028000000002,0.0033737971014492756,0.001,1.319,True,True,False,False,0.0,0.0,173.92977677778438,161.85090887559952,0.12612351234531352,-52.07169479148163,283.83511437424755
2025-05-30T03:45:00Z,2025-05-30T04:00:00Z,2025-05-30,2025-05-30_6,0.0,100,100,0,188.95028000000002,189.93152173913046,0.0031061062801932366,0.063,1.141,True,True,False,False,0.0,0.0,173.92977677778438,161.85090887559952,8.346359168689679,-45.01913493990171,299.10790988217184
2025-05-30T04:00:00Z,2025-05-30T04:15:00Z,2025-05-30,2025-05-30_7,100.0,0,100,0,189.93152173913046,162.93532608695656,0.07498943236714975,0.0,0.1635,True,True,False,False,2225.5,0.0,0.0,161.85090887559952,0.0,-9.966829889277045,2377.3840789863225
2025-05-30T04:15:00Z,2025-05-30T04:30:00Z,2025-05-30,2025-05-30_7,100.0,0,100,0,162.93532608695656,135.76141304347829,0.07548309178743962,0.0,0.0,True,True,False,False,2225.5,0.0,0.0,161.85090887559952,0.0,0.0,2387.3509088755995
2025-05-30T04:30:00Z,2025-05-30T04:45:00Z,2025-05-30,2025-05-30_7,100.0,0,100,0,135.76141304347829,108.58750000000003,0.07548309178743962,0.0,0.0,True,True,False,False,2225.5,0.0,0.0,161.85090887559952,0.0,0.0,2387.3509088755995
2025-05-30T04:45:00Z,2025-05-30T05:00:00Z,2025-05-30,2025-05-30_7,100.0,0,100,0,108.58750000000003,81.49510869565222,0.0752566425120773,0.0,0.075,True,True,False,False,2225.5,0.0,0.0,161.85090887559952,0.0,-5.389499082242881,2381.961409793357
2025-05-30T05:00:00Z,2025-05-30T05:15:00Z,2025-05-30,2025-05-30_8,79.99999999999996,20,100,0,81.49510869565222,59.67603756521744,0.06062335314009659,0.08760000000000001,0.0145,True,True,False,False,1367.5999999999992,0.0,34.78595535555687,162.32458996980282,13.585114571614662,-1.0632159985789567,1577.2324438983946
2025-05-30T05:15:00Z,2025-05-30T05:30:00Z,2025-05-30,2025-05-30_8,79.99999999999996,20,100,0,59.67603756521744,37.535495130434846,0.061521440096618314,0.3882,0.0195,True,True,False,False,1367.5999999999992,0.0,34.78595535555687,162.32458996980282,63.421246965480485,-1.2497288175735686,1626.8820634732658
2025-05-30T05:30:00Z,2025-05-30T05:45:00Z,2025-05-30,2025-05-30_8,79.99999999999996,20,100,0,37.535495130434846,16.769492347826166,0.058652407729468566,0.023599999999999996,0.9479999999999998,True,True,False,False,1367.5999999999992,0.0,34.78595535555687,162.32458996980282,3.630669982434325,-23.560139735922785,1544.7810755718704
2025-05-30T05:45:00Z,2025-05-30T06:00:00Z,2025-05-30,2025-05-30_8,79.99999999999996,20,100,0,16.769492347826166,10.036818086956611,0.03326189516908213,0.0,14.243499999999997,True,True,False,False,1367.5999999999992,0.0,34.78595535555687,162.32458996980282,0.0,-10.977730574140958,1553.732814751218
2025-05-30T06:00:00Z,2025-05-30T06:15:00Z,2025-05-30,2025-05-30_9,0.0,0,0,0,10.036818086956611,10.036818086956611,0.0,0.0,0.0,True,False,False,False,0.0,0.0,0.0,0.0,0.0,0.0,0.0
2025-05-30T06:15:00Z,2025-05-30T06:30:00Z,2025-05-30,2025-05-30_9,0.0,0,0,0,10.036818086956611,10.036818086956611,0.0,0.0,0.0,True,False,False,False,0.0,0.0,0.0,0.0,0.0,0.0,0.0
2025-05-30T06:30:00Z,2025-05-30T06:45:00Z,2025-05-30,2025-05-30_9,0.0,0,0,0,10.036818086956611,10.036818086956611,0.0,0.0,0.0,True,False,False,False,0.0,0.0,0.0,0.0,0.0,0.0,0.0
2025-05-30T06:45:00Z,2025-05-30T07:00:00Z,2025-05-30,2025-05-30_9,0.0,0,0,0,10.036818086956611,10.036818086956611,0.0,0.0,0.0,True,False,False,False,0.0,0.0,0.0,0.0,0.0,0.0,0.0
2025-05-30T07:00:00Z,2025-05-30T07:15:00Z,2025-05-30,2025-05-30_10,2.729649544896936,97,100,0,10.036818086956611,10.035555033015664,0.008855434609085194,0.83323,1.7805000000000002,True,True,False,False,19.878672810711933,0.0,168.71188347445081,163.21274202143405,98.21743643791817,-34.90998697376991,415.11074777074504
2025-05-30T07:15:00Z,2025-05-30T07:30:00Z,2025-05-30,2025-05-30_10,2.729649544896936,97,100,0,10.035555033015664,10.000000000000043,0.004307219732122563,0.070325,0.8465,True,True,False,False,19.878672810711933,0.0,168.71188347445081,163.21274202143405,8.289597371069927,-34.269825823514324,325.8230698541524
2025-05-30T07:30:00Z,2025-05-30T07:45:00Z,2025-05-30,2025-05-30_10,2.729649544896936,97,100,0,10.000000000000043,12.03931584870902,0.009289793588888064,0.0,3.008,True,True,False,False,19.878672810711933,0.0,168.71188347445081,163.21274202143405,0.0,-100.14199380267236,251.66130450392444
2025-05-30T07:45:00Z,2025-05-30T08:00:00Z,2025-05-30,2025-05-30_10,2.729649544896936,97,100,0,12.03931584870902,27.78843003471442,0.04492832711782111,0.0,17.8365,True,True,False,False,19.878672810711933,0.0,168.71188347445081,163.21274202143405,0.0,5091.969244182605,5443.772542489201
2025-05-30T08:00:00Z,2025-05-30T08:15:00Z,2025-05-30,2025-05-30_11,-99.98549877134018,0,0,0,27.78843003471442,50.78509475212266,0.06387962421502288,0.0,0.0,True,False,False,False,-73.48934159693503,0.0,0.0,0.0,0.0,0.0,-73.48934159693503
2025-05-30T08:15:00Z,2025-05-30T08:30:00Z,2025-05-30,2025-05-30_11,-99.98549877134018,0,0,0,50.78509475212266,73.7817594695309,0.06387962421502288,0.0,0.0,True,False,False,False,-73.48934159693503,0.0,0.0,0.0,0.0,0.0,-73.48934159693503
2025-05-30T08:30:00Z,2025-05-30T08:45:00Z,2025-05-30,2025-05-30_11,-99.98549877134018,0,0,0,73.7817594695309,96.77842418693913,0.06387962421502288,0.0,0.0,True,False,False,False,-73.48934159693503,0.0,0.0,0.0,0.0,0.0,-73.48934159693503
2025-05-30T08:45:00Z,2025-05-30T09:00:00Z,2025-05-30,2025-05-30_11,-99.98549877134018,0,0,0,96.77842418693913,119.77508890434737,0.06387962421502288,0.0,0.0,True,False,False,False,-73.48934159693503,0.0,0.0,0.0,0.0,0.0,-73.48934159693503
2025-05-30T09:00:00Z,2025-05-30T09:15:00Z,2025-05-30,2025-05-30_12,0.0,100,100,0,119.77508890434737,123.94519846956476,0.011592695652173916,0.0015,4.5345,True,True,False,False,0.0,0.0,173.92977677778438,181.8935401740778,0.1376221209070993,1613.6723524187344,1969.6332914915035
2025-05-30T09:15:00Z,2025-05-30T09:30:00Z,2025-05-30,2025-05-30_12,0.0,100,100,0,123.94519846956476,127.16197846956476,0.0089355,0.0,3.4965,True,True,False,False,0.0,0.0,173.92977677778438,181.8935401740778,0.0,-131.47328586654035,224.35003108532183
2025-05-30T09:30:00Z,2025-05-30T09:45:00Z,2025-05-30,2025-05-30_12,0.0,100,100,0,127.16197846956476,135.16965846956475,0.022243555555555558,0.0,8.704,True,True,False,False,0.0,0.0,173.92977677778438,181.8935401740778,0.0,1094.0752947677977,1449.8986117196598
2025-05-30T09:45:00Z,2025-05-30T10:00:00Z,2025-05-30,2025-05-30_12,0.0,100,100,0,135.16965846956475,146.2031402086952,0.03075121739130435,0.017,12.013,True,True,False,False,0.0,0.0,173.92977677778438,181.8935401740778,1.5597173702804588,8064.616846073382,8421.999880395524
2025-05-30T10:00:00Z,2025-05-30T10:15:00Z,2025-05-30,2025-05-30_13,0.0,100,100,0,146.2031402086952,146.5103054260865,0.0018556521739130436,0.166,0.53,True,True,False,False,0.0,0.0,173.92977677778438,182.2488009947303,15.405299307241402,-22.262991690844142,349.3208853889119
2025-05-30T10:15:00Z,2025-05-30T10:30:00Z,2025-05-30,2025-05-30_13,0.0,100,100,0,146.5103054260865,144.7018262956517,0.00516666425120773,1.6875,0.028000000000000004,True,True,False,False,0.0,0.0,173.92977677778438,182.2488009947303,175.51072443602345,-2.1552489786251408,529.534053229913
2025-05-30T10:30:00Z,2025-05-30T10:45:00Z,2025-05-30,2025-05-30_13,0.0,100,100,0,144.7018262956517,144.6484862956517,0.001032388888888889,0.1955,0.173,True,True,False,False,0.0,0.0,173.92977677778438,182.2488009947303,18.147425345885882,-8.776915151874,365.54908796652654
2025-05-30T10:45:00Z,2025-05-30T11:00:00Z,2025-05-30,2025-05-30_13,0.0,100,100,0,144.6484862956517,144.49750890434734,0.0009151594202898552,0.22100000000000003,0.097,True,True,False,False,0.0,0.0,173.92977677778438,182.2488009947303,20.514480825784045,-5.729560858152249,370.96349774014647
2025-05-30T11:00:00Z,2025-05-30T11:15:00Z,2025-05-30,2025-05-30_14,0.0,100,100,0,144.49750890434734,144.24334890434736,0.0010995555555555554,0.299,0.077,True,True,False,False,0.0,0.0,173.92977677778438,182.90011249925988,26.78412576233051,-3.8545743778001462,379.7594406615746
2025-05-30T11:15:00Z,2025-05-30T11:30:00Z,2025-05-30,2025-05-30_14,0.0,100,100,0,144.24334890434736,144.54272281739082,0.003180628019323672,0.389,0.7850000000000001,True,True,False,False,0.0,0.0,173.92977677778438,182.90011249925988,34.84623719580792,-17.203006888112583,374.4731195847396
2025-05-30T11:30:00Z,2025-05-30T11:45:00Z,2025-05-30,2025-05-30_14,0.0,100,100,0,144.54272281739082,148.6312471652169,0.011405321256038646,0.008,4.4535,True,True,False,False,0.0,0.0,173.92977677778438,182.90011249925988,0.7166321274202144,-43.44858754218722,314.0979338622773
2025-05-30T11:45:00Z,2025-05-30T12:00:00Z,2025-05-30,2025-05-30_14,0.0,100,100,0,148.6312471652169,149.37686890434733,0.0029377173913043477,0.1435,0.98,True,True,False,False,0.0,0.0,173.92977677778438,182.90011249925988,12.854588785600095,-15.073977144887204,354.6105009177571
2025-05-30T12:00:00Z,2025-05-30T12:15:00Z,2025-05-30,2025-05-30_15,0.0,100,100,0,149.37686890434733,152.34525064347775,0.008278717391304348,0.0055,3.2329999999999997,True,True,False,False,0.0,0.0,173.92977677778438,190.4494049381254,0.4887007322320247,-42.92991631634002,321.9379661318018
2025-05-30T12:15:00Z,2025-05-30T12:30:00Z,2025-05-30,2025-05-30_15,0.0,100,100,0,152.34525064347775,156.3871462956517,0.011248623188405797,0.0035000000000000005,4.3975,True,True,False,False,0.0,0.0,173.92977677778438,190.4494049381254,0.31099137505674307,-121.72691742159591,242.96325566937062
2025-05-30T12:30:00Z,2025-05-30T12:45:00Z,2025-05-30,2025-05-30_15,0.0,100,100,0,156.3871462956517,156.11668716521692,0.0012444975845410627,0.3305,0.0965,True,True,False,False,0.0,0.0,173.92977677778438,190.4494049381254,29.366471273215307,-5.335811770975191,388.4098412181499
2025-05-30T12:45:00Z,2025-05-30T13:00:00Z,2025-05-30,2025-05-30_15,0.0,100,100,0,156.11668716521692,155.41430890434734,0.0020404951690821253,0.661,0.0175,True,True,False,False,0.0,0.0,173.92977677778438,190.4494049381254,58.732942546430614,-1.3075557068703498,421.80456855547004
2025-05-30T13:00:00Z,2025-05-30T13:15:00Z,2025-05-30,2025-05-30_16,0.0,100,100,0,155.41430890434734,158.3842819478256,0.008325408212560387,0.0125,3.243,True,True,False,False,0.0,0.0,173.92977677778438,191.13032151104272,1.1117196597390808,-87.05029486648112,279.12152308208505
2025-05-30T13:15:00Z,2025-05-30T13:30:00Z,2025-05-30,2025-05-30_16,0.0,100,100,0,158.3842819478256,162.0693419478256,0.010236277777777778,0.0,4.0055,True,True,False,False,0.0,0.0,173.92977677778438,191.13032151104272,0.0,-103.68827333372806,261.37182495509904
2025-05-30T13:30:00Z,2025-05-30T13:45:00Z,2025-05-30,2025-05-30_16,0.0,100,100,0,162.0693419478256,161.92902629565168,0.0009085434782608696,0.215,0.1015,True,True,False,False,0.0,0.0,173.92977677778438,191.13032151104272,19.121323543924053,-6.552195906605878,377.6292259261453
2025-05-30T13:45:00Z,2025-05-30T14:00:00Z,2025-05-30,2025-05-30_16,0.0,100,100,0,161.92902629565168,162.46186194782558,0.0020567898550724636,0.0955,0.692,True,True,False,False,0.0,0.0,173.92977677778438,191.13032151104272,8.492991592160578,-26.761649199676313,346.79144068131137
2025-05-30T14:00:00Z,2025-05-30T14:15:00Z,2025-05-30,2025-05-30_17,-3.9999999999999183,100,96,0,162.46186194782558,165.25822034782558,0.00776766222222217,0.0,2.03952,True,True,False,False,-0.13999999999999715,0.0,173.92977677778438,156.6842323405767,0.0,-76.89852225709042,253.57548686127066
2025-05-30T14:15:00Z,2025-05-30T14:30:00Z,2025-05-30,2025-05-30_17,-3.9999999999999183,100,96,0,165.25822034782558,166.53720097391252,0.0038396804830917357,0.0495,0.44832000000000005,True,True,False,False,-0.13999999999999715,0.0,173.92977677778438,156.6842323405767,4.403250044407603,-19.71079002901297,315.1664691337557
2025-05-30T14:30:00Z,2025-05-30T14:45:00Z,2025-05-30,2025-05-30_17,-3.9999999999999183,100,96,0,166.53720097391252,168.99364045217337,0.007417645893719755,0.10249999999999998,1.7904,True,True,False,False,-0.13999999999999715,0.0,173.92977677778438,156.6842323405767,9.118083762606823,-57.973595121084735,281.61849775988316
2025-05-30T14:45:00Z,2025-05-30T15:00:00Z,2025-05-30,2025-05-30_17,-3.9999999999999183,100,96,0,168.99364045217337,167.96875999999943,0.007845863478260827,1.8445,0.05184,True,True,False,False,-0.13999999999999715,0.0,173.92977677778438,156.6842323405767,166.12586249432567,-3.0429231807685473,493.5569484319182
2025-05-30T15:00:00Z,2025-05-30T15:15:00Z,2025-05-30,2025-05-30_18,0.0,100,100,0,167.96875999999943,184.22607999999943,0.045159222222222226,0.0,17.671,True,True,False,False,0.0,0.0,173.92977677778438,163.21274202143405,0.0,18948.632796100024,19285.77531489924
2025-05-30T15:15:00Z,2025-05-30T15:30:00Z,2025-05-30,2025-05-30_18,0.0,100,100,0,184.22607999999943,189.73423913043422,0.016776891304347827,0.24450000000000002,6.276,True,True,False,False,0.0,0.0,173.92977677778438,163.21274202143405,28.55149268754811,1115.7609970987032,1481.4550085854698
2025-05-30T15:30:00Z,2025-05-30T15:45:00Z,2025-05-30,2025-05-30_18,0.0,100,100,0,189.73423913043422,180.3831521739125,0.02597524154589372,8.603,0.0,True,True,False,False,0.0,0.0,173.92977677778438,163.21274202143405,6730.703506621667,0.0,7067.846025420885
2025-05-30T15:45:00Z,2025-05-30T16:00:00Z,2025-05-30,2025-05-30_18,0.0,100,100,0,180.3831521739125,167.4331521739125,0.03597222222222222,11.914,0.0,True,True,False,False,0.0,0.0,173.92977677778438,163.21274202143405,5422.691184005369,0.0,5759.833702804587
2025-05-30T16:00:00Z,2025-05-30T16:15:00Z,2025-05-30,2025-05-30_19,-47.490847229839,100,52,0,167.4331521739125,177.91437326790242,0.031134329748679256,0.637,0.21761999999999998,True,True,False,False,-958.365297098151,0.0,173.92977677778438,84.40878678429746,104.20149268754811,-10.5951179229084,-606.4203587714295
2025-05-30T16:15:00Z,2025-05-30T16:30:00Z,2025-05-30,2025-05-30_19,-47.490847229839,100,52,0,177.91437326790242,182.26929165868597,0.03276454732680871,6.518,0.0,True,True,False,False,-958.365297098151,0.0,173.92977677778438,84.40878678429746,3942.320326050486,0.0,3242.293592514417
2025-05-30T16:30:00Z,2025-05-30T16:45:00Z,2025-05-30,2025-05-30_19,-47.490847229839,100,52,0,182.26929165868597,181.75465707289328,0.03456110794512371,11.3505,0.0,True,True,False,False,-958.365297098151,0.0,173.92977677778438,84.40878678429746,3221.0625294570427,0.0,2521.0357959209737
2025-05-30T16:45:00Z,2025-05-30T17:00:00Z,2025-05-30,2025-05-30_19,-47.490847229839,100,52,0,181.75465707289328,189.9480199999994,0.03134915395538934,2.709,0.00026000000000000003,True,True,False,False,-958.365297098151,0.0,173.92977677778438,84.40878678429746,465.3254331221505,-0.020013026230090592,-234.72131344014875
2025-05-30T17:00:00Z,2025-05-30T17:15:00Z,2025-05-30,2025-05-30_20,0.0,100,100,0,189.9480199999994,189.73586956521677,0.0008780845410628019,0.243,0.056499999999999995,True,True,False,False,0.0,0.0,173.92977677778438,162.32458996980282,39.87248860204867,-3.8332618864349577,372.2935934632009
2025-05-30T17:15:00Z,2025-05-30T17:30:00Z,2025-05-30,2025-05-30_20,0.0,100,100,0,189.73586956521677,185.32278695652113,0.012309673913043478,4.0685,0.01,True,True,False,False,0.0,0.0,173.92977677778438,162.32458996980282,884.6969992302684,-0.7697317780804074,1220.181634199775
2025-05-30T17:30:00Z,2025-05-30T17:45:00Z,2025-05-30,2025-05-30_20,0.0,100,100,0,185.32278695652113,181.23474347826027,0.011355676328502417,3.7610000000000006,0.0,True,True,False,False,0.0,0.0,173.92977677778438,162.32458996980282,731.6049489805989,0.0,1067.8593157281862
2025-05-30T17:45:00Z,2025-05-30T18:00:00Z,2025-05-30,2025-05-30_20,0.0,100,100,0,181.23474347826027,171.25267826086898,0.027727958937198066,9.1835,0.0,True,True,False,False,0.0,0.0,173.92977677778438,162.32458996980282,1958.9690396115816,0.0,2295.2234063591686
2025-05-30T18:00:00Z,2025-05-30T18:15:00Z,2025-05-30,2025-05-30_21,100.0,0,100,0,171.25267826086898,144.0988739130429,0.07542723429951691,0.0,0.0185,True,True,False,False,4412.25,0.0,0.0,162.32458996980282,0.0,-1.438806126275485,4573.135783843527
2025-05-30T18:15:00Z,2025-05-30T18:30:00Z,2025-05-30,2025-05-30_21,100.0,0,100,0,144.0988739130429,116.96626521739073,0.07536835748792271,0.0,0.038,True,True,False,False,4412.25,0.0,0.0,162.32458996980282,0.0,-2.9496480944204313,4571.624941875382
2025-05-30T18:30:00Z,2025-05-30T18:45:00Z,2025-05-30,2025-05-30_21,100.0,0,100,0,116.96626521739073,89.82985217391247,0.07537892512077293,0.0,0.0345,True,True,False,False,4412.25,0.0,0.0,162.32458996980282,0.0,-2.685180886967849,4571.889409082835
2025-05-30T18:45:00Z,2025-05-30T19:00:00Z,2025-05-30,2025-05-30_21,100.0,0,100,0,89.82985217391247,62.65593913043422,0.07548309178743962,0.0,0.0,True,True,False,False,4412.25,0.0,0.0,162.32458996980282,0.0,0.0,4574.574589969803
2025-05-30T19:00:00Z,2025-05-30T19:15:00Z,2025-05-30,2025-05-30_22,0.0,100,100,0,62.65593913043422,42.66409130434727,0.055532910628019315,18.3925,0.0,True,True,False,False,0.0,0.0,173.69293623068268,162.32458996980282,14288.783927901788,0.0,14624.801454102273
2025-05-30T19:15:00Z,2025-05-30T19:30:00Z,2025-05-30,2025-05-30_22,0.0,100,100,0,42.66409130434727,30.907569565216832,0.03265700483091787,10.816,0.0,True,True,False,False,0.0,0.0,173.69293623068268,162.32458996980282,4216.406273116625,0.0,4552.423799317111
2025-05-30T19:30:00Z,2025-05-30T19:45:00Z,2025-05-30,2025-05-30_22,0.0,100,100,0,30.907569565216832,18.50702608695596,0.034445954106280194,11.4085,0.0,True,True,False,False,0.0,0.0,173.69293623068268,162.32458996980282,8161.861157656857,0.0,8497.878683857343
2025-05-30T19:45:00Z,2025-05-30T20:00:00Z,2025-05-30,2025-05-30_22,0.0,100,100,0,18.50702608695596,19.996793043477698,0.004826647342995169,0.11399999999999999,1.754,True,True,False,False,0.0,0.0,173.69293623068268,162.32458996980282,19.95244123393925,-68.77942645114177,287.190540983283
2025-05-30T20:00:00Z,2025-05-30T20:15:00Z,2025-05-30,2025-05-30_23,1.610421027548232,98,100,0,19.996793043477698,14.467645800872665,0.015426631150060526,4.69567,0.0135,True,True,False,False,52.41517839412608,0.0,170.21907750606903,163.21274202143405,857.2185757672646,-0.7645017466990348,1242.3010719421948
2025-05-30T20:15:00Z,2025-05-30T20:30:00Z,2025-05-30,2025-05-30_23,1.610421027548232,98,100,0,14.467645800872665,12.168031391212821,0.006387817804610682,1.71304,0.0,True,True,False,False,52.41517839412608,0.0,170.21907750606903,163.21274202143405,275.4492721337359,0.0,661.2962700553651
2025-05-30T20:30:00Z,2025-05-30T20:45:00Z,2025-05-30,2025-05-30_23,1.610421027548232,98,100,0,12.168031391212821,11.320822155739048,0.0025419390137910135,0.40866,0.0375,True,True,False,False,52.41517839412608,0.0,170.21907750606903,163.21274202143405,56.11104166025224,-2.923996388181657,439.03404319369974
2025-05-30T20:45:00Z,2025-05-30T21:00:00Z,2025-05-30,2025-05-30_23,1.610421027548232,98,100,0,11.320822155739048,9.999999999999527,0.003673979233312818,0.8134,0.001,True,True,False,False,52.41517839412608,0.0,170.21907750606903,163.21274202143405,111.61288992835573,-0.07894684903388793,497.380941000951
2025-05-30T21:00:00Z,2025-05-30T21:15:00Z,2025-05-31,2025-05-30_24,-100.00000000000388,100,0,0,9.999999999999527,20.932360000000422,0.030367666666669145,13.117,0.0,True,True,False,False,-2706.750000000105,0.0,173.78897687553072,0.0,5153.2488690534965,0.0,2620.2878459289223
2025-05-30T21:15:00Z,2025-05-30T21:30:00Z,2025-05-31,2025-05-30_24,-100.00000000000388,100,0,0,20.932360000000422,34.776980000001316,0.03845727777778026,9.9515,0.0,True,True,False,False,-2706.750000000105,0.0,173.78897687553072,0.0,1926.8382828452377,0.0,-606.1227402793367
2025-05-30T21:30:00Z,2025-05-30T21:45:00Z,2025-05-31,2025-05-30_24,-100.00000000000388,100,0,0,34.776980000001316,51.56560000000221,0.04663505555555804,6.751500000000001,0.0,True,True,False,False,-2706.750000000105,0.0,173.78897687553072,0.0,1306.7077007839807,0.0,-1226.2533223405935
2025-05-30T21:45:00Z,2025-05-30T22:00:00Z,2025-05-31,2025-05-30_24,-100.00000000000388,100,0,0,51.56560000000221,65.3628400000031,0.038325666666669145,10.003,0.0,True,True,False,False,-2706.750000000105,0.0,173.78897687553072,0.0,1953.2151851339877,0.0,-579.7458379905867
2025-05-30T22:00:00Z,2025-05-30T22:15:00Z,2025-05-31,2025-05-31_1,1.4650871096021507e-15,100,100,0,65.3628400000031,50.066100869568324,0.0424909420289855,14.072999999999999,0.0,True,True,False,False,3.9191080181857533e-14,0.0,174.02594837970733,160.2816011374632,3965.023771006536,0.0,4299.331320523706
2025-05-30T22:15:00Z,2025-05-30T22:30:00Z,2025-05-31,2025-05-31_1,1.4650871096021507e-15,100,100,0,50.066100869568324,35.005231304350936,0.04183574879227052,13.855999999999998,0.0,True,True,False,False,3.9191080181857533e-14,0.0,174.02594837970733,160.2816011374632,3844.6617160686424,0.0,4178.9692655858125
2025-05-30T22:30:00Z,2025-05-30T22:45:00Z,2025-05-31,2025-05-31_1,1.4650871096021507e-15,100,100,0,35.005231304350936,32.993274782611806,0.0055887681159420294,1.851,0.0,True,True,False,False,3.9191080181857533e-14,0.0,174.02594837970733,160.2816011374632,278.86099607022254,0.0,613.1685455873932
2025-05-30T22:45:00Z,2025-05-30T23:00:00Z,2025-05-31,2025-05-31_1,1.4650871096021507e-15,100,100,0,32.993274782611806,32.7687095652205,0.0009432367149758465,0.2595,0.0625,True,True,False,False,3.9191080181857533e-14,0.0,174.02594837970733,160.2816011374632,33.30930705582654,-4.527834277928079,363.089022295069
2025-05-30T23:00:00Z,2025-05-30T23:15:00Z,2025-05-31,2025-05-31_2,-19.955636539096503,100,80,0,32.7687095652205,27.862581912406196,0.02993465903755645,9.0125,0.0,True,True,False,False,-503.9796007948822,0.0,174.41102707399435,128.48594956456486,1711.5830091431503,0.0,1510.5003849868274
2025-05-30T23:15:00Z,2025-05-30T23:30:00Z,2025-05-31,2025-05-31_2,-19.955636539096503,100,80,0,27.862581912406196,24.769240649576425,0.026653973446059104,7.292,0.0,True,True,False,False,-503.9796007948822,0.0,174.41102707399435,128.48594956456486,1375.0515428819683,0.0,1173.9689187256454
2025-05-30T23:30:00Z,2025-05-30T23:45:00Z,2025-05-31,2025-05-31_2,-19.955636539096503,100,80,0,24.769240649576425,20.513208435658054,0.028758150458681783,8.3955,0.0,True,True,False,False,-503.9796007948822,0.0,174.41102707399435,128.48594956456486,1593.155505736685,0.0,1392.072881580362
2025-05-30T23:45:00Z,2025-05-31T00:00:00Z,2025-05-31,2025-05-31_2,-19.955636539096503,100,80,0,20.513208435658054,17.293957278260915,0.02688183855979577,7.4115,0.0,True,True,False,False,-503.9796007948822,0.0,174.41102707399435,128.48594956456486,1407.2439082525327,0.0,1206.1612840962098
2025-05-31T00:00:00Z,2025-05-31T00:15:00Z,2025-05-31,2025-05-31_3,-52.999999999999915,100,47,0,17.293957278260915,18.30858666956524,0.034584568357487924,11.1925,0.0,True,True,False,False,-1333.2149999999979,0.0,174.41102707399435,75.48549536918185,2118.1031003771795,0.0,1034.784622820358
2025-05-31T00:15:00Z,2025-05-31T00:30:00Z,2025-05-31,2025-05-31_3,-52.999999999999915,100,47,0,18.30858666956524,15.22300079130435,0.0348500029951691,15.299,0.0,True,True,False,False,-1333.2149999999979,0.0,174.41102707399435,75.48549536918185,11520.051228302296,0.0,10436.732750745474
2025-05-31T00:30:00Z,2025-05-31T00:45:00Z,2025-05-31,2025-05-31_3,-52.999999999999915,100,47,0,15.22300079130435,22.01627279130433,0.034210477777777755,5.405,0.0,True,True,False,False,-1333.2149999999979,0.0,174.41102707399435,75.48549536918185,987.5431001797034,0.0,-95.77537737711828
2025-05-31T00:45:00Z,2025-05-31T01:00:00Z,2025-05-31,2025-05-31_3,-52.999999999999915,100,47,0,22.01627279130433,32.99849777391301,0.033982931714975795,1.225,0.016685,True,True,False,False,-1333.2149999999979,0.0,174.41102707399435,75.48549536918185,169.7309237939138,-1.303106440688007,-914.8906602035959
2025-05-31T01:00:00Z,2025-05-31T01:15:00Z,2025-05-31,2025-05-31_4,4.0315060930999685e-14,100,100,0,32.99849777391301,26.640345599999954,0.017661533816425153,5.8495,0.0,True,True,False,False,1.0247080612136845e-12,0.0,174.41102707399435,160.60743695570608,1082.742577065108,0.0,1417.7610410948093
2025-05-31T01:15:00Z,2025-05-31T01:30:00Z,2025-05-31,2025-05-31_4,4.0315060930999685e-14,100,100,0,26.640345599999954,23.712084730434725,0.008134057971014522,2.694,0.0,True,True,False,False,1.0247080612136845e-12,0.0,174.41102707399435,160.60743695570608,457.3304267461838,0.0,792.3488907758853
2025-05-31T01:30:00Z,2025-05-31T01:45:00Z,2025-05-31,2025-05-31_4,4.0315060930999685e-14,100,100,0,23.712084730434725,22.874584730434716,0.002326388888888919,0.7705,0.0,True,True,False,False,1.0247080612136845e-12,0.0,174.41102707399435,160.60743695570608,118.80662967278182,0.0,453.8250937024833
2025-05-31T01:45:00Z,2025-05-31T02:00:00Z,2025-05-31,2025-05-31_4,4.0315060930999685e-14,100,100,0,22.874584730434716,21.35719342608688,0.004214975845410657,1.396,0.0,True,True,False,False,1.0247080612136845e-12,0.0,174.41102707399435,160.60743695570608,209.1915883015067,0.0,544.2100523312082
2025-05-31T02:00:00Z,2025-05-31T02:15:00Z,2025-05-31,2025-05-31_5,0.0,100,100,0,21.35719342608688,19.884997773912968,0.0041533212560386475,1.365,0.0125,True,True,False,False,0.0,0.0,174.02594837970733,159.0967436165801,228.6988911708367,-0.9873812674025948,560.8342018997215
2025-05-31T02:15:00Z,2025-05-31T02:30:00Z,2025-05-31,2025-05-31_5,0.0,100,100,0,19.884997773912968,15.052932556521665,0.013422403381642512,4.4455,0.0,True,True,False,False,0.0,0.0,174.02594837970733,159.0967436165801,805.3554499496436,0.0,1138.478141945931
2025-05-31T02:30:00Z,2025-05-31T02:45:00Z,2025-05-31,2025-05-31_5,0.0,100,100,0,15.052932556521665,13.423041252173839,0.004527475845410628,1.4995,0.0,True,True,False,False,0.0,0.0,174.02594837970733,159.0967436165801,248.98646872963525,0.0,582.1091607259227
2025-05-31T02:45:00Z,2025-05-31T03:00:00Z,2025-05-31,2025-05-31_5,0.0,100,100,0,13.423041252173839,10.396222121739056,0.013587942028985507,3.6425,1.0135,True,True,False,False,0.0,0.0,174.02594837970733,159.0967436165801,646.0681080787535,-7.78052736033492,971.410272714706
2025-05-31T03:00:00Z,2025-05-31T03:15:00Z,2025-05-31,2025-05-31_6,0.0,100,100,0,10.396222121739056,12.0946342956521,0.004880855072463768,0.027,1.878,True,True,False,False,0.0,0.0,174.02594837970733,159.0967436165801,3.4657082485831077,-46.077921759908364,290.51047848496216
2025-05-31T03:15:00Z,2025-05-31T03:30:00Z,2025-05-31,2025-05-31_6,0.0,100,100,0,12.0946342956521,16.5304142956521,0.012321611111111111,0.0,4.8215,True,True,False,False,0.0,0.0,174.02594837970733,159.0967436165801,0.0,-60.57652659017754,272.54616540610994
2025-05-31T03:30:00Z,2025-05-31T03:45:00Z,2025-05-31,2025-05-31_6,0.0,100,100,0,16.5304142956521,20.7913942956521,0.011836055555555556,0.0,4.6315,True,True,False,False,0.0,0.0,174.02594837970733,159.0967436165801,0.0,-108.8396555026758,224.28303649361163
2025-05-31T03:45:00Z,2025-05-31T04:00:00Z,2025-05-31,2025-05-31_6,0.0,100,100,0,20.7913942956521,30.2457742956521,0.026262166666666666,0.0,10.2765,True,True,False,False,0.0,0.0,174.02594837970733,159.0967436165801,0.0,5437.6949404609095,5770.817632457197
2025-05-31T04:00:00Z,2025-05-31T04:15:00Z,2025-05-31,2025-05-31_7,-14.0,100,86,0,30.2457742956521,32.90660097391297,0.012968721449275362,1.074,0.6338199999999999,True,True,False,False,-315.175,0.0,174.02594837970733,136.8231995102589,162.26140208139972,-24.04483203064831,133.89071794071762
2025-05-31T04:15:00Z,2025-05-31T04:30:00Z,2025-05-31,2025-05-31_7,-14.0,100,86,0,32.90660097391297,34.51314615652167,0.012340765603864736,1.517,0.0,True,True,False,False,-315.175,0.0,174.02594837970733,136.8231995102589,234.69058571456782,0.0,230.36473360453402
2025-05-31T04:30:00Z,2025-05-31T04:45:00Z,2025-05-31,2025-05-31_7,-14.0,100,86,0,34.51314615652167,30.013663582608626,0.02519394937198068,7.258000000000001,0.0,True,True,False,False,-315.175,0.0,174.02594837970733,136.8231995102589,1282.601643002429,0.0,1278.2757908923952
2025-05-31T04:45:00Z,2025-05-31T05:00:00Z,2025-05-31,2025-05-31_7,-14.0,100,86,0,30.013663582608626,31.60530563478254,0.012379863188405798,1.5325,0.0017200000000000002,True,True,False,False,-315.175,0.0,174.02594837970733,136.8231995102589,257.4384525760777,-0.13586366239459705,252.9767368036493
2025-05-31T05:00:00Z,2025-05-31T05:15:00Z,2025-05-31,2025-05-31_8,-11.999999999999977,100,88,0,31.60530563478254,10.82421092173906,0.059525703091787445,22.0645,0.0,True,True,False,False,-236.09999999999957,0.0,174.02594837970733,138.80605857145676,24040.139617883447,0.0,24116.871624834614
2025-05-31T05:15:00Z,2025-05-31T05:30:00Z,2025-05-31,2025-05-31_8,-11.999999999999977,100,88,0,10.82421092173906,12.682903617391226,0.00969854251207728,0.8535000000000001,0.01012,True,True,False,False,-236.09999999999957,0.0,174.02594837970733,138.80605857145676,141.79031892414937,-0.7793992772369123,217.742926598077
2025-05-31T05:30:00Z,2025-05-31T05:45:00Z,2025-05-31,2025-05-31_8,-11.999999999999977,100,88,0,12.682903617391226,17.571805878260786,0.014005404830917858,0.08,2.4068,True,True,False,False,-236.09999999999957,0.0,174.02594837970733,138.80605857145676,12.821153656272832,-17.673028930271133,71.88013167716622
2025-05-31T05:45:00Z,2025-05-31T06:00:00Z,2025-05-31,2025-05-31_8,-11.999999999999977,100,88,0,17.571805878260786,28.290983478260777,0.029775493333333316,0.0,8.65128,True,True,False,False,-236.09999999999957,0.0,174.02594837970733,138.80605857145676,0.0,-24.671327332688247,52.06067961847627
2025-05-31T06:00:00Z,2025-05-31T06:15:00Z,2025-05-31,2025-05-31_9,0.0,100,100,0,28.290983478260777,16.157081739130344,0.033761504830917874,11.1725,0.011,True,True,False,False,0.0,0.0,174.41102707399435,157.73415746756453,6479.498424139497,-0.7942487015936333,6810.849359979462
2025-05-31T06:15:00Z,2025-05-31T06:30:00Z,2025-05-31,2025-05-31_9,0.0,100,100,0,16.157081739130344,10.052820869565128,0.017020169082125603,5.6265,0.0125,True,True,False,False,0.0,0.0,174.41102707399435,157.73415746756453,1597.692002310472,-0.96269673571753,1928.8744901163134
2025-05-31T06:30:00Z,2025-05-31T06:45:00Z,2025-05-31,2025-05-31_9,0.0,100,100,0,10.052820869565128,9.999999999999911,0.0005658357487922705,0.11799999999999998,0.082,True,True,False,False,0.0,0.0,174.41102707399435,157.73415746756453,16.70217658326586,-5.759593593870337,343.0877675309544
2025-05-31T06:45:00Z,2025-05-31T07:00:00Z,2025-05-31,2025-05-31_9,0.0,100,100,0,9.999999999999911,19.118586086956434,0.02624426086956522,0.1515,10.0905,True,True,False,False,0.0,0.0,174.41102707399435,157.73415746756453,21.65397796165011,7876.380594798476,8230.179757301685
2025-05-31T07:00:00Z,2025-05-31T07:15:00Z,2025-05-31,2025-05-31_10,2.7471295999999135,0,0,0,19.118586086956434,18.372083478260805,0.0020736183574878576,0.0,0.0,True,False,False,False,0.6867823999999784,0.0,0.0,0.0,0.0,0.0,0.6867823999999784
2025-05-31T07:15:00Z,2025-05-31T07:30:00Z,2025-05-31,2025-05-31_10,2.7471295999999135,0,0,0,18.372083478260805,17.625580869565177,0.0020736183574878576,0.0,0.0,True,False,False,False,0.6867823999999784,0.0,0.0,0.0,0.0,0.0,0.6867823999999784
2025-05-31T07:30:00Z,2025-05-31T07:45:00Z,2025-05-31,2025-05-31_10,2.7471295999999135,0,0,0,17.625580869565177,16.879078260869548,0.0020736183574878576,0.0,0.0,True,False,False,False,0.6867823999999784,0.0,0.0,0.0,0.0,0.0,0.6867823999999784
2025-05-31T07:45:00Z,2025-05-31T08:00:00Z,2025-05-31,2025-05-31_10,2.7471295999999135,0,0,0,16.879078260869548,16.13257565217392,0.0020736183574878576,0.0,0.0,True,False,False,False,0.6867823999999784,0.0,0.0,0.0,0.0,0.0,0.6867823999999784
2025-05-31T08:00:00Z,2025-05-31T08:15:00Z,2025-05-31,2025-05-31_11,0.0,100,100,0,16.13257565217392,24.85990521739131,0.024251640096618357,0.0015,9.488,True,True,False,False,0.0,0.0,174.41102707399435,157.40832164932166,0.1335689883291534,5247.480994490413,5579.433912202058
2025-05-31T08:15:00Z,2025-05-31T08:30:00Z,2025-05-31,2025-05-31_11,0.0,100,100,0,24.85990521739131,33.649125217391315,0.024414500000000002,0.0,9.5535,True,True,False,False,0.0,0.0,174.41102707399435,157.40832164932166,0.0,5221.653055747545,5553.472404470861
2025-05-31T08:30:00Z,2025-05-31T08:45:00Z,2025-05-31,2025-05-31_11,0.0,100,100,0,33.649125217391315,39.12634521739132,0.0152145,0.0,5.9535,True,True,False,False,0.0,0.0,174.41102707399435,157.40832164932166,0.0,329.1842623274551,661.003611050771
2025-05-31T08:45:00Z,2025-05-31T09:00:00Z,2025-05-31,2025-05-31_11,0.0,100,100,0,39.12634521739132,41.14758521739132,0.005614555555555556,0.0,2.197,True,True,False,False,0.0,0.0,174.41102707399435,157.40832164932166,0.0,-77.74513951697308,254.0742092063429
2025-05-31T09:00:00Z,2025-05-31T09:15:00Z,2025-05-31,2025-05-31_12,0.0,100,100,0,41.14758521739132,39.310113043478275,0.005635644927536231,1.7785,0.104,True,True,False,False,0.0,0.0,174.02594837970733,187.91840281206183,158.37180927743438,-4.850019945101601,515.4661405241019
2025-05-31T09:15:00Z,2025-05-31T09:30:00Z,2025-05-31,2025-05-31_12,0.0,100,100,0,39.310113043478275,36.73574347826088,0.007214915458937199,2.379,0.0125,True,True,False,False,0.0,0.0,174.02594837970733,187.91840281206183,211.84511345010762,-0.96269673571753,572.8267679061593
2025-05-31T09:30:00Z,2025-05-31T09:45:00Z,2025-05-31,2025-05-31_12,0.0,100,100,0,36.73574347826088,36.614180000000005,0.0004986763285024156,0.1385,0.0315,True,True,False,False,0.0,0.0,174.02594837970733,187.91840281206183,12.33289727285294,-2.4259957740081757,371.85125269061393
2025-05-31T09:45:00Z,2025-05-31T10:00:00Z,2025-05-31,2025-05-31_12,0.0,100,100,0,36.614180000000005,36.55483043478261,0.00045108212560386466,0.10199999999999998,0.05600000000000001,True,True,False,False,0.0,0.0,174.02594837970733,187.91840281206183,9.08269120638243,-4.214138509844192,366.8129038883074
2025-05-31T10:00:00Z,2025-05-31T10:15:00Z,2025-05-31,2025-05-31_13,0.0,100,100,0,36.55483043478261,36.34915043478261,0.0006786666666666666,0.207,0.021,True,True,False,False,0.0,0.0,174.02594837970733,187.592566993819,18.413716700566752,-1.6173305160054505,378.41490155808765
2025-05-31T10:15:00Z,2025-05-31T10:30:00Z,2025-05-31,2025-05-31_13,0.0,100,100,0,36.34915043478261,37.78778347826086,0.004071685990338165,0.0125,1.5785,True,True,False,False,0.0,0.0,174.02594837970733,187.592566993819,1.111939414285432,-60.410924090128155,302.3195306976836
2025-05-31T10:30:00Z,2025-05-31T10:45:00Z,2025-05-31,2025-05-31_13,0.0,100,100,0,37.78778347826086,43.986283478260866,0.01721805555555556,0.0,6.737500000000001,True,True,False,False,0.0,0.0,174.02594837970733,187.592566993819,0.0,-27.325732143209784,334.29278323031656
2025-05-31T10:45:00Z,2025-05-31T11:00:00Z,2025-05-31,2025-05-31_13,0.0,100,100,0,43.986283478260866,49.70914347826087,0.015896833333333336,0.0,6.2205,True,True,False,False,0.0,0.0,174.02594837970733,187.592566993819,0.0,1521.1105753470647,1882.729090720591
2025-05-31T11:00:00Z,2025-05-31T11:15:00Z,2025-05-31,2025-05-31_14,0.0,100,100,0,49.70914347826087,59.340623478260866,0.02675411111111111,0.0,10.469,True,True,False,False,0.0,0.0,174.02594837970733,187.91840281206183,0.0,979.5964799857815,1341.5408311775507
2025-05-31T11:15:00Z,2025-05-31T11:30:00Z,2025-05-31,2025-05-31_14,0.0,100,100,0,59.340623478260866,69.12804347826086,0.02718727777777778,0.0,10.6385,True,True,False,False,0.0,0.0,174.02594837970733,187.91840281206183,0.0,3817.593130294832,4179.537481486601
2025-05-31T11:30:00Z,2025-05-31T11:45:00Z,2025-05-31,2025-05-31_14,0.0,100,100,0,69.12804347826086,86.79526347826086,0.04907561111111111,0.0,19.2035,True,True,False,False,0.0,0.0,174.02594837970733,187.91840281206183,0.0,13631.212300993304,13993.156652185073
2025-05-31T11:45:00Z,2025-05-31T12:00:00Z,2025-05-31,2025-05-31_14,0.0,100,100,0,86.79526347826086,102.61328347826087,0.04393894444444445,0.0,17.1935,True,True,False,False,0.0,0.0,174.02594837970733,187.91840281206183,0.0,10028.6973667529,10390.641717944669
2025-05-31T12:00:00Z,2025-05-31T12:15:00Z,2025-05-31,2025-05-31_15,0.0,100,100,0,102.61328347826087,116.22744347826087,0.037817111111111114,0.0,14.798,True,True,False,False,0.0,0.0,174.02594837970733,188.59969588656963,0.0,3956.611560654831,4319.237204921108
2025-05-31T12:15:00Z,2025-05-31T12:30:00Z,2025-05-31,2025-05-31_15,0.0,100,100,0,116.22744347826087,125.15282347826087,0.024792722222222223,0.0,9.7015,True,True,False,False,0.0,0.0,174.02594837970733,188.59969588656963,0.0,1302.7049825233514,1665.3306267896285
2025-05-31T12:30:00Z,2025-05-31T12:45:00Z,2025-05-31,2025-05-31_15,0.0,100,100,0,125.15282347826087,131.99440347826086,0.019004388888888887,0.0,7.4365,True,True,False,False,0.0,0.0,174.02594837970733,188.59969588656963,0.0,-46.36743438851478,316.25820987776217
2025-05-31T12:45:00Z,2025-05-31T13:00:00Z,2025-05-31,2025-05-31_15,0.0,100,100,0,131.99440347826086,132.28258260869563,0.003388057971014493,0.4285,0.8195000000000001,True,True,False,False,0.0,0.0,174.02594837970733,188.59969588656963,38.14063784829874,-33.0190255534272,367.7472565611485
2025-05-31T13:00:00Z,2025-05-31T13:15:00Z,2025-05-31,2025-05-31_16,0.0,100,100,0,132.28258260869563,143.35156260869564,0.030747166666666666,0.0,12.0315,True,True,False,False,0.0,0.0,174.02594837970733,188.27386006832677,0.0,1313.4813188451587,1675.7811272931929
2025-05-31T13:15:00Z,2025-05-31T13:30:00Z,2025-05-31,2025-05-31_16,0.0,100,100,0,143.35156260869564,149.35134260869563,0.016666055555555555,0.0,6.5215,True,True,False,False,0.0,0.0,174.02594837970733,188.27386006832677,0.0,-39.92179515788226,322.37801329015184
2025-05-31T13:30:00Z,2025-05-31T13:45:00Z,2025-05-31,2025-05-31_16,0.0,100,100,0,149.35134260869563,149.6213217391304,0.0007680579710144927,0.003,0.297,True,True,False,False,0.0,0.0,174.02594837970733,188.27386006832677,0.2670431880566362,-16.692679752759727,345.87417188333103
2025-05-31T13:45:00Z,2025-05-31T14:00:00Z,2025-05-31,2025-05-31_16,0.0,100,100,0,149.6213217391304,149.5823330434782,0.0004200797101449275,0.0875,0.061,True,True,False,False,0.0,0.0,174.02594837970733,188.27386006832677,7.788759651651888,-3.9080522917119214,366.1805158079741
2025-05-31T14:00:00Z,2025-05-31T14:15:00Z,2025-05-31,2025-05-31_17,0.0,100,100,0,149.5823330434782,161.8174130434782,0.033986333333333334,0.0,13.299,True,True,False,False,0.0,0.0,174.02594837970733,157.3787002112996,0.0,7119.596368411697,7451.0010170027035
2025-05-31T14:15:00Z,2025-05-31T14:30:00Z,2025-05-31,2025-05-31_17,0.0,100,100,0,161.8174130434782,180.5516660869565,0.052045630434782615,0.001,20.3645,True,True,False,False,0.0,0.0,174.02594837970733,157.3787002112996,0.08889393550425562,22402.421870890023,22733.915413416533
2025-05-31T14:30:00Z,2025-05-31T14:45:00Z,2025-05-31,2025-05-31_17,0.0,100,100,0,180.5516660869565,176.7845713043478,0.010538263285024156,3.4780000000000006,0.0145,True,True,False,False,0.0,0.0,174.02594837970733,157.3787002112996,410.65043188056643,-0.8007657141728707,741.2543147574005
2025-05-31T14:45:00Z,2025-05-31T15:00:00Z,2025-05-31,2025-05-31_17,0.0,100,100,0,176.7845713043478,171.92108,0.01373969806763285,4.5125,0.045,True,True,False,False,0.0,0.0,174.02594837970733,157.3787002112996,520.1017372973399,-2.7153024348822052,848.7910834534646
2025-05-31T15:00:00Z,2025-05-31T15:15:00Z,2025-05-31,2025-05-31_18,0.0,100,100,0,171.92108,184.7629,0.03567172222222223,0.0,13.9585,True,True,False,False,0.0,0.0,174.02594837970733,157.3787002112996,0.0,11732.000859515394,12063.405508106402
2025-05-31T15:15:00Z,2025-05-31T15:30:00Z,2025-05-31,2025-05-31_18,0.0,100,100,0,184.7629,189.8608695652174,0.01493397342995169,0.128,5.6925,True,True,False,False,0.0,0.0,174.02594837970733,157.3787002112996,13.180569916467544,542.5079864333813,887.0932049408558
2025-05-31T15:30:00Z,2025-05-31T15:45:00Z,2025-05-31,2025-05-31_18,0.0,100,100,0,189.8608695652174,176.42391304347828,0.03732487922705314,12.362,0.0,True,True,False,False,0.0,0.0,174.02594837970733,157.3787002112996,11375.703350777068,0.0,11707.107999368076
2025-05-31T15:45:00Z,2025-05-31T16:00:00Z,2025-05-31,2025-05-31_18,0.0,100,100,0,176.42391304347828,150.6614130434783,0.0715625,23.7015,0.0,True,True,False,False,0.0,0.0,174.02594837970733,157.3787002112996,26328.32771085527,0.0,26659.732359446276
2025-05-31T16:00:00Z,2025-05-31T16:15:00Z,2025-05-31,2025-05-31_19,-47.0,100,53,0,150.6614130434783,161.60396093043482,0.03352123809178745,0.9765000000000001,1.214495,True,True,False,False,-1043.635,0.0,174.02594837970733,83.59910345780919,171.89747625348053,-24.35441532514465,-638.4668872341476
2025-05-31T16:15:00Z,2025-05-31T16:30:00Z,2025-05-31,2025-05-31_19,-47.0,100,53,0,161.60396093043482,173.60186426956525,0.033410721835748794,0.026,1.3197,True,True,False,False,-1043.635,0.0,174.02594837970733,83.59910345780919,3.463952289737159,-26.68900985406505,-809.2350057268113
2025-05-31T16:30:00Z,2025-05-31T16:45:00Z,2025-05-31,2025-05-31_19,-47.0,100,53,0,173.60186426956525,183.918375426087,0.03027802012077295,0.5065,0.018815,True,True,False,False,-1043.635,0.0,174.02594837970733,83.59910345780919,88.92641274511739,-1.3438648768735557,-698.4274002942396
2025-05-31T16:45:00Z,2025-05-31T17:00:00Z,2025-05-31,2025-05-31_19,-47.0,100,53,0,183.918375426087,186.70283622608702,0.03320405777777778,7.958,0.0,True,True,False,False,-1043.635,0.0,174.02594837970733,83.59910345780919,1414.3628511621478,0.0,628.3529029996643
2025-05-31T17:00:00Z,2025-05-31T17:15:00Z,2025-05-31,2025-05-31_20,46.94928883436123,53,100,0,186.70283622608702,179.66439795594724,0.03564792314416764,0.1908,5.9365,True,True,False,False,1541.5798988762508,0.0,92.10815774403127,157.73415746756453,33.88827891546042,1151.4270759691144,2976.7375689724213
2025-05-31T17:15:00Z,2025-05-31T17:30:00Z,2025-05-31,2025-05-31_20,46.94928883436123,53,100,0,179.66439795594724,174.5530689797492,0.03496536743789547,0.0,7.658999999999999,True,True,False,False,1541.5798988762508,0.0,92.10815774403127,157.73415746756453,0.0,3424.3514686308963,5215.773682718743
2025-05-31T17:30:00Z,2025-05-31T17:45:00Z,2025-05-31,2025-05-31_20,46.94928883436123,53,100,0,174.5530689797492,165.84106486307488,0.03518828734847598,0.0,4.0525,True,True,False,False,1541.5798988762508,0.0,92.10815774403127,157.73415746756453,0.0,-114.49098767748178,1676.9312264103648
2025-05-31T17:45:00Z,2025-05-31T18:00:00Z,2025-05-31,2025-05-31_20,46.94928883436123,53,100,0,165.84106486307488,152.1765721739128,0.03895339332795583,1.171565,0.3675,True,True,False,False,1541.5798988762508,0.0,92.10815774403127,157.73415746756453,230.2517720906811,-18.750562807322417,2002.9234233712052
2025-05-31T18:00:00Z,2025-05-31T18:15:00Z,2025-05-31,2025-05-31_21,100.0,0,100,0,152.1765721739128,128.84178956521714,0.06481884057971014,0.0,3.5319999999999996,True,True,False,False,6104.0,0.0,0.0,157.3787002112996,0.0,-45.24732004976401,6216.131380161535
2025-05-31T18:15:00Z,2025-05-31T18:30:00Z,2025-05-31,2025-05-31_21,100.0,0,100,0,128.84178956521714,101.7461373913041,0.0752657004830918,0.0,0.072,True,True,False,False,6104.0,0.0,0.0,157.3787002112996,0.0,-4.3014309129327195,6257.077269298366
2025-05-31T18:30:00Z,2025-05-31T18:45:00Z,2025-05-31,2025-05-31_21,100.0,0,100,0,101.7461373913041,74.57222434782585,0.0754830917874396,0.0,0.0,True,True,False,False,6104.0,0.0,0.0,157.3787002112996,0.0,0.0,6261.3787002112995
2025-05-31T18:45:00Z,2025-05-31T19:00:00Z,2025-05-31,2025-05-31_21,100.0,0,100,0,74.57222434782585,47.398311304347594,0.0754830917874396,0.0,0.0,True,True,False,False,6104.0,0.0,0.0,157.3787002112996,0.0,0.0,6261.3787002112995
2025-05-31T19:00:00Z,2025-05-31T19:15:00Z,2025-05-31,2025-05-31_22,0.0,100,100,0,47.398311304347594,27.157550434782376,0.05622433574879227,18.6215,0.0,True,True,False,False,0.0,0.0,173.78897687553072,157.73415746756453,18676.92800400877,0.0,19008.451138351866
2025-05-31T19:15:00Z,2025-05-31T19:30:00Z,2025-05-31,2025-05-31_22,0.0,100,100,0,27.157550434782376,17.858386956521507,0.025838676328502414,8.5565,0.0015,True,True,False,False,0.0,0.0,173.78897687553072,157.73415746756453,2302.0041677363292,-0.1155236082861036,2633.4117784711384
2025-05-31T19:30:00Z,2025-05-31T19:45:00Z,2025-05-31,2025-05-31_22,0.0,100,100,0,17.858386956521507,18.221287826086726,0.0010593864734299515,0.0085,0.40449999999999997,True,True,False,False,0.0,0.0,173.78897687553072,157.73415746756453,1.2339309623017833,-22.274938486147036,310.48212681924997
2025-05-31T19:45:00Z,2025-05-31T20:00:00Z,2025-05-31,2025-05-31_22,0.0,100,100,0,18.221287826086726,21.528687826086728,0.009187222222222223,0.0,3.595,True,True,False,False,0.0,0.0,173.78897687553072,157.73415746756453,0.0,-17.56572700882719,313.95740733426805
2025-05-31T20:00:00Z,2025-05-31T20:15:00Z,2025-05-31,2025-05-31_23,7.875604802977632e-15,100,100,0,21.528687826086728,10.251593913043244,0.03285348309178745,10.628,0.299,True,True,False,False,2.5822139247762914e-13,0.0,173.78897687553072,157.73415746756453,5772.150562214893,-11.427941902486225,6092.245754655502
2025-05-31T20:15:00Z,2025-05-31T20:30:00Z,2025-05-31,2025-05-31_23,7.875604802977632e-15,100,100,0,10.251593913043244,9.999999999999764,0.0013965386473430012,0.347,0.1365,True,True,False,False,2.5822139247762914e-13,0.0,173.78897687553072,157.73415746756453,60.64492940223938,-8.342783822745316,383.8252799225896
2025-05-31T20:30:00Z,2025-05-31T20:45:00Z,2025-05-31,2025-05-31_23,7.875604802977632e-15,100,100,0,9.999999999999764,10.217002608695413,0.0007567705314009719,0.025499999999999995,0.266,True,True,False,False,2.5822139247762914e-13,0.0,173.78897687553072,157.73415746756453,3.878629613538971,-16.543383558127136,318.85838039850734
2025-05-31T20:45:00Z,2025-05-31T21:00:00Z,2025-05-31,2025-05-31_23,7.875604802977632e-15,100,100,0,10.217002608695413,11.73885304347802,0.004287748792270536,0.01,1.6659999999999997,True,True,False,False,2.5822139247762914e-13,0.0,173.78897687553072,157.73415746756453,1.7758052094235668,-68.43236714785046,264.8665724046686
2025-05-31T21:00:00Z,2025-05-31T21:15:00Z,2025-06-01,2025-05-31_24,-23.957735778093213,39,76,0,11.73885304347802,13.166206444961233,0.013625165245664645,4.14765,0.0,True,True,False,False,-618.0496887353596,0.0,67.65062501234226,121.81401686447205,1057.6265876597088,0.0,629.0415408011635
2025-05-31T21:15:00Z,2025-05-31T21:30:00Z,2025-06-01,2025-05-31_24,-23.957735778093213,39,76,0,13.166206444961233,17.406312342954635,0.015111713828628887,1.4312999999999998,0.15086000000000002,True,True,False,False,-618.0496887353596,0.0,67.65062501234226,121.81401686447205,259.03904202294666,-6.350723679377555,-175.8967285149762
2025-05-31T21:30:00Z,2025-05-31T21:45:00Z,2025-06-01,2025-05-31_24,-23.957735778093213,39,76,0,17.406312342954635,22.256810502295234,0.01576173785656103,0.98241,0.33402,True,True,False,False,-618.0496887353596,0.0,67.65062501234226,121.81401686447205,172.08228718971543,-6.074350164892672,-262.57710983372255
2025-05-31T21:45:00Z,2025-05-31T22:00:00Z,2025-06-01,2025-05-31_24,-23.957735778093213,39,76,0,22.256810502295234,28.42534474957793,0.017149805116827635,0.006435,0.72238,True,True,False,False,-618.0496887353596,0.0,67.65062501234226,121.81401686447205,0.8259937992456406,-22.938443022176582,-450.69749608147623
2025-05-31T22:00:00Z,2025-05-31T22:15:00Z,2025-06-01,2025-06-01_1,0.0,100,100,0,28.42534474957793,13.583496923490975,0.04122735507246377,13.6545,0.0,True,True,False,False,0.0,0.0,174.02594837970733,160.60743695570608,3242.7300571693754,0.0,3577.363442504789
2025-05-31T22:15:00Z,2025-05-31T22:30:00Z,2025-06-01,2025-06-01_1,0.0,100,100,0,13.583496923490975,10.02243257566489,0.017351512077294684,4.5115,1.4595,True,True,False,False,0.0,0.0,174.02594837970733,160.60743695570608,823.4362823120518,-14.49815922510318,1143.571508422362
2025-05-31T22:30:00Z,2025-05-31T22:45:00Z,2025-06-01,2025-06-01_1,0.0,100,100,0,10.02243257566489,13.362032575664891,0.009276666666666666,0.0,3.63,True,True,False,False,0.0,0.0,174.02594837970733,160.60743695570608,0.0,-89.17402989790477,245.45935543750863
2025-05-31T22:45:00Z,2025-05-31T23:00:00Z,2025-06-01,2025-06-01_1,0.0,100,100,0,13.362032575664891,14.205672575664892,0.002343444444444445,0.0,0.9170000000000001,True,True,False,False,0.0,0.0,174.02594837970733,160.60743695570608,0.0,-38.39524398191118,296.2381413535022
2025-05-31T23:00:00Z,2025-05-31T23:15:00Z,2025-06-01,2025-06-01_2,5.999999999999883,94,100,0,14.205672575664892,10.71638396696927,0.010136879468598946,1.78929,0.0925,True,True,False,False,127.72499999999751,0.0,163.9463654495547,160.60743695570608,297.0110450522325,-4.616012855704102,744.6738346017867
2025-05-31T23:15:00Z,2025-05-31T23:30:00Z,2025-06-01,2025-06-01_2,5.999999999999883,94,100,0,10.71638396696927,10.149424071317128,0.007068770821255958,0.0,1.1435,True,True,False,False,127.72499999999751,0.0,163.9463654495547,160.60743695570608,0.0,-46.08414068208298,406.1946617231753
2025-05-31T23:30:00Z,2025-05-31T23:45:00Z,2025-06-01,2025-06-01_2,5.999999999999883,94,100,0,10.149424071317128,16.56689478436064,0.023748952463768083,0.0,8.6535,True,True,False,False,127.72499999999751,0.0,163.9463654495547,160.60743695570608,0.0,-6.066455696202531,446.21234670905574
2025-05-31T23:45:00Z,2025-06-01T00:00:00Z,2025-06-01,2025-06-01_2,5.999999999999883,94,100,0,16.56689478436064,20.664437114795454,0.01820851130434778,0.0,6.159,True,True,False,False,127.72499999999751,0.0,163.9463654495547,160.60743695570608,0.0,-84.61494697762592,367.66385542763237
2025-06-01T00:00:00Z,2025-06-01T00:15:00Z,2025-06-01,2025-06-01_3,44.41555953393005,55,100,0,20.664437114795454,16.635217509656087,0.03416872275248678,0.0,8.0875,True,True,False,False,883.6475569275383,0.0,95.92606489069689,160.2816011374632,0.0,-68.72434536621971,1071.1308775894786
2025-06-01T00:15:00Z,2025-06-01T00:30:00Z,2025-06-01,2025-06-01_3,44.41555953393005,55,100,0,16.635217509656087,15.092378742462083,0.03436740657803797,0.0,10.5885,True,True,False,False,883.6475569275383,0.0,95.92606489069689,160.2816011374632,0.0,-0.4537420762653291,1139.4014808794332
2025-06-01T00:30:00Z,2025-06-01T00:45:00Z,2025-06-01,2025-06-01_3,44.41555953393005,55,100,0,15.092378742462083,12.483806165481024,0.034282245018265524,0.0,9.5165,True,True,False,False,883.6475569275383,0.0,95.92606489069689,160.2816011374632,0.0,-0.4435107328343767,1139.411712222864
2025-06-01T00:45:00Z,2025-06-01T01:00:00Z,2025-06-01,2025-06-01_3,44.41555953393005,55,100,0,12.483806165481024,10.000000000000217,0.034292214958332165,0.0,9.642,True,True,False,False,883.6475569275383,0.0,95.92606489069689,160.2816011374632,0.0,-0.4493595845099626,1139.4058633711884
2025-06-01T01:00:00Z,2025-06-01T01:15:00Z,2025-06-01,2025-06-01_4,0.0,100,100,0,10.000000000000217,20.18808000000022,0.028300222222222227,0.0,11.074,True,True,False,False,0.0,0.0,174.41102707399435,160.60743695570608,0.0,-0.4373704062086534,334.58109362349177
2025-06-01T01:15:00Z,2025-06-01T01:30:00Z,2025-06-01,2025-06-01_4,0.0,100,100,0,20.18808000000022,27.129858260869785,0.028902282608695654,1.593,9.4275,True,True,False,False,0.0,0.0,174.41102707399435,160.60743695570608,408.3961381543869,-2.0180907995813504,741.396511384506
2025-06-01T01:30:00Z,2025-06-01T01:45:00Z,2025-06-01,2025-06-01_4,0.0,100,100,0,27.129858260869785,40.13589826086979,0.03612788888888889,0.0,14.137,True,True,False,False,0.0,0.0,174.41102707399435,160.60743695570608,0.0,7.9759491696123535,342.99441319931276
2025-06-01T01:45:00Z,2025-06-01T02:00:00Z,2025-06-01,2025-06-01_4,0.0,100,100,0,40.13589826086979,54.89867826086979,0.04100772222222223,0.0,16.0465,True,True,False,False,0.0,0.0,174.41102707399435,160.60743695570608,0.0,1494.8351423803788,1829.8536064100792
2025-06-01T02:00:00Z,2025-06-01T02:15:00Z,2025-06-01,2025-06-01_5,95.51596153174641,4,100,0,54.89867826086979,33.20176358291788,0.06117333906190416,0.0,3.945,True,True,False,False,1665.3207893059987,0.0,6.961037935188293,159.0967436165801,0.0,-90.73601275696596,1740.6425581008011
2025-06-01T02:15:00Z,2025-06-01T02:30:00Z,2025-06-01,2025-06-01_5,95.51596153174641,4,100,0,33.20176358291788,20.69599730198088,0.03759376006435772,0.0,12.4595,True,True,False,False,1665.3207893059987,0.0,6.961037935188293,159.0967436165801,0.0,5311.143904697959,7142.5224755557265
2025-06-01T02:30:00Z,2025-06-01T02:45:00Z,2025-06-01,2025-06-01_5,95.51596153174641,4,100,0,20.69599730198088,19.104753475940555,0.009592923462773132,0.0,22.5705,True,True,False,False,1665.3207893059987,0.0,6.961037935188293,159.0967436165801,0.0,20052.662868540057,21884.041439397824
2025-06-01T02:45:00Z,2025-06-01T03:00:00Z,2025-06-01,2025-06-01_5,95.51596153174641,4,100,0,19.104753475940555,13.423397338397564,0.020085967660518556,0.0,18.7815,True,True,False,False,1665.3207893059987,0.0,6.961037935188293,159.0967436165801,0.0,9709.244391575663,11540.62296243343
2025-06-01T03:00:00Z,2025-06-01T03:15:00Z,2025-06-01,2025-06-01_6,49.87818154234153,50,100,0,13.423397338397564,10.115989977314769,0.03535072052275336,0.0,10.213,True,True,False,False,790.3197865384016,0.0,87.01297418985367,158.682043484271,0.0,-0.9539582140247633,1035.0608459985015
2025-06-01T03:15:00Z,2025-06-01T03:30:00Z,2025-06-01,2025-06-01_6,49.87818154234153,50,100,0,10.115989977314769,10.000000000000218,0.034634700242991937,0.0,13.394,True,True,False,False,790.3197865384016,0.0,87.01297418985367,158.682043484271,0.0,978.913367167598,2014.9281713801242
2025-06-01T03:30:00Z,2025-06-01T03:45:00Z,2025-06-01,2025-06-01_6,49.87818154234153,50,100,0,10.000000000000218,17.272126216986003,0.03297711667173664,0.0,20.758,True,True,False,False,790.3197865384016,0.0,87.01297418985367,158.682043484271,0.0,16350.494388909732,17386.50919312226
2025-06-01T03:45:00Z,2025-06-01T04:00:00Z,2025-06-01,2025-06-01_6,49.87818154234153,50,100,0,17.272126216986003,21.610676693595064,0.03363528809519542,0.0,17.834,True,True,False,False,790.3197865384016,0.0,87.01297418985367,158.682043484271,0.0,13322.58508264381,14358.599886856337
2025-06-01T04:00:00Z,2025-06-01T04:15:00Z,2025-06-01,2025-06-01_7,49.67950645567487,50,100,0,21.610676693595064,10.000000000000265,0.03709997969912825,0.00125,1.8849999999999998,True,True,False,False,433.08109752734566,0.0,87.20551353699717,159.0967436165801,0.15467080708544798,80.53806651000217,760.0760919980106
2025-06-01T04:15:00Z,2025-06-01T04:30:00Z,2025-06-01,2025-06-01_7,49.67950645567487,50,100,0,10.000000000000265,16.40454438611392,0.03325224746580776,0.0,19.846,True,True,False,False,433.08109752734566,0.0,87.20551353699717,159.0967436165801,0.0,15811.883800233021,16491.267154913945
2025-06-01T04:30:00Z,2025-06-01T04:45:00Z,2025-06-01,2025-06-01_7,49.67950645567487,50,100,0,16.40454438611392,10.00000000000026,0.03598556468659249,0.0,7.0745000000000005,True,True,False,False,433.08109752734566,0.0,87.20551353699717,159.0967436165801,0.0,410.647629297577,1090.0309839785
2025-06-01T04:45:00Z,2025-06-01T05:00:00Z,2025-06-01,2025-06-01_7,49.67950645567487,50,100,0,10.00000000000026,12.054779831821167,0.034180438890976564,0.0,15.509,True,True,False,False,433.08109752734566,0.0,87.20551353699717,159.0967436165801,0.0,6168.410045617014,6847.793400297936
2025-06-01T05:00:00Z,2025-06-01T05:15:00Z,2025-06-01,2025-06-01_8,47.46002929498103,52,100,0,12.054779831821167,14.060162899080797,0.034477850638754165,0.0,14.913500000000003,True,True,False,False,154.24509520868833,0.0,90.4934931574478,157.73415746756453,0.0,7870.757995714766,8273.230741548467
2025-06-01T05:15:00Z,2025-06-01T05:30:00Z,2025-06-01,2025-06-01_8,47.46002929498103,52,100,0,14.060162899080797,12.186005929491293,0.03482837733215414,0.0,11.031,True,True,False,False,154.24509520868833,0.0,90.4934931574478,157.73415746756453,0.0,97.62976322597207,500.10250905967274
2025-06-01T05:30:00Z,2025-06-01T05:45:00Z,2025-06-01,2025-06-01_8,47.46002929498103,52,100,0,12.186005929491293,11.688298773362106,0.03470401145445717,0.0,12.4085,True,True,False,False,154.24509520868833,0.0,90.4934931574478,157.73415746756453,0.0,98.15748592981693,500.6302317635176
2025-06-01T05:45:00Z,2025-06-01T06:00:00Z,2025-06-01,2025-06-01_8,47.46002929498103,52,100,0,11.688298773362106,10.00000000000027,0.0348115845530241,0.0,11.217,True,True,False,False,154.24509520868833,0.0,90.4934931574478,157.73415746756453,0.0,2931.5313517249547,3334.0040975586553
2025-06-01T06:00:00Z,2025-06-01T06:15:00Z,2025-06-01,2025-06-01_9,40.14938274622724,59,100,0,10.00000000000027,11.769748399188835,0.03438188101261756,0.0,12.846499999999999,True,True,False,False,24.08962964773634,0.0,102.67530954402731,157.3787002112996,0.0,4485.673383953079,4769.817023356142
2025-06-01T06:15:00Z,2025-06-01T06:30:00Z,2025-06-01,2025-06-01_9,40.14938274622724,59,100,0,11.769748399188835,10.000000000000266,0.03324412943065033,0.0,9.2605,True,True,False,False,24.08962964773634,0.0,102.67530954402731,157.3787002112996,0.0,72.20735845889531,356.35099786195855
2025-06-01T06:30:00Z,2025-06-01T06:45:00Z,2025-06-01,2025-06-01_9,40.14938274622724,59,100,0,10.000000000000266,13.78428073758474,0.0350294412409486,0.0,14.887499999999998,True,True,False,False,24.08962964773634,0.0,102.67530954402731,157.3787002112996,0.0,6401.201650407787,6685.345289810851
2025-06-01T06:45:00Z,2025-06-01T07:00:00Z,2025-06-01,2025-06-01_9,40.14938274622724,59,100,0,13.78428073758474,15.90195792133213,0.034493720787476305,0.0,13.199,True,True,False,False,24.08962964773634,0.0,102.67530954402731,157.3787002112996,0.0,4087.9366557396465,4372.0802951427095
2025-06-01T07:00:00Z,2025-06-01T07:15:00Z,2025-06-01,2025-06-01_10,15.999999999999899,84,100,0,15.90195792133213,13.317206616984333,0.015444531400966117,0.054599999999999996,1.925,True,True,False,False,-0.03999999999999975,0.0,146.50526274215525,157.73415746756453,4.8519915480163505,-33.11681214084006,275.9345996168961
2025-06-01T07:15:00Z,2025-06-01T07:30:00Z,2025-06-01,2025-06-01_10,15.999999999999899,84,100,0,13.317206616984333,14.77131141698436,0.022272513333333292,0.0,6.1285,True,True,False,False,-0.03999999999999975,0.0,146.50526274215525,157.73415746756453,0.0,-49.6921759908371,254.50724421888268
2025-06-01T07:30:00Z,2025-06-01T07:45:00Z,2025-06-01,2025-06-01_10,15.999999999999899,84,100,0,14.77131141698436,16.004358721332213,0.021884068599033774,0.0,5.895,True,True,False,False,-0.03999999999999975,0.0,146.50526274215525,157.73415746756453,0.0,-35.46150002962143,268.73792018009834
2025-06-01T07:45:00Z,2025-06-01T08:00:00Z,2025-06-01,2025-06-01_10,15.999999999999899,84,100,0,16.004358721332213,13.1242745474192,0.014697833816425053,0.008400000000000001,1.56,True,True,False,False,-0.03999999999999975,0.0,146.50526274215525,157.73415746756453,0.7464602381563618,-38.5713303975197,266.37455005035645
2025-06-01T08:00:00Z,2025-06-01T08:15:00Z,2025-06-01,2025-06-01_11,0.0,100,100,0,13.1242745474192,11.319177156114852,0.005070381642512076,1.67,0.011,True,True,False,False,0.0,0.0,174.02594837970733,157.73415746756453,148.40340449061,-0.8471731274314264,479.31633721045046
2025-06-01T08:15:00Z,2025-06-01T08:30:00Z,2025-06-01,2025-06-01_11,0.0,100,100,0,11.319177156114852,10.84756759089746,0.0013892487922705313,0.447,0.0155,True,True,False,False,0.0,0.0,174.02594837970733,157.73415746756453,39.72234838760639,-1.1739951420841643,370.30845909279407
2025-06-01T08:30:00Z,2025-06-01T08:45:00Z,2025-06-01,2025-06-01_11,0.0,100,100,0,10.84756759089746,10.79633106915833,0.00047965700483091787,0.103,0.066,True,True,False,False,0.0,0.0,174.02594837970733,157.73415746756453,9.153024348822054,-4.569599715634195,336.3435304804597
2025-06-01T08:45:00Z,2025-06-01T09:00:00Z,2025-06-01,2025-06-01_11,0.0,100,100,0,10.79633106915833,11.575949330027894,0.002201838164251208,0.006,0.8545,True,True,False,False,0.0,0.0,174.02594837970733,157.73415746756453,0.5331858843974012,-23.488076976243605,308.80521475542565
2025-06-01T09:00:00Z,2025-06-01T09:15:00Z,2025-06-01,2025-06-01_12,7.999999999999948,92,100,0,11.575949330027894,10.214056460462691,0.007873969082125568,0.0,0.8699999999999999,True,True,False,False,-4.219999999999972,0.0,160.4581449080748,188.27386006832677,0.0,-35.56538833705246,308.94661663934914
2025-06-01T09:15:00Z,2025-06-01T09:30:00Z,2025-06-01,2025-06-01_12,7.999999999999948,92,100,0,10.214056460462691,10.821545851767054,0.012325151690821226,0.0,2.98,True,True,False,False,-4.219999999999972,0.0,160.4581449080748,188.27386006832677,0.0,-25.10570113943798,319.4063038369636
2025-06-01T09:30:00Z,2025-06-01T09:45:00Z,2025-06-01,2025-06-01_12,7.999999999999948,92,100,0,10.821545851767054,10.238538999593155,0.009634401256038611,0.0,1.7044999999999997,True,True,False,False,-4.219999999999972,0.0,160.4581449080748,188.27386006832677,0.0,-53.20608918027606,291.30591579612553
2025-06-01T09:45:00Z,2025-06-01T10:00:00Z,2025-06-01,2025-06-01_12,7.999999999999948,92,100,0,10.238538999593155,10.299381538723603,0.011102219613526537,0.0023,2.397,True,True,False,False,-4.219999999999972,0.0,160.4581449080748,188.27386006832677,0.20438792235233713,-16.999439364916366,327.71695353383757
2025-06-01T10:00:00Z,2025-06-01T10:15:00Z,2025-06-01,2025-06-01_13,4.163336342344337e-15,100,100,0,10.299381538723603,12.737425886549689,0.006820654589371984,0.008,2.6595,True,True,False,False,-5.7037707890117425e-15,0.0,174.41102707399435,187.26673117557613,0.7109145125298683,294.3411432887695,656.7298160508699
2025-06-01T10:15:00Z,2025-06-01T10:30:00Z,2025-06-01,2025-06-01_13,4.163336342344337e-15,100,100,0,12.737425886549689,12.684555451767078,0.0004177512077294717,0.0935,0.053,True,True,False,False,-5.7037707890117425e-15,0.0,174.41102707399435,187.26673117557613,8.308813365192835,-3.94359604257588,366.0429755721874
2025-06-01T10:30:00Z,2025-06-01T10:45:00Z,2025-06-01,2025-06-01_13,4.163336342344337e-15,100,100,0,12.684555451767078,12.04891110394099,0.0020749009661835778,0.636,0.0605,True,True,False,False,-5.7037707890117425e-15,0.0,174.41102707399435,187.26673117557613,56.517703746124525,-2.4477177669385255,415.74774422875646
2025-06-01T10:45:00Z,2025-06-01T11:00:00Z,2025-06-01,2025-06-01_13,4.163336342344337e-15,100,100,0,12.04891110394099,12.273188495245336,0.0007467850241545926,0.0205,0.268,True,True,False,False,-5.7037707890117425e-15,0.0,174.41102707399435,187.26673117557613,1.8217184383577876,-14.419732617152789,349.07974407077546
2025-06-01T11:00:00Z,2025-06-01T11:15:00Z,2025-06-01,2025-06-01_14,0.0,100,100,0,12.273188495245336,21.443288495245334,0.0254725,0.0,9.9675,True,True,False,False,0.0,0.0,174.02594837970733,188.92553170481247,0.0,806.265423882778,1169.2169039672979
2025-06-01T11:15:00Z,2025-06-01T11:30:00Z,2025-06-01,2025-06-01_14,0.0,100,100,0,21.443288495245334,21.49111632133229,0.006289256038647343,1.0195,1.2565,True,True,False,False,0.0,0.0,174.02594837970733,188.92553170481247,90.5971681905251,-19.843861648136812,433.70478662690806
2025-06-01T11:30:00Z,2025-06-01T11:45:00Z,2025-06-01,2025-06-01_14,0.0,100,100,0,21.49111632133229,19.190620669158378,0.006505265700483092,2.1355,0.0225,True,True,False,False,0.0,0.0,174.02594837970733,188.92553170481247,189.7697426884417,-1.3576512174411026,551.3635715555204
2025-06-01T11:45:00Z,2025-06-01T12:00:00Z,2025-06-01,2025-06-01_14,0.0,100,100,0,19.190620669158378,17.806109364810553,0.004236864734299517,1.3385,0.0765,True,True,False,False,0.0,0.0,174.02594837970733,188.92553170481247,118.94488437765358,-4.01567971326448,477.8806847489089
2025-06-01T12:00:00Z,2025-06-01T12:15:00Z,2025-06-01,2025-06-01_15,-100.0,100,0,0,17.806109364810553,40.80610936481055,0.0638888888888889,0.0,0.0,True,True,False,False,510.25,0.0,174.02594837970733,0.0,0.0,0.0,684.2759483797073
2025-06-01T12:15:00Z,2025-06-01T12:30:00Z,2025-06-01,2025-06-01_15,-100.0,100,0,0,40.80610936481055,63.80610936481055,0.06388888888888888,0.0,0.0,True,True,False,False,510.25,0.0,174.02594837970733,0.0,0.0,0.0,684.2759483797073
2025-06-01T12:30:00Z,2025-06-01T12:45:00Z,2025-06-01,2025-06-01_15,-100.0,100,0,0,63.80610936481055,86.80610936481055,0.06388888888888888,0.0,0.0,True,True,False,False,510.25,0.0,174.02594837970733,0.0,0.0,0.0,684.2759483797073
2025-06-01T12:45:00Z,2025-06-01T13:00:00Z,2025-06-01,2025-06-01_15,-100.0,100,0,0,86.80610936481055,109.80610936481055,0.0638888888888889,0.0,0.0,True,True,False,False,510.25,0.0,174.02594837970733,0.0,0.0,0.0,684.2759483797073
2025-06-01T13:00:00Z,2025-06-01T13:15:00Z,2025-06-01,2025-06-01_16,-53.99999999999948,100,46,0,109.80610936481055,122.96649776481044,0.03655663444444412,0.0,0.80477,True,True,False,False,210.73499999999797,0.0,174.02594837970733,87.05562906060545,0.0,-23.852747743833802,447.963829696477
2025-06-01T13:15:00Z,2025-06-01T13:30:00Z,2025-06-01,2025-06-01_16,-53.99999999999948,100,46,0,122.96649776481044,135.8682689648103,0.035850753333333006,0.0045,0.52854,True,True,False,False,210.73499999999797,0.0,174.02594837970733,87.05562906060545,0.3998894132980509,-21.20276322202255,451.0137036315862
2025-06-01T13:30:00Z,2025-06-01T13:45:00Z,2025-06-01,2025-06-01_16,-53.99999999999948,100,46,0,135.8682689648103,148.2087573648102,0.035313856666666345,0.3725,0.31717,True,True,False,False,210.73499999999797,0.0,174.02594837970733,87.05562906060545,33.10195698967199,-12.736092598590018,492.18244183139274
2025-06-01T13:45:00Z,2025-06-01T14:00:00Z,2025-06-01,2025-06-01_16,-53.99999999999948,100,46,0,148.2087573648102,159.96982176481006,0.03454184555555525,0.674,0.014029999999999999,True,True,False,False,210.73499999999797,0.0,174.02594837970733,87.05562906060545,59.8945476806414,-0.9806066510002172,530.7305184699519
2025-06-01T14:00:00Z,2025-06-01T14:15:00Z,2025-06-01,2025-06-01_17,-43.706774280318314,100,56,0,159.96982176481006,170.3108715196542,0.029201047120989438,0.14,0.46787999999999996,True,True,False,False,65.56016142047747,0.0,174.02594837970733,88.33112818183614,12.441003969272696,-19.600900286340565,320.75734166495306
2025-06-01T14:15:00Z,2025-06-01T14:30:00Z,2025-06-01,2025-06-01_17,-43.706774280318314,100,56,0,170.3108715196542,181.76594539566196,0.03195562363074542,0.04,1.56856,True,True,False,False,65.56016142047747,0.0,174.02594837970733,88.33112818183614,3.554572562649341,-19.651372167696834,311.82043837697347
2025-06-01T14:30:00Z,2025-06-01T14:45:00Z,2025-06-01,2025-06-01_17,-43.706774280318314,100,56,0,181.76594539566196,189.98330813819848,0.029643402798158355,2.0055,0.2156,True,True,False,False,65.56016142047747,0.0,174.02594837970733,88.33112818183614,190.199134461581,-8.410098777621991,509.70627366597995
2025-06-01T14:45:00Z,2025-06-01T15:00:00Z,2025-06-01,2025-06-01_17,-43.706774280318314,100,56,0,189.98330813819848,180.1293085478271,0.039363805928243206,19.632,0.0,True,True,False,False,65.56016142047747,0.0,174.02594837970733,88.33112818183614,17406.371888860365,0.0,17734.289126842385
2025-06-01T15:00:00Z,2025-06-01T15:15:00Z,2025-06-01,2025-06-01_18,0.0,100,100,0,180.1293085478271,180.69131289565317,0.016123321256038648,2.4115,3.46,True,True,False,False,0.0,0.0,174.02594837970733,157.73415746756453,1264.8233924445585,-46.26269871048006,1550.3207995813502
2025-06-01T15:15:00Z,2025-06-01T15:30:00Z,2025-06-01,2025-06-01_18,0.0,100,100,0,180.69131289565317,181.46286159130534,0.004600920289855072,0.407,1.3195,True,True,False,False,0.0,0.0,174.02594837970733,157.73415746756453,46.78984972057109,-53.38374049645529,325.1662150713877
2025-06-01T15:30:00Z,2025-06-01T15:45:00Z,2025-06-01,2025-06-01_18,0.0,100,100,0,181.46286159130534,181.1776485478271,0.0013544806763285022,0.3555,0.11,True,True,False,False,0.0,0.0,174.02594837970733,157.73415746756453,40.86926677067082,-6.275402357866467,366.3539702600762
2025-06-01T15:45:00Z,2025-06-01T16:00:00Z,2025-06-01,2025-06-01_18,0.0,100,100,0,181.1776485478271,178.43362680869666,0.007622282608695652,2.5245,0.0,True,True,False,False,0.0,0.0,174.02594837970733,157.73415746756453,288.69653360058453,0.0,620.4566394478563
2025-06-01T16:00:00Z,2025-06-01T16:15:00Z,2025-06-01,2025-06-01_19,7.000000000000052,93,100,0,178.43362680869666,186.0258417478271,0.027499087391304355,0.02697,10.222,True,True,False,False,154.63000000000116,0.0,161.8441319931278,157.73415746756453,4.164545289203973,4746.49493354924,5224.867768299137
2025-06-01T16:15:00Z,2025-06-01T16:30:00Z,2025-06-01,2025-06-01_19,7.000000000000052,93,100,0,186.0258417478271,188.295217000001,0.014983983188405823,0.00093,4.4785,True,True,False,False,154.63000000000116,0.0,161.8441319931278,157.73415746756453,0.1069153814253836,-54.11097059578586,420.20423424633304
2025-06-01T16:30:00Z,2025-06-01T16:45:00Z,2025-06-01,2025-06-01_19,7.000000000000052,93,100,0,188.295217000001,188.2287065217401,0.009655767995169115,0.019065,1.9924999999999997,True,True,False,False,154.63000000000116,0.0,161.8441319931278,157.73415746756453,2.6354193408242654,-48.21244840932877,428.631260392189
2025-06-01T16:45:00Z,2025-06-01T17:00:00Z,2025-06-01,2025-06-01_19,7.000000000000052,93,100,0,188.2287065217401,186.3378486260879,0.005635026376811633,0.05859,0.0805,True,True,False,False,154.63000000000116,0.0,161.8441319931278,157.73415746756453,8.267751422816406,-5.842533225379649,476.63350765813027
2025-06-01T17:00:00Z,2025-06-01T17:15:00Z,2025-06-01,2025-06-01_20,100.0,0,100,0,186.3378486260879,160.0503486260879,0.07302083333333333,0.0,0.8155000000000001,True,True,False,False,3798.25,0.0,0.0,157.73415746756453,0.0,-41.007544481526104,3914.9766129860386
2025-06-01T17:15:00Z,2025-06-01T17:30:00Z,2025-06-01,2025-06-01_20,100.0,0,100,0,160.0503486260879,132.94926166956617,0.07528079710144928,0.0,0.067,True,True,False,False,3798.25,0.0,0.0,157.73415746756453,0.0,-4.472047236319833,3951.5121102312446
2025-06-01T17:30:00Z,2025-06-01T17:45:00Z,2025-06-01,2025-06-01_20,100.0,0,100,0,132.94926166956617,105.78947906087052,0.07544384057971014,0.0,0.013,True,True,False,False,3798.25,0.0,0.0,157.73415746756453,0.0,-1.001204605146231,3954.982952862418
2025-06-01T17:45:00Z,2025-06-01T18:00:00Z,2025-06-01,2025-06-01_20,100.0,0,100,0,105.78947906087052,78.99273993043573,0.07443538647342994,0.0,0.347,True,True,False,False,3798.25,0.0,0.0,157.73415746756453,0.0,-16.142671063804574,3939.84148640376
2025-06-01T18:00:00Z,2025-06-01T18:15:00Z,2025-06-01,2025-06-01_21,81.17844888972215,18,100,0,78.99273993043573,60.15064253340644,0.055271306145158974,0.0,3.048,True,True,False,False,2836.9838425735647,0.0,31.223365390311812,157.3787002112996,0.0,-88.02297043780486,2937.562937737371
2025-06-01T18:15:00Z,2025-06-01T18:30:00Z,2025-06-01,2025-06-01_21,81.17844888972215,18,100,0,60.15064253340644,44.11151226017817,0.05003985183768254,0.0,5.7035,True,True,False,False,2836.9838425735647,0.0,31.223365390311812,157.3787002112996,0.0,2503.1335725429017,5528.719480718078
2025-06-01T18:30:00Z,2025-06-01T18:45:00Z,2025-06-01,2025-06-01_21,81.17844888972215,18,100,0,44.11151226017817,27.80691550921089,0.05053531813718558,0.0,5.452,True,True,False,False,2836.9838425735647,0.0,31.223365390311812,157.3787002112996,0.0,1940.529361954225,4966.115270129401
2025-06-01T18:45:00Z,2025-06-01T19:00:00Z,2025-06-01,2025-06-01_21,81.17844888972215,18,100,0,27.80691550921089,12.632794295653092,0.04842540001882472,0.0,6.523,True,True,False,False,2836.9838425735647,0.0,31.223365390311812,157.3787002112996,0.0,-78.01090128162087,2947.5750068935554
2025-06-01T19:00:00Z,2025-06-01T19:15:00Z,2025-06-01,2025-06-01_22,11.99999999999999,88,100,0,12.632794295653092,10.00000000000092,0.010412286376811587,0.01804,0.689,True,True,False,False,407.9699999999997,0.0,152.93429965046704,157.73415746756453,3.06433476964395,-34.78144493374671,686.9213469539285
2025-06-01T19:15:00Z,2025-06-01T19:30:00Z,2025-06-01,2025-06-01_22,11.99999999999999,88,100,0,10.00000000000092,11.700164000000923,0.019014344444444442,0.0,5.2775,True,True,False,False,407.9699999999997,0.0,152.93429965046704,157.73415746756453,0.0,1056.3316603803391,1774.9701174983704
2025-06-01T19:30:00Z,2025-06-01T19:45:00Z,2025-06-01,2025-06-01_22,11.99999999999999,88,100,0,11.700164000000923,10.750839965218317,0.01369704676328502,0.0,2.459,True,True,False,False,407.9699999999997,0.0,152.93429965046704,157.73415746756453,0.0,-75.58612196133414,643.0523351566972
2025-06-01T19:45:00Z,2025-06-01T20:00:00Z,2025-06-01,2025-06-01_22,11.99999999999999,88,100,0,10.750839965218317,11.284890817392233,0.0166740542995169,0.0,4.037,True,True,False,False,407.9699999999997,0.0,152.93429965046704,157.73415746756453,0.0,2969.171686249728,3687.810143367759
2025-06-01T20:00:00Z,2025-06-01T20:15:00Z,2025-06-01,2025-06-01_23,19.53786690145403,80,100,0,11.284890817392233,10.124823145680093,0.021134443257748145,0.0,4.3555,True,True,False,False,539.9289518216822,0.0,138.7705128458303,157.73415746756453,0.0,-85.08272586346492,751.3508962716121
2025-06-01T20:15:00Z,2025-06-01T20:30:00Z,2025-06-01,2025-06-01_23,19.53786690145403,80,100,0,10.124823145680093,10.105517616211277,0.022890389086776028,0.0,5.553,True,True,False,False,539.9289518216822,0.0,138.7705128458303,157.73415746756453,0.0,333.1843863425423,1169.6180084776192
2025-06-01T20:30:00Z,2025-06-01T20:45:00Z,2025-06-01,2025-06-01_23,19.53786690145403,80,100,0,10.105517616211277,10.000000000000899,0.022757685038736757,0.0,5.4625,True,True,False,False,539.9289518216822,0.0,138.7705128458303,157.73415746756453,0.0,87.22373812674026,923.6573602618173
2025-06-01T20:45:00Z,2025-06-01T21:00:00Z,2025-06-01,2025-06-01_23,19.53786690145403,80,100,0,10.000000000000899,16.77382585786999,0.03334688153504143,0.0,12.683999999999997,True,True,False,False,539.9289518216822,0.0,138.7705128458303,157.73415746756453,0.0,8408.766362684886,9245.199984819963
2025-06-01T21:00:00Z,2025-06-01T21:15:00Z,2025-06-02,2025-06-01_24,0.0,100,100,0,16.77382585786999,18.290747597000426,0.0043857729468599034,0.028499999999999998,1.6824999999999999,True,True,False,False,0.0,0.0,173.46314105728788,160.2816011374632,3.6582475957266136,-38.785979186002876,298.61701060447484
2025-06-01T21:15:00Z,2025-06-01T21:30:00Z,2025-06-02,2025-06-01_24,0.0,100,100,0,18.290747597000426,18.408221510043905,0.00045312801932367153,0.021,0.1525,True,True,False,False,0.0,0.0,173.46314105728788,160.2816011374632,2.695550860009084,-8.469669128537292,327.9706239262229
2025-06-01T21:30:00Z,2025-06-01T21:45:00Z,2025-06-02,2025-06-01_24,0.0,100,100,0,18.408221510043905,18.510183249174343,0.0004553285024154589,0.028499999999999998,0.1445,True,True,False,False,0.0,0.0,173.46314105728788,160.2816011374632,3.6582475957266136,-9.256201050573669,328.146788739904
2025-06-01T21:45:00Z,2025-06-01T22:00:00Z,2025-06-02,2025-06-01_24,0.0,100,100,0,18.510183249174343,18.547295423087387,0.00047446618357487925,0.0615,0.11299999999999999,True,True,False,False,0.0,0.0,173.46314105728788,160.2816011374632,7.894113232883746,-6.415599044214932,335.22325638341994
2025-06-01T22:00:00Z,2025-06-01T22:15:00Z,2025-06-02,2025-06-02_1,0.0,100,100,0,18.547295423087387,18.371694553522172,0.0009886690821256038,0.24450000000000002,0.098,True,True,False,False,0.0,0.0,174.02594837970733,160.2816011374632,32.99748128912498,-6.936443057722309,360.3685877485732
2025-06-01T22:15:00Z,2025-06-01T22:30:00Z,2025-06-02,2025-06-02_1,0.0,100,100,0,18.371694553522172,18.530103249174346,0.00046719806763285027,0.0045,0.1775,True,True,False,False,0.0,0.0,174.02594837970733,160.2816011374632,0.577618041430518,-11.323980528841407,323.56118702975965
2025-06-01T22:30:00Z,2025-06-01T22:45:00Z,2025-06-02,2025-06-02_1,0.0,100,100,0,18.530103249174346,19.01189194482652,0.0013654758454106281,0.0045,0.529,True,True,False,False,0.0,0.0,174.02594837970733,160.2816011374632,0.577618041430518,-20.591919666660083,314.29324789194095
2025-06-01T22:45:00Z,2025-06-01T23:00:00Z,2025-06-02,2025-06-02_1,0.0,100,100,0,19.01189194482652,30.15631194482652,0.030956722222222222,0.0,12.1135,True,True,False,False,0.0,0.0,174.02594837970733,160.2816011374632,0.0,8523.998610853294,8858.306160370465
2025-06-01T23:00:00Z,2025-06-01T23:15:00Z,2025-06-02,2025-06-02_2,0.0,100,100,0,30.15631194482652,45.54561194482652,0.04274805555555556,0.0,16.7275,True,True,False,False,0.0,0.0,174.02594837970733,160.2816011374632,0.0,4958.724821777681,5293.032371294852
2025-06-01T23:15:00Z,2025-06-01T23:30:00Z,2025-06-02,2025-06-02_2,0.0,100,100,0,45.54561194482652,56.64955194482652,0.030844277777777776,0.0,12.0695,True,True,False,False,0.0,0.0,174.02594837970733,160.2816011374632,0.0,96.86298702581014,431.1705365429807
2025-06-01T23:30:00Z,2025-06-01T23:45:00Z,2025-06-02,2025-06-02_2,0.0,100,100,0,56.64955194482652,67.48255194482653,0.030091666666666666,0.0,11.775,True,True,False,False,0.0,0.0,174.02594837970733,160.2816011374632,0.0,657.9550692154268,992.2626187325973
2025-06-01T23:45:00Z,2025-06-02T00:00:00Z,2025-06-02,2025-06-02_2,0.0,100,100,0,67.48255194482653,84.34339194482652,0.04683566666666668,0.0,18.327,True,True,False,False,0.0,0.0,174.02594837970733,160.2816011374632,0.0,6904.902365173089,7239.209914690259
2025-06-02T00:00:00Z,2025-06-02T00:15:00Z,2025-06-02,2025-06-02_3,0.0,100,100,0,84.34339194482652,92.03919194482653,0.02137722222222222,0.0,8.365,True,True,False,False,0.0,0.0,174.02594837970733,160.2816011374632,0.0,986.7607664053396,1321.0683159225102
2025-06-02T00:15:00Z,2025-06-02T00:30:00Z,2025-06-02,2025-06-02_3,0.0,100,100,0,92.03919194482653,103.90489194482653,0.03296027777777778,0.0,12.8975,True,True,False,False,0.0,0.0,174.02594837970733,160.2816011374632,0.0,-0.364213847034894,333.94333567013564
2025-06-02T00:30:00Z,2025-06-02T00:45:00Z,2025-06-02,2025-06-02_3,0.0,100,100,0,103.90489194482653,114.85611194482652,0.030420055555555554,0.0,11.9035,True,True,False,False,0.0,0.0,174.02594837970733,160.2816011374632,0.0,-8.128577381069926,326.17897213610064
2025-06-02T00:45:00Z,2025-06-02T01:00:00Z,2025-06-02,2025-06-02_3,0.0,100,100,0,114.85611194482652,121.03897194482653,0.017174611111111113,0.0,6.7205,True,True,False,False,0.0,0.0,174.02594837970733,160.2816011374632,0.0,-73.26604455064279,261.0415049665278
2025-06-02T01:00:00Z,2025-06-02T01:15:00Z,2025-06-02,2025-06-02_4,0.0,100,100,0,121.03897194482653,121.84071107526131,0.002245169082125604,0.003,0.8750000000000001,True,True,False,False,0.0,0.0,174.02594837970733,160.2816011374632,0.38507869428701197,-32.424193803195166,302.2684344082624
2025-06-02T01:15:00Z,2025-06-02T01:30:00Z,2025-06-02,2025-06-02_4,0.0,100,100,0,121.84071107526131,121.78016064047871,0.0006741956521739131,0.1395,0.099,True,True,False,False,0.0,0.0,174.02594837970733,160.2816011374632,17.90615928434606,-4.783178577776023,347.43053022374056
2025-06-02T01:30:00Z,2025-06-02T01:45:00Z,2025-06-02,2025-06-02_4,0.0,100,100,0,121.78016064047871,121.71879716221784,0.0003186763285024155,0.081,0.029,True,True,False,False,0.0,0.0,174.02594837970733,160.2816011374632,10.397124745749323,-2.135012539742096,342.5696617231778
2025-06-02T01:45:00Z,2025-06-02T02:00:00Z,2025-06-02,2025-06-02_4,0.0,100,100,0,121.71879716221784,123.4871649883048,0.00495742270531401,0.0075,1.931,True,True,False,False,0.0,0.0,174.02594837970733,160.2816011374632,0.9626967357175299,-23.830627382057305,311.43961887083077
2025-06-02T02:00:00Z,2025-06-02T02:15:00Z,2025-06-02,2025-06-02_5,0.0,100,100,0,123.4871649883048,126.55582498830479,0.008524055555555557,0.0,3.3355,True,True,False,False,0.0,0.0,174.41102707399435,160.2816011374632,0.0,-43.91499052113984,290.7776376903177
2025-06-02T02:15:00Z,2025-06-02T02:30:00Z,2025-06-02,2025-06-02_5,0.0,100,100,0,126.55582498830479,127.7706849883048,0.003374611111111111,0.0,1.3205,True,True,False,False,0.0,0.0,174.41102707399435,160.2816011374632,0.0,-34.73630284958234,299.9563253618752
2025-06-02T02:30:00Z,2025-06-02T02:45:00Z,2025-06-02,2025-06-02_5,0.0,100,100,0,127.7706849883048,133.39955281439177,0.01672270048309179,0.18,6.331,True,True,False,False,0.0,0.0,174.41102707399435,160.2816011374632,23.10472165722072,-36.88280396532317,320.91454590335513
2025-06-02T02:45:00Z,2025-06-02T03:00:00Z,2025-06-02,2025-06-02_5,0.0,100,100,0,133.39955281439177,133.5710649883048,0.0007783550724637683,0.05,0.24550000000000002,True,True,False,False,0.0,0.0,174.41102707399435,160.2816011374632,6.417978238116866,-7.776113963545884,333.3344924860285
2025-06-02T03:00:00Z,2025-06-02T03:15:00Z,2025-06-02,2025-06-02_6,0.0,100,100,0,133.5710649883048,142.9385049883048,0.026020666666666668,0.0,10.182,True,True,False,False,0.0,0.0,174.41102707399435,160.2816011374632,0.0,762.4928403009537,1097.1854685124113
2025-06-02T03:15:00Z,2025-06-02T03:30:00Z,2025-06-02,2025-06-02_6,0.0,100,100,0,142.9385049883048,150.9319249883048,0.022203944444444443,0.0,8.6885,True,True,False,False,0.0,0.0,174.41102707399435,160.2816011374632,0.0,-15.189733308319672,319.50289490313787
2025-06-02T03:30:00Z,2025-06-02T03:45:00Z,2025-06-02,2025-06-02_6,0.0,100,100,0,150.9319249883048,155.07644324917433,0.011548782608695652,0.006,4.512,True,True,False,False,0.0,0.0,174.41102707399435,160.2816011374632,0.7701573885740239,-57.998699816347084,277.4640857836845
2025-06-02T03:45:00Z,2025-06-02T04:00:00Z,2025-06-02,2025-06-02_6,0.0,100,100,0,155.07644324917433,155.14794324917432,0.0008236111111111111,0.1035,0.2,True,True,False,False,0.0,0.0,174.41102707399435,160.2816011374632,13.285214952901914,-9.936215170125793,338.0416279942337
2025-06-02T04:00:00Z,2025-06-02T04:15:00Z,2025-06-02,2025-06-02_7,100.0,0,100,0,155.14794324917432,131.42022585786998,0.06591032608695652,0.0,3.1705000000000005,True,True,False,False,2790.75,0.0,0.0,158.682043484271,0.0,-19.764676237682423,2929.6673672465886
2025-06-02T04:15:00Z,2025-06-02T04:30:00Z,2025-06-02,2025-06-02_7,100.0,0,100,0,131.42022585786998,105.26533455352217,0.07265247584541064,0.0,0.9375,True,True,False,False,2790.75,0.0,0.0,158.682043484271,0.0,-40.381055115622345,2909.0509883686486
2025-06-02T04:30:00Z,2025-06-02T04:45:00Z,2025-06-02,2025-06-02_7,100.0,0,100,0,105.26533455352217,79.66696498830477,0.07110658212560385,0.0,1.4495,True,True,False,False,2790.75,0.0,0.0,158.682043484271,0.0,-29.580230652264063,2919.851812832007
2025-06-02T04:45:00Z,2025-06-02T05:00:00Z,2025-06-02,2025-06-02_7,100.0,0,100,0,79.66696498830477,57.774573683956945,0.060812198067632856,0.0,4.859,True,True,False,False,2790.75,0.0,0.0,158.682043484271,0.0,-93.94252177175694,2855.489521712514
2025-06-02T05:00:00Z,2025-06-02T05:15:00Z,2025-06-02,2025-06-02_8,55.604268074727855,44,100,0,57.774573683956945,43.258470383689385,0.04193131183519968,0.1144,0.709,True,True,False,False,1513.1311449835316,0.0,76.7408519125575,157.3787002112996,19.634265131617923,-17.773933726969332,1749.1110285120374
2025-06-02T05:15:00Z,2025-06-02T05:30:00Z,2025-06-02,2025-06-02_8,55.604268074727855,44,100,0,43.258470383689385,34.821678009299305,0.03838559978477706,0.0,6.5885,True,True,False,False,1513.1311449835316,0.0,76.7408519125575,157.3787002112996,0.0,-70.16812999861766,1677.082567108771
2025-06-02T05:30:00Z,2025-06-02T05:45:00Z,2025-06-02,2025-06-02_8,55.604268074727855,44,100,0,34.821678009299305,24.18247603196773,0.03956921326262654,0.0,4.414,True,True,False,False,1513.1311449835316,0.0,76.7408519125575,157.3787002112996,0.0,-88.70275518868856,1658.5479419187002
2025-06-02T05:45:00Z,2025-06-02T06:00:00Z,2025-06-02,2025-06-02_8,55.604268074727855,44,100,0,24.18247603196773,20.39510250434836,0.035886920699898704,0.0,11.179,True,True,False,False,1513.1311449835316,0.0,76.7408519125575,157.3787002112996,0.0,6963.751629574043,8711.002326681431
2025-06-02T06:00:00Z,2025-06-02T06:15:00Z,2025-06-02,2025-06-02_9,23.999999999999982,76,100,0,20.39510250434836,14.222014956522278,0.018765336521739118,0.04712,0.4164999999999999,True,True,False,False,614.5799999999996,0.0,132.25972076857758,157.40832164932166,8.374051873062264,-18.73102628408933,893.8910680068718
2025-06-02T06:15:00Z,2025-06-02T06:30:00Z,2025-06-02,2025-06-02_9,23.999999999999982,76,100,0,14.222014956522278,10.000000000000544,0.021089330434782592,0.012920000000000001,2.41,True,True,False,False,614.5799999999996,0.0,132.25972076857758,157.40832164932166,2.2955777562748083,-19.190908193289758,887.3527119808839
2025-06-02T06:30:00Z,2025-06-02T06:45:00Z,2025-06-02,2025-06-02_9,23.999999999999982,76,100,0,10.000000000000544,12.452031095652721,0.029496704734299512,0.0,9.347,True,True,False,False,614.5799999999996,0.0,132.25972076857758,157.40832164932166,0.0,4636.484115405123,5540.732157823021
2025-06-02T06:45:00Z,2025-06-02T07:00:00Z,2025-06-02,2025-06-02_9,23.999999999999982,76,100,0,12.452031095652721,15.37449627826142,0.030093321159420282,0.0,9.837,True,True,False,False,614.5799999999996,0.0,132.25972076857758,157.40832164932166,0.0,4382.336004068011,5286.584046485909
2025-06-02T07:00:00Z,2025-06-02T07:15:00Z,2025-06-02,2025-06-02_10,22.66242855074696,77,100,0,15.37449627826142,10.068356187894278,0.0200933581002294,0.40964,1.3545,True,True,False,False,497.89355525991067,0.0,134.57019293429963,157.40832164932166,63.34846914828491,8.570912439029206,861.7914514308461
2025-06-02T07:15:00Z,2025-06-02T07:30:00Z,2025-06-02,2025-06-02_10,22.66242855074696,77,100,0,10.068356187894278,10.41379673260902,0.02588001744963649,0.0,6.79,True,True,False,False,497.89355525991067,0.0,134.57019293429963,157.40832164932166,0.0,-35.71122455024783,754.1608452932842
2025-06-02T07:30:00Z,2025-06-02T07:45:00Z,2025-06-02,2025-06-02_10,22.66242855074696,77,100,0,10.41379673260902,10.117486887682302,0.025014275251900572,0.0,6.12,True,True,False,False,497.89355525991067,0.0,134.57019293429963,157.40832164932166,0.0,-60.77217164635952,729.0998981971725
2025-06-02T07:45:00Z,2025-06-02T08:00:00Z,2025-06-02,2025-06-02_10,22.66242855074696,77,100,0,10.117486887682302,19.53459600000045,0.038117994098527334,0.0,16.261,True,True,False,False,497.89355525991067,0.0,134.57019293429963,157.40832164932166,0.0,8218.286729200812,9008.158799044344
2025-06-02T08:00:00Z,2025-06-02T08:15:00Z,2025-06-02,2025-06-02_11,29.999999999999957,70,100,0,19.53459600000045,13.78338730434829,0.0248305797101449,0.0,2.475,True,True,False,False,447.44999999999936,0.0,122.3365390311815,157.40832164932166,0.0,-58.718384051817765,668.4764766286847
2025-06-02T08:15:00Z,2025-06-02T08:30:00Z,2025-06-02,2025-06-02_11,29.999999999999957,70,100,0,13.78338730434829,10.000000000000476,0.02662193140096616,0.0,4.5035,True,True,False,False,447.44999999999936,0.0,122.3365390311815,157.40832164932166,0.0,75.3532958786706,802.5481565591731
2025-06-02T08:30:00Z,2025-06-02T08:45:00Z,2025-06-02,2025-06-02_11,29.999999999999957,70,100,0,10.000000000000476,16.306487130435272,0.035806969082125606,0.0,14.9045,True,True,False,False,447.44999999999936,0.0,122.3365390311815,157.40832164932166,0.0,5761.374076897253,6488.568937577756
2025-06-02T08:45:00Z,2025-06-02T09:00:00Z,2025-06-02,2025-06-02_11,29.999999999999957,70,100,0,16.306487130435272,24.253876347826587,0.03730071884057972,0.0,16.596,True,True,False,False,447.44999999999936,0.0,122.3365390311815,157.40832164932166,0.0,5000.407343746914,5727.602204427417
2025-06-02T09:00:00Z,2025-06-02T09:15:00Z,2025-06-02,2025-06-02_12,60.99999999999989,39,100,0,24.253876347826587,21.265242121739657,0.034807115072463764,0.0,13.297,True,True,False,False,506.45249999999913,0.0,68.15892888880111,190.31773929185016,0.0,5452.780949070874,6217.710117251525
2025-06-02T09:15:00Z,2025-06-02T09:30:00Z,2025-06-02,2025-06-02_12,60.99999999999989,39,100,0,21.265242121739657,14.61278810434838,0.037837295603864715,0.0,9.7115,True,True,False,False,506.45249999999913,0.0,68.15892888880111,190.31773929185016,0.0,1439.0122856888959,2203.9414538695464
2025-06-02T09:30:00Z,2025-06-02T09:45:00Z,2025-06-02,2025-06-02_12,60.99999999999989,39,100,0,14.61278810434838,14.258466365217974,0.032628393719806775,0.0,15.875,True,True,False,False,506.45249999999913,0.0,68.15892888880111,190.31773929185016,0.0,7216.424075317443,7981.353243498093
2025-06-02T09:45:00Z,2025-06-02T10:00:00Z,2025-06-02,2025-06-02_12,60.99999999999989,39,100,0,14.258466365217974,10.111061634783221,0.035765482028985496,0.0,12.163,True,True,False,False,506.45249999999913,0.0,68.15892888880111,190.31773929185016,0.0,2987.1130891210328,3752.042257301683
2025-06-02T10:00:00Z,2025-06-02T10:15:00Z,2025-06-02,2025-06-02_13,0.0,100,100,0,10.111061634783221,22.605121634783224,0.03470572222222223,0.0,13.5805,True,True,False,False,0.0,0.0,174.7664843302593,190.31773929185016,0.0,899.5006186931021,1264.5848423152115
2025-06-02T10:15:00Z,2025-06-02T10:30:00Z,2025-06-02,2025-06-02_13,0.0,100,100,0,22.605121634783224,33.147861634783226,0.02928538888888889,0.0,11.4595,True,True,False,False,0.0,0.0,174.7664843302593,190.31773929185016,0.0,421.5002291711921,786.5844527933016
2025-06-02T10:30:00Z,2025-06-02T10:45:00Z,2025-06-02,2025-06-02_13,0.0,100,100,0,33.147861634783226,35.529293808696266,0.0068475772946859905,0.0385,2.634,True,True,False,False,0.0,0.0,174.7664843302593,190.31773929185016,4.191291297221508,-47.26365252078437,322.0118623985466
2025-06-02T10:45:00Z,2025-06-02T11:00:00Z,2025-06-02,2025-06-02_13,0.0,100,100,0,35.529293808696266,47.16177380869627,0.03231244444444445,0.0,12.644,True,True,False,False,0.0,0.0,174.7664843302593,190.31773929185016,0.0,1236.9117407531742,1601.9959643752836
2025-06-02T11:00:00Z,2025-06-02T11:15:00Z,2025-06-02,2025-06-02_14,-37.91744623820494,100,62,0,47.16177380869627,57.7629092444933,0.029550694461057535,0.0275,2.07421,True,True,False,False,-121.14624073106478,0.0,174.7664843302593,117.99699836094709,2.7951282608266355,-15.47004547483165,158.9423247461366
2025-06-02T11:15:00Z,2025-06-02T11:30:00Z,2025-06-02,2025-06-02_14,-37.91744623820494,100,62,0,57.7629092444933,66.58131038203507,0.024591156850715397,0.025499999999999995,0.13423,True,True,False,False,-121.14624073106478,0.0,174.7664843302593,117.99699836094709,2.591846205493789,-5.038204125278934,169.17088404035644
2025-06-02T11:30:00Z,2025-06-02T11:45:00Z,2025-06-02,2025-06-02_14,-37.91744623820494,100,62,0,66.58131038203507,73.7151551472052,0.02570208143743022,1.5700000000000003,0.021700000000000004,True,True,False,False,-121.14624073106478,0.0,174.7664843302593,117.99699836094709,159.57641343628433,-0.814991646754478,330.37866374967143
2025-06-02T11:45:00Z,2025-06-02T12:00:00Z,2025-06-02,2025-06-02_14,-37.91744623820494,100,62,0,73.7151551472052,78.69791269638121,0.027745835698345066,3.7089999999999996,0.06355,True,True,False,False,-121.14624073106478,0.0,174.7664843302593,117.99699836094709,428.2851640040285,-2.384427022650526,597.5179789415196
2025-06-02T12:00:00Z,2025-06-02T12:15:00Z,2025-06-02,2025-06-02_15,-100.0,100,0,0,78.69791269638121,99.70059269638121,0.05834077777777778,2.171,0.0,True,True,False,False,-275.0,0.0,174.7664843302593,0.0,216.8041825470487,0.0,116.57066687730799
2025-06-02T12:15:00Z,2025-06-02T12:30:00Z,2025-06-02,2025-06-02_15,-100.0,100,0,0,99.70059269638121,119.55327269638121,0.05514633333333334,3.421,0.0,True,True,False,False,-275.0,0.0,174.7664843302593,0.0,341.6338592784217,0.0,241.400343608681
2025-06-02T12:30:00Z,2025-06-02T12:45:00Z,2025-06-02,2025-06-02_15,-100.0,100,0,0,119.55327269638121,142.38353269638122,0.06341738888888888,0.1845,0.0,True,True,False,False,-275.0,0.0,174.7664843302593,0.0,18.42486028555066,0.0,-81.80865538419005
2025-06-02T12:45:00Z,2025-06-02T13:00:00Z,2025-06-02,2025-06-02_15,-100.0,100,0,0,142.38353269638122,165.3485726963812,0.0637917777777778,0.038,0.0,True,True,False,False,-275.0,0.0,174.7664843302593,0.0,3.7948221726337406,0.0,-96.43869349710697
2025-06-02T13:00:00Z,2025-06-02T13:15:00Z,2025-06-02,2025-06-02_16,0.0,100,100,0,165.3485726963812,168.744251826816,0.009450557971014491,0.003,3.6944999999999997,True,True,False,False,0.0,0.0,174.7664843302593,186.61505953909042,0.3258358182428563,-44.04815211595805,317.6592275716345
2025-06-02T13:15:00Z,2025-06-02T13:30:00Z,2025-06-02,2025-06-02_16,0.0,100,100,0,168.744251826816,171.108391826816,0.007192055555555557,0.1035,2.692,True,True,False,False,0.0,0.0,174.7664843302593,186.61505953909042,11.241335729378541,-29.210158968384054,343.4127206303442
2025-06-02T13:30:00Z,2025-06-02T13:45:00Z,2025-06-02,2025-06-02_16,0.0,100,100,0,171.108391826816,171.08577443551164,0.000855048309178744,0.152,0.155,True,True,False,False,0.0,0.0,174.7664843302593,186.61505953909042,16.509014790971385,-5.817359150062205,372.0731995102589
2025-06-02T13:45:00Z,2025-06-02T14:00:00Z,2025-06-02,2025-06-02_16,0.0,100,100,0,171.08577443551164,171.23842660942466,0.0007259661835748793,0.05,0.22500000000000003,True,True,False,False,0.0,0.0,174.7664843302593,186.61505953909042,5.430596970714272,-8.445664408854837,358.36647643120915
2025-06-02T14:00:00Z,2025-06-02T14:15:00Z,2025-06-02,2025-06-02_17,26.322338183792127,73,100,0,171.23842660942466,181.17832304669508,0.03916340519530433,0.0,17.732,True,True,False,False,394.8350727568819,0.0,127.57953356108928,157.40832164932166,0.0,11825.327547542407,12505.1504755097
2025-06-02T14:15:00Z,2025-06-02T14:30:00Z,2025-06-02,2025-06-02_17,26.322338183792127,73,100,0,181.17832304669508,186.570800170632,0.0340302132852016,0.0,13.014500000000002,True,True,False,False,394.8350727568819,0.0,127.57953356108928,157.40832164932166,0.0,5605.993497699402,6285.816425666695
2025-06-02T14:30:00Z,2025-06-02T14:45:00Z,2025-06-02,2025-06-02_17,26.322338183792127,73,100,0,186.570800170632,179.96366204603527,0.02066156446598363,0.04161,0.613,True,True,False,False,394.8350727568819,0.0,127.57953356108928,157.40832164932166,5.3410414897608565,-19.736471889255313,665.4274975677984
2025-06-02T14:45:00Z,2025-06-02T15:00:00Z,2025-06-02,2025-06-02_17,26.322338183792127,73,100,0,179.96366204603527,172.22863281739112,0.021928667593029985,0.639845,0.11749999999999998,True,True,False,False,394.8350727568819,0.0,127.57953356108928,157.40832164932166,87.90777120894963,-3.0890998044985083,764.641599371744
2025-06-02T15:00:00Z,2025-06-02T15:15:00Z,2025-06-02,2025-06-02_18,-29.0,100,71,0,172.22863281739112,184.0066568173911,0.03271673333333334,0.0,5.5522,True,True,False,False,-703.3225,0.0,174.02594837970733,111.7388771500227,0.0,-5.623577440312801,-423.1812519105828
2025-06-02T15:15:00Z,2025-06-02T15:30:00Z,2025-06-02,2025-06-02_18,-29.0,100,71,0,184.0066568173911,189.99999999999977,0.021197148937198068,1.061,0.46221,True,True,False,False,-703.3225,0.0,174.02594837970733,111.7388771500227,174.43842354706842,-14.471639110172003,-257.5908900333735
2025-06-02T15:30:00Z,2025-06-02T15:45:00Z,2025-06-02,2025-06-02_18,-29.0,100,71,0,189.99999999999977,189.9080717217389,0.02766016299516908,6.511,0.0,True,True,False,False,-703.3225,0.0,174.02594837970733,111.7388771500227,1184.5136653567408,0.0,766.9559908864709
2025-06-02T15:45:00Z,2025-06-02T16:00:00Z,2025-06-02,2025-06-02_18,-29.0,100,71,0,189.9080717217389,173.72242180869543,0.04939568864734299,22.0075,0.0,True,True,False,False,-703.3225,0.0,174.02594837970733,111.7388771500227,20828.862976658307,0.0,20411.305302188037
2025-06-02T16:00:00Z,2025-06-02T16:15:00Z,2025-06-02,2025-06-02_19,-48.40657341836769,100,51,0,173.72242180869543,183.3656648012239,0.032768632650546074,1.92,0.47991,True,True,False,False,-1905.766795481136,0.0,174.02594837970733,80.26313710776279,398.93868362329425,-19.672907727245796,-1272.2119340976174
2025-06-02T16:15:00Z,2025-06-02T16:30:00Z,2025-06-02,2025-06-02_19,-48.40657341836769,100,51,0,183.3656648012239,185.27942571370662,0.03386529990670249,9.1635,0.0,True,True,False,False,-1905.766795481136,0.0,174.02594837970733,80.26313710776279,2780.270574162207,0.0,1128.7928641685414
2025-06-02T16:30:00Z,2025-06-02T16:45:00Z,2025-06-02,2025-06-02_19,-48.40657341836769,100,51,0,185.27942571370662,185.33535171889255,0.0344575013829906,11.01,0.0,True,True,False,False,-1905.766795481136,0.0,174.02594837970733,80.26313710776279,2861.8520705385176,0.0,1210.374360544852
2025-06-02T16:45:00Z,2025-06-02T17:00:00Z,2025-06-02,2025-06-02_19,-48.40657341836769,100,51,0,185.33535171889255,189.7055999999998,0.03308227260946048,6.722,0.0,True,True,False,False,-1905.766795481136,0.0,174.02594837970733,80.26313710776279,1538.869282568771,0.0,-112.60842742489473
2025-06-02T17:00:00Z,2025-06-02T17:15:00Z,2025-06-02,2025-06-02_20,79.99999999999982,20,100,0,189.7055999999998,169.6018478260868,0.05747931159420277,0.04630000000000001,1.6,True,True,False,False,5926.999999999986,0.0,34.75779537510614,157.3787002112996,8.220935800469993,-71.1413732498667,6056.216058136995
2025-06-02T17:15:00Z,2025-06-02T17:30:00Z,2025-06-02,2025-06-02_20,79.99999999999982,20,100,0,169.6018478260868,160.07880608695643,0.03830556038647341,0.0,11.595,True,True,False,False,5926.999999999986,0.0,34.75779537510614,157.3787002112996,0.0,5983.412918896502,12102.549414482894
2025-06-02T17:30:00Z,2025-06-02T17:45:00Z,2025-06-02,2025-06-02_20,79.99999999999982,20,100,0,160.07880608695643,143.27590469565214,0.05146537053140087,0.0012000000000000001,4.6865,True,True,False,False,5926.999999999986,0.0,34.75779537510614,157.3787002112996,0.20537538261024116,-79.88215555204485,6039.459715416958
2025-06-02T17:45:00Z,2025-06-02T18:00:00Z,2025-06-02,2025-06-02_20,79.99999999999982,20,100,0,143.27590469565214,122.49424765217395,0.05865602512077281,0.0002,0.909,True,True,False,False,5926.999999999986,0.0,34.75779537510614,157.3787002112996,0.027646675487272655,-47.23734038981812,6071.926801872061
2025-06-02T18:00:00Z,2025-06-02T18:15:00Z,2025-06-02,2025-06-02_21,99.99999999999913,0,100,0,122.49424765217395,101.19207373913069,0.05917270531400928,0.0,5.402,True,True,False,False,10218.49999999991,0.0,0.0,157.3787002112996,0.0,1275.5937743636327,11651.472474574843
2025-06-02T18:15:00Z,2025-06-02T18:30:00Z,2025-06-02,2025-06-02_21,99.99999999999913,0,100,0,101.19207373913069,75.95946504347876,0.07009057971014436,0.0,1.786,True,True,False,False,10218.49999999991,0.0,0.0,157.3787002112996,0.0,-72.7742360631134,10303.104464148097
2025-06-02T18:30:00Z,2025-06-02T18:45:00Z,2025-06-02,2025-06-02_21,99.99999999999913,0,100,0,75.95946504347876,48.87413895652247,0.07523701690821191,0.0,0.0815,True,True,False,False,10218.49999999991,0.0,0.0,157.3787002112996,0.0,-6.027658820276861,10369.851041390933
2025-06-02T18:45:00Z,2025-06-02T19:00:00Z,2025-06-02,2025-06-02_21,99.99999999999913,0,100,0,48.87413895652247,21.769791130435756,0.07528985507246311,0.0,0.064,True,True,False,False,10218.49999999991,0.0,0.0,157.3787002112996,0.0,-4.803014277533126,10371.075685933678
2025-06-02T19:00:00Z,2025-06-02T19:15:00Z,2025-06-02,2025-06-02_22,13.490149270892523,86,100,0,21.769791130435756,16.184413611171486,0.015514937553511866,1.76601,0.0,True,True,False,False,836.9288607661721,0.0,149.17830130926757,157.3787002112996,313.8705345682182,0.0,1457.3563968549574
2025-06-02T19:15:00Z,2025-06-02T19:30:00Z,2025-06-02,2025-06-02_22,13.490149270892523,86,100,0,16.184413611171486,10.008253483211561,0.017156000355444234,2.3095300000000005,0.0,True,True,False,False,836.9288607661721,0.0,149.17830130926757,157.3787002112996,436.6680486956694,0.0,1580.1539109824087
2025-06-02T19:30:00Z,2025-06-02T19:45:00Z,2025-06-02,2025-06-02_22,13.490149270892523,86,100,0,10.008253483211561,10.000000000000828,0.018299670261677843,0.21930000000000002,4.1335,True,True,False,False,836.9288607661721,0.0,149.17830130926757,157.3787002112996,38.73813523173838,105.02186921147731,1287.245866729955
2025-06-02T19:45:00Z,2025-06-02T20:00:00Z,2025-06-02,2025-06-02_22,13.490149270892523,86,100,0,10.000000000000828,19.19680563624243,0.03479509202533553,0.0,13.647,True,True,False,False,836.9288607661721,0.0,149.17830130926757,157.3787002112996,0.0,6776.163055155118,7919.6489174418575
2025-06-02T20:00:00Z,2025-06-02T20:15:00Z,2025-06-02,2025-06-02_23,26.85940185045867,73,100,0,19.19680563624243,14.890210319881872,0.02388793295929455,0.07884000000000001,3.19,True,True,False,False,990.0375522079066,0.0,126.62809297182014,157.3787002112996,10.119868085862675,574.6214360473153,1858.7856495242045
2025-06-02T20:15:00Z,2025-06-02T20:30:00Z,2025-06-02,2025-06-02_23,26.85940185045867,73,100,0,14.890210319881872,12.31292159727812,0.02545249287841031,0.0,4.8935,True,True,False,False,990.0375522079066,0.0,126.62809297182014,157.3787002112996,0.0,247.5218672367148,1521.5662126277412
2025-06-02T20:30:00Z,2025-06-02T20:45:00Z,2025-06-02,2025-06-02_23,26.85940185045867,73,100,0,12.31292159727812,10.000000000000881,0.02574243319592202,0.0,5.1675,True,True,False,False,990.0375522079066,0.0,126.62809297182014,157.3787002112996,0.0,-4.73594808349296,1269.3083973075334
2025-06-02T20:45:00Z,2025-06-02T21:00:00Z,2025-06-02,2025-06-02_23,26.85940185045867,73,100,0,10.000000000000881,10.304698880865352,0.02861326560982445,0.0,7.8805,True,True,False,False,990.0375522079066,0.0,126.62809297182014,157.3787002112996,0.0,179.81558354232902,1453.8599289333554
2025-06-02T21:00:00Z,2025-06-02T21:15:00Z,2025-06-03,2025-06-02_24,-3.8004321972087998,100,96,0,10.304698880865352,14.045223886223376,0.010390347237105623,0.0,3.11568,True,True,False,False,-115.76116472698004,0.0,173.69295262200427,150.91354899944633,0.0,94.49495426718342,303.34029116165397
2025-06-02T21:15:00Z,2025-06-02T21:30:00Z,2025-06-03,2025-06-02_24,-3.8004321972087998,100,96,0,14.045223886223376,13.259206551569205,0.00899633278033694,1.9245,0.45599999999999996,True,True,False,False,-115.76116472698004,0.0,173.69295262200427,150.91354899944633,314.4083186348177,-19.135372933639164,504.1182825956491
2025-06-02T21:30:00Z,2025-06-02T21:45:00Z,2025-06-03,2025-06-02_24,-3.8004321972087998,100,96,0,13.259206551569205,10.764889425652585,0.011195897569598068,3.12,0.00336,True,True,False,False,-115.76116472698004,0.0,173.69295262200427,150.91354899944633,546.9426876532468,-0.25911571620659657,755.5289088315108
2025-06-02T21:45:00Z,2025-06-02T22:00:00Z,2025-06-03,2025-06-02_24,-3.8004321972087998,100,96,0,10.764889425652585,13.044550115655687,0.006593802674593494,0.045,1.58064,True,True,False,False,-115.76116472698004,0.0,173.69295262200427,150.91354899944633,5.783832951040101,-65.025901827098,149.60326801841268
2025-06-02T22:00:00Z,2025-06-02T22:15:00Z,2025-06-03,2025-06-03_1,7.757734949262772e-15,100,100,0,13.044550115655687,13.48637533304699,0.0015352632850241601,0.05099999999999999,0.5405,True,True,False,False,2.2782528112247444e-13,0.0,174.25650557620818,157.20161354108996,6.555010677845447,-27.847421003717475,310.1657087914263
2025-06-02T22:15:00Z,2025-06-02T22:30:00Z,2025-06-03,2025-06-03_1,7.757734949262772e-15,100,100,0,13.48637533304699,13.465067506960033,0.0003121884057971073,0.0615,0.0495,True,True,False,False,2.2782528112247444e-13,0.0,174.25650557620818,157.20161354108996,7.904571699754805,-3.578854306730998,335.78383651032215
2025-06-02T22:30:00Z,2025-06-02T22:45:00Z,2025-06-03,2025-06-03_1,7.757734949262772e-15,100,100,0,13.465067506960033,13.509125767829595,0.000575282608695658,0.075,0.1365,True,True,False,False,2.2782528112247444e-13,0.0,174.25650557620818,157.20161354108996,9.639721585066836,-8.63206220833663,332.4657784940286
2025-06-02T22:45:00Z,2025-06-02T23:00:00Z,2025-06-03,2025-06-03_1,7.757734949262772e-15,100,100,0,13.509125767829595,13.298504028699158,0.0013261714975845468,0.3165,0.145,True,True,False,False,2.2782528112247444e-13,0.0,174.25650557620818,157.20161354108996,40.67962508898204,-9.062327968045558,363.0754162382349
2025-06-02T23:00:00Z,2025-06-02T23:15:00Z,2025-06-03,2025-06-03_2,0.0,100,100,0,13.298504028699158,12.303734463481767,0.0028526932367149756,0.93,0.0175,True,True,False,False,0.0,0.0,174.25650557620818,157.5278810408922,131.53030530728466,-1.349561021909357,461.96513090247566
2025-06-02T23:15:00Z,2025-06-02T23:30:00Z,2025-06-03,2025-06-03_2,0.0,100,100,0,12.303734463481767,12.335704898264376,0.000496415458937198,0.0675,0.11449999999999999,True,True,False,False,0.0,0.0,174.25650557620818,157.5278810408922,8.675749426560152,-6.922210116269872,333.5379259273907
2025-06-02T23:30:00Z,2025-06-02T23:45:00Z,2025-06-03,2025-06-03_2,0.0,100,100,0,12.335704898264376,12.36780315913394,0.0005420603864734299,0.075,0.1235,True,True,False,False,0.0,0.0,174.25650557620818,157.5278810408922,9.639721585066836,-8.38467610535474,333.03943209681245
2025-06-02T23:45:00Z,2025-06-03T00:00:00Z,2025-06-03,2025-06-03_2,0.0,100,100,0,12.36780315913394,12.591504028699157,0.0017143864734299515,0.181,0.457,True,True,False,False,0.0,0.0,174.25650557620818,157.5278810408922,28.518738234596217,-23.174414695879143,337.12871015581743
2025-06-03T00:00:00Z,2025-06-03T00:15:00Z,2025-06-03,2025-06-03_3,-44.21949769294784,100,55,0,12.591504028699157,18.94198264215504,0.030347461423449563,3.7725,0.0022,True,True,False,False,-1177.6757723074334,0.0,174.25650557620818,86.64033457249072,671.4359235347624,-0.1696590998971763,-245.5126677238692
2025-06-03T00:15:00Z,2025-06-03T00:30:00Z,2025-06-03,2025-06-03_3,-44.21949769294784,100,55,0,18.94198264215504,28.91942704457944,0.02847301059967446,0.22500000000000003,0.037950000000000005,True,True,False,False,-1177.6757723074334,0.0,174.25650557620818,86.64033457249072,28.91916475520051,-2.596114084869098,-890.4558814884031
2025-06-03T00:30:00Z,2025-06-03T00:45:00Z,2025-06-03,2025-06-03_3,-44.21949769294784,100,55,0,28.91942704457944,38.1710016480581,0.028758998677897073,0.9085,0.00165,True,True,False,False,-1177.6757723074334,0.0,174.25650557620818,86.64033457249072,133.97231214901527,-0.12724432492288223,-782.9338643346421
2025-06-03T00:45:00Z,2025-06-03T01:00:00Z,2025-06-03,2025-06-03_3,-44.21949769294784,100,55,0,38.1710016480581,47.69275478260856,0.028830764451715375,0.707,0.073425,True,True,False,False,-1177.6757723074334,0.0,174.25650557620818,86.64033457249072,118.97387388278098,-4.423648629676501,-802.22870690563
2025-06-03T01:00:00Z,2025-06-03T01:15:00Z,2025-06-03,2025-06-03_4,0.0,100,100,0,47.69275478260856,52.02733478260856,0.012040499999999999,0.0,4.7115,True,True,False,False,0.0,0.0,173.90057739460573,157.20161354108996,0.0,-35.46667988214823,295.6355110535475
2025-06-03T01:15:00Z,2025-06-03T01:30:00Z,2025-06-03,2025-06-03_4,0.0,100,100,0,52.02733478260856,53.13636434782595,0.0032980289855072467,0.036,1.248,True,True,False,False,0.0,0.0,173.90057739460573,157.20161354108996,4.627066360832081,-40.45487305228189,295.2743842442459
2025-06-03T01:30:00Z,2025-06-03T01:45:00Z,2025-06-03,2025-06-03_4,0.0,100,100,0,53.13636434782595,52.97346260869552,0.0007642826086956523,0.20150000000000004,0.061,True,True,False,False,0.0,0.0,173.90057739460573,157.20161354108996,26.4573340979198,-4.512084552716918,353.04744048089856
2025-06-03T01:45:00Z,2025-06-03T02:00:00Z,2025-06-03,2025-06-03_4,0.0,100,100,0,52.97346260869552,42.66886434782595,0.028631550724637685,9.4815,0.0015,True,True,False,False,0.0,0.0,173.90057739460573,157.20161354108996,2802.0239809578425,-0.11567665902080203,3133.0104952345173
2025-06-03T02:00:00Z,2025-06-03T02:15:00Z,2025-06-03,2025-06-03_5,6.969849838541688e-14,100,100,0,42.66886434782595,40.005570434782456,0.007405705314009714,2.4515,0.0015,True,True,False,False,1.8546770420359433e-12,0.0,174.25650557620818,157.5278810408922,403.24683362334883,-0.11567665902080203,734.9155435814303
2025-06-03T02:15:00Z,2025-06-03T02:30:00Z,2025-06-03,2025-06-03_5,6.969849838541688e-14,100,100,0,40.005570434782456,37.64850521739113,0.006547403381642565,2.1685,0.0,True,True,False,False,1.8546770420359433e-12,0.0,174.25650557620818,157.5278810408922,360.61453492050936,0.0,692.3989215376116
2025-06-03T02:30:00Z,2025-06-03T02:45:00Z,2025-06-03,2025-06-03_5,6.969849838541688e-14,100,100,0,37.64850521739113,37.21892608695634,0.007955275362318886,1.515,1.323,True,True,False,False,1.8546770420359433e-12,0.0,174.25650557620818,157.5278810408922,268.4538539112552,-27.042599264415088,573.1956412639423
2025-06-03T02:45:00Z,2025-06-03T03:00:00Z,2025-06-03,2025-06-03_5,6.969849838541688e-14,100,100,0,37.21892608695634,42.30790608695632,0.014136055555555591,0.0,5.5315,True,True,False,False,1.8546770420359433e-12,0.0,174.25650557620818,157.5278810408922,0.0,-64.6953179625089,267.08906865459335
2025-06-03T03:00:00Z,2025-06-03T03:15:00Z,2025-06-03,2025-06-03_6,0.0,100,100,0,42.30790608695632,43.8846452173911,0.004884057971014492,0.0835,1.8124999999999998,True,True,False,False,0.0,0.0,174.25650557620818,157.5278810408922,13.480778790635133,-51.44293037649292,293.8222350312426
2025-06-03T03:15:00Z,2025-06-03T03:30:00Z,2025-06-03,2025-06-03_6,0.0,100,100,0,43.8846452173911,43.91854782608676,0.0038592705314009663,0.6235,0.7735,True,True,False,False,0.0,0.0,174.25650557620818,157.5278810408922,107.5298318239342,-11.947096911334336,427.3671215297002
2025-06-03T03:30:00Z,2025-06-03T03:45:00Z,2025-06-03,2025-06-03_6,0.0,100,100,0,43.91854782608676,48.37410782608676,0.012376555555555556,0.0,4.843,True,True,False,False,0.0,0.0,174.25650557620818,157.5278810408922,0.0,-70.00956220833663,261.7748244087637
2025-06-03T03:45:00Z,2025-06-03T04:00:00Z,2025-06-03,2025-06-03_6,0.0,100,100,0,48.37410782608676,48.46483391304328,0.0006807608695652173,0.071,0.1825,True,True,False,False,0.0,0.0,174.25650557620818,157.5278810408922,9.417271415012259,-11.305061595349205,329.89659643676345
2025-06-03T04:00:00Z,2025-06-03T04:15:00Z,2025-06-03,2025-06-03_7,0.0,100,100,0,48.46483391304328,44.41581826086937,0.014078821256038645,4.194,0.554,True,True,False,False,0.0,0.0,174.25650557620818,157.20161354108996,941.62813572728,-23.182947876295184,1249.903306968283
2025-06-03T04:15:00Z,2025-06-03T04:30:00Z,2025-06-03,2025-06-03_7,0.0,100,100,0,44.41581826086937,40.85712260869546,0.00988526570048309,3.274,0.0,True,True,False,False,0.0,0.0,174.25650557620818,157.20161354108996,642.279403622558,0.0,973.7375227398561
2025-06-03T04:30:00Z,2025-06-03T04:45:00Z,2025-06-03,2025-06-03_7,0.0,100,100,0,40.85712260869546,41.2004895652172,0.001711647342995169,0.1255,0.5215,True,True,False,False,0.0,0.0,174.25650557620818,157.20161354108996,21.86040654907854,-26.66598246065016,326.65254320572654
2025-06-03T04:45:00Z,2025-06-03T05:00:00Z,2025-06-03,2025-06-03_7,0.0,100,100,0,41.2004895652172,43.93301739130415,0.007635644927536232,0.0075,2.979,True,True,False,False,0.0,0.0,174.25650557620818,157.20161354108996,1.0971486197896068,-83.22255793719845,249.3327097998893
2025-06-03T05:00:00Z,2025-06-03T05:15:00Z,2025-06-03,2025-06-03_8,0.0,100,100,0,43.93301739130415,37.50605304347806,0.01786290096618358,5.9145,0.002,True,True,False,False,0.0,0.0,173.69295262200427,157.5278810408922,1244.4998239144193,-0.15423554536106937,1575.5664220319547
2025-06-03T05:15:00Z,2025-06-03T05:30:00Z,2025-06-03,2025-06-03_8,0.0,100,100,0,37.50605304347806,27.717034782608494,0.028535939613526573,9.2285,0.263,True,True,False,False,0.0,0.0,173.69295262200427,157.5278810408922,5159.505590346437,-11.785959226449421,5478.940464782884
2025-06-03T05:30:00Z,2025-06-03T05:45:00Z,2025-06-03,2025-06-03_8,0.0,100,100,0,27.717034782608494,26.524857391304145,0.00580071497584541,1.509,0.48700000000000004,True,True,False,False,0.0,0.0,173.69295262200427,157.5278810408922,268.38011982915447,-22.452152179071422,577.1488013129795
2025-06-03T05:45:00Z,2025-06-03T06:00:00Z,2025-06-03,2025-06-03_8,0.0,100,100,0,26.524857391304145,26.91482869565197,0.0014033019323671497,0.053,0.48649999999999993,True,True,False,False,0.0,0.0,173.69295262200427,157.5278810408922,8.870719370402593,-25.89199329668591,314.19955973661314
2025-06-03T06:00:00Z,2025-06-03T06:15:00Z,2025-06-03,2025-06-03_9,0.0,100,100,0,26.91482869565197,11.983306956521538,0.04147644927536231,13.736999999999998,0.0,True,True,False,False,0.0,0.0,174.25650557620818,157.58720240449261,14202.102789092778,0.0,14533.946497073479
2025-06-03T06:15:00Z,2025-06-03T06:30:00Z,2025-06-03,2025-06-03_9,0.0,100,100,0,11.983306956521538,9.9999999999998,0.005746852657004831,1.864,0.0465,True,True,False,False,0.0,0.0,174.25650557620818,157.58720240449261,331.1390176382188,-2.3538717076643203,660.6288539112553
2025-06-03T06:30:00Z,2025-06-03T06:45:00Z,2025-06-03,2025-06-03_9,0.0,100,100,0,9.9999999999998,11.073057391304147,0.003035062801932367,0.009,1.177,True,True,False,False,0.0,0.0,174.25650557620818,157.58720240449261,1.5988471881673652,-47.548035078699684,285.8945200901685
2025-06-03T06:45:00Z,2025-06-03T07:00:00Z,2025-06-03,2025-06-03_9,0.0,100,100,0,11.073057391304147,16.44631739130415,0.014925722222222222,0.0,5.8405,True,True,False,False,0.0,0.0,174.25650557620818,157.58720240449261,0.0,3.7048809617970417,335.5485889424978
2025-06-03T07:00:00Z,2025-06-03T07:15:00Z,2025-06-03,2025-06-03_10,12.99999999999998,87,100,0,16.44631739130415,10.90328481739111,0.015893116038647327,1.94619,0.11150000000000002,True,True,False,False,190.2549999999997,0.0,151.88701257612905,157.58720240449261,285.9173697698331,-4.189363580637508,781.457221169817
2025-06-03T07:15:00Z,2025-06-03T07:30:00Z,2025-06-03,2025-06-03_10,12.99999999999998,87,100,0,10.90328481739111,10.016752826086769,0.01508445219806762,0.024794999999999998,2.8385,True,True,False,False,190.2549999999997,0.0,151.88701257612905,157.58720240449261,3.4614549553112393,-20.18864322154552,483.0020267143871
2025-06-03T07:30:00Z,2025-06-03T07:45:00Z,2025-06-03,2025-06-03_10,12.99999999999998,87,100,0,10.016752826086769,17.735627678260688,0.03168745429951691,0.0,11.948,True,True,False,False,190.2549999999997,0.0,151.88701257612905,157.58720240449261,0.0,5702.6018840465085,6202.33109902713
2025-06-03T07:45:00Z,2025-06-03T08:00:00Z,2025-06-03,2025-06-03_10,12.99999999999998,87,100,0,17.735627678260688,31.656096513043305,0.04374432768115943,0.0,18.5335,True,True,False,False,190.2549999999997,0.0,151.88701257612905,157.58720240449261,0.0,12146.566822550029,12646.29603753065
2025-06-03T08:00:00Z,2025-06-03T08:15:00Z,2025-06-03,2025-06-03_11,0.0,100,100,0,31.656096513043305,40.174376513043306,0.023661888888888892,0.0,9.259,True,True,False,False,0.0,0.0,174.58277307601043,157.58720240449261,0.0,-0.0,332.169975480503
2025-06-03T08:15:00Z,2025-06-03T08:30:00Z,2025-06-03,2025-06-03_11,0.0,100,100,0,40.174376513043306,53.60039651304331,0.0372945,0.0,14.5935,True,True,False,False,0.0,0.0,174.58277307601043,157.58720240449261,0.0,5260.3403671003725,5592.510342580876
2025-06-03T08:30:00Z,2025-06-03T08:45:00Z,2025-06-03,2025-06-03_11,0.0,100,100,0,53.60039651304331,61.05101651304331,0.020696166666666665,0.0,8.0985,True,True,False,False,0.0,0.0,174.58277307601043,157.58720240449261,0.0,1952.2746420944393,2284.444617574942
2025-06-03T08:45:00Z,2025-06-03T09:00:00Z,2025-06-03,2025-06-03_11,0.0,100,100,0,61.05101651304331,63.26587564347809,0.006170502415458938,0.003,2.411,True,True,False,False,0.0,0.0,174.58277307601043,157.58720240449261,0.28446373487305227,-42.94337499011311,289.511064225263
2025-06-03T09:00:00Z,2025-06-03T09:15:00Z,2025-06-03,2025-06-03_12,0.0,100,100,0,63.26587564347809,70.56235477391286,0.02028611352657005,0.003,7.9345,True,True,False,False,0.0,0.0,174.58277307601043,180.1886419362493,0.28339001819188486,2921.0984441983705,3276.153249228822
2025-06-03T09:15:00Z,2025-06-03T09:30:00Z,2025-06-03,2025-06-03_12,0.0,100,100,0,70.56235477391286,82.82595477391285,0.03406555555555556,0.0,13.33,True,True,False,False,0.0,0.0,174.58277307601043,180.1886419362493,0.0,9047.881153602784,9402.652568615043
2025-06-03T09:30:00Z,2025-06-03T09:45:00Z,2025-06-03,2025-06-03_12,0.0,100,100,0,82.82595477391285,94.42025477391286,0.03220638888888889,0.0,12.6025,True,True,False,False,0.0,0.0,174.58277307601043,180.1886419362493,0.0,3436.3866625800833,3791.158077592343
2025-06-03T09:45:00Z,2025-06-03T10:00:00Z,2025-06-03,2025-06-03_12,0.0,100,100,0,94.42025477391286,105.72567477391286,0.03140394444444445,0.0,12.2885,True,True,False,False,0.0,0.0,174.58277307601043,180.1886419362493,0.0,3391.545327256189,3746.3167422684487
2025-06-03T10:00:00Z,2025-06-03T10:15:00Z,2025-06-03,2025-06-03_13,83.87614781294768,16,100,0,105.72567477391286,100.29770446862219,0.028577408451474953,0.0,16.381,True,True,False,False,140.9119283257521,0.0,27.933243692161668,180.1886419362493,0.0,9571.839518310528,9920.873332264691
2025-06-03T10:15:00Z,2025-06-03T10:30:00Z,2025-06-03,2025-06-03_13,83.87614781294768,16,100,0,100.29770446862219,94.25915302473213,0.029798780961419764,0.0,15.805,True,True,False,False,140.9119283257521,0.0,27.933243692161668,180.1886419362493,0.0,5281.148930238077,5630.18274419224
2025-06-03T10:30:00Z,2025-06-03T10:45:00Z,2025-06-03,2025-06-03_13,83.87614781294768,16,100,0,94.25915302473213,80.5247351464123,0.04519316363884915,0.0,8.545,True,True,False,False,140.9119283257521,0.0,27.933243692161668,180.1886419362493,0.0,1381.1482272799176,1730.1820412340805
2025-06-03T10:45:00Z,2025-06-03T11:00:00Z,2025-06-03,2025-06-03_13,83.87614781294768,16,100,0,80.5247351464123,75.96387486086867,0.026842889852282496,0.0,17.199,True,True,False,False,140.9119283257521,0.0,27.933243692161668,180.1886419362493,0.0,12616.237822708219,12965.271636662383
2025-06-03T11:00:00Z,2025-06-03T11:15:00Z,2025-06-03,2025-06-03_14,0.0,100,100,0,75.96387486086867,94.18907486086867,0.050625555555555556,0.0,19.81,True,True,False,False,0.0,0.0,174.58277307601043,180.1886419362493,0.0,17232.592553191487,17587.363968203746
2025-06-03T11:15:00Z,2025-06-03T11:30:00Z,2025-06-03,2025-06-03_14,0.0,100,100,0,94.18907486086867,110.86821486086868,0.046330944444444445,0.0,18.1295,True,True,False,False,0.0,0.0,174.58277307601043,180.1886419362493,0.0,13861.403007593133,14216.174422605392
2025-06-03T11:30:00Z,2025-06-03T11:45:00Z,2025-06-03,2025-06-03_14,0.0,100,100,0,110.86821486086868,124.80759486086868,0.038720500000000005,0.0,15.1515,True,True,False,False,0.0,0.0,174.58277307601043,180.1886419362493,0.0,6681.193719548366,7035.965134560626
2025-06-03T11:45:00Z,2025-06-03T12:00:00Z,2025-06-03,2025-06-03_14,0.0,100,100,0,124.80759486086868,135.6856748608687,0.03021688888888889,0.0,11.824,True,True,False,False,0.0,0.0,174.58277307601043,180.1886419362493,0.0,-0.0,354.7714150122597
2025-06-03T12:00:00Z,2025-06-03T12:15:00Z,2025-06-03,2025-06-03_15,0.0,100,100,0,135.6856748608687,145.86501486086868,0.028275944444444447,0.0,11.0645,True,True,False,False,0.0,0.0,174.58277307601043,180.1886419362493,0.0,761.4402843470696,1116.2116993593293
2025-06-03T12:15:00Z,2025-06-03T12:30:00Z,2025-06-03,2025-06-03_15,0.0,100,100,0,145.86501486086868,150.64533486086867,0.013278666666666666,0.0,5.196,True,True,False,False,0.0,0.0,174.58277307601043,180.1886419362493,0.0,-46.36761132642569,308.403803685834
2025-06-03T12:30:00Z,2025-06-03T12:45:00Z,2025-06-03,2025-06-03_15,0.0,100,100,0,150.64533486086867,162.73919486086868,0.03359405555555555,0.0,13.145499999999998,True,True,False,False,0.0,0.0,174.58277307601043,180.1886419362493,0.0,3538.1025391521,3892.8739541643595
2025-06-03T12:45:00Z,2025-06-03T13:00:00Z,2025-06-03,2025-06-03_15,0.0,100,100,0,162.73919486086868,172.81687486086867,0.027993555555555556,0.0,10.954,True,True,False,False,0.0,0.0,174.58277307601043,180.1886419362493,0.0,394.8439175828522,749.6153325951119
2025-06-03T13:00:00Z,2025-06-03T13:15:00Z,2025-06-03,2025-06-03_16,40.99999999999906,59,100,0,172.81687486086867,182.0169277999993,0.0365014151690825,0.0,20.579,True,True,False,False,101.67999999999768,0.0,103.00383611484615,177.6378233014316,0.0,19264.856767578898,19647.178426995175
2025-06-03T13:15:00Z,2025-06-03T13:30:00Z,2025-06-03,2025-06-03_16,40.99999999999906,59,100,0,182.0169277999993,185.07918696521693,0.0348257500966184,0.0,14.369500000000002,True,True,False,False,101.67999999999768,0.0,103.00383611484615,177.6378233014316,0.0,2642.7525616942185,3025.074221110494
2025-06-03T13:30:00Z,2025-06-03T13:45:00Z,2025-06-03,2025-06-03_16,40.99999999999906,59,100,0,185.07918696521693,182.51708566956498,0.033301016932366895,0.0032449999999999996,8.683,True,True,False,False,101.67999999999768,0.0,103.00383611484615,177.6378233014316,0.3190247202009016,1296.933413944475,1679.5740980809512
2025-06-03T13:45:00Z,2025-06-03T14:00:00Z,2025-06-03,2025-06-03_16,40.99999999999906,59,100,0,182.51708566956498,171.43992040000003,0.031190573526569343,0.06785,0.1395,True,True,False,False,101.67999999999768,0.0,103.00383611484615,177.6378233014316,6.703320256268291,-5.241042474096338,383.7839371984474
2025-06-03T14:00:00Z,2025-06-03T14:15:00Z,2025-06-03,2025-06-03_17,16.0,84,100,0,171.43992040000003,182.60777438260874,0.039341623381642515,0.0,16.389,True,True,False,False,180.88,0.0,146.64952938384874,157.58720240449261,0.0,16410.262403899393,16895.379135687734
2025-06-03T14:15:00Z,2025-06-03T14:30:00Z,2025-06-03,2025-06-03_17,16.0,84,100,0,182.60777438260874,187.10559528695657,0.027625106376811596,0.00084,9.3445,True,True,False,False,180.88,0.0,146.64952938384874,157.58720240449261,0.08308479000237286,4924.2902265087405,5409.490043087084
2025-06-03T14:30:00Z,2025-06-03T14:45:00Z,2025-06-03,2025-06-03_17,16.0,84,100,0,187.10559528695657,184.90174029565225,0.022148832753623192,1.2789,3.733,True,True,False,False,180.88,0.0,146.64952938384874,157.58720240449261,171.3895940045875,-24.821216878905325,631.6851089140235
2025-06-03T14:45:00Z,2025-06-03T15:00:00Z,2025-06-03,2025-06-03_17,16.0,84,100,0,184.90174029565225,180.44118401739138,0.012976474106280193,0.2226,0.1365,True,True,False,False,180.88,0.0,146.64952938384874,157.58720240449261,28.473846515858575,-5.128331883255557,508.4622464209444
2025-06-03T15:00:00Z,2025-06-03T15:15:00Z,2025-06-03,2025-06-03_18,1.0000000000000917,99,100,0,180.44118401739138,182.59685221739136,0.007631022777777835,0.049005,2.6915,True,True,False,False,22.690000000002083,0.0,172.16157162065969,157.5278810408922,6.797016368741597,-47.79791485406945,311.3785541762261
2025-06-03T15:15:00Z,2025-06-03T15:30:00Z,2025-06-03,2025-06-03_18,1.0000000000000917,99,100,0,182.59685221739136,186.72931110434786,0.01270015753623193,0.0,4.7785,True,True,False,False,22.690000000002083,0.0,172.16157162065969,157.5278810408922,0.0,-58.8865179348256,293.4929347267284
2025-06-03T15:30:00Z,2025-06-03T15:45:00Z,2025-06-03,2025-06-03_18,1.0000000000000917,99,100,0,186.72931110434786,189.72166473913046,0.00960789657004836,0.0,3.5415,True,True,False,False,22.690000000002083,0.0,172.16157162065969,157.5278810408922,0.0,-52.093775903662106,300.28567675789185
2025-06-03T15:45:00Z,2025-06-03T16:00:00Z,2025-06-03,2025-06-03_18,1.0000000000000917,99,100,0,189.72166473913046,189.31782,0.0020831909420290532,0.282645,0.19,True,True,False,False,22.690000000002083,0.0,172.16157162065969,157.5278810408922,43.447083679704185,-10.697625168077199,385.12891117318094
2025-06-03T16:00:00Z,2025-06-03T16:15:00Z,2025-06-03,2025-06-03_19,-4.169449538962754e-12,100,100,0,189.31782,186.97065217391403,0.01030979951691023,2.787,0.7415,True,True,False,False,-1.4980832193493175e-10,0.0,174.01922012180654,157.5278810408922,640.256652495452,-33.923932907537775,937.8798207504632
2025-06-03T16:15:00Z,2025-06-03T16:30:00Z,2025-06-03,2025-06-03_19,-4.169449538962754e-12,100,100,0,186.97065217391403,173.98043478261073,0.03608393719806752,11.951,0.0,True,True,False,False,-1.4980832193493175e-10,0.0,174.01922012180654,157.5278810408922,2883.409158625326,0.0,3214.9562597878753
2025-06-03T16:30:00Z,2025-06-03T16:45:00Z,2025-06-03,2025-06-03_19,-4.169449538962754e-12,100,100,0,173.98043478261073,156.00489130435093,0.04993206521739013,16.5375,0.0,True,True,False,False,-1.4980832193493175e-10,0.0,174.01922012180654,157.5278810408922,13402.961609190857,0.0,13734.508710353406
2025-06-03T16:45:00Z,2025-06-03T17:00:00Z,2025-06-03,2025-06-03_19,-4.169449538962754e-12,100,100,0,156.00489130435093,129.81141304348247,0.07275966183574586,24.098,0.0,True,True,False,False,-1.4980832193493175e-10,0.0,174.01922012180654,157.5278810408922,27539.398536344223,0.0,27870.94563750677
2025-06-03T17:00:00Z,2025-06-03T17:15:00Z,2025-06-03,2025-06-03_20,15.52022607841424,84,100,0,129.81141304348247,122.8661515837845,0.019400339321394216,2.53134,0.025,True,True,False,False,642.3433568203694,0.0,145.90208020248357,157.5278810408922,503.6601772126869,-1.8648659337182634,1447.5686293427138
2025-06-03T17:15:00Z,2025-06-03T17:30:00Z,2025-06-03,2025-06-03_20,15.52022607841424,84,100,0,122.8661515837845,119.60258526312917,0.013951115060536572,0.1071,1.1315,True,True,False,False,642.3433568203694,0.0,145.90208020248357,157.5278810408922,18.860629360120225,-59.84876967491893,904.7851777489465
2025-06-03T17:30:00Z,2025-06-03T17:45:00Z,2025-06-03,2025-06-03_20,15.52022607841424,84,100,0,119.60258526312917,115.41696660354756,0.01203043795176752,0.05208,0.0935,True,True,False,False,642.3433568203694,0.0,145.90208020248357,157.5278810408922,7.640586648738432,-7.004069247805109,946.4098354646785
2025-06-03T17:45:00Z,2025-06-03T18:00:00Z,2025-06-03,2025-06-03_20,15.52022607841424,84,100,0,115.41696660354756,111.25882869565217,0.012085797111319118,0.053340000000000005,0.124,True,True,False,False,642.3433568203694,0.0,145.90208020248357,157.5278810408922,8.163808716285692,-9.235734398481373,944.7013923815496
2025-06-03T18:00:00Z,2025-06-03T18:15:00Z,2025-06-03,2025-06-03_21,100.0,0,100,0,111.25882869565217,94.15013304347826,0.047524154589371974,0.0,9.26,True,True,False,False,6291.25,0.0,0.0,157.5278810408922,0.0,7568.861646761054,14017.639527801946
2025-06-03T18:15:00Z,2025-06-03T18:30:00Z,2025-06-03,2025-06-03_21,100.0,0,100,0,94.15013304347826,80.97839391304348,0.03658816425120773,0.0,12.882,True,True,False,False,6291.25,0.0,0.0,157.5278810408922,0.0,10579.45840030056,17028.23628134145
2025-06-03T18:30:00Z,2025-06-03T18:45:00Z,2025-06-03,2025-06-03_21,100.0,0,100,0,80.97839391304348,54.17839391304348,0.07444444444444444,0.0,0.344,True,True,False,False,6291.25,0.0,0.0,157.5278810408922,0.0,-25.398807245115872,6423.379073795776
2025-06-03T18:45:00Z,2025-06-03T19:00:00Z,2025-06-03,2025-06-03_21,100.0,0,100,0,54.17839391304348,28.23328521739131,0.07206974637681159,0.0,1.1305,True,True,False,False,6291.25,0.0,0.0,157.5278810408922,0.0,-50.53875079095152,6398.239130249941
2025-06-03T19:00:00Z,2025-06-03T19:15:00Z,2025-06-03,2025-06-03_22,0.0,100,100,0,28.23328521739131,26.553489565217397,0.006493321256038647,1.848,0.3575,True,True,False,False,0.0,0.0,173.69295262200427,157.20161354108996,328.87763980068024,-14.70569732262912,645.0665086411453
2025-06-03T19:15:00Z,2025-06-03T19:30:00Z,2025-06-03,2025-06-03_22,0.0,100,100,0,26.553489565217397,24.703283478260875,0.005195683574879227,1.7115000000000002,0.011,True,True,False,False,0.0,0.0,173.69295262200427,157.20161354108996,303.7154420430278,-0.8700466661393657,633.7399615399827
2025-06-03T19:30:00Z,2025-06-03T19:45:00Z,2025-06-03,2025-06-03_22,0.0,100,100,0,24.703283478260875,26.586063478260876,0.005229944444444445,0.0,2.0465,True,True,False,False,0.0,0.0,173.69295262200427,157.20161354108996,0.0,-94.97456379023966,235.92000237285458
2025-06-03T19:45:00Z,2025-06-03T20:00:00Z,2025-06-03,2025-06-03_22,0.0,100,100,0,26.586063478260876,27.12903217391305,0.0015354202898550725,0.0045,0.5955,True,True,False,False,0.0,0.0,173.69295262200427,157.20161354108996,0.7019695681404731,-43.42844953729337,288.16808619394135
2025-06-03T20:00:00Z,2025-06-03T20:15:00Z,2025-06-03,2025-06-03_23,0.0,100,100,0,27.12903217391305,14.188814782608704,0.03594504830917874,11.905,0.0,True,True,False,False,0.0,0.0,174.01922012180654,157.5278810408922,8464.47571581112,0.0,8796.02281697382
2025-06-03T20:15:00Z,2025-06-03T20:30:00Z,2025-06-03,2025-06-03_23,0.0,100,100,0,14.188814782608704,10.169249565217399,0.011165458937198067,3.698,0.0,True,True,False,False,0.0,0.0,174.01922012180654,157.5278810408922,640.5418322391837,0.0,972.0889334018824
2025-06-03T20:30:00Z,2025-06-03T20:45:00Z,2025-06-03,2025-06-03_23,0.0,100,100,0,10.169249565217399,10.000000000000007,0.0009096932367149758,0.2285,0.086,True,True,False,False,0.0,0.0,174.01922012180654,157.5278810408922,31.87139434865143,-6.261273431938622,357.15722207941155
2025-06-03T20:45:00Z,2025-06-03T21:00:00Z,2025-06-03,2025-06-03_23,0.0,100,100,0,10.000000000000007,10.027153913043485,0.00034112801932367146,0.044,0.0815,True,True,False,False,0.0,0.0,174.01922012180654,157.5278810408922,6.121770149489836,-6.358263465949538,331.310607846239
2025-06-03T21:00:00Z,2025-06-03T21:15:00Z,2025-06-04,2025-06-03_24,-99.6466284744323,100,0,0,10.027153913043485,26.437767621119434,0.04573589315045257,7.0695,0.0,True,True,False,False,-3276.63026081052,0.0,173.64144938422916,0.0,3069.191834661079,0.0,-33.796976765211895
2025-06-03T21:15:00Z,2025-06-03T21:30:00Z,2025-06-04,2025-06-03_24,-99.6466284744323,100,0,0,26.437767621119434,38.38075817174663,0.033429386312948776,11.9225,0.0,True,True,False,False,-3276.63026081052,0.0,173.64144938422916,0.0,5298.414904026727,0.0,2195.4260926004354
2025-06-03T21:30:00Z,2025-06-03T21:45:00Z,2025-06-04,2025-06-03_24,-99.6466284744323,100,0,0,38.38075817174663,57.28478983200678,0.0526042578257831,4.361,0.0,True,True,False,False,-3276.63026081052,0.0,173.64144938422916,0.0,854.3972026409947,0.0,-2248.5916087852966
2025-06-03T21:45:00Z,2025-06-03T22:00:00Z,2025-06-04,2025-06-03_24,-99.6466284744323,100,0,0,57.28478983200678,80.08199650418757,0.0633283908189427,0.132,0.0,True,True,False,False,-3276.63026081052,0.0,173.64144938422916,0.0,16.960879277284675,0.0,-3086.0279321490066
2025-06-03T22:00:00Z,2025-06-03T22:15:00Z,2025-06-04,2025-06-04_1,0.0,100,100,0,80.08199650418757,67.42647824331802,0.0351567729468599,11.6435,0.0005,True,True,False,False,0.0,0.0,173.84901259216798,153.83398896949808,5694.586877458635,-0.03953584913119972,6022.23034317117
2025-06-03T22:15:00Z,2025-06-03T22:30:00Z,2025-06-04,2025-06-04_1,0.0,100,100,0,67.42647824331802,66.79742433027454,0.00416748309178744,0.9795,0.4735,True,True,False,False,0.0,0.0,173.84901259216798,153.83398896949808,164.43951410441417,-31.929121414592682,460.1933942514876
2025-06-03T22:30:00Z,2025-06-03T22:45:00Z,2025-06-04,2025-06-04_1,0.0,100,100,0,66.79742433027454,60.997383460709315,0.01612911352657005,5.339,0.0035000000000000005,True,True,False,False,0.0,0.0,173.84901259216798,153.83398896949808,998.6379605432226,-0.27675094391839805,1326.0442111609702
2025-06-03T22:45:00Z,2025-06-03T23:00:00Z,2025-06-04,2025-06-04_1,0.0,100,100,0,60.997383460709315,65.87712519983975,0.013935272946859903,0.063,5.3785,True,True,False,False,0.0,0.0,173.84901259216798,153.83398896949808,8.09496510961314,-220.11798584616602,115.65998082511318
2025-06-03T23:00:00Z,2025-06-03T23:15:00Z,2025-06-04,2025-06-04_2,0.0,100,100,0,65.87712519983975,66.20612867810063,0.002091434782608696,0.195,0.588,True,True,False,False,0.0,0.0,173.84901259216798,153.83398896949808,25.055844386897817,-31.58441180540455,321.15443414315934
2025-06-03T23:15:00Z,2025-06-03T23:30:00Z,2025-06-04,2025-06-04_2,0.0,100,100,0,66.20612867810063,66.23487389549193,0.0003878188405797101,0.05099999999999999,0.0915,True,True,False,False,0.0,0.0,173.84901259216798,153.83398896949808,6.553066993496351,-6.8545323897444,327.381536165418
2025-06-03T23:30:00Z,2025-06-03T23:45:00Z,2025-06-04,2025-06-04_2,0.0,100,100,0,66.23487389549193,66.42887650418758,0.0006928816425120773,0.025499999999999995,0.241,True,True,False,False,0.0,0.0,173.84901259216798,153.83398896949808,3.2765334967481756,-17.25827169035523,313.701263368059
2025-06-03T23:45:00Z,2025-06-04T00:00:00Z,2025-06-04,2025-06-04_2,0.0,100,100,0,66.42887650418758,72.47262259114412,0.017078038647343,0.048,6.626,True,True,False,False,0.0,0.0,173.84901259216798,153.83398896949808,6.167592464467155,-91.30119002905886,242.54940399707436
2025-06-04T00:00:00Z,2025-06-04T00:15:00Z,2025-06-04,2025-06-04_3,0.0,100,100,0,72.47262259114412,75.72252259114411,0.0090275,0.0,3.5325,True,True,False,False,0.0,0.0,174.20483523434876,153.83398896949808,0.0,-116.25121127957776,211.78761292426907
2025-06-04T00:15:00Z,2025-06-04T00:30:00Z,2025-06-04,2025-06-04_3,0.0,100,100,0,75.72252259114411,81.9375825911441,0.017264055555555553,0.0,6.755499999999999,True,True,False,False,0.0,0.0,174.20483523434876,153.83398896949808,0.0,-227.9966226500879,100.04220155375896
2025-06-04T00:30:00Z,2025-06-04T00:45:00Z,2025-06-04,2025-06-04_3,0.0,100,100,0,81.9375825911441,82.86474346070932,0.0027656642512077292,0.0315,1.045,True,True,False,False,0.0,0.0,174.20483523434876,153.83398896949808,4.04748255480657,-43.11113032992665,288.97517642872674
2025-06-04T00:45:00Z,2025-06-04T01:00:00Z,2025-06-04,2025-06-04_3,0.0,100,100,0,82.86474346070932,82.96787563462236,0.00044952173913043474,0.027,0.144,True,True,False,False,0.0,0.0,174.20483523434876,153.83398896949808,3.4692707612627744,-10.89389447881867,320.61420048629094
2025-06-04T01:00:00Z,2025-06-04T01:15:00Z,2025-06-04,2025-06-04_4,0.0,100,100,0,82.96787563462236,82.87638780853541,0.0007422439613526571,0.165,0.0955,True,True,False,False,0.0,0.0,173.84901259216798,153.83398896949808,21.201099096605848,-6.553266748374087,342.3308339098978
2025-06-04T01:15:00Z,2025-06-04T01:30:00Z,2025-06-04,2025-06-04_4,0.0,100,100,0,82.87638780853541,82.35594693897019,0.0014891135265700482,0.486,0.0085,True,True,False,False,0.0,0.0,173.84901259216798,153.83398896949808,62.446873702729945,-0.6553066993496354,389.47456856504635
2025-06-04T01:30:00Z,2025-06-04T01:45:00Z,2025-06-04,2025-06-04_4,0.0,100,100,0,82.35594693897019,82.48454780853541,0.0005474420289855072,0.0315,0.177,True,True,False,False,0.0,0.0,173.84901259216798,153.83398896949808,4.04748255480657,-11.036616719710596,320.693867396762
2025-06-04T01:45:00Z,2025-06-04T02:00:00Z,2025-06-04,2025-06-04_4,0.0,100,100,0,82.48454780853541,82.54032085201366,0.0007165193236714977,0.093,0.1705,True,True,False,False,0.0,0.0,173.84901259216798,153.83398896949808,11.949710399905113,-8.296316247257202,331.336395714314
2025-06-04T02:00:00Z,2025-06-04T02:15:00Z,2025-06-04,2025-06-04_5,0.0,100,100,0,82.54032085201366,84.39320085201366,0.005146888888888888,0.0,2.014,True,True,False,False,0.0,0.0,173.84901259216798,153.83398896949808,0.0,-83.38709273133414,244.29590883033194
2025-06-04T02:15:00Z,2025-06-04T02:30:00Z,2025-06-04,2025-06-04_5,0.0,100,100,0,84.39320085201366,91.67500085201367,0.020227222222222223,0.0,7.915,True,True,False,False,0.0,0.0,173.84901259216798,153.83398896949808,0.0,-195.69938027556486,131.9836212861012
2025-06-04T02:30:00Z,2025-06-04T02:45:00Z,2025-06-04,2025-06-04_5,0.0,100,100,0,91.67500085201367,93.61528085201367,0.005389666666666667,0.0,2.109,True,True,False,False,0.0,0.0,173.84901259216798,153.83398896949808,0.0,-88.05003083796232,239.63297072370375
2025-06-04T02:45:00Z,2025-06-04T03:00:00Z,2025-06-04,2025-06-04_5,0.0,100,100,0,93.61528085201367,94.2786625911441,0.002223161835748792,0.063,0.7955,True,True,False,False,0.0,0.0,173.84901259216798,153.83398896949808,8.09496510961314,-35.21306610393975,300.56490056733946
2025-06-04T03:00:00Z,2025-06-04T03:15:00Z,2025-06-04,2025-06-04_6,0.0,100,100,0,94.2786625911441,94.68156693897018,0.001653599033816425,0.0885,0.5425,True,True,False,False,0.0,0.0,173.84901259216798,153.6857295352561,11.371498606361316,-28.526103544388874,310.3801371893965
2025-06-04T03:15:00Z,2025-06-04T03:30:00Z,2025-06-04,2025-06-04_6,0.0,100,100,0,94.68156693897018,102.07703650418757,0.02069091787439614,0.0245,8.0675,True,True,False,False,0.0,0.0,173.84901259216798,153.6857295352561,3.1480419870717773,-232.79602368197362,97.88676043252222
2025-06-04T03:30:00Z,2025-06-04T03:45:00Z,2025-06-04,2025-06-04_6,0.0,100,100,0,102.07703650418757,110.14635650418758,0.02241477777777778,0.0,8.771,True,True,False,False,0.0,0.0,173.84901259216798,153.6857295352561,0.0,-89.49932769288553,238.03541443453855
2025-06-04T03:45:00Z,2025-06-04T04:00:00Z,2025-06-04,2025-06-04_6,0.0,100,100,0,110.14635650418758,110.09500085201367,0.0006000990338164251,0.123,0.0895,True,True,False,False,0.0,0.0,173.84901259216798,153.6857295352561,15.804455690197084,-5.502409116966809,337.8367887006543
2025-06-04T04:00:00Z,2025-06-04T04:15:00Z,2025-06-04,2025-06-04_7,6.569239463361937e-14,100,100,0,110.09500085201367,112.08011041723104,0.0055232512077295105,0.0015,2.1595,True,True,False,False,1.6661233588951714e-12,0.0,173.84901259216798,153.83398896949808,0.1927372645145986,-91.178224840374,236.6975139858083
2025-06-04T04:15:00Z,2025-06-04T04:30:00Z,2025-06-04,2025-06-04_7,6.569239463361937e-14,100,100,0,112.08011041723104,113.44769041723103,0.003798833333333377,0.0,1.4865,True,True,False,False,1.6661233588951714e-12,0.0,173.84901259216798,153.83398896949808,0.0,-72.15403473224346,255.52896682942426
2025-06-04T04:30:00Z,2025-06-04T04:45:00Z,2025-06-04,2025-06-04_7,6.569239463361937e-14,100,100,0,113.44769041723103,113.64605302592668,0.0009133260869565702,0.06,0.2865,True,True,False,False,1.6661233588951714e-12,0.0,173.84901259216798,153.83398896949808,7.709490580583943,-17.38046385434993,318.0120282879017
2025-06-04T04:45:00Z,2025-06-04T05:00:00Z,2025-06-04,2025-06-04_7,6.569239463361937e-14,100,100,0,113.64605302592668,113.61409389549188,0.0005181086956522233,0.1005,0.084,True,True,False,False,1.6661233588951714e-12,0.0,173.84901259216798,153.83398896949808,12.913396722478106,-6.388098127977544,334.20830015616826
2025-06-04T05:00:00Z,2025-06-04T05:15:00Z,2025-06-04,2025-06-04_8,100.0,0,100,0,113.61409389549188,92.26409389549188,0.05930555555555556,0.0,5.358,True,True,False,False,2803.0,0.0,0.0,153.83398896949808,0.0,-135.94705635835294,2820.8869326111453
2025-06-04T05:15:00Z,2025-06-04T05:30:00Z,2025-06-04,2025-06-04_8,100.0,0,100,0,92.26409389549188,65.7727895476658,0.07358695652173912,0.0,0.628,True,True,False,False,2803.0,0.0,0.0,153.83398896949808,0.0,-38.76388874612054,2918.0701002233777
2025-06-04T05:30:00Z,2025-06-04T05:45:00Z,2025-06-04,2025-06-04_8,100.0,0,100,0,65.7727895476658,38.710289547665795,0.07517361111111111,0.0,0.10249999999999998,True,True,False,False,2803.0,0.0,0.0,153.83398896949808,0.0,-6.728017573684936,2950.105971395813
2025-06-04T05:45:00Z,2025-06-04T06:00:00Z,2025-06-04,2025-06-04_8,100.0,0,100,0,38.710289547665795,13.366267808535362,0.07040006038647342,0.0,1.6835,True,True,False,False,2803.0,0.0,0.0,153.83398896949808,0.0,-66.7413053748987,2890.0926835945993
2025-06-04T06:00:00Z,2025-06-04T06:15:00Z,2025-06-04,2025-06-04_9,12.714888641326889,87,100,0,13.366267808535362,10.687964820602605,0.01270845381055908,0.30798,1.181,True,True,False,False,296.32047978612314,0.0,151.5582066538834,153.6857295352561,33.48468974242394,-45.387734793524025,589.6613709241625
2025-06-04T06:15:00Z,2025-06-04T06:30:00Z,2025-06-04,2025-06-04_9,12.714888641326889,87,100,0,10.687964820602605,10.431436754152175,0.016512055969395728,0.12397499999999999,3.5415,True,True,False,False,296.32047978612314,0.0,151.5582066538834,153.6857295352561,13.479006464111333,-121.49276523612785,493.5506572032461
2025-06-04T06:30:00Z,2025-06-04T06:45:00Z,2025-06-04,2025-06-04_9,12.714888641326889,87,100,0,10.431436754152175,10.000000000000046,0.015530165796009156,0.0,3.2125,True,True,False,False,296.32047978612314,0.0,151.5582066538834,153.6857295352561,0.0,-121.5913500504082,479.97306592485444
2025-06-04T06:45:00Z,2025-06-04T07:00:00Z,2025-06-04,2025-06-04_9,12.714888641326889,87,100,0,10.000000000000046,13.03746027750723,0.02233623713469987,0.0,6.898,True,True,False,False,296.32047978612314,0.0,151.5582066538834,153.6857295352561,0.0,-142.07122818115323,459.4931877941094
2025-06-04T07:00:00Z,2025-06-04T07:15:00Z,2025-06-04,2025-06-04_10,2.35700440423892,97,100,0,13.03746027750723,11.25106676111985,0.009635940442486937,1.850275,0.9365,True,True,False,False,30.552669589947,0.0,168.97869017731827,153.6857295352561,215.30775311344814,-28.764788087848654,539.7600543281209
2025-06-04T07:15:00Z,2025-06-04T07:30:00Z,2025-06-04,2025-06-04_10,2.35700440423892,97,100,0,11.25106676111985,10.576398502316833,0.002193479584490515,0.08584499999999999,0.064,True,True,False,False,30.552669589947,0.0,168.97869017731827,153.6857295352561,9.333376163836558,-2.4048676537450335,360.1455978126129
2025-06-04T07:30:00Z,2025-06-04T07:45:00Z,2025-06-04,2025-06-04_10,2.35700440423892,97,100,0,10.576398502316833,10.000000000000039,0.0026990481902456494,0.12804,0.22,True,True,False,False,30.552669589947,0.0,168.97869017731827,153.6857295352561,13.920967837586732,-8.26399272540376,358.8740644147043
2025-06-04T07:45:00Z,2025-06-04T08:00:00Z,2025-06-04,2025-06-04_10,2.35700440423892,97,100,0,10.000000000000039,10.486461877849178,0.005029252799288283,0.04995499999999999,1.2785,True,True,False,False,30.552669589947,0.0,168.97869017731827,153.6857295352561,5.431286694209974,-48.02026489018918,310.6281111065422
2025-06-04T08:00:00Z,2025-06-04T08:15:00Z,2025-06-04,2025-06-04_11,-59.66705316071596,100,40,0,10.486461877849178,24.41620940312507,0.038867885981986705,0.0715,0.301,True,True,False,False,-190.63623484848748,0.0,173.67110127107756,61.47429181410244,7.773736335422144,-11.30557356633127,40.9773210057834
2025-06-04T08:15:00Z,2025-06-04T08:30:00Z,2025-06-04,2025-06-04_11,-59.66705316071596,100,40,0,24.41620940312507,38.97881959917879,0.0404663083755741,0.006,0.9186,True,True,False,False,-190.63623484848748,0.0,173.67110127107756,61.47429181410244,0.6523415106647953,-34.50174946132405,10.65975028603327
2025-06-04T08:30:00Z,2025-06-04T08:45:00Z,2025-06-04,2025-06-04_11,-59.66705316071596,100,40,0,38.97881959917879,52.65915704717732,0.038211613678111725,0.0865,0.046,True,True,False,False,-190.63623484848748,0.0,173.67110127107756,61.47429181410244,9.404590112084131,-1.7285440923557436,52.18520425642092
2025-06-04T08:45:00Z,2025-06-04T09:00:00Z,2025-06-04,2025-06-04_11,-59.66705316071596,100,40,0,52.65915704717732,66.19900077649633,0.03816111458540779,0.22599999999999998,0.043,True,True,False,False,-190.63623484848748,0.0,173.67110127107756,61.47429181410244,24.571530235040623,-1.6157109534070018,67.46497751832615
2025-06-04T09:00:00Z,2025-06-04T09:15:00Z,2025-06-04,2025-06-04_12,0.0,100,100,0,66.19900077649633,76.88986077649633,0.029696833333333335,0.0,11.6205,True,True,False,False,0.0,0.0,173.67110127107756,159.05272105481646,0.0,771.5192383418666,1104.2430606677606
2025-06-04T09:15:00Z,2025-06-04T09:30:00Z,2025-06-04,2025-06-04_12,0.0,100,100,0,76.88986077649633,91.70324077649633,0.041148277777777784,0.0,16.1015,True,True,False,False,0.0,0.0,173.67110127107756,159.05272105481646,0.0,1213.58527259968,1546.3090949255738
2025-06-04T09:30:00Z,2025-06-04T09:45:00Z,2025-06-04,2025-06-04_12,0.0,100,100,0,91.70324077649633,96.02954077649633,0.012017499999999999,0.0,4.7025,True,True,False,False,0.0,0.0,173.67110127107756,159.05272105481646,0.0,35.941538339889696,368.66536066578374
2025-06-04T09:45:00Z,2025-06-04T10:00:00Z,2025-06-04,2025-06-04_12,0.0,100,100,0,96.02954077649633,106.82804077649634,0.029995833333333336,0.0,11.7375,True,True,False,False,0.0,0.0,173.67110127107756,159.05272105481646,0.0,603.1423438828158,935.8661662087098
2025-06-04T10:00:00Z,2025-06-04T10:15:00Z,2025-06-04,2025-06-04_13,0.0,100,100,0,106.82804077649634,117.56398077649634,0.029822055555555553,0.0,11.6695,True,True,False,False,0.0,0.0,173.67110127107756,159.05272105481646,0.0,758.7539488406112,1091.4777711665051
2025-06-04T10:15:00Z,2025-06-04T10:30:00Z,2025-06-04,2025-06-04_13,0.0,100,100,0,117.56398077649634,122.20814077649634,0.012900444444444445,0.0,5.048,True,True,False,False,0.0,0.0,173.67110127107756,159.05272105481646,0.0,28.953628402554017,361.67745072844804
2025-06-04T10:30:00Z,2025-06-04T10:45:00Z,2025-06-04,2025-06-04_13,0.0,100,100,0,122.20814077649634,122.98003121127894,0.002343415458937198,0.033,0.878,True,True,False,False,0.0,0.0,173.67110127107756,159.05272105481646,3.5878783086563746,-34.244204242196616,302.0674963923538
2025-06-04T10:45:00Z,2025-06-04T11:00:00Z,2025-06-04,2025-06-04_13,0.0,100,100,0,122.98003121127894,123.52648773301807,0.0018681763285024156,0.058,0.6625,True,True,False,False,0.0,0.0,173.67110127107756,159.05272105481646,6.305967936426355,-26.572422262636646,312.45736799968375
2025-06-04T11:00:00Z,2025-06-04T11:15:00Z,2025-06-04,2025-06-04_14,-100.0,100,0,0,123.52648773301807,141.23556773301806,0.04919188888888889,5.751,0.0,True,True,False,False,-242.25,0.0,173.67110127107756,0.0,814.2007211338881,0.0,745.6218224049657
2025-06-04T11:15:00Z,2025-06-04T11:30:00Z,2025-06-04,2025-06-04_14,-100.0,100,0,0,141.23556773301806,151.03402773301806,0.027217944444444444,14.3495,0.0,True,True,False,False,-242.25,0.0,173.67110127107756,0.0,10728.721218000672,0.0,10660.14231927175
2025-06-04T11:30:00Z,2025-06-04T11:45:00Z,2025-06-04,2025-06-04_14,-100.0,100,0,0,151.03402773301806,166.18366773301807,0.04208233333333334,8.533,0.0,True,True,False,False,-242.25,0.0,173.67110127107756,0.0,1363.4717536125881,0.0,1294.8928548836657
2025-06-04T11:45:00Z,2025-06-04T12:00:00Z,2025-06-04,2025-06-04_14,-100.0,100,0,0,166.18366773301807,180.06784773301808,0.038567166666666666,9.9085,0.0,True,True,False,False,-242.25,0.0,173.67110127107756,0.0,3101.646275031135,0.0,3033.0673763022123
2025-06-04T12:00:00Z,2025-06-04T12:15:00Z,2025-06-04,2025-06-04_15,-48.99178764150845,100,51,0,180.06784773301808,190.0000000000002,0.03169830673716213,1.334,0.005355,True,True,False,False,-226.5870178419766,0.0,173.67110127107756,81.11688773795639,145.03726253780616,-0.2724056012414257,172.96582810362207
2025-06-04T12:15:00Z,2025-06-04T12:30:00Z,2025-06-04,2025-06-04_15,-48.99178764150845,100,51,0,190.0000000000002,186.19068810022142,0.03562166896060087,15.0,0.0,True,True,False,False,-226.5870178419766,0.0,173.67110127107756,81.11688773795639,11110.65392294463,0.0,11138.854894111688
2025-06-04T12:30:00Z,2025-06-04T12:45:00Z,2025-06-04,2025-06-04_15,-48.99178764150845,100,51,0,186.19068810022142,188.74354614986555,0.03379819900591365,8.6705,0.0,True,True,False,False,-226.5870178419766,0.0,173.67110127107756,81.11688773795639,5652.741961867674,0.0,5680.942933034731
2025-06-04T12:45:00Z,2025-06-04T13:00:00Z,2025-06-04,2025-06-04_15,-48.99178764150845,100,51,0,188.74354614986555,189.509226986448,0.03431042423372531,10.4485,0.0,True,True,False,False,-226.5870178419766,0.0,173.67110127107756,81.11688773795639,7014.738354221439,0.0,7042.939325388496
2025-06-04T13:00:00Z,2025-06-04T13:15:00Z,2025-06-04,2025-06-04_16,-10.750337990746246,100,89,0,189.509226986448,190.0000000000001,0.011387676929988488,1.86,0.0071200000000000005,True,True,False,False,-138.35684994090417,0.0,173.67110127107756,141.55692173878666,202.22586830608657,-0.3035757328958033,378.7934656421508
2025-06-04T13:15:00Z,2025-06-04T13:30:00Z,2025-06-04,2025-06-04_16,-10.750337990746246,100,89,0,190.0000000000001,187.2606285934525,0.018667007392809555,4.8755,0.0,True,True,False,False,-138.35684994090417,0.0,173.67110127107756,141.55692173878666,628.9854725522367,0.0,805.8566456211968
2025-06-04T13:30:00Z,2025-06-04T13:45:00Z,2025-06-04,2025-06-04_16,-10.750337990746246,100,89,0,187.2606285934525,183.89813895688027,0.020137469992589998,5.4695,0.012905,True,True,False,False,-138.35684994090417,0.0,173.67110127107756,141.55692173878666,2222.094793227509,-0.6089970189969754,2398.356969277472
2025-06-04T13:45:00Z,2025-06-04T14:00:00Z,2025-06-04,2025-06-04_16,-10.750337990746246,100,89,0,183.89813895688027,180.75639811397522,0.020025777055901965,5.335,0.096565,True,True,False,False,-138.35684994090417,0.0,173.67110127107756,141.55692173878666,1936.0691482001305,-3.9111048856425565,2109.029216383448
2025-06-04T14:00:00Z,2025-06-04T14:15:00Z,2025-06-04,2025-06-04_17,8.767880192724782,91,100,0,180.75639811397522,188.66699630156955,0.029379459956822472,0.0,11.013,True,True,False,False,199.44735468400697,0.0,158.04070215668057,153.6857295352561,0.0,-89.20209974894735,421.9716866269963
2025-06-04T14:15:00Z,2025-06-04T14:30:00Z,2025-06-04,2025-06-04_17,8.767880192724782,91,100,0,188.66699630156955,186.58766415558537,0.007377654544483516,0.01638,0.3435,True,True,False,False,199.44735468400697,0.0,158.04070215668057,153.6857295352561,1.780892324114891,-15.451626405993638,497.5030522940649
2025-06-04T14:30:00Z,2025-06-04T14:45:00Z,2025-06-04,2025-06-04_17,8.767880192724782,91,100,0,186.58766415558537,184.57183879889752,0.00786105776068882,0.07962499999999999,0.485,True,True,False,False,199.44735468400697,0.0,158.04070215668057,153.6857295352561,8.657115464447386,-20.43611500978512,499.3947868306059
2025-06-04T14:45:00Z,2025-06-04T15:00:00Z,2025-06-04,2025-06-04_17,8.767880192724782,91,100,0,184.57183879889752,179.30784396521796,0.014629202333850778,2.652195,0.0015,True,True,False,False,199.44735468400697,0.0,158.04070215668057,153.6857295352561,298.6997460128096,-0.06226896238163956,809.8112634263716
2025-06-04T15:00:00Z,2025-06-04T15:15:00Z,2025-06-04,2025-06-04_18,5.999999999999773,94,100,0,179.30784396521796,188.82459763478323,0.031150644251207716,0.0,11.986,True,True,False,False,176.3849999999933,0.0,163.4180718366379,153.83398896949808,0.0,4784.54336489612,5278.180425702249
2025-06-04T15:15:00Z,2025-06-04T15:30:00Z,2025-06-04,2025-06-04_18,5.999999999999773,94,100,0,188.82459763478323,186.46139779130505,0.006787850676328332,0.71393,0.0465,True,True,False,False,176.3849999999933,0.0,163.4180718366379,153.83398896949808,98.71602563702135,-3.042285962796766,589.3108004803539
2025-06-04T15:30:00Z,2025-06-04T15:45:00Z,2025-06-04,2025-06-04_18,5.999999999999773,94,100,0,186.46139779130505,184.63578739130512,0.005741359999999831,0.29892,0.1395,True,True,False,False,176.3849999999933,0.0,163.4180718366379,153.83398896949808,38.40868207246921,-9.028989760215076,523.0167531183835
2025-06-04T15:45:00Z,2025-06-04T16:00:00Z,2025-06-04,2025-06-04_18,5.999999999999773,94,100,0,184.63578739130512,179.44203739130518,0.014427083333333162,3.2782499999999994,0.0,True,True,False,False,176.3849999999933,0.0,163.4180718366379,153.83398896949808,563.505557900251,0.0,1057.1426187063803
2025-06-04T16:00:00Z,2025-06-04T16:15:00Z,2025-06-04,2025-06-04_19,0.0,100,100,0,179.44203739130518,188.80998000000082,0.026037159420289852,0.0025,10.1855,True,True,False,False,0.0,0.0,173.64144938422916,153.83398896949808,0.44477830272599683,-198.61996817364144,129.3002484828118
2025-06-04T16:15:00Z,2025-06-04T16:30:00Z,2025-06-04,2025-06-04_19,0.0,100,100,0,188.80998000000082,189.9896739130443,0.003334294685990338,0.0095,1.2935,True,True,False,False,0.0,0.0,173.64144938422916,153.83398896949808,1.472711269693795,-77.53635894597426,251.4117906774468
2025-06-04T16:30:00Z,2025-06-04T16:45:00Z,2025-06-04,2025-06-04_19,0.0,100,100,0,189.9896739130443,189.51158173913123,0.0013561449275362317,0.4445,0.0055,True,True,False,False,0.0,0.0,173.64144938422916,153.83398896949808,77.10480627433927,-0.42402198193211693,404.1562226461344
2025-06-04T16:45:00Z,2025-06-04T17:00:00Z,2025-06-04,2025-06-04_19,0.0,100,100,0,189.51158173913123,188.93056956521818,0.0017647004830917874,0.5595,0.029499999999999995,True,True,False,False,0.0,0.0,173.64144938422916,153.83398896949808,96.24512651471721,-2.268567319667108,421.45199754877734
2025-06-04T17:00:00Z,2025-06-04T17:15:00Z,2025-06-04,2025-06-04_20,47.7353237790162,52,100,0,188.93056956521818,176.52022277689355,0.03608531849709149,0.03874,0.6035,True,True,False,False,2553.2431306301287,0.0,90.40148654792733,153.83398896949808,6.501668179571826,-42.02310306995869,2761.9571712571674
2025-06-04T17:15:00Z,2025-06-04T17:30:00Z,2025-06-04,2025-06-04_20,47.7353237790162,52,100,0,176.52022277689355,167.15157624150626,0.03565140380120865,0.0,3.604,True,True,False,False,2553.2431306301287,0.0,90.40148654792733,153.83398896949808,0.0,-194.36180283472038,2603.116803312834
2025-06-04T17:30:00Z,2025-06-04T17:45:00Z,2025-06-04,2025-06-04_20,47.7353237790162,52,100,0,167.15157624150626,154.45463189647165,0.03601591978306632,0.00442,0.2795,True,True,False,False,2553.2431306301287,0.0,90.40148654792733,153.83398896949808,0.6116195860596597,-20.613615355723805,2777.4766103778898
2025-06-04T17:45:00Z,2025-06-04T18:00:00Z,2025-06-04,2025-06-04_20,47.7353237790162,52,100,0,154.45463189647165,141.09138086956509,0.03712014174140716,0.36035999999999996,0.0,True,True,False,False,2553.2431306301287,0.0,90.40148654792733,153.83398896949808,63.41315904876746,0.0,2860.8917651963216
2025-06-04T18:00:00Z,2025-06-04T18:15:00Z,2025-06-04,2025-06-04_21,100.0,0,100,0,141.09138086956509,116.23485913043466,0.06904589371980677,0.0,2.132,True,True,False,False,8494.5,0.0,0.0,153.6857295352561,0.0,-119.45049755866133,8528.735231976594
2025-06-04T18:15:00Z,2025-06-04T18:30:00Z,2025-06-04,2025-06-04_21,100.0,0,100,0,116.23485913043466,89.06094608695639,0.0754830917874396,0.0,0.0,True,True,False,False,8494.5,0.0,0.0,153.6857295352561,0.0,0.0,8648.185729535257
2025-06-04T18:30:00Z,2025-06-04T18:45:00Z,2025-06-04,2025-06-04_21,100.0,0,100,0,89.06094608695639,61.88811999999988,0.0754800724637681,0.0,0.001,True,True,False,False,8494.5,0.0,0.0,153.6857295352561,0.0,-0.07709490580583944,8648.10863462945
2025-06-04T18:45:00Z,2025-06-04T19:00:00Z,2025-06-04,2025-06-04_21,100.0,0,100,0,61.88811999999988,34.751706956521616,0.07537892512077293,0.0,0.0345,True,True,False,False,8494.5,0.0,0.0,153.6857295352561,0.0,-2.659774250301461,8645.525955284955
2025-06-04T19:00:00Z,2025-06-04T19:15:00Z,2025-06-04,2025-06-04_22,0.0,100,100,0,34.751706956521616,14.671815652173791,0.05577747584541062,18.4735,0.0,True,True,False,False,0.0,0.0,174.20483523434876,153.83398896949808,18917.514755668457,0.0,19245.553579872303
2025-06-04T19:15:00Z,2025-06-04T19:30:00Z,2025-06-04,2025-06-04_22,0.0,100,100,0,14.671815652173791,9.99999999999988,0.014709932367149759,4.585,0.339,True,True,False,False,0.0,0.0,174.20483523434876,153.83398896949808,1415.0054846106707,-23.068378041789394,1719.9759307727281
2025-06-04T19:30:00Z,2025-06-04T19:45:00Z,2025-06-04,2025-06-04_22,0.0,100,100,0,9.99999999999988,18.59634956521727,0.024582251207729475,0.1165,9.4815,True,True,False,False,0.0,0.0,174.20483523434876,153.83398896949808,20.173174728685236,-74.71880077885623,273.49319815367585
2025-06-04T19:45:00Z,2025-06-04T20:00:00Z,2025-06-04,2025-06-04_22,0.0,100,100,0,18.59634956521727,39.24804956521727,0.05736583333333334,0.0,22.4475,True,True,False,False,0.0,0.0,174.20483523434876,153.83398896949808,0.0,-183.7085614881294,144.33026271571745
2025-06-04T20:00:00Z,2025-06-04T20:15:00Z,2025-06-04,2025-06-04_23,37.64748712385052,62,100,0,39.24804956521727,30.773205253872547,0.032080549397708207,0.80786,2.6795,True,True,False,False,1471.640271671317,0.0,107.78638780714412,153.83398896949808,141.14753231067272,-105.73820685156267,1768.669973907069
2025-06-04T20:15:00Z,2025-06-04T20:30:00Z,2025-06-04,2025-06-04_23,37.64748712385052,62,100,0,30.773205253872547,22.6499547180632,0.02941962008729651,0.00651,2.151,True,True,False,False,1471.640271671317,0.0,107.78638780714412,153.83398896949808,0.8364797279933579,-102.98028900705712,1631.1168391688952
2025-06-04T20:30:00Z,2025-06-04T20:45:00Z,2025-06-04,2025-06-04_23,37.64748712385052,62,100,0,22.6499547180632,13.83387549695239,0.029087814613855636,0.00372,1.443,True,True,False,False,1471.640271671317,0.0,107.78638780714412,153.83398896949808,0.47798841599620456,-76.27159388775773,1657.4670429761975
2025-06-04T20:45:00Z,2025-06-04T21:00:00Z,2025-06-04,2025-06-04_23,37.64748712385052,62,100,0,13.83387549695239,9.999999999999858,0.03139003979676494,0.0,6.508,True,True,False,False,1471.640271671317,0.0,107.78638780714412,153.83398896949808,0.0,-238.4251155435191,1494.83553290444
2025-06-04T21:00:00Z,2025-06-04T21:15:00Z,2025-06-05,2025-06-04_24,-2.855328174137858,18,97,0,9.999999999999858,10.491204390059504,0.006251265449531288,0.96183,0.928775,True,True,False,False,-91.87732232332093,0.0,31.374856600340202,146.94469717947706,199.76131183788917,-48.68233737984097,237.52120591454454
2025-06-04T21:15:00Z,2025-06-04T21:30:00Z,2025-06-05,2025-06-04_24,-2.855328174137858,18,97,0,10.491204390059504,10.770995993064629,0.003262900468655132,0.48924,0.15423,True,True,False,False,-91.87732232332093,0.0,31.374856600340202,146.94469717947706,90.84092740219155,-10.144531787254243,167.13862707143366
2025-06-04T21:30:00Z,2025-06-04T21:45:00Z,2025-06-05,2025-06-04_24,-2.855328174137858,18,97,0,10.770995993064629,11.40934410588344,0.0018911640009179696,0.02322,0.006790000000000001,True,True,False,False,-91.87732232332093,0.0,31.374856600340202,146.94469717947706,2.985284228015349,-0.5237746746311168,88.90374100988056
2025-06-04T21:45:00Z,2025-06-04T22:00:00Z,2025-06-05,2025-06-04_24,-2.855328174137858,18,97,0,11.40934410588344,15.41675247304569,0.011152266908547426,0.00405,3.6467150000000004,True,True,False,False,-91.87732232332093,0.0,31.374856600340202,146.94469717947706,0.5206891095375608,-161.61948323410738,-74.65656266807348
2025-06-04T22:00:00Z,2025-06-04T22:15:00Z,2025-06-05,2025-06-05_1,-9.244357127915214e-15,100,100,0,15.41675247304569,17.58982116869787,0.0089801425120773,0.4875,2.938,True,True,False,False,-2.791102525845801e-13,0.0,174.3047588907789,151.87507417223782,80.19499386842834,-130.4253965742316,275.9494303572132
2025-06-04T22:15:00Z,2025-06-04T22:30:00Z,2025-06-05,2025-06-05_1,-9.244357127915214e-15,100,100,0,17.58982116869787,13.315307255654396,0.012374538647342996,4.0155,0.098,True,True,False,False,-2.791102525845801e-13,0.0,174.3047588907789,151.87507417223782,736.6255967403775,-5.975309545472527,1056.8301202579214
2025-06-04T22:30:00Z,2025-06-04T22:45:00Z,2025-06-05,2025-06-05_1,-9.244357127915214e-15,100,100,0,13.315307255654396,13.489197690437006,0.0006823043478260929,0.033,0.22799999999999998,True,True,False,False,-2.791102525845801e-13,0.0,174.3047588907789,151.87507417223782,4.242652003639384,-14.833844693223625,315.5886403734322
2025-06-04T22:45:00Z,2025-06-04T23:00:00Z,2025-06-05,2025-06-05_1,-9.244357127915214e-15,100,100,0,13.489197690437006,13.519445516523966,0.0003376449275362378,0.042,0.0825,True,True,False,False,-2.791102525845801e-13,0.0,174.3047588907789,151.87507417223782,5.399738913722853,-5.866135428616638,325.7134365481227
2025-06-04T23:00:00Z,2025-06-04T23:15:00Z,2025-06-05,2025-06-05_2,-2.4223091851988602e-14,100,100,0,13.519445516523966,10.653424646958754,0.00858472463768117,2.74,0.122,True,True,False,False,-6.586864251852001e-13,0.0,174.3047588907789,151.48937853554338,478.03022667035884,-7.791055421496105,796.0333086751843
2025-06-04T23:15:00Z,2025-06-04T23:30:00Z,2025-06-05,2025-06-05_2,-2.4223091851988602e-14,100,100,0,10.653424646958754,10.137208994784848,0.003128265700483106,0.7555,0.3315,True,True,False,False,-6.586864251852001e-13,0.0,174.3047588907789,151.48937853554338,114.2499861545156,-19.670477471418966,420.37364610941825
2025-06-04T23:30:00Z,2025-06-04T23:45:00Z,2025-06-05,2025-06-05_2,-2.4223091851988602e-14,100,100,0,10.137208994784848,10.653247255654419,0.0014696714975845563,0.006,0.568,True,True,False,False,-6.586864251852001e-13,0.0,174.3047588907789,151.48937853554338,0.7713912733889791,-35.84001582341074,290.7255128762999
2025-06-04T23:45:00Z,2025-06-05T00:00:00Z,2025-06-05,2025-06-05_2,-2.4223091851988602e-14,100,100,0,10.653247255654419,16.878427255654426,0.017292166666666685,0.0,6.766500000000001,True,True,False,False,-6.586864251852001e-13,0.0,174.3047588907789,151.48937853554338,0.0,-183.04534831282888,142.74878911349276
2025-06-05T00:00:00Z,2025-06-05T00:15:00Z,2025-06-05,2025-06-05_3,0.0,100,100,0,16.878427255654426,24.291787255654427,0.020592666666666665,0.0,8.058,True,True,False,False,0.0,0.0,174.3047588907789,151.87507417223782,0.0,-237.14344317417618,89.03638988884055
2025-06-05T00:15:00Z,2025-06-05T00:30:00Z,2025-06-05,2025-06-05_3,0.0,100,100,0,24.291787255654427,26.552227255654426,0.006279,0.0,2.457,True,True,False,False,0.0,0.0,174.3047588907789,151.87507417223782,0.0,-109.8399230586653,216.33991000435142
2025-06-05T00:30:00Z,2025-06-05T00:45:00Z,2025-06-05,2025-06-05_3,0.0,100,100,0,26.552227255654426,26.934589864350077,0.0014244371980676328,0.06,0.48649999999999993,True,True,False,False,0.0,0.0,174.3047588907789,151.87507417223782,7.7139127338897895,-25.416781518256258,308.47696427865026
2025-06-05T00:45:00Z,2025-06-05T01:00:00Z,2025-06-05,2025-06-05_3,0.0,100,100,0,26.934589864350077,27.232571603480512,0.0013470507246376813,0.086,0.4255,True,True,False,False,0.0,0.0,174.3047588907789,151.87507417223782,11.056608251908699,-22.843840836267255,314.39260047865815
2025-06-05T01:00:00Z,2025-06-05T01:15:00Z,2025-06-05,2025-06-05_4,0.0,100,100,0,27.232571603480512,27.455758560002252,0.0006833695652173913,0.0105,0.255,True,True,False,False,0.0,0.0,174.3047588907789,151.48937853554338,1.3499347284307133,-14.749024882313382,312.3950472724396
2025-06-05T01:15:00Z,2025-06-05T01:30:00Z,2025-06-05,2025-06-05_4,0.0,100,100,0,27.455758560002252,27.404520299132685,0.00044643961352657007,0.0975,0.05949999999999999,True,True,False,False,0.0,0.0,174.3047588907789,151.48937853554338,12.53510819257091,-4.306930060524546,334.02231555836863
2025-06-05T01:30:00Z,2025-06-05T01:45:00Z,2025-06-05,2025-06-05_4,0.0,100,100,0,27.404520299132685,26.24688638608921,0.0035325386473429947,1.1175,0.062,True,True,False,False,0.0,0.0,174.3047588907789,151.48937853554338,181.53904426599155,-3.6229617469045454,503.7102199454093
2025-06-05T01:45:00Z,2025-06-05T02:00:00Z,2025-06-05,2025-06-05_4,0.0,100,100,0,26.24688638608921,24.94232986435008,0.004428768115942028,1.3335,0.1575,True,True,False,False,0.0,0.0,174.3047588907789,151.48937853554338,228.04991702598997,-8.628014359745244,545.216040092567
2025-06-05T02:00:00Z,2025-06-05T02:15:00Z,2025-06-05,2025-06-05_5,0.0,100,100,0,24.94232986435008,24.07691856000225,0.0026926980676328497,0.844,0.056499999999999995,True,True,False,False,0.0,0.0,174.3047588907789,151.87507417223782,118.22560623442385,-3.6241557221409075,440.78128357529965
2025-06-05T02:15:00Z,2025-06-05T02:30:00Z,2025-06-05,2025-06-05_5,0.0,100,100,0,24.07691856000225,23.046350733915293,0.004314243961352656,1.1885,0.284,True,True,False,False,0.0,0.0,174.3047588907789,151.87507417223782,197.4513692195103,-15.793350211638117,507.8378520708889
2025-06-05T02:30:00Z,2025-06-05T02:45:00Z,2025-06-05,2025-06-05_5,0.0,100,100,0,23.046350733915293,25.063890733915294,0.006020944444444444,0.069,2.2745,True,True,False,False,0.0,0.0,174.3047588907789,151.87507417223782,8.87099964397326,-87.83939228213143,247.21144042485855
2025-06-05T02:45:00Z,2025-06-05T03:00:00Z,2025-06-05,2025-06-05_5,0.0,100,100,0,25.063890733915294,36.17335073391529,0.030859611111111112,0.0,12.0755,True,True,False,False,0.0,0.0,174.3047588907789,151.87507417223782,0.0,-296.9505842794415,29.22924878357523
2025-06-05T03:00:00Z,2025-06-05T03:15:00Z,2025-06-05,2025-06-05_6,0.0,100,100,0,36.17335073391529,47.66231073391529,0.03191377777777778,0.0,12.488,True,True,False,False,0.0,0.0,174.3047588907789,151.48937853554338,0.0,-330.2485414771154,-4.4544040507931015
2025-06-05T03:15:00Z,2025-06-05T03:30:00Z,2025-06-05,2025-06-05_6,0.0,100,100,0,47.66231073391529,58.627330733915294,0.030458388888888892,0.0,11.9185,True,True,False,False,0.0,0.0,174.3047588907789,151.48937853554338,0.0,-300.3222489022509,25.471888524071375
2025-06-05T03:30:00Z,2025-06-05T03:45:00Z,2025-06-05,2025-06-05_6,0.0,100,100,0,58.627330733915294,68.9672107339153,0.02872188888888889,0.0,11.239,True,True,False,False,0.0,0.0,174.3047588907789,151.48937853554338,0.0,-332.79959887653786,-7.005461450215563
2025-06-05T03:45:00Z,2025-06-05T04:00:00Z,2025-06-05,2025-06-05_6,0.0,100,100,0,68.9672107339153,72.7557707339153,0.01052377777777778,0.0,4.118,True,True,False,False,0.0,0.0,174.3047588907789,151.48937853554338,0.0,-172.29738715930222,153.49675026702008
2025-06-05T04:00:00Z,2025-06-05T04:15:00Z,2025-06-05,2025-06-05_7,0.0,100,100,0,72.7557707339153,77.39370029913269,0.012892195652173914,0.0015,5.043,True,True,False,False,0.0,0.0,174.06740772973617,151.87507417223782,0.19284781834724476,-178.49095929427588,147.64437042604536
2025-06-05T04:15:00Z,2025-06-05T04:30:00Z,2025-06-05,2025-06-05_7,0.0,100,100,0,77.39370029913269,77.44355942956747,0.0003649468599033817,0.0375,0.0985,True,True,False,False,0.0,0.0,174.06740772973617,151.87507417223782,4.821195458681118,-7.046360121049093,323.717317239606
2025-06-05T04:30:00Z,2025-06-05T04:45:00Z,2025-06-05,2025-06-05_7,0.0,100,100,0,77.44355942956747,77.41519334261096,0.000464683574879227,0.09,0.0755,True,True,False,False,0.0,0.0,174.06740772973617,151.87507417223782,11.570869100834685,-5.43237717077416,332.0809738320345
2025-06-05T04:45:00Z,2025-06-05T05:00:00Z,2025-06-05,2025-06-05_7,0.0,100,100,0,77.41519334261096,77.38733856000226,0.0006472632850241546,0.12,0.11150000000000002,True,True,False,False,0.0,0.0,174.06740772973617,151.87507417223782,15.427825467779579,-7.105693559871832,334.2646138098817
2025-06-05T05:00:00Z,2025-06-05T05:15:00Z,2025-06-05,2025-06-05_8,52.74251188117439,47,100,0,77.38733856000226,63.54638882904086,0.03974535080126833,0.04653,0.5375,True,True,False,False,1684.8595420441159,0.0,81.81168163297599,151.87507417223782,5.9821393251315325,-30.404715870880967,1894.1237213035802
2025-06-05T05:15:00Z,2025-06-05T05:30:00Z,2025-06-05,2025-06-05_8,52.74251188117439,47,100,0,63.54638882904086,50.605303260878564,0.03928068807354309,0.0,1.38,True,True,False,False,1684.8595420441159,0.0,81.81168163297599,151.87507417223782,0.0,-83.04320186716245,1835.5030959821672
2025-06-05T05:30:00Z,2025-06-05T05:45:00Z,2025-06-05,2025-06-05_8,52.74251188117439,47,100,0,50.605303260878564,37.49940036286433,0.03934359891408551,0.0,1.2165,True,True,False,False,1684.8595420441159,0.0,81.81168163297599,151.87507417223782,0.0,-68.91302385379169,1849.633273995538
2025-06-05T05:45:00Z,2025-06-05T06:00:00Z,2025-06-05,2025-06-05_8,52.74251188117439,47,100,0,37.49940036286433,23.710283478260905,0.03974025517924536,0.05217,0.595,True,True,False,False,1684.8595420441159,0.0,81.81168163297599,151.87507417223782,6.707247122117173,-34.7432078009415,1890.5103371705054
2025-06-05T06:00:00Z,2025-06-05T06:15:00Z,2025-06-05,2025-06-05_9,0.0,100,100,0,23.710283478260905,10.000000000000036,0.03809945410628019,12.616,0.003,True,True,False,False,0.0,0.0,174.06740772973617,151.87507417223782,11448.834096285456,-0.23141738201669373,11774.545160805414
2025-06-05T06:15:00Z,2025-06-05T06:30:00Z,2025-06-05,2025-06-05_9,0.0,100,100,0,10.000000000000036,13.533407826086991,0.011040867149758455,0.203,4.0805,True,True,False,False,0.0,0.0,174.06740772973617,151.87507417223782,29.52429783614859,-149.25567961549112,206.21110012263148
2025-06-05T06:30:00Z,2025-06-05T06:45:00Z,2025-06-05,2025-06-05_9,0.0,100,100,0,13.533407826086991,17.629247826086992,0.011377333333333333,0.0,4.452,True,True,False,False,0.0,0.0,174.06740772973617,151.87507417223782,0.0,-137.85895644606197,188.08352545591202
2025-06-05T06:45:00Z,2025-06-05T07:00:00Z,2025-06-05,2025-06-05_9,0.0,100,100,0,17.629247826086992,37.955727826087,0.056462444444444454,0.0,22.094,True,True,False,False,0.0,0.0,174.06740772973617,151.87507417223782,0.0,5296.022434431742,5621.964916333716
2025-06-05T07:00:00Z,2025-06-05T07:15:00Z,2025-06-05,2025-06-05_10,36.73285283037408,63,100,0,37.955727826087,32.24961997120823,0.029939330896919632,0.0,4.357,True,True,False,False,730.1572821357607,0.0,109.66246686973378,151.87507417223782,0.0,-68.13424858578267,923.5605745919497
2025-06-05T07:15:00Z,2025-06-05T07:30:00Z,2025-06-05,2025-06-05_10,36.73285283037408,63,100,0,32.24961997120823,27.65486595562892,0.030514350267534126,0.0,5.4895,True,True,False,False,730.1572821357607,0.0,109.66246686973378,151.87507417223782,0.0,-26.371489378535543,965.3233337991968
2025-06-05T07:30:00Z,2025-06-05T07:45:00Z,2025-06-05,2025-06-05_10,36.73285283037408,63,100,0,27.65486595562892,26.465810394167697,0.0322764736456512,0.0,8.96,True,True,False,False,730.1572821357607,0.0,109.66246686973378,151.87507417223782,0.0,-83.47697298152619,908.2178501962062
2025-06-05T07:45:00Z,2025-06-05T08:00:00Z,2025-06-05,2025-06-05_10,36.73285283037408,63,100,0,26.465810394167697,19.819590417391478,0.02945291274500026,0.0,3.399,True,True,False,False,730.1572821357607,0.0,109.66246686973378,151.87507417223782,0.0,-105.34762095019583,886.3472022275365
2025-06-05T08:00:00Z,2025-06-05T08:15:00Z,2025-06-05,2025-06-05_11,0.0,100,100,0,19.819590417391478,18.58788259130452,0.004658299516908212,1.338,0.242,True,True,False,False,0.0,0.0,173.56303651252028,152.1717631235413,145.5555995094743,-10.440970766248665,460.8494283792872
2025-06-05T08:15:00Z,2025-06-05T08:30:00Z,2025-06-05,2025-06-05_11,0.0,100,100,0,18.58788259130452,10.831904330434956,0.021544384057971013,7.1355,0.0,True,True,False,False,0.0,0.0,173.56303651252028,152.1717631235413,2620.4466766881606,0.0,2946.1814763242223
2025-06-05T08:30:00Z,2025-06-05T08:45:00Z,2025-06-05,2025-06-05_11,0.0,100,100,0,10.831904330434956,10.852921721739303,0.0005293961352657005,0.078,0.11499999999999999,True,True,False,False,0.0,0.0,173.56303651252028,152.1717631235413,8.48530400727877,-7.033610902329997,327.18649274101034
2025-06-05T08:45:00Z,2025-06-05T09:00:00Z,2025-06-05,2025-06-05_11,0.0,100,100,0,10.852921721739303,10.243559982608868,0.0017463381642512077,0.5695,0.0105,True,True,False,False,0.0,0.0,173.56303651252028,152.1717631235413,61.953597848016145,-0.809960837058428,386.87843664701927
2025-06-05T09:00:00Z,2025-06-05T09:15:00Z,2025-06-05,2025-06-05_12,-4.684472982403133e-14,100,100,0,10.243559982608868,10.094862591304532,0.001338159420289884,0.29,0.181,True,True,False,False,-5.734966048707035e-13,0.0,173.56303651252028,152.97282329206064,31.54792515526722,-8.643736302860082,349.44004865698747
2025-06-05T09:15:00Z,2025-06-05T09:30:00Z,2025-06-05,2025-06-05_12,-4.684472982403133e-14,100,100,0,10.094862591304532,10.082901721739326,0.0007487801932367445,0.1295,0.14,True,True,False,False,-5.734966048707035e-13,0.0,173.56303651252028,152.97282329206064,14.087780371058983,-8.07191740179596,332.5517227738434
2025-06-05T09:30:00Z,2025-06-05T09:45:00Z,2025-06-05,2025-06-05_12,-4.684472982403133e-14,100,100,0,10.082901721739326,10.21531737391325,0.0007361787439613825,0.061,0.216,True,True,False,False,-5.734966048707035e-13,0.0,173.56303651252028,152.97282329206064,6.635942877487243,-11.781010324775506,321.39079235729207
2025-06-05T09:45:00Z,2025-06-05T10:00:00Z,2025-06-05,2025-06-05_12,-4.684472982403133e-14,100,100,0,10.21531737391325,10.046186939130651,0.000789251207729498,0.20850000000000002,0.0625,True,True,False,False,-5.734966048707035e-13,0.0,173.56303651252028,152.97282329206064,22.68187032714902,-4.111119901894853,345.10661022983453
2025-06-05T10:00:00Z,2025-06-05T10:15:00Z,2025-06-05,2025-06-05_13,5.1579934912004485e-15,100,100,0,10.046186939130651,12.73563998260891,0.007476741545893725,0.001,2.9245,True,True,False,False,2.631866178885029e-14,0.0,173.56303651252028,152.61679655049647,0.10878594881126628,-100.18717601566519,226.10144299616286
2025-06-05T10:15:00Z,2025-06-05T10:30:00Z,2025-06-05,2025-06-05_13,5.1579934912004485e-15,100,100,0,12.73563998260891,19.993059982608912,0.020159500000000004,0.0,7.8885,True,True,False,False,2.631866178885029e-14,0.0,173.56303651252028,152.61679655049647,0.0,160.60504183314217,486.78487489615895
2025-06-05T10:30:00Z,2025-06-05T10:45:00Z,2025-06-05,2025-06-05_13,5.1579934912004485e-15,100,100,0,19.993059982608912,22.43979998260891,0.006796500000000004,0.0,2.6595,True,True,False,False,2.631866178885029e-14,0.0,173.56303651252028,152.61679655049647,0.0,-84.13947228925196,242.04036077376483
2025-06-05T10:45:00Z,2025-06-05T11:00:00Z,2025-06-05,2025-06-05_13,5.1579934912004485e-15,100,100,0,22.43979998260891,23.491549547826303,0.0033472512077294724,0.0705,1.2265,True,True,False,False,2.631866178885029e-14,0.0,173.56303651252028,152.61679655049647,7.6694093911942725,-46.971034554373205,286.87820789983783
2025-06-05T11:00:00Z,2025-06-05T11:15:00Z,2025-06-05,2025-06-05_14,0.0,100,100,0,23.491549547826303,39.4052495478263,0.04420472222222222,0.0,17.2975,True,True,False,False,0.0,0.0,173.56303651252028,152.61679655049647,0.0,15312.11253362475,15638.292366687767
2025-06-05T11:15:00Z,2025-06-05T11:30:00Z,2025-06-05,2025-06-05_14,0.0,100,100,0,39.4052495478263,53.0916295478263,0.038017722222222224,0.0,14.8765,True,True,False,False,0.0,0.0,173.56303651252028,152.61679655049647,0.0,5517.916829779659,5844.096662842676
2025-06-05T11:30:00Z,2025-06-05T11:45:00Z,2025-06-05,2025-06-05_14,0.0,100,100,0,53.0916295478263,56.9335495478263,0.010672000000000001,0.0,4.176,True,True,False,False,0.0,0.0,173.56303651252028,152.61679655049647,0.0,95.4413987895091,421.62123185252585
2025-06-05T11:45:00Z,2025-06-05T12:00:00Z,2025-06-05,2025-06-05_14,0.0,100,100,0,56.9335495478263,58.164802591304564,0.0034261859903381643,0.001,1.3395,True,True,False,False,0.0,0.0,173.56303651252028,152.61679655049647,0.10878594881126628,-41.698620693065386,284.58999831876264
2025-06-05T12:00:00Z,2025-06-05T12:15:00Z,2025-06-05,2025-06-05_15,-100.00000000000006,0,0,0,58.164802591304564,81.16480259130458,0.06388888888888893,0.0,0.0,True,False,False,False,-213.0000000000001,0.0,0.0,0.0,0.0,0.0,-213.0000000000001
2025-06-05T12:15:00Z,2025-06-05T12:30:00Z,2025-06-05,2025-06-05_15,-100.00000000000006,0,0,0,81.16480259130458,104.16480259130459,0.06388888888888893,0.0,0.0,True,False,False,False,-213.0000000000001,0.0,0.0,0.0,0.0,0.0,-213.0000000000001
2025-06-05T12:30:00Z,2025-06-05T12:45:00Z,2025-06-05,2025-06-05_15,-100.00000000000006,0,0,0,104.16480259130459,127.1648025913046,0.06388888888888893,0.0,0.0,True,False,False,False,-213.0000000000001,0.0,0.0,0.0,0.0,0.0,-213.0000000000001
2025-06-05T12:45:00Z,2025-06-05T13:00:00Z,2025-06-05,2025-06-05_15,-100.00000000000006,0,0,0,127.1648025913046,150.16480259130464,0.06388888888888893,0.0,0.0,True,False,False,False,-213.0000000000001,0.0,0.0,0.0,0.0,0.0,-213.0000000000001
2025-06-05T13:00:00Z,2025-06-05T13:15:00Z,2025-06-05,2025-06-05_16,-62.00000000000004,100,38,0,150.16480259130464,155.10569219130466,0.035469137777777784,9.476,0.0,True,True,False,False,-364.87000000000023,0.0,173.56303651252028,57.99438268918866,2974.490872265517,0.0,2841.1782914672253
2025-06-05T13:15:00Z,2025-06-05T13:30:00Z,2025-06-05,2025-06-05_16,-62.00000000000004,100,38,0,155.10569219130466,158.27933386086988,0.03468366647342995,11.273,0.0,True,True,False,False,-364.87000000000023,0.0,173.56303651252028,57.99438268918866,3614.9878596859057,0.0,3481.6752788876142
2025-06-05T13:30:00Z,2025-06-05T13:45:00Z,2025-06-05,2025-06-05_16,-62.00000000000004,100,38,0,158.27933386086988,170.2646290956525,0.038600095458937216,2.313,0.0,True,True,False,False,-364.87000000000023,0.0,173.56303651252028,57.99438268918866,254.1340011471973,0.0,120.821420348906
2025-06-05T13:45:00Z,2025-06-05T14:00:00Z,2025-06-05,2025-06-05_16,-62.00000000000004,100,38,0,170.2646290956525,183.85312765217427,0.03951617956521742,0.7715,0.09480999999999999,True,True,False,False,-364.87000000000023,0.0,173.56303651252028,57.99438268918866,83.92835950789193,-3.7894370702955027,-53.173658360694866
2025-06-05T14:00:00Z,2025-06-05T14:15:00Z,2025-06-05,2025-06-05_17,0.0,100,100,0,183.85312765217427,189.72378243478295,0.01648551449275363,0.029499999999999995,6.416000000000001,True,True,False,False,0.0,0.0,173.56303651252028,151.87507417223782,3.209185489932355,-6.756355868507459,321.890940306183
2025-06-05T14:15:00Z,2025-06-05T14:30:00Z,2025-06-05,2025-06-05_17,0.0,100,100,0,189.72378243478295,189.8060954782612,0.000512463768115942,0.047,0.145,True,True,False,False,0.0,0.0,173.56303651252028,151.87507417223782,5.112939594129515,-8.993424383875945,321.55762589501165
2025-06-05T14:30:00Z,2025-06-05T14:45:00Z,2025-06-05,2025-06-05_17,0.0,100,100,0,189.8060954782612,182.5621659130438,0.020285582125603868,6.6915000000000004,0.032,True,True,False,False,0.0,0.0,173.56303651252028,151.87507417223782,1128.4239705882355,-1.6576984849084222,1452.2043827880852
2025-06-05T14:45:00Z,2025-06-05T15:00:00Z,2025-06-05,2025-06-05_17,0.0,100,100,0,182.5621659130438,166.8371659130438,0.04368055555555555,14.466999999999999,0.0,True,True,False,False,0.0,0.0,173.56303651252028,151.87507417223782,5674.902370544721,0.0,6000.340481229478
2025-06-05T15:00:00Z,2025-06-05T15:15:00Z,2025-06-05,2025-06-05_18,-45.0,100,55,0,166.8371659130438,180.2203996956525,0.037496150603864735,0.0965,3.403125,True,True,False,False,-1111.95,0.0,174.3047588907789,83.5312907947308,16.805349598480955,-96.75327099568814,-934.0618717116976
2025-06-05T15:15:00Z,2025-06-05T15:30:00Z,2025-06-05,2025-06-05_18,-45.0,100,55,0,180.2203996956525,190.00000000000034,0.029367549154589376,0.663,0.10917500000000001,True,True,False,False,-1111.95,0.0,174.3047588907789,83.5312907947308,99.03088769334231,-6.426528783773094,-761.5095914049211
2025-06-05T15:30:00Z,2025-06-05T15:45:00Z,2025-06-05,2025-06-05_18,-45.0,100,55,0,190.00000000000034,189.18955826086992,0.03438222705314009,11.03,0.0,True,True,False,False,-1111.95,0.0,174.3047588907789,83.5312907947308,3258.472922188377,0.0,2404.3589718738867
2025-06-05T15:45:00Z,2025-06-05T16:00:00Z,2025-06-05,2025-06-05_18,-45.0,100,55,0,189.18955826086992,180.77625530434818,0.03821908599033816,18.544,0.0,True,True,False,False,-1111.95,0.0,174.3047588907789,83.5312907947308,14122.493171407099,0.0,13268.37922109261
2025-06-05T16:00:00Z,2025-06-05T16:15:00Z,2025-06-05,2025-06-05_19,0.0,100,100,0,180.77625530434818,179.79375443478295,0.0031917246376811596,0.9805000000000001,0.0905,True,True,False,False,0.0,0.0,174.06740772973617,151.87507417223782,169.92682879069588,-6.5939089758297404,489.2754017168401
2025-06-05T16:15:00Z,2025-06-05T16:30:00Z,2025-06-05,2025-06-05_19,0.0,100,100,0,179.79375443478295,180.5858013913047,0.0024024251207729465,0.0335,0.9004999999999999,True,True,False,False,0.0,0.0,174.06740772973617,151.87507417223782,4.4305568851615975,-58.46054264409194,271.91249614304365
2025-06-05T16:30:00Z,2025-06-05T16:45:00Z,2025-06-05,2025-06-05_19,0.0,100,100,0,180.5858013913047,183.20245008695687,0.007295642512077294,0.0045,2.8495,True,True,False,False,0.0,0.0,174.06740772973617,151.87507417223782,0.5785434550417342,-154.2685415760117,172.25248378100403
2025-06-05T16:45:00Z,2025-06-05T17:00:00Z,2025-06-05,2025-06-05_19,0.0,100,100,0,183.20245008695687,183.60324486956557,0.0012914589371980675,0.029499999999999995,0.4705,True,True,False,False,0.0,0.0,174.06740772973617,151.87507417223782,3.8223441394042483,-29.467251770244076,300.2975742711342
2025-06-05T17:00:00Z,2025-06-05T17:15:00Z,2025-06-05,2025-06-05_20,56.578135811767936,43,100,0,183.60324486956557,175.02056708504497,0.0386992510837237,0.0,6.695000000000001,True,True,False,False,2482.5071540808476,0.0,74.95104632303494,151.48937853554338,0.0,-301.5226294552792,2407.424949484147
2025-06-05T17:15:00Z,2025-06-05T17:30:00Z,2025-06-05,2025-06-05_20,56.578135811767936,43,100,0,175.02056708504497,164.26034900525627,0.03998416140604417,0.0,4.5485,True,True,False,False,2482.5071540808476,0.0,74.95104632303494,151.48937853554338,0.0,-211.85998585782667,2497.087593081599
2025-06-05T17:30:00Z,2025-06-05T17:45:00Z,2025-06-05,2025-06-05_20,56.578135811767936,43,100,0,164.26034900525627,149.03792655060784,0.04264071084435873,0.00989,0.1605,True,True,False,False,2482.5071540808476,0.0,74.95104632303494,151.48937853554338,1.2778890165750225,-12.033817496736422,2698.1916504592646
2025-06-05T17:45:00Z,2025-06-05T18:00:00Z,2025-06-05,2025-06-05_20,56.578135811767936,43,100,0,149.03792655060784,133.77208434782642,0.04272359248051116,0.03397,0.1435,True,True,False,False,2482.5071540808476,0.0,74.95104632303494,151.48937853554338,4.881915926262906,-10.802747438585387,2703.0267474271036
2025-06-05T18:00:00Z,2025-06-05T18:15:00Z,2025-06-05,2025-06-05_21,100.0,0,100,0,133.77208434782642,106.61175826086989,0.0754453502415459,0.0,0.0125,True,True,False,False,6562.75,0.0,0.0,151.87507417223782,0.0,-0.9212191937972231,6713.70385497844
2025-06-05T18:15:00Z,2025-06-05T18:30:00Z,2025-06-05,2025-06-05_21,100.0,0,100,0,106.61175826086989,79.67262782608728,0.07483091787439614,0.0,0.216,True,True,False,False,6562.75,0.0,0.0,151.87507417223782,0.0,-15.982325250207683,6698.6427489220305
2025-06-05T18:30:00Z,2025-06-05T18:45:00Z,2025-06-05,2025-06-05_21,100.0,0,100,0,79.67262782608728,52.49871478260903,0.07548309178743962,0.0,0.0,True,True,False,False,6562.75,0.0,0.0,151.87507417223782,0.0,0.0,6714.625074172238
2025-06-05T18:45:00Z,2025-06-05T19:00:00Z,2025-06-05,2025-06-05_21,100.0,0,100,0,52.49871478260903,25.412845217391638,0.0752385265700483,0.0,0.081,True,True,False,False,6562.75,0.0,0.0,151.87507417223782,0.0,-6.096260136872504,6708.528814035365
2025-06-05T19:00:00Z,2025-06-05T19:15:00Z,2025-06-05,2025-06-05_22,0.0,100,100,0,25.412845217391638,23.820203478261206,0.00443167149758454,1.4665,0.0015,True,True,False,False,0.0,0.0,174.3047588907789,151.48937853554338,255.31568337355114,-0.11570869100834687,580.9941121088651
2025-06-05T19:15:00Z,2025-06-05T19:30:00Z,2025-06-05,2025-06-05_22,0.0,100,100,0,23.820203478261206,13.044660000000336,0.029932065217391304,9.9135,0.0,True,True,False,False,0.0,0.0,174.3047588907789,151.48937853554338,5139.080516337673,0.0,5464.8746537639945
2025-06-05T19:30:00Z,2025-06-05T19:45:00Z,2025-06-05,2025-06-05_22,0.0,100,100,0,13.044660000000336,10.000000000000336,0.010639833333333334,3.1625,0.42699999999999994,True,True,False,False,0.0,0.0,174.3047588907789,151.48937853554338,653.8633574310694,-26.54734285375212,953.1101520036395
2025-06-05T19:45:00Z,2025-06-05T20:00:00Z,2025-06-05,2025-06-05_22,0.0,100,100,0,10.000000000000336,25.62390000000034,0.04339972222222223,0.0,16.9825,True,True,False,False,0.0,0.0,174.3047588907789,151.48937853554338,0.0,-160.09393815024333,165.70019927607896
2025-06-05T20:00:00Z,2025-06-05T20:15:00Z,2025-06-05,2025-06-05_23,32.45308936993941,67,100,0,25.62390000000034,20.871850766363448,0.027612170768500977,0.0,4.1745,True,True,False,False,962.8831616061025,0.0,116.62516317892322,151.48937853554338,0.0,-186.16314777087703,1044.8345555496921
2025-06-05T20:15:00Z,2025-06-05T20:30:00Z,2025-06-05,2025-06-05_23,32.45308936993941,67,100,0,20.871850766363448,16.343376427770007,0.027783454655070886,0.0,4.404,True,True,False,False,962.8831616061025,0.0,116.62516317892322,151.48937853554338,0.0,-183.80545828553346,1047.1922450350355
2025-06-05T20:30:00Z,2025-06-05T20:45:00Z,2025-06-05,2025-06-05_23,32.45308936993941,67,100,0,16.343376427770007,10.000000000000306,0.02639303251703279,0.0,2.541,True,True,False,False,962.8831616061025,0.0,116.62516317892322,151.48937853554338,0.0,-127.88882451837495,1103.108878802194
2025-06-05T20:45:00Z,2025-06-05T21:00:00Z,2025-06-05,2025-06-05_23,32.45308936993941,67,100,0,10.000000000000306,23.86896310321774,0.04187799146497393,0.0,23.289,True,True,False,False,962.8831616061025,0.0,116.62516317892322,151.48937853554338,0.0,7901.363751730688,9132.361455051258
2025-06-05T21:00:00Z,2025-06-05T21:15:00Z,2025-06-06,2025-06-05_24,0.0,100,100,0,23.86896310321774,26.816643103217743,0.008188,0.0,3.2039999999999997,True,True,False,False,0.0,0.0,173.6351583987969,150.3057166036765,0.0,-122.3564469596533,201.5844280428201
2025-06-05T21:15:00Z,2025-06-05T21:30:00Z,2025-06-06,2025-06-05_24,0.0,100,100,0,26.816643103217743,28.18464745104383,0.003917765700483092,0.0195,1.51,True,True,False,False,0.0,0.0,173.6351583987969,150.3057166036765,2.5080633990937335,-79.01647110038189,247.43246730118526
2025-06-05T21:30:00Z,2025-06-05T21:45:00Z,2025-06-06,2025-06-05_24,0.0,100,100,0,28.18464745104383,28.832915277130788,0.0018460338164251208,0.0075,0.7135,True,True,False,False,0.0,0.0,173.6351583987969,150.3057166036765,0.9646397688822052,-43.73178829372539,281.1737264776302
2025-06-05T21:45:00Z,2025-06-05T22:00:00Z,2025-06-06,2025-06-05_24,0.0,100,100,0,28.832915277130788,32.155035277130786,0.009228111111111112,0.0,3.611,True,True,False,False,0.0,0.0,173.6351583987969,150.3057166036765,0.0,-69.4554989413697,254.4853760611037
2025-06-05T22:00:00Z,2025-06-05T22:15:00Z,2025-06-06,2025-06-06_1,0.0,100,100,0,32.155035277130786,38.43311527713079,0.01743911111111111,0.0,6.824,True,True,False,False,0.0,0.0,174.0210143063498,150.3057166036765,0.0,-168.61303678492985,155.71369412509645
2025-06-05T22:15:00Z,2025-06-05T22:30:00Z,2025-06-06,2025-06-06_1,0.0,100,100,0,38.43311527713079,38.827969190174265,0.0012236280193236714,0.021,0.45399999999999996,True,True,False,False,0.0,0.0,174.0210143063498,150.3057166036765,2.7009913528701746,-27.334865939806477,299.69285632309
2025-06-05T22:30:00Z,2025-06-05T22:45:00Z,2025-06-06,2025-06-06_1,0.0,100,100,0,38.827969190174265,43.652996146696005,0.013466258454106279,0.0105,5.257,True,True,False,False,0.0,0.0,174.0210143063498,150.3057166036765,1.3504956764350873,-168.22982527653005,157.44740130993134
2025-06-05T22:45:00Z,2025-06-05T23:00:00Z,2025-06-06,2025-06-06_1,0.0,100,100,0,43.652996146696005,45.33644832060905,0.005047632850241546,0.0615,1.9025,True,True,False,False,0.0,0.0,174.0210143063498,150.3057166036765,7.910046104834082,-82.74032243702634,249.49645457783404
2025-06-05T23:00:00Z,2025-06-05T23:15:00Z,2025-06-06,2025-06-06_2,43.00000000000003,57,100,0,45.33644832060905,33.50559268582643,0.03298584787439616,0.17270999999999997,0.042,True,True,False,False,1292.1500000000008,0.0,99.19197815461938,150.3057166036765,22.213724597819418,-3.232288818093674,1560.6291305380223
2025-06-05T23:15:00Z,2025-06-05T23:30:00Z,2025-06-06,2025-06-06_2,43.00000000000003,57,100,0,33.50559268582643,23.00916704234816,0.03267750123188408,0.009405,1.2085,True,True,False,False,1292.1500000000008,0.0,99.19197815461938,150.3057166036765,1.2096582701782852,-67.59297346498604,1475.264379563489
2025-06-05T23:30:00Z,2025-06-05T23:45:00Z,2025-06-06,2025-06-06_2,43.00000000000003,57,100,0,23.00916704234816,14.776809964087285,0.033008971884057985,0.0,3.481,True,True,False,False,1292.1500000000008,0.0,99.19197815461938,150.3057166036765,0.0,-154.42464590300176,1387.2230488552948
2025-06-05T23:45:00Z,2025-06-06T00:00:00Z,2025-06-06,2025-06-06_2,43.00000000000003,57,100,0,14.776809964087285,10.311276259739452,0.03361041362318842,0.0,7.278999999999999,True,True,False,False,1292.1500000000008,0.0,99.19197815461938,150.3057166036765,0.0,-304.12153728951057,1237.526157468786
2025-06-06T00:00:00Z,2025-06-06T00:15:00Z,2025-06-06,2025-06-06_3,0.0,100,100,0,10.311276259739452,12.988016259739453,0.007435388888888889,0.0,2.9095,True,True,False,False,0.0,0.0,173.6351583987969,150.3057166036765,0.0,-126.01692354116787,197.92395146130553
2025-06-06T00:15:00Z,2025-06-06T00:30:00Z,2025-06-06,2025-06-06_3,0.0,100,100,0,12.988016259739453,25.21481625973945,0.03396333333333333,0.0,13.29,True,True,False,False,0.0,0.0,173.6351583987969,150.3057166036765,0.0,-285.1681560045115,38.7727189979619
2025-06-06T00:30:00Z,2025-06-06T00:45:00Z,2025-06-06,2025-06-06_3,0.0,100,100,0,25.21481625973945,27.247515390174232,0.005664502415458937,0.003,2.213,True,True,False,False,0.0,0.0,173.6351583987969,150.3057166036765,0.38585590755288207,-98.68577853849655,225.64095237152975
2025-06-06T00:45:00Z,2025-06-06T01:00:00Z,2025-06-06,2025-06-06_3,0.0,100,100,0,27.247515390174232,32.73163539017423,0.01523366666666667,0.0,5.961,True,True,False,False,0.0,0.0,173.6351583987969,150.3057166036765,0.0,-232.4267467400123,91.5141282624611
2025-06-06T01:00:00Z,2025-06-06T01:15:00Z,2025-06-06,2025-06-06_4,0.0,100,100,0,32.73163539017423,33.95845539017424,0.0034078333333333335,0.0,1.3335,True,True,False,False,0.0,0.0,174.0210143063498,150.3057166036765,0.0,-72.52095296515424,251.80577794487206
2025-06-06T01:15:00Z,2025-06-06T01:30:00Z,2025-06-06,2025-06-06_4,0.0,100,100,0,33.95845539017424,38.879075390174236,0.013668388888888888,0.0,5.3485,True,True,False,False,0.0,0.0,174.0210143063498,150.3057166036765,0.0,-192.12245493400872,132.20427597601758
2025-06-06T01:30:00Z,2025-06-06T01:45:00Z,2025-06-06,2025-06-06_4,0.0,100,100,0,38.879075390174236,45.496635390174234,0.018382111111111113,0.0,7.193,True,True,False,False,0.0,0.0,174.0210143063498,150.3057166036765,0.0,-257.4290397134772,66.89769119654909
2025-06-06T01:45:00Z,2025-06-06T02:00:00Z,2025-06-06,2025-06-06_4,0.0,100,100,0,45.496635390174234,58.479675390174236,0.036064,0.0,14.112,True,True,False,False,0.0,0.0,174.0210143063498,150.3057166036765,0.0,-303.7220064507193,20.604724459307022
2025-06-06T02:00:00Z,2025-06-06T02:15:00Z,2025-06-06,2025-06-06_5,86.68829530085243,13,100,0,58.479675390174236,47.65779765269566,0.038198408855763935,0.0,11.9605,True,True,False,False,2351.420010035622,0.0,22.622731859825475,150.3057166036765,0.0,-259.061727249342,2265.286731249782
2025-06-06T02:15:00Z,2025-06-06T02:30:00Z,2025-06-06,2025-06-06_5,86.68829530085243,13,100,0,47.65779765269566,36.17631858829305,0.03960914182076226,0.0,11.341,True,True,False,False,2351.420010035622,0.0,22.622731859825475,150.3057166036765,0.0,-345.8985925163741,2178.44986598275
2025-06-06T02:30:00Z,2025-06-06T02:45:00Z,2025-06-06,2025-06-06_5,86.68829530085243,13,100,0,36.17631858829305,25.502438565814384,0.037881876358371244,0.0,12.0995,True,True,False,False,2351.420010035622,0.0,22.622731859825475,150.3057166036765,0.0,-197.34321131052496,2327.005247188599
2025-06-06T02:45:00Z,2025-06-06T03:00:00Z,2025-06-06,2025-06-06_5,86.68829530085243,13,100,0,25.502438565814384,9.999999999993474,0.048209033737333956,0.0,7.564500000000001,True,True,False,False,2351.420010035622,0.0,22.622731859825475,150.3057166036765,0.0,-211.38898480321348,2312.9594736959107
2025-06-06T03:00:00Z,2025-06-06T03:15:00Z,2025-06-06,2025-06-06_6,0.0,100,100,0,9.999999999993474,15.604179999993473,0.015567166666666668,0.0,6.0915,True,True,False,False,0.0,0.0,173.6351583987969,150.3057166036765,0.0,-197.145370124859,126.7955048776144
2025-06-06T03:15:00Z,2025-06-06T03:30:00Z,2025-06-06,2025-06-06_6,0.0,100,100,0,15.604179999993473,18.305299999993473,0.0075031111111111114,0.0,2.936,True,True,False,False,0.0,0.0,173.6351583987969,150.3057166036765,0.0,-117.57536379286464,206.36551120960877
2025-06-06T03:30:00Z,2025-06-06T03:45:00Z,2025-06-06,2025-06-06_6,0.0,100,100,0,18.305299999993473,18.324221739123907,0.0004329951690821256,0.063,0.095,True,True,False,False,0.0,0.0,173.6351583987969,150.3057166036765,8.102974058610524,-6.66629795991056,325.37755110117337
2025-06-06T03:45:00Z,2025-06-06T04:00:00Z,2025-06-06,2025-06-06_6,0.0,100,100,0,18.324221739123907,20.45163999999347,0.005945727053140097,0.006,2.3195,True,True,False,False,0.0,0.0,173.6351583987969,150.3057166036765,0.7717118151057641,-99.01190355581059,225.70068326176857
2025-06-06T04:00:00Z,2025-06-06T04:15:00Z,2025-06-06,2025-06-06_7,21.886422911774314,78,100,0,20.45163999999347,32.87843489710485,0.042172514513841096,0.0,19.209,True,True,False,False,589.2372208422439,0.0,135.43542355106158,150.12762926172903,0.0,11098.386784534103,11973.187058189138
2025-06-06T04:15:00Z,2025-06-06T04:30:00Z,2025-06-06,2025-06-06_7,21.886422911774314,78,100,0,32.87843489710485,31.1756872129995,0.022446447925997166,0.0,4.4375,True,True,False,False,589.2372208422439,0.0,135.43542355106158,150.12762926172903,0.0,-189.71219106793043,685.088082587104
2025-06-06T04:30:00Z,2025-06-06T04:45:00Z,2025-06-06,2025-06-06_7,21.886422911774314,78,100,0,31.1756872129995,26.75748324017819,0.01866074356194075,0.00117,1.6,True,True,False,False,589.2372208422439,0.0,135.43542355106158,150.12762926172903,0.150483803945624,-76.8802263687991,798.070531090181
2025-06-06T04:45:00Z,2025-06-06T05:00:00Z,2025-06-06,2025-06-06_7,21.886422911774314,78,100,0,26.75748324017819,20.763457878254055,0.017195042839274782,0.16302,0.1365,True,True,False,False,589.2372208422439,0.0,135.43542355106158,150.12762926172903,20.666447038803252,-9.014180501414804,886.4525401924229
2025-06-06T05:00:00Z,2025-06-06T05:15:00Z,2025-06-06,2025-06-06_8,0.0,100,100,0,20.763457878254055,17.272153530427968,0.009698067632850242,3.212,0.0,True,True,False,False,0.0,0.0,174.0210143063498,150.12762926172903,573.348705305024,0.0,897.4973488731029
2025-06-06T05:15:00Z,2025-06-06T05:30:00Z,2025-06-06,2025-06-06_8,0.0,100,100,0,17.272153530427968,14.70747961738449,0.0071240942028985505,2.3595,0.0,True,True,False,False,0.0,0.0,174.0210143063498,150.12762926172903,404.0110916754062,0.0,728.159735243485
2025-06-06T05:30:00Z,2025-06-06T05:45:00Z,2025-06-06,2025-06-06_8,0.0,100,100,0,14.70747961738449,22.352864834775797,0.02237848550724638,0.189,8.5335,True,True,False,False,0.0,0.0,174.0210143063498,150.12762926172903,29.71586223954726,-193.06036943229714,160.80413637532894
2025-06-06T05:45:00Z,2025-06-06T06:00:00Z,2025-06-06,2025-06-06_8,0.0,100,100,0,22.352864834775797,31.0689448347758,0.02421133333333333,0.0,9.474,True,True,False,False,0.0,0.0,174.0210143063498,150.12762926172903,0.0,-286.8557805172448,37.29286305083403
2025-06-06T06:00:00Z,2025-06-06T06:15:00Z,2025-06-06,2025-06-06_9,45.9999999999872,54,100,0,31.0689448347758,22.368746434779197,0.03468833777777084,0.0,3.8120000000000003,True,True,False,False,774.4099999997846,0.0,93.85915270000199,150.12762926172903,0.0,-110.74464570512696,907.6521362563888
2025-06-06T06:15:00Z,2025-06-06T06:30:00Z,2025-06-06,2025-06-06_9,45.9999999999872,54,100,0,22.368746434779197,10.000000000000057,0.03575142898549794,0.34236,0.505,True,True,False,False,774.4099999997846,0.0,93.85915270000199,150.12762926172903,37.259433682252606,-19.8390644478303,1035.8171511959379
2025-06-06T06:30:00Z,2025-06-06T06:45:00Z,2025-06-06,2025-06-06_9,45.9999999999872,54,100,0,10.000000000000057,10.129456000003266,0.03460959999999938,0.0,12.67,True,True,False,False,774.4099999997846,0.0,93.85915270000199,150.12762926172903,0.0,7035.915220531491,8054.312002493007
2025-06-06T06:45:00Z,2025-06-06T07:00:00Z,2025-06-06,2025-06-06_9,45.9999999999872,54,100,0,10.129456000003266,19.677675200006274,0.03452560888889501,0.0,22.119,True,True,False,False,774.4099999997846,0.0,93.85915270000199,150.12762926172903,0.0,13814.459374913431,14832.856156874946
2025-06-06T07:00:00Z,2025-06-06T07:15:00Z,2025-06-06,2025-06-06_10,0.0,100,100,0,19.677675200006274,20.55550998261497,0.006991570048309179,0.754,1.8450000000000002,True,True,False,False,0.0,0.0,173.45707105684943,150.3057166036765,81.79207353028474,-43.77516868828779,361.7796925025229
2025-06-06T07:15:00Z,2025-06-06T07:30:00Z,2025-06-06,2025-06-06_10,0.0,100,100,0,20.55550998261497,21.038308243484536,0.0022801159420289857,0.1555,0.7085,True,True,False,False,0.0,0.0,173.45707105684943,150.3057166036765,16.287853453905058,-27.76478273344282,312.28585838098815
2025-06-06T07:30:00Z,2025-06-06T07:45:00Z,2025-06-06,2025-06-06_10,0.0,100,100,0,21.038308243484536,24.403208243484535,0.009346944444444446,0.0,3.6575,True,True,False,False,0.0,0.0,173.45707105684943,150.3057166036765,0.0,-42.097038308566006,281.6657493519599
2025-06-06T07:45:00Z,2025-06-06T08:00:00Z,2025-06-06,2025-06-06_10,0.0,100,100,0,24.403208243484535,35.46804824348453,0.030735666666666668,0.0,12.027,True,True,False,False,0.0,0.0,173.45707105684943,150.3057166036765,0.0,2297.7955112096083,2621.5582988701344
2025-06-06T08:00:00Z,2025-06-06T08:15:00Z,2025-06-06,2025-06-06_11,-100.0,100,0,0,35.46804824348453,58.46804824348453,0.06388888888888888,0.0,0.0,True,True,False,False,-1.0,0.0,173.27898371490198,0.0,0.0,0.0,172.27898371490198
2025-06-06T08:15:00Z,2025-06-06T08:30:00Z,2025-06-06,2025-06-06_11,-100.0,100,0,0,58.46804824348453,81.46804824348453,0.0638888888888889,0.0,0.0,True,True,False,False,-1.0,0.0,173.27898371490198,0.0,0.0,0.0,172.27898371490198
2025-06-06T08:30:00Z,2025-06-06T08:45:00Z,2025-06-06,2025-06-06_11,-100.0,100,0,0,81.46804824348453,104.46804824348453,0.06388888888888888,0.0,0.0,True,True,False,False,-1.0,0.0,173.27898371490198,0.0,0.0,0.0,172.27898371490198
2025-06-06T08:45:00Z,2025-06-06T09:00:00Z,2025-06-06,2025-06-06_11,-100.0,100,0,0,104.46804824348453,127.46804824348453,0.06388888888888888,0.0,0.0,True,True,False,False,-1.0,0.0,173.27898371490198,0.0,0.0,0.0,172.27898371490198
2025-06-06T09:00:00Z,2025-06-06T09:15:00Z,2025-06-06,2025-06-06_12,-73.00000000000124,100,27,0,127.46804824348453,141.13009943478917,0.04324824002415516,3.2494999999999994,0.008775,True,True,False,False,-36.13500000000061,0.0,173.27898371490198,45.83968181728239,356.407207293666,-0.5756665314522034,538.8152062943975
2025-06-06T09:15:00Z,2025-06-06T09:30:00Z,2025-06-06,2025-06-06_12,-73.00000000000124,100,27,0,141.13009943478917,158.3571415739199,0.04811457961352735,0.1605,0.64341,True,True,False,False,-36.13500000000061,0.0,173.27898371490198,45.83968181728239,17.467400122682392,-24.526401654233535,175.92466400063262
2025-06-06T09:30:00Z,2025-06-06T09:45:00Z,2025-06-06,2025-06-06_12,-73.00000000000124,100,27,0,158.3571415739199,174.08986641739847,0.04574902432367219,1.2555,0.16780500000000004,True,True,False,False,-36.13500000000061,0.0,173.27898371490198,45.83968181728239,136.6375131092071,-6.474456604072265,313.1467220373186
2025-06-06T09:45:00Z,2025-06-06T10:00:00Z,2025-06-06,2025-06-06_12,-73.00000000000124,100,27,0,174.08986641739847,189.82953560000746,0.04550499893719879,1.094,0.005939999999999999,True,True,False,False,-36.13500000000061,0.0,173.27898371490198,45.83968181728239,118.86342363021154,-0.45839681817282374,301.3886923442225
2025-06-06T10:00:00Z,2025-06-06T10:15:00Z,2025-06-06,2025-06-06_13,0.0,100,100,0,189.82953560000746,189.28819386087702,0.00158806038647343,0.512,0.0165,True,True,False,False,0.0,0.0,173.27898371490198,169.47978708668896,55.72155054712389,-1.2733244949245106,397.2069968537903
2025-06-06T10:15:00Z,2025-06-06T10:30:00Z,2025-06-06,2025-06-06_13,0.0,100,100,0,189.28819386087702,188.96094690435527,0.0011109082125603865,0.3345,0.0395,True,True,False,False,0.0,0.0,173.27898371490198,169.47978708668896,36.404020816431526,-3.100699586441617,376.06209203158085
2025-06-06T10:30:00Z,2025-06-06T10:45:00Z,2025-06-06,2025-06-06_13,0.0,100,100,0,188.96094690435527,188.89887994783354,0.0004586304347826087,0.1045,0.05600000000000001,True,True,False,False,0.0,0.0,173.27898371490198,169.47978708668896,11.372855531590714,-4.384902942398639,349.746723390783
2025-06-06T10:45:00Z,2025-06-06T11:00:00Z,2025-06-06,2025-06-06_13,0.0,100,100,0,188.89887994783354,188.22601994783355,0.002019833333333333,0.644,0.029499999999999995,True,True,False,False,0.0,0.0,173.27898371490198,169.47978708668896,70.08726279755426,-1.453390288303619,411.3926433108416
2025-06-06T11:00:00Z,2025-06-06T11:15:00Z,2025-06-06,2025-06-06_14,10.0,90,100,0,188.22601994783355,185.54792603479007,0.008232649758454107,0.1125,0.1725,True,True,False,False,71.175,0.0,155.95108534341176,169.47978708668896,12.243504758889527,-11.221494152798938,397.6278830361913
2025-06-06T11:15:00Z,2025-06-06T11:30:00Z,2025-06-06,2025-06-06_14,10.0,90,100,0,185.54792603479007,182.7047881217466,0.008010305314009663,0.13679999999999998,0.0245,True,True,False,False,71.175,0.0,155.95108534341176,169.47978708668896,14.888101786809662,-1.9332394087500249,409.56073480816036
2025-06-06T11:30:00Z,2025-06-06T11:45:00Z,2025-06-06,2025-06-06_14,10.0,90,100,0,182.7047881217466,179.61928716522485,0.009143535990338163,0.44595,0.1245,True,True,False,False,71.175,0.0,155.95108534341176,169.47978708668896,48.53325286423808,-8.167674970813463,436.97145032352535
2025-06-06T11:45:00Z,2025-06-06T12:00:00Z,2025-06-06,2025-06-06_14,10.0,90,100,0,179.61928716522485,176.5569661217466,0.00857084734299517,0.3294,0.014000000000000002,True,True,False,False,71.175,0.0,155.95108534341176,169.47978708668896,35.84898193402854,-1.100184419336328,431.35466994479293
2025-06-06T12:00:00Z,2025-06-06T12:15:00Z,2025-06-06,2025-06-06_15,-41.852677978979,100,58,0,176.5569661217466,185.74661310732714,0.027359701898048122,0.522,0.10265999999999999,True,True,False,False,-258.44028652019534,0.0,173.27898371490198,98.4704276074955,56.8098620812474,-5.384139873755861,64.73484700969368
2025-06-06T12:15:00Z,2025-06-06T12:30:00Z,2025-06-06,2025-06-06_15,-41.852677978979,100,58,0,185.74661310732714,190.0000000000001,0.030363467731823742,5.2825,0.0,True,True,False,False,-258.44028652019534,0.0,173.27898371490198,98.4704276074955,644.5450679700023,0.0,657.8541927722044
2025-06-06T12:30:00Z,2025-06-06T12:45:00Z,2025-06-06,2025-06-06_15,-41.852677978979,100,58,0,190.0000000000001,189.74568502493526,0.03340420718117294,9.7145,0.0,True,True,False,False,-258.44028652019534,0.0,173.27898371490198,98.4704276074955,3824.56848981934,0.0,3837.877614621542
2025-06-06T12:45:00Z,2025-06-06T13:00:00Z,2025-06-06,2025-06-06_15,-41.852677978979,100,58,0,189.74568502493526,184.3357877467198,0.036881984317624,14.7835,0.0,True,True,False,False,-258.44028652019534,0.0,173.27898371490198,98.4704276074955,8572.045894789957,0.0,8585.35501959216
2025-06-06T13:00:00Z,2025-06-06T13:15:00Z,2025-06-06,2025-06-06_16,-6.156752449217853,0,0,0,184.3357877467198,185.7518408100399,0.0039334807314447395,0.0,0.0,True,False,False,False,-64.76903576577182,0.0,0.0,0.0,0.0,0.0,-64.76903576577182
2025-06-06T13:15:00Z,2025-06-06T13:30:00Z,2025-06-06,2025-06-06_16,-6.156752449217853,0,0,0,185.7518408100399,187.16789387336001,0.0039334807314447395,0.0,0.0,True,False,False,False,-64.76903576577182,0.0,0.0,0.0,0.0,0.0,-64.76903576577182
2025-06-06T13:30:00Z,2025-06-06T13:45:00Z,2025-06-06,2025-06-06_16,-6.156752449217853,0,0,0,187.16789387336001,188.58394693668012,0.0039334807314447395,0.0,0.0,True,False,False,False,-64.76903576577182,0.0,0.0,0.0,0.0,0.0,-64.76903576577182
2025-06-06T13:45:00Z,2025-06-06T14:00:00Z,2025-06-06,2025-06-06_16,-6.156752449217853,0,0,0,188.58394693668012,190.00000000000023,0.0039334807314447395,0.0,0.0,True,False,False,False,-64.76903576577182,0.0,0.0,0.0,0.0,0.0,-64.76903576577182
2025-06-06T14:00:00Z,2025-06-06T14:15:00Z,2025-06-06,2025-06-06_17,0.0,0,0,0,190.00000000000023,190.00000000000023,0.0,0.0,0.0,True,False,False,False,0.0,0.0,0.0,0.0,0.0,0.0,0.0
2025-06-06T14:15:00Z,2025-06-06T14:30:00Z,2025-06-06,2025-06-06_17,0.0,0,0,0,190.00000000000023,190.00000000000023,0.0,0.0,0.0,True,False,False,False,0.0,0.0,0.0,0.0,0.0,0.0,0.0
2025-06-06T14:30:00Z,2025-06-06T14:45:00Z,2025-06-06,2025-06-06_17,0.0,0,0,0,190.00000000000023,190.00000000000023,0.0,0.0,0.0,True,False,False,False,0.0,0.0,0.0,0.0,0.0,0.0,0.0
2025-06-06T14:45:00Z,2025-06-06T15:00:00Z,2025-06-06,2025-06-06_17,0.0,0,0,0,190.00000000000023,190.00000000000023,0.0,0.0,0.0,True,False,False,False,0.0,0.0,0.0,0.0,0.0,0.0,0.0
2025-06-06T15:00:00Z,2025-06-06T15:15:00Z,2025-06-06,2025-06-06_18,-13.999999999999948,100,86,0,190.00000000000023,185.62602017391325,0.024929766183574863,7.139999999999999,0.0,True,True,False,False,-483.06999999999823,0.0,173.6351583987969,129.2629162791618,1485.43279973089,0.0,1305.2608744088507
2025-06-06T15:15:00Z,2025-06-06T15:30:00Z,2025-06-06,2025-06-06_18,-13.999999999999948,100,86,0,185.62602017391325,186.33636067826106,0.014545994154589344,2.421,0.07095,True,True,False,False,-483.06999999999823,0.0,173.6351583987969,129.2629162791618,466.38825791004604,-5.531452203336169,280.68488038467035
2025-06-06T15:30:00Z,2025-06-06T15:45:00Z,2025-06-06,2025-06-06_18,-13.999999999999948,100,86,0,186.33636067826106,188.87796994782624,0.010664132028985475,0.694,0.06493,True,True,False,False,-483.06999999999823,0.0,173.6351583987969,129.2629162791618,123.13971703900113,-5.009876846666799,-62.0420851297052
2025-06-06T15:45:00Z,2025-06-06T16:00:00Z,2025-06-06,2025-06-06_18,-13.999999999999948,100,86,0,188.87796994782624,189.90368864347838,0.013866670289855046,2.1215,0.06751,True,True,False,False,-483.06999999999823,0.0,173.6351583987969,129.2629162791618,377.15742129528866,-4.672078863011259,192.31341711023788
2025-06-06T16:00:00Z,2025-06-06T16:15:00Z,2025-06-06,2025-06-06_19,100.00000000000283,0,100,0,189.90368864347838,163.9151016869559,0.07219051932367364,0.0,1.0905,True,True,False,False,5284.500000000149,0.0,0.0,150.12762926172903,0.0,-66.1334509369373,5368.494178324941
2025-06-06T16:15:00Z,2025-06-06T16:30:00Z,2025-06-06,2025-06-06_19,100.00000000000283,0,100,0,163.9151016869559,136.76129733912904,0.07542723429951904,0.0,0.0185,True,True,False,False,5284.500000000149,0.0,0.0,150.12762926172903,0.0,-1.4133206363654351,5433.214308625513
2025-06-06T16:30:00Z,2025-06-06T16:45:00Z,2025-06-06,2025-06-06_19,100.00000000000283,0,100,0,136.76129733912904,109.75205820869351,0.07502566425120986,0.0,0.1515,True,True,False,False,5284.500000000149,0.0,0.0,150.12762926172903,0.0,-11.07130834833884,5423.556320913539
2025-06-06T16:45:00Z,2025-06-06T17:00:00Z,2025-06-06,2025-06-06_19,100.00000000000283,0,100,0,109.75205820869351,82.70912342608406,0.07511926328502629,0.0,0.1205,True,True,False,False,5284.500000000149,0.0,0.0,150.12762926172903,0.0,-9.201677285948909,5425.425951975929
2025-06-06T17:00:00Z,2025-06-06T17:15:00Z,2025-06-06,2025-06-06_20,0.0,100,100,0,82.70912342608406,82.79569733912754,0.00043673913043478267,0.0325,0.1325,True,True,False,False,0.0,0.0,174.0210143063498,150.12762926172903,5.214000138512377,-10.123873597562184,319.238770109029
2025-06-06T17:15:00Z,2025-06-06T17:30:00Z,2025-06-06,2025-06-06_20,0.0,100,100,0,82.79569733912754,82.88691559999711,0.0004979492753623188,0.0405,0.147,True,True,False,False,0.0,0.0,174.0210143063498,150.12762926172903,6.322101529572392,-11.105732631537288,319.3650124661139
2025-06-06T17:30:00Z,2025-06-06T17:45:00Z,2025-06-06,2025-06-06_20,0.0,100,100,0,82.88691559999711,92.51822864347537,0.026759685990338167,0.001,10.47,True,True,False,False,0.0,0.0,174.0210143063498,150.12762926172903,0.13851237707026537,-186.39115103785346,137.89600490729563
2025-06-06T17:45:00Z,2025-06-06T18:00:00Z,2025-06-06,2025-06-06_20,0.0,100,100,0,92.51822864347537,107.01880864347537,0.04027938888888889,0.0,15.7615,True,True,False,False,0.0,0.0,174.0210143063498,150.12762926172903,0.0,-196.62811979341868,127.52052377466015
2025-06-06T18:00:00Z,2025-06-06T18:15:00Z,2025-06-06,2025-06-06_21,86.47547764799995,0,0,0,107.01880864347537,83.52003754347538,0.06527436416666663,0.0,0.0,True,False,False,False,4111.692773468278,0.0,0.0,0.0,0.0,0.0,4111.692773468278
2025-06-06T18:15:00Z,2025-06-06T18:30:00Z,2025-06-06,2025-06-06_21,86.47547764799995,0,0,0,83.52003754347538,60.0212664434754,0.06527436416666663,0.0,0.0,True,False,False,False,4111.692773468278,0.0,0.0,0.0,0.0,0.0,4111.692773468278
2025-06-06T18:30:00Z,2025-06-06T18:45:00Z,2025-06-06,2025-06-06_21,86.47547764799995,0,0,0,60.0212664434754,36.52249534347541,0.06527436416666663,0.0,0.0,True,False,False,False,4111.692773468278,0.0,0.0,0.0,0.0,0.0,4111.692773468278
2025-06-06T18:45:00Z,2025-06-06T19:00:00Z,2025-06-06,2025-06-06_21,86.47547764799995,0,0,0,36.52249534347541,13.023724243475428,0.06527436416666663,0.0,0.0,True,False,False,False,4111.692773468278,0.0,0.0,0.0,0.0,0.0,4111.692773468278
2025-06-06T19:00:00Z,2025-06-06T19:15:00Z,2025-06-06,2025-06-06_22,-11.99999999999997,100,88,0,13.023724243475428,12.801696243475421,0.01704436666666665,3.3235,0.61292,True,True,False,False,-410.90999999999894,0.0,174.0210143063498,132.11231375032153,680.1182989690722,-37.18755688703327,538.1540701387113
2025-06-06T19:15:00Z,2025-06-06T19:30:00Z,2025-06-06,2025-06-06_22,-11.99999999999997,100,88,0,12.801696243475421,17.251111304344978,0.012723495942028967,0.0685,1.9157600000000001,True,True,False,False,-410.90999999999894,0.0,174.0210143063498,132.11231375032153,10.813856184577636,-107.40189459603855,-201.3647103547885
2025-06-06T19:30:00Z,2025-06-06T19:45:00Z,2025-06-06,2025-06-06_22,-11.99999999999997,100,88,0,17.251111304344978,26.07420570434497,0.024508595555555537,0.0,6.59032,True,True,False,False,-410.90999999999894,0.0,174.0210143063498,132.11231375032153,0.0,-280.6020729999802,-385.37874494330777
2025-06-06T19:45:00Z,2025-06-06T20:00:00Z,2025-06-06,2025-06-06_22,-11.99999999999997,100,88,0,26.07420570434497,32.93159130434496,0.01904829333333332,0.0,4.45368,True,True,False,False,-410.90999999999894,0.0,174.0210143063498,132.11231375032153,0.0,-231.0005558224667,-335.77722776579435
2025-06-06T20:00:00Z,2025-06-06T20:15:00Z,2025-06-06,2025-06-06_23,0.0,100,100,0,32.93159130434496,19.915217391301482,0.03642492753623188,12.0195,0.0525,True,True,False,False,0.0,0.0,174.0210143063498,150.3057166036765,3357.751746740013,-3.2179403209529647,3678.860537329086
2025-06-06T20:15:00Z,2025-06-06T20:30:00Z,2025-06-06,2025-06-06_23,0.0,100,100,0,19.915217391301482,12.985869565214525,0.0192481884057971,6.375,0.0,True,True,False,False,0.0,0.0,174.0210143063498,150.3057166036765,1292.7902576330214,0.0,1617.1169885430477
2025-06-06T20:30:00Z,2025-06-06T20:45:00Z,2025-06-06,2025-06-06_23,0.0,100,100,0,12.985869565214525,9.999999999997133,0.008294082125603865,2.747,0.0,True,True,False,False,0.0,0.0,174.0210143063498,150.3057166036765,458.9012517561391,0.0,783.2279826661654
2025-06-06T20:45:00Z,2025-06-06T21:00:00Z,2025-06-06,2025-06-06_23,0.0,100,100,0,9.999999999997133,12.431396521736264,0.0068263429951690826,0.012,2.657,True,True,False,False,0.0,0.0,174.0210143063498,150.3057166036765,1.5434236302115283,-109.96132536557373,215.9088291746641
2025-06-06T21:00:00Z,2025-06-06T21:15:00Z,2025-06-07,2025-06-06_24,-29.9087701092213,83,70,0,12.431396521736264,15.15714140009781,0.02512752652696469,4.5450800000000005,0.5582499999999999,True,True,True,False,-816.2851082059224,0.0,143.55697909642615,101.3515925588037,826.890509412558,-20.517254125183445,234.99671873668203
2025-06-06T21:15:00Z,2025-06-06T21:30:00Z,2025-06-07,2025-06-06_24,-29.9087701092213,83,70,0,15.15714140009781,20.26179636346689,0.020854472762534954,1.72806,0.0,True,True,True,False,-816.2851082059224,0.0,143.55697909642615,101.3515925588037,236.58266205227875,0.0,-334.79387449841374
2025-06-06T21:30:00Z,2025-06-06T21:45:00Z,2025-06-07,2025-06-06_24,-29.9087701092213,83,70,0,20.26179636346689,26.34179296183572,0.02072805503135107,0.993925,0.2408,True,True,True,False,-816.2851082059224,0.0,143.55697909642615,101.3515925588037,133.91080443060568,-14.468678751338699,-451.93441087142554
2025-06-06T21:45:00Z,2025-06-06T22:00:00Z,2025-06-07,2025-06-06_24,-29.9087701092213,83,70,0,26.34179296183572,39.34782608695662,0.0361278697920025,0.0,6.659799999999999,True,True,True,False,-816.2851082059224,0.0,143.55697909642615,101.3515925588037,0.0,-211.6865943437388,-783.0631308944313
2025-06-06T22:00:00Z,2025-06-06T22:15:00Z,2025-06-07,2025-06-07_1,0.9824752645654523,45,46,54,39.34782608695662,39.592320369713704,0.002162455414808172,0.01215,0.5681,True,True,True,False,25.502601679957728,506.0291142755146,77.83209710047201,66.65721312125659,1.5662805918051643,-30.31710683828488,647.2701999307212
2025-06-06T22:15:00Z,2025-06-06T22:30:00Z,2025-06-07,2025-06-07_1,0.9824752645654523,45,46,54,39.592320369713704,39.347826086956545,0.0009598600618979494,0.026999999999999996,0.056119999999999996,True,True,True,False,25.502601679957728,506.0291142755146,77.83209710047201,66.65721312125659,3.4806235373448096,-3.905561112212922,675.5960886023328
2025-06-06T22:30:00Z,2025-06-06T22:45:00Z,2025-06-07,2025-06-07_1,0.9824752645654523,45,46,54,39.347826086956545,39.6933723997118,0.0023614920867438324,0.000675,0.66401,True,True,True,False,25.502601679957728,506.0291142755146,77.83209710047201,66.65721312125659,0.08701558843362026,-33.57792506445599,642.5301167011786
2025-06-06T22:45:00Z,2025-06-06T23:00:00Z,2025-06-07,2025-06-07_1,0.9824752645654523,45,46,54,39.6933723997118,41.787657849331424,0.0069709187666777955,0.0,2.55668,True,True,True,False,25.502601679957728,506.0291142755146,77.83209710047201,66.65721312125659,0.0,-106.60963138312643,569.4113947940745
2025-06-06T23:00:00Z,2025-06-06T23:15:00Z,2025-06-07,2025-06-07_2,4.530754627142294,40,45,55,41.787657849331424,41.4643134413227,0.0053525388176694,0.0,0.9690750000000001,True,True,True,False,112.70252135016456,515.4000237991353,69.18408631153068,65.2081432707945,0.0,-46.00655790627108,716.4882168253539
2025-06-06T23:15:00Z,2025-06-06T23:30:00Z,2025-06-07,2025-06-07_2,4.530754627142294,40,45,55,41.4643134413227,41.500141893878556,0.0061171371657156165,0.0,1.352475,True,True,True,False,112.70252135016456,515.4000237991353,69.18408631153068,65.2081432707945,0.0,-60.98395662607592,701.5108181055491
2025-06-06T23:30:00Z,2025-06-06T23:45:00Z,2025-06-07,2025-06-07_2,4.530754627142294,40,45,55,41.500141893878556,40.87759841429014,0.004731610825857081,0.0029999999999999996,0.6531750000000001,True,True,True,False,112.70252135016456,515.4000237991353,69.18408631153068,65.2081432707945,0.38673594859386773,-32.784405418269806,730.0971052619491
2025-06-06T23:45:00Z,2025-06-07T00:00:00Z,2025-06-07,2025-06-07_2,4.530754627142294,40,45,55,40.87759841429014,39.89130434782611,0.003947667748729495,0.0012000000000000001,0.2628,True,True,True,False,112.70252135016456,515.4000237991353,69.18408631153068,65.2081432707945,0.15469437943754713,-15.05265154099401,747.5968175700685
2025-06-07T00:00:00Z,2025-06-07T00:15:00Z,2025-06-07,2025-06-07_3,0.0,45,45,55,39.89130434782611,40.02797521739133,0.000632358695652174,0.04185,0.198,True,True,True,False,0.0,515.4000237991353,77.83209710047201,65.2081432707945,5.5489139264606715,-10.834199357423346,653.1549787394391
2025-06-07T00:15:00Z,2025-06-07T00:30:00Z,2025-06-07,2025-06-07_3,0.0,45,45,55,40.02797521739133,40.93484221739133,0.0025190750000000004,0.0,0.9857250000000001,True,True,True,False,0.0,515.4000237991353,77.83209710047201,65.2081432707945,0.0,-40.0884047092539,618.3518594611479
2025-06-07T00:30:00Z,2025-06-07T00:45:00Z,2025-06-07,2025-06-07_3,0.0,45,45,55,40.93484221739133,41.13414643478263,0.0005699271739130435,0.0027,0.219825,True,True,True,False,0.0,515.4000237991353,77.83209710047201,65.2081432707945,0.348062353734481,-11.800759856808535,646.9875666673278
2025-06-07T00:45:00Z,2025-06-07T01:00:00Z,2025-06-07,2025-06-07_3,0.0,45,45,55,41.13414643478263,41.62854304347828,0.0014752260869565215,0.016875,0.557325,True,True,True,False,0.0,515.4000237991353,77.83209710047201,65.2081432707945,2.1753897108405065,-20.973688746975522,639.6419651342668
2025-06-07T01:00:00Z,2025-06-07T01:15:00Z,2025-06-07,2025-06-07_4,13.000000000000044,32,45,55,41.62854304347828,41.24302685217393,0.012884496086956536,0.0,3.25035,True,True,True,False,312.78000000000105,515.4000237991353,55.34726904922454,65.2081432707945,0.0,-108.62842202808298,840.1070140910724
2025-06-07T01:15:00Z,2025-06-07T01:30:00Z,2025-06-07,2025-06-07_4,13.000000000000044,32,45,55,41.24302685217393,42.11582481739131,0.0141126634299517,0.0,4.54995,True,True,True,False,312.78000000000105,515.4000237991353,55.34726904922454,65.2081432707945,0.0,-163.69334414541268,785.0420919737427
2025-06-07T01:30:00Z,2025-06-07T01:45:00Z,2025-06-07,2025-06-07_4,13.000000000000044,32,45,55,42.11582481739131,41.33381766956521,0.012497504299516926,0.0,2.8408499999999997,True,True,True,False,312.78000000000105,515.4000237991353,55.34726904922454,65.2081432707945,0.0,-108.14295956130259,840.5924765578528
2025-06-07T01:45:00Z,2025-06-07T02:00:00Z,2025-06-07,2025-06-07_4,13.000000000000044,32,45,55,41.33381766956521,40.51891484347824,0.012465396739130451,0.0,2.806875,True,True,True,False,312.78000000000105,515.4000237991353,55.34726904922454,65.2081432707945,0.0,-106.74664419796913,841.9887919211862
2025-06-07T02:00:00Z,2025-06-07T02:15:00Z,2025-06-07,2025-06-07_5,0.0,45,45,55,40.51891484347824,40.854668843478244,0.0009326500000000001,0.0,0.36495000000000005,True,True,True,False,0.0,515.4000237991353,77.83209710047201,64.59234064495656,0.0,-17.63191558248384,640.19254596208
2025-06-07T02:15:00Z,2025-06-07T02:30:00Z,2025-06-07,2025-06-07_5,0.0,45,45,55,40.854668843478244,40.898086017391286,0.0001898967391304348,0.011474999999999999,0.060750000000000005,True,True,True,False,0.0,515.4000237991353,77.83209710047201,64.59234064495656,1.479265003371544,-4.174607661338305,655.1291188865971
2025-06-07T02:30:00Z,2025-06-07T02:45:00Z,2025-06-07,2025-06-07_5,0.0,45,45,55,40.898086017391286,40.94511649565216,0.00020400978260869563,0.01215,0.06547499999999999,True,True,True,False,0.0,515.4000237991353,77.83209710047201,64.59234064495656,1.5662805918051643,-4.309725467058029,655.081016669311
2025-06-07T02:45:00Z,2025-06-07T03:00:00Z,2025-06-07,2025-06-07_5,0.0,45,45,55,40.94511649565216,41.127980452173894,0.0006546945652173913,0.0243,0.22747499999999998,True,True,True,False,0.0,515.4000237991353,77.83209710047201,64.59234064495656,3.1325611836103286,-9.960005191186386,650.9970175369878
2025-06-07T03:00:00Z,2025-06-07T03:15:00Z,2025-06-07,2025-06-07_6,40.84802227978267,59,100,0,41.127980452173894,31.058543152655105,0.03122073171895748,0.029205,1.075,True,True,True,False,921.2250224647986,0.0,102.04652730950775,143.53853476657014,3.7648744595613026,-45.74943477053667,1124.825524229901
2025-06-07T03:15:00Z,2025-06-07T03:30:00Z,2025-06-07,2025-06-07_6,40.84802227978267,59,100,0,31.058543152655105,26.053250959782233,0.03254993591255161,0.0,6.1675,True,True,True,False,921.2250224647986,0.0,102.04652730950775,143.53853476657014,0.0,-90.1248596842648,1076.6852248566117
2025-06-07T03:30:00Z,2025-06-07T03:45:00Z,2025-06-07,2025-06-07_6,40.84802227978267,59,100,0,26.053250959782233,33.604008109941425,0.036086366993020015,0.0,18.8735,True,True,True,False,921.2250224647986,0.0,102.04652730950775,143.53853476657014,0.0,-6.494292669866328,1160.31579187101
2025-06-07T03:45:00Z,2025-06-07T04:00:00Z,2025-06-07,2025-06-07_6,40.84802227978267,59,100,0,33.604008109941425,41.86083304347827,0.03628523209667142,0.0,19.588,True,True,True,False,921.2250224647986,0.0,102.04652730950775,143.53853476657014,0.0,40.33988973067312,1207.1499742715496
2025-06-07T04:00:00Z,2025-06-07T04:15:00Z,2025-06-07,2025-06-07_7,0.0,45,45,55,41.86083304347827,42.41719308695654,0.0044299554347826085,0.47767500000000007,1.1691,True,True,True,False,0.0,515.4000237991353,77.83209710047201,65.2081432707945,65.42902676411092,-30.680817758121457,693.1884731763912
2025-06-07T04:15:00Z,2025-06-07T04:30:00Z,2025-06-07,2025-06-07_7,0.0,45,45,55,42.41719308695654,41.2540409130435,0.0032309782608695653,1.0701,0.0,True,True,True,False,0.0,515.4000237991353,77.83209710047201,65.2081432707945,146.2999157113958,0.0,804.7401798817976
2025-06-07T04:30:00Z,2025-06-07T04:45:00Z,2025-06-07,2025-06-07_7,0.0,45,45,55,41.2540409130435,40.543618869565236,0.0020170945652173908,0.6608249999999999,0.008549999999999999,True,True,True,False,0.0,515.4000237991353,77.83209710047201,65.2081432707945,89.20442888025066,-0.6613184720955138,746.9833745785569
2025-06-07T04:45:00Z,2025-06-07T05:00:00Z,2025-06-07,2025-06-07_7,0.0,45,45,55,40.543618869565236,39.940116434782624,0.0018534956521739129,0.58455,0.03465,True,True,True,False,0.0,515.4000237991353,77.83209710047201,65.2081432707945,78.60181450557296,-2.342369412161358,734.6997092638134
2025-06-07T05:00:00Z,2025-06-07T05:15:00Z,2025-06-07,2025-06-07_8,-7.105427357601002e-15,45,45,55,39.940116434782624,39.910808130434795,0.0004770119565217436,0.092475,0.0774,True,True,True,False,-1.4313883411887218e-13,515.4000237991353,77.83209710047201,65.82394589663242,11.921135615405975,-4.758637102851929,666.2185653087936
2025-06-07T05:15:00Z,2025-06-07T05:30:00Z,2025-06-07,2025-06-07_8,-7.105427357601002e-15,45,45,55,39.910808130434795,39.8913043478261,0.00014962717391304802,0.03375,0.018675,True,True,True,False,-1.4313883411887218e-13,515.4000237991353,77.83209710047201,65.82394589663242,4.350779421681013,-1.444458767998096,661.9623874499225
2025-06-07T05:30:00Z,2025-06-07T05:45:00Z,2025-06-07,2025-06-07_8,-7.105427357601002e-15,45,45,55,39.8913043478261,43.0037563478261,0.008645700000000004,0.0,3.3830999999999998,True,True,True,False,-1.4313883411887218e-13,515.4000237991353,77.83209710047201,65.82394589663242,0.0,-8.957948534369917,650.0981182618697
2025-06-07T05:45:00Z,2025-06-07T06:00:00Z,2025-06-07,2025-06-07_8,-7.105427357601002e-15,45,45,55,43.0037563478261,45.9766903478261,0.008258150000000006,0.0,3.23145,True,True,True,False,-1.4313883411887218e-13,515.4000237991353,77.83209710047201,65.82394589663242,0.0,-35.575943229146006,623.4801235670935
2025-06-07T06:00:00Z,2025-06-07T06:15:00Z,2025-06-07,2025-06-07_9,3.896647754745416,41,45,55,45.9766903478261,44.76847909795215,0.0034716884509615182,0.15867,0.02475,True,True,True,False,71.7957348811843,515.4000237991353,70.91368846931894,65.82394589663242,20.454464321129667,-1.9143429455396455,742.473514421861
2025-06-07T06:15:00Z,2025-06-07T06:30:00Z,2025-06-07,2025-06-07_9,3.896647754745416,41,45,55,44.76847909795215,42.191047642858294,0.0071595318197051755,1.397075,0.0,True,True,True,False,71.7957348811843,515.4000237991353,70.91368846931894,65.82394589663242,207.73697849153146,0.0,931.6703715378025
2025-06-07T06:30:00Z,2025-06-07T06:45:00Z,2025-06-07,2025-06-07_9,3.896647754745416,41,45,55,42.191047642858294,41.061366172445815,0.0032083821576012763,0.078105,0.015075,True,True,True,False,71.7957348811843,515.4000237991353,70.91368846931894,65.82394589663242,10.068670421641347,-1.1660088850105113,732.8360545829017
2025-06-07T06:45:00Z,2025-06-07T07:00:00Z,2025-06-07,2025-06-07_9,3.896647754745416,41,45,55,41.061366172445815,39.96815065217396,0.0033928018201509983,0.09716999999999999,0.07627500000000001,True,True,True,False,71.7957348811843,515.4000237991353,70.91368846931894,65.82394589663242,12.526377374955375,-4.847173232914205,731.6125971883121
2025-06-07T07:00:00Z,2025-06-07T07:15:00Z,2025-06-07,2025-06-07_10,0.0,45,45,55,39.96815065217396,39.891304347826136,0.0002824619565217391,0.082125,0.013499999999999998,True,True,True,False,0.0,515.4000237991353,77.83209710047201,65.97120304628932,10.58689659275713,-1.0441870612034427,668.7460334774503
2025-06-07T07:15:00Z,2025-06-07T07:30:00Z,2025-06-07,2025-06-07_10,0.0,45,45,55,39.891304347826136,39.933141434782655,0.0001977358695652174,0.013499999999999998,0.06142500000000001,True,True,True,False,0.0,515.4000237991353,77.83209710047201,65.97120304628932,1.7403117686724048,-4.4757703532188335,656.4678653613502
2025-06-07T07:30:00Z,2025-06-07T07:45:00Z,2025-06-07,2025-06-07_10,0.0,45,45,55,39.933141434782655,39.89704556521744,0.00020951630434782608,0.0513,0.021375,True,True,True,False,0.0,515.4000237991353,77.83209710047201,65.97120304628932,6.613184720955139,-1.6640044524215623,664.1525042144302
2025-06-07T07:45:00Z,2025-06-07T08:00:00Z,2025-06-07,2025-06-07_10,0.0,45,45,55,39.89704556521744,39.93864121739136,0.00025820652173913044,0.023625,0.07312500000000001,True,True,True,False,0.0,515.4000237991353,77.83209710047201,65.97120304628932,3.0455455951767085,-5.273768270794495,656.9751012702789
2025-06-07T08:00:00Z,2025-06-07T08:15:00Z,2025-06-07,2025-06-07_11,0.0,45,45,55,39.93864121739136,39.95169082608701,0.00020065108695652172,0.027225,0.046349999999999995,True,True,True,False,0.0,515.4000237991353,77.83209710047201,65.59636666534449,2.8038153980405376,-3.242918904446471,658.3893840585458
2025-06-07T08:15:00Z,2025-06-07T08:30:00Z,2025-06-07,2025-06-07_11,0.0,45,45,55,39.95169082608701,40.029319739130486,0.00029036413043478264,0.012375,0.099,True,True,True,False,0.0,515.4000237991353,77.83209710047201,65.59636666534449,1.2744615445638807,-7.515474792749197,652.5874743167665
2025-06-07T08:30:00Z,2025-06-07T08:45:00Z,2025-06-07,2025-06-07_11,0.0,45,45,55,40.029319739130486,40.04251569565223,0.00012089456521739131,0.01395,0.030825,True,True,True,False,0.0,515.4000237991353,77.83209710047201,65.59636666534449,1.4366657411447383,-2.4065410435920827,657.8586122625045
2025-06-07T08:45:00Z,2025-06-07T09:00:00Z,2025-06-07,2025-06-07_11,0.0,45,45,55,40.04251569565223,41.62578513043484,0.004430579347826087,0.0054,1.7273249999999998,True,True,True,False,0.0,515.4000237991353,77.83209710047201,65.59636666534449,0.5561286739915117,-7.616098012772201,651.7685182261711
2025-06-07T09:00:00Z,2025-06-07T09:15:00Z,2025-06-07,2025-06-07_12,0.0,45,45,55,41.62578513043484,44.465411130434845,0.00788785,0.0,3.08655,True,True,True,False,0.0,515.4000237991353,77.83209710047201,75.55630478759271,0.0,-22.607684066478917,646.180741620721
2025-06-07T09:15:00Z,2025-06-07T09:30:00Z,2025-06-07,2025-06-07_12,0.0,45,45,55,44.465411130434845,47.320562130434844,0.007930975,0.0,3.103425,True,True,True,False,0.0,515.4000237991353,77.83209710047201,75.55630478759271,0.0,-13.915003847526874,654.8734218396731
2025-06-07T09:30:00Z,2025-06-07T09:45:00Z,2025-06-07,2025-06-07_12,0.0,45,45,55,47.320562130434844,48.46340991304354,0.003189522826086956,0.0024749999999999998,1.24515,True,True,True,False,0.0,515.4000237991353,77.83209710047201,75.55630478759271,0.24431433699575578,-20.456741273650387,648.5759987505454
2025-06-07T09:45:00Z,2025-06-07T10:00:00Z,2025-06-07,2025-06-07_12,0.0,45,45,55,48.46340991304354,49.04282208695658,0.001616271739130435,0.0011250000000000001,0.631125,True,True,True,False,0.0,515.4000237991353,77.83209710047201,75.55630478759271,0.11105197136170719,-15.034999157113958,653.8644785014477
2025-06-07T10:00:00Z,2025-06-07T10:15:00Z,2025-06-07,2025-06-07_13,0.0,45,45,55,49.04282208695658,51.85119108695658,0.007801025000000002,0.0,3.0525750000000005,True,True,True,False,0.0,515.4000237991353,77.83209710047201,75.55630478759271,0.0,-15.21504797509024,653.5733777121097
2025-06-07T10:15:00Z,2025-06-07T10:30:00Z,2025-06-07,2025-06-07_13,0.0,45,45,55,51.85119108695658,52.36504647826093,0.0015442239130434782,0.01935,0.5814,True,True,True,False,0.0,515.4000237991353,77.83209710047201,75.55630478759271,1.749950418468129,-14.286859743762644,656.2515163619055
2025-06-07T10:30:00Z,2025-06-07T10:45:00Z,2025-06-07,2025-06-07_13,0.0,45,45,55,52.36504647826093,52.3677699565218,0.00026843478260869563,0.0432,0.05399999999999999,True,True,True,False,0.0,515.4000237991353,77.83209710047201,75.55630478759271,3.9068660505334973,-3.624935544008567,669.0703561937249
2025-06-07T10:45:00Z,2025-06-07T11:00:00Z,2025-06-07,2025-06-07_13,0.0,45,45,55,52.3677699565218,52.655124304347886,0.0008117934782608694,0.0022500000000000003,0.31499999999999995,True,True,True,False,0.0,515.4000237991353,77.83209710047201,75.55630478759271,0.20348260679861968,-15.189057355916065,653.8028509380825
2025-06-07T11:00:00Z,2025-06-07T11:15:00Z,2025-06-07,2025-06-07_14,0.0,45,45,55,52.655124304347886,52.61385969565223,0.0003147239130434782,0.0711,0.03915,True,True,True,False,0.0,515.4000237991353,77.83209710047201,75.55630478759271,6.3454444488516915,-2.6981991789298316,672.4356709571218
2025-06-07T11:15:00Z,2025-06-07T11:30:00Z,2025-06-07,2025-06-07_14,0.0,45,45,55,52.61385969565223,52.61904252173919,0.0001638532608695652,0.02475,0.034874999999999996,True,True,True,False,0.0,515.4000237991353,77.83209710047201,75.55630478759271,2.208857244853437,-2.697483241442227,668.2997996906112
2025-06-07T11:30:00Z,2025-06-07T11:45:00Z,2025-06-07,2025-06-07_14,0.0,45,45,55,52.61904252173919,52.58843978260875,0.00019080760869565218,0.045675,0.0207,True,True,True,False,0.0,515.4000237991353,77.83209710047201,75.55630478759271,4.076345642774979,-1.6010868271786125,671.2636845027964
2025-06-07T11:45:00Z,2025-06-07T12:00:00Z,2025-06-07,2025-06-07_14,0.0,45,45,55,52.58843978260875,52.59653665217397,0.00011895869565217391,0.015975,0.027674999999999998,True,True,True,False,0.0,515.4000237991353,77.83209710047201,75.55630478759271,1.4257169489508548,-2.1405834754670576,668.0735591606838
2025-06-07T12:00:00Z,2025-06-07T12:15:00Z,2025-06-07,2025-06-07_15,-35.0,45,10,55,52.59653665217397,60.8189613913044,0.02288022572463768,0.029925,0.21855000000000002,True,True,True,False,0.17500000000000002,515.4000237991353,77.83209710047201,16.79028995279838,2.670709214231883,-4.077993375907343,608.7901266907302
2025-06-07T12:15:00Z,2025-06-07T12:30:00Z,2025-06-07,2025-06-07_15,-35.0,45,10,55,60.8189613913044,68.8708971739131,0.022398795048309182,0.024075,0.027150000000000004,True,True,True,False,0.17500000000000002,515.4000237991353,77.83209710047201,16.79028995279838,2.1486156836301613,-1.632424576573718,610.7136019594622
2025-06-07T12:30:00Z,2025-06-07T12:45:00Z,2025-06-07,2025-06-07_15,-35.0,45,10,55,68.8708971739131,76.90008408695657,0.022339830797101452,0.027225,0.0057,True,True,True,False,0.17500000000000002,515.4000237991353,77.83209710047201,16.79028995279838,2.4297429693387804,-0.44087898139700926,612.1862748403474
2025-06-07T12:45:00Z,2025-06-07T13:00:00Z,2025-06-07,2025-06-07_15,-35.0,45,10,55,76.90008408695657,84.85849482608701,0.022244075724637685,0.10237500000000001,0.006950000000000001,True,True,True,False,0.17500000000000002,515.4000237991353,77.83209710047201,16.79028995279838,9.136636785530126,-0.4602159275712983,618.8738317103645
2025-06-07T13:00:00Z,2025-06-07T13:15:00Z,2025-06-07,2025-06-07_16,-100.0,100,0,0,84.85849482608701,107.85849482608702,0.0638888888888889,0.0,0.0,True,True,True,False,0.5,0.0,172.9602157788267,0.0,0.0,0.0,173.4602157788267
2025-06-07T13:15:00Z,2025-06-07T13:30:00Z,2025-06-07,2025-06-07_16,-100.0,100,0,0,107.85849482608702,128.42049482608704,0.05711666666666667,2.65,0.0,True,True,True,False,0.5,0.0,172.9602157788267,0.0,236.50390702471142,0.0,409.9641228035381
2025-06-07T13:30:00Z,2025-06-07T13:45:00Z,2025-06-07,2025-06-07_16,-100.0,100,0,0,128.42049482608704,145.48695482608704,0.04740683333333333,6.4495,0.0,True,True,True,False,0.5,0.0,172.9602157788267,0.0,2284.6210870255045,0.0,2458.0813028043312
2025-06-07T13:45:00Z,2025-06-07T14:00:00Z,2025-06-07,2025-06-07_16,-100.0,100,0,0,145.48695482608704,150.47657482608705,0.013860055555555556,19.5765,0.0,True,True,True,False,0.5,0.0,172.9602157788267,0.0,22409.466711951132,0.0,22582.926927729957
2025-06-07T14:00:00Z,2025-06-07T14:15:00Z,2025-06-07,2025-06-07_17,-87.69469903773775,100,12,0,150.47657482608705,167.94793342716272,0.05066343019989201,2.869,0.0,True,True,True,False,-111.59150452552129,0.0,172.9602157788267,17.553052239101977,318.9237572884852,0.0,397.84552078089257
2025-06-07T14:15:00Z,2025-06-07T14:30:00Z,2025-06-07,2025-06-07_17,-87.69469903773775,100,12,0,167.94793342716272,183.3162345207018,0.04648311664946533,5.105,0.0,True,True,True,False,-111.59150452552129,0.0,172.9602157788267,17.553052239101977,627.431451548927,0.0,706.3532150413345
2025-06-07T14:30:00Z,2025-06-07T14:45:00Z,2025-06-07,2025-06-07_17,-87.69469903773775,100,12,0,183.3162345207018,189.8989094166114,0.029019651142070127,14.446,0.0,True,True,True,False,-111.59150452552129,0.0,172.9602157788267,17.553052239101977,15159.799487921937,0.0,15238.721251414345
2025-06-07T14:45:00Z,2025-06-07T15:00:00Z,2025-06-07,2025-06-07_17,-87.69469903773775,100,12,0,189.8989094166114,189.12652630315768,0.014399771014907043,22.266,0.0,True,True,True,False,-111.59150452552129,0.0,172.9602157788267,17.553052239101977,28054.13550434334,0.0,28133.057267835746
2025-06-07T15:00:00Z,2025-06-07T15:15:00Z,2025-06-07,2025-06-07_18,-3.7298247216880536,100,96,0,189.12652630315768,189.0700879472922,0.009284214992884437,1.624,0.9139199999999998,True,True,True,False,-83.18441585544781,0.0,172.9602157788267,140.4244179128158,256.814687239697,-28.279101281186776,458.7358037947049
2025-06-07T15:15:00Z,2025-06-07T15:30:00Z,2025-06-07,2025-06-07_18,-3.7298247216880536,100,96,0,189.0700879472922,189.7932117508504,0.0029068500630541343,0.1545,0.03504,True,True,True,False,-83.18441585544781,0.0,172.9602157788267,140.4244179128158,19.91690135258419,-2.7102455277458253,247.40687366103307
2025-06-07T15:30:00Z,2025-06-07T15:45:00Z,2025-06-07,2025-06-07_18,-3.7298247216880536,100,96,0,189.7932117508504,189.9963299424504,0.00415981523087171,0.6185,0.01488,True,True,True,False,-83.18441585544781,0.0,172.9602157788267,140.4244179128158,82.8755899210662,-1.1509261830153505,311.92488157424555
2025-06-07T15:45:00Z,2025-06-07T16:00:00Z,2025-06-07,2025-06-07_18,-3.7298247216880536,100,96,0,189.9963299424504,179.9347910283058,0.030807480162273422,10.107,0.0038400000000000005,True,True,True,False,-83.18441585544781,0.0,172.9602157788267,140.4244179128158,1827.5264844710641,-0.3046289318154774,2057.4220733754432
2025-06-07T16:00:00Z,2025-06-07T16:15:00Z,2025-06-07,2025-06-07_19,0.0,100,100,0,179.9347910283058,188.45715015874057,0.024108002415458935,0.072,9.3485,True,True,True,False,0.0,0.0,172.9304668597041,146.27543532584983,9.281662766252825,2461.8526269287213,2790.340191880528
2025-06-07T16:15:00Z,2025-06-07T16:30:00Z,2025-06-07,2025-06-07_19,0.0,100,100,0,188.45715015874057,188.70945537613187,0.0010088188405797103,0.05099999999999999,0.3345,True,True,True,False,0.0,0.0,172.9304668597041,146.27543532584983,6.574511126095751,-21.43023719804847,304.3501761136012
2025-06-07T16:30:00Z,2025-06-07T16:45:00Z,2025-06-07,2025-06-07_19,0.0,100,100,0,188.70945537613187,188.6223371152623,0.0003467729468599034,0.0975,0.0205,True,True,True,False,0.0,0.0,172.9304668597041,146.27543532584983,12.568918329300702,-1.6232981635000594,330.1515223513546
2025-06-07T16:45:00Z,2025-06-07T17:00:00Z,2025-06-07,2025-06-07_19,0.0,100,100,0,188.6223371152623,188.17693711526232,0.0012627777777777776,0.414,0.005,True,True,True,False,0.0,0.0,172.9304668597041,146.27543532584983,53.36956090595375,-0.3966522549680695,372.1788108365396
2025-06-07T17:00:00Z,2025-06-07T17:15:00Z,2025-06-07,2025-06-07_20,100.0,0,100,0,188.17693711526232,168.6307414630884,0.05429498792270532,0.0,7.0175,True,True,True,False,4900.75,0.0,0.0,143.53853476657014,0.0,-52.954832711911465,4991.333702054659
2025-06-07T17:15:00Z,2025-06-07T17:30:00Z,2025-06-07,2025-06-07_20,100.0,0,100,0,168.6307414630884,154.66389363700145,0.03879679951690822,0.0,12.1505,True,True,True,False,4900.75,0.0,0.0,143.53853476657014,0.0,8415.955073479829,13460.2436082464
2025-06-07T17:30:00Z,2025-06-07T17:45:00Z,2025-06-07,2025-06-07_20,100.0,0,100,0,154.66389363700145,134.09106755004493,0.05714673913043478,0.0,6.073,True,True,True,False,4900.75,0.0,0.0,143.53853476657014,0.0,2160.464149379239,7204.752684145809
2025-06-07T17:45:00Z,2025-06-07T18:00:00Z,2025-06-07,2025-06-07_20,100.0,0,100,0,134.09106755004493,106.9769371152623,0.07531702898550725,0.0,0.055,True,True,True,False,4900.75,0.0,0.0,143.53853476657014,0.0,-4.3155725675300465,5039.97296219904
2025-06-07T18:00:00Z,2025-06-07T18:15:00Z,2025-06-07,2025-06-07_21,100.0,0,100,0,106.9769371152623,98.79052407178403,0.022740036231884062,0.0,17.4685,True,True,True,False,5634.0,0.0,0.0,143.53853476657014,0.0,15196.365116714927,20973.903651481498
2025-06-07T18:15:00Z,2025-06-07T18:30:00Z,2025-06-07,2025-06-07_21,100.0,0,100,0,98.79052407178403,90.76987189787098,0.02227958937198068,0.0,17.621,True,True,True,False,5634.0,0.0,0.0,143.53853476657014,0.0,15722.676411090395,21500.214945856966
2025-06-07T18:30:00Z,2025-06-07T18:45:00Z,2025-06-07,2025-06-07_21,100.0,0,100,0,90.76987189787098,66.37530668047968,0.06776268115942029,0.0,2.557,True,True,True,False,5634.0,0.0,0.0,143.53853476657014,0.0,547.2346140573559,6324.773148823926
2025-06-07T18:45:00Z,2025-06-07T19:00:00Z,2025-06-07,2025-06-07_21,100.0,0,100,0,66.37530668047968,39.28726320221882,0.0752445652173913,0.0,0.079,True,True,True,False,5634.0,0.0,0.0,143.53853476657014,0.0,-6.11042798778311,5771.428106778787
2025-06-07T19:00:00Z,2025-06-07T19:15:00Z,2025-06-07,2025-06-07_22,7.598818710979512,50,58,42,39.28726320221882,36.640604869170396,0.00812851090657609,0.68675,0.17487,True,True,True,False,310.1457856886288,393.5781999920669,86.2718654555551,83.25235016461068,136.63549234461146,-12.307245307603823,997.5764483378691
2025-06-07T19:15:00Z,2025-06-07T19:30:00Z,2025-06-07,2025-06-07_22,7.598818710979512,50,58,42,36.640604869170396,35.69504997659074,0.007904889080738314,0.0,1.1884199999999998,True,True,True,False,310.1457856886288,393.5781999920669,86.2718654555551,83.25235016461068,0.0,245.1934699972234,1118.4416712980849
2025-06-07T19:30:00Z,2025-06-07T19:45:00Z,2025-06-07,2025-06-07_22,7.598818710979512,50,58,42,35.69504997659074,34.55091986005041,0.007520088978036042,0.0,0.97759,True,True,True,False,310.1457856886288,393.5781999920669,86.2718654555551,83.25235016461068,0.0,32.72547572289873,905.9736770237602
2025-06-07T19:45:00Z,2025-06-07T20:00:00Z,2025-06-07,2025-06-07_22,7.598818710979512,50,58,42,34.55091986005041,32.82608695652195,0.006394800094480293,0.0,0.36105000000000004,True,True,True,False,310.1457856886288,393.5781999920669,86.2718654555551,83.25235016461068,0.0,-19.496785926777992,853.7514153740835
2025-06-07T20:00:00Z,2025-06-07T20:15:00Z,2025-06-07,2025-06-07_23,50.9015591542243,49,100,0,32.82608695652195,19.040542112549133,0.03863446883984802,0.083055,0.136,True,True,True,False,1569.295068724735,0.0,84.546428146444,146.60267343619847,10.706784736821229,-9.50397842211733,1801.6469766220814
2025-06-07T20:15:00Z,2025-06-07T20:30:00Z,2025-06-07,2025-06-07_23,50.9015591542243,49,100,0,19.040542112549133,18.106052086778632,0.03480116414640259,0.0,12.8335,True,True,True,False,1569.295068724735,0.0,84.546428146444,146.60267343619847,0.0,7720.270855479751,9520.715025787129
2025-06-07T20:30:00Z,2025-06-07T20:45:00Z,2025-06-07,2025-06-07_23,50.9015591542243,49,100,0,18.106052086778632,10.000000000000195,0.03681455009556801,0.0,5.6975,True,True,True,False,1569.295068724735,0.0,84.546428146444,146.60267343619847,0.0,648.6847031057872,2449.128873413165
2025-06-07T20:45:00Z,2025-06-07T21:00:00Z,2025-06-07,2025-06-07_23,50.9015591542243,49,100,0,10.000000000000195,10.148882157773212,0.034497011952848725,0.0,13.911499999999998,True,True,True,False,1569.295068724735,0.0,84.546428146444,146.60267343619847,0.0,4688.808969596605,6489.253139903982
2025-06-07T21:00:00Z,2025-06-07T21:15:00Z,2025-06-08,2025-06-07_24,8.868865064046691,91,100,0,10.148882157773212,10.00000000000003,0.011694785999908204,0.0027300000000000002,2.422,True,True,True,False,262.62926670908263,0.0,157.39379635873232,145.76970370076555,0.3519297132204197,-61.5486390861132,504.5960573956877
2025-06-07T21:15:00Z,2025-06-07T21:30:00Z,2025-06-08,2025-06-07_24,8.868865064046691,91,100,0,10.00000000000003,18.65435973072149,0.031089993195428614,0.0,11.836,True,True,True,False,262.62926670908263,0.0,157.39379635873232,145.76970370076555,0.0,4008.1580445043833,4573.950811272964
2025-06-07T21:30:00Z,2025-06-07T21:45:00Z,2025-06-08,2025-06-07_24,8.868865064046691,91,100,0,18.65435973072149,36.94704856737884,0.052341243535416394,0.0,22.1465,True,True,True,False,262.62926670908263,0.0,157.39379635873232,145.76970370076555,0.0,19847.435739657292,20413.228506425872
2025-06-07T21:45:00Z,2025-06-07T22:00:00Z,2025-06-08,2025-06-07_24,8.868865064046691,91,100,0,36.94704856737884,55.14345226772745,0.05212894745035565,0.0,22.0435,True,True,True,False,262.62926670908263,0.0,157.39379635873232,145.76970370076555,0.0,16662.585557792234,17228.378324560814
2025-06-07T22:00:00Z,2025-06-07T22:15:00Z,2025-06-08,2025-06-08_1,20.999999999999996,24,45,55,55.14345226772745,50.73573657207527,0.015797921376811592,0.0021599999999999996,1.3038750000000001,True,True,True,False,504.05249999999995,515.4000237991353,41.5104517869184,65.59636666534449,0.2784498829875847,81.32190435226687,1208.1596964866526
2025-06-07T22:15:00Z,2025-06-07T22:30:00Z,2025-06-08,2025-06-08_1,20.999999999999996,24,45,55,50.73573657207527,46.982180554683964,0.015761317826086956,0.0,1.95705,True,True,True,False,504.05249999999995,515.4000237991353,41.5104517869184,65.59636666534449,0.0,-64.38175176510254,1062.1775904862957
2025-06-07T22:30:00Z,2025-06-07T22:45:00Z,2025-06-08,2025-06-08_1,20.999999999999996,24,45,55,46.982180554683964,44.18647137207527,0.015717112173913042,0.0,2.9169,True,True,True,False,504.05249999999995,515.4000237991353,41.5104517869184,65.59636666534449,0.0,-24.443254075601917,1102.1160881757962
2025-06-07T22:45:00Z,2025-06-07T23:00:00Z,2025-06-08,2025-06-08_1,20.999999999999996,24,45,55,44.18647137207527,41.25110425903179,0.01572355753623188,0.0,2.7769500000000003,True,True,True,False,504.05249999999995,515.4000237991353,41.5104517869184,65.59636666534449,0.0,-23.465453304113282,1103.0938889472848
2025-06-07T23:00:00Z,2025-06-07T23:15:00Z,2025-06-08,2025-06-08_2,0.0,45,45,55,41.25110425903179,40.86676747642309,0.0011987021739130433,0.3753,0.02565,True,True,True,False,0.0,515.4000237991353,77.83209710047201,65.59636666534449,50.84391301416049,-1.9839554162865414,707.6884451628257
2025-06-07T23:15:00Z,2025-06-07T23:30:00Z,2025-06-08,2025-06-08_2,0.0,45,45,55,40.86676747642309,40.092060780770915,0.002164613043478261,0.714825,0.0024749999999999998,True,True,True,False,0.0,515.4000237991353,77.83209710047201,65.59636666534449,97.9727899924636,-0.19143429455396452,756.6098432628614
2025-06-07T23:30:00Z,2025-06-07T23:45:00Z,2025-06-08,2025-06-08_2,0.0,45,45,55,40.092060780770915,40.25277338946656,0.0005483260869565218,0.016875,0.194625,True,True,True,False,0.0,515.4000237991353,77.83209710047201,65.59636666534449,2.1753897108405065,-8.645569667010433,652.3583076087818
2025-06-07T23:45:00Z,2025-06-08T00:00:00Z,2025-06-08,2025-06-08_2,0.0,45,45,55,40.25277338946656,41.39706938946656,0.0031785999999999993,0.0,1.2437999999999998,True,True,True,False,0.0,515.4000237991353,77.83209710047201,65.59636666534449,0.0,-46.68332521518384,612.1451623497679
2025-06-08T00:00:00Z,2025-06-08T00:15:00Z,2025-06-08,2025-06-08_3,2.000000000000014,43,45,55,41.39706938946656,41.11776679816221,0.00216703386473431,0.0,0.28485,True,True,True,False,43.195000000000306,515.4000237991353,74.37289278489548,65.59636666534449,0.0,-14.543834715005353,684.0204485343702
2025-06-08T00:15:00Z,2025-06-08T00:30:00Z,2025-06-08,2025-06-08_3,2.000000000000014,43,45,55,41.11776679816221,42.96710244164046,0.007463915434782615,0.0,2.5800750000000003,True,True,True,False,43.195000000000306,515.4000237991353,74.37289278489548,65.59636666534449,0.0,-31.350096193129986,667.2141870562456
2025-06-08T00:30:00Z,2025-06-08T00:45:00Z,2025-06-08,2025-06-08_3,2.000000000000014,43,45,55,42.96710244164046,43.95025071990133,0.005308503671497593,0.0,1.6461000000000001,True,True,True,False,43.195000000000306,515.4000237991353,74.37289278489548,65.59636666534449,0.0,-18.223256118361032,680.3410271310146
2025-06-08T00:45:00Z,2025-06-08T01:00:00Z,2025-06-08,2025-06-08_3,2.000000000000014,43,45,55,43.95025071990133,46.871939259031755,0.010132347391304353,0.0,3.7363500000000003,True,True,True,False,43.195000000000306,515.4000237991353,74.37289278489548,65.59636666534449,0.0,-16.829951449763993,681.7343317996116
2025-06-08T01:00:00Z,2025-06-08T01:15:00Z,2025-06-08,2025-06-08_4,0.0,45,45,55,46.871939259031755,48.893708259031754,0.005616025,0.0,2.197575,True,True,True,False,0.0,515.4000237991353,77.83209710047201,65.59636666534449,0.0,-24.736774478402285,634.0917130865495
2025-06-08T01:15:00Z,2025-06-08T01:30:00Z,2025-06-08,2025-06-08_4,0.0,45,45,55,48.893708259031754,52.46528625903176,0.009921050000000002,0.0,3.8821500000000007,True,True,True,False,0.0,515.4000237991353,77.83209710047201,65.59636666534449,0.0,-17.744617637142518,641.0838699278092
2025-06-08T01:30:00Z,2025-06-08T01:45:00Z,2025-06-08,2025-06-08_4,0.0,45,45,55,52.46528625903176,53.85197925903176,0.003851925,0.0,1.507275,True,True,True,False,0.0,515.4000237991353,77.83209710047201,65.59636666534449,0.0,-28.223965015271105,630.6045225496807
2025-06-08T01:45:00Z,2025-06-08T02:00:00Z,2025-06-08,2025-06-08_4,0.0,45,45,55,53.85197925903176,56.92385925903176,0.008533,0.0,3.339,True,True,True,False,0.0,515.4000237991353,77.83209710047201,65.59636666534449,0.0,-12.830336956090594,645.9981506088612
2025-06-08T02:00:00Z,2025-06-08T02:15:00Z,2025-06-08,2025-06-08_5,88.0,12,100,0,56.92385925903176,37.011238841640456,0.05761252782608696,0.0,3.7495000000000003,True,True,True,False,1737.12,0.0,20.7552258934592,143.53853476657014,0.0,-66.41453016540399,1834.9992304946252
2025-06-08T02:15:00Z,2025-06-08T02:30:00Z,2025-06-08,2025-06-08_5,88.0,12,100,0,37.011238841640456,24.931957832944807,0.04035634502415459,0.0,11.0915,True,True,True,False,1737.12,0.0,20.7552258934592,143.53853476657014,0.0,599.5507663321565,2500.9645269921857
2025-06-08T02:30:00Z,2025-06-08T02:45:00Z,2025-06-08,2025-06-08_5,88.0,12,100,0,24.931957832944807,10.094150667727417,0.04643314434782608,0.0,8.506,True,True,True,False,1737.12,0.0,20.7552258934592,143.53853476657014,0.0,868.0296918011979,2769.443452461227
2025-06-08T02:45:00Z,2025-06-08T03:00:00Z,2025-06-08,2025-06-08_5,88.0,12,100,0,10.094150667727417,10.217787050336113,0.013474352270531405,0.0,22.529,True,True,True,False,1737.12,0.0,20.7552258934592,143.53853476657014,0.0,20101.933878069096,22003.347638729127
2025-06-08T03:00:00Z,2025-06-08T03:15:00Z,2025-06-08,2025-06-08_6,2.9492240137172563,97,100,0,10.217787050336113,14.427605289874803,0.015181361331847281,0.0,5.418,True,True,True,False,48.61058480609468,0.0,167.7714093054619,143.53853476657014,0.0,1341.3971694895085,1701.3176983676353
2025-06-08T03:15:00Z,2025-06-08T03:30:00Z,2025-06-08,2025-06-08_6,2.9492240137172563,97,100,0,14.427605289874803,20.71341527196451,0.020548274789489708,0.0,7.6625,True,True,True,False,48.61058480609468,0.0,167.7714093054619,143.53853476657014,0.0,5421.070581789695,5780.991110667822
2025-06-08T03:30:00Z,2025-06-08T03:45:00Z,2025-06-08,2025-06-08_6,2.9492240137172563,97,100,0,20.71341527196451,30.488500749163926,0.029568849981717847,0.0,11.435,True,True,True,False,48.61058480609468,0.0,167.7714093054619,143.53853476657014,0.0,841.414341953909,1201.3348708320357
2025-06-08T03:45:00Z,2025-06-08T04:00:00Z,2025-06-08,2025-06-08_6,2.9492240137172563,97,100,0,30.488500749163926,39.89130434782612,0.028606416180558977,0.0,11.0325,True,True,True,False,48.61058480609468,0.0,167.7714093054619,143.53853476657014,0.0,1739.0223731704416,2098.942902048568
2025-06-08T04:00:00Z,2025-06-08T04:15:00Z,2025-06-08,2025-06-08_7,1.9999999999999858,43,45,55,39.89130434782612,40.43186447826091,0.004207171859903373,0.0,1.168875,True,True,True,False,22.71999999999984,515.4000237991353,74.37289278489548,65.59636666534449,0.0,-24.37385570782595,653.7154275415492
2025-06-08T04:15:00Z,2025-06-08T04:30:00Z,2025-06-08,2025-06-08_7,1.9999999999999858,43,45,55,40.43186447826091,40.02861216521744,0.0018585986473429845,0.0,0.1512,True,True,True,False,22.71999999999984,515.4000237991353,74.37289278489548,65.59636666534449,0.0,-5.66401761136012,672.4252656380149
2025-06-08T04:30:00Z,2025-06-08T04:45:00Z,2025-06-08,2025-06-08_7,1.9999999999999858,43,45,55,40.02861216521744,40.62759977391309,0.004352562198067624,0.0,1.2318749999999998,True,True,True,False,22.71999999999984,515.4000237991353,74.37289278489548,65.59636666534449,0.0,-40.490237520328414,637.5990457290467
2025-06-08T04:45:00Z,2025-06-08T05:00:00Z,2025-06-08,2025-06-08_7,1.9999999999999858,43,45,55,40.62759977391309,40.10199308695657,0.001650126352656994,0.01677,0.038924999999999994,True,True,True,False,22.71999999999984,515.4000237991353,74.37289278489548,65.59636666534449,2.1618539526397207,-3.01073935980326,677.2403978422116
2025-06-08T05:00:00Z,2025-06-08T05:15:00Z,2025-06-08,2025-06-08_8,-2.7187847161427223,45,42,55,40.10199308695657,40.58558561250587,0.0023760874249751252,0.182025,0.05901000000000001,True,True,True,False,-2.725581677933079,515.4000237991353,77.83209710047201,61.223275554321525,16.97508934592043,-4.505952199436753,664.1989519224794
2025-06-08T05:15:00Z,2025-06-08T05:30:00Z,2025-06-08,2025-06-08_8,-2.7187847161427223,45,42,55,40.58558561250587,41.28663094974037,0.001962667439884683,0.0027,0.08546999999999999,True,True,True,False,-2.725581677933079,515.4000237991353,77.83209710047201,61.223275554321525,0.25179366149696564,-6.435947616119946,645.5456608213727
2025-06-08T05:30:00Z,2025-06-08T05:45:00Z,2025-06-08,2025-06-08_8,-2.7187847161427223,45,42,55,41.28663094974037,42.371853321900865,0.00341919092644167,0.071325,0.58338,True,True,True,False,-2.725581677933079,515.4000237991353,77.83209710047201,61.223275554321525,6.6515492245448415,-6.060686712149459,652.3206772883912
2025-06-08T05:45:00Z,2025-06-08T06:00:00Z,2025-06-08,2025-06-08_8,-2.7187847161427223,45,42,55,42.371853321900865,43.77345086086963,0.005134188250031264,0.21869999999999998,1.09977,True,True,True,False,-2.725581677933079,515.4000237991353,77.83209710047201,61.223275554321525,20.39528658125421,-36.64823975248899,635.476861604761
2025-06-08T06:00:00Z,2025-06-08T06:15:00Z,2025-06-08,2025-06-08_9,0.0,100,100,0,43.77345086086963,35.220189991304416,0.023759057971014488,7.869,0.0,True,True,True,False,0.0,0.0,172.9602157788267,145.76970370076555,1234.9111258974256,0.0,1553.6410453770177
2025-06-08T06:15:00Z,2025-06-08T06:30:00Z,2025-06-08,2025-06-08_9,0.0,100,100,0,35.220189991304416,31.00697955652181,0.01170847342995169,3.877,0.001,True,True,True,False,0.0,0.0,172.9602157788267,145.76970370076555,448.1501975328229,-0.07734718971877355,766.8027698226964
2025-06-08T06:30:00Z,2025-06-08T06:45:00Z,2025-06-08,2025-06-08_9,0.0,100,100,0,31.00697955652181,34.94107346956529,0.011054850241545894,0.021,4.301,True,True,True,False,0.0,0.0,172.9602157788267,145.76970370076555,1.8742235532109002,-13.120003371544167,307.48413966125895
2025-06-08T06:45:00Z,2025-06-08T07:00:00Z,2025-06-08,2025-06-08_9,0.0,100,100,0,34.94107346956529,39.91091346956529,0.013805111111111112,0.0,5.402,True,True,True,False,0.0,0.0,172.9602157788267,145.76970370076555,0.0,2520.3487291261754,2839.0786486057677
2025-06-08T07:00:00Z,2025-06-08T07:15:00Z,2025-06-08,2025-06-08_10,4.000000000000044,41,45,55,39.91091346956529,40.625622043478316,0.0069983450724637915,0.0016400000000000002,1.92915,True,True,True,False,-0.5000000000000056,515.4000237991353,70.91368846931894,65.59636666534449,0.1465208044107731,61.95608585538058,713.51268559359
2025-06-08T07:15:00Z,2025-06-08T07:30:00Z,2025-06-08,2025-06-08_10,4.000000000000044,41,45,55,40.625622043478316,39.89130434782613,0.0038052769323671807,0.0016400000000000002,0.379125,True,True,True,False,-0.5000000000000056,515.4000237991353,70.91368846931894,65.59636666534449,0.1465208044107731,-16.820767646067193,634.7358320921423
2025-06-08T07:30:00Z,2025-06-08T07:45:00Z,2025-06-08,2025-06-08_10,4.000000000000044,41,45,55,39.89130434782613,40.860448347826114,0.007565677777777799,0.00287,2.2027499999999995,True,True,True,False,-0.5000000000000056,515.4000237991353,70.91368846931894,65.59636666534449,0.2564114077188529,-14.653691493792389,637.0127988477252
2025-06-08T07:45:00Z,2025-06-08T08:00:00Z,2025-06-08,2025-06-08_10,4.000000000000044,41,45,55,40.860448347826114,45.36115082608697,0.015332265338164251,0.0,5.977125,True,True,True,False,-0.5000000000000056,515.4000237991353,70.91368846931894,65.59636666534449,0.0,449.3915573311253,1100.801636264924
2025-06-08T08:00:00Z,2025-06-08T08:15:00Z,2025-06-08,2025-06-08_11,17.999999999999982,82,100,0,45.36115082608697,45.73646070434785,0.022190897004830908,0.0,5.5435,True,True,True,False,-8.999999999999991,0.0,141.82737693863788,145.76970370076555,0.0,-32.89687180199119,245.70020883741225
2025-06-08T08:15:00Z,2025-06-08T08:30:00Z,2025-06-08,2025-06-08_11,17.999999999999982,82,100,0,45.73646070434785,55.80942814782612,0.038033725990338156,0.0,15.750999999999998,True,True,True,False,-8.999999999999991,0.0,141.82737693863788,145.76970370076555,0.0,1716.9064822894766,1995.50356292888
2025-06-08T08:30:00Z,2025-06-08T08:45:00Z,2025-06-08,2025-06-08_11,17.999999999999982,82,100,0,55.80942814782612,56.74194362608699,0.023101190338164244,0.0,6.13,True,True,True,False,-8.999999999999991,0.0,141.82737693863788,145.76970370076555,0.0,-34.90751854349292,243.68956209591053
2025-06-08T08:45:00Z,2025-06-08T09:00:00Z,2025-06-08,2025-06-08_11,17.999999999999982,82,100,0,56.74194362608699,65.48246289565222,0.03585693758454107,0.0,14.3485,True,True,True,False,-8.999999999999991,0.0,141.82737693863788,145.76970370076555,0.0,8395.221353476658,8673.818434116061
2025-06-08T09:00:00Z,2025-06-08T09:15:00Z,2025-06-08,2025-06-08_12,0.0,45,45,55,65.48246289565222,65.74381898260874,0.0023387608695652176,0.267075,0.599625,True,True,True,False,0.0,515.4000237991353,77.83209710047201,75.55630478759271,23.846700993613897,-18.66243918825116,673.9726874925627
2025-06-08T09:15:00Z,2025-06-08T09:30:00Z,2025-06-08,2025-06-08_12,0.0,45,45,55,65.74381898260874,65.79625963478266,0.0014758315217391306,0.220275,0.31725,True,True,True,False,0.0,515.4000237991353,77.83209710047201,75.55630478759271,19.66800359961921,-13.51644059140851,674.9399886954106
2025-06-08T09:30:00Z,2025-06-08T09:45:00Z,2025-06-08,2025-06-08_12,0.0,45,45,55,65.79625963478266,65.85064546086961,0.00017552826086956522,0.00405,0.0639,True,True,True,False,0.0,515.4000237991353,77.83209710047201,75.55630478759271,0.3616180437110785,-4.94248542302963,664.2075583078814
2025-06-08T09:45:00Z,2025-06-08T10:00:00Z,2025-06-08,2025-06-08_12,0.0,45,45,55,65.85064546086961,66.15313076521744,0.0008755630434782608,0.005849999999999999,0.3357,True,True,True,False,0.0,515.4000237991353,77.83209710047201,75.55630478759271,0.5223371742493356,-14.586458609337193,654.7243042521121
2025-06-08T10:00:00Z,2025-06-08T10:15:00Z,2025-06-08,2025-06-08_13,-44.62447638974519,45,0,55,66.15313076521744,76.36120032206365,0.028358787426250028,0.0603,0.0,True,True,True,False,191.21588133005815,515.4000237991353,77.83209710047201,0.0,5.388515727261909,0.0,789.8365179569273
2025-06-08T10:15:00Z,2025-06-08T10:30:00Z,2025-06-08,2025-06-08_13,-44.62447638974519,45,0,55,76.36120032206365,86.61425690419551,0.028481290980080152,0.011474999999999999,0.0,True,True,True,False,191.21588133005815,515.4000237991353,77.83209710047201,0.0,1.0253445718138907,0.0,785.4733468014794
2025-06-08T10:30:00Z,2025-06-08T10:45:00Z,2025-06-08,2025-06-08_13,-44.62447638974519,45,0,55,86.61425690419551,96.87788647383691,0.028510082137892766,0.0,0.0,True,True,True,False,191.21588133005815,515.4000237991353,77.83209710047201,0.0,0.0,0.0,784.4480022296655
2025-06-08T10:45:00Z,2025-06-08T11:00:00Z,2025-06-08,2025-06-08_13,-44.62447638974519,45,0,55,96.87788647383691,107.1415160434783,0.028510082137892762,0.0,0.0,True,True,True,False,191.21588133005815,515.4000237991353,77.83209710047201,0.0,0.0,0.0,784.4480022296655
2025-06-08T11:00:00Z,2025-06-08T11:15:00Z,2025-06-08,2025-06-08_14,-45.0,45,0,55,107.1415160434783,117.49048104347831,0.028747125,0.0011250000000000001,0.0,True,True,True,False,288.5625,515.4000237991353,77.83209710047201,0.0,0.1004896176272262,0.0,881.8951105172346
2025-06-08T11:15:00Z,2025-06-08T11:30:00Z,2025-06-08,2025-06-08_14,-45.0,45,0,55,117.49048104347831,127.83965304347831,0.0287477,0.0009000000000000001,0.0,True,True,True,False,288.5625,515.4000237991353,77.83209710047201,0.0,0.0804398873507596,0.0,881.8750607869581
2025-06-08T11:30:00Z,2025-06-08T11:45:00Z,2025-06-08,2025-06-08_14,-45.0,45,0,55,127.83965304347831,138.1896530434783,0.028750000000000005,0.0,0.0,True,True,True,False,288.5625,515.4000237991353,77.83209710047201,0.0,0.0,0.0,881.7946208996073
2025-06-08T11:45:00Z,2025-06-08T12:00:00Z,2025-06-08,2025-06-08_14,-45.0,45,0,55,138.1896530434783,148.5396530434783,0.028750000000000005,0.0,0.0,True,True,True,False,288.5625,515.4000237991353,77.83209710047201,0.0,0.0,0.0,881.7946208996073
2025-06-08T12:00:00Z,2025-06-08T12:15:00Z,2025-06-08,2025-06-08_15,0.0,100,100,0,148.5396530434783,159.5929930434783,0.030703722222222223,0.0,12.0145,True,True,True,False,0.0,0.0,172.9602157788267,168.25988655745508,0.0,3430.651811411685,3771.8719137479666
2025-06-08T12:15:00Z,2025-06-08T12:30:00Z,2025-06-08,2025-06-08_15,0.0,100,100,0,159.5929930434783,169.8100530434783,0.028380722222222224,0.0,11.1055,True,True,True,False,0.0,0.0,172.9602157788267,168.25988655745508,0.0,1274.4278167268255,1615.6479190631073
2025-06-08T12:30:00Z,2025-06-08T12:45:00Z,2025-06-08,2025-06-08_15,0.0,100,100,0,169.8100530434783,169.81806782608697,0.006936514492753623,1.145,1.3615,True,True,True,False,0.0,0.0,172.9602157788267,168.25988655745508,102.26247471341874,-19.669951410098765,423.8126256396017
2025-06-08T12:45:00Z,2025-06-08T13:00:00Z,2025-06-08,2025-06-08_15,0.0,100,100,0,169.81806782608697,163.99361130434784,0.016179045893719806,5.3585,0.0,True,True,True,False,0.0,0.0,172.9602157788267,168.25988655745508,618.3370201499346,0.0,959.5571224862164
2025-06-08T13:00:00Z,2025-06-08T13:15:00Z,2025-06-08,2025-06-08_16,0.0,100,100,0,163.99361130434784,166.8777086956522,0.010843507246376812,0.469,3.689,True,True,True,False,0.0,0.0,172.9602157788267,168.25988655745508,41.85672920550553,-28.637269049224546,354.43956249256274
2025-06-08T13:15:00Z,2025-06-08T13:30:00Z,2025-06-08,2025-06-08_16,0.0,100,100,0,166.8777086956522,169.4205947826087,0.007978427536231883,0.1515,2.943,True,True,True,False,0.0,0.0,172.9602157788267,168.25988655745508,13.520883741224068,42.832317639125776,397.5733037166316
2025-06-08T13:30:00Z,2025-06-08T13:45:00Z,2025-06-08,2025-06-08_16,0.0,100,100,0,169.4205947826087,165.26407304347828,0.011545893719806763,3.824,0.0,True,True,True,False,0.0,0.0,172.9602157788267,168.25988655745508,383.3646836698266,0.0,724.5847860061084
2025-06-08T13:45:00Z,2025-06-08T14:00:00Z,2025-06-08,2025-06-08_16,0.0,100,100,0,165.26407304347828,152.08798608695653,0.03660024154589372,12.122,0.0,True,True,True,False,0.0,0.0,172.9602157788267,168.25988655745508,7502.371720677482,0.0,7843.591823013763
2025-06-08T14:00:00Z,2025-06-08T14:15:00Z,2025-06-08,2025-06-08_17,0.0,100,100,0,152.08798608695653,152.35105913043478,0.02219513043478261,3.5545,4.4855,True,True,True,False,0.0,0.0,172.9602157788267,146.15643964935938,2873.110626115584,-23.567956745071594,3168.659324798699
2025-06-08T14:15:00Z,2025-06-08T14:30:00Z,2025-06-08,2025-06-08_17,0.0,100,100,0,152.35105913043478,159.90701913043478,0.020988777777777776,0.0,8.213,True,True,True,False,0.0,0.0,172.9602157788267,146.15643964935938,0.0,-4.412561381936455,314.7040940462496
2025-06-08T14:30:00Z,2025-06-08T14:45:00Z,2025-06-08,2025-06-08_17,0.0,100,100,0,159.90701913043478,163.51495478260867,0.010598734299516912,0.0955,4.0345,True,True,True,False,0.0,0.0,172.9602157788267,146.15643964935938,9.90304430605688,-28.546836004125183,300.47286373011775
2025-06-08T14:45:00Z,2025-06-08T15:00:00Z,2025-06-08,2025-06-08_17,0.0,100,100,0,163.51495478260867,160.94401304347824,0.007200282608695652,2.375,0.0115,True,True,True,False,0.0,0.0,172.9602157788267,146.15643964935938,272.3902016976716,-0.4730071199079766,591.0338500059497
2025-06-08T15:00:00Z,2025-06-08T15:15:00Z,2025-06-08,2025-06-08_18,0.0,100,100,0,160.94401304347824,178.59145304347823,0.049020666666666664,0.0,19.182,True,True,True,False,0.0,0.0,172.9602157788267,145.76970370076555,0.0,15743.863697592322,16062.593617071914
2025-06-08T15:15:00Z,2025-06-08T15:30:00Z,2025-06-08,2025-06-08_18,0.0,100,100,0,178.59145304347823,189.81415999999996,0.031237591787439616,0.0105,12.211,True,True,True,False,0.0,0.0,172.9602157788267,145.76970370076555,1.3535758200785373,5292.423026060053,5612.5065213597245
2025-06-08T15:30:00Z,2025-06-08T15:45:00Z,2025-06-08,2025-06-08_18,0.0,100,100,0,189.81415999999996,186.95815217391302,0.008965799516908212,2.7985,0.202,True,True,True,False,0.0,0.0,172.9602157788267,145.76970370076555,484.1634776486454,-10.388325334179525,792.5050717940582
2025-06-08T15:45:00Z,2025-06-08T16:00:00Z,2025-06-08,2025-06-08_18,0.0,100,100,0,186.95815217391302,168.71304347826086,0.0506808574879227,16.7855,0.0,True,True,True,False,0.0,0.0,172.9602157788267,145.76970370076555,14708.128757090157,0.0,15026.85867656975
2025-06-08T16:00:00Z,2025-06-08T16:15:00Z,2025-06-08,2025-06-08_19,0.0,57,57,43,168.71304347826086,168.54147942608694,0.005178686811594203,0.93651,0.9199800000000001,True,True,True,False,0.0,402.9491095156876,98.58732299393121,83.08873110943635,199.3035998314228,-23.34288232517552,760.5858811253024
2025-06-08T16:15:00Z,2025-06-08T16:30:00Z,2025-06-08,2025-06-08_19,0.0,57,57,43,168.54147942608694,169.984634173913,0.0041223501449275364,0.01881,1.59087,True,True,True,False,0.0,402.9491095156876,98.58732299393121,83.08873110943635,2.4248343976835507,-14.563045216373803,572.486952800365
2025-06-08T16:30:00Z,2025-06-08T16:45:00Z,2025-06-08,2025-06-08_19,0.0,57,57,43,169.984634173913,167.6823298260869,0.006395289855072463,2.11812,0.0,True,True,True,False,0.0,402.9491095156876,98.58732299393121,83.08873110943635,474.0145209234064,0.0,1058.6396845424615
2025-06-08T16:45:00Z,2025-06-08T17:00:00Z,2025-06-08,2025-06-08_19,0.0,57,57,43,167.6823298260869,160.3225146086956,0.020443931159420288,6.77103,0.0,True,True,True,False,0.0,402.9491095156876,98.58732299393121,83.08873110943635,1670.7075391495775,0.0,2255.3327027686328
2025-06-08T17:00:00Z,2025-06-08T17:15:00Z,2025-06-08,2025-06-08_20,4.575945541297272,95,100,0,160.3225146086956,160.0771777190297,0.010392055195354962,0.7809,1.991,True,True,True,False,173.1537792826888,0.0,163.9165443655547,143.53853476657014,132.65790805600727,-82.12450517631193,531.142261294509
2025-06-08T17:15:00Z,2025-06-08T17:30:00Z,2025-06-08,2025-06-08_20,4.575945541297272,95,100,0,160.0771777190297,162.46727950809083,0.01246493611980571,0.0,3.917,True,True,True,False,173.1537792826888,0.0,163.9165443655547,143.53853476657014,0.0,-73.27731129268969,407.33154712212394
2025-06-08T17:30:00Z,2025-06-08T17:45:00Z,2025-06-08,2025-06-08_20,4.575945541297272,95,100,0,162.46727950809083,167.56469816876898,0.019178805626575438,0.0,6.8355,True,True,True,False,173.1537792826888,0.0,163.9165443655547,143.53853476657014,0.0,3410.288457022728,3890.8973154375417
2025-06-08T17:45:00Z,2025-06-08T18:00:00Z,2025-06-08,2025-06-08_20,4.575945541297272,95,100,0,167.56469816876898,168.43439826086924,0.008694495098186527,0.0,2.278,True,True,True,False,173.1537792826888,0.0,163.9165443655547,143.53853476657014,0.0,-100.06763991908294,380.5412184957307
2025-06-08T18:00:00Z,2025-06-08T18:15:00Z,2025-06-08,2025-06-08_21,100.0,0,100,0,168.43439826086924,156.51483304347795,0.033109903381642505,0.0,14.034000000000002,True,True,True,False,4440.5,0.0,0.0,143.53853476657014,0.0,12057.474953393361,16641.51348815993
2025-06-08T18:15:00Z,2025-06-08T18:30:00Z,2025-06-08,2025-06-08_21,100.0,0,100,0,156.51483304347795,145.22733304347796,0.03135416666666666,0.0,14.6155,True,True,True,False,4440.5,0.0,0.0,143.53853476657014,0.0,10920.88177918369,15504.92031395026
2025-06-08T18:30:00Z,2025-06-08T18:45:00Z,2025-06-08,2025-06-08_21,100.0,0,100,0,145.22733304347796,122.72515913043448,0.062506038647343,0.0,4.298,True,True,True,False,4440.5,0.0,0.0,143.53853476657014,0.0,-51.27049779857999,4532.76803696799
2025-06-08T18:45:00Z,2025-06-08T19:00:00Z,2025-06-08,2025-06-08_21,100.0,0,100,0,122.72515913043448,98.79363739130405,0.06647644927536231,0.0,2.983,True,True,True,False,4440.5,0.0,0.0,143.53853476657014,0.0,-113.00045575344095,4471.038079013129
2025-06-08T19:00:00Z,2025-06-08T19:15:00Z,2025-06-08,2025-06-08_22,79.0,0,79,21,98.79363739130405,80.262985217391,0.05147403381642511,0.0,2.7018,True,True,True,False,3140.645,196.78909999603346,0.0,113.39544246559042,0.0,-74.08007453095871,3376.749467930665
2025-06-08T19:15:00Z,2025-06-08T19:30:00Z,2025-06-08,2025-06-08_22,79.0,0,79,21,80.262985217391,59.104294999999695,0.05877413949275362,0.0,0.28400499999999995,True,True,True,False,3140.645,196.78909999603346,0.0,113.39544246559042,0.0,-18.576074132323185,3432.2534683293006
2025-06-08T19:30:00Z,2025-06-08T19:45:00Z,2025-06-08,2025-06-08_22,79.0,0,79,21,59.104294999999695,40.262365652173614,0.05233869263285024,0.0,2.415425,True,True,True,False,3140.645,196.78909999603346,0.0,113.39544246559042,0.0,-22.049339950815117,3428.7802025108085
2025-06-08T19:45:00Z,2025-06-08T20:00:00Z,2025-06-08,2025-06-08_22,79.0,0,79,21,40.262365652173614,21.44576782608666,0.05226832729468598,0.0,2.43873,True,True,True,False,3140.645,196.78909999603346,0.0,113.39544246559042,0.0,-86.49409476617349,3364.3354476954505
2025-06-08T20:00:00Z,2025-06-08T20:15:00Z,2025-06-08,2025-06-08_23,0.0,100,100,0,21.44576782608666,12.28163739130405,0.025455917874396133,8.431,0.0,True,True,True,False,0.0,0.0,172.5437309111102,146.15643964935938,1771.8108841378762,0.0,2090.511054698346
2025-06-08T20:15:00Z,2025-06-08T20:30:00Z,2025-06-08,2025-06-08_23,0.0,100,100,0,12.28163739130405,10.305550434782312,0.005489130434782608,1.818,0.0,True,True,True,False,0.0,0.0,172.5437309111102,146.15643964935938,310.2711106263139,0.0,628.9712811867835
2025-06-08T20:30:00Z,2025-06-08T20:45:00Z,2025-06-08,2025-06-08_23,0.0,100,100,0,10.305550434782312,10.103003478260572,0.000623963768115942,0.1965,0.012,True,True,True,False,0.0,0.0,172.5437309111102,146.15643964935938,25.331204632898338,-0.9281662766252826,343.10320891674263
2025-06-08T20:45:00Z,2025-06-08T21:00:00Z,2025-06-08,2025-06-08_23,0.0,100,100,0,10.103003478260572,9.999999999999702,0.0004113429951690821,0.1155,0.0245,True,True,True,False,0.0,0.0,172.5437309111102,146.15643964935938,14.88933402086391,-1.8555414303280313,331.73396315100547
2025-06-08T21:00:00Z,2025-06-08T21:15:00Z,2025-06-09,2025-06-08_24,-38.00000000000557,38,62,0,9.999999999999702,16.72315760000098,0.01867543777778134,2.19222,0.0,True,True,True,False,-958.9300000001406,0.0,65.72488199595415,90.37721629447462,367.9622705128713,0.0,-434.86563119684047
2025-06-08T21:15:00Z,2025-06-08T21:30:00Z,2025-06-09,2025-06-08_24,-38.00000000000557,38,62,0,16.72315760000098,24.425195200002264,0.02139454888889245,1.12822,0.0,True,True,True,False,-958.9300000001406,0.0,65.72488199595415,90.37721629447462,171.21905384951012,0.0,-631.6088478602016
2025-06-08T21:30:00Z,2025-06-08T21:45:00Z,2025-06-09,2025-06-08_24,-38.00000000000557,38,62,0,24.425195200002264,33.18503040000354,0.024332875555559116,0.012539999999999999,0.034100000000000005,True,True,True,False,-958.9300000001406,0.0,65.72488199595415,90.37721629447462,1.616556265122367,-2.6375391694101786,-803.8488846139996
2025-06-08T21:45:00Z,2025-06-08T22:00:00Z,2025-06-09,2025-06-08_24,-38.00000000000557,38,62,0,33.18503040000354,44.06659720000482,0.030226574444448005,0.0,2.3277900000000002,True,True,True,False,-958.9300000001406,0.0,65.72488199595415,90.37721629447462,0.0,-67.34580576534053,-870.1737074750523
2025-06-08T22:00:00Z,2025-06-08T22:15:00Z,2025-06-09,2025-06-09_1,0.0,45,45,55,44.06659720000482,40.390794895656995,0.010816611956521739,3.4821,0.11857500000000001,True,True,True,False,0.0,515.4000237991353,77.83209710047201,65.59636666534449,647.2968519297132,-4.348322235333783,1301.7770172593312
2025-06-08T22:15:00Z,2025-06-08T22:30:00Z,2025-06-09,2025-06-09_1,0.0,45,45,55,40.390794895656995,39.988948026091784,0.0016935413043478263,0.4653,0.11295000000000001,True,True,True,False,0.0,515.4000237991353,77.83209710047201,65.59636666534449,64.11491083257309,-4.568760521201063,718.3746378763238
2025-06-08T22:30:00Z,2025-06-08T22:45:00Z,2025-06-09,2025-06-09_1,0.0,45,45,55,39.988948026091784,40.46566902609178,0.0013242249999999998,0.0,0.5181749999999999,True,True,True,False,0.0,515.4000237991353,77.83209710047201,65.59636666534449,0.0,-21.682533527031847,637.14595403792
2025-06-08T22:45:00Z,2025-06-08T23:00:00Z,2025-06-09,2025-06-09_1,0.0,45,45,55,40.46566902609178,43.16660502609178,0.007502600000000002,0.0,2.9358000000000004,True,True,True,False,0.0,515.4000237991353,77.83209710047201,65.59636666534449,0.0,-15.72820701281187,643.1002805521399
2025-06-08T23:00:00Z,2025-06-08T23:15:00Z,2025-06-09,2025-06-09_2,73.00000000000003,27,100,0,43.16660502609178,31.48755528696134,0.04324720483091789,0.0,7.829999999999999,True,True,True,False,1724.8075000000008,0.0,46.69925826028321,145.76970370076555,0.0,-49.240702471143535,1868.035759489906
2025-06-08T23:15:00Z,2025-06-08T23:30:00Z,2025-06-09,2025-06-09_2,73.00000000000003,27,100,0,31.48755528696134,24.06718293913525,0.03705829541062802,0.0,11.9175,True,True,True,False,1724.8075000000008,0.0,46.69925826028321,145.76970370076555,0.0,-0.0,1917.2764619610496
2025-06-08T23:30:00Z,2025-06-08T23:45:00Z,2025-06-09,2025-06-09_2,73.00000000000003,27,100,0,24.06718293913525,13.447202452178725,0.04170811579710145,0.0,8.8465,True,True,True,False,1724.8075000000008,0.0,46.69925826028321,145.76970370076555,0.0,145.68425042640118,2062.9607123874507
2025-06-08T23:45:00Z,2025-06-09T00:00:00Z,2025-06-09,2025-06-09_2,73.00000000000003,27,100,0,13.447202452178725,11.430531704352632,0.029205383188405792,0.0,17.104,True,True,True,False,1724.8075000000008,0.0,46.69925826028321,145.76970370076555,0.0,6542.224029193605,8459.500491154655
2025-06-09T00:00:00Z,2025-06-09T00:15:00Z,2025-06-09,2025-06-09_3,51.7842631654192,48,100,0,11.430531704352632,10.015423637887434,0.03492141344452607,0.0,12.5755,True,True,True,False,1132.6512960856314,0.0,83.0209035738368,145.76970370076555,0.0,398.7312902106223,1760.173193570856
2025-06-09T00:15:00Z,2025-06-09T00:30:00Z,2025-06-09,2025-06-09_3,51.7842631654192,48,100,0,10.015423637887434,14.97924133410872,0.032821288151117345,0.0,18.9135,True,True,True,False,1132.6512960856314,0.0,83.0209035738368,145.76970370076555,0.0,10518.032090159057,11879.47399351929
2025-06-09T00:30:00Z,2025-06-09T00:45:00Z,2025-06-09,2025-06-09_3,51.7842631654192,48,100,0,14.97924133410872,17.314696040545254,0.03368662062251793,0.0,16.302,True,True,True,False,1132.6512960856314,0.0,83.0209035738368,145.76970370076555,0.0,5572.295310777042,6933.737214137275
2025-06-09T00:45:00Z,2025-06-09T01:00:00Z,2025-06-09,2025-06-09_3,51.7842631654192,48,100,0,17.314696040545254,22.76261965217396,0.03266190660076556,0.0,19.3945,True,True,True,False,1132.6512960856314,0.0,83.0209035738368,145.76970370076555,0.0,14443.540568105193,15804.982471465426
2025-06-09T01:00:00Z,2025-06-09T01:15:00Z,2025-06-09,2025-06-09_4,0.0,100,100,0,22.76261965217396,31.74917965217396,0.024962666666666668,0.0,9.768,True,True,True,False,0.0,0.0,172.9602157788267,145.76970370076555,0.0,1707.4026956487248,2026.132615128317
2025-06-09T01:15:00Z,2025-06-09T01:30:00Z,2025-06-09,2025-06-09_4,0.0,100,100,0,31.74917965217396,37.44167965217396,0.0158125,0.0,6.1875,True,True,True,False,0.0,0.0,172.9602157788267,145.76970370076555,0.0,-60.235537067153224,258.494382412439
2025-06-09T01:30:00Z,2025-06-09T01:45:00Z,2025-06-09,2025-06-09_4,0.0,100,100,0,37.44167965217396,39.25269965217396,0.005030611111111111,0.0,1.9684999999999997,True,True,True,False,0.0,0.0,172.9602157788267,145.76970370076555,0.0,-69.19615981119351,249.53375966839872
2025-06-09T01:45:00Z,2025-06-09T02:00:00Z,2025-06-09,2025-06-09_4,0.0,100,100,0,39.25269965217396,40.74539965217396,0.0041463888888888896,0.0,1.6225,True,True,True,False,0.0,0.0,172.9602157788267,145.76970370076555,0.0,-65.11109039704891,253.61882908254333
2025-06-09T02:00:00Z,2025-06-09T02:15:00Z,2025-06-09,2025-06-09_5,0.0,45,45,55,40.74539965217396,41.805032652173956,0.002943425,0.0,1.151775,True,True,True,False,0.0,515.4000237991353,77.83209710047201,64.59234064495656,0.0,-41.58811864364761,616.2363429009163
2025-06-09T02:15:00Z,2025-06-09T02:30:00Z,2025-06-09,2025-06-09_5,0.0,45,45,55,41.805032652173956,42.311354652173954,0.00140645,0.0,0.55035,True,True,True,False,0.0,515.4000237991353,77.83209710047201,64.59234064495656,0.0,-22.824975467058028,634.9994860775058
2025-06-09T02:30:00Z,2025-06-09T02:45:00Z,2025-06-09,2025-06-09_5,0.0,45,45,55,42.311354652173954,42.32449230434787,8.540652173913043e-05,0.0081,0.02385,True,True,True,False,0.0,515.4000237991353,77.83209710047201,64.59234064495656,1.044187061203443,-1.844730474792749,657.0239181309746
2025-06-09T02:45:00Z,2025-06-09T03:00:00Z,2025-06-09,2025-06-09_5,0.0,45,45,55,42.32449230434787,42.911751304347874,0.0016312750000000002,0.0,0.638325,True,True,True,False,0.0,515.4000237991353,77.83209710047201,64.59234064495656,0.0,-22.894728412201022,634.9297331323628
2025-06-09T03:00:00Z,2025-06-09T03:15:00Z,2025-06-09,2025-06-09_6,0.0,45,45,55,42.911751304347874,44.17031130434788,0.0034960000000000004,0.0,1.368,True,True,True,False,0.0,515.4000237991353,77.83209710047201,64.59234064495656,0.0,-42.720495022014205,615.1039665225496
2025-06-09T03:15:00Z,2025-06-09T03:30:00Z,2025-06-09,2025-06-09_6,0.0,45,45,55,44.17031130434788,44.25663030434788,0.00023977500000000001,0.0,0.093825,True,True,True,False,0.0,515.4000237991353,77.83209710047201,64.59234064495656,0.0,-6.535576856332553,651.2888846882313
2025-06-09T03:30:00Z,2025-06-09T03:45:00Z,2025-06-09,2025-06-09_6,0.0,45,45,55,44.25663030434788,44.319238608695706,0.00017798804347826086,0.000675,0.06885,True,True,True,False,0.0,515.4000237991353,77.83209710047201,64.59234064495656,0.08701558843362026,-5.325354012137558,652.58612312086
2025-06-09T03:45:00Z,2025-06-09T04:00:00Z,2025-06-09,2025-06-09_6,0.0,45,45,55,44.319238608695706,44.34508386956527,0.00022260760869565217,0.024975,0.057600000000000005,True,True,True,False,0.0,515.4000237991353,77.83209710047201,64.59234064495656,3.219576772043949,-3.5188639879417716,657.525174328666
2025-06-09T04:00:00Z,2025-06-09T04:15:00Z,2025-06-09,2025-06-09_7,10.0,35,45,55,44.34508386956527,42.06571004347832,0.008150893961352657,0.0,0.45764999999999995,True,True,True,False,233.29999999999998,515.4000237991353,60.53607552258934,65.59636666534449,0.0,-19.728997243266825,855.1034687438023
2025-06-09T04:15:00Z,2025-06-09T04:30:00Z,2025-06-09,2025-06-09_7,10.0,35,45,55,42.06571004347832,39.931706826087016,0.008357992270531401,0.0015749999999999998,0.611325,True,True,True,False,233.29999999999998,515.4000237991353,60.53607552258934,65.59636666534449,0.20303637301178054,-18.386064336995755,856.6494380230852
2025-06-09T04:30:00Z,2025-06-09T04:45:00Z,2025-06-09,2025-06-09_7,10.0,35,45,55,39.931706826087016,39.89130434782614,0.011231067995169083,0.0,2.7969749999999998,True,True,True,False,233.29999999999998,515.4000237991353,60.53607552258934,65.59636666534449,0.0,-17.79131711851969,857.0411488685494
2025-06-09T04:45:00Z,2025-06-09T05:00:00Z,2025-06-09,2025-06-09_7,10.0,35,45,55,39.89130434782614,40.2335749565218,0.011757514975845412,0.0,3.1968,True,True,True,False,233.29999999999998,515.4000237991353,60.53607552258934,65.59636666534449,0.0,-10.253192971322042,864.579273015747
2025-06-09T05:00:00Z,2025-06-09T05:15:00Z,2025-06-09,2025-06-09_8,27.0,73,100,0,40.2335749565218,35.61717680869572,0.024695723743961347,0.322295,3.182,True,True,True,False,606.8924999999999,0.0,126.26095751854348,145.76970370076555,44.32019666514616,-69.4187422156995,853.8246156687557
2025-06-09T05:15:00Z,2025-06-09T05:30:00Z,2025-06-09,2025-06-09_8,27.0,73,100,0,35.61717680869572,28.851169834782674,0.027318187149758456,1.5030700000000001,2.2845,True,True,True,False,606.8924999999999,0.0,126.26095751854348,145.76970370076555,242.31406959065484,-28.812917575661416,1092.4243132343024
2025-06-09T05:30:00Z,2025-06-09T05:45:00Z,2025-06-09,2025-06-09_8,27.0,73,100,0,28.851169834782674,21.091415034782674,0.024481931111111112,1.0855100000000002,0.7845,True,True,True,False,606.8924999999999,0.0,126.26095751854348,145.76970370076555,150.04804385783987,-31.588330788148028,997.3828742890008
2025-06-09T05:45:00Z,2025-06-09T06:00:00Z,2025-06-09,2025-06-09_8,27.0,73,100,0,21.091415034782674,22.258245608695717,0.02963548951690821,0.0,8.8115,True,True,True,False,606.8924999999999,0.0,126.26095751854348,145.76970370076555,0.0,1674.4069389353854,2553.3301001546943
2025-06-09T06:00:00Z,2025-06-09T06:15:00Z,2025-06-09,2025-06-09_9,2.9849553961729454,75,78,22,22.258245608695717,22.263274575970772,0.004316649171437122,0.0,0.88101,True,True,True,False,47.072746597647345,206.1600095196541,129.72016183412003,113.70036888659712,0.0,-36.03121576692713,460.62207107109145
2025-06-09T06:15:00Z,2025-06-09T06:30:00Z,2025-06-09,2025-06-09_9,2.9849553961729454,75,78,22,22.263274575970772,21.959121261915246,0.003632262674199991,0.016875,0.56706,True,True,True,False,47.072746597647345,206.1600095196541,129.72016183412003,113.70036888659712,2.267238011185593,-24.15678748958788,474.7637373596163
2025-06-09T06:30:00Z,2025-06-09T06:45:00Z,2025-06-09,2025-06-09_9,2.9849553961729454,75,78,22,21.959121261915246,26.72453083911028,0.01635243551843783,0.0,6.01965,True,True,True,False,47.072746597647345,206.1600095196541,129.72016183412003,113.70036888659712,0.0,-32.18868813216453,464.4645987058541
2025-06-09T06:45:00Z,2025-06-09T07:00:00Z,2025-06-09,2025-06-09_9,2.9849553961729454,75,78,22,26.72453083911028,29.17116971545024,0.010489831027313773,0.0,3.51663,True,True,True,False,47.072746597647345,206.1600095196541,129.72016183412003,113.70036888659712,0.0,-49.628407746618535,447.02487909140007
2025-06-09T07:00:00Z,2025-06-09T07:15:00Z,2025-06-09,2025-06-09_10,-22.56310742172363,71,48,29,29.17116971545024,29.603705205748298,0.020163828933494946,4.60293,0.0021599999999999996,True,True,True,False,-91.94466274352379,271.7563761849986,122.80175320296696,69.96945777636745,588.2406147197652,-0.16706992979255084,960.6564692107819
2025-06-09T07:15:00Z,2025-06-09T07:30:00Z,2025-06-09,2025-06-09_10,-22.56310742172363,71,48,29,29.603705205748298,29.435253558359193,0.0208811656490906,5.18229,0.0,True,True,True,False,-91.94466274352379,271.7563761849986,122.80175320296696,69.96945777636745,768.2948940026178,0.0,1140.877818423427
2025-06-09T07:30:00Z,2025-06-09T07:45:00Z,2025-06-09,2025-06-09_10,-22.56310742172363,71,48,29,29.435253558359193,33.88798713723744,0.015309724644677307,0.7139050000000001,0.00144,True,True,True,False,-91.94466274352379,271.7563761849986,122.80175320296696,69.96945777636745,75.34782909245963,-0.11137995319503392,447.8193735600738
2025-06-09T07:45:00Z,2025-06-09T08:00:00Z,2025-06-09,2025-06-09_10,-22.56310742172363,71,48,29,33.88798713723744,40.74396270147844,0.01905900123296965,0.00355,1.81536,True,True,True,False,-91.94466274352379,271.7563761849986,122.80175320296696,69.96945777636745,0.3746784141842846,-20.155385252469163,352.80221758252435
2025-06-09T08:00:00Z,2025-06-09T08:15:00Z,2025-06-09,2025-06-09_11,-45.0,45,0,55,40.74396270147844,50.38457370147844,0.026779474999999994,0.7710750000000001,0.0,True,True,True,False,-110.8125,515.4000237991353,77.83209710047201,0.0,76.41169434968863,0.0,558.8313152492959
2025-06-09T08:15:00Z,2025-06-09T08:30:00Z,2025-06-09,2025-06-09_11,-45.0,45,0,55,50.38457370147844,59.69522670147844,0.025862925000000005,1.1297249999999999,0.0,True,True,True,False,-110.8125,515.4000237991353,77.83209710047201,0.0,111.95305437110784,0.0,594.3726752707151
2025-06-09T08:30:00Z,2025-06-09T08:45:00Z,2025-06-09,2025-06-09_11,-45.0,45,0,55,59.69522670147844,69.00939870147845,0.025872700000000002,1.1259,0.0,True,True,True,False,-110.8125,515.4000237991353,77.83209710047201,0.0,116.7459737416207,0.0,599.165594641228
2025-06-09T08:45:00Z,2025-06-09T09:00:00Z,2025-06-09,2025-06-09_11,-45.0,45,0,55,69.00939870147845,78.97644870147845,0.02768625,0.41625000000000006,0.0,True,True,True,False,-110.8125,515.4000237991353,77.83209710047201,0.0,41.24938270992821,0.0,523.6690036095355
2025-06-09T09:00:00Z,2025-06-09T09:15:00Z,2025-06-09,2025-06-09_12,0.0,100,100,0,78.97644870147845,89.20454870147844,0.02841138888888889,0.0,11.1175,True,True,True,False,0.0,0.0,172.9602157788267,168.25988655745508,0.0,4606.155627008052,4947.375729344333
2025-06-09T09:15:00Z,2025-06-09T09:30:00Z,2025-06-09,2025-06-09_12,0.0,100,100,0,89.20454870147844,101.33704870147844,0.03370138888888889,0.0,13.1875,True,True,True,False,0.0,0.0,172.9602157788267,168.25988655745508,0.0,4209.062289278489,4550.28239161477
2025-06-09T09:30:00Z,2025-06-09T09:45:00Z,2025-06-09,2025-06-09_12,0.0,100,100,0,101.33704870147844,116.04692870147844,0.04086077777777778,0.0,15.989,True,True,True,False,0.0,0.0,172.9602157788267,168.25988655745508,0.0,7936.901293879656,8278.121396215938
2025-06-09T09:45:00Z,2025-06-09T10:00:00Z,2025-06-09,2025-06-09_12,0.0,100,100,0,116.04692870147844,126.35736870147844,0.028640111111111116,0.0,11.207,True,True,True,False,0.0,0.0,172.9602157788267,168.25988655745508,0.0,3043.355512276387,3384.5756146126687
2025-06-09T10:00:00Z,2025-06-09T10:15:00Z,2025-06-09,2025-06-09_13,0.0,45,45,55,126.35736870147844,131.10801870147844,0.013196249999999998,0.0,5.163749999999999,True,True,True,False,0.0,515.4000237991353,77.83209710047201,75.55630478759271,0.0,-0.0,668.7884256872001
2025-06-09T10:15:00Z,2025-06-09T10:30:00Z,2025-06-09,2025-06-09_13,0.0,45,45,55,131.10801870147844,132.93872670147843,0.005085299999999999,0.0,1.9898999999999998,True,True,True,False,0.0,515.4000237991353,77.83209710047201,75.55630478759271,0.0,-15.492742116536428,653.2956835706635
2025-06-09T10:30:00Z,2025-06-09T10:45:00Z,2025-06-09,2025-06-09_13,0.0,45,45,55,132.93872670147843,133.1914063971306,0.0008540619565217392,0.025200000000000004,0.304425,True,True,True,False,0.0,515.4000237991353,77.83209710047201,75.55630478759271,2.5658799730276467,-13.053470137043355,658.3008355231843
2025-06-09T10:45:00Z,2025-06-09T11:00:00Z,2025-06-09,2025-06-09_13,0.0,45,45,55,133.1914063971306,132.36545644060885,0.004152705434782609,1.067625,0.36360000000000003,True,True,True,False,0.0,515.4000237991353,77.83209710047201,75.55630478759271,147.52903923386617,-14.209835865296895,802.1076290557693
2025-06-09T11:00:00Z,2025-06-09T11:15:00Z,2025-06-09,2025-06-09_14,-13.0,100,87,0,132.36545644060885,119.13219845800016,0.04325100439613526,15.229499999999998,0.0,True,True,True,False,-34.775,0.0,172.9602157788267,146.3861013049859,9466.226731486255,0.0,9750.798048570068
2025-06-09T11:15:00Z,2025-06-09T11:30:00Z,2025-06-09,2025-06-09_14,-13.0,100,87,0,119.13219845800016,113.29924732756538,0.027310492028985507,8.2825,0.0,True,True,True,False,-34.775,0.0,172.9602157788267,146.3861013049859,1082.2836807346,0.0,1366.8549978184126
2025-06-09T11:30:00Z,2025-06-09T11:45:00Z,2025-06-09,2025-06-09_14,-13.0,100,87,0,113.29924732756538,95.63240979713059,0.052801085362318846,19.3915,0.0,True,True,True,False,-34.775,0.0,172.9602157788267,146.3861013049859,20646.79791876562,0.0,20931.369235849434
2025-06-09T11:45:00Z,2025-06-09T12:00:00Z,2025-06-09,2025-06-09_14,-13.0,100,87,0,95.63240979713059,74.46142524060885,0.06034913710144926,22.681,0.0,True,True,True,False,-34.775,0.0,172.9602157788267,146.3861013049859,25636.16939470866,0.0,25920.740711792474
2025-06-09T12:00:00Z,2025-06-09T12:15:00Z,2025-06-09,2025-06-09_15,-45.0,45,0,55,74.46142524060885,82.75198224060885,0.023029325000000003,2.238525,0.0,True,True,True,False,-77.7375,515.4000237991353,77.83209710047201,0.0,397.79435433937573,0.0,913.2889752389831
2025-06-09T12:15:00Z,2025-06-09T12:30:00Z,2025-06-09,2025-06-09_15,-45.0,45,0,55,82.75198224060885,93.02332224060885,0.0285315,0.0855,0.0,True,True,True,False,-77.7375,515.4000237991353,77.83209710047201,0.0,8.221714727698227,0.0,523.7163356273055
2025-06-09T12:30:00Z,2025-06-09T12:45:00Z,2025-06-09,2025-06-09_15,-45.0,45,0,55,93.02332224060885,102.82560024060885,0.027228550000000004,0.5953499999999999,0.0,True,True,True,False,-77.7375,515.4000237991353,77.83209710047201,0.0,61.86541587997302,0.0,577.3600367795804
2025-06-09T12:45:00Z,2025-06-09T13:00:00Z,2025-06-09,2025-06-09_15,-45.0,45,0,55,102.82560024060885,109.89775524060884,0.019644875000000003,3.5628750000000005,0.0,True,True,True,False,-77.7375,515.4000237991353,77.83209710047201,0.0,461.67078797449534,0.0,977.1654088741027
2025-06-09T13:00:00Z,2025-06-09T13:15:00Z,2025-06-09,2025-06-09_16,0.0,100,100,0,109.89775524060884,114.95572915365233,0.015287850241545893,0.20499999999999996,5.74,True,True,True,False,0.0,0.0,172.9602157788267,167.9028995279838,19.740936495973976,2012.7862916980685,2373.390343500853
2025-06-09T13:15:00Z,2025-06-09T13:30:00Z,2025-06-09,2025-06-09_16,0.0,100,100,0,114.95572915365233,120.1019726319132,0.014569879227053141,0.0455,5.6475,True,True,True,False,0.0,0.0,172.9602157788267,167.9028995279838,4.3815249295942245,204.25845563444528,549.50309587085
2025-06-09T13:30:00Z,2025-06-09T13:45:00Z,2025-06-09,2025-06-09_16,0.0,100,100,0,120.1019726319132,118.79888219713058,0.003681028985507247,1.209,0.012,True,True,True,False,0.0,0.0,172.9602157788267,167.9028995279838,116.42337670064656,-0.9281662766252826,456.3583257308318
2025-06-09T13:45:00Z,2025-06-09T14:00:00Z,2025-06-09,2025-06-09_16,0.0,100,100,0,118.79888219713058,123.41765871886972,0.012832954106280194,0.0005,5.021,True,True,True,False,0.0,0.0,172.9602157788267,167.9028995279838,0.04814862559993654,-40.72106481297846,300.19019911943195
2025-06-09T14:00:00Z,2025-06-09T14:15:00Z,2025-06-09,2025-06-09_17,-44.87211008818407,0,0,55,123.41765871886972,133.73824403915205,0.028668292556339826,0.0,0.0,True,False,True,False,-112.18027522046017,515.4000237991353,0.0,0.0,0.0,0.0,403.2197485786751
2025-06-09T14:15:00Z,2025-06-09T14:30:00Z,2025-06-09,2025-06-09_17,-44.87211008818407,0,0,55,133.73824403915205,144.05882935943438,0.028668292556339826,0.0,0.0,True,False,True,False,-112.18027522046017,515.4000237991353,0.0,0.0,0.0,0.0,403.2197485786751
2025-06-09T14:30:00Z,2025-06-09T14:45:00Z,2025-06-09,2025-06-09_17,-44.87211008818407,0,0,55,144.05882935943438,154.37941467971672,0.028668292556339826,0.0,0.0,True,False,True,False,-112.18027522046017,515.4000237991353,0.0,0.0,0.0,0.0,403.2197485786751
2025-06-09T14:45:00Z,2025-06-09T15:00:00Z,2025-06-09,2025-06-09_17,-44.87211008818407,0,0,55,154.37941467971672,164.69999999999905,0.028668292556339826,0.0,0.0,True,False,True,False,-112.18027522046017,515.4000237991353,0.0,0.0,0.0,0.0,403.2197485786751
2025-06-09T15:00:00Z,2025-06-09T15:15:00Z,2025-06-09,2025-06-09_18,0.017833239999879805,0,0,55,164.69999999999905,164.69515401086863,1.3461080917783669e-05,0.0,0.0,True,False,True,False,0.3916179503973605,515.4000237991353,0.0,0.0,0.0,0.0,515.7916417495327
2025-06-09T15:15:00Z,2025-06-09T15:30:00Z,2025-06-09,2025-06-09_18,0.017833239999879805,0,0,55,164.69515401086863,164.69030802173822,1.3461080917783669e-05,0.0,0.0,True,False,True,False,0.3916179503973605,515.4000237991353,0.0,0.0,0.0,0.0,515.7916417495327
2025-06-09T15:30:00Z,2025-06-09T15:45:00Z,2025-06-09,2025-06-09_18,0.017833239999879805,0,0,55,164.69030802173822,164.6854620326078,1.3461080917783669e-05,0.0,0.0,True,False,True,False,0.3916179503973605,515.4000237991353,0.0,0.0,0.0,0.0,515.7916417495327
2025-06-09T15:45:00Z,2025-06-09T16:00:00Z,2025-06-09,2025-06-09_18,0.017833239999879805,0,0,55,164.6854620326078,164.6806160434774,1.3461080917783669e-05,0.0,0.0,True,False,True,False,0.3916179503973605,515.4000237991353,0.0,0.0,0.0,0.0,515.7916417495327
2025-06-09T16:00:00Z,2025-06-09T16:15:00Z,2025-06-09,2025-06-09_19,0.0,100,100,0,164.6806160434774,182.6187760434774,0.04982822222222223,0.0,19.498,True,True,True,False,0.0,0.0,172.9602157788267,145.76970370076555,0.0,17538.41658403078,17857.146503510372
2025-06-09T16:15:00Z,2025-06-09T16:30:00Z,2025-06-09,2025-06-09_19,0.0,100,100,0,182.6187760434774,185.86759952173827,0.01242426811594203,0.563,4.1965,True,True,True,False,0.0,0.0,172.9602157788267,145.76970370076555,76.81451767085795,-23.227147276982272,372.3172898734679
2025-06-09T16:30:00Z,2025-06-09T16:45:00Z,2025-06-09,2025-06-09_19,0.0,100,100,0,185.86759952173827,184.1283856086948,0.004833705314009663,1.6005000000000003,0.0005,True,True,True,False,0.0,0.0,172.9602157788267,145.76970370076555,214.71116020784578,-0.038673594859386776,533.4024060925786
2025-06-09T16:45:00Z,2025-06-09T17:00:00Z,2025-06-09,2025-06-09_19,0.0,100,100,0,184.1283856086948,184.17226995652086,0.000447987922705314,0.054,0.11150000000000002,True,True,True,False,0.0,0.0,172.9602157788267,145.76970370076555,6.96124707468962,-6.640952560390306,319.05021399389153
2025-06-09T17:00:00Z,2025-06-09T17:15:00Z,2025-06-09,2025-06-09_20,5.000000000000289,95,100,0,184.17226995652086,188.08462899999904,0.016707035990338293,0.0009500000000000001,5.679,True,True,True,False,200.27500000001157,0.0,163.6056681607235,143.53853476657014,0.1318868747768831,3167.149083931617,3674.700173733699
2025-06-09T17:15:00Z,2025-06-09T17:30:00Z,2025-06-09,2025-06-09_20,5.000000000000289,95,100,0,188.08462899999904,188.7604076086946,0.008763787198067816,0.0,2.1915,True,True,True,False,200.27500000001157,0.0,163.6056681607235,143.53853476657014,0.0,-64.78359466106065,442.63560826624456
2025-06-09T17:30:00Z,2025-06-09T17:45:00Z,2025-06-09,2025-06-09_20,5.000000000000289,95,100,0,188.7604076086946,187.42839552173803,0.0039962224637683326,0.02755,0.061,True,True,True,False,200.27500000001157,0.0,163.6056681607235,143.53853476657014,3.821140523977629,-4.672170282813058,506.5681731684698
2025-06-09T17:45:00Z,2025-06-09T18:00:00Z,2025-06-09,2025-06-09_20,5.000000000000289,95,100,0,187.42839552173803,186.04739665217272,0.004081313526570265,0.06365,0.0505,True,True,True,False,200.27500000001157,0.0,163.6056681607235,143.53853476657014,7.777552328348737,-3.9060330807980645,511.2907221748559
2025-06-09T18:00:00Z,2025-06-09T18:15:00Z,2025-06-09,2025-06-09_21,100.0,0,100,0,186.04739665217272,158.91804882608577,0.0753592995169082,0.0,0.041,True,True,True,False,5650.5,0.0,0.0,143.53853476657014,0.0,-3.1712347784697155,5790.8672999881
2025-06-09T18:15:00Z,2025-06-09T18:30:00Z,2025-06-09,2025-06-09_21,100.0,0,100,0,158.91804882608577,131.77402708695533,0.07540006038647343,0.0,0.0275,True,True,True,False,5650.5,0.0,0.0,143.53853476657014,0.0,-2.1270477172662727,5791.911487049304
2025-06-09T18:30:00Z,2025-06-09T18:45:00Z,2025-06-09,2025-06-09_21,100.0,0,100,0,131.77402708695533,104.73761404347708,0.07510114734299518,0.0,0.1265,True,True,True,False,5650.5,0.0,0.0,143.53853476657014,0.0,-9.588881638967118,5784.449653127603
2025-06-09T18:45:00Z,2025-06-09T19:00:00Z,2025-06-09,2025-06-09_21,100.0,0,100,0,104.73761404347708,77.61424447825969,0.07534269323671497,0.0,0.0465,True,True,True,False,5650.5,0.0,0.0,143.53853476657014,0.0,-3.59664432192297,5790.4418904446475
2025-06-09T19:00:00Z,2025-06-09T19:15:00Z,2025-06-09,2025-06-09_22,91.79883268340932,8,100,0,77.61424447825969,52.59200126868325,0.06950874616235607,0.07668,0.006,True,True,True,False,3751.5887946892303,0.0,13.777319424060925,143.53853476657014,10.645353218833048,-0.4640831383126413,3919.0859189603816
2025-06-09T19:15:00Z,2025-06-09T19:30:00Z,2025-06-09,2025-06-09_22,91.79883268340932,8,100,0,52.59200126868325,34.90615406707595,0.051963462794405176,0.0020399999999999997,6.766,True,True,True,False,3751.5887946892303,0.0,13.777319424060925,143.53853476657014,0.2832097100472016,572.5564126770062,4481.744271266914
2025-06-09T19:30:00Z,2025-06-09T19:45:00Z,2025-06-09,2025-06-09_22,91.79883268340932,8,100,0,34.90615406707595,17.406589056447782,0.051517900051641585,0.0,6.937500000000001,True,True,True,False,3751.5887946892303,0.0,13.777319424060925,143.53853476657014,0.0,3681.226932192297,7590.131581072159
2025-06-09T19:45:00Z,2025-06-09T20:00:00Z,2025-06-09,2025-06-09_22,91.79883268340932,8,100,0,17.406589056447782,9.999999999998026,0.027423737692790502,0.0,16.3415,True,True,True,False,3751.5887946892303,0.0,13.777319424060925,143.53853476657014,0.0,11650.677318829083,15559.581967708944
2025-06-09T20:00:00Z,2025-06-09T20:15:00Z,2025-06-09,2025-06-09_23,1.9308226515220113e-15,0,0,0,9.999999999998026,9.999999999998026,1.457444634301035e-18,0.0,0.0,True,False,True,False,6.026580201063077e-14,0.0,0.0,0.0,0.0,0.0,6.026580201063077e-14
2025-06-09T20:15:00Z,2025-06-09T20:30:00Z,2025-06-09,2025-06-09_23,1.9308226515220113e-15,0,0,0,9.999999999998026,9.999999999998026,1.457444634301035e-18,0.0,0.0,True,False,True,False,6.026580201063077e-14,0.0,0.0,0.0,0.0,0.0,6.026580201063077e-14
2025-06-09T20:30:00Z,2025-06-09T20:45:00Z,2025-06-09,2025-06-09_23,1.9308226515220113e-15,0,0,0,9.999999999998026,9.999999999998026,1.457444634301035e-18,0.0,0.0,True,False,True,False,6.026580201063077e-14,0.0,0.0,0.0,0.0,0.0,6.026580201063077e-14
2025-06-09T20:45:00Z,2025-06-09T21:00:00Z,2025-06-09,2025-06-09_23,1.9308226515220113e-15,0,0,0,9.999999999998026,9.999999999998026,1.457444634301035e-18,0.0,0.0,True,False,True,False,6.026580201063077e-14,0.0,0.0,0.0,0.0,0.0,6.026580201063077e-14
2025-06-09T21:00:00Z,2025-06-09T21:15:00Z,2025-06-10,2025-06-09_24,0.0,100,100,0,9.999999999998026,18.328299999998027,0.023134166666666667,0.0,9.0525,True,True,True,False,0.0,0.0,172.9602157788267,145.76970370076555,0.0,1923.0485249494266,2241.7784444290187
2025-06-09T21:15:00Z,2025-06-09T21:30:00Z,2025-06-10,2025-06-09_24,0.0,100,100,0,18.328299999998027,26.950079999998025,0.023949388888888888,0.0,9.3715,True,True,True,False,0.0,0.0,172.9602157788267,145.76970370076555,0.0,218.2197879893697,536.949707468962
2025-06-09T21:30:00Z,2025-06-09T21:45:00Z,2025-06-10,2025-06-09_24,0.0,100,100,0,26.950079999998025,30.466319999998024,0.009767333333333334,0.0,3.8220000000000005,True,True,True,False,0.0,0.0,172.9602157788267,145.76970370076555,0.0,-66.95890523977629,251.77101423981594
2025-06-09T21:45:00Z,2025-06-09T22:00:00Z,2025-06-10,2025-06-09_24,0.0,100,100,0,30.466319999998024,36.44907999999803,0.01661877777777778,0.0,6.503,True,True,True,False,0.0,0.0,172.9602157788267,145.76970370076555,0.0,-51.08431379159891,267.64560568799334
2025-06-09T22:00:00Z,2025-06-09T22:15:00Z,2025-06-10,2025-06-10_1,-6.840010206393594,52,45,48,36.44907999999803,38.261197479165816,0.0052913661278510835,0.049139999999999996,0.316575,True,True,True,False,-153.746329414212,449.80365713379075,89.93931220498989,65.59636666534449,6.334734837967553,-12.554632928086946,445.3731084997937
2025-06-09T22:15:00Z,2025-06-09T22:30:00Z,2025-06-10,2025-06-10_1,-6.840010206393594,52,45,48,38.261197479165816,39.76191125570534,0.004645883570935947,0.091,0.026549999999999997,True,True,True,False,-153.746329414212,449.80365713379075,89.93931220498989,65.59636666534449,11.730990440680655,-2.017867399151164,461.3061296314426
2025-06-09T22:30:00Z,2025-06-09T22:45:00Z,2025-06-10,2025-06-10_1,-6.840010206393594,52,45,48,39.76191125570534,41.28563189739461,0.0045598036408779664,0.0624,0.01845,True,True,True,False,-153.746329414212,449.80365713379075,89.93931220498989,65.59636666534449,8.04410773075245,-1.427055650311372,458.2100586703542
2025-06-09T22:45:00Z,2025-06-09T23:00:00Z,2025-06-10,2025-06-10_1,-6.840010206393594,52,45,48,41.28563189739461,42.86990169565224,0.004568463169816296,0.03198,0.04905,True,True,True,False,-153.746329414212,449.80365713379075,89.93931220498989,65.59636666534449,4.1226052120106305,-3.4190443457221056,452.29656745620167
2025-06-09T23:00:00Z,2025-06-09T23:15:00Z,2025-06-10,2025-06-10_2,0.0,45,45,55,42.86990169565224,41.978179347826156,0.0024781565217391302,0.8205749999999999,0.00022500000000000002,True,True,True,False,0.0,515.4000237991353,77.83209710047201,65.59636666534449,111.81721745964063,-0.017403117686724052,770.6283019069057
2025-06-09T23:15:00Z,2025-06-09T23:30:00Z,2025-06-10,2025-06-10_2,0.0,45,45,55,41.978179347826156,39.89130434782616,0.005796874999999999,1.9199249999999997,0.0,True,True,True,False,0.0,515.4000237991353,77.83209710047201,65.59636666534449,302.8315956675657,0.0,961.6600832325175
2025-06-09T23:30:00Z,2025-06-09T23:45:00Z,2025-06-10,2025-06-10_2,0.0,45,45,55,39.89130434782616,40.15544378260877,0.0012350793478260868,0.083025,0.3852,True,True,True,False,0.0,515.4000237991353,77.83209710047201,65.59636666534449,10.702917377335291,-16.20182277577248,653.3295821665146
2025-06-09T23:45:00Z,2025-06-10T00:00:00Z,2025-06-10,2025-06-10_2,0.0,45,45,55,40.15544378260877,40.244442434782684,0.00038988152173913043,0.023625,0.12465000000000001,True,True,True,False,0.0,515.4000237991353,77.83209710047201,65.59636666534449,3.0455455951767085,-6.116087154416723,655.7579460057118
2025-06-10T00:00:00Z,2025-06-10T00:15:00Z,2025-06-10,2025-06-10_3,0.0,100,100,0,40.244442434782684,41.49113982608703,0.0037257294685990342,0.0435,1.4065,True,True,True,False,0.0,0.0,172.9602157788267,145.76970370076555,5.607671254611082,-51.00633671809925,273.3312540161041
2025-06-10T00:15:00Z,2025-06-10T00:30:00Z,2025-06-10,2025-06-10_3,0.0,100,100,0,41.49113982608703,53.24643982608703,0.03265361111111111,0.0,12.7775,True,True,True,False,0.0,0.0,172.9602157788267,145.76970370076555,0.0,4523.577611955099,4842.307531434692
2025-06-10T00:30:00Z,2025-06-10T00:45:00Z,2025-06-10,2025-06-10_3,0.0,100,100,0,53.24643982608703,72.57057982608703,0.053678166666666666,0.0,21.0045,True,True,True,False,0.0,0.0,172.9602157788267,145.76970370076555,0.0,18723.215176906902,19041.945096386495
2025-06-10T00:45:00Z,2025-06-10T01:00:00Z,2025-06-10,2025-06-10_3,0.0,100,100,0,72.57057982608703,89.40289982608702,0.04675644444444444,0.0,18.296,True,True,True,False,0.0,0.0,172.9602157788267,145.76970370076555,0.0,5292.254615842291,5610.984535321883
2025-06-10T01:00:00Z,2025-06-10T01:15:00Z,2025-06-10,2025-06-10_4,0.0,100,100,0,89.40289982608702,106.03695982608703,0.046205722222222224,0.0,18.0805,True,True,True,False,0.0,0.0,172.9602157788267,145.76970370076555,0.0,7885.363530899211,8204.093450378803
2025-06-10T01:15:00Z,2025-06-10T01:30:00Z,2025-06-10,2025-06-10_4,0.0,100,100,0,106.03695982608703,114.01427982608703,0.022159222222222223,0.0,8.671,True,True,True,False,0.0,0.0,172.9602157788267,145.76970370076555,0.0,-21.75746539209075,296.9724540875015
2025-06-10T01:30:00Z,2025-06-10T01:45:00Z,2025-06-10,2025-06-10_4,0.0,100,100,0,114.01427982608703,128.15421982608703,0.03927761111111112,0.0,15.3695,True,True,True,False,0.0,0.0,172.9602157788267,145.76970370076555,0.0,6165.470261294673,6484.200180774265
2025-06-10T01:45:00Z,2025-06-10T02:00:00Z,2025-06-10,2025-06-10_4,0.0,100,100,0,128.15421982608703,144.01087982608703,0.044046277777777774,0.0,17.2355,True,True,True,False,0.0,0.0,172.9602157788267,145.76970370076555,0.0,4488.285267938598,4807.01518741819
2025-06-10T02:00:00Z,2025-06-10T02:15:00Z,2025-06-10,2025-06-10_5,0.0,45,45,55,144.01087982608703,145.43131382608703,0.00394565,0.0,1.54395,True,True,True,False,0.0,515.4000237991353,77.83209710047201,65.59636666534449,0.0,-24.38835937685931,634.4401281880924
2025-06-10T02:15:00Z,2025-06-10T02:30:00Z,2025-06-10,2025-06-10_5,0.0,45,45,55,145.43131382608703,147.95961182608704,0.007023049999999999,0.0,2.74815,True,True,True,False,0.0,515.4000237991353,77.83209710047201,65.59636666534449,0.0,-47.35165678672008,611.4768307782317
2025-06-10T02:30:00Z,2025-06-10T02:45:00Z,2025-06-10,2025-06-10_5,0.0,45,45,55,147.95961182608704,148.40383382608704,0.00123395,0.0,0.48285,True,True,True,False,0.0,515.4000237991353,77.83209710047201,65.59636666534449,0.0,-21.130983836420608,637.6975037285312
2025-06-10T02:45:00Z,2025-06-10T03:00:00Z,2025-06-10,2025-06-10_5,0.0,45,45,55,148.40383382608704,149.75036882608703,0.003740375,0.0,1.463625,True,True,True,False,0.0,515.4000237991353,77.83209710047201,65.59636666534449,0.0,-44.57406047955257,614.2544270853992
2025-06-10T03:00:00Z,2025-06-10T03:15:00Z,2025-06-10,2025-06-10_6,0.0,45,45,55,149.75036882608703,149.81396869565225,0.000429383695652174,0.04185,0.11857500000000001,True,True,True,False,0.0,515.4000237991353,77.83209710047201,65.59636666534449,5.394966482884455,-6.012116065407957,658.2113379824283
2025-06-10T03:15:00Z,2025-06-10T03:30:00Z,2025-06-10,2025-06-10_6,0.0,45,45,55,149.81396869565225,149.802972652174,0.00020994456521739128,0.039825,0.0351,True,True,True,False,0.0,515.4000237991353,77.83209710047201,65.59636666534449,5.133919717583594,-2.625636210384356,661.336771072151
2025-06-10T03:30:00Z,2025-06-10T03:45:00Z,2025-06-10,2025-06-10_6,0.0,45,45,55,149.802972652174,148.44853447826094,0.003793378260869565,1.251225,0.006075,True,True,True,False,0.0,515.4000237991353,77.83209710047201,65.59636666534449,195.10767176530086,-0.46988417754154926,853.4662751527111
2025-06-10T03:45:00Z,2025-06-10T04:00:00Z,2025-06-10,2025-06-10_6,0.0,45,45,55,148.44853447826094,146.9955725217392,0.004036005434782609,1.336725,0.0,True,True,True,False,0.0,515.4000237991353,77.83209710047201,65.59636666534449,193.6551910971401,0.0,852.4836786620918
2025-06-10T04:00:00Z,2025-06-10T04:15:00Z,2025-06-10,2025-06-10_7,0.0,100,100,0,146.9955725217392,144.86785513043486,0.0059103260869565214,1.9574999999999998,0.0,True,True,True,False,0.0,0.0,172.9602157788267,143.53853476657014,354.6575998572051,0.0,671.1563504026019
2025-06-10T04:15:00Z,2025-06-10T04:30:00Z,2025-06-10,2025-06-10_7,0.0,100,100,0,144.86785513043486,127.62546382608704,0.04789553140096618,15.863,0.0,True,True,True,False,0.0,0.0,172.9602157788267,143.53853476657014,11351.542916980683,0.0,11668.04166752608
2025-06-10T04:30:00Z,2025-06-10T04:45:00Z,2025-06-10,2025-06-10_7,0.0,100,100,0,127.62546382608704,122.79937686956531,0.013405797101449275,4.44,0.0,True,True,True,False,0.0,0.0,172.9602157788267,143.53853476657014,1281.9176946570942,0.0,1598.416445202491
2025-06-10T04:45:00Z,2025-06-10T05:00:00Z,2025-06-10,2025-06-10_7,0.0,100,100,0,122.79937686956531,123.32115513043487,0.0016939492753623186,0.0405,0.615,True,True,True,False,0.0,0.0,172.9602157788267,143.53853476657014,5.220935306017215,-21.71490817500297,300.0047776764111
2025-06-10T05:00:00Z,2025-06-10T05:15:00Z,2025-06-10,2025-06-10_8,35.98836753752474,9,45,55,123.32115513043487,114.06437479268673,0.026222926583419858,0.001755,0.497925,True,True,True,False,765.6525193608387,515.4000237991353,15.566419420094402,64.59234064495656,0.22624052992741264,-18.120907044544047,1343.3166367104084
2025-06-10T05:15:00Z,2025-06-10T05:30:00Z,2025-06-10,2025-06-10_8,35.98836753752474,9,45,55,114.06437479268673,104.69902900673087,0.026419021121375005,0.001755,0.394875,True,True,True,False,765.6525193608387,515.4000237991353,15.566419420094402,64.59234064495656,0.22624052992741264,-15.23458480425211,1346.2029589507003
2025-06-10T05:30:00Z,2025-06-10T05:45:00Z,2025-06-10,2025-06-10_8,35.98836753752474,9,45,55,104.69902900673087,94.5638676800739,0.02823613292603524,0.405765,0.081,True,True,True,False,765.6525193608387,515.4000237991353,15.566419420094402,64.59234064495656,67.47261475744715,-3.498476458688667,1425.1854415237835
2025-06-10T05:45:00Z,2025-06-10T06:00:00Z,2025-06-10,2025-06-10_8,35.98836753752474,9,45,55,94.5638676800739,84.91265998260839,0.02693649496055623,0.0028350000000000003,0.12465000000000001,True,True,True,False,765.6525193608387,515.4000237991353,15.566419420094402,64.59234064495656,0.36546547142120506,-7.858003044306057,1353.71876565214
2025-06-10T06:00:00Z,2025-06-10T06:15:00Z,2025-06-10,2025-06-10_9,100.00000000000001,0,100,0,84.91265998260839,58.213746939130125,0.07416364734299517,0.0,0.437,True,True,True,False,2153.5000000000005,0.0,0.0,143.53853476657014,0.0,-24.491136408710485,2272.54739835786
2025-06-10T06:15:00Z,2025-06-10T06:30:00Z,2025-06-10,2025-06-10_9,100.00000000000001,0,100,0,58.213746939130125,31.16537737391273,0.07513435990338165,0.0,0.1155,True,True,True,False,2153.5000000000005,0.0,0.0,143.53853476657014,0.0,-8.933600412518345,2288.104934354052
2025-06-10T06:30:00Z,2025-06-10T06:45:00Z,2025-06-10,2025-06-10_9,100.00000000000001,0,100,0,31.16537737391273,13.622442591304033,0.04873037439613528,0.0,8.8605,True,True,True,False,2153.5000000000005,0.0,0.0,143.53853476657014,0.0,7092.002400737772,9389.040935504343
2025-06-10T06:45:00Z,2025-06-10T07:00:00Z,2025-06-10,2025-06-10_9,100.00000000000001,0,100,0,13.622442591304033,11.925159982608378,0.004714673913043486,0.0,23.4385,True,True,True,False,2153.5000000000005,0.0,0.0,143.53853476657014,0.0,18163.889212744438,20460.927747511007
2025-06-10T07:00:00Z,2025-06-10T07:15:00Z,2025-06-10,2025-06-10_10,22.99999999999985,77,100,0,11.925159982608378,16.942110382608412,0.03233041777777776,0.0,11.756,True,True,True,False,378.4074999999976,0.0,133.24808615286977,146.186188568482,0.0,4299.881386696284,4957.7231614176335
2025-06-10T07:15:00Z,2025-06-10T07:30:00Z,2025-06-10,2025-06-10_10,22.99999999999985,77,100,0,16.942110382608412,13.335377582608453,0.020872964444444357,0.0,2.758,True,True,True,False,378.4074999999976,0.0,133.24808615286977,146.186188568482,0.0,-48.15915870056722,609.6826160207821
2025-06-10T07:30:00Z,2025-06-10T07:45:00Z,2025-06-10,2025-06-10_10,22.99999999999985,77,100,0,13.335377582608453,9.999999999999797,0.021250672173912955,0.00385,3.0455,True,True,True,False,378.4074999999976,0.0,133.24808615286977,146.186188568482,0.5344889135694736,-53.04347507040576,605.3327885645131
2025-06-10T07:45:00Z,2025-06-10T08:00:00Z,2025-06-10,2025-06-10_10,22.99999999999985,77,100,0,9.999999999999797,16.403275999999835,0.03417229444444444,0.0,13.2025,True,True,True,False,378.4074999999976,0.0,133.24808615286977,146.186188568482,0.0,3581.4563300741743,4239.298104795524
2025-06-10T08:00:00Z,2025-06-10T08:15:00Z,2025-06-10,2025-06-10_11,0.0,100,100,0,16.403275999999835,27.582655999999837,0.031053833333333333,0.0,12.1515,True,True,True,False,0.0,0.0,173.0494625361945,146.186188568482,0.0,4852.377216691128,5171.612867795804
2025-06-10T08:15:00Z,2025-06-10T08:30:00Z,2025-06-10,2025-06-10_11,0.0,100,100,0,27.582655999999837,33.704335999999834,0.017004666666666668,0.0,6.654,True,True,True,False,0.0,0.0,173.0494625361945,146.186188568482,0.0,-1.677290468446313,317.5583606362302
2025-06-10T08:30:00Z,2025-06-10T08:45:00Z,2025-06-10,2025-06-10_11,0.0,100,100,0,33.704335999999834,37.57063599999984,0.010739722222222222,0.0,4.2025,True,True,True,False,0.0,0.0,173.0494625361945,146.186188568482,0.0,406.9695599143231,726.2052110189996
2025-06-10T08:45:00Z,2025-06-10T09:00:00Z,2025-06-10,2025-06-10_11,0.0,100,100,0,37.57063599999984,52.477395999999835,0.04140766666666667,0.0,16.203,True,True,True,False,0.0,0.0,173.0494625361945,146.186188568482,0.0,3259.385993812224,3578.6216449169006
2025-06-10T09:00:00Z,2025-06-10T09:15:00Z,2025-06-10,2025-06-10_12,0.0,100,100,0,52.477395999999835,73.92627599999983,0.05958022222222223,0.0,23.314,True,True,True,False,0.0,0.0,172.9602157788267,168.25988655745508,0.0,28478.2669303082,28819.487032644483
2025-06-10T09:15:00Z,2025-06-10T09:30:00Z,2025-06-10,2025-06-10_12,0.0,100,100,0,73.92627599999983,93.56689599999983,0.05455727777777778,0.0,21.3485,True,True,True,False,0.0,0.0,172.9602157788267,168.25988655745508,0.0,22189.56027745825,22530.780379794534
2025-06-10T09:30:00Z,2025-06-10T09:45:00Z,2025-06-10,2025-06-10_12,0.0,100,100,0,93.56689599999983,104.88611599999983,0.03144227777777778,0.0,12.3035,True,True,True,False,0.0,0.0,172.9602157788267,168.25988655745508,0.0,10308.574659969854,10649.794762306135
2025-06-10T09:45:00Z,2025-06-10T10:00:00Z,2025-06-10,2025-06-10_12,0.0,100,100,0,104.88611599999983,127.86311599999983,0.063825,0.0,24.975,True,True,True,False,0.0,0.0,172.9602157788267,168.25988655745508,0.0,34677.31843243029,35018.53853476657
2025-06-10T10:00:00Z,2025-06-10T10:15:00Z,2025-06-10,2025-06-10_13,0.0,100,100,0,127.86311599999983,136.90763599999983,0.02512366666666667,0.0,9.831,True,True,True,False,0.0,0.0,172.9602157788267,168.25988655745508,0.0,5879.106457895363,6220.326560231644
2025-06-10T10:15:00Z,2025-06-10T10:30:00Z,2025-06-10,2025-06-10_13,0.0,100,100,0,136.90763599999983,153.30755599999983,0.04555533333333334,0.0,17.826,True,True,True,False,0.0,0.0,172.9602157788267,168.25988655745508,0.0,13578.454008964341,13919.674111300623
2025-06-10T10:30:00Z,2025-06-10T10:45:00Z,2025-06-10,2025-06-10_13,0.0,100,100,0,153.30755599999983,167.17057599999984,0.0385083888888889,0.0,15.068500000000002,True,True,True,False,0.0,0.0,172.9602157788267,168.25988655745508,0.0,5483.870699793742,5825.090802130023
2025-06-10T10:45:00Z,2025-06-10T11:00:00Z,2025-06-10,2025-06-10_13,0.0,100,100,0,167.17057599999984,166.2762090434781,0.011063352657004831,2.2435,1.6785,True,True,True,False,0.0,0.0,172.9602157788267,168.25988655745508,255.1824407004879,-27.294682975685216,569.1078600610845
2025-06-10T11:00:00Z,2025-06-10T11:15:00Z,2025-06-10,2025-06-10_14,-16.94341150116817,100,83,0,166.2762090434781,172.66218979611224,0.01897766255920189,0.247,2.9896599999999998,True,True,True,False,-59.5137328978532,0.0,172.9602157788267,139.65570584268772,25.51317678791004,-57.830609345127115,220.78475616644414
2025-06-10T11:15:00Z,2025-06-10T11:30:00Z,2025-06-10,2025-06-10_14,-16.94341150116817,100,83,0,172.66218979611224,175.19584552696347,0.014350523529616693,1.458,0.19587999999999997,True,True,True,False,-59.5137328978532,0.0,172.9602157788267,139.65570584268772,150.59108365396054,-7.907884835984291,395.7853875416375
2025-06-10T11:30:00Z,2025-06-10T11:45:00Z,2025-06-10,2025-06-10_14,-16.94341150116817,100,83,0,175.19584552696347,169.14452329981722,0.03032137316876784,9.397,0.0,True,True,True,False,-59.5137328978532,0.0,172.9602157788267,139.65570584268772,5486.95381083654,0.0,5740.055999560201
2025-06-10T11:45:00Z,2025-06-10T12:00:00Z,2025-06-10,2025-06-10_14,-16.94341150116817,100,83,0,169.14452329981722,172.07918641739116,0.012788666634998225,0.9245,0.017845,True,True,True,False,-59.5137328978532,0.0,172.9602157788267,139.65570584268772,95.4821003728531,-1.3473396156439648,347.23694948087035
2025-06-10T12:00:00Z,2025-06-10T12:15:00Z,2025-06-10,2025-06-10_15,-83.0,100,17,0,172.07918641739116,177.88155408695638,0.0305009609178744,14.011,0.00017,True,True,True,False,-630.5925,0.0,172.9602157788267,28.604180714767363,11768.800957915193,-0.013149022252191504,11339.759705386536
2025-06-10T12:15:00Z,2025-06-10T12:30:00Z,2025-06-10,2025-06-10_15,-83.0,100,17,0,177.88155408695638,188.5750486608694,0.038792889516908215,8.8535,0.0,True,True,True,False,-630.5925,0.0,172.9602157788267,28.604180714767363,2765.495779322518,0.0,2336.467675816112
2025-06-10T12:30:00Z,2025-06-10T12:45:00Z,2025-06-10,2025-06-10_15,-83.0,100,17,0,188.5750486608694,189.99999999999983,0.023079605169082126,18.6265,0.0,True,True,True,False,-630.5925,0.0,172.9602157788267,28.604180714767363,17936.72991819047,0.0,17507.701814684064
2025-06-10T12:45:00Z,2025-06-10T13:00:00Z,2025-06-10,2025-06-10_15,-83.0,100,17,0,189.99999999999983,185.65546573913025,0.013298395169082123,24.71,0.0,True,True,True,False,-630.5925,0.0,172.9602157788267,28.604180714767363,33964.48846733569,0.0,33535.46036382928
2025-06-10T13:00:00Z,2025-06-10T13:15:00Z,2025-06-10,2025-06-10_16,-0.9999999999998787,100,99,0,185.65546573913025,181.78959535652154,0.013102775507246325,3.988,0.25245,True,True,True,False,-15.57999999999811,0.0,172.9602157788267,166.5772876918805,2772.623346158423,-13.596762137559002,3082.984087491573
2025-06-10T13:15:00Z,2025-06-10T13:30:00Z,2025-06-10,2025-06-10_16,-0.9999999999998787,100,99,0,181.78959535652154,176.61627954782588,0.015509026135265658,4.998,0.022770000000000002,True,True,True,False,-15.57999999999811,0.0,172.9602157788267,166.5772876918805,1334.994922454484,-1.76512433064932,1657.1873015945437
2025-06-10T13:30:00Z,2025-06-10T13:45:00Z,2025-06-10,2025-06-10_16,-0.9999999999998787,100,99,0,176.61627954782588,177.08386167826066,0.002114871859903305,0.1365,0.419265,True,True,True,False,-15.57999999999811,0.0,172.9602157788267,166.5772876918805,17.596485661020985,-22.030163096465824,319.5238260352643
2025-06-10T13:45:00Z,2025-06-10T14:00:00Z,2025-06-10,2025-06-10_16,-0.9999999999998787,100,99,0,177.08386167826066,177.34883286086935,0.0013009767149757686,0.0945,0.14949,True,True,True,False,-15.57999999999811,0.0,172.9602157788267,166.5772876918805,12.182182380706834,-11.3998651184007,324.7398207330152
2025-06-10T14:00:00Z,2025-06-10T14:15:00Z,2025-06-10,2025-06-10_17,9.853427929334234,90,100,0,177.34883286086935,186.40125540479048,0.03256781986780722,0.0,12.526000000000002,True,True,True,False,219.55900783539008,0.0,155.66419420094402,145.76970370076555,0.0,8185.783977232161,8706.776882969261
2025-06-10T14:15:00Z,2025-06-10T14:30:00Z,2025-06-10,2025-06-10_17,9.853427929334234,90,100,0,186.40125540479048,187.71859317982734,0.015996286976963307,0.0,4.266,True,True,True,False,219.55900783539008,0.0,155.66419420094402,145.76970370076555,0.0,-99.67508746182222,421.31781827527743
2025-06-10T14:30:00Z,2025-06-10T14:45:00Z,2025-06-10,2025-06-10_17,9.853427929334234,90,100,0,187.71859317982734,185.11750191535486,0.008284976548543165,0.1278,0.22999999999999998,True,True,True,False,219.55900783539008,0.0,155.66419420094402,145.76970370076555,17.742255364721746,-17.19170401808734,521.5434570837341
2025-06-10T14:45:00Z,2025-06-10T15:00:00Z,2025-06-10,2025-06-10_17,9.853427929334234,90,100,0,185.11750191535486,182.38557478260867,0.008351226316710515,0.1926,0.1655,True,True,True,False,219.55900783539008,0.0,155.66419420094402,145.76970370076555,26.73832850739756,-12.171185494427036,535.5600487500702
2025-06-10T15:00:00Z,2025-06-10T15:15:00Z,2025-06-10,2025-06-10_18,0.0,100,100,0,182.38557478260867,183.80747999999997,0.004813263285024155,0.143,1.7145000000000001,True,True,True,False,0.0,0.0,172.9602157788267,145.76970370076555,19.852445361151876,-77.22526645115228,261.35709838959184
2025-06-10T15:15:00Z,2025-06-10T15:30:00Z,2025-06-10,2025-06-10_18,0.0,100,100,0,183.80747999999997,189.12783999999996,0.01477877777777778,0.0,5.783,True,True,True,False,0.0,0.0,172.9602157788267,145.76970370076555,0.0,-58.62481555670144,260.1051039228908
2025-06-10T15:30:00Z,2025-06-10T15:45:00Z,2025-06-10,2025-06-10_18,0.0,100,100,0,189.12783999999996,189.970652173913,0.002504188405797101,0.027,0.9479999999999998,True,True,True,False,0.0,0.0,172.9602157788267,145.76970370076555,3.7483638094482563,-56.40507873547259,266.0732045535679
2025-06-10T15:45:00Z,2025-06-10T16:00:00Z,2025-06-10,2025-06-10_18,0.0,100,100,0,189.970652173913,183.4973713043478,0.01807844685990338,5.9715,0.019,True,True,True,False,0.0,0.0,172.9602157788267,145.76970370076555,1329.7773255721709,-1.4695966046566975,1647.0376484471064
2025-06-10T16:00:00Z,2025-06-10T16:15:00Z,2025-06-10,2025-06-10_19,-42.85149247097201,100,57,0,183.4973713043478,184.95625544277425,0.032590474237857076,8.2695,0.0,True,True,True,False,-1462.9499529589846,0.0,172.5437309111102,81.81696481694497,1831.2394619412162,0.0,622.6502047102867
2025-06-10T16:15:00Z,2025-06-10T16:30:00Z,2025-06-10,2025-06-10_19,-42.85149247097201,100,57,0,184.95625544277425,183.20084922196622,0.034586020376646515,11.435,0.0,True,True,True,False,-1462.9499529589846,0.0,172.5437309111102,81.81696481694497,3131.791184403633,0.0,1923.2019271727036
2025-06-10T16:30:00Z,2025-06-10T16:45:00Z,2025-06-10,2025-06-10_19,-42.85149247097201,100,57,0,183.20084922196622,177.47060818478693,0.03705373965015505,15.349500000000003,0.0,True,True,True,False,-1462.9499529589846,0.0,172.5437309111102,81.81696481694497,6942.265114037524,0.0,5733.675856806594
2025-06-10T16:45:00Z,2025-06-10T17:00:00Z,2025-06-10,2025-06-10_19,-42.85149247097201,100,57,0,177.47060818478693,164.69999999999996,0.041424650771082726,22.283,0.0,True,True,True,False,-1462.9499529589846,0.0,172.5437309111102,81.81696481694497,26094.23178334854,0.0,24885.642526117612
2025-06-10T17:00:00Z,2025-06-10T17:15:00Z,2025-06-10,2025-06-10_20,44.846999999999994,0,0,55,164.69999999999996,152.51331521739127,0.03385190217391304,0.0,0.0,True,False,True,False,2264.5492649999997,515.4000237991353,0.0,0.0,0.0,0.0,2779.949288799135
2025-06-10T17:15:00Z,2025-06-10T17:30:00Z,2025-06-10,2025-06-10_20,44.846999999999994,0,0,55,152.51331521739127,140.32663043478257,0.03385190217391304,0.0,0.0,True,False,True,False,2264.5492649999997,515.4000237991353,0.0,0.0,0.0,0.0,2779.949288799135
2025-06-10T17:30:00Z,2025-06-10T17:45:00Z,2025-06-10,2025-06-10_20,44.846999999999994,0,0,55,140.32663043478257,128.13994565217388,0.03385190217391304,0.0,0.0,True,False,True,False,2264.5492649999997,515.4000237991353,0.0,0.0,0.0,0.0,2779.949288799135
2025-06-10T17:45:00Z,2025-06-10T18:00:00Z,2025-06-10,2025-06-10_20,44.846999999999994,0,0,55,128.13994565217388,115.95326086956518,0.03385190217391304,0.0,0.0,True,False,True,False,2264.5492649999997,515.4000237991353,0.0,0.0,0.0,0.0,2779.949288799135
2025-06-10T18:00:00Z,2025-06-10T18:15:00Z,2025-06-10,2025-06-10_21,0.0,100,100,0,115.95326086956518,96.18749999999997,0.05490489130434782,18.1845,0.0,True,True,True,False,0.0,0.0,172.21649280076156,143.53853476657014,13893.58263912578,0.0,14209.33766669311
2025-06-10T18:15:00Z,2025-06-10T18:30:00Z,2025-06-10,2025-06-10_21,0.0,100,100,0,96.18749999999997,81.27336956521737,0.041428140096618354,13.721,0.0,True,True,True,False,0.0,0.0,172.21649280076156,143.53853476657014,6604.304096029511,0.0,6920.059123596843
2025-06-10T18:30:00Z,2025-06-10T18:45:00Z,2025-06-10,2025-06-10_21,0.0,100,100,0,81.27336956521737,58.74999999999997,0.06256491545893719,20.7215,0.0,True,True,True,False,0.0,0.0,172.21649280076156,143.53853476657014,23744.236791876563,0.0,24059.991819443894
2025-06-10T18:45:00Z,2025-06-10T19:00:00Z,2025-06-10,2025-06-10_21,0.0,100,100,0,58.74999999999997,32.826086956521706,0.07201086956521739,23.85,0.0,True,True,True,False,0.0,0.0,172.21649280076156,143.53853476657014,30411.72994922851,0.0,30727.48497679584
2025-06-10T19:00:00Z,2025-06-10T19:15:00Z,2025-06-10,2025-06-10_22,-3.8616453030440225e-15,0,0,42,32.826086956521706,32.826086956521706,2.4671622769447924e-18,0.0,0.0,True,False,True,False,-1.3427906130009828e-13,393.5781999920669,0.0,0.0,0.0,0.0,393.5781999920668
2025-06-10T19:15:00Z,2025-06-10T19:30:00Z,2025-06-10,2025-06-10_22,-3.8616453030440225e-15,0,0,42,32.826086956521706,32.826086956521706,2.4671622769447924e-18,0.0,0.0,True,False,True,False,-1.3427906130009828e-13,393.5781999920669,0.0,0.0,0.0,0.0,393.5781999920668
2025-06-10T19:30:00Z,2025-06-10T19:45:00Z,2025-06-10,2025-06-10_22,-3.8616453030440225e-15,0,0,42,32.826086956521706,32.826086956521706,2.4671622769447924e-18,0.0,0.0,True,False,True,False,-1.3427906130009828e-13,393.5781999920669,0.0,0.0,0.0,0.0,393.5781999920668
2025-06-10T19:45:00Z,2025-06-10T20:00:00Z,2025-06-10,2025-06-10_22,-3.8616453030440225e-15,0,0,42,32.826086956521706,32.826086956521706,2.4671622769447924e-18,0.0,0.0,True,False,True,False,-1.3427906130009828e-13,393.5781999920669,0.0,0.0,0.0,0.0,393.5781999920668
2025-06-10T20:00:00Z,2025-06-10T20:15:00Z,2025-06-10,2025-06-10_23,0.0,100,100,0,32.826086956521706,19.513543478260836,0.03774595410628019,12.3745,0.15,True,True,True,False,0.0,0.0,172.21649280076156,146.15643964935938,3801.657852723017,-5.830788148030622,4114.199997025107
2025-06-10T20:15:00Z,2025-06-10T20:30:00Z,2025-06-10,2025-06-10_23,0.0,100,100,0,19.513543478260836,18.54738608695649,0.004692437198067633,1.2215,0.393,True,True,True,False,0.0,0.0,172.21649280076156,146.15643964935938,167.9624275118004,-15.781340486295663,470.5540194756257
2025-06-10T20:30:00Z,2025-06-10T20:45:00Z,2025-06-10,2025-06-10_23,0.0,100,100,0,18.54738608695649,10.864743478260838,0.021491451690821253,7.092999999999999,0.029499999999999995,True,True,True,False,0.0,0.0,172.21649280076156,146.15643964935938,3394.541105271508,-1.894214529372099,3711.019823192257
2025-06-10T20:45:00Z,2025-06-10T21:00:00Z,2025-06-10,2025-06-10_23,0.0,100,100,0,10.864743478260838,10.339550434782577,0.0025628695652173913,0.666,0.216,True,True,True,False,0.0,0.0,172.21649280076156,146.15643964935938,89.12779144024432,-11.087617309904408,396.41310658046086
2025-06-10T21:00:00Z,2025-06-10T21:15:00Z,2025-06-11,2025-06-10_24,-97.74238346462391,100,2,0,10.339550434782577,20.038103684863472,0.02882681699901691,13.837,0.0,True,True,True,False,-2388.579495916747,0.0,173.15252352777668,2.8656236349918593,14079.547230671486,0.0,11866.985881917508
2025-06-10T21:15:00Z,2025-06-10T21:30:00Z,2025-06-11,2025-06-10_24,-97.74238346462391,100,2,0,20.038103684863472,40.08091399296606,0.05604058595280626,2.6855,0.04657,True,True,True,False,-2388.579495916747,0.0,173.15252352777668,2.8656236349918593,463.3929797879522,-2.0265245344081326,-1751.1948935004343
2025-06-10T21:30:00Z,2025-06-10T21:45:00Z,2025-06-11,2025-06-10_24,-97.74238346462391,100,2,0,40.08091399296606,62.302343956987684,0.06176504825226913,0.285,0.0043,True,True,True,False,-2388.579495916747,0.0,173.15252352777668,2.8656236349918593,36.780764801651905,-0.30220976452368664,-2176.08279371685
2025-06-10T21:45:00Z,2025-06-10T22:00:00Z,2025-06-11,2025-06-10_24,-97.74238346462391,100,2,0,62.302343956987684,84.764483530567,0.06239871753960789,0.028499999999999998,0.00839,True,True,True,False,-2388.579495916747,0.0,173.15252352777668,2.8656236349918593,3.6780764801651906,-0.5727891613389985,-2209.456061435152
2025-06-10T22:00:00Z,2025-06-10T22:15:00Z,2025-06-11,2025-06-11_1,0.0,100,100,0,84.764483530567,76.6804183131757,0.022583514492753618,7.4585,0.025,True,True,True,False,0.0,0.0,173.15252352777668,143.28118174959297,2381.982728527181,-1.6782154628122148,2696.738218341738
2025-06-10T22:15:00Z,2025-06-10T22:30:00Z,2025-06-11,2025-06-11_1,0.0,100,100,0,76.6804183131757,71.50978353056699,0.01469509661835749,4.812,0.065,True,True,True,False,0.0,0.0,173.15252352777668,143.28118174959297,739.7377556287972,-5.046062820156455,1051.1253980860104
2025-06-10T22:30:00Z,2025-06-10T22:45:00Z,2025-06-11,2025-06-11_1,0.0,100,100,0,71.50978353056699,66.86498179143656,0.014772893719806763,4.583,0.366,True,True,True,False,0.0,0.0,173.15252352777668,143.28118174959297,844.7930544414883,-16.329459953142994,1144.897299765715
2025-06-10T22:45:00Z,2025-06-10T23:00:00Z,2025-06-11,2025-06-11_1,0.0,100,100,0,66.86498179143656,61.44541657404526,0.015054347826086955,4.986,0.0,True,True,True,False,0.0,0.0,173.15252352777668,143.28118174959297,778.4202676408689,0.0,1094.8539729182385
2025-06-10T23:00:00Z,2025-06-10T23:15:00Z,2025-06-11,2025-06-11_2,0.0,45,45,55,61.44541657404526,56.91215570448004,0.012592391304347826,4.1706,0.0,True,True,True,False,0.0,515.9730770758051,77.91863558749951,64.47653178731684,837.7278513679864,0.0,1496.0960958186079
2025-06-10T23:15:00Z,2025-06-10T23:30:00Z,2025-06-11,2025-06-11_2,0.0,45,45,55,56.91215570448004,56.45873179143656,0.0012595108695652175,0.41715,0.0,True,True,True,False,0.0,515.9730770758051,77.91863558749951,64.47653178731684,55.49728283961403,0.0,713.8655272902355
2025-06-10T23:30:00Z,2025-06-10T23:45:00Z,2025-06-11,2025-06-11_2,0.0,45,45,55,56.45873179143656,56.317114834914825,0.0004911304347826087,0.146475,0.019125000000000003,True,True,True,False,0.0,515.9730770758051,77.91863558749951,64.47653178731684,19.023980825358375,-1.4882801145614106,675.9039451614184
2025-06-10T23:45:00Z,2025-06-11T00:00:00Z,2025-06-11,2025-06-11_2,0.0,45,45,55,56.317114834914825,56.97806583491482,0.0018359749999999999,0.0,0.718425,True,True,True,False,0.0,515.9730770758051,77.91863558749951,64.47653178731684,0.0,-29.25007920521781,629.1181652454037
2025-06-11T00:00:00Z,2025-06-11T00:15:00Z,2025-06-11,2025-06-11_3,-45.0,45,0,55,56.97806583491482,67.24795683491483,0.028527475000000004,0.087075,0.0,True,True,True,False,-776.1374999999999,515.9730770758051,77.91863558749951,0.0,11.23749156176786,0.0,-171.00829577492743
2025-06-11T00:15:00Z,2025-06-11T00:30:00Z,2025-06-11,2025-06-11_3,-45.0,45,0,55,67.24795683491483,77.56400883491483,0.0286557,0.0369,0.0,True,True,True,False,-776.1374999999999,515.9730770758051,77.91863558749951,0.0,4.762141126950722,0.0,-177.4836462097446
2025-06-11T00:30:00Z,2025-06-11T00:45:00Z,2025-06-11,2025-06-11_3,-45.0,45,0,55,77.56400883491483,87.73143483491484,0.02824285,0.19845,0.0,True,True,True,False,-776.1374999999999,515.9730770758051,77.91863558749951,0.0,26.649692342056145,0.0,-155.59609499463915
2025-06-11T00:45:00Z,2025-06-11T01:00:00Z,2025-06-11,2025-06-11_3,-45.0,45,0,55,87.73143483491484,97.78770183491483,0.027934075000000003,0.31927500000000003,0.0,True,True,True,False,-776.1374999999999,515.9730770758051,77.91863558749951,0.0,42.54434778421952,0.0,-139.7014395524758
2025-06-11T01:00:00Z,2025-06-11T01:15:00Z,2025-06-11,2025-06-11_4,-34.54226213069668,45,10,55,97.78770183491483,105.67806909273068,0.0220076764194387,0.06412499999999999,0.00775,True,True,True,False,-627.2874802934517,515.9730770758051,77.91863558749951,14.328118174959297,8.275672080371677,-0.5788818846046937,-11.370859259420811
2025-06-11T01:15:00Z,2025-06-11T01:30:00Z,2025-06-11,2025-06-11_4,-34.54226213069668,45,10,55,105.67806909273068,113.5287961006392,0.021948716592849103,0.100575,0.00265,True,True,True,False,-627.2874802934517,515.9730770758051,77.91863558749951,14.328118174959297,12.97973831553032,-0.20599190922447685,-6.293903048881952
2025-06-11T01:30:00Z,2025-06-11T01:45:00Z,2025-06-11,2025-06-11_4,-34.54226213069668,45,10,55,113.5287961006392,120.22961756992358,0.020434024508712758,1.29735,0.0,True,True,True,False,-627.2874802934517,515.9730770758051,77.91863558749951,14.328118174959297,178.59362446888773,0.0,159.52597501369993
2025-06-11T01:45:00Z,2025-06-11T02:00:00Z,2025-06-11,2025-06-11_4,-34.54226213069668,45,10,55,120.22961756992358,127.4517201304346,0.02112800948337922,0.7600500000000001,0.00665,True,True,True,False,-627.2874802934517,515.9730770758051,77.91863558749951,14.328118174959297,103.46932511019341,-0.3029033673509907,84.09877228765463
2025-06-11T02:00:00Z,2025-06-11T02:15:00Z,2025-06-11,2025-06-11_5,-4.973799150320701e-14,45,45,55,127.4517201304346,126.71495352173896,0.0023202739130435057,0.7231500000000001,0.05354999999999999,True,True,True,False,-9.120704191900585e-13,515.9730770758051,77.73100901401739,64.47653178731684,98.6224061668586,-2.725950810070285,754.0770732339267
2025-06-11T02:15:00Z,2025-06-11T02:30:00Z,2025-06-11,2025-06-11_5,-4.973799150320701e-14,45,45,55,126.71495352173896,126.58942269565202,0.0004705967391304657,0.135675,0.02385,True,True,True,False,-9.120704191900585e-13,515.9730770758051,77.73100901401739,64.47653178731684,17.50957987531271,-1.8604051244887425,673.8297926279624
2025-06-11T02:30:00Z,2025-06-11T02:45:00Z,2025-06-11,2025-06-11_5,-4.973799150320701e-14,45,45,55,126.58942269565202,126.55451365217378,0.00023726956521742275,0.055349999999999996,0.02745,True,True,True,False,-9.120704191900585e-13,515.9730770758051,77.73100901401739,64.47653178731684,7.143211690426081,-2.086899793511496,663.236929774053
2025-06-11T02:45:00Z,2025-06-11T03:00:00Z,2025-06-11,2025-06-11_5,-4.973799150320701e-14,45,45,55,126.55451365217378,125.50975099999988,0.0029239684782608956,0.9648,0.004274999999999999,True,True,True,False,-9.120704191900585e-13,515.9730770758051,77.73100901401739,64.47653178731684,131.65135242028353,-0.2783571109478616,789.5536131864741
2025-06-11T03:00:00Z,2025-06-11T03:15:00Z,2025-06-11,2025-06-11_6,0.0,45,45,55,125.50975099999988,127.21915699999988,0.004748349999999999,0.0,1.8580499999999998,True,True,True,False,0.0,515.9730770758051,77.73100901401739,64.47653178731684,0.0,-70.3573287237422,587.8232891533971
2025-06-11T03:15:00Z,2025-06-11T03:30:00Z,2025-06-11,2025-06-11_6,0.0,45,45,55,127.21915699999988,128.8366549999999,0.00449305,0.0,1.75815,True,True,True,False,0.0,515.9730770758051,77.73100901401739,64.47653178731684,0.0,-66.6156842413533,591.564933635786
2025-06-11T03:30:00Z,2025-06-11T03:45:00Z,2025-06-11,2025-06-11_6,0.0,45,45,55,128.8366549999999,129.86312026086947,0.0033771076086956523,0.087075,1.2186000000000001,True,True,True,False,0.0,515.9730770758051,77.73100901401739,64.47653178731684,11.438521641583609,-46.39806313783109,623.2210763808919
2025-06-11T03:45:00Z,2025-06-11T04:00:00Z,2025-06-11,2025-06-11_6,0.0,45,45,55,129.86312026086947,129.10209239130424,0.0021645663043478257,0.708525,0.009899999999999999,True,True,True,False,0.0,515.9730770758051,77.73100901401739,64.47653178731684,97.04763962792359,-0.7730652622801095,754.4551922427828
2025-06-11T04:00:00Z,2025-06-11T04:15:00Z,2025-06-11,2025-06-11_7,45.0,0,45,55,129.10209239130424,117.24728260869556,0.032930027173913044,0.0,0.34357499999999996,True,True,True,False,1233.45,515.9730770758051,0.0,63.75282928960013,0.0,-20.874810963745382,1792.30109540166
2025-06-11T04:15:00Z,2025-06-11T04:30:00Z,2025-06-11,2025-06-11_7,45.0,0,45,55,117.24728260869556,105.32472826086948,0.03311820652173913,0.0,0.28125,True,True,True,False,1233.45,515.9730770758051,0.0,63.75282928960013,0.0,-17.399684310844616,1795.7762220545608
2025-06-11T04:30:00Z,2025-06-11T04:45:00Z,2025-06-11,2025-06-11_7,45.0,0,45,55,105.32472826086948,93.947554347826,0.03160326086956521,0.0,0.7829999999999999,True,True,True,False,1233.45,515.9730770758051,0.0,63.75282928960013,0.0,-42.95757574554263,1770.2183306198626
2025-06-11T04:45:00Z,2025-06-11T05:00:00Z,2025-06-11,2025-06-11_7,45.0,0,45,55,93.947554347826,83.7971195652173,0.028195652173913042,0.0,1.9116000000000002,True,True,True,False,1233.45,515.9730770758051,0.0,63.75282928960013,0.0,-81.163486002462,1732.0124203629432
2025-06-11T05:00:00Z,2025-06-11T05:15:00Z,2025-06-11,2025-06-11_8,45.0,0,45,55,83.7971195652173,71.64858695652164,0.03374592391304348,0.0,0.07335000000000001,True,True,True,False,1187.8875,515.9730770758051,0.0,63.75282928960013,0.0,-5.42402031132113,1762.1893860540843
2025-06-11T05:15:00Z,2025-06-11T05:30:00Z,2025-06-11,2025-06-11_8,45.0,0,45,55,71.64858695652164,59.47804347826077,0.0338070652173913,0.0,0.053099999999999994,True,True,True,False,1187.8875,515.9730770758051,0.0,63.75282928960013,0.0,-3.937208017313267,1763.676198348092
2025-06-11T05:30:00Z,2025-06-11T05:45:00Z,2025-06-11,2025-06-11_8,45.0,0,45,55,59.47804347826077,47.28989130434773,0.03385597826086957,0.0,0.0369,True,True,True,False,1187.8875,515.9730770758051,0.0,63.75282928960013,0.0,-2.4134164912838028,1765.1999898741215
2025-06-11T05:45:00Z,2025-06-11T06:00:00Z,2025-06-11,2025-06-11_8,45.0,0,45,55,47.28989130434773,39.89130434782599,0.020551630434782607,0.0,4.443300000000001,True,True,True,False,1187.8875,515.9730770758051,0.0,63.75282928960013,0.0,-28.607173311360842,1739.0062330540445
2025-06-11T06:00:00Z,2025-06-11T06:15:00Z,2025-06-11,2025-06-11_9,0.0,0,0,55,39.89130434782599,39.89130434782599,0.0,0.0,0.0,True,False,True,False,0.0,515.9730770758051,0.0,0.0,0.0,0.0,515.9730770758051
2025-06-11T06:15:00Z,2025-06-11T06:30:00Z,2025-06-11,2025-06-11_9,0.0,0,0,55,39.89130434782599,39.89130434782599,0.0,0.0,0.0,True,False,True,False,0.0,515.9730770758051,0.0,0.0,0.0,0.0,515.9730770758051
2025-06-11T06:30:00Z,2025-06-11T06:45:00Z,2025-06-11,2025-06-11_9,0.0,0,0,55,39.89130434782599,39.89130434782599,0.0,0.0,0.0,True,False,True,False,0.0,515.9730770758051,0.0,0.0,0.0,0.0,515.9730770758051
2025-06-11T06:45:00Z,2025-06-11T07:00:00Z,2025-06-11,2025-06-11_9,0.0,0,0,55,39.89130434782599,39.89130434782599,0.0,0.0,0.0,True,False,True,False,0.0,515.9730770758051,0.0,0.0,0.0,0.0,515.9730770758051
2025-06-11T07:00:00Z,2025-06-11T07:15:00Z,2025-06-11,2025-06-11_10,79.15980939366106,20,100,0,39.89130434782599,23.929343399954227,0.049974037418010965,0.016200000000000003,5.2905,True,True,True,False,1183.2412509117487,0.0,34.63050470555534,143.28118174959297,2.090696104514951,-67.0971029067228,1296.146530564689
2025-06-11T07:15:00Z,2025-06-11T07:30:00Z,2025-06-11,2025-06-11_10,79.15980939366106,20,100,0,23.929343399954227,12.321478744672614,0.0422694042684441,0.0,9.412,True,True,True,False,1183.2412509117487,0.0,34.63050470555534,143.28118174959297,0.0,-10.227509828058613,1350.9254275388384
2025-06-11T07:30:00Z,2025-06-11T07:45:00Z,2025-06-11,2025-06-11_10,79.15980939366106,20,100,0,12.321478744672614,9.999999999999892,0.025875036767209602,0.0,18.238,True,True,True,False,1183.2412509117487,0.0,34.63050470555534,143.28118174959297,0.0,118.27578008974307,1479.42871745664
2025-06-11T07:45:00Z,2025-06-11T08:00:00Z,2025-06-11,2025-06-11_10,79.15980939366106,20,100,0,9.999999999999892,12.507946966826697,0.017349074062624696,0.0,22.828,True,True,True,False,1183.2412509117487,0.0,34.63050470555534,143.28118174959297,0.0,284.273549616805,1645.426486983702
2025-06-11T08:00:00Z,2025-06-11T08:15:00Z,2025-06-11,2025-06-11_11,0.0,100,100,0,12.507946966826697,22.816086966826695,0.02863372222222222,0.0,11.2045,True,True,True,False,0.0,0.0,172.31862764563397,143.69812969066433,0.0,2177.8766340388356,2493.893391375134
2025-06-11T08:15:00Z,2025-06-11T08:30:00Z,2025-06-11,2025-06-11_11,0.0,100,100,0,22.816086966826695,26.136826966826696,0.00922427777777778,0.0,3.6095,True,True,True,False,0.0,0.0,172.31862764563397,143.69812969066433,0.0,-81.17540900607553,234.8413483302228
2025-06-11T08:30:00Z,2025-06-11T08:45:00Z,2025-06-11,2025-06-11_11,0.0,100,100,0,26.136826966826696,31.872566966826696,0.01593261111111111,0.0,6.2345,True,True,True,False,0.0,0.0,172.31862764563397,143.69812969066433,0.0,-69.82897470515823,246.18778263114007
2025-06-11T08:45:00Z,2025-06-11T09:00:00Z,2025-06-11,2025-06-11_11,0.0,100,100,0,31.872566966826696,43.6945669668267,0.03283888888888889,0.0,12.85,True,True,True,False,0.0,0.0,172.31862764563397,143.69812969066433,0.0,-0.2551324306079498,315.7616249056903
2025-06-11T09:00:00Z,2025-06-11T09:15:00Z,2025-06-11,2025-06-11_12,-45.0,45,0,55,43.6945669668267,53.9886769668267,0.028594750000000002,0.060750000000000005,0.0,True,True,True,False,-49.275,515.9730770758051,77.54338244053528,0.0,6.848372612476672,0.0,551.0898321288171
2025-06-11T09:15:00Z,2025-06-11T09:30:00Z,2025-06-11,2025-06-11_12,-45.0,45,0,55,53.9886769668267,64.2784399668267,0.028582675,0.06547499999999999,0.0,True,True,True,False,-49.275,515.9730770758051,77.54338244053528,0.0,7.1499126394790125,0.0,551.3913721558195
2025-06-11T09:30:00Z,2025-06-11T09:45:00Z,2025-06-11,2025-06-11_12,-45.0,45,0,55,64.2784399668267,74.37362296682669,0.028042175,0.276975,0.0,True,True,True,False,-49.275,515.9730770758051,77.54338244053528,0.0,30.24585037525315,0.0,574.4873098915936
2025-06-11T09:45:00Z,2025-06-11T10:00:00Z,2025-06-11,2025-06-11_12,-45.0,45,0,55,74.37362296682669,83.59381696682668,0.02561165,1.22805,0.0,True,True,True,False,-49.275,515.9730770758051,77.54338244053528,0.0,134.1038597466545,0.0,678.345319262995
2025-06-11T10:00:00Z,2025-06-11T10:15:00Z,2025-06-11,2025-06-11_13,-100.0,100,0,0,83.59381696682668,101.20905696682668,0.04893122222222222,5.853,0.0,True,True,True,False,-209.0,0.0,172.31862764563397,0.0,1031.1906182742325,0.0,994.5092459198665
2025-06-11T10:15:00Z,2025-06-11T10:30:00Z,2025-06-11,2025-06-11_13,-100.0,100,0,0,101.20905696682668,113.64883696682668,0.034554944444444444,11.4785,0.0,True,True,True,False,-209.0,0.0,172.31862764563397,0.0,6891.00395713378,0.0,6854.322584779414
2025-06-11T10:30:00Z,2025-06-11T10:45:00Z,2025-06-11,2025-06-11_13,-100.0,100,0,0,113.64883696682668,136.23069696682668,0.06272738888888889,0.4545,0.0,True,True,True,False,-209.0,0.0,172.31862764563397,0.0,49.63169598538697,0.0,12.950323631020936
2025-06-11T10:45:00Z,2025-06-11T11:00:00Z,2025-06-11,2025-06-11_13,-100.0,100,0,0,136.23069696682668,159.1382369668267,0.06363205555555555,0.1005,0.0,True,True,True,False,-209.0,0.0,172.31862764563397,0.0,10.97466544891395,0.0,-25.706706905452084
2025-06-11T11:00:00Z,2025-06-11T11:15:00Z,2025-06-11,2025-06-11_14,-2.6417865562366405,45,42,55,159.1382369668267,159.83978593788,0.002244180333406206,0.051975,0.16296000000000002,True,True,True,False,-6.7563691175752085,515.9730770758051,77.54338244053528,73.92486995195172,5.675703847833856,-8.082966127943454,658.2776980706074
2025-06-11T11:15:00Z,2025-06-11T11:30:00Z,2025-06-11,2025-06-11_14,-2.6417865562366405,45,42,55,159.83978593788,160.52809798362898,0.0021396277234871854,0.040049999999999995,0.13461,True,True,True,False,-6.7563691175752085,515.9730770758051,77.54338244053528,73.92486995195172,4.373486081880633,-7.147698526783942,657.9107479058137
2025-06-11T11:30:00Z,2025-06-11T11:45:00Z,2025-06-11,2025-06-11_14,-2.6417865562366405,45,42,55,160.52809798362898,161.6008818920638,0.0029863499590345333,0.0011250000000000001,0.5069400000000001,True,True,True,False,-6.7563691175752085,515.9730770758051,77.54338244053528,73.92486995195172,0.12285073263709646,-17.713811793670335,643.0939992896837
2025-06-11T11:45:00Z,2025-06-11T12:00:00Z,2025-06-11,2025-06-11_14,-2.6417865562366405,45,42,55,161.6008818920638,164.69999999999823,0.008608661410928965,0.0,2.7081600000000003,True,True,True,False,-6.7563691175752085,515.9730770758051,77.54338244053528,73.92486995195172,0.0,-30.586302950403056,630.0986574003139
2025-06-11T12:00:00Z,2025-06-11T12:15:00Z,2025-06-11,2025-06-11_15,0.0,100,100,0,164.69999999999823,167.62099999999822,0.00811388888888889,0.0,3.175,True,True,True,False,0.0,0.0,172.31862764563397,175.71377516578644,0.0,-87.58577214787753,260.44663066354286
2025-06-11T12:15:00Z,2025-06-11T12:30:00Z,2025-06-11,2025-06-11_15,0.0,100,100,0,167.62099999999822,169.04578869565037,0.0039849202898550725,0.0045,1.554,True,True,True,False,0.0,0.0,172.31862764563397,175.71377516578644,0.49140293054838574,-64.34262240400271,284.1811833379661
2025-06-11T12:30:00Z,2025-06-11T12:45:00Z,2025-06-11,2025-06-11_15,0.0,100,100,0,169.04578869565037,170.06775217391123,0.0030441014492753626,0.034,1.151,True,True,True,False,0.0,0.0,172.31862764563397,175.71377516578644,3.7128221419211376,-48.761073144581665,302.98415180875986
2025-06-11T12:45:00Z,2025-06-11T13:00:00Z,2025-06-11,2025-06-11_15,0.0,100,100,0,170.06775217391123,178.65917217391123,0.023865055555555553,0.0,9.3385,True,True,True,False,0.0,0.0,172.31862764563397,175.71377516578644,0.0,3616.3965163999524,3964.428919211373
2025-06-11T13:00:00Z,2025-06-11T13:15:00Z,2025-06-11,2025-06-11_16,37.63883942700712,62,100,0,178.65917217391123,182.93500389359386,0.03515838715919291,0.0,14.757000000000001,True,True,True,False,315.4134743983197,0.0,106.83754914029304,174.2246753762459,0.0,7850.105193980067,8446.580892894926
2025-06-11T13:15:00Z,2025-06-11T13:30:00Z,2025-06-11,2025-06-11_16,37.63883942700712,62,100,0,182.93500389359386,177.40866083876108,0.030749032118417712,0.042780000000000006,4.831,True,True,True,False,315.4134743983197,0.0,106.83754914029304,174.2246753762459,4.6716038597466545,39.6946559186753,640.8419586932806
2025-06-11T13:30:00Z,2025-06-11T13:45:00Z,2025-06-11,2025-06-11_16,37.63883942700712,62,100,0,177.40866083876108,167.65836575944357,0.02888341106099191,0.07099,0.5645,True,True,True,False,315.4134743983197,0.0,106.83754914029304,174.2246753762459,7.752154231028868,-26.303619803041737,577.9242333428458
2025-06-11T13:45:00Z,2025-06-11T14:00:00Z,2025-06-11,2025-06-11_16,37.63883942700712,62,100,0,167.65836575944357,164.69999999999857,0.03179290367867449,0.0,7.3965000000000005,True,True,True,False,315.4134743983197,0.0,106.83754914029304,174.2246753762459,0.0,20.967959933288334,617.4436588481469
2025-06-11T14:00:00Z,2025-06-11T14:15:00Z,2025-06-11,2025-06-11_17,0.018067173036332634,0,0,55,164.69999999999857,164.69509044210827,1.3637660806410503e-05,0.0,0.0,True,False,True,False,0.35773002611938615,515.9730770758051,0.0,0.0,0.0,0.0,516.3308071019245
2025-06-11T14:15:00Z,2025-06-11T14:30:00Z,2025-06-11,2025-06-11_17,0.018067173036332634,0,0,55,164.69509044210827,164.69018088421797,1.3637660806410503e-05,0.0,0.0,True,False,True,False,0.35773002611938615,515.9730770758051,0.0,0.0,0.0,0.0,516.3308071019245
2025-06-11T14:30:00Z,2025-06-11T14:45:00Z,2025-06-11,2025-06-11_17,0.018067173036332634,0,0,55,164.69018088421797,164.68527132632767,1.3637660806410503e-05,0.0,0.0,True,False,True,False,0.35773002611938615,515.9730770758051,0.0,0.0,0.0,0.0,516.3308071019245
2025-06-11T14:45:00Z,2025-06-11T15:00:00Z,2025-06-11,2025-06-11_17,0.018067173036332634,0,0,55,164.68527132632767,164.68036176843736,1.3637660806410503e-05,0.0,0.0,True,False,True,False,0.35773002611938615,515.9730770758051,0.0,0.0,0.0,0.0,516.3308071019245
2025-06-11T15:00:00Z,2025-06-11T15:15:00Z,2025-06-11,2025-06-11_18,32.0,68,100,0,164.68036176843736,176.34269818582868,0.04085890550724638,0.1462,21.077,True,True,True,False,839.68,0.0,117.74371599888813,143.28118174959297,19.934474208791645,4775.945422110154,5896.584794067427
2025-06-11T15:15:00Z,2025-06-11T15:30:00Z,2025-06-11,2025-06-11_18,32.0,68,100,0,176.34269818582868,180.12977543800258,0.03404912763285024,0.0,12.8235,True,True,True,False,839.68,0.0,117.74371599888813,143.28118174959297,0.0,-100.9997660127864,999.7051317356946
2025-06-11T15:30:00Z,2025-06-11T15:45:00Z,2025-06-11,2025-06-11_18,32.0,68,100,0,180.12977543800258,172.2113496293069,0.024786498357487922,0.00408,0.803,True,True,True,False,839.68,0.0,117.74371599888813,143.28118174959297,0.5265456855815431,-47.02729976571497,1054.2041436683476
2025-06-11T15:45:00Z,2025-06-11T16:00:00Z,2025-06-11,2025-06-11_18,32.0,68,100,0,172.2113496293069,163.449921977133,0.02444156570048309,0.08738000000000001,0.03,True,True,True,False,839.68,0.0,117.74371599888813,143.28118174959297,11.067589731167853,-2.3229956716832785,1109.4494918079656
2025-06-11T16:00:00Z,2025-06-11T16:15:00Z,2025-06-11,2025-06-11_19,0.5914668208523134,47,48,52,163.449921977133,164.83847481480944,0.00462498015990528,0.0,1.68024,True,True,True,False,20.964541465110248,487.82909105348847,81.36768852003335,68.0030179089068,0.0,-91.93113932414724,566.2331996233917
2025-06-11T16:15:00Z,2025-06-11T16:30:00Z,2025-06-11,2025-06-11_19,0.5914668208523134,47,48,52,164.83847481480944,165.9375754324358,0.003844304868753896,0.0,1.36632,True,True,True,False,20.964541465110248,487.82909105348847,81.36768852003335,68.0030179089068,0.0,-84.35993786284398,573.8044010846949
2025-06-11T16:30:00Z,2025-06-11T16:45:00Z,2025-06-11,2025-06-11_19,0.5914668208523134,47,48,52,165.9375754324358,165.7269452766,0.000987318832161722,0.11350500000000001,0.07968,True,True,True,False,20.964541465110248,487.82909105348847,81.36768852003335,68.0030179089068,15.744891845689553,-5.9639766509153,667.9452541423132
2025-06-11T16:45:00Z,2025-06-11T17:00:00Z,2025-06-11,2025-06-11_19,0.5914668208523134,47,48,52,165.7269452766,164.14896599999832,0.004386910422548333,1.3044850000000001,0.00072,True,True,True,False,20.964541465110248,487.82909105348847,81.36768852003335,68.0030179089068,235.29784810586509,-0.055751896120398686,893.4064351572836
2025-06-11T17:00:00Z,2025-06-11T17:15:00Z,2025-06-11,2025-06-11_20,0.0,45,45,55,164.14896599999832,164.62345108695484,0.0017432858695652176,0.070425,0.59895,True,True,True,False,0.0,515.9730770758051,77.58358813485289,63.75282928960013,9.747652806456736,-39.36984947186594,627.6872978348489
2025-06-11T17:15:00Z,2025-06-11T17:30:00Z,2025-06-11,2025-06-11_20,0.0,45,45,55,164.62345108695484,163.99539547825918,0.0018722489130434782,0.59895,0.024975,True,True,True,False,0.0,515.9730770758051,77.58358813485289,63.75282928960013,83.24365643489655,-1.9274178314736132,738.6257331036811
2025-06-11T17:30:00Z,2025-06-11T17:45:00Z,2025-06-11,2025-06-11_20,0.0,45,45,55,163.99539547825918,163.0437922173896,0.0026433423913043478,0.875475,0.0,True,True,True,False,0.0,515.9730770758051,77.58358813485289,63.75282928960013,121.67583290314894,0.0,778.985327403407
2025-06-11T17:45:00Z,2025-06-11T18:00:00Z,2025-06-11,2025-06-11_20,0.0,45,45,55,163.0437922173896,161.98506939130266,0.002940896739130434,0.9740249999999999,0.0,True,True,True,False,0.0,515.9730770758051,77.58358813485289,63.75282928960013,135.37257276734303,0.0,792.6820672676012
2025-06-11T18:00:00Z,2025-06-11T18:15:00Z,2025-06-11,2025-06-11_21,65.99999999999993,0,0,34,161.98506939130266,144.05028678260703,0.04981884057971009,0.0,0.0,True,False,True,False,3616.1399999999962,318.9651749195886,0.0,0.0,0.0,0.0,3935.105174919585
2025-06-11T18:15:00Z,2025-06-11T18:30:00Z,2025-06-11,2025-06-11_21,65.99999999999993,0,0,34,144.05028678260703,126.1155041739114,0.04981884057971009,0.0,0.0,True,False,True,False,3616.1399999999962,318.9651749195886,0.0,0.0,0.0,0.0,3935.105174919585
2025-06-11T18:30:00Z,2025-06-11T18:45:00Z,2025-06-11,2025-06-11_21,65.99999999999993,0,0,34,126.1155041739114,108.18072156521578,0.04981884057971009,0.0,0.0,True,False,True,False,3616.1399999999962,318.9651749195886,0.0,0.0,0.0,0.0,3935.105174919585
2025-06-11T18:45:00Z,2025-06-11T19:00:00Z,2025-06-11,2025-06-11_21,65.99999999999993,0,0,34,108.18072156521578,90.24593895652015,0.04981884057971009,0.0,0.0,True,False,True,False,3616.1399999999962,318.9651749195886,0.0,0.0,0.0,0.0,3935.105174919585
2025-06-11T19:00:00Z,2025-06-11T19:15:00Z,2025-06-11,2025-06-11_22,47.826263840000045,0,0,52,90.24593895652015,77.24967160869406,0.03610074263285027,0.0,0.0,True,False,True,False,2220.334298772002,487.82909105348847,0.0,0.0,0.0,0.0,2708.1633898254904
2025-06-11T19:15:00Z,2025-06-11T19:30:00Z,2025-06-11,2025-06-11_22,47.826263840000045,0,0,52,77.24967160869406,64.25340426086797,0.03610074263285027,0.0,0.0,True,False,True,False,2220.334298772002,487.82909105348847,0.0,0.0,0.0,0.0,2708.1633898254904
2025-06-11T19:30:00Z,2025-06-11T19:45:00Z,2025-06-11,2025-06-11_22,47.826263840000045,0,0,52,64.25340426086797,51.25713691304187,0.03610074263285027,0.0,0.0,True,False,True,False,2220.334298772002,487.82909105348847,0.0,0.0,0.0,0.0,2708.1633898254904
2025-06-11T19:45:00Z,2025-06-11T20:00:00Z,2025-06-11,2025-06-11_22,47.826263840000045,0,0,52,51.25713691304187,38.26086956521577,0.03610074263285027,0.0,0.0,True,False,True,False,2220.334298772002,487.82909105348847,0.0,0.0,0.0,0.0,2708.1633898254904
2025-06-11T20:00:00Z,2025-06-11T20:15:00Z,2025-06-11,2025-06-11_23,0.0,100,100,0,38.26086956521577,16.75197217391142,0.06068482608695652,19.9435,0.1835,True,True,True,False,0.0,0.0,172.4079736330064,143.28118174959297,21187.89583925664,-10.965733530556326,21492.61926110868
2025-06-11T20:15:00Z,2025-06-11T20:30:00Z,2025-06-11,2025-06-11_23,0.0,100,100,0,16.75197217391142,12.197750434780986,0.012663393719806765,4.192,0.0025,True,True,True,False,0.0,0.0,172.4079736330064,143.28118174959297,1268.211920740182,-0.19854663860540844,1583.702529484176
2025-06-11T20:30:00Z,2025-06-11T20:45:00Z,2025-06-11,2025-06-11_23,0.0,100,100,0,12.197750434780986,10.067219999998377,0.008882584541062801,2.451,0.58,True,True,True,False,0.0,0.0,172.4079736330064,143.28118174959297,427.8485571615773,-34.62853115196759,708.9091813922091
2025-06-11T20:45:00Z,2025-06-11T21:00:00Z,2025-06-11,2025-06-11_23,0.0,100,100,0,10.067219999998377,17.068419999998376,0.01944777777777778,0.0,7.61,True,True,True,False,0.0,0.0,172.4079736330064,143.28118174959297,0.0,-344.54265178890523,-28.85349640630585
2025-06-11T21:00:00Z,2025-06-11T21:15:00Z,2025-06-12,2025-06-11_24,-60.92974371377509,100,39,0,17.068419999998376,22.601402612222927,0.03590133487277788,8.7025,0.101205,True,True,True,False,-1579.1466327017658,0.0,172.1458279437225,54.71532904817815,9489.436260969931,-5.559195825953712,8131.591589434112
2025-06-11T21:15:00Z,2025-06-11T21:30:00Z,2025-06-12,2025-06-11_24,-60.92974371377509,100,39,0,22.601402612222927,34.3477360367407,0.038058667413681406,2.3015,0.0,True,True,True,False,-1579.1466327017658,0.0,172.1458279437225,54.71532904817815,1488.6025605460586,0.0,136.31708483619343
2025-06-11T21:30:00Z,2025-06-11T21:45:00Z,2025-06-12,2025-06-11_24,-60.92974371377509,100,39,0,34.3477360367407,42.57728975930867,0.03671140977624114,5.871,0.0,True,True,True,False,-1579.1466327017658,0.0,172.1458279437225,54.71532904817815,4192.909984079919,0.0,2840.6245083700537
2025-06-11T21:45:00Z,2025-06-11T22:00:00Z,2025-06-12,2025-06-11_24,-60.92974371377509,100,39,0,42.57728975930867,56.31838521739118,0.038869246501247665,0.2965,0.02106,True,True,True,False,-1579.1466327017658,0.0,172.1458279437225,54.71532904817815,58.57242413086306,-1.6298187777357662,-1295.3428703567379
2025-06-11T22:00:00Z,2025-06-11T22:15:00Z,2025-06-12,2025-06-12_1,0.0,100,100,0,56.31838521739118,39.053167826086835,0.04795893719806763,15.884,0.0,True,True,True,False,0.0,0.0,172.26522855266563,140.2957155081491,18431.837726612404,0.0,18744.398670673218
2025-06-11T22:15:00Z,2025-06-11T22:30:00Z,2025-06-12,2025-06-12_1,0.0,100,100,0,39.053167826086835,33.58757565217379,0.015210311594202898,5.033,0.0055,True,True,True,False,0.0,0.0,172.26522855266563,140.2957155081491,2474.2326554695433,-0.43780223279138725,2786.355797297567
2025-06-11T22:30:00Z,2025-06-11T22:45:00Z,2025-06-12,2025-06-12_1,0.0,100,100,0,33.58757565217379,33.721674782608574,0.0009461690821256039,0.095,0.258,True,True,True,False,0.0,0.0,172.26522855266563,140.2957155081491,12.954963085311734,-18.992580844162305,306.5233263019642
2025-06-11T22:45:00Z,2025-06-11T23:00:00Z,2025-06-12,2025-06-12_1,0.0,100,100,0,33.721674782608574,40.11061478260857,0.017747055555555554,0.0,6.9445,True,True,True,False,0.0,0.0,172.26522855266563,140.2957155081491,0.0,-273.7253218841416,38.835622176673155
2025-06-11T23:00:00Z,2025-06-11T23:15:00Z,2025-06-12,2025-06-12_2,0.0,45,45,55,40.11061478260857,39.89130434782596,0.0014831956521739133,0.34650000000000003,0.171,True,True,True,False,0.0,517.1538874848262,77.51935284869953,63.1330719786671,48.07069501104456,-7.3752448707488405,698.5017624524886
2025-06-11T23:15:00Z,2025-06-11T23:30:00Z,2025-06-12,2025-06-12_2,0.0,45,45,55,39.89130434782596,40.09051817391291,0.0006403282608695653,0.014400000000000001,0.23355,True,True,True,False,0.0,517.1538874848262,77.51935284869953,63.1330719786671,1.8805595908539132,-11.736246532407314,647.9506253706394
2025-06-11T23:30:00Z,2025-06-11T23:45:00Z,2025-06-12,2025-06-12_2,0.0,45,45,55,40.09051817391291,40.50881469565204,0.004151065217391304,0.49500000000000005,1.0394999999999999,True,True,True,False,0.0,517.1538874848262,77.51935284869953,63.1330719786671,68.91799566177787,-40.50245816003661,686.2218498139341
2025-06-11T23:45:00Z,2025-06-12T00:00:00Z,2025-06-12,2025-06-12_2,0.0,45,45,55,40.50881469565204,44.320719695652045,0.010588624999999999,0.0,4.143375,True,True,True,False,0.0,517.1538874848262,77.51935284869953,63.1330719786671,0.0,-100.0970007064536,557.7093116057392
2025-06-12T00:00:00Z,2025-06-12T00:15:00Z,2025-06-12,2025-06-12_3,-28.835330529300528,0,0,55,44.320719695652045,50.95284571739117,0.01842257228260867,0.0,0.0,True,False,True,False,-611.0927422422014,517.1538874848262,0.0,0.0,0.0,0.0,-93.93885475737522
2025-06-12T00:15:00Z,2025-06-12T00:30:00Z,2025-06-12,2025-06-12_3,-28.835330529300528,0,0,55,50.95284571739117,57.584971739130296,0.01842257228260867,0.0,0.0,True,False,True,False,-611.0927422422014,517.1538874848262,0.0,0.0,0.0,0.0,-93.93885475737522
2025-06-12T00:30:00Z,2025-06-12T00:45:00Z,2025-06-12,2025-06-12_3,-28.835330529300528,0,0,55,57.584971739130296,64.21709776086942,0.01842257228260867,0.0,0.0,True,False,True,False,-611.0927422422014,517.1538874848262,0.0,0.0,0.0,0.0,-93.93885475737522
2025-06-12T00:45:00Z,2025-06-12T01:00:00Z,2025-06-12,2025-06-12_3,-28.835330529300528,0,0,55,64.21709776086942,70.84922378260855,0.01842257228260867,0.0,0.0,True,False,True,False,-611.0927422422014,517.1538874848262,0.0,0.0,0.0,0.0,-93.93885475737522
2025-06-12T01:00:00Z,2025-06-12T01:15:00Z,2025-06-12,2025-06-12_4,0.0,45,45,55,70.84922378260855,74.41107278260854,0.009894025,0.0,3.871575,True,True,True,False,0.0,517.1538874848262,77.51935284869953,63.1330719786671,0.0,-120.69905296909513,537.1072593430977
2025-06-12T01:15:00Z,2025-06-12T01:30:00Z,2025-06-12,2025-06-12_4,0.0,45,45,55,74.41107278260854,75.31793978260855,0.0025190750000000004,0.0,0.9857250000000001,True,True,True,False,0.0,517.1538874848262,77.51935284869953,63.1330719786671,0.0,-37.841082570496106,619.9652297416967
2025-06-12T01:30:00Z,2025-06-12T01:45:00Z,2025-06-12,2025-06-12_4,0.0,45,45,55,75.31793978260855,76.21203265217378,0.002548808695652174,0.0108,0.9846,True,True,True,False,0.0,517.1538874848262,77.51935284869953,63.1330719786671,1.3969871246343357,-38.87143037949494,620.3318690573323
2025-06-12T01:45:00Z,2025-06-12T02:00:00Z,2025-06-12,2025-06-12_4,0.0,45,45,55,76.21203265217378,76.24769965217378,0.000224075,0.0207,0.063225,True,True,True,False,0.0,517.1538874848262,77.51935284869953,63.1330719786671,2.6775586555491433,-4.191098699528368,656.2927722682136
2025-06-12T02:00:00Z,2025-06-12T02:15:00Z,2025-06-12,2025-06-12_5,0.0,45,45,55,76.24769965217378,76.21681869565204,0.0002674804347826087,0.058499999999999996,0.03555,True,True,True,False,0.0,517.1538874848262,77.41189230065073,63.1330719786671,7.567013591769317,-2.1805546954289468,663.0853106604844
2025-06-12T02:15:00Z,2025-06-12T02:30:00Z,2025-06-12,2025-06-12_5,0.0,45,45,55,76.21681869565204,76.28299060869551,0.0003210391304347826,0.022725000000000002,0.098775,True,True,True,False,0.0,517.1538874848262,77.41189230065073,63.1330719786671,2.9394937414180813,-5.488104978010387,655.1502405275518
2025-06-12T02:30:00Z,2025-06-12T02:45:00Z,2025-06-12,2025-06-12_5,0.0,45,45,55,76.28299060869551,78.68874460869552,0.00668265,0.0,2.61495,True,True,True,False,0.0,517.1538874848262,77.41189230065073,63.1330719786671,0.0,-78.6009706672504,579.0978810968936
2025-06-12T02:45:00Z,2025-06-12T03:00:00Z,2025-06-12,2025-06-12_5,0.0,45,45,55,78.68874460869552,78.75971821739117,0.00039280108695652176,0.0324,0.115425,True,True,True,False,0.0,517.1538874848262,77.41189230065073,63.1330719786671,4.190961373903006,-6.176297551292512,655.7135155867545
2025-06-12T03:00:00Z,2025-06-12T03:15:00Z,2025-06-12,2025-06-12_6,0.0,45,45,55,78.75971821739117,81.16498465217377,0.006713904347826087,0.0054,2.6208,True,True,True,False,0.0,517.1538874848262,77.41189230065073,62.9047183140634,0.6984935623171679,-67.60382050108454,590.5651711607729
2025-06-12T03:15:00Z,2025-06-12T03:30:00Z,2025-06-12,2025-06-12_6,0.0,45,45,55,81.16498465217377,85.81337665217377,0.0129122,0.0,5.0526,True,True,True,False,0.0,517.1538874848262,77.41189230065073,62.9047183140634,0.0,-112.45405846649817,545.0164396330422
2025-06-12T03:30:00Z,2025-06-12T03:45:00Z,2025-06-12,2025-06-12_6,0.0,45,45,55,85.81337665217377,87.33085686956508,0.004231527173913044,0.0027,1.652625,True,True,True,False,0.0,517.1538874848262,77.41189230065073,62.9047183140634,0.34924678115858393,-58.11993801118385,599.6998068695151
2025-06-12T03:45:00Z,2025-06-12T04:00:00Z,2025-06-12,2025-06-12_6,0.0,45,45,55,87.33085686956508,87.13934782608682,0.0006147695652173913,0.18989999999999999,0.0162,True,True,True,False,0.0,517.1538874848262,77.41189230065073,62.9047183140634,24.5636902748204,-1.1007527810391833,680.9334355933215
2025-06-12T04:00:00Z,2025-06-12T04:15:00Z,2025-06-12,2025-06-12_7,45.0,0,45,55,87.13934782608682,74.94019021739118,0.03388654891304348,0.0,0.026774999999999997,True,True,True,False,1257.6375,517.1538874848262,0.0,62.8644206085451,0.0,-1.8496654444687664,1835.8061426489026
2025-06-12T04:15:00Z,2025-06-12T04:30:00Z,2025-06-12,2025-06-12_7,45.0,0,45,55,74.94019021739118,62.714374999999876,0.03396059782608695,0.0,0.0022500000000000003,True,True,True,False,1257.6375,517.1538874848262,0.0,62.8644206085451,0.0,-0.17462339057929196,1837.481184702792
2025-06-12T04:30:00Z,2025-06-12T04:45:00Z,2025-06-12,2025-06-12_7,45.0,0,45,55,62.714374999999876,50.67491847826074,0.033442934782608694,0.0,0.1737,True,True,True,False,1257.6375,517.1538874848262,0.0,62.8644206085451,0.0,-11.022765357903326,1826.633042735468
2025-06-12T04:45:00Z,2025-06-12T05:00:00Z,2025-06-12,2025-06-12_7,45.0,0,45,55,50.67491847826074,39.89130434782596,0.02995448369565217,0.0,1.329075,True,True,True,False,1257.6375,517.1538874848262,0.0,62.8644206085451,0.0,-52.484061167936964,1785.1717469254345
2025-06-12T05:00:00Z,2025-06-12T05:15:00Z,2025-06-12,2025-06-12_8,0.9287431514012816,44,45,55,39.89130434782596,41.99418314516375,0.006946287958458076,0.00352,2.5546499999999996,True,True,True,False,18.486632428642512,517.1538874848262,75.84923683110783,62.8644206085451,0.45531432210304273,-46.212571749815915,628.5969199254088
2025-06-12T05:15:00Z,2025-06-12T05:30:00Z,2025-06-12,2025-06-12_8,0.9287431514012816,44,45,55,41.99418314516375,41.86232225952967,0.001268418865563277,0.04224,0.180225,True,True,True,False,18.486632428642512,517.1538874848262,75.84923683110783,62.8644206085451,5.463771865236512,-8.256113311177886,671.5618359071802
2025-06-12T05:30:00Z,2025-06-12T05:45:00Z,2025-06-12,2025-06-12_8,0.9287431514012816,44,45,55,41.86232225952967,41.783595933381044,0.001222186757744327,0.01056,0.200475,True,True,True,False,18.486632428642512,517.1538874848262,75.84923683110783,62.8644206085451,1.365942966309128,-10.31127130803367,665.4088490113971
2025-06-12T05:45:00Z,2025-06-12T06:00:00Z,2025-06-12,2025-06-12_8,0.9287431514012816,44,45,55,41.783595933381044,41.836110315559296,0.001786798233172066,0.04752,0.38609999999999994,True,True,True,False,18.486632428642512,517.1538874848262,75.84923683110783,62.8644206085451,6.146743348391077,-16.962629778511868,663.5382909230009
2025-06-12T06:00:00Z,2025-06-12T06:15:00Z,2025-06-12,2025-06-12_9,4.520172463681291,40,45,55,41.836110315559296,40.504108542561276,0.0038696603799578243,0.1272,0.0369,True,True,True,False,87.31843156716334,517.1538874848262,68.57176971602556,63.1330719786671,13.922111002766114,-2.4697981930707846,747.6294735563775
2025-06-12T06:15:00Z,2025-06-12T06:30:00Z,2025-06-12,2025-06-12_9,4.520172463681291,40,45,55,40.504108542561276,40.280615982145754,0.005577027818609293,0.0046,1.0779750000000001,True,True,True,False,87.31843156716334,517.1538874848262,68.57176971602556,63.1330719786671,0.5034725677100953,-40.16336935583372,696.5172639585586
2025-06-12T06:30:00Z,2025-06-12T06:45:00Z,2025-06-12,2025-06-12_9,4.520172463681291,40,45,55,40.280615982145754,39.89130434782603,0.005214186709971086,0.0028000000000000004,0.898875,True,True,True,False,87.31843156716334,517.1538874848262,68.57176971602556,63.1330719786671,0.3064615629539711,-35.43732985413226,701.0462924555039
2025-06-12T06:45:00Z,2025-06-12T07:00:00Z,2025-06-12,2025-06-12_9,4.520172463681291,40,45,55,39.89130434782603,39.891304347826015,0.00604138937186486,0.0024000000000000002,1.314,True,True,True,False,87.31843156716334,517.1538874848262,68.57176971602556,63.1330719786671,0.26268133967483237,-20.377707906310324,716.0621341800468
2025-06-12T07:00:00Z,2025-06-12T07:15:00Z,2025-06-12,2025-06-12_10,34.711791633489554,65,100,0,39.891304347826015,33.321222460546075,0.028017488521203955,0.0,2.927,True,True,True,False,318.2203498000155,0.0,111.42912578854151,140.2957155081491,0.0,-54.254724284093854,515.6904668126123
2025-06-12T07:15:00Z,2025-06-12T07:30:00Z,2025-06-12,2025-06-12_10,34.711791633489554,65,100,0,33.321222460546075,26.394456943894625,0.027815315728805613,0.006500000000000001,2.5695,True,True,True,False,318.2203498000155,0.0,111.42912578854151,140.2957155081491,0.7114286282860043,-46.66681608326203,523.9898036417301
2025-06-12T07:30:00Z,2025-06-12T07:45:00Z,2025-06-12,2025-06-12_10,34.711791633489554,65,100,0,26.394456943894625,29.358933679274646,0.03406622548446796,0.0,12.6765,True,True,True,False,318.2203498000155,0.0,111.42912578854151,140.2957155081491,0.0,4848.491958567988,5418.4371496646945
2025-06-12T07:45:00Z,2025-06-12T08:00:00Z,2025-06-12,2025-06-12_10,34.711791633489554,65,100,0,29.358933679274646,39.89130434782602,0.03886730769280874,0.0,20.415,True,True,True,False,318.2203498000155,0.0,111.42912578854151,140.2957155081491,0.0,9104.421295098606,9674.366486195311
2025-06-12T08:00:00Z,2025-06-12T08:15:00Z,2025-06-12,2025-06-12_11,-45.000000000000014,0,0,55,39.89130434782602,50.24130434782602,0.028750000000000008,0.0,0.0,True,False,True,False,-0.11250000000000004,517.1538874848262,0.0,0.0,0.0,0.0,517.0413874848263
2025-06-12T08:15:00Z,2025-06-12T08:30:00Z,2025-06-12,2025-06-12_11,-45.000000000000014,0,0,55,50.24130434782602,60.591304347826025,0.028750000000000008,0.0,0.0,True,False,True,False,-0.11250000000000004,517.1538874848262,0.0,0.0,0.0,0.0,517.0413874848263
2025-06-12T08:30:00Z,2025-06-12T08:45:00Z,2025-06-12,2025-06-12_11,-45.000000000000014,0,0,55,60.591304347826025,70.94130434782603,0.028750000000000008,0.0,0.0,True,False,True,False,-0.11250000000000004,517.1538874848262,0.0,0.0,0.0,0.0,517.0413874848263
2025-06-12T08:45:00Z,2025-06-12T09:00:00Z,2025-06-12,2025-06-12_11,-45.000000000000014,0,0,55,70.94130434782603,81.29130434782604,0.028750000000000008,0.0,0.0,True,False,True,False,-0.11250000000000004,517.1538874848262,0.0,0.0,0.0,0.0,517.0413874848263
2025-06-12T09:00:00Z,2025-06-12T09:15:00Z,2025-06-12,2025-06-12_12,-37.69764767029413,45,7,55,81.29130434782604,90.12414791199369,0.02453567656713236,0.0,0.17650500000000002,True,True,True,False,-65.97088342301473,517.1538874848262,77.14324093052875,11.554993930469044,0.0,-6.0646262362938055,533.8166126865154
2025-06-12T09:15:00Z,2025-06-12T09:30:00Z,2025-06-12,2025-06-12_12,-37.69764767029413,45,7,55,90.12414791199369,98.95277222976388,0.02452682269973261,0.0029249999999999996,0.17493,True,True,True,False,-65.97088342301473,517.1538874848262,77.14324093052875,11.554993930469044,0.2745766551909415,-2.681928132773477,537.4738874452268
2025-06-12T09:30:00Z,2025-06-12T09:45:00Z,2025-06-12,2025-06-12_12,-37.69764767029413,45,7,55,98.95277222976388,107.32527528379237,0.02368953792999707,0.44144999999999995,0.13058499999999998,True,True,True,False,-65.97088342301473,517.1538874848262,77.14324093052875,11.554993930469044,48.05445611032615,-2.5150820162782828,585.4206130168571
2025-06-12T09:45:00Z,2025-06-12T10:00:00Z,2025-06-12,2025-06-12_12,-37.69764767029413,45,7,55,107.32527528379237,114.88571782608696,0.02214971821185206,1.1720249999999999,0.0,True,True,True,False,-65.97088342301473,517.1538874848262,77.14324093052875,11.554993930469044,127.87179685478894,0.0,667.7530357775983
2025-06-12T10:00:00Z,2025-06-12T10:15:00Z,2025-06-12,2025-06-12_13,0.0,45,45,55,114.88571782608696,115.05771643478262,0.0012046760869565219,0.12037500000000001,0.329175,True,True,True,False,0.0,517.1538874848262,77.14324093052875,73.8791267835466,12.771521362758952,-8.565323336849017,672.3824532248115
2025-06-12T10:15:00Z,2025-06-12T10:30:00Z,2025-06-12,2025-06-12_13,0.0,45,45,55,115.05771643478262,116.37562947826088,0.003670380434782609,0.0015750000000000002,1.434375,True,True,True,False,0.0,517.1538874848262,77.14324093052875,73.8791267835466,0.16306332212294283,-25.902727060158004,642.4365914608665
2025-06-12T10:30:00Z,2025-06-12T10:45:00Z,2025-06-12,2025-06-12_13,0.0,45,45,55,116.37562947826088,117.68854439130436,0.004159214130434782,0.084825,1.5272999999999999,True,True,True,False,0.0,517.1538874848262,77.14324093052875,73.8791267835466,9.207540974308968,-17.203590356410817,660.1802058167997
2025-06-12T10:45:00Z,2025-06-12T11:00:00Z,2025-06-12,2025-06-12_13,0.0,45,45,55,117.68854439130436,118.00413604347827,0.003956806521739131,0.510075,0.9456750000000002,True,True,True,False,0.0,517.1538874848262,77.14324093052875,73.8791267835466,55.819974542795165,-30.05003648186106,693.9461932598357
2025-06-12T11:00:00Z,2025-06-12T11:15:00Z,2025-06-12,2025-06-12_14,0.0,100,100,0,118.00413604347827,120.29355604347828,0.006359500000000001,0.0,2.4885,True,True,True,False,0.0,0.0,171.42942429006388,164.47433881912798,0.0,-83.26281019283199,252.64095291635988
2025-06-12T11:15:00Z,2025-06-12T11:30:00Z,2025-06-12,2025-06-12_14,0.0,100,100,0,120.29355604347828,130.48117604347829,0.028298944444444443,0.0,11.0735,True,True,True,False,0.0,0.0,171.42942429006388,164.47433881912798,0.0,2857.6289393245906,3193.5327024337826
2025-06-12T11:30:00Z,2025-06-12T11:45:00Z,2025-06-12,2025-06-12_14,0.0,100,100,0,130.48117604347829,142.2829360434783,0.03278266666666667,0.0,12.828000000000001,True,True,True,False,0.0,0.0,171.42942429006388,164.47433881912798,0.0,-10.79828063123122,325.10548247796066
2025-06-12T11:45:00Z,2025-06-12T12:00:00Z,2025-06-12,2025-06-12_14,0.0,100,100,0,142.2829360434783,158.7835960434783,0.04583516666666668,0.0,17.9355,True,True,True,False,0.0,0.0,171.42942429006388,164.47433881912798,0.0,3477.3868928976535,3813.2906560068454
2025-06-12T12:00:00Z,2025-06-12T12:15:00Z,2025-06-12,2025-06-12_15,4.973799150320701e-14,45,45,55,158.7835960434783,164.3293330434783,0.015404825,0.0,6.027975,True,True,True,False,3.9616310232304383e-13,517.1538874848262,77.14324093052875,73.7448010984856,0.0,106.18861374898012,774.230543262821
2025-06-12T12:15:00Z,2025-06-12T12:30:00Z,2025-06-12,2025-06-12_15,4.973799150320701e-14,45,45,55,164.3293330434783,164.61738743478264,0.0008857489130435138,0.014175,0.32985,True,True,True,False,3.9616310232304383e-13,517.1538874848262,77.14324093052875,73.7448010984856,1.5514616624544784,-15.041779646176195,654.5516115301192
2025-06-12T12:30:00Z,2025-06-12T12:45:00Z,2025-06-12,2025-06-12_15,4.973799150320701e-14,45,45,55,164.61738743478264,164.58987600000006,0.0002972206521739503,0.061875000000000006,0.0432,True,True,True,False,3.9616310232304383e-13,517.1538874848262,77.14324093052875,73.7448010984856,6.772253288491772,-3.334861873395554,671.4793209289372
2025-06-12T12:45:00Z,2025-06-12T13:00:00Z,2025-06-12,2025-06-12_15,4.973799150320701e-14,45,45,55,164.58987600000006,164.65769021739138,0.00042342717391308026,0.038924999999999994,0.1197,True,True,True,False,3.9616310232304383e-13,517.1538874848262,77.14324093052875,73.7448010984856,4.2603629778511865,-7.131786551511413,665.1705059401808
2025-06-12T13:00:00Z,2025-06-12T13:15:00Z,2025-06-12,2025-06-12_16,-15.983948068222759,100,84,0,164.65769021739138,177.28611347308262,0.03507895348803121,0.0,9.73056,True,True,True,False,-161.19811626802652,0.0,171.42942429006388,140.13930071043362,0.0,129.60073436150526,279.9713430939762
2025-06-12T13:15:00Z,2025-06-12T13:30:00Z,2025-06-12,2025-06-12_16,-15.983948068222759,100,84,0,177.28611347308262,178.8298002790719,0.01915571456893596,2.9305,1.05924,True,True,True,False,-161.19811626802652,0.0,171.42942429006388,140.13930071043362,368.4238759427673,-34.87054082903823,483.9239438462001
2025-06-12T13:30:00Z,2025-06-12T13:45:00Z,2025-06-12,2025-06-12_16,-15.983948068222759,100,84,0,178.8298002790719,172.27064330807883,0.03117506406655207,9.736,0.09491999999999999,True,True,True,False,-161.19811626802652,0.0,171.42942429006388,140.13930071043362,9514.697858351077,-4.525053304411852,9660.543413779136
2025-06-12T13:45:00Z,2025-06-12T14:00:00Z,2025-06-12,2025-06-12_16,-15.983948068222759,100,84,0,172.27064330807883,157.82110082608708,0.046595257344690694,17.0955,0.0,True,True,True,False,-161.19811626802652,0.0,171.42942429006388,140.13930071043362,9567.274712145032,0.0,9717.645320877504
2025-06-12T14:00:00Z,2025-06-12T14:15:00Z,2025-06-12,2025-06-12_17,0.0,45,45,55,157.82110082608708,160.62442786956535,0.00960903043478261,0.301725,3.4035750000000005,True,True,True,False,0.0,517.1538874848262,77.14324093052875,63.1330719786671,34.584382261049534,1.0708348241826036,693.0854174792541
2025-06-12T14:15:00Z,2025-06-12T14:30:00Z,2025-06-12,2025-06-12_17,0.0,45,45,55,160.62442786956535,161.89228447826102,0.0035299760869565216,0.00135,1.3797,True,True,True,False,0.0,517.1538874848262,77.14324093052875,63.1330719786671,0.08059541103659629,-43.80879033253069,613.702005472528
2025-06-12T14:30:00Z,2025-06-12T14:45:00Z,2025-06-12,2025-06-12_17,0.0,45,45,55,161.89228447826102,162.99235369565233,0.006572052173913044,0.5823,1.8837000000000002,True,True,True,False,0.0,517.1538874848262,77.14324093052875,63.1330719786671,73.43809866470319,-16.069421822451297,714.7988772362739
2025-06-12T14:45:00Z,2025-06-12T15:00:00Z,2025-06-12,2025-06-12_17,0.0,45,45,55,162.99235369565233,160.69662000000017,0.0063770380434782625,2.1120750000000004,0.0,True,True,True,False,0.0,517.1538874848262,77.14324093052875,63.1330719786671,251.3100675061193,0.0,908.7402679001414
2025-06-12T15:00:00Z,2025-06-12T15:15:00Z,2025-06-12,2025-06-12_18,0.0,100,100,0,160.69662000000017,177.35552000000018,0.04627472222222223,0.0,18.1075,True,True,True,False,0.0,0.0,172.26522855266563,139.78826292014088,0.0,-12.240786750512427,299.8127047222941
2025-06-12T15:15:00Z,2025-06-12T15:30:00Z,2025-06-12,2025-06-12_18,0.0,100,100,0,177.35552000000018,189.92410000000018,0.03491272222222223,0.0,13.661500000000002,True,True,True,False,0.0,0.0,172.26522855266563,139.78826292014088,0.0,-26.425300989035048,285.62819048377145
2025-06-12T15:30:00Z,2025-06-12T15:45:00Z,2025-06-12,2025-06-12_18,0.0,100,100,0,189.92410000000018,181.84456521739148,0.022864818840579712,7.503,0.0825,True,True,True,False,0.0,0.0,172.26522855266563,139.78826292014088,3429.3193793158343,-4.773034864977811,3736.5998359236632
2025-06-12T15:45:00Z,2025-06-12T16:00:00Z,2025-06-12,2025-06-12_18,0.0,100,100,0,181.84456521739148,167.94184782608713,0.03861865942028985,12.7905,0.0,True,True,True,False,0.0,0.0,172.26522855266563,139.78826292014088,4640.489409563988,0.0,4952.542901036795
2025-06-12T16:00:00Z,2025-06-12T16:15:00Z,2025-06-12,2025-06-12_19,-50.878116408546774,100,49,0,167.94184782608713,179.85436887989832,0.03492054170599278,0.617,0.9008649999999999,True,True,True,False,-1665.1135547607146,0.0,172.38462916160873,68.45236910708245,85.94853833754551,-57.57604960299297,-1395.9040677574708
2025-06-12T16:15:00Z,2025-06-12T16:30:00Z,2025-06-12,2025-06-12_19,-50.878116408546774,100,49,0,179.85436887989832,189.65996187292504,0.03336612857362148,2.066,0.188895,True,True,True,False,-1665.1135547607146,0.0,172.38462916160873,68.45236910708245,370.65604783984395,-13.820373307993872,-1067.4408819601733
2025-06-12T16:30:00Z,2025-06-12T16:45:00Z,2025-06-12,2025-06-12_19,-50.878116408546774,100,49,0,189.65996187292504,188.71152477014573,0.03481495613612613,12.625,0.0,True,True,True,False,-1665.1135547607146,0.0,172.38462916160873,68.45236910708245,10960.337057968996,0.0,9536.060501476974
2025-06-12T16:45:00Z,2025-06-12T17:00:00Z,2025-06-12,2025-06-12_19,-50.878116408546774,100,49,0,188.71152477014573,176.80057332174033,0.03681630320940475,23.5655,0.0,True,True,True,False,-1665.1135547607146,0.0,172.38462916160873,68.45236910708245,31299.18678225309,0.0,29874.91022576107
2025-06-12T17:00:00Z,2025-06-12T17:15:00Z,2025-06-12,2025-06-12_20,0.0,100,100,0,176.80057332174033,171.6282907130447,0.014367451690821254,4.7585,0.0,True,True,True,False,0.0,0.0,171.81747626912897,139.69871246343357,927.7754009870449,0.0,1239.2915897196074
2025-06-12T17:15:00Z,2025-06-12T17:30:00Z,2025-06-12,2025-06-12_20,0.0,100,100,0,171.6282907130447,164.82720375652295,0.018891908212560385,6.257,0.0,True,True,True,False,0.0,0.0,171.81747626912897,139.69871246343357,2081.6755479492945,0.0,2393.191736681857
2025-06-12T17:30:00Z,2025-06-12T17:45:00Z,2025-06-12,2025-06-12_20,0.0,100,100,0,164.82720375652295,146.65709506087077,0.05047252415458937,16.7165,0.0,True,True,True,False,0.0,0.0,171.81747626912897,139.69871246343357,19154.25278084018,0.0,19465.768969572742
2025-06-12T17:45:00Z,2025-06-12T18:00:00Z,2025-06-12,2025-06-12_20,0.0,100,100,0,146.65709506087077,123.9299211478273,0.06313103864734299,20.909,0.0,True,True,True,False,0.0,0.0,171.81747626912897,139.69871246343357,24419.936122664225,0.0,24731.452311396788
2025-06-12T18:00:00Z,2025-06-12T18:15:00Z,2025-06-12,2025-06-12_21,16.00000000000025,84,100,0,123.9299211478273,112.22616027826201,0.03251044685990357,6.76746,0.0,True,True,True,False,881.0400000000136,0.0,144.32668006606832,139.69871246343357,3685.349353135261,0.0,4850.414745664776
2025-06-12T18:15:00Z,2025-06-12T18:30:00Z,2025-06-12,2025-06-12_21,16.00000000000025,84,100,0,112.22616027826201,101.05561680000108,0.031029287439613713,6.2769,0.0,True,True,True,False,881.0400000000136,0.0,144.32668006606832,139.69871246343357,1848.4871552008915,0.0,3013.552547730407
2025-06-12T18:30:00Z,2025-06-12T18:45:00Z,2025-06-12,2025-06-12_21,16.00000000000025,84,100,0,101.05561680000108,88.4520515826097,0.0350099033816427,7.59528,0.0,True,True,True,False,881.0400000000136,0.0,144.32668006606832,139.69871246343357,2664.9742775904956,0.0,3830.039670120011
2025-06-12T18:45:00Z,2025-06-12T19:00:00Z,2025-06-12,2025-06-12_21,16.00000000000025,84,100,0,88.4520515826097,83.58622086956615,0.013651436425120959,0.504,0.0315,True,True,True,False,881.0400000000136,0.0,144.32668006606832,139.69871246343357,69.66846430916797,-2.300450936299775,1232.4334059023836
2025-06-12T19:00:00Z,2025-06-12T19:15:00Z,2025-06-12,2025-06-12_22,0.0,100,100,0,83.58622086956615,56.85361217391397,0.0742572463768116,24.594,0.0,True,True,True,False,0.0,0.0,171.81747626912897,139.69871246343357,29077.707761835583,0.0,29389.223950568146
2025-06-12T19:15:00Z,2025-06-12T19:30:00Z,2025-06-12,2025-06-12_22,0.0,100,100,0,56.85361217391397,43.97589478260963,0.035771437198067635,11.8475,0.0,True,True,True,False,0.0,0.0,171.81747626912897,139.69871246343357,7934.663371873196,0.0,8246.179560605759
2025-06-12T19:30:00Z,2025-06-12T19:45:00Z,2025-06-12,2025-06-12_22,0.0,100,100,0,43.97589478260963,43.82868434782702,0.01696125120772947,2.8765,3.2385000000000006,True,True,True,False,0.0,0.0,171.81747626912897,139.69871246343357,494.9215994706573,-126.11144733438141,680.3263408688384
2025-06-12T19:45:00Z,2025-06-12T20:00:00Z,2025-06-12,2025-06-12_22,0.0,100,100,0,43.82868434782702,49.89378434782702,0.016847499999999998,0.0,6.592499999999999,True,True,True,False,0.0,0.0,171.81747626912897,139.69871246343357,0.0,-306.2703035760482,5.245885156514333
2025-06-12T20:00:00Z,2025-06-12T20:15:00Z,2025-06-12,2025-06-12_23,0.0,100,100,0,49.89378434782702,32.89661304347919,0.04934058695652174,15.989500000000001,0.416,True,True,True,False,0.0,0.0,171.81747626912897,139.78826292014088,17680.207221050332,-20.10121669220513,17971.711743547396
2025-06-12T20:15:00Z,2025-06-12T20:30:00Z,2025-06-12,2025-06-12_23,0.0,100,100,0,32.89661304347919,13.008569565218323,0.0552445652173913,18.297,0.0,True,True,True,False,0.0,0.0,171.81747626912897,139.78826292014088,18935.17209528169,0.0,19246.77783447096
2025-06-12T20:30:00Z,2025-06-12T20:45:00Z,2025-06-12,2025-06-12_23,0.0,100,100,0,13.008569565218323,10.000000000000933,0.008369915458937198,2.77,0.0025,True,True,True,False,0.0,0.0,171.81747626912897,139.78826292014088,415.5209468468289,-0.1940259895325466,726.9326600465662
2025-06-12T20:45:00Z,2025-06-12T21:00:00Z,2025-06-12,2025-06-12_23,0.0,100,100,0,10.000000000000933,12.186605217392236,0.006381874396135265,0.05099999999999999,2.437,True,True,True,False,0.0,0.0,171.81747626912897,139.78826292014088,7.1043362321147825,-129.59635350540287,189.11372191598176
2025-06-12T21:00:00Z,2025-06-12T21:15:00Z,2025-06-13,2025-06-12_24,-44.90457244317014,70,55,0,12.186605217392236,16.699049819687602,0.02565132396882414,6.05885,0.131725,True,True,True,False,-1204.1161100636073,0.0,117.96345270525543,75.67407687260146,1175.3766610725577,-7.732541165417272,157.16553942139004
2025-06-12T21:15:00Z,2025-06-12T21:30:00Z,2025-06-13,2025-06-12_24,-44.90457244317014,70,55,0,16.699049819687602,25.23851929568386,0.028926231253233,2.4045,0.616825,True,True,True,False,-1204.1161100636073,0.0,117.96345270525543,75.67407687260146,433.1523320275994,-35.31924422361853,-612.6454926817695
2025-06-12T21:30:00Z,2025-06-12T21:45:00Z,2025-06-13,2025-06-12_24,-44.90457244317014,70,55,0,25.23851929568386,37.550343957612995,0.034199512949803154,0.0,2.1562750000000004,True,True,True,False,-1204.1161100636073,0.0,117.96345270525543,75.67407687260146,0.0,-91.67395166133109,-1102.1525321470815
2025-06-12T21:45:00Z,2025-06-12T22:00:00Z,2025-06-13,2025-06-12_24,-44.90457244317014,70,55,0,37.550343957612995,54.822486619542126,0.04797817406091426,0.0,7.547924999999999,True,True,True,False,-1204.1161100636073,0.0,117.96345270525543,75.67407687260146,0.0,-85.5079300520968,-1095.9865105378472
2025-06-12T22:00:00Z,2025-06-12T22:15:00Z,2025-06-13,2025-06-13_1,0.0,19,19,81,54.822486619542126,55.26215653258561,0.0012258946859903383,0.00076,0.4788,True,True,True,False,0.0,761.0208586029311,32.01865144856933,26.14195382871687,0.09822831122864928,-17.29462806466366,801.9850641267823
2025-06-12T22:15:00Z,2025-06-12T22:30:00Z,2025-06-13,2025-06-13_1,0.0,19,19,81,55.26215653258561,55.16050834997691,0.00028672606280193233,0.09424,0.000855,True,True,True,False,0.0,761.0208586029311,32.01865144856933,26.14195382871687,12.18031059235251,-0.06630411007933826,831.2954703624904
2025-06-12T22:30:00Z,2025-06-12T22:45:00Z,2025-06-13,2025-06-13_1,0.0,19,19,81,55.16050834997691,55.118515871716035,0.00017248466183574876,0.04788,0.010925,True,True,True,False,0.0,761.0208586029311,32.01865144856933,26.14195382871687,6.188383607404904,-0.8217178868982523,824.5481296007239
2025-06-12T22:45:00Z,2025-06-12T23:00:00Z,2025-06-13,2025-06-13_1,0.0,19,19,81,55.118515871716035,55.165012671716035,0.00012915777777777778,0.0,0.05054,True,True,True,False,0.0,761.0208586029311,32.01865144856933,26.14195382871687,0.0,-3.4874820942116878,815.6939817860056
2025-06-12T23:00:00Z,2025-06-12T23:15:00Z,2025-06-13,2025-06-13_2,-4.587077015937158,19,14,81,55.165012671716035,54.81029834608999,0.005184562322175348,1.3469100000000003,0.0,True,True,True,False,-111.16781148123702,761.0208586029311,32.01865144856933,19.26249229484401,228.55287835199144,0.0,929.6870692170988
2025-06-12T23:15:00Z,2025-06-12T23:30:00Z,2025-06-13,2025-06-13_2,-4.587077015937158,19,14,81,54.81029834608999,54.8643475642309,0.004531021248475962,0.9563649999999999,0.0,True,True,True,False,-111.16781148123702,761.0208586029311,32.01865144856933,19.26249229484401,138.2287917639339,0.0,839.3629826290413
2025-06-12T23:30:00Z,2025-06-12T23:45:00Z,2025-06-13,2025-06-13_2,-4.587077015937158,19,14,81,54.8643475642309,55.22265765416135,0.00404456158281794,0.665665,0.0,True,True,True,False,-111.16781148123702,761.0208586029311,32.01865144856933,19.26249229484401,93.82460220019487,0.0,794.9587930653023
2025-06-12T23:45:00Z,2025-06-13T00:00:00Z,2025-06-13,2025-06-13_2,-4.587077015937158,19,14,81,55.22265765416135,55.96314549565214,0.003449028443332403,0.303905,0.00385,True,True,True,False,-111.16781148123702,761.0208586029311,32.01865144856933,19.26249229484401,39.688031464874435,-0.18356379869161482,740.6386585312902
2025-06-13T00:00:00Z,2025-06-13T00:15:00Z,2025-06-13,2025-06-13_3,0.0,19,19,81,55.96314549565214,55.71991063478258,0.0008290879468599034,0.24918500000000005,0.03002,True,True,True,False,0.0,761.0208586029311,32.01865144856933,26.14195382871687,33.70555260782248,-1.6627609472867908,851.224255540753
2025-06-13T00:15:00Z,2025-06-13T00:30:00Z,2025-06-13,2025-06-13_3,0.0,19,19,81,55.71991063478258,55.13735295652171,0.0016264702173913043,0.53732,0.0016150000000000001,True,True,True,False,0.0,761.0208586029311,32.01865144856933,26.14195382871687,73.96587861048697,-0.1252410968165278,893.0221013938877
2025-06-13T00:30:00Z,2025-06-13T00:45:00Z,2025-06-13,2025-06-13_3,0.0,19,19,81,55.13735295652171,55.05088709565214,0.0003013629468599033,0.08967999999999998,0.01197,True,True,True,False,0.0,761.0208586029311,32.01865144856933,26.14195382871687,11.590940724980612,-0.7052043944244497,830.0672002107734
2025-06-13T00:45:00Z,2025-06-13T01:00:00Z,2025-06-13,2025-06-13_3,0.0,19,19,81,55.05088709565214,55.11149742608692,0.0002142557487922705,0.0076,0.07486,True,True,True,False,0.0,761.0208586029311,32.01865144856933,26.14195382871687,0.9822831122864927,-3.6257628482233404,816.5379841442805
2025-06-13T01:00:00Z,2025-06-13T01:15:00Z,2025-06-13,2025-06-13_4,-1.0,19,18,81,55.11149742608692,55.32925602608692,0.001292385,0.120175,0.12753,True,True,True,False,-22.22,761.0208586029311,32.01865144856933,24.766061521942294,16.24356615000696,-5.841919273826331,805.9872184496234
2025-06-13T01:15:00Z,2025-06-13T01:30:00Z,2025-06-13,2025-06-13_4,-1.0,19,18,81,55.32925602608692,55.39860474782605,0.0010942657729468598,0.157605,0.01008,True,True,True,False,-22.22,761.0208586029311,32.01865144856933,24.766061521942294,20.576930862380944,-0.7643490564912212,815.3981533793324
2025-06-13T01:30:00Z,2025-06-13T01:45:00Z,2025-06-13,2025-06-13_4,-1.0,19,18,81,55.39860474782605,54.617761695652135,0.0031945784782608693,0.937555,0.0,True,True,True,False,-22.22,761.0208586029311,32.01865144856933,24.766061521942294,151.70117523413734,0.0,947.28674680758
2025-06-13T01:45:00Z,2025-06-13T02:00:00Z,2025-06-13,2025-06-13_4,-1.0,19,18,81,54.617761695652135,54.66042438260866,0.0011125292028985507,0.173755,0.0,True,True,True,False,-22.22,761.0208586029311,32.01865144856933,24.766061521942294,22.86264911017876,0.0,818.4482206836215
2025-06-13T02:00:00Z,2025-06-13T02:15:00Z,2025-06-13,2025-06-13_5,-3.0,19,16,81,54.66042438260866,54.86270063478258,0.002902458188405797,0.460275,0.00048,True,True,True,False,-65.115,761.0208586029311,31.96198126901434,22.014276908393153,62.826425503569226,-0.03722336004454078,812.6713189238633
2025-06-13T02:15:00Z,2025-06-13T02:30:00Z,2025-06-13,2025-06-13_5,-3.0,19,16,81,54.86270063478258,54.63551401739127,0.003766510603864734,0.864785,0.0,True,True,True,False,-65.115,761.0208586029311,31.96198126901434,22.014276908393153,119.87067735777775,0.0,869.7527941381163
2025-06-13T02:30:00Z,2025-06-13T02:45:00Z,2025-06-13,2025-06-13_5,-3.0,19,16,81,54.63551401739127,55.25727314782606,0.0020730024154589372,0.06802,0.00424,True,True,True,False,-65.115,761.0208586029311,31.96198126901434,22.014276908393153,8.79143385496411,-0.326992853592094,758.3465577817105
2025-06-13T02:45:00Z,2025-06-13T03:00:00Z,2025-06-13,2025-06-13_5,-3.0,19,16,81,55.25727314782606,55.79492619130433,0.002260630434782609,0.15086000000000002,0.00832,True,True,True,False,-65.115,761.0208586029311,31.96198126901434,22.014276908393153,20.178361177944367,-0.5426504145871031,769.5178275436958
2025-06-13T03:00:00Z,2025-06-13T03:15:00Z,2025-06-13,2025-06-13_6,0.0,19,19,81,55.79492619130433,54.42185054782607,0.0038145845652173905,1.26331,9.5e-05,True,True,True,False,0.0,761.0208586029311,31.96198126901434,26.124952774850374,213.09849989461335,-0.007367123342148695,1032.198925418067
2025-06-13T03:15:00Z,2025-06-13T03:30:00Z,2025-06-13,2025-06-13_6,0.0,19,19,81,54.42185054782607,54.61732965217389,0.0007908235990338164,0.04104,0.260965,True,True,True,False,0.0,761.0208586029311,31.96198126901434,26.124952774850374,5.474336624843411,-11.62877184784554,812.9533574237937
2025-06-13T03:30:00Z,2025-06-13T03:45:00Z,2025-06-13,2025-06-13_6,0.0,19,19,81,54.61732965217389,54.311407182608676,0.0011488868599033818,0.33098000000000005,0.058519999999999996,True,True,True,False,0.0,761.0208586029311,31.96198126901434,26.124952774850374,45.200149342824766,-2.870762593704639,861.4371793959159
2025-06-13T03:45:00Z,2025-06-13T04:00:00Z,2025-06-13,2025-06-13_6,0.0,19,19,81,54.311407182608676,54.02173913043476,0.0008527034782608695,0.274455,0.009405,True,True,True,False,0.0,761.0208586029311,31.96198126901434,26.124952774850374,37.52132911355909,-0.6056912757749896,856.0234304845799
2025-06-13T04:00:00Z,2025-06-13T04:15:00Z,2025-06-13,2025-06-13_7,1.0,18,19,81,54.02173913043476,54.522921339130406,0.002647547198067633,0.0018000000000000002,0.83429,True,True,True,False,25.34,761.0208586029311,30.424728082559504,26.124952774850374,0.23264600027837987,-30.51177909566324,812.6314063649561
2025-06-13T04:15:00Z,2025-06-13T04:30:00Z,2025-06-13,2025-06-13_7,1.0,18,19,81,54.522921339130406,54.1068463043478,0.0013595439855072463,0.16874999999999998,0.042085,True,True,True,False,25.34,761.0208586029311,30.424728082559504,26.124952774850374,23.173320027440298,-2.3034907717086557,863.7803687160726
2025-06-13T04:30:00Z,2025-06-13T04:45:00Z,2025-06-13,2025-06-13_7,1.0,18,19,81,54.1068463043478,54.10722324347823,0.0014175929468599035,0.0,0.29298,True,True,True,False,25.34,761.0208586029311,30.424728082559504,26.124952774850374,0.0,-15.194984084627471,827.7155553757135
2025-06-13T04:45:00Z,2025-06-13T05:00:00Z,2025-06-13,2025-06-13_7,1.0,18,19,81,54.10722324347823,55.35726940869563,0.004461269541062803,0.0,1.638465,True,True,True,False,25.34,761.0208586029311,30.424728082559504,26.124952774850374,0.0,-26.377165562426683,816.5333738979143
2025-06-13T05:00:00Z,2025-06-13T05:15:00Z,2025-06-13,2025-06-13_8,31.000000000000043,68,99,1,55.35726940869563,50.33426450434779,0.029224382512077318,0.76228,4.35006,True,True,True,False,677.1950000000008,9.395319242011494,115.20152711220696,136.1247539321151,105.23635312083675,-79.44734861903721,963.705604788134
2025-06-13T05:15:00Z,2025-06-13T05:30:00Z,2025-06-13,2025-06-13_8,31.000000000000043,68,99,1,50.33426450434779,43.096129878260825,0.024961280628019347,0.1462,1.38303,True,True,True,False,677.1950000000008,9.395319242011494,115.20152711220696,136.1247539321151,19.443631942097,-53.181657457596785,904.1785747708346
2025-06-13T05:30:00Z,2025-06-13T05:45:00Z,2025-06-13,2025-06-13_8,31.000000000000043,68,99,1,43.096129878260825,43.27410319130429,0.03056493190821257,0.0,8.847135,True,True,True,False,677.1950000000008,9.395319242011494,115.20152711220696,136.1247539321151,0.0,-208.54476262353108,729.3718376628033
2025-06-13T05:45:00Z,2025-06-13T06:00:00Z,2025-06-13,2025-06-13_8,31.000000000000043,68,99,1,43.27410319130429,54.04308591304341,0.039386999106280185,0.0,19.740105,True,True,True,False,677.1950000000008,9.395319242011494,115.20152711220696,136.1247539321151,0.0,521.5735245461415,1459.4901248324759
2025-06-13T06:00:00Z,2025-06-13T06:15:00Z,2025-06-13,2025-06-13_9,0.019639039999999636,0,0,81,54.04308591304341,54.03774921739124,1.4824154589371705e-05,0.0,0.0,True,False,True,False,0.37333815039999313,761.0208586029311,0.0,0.0,0.0,0.0,761.394196753331
2025-06-13T06:15:00Z,2025-06-13T06:30:00Z,2025-06-13,2025-06-13_9,0.019639039999999636,0,0,81,54.03774921739124,54.03241252173906,1.4824154589371705e-05,0.0,0.0,True,False,True,False,0.37333815039999313,761.0208586029311,0.0,0.0,0.0,0.0,761.394196753331
2025-06-13T06:30:00Z,2025-06-13T06:45:00Z,2025-06-13,2025-06-13_9,0.019639039999999636,0,0,81,54.03241252173906,54.027075826086886,1.4824154589371705e-05,0.0,0.0,True,False,True,False,0.37333815039999313,761.0208586029311,0.0,0.0,0.0,0.0,761.394196753331
2025-06-13T06:45:00Z,2025-06-13T07:00:00Z,2025-06-13,2025-06-13_9,0.019639039999999636,0,0,81,54.027075826086886,54.02173913043471,1.4824154589371705e-05,0.0,0.0,True,False,True,False,0.37333815039999313,761.0208586029311,0.0,0.0,0.0,0.0,761.394196753331
2025-06-13T07:00:00Z,2025-06-13T07:15:00Z,2025-06-13,2025-06-13_10,-3.552713678800501e-14,45,45,55,54.02173913043471,50.97149826086951,0.010899391304347833,3.2080499999999996,0.47474999999999995,True,True,True,False,-3.5704772471945034e-13,516.7425583106321,75.83364816766421,62.07621642043308,431.2920255612336,12.033148625002486,1097.977597084965
2025-06-13T07:15:00Z,2025-06-13T07:30:00Z,2025-06-13,2025-06-13_10,-3.552713678800501e-14,45,45,55,50.97149826086951,50.793662565217346,0.0005100880434782828,0.166275,0.0031500000000000005,True,True,True,False,-3.5704772471945034e-13,516.7425583106321,75.83364816766421,62.07621642043308,21.05223145791494,-0.24427830029229888,675.4603760563517
2025-06-13T07:30:00Z,2025-06-13T07:45:00Z,2025-06-13,2025-06-13_10,-3.552713678800501e-14,45,45,55,50.793662565217346,50.31656278260866,0.0015035271739130638,0.46845,0.034874999999999996,True,True,True,False,-3.5704772471945034e-13,516.7425583106321,75.83364816766421,62.07621642043308,60.62576300928596,-2.472178496152393,712.8060074118627
2025-06-13T07:45:00Z,2025-06-13T08:00:00Z,2025-06-13,2025-06-13_10,-3.552713678800501e-14,45,45,55,50.31656278260866,50.283665434782584,0.00020753152173915291,0.0495,0.022725000000000002,True,True,True,False,-3.5704772471945034e-13,516.7425583106321,75.83364816766421,62.07621642043308,6.397765007655447,-1.7622934521087275,659.2878944542758
2025-06-13T08:00:00Z,2025-06-13T08:15:00Z,2025-06-13,2025-06-13_11,0.0,45,45,55,50.283665434782584,51.38910921739128,0.003210622826086957,0.023174999999999998,1.22895,True,True,True,False,0.0,516.7425583106321,75.83364816766421,61.92857568948718,2.269021942295838,-5.927140492334613,650.8466636177448
2025-06-13T08:15:00Z,2025-06-13T08:30:00Z,2025-06-13,2025-06-13_11,0.0,45,45,55,51.38910921739128,53.98902921739128,0.007222000000000001,0.0,2.8260000000000005,True,True,True,False,0.0,516.7425583106321,75.83364816766421,61.92857568948718,0.0,-56.80826986936033,597.6965122984232
2025-06-13T08:30:00Z,2025-06-13T08:45:00Z,2025-06-13,2025-06-13_11,0.0,45,45,55,53.98902921739128,60.515532217391275,0.018129175,0.0,7.094025,True,True,True,False,0.0,516.7425583106321,75.83364816766421,61.92857568948718,0.0,657.5701744099343,1312.0749565777178
2025-06-13T08:45:00Z,2025-06-13T09:00:00Z,2025-06-13,2025-06-13_11,0.0,45,45,55,60.515532217391275,64.12085121739128,0.010014775000000002,0.0,3.9188250000000004,True,True,True,False,0.0,516.7425583106321,75.83364816766421,61.92857568948718,0.0,-44.94987574814581,609.5549064196377
2025-06-13T09:00:00Z,2025-06-13T09:15:00Z,2025-06-13,2025-06-13_12,0.0,100,100,0,64.12085121739128,73.66355121739127,0.026507500000000003,0.0,10.3725,True,True,True,False,0.0,0.0,168.5192181503649,162.3749776301923,0.0,4648.24784752739,4979.1420433079475
2025-06-13T09:15:00Z,2025-06-13T09:30:00Z,2025-06-13,2025-06-13_12,0.0,100,100,0,73.66355121739127,87.56521121739127,0.03861572222222222,0.0,15.110499999999998,True,True,True,False,0.0,0.0,168.5192181503649,162.3749776301923,0.0,7454.607477878746,7785.501673659303
2025-06-13T09:30:00Z,2025-06-13T09:45:00Z,2025-06-13,2025-06-13_12,0.0,100,100,0,87.56521121739127,107.23987121739127,0.054651833333333344,0.0,21.3855,True,True,True,False,0.0,0.0,168.5192181503649,162.3749776301923,0.0,20587.610060945302,20918.50425672586
2025-06-13T09:45:00Z,2025-06-13T10:00:00Z,2025-06-13,2025-06-13_12,0.0,100,100,0,107.23987121739127,112.60577121739126,0.014905277777777778,0.0,5.8325,True,True,True,False,0.0,0.0,168.5192181503649,162.3749776301923,0.0,1051.411023841244,1382.3052196218014
2025-06-13T10:00:00Z,2025-06-13T10:15:00Z,2025-06-13,2025-06-13_13,-29.346462252988026,45,15,55,112.60577121739126,119.6289379971699,0.019512577658261202,0.0018000000000000002,0.299175,True,True,True,False,-110.0492334487051,516.7425583106321,75.83364816766421,24.409934183054624,0.17623471396472531,-8.571023771649005,498.5421181549616
2025-06-13T10:15:00Z,2025-06-13T10:30:00Z,2025-06-13,2025-06-13_13,-29.346462252988026,45,15,55,119.6289379971699,126.56554531535716,0.01926835366163124,0.0,0.203175,True,True,True,False,-110.0492334487051,516.7425583106321,75.83364816766421,24.409934183054624,0.0,-5.458063207134478,501.4788440055114
2025-06-13T10:30:00Z,2025-06-13T10:45:00Z,2025-06-13,2025-06-13_13,-29.346462252988026,45,15,55,126.56554531535716,133.55221268181322,0.01942111564941485,0.006525,0.264525,True,True,True,False,-110.0492334487051,516.7425583106321,75.83364816766421,24.409934183054624,0.6671871209560359,-6.4930154699648055,501.1110788636371
2025-06-13T10:45:00Z,2025-06-13T11:00:00Z,2025-06-13,2025-06-13_13,-29.346462252988026,45,15,55,133.55221268181322,140.95526000000046,0.02056402032829791,0.0,0.710175,True,True,True,False,-110.0492334487051,516.7425583106321,75.83364816766421,24.409934183054624,0.0,-7.129710201626534,499.80719701101935
2025-06-13T11:00:00Z,2025-06-13T11:15:00Z,2025-06-13,2025-06-13_14,0.0,100,100,0,140.95526000000046,146.96884000000045,0.01670438888888889,0.0,6.5365,True,True,True,False,0.0,0.0,168.5192181503649,163.38907558012372,0.0,-42.21671004752342,289.6915836829652
2025-06-13T11:15:00Z,2025-06-13T11:30:00Z,2025-06-13,2025-06-13_14,0.0,100,100,0,146.96884000000045,157.05802000000045,0.028025500000000002,0.0,10.9665,True,True,True,False,0.0,0.0,168.5192181503649,163.38907558012372,0.0,5450.065494422461,5781.973788152949
2025-06-13T11:30:00Z,2025-06-13T11:45:00Z,2025-06-13,2025-06-13_14,0.0,100,100,0,157.05802000000045,163.22938000000045,0.01714266666666667,0.0,6.708,True,True,True,False,0.0,0.0,168.5192181503649,163.38907558012372,0.0,93.6006824282675,425.5089761587561
2025-06-13T11:45:00Z,2025-06-13T12:00:00Z,2025-06-13,2025-06-13_14,0.0,100,100,0,163.22938000000045,172.52046000000044,0.025808555555555557,0.0,10.099,True,True,True,False,0.0,0.0,168.5192181503649,163.38907558012372,0.0,3002.291268616651,3334.19956234714
2025-06-13T12:00:00Z,2025-06-13T12:15:00Z,2025-06-13,2025-06-13_15,0.0,100,100,0,172.52046000000044,183.34380000000044,0.030064833333333332,0.0,11.7645,True,True,True,False,0.0,0.0,168.5192181503649,163.0609850669106,0.0,6187.503346523235,6519.0835497405105
2025-06-13T12:15:00Z,2025-06-13T12:30:00Z,2025-06-13,2025-06-13_15,0.0,100,100,0,183.34380000000044,189.89880000000045,0.018208333333333333,0.0,7.124999999999999,True,True,True,False,0.0,0.0,168.5192181503649,163.0609850669106,0.0,-74.32010697739157,257.2600962398839
2025-06-13T12:30:00Z,2025-06-13T12:45:00Z,2025-06-13,2025-06-13_15,0.0,100,100,0,189.89880000000045,187.60380434782655,0.006937210144927535,2.2045,0.11,True,True,True,False,0.0,0.0,168.5192181503649,163.0609850669106,232.4910034598636,-7.456600584597641,556.6146060925415
2025-06-13T12:45:00Z,2025-06-13T13:00:00Z,2025-06-13,2025-06-13_15,0.0,100,100,0,187.60380434782655,184.43967391304395,0.008789251207729469,2.911,0.0,True,True,True,False,0.0,0.0,168.5192181503649,163.0609850669106,307.0004931299835,0.0,638.580696347259
2025-06-13T13:00:00Z,2025-06-13T13:15:00Z,2025-06-13,2025-06-13_16,-12.75407198593112,88,75,12,184.43967391304395,182.06054790577232,0.019202578366511146,4.99884,0.0,True,True,True,False,-166.37686905647146,112.74383090413791,148.2969119723211,122.78787457000259,697.7890009981908,0.0,915.2407493881809
2025-06-13T13:15:00Z,2025-06-13T13:30:00Z,2025-06-13,2025-06-13_16,-12.75407198593112,88,75,12,182.06054790577232,183.42194315119872,0.011431201757324806,1.48148,0.002625,True,True,True,False,-166.37686905647146,112.74383090413791,148.2969119723211,122.78787457000259,199.00809126086176,-0.20356525024358238,416.25627440060833
2025-06-13T13:30:00Z,2025-06-13T13:45:00Z,2025-06-13,2025-06-13_16,-12.75407198593112,88,75,12,183.42194315119872,184.48000000005416,0.015589086874306601,2.4499199999999997,0.7916250000000001,True,True,True,False,-166.37686905647146,112.74383090413791,148.2969119723211,122.78787457000259,344.4677837386411,-32.87956692052257,529.0399652081087
2025-06-13T13:45:00Z,2025-06-13T14:00:00Z,2025-06-13,2025-06-13_16,-12.75407198593112,88,75,12,184.48000000005416,178.23136820830973,0.027254073600355314,8.63984,0.0,True,True,True,False,-166.37686905647146,112.74383090413791,148.2969119723211,122.78787457000259,1219.0710990037978,0.0,1436.522847393788
2025-06-13T14:00:00Z,2025-06-13T14:15:00Z,2025-06-13,2025-06-13_17,-26.888555074138925,100,73,0,178.23136820830973,183.88174386493714,0.018441582062122285,0.622,0.12410000000000002,True,True,True,False,-517.0669140756916,0.0,169.4140104591279,100.46191167405698,85.39300232646,-7.422014555288224,-169.2200041713349
2025-06-13T14:15:00Z,2025-06-13T14:30:00Z,2025-06-13,2025-06-13_17,-26.888555074138925,100,73,0,183.88174386493714,190.0000000000011,0.017374840970807222,0.086,0.025550000000000003,True,True,True,False,-517.0669140756916,0.0,169.4140104591279,100.46191167405698,11.115308902189259,-1.9813684357042018,-238.05705147602163
2025-06-13T14:30:00Z,2025-06-13T14:45:00Z,2025-06-13,2025-06-13_17,-26.888555074138925,100,73,0,190.0000000000011,186.7474331358554,0.03094680975228837,9.056,0.0,True,True,True,False,-517.0669140756916,0.0,169.4140104591279,100.46191167405698,5906.737329542065,0.0,5659.546337599558
2025-06-13T14:45:00Z,2025-06-13T15:00:00Z,2025-06-13,2025-06-13_17,-26.888555074138925,100,73,0,186.7474331358554,177.1658885911411,0.04018046841479217,15.129500000000002,0.0,True,True,True,False,-517.0669140756916,0.0,169.4140104591279,100.46191167405698,6540.004726392397,0.0,6292.81373444989
2025-06-13T15:00:00Z,2025-06-13T15:15:00Z,2025-06-13,2025-06-13_18,-34.67307115604278,100,65,0,177.1658885911411,183.629384557511,0.02378663519014533,1.4785,0.01105,True,True,True,False,-884.6834105464316,0.0,169.4140104591279,89.66564594062557,202.55605814161578,-0.8569127676920325,-423.90460877275433
2025-06-13T15:15:00Z,2025-06-13T15:30:00Z,2025-06-13,2025-06-13_18,-34.67307115604278,100,65,0,183.629384557511,186.34573381901782,0.027839761562020067,5.1445,0.038674999999999994,True,True,True,False,-884.6834105464316,0.0,169.4140104591279,89.66564594062557,1064.3082684774613,-2.4570018094688906,436.2475125213143
2025-06-13T15:30:00Z,2025-06-13T15:45:00Z,2025-06-13,2025-06-13_18,-34.67307115604278,100,65,0,186.34573381901782,190.00000000000108,0.026713246079503806,4.1985,0.0,True,True,True,False,-884.6834105464316,0.0,169.4140104591279,89.66564594062557,920.1160809091091,0.0,294.512326762431
2025-06-13T15:45:00Z,2025-06-13T16:00:00Z,2025-06-13,2025-06-13_18,-34.67307115604278,100,65,0,190.00000000000108,184.79965429077853,0.03606067435778668,12.803,0.0,True,True,True,False,-884.6834105464316,0.0,169.4140104591279,89.66564594062557,6285.279889841126,0.0,5659.676135694447
2025-06-13T16:00:00Z,2025-06-13T16:15:00Z,2025-06-13,2025-06-13_19,-8.533735785941401,100,91,0,184.79965429077853,185.77764627319885,0.011783182602579144,1.6415,0.84357,True,True,True,False,-261.04697769194746,0.0,170.01053866496989,125.53190431687578,226.8498752261836,-33.341403525481695,228.0039369906001
2025-06-13T16:15:00Z,2025-06-13T16:30:00Z,2025-06-13,2025-06-13_19,-8.533735785941401,100,91,0,185.77764627319885,185.29355651835604,0.01125401086651555,2.281,0.0,True,True,True,False,-261.04697769194746,0.0,170.01053866496989,125.53190431687578,313.9925243085244,0.0,348.48798959842264
2025-06-13T16:30:00Z,2025-06-13T16:45:00Z,2025-06-13,2025-06-13_19,-8.533735785941401,100,91,0,185.29355651835604,170.0806373041054,0.04617861144975061,16.0115,0.0,True,True,True,False,-261.04697769194746,0.0,170.01053866496989,125.53190431687578,15516.656109343621,0.0,15551.151574633519
2025-06-13T16:45:00Z,2025-06-13T17:00:00Z,2025-06-13,2025-06-13_19,-8.533735785941401,100,91,0,170.0806373041054,152.74000000000112,0.05122379882507174,17.995,0.0,True,True,True,False,-261.04697769194746,0.0,170.01053866496989,125.53190431687578,20415.148770157684,0.0,20449.644235447584
2025-06-13T17:00:00Z,2025-06-13T17:15:00Z,2025-06-13,2025-06-13_20,19.0,0,19,81,152.74000000000112,147.57840217391416,0.014337771739130437,0.0,0.0013300000000000002,True,True,True,False,902.5,761.0208586029311,0.0,26.20995804418286,0.0,-0.10313972679008175,1689.627676920324
2025-06-13T17:15:00Z,2025-06-13T17:30:00Z,2025-06-13,2025-06-13_20,19.0,0,19,81,147.57840217391416,142.43002173913155,0.014301056763285025,0.0,0.013489999999999999,True,True,True,False,902.5,761.0208586029311,0.0,26.20995804418286,0.0,-1.0132615259191504,1688.717555121195
2025-06-13T17:30:00Z,2025-06-13T17:45:00Z,2025-06-13,2025-06-13_20,19.0,0,19,81,142.43002173913155,137.27307065217502,0.01432486413043478,0.0,0.005604999999999999,True,True,True,False,902.5,761.0208586029311,0.0,26.20995804418286,0.0,-0.4346602771867729,1689.296156369927
2025-06-13T17:45:00Z,2025-06-13T18:00:00Z,2025-06-13,2025-06-13_20,19.0,0,19,81,137.27307065217502,132.12933695652285,0.01428814915458937,0.0,0.017765,True,True,True,False,902.5,761.0208586029311,0.0,26.20995804418286,0.0,-1.359573030959814,1688.371243616154
2025-06-13T18:00:00Z,2025-06-13T18:15:00Z,2025-06-13,2025-06-13_21,85.37564314360735,14,100,0,132.12933695652285,109.33038532716884,0.06361408496780792,0.0021,0.3795,True,True,True,False,3755.247663671569,0.0,23.663677397546284,137.9471476009624,0.2922988208625798,-28.37160744467201,3888.7791800462683
2025-06-13T18:15:00Z,2025-06-13T18:30:00Z,2025-06-13,2025-06-13_21,85.37564314360735,14,100,0,109.33038532716884,86.33379720405203,0.06402516754310429,0.0035699999999999994,0.195,True,True,True,False,3755.247663671569,0.0,23.663677397546284,137.9471476009624,0.49690799546638564,-14.502104750352947,3902.853291915191
2025-06-13T18:30:00Z,2025-06-13T18:45:00Z,2025-06-13,2025-06-13_21,85.37564314360735,14,100,0,86.33379720405203,63.43860290629319,0.0638156486060939,0.00462,0.2915,True,True,True,False,3755.247663671569,0.0,23.663677397546284,137.9471476009624,0.6430574058976757,-21.339705812173154,3896.1618402638023
2025-06-13T18:45:00Z,2025-06-13T19:00:00Z,2025-06-13,2025-06-13_21,85.37564314360735,14,100,0,63.43860290629319,54.021739130435805,0.03585521972084261,0.00168,12.9735,True,True,True,False,3755.247663671569,0.0,23.663677397546284,137.9471476009624,0.23383905669006388,9317.447435028138,13234.539762754906
2025-06-13T19:00:00Z,2025-06-13T19:15:00Z,2025-06-13,2025-06-13_22,0.0,0,0,81,54.021739130435805,54.021739130435805,0.0,0.0,0.0,True,False,True,False,0.0,761.0208586029311,0.0,0.0,0.0,0.0,761.0208586029311
2025-06-13T19:15:00Z,2025-06-13T19:30:00Z,2025-06-13,2025-06-13_22,0.0,0,0,81,54.021739130435805,54.021739130435805,0.0,0.0,0.0,True,False,True,False,0.0,761.0208586029311,0.0,0.0,0.0,0.0,761.0208586029311
2025-06-13T19:30:00Z,2025-06-13T19:45:00Z,2025-06-13,2025-06-13_22,0.0,0,0,81,54.021739130435805,54.021739130435805,0.0,0.0,0.0,True,False,True,False,0.0,761.0208586029311,0.0,0.0,0.0,0.0,761.0208586029311
2025-06-13T19:45:00Z,2025-06-13T20:00:00Z,2025-06-13,2025-06-13_22,0.0,0,0,81,54.021739130435805,54.021739130435805,0.0,0.0,0.0,True,False,True,False,0.0,761.0208586029311,0.0,0.0,0.0,0.0,761.0208586029311
2025-06-13T20:00:00Z,2025-06-13T20:15:00Z,2025-06-13,2025-06-13_23,75.75431472941816,24,100,0,54.021739130435805,37.60917462488382,0.05054053688365952,0.00672,3.9945,True,True,True,False,2502.3544012995053,0.0,40.56630411007934,137.9471476009624,0.8685450677059515,687.81317024915,3369.549568327403
2025-06-13T20:15:00Z,2025-06-13T20:30:00Z,2025-06-13,2025-06-13_23,75.75431472941816,24,100,0,37.60917462488382,33.15677212198546,0.03147228019782938,0.0,15.4165,True,True,True,False,2502.3544012995053,0.0,40.56630411007934,137.9471476009624,0.0,4683.524791115707,7364.392644126254
2025-06-13T20:30:00Z,2025-06-13T20:45:00Z,2025-06-13,2025-06-13_23,75.75431472941816,24,100,0,33.15677212198546,20.5732451244268,0.044429967316984266,0.0,7.646499999999999,True,True,True,False,2502.3544012995053,0.0,40.56630411007934,137.9471476009624,0.0,572.58359189517,3253.451444905717
2025-06-13T20:45:00Z,2025-06-13T21:00:00Z,2025-06-13,2025-06-13_23,75.75431472941816,24,100,0,20.5732451244268,10.000000000001014,0.04122640014119321,0.0,9.5675,True,True,True,False,2502.3544012995053,0.0,40.56630411007934,137.9471476009624,0.0,-0.0,2680.867853010547
2025-06-13T21:00:00Z,2025-06-13T21:15:00Z,2025-06-14,2025-06-13_24,0.47519419601847185,99,100,0,10.000000000001014,16.096355101414968,0.017457693333709105,0.0,6.761,True,True,True,False,13.680840903371804,0.0,161.3373410174881,132.35294117647058,0.0,-82.44201093004769,224.9291121672828
2025-06-13T21:15:00Z,2025-06-13T21:30:00Z,2025-06-14,2025-06-13_24,0.47519419601847185,99,100,0,16.096355101414968,22.742884240030378,0.018968809105396656,0.0,7.358499999999999,True,True,True,False,13.680840903371804,0.0,161.3373410174881,132.35294117647058,0.0,-62.95524314387917,244.4158799534513
2025-06-13T21:30:00Z,2025-06-13T21:45:00Z,2025-06-14,2025-06-13_24,0.47519419601847185,99,100,0,22.742884240030378,30.668395366382725,0.022481679075060275,0.0,8.7475,True,True,True,False,13.680840903371804,0.0,161.3373410174881,132.35294117647058,0.0,-82.45805147058823,224.91307162674224
2025-06-13T21:45:00Z,2025-06-13T22:00:00Z,2025-06-14,2025-06-13_24,0.47519419601847185,99,100,0,30.668395366382725,39.89130434782603,0.026045130325784555,0.0,10.1565,True,True,True,False,13.680840903371804,0.0,161.3373410174881,132.35294117647058,0.0,-47.163540441176465,260.207582656154
2025-06-13T22:00:00Z,2025-06-13T22:15:00Z,2025-06-14,2025-06-14_1,0.8549789232777698,44,45,55,39.89130434782603,40.04159008417955,0.0034893249365067027,0.30976,0.7791750000000001,True,True,True,False,23.620930202856588,516.4447535771066,71.70548489666137,59.558823529411754,41.56262664546899,-14.221337345985694,698.6712815055196
2025-06-13T22:15:00Z,2025-06-13T22:30:00Z,2025-06-14,2025-06-14_1,0.8549789232777698,44,45,55,40.04159008417955,40.806700145843635,0.003292073159643844,0.0,1.08045,True,True,True,False,23.620930202856588,516.4447535771066,71.70548489666137,59.558823529411754,0.0,-15.478863374403815,655.8511288316324
2025-06-13T22:30:00Z,2025-06-13T22:45:00Z,2025-06-14,2025-06-14_1,0.8549789232777698,44,45,55,40.806700145843635,41.09822292240574,0.002035410167967869,0.0,0.56745,True,True,True,False,23.620930202856588,516.4447535771066,71.70548489666137,59.558823529411754,0.0,-23.894133177662958,647.4358590283733
2025-06-13T22:45:00Z,2025-06-13T23:00:00Z,2025-06-14,2025-06-14_1,0.8549789232777698,44,45,55,41.09822292240574,41.21879211304343,0.001607760809078256,0.0044,0.38744999999999996,True,True,True,False,23.620930202856588,516.4447535771066,71.70548489666137,59.558823529411754,0.568362480127186,-17.321217120429253,654.5771375657342
2025-06-13T23:00:00Z,2025-06-13T23:15:00Z,2025-06-14,2025-06-14_2,0.0,45,45,55,41.21879211304343,41.37098328695647,0.0005857967391304348,0.026999999999999996,0.197325,True,True,True,False,0.0,516.4447535771066,73.33515500794914,59.558823529411754,3.487678855325914,-8.21079050079491,644.6156204689985
2025-06-13T23:15:00Z,2025-06-13T23:30:00Z,2025-06-14,2025-06-14_2,0.0,45,45,55,41.37098328695647,43.16505541739126,0.005043316304347826,0.009899999999999999,1.9617749999999998,True,True,True,False,0.0,516.4447535771066,73.33515500794914,59.558823529411754,1.2788155802861685,-48.724300024841014,601.8932476699126
2025-06-13T23:30:00Z,2025-06-13T23:45:00Z,2025-06-14,2025-06-14_2,0.0,45,45,55,43.16505541739126,43.87813676521734,0.0020568684782608696,0.012600000000000002,0.7899750000000001,True,True,True,False,0.0,516.4447535771066,73.33515500794914,59.558823529411754,1.6275834658187602,-31.88503625794913,619.0812793223371
2025-06-13T23:45:00Z,2025-06-14T00:00:00Z,2025-06-14,2025-06-14_2,0.0,45,45,55,43.87813676521734,45.13338476521734,0.0034868000000000004,0.0,1.3644,True,True,True,False,0.0,516.4447535771066,73.33515500794914,59.558823529411754,0.0,-33.549001669316375,615.7897304451511
2025-06-14T00:00:00Z,2025-06-14T00:15:00Z,2025-06-14,2025-06-14_3,0.0,45,45,55,45.13338476521734,45.56200819999996,0.001223229347826087,0.0054,0.47227500000000006,True,True,True,False,0.0,516.4447535771066,73.33515500794914,59.558823529411754,0.6975357710651829,-15.149121626589826,634.8871462589428
2025-06-14T00:15:00Z,2025-06-14T00:30:00Z,2025-06-14,2025-06-14_3,0.0,45,45,55,45.56200819999996,44.377541286956486,0.0032913358695652174,1.0899,0.00022500000000000002,True,True,True,False,0.0,516.4447535771066,73.33515500794914,59.558823529411754,150.96284606518284,-0.017438394276629573,800.2841397853737
2025-06-14T00:30:00Z,2025-06-14T00:45:00Z,2025-06-14,2025-06-14_3,0.0,45,45,55,44.377541286956486,44.26240624347823,0.0017331695652173912,0.33997499999999997,0.276525,True,True,True,False,0.0,516.4447535771066,73.33515500794914,59.558823529411754,46.428612907392676,-11.299607223767888,684.4677377980922
2025-06-14T00:45:00Z,2025-06-14T01:00:00Z,2025-06-14,2025-06-14_3,0.0,45,45,55,44.26240624347823,42.53724319999997,0.004792119565217391,1.58715,0.0,True,True,True,False,0.0,516.4447535771066,73.33515500794914,59.558823529411754,217.89941977344992,0.0,867.2381518879174
2025-06-14T01:00:00Z,2025-06-14T01:15:00Z,2025-06-14,2025-06-14_4,-1.0,45,44,55,42.53724319999997,42.93828038260867,0.0012893544927536232,0.0297,0.22088000000000002,True,True,True,False,-20.5275,516.4447535771066,73.33515500794914,58.23529411764705,3.8364467408585057,-12.003809634340225,619.320339809221
2025-06-14T01:15:00Z,2025-06-14T01:30:00Z,2025-06-14,2025-06-14_4,-1.0,45,44,55,42.93828038260867,42.79125575652171,0.002237975072463768,0.4482,0.11792,True,True,True,False,-20.5275,516.4447535771066,73.33515500794914,58.23529411764705,57.89546899841017,-5.860263116057233,679.5229085850557
2025-06-14T01:30:00Z,2025-06-14T01:45:00Z,2025-06-14,2025-06-14_4,-1.0,45,44,55,42.79125575652171,41.21082608695649,0.005478033526570048,1.6713,0.0,True,True,True,False,-20.5275,516.4447535771066,73.33515500794914,58.23529411764705,243.9280949523053,0.0,871.4157976550081
2025-06-14T01:45:00Z,2025-06-14T02:00:00Z,2025-06-14,2025-06-14_4,-1.0,45,44,55,41.21082608695649,40.09592154782605,0.004233719275362318,1.24155,0.0,True,True,True,False,-20.5275,516.4447535771066,73.33515500794914,58.23529411764705,170.12713906001588,0.0,797.6148417627186
2025-06-14T02:00:00Z,2025-06-14T02:15:00Z,2025-06-14,2025-06-14_5,-9.883533856332596,0,0,55,40.09592154782605,42.36913433478255,0.0063144799637680485,0.0,0.0,True,False,True,False,-174.049031210017,516.4447535771066,0.0,0.0,0.0,0.0,342.39572236708955
2025-06-14T02:15:00Z,2025-06-14T02:30:00Z,2025-06-14,2025-06-14_5,-9.883533856332596,0,0,55,42.36913433478255,44.64234712173905,0.0063144799637680485,0.0,0.0,True,False,True,False,-174.049031210017,516.4447535771066,0.0,0.0,0.0,0.0,342.39572236708955
2025-06-14T02:30:00Z,2025-06-14T02:45:00Z,2025-06-14,2025-06-14_5,-9.883533856332596,0,0,55,44.64234712173905,46.91555990869555,0.0063144799637680485,0.0,0.0,True,False,True,False,-174.049031210017,516.4447535771066,0.0,0.0,0.0,0.0,342.39572236708955
2025-06-14T02:45:00Z,2025-06-14T03:00:00Z,2025-06-14,2025-06-14_5,-9.883533856332596,0,0,55,46.91555990869555,49.18877269565205,0.0063144799637680485,0.0,0.0,True,False,True,False,-174.049031210017,516.4447535771066,0.0,0.0,0.0,0.0,342.39572236708955
2025-06-14T03:00:00Z,2025-06-14T03:15:00Z,2025-06-14,2025-06-14_6,0.0,45,45,55,49.18877269565205,43.99689769565205,0.014421874999999999,4.7765249999999995,0.0,True,True,True,False,0.0,516.4447535771066,73.33515500794914,59.357611287758345,1064.9391582770268,0.0,1714.0766781498407
2025-06-14T03:15:00Z,2025-06-14T03:30:00Z,2025-06-14,2025-06-14_6,0.0,45,45,55,43.99689769565205,40.03862804347814,0.012424643478260868,3.878325,0.27967500000000006,True,True,True,False,0.0,516.4447535771066,73.33515500794914,59.357611287758345,591.9031482263514,-10.56006558028617,1230.4806025188793
2025-06-14T03:30:00Z,2025-06-14T03:45:00Z,2025-06-14,2025-06-14_6,0.0,45,45,55,40.03862804347814,40.192324956521624,0.0005954141304347827,0.0279,0.200025,True,True,True,False,0.0,516.4447535771066,73.33515500794914,59.357611287758345,3.6039348171701118,-12.381714452503974,640.3597402374802
2025-06-14T03:45:00Z,2025-06-14T04:00:00Z,2025-06-14,2025-06-14_6,0.0,45,45,55,40.192324956521624,40.147694739130316,0.00035972282608695647,0.08009999999999999,0.04612499999999999,True,True,True,False,0.0,516.4447535771066,73.33515500794914,59.357611287758345,10.346780604133544,-3.5748708267090614,655.9094296502385
2025-06-14T04:00:00Z,2025-06-14T04:15:00Z,2025-06-14,2025-06-14_7,-1.0,57,56,43,40.147694739130316,40.27992437391292,0.0010165799033816426,0.10944000000000001,0.022680000000000002,True,True,True,False,-13.0,403.7658982511924,92.89119634340223,73.86724960254372,14.136724960254373,-1.7577901430842608,569.9032790143085
2025-06-14T04:15:00Z,2025-06-14T04:30:00Z,2025-06-14,2025-06-14_7,-1.0,57,56,43,40.27992437391292,37.2724601043477,0.009364048526570048,2.986515,0.0,True,True,True,False,-13.0,403.7658982511924,92.89119634340223,73.86724960254372,415.74282975357715,0.0,973.2671739507156
2025-06-14T04:30:00Z,2025-06-14T04:45:00Z,2025-06-14,2025-06-14_7,-1.0,57,56,43,37.2724601043477,33.61064433913031,0.011127564903381643,3.590145,0.0,True,True,True,False,-13.0,403.7658982511924,92.89119634340223,73.86724960254372,506.3046220945946,0.0,1063.828966291733
2025-06-14T04:45:00Z,2025-06-14T05:00:00Z,2025-06-14,2025-06-14_7,-1.0,57,56,43,33.61064433913031,33.66867514782596,0.0012179599758454108,0.178125,0.02296,True,True,True,False,-13.0,403.7658982511924,92.89119634340223,73.86724960254372,24.597674880763115,-1.7794912559618443,580.3425278219396
2025-06-14T05:00:00Z,2025-06-14T05:15:00Z,2025-06-14,2025-06-14_8,0.0,58,58,42,33.66867514782596,33.21527805217379,0.0013883897101449275,0.43848,0.025229999999999995,True,True,True,False,0.0,394.3759936406995,94.52086645468998,76.76470588235293,48.949948330683625,-1.9554252782193955,612.6560890302067
2025-06-14T05:15:00Z,2025-06-14T05:30:00Z,2025-06-14,2025-06-14_8,0.0,58,58,42,33.21527805217379,32.826086956521614,0.0016472952657004831,0.45182,0.11078,True,True,True,False,0.0,394.3759936406995,94.52086645468998,76.76470588235293,50.4391663354531,-4.6439099284578695,611.4568223847376
2025-06-14T05:30:00Z,2025-06-14T05:45:00Z,2025-06-14,2025-06-14_8,0.0,58,58,42,32.826086956521614,36.04847365217378,0.008961581400966185,0.00174,3.5046500000000003,True,True,True,False,0.0,394.3759936406995,94.52086645468998,76.76470588235293,0.194245826709062,-28.706510145071544,537.14930165938
2025-06-14T05:45:00Z,2025-06-14T06:00:00Z,2025-06-14,2025-06-14_8,0.0,58,58,42,36.04847365217378,39.03423245217378,0.008293774444444447,0.0,3.2453900000000004,True,True,True,False,0.0,394.3759936406995,94.52086645468998,76.76470588235293,0.0,-66.95874201112878,498.70282396661366
2025-06-14T06:00:00Z,2025-06-14T06:15:00Z,2025-06-14,2025-06-14_9,0.0,100,100,0,39.03423245217378,27.29359940869552,0.03265886956521739,10.809,0.009,True,True,True,False,0.0,0.0,162.96701112877585,132.35294117647058,1961.2234531001588,-0.6975357710651828,2255.84586963434
2025-06-14T06:15:00Z,2025-06-14T06:30:00Z,2025-06-14,2025-06-14_9,0.0,100,100,0,27.29359940869552,20.915047234782477,0.01774375603864734,5.8725,0.005,True,True,True,False,0.0,0.0,162.96701112877585,132.35294117647058,740.7309151430843,-0.3875198728139905,1035.6633475755168
2025-06-14T06:30:00Z,2025-06-14T06:45:00Z,2025-06-14,2025-06-14_9,0.0,100,100,0,20.915047234782477,20.84428984347813,0.0005824371980676328,0.129,0.0755,True,True,True,False,0.0,0.0,162.96701112877585,132.35294117647058,12.623388314785375,-5.732913652623211,302.2104269674086
2025-06-14T06:45:00Z,2025-06-14T07:00:00Z,2025-06-14,2025-06-14_9,0.0,100,100,0,20.84428984347813,20.847081147825953,0.0006055797101449275,0.099,0.12,True,True,True,False,0.0,0.0,162.96701112877585,132.35294117647058,9.687716613672498,-8.14943561208267,296.85823330683627
2025-06-14T07:00:00Z,2025-06-14T07:15:00Z,2025-06-14,2025-06-14_10,0.0,100,100,0,20.847081147825953,20.797139408695518,0.00045306038647342995,0.098,0.0615,True,True,True,False,0.0,0.0,162.96701112877585,132.35294117647058,8.765858505564388,-4.766494435612082,299.31931637519875
2025-06-14T07:15:00Z,2025-06-14T07:30:00Z,2025-06-14,2025-06-14_10,0.0,100,100,0,20.797139408695518,21.028608104347693,0.0007395869565217392,0.016,0.2705,True,True,True,False,0.0,0.0,162.96701112877585,132.35294117647058,1.431160572337043,-16.723748509538954,280.0273643680445
2025-06-14T07:30:00Z,2025-06-14T07:45:00Z,2025-06-14,2025-06-14_10,0.0,100,100,0,21.028608104347693,24.921005495652043,0.010866562801932367,0.009,4.2415,True,True,True,False,0.0,0.0,162.96701112877585,132.35294117647058,0.8050278219395867,-23.31729222972973,272.8076878974563
2025-06-14T07:45:00Z,2025-06-14T08:00:00Z,2025-06-14,2025-06-14_10,0.0,100,100,0,24.921005495652043,38.21454549565205,0.0369265,0.0,14.4495,True,True,True,False,0.0,0.0,162.96701112877585,132.35294117647058,0.0,7035.657387817964,7330.9773401232105
2025-06-14T08:00:00Z,2025-06-14T08:15:00Z,2025-06-14,2025-06-14_11,0.0,57,57,43,38.21454549565205,38.100094452173785,0.005357986231884058,0.93993,0.9861,True,True,True,False,0.0,403.7658982511924,92.89119634340223,75.44117647058822,84.05947905405405,-24.176890957869634,631.9808591613673
2025-06-14T08:15:00Z,2025-06-14T08:30:00Z,2025-06-14,2025-06-14_11,0.0,57,57,43,38.100094452173785,38.64055407826074,0.0027507332608695655,0.20691,0.8319150000000001,True,True,True,False,0.0,403.7658982511924,92.89119634340223,75.44117647058822,18.504300119236884,-17.369532123410178,573.2330390610095
2025-06-14T08:30:00Z,2025-06-14T08:45:00Z,2025-06-14,2025-06-14_11,0.0,57,57,43,38.64055407826074,44.218072478260744,0.01549310666666667,0.0,6.06252,True,True,True,False,0.0,403.7658982511924,92.89119634340223,75.44117647058822,0.0,573.9430574642289,1146.0413285294117
2025-06-14T08:45:00Z,2025-06-14T09:00:00Z,2025-06-14,2025-06-14_11,0.0,57,57,43,44.218072478260744,46.663349678260744,0.006792436666666668,0.0,2.65791,True,True,True,False,0.0,403.7658982511924,92.89119634340223,75.44117647058822,0.0,-50.97408675476948,521.1241843104134
2025-06-14T09:00:00Z,2025-06-14T09:15:00Z,2025-06-14,2025-06-14_12,-45.0,45,0,55,46.663349678260744,57.013349678260745,0.028750000000000005,0.0,0.0,True,True,True,False,111.82499999999999,516.4447535771066,73.33515500794914,0.0,0.0,0.0,701.6049085850557
2025-06-14T09:15:00Z,2025-06-14T09:30:00Z,2025-06-14,2025-06-14_12,-45.0,45,0,55,57.013349678260745,67.34202867826075,0.028690775,0.023174999999999998,0.0,True,True,True,False,111.82499999999999,516.4447535771066,73.33515500794914,0.0,2.0687740361685214,0.0,703.6736826212242
2025-06-14T09:30:00Z,2025-06-14T09:45:00Z,2025-06-14,2025-06-14_12,-45.0,45,0,55,67.34202867826075,77.68167867826074,0.028721249999999997,0.01125,0.0,True,True,True,False,111.82499999999999,516.4447535771066,73.33515500794914,0.0,1.004093799682035,0.0,702.6090023847377
2025-06-14T09:45:00Z,2025-06-14T10:00:00Z,2025-06-14,2025-06-14_12,-45.0,45,0,55,77.68167867826074,87.98179167826073,0.028611425,0.054224999999999995,0.0,True,True,True,False,111.82499999999999,516.4447535771066,73.33515500794914,0.0,4.843406741852146,0.0,706.4483153269078
2025-06-14T10:00:00Z,2025-06-14T10:15:00Z,2025-06-14,2025-06-14_13,0.0,45,45,55,87.98179167826073,88.0246132869564,0.0003146010869565217,0.0324,0.084825,True,True,True,False,0.0,516.4447535771066,73.33515500794914,71.39010333863276,2.8933869634340224,-5.787317110492845,658.2760817766297
2025-06-14T10:15:00Z,2025-06-14T10:30:00Z,2025-06-14,2025-06-14_13,0.0,45,45,55,88.0246132869564,88.48999937391291,0.0015305108695652177,0.03937499999999999,0.5523750000000001,True,True,True,False,0.0,516.4447535771066,73.33515500794914,71.39010333863276,3.510259340222575,-21.94779513612878,642.7324761277822
2025-06-14T10:30:00Z,2025-06-14T10:45:00Z,2025-06-14,2025-06-14_13,0.0,45,45,55,88.48999937391291,88.07455467826074,0.0014438130434782609,0.43019999999999997,0.0567,True,True,True,False,0.0,516.4447535771066,73.33515500794914,71.39010333863276,38.473319475357705,-2.8029766693163753,696.8403547297298
2025-06-14T10:45:00Z,2025-06-14T11:00:00Z,2025-06-14,2025-06-14_13,0.0,45,45,55,88.07455467826074,88.64467846086944,0.0035361228260869567,0.32332500000000003,1.0017,True,True,True,False,0.0,516.4447535771066,73.33515500794914,71.39010333863276,28.915419947337046,-18.711604709856918,671.3738271611686
2025-06-14T11:00:00Z,2025-06-14T11:15:00Z,2025-06-14,2025-06-14_14,-45.0,45,0,55,88.64467846086944,98.97522046086944,0.028695949999999998,0.02115,0.0,True,True,True,False,11.475,516.4447535771066,73.33515500794914,0.0,1.8698751987281397,0.0,603.1247837837839
2025-06-14T11:15:00Z,2025-06-14T11:30:00Z,2025-06-14,2025-06-14_14,-45.0,45,0,55,98.97522046086944,109.31507746086943,0.028721825,0.011025,0.0,True,True,True,False,11.475,516.4447535771066,73.33515500794914,0.0,0.9747221780604133,0.0,602.2296307631161
2025-06-14T11:30:00Z,2025-06-14T11:45:00Z,2025-06-14,2025-06-14_14,-45.0,45,0,55,109.31507746086943,119.66507746086944,0.028750000000000005,0.0,0.0,True,True,True,False,11.475,516.4447535771066,73.33515500794914,0.0,0.0,0.0,601.2549085850557
2025-06-14T11:45:00Z,2025-06-14T12:00:00Z,2025-06-14,2025-06-14_14,-45.0,45,0,55,119.66507746086944,130.01176546086944,0.0287408,0.0036000000000000003,0.0,True,True,True,False,11.475,516.4447535771066,73.33515500794914,0.0,0.3182766295707472,0.0,601.5731852146264
2025-06-14T12:00:00Z,2025-06-14T12:15:00Z,2025-06-14,2025-06-14_15,0.0,45,45,55,130.01176546086944,132.61437646086944,0.007229475000000001,0.0,2.8289250000000004,True,True,True,False,0.0,516.4447535771066,73.53636724960255,73.10711446740859,0.0,-15.145880052662958,647.9423552414547
2025-06-14T12:15:00Z,2025-06-14T12:30:00Z,2025-06-14,2025-06-14_15,0.0,45,45,55,132.61437646086944,135.84771646086944,0.0089815,0.0,3.5145,True,True,True,False,0.0,516.4447535771066,73.53636724960255,73.10711446740859,0.0,-15.625975457074722,647.462259837043
2025-06-14T12:30:00Z,2025-06-14T12:45:00Z,2025-06-14,2025-06-14_15,0.0,45,45,55,135.84771646086944,136.67456876521726,0.002300888043478261,0.000675,0.8995500000000001,True,True,True,False,0.0,516.4447535771066,73.53636724960255,73.10711446740859,0.0596768680445151,-36.20474230922099,626.9431698529412
2025-06-14T12:45:00Z,2025-06-14T13:00:00Z,2025-06-14,2025-06-14_15,0.0,45,45,55,136.67456876521726,136.93496263478247,0.0008510336956521738,0.02115,0.308025,True,True,True,False,0.0,516.4447535771066,73.53636724960255,73.10711446740859,1.870791474562798,-12.64432830882353,652.3146984598569
2025-06-14T13:00:00Z,2025-06-14T13:15:00Z,2025-06-14,2025-06-14_16,-26.61556534491158,45,18,55,136.93496263478247,144.23221986411212,0.020270158970360178,0.0,1.27791,True,True,True,False,-0.0,516.4447535771066,73.53636724960255,29.044316375198726,0.0,3.580535192766296,622.6059723946742
2025-06-14T13:15:00Z,2025-06-14T13:30:00Z,2025-06-14,2025-06-14_16,-26.61556534491158,45,18,55,144.23221986411212,151.6949114934418,0.02072969897036018,0.0,1.45773,True,True,True,False,-0.0,516.4447535771066,73.53636724960255,29.044316375198726,0.0,-16.318928131955484,602.7065090699523
2025-06-14T13:30:00Z,2025-06-14T13:45:00Z,2025-06-14,2025-06-14_16,-26.61556534491158,45,18,55,151.6949114934418,158.09378872277145,0.017774658970360176,0.0,0.30141,True,True,True,False,-0.0,516.4447535771066,73.53636724960255,29.044316375198726,0.0,-12.114980878378379,606.9104563235295
2025-06-14T13:45:00Z,2025-06-14T14:00:00Z,2025-06-14,2025-06-14_16,-26.61556534491158,45,18,55,158.09378872277145,164.7,0.01835946825058896,0.0036000000000000003,0.53064,True,True,True,False,-0.0,516.4447535771066,73.53636724960255,29.044316375198726,0.3219252782193959,-14.827444054054055,604.5199184260732
2025-06-14T14:00:00Z,2025-06-14T14:15:00Z,2025-06-14,2025-06-14_17,0.0,100,100,0,164.7,174.56009999999998,0.027389166666666666,0.0,10.7175,True,True,True,False,0.0,0.0,163.4141494435612,134.14149443561206,0.0,-6.255424781399045,291.30021909777423
2025-06-14T14:15:00Z,2025-06-14T14:30:00Z,2025-06-14,2025-06-14_17,0.0,100,100,0,174.56009999999998,184.06608869565216,0.026502142512077293,0.016,10.3515,True,True,True,False,0.0,0.0,163.4141494435612,134.14149443561206,1.4307790143084262,4285.372886327504,4584.359309220986
2025-06-14T14:30:00Z,2025-06-14T14:45:00Z,2025-06-14,2025-06-14_17,0.0,100,100,0,184.06608869565216,182.19453217391302,0.005492657004830917,1.7704999999999997,0.057499999999999996,True,True,True,False,0.0,0.0,163.4141494435612,134.14149443561206,162.69213165739265,-3.264107710651828,456.9836678259141
2025-06-14T14:45:00Z,2025-06-14T15:00:00Z,2025-06-14,2025-06-14_17,0.0,100,100,0,182.19453217391302,174.47659739130432,0.021438707729468598,7.1005,0.0,True,True,True,False,0.0,0.0,163.4141494435612,134.14149443561206,667.5683519475358,0.0,965.123995826709
2025-06-14T15:00:00Z,2025-06-14T15:15:00Z,2025-06-14,2025-06-14_18,-8.957091164889553,100,91,0,174.47659739130432,184.2068581351202,0.028152794026105727,0.2045,8.575385,True,True,True,False,-109.72436676989702,0.0,163.4141494435612,122.23151828298889,25.96235602146264,66.34846267984896,268.2321196579647
2025-06-14T15:15:00Z,2025-06-14T15:30:00Z,2025-06-14,2025-06-14_18,-8.957091164889553,100,91,0,184.2068581351202,189.99999999999906,0.01795580144200061,0.339,4.45263,True,True,True,False,-109.72436676989702,0.0,163.4141494435612,122.23151828298889,45.46426550079491,-42.32741574920509,179.0581507082429
2025-06-14T15:30:00Z,2025-06-14T15:45:00Z,2025-06-14,2025-06-14_18,-8.957091164889553,100,91,0,189.99999999999906,182.3896002594411,0.02845529544298703,9.021,0.0,True,True,True,False,-109.72436676989702,0.0,163.4141494435612,122.23151828298889,8527.091286367251,0.0,8703.012587323905
2025-06-14T15:45:00Z,2025-06-14T16:00:00Z,2025-06-14,2025-06-14_18,-8.957091164889553,100,91,0,182.3896002594411,168.3884601554402,0.04347813628248798,14.982499999999998,0.0,True,True,True,False,-109.72436676989702,0.0,163.4141494435612,122.23151828298889,9130.666591812398,0.0,9306.587892769052
2025-06-14T16:00:00Z,2025-06-14T16:15:00Z,2025-06-14,2025-06-14_19,-9.912093586376162,55,45,45,168.3884601554402,169.10257154137093,0.009317234280066923,1.4814249999999998,0.0,True,True,True,False,-224.8806232409092,422.5457074721781,89.86138712241653,59.558823529411754,235.9440161267885,0.0,583.0293110098858
2025-06-14T16:15:00Z,2025-06-14T16:30:00Z,2025-06-14,2025-06-14_19,-9.912093586376162,55,45,45,169.10257154137093,168.29373666258593,0.012220301105355012,2.922425,0.0,True,True,True,False,-224.8806232409092,422.5457074721781,89.86138712241653,59.558823529411754,485.75384490759143,0.0,832.8391397906886
2025-06-14T16:30:00Z,2025-06-14T16:45:00Z,2025-06-14,2025-06-14_19,-9.912093586376162,55,45,45,168.29373666258593,164.59798856864415,0.01772338560451275,5.653999999999999,0.0,True,True,True,False,-224.8806232409092,422.5457074721781,89.86138712241653,59.558823529411754,990.1005695548488,0.0,1337.185864437946
2025-06-14T16:45:00Z,2025-06-14T17:00:00Z,2025-06-14,2025-06-14_19,-9.912093586376162,55,45,45,164.59798856864415,164.43777540676385,0.010984856623061551,2.3089000000000004,0.00022500000000000002,True,True,True,False,-224.8806232409092,422.5457074721781,89.86138712241653,59.558823529411754,363.04561786565984,-0.017438394276629573,710.1134743544804
2025-06-14T17:00:00Z,2025-06-14T17:15:00Z,2025-06-14,2025-06-14_20,0.5340512047405781,44,45,55,164.43777540676385,164.50909833373538,0.0012586840541646406,0.04554,0.28845,True,True,True,False,19.78259175160286,516.4447535771066,71.88910969793322,59.357611287758345,6.335055643879174,-14.059472605325913,659.7496493529543
2025-06-14T17:15:00Z,2025-06-14T17:30:00Z,2025-06-14,2025-06-14_20,0.5340512047405781,44,45,55,164.50909833373538,164.37422787078557,0.0005644109629968085,0.022439999999999998,0.037575000000000004,True,True,True,False,19.78259175160286,516.4447535771066,71.88910969793322,59.357611287758345,3.1216216216216215,-2.7462307034976154,667.849457232525
2025-06-14T17:30:00Z,2025-06-14T17:45:00Z,2025-06-14,2025-06-14_20,0.5340512047405781,44,45,55,164.37422787078557,164.2986259222831,0.0006497736460919887,0.009899999999999999,0.087075,True,True,True,False,19.78259175160286,516.4447535771066,71.88910969793322,59.357611287758345,1.3771860095389508,-6.497106662360891,662.3541456615791
2025-06-14T17:45:00Z,2025-06-14T18:00:00Z,2025-06-14,2025-06-14_20,0.5340512047405781,44,45,55,164.2986259222831,164.14307247826255,0.0006775449374068748,0.05082,0.0486,True,True,True,False,19.78259175160286,516.4447535771066,71.88910969793322,59.357611287758345,7.069554848966614,-3.701857750397456,670.8417634129702
2025-06-14T18:00:00Z,2025-06-14T18:15:00Z,2025-06-14,2025-06-14_21,100.0,0,100,0,164.14307247826255,136.98981160869732,0.07542572463768116,0.0,0.019,True,True,True,False,4934.25,0.0,0.0,131.9058028616852,0.0,-1.4725755166931638,5064.683227344992
2025-06-14T18:15:00Z,2025-06-14T18:30:00Z,2025-06-14,2025-06-14_21,100.0,0,100,0,136.98981160869732,110.02350726087124,0.07490640096618358,0.0,0.191,True,True,True,False,4934.25,0.0,0.0,131.9058028616852,0.0,-14.362387718600955,5051.7934151430845
2025-06-14T18:30:00Z,2025-06-14T18:45:00Z,2025-06-14,2025-06-14_21,100.0,0,100,0,110.02350726087124,83.03328986956689,0.07497282608695652,0.0,0.169,True,True,True,False,4934.25,0.0,0.0,131.9058028616852,0.0,-12.74374860890302,5053.412054252783
2025-06-14T18:45:00Z,2025-06-14T19:00:00Z,2025-06-14,2025-06-14_21,100.0,0,100,0,83.03328986956689,55.89252900000166,0.07539100241545894,0.0,0.0305,True,True,True,False,4934.25,0.0,0.0,131.9058028616852,0.0,-2.32929203100159,5063.826510830683
2025-06-14T19:00:00Z,2025-06-14T19:15:00Z,2025-06-14,2025-06-14_22,49.0,51,100,0,55.89252900000166,37.51750182608861,0.05104174214975846,4.655025,0.0,True,True,True,False,1968.085,0.0,83.3260135135135,131.9058028616852,1111.0033086993242,0.0,3294.320125074523
2025-06-14T19:15:00Z,2025-06-14T19:30:00Z,2025-06-14,2025-06-14_22,49.0,51,100,0,37.51750182608861,31.484751478262524,0.03580585652173913,0.035190000000000006,7.3075,True,True,True,False,1968.085,0.0,83.3260135135135,131.9058028616852,4.895270270270271,4833.912702205882,7022.124788851351
2025-06-14T19:30:00Z,2025-06-14T19:45:00Z,2025-06-14,2025-06-14_22,49.0,51,100,0,31.484751478262524,25.379050365219044,0.03571915753623188,0.0,7.1965,True,True,True,False,1968.085,0.0,83.3260135135135,131.9058028616852,0.0,2470.982345588235,4654.299161963434
2025-06-14T19:45:00Z,2025-06-14T20:00:00Z,2025-06-14,2025-06-14_22,49.0,51,100,0,25.379050365219044,21.75733391304513,0.03528243014492753,0.0,9.676,True,True,True,False,1968.085,0.0,83.3260135135135,131.9058028616852,0.0,5043.741910969793,7227.058727344992
2025-06-14T20:00:00Z,2025-06-14T20:15:00Z,2025-06-14,2025-06-14_23,0.0,100,100,0,21.75733391304513,20.63853391304513,0.011336666666666665,2.392,1.6099999999999999,True,True,True,False,0.0,0.0,163.38434022257553,132.35294117647058,353.0419920508744,-24.546420906200314,624.2328525437202
2025-06-14T20:15:00Z,2025-06-14T20:30:00Z,2025-06-14,2025-06-14_23,0.0,100,100,0,20.63853391304513,17.783099130436433,0.007931763285024153,2.627,0.0,True,True,True,False,0.0,0.0,163.38434022257553,132.35294117647058,395.85319117647055,0.0,691.5904725755166
2025-06-14T20:30:00Z,2025-06-14T20:45:00Z,2025-06-14,2025-06-14_23,0.0,100,100,0,17.783099130436433,10.14940347826252,0.021204710144927533,7.023,0.0,True,True,True,False,0.0,0.0,163.38434022257553,132.35294117647058,1440.2341883942765,0.0,1735.9714697933227
2025-06-14T20:45:00Z,2025-06-14T21:00:00Z,2025-06-14,2025-06-14_23,0.0,100,100,0,10.14940347826252,10.00000000000165,0.0006296763285024154,0.173,0.042,True,True,True,False,0.0,0.0,163.38434022257553,132.35294117647058,22.34697933227345,-2.6796534181240066,315.4046073131955
2025-06-14T21:00:00Z,2025-06-14T21:15:00Z,2025-06-15,2025-06-14_24,-23.999999999952,24,76,0,10.00000000000165,14.691337599990309,0.013031493333312707,0.90072,0.0,True,True,True,False,-679.6199999986408,0.0,39.1120826709062,100.58823529411764,155.42306656597773,0.0,-384.4966154676392
2025-06-14T21:15:00Z,2025-06-14T21:30:00Z,2025-06-15,2025-06-14_24,-23.999999999952,24,76,0,14.691337599990309,19.995836799979188,0.014734719999972046,0.24336,0.00912,True,True,True,False,-679.6199999986408,0.0,39.1120826709062,100.58823529411764,32.89030712241653,-0.7068362480127186,-507.7362111592131
2025-06-14T21:30:00Z,2025-06-14T21:45:00Z,2025-06-15,2025-06-14_24,-23.999999999952,24,76,0,19.995836799979188,25.71290079996815,0.015880733333302692,0.0024000000000000002,0.2166,True,True,True,False,-679.6199999986408,0.0,39.1120826709062,100.58823529411764,0.3100158982511924,-13.90690802861685,-553.5165741639826
2025-06-14T21:45:00Z,2025-06-14T22:00:00Z,2025-06-15,2025-06-14_24,-23.999999999952,24,76,0,25.71290079996815,31.25889999995709,0.01540555333330333,0.05952,0.08778,True,True,True,False,-679.6199999986408,0.0,39.1120826709062,100.58823529411764,7.688394276629571,-4.404054479332273,-536.6353422363196
2025-06-14T22:00:00Z,2025-06-14T22:15:00Z,2025-06-15,2025-06-15_1,-30.86846293467559,70,39,30,31.25889999995709,30.143155685716888,0.02426915602871606,8.1074,0.0,True,True,True,False,-716.4570247138205,281.6971383147854,114.0769077901431,51.61764705882352,1865.3593567567568,0.0,1596.2940252066883
2025-06-14T22:15:00Z,2025-06-14T22:30:00Z,2025-06-15,2025-06-15_1,-30.86846293467559,70,39,30,30.143155685716888,32.8819250088966,0.022135512001442117,4.3036,0.0,True,True,True,False,-716.4570247138205,281.6971383147854,114.0769077901431,51.61764705882352,750.5480110492847,0.0,481.4826794992162
2025-06-14T22:30:00Z,2025-06-14T22:45:00Z,2025-06-15,2025-06-15_1,-30.86846293467559,70,39,30,32.8819250088966,39.888806777732135,0.019789656611198636,0.0966,0.0054600000000000004,True,True,True,False,-716.4570247138205,281.6971383147854,114.0769077901431,51.61764705882352,12.478139904610494,-0.4231717011128776,-257.0103633465709
2025-06-14T22:45:00Z,2025-06-14T23:00:00Z,2025-06-15,2025-06-15_1,-30.86846293467559,70,39,30,39.888806777732135,47.044625260869275,0.01990562975054905,0.0084,0.0702,True,True,True,False,-716.4570247138205,281.6971383147854,114.0769077901431,51.61764705882352,1.0850556438791732,-4.704990381558028,-272.68526628774737
2025-06-14T23:00:00Z,2025-06-14T23:15:00Z,2025-06-15,2025-06-15_2,0.0,45,45,55,47.044625260869275,43.41954852173885,0.010081157608695651,3.336975,0.0022500000000000003,True,True,True,False,0.0,516.4447535771066,73.33515500794914,59.558823529411754,616.9855893034578,-0.17438394276629574,1266.149937475159
2025-06-14T23:15:00Z,2025-06-14T23:30:00Z,2025-06-15,2025-06-15_2,0.0,45,45,55,43.41954852173885,43.098907478260585,0.0009435695652173913,0.30375,0.01035,True,True,True,False,0.0,516.4447535771066,73.33515500794914,59.558823529411754,41.90578944753577,-0.8021661367249603,690.4423554252783
2025-06-14T23:30:00Z,2025-06-14T23:45:00Z,2025-06-15,2025-06-15_2,0.0,45,45,55,43.098907478260585,39.8913043478258,0.008936458695652174,2.955375,0.005175,True,True,True,False,0.0,516.4447535771066,73.33515500794914,59.558823529411754,550.2952886029411,-0.40108306836248014,1199.232937649046
2025-06-14T23:45:00Z,2025-06-15T00:00:00Z,2025-06-15,2025-06-15_2,0.0,45,45,55,39.8913043478258,41.34282239130406,0.0043227554347826085,0.04815,1.6346249999999998,True,True,True,False,0.0,516.4447535771066,73.33515500794914,59.558823529411754,6.563987509936406,-13.669519077901429,642.2332005465024
2025-06-15T00:00:00Z,2025-06-15T00:15:00Z,2025-06-15,2025-06-15_3,0.0,45,45,55,41.34282239130406,44.87382839130406,0.009808350000000002,0.0,3.8380500000000004,True,True,True,False,0.0,516.4447535771066,73.33515500794914,59.558823529411754,0.0,7.552537976947536,656.891270091415
2025-06-15T00:15:00Z,2025-06-15T00:30:00Z,2025-06-15,2025-06-15_3,0.0,45,45,55,44.87382839130406,47.42779439130406,0.00709435,0.0,2.7760499999999997,True,True,True,False,0.0,516.4447535771066,73.33515500794914,59.558823529411754,0.0,-47.044999960254366,602.2937321542131
2025-06-15T00:30:00Z,2025-06-15T00:45:00Z,2025-06-15,2025-06-15_3,0.0,45,45,55,47.42779439130406,49.45701539130406,0.005636725,0.0,2.2056750000000003,True,True,True,False,0.0,516.4447535771066,73.33515500794914,59.558823529411754,0.0,-43.63659729729731,605.7021348171702
2025-06-15T00:45:00Z,2025-06-15T01:00:00Z,2025-06-15,2025-06-15_3,0.0,45,45,55,49.45701539130406,51.58683839130406,0.005916175,0.0,2.315025,True,True,True,False,0.0,516.4447535771066,73.33515500794914,59.558823529411754,0.0,-75.65834783883147,573.680384275636
2025-06-15T01:00:00Z,2025-06-15T01:15:00Z,2025-06-15,2025-06-15_4,0.0,45,45,55,51.58683839130406,52.225847391304065,0.0017750250000000002,0.0,0.694575,True,True,True,False,0.0,516.4447535771066,73.33515500794914,59.558823529411754,0.0,-28.39392785174881,620.9448042627187
2025-06-15T01:15:00Z,2025-06-15T01:30:00Z,2025-06-15,2025-06-15_4,0.0,45,45,55,52.225847391304065,53.22193139130407,0.0027669,0.0,1.0827,True,True,True,False,0.0,516.4447535771066,73.33515500794914,59.558823529411754,0.0,-28.015938314785373,621.3227937996821
2025-06-15T01:30:00Z,2025-06-15T01:45:00Z,2025-06-15,2025-06-15_4,0.0,45,45,55,53.22193139130407,53.195693260869284,0.0001798336956521739,0.04185,0.020925,True,True,True,False,0.0,516.4447535771066,73.33515500794914,59.558823529411754,5.517687967011129,-1.2646858753974564,653.5917342060811
2025-06-15T01:45:00Z,2025-06-15T02:00:00Z,2025-06-15,2025-06-15_4,0.0,45,45,55,53.195693260869284,53.18898199999972,0.00011179239130434783,0.0216,0.018225,True,True,True,False,0.0,516.4447535771066,73.33515500794914,59.558823529411754,2.7990844197138314,-1.4125099364069953,650.7253065977743
2025-06-15T02:00:00Z,2025-06-15T02:15:00Z,2025-06-15,2025-06-15_5,0.0,100,100,0,53.18898199999972,53.29470721739102,0.0004627632850241546,0.028000000000000004,0.148,True,True,True,False,0.0,0.0,162.96701112877585,131.9058028616852,3.616852146263912,-9.627970588235293,288.86169554848965
2025-06-15T02:15:00Z,2025-06-15T02:30:00Z,2025-06-15,2025-06-15_5,0.0,100,100,0,53.29470721739102,53.123724608695376,0.0005516183574879228,0.17,0.015,True,True,True,False,0.0,0.0,162.96701112877585,131.9058028616852,21.959459459459463,-1.1625596184419713,315.66971383147853
2025-06-15T02:30:00Z,2025-06-15T02:45:00Z,2025-06-15,2025-06-15_5,0.0,100,100,0,53.123724608695376,53.15444634782581,0.0006046618357487923,0.086,0.135,True,True,True,False,0.0,0.0,162.96701112877585,131.9058028616852,11.108903020667727,-9.033195548489667,296.9485214626391
2025-06-15T02:45:00Z,2025-06-15T03:00:00Z,2025-06-15,2025-06-15_5,0.0,100,100,0,53.15444634782581,62.78592634782581,0.02675411111111111,0.0,10.469,True,True,True,False,0.0,0.0,162.96701112877585,131.9058028616852,0.0,5269.957704093799,5564.83051808426
2025-06-15T03:00:00Z,2025-06-15T03:15:00Z,2025-06-15,2025-06-15_6,21.063052239999987,0,0,55,62.78592634782581,57.062270847825815,0.015899043055555544,0.0,0.0,True,False,True,False,478.7631774151997,516.4447535771066,0.0,0.0,0.0,0.0,995.2079309923063
2025-06-15T03:15:00Z,2025-06-15T03:30:00Z,2025-06-15,2025-06-15_6,21.063052239999987,0,0,55,57.062270847825815,51.33861534782582,0.015899043055555544,0.0,0.0,True,False,True,False,478.7631774151997,516.4447535771066,0.0,0.0,0.0,0.0,995.2079309923063
2025-06-15T03:30:00Z,2025-06-15T03:45:00Z,2025-06-15,2025-06-15_6,21.063052239999987,0,0,55,51.33861534782582,45.61495984782583,0.015899043055555544,0.0,0.0,True,False,True,False,478.7631774151997,516.4447535771066,0.0,0.0,0.0,0.0,995.2079309923063
2025-06-15T03:45:00Z,2025-06-15T04:00:00Z,2025-06-15,2025-06-15_6,21.063052239999987,0,0,55,45.61495984782583,39.89130434782584,0.015899043055555544,0.0,0.0,True,False,True,False,478.7631774151997,516.4447535771066,0.0,0.0,0.0,0.0,995.2079309923063
2025-06-15T04:00:00Z,2025-06-15T04:15:00Z,2025-06-15,2025-06-15_7,11.733301237470831,50,62,38,39.89130434782584,38.59913356280901,0.011846729749321588,0.0,1.99268,True,True,True,False,236.98335174381714,356.81637519872817,81.48350556438793,81.78159777424483,0.0,586.2043214308426,1343.2691517120206
2025-06-15T04:15:00Z,2025-06-15T04:30:00Z,2025-06-15,2025-06-15_7,11.733301237470831,50,62,38,38.59913356280901,35.437844150441876,0.008927803127859102,0.006,0.035339999999999996,True,True,True,False,236.98335174381714,356.81637519872817,81.48350556438793,81.78159777424483,0.775039745627981,-2.7389904610492843,755.1008795657567
2025-06-15T04:30:00Z,2025-06-15T04:45:00Z,2025-06-15,2025-06-15_7,11.733301237470831,50,62,38,35.437844150441876,32.601838390231904,0.009525927127009334,0.024,0.39773,True,True,True,False,236.98335174381714,356.81637519872817,81.48350556438793,81.78159777424483,3.100158982511924,-15.280277581478536,744.8847116822114
2025-06-15T04:45:00Z,2025-06-15T05:00:00Z,2025-06-15,2025-06-15_7,11.733301237470831,50,62,38,32.601838390231904,30.749403478260607,0.01148512102552124,0.11025,1.52985,True,True,True,False,236.98335174381714,356.81637519872817,81.48350556438793,81.78159777424483,15.265286864069953,-57.87831158585055,714.4518055593975
2025-06-15T05:00:00Z,2025-06-15T05:15:00Z,2025-06-15,2025-06-15_8,0.0,100,100,0,30.749403478260607,14.169512173912782,0.0460552536231884,15.2535,0.0,True,True,True,False,0.0,0.0,162.96701112877585,132.35294117647058,9695.681752881559,0.0,9991.001705186805
2025-06-15T05:15:00Z,2025-06-15T05:30:00Z,2025-06-15,2025-06-15_8,0.0,100,100,0,14.169512173912782,10.769097391304088,0.010306818840579707,3.2709999999999995,0.1685,True,True,True,False,0.0,0.0,162.96701112877585,132.35294117647058,473.98233088235287,-10.257337042925279,759.044946144674
2025-06-15T05:30:00Z,2025-06-15T05:45:00Z,2025-06-15,2025-06-15_8,0.0,100,100,0,10.769097391304088,17.19667739130409,0.017854388888888892,0.0,6.986500000000001,True,True,True,False,0.0,0.0,162.96701112877585,132.35294117647058,0.0,-29.285819654213043,266.03413265103336
2025-06-15T05:45:00Z,2025-06-15T06:00:00Z,2025-06-15,2025-06-15_8,0.0,100,100,0,17.19667739130409,23.47797739130409,0.017448055555555557,0.0,6.827500000000001,True,True,True,False,0.0,0.0,162.96701112877585,132.35294117647058,0.0,-20.11887321144674,275.2010790937997
2025-06-15T06:00:00Z,2025-06-15T06:15:00Z,2025-06-15,2025-06-15_9,0.0,100,100,0,23.47797739130409,10.008831304347568,0.03743473913043478,12.395,0.004,True,True,True,False,0.0,0.0,162.96701112877585,132.35294117647058,7737.795514705882,-0.31001589825119236,8032.805451112878
2025-06-15T06:15:00Z,2025-06-15T06:30:00Z,2025-06-15,2025-06-15_9,0.0,100,100,0,10.008831304347568,11.086127826086699,0.003342731884057971,0.058,1.2395,True,True,True,False,0.0,0.0,162.96701112877585,132.35294117647058,5.732225755166932,-22.578753676470587,278.47342438394276
2025-06-15T06:30:00Z,2025-06-15T06:45:00Z,2025-06-15,2025-06-15_9,0.0,100,100,0,11.086127826086699,18.7603078260867,0.02131716666666667,0.0,8.3415,True,True,True,False,0.0,0.0,162.96701112877585,132.35294117647058,0.0,-30.501510333863273,264.81844197138315
2025-06-15T06:45:00Z,2025-06-15T07:00:00Z,2025-06-15,2025-06-15_9,0.0,100,100,0,18.7603078260867,38.8043478260867,0.05567788888888889,0.0,21.787,True,True,True,False,0.0,0.0,162.96701112877585,132.35294117647058,0.0,14654.550150039746,14949.870102344992
2025-06-15T07:00:00Z,2025-06-15T07:15:00Z,2025-06-15,2025-06-15_10,0.0,47,47,53,38.8043478260867,40.0853328260867,0.0035582916666666666,0.0,1.392375,True,True,True,False,0.0,497.6649443561208,76.59449523052464,62.20588235294117,0.0,-24.092902151232114,612.3724197883545
2025-06-15T07:15:00Z,2025-06-15T07:30:00Z,2025-06-15,2025-06-15_10,0.0,47,47,53,40.0853328260867,40.968942226086696,0.0024544705555555554,0.0,0.9604449999999999,True,True,True,False,0.0,497.6649443561208,76.59449523052464,62.20588235294117,0.0,81.42195391593799,717.8872758555246
2025-06-15T07:30:00Z,2025-06-15T07:45:00Z,2025-06-15,2025-06-15_10,0.0,47,47,53,40.968942226086696,42.409915226086696,0.004002702777777778,0.0,1.566275,True,True,True,False,0.0,497.6649443561208,76.59449523052464,62.20588235294117,0.0,108.41411915739269,744.8794410969793
2025-06-15T07:45:00Z,2025-06-15T08:00:00Z,2025-06-15,2025-06-15_10,0.0,47,47,53,42.409915226086696,42.51148222608669,0.0005106027777777777,0.037835,0.1551,True,True,True,False,0.0,497.6649443561208,76.59449523052464,62.20588235294117,3.383871571939587,-6.650806359300478,633.1983871522258
2025-06-15T08:00:00Z,2025-06-15T08:15:00Z,2025-06-15,2025-06-15_11,0.0,45,45,55,42.51148222608669,42.70294587826061,0.0006745065217391304,0.023625,0.23602499999999998,True,True,True,False,0.0,516.4447535771066,73.33515500794914,59.558823529411754,2.11272853736089,-11.487409921502385,639.964050730326
2025-06-15T08:15:00Z,2025-06-15T08:30:00Z,2025-06-15,2025-06-15_11,0.0,45,45,55,42.70294587826061,42.74586805217365,0.00043852173913043474,0.05287499999999999,0.109125,True,True,True,False,0.0,516.4447535771066,73.33515500794914,59.558823529411754,4.728487678855325,-4.952067343998411,649.1151524493243
2025-06-15T08:30:00Z,2025-06-15T08:45:00Z,2025-06-15,2025-06-15_11,0.0,45,45,55,42.74586805217365,43.399367052173645,0.001815275,0.0,0.710325,True,True,True,False,0.0,516.4447535771066,73.33515500794914,59.558823529411754,0.0,-28.81488697833863,620.5238451361288
2025-06-15T08:45:00Z,2025-06-15T09:00:00Z,2025-06-15,2025-06-15_11,0.0,45,45,55,43.399367052173645,43.515233443477996,0.0003761989130434783,0.009000000000000001,0.136575,True,True,True,False,0.0,516.4447535771066,73.33515500794914,59.558823529411754,0.8048489666136726,-7.905336635532592,642.2382444455485
2025-06-15T09:00:00Z,2025-06-15T09:15:00Z,2025-06-15,2025-06-15_12,-45.0,0,0,55,43.515233443477996,53.865233443478,0.028749999999999998,0.0,0.0,True,False,True,False,0.225,516.4447535771066,0.0,0.0,0.0,0.0,516.6697535771066
2025-06-15T09:15:00Z,2025-06-15T09:30:00Z,2025-06-15,2025-06-15_12,-45.0,0,0,55,53.865233443478,64.215233443478,0.028749999999999998,0.0,0.0,True,False,True,False,0.225,516.4447535771066,0.0,0.0,0.0,0.0,516.6697535771066
2025-06-15T09:30:00Z,2025-06-15T09:45:00Z,2025-06-15,2025-06-15_12,-45.0,0,0,55,64.215233443478,74.565233443478,0.028749999999999998,0.0,0.0,True,False,True,False,0.225,516.4447535771066,0.0,0.0,0.0,0.0,516.6697535771066
2025-06-15T09:45:00Z,2025-06-15T10:00:00Z,2025-06-15,2025-06-15_12,-45.0,0,0,55,74.565233443478,84.91523344347799,0.028749999999999998,0.0,0.0,True,False,True,False,0.225,516.4447535771066,0.0,0.0,0.0,0.0,516.6697535771066
2025-06-15T10:00:00Z,2025-06-15T10:15:00Z,2025-06-15,2025-06-15_13,0.0,45,45,55,84.91523344347799,86.05497622608668,0.0031808978260869565,0.0024749999999999998,1.241775,True,True,True,False,0.0,516.4447535771066,73.33515500794914,71.6852146263911,0.2213334658187599,-20.5722041136725,641.114252563593
2025-06-15T10:15:00Z,2025-06-15T10:30:00Z,2025-06-15,2025-06-15_13,0.0,45,45,55,86.05497622608668,86.85380839999972,0.0022257717391304353,0.0011250000000000001,0.8696250000000001,True,True,True,False,0.0,516.4447535771066,73.33515500794914,71.6852146263911,0.10060612082670907,-14.008531970389509,647.557197361884
2025-06-15T10:30:00Z,2025-06-15T10:45:00Z,2025-06-15,2025-06-15_13,0.0,45,45,55,86.85380839999972,87.78965539999972,0.0025995750000000002,0.0,1.017225,True,True,True,False,0.0,516.4447535771066,73.33515500794914,71.6852146263911,0.0,-17.7971923241256,643.6679308873212
2025-06-15T10:45:00Z,2025-06-15T11:00:00Z,2025-06-15,2025-06-15_13,0.0,45,45,55,87.78965539999972,87.80964400869537,0.00012617608695652174,0.011699999999999999,0.03555,True,True,True,False,0.0,516.4447535771066,73.33515500794914,71.6852146263911,1.0463036565977741,-2.755266295707472,659.7561605723371
2025-06-15T11:00:00Z,2025-06-15T11:15:00Z,2025-06-15,2025-06-15_14,-45.0,45,0,55,87.80964400869537,98.15819500869537,0.028745974999999997,0.0015750000000000002,0.0,True,True,True,False,61.425,516.4447535771066,73.33515500794914,0.0,0.1408485691573927,0.0,651.3457571542131
2025-06-15T11:15:00Z,2025-06-15T11:30:00Z,2025-06-15,2025-06-15_14,-45.0,45,0,55,98.15819500869537,108.50819500869537,0.02875,0.0,0.0,True,True,True,False,61.425,516.4447535771066,73.33515500794914,0.0,0.0,0.0,651.2049085850557
2025-06-15T11:30:00Z,2025-06-15T11:45:00Z,2025-06-15,2025-06-15_14,-45.0,45,0,55,108.50819500869537,118.85819500869538,0.028750000000000005,0.0,0.0,True,True,True,False,61.425,516.4447535771066,73.33515500794914,0.0,0.0,0.0,651.2049085850557
2025-06-15T11:45:00Z,2025-06-15T12:00:00Z,2025-06-15,2025-06-15_14,-45.0,45,0,55,118.85819500869538,129.18232000869537,0.028678125000000002,0.028125,0.0,True,True,True,False,61.425,516.4447535771066,73.33515500794914,0.0,2.5151530206677264,0.0,653.7200616057235
2025-06-15T12:00:00Z,2025-06-15T12:15:00Z,2025-06-15,2025-06-15_15,0.0,45,45,55,129.18232000869537,129.18468387826059,0.00022803369565217393,0.036675000000000006,0.045899999999999996,True,True,True,False,0.0,516.4447535771066,73.33515500794914,71.09499205087441,3.279759538950716,-3.5306057432432434,660.6240544316375
2025-06-15T12:15:00Z,2025-06-15T12:30:00Z,2025-06-15,2025-06-15_15,0.0,45,45,55,129.18468387826059,129.73683035652147,0.001575859782608696,0.006975,0.6084,True,True,True,False,0.0,516.4447535771066,73.33515500794914,71.09499205087441,0.6237579491255961,-25.547721939586644,635.950936645469
2025-06-15T12:30:00Z,2025-06-15T12:45:00Z,2025-06-15,2025-06-15_15,0.0,45,45,55,129.73683035652147,129.67692048695625,0.0003308663043478261,0.08235,0.032174999999999995,True,True,True,False,0.0,516.4447535771066,73.33515500794914,71.09499205087441,7.364368044515103,-2.4936903815580282,665.7455782988872
2025-06-15T12:45:00Z,2025-06-15T13:00:00Z,2025-06-15,2025-06-15_15,0.0,45,45,55,129.67692048695625,128.82999113913016,0.0023525815217391305,0.7791750000000001,0.0,True,True,True,False,0.0,516.4447535771066,73.33515500794914,71.09499205087441,69.67979928457869,0.0,730.5546999205088
2025-06-15T13:00:00Z,2025-06-15T13:15:00Z,2025-06-15,2025-06-15_16,0.0,100,100,0,128.82999113913016,133.67436592173885,0.014051403381642512,0.0985,5.382,True,True,True,False,0.0,0.0,162.96701112877585,157.98887122416534,8.80862480127186,-18.211310413354532,311.55319674085854
2025-06-15T13:15:00Z,2025-06-15T13:30:00Z,2025-06-15,2025-06-15_16,0.0,100,100,0,133.67436592173885,134.54665200869536,0.0024350942028985505,0.002,0.9504999999999999,True,True,True,False,0.0,0.0,162.96701112877585,157.98887122416534,0.17885532591414943,-40.85752205882353,280.2772156200318
2025-06-15T13:30:00Z,2025-06-15T13:45:00Z,2025-06-15,2025-06-15_16,0.0,100,100,0,134.54665200869536,143.50975200869536,0.024897500000000003,0.0,9.7425,True,True,True,False,0.0,0.0,162.96701112877585,157.98887122416534,0.0,5394.95390550477,5715.909787857711
2025-06-15T13:45:00Z,2025-06-15T14:00:00Z,2025-06-15,2025-06-15_16,0.0,100,100,0,143.50975200869536,152.51149200869537,0.025004833333333334,0.0,9.7845,True,True,True,False,0.0,0.0,162.96701112877585,157.98887122416534,0.0,5895.705697535771,6216.661579888712
2025-06-15T14:00:00Z,2025-06-15T14:15:00Z,2025-06-15,2025-06-15_17,-22.248378251417808,0,0,37,152.51149200869537,157.62861900652146,0.014214241660628044,0.0,0.0,True,False,True,False,-0.05562094562854452,347.4264705882353,0.0,0.0,0.0,0.0,347.37084964260674
2025-06-15T14:15:00Z,2025-06-15T14:30:00Z,2025-06-15,2025-06-15_17,-22.248378251417808,0,0,37,157.62861900652146,162.74574600434755,0.014214241660628044,0.0,0.0,True,False,True,False,-0.05562094562854452,347.4264705882353,0.0,0.0,0.0,0.0,347.37084964260674
2025-06-15T14:30:00Z,2025-06-15T14:45:00Z,2025-06-15,2025-06-15_17,-22.248378251417808,0,0,37,162.74574600434755,167.86287300217364,0.014214241660628044,0.0,0.0,True,False,True,False,-0.05562094562854452,347.4264705882353,0.0,0.0,0.0,0.0,347.37084964260674
2025-06-15T14:45:00Z,2025-06-15T15:00:00Z,2025-06-15,2025-06-15_17,-22.248378251417808,0,0,37,167.86287300217364,172.97999999999973,0.014214241660628044,0.0,0.0,True,False,True,False,-0.05562094562854452,347.4264705882353,0.0,0.0,0.0,0.0,347.37084964260674
2025-06-15T15:00:00Z,2025-06-15T15:15:00Z,2025-06-15,2025-06-15_18,0.0,100,100,0,172.97999999999973,185.31397999999973,0.03426105555555556,0.0,13.4065,True,True,True,False,0.0,0.0,162.96701112877585,132.35294117647058,0.0,6313.64091136725,6608.960863672496
2025-06-15T15:15:00Z,2025-06-15T15:30:00Z,2025-06-15,2025-06-15_18,0.0,100,100,0,185.31397999999973,189.63255652173885,0.013040731884057974,0.173,4.8985,True,True,True,False,0.0,0.0,162.96701112877585,132.35294117647058,21.41308187599364,-27.6309666136725,289.1020675675676
2025-06-15T15:30:00Z,2025-06-15T15:45:00Z,2025-06-15,2025-06-15_18,0.0,100,100,0,189.63255652173885,189.32866869565188,0.0008466884057971015,0.28,0.0005,True,True,True,False,0.0,0.0,162.96701112877585,132.35294117647058,29.671096979332273,-0.038751987281399045,324.9522972972973
2025-06-15T15:45:00Z,2025-06-15T16:00:00Z,2025-06-15,2025-06-15_18,0.0,100,100,0,189.32866869565188,185.16834260869535,0.011556461352657007,3.8275000000000006,0.0,True,True,True,False,0.0,0.0,162.96701112877585,132.35294117647058,549.5824493243244,0.0,844.9024016295709
2025-06-15T16:00:00Z,2025-06-15T16:15:00Z,2025-06-15,2025-06-15_19,-9.999999999999943,100,90,0,185.16834260869535,189.7409527826084,0.014239738405797068,0.283,2.79945,True,True,True,False,-265.3999999999985,0.0,163.38434022257553,119.11764705882351,35.76125675675676,-19.409779620429255,33.45346441772804
2025-06-15T16:15:00Z,2025-06-15T16:30:00Z,2025-06-15,2025-06-15_19,-9.999999999999943,100,90,0,189.7409527826084,188.5889988695649,0.015069149758454081,3.3615,0.15839999999999999,True,True,True,False,-265.3999999999985,0.0,163.38434022257553,119.11764705882351,612.0020917130365,-9.343396502384735,619.7606824920523
2025-06-15T16:30:00Z,2025-06-15T16:45:00Z,2025-06-15,2025-06-15_19,-9.999999999999943,100,90,0,188.5889988695649,175.09944026086924,0.04270835169082127,14.753,0.0,True,True,True,False,-265.3999999999985,0.0,163.38434022257553,119.11764705882351,7187.355516295707,0.0,7204.457503577108
2025-06-15T16:45:00Z,2025-06-15T17:00:00Z,2025-06-15,2025-06-15_19,-9.999999999999943,100,90,0,175.09944026086924,160.72531104347792,0.04474305893719808,15.5795,0.0,True,True,True,False,-265.3999999999985,0.0,163.38434022257553,119.11764705882351,5588.179646462639,0.0,5605.281633744039
2025-06-15T17:00:00Z,2025-06-15T17:15:00Z,2025-06-15,2025-06-15_20,0.0,100,100,0,160.72531104347792,166.39085713043443,0.019291371980676326,0.5885,6.8534999999999995,True,True,True,False,0.0,0.0,163.38434022257553,131.9058028616852,112.04714874801273,2055.119765401431,2462.4570572337043
2025-06-15T17:15:00Z,2025-06-15T17:30:00Z,2025-06-15,2025-06-15_20,0.0,100,100,0,166.39085713043443,166.50732843478227,0.00286580193236715,0.42100000000000004,0.624,True,True,True,False,0.0,0.0,163.38434022257553,131.9058028616852,72.17430902225756,-38.29601589825119,329.1684362082671
2025-06-15T17:30:00Z,2025-06-15T17:45:00Z,2025-06-15,2025-06-15_20,0.0,100,100,0,166.50732843478227,162.27254582608663,0.01176328502415459,3.8960000000000004,0.0,True,True,True,False,0.0,0.0,163.38434022257553,131.9058028616852,724.6645166931638,0.0,1019.9546597774246
2025-06-15T17:45:00Z,2025-06-15T18:00:00Z,2025-06-15,2025-06-15_20,0.0,100,100,0,162.27254582608663,162.2937336521736,0.000590256038647343,0.088,0.127,True,True,True,False,0.0,0.0,163.38434022257553,131.9058028616852,12.241653418124006,-9.405016295707473,298.12678020667727
2025-06-15T18:00:00Z,2025-06-15T18:15:00Z,2025-06-15,2025-06-15_21,100.0,0,100,0,162.2937336521736,143.78938582608663,0.05140096618357488,0.0,7.976,True,True,True,False,4008.0,0.0,0.0,131.9058028616852,0.0,2099.7263815580286,6239.632184419714
2025-06-15T18:15:00Z,2025-06-15T18:30:00Z,2025-06-15,2025-06-15_21,100.0,0,100,0,143.78938582608663,118.36764669565184,0.07061594202898551,0.0,1.6120000000000003,True,True,True,False,4008.0,0.0,0.0,131.9058028616852,0.0,-103.29806200317967,4036.6077408585056
2025-06-15T18:30:00Z,2025-06-15T18:45:00Z,2025-06-15,2025-06-15_21,100.0,0,100,0,118.36764669565184,97.54862495652141,0.057830615942028984,0.0,5.8465,True,True,True,False,4008.0,0.0,0.0,131.9058028616852,0.0,-249.6915598171701,3890.214243044515
2025-06-15T18:45:00Z,2025-06-15T19:00:00Z,2025-06-15,2025-06-15_21,100.0,0,100,0,97.54862495652141,80.61438582608662,0.04703955314009662,0.0,9.4205,True,True,True,False,4008.0,0.0,0.0,131.9058028616852,0.0,-334.4127730524642,3805.493029809221
2025-06-15T19:00:00Z,2025-06-15T19:15:00Z,2025-06-15,2025-06-15_22,45.0,0,45,55,80.61438582608662,71.15069017391271,0.02628804347826087,0.0,2.5434,True,True,True,False,1638.1125000000002,516.4447535771066,0.0,59.357611287758345,0.0,-134.6167234101749,2079.2981414546903
2025-06-15T19:15:00Z,2025-06-15T19:30:00Z,2025-06-15,2025-06-15_22,45.0,0,45,55,71.15069017391271,61.76916843478227,0.02605978260869565,0.0,2.619,True,True,True,False,1638.1125000000002,516.4447535771066,0.0,59.357611287758345,0.0,-125.04944296502387,2088.8654218998413
2025-06-15T19:30:00Z,2025-06-15T19:45:00Z,2025-06-15,2025-06-15_22,45.0,0,45,55,61.76916843478227,51.67082604347792,0.028050951086956523,0.0,1.959525,True,True,True,False,1638.1125000000002,516.4447535771066,0.0,59.357611287758345,0.0,-104.18271054252783,2109.7321543223375
2025-06-15T19:45:00Z,2025-06-15T20:00:00Z,2025-06-15,2025-06-15_22,45.0,0,45,55,51.67082604347792,42.08876082608662,0.026616847826086955,0.0,2.4345,True,True,True,False,1638.1125000000002,516.4447535771066,0.0,59.357611287758345,0.0,-92.91352464228933,2121.001340222576
2025-06-15T20:00:00Z,2025-06-15T20:15:00Z,2025-06-15,2025-06-15_23,41.96108303809241,58,100,0,42.08876082608662,31.673874232026336,0.031889257988830924,0.0,0.9975000000000002,True,True,True,False,1416.1865525356188,0.0,94.7629173290938,132.35294117647058,0.0,-56.51832621224166,1586.7840848289416
2025-06-15T20:15:00Z,2025-06-15T20:30:00Z,2025-06-15,2025-06-15_23,41.96108303809241,58,100,0,31.673874232026336,22.966247334296146,0.03227731673984564,0.00464,2.727,True,True,True,False,1416.1865525356188,0.0,94.7629173290938,132.35294117647058,0.5993640699523053,-140.99272833863273,1502.9090467725027
2025-06-15T20:30:00Z,2025-06-15T20:45:00Z,2025-06-15,2025-06-15_23,41.96108303809241,58,100,0,22.966247334296146,13.627552443491359,0.03212434984193155,0.0,2.0845,True,True,True,False,1416.1865525356188,0.0,94.7629173290938,132.35294117647058,0.0,-115.66282382750397,1527.6395872136793
2025-06-15T20:45:00Z,2025-06-15T21:00:00Z,2025-06-15,2025-06-15_23,41.96108303809241,58,100,0,13.627552443491359,9.999999999999662,0.03337193710468313,0.0,7.853000000000001,True,True,True,False,1416.1865525356188,0.0,94.7629173290938,132.35294117647058,0.0,-261.4306148648649,1381.8717961763184
2025-06-15T21:00:00Z,2025-06-15T21:15:00Z,2025-06-16,2025-06-15_24,-10.729646819114325,100,89,0,9.999999999999662,13.445055600216886,0.009666631882080208,0.018,1.08313,True,True,True,False,-305.12433141856366,0.0,162.96701112877585,117.79411764705881,2.3251192368839426,-59.364004787360884,-81.40208819320594
2025-06-15T21:15:00Z,2025-06-15T21:30:00Z,2025-06-16,2025-06-15_24,-10.729646819114325,100,89,0,13.445055600216886,16.027727788832294,0.0077778502555898585,0.11200000000000002,0.254985,True,True,True,False,-305.12433141856366,0.0,162.96701112877585,117.79411764705881,14.467408585055647,-13.385901736883943,-23.281695794557287
2025-06-15T21:30:00Z,2025-06-15T21:45:00Z,2025-06-16,2025-06-15_24,-10.729646819114325,100,89,0,16.027727788832294,20.818618301168897,0.013340373531797654,0.006,2.5320500000000004,True,True,True,False,-305.12433141856366,0.0,162.96701112877585,117.79411764705881,0.775039745627981,-124.19675058624803,-147.78491348334904
2025-06-15T21:45:00Z,2025-06-15T22:00:00Z,2025-06-16,2025-06-15_24,-10.729646819114325,100,89,0,20.818618301168897,28.353580869565192,0.0209304515788786,0.0,5.507765,True,True,True,False,-305.12433141856366,0.0,162.96701112877585,117.79411764705881,0.0,-224.61545686506358,-248.97865950779257
2025-06-15T22:00:00Z,2025-06-15T22:15:00Z,2025-06-16,2025-06-16_1,0.0,100,100,0,28.353580869565192,16.67771739130432,0.03270895410628019,10.7875,0.054,True,True,True,False,0.0,0.0,162.96701112877585,132.35294117647058,2063.398785274245,-3.713637519872814,2355.0051000596186
2025-06-15T22:15:00Z,2025-06-15T22:30:00Z,2025-06-16,2025-06-16_1,0.0,100,100,0,16.67771739130432,9.999999999999972,0.018549214975845413,6.1435,0.0,True,True,True,False,0.0,0.0,162.96701112877585,132.35294117647058,1128.2100672694753,0.0,1423.5300195747218
2025-06-15T22:30:00Z,2025-06-15T22:45:00Z,2025-06-16,2025-06-16_1,0.0,100,100,0,9.999999999999972,12.504209565217364,0.007173528985507246,0.036,2.7645,True,True,True,False,0.0,0.0,162.96701112877585,132.35294117647058,4.650238473767885,-110.30585741255962,189.66433336645468
2025-06-15T22:45:00Z,2025-06-15T23:00:00Z,2025-06-16,2025-06-16_1,0.0,100,100,0,12.504209565217364,19.850869565217366,0.020407388888888888,0.0,7.985499999999999,True,True,True,False,0.0,0.0,162.96701112877585,132.35294117647058,0.0,-275.74096542130366,19.578986883942775
2025-06-15T23:00:00Z,2025-06-15T23:15:00Z,2025-06-16,2025-06-16_2,0.0,82,82,18,19.850869565217366,20.622243565217367,0.002142705555555556,0.0,0.83845,True,True,True,False,0.0,169.01828298887122,133.63294912559618,108.52941176470586,0.0,-39.16004718799682,372.0205966911764
2025-06-15T23:15:00Z,2025-06-15T23:30:00Z,2025-06-16,2025-06-16_2,0.0,82,82,18,20.622243565217367,23.619851965217368,0.008326690000000001,0.0,3.25827,True,True,True,False,0.0,169.01828298887122,133.63294912559618,108.52941176470586,0.0,-108.05904822734497,303.1215956518283
2025-06-15T23:30:00Z,2025-06-15T23:45:00Z,2025-06-16,2025-06-16_2,0.0,82,82,18,23.619851965217368,35.57671476521737,0.033213507777777776,0.0,12.99659,True,True,True,False,0.0,169.01828298887122,133.63294912559618,108.52941176470586,0.0,-57.78471940977742,353.3959244693958
2025-06-15T23:45:00Z,2025-06-16T00:00:00Z,2025-06-16,2025-06-16_2,0.0,82,82,18,35.57671476521737,46.36878396521737,0.02997797,0.0,11.73051,True,True,True,False,0.0,169.01828298887122,133.63294912559618,108.52941176470586,0.0,-91.2634610472973,319.91718283187595
2025-06-16T00:00:00Z,2025-06-16T00:15:00Z,2025-06-16,2025-06-16_3,0.0,100,100,0,46.36878396521737,60.60716396521737,0.039551055555555555,0.0,15.476499999999998,True,True,True,False,0.0,0.0,162.96701112877585,132.35294117647058,0.0,-15.255055643879171,280.06489666136724
2025-06-16T00:15:00Z,2025-06-16T00:30:00Z,2025-06-16,2025-06-16_3,0.0,100,100,0,60.60716396521737,77.90868396521736,0.04805977777777778,0.0,18.806,True,True,True,False,0.0,0.0,162.96701112877585,132.35294117647058,0.0,78.50159578696343,373.82154809220987
2025-06-16T00:30:00Z,2025-06-16T00:45:00Z,2025-06-16,2025-06-16_3,0.0,100,100,0,77.90868396521736,94.08550396521737,0.04493561111111112,0.0,17.5835,True,True,True,False,0.0,0.0,162.96701112877585,132.35294117647058,0.0,-4.539142786168521,290.78080951907793
2025-06-16T00:45:00Z,2025-06-16T01:00:00Z,2025-06-16,2025-06-16_3,0.0,100,100,0,94.08550396521737,105.82056396521737,0.03259738888888889,0.0,12.7555,True,True,True,False,0.0,0.0,162.96701112877585,132.35294117647058,0.0,-140.81747535771066,154.50247694753577
2025-06-16T01:00:00Z,2025-06-16T01:15:00Z,2025-06-16,2025-06-16_4,0.0,19,19,81,105.82056396521737,106.97642896521738,0.0032107361111111117,0.0,1.256375,True,True,True,False,0.0,760.5822734499205,30.963732114467412,25.14705882352941,0.0,-14.37965130663752,802.3134130812798
2025-06-16T01:15:00Z,2025-06-16T01:30:00Z,2025-06-16,2025-06-16_4,0.0,19,19,81,106.97642896521738,107.77648856521738,0.002222387777777778,0.0,0.86963,True,True,True,False,0.0,760.5822734499205,30.963732114467412,25.14705882352941,0.0,-5.9059490500794904,810.7871153378379
2025-06-16T01:30:00Z,2025-06-16T01:45:00Z,2025-06-16,2025-06-16_4,0.0,19,19,81,107.77648856521738,109.57684116521737,0.005000979444444445,0.0,1.9569050000000001,True,True,True,False,0.0,760.5822734499205,30.963732114467412,25.14705882352941,0.0,-23.613916634538953,793.0791477533784
2025-06-16T01:45:00Z,2025-06-16T02:00:00Z,2025-06-16,2025-06-16_4,0.0,19,19,81,109.57684116521737,109.82566896521737,0.0006911883333333334,0.0,0.270465,True,True,True,False,0.0,760.5822734499205,30.963732114467412,25.14705882352941,0.0,-11.710349764507155,804.9827146234102
2025-06-16T02:00:00Z,2025-06-16T02:15:00Z,2025-06-16,2025-06-16_5,0.0,19,19,81,109.82566896521737,109.85730776521737,8.788555555555556e-05,0.0,0.03439,True,True,True,False,0.0,760.5822734499205,30.986387122416538,25.14705882352941,0.0,-2.0650812281399045,814.6506381677266
2025-06-16T02:15:00Z,2025-06-16T02:30:00Z,2025-06-16,2025-06-16_5,0.0,19,19,81,109.85730776521737,109.86749539999998,5.812990338164251e-05,0.00494,0.016909999999999998,True,True,True,False,0.0,760.5822734499205,30.986387122416538,25.14705882352941,0.6381160572337043,-1.0994860492845786,816.2543494038156
2025-06-16T02:30:00Z,2025-06-16T02:45:00Z,2025-06-16,2025-06-16_5,0.0,19,19,81,109.86749539999998,109.85362804347824,6.474043478260869e-05,0.0171,0.00513,True,True,True,False,0.0,760.5822734499205,30.986387122416538,25.14705882352941,2.2088632750397457,-0.39759538950715423,818.5269872813991
2025-06-16T02:45:00Z,2025-06-16T03:00:00Z,2025-06-16,2025-06-16_5,0.0,19,19,81,109.85362804347824,109.8613218869565,7.185487922705314e-05,0.00836,0.01824,True,True,True,False,0.0,760.5822734499205,30.986387122416538,25.14705882352941,1.0798887122416534,-0.9784716057233704,816.8171365023848
2025-06-16T03:00:00Z,2025-06-16T03:15:00Z,2025-06-16,2025-06-16_6,5.592955947927789,13,19,81,109.8613218869565,108.40383883211491,0.004308958630149101,0.00702,0.0722,True,True,True,False,143.54321440356668,760.5822734499205,21.20121224165342,25.14705882352941,0.9067965023847377,-3.6375484896661368,947.7430069313887
2025-06-16T03:15:00Z,2025-06-16T03:30:00Z,2025-06-16,2025-06-16_6,5.592955947927789,13,19,81,108.40383883211491,107.20119121488322,0.004521029087272416,0.0,0.32727500000000004,True,True,True,False,143.54321440356668,760.5822734499205,21.20121224165342,25.14705882352941,0.0,-17.411784449523054,933.061974469147
2025-06-16T03:30:00Z,2025-06-16T03:45:00Z,2025-06-16,2025-06-16_6,5.592955947927789,13,19,81,107.20119121488322,105.70168176904302,0.004367109822637709,0.0312,0.05595499999999999,True,True,True,False,143.54321440356668,760.5822734499205,21.20121224165342,25.14705882352941,4.030206677265501,-3.273200702503974,951.2307648934316
2025-06-16T03:45:00Z,2025-06-16T04:00:00Z,2025-06-16,2025-06-16_6,5.592955947927789,13,19,81,105.70168176904302,104.02601531304346,0.004659425786870741,0.14456000000000002,0.0013300000000000002,True,True,True,False,143.54321440356668,760.5822734499205,21.20121224165342,25.14705882352941,19.161554403815583,-0.10308028616852148,969.532233036317
2025-06-16T04:00:00Z,2025-06-16T04:15:00Z,2025-06-16,2025-06-16_7,19.0,0,19,81,104.02601531304346,99.03087400869563,0.013875392512077296,0.0,0.15447,True,True,True,False,522.8325,760.5822734499205,0.0,25.14705882352941,0.0,-9.080699451510334,1299.4811328219396
2025-06-16T04:15:00Z,2025-06-16T04:30:00Z,2025-06-16,2025-06-16_7,19.0,0,19,81,99.03087400869563,94.97045009565215,0.011278955314009662,0.0,1.01441,True,True,True,False,522.8325,760.5822734499205,0.0,25.14705882352941,0.0,-29.805752647058824,1278.756079626391
2025-06-16T04:30:00Z,2025-06-16T04:45:00Z,2025-06-16,2025-06-16_7,19.0,0,19,81,94.97045009565215,91.16817835652172,0.010561865942028984,0.0,1.25191,True,True,True,False,522.8325,760.5822734499205,0.0,25.14705882352941,0.0,-48.684670162957076,1259.877162110493
2025-06-16T04:45:00Z,2025-06-16T05:00:00Z,2025-06-16,2025-06-16_7,19.0,0,19,81,91.16817835652172,87.13615118260867,0.011200075483091787,0.0,1.040535,True,True,True,False,522.8325,760.5822734499205,0.0,25.14705882352941,0.0,-38.01633497813991,1270.54549729531
2025-06-16T05:00:00Z,2025-06-16T05:15:00Z,2025-06-16,2025-06-16_8,46.0,0,46,54,87.13615118260867,76.31915118260866,0.03004722222222222,0.0,1.5483600000000002,True,True,True,False,1413.235,507.0548489666137,0.0,60.88235294117646,0.0,-58.328432027027034,1922.843769880763
2025-06-16T05:15:00Z,2025-06-16T05:30:00Z,2025-06-16,2025-06-16_8,46.0,0,46,54,76.31915118260866,63.98215118260866,0.03426944444444444,0.0,0.14996,True,True,True,False,1413.235,507.0548489666137,0.0,60.88235294117646,0.0,-9.643810779014307,1971.5283911287756
2025-06-16T05:30:00Z,2025-06-16T05:45:00Z,2025-06-16,2025-06-16_8,46.0,0,46,54,63.98215118260866,51.62590118260866,0.03432291666666667,0.0,0.13225,True,True,True,False,1413.235,507.0548489666137,0.0,60.88235294117646,0.0,-8.670259538950715,1972.5019423688393
2025-06-16T05:45:00Z,2025-06-16T06:00:00Z,2025-06-16,2025-06-16_8,46.0,0,46,54,51.62590118260866,39.680651182608656,0.03318125,0.0,0.51037,True,True,True,False,1413.235,507.0548489666137,0.0,60.88235294117646,0.0,-32.09762774046105,1949.074574167329
2025-06-16T06:00:00Z,2025-06-16T06:15:00Z,2025-06-16,2025-06-16_9,0.0,47,47,53,39.680651182608656,39.72304722608692,0.00014047210144927538,0.0037600000000000003,0.050525,True,True,True,False,0.0,497.6649443561208,76.59449523052464,62.20588235294117,0.4856915739268681,-3.6356814040143086,633.3153321094992
2025-06-16T06:15:00Z,2025-06-16T06:30:00Z,2025-06-16,2025-06-16_9,0.0,47,47,53,39.72304722608692,39.80524368695649,0.0006256664975845412,0.06580000000000001,0.167085,True,True,True,False,0.0,497.6649443561208,76.59449523052464,62.20588235294117,8.499602543720192,-8.326657067766297,636.6382674155406
2025-06-16T06:30:00Z,2025-06-16T06:45:00Z,2025-06-16,2025-06-16_9,0.0,47,47,53,39.80524368695649,38.87892191304344,0.0033742571497584538,0.9848849999999999,0.15674500000000002,True,True,True,False,0.0,497.6649443561208,76.59449523052464,62.20588235294117,165.64583524841015,-6.146665464030207,795.9644917239666
2025-06-16T06:45:00Z,2025-06-16T07:00:00Z,2025-06-16,2025-06-16_9,0.0,47,47,53,38.87892191304344,41.754381913043446,0.00798738888888889,0.0,3.1255,True,True,True,False,0.0,497.6649443561208,76.59449523052464,62.20588235294117,0.0,687.78577831876,1324.2511002583467
2025-06-16T07:00:00Z,2025-06-16T07:15:00Z,2025-06-16,2025-06-16_10,11.000000000000021,35,46,54,41.754381913043446,39.715383826086914,0.011274733574879238,0.40005,1.4427899999999998,True,True,True,False,216.01250000000041,507.0548489666137,57.03845389507155,60.88235294117646,43.72565580286169,249.3709978378378,1134.0848094435617
2025-06-16T07:15:00Z,2025-06-16T07:30:00Z,2025-06-16,2025-06-16_10,11.000000000000021,35,46,54,39.715383826086914,39.34782608695647,0.011641627053140107,0.0,2.7310200000000004,True,True,True,False,216.01250000000041,507.0548489666137,57.03845389507155,60.88235294117646,0.0,-13.148189689984104,827.839966112878
2025-06-16T07:30:00Z,2025-06-16T07:45:00Z,2025-06-16,2025-06-16_10,11.000000000000021,35,46,54,39.34782608695647,39.67882452173908,0.012531215458937206,0.0,3.45874,True,True,True,False,216.01250000000041,507.0548489666137,57.03845389507155,60.88235294117646,0.0,-12.944155739268682,828.0440000635934
2025-06-16T07:45:00Z,2025-06-16T08:00:00Z,2025-06-16,2025-06-16_10,11.000000000000021,35,46,54,39.67882452173908,39.91024999999995,0.01240441256038648,0.0,3.35501,True,True,True,False,216.01250000000041,507.0548489666137,57.03845389507155,60.88235294117646,0.0,-15.255561170508743,825.7325946323533
2025-06-16T08:00:00Z,2025-06-16T08:15:00Z,2025-06-16,2025-06-16_11,-45.0,45,0,55,39.91024999999995,50.26024999999994,0.02875,0.0,0.0,True,True,True,False,-359.55,516.4447535771066,73.33515500794914,0.0,0.0,0.0,230.22990858505568
2025-06-16T08:15:00Z,2025-06-16T08:30:00Z,2025-06-16,2025-06-16_11,-45.0,45,0,55,50.26024999999994,60.60880099999994,0.028745975,0.0015750000000000002,0.0,True,True,True,False,-359.55,516.4447535771066,73.33515500794914,0.0,0.17214825119236887,0.0,230.40205683624805
2025-06-16T08:30:00Z,2025-06-16T08:45:00Z,2025-06-16,2025-06-16_11,-45.0,45,0,55,60.60880099999994,70.95880099999994,0.028749999999999998,0.0,0.0,True,True,True,False,-359.55,516.4447535771066,73.33515500794914,0.0,0.0,0.0,230.22990858505568
2025-06-16T08:45:00Z,2025-06-16T09:00:00Z,2025-06-16,2025-06-16_11,-45.0,45,0,55,70.95880099999994,81.30486799999994,0.028739074999999996,0.004274999999999999,0.0,True,True,True,False,-359.55,516.4447535771066,73.33515500794914,0.0,0.4672595389507153,0.0,230.6971681240064
2025-06-16T09:00:00Z,2025-06-16T09:15:00Z,2025-06-16,2025-06-16_12,-45.0,45,0,55,81.30486799999994,91.65486799999994,0.028749999999999998,0.0,0.0,True,True,True,False,-304.08750000000003,516.4447535771066,73.33515500794914,0.0,0.0,0.0,285.69240858505566
2025-06-16T09:15:00Z,2025-06-16T09:30:00Z,2025-06-16,2025-06-16_12,-45.0,45,0,55,91.65486799999994,102.00114199999994,0.02873965,0.00405,0.0,True,True,True,False,-304.08750000000003,516.4447535771066,73.33515500794914,0.0,0.44266693163751986,0.0,286.1350755166932
2025-06-16T09:30:00Z,2025-06-16T09:45:00Z,2025-06-16,2025-06-16_12,-45.0,45,0,55,102.00114199999994,112.32133399999995,0.028667200000000004,0.0324,0.0,True,True,True,False,-304.08750000000003,516.4447535771066,73.33515500794914,0.0,3.541335453100159,0.0,289.2337440381558
2025-06-16T09:45:00Z,2025-06-16T10:00:00Z,2025-06-16,2025-06-16_12,-45.0,45,0,55,112.32133399999995,121.35232999999995,0.0250861,1.4337,0.0,True,True,True,False,-304.08750000000003,516.4447535771066,73.33515500794914,0.0,159.2897113473768,0.0,444.98211993243245
2025-06-16T10:00:00Z,2025-06-16T10:15:00Z,2025-06-16,2025-06-16_13,0.0,45,45,55,121.35232999999995,122.93069913043475,0.005350391304347826,0.159975,1.904625,True,True,True,False,0.0,516.4447535771066,73.33515500794914,71.53765898251191,17.485343799682035,89.85083577603338,768.653747143283
2025-06-16T10:15:00Z,2025-06-16T10:30:00Z,2025-06-16,2025-06-16_13,0.0,45,45,55,122.93069913043475,118.85135130434779,0.011331521739130435,3.753,0.0,True,True,True,False,0.0,516.4447535771066,73.33515500794914,71.53765898251191,472.5065782988871,0.0,1133.8241458664547
2025-06-16T10:30:00Z,2025-06-16T10:45:00Z,2025-06-16,2025-06-16_13,0.0,45,45,55,118.85135130434779,118.01733265217388,0.0024156184782608693,0.783675,0.01935,True,True,True,False,0.0,516.4447535771066,73.33515500794914,71.53765898251191,90.7225288354531,-1.499701907790143,750.5403944952305
2025-06-16T10:45:00Z,2025-06-16T11:00:00Z,2025-06-16,2025-06-16_13,0.0,45,45,55,118.01733265217388,118.69253378260866,0.001966591304347826,0.015075,0.7517250000000001,True,True,True,False,0.0,516.4447535771066,73.33515500794914,71.53765898251191,1.6477046899841017,166.67709208068368,829.6423643382354
2025-06-16T11:00:00Z,2025-06-16T11:15:00Z,2025-06-16,2025-06-16_14,0.0,100,100,0,118.69253378260866,119.88606856521736,0.0033546256038647342,0.0065,1.305,True,True,True,False,0.0,0.0,162.96701112877585,159.30047694753577,0.7104531001589824,-36.89140600158982,286.0865351748808
2025-06-16T11:15:00Z,2025-06-16T11:30:00Z,2025-06-16,2025-06-16_14,0.0,100,100,0,119.88606856521736,119.93747639130432,0.0003964227053140097,0.042,0.1055,True,True,True,False,0.0,0.0,162.96701112877585,159.30047694753577,4.590620031796503,-8.077794515103339,318.7803135930048
2025-06-16T11:30:00Z,2025-06-16T11:45:00Z,2025-06-16,2025-06-16_14,0.0,100,100,0,119.93747639130432,120.2617259565217,0.0015347512077294686,0.105,0.47650000000000003,True,True,True,False,0.0,0.0,162.96701112877585,159.30047694753577,11.476550079491256,-17.102013016693164,316.6420251391097
2025-06-16T11:45:00Z,2025-06-16T12:00:00Z,2025-06-16,2025-06-16_14,0.0,100,100,0,120.2617259565217,128.6268259565217,0.02323638888888889,0.0,9.0925,True,True,True,False,0.0,0.0,162.96701112877585,159.30047694753577,0.0,3567.8648365461045,3890.132324622416
2025-06-16T12:00:00Z,2025-06-16T12:15:00Z,2025-06-16,2025-06-16_15,-37.9225192210463,45,7,55,128.6268259565217,137.37294809868274,0.02433089768509833,0.038025,0.065135,True,True,True,False,-380.5524803831996,516.4447535771066,73.33515500794914,11.176073131955487,4.156150635930048,-1.9661010105325913,222.593550959209
2025-06-16T12:15:00Z,2025-06-16T12:30:00Z,2025-06-16,2025-06-16_15,-37.9225192210463,45,7,55,137.37294809868274,146.01556038690222,0.024089314104326978,0.0864,0.00238,True,True,True,False,-380.5524803831996,516.4447535771066,73.33515500794914,11.176073131955487,9.443561208267091,-0.18445945945945946,229.6626030826192
2025-06-16T12:30:00Z,2025-06-16T12:45:00Z,2025-06-16,2025-06-16_15,-37.9225192210463,45,7,55,146.01556038690222,154.83173106090126,0.024493209440275724,0.00405,0.10633,True,True,True,False,-380.5524803831996,516.4447535771066,73.33515500794914,11.176073131955487,0.44266693163751986,-4.218080671701113,216.62808759374798
2025-06-16T12:45:00Z,2025-06-16T13:00:00Z,2025-06-16,2025-06-16_15,-37.9225192210463,45,7,55,154.83173106090126,161.0698335652163,0.019824840453450465,2.6289,0.00385,True,True,True,False,-380.5524803831996,516.4447535771066,73.33515500794914,11.176073131955487,334.84621120826705,-0.23446974364069953,555.015242798438
2025-06-16T13:00:00Z,2025-06-16T13:15:00Z,2025-06-16,2025-06-16_16,0.0,45,45,55,161.0698335652163,163.6188315652163,0.0070805500000000006,0.0,2.77065,True,True,True,False,0.0,516.4447535771066,73.33515500794914,71.53765898251191,0.0,-10.66909480325914,650.6484727643085
2025-06-16T13:15:00Z,2025-06-16T13:30:00Z,2025-06-16,2025-06-16_16,0.0,45,45,55,163.6188315652163,164.40970265217283,0.0029033858695652172,0.11699999999999999,0.9978749999999998,True,True,True,False,0.0,516.4447535771066,73.33515500794914,71.53765898251191,12.788155802861684,-19.308048365461044,654.7976750049683
2025-06-16T13:30:00Z,2025-06-16T13:45:00Z,2025-06-16,2025-06-16_16,0.0,45,45,55,164.40970265217283,164.3358869999989,0.00030854347826086954,0.08505,0.02025,True,True,True,False,0.0,516.4447535771066,73.33515500794914,71.53765898251191,9.296005564387917,-1.4089766494435614,669.204596482512
2025-06-16T13:45:00Z,2025-06-16T14:00:00Z,2025-06-16,2025-06-16_16,0.0,45,45,55,164.3358869999989,164.65842391304238,0.0011269141304347825,0.038250000000000006,0.39577499999999993,True,True,True,False,0.0,516.4447535771066,73.33515500794914,71.53765898251191,4.180743243243244,-5.545569097774243,659.9527417130366
2025-06-16T14:00:00Z,2025-06-16T14:15:00Z,2025-06-16,2025-06-16_17,22.67552551160804,77,100,0,164.65842391304238,160.03570256922188,0.019213718060808578,0.005005,1.6125,True,True,True,False,473.74841675127095,0.0,125.4845985691574,132.35294117647058,0.5470488871224165,-50.25667726550079,681.8763281185205
2025-06-16T14:15:00Z,2025-06-16T14:30:00Z,2025-06-16,2025-06-16_17,22.67552551160804,77,100,0,160.03570256922188,159.18615694264645,0.024278416333354647,0.0,5.546,True,True,True,False,473.74841675127095,0.0,125.4845985691574,132.35294117647058,0.0,-36.37633744038156,695.2096190565173
2025-06-16T14:30:00Z,2025-06-16T14:45:00Z,2025-06-16,2025-06-16_17,22.67552551160804,77,100,0,159.18615694264645,165.8716033866442,0.034437390597201384,0.0,13.4125,True,True,True,False,473.74841675127095,0.0,125.4845985691574,132.35294117647058,0.0,18.404871323529413,749.9908278204283
2025-06-16T14:45:00Z,2025-06-16T15:00:00Z,2025-06-16,2025-06-16_17,22.67552551160804,77,100,0,165.8716033866442,178.2366704347815,0.04209487968351413,0.0,19.342,True,True,True,False,473.74841675127095,0.0,125.4845985691574,132.35294117647058,0.0,11358.946973370428,12090.532929867328
2025-06-16T15:00:00Z,2025-06-16T15:15:00Z,2025-06-16,2025-06-16_18,0.0,100,100,0,178.2366704347815,186.5442704347815,0.023076666666666665,0.0,9.03,True,True,True,False,0.0,0.0,162.96701112877585,132.35294117647058,0.0,-79.71953895071542,215.600413354531
2025-06-16T15:15:00Z,2025-06-16T15:30:00Z,2025-06-16,2025-06-16_18,0.0,100,100,0,186.5442704347815,189.9792999999989,0.009550806763285026,0.0015,3.7355,True,True,True,False,0.0,0.0,162.96701112877585,132.35294117647058,0.17388702305246423,-101.37369018282989,194.12014914546901
2025-06-16T15:30:00Z,2025-06-16T15:45:00Z,2025-06-16,2025-06-16_18,0.0,100,100,0,189.9792999999989,187.2499999999989,0.007696388888888888,2.53,0.0225,True,True,True,False,0.0,0.0,162.96701112877585,132.35294117647058,410.8781339427662,-1.743839427662957,704.4542468203497
2025-06-16T15:45:00Z,2025-06-16T16:00:00Z,2025-06-16,2025-06-16_18,0.0,100,100,0,187.2499999999989,173.1820652173902,0.03907759661835749,12.9425,0.0,True,True,True,False,0.0,0.0,162.96701112877585,132.35294117647058,2680.625291136725,0.0,2975.9452434419713
2025-06-16T16:00:00Z,2025-06-16T16:15:00Z,2025-06-16,2025-06-16_19,0.0,100,100,0,173.1820652173902,175.17453652173802,0.005576913043478261,0.007000000000000001,2.174,True,True,True,False,0.0,0.0,163.38434022257553,132.35294117647058,0.884339825119237,-111.63092527821941,184.99069594594593
2025-06-16T16:15:00Z,2025-06-16T16:30:00Z,2025-06-16,2025-06-16_19,0.0,100,100,0,175.17453652173802,171.38147913043366,0.010589937198067634,3.4985000000000004,0.0105,True,True,True,False,0.0,0.0,163.38434022257553,132.35294117647058,608.2203432034977,-0.81379173290938,903.1438328696344
2025-06-16T16:30:00Z,2025-06-16T16:45:00Z,2025-06-16,2025-06-16_19,0.0,100,100,0,171.38147913043366,166.68147913043367,0.013055555555555553,4.324,0.0,True,True,True,False,0.0,0.0,163.38434022257553,132.35294117647058,741.2661041335452,0.0,1037.0033855325914
2025-06-16T16:45:00Z,2025-06-16T17:00:00Z,2025-06-16,2025-06-16_19,0.0,100,100,0,166.68147913043367,144.3026747826076,0.06216334541062802,20.5885,0.0,True,True,True,False,0.0,0.0,163.38434022257553,132.35294117647058,16823.42306915739,0.0,17119.160350556438
2025-06-16T17:00:00Z,2025-06-16T17:15:00Z,2025-06-16,2025-06-16_20,8.621798372752394,91,100,0,144.3026747826076,151.83584264679675,0.032999450305538164,0.8394750000000001,11.546,True,True,True,False,280.1222291307253,0.0,148.67974960254372,132.35294117647058,127.5276301222178,-278.3866339427663,410.2959160891911
2025-06-16T17:15:00Z,2025-06-16T17:30:00Z,2025-06-16,2025-06-16_20,8.621798372752394,91,100,0,151.83584264679675,161.61439731196606,0.03342464942790262,0.0,12.9725,True,True,True,False,280.1222291307253,0.0,148.67974960254372,132.35294117647058,0.0,-466.9532839825119,94.20163592722773
2025-06-16T17:30:00Z,2025-06-16T17:45:00Z,2025-06-16,2025-06-16_20,8.621798372752394,91,100,0,161.61439731196606,168.9140029582839,0.02791993784672776,0.0,10.3195,True,True,True,False,280.1222291307253,0.0,148.67974960254372,132.35294117647058,0.0,-372.19721273847375,188.95770717126587
2025-06-16T17:45:00Z,2025-06-16T18:00:00Z,2025-06-16,2025-06-16_20,8.621798372752394,91,100,0,168.9140029582839,174.8152870038813,0.024814848935597655,0.0,8.823,True,True,True,False,280.1222291307253,0.0,148.67974960254372,132.35294117647058,0.0,-381.6420912162162,179.5128286935234
2025-06-16T18:00:00Z,2025-06-16T18:15:00Z,2025-06-16,2025-06-16_21,66.57992440613948,0,67,33,174.8152870038813,157.61017508325776,0.04781816086905294,0.0,0.817065,True,True,True,False,3147.066576867198,309.86685214626397,0.0,88.67647058823528,0.0,-52.836924124602554,3492.7729754770944
2025-06-16T18:15:00Z,2025-06-16T18:30:00Z,2025-06-16,2025-06-16_21,66.57992440613948,0,67,33,157.61017508325776,139.62657446985162,0.049957655992638114,0.0,0.100165,True,True,True,False,3147.066576867198,309.86685214626397,0.0,88.67647058823528,0.0,-7.440774541931637,3538.1691250597655
2025-06-16T18:30:00Z,2025-06-16T18:45:00Z,2025-06-16,2025-06-16_21,66.57992440613948,0,67,33,139.62657446985162,121.55639427285567,0.05019559984283122,0.0,0.020435,True,True,True,False,3147.066576867198,309.86685214626397,0.0,88.67647058823528,0.0,-1.566416660373609,3544.0434829413234
2025-06-16T18:45:00Z,2025-06-16T19:00:00Z,2025-06-16,2025-06-16_21,66.57992440613948,0,67,33,121.55639427285567,103.56260782608604,0.049985649386778484,0.0,0.090785,True,True,True,False,3147.066576867198,309.86685214626397,0.0,88.67647058823528,0.0,-6.935797192965024,3538.6741024087323
2025-06-16T19:00:00Z,2025-06-16T19:15:00Z,2025-06-16,2025-06-16_22,100.0,0,100,0,103.56260782608604,76.38869478260779,0.07548309178743962,0.0,0.0,True,True,True,False,4857.25,0.0,0.0,132.35294117647058,0.0,0.0,4989.60294117647
2025-06-16T19:15:00Z,2025-06-16T19:30:00Z,2025-06-16,2025-06-16_22,100.0,0,100,0,76.38869478260779,49.214781739129535,0.07548309178743962,0.0,0.0,True,True,True,False,4857.25,0.0,0.0,132.35294117647058,0.0,0.0,4989.60294117647
2025-06-16T19:30:00Z,2025-06-16T19:45:00Z,2025-06-16,2025-06-16_22,100.0,0,100,0,49.214781739129535,26.812064347825185,0.06222977053140096,0.0,4.3895,True,True,True,False,4857.25,0.0,0.0,132.35294117647058,0.0,-213.72817448330684,4775.874766693164
2025-06-16T19:45:00Z,2025-06-16T20:00:00Z,2025-06-16,2025-06-16_22,100.0,0,100,0,26.812064347825185,19.321303478259967,0.020807669082125606,0.0,18.1085,True,True,True,False,4857.25,0.0,0.0,132.35294117647058,0.0,-191.19365987678853,4798.409281299682
2025-06-16T20:00:00Z,2025-06-16T20:15:00Z,2025-06-16,2025-06-16_23,0.0,100,100,0,19.321303478259967,13.594689565216491,0.026604816425120772,7.04,2.093,True,True,True,False,0.0,0.0,163.38434022257553,132.35294117647058,1410.561653418124,-76.60330087440381,1629.6956339427663
2025-06-16T20:15:00Z,2025-06-16T20:30:00Z,2025-06-16,2025-06-16_23,0.0,100,100,0,13.594689565216491,9.9999999999991,0.010005693236714977,3.3105,0.004,True,True,True,False,0.0,0.0,163.38434022257553,132.35294117647058,586.5183639705882,-0.31001589825119236,881.9456294713831
2025-06-16T20:30:00Z,2025-06-16T20:45:00Z,2025-06-16,2025-06-16_23,0.0,100,100,0,9.9999999999991,10.144825217390403,0.0005713743961352657,0.028000000000000004,0.1905,True,True,True,False,0.0,0.0,163.38434022257553,132.35294117647058,3.616852146263912,-12.475175675675676,286.87895786963435
2025-06-16T20:45:00Z,2025-06-16T21:00:00Z,2025-06-16,2025-06-16_23,0.0,100,100,0,10.144825217390403,16.057665217390404,0.016424555555555557,0.0,6.427,True,True,True,False,0.0,0.0,163.38434022257553,132.35294117647058,0.0,-255.04282492050874,40.694456478537376
2025-06-16T21:00:00Z,2025-06-16T21:15:00Z,2025-06-17,2025-06-16_24,-35.96895449143694,90,54,10,16.057665217390404,23.6668150443868,0.024028950113839095,0.79785,0.16335,True,True,True,False,-1081.6763839437374,93.9550606482402,145.41558958043348,69.46768741300457,103.12239013720422,-9.841114784251342,-679.5567709491063
2025-06-16T21:15:00Z,2025-06-16T21:30:00Z,2025-06-17,2025-06-16_24,-35.96895449143694,90,54,10,23.6668150443868,32.0057489774173,0.023163705369529157,0.0,0.07182,True,True,True,False,-1081.6763839437374,93.9550606482402,145.41558958043348,69.46768741300457,0.0,-5.187934623185524,-778.0259809252447
2025-06-16T21:30:00Z,2025-06-16T21:45:00Z,2025-06-17,2025-06-16_24,-35.96895449143694,90,54,10,32.0057489774173,41.71212491044779,0.026962155369529155,0.0,1.5581699999999998,True,True,True,False,-1081.6763839437374,93.9550606482402,145.41558958043348,69.46768741300457,0.0,-80.3280167090873,-853.1660630111464
2025-06-16T21:45:00Z,2025-06-16T22:00:00Z,2025-06-17,2025-06-16_24,-35.96895449143694,90,54,10,41.71212491044779,54.043095243478284,0.03425269536952916,0.0,4.41099,True,True,True,False,-1081.6763839437374,93.9550606482402,145.41558958043348,69.46768741300457,0.0,-172.96887273215353,-945.8069190342127
2025-06-16T22:00:00Z,2025-06-16T22:15:00Z,2025-06-17,2025-06-17_1,-1.6624948613145494e-14,19,19,81,54.043095243478284,55.106687817391325,0.003525800628019334,0.09462,1.26787,True,True,True,False,-4.3544896654981336e-13,761.0359912507457,30.698846689202625,24.44233446013124,12.762373446013122,-26.48307897196262,802.4564668741297
2025-06-16T22:15:00Z,2025-06-16T22:30:00Z,2025-06-17,2025-06-17_1,-1.6624948613145494e-14,19,19,81,55.106687817391325,54.86496304347829,0.0008418877053140189,0.25061,0.033345,True,True,True,False,-4.3544896654981336e-13,761.0359912507457,30.698846689202625,24.44233446013124,34.24835562338437,-2.308410232650626,848.1171177908129
2025-06-16T22:30:00Z,2025-06-16T22:45:00Z,2025-06-17,2025-06-17_1,-1.6624948613145494e-14,19,19,81,54.86496304347829,54.880981200000036,4.678956521740192e-05,0.00038,0.01786,True,True,True,False,-4.3544896654981336e-13,761.0359912507457,30.698846689202625,24.44233446013124,0.04911513223304832,-1.3850467289719628,814.8412408033403
2025-06-16T22:45:00Z,2025-06-16T23:00:00Z,2025-06-17,2025-06-17_1,-1.6624948613145494e-14,19,19,81,54.880981200000036,54.962708626087,0.00023619937198068695,0.00152,0.09063,True,True,True,False,-4.3544896654981336e-13,761.0359912507457,30.698846689202625,24.44233446013124,0.1964605289321933,-6.306867631735932,810.0667652972754
2025-06-16T23:00:00Z,2025-06-16T23:15:00Z,2025-06-17,2025-06-17_2,-7.999999999999988,20,12,80,54.962708626087,54.973434782608734,0.006526534009661834,1.7931,0.0,True,True,True,False,-203.65999999999968,751.6404851859216,32.31457546231855,15.43726386955657,315.48006060847086,0.0,911.2123851262679
2025-06-16T23:15:00Z,2025-06-16T23:30:00Z,2025-06-17,2025-06-17_2,-7.999999999999988,20,12,80,54.973434782608734,54.47458406956525,0.006920825314009661,2.2925999999999997,0.0,True,True,True,False,-203.65999999999968,751.6404851859216,32.31457546231855,15.43726386955657,428.8680066812487,0.0,1024.6003311990457
2025-06-16T23:30:00Z,2025-06-16T23:45:00Z,2025-06-17,2025-06-17_2,-7.999999999999988,20,12,80,54.47458406956525,54.810847721739165,0.0062746454106280165,1.474,0.0,True,True,True,False,-203.65999999999968,751.6404851859216,32.31457546231855,15.43726386955657,243.97938755219727,0.0,839.7117120699944
2025-06-16T23:45:00Z,2025-06-17T00:00:00Z,2025-06-17,2025-06-17_2,-7.999999999999988,20,12,80,54.810847721739165,55.98495015652177,0.005627337681159415,0.653,0.00030000000000000003,True,True,True,False,-203.65999999999968,751.6404851859216,32.31457546231855,15.43726386955657,90.07660409624181,-0.023265062636707103,685.7856635514022
2025-06-17T00:00:00Z,2025-06-17T00:15:00Z,2025-06-17,2025-06-17_3,-99.85984566995494,100,0,0,55.98495015652177,68.72753460522921,0.035490109268045765,11.1115,0.0,True,True,True,False,-2354.1958616691877,0.0,161.57287731159278,0.0,2012.1558828793002,0.0,-180.46710147829475
2025-06-17T00:15:00Z,2025-06-17T00:30:00Z,2025-06-17,2025-06-17_3,-99.85984566995494,100,0,0,68.72753460522921,74.98661042952094,0.017539992155075314,18.157,0.0,True,True,True,False,-2354.1958616691877,0.0,161.57287731159278,0.0,4074.908824816067,0.0,1882.285840458472
2025-06-17T00:30:00Z,2025-06-17T00:45:00Z,2025-06-17,2025-06-17_3,-99.85984566995494,100,0,0,74.98661042952094,84.93858528294902,0.027764081286343556,14.144000000000002,0.0,True,True,True,False,-2354.1958616691877,0.0,161.57287731159278,0.0,2599.466950884868,0.0,406.8439665272729
2025-06-17T00:45:00Z,2025-06-17T01:00:00Z,2025-06-17,2025-06-17_3,-99.85984566995494,100,0,0,84.93858528294902,104.87187818260875,0.05539816620094635,3.2975,0.0,True,True,True,False,-2354.1958616691877,0.0,161.57287731159278,0.0,515.9548220322131,0.0,-1676.668162325382
2025-06-17T01:00:00Z,2025-06-17T01:15:00Z,2025-06-17,2025-06-17_4,0.0,19,19,81,104.87187818260875,104.24833469565223,0.0017558574637681161,0.5776,0.004654999999999999,True,True,True,False,0.0,761.0359912507457,30.698846689202625,24.44233446013124,94.04324931397892,-0.36099622191290515,909.8594254921456
2025-06-17T01:15:00Z,2025-06-17T01:30:00Z,2025-06-17,2025-06-17_4,0.0,19,19,81,104.24833469565223,104.24638215652179,3.358594202898551e-05,0.0064600000000000005,0.00551,True,True,True,False,0.0,761.0359912507457,30.698846689202625,24.44233446013124,0.8349572479618216,-0.42730165042752044,816.5848279976138
2025-06-17T01:30:00Z,2025-06-17T01:45:00Z,2025-06-17,2025-06-17_4,0.0,19,19,81,104.24638215652179,103.97800715652178,0.0007454861111111112,0.246905,0.0,True,True,True,False,0.0,761.0359912507457,30.698846689202625,24.44233446013124,33.91023415092464,0.0,850.0874065510043
2025-06-17T01:45:00Z,2025-06-17T02:00:00Z,2025-06-17,2025-06-17_4,0.0,19,19,81,103.97800715652178,103.29049628695657,0.001909752415458937,0.63251,0.0,True,True,True,False,0.0,761.0359912507457,30.698846689202625,24.44233446013124,92.5890751898986,0.0,908.7662475899782
2025-06-17T02:00:00Z,2025-06-17T02:15:00Z,2025-06-17,2025-06-17_5,0.0,19,19,81,103.29049628695657,102.97277068695657,0.0008854844444444444,0.29279,0.00057,True,True,True,False,0.0,761.0359912507457,30.698846689202625,24.44233446013124,40.34621747464705,-0.04420361900974349,856.4791862557169
2025-06-17T02:15:00Z,2025-06-17T02:30:00Z,2025-06-17,2025-06-17_5,0.0,19,19,81,102.97277068695657,102.84048574782614,0.00037085705314009664,0.122265,0.0006650000000000001,True,True,True,False,0.0,761.0359912507457,30.698846689202625,24.44233446013124,16.523474129051504,-0.04144567210180951,832.6592008570293
2025-06-17T02:30:00Z,2025-06-17T02:45:00Z,2025-06-17,2025-06-17_5,0.0,19,19,81,102.84048574782614,102.80503620869571,0.00011206649758454106,0.034865,0.0026600000000000005,True,True,True,False,0.0,761.0359912507457,30.698846689202625,24.44233446013124,4.591323251143368,-0.206283555378803,820.5622120958442
2025-06-17T02:45:00Z,2025-06-17T03:00:00Z,2025-06-17,2025-06-17_5,0.0,19,19,81,102.80503620869571,101.92194925217397,0.0024530193236714974,0.8124399999999999,0.0,True,True,True,False,0.0,761.0359912507457,30.698846689202625,24.44233446013124,115.56631859216543,0.0,931.743490992245
2025-06-17T03:00:00Z,2025-06-17T03:15:00Z,2025-06-17,2025-06-17_6,0.0,90,90,10,101.92194925217397,89.08374273043485,0.03566168478260869,11.81115,0.0,True,True,True,False,0.0,93.9550606482402,145.41558958043348,115.77947902167429,2627.401943109962,0.0,2982.55207236031
2025-06-17T03:15:00Z,2025-06-17T03:30:00Z,2025-06-17,2025-06-17_6,0.0,90,90,10,89.08374273043485,78.51167751304355,0.029366847826086954,9.7263,0.0,True,True,True,False,0.0,93.9550606482402,145.41558958043348,115.77947902167429,1865.6896212765957,0.0,2220.8397505269436
2025-06-17T03:30:00Z,2025-06-17T03:45:00Z,2025-06-17,2025-06-17_6,0.0,90,90,10,78.51167751304355,73.96780916521746,0.012677056521739128,4.1895,0.0108,True,True,True,False,0.0,93.9550606482402,145.41558958043348,115.77947902167429,680.0494035593557,-0.8375422549214557,1034.3619905547823
2025-06-17T03:45:00Z,2025-06-17T04:00:00Z,2025-06-17,2025-06-17_6,0.0,90,90,10,73.96780916521746,74.57414464347832,0.001945134782608696,0.0432,0.7101000000000001,True,True,True,False,0.0,93.9550606482402,145.41558958043348,115.77947902167429,5.583615032809704,-40.632997951879105,320.1007463312786
2025-06-17T04:00:00Z,2025-06-17T04:15:00Z,2025-06-17,2025-06-17_7,19.0,0,19,81,74.57414464347832,69.52695986086962,0.014019957729468598,0.0,0.10659,True,True,True,False,557.2225,761.0359912507457,0.0,24.368661761781667,0.0,-6.564239916484391,1336.062913096043
2025-06-17T04:15:00Z,2025-06-17T04:30:00Z,2025-06-17,2025-06-17_7,19.0,0,19,81,69.52695986086962,64.53915007826093,0.013855027173913043,0.0,0.161215,True,True,True,False,557.2225,761.0359912507457,0.0,24.368661761781667,0.0,-10.157763168621992,1332.4693898439054
2025-06-17T04:30:00Z,2025-06-17T04:45:00Z,2025-06-17,2025-06-17_7,19.0,0,19,81,64.53915007826093,59.966345730434846,0.012702234299516908,0.0,0.5430200000000001,True,True,True,False,557.2225,761.0359912507457,0.0,24.368661761781667,0.0,-31.704312861403864,1310.9228401511234
2025-06-17T04:45:00Z,2025-06-17T05:00:00Z,2025-06-17,2025-06-17_7,19.0,0,19,81,59.966345730434846,56.16345442608702,0.010563586956521738,0.0,1.2513400000000001,True,True,True,False,557.2225,761.0359912507457,0.0,24.368661761781667,0.0,-62.36221717637702,1280.2649358361502
2025-06-17T05:00:00Z,2025-06-17T05:15:00Z,2025-06-17,2025-06-17_8,5.0,14,19,81,56.16345442608702,55.45247924347833,0.004509428840579709,0.0009099999999999999,0.67298,True,True,True,False,132.25,761.0359912507457,22.62020282362299,24.368661761781667,0.12666534102207197,-27.901839121097634,912.4996820560748
2025-06-17T05:15:00Z,2025-06-17T05:30:00Z,2025-06-17,2025-06-17_8,5.0,14,19,81,55.45247924347833,54.27055895652181,0.003983283019323671,0.0022400000000000002,0.185915,True,True,True,False,132.25,761.0359912507457,22.62020282362299,24.368661761781667,0.31179160866971567,-10.479853688606086,930.106793756214
2025-06-17T05:30:00Z,2025-06-17T05:45:00Z,2025-06-17,2025-06-17_8,5.0,14,19,81,54.27055895652181,54.02173913043485,0.005027432850241546,0.0,1.1514,True,True,True,False,132.25,761.0359912507457,22.62020282362299,24.368661761781667,0.0,-48.61110518989859,891.6637506462517
2025-06-17T05:45:00Z,2025-06-17T06:00:00Z,2025-06-17,2025-06-17_8,5.0,14,19,81,54.02173913043485,54.356977721739206,0.005686955024154589,0.0,1.7573100000000001,True,True,True,False,132.25,761.0359912507457,22.62020282362299,24.368661761781667,0.0,-68.34325003380394,871.9316058023464
2025-06-17T06:00:00Z,2025-06-17T06:15:00Z,2025-06-17,2025-06-17_9,57.0,43,100,0,54.356977721739206,39.18626871304356,0.043115572801932366,0.12125999999999998,0.44349999999999995,True,True,True,False,1274.3775,0.0,69.47633724398489,128.6438655796381,15.672897196261681,-21.996859216544042,1466.1737408033407
2025-06-17T06:15:00Z,2025-06-17T06:30:00Z,2025-06-17,2025-06-17_9,57.0,43,100,0,39.18626871304356,24.598668547826165,0.04318371934782609,0.302075,1.2115,True,True,True,False,1274.3775,0.0,69.47633724398489,128.6438655796381,40.31220607973752,-46.753203917279784,1466.0567049860808
2025-06-17T06:30:00Z,2025-06-17T06:45:00Z,2025-06-17,2025-06-17_9,57.0,43,100,0,24.598668547826165,12.680889347826167,0.040836724444444444,0.0,3.518,True,True,True,False,1274.3775,0.0,69.47633724398489,128.6438655796381,0.0,-58.849725193875514,1413.6479776297474
2025-06-17T06:45:00Z,2025-06-17T07:00:00Z,2025-06-17,2025-06-17_9,57.0,43,100,0,12.680889347826167,10.868572304347905,0.03464377512077295,0.0,13.472500000000002,True,True,True,False,1274.3775,0.0,69.47633724398489,128.6438655796381,0.0,2262.557558659774,3735.055261483397
2025-06-17T07:00:00Z,2025-06-17T07:15:00Z,2025-06-17,2025-06-17_10,26.000000000000004,74,100,0,10.868572304347905,10.018786113043557,0.026761523864734304,0.0,6.4515,True,True,True,False,377.00000000000006,0.0,119.56392921057864,128.25611453569297,0.0,13.417426625571684,638.2374703718433
2025-06-17T07:15:00Z,2025-06-17T07:30:00Z,2025-06-17,2025-06-17_10,26.000000000000004,74,100,0,10.018786113043557,15.552064234782687,0.034089902995169084,0.0,13.077,True,True,True,False,377.00000000000006,0.0,119.56392921057864,128.25611453569297,0.0,6661.939703121893,7286.759746868165
2025-06-17T07:30:00Z,2025-06-17T07:45:00Z,2025-06-17,2025-06-17_10,26.000000000000004,74,100,0,15.552064234782687,30.044561521739208,0.04437595864734299,0.0,22.3765,True,True,True,False,377.00000000000006,0.0,119.56392921057864,128.25611453569297,0.0,11666.579390137205,12291.399433883476
2025-06-17T07:45:00Z,2025-06-17T08:00:00Z,2025-06-17,2025-06-17_10,26.000000000000004,74,100,0,30.044561521739208,39.91895922608703,0.039073930821256035,0.0,17.583,True,True,True,False,377.00000000000006,0.0,119.56392921057864,128.25611453569297,0.0,3160.587079936369,3785.4071236826403
2025-06-17T08:00:00Z,2025-06-17T08:15:00Z,2025-06-17,2025-06-17_11,-18.0,45,27,55,39.91895922608703,46.25195862608704,0.017591665,0.0,2.383695,True,True,True,False,-27.99,516.7528335653211,72.70779479021674,34.6291509246371,0.0,-20.42185306721018,575.6779262129647
2025-06-17T08:15:00Z,2025-06-17T08:30:00Z,2025-06-17,2025-06-17_11,-18.0,45,27,55,46.25195862608704,53.94345762608704,0.021365275,0.0,3.8603249999999996,True,True,True,False,-27.99,516.7528335653211,72.70779479021674,34.6291509246371,0.0,-0.0,596.099779280175
2025-06-17T08:30:00Z,2025-06-17T08:45:00Z,2025-06-17,2025-06-17_11,-18.0,45,27,55,53.94345762608704,60.901804026087035,0.019328740000000004,0.0,3.0634200000000003,True,True,True,False,-27.99,516.7528335653211,72.70779479021674,34.6291509246371,0.0,-9.425392256909923,586.674387023265
2025-06-17T08:45:00Z,2025-06-17T09:00:00Z,2025-06-17,2025-06-17_11,-18.0,45,27,55,60.901804026087035,67.29081762608703,0.01774726,0.0,2.44458,True,True,True,False,-27.99,516.7528335653211,72.70779479021674,34.6291509246371,0.0,-15.260517900178963,580.839261379996
2025-06-17T09:00:00Z,2025-06-17T09:15:00Z,2025-06-17,2025-06-17_12,-45.0,45,0,55,67.29081762608703,77.64081762608704,0.02875,0.0,0.0,True,True,True,False,-104.175,516.7528335653211,72.70779479021674,0.0,0.0,0.0,485.2856283555378
2025-06-17T09:15:00Z,2025-06-17T09:30:00Z,2025-06-17,2025-06-17_12,-45.0,45,0,55,77.64081762608704,87.98564262608704,0.028735625000000008,0.005625,0.0,True,True,True,False,-104.175,516.7528335653211,72.70779479021674,0.0,0.5383401272618811,0.0,485.8239684827997
2025-06-17T09:30:00Z,2025-06-17T09:45:00Z,2025-06-17,2025-06-17_12,-45.0,45,0,55,87.98564262608704,98.32260162608705,0.028713774999999997,0.014175,0.0,True,True,True,False,-104.175,516.7528335653211,72.70779479021674,0.0,1.3600361453569296,0.0,486.6456645008948
2025-06-17T09:45:00Z,2025-06-17T10:00:00Z,2025-06-17,2025-06-17_12,-45.0,45,0,55,98.32260162608705,108.67260162608706,0.02875,0.0,0.0,True,True,True,False,-104.175,516.7528335653211,72.70779479021674,0.0,0.0,0.0,485.2856283555378
2025-06-17T10:00:00Z,2025-06-17T10:15:00Z,2025-06-17,2025-06-17_13,-44.93184525519842,0,0,55,108.67260162608706,119.0069260347827,0.02870645669082121,0.0,0.0,True,False,True,False,-143.55724559035895,516.7528335653211,0.0,0.0,0.0,0.0,373.19558797496217
2025-06-17T10:15:00Z,2025-06-17T10:30:00Z,2025-06-17,2025-06-17_13,-44.93184525519842,0,0,55,119.0069260347827,129.34125044347832,0.02870645669082121,0.0,0.0,True,False,True,False,-143.55724559035895,516.7528335653211,0.0,0.0,0.0,0.0,373.19558797496217
2025-06-17T10:30:00Z,2025-06-17T10:45:00Z,2025-06-17,2025-06-17_13,-44.93184525519842,0,0,55,129.34125044347832,139.67557485217395,0.02870645669082121,0.0,0.0,True,False,True,False,-143.55724559035895,516.7528335653211,0.0,0.0,0.0,0.0,373.19558797496217
2025-06-17T10:45:00Z,2025-06-17T11:00:00Z,2025-06-17,2025-06-17_13,-44.93184525519842,0,0,55,139.67557485217395,150.0098992608696,0.02870645669082121,0.0,0.0,True,False,True,False,-143.55724559035895,516.7528335653211,0.0,0.0,0.0,0.0,373.19558797496217
2025-06-17T11:00:00Z,2025-06-17T11:15:00Z,2025-06-17,2025-06-17_14,0.0,100,100,0,150.0098992608696,158.0695592608696,0.022387944444444446,0.0,8.7605,True,True,True,False,0.0,0.0,161.57287731159278,170.3420163054285,0.0,1797.329195068602,2129.2440886856234
2025-06-17T11:15:00Z,2025-06-17T11:30:00Z,2025-06-17,2025-06-17_14,0.0,100,100,0,158.0695592608696,162.69824795652175,0.012884642512077295,0.0045,5.0365,True,True,True,False,0.0,0.0,161.57287731159278,170.3420163054285,0.44570491151322333,717.4834256313382,1049.8440241598726
2025-06-17T11:30:00Z,2025-06-17T11:45:00Z,2025-06-17,2025-06-17_14,0.0,100,100,0,162.69824795652175,165.10515230434783,0.007011932367149759,0.054,2.68,True,True,True,False,0.0,0.0,161.57287731159278,170.3420163054285,5.481338238218334,230.40485981308416,567.8010916683238
2025-06-17T11:45:00Z,2025-06-17T12:00:00Z,2025-06-17,2025-06-17_14,0.0,100,100,0,165.10515230434783,165.30356447826085,0.0010614106280193237,0.0845,0.3155,True,True,True,False,0.0,0.0,161.57287731159278,170.3420163054285,8.585982998608074,-11.919864784251343,328.581011831378
2025-06-17T12:00:00Z,2025-06-17T12:15:00Z,2025-06-17,2025-06-17_15,0.0,69,69,31,165.30356447826085,172.20003167826084,0.019156853333333335,0.0,7.496160000000001,True,True,True,False,0.0,291.2606880095446,111.485285344999,117.30960429508848,0.0,1335.8130289441242,1855.8686065937563
2025-06-17T12:15:00Z,2025-06-17T12:30:00Z,2025-06-17,2025-06-17_15,0.0,69,69,31,172.20003167826084,174.32534207826083,0.005903639999999999,0.0,2.3101199999999995,True,True,True,False,0.0,291.2606880095446,111.485285344999,117.30960429508848,0.0,-47.002145261483385,473.0534323881487
2025-06-17T12:30:00Z,2025-06-17T12:45:00Z,2025-06-17,2025-06-17_15,0.0,69,69,31,174.32534207826083,174.83181047826085,0.001663106666666667,0.042435,0.6006450000000001,True,True,True,False,0.0,291.2606880095446,111.485285344999,117.30960429508848,4.374686507257905,-22.69289123086101,501.73737292602897
2025-06-17T12:45:00Z,2025-06-17T13:00:00Z,2025-06-17,2025-06-17_15,0.0,69,69,31,174.83181047826085,174.79919627826084,0.000296905,0.06416999999999999,0.040365,True,True,True,False,0.0,291.2606880095446,111.485285344999,117.30960429508848,6.488991875124278,-1.5250248558361503,525.0195446689202
2025-06-17T13:00:00Z,2025-06-17T13:15:00Z,2025-06-17,2025-06-17_16,0.0,100,100,0,174.79919627826084,182.42415627826082,0.021180444444444446,0.0,8.288,True,True,True,False,0.0,0.0,161.57287731159278,170.3420163054285,0.0,939.4527930005967,1271.367686617618
2025-06-17T13:15:00Z,2025-06-17T13:30:00Z,2025-06-17,2025-06-17_16,0.0,100,100,0,182.42415627826082,189.84274671304343,0.020667582125603864,0.01,8.0755,True,True,True,False,0.0,0.0,161.57287731159278,170.3420163054285,1.0205547822628753,3303.3162739113145,3636.251722310599
2025-06-17T13:30:00Z,2025-06-17T13:45:00Z,2025-06-17,2025-06-17_16,0.0,100,100,0,189.84274671304343,188.3787667130434,0.004544499999999999,1.426,0.0935,True,True,True,False,0.0,0.0,161.57287731159278,170.3420163054285,175.72096957645655,-3.5563651819447206,504.07949801153313
2025-06-17T13:45:00Z,2025-06-17T14:00:00Z,2025-06-17,2025-06-17_16,0.0,100,100,0,188.3787667130434,183.75251279999992,0.012855816425120773,4.257,0.001,True,True,True,False,0.0,0.0,161.57287731159278,170.3420163054285,528.4241441638496,-0.03778087094849871,860.3012569099224
2025-06-17T14:00:00Z,2025-06-17T14:15:00Z,2025-06-17,2025-06-17_17,-1.1157384682532039e-13,92,92,8,183.75251279999992,185.31178239999994,0.004492415555555626,0.02668,1.72638,True,True,True,False,-2.0691369893755667e-12,75.16404851859217,148.64704712666534,118.35235633326704,3.115453680652217,-50.31836429111156,294.96054136806316
2025-06-17T14:15:00Z,2025-06-17T14:30:00Z,2025-06-17,2025-06-17_17,-1.1157384682532039e-13,92,92,8,185.31178239999994,186.31365199999996,0.0028079711111111834,0.00414,1.0938800000000002,True,True,True,False,-2.0691369893755667e-12,75.16404851859217,148.64704712666534,118.35235633326704,0.0,-28.476334849870756,313.6871171286517
2025-06-17T14:30:00Z,2025-06-17T14:45:00Z,2025-06-17,2025-06-17_17,-1.1157384682532039e-13,92,92,8,186.31365199999996,180.8945,0.015088466666666706,4.99146,0.006899999999999999,True,True,True,False,-2.0691369893755667e-12,75.16404851859217,148.64704712666534,118.35235633326704,781.7148433565322,-0.27440843109962215,1123.603886903955
2025-06-17T14:45:00Z,2025-06-17T15:00:00Z,2025-06-17,2025-06-17_17,-1.1157384682532039e-13,92,92,8,180.8945,180.3064616,0.005308226666666731,1.14954,0.71898,True,True,True,False,-2.0691369893755667e-12,75.16404851859217,148.64704712666534,118.35235633326704,159.72411421753827,-23.665007245973353,478.2225589500874
2025-06-17T15:00:00Z,2025-06-17T15:15:00Z,2025-06-17,2025-06-17_18,-6.5290322358166115,82,75,18,180.3064616,181.3615089036977,0.005528419540801894,0.4673999999999999,0.060000000000000005,True,True,True,False,-162.26277364063233,169.11910916683235,132.48975939550604,96.48289918472858,60.723057745078535,-2.3153271028037383,294.23672474870943
2025-06-17T15:15:00Z,2025-06-17T15:30:00Z,2025-06-17,2025-06-17_18,-6.5290322358166115,82,75,18,181.3615089036977,181.63357153785552,0.007131567939212054,1.14718,0.0022500000000000003,True,True,True,False,-162.26277364063233,169.11910916683235,132.48975939550604,96.48289918472858,156.79297646450587,-0.08948101014118116,392.5324895607993
2025-06-17T15:30:00Z,2025-06-17T15:45:00Z,2025-06-17,2025-06-17_18,-6.5290322358166115,82,75,18,181.63357153785552,181.71999999999997,0.007566140696833908,1.31815,0.0,True,True,True,False,-162.26277364063233,169.11910916683235,132.48975939550604,96.48289918472858,177.26457085901768,0.0,413.0935649654523
2025-06-17T15:45:00Z,2025-06-17T16:00:00Z,2025-06-17,2025-06-17_18,-6.5290322358166115,82,75,18,181.71999999999997,174.03158336358356,0.026215974138361974,8.559569999999999,0.0,True,True,True,False,-162.26277364063233,169.11910916683235,132.48975939550604,96.48289918472858,1555.149109310002,0.0,1790.9781034164366
2025-06-17T16:00:00Z,2025-06-17T16:15:00Z,2025-06-17,2025-06-17_19,-26.9348687755963,100,73,0,174.03158336358356,186.5738645719198,0.03497203439131642,0.03,6.933175,True,True,True,False,-821.5134976556872,0.0,162.13959037582023,93.9100218731358,3.8775104394511835,-25.834314242394115,-587.420689209674
2025-06-17T16:15:00Z,2025-06-17T16:30:00Z,2025-06-17,2025-06-17_19,-26.9348687755963,100,73,0,186.5738645719198,189.51298497690564,0.022212494954580275,3.184,0.06716,True,True,True,False,-821.5134976556872,0.0,162.13959037582023,93.9100218731358,626.9118091071784,-2.9307480851063827,58.51717561534094
2025-06-17T16:30:00Z,2025-06-17T16:45:00Z,2025-06-17,2025-06-17_19,-26.9348687755963,100,73,0,189.51298497690564,189.99999999999991,0.025522553134638946,5.478,0.0,True,True,True,False,-821.5134976556872,0.0,162.13959037582023,93.9100218731358,989.4189532710279,0.0,423.9550678642968
2025-06-17T16:45:00Z,2025-06-17T17:00:00Z,2025-06-17,2025-06-17_19,-26.9348687755963,100,73,0,189.99999999999991,183.03628696746415,0.036375133464416426,12.6285,0.0,True,True,True,False,-821.5134976556872,0.0,162.13959037582023,93.9100218731358,2633.06108351561,0.0,2067.5971981088787
2025-06-17T17:00:00Z,2025-06-17T17:15:00Z,2025-06-17,2025-06-17_20,-20.84679984505536,100,79,0,183.03628696746415,180.3986532315508,0.02643762403638375,7.063999999999999,0.0,True,True,True,False,-797.4422110729802,0.0,161.63253131835356,101.32233048319745,1502.640202028236,0.0,968.1528527568069
2025-06-17T17:15:00Z,2025-06-17T17:30:00Z,2025-06-17,2025-06-17_20,-20.84679984505536,100,79,0,180.3986532315508,165.4755733252986,0.048122516414018025,18.7405,0.0,True,True,True,False,-797.4422110729802,0.0,161.63253131835356,101.32233048319745,10836.234835553789,0.0,10301.74748628236
2025-06-17T17:30:00Z,2025-06-17T17:45:00Z,2025-06-17,2025-06-17_20,-20.84679984505536,100,79,0,165.4755733252986,167.49577519754914,0.019124117328596233,2.827,0.21725000000000003,True,True,True,False,-797.4422110729802,0.0,161.63253131835356,101.32233048319745,681.0090660171008,-15.811385016901971,130.71033172876972
2025-06-17T17:45:00Z,2025-06-17T18:00:00Z,2025-06-17,2025-06-17_20,-20.84679984505536,100,79,0,167.49577519754914,164.69999999999993,0.026789396221794007,7.2295,0.01738,True,True,True,False,-797.4422110729802,0.0,161.63253131835356,101.32233048319745,1636.8657546231857,-1.3387127301650428,1101.0396926215915
2025-06-17T18:00:00Z,2025-06-17T18:15:00Z,2025-06-17,2025-06-17_21,44.99999999999864,0,45,55,164.69999999999993,152.47834239130464,0.03394904891304245,0.0,0.006075,True,True,True,False,2748.7124999999173,516.7528335653211,0.0,57.71525154106184,0.0,-0.4685227480612447,3322.712062358239
2025-06-17T18:15:00Z,2025-06-17T18:30:00Z,2025-06-17,2025-06-17_21,44.99999999999864,0,45,55,152.47834239130464,140.2500815217398,0.0339673913043468,0.0,0.0,True,True,True,False,2748.7124999999173,516.7528335653211,0.0,57.71525154106184,0.0,0.0,3323.1805851063004
2025-06-17T18:30:00Z,2025-06-17T18:45:00Z,2025-06-17,2025-06-17_21,44.99999999999864,0,45,55,140.2500815217398,128.02182065217494,0.0339673913043468,0.0,0.0,True,True,True,False,2748.7124999999173,516.7528335653211,0.0,57.71525154106184,0.0,0.0,3323.1805851063004
2025-06-17T18:45:00Z,2025-06-17T19:00:00Z,2025-06-17,2025-06-17_21,44.99999999999864,0,45,55,128.02182065217494,116.01073369565357,0.03336413043478161,0.0,0.1998,True,True,True,False,2748.7124999999173,516.7528335653211,0.0,57.71525154106184,0.0,-14.44229409425333,3308.738291012047
2025-06-17T19:00:00Z,2025-06-17T19:15:00Z,2025-06-17,2025-06-17_22,95.52987500000123,0,0,4,116.01073369565357,90.05152853260975,0.07210890323067726,0.0,0.0,True,False,True,False,5750.420825625074,37.582024259296084,0.0,0.0,0.0,0.0,5788.00284988437
2025-06-17T19:15:00Z,2025-06-17T19:30:00Z,2025-06-17,2025-06-17_22,95.52987500000123,0,0,4,90.05152853260975,64.09232336956595,0.07210890323067726,0.0,0.0,True,False,True,False,5750.420825625074,37.582024259296084,0.0,0.0,0.0,0.0,5788.00284988437
2025-06-17T19:30:00Z,2025-06-17T19:45:00Z,2025-06-17,2025-06-17_22,95.52987500000123,0,0,4,64.09232336956595,38.133118206522134,0.07210890323067726,0.0,0.0,True,False,True,False,5750.420825625074,37.582024259296084,0.0,0.0,0.0,0.0,5788.00284988437
2025-06-17T19:45:00Z,2025-06-17T20:00:00Z,2025-06-17,2025-06-17_22,95.52987500000123,0,0,4,38.133118206522134,12.173913043478322,0.07210890323067726,0.0,0.0,True,False,True,False,5750.420825625074,37.582024259296084,0.0,0.0,0.0,0.0,5788.00284988437
2025-06-17T20:00:00Z,2025-06-17T20:15:00Z,2025-06-17,2025-06-17_23,12.907537501049502,87,100,0,12.173913043478322,13.425494378831555,0.019022948710956007,0.0,5.0545,True,True,True,False,467.89823441304446,0.0,140.62030224696758,128.6438655796381,0.0,1361.3138411214952,2098.4762433611454
2025-06-17T20:15:00Z,2025-06-17T20:30:00Z,2025-06-17,2025-06-17_23,12.907537501049502,87,100,0,13.425494378831555,10.014381833292891,0.010594837847218907,0.129195,0.2515,True,True,True,False,467.89823441304446,0.0,140.62030224696758,128.6438655796381,16.698498707496523,-12.949474448200437,740.9114264989462
2025-06-17T20:30:00Z,2025-06-17T20:45:00Z,2025-06-17,2025-06-17_23,12.907537501049502,87,100,0,10.014381833292891,10.000000000000309,0.016608032525113076,0.01044,3.7220000000000004,True,True,True,False,467.89823441304446,0.0,140.62030224696758,128.6438655796381,1.3493736329290118,1326.9296353151722,2065.4414111877513
2025-06-17T20:45:00Z,2025-06-17T21:00:00Z,2025-06-17,2025-06-17_23,12.907537501049502,87,100,0,10.000000000000309,23.584944466444316,0.043072397400806754,0.0,18.1535,True,True,True,False,467.89823441304446,0.0,140.62030224696758,128.6438655796381,0.0,6550.504030721814,7287.666432961464
2025-06-17T21:00:00Z,2025-06-17T21:15:00Z,2025-06-18,2025-06-17_24,-36.40568880987089,100,63,0,23.584944466444316,25.232377178887013,0.03334149110761027,7.4905,1.044225,True,True,True,False,-1087.4379247508434,0.0,156.88478602550583,77.89298290989395,1521.322740684002,168.97340105544833,837.6359859240066
2025-06-17T21:15:00Z,2025-06-17T21:30:00Z,2025-06-18,2025-06-17_24,-36.40568880987089,100,63,0,25.232377178887013,19.180745738890085,0.03717211269080834,14.057,0.0,True,True,True,False,-1087.4379247508434,0.0,156.88478602550583,77.89298290989395,2792.035722499652,0.0,1939.3755666842083
2025-06-17T21:30:00Z,2025-06-17T21:45:00Z,2025-06-18,2025-06-17_24,-36.40568880987089,100,63,0,19.180745738890085,14.225582126104264,0.03611456429377078,12.9885,0.0,True,True,True,False,-1087.4379247508434,0.0,156.88478602550583,77.89298290989395,2606.9588575095,0.0,1754.2987016940563
2025-06-17T21:45:00Z,2025-06-17T22:00:00Z,2025-06-18,2025-06-17_24,-36.40568880987089,100,63,0,14.225582126104264,22.355392643478133,0.023635031706841385,0.274,0.04095,True,True,True,False,-1087.4379247508434,0.0,156.88478602550583,77.89298290989395,38.10476891550445,-2.829063864074966,-817.3844507640141
2025-06-17T22:00:00Z,2025-06-17T22:15:00Z,2025-06-18,2025-06-18_1,-67.0,100,33,0,22.355392643478133,22.179951286956396,0.03136384043478261,15.983500000000001,0.0,True,True,True,False,-1889.9025,0.0,156.67588484571155,40.545033125758515,11278.490945128624,0.0,9585.809363100094
2025-06-17T22:15:00Z,2025-06-17T22:30:00Z,2025-06-18,2025-06-18_1,-67.0,100,33,0,22.179951286956396,23.56076259130422,0.03250632971014493,14.387500000000001,0.0,True,True,True,False,-1889.9025,0.0,156.67588484571155,40.545033125758515,4893.232745757317,0.0,3200.5511637287877
2025-06-17T22:30:00Z,2025-06-17T22:45:00Z,2025-06-18,2025-06-18_1,-67.0,100,33,0,23.56076259130422,38.47621375652161,0.042607533429951695,0.59,0.08778,True,True,True,False,-1889.9025,0.0,156.67588484571155,40.545033125758515,82.05041481805702,-4.8214819290531805,-1615.452649139526
2025-06-17T22:45:00Z,2025-06-17T23:00:00Z,2025-06-18,2025-06-18_1,-67.0,100,33,0,38.47621375652161,54.180450295652044,0.04366373072463769,0.0205,0.34155,True,True,True,False,-1889.9025,0.0,156.67588484571155,40.545033125758515,2.8509042436782526,-5.076396703340429,-1694.907074488192
2025-06-17T23:00:00Z,2025-06-17T23:15:00Z,2025-06-18,2025-06-18_2,0.0,19,19,81,54.180450295652044,54.29593427826074,0.0007149011594202899,0.065265,0.202635,True,True,True,False,0.0,761.4448003501582,29.768418120685197,23.34410998149733,9.081045048047272,-1.6423501641366414,821.9960233362514
2025-06-17T23:15:00Z,2025-06-17T23:30:00Z,2025-06-18,2025-06-18_2,0.0,19,19,81,54.29593427826074,54.281900547825956,7.345702898550724e-05,0.018619999999999998,0.006744999999999999,True,True,True,False,0.0,761.4448003501582,29.768418120685197,23.34410998149733,2.5894554642580023,-0.5233571414360463,816.6234267751627
2025-06-17T23:30:00Z,2025-06-17T23:45:00Z,2025-06-18,2025-06-18_2,0.0,19,19,81,54.281900547825956,54.106875026086826,0.000517743115942029,0.16625,0.006175,True,True,True,False,0.0,761.4448003501582,29.768418120685197,23.34410998149733,23.13687453992002,-0.36232408033742514,837.3318789119232
2025-06-17T23:45:00Z,2025-06-18T00:00:00Z,2025-06-18,2025-06-18_2,0.0,19,19,81,54.106875026086826,54.343466826086825,0.0006571994444444444,0.0,0.257165,True,True,True,False,0.0,761.4448003501582,29.768418120685197,23.34410998149733,0.0,-10.902203780116587,803.6551246722241
2025-06-18T00:00:00Z,2025-06-18T00:15:00Z,2025-06-18,2025-06-18_3,0.0,19,19,81,54.343466826086825,54.430146313043345,0.0002889647584541063,0.007980000000000001,0.103645,True,True,True,False,0.0,761.4448003501582,29.768418120685197,23.34410998149733,1.1097666275391442,-4.904243933907646,810.7628511459721
2025-06-18T00:15:00Z,2025-06-18T00:30:00Z,2025-06-18,2025-06-18_3,0.0,19,19,81,54.430146313043345,54.3846649391303,0.00014673048309178744,0.045219999999999996,0.0039900000000000005,True,True,True,False,0.0,761.4448003501582,29.768418120685197,23.34410998149733,6.288677556055149,-0.30959154845512604,820.5364144599407
2025-06-18T00:30:00Z,2025-06-18T00:45:00Z,2025-06-18,2025-06-18_3,0.0,19,19,81,54.3846649391303,54.17205080869552,0.000590594806763285,0.195605,0.0,True,True,True,False,0.0,761.4448003501582,29.768418120685197,23.34410998149733,27.228918050056702,0.0,841.7862465023974
2025-06-18T00:45:00Z,2025-06-18T01:00:00Z,2025-06-18,2025-06-18_3,0.0,19,19,81,54.17205080869552,54.082406165217265,0.0002810595652173913,0.08778,0.0062699999999999995,True,True,True,False,0.0,761.4448003501582,29.768418120685197,23.34410998149733,12.209022139545988,-0.486501004715198,826.2798495871715
2025-06-18T01:00:00Z,2025-06-18T01:15:00Z,2025-06-18,2025-06-18_4,0.0,19,19,81,54.082406165217265,54.35404536521727,0.0007545533333333334,0.0,0.29526,True,True,True,False,0.0,761.4448003501582,29.768418120685197,23.34410998149733,0.0,-13.04476690607405,801.5125615462666
2025-06-18T01:15:00Z,2025-06-18T01:30:00Z,2025-06-18,2025-06-18_4,0.0,19,19,81,54.35404536521727,54.90982196521727,0.0015438238888888889,0.0,0.6041049999999999,True,True,True,False,0.0,761.4448003501582,29.768418120685197,23.34410998149733,0.0,-17.012965990887924,797.5443624614528
2025-06-18T01:30:00Z,2025-06-18T01:45:00Z,2025-06-18,2025-06-18_4,0.0,19,19,81,54.90982196521727,54.83725171304336,0.0003210307004830918,0.086545,0.02337,True,True,True,False,0.0,761.4448003501582,29.768418120685197,23.34410998149733,12.042622333525655,-1.6452967272148498,824.9546540586515
2025-06-18T01:45:00Z,2025-06-18T02:00:00Z,2025-06-18,2025-06-18_4,0.0,19,19,81,54.83725171304336,54.87624318260857,0.0001679714734299517,0.00988,0.054055,True,True,True,False,0.0,761.4448003501582,29.768418120685197,23.34410998149733,1.373996776953226,-3.3864952579432184,812.5448299713507
2025-06-18T02:00:00Z,2025-06-18T02:15:00Z,2025-06-18,2025-06-18_5,0.0,19,19,81,54.87624318260857,55.15434998260857,0.0007725188888888889,0.0,0.30229,True,True,True,False,0.0,761.4448003501582,29.768418120685197,23.34410998149733,0.0,-12.730184091677774,801.8271443606629
2025-06-18T02:15:00Z,2025-06-18T02:30:00Z,2025-06-18,2025-06-18_5,0.0,19,19,81,55.15434998260857,55.2223485043477,0.00021412632850241546,0.00418,0.07885,True,True,True,False,0.0,761.4448003501582,29.768418120685197,23.34410998149733,0.5813063287109802,-4.401798151721943,810.7368366293298
2025-06-18T02:30:00Z,2025-06-18T02:45:00Z,2025-06-18,2025-06-18_5,0.0,19,19,81,55.2223485043477,55.3440967043477,0.0003381894444444445,0.0,0.132335,True,True,True,False,0.0,761.4448003501582,29.768418120685197,23.34410998149733,0.0,-6.622042030917375,807.9352864214234
2025-06-18T02:45:00Z,2025-06-18T03:00:00Z,2025-06-18,2025-06-18_5,0.0,19,19,81,55.3440967043477,55.225196521739,0.0003443593961352657,0.11172,0.002755,True,True,True,False,0.0,761.4448003501582,29.768418120685197,23.34410998149733,15.536732785548017,-0.21376559298092035,829.8802956449078
2025-06-18T03:00:00Z,2025-06-18T03:15:00Z,2025-06-18,2025-06-18_6,-74.0,100,26,0,55.225196521739,68.16034365217378,0.04258796908212561,4.24,0.0,True,True,True,False,-1893.29,0.0,156.67588484571155,31.94457155362792,687.9069534249845,0.0,-1016.762590175676
2025-06-18T03:15:00Z,2025-06-18T03:30:00Z,2025-06-18,2025-06-18_6,-74.0,100,26,0,68.16034365217378,80.8729433739129,0.04233246299516908,4.471,0.0,True,True,True,False,-1893.29,0.0,156.67588484571155,31.94457155362792,666.8668666812566,0.0,-1037.802676919404
2025-06-18T03:30:00Z,2025-06-18T03:45:00Z,2025-06-18,2025-06-18_6,-74.0,100,26,0,80.8729433739129,93.80423686956507,0.04258354473429951,4.244,0.0,True,True,True,False,-1893.29,0.0,156.67588484571155,31.94457155362792,593.1484583092931,0.0,-1111.5210852913674
2025-06-18T03:45:00Z,2025-06-18T04:00:00Z,2025-06-18,2025-06-18_6,-74.0,100,26,0,93.80423686956507,94.35476521739116,0.02836922125603865,17.095,0.0,True,True,True,False,-1893.29,0.0,156.67588484571155,31.94457155362792,12742.626536418438,0.0,11037.956992817777
2025-06-18T04:00:00Z,2025-06-18T04:15:00Z,2025-06-18,2025-06-18_7,0.0,100,100,0,94.35476521739116,86.4362869565216,0.021995772946859903,7.285,0.0,True,True,True,False,0.0,0.0,156.67588484571155,122.86373674472277,1439.3422487714622,0.0,1718.8818703618965
2025-06-18T04:15:00Z,2025-06-18T04:30:00Z,2025-06-18,2025-06-18_7,0.0,100,100,0,86.4362869565216,73.82596086956508,0.035028683574879226,11.6015,0.0,True,True,True,False,0.0,0.0,156.67588484571155,122.86373674472277,2233.051586654199,0.0,2512.5912082446334
2025-06-18T04:30:00Z,2025-06-18T04:45:00Z,2025-06-18,2025-06-18_7,0.0,100,100,0,73.82596086956508,55.25204782608682,0.051594202898550726,17.088,0.0,True,True,True,False,0.0,0.0,156.67588484571155,122.86373674472277,3443.4140548713763,0.0,3722.9536764618106
2025-06-18T04:45:00Z,2025-06-18T05:00:00Z,2025-06-18,2025-06-18_7,0.0,100,100,0,55.25204782608682,54.021739130434646,0.0034303019323671494,1.134,0.0025,True,True,True,False,0.0,0.0,156.67588484571155,122.86373674472277,157.85213218470844,-0.19397966695183336,437.1977741081909
2025-06-18T05:00:00Z,2025-06-18T05:15:00Z,2025-06-18,2025-06-18_8,7.723290606088045e-15,0,0,81,54.021739130434646,54.021739130434646,5.82977853720414e-18,0.0,0.0,True,False,True,False,2.2077026197502678e-13,761.4448003501582,0.0,0.0,0.0,0.0,761.4448003501584
2025-06-18T05:15:00Z,2025-06-18T05:30:00Z,2025-06-18,2025-06-18_8,7.723290606088045e-15,0,0,81,54.021739130434646,54.021739130434646,5.82977853720414e-18,0.0,0.0,True,False,True,False,2.2077026197502678e-13,761.4448003501582,0.0,0.0,0.0,0.0,761.4448003501584
2025-06-18T05:30:00Z,2025-06-18T05:45:00Z,2025-06-18,2025-06-18_8,7.723290606088045e-15,0,0,81,54.021739130434646,54.021739130434646,5.82977853720414e-18,0.0,0.0,True,False,True,False,2.2077026197502678e-13,761.4448003501582,0.0,0.0,0.0,0.0,761.4448003501584
2025-06-18T05:45:00Z,2025-06-18T06:00:00Z,2025-06-18,2025-06-18_8,7.723290606088045e-15,0,0,81,54.021739130434646,54.021739130434646,5.82977853720414e-18,0.0,0.0,True,False,True,False,2.2077026197502678e-13,761.4448003501582,0.0,0.0,0.0,0.0,761.4448003501584
2025-06-18T06:00:00Z,2025-06-18T06:15:00Z,2025-06-18,2025-06-18_9,37.755008144844005,62,100,0,54.021739130434646,48.590255598597174,0.0319425681162556,0.34967999999999994,5.298,True,True,True,False,1010.3240179560256,0.0,98.06418240057297,123.10248095020195,48.6294729721664,3931.3567463143863,5211.476900593353
2025-06-18T06:15:00Z,2025-06-18T06:30:00Z,2025-06-18,2025-06-18_9,37.755008144844005,62,100,0,48.590255598597174,34.04825883634852,0.0406950787613511,4.0253499999999995,0.0945,True,True,True,False,1010.3240179560256,0.0,98.06418240057297,123.10248095020195,726.8630627101446,-3.6201529952450113,1954.7335910217002
2025-06-18T06:30:00Z,2025-06-18T06:45:00Z,2025-06-18,2025-06-18_9,37.755008144844005,62,100,0,34.04825883634852,26.27203288082466,0.029659140944209694,0.006200000000000001,2.533,True,True,True,False,1010.3240179560256,0.0,98.06418240057297,123.10248095020195,0.8622246980880569,-89.65710303802001,1142.6958029668685
2025-06-18T06:45:00Z,2025-06-18T07:00:00Z,2025-06-18,2025-06-18_9,37.755008144844005,62,100,0,26.27203288082466,16.210647394690184,0.028641840548510766,0.01488,0.218,True,True,True,False,1010.3240179560256,0.0,98.06418240057297,123.10248095020195,2.0693392754113367,-8.41253685613672,1225.147483726075
2025-06-18T07:00:00Z,2025-06-18T07:15:00Z,2025-06-18,2025-06-18_10,19.99778220066642,80,100,0,16.210647394690184,10.442719157723385,0.017111741978243368,0.5408000000000001,0.2665,True,True,True,False,348.3613659356091,0.0,126.53442890396514,124.14698684917335,71.9170500765971,-10.074699978115115,660.8851317872296
2025-06-18T07:15:00Z,2025-06-18T07:30:00Z,2025-06-18,2025-06-18_10,19.99778220066642,80,100,0,10.442719157723385,9.9999999999999,0.02263774668175068,0.0,5.2355,True,True,True,False,348.3613659356091,0.0,126.53442890396514,124.14698684917335,0.0,-95.25937200326285,503.78340968548474
2025-06-18T07:30:00Z,2025-06-18T07:45:00Z,2025-06-18,2025-06-18_10,19.99778220066642,80,100,0,9.9999999999999,10.127883321826356,0.023500007636593573,0.0,5.834,True,True,True,False,348.3613659356091,0.0,126.53442890396514,124.14698684917335,0.0,-60.24353938284622,538.7992423059013
2025-06-18T07:45:00Z,2025-06-18T08:00:00Z,2025-06-18,2025-06-18_10,19.99778220066642,80,100,0,10.127883321826356,18.136945252173394,0.03540958187754393,0.0,14.100499999999998,True,True,True,False,348.3613659356091,0.0,126.53442890396514,124.14698684917335,0.0,7560.264324751805,8159.307106440553
2025-06-18T08:00:00Z,2025-06-18T08:15:00Z,2025-06-18,2025-06-18_11,0.0,100,100,0,18.136945252173394,21.808665252173395,0.010199222222222222,0.0,3.991,True,True,True,False,0.0,0.0,156.67588484571155,123.34122515568113,0.0,-118.01490937667866,162.00220062471402
2025-06-18T08:15:00Z,2025-06-18T08:30:00Z,2025-06-18,2025-06-18_11,0.0,100,100,0,21.808665252173395,36.17768525217339,0.03991394444444444,0.0,15.6185,True,True,True,False,0.0,0.0,156.67588484571155,123.34122515568113,0.0,3794.5407233949422,4074.557833396335
2025-06-18T08:30:00Z,2025-06-18T08:45:00Z,2025-06-18,2025-06-18_11,0.0,100,100,0,36.17768525217339,56.107185252173394,0.05535972222222223,0.0,21.6625,True,True,True,False,0.0,0.0,156.67588484571155,123.34122515568113,0.0,6637.500676441917,6917.51778644331
2025-06-18T08:45:00Z,2025-06-18T09:00:00Z,2025-06-18,2025-06-18_11,0.0,100,100,0,56.107185252173394,69.72962525217339,0.037840111111111116,0.0,14.807,True,True,True,False,0.0,0.0,156.67588484571155,123.34122515568113,0.0,2169.820720012733,2449.8378300141258
2025-06-18T09:00:00Z,2025-06-18T09:15:00Z,2025-06-18,2025-06-18_12,0.0,100,100,0,69.72962525217339,81.09016177391253,0.03156006521739131,0.0005,12.349,True,True,True,False,0.0,0.0,156.67588484571155,168.10576368302728,0.04535045659829298,7569.50974911963,7894.336748104967
2025-06-18T09:15:00Z,2025-06-18T09:30:00Z,2025-06-18,2025-06-18_12,0.0,100,100,0,81.09016177391253,82.11861655652123,0.0032432922705314007,0.064,1.1935,True,True,True,False,0.0,0.0,156.67588484571155,168.10576368302728,5.804858444581502,-5.79214243081392,324.7943645425064
2025-06-18T09:30:00Z,2025-06-18T09:45:00Z,2025-06-18,2025-06-18_12,0.0,100,100,0,82.11861655652123,86.46101655652123,0.01206222222222222,0.0,4.72,True,True,True,False,0.0,0.0,156.67588484571155,168.10576368302728,0.0,272.34070389749917,597.122352426238
2025-06-18T09:45:00Z,2025-06-18T10:00:00Z,2025-06-18,2025-06-18_12,0.0,100,100,0,86.46101655652123,89.06989307826036,0.007388787439613528,0.0235,2.8635,True,True,True,False,0.0,0.0,156.67588484571155,168.10576368302728,2.13147146011977,189.4303552314824,516.343475220341
2025-06-18T10:00:00Z,2025-06-18T10:15:00Z,2025-06-18,2025-06-18_13,0.0,100,100,0,89.06989307826036,99.10525307826036,0.027876,0.0,10.908,True,True,True,False,0.0,0.0,156.67588484571155,168.10576368302728,0.0,4894.003336848178,5218.784985376917
2025-06-18T10:15:00Z,2025-06-18T10:30:00Z,2025-06-18,2025-06-18_13,0.0,100,100,0,99.10525307826036,105.26097307826036,0.017099222222222224,0.0,6.691,True,True,True,False,0.0,0.0,156.67588484571155,168.10576368302728,0.0,1065.8848329785328,1390.6664815072716
2025-06-18T10:30:00Z,2025-06-18T10:45:00Z,2025-06-18,2025-06-18_13,0.0,100,100,0,105.26097307826036,107.34845307826036,0.005798555555555556,0.0,2.269,True,True,True,False,0.0,0.0,156.67588484571155,168.10576368302728,0.0,-61.466096333286906,263.3155521954519
2025-06-18T10:45:00Z,2025-06-18T11:00:00Z,2025-06-18,2025-06-18_13,0.0,100,100,0,107.34845307826036,108.91079742608645,0.004665932367149758,0.054,1.762,True,True,True,False,0.0,0.0,156.67588484571155,168.10576368302728,4.897849312615642,-57.7982834291626,271.88121441219187
2025-06-18T11:00:00Z,2025-06-18T11:15:00Z,2025-06-18,2025-06-18_14,-50.0,50,0,50,108.91079742608645,118.10320742608644,0.025534472222222222,2.50825,0.0,True,True,True,False,-64.0,470.02765453713465,78.33794242285578,0.0,259.1562245090822,0.0,743.5218214690726
2025-06-18T11:15:00Z,2025-06-18T11:30:00Z,2025-06-18,2025-06-18_14,-50.0,50,0,50,118.10320742608644,125.22262742608645,0.01977616666666667,4.7615,0.0,True,True,True,False,-64.0,470.02765453713465,78.33794242285578,0.0,560.8098356644052,0.0,1045.1754326243956
2025-06-18T11:30:00Z,2025-06-18T11:45:00Z,2025-06-18,2025-06-18_14,-50.0,50,0,50,125.22262742608645,133.15578742608645,0.022036555555555556,3.877,0.0,True,True,True,False,-64.0,470.02765453713465,78.33794242285578,0.0,366.9585937966297,0.0,851.3241907566202
2025-06-18T11:45:00Z,2025-06-18T12:00:00Z,2025-06-18,2025-06-18_14,-50.0,50,0,50,133.15578742608645,144.37150742608645,0.03115477777777778,0.309,0.0,True,True,True,False,-64.0,470.02765453713465,78.33794242285578,0.0,29.21418777231761,0.0,513.579784732308
2025-06-18T12:00:00Z,2025-06-18T12:15:00Z,2025-06-18,2025-06-18_15,0.0,100,100,0,144.37150742608645,154.98232742608644,0.0294745,0.0,11.5335,True,True,True,False,0.0,0.0,156.67588484571155,168.10576368302728,0.0,3941.2775603326504,4266.059208861389
2025-06-18T12:15:00Z,2025-06-18T12:30:00Z,2025-06-18,2025-06-18_15,0.0,100,100,0,154.98232742608644,162.71756307826035,0.021507900966183578,0.0035000000000000005,8.412,True,True,True,False,0.0,0.0,156.67588484571155,168.10576368302728,0.3490808348089052,3916.8175214372404,4241.948250800788
2025-06-18T12:30:00Z,2025-06-18T12:45:00Z,2025-06-18,2025-06-18_15,0.0,100,100,0,162.71756307826035,162.9099065565212,0.0009479347826086956,0.0685,0.29,True,True,True,False,0.0,0.0,156.67588484571155,168.10576368302728,6.790376121600383,-10.973300439687245,320.598724210652
2025-06-18T12:45:00Z,2025-06-18T13:00:00Z,2025-06-18,2025-06-18_15,0.0,100,100,0,162.9099065565212,163.1600717739125,0.0008639855072463769,0.028000000000000004,0.305,True,True,True,False,0.0,0.0,156.67588484571155,168.10576368302728,2.7145900563038423,-11.547377792809819,315.94886079223284
2025-06-18T13:00:00Z,2025-06-18T13:15:00Z,2025-06-18,2025-06-18_16,0.0,45,45,55,163.1600717739125,164.44429977391252,0.0035673,0.0,1.3959,True,True,True,False,0.0,517.0304199908481,70.5041481805702,75.64759365736228,0.0,-35.15508455523944,628.0270772735412
2025-06-18T13:15:00Z,2025-06-18T13:30:00Z,2025-06-18,2025-06-18_16,0.0,45,45,55,164.44429977391252,164.4819319043473,0.00038306630434782607,0.04612499999999999,0.0954,True,True,True,False,0.0,517.0304199908481,70.5041481805702,75.64759365736228,5.28324557825836,-3.6132159242385056,664.8521914828004
2025-06-18T13:30:00Z,2025-06-18T13:45:00Z,2025-06-18,2025-06-18_16,0.0,45,45,55,164.4819319043473,164.41586799130383,0.0003042608695652174,0.080775,0.023625,True,True,True,False,0.0,517.0304199908481,70.5041481805702,75.64759365736228,8.576455931798739,-0.8981570439488292,670.8604607166305
2025-06-18T13:45:00Z,2025-06-18T14:00:00Z,2025-06-18,2025-06-18_16,0.0,45,45,55,164.41586799130383,164.3833909043473,0.0003282641304347826,0.0693,0.046575,True,True,True,False,0.0,517.0304199908481,70.5041481805702,75.64759365736228,8.208747209677098,-1.771643947834391,669.6192650906233
2025-06-18T14:00:00Z,2025-06-18T14:15:00Z,2025-06-18,2025-06-18_17,0.0,58,58,42,164.3833909043473,170.2071013043473,0.016176973333333334,0.0,6.33012,True,True,True,False,0.0,394.8232298111931,90.87201321051269,71.81485386865089,0.0,163.1262465909317,720.6363434812883
2025-06-18T14:15:00Z,2025-06-18T14:30:00Z,2025-06-18,2025-06-18_17,0.0,58,58,42,170.2071013043473,170.5348239999995,0.0012833480676328504,0.06177,0.4292,True,True,True,False,0.0,394.8232298111931,90.87201321051269,71.81485386865089,7.789031953922368,-16.245010365477587,549.0541184788015
2025-06-18T14:30:00Z,2025-06-18T14:45:00Z,2025-06-18,2025-06-18_17,0.0,58,58,42,170.5348239999995,169.77178457391256,0.002212933961352657,0.7174600000000001,0.01827,True,True,True,False,0.0,394.8232298111931,90.87201321051269,71.81485386865089,94.1299583590315,-0.6992819509380659,650.94077329845
2025-06-18T14:45:00Z,2025-06-18T15:00:00Z,2025-06-18,2025-06-18_17,0.0,58,58,42,169.77178457391256,165.45204544347777,0.01199927536231884,3.97416,0.0,True,True,True,False,0.0,394.8232298111931,90.87201321051269,71.81485386865089,665.9918249209159,0.0,1223.5019218112725
2025-06-18T15:00:00Z,2025-06-18T15:15:00Z,2025-06-18,2025-06-18_18,17.999999999999833,82,100,0,165.45204544347777,170.05763060869518,0.031942627874396105,0.59245,10.674,True,True,True,False,478.57499999999555,0.0,128.64552454091478,122.86373674472277,82.45843641445995,7256.795233869844,8069.337931569938
2025-06-18T15:15:00Z,2025-06-18T15:30:00Z,2025-06-18,2025-06-18_18,17.999999999999833,82,100,0,170.05763060869518,169.39145158260828,0.020823657294685907,0.06970000000000001,4.527,True,True,True,False,478.57499999999555,0.0,128.64552454091478,122.86373674472277,9.69307442850606,141.62197521039334,881.3993109245325
2025-06-18T15:30:00Z,2025-06-18T15:45:00Z,2025-06-18,2025-06-18_18,17.999999999999833,82,100,0,169.39145158260828,163.6137391304344,0.016271330144927407,0.8618199999999999,0.053,True,True,True,False,478.57499999999555,0.0,128.64552454091478,122.86373674472277,119.96483647215645,-2.9127803752263093,847.1363173825632
2025-06-18T15:45:00Z,2025-06-18T16:00:00Z,2025-06-18,2025-06-18_18,17.999999999999833,82,100,0,163.6137391304344,152.73999999999967,0.030204830917874265,5.50384,0.0,True,True,True,False,478.57499999999555,0.0,128.64552454091478,122.86373674472277,977.6211814495754,0.0,1707.7054427352084
2025-06-18T16:00:00Z,2025-06-18T16:15:00Z,2025-06-18,2025-06-18_19,0.029828220601685124,0,0,81,152.73999999999967,152.73189450527096,2.2515263135329952e-05,0.0,0.0,True,False,True,False,1.006702445306873,761.4448003501582,0.0,0.0,0.0,0.0,762.4515027954651
2025-06-18T16:15:00Z,2025-06-18T16:30:00Z,2025-06-18,2025-06-18_19,0.029828220601685124,0,0,81,152.73189450527096,152.72378901054225,2.2515263135329952e-05,0.0,0.0,True,False,True,False,1.006702445306873,761.4448003501582,0.0,0.0,0.0,0.0,762.4515027954651
2025-06-18T16:30:00Z,2025-06-18T16:45:00Z,2025-06-18,2025-06-18_19,0.029828220601685124,0,0,81,152.72378901054225,152.71568351581354,2.2515263135329952e-05,0.0,0.0,True,False,True,False,1.006702445306873,761.4448003501582,0.0,0.0,0.0,0.0,762.4515027954651
2025-06-18T16:45:00Z,2025-06-18T17:00:00Z,2025-06-18,2025-06-18_19,0.029828220601685124,0,0,81,152.71568351581354,152.70757802108483,2.2515263135329952e-05,0.0,0.0,True,False,True,False,1.006702445306873,761.4448003501582,0.0,0.0,0.0,0.0,762.4515027954651
2025-06-18T17:00:00Z,2025-06-18T17:15:00Z,2025-06-18,2025-06-18_20,-0.6461806503643679,19,18,81,152.70757802108483,152.4454875747773,0.001656526678779901,0.408785,0.03402,True,True,True,False,-28.084626516461338,761.4448003501582,29.808109344846113,22.1154726140501,86.66285917772517,-2.5046660684797963,869.4419489018384
2025-06-18T17:15:00Z,2025-06-18T17:30:00Z,2025-06-18,2025-06-18_20,-0.6461806503643679,19,18,81,152.4454875747773,152.37203345757865,0.0010145612912913766,0.20890499999999998,0.0041400000000000005,True,True,True,False,-28.084626516461338,761.4448003501582,29.808109344846113,22.1154726140501,52.369141468873714,-0.3212303284722361,837.3316669329945
2025-06-18T17:30:00Z,2025-06-18T17:45:00Z,2025-06-18,2025-06-18_20,-0.6461806503643679,19,18,81,152.37203345757865,151.79574974018476,0.0023099275709583212,0.6704150000000001,0.0,True,True,True,False,-28.084626516461338,761.4448003501582,29.808109344846113,22.1154726140501,176.36810931699264,0.0,961.6518651095857
2025-06-18T17:45:00Z,2025-06-18T18:00:00Z,2025-06-18,2025-06-18_20,-0.6461806503643679,19,18,81,151.79574974018476,150.70380434782584,0.0036594233148710556,1.147315,0.0,True,True,True,False,-28.084626516461338,761.4448003501582,29.808109344846113,22.1154726140501,301.85868378329985,0.0,1087.142439575893
2025-06-18T18:00:00Z,2025-06-18T18:15:00Z,2025-06-18,2025-06-18_21,99.99999999999997,0,100,0,150.70380434782584,123.58478260869542,0.07533061594202897,0.0,0.0505,True,True,True,False,6254.249999999998,0.0,0.0,122.86373674472277,0.0,-3.9039615621829182,6373.209775182538
2025-06-18T18:15:00Z,2025-06-18T18:30:00Z,2025-06-18,2025-06-18_21,99.99999999999997,0,100,0,123.58478260869542,96.41086956521717,0.07548309178743959,0.0,0.0,True,True,True,False,6254.249999999998,0.0,0.0,122.86373674472277,0.0,0.0,6377.113736744721
2025-06-18T18:30:00Z,2025-06-18T18:45:00Z,2025-06-18,2025-06-18_21,99.99999999999997,0,100,0,96.41086956521717,69.23695652173892,0.07548309178743959,0.0,0.0,True,True,True,False,6254.249999999998,0.0,0.0,122.86373674472277,0.0,0.0,6377.113736744721
2025-06-18T18:45:00Z,2025-06-18T19:00:00Z,2025-06-18,2025-06-18_21,99.99999999999997,0,100,0,69.23695652173892,42.065217391304145,0.0754770531400966,0.0,0.002,True,True,True,False,6254.249999999998,0.0,0.0,122.86373674472277,0.0,-0.1551837335614667,6376.95855301116
2025-06-18T19:00:00Z,2025-06-18T19:15:00Z,2025-06-18,2025-06-18_22,4.633974363652827e-14,0,0,59,42.065217391304145,42.06521739130413,3.497867122322484e-17,0.0,0.0,True,False,True,False,2.053429889893659e-12,554.6326323538188,0.0,0.0,0.0,0.0,554.6326323538209
2025-06-18T19:15:00Z,2025-06-18T19:30:00Z,2025-06-18,2025-06-18_22,4.633974363652827e-14,0,0,59,42.06521739130413,42.06521739130412,3.497867122322484e-17,0.0,0.0,True,False,True,False,2.053429889893659e-12,554.6326323538188,0.0,0.0,0.0,0.0,554.6326323538209
2025-06-18T19:30:00Z,2025-06-18T19:45:00Z,2025-06-18,2025-06-18_22,4.633974363652827e-14,0,0,59,42.06521739130412,42.0652173913041,3.497867122322484e-17,0.0,0.0,True,False,True,False,2.053429889893659e-12,554.6326323538188,0.0,0.0,0.0,0.0,554.6326323538209
2025-06-18T19:45:00Z,2025-06-18T20:00:00Z,2025-06-18,2025-06-18_22,4.633974363652827e-14,0,0,59,42.0652173913041,42.06521739130409,3.497867122322484e-17,0.0,0.0,True,False,True,False,2.053429889893659e-12,554.6326323538188,0.0,0.0,0.0,0.0,554.6326323538209
2025-06-18T20:00:00Z,2025-06-18T20:15:00Z,2025-06-18,2025-06-18_23,45.77627327617601,54,100,0,42.06521739130409,27.70460382803675,0.040426865888596786,1.94508,0.1935,True,True,True,False,1550.327935180891,0.0,84.71778445377315,122.86373674472277,375.51502492091595,-13.142162127210872,2120.282319173092
2025-06-18T20:15:00Z,2025-06-18T20:30:00Z,2025-06-18,2025-06-18_23,45.77627327617601,54,100,0,27.70460382803675,21.558180289556788,0.034583324551657135,0.00243,6.318,True,True,True,False,1550.327935180891,0.0,84.71778445377315,122.86373674472277,0.3380974454370014,-213.20280365278634,1545.0447501720375
2025-06-18T20:30:00Z,2025-06-18T20:45:00Z,2025-06-18,2025-06-18_23,45.77627327617601,54,100,0,21.558180289556788,12.557643355488157,0.034565713397413045,0.0,3.451,True,True,True,False,1550.327935180891,0.0,84.71778445377315,122.86373674472277,0.0,-203.06199490679026,1554.8474614725967
2025-06-18T20:45:00Z,2025-06-18T21:00:00Z,2025-06-18,2025-06-18_23,45.77627327617601,54,100,0,12.557643355488157,9.999999999999705,0.03458888499227622,0.0,9.917,True,True,True,False,1550.327935180891,0.0,84.71778445377315,122.86373674472277,0.0,-200.53794640192586,1557.371509977461
2025-06-18T21:00:00Z,2025-06-18T21:15:00Z,2025-06-19,2025-06-18_24,-43.81024086696856,100,56,0,9.999999999999705,20.633992062782077,0.02963048057877905,0.027,0.6358799999999999,True,True,True,False,-1274.0018044114458,0.0,151.65424739195234,66.8828614008942,3.7488339791356187,-29.221671129657224,-1080.937532769121
2025-06-18T21:15:00Z,2025-06-18T21:30:00Z,2025-06-19,2025-06-18_24,-43.81024086696856,100,56,0,20.633992062782077,32.18730925621176,0.03212138912140074,0.0085,1.6147600000000002,True,True,True,False,-1274.0018044114458,0.0,151.65424739195234,66.8828614008942,1.180029706905117,-54.150050098360666,-1108.434716010055
2025-06-18T21:30:00Z,2025-06-18T21:45:00Z,2025-06-19,2025-06-18_24,-43.81024086696856,100,56,0,32.18730925621176,46.54420385561453,0.03988026277611881,0.0,4.652760000000001,True,True,True,False,-1274.0018044114458,0.0,151.65424739195234,66.8828614008942,0.0,-170.29517644113264,-1225.759872059732
2025-06-18T21:45:00Z,2025-06-18T22:00:00Z,2025-06-19,2025-06-18_24,-43.81024086696856,100,56,0,46.54420385561453,54.54937821739122,0.031336893395924985,2.682,0.7042,True,True,True,False,-1274.0018044114458,0.0,151.65424739195234,66.8828614008942,372.99598569299553,-31.282432071535023,-713.7511419971388
2025-06-18T22:00:00Z,2025-06-18T22:15:00Z,2025-06-19,2025-06-19_1,0.0,19,19,81,54.54937821739122,54.099009982608614,0.001252479541062802,0.41458,0.000285,True,True,True,False,0.0,760.5067064083458,28.8822652757079,22.692399403874816,57.63621733134625,-0.02208643815201192,869.6955019811228
2025-06-18T22:15:00Z,2025-06-18T22:30:00Z,2025-06-19,2025-06-19_1,0.0,19,19,81,54.099009982608614,54.0217391304347,0.00021561236714975839,0.07125,0.00019,True,True,True,False,0.0,760.5067064083458,28.8822652757079,22.692399403874816,9.89575782414307,-0.014724292101341283,821.9624046199702
2025-06-18T22:30:00Z,2025-06-18T22:45:00Z,2025-06-19,2025-06-19_1,0.0,19,19,81,54.0217391304347,54.23935009565209,0.000772560652173913,0.027835,0.26942,True,True,True,False,0.0,760.5067064083458,28.8822652757079,22.692399403874816,3.866092061599603,-11.040143662195728,804.9073194873324
2025-06-18T22:45:00Z,2025-06-18T23:00:00Z,2025-06-19,2025-06-19_1,0.0,19,19,81,54.23935009565209,55.59492409565209,0.0037654833333333336,0.0,1.47345,True,True,True,False,0.0,760.5067064083458,28.8822652757079,22.692399403874816,0.0,-59.041060983606556,753.040310104322
2025-06-18T23:00:00Z,2025-06-18T23:15:00Z,2025-06-19,2025-06-19_2,0.0,19,19,81,55.59492409565209,55.615759991304266,0.000416995845410628,0.05947,0.09291,True,True,True,False,0.0,760.5067064083458,28.8822652757079,22.692399403874816,8.259895540983607,-5.2445733412816695,815.0966932876305
2025-06-18T23:15:00Z,2025-06-18T23:30:00Z,2025-06-19,2025-06-19_2,0.0,19,19,81,55.615759991304266,55.6757727304347,0.00018047016908212562,0.00228,0.067925,True,True,True,False,0.0,760.5067064083458,28.8822652757079,22.692399403874816,0.3166855439642325,-4.436997322404372,807.9610593094884
2025-06-18T23:30:00Z,2025-06-18T23:45:00Z,2025-06-19,2025-06-19_2,0.0,19,19,81,55.6757727304347,55.45070649565209,0.0006776239855072463,0.21574499999999996,0.01026,True,True,True,False,0.0,760.5067064083458,28.8822652757079,22.692399403874816,29.968170152011922,-0.7414621162444114,841.3080791236961
2025-06-18T23:45:00Z,2025-06-19T00:00:00Z,2025-06-19,2025-06-19_2,0.0,19,19,81,55.45070649565209,55.46648657391296,0.0002033142270531401,0.026410000000000003,0.048355,True,True,True,False,0.0,760.5067064083458,28.8822652757079,22.692399403874816,3.6677074456035776,-2.9018957297565824,812.8471828037756
2025-06-19T00:00:00Z,2025-06-19T00:15:00Z,2025-06-19,2025-06-19_3,-1.8730616846374388,19,17,81,55.46648657391296,55.68992990878587,0.0017852249968147585,0.21394,0.023545000000000003,True,True,True,False,-48.46547108999373,760.5067064083458,28.8822652757079,20.303725782414308,29.72173937804272,-1.309836538499752,789.6391292160173
2025-06-19T00:15:00Z,2025-06-19T00:30:00Z,2025-06-19,2025-06-19_3,-1.8730616846374388,19,17,81,55.68992990878587,55.027285046568906,0.00371936936723484,1.0214400000000001,0.0,True,True,True,False,-48.46547108999373,760.5067064083458,28.8822652757079,20.303725782414308,149.94008512667662,0.0,911.1673115031509
2025-06-19T00:30:00Z,2025-06-19T00:45:00Z,2025-06-19,2025-06-19_3,-1.8730616846374388,19,17,81,55.027285046568906,55.351212365791454,0.0014551825217141872,0.10203000000000001,0.0025499999999999997,True,True,True,False,-48.46547108999373,760.5067064083458,28.8822652757079,20.303725782414308,14.172205222056633,-0.1915350223546945,775.2078965761763
2025-06-19T00:45:00Z,2025-06-19T01:00:00Z,2025-06-19,2025-06-19_3,-1.8730616846374388,19,17,81,55.351212365791454,55.643403173912944,0.0015164725625306922,0.129485,0.0,True,True,True,False,-48.46547108999373,760.5067064083458,28.8822652757079,20.303725782414308,17.98479109388972,0.0,779.212017470364
2025-06-19T01:00:00Z,2025-06-19T01:15:00Z,2025-06-19,2025-06-19_4,0.0,19,19,81,55.643403173912944,54.33828904347816,0.0036253170289855074,1.2007050000000001,0.0,True,True,True,False,0.0,760.5067064083458,28.8822652757079,22.692399403874816,207.23870062295086,0.0,1019.3200717108795
2025-06-19T01:15:00Z,2025-06-19T01:30:00Z,2025-06-19,2025-06-19_4,0.0,19,19,81,54.33828904347816,54.21264452173903,0.00035144033816425117,0.115995,0.000475,True,True,True,False,0.0,760.5067064083458,28.8822652757079,22.692399403874816,16.11105436065574,-0.036810730253353206,828.155614718331
2025-06-19T01:30:00Z,2025-06-19T01:45:00Z,2025-06-19,2025-06-19_4,0.0,19,19,81,54.21264452173903,54.02173913043468,0.0005327205314009662,0.17603500000000002,0.000475,True,True,True,False,0.0,760.5067064083458,28.8822652757079,22.692399403874816,24.45300173671138,-0.036810730253353206,836.4975620943866
2025-06-19T01:45:00Z,2025-06-19T02:00:00Z,2025-06-19,2025-06-19_4,0.0,19,19,81,54.02173913043468,54.13500308695642,0.00034330567632850245,0.00475,0.128725,True,True,True,False,0.0,760.5067064083458,28.8822652757079,22.692399403874816,0.6597237953303527,-6.911068117237954,805.830026766021
2025-06-19T02:00:00Z,2025-06-19T02:15:00Z,2025-06-19,2025-06-19_5,0.0,19,19,81,54.13500308695642,54.138940713043375,9.928326086956521e-05,0.014629999999999999,0.021564999999999997,True,True,True,False,0.0,760.5067064083458,28.8822652757079,22.692399403874816,2.0319144043715847,-1.464500254346746,812.6487852379535
2025-06-19T02:15:00Z,2025-06-19T02:30:00Z,2025-06-19,2025-06-19_5,0.0,19,19,81,54.138940713043375,54.389607217391195,0.0007593997101449276,0.010450000000000001,0.28481,True,True,True,False,0.0,760.5067064083458,28.8822652757079,22.692399403874816,1.451116174863388,-11.810404304023846,801.722082958768
2025-06-19T02:30:00Z,2025-06-19T02:45:00Z,2025-06-19,2025-06-19_5,0.0,19,19,81,54.389607217391195,56.5715482173912,0.006060947222222223,0.0,2.371675,True,True,True,False,0.0,760.5067064083458,28.8822652757079,22.692399403874816,0.0,-46.33543686040736,765.7459342275212
2025-06-19T02:45:00Z,2025-06-19T03:00:00Z,2025-06-19,2025-06-19_5,0.0,19,19,81,56.5715482173912,57.53810481739119,0.0026848794444444446,0.0,1.050605,True,True,True,False,0.0,760.5067064083458,28.8822652757079,22.692399403874816,0.0,-18.25996374267263,793.8214073452559
2025-06-19T03:00:00Z,2025-06-19T03:15:00Z,2025-06-19,2025-06-19_6,5.000000000000024,14,19,81,57.53810481739119,57.7953224347825,0.0055988532850241605,0.0,1.6763700000000001,True,True,True,False,124.9375000000006,760.5067064083458,21.281669150521612,22.692399403874816,0.0,-25.05111365722802,904.3671613055149
2025-06-19T03:15:00Z,2025-06-19T03:30:00Z,2025-06-19,2025-06-19_6,5.000000000000024,14,19,81,57.7953224347825,56.61551709565206,0.003977050386473446,0.00021,0.18582,True,True,True,False,124.9375000000006,760.5067064083458,21.281669150521612,22.692399403874816,0.029154509687034282,-9.413772280178838,920.0336571922511
2025-06-19T03:30:00Z,2025-06-19T03:45:00Z,2025-06-19,2025-06-19_6,5.000000000000024,14,19,81,56.61551709565206,55.45497999130422,0.004008320845410644,0.0024500000000000004,0.20833500000000002,True,True,True,False,124.9375000000006,760.5067064083458,21.281669150521612,22.692399403874816,0.34014519622454054,-10.023635412816693,919.7347847461507
2025-06-19T03:45:00Z,2025-06-19T04:00:00Z,2025-06-19,2025-06-19_6,5.000000000000024,14,19,81,55.45497999130422,54.6374565391303,0.0043864384782608835,0.00028000000000000003,0.561735,True,True,True,False,124.9375000000006,760.5067064083458,21.281669150521612,22.692399403874816,0.038877297565822165,-23.837097755588672,905.62005450472
2025-06-19T04:00:00Z,2025-06-19T04:15:00Z,2025-06-19,2025-06-19_7,0.99999999999998,18,19,81,54.6374565391303,54.37458876521727,0.0008442682608695502,0.01197,0.02356,True,True,True,False,24.644999999999506,760.5067064083458,27.36214605067064,22.692399403874816,1.6622232965722803,-1.5384059692001988,835.3300691902629
2025-06-19T04:15:00Z,2025-06-19T04:30:00Z,2025-06-19,2025-06-19_7,0.99999999999998,18,19,81,54.37458876521727,54.127601313043364,0.0009018162560386325,0.015300000000000001,0.044555,True,True,True,False,24.644999999999506,760.5067064083458,27.36214605067064,22.692399403874816,2.1246980029806264,-2.47840009538003,834.8525497704914
2025-06-19T04:30:00Z,2025-06-19T04:45:00Z,2025-06-19,2025-06-19_7,0.99999999999998,18,19,81,54.127601313043364,54.06056687826076,0.0012534067632850104,0.0,0.22039999999999998,True,True,True,False,24.644999999999506,760.5067064083458,27.36214605067064,22.692399403874816,0.0,-11.424625057128662,823.7816268057621
2025-06-19T04:45:00Z,2025-06-19T05:00:00Z,2025-06-19,2025-06-19_7,0.99999999999998,18,19,81,54.06056687826076,54.54261749565207,0.0025907505072463666,0.0,0.8115849999999999,True,True,True,False,24.644999999999506,760.5067064083458,27.36214605067064,22.692399403874816,0.0,-32.84415552608048,802.3620963368103
2025-06-19T05:00:00Z,2025-06-19T05:15:00Z,2025-06-19,2025-06-19_8,3.0,97,100,0,54.54261749565207,49.25391979130425,0.018788430289855072,4.818960000000001,0.8265,True,True,True,False,64.755,0.0,146.49746646795828,119.97019374068554,625.1749561609539,-31.275285543964234,925.1223308256335
2025-06-19T05:15:00Z,2025-06-19T05:30:00Z,2025-06-19,2025-06-19_8,3.0,97,100,0,49.25391979130425,39.7087023999999,0.026514492753623182,8.0316,0.0,True,True,True,False,64.755,0.0,146.49746646795828,119.97019374068554,948.7007313263784,0.0,1279.9233915350223
2025-06-19T05:30:00Z,2025-06-19T05:45:00Z,2025-06-19,2025-06-19_8,3.0,97,100,0,39.7087023999999,35.280318226086855,0.01326783381642512,3.4900599999999997,0.195,True,True,True,False,64.755,0.0,146.49746646795828,119.97019374068554,399.98896292101335,-7.474011922503727,723.7376112071535
2025-06-19T05:45:00Z,2025-06-19T06:00:00Z,2025-06-19,2025-06-19_8,3.0,97,100,0,35.280318226086855,47.010531269565114,0.03465593599033817,0.0,13.5625,True,True,True,False,64.755,0.0,146.49746646795828,119.97019374068554,0.0,5026.032078986588,5357.254739195232
2025-06-19T06:00:00Z,2025-06-19T06:15:00Z,2025-06-19,2025-06-19_9,6.94448254111401,38,45,55,47.010531269565114,44.59906015926881,0.008487013330776942,0.8424600000000001,0.413775,True,True,True,False,126.89305723250575,516.3934426229508,57.39076005961253,53.9865871833085,92.072131147541,-12.113473815201194,834.6225044307174
2025-06-19T06:15:00Z,2025-06-19T06:30:00Z,2025-06-19,2025-06-19_9,6.94448254111401,38,45,55,44.59906015926881,42.28512841144121,0.007777459676584985,0.6644300000000001,0.31229999999999997,True,True,True,False,126.89305723250575,516.3934426229508,57.39076005961253,53.9865871833085,72.6153005464481,-11.796407213114753,815.4827404317109
2025-06-19T06:30:00Z,2025-06-19T06:45:00Z,2025-06-19,2025-06-19_9,6.94448254111401,38,45,55,42.28512841144121,39.9643433669663,0.006702400484773422,0.45048999999999995,0.059175,True,True,True,False,126.89305723250575,516.3934426229508,57.39076005961253,53.9865871833085,49.23387978142076,-2.2807626527570792,801.6169642270413
2025-06-19T06:45:00Z,2025-06-19T07:00:00Z,2025-06-19,2025-06-19_9,6.94448254111401,38,45,55,39.9643433669663,40.11139719999955,0.008954062387423172,0.013300000000000003,2.166075,True,True,True,False,126.89305723250575,516.3934426229508,57.39076005961253,53.9865871833085,1.4535519125683063,-16.284407660208647,739.8329913507373
2025-06-19T07:00:00Z,2025-06-19T07:15:00Z,2025-06-19,2025-06-19_10,-45.0,45,0,55,40.11139719999955,50.44752819999955,0.028711475000000007,0.015075,0.0,True,True,True,False,-94.83749999999999,516.3934426229508,67.96274217585695,0.0,1.6475409836065573,0.0,491.16622578241436
2025-06-19T07:15:00Z,2025-06-19T07:30:00Z,2025-06-19,2025-06-19_10,-45.0,45,0,55,50.44752819999955,60.75840519999956,0.028641325000000006,0.042525,0.0,True,True,True,False,-94.83749999999999,516.3934426229508,67.96274217585695,0.0,4.647540983606557,0.0,494.16622578241436
2025-06-19T07:30:00Z,2025-06-19T07:45:00Z,2025-06-19,2025-06-19_10,-45.0,45,0,55,60.75840519999956,71.10757719999955,0.028747700000000004,0.0009000000000000001,0.0,True,True,True,False,-94.83749999999999,516.3934426229508,67.96274217585695,0.0,0.09836065573770493,0.0,489.61704545454546
2025-06-19T07:45:00Z,2025-06-19T08:00:00Z,2025-06-19,2025-06-19_10,-45.0,45,0,55,71.10757719999955,81.45757719999955,0.028750000000000005,0.0,0.0,True,True,True,False,-94.83749999999999,516.3934426229508,67.96274217585695,0.0,0.0,0.0,489.5186847988078
2025-06-19T08:00:00Z,2025-06-19T08:15:00Z,2025-06-19,2025-06-19_11,-45.0,45,0,55,81.45757719999955,91.80757719999954,0.028749999999999998,0.0,0.0,True,True,True,False,-10.9125,516.3934426229508,67.96274217585695,0.0,0.0,0.0,573.4436847988078
2025-06-19T08:15:00Z,2025-06-19T08:30:00Z,2025-06-19,2025-06-19_11,-45.0,45,0,55,91.80757719999954,102.15509319999954,0.028743100000000004,0.0027,0.0,True,True,True,False,-10.9125,516.3934426229508,67.96274217585695,0.0,0.29508196721311475,0.0,573.738766766021
2025-06-19T08:30:00Z,2025-06-19T08:45:00Z,2025-06-19,2025-06-19_11,-45.0,45,0,55,102.15509319999954,112.48667019999955,0.028698825000000004,0.020024999999999998,0.0,True,True,True,False,-10.9125,516.3934426229508,67.96274217585695,0.0,2.1885245901639343,0.0,575.6322093889717
2025-06-19T08:45:00Z,2025-06-19T09:00:00Z,2025-06-19,2025-06-19_11,-45.0,45,0,55,112.48667019999955,121.99625019999955,0.026415499999999998,0.9135,0.0,True,True,True,False,-10.9125,516.3934426229508,67.96274217585695,0.0,101.29367213114755,0.0,674.7373569299554
2025-06-19T09:00:00Z,2025-06-19T09:15:00Z,2025-06-19,2025-06-19_12,-28.00000000000008,45,17,55,121.99625019999955,128.17196016521694,0.01777839120772952,0.27337500000000003,0.0048449999999999995,True,True,True,False,-84.49000000000025,516.3934426229508,67.96274217585695,28.375558867362148,29.877049180327873,-0.18308949329359167,557.935703353204
2025-06-19T09:15:00Z,2025-06-19T09:30:00Z,2025-06-19,2025-06-19_12,-28.00000000000008,45,17,55,128.17196016521694,134.22790962608653,0.017734702608695703,0.40005,0.010029999999999999,True,True,True,False,-84.49000000000025,516.3934426229508,67.96274217585695,28.375558867362148,43.72083451564829,-0.43308274416294085,571.529495437655
2025-06-19T09:30:00Z,2025-06-19T09:45:00Z,2025-06-19,2025-06-19_12,-28.00000000000008,45,17,55,134.22790962608653,140.16540320869524,0.01766076115942034,0.511875,0.000765,True,True,True,False,-84.49000000000025,516.3934426229508,67.96274217585695,28.375558867362148,55.9419109538003,-0.03236166616989568,584.1512929538001
2025-06-19T09:45:00Z,2025-06-19T10:00:00Z,2025-06-19,2025-06-19_12,-28.00000000000008,45,17,55,140.16540320869524,143.43860730434744,0.01644093528985509,3.2213249999999998,0.0,True,True,True,False,-84.49000000000025,516.3934426229508,67.96274217585695,28.375558867362148,388.8128073174367,0.0,917.0545509836064
2025-06-19T10:00:00Z,2025-06-19T10:15:00Z,2025-06-19,2025-06-19_13,0.0,45,45,55,143.43860730434744,143.79407560869527,0.001210238043478261,0.0369,0.42997500000000005,True,True,True,False,0.0,516.3934426229508,67.96274217585695,75.11177347242922,4.003457526080478,-13.04791497764531,650.4235008196722
2025-06-19T10:15:00Z,2025-06-19T10:30:00Z,2025-06-19,2025-06-19_13,0.0,45,45,55,143.79407560869527,144.11933247826047,0.0009687086956521739,0.0108,0.36629999999999996,True,True,True,False,0.0,516.3934426229508,67.96274217585695,75.11177347242922,1.171743666169896,-14.357067540983603,646.2826343964233
2025-06-19T10:30:00Z,2025-06-19T10:45:00Z,2025-06-19,2025-06-19_13,0.0,45,45,55,144.11933247826047,144.22732543478222,0.0005717195652173914,0.045,0.17055,True,True,True,False,0.0,516.3934426229508,67.96274217585695,75.11177347242922,4.882265275707899,-6.725177078986588,657.6250464679583
2025-06-19T10:45:00Z,2025-06-19T11:00:00Z,2025-06-19,2025-06-19_13,0.0,45,45,55,144.22732543478222,144.23140439130395,0.0002830695652173913,0.045,0.057600000000000005,True,True,True,False,0.0,516.3934426229508,67.96274217585695,75.11177347242922,4.882265275707899,-3.024145931445604,661.3260776154993
2025-06-19T11:00:00Z,2025-06-19T11:15:00Z,2025-06-19,2025-06-19_14,0.0,100,100,0,144.23140439130395,147.55519743478223,0.009238797101449274,0.001,3.614,True,True,True,False,0.0,0.0,151.02831594634876,166.91505216095382,0.1092896174863388,-76.91338857426726,241.13926915052164
2025-06-19T11:15:00Z,2025-06-19T11:30:00Z,2025-06-19,2025-06-19_14,0.0,100,100,0,147.55519743478223,147.98546786956481,0.0012555821256038649,0.01,0.4795,True,True,True,False,0.0,0.0,151.02831594634876,166.91505216095382,1.092896174863388,-19.326351117734724,299.7099131644312
2025-06-19T11:30:00Z,2025-06-19T11:45:00Z,2025-06-19,2025-06-19_14,0.0,100,100,0,147.98546786956481,153.7442078695648,0.0159965,0.0,6.2595,True,True,True,False,0.0,0.0,151.02831594634876,166.91505216095382,0.0,1694.5004450074516,2012.4438131147542
2025-06-19T11:45:00Z,2025-06-19T12:00:00Z,2025-06-19,2025-06-19_14,0.0,100,100,0,153.7442078695648,162.7441078695648,0.024999722222222222,0.0,9.7825,True,True,True,False,0.0,0.0,151.02831594634876,166.91505216095382,0.0,6721.499863884751,7039.443231992053
2025-06-19T12:00:00Z,2025-06-19T12:15:00Z,2025-06-19,2025-06-19_15,0.0,45,45,55,162.7441078695648,164.40539634782567,0.004625559782608696,0.0018000000000000002,1.8078750000000001,True,True,True,False,0.0,516.3934426229508,67.96274217585695,75.11177347242922,0.19672131147540986,-38.51770640834575,621.1469731743666
2025-06-19T12:15:00Z,2025-06-19T12:30:00Z,2025-06-19,2025-06-19_15,0.0,45,45,55,164.40539634782567,164.45343052173874,0.0003277217391304348,0.032174999999999995,0.09022500000000001,True,True,True,False,0.0,516.3934426229508,67.96274217585695,75.11177347242922,3.51639344262295,-4.157073174366618,658.8272785394934
2025-06-19T12:30:00Z,2025-06-19T12:45:00Z,2025-06-19,2025-06-19_15,0.0,45,45,55,164.45343052173874,164.44414799999961,0.00023508478260869566,0.0432,0.04095,True,True,True,False,0.0,516.3934426229508,67.96274217585695,75.11177347242922,4.721311475409836,-2.1371058420268256,662.05216390462
2025-06-19T12:45:00Z,2025-06-19T13:00:00Z,2025-06-19,2025-06-19_15,0.0,45,45,55,164.44414799999961,164.67407608695615,0.0007827108695652175,0.02385,0.2781,True,True,True,False,0.0,516.3934426229508,67.96274217585695,75.11177347242922,2.6065573770491803,20.965230938897168,683.0397465871833
2025-06-19T13:00:00Z,2025-06-19T13:15:00Z,2025-06-19,2025-06-19_16,11.404640170922107,88,100,0,164.67407608695615,168.21293732524515,0.022213688711643483,0.006599999999999999,7.076500000000001,True,True,True,False,227.8647106150237,0.0,132.9049180327869,166.91505216095382,0.721311475409836,4099.292356383508,4627.698348667683
2025-06-19T13:15:00Z,2025-06-19T13:30:00Z,2025-06-19,2025-06-19_16,11.404640170922107,88,100,0,168.21293732524515,168.97824544343862,0.016568847872240368,0.011439999999999999,4.1285,True,True,True,False,227.8647106150237,0.0,132.9049180327869,166.91505216095382,1.2502732240437158,1467.8919692001987,1996.8269232330067
2025-06-19T13:30:00Z,2025-06-19T13:45:00Z,2025-06-19,2025-06-19_16,11.404640170922107,88,100,0,168.97824544343862,171.0352915737714,0.019186594804858577,0.00704,5.499,True,True,True,False,227.8647106150237,0.0,132.9049180327869,166.91505216095382,0.7693989071038252,1404.9029865871832,1933.3570663030514
2025-06-19T13:45:00Z,2025-06-19T14:00:00Z,2025-06-19,2025-06-19_16,11.404640170922107,88,100,0,171.0352915737714,168.5661173912998,0.009944790434956332,0.00924,0.6815,True,True,True,False,227.8647106150237,0.0,132.9049180327869,166.91505216095382,1.0098360655737706,-28.708043616492798,499.9864732578454
2025-06-19T14:00:00Z,2025-06-19T14:15:00Z,2025-06-19,2025-06-19_17,0.0,100,100,0,168.5661173912998,180.6217973912998,0.033488000000000004,0.0,13.104,True,True,True,False,0.0,0.0,151.02831594634876,120.29806259314456,0.0,124.95214068554397,396.27851922503726
2025-06-19T14:15:00Z,2025-06-19T14:30:00Z,2025-06-19,2025-06-19_17,0.0,100,100,0,180.6217973912998,189.70191999999543,0.025515437198067634,0.0485,9.927,True,True,True,False,0.0,0.0,151.02831594634876,120.29806259314456,5.300546448087432,4051.182563338301,4327.809488325882
2025-06-19T14:30:00Z,2025-06-19T14:45:00Z,2025-06-19,2025-06-19_17,0.0,100,100,0,189.70191999999543,188.10380434782152,0.0060952101449275355,1.7445,0.324,True,True,True,False,0.0,0.0,151.02831594634876,120.29806259314456,190.65573770491804,-12.67105573770492,449.31106050670644
2025-06-19T14:45:00Z,2025-06-19T15:00:00Z,2025-06-19,2025-06-19_17,0.0,100,100,0,188.10380434782152,180.12663043477804,0.022158816425120777,7.339000000000001,0.0,True,True,True,False,0.0,0.0,151.02831594634876,120.29806259314456,962.8636751117738,0.0,1234.1900536512671
2025-06-19T15:00:00Z,2025-06-19T15:15:00Z,2025-06-19,2025-06-19_18,0.0,85,85,15,180.12663043477804,181.820165260865,0.010950942149758454,1.03445,3.062975,True,True,True,False,0.0,140.83457526080477,128.90611028315948,101.51862891207153,161.43545506209642,-84.11145416790859,448.58331535022364
2025-06-19T15:15:00Z,2025-06-19T15:30:00Z,2025-06-19,2025-06-19_18,0.0,85,85,15,181.820165260865,182.3353820434737,0.0018315200483091788,0.0663,0.63835,True,True,True,False,0.0,140.83457526080477,128.90611028315948,101.51862891207153,9.169016631892697,-38.91252217585693,341.5158089120716
2025-06-19T15:30:00Z,2025-06-19T15:45:00Z,2025-06-19,2025-06-19_18,0.0,85,85,15,182.3353820434737,181.98607786956066,0.001085417149758454,0.340425,0.022525,True,True,True,False,0.0,140.83457526080477,128.90611028315948,101.51862891207153,47.209320491803275,-1.6771982960755092,416.79143665176355
2025-06-19T15:45:00Z,2025-06-19T16:00:00Z,2025-06-19,2025-06-19_18,0.0,85,85,15,181.98607786956066,170.3429256956476,0.03234208937198067,10.711699999999999,0.0,True,True,True,False,0.0,140.83457526080477,128.90611028315948,101.51862891207153,2171.73252166915,0.0,2542.9918361251857
2025-06-19T16:00:00Z,2025-06-19T16:15:00Z,2025-06-19,2025-06-19_19,11.982601211912947,50,62,38,170.3429256956476,169.79862407070527,0.013525961422408968,0.05775,2.91369,True,True,True,False,490.9271716520734,356.7809239940388,75.82712369597617,74.04888226527571,8.021311475409837,-118.85018224143069,886.7552308413433
2025-06-19T16:15:00Z,2025-06-19T16:30:00Z,2025-06-19,2025-06-19_19,11.982601211912947,50,62,38,169.79862407070527,166.994717980158,0.009864461228778706,0.025,0.50344,True,True,True,False,490.9271716520734,356.7809239940388,75.82712369597617,74.04888226527571,3.440188772975658,-26.228498726279184,974.7957916540605
2025-06-19T16:30:00Z,2025-06-19T16:45:00Z,2025-06-19,2025-06-19_19,11.982601211912947,50,62,38,166.994717980158,162.00470119888502,0.013969806630903456,1.61825,0.026350000000000002,True,True,True,False,490.9271716520734,356.7809239940388,75.82712369597617,74.04888226527571,331.9806513164431,-1.875706358668654,1327.6890465651386
2025-06-19T16:45:00Z,2025-06-19T17:00:00Z,2025-06-19,2025-06-19_19,11.982601211912947,50,62,38,162.00470119888502,152.38442913043042,0.026722977967929457,5.855,0.0,True,True,True,False,490.9271716520734,356.7809239940388,75.82712369597617,74.04888226527571,1272.4447829110782,0.0,2270.0288845184423
2025-06-19T17:00:00Z,2025-06-19T17:15:00Z,2025-06-19,2025-06-19_20,0.0,19,19,81,152.38442913043042,151.04792369564782,0.0037125150966183574,1.229585,0.0,True,True,True,False,0.0,760.5067064083458,28.814307004470944,22.692399403874816,230.12358233482365,0.0,1042.1369951515153
2025-06-19T17:15:00Z,2025-06-19T17:30:00Z,2025-06-19,2025-06-19_20,0.0,19,19,81,151.04792369564782,149.98743456521305,0.002945803140096618,0.97565,0.0,True,True,True,False,0.0,760.5067064083458,28.814307004470944,22.692399403874816,147.904274863388,0.0,959.9176876800796
2025-06-19T17:30:00Z,2025-06-19T17:45:00Z,2025-06-19,2025-06-19_20,0.0,19,19,81,149.98743456521305,149.22516282608262,0.002117421497584541,0.70129,0.0,True,True,True,False,0.0,760.5067064083458,28.814307004470944,22.692399403874816,100.48715779036264,0.0,912.5005706070542
2025-06-19T17:45:00Z,2025-06-19T18:00:00Z,2025-06-19,2025-06-19_20,0.0,19,19,81,149.22516282608262,146.78810304347394,0.006769610507246377,2.242095,0.0,True,True,True,False,0.0,760.5067064083458,28.814307004470944,22.692399403874816,533.6996952041728,0.0,1345.7131080208644
2025-06-19T18:00:00Z,2025-06-19T18:15:00Z,2025-06-19,2025-06-19_21,47.0,0,47,53,146.78810304347394,134.97424434782178,0.03281627415458937,0.0,0.88125,True,True,True,False,2171.4,497.6154992548435,0.0,56.13383010432191,0.0,-55.78343144560358,2669.365897913562
2025-06-19T18:15:00Z,2025-06-19T18:30:00Z,2025-06-19,2025-06-19_21,47.0,0,47,53,134.97424434782178,122.86893456521308,0.03362586050724637,0.0,0.613115,True,True,True,False,2171.4,497.6154992548435,0.0,56.13383010432191,0.0,-43.98102632886239,2681.168303030303
2025-06-19T18:30:00Z,2025-06-19T18:45:00Z,2025-06-19,2025-06-19_21,47.0,0,47,53,122.86893456521308,110.29643456521309,0.034923611111111114,0.0,0.18330000000000002,True,True,True,False,2171.4,497.6154992548435,0.0,56.13383010432191,0.0,-13.3419817585693,2711.807347600596
2025-06-19T18:45:00Z,2025-06-19T19:00:00Z,2025-06-19,2025-06-19_21,47.0,0,47,53,110.29643456521309,97.5683747826044,0.03535572161835749,0.0,0.040185000000000005,True,True,True,False,2171.4,497.6154992548435,0.0,56.13383010432191,0.0,-3.128896327868853,2722.0204330312968
2025-06-19T19:00:00Z,2025-06-19T19:15:00Z,2025-06-19,2025-06-19_22,0.0,100,100,0,97.5683747826044,76.55370086956091,0.05837409420289855,19.3335,0.0,True,True,True,False,0.0,0.0,151.65424739195234,119.43368107302534,19852.897887034276,0.0,20123.985815499254
2025-06-19T19:15:00Z,2025-06-19T19:30:00Z,2025-06-19,2025-06-19_22,0.0,100,100,0,76.55370086956091,63.972179130430476,0.03494867149758454,11.575,0.0,True,True,True,False,0.0,0.0,151.65424739195234,119.43368107302534,2878.0613611525087,0.0,3149.1492896174864
2025-06-19T19:30:00Z,2025-06-19T19:45:00Z,2025-06-19,2025-06-19_22,0.0,100,100,0,63.972179130430476,62.06825391303917,0.0053755700483091775,1.7659999999999998,0.017,True,True,True,False,0.0,0.0,151.65424739195234,119.43368107302534,245.64331843020364,-1.3174366616989568,515.4138102334823
2025-06-19T19:45:00Z,2025-06-19T20:00:00Z,2025-06-19,2025-06-19_22,0.0,100,100,0,62.06825391303917,63.07989130434352,0.00307278502415459,0.0435,1.151,True,True,True,False,0.0,0.0,151.65424739195234,119.43368107302534,6.050670640834575,-75.37180268256336,201.7667964232489
2025-06-19T20:00:00Z,2025-06-19T20:15:00Z,2025-06-19,2025-06-19_23,0.0,100,100,0,63.07989130434352,42.282065217387,0.057771739130434784,19.134,0.0,True,True,True,False,0.0,0.0,151.65424739195234,119.43368107302534,19027.16137108793,0.0,19298.249299552906
2025-06-19T20:15:00Z,2025-06-19T20:30:00Z,2025-06-19,2025-06-19_23,0.0,100,100,0,42.282065217387,25.38315217390874,0.04694142512077294,15.547,0.0,True,True,True,False,0.0,0.0,151.65424739195234,119.43368107302534,9909.829257228019,0.0,10180.917185692997
2025-06-19T20:30:00Z,2025-06-19T20:45:00Z,2025-06-19,2025-06-19_23,0.0,100,100,0,25.38315217390874,14.420652173908742,0.030451388888888885,10.0855,0.0,True,True,True,False,0.0,0.0,151.65424739195234,119.43368107302534,2189.853141679086,0.0,2460.941070144064
2025-06-19T20:45:00Z,2025-06-19T21:00:00Z,2025-06-19,2025-06-19_23,0.0,100,100,0,14.420652173908742,9.999999999995698,0.012279589371980676,4.067,0.0,True,True,True,False,0.0,0.0,151.65424739195234,119.43368107302534,671.5314026825635,0.0,942.6193311475412
2025-06-19T21:00:00Z,2025-06-19T21:15:00Z,2025-06-20,2025-06-19_24,-100.00000000002414,100,0,0,9.999999999995698,15.212260000001253,0.01447850000001543,19.3345,0.0,True,True,True,False,-3266.000000000788,0.0,149.38291233579108,0.0,13169.89273863704,0.0,10053.275650972042
2025-06-19T21:15:00Z,2025-06-19T21:30:00Z,2025-06-20,2025-06-19_24,-100.00000000002414,100,0,0,15.212260000001253,23.587940000006803,0.0232657777777932,15.896000000000003,0.0,True,True,True,False,-3266.000000000788,0.0,149.38291233579108,0.0,7825.3957382196895,0.0,4708.778650554693
2025-06-19T21:30:00Z,2025-06-19T21:45:00Z,2025-06-20,2025-06-19_24,-100.00000000002414,100,0,0,23.587940000006803,46.07274000001236,0.06245777777779322,0.56,0.0,True,True,True,False,-3266.000000000788,0.0,149.38291233579108,0.0,77.79711827016715,0.0,-3038.81996939483
2025-06-19T21:45:00Z,2025-06-19T22:00:00Z,2025-06-20,2025-06-19_24,-100.00000000002414,100,0,0,46.07274000001236,69.07274000001792,0.06388888888890432,0.0,0.0,True,True,True,False,-3266.000000000788,0.0,149.38291233579108,0.0,0.0,0.0,-3116.617087664997
2025-06-19T22:00:00Z,2025-06-19T22:15:00Z,2025-06-20,2025-06-20_1,7.867433152104976,11,19,81,69.07274000001792,67.20619528327815,0.006012169325448931,0.00176,0.27626,True,True,True,False,228.76528748033243,760.6276208835981,16.553451119899833,22.305185126299264,0.24449788341912276,-13.284824393346186,1015.2112181002026
2025-06-19T22:15:00Z,2025-06-19T22:30:00Z,2025-06-20,2025-06-20_1,7.867433152104976,11,19,81,67.20619528327815,64.70106127455398,0.006958705579789384,0.33786499999999997,0.0,True,True,True,False,228.76528748033243,760.6276208835981,16.553451119899833,22.305185126299264,55.46056963054236,0.0,1083.712114240672
2025-06-19T22:30:00Z,2025-06-19T22:45:00Z,2025-06-20,2025-06-20_1,7.867433152104976,11,19,81,64.70106127455398,62.58454590569337,0.005952610082029902,0.00264,0.024510000000000004,True,True,True,False,228.76528748033243,760.6276208835981,16.553451119899833,22.305185126299264,0.3667468251286841,-1.6335242542281936,1026.98476718103
2025-06-19T22:45:00Z,2025-06-19T23:00:00Z,2025-06-20,2025-06-20_1,7.867433152104976,11,19,81,62.58454590569337,60.45465607826036,0.005986916366536551,0.01408,0.02356,True,True,True,False,228.76528748033243,760.6276208835981,16.553451119899833,22.305185126299264,1.9562461037025263,-1.7130105769421864,1028.4947801368899
2025-06-19T23:00:00Z,2025-06-19T23:15:00Z,2025-06-20,2025-06-20_2,0.0,19,19,81,60.45465607826036,56.96216694782558,0.009701358695652173,3.2130900000000002,0.0,True,True,True,False,0.0,760.6276208835981,28.59232466164517,22.305185126299264,725.1422482600315,0.0,1536.667378931574
2025-06-19T23:15:00Z,2025-06-19T23:30:00Z,2025-06-20,2025-06-20_2,0.0,19,19,81,56.96216694782558,56.414228591303846,0.0015895432125603867,0.5152800000000001,0.013205000000000001,True,True,True,False,0.0,760.6276208835981,28.59232466164517,22.305185126299264,73.04212023769303,-0.9054992110022458,883.6617516982333
2025-06-19T23:30:00Z,2025-06-19T23:45:00Z,2025-06-20,2025-06-20_2,0.0,19,19,81,56.414228591303846,56.42856615652124,0.00011555120772946859,0.012539999999999999,0.0304,True,True,True,False,0.0,760.6276208835981,28.59232466164517,22.305185126299264,1.7420474193612496,-2.069468052546853,811.197710038357
2025-06-19T23:45:00Z,2025-06-20T00:00:00Z,2025-06-20,2025-06-20_2,0.0,19,19,81,56.42856615652124,56.47391304347776,0.0018366519806763287,0.28329000000000004,0.38399,True,True,True,False,0.0,760.6276208835981,28.59232466164517,22.305185126299264,39.39834970288372,-16.604055140409802,834.3194252340164
2025-06-20T00:00:00Z,2025-06-20T00:15:00Z,2025-06-20,2025-06-20_3,100.0,0,100,0,56.47391304347776,29.82336956521689,0.07402928743961353,0.0,0.4815,True,True,True,False,2672.0,0.0,0.0,117.39571119104876,0.0,-33.22576793131546,2756.1699432597334
2025-06-20T00:15:00Z,2025-06-20T00:30:00Z,2025-06-20,2025-06-20_3,100.0,0,100,0,29.82336956521689,23.692934782608194,0.017028985507246377,0.0,19.36,True,True,True,False,2672.0,0.0,0.0,117.39571119104876,0.0,7140.664570622255,9930.060281813305
2025-06-20T00:30:00Z,2025-06-20T00:45:00Z,2025-06-20,2025-06-20_3,100.0,0,100,0,23.692934782608194,11.617391304347326,0.033543176328502414,0.0,13.8905,True,True,True,False,2672.0,0.0,0.0,117.39571119104876,0.0,-150.6458224854423,2638.7498887056063
2025-06-20T00:45:00Z,2025-06-20T01:00:00Z,2025-06-20,2025-06-20_3,100.0,0,100,0,11.617391304347326,9.999999999999499,0.004492753623188407,0.0,23.512,True,True,True,False,2672.0,0.0,0.0,117.39571119104876,0.0,15633.977702963213,18423.373414154263
2025-06-20T01:00:00Z,2025-06-20T01:15:00Z,2025-06-20,2025-06-20_4,0.0,100,100,0,9.999999999999499,21.7838199999995,0.032732833333333336,0.0,12.8085,True,True,True,False,0.0,0.0,150.48591927181667,117.39571119104876,0.0,3952.1567716676273,4220.038402130493
2025-06-20T01:15:00Z,2025-06-20T01:30:00Z,2025-06-20,2025-06-20_4,0.0,100,100,0,21.7838199999995,26.5034199999995,0.01311,0.0,5.13,True,True,True,False,0.0,0.0,150.48591927181667,117.39571119104876,0.0,-207.29718584176322,60.58444462110221
2025-06-20T01:30:00Z,2025-06-20T01:45:00Z,2025-06-20,2025-06-20_4,0.0,100,100,0,26.5034199999995,30.6806799999995,0.0116035,0.0,4.5405,True,True,True,False,0.0,0.0,150.48591927181667,117.39571119104876,0.0,-186.33492984478406,81.54670061808137
2025-06-20T01:45:00Z,2025-06-20T02:00:00Z,2025-06-20,2025-06-20_4,0.0,100,100,0,30.6806799999995,31.73702434782559,0.003260376811594203,0.054,1.212,True,True,True,False,0.0,0.0,150.48591927181667,117.39571119104876,7.501639604904903,-65.7809344754258,209.60233559234453
2025-06-20T02:00:00Z,2025-06-20T02:15:00Z,2025-06-20,2025-06-20_5,0.0,100,100,0,31.73702434782559,31.188846086956023,0.001982717391304348,0.5805,0.09,True,True,True,False,0.0,0.0,150.7244072579844,117.39571119104876,80.67377526482103,-5.593032176004134,343.2008615378501
2025-06-20T02:15:00Z,2025-06-20T02:30:00Z,2025-06-20,2025-06-20_5,0.0,100,100,0,31.188846086956023,44.760774782608195,0.037796420289855075,0.016,14.771,True,True,True,False,0.0,0.0,150.7244072579844,117.39571119104876,2.2227080310829344,2564.210020668959,2834.5528471490748
2025-06-20T02:30:00Z,2025-06-20T02:45:00Z,2025-06-20,2025-06-20_5,0.0,100,100,0,44.760774782608195,58.2171547826082,0.03737883333333333,0.0,14.6265,True,True,True,False,0.0,0.0,150.7244072579844,117.39571119104876,0.0,3710.730579525806,3978.8506979748395
2025-06-20T02:45:00Z,2025-06-20T03:00:00Z,2025-06-20,2025-06-20_5,0.0,100,100,0,58.2171547826082,59.860893043477766,0.005991060386473431,0.23599999999999996,2.0655,True,True,True,False,0.0,0.0,150.7244072579844,117.39571119104876,32.78494345847327,-88.63871355605463,212.26634835145182
2025-06-20T03:00:00Z,2025-06-20T03:15:00Z,2025-06-20,2025-06-20_6,0.0,19,19,81,59.860893043477766,59.31887591304299,0.001641558695652174,0.52117,0.026600000000000006,True,True,True,False,0.0,760.6276208835981,28.637637379017036,22.305185126299264,94.86967809487848,-1.6505142198461755,904.7896072639467
2025-06-20T03:15:00Z,2025-06-20T03:30:00Z,2025-06-20,2025-06-20_6,0.0,19,19,81,59.31887591304299,58.79684413912994,0.0018972849275362318,0.554325,0.08749500000000002,True,True,True,False,0.0,760.6276208835981,28.637637379017036,22.305185126299264,85.15906909692549,-5.216626587435659,891.5128858984042
2025-06-20T03:30:00Z,2025-06-20T03:45:00Z,2025-06-20,2025-06-20_6,0.0,19,19,81,58.79684413912994,58.88576265217341,0.0005682519082125604,0.05320000000000001,0.159505,True,True,True,False,0.0,760.6276208835981,28.637637379017036,22.305185126299264,7.3905042033507575,-8.73062982093527,810.2303177713299
2025-06-20T03:45:00Z,2025-06-20T04:00:00Z,2025-06-20,2025-06-20_6,0.0,19,19,81,58.88576265217341,58.62838964347776,0.0007290061352657004,0.23911499999999997,0.002755,True,True,True,False,0.0,760.6276208835981,28.637637379017036,22.305185126299264,33.25146486575113,-0.1982431573821969,844.6236650972833
2025-06-20T04:00:00Z,2025-06-20T04:15:00Z,2025-06-20,2025-06-20_7,0.0,19,19,81,58.62838964347776,56.65497116521689,0.005481717995169082,1.815545,0.0,True,True,True,False,0.0,760.6276208835981,28.637637379017036,22.305185126299264,360.2870158902558,0.0,1171.8574592791701
2025-06-20T04:15:00Z,2025-06-20T04:30:00Z,2025-06-20,2025-06-20_7,0.0,19,19,81,56.65497116521689,54.894087513042976,0.004893771256038647,1.620415,0.000475,True,True,True,False,0.0,760.6276208835981,28.637637379017036,22.305185126299264,322.62286493431645,-0.036816582864638195,1134.1564917403662
2025-06-20T04:30:00Z,2025-06-20T04:45:00Z,2025-06-20,2025-06-20_7,0.0,19,19,81,54.894087513042976,55.269208313042974,0.0010420022222222224,0.0,0.40774,True,True,True,False,0.0,760.6276208835981,28.637637379017036,22.305185126299264,0.0,-22.38092858079774,789.1895148081167
2025-06-20T04:45:00Z,2025-06-20T05:00:00Z,2025-06-20,2025-06-20_7,0.0,19,19,81,55.269208313042974,57.12086471304298,0.00514349,0.0,2.01267,True,True,True,False,0.0,760.6276208835981,28.637637379017036,22.305185126299264,0.0,-46.13617077130989,765.4342726176045
2025-06-20T05:00:00Z,2025-06-20T05:15:00Z,2025-06-20,2025-06-20_8,0.0,100,100,0,57.12086471304298,48.40942558260819,0.030088997584541064,8.99,1.1525,True,True,True,False,0.0,0.0,150.7244072579844,117.39571119104876,1781.3035455213944,-49.78377635789097,1999.6398876125365
2025-06-20T05:15:00Z,2025-06-20T05:30:00Z,2025-06-20,2025-06-20_8,0.0,100,100,0,48.40942558260819,40.25616645217342,0.02268116425120772,7.506499999999999,0.0065,True,True,True,False,0.0,0.0,150.7244072579844,117.39571119104876,1407.9673980960708,-0.5038058707792594,1675.5837106743247
2025-06-20T05:30:00Z,2025-06-20T05:45:00Z,2025-06-20,2025-06-20_8,0.0,100,100,0,40.25616645217342,40.82632297391255,0.0033228985507246377,0.288,0.96,True,True,True,False,0.0,0.0,150.7244072579844,117.39571119104876,39.831652920484125,-51.976453286165714,255.97531808335157
2025-06-20T05:45:00Z,2025-06-20T06:00:00Z,2025-06-20,2025-06-20_8,0.0,100,100,0,40.82632297391255,49.21095427826038,0.023332913043478266,0.007000000000000001,9.122,True,True,True,False,0.0,0.0,150.7244072579844,117.39571119104876,0.9625977303893318,5102.861339507523,5371.944055686945
2025-06-20T06:00:00Z,2025-06-20T06:15:00Z,2025-06-20,2025-06-20_9,73.98384802220873,26,100,0,49.21095427826038,35.03865085606393,0.046928930637433086,0.0018200000000000002,5.6865,True,True,True,False,1871.42143572177,0.0,38.73879603314983,118.23041914263568,0.19893872846155378,1292.95913657412,3321.548726200137
2025-06-20T06:15:00Z,2025-06-20T06:30:00Z,2025-06-20,2025-06-20_9,73.98384802220873,26,100,0,35.03865085606393,25.594953426966494,0.039816855520643235,0.0,10.216,True,True,True,False,1871.42143572177,0.0,38.73879603314983,118.23041914263568,0.0,1133.0467190015304,3161.4373698990858
2025-06-20T06:30:00Z,2025-06-20T06:45:00Z,2025-06-20,2025-06-20_9,73.98384802220873,26,100,0,25.594953426966494,10.029440876746634,0.04902112779423355,0.0,4.3495,True,True,True,False,1871.42143572177,0.0,38.73879603314983,118.23041914263568,0.0,-94.40499115607052,1933.985659741485
2025-06-20T06:45:00Z,2025-06-20T07:00:00Z,2025-06-20,2025-06-20_9,73.98384802220873,26,100,0,10.029440876746634,13.260869565217353,0.020759548238419596,0.0,22.3625,True,True,True,False,1871.42143572177,0.0,38.73879603314983,118.23041914263568,0.0,16141.44778355228,18169.838434449834
2025-06-20T07:00:00Z,2025-06-20T07:15:00Z,2025-06-20,2025-06-20_10,-0.014486947069908033,0,0,6,13.260869565217353,13.264201563043432,9.255549516885687e-06,0.0,0.0,True,False,True,False,-0.19919552221123546,56.34278673211837,0.0,0.0,0.0,0.0,56.143591209907136
2025-06-20T07:15:00Z,2025-06-20T07:30:00Z,2025-06-20,2025-06-20_10,-0.014486947069908033,0,0,6,13.264201563043432,13.267533560869511,9.255549516885687e-06,0.0,0.0,True,False,True,False,-0.19919552221123546,56.34278673211837,0.0,0.0,0.0,0.0,56.143591209907136
2025-06-20T07:30:00Z,2025-06-20T07:45:00Z,2025-06-20,2025-06-20_10,-0.014486947069908033,0,0,6,13.267533560869511,13.27086555869559,9.255549516885687e-06,0.0,0.0,True,False,True,False,-0.19919552221123546,56.34278673211837,0.0,0.0,0.0,0.0,56.143591209907136
2025-06-20T07:45:00Z,2025-06-20T08:00:00Z,2025-06-20,2025-06-20_10,-0.014486947069908033,0,0,6,13.27086555869559,13.274197556521669,9.255549516885687e-06,0.0,0.0,True,False,True,False,-0.19919552221123546,56.34278673211837,0.0,0.0,0.0,0.0,56.143591209907136
2025-06-20T08:00:00Z,2025-06-20T08:15:00Z,2025-06-20,2025-06-20_11,0.0,100,100,0,13.274197556521669,18.88849755652167,0.015595277777777777,0.0,6.1025,True,True,True,False,0.0,0.0,148.9953693582686,118.34966313571955,0.0,3624.9713521275116,3892.3163846214998
2025-06-20T08:15:00Z,2025-06-20T08:30:00Z,2025-06-20,2025-06-20_11,0.0,100,100,0,18.88849755652167,26.39432277391298,0.020949152173913046,0.0165,8.178,True,True,True,False,0.0,0.0,148.9953693582686,118.34966313571955,1.6940069956475945,4357.144522924658,4626.183562414294
2025-06-20T08:30:00Z,2025-06-20T08:45:00Z,2025-06-20,2025-06-20_11,0.0,100,100,0,26.39432277391298,30.756211469565155,0.012143531400966185,0.0045,4.7465,True,True,True,False,0.0,0.0,148.9953693582686,118.34966313571955,0.46200190790388934,466.6355587574776,734.4425931593696
2025-06-20T08:45:00Z,2025-06-20T09:00:00Z,2025-06-20,2025-06-20_11,0.0,100,100,0,30.756211469565155,32.27071407826081,0.004499826086956522,0.0485,1.7035000000000002,True,True,True,False,0.0,0.0,148.9953693582686,118.34966313571955,4.979353896297474,-17.78557326549675,254.53881312478887
2025-06-20T09:00:00Z,2025-06-20T09:15:00Z,2025-06-20,2025-06-20_12,0.0,100,100,0,32.27071407826081,38.93887407826081,0.018522666666666666,0.0,7.248,True,True,True,False,0.0,0.0,148.9953693582686,138.20378798418028,0.0,3320.5468084345252,3607.745965776974
2025-06-20T09:15:00Z,2025-06-20T09:30:00Z,2025-06-20,2025-06-20_12,0.0,100,100,0,38.93887407826081,46.131894078260814,0.019980611111111112,0.0,7.8185,True,True,True,False,0.0,0.0,148.9953693582686,138.20378798418028,0.0,3487.577443905638,3774.776601248087
2025-06-20T09:30:00Z,2025-06-20T09:45:00Z,2025-06-20,2025-06-20_12,0.0,100,100,0,46.131894078260814,48.17292799130429,0.005935239130434784,0.044,2.2705,True,True,True,False,0.0,0.0,148.9953693582686,138.20378798418028,4.053015879325079,420.7696718802791,712.021845102053
2025-06-20T09:45:00Z,2025-06-20T10:00:00Z,2025-06-20,2025-06-20_12,0.0,100,100,0,48.17292799130429,50.06822016521733,0.005427743961352658,0.027,2.092,True,True,True,False,0.0,0.0,148.9953693582686,138.20378798418028,2.4870779259494804,1389.0722841186875,1678.758519387086
2025-06-20T10:00:00Z,2025-06-20T10:15:00Z,2025-06-20,2025-06-20_13,0.0,100,100,0,50.06822016521733,67.03486016521734,0.04712955555555556,0.0,18.442,True,True,True,False,0.0,0.0,148.9953693582686,159.7571397340859,0.0,16600.26665460978,16909.019163702134
2025-06-20T10:15:00Z,2025-06-20T10:30:00Z,2025-06-20,2025-06-20_13,0.0,100,100,0,67.03486016521734,73.78490016521734,0.01875011111111111,0.0,7.336999999999999,True,True,True,False,0.0,0.0,148.9953693582686,159.7571397340859,0.0,3408.3023946181206,3717.054903710475
2025-06-20T10:30:00Z,2025-06-20T10:45:00Z,2025-06-20,2025-06-20_13,0.0,100,100,0,73.78490016521734,73.57154364347821,0.0010015458937198069,0.264,0.08,True,True,True,False,0.0,0.0,148.9953693582686,159.7571397340859,23.506949937396904,-4.3722797464077745,327.88717928334364
2025-06-20T10:45:00Z,2025-06-20T11:00:00Z,2025-06-20,2025-06-20_13,0.0,100,100,0,73.57154364347821,73.67847059999995,0.0010548695652173913,0.1255,0.2645,True,True,True,False,0.0,0.0,148.9953693582686,159.7571397340859,11.174705367967087,-13.425857463680268,306.50135699664133
2025-06-20T11:00:00Z,2025-06-20T11:15:00Z,2025-06-20,2025-06-20_14,-45.0,45,0,55,73.67847059999995,83.46853559999995,0.027194625,0.608625,0.0,True,True,True,False,-7.762499999999999,516.4755450444184,67.04791621122087,0.0,54.60654574994534,0.0,630.3675070055846
2025-06-20T11:15:00Z,2025-06-20T11:30:00Z,2025-06-20,2025-06-20_14,-45.0,45,0,55,83.46853559999995,93.77961959999995,0.028641899999999998,0.0423,0.0,True,True,True,False,-7.762499999999999,516.4755450444184,67.04791621122087,0.0,3.7750209074467866,0.0,579.535982163086
2025-06-20T11:30:00Z,2025-06-20T11:45:00Z,2025-06-20,2025-06-20_14,-45.0,45,0,55,93.77961959999995,104.12340959999995,0.02873275,0.006749999999999999,0.0,True,True,True,False,-7.762499999999999,516.4755450444184,67.04791621122087,0.0,0.6010299699902616,0.0,576.3619912256295
2025-06-20T11:45:00Z,2025-06-20T12:00:00Z,2025-06-20,2025-06-20_14,-45.0,45,0,55,104.12340959999995,114.46575059999994,0.028728725,0.008324999999999999,0.0,True,True,True,False,-7.762499999999999,516.4755450444184,67.04791621122087,0.0,0.7412702963213227,0.0,576.5022315519606
2025-06-20T12:00:00Z,2025-06-20T12:15:00Z,2025-06-20,2025-06-20_15,-65.00000000000006,65,0,35,114.46575059999994,128.72476159999997,0.03960836388888892,0.7510749999999999,0.0,True,True,True,False,-3.250000000000003,328.66625593735716,96.84699008287458,0.0,67.018931106783,0.0,489.28217712701473
2025-06-20T12:15:00Z,2025-06-20T12:30:00Z,2025-06-20,2025-06-20_15,-65.00000000000006,65,0,35,128.72476159999997,141.1482116,0.03450958333333337,2.74625,0.0,True,True,True,False,-3.250000000000003,328.66625593735716,96.84699008287458,0.0,257.20612193691994,0.0,679.4693679571517
2025-06-20T12:30:00Z,2025-06-20T12:45:00Z,2025-06-20,2025-06-20_15,-65.00000000000006,65,0,35,141.1482116,149.8715366,0.024231458333333376,6.7681249999999995,0.0,True,True,True,False,-3.250000000000003,328.66625593735716,96.84699008287458,0.0,686.104430659618,0.0,1108.3676766798496
2025-06-20T12:45:00Z,2025-06-20T13:00:00Z,2025-06-20,2025-06-20_15,-65.00000000000006,65,0,35,149.8715366,160.53836160000003,0.029630069444444483,4.655625,0.0,True,True,True,False,-3.250000000000003,328.66625593735716,96.84699008287458,0.0,456.6615097780074,0.0,878.9247557982392
2025-06-20T13:00:00Z,2025-06-20T13:15:00Z,2025-06-20,2025-06-20_16,0.0,46,46,54,160.53836160000003,161.76791720000006,0.006095987777777777,0.44389999999999996,1.86093,True,True,True,False,0.0,507.08508058906534,68.53786990480354,72.93976190949381,44.489689369398015,404.5826103464038,1097.6350121191645
2025-06-20T13:15:00Z,2025-06-20T13:30:00Z,2025-06-20,2025-06-20_16,0.0,46,46,54,161.76791720000006,163.74383800000007,0.005488668888888889,0.0,2.1477399999999998,True,True,True,False,0.0,507.08508058906534,68.53786990480354,72.93976190949381,0.0,-61.549737170340045,587.0129752330226
2025-06-20T13:30:00Z,2025-06-20T13:45:00Z,2025-06-20,2025-06-20_16,0.0,46,46,54,163.74383800000007,165.12868320000007,0.0038495700000000005,0.00046,1.50581,True,True,True,False,0.0,507.08508058906534,68.53786990480354,72.93976190949381,0.04611336128942505,-23.936384728819284,624.6724410358329
2025-06-20T13:45:00Z,2025-06-20T14:00:00Z,2025-06-20,2025-06-20_16,0.0,46,46,54,165.12868320000007,164.63950000000008,0.0015328244444444443,0.47885999999999995,0.03404,True,True,True,False,0.0,507.08508058906534,68.53786990480354,72.93976190949381,48.00400910229147,-2.099010433849395,694.4677110718047
2025-06-20T14:00:00Z,2025-06-20T14:15:00Z,2025-06-20,2025-06-20_17,-1.418524813509253,49,47,51,164.63950000000008,165.41152882447545,0.002164637454841369,0.0034300000000000003,0.4885650000000001,True,True,True,False,-21.99422723346097,478.91368722300615,73.0077309855516,55.56829699703877,0.3749229882544667,-19.4288018443071,566.4416091160829
2025-06-20T14:15:00Z,2025-06-20T14:30:00Z,2025-06-20,2025-06-20_17,-1.418524813509253,49,47,51,165.41152882447545,166.4357525710186,0.002849375878850613,0.000735,0.7595200000000001,True,True,True,False,-21.99422723346097,478.91368722300615,73.0077309855516,55.56829699703877,0.07368113162549438,-29.770521294989766,555.7986478087713
2025-06-20T14:30:00Z,2025-06-20T14:45:00Z,2025-06-20,2025-06-20_17,-1.418524813509253,49,47,51,166.4357525710186,166.3104506787046,0.0023987924656908664,0.46843999999999997,0.060160000000000005,True,True,True,False,-21.99422723346097,478.91368722300615,73.0077309855516,55.56829699703877,51.05723223562614,-3.470561376870641,633.0821588308911
2025-06-20T14:45:00Z,2025-06-20T15:00:00Z,2025-06-20,2025-06-20_17,-1.418524813509253,49,47,51,166.3104506787046,159.36950191304354,0.020099291361596616,6.715695,0.0,True,True,True,False,-21.99422723346097,478.91368722300615,73.0077309855516,55.56829699703877,919.7727356211618,0.0,1505.2682235932973
2025-06-20T15:00:00Z,2025-06-20T15:15:00Z,2025-06-20,2025-06-20_18,35.00000000000005,65,100,0,159.36950191304354,151.9185867826087,0.031246703140096643,0.9633,3.1755,True,True,True,False,898.8875000000013,0.0,97.97086471768986,117.39571119104876,151.16862416280782,-118.46103762147982,1146.961662450068
2025-06-20T15:15:00Z,2025-06-20T15:30:00Z,2025-06-20,2025-06-20_18,35.00000000000005,65,100,0,151.9185867826087,159.77346695652173,0.0371453495169082,0.0,17.7485,True,True,True,False,898.8875000000013,0.0,97.97086471768986,117.39571119104876,0.0,4482.969794900332,5597.223870809072
2025-06-20T15:30:00Z,2025-06-20T15:45:00Z,2025-06-20,2025-06-20_18,35.00000000000005,65,100,0,159.77346695652173,158.910004,0.031760308212560394,0.0,8.838,True,True,True,False,898.8875000000013,0.0,97.97086471768986,117.39571119104876,0.0,-241.95643142476698,872.2976444839729
2025-06-20T15:45:00Z,2025-06-20T16:00:00Z,2025-06-20,2025-06-20_18,35.00000000000005,65,100,0,158.910004,152.73999999999995,0.028482627777777804,0.0,3.4145000000000003,True,True,True,False,898.8875000000013,0.0,97.97086471768986,117.39571119104876,0.0,-130.31654331538053,983.9375325933594
2025-06-20T16:00:00Z,2025-06-20T16:15:00Z,2025-06-20,2025-06-20_19,0.006324095999980652,0,0,81,152.73999999999995,152.73828149565213,4.773623188391192e-06,0.0,0.0,True,False,True,False,0.19751732831939572,760.6276208835981,0.0,0.0,0.0,0.0,760.8251382119174
2025-06-20T16:15:00Z,2025-06-20T16:30:00Z,2025-06-20,2025-06-20_19,0.006324095999980652,0,0,81,152.73828149565213,152.7365629913043,4.773623188391192e-06,0.0,0.0,True,False,True,False,0.19751732831939572,760.6276208835981,0.0,0.0,0.0,0.0,760.8251382119174
2025-06-20T16:30:00Z,2025-06-20T16:45:00Z,2025-06-20,2025-06-20_19,0.006324095999980652,0,0,81,152.7365629913043,152.7348444869565,4.773623188391192e-06,0.0,0.0,True,False,True,False,0.19751732831939572,760.6276208835981,0.0,0.0,0.0,0.0,760.8251382119174
2025-06-20T16:45:00Z,2025-06-20T17:00:00Z,2025-06-20,2025-06-20_19,0.006324095999980652,0,0,81,152.7348444869565,152.73312598260867,4.773623188391192e-06,0.0,0.0,True,False,True,False,0.19751732831939572,760.6276208835981,0.0,0.0,0.0,0.0,760.8251382119174
2025-06-20T17:00:00Z,2025-06-20T17:15:00Z,2025-06-20,2025-06-20_20,0.0,26,26,74,152.73312598260867,154.12582457391304,0.003870177246376812,0.00026000000000000003,1.51411,True,True,True,False,0.0,694.8943696961265,38.979072679213786,30.522884909672676,0.03100343820180059,-63.108328680167745,701.319002043047
2025-06-20T17:15:00Z,2025-06-20T17:30:00Z,2025-06-20,2025-06-20_20,0.0,26,26,74,154.12582457391304,155.72116897391302,0.004431512222222223,0.0,1.73407,True,True,True,False,0.0,694.8943696961265,38.979072679213786,30.522884909672676,0.0,-64.31157198759863,700.0847552974144
2025-06-20T17:30:00Z,2025-06-20T17:45:00Z,2025-06-20,2025-06-20_20,0.0,26,26,74,155.72116897391302,155.93093719999996,0.0005960349275362319,0.00221,0.23062,True,True,True,False,0.0,694.8943696961265,38.979072679213786,30.522884909672676,0.30745076216785583,-15.946362144006995,748.7574159031739
2025-06-20T17:45:00Z,2025-06-20T18:00:00Z,2025-06-20,2025-06-20_20,0.0,26,26,74,155.93093719999996,155.93513043478256,0.00014981212560386472,0.022879999999999998,0.03159,True,True,True,False,0.0,694.8943696961265,38.979072679213786,30.522884909672676,3.133932945127889,-2.316629298249101,765.2136309318918
2025-06-20T18:00:00Z,2025-06-20T18:15:00Z,2025-06-20,2025-06-20_21,80.0,0,80,20,155.93513043478256,134.98947826086953,0.05818236714975844,0.0,0.73,True,True,True,False,4053.0,187.80928910706123,0.0,93.91656895283901,0.0,-51.26408569668303,4283.461772363217
2025-06-20T18:15:00Z,2025-06-20T18:30:00Z,2025-06-20,2025-06-20_21,80.0,0,80,20,134.98947826086953,113.33513043478257,0.06015096618357488,0.0,0.078,True,True,True,False,4053.0,187.80928910706123,0.0,93.91656895283901,0.0,-5.810524872309558,4328.9153331875905
2025-06-20T18:30:00Z,2025-06-20T18:45:00Z,2025-06-20,2025-06-20_21,80.0,0,80,20,113.33513043478257,91.89426086956519,0.059557971014492755,0.0,0.27440000000000003,True,True,True,False,4053.0,187.80928910706123,0.0,93.91656895283901,0.0,-19.945084961345078,4314.780773098555
2025-06-20T18:45:00Z,2025-06-20T19:00:00Z,2025-06-20,2025-06-20_21,80.0,0,80,20,91.89426086956519,74.45078260869562,0.04845410628019323,0.0,3.9520000000000004,True,True,True,False,4053.0,187.80928910706123,0.0,93.91656895283901,0.0,-180.9215970745474,4153.804260985353
2025-06-20T19:00:00Z,2025-06-20T19:15:00Z,2025-06-20,2025-06-20_22,18.794720000000037,0,0,81,74.45078260869562,69.3435217391304,0.014186835748792297,0.0,0.0,True,False,True,False,845.0106112000017,760.6276208835981,0.0,0.0,0.0,0.0,1605.6382320835996
2025-06-20T19:15:00Z,2025-06-20T19:30:00Z,2025-06-20,2025-06-20_22,18.794720000000037,0,0,81,69.3435217391304,64.23626086956517,0.014186835748792297,0.0,0.0,True,False,True,False,845.0106112000017,760.6276208835981,0.0,0.0,0.0,0.0,1605.6382320835996
2025-06-20T19:30:00Z,2025-06-20T19:45:00Z,2025-06-20,2025-06-20_22,18.794720000000037,0,0,81,64.23626086956517,59.12899999999995,0.014186835748792297,0.0,0.0,True,False,True,False,845.0106112000017,760.6276208835981,0.0,0.0,0.0,0.0,1605.6382320835996
2025-06-20T19:45:00Z,2025-06-20T20:00:00Z,2025-06-20,2025-06-20_22,18.794720000000037,0,0,81,59.12899999999995,54.021739130434725,0.014186835748792297,0.0,0.0,True,False,True,False,845.0106112000017,760.6276208835981,0.0,0.0,0.0,0.0,1605.6382320835996
2025-06-20T20:00:00Z,2025-06-20T20:15:00Z,2025-06-20,2025-06-20_23,74.0,26,100,0,54.021739130434725,38.32516368695646,0.049220140676328496,0.0,4.228,True,True,True,False,2535.425,0.0,38.83955720730568,117.39571119104876,0.0,530.0120706719399,3221.6723390702946
2025-06-20T20:15:00Z,2025-06-20T20:30:00Z,2025-06-20,2025-06-20_23,74.0,26,100,0,38.32516368695646,21.74272497391298,0.050555303091787435,0.0018200000000000002,3.381,True,True,True,False,2535.425,0.0,38.83955720730568,117.39571119104876,0.24260180058429562,-135.50474432100484,2556.398125877934
2025-06-20T20:30:00Z,2025-06-20T20:45:00Z,2025-06-20,2025-06-20_23,74.0,26,100,0,21.74272497391298,13.177233599999939,0.038492536038647336,0.0,11.0615,True,True,True,False,2535.425,0.0,38.83955720730568,117.39571119104876,0.0,-206.4350211658088,2485.225247232546
2025-06-20T20:45:00Z,2025-06-20T21:00:00Z,2025-06-20,2025-06-20_23,74.0,26,100,0,13.177233599999939,10.028277217391244,0.030344203285024154,0.0,16.252,True,True,True,False,2535.425,0.0,38.83955720730568,117.39571119104876,0.0,3388.010839278971,6079.671107677325
2025-06-20T21:00:00Z,2025-06-20T21:15:00Z,2025-06-21,2025-06-20_24,0.0,100,100,0,10.028277217391244,17.612757217391245,0.021068,0.0,8.244,True,True,True,False,0.0,0.0,142.6533523537803,112.99334284355683,0.0,1144.5720542082738,1400.2187494056109
2025-06-20T21:15:00Z,2025-06-20T21:30:00Z,2025-06-21,2025-06-20_24,0.0,100,100,0,17.612757217391245,26.909357217391246,0.025823888888888893,0.0,10.105,True,True,True,False,0.0,0.0,142.6533523537803,112.99334284355683,0.0,364.9748533840545,620.6215485813916
2025-06-20T21:30:00Z,2025-06-20T21:45:00Z,2025-06-21,2025-06-20_24,0.0,100,100,0,26.909357217391246,32.16623721739125,0.014602444444444446,0.0,5.714,True,True,True,False,0.0,0.0,142.6533523537803,112.99334284355683,0.0,-193.96149904897766,61.685196148359466
2025-06-20T21:45:00Z,2025-06-20T22:00:00Z,2025-06-21,2025-06-20_24,0.0,100,100,0,32.16623721739125,38.19085721739125,0.016735055555555555,0.0,6.5485,True,True,True,False,0.0,0.0,142.6533523537803,112.99334284355683,0.0,-209.24528233475985,46.401412862577274
2025-06-20T22:00:00Z,2025-06-20T22:15:00Z,2025-06-21,2025-06-21_1,0.0,49,49,51,38.19085721739125,39.237307608695595,0.002909765579710145,0.0004900000000000001,1.138025,True,True,True,False,0.0,477.4429386590584,69.90014265335235,55.366737993342845,0.06786138849262958,-48.86098342150103,553.9166972727452
2025-06-20T22:15:00Z,2025-06-20T22:30:00Z,2025-06-21,2025-06-21_1,0.0,49,49,51,39.237307608695595,39.20470599130429,0.0002896633816425121,0.06296500000000001,0.038955000000000004,True,True,True,False,0.0,477.4429386590584,69.90014265335235,55.366737993342845,8.638488115192583,-2.6387319870423207,608.7095754339039
2025-06-20T22:30:00Z,2025-06-20T22:45:00Z,2025-06-21,2025-06-21_1,0.0,49,49,51,39.20470599130429,40.21630119130429,0.002809986666666667,0.0,1.09956,True,True,True,False,0.0,477.4429386590584,69.90014265335235,55.366737993342845,0.0,-48.65583499762245,554.0539843081311
2025-06-20T22:45:00Z,2025-06-20T23:00:00Z,2025-06-21,2025-06-21_1,0.0,49,49,51,40.21630119130429,42.29088279130429,0.005762726666666667,0.0,2.25498,True,True,True,False,0.0,477.4429386590584,69.90014265335235,55.366737993342845,0.0,-97.53396118640039,505.1758581193532
2025-06-20T23:00:00Z,2025-06-20T23:15:00Z,2025-06-21,2025-06-21_2,0.0,49,49,51,42.29088279130429,41.279822330434726,0.003099016835748792,0.978285,0.05684,True,True,True,False,0.0,477.4429386590584,69.90014265335235,55.366737993342845,135.58799057893484,-3.413451917895071,734.8843579667933
2025-06-20T23:15:00Z,2025-06-20T23:30:00Z,2025-06-21,2025-06-21_2,0.0,49,49,51,41.279822330434726,41.154804582608634,0.0003835859661835748,0.12103,0.007105,True,True,True,False,0.0,477.4429386590584,69.90014265335235,55.366737993342845,16.651240832540815,-0.5359015790933587,618.8251585592011
2025-06-20T23:30:00Z,2025-06-20T23:45:00Z,2025-06-21,2025-06-21_2,0.0,49,49,51,41.154804582608634,41.121095139130375,0.00026143512077294684,0.0588,0.03283,True,True,True,False,0.0,477.4429386590584,69.90014265335235,55.366737993342845,8.076087731811697,-2.3751469468220003,608.4107600907433
2025-06-20T23:45:00Z,2025-06-21T00:00:00Z,2025-06-21,2025-06-21_2,0.0,49,49,51,41.121095139130375,41.23862227826081,0.0005513435024154589,0.037239999999999995,0.17174499999999998,True,True,True,False,0.0,477.4429386590584,69.90014265335235,55.366737993342845,5.051741171342526,-8.848209027777775,598.9133514493184
2025-06-21T00:00:00Z,2025-06-21T00:15:00Z,2025-06-21,2025-06-21_3,0.0,49,49,51,41.23862227826081,39.50342149565211,0.005552552173913044,1.7176950000000002,0.14332499999999998,True,True,True,False,0.0,477.4429386590584,69.90014265335235,55.366737993342845,257.16758336305276,-6.341773448644791,853.5356292201616
2025-06-21T00:15:00Z,2025-06-21T00:30:00Z,2025-06-21,2025-06-21_3,0.0,49,49,51,39.50342149565211,39.469506678260814,0.0002519878260869565,0.05733,0.03087,True,True,True,False,0.0,477.4429386590584,69.90014265335235,55.366737993342845,7.795616904422253,-2.310785128388017,608.1946510817878
2025-06-21T00:30:00Z,2025-06-21T00:45:00Z,2025-06-21,2025-06-21_3,0.0,49,49,51,39.469506678260814,39.43784671304342,0.00027452545893719805,0.060024999999999995,0.036505,True,True,True,False,0.0,477.4429386590584,69.90014265335235,55.366737993342845,8.202489033523538,-2.6157215396655573,608.2965867996116
2025-06-21T00:45:00Z,2025-06-21T01:00:00Z,2025-06-21,2025-06-21_3,0.0,49,49,51,39.43784671304342,39.46199646956516,0.00028604400966183573,0.03626,0.06908999999999998,True,True,True,False,0.0,477.4429386590584,69.90014265335235,55.366737993342845,4.891989249484863,-5.0332404481692805,602.5685681070692
2025-06-21T01:00:00Z,2025-06-21T01:15:00Z,2025-06-21,2025-06-21_4,-49.89512553891519,100,50,0,39.46199646956516,49.99255926909725,0.03211383454218977,0.946,0.0045,True,True,True,False,-1334.8193459798285,0.0,142.6533523537803,56.496671421778416,130.932120383579,-0.3530670470756062,-1005.0902688677664
2025-06-21T01:15:00Z,2025-06-21T01:30:00Z,2025-06-21,2025-06-21_4,-49.89512553891519,100,50,0,49.99255926909725,56.140042478050624,0.03313955351000933,5.309,0.0,True,True,True,False,-1334.8193459798285,0.0,142.6533523537803,56.496671421778416,808.1225328895229,0.0,-327.546789314747
2025-06-21T01:30:00Z,2025-06-21T01:45:00Z,2025-06-21,2025-06-21_4,-49.89512553891519,100,50,0,56.140042478050624,51.53940190164816,0.03568541138907869,16.018,0.0,True,True,True,False,-1334.8193459798285,0.0,142.6533523537803,56.496671421778416,3914.895424789983,0.0,2779.226102585713
2025-06-21T01:45:00Z,2025-06-21T02:00:00Z,2025-06-21,2025-06-21_4,-49.89512553891519,100,50,0,51.53940190164816,50.53986956521739,0.03483243370020944,12.43,0.0,True,True,True,False,-1334.8193459798285,0.0,142.6533523537803,56.496671421778416,2434.2575883658265,0.0,1298.5882661615567
2025-06-21T02:00:00Z,2025-06-21T02:15:00Z,2025-06-21,2025-06-21_5,0.0,56,56,44,50.53986956521739,41.81239130434783,0.024242995169082116,8.029279999999998,0.0,True,True,True,False,0.0,411.91155492154064,91.85211602472657,62.69377080361389,1575.7621083848467,0.0,2142.219550134728
2025-06-21T02:15:00Z,2025-06-21T02:30:00Z,2025-06-21,2025-06-21_5,0.0,56,56,44,41.81239130434783,35.66852173913043,0.01706630434782609,5.652360000000001,0.0,True,True,True,False,0.0,411.91155492154064,91.85211602472657,62.69377080361389,1056.774731312411,0.0,1623.232173062292
2025-06-21T02:30:00Z,2025-06-21T02:45:00Z,2025-06-21,2025-06-21_5,0.0,56,56,44,35.66852173913043,33.91304347826087,0.004876328502415458,1.6150399999999998,0.0,True,True,True,False,0.0,411.91155492154064,91.85211602472657,62.69377080361389,223.91528679663972,0.0,790.3727285465209
2025-06-21T02:45:00Z,2025-06-21T03:00:00Z,2025-06-21,2025-06-21_5,0.0,56,56,44,33.91304347826087,36.04302539130435,0.006004539130434782,0.014559999999999998,2.3324,True,True,True,False,0.0,411.91155492154064,91.85211602472657,62.69377080361389,2.016452686638136,-98.70601085750513,469.7678835790141
2025-06-21T03:00:00Z,2025-06-21T03:15:00Z,2025-06-21,2025-06-21_6,12.0,45,57,43,36.04302539130435,33.56517226086956,0.01021562536231884,0.0054,0.82593,True,True,True,False,312.57,402.5499286733238,73.80973609129813,63.81330242510698,0.7478601997146933,-41.01847355563481,812.4723538338088
2025-06-21T03:15:00Z,2025-06-21T03:30:00Z,2025-06-21,2025-06-21_6,12.0,45,57,43,33.56517226086956,33.56448878260869,0.013778898550724636,0.0009000000000000001,3.4143,True,True,True,False,312.57,402.5499286733238,73.80973609129813,63.81330242510698,0.12464336661911556,5.213585770328102,858.0811963266761
2025-06-21T03:30:00Z,2025-06-21T03:45:00Z,2025-06-21,2025-06-21_6,12.0,45,57,43,33.56448878260869,36.62015156521739,0.01819664782608696,0.0,6.61314,True,True,True,False,312.57,402.5499286733238,73.80973609129813,63.81330242510698,0.0,-141.84210467189726,710.9008625178317
2025-06-21T03:45:00Z,2025-06-21T04:00:00Z,2025-06-21,2025-06-21_6,12.0,45,57,43,36.62015156521739,38.0114772173913,0.01578870652173913,0.0,4.8706499999999995,True,True,True,False,312.57,402.5499286733238,73.80973609129813,63.81330242510698,0.0,-30.796689936994763,821.9462772527341
2025-06-21T04:00:00Z,2025-06-21T04:15:00Z,2025-06-21,2025-06-21_7,0.0,49,49,51,38.0114772173913,38.834785017391305,0.0054855772222222226,0.52969,1.520715,True,True,True,False,0.0,477.4429386590584,69.90014265335235,55.366737993342845,76.71899321604059,494.339034753923,1173.7678472757173
2025-06-21T04:15:00Z,2025-06-21T04:30:00Z,2025-06-21,2025-06-21_7,0.0,49,49,51,38.834785017391305,38.27466516521739,0.0015583929227053139,0.515725,0.0004900000000000001,True,True,True,False,0.0,477.4429386590584,69.90014265335235,55.366737993342845,71.43371634767793,-0.03786257727056587,674.105673076161
2025-06-21T04:30:00Z,2025-06-21T04:45:00Z,2025-06-21,2025-06-21_7,0.0,49,49,51,38.27466516521739,38.010471226086956,0.000742637608695652,0.24450999999999998,0.0017150000000000002,True,True,True,False,0.0,477.4429386590584,69.90014265335235,55.366737993342845,33.862832857822156,-0.13251902044698052,636.4401331431288
2025-06-21T04:45:00Z,2025-06-21T05:00:00Z,2025-06-21,2025-06-21_7,0.0,49,49,51,38.010471226086956,38.195562547826086,0.0008470229951690821,0.05512500000000001,0.26631499999999997,True,True,True,False,0.0,477.4429386590584,69.90014265335235,55.366737993342845,7.634406205420828,-8.000636158662227,602.3435893525123
2025-06-21T05:00:00Z,2025-06-21T05:15:00Z,2025-06-21,2025-06-21_8,6.439917544000025,0,0,39,38.195562547826086,36.445584954347815,0.004861048870772966,0.0,0.0,True,False,True,False,146.08952948564055,365.10342368045644,0.0,0.0,0.0,0.0,511.192953166097
2025-06-21T05:15:00Z,2025-06-21T05:30:00Z,2025-06-21,2025-06-21_8,6.439917544000025,0,0,39,36.445584954347815,34.695607360869545,0.004861048870772966,0.0,0.0,True,False,True,False,146.08952948564055,365.10342368045644,0.0,0.0,0.0,0.0,511.192953166097
2025-06-21T05:30:00Z,2025-06-21T05:45:00Z,2025-06-21,2025-06-21_8,6.439917544000025,0,0,39,34.695607360869545,32.945629767391274,0.004861048870772966,0.0,0.0,True,False,True,False,146.08952948564055,365.10342368045644,0.0,0.0,0.0,0.0,511.192953166097
2025-06-21T05:45:00Z,2025-06-21T06:00:00Z,2025-06-21,2025-06-21_8,6.439917544000025,0,0,39,32.945629767391274,31.195652173913007,0.004861048870772966,0.0,0.0,True,False,True,False,146.08952948564055,365.10342368045644,0.0,0.0,0.0,0.0,511.192953166097
2025-06-21T06:00:00Z,2025-06-21T06:15:00Z,2025-06-21,2025-06-21_9,39.94356841349512,60,100,0,31.195652173913007,19.936181065054942,0.03213885245203592,0.6279,0.281,True,True,True,False,758.2287874091712,0.0,85.59201141226818,113.88492629576795,87.01227009034712,-12.625792320494533,1032.09220288706
2025-06-21T06:15:00Z,2025-06-21T06:30:00Z,2025-06-21,2025-06-21_9,39.94356841349512,60,100,0,19.936181065054942,17.902192735726153,0.03311477468650399,0.0075,8.9475,True,True,True,False,758.2287874091712,0.0,85.59201141226818,113.88492629576795,1.037981455064194,8616.056746314787,9574.800452887059
2025-06-21T06:30:00Z,2025-06-21T06:45:00Z,2025-06-21,2025-06-21_9,39.94356841349512,60,100,0,17.902192735726153,14.480685849145097,0.032627113085494604,0.0,7.533000000000001,True,True,True,False,758.2287874091712,0.0,85.59201141226818,113.88492629576795,0.0,3519.001428316691,4476.707153433898
2025-06-21T06:45:00Z,2025-06-21T07:00:00Z,2025-06-21,2025-06-21_9,39.94356841349512,60,100,0,14.480685849145097,10.003422382608665,0.032275350737939794,0.0,6.463000000000001,True,True,True,False,758.2287874091712,0.0,85.59201141226818,113.88492629576795,0.0,2829.0094785227457,3786.715203639953
2025-06-21T07:00:00Z,2025-06-21T07:15:00Z,2025-06-21,2025-06-21_10,1.0000000000000195,99,100,0,10.003422382608665,9.999999999999964,0.0017956866183575023,0.052469999999999996,0.353,True,True,True,False,5.850000000000114,0.0,141.75641940085592,114.3901569186876,5.860771754636233,-17.75637838801712,250.10096968616273
2025-06-21T07:15:00Z,2025-06-21T07:30:00Z,2025-06-21,2025-06-21_10,1.0000000000000195,99,100,0,9.999999999999964,15.891841626086915,0.017528183260869575,0.009404999999999998,6.6985,True,True,True,False,5.850000000000114,0.0,141.75641940085592,114.3901569186876,1.0505156918687588,525.1325651846569,788.1796571960692
2025-06-21T07:30:00Z,2025-06-21T07:45:00Z,2025-06-21,2025-06-21_10,1.0000000000000195,99,100,0,15.891841626086915,23.10129435652169,0.021045762415458944,0.0,8.117,True,True,True,False,5.850000000000114,0.0,141.75641940085592,114.3901569186876,0.0,-19.427278491044543,242.5692978284991
2025-06-21T07:45:00Z,2025-06-21T08:00:00Z,2025-06-21,2025-06-21_10,1.0000000000000195,99,100,0,23.10129435652169,35.80896687826082,0.035958359661835755,0.0,14.082500000000001,True,True,True,False,5.850000000000114,0.0,141.75641940085592,114.3901569186876,0.0,1113.6006404541133,1375.597216773657
2025-06-21T08:00:00Z,2025-06-21T08:15:00Z,2025-06-21,2025-06-21_11,-60.999999999999986,0,0,39,35.80896687826082,49.83896687826082,0.038972222222222214,0.0,0.0,True,False,True,False,-0.0,365.10342368045644,0.0,0.0,0.0,0.0,365.10342368045644
2025-06-21T08:15:00Z,2025-06-21T08:30:00Z,2025-06-21,2025-06-21_11,-60.999999999999986,0,0,39,49.83896687826082,63.86896687826082,0.038972222222222214,0.0,0.0,True,False,True,False,-0.0,365.10342368045644,0.0,0.0,0.0,0.0,365.10342368045644
2025-06-21T08:30:00Z,2025-06-21T08:45:00Z,2025-06-21,2025-06-21_11,-60.999999999999986,0,0,39,63.86896687826082,77.89896687826082,0.038972222222222214,0.0,0.0,True,False,True,False,-0.0,365.10342368045644,0.0,0.0,0.0,0.0,365.10342368045644
2025-06-21T08:45:00Z,2025-06-21T09:00:00Z,2025-06-21,2025-06-21_11,-60.999999999999986,0,0,39,77.89896687826082,91.92896687826082,0.038972222222222214,0.0,0.0,True,False,True,False,-0.0,365.10342368045644,0.0,0.0,0.0,0.0,365.10342368045644
2025-06-21T09:00:00Z,2025-06-21T09:15:00Z,2025-06-21,2025-06-21_12,0.0,100,100,0,91.92896687826082,100.57788687826083,0.02402477777777778,0.0,9.401,True,True,True,False,0.0,0.0,143.188302425107,143.93128863528293,0.0,7403.378768227928,7690.498359288318
2025-06-21T09:15:00Z,2025-06-21T09:30:00Z,2025-06-21,2025-06-21_12,0.0,100,100,0,100.57788687826083,113.83876687826083,0.03683577777777778,0.0,14.414,True,True,True,False,0.0,0.0,143.188302425107,143.93128863528293,0.0,14948.747633935647,15235.867224996036
2025-06-21T09:30:00Z,2025-06-21T09:45:00Z,2025-06-21,2025-06-21_12,0.0,100,100,0,113.83876687826083,119.43734687826083,0.015621055555555556,0.0115,6.099,True,True,True,False,0.0,0.0,143.188302425107,143.93128863528293,1.0025360595974004,1828.0698781502613,2116.1920052702485
2025-06-21T09:45:00Z,2025-06-21T10:00:00Z,2025-06-21,2025-06-21_12,0.0,100,100,0,119.43734687826083,120.67474687826082,0.0034372222222222226,0.0,1.345,True,True,True,False,0.0,0.0,143.188302425107,143.93128863528293,0.0,-53.967618679663964,233.15197238072597
2025-06-21T10:00:00Z,2025-06-21T10:15:00Z,2025-06-21,2025-06-21_13,0.0,100,100,0,120.67474687826082,115.31187209565212,0.014924985507246379,4.9385,0.0055,True,True,True,False,0.0,0.0,143.188302425107,160.12838801711843,437.7683971310826,-0.42498811222063715,740.6600994610874
2025-06-21T10:15:00Z,2025-06-21T10:30:00Z,2025-06-21,2025-06-21_13,0.0,100,100,0,115.31187209565212,112.82817644347821,0.006899154589371981,2.285,0.0,True,True,True,False,0.0,0.0,143.188302425107,160.12838801711843,211.1252714376288,0.0,514.4419618798543
2025-06-21T10:30:00Z,2025-06-21T10:45:00Z,2025-06-21,2025-06-21_13,0.0,100,100,0,112.82817644347821,112.75865383478255,0.00020845169082125603,0.0665,0.003,True,True,True,False,0.0,0.0,143.188302425107,160.12838801711843,5.797273735932794,-0.13274667142177843,308.9812175067364
2025-06-21T10:45:00Z,2025-06-21T11:00:00Z,2025-06-21,2025-06-21_13,0.0,100,100,0,112.75865383478255,124.45277383478255,0.032483666666666675,0.0,12.711,True,True,True,False,0.0,0.0,143.188302425107,160.12838801711843,0.0,2507.7403762482168,2811.0570666904423
2025-06-21T11:00:00Z,2025-06-21T11:15:00Z,2025-06-21,2025-06-21_14,0.0,100,100,0,124.45277383478255,139.21877383478255,0.041016666666666673,0.0,16.05,True,True,True,False,0.0,0.0,142.6533523537803,155.40299572039942,0.0,11324.964841892535,11623.021189966716
2025-06-21T11:15:00Z,2025-06-21T11:30:00Z,2025-06-21,2025-06-21_14,0.0,100,100,0,139.21877383478255,158.57235383478255,0.053759944444444444,0.0,21.0365,True,True,True,False,0.0,0.0,142.6533523537803,155.40299572039942,0.0,19249.185243402284,19547.241591476464
2025-06-21T11:30:00Z,2025-06-21T11:45:00Z,2025-06-21,2025-06-21_14,0.0,100,100,0,158.57235383478255,163.97643383478254,0.015011333333333331,0.0,5.874,True,True,True,False,0.0,0.0,142.6533523537803,155.40299572039942,0.0,178.39749524488826,476.45384331906797
2025-06-21T11:45:00Z,2025-06-21T12:00:00Z,2025-06-21,2025-06-21_14,0.0,100,100,0,163.97643383478254,164.52701470434775,0.0015807198067632853,0.0085,0.6085,True,True,True,False,0.0,0.0,142.6533523537803,155.40299572039942,0.7445718418132826,-25.561653689174193,273.2392662268188
2025-06-21T12:00:00Z,2025-06-21T12:15:00Z,2025-06-21,2025-06-21_15,-10.000000000000018,61,51,39,164.52701470434775,167.3424524434782,0.00784067850241547,0.003965,0.564825,True,True,True,False,-0.0,365.10342368045644,87.01854493580599,79.40709700427959,0.34565699793945154,-22.5862854850214,509.2884371334601
2025-06-21T12:15:00Z,2025-06-21T12:30:00Z,2025-06-21,2025-06-21_15,-10.000000000000018,61,51,39,167.3424524434782,169.75379166086952,0.006793635507246389,0.01891,0.1428,True,True,True,False,-0.0,365.10342368045644,87.01854493580599,79.40709700427959,1.648517990172769,-7.639087018544936,525.5384965921698
2025-06-21T12:30:00Z,2025-06-21T12:45:00Z,2025-06-21,2025-06-21_15,-10.000000000000018,61,51,39,169.75379166086952,171.56689051304343,0.007872798743961363,0.56181,0.11781,True,True,True,False,-0.0,365.10342368045644,87.01854493580599,79.40709700427959,49.58280468972896,-5.111915763195435,575.9999545470755
2025-06-21T12:45:00Z,2025-06-21T13:00:00Z,2025-06-21,2025-06-21_15,-10.000000000000018,61,51,39,171.56689051304343,171.66672251304342,0.010760644444444453,2.07644,0.0,True,True,True,False,-0.0,365.10342368045644,87.01854493580599,79.40709700427959,183.77925687113645,0.0,715.3083224916785
2025-06-21T13:00:00Z,2025-06-21T13:15:00Z,2025-06-21,2025-06-21_16,-17.862692647427878,100,82,0,171.66672251304342,175.870389819968,0.01491820208172923,0.6535,0.8544400000000001,True,True,True,False,-0.044656731618569694,0.0,142.6533523537803,127.18675701378982,57.846247622444125,-21.2838038040894,306.3578964543063
2025-06-21T13:15:00Z,2025-06-21T13:30:00Z,2025-06-21,2025-06-21_16,-17.862692647427878,100,82,0,175.870389819968,171.107344029797,0.028393488946553035,8.392,0.0,True,True,True,False,-0.044656731618569694,0.0,142.6533523537803,127.18675701378982,2081.7470676810904,0.0,2351.542520317042
2025-06-21T13:30:00Z,2025-06-21T13:45:00Z,2025-06-21,2025-06-21_16,-17.862692647427878,100,82,0,171.107344029797,170.7805593559614,0.019901870652251127,4.1955,0.0,True,True,True,False,-0.044656731618569694,0.0,142.6533523537803,127.18675701378982,505.8265772111269,0.0,775.6220298470785
2025-06-21T13:45:00Z,2025-06-21T14:00:00Z,2025-06-21,2025-06-21_16,-17.862692647427878,100,82,0,170.7805593559614,174.69948000000014,0.016617150257951636,1.1555,1.12176,True,True,True,False,-0.044656731618569694,0.0,142.6533523537803,127.18675701378982,102.11106247028056,-19.99485192582026,351.91166318041184
2025-06-21T14:00:00Z,2025-06-21T14:15:00Z,2025-06-21,2025-06-21_17,0.0,100,100,0,174.69948000000014,186.77540000000013,0.033544222222222225,0.0,13.126,True,True,True,False,0.0,0.0,142.6533523537803,113.88492629576795,0.0,7920.573038120145,8177.111316769693
2025-06-21T14:15:00Z,2025-06-21T14:30:00Z,2025-06-21,2025-06-21_17,0.0,100,100,0,186.77540000000013,189.7956521739132,0.009524855072463768,0.188,3.505,True,True,True,False,0.0,0.0,142.6533523537803,113.88492629576795,16.74742827706451,255.36319444444445,528.6489013710571
2025-06-21T14:30:00Z,2025-06-21T14:45:00Z,2025-06-21,2025-06-21_17,0.0,100,100,0,189.7956521739132,186.8894678260871,0.008128956521739129,2.683,0.011,True,True,True,False,0.0,0.0,142.6533523537803,113.88492629576795,240.28350927246788,-0.8499762244412743,495.9718116975749
2025-06-21T14:45:00Z,2025-06-21T15:00:00Z,2025-06-21,2025-06-21_17,0.0,100,100,0,186.8894678260871,166.35468521739145,0.057041062801932364,18.892,0.0,True,True,True,False,0.0,0.0,142.6533523537803,113.88492629576795,14705.740614994453,0.0,14962.278893644001
2025-06-21T15:00:00Z,2025-06-21T15:15:00Z,2025-06-21,2025-06-21_18,-8.992869946154826,97,88,3,166.35468521739145,171.7095103036304,0.02404458072916065,1.673735,5.521559999999999,True,True,True,False,-164.70441306382565,28.084878744650496,138.37375178316688,100.2187351402758,248.35724358357106,451.83650135520674,802.1666975430453
2025-06-21T15:15:00Z,2025-06-21T15:30:00Z,2025-06-21,2025-06-21_18,-8.992869946154826,97,88,3,171.7095103036304,177.63547805063033,0.016585910864629363,0.022795,4.2196,True,True,True,False,-164.70441306382565,28.084878744650496,138.37375178316688,100.2187351402758,2.0418036832303055,237.52639380250432,341.54115009000213
2025-06-21T15:30:00Z,2025-06-21T15:45:00Z,2025-06-21,2025-06-21_18,-8.992869946154826,97,88,3,177.63547805063033,177.15268990863748,0.011743073651020276,2.3881400000000004,0.00836,True,True,True,False,-164.70441306382565,28.084878744650496,138.37375178316688,100.2187351402758,377.77297358535435,-0.6459819305753685,479.0999442590465
2025-06-21T15:45:00Z,2025-06-21T16:00:00Z,2025-06-21,2025-06-21_18,-8.992869946154826,97,88,3,177.15268990863748,164.70000000000022,0.03965989624094103,13.552355,0.0,True,True,True,False,-164.70441306382565,28.084878744650496,138.37375178316688,100.2187351402758,2215.495346033444,0.0,2317.4682986377115
2025-06-21T16:00:00Z,2025-06-21T16:15:00Z,2025-06-21,2025-06-21_19,0.011235960000002479,0,0,55,164.70000000000022,164.69694675000022,8.481250000001871e-06,0.0,0.0,True,False,True,False,0.32497205310007166,514.8894436519258,0.0,0.0,0.0,0.0,515.2144157050259
2025-06-21T16:15:00Z,2025-06-21T16:30:00Z,2025-06-21,2025-06-21_19,0.011235960000002479,0,0,55,164.69694675000022,164.69389350000023,8.481250000001871e-06,0.0,0.0,True,False,True,False,0.32497205310007166,514.8894436519258,0.0,0.0,0.0,0.0,515.2144157050259
2025-06-21T16:30:00Z,2025-06-21T16:45:00Z,2025-06-21,2025-06-21_19,0.011235960000002479,0,0,55,164.69389350000023,164.69084025000024,8.481250000001871e-06,0.0,0.0,True,False,True,False,0.32497205310007166,514.8894436519258,0.0,0.0,0.0,0.0,515.2144157050259
2025-06-21T16:45:00Z,2025-06-21T17:00:00Z,2025-06-21,2025-06-21_19,0.011235960000002479,0,0,55,164.69084025000024,164.68778700000024,8.481250000001871e-06,0.0,0.0,True,False,True,False,0.32497205310007166,514.8894436519258,0.0,0.0,0.0,0.0,515.2144157050259
2025-06-21T17:00:00Z,2025-06-21T17:15:00Z,2025-06-21,2025-06-21_20,0.0,45,45,55,164.68778700000024,163.81711956521764,0.0024863706521739133,0.81225,0.013274999999999999,True,True,True,False,0.0,514.8894436519258,64.36786733238232,50.686519258202566,143.31403887303853,-1.016716342724679,772.2411527728245
2025-06-21T17:15:00Z,2025-06-21T17:30:00Z,2025-06-21,2025-06-21_20,0.0,45,45,55,163.81711956521764,162.04851900000025,0.004932329347826087,1.6303500000000002,0.0038250000000000003,True,True,True,False,0.0,514.8894436519258,64.36786733238232,50.686519258202566,311.75049304564914,-0.2955599144079886,941.3987633737519
2025-06-21T17:30:00Z,2025-06-21T17:45:00Z,2025-06-21,2025-06-21_20,0.0,45,45,55,162.04851900000025,160.61072008695677,0.003993885869565217,1.3227749999999998,0.0,True,True,True,False,0.0,514.8894436519258,64.36786733238232,50.686519258202566,273.7886362339515,0.0,903.7324664764622
2025-06-21T17:45:00Z,2025-06-21T18:00:00Z,2025-06-21,2025-06-21_20,0.0,45,45,55,160.61072008695677,155.98697008695677,0.012843749999999998,4.25385,0.0,True,True,True,False,0.0,514.8894436519258,64.36786733238232,50.686519258202566,987.3766380171182,0.0,1617.320468259629
2025-06-21T18:00:00Z,2025-06-21T18:15:00Z,2025-06-21,2025-06-21_21,45.0,0,45,55,155.98697008695677,143.83892660869589,0.03374456521739131,0.0,0.0738,True,True,True,False,2097.3375,514.8894436519258,0.0,50.37892296718973,0.0,-5.397465763195436,2657.20840085592
2025-06-21T18:15:00Z,2025-06-21T18:30:00Z,2025-06-21,2025-06-21_21,45.0,0,45,55,143.83892660869589,131.8437363913046,0.03331997282608695,0.0,0.214425,True,True,True,False,2097.3375,514.8894436519258,0.0,50.37892296718973,0.0,-15.508639042439373,2647.0972275766762
2025-06-21T18:30:00Z,2025-06-21T18:45:00Z,2025-06-21,2025-06-21_21,45.0,0,45,55,131.8437363913046,119.62379073913067,0.03394429347826087,0.0,0.0076500000000000005,True,True,True,False,2097.3375,514.8894436519258,0.0,50.37892296718973,0.0,-0.5859482881597718,2662.019918330956
2025-06-21T18:45:00Z,2025-06-21T19:00:00Z,2025-06-21,2025-06-21_21,45.0,0,45,55,119.62379073913067,107.40604617391327,0.033938179347826086,0.0,0.009675,True,True,True,False,2097.3375,514.8894436519258,0.0,50.37892296718973,0.0,-0.7475927246790299,2661.8582738944365
2025-06-21T19:00:00Z,2025-06-21T19:15:00Z,2025-06-21,2025-06-21_22,70.6024288666728,29,100,0,107.40604617391327,87.95216814382644,0.054238388239345306,0.373955,0.133,True,True,True,False,2945.8863444619224,0.0,41.834878744650496,112.22063718497384,54.887261425146605,96.13063025043589,3250.959752067129
2025-06-21T19:15:00Z,2025-06-21T19:30:00Z,2025-06-21,2025-06-21_22,70.6024288666728,29,100,0,87.95216814382644,74.45919104790843,0.045730201664379494,0.005509999999999999,5.4905,True,True,True,False,2945.8863444619224,0.0,41.834878744650496,112.22063718497384,0.7641860833729591,2712.2582651767316,5812.964311651651
2025-06-21T19:30:00Z,2025-06-21T19:45:00Z,2025-06-21,2025-06-21_22,70.6024288666728,29,100,0,74.45919104790843,54.79671984566377,0.054654787853643236,0.46226,0.0245,True,True,True,False,2945.8863444619224,0.0,41.834878744650496,112.22063718497384,71.54506606038991,-1.8758916825170393,3169.6110347694193
2025-06-21T19:45:00Z,2025-06-21T20:00:00Z,2025-06-21,2025-06-21_22,70.6024288666728,29,100,0,54.79671984566377,34.432686956521806,0.05657201692423043,1.0876450000000002,0.0035000000000000005,True,True,True,False,2945.8863444619224,0.0,41.834878744650496,112.22063718497384,190.66305654719451,-0.27044698050404187,3290.334469958237
2025-06-21T20:00:00Z,2025-06-21T20:15:00Z,2025-06-21,2025-06-21_23,0.0,100,100,0,34.432686956521806,15.471273913043543,0.052670591787439616,17.4445,0.0,True,True,True,False,0.0,0.0,142.6533523537803,113.88492629576795,10130.71226630607,0.0,10387.25054495562
2025-06-21T20:15:00Z,2025-06-21T20:30:00Z,2025-06-21,2025-06-21_23,0.0,100,100,0,15.471273913043543,10.080932173913109,0.014993615942028984,4.9625,0.004,True,True,True,False,0.0,0.0,142.6533523537803,113.88492629576795,995.1792701894119,-0.3090822634331907,1251.408466575527
2025-06-21T20:30:00Z,2025-06-21T20:45:00Z,2025-06-21,2025-06-21_23,0.0,100,100,0,10.080932173913109,10.000000000000066,0.0003065893719806763,0.088,0.016,True,True,True,False,0.0,0.0,142.6533523537803,113.88492629576795,12.187351402757963,-1.1986844190838486,267.52694563322234
2025-06-21T20:45:00Z,2025-06-21T21:00:00Z,2025-06-21,2025-06-21_23,0.0,100,100,0,10.000000000000066,14.059513913043544,0.011542128019323673,0.044,4.4645,True,True,True,False,0.0,0.0,142.6533523537803,113.88492629576795,6.093675701378982,2786.3231801791094,3048.9551345300365
2025-06-21T21:00:00Z,2025-06-21T21:15:00Z,2025-06-22,2025-06-21_24,0.0,100,100,0,14.059513913043544,12.921764347826153,0.01356663768115942,2.77,2.036,True,True,True,False,0.0,0.0,142.6533523537803,113.88492629576795,426.72774211443965,435.1381217308607,1118.4041424948487
2025-06-21T21:15:00Z,2025-06-21T21:30:00Z,2025-06-22,2025-06-21_24,0.0,100,100,0,12.921764347826153,11.924957391304414,0.0030704637681159422,0.967,0.05899999999999999,True,True,True,False,0.0,0.0,142.6533523537803,113.88492629576795,133.998626168965,-3.011569385005547,387.5253354335077
2025-06-21T21:30:00Z,2025-06-21T21:45:00Z,2025-06-22,2025-06-21_24,0.0,100,100,0,11.924957391304414,17.984077391304414,0.016830888888888892,0.0,6.586,True,True,True,False,0.0,0.0,142.6533523537803,113.88492629576795,0.0,622.723576636551,879.2618552860993
2025-06-21T21:45:00Z,2025-06-21T22:00:00Z,2025-06-22,2025-06-21_24,0.0,100,100,0,17.984077391304414,29.932577391304417,0.033190277777777784,0.0,12.987500000000002,True,True,True,False,0.0,0.0,142.6533523537803,113.88492629576795,0.0,2003.8658513631322,2260.4041300126805
2025-06-21T22:00:00Z,2025-06-21T22:15:00Z,2025-06-22,2025-06-22_1,-0.9999999999997655,64,63,36,29.932577391304417,31.30095837391306,0.004059753937197919,0.04352,1.288665,True,True,True,False,-27.242499999993612,337.01854493580595,91.29814550641939,71.7475035663338,6.027199239182121,80.62811691333808,559.4770101610857
2025-06-21T22:15:00Z,2025-06-21T22:30:00Z,2025-06-22,2025-06-22_1,-0.9999999999997655,64,63,36,31.30095837391306,30.535970417391265,0.0033532943236713663,0.9216,0.004724999999999999,True,True,True,False,-27.242499999993612,337.01854493580595,91.29814550641939,71.7475035663338,127.75166904422254,-0.36510342368045645,600.2082596291076
2025-06-21T22:30:00Z,2025-06-21T22:45:00Z,2025-06-22,2025-06-22_1,-0.9999999999997655,64,63,36,30.535970417391265,33.10104321739121,0.007650202222222074,0.08832000000000001,2.64222,True,True,True,False,-27.242499999993612,337.01854493580595,91.29814550641939,71.7475035663338,12.23166904422254,285.7745830955777,770.8279461483658
2025-06-21T22:45:00Z,2025-06-21T23:00:00Z,2025-06-22,2025-06-22_1,-0.9999999999997655,64,63,36,33.10104321739121,38.09158781739116,0.013862623888888738,0.0,5.174505,True,True,True,False,-27.242499999993612,337.01854493580595,91.29814550641939,71.7475035663338,0.0,86.99221315977175,559.8139071683373
2025-06-21T23:00:00Z,2025-06-21T23:15:00Z,2025-06-22,2025-06-22_2,-9.796065990144259,52,42,48,38.09158781739116,37.96816271979668,0.011497700659447113,2.41592,0.18858,True,True,True,False,-247.32617608616715,449.35805991440793,74.17974322396576,47.83166904422254,441.45155721984463,-7.446130171184023,758.0487231450896
2025-06-21T23:15:00Z,2025-06-21T23:30:00Z,2025-06-22,2025-06-22_2,-9.796065990144259,52,42,48,37.96816271979668,37.9696428522527,0.010467170118987915,2.13486,0.0018899999999999998,True,True,True,False,-247.32617608616715,449.35805991440793,74.17974322396576,47.83166904422254,375.0682373989539,-0.14604136947218258,698.9654921259108
2025-06-21T23:30:00Z,2025-06-21T23:45:00Z,2025-06-22,2025-06-22_2,-9.796065990144259,52,42,48,37.9696428522527,40.19172737684975,0.006428585960112022,0.05226,0.02625,True,True,True,False,-247.32617608616715,449.35805991440793,74.17974322396576,47.83166904422254,7.237624821683309,-1.491203043271517,329.78971787484085
2025-06-21T23:45:00Z,2025-06-22T00:00:00Z,2025-06-22,2025-06-22_2,-9.796065990144259,52,42,48,40.19172737684975,42.41028380811642,0.006422608520970528,0.05303999999999999,0.02331,True,True,True,False,-247.32617608616715,449.35805991440793,74.17974322396576,47.83166904422254,7.345649072753209,-1.7221236982881596,329.66682147089415
2025-06-22T00:00:00Z,2025-06-22T00:15:00Z,2025-06-22,2025-06-22_3,0.0,49,49,51,42.41028380811642,40.223358416812076,0.006206276086956521,2.033745,0.025724999999999998,True,True,True,False,0.0,477.4429386590584,69.90014265335235,55.80361388492629,344.9650099470994,-1.5021744531621493,946.6095306912744
2025-06-22T00:15:00Z,2025-06-22T00:30:00Z,2025-06-22,2025-06-22_3,0.0,49,49,51,40.223358416812076,40.015641025507726,0.0005769927536231884,0.19110000000000002,0.0,True,True,True,False,0.0,477.4429386590584,69.90014265335235,55.80361388492629,26.465941512125536,0.0,629.6126367094625
2025-06-22T00:30:00Z,2025-06-22T00:45:00Z,2025-06-22,2025-06-22_3,0.0,49,49,51,40.015641025507726,39.573576660290335,0.001244235458937198,0.40939499999999995,0.003185,True,True,True,False,0.0,477.4429386590584,69.90014265335235,55.80361388492629,56.74588470042795,-0.2461067522586781,659.6464731455063
2025-06-22T00:45:00Z,2025-06-22T01:00:00Z,2025-06-22,2025-06-22_3,0.0,49,49,51,39.573576660290335,39.58466812985555,0.00014324925120772947,0.018619999999999998,0.034055,True,True,True,False,0.0,477.4429386590584,69.90014265335235,55.80361388492629,2.5787327627199237,-2.400873451616738,603.3245545084402
2025-06-22T01:00:00Z,2025-06-22T01:15:00Z,2025-06-22,2025-06-22_4,0.0,49,49,51,39.58466812985555,38.484032260290334,0.0030573218599033816,1.012585,0.0,True,True,True,False,0.0,477.4429386590584,69.90014265335235,55.80361388492629,140.33446651707877,0.0,743.4811617144159
2025-06-22T01:15:00Z,2025-06-22T01:30:00Z,2025-06-22,2025-06-22_4,0.0,49,49,51,38.484032260290334,38.37718328637729,0.0003068204830917874,0.09995999999999998,0.0019600000000000004,True,True,True,False,0.0,477.4429386590584,69.90014265335235,55.80361388492629,13.843723252496432,-0.15145030908226348,616.8389681407513
2025-06-22T01:30:00Z,2025-06-22T01:45:00Z,2025-06-22,2025-06-22_4,0.0,49,49,51,38.37718328637729,38.41277816463816,0.00014029978260869566,0.006860000000000001,0.046795,True,True,True,False,0.0,477.4429386590584,69.90014265335235,55.80361388492629,0.9500594388968141,-3.2717188936440005,600.8250357425899
2025-06-22T01:45:00Z,2025-06-22T02:00:00Z,2025-06-22,2025-06-22_4,0.0,49,49,51,38.41277816463816,38.407724347246855,0.00012799060386473428,0.02352,0.022295,True,True,True,False,0.0,477.4429386590584,69.90014265335235,55.80361388492629,3.2573466476462194,-1.7227472658107466,604.6812945791726
2025-06-22T02:00:00Z,2025-06-22T02:15:00Z,2025-06-22,2025-06-22_5,-47.41514018102985,100,52,0,38.407724347246855,30.729487941128347,0.0372262041292487,18.44,0.0,True,True,True,False,-1076.797833511188,0.0,164.0216357584403,58.21564431764146,6731.820272626407,0.0,5877.259719191301
2025-06-22T02:15:00Z,2025-06-22T02:30:00Z,2025-06-22,2025-06-22_5,-47.41514018102985,100,52,0,30.729487941128347,30.52051567589048,0.03443957743433396,11.0285,0.0,True,True,True,False,-1076.797833511188,0.0,164.0216357584403,58.21564431764146,1934.8055857703278,0.0,1080.2450323352216
2025-06-22T02:30:00Z,2025-06-22T02:45:00Z,2025-06-22,2025-06-22_5,-47.41514018102985,100,52,0,30.52051567589048,38.61979593408511,0.03133994166925576,2.7845,0.0,True,True,True,False,-1076.797833511188,0.0,164.0216357584403,58.21564431764146,399.67384084244725,0.0,-454.8867125926589
2025-06-22T02:45:00Z,2025-06-22T03:00:00Z,2025-06-22,2025-06-22_5,-47.41514018102985,100,52,0,38.61979593408511,41.00034997391272,0.03347347916912673,8.459,0.0,True,True,True,False,-1076.797833511188,0.0,164.0216357584403,58.21564431764146,1460.3959365588842,0.0,605.835383123778
2025-06-22T03:00:00Z,2025-06-22T03:15:00Z,2025-06-22,2025-06-22_6,0.0,49,49,51,41.00034997391272,39.97561084347794,0.0028464975845410626,0.94276,0.0,True,True,True,False,0.0,477.4429386590584,80.37060152163575,54.85704945316215,130.66430947852274,0.0,743.334899112379
2025-06-22T03:15:00Z,2025-06-22T03:30:00Z,2025-06-22,2025-06-22_6,0.0,49,49,51,39.97561084347794,38.07286627826055,0.005285401570048308,1.7505249999999999,0.0,True,True,True,False,0.0,477.4429386590584,80.37060152163575,54.85704945316215,258.916562356356,0.0,871.5871519902123
2025-06-22T03:30:00Z,2025-06-22T03:45:00Z,2025-06-22,2025-06-22_6,0.0,49,49,51,38.07286627826055,37.7173913043475,0.0021682760386473434,0.5225850000000001,0.231035,True,True,True,False,0.0,477.4429386590584,80.37060152163575,54.85704945316215,72.4359839604137,-9.020536179465841,676.0860374148042
2025-06-22T03:45:00Z,2025-06-22T04:00:00Z,2025-06-22,2025-06-22_6,0.0,49,49,51,37.7173913043475,37.90593989565185,0.0011392050241545893,0.10192,0.32536,True,True,True,False,0.0,477.4429386590584,80.37060152163575,54.85704945316215,14.11516880646695,-13.685077888730385,613.1006805515929
2025-06-22T04:00:00Z,2025-06-22T04:15:00Z,2025-06-22,2025-06-22_7,-19.94523545161397,100,80,0,37.90593989565185,26.221197569434576,0.04219973486093026,15.443499999999998,0.0,True,True,True,False,-367.5906893732455,0.0,142.6533523537803,91.10794103661436,6145.431049294658,0.0,6011.601653311807
2025-06-22T04:15:00Z,2025-06-22T04:30:00Z,2025-06-22,2025-06-22_7,-19.94523545161397,100,80,0,26.221197569434576,26.06981568503476,0.021360095108113625,4.5055,0.0092,True,True,True,False,-367.5906893732455,0.0,142.6533523537803,91.10794103661436,708.9949494769377,-0.7108892058963385,574.4546642881905
2025-06-22T04:30:00Z,2025-06-22T04:45:00Z,2025-06-22,2025-06-22_7,-19.94523545161397,100,80,0,26.06981568503476,30.719415392597693,0.013021907691301895,0.022,0.0928,True,True,True,False,-367.5906893732455,0.0,142.6533523537803,91.10794103661436,3.046837850689491,-6.610400380408938,-137.39295851257026
2025-06-22T04:45:00Z,2025-06-22T05:00:00Z,2025-06-22,2025-06-22_7,-19.94523545161397,100,80,0,30.719415392597693,35.62661154646891,0.013631100427420037,0.0,0.3476,True,True,True,False,-367.5906893732455,0.0,142.6533523537803,91.10794103661436,0.0,-13.973007608178792,-147.80240359102962
2025-06-22T05:00:00Z,2025-06-22T05:15:00Z,2025-06-22,2025-06-22_8,-3.0,54,51,46,35.62661154646891,35.65903781603412,0.0035886236956521734,0.6134399999999999,0.003825,True,True,True,False,-19.830000000000002,430.6348074179743,77.03281027104136,58.08131241084165,70.91289586305277,-0.29555991440798857,616.5362660485021
2025-06-22T05:15:00Z,2025-06-22T05:30:00Z,2025-06-22,2025-06-22_8,-3.0,54,51,46,35.65903781603412,36.341929459512386,0.002206432101449275,0.05427,0.055845000000000006,True,True,True,False,-19.830000000000002,430.6348074179743,77.03281027104136,58.08131241084165,6.27354404422254,-3.3865602086305278,548.8059139354493
2025-06-22T05:30:00Z,2025-06-22T05:45:00Z,2025-06-22,2025-06-22_8,-3.0,54,51,46,36.341929459512386,37.075143494295,0.0022276476811594207,0.03348,0.08619,True,True,True,False,-19.830000000000002,430.6348074179743,77.03281027104136,58.08131241084165,3.8702460770328106,-4.974999780076082,544.814176396814
2025-06-22T05:45:00Z,2025-06-22T06:00:00Z,2025-06-22,2025-06-22_8,-3.0,54,51,46,37.075143494295,37.93340632038195,0.002421019927536232,0.0064800000000000005,0.19048500000000002,True,True,True,False,-19.830000000000002,430.6348074179743,77.03281027104136,58.08131241084165,0.7490798858773182,-9.363927389443653,537.304082596291
2025-06-22T06:00:00Z,2025-06-22T06:15:00Z,2025-06-22,2025-06-22_9,-4.223997797358581,49,44,51,37.93340632038195,38.67095711750168,0.0032722510666789145,0.221725,0.00418,True,True,True,False,-0.0,477.4429386590584,69.90014265335235,50.1093675701379,19.76951270011095,-0.32299096528768423,616.8989706173719
2025-06-22T06:15:00Z,2025-06-22T06:30:00Z,2025-06-22,2025-06-22_9,-4.223997797358581,49,44,51,38.67095711750168,39.71193740582233,0.003040324479703811,0.02695,0.10691999999999999,True,True,True,False,-0.0,477.4429386590584,69.90014265335235,50.1093675701379,2.4029241955935965,-7.925536091298143,591.9298369868442
2025-06-22T06:30:00Z,2025-06-22T06:45:00Z,2025-06-22,2025-06-22_9,-4.223997797358581,49,44,51,39.71193740582233,40.26070634971855,0.003775325679524437,0.40792500000000004,0.016059999999999998,True,True,True,False,-0.0,477.4429386590584,69.90014265335235,50.1093675701379,36.37153441512125,-1.233379489618006,632.5906038080519
2025-06-22T06:45:00Z,2025-06-22T07:00:00Z,2025-06-22,2025-06-22_9,-4.223997797358581,49,44,51,40.26070634971855,41.15826630434527,0.0030434585966827702,0.099715,0.03586,True,True,True,False,-0.0,477.4429386590584,69.90014265335235,50.1093675701379,8.890819523696306,-2.749430080044381,603.5938383262006
2025-06-22T07:00:00Z,2025-06-22T07:15:00Z,2025-06-22,2025-06-22_10,2.0,47,49,51,41.15826630434527,37.71739130434527,0.00955798611111111,2.6656050000000002,0.0,True,True,True,False,-0.045,477.4429386590584,67.04707560627674,55.80361388492629,276.74347868223964,0.0,876.9921068325011
2025-06-22T07:15:00Z,2025-06-22T07:30:00Z,2025-06-22,2025-06-22_10,2.0,47,49,51,37.71739130434527,37.875814173910484,0.0033254198067632847,0.009165,0.768075,True,True,True,False,-0.045,477.4429386590584,67.04707560627674,55.80361388492629,0.817223395149786,-29.4007215733476,571.6651299720636
2025-06-22T07:30:00Z,2025-06-22T07:45:00Z,2025-06-22,2025-06-22_10,2.0,47,49,51,37.875814173910484,38.0423824434757,0.003293184806763285,0.0,0.766115,True,True,True,False,-0.045,477.4429386590584,67.04707560627674,55.80361388492629,0.0,-15.57761095062609,584.6710171996353
2025-06-22T07:45:00Z,2025-06-22T08:00:00Z,2025-06-22,2025-06-22_10,2.0,47,49,51,38.0423824434757,38.306874573910484,0.003547260748792271,0.00141,0.873425,True,True,True,False,-0.045,477.4429386590584,67.04707560627674,55.80361388492629,0.12571885401806943,-23.820005344547468,576.554341659732
2025-06-22T08:00:00Z,2025-06-22T08:15:00Z,2025-06-22,2025-06-22_11,15.0,85,100,0,38.306874573910484,34.06837818260614,0.013144273309178745,0.42372499999999996,0.3155,True,True,True,False,-41.662499999999994,0.0,121.25534950071325,113.88492629576795,37.84964363409414,-17.219228879378665,214.10819055119669
2025-06-22T08:15:00Z,2025-06-22T08:30:00Z,2025-06-22,2025-06-22_11,15.0,85,100,0,34.06837818260614,30.354435965214837,0.012115106159420288,0.026775,0.414,True,True,True,False,-41.662499999999994,0.0,121.25534950071325,113.88492629576795,2.39115625,-18.805781027104135,177.06315101937707
2025-06-22T08:30:00Z,2025-06-22T08:45:00Z,2025-06-22,2025-06-22_11,15.0,85,100,0,30.354435965214837,27.155821878258315,0.01291885579710145,0.0,0.9285,True,True,True,False,-41.662499999999994,0.0,121.25534950071325,113.88492629576795,0.0,-12.47216565620542,181.0056101402758
2025-06-22T08:45:00Z,2025-06-22T09:00:00Z,2025-06-22,2025-06-22_11,15.0,85,100,0,27.155821878258315,38.21507874782353,0.03885829202898551,0.0,16.0155,True,True,True,False,-41.662499999999994,0.0,121.25534950071325,113.88492629576795,0.0,4491.822277104137,4685.3000529006185
2025-06-22T09:00:00Z,2025-06-22T09:15:00Z,2025-06-22,2025-06-22_12,5.0,44,49,51,38.21507874782353,37.73511558260614,0.0056465999033816425,0.00176,0.93982,True,True,True,False,-18.7625,477.4429386590584,62.76747503566333,68.57495244888254,0.157005864637819,-12.873180353463306,577.3066916547788
2025-06-22T09:15:00Z,2025-06-22T09:30:00Z,2025-06-22,2025-06-22_12,5.0,44,49,51,37.73511558260614,38.06677265217136,0.007358014806763286,0.0,1.803935,True,True,True,False,-18.7625,477.4429386590584,62.76747503566333,68.57495244888254,0.0,-21.48910047947377,568.5337656641306
2025-06-22T09:30:00Z,2025-06-22T09:45:00Z,2025-06-22,2025-06-22_12,5.0,44,49,51,38.06677265217136,38.67965776521484,0.007954270241545894,0.0,2.10406,True,True,True,False,-18.7625,477.4429386590584,62.76747503566333,68.57495244888254,0.0,-26.573387351402758,563.4494787922015
2025-06-22T09:45:00Z,2025-06-22T10:00:00Z,2025-06-22,2025-06-22_12,5.0,44,49,51,38.67965776521484,38.381134443475716,0.0060219158937198074,0.0,1.1314100000000002,True,True,True,False,-18.7625,477.4429386590584,62.76747503566333,68.57495244888254,0.0,-26.26461881042955,563.7582473331747
2025-06-22T10:00:00Z,2025-06-22T10:15:00Z,2025-06-22,2025-06-22_13,8.822165771481236,91,100,0,38.381134443475716,45.08760164764293,0.02675894638571141,0.0,9.7395,True,True,True,False,-33.10517705748334,0.0,129.8145506419401,152.43105087969568,0.0,728.8299875178317,977.9704119819841
2025-06-22T10:15:00Z,2025-06-22T10:30:00Z,2025-06-22,2025-06-22_13,8.822165771481236,91,100,0,45.08760164764293,56.034000417343805,0.036120027791213226,0.0,14.2755,True,True,True,False,-33.10517705748334,0.0,129.8145506419401,152.43105087969568,0.0,7825.150170886828,8074.290595350981
2025-06-22T10:30:00Z,2025-06-22T10:45:00Z,2025-06-22,2025-06-22_13,8.822165771481236,91,100,0,56.034000417343805,63.186800805493014,0.02774437768446078,0.0,10.217,True,True,True,False,-33.10517705748334,0.0,129.8145506419401,152.43105087969568,0.0,1885.8616008876209,2135.002025351773
2025-06-22T10:45:00Z,2025-06-22T11:00:00Z,2025-06-22,2025-06-22_13,8.822165771481236,91,100,0,63.186800805493014,77.58982808695393,0.04375170306404076,0.0,17.9735,True,True,True,False,-33.10517705748334,0.0,129.8145506419401,152.43105087969568,0.0,9592.782290576955,9841.922715041108
2025-06-22T11:00:00Z,2025-06-22T11:15:00Z,2025-06-22,2025-06-22_14,-49.00000000000004,0,0,51,77.58982808695393,88.85982808695394,0.031305555555555586,0.0,0.0,True,False,True,False,485.4675000000004,477.4429386590584,0.0,0.0,0.0,0.0,962.9104386590589
2025-06-22T11:15:00Z,2025-06-22T11:30:00Z,2025-06-22,2025-06-22_14,-49.00000000000004,0,0,51,88.85982808695394,100.12982808695395,0.031305555555555586,0.0,0.0,True,False,True,False,485.4675000000004,477.4429386590584,0.0,0.0,0.0,0.0,962.9104386590589
2025-06-22T11:30:00Z,2025-06-22T11:45:00Z,2025-06-22,2025-06-22_14,-49.00000000000004,0,0,51,100.12982808695395,111.39982808695396,0.031305555555555586,0.0,0.0,True,False,True,False,485.4675000000004,477.4429386590584,0.0,0.0,0.0,0.0,962.9104386590589
2025-06-22T11:45:00Z,2025-06-22T12:00:00Z,2025-06-22,2025-06-22_14,-49.00000000000004,0,0,51,111.39982808695396,122.66982808695397,0.031305555555555586,0.0,0.0,True,False,True,False,485.4675000000004,477.4429386590584,0.0,0.0,0.0,0.0,962.9104386590589
2025-06-22T12:00:00Z,2025-06-22T12:15:00Z,2025-06-22,2025-06-22_15,-49.0,49,0,51,122.66982808695397,133.93982808695398,0.03130555555555556,0.0,0.0,True,True,True,False,485.46750000000003,477.4429386590584,69.90014265335235,0.0,0.0,0.0,1032.8105813124107
2025-06-22T12:15:00Z,2025-06-22T12:30:00Z,2025-06-22,2025-06-22_15,-49.0,49,0,51,133.93982808695398,145.18751348695397,0.031243570555555558,0.024255,0.0,True,True,True,False,485.46750000000003,477.4429386590584,69.90014265335235,0.0,2.16229057596291,0.0,1034.9728718883737
2025-06-22T12:30:00Z,2025-06-22T12:45:00Z,2025-06-22,2025-06-22_15,-49.0,49,0,51,145.18751348695397,156.204614686954,0.03060305888888889,0.27489,0.0,True,True,True,False,485.46750000000003,477.4429386590584,69.90014265335235,0.0,24.357273519971468,0.0,1057.1678548323823
2025-06-22T12:45:00Z,2025-06-22T13:00:00Z,2025-06-22,2025-06-22_15,-49.0,49,0,51,156.204614686954,166.271654886954,0.02796400055555556,1.307565,0.0,True,True,True,False,485.46750000000003,477.4429386590584,69.90014265335235,0.0,116.56686016405135,0.0,1149.377441476462
2025-06-22T13:00:00Z,2025-06-22T13:15:00Z,2025-06-22,2025-06-22_16,-48.0,100,52,0,166.271654886954,176.11486646956268,0.031100950048309182,1.197,0.0091,True,True,True,False,190.2,0.0,142.6533523537803,79.72776985259154,106.72253922967191,-0.7031621493105088,518.6004992867332
2025-06-22T13:15:00Z,2025-06-22T13:30:00Z,2025-06-22,2025-06-22_16,-48.0,100,52,0,176.11486646956268,168.93851940869314,0.03687947072463768,18.093,0.0,True,True,True,False,190.2,0.0,142.6533523537803,79.72776985259154,17102.06841476462,0.0,17514.649536970992
2025-06-22T13:30:00Z,2025-06-22T13:45:00Z,2025-06-22,2025-06-22_16,-48.0,100,52,0,168.93851940869314,173.1885429217366,0.03298243246376811,6.744,0.0,True,True,True,False,190.2,0.0,142.6533523537803,79.72776985259154,4983.979281978127,0.0,5396.560404184499
2025-06-22T13:45:00Z,2025-06-22T14:00:00Z,2025-06-22,2025-06-22_16,-48.0,100,52,0,173.1885429217366,183.97919791304093,0.030806167246376807,0.265,0.01898,True,True,True,False,190.2,0.0,142.6533523537803,79.72776985259154,23.626961483594865,-1.4665953399904899,434.7414883499762
2025-06-22T14:00:00Z,2025-06-22T14:15:00Z,2025-06-22,2025-06-22_17,0.0,100,100,0,183.97919791304093,183.7764213913018,0.0010309347826086958,0.264,0.0915,True,True,True,False,0.0,0.0,142.6533523537803,113.88492629576795,23.53884926295768,-6.673996077032809,273.4031318354731
2025-06-22T14:15:00Z,2025-06-22T14:30:00Z,2025-06-22,2025-06-22_17,0.0,100,100,0,183.7764213913018,182.25197008695397,0.004334253623188406,1.419,0.0195,True,True,True,False,0.0,0.0,142.6533523537803,113.88492629576795,126.52131478839752,-1.5067760342368046,381.55281740370896
2025-06-22T14:30:00Z,2025-06-22T14:45:00Z,2025-06-22,2025-06-22_17,0.0,100,100,0,182.25197008695397,180.0655570434757,0.006073369565217391,2.0115,0.0,True,True,True,False,0.0,0.0,142.6533523537803,113.88492629576795,179.34998216833094,0.0,435.8882608178792
2025-06-22T14:45:00Z,2025-06-22T15:00:00Z,2025-06-22,2025-06-22_17,0.0,100,100,0,180.0655570434757,170.57697008695396,0.02635718599033816,8.7295,0.0,True,True,True,False,0.0,0.0,142.6533523537803,113.88492629576795,2434.565744274053,0.0,2691.1040229236014
2025-06-22T15:00:00Z,2025-06-22T15:15:00Z,2025-06-22,2025-06-22_18,0.0,82,82,18,170.57697008695396,174.71841359999743,0.01792387690821256,1.06313,5.75763,True,True,True,False,0.0,168.50927246790297,116.97574893009984,93.3856395625297,132.58982762125535,-33.8953202151688,477.56516836661905
2025-06-22T15:15:00Z,2025-06-22T15:30:00Z,2025-06-22,2025-06-22_18,0.0,82,82,18,174.71841359999743,181.71585079999744,0.019437325555555555,0.0,7.605909999999999,True,True,True,False,0.0,168.50927246790297,116.97574893009984,93.3856395625297,0.0,323.06883328380087,701.9394942443334
2025-06-22T15:30:00Z,2025-06-22T15:45:00Z,2025-06-22,2025-06-22_18,0.0,82,82,18,181.71585079999744,177.40876086956266,0.011987189806763283,3.9663399999999998,0.004509999999999999,True,True,True,False,0.0,168.50927246790297,116.97574893009984,93.3856395625297,498.8423822198446,-0.35742589950863835,877.3556172808685
2025-06-22T15:45:00Z,2025-06-22T16:00:00Z,2025-06-22,2025-06-22_18,0.0,82,82,18,177.40876086956266,171.61123965217135,0.016146136714975844,5.34066,0.0082,True,True,True,False,0.0,168.50927246790297,116.97574893009984,93.3856395625297,655.6318315026152,-0.6498652718338881,1033.8526271913138
2025-06-22T16:00:00Z,2025-06-22T16:15:00Z,2025-06-22,2025-06-22_19,0.0,100,100,0,171.61123965217135,185.25161965217134,0.03788994444444444,0.0,14.826499999999998,True,True,True,False,0.0,0.0,142.6533523537803,113.88492629576795,0.0,6921.982652956093,7178.520931605642
2025-06-22T16:15:00Z,2025-06-22T16:30:00Z,2025-06-22,2025-06-22_19,0.0,100,100,0,185.25161965217134,189.8956726956496,0.013253408212560387,0.0585,5.117,True,True,True,False,0.0,0.0,142.6533523537803,113.88492629576795,7.933558309557774,-48.48639344587098,215.98544351323503
2025-06-22T16:30:00Z,2025-06-22T16:45:00Z,2025-06-22,2025-06-22_19,0.0,100,100,0,189.8956726956496,188.74861530434524,0.0034954927536231884,1.1065,0.0605,True,True,True,False,0.0,0.0,142.6533523537803,113.88492629576795,182.36423105880488,-4.77294559359645,434.12956411475665
2025-06-22T16:45:00Z,2025-06-22T17:00:00Z,2025-06-22,2025-06-22_19,0.0,100,100,0,188.74861530434524,165.0263326956496,0.06589522946859903,21.8245,0.0,True,True,True,False,0.0,0.0,142.6533523537803,113.88492629576795,14548.019191928197,0.0,14804.557470577745
2025-06-22T17:00:00Z,2025-06-22T17:15:00Z,2025-06-22,2025-06-22_20,0.0,46,46,54,165.0263326956496,164.12949749564956,0.0027004577777777774,0.85974,0.04094,True,True,True,False,0.0,505.5278174037089,65.79826438421303,51.81288635282929,148.32031025915356,-2.084685695038833,769.374592704866
2025-06-22T17:15:00Z,2025-06-22T17:30:00Z,2025-06-22,2025-06-22_20,0.0,46,46,54,164.12949749564956,162.92130709564955,0.003392526666666667,1.11757,0.00713,True,True,True,False,0.0,505.5278174037089,65.79826438421303,51.81288635282929,206.40436466357582,-0.5509391345696624,828.9923936697573
2025-06-22T17:30:00Z,2025-06-22T17:45:00Z,2025-06-22,2025-06-22_20,0.0,46,46,54,162.92130709564955,160.68605709564955,0.006209027777777779,2.05643,0.0,True,True,True,False,0.0,505.5278174037089,65.79826438421303,51.81288635282929,361.5962755825012,0.0,984.7352437232524
2025-06-22T17:45:00Z,2025-06-22T18:00:00Z,2025-06-22,2025-06-22_20,0.0,46,46,54,160.68605709564955,158.36180709564954,0.00645625,2.13831,0.0,True,True,True,False,0.0,505.5278174037089,65.79826438421303,51.81288635282929,356.71969347360914,0.0,979.8586616143604
2025-06-22T18:00:00Z,2025-06-22T18:15:00Z,2025-06-22,2025-06-22_21,45.0,0,45,55,158.36180709564954,146.30425274782345,0.03349320652173913,0.0,0.15705,True,True,True,False,1615.5,514.8894436519258,0.0,50.37892296718973,0.0,-11.370006776034236,2169.3983598430814
2025-06-22T18:15:00Z,2025-06-22T18:30:00Z,2025-06-22,2025-06-22_21,45.0,0,45,55,146.30425274782345,134.4125136173887,0.033032608695652166,0.0,0.3096,True,True,True,False,1615.5,514.8894436519258,0.0,50.37892296718973,0.0,-22.29277032810271,2158.475596291013
2025-06-22T18:30:00Z,2025-06-22T18:45:00Z,2025-06-22,2025-06-22_21,45.0,0,45,55,134.4125136173887,122.96783970434522,0.03179076086956521,0.0,0.7209,True,True,True,False,1615.5,514.8894436519258,0.0,50.37892296718973,0.0,-37.50759629101284,2143.260770328103
2025-06-22T18:45:00Z,2025-06-22T19:00:00Z,2025-06-22,2025-06-22_21,45.0,0,45,55,122.96783970434522,110.74104622608435,0.03396331521739131,0.0,0.00135,True,True,True,False,1615.5,514.8894436519258,0.0,50.37892296718973,0.0,-0.10431526390870187,2180.664051355207
2025-06-22T19:00:00Z,2025-06-22T19:15:00Z,2025-06-22,2025-06-22_22,0.0,100,100,0,110.74104622608435,108.65564013912784,0.0058617946859903375,1.9299999999999997,0.0135,True,True,True,False,0.0,0.0,144.25820256776032,112.22063718497384,289.80591218893636,-0.9770756062767475,545.3076763353938
2025-06-22T19:15:00Z,2025-06-22T19:30:00Z,2025-06-22,2025-06-22_22,0.0,100,100,0,108.65564013912784,100.30305405217132,0.023314072463768116,7.703,0.022,True,True,True,False,0.0,0.0,144.25820256776032,112.22063718497384,1624.7710558329368,-1.6683507687430654,1879.5815448169278
2025-06-22T19:30:00Z,2025-06-22T19:45:00Z,2025-06-22,2025-06-22_22,0.0,100,100,0,100.30305405217132,86.72751057391045,0.03770984299516908,12.4895,0.0,True,True,True,False,0.0,0.0,144.25820256776032,112.22063718497384,2835.803432398161,0.0,3092.282272150895
2025-06-22T19:45:00Z,2025-06-22T20:00:00Z,2025-06-22,2025-06-22_22,0.0,100,100,0,86.72751057391045,71.38240187825828,0.042625301932367146,14.1175,0.0,True,True,True,False,0.0,0.0,144.25820256776032,112.22063718497384,5535.793080321762,0.0,5792.271920074497
2025-06-22T20:00:00Z,2025-06-22T20:15:00Z,2025-06-22,2025-06-22_23,28.971809728000032,0,0,55,71.38240187825828,63.509627495649575,0.021868817729468623,0.0,0.0,True,False,True,False,917.609643610081,514.8894436519258,0.0,0.0,0.0,0.0,1432.499087262007
2025-06-22T20:15:00Z,2025-06-22T20:30:00Z,2025-06-22,2025-06-22_23,28.971809728000032,0,0,55,63.509627495649575,55.63685311304087,0.021868817729468623,0.0,0.0,True,False,True,False,917.609643610081,514.8894436519258,0.0,0.0,0.0,0.0,1432.499087262007
2025-06-22T20:30:00Z,2025-06-22T20:45:00Z,2025-06-22,2025-06-22_23,28.971809728000032,0,0,55,55.63685311304087,47.76407873043217,0.021868817729468623,0.0,0.0,True,False,True,False,917.609643610081,514.8894436519258,0.0,0.0,0.0,0.0,1432.499087262007
2025-06-22T20:45:00Z,2025-06-22T21:00:00Z,2025-06-22,2025-06-22_23,28.971809728000032,0,0,55,47.76407873043217,39.891304347823464,0.021868817729468623,0.0,0.0,True,False,True,False,917.609643610081,514.8894436519258,0.0,0.0,0.0,0.0,1432.499087262007
2025-06-22T21:00:00Z,2025-06-22T21:15:00Z,2025-06-23,2025-06-22_24,-14.538412677390538,47,32,53,39.891304347823464,42.0602991308614,0.011111810333449074,1.2196500000000001,0.09552,True,True,True,False,-369.38472010080005,496.1661911554921,67.04707560627674,36.34807417974322,192.298826616738,-4.70663861150737,417.7688088459426
2025-06-22T21:15:00Z,2025-06-22T21:30:00Z,2025-06-23,2025-06-22_24,-14.538412677390538,47,32,53,42.0602991308614,46.38993244666123,0.012026759210555068,0.0,1.07152,True,True,True,False,-369.38472010080005,496.1661911554921,67.04707560627674,36.34807417974322,0.0,-55.935500966872716,174.24111987383927
2025-06-22T21:30:00Z,2025-06-22T21:45:00Z,2025-06-23,2025-06-22_24,-14.538412677390538,47,32,53,46.38993244666123,49.99342816246105,0.010009710321666178,0.0,0.28224,True,True,True,False,-369.38472010080005,496.1661911554921,67.04707560627674,36.34807417974322,0.0,-15.113641084165476,215.0629797565465
2025-06-22T21:45:00Z,2025-06-22T22:00:00Z,2025-06-23,2025-06-22_24,-14.538412677390538,47,32,53,49.99342816246105,53.93739747826088,0.010955470321666178,0.0,0.65232,True,True,True,False,-369.38472010080005,496.1661911554921,67.04707560627674,36.34807417974322,0.0,-32.42252182596291,197.75409901474907
2025-06-22T22:00:00Z,2025-06-22T22:15:00Z,2025-06-23,2025-06-23_1,0.0,21,21,79,53.93739747826088,52.99035372173914,0.003503833768115942,1.015875,0.170835,True,True,True,False,0.0,739.5684736091298,29.957203994293863,23.91583452211127,158.31926399786022,-6.312961150737042,945.4478149726581
2025-06-22T22:15:00Z,2025-06-22T22:30:00Z,2025-06-23,2025-06-23_1,0.0,21,21,79,52.99035372173914,52.93478260869566,0.000520907536231884,0.111825,0.071715,True,True,True,False,0.0,739.5684736091298,29.957203994293863,23.91583452211127,15.489951497860197,-2.919283033166905,806.0121805902282
2025-06-22T22:30:00Z,2025-06-22T22:45:00Z,2025-06-23,2025-06-23_1,0.0,21,21,79,52.93478260869566,52.98897520869566,0.000150535,0.0,0.058905000000000006,True,True,True,False,0.0,739.5684736091298,29.957203994293863,23.91583452211127,0.0,-2.51731577211127,790.9241963534237
2025-06-22T22:45:00Z,2025-06-22T23:00:00Z,2025-06-23,2025-06-23_1,0.0,21,21,79,52.98897520869566,55.155713208695666,0.006018716666666667,0.0,2.35515,True,True,True,False,0.0,739.5684736091298,29.957203994293863,23.91583452211127,0.0,-78.51293262601045,714.9285794995245
2025-06-22T23:00:00Z,2025-06-22T23:15:00Z,2025-06-23,2025-06-23_2,0.0,21,21,79,55.155713208695666,54.43999139130436,0.002135162826086957,0.6828150000000001,0.028770000000000004,True,True,True,False,0.0,739.5684736091298,29.957203994293863,23.91583452211127,107.57610168806467,-1.15252145744175,899.8650923561579
2025-06-22T23:15:00Z,2025-06-22T23:30:00Z,2025-06-23,2025-06-23_2,0.0,21,21,79,54.43999139130436,53.45098707826088,0.003032204202898551,0.9570750000000001,0.055755000000000006,True,True,True,False,0.0,739.5684736091298,29.957203994293863,23.91583452211127,142.8378308517594,-2.173563471825963,934.1057795054684
2025-06-22T23:30:00Z,2025-06-22T23:45:00Z,2025-06-23,2025-06-23_2,0.0,21,21,79,53.45098707826088,53.40426591304349,0.00016949434782608693,0.04955999999999999,0.00777,True,True,True,False,0.0,739.5684736091298,29.957203994293863,23.91583452211127,6.863694721825962,-0.5121023002853068,799.7931045470756
2025-06-22T23:45:00Z,2025-06-23T00:00:00Z,2025-06-23,2025-06-23_2,0.0,21,21,79,53.40426591304349,53.51339889565219,0.0003285094927536232,0.004200000000000001,0.12358500000000001,True,True,True,False,0.0,739.5684736091298,29.957203994293863,23.91583452211127,0.5816690442225393,-5.180839321802188,788.8423418479553
2025-06-23T00:00:00Z,2025-06-23T00:15:00Z,2025-06-23,2025-06-23_3,-21.0,21,0,79,53.51339889565219,58.343398895652186,0.013416666666666667,0.0,0.0,True,True,True,False,-390.8625,739.5684736091298,29.957203994293863,0.0,0.0,0.0,378.66317760342366
2025-06-23T00:15:00Z,2025-06-23T00:30:00Z,2025-06-23,2025-06-23_3,-21.0,21,0,79,58.343398895652186,63.169534895652184,0.013405933333333332,0.004200000000000001,0.0,True,True,True,False,-390.8625,739.5684736091298,29.957203994293863,0.0,0.5816690442225393,0.0,379.24484664764617
2025-06-23T00:30:00Z,2025-06-23T00:45:00Z,2025-06-23,2025-06-23_3,-21.0,21,0,79,63.169534895652184,67.99953489565219,0.013416666666666665,0.0,0.0,True,True,True,False,-390.8625,739.5684736091298,29.957203994293863,0.0,0.0,0.0,378.66317760342366
2025-06-23T00:45:00Z,2025-06-23T01:00:00Z,2025-06-23,2025-06-23_3,-21.0,21,0,79,67.99953489565219,72.82953489565219,0.013416666666666667,0.0,0.0,True,True,True,False,-390.8625,739.5684736091298,29.957203994293863,0.0,0.0,0.0,378.66317760342366
2025-06-23T01:00:00Z,2025-06-23T01:15:00Z,2025-06-23,2025-06-23_4,0.0,21,21,79,72.82953489565219,74.13305529565218,0.00362089,0.0,1.41687,True,True,True,False,0.0,739.5684736091298,29.957203994293863,23.91583452211127,0.0,-46.12771988231099,747.3137922432239
2025-06-23T01:15:00Z,2025-06-23T01:30:00Z,2025-06-23,2025-06-23_4,0.0,21,21,79,74.13305529565218,75.23999469565219,0.003074831666666667,0.0,1.203195,True,True,True,False,0.0,739.5684736091298,29.957203994293863,23.91583452211127,0.0,-29.79047122563005,763.6510408999048
2025-06-23T01:30:00Z,2025-06-23T01:45:00Z,2025-06-23,2025-06-23_4,0.0,21,21,79,75.23999469565219,76.71720189565218,0.004103353333333334,0.0,1.60566,True,True,True,False,0.0,739.5684736091298,29.957203994293863,23.91583452211127,0.0,-42.79374033523538,750.6477717902995
2025-06-23T01:45:00Z,2025-06-23T02:00:00Z,2025-06-23,2025-06-23_4,0.0,21,21,79,76.71720189565218,77.37620709565218,0.0018305700000000001,0.0,0.71631,True,True,True,False,0.0,739.5684736091298,29.957203994293863,23.91583452211127,0.0,-11.56879252853067,781.8727195970042
2025-06-23T02:00:00Z,2025-06-23T02:15:00Z,2025-06-23,2025-06-23_5,0.0,21,21,79,77.37620709565218,80.43456309565218,0.008495433333333333,0.0,3.3243,True,True,True,False,0.0,739.5684736091298,29.957203994293863,23.853423680456487,0.0,-46.90324369947694,746.4758575844032
2025-06-23T02:15:00Z,2025-06-23T02:30:00Z,2025-06-23,2025-06-23_5,0.0,21,21,79,80.43456309565218,80.77928485217392,0.0009626328985507245,0.00084,0.37568999999999997,True,True,True,False,0.0,739.5684736091298,29.957203994293863,23.853423680456487,0.11633380884450785,-14.537815525439846,778.9576195672848
2025-06-23T02:30:00Z,2025-06-23T02:45:00Z,2025-06-23,2025-06-23_5,0.0,21,21,79,80.77928485217392,81.11941345217392,0.0009448016666666666,0.0,0.369705,True,True,True,False,0.0,739.5684736091298,29.957203994293863,23.853423680456487,0.0,-14.561419472182598,778.8176818116975
2025-06-23T02:45:00Z,2025-06-23T03:00:00Z,2025-06-23,2025-06-23_5,0.0,21,21,79,81.11941345217392,81.21113195652174,0.0002775997101449275,0.0037799999999999995,0.10416,True,True,True,False,0.0,739.5684736091298,29.957203994293863,23.853423680456487,0.5235021398002853,-4.650672182596291,789.2519312410841
2025-06-23T03:00:00Z,2025-06-23T03:15:00Z,2025-06-23,2025-06-23_6,0.0,100,100,0,81.21113195652174,81.23838152173914,0.0005708623188405797,0.082,0.1265,True,True,True,False,0.0,0.0,142.6533523537803,113.88492629576795,11.356395625297194,-8.239618303217625,259.6550559716278
2025-06-23T03:15:00Z,2025-06-23T03:30:00Z,2025-06-23,2025-06-23_6,0.0,100,100,0,81.23838152173914,81.15644760869567,0.00034003864734299515,0.094,0.022,True,True,True,False,0.0,0.0,142.6533523537803,113.88492629576795,13.018307180218734,-1.6896481217308608,267.8669377080361
2025-06-23T03:30:00Z,2025-06-23T03:45:00Z,2025-06-23,2025-06-23_6,0.0,100,100,0,81.15644760869567,78.26643978260871,0.008038021739130433,2.6605,0.002,True,True,True,False,0.0,0.0,142.6533523537803,113.88492629576795,375.80036911554924,-0.15454113171659534,632.1841066333809
2025-06-23T03:45:00Z,2025-06-23T04:00:00Z,2025-06-23,2025-06-23_6,0.0,100,100,0,78.26643978260871,60.22187456521741,0.050123792270531396,16.601,0.0,True,True,True,False,0.0,0.0,142.6533523537803,113.88492629576795,8974.062090465999,0.0,9230.600369115547
2025-06-23T04:00:00Z,2025-06-23T04:15:00Z,2025-06-23,2025-06-23_7,0.0,21,21,79,60.22187456521741,60.00017409565219,0.0014981146376811592,0.35007,0.17262,True,True,True,False,0.0,739.5684736091298,34.444543509272464,23.510164051355208,63.22164877555872,-9.712371683309557,851.0324582620067
2025-06-23T04:15:00Z,2025-06-23T04:30:00Z,2025-06-23,2025-06-23_7,0.0,21,21,79,60.00017409565219,57.23114148695654,0.007691757246376811,2.54751,0.0,True,True,True,False,0.0,739.5684736091298,34.444543509272464,23.510164051355208,521.595505230623,0.0,1319.1186864003805
2025-06-23T04:30:00Z,2025-06-23T04:45:00Z,2025-06-23,2025-06-23_7,0.0,21,21,79,57.23114148695654,54.884163226086976,0.006519384057971014,2.15922,0.0,True,True,True,False,0.0,739.5684736091298,34.444543509272464,23.510164051355208,440.1331596766524,0.0,1237.6563408464099
2025-06-23T04:45:00Z,2025-06-23T05:00:00Z,2025-06-23,2025-06-23_7,0.0,21,21,79,54.884163226086976,54.74550698260871,0.00045116623188405793,0.138495,0.012915,True,True,True,False,0.0,739.5684736091298,34.444543509272464,23.510164051355208,19.20797669995245,-0.9623763017118403,815.7687815679981
2025-06-23T05:00:00Z,2025-06-23T05:15:00Z,2025-06-23,2025-06-23_8,0.9999999999999952,20,21,79,54.74550698260871,54.11528959130436,0.0017506038647342962,0.32980000000000004,0.0,True,True,True,False,26.974999999999874,739.5684736091298,32.80432715168806,23.510164051355208,45.74021239499129,0.0,868.5981772071642
2025-06-23T05:15:00Z,2025-06-23T05:30:00Z,2025-06-23,2025-06-23_8,0.9999999999999952,20,21,79,54.11528959130436,53.25474811304349,0.0024445707729468563,0.5511999999999999,0.01113,True,True,True,False,26.974999999999874,739.5684736091298,32.80432715168806,23.510164051355208,88.92697701695988,-0.7770138968140751,911.0079279323187
2025-06-23T05:30:00Z,2025-06-23T05:45:00Z,2025-06-23,2025-06-23_8,0.9999999999999952,20,21,79,53.25474811304349,53.24071815652175,0.0014552609903381608,0.0113,0.29095499999999996,True,True,True,False,26.974999999999874,739.5684736091298,32.80432715168806,23.510164051355208,1.5672055793311142,-13.689273644793149,810.7358967467109
2025-06-23T05:45:00Z,2025-06-23T06:00:00Z,2025-06-23,2025-06-23_8,0.9999999999999952,20,21,79,53.24071815652175,53.559433808695665,0.002212012077294683,0.0,0.6363,True,True,True,False,26.974999999999874,739.5684736091298,32.80432715168806,23.510164051355208,0.0,-34.3829177960057,788.4750470161672
2025-06-23T06:00:00Z,2025-06-23T06:15:00Z,2025-06-23,2025-06-23_9,0.9639540058505887,20,21,79,53.559433808695665,53.383943657554454,0.0011510664853851412,0.0366,0.13608,True,True,True,False,21.313023069356515,739.5684736091298,28.53067047075606,23.91583452211127,3.988349976224441,-5.452501711840228,811.8638499357379
2025-06-23T06:15:00Z,2025-06-23T06:30:00Z,2025-06-23,2025-06-23_9,0.9639540058505887,20,21,79,53.383943657554454,53.185949998203235,0.0010461416727218504,0.028000000000000004,0.10174499999999999,True,True,True,False,21.313023069356515,739.5684736091298,28.53067047075606,23.91583452211127,3.051196703122524,-4.395604939372325,811.9835934351038
2025-06-23T06:30:00Z,2025-06-23T06:45:00Z,2025-06-23,2025-06-23_9,0.9639540058505887,20,21,79,53.185949998203235,52.956254166237414,0.0008515614411604706,0.007699999999999999,0.043785000000000004,True,True,True,False,21.313023069356515,739.5684736091298,28.53067047075606,23.91583452211127,0.8390790933586939,-2.3664737606990016,811.8006070040134
2025-06-23T06:45:00Z,2025-06-23T07:00:00Z,2025-06-23,2025-06-23_9,0.9639540058505887,20,21,79,52.956254166237414,52.93478260869592,0.00133460360882076,0.0018999999999999998,0.26145,True,True,True,False,21.313023069356515,739.5684736091298,28.53067047075606,23.91583452211127,0.20704549056902835,-10.430234664764622,803.104812497158
2025-06-23T07:00:00Z,2025-06-23T07:15:00Z,2025-06-23,2025-06-23_10,0.0,49,49,51,52.93478260869592,50.858018591304614,0.005772545603864734,1.9112449999999999,0.000735,True,True,True,False,0.0,477.4429386590584,69.90014265335235,55.80361388492629,208.26670754180535,-0.05679386590584879,811.3566088732366
2025-06-23T07:15:00Z,2025-06-23T07:30:00Z,2025-06-23,2025-06-23_10,0.0,49,49,51,50.858018591304614,50.28622310434809,0.00160585190821256,0.528955,0.0034300000000000003,True,True,True,False,0.0,477.4429386590584,69.90014265335235,55.80361388492629,57.597636627238856,-0.26503804089396105,660.479293783682
2025-06-23T07:30:00Z,2025-06-23T07:45:00Z,2025-06-23,2025-06-23_10,0.0,49,49,51,50.28622310434809,52.83586694782635,0.007101577101449275,0.003185,2.775115,True,True,True,False,0.0,477.4429386590584,69.90014265335235,55.80361388492629,0.3445494531621493,-5.498875636986844,597.9923690135124
2025-06-23T07:45:00Z,2025-06-23T08:00:00Z,2025-06-23,2025-06-23_10,0.0,49,49,51,52.83586694782635,57.87986814782634,0.014011114444444445,0.0,5.48261,True,True,True,False,0.0,477.4429386590584,69.90014265335235,55.80361388492629,0.0,560.0274510064987,1163.1741462038358
2025-06-23T08:00:00Z,2025-06-23T08:15:00Z,2025-06-23,2025-06-23_11,0.0,100,100,0,57.87986814782634,59.67340814782634,0.0049820555555555555,0.0,1.9494999999999998,True,True,True,False,0.0,0.0,142.6533523537803,113.88492629576795,0.0,-36.93319870423204,219.60507994531622
2025-06-23T08:15:00Z,2025-06-23T08:30:00Z,2025-06-23,2025-06-23_11,0.0,100,100,0,59.67340814782634,59.723510756521996,0.00022371497584541063,0.014000000000000002,0.071,True,True,True,False,0.0,0.0,142.6533523537803,113.88492629576795,1.5145030908226345,-3.145005151371057,254.90777658899984
2025-06-23T08:30:00Z,2025-06-23T08:45:00Z,2025-06-23,2025-06-23_11,0.0,100,100,0,59.723510756521996,66.201690756522,0.017994944444444445,0.0,7.041500000000001,True,True,True,False,0.0,0.0,142.6533523537803,113.88492629576795,0.0,2473.354777599461,2729.8930562490095
2025-06-23T08:45:00Z,2025-06-23T09:00:00Z,2025-06-23,2025-06-23_11,0.0,100,100,0,66.201690756522,66.12220380000025,0.000757463768115942,0.162,0.105,True,True,True,False,0.0,0.0,142.6533523537803,113.88492629576795,17.51247860199715,-5.901589990489776,268.1491672610556
2025-06-23T09:00:00Z,2025-06-23T09:15:00Z,2025-06-23,2025-06-23_12,-49.0,49,0,51,66.12220380000025,77.36560660000025,0.031231674444444447,0.028909999999999995,0.0,True,True,True,False,-310.5375,477.4429386590584,69.90014265335235,0.0,3.1251176157077185,0.0,239.93069892811846
2025-06-23T09:15:00Z,2025-06-23T09:30:00Z,2025-06-23,2025-06-23_12,-49.0,49,0,51,77.36560660000025,88.61780000000024,0.03125609277777777,0.019355,0.0,True,True,True,False,-310.5375,477.4429386590584,69.90014265335235,0.0,2.090598465485814,0.0,238.89617977789658
2025-06-23T09:30:00Z,2025-06-23T09:45:00Z,2025-06-23,2025-06-23_12,-49.0,49,0,51,88.61780000000024,99.88780000000024,0.03130555555555556,0.0,0.0,True,True,True,False,-310.5375,477.4429386590584,69.90014265335235,0.0,0.0,0.0,236.80558131241077
2025-06-23T09:45:00Z,2025-06-23T10:00:00Z,2025-06-23,2025-06-23_12,-49.0,49,0,51,99.88780000000024,111.15780000000025,0.03130555555555556,0.0,0.0,True,True,True,False,-310.5375,477.4429386590584,69.90014265335235,0.0,0.0,0.0,236.80558131241077
2025-06-23T10:00:00Z,2025-06-23T10:15:00Z,2025-06-23,2025-06-23_13,0.0,49,49,51,111.15780000000025,112.83409980000025,0.004656388333333333,0.0,1.822065,True,True,True,False,0.0,477.4429386590584,69.90014265335235,75.12809082263433,0.0,299.9602303643604,922.4314024994055
2025-06-23T10:15:00Z,2025-06-23T10:30:00Z,2025-06-23,2025-06-23_13,0.0,49,49,51,112.83409980000025,113.63819960000025,0.0025398605555555557,0.050714999999999996,0.93394,True,True,True,False,0.0,477.4429386590584,69.90014265335235,75.12809082263433,5.482790691868759,-8.292991951973372,619.6609708749405
2025-06-23T10:30:00Z,2025-06-23T10:45:00Z,2025-06-23,2025-06-23_13,0.0,49,49,51,113.63819960000025,112.06831118260895,0.00507081115942029,1.5618750000000001,0.13891499999999998,True,True,True,False,0.0,477.4429386590584,69.90014265335235,75.12809082263433,169.95819216595342,-4.6117842368045645,787.817580064194
2025-06-23T10:45:00Z,2025-06-23T11:00:00Z,2025-06-23,2025-06-23_13,0.0,49,49,51,112.06831118260895,113.39140918260895,0.0036752722222222227,0.0,1.43815,True,True,True,False,0.0,477.4429386590584,69.90014265335235,75.12809082263433,0.0,-24.611991678554446,597.8591804564907
2025-06-23T11:00:00Z,2025-06-23T11:15:00Z,2025-06-23,2025-06-23_14,-36.519666843100225,0,0,51,113.39140918260895,121.79093255652201,0.0233320093719807,0.0,0.0,True,False,True,False,-400.8946427701327,477.4429386590584,0.0,0.0,0.0,0.0,76.54829588892574
2025-06-23T11:15:00Z,2025-06-23T11:30:00Z,2025-06-23,2025-06-23_14,-36.519666843100225,0,0,51,121.79093255652201,130.19045593043506,0.0233320093719807,0.0,0.0,True,False,True,False,-400.8946427701327,477.4429386590584,0.0,0.0,0.0,0.0,76.54829588892574
2025-06-23T11:30:00Z,2025-06-23T11:45:00Z,2025-06-23,2025-06-23_14,-36.519666843100225,0,0,51,130.19045593043506,138.5899793043481,0.0233320093719807,0.0,0.0,True,False,True,False,-400.8946427701327,477.4429386590584,0.0,0.0,0.0,0.0,76.54829588892574
2025-06-23T11:45:00Z,2025-06-23T12:00:00Z,2025-06-23,2025-06-23_14,-36.519666843100225,0,0,51,138.5899793043481,146.98950267826115,0.0233320093719807,0.0,0.0,True,False,True,False,-400.8946427701327,477.4429386590584,0.0,0.0,0.0,0.0,76.54829588892574
2025-06-23T12:00:00Z,2025-06-23T12:15:00Z,2025-06-23,2025-06-23_15,-74.00000000000009,100,26,0,146.98950267826115,164.30981827826116,0.04811198777777782,0.0,0.32643,True,True,True,False,-825.1000000000009,0.0,142.6533523537803,40.40477888730385,0.0,-12.601043955064194,-654.642912713981
2025-06-23T12:15:00Z,2025-06-23T12:30:00Z,2025-06-23,2025-06-23_15,-74.00000000000009,100,26,0,164.30981827826116,177.78789109565247,0.04328595106280197,3.724,0.04979,True,True,True,False,-825.1000000000009,0.0,142.6533523537803,40.40477888730385,412.5699421461404,-2.040973702250753,-231.51290031502714
2025-06-23T12:30:00Z,2025-06-23T12:45:00Z,2025-06-23,2025-06-23_15,-74.00000000000009,100,26,0,177.78789109565247,190.0000000000003,0.041757850821256076,4.9905,0.0,True,True,True,False,-825.1000000000009,0.0,142.6533523537803,40.40477888730385,575.6437731811696,0.0,-66.39809557774714
2025-06-23T12:45:00Z,2025-06-23T13:00:00Z,2025-06-23,2025-06-23_15,-74.00000000000009,100,26,0,190.0000000000003,189.9166054260873,0.027641416038647316,17.753,0.0,True,True,True,False,-825.1000000000009,0.0,142.6533523537803,40.40477888730385,2383.693396536694,0.0,1741.6515277777771
2025-06-23T13:00:00Z,2025-06-23T13:15:00Z,2025-06-23,2025-06-23_16,-42.35370260725582,100,57,0,189.9166054260873,182.2735747111561,0.03831805395302798,17.1065,0.0,True,True,True,False,-730.7072542316811,0.0,142.6533523537803,87.05509985734663,2538.1420276589,0.0,2037.143225638346
2025-06-23T13:15:00Z,2025-06-23T13:30:00Z,2025-06-23,2025-06-23_16,-42.35370260725582,100,57,0,182.2735747111561,174.57922366144646,0.03835129082612736,17.157,0.0,True,True,True,False,-730.7072542316811,0.0,142.6533523537803,87.05509985734663,2685.757840584879,0.0,2184.759038564325
2025-06-23T13:30:00Z,2025-06-23T13:45:00Z,2025-06-23,2025-06-23_16,-42.35370260725582,100,57,0,174.57922366144646,171.4396793538546,0.035401436069070424,12.675,0.0,True,True,True,False,-730.7072542316811,0.0,142.6533523537803,87.05509985734663,1643.0563926533528,0.0,1142.0575906327986
2025-06-23T13:45:00Z,2025-06-23T14:00:00Z,2025-06-23,2025-06-23_16,-42.35370260725582,100,57,0,171.4396793538546,166.54000000000036,0.03654136209299336,14.407,0.0,True,True,True,False,-730.7072542316811,0.0,142.6533523537803,87.05509985734663,1885.589484466635,0.0,1384.5906824460808
2025-06-23T14:00:00Z,2025-06-23T14:15:00Z,2025-06-23,2025-06-23_17,12.695999999999986,0,0,51,166.54000000000036,163.09000000000037,0.009583333333333322,0.0,0.0,True,False,True,False,314.19425999999964,477.4429386590584,0.0,0.0,0.0,0.0,791.6371986590581
2025-06-23T14:15:00Z,2025-06-23T14:30:00Z,2025-06-23,2025-06-23_17,12.695999999999986,0,0,51,163.09000000000037,159.64000000000038,0.009583333333333322,0.0,0.0,True,False,True,False,314.19425999999964,477.4429386590584,0.0,0.0,0.0,0.0,791.6371986590581
2025-06-23T14:30:00Z,2025-06-23T14:45:00Z,2025-06-23,2025-06-23_17,12.695999999999986,0,0,51,159.64000000000038,156.1900000000004,0.009583333333333322,0.0,0.0,True,False,True,False,314.19425999999964,477.4429386590584,0.0,0.0,0.0,0.0,791.6371986590581
2025-06-23T14:45:00Z,2025-06-23T15:00:00Z,2025-06-23,2025-06-23_17,12.695999999999986,0,0,51,156.1900000000004,152.7400000000004,0.009583333333333322,0.0,0.0,True,False,True,False,314.19425999999964,477.4429386590584,0.0,0.0,0.0,0.0,791.6371986590581
2025-06-23T15:00:00Z,2025-06-23T15:15:00Z,2025-06-23,2025-06-23_18,0.007403776000575134,0,0,81,152.7400000000004,152.7379881043481,5.588599034250553e-06,0.0,0.0,True,False,True,False,0.2572812160199859,758.2917261055635,0.0,0.0,0.0,0.0,758.5490073215835
2025-06-23T15:15:00Z,2025-06-23T15:30:00Z,2025-06-23,2025-06-23_18,0.007403776000575134,0,0,81,152.7379881043481,152.73597620869577,5.588599034250553e-06,0.0,0.0,True,False,True,False,0.2572812160199859,758.2917261055635,0.0,0.0,0.0,0.0,758.5490073215835
2025-06-23T15:30:00Z,2025-06-23T15:45:00Z,2025-06-23,2025-06-23_18,0.007403776000575134,0,0,81,152.73597620869577,152.73396431304346,5.588599034250553e-06,0.0,0.0,True,False,True,False,0.2572812160199859,758.2917261055635,0.0,0.0,0.0,0.0,758.5490073215835
2025-06-23T15:45:00Z,2025-06-23T16:00:00Z,2025-06-23,2025-06-23_18,0.007403776000575134,0,0,81,152.73396431304346,152.73195241739114,5.588599034250553e-06,0.0,0.0,True,False,True,False,0.2572812160199859,758.2917261055635,0.0,0.0,0.0,0.0,758.5490073215835
2025-06-23T16:00:00Z,2025-06-23T16:15:00Z,2025-06-23,2025-06-23_19,0.0,100,100,0,152.73195241739114,154.10491850434767,0.017228649758454104,2.2215,4.117,True,True,True,False,0.0,0.0,142.6533523537803,113.88492629576795,429.0899081669044,-184.69401014423838,500.9341766722143
2025-06-23T16:15:00Z,2025-06-23T16:30:00Z,2025-06-23,2025-06-23_19,0.0,100,100,0,154.10491850434767,148.54839676521723,0.01543478260869565,5.112,0.0,True,True,True,False,0.0,0.0,142.6533523537803,113.88492629576795,925.703266761769,0.0,1182.2415454113172
2025-06-23T16:30:00Z,2025-06-23T16:45:00Z,2025-06-23,2025-06-23_19,0.0,100,100,0,148.54839676521723,139.80926633043464,0.024275362318840577,8.04,0.0,True,True,True,False,0.0,0.0,142.6533523537803,113.88492629576795,2371.962482168331,0.0,2628.5007608178794
2025-06-23T16:45:00Z,2025-06-23T17:00:00Z,2025-06-23,2025-06-23_19,0.0,100,100,0,139.80926633043464,123.16850546086943,0.046224335748792277,15.309500000000002,0.0,True,True,True,False,0.0,0.0,142.6533523537803,113.88492629576795,4867.421235536535,0.0,5123.959514186084
2025-06-23T17:00:00Z,2025-06-23T17:15:00Z,2025-06-23,2025-06-23_20,74.0,0,74,26,123.16850546086943,107.57903806956509,0.043304076086956515,0.0,4.15769,True,True,True,False,3676.32,243.40228245363764,0.0,83.35116500237756,0.0,-232.43589339831982,3770.6375540576955
2025-06-23T17:15:00Z,2025-06-23T17:30:00Z,2025-06-23,2025-06-23_20,74.0,0,74,26,107.57903806956509,91.83955980869553,0.0437207729468599,0.0,4.01968,True,True,True,False,3676.32,243.40228245363764,0.0,83.35116500237756,0.0,-204.89680072911716,3798.176646726898
2025-06-23T17:30:00Z,2025-06-23T17:45:00Z,2025-06-23,2025-06-23_20,74.0,0,74,26,91.83955980869553,74.10409241739117,0.049265187198067634,0.0,2.18337,True,True,True,False,3676.32,243.40228245363764,0.0,83.35116500237756,0.0,-136.5038840347123,3866.569563421303
2025-06-23T17:45:00Z,2025-06-23T18:00:00Z,2025-06-23,2025-06-23_20,74.0,0,74,26,74.10409241739117,54.13575546086943,0.05546760265700483,0.0,0.12913,True,True,True,False,3676.32,243.40228245363764,0.0,83.35116500237756,0.0,-10.23379299413536,3992.83965446188
2025-06-23T18:00:00Z,2025-06-23T18:15:00Z,2025-06-23,2025-06-23_21,2.0000000000000138,17,19,81,54.13575546086943,54.22726224347812,0.002878158937198075,0.00663,0.68495,True,True,True,False,83.62000000000059,758.2917261055635,27.555278174037085,21.175106990014264,0.9195197337137422,-42.251068552860986,849.3105624504682
2025-06-23T18:15:00Z,2025-06-23T18:30:00Z,2025-06-23,2025-06-23_21,2.0000000000000138,17,19,81,54.22726224347812,54.496989113043334,0.0032172364734299585,0.0,0.8673500000000001,True,True,True,False,83.62000000000059,758.2917261055635,27.555278174037085,21.175106990014264,0.0,-50.750079648121734,839.8920316214937
2025-06-23T18:30:00Z,2025-06-23T18:45:00Z,2025-06-23,2025-06-23_21,2.0000000000000138,17,19,81,54.496989113043334,55.23825026086942,0.004207367922705319,0.0,1.3702800000000002,True,True,True,False,83.62000000000059,758.2917261055635,27.555278174037085,21.175106990014264,0.0,-61.453550309082274,829.1885609605332
2025-06-23T18:45:00Z,2025-06-23T19:00:00Z,2025-06-23,2025-06-23_21,2.0000000000000138,17,19,81,55.23825026086942,54.743086947825944,0.0016178736473430053,0.0012749999999999999,0.05301000000000001,True,True,True,False,83.62000000000059,758.2917261055635,27.555278174037085,21.175106990014264,0.1768307180218735,-4.109230759629102,886.7097112280082
2025-06-23T19:00:00Z,2025-06-23T19:15:00Z,2025-06-23,2025-06-23_22,11.999999999999993,23,35,65,54.743086947825944,50.91434238260856,0.010635401570048303,0.5224449999999999,0.0,True,True,True,False,463.6199999999997,608.5057061340941,37.28067047075606,39.183606752258676,72.45829370740212,0.0,1221.0482770645108
2025-06-23T19:15:00Z,2025-06-23T19:30:00Z,2025-06-23,2025-06-23_22,11.999999999999993,23,35,65,50.91434238260856,48.10441137391291,0.009378845024154585,0.006325000000000001,0.46847500000000003,True,True,True,False,463.6199999999997,608.5057061340941,37.28067047075606,39.183606752258676,0.8772190521477256,-28.834528580202885,1120.6326738290534
2025-06-23T19:30:00Z,2025-06-23T19:45:00Z,2025-06-23,2025-06-23_22,11.999999999999993,23,35,65,48.10441137391291,45.32608695652161,0.009378627826086953,0.00069,0.49455,True,True,True,False,463.6199999999997,608.5057061340941,37.28067047075606,39.183606752258676,0.09569662387066095,-31.766841922253924,1116.9188380587252
2025-06-23T19:45:00Z,2025-06-23T20:00:00Z,2025-06-23,2025-06-23_22,11.999999999999993,23,35,65,45.32608695652161,45.36653711304334,0.0112341006763285,0.0,3.3781999999999996,True,True,True,False,463.6199999999997,608.5057061340941,37.28067047075606,39.183606752258676,0.0,-145.59083531462989,1002.9991480424787
2025-06-23T20:00:00Z,2025-06-23T20:15:00Z,2025-06-23,2025-06-23_23,0.0,100,100,0,45.36653711304334,25.492184939130297,0.05879708937198067,18.879,0.7025,True,True,True,False,0.0,0.0,142.6533523537803,113.88492629576795,14199.894161911556,-33.624574021239496,14422.807866539864
2025-06-23T20:15:00Z,2025-06-23T20:30:00Z,2025-06-23,2025-06-23_23,0.0,100,100,0,25.492184939130297,13.662837113043341,0.03285929951690821,10.883,0.0,True,True,True,False,0.0,0.0,142.6533523537803,113.88492629576795,2230.8899377872876,0.0,2487.428216436836
2025-06-23T20:30:00Z,2025-06-23T20:45:00Z,2025-06-23,2025-06-23_23,0.0,100,100,0,13.662837113043341,10.20251102608682,0.009612016908212562,3.1835000000000004,0.0,True,True,True,False,0.0,0.0,142.6533523537803,113.88492629576795,441.41922045886827,0.0,697.9574991084165
2025-06-23T20:45:00Z,2025-06-23T21:00:00Z,2025-06-23,2025-06-23_23,0.0,100,100,0,10.20251102608682,10.041951895652037,0.0007858864734299516,0.20399999999999996,0.0665,True,True,True,False,0.0,0.0,142.6533523537803,113.88492629576795,28.252496433666185,-5.093919499920748,279.69685558329365
2025-06-23T21:00:00Z,2025-06-23T21:15:00Z,2025-06-24,2025-06-23_24,0.07290596224998047,0,100,0,10.041951895652037,10.022140492866717,5.503167440366883e-05,0.0,0.0,True,True,True,False,2.4217538010387263,0.0,0.0,110.41959843815035,0.0,0.0,112.84135223918908
2025-06-23T21:15:00Z,2025-06-23T21:30:00Z,2025-06-24,2025-06-23_24,0.07290596224998047,0,100,0,10.022140492866717,10.002789150942025,5.630741997177424e-05,0.0,0.0005,True,True,True,False,2.4217538010387263,0.0,0.0,110.41959843815035,0.0,-0.03864983251739243,112.80270240667168
2025-06-23T21:30:00Z,2025-06-23T21:45:00Z,2025-06-24,2025-06-23_24,0.07290596224998047,0,100,0,10.002789150942025,9.999999999999991,0.00010223426042356861,0.0,0.0185,True,True,True,False,2.4217538010387263,0.0,0.0,110.41959843815035,0.0,-1.462747804887717,111.37860443430135
2025-06-23T21:45:00Z,2025-06-23T22:00:00Z,2025-06-24,2025-06-23_24,0.07290596224998047,0,100,0,9.999999999999991,13.80651477506903,0.010665407564336274,0.0,4.1585,True,True,True,False,2.4217538010387263,0.0,0.0,110.41959843815035,0.0,-53.861118169385364,58.98023406980371
2025-06-23T22:00:00Z,2025-06-23T22:15:00Z,2025-06-24,2025-06-24_1,26.509470833162965,69,96,4,13.80651477506903,12.173913043478251,0.025904037434068435,0.008280000000000001,5.77584,True,True,True,False,722.184259172442,37.46060690147266,97.4421739044259,106.00281450062432,1.1471508136285258,-157.3739815194339,806.8630237731595
2025-06-23T22:15:00Z,2025-06-23T22:30:00Z,2025-06-24,2025-06-24_1,26.509470833162965,69,96,4,12.173913043478251,18.442989873485054,0.03418022203813075,0.0,13.945440000000001,True,True,True,False,722.184259172442,37.46060690147266,97.4421739044259,106.00281450062432,0.0,-359.71844141676416,603.3714130622008
2025-06-23T22:30:00Z,2025-06-23T22:45:00Z,2025-06-24,2025-06-24_1,26.509470833162965,69,96,4,18.442989873485054,19.685701078982092,0.028893703828763453,0.0,8.74272,True,True,True,False,722.184259172442,37.46060690147266,97.4421739044259,106.00281450062432,0.0,-340.172957104632,622.9168973743328
2025-06-23T22:45:00Z,2025-06-23T23:00:00Z,2025-06-24,2025-06-24_1,26.509470833162965,69,96,4,19.685701078982092,23.030962495894137,0.031105076977695212,0.0,10.91904,True,True,True,False,722.184259172442,37.46060690147266,97.4421739044259,106.00281450062432,0.0,-414.3296634253662,548.7601910535986
2025-06-23T23:00:00Z,2025-06-23T23:15:00Z,2025-06-24,2025-06-24_2,58.000000000000064,42,100,0,23.030962495894137,10.27077237415499,0.04177978589371984,0.0,2.951,True,True,True,False,1514.6700000000017,0.0,59.31262759399837,110.41959843815035,0.0,-142.12738469466632,1542.274841337484
2025-06-23T23:15:00Z,2025-06-23T23:30:00Z,2025-06-24,2025-06-24_2,58.000000000000064,42,100,0,10.27077237415499,14.573578321981065,0.030404714589371957,0.0,19.7315,True,True,True,False,1514.6700000000017,0.0,59.31262759399837,110.41959843815035,0.0,3381.6567662973457,5066.0589923294965
2025-06-23T23:30:00Z,2025-06-23T23:45:00Z,2025-06-24,2025-06-24_2,58.000000000000064,42,100,0,14.573578321981065,17.51077515676366,0.03131509990338163,0.0,18.3885,True,True,True,False,1514.6700000000017,0.0,59.31262759399837,110.41959843815035,0.0,2.387264880185519,1686.7894909123359
2025-06-23T23:45:00Z,2025-06-24T00:00:00Z,2025-06-24,2025-06-24_2,58.000000000000064,42,100,0,17.51077515676366,16.380124443720167,0.03402693642512077,0.0,14.388000000000002,True,True,True,False,1514.6700000000017,0.0,59.31262759399837,110.41959843815035,0.0,-407.63100707589246,1276.7712189562578
2025-06-24T00:00:00Z,2025-06-24T00:15:00Z,2025-06-24,2025-06-24_3,59.96602622569612,40,100,0,16.380124443720167,10.039822235861903,0.03757960671240745,0.0,9.7585,True,True,True,False,1489.706006511856,0.0,56.488216756188926,110.41959843815035,0.0,-329.4888774701207,1327.1249442360745
2025-06-24T00:15:00Z,2025-06-24T00:30:00Z,2025-06-24,2025-06-24_3,59.96602622569612,40,100,0,10.039822235861903,15.039142729958154,0.028826001444597633,0.0,20.8745,True,True,True,False,1489.706006511856,0.0,56.488216756188926,110.41959843815035,0.0,474.5201286345708,2131.133950340766
2025-06-24T00:30:00Z,2025-06-24T00:45:00Z,2025-06-24,2025-06-24_3,59.96602622569612,40,100,0,15.039142729958154,10.000000000000483,0.03657517854408328,0.0,11.034,True,True,True,False,1489.706006511856,0.0,56.488216756188926,110.41959843815035,0.0,-113.11309813093375,1543.5007235752614
2025-06-24T00:45:00Z,2025-06-24T01:00:00Z,2025-06-24,2025-06-24_3,59.96602622569612,40,100,0,10.000000000000483,12.644890015857172,0.03064350063118499,0.0,18.5665,True,True,True,False,1489.706006511856,0.0,56.488216756188926,110.41959843815035,0.0,63.70378005272234,1720.3176017589176
2025-06-24T01:00:00Z,2025-06-24T01:15:00Z,2025-06-24,2025-06-24_4,0.9965568198944226,99,100,0,12.644890015857172,15.878713194825586,0.010258477018252365,0.0,3.8025,True,True,True,False,23.820199387526436,0.0,139.8083364715676,110.41959843815035,0.0,-109.98105514042771,164.06707915681667
2025-06-24T01:15:00Z,2025-06-24T01:30:00Z,2025-06-24,2025-06-24_4,0.9965568198944226,99,100,0,15.878713194825586,23.10794901877082,0.021095971453922138,0.0,8.1375,True,True,True,False,23.820199387526436,0.0,139.8083364715676,110.41959843815035,0.0,-161.91613729609733,112.13199700114706
2025-06-24T01:30:00Z,2025-06-24T01:45:00Z,2025-06-24,2025-06-24_4,0.9965568198944226,99,100,0,23.10794901877082,43.68425940286182,0.057299702865721884,0.0,22.619,True,True,True,False,23.820199387526436,0.0,139.8083364715676,110.41959843815035,0.0,3583.3314524408856,3857.37958673813
2025-06-24T01:45:00Z,2025-06-24T02:00:00Z,2025-06-24,2025-06-24_4,0.9965568198944226,99,100,0,43.68425940286182,63.40664826086953,0.05498345405496108,0.0,21.6925,True,True,True,False,23.820199387526436,0.0,139.8083364715676,110.41959843815035,0.0,360.79211246110236,634.8402467583468
2025-06-24T02:00:00Z,2025-06-24T02:15:00Z,2025-06-24,2025-06-24_5,0.0,100,100,0,63.40664826086953,86.25806826086954,0.06347616666666667,0.0,24.8385,True,True,True,False,0.0,0.0,141.2205418904723,110.41959843815035,0.0,1354.7820697480824,1606.4222100767051
2025-06-24T02:15:00Z,2025-06-24T02:30:00Z,2025-06-24,2025-06-24_5,0.0,100,100,0,86.25806826086954,99.48122826086953,0.036731,0.0,14.373,True,True,True,False,0.0,0.0,141.2205418904723,110.41959843815035,0.0,202.91076269002832,454.55090301865096
2025-06-24T02:30:00Z,2025-06-24T02:45:00Z,2025-06-24,2025-06-24_5,0.0,100,100,0,99.48122826086953,102.8961865217391,0.009522227053140098,0.006,3.7190000000000003,True,True,True,False,0.0,0.0,141.2205418904723,110.41959843815035,0.8312687055279171,-133.40722969892772,119.06417933522285
2025-06-24T02:45:00Z,2025-06-24T03:00:00Z,2025-06-24,2025-06-24_5,0.0,100,100,0,102.8961865217391,116.73620652173909,0.0384445,0.0,15.043499999999998,True,True,True,False,0.0,0.0,141.2205418904723,110.41959843815035,0.0,-282.8248367787842,-31.184696450161525
2025-06-24T03:00:00Z,2025-06-24T03:15:00Z,2025-06-24,2025-06-24_6,20.999999999999996,0,21,79,116.73620652173909,111.76069021739127,0.013820878623188402,0.0,0.6725249999999999,True,True,True,False,550.0949999999999,739.8469863040849,0.0,23.188115672011573,0.0,-29.927515791925153,1283.2025861841712
2025-06-24T03:15:00Z,2025-06-24T03:30:00Z,2025-06-24,2025-06-24_6,20.999999999999996,0,21,79,111.76069021739127,106.0813315217391,0.015775996376811593,0.0,0.02499,True,True,True,False,550.0949999999999,739.8469863040849,0.0,23.188115672011573,0.0,-1.9648104552752064,1311.1652915208213
2025-06-24T03:30:00Z,2025-06-24T03:45:00Z,2025-06-24,2025-06-24_6,20.999999999999996,0,21,79,106.0813315217391,100.39421195652172,0.015797554347826082,0.0,0.01785,True,True,True,False,550.0949999999999,739.8469863040849,0.0,23.188115672011573,0.0,-1.4014441757675462,1311.7286578003288
2025-06-24T03:45:00Z,2025-06-24T04:00:00Z,2025-06-24,2025-06-24_6,20.999999999999996,0,21,79,100.39421195652172,94.70115760869564,0.015814039855072456,0.0,0.012389999999999998,True,True,True,False,550.0949999999999,739.8469863040849,0.0,23.188115672011573,0.0,-0.939263324282005,1312.1908386518144
2025-06-24T04:00:00Z,2025-06-24T04:15:00Z,2025-06-24,2025-06-24_7,21.0,0,21,79,94.70115760869564,89.97501630434782,0.013128170289855072,0.0,0.90195,True,True,True,False,574.98,739.8469863040849,0.0,22.99456920302063,0.0,-31.582641012427406,1306.238914494678
2025-06-24T04:15:00Z,2025-06-24T04:30:00Z,2025-06-24,2025-06-24_7,21.0,0,21,79,89.97501630434782,84.32658695652172,0.015690081521739133,0.0,0.053445,True,True,True,False,574.98,739.8469863040849,0.0,22.99456920302063,0.0,-3.814739759776425,1334.006815747329
2025-06-24T04:30:00Z,2025-06-24T04:45:00Z,2025-06-24,2025-06-24_7,21.0,0,21,79,84.32658695652172,79.54669021739129,0.013277490942028985,0.0,0.852495,True,True,True,False,574.98,739.8469863040849,0.0,22.99456920302063,0.0,-33.57718151646086,1304.2443739906446
2025-06-24T04:45:00Z,2025-06-24T05:00:00Z,2025-06-24,2025-06-24_7,21.0,0,21,79,79.54669021739129,75.27501630434782,0.011865760869565216,0.0,1.32006,True,True,True,False,574.98,739.8469863040849,0.0,22.99456920302063,0.0,-52.933482405407005,1284.8880731016986
2025-06-24T05:00:00Z,2025-06-24T05:15:00Z,2025-06-24,2025-06-24_8,21.0,0,21,79,75.27501630434782,69.76251630434783,0.015312499999999998,0.0,0.17850000000000002,True,True,True,False,579.3375,739.8469863040849,0.0,22.99456920302063,0.0,-10.220702039521932,1331.9583534675835
2025-06-24T05:15:00Z,2025-06-24T05:30:00Z,2025-06-24,2025-06-24_8,21.0,0,21,79,69.76251630434783,64.05736413043479,0.01584764492753623,0.0,0.00126,True,True,True,False,579.3375,739.8469863040849,0.0,22.99456920302063,0.0,-0.09739757794382892,1342.0816579291618
2025-06-24T05:30:00Z,2025-06-24T05:45:00Z,2025-06-24,2025-06-24_8,21.0,0,21,79,64.05736413043479,58.35107065217392,0.015850815217391304,0.0,0.00021,True,True,True,False,579.3375,739.8469863040849,0.0,22.99456920302063,0.0,-0.01623292965730482,1342.1628225774482
2025-06-24T05:45:00Z,2025-06-24T06:00:00Z,2025-06-24,2025-06-24_8,21.0,0,21,79,58.35107065217392,52.934782608695656,0.01504524456521739,0.0,0.267015,True,True,True,False,579.3375,739.8469863040849,0.0,22.99456920302063,0.0,-11.947377206509028,1330.2316783005965
2025-06-24T06:00:00Z,2025-06-24T06:15:00Z,2025-06-24,2025-06-24_9,31.64643659956552,39,71,29,52.934782608695656,44.29565799743922,0.025394488686771962,0.48750000000000004,0.493095,True,True,True,False,684.5915397401011,271.58940003567676,54.64699819634115,79.39002636116783,53.14351971141459,-16.39900290071948,1126.962481143982
2025-06-24T06:15:00Z,2025-06-24T06:30:00Z,2025-06-24,2025-06-24_9,31.64643659956552,39,71,29,44.29565799743922,34.4747140875604,0.02729950809100339,1.12983,0.006744999999999999,True,True,True,False,684.5915397401011,271.58940003567676,54.64699819634115,79.39002636116783,123.16542128317442,-0.5213862406596238,1212.8619993758016
2025-06-24T06:30:00Z,2025-06-24T06:45:00Z,2025-06-24,2025-06-24_9,31.64643659956552,39,71,29,34.4747140875604,27.646044367135175,0.024488826244086354,0.15346500000000002,1.948595,True,True,True,False,684.5915397401011,271.58940003567676,54.64699819634115,79.39002636116783,16.729580005153313,-8.671408031236995,1098.2761363072032
2025-06-24T06:45:00Z,2025-06-24T07:00:00Z,2025-06-24,2025-06-24_9,31.64643659956552,39,71,29,27.646044367135175,25.760869565217405,0.02436505205549833,0.0,6.7521,True,True,True,False,684.5915397401011,271.58940003567676,54.64699819634115,79.39002636116783,0.0,-38.366242403821374,1051.8517219294654
2025-06-24T07:00:00Z,2025-06-24T07:15:00Z,2025-06-24,2025-06-24_10,2.0,98,100,0,25.760869565217405,15.678654452173927,0.02803370198067633,8.78031,0.0055,True,True,True,False,28.155,0.0,137.3180980318316,112.56020454680593,1118.0663988226665,-0.31038758844865516,1395.7893138128554
2025-06-24T07:15:00Z,2025-06-24T07:30:00Z,2025-06-24,2025-06-24_10,2.0,98,100,0,15.678654452173927,14.996710365217405,0.002307522463768116,0.19747000000000003,0.0825,True,True,True,False,28.155,0.0,137.3180980318316,112.56020454680593,21.503341303787685,-4.180825223475313,295.3558186589499
2025-06-24T07:30:00Z,2025-06-24T07:45:00Z,2025-06-24,2025-06-24_10,2.0,98,100,0,14.996710365217405,20.40014643478262,0.01747059536231884,0.037239999999999995,6.4845,True,True,True,False,28.155,0.0,137.3180980318316,112.56020454680593,4.055250217033675,-10.19850306225596,271.89004973341525
2025-06-24T07:45:00Z,2025-06-24T08:00:00Z,2025-06-24,2025-06-24_10,2.0,98,100,0,20.40014643478262,37.718201982608704,0.04878874125603864,0.0,19.3445,True,True,True,False,28.155,0.0,137.3180980318316,112.56020454680593,0.0,2115.2576004400134,2393.290903018651
2025-06-24T08:00:00Z,2025-06-24T08:15:00Z,2025-06-24,2025-06-24_11,-0.05388333952862838,0,0,51,37.718201982608704,37.73059515070029,3.442546692106813e-05,0.0,0.0,True,False,True,False,-0.3377138304956784,477.62273799377635,0.0,0.0,0.0,0.0,477.2850241632807
2025-06-24T08:15:00Z,2025-06-24T08:30:00Z,2025-06-24,2025-06-24_11,-0.05388333952862838,0,0,51,37.73059515070029,37.74298831879187,3.442546692106813e-05,0.0,0.0,True,False,True,False,-0.3377138304956784,477.62273799377635,0.0,0.0,0.0,0.0,477.2850241632807
2025-06-24T08:30:00Z,2025-06-24T08:45:00Z,2025-06-24,2025-06-24_11,-0.05388333952862838,0,0,51,37.74298831879187,37.75538148688346,3.442546692106813e-05,0.0,0.0,True,False,True,False,-0.3377138304956784,477.62273799377635,0.0,0.0,0.0,0.0,477.2850241632807
2025-06-24T08:45:00Z,2025-06-24T09:00:00Z,2025-06-24,2025-06-24_11,-0.05388333952862838,0,0,51,37.75538148688346,37.76777465497504,3.442546692106813e-05,0.0,0.0,True,False,True,False,-0.3377138304956784,477.62273799377635,0.0,0.0,0.0,0.0,477.2850241632807
2025-06-24T09:00:00Z,2025-06-24T09:15:00Z,2025-06-24,2025-06-24_12,-48.99999999999993,0,0,51,37.76777465497504,49.037774654975024,0.03130555555555551,0.0,0.0,True,False,True,False,-243.03999999999965,477.62273799377635,0.0,0.0,0.0,0.0,234.5827379937767
2025-06-24T09:15:00Z,2025-06-24T09:30:00Z,2025-06-24,2025-06-24_12,-48.99999999999993,0,0,51,49.037774654975024,60.307774654975006,0.03130555555555551,0.0,0.0,True,False,True,False,-243.03999999999965,477.62273799377635,0.0,0.0,0.0,0.0,234.5827379937767
2025-06-24T09:30:00Z,2025-06-24T09:45:00Z,2025-06-24,2025-06-24_12,-48.99999999999993,0,0,51,60.307774654975006,71.57777465497499,0.03130555555555551,0.0,0.0,True,False,True,False,-243.03999999999965,477.62273799377635,0.0,0.0,0.0,0.0,234.5827379937767
2025-06-24T09:45:00Z,2025-06-24T10:00:00Z,2025-06-24,2025-06-24_12,-48.99999999999993,0,0,51,71.57777465497499,82.84777465497497,0.03130555555555551,0.0,0.0,True,False,True,False,-243.03999999999965,477.62273799377635,0.0,0.0,0.0,0.0,234.5827379937767
2025-06-24T10:00:00Z,2025-06-24T10:15:00Z,2025-06-24,2025-06-24_13,-5.722264183200971e-14,49,49,51,82.84777465497497,83.5613927593228,0.0020148208212560754,0.00539,0.7820400000000001,True,True,True,False,-2.615074731722844e-13,477.62273799377635,68.6590490159158,64.81309337403128,0.5792970685588568,-32.71879399837473,578.9553834539073
2025-06-24T10:15:00Z,2025-06-24T10:30:00Z,2025-06-24,2025-06-24_13,-5.722264183200971e-14,49,49,51,83.5613927593228,83.50487701149672,0.000982202632850277,0.18865,0.16145500000000002,True,True,True,False,-2.615074731722844e-13,477.62273799377635,68.6590490159158,64.81309337403128,20.269414801894836,-7.915784750163519,623.4485104354545
2025-06-24T10:30:00Z,2025-06-24T10:45:00Z,2025-06-24,2025-06-24_13,-5.722264183200971e-14,49,49,51,83.50487701149672,83.31759688106196,0.0007831892512077645,0.215845,0.051449999999999996,True,True,True,False,-2.615074731722844e-13,477.62273799377635,68.6590490159158,64.81309337403128,23.094940126454325,-3.248662705884685,630.9411578042929
2025-06-24T10:45:00Z,2025-06-24T11:00:00Z,2025-06-24,2025-06-24_13,-5.722264183200971e-14,49,49,51,83.31759688106196,83.40056112454023,0.0005559393236715338,0.0539,0.15386,True,True,True,False,-2.615074731722844e-13,477.62273799377635,68.6590490159158,64.81309337403128,5.784872812320377,-7.532623067012863,609.3471301290307
2025-06-24T11:00:00Z,2025-06-24T11:15:00Z,2025-06-24,2025-06-24_14,-49.0,49,0,51,83.40056112454023,94.67056112454023,0.03130555555555556,0.0,0.0,True,True,True,False,-207.8825,477.62273799377635,68.6590490159158,0.0,0.0,0.0,338.39928700969216
2025-06-24T11:15:00Z,2025-06-24T11:30:00Z,2025-06-24,2025-06-24_14,-49.0,49,0,51,94.67056112454023,105.94056112454022,0.03130555555555556,0.0,0.0,True,True,True,False,-207.8825,477.62273799377635,68.6590490159158,0.0,0.0,0.0,338.39928700969216
2025-06-24T11:30:00Z,2025-06-24T11:45:00Z,2025-06-24,2025-06-24_14,-49.0,49,0,51,105.94056112454022,117.18689412454022,0.03123981388888889,0.025724999999999998,0.0,True,True,True,False,-207.8825,477.62273799377635,68.6590490159158,0.0,2.730782198283551,0.0,341.13006920797574
2025-06-24T11:45:00Z,2025-06-24T12:00:00Z,2025-06-24,2025-06-24_14,-49.0,49,0,51,117.18689412454022,128.3712421245402,0.031067633333333334,0.0931,0.0,True,True,True,False,-207.8825,477.62273799377635,68.6590490159158,0.0,9.88343975581234,0.0,348.2827267655045
2025-06-24T12:00:00Z,2025-06-24T12:15:00Z,2025-06-24,2025-06-24_15,-41.0,49,8,51,128.3712421245402,138.1448069245402,0.027148791111111112,0.0,0.37344,True,True,True,False,-176.91500000000002,477.62273799377635,68.6590490159158,10.581729530454087,0.0,-6.542546227181733,373.4059703129645
2025-06-24T12:15:00Z,2025-06-24T12:30:00Z,2025-06-24,2025-06-24_15,-41.0,49,8,51,138.1448069245402,147.62923825497498,0.02635264741545894,0.007105,0.06648,True,True,True,False,-176.91500000000002,477.62273799377635,68.6590490159158,10.581729530454087,0.7542385675777458,-2.841577594989396,377.86117751273457
2025-06-24T12:30:00Z,2025-06-24T12:45:00Z,2025-06-24,2025-06-24_15,-41.0,49,8,51,147.62923825497498,157.02039567236628,0.026138963840579704,0.053165000000000004,0.01252,True,True,True,False,-176.91500000000002,477.62273799377635,68.6590490159158,10.581729530454087,5.652489143361148,-0.9399640695300577,384.6610416139773
2025-06-24T12:45:00Z,2025-06-24T13:00:00Z,2025-06-24,2025-06-24_15,-41.0,49,8,51,157.02039567236628,166.42653487236626,0.026172608888888893,0.04508,0.02048,True,True,True,False,-176.91500000000002,477.62273799377635,68.6590490159158,10.581729530454087,4.79445765365786,-1.1348776881454026,383.6080965056587
2025-06-24T13:00:00Z,2025-06-24T13:15:00Z,2025-06-24,2025-06-24_16,1.0000000000000189,99,100,0,166.42653487236626,170.2308793941054,0.011810226328502427,0.0,4.4225,True,True,True,False,9.48750000000018,0.0,138.71930311378907,132.2716191306761,0.0,92.23147285592532,372.70989510039067
2025-06-24T13:15:00Z,2025-06-24T13:30:00Z,2025-06-24,2025-06-24_16,1.0000000000000189,99,100,0,170.2308793941054,178.798412228888,0.024729227681159427,0.0,9.5905,True,True,True,False,9.48750000000018,0.0,138.71930311378907,132.2716191306761,0.0,2280.681081798902,2561.1595040433676
2025-06-24T13:30:00Z,2025-06-24T13:45:00Z,2025-06-24,2025-06-24_16,1.0000000000000189,99,100,0,178.798412228888,179.02271943758365,0.002410394420289869,0.05197499999999999,0.5995,True,True,True,False,9.48750000000018,0.0,138.71930311378907,132.2716191306761,5.619322354468514,-27.503828513666186,258.59391608526767
2025-06-24T13:45:00Z,2025-06-24T14:00:00Z,2025-06-24,2025-06-24_16,1.0000000000000189,99,100,0,179.02271943758365,178.61353777671408,0.001779235724637695,0.23413499999999998,0.127,True,True,True,False,9.48750000000018,0.0,138.71930311378907,132.2716191306761,25.34879262977424,-8.043140348443107,297.7840745257965
2025-06-24T14:00:00Z,2025-06-24T14:15:00Z,2025-06-24,2025-06-24_17,1.8133792239115973,89,91,9,178.61353777671408,182.3334183159201,0.012532069759307176,0.0017800000000000001,4.56456,True,True,True,False,30.43757027335616,84.28636552831347,124.70725229421443,101.21231641329553,0.18874992567339902,451.05123091986604,791.883485354719
2025-06-24T14:15:00Z,2025-06-24T14:30:00Z,2025-06-24,2025-06-24_17,1.8133792239115973,89,91,9,182.3334183159201,185.45001547072363,0.010934906148211274,0.0017800000000000001,3.91118,True,True,True,False,30.43757027335616,84.28636552831347,124.70725229421443,101.21231641329553,0.19404197966424197,168.96688307137333,509.80442956021716
2025-06-24T14:30:00Z,2025-06-24T14:45:00Z,2025-06-24,2025-06-24_17,1.8133792239115973,89,91,9,185.45001547072363,184.83760893682535,0.00208859557997803,0.17577500000000001,0.07735,True,True,True,False,30.43757027335616,84.28636552831347,124.70725229421443,101.21231641329553,19.13781537272313,-5.8208508116464825,353.96046907025624
2025-06-24T14:45:00Z,2025-06-24T15:00:00Z,2025-06-24,2025-06-24_17,1.8133792239115973,89,91,9,184.83760893682535,183.98039699999984,0.004001665168461191,0.610095,0.323505,True,True,True,False,30.43757027335616,84.28636552831347,124.70725229421443,101.21231641329553,66.49603803341725,-16.485014068539037,390.65452847405777
2025-06-24T15:00:00Z,2025-06-24T15:15:00Z,2025-06-24,2025-06-24_18,58.99999999999991,41,100,0,183.98039699999984,182.39877047826073,0.03417649033816426,0.02255,14.2125,True,True,True,False,1661.8824999999974,0.0,57.815095237151404,110.41959843815035,2.458228450240818,-50.91124660575189,1781.6641755197882
2025-06-24T15:15:00Z,2025-06-24T15:30:00Z,2025-06-24,2025-06-24_18,58.99999999999991,41,100,0,182.39877047826073,186.5865285999999,0.029970402995169114,0.0,19.853,True,True,True,False,1661.8824999999974,0.0,57.815095237151404,110.41959843815035,0.0,45.87757457435634,1875.9947682496554
2025-06-24T15:30:00Z,2025-06-24T15:45:00Z,2025-06-24,2025-06-24_18,58.99999999999991,41,100,0,186.5865285999999,179.76574999999994,0.037910337222222194,0.0047150000000000004,9.0495,True,True,True,False,1661.8824999999974,0.0,57.815095237151404,110.41959843815035,0.5133839058133313,-115.6509347313341,1714.9796428497784
2025-06-24T15:45:00Z,2025-06-24T16:00:00Z,2025-06-24,2025-06-24_18,58.99999999999991,41,100,0,179.76574999999994,162.73885475652173,0.04737341900966176,0.9489449999999999,0.0365,True,True,True,False,1661.8824999999974,0.0,57.815095237151404,110.41959843815035,122.65922420074128,-2.518183854280221,1950.2582340217602
2025-06-24T16:00:00Z,2025-06-24T16:15:00Z,2025-06-24,2025-06-24_19,0.0,100,100,0,162.73885475652173,182.65003997391304,0.05533904106280193,0.005,21.6485,True,True,True,False,0.0,0.0,141.2205418904723,109.49794858581254,0.693714942619864,3775.200960002378,4026.6131654212827
2025-06-24T16:15:00Z,2025-06-24T16:30:00Z,2025-06-24,2025-06-24_19,0.0,100,100,0,182.65003997391304,183.30710866956522,0.0030329202898550724,0.2,0.9504999999999999,True,True,True,False,0.0,0.0,141.2205418904723,109.49794858581254,27.61778288704339,-60.24436406160187,218.09190930172636
2025-06-24T16:30:00Z,2025-06-24T16:45:00Z,2025-06-24,2025-06-24_19,0.0,100,100,0,183.30710866956522,169.7788478,0.03757850241545893,12.446,0.0,True,True,True,False,0.0,0.0,141.2205418904723,109.49794858581254,2972.4263786097954,0.0,3223.1448690860802
2025-06-24T16:45:00Z,2025-06-24T17:00:00Z,2025-06-24,2025-06-24_19,0.0,100,100,0,169.7788478,150.16634779999998,0.05447916666666667,18.0435,0.0,True,True,True,False,0.0,0.0,141.2205418904723,109.49794858581254,6006.647640080867,0.0,6257.366130557151
2025-06-24T17:00:00Z,2025-06-24T17:15:00Z,2025-06-24,2025-06-24_20,67.0,0,67,33,150.16634779999998,132.1156738869565,0.05014076086956521,0.0,0.14338,True,True,True,False,3201.7625000000003,309.0500069371494,0.0,73.36362555249438,0.0,-10.370773472340595,3573.8053590173035
2025-06-24T17:15:00Z,2025-06-24T17:30:00Z,2025-06-24,2025-06-24_20,67.0,0,67,33,132.1156738869565,113.92881519130432,0.05051905193236715,0.0,0.018090000000000002,True,True,True,False,3201.7625000000003,309.0500069371494,0.0,73.36362555249438,0.0,-1.3925746754405093,3582.7835578142035
2025-06-24T17:30:00Z,2025-06-24T17:45:00Z,2025-06-24,2025-06-24_20,67.0,0,67,33,113.92881519130432,95.73285323478258,0.05054433876811595,0.0,0.009715,True,True,True,False,3201.7625000000003,309.0500069371494,0.0,73.36362555249438,0.0,-0.7394129189542743,3583.43671957069
2025-06-24T17:45:00Z,2025-06-24T18:00:00Z,2025-06-24,2025-06-24_20,67.0,0,67,33,95.73285323478258,77.54380975652171,0.05052512077294685,0.0,0.01608,True,True,True,False,3201.7625000000003,309.0500069371494,0.0,73.36362555249438,0.0,-1.16595537232672,3583.010177117317
2025-06-24T18:00:00Z,2025-06-24T18:15:00Z,2025-06-24,2025-06-24_21,18.902787361112328,0,19,81,77.54380975652171,72.44071616461655,0.01417606738248732,0.0,0.030875000000000003,True,True,True,False,793.3972425142871,758.5772897548213,0.0,20.80461023130438,0.0,-2.278506828137078,1570.5006356722756
2025-06-24T18:15:00Z,2025-06-24T18:30:00Z,2025-06-24,2025-06-24_21,18.902787361112328,0,19,81,72.44071616461655,67.31966930175417,0.01422550530738978,0.0,0.014345,True,True,True,False,793.3972425142871,758.5772897548213,0.0,20.80461023130438,0.0,-1.1088636949239887,1571.6702788054888
2025-06-24T18:30:00Z,2025-06-24T18:45:00Z,2025-06-24,2025-06-24_21,18.902787361112328,0,19,81,67.31966930175417,62.19222529636681,0.014243121119711351,0.0,0.008454999999999999,True,True,True,False,793.3972425142871,758.5772897548213,0.0,20.80461023130438,0.0,-0.6360949229976413,1572.1430475774152
2025-06-24T18:45:00Z,2025-06-24T19:00:00Z,2025-06-24,2025-06-24_21,18.902787361112328,0,19,81,62.19222529636681,57.074583364203214,0.014216129149218626,0.0,0.01748,True,True,True,False,793.3972425142871,758.5772897548213,0.0,20.80461023130438,0.0,-1.293862303530018,1571.4852801968827
2025-06-24T19:00:00Z,2025-06-24T19:15:00Z,2025-06-24,2025-06-24_22,0.7948298390048902,18,19,81,57.074583364203214,56.05348829925624,0.0028363751804082807,0.7407,0.0,True,True,True,False,31.99190101994683,758.5772897548213,25.45715814718649,20.80461023130438,107.04423810278874,0.0,943.8751972560477
2025-06-24T19:15:00Z,2025-06-24T19:30:00Z,2025-06-24,2025-06-24_22,0.7948298390048902,18,19,81,56.05348829925624,54.34418671257013,0.004748059963016977,1.37385,0.0,True,True,True,False,31.99190101994683,758.5772897548213,25.45715814718649,20.80461023130438,302.5593314669098,0.0,1139.3902906201688
2025-06-24T19:30:00Z,2025-06-24T19:45:00Z,2025-06-24,2025-06-24_22,0.7948298390048902,18,19,81,54.34418671257013,54.02173913043464,0.0011906519406959576,0.14931,0.06023,True,True,True,False,31.99190101994683,758.5772897548213,25.45715814718649,20.80461023130438,20.6702298237964,-3.8501215428220323,853.6510674342334
2025-06-24T19:45:00Z,2025-06-24T20:00:00Z,2025-06-24,2025-06-24_22,0.7948298390048902,18,19,81,54.02173913043464,55.56649458260854,0.005011085922378629,0.0,1.8994300000000002,True,True,True,False,31.99190101994683,758.5772897548213,25.45715814718649,20.80461023130438,0.0,-18.788744576140168,818.0422145771189
2025-06-24T20:00:00Z,2025-06-24T20:15:00Z,2025-06-24,2025-06-24_23,63.0,37,100,0,55.56649458260854,41.103714956521586,0.045366433405797095,0.14522500000000002,2.7455,True,True,True,False,2432.43,0.0,52.251600499474755,110.41959843815035,20.099441658573326,-88.15006937149425,2527.050571224704
2025-06-24T20:15:00Z,2025-06-24T20:30:00Z,2025-06-24,2025-06-24_23,63.0,37,100,0,41.103714956521586,21.849654852173767,0.054363812512077295,2.40278,0.4655,True,True,True,False,2432.43,0.0,52.251600499474755,110.41959843815035,524.0677821933284,-29.50457891502983,3089.6644022159235
2025-06-24T20:30:00Z,2025-06-24T20:45:00Z,2025-06-24,2025-06-24_23,63.0,37,100,0,21.849654852173767,12.97870890434768,0.039857396521739134,0.0,8.046,True,True,True,False,2432.43,0.0,52.251600499474755,110.41959843815035,0.0,-112.5543749628367,2482.5468239747884
2025-06-24T20:45:00Z,2025-06-24T21:00:00Z,2025-06-24,2025-06-24_23,63.0,37,100,0,12.97870890434768,9.999999999999856,0.034359232512077294,0.0,13.7935,True,True,True,False,2432.43,0.0,52.251600499474755,110.41959843815035,0.0,-335.05139545715815,2260.049803480467
2025-06-24T21:00:00Z,2025-06-24T21:15:00Z,2025-06-25,2025-06-24_24,-46.8810516292197,100,53,0,9.999999999999856,21.140275080034908,0.03160117624537662,0.2045,0.6129450000000001,True,True,True,False,-1690.7651270078084,0.0,139.9588298167135,56.77447448636237,28.08727880923162,-29.04458117255849,-1494.9891250680594
2025-06-24T21:15:00Z,2025-06-24T21:30:00Z,2025-06-25,2025-06-24_24,-46.8810516292197,100,53,0,21.140275080034908,30.285315966628893,0.030610537044884374,1.6235,0.0,True,True,True,False,-1690.7651270078084,0.0,139.9588298167135,56.77447448636237,224.646293396936,0.0,-1269.3855293077966
2025-06-24T21:30:00Z,2025-06-24T21:45:00Z,2025-06-25,2025-06-24_24,-46.8810516292197,100,53,0,30.285315966628893,39.43318701223591,0.03093114602922922,1.7209999999999999,0.109975,True,True,True,False,-1690.7651270078084,0.0,139.9588298167135,56.77447448636237,238.2901328134278,-5.862597853410396,-1261.604287744715
2025-06-24T21:45:00Z,2025-06-24T22:00:00Z,2025-06-25,2025-06-24_24,-46.8810516292197,100,53,0,39.43318701223591,51.84782608695644,0.03448510854089036,0.0,1.7739099999999999,True,True,True,False,-1690.7651270078084,0.0,139.9588298167135,56.77447448636237,0.0,-86.63690486718657,-1580.6687275719191
2025-06-24T22:00:00Z,2025-06-24T22:15:00Z,2025-06-25,2025-06-25_1,0.36315992532911884,22,23,77,51.84782608695644,52.43071791112263,0.0021086908674796062,0.00198,0.7410599999999999,True,True,True,False,12.075067517193201,720.1318237599461,30.915046910256912,24.637979494081783,0.25123527968013937,-32.726360749772375,755.2847922113857
2025-06-24T22:15:00Z,2025-06-24T22:30:00Z,2025-06-25,2025-06-25_1,0.36315992532911884,22,23,77,52.43071791112263,52.395645814203725,0.0005185683250083785,0.012539999999999999,0.08372,True,True,True,False,12.075067517193201,720.1318237599461,30.915046910256912,24.637979494081783,1.6992938561418787,-5.311369668659197,784.1478418689607
2025-06-24T22:30:00Z,2025-06-24T22:45:00Z,2025-06-25,2025-06-25_1,0.36315992532911884,22,23,77,52.395645814203725,52.72428276396859,0.001445651951366446,0.00484,0.468855,True,True,True,False,12.075067517193201,720.1318237599461,30.915046910256912,24.637979494081783,0.6534201179684097,-22.122639478840902,766.2906983206055
2025-06-24T22:45:00Z,2025-06-24T23:00:00Z,2025-06-25,2025-06-25_1,0.36315992532911884,22,23,77,52.72428276396859,52.93478260869569,0.0011010185374076067,0.0,0.33511,True,True,True,False,12.075067517193201,720.1318237599461,30.915046910256912,24.637979494081783,0.0,-17.88867351648787,769.8712441649901
2025-06-24T23:00:00Z,2025-06-24T23:15:00Z,2025-06-25,2025-06-25_2,6.110667527536862e-13,21,21,79,52.93478260869569,52.98064697391292,0.0002364589855076961,0.01806,0.07119,True,True,True,False,1.7723991163620666e-11,738.8365464550096,29.509817505245234,22.395787973556075,2.458443505799454,-4.651868150508689,788.5487272891194
2025-06-24T23:15:00Z,2025-06-24T23:30:00Z,2025-06-25,2025-06-25_2,6.110667527536862e-13,21,21,79,52.98064697391292,53.263794539130146,0.0008664123188409885,0.01323,0.3234,True,True,True,False,1.7723991163620666e-11,738.8365464550096,29.509817505245234,22.395787973556075,1.734446662839951,-14.54231004314952,777.9342885535191
2025-06-24T23:30:00Z,2025-06-24T23:45:00Z,2025-06-25,2025-06-25_2,6.110667527536862e-13,21,21,79,53.263794539130146,54.28398713912999,0.0028338683333336144,0.0,1.108905,True,True,True,False,1.7723991163620666e-11,738.8365464550096,29.509817505245234,22.395787973556075,0.0,-46.71439550294921,744.0277564308794
2025-06-24T23:45:00Z,2025-06-25T00:00:00Z,2025-06-25,2025-06-25_2,6.110667527536862e-13,21,21,79,54.28398713912999,57.35702633912984,0.00853621999999992,0.0,3.3402600000000002,True,True,True,False,1.7723991163620666e-11,738.8365464550096,29.509817505245234,22.395787973556075,0.0,-86.49291273504613,704.2492391987826
2025-06-25T00:00:00Z,2025-06-25T00:15:00Z,2025-06-25,2025-06-25_3,0.0,21,21,79,57.35702633912984,58.04263233043419,0.001917142246376812,0.0021000000000000003,0.7477050000000001,True,True,True,False,0.0,738.8365464550096,29.509817505245234,22.49554649459641,0.23790328965599147,-28.704549161751324,762.3752645827559
2025-06-25T00:15:00Z,2025-06-25T00:30:00Z,2025-06-25,2025-06-25_3,0.0,21,21,79,58.04263233043419,58.658167530434184,0.0017098200000000001,0.0,0.66906,True,True,True,False,0.0,738.8365464550096,29.509817505245234,22.49554649459641,0.0,-32.20220397054748,758.6397064843038
2025-06-25T00:30:00Z,2025-06-25T00:45:00Z,2025-06-25,2025-06-25_3,0.0,21,21,79,58.658167530434184,58.87223386086897,0.0006085779710144927,0.00231,0.23540999999999998,True,True,True,False,0.0,738.8365464550096,29.509817505245234,22.49554649459641,0.30102150350342427,-14.451887090772335,776.6910448675824
2025-06-25T00:45:00Z,2025-06-25T01:00:00Z,2025-06-25,2025-06-25_3,0.0,21,21,79,58.87223386086897,59.81303915652114,0.0026196886231884056,0.0010500000000000002,1.023855,True,True,True,False,0.0,738.8365464550096,29.509817505245234,22.49554649459641,0.14217667550769963,-24.91160281263608,766.0724843177229
2025-06-25T01:00:00Z,2025-06-25T01:15:00Z,2025-06-25,2025-06-25_4,0.0,21,21,79,59.81303915652114,62.01039935652114,0.006103778333333333,0.0,2.388435,True,True,True,False,0.0,738.8365464550096,29.509817505245234,22.49554649459641,0.0,-55.12187643600807,735.7200340188432
2025-06-25T01:15:00Z,2025-06-25T01:30:00Z,2025-06-25,2025-06-25_4,0.0,21,21,79,62.01039935652114,65.02084175652114,0.008362340000000001,0.0,3.2722200000000004,True,True,True,False,0.0,738.8365464550096,29.509817505245234,22.49554649459641,0.0,-56.499908847630735,734.3420016072205
2025-06-25T01:30:00Z,2025-06-25T01:45:00Z,2025-06-25,2025-06-25_4,0.0,21,21,79,65.02084175652114,65.81595635652114,0.0022086516666666666,0.0,0.864255,True,True,True,False,0.0,738.8365464550096,29.509817505245234,22.49554649459641,0.0,-40.86590815981157,749.9760022950397
2025-06-25T01:45:00Z,2025-06-25T02:00:00Z,2025-06-25,2025-06-25_4,0.0,21,21,79,65.81595635652114,66.31441235652115,0.0013846,0.0,0.5418,True,True,True,False,0.0,738.8365464550096,29.509817505245234,22.49554649459641,0.0,-27.853873441273105,762.9880370135782
2025-06-25T02:00:00Z,2025-06-25T02:15:00Z,2025-06-25,2025-06-25_5,16.0,5,21,79,66.31441235652115,62.44588674782549,0.011302887801932365,0.0,0.45769499999999996,True,True,True,False,480.0,738.8365464550096,7.026147025058389,22.49554649459641,0.0,-26.43455421994378,1221.9236857547207
2025-06-25T02:15:00Z,2025-06-25T02:30:00Z,2025-06-25,2025-06-25_5,16.0,5,21,79,62.44588674782549,60.304118356521144,0.008512962198067632,0.0,2.1066149999999997,True,True,True,False,480.0,738.8365464550096,7.026147025058389,22.49554649459641,0.0,-78.85566730137364,1169.5025726732908
2025-06-25T02:30:00Z,2025-06-25T02:45:00Z,2025-06-25,2025-06-25_5,16.0,5,21,79,60.304118356521144,56.9195113999994,0.010521019323671497,0.0,0.9198,True,True,True,False,480.0,738.8365464550096,7.026147025058389,22.49554649459641,0.0,-40.45212018526583,1207.9061197893986
2025-06-25T02:45:00Z,2025-06-25T03:00:00Z,2025-06-25,2025-06-25_5,16.0,5,21,79,56.9195113999994,53.12311726956462,0.011186344806763284,0.0,0.526575,True,True,True,False,480.0,738.8365464550096,7.026147025058389,22.49554649459641,0.0,-28.71429463402082,1219.6439453406435
2025-06-25T03:00:00Z,2025-06-25T03:15:00Z,2025-06-25,2025-06-25_6,2.5018809085507825,18,21,79,53.12311726956462,54.28360197239351,0.005591895015251886,0.0,1.95804,True,True,True,False,72.88604556835567,738.8365464550096,25.2941292902102,22.49554649459641,0.0,-69.95103907208741,789.5612287360844
2025-06-25T03:15:00Z,2025-06-25T03:30:00Z,2025-06-25,2025-06-25_6,2.5018809085507825,18,21,79,54.28360197239351,54.103995171550295,0.002895174680692021,0.0,0.532245,True,True,True,False,72.88604556835567,738.8365464550096,25.2941292902102,22.49554649459641,0.0,-29.983633652666168,829.5286341555058
2025-06-25T03:30:00Z,2025-06-25T03:45:00Z,2025-06-25,2025-06-25_6,2.5018809085507825,18,21,79,54.103995171550295,53.428648054407546,0.0020433105316660493,0.02799,0.037169999999999995,True,True,True,False,72.88604556835567,738.8365464550096,25.2941292902102,22.49554649459641,3.830101472625787,-2.506433090534816,860.8359361902628
2025-06-25T03:45:00Z,2025-06-25T04:00:00Z,2025-06-25,2025-06-25_6,2.5018809085507825,18,21,79,53.428648054407546,52.93478260869511,0.0023513444196702196,0.01701,0.21756000000000003,True,True,True,False,72.88604556835567,738.8365464550096,25.2941292902102,22.49554649459641,2.310958762519298,-10.872832508610113,850.950394062081
2025-06-25T04:00:00Z,2025-06-25T04:15:00Z,2025-06-25,2025-06-25_7,0.0,21,21,79,52.93478260869511,53.63720247826033,0.0020684670289855076,0.019425,0.7864500000000001,True,True,True,False,0.0,738.8365464550096,32.00378053125371,22.395787973556075,2.6882835843790827,-32.75842423102807,763.1659743131704
2025-06-25T04:15:00Z,2025-06-25T04:30:00Z,2025-06-25,2025-06-25_7,0.0,21,21,79,53.63720247826033,53.62519741739076,0.00012833739130434783,0.026775,0.018584999999999997,True,True,True,False,0.0,738.8365464550096,32.00378053125371,22.395787973556075,3.6144607101856616,-1.350482287914176,795.5000933820909
2025-06-25T04:30:00Z,2025-06-25T04:45:00Z,2025-06-25,2025-06-25_7,0.0,21,21,79,53.62519741739076,53.620241234782064,9.212050724637682e-05,0.017535000000000002,0.01533,True,True,True,False,0.0,738.8365464550096,32.00378053125371,22.395787973556075,2.334703929971102,-1.1179199655595584,794.4528989242309
2025-06-25T04:45:00Z,2025-06-25T05:00:00Z,2025-06-25,2025-06-25_7,0.0,21,21,79,53.620241234782064,53.5571601565212,0.00030348855072463764,0.079275,0.025095,True,True,True,False,0.0,738.8365464550096,32.00378053125371,22.395787973556075,10.914740543723527,-1.7613638187324334,802.3894916848105
2025-06-25T05:00:00Z,2025-06-25T05:15:00Z,2025-06-25,2025-06-25_8,0.7770021598602845,20,21,79,53.5571601565212,53.103283141550286,0.0013155513401794962,0.23279999999999998,0.01113,True,True,True,False,21.73469291669181,738.8365464550096,28.205534222714856,22.395787973556075,32.197656466489846,-0.7581648846047266,842.6120531498575
2025-06-25T05:15:00Z,2025-06-25T05:30:00Z,2025-06-25,2025-06-25_8,0.7770021598602845,20,21,79,53.103283141550286,53.001218541661984,0.0009925760217379957,0.022400000000000003,0.14406000000000002,True,True,True,False,21.73469291669181,738.8365464550096,28.205534222714856,22.395787973556075,3.059061794861645,-9.035015941570009,805.196607421264
2025-06-25T05:30:00Z,2025-06-25T05:45:00Z,2025-06-25,2025-06-25_8,0.7770021598602845,20,21,79,53.001218541661984,52.934782608695876,0.0009535574561068956,0.0,0.15624,True,True,True,False,21.73469291669181,738.8365464550096,28.205534222714856,22.395787973556075,0.0,-10.05190800047504,801.1206535674974
2025-06-25T05:45:00Z,2025-06-25T06:00:00Z,2025-06-25,2025-06-25_8,0.7770021598602845,20,21,79,52.934782608695876,53.348194305222464,0.003268808774551156,0.1901,0.8974350000000001,True,True,True,False,21.73469291669181,738.8365464550096,28.205534222714856,22.395787973556075,26.32713043822493,-18.71056586338625,818.789126142811
2025-06-25T06:00:00Z,2025-06-25T06:15:00Z,2025-06-25,2025-06-25_9,0.38033876080446105,0,0,79,53.348194305222464,53.244841381090815,0.00028709145592124174,0.0,0.0,True,False,True,False,9.39721993257622,738.8365464550096,0.0,0.0,0.0,0.0,748.2337663875859
2025-06-25T06:15:00Z,2025-06-25T06:30:00Z,2025-06-25,2025-06-25_9,0.38033876080446105,0,0,79,53.244841381090815,53.141488456959166,0.00028709145592124174,0.0,0.0,True,False,True,False,9.39721993257622,738.8365464550096,0.0,0.0,0.0,0.0,748.2337663875859
2025-06-25T06:30:00Z,2025-06-25T06:45:00Z,2025-06-25,2025-06-25_9,0.38033876080446105,0,0,79,53.141488456959166,53.03813553282752,0.00028709145592124174,0.0,0.0,True,False,True,False,9.39721993257622,738.8365464550096,0.0,0.0,0.0,0.0,748.2337663875859
2025-06-25T06:45:00Z,2025-06-25T07:00:00Z,2025-06-25,2025-06-25_9,0.38033876080446105,0,0,79,53.03813553282752,52.93478260869587,0.00028709145592124174,0.0,0.0,True,False,True,False,9.39721993257622,738.8365464550096,0.0,0.0,0.0,0.0,748.2337663875859
2025-06-25T07:00:00Z,2025-06-25T07:15:00Z,2025-06-25,2025-06-25_10,9.476194068037826,39,49,51,52.93478260869587,52.43106104229307,0.010366475493864543,0.0,2.17511,True,True,True,False,173.17744659339124,476.97042872412015,54.28288666323582,53.65345789952892,0.0,-45.97256561893829,712.1116542613379
2025-06-25T07:15:00Z,2025-06-25T07:30:00Z,2025-06-25,2025-06-25_10,9.476194068037826,39,49,51,52.43106104229307,45.625780045543664,0.01890355832430391,3.8918099999999995,0.0,True,True,True,False,173.17744659339124,476.97042872412015,54.28288666323582,53.65345789952892,475.10016629785036,0.0,1233.1843861781265
2025-06-25T07:30:00Z,2025-06-25T07:45:00Z,2025-06-25,2025-06-25_10,9.476194068037826,39,49,51,45.625780045543664,40.43412404879426,0.014421266657637247,2.4072750000000003,0.0,True,True,True,False,173.17744659339124,476.97042872412015,54.28288666323582,53.65345789952892,273.3626053600412,0.0,1031.4468252403174
2025-06-25T07:45:00Z,2025-06-25T08:00:00Z,2025-06-25,2025-06-25_10,9.476194068037826,39,49,51,40.43412404879426,37.71739130434801,0.008845407769967993,0.40638,0.31507,True,True,True,False,173.17744659339124,476.97042872412015,54.28288666323582,53.65345789952892,44.004659059419666,-12.19326263212066,789.8956163075751
2025-06-25T08:00:00Z,2025-06-25T08:15:00Z,2025-06-25,2025-06-25_11,-31.458497240075666,0,0,51,37.71739130434801,44.95284566956542,0.020098484347826122,0.0,0.0,True,False,True,False,-188.8296296835542,476.97042872412015,0.0,0.0,0.0,0.0,288.140799040566
2025-06-25T08:15:00Z,2025-06-25T08:30:00Z,2025-06-25,2025-06-25_11,-31.458497240075666,0,0,51,44.95284566956542,52.18830003478283,0.020098484347826122,0.0,0.0,True,False,True,False,-188.8296296835542,476.97042872412015,0.0,0.0,0.0,0.0,288.140799040566
2025-06-25T08:30:00Z,2025-06-25T08:45:00Z,2025-06-25,2025-06-25_11,-31.458497240075666,0,0,51,52.18830003478283,59.423754400000234,0.020098484347826122,0.0,0.0,True,False,True,False,-188.8296296835542,476.97042872412015,0.0,0.0,0.0,0.0,288.140799040566
2025-06-25T08:45:00Z,2025-06-25T09:00:00Z,2025-06-25,2025-06-25_11,-31.458497240075666,0,0,51,59.423754400000234,66.65920876521764,0.020098484347826122,0.0,0.0,True,False,True,False,-188.8296296835542,476.97042872412015,0.0,0.0,0.0,0.0,288.140799040566
2025-06-25T09:00:00Z,2025-06-25T09:15:00Z,2025-06-25,2025-06-25_12,-49.000000000000014,0,0,51,66.65920876521764,77.92920876521765,0.031305555555555566,0.0,0.0,True,False,True,False,-166.84500000000003,476.97042872412015,0.0,0.0,0.0,0.0,310.1254287241201
2025-06-25T09:15:00Z,2025-06-25T09:30:00Z,2025-06-25,2025-06-25_12,-49.000000000000014,0,0,51,77.92920876521765,89.19920876521766,0.031305555555555566,0.0,0.0,True,False,True,False,-166.84500000000003,476.97042872412015,0.0,0.0,0.0,0.0,310.1254287241201
2025-06-25T09:30:00Z,2025-06-25T09:45:00Z,2025-06-25,2025-06-25_12,-49.000000000000014,0,0,51,89.19920876521766,100.46920876521767,0.031305555555555566,0.0,0.0,True,False,True,False,-166.84500000000003,476.97042872412015,0.0,0.0,0.0,0.0,310.1254287241201
2025-06-25T09:45:00Z,2025-06-25T10:00:00Z,2025-06-25,2025-06-25_12,-49.000000000000014,0,0,51,100.46920876521767,111.73920876521768,0.031305555555555566,0.0,0.0,True,False,True,False,-166.84500000000003,476.97042872412015,0.0,0.0,0.0,0.0,310.1254287241201
2025-06-25T10:00:00Z,2025-06-25T10:15:00Z,2025-06-25,2025-06-25_13,0.0,100,100,0,111.73920876521768,125.36532876521768,0.03785033333333333,0.0,14.811,True,True,True,False,0.0,0.0,139.18688888009186,109.49685285618148,0.0,11464.775823403666,11713.45956513994
2025-06-25T10:15:00Z,2025-06-25T10:30:00Z,2025-06-25,2025-06-25_13,0.0,100,100,0,125.36532876521768,132.65938702608724,0.020366949275362322,0.0175,7.949000000000001,True,True,True,False,0.0,0.0,139.18688888009186,109.49685285618148,1.8267586398004831,5281.61661790903,5532.127118285103
2025-06-25T10:30:00Z,2025-06-25T10:45:00Z,2025-06-25,2025-06-25_13,0.0,100,100,0,132.65938702608724,123.4333000695655,0.025628019323671498,8.488,0.0,True,True,True,False,0.0,0.0,139.18688888009186,109.49685285618148,907.4072190332924,0.0,1156.0909607695658
2025-06-25T10:45:00Z,2025-06-25T11:00:00Z,2025-06-25,2025-06-25_13,0.0,100,100,0,123.4333000695655,117.20503920000029,0.01730072463768116,5.73,0.0,True,True,True,False,0.0,0.0,139.18688888009186,109.49685285618148,598.1329717746725,0.0,846.8167135109458
2025-06-25T11:00:00Z,2025-06-25T11:15:00Z,2025-06-25,2025-06-25_14,-49.0,49,0,51,117.20503920000029,127.11655340000029,0.027531983888888893,1.476615,0.0,True,True,True,False,-159.005,476.97042872412015,68.201575551245,0.0,150.66897562448042,0.0,536.8359798998456
2025-06-25T11:15:00Z,2025-06-25T11:30:00Z,2025-06-25,2025-06-25_14,-49.0,49,0,51,127.11655340000029,138.1891030000003,0.030757082222222232,0.21462,0.0,True,True,True,False,-159.005,476.97042872412015,68.201575551245,0.0,21.899124381457582,0.0,408.06612865682274
2025-06-25T11:30:00Z,2025-06-25T11:45:00Z,2025-06-25,2025-06-25_14,-49.0,49,0,51,138.1891030000003,147.7611648000003,0.026589060555555558,1.8455850000000003,0.0,True,True,True,False,-159.005,476.97042872412015,68.201575551245,0.0,188.31747028027397,0.0,574.4844745556392
2025-06-25T11:45:00Z,2025-06-25T12:00:00Z,2025-06-25,2025-06-25_14,-49.0,49,0,51,147.7611648000003,158.9486684000003,0.03107639888888889,0.08967,0.0,True,True,True,False,-159.005,476.97042872412015,68.201575551245,0.0,9.149634159376113,0.0,395.31663843474126
2025-06-25T12:00:00Z,2025-06-25T12:15:00Z,2025-06-25,2025-06-25_15,0.0,49,49,51,158.9486684000003,160.25170580000028,0.0036195483333333334,0.0,1.416345,True,True,True,False,0.0,476.97042872412015,68.201575551245,53.65345789952892,0.0,22.95161813665334,621.7770803115474
2025-06-25T12:15:00Z,2025-06-25T12:30:00Z,2025-06-25,2025-06-25_15,0.0,49,49,51,160.25170580000028,160.57403206086985,0.0009767214975845411,0.013475,0.366275,True,True,True,False,0.0,476.97042872412015,68.201575551245,53.65345789952892,1.360249000435454,-17.87723882170144,582.3084723536281
2025-06-25T12:30:00Z,2025-06-25T12:45:00Z,2025-06-25,2025-06-25_15,0.0,49,49,51,160.57403206086985,159.81547456521767,0.0021108608212560384,0.698495,0.000735,True,True,True,False,0.0,476.97042872412015,68.201575551245,53.65345789952892,73.6231869136218,-0.056737658841692726,672.3919114296742
2025-06-25T12:45:00Z,2025-06-25T13:00:00Z,2025-06-25,2025-06-25_15,0.0,49,49,51,159.81547456521767,158.32923000000028,0.004128457125603864,1.367345,0.0,True,True,True,False,0.0,476.97042872412015,68.201575551245,53.65345789952892,146.43111467479514,0.0,745.2565768496892
2025-06-25T13:00:00Z,2025-06-25T13:15:00Z,2025-06-25,2025-06-25_16,0.0,50,50,50,158.32923000000028,161.2424100000003,0.008092166666666668,0.0,3.1665,True,True,True,False,0.0,467.6180673765884,69.59344444004593,54.74842642809074,0.0,18.83779818692847,610.7977364316536
2025-06-25T13:15:00Z,2025-06-25T13:30:00Z,2025-06-25,2025-06-25_16,0.0,50,50,50,161.2424100000003,165.3596400000003,0.01143675,0.0,4.47525,True,True,True,False,0.0,467.6180673765884,69.59344444004593,54.74842642809074,0.0,178.2056915799058,770.1656298246309
2025-06-25T13:30:00Z,2025-06-25T13:45:00Z,2025-06-25,2025-06-25_16,0.0,50,50,50,165.3596400000003,166.99266304347856,0.004576935990338165,0.00675,1.783,True,True,True,False,0.0,467.6180673765884,69.59344444004593,54.74842642809074,0.6813863267487431,-60.63054055658921,532.0107840148846
2025-06-25T13:45:00Z,2025-06-25T14:00:00Z,2025-06-25,2025-06-25_16,0.0,50,50,50,166.99266304347856,166.05071217391333,0.0026446413043478257,0.87125,0.0055,True,True,True,False,0.0,467.6180673765884,69.59344444004593,54.74842642809074,89.2888979058628,-0.37755809350382014,680.871278057084
2025-06-25T14:00:00Z,2025-06-25T14:15:00Z,2025-06-25,2025-06-25_17,0.0,49,49,51,166.05071217391333,166.21986613913072,0.0008900412077294687,0.06957999999999999,0.26607000000000003,True,True,True,False,0.0,476.97042872412015,68.85624084557222,52.22774236966074,7.023831202248524,-14.377638735600332,590.7006044060013
2025-06-25T14:15:00Z,2025-06-25T14:30:00Z,2025-06-25,2025-06-25_17,0.0,49,49,51,166.21986613913072,166.42533847826115,0.0007616079468599034,0.031605,0.26068,True,True,True,False,0.0,476.97042872412015,68.85624084557222,52.22774236966074,3.1904022010213375,-14.35334357309687,586.8914705672776
2025-06-25T14:30:00Z,2025-06-25T14:45:00Z,2025-06-25,2025-06-25_17,0.0,49,49,51,166.42533847826115,165.91206433043504,0.0017550959661835745,0.5267499999999999,0.06443499999999999,True,True,True,False,0.0,476.97042872412015,68.85624084557222,52.22774236966074,71.63495556391275,-4.205862558885237,665.4835049443806
2025-06-25T14:45:00Z,2025-06-25T15:00:00Z,2025-06-25,2025-06-25_17,0.0,49,49,51,165.91206433043504,160.72525454782635,0.014407804951690821,4.771865,0.0,True,True,True,False,0.0,476.97042872412015,68.85624084557222,52.22774236966074,770.0599268902656,0.0,1368.1143388296186
2025-06-25T15:00:00Z,2025-06-25T15:15:00Z,2025-06-25,2025-06-25_18,0.0,55,55,45,160.72525454782635,165.4899480695655,0.014811195772946859,0.260975,5.48735,True,True,True,False,0.0,420.85626063892954,77.28761727564229,58.91690748584775,37.83755247713868,-210.95918421677686,383.9391536607814
2025-06-25T15:15:00Z,2025-06-25T15:30:00Z,2025-06-25,2025-06-25_18,0.0,55,55,45,165.4899480695655,168.24270524347853,0.007688063405797102,0.006875,3.00025,True,True,True,False,0.0,420.85626063892954,77.28761727564229,58.91690748584775,0.7865385376667591,-109.69779120977,448.14953272831633
2025-06-25T15:30:00Z,2025-06-25T15:45:00Z,2025-06-25,2025-06-25_18,0.0,55,55,45,168.24270524347853,168.29566833043506,0.005305030314009662,0.85415,1.066725,True,True,True,False,0.0,420.85626063892954,77.28761727564229,58.91690748584775,124.23518933335973,-46.84430716816436,634.4516675656149
2025-06-25T15:45:00Z,2025-06-25T16:00:00Z,2025-06-25,2025-06-25_18,0.0,55,55,45,168.29566833043506,158.97884767826116,0.025880057367149763,8.571475000000001,0.0,True,True,True,False,0.0,420.85626063892954,77.28761727564229,58.91690748584775,1648.335258689284,0.0,2205.3960440897035
2025-06-25T16:00:00Z,2025-06-25T16:15:00Z,2025-06-25,2025-06-25_19,-9.947280028065705,36,26,64,158.97884767826116,160.2795974099013,0.008318730259148647,1.0767600000000002,0.14521,True,True,True,False,-340.56999996089957,598.5511262420331,50.374490321048256,27.596888484224692,173.01390421598515,-9.792290758481455,499.1741185439102
2025-06-25T16:15:00Z,2025-06-25T16:30:00Z,2025-06-25,2025-06-25_19,-9.947280028065705,36,26,64,160.2795974099013,157.63327812377833,0.013366217137002409,4.74066,0.0,True,True,True,False,-340.56999996089957,598.5511262420331,50.374490321048256,27.596888484224692,1070.6035852895768,0.0,1406.5560903759833
2025-06-25T16:30:00Z,2025-06-25T16:45:00Z,2025-06-25,2025-06-25_19,-9.947280028065705,36,26,64,157.63327812377833,156.36378191722994,0.0114098851396328,3.41784,0.0,True,True,True,False,-340.56999996089957,598.5511262420331,50.374490321048256,27.596888484224692,705.3426756027077,0.0,1041.2951806891142
2025-06-25T16:45:00Z,2025-06-25T17:00:00Z,2025-06-25,2025-06-25_19,-9.947280028065705,36,26,64,156.36378191722994,152.7286380000014,0.014771240988154513,5.6907,0.0,True,True,True,False,-340.56999996089957,598.5511262420331,50.374490321048256,27.596888484224692,1285.1551941728355,0.0,1621.107699259242
2025-06-25T17:00:00Z,2025-06-25T17:15:00Z,2025-06-25,2025-06-25_20,0.0,19,19,81,152.7286380000014,152.27584239130576,0.001320887801932367,0.42702500000000004,0.01235,True,True,True,False,0.0,757.5412691500733,26.682435374688254,20.262855785598354,87.22849023197814,-0.9129935869522188,890.8020569553858
2025-06-25T17:15:00Z,2025-06-25T17:30:00Z,2025-06-25,2025-06-25_20,0.0,19,19,81,152.27584239130576,152.26396425217533,0.00012476483091787438,0.026125000000000002,0.017955,True,True,True,False,0.0,757.5412691500733,26.682435374688254,20.262855785598354,3.6193172281382373,-1.323855179921618,806.7820223585765
2025-06-25T17:30:00Z,2025-06-25T17:45:00Z,2025-06-25,2025-06-25_20,0.0,19,19,81,152.26396425217533,152.25538104347967,8.745002415458936e-05,0.018430000000000002,0.012445,True,True,True,False,0.0,757.5412691500733,26.682435374688254,20.262855785598354,2.5290963481255693,-0.9415949764459046,806.0740616820395
2025-06-25T17:45:00Z,2025-06-25T18:00:00Z,2025-06-25,2025-06-25_20,0.0,19,19,81,152.25538104347967,152.26213166087098,0.00011283384057971015,0.01558,0.025745,True,True,True,False,0.0,757.5412691500733,26.682435374688254,20.262855785598354,2.136099350777879,-1.8913876469656783,804.7312720141721
2025-06-25T18:00:00Z,2025-06-25T18:15:00Z,2025-06-25,2025-06-25_21,-3.552713678800501e-15,29,29,71,152.26213166087098,148.08282187826228,0.01160919384057971,3.844965,0.0,True,True,True,False,-1.8598456108520623e-13,664.0176556747556,40.72582241399786,30.927516725386962,1137.6962389097819,0.0,1873.367233723922
2025-06-25T18:15:00Z,2025-06-25T18:30:00Z,2025-06-25,2025-06-25_21,-3.552713678800501e-15,29,29,71,148.08282187826228,146.9745175304362,0.0030786231884057983,1.0196399999999999,0.0,True,True,True,False,-1.8598456108520623e-13,664.0176556747556,40.72582241399786,30.927516725386962,233.01968826253906,0.0,968.6906830766793
2025-06-25T18:30:00Z,2025-06-25T18:45:00Z,2025-06-25,2025-06-25_21,-3.552713678800501e-15,29,29,71,146.9745175304362,144.21699579130578,0.007659782608695652,2.53692,0.0,True,True,True,False,-1.8598456108520623e-13,664.0176556747556,40.72582241399786,30.927516725386962,688.6691838961243,0.0,1424.3401787102646
2025-06-25T18:45:00Z,2025-06-25T19:00:00Z,2025-06-25,2025-06-25_21,-3.552713678800501e-15,29,29,71,144.21699579130578,141.64340340000143,0.00714886775362319,2.3677050000000004,0.0,True,True,True,False,-1.8598456108520623e-13,664.0176556747556,40.72582241399786,30.927516725386962,557.0302280679704,0.0,1292.7012228821106
2025-06-25T19:00:00Z,2025-06-25T19:15:00Z,2025-06-25,2025-06-25_22,99.92046490039985,0,100,0,141.64340340000143,114.49110315532756,0.0754230562352052,0.0,0.0,True,True,True,False,6214.053712155866,0.0,0.0,106.14187878547959,0.0,0.0,6320.195590941346
2025-06-25T19:15:00Z,2025-06-25T19:30:00Z,2025-06-25,2025-06-25_22,99.92046490039985,0,100,0,114.49110315532756,87.3388029106537,0.0754230562352052,0.0,0.0,True,True,True,False,6214.053712155866,0.0,0.0,106.14187878547959,0.0,0.0,6320.195590941346
2025-06-25T19:30:00Z,2025-06-25T19:45:00Z,2025-06-25,2025-06-25_22,99.92046490039985,0,100,0,87.3388029106537,62.27646470396823,0.06962542336950457,0.0,1.923,True,True,True,False,6214.053712155866,0.0,0.0,106.14187878547959,0.0,-100.70609635406358,6219.489494587282
2025-06-25T19:45:00Z,2025-06-25T20:00:00Z,2025-06-25,2025-06-25_22,99.92046490039985,0,100,0,62.27646470396823,43.224261739131876,0.05295308340729734,0.0,7.453,True,True,True,False,6214.053712155866,0.0,0.0,106.14187878547959,0.0,-300.74585408336964,6019.449736857976
2025-06-25T20:00:00Z,2025-06-25T20:15:00Z,2025-06-25,2025-06-25_23,0.0,100,100,0,43.224261739131876,22.4043478260884,0.05835953864734299,19.2415,0.103,True,True,True,False,0.0,0.0,139.9291397806896,107.12164997426864,17338.102728217407,-6.873346858794188,17578.280171113573
2025-06-25T20:15:00Z,2025-06-25T20:30:00Z,2025-06-25,2025-06-25_23,0.0,100,100,0,22.4043478260884,10.000000000001444,0.034456521739130434,11.412,0.0,True,True,True,False,0.0,0.0,139.9291397806896,107.12164997426864,2882.7057147381342,0.0,3129.7565044930925
2025-06-25T20:30:00Z,2025-06-25T20:45:00Z,2025-06-25,2025-06-25_23,0.0,100,100,0,10.000000000001444,10.062393913044923,0.004189016908212561,0.665,0.8535000000000001,True,True,True,False,0.0,0.0,139.9291397806896,107.12164997426864,92.06384149479435,-49.017206761410876,290.09742448834174
2025-06-25T20:45:00Z,2025-06-25T21:00:00Z,2025-06-25,2025-06-25_23,0.0,100,100,0,10.062393913044923,14.981173913044923,0.013663277777777778,0.0,5.3465,True,True,True,False,0.0,0.0,139.9291397806896,107.12164997426864,0.0,-259.5013440679308,-12.450554312972557
2025-06-25T21:00:00Z,2025-06-25T21:15:00Z,2025-06-26,2025-06-25_24,-47.72174182136095,100,52,0,14.981173913044923,17.106740880733796,0.033669285096305464,8.795,0.009359999999999999,True,True,True,False,-1590.3270461968539,0.0,136.2044402231984,55.114567256321976,3279.253461751553,-0.6730743440579364,1879.5723486901616
2025-06-25T21:15:00Z,2025-06-25T21:30:00Z,2025-06-26,2025-06-25_24,-47.72174182136095,100,52,0,17.106740880733796,26.363700658649364,0.031123124708527423,1.7135,0.00754,True,True,True,False,-1590.3270461968539,0.0,136.2044402231984,55.114567256321976,237.16131109264316,-0.5818591950611421,-1162.4285868197514
2025-06-25T21:30:00Z,2025-06-25T21:45:00Z,2025-06-26,2025-06-25_24,-47.72174182136095,100,52,0,26.363700658649364,36.14843891222683,0.030922333015419072,1.1855,0.00312,True,True,True,False,-1590.3270461968539,0.0,136.2044402231984,55.114567256321976,163.89611391428232,-0.23032548973049985,-1235.3422502927817
2025-06-25T21:45:00Z,2025-06-25T22:00:00Z,2025-06-26,2025-06-25_24,-47.72174182136095,100,52,0,36.14843891222683,47.05495406633994,0.030722056880635208,0.135,0.07228000000000001,True,True,True,False,-1590.3270461968539,0.0,136.2044402231984,55.114567256321976,18.58968004274012,-5.3435826823380435,-1385.7619413569314
2025-06-25T22:00:00Z,2025-06-25T22:15:00Z,2025-06-26,2025-06-26_1,-41.79008964424879,100,58,0,47.05495406633994,41.39388835512299,0.03707148736880456,15.02,0.0058000000000000005,True,True,True,False,-1253.1803132069106,0.0,136.11539831413987,61.4739404012822,14362.514642447268,-0.42095848668328795,13306.502709469096
2025-06-25T22:15:00Z,2025-06-25T22:30:00Z,2025-06-26,2025-06-26_1,-41.79008964424879,100,58,0,41.39388835512299,38.61629273015633,0.03509826747491447,12.18,0.0,True,True,True,False,-1253.1803132069106,0.0,136.11539831413987,61.4739404012822,4439.380802564407,0.0,3383.789828072918
2025-06-25T22:30:00Z,2025-06-25T22:45:00Z,2025-06-26,2025-06-26_1,-41.79008964424879,100,58,0,38.61629273015633,43.571872912117406,0.029857588042200393,4.578,0.00058,True,True,True,False,-1253.1803132069106,0.0,136.11539831413987,61.4739404012822,633.9630487949662,-0.04475839962008786,-421.6726840961424
2025-06-25T22:45:00Z,2025-06-25T23:00:00Z,2025-06-26,2025-06-26_1,-41.79008964424879,100,58,0,43.571872912117406,52.93478260869556,0.027122366402498096,0.317,0.08004000000000001,True,True,True,False,-1253.1803132069106,0.0,136.11539831413987,61.4739404012822,43.82061775297796,-6.055184851003206,-1017.8255415895137
2025-06-25T23:00:00Z,2025-06-25T23:15:00Z,2025-06-26,2025-06-26_2,0.0,21,21,79,52.93478260869556,53.32946245217382,0.001237093768115942,0.02331,0.45654,True,True,True,False,0.0,738.6026356405082,28.58423364596937,22.2578060073608,3.2179404725157315,-24.35828527840437,768.3043304879498
2025-06-25T23:15:00Z,2025-06-25T23:30:00Z,2025-06-26,2025-06-26_2,0.0,21,21,79,53.32946245217382,53.934178452173825,0.0016797666666666668,0.0,0.6573,True,True,True,False,0.0,738.6026356405082,28.58423364596937,22.2578060073608,0.0,-40.45663421583759,748.9880410780008
2025-06-25T23:30:00Z,2025-06-25T23:45:00Z,2025-06-26,2025-06-26_2,0.0,21,21,79,53.934178452173825,54.363468852173824,0.0011924733333333335,0.0,0.46662,True,True,True,False,0.0,738.6026356405082,28.58423364596937,22.2578060073608,0.0,-27.418287617238516,762.0263876765998
2025-06-25T23:45:00Z,2025-06-26T00:00:00Z,2025-06-26,2025-06-26_2,0.0,21,21,79,54.363468852173824,57.13105885217382,0.007687750000000001,0.0,3.00825,True,True,True,False,0.0,738.6026356405082,28.58423364596937,22.2578060073608,0.0,-120.74071916181884,668.7039561320195
2025-06-26T00:00:00Z,2025-06-26T00:15:00Z,2025-06-26,2025-06-26_3,0.0,21,21,79,57.13105885217382,57.20100364347817,0.0011548889130434782,0.159075,0.26397,True,True,True,False,0.0,738.6026356405082,28.58423364596937,22.2578060073608,21.994767481894815,-11.268423732636828,800.1710190430964
2025-06-26T00:15:00Z,2025-06-26T00:30:00Z,2025-06-26,2025-06-26_3,0.0,21,21,79,57.20100364347817,57.1044231826086,0.0002725723913043478,0.08956499999999999,0.00084,True,True,True,False,0.0,738.6026356405082,28.58423364596937,22.2578060073608,12.358367903359845,-0.06482250979461,801.7382206874036
2025-06-26T00:30:00Z,2025-06-26T00:45:00Z,2025-06-26,2025-06-26_3,0.0,21,21,79,57.1044231826086,57.062330234782515,0.00018615485507246374,0.05019,0.013545000000000001,True,True,True,False,0.0,738.6026356405082,28.58423364596937,22.2578060073608,6.925580434524516,-1.0314038555146625,795.3388518728482
2025-06-26T00:45:00Z,2025-06-26T01:00:00Z,2025-06-26,2025-06-26_3,0.0,21,21,79,57.062330234782515,56.59998784347817,0.0012842844202898551,0.42535500000000004,0.0,True,True,True,False,0.0,738.6026356405082,28.58423364596937,22.2578060073608,58.873347002255734,0.0,848.3180222960941
2025-06-26T01:00:00Z,2025-06-26T01:15:00Z,2025-06-26,2025-06-26_4,0.0,21,21,79,56.59998784347817,56.497906295652086,0.00035493652173913045,0.105735,0.013965,True,True,True,False,0.0,738.6026356405082,28.58423364596937,22.2578060073608,14.615230731330879,-1.065623616882346,802.994282408287
2025-06-26T01:15:00Z,2025-06-26T01:30:00Z,2025-06-26,2025-06-26_4,0.0,21,21,79,56.497906295652086,56.67565139130426,0.0005146602898550725,0.003465,0.197295,True,True,True,False,0.0,738.6026356405082,28.58423364596937,22.2578060073608,0.4609256292294907,-11.706021652024221,778.1995792710436
2025-06-26T01:30:00Z,2025-06-26T01:45:00Z,2025-06-26,2025-06-26_4,0.0,21,21,79,56.67565139130426,57.90952319130426,0.003427421666666667,0.0,1.3411650000000002,True,True,True,False,0.0,738.6026356405082,28.58423364596937,22.2578060073608,0.0,-67.72063233408525,721.7240429597531
2025-06-26T01:45:00Z,2025-06-26T02:00:00Z,2025-06-26,2025-06-26_4,0.0,21,21,79,57.90952319130426,58.05279066956513,0.0004150847826086957,0.002835,0.159075,True,True,True,False,0.0,738.6026356405082,28.58423364596937,22.2578060073608,0.3849873679211683,-10.337797563219755,779.4918650985397
2025-06-26T02:00:00Z,2025-06-26T02:15:00Z,2025-06-26,2025-06-26_5,0.0,21,21,79,58.05279066956513,58.11184942608687,0.00018370789855072465,0.003255,0.06804,True,True,True,False,0.0,738.6026356405082,28.58423364596937,22.2578060073608,0.44104225929003915,-5.085538311765404,784.800179241363
2025-06-26T02:15:00Z,2025-06-26T02:30:00Z,2025-06-26,2025-06-26_5,0.0,21,21,79,58.11184942608687,58.139997278260786,0.0001187681884057971,0.00672,0.038535,True,True,True,False,0.0,738.6026356405082,28.58423364596937,22.2578060073608,0.9213106969013417,-2.918901581977918,787.4470844087618
2025-06-26T02:30:00Z,2025-06-26T02:45:00Z,2025-06-26,2025-06-26_5,0.0,21,21,79,58.139997278260786,58.15033749565209,0.00010544384057971015,0.012705,0.02625,True,True,True,False,0.0,738.6026356405082,28.58423364596937,22.2578060073608,1.7470694823697022,-2.0257034310815625,789.1660413451265
2025-06-26T02:45:00Z,2025-06-26T03:00:00Z,2025-06-26,2025-06-26_5,0.0,21,21,79,58.15033749565209,58.45807898260861,0.0008592758695652172,0.0007350000000000001,0.33536999999999995,True,True,True,False,0.0,738.6026356405082,28.58423364596937,22.2578060073608,0.10165914757212396,-19.143788650124655,770.4025457912859
2025-06-26T03:00:00Z,2025-06-26T03:15:00Z,2025-06-26,2025-06-26_6,0.0,21,21,79,58.45807898260861,59.58384679999992,0.003130937173913043,0.00063,1.224405,True,True,True,False,0.0,738.6026356405082,28.671494716846727,22.2578060073608,0.08518338477976968,-57.224665042146505,732.392454707349
2025-06-26T03:15:00Z,2025-06-26T03:30:00Z,2025-06-26,2025-06-26_6,0.0,21,21,79,59.58384679999992,60.40883910434775,0.0023290547101449278,0.006194999999999999,0.9040499999999999,True,True,True,False,0.0,738.6026356405082,28.671494716846727,22.2578060073608,0.8497562032529977,-41.99544621868692,748.3862463492818
2025-06-26T03:30:00Z,2025-06-26T03:45:00Z,2025-06-26,2025-06-26_6,0.0,21,21,79,60.40883910434775,62.77022610434775,0.006559408333333334,0.0,2.566725,True,True,True,False,0.0,738.6026356405082,28.671494716846727,22.2578060073608,0.0,-107.52027175590645,682.0116646088093
2025-06-26T03:45:00Z,2025-06-26T04:00:00Z,2025-06-26,2025-06-26_6,0.0,21,21,79,62.77022610434775,64.57142970434775,0.005003343333333334,0.0,1.9578300000000002,True,True,True,False,0.0,738.6026356405082,28.671494716846727,22.2578060073608,0.0,-95.3788391546955,694.1530972100202
2025-06-26T04:00:00Z,2025-06-26T04:15:00Z,2025-06-26,2025-06-26_7,10.676702689958823,10,21,79,64.57142970434775,64.40767946837141,0.007299609344720299,0.0,2.724225,True,True,True,False,318.3792742145721,738.6026356405082,13.653092722307965,22.170544936483438,0.0,-73.8324377745459,1018.9731097393258
2025-06-26T04:15:00Z,2025-06-26T04:30:00Z,2025-06-26,2025-06-26_7,10.676702689958823,10,21,79,64.40767946837141,61.529484339318955,0.008072812660977549,0.0074,0.030975,True,True,True,False,318.3792742145721,738.6026356405082,13.653092722307965,22.170544936483438,1.0175505164430727,-2.3824971209782735,1091.4406009093366
2025-06-26T04:30:00Z,2025-06-26T04:45:00Z,2025-06-26,2025-06-26_7,10.676702689958823,10,21,79,61.529484339318955,58.635241965253556,0.008082564418643154,0.009349999999999999,0.017115000000000002,True,True,True,False,318.3792742145721,738.6026356405082,13.653092722307965,22.170544936483438,1.289128151094226,-1.320758637065179,1092.7739170279008
2025-06-26T04:45:00Z,2025-06-26T05:00:00Z,2025-06-26,2025-06-26_7,10.676702689958823,10,21,79,58.635241965253556,55.73721800000009,0.008100191913753933,0.015449999999999998,0.01995,True,True,True,False,318.3792742145721,738.6026356405082,13.653092722307965,22.170544936483438,2.128595334203965,-1.5274828149115518,1093.4066600331641
2025-06-26T05:00:00Z,2025-06-26T05:15:00Z,2025-06-26,2025-06-26_8,0.0,21,21,79,55.73721800000009,55.28107809565226,0.0013497019565217392,0.433335,0.01617,True,True,True,False,0.0,738.6026356405082,28.671494716846727,22.170544936483438,64.16081241837826,-1.1954147156595039,852.4100729965571
2025-06-26T05:15:00Z,2025-06-26T05:30:00Z,2025-06-26,2025-06-26_8,0.0,21,21,79,55.28107809565226,54.054018878260955,0.00342728115942029,1.132005,0.0036750000000000003,True,True,True,False,0.0,738.6026356405082,28.671494716846727,22.170544936483438,173.9916189599905,-0.27817593197198154,963.1581183218568
2025-06-26T05:30:00Z,2025-06-26T05:45:00Z,2025-06-26,2025-06-26_8,0.0,21,21,79,54.054018878260955,54.04526206086965,0.00011770449275362319,0.023520000000000003,0.018269999999999998,True,True,True,False,0.0,738.6026356405082,28.671494716846727,22.170544936483438,3.2400850053425154,-1.4086857592306776,791.2760745399502
2025-06-26T05:45:00Z,2025-06-26T06:00:00Z,2025-06-26,2025-06-26_8,0.0,21,21,79,54.04526206086965,54.27037201739139,0.000732461231884058,0.017745,0.26565,True,True,True,False,0.0,738.6026356405082,28.671494716846727,22.170544936483438,2.4516210821560014,-13.39640706992758,778.4998893060667
2025-06-26T06:00:00Z,2025-06-26T06:15:00Z,2025-06-26,2025-06-26_9,0.0,21,21,79,54.27037201739139,54.14963260869574,0.0012085439130434781,0.255675,0.170835,True,True,True,False,0.0,738.6026356405082,28.58423364596937,22.12691440104476,32.60759293007242,-9.929611133206697,811.991765484388
2025-06-26T06:15:00Z,2025-06-26T06:30:00Z,2025-06-26,2025-06-26_9,0.0,21,21,79,54.14963260869574,53.37057826086965,0.0021640398550724633,0.71673,0.0,True,True,True,False,0.0,738.6026356405082,28.58423364596937,22.12691440104476,95.84593819304287,0.0,885.1597218805651
2025-06-26T06:30:00Z,2025-06-26T06:45:00Z,2025-06-26,2025-06-26_9,0.0,21,21,79,53.37057826086965,53.35953098260878,0.00014177688405797101,0.028560000000000002,0.021734999999999997,True,True,True,False,0.0,738.6026356405082,28.58423364596937,22.12691440104476,3.1081562388697614,-1.6496502879021726,790.77228963849
2025-06-26T06:45:00Z,2025-06-26T07:00:00Z,2025-06-26,2025-06-26_9,0.0,21,21,79,53.35953098260878,52.934782608695734,0.001202933260869565,0.39459,0.004515,True,True,True,False,0.0,738.6026356405082,28.58423364596937,22.12691440104476,50.70182461711979,-0.3490445743796747,839.6665637302624
2025-06-26T07:00:00Z,2025-06-26T07:15:00Z,2025-06-26,2025-06-26_10,-49.38514088163576,100,50,0,52.934782608695734,43.47600736494287,0.037067553089151516,20.724,0.0,True,True,True,False,-1198.824294901708,0.0,135.55146622343585,53.42514543511813,20653.722602398197,0.0,19643.87491915504
2025-06-26T07:15:00Z,2025-06-26T07:30:00Z,2025-06-26,2025-06-26_10,-49.38514088163576,100,50,0,43.47600736494287,30.03386830400651,0.03812301735505924,24.6895,0.0,True,True,True,False,-1198.824294901708,0.0,135.55146622343585,53.42514543511813,19319.96121670822,0.0,18310.113533465064
2025-06-26T07:30:00Z,2025-06-26T07:45:00Z,2025-06-26,2025-06-26_10,-49.38514088163576,100,50,0,30.03386830400651,26.62070524880969,0.03546565883007558,14.705500000000002,0.0,True,True,True,False,-1198.824294901708,0.0,135.55146622343585,53.42514543511813,2044.7884559143617,0.0,1034.9407726712077
2025-06-26T07:45:00Z,2025-06-26T08:00:00Z,2025-06-26,2025-06-26_10,-49.38514088163576,100,50,0,26.62070524880969,15.0831073043479,0.03761837475055513,22.7935,0.0,True,True,True,False,-1198.824294901708,0.0,135.55146622343585,53.42514543511813,16716.25263188096,0.0,15706.404948637808
2025-06-26T08:00:00Z,2025-06-26T08:15:00Z,2025-06-26,2025-06-26_11,-78.0,100,22,0,15.0831073043479,13.186258469565288,0.022276144541062796,20.734,0.0,True,True,True,False,-1718.145,0.0,135.55146622343585,24.44081681111243,6657.674353555741,0.0,5099.521636590289
2025-06-26T08:15:00Z,2025-06-26T08:30:00Z,2025-06-26,2025-06-26_11,-78.0,100,22,0,13.186258469565288,22.64675662608703,0.03805367845410628,8.863,0.0,True,True,True,False,-1718.145,0.0,135.55146622343585,24.44081681111243,1070.1592854881476,0.0,-487.9934314773041
2025-06-26T08:30:00Z,2025-06-26T08:45:00Z,2025-06-26,2025-06-26_11,-78.0,100,22,0,22.64675662608703,27.41257853913051,0.031531872463768124,13.77,0.0,True,True,True,False,-1718.145,0.0,135.55146622343585,24.44081681111243,1907.9861094621867,0.0,349.83339249673503
2025-06-26T08:45:00Z,2025-06-26T09:00:00Z,2025-06-26,2025-06-26_11,-78.0,100,22,0,27.41257853913051,37.7173913043479,0.03922659342995169,7.9805,0.0,True,True,True,False,-1718.145,0.0,135.55146622343585,24.44081681111243,994.3158523289407,0.0,-563.836864636511
2025-06-26T09:00:00Z,2025-06-26T09:15:00Z,2025-06-26,2025-06-26_12,-0.03941102853517163,0,0,51,37.7173913043479,37.72645584091099,2.51792682308041e-05,0.0,0.0,True,False,True,False,-0.7947233904117359,476.8194230084293,0.0,0.0,0.0,0.0,476.02469961801756
2025-06-26T09:15:00Z,2025-06-26T09:30:00Z,2025-06-26,2025-06-26_12,-0.03941102853517163,0,0,51,37.72645584091099,37.735520377474074,2.51792682308041e-05,0.0,0.0,True,False,True,False,-0.7947233904117359,476.8194230084293,0.0,0.0,0.0,0.0,476.02469961801756
2025-06-26T09:30:00Z,2025-06-26T09:45:00Z,2025-06-26,2025-06-26_12,-0.03941102853517163,0,0,51,37.735520377474074,37.74458491403716,2.51792682308041e-05,0.0,0.0,True,False,True,False,-0.7947233904117359,476.8194230084293,0.0,0.0,0.0,0.0,476.02469961801756
2025-06-26T09:45:00Z,2025-06-26T10:00:00Z,2025-06-26,2025-06-26_12,-0.03941102853517163,0,0,51,37.74458491403716,37.75364945060025,2.51792682308041e-05,0.0,0.0,True,False,True,False,-0.7947233904117359,476.8194230084293,0.0,0.0,0.0,0.0,476.02469961801756
2025-06-26T10:00:00Z,2025-06-26T10:15:00Z,2025-06-26,2025-06-26_13,-43.91605498278842,49,5,51,37.75364945060025,47.51789136494885,0.02734807981462322,0.35941500000000004,0.00047499999999999994,True,True,True,False,-775.6673211335004,476.8194230084293,66.42021844948356,5.639320907040247,39.11477502077645,-0.03759547271360164,-187.7111792204845
2025-06-26T10:15:00Z,2025-06-26T10:30:00Z,2025-06-26,2025-06-26_13,-43.91605498278842,49,5,51,47.51789136494885,57.497886832948396,0.027804486038199995,0.13132,0.0026,True,True,True,False,-775.6673211335004,476.8194230084293,66.42021844948356,5.639320907040247,14.291424274803118,-0.20578574537971425,-212.70272023912392
2025-06-26T10:30:00Z,2025-06-26T10:45:00Z,2025-06-26,2025-06-26_13,-43.91605498278842,49,5,51,57.497886832948396,66.8933937732828,0.02657218022007436,0.755825,0.0035499999999999993,True,True,True,False,-775.6673211335004,476.8194230084293,66.42021844948356,5.639320907040247,82.25567889508883,-0.2809766908069175,-144.81365656426541
2025-06-26T10:45:00Z,2025-06-26T11:00:00Z,2025-06-26,2025-06-26_13,-43.91605498278842,49,5,51,66.8933937732828,76.57474560000003,0.027178155368055488,0.45570000000000005,0.008475,True,True,True,False,-775.6673211335004,476.8194230084293,66.42021844948356,5.639320907040247,49.593375281966054,-0.6270088003086786,-177.82199228688995
2025-06-26T11:00:00Z,2025-06-26T11:15:00Z,2025-06-26,2025-06-26_14,-49.0,49,0,51,76.57474560000003,87.84474560000002,0.03130555555555556,0.0,0.0,True,True,True,False,-815.2375,476.8194230084293,66.42021844948356,0.0,0.0,0.0,-271.9978585420871
2025-06-26T11:15:00Z,2025-06-26T11:30:00Z,2025-06-26,2025-06-26_14,-49.0,49,0,51,87.84474560000002,99.07191960000003,0.031186594444444448,0.04655,0.0,True,True,True,False,-815.2375,476.8194230084293,66.42021844948356,0.0,5.065989948157822,0.0,-266.93186859392927
2025-06-26T11:30:00Z,2025-06-26T11:45:00Z,2025-06-26,2025-06-26_14,-49.0,49,0,51,99.07191960000003,110.25964860000003,0.031077025000000005,0.089425,0.0,True,True,True,False,-815.2375,476.8194230084293,66.42021844948356,0.0,9.73203332146108,0.0,-262.265825220626
2025-06-26T11:45:00Z,2025-06-26T12:00:00Z,2025-06-26,2025-06-26_14,-49.0,49,0,51,110.25964860000003,121.46000000000004,0.031112087222222227,0.075705,0.0,True,True,True,False,-815.2375,476.8194230084293,66.42021844948356,0.0,8.238899442004035,0.0,-263.7589591000831
2025-06-26T12:00:00Z,2025-06-26T12:15:00Z,2025-06-26,2025-06-26_15,-49.0,0,0,51,121.46000000000004,132.73000000000005,0.03130555555555556,0.0,0.0,True,False,True,False,-806.05,476.8194230084293,0.0,0.0,0.0,0.0,-329.2305769915707
2025-06-26T12:15:00Z,2025-06-26T12:30:00Z,2025-06-26,2025-06-26_15,-49.0,0,0,51,132.73000000000005,144.00000000000006,0.03130555555555556,0.0,0.0,True,False,True,False,-806.05,476.8194230084293,0.0,0.0,0.0,0.0,-329.2305769915707
2025-06-26T12:30:00Z,2025-06-26T12:45:00Z,2025-06-26,2025-06-26_15,-49.0,0,0,51,144.00000000000006,155.27000000000007,0.03130555555555556,0.0,0.0,True,False,True,False,-806.05,476.8194230084293,0.0,0.0,0.0,0.0,-329.2305769915707
2025-06-26T12:45:00Z,2025-06-26T13:00:00Z,2025-06-26,2025-06-26_15,-49.0,0,0,51,155.27000000000007,166.54000000000008,0.03130555555555556,0.0,0.0,True,False,True,False,-806.05,476.8194230084293,0.0,0.0,0.0,0.0,-329.2305769915707
2025-06-26T13:00:00Z,2025-06-26T13:15:00Z,2025-06-26,2025-06-26_16,-68.64140821521443,100,31,0,166.54000000000008,163.776931114704,0.02845157278662567,19.078,0.0,True,True,True,False,-1500.3295800640494,0.0,136.11539831413987,32.663540306304164,15341.108358067198,0.0,14009.557716623593
2025-06-26T13:15:00Z,2025-06-26T13:30:00Z,2025-06-26,2025-06-26_16,-68.64140821521443,100,31,0,163.776931114704,164.3101464052417,0.03118849585051029,15.688000000000002,0.0,True,True,True,False,-1500.3295800640494,0.0,136.11539831413987,32.663540306304164,10623.490311448813,0.0,9291.939670005208
2025-06-26T13:30:00Z,2025-06-26T13:45:00Z,2025-06-26,2025-06-26_16,-68.64140821521443,100,31,0,164.3101464052417,172.31834240425198,0.03739501386042565,8.0005,0.0,True,True,True,False,-1500.3295800640494,0.0,136.11539831413987,32.663540306304164,1347.9808757766436,0.0,16.43023433303825
2025-06-26T13:45:00Z,2025-06-26T14:00:00Z,2025-06-26,2025-06-26_16,-68.64140821521443,100,31,0,172.31834240425198,166.54000000000005,0.025947974432317052,22.179,0.0,True,True,True,False,-1500.3295800640494,0.0,136.11539831413987,32.663540306304164,23541.846843167517,0.0,22210.29620172391
2025-06-26T14:00:00Z,2025-06-26T14:15:00Z,2025-06-26,2025-06-26_17,12.695999999999987,0,0,51,166.54000000000005,163.09000000000006,0.009583333333333322,0.0,0.0,True,False,True,False,322.7957999999997,476.8194230084293,0.0,0.0,0.0,0.0,799.615223008429
2025-06-26T14:15:00Z,2025-06-26T14:30:00Z,2025-06-26,2025-06-26_17,12.695999999999987,0,0,51,163.09000000000006,159.64000000000007,0.009583333333333322,0.0,0.0,True,False,True,False,322.7957999999997,476.8194230084293,0.0,0.0,0.0,0.0,799.615223008429
2025-06-26T14:30:00Z,2025-06-26T14:45:00Z,2025-06-26,2025-06-26_17,12.695999999999987,0,0,51,159.64000000000007,156.19000000000008,0.009583333333333322,0.0,0.0,True,False,True,False,322.7957999999997,476.8194230084293,0.0,0.0,0.0,0.0,799.615223008429
2025-06-26T14:45:00Z,2025-06-26T15:00:00Z,2025-06-26,2025-06-26_17,12.695999999999987,0,0,51,156.19000000000008,152.7400000000001,0.009583333333333322,0.0,0.0,True,False,True,False,322.7957999999997,476.8194230084293,0.0,0.0,0.0,0.0,799.615223008429
2025-06-26T15:00:00Z,2025-06-26T15:15:00Z,2025-06-26,2025-06-26_18,0.0,0,0,81,152.7400000000001,152.7400000000001,0.0,0.0,0.0,True,False,True,False,0.0,757.3014365427995,0.0,0.0,0.0,0.0,757.3014365427995
2025-06-26T15:15:00Z,2025-06-26T15:30:00Z,2025-06-26,2025-06-26_18,0.0,0,0,81,152.7400000000001,152.7400000000001,0.0,0.0,0.0,True,False,True,False,0.0,757.3014365427995,0.0,0.0,0.0,0.0,757.3014365427995
2025-06-26T15:30:00Z,2025-06-26T15:45:00Z,2025-06-26,2025-06-26_18,0.0,0,0,81,152.7400000000001,152.7400000000001,0.0,0.0,0.0,True,False,True,False,0.0,757.3014365427995,0.0,0.0,0.0,0.0,757.3014365427995
2025-06-26T15:45:00Z,2025-06-26T16:00:00Z,2025-06-26,2025-06-26_18,0.0,0,0,81,152.7400000000001,152.7400000000001,0.0,0.0,0.0,True,False,True,False,0.0,757.3014365427995,0.0,0.0,0.0,0.0,757.3014365427995
2025-06-26T16:00:00Z,2025-06-26T16:15:00Z,2025-06-26,2025-06-26_19,0.0,0,0,81,152.7400000000001,152.7400000000001,0.0,0.0,0.0,True,False,True,False,0.0,757.3014365427995,0.0,0.0,0.0,0.0,757.3014365427995
2025-06-26T16:15:00Z,2025-06-26T16:30:00Z,2025-06-26,2025-06-26_19,0.0,0,0,81,152.7400000000001,152.7400000000001,0.0,0.0,0.0,True,False,True,False,0.0,757.3014365427995,0.0,0.0,0.0,0.0,757.3014365427995
2025-06-26T16:30:00Z,2025-06-26T16:45:00Z,2025-06-26,2025-06-26_19,0.0,0,0,81,152.7400000000001,152.7400000000001,0.0,0.0,0.0,True,False,True,False,0.0,757.3014365427995,0.0,0.0,0.0,0.0,757.3014365427995
2025-06-26T16:45:00Z,2025-06-26T17:00:00Z,2025-06-26,2025-06-26_19,0.0,0,0,81,152.7400000000001,152.7400000000001,0.0,0.0,0.0,True,False,True,False,0.0,757.3014365427995,0.0,0.0,0.0,0.0,757.3014365427995
2025-06-26T17:00:00Z,2025-06-26T17:15:00Z,2025-06-26,2025-06-26_20,73.00000000000001,0,0,27,152.7400000000001,132.90304347826097,0.05510265700483093,0.0,0.0,True,False,True,False,4134.172500000001,252.43381218093316,0.0,0.0,0.0,0.0,4386.606312180934
2025-06-26T17:15:00Z,2025-06-26T17:30:00Z,2025-06-26,2025-06-26_20,73.00000000000001,0,0,27,132.90304347826097,113.06608695652184,0.05510265700483093,0.0,0.0,True,False,True,False,4134.172500000001,252.43381218093316,0.0,0.0,0.0,0.0,4386.606312180934
2025-06-26T17:30:00Z,2025-06-26T17:45:00Z,2025-06-26,2025-06-26_20,73.00000000000001,0,0,27,113.06608695652184,93.22913043478272,0.05510265700483093,0.0,0.0,True,False,True,False,4134.172500000001,252.43381218093316,0.0,0.0,0.0,0.0,4386.606312180934
2025-06-26T17:45:00Z,2025-06-26T18:00:00Z,2025-06-26,2025-06-26_20,73.00000000000001,0,0,27,93.22913043478272,73.39217391304359,0.05510265700483093,0.0,0.0,True,False,True,False,4134.172500000001,252.43381218093316,0.0,0.0,0.0,0.0,4386.606312180934
2025-06-26T18:00:00Z,2025-06-26T18:15:00Z,2025-06-26,2025-06-26_21,0.0,100,100,0,73.39217391304359,72.7795347826088,0.0022384420289855073,0.6525,0.105,True,True,True,False,0.0,0.0,136.53092722307966,105.574023507064,96.35433337290752,-8.310578178796153,330.148705924255
2025-06-26T18:15:00Z,2025-06-26T18:30:00Z,2025-06-26,2025-06-26_21,0.0,100,100,0,72.7795347826088,57.142578260869676,0.04343599033816425,14.386,0.0,True,True,True,False,0.0,0.0,136.53092722307966,105.574023507064,5660.0646404685585,0.0,5902.169591198703
2025-06-26T18:30:00Z,2025-06-26T18:45:00Z,2025-06-26,2025-06-26_21,0.0,100,100,0,57.142578260869676,41.27736086956533,0.04407004830917874,14.596,0.0,True,True,True,False,0.0,0.0,136.53092722307966,105.574023507064,5644.2863120819975,0.0,5886.391262812142
2025-06-26T18:45:00Z,2025-06-26T19:00:00Z,2025-06-26,2025-06-26_21,0.0,100,100,0,41.27736086956533,31.368755652174023,0.027654236714975845,9.1375,0.025499999999999995,True,True,True,False,0.0,0.0,136.53092722307966,105.574023507064,2767.6998966124497,-2.13700373976018,3007.6678436028333
2025-06-26T19:00:00Z,2025-06-26T19:15:00Z,2025-06-26,2025-06-26_22,0.8241967197861036,77,78,22,31.368755652174023,27.47121000761176,0.01083243249092444,3.380685,0.00117,True,True,True,False,38.813484026527085,205.68680992520478,105.12881396177133,82.3477383355099,803.371245331236,-0.1080375934940045,1235.2400539867551
2025-06-26T19:15:00Z,2025-06-26T19:30:00Z,2025-06-26,2025-06-26_22,0.8241967197861036,77,78,22,27.47121000761176,22.605482638104665,0.013515909359741925,4.2704200000000005,0.0,True,True,True,False,38.813484026527085,205.68680992520478,105.12881396177133,82.3477383355099,1088.499959388975,0.0,1520.476805637988
2025-06-26T19:30:00Z,2025-06-26T19:45:00Z,2025-06-26,2025-06-26_22,0.8241967197861036,77,78,22,22.605482638104665,21.956521739130615,0.002398294863354988,0.49087499999999995,0.11778000000000001,True,True,True,False,38.813484026527085,205.68680992520478,105.12881396177133,82.3477383355099,67.99091772527602,-9.94716399145198,490.02059998283715
2025-06-26T19:45:00Z,2025-06-26T20:00:00Z,2025-06-26,2025-06-26_22,0.8241967197861036,77,78,22,21.956521739130615,26.376406929920616,0.013312751241025374,0.018865,5.06025,True,True,True,False,38.813484026527085,205.68680992520478,105.12881396177133,82.3477383355099,2.61252888321659,-228.77760922474178,205.8117659074879
2025-06-26T20:00:00Z,2025-06-26T20:15:00Z,2025-06-26,2025-06-26_23,0.0,100,100,0,26.376406929920616,15.789784321224966,0.030994285024154584,10.0025,0.3105,True,True,True,False,0.0,0.0,136.2044402231984,105.9895524160038,2395.400631702877,-20.22716609284103,2617.367458249238
2025-06-26T20:15:00Z,2025-06-26T20:30:00Z,2025-06-26,2025-06-26_23,0.0,100,100,0,15.789784321224966,10.11872953861627,0.0168467077294686,5.3985,0.214,True,True,True,False,0.0,0.0,136.2044402231984,105.9895524160038,1169.1248738572956,-17.056483438204914,1394.262383058293
2025-06-26T20:30:00Z,2025-06-26T20:45:00Z,2025-06-26,2025-06-26_23,0.0,100,100,0,10.11872953861627,10.97754953861627,0.0023856111111111114,0.0,0.9335,True,True,True,False,0.0,0.0,136.2044402231984,105.9895524160038,0.0,-73.68569264711702,168.50829999208517
2025-06-26T20:45:00Z,2025-06-26T21:00:00Z,2025-06-26,2025-06-26_23,0.0,100,100,0,10.97754953861627,14.80888953861627,0.010642611111111113,0.0,4.1645,True,True,True,False,0.0,0.0,136.2044402231984,105.9895524160038,0.0,-252.13279571807354,-9.938803078871345
2025-06-26T21:00:00Z,2025-06-26T21:15:00Z,2025-06-27,2025-06-26_24,-37.504793070826885,92,54,8,14.80888953861627,22.85915225396159,0.02506356580886086,0.75532,0.2106,True,True,True,False,-1231.1885945325696,74.53122227261076,122.79787842340833,56.16992329987973,104.10092868269021,-15.2149229646864,-888.8035648186669
2025-06-26T21:15:00Z,2025-06-26T21:30:00Z,2025-06-27,2025-06-26_24,-37.504793070826885,92,54,8,22.85915225396159,32.32901716119167,0.026403903498819978,0.027599999999999996,0.9477,True,True,True,False,-1231.1885945325696,74.53122227261076,122.79787842340833,56.16992329987973,3.803931620561152,-56.51929798686831,-1030.4049369029779
2025-06-26T21:30:00Z,2025-06-26T21:45:00Z,2025-06-27,2025-06-26_24,-37.504793070826885,92,54,8,32.32901716119167,42.312377167481856,0.02773155557302829,0.0,1.47528,True,True,True,False,-1231.1885945325696,74.53122227261076,122.79787842340833,56.16992329987973,0.0,-89.8234541317507,-1067.5130246684214
2025-06-26T21:45:00Z,2025-06-26T22:00:00Z,2025-06-27,2025-06-26_24,-37.504793070826885,92,54,8,42.312377167481856,53.30871237377204,0.030545375573028284,0.0,2.57634,True,True,True,False,-1231.1885945325696,74.53122227261076,122.79787842340833,56.16992329987973,0.0,-151.10833266557563,-1128.7979032022463
2025-06-26T22:00:00Z,2025-06-26T22:15:00Z,2025-06-27,2025-06-27_1,-1.0000000000000178,21,20,79,53.30871237377204,53.26607256507639,0.0019359039130434881,0.35721,0.1226,True,True,True,False,-31.250000000000554,735.9958199420313,28.247333241319478,20.80367529625175,49.2572566180965,-7.838814401482737,795.2152706962157
2025-06-26T22:15:00Z,2025-06-26T22:30:00Z,2025-06-27,2025-06-27_1,-1.0000000000000178,21,20,79,53.26607256507639,53.16007940855466,0.0015032798792270628,0.312585,0.0014000000000000002,True,True,True,False,-31.250000000000554,735.9958199420313,28.247333241319478,20.80367529625175,43.113334044797604,-0.110416625589053,796.7997458988106
2025-06-26T22:30:00Z,2025-06-26T22:45:00Z,2025-06-27,2025-06-27_1,-1.0000000000000178,21,20,79,53.16007940855466,53.397917330293794,0.0006914579951690935,0.0053549999999999995,0.0148,True,True,True,False,-31.250000000000554,735.9958199420313,28.247333241319478,20.80367529625175,0.7380454285545279,-1.1447829327444448,753.390090975412
2025-06-26T22:45:00Z,2025-06-26T23:00:00Z,2025-06-27,2025-06-27_1,-1.0000000000000178,21,20,79,53.397917330293794,53.55902506942423,0.0008279562801932479,0.06615,0.0027,True,True,True,False,-31.250000000000554,735.9958199420313,28.247333241319478,20.80367529625175,9.117031764497112,-0.2084111244750281,762.7054491196241
2025-06-26T23:00:00Z,2025-06-26T23:15:00Z,2025-06-27,2025-06-27_2,-2.0000000000000293,21,19,79,53.55902506942423,53.47772741725033,0.0026058157004831065,0.51828,0.01501,True,True,True,False,-60.42000000000089,735.9958199420313,28.247333241319478,19.763491531439165,71.5191042056904,-1.1251950825167103,793.9805538379627
2025-06-26T23:15:00Z,2025-06-26T23:30:00Z,2025-06-27,2025-06-27_2,-2.0000000000000293,21,19,79,53.47772741725033,53.62553604333729,0.002003091594202915,0.29147999999999996,0.0,True,True,True,False,-60.42000000000089,735.9958199420313,28.247333241319478,19.763491531439165,40.182710838574835,0.0,763.7693555533639
2025-06-26T23:30:00Z,2025-06-26T23:45:00Z,2025-06-27,2025-06-27_2,-2.0000000000000293,21,19,79,53.62553604333729,53.60659433898947,0.00244400251207731,0.45696000000000003,0.011399999999999999,True,True,True,False,-60.42000000000089,735.9958199420313,28.247333241319478,19.763491531439165,63.042225746791026,-0.8652037383914661,785.7636667231886
2025-06-26T23:45:00Z,2025-06-27T00:00:00Z,2025-06-27,2025-06-27_2,-2.0000000000000293,21,19,79,53.60659433898947,54.065331904206865,0.0013631900966183763,0.016274999999999998,0.017575,True,True,True,False,-60.42000000000089,735.9958199420313,28.247333241319478,19.763491531439165,2.243079243646114,-1.3514699213281542,724.478254037107
2025-06-27T00:00:00Z,2025-06-27T00:15:00Z,2025-06-27,2025-06-27_3,-1.8134043189394824,21,19,79,54.065331904206865,53.26142532577243,0.0040477555905220385,1.13841,0.0,True,True,True,False,-53.04207632897986,735.9958199420313,28.247333241319478,19.763491531439165,164.79145232959362,0.0,895.7560207154037
2025-06-27T00:15:00Z,2025-06-27T00:30:00Z,2025-06-27,2025-06-27_3,-1.8134043189394824,21,19,79,53.26142532577243,53.505120550079766,0.001588178612396835,0.165165,0.004085,True,True,True,False,-53.04207632897986,735.9958199420313,28.247333241319478,19.763491531439165,22.76914010785338,-0.314125441173571,753.4195830524899
2025-06-27T00:30:00Z,2025-06-27T00:45:00Z,2025-06-27,2025-06-27_3,-1.8134043189394824,21,19,79,53.505120550079766,53.93334836225183,0.0012306523856638,0.007454999999999999,0.020805,True,True,True,False,-53.04207632897986,735.9958199420313,28.247333241319478,19.763491531439165,1.027475008379833,-1.5621614971311395,730.4298818970587
2025-06-27T00:45:00Z,2025-06-27T01:00:00Z,2025-06-27,2025-06-27_3,-1.8134043189394824,21,19,79,53.93334836225183,54.29930828695652,0.0012975184776010164,0.050925,0.0038,True,True,True,False,-53.04207632897986,735.9958199420313,28.247333241319478,19.763491531439165,7.018667310763648,-0.29220971271960094,737.6910259838542
2025-06-27T01:00:00Z,2025-06-27T01:15:00Z,2025-06-27,2025-06-27_4,-4.0,21,17,79,54.29930828695652,54.07527727826086,0.004677872801932367,1.08423,0.0,True,True,True,False,-112.12,735.9958199420313,28.247333241319478,17.683124001813987,187.25772523019896,0.0,857.0640024153637
2025-06-27T01:15:00Z,2025-06-27T01:30:00Z,2025-06-27,2025-06-27_4,-4.0,21,17,79,54.07527727826086,54.52099272173913,0.0034364982125603865,0.4497150000000001,0.000255,True,True,True,False,-112.12,735.9958199420313,28.247333241319478,17.683124001813987,62.04882349409469,-0.02016187866001538,731.8349388005994
2025-06-27T01:30:00Z,2025-06-27T01:45:00Z,2025-06-27,2025-06-27_4,-4.0,21,17,79,54.52099272173913,54.33728974782608,0.004603059371980677,1.04601,0.0,True,True,True,False,-112.12,735.9958199420313,28.247333241319478,17.683124001813987,144.36266214287122,0.0,814.168939328036
2025-06-27T01:45:00Z,2025-06-27T02:00:00Z,2025-06-27,2025-06-27_4,-4.0,21,17,79,54.33728974782608,54.46191897391303,0.004031065483091787,0.7537950000000001,0.0,True,True,True,False,-112.12,735.9958199420313,28.247333241319478,17.683124001813987,104.02466121714615,0.0,773.830938402311
2025-06-27T02:00:00Z,2025-06-27T02:15:00Z,2025-06-27,2025-06-27_5,0.0,21,21,79,54.46191897391303,54.26515810434781,0.0005465579710144927,0.18102,0.0,True,True,True,False,0.0,735.9958199420313,28.247333241319478,21.84385906106434,24.9488297809413,0.0,811.0358420253564
2025-06-27T02:15:00Z,2025-06-27T02:30:00Z,2025-06-27,2025-06-27_5,0.0,21,21,79,54.26515810434781,53.991254556521724,0.0009422365217391304,0.28203,0.03549,True,True,True,False,0.0,735.9958199420313,28.247333241319478,21.84385906106434,38.88635223100736,-2.498925096121616,822.4744393793009
2025-06-27T02:30:00Z,2025-06-27T02:45:00Z,2025-06-27,2025-06-27_5,0.0,21,21,79,53.991254556521724,54.13706230434781,0.00046652514492753625,0.010185000000000001,0.17052,True,True,True,False,0.0,735.9958199420313,28.247333241319478,21.84385906106434,1.40373346215273,-11.178227000808407,776.3125187057594
2025-06-27T02:45:00Z,2025-06-27T03:00:00Z,2025-06-27,2025-06-27_5,0.0,21,21,79,54.13706230434781,54.09533274782606,0.0004185954347826087,0.088515,0.059219999999999995,True,True,True,False,0.0,735.9958199420313,28.247333241319478,21.84385906106434,12.19945678963661,-4.051718973914071,794.2347500601377
2025-06-27T03:00:00Z,2025-06-27T03:15:00Z,2025-06-27,2025-06-27_6,-4.000000000000009,21,17,79,54.09533274782606,54.50095389565215,0.003567395700483097,0.499275,0.013515000000000001,True,True,True,False,-108.83000000000024,735.9958199420313,28.247333241319478,17.683124001813987,68.88778240530787,-0.8572566338702999,741.1268029566021
2025-06-27T03:15:00Z,2025-06-27T03:30:00Z,2025-06-27,2025-06-27_6,-4.000000000000009,21,17,79,54.50095389565215,55.26885639130433,0.0032956530676328554,0.237825,0.10744000000000001,True,True,True,False,-108.83000000000024,735.9958199420313,28.247333241319478,17.683124001813987,32.802377831890695,-7.065296937910366,698.8333580791449
2025-06-27T03:30:00Z,2025-06-27T03:45:00Z,2025-06-27,2025-06-27_6,-4.000000000000009,21,17,79,55.26885639130433,55.36161902608695,0.0043680604589372025,0.8408399999999998,0.065195,True,True,True,False,-108.83000000000024,735.9958199420313,28.247333241319478,17.683124001813987,131.88473521698836,-4.7598635930753,800.2211488090776
2025-06-27T03:45:00Z,2025-06-27T04:00:00Z,2025-06-27,2025-06-27_6,-4.000000000000009,21,17,79,55.36161902608695,55.457110139130435,0.004085120241545898,0.78141,0.0,True,True,True,False,-108.83000000000024,735.9958199420313,28.247333241319478,17.683124001813987,107.82308618411975,0.0,780.9193633692843
2025-06-27T04:00:00Z,2025-06-27T04:15:00Z,2025-06-27,2025-06-27_7,0.0,21,21,79,55.457110139130435,55.44704602608695,0.00013689920289855072,0.027299999999999998,0.021315,True,True,True,False,0.0,735.9958199420313,28.328075398781472,21.918390283336947,3.762584537728966,-1.6832449237928113,788.3216252380859
2025-06-27T04:15:00Z,2025-06-27T04:30:00Z,2025-06-27,2025-06-27_7,0.0,21,21,79,55.44704602608695,55.565944921739124,0.0003657819565217392,0.005880000000000001,0.136185,True,True,True,False,0.0,735.9958199420313,28.328075398781472,21.918390283336947,0.8104028235108544,-9.936803224756986,777.1158852229036
2025-06-27T04:30:00Z,2025-06-27T04:45:00Z,2025-06-27,2025-06-27_7,0.0,21,21,79,55.565944921739124,55.62561998260868,0.0007186626086956522,0.09156,0.17303999999999997,True,True,True,False,0.0,735.9958199420313,28.328075398781472,21.918390283336947,12.62299304769604,-13.204804306248397,785.6604743655973
2025-06-27T04:45:00Z,2025-06-27T05:00:00Z,2025-06-27,2025-06-27_7,0.0,21,21,79,55.62561998260868,55.10427215652172,0.0014481884057971012,0.47963999999999996,0.0,True,True,True,False,0.0,735.9958199420313,28.328075398781472,21.918390283336947,66.18260293787093,0.0,852.4248885620207
2025-06-27T05:00:00Z,2025-06-27T05:15:00Z,2025-06-27,2025-06-27_8,0.0,21,21,79,55.10427215652172,53.73664715652173,0.0037989583333333334,1.258215,0.0,True,True,True,False,0.0,735.9958199420313,28.328075398781472,21.918390283336947,201.77211766370252,0.0,988.0144032878522
2025-06-27T05:15:00Z,2025-06-27T05:30:00Z,2025-06-27,2025-06-27_8,0.0,21,21,79,53.73664715652173,52.98630583478259,0.002176588115942029,0.7056,0.01806,True,True,True,False,0.0,735.9958199420313,28.328075398781472,21.918390283336947,99.07630151625688,-1.4279354062740304,883.8906517341326
2025-06-27T05:30:00Z,2025-06-27T05:45:00Z,2025-06-27,2025-06-27_8,0.0,21,21,79,52.98630583478259,52.934782608695635,0.0001865900724637681,0.054599999999999996,0.008505,True,True,True,False,0.0,735.9958199420313,28.328075398781472,21.918390283336947,7.525169075457932,-0.6724579529546306,793.094996746653
2025-06-27T05:45:00Z,2025-06-27T06:00:00Z,2025-06-27,2025-06-27_8,0.0,21,21,79,52.934782608695635,52.9535788869565,0.00011308144927536233,0.01008,0.03234,True,True,True,False,0.0,735.9958199420313,28.328075398781472,21.918390283336947,1.3892619831614645,-2.5570006112348915,785.0745469960763
2025-06-27T06:00:00Z,2025-06-27T06:15:00Z,2025-06-27,2025-06-27_9,0.017292576000002717,0,0,79,52.9535788869565,52.94887981739128,1.3052971014494803e-05,0.0,0.0,True,False,True,False,0.46560260880007315,735.9958199420313,0.0,0.0,0.0,0.0,736.4614225508313
2025-06-27T06:15:00Z,2025-06-27T06:30:00Z,2025-06-27,2025-06-27_9,0.017292576000002717,0,0,79,52.94887981739128,52.94418074782606,1.3052971014494803e-05,0.0,0.0,True,False,True,False,0.46560260880007315,735.9958199420313,0.0,0.0,0.0,0.0,736.4614225508313
2025-06-27T06:30:00Z,2025-06-27T06:45:00Z,2025-06-27,2025-06-27_9,0.017292576000002717,0,0,79,52.94418074782606,52.93948167826084,1.3052971014494803e-05,0.0,0.0,True,False,True,False,0.46560260880007315,735.9958199420313,0.0,0.0,0.0,0.0,736.4614225508313
2025-06-27T06:45:00Z,2025-06-27T07:00:00Z,2025-06-27,2025-06-27_9,0.017292576000002717,0,0,79,52.93948167826084,52.93478260869562,1.3052971014494803e-05,0.0,0.0,True,False,True,False,0.46560260880007315,735.9958199420313,0.0,0.0,0.0,0.0,736.4614225508313
2025-06-27T07:00:00Z,2025-06-27T07:15:00Z,2025-06-27,2025-06-27_10,5.839496095999993,0,0,51,52.93478260869562,51.34796301739127,0.004407832198067628,0.0,0.0,True,False,True,False,133.28649839119984,475.13654198789357,0.0,0.0,0.0,0.0,608.4230403790934
2025-06-27T07:15:00Z,2025-06-27T07:30:00Z,2025-06-27,2025-06-27_10,5.839496095999993,0,0,51,51.34796301739127,49.761143426086925,0.004407832198067628,0.0,0.0,True,False,True,False,133.28649839119984,475.13654198789357,0.0,0.0,0.0,0.0,608.4230403790934
2025-06-27T07:30:00Z,2025-06-27T07:45:00Z,2025-06-27,2025-06-27_10,5.839496095999993,0,0,51,49.761143426086925,48.17432383478258,0.004407832198067628,0.0,0.0,True,False,True,False,133.28649839119984,475.13654198789357,0.0,0.0,0.0,0.0,608.4230403790934
2025-06-27T07:45:00Z,2025-06-27T08:00:00Z,2025-06-27,2025-06-27_10,5.839496095999993,0,0,51,48.17432383478258,46.58750424347823,0.004407832198067628,0.0,0.0,True,False,True,False,133.28649839119984,475.13654198789357,0.0,0.0,0.0,0.0,608.4230403790934
2025-06-27T08:00:00Z,2025-06-27T08:15:00Z,2025-06-27,2025-06-27_11,0.0,49,49,51,46.58750424347823,42.94765641739127,0.0101106884057971,3.3486599999999997,0.0,True,True,True,False,0.0,475.13654198789357,65.76552240865982,51.27334030009661,481.24846899067376,0.0,1073.4238736873237
2025-06-27T08:15:00Z,2025-06-27T08:30:00Z,2025-06-27,2025-06-27_11,0.0,49,49,51,42.94765641739127,42.18266841739128,0.0021625333333333335,0.71001,0.00735,True,True,True,False,0.0,475.13654198789357,65.76552240865982,51.27334030009661,76.99696354279631,-0.5811365025533844,668.591231736893
2025-06-27T08:30:00Z,2025-06-27T08:45:00Z,2025-06-27,2025-06-27_11,0.0,49,49,51,42.18266841739128,38.07506744347823,0.011413759371980676,3.7796149999999997,0.000735,True,True,True,False,0.0,475.13654198789357,65.76552240865982,51.27334030009661,533.199440297139,-0.05811365025533844,1125.3167313435335
2025-06-27T08:45:00Z,2025-06-27T09:00:00Z,2025-06-27,2025-06-27_11,0.0,49,49,51,38.07506744347823,37.7173913043478,0.0016058814975845408,0.430465,0.11980500000000001,True,True,True,False,0.0,475.13654198789357,65.76552240865982,51.27334030009661,46.681733935366836,-9.472524991620167,629.3846136403967
2025-06-27T09:00:00Z,2025-06-27T09:15:00Z,2025-06-27,2025-06-27_12,-49.0,49,0,51,37.7173913043478,47.640851704347796,0.027565167777777778,1.46363,0.0,True,True,True,False,-826.2625,475.13654198789357,65.76552240865982,0.0,176.0849309758069,0.0,-109.27550462763975
2025-06-27T09:15:00Z,2025-06-27T09:30:00Z,2025-06-27,2025-06-27_12,-49.0,49,0,51,47.640851704347796,57.193529104347796,0.026535215,1.866655,0.0,True,True,True,False,-826.2625,475.13654198789357,65.76552240865982,0.0,216.8053698562612,0.0,-68.55506574718547
2025-06-27T09:30:00Z,2025-06-27T09:45:00Z,2025-06-27,2025-06-27_12,-49.0,49,0,51,57.193529104347796,67.4379591043478,0.028456750000000003,1.11475,0.0,True,True,True,False,-826.2625,475.13654198789357,65.76552240865982,0.0,136.06227433602143,0.0,-149.29816126742523
2025-06-27T09:45:00Z,2025-06-27T10:00:00Z,2025-06-27,2025-06-27_12,-49.0,49,0,51,67.4379591043478,72.2286107043478,0.013307365555555556,7.04277,0.0,True,True,True,False,-826.2625,475.13654198789357,65.76552240865982,0.0,1073.0042040676697,0.0,787.6437684642231
2025-06-27T10:00:00Z,2025-06-27T10:15:00Z,2025-06-27,2025-06-27_13,-49.0,49,0,51,72.2286107043478,82.3993349043478,0.028252011666666667,1.194865,0.0,True,True,True,False,-673.1375,475.13654198789357,65.76552240865982,0.0,147.51118133860444,0.0,15.275745735157784
2025-06-27T10:15:00Z,2025-06-27T10:30:00Z,2025-06-27,2025-06-27_13,-49.0,49,0,51,82.3993349043478,93.5769209043478,0.031048850000000003,0.10044999999999998,0.0,True,True,True,False,-673.1375,475.13654198789357,65.76552240865982,0.0,10.893290218270005,0.0,-121.34214538517665
2025-06-27T10:30:00Z,2025-06-27T10:45:00Z,2025-06-27,2025-06-27_13,-49.0,49,0,51,93.5769209043478,104.78268190434781,0.03112711388888889,0.069825,0.0,True,True,True,False,-673.1375,475.13654198789357,65.76552240865982,0.0,7.572165151724273,0.0,-124.66327045172238
2025-06-27T10:45:00Z,2025-06-27T11:00:00Z,2025-06-27,2025-06-27_13,-49.0,49,0,51,104.78268190434781,116.00715110434781,0.031179081111111107,0.04949,0.0,True,True,True,False,-673.1375,475.13654198789357,65.76552240865982,0.0,5.366938107537906,0.0,-126.86849749590876
2025-06-27T11:00:00Z,2025-06-27T11:15:00Z,2025-06-27,2025-06-27_14,0.0,100,100,0,116.00715110434781,117.21879110434782,0.003365666666666667,0.0,1.317,True,True,True,False,0.0,0.0,134.2153518544078,104.9943805824477,0.0,-86.64045901768638,152.56927341916912
2025-06-27T11:15:00Z,2025-06-27T11:30:00Z,2025-06-27,2025-06-27_14,0.0,100,100,0,117.21879110434782,121.30100153913043,0.01139985990338164,0.01,4.449,True,True,True,False,0.0,0.0,134.2153518544078,104.9943805824477,1.0844490013210561,-63.3002425222312,176.99393891594536
2025-06-27T11:30:00Z,2025-06-27T11:45:00Z,2025-06-27,2025-06-27_14,0.0,100,100,0,121.30100153913043,129.47750153913043,0.022712499999999997,0.0,8.8875,True,True,True,False,0.0,0.0,134.2153518544078,104.9943805824477,0.0,-273.3173048484729,-34.10757241161737
2025-06-27T11:45:00Z,2025-06-27T12:00:00Z,2025-06-27,2025-06-27_14,0.0,100,100,0,129.47750153913043,144.73616153913042,0.04238516666666667,0.0,16.5855,True,True,True,False,0.0,0.0,134.2153518544078,104.9943805824477,0.0,1332.667505767297,1571.8772382041525
2025-06-27T12:00:00Z,2025-06-27T12:15:00Z,2025-06-27,2025-06-27_15,-23.59324876181466,0,0,51,144.73616153913042,150.1626087543478,0.015073464486714924,0.0,0.0,True,False,True,False,-448.03579398686037,475.13654198789357,0.0,0.0,0.0,0.0,27.100748001033196
2025-06-27T12:15:00Z,2025-06-27T12:30:00Z,2025-06-27,2025-06-27_15,-23.59324876181466,0,0,51,150.1626087543478,155.58905596956515,0.015073464486714924,0.0,0.0,True,False,True,False,-448.03579398686037,475.13654198789357,0.0,0.0,0.0,0.0,27.100748001033196
2025-06-27T12:30:00Z,2025-06-27T12:45:00Z,2025-06-27,2025-06-27_15,-23.59324876181466,0,0,51,155.58905596956515,161.01550318478252,0.015073464486714924,0.0,0.0,True,False,True,False,-448.03579398686037,475.13654198789357,0.0,0.0,0.0,0.0,27.100748001033196
2025-06-27T12:45:00Z,2025-06-27T13:00:00Z,2025-06-27,2025-06-27_15,-23.59324876181466,0,0,51,161.01550318478252,166.44195039999988,0.015073464486714924,0.0,0.0,True,False,True,False,-448.03579398686037,475.13654198789357,0.0,0.0,0.0,0.0,27.100748001033196
2025-06-27T13:00:00Z,2025-06-27T13:15:00Z,2025-06-27,2025-06-27_16,-1.1411310105679e-13,92,92,8,166.44195039999988,175.95167759999993,0.026415908888888968,0.0,10.33666,True,True,True,False,-3.0744922252225647e-12,74.53122227261076,123.47812370605516,96.2683124001814,0.0,18.338873884496323,312.61653226334056
2025-06-27T13:15:00Z,2025-06-27T13:30:00Z,2025-06-27,2025-06-27_16,-1.1411310105679e-13,92,92,8,175.95167759999993,177.01513919999994,0.003659615555555628,0.11684000000000001,1.2939800000000001,True,True,True,False,-3.0744922252225647e-12,74.53122227261076,123.47812370605516,96.2683124001814,12.67070213143522,-59.68351035353038,247.26485015674908
2025-06-27T13:30:00Z,2025-06-27T13:45:00Z,2025-06-27,2025-06-27_16,-1.1411310105679e-13,92,92,8,177.01513919999994,177.96010719999998,0.0026415777777778512,0.00276,1.0304000000000002,True,True,True,False,-3.0744922252225647e-12,74.53122227261076,123.47812370605516,96.2683124001814,0.29930792436461146,-53.629072382041535,240.94789392116732
2025-06-27T13:45:00Z,2025-06-27T14:00:00Z,2025-06-27,2025-06-27_16,-1.1411310105679e-13,92,92,8,177.96010719999998,186.32000000000002,0.02322192444444452,0.0,9.08684,True,True,True,False,-3.0744922252225647e-12,74.53122227261076,123.47812370605516,96.2683124001814,0.0,-132.90827100183373,161.36938737701053
2025-06-27T14:00:00Z,2025-06-27T14:15:00Z,2025-06-27,2025-06-27_17,-21.817165040116592,100,78,0,186.32000000000002,186.05221804074438,0.03169070688699509,6.87,2.09937,True,True,True,False,-627.243494903352,0.0,134.51111067294988,81.13433365538182,1298.719472760613,-87.2916862136956,799.829735971897
2025-06-27T14:15:00Z,2025-06-27T14:30:00Z,2025-06-27,2025-06-27_17,-21.817165040116592,100,78,0,186.05221804074438,178.38237371882533,0.03571499700602147,12.0775,0.0,True,True,True,False,-627.243494903352,0.0,134.51111067294988,81.13433365538182,2250.6080835814423,0.0,1839.010033006422
2025-06-27T14:30:00Z,2025-06-27T14:45:00Z,2025-06-27,2025-06-27_17,-21.817165040116592,100,78,0,178.38237371882533,165.69151484855303,0.044332641357864,16.857,0.0,True,True,True,False,-627.243494903352,0.0,134.51111067294988,81.13433365538182,5224.13775696512,0.0,4812.5397063901
2025-06-27T14:45:00Z,2025-06-27T15:00:00Z,2025-06-27,2025-06-27_17,-21.817165040116592,100,78,0,165.69151484855303,151.10816293043533,0.04860306893927451,18.875,0.24726,True,True,True,False,-627.243494903352,0.0,134.51111067294988,81.13433365538182,15960.623632115467,-10.968716280537098,15538.056865259909
2025-06-27T15:00:00Z,2025-06-27T15:15:00Z,2025-06-27,2025-06-27_18,0.0,19,19,81,151.10816293043533,152.63705113043534,0.004246911666666666,0.0,1.6618349999999997,True,True,True,False,0.0,754.628625510184,25.55711102786048,19.763491531439165,0.0,-49.737417102746605,750.211810966737
2025-06-27T15:15:00Z,2025-06-27T15:30:00Z,2025-06-27,2025-06-27_18,0.0,19,19,81,152.63705113043534,152.61061353913098,0.0001715199758454106,0.040565,0.019190000000000002,True,True,True,False,0.0,754.628625510184,25.55711102786048,19.763491531439165,5.59081471695881,-1.4602819251927361,804.0797608612497
2025-06-27T15:30:00Z,2025-06-27T15:45:00Z,2025-06-27,2025-06-27_18,0.0,19,19,81,152.61061353913098,152.6374674782614,0.00019391794685990338,0.01976,0.052535,True,True,True,False,0.0,754.628625510184,25.55711102786048,19.763491531439165,2.7233945225466805,-3.67433210363389,798.9982904883964
2025-06-27T15:45:00Z,2025-06-27T16:00:00Z,2025-06-27,2025-06-27_18,0.0,19,19,81,152.6374674782614,152.54377401739185,0.0003340640579710145,0.09842000000000001,0.014439999999999998,True,True,True,False,0.0,754.628625510184,25.55711102786048,19.763491531439165,13.564599641145968,-1.0806325768479996,812.4331951337815
2025-06-27T16:00:00Z,2025-06-27T16:15:00Z,2025-06-27,2025-06-27_19,0.0,100,100,0,152.54377401739185,161.46610271304402,0.024811420289855075,0.0045,9.7035,True,True,True,False,0.0,0.0,133.47595480805253,104.37328706350928,0.6210935189384229,-393.7879547291835,-155.3176193386833
2025-06-27T16:15:00Z,2025-06-27T16:30:00Z,2025-06-27,2025-06-27_19,0.0,100,100,0,161.46610271304402,159.7166174956527,0.011499014492753623,2.709,1.299,True,True,True,False,0.0,0.0,133.47595480805253,104.37328706350928,556.6742084508153,-78.0073614369935,716.5160888853836
2025-06-27T16:30:00Z,2025-06-27T16:45:00Z,2025-06-27,2025-06-27_19,0.0,100,100,0,159.7166174956527,144.54433488695707,0.042145229468599034,13.9585,0.0,True,True,True,False,0.0,0.0,133.47595480805253,104.37328706350928,3553.1107581284386,0.0,3790.9600000000005
2025-06-27T16:45:00Z,2025-06-27T17:00:00Z,2025-06-27,2025-06-27_19,0.0,100,100,0,144.54433488695707,129.0062914086962,0.04316123188405797,14.295,0.0,True,True,True,False,0.0,0.0,133.47595480805253,104.37328706350928,3624.856520496086,0.0,3862.705762367648
2025-06-27T17:00:00Z,2025-06-27T17:15:00Z,2025-06-27,2025-06-27_20,19.0,0,19,81,129.0062914086962,123.84841097391359,0.014327445652173912,0.0,0.00475,True,True,True,False,778.8575,754.628625510184,0.0,19.830924542066764,0.0,-0.36567423152000317,1552.9513758207306
2025-06-27T17:15:00Z,2025-06-27T17:30:00Z,2025-06-27,2025-06-27_20,19.0,0,19,81,123.84841097391359,118.70333488695707,0.01429187801932367,0.0,0.01653,True,True,True,False,778.8575,754.628625510184,0.0,19.830924542066764,0.0,-1.2701018790543606,1552.0469481731964
2025-06-27T17:30:00Z,2025-06-27T17:45:00Z,2025-06-27,2025-06-27_20,19.0,0,19,81,118.70333488695707,113.56238923478315,0.014280404589371982,0.0,0.02033,True,True,True,False,778.8575,754.628625510184,0.0,19.830924542066764,0.0,-1.5944160360431414,1551.7226340162076
2025-06-27T17:45:00Z,2025-06-27T18:00:00Z,2025-06-27,2025-06-27_20,19.0,0,19,81,113.56238923478315,108.42877510434838,0.014260039251207727,0.0,0.027075,True,True,True,False,778.8575,754.628625510184,0.0,19.830924542066764,0.0,-1.667693372044876,1551.6493566802058
2025-06-27T18:00:00Z,2025-06-27T18:15:00Z,2025-06-27,2025-06-27_21,34.0,66,100,0,108.42877510434838,99.48821218260925,0.025932917004830917,0.01782,0.3255,True,True,True,False,1508.75,0.0,88.46501173176647,104.37328706350928,2.459530334996155,-23.598220517775108,1680.4496086124968
2025-06-27T18:15:00Z,2025-06-27T18:30:00Z,2025-06-27,2025-06-27_21,34.0,66,100,0,99.48821218260925,89.2794780434788,0.028468914830917874,0.92169,0.033,True,True,True,False,1508.75,0.0,88.46501173176647,104.37328706350928,168.2883416310113,-2.5898594159749195,1867.286781010312
2025-06-27T18:30:00Z,2025-06-27T18:45:00Z,2025-06-27,2025-06-27_21,34.0,66,100,0,89.2794780434788,68.62772804347881,0.057365972222222214,10.49961,0.0,True,True,True,False,1508.75,0.0,88.46501173176647,104.37328706350928,3946.3872196916222,0.0,5647.975518486898
2025-06-27T18:45:00Z,2025-06-27T19:00:00Z,2025-06-27,2025-06-27_21,34.0,66,100,0,68.62772804347881,57.81508265217447,0.030068859420289855,1.45662,0.01,True,True,True,False,1508.75,0.0,88.46501173176647,104.37328706350928,236.27532689236352,-0.78869018277895,1937.0749355048604
2025-06-27T19:00:00Z,2025-06-27T19:15:00Z,2025-06-27,2025-06-27_22,0.0,20,20,80,57.81508265217447,55.19573482608751,0.007275966183574879,2.4098,0.0,True,True,True,False,0.0,745.3122227261076,26.87264625273577,20.874657412701858,563.9056488356963,0.0,1356.9651752272416
2025-06-27T19:15:00Z,2025-06-27T19:30:00Z,2025-06-27,2025-06-27_22,0.0,20,20,80,55.19573482608751,53.63127830434838,0.004345712560386473,1.4393,0.0,True,True,True,False,0.0,745.3122227261076,26.87264625273577,20.874657412701858,292.6015707553681,0.0,1085.6610971469133
2025-06-27T19:30:00Z,2025-06-27T19:45:00Z,2025-06-27,2025-06-27_22,0.0,20,20,80,53.63127830434838,53.484064739130986,0.0018875710144927536,0.3803,0.2893,True,True,True,False,0.0,745.3122227261076,26.87264625273577,20.874657412701858,65.28649549460734,-17.294341108504053,841.0516807776486
2025-06-27T19:45:00Z,2025-06-27T20:00:00Z,2025-06-27,2025-06-27_22,0.0,20,20,80,53.484064739130986,55.48736473913099,0.005564722222222223,0.0,2.1775,True,True,True,False,0.0,745.3122227261076,26.87264625273577,20.874657412701858,0.0,-84.62397766035058,708.4355487311947
2025-06-27T20:00:00Z,2025-06-27T20:15:00Z,2025-06-27,2025-06-27_23,3.0,16,19,81,55.48736473913099,54.96505426956577,0.0028672535265700477,0.01704,0.32908,True,True,True,False,97.53750000000001,754.628625510184,21.408206321351816,19.830924542066764,2.88266187668829,-14.416983315259184,881.8709349350316
2025-06-27T20:15:00Z,2025-06-27T20:30:00Z,2025-06-27,2025-06-27_23,3.0,16,19,81,54.96505426956577,54.22368373043533,0.0024240914975845406,0.00584,0.08474000000000001,True,True,True,False,97.53750000000001,754.628625510184,21.408206321351816,19.830924542066764,0.8123503677267978,-5.680188181477611,888.5374185598517
2025-06-27T20:30:00Z,2025-06-27T20:45:00Z,2025-06-27,2025-06-27_23,3.0,16,19,81,54.22368373043533,54.25509558260924,0.0037632515217391306,0.0,0.894615,True,True,True,False,97.53750000000001,754.628625510184,21.408206321351816,19.830924542066764,0.0,-42.834519692608005,850.5707366809945
2025-06-27T20:45:00Z,2025-06-27T21:00:00Z,2025-06-27,2025-06-27_23,3.0,16,19,81,54.25509558260924,54.02173913043533,0.0032945412560386475,0.0,0.61484,True,True,True,False,97.53750000000001,754.628625510184,21.408206321351816,19.830924542066764,0.0,-35.749387306031515,857.6558690675711
2025-06-27T21:00:00Z,2025-06-27T21:15:00Z,2025-06-28,2025-06-27_24,0.0,45,45,55,54.02173913043533,53.98047021739185,0.0005918858695652174,0.11699999999999999,0.093375,True,True,True,False,0.0,511.76644348168566,58.47430090586845,45.32788499409216,16.105356439543126,-5.936134501772352,625.737851319417
2025-06-27T21:15:00Z,2025-06-27T21:30:00Z,2025-06-28,2025-06-27_24,0.0,45,45,55,53.98047021739185,53.78638052173967,0.0005586880434782608,0.18180000000000002,0.0038250000000000003,True,True,True,False,0.0,511.76644348168566,58.47430090586845,45.32788499409216,25.025246159905475,-0.3012997243009059,640.2925758172508
2025-06-27T21:30:00Z,2025-06-27T21:45:00Z,2025-06-28,2025-06-27_24,0.0,45,45,55,53.78638052173967,53.823737173913585,0.00015268152173913044,0.0081,0.050175000000000004,True,True,True,False,0.0,511.76644348168566,58.47430090586845,45.32788499409216,1.1149862150452934,-3.9496854913351718,612.7339301053564
2025-06-27T21:45:00Z,2025-06-27T22:00:00Z,2025-06-28,2025-06-27_24,0.0,45,45,55,53.823737173913585,54.2190230434788,0.001288233695652174,0.03150000000000001,0.46687500000000004,True,True,True,False,0.0,511.76644348168566,58.47430090586845,45.32788499409216,4.33605750295392,-23.50455432749114,596.400132557109
2025-06-27T22:00:00Z,2025-06-27T22:15:00Z,2025-06-28,2025-06-28_1,-20.89657676843255,100,79,0,54.2190230434788,38.620416497138486,0.04939016277202207,19.4105,0.017775,True,True,True,False,-531.556671547003,0.0,129.49980307207562,80.01900354470264,22016.082495962975,-1.2072473365498226,21692.837383696202
2025-06-27T22:15:00Z,2025-06-27T22:30:00Z,2025-06-28,2025-06-28_1,-20.89657676843255,100,79,0,38.620416497138486,28.05433283769341,0.040445641317244804,14.6115,0.0,True,True,True,False,-531.556671547003,0.0,129.49980307207562,80.01900354470264,11700.467946829458,0.0,11378.430081899232
2025-06-27T22:30:00Z,2025-06-27T22:45:00Z,2025-06-28,2025-06-28_1,-20.89657676843255,100,79,0,28.05433283769341,31.37817935195665,0.019058736790063004,2.057,0.74102,True,True,True,False,-531.556671547003,0.0,129.49980307207562,80.01900354470264,296.235950571091,-37.45113328869633,-63.253047647830094
2025-06-27T22:45:00Z,2025-06-27T23:00:00Z,2025-06-28,2025-06-28_1,-20.89657676843255,100,79,0,31.37817935195665,38.816861608696136,0.020663006268720797,0.0,2.86138,True,True,True,False,-531.556671547003,0.0,129.49980307207562,80.01900354470264,0.0,-147.20216705395825,-469.240031984183
2025-06-27T23:00:00Z,2025-06-27T23:15:00Z,2025-06-28,2025-06-28_2,-13.999999999999488,51,37,49,38.816861608696136,39.441121026087316,0.012972580507246192,2.5653,0.08158499999999999,True,True,True,False,-315.1399999999885,455.9373769200472,66.04489956675856,37.477254824734146,649.1800314493895,-4.7600943373375335,888.7394684236034
2025-06-27T23:15:00Z,2025-06-27T23:30:00Z,2025-06-28,2025-06-28_2,-13.999999999999488,51,37,49,39.441121026087316,39.21324192173937,0.013875426400966041,3.311685,0.0,True,True,True,False,-315.1399999999885,455.9373769200472,66.04489956675856,37.477254824734146,483.89078631941703,0.0,728.2103176309685
2025-06-27T23:30:00Z,2025-06-27T23:45:00Z,2025-06-28,2025-06-28_2,-13.999999999999488,51,37,49,39.21324192173937,39.14999356521751,0.013711598768115792,3.1699049999999995,0.0185,True,True,True,False,-315.1399999999885,455.9373769200472,66.04489956675856,37.477254824734146,868.4559638784953,-1.429214257581725,1111.3462809324649
2025-06-27T23:45:00Z,2025-06-28T00:00:00Z,2025-06-28,2025-06-28_2,-13.999999999999488,51,37,49,39.14999356521751,42.33885698260869,0.00930481384057939,0.10200000000000001,0.08158499999999999,True,True,True,False,-315.1399999999885,455.9373769200472,66.04489956675856,37.477254824734146,14.040567152422213,-4.648384903505317,253.7117135604683
2025-06-28T00:00:00Z,2025-06-28T00:15:00Z,2025-06-28,2025-06-28_3,0.0,49,49,51,42.33885698260869,39.74851459130434,0.007195395531400966,2.383115,0.0,True,True,True,False,0.0,474.54706577392665,63.454903505317056,49.63204017329657,328.47941082709724,0.0,916.1134202796375
2025-06-28T00:15:00Z,2025-06-28T00:30:00Z,2025-06-28,2025-06-28_3,0.0,49,49,51,39.74851459130434,37.71739130434782,0.005650774685990337,1.8700849999999998,0.0017150000000000002,True,True,True,False,0.0,474.54706577392665,63.454903505317056,49.63204017329657,257.74912376526186,-0.13509255612445847,845.2480406616777
2025-06-28T00:30:00Z,2025-06-28T00:45:00Z,2025-06-28,2025-06-28_3,0.0,49,49,51,37.71739130434782,37.7769608173913,0.0006033935748792269,0.07252,0.15042999999999998,True,True,True,False,0.0,474.54706577392665,63.454903505317056,49.63204017329657,9.98256794013391,-9.58210661087042,588.0344707818037
2025-06-28T00:45:00Z,2025-06-28T01:00:00Z,2025-06-28,2025-06-28_3,0.0,49,49,51,37.7769608173913,37.79250532173912,0.00027989415458937194,0.0392,0.06321,True,True,True,False,0.0,474.54706577392665,63.454903505317056,49.63204017329657,5.395982670342654,-4.976225299330445,588.0537668235525
2025-06-28T01:00:00Z,2025-06-28T01:15:00Z,2025-06-28,2025-06-28_4,0.0,49,49,51,37.79250532173912,37.880211060869556,0.0003323951690821256,0.0147,0.1127,True,True,True,False,0.0,474.54706577392665,63.454903505317056,49.63204017329657,2.0234935013784954,-8.619863272942101,581.0376396809767
2025-06-28T01:15:00Z,2025-06-28T01:30:00Z,2025-06-28,2025-06-28_4,0.0,49,49,51,37.880211060869556,37.85409661739129,0.00014642123188405798,0.03626,0.014454999999999997,True,True,True,False,0.0,474.54706577392665,63.454903505317056,49.63204017329657,4.991283970066955,-1.11017132729421,591.515122095313
2025-06-28T01:30:00Z,2025-06-28T01:45:00Z,2025-06-28,2025-06-28_4,0.0,49,49,51,37.85409661739129,39.3722742695652,0.0043355176328502415,0.0196,1.67335,True,True,True,False,0.0,474.54706577392665,63.454903505317056,49.63204017329657,2.697991335171327,-37.21111238676644,553.1208884009452
2025-06-28T01:45:00Z,2025-06-28T02:00:00Z,2025-06-28,2025-06-28_4,0.0,49,49,51,39.3722742695652,43.6467598695652,0.01187357111111111,0.0,4.646179999999999,True,True,True,False,0.0,474.54706577392665,63.454903505317056,49.63204017329657,0.0,-74.8732181488775,512.7607913036628
2025-06-28T02:00:00Z,2025-06-28T02:15:00Z,2025-06-28,2025-06-28_5,0.0,49,49,51,43.6467598695652,45.20755303478259,0.00434737231884058,0.0019600000000000004,1.69883,True,True,True,False,0.0,474.54706577392665,63.454903505317056,49.35703032690035,0.26979913351713275,-24.042893975974795,563.5859047636864
2025-06-28T02:15:00Z,2025-06-28T02:30:00Z,2025-06-28,2025-06-28_5,0.0,49,49,51,45.20755303478259,45.24128974782607,0.000259413574879227,0.027440000000000003,0.06908999999999998,True,True,True,False,0.0,474.54706577392665,63.454903505317056,49.35703032690035,3.7771878692398584,-4.8474158979913335,586.2887715773926
2025-06-28T02:30:00Z,2025-06-28T02:45:00Z,2025-06-28,2025-06-28_5,0.0,49,49,51,45.24128974782607,48.10657454782607,0.007959124444444446,0.0,3.11444,True,True,True,False,0.0,474.54706577392665,63.454903505317056,49.35703032690035,0.0,-76.44668360771958,510.91231599842445
2025-06-28T02:45:00Z,2025-06-28T03:00:00Z,2025-06-28,2025-06-28_5,0.0,49,49,51,48.10657454782607,49.87686614782607,0.004917476666666667,0.0,1.9242299999999999,True,True,True,False,0.0,474.54706577392665,63.454903505317056,49.35703032690035,0.0,-76.5917811185506,510.7672184875935
2025-06-28T03:00:00Z,2025-06-28T03:15:00Z,2025-06-28,2025-06-28_6,17.99999289512546,31,49,51,49.87686614782607,45.03709822420129,0.013727415408403902,0.031775,0.08771,True,True,True,False,344.7898639061282,474.54706577392665,40.16325324931074,48.604371799921225,4.380169358014966,-5.668487611264276,906.8162364760375
2025-06-28T03:15:00Z,2025-06-28T03:30:00Z,2025-06-28,2025-06-28_6,17.99999289512546,31,49,51,45.03709822420129,41.53021654679204,0.014305331261044803,0.00062,1.411445,True,True,True,False,344.7898639061282,474.54706577392665,40.16325324931074,48.604371799921225,0.08546671918077983,-55.141970809373774,853.0480506390938
2025-06-28T03:30:00Z,2025-06-28T03:45:00Z,2025-06-28,2025-06-28_6,17.99999289512546,31,49,51,41.53021654679204,38.507746057449566,0.014553696103953951,0.0,1.9043849999999998,True,True,True,False,344.7898639061282,474.54706577392665,40.16325324931074,48.604371799921225,0.0,54.181215853682545,962.2857705829693
2025-06-28T03:45:00Z,2025-06-28T04:00:00Z,2025-06-28,2025-06-28_6,17.99999289512546,31,49,51,38.507746057449566,37.71739130434779,0.01570836741119429,0.0,4.178965,True,True,True,False,344.7898639061282,474.54706577392665,40.16325324931074,48.604371799921225,0.0,759.5561036490744,1667.6606583783612
2025-06-28T04:00:00Z,2025-06-28T04:15:00Z,2025-06-28,2025-06-28_7,33.31502568772062,66,100,0,37.71739130434779,30.70892449047882,0.02667320075188414,0.0165,2.114,True,True,True,False,629.9871357547969,0.0,85.76230799527373,99.19259551004332,2.27451752658527,115.69757975580937,932.9141365425086
2025-06-28T04:15:00Z,2025-06-28T04:30:00Z,2025-06-28,2025-06-28_7,33.31502568772062,66,100,0,30.70892449047882,21.848067008584465,0.025445128729352125,0.04224000000000001,0.244,True,True,True,False,629.9871357547969,0.0,85.76230799527373,99.19259551004332,5.822764868058291,-13.659723513194171,807.1050806149781
2025-06-28T04:30:00Z,2025-06-28T04:45:00Z,2025-06-28,2025-06-28_7,33.31502568772062,66,100,0,21.848067008584465,15.295645996897523,0.026989582241523473,0.01386,2.5785,True,True,True,False,629.9871357547969,0.0,85.76230799527373,99.19259551004332,1.9105947223316266,-86.05781833398976,730.7948156484558
2025-06-28T04:45:00Z,2025-06-28T05:00:00Z,2025-06-28,2025-06-28_7,33.31502568772062,66,100,0,15.295645996897523,17.648154295652063,0.0333104901046755,0.0,11.6905,True,True,True,False,629.9871357547969,0.0,85.76230799527373,99.19259551004332,0.0,9303.80315783773,10118.745197097844
2025-06-28T05:00:00Z,2025-06-28T05:15:00Z,2025-06-28,2025-06-28_8,0.0,100,100,0,17.648154295652063,17.600123860869452,0.0018200845410628018,0.3235,0.33,True,True,True,False,0.0,0.0,129.9428909019299,99.39936983064197,44.594328475777864,-16.707760929499802,257.22882827884996
2025-06-28T05:15:00Z,2025-06-28T05:30:00Z,2025-06-28,2025-06-28_8,0.0,100,100,0,17.600123860869452,20.591226469565104,0.00860149275362319,0.0485,3.3085000000000004,True,True,True,False,0.0,0.0,129.9428909019299,99.39936983064197,6.685703032690035,1817.9790516935805,2054.0070154588425
2025-06-28T05:30:00Z,2025-06-28T05:45:00Z,2025-06-28,2025-06-28_8,0.0,100,100,0,20.591226469565104,27.878086469565105,0.020241277777777778,0.0,7.9205,True,True,True,False,0.0,0.0,129.9428909019299,99.39936983064197,0.0,3049.23496346987,3278.577224202442
2025-06-28T05:45:00Z,2025-06-28T06:00:00Z,2025-06-28,2025-06-28_8,0.0,100,100,0,27.878086469565105,29.819286469565103,0.005392222222222223,0.0,2.11,True,True,True,False,0.0,0.0,129.9428909019299,99.39936983064197,0.0,-90.58290665616383,138.75935407640804
2025-06-28T06:00:00Z,2025-06-28T06:15:00Z,2025-06-28,2025-06-28_9,-1.000000000000096,100,99,0,29.819286469565103,17.277038043478175,0.035548464516908206,11.774,0.006435,True,True,True,False,-6.950000000000667,0.0,129.49980307207562,99.39966522252855,10989.422189838517,-0.3187567999212288,11211.0529013332
2025-06-28T06:15:00Z,2025-06-28T06:30:00Z,2025-06-28,2025-06-28_9,-1.000000000000096,100,99,0,17.277038043478175,10.167784999999938,0.020680064009661856,6.7625,0.0,True,True,True,False,-6.950000000000667,0.0,129.49980307207562,99.39966522252855,5099.465680385978,0.0,5321.415148680581
2025-06-28T06:30:00Z,2025-06-28T06:45:00Z,2025-06-28,2025-06-28_9,-1.000000000000096,100,99,0,10.167784999999938,10.481234608695612,0.0012413455314010274,0.062,0.163845,True,True,True,False,-6.950000000000667,0.0,129.49980307207562,99.39966522252855,6.666404096100826,-7.495182772745173,221.12068961795916
2025-06-28T06:45:00Z,2025-06-28T07:00:00Z,2025-06-28,2025-06-28_9,-1.000000000000096,100,99,0,10.481234608695612,10.599523095652156,0.0012851008695652778,0.16,0.06732,True,True,True,False,-6.950000000000667,0.0,129.49980307207562,99.39966522252855,17.203623473808584,-2.9672768176447426,236.18581495076734
2025-06-28T07:00:00Z,2025-06-28T07:15:00Z,2025-06-28,2025-06-28_10,0.0,100,100,0,10.599523095652156,10.208090052173894,0.0018233140096618355,0.482,0.144,True,True,True,False,0.0,0.0,129.0862544308783,100.40370224497833,51.82591571484836,-6.352901142181961,274.96297124852305
2025-06-28T07:15:00Z,2025-06-28T07:30:00Z,2025-06-28,2025-06-28_10,0.0,100,100,0,10.208090052173894,11.278687443478242,0.0031671183574879225,0.032,1.2015,True,True,True,False,0.0,0.0,129.0862544308783,100.40370224497833,3.440724694761717,282.50653239464356,515.437213765262
2025-06-28T07:30:00Z,2025-06-28T07:45:00Z,2025-06-28,2025-06-28_10,0.0,100,100,0,11.278687443478242,23.240067443478242,0.03322605555555556,0.0,13.0015,True,True,True,False,0.0,0.0,129.0862544308783,100.40370224497833,0.0,9444.027931370618,9673.517888046474
2025-06-28T07:45:00Z,2025-06-28T08:00:00Z,2025-06-28,2025-06-28_10,0.0,100,100,0,23.240067443478242,34.73960744347824,0.03194316666666667,0.0,12.4995,True,True,True,False,0.0,0.0,129.0862544308783,100.40370224497833,0.0,10625.136222134697,10854.626178810553
2025-06-28T08:00:00Z,2025-06-28T08:15:00Z,2025-06-28,2025-06-28_11,0.0,100,100,0,34.73960744347824,48.517527443478244,0.03827200000000001,0.0,14.976,True,True,True,False,0.0,0.0,129.49980307207562,100.40370224497833,0.0,11853.32704844427,12083.230553761323
2025-06-28T08:15:00Z,2025-06-28T08:30:00Z,2025-06-28,2025-06-28_11,0.0,100,100,0,48.517527443478244,60.763187443478245,0.03401572222222222,0.0,13.3105,True,True,True,False,0.0,0.0,129.49980307207562,100.40370224497833,0.0,11065.735812820007,11295.63931813706
2025-06-28T08:30:00Z,2025-06-28T08:45:00Z,2025-06-28,2025-06-28_11,0.0,100,100,0,60.763187443478245,67.77128744347824,0.019466944444444443,0.0,7.6175,True,True,True,False,0.0,0.0,129.49980307207562,100.40370224497833,0.0,2453.730558782985,2683.6340641000393
2025-06-28T08:45:00Z,2025-06-28T09:00:00Z,2025-06-28,2025-06-28_11,0.0,100,100,0,67.77128744347824,66.53606135652171,0.007737294685990336,1.8494999999999997,0.8425,True,True,True,False,0.0,0.0,129.49980307207562,100.40370224497833,232.7532740252067,-31.720174773532886,430.9366045687278
2025-06-28T09:00:00Z,2025-06-28T09:15:00Z,2025-06-28,2025-06-28_12,-100.0,100,0,0,66.53606135652171,82.86422135652171,0.045356,7.252,0.0,True,True,True,False,-12.5,0.0,129.49980307207562,0.0,2170.7915155573055,0.0,2287.7913186293813
2025-06-28T09:15:00Z,2025-06-28T09:30:00Z,2025-06-28,2025-06-28_12,-100.0,100,0,0,82.86422135652171,102.71184135652172,0.05513227777777779,3.4265,0.0,True,True,True,False,-12.5,0.0,129.49980307207562,0.0,456.2683674675068,0.0,573.2681705395823
2025-06-28T09:30:00Z,2025-06-28T09:45:00Z,2025-06-28,2025-06-28_12,-100.0,100,0,0,102.71184135652172,120.71348135652173,0.05000455555555556,5.433,0.0,True,True,True,False,-12.5,0.0,129.49980307207562,0.0,755.4780153603781,0.0,872.4778184324537
2025-06-28T09:45:00Z,2025-06-28T10:00:00Z,2025-06-28,2025-06-28_12,-100.0,100,0,0,120.71348135652173,134.31982135652171,0.03779538888888889,10.2105,0.0,True,True,True,False,-12.5,0.0,129.49980307207562,0.0,8944.30349556912,0.0,9061.303298641196
2025-06-28T10:00:00Z,2025-06-28T10:15:00Z,2025-06-28,2025-06-28_13,-68.99999999999997,100,31,0,134.31982135652171,145.1177381913043,0.0397650165700483,5.2195,0.0,True,True,True,False,-44.15999999999998,0.0,129.0862544308783,31.12514769594328,2377.241729519496,0.0,2493.2931316463178
2025-06-28T10:15:00Z,2025-06-28T10:30:00Z,2025-06-28,2025-06-28_13,-68.99999999999997,100,31,0,145.1177381913043,140.7747166608695,0.026874185362318857,20.8005,0.0,True,True,True,False,-44.15999999999998,0.0,129.0862544308783,31.12514769594328,24574.5536978141,0.0,24690.60509994092
2025-06-28T10:30:00Z,2025-06-28T10:45:00Z,2025-06-28,2025-06-28_13,-68.99999999999997,100,31,0,140.7747166608695,141.94398399999994,0.03156728850241546,15.128,0.0,True,True,True,False,-44.15999999999998,0.0,129.0862544308783,31.12514769594328,13660.351628200076,0.0,13776.403030326897
2025-06-28T10:45:00Z,2025-06-28T11:00:00Z,2025-06-28,2025-06-28_13,-68.99999999999997,100,31,0,141.94398399999994,140.02598086956516,0.028938819806763293,18.305,0.0,True,True,True,False,-44.15999999999998,0.0,129.0862544308783,31.12514769594328,19011.934197518705,0.0,19127.985599645526
2025-06-28T11:00:00Z,2025-06-28T11:15:00Z,2025-06-28,2025-06-28_14,0.0,100,100,0,140.02598086956516,129.2091330434782,0.030046799516908206,9.9515,0.0,True,True,True,False,0.0,0.0,129.49980307207562,100.40370224497833,6431.818283280818,0.0,6661.721788597872
2025-06-28T11:15:00Z,2025-06-28T11:30:00Z,2025-06-28,2025-06-28_14,0.0,100,100,0,129.2091330434782,117.3020678260869,0.033075181159420285,10.9545,0.0,True,True,True,False,0.0,0.0,129.49980307207562,100.40370224497833,8020.527659905473,0.0,8250.431165222528
2025-06-28T11:30:00Z,2025-06-28T11:45:00Z,2025-06-28,2025-06-28_14,0.0,100,100,0,117.3020678260869,110.8575026086956,0.017901570048309178,5.929,0.0,True,True,True,False,0.0,0.0,129.49980307207562,100.40370224497833,3042.0615480504134,0.0,3271.9650533674676
2025-06-28T11:45:00Z,2025-06-28T12:00:00Z,2025-06-28,2025-06-28_14,0.0,100,100,0,110.8575026086956,110.82609478260865,0.012645243961352658,2.1085,2.457,True,True,True,False,0.0,0.0,129.49980307207562,100.40370224497833,453.04099645529726,1494.104699881843,2177.0492016541943
2025-06-28T12:00:00Z,2025-06-28T12:15:00Z,2025-06-28,2025-06-28_15,0.0,100,100,0,110.82609478260865,114.15417826086953,0.00972776811594203,0.08,3.712,True,True,True,False,0.0,0.0,129.49980307207562,100.40370224497833,8.601811736904292,1283.0179314690824,1521.5232485230406
2025-06-28T12:15:00Z,2025-06-28T12:30:00Z,2025-06-28,2025-06-28_15,0.0,100,100,0,114.15417826086953,112.52793130434779,0.0046553526570048305,1.519,0.027,True,True,True,False,0.0,0.0,129.49980307207562,100.40370224497833,448.06072823946437,-1.5025622292241039,676.4616713272942
2025-06-28T12:30:00Z,2025-06-28T12:45:00Z,2025-06-28,2025-06-28_15,0.0,100,100,0,112.52793130434779,96.46053999999997,0.044631642512077296,14.782,0.0,True,True,True,False,0.0,0.0,129.49980307207562,100.40370224497833,13937.3446431666,0.0,14167.248148483653
2025-06-28T12:45:00Z,2025-06-28T13:00:00Z,2025-06-28,2025-06-28_15,0.0,100,100,0,96.46053999999997,83.78336608695649,0.03521437198067633,11.663,0.0,True,True,True,False,0.0,0.0,129.49980307207562,100.40370224497833,9060.880885978731,0.0,9290.784391295785
2025-06-28T13:00:00Z,2025-06-28T13:15:00Z,2025-06-28,2025-06-28_16,-100.0,100,0,0,83.78336608695649,101.52096608695649,0.04927111111111111,5.72,0.0,True,True,True,False,-1.5,0.0,129.49980307207562,0.0,3851.0119653406846,0.0,3979.0117684127604
2025-06-28T13:15:00Z,2025-06-28T13:30:00Z,2025-06-28,2025-06-28_16,-100.0,100,0,0,101.52096608695649,124.29648608695649,0.06326533333333334,0.244,0.0,True,True,True,False,-1.5,0.0,129.49980307207562,0.0,26.23552579755809,0.0,154.23532886963372
2025-06-28T13:30:00Z,2025-06-28T13:45:00Z,2025-06-28,2025-06-28_16,-100.0,100,0,0,124.29648608695649,144.1330660869565,0.055101611111111115,3.4385,0.0,True,True,True,False,-1.5,0.0,129.49980307207562,0.0,459.2787792437967,0.0,587.2785823158723
2025-06-28T13:45:00Z,2025-06-28T14:00:00Z,2025-06-28,2025-06-28_16,-100.0,100,0,0,144.1330660869565,165.9720260869565,0.060663777777777775,1.262,0.0,True,True,True,False,-1.5,0.0,129.49980307207562,0.0,167.779395825128,0.0,295.7791988972036
2025-06-28T14:00:00Z,2025-06-28T14:15:00Z,2025-06-28,2025-06-28_17,6.992659348208633,93,100,0,165.9720260869565,182.7253719388121,0.04863930336657084,0.0,20.0215,True,True,True,False,40.45253432938694,0.0,120.43481685703033,100.40370224497833,0.0,18613.30013844033,18874.591191871725
2025-06-28T14:15:00Z,2025-06-28T14:30:00Z,2025-06-28,2025-06-28_17,6.992659348208633,93,100,0,182.7253719388121,188.62492165532055,0.023728908117456003,0.05766,8.439,True,True,True,False,40.45253432938694,0.0,120.43481685703033,100.40370224497833,6.199755809373769,6132.528899763686,6400.019709004456
2025-06-28T14:30:00Z,2025-06-28T14:45:00Z,2025-06-28,2025-06-28_17,6.992659348208633,93,100,0,188.62492165532055,186.93549592962393,0.007181415649419296,0.25482000000000005,0.5235,True,True,True,False,40.45253432938694,0.0,120.43481685703033,100.40370224497833,27.3989208349744,-28.466936195352496,260.2230380710175
2025-06-28T14:45:00Z,2025-06-28T15:00:00Z,2025-06-28,2025-06-28_17,6.992659348208633,93,100,0,186.93549592962393,181.87268319999993,0.014101398361577644,2.91648,0.008,True,True,True,False,40.45253432938694,0.0,120.43481685703033,100.40370224497833,414.8293636234738,-0.6301693580149665,675.4902476968545
2025-06-28T15:00:00Z,2025-06-28T15:15:00Z,2025-06-28,2025-06-28_18,47.00000000000001,53,100,0,181.87268319999993,185.53229891304338,0.03498616079710145,0.194245,16.668,True,True,True,False,1195.3275000000003,0.0,68.63489562820007,100.40370224497833,26.774978674675065,15097.557977156357,16488.69905370421
2025-06-28T15:15:00Z,2025-06-28T15:30:00Z,2025-06-28,2025-06-28_18,47.00000000000001,53,100,0,185.53229891304338,181.85012746956514,0.034888624009661834,0.0,9.1035,True,True,True,False,1195.3275000000003,0.0,68.63489562820007,100.40370224497833,0.0,6305.288830149666,7669.654928022845
2025-06-28T15:30:00Z,2025-06-28T15:45:00Z,2025-06-28,2025-06-28_18,47.00000000000001,53,100,0,181.85012746956514,175.54248030434775,0.03505858879227053,0.0,6.474,True,True,True,False,1195.3275000000003,0.0,68.63489562820007,100.40370224497833,0.0,3982.8473820401728,5347.213479913352
2025-06-28T15:45:00Z,2025-06-28T16:00:00Z,2025-06-28,2025-06-28_18,47.00000000000001,53,100,0,175.54248030434775,170.37907926086947,0.034984514009661835,0.0,7.62,True,True,True,False,1195.3275000000003,0.0,68.63489562820007,100.40370224497833,0.0,5385.296195352501,6749.66229322568
2025-06-28T16:00:00Z,2025-06-28T16:15:00Z,2025-06-28,2025-06-28_19,0.0,100,100,0,170.37907926086947,179.18439926086947,0.024459222222222222,0.0,9.571,True,True,True,False,0.0,0.0,129.49980307207562,100.40370224497833,0.0,6911.319371209137,7141.222876526191
2025-06-28T16:15:00Z,2025-06-28T16:30:00Z,2025-06-28,2025-06-28_19,0.0,100,100,0,179.18439926086947,178.2004314347825,0.003124243961352657,0.97,0.0765,True,True,True,False,0.0,0.0,129.49980307207562,100.40370224497833,133.5883694367861,-6.025994486018117,357.46588026782194
2025-06-28T16:30:00Z,2025-06-28T16:45:00Z,2025-06-28,2025-06-28_19,0.0,100,100,0,178.2004314347825,164.9183662173912,0.036894625603864736,12.2195,0.0,True,True,True,False,0.0,0.0,129.49980307207562,100.40370224497833,9305.043370126034,0.0,9534.946875443087
2025-06-28T16:45:00Z,2025-06-28T17:00:00Z,2025-06-28,2025-06-28_19,0.0,100,100,0,164.9183662173912,145.83684447826076,0.05300422705314009,17.555,0.0,True,True,True,False,0.0,0.0,129.49980307207562,100.40370224497833,20613.552544308783,0.0,20843.45604962584
2025-06-28T17:00:00Z,2025-06-28T17:15:00Z,2025-06-28,2025-06-28_20,0.0,45,45,55,145.83684447826076,145.05796178260857,0.0021842630434782606,0.72,0.00405,True,True,True,False,0.0,511.76644348168566,58.47430090586845,45.341177628987786,107.57080740448994,-0.31104765655769984,722.8416817644742
2025-06-28T17:15:00Z,2025-06-28T17:30:00Z,2025-06-28,2025-06-28_20,0.0,45,45,55,145.05796178260857,144.79904547826072,0.0007767119565217391,0.24772499999999997,0.01125,True,True,True,False,0.0,511.76644348168566,58.47430090586845,45.341177628987786,34.14829120716817,-0.8250295391886567,648.9051836845214
2025-06-28T17:30:00Z,2025-06-28T17:45:00Z,2025-06-28,2025-06-28_20,0.0,45,45,55,144.79904547826072,144.32761960869553,0.001344016304347826,0.43942500000000007,0.006749999999999999,True,True,True,False,0.0,511.76644348168566,58.47430090586845,45.341177628987786,60.57453721937771,-0.5215139326506497,675.634945303269
2025-06-28T17:45:00Z,2025-06-28T18:00:00Z,2025-06-28,2025-06-28_20,0.0,45,45,55,144.32761960869553,144.295871521739,0.00023653913043478262,0.053774999999999996,0.029025000000000002,True,True,True,False,0.0,511.76644348168566,58.47430090586845,45.341177628987786,7.412859393461992,-2.1715707069712487,620.8232107030326
2025-06-28T18:00:00Z,2025-06-28T18:15:00Z,2025-06-28,2025-06-28_21,100.0,0,100,0,144.295871521739,129.48282804347812,0.04114734299516908,0.0,11.372,True,True,True,False,3147.25,0.0,0.0,99.19259551004332,0.0,9770.639659708546,13017.08225521859
2025-06-28T18:15:00Z,2025-06-28T18:30:00Z,2025-06-28,2025-06-28_21,100.0,0,100,0,129.48282804347812,128.80511065217377,0.001882548309178741,0.0,24.3765,True,True,True,False,3147.25,0.0,0.0,99.19259551004332,0.0,23036.210135978727,26282.65273148877
2025-06-28T18:30:00Z,2025-06-28T18:45:00Z,2025-06-28,2025-06-28_21,100.0,0,100,0,128.80511065217377,109.60619760869551,0.05333031400966183,0.0,7.336999999999999,True,True,True,False,3147.25,0.0,0.0,99.19259551004332,0.0,3663.2291500590773,6909.6717455691205
2025-06-28T18:45:00Z,2025-06-28T19:00:00Z,2025-06-28,2025-06-28_21,100.0,0,100,0,109.60619760869551,82.54967586956508,0.07515700483091788,0.0,0.108,True,True,True,False,3147.25,0.0,0.0,99.19259551004332,0.0,-6.966127609294997,3239.4764679007485
2025-06-28T19:00:00Z,2025-06-28T19:15:00Z,2025-06-28,2025-06-28_22,45.0,11,56,44,82.54967586956508,70.37874305217377,0.03389360449275363,0.029810000000000003,0.08511999999999999,True,True,True,False,1430.8875,409.4131547853485,14.293717999212287,55.54785348562426,4.109294998030721,-5.096237321780228,1909.1552839464357
2025-06-28T19:15:00Z,2025-06-28T19:30:00Z,2025-06-28,2025-06-28_22,45.0,11,56,44,70.37874305217377,58.32121044347814,0.03366884057971014,0.01265,0.17500000000000002,True,True,True,False,1430.8875,409.4131547853485,14.293717999212287,55.54785348562426,1.74379677038204,-11.278643166601025,1900.6073798739662
2025-06-28T19:30:00Z,2025-06-28T19:45:00Z,2025-06-28,2025-06-28_22,45.0,11,56,44,58.32121044347814,46.58639853913031,0.033067279734299515,0.000605,0.4687199999999999,True,True,True,False,1430.8875,409.4131547853485,14.293717999212287,55.54785348562426,0.08339897597479322,-26.299271839306808,1883.9263534068532
2025-06-28T19:45:00Z,2025-06-28T20:00:00Z,2025-06-28,2025-06-28_22,45.0,11,56,44,46.58639853913031,33.92118658260857,0.0351811443236715,0.401995,0.0,True,True,True,False,1430.8875,409.4131547853485,14.293717999212287,55.54785348562426,74.13292866581331,0.0,1984.2751549359984
2025-06-28T20:00:00Z,2025-06-28T20:15:00Z,2025-06-28,2025-06-28_23,0.0,100,100,0,33.92118658260857,13.379882234782485,0.057059178743961346,18.898,0.0,True,True,True,False,0.0,0.0,129.9428909019299,102.70775896022056,18874.513336352895,0.0,19107.163986215044
2025-06-28T20:15:00Z,2025-06-28T20:30:00Z,2025-06-28,2025-06-28_23,0.0,100,100,0,13.379882234782485,10.810913539130311,0.007350690821256039,2.399,0.042,True,True,True,False,0.0,0.0,129.9428909019299,102.70775896022056,468.3227833792832,-2.8081937770775895,698.1652394643561
2025-06-28T20:30:00Z,2025-06-28T20:45:00Z,2025-06-28,2025-06-28_23,0.0,100,100,0,10.810913539130311,10.264762234782484,0.0015656425120772943,0.5105,0.0095,True,True,True,False,0.0,0.0,129.9428909019299,102.70775896022056,84.64055819220164,-0.7296179598267033,316.5615900945254
2025-06-28T20:45:00Z,2025-06-28T21:00:00Z,2025-06-28,2025-06-28_23,0.0,100,100,0,10.264762234782484,10.28801701739118,0.0009371811594202898,0.1445,0.196,True,True,True,False,0.0,0.0,129.9428909019299,102.70775896022056,22.566557601417877,-11.736918471839306,243.48028899172903
2025-06-28T21:00:00Z,2025-06-28T21:15:00Z,2025-06-29,2025-06-28_24,0.0,65,100,0,10.28801701739118,10.006289626086833,0.0017255760869565218,0.41535,0.1845,True,True,True,False,0.0,0.0,84.46287908625443,102.70775896022056,57.203870175265855,-7.563991335171326,236.81051688656953
2025-06-28T21:15:00Z,2025-06-28T21:30:00Z,2025-06-29,2025-06-28_24,0.0,65,100,0,10.006289626086833,10.370614626086834,0.0011474305555555554,0.022425000000000004,0.4225,True,True,True,False,0.0,0.0,84.46287908625443,102.70775896022056,3.0868599842457662,-25.0679450571091,165.18955297361165
2025-06-28T21:30:00Z,2025-06-28T21:45:00Z,2025-06-29,2025-06-28_24,0.0,65,100,0,10.370614626086834,10.634817234782487,0.000804548309178744,0.011699999999999999,0.301,True,True,True,False,0.0,0.0,84.46287908625443,102.70775896022056,1.6105356439543124,-18.52323651043718,170.25793717999213
2025-06-28T21:45:00Z,2025-06-28T22:00:00Z,2025-06-29,2025-06-28_24,0.0,65,100,0,10.634817234782487,16.44398179999988,0.016260209541062803,0.020475,6.3385,True,True,True,False,0.0,0.0,84.46287908625443,102.70775896022056,2.818437376920047,4989.441770086648,5179.430845510043
2025-06-28T22:00:00Z,2025-06-28T22:15:00Z,2025-06-29,2025-06-29_1,46.87784816472636,53,100,0,16.44398179999988,10.000000000000021,0.0350202155625292,0.0,6.3055,True,True,True,False,1114.1692562551336,0.0,68.86973217802284,102.38282788499407,0.0,405.87279155179203,1691.2946078699426
2025-06-28T22:15:00Z,2025-06-28T22:30:00Z,2025-06-29,2025-06-29_1,46.87784816472636,53,100,0,10.000000000000021,14.127152033417126,0.03440784739808539,0.0,16.895,True,True,True,False,1114.1692562551336,0.0,68.86973217802284,102.38282788499407,0.0,15547.229488972034,16832.651305290186
2025-06-28T22:30:00Z,2025-06-28T22:45:00Z,2025-06-29,2025-06-29_1,46.87784816472636,53,100,0,14.127152033417126,17.158208410845578,0.03447134239261387,0.0,15.797,True,True,True,False,1114.1692562551336,0.0,68.86973217802284,102.38282788499407,0.0,12640.65176388342,13926.07358020157
2025-06-28T22:45:00Z,2025-06-28T23:00:00Z,2025-06-29,2025-06-29_1,46.87784816472636,53,100,0,17.158208410845578,20.646470444415023,0.03444485723096173,0.0,16.255,True,True,True,False,1114.1692562551336,0.0,68.86973217802284,102.38282788499407,0.0,14263.624854273336,15549.046670591486
2025-06-28T23:00:00Z,2025-06-28T23:15:00Z,2025-06-29,2025-06-29_2,0.0,100,100,0,20.646470444415023,23.80023044441502,0.008760444444444444,0.0,3.428,True,True,True,False,0.0,0.0,129.9428909019299,102.70775896022056,0.0,488.0809082315872,720.7315580937377
2025-06-28T23:15:00Z,2025-06-28T23:30:00Z,2025-06-29,2025-06-29_2,0.0,100,100,0,23.80023044441502,30.553950444415023,0.018760333333333334,0.0,7.341,True,True,True,False,0.0,0.0,129.9428909019299,102.70775896022056,0.0,5732.764425561245,5965.415075423395
2025-06-28T23:30:00Z,2025-06-28T23:45:00Z,2025-06-29,2025-06-29_2,0.0,100,100,0,30.553950444415023,37.204630444415024,0.018474111111111115,0.0,7.229000000000001,True,True,True,False,0.0,0.0,129.9428909019299,102.70775896022056,0.0,1781.1398997636866,2013.790549625837
2025-06-28T23:45:00Z,2025-06-29T00:00:00Z,2025-06-29,2025-06-29_2,0.0,100,100,0,37.204630444415024,45.31167044441502,0.022519555555555553,0.0,8.812,True,True,True,False,0.0,0.0,129.9428909019299,102.70775896022056,0.0,2844.8408830248122,3077.491532886963
2025-06-29T00:00:00Z,2025-06-29T00:15:00Z,2025-06-29,2025-06-29_3,59.91593234929644,40,100,0,45.31167044441502,36.90737622961011,0.039166665898788845,0.0,7.7225,True,True,True,False,1343.0156236094797,0.0,51.97715636077196,102.70775896022056,0.0,4053.0380897991336,5550.738628729606
2025-06-29T00:15:00Z,2025-06-29T00:30:00Z,2025-06-29,2025-06-29_3,59.91593234929644,40,100,0,36.90737622961011,43.74187333389914,0.02744385969987626,0.0,22.662,True,True,True,False,1343.0156236094797,0.0,51.97715636077196,102.70775896022056,0.0,24245.559687672314,25743.260226602786
2025-06-29T00:30:00Z,2025-06-29T00:45:00Z,2025-06-29,2025-06-29_3,59.91593234929644,40,100,0,43.74187333389914,35.08359076349636,0.039362052541148315,0.0,7.4735,True,True,True,False,1343.0156236094797,0.0,51.97715636077196,102.70775896022056,0.0,3523.4932801299724,5021.193819060444
2025-06-29T00:45:00Z,2025-06-29T01:00:00Z,2025-06-29,2025-06-29_3,59.91593234929644,40,100,0,35.08359076349636,26.585963478260908,0.03923846460471611,0.0,7.631,True,True,True,False,1343.0156236094797,0.0,51.97715636077196,102.70775896022056,0.0,-111.33926545884206,1386.36127347163
2025-06-29T01:00:00Z,2025-06-29T01:15:00Z,2025-06-29,2025-06-29_4,0.0,100,100,0,26.585963478260908,27.170051304347865,0.0018760893719806766,0.042,0.6845,True,True,True,False,0.0,0.0,129.9428909019299,102.38282788499407,5.781410003938558,-31.7574031114612,206.34972567940133
2025-06-29T01:15:00Z,2025-06-29T01:30:00Z,2025-06-29,2025-06-29_4,0.0,100,100,0,27.170051304347865,31.217591304347863,0.011243166666666665,0.0,4.3995,True,True,True,False,0.0,0.0,129.9428909019299,102.38282788499407,0.0,-2.9647674281213074,229.36095135880265
2025-06-29T01:30:00Z,2025-06-29T01:45:00Z,2025-06-29,2025-06-29_4,0.0,100,100,0,31.217591304347863,34.123871304347865,0.008072999999999999,0.0,3.159,True,True,True,False,0.0,0.0,129.9428909019299,102.38282788499407,0.0,-91.2557835762111,141.06993521071286
2025-06-29T01:45:00Z,2025-06-29T02:00:00Z,2025-06-29,2025-06-29_4,0.0,100,100,0,34.123871304347865,37.71739130434786,0.009982000000000001,0.0,3.9060000000000006,True,True,True,False,0.0,0.0,129.9428909019299,102.38282788499407,0.0,1987.2732654588422,2219.598984245766
2025-06-29T02:00:00Z,2025-06-29T02:15:00Z,2025-06-29,2025-06-29_5,0.0,49,49,51,37.71739130434786,38.03004880000004,0.0010060836231884059,0.022785,0.366765,True,True,True,False,0.0,474.54706577392665,63.672016541945645,50.32680189050807,3.1364149271366677,-17.97386846691611,573.708430666601
2025-06-29T02:15:00Z,2025-06-29T02:30:00Z,2025-06-29,2025-06-29_5,0.0,49,49,51,38.03004880000004,38.04915539130439,0.00022617169082125605,0.028665,0.054635,True,True,True,False,0.0,474.54706577392665,63.672016541945645,50.32680189050807,3.9458123276880657,-3.700181734935014,588.7915147991334
2025-06-29T02:30:00Z,2025-06-29T02:45:00Z,2025-06-29,2025-06-29_5,0.0,49,49,51,38.04915539130439,38.45014199130439,0.0011138516666666667,0.0,0.435855,True,True,True,False,0.0,474.54706577392665,63.672016541945645,50.32680189050807,0.0,-21.660997848562424,566.8848863578179
2025-06-29T02:45:00Z,2025-06-29T03:00:00Z,2025-06-29,2025-06-29_5,0.0,49,49,51,38.45014199130439,38.70784108695657,0.0008193936231884059,0.017150000000000002,0.30037,True,True,True,False,0.0,474.54706577392665,63.672016541945645,50.32680189050807,2.3607424182749117,15.083388910988578,605.9900155356438
2025-06-29T03:00:00Z,2025-06-29T03:15:00Z,2025-06-29,2025-06-29_6,3.130138788492431,96,100,0,38.70784108695657,47.11090744185647,0.026176838100519264,0.0,10.0015,True,True,True,False,66.75020966460109,0.0,138.21504529342258,99.19259551004332,0.0,5953.252050413549,6257.4099008816165
2025-06-29T03:15:00Z,2025-06-29T03:30:00Z,2025-06-29,2025-06-29_6,3.130138788492431,96,100,0,47.11090744185647,53.15464757109684,0.02010515014945147,0.0,7.451499999999999,True,True,True,False,66.75020966460109,0.0,138.21504529342258,99.19259551004332,0.0,2063.358209137455,2367.516059605522
2025-06-29T03:30:00Z,2025-06-29T03:45:00Z,2025-06-29,2025-06-29_6,3.130138788492431,96,100,0,53.15464757109684,55.97952654776093,0.011821462940916232,0.0,3.9725,True,True,True,False,66.75020966460109,0.0,138.21504529342258,99.19259551004332,0.0,316.53346248523036,620.6913129532974
2025-06-29T03:45:00Z,2025-06-29T04:00:00Z,2025-06-29,2025-06-29_6,3.130138788492431,96,100,0,55.97952654776093,56.97861826086975,0.007181460109399643,0.01008,2.011,True,True,True,False,66.75020966460109,0.0,138.21504529342258,99.19259551004332,1.3895234344230012,-83.09453584088223,222.45283806160776
2025-06-29T04:00:00Z,2025-06-29T04:15:00Z,2025-06-29,2025-06-29_7,0.0,100,100,0,56.97861826086975,46.917748695652364,0.02794685990338164,9.256,0.0,True,True,True,False,0.0,0.0,143.97400551398187,99.19259551004332,1814.8467774714454,0.0,2058.0133784954705
2025-06-29T04:15:00Z,2025-06-29T04:30:00Z,2025-06-29,2025-06-29_7,0.0,100,100,0,46.917748695652364,32.911295652174104,0.0394204806763285,12.971,0.1005,True,True,True,False,0.0,0.0,143.97400551398187,99.19259551004332,6654.730935801496,-5.404695254037022,6892.492841571485
2025-06-29T04:30:00Z,2025-06-29T04:45:00Z,2025-06-29,2025-06-29_7,0.0,100,100,0,32.911295652174104,32.92127304347845,0.0004987294685990338,0.078,0.103,True,True,True,False,0.0,0.0,143.97400551398187,99.19259551004332,10.752264671130366,-7.155964552973611,246.76290114218193
2025-06-29T04:45:00Z,2025-06-29T05:00:00Z,2025-06-29,2025-06-29_7,0.0,100,100,0,32.92127304347845,33.20625391304367,0.0013984975845410628,0.1005,0.4285,True,True,True,False,0.0,0.0,143.97400551398187,99.19259551004332,13.85387948011028,-22.724929598267032,234.29555090586842
2025-06-29T05:00:00Z,2025-06-29T05:15:00Z,2025-06-29,2025-06-29_8,0.0,100,100,0,33.20625391304367,12.731797391304536,0.05687349033816425,18.8365,0.0,True,True,True,False,0.0,0.0,129.9428909019299,102.61914139424971,21100.43734610083,0.0,21332.99937839701
2025-06-29T05:15:00Z,2025-06-29T05:30:00Z,2025-06-29,2025-06-29_8,0.0,100,100,0,12.731797391304536,10.000000000000188,0.007912881642512077,2.567,0.0635,True,True,True,False,0.0,0.0,129.9428909019299,102.61914139424971,336.5929462386766,-3.8081867861362744,565.34679174872
2025-06-29T05:30:00Z,2025-06-29T05:45:00Z,2025-06-29,2025-06-29_8,0.0,100,100,0,10.000000000000188,12.465734782608884,0.007027403381642512,0.029499999999999995,2.715,True,True,True,False,0.0,0.0,129.9428909019299,102.61914139424971,3.8118786923985812,1816.1184629775503,2052.4923739661285
2025-06-29T05:45:00Z,2025-06-29T06:00:00Z,2025-06-29,2025-06-29_8,0.0,100,100,0,12.465734782608884,29.105314782608886,0.046221055555555564,0.0,18.0865,True,True,True,False,0.0,0.0,129.9428909019299,102.61914139424971,0.0,15474.318592654588,15706.880624950769
2025-06-29T06:00:00Z,2025-06-29T06:15:00Z,2025-06-29,2025-06-29_9,43.00000000000001,57,100,0,29.105314782608886,20.802075060869754,0.033179648115942026,0.057,3.472,True,True,True,False,66.54250000000002,0.0,74.06744781410003,102.97361165813312,5.404111855061047,1559.610366285939,1808.5980376132334
2025-06-29T06:15:00Z,2025-06-29T06:30:00Z,2025-06-29,2025-06-29_9,43.00000000000001,57,100,0,20.802075060869754,10.18149304347845,0.03267860671497585,0.015960000000000002,1.0905,True,True,True,False,66.54250000000002,0.0,74.06744781410003,102.97361165813312,1.5131513194170934,-17.45122124852304,227.64548954312724
2025-06-29T06:30:00Z,2025-06-29T06:45:00Z,2025-06-29,2025-06-29_9,43.00000000000001,57,100,0,10.18149304347845,12.46014020869584,0.034687244541062805,0.0,14.079,True,True,True,False,66.54250000000002,0.0,74.06744781410003,102.97361165813312,0.0,9216.119499606144,9459.703059078378
2025-06-29T06:45:00Z,2025-06-29T07:00:00Z,2025-06-29,2025-06-29_9,43.00000000000001,57,100,0,12.46014020869584,21.516689147826273,0.035769459613526566,0.0,20.913,True,True,True,False,66.54250000000002,0.0,74.06744781410003,102.97361165813312,0.0,21813.32565360378,22056.909213076015
2025-06-29T07:00:00Z,2025-06-29T07:15:00Z,2025-06-29,2025-06-29_10,0.0,100,100,0,21.516689147826273,26.944689147826274,0.01507777777777778,0.0,5.9,True,True,True,False,0.0,0.0,129.49980307207562,100.40370224497833,0.0,3517.221445450965,3747.124950768019
2025-06-29T07:15:00Z,2025-06-29T07:30:00Z,2025-06-29,2025-06-29_10,0.0,100,100,0,26.944689147826274,39.33064914782627,0.03440544444444444,0.0,13.463,True,True,True,False,0.0,0.0,129.49980307207562,100.40370224497833,0.0,15006.706076014178,15236.609581331231
2025-06-29T07:30:00Z,2025-06-29T07:45:00Z,2025-06-29,2025-06-29_10,0.0,100,100,0,39.33064914782627,49.03940914782628,0.026968777777777782,0.0,10.553,True,True,True,False,0.0,0.0,129.49980307207562,100.40370224497833,0.0,8315.574885584876,8545.47839090193
2025-06-29T07:45:00Z,2025-06-29T08:00:00Z,2025-06-29,2025-06-29_10,0.0,100,100,0,49.03940914782628,58.81210914782628,0.02714638888888889,0.0,10.6225,True,True,True,False,0.0,0.0,129.49980307207562,100.40370224497833,0.0,6095.741916108704,6325.645421425757
2025-06-29T08:00:00Z,2025-06-29T08:15:00Z,2025-06-29,2025-06-29_11,27.0,73,100,0,58.81210914782628,55.751307321739326,0.025049705072463763,0.00365,4.435,True,True,True,False,0.0,0.0,94.5348562426152,100.40370224497833,0.3738957069712486,1202.532171130366,1397.8446253249306
2025-06-29T08:15:00Z,2025-06-29T08:30:00Z,2025-06-29,2025-06-29_11,27.0,73,100,0,55.751307321739326,49.86228050434802,0.02209126004830918,0.032119999999999996,1.5365,True,True,True,False,0.0,0.0,94.5348562426152,100.40370224497833,3.453627412367073,-58.08078928712091,140.3113966128397
2025-06-29T08:30:00Z,2025-06-29T08:45:00Z,2025-06-29,2025-06-29_11,27.0,73,100,0,49.86228050434802,47.44529295652193,0.02573505874396135,0.0,5.098,True,True,True,False,0.0,0.0,94.5348562426152,100.40370224497833,0.0,3217.666249310752,3412.6048077983455
2025-06-29T08:45:00Z,2025-06-29T09:00:00Z,2025-06-29,2025-06-29_11,27.0,73,100,0,47.44529295652193,47.78828989565237,0.028745009613526572,0.0014600000000000001,7.9595,True,True,True,False,0.0,0.0,94.5348562426152,100.40370224497833,0.15698306419850336,5148.414011027963,5343.509552579755
2025-06-29T09:00:00Z,2025-06-29T09:15:00Z,2025-06-29,2025-06-29_12,4.336808689942018e-15,100,100,0,47.78828989565237,47.520297721739325,0.0012453115942029018,0.3295,0.098,True,True,True,False,-2.2768245622195593e-16,0.0,129.9428909019299,100.40370224497833,35.42871209137456,-4.927134304844427,260.8481709334384
2025-06-29T09:15:00Z,2025-06-29T09:30:00Z,2025-06-29,2025-06-29_12,4.336808689942018e-15,100,100,0,47.520297721739325,43.94529772173932,0.009930555555555559,3.289,0.0,True,True,True,False,-2.2768245622195593e-16,0.0,129.9428909019299,100.40370224497833,430.197054745963,0.0,660.5436478928713
2025-06-29T09:30:00Z,2025-06-29T09:45:00Z,2025-06-29,2025-06-29_12,4.336808689942018e-15,100,100,0,43.94529772173932,51.59560206956541,0.021299154589371982,0.008,8.325,True,True,True,False,-2.2768245622195593e-16,0.0,129.9428909019299,100.40370224497833,0.8601811736904292,6409.135191020086,6640.3419653406845
2025-06-29T09:45:00Z,2025-06-29T10:00:00Z,2025-06-29,2025-06-29_12,4.336808689942018e-15,100,100,0,51.59560206956541,60.89910206956541,0.025843055555555564,0.0,10.1125,True,True,True,False,-2.2768245622195593e-16,0.0,129.9428909019299,100.40370224497833,0.0,6978.4315306222925,7208.778123769201
2025-06-29T10:00:00Z,2025-06-29T10:15:00Z,2025-06-29,2025-06-29_13,4.163336342344337e-15,100,100,0,60.89910206956541,79.99278206956541,0.05303800000000001,0.0,20.754,True,True,True,False,-4.81906181626357e-15,0.0,129.49980307207562,100.75817250886175,0.0,18081.43409846396,18311.6920740449
2025-06-29T10:15:00Z,2025-06-29T10:30:00Z,2025-06-29,2025-06-29_13,4.163336342344337e-15,100,100,0,79.99278206956541,83.99728467826107,0.012597048309178746,0.244,4.641,True,True,True,False,-4.81906181626357e-15,0.0,129.49980307207562,100.75817250886175,26.23552579755809,1697.05595352501,1953.5494549035054
2025-06-29T10:30:00Z,2025-06-29T10:45:00Z,2025-06-29,2025-06-29_13,4.163336342344337e-15,100,100,0,83.99728467826107,82.07128293913064,0.005380671497584543,1.7769999999999997,0.006,True,True,True,False,-4.81906181626357e-15,0.0,129.49980307207562,100.75817250886175,226.39847853485617,-0.46081134304844423,456.1956427727451
2025-06-29T10:45:00Z,2025-06-29T11:00:00Z,2025-06-29,2025-06-29_13,4.163336342344337e-15,100,100,0,82.07128293913064,81.84726815652193,0.001074596618357491,0.281,0.0885,True,True,True,False,-4.81906181626357e-15,0.0,129.49980307207562,100.75817250886175,30.21386372587633,-5.41847262701851,255.05336667979518
2025-06-29T11:00:00Z,2025-06-29T11:15:00Z,2025-06-29,2025-06-29_14,-48.794132269213804,49,0,51,81.84726815652193,91.20443933923393,0.026043546948765258,2.02615,0.0,True,True,True,False,163.58232843253927,474.54706577392665,63.454903505317056,0.0,398.78047487199683,0.0,1100.3647725837798
2025-06-29T11:15:00Z,2025-06-29T11:30:00Z,2025-06-29,2025-06-29_14,-48.794132269213804,49,0,51,91.20443933923393,101.91774851301166,0.029773227455424687,0.55321,0.0,True,True,True,False,163.58232843253927,474.54706577392665,63.454903505317056,0.0,66.59818258172508,0.0,768.1824802935081
2025-06-29T11:30:00Z,2025-06-29T11:45:00Z,2025-06-29,2025-06-29_14,-48.794132269213804,49,0,51,101.91774851301166,113.12506004880434,0.03113184360805013,0.01666,0.0,True,True,True,False,163.58232843253927,474.54706577392665,63.454903505317056,0.0,1.7913272942103189,0.0,703.3756250059932
2025-06-29T11:45:00Z,2025-06-29T12:00:00Z,2025-06-29,2025-06-29_14,-48.794132269213804,49,0,51,113.12506004880434,124.05717392173938,0.030374988947683444,0.31556,0.0,True,True,True,False,163.58232843253927,474.54706577392665,63.454903505317056,0.0,36.29524140212682,0.0,737.8795391139098
2025-06-29T12:00:00Z,2025-06-29T12:15:00Z,2025-06-29,2025-06-29_15,4.163336342344337e-15,100,100,0,124.05717392173938,128.66575740000025,0.013006934782608698,0.034,5.0495,True,True,True,False,-5.693362448155881e-15,0.0,129.49980307207562,100.40370224497833,3.6557699881843244,103.3725525797558,336.9318278849941
2025-06-29T12:15:00Z,2025-06-29T12:30:00Z,2025-06-29,2025-06-29_15,4.163336342344337e-15,100,100,0,128.66575740000025,136.48851740000023,0.021729888888888892,0.0,8.503,True,True,True,False,-5.693362448155881e-15,0.0,129.49980307207562,100.40370224497833,0.0,1451.6737540370225,1681.5772593540764
2025-06-29T12:30:00Z,2025-06-29T12:45:00Z,2025-06-29,2025-06-29_15,4.163336342344337e-15,100,100,0,136.48851740000023,148.16975740000024,0.03244788888888889,0.0,12.697,True,True,True,False,-5.693362448155881e-15,0.0,129.49980307207562,100.40370224497833,0.0,7744.132336549821,7974.035841866875
2025-06-29T12:45:00Z,2025-06-29T13:00:00Z,2025-06-29,2025-06-29_15,4.163336342344337e-15,100,100,0,148.16975740000024,164.16901740000023,0.044442388888888885,0.0,17.3905,True,True,True,False,-5.693362448155881e-15,0.0,129.49980307207562,100.40370224497833,0.0,14047.66096652225,14277.564471839303
2025-06-29T13:00:00Z,2025-06-29T13:15:00Z,2025-06-29,2025-06-29_16,0.0,49,49,51,164.16901740000023,166.35198913043502,0.007108315193236716,0.17296999999999998,2.5771550000000003,True,True,True,False,0.0,474.54706577392665,63.454903505317056,49.19781410003938,23.368321937770773,247.575374576605,858.1434798936589
2025-06-29T13:15:00Z,2025-06-29T13:30:00Z,2025-06-29,2025-06-29_16,0.0,49,49,51,166.35198913043502,163.29588043478284,0.00848919082125604,2.8116200000000005,0.0,True,True,True,False,0.0,474.54706577392665,63.454903505317056,49.19781410003938,571.6707816502561,0.0,1158.8705650295392
2025-06-29T13:30:00Z,2025-06-29T13:45:00Z,2025-06-29,2025-06-29_16,0.0,49,49,51,163.29588043478284,161.68420652173936,0.004476871980676328,1.48274,0.0,True,True,True,False,0.0,474.54706577392665,63.454903505317056,49.19781410003938,196.1304700748326,0.0,783.3302534541157
2025-06-29T13:45:00Z,2025-06-29T14:00:00Z,2025-06-29,2025-06-29_16,0.0,49,49,51,161.68420652173936,161.3081046782611,0.0010797895652173912,0.35181999999999997,0.006860000000000001,True,True,True,False,0.0,474.54706577392665,63.454903505317056,49.19781410003938,40.10962777865301,-0.517211307601418,626.7921998503347
2025-06-29T14:00:00Z,2025-06-29T14:15:00Z,2025-06-29,2025-06-29_17,-47.81457556717905,100,52,0,161.3081046782611,173.52625063404844,0.034438774380363565,0.1585,1.50046,True,True,True,False,-12.431789647466553,0.0,129.49980307207562,52.20992516738873,17.04233950374163,-56.20313030326899,130.11714779247043
2025-06-29T14:15:00Z,2025-06-29T14:30:00Z,2025-06-29,2025-06-29_17,-47.81457556717905,100,52,0,173.52625063404844,184.6616035957615,0.03168154391629305,0.23799999999999996,0.41053999999999996,True,True,True,False,-12.431789647466553,0.0,129.49980307207562,52.20992516738873,25.590389917290263,-16.466874202441904,178.40145430684615
2025-06-29T14:30:00Z,2025-06-29T14:45:00Z,2025-06-29,2025-06-29_17,-47.81457556717905,100,52,0,184.6616035957615,187.96853443720354,0.033249198048028644,7.636,0.0,True,True,True,False,-12.431789647466553,0.0,129.49980307207562,52.20992516738873,2790.308383615597,0.0,2959.586322207595
2025-06-29T14:45:00Z,2025-06-29T15:00:00Z,2025-06-29,2025-06-29_17,-47.81457556717905,100,52,0,187.96853443720354,187.99223135811522,0.03440232143610834,10.896,0.0,True,True,True,False,-12.431789647466553,0.0,129.49980307207562,52.20992516738873,7358.488504135486,0.0,7527.766442727484
2025-06-29T15:00:00Z,2025-06-29T15:15:00Z,2025-06-29,2025-06-29_18,-14.42401910889305,100,85,0,187.99223135811522,188.9549042870541,0.022468704682039473,3.8305,1.8657499999999998,True,True,True,False,-167.06620132875375,0.0,129.49980307207562,85.34314690823159,2511.684799035053,310.81748966128396,2870.27903734789
2025-06-29T15:15:00Z,2025-06-29T15:30:00Z,2025-06-29,2025-06-29_18,-14.42401910889305,100,85,0,188.9549042870541,189.2459742931708,0.017802284628126483,3.2885,0.509575,True,True,True,False,-167.06620132875375,0.0,129.49980307207562,85.34314690823159,477.3648251280031,-19.267313735722727,505.87426004383383
2025-06-29T15:30:00Z,2025-06-29T15:45:00Z,2025-06-29,2025-06-29_18,-14.42401910889305,100,85,0,189.2459742931708,182.657506659992,0.029861028428677067,9.32,0.0,True,True,True,False,-167.06620132875375,0.0,129.49980307207562,85.34314690823159,8925.82346593147,0.0,8973.600214583023
2025-06-29T15:45:00Z,2025-06-29T16:00:00Z,2025-06-29,2025-06-29_18,-14.42401910889305,100,85,0,182.657506659992,164.6999999999999,0.05355593690502447,20.0165,0.0,True,True,True,False,-167.06620132875375,0.0,129.49980307207562,85.34314690823159,23330.07035506105,0.0,23377.847103712604
2025-06-29T16:00:00Z,2025-06-29T16:15:00Z,2025-06-29,2025-06-29_19,0.257883928000007,0,0,55,164.6999999999999,164.6299228456521,0.00019465876207729993,0.0,0.0,True,False,True,False,5.9854859688801625,511.76644348168566,0.0,0.0,0.0,0.0,517.7519294505659
2025-06-29T16:15:00Z,2025-06-29T16:30:00Z,2025-06-29,2025-06-29_19,0.257883928000007,0,0,55,164.6299228456521,164.55984569130428,0.00019465876207729993,0.0,0.0,True,False,True,False,5.9854859688801625,511.76644348168566,0.0,0.0,0.0,0.0,517.7519294505659
2025-06-29T16:30:00Z,2025-06-29T16:45:00Z,2025-06-29,2025-06-29_19,0.257883928000007,0,0,55,164.55984569130428,164.48976853695646,0.00019465876207729993,0.0,0.0,True,False,True,False,5.9854859688801625,511.76644348168566,0.0,0.0,0.0,0.0,517.7519294505659
2025-06-29T16:45:00Z,2025-06-29T17:00:00Z,2025-06-29,2025-06-29_19,0.257883928000007,0,0,55,164.48976853695646,164.41969138260865,0.00019465876207729993,0.0,0.0,True,False,True,False,5.9854859688801625,511.76644348168566,0.0,0.0,0.0,0.0,517.7519294505659
2025-06-29T17:00:00Z,2025-06-29T17:15:00Z,2025-06-29,2025-06-29_20,0.0,45,45,55,164.41969138260865,162.46119551304344,0.005463266304347826,1.805625,0.0045000000000000005,True,True,True,False,0.0,511.76644348168566,58.47430090586845,44.72971642378889,859.0703632089405,-0.3456085072863332,1473.6952155129973
2025-06-29T17:15:00Z,2025-06-29T17:30:00Z,2025-06-29,2025-06-29_20,0.0,45,45,55,162.46119551304344,162.30540903478257,0.0004626402173913044,0.14827500000000002,0.005849999999999999,True,True,True,False,0.0,511.76644348168566,58.47430090586845,44.72971642378889,20.200380986608902,-0.43068119338322164,634.7401606045687
2025-06-29T17:30:00Z,2025-06-29T17:45:00Z,2025-06-29,2025-06-29_20,0.0,45,45,55,162.30540903478257,160.58666142608692,0.004780048913043478,1.5821999999999998,0.0011250000000000001,True,True,True,False,0.0,511.76644348168566,58.47430090586845,44.72971642378889,239.47958601811735,-0.0864021268215833,854.3636447026388
2025-06-29T17:45:00Z,2025-06-29T18:00:00Z,2025-06-29,2025-06-29_20,0.0,45,45,55,160.58666142608692,160.01550381739128,0.0018740489130434786,0.5730750000000001,0.05625,True,True,True,False,0.0,511.76644348168566,58.47430090586845,44.72971642378889,78.97149552973613,-2.550457857424183,691.3914984836549
2025-06-29T18:00:00Z,2025-06-29T18:15:00Z,2025-06-29,2025-06-29_21,45.00000000000182,0,45,55,160.01550381739128,150.92648207826036,0.025247282608697026,0.0,2.8881,True,True,True,False,1259.775000000051,511.76644348168566,0.0,44.636667979519494,0.0,859.2660560063017,2675.4441674675577
2025-06-29T18:15:00Z,2025-06-29T18:30:00Z,2025-06-29,2025-06-29_21,45.00000000000182,0,45,55,150.92648207826036,139.9144440347816,0.03058899456521876,0.0,1.118925,True,True,True,False,1259.775000000051,511.76644348168566,0.0,44.636667979519494,0.0,-43.09271474497833,1773.085396716278
2025-06-29T18:30:00Z,2025-06-29T18:45:00Z,2025-06-29,2025-06-29_21,45.00000000000182,0,45,55,139.9144440347816,127.71822120869416,0.03387839673913181,0.0,0.029474999999999998,True,True,True,False,1259.775000000051,511.76644348168566,0.0,44.636667979519494,0.0,-2.222796932847577,1813.9553145284085
2025-06-29T18:45:00Z,2025-06-29T19:00:00Z,2025-06-29,2025-06-29_21,45.00000000000182,0,45,55,127.71822120869416,115.52884620869366,0.03385937500000137,0.0,0.035775,True,True,True,False,1259.775000000051,511.76644348168566,0.0,44.636667979519494,0.0,-2.6135969426939742,1813.5645145185622
2025-06-29T19:00:00Z,2025-06-29T19:15:00Z,2025-06-29,2025-06-29_22,100.0,0,100,0,115.52884620869366,88.52558533912844,0.0750090579710145,0.0,0.157,True,True,True,False,2951.75,0.0,0.0,99.19259551004332,0.0,-10.585658526979126,3040.3569369830643
2025-06-29T19:15:00Z,2025-06-29T19:30:00Z,2025-06-29,2025-06-29_22,100.0,0,100,0,88.52558533912844,72.24297664347627,0.04522946859903381,0.0,10.02,True,True,True,False,2951.75,0.0,0.0,99.19259551004332,0.0,4592.800586845214,7643.743182355257
2025-06-29T19:30:00Z,2025-06-29T19:45:00Z,2025-06-29,2025-06-29_22,100.0,0,100,0,72.24297664347627,46.258194034780615,0.07217995169082125,0.0,1.094,True,True,True,False,2951.75,0.0,0.0,99.19259551004332,0.0,-54.35228121307602,2996.5903142969673
2025-06-29T19:45:00Z,2025-06-29T20:00:00Z,2025-06-29,2025-06-29_22,100.0,0,100,0,46.258194034780615,19.513628817389314,0.07429045893719806,0.0,0.395,True,True,True,False,2951.75,0.0,0.0,99.19259551004332,0.0,-24.73728337928318,3026.20531213076
2025-06-29T20:00:00Z,2025-06-29T20:15:00Z,2025-06-29,2025-06-29_23,5.999999999998224,94,100,0,19.513628817389314,14.129232747824577,0.014961460193235373,3.4545,0.001,True,True,True,False,170.5949999999495,0.0,122.1463174478141,99.39936983064197,548.2178572272547,-0.07680189050807404,940.2817426151522
2025-06-29T20:15:00Z,2025-06-29T20:30:00Z,2025-06-29,2025-06-29_23,5.999999999998224,94,100,0,14.129232747824577,11.243080573912016,0.008017089371979336,1.15526,0.0,True,True,True,False,170.5949999999495,0.0,122.1463174478141,99.39936983064197,159.2381900630169,0.0,551.3788773414225
2025-06-29T20:30:00Z,2025-06-29T20:45:00Z,2025-06-29,2025-06-29_23,5.999999999998224,94,100,0,11.243080573912016,10.462326539129887,0.006819463429950446,0.04653,0.968,True,True,True,False,170.5949999999495,0.0,122.1463174478141,99.39936983064197,6.233654704608113,-47.36108704214257,351.0132549408711
2025-06-29T20:45:00Z,2025-06-29T21:00:00Z,2025-06-29,2025-06-29_23,5.999999999998224,94,100,0,10.462326539129887,9.999999999999932,0.007345047053138881,0.0047,1.2615,True,True,True,False,170.5949999999495,0.0,122.1463174478141,99.39936983064197,0.5784757778653012,308.3833387160299,701.1025017723008
2025-06-29T21:00:00Z,2025-06-29T21:15:00Z,2025-06-30,2025-06-29_24,-88.9145355596589,100,11,0,9.999999999999932,23.29313207303256,0.04210360419914007,7.735500000000001,0.11154,True,True,True,False,-2245.092022881387,0.0,130.2973611658133,11.080149665222528,3619.109581429697,0.10637814493895234,1515.5014475242847
2025-06-29T21:15:00Z,2025-06-29T21:30:00Z,2025-06-30,2025-06-29_24,-88.9145355596589,100,11,0,23.29313207303256,37.76095660592462,0.044455568936472775,6.374499999999999,0.0,True,True,True,False,-2245.092022881387,0.0,130.2973611658133,11.080149665222528,2432.862195155573,0.0,329.14768310522163
2025-06-29T21:30:00Z,2025-06-29T21:45:00Z,2025-06-30,2025-06-29_24,-88.9145355596589,100,11,0,37.76095660592462,52.72337480519869,0.04547666005323079,5.8475,0.0,True,True,True,False,-2245.092022881387,0.0,130.2973611658133,11.080149665222528,3080.9841852107133,0.0,977.2696731603621
2025-06-29T21:45:00Z,2025-06-29T22:00:00Z,2025-06-30,2025-06-29_24,-88.9145355596589,100,11,0,52.72337480519869,72.21329308833165,0.054824139891970165,1.024,0.00066,True,True,True,False,-2245.092022881387,0.0,130.2973611658133,11.080149665222528,140.79737849547064,-0.05068924773532887,-1962.967822802616
2025-06-29T22:00:00Z,2025-06-29T22:15:00Z,2025-06-30,2025-06-30_1,0.0,100,100,0,72.21329308833165,54.44861917528817,0.04934631642512077,16.3435,0.0,True,True,True,False,0.0,0.0,128.43639228042534,102.47144545096494,16791.74253416699,0.0,17022.65037189838
2025-06-29T22:15:00Z,2025-06-29T22:30:00Z,2025-06-30,2025-06-30_1,0.0,100,100,0,54.44861917528817,56.32442352311426,0.010953321256038647,0.951,3.1625,True,True,True,False,0.0,0.0,128.43639228042534,102.47144545096494,131.00483832217407,-100.28326112642773,261.6294149271366
2025-06-29T22:30:00Z,2025-06-29T22:45:00Z,2025-06-30,2025-06-30_1,0.0,100,100,0,56.32442352311426,70.90090352311427,0.04049022222222222,0.0,15.844,True,True,True,False,0.0,0.0,128.43639228042534,102.47144545096494,0.0,9123.513733753445,9354.421571484836
2025-06-29T22:45:00Z,2025-06-29T23:00:00Z,2025-06-30,2025-06-30_1,0.0,100,100,0,70.90090352311427,75.25572352311427,0.012096722222222222,0.0,4.7335,True,True,True,False,0.0,0.0,128.43639228042534,102.47144545096494,0.0,641.8618542733359,872.7696920047262
2025-06-29T23:00:00Z,2025-06-29T23:15:00Z,2025-06-30,2025-06-30_2,0.0,21,21,79,75.25572352311427,74.9081435752882,0.0011313298550724637,0.347235,0.032445,True,True,True,False,0.0,735.0827097282394,27.07709728239464,21.519003544702635,47.813534669161086,-1.9780460358408822,829.5142991886569
2025-06-29T23:15:00Z,2025-06-29T23:30:00Z,2025-06-30,2025-06-30_2,0.0,21,21,79,74.9081435752882,75.0443495752882,0.00037835,0.0,0.14805,True,True,True,False,0.0,735.0827097282394,27.07709728239464,21.519003544702635,0.0,-9.03463608704214,774.6441744682945
2025-06-29T23:30:00Z,2025-06-29T23:45:00Z,2025-06-30,2025-06-30_2,0.0,21,21,79,75.0443495752882,75.0545219752882,8.659e-05,0.00966,0.02247,True,True,True,False,0.0,735.0827097282394,27.07709728239464,21.519003544702635,1.2650243678613626,-1.5833119554942892,783.3605229677037
2025-06-29T23:45:00Z,2025-06-30T00:00:00Z,2025-06-30,2025-06-30_2,0.0,21,21,79,75.0545219752882,75.03082082746211,0.00012057652173913042,0.030869999999999998,0.010709999999999999,True,True,True,False,0.0,735.0827097282394,27.07709728239464,21.519003544702635,4.184635799527372,-0.7722610220559274,787.0911853328081
2025-06-30T00:00:00Z,2025-06-30T00:15:00Z,2025-06-30,2025-06-30_3,-32.99999999999998,100,67,0,75.03082082746211,74.20186799267948,0.03070780009661836,8.159,0.0,True,True,True,False,-701.4974999999996,0.0,128.93855848759353,68.65586845214649,1655.0607016541946,0.0,1151.157628593935
2025-06-30T00:15:00Z,2025-06-30T00:30:00Z,2025-06-30,2025-06-30_3,-32.99999999999998,100,67,0,74.20186799267948,68.34104562746208,0.0364601854589372,13.035499999999999,0.0,True,True,True,False,-701.4974999999996,0.0,128.93855848759353,68.65586845214649,12055.907075423393,0.0,11552.004002363134
2025-06-30T00:30:00Z,2025-06-30T00:45:00Z,2025-06-30,2025-06-30_3,-32.99999999999998,100,67,0,68.34104562746208,69.65939526224469,0.028253024347826082,6.078,0.0,True,True,True,False,-701.4974999999996,0.0,128.93855848759353,68.65586845214649,1414.2648999606145,0.0,910.3618269003549
2025-06-30T00:45:00Z,2025-06-30T01:00:00Z,2025-06-30,2025-06-30_3,-32.99999999999998,100,67,0,69.65939526224469,76.36291272311425,0.022106419275362305,0.8615000000000002,0.00268,True,True,True,False,-701.4974999999996,0.0,128.93855848759353,68.65586845214649,118.48509107916503,-0.20582906656163844,-385.6238110476562
2025-06-30T01:00:00Z,2025-06-30T01:15:00Z,2025-06-30,2025-06-30_4,0.0,21,21,79,76.36291272311425,76.07543605354904,0.000804986304347826,0.265545,0.00126,True,True,True,False,0.0,735.0827097282394,27.07709728239464,21.519003544702635,36.54501617959826,-0.0967703820401733,820.1270563528947
2025-06-30T01:15:00Z,2025-06-30T01:30:00Z,2025-06-30,2025-06-30_4,0.0,21,21,79,76.07543605354904,75.95572637528817,0.0005836868840579711,0.151725,0.04914,True,True,True,False,0.0,735.0827097282394,27.07709728239464,21.519003544702635,20.88465642477353,-3.032222504923198,801.531244475187
2025-06-30T01:30:00Z,2025-06-30T01:45:00Z,2025-06-30,2025-06-30_4,0.0,21,21,79,75.95572637528817,75.99859248833165,0.00015838413043478262,0.00651,0.054285,True,True,True,False,0.0,735.0827097282394,27.07709728239464,21.519003544702635,0.8714708034659314,-3.468061045687278,781.0822203131153
2025-06-30T01:45:00Z,2025-06-30T02:00:00Z,2025-06-30,2025-06-30_4,0.0,21,21,79,75.99859248833165,76.18830703615774,0.0005447384782608696,0.0029400000000000003,0.209685,True,True,True,False,0.0,735.0827097282394,27.07709728239464,21.519003544702635,0.3399990153603781,-9.011169517526586,775.0076400531705
2025-06-30T02:00:00Z,2025-06-30T02:15:00Z,2025-06-30,2025-06-30_5,0.0,100,100,0,76.18830703615774,78.77948703615773,0.0071977222222222225,0.0,2.8165,True,True,True,False,0.0,0.0,128.93855848759353,102.47144545096494,0.0,-116.94021474990153,114.46978918865693
2025-06-30T02:15:00Z,2025-06-30T02:30:00Z,2025-06-30,2025-06-30_5,0.0,100,100,0,78.77948703615773,93.43278703615773,0.040703611111111114,0.0,15.9275,True,True,True,False,0.0,0.0,128.93855848759353,102.47144545096494,0.0,-471.49226614808975,-240.08226220953128
2025-06-30T02:30:00Z,2025-06-30T02:45:00Z,2025-06-30,2025-06-30_5,0.0,100,100,0,93.43278703615773,95.99737747094034,0.007253693236714976,0.0215,2.813,True,True,True,False,0.0,0.0,128.93855848759353,102.47144545096494,2.754133910988578,-107.34547597479323,126.8186618747538
2025-06-30T02:45:00Z,2025-06-30T03:00:00Z,2025-06-30,2025-06-30_5,0.0,100,100,0,95.99737747094034,89.40009486224469,0.01832578502415459,6.0695,0.0,True,True,True,False,0.0,0.0,128.93855848759353,102.47144545096494,4726.275903702244,0.0,4957.685907640803
2025-06-30T03:00:00Z,2025-06-30T03:15:00Z,2025-06-30,2025-06-30_6,0.0,21,21,79,89.40009486224469,89.22698583615772,0.0004905184057971014,0.16086,0.0018899999999999998,True,True,True,False,0.0,735.0827097282394,27.07709728239464,21.519003544702635,22.40531445844821,-0.13440326703426544,805.9497217467506
2025-06-30T03:15:00Z,2025-06-30T03:30:00Z,2025-06-30,2025-06-30_6,0.0,21,21,79,89.22698583615772,88.00693148833163,0.0033890398550724633,1.12245,0.0,True,True,True,False,0.0,735.0827097282394,27.07709728239464,21.519003544702635,156.3558703328082,0.0,940.0346808881449
2025-06-30T03:30:00Z,2025-06-30T03:45:00Z,2025-06-30,2025-06-30_6,0.0,21,21,79,88.00693148833163,86.10392061876641,0.005286141304347826,1.75077,0.0,True,True,True,False,0.0,735.0827097282394,27.07709728239464,21.519003544702635,269.3524133123277,0.0,1053.0312238676643
2025-06-30T03:45:00Z,2025-06-30T04:00:00Z,2025-06-30,2025-06-30_6,0.0,21,21,79,86.10392061876641,84.91251301007075,0.003309465579710145,1.096095,0.0,True,True,True,False,0.0,735.0827097282394,27.07709728239464,21.519003544702635,157.8160948286727,0.0,941.4949053840094
2025-06-30T04:00:00Z,2025-06-30T04:15:00Z,2025-06-30,2025-06-30_7,21.0,0,21,79,84.91251301007075,79.96473040137509,0.013743840579710143,0.0,0.69804,True,True,True,False,568.6275,735.0827097282394,0.0,20.830445057109095,0.0,-24.813823647105156,1299.7268311382434
2025-06-30T04:15:00Z,2025-06-30T04:30:00Z,2025-06-30,2025-06-30_7,21.0,0,21,79,79.96473040137509,74.25820866224466,0.01585144927536232,0.0,0.0,True,True,True,False,568.6275,735.0827097282394,0.0,20.830445057109095,0.0,0.0,1324.5406547853486
2025-06-30T04:30:00Z,2025-06-30T04:45:00Z,2025-06-30,2025-06-30_7,21.0,0,21,79,74.25820866224466,68.55202931441858,0.0158504981884058,0.0,0.000315,True,True,True,False,568.6275,735.0827097282394,0.0,20.830445057109095,0.0,-0.024192595510043324,1324.5164621898384
2025-06-30T04:45:00Z,2025-06-30T05:00:00Z,2025-06-30,2025-06-30_7,21.0,0,21,79,68.55202931441858,62.84653474920118,0.015848596014492754,0.0,0.0009449999999999999,True,True,True,False,568.6275,735.0827097282394,0.0,20.830445057109095,0.0,-0.07257778653012996,1324.4680769988183
2025-06-30T05:00:00Z,2025-06-30T05:15:00Z,2025-06-30,2025-06-30_8,0.0,100,100,0,62.84653474920118,55.584411270940315,0.020177676328502415,6.682,0.001,True,True,True,False,0.0,0.0,130.26782197715636,99.19259551004332,1228.1287038204018,-0.07680189050807404,1457.5123194170935
2025-06-30T05:15:00Z,2025-06-30T05:30:00Z,2025-06-30,2025-06-30_8,0.0,100,100,0,55.584411270940315,46.99419387963597,0.023861714975845407,7.902999999999999,0.0,True,True,True,False,0.0,0.0,130.26782197715636,99.19259551004332,1370.085743993698,0.0,1599.5461614808978
2025-06-30T05:30:00Z,2025-06-30T05:45:00Z,2025-06-30,2025-06-30_8,0.0,100,100,0,46.99419387963597,46.68149909702728,0.006731041062801932,1.2585,1.147,True,True,True,False,0.0,0.0,130.26782197715636,99.19259551004332,173.34486805829067,-46.1119749901536,356.6933105553368
2025-06-30T05:45:00Z,2025-06-30T06:00:00Z,2025-06-30,2025-06-30_8,0.0,100,100,0,46.68149909702728,53.3516251839838,0.018540205314009663,0.002,7.2525,True,True,True,False,0.0,0.0,130.26782197715636,99.19259551004332,0.26063410791650254,4281.28585959039,4511.006911185506
2025-06-30T06:00:00Z,2025-06-30T06:15:00Z,2025-06-30,2025-06-30_9,0.0,0,0,79,53.3516251839838,53.3516251839838,0.0,0.0,0.0,True,False,True,False,0.0,735.0827097282394,0.0,0.0,0.0,0.0,735.0827097282394
2025-06-30T06:15:00Z,2025-06-30T06:30:00Z,2025-06-30,2025-06-30_9,0.0,0,0,79,53.3516251839838,53.3516251839838,0.0,0.0,0.0,True,False,True,False,0.0,735.0827097282394,0.0,0.0,0.0,0.0,735.0827097282394
2025-06-30T06:30:00Z,2025-06-30T06:45:00Z,2025-06-30,2025-06-30_9,0.0,0,0,79,53.3516251839838,53.3516251839838,0.0,0.0,0.0,True,False,True,False,0.0,735.0827097282394,0.0,0.0,0.0,0.0,735.0827097282394
2025-06-30T06:45:00Z,2025-06-30T07:00:00Z,2025-06-30,2025-06-30_9,0.0,0,0,79,53.3516251839838,53.3516251839838,0.0,0.0,0.0,True,False,True,False,0.0,735.0827097282394,0.0,0.0,0.0,0.0,735.0827097282394
2025-06-30T07:00:00Z,2025-06-30T07:15:00Z,2025-06-30,2025-06-30_10,64.73231014868468,35,100,0,53.3516251839838,43.3716473198249,0.04106569118901987,0.0,7.402499999999999,True,True,True,False,1557.2975514019815,0.0,45.12849547065773,100.40370224497833,0.0,3128.4965045293416,4831.326253646959
2025-06-30T07:15:00Z,2025-06-30T07:30:00Z,2025-06-30,2025-06-30_10,64.73231014868468,35,100,0,43.3716473198249,31.134531202702213,0.04337797544597053,0.0,5.207,True,True,True,False,1557.2975514019815,0.0,45.12849547065773,100.40370224497833,0.0,2653.554056321386,4356.3838054390035
2025-06-30T07:30:00Z,2025-06-30T07:45:00Z,2025-06-30,2025-06-30_10,64.73231014868468,35,100,0,31.134531202702213,20.845616857096886,0.04138217555213246,0.0,7.102,True,True,True,False,1557.2975514019815,0.0,45.12849547065773,100.40370224497833,0.0,152.13496573454114,1854.9647148521587
2025-06-30T07:45:00Z,2025-06-30T08:00:00Z,2025-06-30,2025-06-30_10,64.73231014868468,35,100,0,20.845616857096886,9.999999999999924,0.04195247932126877,0.0,6.560499999999999,True,True,True,False,1557.2975514019815,0.0,45.12849547065773,100.40370224497833,0.0,-85.39631538007089,1617.4334337375467
2025-06-30T08:00:00Z,2025-06-30T08:15:00Z,2025-06-30,2025-06-30_11,-100.0,100,0,0,9.999999999999924,26.643259999999923,0.046231277777777774,6.9095,0.0,True,True,True,False,-994.5,0.0,128.93855848759353,0.0,3183.910662465538,0.0,2318.3492209531314
2025-06-30T08:15:00Z,2025-06-30T08:30:00Z,2025-06-30,2025-06-30_11,-100.0,100,0,0,26.643259999999923,27.008959999999924,0.001015833333333335,24.6025,0.0,True,True,True,False,-994.5,0.0,128.93855848759353,0.0,28685.846401142182,0.0,27820.284959629775
2025-06-30T08:30:00Z,2025-06-30T08:45:00Z,2025-06-30,2025-06-30_11,-100.0,100,0,0,27.008959999999924,41.33427999999992,0.03979255555555556,9.429,0.0,True,True,True,False,-994.5,0.0,128.93855848759353,0.0,5704.20148582119,0.0,4838.640044308783
2025-06-30T08:45:00Z,2025-06-30T09:00:00Z,2025-06-30,2025-06-30_11,-100.0,100,0,0,41.33427999999992,55.84405999999992,0.04030494444444445,9.2285,0.0,True,True,True,False,-994.5,0.0,128.93855848759353,0.0,2263.3414194564784,0.0,1397.779977944072
2025-06-30T09:00:00Z,2025-06-30T09:15:00Z,2025-06-30,2025-06-30_12,-49.0,49,0,51,55.84405999999992,66.61727839999992,0.029925606666666667,0.53998,0.0,True,True,True,False,-612.5,474.54706577392665,63.17989365892082,0.0,74.03468205592753,0.0,-0.7383585112250017
2025-06-30T09:15:00Z,2025-06-30T09:30:00Z,2025-06-30,2025-06-30_12,-49.0,49,0,51,66.61727839999992,77.53475279999992,0.03032631777777778,0.38318,0.0,True,True,True,False,-612.5,474.54706577392665,63.17989365892082,0.0,52.35696664828673,0.0,-22.416073918865806
2025-06-30T09:30:00Z,2025-06-30T09:45:00Z,2025-06-30,2025-06-30_12,-49.0,49,0,51,77.53475279999992,88.71549439999991,0.031057615555555557,0.09702,0.0,True,True,True,False,-612.5,474.54706577392665,63.17989365892082,0.0,13.254406979125637,0.0,-61.5186335880269
2025-06-30T09:45:00Z,2025-06-30T10:00:00Z,2025-06-30,2025-06-30_12,-49.0,49,0,51,88.71549439999991,99.9762529999999,0.031279885,0.010045,0.0,True,True,True,False,-612.5,474.54706577392665,63.17989365892082,0.0,1.3755319948798739,0.0,-73.39750857227266
2025-06-30T10:00:00Z,2025-06-30T10:15:00Z,2025-06-30,2025-06-30_13,-100.0,100,0,0,99.9762529999999,122.9665929999999,0.06386205555555556,0.0105,0.0,True,True,True,False,-1029.25,0.0,128.93855848759353,0.0,1.327983261126428,0.0,-898.98345825128
2025-06-30T10:15:00Z,2025-06-30T10:30:00Z,2025-06-30,2025-06-30_13,-100.0,100,0,0,122.9665929999999,139.6604529999999,0.04637183333333334,6.8545,0.0,True,True,True,False,-1029.25,0.0,128.93855848759353,0.0,1259.689179598267,0.0,359.37773808586047
2025-06-30T10:30:00Z,2025-06-30T10:45:00Z,2025-06-30,2025-06-30_13,-100.0,100,0,0,139.6604529999999,148.07615299999992,0.023376944444444447,15.8525,0.0,True,True,True,False,-1029.25,0.0,128.93855848759353,0.0,16243.48046573454,0.0,15343.169024222132
2025-06-30T10:45:00Z,2025-06-30T11:00:00Z,2025-06-30,2025-06-30_13,-100.0,100,0,0,148.07615299999992,161.19351299999994,0.03643711111111111,10.742,0.0,True,True,True,False,-1029.25,0.0,128.93855848759353,0.0,10069.634992910595,0.0,9169.323551398187
2025-06-30T11:00:00Z,2025-06-30T11:15:00Z,2025-06-30,2025-06-30_14,-1.2868511966369527,100,98,0,161.19351299999994,161.2901132984043,0.007591347646831626,1.2285,1.23186,True,True,True,False,-17.726375233674023,0.0,128.93855848759353,98.39562820007876,191.5862442890902,-49.639494387554144,351.5545613555343
2025-06-30T11:15:00Z,2025-06-30T11:30:00Z,2025-06-30,2025-06-30_14,-1.2868511966369527,100,98,0,161.2901132984043,149.5338717521053,0.03356980507702961,11.11,0.0,True,True,True,False,-17.726375233674023,0.0,128.93855848759353,98.39562820007876,6771.8928712091365,0.0,6981.500682663135
2025-06-30T11:30:00Z,2025-06-30T11:45:00Z,2025-06-30,2025-06-30_14,-1.2868511966369527,100,98,0,149.5338717521053,131.7808113621166,0.04986404540162283,16.638,0.0,True,True,True,False,-17.726375233674023,0.0,128.93855848759353,98.39562820007876,16989.318021268216,0.0,17198.925832722216
2025-06-30T11:45:00Z,2025-06-30T12:00:00Z,2025-06-30,2025-06-30_14,-1.2868511966369527,100,98,0,131.7808113621166,124.50966307826005,0.021663059566075827,7.0225,0.055369999999999996,True,True,True,False,-17.726375233674023,0.0,128.93855848759353,98.39562820007876,4892.707681173691,-4.361559669161086,5097.953932958528
2025-06-30T12:00:00Z,2025-06-30T12:15:00Z,2025-06-30,2025-06-30_15,0.0,100,100,0,124.50966307826005,129.12404916521655,0.012829816425120773,0.002,5.018,True,True,True,False,0.0,0.0,128.93855848759353,100.40370224497833,0.27530523828278847,-162.85277668373374,66.7647892871209
2025-06-30T12:15:00Z,2025-06-30T12:30:00Z,2025-06-30,2025-06-30_15,0.0,100,100,0,129.12404916521655,135.17994916521656,0.016821944444444445,0.0,6.5825,True,True,True,False,0.0,0.0,128.93855848759353,100.40370224497833,0.0,-214.0090266837337,15.33323404883815
2025-06-30T12:30:00Z,2025-06-30T12:45:00Z,2025-06-30,2025-06-30_15,0.0,100,100,0,135.17994916521656,155.94894916521656,0.05769166666666667,0.0,22.575,True,True,True,False,0.0,0.0,128.93855848759353,100.40370224497833,0.0,19144.818107522646,19374.160368255216
2025-06-30T12:45:00Z,2025-06-30T13:00:00Z,2025-06-30,2025-06-30_15,0.0,100,100,0,155.94894916521656,165.14572916521655,0.025546611111111114,0.0,9.9965,True,True,True,False,0.0,0.0,128.93855848759353,100.40370224497833,0.0,4511.842909413154,4741.185170145726
2025-06-30T13:00:00Z,2025-06-30T13:15:00Z,2025-06-30,2025-06-30_16,5.0,44,49,51,165.14572916521655,164.21638911304265,0.010220975700483092,1.03994,1.66453,True,True,True,False,131.54999999999998,474.54706577392665,56.732965734541146,49.19781410003938,228.4396754824734,-52.37729807798346,888.0902230129971
2025-06-30T13:15:00Z,2025-06-30T13:30:00Z,2025-06-30,2025-06-30_16,5.0,44,49,51,164.21638911304265,162.72019020869482,0.0049724547342995164,0.27984000000000003,0.17787,True,True,True,False,131.54999999999998,474.54706577392665,56.732965734541146,49.19781410003938,38.49932691610871,-7.5518039621898385,742.9753685624261
2025-06-30T13:30:00Z,2025-06-30T13:45:00Z,2025-06-30,2025-06-30_16,5.0,44,49,51,162.72019020869482,161.91126978260786,0.005340347850241546,0.07524,0.673995,True,True,True,False,131.54999999999998,474.54706577392665,56.732965734541146,49.19781410003938,10.314088263095707,-27.142832513784953,695.1991013578179
2025-06-30T13:45:00Z,2025-06-30T14:00:00Z,2025-06-30,2025-06-30_16,5.0,44,49,51,161.91126978260786,161.47481119999918,0.005781002729468599,0.00968,0.995435,True,True,True,False,131.54999999999998,474.54706577392665,56.732965734541146,49.19781410003938,1.212382827884994,-38.34737891591177,674.8928495204804
2025-06-30T14:00:00Z,2025-06-30T14:15:00Z,2025-06-30,2025-06-30_17,0.0,49,49,51,161.47481119999918,163.8390317999992,0.006567279444444445,0.0,2.569805,True,True,True,False,0.0,474.54706577392665,63.17989365892082,49.19781410003938,0.0,-88.639041978141,498.28573155474584
2025-06-30T14:15:00Z,2025-06-30T14:30:00Z,2025-06-30,2025-06-30_17,0.0,49,49,51,163.8390317999992,166.3641879999992,0.007014322777777778,0.0,2.744735,True,True,True,False,0.0,474.54706577392665,63.17989365892082,49.19781410003938,0.0,-96.1511263647105,490.77364716817635
2025-06-30T14:30:00Z,2025-06-30T14:45:00Z,2025-06-30,2025-06-30_17,0.0,49,49,51,166.3641879999992,166.4603749999992,0.0007095472222222222,0.073255,0.19110000000000002,True,True,True,False,0.0,474.54706577392665,63.17989365892082,49.19781410003938,7.478386272154391,-8.736860181173691,585.6662996238675
2025-06-30T14:45:00Z,2025-06-30T15:00:00Z,2025-06-30,2025-06-30_17,0.0,49,49,51,166.4603749999992,166.49978420869485,0.00020859442028985504,0.016415,0.06223,True,True,True,False,0.0,474.54706577392665,63.17989365892082,49.19781410003938,1.451424773532887,-4.443342097282394,583.9328562091373
2025-06-30T15:00:00Z,2025-06-30T15:15:00Z,2025-06-30,2025-06-30_18,0.0,100,100,0,166.49978420869485,179.18014420869486,0.035223222222222225,0.0,13.783000000000001,True,True,True,False,0.0,0.0,128.93855848759353,100.7286333202048,0.0,6894.4286839306815,7124.09587573848
2025-06-30T15:15:00Z,2025-06-30T15:30:00Z,2025-06-30,2025-06-30_18,0.0,100,100,0,179.18014420869486,184.38458420869486,0.014456777777777778,0.0,5.657,True,True,True,False,0.0,0.0,128.93855848759353,100.7286333202048,0.0,-179.61587711697518,50.05131469082315
2025-06-30T15:30:00Z,2025-06-30T15:45:00Z,2025-06-30,2025-06-30_18,0.0,100,100,0,184.38458420869486,184.5827015999992,0.0010213405797101448,0.078,0.3075,True,True,True,False,0.0,0.0,128.93855848759353,100.7286333202048,10.752264671130366,-16.067631941709333,224.35182453721936
2025-06-30T15:45:00Z,2025-06-30T16:00:00Z,2025-06-30,2025-06-30_18,0.0,100,100,0,184.5827015999992,165.3381363826079,0.05345712560386472,17.705,0.0,True,True,True,False,0.0,0.0,128.93855848759353,100.7286333202048,18535.015141788102,0.0,18764.6823335959
2025-06-30T16:00:00Z,2025-06-30T16:15:00Z,2025-06-30,2025-06-30_19,-11.857329513797204,59,47,41,165.3381363826079,169.20906909224456,0.014540231142824751,0.784995,2.1420250000000003,True,True,True,False,-336.2738650112887,381.4986215045293,76.92772745175265,46.717703820401724,214.6019887514769,-73.0638062672312,310.40837024964065
2025-06-30T16:15:00Z,2025-06-30T16:30:00Z,2025-06-30,2025-06-30_19,-11.857329513797204,59,47,41,169.20906909224456,171.12723459637508,0.009337926604457798,0.8310150000000001,0.072145,True,True,True,False,-336.2738650112887,381.4986215045293,76.92772745175265,46.717703820401724,114.46748857325719,-4.949249293028751,278.3884270456234
2025-06-30T16:30:00Z,2025-06-30T16:45:00Z,2025-06-30,2025-06-30_19,-11.857329513797204,59,47,41,171.12723459637508,170.83327114909784,0.013021630595330836,2.86799,0.0,True,True,True,False,-336.2738650112887,381.4986215045293,76.92772745175265,46.717703820401724,626.5818278613626,0.0,795.4520156267575
2025-06-30T16:45:00Z,2025-06-30T17:00:00Z,2025-06-30,2025-06-30_19,-11.857329513797204,59,47,41,170.83327114909784,170.8829754782601,0.012444695872784945,2.5505700000000004,0.010105,True,True,True,False,-336.2738650112887,381.4986215045293,76.92772745175265,46.717703820401724,451.10883837140614,-0.7959826703426546,619.1830434664585
2025-06-30T17:00:00Z,2025-06-30T17:15:00Z,2025-06-30,2025-06-30_20,0.0,60,60,40,170.8829754782601,171.53099999999924,0.0018308652173913045,0.0051,0.7104,True,True,True,False,0.0,372.1937770775896,78.23158723907049,59.63962189838519,0.6463170342654588,-34.067443245372196,476.6438600039385
2025-06-30T17:15:00Z,2025-06-30T17:30:00Z,2025-06-30,2025-06-30_20,0.0,60,60,40,171.53099999999924,171.51913043478183,0.00041630434782608693,0.0744,0.075,True,True,True,False,0.0,372.1937770775896,78.23158723907049,59.63962189838519,10.095309334383614,-5.09243796770382,515.0678575817251
2025-06-30T17:30:00Z,2025-06-30T17:45:00Z,2025-06-30,2025-06-30_20,0.0,60,60,40,171.51913043478183,171.1249455652166,0.0011731579710144927,0.3756,0.015299999999999998,True,True,True,False,0.0,372.1937770775896,78.23158723907049,59.63962189838519,51.59670011815675,-1.160889759747932,560.5007965734541
2025-06-30T17:45:00Z,2025-06-30T18:00:00Z,2025-06-30,2025-06-30_20,0.0,60,60,40,171.1249455652166,171.1518845217383,0.000388236231884058,0.051899999999999995,0.0906,True,True,True,False,0.0,372.1937770775896,78.23158723907049,59.63962189838519,7.012601673887356,-6.185260929499803,510.8923269594328
2025-06-30T18:00:00Z,2025-06-30T18:15:00Z,2025-06-30,2025-06-30_21,100.0,0,100,0,171.1518845217383,155.50134104347745,0.043473731884057974,0.0,10.6015,True,True,True,False,6928.749999999999,0.0,0.0,99.19259551004332,0.0,-369.9334759747931,6658.00911953525
2025-06-30T18:15:00Z,2025-06-30T18:30:00Z,2025-06-30,2025-06-30_21,100.0,0,100,0,155.50134104347745,132.44427582608614,0.06404740338164251,0.0,3.7875,True,True,True,False,6928.749999999999,0.0,0.0,99.19259551004332,0.0,-169.88183093737692,6858.060764572666
2025-06-30T18:30:00Z,2025-06-30T18:45:00Z,2025-06-30,2025-06-30_21,100.0,0,100,0,132.44427582608614,108.07199321739049,0.06770078502415458,0.0,2.5775,True,True,True,False,6928.749999999999,0.0,0.0,99.19259551004332,0.0,-153.02117024419064,6874.921425265852
2025-06-30T18:45:00Z,2025-06-30T19:00:00Z,2025-06-30,2025-06-30_21,100.0,0,100,0,108.07199321739049,81.4681888695644,0.07389945652173913,0.0,0.5245,True,True,True,False,6928.749999999999,0.0,0.0,99.19259551004332,0.0,-32.92182591571484,6995.020769594327
2025-06-30T19:00:00Z,2025-06-30T19:15:00Z,2025-06-30,2025-06-30_22,56.75073375999996,0,0,18,81.4681888695644,66.04679382608614,0.04283720845410625,0.0,0.0,True,False,True,False,3274.3754611175978,167.48719968491528,0.0,0.0,0.0,0.0,3441.862660802513
2025-06-30T19:15:00Z,2025-06-30T19:30:00Z,2025-06-30,2025-06-30_22,56.75073375999996,0,0,18,66.04679382608614,50.625398782607895,0.04283720845410625,0.0,0.0,True,False,True,False,3274.3754611175978,167.48719968491528,0.0,0.0,0.0,0.0,3441.862660802513
2025-06-30T19:30:00Z,2025-06-30T19:45:00Z,2025-06-30,2025-06-30_22,56.75073375999996,0,0,18,50.625398782607895,35.20400373912965,0.04283720845410625,0.0,0.0,True,False,True,False,3274.3754611175978,167.48719968491528,0.0,0.0,0.0,0.0,3441.862660802513
2025-06-30T19:45:00Z,2025-06-30T20:00:00Z,2025-06-30,2025-06-30_22,56.75073375999996,0,0,18,35.20400373912965,19.782608695651398,0.04283720845410625,0.0,0.0,True,False,True,False,3274.3754611175978,167.48719968491528,0.0,0.0,0.0,0.0,3441.862660802513
2025-06-30T20:00:00Z,2025-06-30T20:15:00Z,2025-06-30,2025-06-30_23,0.0,100,100,0,19.782608695651398,10.575031304347052,0.03895238164251207,10.686,2.617,True,True,True,False,0.0,0.0,130.38597873178415,99.39936983064197,9982.82626742812,-92.27166817644742,10120.339947814098
2025-06-30T20:15:00Z,2025-06-30T20:30:00Z,2025-06-30,2025-06-30_23,0.0,100,100,0,10.575031304347052,10.084436521738356,0.0037368743961352664,0.8445000000000001,0.46449999999999997,True,True,True,False,0.0,0.0,130.38597873178415,99.39936983064197,116.31948089799134,-28.056879381646315,318.0479500787711
2025-06-30T20:30:00Z,2025-06-30T20:45:00Z,2025-06-30,2025-06-30_23,0.0,100,100,0,10.084436521738356,10.617997391303573,0.001533442028985507,0.0085,0.59,True,True,True,False,0.0,0.0,130.38597873178415,99.39936983064197,0.998425265852698,-38.69275305238282,192.091020775896
2025-06-30T20:45:00Z,2025-06-30T21:00:00Z,2025-06-30,2025-06-30_23,0.0,100,100,0,10.617997391303573,13.646553913042705,0.008415676328502418,0.0005,3.2925000000000004,True,True,True,False,0.0,0.0,130.38597873178415,99.39936983064197,0.06892477353288697,-193.78482719574637,36.069446140212634
2025-06-30T21:00:00Z,2025-06-30T21:15:00Z,2025-07-01,2025-06-30_24,-80.2790488787039,100,19,0,13.646553913042705,15.900044474101243,0.026518328853177616,17.0115,0.0,True,True,True,False,-2461.5563362432586,0.0,126.55336077357859,18.516552769954902,5677.988897138469,0.0,3361.502474438744
2025-06-30T21:15:00Z,2025-06-30T21:30:00Z,2025-07-01,2025-06-30_24,-80.2790488787039,100,19,0,15.900044474101243,28.957803379613217,0.04302800276812948,5.6735,0.0,True,True,True,False,-2461.5563362432586,0.0,126.55336077357859,18.516552769954902,818.1663655789038,0.0,-1498.3200571208213
2025-06-30T21:30:00Z,2025-06-30T21:45:00Z,2025-07-01,2025-06-30_24,-80.2790488787039,100,19,0,28.957803379613217,47.254126193046375,0.05104938587747413,0.19,0.014345,True,True,True,False,-2461.5563362432586,0.0,126.55336077357859,18.516552769954902,25.90502589755204,-1.077091204679284,-2291.658488006852
2025-06-30T21:45:00Z,2025-06-30T22:00:00Z,2025-07-01,2025-06-30_24,-80.2790488787039,100,19,0,47.254126193046375,65.96599929123056,0.0519958838924428,0.0155,0.285285,True,True,True,False,-2461.5563362432586,0.0,126.55336077357859,18.516552769954902,1.9928322862713435,-16.8091560322587,-2331.3027464457123
2025-06-30T22:00:00Z,2025-06-30T22:15:00Z,2025-07-01,2025-07-01_1,0.0,1,1,99,65.96599929123056,65.85017018688274,0.0003359819565217391,0.10891999999999999,0.002785,True,True,True,False,0.0,1089.3957894322232,1.2605116489749295,0.9745554089449948,20.804648813439155,-0.1695297516592158,1112.265975551923
2025-06-30T22:15:00Z,2025-06-30T22:30:00Z,2025-07-01,2025-07-01_1,0.0,1,1,99,65.85017018688274,65.79459953470882,0.000154362922705314,0.051125,0.0,True,True,True,False,0.0,1089.3957894322232,1.2605116489749295,0.9745554089449948,7.5694239025543055,0.0,1099.2002803926973
2025-06-30T22:30:00Z,2025-06-30T22:45:00Z,2025-07-01,2025-07-01_1,0.0,1,1,99,65.79459953470882,65.80103155210013,7.305995169082126e-05,0.00914,0.01779,True,True,True,False,0.0,1089.3957894322232,1.2605116489749295,0.9745554089449948,1.2583830750142782,-0.9469863264864014,1091.942253238671
2025-06-30T22:45:00Z,2025-06-30T23:00:00Z,2025-07-01,2025-07-01_1,0.0,1,1,99,65.80103155210013,65.83532915210013,9.527111111111112e-05,0.0,0.03728,True,True,True,False,0.0,1089.3957894322232,1.2605116489749295,0.9745554089449948,0.0,-1.7940316284932154,1089.8368248616498
2025-06-30T23:00:00Z,2025-06-30T23:15:00Z,2025-07-01,2025-07-01_2,0.0,1,1,99,65.83532915210013,65.8316110825349,6.126019323671498e-05,0.011855,0.009965,True,True,True,False,0.0,1089.3957894322232,1.2605116489749295,0.9745554089449948,1.6332523091163318,-0.4276352275636607,1092.8364735716957
2025-06-30T23:15:00Z,2025-06-30T23:30:00Z,2025-07-01,2025-07-01_2,0.0,1,1,99,65.8316110825349,65.85768696949143,7.548253623188406e-05,0.000505,0.02894,True,True,True,False,0.0,1089.3957894322232,1.2605116489749295,0.9745554089449948,0.06904895622033598,-1.2262154479390275,1090.4736899984243
2025-06-30T23:30:00Z,2025-06-30T23:45:00Z,2025-07-01,2025-07-01_2,0.0,1,1,99,65.85768696949143,65.90078436949142,0.000119715,0.0,0.046845,True,True,True,False,0.0,1089.3957894322232,1.2605116489749295,0.9745554089449948,0.0,-2.074577465190933,1089.5562790249521
2025-06-30T23:45:00Z,2025-07-01T00:00:00Z,2025-07-01,2025-07-01_2,0.0,1,1,99,65.90078436949142,66.05004516949141,0.00041461333333333336,0.0,0.16224,True,True,True,False,0.0,1089.3957894322232,1.2605116489749295,0.9745554089449948,0.0,15.989092762471197,1107.6199492526143
2025-07-01T00:00:00Z,2025-07-01T00:15:00Z,2025-07-01,2025-07-01_3,0.0,1,1,99,66.05004516949141,66.05777151731749,2.1854589371980674e-05,6.5e-05,0.008475,True,True,True,False,0.0,1089.3957894322232,1.2605116489749295,0.9781003210114816,0.008008542253382437,-0.48703752190952593,1091.1553724225535
2025-07-01T00:15:00Z,2025-07-01T00:30:00Z,2025-07-01,2025-07-01_3,0.0,1,1,99,66.05777151731749,66.09593311731749,0.00010600444444444443,0.0,0.041479999999999996,True,True,True,False,0.0,1089.3957894322232,1.2605116489749295,0.9781003210114816,0.0,-1.807329436555921,1089.8270719656537
2025-07-01T00:30:00Z,2025-07-01T00:45:00Z,2025-07-01,2025-07-01_3,0.0,1,1,99,66.09593311731749,66.10337428253489,2.139454106280193e-05,0.00012,0.00823,True,True,True,False,0.0,1089.3957894322232,1.2605116489749295,0.9781003210114816,0.015266754633003131,-0.5119644465013687,1091.1377037103412
2025-07-01T00:45:00Z,2025-07-01T01:00:00Z,2025-07-01,2025-07-01_3,0.0,1,1,99,66.10337428253489,66.13529206514357,0.00010568949275362321,0.0028199999999999996,0.038025,True,True,True,False,0.0,1089.3957894322232,1.2605116489749295,0.9781003210114816,0.38773347775567674,-1.5112872511176323,1090.5108476288476
2025-07-01T01:00:00Z,2025-07-01T01:15:00Z,2025-07-01,2025-07-01_4,0.0,1,1,99,66.13529206514357,66.14262909992618,2.1044903381642513e-05,0.00010999999999999999,0.008105,True,True,True,False,0.0,1089.3957894322232,1.2605116489749295,0.9781003210114816,0.014516416881659017,-0.445528387852768,1091.2033894312385
2025-07-01T01:15:00Z,2025-07-01T01:30:00Z,2025-07-01,2025-07-01_4,0.0,1,1,99,66.14262909992618,66.1497859347088,2.1238792270531402e-05,0.000225,0.008045,True,True,True,False,0.0,1089.3957894322232,1.2605116489749295,0.9781003210114816,0.0292514179648266,-0.41334857317289325,1091.2503042470016
2025-07-01T01:30:00Z,2025-07-01T01:45:00Z,2025-07-01,2025-07-01_4,0.0,1,1,99,66.1497859347088,66.1571781347088,2.053388888888889e-05,0.0,0.008035,True,True,True,False,0.0,1089.3957894322232,1.2605116489749295,0.9781003210114816,0.0,-0.46395451188530246,1091.1704468903242
2025-07-01T01:45:00Z,2025-07-01T02:00:00Z,2025-07-01,2025-07-01_4,0.0,1,1,99,66.1571781347088,66.16463100427401,2.133647342995169e-05,0.000105,0.008225,True,True,True,False,0.0,1089.3957894322232,1.2605116489749295,0.9781003210114816,0.013045273450578017,-0.5027573163046262,1091.1446893593557
2025-07-01T02:00:00Z,2025-07-01T02:15:00Z,2025-07-01,2025-07-01_5,0.0,1,1,99,66.16463100427401,66.16581843905662,7.434903381642512e-06,0.0006850000000000001,0.0021,True,True,True,False,0.0,1089.3957894322232,1.2605116489749295,0.9781003210114816,0.09116623274317114,-0.14507729877700534,1091.5804903361757
2025-07-01T02:15:00Z,2025-07-01T02:30:00Z,2025-07-01,2025-07-01_5,0.0,1,1,99,66.16581843905662,66.16638574340445,6.346376811594202e-06,0.00079,0.00155,True,True,True,False,0.0,1089.3957894322232,1.2605116489749295,0.9781003210114816,0.10593377710380684,-0.10595752013706994,1091.6343776591764
2025-07-01T02:30:00Z,2025-07-01T02:45:00Z,2025-07-01,2025-07-01_5,0.0,1,1,99,66.16638574340445,66.17061243036098,1.409586956521739e-05,0.00039,0.005055,True,True,True,False,0.0,1089.3957894322232,1.2605116489749295,0.9781003210114816,0.05071290347992201,-0.3130213452941292,1091.3720929603953
2025-07-01T02:45:00Z,2025-07-01T03:00:00Z,2025-07-01,2025-07-01_5,0.0,1,1,99,66.17061243036098,66.1706344825349,5.918743961352658e-06,0.00097,0.00117,True,True,True,False,0.0,1089.3957894322232,1.2605116489749295,0.9781003210114816,0.13055618882564943,-0.08683074226519881,1091.67812684877
2025-07-01T03:00:00Z,2025-07-01T03:15:00Z,2025-07-01,2025-07-01_6,0.0,1,1,99,66.1706344825349,66.17063318688272,1.5183599033816427e-05,0.002515,0.00297,True,True,True,False,0.0,1089.3957894322232,1.2616932863304253,0.9781003210114816,0.34496416980128797,-0.1897157177462237,1091.79083149162
2025-07-01T03:15:00Z,2025-07-01T03:30:00Z,2025-07-01,2025-07-01_6,0.0,1,1,99,66.17063318688272,66.17048890862185,7.479661835748793e-06,0.001305,0.0013850000000000002,True,True,True,False,0.0,1089.3957894322232,1.2616932863304253,0.9781003210114816,0.1765159186245741,-0.09737687141816177,1091.7147220867714
2025-07-01T03:30:00Z,2025-07-01T03:45:00Z,2025-07-01,2025-07-01_6,0.0,1,1,99,66.17048890862185,66.08578238688271,0.00023529589371980674,0.07793,0.0,True,True,True,False,0.0,1089.3957894322232,1.2616932863304253,0.9781003210114816,14.099103519309924,0.0,1105.734686558875
2025-07-01T03:45:00Z,2025-07-01T04:00:00Z,2025-07-01,2025-07-01_6,0.0,1,1,99,66.08578238688271,66.01076608253489,0.0002083786231884058,0.069015,0.0,True,True,True,False,0.0,1089.3957894322232,1.2616932863304253,0.9781003210114816,9.681400332827856,0.0,1101.316983372393
2025-07-01T04:00:00Z,2025-07-01T04:15:00Z,2025-07-01,2025-07-01_7,0.9999999999999958,0,1,99,66.01076608253489,65.73972803905663,0.000752883454106277,0.0,0.0006450000000000001,True,True,True,False,28.74249999999988,1089.3957894322232,0.0,0.9701242688618863,0.0,-0.044565426275675994,1119.0638482748093
2025-07-01T04:15:00Z,2025-07-01T04:30:00Z,2025-07-01,2025-07-01_7,0.9999999999999958,0,1,99,65.73972803905663,65.4688965173175,0.0007523097826086924,0.0,0.000835,True,True,True,False,28.74249999999988,1089.3957894322232,0.0,0.9701242688618863,0.0,-0.058103022037536686,1119.0503106790475
2025-07-01T04:30:00Z,2025-07-01T04:45:00Z,2025-07-01,2025-07-01_7,0.9999999999999958,0,1,99,65.4688965173175,65.19948890862186,0.0007483544685990306,0.0,0.0021449999999999998,True,True,True,False,28.74249999999988,1089.3957894322232,0.0,0.9701242688618863,0.0,-0.14512682119857412,1118.9632868798865
2025-07-01T04:45:00Z,2025-07-01T05:00:00Z,2025-07-01,2025-07-01_7,0.9999999999999958,0,1,99,65.19948890862186,64.9461356477523,0.0007037590579710118,0.0,0.016915,True,True,True,False,28.74249999999988,1089.3957894322232,0.0,0.9701242688618863,0.0,-0.7541844082950943,1118.3542292927898
2025-07-01T05:00:00Z,2025-07-01T05:15:00Z,2025-07-01,2025-07-01_8,1.0000000000000024,0,0,99,64.9461356477523,64.67439651731752,0.000754830917874398,0.0,0.0,True,False,True,False,26.777500000000064,1089.3957894322232,0.0,0.0,0.0,0.0,1116.1732894322233
2025-07-01T05:15:00Z,2025-07-01T05:30:00Z,2025-07-01,2025-07-01_8,1.0000000000000024,0,0,99,64.67439651731752,64.40265738688274,0.000754830917874398,0.0,0.0,True,False,True,False,26.777500000000064,1089.3957894322232,0.0,0.0,0.0,0.0,1116.1732894322233
2025-07-01T05:30:00Z,2025-07-01T05:45:00Z,2025-07-01,2025-07-01_8,1.0000000000000024,0,0,99,64.40265738688274,64.13091825644796,0.000754830917874398,0.0,0.0,True,False,True,False,26.777500000000064,1089.3957894322232,0.0,0.0,0.0,0.0,1116.1732894322233
2025-07-01T05:45:00Z,2025-07-01T06:00:00Z,2025-07-01,2025-07-01_8,1.0000000000000024,0,0,99,64.13091825644796,63.859179126013174,0.000754830917874398,0.0,0.0,True,False,True,False,26.777500000000064,1089.3957894322232,0.0,0.0,0.0,0.0,1116.1732894322233
2025-07-01T06:00:00Z,2025-07-01T06:15:00Z,2025-07-01,2025-07-01_9,75.8579978807189,24,100,0,63.859179126013174,47.93524428708792,0.04976421913810921,0.0018,4.4825,True,True,True,False,1801.2481596776704,0.0,30.280638871930204,97.45554089449948,0.22900131949504696,437.1366627606987,2366.3500035242937
2025-07-01T06:15:00Z,2025-07-01T06:30:00Z,2025-07-01,2025-07-01_9,75.8579978807189,24,100,0,47.93524428708792,27.71391769863129,0.05664356170058645,0.008400000000000001,0.3835,True,True,True,False,1801.2481596776704,0.0,30.280638871930204,97.45554089449948,1.1488348661795698,-22.857210252673454,1907.2759640576062
2025-07-01T06:30:00Z,2025-07-01T06:45:00Z,2025-07-01,2025-07-01_9,75.8579978807189,24,100,0,27.71391769863129,10.160477853738644,0.052368784441534304,0.0012000000000000001,2.925,True,True,True,False,1801.2481596776704,0.0,30.280638871930204,97.45554089449948,0.14640486834590466,-96.51226933454122,1832.6184749779047
2025-07-01T06:45:00Z,2025-07-01T07:00:00Z,2025-07-01,2025-07-01_9,75.8579978807189,24,100,0,10.160477853738644,10.000000000000034,0.024558508463763763,0.0,19.5415,True,True,True,False,1801.2481596776704,0.0,30.280638871930204,97.45554089449948,0.0,10182.361869744176,12111.346209188276
2025-07-01T07:00:00Z,2025-07-01T07:15:00Z,2025-07-01,2025-07-01_10,22.938162988314808,77,100,0,10.000000000000034,17.69612607733533,0.03587308008143985,0.0,14.5355,True,True,True,False,495.1202481027751,0.0,97.15038304744274,97.45554089449948,0.0,8819.461929712272,9509.188101756989
2025-07-01T07:15:00Z,2025-07-01T07:30:00Z,2025-07-01,2025-07-01_10,22.938162988314808,77,100,0,17.69612607733533,20.825009800913726,0.029787943398438106,0.0,9.7695,True,True,True,False,495.1202481027751,0.0,97.15038304744274,97.45554089449948,0.0,4290.666583787935,4980.392755832653
2025-07-01T07:30:00Z,2025-07-01T07:45:00Z,2025-07-01,2025-07-01_10,22.938162988314808,77,100,0,20.825009800913726,32.186620981715265,0.04075676615204028,0.0,18.3605,True,True,True,False,495.1202481027751,0.0,97.15038304744274,97.45554089449948,0.0,16267.973590405103,16957.69976244982
2025-07-01T07:45:00Z,2025-07-01T08:00:00Z,2025-07-01,2025-07-01_10,22.938162988314808,77,100,0,32.186620981715265,48.58695652173917,0.04747007892569181,0.0,23.6185,True,True,True,False,495.1202481027751,0.0,97.15038304744274,97.45554089449948,0.0,23866.443782125767,24556.169954170484
2025-07-01T08:00:00Z,2025-07-01T08:15:00Z,2025-07-01,2025-07-01_11,-19.46048120037809,0,0,71,48.58695652173917,53.06286719782613,0.01243308521135267,0.0,0.0,True,False,True,False,-251.33211470288302,781.2838489867461,0.0,0.0,0.0,0.0,529.9517342838631
2025-07-01T08:15:00Z,2025-07-01T08:30:00Z,2025-07-01,2025-07-01_11,-19.46048120037809,0,0,71,53.06286719782613,57.53877787391309,0.01243308521135267,0.0,0.0,True,False,True,False,-251.33211470288302,781.2838489867461,0.0,0.0,0.0,0.0,529.9517342838631
2025-07-01T08:30:00Z,2025-07-01T08:45:00Z,2025-07-01,2025-07-01_11,-19.46048120037809,0,0,71,57.53877787391309,62.01468855000005,0.01243308521135267,0.0,0.0,True,False,True,False,-251.33211470288302,781.2838489867461,0.0,0.0,0.0,0.0,529.9517342838631
2025-07-01T08:45:00Z,2025-07-01T09:00:00Z,2025-07-01,2025-07-01_11,-19.46048120037809,0,0,71,62.01468855000005,66.49059922608701,0.01243308521135267,0.0,0.0,True,False,True,False,-251.33211470288302,781.2838489867461,0.0,0.0,0.0,0.0,529.9517342838631
2025-07-01T09:00:00Z,2025-07-01T09:15:00Z,2025-07-01,2025-07-01_12,0.0,100,100,0,66.49059922608701,69.45659574782614,0.008241898550724637,0.0005,3.2244999999999995,True,True,True,False,0.0,0.0,126.05116489749295,97.45554089449948,0.05908186777477992,776.5026805443408,1000.0684682041081
2025-07-01T09:15:00Z,2025-07-01T09:30:00Z,2025-07-01,2025-07-01_12,0.0,100,100,0,69.45659574782614,75.24891574782615,0.01608977777777778,0.0,6.296,True,True,True,False,0.0,0.0,126.05116489749295,97.45554089449948,0.0,2738.662665379995,2962.169371171987
2025-07-01T09:30:00Z,2025-07-01T09:45:00Z,2025-07-01,2025-07-01_12,0.0,100,100,0,75.24891574782615,75.54976270434788,0.000968536231884058,0.022,0.353,True,True,True,False,0.0,0.0,126.05116489749295,97.45554089449948,2.5877869901727157,-16.30069283336944,209.7937999487957
2025-07-01T09:45:00Z,2025-07-01T10:00:00Z,2025-07-01,2025-07-01_12,0.0,100,100,0,75.54976270434788,77.11606270434788,0.004350833333333333,0.0,1.7025,True,True,True,False,0.0,0.0,126.05116489749295,97.45554089449948,0.0,432.50313084664316,656.0098366386355
2025-07-01T10:00:00Z,2025-07-01T10:15:00Z,2025-07-01,2025-07-01_13,0.0,29,29,71,77.11606270434788,77.84217126086962,0.0020213462318840578,0.0007250000000000001,0.790105,True,True,True,False,0.0,781.2838489867461,36.55483782027296,28.38204305098765,0.0771018374460878,244.70957100064987,1091.0074026961026
2025-07-01T10:15:00Z,2025-07-01T10:30:00Z,2025-07-01,2025-07-01_13,0.0,29,29,71,77.84217126086962,78.31990187826092,0.001345417173913044,0.003045,0.5228700000000001,True,True,True,False,0.0,781.2838489867461,36.55483782027296,28.38204305098765,0.35466870925812866,-20.2731703310554,826.3022282362094
2025-07-01T10:30:00Z,2025-07-01T10:45:00Z,2025-07-01,2025-07-01_13,0.0,29,29,71,78.31990187826092,78.35880449565224,0.0003077005072463768,0.03306,0.081345,True,True,True,False,0.0,781.2838489867461,36.55483782027296,28.38204305098765,3.875651334265514,-3.5977985003052564,846.4985826919669
2025-07-01T10:45:00Z,2025-07-01T11:00:00Z,2025-07-01,2025-07-01_13,0.0,29,29,71,78.35880449565224,78.70898000000005,0.0009823413768115944,0.0015949999999999998,0.38251,True,True,True,False,0.0,781.2838489867461,36.55483782027296,28.38204305098765,0.1781909988774445,110.97829667369083,957.377217530575
2025-07-01T11:00:00Z,2025-07-01T11:15:00Z,2025-07-01,2025-07-01_14,0.0,100,100,0,78.70898000000005,93.04626000000006,0.03982577777777778,0.0,15.584000000000001,True,True,True,False,0.0,0.0,126.05116489749295,97.45554089449948,0.0,13414.169615377043,13637.676321169036
2025-07-01T11:15:00Z,2025-07-01T11:30:00Z,2025-07-01,2025-07-01_14,0.0,100,100,0,93.04626000000006,115.97358000000006,0.06368700000000001,0.0,24.921,True,True,True,False,0.0,0.0,126.05116489749295,97.45554089449948,0.0,27959.441035902077,28182.947741694068
2025-07-01T11:30:00Z,2025-07-01T11:45:00Z,2025-07-01,2025-07-01_14,0.0,100,100,0,115.97358000000006,138.43124000000006,0.06238238888888889,0.0,24.4105,True,True,True,False,0.0,0.0,126.05116489749295,97.45554089449948,0.0,26717.486228312027,26940.99293410402
2025-07-01T11:45:00Z,2025-07-01T12:00:00Z,2025-07-01,2025-07-01_14,0.0,100,100,0,138.43124000000006,157.34000000000006,0.05252433333333333,0.0,20.553,True,True,True,False,0.0,0.0,126.05116489749295,97.45554089449948,0.0,19673.681968804773,19897.188674596764
2025-07-01T12:00:00Z,2025-07-01T12:15:00Z,2025-07-01,2025-07-01_15,0.31469089291373686,0,0,71,157.34000000000006,157.25448617040394,0.0002375384155447893,0.0,0.0,True,False,True,False,5.113727009848224,781.2838489867461,0.0,0.0,0.0,0.0,786.3975759965944
2025-07-01T12:15:00Z,2025-07-01T12:30:00Z,2025-07-01,2025-07-01_15,0.31469089291373686,0,0,71,157.25448617040394,157.1689723408078,0.0002375384155447893,0.0,0.0,True,False,True,False,5.113727009848224,781.2838489867461,0.0,0.0,0.0,0.0,786.3975759965944
2025-07-01T12:30:00Z,2025-07-01T12:45:00Z,2025-07-01,2025-07-01_15,0.31469089291373686,0,0,71,157.1689723408078,157.0834585112117,0.0002375384155447893,0.0,0.0,True,False,True,False,5.113727009848224,781.2838489867461,0.0,0.0,0.0,0.0,786.3975759965944
2025-07-01T12:45:00Z,2025-07-01T13:00:00Z,2025-07-01,2025-07-01_15,0.31469089291373686,0,0,71,157.0834585112117,156.99794468161556,0.0002375384155447893,0.0,0.0,True,False,True,False,5.113727009848224,781.2838489867461,0.0,0.0,0.0,0.0,786.3975759965944
2025-07-01T13:00:00Z,2025-07-01T13:15:00Z,2025-07-01,2025-07-01_16,6.656294524425891,22,29,71,156.99794468161556,155.64934468454348,0.005646418427336162,0.00209,0.48255999999999993,True,True,True,False,130.2636838430147,781.2838489867461,27.835240364732062,28.26210685940485,0.2417628296275873,-19.05587881127282,948.8307640722525
2025-07-01T13:15:00Z,2025-07-01T13:30:00Z,2025-07-01,2025-07-01_16,6.656294524425891,22,29,71,155.64934468454348,154.4773616910109,0.005878137985072826,0.00132,0.6659849999999999,True,True,True,False,130.2636838430147,781.2838489867461,27.835240364732062,28.26210685940485,0.15597613092541898,-26.11843727671977,941.6824189081033
2025-07-01T13:30:00Z,2025-07-01T13:45:00Z,2025-07-01,2025-07-01_16,6.656294524425891,22,29,71,154.4773616910109,152.71348030336077,0.005475244374301258,0.08756,0.14616,True,True,True,False,130.2636838430147,781.2838489867461,27.835240364732062,28.26210685940485,11.558033810583533,-6.17471812828643,973.0281957361948
2025-07-01T13:45:00Z,2025-07-01T14:00:00Z,2025-07-01,2025-07-01_16,6.656294524425891,22,29,71,152.71348030336077,151.91255653913046,0.006366293349228414,0.0,1.051685,True,True,True,False,130.2636838430147,781.2838489867461,27.835240364732062,28.26210685940485,0.0,-40.14119906256769,927.5036809913299
2025-07-01T14:00:00Z,2025-07-01T14:15:00Z,2025-07-01,2025-07-01_17,0.0,29,29,71,151.91255653913046,155.12896393913047,0.008934465,0.0,3.4960950000000004,True,True,True,False,0.0,781.2838489867461,36.58910530358233,28.26210685940485,0.0,-54.054281714161924,792.0807794355713
2025-07-01T14:15:00Z,2025-07-01T14:30:00Z,2025-07-01,2025-07-01_17,0.0,29,29,71,155.12896393913047,157.08567513913047,0.005435308888888889,0.0,2.12686,True,True,True,False,0.0,781.2838489867461,36.58910530358233,28.26210685940485,0.0,-75.6101934300963,770.524867719637
2025-07-01T14:30:00Z,2025-07-01T14:45:00Z,2025-07-01,2025-07-01_17,0.0,29,29,71,157.08567513913047,157.18868162608698,0.0007002897584541062,0.068585,0.19299499999999997,True,True,True,False,0.0,781.2838489867461,36.58910530358233,28.26210685940485,9.396794691494181,-8.661798952281544,846.8700568889459
2025-07-01T14:45:00Z,2025-07-01T15:00:00Z,2025-07-01,2025-07-01_17,0.0,29,29,71,157.18868162608698,157.01969358260874,0.0010252445652173914,0.24751500000000004,0.10875,True,True,True,False,0.0,781.2838489867461,36.58910530358233,28.26210685940485,34.047899589381025,-4.5590316481871715,875.6239290909272
2025-07-01T15:00:00Z,2025-07-01T15:15:00Z,2025-07-01,2025-07-01_18,0.0,42,42,58,157.01969358260874,160.21039158260874,0.008863050000000003,0.0,3.4681500000000005,True,True,True,False,0.0,638.23187663706,53.17722590936842,41.24150698150738,0.0,-111.3937514327353,621.2568580952005
2025-07-01T15:15:00Z,2025-07-01T15:30:00Z,2025-07-01,2025-07-01_18,0.0,42,42,58,160.21039158260874,162.05357400000003,0.0051529221739130444,0.00546,2.00991,True,True,True,False,0.0,638.23187663706,53.17722590936842,41.24150698150738,0.7319004352364258,-42.27631164503614,691.1061983181361
2025-07-01T15:30:00Z,2025-07-01T15:45:00Z,2025-07-01,2025-07-01_18,0.0,42,42,58,162.05357400000003,163.28165217391307,0.003624371739130435,0.03528,1.37655,True,True,True,False,0.0,638.23187663706,53.17722590936842,41.24150698150738,4.831443039171279,-58.57433467908698,678.9077178880201
2025-07-01T15:45:00Z,2025-07-01T16:00:00Z,2025-07-01,2025-07-01_18,0.0,42,42,58,163.28165217391307,159.67444565217394,0.010020018115942029,3.31863,0.0,True,True,True,False,0.0,638.23187663706,53.17722590936842,41.24150698150738,597.2403324713946,0.0,1329.8909419993304
2025-07-01T16:00:00Z,2025-07-01T16:15:00Z,2025-07-01,2025-07-01_19,-64.80757971009781,100,35,0,159.67444565217394,175.63209895416182,0.04543720359256736,0.5225,1.6992500000000001,True,True,True,False,-2464.1461995271943,0.0,126.61244264135337,33.954349410166024,72.03064379541918,-72.6567668924907,-2304.2055305727463
2025-07-01T16:15:00Z,2025-07-01T16:30:00Z,2025-07-01,2025-07-01_19,-64.80757971009781,100,35,0,175.63209895416182,187.14144074238914,0.03941796854857604,3.5045,0.036574999999999996,True,True,True,False,-2464.1461995271943,0.0,126.61244264135337,33.954349410166024,1074.0332812099966,-2.305873781436477,-1231.8520000471149
2025-07-01T16:30:00Z,2025-07-01T16:45:00Z,2025-07-01,2025-07-01_19,-64.80757971009781,100,35,0,187.14144074238914,189.90180036502937,0.03403860422819125,12.409,0.0,True,True,True,False,-2464.1461995271943,0.0,126.61244264135337,33.954349410166024,5179.181845126731,0.0,2875.602437651056
2025-07-01T16:45:00Z,2025-07-01T17:00:00Z,2025-07-01,2025-07-01_19,-64.80757971009781,100,35,0,189.90180036502937,182.6025054,0.0279373714206316,22.687,0.0,True,True,True,False,-2464.1461995271943,0.0,126.61244264135337,33.954349410166024,15089.828432558048,0.0,12786.249025082374
2025-07-01T17:00:00Z,2025-07-01T17:15:00Z,2025-07-01,2025-07-01_20,27.000000000000046,57,84,16,182.6025054,174.24877173913043,0.023413119057971048,0.989235,0.060059999999999995,True,True,True,False,1687.500000000003,176.06396596884417,72.16909230557141,81.49043858439845,141.23284151682847,-4.268569009590956,2154.1877693660545
2025-07-01T17:15:00Z,2025-07-01T17:30:00Z,2025-07-01,2025-07-01_20,27.000000000000046,57,84,16,174.24877173913043,166.29141140869567,0.022328105362318874,0.62871,0.06468,True,True,True,False,1687.500000000003,176.06396596884417,72.16909230557141,81.49043858439845,87.51162291391772,-4.8685848789806405,2099.866534893754
2025-07-01T17:30:00Z,2025-07-01T17:45:00Z,2025-07-01,2025-07-01_20,27.000000000000046,57,84,16,166.29141140869567,149.80533532173914,0.04579465579710148,8.41719,0.0,True,True,True,False,1687.500000000003,176.06396596884417,72.16909230557141,81.49043858439845,2827.9450912657303,0.0,4845.168588124548
2025-07-01T17:45:00Z,2025-07-01T18:00:00Z,2025-07-01,2025-07-01_20,27.000000000000046,57,84,16,149.80533532173914,137.26248206086956,0.034841259057971044,4.7894250000000005,0.0,True,True,True,False,1687.500000000003,176.06396596884417,72.16909230557141,81.49043858439845,1340.2797020649114,0.0,3357.503198923728
2025-07-01T18:00:00Z,2025-07-01T18:15:00Z,2025-07-01,2025-07-01_21,100.0,0,100,0,137.26248206086956,113.59346032173913,0.06574728260869565,0.0,3.2244999999999995,True,True,True,False,7271.5,0.0,0.0,97.45554089449948,0.0,-192.2285132047974,7176.7270276897025
2025-07-01T18:15:00Z,2025-07-01T18:30:00Z,2025-07-01,2025-07-01_21,100.0,0,100,0,113.59346032173913,92.37226466956523,0.05894776570048309,0.0,5.4765,True,True,True,False,7271.5,0.0,0.0,97.45554089449948,0.0,-269.61114618823484,7099.344394706264
2025-07-01T18:30:00Z,2025-07-01T18:45:00Z,2025-07-01,2025-07-01_21,100.0,0,100,0,92.37226466956523,66.32878640869566,0.07234299516908213,0.0,1.04,True,True,True,False,7271.5,0.0,0.0,97.45554089449948,0.0,-61.48999743978573,7307.465543454714
2025-07-01T18:45:00Z,2025-07-01T19:00:00Z,2025-07-01,2025-07-01_21,100.0,0,100,0,66.32878640869566,39.17824293043479,0.07541817632850242,0.0,0.0215,True,True,True,False,7271.5,0.0,0.0,97.45554089449948,0.0,-1.693680209543691,7367.2618606849555
2025-07-01T19:00:00Z,2025-07-01T19:15:00Z,2025-07-01,2025-07-01_22,0.34398349599997324,0,0,53,39.17824293043479,39.08476915434784,0.00025964937801930345,0.0,0.0,True,False,True,False,18.48911290999856,583.2118872717963,0.0,0.0,0.0,0.0,601.7010001817948
2025-07-01T19:15:00Z,2025-07-01T19:30:00Z,2025-07-01,2025-07-01_22,0.34398349599997324,0,0,53,39.08476915434784,38.99129537826089,0.00025964937801930345,0.0,0.0,True,False,True,False,18.48911290999856,583.2118872717963,0.0,0.0,0.0,0.0,601.7010001817948
2025-07-01T19:30:00Z,2025-07-01T19:45:00Z,2025-07-01,2025-07-01_22,0.34398349599997324,0,0,53,38.99129537826089,38.897821602173934,0.00025964937801930345,0.0,0.0,True,False,True,False,18.48911290999856,583.2118872717963,0.0,0.0,0.0,0.0,601.7010001817948
2025-07-01T19:45:00Z,2025-07-01T20:00:00Z,2025-07-01,2025-07-01_22,0.34398349599997324,0,0,53,38.897821602173934,38.80434782608698,0.00025964937801930345,0.0,0.0,True,False,True,False,18.48911290999856,583.2118872717963,0.0,0.0,0.0,0.0,601.7010001817948
2025-07-01T20:00:00Z,2025-07-01T20:15:00Z,2025-07-01,2025-07-01_23,0.0,100,100,0,38.80434782608698,23.449713913043507,0.04756864975845411,14.9405,0.962,True,True,True,False,0.0,0.0,126.55336077357859,96.95334501841386,9744.023618764402,-44.31258798274809,9923.217736573646
2025-07-01T20:15:00Z,2025-07-01T20:30:00Z,2025-07-01,2025-07-01_23,0.0,100,100,0,23.449713913043507,10.077431304347854,0.037145229468599036,12.3025,0.0,True,True,True,False,0.0,0.0,126.55336077357859,96.95334501841386,3628.1460065580877,0.0,3851.65271235008
2025-07-01T20:30:00Z,2025-07-01T20:45:00Z,2025-07-01,2025-07-01_23,0.0,100,100,0,10.077431304347854,11.852454782608724,0.005899823671497585,0.1605,2.119,True,True,True,False,0.0,0.0,126.55336077357859,96.95334501841386,22.12615948165508,-132.467025031018,113.16584024262951
2025-07-01T20:45:00Z,2025-07-01T21:00:00Z,2025-07-01,2025-07-01_23,0.0,100,100,0,11.852454782608724,14.615674782608725,0.007675611111111111,0.0,3.0035,True,True,True,False,0.0,0.0,126.55336077357859,96.95334501841386,0.0,-175.55305778206665,47.9536480099258
2025-07-01T21:00:00Z,2025-07-01T21:15:00Z,2025-07-02,2025-07-01_24,0.0,100,100,0,14.615674782608725,18.988434782608724,0.012146555555555556,0.0,4.753,True,True,True,False,0.0,0.0,124.49775466792721,95.36752540770503,0.0,-221.7327111399984,-1.8674310643661585
2025-07-01T21:15:00Z,2025-07-01T21:30:00Z,2025-07-02,2025-07-01_24,0.0,100,100,0,18.988434782608724,26.507134782608723,0.020885277777777777,0.0,8.1725,True,True,True,False,0.0,0.0,124.49775466792721,95.36752540770503,0.0,-350.21734715985184,-130.35206708421958
2025-07-01T21:30:00Z,2025-07-01T21:45:00Z,2025-07-02,2025-07-01_24,0.0,100,100,0,26.507134782608723,37.75781478260872,0.031251888888888885,0.0,12.229,True,True,True,False,0.0,0.0,124.49775466792721,95.36752540770503,0.0,-149.76261758449536,70.10266249113688
2025-07-01T21:45:00Z,2025-07-01T22:00:00Z,2025-07-02,2025-07-01_24,0.0,100,100,0,37.75781478260872,48.11701478260872,0.028775555555555554,0.0,11.26,True,True,True,False,0.0,0.0,124.49775466792721,95.36752540770503,0.0,-387.6330181990073,-167.76773812337507
2025-07-01T22:00:00Z,2025-07-01T22:15:00Z,2025-07-02,2025-07-02_1,-17.223893158429455,30,12,70,48.11701478260872,52.048819096183855,0.01116701693237171,0.0954,0.07050000000000001,True,True,True,False,-513.6595537172625,770.3557078704797,37.22524225951312,11.444103048924601,13.134129047506498,-4.236095781139211,314.2635327280222
2025-07-01T22:15:00Z,2025-07-01T22:30:00Z,2025-07-02,2025-07-02_1,-17.223893158429455,30,12,70,52.048819096183855,55.807045571477886,0.011172061069420085,0.28485,0.08592,True,True,True,False,-513.6595537172625,770.3557078704797,37.22524225951312,11.444103048924601,39.2424467619948,-5.1197130701961715,339.48823315345356
2025-07-01T22:30:00Z,2025-07-01T22:45:00Z,2025-07-02,2025-07-02_1,-17.223893158429455,30,12,70,55.807045571477886,59.799856837259995,0.01112045955833073,0.011399999999999999,0.04632,True,True,True,False,-513.6595537172625,770.3557078704797,37.22524225951312,11.444103048924601,1.5694871188844242,-2.832095958402269,304.10289062213707
2025-07-01T22:45:00Z,2025-07-01T23:00:00Z,2025-07-02,2025-07-02_1,-17.223893158429455,30,12,70,59.799856837259995,63.98468886956526,0.011644592528014688,0.0078,0.25116,True,True,True,False,-513.6595537172625,770.3557078704797,37.22524225951312,11.444103048924601,1.073859607657764,-10.706899550933585,295.73245951837913
2025-07-01T23:00:00Z,2025-07-01T23:15:00Z,2025-07-02,2025-07-02_2,0.0,1,1,99,63.98468886956526,63.85475543478265,0.0003786873188405797,0.12247999999999999,0.003475,True,True,True,False,0.0,1089.5030725596785,1.2408414086504371,0.9536752540770502,26.711095139053015,-0.1485663111557551,1118.2601180503032
2025-07-01T23:15:00Z,2025-07-01T23:30:00Z,2025-07-02,2025-07-02_2,0.0,1,1,99,63.85475543478265,63.804347826087,0.0001400211352657005,0.046375,0.0,True,True,True,False,0.0,1089.5030725596785,1.2408414086504371,0.9536752540770502,6.392702227605766,0.0,1098.0902914500118
2025-07-01T23:30:00Z,2025-07-01T23:45:00Z,2025-07-02,2025-07-02_2,0.0,1,1,99,63.804347826087,63.817609695652216,3.816702898550725e-05,0.00021999999999999998,0.014675,True,True,True,False,0.0,1089.5030725596785,1.2408414086504371,0.9536752540770502,0.030288347908295904,-0.8232677312298118,1090.9046098390845
2025-07-01T23:45:00Z,2025-07-02T00:00:00Z,2025-07-02,2025-07-02_2,0.0,1,1,99,63.817609695652216,63.852473095652215,9.684277777777779e-05,0.0,0.037895,True,True,True,False,0.0,1089.5030725596785,1.2408414086504371,0.9536752540770502,0.0,-1.8229784881430706,1089.874610734263
2025-07-02T00:00:00Z,2025-07-02T00:15:00Z,2025-07-02,2025-07-02_3,0.0,1,1,99,63.852473095652215,63.861861695652216,2.6079444444444442e-05,0.0,0.010204999999999999,True,True,True,False,0.0,1089.5030725596785,1.2429094776648544,0.9536752540770502,0.0,-0.5428315508548017,1091.1568257405656
2025-07-02T00:15:00Z,2025-07-02T00:30:00Z,2025-07-02,2025-07-02_3,0.0,1,1,99,63.861861695652216,63.888941895652216,7.522277777777779e-05,0.0,0.029435,True,True,True,False,0.0,1089.5030725596785,1.2429094776648544,0.9536752540770502,0.0,-1.3523449617899628,1090.3473123296303
2025-07-02T00:30:00Z,2025-07-02T00:45:00Z,2025-07-02,2025-07-02_3,0.0,1,1,99,63.888941895652216,63.91574609565222,7.445611111111112e-05,0.0,0.029135,True,True,True,False,0.0,1089.5030725596785,1.2429094776648544,0.9536752540770502,0.0,-1.3086878259670685,1090.3909694654533
2025-07-02T00:45:00Z,2025-07-02T01:00:00Z,2025-07-02,2025-07-02_3,0.0,1,1,99,63.91574609565222,63.97414769565222,0.00016222666666666666,0.0,0.06348,True,True,True,False,0.0,1089.5030725596785,1.2429094776648544,0.9536752540770502,0.0,-2.4590310564878277,1089.2406262349325
2025-07-02T01:00:00Z,2025-07-02T01:15:00Z,2025-07-02,2025-07-02_4,0.0,1,1,99,63.97414769565222,63.997465095652224,6.477055555555556e-05,0.0,0.025345,True,True,True,False,0.0,1089.5030725596785,1.2429094776648544,0.9536752540770502,0.0,-1.2125135458520444,1090.4871437455683
2025-07-02T01:15:00Z,2025-07-02T01:30:00Z,2025-07-02,2025-07-02_4,0.0,1,1,99,63.997465095652224,64.02419109565223,7.423888888888889e-05,0.0,0.02905,True,True,True,False,0.0,1089.5030725596785,1.2429094776648544,0.9536752540770502,0.0,-1.3189221815173717,1090.380735109903
2025-07-02T01:30:00Z,2025-07-02T01:45:00Z,2025-07-02,2025-07-02_4,0.0,1,1,99,64.02419109565223,64.04438969565223,5.610722222222222e-05,0.0,0.021955,True,True,True,False,0.0,1089.5030725596785,1.2429094776648544,0.9536752540770502,0.0,-1.0704338148979753,1090.6292234765224
2025-07-02T01:45:00Z,2025-07-02T02:00:00Z,2025-07-02,2025-07-02_4,0.0,1,1,99,64.04438969565223,64.04850669565222,1.1436111111111111e-05,0.0,0.004475,True,True,True,False,0.0,1089.5030725596785,1.2429094776648544,0.9536752540770502,0.0,-0.2831892677066099,1091.4164680237138
2025-07-02T02:00:00Z,2025-07-02T02:15:00Z,2025-07-02,2025-07-02_5,-1.0000000000000018,0,0,99,64.04850669565222,64.27850669565223,0.0006388888888888901,0.0,0.0,True,False,True,False,-22.657500000000038,1089.5030725596785,0.0,0.0,0.0,0.0,1066.8455725596784
2025-07-02T02:15:00Z,2025-07-02T02:30:00Z,2025-07-02,2025-07-02_5,-1.0000000000000018,0,0,99,64.27850669565223,64.50850669565223,0.0006388888888888901,0.0,0.0,True,False,True,False,-22.657500000000038,1089.5030725596785,0.0,0.0,0.0,0.0,1066.8455725596784
2025-07-02T02:30:00Z,2025-07-02T02:45:00Z,2025-07-02,2025-07-02_5,-1.0000000000000018,0,0,99,64.50850669565223,64.73850669565223,0.0006388888888888901,0.0,0.0,True,False,True,False,-22.657500000000038,1089.5030725596785,0.0,0.0,0.0,0.0,1066.8455725596784
2025-07-02T02:45:00Z,2025-07-02T03:00:00Z,2025-07-02,2025-07-02_5,-1.0000000000000018,0,0,99,64.73850669565223,64.96850669565224,0.0006388888888888901,0.0,0.0,True,False,True,False,-22.657500000000038,1089.5030725596785,0.0,0.0,0.0,0.0,1066.8455725596784
2025-07-02T03:00:00Z,2025-07-02T03:15:00Z,2025-07-02,2025-07-02_6,0.0,0,0,99,64.96850669565224,64.96850669565224,0.0,0.0,0.0,True,False,True,False,0.0,1089.5030725596785,0.0,0.0,0.0,0.0,1089.5030725596785
2025-07-02T03:15:00Z,2025-07-02T03:30:00Z,2025-07-02,2025-07-02_6,0.0,0,0,99,64.96850669565224,64.96850669565224,0.0,0.0,0.0,True,False,True,False,0.0,1089.5030725596785,0.0,0.0,0.0,0.0,1089.5030725596785
2025-07-02T03:30:00Z,2025-07-02T03:45:00Z,2025-07-02,2025-07-02_6,0.0,0,0,99,64.96850669565224,64.96850669565224,0.0,0.0,0.0,True,False,True,False,0.0,1089.5030725596785,0.0,0.0,0.0,0.0,1089.5030725596785
2025-07-02T03:45:00Z,2025-07-02T04:00:00Z,2025-07-02,2025-07-02_6,0.0,0,0,99,64.96850669565224,64.96850669565224,0.0,0.0,0.0,True,False,True,False,0.0,1089.5030725596785,0.0,0.0,0.0,0.0,1089.5030725596785
2025-07-02T04:00:00Z,2025-07-02T04:15:00Z,2025-07-02,2025-07-02_7,0.9999999999999958,0,1,99,64.96850669565224,64.77787082608702,0.0005295440821256024,0.0,0.074615,True,True,True,False,28.47499999999988,1089.5030725596785,0.0,0.9513117466320018,0.0,-2.2592449706531155,1116.6701393356573
2025-07-02T04:15:00Z,2025-07-02T04:30:00Z,2025-07-02,2025-07-02_7,0.9999999999999958,0,1,99,64.77787082608702,64.61678386956528,0.0004474637681159412,0.0,0.1018,True,True,True,False,28.47499999999988,1089.5030725596785,0.0,0.9513117466320018,0.0,-3.8326982194910575,1115.0966860868193
2025-07-02T04:30:00Z,2025-07-02T04:45:00Z,2025-07-02,2025-07-02_7,0.9999999999999958,0,1,99,64.61678386956528,64.36601756521746,0.0006965730676328474,0.0,0.019295,True,True,True,False,28.47499999999988,1089.5030725596785,0.0,0.9513117466320018,0.0,-1.0863907389899945,1117.8429935673203
2025-07-02T04:45:00Z,2025-07-02T05:00:00Z,2025-07-02,2025-07-02_7,0.9999999999999958,0,1,99,64.36601756521746,64.11188169565224,0.0007059329710144899,0.0,0.016195,True,True,True,False,28.47499999999988,1089.5030725596785,0.0,0.9513117466320018,0.0,-0.9696776983376664,1117.9597066079727
2025-07-02T05:00:00Z,2025-07-02T05:15:00Z,2025-07-02,2025-07-02_8,0.23575511865997933,0,0,99,64.11188169565224,64.04781780471203,0.00017795525261169937,0.0,0.0,True,False,True,False,6.453206985520284,1089.5030725596785,0.0,0.0,0.0,0.0,1095.9562795451986
2025-07-02T05:15:00Z,2025-07-02T05:30:00Z,2025-07-02,2025-07-02_8,0.23575511865997933,0,0,99,64.04781780471203,63.983753913771814,0.00017795525261169937,0.0,0.0,True,False,True,False,6.453206985520284,1089.5030725596785,0.0,0.0,0.0,0.0,1095.9562795451986
2025-07-02T05:30:00Z,2025-07-02T05:45:00Z,2025-07-02,2025-07-02_8,0.23575511865997933,0,0,99,63.983753913771814,63.9196900228316,0.00017795525261169937,0.0,0.0,True,False,True,False,6.453206985520284,1089.5030725596785,0.0,0.0,0.0,0.0,1095.9562795451986
2025-07-02T05:45:00Z,2025-07-02T06:00:00Z,2025-07-02,2025-07-02_8,0.23575511865997933,0,0,99,63.9196900228316,63.85562613189139,0.00017795525261169937,0.0,0.0,True,False,True,False,6.453206985520284,1089.5030725596785,0.0,0.0,0.0,0.0,1095.9562795451986
2025-07-02T06:00:00Z,2025-07-02T06:15:00Z,2025-07-02,2025-07-02_9,82.99999999999999,17,100,0,63.85562613189139,49.349615766674,0.0469006354589372,0.0,7.603,True,True,True,False,2168.7899999999995,0.0,21.129461120302526,95.45615693689435,0.0,2554.2018837154333,4839.57750177263
2025-07-02T06:15:00Z,2025-07-02T06:30:00Z,2025-07-02,2025-07-02_9,82.99999999999999,17,100,0,49.349615766674,42.0186193840653,0.03285936995169082,0.0,14.381,True,True,True,False,2168.7899999999995,0.0,21.129461120302526,95.45615693689435,0.0,7685.465060860317,9970.840678917513
2025-07-02T06:30:00Z,2025-07-02T06:45:00Z,2025-07-02,2025-07-02_9,82.99999999999999,17,100,0,42.0186193840653,34.51401687971748,0.03319911140096618,0.0,14.217000000000002,True,True,True,False,2168.7899999999995,0.0,21.129461120302526,95.45615693689435,0.0,995.8032362325691,3281.1788542897657
2025-07-02T06:45:00Z,2025-07-02T07:00:00Z,2025-07-02,2025-07-02_9,82.99999999999999,17,100,0,34.51401687971748,36.5228181318914,0.014581694299516917,0.0,23.204,True,True,True,False,2168.7899999999995,0.0,21.129461120302526,95.45615693689435,0.0,15991.875786654062,18277.25140471126
2025-07-02T07:00:00Z,2025-07-02T07:15:00Z,2025-07-02,2025-07-02_10,0.0,100,100,0,36.5228181318914,36.8640381318914,0.009420055555555557,1.403,2.0285,True,True,True,False,0.0,0.0,123.64098321909712,96.01748995509335,151.98337666430314,100.14010753958875,471.7819573780824
2025-07-02T07:15:00Z,2025-07-02T07:30:00Z,2025-07-02,2025-07-02_10,0.0,100,100,0,36.8640381318914,36.8757381318914,0.0006575,0.1035,0.135,True,True,True,False,0.0,0.0,123.64098321909712,96.01748995509335,11.211888442448592,-8.628784566296384,222.2415770503427
2025-07-02T07:30:00Z,2025-07-02T07:45:00Z,2025-07-02,2025-07-02_10,0.0,100,100,0,36.8757381318914,41.306525088413146,0.012787814009661837,0.0795,4.91,True,True,True,False,0.0,0.0,123.64098321909712,96.01748995509335,8.612030252895297,3363.734893248247,3592.0053966753326
2025-07-02T07:45:00Z,2025-07-02T08:00:00Z,2025-07-02,2025-07-02_10,0.0,100,100,0,41.306525088413146,51.539685088413144,0.028425444444444444,0.0,11.123,True,True,True,False,0.0,0.0,123.64098321909712,96.01748995509335,0.0,4588.594596234144,4808.253069408334
2025-07-02T08:00:00Z,2025-07-02T08:15:00Z,2025-07-02,2025-07-02_11,-2.848669736773917,29,26,71,51.539685088413144,51.23747911999409,0.005328052282352226,1.132595,0.27729000000000004,True,True,True,False,-54.26003681120118,781.3607894114865,35.74450484519026,24.96454738832427,129.00545262546285,-10.210773339636022,906.6044841196267
2025-07-02T08:15:00Z,2025-07-02T08:30:00Z,2025-07-02,2025-07-02_11,-2.848669736773917,29,26,71,51.23747911999409,48.997776288360136,0.008503728791321845,2.704105,0.0,True,True,True,False,-54.26003681120118,781.3607894114865,35.74450484519026,24.96454738832427,340.2489701095092,0.0,1128.0587749433091
2025-07-02T08:30:00Z,2025-07-02T08:45:00Z,2025-07-02,2025-07-02_11,-2.848669736773917,29,26,71,48.997776288360136,49.445202915625835,0.002308802704221015,0.19575000000000004,0.00195,True,True,True,False,-54.26003681120118,781.3607894114865,35.74450484519026,24.96454738832427,21.1990788229733,-0.14978728432994562,808.8590963724432
2025-07-02T08:45:00Z,2025-07-02T09:00:00Z,2025-07-02,2025-07-02_11,-2.848669736773917,29,26,71,49.445202915625835,49.162793459138044,0.0039902000031658055,0.8768149999999999,0.0011699999999999998,True,True,True,False,-54.26003681120118,781.3607894114865,35.74450484519026,24.96454738832427,94.98311076971557,-0.08477706806901439,882.7081385354464
2025-07-02T09:00:00Z,2025-07-02T09:15:00Z,2025-07-02,2025-07-02_12,0.0,100,100,0,49.162793459138044,53.238645633051085,0.011345966183574878,0.004,4.435,True,True,True,False,0.0,0.0,123.25691325927676,96.01748995509335,0.4333096982588828,-158.8125177263058,60.89519518632319
2025-07-02T09:15:00Z,2025-07-02T09:30:00Z,2025-07-02,2025-07-02_12,0.0,100,100,0,53.238645633051085,55.301745633051084,0.005730833333333334,0.0,2.2425,True,True,True,False,0.0,0.0,123.25691325927676,96.01748995509335,0.0,-81.07928090285985,138.19512231151026
2025-07-02T09:30:00Z,2025-07-02T09:45:00Z,2025-07-02,2025-07-02_12,0.0,100,100,0,55.301745633051084,67.71162563305109,0.03447188888888889,0.0,13.489,True,True,True,False,0.0,0.0,123.25691325927676,96.01748995509335,0.0,9433.617645158749,9652.89204837312
2025-07-02T09:45:00Z,2025-07-02T10:00:00Z,2025-07-02,2025-07-02_12,0.0,100,100,0,67.71162563305109,79.41954563305109,0.032522,0.0,12.726,True,True,True,False,0.0,0.0,123.25691325927676,96.01748995509335,0.0,7201.0606889624205,7420.335092176791
2025-07-02T10:00:00Z,2025-07-02T10:15:00Z,2025-07-02,2025-07-02_13,0.0,100,100,0,79.41954563305109,90.71990563305108,0.03138988888888889,0.0,12.283,True,True,True,False,0.0,0.0,123.25691325927676,96.01748995509335,0.0,6895.363923619317,7114.638326833687
2025-07-02T10:15:00Z,2025-07-02T10:30:00Z,2025-07-02,2025-07-02_13,0.0,100,100,0,90.71990563305108,97.68154563305109,0.01933788888888889,0.0,7.567,True,True,True,False,0.0,0.0,123.25691325927676,96.01748995509335,0.0,1898.93665287954,2118.21105609391
2025-07-02T10:30:00Z,2025-07-02T10:45:00Z,2025-07-02,2025-07-02_13,0.0,100,100,0,97.68154563305109,101.48074563305109,0.010900555555555554,0.057499999999999996,4.1975,True,True,True,False,0.0,0.0,123.25691325927676,96.01748995509335,6.2278416253052855,1824.6624763649256,2050.164721204601
2025-07-02T10:45:00Z,2025-07-02T11:00:00Z,2025-07-02,2025-07-02_13,0.0,100,100,0,101.48074563305109,104.40865258957282,0.00826592512077295,0.022,3.2085000000000004,True,True,True,False,0.0,0.0,123.25691325927676,96.01748995509335,2.3782809422516347,2006.508767726306,2228.161451882928
2025-07-02T11:00:00Z,2025-07-02T11:15:00Z,2025-07-02,2025-07-02_14,0.0,100,100,0,104.40865258957282,107.11207258957282,0.0075095,0.0,2.9385,True,True,True,False,0.0,0.0,123.25691325927676,96.01748995509335,0.0,531.597522748759,750.8719259631291
2025-07-02T11:15:00Z,2025-07-02T11:30:00Z,2025-07-02,2025-07-02_14,0.0,100,100,0,107.11207258957282,113.62935258957282,0.018103555555555553,0.0,7.084,True,True,True,False,0.0,0.0,123.25691325927676,96.01748995509335,0.0,3552.0905002757418,3771.364903490112
2025-07-02T11:30:00Z,2025-07-02T11:45:00Z,2025-07-02,2025-07-02_14,0.0,100,100,0,113.62935258957282,123.25347258957282,0.02673366666666667,0.0,10.461,True,True,True,False,0.0,0.0,123.25691325927676,96.01748995509335,0.0,6259.195905814228,6478.470309028598
2025-07-02T11:45:00Z,2025-07-02T12:00:00Z,2025-07-02,2025-07-02_14,0.0,100,100,0,123.25347258957282,127.48087258957283,0.011742777777777779,0.0,4.595,True,True,True,False,0.0,0.0,123.25691325927676,96.01748995509335,0.0,-68.00006302686519,151.27434018750492
2025-07-02T12:00:00Z,2025-07-02T12:15:00Z,2025-07-02,2025-07-02_15,-28.90935975880832,29,0,71,127.48087258957283,134.13002533409872,0.018469868734794205,0.0,0.0,True,True,True,False,-382.254009410843,781.3607894114865,35.74450484519026,0.0,0.0,0.0,434.85128484583373
2025-07-02T12:15:00Z,2025-07-02T12:30:00Z,2025-07-02,2025-07-02_15,-28.90935975880832,29,0,71,134.13002533409872,140.71817969976672,0.018301679475594183,0.066265,0.0,True,True,True,False,-382.254009410843,781.3607894114865,35.74450484519026,0.0,7.170603361104545,0.0,442.0218882069383
2025-07-02T12:30:00Z,2025-07-02T12:45:00Z,2025-07-02,2025-07-02_15,-28.90935975880832,29,0,71,140.71817969976672,147.3638620770053,0.01846029998044147,0.0037699999999999995,0.0,True,True,True,False,-382.254009410843,781.3607894114865,35.74450484519026,0.0,0.4049675904041597,0.0,435.2562524362379
2025-07-02T12:45:00Z,2025-07-02T13:00:00Z,2025-07-02,2025-07-02_15,-28.90935975880832,29,0,71,147.3638620770053,154.00607408695654,0.018450731226088736,0.007539999999999999,0.0,True,True,True,False,-382.254009410843,781.3607894114865,35.74450484519026,0.0,0.8162170290711414,0.0,435.6675018749049
2025-07-02T13:00:00Z,2025-07-02T13:15:00Z,2025-07-02,2025-07-02_16,32.000000000000014,68,100,0,154.00607408695654,159.36036733913045,0.0352913942995169,0.0,14.433499999999999,True,True,True,False,575.6800000000002,0.0,84.07586858898604,96.01748995509335,0.0,11861.99338986055,12617.76674840463
2025-07-02T13:15:00Z,2025-07-02T13:30:00Z,2025-07-02,2025-07-02_16,32.000000000000014,68,100,0,159.36036733913045,161.43908180869565,0.03269497980676329,0.0,11.0685,True,True,True,False,575.6800000000002,0.0,84.07586858898604,96.01748995509335,0.0,3473.1746129756557,4228.947971519735
2025-07-02T13:30:00Z,2025-07-02T13:45:00Z,2025-07-02,2025-07-02_16,32.000000000000014,68,100,0,161.43908180869565,158.12315822608696,0.028463738840579712,0.01156,5.5395,True,True,True,False,575.6800000000002,0.0,84.07586858898604,96.01748995509335,1.2502568502324116,-58.42594835736232,698.5976670369497
2025-07-02T13:45:00Z,2025-07-02T14:00:00Z,2025-07-02,2025-07-02_16,32.000000000000014,68,100,0,158.12315822608696,157.34,0.030426492850241557,0.0,8.1285,True,True,True,False,575.6800000000002,0.0,84.07586858898604,96.01748995509335,0.0,2997.0441665681874,3752.817525112267
2025-07-02T14:00:00Z,2025-07-02T14:15:00Z,2025-07-02,2025-07-02_17,0.0,0,0,71,157.34,157.34,0.0,0.0,0.0,True,False,True,False,0.0,781.3607894114865,0.0,0.0,0.0,0.0,781.3607894114865
2025-07-02T14:15:00Z,2025-07-02T14:30:00Z,2025-07-02,2025-07-02_17,0.0,0,0,71,157.34,157.34,0.0,0.0,0.0,True,False,True,False,0.0,781.3607894114865,0.0,0.0,0.0,0.0,781.3607894114865
2025-07-02T14:30:00Z,2025-07-02T14:45:00Z,2025-07-02,2025-07-02_17,0.0,0,0,71,157.34,157.34,0.0,0.0,0.0,True,False,True,False,0.0,781.3607894114865,0.0,0.0,0.0,0.0,781.3607894114865
2025-07-02T14:45:00Z,2025-07-02T15:00:00Z,2025-07-02,2025-07-02_17,0.0,0,0,71,157.34,157.34,0.0,0.0,0.0,True,False,True,False,0.0,781.3607894114865,0.0,0.0,0.0,0.0,781.3607894114865
2025-07-02T15:00:00Z,2025-07-02T15:15:00Z,2025-07-02,2025-07-02_18,18.594822049940788,81,100,0,157.34,173.79922766775832,0.04839308252456325,0.0,22.6195,True,True,True,False,535.3449268177952,0.0,100.67566769085322,95.86977073977782,0.0,10297.26318679587,11029.153552044296
2025-07-02T15:15:00Z,2025-07-02T15:30:00Z,2025-07-02,2025-07-02_18,18.594822049940788,81,100,0,173.79922766775832,170.45234622297414,0.016935954801011836,0.036855,1.836,True,True,True,False,535.3449268177952,0.0,100.67566769085322,95.86977073977782,4.655444448711888,-92.02239423304184,644.5234154640963
2025-07-02T15:30:00Z,2025-07-02T15:45:00Z,2025-07-02,2025-07-02_18,18.594822049940788,81,100,0,170.45234622297414,165.44090818886025,0.0147319994794409,0.13243500000000002,0.195,True,True,True,False,535.3449268177952,0.0,100.67566769085322,95.86977073977782,17.941196800401798,-12.458422949657292,737.3731390991708
2025-07-02T15:45:00Z,2025-07-02T16:00:00Z,2025-07-02,2025-07-02_18,18.594822049940788,81,100,0,165.44090818886025,160.50986000000003,0.01465431917206906,0.0891,0.22999999999999998,True,True,True,False,535.3449268177952,0.0,100.67566769085322,95.86977073977782,12.076531730087448,-14.928708737099186,729.0381882414146
2025-07-02T16:00:00Z,2025-07-02T16:15:00Z,2025-07-02,2025-07-02_19,0.0,96,100,0,160.50986000000003,177.15910000000002,0.046247888888888894,0.0,18.097,True,True,True,False,0.0,0.0,120.0,95.45615693689435,0.0,6700.3632795635385,6915.819436500433
2025-07-02T16:15:00Z,2025-07-02T16:30:00Z,2025-07-02,2025-07-02_19,0.0,96,100,0,177.15910000000002,189.89006000000003,0.03536377777777778,0.0,13.838000000000001,True,True,True,False,0.0,0.0,120.0,95.45615693689435,0.0,-71.97275388009139,143.48340305680296
2025-07-02T16:30:00Z,2025-07-02T16:45:00Z,2025-07-02,2025-07-02_19,0.0,96,100,0,189.89006000000003,188.74469565217393,0.0037923454106280194,1.1548800000000001,0.1195,True,True,True,False,0.0,0.0,120.0,95.45615693689435,244.2846886315292,-7.671353009532812,452.0694925588907
2025-07-02T16:45:00Z,2025-07-02T17:00:00Z,2025-07-02,2025-07-02_19,0.0,96,100,0,188.74469565217393,178.74347826086958,0.027781159420289855,9.20112,0.0,True,True,True,False,0.0,0.0,120.0,95.45615693689435,2219.1803149137318,0.0,2434.636471850626
2025-07-02T17:00:00Z,2025-07-02T17:15:00Z,2025-07-02,2025-07-02_20,100.0,0,100,0,178.74347826086958,155.97282608695653,0.0632518115942029,0.0,4.051,True,True,True,False,9872.25,0.0,0.0,95.63341999527297,0.0,-198.8685783502718,9769.014841645001
2025-07-02T17:15:00Z,2025-07-02T17:30:00Z,2025-07-02,2025-07-02_20,100.0,0,100,0,155.97282608695653,133.41358695652175,0.06266455314009661,0.0,4.2455,True,True,True,False,9872.25,0.0,0.0,95.63341999527297,0.0,-211.33428710706687,9756.549132888205
2025-07-02T17:30:00Z,2025-07-02T17:45:00Z,2025-07-02,2025-07-02_20,100.0,0,100,0,133.41358695652175,109.92663043478262,0.0652415458937198,0.0,3.392,True,True,True,False,9872.25,0.0,0.0,95.63341999527297,0.0,-181.25006223902935,9786.633357756244
2025-07-02T17:45:00Z,2025-07-02T18:00:00Z,2025-07-02,2025-07-02_20,100.0,0,100,0,109.92663043478262,83.16413043478262,0.07434027777777778,0.0,0.3785,True,True,True,False,9872.25,0.0,0.0,95.63341999527297,0.0,-23.579539116048213,9944.303880879224
2025-07-02T18:00:00Z,2025-07-02T18:15:00Z,2025-07-02,2025-07-02_21,100.0,0,100,0,83.16413043478262,63.90815217391305,0.053488828502415466,0.0,7.2845,True,True,True,False,10477.0,0.0,0.0,95.13117466320018,0.0,-289.1891405696053,10282.942034093596
2025-07-02T18:15:00Z,2025-07-02T18:30:00Z,2025-07-02,2025-07-02_21,100.0,0,100,0,63.90815217391305,44.19402173913045,0.054761473429951676,0.0,6.863000000000001,True,True,True,False,10477.0,0.0,0.0,95.13117466320018,0.0,-253.60604427637284,10318.525130386828
2025-07-02T18:30:00Z,2025-07-02T18:45:00Z,2025-07-02,2025-07-02_21,100.0,0,100,0,44.19402173913045,28.136413043478274,0.04460446859903382,0.0,10.227,True,True,True,False,10477.0,0.0,0.0,95.13117466320018,0.0,-363.4762656582368,10208.654909004963
2025-07-02T18:45:00Z,2025-07-02T19:00:00Z,2025-07-02,2025-07-02_21,100.0,0,100,0,28.136413043478274,10.038043478260885,0.050273248792270527,0.0,8.3495,True,True,True,False,10477.0,0.0,0.0,95.13117466320018,0.0,-279.87072746789573,10292.260447195304
2025-07-02T19:00:00Z,2025-07-02T19:15:00Z,2025-07-02,2025-07-02_22,9.500452997137007,90,100,0,10.038043478260885,10.095996357858503,0.012885333919776008,0.0,2.8205,True,True,True,False,475.1176543868217,0.0,112.34046324745923,95.13117466320018,0.0,-146.20358288032776,536.3857094171533
2025-07-02T19:15:00Z,2025-07-02T19:30:00Z,2025-07-02,2025-07-02_22,9.500452997137007,90,100,0,10.095996357858503,9.999999999999934,0.012552070610298014,0.0,2.656,True,True,True,False,475.1176543868217,0.0,112.34046324745923,95.13117466320018,0.0,-158.37966753328604,524.209624764195
2025-07-02T19:30:00Z,2025-07-02T19:45:00Z,2025-07-02,2025-07-02_22,9.500452997137007,90,100,0,9.999999999999934,18.375423079548117,0.030890669257074968,0.0,11.708,True,True,True,False,475.1176543868217,0.0,112.34046324745923,95.13117466320018,0.0,-38.34409201922319,644.2452002782579
2025-07-02T19:45:00Z,2025-07-02T20:00:00Z,2025-07-02,2025-07-02_22,9.500452997137007,90,100,0,18.375423079548117,31.685644512327166,0.041573328411345284,0.0,16.981,True,True,True,False,475.1176543868217,0.0,112.34046324745923,95.13117466320018,0.0,-366.5604307492319,316.0288615482492
2025-07-02T20:00:00Z,2025-07-02T20:15:00Z,2025-07-02,2025-07-02_23,0.0,90,90,10,31.685644512327166,21.949394425370645,0.029998339130434783,9.4464,0.5778,True,True,True,False,0.0,110.05081541006852,112.04797920113448,85.9105412432049,2260.6742992200425,-24.936487827936656,2543.7471472465136
2025-07-02T20:15:00Z,2025-07-02T20:30:00Z,2025-07-02,2025-07-02_23,0.0,90,90,10,21.949394425370645,15.442193294935864,0.018114658695652174,5.9931,0.0076500000000000005,True,True,True,False,0.0,110.05081541006852,112.04797920113448,85.9105412432049,1276.9297455684234,-0.5876270385251713,1584.3514543843062
2025-07-02T20:30:00Z,2025-07-02T20:45:00Z,2025-07-02,2025-07-02_23,0.0,90,90,10,15.442193294935864,16.9013930340663,0.004058767391304348,0.0009000000000000001,1.58715,True,True,True,False,0.0,110.05081541006852,112.04797920113448,85.9105412432049,0.09572205152446231,-95.15647601039942,212.94858189553295
2025-07-02T20:45:00Z,2025-07-02T21:00:00Z,2025-07-02,2025-07-02_23,0.0,90,90,10,16.9013930340663,19.0098950340663,0.0058569500000000005,0.0,2.29185,True,True,True,False,0.0,110.05081541006852,112.04797920113448,85.9105412432049,0.0,-132.9410225714961,175.06831328291182
2025-07-02T21:00:00Z,2025-07-02T21:15:00Z,2025-07-03,2025-07-02_24,0.0,84,84,16,19.0098950340663,19.187598860153255,0.0017389115942028986,0.20622000000000001,0.43679999999999997,True,True,True,False,0.0,176.4531728017369,100.57120300009868,75.60248692391197,28.187524535675518,-24.497182038882862,356.3172052225402
2025-07-02T21:15:00Z,2025-07-02T21:30:00Z,2025-07-03,2025-07-02_24,0.0,84,84,16,19.187598860153255,19.2243930514576,0.00040655391304347826,0.05039999999999999,0.09953999999999999,True,True,True,False,0.0,176.4531728017369,100.57120300009868,75.60248692391197,6.663463929734531,-6.819644243560643,352.4706824119215
2025-07-02T21:30:00Z,2025-07-02T21:45:00Z,2025-07-03,2025-07-02_24,0.0,84,84,16,19.2243930514576,19.422530790588034,0.0009308173913043478,0.063,0.2898,True,True,True,False,0.0,176.4531728017369,100.57120300009868,75.60248692391197,8.507269318069675,-18.31765940984901,342.8164726339682
2025-07-02T21:45:00Z,2025-07-02T22:00:00Z,2025-07-03,2025-07-02_24,0.0,84,84,16,19.422530790588034,23.39033360797934,0.011054645507246377,0.00546,4.31928,True,True,True,False,0.0,176.4531728017369,100.57120300009868,75.60248692391197,0.6610247902891542,424.16241793743217,777.4503054534689
2025-07-02T22:00:00Z,2025-07-02T22:15:00Z,2025-07-03,2025-07-03_1,-48.78446448398426,100,51,0,23.39033360797934,30.064251438552958,0.03666821795901393,5.862,1.464975,True,True,True,False,-1191.9264285049455,0.0,118.83943550774697,45.90150991808941,4006.7328258166394,529.5252110875358,3509.0725538250663
2025-07-02T22:15:00Z,2025-07-02T22:30:00Z,2025-07-03,2025-07-03_1,-48.78446448398426,100,51,0,30.064251438552958,41.04293633869457,0.03193910342540673,0.46649999999999997,0.24709499999999998,True,True,True,False,-1191.9264285049455,0.0,118.83943550774697,45.90150991808941,64.2086861738873,-13.883115362676405,-976.8599122678983
2025-07-02T22:30:00Z,2025-07-02T22:45:00Z,2025-07-03,2025-07-03_1,-48.78446448398426,100,51,0,41.04293633869457,52.60799057001095,0.0321251506425455,0.0,0.37459500000000007,True,True,True,False,-1191.9264285049455,0.0,118.83943550774697,45.90150991808941,0.0,-23.009071820783586,-1050.1945548998926
2025-07-02T22:45:00Z,2025-07-02T23:00:00Z,2025-07-03,2025-07-03_1,-48.78446448398426,100,51,0,52.60799057001095,63.81212601739142,0.03125713202744253,0.0435,0.029835,True,True,True,False,-1191.9264285049455,0.0,118.83943550774697,45.90150991808941,5.734727819994078,-2.288129268725945,-1023.738884527841
2025-07-02T23:00:00Z,2025-07-02T23:15:00Z,2025-07-03,2025-07-03_2,0.0,1,1,99,63.81212601739142,63.805371913043594,2.0218067632850243e-05,0.006455,0.000285,True,True,True,False,0.0,1091.8040067107472,1.1880982927069972,0.8964768577913748,0.8869856715681438,-0.018788118030198364,1094.7567794147835
2025-07-02T23:15:00Z,2025-07-02T23:30:00Z,2025-07-03,2025-07-03_2,0.0,1,1,99,63.805371913043594,63.804347826087074,5.91135265700483e-06,0.00145,0.0006,True,True,True,False,0.0,1091.8040067107472,1.1880982927069972,0.8964768577913748,0.1962833218197967,-0.04618572979374321,1094.0386794532717
2025-07-02T23:30:00Z,2025-07-02T23:45:00Z,2025-07-03,2025-07-03_2,0.0,1,1,99,63.804347826087074,63.814253313043594,2.778698067632851e-05,4.4999999999999996e-05,0.010820000000000001,True,True,True,False,0.0,1091.8040067107472,1.1880982927069972,0.8964768577913748,0.005737688739761176,-0.6126236376196587,1093.2816959123656
2025-07-02T23:45:00Z,2025-07-03T00:00:00Z,2025-07-03,2025-07-03_2,0.0,1,1,99,63.814253313043594,63.8869793130436,0.0002020166666666667,0.0,0.07905000000000001,True,True,True,False,0.0,1091.8040067107472,1.1880982927069972,0.8964768577913748,0.0,-2.038714556399882,1091.8498673048457
2025-07-03T00:00:00Z,2025-07-03T00:15:00Z,2025-07-03,2025-07-03_3,0.0,1,1,99,63.8869793130436,63.94889531304359,0.00017198888888888888,0.0,0.0673,True,True,True,False,0.0,1091.8040067107472,1.1883943550774696,0.9000296062370472,0.0,-2.334200177637422,1091.5582304944244
2025-07-03T00:15:00Z,2025-07-03T00:30:00Z,2025-07-03,2025-07-03_3,0.0,1,1,99,63.94889531304359,63.98478451304359,9.969222222222221e-05,0.0,0.039009999999999996,True,True,True,False,0.0,1091.8040067107472,1.1883943550774696,0.9000296062370472,0.0,-1.5460325550182572,1092.3463981170435
2025-07-03T00:30:00Z,2025-07-03T00:45:00Z,2025-07-03,2025-07-03_3,0.0,1,1,99,63.98478451304359,63.988081286956636,1.3867850241545895e-05,0.00078,0.004505,True,True,True,False,0.0,1091.8040067107472,1.1883943550774696,0.9000296062370472,0.09884331195105102,-0.2858881091483273,1093.7053858748645
2025-07-03T00:45:00Z,2025-07-03T01:00:00Z,2025-07-03,2025-07-03_3,0.0,1,1,99,63.988081286956636,63.98730890434794,5.825507246376812e-06,0.00132,0.0007199999999999999,True,True,True,False,0.0,1091.8040067107472,1.1883943550774696,0.9000296062370472,0.1733385492943847,-0.05500834106385079,1094.0107608802923
2025-07-03T01:00:00Z,2025-07-03T01:15:00Z,2025-07-03,2025-07-03_4,-0.9126164340465659,1,0,99,63.98730890434794,64.19622001956705,0.0005808679926370783,0.00106,0.0,True,True,True,False,-18.008203784823863,1091.8040067107472,1.1880982927069972,0.0,0.1339326162044804,0.0,1075.1178338348348
2025-07-03T01:15:00Z,2025-07-03T01:30:00Z,2025-07-03,2025-07-03_4,-0.9126164340465659,1,0,99,64.19622001956705,64.40486477684813,0.0005802784978593316,0.001345,0.0,True,True,True,False,-18.008203784823863,1091.8040067107472,1.1880982927069972,0.0,0.17650652817526896,0.0,1075.1604077468057
2025-07-03T01:30:00Z,2025-07-03T01:45:00Z,2025-07-03,2025-07-03_4,-0.9126164340465659,1,0,99,64.40486477684813,64.61360299305484,0.0005804853381322252,0.001245,0.0,True,True,True,False,-18.008203784823863,1091.8040067107472,1.1880982927069972,0.0,0.16784364354090595,0.0,1075.1517448621712
2025-07-03T01:45:00Z,2025-07-03T02:00:00Z,2025-07-03,2025-07-03_4,-0.9126164340465659,1,0,99,64.61360299305484,64.81910753043499,0.000573328664690107,0.004705,0.0,True,True,True,False,-18.008203784823863,1091.8040067107472,1.1880982927069972,0.0,0.6459877242672456,0.0,1075.6298889428977
2025-07-03T02:00:00Z,2025-07-03T02:15:00Z,2025-07-03,2025-07-03_5,0.0,1,1,99,64.81910753043499,64.82038973913065,4.769420289855074e-06,0.0002,0.0016300000000000002,True,True,True,False,0.0,1091.8040067107472,1.1880982927069972,0.8964768577913748,0.024768577913747168,-0.11809320240797397,1093.7952572367515
2025-07-03T02:15:00Z,2025-07-03T02:30:00Z,2025-07-03,2025-07-03_5,0.0,1,1,99,64.82038973913065,64.82109742608716,4.320869565217391e-06,0.00039,0.00123,True,True,True,False,0.0,1091.8040067107472,1.1880982927069972,0.8964768577913748,0.04972663574459686,-0.08879500246718641,1093.849513494523
2025-07-03T02:30:00Z,2025-07-03T02:45:00Z,2025-07-03,2025-07-03_5,0.0,1,1,99,64.82109742608716,64.82022933043498,6.525821256038647e-06,0.00148,0.000805,True,True,True,False,0.0,1091.8040067107472,1.1880982927069972,0.8964768577913748,0.20042235073522158,-0.061634257376887415,1094.027369954604
2025-07-03T02:45:00Z,2025-07-03T03:00:00Z,2025-07-03,2025-07-03_5,0.0,1,1,99,64.82022933043498,64.82102066956541,4.855169082125605e-06,0.00043999999999999996,0.0013800000000000002,True,True,True,False,0.0,1091.8040067107472,1.1880982927069972,0.8964768577913748,0.05518606533109642,-0.10315993684002765,1093.8406079897366
2025-07-03T03:00:00Z,2025-07-03T03:15:00Z,2025-07-03,2025-07-03_6,0.0,1,1,99,64.82102066956541,64.83226179130455,6.271688405797101e-05,0.005215,0.01838,True,True,True,False,0.0,1091.8040067107472,1.1883943550774696,0.9000296062370472,0.7161507885127802,-0.7796943649462155,1093.8288870956283
2025-07-03T03:15:00Z,2025-07-03T03:30:00Z,2025-07-03,2025-07-03_6,0.0,1,1,99,64.83226179130455,64.80888309565238,6.621859903381643e-05,0.021720000000000003,0.00025,True,True,True,False,0.0,1091.8040067107472,1.1883943550774696,0.9000296062370472,2.9977072456330807,-0.018580874370867466,1096.871557043324
2025-07-03T03:30:00Z,2025-07-03T03:45:00Z,2025-07-03,2025-07-03_6,0.0,1,1,99,64.80888309565238,64.80949341739151,5.409106280193237e-06,0.000615,0.0013900000000000002,True,True,True,False,0.0,1091.8040067107472,1.1883943550774696,0.9000296062370472,0.07987765419915129,-0.09937025362676408,1093.872938072634
2025-07-03T03:45:00Z,2025-07-03T04:00:00Z,2025-07-03,2025-07-03_6,0.0,1,1,99,64.80949341739151,64.79969372173935,2.8243599033816424e-05,0.009185,0.0002,True,True,True,False,0.0,1091.8040067107472,1.1883943550774696,0.9000296062370472,1.2652240057238726,-0.015395243264581072,1095.142259434521
2025-07-03T04:00:00Z,2025-07-03T04:15:00Z,2025-07-03,2025-07-03_7,0.0,1,1,99,64.79969372173935,64.77239991304369,8.547613526570048e-05,0.026709999999999998,0.00189,True,True,True,False,0.0,1091.8040067107472,1.3204381723082996,0.8881871114181389,5.010161265173196,-0.12542377972959637,1098.8973694799172
2025-07-03T04:15:00Z,2025-07-03T04:30:00Z,2025-07-03,2025-07-03_7,0.0,1,1,99,64.77239991304369,64.68757926086977,0.000235612922705314,0.078035,0.0,True,True,True,False,0.0,1091.8040067107472,1.3204381723082996,0.8881871114181389,14.313511924405407,0.0,1108.326143918879
2025-07-03T04:30:00Z,2025-07-03T04:45:00Z,2025-07-03,2025-07-03_7,0.0,1,1,99,64.68757926086977,64.68720118260889,6.135772946859903e-06,0.0011899999999999999,0.000995,True,True,True,False,0.0,1091.8040067107472,1.3204381723082996,0.8881871114181389,0.1641784269219382,-0.07572290733247805,1094.101087514063
2025-07-03T04:45:00Z,2025-07-03T05:00:00Z,2025-07-03,2025-07-03_7,0.0,1,1,99,64.68720118260889,64.6990784521741,3.4320917874396135e-05,0.00021999999999999998,0.01317,True,True,True,False,0.0,1091.8040067107472,1.3204381723082996,0.8881871114181389,0.030352314220862528,-0.7864698213757032,1093.2565144873188
2025-07-03T05:00:00Z,2025-07-03T05:15:00Z,2025-07-03,2025-07-03_8,0.9999999999999958,0,1,99,64.6990784521741,64.42811649565236,0.0007526721014492722,0.0,0.0007149999999999999,True,True,True,False,26.767499999999885,1091.8040067107472,0.0,0.8881871114181389,0.0,-0.05565978288759499,1119.4040340392776
2025-07-03T05:15:00Z,2025-07-03T05:30:00Z,2025-07-03,2025-07-03_8,0.9999999999999958,0,1,99,64.42811649565236,64.24952410434801,0.0004960899758454095,0.0,0.085695,True,True,True,False,26.767499999999885,1091.8040067107472,0.0,0.8881871114181389,0.0,-2.219765204776473,1117.2399286173888
2025-07-03T05:30:00Z,2025-07-03T05:45:00Z,2025-07-03,2025-07-03_8,0.9999999999999958,0,1,99,64.24952410434801,64.07509475652192,0.00048452596618357377,0.0,0.08952500000000001,True,True,True,False,26.767499999999885,1091.8040067107472,0.0,0.8881871114181389,0.0,-3.7192499950656277,1115.7404438270996
2025-07-03T05:45:00Z,2025-07-03T06:00:00Z,2025-07-03,2025-07-03_8,0.9999999999999958,0,1,99,64.07509475652192,63.84035019130453,0.0006520682367149734,0.0,0.034035,True,True,True,False,26.767499999999885,1091.8040067107472,0.0,0.8881871114181389,0.0,-1.6955630395736705,1117.7641307825916
2025-07-03T06:00:00Z,2025-07-03T06:15:00Z,2025-07-03,2025-07-03_9,0.0,1,1,99,63.84035019130453,63.80434782608714,0.00011871323671497584,0.03622,0.00366,True,True,True,False,0.0,1091.8040067107472,1.2020132241192145,0.9032862923122472,6.742317434126124,-0.19533629132537256,1100.4562873699795
2025-07-03T06:15:00Z,2025-07-03T06:30:00Z,2025-07-03,2025-07-03_9,0.0,1,1,99,63.80434782608714,63.80854739130453,1.5167874396135266e-05,0.00058,0.00525,True,True,True,False,0.0,1091.8040067107472,1.2020132241192145,0.9032862923122472,0.08001973749136485,-0.32824286983124445,1093.661083094839
2025-07-03T06:30:00Z,2025-07-03T06:45:00Z,2025-07-03,2025-07-03_9,0.0,1,1,99,63.80854739130453,63.845213991304526,0.00010185166666666667,0.0,0.039855,True,True,True,False,0.0,1091.8040067107472,1.2020132241192145,0.9032862923122472,0.0,-1.563843650449028,1092.3454625767297
2025-07-03T06:45:00Z,2025-07-03T07:00:00Z,2025-07-03,2025-07-03_9,0.0,1,1,99,63.845213991304526,63.86734459130452,6.147388888888889e-05,0.0,0.024055,True,True,True,False,0.0,1091.8040067107472,1.2020132241192145,0.9032862923122472,0.0,-1.0968063959340768,1092.8124998312446
2025-07-03T07:00:00Z,2025-07-03T07:15:00Z,2025-07-03,2025-07-03_10,18.96609575932861,81,100,0,63.86734459130452,60.91646325560788,0.021282697644297806,0.7395300000000001,3.1595,True,True,True,False,428.8708403578182,0.0,96.76354485344913,93.4372841211882,80.28056843975132,1148.4659337807166,1847.8181715529236
2025-07-03T07:15:00Z,2025-07-03T07:30:00Z,2025-07-03,2025-07-03_10,18.96609575932861,81,100,0,60.91646325560788,61.88558207108081,0.026921393406749435,0.62694,7.15,True,True,True,False,428.8708403578182,0.0,96.76354485344913,93.4372841211882,68.05018235468272,9658.628974637326,10345.750826324464
2025-07-03T07:30:00Z,2025-07-03T07:45:00Z,2025-07-03,2025-07-03_10,18.96609575932861,81,100,0,61.88558207108081,63.48333999336755,0.024945307490570577,0.0,7.094499999999999,True,True,True,False,428.8708403578182,0.0,96.76354485344913,93.4372841211882,0.0,3101.981732556992,3721.0534018894477
2025-07-03T07:45:00Z,2025-07-03T08:00:00Z,2025-07-03,2025-07-03_10,18.96609575932861,81,100,0,63.48333999336755,59.43774645217401,0.016087729043124298,0.0056700000000000006,1.171,True,True,True,False,428.8708403578182,0.0,96.76354485344913,93.4372841211882,0.6131154031382612,-49.15680726339683,570.527977472197
2025-07-03T08:00:00Z,2025-07-03T08:15:00Z,2025-07-03,2025-07-03_11,0.0,29,29,71,59.43774645217401,58.36389914782618,0.0030088480676328504,0.9922350000000001,0.0050750000000000005,True,True,True,False,0.0,783.0109543077076,34.67808151583934,27.09681239514458,108.63019723082998,-0.24755762854041258,953.1684878209811
2025-07-03T08:15:00Z,2025-07-03T08:30:00Z,2025-07-03,2025-07-03_11,0.0,29,29,71,58.36389914782618,56.930375939130535,0.003993866690821256,1.320805,0.00232,True,True,True,False,0.0,783.0109543077076,34.67808151583934,27.09681239514458,150.1113847971973,-0.17858482186914043,994.7186481940197
2025-07-03T08:30:00Z,2025-07-03T08:45:00Z,2025-07-03,2025-07-03_11,0.0,29,29,71,56.930375939130535,55.19652267826097,0.004816259057971014,1.595145,0.0,True,True,True,False,0.0,783.0109543077076,34.67808151583934,27.09681239514458,178.37351223724465,0.0,1023.1593604559362
2025-07-03T08:45:00Z,2025-07-03T09:00:00Z,2025-07-03,2025-07-03_11,0.0,29,29,71,55.19652267826097,54.77838680869575,0.0011614885265700482,0.384685,0.0,True,True,True,False,0.0,783.0109543077076,34.67808151583934,27.09681239514458,41.75766494621534,0.0,886.5435131649068
2025-07-03T09:00:00Z,2025-07-03T09:15:00Z,2025-07-03,2025-07-03_12,-29.0,29,0,71,54.77838680869575,60.52766000869575,0.015970203333333335,1.00079,0.0,True,True,True,False,-415.7875,783.0109543077076,34.583637619658546,0.0,111.28630725944933,0.0,513.0933991868154
2025-07-03T09:15:00Z,2025-07-03T09:30:00Z,2025-07-03,2025-07-03_12,-29.0,29,0,71,60.52766000869575,64.62237300869575,0.01137420277777778,2.799225,0.0,True,True,True,False,-415.7875,783.0109543077076,34.583637619658546,0.0,356.3239664758709,0.0,758.131058403237
2025-07-03T09:30:00Z,2025-07-03T09:45:00Z,2025-07-03,2025-07-03_12,-29.0,29,0,71,64.62237300869575,68.88957220869574,0.011853331111111112,2.61174,0.0,True,True,True,False,-415.7875,783.0109543077076,34.583637619658546,0.0,313.1881694424159,0.0,714.995261369782
2025-07-03T09:45:00Z,2025-07-03T10:00:00Z,2025-07-03,2025-07-03_12,-29.0,29,0,71,68.88957220869574,74.14046300869575,0.014585807777777779,1.54251,0.0,True,True,True,False,-415.7875,783.0109543077076,34.583637619658546,0.0,171.10093900128294,0.0,572.908030928649
2025-07-03T10:00:00Z,2025-07-03T10:15:00Z,2025-07-03,2025-07-03_13,-29.0,29,0,71,74.14046300869575,80.60636100869574,0.01796082777777778,0.22185000000000002,0.0,True,True,True,False,-305.65999999999997,783.0109543077076,34.67808151583934,0.0,24.07802658640087,0.0,536.1070624099478
2025-07-03T10:15:00Z,2025-07-03T10:30:00Z,2025-07-03,2025-07-03_13,-29.0,29,0,71,80.60636100869574,86.81959940869574,0.017258995555555556,0.49648,0.0,True,True,True,False,-305.65999999999997,783.0109543077076,34.67808151583934,0.0,53.89598342050725,0.0,565.9250192440543
2025-07-03T10:30:00Z,2025-07-03T10:45:00Z,2025-07-03,2025-07-03_13,-29.0,29,0,71,86.81959940869574,92.88676480869573,0.01685323722222222,0.655255,0.0,True,True,True,False,-305.65999999999997,783.0109543077076,34.67808151583934,0.0,73.99111265864009,0.0,586.0201484821871
2025-07-03T10:45:00Z,2025-07-03T11:00:00Z,2025-07-03,2025-07-03_13,-29.0,29,0,71,92.88676480869573,99.38361160869573,0.01804679666666667,0.18821000000000002,0.0,True,True,True,False,-305.65999999999997,783.0109543077076,34.67808151583934,0.0,20.431362873778745,0.0,532.4603986973257
2025-07-03T11:00:00Z,2025-07-03T11:15:00Z,2025-07-03,2025-07-03_14,-29.0,29,0,71,99.38361160869573,105.91567600869574,0.018144623333333335,0.14993,0.0,True,True,True,False,-291.305,783.0109543077076,34.583637619658546,0.0,16.275831441823744,0.0,542.56542336919
2025-07-03T11:15:00Z,2025-07-03T11:30:00Z,2025-07-03,2025-07-03_14,-29.0,29,0,71,105.91567600869574,112.53151560869574,0.018377332222222223,0.058870000000000006,0.0,True,True,True,False,-291.305,783.0109543077076,34.583637619658546,0.0,6.390703641567158,0.0,532.6802955689333
2025-07-03T11:30:00Z,2025-07-03T11:45:00Z,2025-07-03,2025-07-03_14,-29.0,29,0,71,112.53151560869574,119.18510740869574,0.018482199444444444,0.017835,0.0,True,True,True,False,-291.305,783.0109543077076,34.583637619658546,0.0,1.9360998717063063,0.0,528.2256917990725
2025-07-03T11:45:00Z,2025-07-03T12:00:00Z,2025-07-03,2025-07-03_14,-29.0,29,0,71,119.18510740869574,125.66714680869575,0.018005665,0.20430500000000001,0.0,True,True,True,False,-291.305,783.0109543077076,34.583637619658546,0.0,22.17857495312346,0.0,548.4681668804897
2025-07-03T12:00:00Z,2025-07-03T12:15:00Z,2025-07-03,2025-07-03_15,-29.0,29,0,71,125.66714680869575,132.30006160869576,0.018424763333333333,0.040310000000000006,0.0,True,True,True,False,-398.315,783.0109543077076,34.583637619658546,0.0,4.375900523043522,0.0,423.65549245040967
2025-07-03T12:15:00Z,2025-07-03T12:30:00Z,2025-07-03,2025-07-03_15,-29.0,29,0,71,132.30006160869576,138.81945300869575,0.018109420555555557,0.163705,0.0,True,True,True,False,-398.315,783.0109543077076,34.583637619658546,0.0,17.771193131353005,0.0,437.05078505871916
2025-07-03T12:30:00Z,2025-07-03T12:45:00Z,2025-07-03,2025-07-03_15,-29.0,29,0,71,138.81945300869575,145.45436880869576,0.01843032166666667,0.038135,0.0,True,True,True,False,-398.315,783.0109543077076,34.583637619658546,0.0,4.139790782591533,0.0,423.4193827099577
2025-07-03T12:45:00Z,2025-07-03T13:00:00Z,2025-07-03,2025-07-03_15,-29.0,29,0,71,145.45436880869576,152.07834580869576,0.018399936111111112,0.050025,0.0,True,True,True,False,-398.315,783.0109543077076,34.583637619658546,0.0,5.430524030395737,0.0,424.7101159577619
2025-07-03T13:00:00Z,2025-07-03T13:15:00Z,2025-07-03,2025-07-03_16,-8.99999999999983,34,25,66,152.07834580869576,155.26319900000007,0.00884907891304337,0.00051,1.212375,True,True,True,False,-163.25999999999692,727.8693378071648,40.616796605151485,26.72703049442416,0.05536366327839732,16.013448139741442,648.0219767097634
2025-07-03T13:15:00Z,2025-07-03T13:30:00Z,2025-07-03,2025-07-03_16,-8.99999999999983,34,25,66,155.26319900000007,157.43704877391306,0.006201515072463661,0.03672,0.1545,True,True,True,False,-163.25999999999692,727.8693378071648,40.616796605151485,26.72703049442416,3.986183756044607,-7.6473916905161365,628.291956972272
2025-07-03T13:30:00Z,2025-07-03T13:45:00Z,2025-07-03,2025-07-03_16,-8.99999999999983,34,25,66,157.43704877391306,159.63781039999998,0.0061758777053139025,0.014110000000000001,0.158125,True,True,True,False,-163.25999999999692,727.8693378071648,40.616796605151485,26.72703049442416,1.5317280173689927,-8.369498667719332,625.1153942563932
2025-07-03T13:45:00Z,2025-07-03T14:00:00Z,2025-07-03,2025-07-03_16,-8.99999999999983,34,25,66,159.63781039999998,159.57013128695647,0.008921301980676276,2.05156,0.0017500000000000003,True,True,True,False,-163.25999999999692,727.8693378071648,40.616796605151485,26.72703049442416,258.340258379552,-0.1361887891049048,890.1572344971906
2025-07-03T14:00:00Z,2025-07-03T14:15:00Z,2025-07-03,2025-07-03_17,0.0,100,100,0,159.57013128695647,169.900717373913,0.03648592753623189,1.29,12.753,True,True,True,False,0.0,0.0,119.90526004144874,90.00296062370472,482.8134037303859,6107.855091088523,6800.576715484062
2025-07-03T14:15:00Z,2025-07-03T14:30:00Z,2025-07-03,2025-07-03_17,0.0,100,100,0,169.900717373913,171.511177373913,0.0044735,0.0,1.7505,True,True,True,False,0.0,0.0,119.90526004144874,90.00296062370472,0.0,-81.9934683706701,127.91475229448336
2025-07-03T14:30:00Z,2025-07-03T14:45:00Z,2025-07-03,2025-07-03_17,0.0,100,100,0,171.511177373913,172.87835563478257,0.0057089492753623185,0.3165,1.86,True,True,True,False,0.0,0.0,119.90526004144874,90.00296062370472,43.35303493535972,-78.60716470936545,174.65409089114775
2025-07-03T14:45:00Z,2025-07-03T15:00:00Z,2025-07-03,2025-07-03_17,0.0,100,100,0,172.87835563478257,162.7778121565217,0.028057065217391302,9.2925,0.0,True,True,True,False,0.0,0.0,119.90526004144874,90.00296062370472,4442.484448830554,0.0,4652.392669495708
2025-07-03T15:00:00Z,2025-07-03T15:15:00Z,2025-07-03,2025-07-03_18,0.0,100,100,0,162.7778121565217,178.19345998260866,0.04286653381642513,0.0075,16.765,True,True,True,False,0.0,0.0,120.20132241192147,90.00296062370472,1.0347379848021316,4149.980271390507,4361.219292410936
2025-07-03T15:15:00Z,2025-07-03T15:30:00Z,2025-07-03,2025-07-03_18,0.0,100,100,0,178.19345998260866,189.33695998260865,0.03095416666666667,0.0,12.1125,True,True,True,False,0.0,0.0,120.20132241192147,90.00296062370472,0.0,-55.49779433533999,154.7064887002862
2025-07-03T15:30:00Z,2025-07-03T15:45:00Z,2025-07-03,2025-07-03_18,0.0,100,100,0,189.33695998260865,186.40040085217387,0.010158108695652172,3.033,0.3915,True,True,True,False,0.0,0.0,120.20132241192147,90.00296062370472,1048.5936753182673,-25.66467373926774,1233.1332846146258
2025-07-03T15:45:00Z,2025-07-03T16:00:00Z,2025-07-03,2025-07-03_18,0.0,100,100,0,186.40040085217387,172.29931389565215,0.03916968599033816,12.973,0.0,True,True,True,False,0.0,0.0,120.20132241192147,90.00296062370472,9937.51516194612,0.0,10147.719444981745
2025-07-03T16:00:00Z,2025-07-03T16:15:00Z,2025-07-03,2025-07-03_19,-7.9646881679455275,100,92,0,172.29931389565215,175.62556039216594,0.009973188405885642,0.132,1.77836,True,True,True,False,-302.2400042531129,0.0,120.20132241192147,82.47587091680647,18.23733780716471,-102.28737807954208,-183.6128511967623
2025-07-03T16:15:00Z,2025-07-03T16:30:00Z,2025-07-03,2025-07-03_19,-7.9646881679455275,100,92,0,175.62556039216594,177.87227691910707,0.012137586116733146,1.061,1.6891200000000002,True,True,True,False,-302.2400042531129,0.0,120.20132241192147,82.47587091680647,189.2213346491661,-92.57704491858287,-2.9185211938017233
2025-07-03T16:30:00Z,2025-07-03T16:45:00Z,2025-07-03,2025-07-03_19,-7.9646881679455275,100,92,0,177.87227691910707,166.50405517048856,0.03675060029485165,12.2945,0.0,True,True,True,False,-302.2400042531129,0.0,120.20132241192147,82.47587091680647,11484.499562518506,0.0,11384.936751594121
2025-07-03T16:45:00Z,2025-07-03T17:00:00Z,2025-07-03,2025-07-03_19,-7.9646881679455275,100,92,0,166.50405517048856,143.87637195652147,0.06375779158571636,22.7815,0.0,True,True,True,False,-302.2400042531129,0.0,120.20132241192147,82.47587091680647,27541.963427908813,0.0,27442.40061698443
2025-07-03T17:00:00Z,2025-07-03T17:15:00Z,2025-07-03,2025-07-03_20,0.0,0,0,100,143.87637195652147,143.87637195652147,0.0,0.0,0.0,True,True,True,False,0.0,1102.8323300108557,0.0,0.0,0.0,0.0,1102.8323300108557
2025-07-03T17:15:00Z,2025-07-03T17:30:00Z,2025-07-03,2025-07-03_20,0.0,0,0,100,143.87637195652147,143.87637195652147,0.0,0.0,0.0,True,True,True,False,0.0,1102.8323300108557,0.0,0.0,0.0,0.0,1102.8323300108557
2025-07-03T17:30:00Z,2025-07-03T17:45:00Z,2025-07-03,2025-07-03_20,0.0,0,0,100,143.87637195652147,143.87637195652147,0.0,0.0,0.0,True,True,True,False,0.0,1102.8323300108557,0.0,0.0,0.0,0.0,1102.8323300108557
2025-07-03T17:45:00Z,2025-07-03T18:00:00Z,2025-07-03,2025-07-03_20,0.0,0,0,100,143.87637195652147,143.87637195652147,0.0,0.0,0.0,True,True,True,False,0.0,1102.8323300108557,0.0,0.0,0.0,0.0,1102.8323300108557
2025-07-03T18:00:00Z,2025-07-03T18:15:00Z,2025-07-03,2025-07-03_21,100.0,0,100,0,143.87637195652147,119.68615456521712,0.06719504830917873,0.0,2.745,True,True,True,False,6579.000000000001,0.0,0.0,88.81871114181389,0.0,-160.77903582354685,6507.039675318268
2025-07-03T18:15:00Z,2025-07-03T18:30:00Z,2025-07-03,2025-07-03_21,100.0,0,100,0,119.68615456521712,92.93724152173887,0.07430253623188406,0.0,0.391,True,True,True,False,6579.000000000001,0.0,0.0,88.81871114181389,0.0,-25.078638902595483,6642.740072239219
2025-07-03T18:30:00Z,2025-07-03T18:45:00Z,2025-07-03,2025-07-03_21,100.0,0,100,0,92.93724152173887,66.13452413043453,0.07445199275362319,0.0,0.3415,True,True,True,False,6579.000000000001,0.0,0.0,88.81871114181389,0.0,-22.13066939701964,6645.688041744796
2025-07-03T18:45:00Z,2025-07-03T19:00:00Z,2025-07-03,2025-07-03_21,100.0,0,100,0,66.13452413043453,39.630719782608445,0.07362167874396135,0.0,0.6165,True,True,True,False,6579.000000000001,0.0,0.0,88.81871114181389,0.0,-38.36451574064937,6629.454195401166
2025-07-03T19:00:00Z,2025-07-03T19:15:00Z,2025-07-03,2025-07-03_22,0.0,65,65,35,39.630719782608445,36.21811578260844,0.009569155555555556,3.1544499999999998,0.01755,True,True,True,False,0.0,385.9913155037995,78.13085956774896,58.501924405408076,690.7140368498964,-1.1252645021217802,1212.212871824731
2025-07-03T19:15:00Z,2025-07-03T19:30:00Z,2025-07-03,2025-07-03_22,0.0,65,65,35,36.21811578260844,29.079502086956268,0.019837788043478258,6.5689,0.0016250000000000001,True,True,True,False,0.0,385.9913155037995,78.13085956774896,58.501924405408076,1750.2005239317086,-0.12508635152472122,2272.6995370571403
2025-07-03T19:30:00Z,2025-07-03T19:45:00Z,2025-07-03,2025-07-03_22,0.0,65,65,35,29.079502086956268,29.02173913043453,0.0003282248792270531,0.080925,0.032825,True,True,True,False,0.0,385.9913155037995,78.13085956774896,58.501924405408076,11.180795420902003,-2.532516939701964,531.2723779581565
2025-07-03T19:45:00Z,2025-07-03T20:00:00Z,2025-07-03,2025-07-03_22,0.0,65,65,35,29.02173913043453,30.847435391304096,0.005114554830917874,0.007149999999999999,1.9929,True,True,True,False,0.0,385.9913155037995,78.13085956774896,58.501924405408076,0.9878614428106187,-76.81898855225501,446.79297236751216
2025-07-03T20:00:00Z,2025-07-03T20:15:00Z,2025-07-03,2025-07-03_23,1.5512398514137584,60,62,38,30.847435391304096,31.545404115485155,0.00415389568905101,0.009600000000000001,1.2226400000000002,True,True,True,False,53.51777487377466,419.0762854041252,71.83657357149906,55.801835586696924,1.326359419717754,-59.862182240205286,541.6966466156083
2025-07-03T20:15:00Z,2025-07-03T20:30:00Z,2025-07-03,2025-07-03_23,1.5512398514137584,60,62,38,31.545404115485155,31.04595108942803,0.0015140432519811684,0.0933,0.025419999999999998,True,True,True,False,53.51777487377466,419.0762854041252,71.83657357149906,55.801835586696924,12.89055561038192,-1.771462678377578,611.3515623681002
2025-07-03T20:30:00Z,2025-07-03T20:45:00Z,2025-07-03,2025-07-03_23,1.5512398514137584,60,62,38,31.04595108942803,30.65217391304322,0.0013595313734553751,0.019799999999999998,0.05332,True,True,True,False,53.51777487377466,419.0762854041252,71.83657357149906,55.801835586696924,2.735616303167867,-3.853626306128491,599.1144594331353
2025-07-03T20:45:00Z,2025-07-03T21:00:00Z,2025-07-03,2025-07-03_23,1.5512398514137584,60,62,38,30.65217391304322,32.699081817122,0.007624155712142337,0.0,2.67096,True,True,True,False,53.51777487377466,419.0762854041252,71.83657357149906,55.801835586696924,0.0,-112.97899845652817,487.2534709795677
2025-07-03T21:00:00Z,2025-07-03T21:15:00Z,2025-07-04,2025-07-03_24,-33.0,59,26,41,32.699081817122,40.73596973016548,0.022412611352657007,0.03304000000000001,0.52143,True,True,True,False,-979.1925,452.71525403632194,68.43477659427307,22.450645218662924,4.563950753907872,-24.58747042467838,-455.61534382151257
2025-07-03T21:15:00Z,2025-07-03T21:30:00Z,2025-07-04,2025-07-03_24,-33.0,59,26,41,40.73596973016548,48.34392993886113,0.0211677638647343,0.012979999999999998,0.03354,True,True,True,False,-979.1925,452.71525403632194,68.43477659427307,22.450645218662924,1.7929806533209494,-2.4552078019089776,-436.2540512993301
2025-07-03T21:30:00Z,2025-07-03T21:45:00Z,2025-07-04,2025-07-03_24,-33.0,59,26,41,48.34392993886113,55.93655607799156,0.02113772961352657,0.017699999999999997,0.02197,True,True,True,False,-979.1925,452.71525403632194,68.43477659427307,22.450645218662924,2.444973618164931,-1.7042846629646462,-434.85113519554176
2025-07-03T21:45:00Z,2025-07-03T22:00:00Z,2025-07-04,2025-07-03_24,-33.0,59,26,41,55.93655607799156,63.93893687799156,0.022228835555555555,0.0,0.44823999999999997,True,True,True,False,-979.1925,452.71525403632194,68.43477659427307,22.450645218662924,0.0,-26.960391897713574,-462.55221604845565
2025-07-03T22:00:00Z,2025-07-03T22:15:00Z,2025-07-04,2025-07-04_1,-0.08917733528937326,1,0,99,63.93893687799156,63.842024080724265,0.0003332277761038687,0.10952999999999999,0.0,True,True,True,False,-2.716118689576086,1093.1417109657532,1.1599114676995435,0.0,45.444203276485574,0.0,1137.0297070203621
2025-07-03T22:15:00Z,2025-07-03T22:30:00Z,2025-07-04,2025-07-04_1,-0.08917733528937326,1,0,99,63.842024080724265,63.827397846219526,0.00013963855654414295,0.032775,0.0,True,True,True,False,-2.716118689576086,1093.1417109657532,1.1599114676995435,0.0,4.885504209236607,0.0,1096.4710079531133
2025-07-03T22:30:00Z,2025-07-03T22:45:00Z,2025-07-04,2025-07-04_1,-0.08917733528937326,1,0,99,63.827397846219526,63.82283296786782,0.00011596798360989728,0.02339,0.0,True,True,True,False,-2.716118689576086,1093.1417109657532,1.1599114676995435,0.0,3.234765401260795,0.0,1094.8202691451374
2025-07-03T22:45:00Z,2025-07-03T23:00:00Z,2025-07-04,2025-07-04_1,-0.08917733528937326,1,0,99,63.82283296786782,63.843236548205965,5.722662573684647e-05,0.0001,0.0,True,True,True,False,-2.716118689576086,1093.1417109657532,1.1599114676995435,0.0,0.013813410272118257,0.0,1091.5993171541488
2025-07-03T23:00:00Z,2025-07-03T23:15:00Z,2025-07-04,2025-07-04_2,-0.3724605785751087,1,0,99,63.843236548205965,63.90211494645093,0.00026260835548751676,0.02614,0.0,True,True,True,False,-10.108580102528451,1093.1417109657532,1.1599114676995435,0.0,3.615428085291386,0.0,1087.8084704162156
2025-07-03T23:15:00Z,2025-07-03T23:30:00Z,2025-07-04,2025-07-04_2,-0.3724605785751087,1,0,99,63.90211494645093,63.93999577053326,0.0002819283955248376,0.046630000000000005,0.0,True,True,True,False,-10.108580102528451,1093.1417109657532,1.1599114676995435,0.0,6.619224472857343,0.0,1090.8122668037815
2025-07-03T23:30:00Z,2025-07-03T23:45:00Z,2025-07-04,2025-07-04_2,-0.3724605785751087,1,0,99,63.93999577053326,63.960501588762604,0.0002979152807777792,0.063585,0.0,True,True,True,False,-10.108580102528451,1093.1417109657532,1.1599114676995435,0.0,8.875801538446337,0.0,1093.0688438693705
2025-07-03T23:45:00Z,2025-07-04T00:00:00Z,2025-07-04,2025-07-04_2,-0.3724605785751087,1,0,99,63.960501588762604,64.04452788695639,0.00023946956668732876,0.0016,0.0,True,True,True,False,-10.108580102528451,1093.1417109657532,1.1599114676995435,0.0,0.2210145643538921,0.0,1084.4140568952782
2025-07-04T00:00:00Z,2025-07-04T00:15:00Z,2025-07-04,2025-07-04_3,0.0,1,1,99,64.04452788695639,64.01263114782596,8.860205314009661e-05,0.029345,0.0,True,True,True,False,0.0,1093.1417109657532,1.1599114676995435,0.8634863545639586,4.310159594292829,0.0,1099.4752683823094
2025-07-04T00:15:00Z,2025-07-04T00:30:00Z,2025-07-04,2025-07-04_3,0.0,1,1,99,64.01263114782596,64.00217462608683,2.9045893719806762e-05,0.00962,0.0,True,True,True,False,0.0,1093.1417109657532,1.1599114676995435,0.8634863545639586,1.3288500681777762,0.0,1096.4939588561945
2025-07-04T00:30:00Z,2025-07-04T00:45:00Z,2025-07-04,2025-07-04_3,0.0,1,1,99,64.00217462608683,63.99898321739117,1.0066135265700482e-05,0.003135,0.000235,True,True,True,False,0.0,1093.1417109657532,1.1599114676995435,0.8634863545639586,0.43305041203090733,-0.018210398592968795,1095.5799488014545
2025-07-04T00:45:00Z,2025-07-04T01:00:00Z,2025-07-04,2025-07-04_3,0.0,1,1,99,63.99898321739117,63.99147698260857,2.154065217391304e-05,0.007019999999999999,0.000135,True,True,True,False,0.0,1093.1417109657532,1.1599114676995435,0.8634863545639586,0.9697014011027014,-0.010434161018121455,1096.1243760281013
2025-07-04T01:00:00Z,2025-07-04T01:15:00Z,2025-07-04,2025-07-04_4,0.0,1,1,99,63.99147698260857,63.99203021739118,9.145458937198067e-06,0.00126,0.00209,True,True,True,False,0.0,1093.1417109657532,1.1599114676995435,0.8634863545639586,0.17404896942869003,-0.13748204454281365,1095.2016757129027
2025-07-04T01:15:00Z,2025-07-04T01:30:00Z,2025-07-04,2025-07-04_4,0.0,1,1,99,63.99203021739118,63.98866864347814,1.0257705314009663e-05,0.003245,0.00017999999999999998,True,True,True,False,0.0,1093.1417109657532,1.1599114676995435,0.8634863545639586,0.4482451633302374,-0.013951734086911841,1095.59940221726
2025-07-04T01:30:00Z,2025-07-04T01:45:00Z,2025-07-04,2025-07-04_4,0.0,1,1,99,63.98866864347814,63.988762982608584,5.002391304347825e-06,0.000785,0.0010299999999999999,True,True,True,False,0.0,1093.1417109657532,1.1599114676995435,0.8634863545639586,0.1084352706361283,-0.07411224828567477,1095.199431810367
2025-07-04T01:45:00Z,2025-07-04T02:00:00Z,2025-07-04,2025-07-04_4,0.0,1,1,99,63.988762982608584,63.98826267826076,3.5619565217391304e-06,0.00082,0.00042500000000000003,True,True,True,False,0.0,1093.1417109657532,1.1599114676995435,0.8634863545639586,0.11326996423136969,-0.032972333656107355,1095.245406418592
2025-07-04T02:00:00Z,2025-07-04T02:15:00Z,2025-07-04,2025-07-04_5,0.0,1,1,99,63.98826267826076,63.98547853913033,1.0442608695652174e-05,0.00301,0.00053,True,True,True,False,0.0,1093.1417109657532,1.1599114676995435,0.8634863545639586,0.4157836491907595,-0.0389068158014347,1095.541985621406
2025-07-04T02:15:00Z,2025-07-04T02:30:00Z,2025-07-04,2025-07-04_5,0.0,1,1,99,63.98547853913033,63.985114973912935,3.821014492753624e-06,0.0008,0.00055,True,True,True,False,0.0,1093.1417109657532,1.1599114676995435,0.8634863545639586,0.11050728217694605,-0.04173665592949035,1095.233879414264
2025-07-04T02:30:00Z,2025-07-04T02:45:00Z,2025-07-04,2025-07-04_5,0.0,1,1,99,63.985114973912935,64.01419617391294,8.078111111111111e-05,0.0,0.03161,True,True,True,False,0.0,1093.1417109657532,1.1599114676995435,0.8634863545639586,0.0,-1.6111211528960732,1093.5539876351206
2025-07-04T02:45:00Z,2025-07-04T03:00:00Z,2025-07-04,2025-07-04_5,0.0,1,1,99,64.01419617391294,64.0067576695651,4.540028985507246e-05,0.01094,0.00484,True,True,True,False,0.0,1093.1417109657532,1.1599114676995435,0.8634863545639586,1.5130809319605558,-0.30451838033318185,1096.373671339644
2025-07-04T03:00:00Z,2025-07-04T03:15:00Z,2025-07-04,2025-07-04_6,0.0,1,1,99,64.0067576695651,64.00227130434772,1.73687922705314e-05,0.00494,0.00096,True,True,True,False,0.0,1093.1417109657532,1.1599114676995435,0.8634863545639586,0.6824537319921744,-0.0667431733296445,1095.7808193466792
2025-07-04T03:15:00Z,2025-07-04T03:30:00Z,2025-07-04,2025-07-04_6,0.0,1,1,99,64.00227130434772,64.00020489565206,6.9411352657004825e-06,0.0021,0.000235,True,True,True,False,0.0,1093.1417109657532,1.1599114676995435,0.8634863545639586,0.2900816157144834,-0.018210398592968795,1095.4369800051381
2025-07-04T03:30:00Z,2025-07-04T03:45:00Z,2025-07-04,2025-07-04_6,0.0,1,1,99,64.00020489565206,64.00111954782598,4.231521739130435e-06,0.00028000000000000003,0.001325,True,True,True,False,0.0,1093.1417109657532,1.1599114676995435,0.8634863545639586,0.03867754876193112,-0.10198019880244255,1095.1018061379762
2025-07-04T03:45:00Z,2025-07-04T04:00:00Z,2025-07-04,2025-07-04_6,0.0,1,1,99,64.00111954782598,64.00064439999989,1.2870966183574879e-05,0.0023499999999999997,0.00226,True,True,True,False,0.0,1093.1417109657532,1.1599114676995435,0.8634863545639586,0.324615141394779,-0.16190332193743454,1095.327820607474
2025-07-04T04:00:00Z,2025-07-04T04:15:00Z,2025-07-04,2025-07-04_7,0.0,1,1,99,64.00064439999989,63.987827799999884,4.9120555555555556e-05,0.01403,0.002645,True,True,True,False,0.0,1093.1417109657532,1.2769993873880996,0.8537043258304844,1.9399650277651526,-0.17198171254668698,1097.0403979941902
2025-07-04T04:15:00Z,2025-07-04T04:30:00Z,2025-07-04,2025-07-04_7,0.0,1,1,99,63.987827799999884,63.97636584347814,3.183876811594203e-05,0.010545,0.0,True,True,True,False,0.0,1093.1417109657532,1.2769993873880996,0.8537043258304844,1.4568262484437682,0.0,1096.7292409274155
2025-07-04T04:30:00Z,2025-07-04T04:45:00Z,2025-07-04,2025-07-04_7,0.0,1,1,99,63.97636584347814,63.97317407826075,1.124268115942029e-05,0.00333,0.00046499999999999997,True,True,True,False,0.0,1093.1417109657532,1.2769993873880996,0.8537043258304844,0.45998656206153793,-0.03595633658083513,1095.6964449044524
2025-07-04T04:45:00Z,2025-07-04T05:00:00Z,2025-07-04,2025-07-04_7,0.0,1,1,99,63.97317407826075,63.982217678260746,2.512111111111111e-05,0.0,0.00983,True,True,True,False,0.0,1093.1417109657532,1.2769993873880996,0.8537043258304844,0.0,-0.6315905638005652,1094.6408241151712
2025-07-04T05:00:00Z,2025-07-04T05:15:00Z,2025-07-04,2025-07-04_8,0.0,1,1,99,63.982217678260746,63.98737058260857,1.5611932367149758e-05,0.000215,0.005855,True,True,True,False,0.0,1093.1417109657532,1.2769993873880996,0.8537043258304844,0.02969883208505425,-0.38344389561883685,1094.918669615438
2025-07-04T05:15:00Z,2025-07-04T05:30:00Z,2025-07-04,2025-07-04_8,0.0,1,1,99,63.98737058260857,63.978261886956396,2.530193236714976e-05,0.00838,0.0,True,True,True,False,0.0,1093.1417109657532,1.2769993873880996,0.8537043258304844,1.157674734699524,0.0,1096.4300894136713
2025-07-04T05:30:00Z,2025-07-04T05:45:00Z,2025-07-04,2025-07-04_8,0.0,1,1,99,63.978261886956396,63.97211337391292,6.305364734299516e-05,0.013269999999999999,0.008995,True,True,True,False,0.0,1093.1417109657532,1.2769993873880996,0.8537043258304844,1.835001078987412,-0.557534285516669,1096.5498814724426
2025-07-04T05:45:00Z,2025-07-04T06:00:00Z,2025-07-04,2025-07-04_8,0.0,1,1,99,63.97211337391292,64.02959037391292,0.00015965833333333334,0.0,0.062474999999999996,True,True,True,False,0.0,1093.1417109657532,1.2769993873880996,0.8537043258304844,0.0,-2.832122631069304,1092.4402920479024
2025-07-04T06:00:00Z,2025-07-04T06:15:00Z,2025-07-04,2025-07-04_9,0.0,1,1,99,64.02959037391292,63.93640203478249,0.0002787642753623188,0.08903,0.003895,True,True,True,False,0.0,1093.1417109657532,1.1599114676995435,0.8634863545639586,15.28811343991463,-0.167857620101575,1110.2853646078297
2025-07-04T06:15:00Z,2025-07-04T06:30:00Z,2025-07-04,2025-07-04_9,0.0,1,1,99,63.93640203478249,63.890755295652056,0.00012679649758454105,0.041995,0.0,True,True,True,False,0.0,1093.1417109657532,1.1599114676995435,0.8634863545639586,5.807713558484675,0.0,1100.9728223465013
2025-07-04T06:30:00Z,2025-07-04T06:45:00Z,2025-07-04,2025-07-04_9,0.0,1,1,99,63.890755295652056,63.86669551304336,6.683272946859902e-05,0.022135,0.0,True,True,True,False,0.0,1093.1417109657532,1.1599114676995435,0.8634863545639586,3.0594836640120153,0.0,1098.2245924520287
2025-07-04T06:45:00Z,2025-07-04T07:00:00Z,2025-07-04,2025-07-04_9,0.0,1,1,99,63.86669551304336,63.80434782608684,0.00017584579710144927,0.057800000000000004,0.00052,True,True,True,False,0.0,1093.1417109657532,1.1599114676995435,0.8634863545639586,9.972741616109719,-0.03374702685611525,1105.1041033772703
2025-07-04T07:00:00Z,2025-07-04T07:15:00Z,2025-07-04,2025-07-04_10,0.0,29,29,71,63.80434782608684,62.63886859130423,0.003250782318840579,1.07445,0.00261,True,True,True,False,0.0,783.9703179653382,33.714799517815145,25.410746398434874,122.9312381182934,-0.2011540817738079,965.8259479181078
2025-07-04T07:15:00Z,2025-07-04T07:30:00Z,2025-07-04,2025-07-04_10,0.0,29,29,71,62.63886859130423,60.481363156521624,0.005993070652173913,1.9849050000000001,0.0,True,True,True,False,0.0,783.9703179653382,33.714799517815145,25.410746398434874,231.90592439084645,0.0,1075.0017882724346
2025-07-04T07:30:00Z,2025-07-04T07:45:00Z,2025-07-04,2025-07-04_10,0.0,29,29,71,60.481363156521624,60.25078163478249,0.0006405042270531401,0.21213500000000002,0.0,True,True,True,False,0.0,783.9703179653382,33.714799517815145,25.410746398434874,23.054479492322596,0.0,866.1503433739108
2025-07-04T07:45:00Z,2025-07-04T08:00:00Z,2025-07-04,2025-07-04_10,0.0,29,29,71,60.25078163478249,59.48061022608684,0.002171232801932367,0.713835,0.006235,True,True,True,False,0.0,783.9703179653382,33.714799517815145,25.410746398434874,78.84150498290616,-0.48053475090409664,921.4568341135903
2025-07-04T08:00:00Z,2025-07-04T08:15:00Z,2025-07-04,2025-07-04_11,0.0,29,29,71,59.48061022608684,58.825565286956405,0.001839579275362319,0.605955,0.003915,True,True,True,False,0.0,783.9703179653382,33.63743256328676,25.410746398434874,65.85849393415411,-0.30173112266071184,908.5752597385532
2025-07-04T08:15:00Z,2025-07-04T08:30:00Z,2025-07-04,2025-07-04_11,0.0,29,29,71,58.825565286956405,57.60332220869554,0.003399566328502415,1.1252,0.00087,True,True,True,False,0.0,783.9703179653382,33.63743256328676,25.410746398434874,122.97617943600183,-0.0670513605912693,965.9276250024703
2025-07-04T08:30:00Z,2025-07-04T08:45:00Z,2025-07-04,2025-07-04_11,0.0,29,29,71,57.60332220869554,56.13567003478249,0.004076811594202898,1.3502399999999999,0.0,True,True,True,False,0.0,783.9703179653382,33.63743256328676,25.410746398434874,150.86836717190678,0.0,993.8868640989666
2025-07-04T08:45:00Z,2025-07-04T09:00:00Z,2025-07-04,2025-07-04_11,0.0,29,29,71,56.13567003478249,54.18778416521727,0.005410794082125604,1.7920550000000002,0.0,True,True,True,False,0.0,783.9703179653382,33.63743256328676,25.410746398434874,208.3204176363062,0.0,1051.338914563366
2025-07-04T09:00:00Z,2025-07-04T09:15:00Z,2025-07-04,2025-07-04_12,-29.0,29,0,71,54.18778416521727,60.16490456521727,0.016603112222222223,0.75313,0.0,True,True,True,False,-341.5475,783.9703179653382,33.74058850265794,0.0,81.85710333379444,0.0,558.0205098017905
2025-07-04T09:15:00Z,2025-07-04T09:30:00Z,2025-07-04,2025-07-04_12,-29.0,29,0,71,60.16490456521727,66.67495796521727,0.018083481666666665,0.173855,0.0,True,True,True,False,-341.5475,783.9703179653382,33.74058850265794,0.0,18.89073393079462,0.0,495.0541403987907
2025-07-04T09:30:00Z,2025-07-04T09:45:00Z,2025-07-04,2025-07-04_12,-29.0,29,0,71,66.67495796521727,73.07322216521727,0.017772956111111113,0.295365,0.0,True,True,True,False,-341.5475,783.9703179653382,33.74058850265794,0.0,32.096392260340295,0.0,508.25979872833636
2025-07-04T09:45:00Z,2025-07-04T10:00:00Z,2025-07-04,2025-07-04_12,-29.0,29,0,71,73.07322216521727,78.47752296521728,0.015011946666666668,1.3757599999999999,0.0,True,True,True,False,-341.5475,783.9703179653382,33.74058850265794,0.0,154.73690883149217,0.0,630.9003152994883
2025-07-04T10:00:00Z,2025-07-04T10:15:00Z,2025-07-04,2025-07-04_13,-29.0,29,0,71,78.47752296521728,85.03013096521727,0.01820168888888889,0.12760000000000002,0.0,True,True,True,False,-291.885,783.9703179653382,33.63743256328676,0.0,13.860144339268425,0.0,539.5828948678934
2025-07-04T10:15:00Z,2025-07-04T10:30:00Z,2025-07-04,2025-07-04_13,-29.0,29,0,71,85.03013096521727,91.69386116521726,0.018510361666666666,0.006815,0.0,True,True,True,False,-291.885,783.9703179653382,33.63743256328676,0.0,0.7381379117838864,0.0,526.4608884404088
2025-07-04T10:30:00Z,2025-07-04T10:45:00Z,2025-07-04,2025-07-04_13,-29.0,29,0,71,91.69386116521726,98.34251716521726,0.01846848888888889,0.023200000000000002,0.0,True,True,True,False,-291.885,783.9703179653382,33.63743256328676,0.0,2.5167206687350556,0.0,528.23947119736
2025-07-04T10:45:00Z,2025-07-04T11:00:00Z,2025-07-04,2025-07-04_13,-29.0,29,0,71,98.34251716521726,104.63339436521727,0.01747465888888889,0.41209,0.0,True,True,True,False,-291.885,783.9703179653382,33.63743256328676,0.0,44.78802563286762,0.0,570.5107761614926
2025-07-04T11:00:00Z,2025-07-04T11:15:00Z,2025-07-04,2025-07-04_14,-29.0,29,0,71,104.63339436521727,111.29085476521728,0.018492945555555557,0.01363,0.0,True,True,True,False,-435.36249999999995,783.9703179653382,33.63743256328676,0.0,1.4788562120822877,0.0,383.72410674070727
2025-07-04T11:15:00Z,2025-07-04T11:30:00Z,2025-07-04,2025-07-04_14,-29.0,29,0,71,111.29085476521728,116.97236076521727,0.01578196111111111,1.07445,0.0,True,True,True,False,-435.36249999999995,783.9703179653382,33.63743256328676,0.0,120.87695205817835,0.0,503.1222025868033
2025-07-04T11:30:00Z,2025-07-04T11:45:00Z,2025-07-04,2025-07-04_14,-29.0,29,0,71,116.97236076521727,122.80714336521727,0.016207729444444444,0.907845,0.0,True,True,True,False,-435.36249999999995,783.9703179653382,33.63743256328676,0.0,99.68874738454244,0.0,481.9339979131674
2025-07-04T11:45:00Z,2025-07-04T12:00:00Z,2025-07-04,2025-07-04_14,-29.0,29,0,71,122.80714336521727,128.27374196521725,0.015184996111111109,1.3080450000000001,0.0,True,True,True,False,-435.36249999999995,783.9703179653382,33.63743256328676,0.0,147.23422554986863,0.0,529.4794760784936
2025-07-04T12:00:00Z,2025-07-04T12:15:00Z,2025-07-04,2025-07-04_15,-29.0,29,0,71,128.27374196521725,134.87584136521724,0.018339165,0.073805,0.0,True,True,True,False,-457.11249999999995,783.9703179653382,33.63743256328676,0.0,8.00920547793609,0.0,368.50445600656104
2025-07-04T12:15:00Z,2025-07-04T12:30:00Z,2025-07-04,2025-07-04_15,-29.0,29,0,71,134.87584136521724,140.88417736521725,0.016689822222222223,0.7192,0.0,True,True,True,False,-457.11249999999995,783.9703179653382,33.63743256328676,0.0,79.0933814991206,0.0,439.5886320277456
2025-07-04T12:30:00Z,2025-07-04T12:45:00Z,2025-07-04,2025-07-04_15,-29.0,29,0,71,140.88417736521725,146.88144116521727,0.016659066111111114,0.7312350000000001,0.0,True,True,True,False,-457.11249999999995,783.9703179653382,33.63743256328676,0.0,80.91863879414265,0.0,441.4138893227676
2025-07-04T12:45:00Z,2025-07-04T13:00:00Z,2025-07-04,2025-07-04_15,-29.0,29,0,71,146.88144116521727,151.37075136521727,0.012470306111111112,2.370315,0.0,True,True,True,False,-457.11249999999995,783.9703179653382,33.63743256328676,0.0,276.2794346155367,0.0,636.7746851441616
2025-07-04T13:00:00Z,2025-07-04T13:15:00Z,2025-07-04,2025-07-04_16,0.0,29,29,71,151.37075136521727,151.55587753043466,0.0005781584299516908,0.010584999999999999,0.21373,True,True,True,False,0.0,783.9703179653382,33.714799517815145,25.57407663577258,1.1461766743078474,-11.225946190937297,833.1794246022964
2025-07-04T13:15:00Z,2025-07-04T13:30:00Z,2025-07-04,2025-07-04_16,0.0,29,29,71,151.55587753043466,151.56402400869553,0.00019599867149758455,0.02871,0.042775,True,True,True,False,0.0,783.9703179653382,33.714799517815145,25.57407663577258,3.117312657352331,-3.3382386666798416,843.0382681095983
2025-07-04T13:30:00Z,2025-07-04T13:45:00Z,2025-07-04,2025-07-04_16,0.0,29,29,71,151.56402400869553,152.51029249565207,0.002660045314009662,0.00522,1.03472,True,True,True,False,0.0,783.9703179653382,33.714799517815145,25.57407663577258,0.5664983775665474,-40.809922795091204,803.0157697014013
2025-07-04T13:45:00Z,2025-07-04T14:00:00Z,2025-07-04,2025-07-04_16,0.0,29,29,71,152.51029249565207,152.6277157652173,0.00046014314009661827,0.022185,0.15384499999999998,True,True,True,False,0.0,783.9703179653382,33.714799517815145,25.57407663577258,2.4038214503092705,-11.196546203782383,834.4664693654528
2025-07-04T14:00:00Z,2025-07-04T14:15:00Z,2025-07-04,2025-07-04_17,8.866721227351286,20,29,71,152.6277157652173,150.24871784179246,0.00676165366807757,0.0106,0.04321,True,True,True,False,194.44719651581372,783.9703179653382,23.25158587435528,25.041104282354798,1.2003243681204672,-3.343939780250183,1024.5665892257323
2025-07-04T14:15:00Z,2025-07-04T14:30:00Z,2025-07-04,2025-07-04_17,8.866721227351286,20,29,71,150.24871784179246,148.0999586641114,0.006923719276055005,0.0006000000000000001,0.26912,True,True,True,False,194.44719651581372,783.9703179653382,23.25158587435528,25.041104282354798,0.06402782443728634,-15.780186755725946,1010.9940457065733
2025-07-04T14:30:00Z,2025-07-04T14:45:00Z,2025-07-04,2025-07-04_17,8.866721227351286,20,29,71,148.0999586641114,146.43874423175555,0.007348628532266971,0.0,0.77053,True,True,True,False,194.44719651581372,783.9703179653382,23.25158587435528,25.041104282354798,0.0,-38.51568885639192,988.19451578147
2025-07-04T14:45:00Z,2025-07-04T15:00:00Z,2025-07-04,2025-07-04_17,8.866721227351286,20,29,71,146.43874423175555,143.99999999999991,0.006823683176576734,0.0394,0.01392,True,True,True,False,194.44719651581372,783.9703179653382,23.25158587435528,25.041104282354798,4.5797682350848765,-1.0412450487125269,1030.2487278242343
2025-07-04T15:00:00Z,2025-07-04T15:15:00Z,2025-07-04,2025-07-04_18,0.0,0,0,100,143.99999999999991,143.99999999999991,0.0,0.0,0.0,True,False,True,False,0.0,1104.1835464300536,0.0,0.0,0.0,0.0,1104.1835464300536
2025-07-04T15:15:00Z,2025-07-04T15:30:00Z,2025-07-04,2025-07-04_18,0.0,0,0,100,143.99999999999991,143.99999999999991,0.0,0.0,0.0,True,False,True,False,0.0,1104.1835464300536,0.0,0.0,0.0,0.0,1104.1835464300536
2025-07-04T15:30:00Z,2025-07-04T15:45:00Z,2025-07-04,2025-07-04_18,0.0,0,0,100,143.99999999999991,143.99999999999991,0.0,0.0,0.0,True,False,True,False,0.0,1104.1835464300536,0.0,0.0,0.0,0.0,1104.1835464300536
2025-07-04T15:45:00Z,2025-07-04T16:00:00Z,2025-07-04,2025-07-04_18,0.0,0,0,100,143.99999999999991,143.99999999999991,0.0,0.0,0.0,True,False,True,False,0.0,1104.1835464300536,0.0,0.0,0.0,0.0,1104.1835464300536
2025-07-04T16:00:00Z,2025-07-04T16:15:00Z,2025-07-04,2025-07-04_19,0.0,0,0,100,143.99999999999991,143.99999999999991,0.0,0.0,0.0,True,True,True,False,0.0,1104.1835464300536,0.0,0.0,0.0,0.0,1104.1835464300536
2025-07-04T16:15:00Z,2025-07-04T16:30:00Z,2025-07-04,2025-07-04_19,0.0,0,0,100,143.99999999999991,143.99999999999991,0.0,0.0,0.0,True,True,True,False,0.0,1104.1835464300536,0.0,0.0,0.0,0.0,1104.1835464300536
2025-07-04T16:30:00Z,2025-07-04T16:45:00Z,2025-07-04,2025-07-04_19,0.0,0,0,100,143.99999999999991,143.99999999999991,0.0,0.0,0.0,True,True,True,False,0.0,1104.1835464300536,0.0,0.0,0.0,0.0,1104.1835464300536
2025-07-04T16:45:00Z,2025-07-04T17:00:00Z,2025-07-04,2025-07-04_19,0.0,0,0,100,143.99999999999991,143.99999999999991,0.0,0.0,0.0,True,True,True,False,0.0,1104.1835464300536,0.0,0.0,0.0,0.0,1104.1835464300536
2025-07-04T17:00:00Z,2025-07-04T17:15:00Z,2025-07-04,2025-07-04_20,0.0,0,0,100,143.99999999999991,143.99999999999991,0.0,0.0,0.0,True,True,True,False,0.0,1104.1835464300536,0.0,0.0,0.0,0.0,1104.1835464300536
2025-07-04T17:15:00Z,2025-07-04T17:30:00Z,2025-07-04,2025-07-04_20,0.0,0,0,100,143.99999999999991,143.99999999999991,0.0,0.0,0.0,True,True,True,False,0.0,1104.1835464300536,0.0,0.0,0.0,0.0,1104.1835464300536
2025-07-04T17:30:00Z,2025-07-04T17:45:00Z,2025-07-04,2025-07-04_20,0.0,0,0,100,143.99999999999991,143.99999999999991,0.0,0.0,0.0,True,True,True,False,0.0,1104.1835464300536,0.0,0.0,0.0,0.0,1104.1835464300536
2025-07-04T17:45:00Z,2025-07-04T18:00:00Z,2025-07-04,2025-07-04_20,0.0,0,0,100,143.99999999999991,143.99999999999991,0.0,0.0,0.0,True,True,True,False,0.0,1104.1835464300536,0.0,0.0,0.0,0.0,1104.1835464300536
2025-07-04T18:00:00Z,2025-07-04T18:15:00Z,2025-07-04,2025-07-04_21,85.5869746584322,0,86,14,143.99999999999991,129.4059157917057,0.04073490920348072,0.0,7.976069999999999,True,True,True,False,3674.8907243964327,154.58569650020752,0.0,73.41857202142165,0.0,-315.2409936169792,3587.653999301083
2025-07-04T18:15:00Z,2025-07-04T18:30:00Z,2025-07-04,2025-07-04_21,85.5869746584322,0,86,14,129.4059157917057,110.77187920292135,0.05186569760294776,0.0,4.25657,True,True,True,False,3674.8907243964327,154.58569650020752,0.0,73.41857202142165,0.0,-196.01856879434027,3706.876424123722
2025-07-04T18:30:00Z,2025-07-04T18:45:00Z,2025-07-04,2025-07-04_21,85.5869746584322,0,86,14,110.77187920292135,87.5860072499455,0.06440681479846289,0.0,0.06579,True,True,True,False,3674.8907243964327,154.58569650020752,0.0,73.41857202142165,0.0,-4.525264579175148,3898.3697283388865
2025-07-04T18:45:00Z,2025-07-04T19:00:00Z,2025-07-04,2025-07-04_21,85.5869746584322,0,86,14,87.5860072499455,64.34782608695636,0.06455093598929994,0.0,0.01763,True,True,True,False,3674.8907243964327,154.58569650020752,0.0,73.41857202142165,0.0,-1.3281640614192838,3901.5668288566426
2025-07-04T19:00:00Z,2025-07-04T19:15:00Z,2025-07-04,2025-07-04_22,0.0,0,0,100,64.34782608695636,64.34782608695636,0.0,0.0,0.0,True,False,True,False,0.0,1104.1835464300536,0.0,0.0,0.0,0.0,1104.1835464300536
2025-07-04T19:15:00Z,2025-07-04T19:30:00Z,2025-07-04,2025-07-04_22,0.0,0,0,100,64.34782608695636,64.34782608695636,0.0,0.0,0.0,True,False,True,False,0.0,1104.1835464300536,0.0,0.0,0.0,0.0,1104.1835464300536
2025-07-04T19:30:00Z,2025-07-04T19:45:00Z,2025-07-04,2025-07-04_22,0.0,0,0,100,64.34782608695636,64.34782608695636,0.0,0.0,0.0,True,False,True,False,0.0,1104.1835464300536,0.0,0.0,0.0,0.0,1104.1835464300536
2025-07-04T19:45:00Z,2025-07-04T20:00:00Z,2025-07-04,2025-07-04_22,0.0,0,0,100,64.34782608695636,64.34782608695636,0.0,0.0,0.0,True,False,True,False,0.0,1104.1835464300536,0.0,0.0,0.0,0.0,1104.1835464300536
2025-07-04T20:00:00Z,2025-07-04T20:15:00Z,2025-07-04,2025-07-04_23,0.0,100,100,0,64.34782608695636,41.642934782608535,0.06306914251207729,20.8885,0.0,True,True,True,False,0.0,0.0,116.34685690571705,86.34863545639587,22563.423091022276,0.0,22766.11858338439
2025-07-04T20:15:00Z,2025-07-04T20:30:00Z,2025-07-04,2025-07-04_23,0.0,100,100,0,41.642934782608535,36.10163043478245,0.015392512077294685,5.098,0.0,True,True,True,False,0.0,0.0,116.34685690571705,86.34863545639587,802.1328178171254,0.0,1004.8283101792383
2025-07-04T20:30:00Z,2025-07-04T20:45:00Z,2025-07-04,2025-07-04_23,0.0,100,100,0,36.10163043478245,35.82498347826071,0.001251463768115942,0.3345,0.0945,True,True,True,False,0.0,0.0,116.34685690571705,86.34863545639587,46.27017538485861,-6.40821413750173,242.5574536094698
2025-07-04T20:45:00Z,2025-07-04T21:00:00Z,2025-07-04,2025-07-04_23,0.0,100,100,0,35.82498347826071,35.81668869565202,0.0004932632850241546,0.0855,0.092,True,True,True,False,0.0,0.0,116.34685690571705,86.34863545639587,11.82628065529712,-6.686367211430152,207.8354058059799
2025-07-04T21:00:00Z,2025-07-04T21:15:00Z,2025-07-05,2025-07-04_24,-38.21245264804729,100,61,0,35.81668869565202,29.423929356869955,0.03760487306910019,14.838,0.0,True,True,True,False,-1093.6403947871136,0.0,112.64822134387352,50.325,16722.994887747038,0.0,15792.327714303798
2025-07-04T21:15:00Z,2025-07-04T21:30:00Z,2025-07-05,2025-07-04_24,-38.21245264804729,100,61,0,29.423929356869955,33.469431402020476,0.028535034033851242,4.636,0.0,True,True,True,False,-1093.6403947871136,0.0,112.64822134387352,50.325,870.5949897233202,0.0,-60.07218371991988
2025-07-04T21:30:00Z,2025-07-04T21:45:00Z,2025-07-05,2025-07-04_24,-38.21245264804729,100,61,0,33.469431402020476,41.70266431134462,0.02507332491185015,0.5905,0.05276499999999999,True,True,True,False,-1093.6403947871136,0.0,112.64822134387352,50.325,69.20648330039525,-3.6716306264822136,-865.1323207693271
2025-07-04T21:45:00Z,2025-07-04T22:00:00Z,2025-07-05,2025-07-04_24,-38.21245264804729,100,61,0,41.70266431134462,50.66035388695667,0.024942169156750328,0.016,0.2013,True,True,True,False,-1093.6403947871136,0.0,112.64822134387352,50.325,1.7264822134387352,-12.886143913043478,-941.8268351428447
2025-07-04T22:00:00Z,2025-07-04T22:15:00Z,2025-07-05,2025-07-05_1,0.0,29,29,71,50.66035388695667,50.871348304347975,0.001128094396135266,0.089755,0.33538500000000004,True,True,True,False,0.0,784.0167984189725,32.66798418972332,23.950790513833994,11.39147045652174,-20.445228675889332,831.5818149031622
2025-07-04T22:15:00Z,2025-07-04T22:30:00Z,2025-07-05,2025-07-05_1,0.0,29,29,71,50.871348304347975,49.28375591304363,0.004409978864734299,1.460585,0.0,True,True,True,False,0.0,784.0167984189725,32.66798418972332,23.950790513833994,230.42027314229253,0.0,1071.0558462648223
2025-07-04T22:30:00Z,2025-07-04T22:45:00Z,2025-07-05,2025-07-05_1,0.0,29,29,71,49.28375591304363,48.58695652173928,0.0019503760869565212,0.6435099999999999,0.0029000000000000002,True,True,True,False,0.0,784.0167984189725,32.66798418972332,23.950790513833994,85.93694522332014,-0.22351778656126484,926.3490005592887
2025-07-04T22:45:00Z,2025-07-04T23:00:00Z,2025-07-05,2025-07-05_1,0.0,29,29,71,48.58695652173928,48.9019066086958,0.0014299942028985506,0.09193,0.45094999999999996,True,True,True,False,0.0,784.0167984189725,32.66798418972332,23.950790513833994,9.919719367588932,-18.786167045454544,831.7691254446642
2025-07-04T23:00:00Z,2025-07-04T23:15:00Z,2025-07-05,2025-07-05_2,-23.64829440948998,100,76,0,48.9019066086958,48.56584818551753,0.027813659232525934,6.235,0.8215600000000001,True,True,True,False,-607.229079699679,0.0,112.97430830039526,62.76758893280633,2152.3022845849805,-38.688981454545456,1682.1261206639576
2025-07-04T23:15:00Z,2025-07-04T23:30:00Z,2025-07-05,2025-07-05_2,-23.64829440948998,100,76,0,48.56584818551753,41.17549248670951,0.0359419884014129,12.248,0.0,True,True,True,False,-607.229079699679,0.0,112.97430830039526,62.76758893280633,11869.190660869564,0.0,11437.703478403088
2025-07-04T23:30:00Z,2025-07-04T23:45:00Z,2025-07-05,2025-07-05_2,-23.64829440948998,100,76,0,41.17549248670951,44.115850611433565,0.01916627218740751,2.3855,0.0,True,True,True,False,-607.229079699679,0.0,112.97430830039526,62.76758893280633,300.87095177865615,0.0,-130.61623068782126
2025-07-04T23:45:00Z,2025-07-05T00:00:00Z,2025-07-05,2025-07-05_2,-23.64829440948998,100,76,0,44.115850611433565,48.58695652173916,0.016815955504505375,0.9535,0.03344,True,True,True,False,-607.229079699679,0.0,112.97430830039526,62.76758893280633,109.80890415019765,-2.577391304347826,-324.2556696206276
2025-07-05T00:00:00Z,2025-07-05T00:15:00Z,2025-07-05,2025-07-05_3,0.0,29,29,71,48.58695652173916,48.58968201739133,0.00017918917874396135,0.02842,0.03654,True,True,True,False,0.0,784.0167984189725,32.762549407114626,23.950790513833994,3.0666640316205536,-2.654587671936759,841.1422146996049
2025-07-05T00:15:00Z,2025-07-05T00:30:00Z,2025-07-05,2025-07-05_3,0.0,29,29,71,48.58968201739133,48.84349405217394,0.0009431976811594204,0.03944,0.32248000000000004,True,True,True,False,0.0,784.0167984189725,32.762549407114626,23.950790513833994,4.255778656126482,-14.841026703557315,830.1448902924902
2025-07-05T00:30:00Z,2025-07-05T00:45:00Z,2025-07-05,2025-07-05_3,0.0,29,29,71,48.84349405217394,49.487282452173936,0.0017883011111111112,0.0,0.69977,True,True,True,False,0.0,784.0167984189725,32.762549407114626,23.950790513833994,0.0,-34.72200656324111,806.00813177668
2025-07-05T00:45:00Z,2025-07-05T01:00:00Z,2025-07-05,2025-07-05_3,0.0,29,29,71,49.487282452173936,49.682054521739154,0.0006951398067632851,0.025519999999999998,0.24186000000000002,True,True,True,False,0.0,784.0167984189725,32.762549407114626,23.950790513833994,2.7537391304347825,-11.264557802371543,832.2193196679843
2025-07-05T01:00:00Z,2025-07-05T01:15:00Z,2025-07-05,2025-07-05_4,11.272665043601723,37,49,51,49.682054521739154,47.042462946445816,0.009078261801302435,0.0014800000000000002,0.443695,True,True,True,False,267.04943488292486,476.2351778656127,41.80049407114625,40.86077075098814,0.15969960474308303,-23.760568744071147,802.3450084313439
2025-07-05T01:15:00Z,2025-07-05T01:30:00Z,2025-07-05,2025-07-05_4,11.272665043601723,37,49,51,47.042462946445816,43.63794176989398,0.009524493278510427,0.329115,0.017150000000000002,True,True,True,False,267.04943488292486,476.2351778656127,41.80049407114625,40.86077075098814,35.513199604743086,-1.3218379446640318,860.137239230751
2025-07-05T01:30:00Z,2025-07-05T01:45:00Z,2025-07-05,2025-07-05_4,11.272665043601723,37,49,51,43.63794176989398,40.641958281211224,0.008680837555104255,0.0185,0.09114,True,True,True,False,267.04943488292486,476.2351778656127,41.80049407114625,40.86077075098814,1.9962450592885375,-6.74733195652174,821.1947906734388
2025-07-05T01:45:00Z,2025-07-05T02:00:00Z,2025-07-05,2025-07-05_4,11.272665043601723,37,49,51,40.641958281211224,38.87864348869695,0.01023559231845996,0.0,1.3563199999999997,True,True,True,False,267.04943488292486,476.2351778656127,41.80049407114625,40.86077075098814,0.0,-56.89172695652173,769.0541506141502
2025-07-05T02:00:00Z,2025-07-05T02:15:00Z,2025-07-05,2025-07-05_5,1.947038084628236,47,49,51,38.87864348869695,38.16867421549769,0.0034872422436729358,0.42958,0.3087,True,True,True,False,44.630980494890736,476.2351778656127,53.09792490118578,40.86077075098814,57.595896051383406,-14.96206671936759,657.4586833446931
2025-07-05T02:15:00Z,2025-07-05T02:30:00Z,2025-07-05,2025-07-05_5,1.947038084628236,47,49,51,38.16867421549769,37.717391304347665,0.0033013608257091718,0.284115,0.417235,True,True,True,False,44.630980494890736,476.2351778656127,53.09792490118578,40.86077075098814,31.494260048418976,-19.14803557213439,627.1710784889619
2025-07-05T02:30:00Z,2025-07-05T02:45:00Z,2025-07-05,2025-07-05_5,1.947038084628236,47,49,51,37.717391304347665,38.07120646819145,0.003693564860927556,0.0,0.952805,True,True,True,False,44.630980494890736,476.2351778656127,53.09792490118578,40.86077075098814,0.0,-43.07299994565218,571.7518540670252
2025-07-05T02:45:00Z,2025-07-05T03:00:00Z,2025-07-05,2025-07-05_5,1.947038084628236,47,49,51,38.07120646819145,39.589661695651905,0.006627096880208697,0.0,2.209655,True,True,True,False,44.630980494890736,476.2351778656127,53.09792490118578,40.86077075098814,0.0,-87.65998334683796,527.1648706658393
2025-07-05T03:00:00Z,2025-07-05T03:15:00Z,2025-07-05,2025-07-05_6,18.999999999999897,81,100,0,39.589661695651905,32.30326926956498,0.02081750896135258,2.075625,0.1395,True,True,True,False,414.3899999999977,0.0,92.3255928853755,82.5,300.91886190711466,-6.463536758893282,883.6709180335946
2025-07-05T03:15:00Z,2025-07-05T03:30:00Z,2025-07-05,2025-07-05_6,18.999999999999897,81,100,0,32.30326926956498,27.60763321739109,0.015363903478260795,0.06075,0.5605,True,True,True,False,414.3899999999977,0.0,92.3255928853755,82.5,7.466727272727272,-24.995641501976287,571.6866786561242
2025-07-05T03:30:00Z,2025-07-05T03:45:00Z,2025-07-05,2025-07-05_6,18.999999999999897,81,100,0,27.60763321739109,28.387616139130248,0.02368561077294682,0.0,6.2445,True,True,True,False,414.3899999999977,0.0,92.3255928853755,82.5,0.0,705.3162750000001,1294.5318678853732
2025-07-05T03:45:00Z,2025-07-05T04:00:00Z,2025-07-05,2025-07-05_6,18.999999999999897,81,100,0,28.387616139130248,37.717391304347665,0.03712787787439615,0.0,15.228,True,True,True,False,414.3899999999977,0.0,92.3255928853755,82.5,0.0,2445.3880790513836,3034.6036719367567
2025-07-05T04:00:00Z,2025-07-05T04:15:00Z,2025-07-05,2025-07-05_7,0.846140672291768,48,49,51,37.717391304347665,38.4174222549532,0.003274438359876454,0.026640000000000004,1.039045,True,True,True,False,17.424151794168235,476.2351778656127,54.76837944664032,40.468577075098814,3.122276442687747,-42.10760664229249,549.9109559819153
2025-07-05T04:15:00Z,2025-07-05T04:30:00Z,2025-07-05,2025-07-05_7,0.846140672291768,48,49,51,38.4174222549532,38.19939250604319,0.0008677556990238428,0.03336,0.052184999999999995,True,True,True,False,17.424151794168235,476.2351778656127,54.76837944664032,40.468577075098814,3.6868008379446637,-4.012768668972332,588.5703183504924
2025-07-05T04:30:00Z,2025-07-05T04:45:00Z,2025-07-05,2025-07-05_7,0.846140672291768,48,49,51,38.19939250604319,38.96753259306283,0.003389204175215858,0.015360000000000002,1.09956,True,True,True,False,17.424151794168235,476.2351778656127,54.76837944664032,40.468577075098814,1.7009651857707515,-42.0964155652174,548.5008358020734
2025-07-05T04:45:00Z,2025-07-05T05:00:00Z,2025-07-05,2025-07-05_7,0.846140672291768,48,49,51,38.96753259306283,39.455740443478156,0.0029485010803478972,0.06696,0.85701,True,True,True,False,17.424151794168235,476.2351778656127,54.76837944664032,40.468577075098814,9.042352505928855,-33.852403108695654,564.0862355787533
2025-07-05T05:00:00Z,2025-07-05T05:15:00Z,2025-07-05,2025-07-05_8,1.8678784974674365e-14,49,49,51,39.455740443478156,38.50103935652162,0.00265194746376813,0.878325,0.0,True,True,True,False,2.1270466389910432e-13,476.2351778656127,55.90938735177866,40.67193675889328,120.50983522233204,0.0,693.3263371986169
2025-07-05T05:15:00Z,2025-07-05T05:30:00Z,2025-07-05,2025-07-05_8,1.8678784974674365e-14,49,49,51,38.50103935652162,37.72261427826074,0.0022198941062802073,0.7256900000000001,0.01127,True,True,True,False,2.1270466389910432e-13,476.2351778656127,55.90938735177866,40.67193675889328,101.42449960474312,-0.8504306363636366,673.3905709446643
2025-07-05T05:30:00Z,2025-07-05T05:45:00Z,2025-07-05,2025-07-05_8,1.8678784974674365e-14,49,49,51,37.72261427826074,37.80671617391291,0.00037120695652175293,0.022785,0.118335,True,True,True,False,2.1270466389910432e-13,476.2351778656127,55.90938735177866,40.67193675889328,2.582342027667984,-7.281835431818181,568.1170085721346
2025-07-05T05:45:00Z,2025-07-05T06:00:00Z,2025-07-05,2025-07-05_8,1.8678784974674365e-14,49,49,51,37.80671617391291,37.79146779999986,0.0002890443719806904,0.054880000000000005,0.048265,True,True,True,False,2.1270466389910432e-13,476.2351778656127,55.90938735177866,40.67193675889328,6.566511304347828,-3.5929286314229256,575.7900846492097
2025-07-05T06:00:00Z,2025-07-05T06:15:00Z,2025-07-05,2025-07-05_9,0.0,49,49,51,37.79146779999986,37.72356615652159,0.0003025678985507246,0.08134,0.022295,True,True,True,False,0.0,476.2351778656127,55.19762845849802,40.67193675889328,8.777003952569169,-1.6074122203557313,579.2743348152175
2025-07-05T06:15:00Z,2025-07-05T06:30:00Z,2025-07-05,2025-07-05_9,0.0,49,49,51,37.72356615652159,37.71739130434768,0.00023879570048309176,0.04238499999999999,0.043364999999999994,True,True,True,False,0.0,476.2351778656127,55.19762845849802,40.67193675889328,4.573559288537549,-3.149464541501976,573.5288378300396
2025-07-05T06:30:00Z,2025-07-05T06:45:00Z,2025-07-05,2025-07-05_9,0.0,49,49,51,37.71739130434768,37.77585682608681,0.00025709021739130436,0.015680000000000003,0.08207500000000001,True,True,True,False,0.0,476.2351778656127,55.19762845849802,40.67193675889328,1.6919525691699608,-6.165957366600792,567.6307382855731
2025-07-05T06:45:00Z,2025-07-05T07:00:00Z,2025-07-05,2025-07-05_9,0.0,49,49,51,37.77585682608681,37.74288536521724,0.00026940294685990333,0.05978,0.034789999999999995,True,True,True,False,0.0,476.2351778656127,55.19762845849802,40.67193675889328,6.606859608695653,-2.681442687747035,576.0301600039526
2025-07-05T07:00:00Z,2025-07-05T07:15:00Z,2025-07-05,2025-07-05_10,-49.0,49,0,51,37.74288536521724,48.98764056521724,0.031235431111111114,0.027440000000000003,0.0,True,True,True,False,-40.915,476.2351778656127,55.19762845849802,0.0,2.9609169960474313,0.0,493.47872332015817
2025-07-05T07:15:00Z,2025-07-05T07:30:00Z,2025-07-05,2025-07-05_10,-49.0,49,0,51,48.98764056521724,60.20963036521724,0.03117219388888889,0.052184999999999995,0.0,True,True,True,False,-40.915,476.2351778656127,55.19762845849802,0.0,5.631029644268774,0.0,496.1488359683795
2025-07-05T07:30:00Z,2025-07-05T07:45:00Z,2025-07-05,2025-07-05_10,-49.0,49,0,51,60.20963036521724,71.45866816521723,0.031247327222222225,0.022785,0.0,True,True,True,False,-40.915,476.2351778656127,55.19762845849802,0.0,2.458618577075099,0.0,492.9764249011858
2025-07-05T07:45:00Z,2025-07-05T08:00:00Z,2025-07-05,2025-07-05_10,-49.0,49,0,51,71.45866816521723,82.72866816521723,0.03130555555555555,0.0,0.0,True,True,True,False,-40.915,476.2351778656127,55.19762845849802,0.0,0.0,0.0,490.5178063241107
2025-07-05T08:00:00Z,2025-07-05T08:15:00Z,2025-07-05,2025-07-05_11,0.0,49,49,51,82.72866816521723,86.05421976521723,0.009237643333333333,0.0,3.61473,True,True,True,False,0.0,476.2351778656127,54.99426877470356,40.67193675889328,0.0,-135.73096837944667,436.17041501976286
2025-07-05T08:15:00Z,2025-07-05T08:30:00Z,2025-07-05,2025-07-05_11,0.0,49,49,51,86.05421976521723,89.54025616521723,0.009683434444444444,0.0,3.78917,True,True,True,False,0.0,476.2351778656127,54.99426877470356,40.67193675889328,0.0,-47.501664152173916,524.3997192470356
2025-07-05T08:30:00Z,2025-07-05T08:45:00Z,2025-07-05,2025-07-05_11,0.0,49,49,51,89.54025616521723,95.71779396521723,0.017159827222222222,0.0,6.714714999999999,True,True,True,False,0.0,476.2351778656127,54.99426877470356,40.67193675889328,0.0,132.83059829150196,704.7319816907115
2025-07-05T08:45:00Z,2025-07-05T09:00:00Z,2025-07-05,2025-07-05_11,0.0,49,49,51,95.71779396521723,102.45950796521723,0.018726983333333332,0.0,7.3279499999999995,True,True,True,False,0.0,476.2351778656127,54.99426877470356,40.67193675889328,0.0,401.0966466403162,972.9980300395257
2025-07-05T09:00:00Z,2025-07-05T09:15:00Z,2025-07-05,2025-07-05_12,0.0,49,49,51,102.45950796521723,103.96315136521723,0.004176787222222223,0.0,1.634395,True,True,True,False,0.0,476.2351778656127,55.19762845849802,40.87529644268775,0.0,-61.18838956916997,511.11971319762847
2025-07-05T09:15:00Z,2025-07-05T09:30:00Z,2025-07-05,2025-07-05_12,0.0,49,49,51,103.96315136521723,108.83111516521723,0.01352212166666667,0.0,5.291265000000001,True,True,True,False,0.0,476.2351778656127,55.19762845849802,40.87529644268775,0.0,473.3099284772729,1045.6180312440713
2025-07-05T09:30:00Z,2025-07-05T09:45:00Z,2025-07-05,2025-07-05_12,0.0,49,49,51,108.83111516521723,111.25146036521723,0.006723181111111111,0.0,2.63081,True,True,True,False,0.0,476.2351778656127,55.19762845849802,40.87529644268775,0.0,-67.76415441699605,504.5439483498024
2025-07-05T09:45:00Z,2025-07-05T10:00:00Z,2025-07-05,2025-07-05_12,0.0,49,49,51,111.25146036521723,114.55762756521723,0.009183797777777778,0.0,3.5936600000000003,True,True,True,False,0.0,476.2351778656127,55.19762845849802,40.87529644268775,0.0,-5.902551039525693,566.4055517272727
2025-07-05T10:00:00Z,2025-07-05T10:15:00Z,2025-07-05,2025-07-05_13,0.0,100,100,0,114.55762756521723,127.62300756521724,0.03629272222222222,0.0,14.2015,True,True,True,False,0.0,0.0,112.64822134387352,83.41897233201581,0.0,4421.909267193676,4617.976460869565
2025-07-05T10:15:00Z,2025-07-05T10:30:00Z,2025-07-05,2025-07-05_13,0.0,100,100,0,127.62300756521724,140.35350756521723,0.035362500000000005,0.0,13.8375,True,True,True,False,0.0,0.0,112.64822134387352,83.41897233201581,0.0,3730.488816699605,3926.5560103754947
2025-07-05T10:30:00Z,2025-07-05T10:45:00Z,2025-07-05,2025-07-05_13,0.0,100,100,0,140.35350756521723,152.07798756521723,0.032568,0.0,12.744,True,True,True,False,0.0,0.0,112.64822134387352,83.41897233201581,0.0,3833.228973913044,4029.2961675889333
2025-07-05T10:45:00Z,2025-07-05T11:00:00Z,2025-07-05,2025-07-05_13,0.0,100,100,0,152.07798756521723,162.48732756521724,0.028914833333333334,0.0,11.3145,True,True,True,False,0.0,0.0,112.64822134387352,83.41897233201581,0.0,690.8240152173914,886.8912088932808
2025-07-05T11:00:00Z,2025-07-05T11:15:00Z,2025-07-05,2025-07-05_14,-0.29946367033397864,49,48,51,162.48732756521724,165.54164100939406,0.008484204011602265,0.0,3.24504,True,True,True,False,-0.3818161796758227,476.2351778656127,54.99426877470356,40.04110671936759,0.0,-5.380609802371542,565.5081273776365
2025-07-05T11:15:00Z,2025-07-05T11:30:00Z,2025-07-05,2025-07-05_14,-0.29946367033397864,49,48,51,165.54164100939406,166.36378580124173,0.002301380654768767,0.00294,0.82224,True,True,True,False,-0.3818161796758227,476.2351778656127,54.99426877470356,40.04110671936759,0.3172411067193676,-33.08492262450593,538.1210556622215
2025-07-05T11:30:00Z,2025-07-05T11:45:00Z,2025-07-05,2025-07-05_14,-0.29946367033397864,49,48,51,166.36378580124173,166.47089264422846,0.0004327982758787854,0.02254,0.06816,True,True,True,False,-0.3818161796758227,476.2351778656127,54.99426877470356,40.04110671936759,2.4321818181818182,-4.987830260869566,568.3330887373203
2025-07-05T11:45:00Z,2025-07-05T12:00:00Z,2025-07-05,2025-07-05_14,-0.29946367033397864,49,48,51,166.47089264422846,166.53999999999988,0.00035665268115629006,0.027440000000000003,0.03264,True,True,True,False,-0.3818161796758227,476.2351778656127,54.99426877470356,40.04110671936759,2.9609169960474313,-2.2880640000000003,571.5615901760555
2025-07-05T12:00:00Z,2025-07-05T12:15:00Z,2025-07-05,2025-07-05_15,-4.950069018667662,70,65,30,166.53999999999988,172.87812587429346,0.017605905206371005,0.0,5.65175,True,True,True,False,-10.432270456842097,280.1383399209486,78.85375494071147,53.952569169960476,0.0,257.0083049901186,659.5206985648971
2025-07-05T12:15:00Z,2025-07-05T12:30:00Z,2025-07-05,2025-07-05_15,-4.950069018667662,70,65,30,172.87812587429346,175.21735427715677,0.0065528505776238765,0.009800000000000001,1.316575,True,True,True,False,-10.432270456842097,280.1383399209486,78.85375494071147,53.952569169960476,1.0574703557312255,-50.502880306324116,353.0669836241856
2025-07-05T12:30:00Z,2025-07-05T12:45:00Z,2025-07-05,2025-07-05_15,-4.950069018667662,70,65,30,175.21735427715677,174.97326310735193,0.006592948577018294,1.2956999999999999,0.011375000000000001,True,True,True,False,-10.432270456842097,280.1383399209486,78.85375494071147,53.952569169960476,165.0317213833992,-0.8510365859683797,566.6930783722092
2025-07-05T12:45:00Z,2025-07-05T13:00:00Z,2025-07-05,2025-07-05_15,-4.950069018667662,70,65,30,174.97326310735193,176.19999999999925,0.003855409975461835,0.0798,0.18914999999999998,True,True,True,False,-10.432270456842097,280.1383399209486,78.85375494071147,53.952569169960476,8.610830039525691,-8.708189377470356,402.41503423683383
2025-07-05T13:00:00Z,2025-07-05T13:15:00Z,2025-07-05,2025-07-05_16,0.0,100,100,0,176.19999999999925,188.46773999999925,0.034077055555555555,0.0,13.334499999999998,True,True,True,False,0.0,0.0,112.97430830039526,83.00395256916997,0.0,7619.554663241106,7815.532924110671
2025-07-05T13:15:00Z,2025-07-05T13:30:00Z,2025-07-05,2025-07-05_16,0.0,100,100,0,188.46773999999925,189.8443634782601,0.004029268115942029,0.034,1.5365,True,True,True,False,0.0,0.0,112.97430830039526,83.00395256916997,3.668774703557313,-64.7224814229249,134.92455415019765
2025-07-05T13:30:00Z,2025-07-05T13:45:00Z,2025-07-05,2025-07-05_16,0.0,100,100,0,189.8443634782601,189.4215478260862,0.0013738212560386472,0.422,0.039,True,True,True,False,0.0,0.0,112.97430830039526,83.00395256916997,53.996818181818185,-3.005928853754941,246.96915019762847
2025-07-05T13:45:00Z,2025-07-05T14:00:00Z,2025-07-05,2025-07-05_16,0.0,100,100,0,189.4215478260862,175.2118078260862,0.03948683333333334,13.075500000000002,0.003,True,True,True,False,0.0,0.0,112.97430830039526,83.00395256916997,15495.834484090912,-0.23122529644268774,15691.581519664034
2025-07-05T14:00:00Z,2025-07-05T14:15:00Z,2025-07-05,2025-07-05_17,0.0,100,100,0,175.2118078260862,180.2106486956514,0.023867553140096618,1.653,7.3865,True,True,True,False,0.0,0.0,112.97430830039526,83.00395256916997,220.02998063241108,3656.2853847826086,4072.293626284585
2025-07-05T14:15:00Z,2025-07-05T14:30:00Z,2025-07-05,2025-07-05_17,0.0,100,100,0,180.2106486956514,183.8667286956514,0.01015577777777778,0.0,3.9740000000000006,True,True,True,False,0.0,0.0,112.97430830039526,83.00395256916997,0.0,-149.4459612648222,46.532299604743045
2025-07-05T14:30:00Z,2025-07-05T14:45:00Z,2025-07-05,2025-07-05_17,0.0,100,100,0,183.8667286956514,184.39452608695575,0.0016593405797101452,0.032,0.6115,True,True,True,False,0.0,0.0,112.97430830039526,83.00395256916997,3.4529644268774704,-29.522760770750995,169.9084645256917
2025-07-05T14:45:00Z,2025-07-05T15:00:00Z,2025-07-05,2025-07-05_17,0.0,100,100,0,184.39452608695575,177.91384608695574,0.01810922222222222,5.98,0.021,True,True,True,False,0.0,0.0,112.97430830039526,83.00395256916997,4925.942272727273,-1.6185770750988144,5120.301956521739
2025-07-05T15:00:00Z,2025-07-05T15:15:00Z,2025-07-05,2025-07-05_18,-0.1371238185253377,0,0,26,177.91384608695574,177.94538456521656,8.760688405785465e-05,0.0,0.0,True,False,True,False,-4.3032882348714105,242.78656126482215,0.0,0.0,0.0,0.0,238.48327302995074
2025-07-05T15:15:00Z,2025-07-05T15:30:00Z,2025-07-05,2025-07-05_18,-0.1371238185253377,0,0,26,177.94538456521656,177.97692304347737,8.760688405785465e-05,0.0,0.0,True,False,True,False,-4.3032882348714105,242.78656126482215,0.0,0.0,0.0,0.0,238.48327302995074
2025-07-05T15:30:00Z,2025-07-05T15:45:00Z,2025-07-05,2025-07-05_18,-0.1371238185253377,0,0,26,177.97692304347737,178.00846152173818,8.760688405785465e-05,0.0,0.0,True,False,True,False,-4.3032882348714105,242.78656126482215,0.0,0.0,0.0,0.0,238.48327302995074
2025-07-05T15:45:00Z,2025-07-05T16:00:00Z,2025-07-05,2025-07-05_18,-0.1371238185253377,0,0,26,178.00846152173818,178.039999999999,8.760688405785465e-05,0.0,0.0,True,False,True,False,-4.3032882348714105,242.78656126482215,0.0,0.0,0.0,0.0,238.48327302995074
2025-07-05T16:00:00Z,2025-07-05T16:15:00Z,2025-07-05,2025-07-05_19,22.71081794414861,77,100,0,178.039999999999,182.8755295715999,0.03195930889553853,0.0,11.4905,True,True,True,False,974.8618602525789,0.0,86.73913043478261,83.00395256916997,0.0,1404.883938735178,2549.4888819917096
2025-07-05T16:15:00Z,2025-07-05T16:30:00Z,2025-07-05,2025-07-05_19,22.71081794414861,77,100,0,182.8755295715999,186.301962954213,0.030062520761625598,0.0,10.0195,True,True,True,False,974.8618602525789,0.0,86.73913043478261,83.00395256916997,0.0,105.86017579051385,1250.4651190470454
2025-07-05T16:30:00Z,2025-07-05T16:45:00Z,2025-07-05,2025-07-05_19,22.71081794414861,77,100,0,186.301962954213,182.95941988278165,0.021023265205122932,0.01617,2.9715,True,True,True,False,974.8618602525789,0.0,86.73913043478261,83.00395256916997,2.2363493478260867,-132.7344385375494,1014.1068540668082
2025-07-05T16:45:00Z,2025-07-05T17:00:00Z,2025-07-05,2025-07-05_19,22.71081794414861,77,100,0,182.95941988278165,176.89098897088127,0.01765077006337705,0.08239,0.201,True,True,True,False,974.8618602525789,0.0,86.73913043478261,83.00395256916997,11.39660489130435,-13.630421739130437,1142.3711264087053
2025-07-05T17:00:00Z,2025-07-05T17:15:00Z,2025-07-05,2025-07-05_20,74.0,0,74,26,176.89098897088127,160.08655418827257,0.046678985507246376,0.0,3.03992,True,True,True,False,3605.2799999999997,242.78656126482215,0.0,61.422924901185766,0.0,-129.7060569486166,3779.783429217391
2025-07-05T17:15:00Z,2025-07-05T17:30:00Z,2025-07-05,2025-07-05_20,74.0,0,74,26,160.08655418827257,140.1113802752291,0.055486594202898545,0.0,0.12284,True,True,True,False,3605.2799999999997,242.78656126482215,0.0,61.422924901185766,0.0,-8.635045083003954,3900.8544410830036
2025-07-05T17:30:00Z,2025-07-05T17:45:00Z,2025-07-05,2025-07-05_20,74.0,0,74,26,140.1113802752291,126.19455418827258,0.038657850241545895,0.0,5.6965200000000005,True,True,True,False,3605.2799999999997,242.78656126482215,0.0,61.422924901185766,0.0,-227.1684364031621,3682.3210497628456
2025-07-05T17:45:00Z,2025-07-05T18:00:00Z,2025-07-05,2025-07-05_20,74.0,0,74,26,126.19455418827258,107.04303244914215,0.05319867149758453,0.0,0.8805999999999999,True,True,True,False,3605.2799999999997,242.78656126482215,0.0,61.422924901185766,0.0,-48.76609652173914,3860.7233896442685
2025-07-05T18:00:00Z,2025-07-05T18:15:00Z,2025-07-05,2025-07-05_21,94.94044329139604,0,95,5,107.04303244914215,88.47621007062487,0.05159582837189149,0.0,6.654274999999999,True,True,True,False,4291.54538787933,46.68972332015811,0.0,78.51581027667984,0.0,-259.0406681719368,4157.710253304231
2025-07-05T18:15:00Z,2025-07-05T18:30:00Z,2025-07-05,2025-07-05_21,94.94044329139604,0,95,5,88.47621007062487,67.21505477332822,0.05907214313668899,0.0,4.175249999999999,True,True,True,False,4291.54538787933,46.68972332015811,0.0,78.51581027667984,0.0,-177.74435321146242,4239.0065682647055
2025-07-05T18:30:00Z,2025-07-05T18:45:00Z,2025-07-05,2025-07-05_21,94.94044329139604,0,95,5,67.21505477332822,46.04992283738298,0.058805694670267764,0.0,4.2636,True,True,True,False,4291.54538787933,46.68972332015811,0.0,78.51581027667984,0.0,-182.75340000000003,4233.997521476167
2025-07-05T18:45:00Z,2025-07-05T19:00:00Z,2025-07-05,2025-07-05_21,94.94044329139604,0,95,5,46.04992283738298,28.84652893912942,0.04781254665243753,0.0,7.9087499999999995,True,True,True,False,4291.54538787933,46.68972332015811,0.0,78.51581027667984,0.0,-302.615971096838,4114.13495037933
2025-07-05T19:00:00Z,2025-07-05T19:15:00Z,2025-07-05,2025-07-05_22,57.00000000000004,43,100,0,28.84652893912942,18.16826646956419,0.040077109082125625,0.0,4.739,True,True,True,False,2351.250000000002,0.0,49.01235177865613,82.58893280632412,0.0,-202.10336501976286,2280.747919565219
2025-07-05T19:15:00Z,2025-07-05T19:30:00Z,2025-07-05,2025-07-05_22,57.00000000000004,43,100,0,18.16826646956419,9.99999999999896,0.038538903526570065,0.0,7.2115,True,True,True,False,2351.250000000002,0.0,49.01235177865613,82.58893280632412,0.0,-244.92306284584984,2237.9282217391324
2025-07-05T19:30:00Z,2025-07-05T19:45:00Z,2025-07-05,2025-07-05_22,57.00000000000004,43,100,0,9.99999999999896,10.249991095651122,0.033379926956521734,0.0,15.503999999999998,True,True,True,False,2351.250000000002,0.0,49.01235177865613,82.58893280632412,0.0,-457.3710640316205,2025.4802205533615
2025-07-05T19:45:00Z,2025-07-05T20:00:00Z,2025-07-05,2025-07-05_22,57.00000000000004,43,100,0,10.249991095651122,17.846225286955463,0.028877915024154568,0.0,22.7405,True,True,True,False,2351.250000000002,0.0,49.01235177865613,82.58893280632412,0.0,9935.11771818182,12417.969002766802
2025-07-05T20:00:00Z,2025-07-05T20:15:00Z,2025-07-05,2025-07-05_23,31.747181190908904,68,100,0,17.846225286955463,14.609715978027136,0.028316468464032876,0.0,5.54,True,True,True,False,1096.2301665220846,0.0,77.40711462450592,83.00395256916997,0.0,-106.90995652173913,1149.7312771940212
2025-07-05T20:15:00Z,2025-07-05T20:30:00Z,2025-07-05,2025-07-05_23,31.747181190908904,68,100,0,14.609715978027136,11.34012453345695,0.02828975505346314,0.0,5.506,True,True,True,False,1096.2301665220846,0.0,77.40711462450592,83.00395256916997,0.0,-234.29988656126486,1022.3413471544956
2025-07-05T20:30:00Z,2025-07-05T20:45:00Z,2025-07-05,2025-07-05_23,31.747181190908904,68,100,0,11.34012453345695,9.999999999998956,0.02984777544051558,0.0,7.489,True,True,True,False,1096.2301665220846,0.0,77.40711462450592,83.00395256916997,0.0,-291.06753320158106,965.5737005141794
2025-07-05T20:45:00Z,2025-07-05T21:00:00Z,2025-07-05,2025-07-05_23,31.747181190908904,68,100,0,9.999999999998956,18.570407601252615,0.037850406127516396,0.0,17.6745,True,True,True,False,1096.2301665220846,0.0,77.40711462450592,83.00395256916997,0.0,1895.527251284585,3152.1684850003453
2025-07-05T21:00:00Z,2025-07-05T21:15:00Z,2025-07-06,2025-07-05_24,3.861645303044022e-15,85,85,15,18.570407601252615,23.556048601252613,0.013849002777777777,0.0,5.419174999999999,True,True,True,False,1.1951792212921248e-13,140.0691699604743,96.10375494071147,70.55335968379447,0.0,-156.20504191699604,150.52124266798432
2025-07-05T21:15:00Z,2025-07-05T21:30:00Z,2025-07-06,2025-07-05_24,3.861645303044022e-15,85,85,15,23.556048601252613,26.080344601252612,0.007011933333333337,0.0,2.7438000000000002,True,True,True,False,1.1951792212921248e-13,140.0691699604743,96.10375494071147,70.55335968379447,0.0,-106.21759517786563,200.50868940711473
2025-07-05T21:30:00Z,2025-07-05T21:45:00Z,2025-07-06,2025-07-05_24,3.861645303044022e-15,85,85,15,26.080344601252612,31.299021601252612,0.014496325000000003,0.0,5.672475,True,True,True,False,1.1951792212921248e-13,140.0691699604743,96.10375494071147,70.55335968379447,0.0,-59.80313267786562,246.92315190711474
2025-07-05T21:45:00Z,2025-07-05T22:00:00Z,2025-07-06,2025-07-05_24,3.861645303044022e-15,85,85,15,31.299021601252612,40.01753960125261,0.024218105555555553,0.0,9.47665,True,True,True,False,1.1951792212921248e-13,140.0691699604743,96.10375494071147,70.55335968379447,0.0,-231.33513992094862,75.39114466403174
2025-07-05T22:00:00Z,2025-07-05T22:15:00Z,2025-07-06,2025-07-06_1,-3.2936849222816815,49,45,51,40.01753960125261,42.02986347533418,0.005606348798201611,0.00294,1.367325,True,True,True,False,-90.05757998748687,476.2351778656127,55.67697628458498,37.5251976284585,0.3172411067193676,-54.42034566699604,425.2766672308926
2025-07-05T22:15:00Z,2025-07-05T22:30:00Z,2025-07-06,2025-07-06_1,-3.2936849222816815,49,45,51,42.02986347533418,40.20694559903383,0.008448130625190465,2.398795,0.0,True,True,True,False,-90.05757998748687,476.2351778656127,55.67697628458498,37.5251976284585,325.3311200681818,0.0,804.7108918593511
2025-07-05T22:30:00Z,2025-07-05T22:45:00Z,2025-07-06,2025-07-06_1,-3.2936849222816815,49,45,51,40.20694559903383,39.599703469535704,0.005577649959398611,1.28968,0.024525,True,True,True,False,-90.05757998748687,476.2351778656127,55.67697628458498,37.5251976284585,170.1549248221344,-1.7212042440711466,647.8134923692326
2025-07-05T22:45:00Z,2025-07-05T23:00:00Z,2025-07-06,2025-07-06_1,-3.2936849222816815,49,45,51,39.599703469535704,41.193565027530845,0.004477073993911574,0.00882,0.91935,True,True,True,False,-90.05757998748687,476.2351778656127,55.67697628458498,37.5251976284585,0.9517233201581028,-10.721328883399211,469.6101662279282
2025-07-05T23:00:00Z,2025-07-05T23:15:00Z,2025-07-06,2025-07-06_2,-2.907643336495131,49,46,51,41.193565027530845,38.823858366210345,0.010685415115920359,3.0399599999999998,0.25622,True,True,True,False,-77.47415670091277,476.2351778656127,55.67697628458498,38.35909090909091,488.70000443478256,-9.68638190909091,971.8107108840675
2025-07-05T23:15:00Z,2025-07-05T23:30:00Z,2025-07-06,2025-07-06_2,-2.907643336495131,49,46,51,38.823858366210345,38.327071192902146,0.004767074862268917,1.082165,0.0,True,True,True,False,-77.47415670091277,476.2351778656127,55.67697628458498,38.35909090909091,134.99751735079053,0.0,627.7946057091664
2025-07-05T23:30:00Z,2025-07-05T23:45:00Z,2025-07-06,2025-07-06_2,-2.907643336495131,49,46,51,38.327071192902146,38.73871080451427,0.00250728725237167,0.24009999999999998,0.00161,True,True,True,False,-77.47415670091277,476.2351778656127,55.67697628458498,38.35909090909091,25.90802371541502,-0.1240909090909091,518.5810211646999
2025-07-05T23:45:00Z,2025-07-06T00:00:00Z,2025-07-06,2025-07-06_2,-2.907643336495131,49,46,51,38.73871080451427,39.30454433913045,0.002323265633544104,0.1323,0.04301,True,True,True,False,-77.47415670091277,476.2351778656127,55.67697628458498,38.35909090909091,14.275849802371543,-3.0368205,504.0361176607473
2025-07-06T00:00:00Z,2025-07-06T00:15:00Z,2025-07-06,2025-07-06_3,0.0,49,49,51,39.30454433913045,37.71739130434784,0.004416271763285024,1.461425,0.00147,True,True,True,False,0.0,476.2351778656127,55.67697628458498,40.86077075098814,198.1920467144269,-0.113300395256917,770.8516712203558
2025-07-06T00:15:00Z,2025-07-06T00:30:00Z,2025-07-06,2025-07-06_3,0.0,49,49,51,37.71739130434784,38.546499426086974,0.0023977641062801936,0.015680000000000003,0.9197299999999999,True,True,True,False,0.0,476.2351778656127,55.67697628458498,40.86077075098814,1.6919525691699608,-38.224596800395254,536.2402806699605
2025-07-06T00:30:00Z,2025-07-06T00:45:00Z,2025-07-06,2025-07-06_3,0.0,49,49,51,38.546499426086974,37.89281258260871,0.001976081231884058,0.627935,0.031360000000000006,True,True,True,False,0.0,476.2351778656127,55.67697628458498,40.86077075098814,77.76677140217393,-2.4170750988142298,648.1226212045455
2025-07-06T00:45:00Z,2025-07-06T01:00:00Z,2025-07-06,2025-07-06_3,0.0,49,49,51,37.89281258260871,37.88484177391306,0.0015460955797101448,0.2597,0.298165,True,True,True,False,0.0,476.2351778656127,55.67697628458498,40.86077075098814,32.4348876284585,-12.939653889328065,592.2681586403162
2025-07-06T01:00:00Z,2025-07-06T01:15:00Z,2025-07-06,2025-07-06_4,0.0,49,49,51,37.88484177391306,41.79192537391306,0.010853010000000001,0.0,4.24683,True,True,True,False,0.0,476.2351778656127,55.793181818181814,40.86077075098814,0.0,-106.46953883003954,466.4195916047431
2025-07-06T01:15:00Z,2025-07-06T01:30:00Z,2025-07-06,2025-07-06_4,0.0,49,49,51,41.79192537391306,42.12607682608697,0.0026118337439613526,0.27881,0.692615,True,True,True,False,0.0,476.2351778656127,55.793181818181814,40.86077075098814,31.976641758893287,-26.4996415326087,578.3661306610672
2025-07-06T01:30:00Z,2025-07-06T01:45:00Z,2025-07-06,2025-07-06_4,0.0,49,49,51,42.12607682608697,42.166395304347844,0.0019228653381642513,0.29988,0.398125,True,True,True,False,0.0,476.2351778656127,55.793181818181814,40.86077075098814,32.358592885375494,-16.20880175395257,589.0389215662055
2025-07-06T01:45:00Z,2025-07-06T02:00:00Z,2025-07-06,2025-07-06_4,0.0,49,49,51,42.166395304347844,44.312428704347845,0.005961203888888889,0.0,2.332645,True,True,True,False,0.0,476.2351778656127,55.793181818181814,40.86077075098814,0.0,-87.6525933527668,485.23653708201584
2025-07-06T02:00:00Z,2025-07-06T02:15:00Z,2025-07-06,2025-07-06_5,30.999999999999957,69,100,0,44.312428704347845,38.48990786956525,0.025614555652173885,0.0,2.677,True,True,True,False,721.834999999999,0.0,78.56590909090909,83.38932806324111,0.0,-102.06353478260871,781.7267023715405
2025-07-06T02:15:00Z,2025-07-06T02:30:00Z,2025-07-06,2025-07-06_5,30.999999999999957,69,100,0,38.48990786956525,34.7581211913044,0.027394584106280172,0.0,4.8285,True,True,True,False,721.834999999999,0.0,78.56590909090909,83.38932806324111,0.0,-181.76630602766798,702.0239311264812
2025-07-06T02:30:00Z,2025-07-06T02:45:00Z,2025-07-06,2025-07-06_5,30.999999999999957,69,100,0,34.7581211913044,29.713005573913104,0.02627643004830916,0.0,3.4769999999999994,True,True,True,False,721.834999999999,0.0,78.56590909090909,83.38932806324111,0.0,-93.82608913043478,789.9641480237144
2025-07-06T02:45:00Z,2025-07-06T03:00:00Z,2025-07-06,2025-07-06_5,30.999999999999957,69,100,0,29.713005573913104,42.656074930434855,0.04159137623188408,0.0,21.988,True,True,True,False,721.834999999999,0.0,78.56590909090909,83.38932806324111,0.0,20526.18474545455,21409.9749826087
2025-07-06T03:00:00Z,2025-07-06T03:15:00Z,2025-07-06,2025-07-06_6,0.01549031200017055,0,0,51,42.656074930434855,42.65186560652177,1.1692566425249509e-05,0.0,0.0,True,False,True,False,0.3418324600637636,476.2351778656127,0.0,0.0,0.0,0.0,476.57701032567644
2025-07-06T03:15:00Z,2025-07-06T03:30:00Z,2025-07-06,2025-07-06_6,0.01549031200017055,0,0,51,42.65186560652177,42.64765628260868,1.1692566425249509e-05,0.0,0.0,True,False,True,False,0.3418324600637636,476.2351778656127,0.0,0.0,0.0,0.0,476.57701032567644
2025-07-06T03:30:00Z,2025-07-06T03:45:00Z,2025-07-06,2025-07-06_6,0.01549031200017055,0,0,51,42.64765628260868,42.64344695869559,1.1692566425249509e-05,0.0,0.0,True,False,True,False,0.3418324600637636,476.2351778656127,0.0,0.0,0.0,0.0,476.57701032567644
2025-07-06T03:45:00Z,2025-07-06T04:00:00Z,2025-07-06,2025-07-06_6,0.01549031200017055,0,0,51,42.64344695869559,42.6392376347825,1.1692566425249509e-05,0.0,0.0,True,False,True,False,0.3418324600637636,476.2351778656127,0.0,0.0,0.0,0.0,476.57701032567644
2025-07-06T04:00:00Z,2025-07-06T04:15:00Z,2025-07-06,2025-07-06_7,0.0,49,49,51,42.6392376347825,39.54088880869555,0.0089947134057971,2.914765,0.07595,True,True,True,False,0.0,476.2351778656127,56.22895256916996,40.25069169960475,496.29576926086963,-3.6766404347826094,1065.3339509604743
2025-07-06T04:15:00Z,2025-07-06T04:30:00Z,2025-07-06,2025-07-06_7,0.0,49,49,51,39.54088880869555,38.0726562173912,0.004187367198067633,1.368815,0.021314999999999997,True,True,True,False,0.0,476.2351778656127,56.22895256916996,40.25069169960475,214.4202709644269,-1.4653051511857706,785.6697879476285
2025-07-06T04:30:00Z,2025-07-06T04:45:00Z,2025-07-06,2025-07-06_7,0.0,49,49,51,38.0726562173912,37.71739130434772,0.0010932858695652174,0.34447,0.020825000000000003,True,True,True,False,0.0,476.2351778656127,56.22895256916996,40.25069169960475,46.93328865217392,-1.1829258498023718,618.465184936759
2025-07-06T04:45:00Z,2025-07-06T05:00:00Z,2025-07-06,2025-07-06_7,0.0,49,49,51,37.71739130434772,39.19308510434772,0.004099149444444445,0.0,1.604015,True,True,True,False,0.0,476.2351778656127,56.22895256916996,40.25069169960475,0.0,-60.70879775988143,512.006024374506
2025-07-06T05:00:00Z,2025-07-06T05:15:00Z,2025-07-06,2025-07-06_8,-17.98306869691464,100,82,0,39.19308510434772,31.720210595644346,0.03370452642959075,10.9965,0.014759999999999999,True,True,True,False,-335.4291888692003,0.0,114.51581027667986,67.79584980237154,11926.147587154152,-1.1376284584980236,11771.892429905505
2025-07-06T05:15:00Z,2025-07-06T05:30:00Z,2025-07-06,2025-07-06_8,-17.98306869691464,100,82,0,31.720210595644346,23.17523887227656,0.035686620923882834,11.998,0.0,True,True,True,False,-335.4291888692003,0.0,114.51581027667986,67.79584980237154,8835.611737549407,0.0,8682.494208759257
2025-07-06T05:30:00Z,2025-07-06T05:45:00Z,2025-07-06,2025-07-06_8,-17.98306869691464,100,82,0,23.17523887227656,26.32373953883999,0.015644964732313745,1.393,0.5268499999999999,True,True,True,False,-335.4291888692003,0.0,114.51581027667986,67.79584980237154,200.50307924901188,-20.226562816205533,27.158987642657447
2025-07-06T05:45:00Z,2025-07-06T06:00:00Z,2025-07-06,2025-07-06_8,-17.98306869691464,100,82,0,26.32373953883999,32.06181373913036,0.015939095000806577,0.0,1.74127,True,True,True,False,-335.4291888692003,0.0,114.51581027667986,67.79584980237154,0.0,-69.24301246047432,-222.3605412506232
2025-07-06T06:00:00Z,2025-07-06T06:15:00Z,2025-07-06,2025-07-06_9,0.0,60,60,40,32.06181373913036,32.26069339130427,0.0007263565217391305,0.0288,0.2502,True,True,True,False,0.0,373.51778656126487,68.17588932806323,49.80237154150198,3.1076679841897232,-17.19813486166008,477.4055805533597
2025-07-06T06:15:00Z,2025-07-06T06:30:00Z,2025-07-06,2025-07-06_9,0.0,60,60,40,32.26069339130427,33.53990434782601,0.003575102898550725,0.0036,1.3947,True,True,True,False,0.0,373.51778656126487,68.17588932806323,49.80237154150198,0.3884584980237154,-40.63152498023716,451.25298094861665
2025-07-06T06:30:00Z,2025-07-06T06:45:00Z,2025-07-06,2025-07-06_9,0.0,60,60,40,33.53990434782601,35.77522834782601,0.006209233333333334,0.0,2.4297000000000004,True,True,True,False,0.0,373.51778656126487,68.17588932806323,49.80237154150198,0.0,961.8394808300396,1453.3355282608698
2025-07-06T06:45:00Z,2025-07-06T07:00:00Z,2025-07-06,2025-07-06_9,0.0,60,60,40,35.77522834782601,37.71739130434774,0.005416636231884059,0.0036,2.1153,True,True,True,False,0.0,373.51778656126487,68.17588932806323,49.80237154150198,0.3884584980237154,39.05194956521739,530.9364554940712
2025-07-06T07:00:00Z,2025-07-06T07:15:00Z,2025-07-06,2025-07-06_10,0.0,49,49,51,37.71739130434774,37.75006279999992,0.0002623725120772946,0.02842,0.06908999999999998,True,True,True,False,0.0,476.2351778656127,55.67697628458498,40.67193675889328,3.0666640316205536,-3.779782820158102,571.8709721205533
2025-07-06T07:15:00Z,2025-07-06T07:30:00Z,2025-07-06,2025-07-06_10,0.0,49,49,51,37.75006279999992,37.830726173912964,0.0004371084057971015,0.03528,0.12936,True,True,True,False,0.0,476.2351778656127,55.67697628458498,40.67193675889328,3.806893280632411,-6.95601443478261,569.4349697549408
2025-07-06T07:30:00Z,2025-07-06T07:45:00Z,2025-07-06,2025-07-06_10,0.0,49,49,51,37.830726173912964,37.854687173912964,0.00020266944444444446,0.02254,0.052675,True,True,True,False,0.0,476.2351778656127,55.67697628458498,40.67193675889328,2.4321818181818182,-4.059930830039526,570.9563418972332
2025-07-06T07:45:00Z,2025-07-06T08:00:00Z,2025-07-06,2025-07-06_10,0.0,49,49,51,37.854687173912964,37.794078434782534,0.0002873187198067633,0.07546,0.023275,True,True,True,False,0.0,476.2351778656127,55.67697628458498,40.67193675889328,8.142521739130435,-1.7939229249011859,578.9326897233202
2025-07-06T08:00:00Z,2025-07-06T08:15:00Z,2025-07-06,2025-07-06_11,-1.0,49,48,51,37.794078434782534,38.00077485217384,0.0011654610628019325,0.09995999999999998,0.09240000000000001,True,True,True,False,-3.75,476.2351778656127,55.67697628458498,39.84189723320158,10.786197628458496,-5.4683086956521745,573.3219403162055
2025-07-06T08:15:00Z,2025-07-06T08:30:00Z,2025-07-06,2025-07-06_11,-1.0,49,48,51,38.00077485217384,38.260331478260795,0.0008079471497584542,0.0147,0.04944,True,True,True,False,-3.75,476.2351778656127,55.67697628458498,39.84189723320158,1.586205533596838,-3.792282498023715,565.7979744189723
2025-07-06T08:30:00Z,2025-07-06T08:45:00Z,2025-07-06,2025-07-06_11,-1.0,49,48,51,38.260331478260795,38.62384023478253,0.0010981523429951692,0.014945,0.16272,True,True,True,False,-3.75,476.2351778656127,55.67697628458498,39.84189723320158,1.6126422924901187,-8.360334924901187,561.2563587509882
2025-07-06T08:45:00Z,2025-07-06T09:00:00Z,2025-07-06,2025-07-06_11,-1.0,49,48,51,38.62384023478253,37.989647460869485,0.002958643260869565,0.797965,0.00048000000000000007,True,True,True,False,-3.75,476.2351778656127,55.67697628458498,39.84189723320158,98.5035751304348,-0.03699604743083004,666.4706304664032
2025-07-06T09:00:00Z,2025-07-06T09:15:00Z,2025-07-06,2025-07-06_12,-48.633327514177346,0,0,51,37.989647460869485,49.175312789130274,0.031071292578502194,0.0,0.0,True,False,True,False,-182.37497817816504,476.2351778656127,0.0,0.0,0.0,0.0,293.8601996874477
2025-07-06T09:15:00Z,2025-07-06T09:30:00Z,2025-07-06,2025-07-06_12,-48.633327514177346,0,0,51,49.175312789130274,60.36097811739106,0.031071292578502194,0.0,0.0,True,False,True,False,-182.37497817816504,476.2351778656127,0.0,0.0,0.0,0.0,293.8601996874477
2025-07-06T09:30:00Z,2025-07-06T09:45:00Z,2025-07-06,2025-07-06_12,-48.633327514177346,0,0,51,60.36097811739106,71.54664344565185,0.031071292578502194,0.0,0.0,True,False,True,False,-182.37497817816504,476.2351778656127,0.0,0.0,0.0,0.0,293.8601996874477
2025-07-06T09:45:00Z,2025-07-06T10:00:00Z,2025-07-06,2025-07-06_12,-48.633327514177346,0,0,51,71.54664344565185,82.73230877391265,0.031071292578502194,0.0,0.0,True,False,True,False,-182.37497817816504,476.2351778656127,0.0,0.0,0.0,0.0,293.8601996874477
2025-07-06T10:00:00Z,2025-07-06T10:15:00Z,2025-07-06,2025-07-06_13,-46.0,49,3,51,82.73230877391265,92.49751602608657,0.027449488743961355,0.87612,0.00021,True,True,True,False,-146.28,476.2351778656127,55.67697628458498,2.4901185770750986,112.2437848221344,-0.016185770750988142,500.34987177865617
2025-07-06T10:15:00Z,2025-07-06T10:30:00Z,2025-07-06,2025-07-06_13,-46.0,49,3,51,92.49751602608657,101.55784983478222,0.025771579420289858,1.6336600000000001,0.0,True,True,True,False,-146.28,476.2351778656127,55.67697628458498,2.4901185770750986,223.2318904150198,0.0,611.3541631422926
2025-07-06T10:30:00Z,2025-07-06T10:45:00Z,2025-07-06,2025-07-06_13,-46.0,49,3,51,101.55784983478222,111.3784725478257,0.027581319130434784,0.8163399999999998,0.0,True,True,True,False,-146.28,476.2351778656127,55.67697628458498,2.4901185770750986,97.71009004743081,0.0,485.8323627747036
2025-07-06T10:45:00Z,2025-07-06T11:00:00Z,2025-07-06,2025-07-06_13,-46.0,49,3,51,111.3784725478257,121.66872919999962,0.028699625966183574,0.31262,0.001155,True,True,True,False,-146.28,476.2351778656127,55.67697628458498,2.4901185770750986,35.2508705652174,-0.08902173913043478,423.28412155335974
2025-07-06T11:00:00Z,2025-07-06T11:15:00Z,2025-07-06,2025-07-06_14,-49.0,49,0,51,121.66872919999962,132.61482939999962,0.030405833888888893,0.352065,0.0,True,True,True,False,-93.345,476.2351778656127,55.67697628458498,0.0,39.330600542490124,0.0,477.8977546926878
2025-07-06T11:15:00Z,2025-07-06T11:30:00Z,2025-07-06,2025-07-06_14,-49.0,49,0,51,132.61482939999962,143.8776165999996,0.031285520000000004,0.007840000000000001,0.0,True,True,True,False,-93.345,476.2351778656127,55.67697628458498,0.0,0.8459762845849804,0.0,439.41313043478266
2025-07-06T11:30:00Z,2025-07-06T11:45:00Z,2025-07-06,2025-07-06_14,-49.0,49,0,51,143.8776165999996,155.14761659999962,0.03130555555555556,0.0,0.0,True,True,True,False,-93.345,476.2351778656127,55.67697628458498,0.0,0.0,0.0,438.56715415019767
2025-07-06T11:45:00Z,2025-07-06T12:00:00Z,2025-07-06,2025-07-06_14,-49.0,49,0,51,155.14761659999962,166.41761659999963,0.03130555555555556,0.0,0.0,True,True,True,False,-93.345,476.2351778656127,55.67697628458498,0.0,0.0,0.0,438.56715415019767
2025-07-06T12:00:00Z,2025-07-06T12:15:00Z,2025-07-06,2025-07-06_15,0.0,100,100,0,166.41761659999963,173.86961659999963,0.0207,0.0,8.1,True,True,True,False,0.0,0.0,113.62648221343873,83.00395256916997,0.0,1529.811462450593,1726.4418972332016
2025-07-06T12:15:00Z,2025-07-06T12:30:00Z,2025-07-06,2025-07-06_15,0.0,100,100,0,173.86961659999963,182.64917659999963,0.024387666666666665,0.0,9.543,True,True,True,False,0.0,0.0,113.62648221343873,83.00395256916997,0.0,7191.910326877471,7388.54076166008
2025-07-06T12:30:00Z,2025-07-06T12:45:00Z,2025-07-06,2025-07-06_15,0.0,100,100,0,182.64917659999963,183.51972964347792,0.00367424154589372,0.208,1.192,True,True,True,False,0.0,0.0,113.62648221343873,83.00395256916997,22.444268774703556,-45.792116996047426,173.28258656126482
2025-07-06T12:45:00Z,2025-07-06T13:00:00Z,2025-07-06,2025-07-06_15,0.0,100,100,0,183.51972964347792,179.9247896434779,0.010014055555555554,3.312,0.0055,True,True,True,False,0.0,0.0,113.62648221343873,83.00395256916997,592.8624,-0.42391304347826086,789.0689217391305
2025-07-06T13:00:00Z,2025-07-06T13:15:00Z,2025-07-06,2025-07-06_16,17.0,83,100,0,179.9247896434779,173.56674629565182,0.01770365374396135,1.608125,0.01,True,True,True,False,262.0125,0.0,94.50681818181818,83.00395256916997,397.93434498517786,-0.7707509881422925,836.6868647480237
2025-07-06T13:15:00Z,2025-07-06T13:30:00Z,2025-07-06,2025-07-06_16,17.0,83,100,0,173.56674629565182,175.97550375652136,0.024900835942028986,0.03154,7.446999999999999,True,True,True,False,262.0125,0.0,94.50681818181818,83.00395256916997,3.4033280632411067,6872.787732608696,7315.714331422926
2025-07-06T13:30:00Z,2025-07-06T13:45:00Z,2025-07-06,2025-07-06_16,17.0,83,100,0,175.97550375652136,184.31416431304308,0.03480065734299517,0.0,13.6635,True,True,True,False,262.0125,0.0,94.50681818181818,83.00395256916997,0.0,12379.676459881424,12819.199730632412
2025-07-06T13:45:00Z,2025-07-06T14:00:00Z,2025-07-06,2025-07-06_16,17.0,83,100,0,184.31416431304308,186.3199999999996,0.024064398647342996,0.0,6.985999999999999,True,True,True,False,262.0125,0.0,94.50681818181818,83.00395256916997,0.0,4454.535920158102,4894.059190909091
2025-07-06T14:00:00Z,2025-07-06T14:15:00Z,2025-07-06,2025-07-06_17,0.0,0,0,8,186.3199999999996,186.3199999999996,0.0,0.0,0.0,True,False,True,False,0.0,74.70355731225297,0.0,0.0,0.0,0.0,74.70355731225297
2025-07-06T14:15:00Z,2025-07-06T14:30:00Z,2025-07-06,2025-07-06_17,0.0,0,0,8,186.3199999999996,186.3199999999996,0.0,0.0,0.0,True,False,True,False,0.0,74.70355731225297,0.0,0.0,0.0,0.0,74.70355731225297
2025-07-06T14:30:00Z,2025-07-06T14:45:00Z,2025-07-06,2025-07-06_17,0.0,0,0,8,186.3199999999996,186.3199999999996,0.0,0.0,0.0,True,False,True,False,0.0,74.70355731225297,0.0,0.0,0.0,0.0,74.70355731225297
2025-07-06T14:45:00Z,2025-07-06T15:00:00Z,2025-07-06,2025-07-06_17,0.0,0,0,8,186.3199999999996,186.3199999999996,0.0,0.0,0.0,True,False,True,False,0.0,74.70355731225297,0.0,0.0,0.0,0.0,74.70355731225297
2025-07-06T15:00:00Z,2025-07-06T15:15:00Z,2025-07-06,2025-07-06_18,0.0,100,100,0,186.3199999999996,189.2390365217387,0.01054200966183575,0.4030000000000001,3.649,True,True,True,False,0.0,0.0,113.86363636363636,83.00395256916997,73.0079100790514,2763.604043873518,3033.479542885376
2025-07-06T15:15:00Z,2025-07-06T15:30:00Z,2025-07-06,2025-07-06_18,0.0,100,100,0,189.2390365217387,179.1803408695648,0.027940821256038643,9.254,0.0,True,True,True,False,0.0,0.0,113.86363636363636,83.00395256916997,8164.229939920948,0.0,8361.097528853754
2025-07-06T15:30:00Z,2025-07-06T15:45:00Z,2025-07-06,2025-07-06_18,0.0,100,100,0,179.1803408695648,174.08364434782564,0.014172823671497583,4.6915,0.003,True,True,True,False,0.0,0.0,113.86363636363636,83.00395256916997,3242.890895652174,-0.23122529644268774,3439.5272592885376
2025-07-06T15:45:00Z,2025-07-06T16:00:00Z,2025-07-06,2025-07-06_18,0.0,100,100,0,174.08364434782564,150.89016608695607,0.06442632850241546,21.338,0.0,True,True,True,False,0.0,0.0,113.86363636363636,83.00395256916997,27409.255596442694,0.0,27606.1231853755
2025-07-06T16:00:00Z,2025-07-06T16:15:00Z,2025-07-06,2025-07-06_19,-100.0,100,0,0,150.89016608695607,162.98586608695607,0.033599166666666666,11.8525,0.0,True,True,True,False,-2999.75,0.0,113.03359683794469,0.0,12322.126032608694,0.0,9435.409629446638
2025-07-06T16:15:00Z,2025-07-06T16:30:00Z,2025-07-06,2025-07-06_19,-100.0,100,0,0,162.98586608695607,163.84422608695607,0.0023843333333333347,24.067,0.0,True,True,True,False,-2999.75,0.0,113.03359683794469,0.0,30915.664381225302,0.0,28028.947978063246
2025-07-06T16:30:00Z,2025-07-06T16:45:00Z,2025-07-06,2025-07-06_19,-100.0,100,0,0,163.84422608695607,174.85662608695608,0.030590000000000003,13.03,0.0,True,True,True,False,-2999.75,0.0,113.03359683794469,0.0,12331.290713438737,0.0,9444.574310276681
2025-07-06T16:45:00Z,2025-07-06T17:00:00Z,2025-07-06,2025-07-06_19,-100.0,100,0,0,174.85662608695608,184.7388060869561,0.0274505,14.2585,0.0,True,True,True,False,-2999.75,0.0,113.03359683794469,0.0,15173.822434980239,0.0,12287.106031818183
2025-07-06T17:00:00Z,2025-07-06T17:15:00Z,2025-07-06,2025-07-06_20,0.0,100,100,0,184.7388060869561,180.40281217391262,0.01206487198067633,3.9925,0.004,True,True,True,False,0.0,0.0,113.59683794466405,82.70750988142294,2729.578355237154,-0.30434782608695654,2925.578355237154
2025-07-06T17:15:00Z,2025-07-06T17:30:00Z,2025-07-06,2025-07-06_20,0.0,100,100,0,180.40281217391262,178.78217391304307,0.00476755072463768,1.535,0.052,True,True,True,False,0.0,0.0,113.59683794466405,82.70750988142294,577.9117252964427,-3.4073154150197626,770.8087577075099
2025-07-06T17:30:00Z,2025-07-06T17:45:00Z,2025-07-06,2025-07-06_20,0.0,100,100,0,178.78217391304307,180.2907660869561,0.004214688405797102,0.004,1.6445,True,True,True,False,0.0,0.0,113.59683794466405,82.70750988142294,0.5533596837944665,-43.189575,153.66813250988145
2025-07-06T17:45:00Z,2025-07-06T18:00:00Z,2025-07-06,2025-07-06_20,0.0,100,100,0,180.2907660869561,177.12115999999958,0.008822350241545894,2.919,0.0035000000000000005,True,True,True,False,0.0,0.0,113.59683794466405,82.70750988142294,3385.9003956521747,-0.2697628458498024,3581.9349806324117
2025-07-06T18:00:00Z,2025-07-06T18:15:00Z,2025-07-06,2025-07-06_21,100.0,0,100,0,177.12115999999958,149.9673556521735,0.07542723429951691,0.0,0.0185,True,True,True,False,4715.75,0.0,0.0,82.26284584980237,0.0,-1.3705538537549409,4796.642291996048
2025-07-06T18:15:00Z,2025-07-06T18:30:00Z,2025-07-06,2025-07-06_21,100.0,0,100,0,149.9673556521735,122.91137739130393,0.07515549516908211,0.0,0.1085,True,True,True,False,4715.75,0.0,0.0,82.26284584980237,0.0,-6.83202628458498,4791.1808195652175
2025-07-06T18:30:00Z,2025-07-06T18:45:00Z,2025-07-06,2025-07-06_21,100.0,0,100,0,122.91137739130393,95.73746434782566,0.07548309178743962,0.0,0.0,True,True,True,False,4715.75,0.0,0.0,82.26284584980237,0.0,0.0,4798.012845849802
2025-07-06T18:45:00Z,2025-07-06T19:00:00Z,2025-07-06,2025-07-06_21,100.0,0,100,0,95.73746434782566,68.5689860869561,0.0754679951690821,0.0,0.005,True,True,True,False,4715.75,0.0,0.0,82.26284584980237,0.0,-0.38537549407114624,4797.627470355731
2025-07-06T19:00:00Z,2025-07-06T19:15:00Z,2025-07-06,2025-07-06_22,27.670890812265412,17,45,55,68.5689860869561,60.95097276514091,0.02119923364723482,0.109055,0.01935,True,True,True,False,1067.058726947985,513.5869565217391,19.39713438735178,37.16501976284585,17.906852552371543,-1.4896249505928856,1653.6250652217004
2025-07-06T19:15:00Z,2025-07-06T19:30:00Z,2025-07-06,2025-07-06_22,27.670890812265412,17,45,55,60.95097276514091,53.97266860958911,0.020427101764481276,0.0008500000000000001,0.529875,True,True,True,False,1067.058726947985,513.5869565217391,19.39713438735178,37.16501976284585,0.11758893280632414,-12.192989229249013,1625.132437323479
2025-07-06T19:30:00Z,2025-07-06T19:45:00Z,2025-07-06,2025-07-06_22,27.670890812265412,17,45,55,53.97266860958911,47.37508796117832,0.02010157580265454,0.00051,0.9017999999999999,True,True,True,False,1067.058726947985,513.5869565217391,19.39713438735178,37.16501976284585,0.07045256916996048,-18.268935296442688,1619.009354892649
2025-07-06T19:45:00Z,2025-07-06T20:00:00Z,2025-07-06,2025-07-06_22,27.670890812265412,17,45,55,47.37508796117832,39.891304347825674,0.02088040165748416,0.01139,0.046799999999999994,True,True,True,False,1067.058726947985,513.5869565217391,19.39713438735178,37.16501976284585,1.5749533754940714,-2.8261095652173913,1635.9566814301984
2025-07-06T20:00:00Z,2025-07-06T20:15:00Z,2025-07-06,2025-07-06_23,35.88132052123189,64,100,0,39.891304347825674,29.9155169594925,0.02776623253131704,0.22271999999999997,0.017,True,True,True,False,1166.2326202413394,0.0,72.92964426877471,83.00395256916997,30.810054830039522,-1.3102766798418974,1351.6659952294817
2025-07-06T20:15:00Z,2025-07-06T20:30:00Z,2025-07-06,2025-07-06_23,35.88132052123189,64,100,0,29.9155169594925,20.32070570120633,0.027374871012965075,0.05567999999999999,0.2205,True,True,True,False,1166.2326202413394,0.0,72.92964426877471,83.00395256916997,7.701633391304348,-10.293297332015811,1319.5745531385726
2025-07-06T20:30:00Z,2025-07-06T20:45:00Z,2025-07-06,2025-07-06_23,35.88132052123189,64,100,0,20.32070570120633,14.847888095195184,0.029530088758179862,0.0060799999999999995,4.372,True,True,True,False,1166.2326202413394,0.0,72.92964426877471,83.00395256916997,0.8408531857707511,-19.279137549407114,1303.7279327156477
2025-07-06T20:45:00Z,2025-07-06T21:00:00Z,2025-07-06,2025-07-06_23,35.88132052123189,64,100,0,14.847888095195184,9.999999999999584,0.029862072106526368,0.0,5.003,True,True,True,False,1166.2326202413394,0.0,72.92964426877471,83.00395256916997,0.0,-39.51282391304348,1282.6533931662407
2025-07-06T21:00:00Z,2025-07-06T21:15:00Z,2025-07-07,2025-07-06_24,0.0,22,100,0,9.999999999999584,10.004332173912628,0.0019250772946859903,0.31679999999999997,0.379,True,True,True,False,0.0,0.0,24.87391304347826,83.00395256916997,43.777690434782606,-12.805556126482214,138.84999992094862
2025-07-06T21:15:00Z,2025-07-06T21:30:00Z,2025-07-07,2025-07-06_24,0.0,22,100,0,10.004332173912628,12.087584347825672,0.005866521739130434,0.013199999999999998,2.28,True,True,True,False,0.0,0.0,24.87391304347826,83.00395256916997,1.8234782608695652,-95.06698814229249,14.634355731225307
2025-07-06T21:30:00Z,2025-07-06T21:45:00Z,2025-07-07,2025-07-06_24,0.0,22,100,0,12.087584347825672,15.789664347825672,0.010283555555555556,0.0,4.024,True,True,True,False,0.0,0.0,24.87391304347826,83.00395256916997,0.0,-194.85146403162057,-86.97359841897233
2025-07-06T21:45:00Z,2025-07-06T22:00:00Z,2025-07-07,2025-07-06_24,0.0,22,100,0,15.789664347825672,17.636363478260456,0.005158946859903381,0.00484,2.013,True,True,True,False,0.0,0.0,24.87391304347826,83.00395256916997,0.668608695652174,-98.75077826086957,9.795696047430837
2025-07-06T22:00:00Z,2025-07-06T22:15:00Z,2025-07-07,2025-07-07_1,0.0,100,100,0,17.636363478260456,18.842943478260455,0.0033516111111111116,0.0,1.3115,True,True,True,False,0.0,0.0,112.64822134387352,83.38932806324111,0.0,-75.84617035573123,120.1913790513834
2025-07-06T22:15:00Z,2025-07-06T22:30:00Z,2025-07-07,2025-07-07_1,0.0,100,100,0,18.842943478260455,30.065103478260454,0.031172666666666668,0.0,12.198,True,True,True,False,0.0,0.0,112.64822134387352,83.38932806324111,0.0,-303.5855596837945,-107.54801027667986
2025-07-06T22:30:00Z,2025-07-06T22:45:00Z,2025-07-07,2025-07-07_1,0.0,100,100,0,30.065103478260454,47.15548347826045,0.047473277777777774,0.0,18.5765,True,True,True,False,0.0,0.0,112.64822134387352,83.38932806324111,0.0,-370.79575098814234,-174.75820158102772
2025-07-06T22:45:00Z,2025-07-06T23:00:00Z,2025-07-07,2025-07-07_1,0.0,100,100,0,47.15548347826045,69.62602347826045,0.06241816666666666,0.0,24.4245,True,True,True,False,0.0,0.0,112.64822134387352,83.38932806324111,0.0,2019.9785546442686,2216.016104051383
2025-07-06T23:00:00Z,2025-07-06T23:15:00Z,2025-07-07,2025-07-07_2,-10.0,21,11,79,69.62602347826045,71.31948264347783,0.006926305652173913,0.7025549999999999,0.110055,True,True,True,False,-262.5,737.6976284584981,23.656126482213438,9.17282608695652,105.18886719367589,-3.4830449999999997,609.7324032213439
2025-07-06T23:15:00Z,2025-07-06T23:30:00Z,2025-07-07,2025-07-07_2,-10.0,21,11,79,71.31948264347783,72.25192507826044,0.00688383768115942,1.35744,0.0,True,True,True,False,-262.5,737.6976284584981,23.656126482213438,9.17282608695652,226.80247019762845,0.0,734.8290512252966
2025-07-06T23:30:00Z,2025-07-06T23:45:00Z,2025-07-07,2025-07-07_2,-10.0,21,11,79,72.25192507826044,73.46416251304305,0.006782573792270531,1.079715,0.0,True,True,True,False,-262.5,737.6976284584981,23.656126482213438,9.17282608695652,292.01660351679845,0.0,800.0431845444665
2025-07-06T23:45:00Z,2025-07-07T00:00:00Z,2025-07-07,2025-07-07_2,-10.0,21,11,79,73.46416251304305,75.56073816521696,0.006466484299516909,0.203175,0.001375,True,True,True,False,-262.5,737.6976284584981,23.656126482213438,9.17282608695652,28.088823290513837,-0.10597826086956522,536.0094260573123
2025-07-07T00:00:00Z,2025-07-07T00:15:00Z,2025-07-07,2025-07-07_3,-21.0,21,0,79,75.56073816521696,80.38764696521696,0.01340808,0.00336,0.0,True,True,True,False,-526.995,737.6976284584981,23.656126482213438,0.0,0.4641581027667985,0.0,234.82291304347834
2025-07-07T00:15:00Z,2025-07-07T00:30:00Z,2025-07-07,2025-07-07_3,-21.0,21,0,79,80.38764696521696,85.21764696521696,0.013416666666666667,0.0,0.0,True,True,True,False,-526.995,737.6976284584981,23.656126482213438,0.0,0.0,0.0,234.35875494071155
2025-07-07T00:30:00Z,2025-07-07T00:45:00Z,2025-07-07,2025-07-07_3,-21.0,21,0,79,85.21764696521696,90.04687416521696,0.01341452,0.00084,0.0,True,True,True,False,-526.995,737.6976284584981,23.656126482213438,0.0,0.11603952569169962,0.0,234.47479446640324
2025-07-07T00:45:00Z,2025-07-07T01:00:00Z,2025-07-07,2025-07-07_3,-21.0,21,0,79,90.04687416521696,94.86412296521696,0.013381246666666667,0.01386,0.0,True,True,True,False,-526.995,737.6976284584981,23.656126482213438,0.0,1.9146521739130438,0.0,236.2734071146246
2025-07-07T01:00:00Z,2025-07-07T01:15:00Z,2025-07-07,2025-07-07_4,-21.0,21,0,79,94.86412296521696,98.95745136521697,0.011370356666666668,0.80073,0.0,True,True,True,False,-510.825,737.6976284584981,23.737055335968382,0.0,120.5299623735178,0.0,371.1396461679843
2025-07-07T01:15:00Z,2025-07-07T01:30:00Z,2025-07-07,2025-07-07_4,-21.0,21,0,79,98.95745136521697,103.47301836521697,0.012543241666666668,0.34177499999999994,0.0,True,True,True,False,-510.825,737.6976284584981,23.737055335968382,0.0,47.23695240118577,0.0,297.84663619565225
2025-07-07T01:30:00Z,2025-07-07T01:45:00Z,2025-07-07,2025-07-07_4,-21.0,21,0,79,103.47301836521697,106.92743436521697,0.009595600000000001,1.4952,0.0,True,True,True,False,-510.825,737.6976284584981,23.737055335968382,0.0,241.96827509881427,0.0,492.57795889328077
2025-07-07T01:45:00Z,2025-07-07T02:00:00Z,2025-07-07,2025-07-07_4,-21.0,21,0,79,106.92743436521697,110.50346976521696,0.009933431666666668,1.363005,0.0,True,True,True,False,-510.825,737.6976284584981,23.737055335968382,0.0,284.75868135770753,0.0,535.3683651521741
2025-07-07T02:00:00Z,2025-07-07T02:15:00Z,2025-07-07,2025-07-07_5,-21.0,21,0,79,110.50346976521696,113.82380496521697,0.009223153333333334,1.64094,0.0,True,True,True,False,-518.07,737.6976284584981,23.737055335968382,0.0,271.94624083399214,0.0,515.3109246284586
2025-07-07T02:15:00Z,2025-07-07T02:30:00Z,2025-07-07,2025-07-07_5,-21.0,21,0,79,113.82380496521697,118.61555136521696,0.013310406666666667,0.04158,0.0,True,True,True,False,-518.07,737.6976284584981,23.737055335968382,0.0,5.743956521739131,0.0,249.10864031620557
2025-07-07T02:30:00Z,2025-07-07T02:45:00Z,2025-07-07,2025-07-07_5,-21.0,21,0,79,118.61555136521696,123.43666416521695,0.01339198,0.00966,0.0,True,True,True,False,-518.07,737.6976284584981,23.737055335968382,0.0,1.3344545454545456,0.0,244.699138339921
2025-07-07T02:45:00Z,2025-07-07T03:00:00Z,2025-07-07,2025-07-07_5,-21.0,21,0,79,123.43666416521695,128.15779596521696,0.013114255000000002,0.11833500000000001,0.0,True,True,True,False,-518.07,737.6976284584981,23.737055335968382,0.0,16.347068181818184,0.0,259.71175197628463
2025-07-07T03:00:00Z,2025-07-07T03:15:00Z,2025-07-07,2025-07-07_6,0.0,21,21,79,128.15779596521696,128.95918956521697,0.0022260933333333333,0.0,0.87108,True,True,True,False,0.0,737.6976284584981,23.737055335968382,17.49930830039526,0.0,-39.10942619762846,739.8245658972332
2025-07-07T03:15:00Z,2025-07-07T03:30:00Z,2025-07-07,2025-07-07_6,0.0,21,21,79,128.95918956521697,129.04010603478218,0.00023998536231884058,0.00252,0.09093,True,True,True,False,0.0,737.6976284584981,23.737055335968382,17.49930830039526,0.34811857707509886,-6.085607057312253,773.1965036146246
2025-07-07T03:30:00Z,2025-07-07T03:45:00Z,2025-07-07,2025-07-07_6,0.0,21,21,79,129.04010603478218,129.0732427565213,0.00014784355072463767,0.00924,0.046935,True,True,True,False,0.0,737.6976284584981,23.737055335968382,17.49930830039526,1.2764347826086957,-3.3214489594861663,776.8889779179843
2025-07-07T03:45:00Z,2025-07-07T04:00:00Z,2025-07-07,2025-07-07_6,0.0,21,21,79,129.0732427565213,128.68669192173869,0.0010769723188405796,0.35616,0.00063,True,True,True,False,0.0,737.6976284584981,23.737055335968382,17.49930830039526,55.84229824505929,-0.04855731225296443,834.7277330276681
2025-07-07T04:00:00Z,2025-07-07T04:15:00Z,2025-07-07,2025-07-07_7,20.960466473813124,0,21,79,128.68669192173869,123.47171957080411,0.014490291717512841,0.0,0.44247000000000003,True,True,True,False,686.6648816821179,737.6976284584981,0.0,17.275197628458496,0.0,-20.23906749011858,1421.398640278956
2025-07-07T04:15:00Z,2025-07-07T04:30:00Z,2025-07-07,2025-07-07_7,20.960466473813124,0,21,79,123.47171957080411,117.77662522230001,0.01581971258542984,0.0,0.00063,True,True,True,False,686.6648816821179,737.6976284584981,0.0,17.275197628458496,0.0,-0.04855731225296443,1441.5891504568215
2025-07-07T04:30:00Z,2025-07-07T04:45:00Z,2025-07-07,2025-07-07_7,20.960466473813124,0,21,79,117.77662522230001,112.09818909899677,0.01577358724162854,0.0,0.01596,True,True,True,False,686.6648816821179,737.6976284584981,0.0,17.275197628458496,0.0,-1.1566615731225298,1440.4810461959519
2025-07-07T04:45:00Z,2025-07-07T05:00:00Z,2025-07-07,2025-07-07_7,20.960466473813124,0,21,79,112.09818909899677,106.41963887826064,0.015773903168640874,0.0,0.015855,True,True,True,False,686.6648816821179,737.6976284584981,0.0,17.275197628458496,0.0,-1.207085644268775,1440.4306221248057
2025-07-07T05:00:00Z,2025-07-07T05:15:00Z,2025-07-07,2025-07-07_8,0.0,100,100,0,106.41963887826064,105.59445887826064,0.002846722222222222,0.851,0.1085,True,True,True,False,0.0,0.0,114.24901185770752,82.26284584980237,117.6924590909091,-8.013239624505928,306.1910771739131
2025-07-07T05:15:00Z,2025-07-07T05:30:00Z,2025-07-07,2025-07-07_8,0.0,100,100,0,105.59445887826064,89.89554583478238,0.043608091787439615,14.443,0.0,True,True,True,False,0.0,0.0,114.24901185770752,82.26284584980237,4960.722367391304,0.0,5157.234225098814
2025-07-07T05:30:00Z,2025-07-07T05:45:00Z,2025-07-07,2025-07-07_8,0.0,100,100,0,89.89554583478238,77.47054583478238,0.034513888888888886,11.431,0.0,True,True,True,False,0.0,0.0,114.24901185770752,82.26284584980237,2552.673327272727,0.0,2749.185184980237
2025-07-07T05:45:00Z,2025-07-07T06:00:00Z,2025-07-07,2025-07-07_8,0.0,100,100,0,77.47054583478238,70.31402409565194,0.019879227053140096,6.584,0.0,True,True,True,False,0.0,0.0,114.24901185770752,82.26284584980237,1281.788994466403,0.0,1478.300852173913
2025-07-07T06:00:00Z,2025-07-07T06:15:00Z,2025-07-07,2025-07-07_9,0.0,100,100,0,70.31402409565194,68.74642496521717,0.004377442028985507,1.446,0.0045,True,True,True,False,0.0,0.0,113.06324110671937,83.00395256916997,199.86949209486167,-0.3468379446640316,395.58984782608695
2025-07-07T06:15:00Z,2025-07-07T06:30:00Z,2025-07-07,2025-07-07_9,0.0,100,100,0,68.74642496521717,59.11870757391283,0.026743659420289854,8.8575,0.0,True,True,True,False,0.0,0.0,113.06324110671937,83.00395256916997,4883.950228754941,0.0,5080.01742243083
2025-07-07T06:30:00Z,2025-07-07T06:45:00Z,2025-07-07,2025-07-07_9,0.0,100,100,0,59.11870757391283,53.86979453043457,0.014580314009661834,4.829,0.0,True,True,True,False,0.0,0.0,113.06324110671937,83.00395256916997,1307.9508739130436,0.0,1504.0180675889328
2025-07-07T06:45:00Z,2025-07-07T07:00:00Z,2025-07-07,2025-07-07_9,0.0,100,100,0,53.86979453043457,50.10897105217369,0.010528509661835748,3.4735,0.016,True,True,True,False,0.0,0.0,113.06324110671937,83.00395256916997,1252.1541893280632,-1.233201581027668,1446.988181422925
2025-07-07T07:00:00Z,2025-07-07T07:15:00Z,2025-07-07,2025-07-07_10,0.0,49,49,51,50.10897105217369,49.781400939130215,0.0010000769806763285,0.316295,0.01764,True,True,True,False,0.0,476.2351778656127,55.386462450592894,40.67193675889328,43.7039053527668,-1.3241608932806326,614.673321534585
2025-07-07T07:15:00Z,2025-07-07T07:30:00Z,2025-07-07,2025-07-07_10,0.0,49,49,51,49.781400939130215,49.16386203478239,0.0017228991787439608,0.5693799999999999,0.00147,True,True,True,False,0.0,476.2351778656127,55.386462450592894,40.67193675889328,78.73051313438734,-0.113300395256917,650.9107898142292
2025-07-07T07:30:00Z,2025-07-07T07:45:00Z,2025-07-07,2025-07-07_10,0.0,49,49,51,49.16386203478239,46.66490634782587,0.00700540690821256,2.309615,0.012494999999999997,True,True,True,False,0.0,476.2351778656127,55.386462450592894,40.67193675889328,567.3865937173914,-0.9436861096837943,1138.7364846828066
2025-07-07T07:45:00Z,2025-07-07T08:00:00Z,2025-07-07,2025-07-07_10,0.0,49,49,51,46.66490634782587,45.174320808695434,0.004175577608695653,1.377145,0.006860000000000001,True,True,True,False,0.0,476.2351778656127,55.386462450592894,40.67193675889328,190.45806484782608,-0.5190511897233203,762.2325907332016
2025-07-07T08:00:00Z,2025-07-07T08:15:00Z,2025-07-07,2025-07-07_11,0.0,49,49,51,45.174320808695434,44.96206303478239,0.0007286015942028985,0.218295,0.027195000000000004,True,True,True,False,0.0,476.2351778656127,55.386462450592894,40.67193675889328,30.155771739130437,-2.08637245256917,600.3629763616601
2025-07-07T08:15:00Z,2025-07-07T08:30:00Z,2025-07-07,2025-07-07_11,0.0,49,49,51,44.96206303478239,45.017645226086735,0.00036152057971014495,0.034300000000000004,0.10093999999999999,True,True,True,False,0.0,476.2351778656127,55.386462450592894,40.67193675889328,4.738280632411068,-7.07691137944664,569.9549463280633
2025-07-07T08:30:00Z,2025-07-07T08:45:00Z,2025-07-07,2025-07-07_11,0.0,49,49,51,45.017645226086735,44.94282137391282,0.0003543540338164251,0.0931,0.028665,True,True,True,False,0.0,476.2351778656127,55.386462450592894,40.67193675889328,12.861047430830041,-2.134794717391305,583.0198297885375
2025-07-07T08:45:00Z,2025-07-07T09:00:00Z,2025-07-07,2025-07-07_11,0.0,49,49,51,44.94282137391282,44.03306649565195,0.002569672439613527,0.844025,0.00833,True,True,True,False,0.0,476.2351778656127,55.386462450592894,40.67193675889328,116.70013412549407,-0.5248624347826087,688.4688487658103
2025-07-07T09:00:00Z,2025-07-07T09:15:00Z,2025-07-07,2025-07-07_12,0.0,49,49,51,44.03306649565195,41.49201299130412,0.0070985530676328495,2.344405,0.007840000000000001,True,True,True,False,0.0,476.2351778656127,55.40098814229249,40.67193675889328,636.0222502233203,-0.6042687747035574,1207.726084215415
2025-07-07T09:15:00Z,2025-07-07T09:30:00Z,2025-07-07,2025-07-07_12,0.0,49,49,51,41.49201299130412,41.47973146086934,0.00021443536231884058,0.04116,0.03528,True,True,True,False,0.0,476.2351778656127,55.40098814229249,40.67193675889328,5.685936758893281,-2.6625592885375493,575.3314802371542
2025-07-07T09:30:00Z,2025-07-07T09:45:00Z,2025-07-07,2025-07-07_12,0.0,49,49,51,41.47973146086934,41.13167934782586,0.0011133214251207728,0.34447,0.028665,True,True,True,False,0.0,476.2351778656127,55.40098814229249,40.67193675889328,47.62345403952569,-2.1309198438735177,617.8006369624507
2025-07-07T09:45:00Z,2025-07-07T10:00:00Z,2025-07-07,2025-07-07_12,0.0,49,49,51,41.13167934782586,37.7173913043476,0.009484133454106279,3.141145,0.0,True,True,True,False,0.0,476.2351778656127,55.40098814229249,40.67193675889328,873.4009542667984,0.0,1445.7090570335968
2025-07-07T10:00:00Z,2025-07-07T10:15:00Z,2025-07-07,2025-07-07_13,-17.0,49,32,51,37.7173913043476,41.59585798260847,0.011078832560386474,0.07742,0.052320000000000005,True,True,True,False,-377.95250000000004,476.2351778656127,55.40098814229249,26.561264822134387,10.694976284584982,-2.9776490750988147,187.9622580395257
2025-07-07T10:15:00Z,2025-07-07T10:30:00Z,2025-07-07,2025-07-07_13,-17.0,49,32,51,41.59585798260847,45.256204930434556,0.01210482847826087,0.49122499999999997,0.27808,True,True,True,False,-377.95250000000004,476.2351778656127,55.40098814229249,26.561264822134387,67.87545123517786,-12.727216,235.39316606521737
2025-07-07T10:30:00Z,2025-07-07T10:45:00Z,2025-07-07,2025-07-07_13,-17.0,49,32,51,45.256204930434556,49.94077133043456,0.013012684444444445,0.0,0.8419199999999999,True,True,True,False,-377.95250000000004,476.2351778656127,55.40098814229249,26.561264822134387,0.0,-39.194204584980234,141.05072624505928
2025-07-07T10:45:00Z,2025-07-07T11:00:00Z,2025-07-07,2025-07-07_13,-17.0,49,32,51,49.94077133043456,54.87694642608673,0.013719326956521737,0.0019600000000000004,1.1176000000000001,True,True,True,False,-377.95250000000004,476.2351778656127,55.40098814229249,26.561264822134387,0.2707588932806325,-51.19248521739131,129.32320450592886
2025-07-07T11:00:00Z,2025-07-07T11:15:00Z,2025-07-07,2025-07-07_14,-49.0,49,0,51,54.87694642608673,66.14694642608673,0.03130555555555556,0.0,0.0,True,True,True,False,-1006.8275,476.2351778656127,55.40098814229249,0.0,0.0,0.0,-475.1913339920948
2025-07-07T11:15:00Z,2025-07-07T11:30:00Z,2025-07-07,2025-07-07_14,-49.0,49,0,51,66.14694642608673,77.40432402608673,0.031270493333333337,0.013720000000000001,0.0,True,True,True,False,-1006.8275,476.2351778656127,55.40098814229249,0.0,1.8953122529644273,0.0,-473.29602173913037
2025-07-07T11:30:00Z,2025-07-07T11:45:00Z,2025-07-07,2025-07-07_14,-49.0,49,0,51,77.40432402608673,88.65268562608672,0.03124544888888889,0.02352,0.0,True,True,True,False,-1006.8275,476.2351778656127,55.40098814229249,0.0,3.2491067193675893,0.0,-471.9422272727272
2025-07-07T11:45:00Z,2025-07-07T12:00:00Z,2025-07-07,2025-07-07_14,-49.0,49,0,51,88.65268562608672,99.85867202608672,0.031127739999999997,0.06957999999999999,0.0,True,True,True,False,-1006.8275,476.2351778656127,55.40098814229249,0.0,9.61194071146245,0.0,-465.57939328063236
2025-07-07T12:00:00Z,2025-07-07T12:15:00Z,2025-07-07,2025-07-07_15,-100.0,100,0,0,99.85867202608672,118.46751202608672,0.05169122222222222,4.773,0.0,True,True,True,False,-2231.25,0.0,113.06324110671937,0.0,3445.4343841897235,0.0,1327.247625296443
2025-07-07T12:15:00Z,2025-07-07T12:30:00Z,2025-07-07,2025-07-07_15,-100.0,100,0,0,118.46751202608672,126.96739202608673,0.02361077777777778,15.761,0.0,True,True,True,False,-2231.25,0.0,113.06324110671937,0.0,13935.91046304348,0.0,11817.7237041502
2025-07-07T12:30:00Z,2025-07-07T12:45:00Z,2025-07-07,2025-07-07_15,-100.0,100,0,0,126.96739202608673,144.02465202608673,0.04738127777777778,6.4595,0.0,True,True,True,False,-2231.25,0.0,113.06324110671937,0.0,2471.4749119565217,0.0,353.2881530632411
2025-07-07T12:45:00Z,2025-07-07T13:00:00Z,2025-07-07,2025-07-07_15,-100.0,100,0,0,144.02465202608673,165.76011202608672,0.06037627777777778,1.3745,0.0,True,True,True,False,-2231.25,0.0,113.06324110671937,0.0,189.96730889328063,0.0,-1928.21945
2025-07-07T13:00:00Z,2025-07-07T13:15:00Z,2025-07-07,2025-07-07_16,-0.986686389647412,49,48,51,165.76011202608672,165.9512915551858,0.0007456064943070867,0.03626,0.0038400000000000005,True,True,True,False,-23.315399387368345,476.2351778656127,55.386462450592894,39.84189723320158,5.0090395256917,-0.29596837944664034,552.8612093082838
2025-07-07T13:15:00Z,2025-07-07T13:30:00Z,2025-07-07,2025-07-07_16,-0.986686389647412,49,48,51,165.9512915551858,166.03627881260982,0.0010304988991993273,0.13426000000000002,0.0038400000000000005,True,True,True,False,-23.315399387368345,476.2351778656127,55.386462450592894,39.84189723320158,18.546984189723325,-0.29596837944664034,566.3991539723155
2025-07-07T13:30:00Z,2025-07-07T13:45:00Z,2025-07-07,2025-07-07_16,-0.986686389647412,49,48,51,166.03627881260982,164.8906342867528,0.004321184023802549,1.26812,0.00168,True,True,True,False,-23.315399387368345,476.2351778656127,55.386462450592894,39.84189723320158,192.90335687747037,-0.12948616600790513,740.9220088735012
2025-07-07T13:45:00Z,2025-07-07T14:00:00Z,2025-07-07,2025-07-07_16,-0.986686389647412,49,48,51,164.8906342867528,163.48135182608672,0.005071876349314454,1.5187549999999999,0.01032,True,True,True,False,-23.315399387368345,476.2351778656127,55.386462450592894,39.84189723320158,217.40857765316207,-0.6251390988142292,764.9315767163866
2025-07-07T14:00:00Z,2025-07-07T14:15:00Z,2025-07-07,2025-07-07_17,0.0,49,49,51,163.48135182608672,163.65266605217369,0.0006711627053140097,0.03234,0.22441999999999998,True,True,True,False,0.0,476.2351778656127,55.386462450592894,40.67193675889328,4.467521739130436,-14.881618403162054,561.8794804110672
2025-07-07T14:15:00Z,2025-07-07T14:30:00Z,2025-07-07,2025-07-07_17,0.0,49,49,51,163.65266605217369,164.0994088521737,0.0012409522222222224,0.0,0.48559,True,True,True,False,0.0,476.2351778656127,55.386462450592894,40.67193675889328,0.0,-30.12433378458498,542.1692432905139
2025-07-07T14:30:00Z,2025-07-07T14:45:00Z,2025-07-07,2025-07-07_17,0.0,49,49,51,164.0994088521737,164.7996865999998,0.0019629695893719806,0.00294,0.764645,True,True,True,False,0.0,476.2351778656127,55.386462450592894,40.67193675889328,0.40633182213438734,-44.86123858003953,527.8386703171938
2025-07-07T14:45:00Z,2025-07-07T15:00:00Z,2025-07-07,2025-07-07_17,0.0,49,49,51,164.7996865999998,166.5399999999998,0.004834203888888889,0.0,1.891645,True,True,True,False,0.0,476.2351778656127,55.386462450592894,40.67193675889328,0.0,-85.63618975296444,486.6573873221344
2025-07-07T15:00:00Z,2025-07-07T15:15:00Z,2025-07-07,2025-07-07_18,-7.636915173869769,100,92,0,166.5399999999998,170.30646268379604,0.010467973824846235,0.001,2.18592,True,True,True,False,-240.56282797689772,0.0,113.03359683794469,76.36363636363636,0.13814229249011858,-111.390768,-162.41822048282654
2025-07-07T15:15:00Z,2025-07-07T15:30:00Z,2025-07-07,2025-07-07_18,-7.636915173869769,100,92,0,170.30646268379604,169.63710571566614,0.010980036276315037,2.302,0.05106,True,True,True,False,-240.56282797689772,0.0,113.03359683794469,76.36363636363636,387.02033794466405,-3.840912818181818,332.01383035116555
2025-07-07T15:30:00Z,2025-07-07T15:45:00Z,2025-07-07,2025-07-07_18,-7.636915173869769,100,92,0,169.63710571566614,163.35822549863462,0.024347942214754333,7.492499999999999,0.01426,True,True,True,False,-240.56282797689772,0.0,113.03359683794469,76.36363636363636,7215.188656126482,-1.0990909090909091,7162.923970442074
2025-07-07T15:45:00Z,2025-07-07T16:00:00Z,2025-07-07,2025-07-07_18,-7.636915173869769,100,92,0,163.35822549863462,152.32629125147534,0.035755649123535765,11.905,0.0,True,True,True,False,-240.56282797689772,0.0,113.03359683794469,76.36363636363636,8781.351512845851,0.0,8730.185918070534
2025-07-07T16:00:00Z,2025-07-07T16:15:00Z,2025-07-07,2025-07-07_19,0.8858641567303991,18,19,81,152.32629125147534,152.4979408027261,0.0018215776272169303,0.02322,0.471675,True,True,True,False,38.800850064791476,756.3735177865614,20.404743083003954,15.770750988142293,3.2122529644268782,-23.35900525197629,811.2031096349497
2025-07-07T16:15:00Z,2025-07-07T16:30:00Z,2025-07-07,2025-07-07_19,0.8858641567303991,18,19,81,152.4979408027261,152.51013167140613,0.0013109097940755237,0.00288,0.27597499999999997,True,True,True,False,38.800850064791476,756.3735177865614,20.404743083003954,15.770750988142293,0.3983836837944664,-14.853727159090909,816.8945184472027
2025-07-07T16:30:00Z,2025-07-07T16:45:00Z,2025-07-07,2025-07-07_19,0.8858641567303991,18,19,81,152.51013167140613,152.45421287342856,0.0012019848902238878,0.01332,0.214795,True,True,True,False,38.800850064791476,756.3735177865614,20.404743083003954,15.770750988142293,1.8425798181818183,-12.936389696640317,820.2560520440406
2025-07-07T16:45:00Z,2025-07-07T17:00:00Z,2025-07-07,2025-07-07_19,0.8858641567303991,18,19,81,152.45421287342856,152.22616923125275,0.0007848283567963648,0.01485,0.031065000000000002,True,True,True,False,38.800850064791476,756.3735177865614,20.404743083003954,15.770750988142293,2.054151195652174,-2.2390497806324112,831.1649633375189
2025-07-07T17:00:00Z,2025-07-07T17:15:00Z,2025-07-07,2025-07-07_20,31.78334542505268,68,100,0,152.22616923125275,155.35714451771796,0.03346839437837202,0.0,12.0935,True,True,True,False,1430.2505441273706,0.0,77.58853754940712,82.58893280632412,0.0,127.7465563241107,1718.1745708072126
2025-07-07T17:15:00Z,2025-07-07T17:30:00Z,2025-07-07,2025-07-07_20,31.78334542505268,68,100,0,155.35714451771796,154.78317722296984,0.03048456158670993,0.0,8.286,True,True,True,False,1430.2505441273706,0.0,77.58853754940712,82.58893280632412,0.0,-321.9798770750988,1268.448137408003
2025-07-07T17:30:00Z,2025-07-07T17:45:00Z,2025-07-07,2025-07-07_20,31.78334542505268,68,100,0,154.78317722296984,150.62930611829822,0.027601430702790093,0.0,4.607,True,True,True,False,1430.2505441273706,0.0,77.58853754940712,82.58893280632412,0.0,-206.02394743083008,1384.4040670522718
2025-07-07T17:45:00Z,2025-07-07T18:00:00Z,2025-07-07,2025-07-07_20,31.78334542505268,68,100,0,150.62930611829822,145.81861656521713,0.02707245180998066,0.0,3.932,True,True,True,False,1430.2505441273706,0.0,77.58853754940712,82.58893280632412,0.0,-220.14926086956524,1370.2787536135365
2025-07-07T18:00:00Z,2025-07-07T18:15:00Z,2025-07-07,2025-07-07_21,100.0,0,100,0,145.81861656521713,119.28057308695625,0.07371678743961353,0.0,0.585,True,True,True,False,5000.75,0.0,0.0,82.64822134387352,0.0,-31.706075098814235,5051.692146245059
2025-07-07T18:15:00Z,2025-07-07T18:30:00Z,2025-07-07,2025-07-07_21,100.0,0,100,0,119.28057308695625,92.106660043478,0.07548309178743962,0.0,0.0,True,True,True,False,5000.75,0.0,0.0,82.64822134387352,0.0,0.0,5083.398221343874
2025-07-07T18:30:00Z,2025-07-07T18:45:00Z,2025-07-07,2025-07-07_21,100.0,0,100,0,92.106660043478,70.40883395652148,0.06027173913043477,0.0,5.038,True,True,True,False,5000.75,0.0,0.0,82.64822134387352,0.0,-221.05569130434782,4862.342530039526
2025-07-07T18:45:00Z,2025-07-07T19:00:00Z,2025-07-07,2025-07-07_21,100.0,0,100,0,70.40883395652148,52.84198613043452,0.04879679951690821,0.0,8.8385,True,True,True,False,5000.75,0.0,0.0,82.64822134387352,0.0,-337.1957619565218,4746.202459387352
2025-07-07T19:00:00Z,2025-07-07T19:15:00Z,2025-07-07,2025-07-07_22,0.0,23,23,77,52.84198613043452,52.69002933043452,0.001614703333333333,0.33729499999999996,0.233335,True,True,True,False,0.0,719.0217391304348,26.243181818181817,19.09090909090909,50.06244377272728,-13.207821613636364,801.2104521986166
2025-07-07T19:15:00Z,2025-07-07T19:30:00Z,2025-07-07,2025-07-07_22,0.0,23,23,77,52.69002933043452,51.89167853043452,0.0024962477777777776,0.78062,0.054509999999999996,True,True,True,False,0.0,719.0217391304348,26.243181818181817,19.09090909090909,134.358278,-3.4063686818181815,895.3077393577075
2025-07-07T19:30:00Z,2025-07-07T19:45:00Z,2025-07-07,2025-07-07_22,0.0,23,23,77,51.89167853043452,51.95451293043452,0.0014377344444444443,0.20918499999999998,0.315445,True,True,True,False,0.0,719.0217391304348,26.243181818181817,19.09090909090909,28.938595022727277,-18.85743925,774.4369858122529
2025-07-07T19:45:00Z,2025-07-07T20:00:00Z,2025-07-07,2025-07-07_22,0.0,23,23,77,51.95451293043452,54.02173913043452,0.005742295,0.0,2.246985,True,True,True,False,0.0,719.0217391304348,26.243181818181817,19.09090909090909,0.0,-0.6563327727272729,763.6994972667984
2025-07-07T20:00:00Z,2025-07-07T20:15:00Z,2025-07-07,2025-07-07_23,0.0,19,19,81,54.02173913043452,54.318447095651905,0.000992274541062802,0.027835,0.355395,True,True,True,False,0.0,756.3735177865614,21.53833992094862,15.770750988142293,3.850356139328063,-14.187565061264822,783.3453997737155
2025-07-07T20:15:00Z,2025-07-07T20:30:00Z,2025-07-07,2025-07-07_23,0.0,19,19,81,54.318447095651905,54.11776579130408,0.0007516702898550724,0.21679,0.038,True,True,True,False,0.0,756.3735177865614,21.53833992094862,15.770750988142293,29.99045439920949,-2.2794367588932807,821.3936263359685
2025-07-07T20:30:00Z,2025-07-07T20:45:00Z,2025-07-07,2025-07-07_23,0.0,19,19,81,54.11776579130408,54.371417443477995,0.0007229454106280194,0.00304,0.2793,True,True,True,False,0.0,756.3735177865614,21.53833992094862,15.770750988142293,0.4204782608695653,-16.860777984189724,777.2423089723321
2025-07-07T20:45:00Z,2025-07-07T21:00:00Z,2025-07-07,2025-07-07_23,0.0,19,19,81,54.371417443477995,55.13826504347799,0.0021301322222222223,0.0,0.8335299999999999,True,True,True,False,0.0,756.3735177865614,21.53833992094862,15.770750988142293,0.0,-44.231285922924904,749.4513227727274
2025-07-07T21:00:00Z,2025-07-07T21:15:00Z,2025-07-08,2025-07-07_24,-9.707310157226255,17,7,83,55.13826504347799,57.141587180111856,0.006290970038399234,0.28033,0.05285,True,True,True,False,-276.0759008715147,915.7123111857044,18.85121927139895,5.572909467864548,38.72998762365486,-2.479061022805805,700.3114656543022
2025-07-07T21:15:00Z,2025-07-07T21:30:00Z,2025-07-08,2025-07-07_24,-9.707310157226255,17,7,83,57.141587180111856,59.343202309173115,0.006200370696349768,0.032725000000000004,0.001505,True,True,True,False,-276.0759008715147,915.7123111857044,18.85121927139895,5.572909467864548,4.516689702833449,-0.1158949550794748,668.4613338012072
2025-07-07T21:30:00Z,2025-07-07T21:45:00Z,2025-07-08,2025-07-07_24,-9.707310157226255,17,7,83,59.343202309173115,61.5407508228497,0.006217699230895974,0.043775,0.008995000000000001,True,True,True,False,-276.0759008715147,915.7123111857044,18.85121927139895,5.572909467864548,6.0418057063876,-0.575742163096061,669.5266025967447
2025-07-07T21:45:00Z,2025-07-07T22:00:00Z,2025-07-08,2025-07-07_24,-9.707310157226255,17,7,83,61.5407508228497,63.893810939130056,0.006550370255064308,0.00544,0.13671000000000003,True,True,True,False,-276.0759008715147,915.7123111857044,18.85121927139895,5.572909467864548,0.7508263402112746,-5.605609384934349,659.2057560087301
2025-07-07T22:00:00Z,2025-07-07T22:15:00Z,2025-07-08,2025-07-08_1,0.0,1,1,99,63.893810939130056,63.89161077391267,3.969157004830918e-05,0.007585,0.00657,True,True,True,False,0.0,1092.235166354033,1.1032678448020534,0.7996840754269918,1.0473755000493632,-0.3077476473491954,1094.8777461269622
2025-07-07T22:15:00Z,2025-07-07T22:30:00Z,2025-07-08,2025-07-08_1,0.0,1,1,99,63.89161077391267,63.887619565217015,1.1316690821256036e-05,0.0037099999999999998,4.4999999999999996e-05,True,True,True,False,0.0,1092.235166354033,1.1032678448020534,0.7996840754269918,0.5120525224602626,-0.0034652976601836313,1094.6467054990621
2025-07-07T22:30:00Z,2025-07-07T22:45:00Z,2025-07-08,2025-07-08_1,0.0,1,1,99,63.887619565217015,63.856994565217015,8.506944444444443e-05,0.028175,0.0,True,True,True,False,0.0,1092.235166354033,1.1032678448020534,0.7996840754269918,4.284580511402902,0.0,1098.422698785665
2025-07-07T22:45:00Z,2025-07-07T23:00:00Z,2025-07-08,2025-07-08_1,0.0,1,1,99,63.856994565217015,63.80434782608658,0.0001462409420289855,0.048435,0.0,True,True,True,False,0.0,1092.235166354033,1.1032678448020534,0.7996840754269918,21.03556580708856,0.0,1115.1736840813505
2025-07-07T23:00:00Z,2025-07-07T23:15:00Z,2025-07-08,2025-07-08_2,-65.6875570130946,100,34,0,63.80434782608658,57.08429524775805,0.027612509162494758,22.3355,0.0,True,True,True,False,-1552.8538477895565,0.0,110.32678448020536,27.32016980945799,28412.01290936914,0.0,26996.806015869246
2025-07-07T23:15:00Z,2025-07-07T23:30:00Z,2025-07-08,2025-07-08_2,-65.6875570130946,100,34,0,57.08429524775805,57.735917464476856,0.03246023157324054,14.7925,0.0,True,True,True,False,-1552.8538477895565,0.0,110.32678448020536,27.32016980945799,16312.553875012343,0.0,14897.34698151245
2025-07-07T23:30:00Z,2025-07-07T23:45:00Z,2025-07-08,2025-07-08_2,-65.6875570130946,100,34,0,57.735917464476856,62.20482216156885,0.0349705330098537,10.8865,0.0,True,True,True,False,-1552.8538477895565,0.0,110.32678448020536,27.32016980945799,10645.965206140783,0.0,9230.75831264089
2025-07-07T23:45:00Z,2025-07-08T00:00:00Z,2025-07-08,2025-07-08_2,-65.6875570130946,100,34,0,62.20482216156885,72.0077585478254,0.03847827116680058,5.4285,0.0,True,True,True,False,-1552.8538477895565,0.0,110.32678448020536,27.32016980945799,1653.4249530062198,0.0,238.21805950632657
2025-07-08T00:00:00Z,2025-07-08T00:15:00Z,2025-07-08,2025-07-08_3,-100.00000000000001,100,0,0,72.0077585478254,83.4051785478254,0.03165950000000001,12.611500000000001,0.0,True,True,True,False,-2254.7500000000005,0.0,110.32678448020536,0.0,14192.328926646263,0.0,12047.905711126468
2025-07-08T00:15:00Z,2025-07-08T00:30:00Z,2025-07-08,2025-07-08_3,-100.00000000000001,100,0,0,83.4051785478254,106.3628585478254,0.06377133333333335,0.046,0.0,True,True,True,False,-2254.7500000000005,0.0,110.32678448020536,0.0,6.348899200315925,0.0,-2138.0743163194793
2025-07-08T00:30:00Z,2025-07-08T00:45:00Z,2025-07-08,2025-07-08_3,-100.00000000000001,100,0,0,106.3628585478254,112.28811854782539,0.016459055555555564,18.5595,0.0,True,True,True,False,-2254.7500000000005,0.0,110.32678448020536,0.0,23940.59331345641,0.0,21796.170097936618
2025-07-08T00:45:00Z,2025-07-08T01:00:00Z,2025-07-08,2025-07-08_3,-100.00000000000001,100,0,0,112.28811854782539,120.68541854782539,0.023325833333333344,15.8725,0.0,True,True,True,False,-2254.7500000000005,0.0,110.32678448020536,0.0,19060.18190048376,0.0,16915.758684963967
2025-07-08T01:00:00Z,2025-07-08T01:15:00Z,2025-07-08,2025-07-08_4,0.0,1,1,99,120.68541854782539,120.63141311304278,0.00015001509661835747,0.049685,0.0,True,True,True,False,0.0,1092.235166354033,1.1017869483660776,0.8023496890117484,7.415391824464409,0.0,1101.5546948158753
2025-07-08T01:15:00Z,2025-07-08T01:30:00Z,2025-07-08,2025-07-08_4,0.0,1,1,99,120.63141311304278,120.62821966086887,1.0966256038647342e-05,0.003285,0.00041,True,True,True,False,0.0,1092.235166354033,1.1017869483660776,0.8023496890117484,0.45339421463125684,-0.030506444861289367,1094.5621907611808
2025-07-08T01:30:00Z,2025-07-08T01:45:00Z,2025-07-08,2025-07-08_4,0.0,1,1,99,120.62821966086887,120.6190826173906,2.6914009661835744e-05,0.00866,0.0003,True,True,True,False,0.0,1092.235166354033,1.1017869483660776,0.8023496890117484,1.196622367459769,-0.02282553065455623,1095.313099828216
2025-07-08T01:45:00Z,2025-07-08T02:00:00Z,2025-07-08,2025-07-08_4,0.0,1,1,99,120.6190826173906,120.5577076173906,0.00017048611111111108,0.056464999999999994,0.0,True,True,True,False,0.0,1092.235166354033,1.1017869483660776,0.8023496890117484,8.604933754566096,0.0,1102.7442367459769
2025-07-08T02:00:00Z,2025-07-08T02:15:00Z,2025-07-08,2025-07-08_5,0.0,100,100,0,120.5577076173906,110.95172935652104,0.0266832729468599,8.8375,0.0,True,True,True,False,0.0,0.0,110.17869483660778,80.23496890117485,5193.5131824464415,0.0,5383.926846184224
2025-07-08T02:15:00Z,2025-07-08T02:30:00Z,2025-07-08,2025-07-08_5,0.0,100,100,0,110.95172935652104,97.68433805217322,0.03685386473429952,12.206,0.0,True,True,True,False,0.0,0.0,110.17869483660778,80.23496890117485,9816.484800078983,0.0,10006.898463816766
2025-07-08T02:30:00Z,2025-07-08T02:45:00Z,2025-07-08,2025-07-08_5,0.0,100,100,0,97.68433805217322,93.26912066086886,0.01226449275362319,4.062,0.0,True,True,True,False,0.0,0.0,110.17869483660778,80.23496890117485,1044.2263485042947,0.0,1234.6400122420773
2025-07-08T02:45:00Z,2025-07-08T03:00:00Z,2025-07-08,2025-07-08_5,0.0,100,100,0,93.26912066086886,93.19137109565148,0.0003999710144927535,0.10199999999999998,0.036,True,True,True,False,0.0,0.0,110.17869483660778,80.23496890117485,14.077993878961395,-2.772238128146905,201.7194194885971
2025-07-08T03:00:00Z,2025-07-08T03:15:00Z,2025-07-08,2025-07-08_6,0.0,1,1,99,93.19137109565148,93.19022959130365,7.336400966183574e-06,0.0017399999999999998,0.0008150000000000001,True,True,True,False,0.0,1092.235166354033,1.1050449205252246,0.8056076611708954,0.24015401322934146,-0.060904292625135754,1094.3250686563333
2025-07-08T03:15:00Z,2025-07-08T03:30:00Z,2025-07-08,2025-07-08_6,0.0,1,1,99,93.19022959130365,93.18782753912974,8.997922705314009e-06,0.002595,0.000455,True,True,True,False,0.0,1092.235166354033,1.1050449205252246,0.8056076611708954,0.35816072662651793,-0.03503800967519005,1094.4689416526805
2025-07-08T03:30:00Z,2025-07-08T03:45:00Z,2025-07-08,2025-07-08_6,0.0,1,1,99,93.18782753912974,93.16720850434713,5.942176328502416e-05,0.019325000000000002,0.00042,True,True,True,False,0.0,1092.235166354033,1.1050449205252246,0.8056076611708954,2.669696569256591,-0.025558258465791295,1096.7899572465199
2025-07-08T03:45:00Z,2025-07-08T04:00:00Z,2025-07-08,2025-07-08_6,0.0,1,1,99,93.16720850434713,93.17360958260801,5.712256038647343e-05,0.006515,0.014655,True,True,True,False,0.0,1092.235166354033,1.1050449205252246,0.8056076611708954,0.906900349491559,-0.6549449570540034,1094.3977743281666
2025-07-08T04:00:00Z,2025-07-08T04:15:00Z,2025-07-08,2025-07-08_7,0.0,1,1,99,93.17360958260801,93.18845068695583,0.00017377359903381642,0.021949999999999997,0.042065,True,True,True,False,0.0,1092.235166354033,1.2300325797215916,0.7955375654062593,3.916643666699575,-0.8058256955276929,1097.3715544703327
2025-07-08T04:15:00Z,2025-07-08T04:30:00Z,2025-07-08,2025-07-08_7,0.0,1,1,99,93.18845068695583,93.14453764347758,0.0001219806763285024,0.0404,0.0,True,True,True,False,0.0,1092.235166354033,1.2300325797215916,0.7955375654062593,6.509565169315826,0.0,1100.7703016684768
2025-07-08T04:30:00Z,2025-07-08T04:45:00Z,2025-07-08,2025-07-08_7,0.0,1,1,99,93.14453764347758,93.11715177391235,7.607185990338162e-05,0.025195,0.0,True,True,True,False,0.0,1092.235166354033,1.2300325797215916,0.7955375654062593,3.4877153193799977,0.0,1097.7484518185408
2025-07-08T04:45:00Z,2025-07-08T05:00:00Z,2025-07-08,2025-07-08_7,0.0,1,1,99,93.11715177391235,93.11433472173843,1.2706256038647344e-05,0.0034000000000000002,0.000955,True,True,True,False,0.0,1092.235166354033,1.2300325797215916,0.7955375654062593,0.46933829598183435,-0.07538758120248791,1094.6546872139402
2025-07-08T05:00:00Z,2025-07-08T05:15:00Z,2025-07-08,2025-07-08_8,0.0,1,1,99,93.11433472173843,93.05220972173844,0.00017256944444444443,0.057155,0.0,True,True,True,False,0.0,1092.235166354033,1.2353638068911048,0.7922795932471122,20.08813451278507,0.0,1114.3509442669563
2025-07-08T05:15:00Z,2025-07-08T05:30:00Z,2025-07-08,2025-07-08_8,0.0,1,1,99,93.05220972173844,92.98661189565148,0.00018221618357487922,0.06035,0.0,True,True,True,False,0.0,1092.235166354033,1.2353638068911048,0.7922795932471122,9.726866117089546,0.0,1103.9896758712607
2025-07-08T05:30:00Z,2025-07-08T05:45:00Z,2025-07-08,2025-07-08_8,0.0,1,1,99,92.98661189565148,92.95010646086887,0.00010140398550724636,0.033585,0.0,True,True,True,False,0.0,1092.235166354033,1.2353638068911048,0.7922795932471122,5.019745601737585,0.0,1099.282555355909
2025-07-08T05:45:00Z,2025-07-08T06:00:00Z,2025-07-08,2025-07-08_8,0.0,1,1,99,92.95010646086887,92.94850093912973,9.18756038647343e-06,0.00226,0.000925,True,True,True,False,0.0,1092.235166354033,1.2353638068911048,0.7922795932471122,0.311924178102478,-0.07197155691578636,1094.5027623753579
2025-07-08T06:00:00Z,2025-07-08T06:15:00Z,2025-07-08,2025-07-08_9,0.0,100,100,0,92.94850093912973,76.47567485217321,0.04575785024154589,15.155,0.0,True,True,True,False,0.0,0.0,110.50449205252247,79.90917168526015,18639.025127850728,0.0,18829.43879158851
2025-07-08T06:15:00Z,2025-07-08T06:30:00Z,2025-07-08,2025-07-08_9,0.0,100,100,0,76.47567485217321,70.2957835478254,0.017166364734299517,5.6855,0.0,True,True,True,False,0.0,0.0,110.50449205252247,79.90917168526015,3434.516867509132,0.0,3624.930531246915
2025-07-08T06:30:00Z,2025-07-08T06:45:00Z,2025-07-08,2025-07-08_9,0.0,100,100,0,70.2957835478254,69.5892087652167,0.0033452632850241547,0.8789999999999999,0.2705,True,True,True,False,0.0,0.0,110.50449205252247,79.90917168526015,121.49222292427682,-18.908080856945407,292.997805805114
2025-07-08T06:45:00Z,2025-07-08T07:00:00Z,2025-07-08,2025-07-08_9,0.0,100,100,0,69.5892087652167,77.6714087652167,0.022450555555555557,0.0,8.785,True,True,True,False,0.0,0.0,110.50449205252247,79.90917168526015,0.0,4152.52006219765,4342.933725935432
2025-07-08T07:00:00Z,2025-07-08T07:15:00Z,2025-07-08,2025-07-08_10,0.0,29,29,71,77.6714087652167,77.40860773912974,0.0038441517391304345,0.75748,0.60929,True,True,True,False,0.0,783.320169809458,31.99476749925955,22.976108204166252,200.4780115786356,-14.742784827722382,1024.026272263797
2025-07-08T07:15:00Z,2025-07-08T07:30:00Z,2025-07-08,2025-07-08_10,0.0,29,29,71,77.40860773912974,76.01561972173842,0.003986506714975845,1.30094,0.02291,True,True,True,False,0.0,783.320169809458,31.99476749925955,22.976108204166252,499.6174723506763,-1.7854102951920232,1336.1231075683681
2025-07-08T07:30:00Z,2025-07-08T07:45:00Z,2025-07-08,2025-07-08_10,0.0,29,29,71,76.01561972173842,76.4045558695645,0.0011259095893719807,0.007539999999999999,0.43166499999999997,True,True,True,False,0.0,783.320169809458,31.99476749925955,22.976108204166252,1.0406673906604798,-18.17058637377826,821.161126529766
2025-07-08T07:45:00Z,2025-07-08T08:00:00Z,2025-07-08,2025-07-08_10,0.0,29,29,71,76.4045558695645,78.3927494695645,0.005522760000000001,0.0,2.16108,True,True,True,False,0.0,783.320169809458,31.99476749925955,22.976108204166252,0.0,-62.42702771053411,775.8640178023496
2025-07-08T08:00:00Z,2025-07-08T08:15:00Z,2025-07-08,2025-07-08_11,0.0,29,29,71,78.3927494695645,78.59190482608624,0.000577726231884058,0.00406,0.22127000000000002,True,True,True,False,0.0,783.320169809458,31.99476749925955,23.087767795438836,0.5603593642017969,-11.569216309606084,827.3938481587521
2025-07-08T08:15:00Z,2025-07-08T08:30:00Z,2025-07-08,2025-07-08_11,0.0,29,29,71,78.59190482608624,78.5792583043471,0.00023893478260869568,0.045385,0.039875,True,True,True,False,0.0,783.320169809458,31.99476749925955,23.087767795438836,6.264017178398658,-3.0846141030703915,841.5821081794846
2025-07-08T08:30:00Z,2025-07-08T08:45:00Z,2025-07-08,2025-07-08_11,0.0,29,29,71,78.5792583043471,78.85963660869493,0.0009294324879227054,0.02494,0.334225,True,True,True,False,0.0,783.320169809458,31.99476749925955,23.087767795438836,3.442207522953895,-13.459675318392733,828.3852373087175
2025-07-08T08:45:00Z,2025-07-08T09:00:00Z,2025-07-08,2025-07-08_11,0.0,29,29,71,78.85963660869493,79.64923120869493,0.0021933183333333332,0.0,0.8582549999999999,True,True,True,False,0.0,783.320169809458,31.99476749925955,23.087767795438836,0.0,-32.44337777273176,805.9593273314246
2025-07-08T09:00:00Z,2025-07-08T09:15:00Z,2025-07-08,2025-07-08_12,0.0,29,29,71,79.64923120869493,82.06096980869494,0.006699273888888889,0.0,2.621455,True,True,True,False,0.0,783.320169809458,32.06348109388883,22.976108204166252,0.0,-47.895320881627015,790.464438225886
2025-07-08T09:15:00Z,2025-07-08T09:30:00Z,2025-07-08,2025-07-08_12,0.0,29,29,71,82.06096980869494,82.64886360869494,0.0016330383333333334,0.0,0.639015,True,True,True,False,0.0,783.320169809458,32.06348109388883,22.976108204166252,0.0,-9.855808012636983,828.5039510948761
2025-07-08T09:30:00Z,2025-07-08T09:45:00Z,2025-07-08,2025-07-08_12,0.0,29,29,71,82.64886360869494,84.15761760869493,0.004190983333333334,0.0,1.63995,True,True,True,False,0.0,783.320169809458,32.06348109388883,22.976108204166252,0.0,-49.58286581103762,788.7768932964755
2025-07-08T09:45:00Z,2025-07-08T10:00:00Z,2025-07-08,2025-07-08_12,0.0,29,29,71,84.15761760869493,84.1854782869558,0.00039173256038647344,0.052055,0.09178499999999999,True,True,True,False,0.0,783.320169809458,32.06348109388883,22.976108204166252,7.184607562444466,-4.368473048672129,841.1758936212854
2025-07-08T10:00:00Z,2025-07-08T10:15:00Z,2025-07-08,2025-07-08_13,-29.0,29,0,71,84.1854782869558,90.85547828695579,0.01852777777777778,0.0,0.0,True,True,True,False,-514.3149999999999,783.320169809458,31.968999901273566,0.0,0.0,0.0,300.9741697107316
2025-07-08T10:15:00Z,2025-07-08T10:30:00Z,2025-07-08,2025-07-08_13,-29.0,29,0,71,90.85547828695579,97.47998888695578,0.018401418333333332,0.049445,0.0,True,True,True,False,-514.3149999999999,783.320169809458,31.968999901273566,0.0,6.4338542797907,0.0,307.4080239905223
2025-07-08T10:30:00Z,2025-07-08T10:45:00Z,2025-07-08,2025-07-08_13,-29.0,29,0,71,97.47998888695578,104.11303708695579,0.01842513388888889,0.040165000000000006,0.0,True,True,True,False,-514.3149999999999,783.320169809458,31.968999901273566,0.0,5.226327376838781,0.0,306.2004970875704
2025-07-08T10:45:00Z,2025-07-08T11:00:00Z,2025-07-08,2025-07-08_13,-29.0,29,0,71,104.11303708695579,110.75288868695579,0.018444032222222222,0.03277,0.0,True,True,True,False,-514.3149999999999,783.320169809458,31.968999901273566,0.0,4.264079376048969,0.0,305.23824908678057
2025-07-08T11:00:00Z,2025-07-08T11:15:00Z,2025-07-08,2025-07-08_14,-29.0,29,0,71,110.75288868695579,117.37086268695579,0.01838326111111111,0.05655,0.0,True,True,True,False,-580.58,783.320169809458,31.968999901273566,0.0,7.805005429953599,0.0,242.5141751406851
2025-07-08T11:15:00Z,2025-07-08T11:30:00Z,2025-07-08,2025-07-08_14,-29.0,29,0,71,117.37086268695579,123.98043248695578,0.018359916111111114,0.06568500000000001,0.0,True,True,True,False,-580.58,783.320169809458,31.968999901273566,0.0,9.037176921709944,0.0,243.74634663244146
2025-07-08T11:30:00Z,2025-07-08T11:45:00Z,2025-07-08,2025-07-08_14,-29.0,29,0,71,123.98043248695578,130.63815968695576,0.01849368666666667,0.013340000000000001,0.0,True,True,True,False,-580.58,783.320169809458,31.968999901273566,0.0,1.8136947576266171,0.0,236.5228644683581
2025-07-08T11:45:00Z,2025-07-08T12:00:00Z,2025-07-08,2025-07-08_14,-29.0,29,0,71,130.63815968695576,137.26173648695575,0.018398824444444448,0.05045999999999999,0.0,True,True,True,False,-580.58,783.320169809458,31.968999901273566,0.0,6.9495809576463605,0.0,241.65875066837788
2025-07-08T12:00:00Z,2025-07-08T12:15:00Z,2025-07-08,2025-07-08_15,0.0,29,29,71,137.26173648695575,137.24491068695576,0.00031576166666666666,0.06002999999999999,0.052635,True,True,True,False,0.0,783.320169809458,32.06348109388883,22.976108204166252,8.119370125382563,-2.3478566916773618,844.1312725412182
2025-07-08T12:15:00Z,2025-07-08T12:30:00Z,2025-07-08,2025-07-08_15,0.0,29,29,71,137.24491068695576,136.2078232782601,0.0029200772463768114,0.9606250000000001,0.007685,True,True,True,False,0.0,783.320169809458,32.06348109388883,22.976108204166252,132.32460003455427,-0.5860690709843025,970.098290071083
2025-07-08T12:30:00Z,2025-07-08T12:45:00Z,2025-07-08,2025-07-08_15,0.0,29,29,71,136.2078232782601,135.71178685217313,0.0015046089613526567,0.47734,0.024795,True,True,True,False,0.0,783.320169809458,32.06348109388883,22.976108204166252,65.67065489189456,-1.5028232609339522,902.5275907384737
2025-07-08T12:45:00Z,2025-07-08T13:00:00Z,2025-07-08,2025-07-08_15,0.0,29,29,71,135.71178685217313,138.82427565217313,0.008645802222222223,0.0,3.38314,True,True,True,False,0.0,783.320169809458,32.06348109388883,22.976108204166252,0.0,65.12703152532333,903.4867906328363
2025-07-08T13:00:00Z,2025-07-08T13:15:00Z,2025-07-08,2025-07-08_16,0.0,100,100,0,138.82427565217313,154.25957565217314,0.042875833333333335,0.0,16.7775,True,True,True,False,0.0,0.0,110.2379306940468,79.22795932471122,0.0,6071.553472702142,6261.0193627209
2025-07-08T13:15:00Z,2025-07-08T13:30:00Z,2025-07-08,2025-07-08_16,0.0,100,100,0,154.25957565217314,163.09111565217313,0.024532055555555557,0.0,9.5995,True,True,True,False,0.0,0.0,110.2379306940468,79.22795932471122,0.0,3340.5009003850337,3529.9667904037915
2025-07-08T13:30:00Z,2025-07-08T13:45:00Z,2025-07-08,2025-07-08_16,0.0,100,100,0,163.09111565217313,165.56466695652097,0.0069826908212560395,0.0185,2.7105,True,True,True,False,0.0,0.0,110.2379306940468,79.22795932471122,2.53815835719222,-104.4563386316517,87.54770974429853
2025-07-08T13:45:00Z,2025-07-08T14:00:00Z,2025-07-08,2025-07-08_16,0.0,100,100,0,165.56466695652097,161.20977565217314,0.012096920289855071,4.0065,0.0,True,True,True,False,0.0,0.0,110.2379306940468,79.22795932471122,553.684930496594,0.0,743.150820515352
2025-07-08T14:00:00Z,2025-07-08T14:15:00Z,2025-07-08,2025-07-08_17,0.0,100,100,0,161.20977565217314,156.4086886956514,0.01333635265700483,4.417,0.0,True,True,True,False,0.0,0.0,109.97136933557114,79.22795932471122,1078.161398756047,0.0,1267.3607274163294
2025-07-08T14:15:00Z,2025-07-08T14:30:00Z,2025-07-08,2025-07-08_17,0.0,100,100,0,156.4086886956514,153.347819130434,0.008502415458937197,2.816,0.0,True,True,True,False,0.0,0.0,109.97136933557114,79.22795932471122,389.06171823477143,0.0,578.2610468950538
2025-07-08T14:30:00Z,2025-07-08T14:45:00Z,2025-07-08,2025-07-08_17,0.0,100,100,0,153.347819130434,151.31521739130358,0.005779004830917874,1.892,0.026,True,True,True,False,0.0,0.0,109.97136933557114,79.22795932471122,268.39838404580905,-1.6633428768881429,455.93436982920326
2025-07-08T14:45:00Z,2025-07-08T15:00:00Z,2025-07-08,2025-07-08_17,0.0,100,100,0,151.31521739130358,143.99999999999923,0.020320048309178742,6.7299999999999995,0.0,True,True,True,False,0.0,0.0,109.97136933557114,79.22795932471122,6386.494262019942,0.0,6575.693590680224
2025-07-08T15:00:00Z,2025-07-08T15:15:00Z,2025-07-08,2025-07-08_18,0.0,0,0,100,143.99999999999923,143.99999999999923,0.0,0.0,0.0,True,True,True,False,0.0,1103.2678448020536,0.0,0.0,0.0,0.0,1103.2678448020536
2025-07-08T15:15:00Z,2025-07-08T15:30:00Z,2025-07-08,2025-07-08_18,0.0,0,0,100,143.99999999999923,143.99999999999923,0.0,0.0,0.0,True,True,True,False,0.0,1103.2678448020536,0.0,0.0,0.0,0.0,1103.2678448020536
2025-07-08T15:30:00Z,2025-07-08T15:45:00Z,2025-07-08,2025-07-08_18,0.0,0,0,100,143.99999999999923,143.99999999999923,0.0,0.0,0.0,True,True,True,False,0.0,1103.2678448020536,0.0,0.0,0.0,0.0,1103.2678448020536
2025-07-08T15:45:00Z,2025-07-08T16:00:00Z,2025-07-08,2025-07-08_18,0.0,0,0,100,143.99999999999923,143.99999999999923,0.0,0.0,0.0,True,True,True,False,0.0,1103.2678448020536,0.0,0.0,0.0,0.0,1103.2678448020536
2025-07-08T16:00:00Z,2025-07-08T16:15:00Z,2025-07-08,2025-07-08_19,73.0,0,0,27,143.99999999999923,124.16304347826011,0.05510265700483091,0.0,0.0,True,False,True,False,2992.6349999999998,297.8823180965544,0.0,0.0,0.0,0.0,3290.517318096554
2025-07-08T16:15:00Z,2025-07-08T16:30:00Z,2025-07-08,2025-07-08_19,73.0,0,0,27,124.16304347826011,104.32608695652098,0.05510265700483091,0.0,0.0,True,False,True,False,2992.6349999999998,297.8823180965544,0.0,0.0,0.0,0.0,3290.517318096554
2025-07-08T16:30:00Z,2025-07-08T16:45:00Z,2025-07-08,2025-07-08_19,73.0,0,0,27,104.32608695652098,84.48913043478186,0.05510265700483091,0.0,0.0,True,False,True,False,2992.6349999999998,297.8823180965544,0.0,0.0,0.0,0.0,3290.517318096554
2025-07-08T16:45:00Z,2025-07-08T17:00:00Z,2025-07-08,2025-07-08_19,73.0,0,0,27,84.48913043478186,64.65217391304273,0.05510265700483091,0.0,0.0,True,False,True,False,2992.6349999999998,297.8823180965544,0.0,0.0,0.0,0.0,3290.517318096554
2025-07-08T17:00:00Z,2025-07-08T17:15:00Z,2025-07-08,2025-07-08_20,0.0,0,0,100,64.65217391304273,64.65217391304273,0.0,0.0,0.0,True,False,True,False,0.0,1103.2678448020536,0.0,0.0,0.0,0.0,1103.2678448020536
2025-07-08T17:15:00Z,2025-07-08T17:30:00Z,2025-07-08,2025-07-08_20,0.0,0,0,100,64.65217391304273,64.65217391304273,0.0,0.0,0.0,True,False,True,False,0.0,1103.2678448020536,0.0,0.0,0.0,0.0,1103.2678448020536
2025-07-08T17:30:00Z,2025-07-08T17:45:00Z,2025-07-08,2025-07-08_20,0.0,0,0,100,64.65217391304273,64.65217391304273,0.0,0.0,0.0,True,False,True,False,0.0,1103.2678448020536,0.0,0.0,0.0,0.0,1103.2678448020536
2025-07-08T17:45:00Z,2025-07-08T18:00:00Z,2025-07-08,2025-07-08_20,0.0,0,0,100,64.65217391304273,64.65217391304273,0.0,0.0,0.0,True,False,True,False,0.0,1103.2678448020536,0.0,0.0,0.0,0.0,1103.2678448020536
2025-07-08T18:00:00Z,2025-07-08T18:15:00Z,2025-07-08,2025-07-08_21,0.0,0,0,100,64.65217391304273,64.65217391304273,0.0,0.0,0.0,True,True,True,False,0.0,1103.2678448020536,0.0,0.0,0.0,0.0,1103.2678448020536
2025-07-08T18:15:00Z,2025-07-08T18:30:00Z,2025-07-08,2025-07-08_21,0.0,0,0,100,64.65217391304273,64.65217391304273,0.0,0.0,0.0,True,True,True,False,0.0,1103.2678448020536,0.0,0.0,0.0,0.0,1103.2678448020536
2025-07-08T18:30:00Z,2025-07-08T18:45:00Z,2025-07-08,2025-07-08_21,0.0,0,0,100,64.65217391304273,64.65217391304273,0.0,0.0,0.0,True,True,True,False,0.0,1103.2678448020536,0.0,0.0,0.0,0.0,1103.2678448020536
2025-07-08T18:45:00Z,2025-07-08T19:00:00Z,2025-07-08,2025-07-08_21,0.0,0,0,100,64.65217391304273,64.65217391304273,0.0,0.0,0.0,True,True,True,False,0.0,1103.2678448020536,0.0,0.0,0.0,0.0,1103.2678448020536
2025-07-08T19:00:00Z,2025-07-08T19:15:00Z,2025-07-08,2025-07-08_22,0.0,100,100,0,64.65217391304273,54.32663043478186,0.028682065217391303,9.4995,0.0,True,True,True,False,0.0,0.0,110.88952512587619,79.64261032678448,6885.234598874519,0.0,7075.76673432718
2025-07-08T19:15:00Z,2025-07-08T19:30:00Z,2025-07-08,2025-07-08_22,0.0,100,100,0,54.32663043478186,52.54859478260795,0.006845432367149758,1.9515,0.373,True,True,True,False,0.0,0.0,110.88952512587619,79.64261032678448,269.7297061901471,-22.75009082831474,437.51175081449304
2025-07-08T19:30:00Z,2025-07-08T19:45:00Z,2025-07-08,2025-07-08_22,0.0,100,100,0,52.54859478260795,57.23691478260795,0.013023111111111112,0.0,5.096,True,True,True,False,0.0,0.0,110.88952512587619,79.64261032678448,0.0,-216.41070352453352,-25.87856807187285
2025-07-08T19:45:00Z,2025-07-08T20:00:00Z,2025-07-08,2025-07-08_22,0.0,100,100,0,57.23691478260795,73.28539478260795,0.04457911111111112,0.0,17.444,True,True,True,False,0.0,0.0,110.88952512587619,79.64261032678448,0.0,-41.20152591568763,149.33060953697304
2025-07-08T20:00:00Z,2025-07-08T20:15:00Z,2025-07-08,2025-07-08_23,0.0,0,0,100,73.28539478260795,73.28539478260795,0.0,0.0,0.0,True,True,True,False,0.0,1103.2678448020536,0.0,0.0,0.0,0.0,1103.2678448020536
2025-07-08T20:15:00Z,2025-07-08T20:30:00Z,2025-07-08,2025-07-08_23,0.0,0,0,100,73.28539478260795,73.28539478260795,0.0,0.0,0.0,True,True,True,False,0.0,1103.2678448020536,0.0,0.0,0.0,0.0,1103.2678448020536
2025-07-08T20:30:00Z,2025-07-08T20:45:00Z,2025-07-08,2025-07-08_23,0.0,0,0,100,73.28539478260795,73.28539478260795,0.0,0.0,0.0,True,True,True,False,0.0,1103.2678448020536,0.0,0.0,0.0,0.0,1103.2678448020536
2025-07-08T20:45:00Z,2025-07-08T21:00:00Z,2025-07-08,2025-07-08_23,0.0,0,0,100,73.28539478260795,73.28539478260795,0.0,0.0,0.0,True,True,True,False,0.0,1103.2678448020536,0.0,0.0,0.0,0.0,1103.2678448020536
2025-07-08T21:00:00Z,2025-07-08T21:15:00Z,2025-07-09,2025-07-08_24,0.0,100,100,0,73.28539478260795,76.91847478260796,0.01009188888888889,0.0,3.949,True,True,True,False,0.0,0.0,107.14919983424434,76.04041281054522,0.0,526.707625352724,709.8972379975136
2025-07-08T21:15:00Z,2025-07-08T21:30:00Z,2025-07-09,2025-07-08_24,0.0,100,100,0,76.91847478260796,76.89542086956449,0.008489705314009662,1.4165,1.6484999999999999,True,True,True,False,0.0,0.0,107.14919983424434,76.04041281054522,195.5768987903783,-70.04197624168755,308.7245351934803
2025-07-08T21:30:00Z,2025-07-08T21:45:00Z,2025-07-09,2025-07-08_24,0.0,100,100,0,76.89542086956449,62.8416165217384,0.03903834541062803,12.929500000000003,0.0,True,True,True,False,0.0,0.0,107.14919983424434,76.04041281054522,14126.13891301774,0.0,14309.32852566253
2025-07-08T21:45:00Z,2025-07-08T22:00:00Z,2025-07-09,2025-07-08_24,0.0,100,100,0,62.8416165217384,58.224225217390575,0.01282608695652174,4.248,0.0,True,True,True,False,0.0,0.0,107.14919983424434,76.04041281054522,939.7102085758826,0.0,1122.899821220672
2025-07-08T22:00:00Z,2025-07-08T22:15:00Z,2025-07-09,2025-07-09_1,-32.54210141033217,100,67,0,58.224225217390575,55.27474558029336,0.032968132427103065,10.1045,0.0,True,True,True,False,-843.6539790628616,0.0,106.35002071945851,51.38336918128539,10483.034425281685,0.0,9797.113836119568
2025-07-08T22:15:00Z,2025-07-08T22:30:00Z,2025-07-09,2025-07-09_1,-32.54210141033217,100,67,0,55.27474558029336,59.59236692210362,0.024486953906870966,3.067,0.0,True,True,True,False,-843.6539790628616,0.0,106.35002071945851,51.38336918128539,423.52947826430136,0.0,-262.39111089781636
2025-07-08T22:30:00Z,2025-07-08T22:45:00Z,2025-07-09,2025-07-09_1,-32.54210141033217,100,67,0,59.59236692210362,57.96877824868914,0.03142073161431756,8.8205,0.0,True,True,True,False,-843.6539790628616,0.0,106.35002071945851,51.38336918128539,7903.971778222861,0.0,7218.051189060743
2025-07-08T22:45:00Z,2025-07-08T23:00:00Z,2025-07-09,2025-07-09_1,-32.54210141033217,100,67,0,57.96877824868914,63.80434782608696,0.022802947429207555,1.6185,0.02412,True,True,True,False,-843.6539790628616,0.0,106.35002071945851,51.38336918128539,237.05817579967243,-1.7878080786155455,-450.6502214410608
2025-07-08T23:00:00Z,2025-07-08T23:15:00Z,2025-07-09,2025-07-09_2,0.0,1,1,99,63.80434782608696,63.82230622608696,4.988444444444444e-05,0.0,0.01952,True,True,True,False,0.0,1091.5454742782722,1.0685320756950885,0.7669159579296327,0.0,-0.8505222645381533,1092.5304000473589
2025-07-08T23:15:00Z,2025-07-08T23:30:00Z,2025-07-09,2025-07-09_2,0.0,1,1,99,63.82230622608696,63.85070662608696,7.889000000000001e-05,0.0,0.03087,True,True,True,False,0.0,1091.5454742782722,1.0685320756950885,0.7669159579296327,0.0,-1.2794873966493676,1092.1014349152476
2025-07-08T23:30:00Z,2025-07-08T23:45:00Z,2025-07-09,2025-07-09_2,0.0,1,1,99,63.85070662608696,63.90347322608696,0.0001465738888888889,0.0,0.057355,True,True,True,False,0.0,1091.5454742782722,1.0685320756950885,0.7669159579296327,0.0,-2.2599524656155654,1091.1209698462812
2025-07-08T23:45:00Z,2025-07-09T00:00:00Z,2025-07-09,2025-07-09_2,0.0,1,1,99,63.90347322608696,63.92470808695653,5.910649758454106e-05,2e-05,0.023105,True,True,True,False,0.0,1091.5454742782722,1.0685320756950885,0.7669159579296327,0.002758647907334688,-0.9081149041971703,1092.475566055607
2025-07-09T00:00:00Z,2025-07-09T00:15:00Z,2025-07-09,2025-07-09_3,-94.68219042008755,100,5,0,63.92470808695653,80.65508437389013,0.04821793288928805,5.433,7.500000000000001e-05,True,True,True,False,-2130.34928445197,0.0,106.35002071945851,3.818300215087712,1118.9147554117253,-0.005771849162341892,-901.271979954861
2025-07-09T00:15:00Z,2025-07-09T00:30:00Z,2025-07-09,2025-07-09_3,-94.68219042008755,100,5,0,80.65508437389013,92.36155267266994,0.03599943081548862,10.8415,0.0,True,True,True,False,-2130.34928445197,0.0,106.35002071945851,3.818300215087712,7497.565684728772,0.0,5477.384721211348
2025-07-09T00:30:00Z,2025-07-09T00:45:00Z,2025-07-09,2025-07-09_3,-94.68219042008755,100,5,0,92.36155267266994,102.50239637784094,0.03219172772013459,12.527,0.0,True,True,True,False,-2130.34928445197,0.0,106.35002071945851,3.818300215087712,11653.405082779169,0.0,9633.224119261746
2025-07-09T00:45:00Z,2025-07-09T01:00:00Z,2025-07-09,2025-07-09_3,-94.68219042008755,100,5,0,102.50239637784094,110.46687792173904,0.02689867025800792,14.87,0.0,True,True,True,False,-2130.34928445197,0.0,106.35002071945851,3.818300215087712,17009.511222053392,0.0,14989.330258535969
2025-07-09T01:00:00Z,2025-07-09T01:15:00Z,2025-07-09,2025-07-09_4,-3.603983521711548e-14,100,100,0,110.46687792173904,95.8282909652173,0.040662741545893714,13.4675,0.0,True,True,True,False,-7.992734455275786e-13,0.0,106.35002071945851,76.36600430175424,13290.668804388577,0.0,13473.38482940979
2025-07-09T01:15:00Z,2025-07-09T01:30:00Z,2025-07-09,2025-07-09_4,-3.603983521711548e-14,100,100,0,95.8282909652173,92.9358996608695,0.00803442028985509,2.661,0.0,True,True,True,False,-7.992734455275786e-13,0.0,106.35002071945851,76.36600430175424,367.40356690411824,0.0,550.1195919253302
2025-07-09T01:30:00Z,2025-07-09T01:45:00Z,2025-07-09,2025-07-09_4,-3.603983521711548e-14,100,100,0,92.9358996608695,82.61905183478254,0.028657910628019326,9.4915,0.0,True,True,True,False,-7.992734455275786e-13,0.0,106.35002071945851,76.36600430175424,5307.210704560254,0.0,5489.926729581466
2025-07-09T01:45:00Z,2025-07-09T02:00:00Z,2025-07-09,2025-07-09_4,-3.603983521711548e-14,100,100,0,82.61905183478254,77.05600835652167,0.015452898550724651,5.118,0.0,True,True,True,False,-7.992734455275786e-13,0.0,106.35002071945851,76.36600430175424,1554.3189364011287,0.0,1737.0349614223405
2025-07-09T02:00:00Z,2025-07-09T02:15:00Z,2025-07-09,2025-07-09_5,0.0,1,1,99,77.05600835652167,77.05249878260864,1.0541038647342995e-05,0.00336,0.000155,True,True,True,False,0.0,1091.5454742782722,1.0635002071945852,0.7636600430175424,0.4634528484322276,-0.010951728594826054,1093.8251356483217
2025-07-09T02:15:00Z,2025-07-09T02:30:00Z,2025-07-09,2025-07-09_5,0.0,1,1,99,77.05249878260864,77.05052021739124,7.668236714975846e-06,0.00218,0.00042500000000000003,True,True,True,False,0.0,1091.5454742782722,1.0635002071945852,0.7636600430175424,0.300692621899481,-0.025857849714860784,1093.647469300669
2025-07-09T02:30:00Z,2025-07-09T02:45:00Z,2025-07-09,2025-07-09_5,0.0,1,1,99,77.05052021739124,76.99057456521733,0.00016651570048309178,0.05515,0.0,True,True,True,False,0.0,1091.5454742782722,1.0635002071945852,0.7636600430175424,36.28040089192336,0.0,1129.6530354204076
2025-07-09T02:45:00Z,2025-07-09T03:00:00Z,2025-07-09,2025-07-09_5,0.0,1,1,99,76.99057456521733,76.91003108695647,0.000223731884057971,0.0741,0.0,True,True,True,False,0.0,1091.5454742782722,1.0635002071945852,0.7636600430175424,10.945633166919903,0.0,1104.3182676954043
2025-07-09T03:00:00Z,2025-07-09T03:15:00Z,2025-07-09,2025-07-09_6,0.0,100,100,0,76.91003108695647,76.70280934782603,0.0007800603864734299,0.2245,0.04,True,True,True,False,0.0,0.0,106.35002071945851,76.04041281054522,30.965822759831873,-2.9526215048246733,210.40363478501092
2025-07-09T03:15:00Z,2025-07-09T03:30:00Z,2025-07-09,2025-07-09_6,0.0,100,100,0,76.70280934782603,67.87998326086951,0.024507850241545896,8.117,0.0,True,True,True,False,0.0,0.0,106.35002071945851,76.04041281054522,6495.65179410778,0.0,6678.042227637784
2025-07-09T03:30:00Z,2025-07-09T03:45:00Z,2025-07-09,2025-07-09_6,0.0,100,100,0,67.87998326086951,67.49202847826082,0.0011747632850241546,0.373,0.019,True,True,True,False,0.0,0.0,106.35002071945851,76.04041281054522,51.44878347179193,-1.4138553979122677,232.4253616038834
2025-07-09T03:45:00Z,2025-07-09T04:00:00Z,2025-07-09,2025-07-09_6,0.0,100,100,0,67.49202847826082,67.00601630434777,0.0018202560386473428,0.525,0.092,True,True,True,False,0.0,0.0,106.35002071945851,76.04041281054522,72.45936519525623,-5.910169899559958,248.9396288257
2025-07-09T04:00:00Z,2025-07-09T04:15:00Z,2025-07-09,2025-07-09_7,0.9999999999999958,0,1,99,67.00601630434777,66.75045652173908,0.0007098882850241515,0.0,0.014884999999999999,True,True,True,False,28.282499999999878,1091.5454742782722,0.0,0.754780275075478,0.0,-0.6904223247232472,1119.8923322286244
2025-07-09T04:15:00Z,2025-07-09T04:30:00Z,2025-07-09,2025-07-09_7,0.9999999999999958,0,1,99,66.75045652173908,66.4787173913043,0.0007548309178743929,0.0,0.0,True,True,True,False,28.282499999999878,1091.5454742782722,0.0,0.754780275075478,0.0,0.0,1120.5827545533475
2025-07-09T04:30:00Z,2025-07-09T04:45:00Z,2025-07-09,2025-07-09_7,0.9999999999999958,0,1,99,66.4787173913043,66.20888586956518,0.0007495320048309146,0.0,0.0017549999999999998,True,True,True,False,28.282499999999878,1091.5454742782722,0.0,0.754780275075478,0.0,-0.12040954673717857,1120.4623450066103
2025-07-09T04:45:00Z,2025-07-09T05:00:00Z,2025-07-09,2025-07-09_7,0.9999999999999958,0,1,99,66.20888586956518,65.93739130434778,0.000754151570048306,0.0,0.000225,True,True,True,False,28.282499999999878,1091.5454742782722,0.0,0.754780275075478,0.0,-0.01731554748702567,1120.5654390058605
2025-07-09T05:00:00Z,2025-07-09T05:15:00Z,2025-07-09,2025-07-09_8,0.9999999999999958,0,1,99,65.93739130434778,65.66626086956518,0.0007531400966183544,0.0,0.0005600000000000001,True,True,True,False,28.59999999999988,1091.5454742782722,0.0,0.754780275075478,0.0,-0.037147060796811175,1120.8631074925509
2025-07-09T05:15:00Z,2025-07-09T05:30:00Z,2025-07-09,2025-07-09_8,0.9999999999999958,0,1,99,65.66626086956518,65.3945217391304,0.000754830917874393,0.0,0.0,True,True,True,False,28.59999999999988,1091.5454742782722,0.0,0.754780275075478,0.0,0.0,1120.9002545533476
2025-07-09T05:30:00Z,2025-07-09T05:45:00Z,2025-07-09,2025-07-09_8,0.9999999999999958,0,1,99,65.3945217391304,65.12278260869562,0.000754830917874393,0.0,0.0,True,True,True,False,28.59999999999988,1091.5454742782722,0.0,0.754780275075478,0.0,0.0,1120.9002545533476
2025-07-09T05:45:00Z,2025-07-09T06:00:00Z,2025-07-09,2025-07-09_8,0.9999999999999958,0,1,99,65.12278260869562,64.89130434782605,0.0006429951690821233,0.0,0.037040000000000003,True,True,True,False,28.59999999999988,1091.5454742782722,0.0,0.754780275075478,0.0,-1.5662824871243366,1119.3339720662232
2025-07-09T06:00:00Z,2025-07-09T06:15:00Z,2025-07-09,2025-07-09_9,0.9999999999999958,0,0,99,64.89130434782605,64.61956521739127,0.0007548309178743929,0.0,0.0,True,False,True,False,27.149999999999885,1091.5454742782722,0.0,0.0,0.0,0.0,1118.695474278272
2025-07-09T06:15:00Z,2025-07-09T06:30:00Z,2025-07-09,2025-07-09_9,0.9999999999999958,0,0,99,64.61956521739127,64.34782608695649,0.0007548309178743929,0.0,0.0,True,False,True,False,27.149999999999885,1091.5454742782722,0.0,0.0,0.0,0.0,1118.695474278272
2025-07-09T06:30:00Z,2025-07-09T06:45:00Z,2025-07-09,2025-07-09_9,0.9999999999999958,0,0,99,64.34782608695649,64.0760869565217,0.0007548309178743929,0.0,0.0,True,False,True,False,27.149999999999885,1091.5454742782722,0.0,0.0,0.0,0.0,1118.695474278272
2025-07-09T06:45:00Z,2025-07-09T07:00:00Z,2025-07-09,2025-07-09_9,0.9999999999999958,0,0,99,64.0760869565217,63.804347826086925,0.0007548309178743929,0.0,0.0,True,False,True,False,27.149999999999885,1091.5454742782722,0.0,0.0,0.0,0.0,1118.695474278272
2025-07-09T07:00:00Z,2025-07-09T07:15:00Z,2025-07-09,2025-07-09_10,13.985822253402263,0,0,71,63.804347826086925,60.00385264853196,0.010556931048763787,0.0,0.0,True,False,True,False,333.42200252110996,782.8255421591649,0.0,0.0,0.0,0.0,1116.2475446802748
2025-07-09T07:15:00Z,2025-07-09T07:30:00Z,2025-07-09,2025-07-09_10,13.985822253402263,0,0,71,60.00385264853196,56.203357470977,0.010556931048763787,0.0,0.0,True,False,True,False,333.42200252110996,782.8255421591649,0.0,0.0,0.0,0.0,1116.2475446802748
2025-07-09T07:30:00Z,2025-07-09T07:45:00Z,2025-07-09,2025-07-09_10,13.985822253402263,0,0,71,56.203357470977,52.40286229342203,0.010556931048763787,0.0,0.0,True,False,True,False,333.42200252110996,782.8255421591649,0.0,0.0,0.0,0.0,1116.2475446802748
2025-07-09T07:45:00Z,2025-07-09T08:00:00Z,2025-07-09,2025-07-09_10,13.985822253402263,0,0,71,52.40286229342203,48.60236711586707,0.010556931048763787,0.0,0.0,True,False,True,False,333.42200252110996,782.8255421591649,0.0,0.0,0.0,0.0,1116.2475446802748
2025-07-09T08:00:00Z,2025-07-09T08:15:00Z,2025-07-09,2025-07-09_11,-2.9174207770761345,29,26,71,48.60236711586707,49.24818002163276,0.0021160193910815146,0.059305,0.041600000000000005,True,True,True,False,-53.89205530453889,782.8255421591649,30.729916924837692,19.685853543027406,7.887517019555221,-2.1533132584801784,785.0834610835661
2025-07-09T08:15:00Z,2025-07-09T08:30:00Z,2025-07-09,2025-07-09_11,-2.9174207770761345,29,26,71,49.24818002163276,49.93807686425293,0.0020833338259756916,0.03074,0.05628999999999999,True,True,True,False,-53.89205530453889,782.8255421591649,30.729916924837692,19.685853543027406,4.088395129940603,-3.2098640231268614,780.2277884293048
2025-07-09T08:30:00Z,2025-07-09T08:45:00Z,2025-07-09,2025-07-09_11,-2.9174207770761345,29,26,71,49.93807686425293,50.603958644191074,0.00207962671761483,0.042339999999999996,0.043680000000000004,True,True,True,False,-53.89205530453889,782.8255421591649,30.729916924837692,19.685853543027406,5.631185745012529,-2.6140079957377114,782.366435071766
2025-07-09T08:45:00Z,2025-07-09T09:00:00Z,2025-07-09,2025-07-09_11,-2.9174207770761345,29,26,71,50.603958644191074,51.19230222608697,0.0021060107031689126,0.086855,0.011179999999999999,True,True,True,False,-53.89205530453889,782.8255421591649,30.729916924837692,19.685853543027406,11.551644730351045,-0.8644937150975787,790.0364083377445
2025-07-09T09:00:00Z,2025-07-09T09:15:00Z,2025-07-09,2025-07-09_12,-1.9999999999999645,29,27,71,51.19230222608697,50.68379326956522,0.0036532359903381478,0.90103,0.00054,True,True,True,False,-36.01499999999936,782.8255421591649,30.729916924837692,20.44300175622077,118.67025776190381,-0.041557313968861614,916.612161288159
2025-07-09T09:15:00Z,2025-07-09T09:30:00Z,2025-07-09,2025-07-09_12,-1.9999999999999645,29,27,71,50.68379326956522,49.732388199999995,0.004735740748792258,1.3123950000000002,0.0,True,True,True,False,-36.01499999999936,782.8255421591649,30.729916924837692,20.44300175622077,173.58072882471342,0.0,971.5641896649374
2025-07-09T09:30:00Z,2025-07-09T09:45:00Z,2025-07-09,2025-07-09_12,-1.9999999999999645,29,27,71,49.732388199999995,49.47179347826086,0.003043245338164233,0.670045,0.0,True,True,True,False,-36.01499999999936,782.8255421591649,30.729916924837692,20.44300175622077,87.92547408094401,0.0,885.908934921168
2025-07-09T09:45:00Z,2025-07-09T10:00:00Z,2025-07-09,2025-07-09_12,-1.9999999999999645,29,27,71,49.47179347826086,48.99148052173911,0.00358155821256037,0.87435,0.0,True,True,True,False,-36.01499999999936,782.8255421591649,30.729916924837692,20.44300175622077,116.37790530220809,0.0,914.3613661424321
2025-07-09T10:00:00Z,2025-07-09T10:15:00Z,2025-07-09,2025-07-09_13,-42.416157648110385,100,57,0,48.99148052173911,55.095745831875625,0.029484950981892383,3.6029999999999998,0.010545,True,True,True,False,-645.5739194042401,0.0,105.96523077530239,43.15744815202162,470.70208556149726,-0.77963542040768,-26.5287903358265
2025-07-09T10:15:00Z,2025-07-09T10:30:00Z,2025-07-09,2025-07-09_13,-42.416157648110385,100,57,0,55.095745831875625,50.231092164821135,0.03653042261610584,14.3915,0.0037049999999999995,True,True,True,False,-645.5739194042401,0.0,105.96523077530239,43.15744815202162,6356.796290624939,-0.28512934861968936,5860.059920799403
2025-07-09T10:30:00Z,2025-07-09T10:45:00Z,2025-07-09,2025-07-09_13,-42.416157648110385,100,57,0,50.231092164821135,54.352344893284375,0.030732947777348356,5.546,0.0011400000000000002,True,True,True,False,-645.5739194042401,0.0,105.96523077530239,43.15744815202162,721.7515393571048,-0.08773210726759675,225.2125667729211
2025-07-09T10:45:00Z,2025-07-09T11:00:00Z,2025-07-09,2025-07-09_13,-42.416157648110385,100,57,0,54.352344893284375,63.711691121739115,0.027653371707030066,0.4759999999999999,0.094905,True,True,True,False,-645.5739194042401,0.0,105.96523077530239,43.15744815202162,57.108352901710816,-4.174531552775421,-443.5174191279807
2025-07-09T11:00:00Z,2025-07-09T11:15:00Z,2025-07-09,2025-07-09_14,-100.0,100,0,0,63.711691121739115,75.48723112173911,0.03270983333333333,12.2005,0.0,True,True,True,False,-1093.0,0.0,105.96523077530239,0.0,3221.9291875012327,0.0,2234.894418276535
2025-07-09T11:15:00Z,2025-07-09T11:30:00Z,2025-07-09,2025-07-09_14,-100.0,100,0,0,75.48723112173911,85.22267112173911,0.027042888888888887,14.418000000000001,0.0,True,True,True,False,-1093.0,0.0,105.96523077530239,0.0,5368.129493458571,0.0,4381.094724233873
2025-07-09T11:30:00Z,2025-07-09T11:45:00Z,2025-07-09,2025-07-09_14,-100.0,100,0,0,85.22267112173911,106.47237112173912,0.05902694444444445,1.9025,0.0,True,True,True,False,-1093.0,0.0,105.96523077530239,0.0,225.2501134637015,0.0,-761.7846557609961
2025-07-09T11:45:00Z,2025-07-09T12:00:00Z,2025-07-09,2025-07-09_14,-100.0,100,0,0,106.47237112173912,128.65127112173911,0.06160805555555556,0.8924999999999998,0.0,True,True,True,False,-1093.0,0.0,105.96523077530239,0.0,105.6692385105669,0.0,-881.3655307141307
2025-07-09T12:00:00Z,2025-07-09T12:15:00Z,2025-07-09,2025-07-09_15,-29.0,29,0,71,128.65127112173911,135.2348279217391,0.01828765777777778,0.09396,0.0,True,True,True,False,-254.11249999999998,782.8255421591649,30.729916924837692,0.0,11.124573277818339,0.0,570.567532361821
2025-07-09T12:15:00Z,2025-07-09T12:30:00Z,2025-07-09,2025-07-09_15,-29.0,29,0,71,135.2348279217391,141.7668923217391,0.018144623333333335,0.14993,0.0,True,True,True,False,-254.11249999999998,782.8255421591649,30.729916924837692,0.0,17.751248100716303,0.0,577.194207184719
2025-07-09T12:30:00Z,2025-07-09T12:45:00Z,2025-07-09,2025-07-09_15,-29.0,29,0,71,141.7668923217391,148.3439125217391,0.018269500555555554,0.10106499999999999,0.0,True,True,True,False,-254.11249999999998,782.8255421591649,30.729916924837692,0.0,11.965783294196576,0.0,571.4087423781992
2025-07-09T12:45:00Z,2025-07-09T13:00:00Z,2025-07-09,2025-07-09_15,-29.0,29,0,71,148.3439125217391,154.8745095217391,0.018140547222222223,0.151525,0.0,True,True,True,False,-254.11249999999998,782.8255421591649,30.729916924837692,0.0,17.940091165617538,0.0,577.3830502496202
2025-07-09T13:00:00Z,2025-07-09T13:15:00Z,2025-07-09,2025-07-09_16,0.0,29,29,71,154.8745095217391,156.0835137217391,0.0033583450000000004,0.0,1.314135,True,True,True,False,0.0,782.8255421591649,30.729916924837692,21.95729818260749,0.0,462.35681300096695,1297.869570267577
2025-07-09T13:15:00Z,2025-07-09T13:30:00Z,2025-07-09,2025-07-09_16,0.0,29,29,71,156.0835137217391,156.36505202608694,0.0008520991545893719,0.011600000000000001,0.319725,True,True,True,False,0.0,782.8255421591649,30.729916924837692,21.95729818260749,1.3734041083726345,-12.64439599818458,824.2417653767982
2025-07-09T13:30:00Z,2025-07-09T13:45:00Z,2025-07-09,2025-07-09_16,0.0,29,29,71,156.36505202608694,157.3165216,0.002645597850241546,0.000435,1.03472,True,True,True,False,0.0,782.8255421591649,30.729916924837692,21.95729818260749,0.05150265406397379,-29.679314971288754,805.8849449493853
2025-07-09T13:45:00Z,2025-07-09T14:00:00Z,2025-07-09,2025-07-09_16,0.0,29,29,71,157.3165216,155.75445652173912,0.004469505217391305,1.4587,0.025519999999999998,True,True,True,False,0.0,782.8255421591649,30.729916924837692,21.95729818260749,194.99811332557178,-1.216204731929672,1029.2946658602523
2025-07-09T14:00:00Z,2025-07-09T14:15:00Z,2025-07-09,2025-07-09_17,-1.92991281259635,29,27,71,155.75445652173912,155.95855241620447,0.0024173761981610316,0.32827999999999996,0.12325500000000002,True,True,True,False,-33.30064558135002,782.8255421591649,30.84150600864297,20.44300175622077,45.340302448842664,-5.724765107445193,840.4249416840761
2025-07-09T14:15:00Z,2025-07-09T14:30:00Z,2025-07-09,2025-07-09_17,-1.92991281259635,29,27,71,155.95855241620447,156.43480370482163,0.0013719602591794515,0.0087,0.045360000000000004,True,True,True,False,-33.30064558135002,782.8255421591649,30.84150600864297,20.44300175622077,1.2000118396905892,-2.8552802888884505,799.1541358934808
2025-07-09T14:30:00Z,2025-07-09T14:45:00Z,2025-07-09,2025-07-09_17,-1.92991281259635,29,27,71,156.43480370482163,157.0255972989588,0.001657439988054559,0.0029000000000000002,0.16308,True,True,True,False,-33.30064558135002,782.8255421591649,30.84150600864297,20.44300175622077,0.4000039465635298,-7.4218021114114885,793.7876061778306
2025-07-09T14:45:00Z,2025-07-09T15:00:00Z,2025-07-09,2025-07-09_17,-1.92991281259635,29,27,71,157.0255972989588,157.34,0.0016187490341396634,0.13224,0.013904999999999999,True,True,True,False,-33.30064558135002,782.8255421591649,30.84150600864297,20.44300175622077,18.24889558576869,-0.8079974702527772,818.2503024581946
2025-07-09T15:00:00Z,2025-07-09T15:15:00Z,2025-07-09,2025-07-09_18,43.45283586164303,56,100,0,157.34,153.73060522411612,0.03389905269524428,0.0,8.26,True,True,True,False,953.4638508941022,0.0,59.556011602896774,75.71482131933618,0.0,-284.7163012806599,804.0183825356753
2025-07-09T15:15:00Z,2025-07-09T15:30:00Z,2025-07-09,2025-07-09_18,43.45283586164303,56,100,0,153.73060522411612,152.79314789653475,0.03425739137171613,0.0,10.952,True,True,True,False,953.4638508941022,0.0,59.556011602896774,75.71482131933618,0.0,0.07131756023442587,1088.8060013765696
2025-07-09T15:30:00Z,2025-07-09T15:45:00Z,2025-07-09,2025-07-09_18,43.45283586164303,56,100,0,152.79314789653475,152.28744866331132,0.03431529528117573,0.0,11.387,True,True,True,False,953.4638508941022,0.0,59.556011602896774,75.71482131933618,0.0,2233.0761524952145,3321.81083631155
2025-07-09T15:45:00Z,2025-07-09T16:00:00Z,2025-07-09,2025-07-09_18,43.45283586164303,56,100,0,152.28744866331132,143.99999999999994,0.033282304607608074,0.00336,3.5505,True,True,True,False,953.4638508941022,0.0,59.556011602896774,75.71482131933618,0.4634528484322276,1816.6990065512955,2905.897143216063
2025-07-09T16:00:00Z,2025-07-09T16:15:00Z,2025-07-09,2025-07-09_19,0.0,0,0,100,143.99999999999994,143.99999999999994,0.0,0.0,0.0,True,False,True,False,0.0,1102.5711861396687,0.0,0.0,0.0,0.0,1102.5711861396687
2025-07-09T16:15:00Z,2025-07-09T16:30:00Z,2025-07-09,2025-07-09_19,0.0,0,0,100,143.99999999999994,143.99999999999994,0.0,0.0,0.0,True,False,True,False,0.0,1102.5711861396687,0.0,0.0,0.0,0.0,1102.5711861396687
2025-07-09T16:30:00Z,2025-07-09T16:45:00Z,2025-07-09,2025-07-09_19,0.0,0,0,100,143.99999999999994,143.99999999999994,0.0,0.0,0.0,True,False,True,False,0.0,1102.5711861396687,0.0,0.0,0.0,0.0,1102.5711861396687
2025-07-09T16:45:00Z,2025-07-09T17:00:00Z,2025-07-09,2025-07-09_19,0.0,0,0,100,143.99999999999994,143.99999999999994,0.0,0.0,0.0,True,False,True,False,0.0,1102.5711861396687,0.0,0.0,0.0,0.0,1102.5711861396687
2025-07-09T17:00:00Z,2025-07-09T17:15:00Z,2025-07-09,2025-07-09_20,0.0,100,100,0,143.99999999999994,144.3622878260869,0.0013294227053140097,0.0535,0.457,True,True,True,False,0.0,0.0,109.93152712275786,75.68522209286263,7.388261637429207,-28.432980444777712,164.57203040827198
2025-07-09T17:15:00Z,2025-07-09T17:30:00Z,2025-07-09,2025-07-09_20,0.0,100,100,0,144.3622878260869,145.28744347826083,0.0027993454106280194,0.038,1.0505,True,True,True,False,0.0,0.0,109.93152712275786,75.68522209286263,5.248832014523353,-63.393592359452995,127.47198887069085
2025-07-09T17:30:00Z,2025-07-09T17:45:00Z,2025-07-09,2025-07-09_20,0.0,100,100,0,145.28744347826083,155.02233999999996,0.02704439855072464,0.0005,10.582,True,True,True,False,0.0,0.0,109.93152712275786,75.68522209286263,0.0689661976833672,-232.69249403082267,-47.00677861751882
2025-07-09T17:45:00Z,2025-07-09T18:00:00Z,2025-07-09,2025-07-09_20,0.0,100,100,0,155.02233999999996,168.59831999999994,0.03771105555555556,0.0,14.7565,True,True,True,False,0.0,0.0,109.93152712275786,75.68522209286263,0.0,2772.592515736922,2958.2092649525425
2025-07-09T18:00:00Z,2025-07-09T18:15:00Z,2025-07-09,2025-07-09_21,100.0,0,100,0,168.59831999999994,160.52168956521734,0.022435084541062796,0.0,17.5695,True,True,True,False,3503.4999999999995,0.0,0.0,75.68522209286263,0.0,3109.41701442469,6688.602236517552
2025-07-09T18:15:00Z,2025-07-09T18:30:00Z,2025-07-09,2025-07-09_21,100.0,0,100,0,160.52168956521734,150.0907113043478,0.028974939613526565,0.0,15.403500000000001,True,True,True,False,3503.4999999999995,0.0,0.0,75.68522209286263,0.0,-243.06326035479606,3336.121961738066
2025-07-09T18:30:00Z,2025-07-09T18:45:00Z,2025-07-09,2025-07-09_21,100.0,0,100,0,150.0907113043478,141.52168956521734,0.023802838164251213,0.0,17.1165,True,True,True,False,3503.4999999999995,0.0,0.0,75.68522209286263,0.0,-365.38865491248487,3213.796567180377
2025-07-09T18:45:00Z,2025-07-09T19:00:00Z,2025-07-09,2025-07-09_21,100.0,0,100,0,141.52168956521734,125.97549391304344,0.043183876811594205,0.0,10.6975,True,True,True,False,3503.4999999999995,0.0,0.0,75.68522209286263,0.0,-416.48837638376375,3162.6968457090984
2025-07-09T19:00:00Z,2025-07-09T19:15:00Z,2025-07-09,2025-07-09_22,81.99999999999999,18,100,0,125.97549391304344,103.73497041739127,0.06192137193236714,0.11151000000000001,0.1545,True,True,True,False,2631.3799999999997,0.0,19.574560451486864,76.36600430175424,15.402845472304993,-9.362223789884958,2733.361186435661
2025-07-09T19:15:00Z,2025-07-09T19:30:00Z,2025-07-09,2025-07-09_22,81.99999999999999,18,100,0,103.73497041739127,81.72175819130433,0.06139023173913041,0.008369999999999999,0.2635,True,True,True,False,2631.3799999999997,0.0,19.574560451486864,76.36600430175424,1.156145786056791,-16.590355585374034,2711.8863549539237
2025-07-09T19:30:00Z,2025-07-09T19:45:00Z,2025-07-09,2025-07-09_22,81.99999999999999,18,100,0,81.72175819130433,73.56573300869564,0.03495234550724637,0.0,13.366,True,True,True,False,2631.3799999999997,0.0,19.574560451486864,76.36600430175424,0.0,-30.13858002644197,2697.181984726799
2025-07-09T19:45:00Z,2025-07-09T20:00:00Z,2025-07-09,2025-07-09_22,81.99999999999999,18,100,0,73.56573300869564,70.19325690434782,0.025828629178743966,0.0,17.892,True,True,True,False,2631.3799999999997,0.0,19.574560451486864,76.36600430175424,0.0,5095.175702586972,7822.496267340212
2025-07-09T20:00:00Z,2025-07-09T20:15:00Z,2025-07-09,2025-07-09_23,85.74694115972413,14,100,0,70.19325690434782,48.485809761103866,0.0613977552049431,0.010079999999999999,1.509,True,True,True,False,2640.7914203666037,0.0,15.000887976794207,75.71482131933618,1.3923476133157051,-73.09048463800146,2659.8089926380485
2025-07-09T20:15:00Z,2025-07-09T20:30:00Z,2025-07-09,2025-07-09_23,85.74694115972413,14,100,0,48.485809761103866,25.32130168647726,0.0644467515827088,0.010079999999999999,0.1385,True,True,True,False,2640.7914203666037,0.0,15.000887976794207,75.71482131933618,1.3923476133157051,-9.892048957120588,2723.007428318929
2025-07-09T20:30:00Z,2025-07-09T20:45:00Z,2025-07-09,2025-07-09_23,85.74694115972413,14,100,0,25.32130168647726,10.00536646788597,0.048015586193103615,0.0,7.5105,True,True,True,False,2640.7914203666037,0.0,15.000887976794207,75.71482131933618,0.0,-253.37137182548292,2478.1357578372513
2025-07-09T20:45:00Z,2025-07-09T21:00:00Z,2025-07-09,2025-07-09_23,85.74694115972413,14,100,0,10.00536646788597,9.999999999999968,0.01597720834837269,0.0,21.9115,True,True,True,False,2640.7914203666037,0.0,15.000887976794207,75.71482131933618,0.0,8550.500557353434,11282.007687016168
2025-07-09T21:00:00Z,2025-07-09T21:15:00Z,2025-07-10,2025-07-09_24,-10.856819517958481,100,89,0,9.999999999999968,17.476600689130418,0.020768335247584587,0.0,5.412535,True,True,True,False,-284.01439858979387,0.0,104.16871884788905,64.88396146496189,0.0,1691.8173241769932,1576.8556059000503
2025-07-09T21:15:00Z,2025-07-09T21:30:00Z,2025-07-10,2025-07-09_24,-10.856819517958481,100,89,0,17.476600689130418,22.13775757826087,0.012947658025362362,0.0,2.35227,True,True,True,False,-284.01439858979387,0.0,104.16871884788905,64.88396146496189,0.0,-95.59737612837132,-210.55909440531426
2025-07-09T21:30:00Z,2025-07-09T21:45:00Z,2025-07-10,2025-07-09_24,-10.856819517958481,100,89,0,22.13775757826087,27.842065667391324,0.015845300247584584,0.0,3.4861299999999997,True,True,True,False,-284.01439858979387,0.0,104.16871884788905,64.88396146496189,0.0,-147.98487580527592,-262.94659408221884
2025-07-09T21:45:00Z,2025-07-09T22:00:00Z,2025-07-10,2025-07-09_24,-10.856819517958481,100,89,0,27.842065667391324,32.82501095652177,0.01384151469202903,0.0,2.70204,True,True,True,False,-284.01439858979387,0.0,104.16871884788905,64.88396146496189,0.0,-124.84245648653442,-239.80417476347736
2025-07-09T22:00:00Z,2025-07-09T22:15:00Z,2025-07-10,2025-07-10_1,0.0,100,100,0,32.82501095652177,39.87911095652177,0.019594722222222225,0.0,7.6675,True,True,True,False,0.0,0.0,103.4299336078331,73.46480427116373,0.0,-230.67001319962966,-53.77527532063283
2025-07-09T22:15:00Z,2025-07-09T22:30:00Z,2025-07-10,2025-07-10_1,0.0,100,100,0,39.87911095652177,41.82353095652177,0.005401166666666667,0.0,2.1135,True,True,True,False,0.0,0.0,103.4299336078331,73.46480427116373,0.0,-102.46304960696625,74.43168827203058
2025-07-09T22:30:00Z,2025-07-09T22:45:00Z,2025-07-10,2025-07-10_1,0.0,100,100,0,41.82353095652177,46.733570956521774,0.013639000000000002,0.0,5.337,True,True,True,False,0.0,0.0,103.4299336078331,73.46480427116373,0.0,-203.30627474930554,-26.41153687030871
2025-07-09T22:45:00Z,2025-07-09T23:00:00Z,2025-07-10,2025-07-10_1,0.0,100,100,0,46.733570956521774,63.519430956521774,0.046627388888888885,0.0,18.2455,True,True,True,False,0.0,0.0,103.4299336078331,73.46480427116373,0.0,13.324941094190192,190.21967897318703
2025-07-09T23:00:00Z,2025-07-09T23:15:00Z,2025-07-10,2025-07-10_2,0.0,2,2,98,63.519430956521774,63.69773615652177,0.0004952922222222223,0.0,0.19381,True,True,True,False,0.0,1078.7742075296992,2.068598672156662,1.4692960854232746,0.0,-6.360613654721331,1075.9514886325578
2025-07-09T23:15:00Z,2025-07-09T23:30:00Z,2025-07-10,2025-07-10_2,0.0,2,2,98,63.69773615652177,63.78248655652177,0.00023541777777777778,0.0,0.09212,True,True,True,False,0.0,1078.7742075296992,2.068598672156662,1.4692960854232746,0.0,-3.5853824858645753,1078.7267198014144
2025-07-09T23:30:00Z,2025-07-09T23:45:00Z,2025-07-10,2025-07-10_2,0.0,2,2,98,63.78248655652177,63.80567975652177,6.442555555555556e-05,0.0,0.02521,True,True,True,False,0.0,1078.7742075296992,2.068598672156662,1.4692960854232746,0.0,-1.1154850115250496,1081.196617275754
2025-07-09T23:45:00Z,2025-07-10T00:00:00Z,2025-07-10,2025-07-10_2,0.0,2,2,98,63.80567975652177,63.804758956521766,1.4108888888888889e-05,0.0027600000000000003,0.00226,True,True,True,False,0.0,1078.7742075296992,2.068598672156662,1.4692960854232746,0.3800784097401446,-0.12509097105931954,1082.56708972596
2025-07-10T00:00:00Z,2025-07-10T00:15:00Z,2025-07-10,2025-07-10_3,0.0,1,1,99,63.804758956521766,63.80434782608698,5.7420289855072455e-06,0.00114,0.0009,True,True,True,False,0.0,1089.782107606533,1.034299336078331,0.7313973876553911,0.15698890837092927,-0.06583658070489962,1091.6389566579326
2025-07-10T00:15:00Z,2025-07-10T00:30:00Z,2025-07-10,2025-07-10_3,0.0,1,1,99,63.80434782608698,63.80764439130437,9.881763285024155e-06,0.00012,0.003725,True,True,True,False,0.0,1089.782107606533,1.034299336078331,0.7313973876553911,0.016525148249571506,-0.17459556925865363,1091.3897339092575
2025-07-10T00:30:00Z,2025-07-10T00:45:00Z,2025-07-10,2025-07-10_3,0.0,1,1,99,63.80764439130437,63.83170239130437,6.682777777777779e-05,0.0,0.026150000000000003,True,True,True,False,0.0,1089.782107606533,1.034299336078331,0.7313973876553911,0.0,-1.033017474733545,1090.5147868555332
2025-07-10T00:45:00Z,2025-07-10T01:00:00Z,2025-07-10,2025-07-10_3,0.0,1,1,99,63.83170239130437,63.83709853913046,2.16318115942029e-05,0.0011,0.007165,True,True,True,False,0.0,1089.782107606533,1.034299336078331,0.7313973876553911,0.15148052562107212,-0.31018172737839594,1091.3891031285093
2025-07-10T01:00:00Z,2025-07-10T01:15:00Z,2025-07-10,2025-07-10_4,-1.0,1,0,99,63.83709853913046,64.06643613913046,0.0006370488888888889,0.0007199999999999999,0.0,True,True,True,False,-21.0225,1089.782107606533,1.0375499911345771,0.0,0.09915088949742902,0.0,1069.896308487165
2025-07-10T01:15:00Z,2025-07-10T01:30:00Z,2025-07-10,2025-07-10_4,-1.0,1,0,99,64.06643613913046,64.26799893913046,0.0005598966666666667,0.030910000000000003,0.0,True,True,True,False,-21.0225,1089.782107606533,1.0375499911345771,0.0,4.261632746902028,0.0,1074.0587903445696
2025-07-10T01:30:00Z,2025-07-10T01:45:00Z,2025-07-10,2025-07-10_4,-1.0,1,0,99,64.26799893913046,64.47962193913047,0.0005878416666666667,0.019975,0.0,True,True,True,False,-21.0225,1089.782107606533,1.0375499911345771,0.0,2.7527713607439073,0.0,1072.5499289584113
2025-07-10T01:45:00Z,2025-07-10T02:00:00Z,2025-07-10,2025-07-10_4,-1.0,1,0,99,64.47962193913047,64.68676453913046,0.0005753961111111111,0.024845000000000002,0.0,True,True,True,False,-21.0225,1089.782107606533,1.0375499911345771,0.0,3.4255498345121067,0.0,1073.2227074321795
2025-07-10T02:00:00Z,2025-07-10T02:15:00Z,2025-07-10,2025-07-10_5,0.0,1,1,99,64.68676453913046,64.65000366956525,0.00010211352657004832,0.03382,0.0,True,True,True,False,0.0,1089.782107606533,1.0375499911345771,0.7352390709036821,4.662488004097796,0.0,1096.217384672669
2025-07-10T02:15:00Z,2025-07-10T02:30:00Z,2025-07-10,2025-07-10_5,0.0,1,1,99,64.65000366956525,64.6287264956522,5.9103260869565214e-05,0.019575,0.0,True,True,True,False,0.0,1089.782107606533,1.0375499911345771,0.7352390709036821,2.6988116787170746,0.0,1094.2537083472882
2025-07-10T02:30:00Z,2025-07-10T02:45:00Z,2025-07-10,2025-07-10_5,0.0,1,1,99,64.6287264956522,64.58261236521741,0.000128094806763285,0.042425,0.0,True,True,True,False,0.0,1089.782107606533,1.0375499911345771,0.7352390709036821,5.850143299710395,0.0,1097.4050399682815
2025-07-10T02:45:00Z,2025-07-10T03:00:00Z,2025-07-10,2025-07-10_5,0.0,1,1,99,64.58261236521741,64.48218845217394,0.00027895531400966186,0.09239000000000001,0.0,True,True,True,False,0.0,1089.782107606533,1.0375499911345771,0.7352390709036821,13.370330453712644,0.0,1104.9252271222838
2025-07-10T03:00:00Z,2025-07-10T03:15:00Z,2025-07-10,2025-07-10_6,0.0,1,1,99,64.48218845217394,64.48116038260872,9.70463768115942e-06,0.00208,0.00134,True,True,True,False,0.0,1089.782107606533,1.0375499911345771,0.7352390709036821,0.2864359029925727,-0.08107133316259185,1091.7602612384012
2025-07-10T03:15:00Z,2025-07-10T03:30:00Z,2025-07-10,2025-07-10_6,0.0,1,1,99,64.48116038260872,64.50412348695654,6.994582125603865e-05,0.0010199999999999999,0.026164999999999997,True,True,True,False,0.0,1089.782107606533,1.0375499911345771,0.7352390709036821,0.14046376012135775,-1.104534245158494,1090.590826183534
2025-07-10T03:30:00Z,2025-07-10T03:45:00Z,2025-07-10,2025-07-10_6,0.0,1,1,99,64.50412348695654,64.54320508695655,0.00010856000000000002,0.0,0.042480000000000004,True,True,True,False,0.0,1089.782107606533,1.0375499911345771,0.7352390709036821,0.0,-1.6997105065111608,1089.85518616206
2025-07-10T03:45:00Z,2025-07-10T04:00:00Z,2025-07-10,2025-07-10_6,0.0,1,1,99,64.54320508695655,64.57023008695654,7.506944444444445e-05,0.0,0.029375,True,True,True,False,0.0,1089.782107606533,1.0375499911345771,0.7352390709036821,0.0,-1.285337821864103,1090.269558846707
2025-07-10T04:00:00Z,2025-07-10T04:15:00Z,2025-07-10,2025-07-10_7,31.956129241982964,68,100,0,64.57023008695654,63.14917154425333,0.029896973414623832,0.0,7.4615,True,True,True,False,747.5337532930864,0.0,72.16099607951298,73.37615004235701,0.0,-199.46528852026245,693.605610894694
2025-07-10T04:15:00Z,2025-07-10T04:30:00Z,2025-07-10,2025-07-10_7,31.956129241982964,68,100,0,63.14917154425333,59.314197953725234,0.02797735435183233,0.0,4.9815,True,True,True,False,747.5337532930864,0.0,72.16099607951298,73.37615004235701,0.0,-193.92019001556372,699.1507093993927
2025-07-10T04:30:00Z,2025-07-10T04:45:00Z,2025-07-10,2025-07-10_7,31.956129241982964,68,100,0,59.314197953725234,56.458417322113206,0.028756038536174363,0.0,5.9875,True,True,True,False,747.5337532930864,0.0,72.16099607951298,73.37615004235701,0.0,-230.21423786914633,662.8566615458101
2025-07-10T04:45:00Z,2025-07-10T05:00:00Z,2025-07-10,2025-07-10_7,31.956129241982964,68,100,0,56.458417322113206,63.80434782608693,0.036868751196302486,0.0,16.4685,True,True,True,False,747.5337532930864,0.0,72.16099607951298,73.37615004235701,0.0,8637.440954018008,9530.511853432965
2025-07-10T05:00:00Z,2025-07-10T05:15:00Z,2025-07-10,2025-07-10_8,7.723290606088045e-15,0,0,99,63.80434782608693,63.80434782608693,5.82977853720414e-18,0.0,0.0,True,False,True,False,1.3986879287625448e-13,1089.782107606533,0.0,0.0,0.0,0.0,1089.7821076065331
2025-07-10T05:15:00Z,2025-07-10T05:30:00Z,2025-07-10,2025-07-10_8,7.723290606088045e-15,0,0,99,63.80434782608693,63.80434782608693,5.82977853720414e-18,0.0,0.0,True,False,True,False,1.3986879287625448e-13,1089.782107606533,0.0,0.0,0.0,0.0,1089.7821076065331
2025-07-10T05:30:00Z,2025-07-10T05:45:00Z,2025-07-10,2025-07-10_8,7.723290606088045e-15,0,0,99,63.80434782608693,63.80434782608693,5.82977853720414e-18,0.0,0.0,True,False,True,False,1.3986879287625448e-13,1089.782107606533,0.0,0.0,0.0,0.0,1089.7821076065331
2025-07-10T05:45:00Z,2025-07-10T06:00:00Z,2025-07-10,2025-07-10_8,7.723290606088045e-15,0,0,99,63.80434782608693,63.80434782608693,5.82977853720414e-18,0.0,0.0,True,False,True,False,1.3986879287625448e-13,1089.782107606533,0.0,0.0,0.0,0.0,1089.7821076065331
2025-07-10T06:00:00Z,2025-07-10T06:15:00Z,2025-07-10,2025-07-10_9,29.0,71,100,0,63.80434782608693,63.37879012173911,0.029117291400966187,0.0,7.698,True,True,True,False,462.9125,0.0,73.66604937055499,72.5782619830966,0.0,794.6006056068875,1403.757416960539
2025-07-10T06:15:00Z,2025-07-10T06:30:00Z,2025-07-10,2025-07-10_9,29.0,71,100,0,63.37879012173911,69.38739756521737,0.03535494821256038,0.0,14.341999999999999,True,True,True,False,462.9125,0.0,73.66604937055499,72.5782619830966,0.0,2691.9526279083507,3301.109439262002
2025-07-10T06:30:00Z,2025-07-10T06:45:00Z,2025-07-10,2025-07-10_9,29.0,71,100,0,69.38739756521737,70.23385610434781,0.030350458502415453,0.0,9.0115,True,True,True,False,462.9125,0.0,73.66604937055499,72.5782619830966,0.0,-102.17495380129631,506.9818575523553
2025-07-10T06:45:00Z,2025-07-10T07:00:00Z,2025-07-10,2025-07-10_9,29.0,71,100,0,70.23385610434781,80.43232139130434,0.03941684198067633,0.0,18.6685,True,True,True,False,462.9125,0.0,73.66604937055499,72.5782619830966,0.0,539.9296957189858,1149.0865070726375
2025-07-10T07:00:00Z,2025-07-10T07:15:00Z,2025-07-10,2025-07-10_10,100.0,0,100,0,80.43232139130434,60.81438660869564,0.05449426328502416,0.0,6.951500000000001,True,True,True,False,1665.75,0.0,0.0,72.99198171752792,0.0,225.1119724580863,1963.8539541756143
2025-07-10T07:15:00Z,2025-07-10T07:30:00Z,2025-07-10,2025-07-10_10,100.0,0,100,0,60.81438660869564,52.186125739130425,0.023967391304347822,0.0,17.062,True,True,True,False,1665.75,0.0,0.0,72.99198171752792,0.0,10221.572970704703,11960.314952422232
2025-07-10T07:30:00Z,2025-07-10T07:45:00Z,2025-07-10,2025-07-10_10,100.0,0,100,0,52.186125739130425,32.57743008695651,0.054468599033816414,0.0,6.959999999999999,True,True,True,False,1665.75,0.0,0.0,72.99198171752792,0.0,854.9409562836147,2593.6829380011427
2025-07-10T07:45:00Z,2025-07-10T08:00:00Z,2025-07-10,2025-07-10_10,100.0,0,100,0,32.57743008695651,21.474712695652165,0.030840881642512075,0.0,14.7855,True,True,True,False,1665.75,0.0,0.0,72.99198171752792,0.0,1514.9348146141574,3253.676796331685
2025-07-10T08:00:00Z,2025-07-10T08:15:00Z,2025-07-10,2025-07-10_11,0.0,100,100,0,21.474712695652165,27.691152695652164,0.017267888888888888,0.0,6.756999999999999,True,True,True,False,0.0,0.0,103.69589629425325,72.99198171752792,0.0,-42.88969108926495,133.7981869225162
2025-07-10T08:15:00Z,2025-07-10T08:30:00Z,2025-07-10,2025-07-10_11,0.0,100,100,0,27.691152695652164,41.25747269565217,0.03768422222222222,0.0,14.746,True,True,True,False,0.0,0.0,103.69589629425325,72.99198171752792,0.0,8810.257837230836,8986.945715242617
2025-07-10T08:30:00Z,2025-07-10T08:45:00Z,2025-07-10,2025-07-10_11,0.0,100,100,0,41.25747269565217,47.75752660869564,0.01811307246376812,0.0095,7.076500000000001,True,True,True,False,0.0,0.0,103.69589629425325,72.99198171752792,1.122953564885045,82.21504718375068,260.0258787604169
2025-07-10T08:45:00Z,2025-07-10T09:00:00Z,2025-07-10,2025-07-10_11,0.0,100,100,0,47.75752660869564,51.47432660869564,0.010324444444444445,0.0,4.04,True,True,True,False,0.0,0.0,103.69589629425325,72.99198171752792,0.0,2062.06506038338,2238.7529383951614
2025-07-10T09:00:00Z,2025-07-10T09:15:00Z,2025-07-10,2025-07-10_12,0.0,100,100,0,51.47432660869564,68.22292660869564,0.046523888888888885,0.0,18.205,True,True,True,False,0.0,0.0,103.4299336078331,72.90332748872122,0.0,8296.679753344233,8473.013014440787
2025-07-10T09:15:00Z,2025-07-10T09:30:00Z,2025-07-10,2025-07-10_12,0.0,100,100,0,68.22292660869564,79.03108660869565,0.030022666666666663,0.0,11.748,True,True,True,False,0.0,0.0,103.4299336078331,72.90332748872122,0.0,1365.5953521542976,1541.9286132508519
2025-07-10T09:30:00Z,2025-07-10T09:45:00Z,2025-07-10,2025-07-10_12,0.0,100,100,0,79.03108660869565,81.86606660869565,0.007874944444444445,0.0,3.0815,True,True,True,False,0.0,0.0,103.4299336078331,72.90332748872122,0.0,-53.97709332335153,122.3561677732028
2025-07-10T09:45:00Z,2025-07-10T10:00:00Z,2025-07-10,2025-07-10_12,0.0,100,100,0,81.86606660869565,83.67338660869565,0.005437,0.069,2.046,True,True,True,False,0.0,0.0,103.4299336078331,72.90332748872122,8.259623121022875,-37.61312161390098,146.97976260367622
2025-07-10T10:00:00Z,2025-07-10T10:15:00Z,2025-07-10,2025-07-10_13,-28.90895903269787,29,0,71,83.67338660869565,90.3212459022214,0.018466300554742635,0.001305,0.0,True,True,True,False,-325.3703339130145,781.5609054551903,29.994680746271598,0.0,0.1542583581236825,0.0,486.33951064657106
2025-07-10T10:15:00Z,2025-07-10T10:30:00Z,2025-07-10,2025-07-10_13,-28.90895903269787,29,0,71,90.3212459022214,96.97030647974192,0.01846961271533475,0.0,0.0,True,True,True,False,-325.3703339130145,781.5609054551903,29.994680746271598,0.0,0.0,0.0,486.1852522884474
2025-07-10T10:30:00Z,2025-07-10T10:45:00Z,2025-07-10,2025-07-10_13,-28.90895903269787,29,0,71,96.97030647974192,103.61936705726244,0.01846961271533475,0.0,0.0,True,True,True,False,-325.3703339130145,781.5609054551903,29.994680746271598,0.0,0.0,0.0,486.1852522884474
2025-07-10T10:45:00Z,2025-07-10T11:00:00Z,2025-07-10,2025-07-10_13,-28.90895903269787,29,0,71,103.61936705726244,110.26842763478294,0.01846961271533475,0.0,0.0,True,True,True,False,-325.3703339130145,781.5609054551903,29.994680746271598,0.0,0.0,0.0,486.1852522884474
2025-07-10T11:00:00Z,2025-07-10T11:15:00Z,2025-07-10,2025-07-10_14,-29.0,29,0,71,110.26842763478294,116.92241963478294,0.018483311111111112,0.0174,0.0,True,True,True,False,-280.9375,781.5609054551903,29.994680746271598,0.0,2.0567781083157666,0.0,532.6748643097777
2025-07-10T11:15:00Z,2025-07-10T11:30:00Z,2025-07-10,2025-07-10_14,-29.0,29,0,71,116.92241963478294,123.50664343478294,0.01828951055555556,0.093235,0.0,True,True,True,False,-280.9375,781.5609054551903,29.994680746271598,0.0,11.02090269705865,0.0,541.6389888985206
2025-07-10T11:30:00Z,2025-07-10T11:45:00Z,2025-07-10,2025-07-10_14,-29.0,29,0,71,123.50664343478294,129.25631683478295,0.015971315000000003,1.0003549999999999,0.0,True,True,True,False,-280.9375,781.5609054551903,29.994680746271598,0.0,131.7116674658681,0.0,662.32975366733
2025-07-10T11:45:00Z,2025-07-10T12:00:00Z,2025-07-10,2025-07-10_14,-29.0,29,0,71,129.25631683478295,135.92538303478295,0.018525183888888887,0.001015,0.0,True,True,True,False,-280.9375,781.5609054551903,29.994680746271598,0.0,0.1199787229850864,0.0,530.738064924447
2025-07-10T12:00:00Z,2025-07-10T12:15:00Z,2025-07-10,2025-07-10_15,0.0,100,100,0,135.92538303478295,139.32616303478295,0.009446611111111112,0.0,3.6965,True,True,True,False,0.0,0.0,103.4299336078331,72.90332748872122,0.0,-26.223382749857166,150.10987834669714
2025-07-10T12:15:00Z,2025-07-10T12:30:00Z,2025-07-10,2025-07-10_15,0.0,100,100,0,139.32616303478295,139.8316891217395,0.00433298309178744,0.485,1.1225,True,True,True,False,0.0,0.0,103.4299336078331,72.90332748872122,57.329734628341775,-42.71753925412243,190.94545647077368
2025-07-10T12:30:00Z,2025-07-10T12:45:00Z,2025-07-10,2025-07-10_15,0.0,100,100,0,139.8316891217395,141.73542651304382,0.005411951690821257,0.0205,2.0935,True,True,True,False,0.0,0.0,103.4299336078331,72.90332748872122,2.4232155873835186,-12.550524044996948,166.2059526389409
2025-07-10T12:45:00Z,2025-07-10T13:00:00Z,2025-07-10,2025-07-10_15,0.0,100,100,0,141.73542651304382,153.62780651304382,0.0330343888888889,0.0,12.926500000000003,True,True,True,False,0.0,0.0,103.4299336078331,72.90332748872122,0.0,6286.917963021337,6463.251224117891
2025-07-10T13:00:00Z,2025-07-10T13:15:00Z,2025-07-10,2025-07-10_16,0.0,29,29,71,153.62780651304382,156.0526183130438,0.006735588333333334,0.0,2.635665,True,True,True,False,0.0,781.5609054551903,30.07180992533344,21.141964971729152,0.0,-8.571272514233929,824.203407838019
2025-07-10T13:15:00Z,2025-07-10T13:30:00Z,2025-07-10,2025-07-10_16,0.0,29,29,71,156.0526183130438,156.1438195304351,0.0003321410628019324,0.013049999999999999,0.11455000000000001,True,True,True,False,0.0,781.5609054551903,30.07180992533344,21.141964971729152,1.542583581236825,-5.050251531748065,829.2670124017417
2025-07-10T13:30:00Z,2025-07-10T13:45:00Z,2025-07-10,2025-07-10_16,0.0,29,29,71,156.1438195304351,156.5047648782612,0.0010280184782608696,0.004205,0.3973,True,True,True,False,0.0,781.5609054551903,30.07180992533344,21.141964971729152,0.4970547095096437,-15.452425382690754,817.8193096790718
2025-07-10T13:45:00Z,2025-07-10T14:00:00Z,2025-07-10,2025-07-10_16,0.0,29,29,71,156.5047648782612,157.26890630434815,0.0021602660386473432,0.006235,0.837955,True,True,True,False,0.0,781.5609054551903,30.07180992533344,21.141964971729152,0.7370121554798165,-20.96695180854627,812.5447406991865
2025-07-10T14:00:00Z,2025-07-10T14:15:00Z,2025-07-10,2025-07-10_17,0.0,35,35,65,157.26890630434815,157.31274973913077,0.0002655071256038647,0.0238,0.075775,True,True,True,False,0.0,715.5135049941883,36.20047676274159,25.516164621052425,3.160196812387951,-4.223046637049587,776.1672965533207
2025-07-10T14:15:00Z,2025-07-10T14:30:00Z,2025-07-10,2025-07-10_17,0.0,35,35,65,157.31274973913077,157.32258900000033,0.00037606316425120774,0.05775,0.078925,True,True,True,False,0.0,715.5135049941883,36.20047676274159,25.516164621052425,7.751451910006107,-4.879141354242597,780.1024569337459
2025-07-10T14:30:00Z,2025-07-10T14:45:00Z,2025-07-10,2025-07-10_17,0.0,35,35,65,157.32258900000033,157.68483900000032,0.00100625,0.0,0.39375,True,True,True,False,0.0,715.5135049941883,36.20047676274159,25.516164621052425,0.0,-17.066249335093282,760.1638970428891
2025-07-10T14:45:00Z,2025-07-10T15:00:00Z,2025-07-10,2025-07-10_17,0.0,35,35,65,157.68483900000032,160.10000000000034,0.0067087805555555565,0.0,2.625175,True,True,True,False,0.0,715.5135049941883,36.20047676274159,25.516164621052425,0.0,712.7454337605154,1489.9755801384977
2025-07-10T15:00:00Z,2025-07-10T15:15:00Z,2025-07-10,2025-07-10_18,0.0,100,100,0,160.10000000000034,172.46940000000035,0.03435944444444445,0.0,13.445000000000002,True,True,True,False,0.0,0.0,103.4299336078331,72.78512185031227,0.0,2518.348968655805,2694.5640241139504
2025-07-10T15:15:00Z,2025-07-10T15:30:00Z,2025-07-10,2025-07-10_18,0.0,100,100,0,172.46940000000035,174.79280347826122,0.007770323671497585,0.218,2.783,True,True,True,False,0.0,0.0,103.4299336078331,72.78512185031227,30.010421403100928,-108.30666876810024,97.91880809314605
2025-07-10T15:30:00Z,2025-07-10T15:45:00Z,2025-07-10,2025-07-10_18,0.0,100,100,0,174.79280347826122,181.40852347826123,0.018377,0.0,7.191,True,True,True,False,0.0,0.0,103.4299336078331,72.78512185031227,0.0,759.810135345456,936.0251908036014
2025-07-10T15:45:00Z,2025-07-10T16:00:00Z,2025-07-10,2025-07-10_18,0.0,100,100,0,181.40852347826123,181.97011565217426,0.0018619106280193239,0.05,0.6695,True,True,True,False,0.0,0.0,103.4299336078331,72.78512185031227,6.882917315155933,-32.467300872751636,150.63067190054966
2025-07-10T16:00:00Z,2025-07-10T16:15:00Z,2025-07-10,2025-07-10_19,57.432206949703335,42,100,0,181.97011565217426,186.78184677302932,0.03036321725965149,0.0,20.099,True,True,True,False,1558.2793550628257,0.0,43.601922811718126,73.13973876553912,0.0,1875.999059477137,3551.02007611722
2025-07-10T16:15:00Z,2025-07-10T16:30:00Z,2025-07-10,2025-07-10_19,57.432206949703335,42,100,0,186.78184677302932,173.9654019351871,0.04157676055642999,0.0,2.7465,True,True,True,False,1558.2793550628257,0.0,43.601922811718126,73.13973876553912,0.0,-134.53570007289346,1540.4853165671896
2025-07-10T16:30:00Z,2025-07-10T16:45:00Z,2025-07-10,2025-07-10_19,57.432206949703335,42,100,0,173.9654019351871,167.09093050042347,0.03779796115965017,0.00042,8.596,True,True,True,False,1558.2793550628257,0.0,43.601922811718126,73.13973876553912,0.05539707244035541,557.1286416202053,2232.2050553327285
2025-07-10T16:45:00Z,2025-07-10T17:00:00Z,2025-07-10,2025-07-10_19,57.432206949703335,42,100,0,167.09093050042347,155.30725000000126,0.04094131364142099,0.00924,3.773,True,True,True,False,1558.2793550628257,0.0,43.601922811718126,73.13973876553912,1.2724364152170058,-163.65003762879493,1512.643415426505
2025-07-10T17:00:00Z,2025-07-10T17:15:00Z,2025-07-10,2025-07-10_20,99.99999999999997,0,100,0,155.30725000000126,149.20181521739258,0.01695954106280194,0.0,19.383,True,True,True,False,3171.999999999999,0.0,0.0,73.37615004235701,0.0,2280.644280423176,5526.020430465532
2025-07-10T17:15:00Z,2025-07-10T17:30:00Z,2025-07-10,2025-07-10_20,99.99999999999997,0,100,0,149.20181521739258,125.50072826087084,0.06583635265700481,0.0,3.195,True,True,True,False,3171.999999999999,0.0,0.0,73.37615004235701,0.0,-137.17747197541323,3108.198678066943
2025-07-10T17:30:00Z,2025-07-10T17:45:00Z,2025-07-10,2025-07-10_20,99.99999999999997,0,100,0,125.50072826087084,102.82627173913173,0.06298460144927534,0.0,4.1395,True,True,True,False,3171.999999999999,0.0,0.0,73.37615004235701,0.0,-180.78945546602574,3064.5866945763305
2025-07-10T17:45:00Z,2025-07-10T18:00:00Z,2025-07-10,2025-07-10_20,99.99999999999997,0,100,0,102.82627173913173,89.05072826087087,0.03826539855072463,0.0,12.3265,True,True,True,False,3171.999999999999,0.0,0.0,73.37615004235701,0.0,-405.9495601765204,2839.426589865836
2025-07-10T18:00:00Z,2025-07-10T18:15:00Z,2025-07-10,2025-07-10_21,6.0,0,6,94,89.05072826087087,87.48694565217522,0.004343840579710145,0.0,0.06132,True,True,True,False,226.84499999999997,1034.7426072223645,0.0,4.374199649323272,0.0,-3.295036403396442,1262.6667704682914
2025-07-10T18:15:00Z,2025-07-10T18:30:00Z,2025-07-10,2025-07-10_21,6.0,0,6,94,87.48694565217522,85.87183695652305,0.004486413043478261,0.0,0.014099999999999998,True,True,True,False,226.84499999999997,1034.7426072223645,0.0,4.374199649323272,0.0,-0.9020261037451486,1265.0597807679426
2025-07-10T18:30:00Z,2025-07-10T18:45:00Z,2025-07-10,2025-07-10_21,6.0,0,6,94,85.87183695652305,84.24140217391435,0.004528985507246375,0.0,0.0,True,True,True,False,226.84499999999997,1034.7426072223645,0.0,4.374199649323272,0.0,0.0,1265.9618068716877
2025-07-10T18:45:00Z,2025-07-10T19:00:00Z,2025-07-10,2025-07-10_21,6.0,0,6,94,84.24140217391435,82.66304347826218,0.004384329710144927,0.0,0.047909999999999994,True,True,True,False,226.84499999999997,1034.7426072223645,0.0,4.374199649323272,0.0,-2.6894123091471465,1263.2723945625407
2025-07-10T19:00:00Z,2025-07-10T19:15:00Z,2025-07-10,2025-07-10_22,0.0,0,0,100,82.66304347826218,82.66304347826218,0.0,0.0,0.0,True,False,True,False,0.0,1100.7900076833666,0.0,0.0,0.0,0.0,1100.7900076833666
2025-07-10T19:15:00Z,2025-07-10T19:30:00Z,2025-07-10,2025-07-10_22,0.0,0,0,100,82.66304347826218,82.66304347826218,0.0,0.0,0.0,True,False,True,False,0.0,1100.7900076833666,0.0,0.0,0.0,0.0,1100.7900076833666
2025-07-10T19:30:00Z,2025-07-10T19:45:00Z,2025-07-10,2025-07-10_22,0.0,0,0,100,82.66304347826218,82.66304347826218,0.0,0.0,0.0,True,False,True,False,0.0,1100.7900076833666,0.0,0.0,0.0,0.0,1100.7900076833666
2025-07-10T19:45:00Z,2025-07-10T20:00:00Z,2025-07-10,2025-07-10_22,0.0,0,0,100,82.66304347826218,82.66304347826218,0.0,0.0,0.0,True,False,True,False,0.0,1100.7900076833666,0.0,0.0,0.0,0.0,1100.7900076833666
2025-07-10T20:00:00Z,2025-07-10T20:15:00Z,2025-07-10,2025-07-10_23,100.0,0,100,0,82.66304347826218,67.28804347826218,0.04270833333333333,0.0,10.855,True,True,True,False,3081.25,0.0,0.0,72.90332748872122,0.0,3307.1469719655624,6461.300299454284
2025-07-10T20:15:00Z,2025-07-10T20:30:00Z,2025-07-10,2025-07-10_23,100.0,0,100,0,67.28804347826218,50.037500000001316,0.047918176328502406,0.0,9.1295,True,True,True,False,3081.25,0.0,0.0,72.90332748872122,0.0,-307.17164010323296,2846.9816873854884
2025-07-10T20:30:00Z,2025-07-10T20:45:00Z,2025-07-10,2025-07-10_23,100.0,0,100,0,50.037500000001316,28.467391304349142,0.05991696859903382,0.0,5.1555,True,True,True,False,3081.25,0.0,0.0,72.90332748872122,0.0,-216.03047193601134,2938.12285555271
2025-07-10T20:45:00Z,2025-07-10T21:00:00Z,2025-07-10,2025-07-10_23,100.0,0,100,0,28.467391304349142,10.000000000001318,0.05129830917874396,0.0,8.01,True,True,True,False,3081.25,0.0,0.0,72.90332748872122,0.0,-312.86641186784607,2841.2869156208753
2025-07-10T21:00:00Z,2025-07-10T21:15:00Z,2025-07-11,2025-07-10_24,2.0140008882048727e-14,100,100,0,10.000000000001318,14.410020000001314,0.012250055555555566,0.0,4.7935,True,True,True,False,5.464487909921871e-13,0.0,100.77007917438058,69.75026588411392,0.0,-201.44425542600544,-30.923910367510395
2025-07-10T21:15:00Z,2025-07-10T21:30:00Z,2025-07-11,2025-07-10_24,2.0140008882048727e-14,100,100,0,14.410020000001314,19.12502000000131,0.013097222222222232,0.0,5.125,True,True,True,False,5.464487909921871e-13,0.0,100.77007917438058,69.75026588411392,0.0,-210.90787115452792,-40.38752609603288
2025-07-10T21:30:00Z,2025-07-10T21:45:00Z,2025-07-11,2025-07-10_24,2.0140008882048727e-14,100,100,0,19.12502000000131,23.024900000001306,0.01083300000000001,0.0,4.239,True,True,True,False,5.464487909921871e-13,0.0,100.77007917438058,69.75026588411392,0.0,-178.3512455193603,-7.8309004608652595
2025-07-10T21:45:00Z,2025-07-10T22:00:00Z,2025-07-11,2025-07-10_24,2.0140008882048727e-14,100,100,0,23.024900000001306,28.588600000001303,0.015454722222222234,0.0,6.0475,True,True,True,False,5.464487909921871e-13,0.0,100.77007917438058,69.75026588411392,0.0,2549.172395812818,2719.692740871313
2025-07-10T22:00:00Z,2025-07-10T22:15:00Z,2025-07-11,2025-07-11_1,-31.73957175828468,66,34,34,28.588600000001303,37.96522430440678,0.02604617862334855,0.0,2.25709,True,True,True,False,-825.5462614329846,374.1580336392642,66.54724859179896,23.71509040059873,0.0,163.57879029424507,-197.5470985070776
2025-07-10T22:15:00Z,2025-07-10T22:30:00Z,2025-07-11,2025-07-11_1,-31.73957175828468,66,34,34,37.96522430440678,45.59846140858035,0.02122826279775875,0.00792,0.37077,True,True,True,False,-825.5462614329846,374.1580336392642,66.54724859179896,23.71509040059873,1.0903375743490764,-18.855203330444716,-378.89075455741835
2025-07-10T22:30:00Z,2025-07-10T22:45:00Z,2025-07-11,2025-07-11_1,-31.73957175828468,66,34,34,45.59846140858035,54.134904912985824,0.023712343067792994,0.0,1.3438500000000002,True,True,True,False,-825.5462614329846,374.1580336392642,66.54724859179896,23.71509040059873,0.0,-58.855569454839106,-419.9814582561618
2025-07-10T22:45:00Z,2025-07-10T23:00:00Z,2025-07-11,2025-07-11_1,-31.73957175828468,66,34,34,54.134904912985824,62.4329948173913,0.023050249734459655,0.0,1.08477,True,True,True,False,-825.5462614329846,374.1580336392642,66.54724859179896,23.71509040059873,0.0,-53.73792566864931,-414.863814469972
2025-07-10T23:00:00Z,2025-07-10T23:15:00Z,2025-07-11,2025-07-11_2,0.0,4,4,96,62.4329948173913,62.43141342608695,4.6814975845410625e-05,0.00848,0.0083,True,True,True,False,0.0,1056.4462126285107,4.033166581321149,2.7900106353645566,1.1674321503131524,-0.4506249064481822,1063.9861970890613
2025-07-10T23:15:00Z,2025-07-10T23:30:00Z,2025-07-11,2025-07-11_2,0.0,4,4,96,62.43141342608695,62.659665426086946,0.0006340333333333334,0.0,0.2481,True,True,True,False,0.0,1056.4462126285107,4.033166581321149,2.7900106353645566,0.0,-9.478217453814944,1053.7911723913815
2025-07-10T23:30:00Z,2025-07-10T23:45:00Z,2025-07-11,2025-07-11_2,0.0,4,4,96,62.659665426086946,63.15767982608695,0.0013833733333333334,0.0,0.54132,True,True,True,False,0.0,1056.4462126285107,4.033166581321149,2.7900106353645566,0.0,-17.494975388978613,1045.7744144562178
2025-07-10T23:45:00Z,2025-07-11T00:00:00Z,2025-07-11,2025-07-11_2,0.0,4,4,96,63.15767982608695,63.804347826086946,0.0017963000000000005,0.0,0.7029000000000001,True,True,True,False,0.0,1056.4462126285107,4.033166581321149,2.7900106353645566,0.0,-21.085615630046878,1042.1837742151495
2025-07-11T00:00:00Z,2025-07-11T00:15:00Z,2025-07-11,2025-07-11_3,0.0,1,1,99,63.804347826086946,63.88336202608695,0.0002194838888888889,0.0,0.085885,True,True,True,False,0.0,1089.4601567731518,1.0082916453302873,0.6975026588411392,0.0,-2.584009582660417,1088.5819414946627
2025-07-11T00:15:00Z,2025-07-11T00:30:00Z,2025-07-11,2025-07-11_3,0.0,1,1,99,63.88336202608695,63.97129102608695,0.0002442472222222222,0.0,0.095575,True,True,True,False,0.0,1089.4601567731518,1.0082916453302873,0.6975026588411392,0.0,-3.562424759719541,1087.6035263176036
2025-07-11T00:30:00Z,2025-07-11T00:45:00Z,2025-07-11,2025-07-11_3,0.0,1,1,99,63.97129102608695,64.01782462608695,0.00012926,0.0,0.05058,True,True,True,False,0.0,1089.4601567731518,1.0082916453302873,0.6975026588411392,0.0,-1.9977376610076023,1089.1682134163157
2025-07-11T00:45:00Z,2025-07-11T01:00:00Z,2025-07-11,2025-07-11_3,0.0,1,1,99,64.01782462608695,64.12982082608694,0.0003111005555555556,0.0,0.12173500000000001,True,True,True,False,0.0,1089.4601567731518,1.0082916453302873,0.6975026588411392,0.0,-3.5211658141962427,1087.644785263127
2025-07-11T01:00:00Z,2025-07-11T01:15:00Z,2025-07-11,2025-07-11_4,0.0,1,1,99,64.12982082608694,64.21202282608694,0.0002283388888888889,0.0,0.08935,True,True,True,False,0.0,1089.4601567731518,1.0082916453302873,0.6975026588411392,0.0,-2.4876832138496083,1088.6782678634736
2025-07-11T01:15:00Z,2025-07-11T01:30:00Z,2025-07-11,2025-07-11_4,0.0,1,1,99,64.21202282608694,64.27001042608694,0.00016107666666666668,0.0,0.06303,True,True,True,False,0.0,1089.4601567731518,1.0082916453302873,0.6975026588411392,0.0,-2.0035307145389374,1089.1624203627844
2025-07-11T01:30:00Z,2025-07-11T01:45:00Z,2025-07-11,2025-07-11_4,0.0,1,1,99,64.27001042608694,64.28213520869564,3.404227053140096e-05,6e-05,0.01325,True,True,True,False,0.0,1089.4601567731518,1.0082916453302873,0.6975026588411392,0.008260133139008155,-0.5585307933194155,1090.6156804171428
2025-07-11T01:45:00Z,2025-07-11T02:00:00Z,2025-07-11,2025-07-11_4,0.0,1,1,99,64.28213520869564,64.28806460869563,1.6470555555555556e-05,0.0,0.006444999999999999,True,True,True,False,0.0,1089.4601567731518,1.0082916453302873,0.6975026588411392,0.0,-0.2893370120534131,1090.8766140652697
2025-07-11T02:00:00Z,2025-07-11T02:15:00Z,2025-07-11,2025-07-11_5,0.0,1,1,99,64.28806460869563,64.31664900869563,7.940111111111112e-05,0.0,0.03107,True,True,True,False,0.0,1089.4601567731518,1.0082916453302873,0.6975026588411392,0.0,-1.2144800015756094,1089.9514710757476
2025-07-11T02:15:00Z,2025-07-11T02:30:00Z,2025-07-11,2025-07-11_5,0.0,1,1,99,64.31664900869563,64.34304840869564,7.333166666666666e-05,0.0,0.028695,True,True,True,False,0.0,1089.4601567731518,1.0082916453302873,0.6975026588411392,0.0,-1.1343889559617126,1090.0315621213615
2025-07-11T02:30:00Z,2025-07-11T02:45:00Z,2025-07-11,2025-07-11_5,0.0,1,1,99,64.34304840869564,64.37719880869564,9.486222222222223e-05,0.0,0.03712,True,True,True,False,0.0,1089.4601567731518,1.0082916453302873,0.6975026588411392,0.0,-1.4556005514633474,1089.71035052586
2025-07-11T02:45:00Z,2025-07-11T03:00:00Z,2025-07-11,2025-07-11_5,0.0,1,1,99,64.37719880869564,64.39086540869563,3.796277777777778e-05,0.0,0.014855,True,True,True,False,0.0,1089.4601567731518,1.0082916453302873,0.6975026588411392,0.0,-0.5961221914759522,1090.5698288858473
2025-07-11T03:00:00Z,2025-07-11T03:15:00Z,2025-07-11,2025-07-11_6,0.0,1,1,99,64.39086540869563,64.43525540869564,0.00012330555555555557,0.0,0.04825,True,True,True,False,0.0,1089.4601567731518,1.0082916453302873,0.6975026588411392,0.0,-1.7928352109347303,1089.3731158663884
2025-07-11T03:15:00Z,2025-07-11T03:30:00Z,2025-07-11,2025-07-11_6,0.0,1,1,99,64.43525540869564,64.46659060869564,8.704222222222223e-05,0.0,0.03406,True,True,True,False,0.0,1089.4601567731518,1.0082916453302873,0.6975026588411392,0.0,-1.4038161657541262,1089.762134911569
2025-07-11T03:30:00Z,2025-07-11T03:45:00Z,2025-07-11,2025-07-11_6,0.0,1,1,99,64.46659060869564,64.48200980869564,4.283111111111111e-05,0.0,0.01676,True,True,True,False,0.0,1089.4601567731518,1.0082916453302873,0.6975026588411392,0.0,-0.7637990231220704,1090.4021520542012
2025-07-11T03:45:00Z,2025-07-11T04:00:00Z,2025-07-11,2025-07-11_6,0.0,1,1,99,64.48200980869564,64.49833299130432,5.889893719806763e-05,0.002245,0.020395,True,True,True,False,0.0,1089.4601567731518,1.0082916453302873,0.6975026588411392,0.3090666482845551,-0.83571940855556,1090.6392983170522
2025-07-11T04:00:00Z,2025-07-11T04:15:00Z,2025-07-11,2025-07-11_7,0.0,1,1,99,64.49833299130432,64.50110451304344,1.2106884057971015e-05,0.00073,0.003875,True,True,True,False,0.0,1089.4601567731518,1.0336983495489818,0.6942529641154922,0.1004982865245992,-0.2337508616614803,1091.0548555116793
2025-07-11T04:15:00Z,2025-07-11T04:30:00Z,2025-07-11,2025-07-11_7,0.0,1,1,99,64.50110451304344,64.50140876521735,5.313743961352656e-06,0.00074,0.001205,True,True,True,False,0.0,1089.4601567731518,1.0336983495489818,0.6942529641154922,0.10187497538110057,-0.08363636014495607,1091.2063467020523
2025-07-11T04:30:00Z,2025-07-11T04:45:00Z,2025-07-11,2025-07-11_7,0.0,1,1,99,64.50140876521735,64.49640638260864,1.6297729468599034e-05,0.005,0.00047,True,True,True,False,0.0,1089.4601567731518,1.0336983495489818,0.6942529641154922,0.6885226690826014,-0.03594360499468231,1091.8406871509042
2025-07-11T04:45:00Z,2025-07-11T05:00:00Z,2025-07-11,2025-07-11_7,0.0,1,1,99,64.49640638260864,64.49841856521734,1.1507270531400967e-05,0.00098,0.0033450000000000003,True,True,True,False,0.0,1089.4601567731518,1.0336983495489818,0.6942529641154922,0.1349155079371332,-0.20362310335998743,1091.1194004913934
2025-07-11T05:00:00Z,2025-07-11T05:15:00Z,2025-07-11,2025-07-11_8,0.8222787642148707,0,1,99,64.49841856521734,64.32636786309797,0.0005220736554971111,0.0,0.04861,True,True,True,False,21.112007271216804,1089.4601567731518,0.0,0.6907078425966046,0.0,-1.9430883897270255,1109.3197834972382
2025-07-11T05:15:00Z,2025-07-11T05:30:00Z,2025-07-11,2025-07-11_8,0.8222787642148707,0,1,99,64.32636786309797,64.16389616128811,0.0005036949993291407,0.0,0.057670000000000006,True,True,True,False,21.112007271216804,1089.4601567731518,0.0,0.6907078425966046,0.0,-2.356571524796156,1108.906300362169
2025-07-11T05:30:00Z,2025-07-11T05:45:00Z,2025-07-11,2025-07-11_8,0.8222787642148707,0,1,99,64.16389616128811,64.01345107410523,0.000480620251656882,0.0,0.069045,True,True,True,False,21.112007271216804,1089.4601567731518,0.0,0.6907078425966046,0.0,-2.3386012279907034,1108.9242706589744
2025-07-11T05:45:00Z,2025-07-11T06:00:00Z,2025-07-11,2025-07-11_8,0.8222787642148707,0,1,99,64.01345107410523,63.80434782608669,0.000593164163820127,0.0,0.013565,True,True,True,False,21.112007271216804,1089.4601567731518,0.0,0.6907078425966046,0.0,-0.6285654557450664,1110.63430643122
2025-07-11T06:00:00Z,2025-07-11T06:15:00Z,2025-07-11,2025-07-11_9,0.0,1,1,99,63.80434782608669,63.81512065217365,3.0769927536231885e-05,0.00014000000000000001,0.011875,True,True,True,False,0.0,1089.4601567731518,1.0074053649505652,0.6975026588411392,0.019273643991019027,-0.5217759089297672,1090.6625625320048
2025-07-11T06:15:00Z,2025-07-11T06:30:00Z,2025-07-11,2025-07-11_9,0.0,1,1,99,63.81512065217365,63.83340074782582,5.2951956521739136e-05,0.00035999999999999997,0.020295,True,True,True,False,0.0,1089.4601567731518,1.0074053649505652,0.6975026588411392,0.04956079883404892,-0.8246027898136842,1090.3900228059638
2025-07-11T06:30:00Z,2025-07-11T06:45:00Z,2025-07-11,2025-07-11_9,0.0,1,1,99,63.83340074782582,63.88622714782582,0.00014674,0.0,0.05742,True,True,True,False,0.0,1089.4601567731518,1.0074053649505652,0.6975026588411392,0.0,-2.1979485760428563,1088.9671162209006
2025-07-11T06:45:00Z,2025-07-11T07:00:00Z,2025-07-11,2025-07-11_9,0.0,1,1,99,63.88622714782582,63.97564654782582,0.00024838722222222226,0.0,0.097195,True,True,True,False,0.0,1089.4601567731518,1.0074053649505652,0.6975026588411392,0.0,-3.175137484736282,1087.989927312207
2025-07-11T07:00:00Z,2025-07-11T07:15:00Z,2025-07-11,2025-07-11_10,15.601462545747374,13,29,71,63.97564654782582,60.30037160930396,0.011533869998606918,0.0020800000000000003,0.561005,True,True,True,False,351.5399548120527,781.3300114231695,13.11163193760586,20.227577106393035,0.2863512821522827,-23.27860271398747,1143.216923847386
2025-07-11T07:15:00Z,2025-07-11T07:30:00Z,2025-07-11,2025-07-11_10,15.601462545747374,13,29,71,60.30037160930396,56.58020906721502,0.011548302710308588,0.0,0.5143150000000001,True,True,True,False,351.5399548120527,781.3300114231695,13.11163193760586,20.227577106393035,0.0,-21.37272884251783,1144.8364464367032
2025-07-11T07:30:00Z,2025-07-11T07:45:00Z,2025-07-11,2025-07-11_10,15.601462545747374,13,29,71,56.58020906721502,52.017102226672584,0.012973533335752371,0.41502500000000003,0.12629500000000002,True,True,True,False,351.5399548120527,781.3300114231695,13.11163193760586,20.227577106393035,57.20730625910899,-5.292753965612322,1218.1237275727178
2025-07-11T07:45:00Z,2025-07-11T08:00:00Z,2025-07-11,2025-07-11_10,15.601462545747374,13,29,71,52.017102226672584,49.17782544347774,0.011161318747236136,0.0,1.386635,True,True,True,False,351.5399548120527,781.3300114231695,13.11163193760586,20.227577106393035,0.0,-52.931856671721754,1113.2773186074994
2025-07-11T08:00:00Z,2025-07-11T08:15:00Z,2025-07-11,2025-07-11_11,0.0,29,29,71,49.17782544347774,49.39706241739078,0.002001201739130435,0.23055,0.51069,True,True,True,False,0.0,781.3300114231695,29.249025091582304,20.13333595934927,31.743829853862216,-19.71448066727065,842.7417216606926
2025-07-11T08:15:00Z,2025-07-11T08:30:00Z,2025-07-11,2025-07-11_11,0.0,29,29,71,49.39706241739078,49.32676313912991,0.00031607688405797097,0.08467999999999999,0.023635000000000003,True,True,True,False,0.0,781.3300114231695,29.249025091582304,20.13333595934927,11.657801236853507,-1.8085751132469376,840.5615985977076
2025-07-11T08:30:00Z,2025-07-11T08:45:00Z,2025-07-11,2025-07-11_11,0.0,29,29,71,49.32676313912991,49.292723695651645,0.0001716295652173913,0.044079999999999994,0.015079999999999998,True,True,True,False,0.0,781.3300114231695,29.249025091582304,20.13333595934927,6.06844447945799,-1.132036538385788,835.6487804151733
2025-07-11T08:45:00Z,2025-07-11T09:00:00Z,2025-07-11,2025-07-11_11,0.0,29,29,71,49.292723695651645,49.35118214782556,0.0002578254106280193,0.015805,0.082215,True,True,True,False,0.0,781.3300114231695,29.249025091582304,20.13333595934927,2.175856737700398,-3.916150427384094,828.9720787844174
2025-07-11T09:00:00Z,2025-07-11T09:15:00Z,2025-07-11,2025-07-11_12,0.0,29,29,71,49.35118214782556,49.97709494782556,0.0017386466666666667,0.0,0.6803400000000001,True,True,True,False,0.0,781.3300114231695,29.249025091582304,20.227577106393035,0.0,-25.8699104108402,804.9367032103046
2025-07-11T09:15:00Z,2025-07-11T09:30:00Z,2025-07-11,2025-07-11_12,0.0,29,29,71,49.97709494782556,50.356582391303824,0.0010698926570048308,0.00261,0.41557,True,True,True,False,0.0,781.3300114231695,29.249025091582304,20.227577106393035,0.3336136605349194,-16.212337253318626,814.9278900283612
2025-07-11T09:30:00Z,2025-07-11T09:45:00Z,2025-07-11,2025-07-11_12,0.0,29,29,71,50.356582391303824,50.70622379130383,0.0009712261111111113,0.0,0.380045,True,True,True,False,0.0,781.3300114231695,29.249025091582304,20.227577106393035,0.0,-15.269015584748102,815.5375980363967
2025-07-11T09:45:00Z,2025-07-11T10:00:00Z,2025-07-11,2025-07-11_12,0.0,29,29,71,50.70622379130383,51.10932253043426,0.0011258479468599035,0.001015,0.43934999999999996,True,True,True,False,0.0,781.3300114231695,29.249025091582304,20.227577106393035,0.1297386457635798,-16.788562581242367,814.147789685666
2025-07-11T10:00:00Z,2025-07-11T10:15:00Z,2025-07-11,2025-07-11_13,0.0,100,100,0,51.10932253043426,51.897897313042954,0.0023686256038647348,0.029499999999999995,0.8920000000000001,True,True,True,False,0.0,0.0,100.85870721235278,69.75026588411392,3.520896521841887,-16.195103793280026,157.93476582502856
2025-07-11T10:15:00Z,2025-07-11T10:30:00Z,2025-07-11,2025-07-11_13,0.0,100,100,0,51.897897313042954,60.74369731304296,0.02457166666666667,0.0,9.615,True,True,True,False,0.0,0.0,100.85870721235278,69.75026588411392,0.0,375.8701087170599,546.4790818135266
2025-07-11T10:30:00Z,2025-07-11T10:45:00Z,2025-07-11,2025-07-11_13,0.0,100,100,0,60.74369731304296,62.732570356521215,0.005530685990338164,0.001,2.163,True,True,True,False,0.0,0.0,100.85870721235278,69.75026588411392,0.11935242446921653,-71.25665123882301,99.4716742821129
2025-07-11T10:45:00Z,2025-07-11T11:00:00Z,2025-07-11,2025-07-11_13,0.0,100,100,0,62.732570356521215,72.98505035652121,0.02847911111111111,0.0,11.144,True,True,True,False,0.0,0.0,100.85870721235278,69.75026588411392,0.0,6590.758344034349,6761.3673171308155
2025-07-11T11:00:00Z,2025-07-11T11:15:00Z,2025-07-11,2025-07-11_14,-29.0,29,0,71,72.98505035652121,79.6550503565212,0.01852777777777778,0.0,0.0,True,True,True,False,-291.3775,781.3300114231695,29.249025091582304,0.0,0.0,0.0,519.2015365147518
2025-07-11T11:15:00Z,2025-07-11T11:30:00Z,2025-07-11,2025-07-11_14,-29.0,29,0,71,79.6550503565212,86.2876983565212,0.018424022222222218,0.040600000000000004,0.0,True,True,True,False,-291.3775,781.3300114231695,29.249025091582304,0.0,4.797731122227913,0.0,523.9992676369797
2025-07-11T11:30:00Z,2025-07-11T11:45:00Z,2025-07-11,2025-07-11_14,-29.0,29,0,71,86.2876983565212,92.9463593565212,0.018496280555555553,0.012325000000000001,0.0,True,True,True,False,-291.3775,781.3300114231695,29.249025091582304,0.0,1.4564540906763306,0.0,520.6579906054282
2025-07-11T11:45:00Z,2025-07-11T12:00:00Z,2025-07-11,2025-07-11_14,-29.0,29,0,71,92.9463593565212,99.6119571565212,0.018515549444444446,0.004785,0.0,True,True,True,False,-291.3775,781.3300114231695,29.249025091582304,0.0,0.5654468822625754,0.0,519.7669833970143
2025-07-11T12:00:00Z,2025-07-11T12:15:00Z,2025-07-11,2025-07-11_15,-55.0,55,0,45,99.6119571565212,112.2376691565212,0.03507142222222222,0.0264,0.0,True,True,True,False,-440.55,495.20916216961444,55.472288966794025,0.0,3.1197069366211054,0.0,113.25115807302956
2025-07-11T12:15:00Z,2025-07-11T12:30:00Z,2025-07-11,2025-07-11_15,-55.0,55,0,45,112.2376691565212,124.6005141565212,0.034341236111111104,0.31212500000000004,0.0,True,True,True,False,-440.55,495.20916216961444,55.472288966794025,0.0,36.88403513609328,0.0,147.01548627250173
2025-07-11T12:30:00Z,2025-07-11T12:45:00Z,2025-07-11,2025-07-11_15,-55.0,55,0,45,124.6005141565212,137.2505141565212,0.03513888888888889,0.0,0.0,True,True,True,False,-440.55,495.20916216961444,55.472288966794025,0.0,0.0,0.0,110.13145113640846
2025-07-11T12:45:00Z,2025-07-11T13:00:00Z,2025-07-11,2025-07-11_15,-55.0,55,0,45,137.2505141565212,149.8736961565212,0.03506439444444444,0.02915,0.0,True,True,True,False,-440.55,495.20916216961444,55.472288966794025,0.0,3.4446764091858038,0.0,113.57612754559426
2025-07-11T13:00:00Z,2025-07-11T13:15:00Z,2025-07-11,2025-07-11_16,0.0,29,29,71,149.8736961565212,152.0398453565212,0.006017081111111111,0.0,2.35451,True,True,True,False,0.0,781.3300114231695,29.249025091582304,20.227577106393035,0.0,259.53309188167174,1090.3397055028165
2025-07-11T13:15:00Z,2025-07-11T13:30:00Z,2025-07-11,2025-07-11_16,0.0,29,29,71,152.0398453565212,153.3977239565212,0.003771885000000001,0.0,1.4759550000000001,True,True,True,False,0.0,781.3300114231695,29.249025091582304,20.227577106393035,0.0,-46.85039417713791,783.9562194440069
2025-07-11T13:30:00Z,2025-07-11T13:45:00Z,2025-07-11,2025-07-11_16,0.0,29,29,71,153.3977239565212,154.82201154782555,0.003957230024154591,0.000145,1.5483100000000003,True,True,True,False,0.0,781.3300114231695,29.249025091582304,20.227577106393035,0.017134754007956828,-38.59675129199985,792.2269970831529
2025-07-11T13:45:00Z,2025-07-11T14:00:00Z,2025-07-11,2025-07-11_16,0.0,29,29,71,154.82201154782555,156.17514852173858,0.0037613406280193246,0.000435,1.4713150000000002,True,True,True,False,0.0,781.3300114231695,29.249025091582304,20.227577106393035,0.0513185882538307,-33.66313314590145,797.1947990634972
2025-07-11T14:00:00Z,2025-07-11T14:15:00Z,2025-07-11,2025-07-11_17,15.000000000000236,14,29,71,156.17514852173858,153.96946140869505,0.010714335314009754,0.0005600000000000001,1.85919,True,True,True,False,351.03750000000554,781.3300114231695,14.12021900972939,20.227577106393035,0.06854689407964706,-64.56340646590775,1102.2204479674695
2025-07-11T14:15:00Z,2025-07-11T14:30:00Z,2025-07-11,2025-07-11_17,15.000000000000236,14,29,71,153.96946140869505,152.081325008695,0.010609343333333413,0.0,2.17413,True,True,True,False,351.03750000000554,781.3300114231695,14.12021900972939,20.227577106393035,0.0,-63.70251427305314,1103.0127932662442
2025-07-11T14:30:00Z,2025-07-11T14:45:00Z,2025-07-11,2025-07-11_17,15.000000000000236,14,29,71,152.081325008695,148.43612206086883,0.011192099299517068,0.00378,0.432245,True,True,True,False,351.03750000000554,781.3300114231695,14.12021900972939,20.227577106393035,0.4950211289242526,-18.724430468349944,1148.4858981998718
2025-07-11T14:45:00Z,2025-07-11T15:00:00Z,2025-07-11,2025-07-11_17,15.000000000000236,14,29,71,148.43612206086883,143.9999999999992,0.012330790169082303,0.33431999999999995,0.0033350000000000003,True,True,True,False,351.03750000000554,781.3300114231695,14.12021900972939,20.227577106393035,46.03369244101311,-0.19633569444991533,1212.5526642858606
2025-07-11T15:00:00Z,2025-07-11T15:15:00Z,2025-07-11,2025-07-11_18,0.0,0,0,100,143.9999999999992,143.9999999999992,0.0,0.0,0.0,True,False,True,False,0.0,1100.4648048213653,0.0,0.0,0.0,0.0,1100.4648048213653
2025-07-11T15:15:00Z,2025-07-11T15:30:00Z,2025-07-11,2025-07-11_18,0.0,0,0,100,143.9999999999992,143.9999999999992,0.0,0.0,0.0,True,False,True,False,0.0,1100.4648048213653,0.0,0.0,0.0,0.0,1100.4648048213653
2025-07-11T15:30:00Z,2025-07-11T15:45:00Z,2025-07-11,2025-07-11_18,0.0,0,0,100,143.9999999999992,143.9999999999992,0.0,0.0,0.0,True,False,True,False,0.0,1100.4648048213653,0.0,0.0,0.0,0.0,1100.4648048213653
2025-07-11T15:45:00Z,2025-07-11T16:00:00Z,2025-07-11,2025-07-11_18,0.0,0,0,100,143.9999999999992,143.9999999999992,0.0,0.0,0.0,True,False,True,False,0.0,1100.4648048213653,0.0,0.0,0.0,0.0,1100.4648048213653
2025-07-11T16:00:00Z,2025-07-11T16:15:00Z,2025-07-11,2025-07-11_19,0.0,0,0,100,143.9999999999992,143.9999999999992,0.0,0.0,0.0,True,True,True,False,0.0,1100.4648048213653,0.0,0.0,0.0,0.0,1100.4648048213653
2025-07-11T16:15:00Z,2025-07-11T16:30:00Z,2025-07-11,2025-07-11_19,0.0,0,0,100,143.9999999999992,143.9999999999992,0.0,0.0,0.0,True,True,True,False,0.0,1100.4648048213653,0.0,0.0,0.0,0.0,1100.4648048213653
2025-07-11T16:30:00Z,2025-07-11T16:45:00Z,2025-07-11,2025-07-11_19,0.0,0,0,100,143.9999999999992,143.9999999999992,0.0,0.0,0.0,True,True,True,False,0.0,1100.4648048213653,0.0,0.0,0.0,0.0,1100.4648048213653
2025-07-11T16:45:00Z,2025-07-11T17:00:00Z,2025-07-11,2025-07-11_19,0.0,0,0,100,143.9999999999992,143.9999999999992,0.0,0.0,0.0,True,True,True,False,0.0,1100.4648048213653,0.0,0.0,0.0,0.0,1100.4648048213653
2025-07-11T17:00:00Z,2025-07-11T17:15:00Z,2025-07-11,2025-07-11_20,36.99999999999999,0,37,63,143.9999999999992,133.9516847826079,0.02791198671497584,0.0,0.005549999999999999,True,True,True,False,1370.2949999999996,693.2928270374601,0.0,25.68735967227321,0.0,-0.4263008626462362,2088.848885847087
2025-07-11T17:15:00Z,2025-07-11T17:30:00Z,2025-07-11,2025-07-11_20,36.99999999999999,0,37,63,133.9516847826079,123.89773913043402,0.02792762681159419,0.0,0.00037000000000000005,True,True,True,False,1370.2949999999996,693.2928270374601,0.0,25.68735967227321,0.0,-0.028420057509749085,2089.2467666522234
2025-07-11T17:30:00Z,2025-07-11T17:45:00Z,2025-07-11,2025-07-11_20,36.99999999999999,0,37,63,123.89773913043402,118.12030978260793,0.01604841485507246,0.0,3.9347649999999996,True,True,True,False,1370.2949999999996,693.2928270374601,0.0,25.68735967227321,0.0,27.148282089258274,2116.423468798991
2025-07-11T17:45:00Z,2025-07-11T18:00:00Z,2025-07-11,2025-07-11_20,36.99999999999999,0,37,63,118.12030978260793,109.49569021739055,0.023957276570048307,0.0,1.31535,True,True,True,False,1370.2949999999996,693.2928270374601,0.0,25.68735967227321,0.0,-54.95097804978926,2034.3242086599437
2025-07-11T18:00:00Z,2025-07-11T18:15:00Z,2025-07-11,2025-07-11_21,0.0,0,0,100,109.49569021739055,109.49569021739055,0.0,0.0,0.0,True,True,True,False,0.0,1100.4648048213653,0.0,0.0,0.0,0.0,1100.4648048213653
2025-07-11T18:15:00Z,2025-07-11T18:30:00Z,2025-07-11,2025-07-11_21,0.0,0,0,100,109.49569021739055,109.49569021739055,0.0,0.0,0.0,True,True,True,False,0.0,1100.4648048213653,0.0,0.0,0.0,0.0,1100.4648048213653
2025-07-11T18:30:00Z,2025-07-11T18:45:00Z,2025-07-11,2025-07-11_21,0.0,0,0,100,109.49569021739055,109.49569021739055,0.0,0.0,0.0,True,True,True,False,0.0,1100.4648048213653,0.0,0.0,0.0,0.0,1100.4648048213653
2025-07-11T18:45:00Z,2025-07-11T19:00:00Z,2025-07-11,2025-07-11_21,0.0,0,0,100,109.49569021739055,109.49569021739055,0.0,0.0,0.0,True,True,True,False,0.0,1100.4648048213653,0.0,0.0,0.0,0.0,1100.4648048213653
2025-07-11T19:00:00Z,2025-07-11T19:15:00Z,2025-07-11,2025-07-11_22,100.0,0,100,0,109.49569021739055,84.03264673912969,0.07073067632850241,0.0,1.574,True,True,True,False,3405.25,0.0,0.0,69.75026588411392,0.0,-77.91042699019184,3397.089838893922
2025-07-11T19:15:00Z,2025-07-11T19:30:00Z,2025-07-11,2025-07-11_22,100.0,0,100,0,84.03264673912969,70.864711956521,0.03657759661835748,0.0,12.8855,True,True,True,False,3405.25,0.0,0.0,69.75026588411392,0.0,-64.87669318942767,3410.123572694686
2025-07-11T19:30:00Z,2025-07-11T19:45:00Z,2025-07-11,2025-07-11_22,100.0,0,100,0,70.864711956521,69.64677717391231,0.003383152173913042,0.0,23.8795,True,True,True,False,3405.25,0.0,0.0,69.75026588411392,0.0,1294.1274308701306,4769.127696754244
2025-07-11T19:45:00Z,2025-07-11T20:00:00Z,2025-07-11,2025-07-11_22,100.0,0,100,0,69.64677717391231,64.40003804347752,0.014574275362318843,0.0,20.173,True,True,True,False,3405.25,0.0,0.0,69.75026588411392,0.0,-115.30720565643831,3359.6930602276757
2025-07-11T20:00:00Z,2025-07-11T20:15:00Z,2025-07-11,2025-07-11_23,0.0,0,0,100,64.40003804347752,64.40003804347752,0.0,0.0,0.0,True,True,True,False,0.0,1100.4648048213653,0.0,0.0,0.0,0.0,1100.4648048213653
2025-07-11T20:15:00Z,2025-07-11T20:30:00Z,2025-07-11,2025-07-11_23,0.0,0,0,100,64.40003804347752,64.40003804347752,0.0,0.0,0.0,True,True,True,False,0.0,1100.4648048213653,0.0,0.0,0.0,0.0,1100.4648048213653
2025-07-11T20:30:00Z,2025-07-11T20:45:00Z,2025-07-11,2025-07-11_23,0.0,0,0,100,64.40003804347752,64.40003804347752,0.0,0.0,0.0,True,True,True,False,0.0,1100.4648048213653,0.0,0.0,0.0,0.0,1100.4648048213653
2025-07-11T20:45:00Z,2025-07-11T21:00:00Z,2025-07-11,2025-07-11_23,0.0,0,0,100,64.40003804347752,64.40003804347752,0.0,0.0,0.0,True,True,True,False,0.0,1100.4648048213653,0.0,0.0,0.0,0.0,1100.4648048213653
2025-07-11T21:00:00Z,2025-07-11T21:15:00Z,2025-07-12,2025-07-11_24,0.0,100,100,0,64.40003804347752,64.89177804347752,0.0013659444444444444,0.0,0.5345,True,True,True,False,0.0,0.0,97.39224562094076,65.74493209998032,0.0,-28.34932877386341,134.78784894705765
2025-07-11T21:15:00Z,2025-07-11T21:30:00Z,2025-07-12,2025-07-11_24,0.0,100,100,0,64.89177804347752,71.79591804347751,0.01917816666666667,0.0,7.5045,True,True,True,False,0.0,0.0,97.39224562094076,65.74493209998032,0.0,6675.563652824248,6838.700830545169
2025-07-11T21:30:00Z,2025-07-11T21:45:00Z,2025-07-12,2025-07-11_24,0.0,100,100,0,71.79591804347751,79.77967804347752,0.022177111111111113,0.0,8.678,True,True,True,False,0.0,0.0,97.39224562094076,65.74493209998032,0.0,3525.343136784098,3688.480314505019
2025-07-11T21:45:00Z,2025-07-11T22:00:00Z,2025-07-12,2025-07-11_24,0.0,100,100,0,79.77967804347752,93.99965804347752,0.03949994444444445,0.0,15.4565,True,True,True,False,0.0,0.0,97.39224562094076,65.74493209998032,0.0,9469.325403070261,9632.462580791182
2025-07-11T22:00:00Z,2025-07-11T22:15:00Z,2025-07-12,2025-07-12_1,80.2844400879962,19,100,0,93.99965804347752,98.01248696944741,0.013546553649648132,0.0,24.505,True,True,True,False,2429.4071570627652,0.0,18.504526667978745,65.74493209998032,0.0,28514.97485731155,31028.631473142275
2025-07-11T22:15:00Z,2025-07-11T22:30:00Z,2025-07-12,2025-07-12_1,80.2844400879962,19,100,0,98.01248696944741,79.18953694111089,0.055147795353050505,0.0,2.84,True,True,True,False,2429.4071570627652,0.0,18.504526667978745,65.74493209998032,0.0,-108.05358787640228,2405.603027954322
2025-07-11T22:30:00Z,2025-07-11T22:45:00Z,2025-07-12,2025-07-12_1,80.2844400879962,19,100,0,79.18953694111089,61.16682059269954,0.05369026014953141,0.000285,3.5995,True,True,True,False,2429.4071570627652,0.0,18.504526667978745,65.74493209998032,0.033598701043101746,1900.3022202322375,4413.992434764004
2025-07-11T22:45:00Z,2025-07-11T23:00:00Z,2025-07-12,2025-07-12_1,80.2844400879962,19,100,0,61.16682059269954,45.05960490434782,0.050200387125549174,0.0,5.4165,True,True,True,False,2429.4071570627652,0.0,18.504526667978745,65.74493209998032,0.0,1042.4742372564456,3556.1308530871697
2025-07-11T23:00:00Z,2025-07-11T23:15:00Z,2025-07-12,2025-07-12_2,0.0,39,39,61,45.05960490434782,46.32349655652173,0.003555556521739131,0.007409999999999999,1.3825500000000002,True,True,True,False,0.0,670.8079118283803,37.83330053139145,25.64052351899232,1.0117282365676046,-59.64311448533753,675.6503496299941
2025-07-11T23:15:00Z,2025-07-11T23:30:00Z,2025-07-12,2025-07-12_2,0.0,39,39,61,46.32349655652173,46.09285869565216,0.000706440724637681,0.22307999999999997,0.01287,True,True,True,False,0.0,670.8079118283803,37.83330053139145,25.64052351899232,30.661579862231836,-0.9448722889195039,763.9984434520763
2025-07-11T23:30:00Z,2025-07-11T23:45:00Z,2025-07-12,2025-07-12_2,0.0,39,39,61,46.09285869565216,43.15217391304346,0.008168568840579711,2.7054300000000002,0.0,True,True,True,False,0.0,670.8079118283803,37.83330053139145,25.64052351899232,385.4388476067703,0.0,1119.7205834855345
2025-07-11T23:45:00Z,2025-07-12T00:00:00Z,2025-07-12,2025-07-12_2,0.0,39,39,61,43.15217391304346,43.568800399999986,0.0035429842028985503,0.3950699999999999,0.91962,True,True,True,False,0.0,670.8079118283803,37.83330053139145,25.64052351899232,54.38568920488091,38.93064033064358,827.5980654142885
2025-07-12T00:00:00Z,2025-07-12T00:15:00Z,2025-07-12,2025-07-12_3,2.000000000000007,37,39,61,43.568800399999986,44.766306008695636,0.005765112198067635,0.0,1.874925,True,True,True,False,53.28000000000019,670.8079118283803,36.03513087974808,25.64052351899232,0.0,-79.82545771009643,705.9381085170245
2025-07-12T00:15:00Z,2025-07-12T00:30:00Z,2025-07-12,2025-07-12_3,2.000000000000007,37,39,61,44.766306008695636,44.697008904347804,0.0026707930676328545,0.00037000000000000005,0.511095,True,True,True,False,53.28000000000019,670.8079118283803,36.03513087974808,25.64052351899232,0.047296791970084635,-27.512220714426288,758.2986423046647
2025-07-12T00:30:00Z,2025-07-12T00:45:00Z,2025-07-12,2025-07-12_3,2.000000000000007,37,39,61,44.697008904347804,44.77087777391302,0.0030238809178744002,0.000925,0.665925,True,True,True,False,53.28000000000019,670.8079118283803,36.03513087974808,25.64052351899232,0.10904841566620743,-32.71407348947057,753.1585411533165
2025-07-12T00:45:00Z,2025-07-12T01:00:00Z,2025-07-12,2025-07-12_3,2.000000000000007,37,39,61,44.77087777391302,45.18718922608693,0.003858805966183579,0.000555,1.03428,True,True,True,False,53.28000000000019,670.8079118283803,36.03513087974808,25.64052351899232,0.07646132651052942,-51.20775037197402,734.6322771816574
2025-07-12T01:00:00Z,2025-07-12T01:15:00Z,2025-07-12,2025-07-12_4,0.0,39,39,61,45.18718922608693,45.31296795652171,0.0004070846376811594,0.009555,0.148005,True,True,True,False,0.0,670.8079118283803,37.98297579216689,25.64052351899232,1.238851541035229,-8.376453811257624,727.2938088693171
2025-07-12T01:15:00Z,2025-07-12T01:30:00Z,2025-07-12,2025-07-12_4,0.0,39,39,61,45.31296795652171,45.3728611043478,0.0002841234782608696,0.0195,0.08814,True,True,True,False,0.0,670.8079118283803,37.98297579216689,25.64052351899232,2.6050787246605,-5.169087478842748,731.8674023853572
2025-07-12T01:30:00Z,2025-07-12T01:45:00Z,2025-07-12,2025-07-12_4,0.0,39,39,61,45.3728611043478,45.23733983478258,0.00038541797101449276,0.126165,0.0017549999999999998,True,True,True,False,0.0,670.8079118283803,37.98297579216689,25.64052351899232,17.245844211769334,-0.13470773469789407,751.5425476166109
2025-07-12T01:45:00Z,2025-07-12T02:00:00Z,2025-07-12,2025-07-12_4,0.0,39,39,61,45.23733983478258,45.18510493043476,0.00022582695652173914,0.061425,0.015795,True,True,True,False,0.0,670.8079118283803,37.98297579216689,25.64052351899232,8.361621683723675,-1.177214002164928,741.6158188210982
2025-07-12T02:00:00Z,2025-07-12T02:15:00Z,2025-07-12,2025-07-12_5,0.0,39,39,61,45.18510493043476,43.65011579999998,0.0042638586956521745,1.41219,0.0,True,True,True,False,0.0,670.8079118283803,37.98297579216689,25.64052351899232,194.49700147215114,0.0,928.9284126116906
2025-07-12T02:15:00Z,2025-07-12T02:30:00Z,2025-07-12,2025-07-12_5,0.0,39,39,61,43.65011579999998,44.156225921739114,0.002151241884057971,0.12343499999999999,0.695955,True,True,True,False,0.0,670.8079118283803,37.98297579216689,25.64052351899232,16.977280509742176,-27.590691500688834,723.8180001485928
2025-07-12T02:30:00Z,2025-07-12T02:45:00Z,2025-07-12,2025-07-12_5,0.0,39,39,61,44.156225921739114,46.614902921739116,0.006829658333333334,0.0,2.672475,True,True,True,False,0.0,670.8079118283803,37.98297579216689,25.64052351899232,0.0,-101.1958615577642,633.2355495817753
2025-07-12T02:45:00Z,2025-07-12T03:00:00Z,2025-07-12,2025-07-12_5,0.0,39,39,61,46.614902921739116,50.158591121739114,0.009843578333333335,0.0,3.8518350000000003,True,True,True,False,0.0,670.8079118283803,37.98297579216689,25.64052351899232,0.0,-144.03634127140327,590.3950698681363
2025-07-12T03:00:00Z,2025-07-12T03:15:00Z,2025-07-12,2025-07-12_6,0.0,39,39,61,50.158591121739114,50.55299676521737,0.0011509154347826088,0.009165,0.43953000000000003,True,True,True,False,0.0,670.8079118283803,39.60637669750049,25.548415666207436,1.2587688279866167,-18.60515524699862,718.6163177730762
2025-07-12T03:15:00Z,2025-07-12T03:30:00Z,2025-07-12,2025-07-12_6,0.0,39,39,61,50.55299676521737,50.559742408695634,0.00020949876811594202,0.03159,0.044655,True,True,True,False,0.0,670.8079118283803,39.60637669750049,25.548415666207436,4.300436664042511,-3.3661573538673486,736.8969835022633
2025-07-12T03:30:00Z,2025-07-12T03:45:00Z,2025-07-12,2025-07-12_6,0.0,39,39,61,50.559742408695634,50.83092500869563,0.0009699516666666666,0.03588,0.337155,True,True,True,False,0.0,670.8079118283803,39.60637669750049,25.548415666207436,4.9069307222987595,-13.867083625270615,727.0025512891164
2025-07-12T03:45:00Z,2025-07-12T04:00:00Z,2025-07-12,2025-07-12_6,0.0,39,39,61,50.83092500869563,51.98087900869563,0.003194316666666667,0.0,1.2499500000000001,True,True,True,False,0.0,670.8079118283803,39.60637669750049,25.548415666207436,0.0,-48.71533137177721,687.2473728203109
2025-07-12T04:00:00Z,2025-07-12T04:15:00Z,2025-07-12,2025-07-12_7,-18.803152388831936,39,20,61,51.98087900869563,56.24227579362858,0.012250663251636568,0.13221000000000002,0.0758,True,True,True,False,-394.39612135574987,670.8079118283803,39.22643180476284,13.101751623696122,18.152321111985827,-3.4828913993308404,343.40940361374436
2025-07-12T04:15:00Z,2025-07-12T04:30:00Z,2025-07-12,2025-07-12_7,-18.803152388831936,39,20,61,56.24227579362858,58.22581557580125,0.012784234755842672,2.326155,0.0,True,True,True,False,-394.39612135574987,670.8079118283803,39.22643180476284,13.101751623696122,356.4030217752411,0.0,685.1429956763304
2025-07-12T04:30:00Z,2025-07-12T04:45:00Z,2025-07-12,2025-07-12_7,-18.803152388831936,39,20,61,58.22581557580125,61.23088853896825,0.012447775240001761,1.3111800000000002,0.0,True,True,True,False,-394.39612135574987,670.8079118283803,39.22643180476284,13.101751623696122,192.27663759889788,0.0,521.0166114999872
2025-07-12T04:45:00Z,2025-07-12T05:00:00Z,2025-07-12,2025-07-12_7,-18.803152388831936,39,20,61,61.23088853896825,64.16471913043479,0.012471240139953777,1.381965,0.0,True,True,True,False,-394.39612135574987,670.8079118283803,39.22643180476284,13.101751623696122,190.39076953355638,0.0,519.1307434346458
2025-07-12T05:00:00Z,2025-07-12T05:15:00Z,2025-07-12,2025-07-12_8,1.6856986820905057e-15,100,100,0,64.16471913043479,38.980480000000014,0.06995621980676328,23.1695,0.0,True,True,True,False,3.6453234000207183e-14,0.0,97.39224562094076,65.42019287541822,29130.979061798855,0.0,29293.791500295214
2025-07-12T05:15:00Z,2025-07-12T05:30:00Z,2025-07-12,2025-07-12_8,1.6856986820905057e-15,100,100,0,38.980480000000014,35.21308869565219,0.01046497584541063,3.466,0.0,True,True,True,False,3.6453234000207183e-14,0.0,97.39224562094076,65.42019287541822,2124.2166494784487,0.0,2287.0290879748077
2025-07-12T05:30:00Z,2025-07-12T05:45:00Z,2025-07-12,2025-07-12_8,1.6856986820905057e-15,100,100,0,35.21308869565219,35.187138260869574,0.00028419565217391426,0.05899999999999999,0.0415,True,True,True,False,3.6453234000207183e-14,0.0,97.39224562094076,65.42019287541822,7.831335563865379,-3.185396575477268,167.45837748474713
2025-07-12T05:45:00Z,2025-07-12T06:00:00Z,2025-07-12,2025-07-12_8,1.6856986820905057e-15,100,100,0,35.187138260869574,35.158695652173925,0.0006003405797101462,0.11250000000000002,0.10199999999999998,True,True,True,False,3.6453234000207183e-14,0.0,97.39224562094076,65.42019287541822,15.290191399330839,-7.644158236567603,170.45847165912224
2025-07-12T06:00:00Z,2025-07-12T06:15:00Z,2025-07-12,2025-07-12_9,0.0,100,100,0,35.158695652173925,10.000000000000014,0.06988526570048309,23.146,0.0,True,True,True,False,0.0,0.0,97.39224562094076,65.74493209998032,30114.267066719152,0.0,30277.404244440073
2025-07-12T06:15:00Z,2025-07-12T06:30:00Z,2025-07-12,2025-07-12_9,0.0,100,100,0,10.000000000000014,12.281748695652189,0.01796258695652174,1.925,4.7545,True,True,True,False,0.0,0.0,97.39224562094076,65.74493209998032,338.93790592403064,-178.39995660303092,323.6751270419208
2025-07-12T06:30:00Z,2025-07-12T06:45:00Z,2025-07-12,2025-07-12_9,0.0,100,100,0,12.281748695652189,15.575060869565231,0.009241688405797102,0.0155,3.598,True,True,True,False,0.0,0.0,97.39224562094076,65.74493209998032,2.125467624483369,-153.09663491438693,12.166010431017517
2025-07-12T06:45:00Z,2025-07-12T07:00:00Z,2025-07-12,2025-07-12_9,0.0,100,100,0,15.575060869565231,18.396240869565233,0.007836611111111112,0.0,3.0665,True,True,True,False,0.0,0.0,97.39224562094076,65.74493209998032,0.0,-126.01256986813618,37.12460785278489
2025-07-12T07:00:00Z,2025-07-12T07:15:00Z,2025-07-12,2025-07-12_10,0.0,100,100,0,18.396240869565233,18.709423478260884,0.003385048309178744,0.4164999999999999,0.8325000000000001,True,True,True,False,0.0,0.0,97.36272387325327,65.8334973430427,49.182657842944295,-37.46905382798662,174.90982523125365
2025-07-12T07:15:00Z,2025-07-12T07:30:00Z,2025-07-12,2025-07-12_10,0.0,100,100,0,18.709423478260884,19.222366086956537,0.001439937198067633,0.0025,0.5605,True,True,True,False,0.0,0.0,97.36272387325327,65.8334973430427,0.29492225939775635,-29.54147185593387,133.94967161975984
2025-07-12T07:30:00Z,2025-07-12T07:45:00Z,2025-07-12,2025-07-12_10,0.0,100,100,0,19.222366086956537,26.077746086956537,0.01904272222222222,0.0,7.451499999999999,True,True,True,False,0.0,0.0,97.36272387325327,65.8334973430427,0.0,1107.1966948435345,1270.3929160598304
2025-07-12T07:45:00Z,2025-07-12T08:00:00Z,2025-07-12,2025-07-12_10,0.0,100,100,0,26.077746086956537,36.77964608695654,0.0297275,0.0,11.6325,True,True,True,False,0.0,0.0,97.36272387325327,65.8334973430427,0.0,2197.1734319031684,2360.3696531194646
2025-07-12T08:00:00Z,2025-07-12T08:15:00Z,2025-07-12,2025-07-12_11,6.640255111694784,44,51,49,36.77964608695654,36.91752107011631,0.008801748403396339,0.0030800000000000003,2.0660100000000003,True,True,True,False,30.196560120432032,538.8456996654202,42.83959850423144,33.3944105491045,0.36366489273765007,-38.13762565046251,607.5023080814633
2025-07-12T08:15:00Z,2025-07-12T08:30:00Z,2025-07-12,2025-07-12_11,6.640255111694784,44,51,49,36.91752107011631,36.866629343775394,0.008419190034292874,0.0,1.86201,True,True,True,False,30.196560120432032,538.8456996654202,42.83959850423144,33.3944105491045,0.0,-70.70800658531783,574.5682622538703
2025-07-12T08:30:00Z,2025-07-12T08:45:00Z,2025-07-12,2025-07-12_11,6.640255111694784,44,51,49,36.866629343775394,39.37182151342798,0.013385399062750684,0.0,4.57623,True,True,True,False,30.196560120432032,538.8456996654202,42.83959850423144,33.3944105491045,0.0,-171.1245227317457,474.1517461074424
2025-07-12T08:45:00Z,2025-07-12T09:00:00Z,2025-07-12,2025-07-12_11,6.640255111694784,44,51,49,39.37182151342798,43.1521739130435,0.01586290469419666,0.0,5.93028,True,True,True,False,30.196560120432032,538.8456996654202,42.83959850423144,33.3944105491045,0.0,1211.3247585121037,1856.6010273512918
2025-07-12T09:00:00Z,2025-07-12T09:15:00Z,2025-07-12,2025-07-12_12,-5.807614242622593,39,33,61,43.1521739130435,44.50865913727791,0.00396444288158247,0.03822,0.06666,True,True,True,False,-4.355710681966945,670.8079118283803,37.971462310568775,21.725054123204092,4.5127055815784285,-3.6604618382208223,727.0009613235438
2025-07-12T09:15:00Z,2025-07-12T09:30:00Z,2025-07-12,2025-07-12_12,-5.807614242622593,39,33,61,44.50865913727791,45.83401939806189,0.003933104855592632,0.048945,0.04521000000000001,True,True,True,False,-4.355710681966945,670.8079118283803,37.971462310568775,21.725054123204092,5.779035658334974,-3.1282098976579418,728.7995433408632
2025-07-12T09:30:00Z,2025-07-12T09:45:00Z,2025-07-12,2025-07-12_12,-5.807614242622593,39,33,61,45.83401939806189,47.190699990823724,0.0039449418607302895,0.034319999999999996,0.06237,True,True,True,False,-4.355710681966945,670.8079118283803,37.971462310568775,21.725054123204092,4.052090328675457,-4.131653452076363,726.0691544567853
2025-07-12T09:45:00Z,2025-07-12T10:00:00Z,2025-07-12,2025-07-12_12,-5.807614242622593,39,33,61,47.190699990823724,48.503273831910874,0.003840462446163918,0.03783,0.018480000000000003,True,True,True,False,-4.355710681966945,670.8079118283803,37.971462310568775,21.725054123204092,4.465391850029523,-1.438268466837237,729.1758409633785
2025-07-12T10:00:00Z,2025-07-12T10:15:00Z,2025-07-12,2025-07-12_13,-39.0,39,0,61,48.503273831910874,57.417659831910875,0.024762183333333337,0.06045,0.0,True,True,True,False,-2.145,670.8079118283803,37.971462310568775,0.0,7.137394912418814,0.0,713.7717690513679
2025-07-12T10:15:00Z,2025-07-12T10:30:00Z,2025-07-12,2025-07-12_13,-39.0,39,0,61,57.417659831910875,66.30567403191087,0.024688928333333336,0.089115,0.0,True,True,True,False,-2.145,670.8079118283803,37.971462310568775,0.0,10.522638164731351,0.0,717.1570123036804
2025-07-12T10:30:00Z,2025-07-12T10:45:00Z,2025-07-12,2025-07-12_13,-39.0,39,0,61,66.30567403191087,75.24858463191087,0.024841418333333334,0.029445000000000002,0.0,True,True,True,False,-2.145,670.8079118283803,37.971462310568775,0.0,3.4757675408384174,0.0,710.1101416797875
2025-07-12T10:45:00Z,2025-07-12T11:00:00Z,2025-07-12,2025-07-12_13,-39.0,39,0,61,75.24858463191087,83.42168983191088,0.02270307,0.86619,0.0,True,True,True,False,-2.145,670.8079118283803,37.971462310568775,0.0,103.15963195040345,0.0,809.7940060893525
2025-07-12T11:00:00Z,2025-07-12T11:15:00Z,2025-07-12,2025-07-12_14,-39.0,39,0,61,83.42168983191088,92.35742443191089,0.024821484999999997,0.037245,0.0,True,True,True,False,-0.0,670.8079118283803,37.971462310568775,0.0,4.397878751230072,0.0,713.1772528901791
2025-07-12T11:15:00Z,2025-07-12T11:30:00Z,2025-07-12,2025-07-12_14,-39.0,39,0,61,92.35742443191089,101.32742443191088,0.024916666666666667,0.0,0.0,True,True,True,False,-0.0,670.8079118283803,37.971462310568775,0.0,0.0,0.0,708.779374138949
2025-07-12T11:30:00Z,2025-07-12T11:45:00Z,2025-07-12,2025-07-12_14,-39.0,39,0,61,101.32742443191088,110.29742443191088,0.02491666666666667,0.0,0.0,True,True,True,False,-0.0,670.8079118283803,37.971462310568775,0.0,0.0,0.0,708.779374138949
2025-07-12T11:45:00Z,2025-07-12T12:00:00Z,2025-07-12,2025-07-12_14,-39.0,39,0,61,110.29742443191088,119.26742443191088,0.02491666666666667,0.0,0.0,True,True,True,False,-0.0,670.8079118283803,37.971462310568775,0.0,0.0,0.0,708.779374138949
2025-07-12T12:00:00Z,2025-07-12T12:15:00Z,2025-07-12,2025-07-12_15,0.0,39,39,61,119.26742443191088,122.07108763191088,0.007787953333333334,0.0,3.04746,True,True,True,False,0.0,670.8079118283803,37.971462310568775,25.721117890179094,0.0,5.883798976579413,740.3842910057076
2025-07-12T12:15:00Z,2025-07-12T12:30:00Z,2025-07-12,2025-07-12_15,0.0,39,39,61,122.07108763191088,123.97918603191088,0.0053002733333333335,0.0,2.07402,True,True,True,False,0.0,670.8079118283803,37.971462310568775,25.721117890179094,0.0,587.2921734579807,1321.7926654871087
2025-07-12T12:30:00Z,2025-07-12T12:45:00Z,2025-07-12,2025-07-12_15,0.0,39,39,61,123.97918603191088,125.82808243191089,0.005135823333333333,0.0,2.00967,True,True,True,False,0.0,670.8079118283803,37.971462310568775,25.721117890179094,0.0,-75.15002952174768,659.3504625073805
2025-07-12T12:45:00Z,2025-07-12T13:00:00Z,2025-07-12,2025-07-12_15,0.0,39,39,61,125.82808243191089,126.70985954495436,0.0026366091304347826,0.031005,0.995085,True,True,True,False,0.0,670.8079118283803,37.971462310568775,25.721117890179094,3.6605609929147804,-37.75584761365873,700.4052054083842
2025-07-12T13:00:00Z,2025-07-12T13:15:00Z,2025-07-12,2025-07-12_16,-39.0,39,0,61,126.70985954495436,135.59285054495436,0.024674975000000002,0.094575,0.0,True,True,True,False,-2.145,670.8079118283803,37.971462310568775,0.0,11.16703479629994,0.0,717.801408935249
2025-07-12T13:15:00Z,2025-07-12T13:30:00Z,2025-07-12,2025-07-12_16,-39.0,39,0,61,135.59285054495436,144.51225974495435,0.024776136666666664,0.05498999999999999,0.0,True,True,True,False,-2.145,670.8079118283803,37.971462310568775,0.0,6.492380659319029,0.0,713.126754798268
2025-07-12T13:30:00Z,2025-07-12T13:45:00Z,2025-07-12,2025-07-12_16,-39.0,39,0,61,144.51225974495435,153.41354954495435,0.024725805,0.074685,0.0,True,True,True,False,-2.145,670.8079118283803,37.971462310568775,0.0,8.818371477071441,0.0,715.4527456160205
2025-07-12T13:45:00Z,2025-07-12T14:00:00Z,2025-07-12,2025-07-12_16,-39.0,39,0,61,153.41354954495435,161.90616614495437,0.02359060166666667,0.518895,0.0,True,True,True,False,-2.145,670.8079118283803,37.971462310568775,0.0,65.71594287738634,0.0,772.3503170163353
2025-07-12T14:00:00Z,2025-07-12T14:15:00Z,2025-07-12,2025-07-12_17,-0.30825977850339176,39,38,61,161.90616614495437,161.86900073467115,0.0006783078641945859,0.13045500000000002,0.03648,True,True,True,False,-2.5693452538257704,670.8079118283803,37.98297579216689,25.016728990356228,17.7525865016729,-2.8000787246604992,746.19077913409
2025-07-12T14:15:00Z,2025-07-12T14:30:00Z,2025-07-12,2025-07-12_17,-0.30825977850339176,39,38,61,161.86900073467115,161.88626329325334,0.000495383209371793,0.074685,0.02983,True,True,True,False,-2.5693452538257704,670.8079118283803,37.98297579216689,25.016728990356228,9.757056536114938,-2.2746886754575866,738.720639217735
2025-07-12T14:30:00Z,2025-07-12T14:45:00Z,2025-07-12,2025-07-12_17,-0.30825977850339176,39,38,61,161.88626329325334,161.92484525243145,0.00041091161539788784,0.050699999999999995,0.0247,True,True,True,False,-2.5693452538257704,670.8079118283803,37.98297579216689,25.016728990356228,6.567211611887422,-1.8958866364888798,735.9095963324762
2025-07-12T14:45:00Z,2025-07-12T15:00:00Z,2025-07-12,2025-07-12_17,-0.30825977850339176,39,38,61,161.92484525243145,161.8513683100339,0.0006755737224098272,0.146835,0.01634,True,True,True,False,-2.5693452538257704,670.8079118283803,37.98297579216689,25.016728990356228,19.664070374926197,-1.2048410431017516,749.6975006889021
2025-07-12T15:00:00Z,2025-07-12T15:15:00Z,2025-07-12,2025-07-12_18,26.26300599546329,73,100,0,161.8513683100339,174.36223740411182,0.042072275513263584,0.0,20.3845,True,True,True,False,596.104578582028,0.0,71.09633930328675,65.47923637079315,0.0,19813.364904546346,20546.045058802454
2025-07-12T15:15:00Z,2025-07-12T15:30:00Z,2025-07-12,2025-07-12_18,26.26300599546329,73,100,0,174.36223740411182,170.02065361606267,0.02299695363752942,0.001825,2.902,True,True,True,False,596.104578582028,0.0,71.09633930328675,65.47923637079315,0.22233320212556582,-114.58759181263531,618.3148956455982
2025-07-12T15:30:00Z,2025-07-12T15:45:00Z,2025-07-12,2025-07-12_18,26.26300599546329,73,100,0,170.02065361606267,164.9173500647276,0.022173193707898324,0.01095,2.122,True,True,True,False,596.104578582028,0.0,71.09633930328675,65.47923637079315,1.463304467624483,-85.93035032473922,648.2131083989932
2025-07-12T15:45:00Z,2025-07-12T16:00:00Z,2025-07-12,2025-07-12_18,26.26300599546329,73,100,0,164.9173500647276,157.37475299999983,0.021064721903939657,0.40004000000000006,0.03,True,True,True,False,596.104578582028,0.0,71.09633930328675,65.47923637079315,54.911926384569966,-2.063174571934658,785.5289060687433
2025-07-12T16:00:00Z,2025-07-12T16:15:00Z,2025-07-12,2025-07-12_19,0.0,35,35,65,157.37475299999983,159.19872199999983,0.005066580555555556,0.0,1.982575,True,True,True,False,0.0,714.7953158827002,34.087285967329265,23.01072623499311,0.0,-78.01731123302498,693.8760168519975
2025-07-12T16:15:00Z,2025-07-12T16:30:00Z,2025-07-12,2025-07-12_19,0.0,35,35,65,159.19872199999983,160.015733695652,0.0027376230676328505,0.077525,0.97965,True,True,True,False,0.0,714.7953158827002,34.087285967329265,23.01072623499311,10.65833718264121,-40.69239745128912,741.8592678163747
2025-07-12T16:30:00Z,2025-07-12T16:45:00Z,2025-07-12,2025-07-12_19,0.0,35,35,65,160.015733695652,158.4985597826085,0.004214371980676328,1.3958,0.0,True,True,True,False,0.0,714.7953158827002,34.087285967329265,23.01072623499311,192.24404770714423,0.0,964.1373757921667
2025-07-12T16:45:00Z,2025-07-12T17:00:00Z,2025-07-12,2025-07-12_19,0.0,35,35,65,158.4985597826085,156.5558695652172,0.005396361714975845,1.787275,0.0,True,True,True,False,0.0,714.7953158827002,34.087285967329265,23.01072623499311,246.19018405825622,0.0,1018.0835121432788
2025-07-12T17:00:00Z,2025-07-12T17:15:00Z,2025-07-12,2025-07-12_20,8.869168564536857,26,35,65,156.5558695652172,156.45789202456547,0.009460253750224079,0.00455,2.407825,True,True,True,False,240.37664102036015,714.7953158827002,26.08187364691989,22.928065341468216,0.6266400413304467,-94.71647128025978,910.0920646525191
2025-07-12T17:15:00Z,2025-07-12T17:30:00Z,2025-07-12,2025-07-12_20,8.869168564536857,26,35,65,156.45789202456547,156.52248611878795,0.009633715363509755,0.0,2.571625,True,True,True,False,240.37664102036015,714.7953158827002,26.08187364691989,22.928065341468216,0.0,-103.15905906809682,901.0228368233516
2025-07-12T17:30:00Z,2025-07-12T17:45:00Z,2025-07-12,2025-07-12_20,8.869168564536857,26,35,65,156.52248611878795,156.65730460914935,0.00971711515678779,0.0,2.6446,True,True,True,False,240.37664102036015,714.7953158827002,26.08187364691989,22.928065341468216,0.0,89.72121696516433,1093.9031128566128
2025-07-12T17:45:00Z,2025-07-12T18:00:00Z,2025-07-12,2025-07-12_20,8.869168564536857,26,35,65,156.65730460914935,156.41894021739122,0.009273916255339042,0.0,2.2568,True,True,True,False,240.37664102036015,714.7953158827002,26.08187364691989,22.928065341468216,0.0,-29.473426018500295,974.7084698729482
2025-07-12T18:00:00Z,2025-07-12T18:15:00Z,2025-07-12,2025-07-12_21,35.0,0,35,65,156.41894021739122,147.08345108695644,0.02593191425120773,0.0,0.16135000000000002,True,True,True,False,1113.7,714.7953158827002,0.0,22.793741389490254,0.0,-9.850415912222005,1841.4386413599684
2025-07-12T18:15:00Z,2025-07-12T18:30:00Z,2025-07-12,2025-07-12_21,35.0,0,35,65,147.08345108695644,137.64182065217383,0.026226751207729465,0.0,0.0637,True,True,True,False,1113.7,714.7953158827002,0.0,22.793741389490254,0.0,-4.429939460736075,1846.8591178114543
2025-07-12T18:30:00Z,2025-07-12T18:45:00Z,2025-07-12,2025-07-12_21,35.0,0,35,65,137.64182065217383,128.49027173913035,0.02542096920289855,0.0,0.330575,True,True,True,False,1113.7,714.7953158827002,0.0,22.793741389490254,0.0,-17.702190405432,1833.5868668667586
2025-07-12T18:45:00Z,2025-07-12T19:00:00Z,2025-07-12,2025-07-12_21,35.0,0,35,65,128.49027173913035,119.05168478260862,0.026218297101449274,0.0,0.0665,True,True,True,False,1113.7,714.7953158827002,0.0,22.793741389490254,0.0,-4.180914288525881,1847.1081429836645
2025-07-12T19:00:00Z,2025-07-12T19:15:00Z,2025-07-12,2025-07-12_22,35.0,0,35,65,119.05168478260862,109.6488586956521,0.026118961352657004,0.0,0.09939999999999999,True,True,True,False,1140.125,714.7953158827002,0.0,23.01072623499311,0.0,-6.114498760086596,1871.8165433576066
2025-07-12T19:15:00Z,2025-07-12T19:30:00Z,2025-07-12,2025-07-12_22,35.0,0,35,65,109.6488586956521,100.13951086956514,0.026414855072463765,0.0,0.0014000000000000002,True,True,True,False,1140.125,714.7953158827002,0.0,23.01072623499311,0.0,-0.10745916158236568,1877.8235829561108
2025-07-12T19:30:00Z,2025-07-12T19:45:00Z,2025-07-12,2025-07-12_22,35.0,0,35,65,100.13951086956514,91.72277173913035,0.023379830917874395,0.0,1.0066,True,True,True,False,1140.125,714.7953158827002,0.0,23.01072623499311,0.0,-41.901780397559534,1836.0292617201337
2025-07-12T19:45:00Z,2025-07-12T20:00:00Z,2025-07-12,2025-07-12_22,35.0,0,35,65,91.72277173913035,83.17288043478253,0.02374969806763285,0.0,0.8840999999999999,True,True,True,False,1140.125,714.7953158827002,0.0,23.01072623499311,0.0,-43.707008620350315,1834.224033497343
2025-07-12T20:00:00Z,2025-07-12T20:15:00Z,2025-07-12,2025-07-12_23,35.0,0,35,65,83.17288043478253,73.67760869565208,0.026375754830917877,0.0,0.01435,True,True,True,False,1093.6625,714.7953158827002,0.0,23.01072623499311,0.0,-0.8651827100964377,1830.6033594075968
2025-07-12T20:15:00Z,2025-07-12T20:30:00Z,2025-07-12,2025-07-12_23,35.0,0,35,65,73.67760869565208,64.22057065217383,0.026269550120772946,0.0,0.04952499999999999,True,True,True,False,1093.6625,714.7953158827002,0.0,23.01072623499311,0.0,-3.3429423735485138,1828.1255997441447
2025-07-12T20:30:00Z,2025-07-12T20:45:00Z,2025-07-12,2025-07-12_23,35.0,0,35,65,64.22057065217383,54.73747282608688,0.026341938405797106,0.0,0.02555,True,True,True,False,1093.6625,714.7953158827002,0.0,23.01072623499311,0.0,-1.8553946368825032,1829.6131474808108
2025-07-12T20:45:00Z,2025-07-12T21:00:00Z,2025-07-12,2025-07-12_23,35.0,0,35,65,54.73747282608688,45.326086956521664,0.026142738526570047,0.0,0.09152500000000001,True,True,True,False,1093.6625,714.7953158827002,0.0,23.01072623499311,0.0,-6.010477912812438,1825.4580642048807
2025-07-12T21:00:00Z,2025-07-12T21:15:00Z,2025-07-13,2025-07-12_24,41.00000000000001,59,100,0,45.326086956521664,33.934257547826014,0.031852043913043485,0.29323,0.069,True,True,True,False,1215.9575000000002,0.0,57.46142491635504,65.8334973430427,40.34044924424325,-4.631962802597914,1374.9609087010433
2025-07-12T21:15:00Z,2025-07-12T21:30:00Z,2025-07-13,2025-07-12_24,41.00000000000001,59,100,0,33.934257547826014,24.547841313043403,0.03323984620772947,0.5466350000000001,2.3765,True,True,True,False,1215.9575000000002,0.0,57.46142491635504,65.8334973430427,75.26769116217281,-100.30972170832513,1314.2103917132456
2025-07-12T21:30:00Z,2025-07-12T21:45:00Z,2025-07-13,2025-07-12_24,41.00000000000001,59,100,0,24.547841313043403,24.136185313043402,0.03387734444444445,0.0,10.855,True,True,True,False,1215.9575000000002,0.0,57.46142491635504,65.8334973430427,0.0,2166.5627169848453,3505.8151392442433
2025-07-12T21:45:00Z,2025-07-12T22:00:00Z,2025-07-13,2025-07-12_24,41.00000000000001,59,100,0,24.136185313043402,23.626178321739054,0.0338504938647343,0.0,10.7555,True,True,True,False,1215.9575000000002,0.0,57.46142491635504,65.8334973430427,0.0,1833.7185520566813,3172.9709743160793
2025-07-12T22:00:00Z,2025-07-12T22:15:00Z,2025-07-13,2025-07-13_1,0.0,100,100,0,23.626178321739054,27.861733973912965,0.01178656763285024,0.0035000000000000005,4.608,True,True,True,False,0.0,0.0,97.39224562094076,65.8334973430427,0.48149970478252313,826.6603267073409,990.3675693761069
2025-07-12T22:15:00Z,2025-07-12T22:30:00Z,2025-07-13,2025-07-13_1,0.0,100,100,0,27.861733973912965,32.151233973912966,0.011915277777777776,0.0,4.6625,True,True,True,False,0.0,0.0,97.39224562094076,65.8334973430427,0.0,-197.73184412517216,-34.50610116118871
2025-07-12T22:30:00Z,2025-07-12T22:45:00Z,2025-07-13,2025-07-13_1,0.0,100,100,0,32.151233973912966,35.66885397391297,0.009771166666666666,0.0,3.8234999999999997,True,True,True,False,0.0,0.0,97.39224562094076,65.8334973430427,0.0,-164.5376740799055,-1.3119311159220644
2025-07-12T22:45:00Z,2025-07-12T23:00:00Z,2025-07-13,2025-07-13_1,0.0,100,100,0,35.66885397391297,43.42905397391297,0.021556111111111113,0.0,8.435,True,True,True,False,0.0,0.0,97.39224562094076,65.8334973430427,0.0,2168.779443023027,2332.0051859870105
2025-07-12T23:00:00Z,2025-07-12T23:15:00Z,2025-07-13,2025-07-13_2,4.0,35,39,61,43.42905397391297,44.2868072782608,0.007136029710144928,0.0,2.07519,True,True,True,False,107.14,670.8079118283803,33.93229679197008,25.675063963786652,0.0,463.7586091517418,1301.3138817358788
2025-07-12T23:15:00Z,2025-07-12T23:30:00Z,2025-07-13,2025-07-13_2,4.0,35,39,61,44.2868072782608,43.85990449565211,0.0044165743961352665,0.0,0.70434,True,True,True,False,107.14,670.8079118283803,33.93229679197008,25.675063963786652,0.0,-32.731224585711466,804.8240479984255
2025-07-12T23:30:00Z,2025-07-12T23:45:00Z,2025-07-13,2025-07-13_2,4.0,35,39,61,43.85990449565211,43.29960214782602,0.004134184299516909,0.0,0.56199,True,True,True,False,107.14,670.8079118283803,33.93229679197008,25.675063963786652,0.0,-31.191495758708914,806.3637768254281
2025-07-12T23:45:00Z,2025-07-13T00:00:00Z,2025-07-13,2025-07-13_2,4.0,35,39,61,43.29960214782602,43.75971510434776,0.006294275120772947,0.0,1.65087,True,True,True,False,107.14,670.8079118283803,33.93229679197008,25.675063963786652,0.0,-73.57922066522339,763.9760519189136
2025-07-13T00:00:00Z,2025-07-13T00:15:00Z,2025-07-13,2025-07-13_3,0.0,39,39,61,43.75971510434776,44.24850040869559,0.001393063043478261,0.005849999999999999,0.5382,True,True,True,False,0.0,670.8079118283803,37.83330053139145,25.675063963786652,0.8016837236764415,-25.51635752804566,709.6016025191891
2025-07-13T00:15:00Z,2025-07-13T00:30:00Z,2025-07-13,2025-07-13_3,0.0,39,39,61,44.24850040869559,44.7541208260869,0.0015187221739130434,0.018915,0.571935,True,True,True,False,0.0,670.8079118283803,37.83330053139145,25.675063963786652,2.5993997382405043,-31.454736547923634,705.4609395138752
2025-07-13T00:30:00Z,2025-07-13T00:45:00Z,2025-07-13,2025-07-13_3,0.0,39,39,61,44.7541208260869,45.97250795652168,0.0033879413043478262,0.000585,1.325025,True,True,True,False,0.0,670.8079118283803,37.83330053139145,25.675063963786652,0.0794430230269632,-53.965887325329646,680.4298320212557
2025-07-13T00:45:00Z,2025-07-13T01:00:00Z,2025-07-13,2025-07-13_3,0.0,39,39,61,45.97250795652168,48.01587395652168,0.005676016666666667,0.0,2.22105,True,True,True,False,0.0,670.8079118283803,37.83330053139145,25.675063963786652,0.0,-89.529603158827,644.7866731647314
2025-07-13T01:00:00Z,2025-07-13T01:15:00Z,2025-07-13,2025-07-13_4,3.5693475840000013,0,0,61,48.01587395652168,47.04594254782603,0.002694253913043479,0.0,0.0,True,False,True,False,92.40148558080003,670.8079118283803,0.0,0.0,0.0,0.0,763.2093974091803
2025-07-13T01:15:00Z,2025-07-13T01:30:00Z,2025-07-13,2025-07-13_4,3.5693475840000013,0,0,61,47.04594254782603,46.07601113913038,0.002694253913043479,0.0,0.0,True,False,True,False,92.40148558080003,670.8079118283803,0.0,0.0,0.0,0.0,763.2093974091803
2025-07-13T01:30:00Z,2025-07-13T01:45:00Z,2025-07-13,2025-07-13_4,3.5693475840000013,0,0,61,46.07601113913038,45.10607973043473,0.002694253913043479,0.0,0.0,True,False,True,False,92.40148558080003,670.8079118283803,0.0,0.0,0.0,0.0,763.2093974091803
2025-07-13T01:45:00Z,2025-07-13T02:00:00Z,2025-07-13,2025-07-13_4,3.5693475840000013,0,0,61,45.10607973043473,44.13614832173908,0.002694253913043479,0.0,0.0,True,False,True,False,92.40148558080003,670.8079118283803,0.0,0.0,0.0,0.0,763.2093974091803
2025-07-13T02:00:00Z,2025-07-13T02:15:00Z,2025-07-13,2025-07-13_5,0.0,39,39,61,44.13614832173908,44.05104353913038,0.0009340688405797099,0.19382999999999997,0.13649999999999998,True,True,True,False,0.0,670.8079118283803,37.98297579216689,25.64052351899232,26.66163885061995,-7.03107980712458,754.0619701830349
2025-07-13T02:15:00Z,2025-07-13T02:30:00Z,2025-07-13,2025-07-13_5,0.0,39,39,61,44.05104353913038,43.85549550434777,0.0006637856521739129,0.19987499999999997,0.023594999999999998,True,True,True,False,0.0,670.8079118283803,37.98297579216689,25.64052351899232,27.50175361641409,-1.7685847953158826,760.1645799606376
2025-07-13T02:30:00Z,2025-07-13T02:45:00Z,2025-07-13,2025-07-13_5,0.0,39,39,61,43.85549550434777,43.871271513043425,0.0001415577536231884,0.016185,0.03627,True,True,True,False,0.0,670.8079118283803,37.98297579216689,25.64052351899232,2.2162301111985827,-2.757862011415075,733.8897792393229
2025-07-13T02:45:00Z,2025-07-13T03:00:00Z,2025-07-13,2025-07-13_5,0.0,39,39,61,43.871271513043425,44.008383643478204,0.0004114829710144928,0.00507,0.155025,True,True,True,False,0.0,670.8079118283803,37.98297579216689,25.64052351899232,0.6916144558157842,-9.352758020074788,725.7702675752805
2025-07-13T03:00:00Z,2025-07-13T03:15:00Z,2025-07-13,2025-07-13_6,0.0,39,39,61,44.008383643478204,43.580122608695596,0.0012902773188405796,0.41067,0.019695,True,True,True,False,0.0,670.8079118283803,39.571836252706156,25.548415666207436,56.569570232237744,-1.3545981450501867,791.1431358344814
2025-07-13T03:15:00Z,2025-07-13T03:30:00Z,2025-07-13,2025-07-13_6,0.0,39,39,61,43.580122608695596,43.15217391304342,0.001338246376811594,0.41847,0.02925,True,True,True,False,0.0,670.8079118283803,39.571836252706156,25.548415666207436,57.64838107852784,-2.1304546349143867,791.4460901909073
2025-07-13T03:30:00Z,2025-07-13T03:45:00Z,2025-07-13,2025-07-13_6,0.0,39,39,61,43.15217391304342,44.006951834782555,0.0024155968840579712,0.006825000000000001,0.93717,True,True,True,False,0.0,670.8079118283803,39.571836252706156,25.548415666207436,0.9376201387522143,-39.58413518401888,697.2816487020272
2025-07-13T03:45:00Z,2025-07-13T04:00:00Z,2025-07-13,2025-07-13_6,0.0,39,39,61,44.006951834782555,45.99728190434777,0.0055522453623188415,0.0039000000000000003,2.16801,True,True,True,False,0.0,670.8079118283803,39.571836252706156,25.548415666207436,0.5369120251918913,-89.02025709506003,647.4448186774257
2025-07-13T04:00:00Z,2025-07-13T04:15:00Z,2025-07-13,2025-07-13_7,5.566009978047273,33,39,61,45.99728190434777,44.61360067818631,0.0045048832841938485,0.012539999999999999,0.15093,True,True,True,False,127.97648442025192,670.8079118283803,33.15262743554418,25.398740405431997,1.721768407793741,-7.76928586892344,851.2882466284786
2025-07-13T04:15:00Z,2025-07-13T04:30:00Z,2025-07-13,2025-07-13_7,5.566009978047273,33,39,61,44.61360067818631,44.53158652819542,0.00688292709493332,0.002805,1.518855,True,True,True,False,127.97648442025192,670.8079118283803,33.15262743554418,25.398740405431997,0.3818934904546349,-59.90733595453651,797.8103216255265
2025-07-13T04:30:00Z,2025-07-13T04:45:00Z,2025-07-13,2025-07-13_7,5.566009978047273,33,39,61,44.53158652819542,44.69298590052633,0.007322656413238767,0.0,1.773525,True,True,True,False,127.97648442025192,670.8079118283803,33.15262743554418,25.398740405431997,0.0,-70.97206548415666,786.3636986054518
2025-07-13T04:45:00Z,2025-07-13T05:00:00Z,2025-07-13,2025-07-13_7,5.566009978047273,33,39,61,44.69298590052633,46.56159975652169,0.010506032739952608,0.0,3.5823449999999997,True,True,True,False,127.97648442025192,670.8079118283803,33.15262743554418,25.398740405431997,0.0,-57.151128852588066,800.1846352370203
2025-07-13T05:00:00Z,2025-07-13T05:15:00Z,2025-07-13,2025-07-13_8,0.0,39,39,61,46.56159975652169,45.58326406956517,0.003157129130434782,0.9728549999999999,0.085995,True,True,True,False,0.0,670.8079118283803,37.98297579216689,25.536902184609325,133.97827435347372,-3.909632946270419,864.3964312123597
2025-07-13T05:15:00Z,2025-07-13T05:30:00Z,2025-07-13,2025-07-13_8,0.0,39,39,61,45.58326406956517,45.27228586956517,0.002007005,0.47541000000000005,0.22366500000000003,True,True,True,False,0.0,670.8079118283803,37.98297579216689,25.536902184609325,65.43582163550482,-9.311128609525685,790.4524828311356
2025-07-13T05:30:00Z,2025-07-13T05:45:00Z,2025-07-13,2025-07-13_8,0.0,39,39,61,45.27228586956517,45.80241286956517,0.001472575,0.0,0.576225,True,True,True,False,0.0,670.8079118283803,37.98297579216689,25.536902184609325,0.0,-24.875205702617592,709.4525841025389
2025-07-13T05:45:00Z,2025-07-13T06:00:00Z,2025-07-13,2025-07-13_8,0.0,39,39,61,45.80241286956517,46.74103366956517,0.00260728,0.0,1.02024,True,True,True,False,0.0,670.8079118283803,37.98297579216689,25.536902184609325,0.0,-42.274801983861444,692.052987821295
2025-07-13T06:00:00Z,2025-07-13T06:15:00Z,2025-07-13,2025-07-13_9,0.0,39,39,61,46.74103366956517,44.03691033913039,0.0075433470289855056,2.4930749999999997,0.006240000000000001,True,True,True,False,0.0,670.8079118283803,37.98297579216689,25.536902184609325,353.7350075969297,-0.4789608344814013,1087.5838365676047
2025-07-13T06:15:00Z,2025-07-13T06:30:00Z,2025-07-13,2025-07-13_9,0.0,39,39,61,44.03691033913039,43.57505707826082,0.0012829257246376809,0.4249049999999999,0.0,True,True,True,False,0.0,670.8079118283803,37.98297579216689,25.536902184609325,58.46771408679392,0.0,792.7955038919504
2025-07-13T06:30:00Z,2025-07-13T06:45:00Z,2025-07-13,2025-07-13_9,0.0,39,39,61,43.57505707826082,43.22426903478256,0.0009744112318840579,0.322725,0.0,True,True,True,False,0.0,670.8079118283803,37.98297579216689,25.536902184609325,44.38735895000983,0.0,778.7151487551663
2025-07-13T06:45:00Z,2025-07-13T07:00:00Z,2025-07-13,2025-07-13_9,0.0,39,39,61,43.22426903478256,43.19139474782604,0.00031257746376811595,0.066885,0.04329,True,True,True,False,0.0,670.8079118283803,37.98297579216689,25.536902184609325,9.188677359771697,-3.089794995079709,740.4266721698484
2025-07-13T07:00:00Z,2025-07-13T07:15:00Z,2025-07-13,2025-07-13_10,-1.999999999999951,50,48,50,43.19139474782604,38.49141826086951,0.014654654685990334,4.78,0.00408,True,True,True,False,-4.219999999999896,549.8425506790002,48.68136193662664,31.60007872466049,716.7224758905727,-0.31316669946860853,1342.3133005313914
2025-07-13T07:15:00Z,2025-07-13T07:30:00Z,2025-07-13,2025-07-13_10,-1.999999999999951,50,48,50,38.49141826086951,37.58533704347819,0.004958470048309155,1.2895,0.02928,True,True,True,False,-4.219999999999896,549.8425506790002,48.68136193662664,31.60007872466049,152.27317457193465,-1.8862751111985827,776.2908908010235
2025-07-13T07:30:00Z,2025-07-13T07:45:00Z,2025-07-13,2025-07-13_10,-1.999999999999951,50,48,50,37.58533704347819,40.57710283478252,0.008314808357487892,0.00075,2.7528,True,True,True,False,-4.219999999999896,549.8425506790002,48.68136193662664,31.60007872466049,0.08856524306238929,-79.85341310765597,546.1391434756938
2025-07-13T07:45:00Z,2025-07-13T08:00:00Z,2025-07-13,2025-07-13_10,-1.999999999999951,50,48,50,40.57710283478252,43.34799563478251,0.0076969244444444135,0.0,2.51184,True,True,True,False,-4.219999999999896,549.8425506790002,48.68136193662664,31.60007872466049,0.0,292.7289734146821,918.6329647549695
2025-07-13T08:00:00Z,2025-07-13T08:15:00Z,2025-07-13,2025-07-13_11,-0.16225353605923232,39,0,61,43.34799563478251,43.38531394807613,0.00010366198137117623,0.0,0.0,True,True,True,False,-0.1736112835833786,670.8079118283803,37.971462310568775,0.0,0.0,0.0,708.6057628553657
2025-07-13T08:15:00Z,2025-07-13T08:30:00Z,2025-07-13,2025-07-13_11,-0.16225353605923232,39,0,61,43.38531394807613,43.422632261369756,0.00010366198137117621,0.0,0.0,True,True,True,False,-0.1736112835833786,670.8079118283803,37.971462310568775,0.0,0.0,0.0,708.6057628553657
2025-07-13T08:30:00Z,2025-07-13T08:45:00Z,2025-07-13,2025-07-13_11,-0.16225353605923232,39,0,61,43.422632261369756,43.459950574663374,0.0001036619813711762,0.0,0.0,True,True,True,False,-0.1736112835833786,670.8079118283803,37.971462310568775,0.0,0.0,0.0,708.6057628553657
2025-07-13T08:45:00Z,2025-07-13T09:00:00Z,2025-07-13,2025-07-13_11,-0.16225353605923232,39,0,61,43.459950574663374,43.497268887957,0.0001036619813711762,0.0,0.0,True,True,True,False,-0.1736112835833786,670.8079118283803,37.971462310568775,0.0,0.0,0.0,708.6057628553657
2025-07-13T09:00:00Z,2025-07-13T09:15:00Z,2025-07-13,2025-07-13_12,0.0,39,39,61,43.497268887957,46.077040887957,0.007166033333333334,0.0,2.8041,True,True,True,False,0.0,670.8079118283803,37.971462310568775,25.675063963786652,0.0,252.20122861641406,986.6556667191497
2025-07-13T09:15:00Z,2025-07-13T09:30:00Z,2025-07-13,2025-07-13_12,0.0,39,39,61,46.077040887957,48.210645087957,0.0059266783333333335,0.0,2.319135,True,True,True,False,0.0,670.8079118283803,37.971462310568775,25.675063963786652,0.0,-79.1641593259201,655.2902787768156
2025-07-13T09:30:00Z,2025-07-13T09:45:00Z,2025-07-13,2025-07-13_12,0.0,39,39,61,48.210645087957,48.90637490534831,0.0019384705072463767,0.0009750000000000001,0.7573799999999999,True,True,True,False,0.0,670.8079118283803,37.971462310568775,25.675063963786652,0.11513481598110607,-29.658410517614637,704.9111624011022
2025-07-13T09:45:00Z,2025-07-13T10:00:00Z,2025-07-13,2025-07-13_12,0.0,39,39,61,48.90637490534831,49.24187155752222,0.0009766815217391305,0.007409999999999999,0.373425,True,True,True,False,0.0,670.8079118283803,37.971462310568775,25.675063963786652,0.875024601456406,-16.570045365085612,718.7594173391064
2025-07-13T10:00:00Z,2025-07-13T10:15:00Z,2025-07-13,2025-07-13_13,0.0,39,39,61,49.24187155752222,49.1421923053483,0.0003825334782608696,0.10920000000000002,0.02067,True,True,True,False,0.0,670.8079118283803,37.971462310568775,25.675063963786652,12.895099389883882,-1.5607660303089943,745.7887714623106
2025-07-13T10:15:00Z,2025-07-13T10:30:00Z,2025-07-13,2025-07-13_13,0.0,39,39,61,49.1421923053483,48.92430778360917,0.0007348014492753623,0.22191,0.025349999999999998,True,True,True,False,0.0,670.8079118283803,37.971462310568775,25.675063963786652,26.204684117299742,-1.6623932296791968,758.9967289903562
2025-07-13T10:30:00Z,2025-07-13T10:45:00Z,2025-07-13,2025-07-13_13,0.0,39,39,61,48.92430778360917,49.83476278360917,0.002529041666666667,0.0,0.9896250000000001,True,True,True,False,0.0,670.8079118283803,37.971462310568775,25.675063963786652,0.0,-38.4771497736666,695.9772883290691
2025-07-13T10:45:00Z,2025-07-13T11:00:00Z,2025-07-13,2025-07-13_13,0.0,39,39,61,49.83476278360917,51.68581198360917,0.0051418033333333335,0.0,2.01201,True,True,True,False,0.0,670.8079118283803,37.971462310568775,25.675063963786652,0.0,121.2963651131667,855.7508032159024
2025-07-13T11:00:00Z,2025-07-13T11:15:00Z,2025-07-13,2025-07-13_14,-39.0,39,0,61,51.68581198360917,60.64791838360917,0.024894740000000002,0.008579999999999999,0.0,True,True,True,False,-0.0,670.8079118283803,37.971462310568775,0.0,1.0131863806337333,0.0,709.7925605195828
2025-07-13T11:15:00Z,2025-07-13T11:30:00Z,2025-07-13,2025-07-13_14,-39.0,39,0,61,60.64791838360917,69.61504798360917,0.024908693333333336,0.0031200000000000004,0.0,True,True,True,False,-0.0,670.8079118283803,37.971462310568775,0.0,0.3684314111395395,0.0,709.1478055500886
2025-07-13T11:30:00Z,2025-07-13T11:45:00Z,2025-07-13,2025-07-13_14,-39.0,39,0,61,69.61504798360917,78.57123418360918,0.024878295,0.015014999999999999,0.0,True,True,True,False,-0.0,670.8079118283803,37.971462310568775,0.0,1.7730761661090333,0.0,710.5524503050581
2025-07-13T11:45:00Z,2025-07-13T12:00:00Z,2025-07-13,2025-07-13_14,-39.0,39,0,61,78.57123418360918,87.52813798360918,0.024880288333333337,0.014235,0.0,True,True,True,False,-0.0,670.8079118283803,37.971462310568775,0.0,1.6809683133241484,0.0,710.4603424522732
2025-07-13T12:00:00Z,2025-07-13T12:15:00Z,2025-07-13,2025-07-13_15,-39.0,39,0,61,87.52813798360918,96.49813798360918,0.02491666666666667,0.0,0.0,True,True,True,False,-0.0,670.8079118283803,37.971462310568775,0.0,0.0,0.0,708.779374138949
2025-07-13T12:15:00Z,2025-07-13T12:30:00Z,2025-07-13,2025-07-13_15,-39.0,39,0,61,96.49813798360918,105.46813798360918,0.024916666666666663,0.0,0.0,True,True,True,False,-0.0,670.8079118283803,37.971462310568775,0.0,0.0,0.0,708.779374138949
2025-07-13T12:30:00Z,2025-07-13T12:45:00Z,2025-07-13,2025-07-13_15,-39.0,39,0,61,105.46813798360918,114.4381379836092,0.02491666666666667,0.0,0.0,True,True,True,False,-0.0,670.8079118283803,37.971462310568775,0.0,0.0,0.0,708.779374138949
2025-07-13T12:45:00Z,2025-07-13T13:00:00Z,2025-07-13,2025-07-13_15,-39.0,39,0,61,114.4381379836092,123.3166439836092,0.02466251666666667,0.09945000000000001,0.0,True,True,True,False,-0.0,670.8079118283803,37.971462310568775,0.0,11.74375123007282,0.0,720.5231253690218
2025-07-13T13:00:00Z,2025-07-13T13:15:00Z,2025-07-13,2025-07-13_16,-39.0,39,0,61,123.3166439836092,132.1860005836092,0.02463710166666667,0.109395,0.0,True,True,True,False,-0.0,670.8079118283803,37.971462310568775,0.0,12.918126353080101,0.0,721.6975004920291
2025-07-13T13:15:00Z,2025-07-13T13:30:00Z,2025-07-13,2025-07-13_16,-39.0,39,0,61,132.1860005836092,141.0429785836092,0.024602716666666666,0.12285,0.0,True,True,True,False,-0.0,670.8079118283803,37.971462310568775,0.0,14.506986813619365,0.0,723.2863609525684
2025-07-13T13:30:00Z,2025-07-13T13:45:00Z,2025-07-13,2025-07-13_16,-39.0,39,0,61,141.0429785836092,149.11149358360922,0.022412541666666667,0.979875,0.0,True,True,True,False,-0.0,670.8079118283803,37.971462310568775,0.0,120.59694405628812,0.0,829.3763181952372
2025-07-13T13:45:00Z,2025-07-13T14:00:00Z,2025-07-13,2025-07-13_16,-39.0,39,0,61,149.11149358360922,157.5585425836092,0.023464025000000003,0.568425,0.0,True,True,True,False,-0.0,670.8079118283803,37.971462310568775,0.0,67.12359771698483,0.0,775.9029718559339
2025-07-13T14:00:00Z,2025-07-13T14:15:00Z,2025-07-13,2025-07-13_17,-49.00000000000023,100,51,0,157.5585425836092,169.874423740131,0.0342200201207731,0.003,1.140105,True,True,True,False,-27.195000000000128,0.0,97.39224562094076,33.575083644951775,0.371974020862035,-44.21278273863411,59.931520548120325
2025-07-13T14:15:00Z,2025-07-13T14:30:00Z,2025-07-13,2025-07-13_17,-49.00000000000023,100,51,0,169.874423740131,181.57663940969627,0.03267553869565232,0.055,0.52989,True,True,True,False,-27.195000000000128,0.0,97.39224562094076,33.575083644951775,7.331724070064947,-21.106850464475496,89.99720287148185
2025-07-13T14:30:00Z,2025-07-13T14:45:00Z,2025-07-13,2025-07-13_17,-49.00000000000023,100,51,0,181.57663940969627,187.5948431227398,0.03281487746376819,5.227,0.0022949999999999997,True,True,True,False,-27.195000000000128,0.0,97.39224562094076,33.575083644951775,4035.3221838220825,-0.17615626845109225,4138.918356819524
2025-07-13T14:45:00Z,2025-07-13T15:00:00Z,2025-07-13,2025-07-13_17,-49.00000000000023,100,51,0,187.5948431227398,186.0044792618703,0.034985674057971,12.794500000000001,0.0,True,True,True,False,-27.195000000000128,0.0,97.39224562094076,33.575083644951775,6406.128844125172,0.0,6509.901173391064
2025-07-13T15:00:00Z,2025-07-13T15:15:00Z,2025-07-13,2025-07-13_18,11.476613859474623,88,100,0,186.0044792618703,186.59853175117095,0.020547191630441677,0.8232400000000001,4.906,True,True,True,False,194.38514724485142,0.0,85.70517614642786,65.74493209998032,113.40183657547725,104.72441645345401,563.9615085201908
2025-07-13T15:15:00Z,2025-07-13T15:30:00Z,2025-07-13,2025-07-13_18,11.476613859474623,88,100,0,186.59853175117095,187.39383996192936,0.016646783570192704,0.0,4.1675,True,True,True,False,194.38514724485142,0.0,85.70517614642786,65.74493209998032,0.0,-141.42104900610116,204.41420648515845
2025-07-13T15:30:00Z,2025-07-13T15:45:00Z,2025-07-13,2025-07-13_18,11.476613859474623,88,100,0,187.39383996192936,184.67420025047213,0.009638100185842057,0.030800000000000004,0.4605000000000001,True,True,True,False,194.38514724485142,0.0,85.70517614642786,65.74493209998032,4.2223884274749075,-21.70340759692974,328.35423632180476
2025-07-13T15:45:00Z,2025-07-13T16:00:00Z,2025-07-13,2025-07-13_18,11.476613859474623,88,100,0,184.67420025047213,179.03024230434738,0.015702545868894923,2.32804,0.0055,True,True,True,False,194.38514724485142,0.0,85.70517614642786,65.74493209998032,320.63905689431215,-0.4221609919307222,666.052151393641
2025-07-13T16:00:00Z,2025-07-13T16:15:00Z,2025-07-13,2025-07-13_19,3.0,97,100,0,179.03024230434738,181.82084796521693,0.011588608719806763,0.002425,3.901,True,True,True,False,79.4025,0.0,94.47047825231253,65.74493209998032,0.3327514268844716,336.2975246998622,576.2481864790395
2025-07-13T16:15:00Z,2025-07-13T16:30:00Z,2025-07-13,2025-07-13_19,3.0,97,100,0,181.82084796521693,183.94405985217344,0.009865443647342997,0.002425,3.1794999999999995,True,True,True,False,79.4025,0.0,94.47047825231253,65.74493209998032,0.33103326116906123,476.78420340484143,716.7331470183034
2025-07-13T16:30:00Z,2025-07-13T16:45:00Z,2025-07-13,2025-07-13_19,3.0,97,100,0,183.94405985217344,188.87834199999952,0.017326870700483093,0.037344999999999996,6.2595,True,True,True,False,79.4025,0.0,94.47047825231253,65.74493209998032,5.1358819661483945,3102.3897883290692,3347.1435806475106
2025-07-13T16:45:00Z,2025-07-13T17:00:00Z,2025-07-13,2025-07-13_19,3.0,97,100,0,188.87834199999952,182.83320082608645,0.016866425483091786,4.824294999999999,0.015,True,True,True,False,79.4025,0.0,94.47047825231253,65.74493209998032,2515.808601203503,-1.1080486124778586,2754.3184629433176
2025-07-13T17:00:00Z,2025-07-13T17:15:00Z,2025-07-13,2025-07-13_20,47.0,53,100,0,182.83320082608645,184.4591573999995,0.0347122284057971,0.056709999999999997,14.4815,True,True,True,False,1340.7925,0.0,53.24512891163156,65.50875811848061,7.812832119661483,1281.3776144459753,2748.736833595749
2025-07-13T17:15:00Z,2025-07-13T17:30:00Z,2025-07-13,2025-07-13_20,47.0,53,100,0,184.4591573999995,183.03352717391252,0.034742542850241545,0.0,11.3635,True,True,True,False,1340.7925,0.0,53.24512891163156,65.50875811848061,0.0,51.897267762251516,1511.4436547923638
2025-07-13T17:30:00Z,2025-07-13T17:45:00Z,2025-07-13,2025-07-13_20,47.0,53,100,0,183.03352717391252,172.13831476521685,0.03538292446859903,0.009275000000000002,1.8895,True,True,True,False,1340.7925,0.0,53.24512891163156,65.50875811848061,1.275035947648101,-89.86411424916355,1370.9573087285967
2025-07-13T17:45:00Z,2025-07-13T18:00:00Z,2025-07-13,2025-07-13_20,47.0,53,100,0,172.13831476521685,159.52064553043425,0.035521782318840574,0.018550000000000004,0.1745,True,True,True,False,1340.7925,0.0,53.24512891163156,65.50875811848061,2.544646723086007,-11.944509545365083,1450.1465242078332
2025-07-13T18:00:00Z,2025-07-13T18:15:00Z,2025-07-13,2025-07-13_21,100.0,0,100,0,159.52064553043425,142.95271074782556,0.04602204106280192,0.0,9.7575,True,True,True,False,3139.5,0.0,0.0,65.50875811848061,0.0,-366.80787295807914,2838.2008851604014
2025-07-13T18:15:00Z,2025-07-13T18:30:00Z,2025-07-13,2025-07-13_21,100.0,0,100,0,142.95271074782556,134.5787977043473,0.02326086956521739,0.0,17.296,True,True,True,False,3139.5,0.0,0.0,65.50875811848061,0.0,-439.974020862035,2765.0347372564456
2025-07-13T18:30:00Z,2025-07-13T18:45:00Z,2025-07-13,2025-07-13_21,100.0,0,100,0,134.5787977043473,121.68423248695599,0.03581823671497584,0.0,13.137000000000002,True,True,True,False,3139.5,0.0,0.0,65.50875811848061,0.0,-491.24778586892353,2713.760972249557
2025-07-13T18:45:00Z,2025-07-13T19:00:00Z,2025-07-13,2025-07-13_21,100.0,0,100,0,121.68423248695599,110.68477596521686,0.03055404589371981,0.0,14.8805,True,True,True,False,3139.5,0.0,0.0,65.50875811848061,0.0,-556.4445975201731,2648.5641605983074
2025-07-13T19:00:00Z,2025-07-13T19:15:00Z,2025-07-13,2025-07-13_22,100.0,0,100,0,110.68477596521686,93.58966726956469,0.047486413043478254,0.0,9.2725,True,True,True,False,3215.0,0.0,0.0,65.74493209998032,0.0,-204.83629551269436,3075.908636587286
2025-07-13T19:15:00Z,2025-07-13T19:30:00Z,2025-07-13,2025-07-13_22,100.0,0,100,0,93.58966726956469,84.1608629217386,0.026191123188405788,0.0,16.3255,True,True,True,False,3215.0,0.0,0.0,65.74493209998032,0.0,-369.2756770320803,2911.4692550679
2025-07-13T19:30:00Z,2025-07-13T19:45:00Z,2025-07-13,2025-07-13_22,100.0,0,100,0,84.1608629217386,65.82771074782555,0.050925422705314013,0.0,8.1335,True,True,True,False,3215.0,0.0,0.0,65.74493209998032,0.0,-226.35973912615626,3054.385192973824
2025-07-13T19:45:00Z,2025-07-13T20:00:00Z,2025-07-13,2025-07-13_22,100.0,0,100,0,65.82771074782555,53.76086292173859,0.033519021739130433,0.0,13.8985,True,True,True,False,3215.0,0.0,0.0,65.74493209998032,0.0,260.31034323951974,3541.0552753395
2025-07-13T20:00:00Z,2025-07-13T20:15:00Z,2025-07-13,2025-07-13_23,54.522684640975854,45,100,0,53.76086292173859,43.00975881791703,0.03920941265999767,0.0,4.0205,True,True,True,False,1730.2773970813687,0.0,43.82651052942334,65.8334973430427,0.0,-131.79896910057073,1708.138435853264
2025-07-13T20:15:00Z,2025-07-13T20:30:00Z,2025-07-13,2025-07-13_23,54.522684640975854,45,100,0,43.00975881791703,28.253286366859832,0.04140975475229886,0.113175,0.1805,True,True,True,False,1730.2773970813687,0.0,43.82651052942334,65.8334973430427,15.583936892344026,-10.587687364691988,1844.9336544814867
2025-07-13T20:30:00Z,2025-07-13T20:45:00Z,2025-07-13,2025-07-13_23,54.522684640975854,45,100,0,28.253286366859832,13.741638813888454,0.04142468003033605,0.16605,0.4795,True,True,True,False,1730.2773970813687,0.0,43.82651052942334,65.8334973430427,22.862218913599683,-24.192903070261753,1838.6067207971726
2025-07-13T20:45:00Z,2025-07-13T21:00:00Z,2025-07-13,2025-07-13_23,54.522684640975854,45,100,0,13.741638813888454,9.999999999999506,0.035853714032039595,0.0,10.9535,True,True,True,False,1730.2773970813687,0.0,43.82651052942334,65.8334973430427,0.0,-132.83032001574492,1707.1070849380899
2025-07-13T21:00:00Z,2025-07-13T21:15:00Z,2025-07-14,2025-07-13_24,-42.72267904671253,54,57,0,9.999999999999506,17.40346431921963,0.024268103343455697,2.93625,0.41410500000000006,True,True,True,False,-1240.5597928189152,0.0,52.59181263530801,37.525093485534335,468.3495005904349,-17.423869265892545,-699.5172553735305
2025-07-13T21:15:00Z,2025-07-13T21:30:00Z,2025-07-14,2025-07-13_24,-42.72267904671253,54,57,0,17.40346431921963,24.49375714973913,0.023308631351572493,2.86524,0.0,True,True,True,False,-1240.5597928189152,0.0,52.59181263530801,37.525093485534335,408.9065714938004,0.0,-741.5363152042725
2025-07-13T21:30:00Z,2025-07-13T21:45:00Z,2025-07-14,2025-07-13_24,-42.72267904671253,54,57,0,24.49375714973913,33.64287586194591,0.026424478647084162,0.8010900000000001,0.095475,True,True,True,False,-1240.5597928189152,0.0,52.59181263530801,37.525093485534335,110.31975779374139,-6.695614209801219,-1046.8187431141328
2025-07-13T21:45:00Z,2025-07-13T22:00:00Z,2025-07-14,2025-07-13_24,-42.72267904671253,54,57,0,33.64287586194591,45.439525042689795,0.03276846994651079,0.0,2.141775,True,True,True,False,-1240.5597928189152,0.0,52.59181263530801,37.525093485534335,0.0,-96.2285470675064,-1246.6714337655792
2025-07-13T22:00:00Z,2025-07-13T22:15:00Z,2025-07-14,2025-07-14_1,0.0,100,100,0,45.439525042689795,46.962551129646315,0.004381594202898551,0.025,1.685,True,True,True,False,0.0,0.0,97.39224562094076,66.18775831529227,3.435740995866955,-84.04770714426294,82.96803778783703
2025-07-13T22:15:00Z,2025-07-13T22:30:00Z,2025-07-14,2025-07-14_1,0.0,100,100,0,46.962551129646315,46.962551129646315,0.0,0.0,0.0,True,True,True,False,0.0,0.0,97.39224562094076,66.18775831529227,0.0,0.0,163.58000393623303
2025-07-13T22:30:00Z,2025-07-13T22:45:00Z,2025-07-14,2025-07-14_1,0.0,100,100,0,46.962551129646315,58.061431129646316,0.030830222222222224,0.0,12.064,True,True,True,False,0.0,0.0,97.39224562094076,66.18775831529227,0.0,4687.945509938988,4851.525513875221
2025-07-13T22:45:00Z,2025-07-13T23:00:00Z,2025-07-14,2025-07-14_1,0.0,100,100,0,58.061431129646316,63.829831129646315,0.016023333333333334,0.0,6.27,True,True,True,False,0.0,0.0,97.39224562094076,66.18775831529227,0.0,-96.28972643180475,67.29027750442827
2025-07-13T23:00:00Z,2025-07-13T23:15:00Z,2025-07-14,2025-07-14_2,0.0,1,1,99,63.829831129646315,63.85665001660284,7.546309178743962e-05,0.00016,0.02934,True,True,True,False,0.0,1088.6882503444203,0.9739224562094075,0.6618775831529227,0.02196714032670734,-1.3427222042904938,1089.0032953198188
2025-07-13T23:15:00Z,2025-07-13T23:30:00Z,2025-07-14,2025-07-14_2,0.0,1,1,99,63.85665001660284,63.88387281660284,7.561888888888889e-05,0.0,0.02959,True,True,True,False,0.0,1088.6882503444203,0.9739224562094075,0.6618775831529227,0.0,-1.3086222633339892,1089.0154281204486
2025-07-13T23:30:00Z,2025-07-13T23:45:00Z,2025-07-14,2025-07-14_2,0.0,1,1,99,63.88387281660284,63.93186461660284,0.00013331055555555556,0.0,0.052164999999999996,True,True,True,False,0.0,1088.6882503444203,0.9739224562094075,0.6618775831529227,0.0,-2.132286725054123,1088.1917636587286
2025-07-13T23:45:00Z,2025-07-14T00:00:00Z,2025-07-14,2025-07-14_2,0.0,1,1,99,63.93186461660284,63.98028421660284,0.00013449888888888889,0.0,0.052629999999999996,True,True,True,False,0.0,1088.6882503444203,0.9739224562094075,0.6618775831529227,0.0,-2.118748521944499,1088.2053018618383
2025-07-14T00:00:00Z,2025-07-14T00:15:00Z,2025-07-14,2025-07-14_3,0.0,1,1,99,63.98028421660284,63.9962120600811,4.681043478260871e-05,0.00042500000000000003,0.017815,True,True,True,False,0.0,1088.6882503444203,0.9739224562094075,0.6618775831529227,0.05841470675063964,-0.757521428852588,1089.6249436616806
2025-07-14T00:15:00Z,2025-07-14T00:30:00Z,2025-07-14,2025-07-14_3,0.0,1,1,99,63.9962120600811,64.00134668616806,1.7886038647342997e-05,0.0006,0.0062900000000000005,True,True,True,False,0.0,1088.6882503444203,0.9739224562094075,0.6618775831529227,0.08224168470773469,-0.29284214721511515,1090.1134499212753
2025-07-14T00:30:00Z,2025-07-14T00:45:00Z,2025-07-14,2025-07-14_3,0.0,1,1,99,64.00134668616806,64.00237776442893,1.5817004830917873e-05,0.0021449999999999998,0.003655,True,True,True,False,0.0,1088.6882503444203,0.9739224562094075,0.6618775831529227,0.2950107449320999,-0.19305823656760476,1090.4260028921472
2025-07-14T00:45:00Z,2025-07-14T01:00:00Z,2025-07-14,2025-07-14_3,0.0,1,1,99,64.00237776442893,64.00448821660284,1.171985507246377e-05,0.00097,0.00344,True,True,True,False,0.0,1088.6882503444203,0.9739224562094075,0.6618775831529227,0.13336440464475496,-0.19166913599685098,1090.2657456524305
2025-07-14T01:00:00Z,2025-07-14T01:15:00Z,2025-07-14,2025-07-14_4,-0.7282562781789195,1,0,99,64.00448821660284,64.17194854580852,0.00046523321970705974,4e-05,0.0,True,True,True,False,-16.555085843702287,1088.6882503444203,0.9739224562094075,0.0,0.005458571147411927,0.0,1073.1125455280749
2025-07-14T01:15:00Z,2025-07-14T01:30:00Z,2025-07-14,2025-07-14_4,-0.7282562781789195,1,0,99,64.17194854580852,64.32591301098954,0.0004506853922898701,0.01402,0.0,True,True,True,False,-16.555085843702287,1088.6882503444203,0.9739224562094075,0.0,1.930099543396969,0.0,1075.0371865003244
2025-07-14T01:30:00Z,2025-07-14T01:45:00Z,2025-07-14,2025-07-14_4,-0.7282562781789195,1,0,99,64.32591301098954,64.49068478645354,0.00046233510101200445,0.002825,0.0,True,True,True,False,-16.555085843702287,1088.6882503444203,0.9739224562094075,0.0,0.3885506445581578,0.0,1073.4956376014857
2025-07-14T01:45:00Z,2025-07-14T02:00:00Z,2025-07-14,2025-07-14_4,-0.7282562781789195,1,0,99,64.49068478645354,64.6581837304347,0.0004652748443920874,0.0,0.0,True,True,True,False,-16.555085843702287,1088.6882503444203,0.9739224562094075,0.0,0.0,0.0,1073.1070869569276
2025-07-14T02:00:00Z,2025-07-14T02:15:00Z,2025-07-14,2025-07-14_5,0.0,1,1,99,64.6581837304347,64.6834561304347,7.020111111111112e-05,0.0,0.027469999999999998,True,True,True,False,0.0,1088.6882503444203,0.9739224562094075,0.660696713245424,0.0,-1.1790960913206059,1089.1437734225547
2025-07-14T02:15:00Z,2025-07-14T02:30:00Z,2025-07-14,2025-07-14_5,0.0,1,1,99,64.6834561304347,64.69497918260862,3.3004855072463774e-05,0.000165,0.01272,True,True,True,False,0.0,1088.6882503444203,0.9739224562094075,0.660696713245424,0.022637279078921473,-0.583517795709506,1089.7619889972445
2025-07-14T02:30:00Z,2025-07-14T02:45:00Z,2025-07-14,2025-07-14_5,0.0,1,1,99,64.69497918260862,64.70292213913037,2.227512077294686e-05,3.5000000000000004e-05,0.008675,True,True,True,False,0.0,1088.6882503444203,0.9739224562094075,0.660696713245424,0.004806138555402481,-0.44025155481204487,1089.8874240976186
2025-07-14T02:45:00Z,2025-07-14T03:00:00Z,2025-07-14,2025-07-14_5,0.0,1,1,99,64.70292213913037,64.71572479130427,3.586485507246377e-05,5e-05,0.013975,True,True,True,False,0.0,1088.6882503444203,0.9739224562094075,0.660696713245424,0.006843141113953945,-0.62481259594568,1089.7049000590434
2025-07-14T03:00:00Z,2025-07-14T03:15:00Z,2025-07-14,2025-07-14_6,0.0,1,1,99,64.71572479130427,64.79064039130427,0.00020809888888888889,0.0,0.08143,True,True,True,False,0.0,1088.6882503444203,0.9739224562094075,0.660696713245424,0.0,-3.1404799271796886,1087.1823895866955
2025-07-14T03:15:00Z,2025-07-14T03:30:00Z,2025-07-14,2025-07-14_6,0.0,1,1,99,64.79064039130427,64.80994284347817,5.391985507246377e-05,5e-05,0.02104,True,True,True,False,0.0,1088.6882503444203,0.9739224562094075,0.660696713245424,0.006860854162566425,-0.9453382562487698,1089.3843921117889
2025-07-14T03:30:00Z,2025-07-14T03:45:00Z,2025-07-14,2025-07-14_6,0.0,1,1,99,64.80994284347817,64.78741115652164,6.422357487922705e-05,0.021,0.00032,True,True,True,False,0.0,1088.6882503444203,0.9739224562094075,0.660696713245424,2.8926890375910252,-0.02472936823459949,1093.1908291832317
2025-07-14T03:45:00Z,2025-07-14T04:00:00Z,2025-07-14,2025-07-14_6,0.0,1,1,99,64.78741115652164,64.75874267826077,7.963466183574879e-05,0.026375000000000003,0.0,True,True,True,False,0.0,1088.6882503444203,0.9739224562094075,0.660696713245424,3.65020967821295,0.0,1093.973079192088
2025-07-14T04:00:00Z,2025-07-14T04:15:00Z,2025-07-14,2025-07-14_7,0.0,1,1,99,64.75874267826077,64.76286864347817,1.4963429951690823e-05,0.00058,0.00517,True,True,True,False,0.0,1088.6882503444203,1.0058059437118676,0.6512497539854358,0.07975793347766187,-0.31885499311159216,1090.1062089824836
2025-07-14T04:15:00Z,2025-07-14T04:30:00Z,2025-07-14,2025-07-14_7,0.0,1,1,99,64.76286864347817,64.76793915652165,1.5201908212560387e-05,0.000185,0.00573,True,True,True,False,0.0,1088.6882503444203,1.0058059437118676,0.6512497539854358,0.02545758020074788,-0.365754662468018,1090.0050089598503
2025-07-14T04:30:00Z,2025-07-14T04:45:00Z,2025-07-14,2025-07-14_7,0.0,1,1,99,64.76793915652165,64.77623132173905,2.3758429951690822e-05,0.00012,0.009155,True,True,True,False,0.0,1088.6882503444203,1.0058059437118676,0.6512497539854358,0.016473135209604407,-0.5631180860066916,1089.7986610913206
2025-07-14T04:45:00Z,2025-07-14T05:00:00Z,2025-07-14,2025-07-14_7,0.0,1,1,99,64.77623132173905,64.81458152173904,0.00010652833333333334,0.0,0.041685,True,True,True,False,0.0,1088.6882503444203,1.0058059437118676,0.6512497539854358,0.0,-1.7570379275733121,1088.5882681145442
2025-07-14T05:00:00Z,2025-07-14T05:15:00Z,2025-07-14,2025-07-14_8,0.9999999999999958,0,1,99,64.81458152173904,64.59915760869556,0.0005983997584541043,0.0,0.05181,True,True,True,False,29.004999999999878,1088.6882503444203,0.0,0.6550875811848061,0.0,-2.214982017319425,1116.1333559082857
2025-07-14T05:15:00Z,2025-07-14T05:30:00Z,2025-07-14,2025-07-14_8,0.9999999999999958,0,1,99,64.59915760869556,64.34079347826079,0.0007176781400966154,0.0,0.012305,True,True,True,False,29.004999999999878,1088.6882503444203,0.0,0.6550875811848061,0.0,-0.746044812044873,1117.60229311356
2025-07-14T05:30:00Z,2025-07-14T05:45:00Z,2025-07-14,2025-07-14_8,0.9999999999999958,0,1,99,64.34079347826079,64.07102173913036,0.0007493659420289824,0.0,0.00181,True,True,True,False,29.004999999999878,1088.6882503444203,0.0,0.6550875811848061,0.0,-0.11833289116315686,1118.2300050344418
2025-07-14T05:45:00Z,2025-07-14T06:00:00Z,2025-07-14,2025-07-14_8,0.9999999999999958,0,1,99,64.07102173913036,63.80434782608688,0.0007407608695652142,0.0,0.00466,True,True,True,False,29.004999999999878,1088.6882503444203,0.0,0.6550875811848061,0.0,-0.2843728085022633,1118.0639651171027
2025-07-14T06:00:00Z,2025-07-14T06:15:00Z,2025-07-14,2025-07-14_9,-7.723290606088045e-15,0,0,99,63.80434782608688,63.80434782608688,4.934324553889585e-18,0.0,0.0,True,False,True,False,-1.9551510169311887e-13,1088.6882503444203,0.0,0.0,0.0,0.0,1088.68825034442
2025-07-14T06:15:00Z,2025-07-14T06:30:00Z,2025-07-14,2025-07-14_9,-7.723290606088045e-15,0,0,99,63.80434782608688,63.80434782608688,4.934324553889585e-18,0.0,0.0,True,False,True,False,-1.9551510169311887e-13,1088.6882503444203,0.0,0.0,0.0,0.0,1088.68825034442
2025-07-14T06:30:00Z,2025-07-14T06:45:00Z,2025-07-14,2025-07-14_9,-7.723290606088045e-15,0,0,99,63.80434782608688,63.80434782608688,4.934324553889585e-18,0.0,0.0,True,False,True,False,-1.9551510169311887e-13,1088.6882503444203,0.0,0.0,0.0,0.0,1088.68825034442
2025-07-14T06:45:00Z,2025-07-14T07:00:00Z,2025-07-14,2025-07-14_9,-7.723290606088045e-15,0,0,99,63.80434782608688,63.80434782608688,4.934324553889585e-18,0.0,0.0,True,False,True,False,-1.9551510169311887e-13,1088.6882503444203,0.0,0.0,0.0,0.0,1088.68825034442
2025-07-14T07:00:00Z,2025-07-14T07:15:00Z,2025-07-14,2025-07-14_10,-25.914984493449868,100,74,0,63.80434782608688,43.9564337501749,0.05549337052862443,24.728,0.0,True,True,True,False,-552.8314067065193,0.0,97.39224562094076,48.410942727809484,33133.047686675854,0.0,32726.019468318085
2025-07-14T07:15:00Z,2025-07-14T07:30:00Z,2025-07-14,2025-07-14_10,-25.914984493449868,100,74,0,43.9564337501749,32.415344106926014,0.04311131337314973,16.8025,0.03811,True,True,True,False,-552.8314067065193,0.0,97.39224562094076,48.410942727809484,19872.94605835465,-2.1870834717575276,19463.730756525125
2025-07-14T07:30:00Z,2025-07-14T07:45:00Z,2025-07-14,2025-07-14_10,-25.914984493449868,100,74,0,32.415344106926014,39.35648294041949,0.019280941204148527,0.0,1.0659699999999999,True,True,True,False,-552.8314067065193,0.0,97.39224562094076,48.410942727809484,0.0,-45.150679317063556,-452.17889767483257
2025-07-14T07:45:00Z,2025-07-14T08:00:00Z,2025-07-14,2025-07-14_10,-25.914984493449868,100,74,0,39.35648294041949,51.06254097391297,0.0325168278708152,0.0,6.245230000000001,True,True,True,False,-552.8314067065193,0.0,97.39224562094076,48.410942727809484,0.0,-203.5409077563472,-610.5691261141162
2025-07-14T08:00:00Z,2025-07-14T08:15:00Z,2025-07-14,2025-07-14_11,0.0,29,29,71,51.06254097391297,55.44980017391297,0.012186831111111114,0.0,4.76876,True,True,True,False,0.0,780.7764219641803,28.243751230072817,19.06603030899429,0.0,-106.37966978941152,721.7065337138358
2025-07-14T08:15:00Z,2025-07-14T08:30:00Z,2025-07-14,2025-07-14_11,0.0,29,29,71,55.44980017391297,58.982098773912966,0.009811940555555555,0.0,3.8394549999999996,True,True,True,False,0.0,780.7764219641803,28.243751230072817,19.06603030899429,0.0,-130.12132888998227,697.9648746132651
2025-07-14T08:30:00Z,2025-07-14T08:45:00Z,2025-07-14,2025-07-14_11,0.0,29,29,71,58.982098773912966,61.85366717391297,0.00797657888888889,0.0,3.12127,True,True,True,False,0.0,780.7764219641803,28.243751230072817,19.06603030899429,0.0,-115.72288208423537,712.363321419012
2025-07-14T08:45:00Z,2025-07-14T09:00:00Z,2025-07-14,2025-07-14_11,0.0,29,29,71,61.85366717391297,63.142978173912965,0.003581419444444444,0.0,1.4014249999999997,True,True,True,False,0.0,780.7764219641803,28.243751230072817,19.06603030899429,0.0,-53.51865828085022,774.5675452223971
2025-07-14T09:00:00Z,2025-07-14T09:15:00Z,2025-07-14,2025-07-14_12,-29.0,29,0,71,63.142978173912965,69.80764217391297,0.018512955555555557,0.0058000000000000005,0.0,True,True,True,False,-547.6650000000001,780.7764219641803,28.243751230072817,0.0,0.7990553040740012,0.0,262.154228498327
2025-07-14T09:15:00Z,2025-07-14T09:30:00Z,2025-07-14,2025-07-14_12,-29.0,29,0,71,69.80764217391297,76.47110557391296,0.018509620555555554,0.007105,0.0,True,True,True,False,-547.6650000000001,780.7764219641803,28.243751230072817,0.0,0.9788427474906515,0.0,262.33401594174364
2025-07-14T09:30:00Z,2025-07-14T09:45:00Z,2025-07-14,2025-07-14_12,-29.0,29,0,71,76.47110557391296,83.04038857391296,0.018248008333333333,0.109475,0.0,True,True,True,False,-547.6650000000001,780.7764219641803,28.243751230072817,0.0,15.082168864396772,0.0,276.4373420586498
2025-07-14T09:45:00Z,2025-07-14T10:00:00Z,2025-07-14,2025-07-14_12,-29.0,29,0,71,83.04038857391296,89.45826257391296,0.017827427777777776,0.27405,0.0,True,True,True,False,-547.6650000000001,780.7764219641803,28.243751230072817,0.0,37.75536311749656,0.0,299.11053631174957
2025-07-14T10:00:00Z,2025-07-14T10:15:00Z,2025-07-14,2025-07-14_13,-29.0,29,0,71,89.45826257391296,95.96684857391296,0.01807940555555556,0.17545,0.0,True,True,True,False,-527.9449999999999,780.7764219641803,28.243751230072817,0.0,24.142900669159612,0.0,305.21807386341277
2025-07-14T10:15:00Z,2025-07-14T10:30:00Z,2025-07-14,2025-07-14_13,-29.0,29,0,71,95.96684857391296,102.51838937391297,0.018198724444444446,0.12876,0.0,True,True,True,False,-527.9449999999999,780.7764219641803,28.243751230072817,0.0,17.716423160795117,0.0,298.7915963550482
2025-07-14T10:30:00Z,2025-07-14T10:45:00Z,2025-07-14,2025-07-14_13,-29.0,29,0,71,102.51838937391297,109.17931817391297,0.01850258,0.00986,0.0,True,True,True,False,-527.9449999999999,780.7764219641803,28.243751230072817,0.0,1.3564534540444795,0.0,282.4316266482976
2025-07-14T10:45:00Z,2025-07-14T11:00:00Z,2025-07-14,2025-07-14_13,-29.0,29,0,71,109.17931817391297,115.83491097391298,0.01848775777777778,0.01566,0.0,True,True,True,False,-527.9449999999999,780.7764219641803,28.243751230072817,0.0,2.154367250541232,0.0,283.2295404447944
2025-07-14T11:00:00Z,2025-07-14T11:15:00Z,2025-07-14,2025-07-14_14,0.0,29,29,71,115.83491097391298,117.20280743478256,0.0038137220531400968,0.00232,1.489585,True,True,True,False,0.0,780.7764219641803,28.243751230072817,19.09171422948238,0.2894863215902381,29.83450248179492,858.2358762271206
2025-07-14T11:15:00Z,2025-07-14T11:30:00Z,2025-07-14,2025-07-14_14,0.0,29,29,71,117.20280743478256,117.61586426956517,0.0011841554589371982,0.00609,0.45617,True,True,True,False,0.0,780.7764219641803,28.243751230072817,19.09171422948238,0.7599015941743751,-17.56178187364692,811.310007144263
2025-07-14T11:30:00Z,2025-07-14T11:45:00Z,2025-07-14,2025-07-14_14,0.0,29,29,71,117.61586426956517,118.65104826956517,0.0028755111111111115,0.0,1.1252,True,True,True,False,0.0,780.7764219641803,28.243751230072817,19.09171422948238,0.0,513.8758061011611,1341.9876935248965
2025-07-14T11:45:00Z,2025-07-14T12:00:00Z,2025-07-14,2025-07-14_14,0.0,29,29,71,118.65104826956517,121.18338046956517,0.007034256111111111,0.0,2.752535,True,True,True,False,0.0,780.7764219641803,28.243751230072817,19.09171422948238,0.0,-21.515928477661873,806.5959589460736
2025-07-14T12:00:00Z,2025-07-14T12:15:00Z,2025-07-14,2025-07-14_15,0.0,100,100,0,121.18338046956517,129.46936046956517,0.023016611111111113,0.0,9.0065,True,True,True,False,0.0,0.0,96.94941940562882,65.8334973430427,0.0,83.83613934264908,246.6190560913206
2025-07-14T12:15:00Z,2025-07-14T12:30:00Z,2025-07-14,2025-07-14_15,0.0,100,100,0,129.46936046956517,136.45584046956517,0.019406888888888894,0.0,7.594000000000001,True,True,True,False,0.0,0.0,96.94941940562882,65.8334973430427,0.0,-119.29798858492423,43.484928163747284
2025-07-14T12:30:00Z,2025-07-14T12:45:00Z,2025-07-14,2025-07-14_15,0.0,100,100,0,136.45584046956517,145.22528046956518,0.024359555555555558,0.0,9.532,True,True,True,False,0.0,0.0,96.94941940562882,65.8334973430427,0.0,1607.5799606376695,1770.362877386341
2025-07-14T12:45:00Z,2025-07-14T13:00:00Z,2025-07-14,2025-07-14_15,0.0,100,100,0,145.22528046956518,154.36042046956518,0.025375388888888892,0.0,9.9295,True,True,True,False,0.0,0.0,96.94941940562882,65.8334973430427,0.0,116.47278094863216,279.2556976973037
2025-07-14T13:00:00Z,2025-07-14T13:15:00Z,2025-07-14,2025-07-14_16,0.0,29,29,71,154.36042046956518,156.55124866956518,0.006085633888888889,0.0,2.381335,True,True,True,False,0.0,780.7764219641803,28.243751230072817,19.09171422948238,0.0,492.00743219346583,1320.1193196172012
2025-07-14T13:15:00Z,2025-07-14T13:30:00Z,2025-07-14,2025-07-14_16,0.0,29,29,71,156.55124866956518,156.69673082608693,0.0004689117874396135,0.01073,0.17081,True,True,True,False,0.0,780.7764219641803,28.243751230072817,19.09171422948238,1.3574812103916551,-7.833324412517221,821.6360442216098
2025-07-14T13:30:00Z,2025-07-14T13:45:00Z,2025-07-14,2025-07-14_16,0.0,29,29,71,156.69673082608693,157.24742039999998,0.001572597850241546,0.007105,0.60697,True,True,True,False,0.0,780.7764219641803,28.243751230072817,19.09171422948238,0.9633183015154498,-22.93835316473135,806.1368525605195
2025-07-14T13:45:00Z,2025-07-14T14:00:00Z,2025-07-14,2025-07-14_16,0.0,29,29,71,157.24742039999998,157.26954891304345,0.0004528630193236714,0.064815,0.10062999999999998,True,True,True,False,0.0,780.7764219641803,28.243751230072817,19.09171422948238,8.831933505215508,-4.660490003936232,832.2833309250148
2025-07-14T14:00:00Z,2025-07-14T14:15:00Z,2025-07-14,2025-07-14_17,-29.0,100,71,0,157.26954891304345,162.2178178695652,0.020877347342995168,1.6635,0.00639,True,True,True,False,-767.05,0.0,97.39224562094076,46.74178311356032,229.03294558157842,-0.4904743160795118,-394.3735
2025-07-14T14:15:00Z,2025-07-14T14:30:00Z,2025-07-14,2025-07-14_17,-29.0,100,71,0,162.2178178695652,156.6159202347826,0.03510170342995169,11.8165,0.0,True,True,True,False,-767.05,0.0,97.39224562094076,46.74178311356032,5389.433323066325,0.0,4766.517351800826
2025-07-14T14:30:00Z,2025-07-14T14:45:00Z,2025-07-14,2025-07-14_17,-29.0,100,71,0,156.6159202347826,157.82074199130435,0.02591152178743961,5.263,0.00071,True,True,True,False,-767.05,0.0,97.39224562094076,46.74178311356032,724.9888671521354,-0.05449714623105687,102.01839874040547
2025-07-14T14:45:00Z,2025-07-14T15:00:00Z,2025-07-14,2025-07-14_17,-29.0,100,71,0,157.82074199130435,157.06178265217392,0.028712039275362318,7.1885,0.039760000000000004,True,True,True,False,-767.05,0.0,97.39224562094076,46.74178311356032,990.3393146034246,-2.4670450068884073,364.95629833103726
2025-07-14T15:00:00Z,2025-07-14T15:15:00Z,2025-07-14,2025-07-14_18,0.0,100,100,0,157.06178265217392,169.73248265217393,0.035196388888888895,0.0,13.7725,True,True,True,False,0.0,0.0,97.39224562094076,65.8334973430427,0.0,2166.662810962409,2329.8885539263924
2025-07-14T15:15:00Z,2025-07-14T15:30:00Z,2025-07-14,2025-07-14_18,0.0,100,100,0,169.73248265217393,174.78621308695654,0.014098526570048309,0.01,5.505,True,True,True,False,0.0,0.0,97.39224562094076,65.8334973430427,1.3757134422357802,-178.17738043692185,-13.575924030702621
2025-07-14T15:30:00Z,2025-07-14T15:45:00Z,2025-07-14,2025-07-14_18,0.0,100,100,0,174.78621308695654,179.76847308695653,0.013839611111111112,0.0,5.4155,True,True,True,False,0.0,0.0,97.39224562094076,65.8334973430427,0.0,-219.81217132454242,-56.58642836055897
2025-07-14T15:45:00Z,2025-07-14T16:00:00Z,2025-07-14,2025-07-14_18,0.0,100,100,0,179.76847308695653,180.0694904782609,0.0010293961352657005,0.032,0.365,True,True,True,False,0.0,0.0,97.39224562094076,65.8334973430427,4.402283015154497,-22.894141901200552,144.7338840779374
2025-07-14T16:00:00Z,2025-07-14T16:15:00Z,2025-07-14,2025-07-14_19,7.989333395945315,92,100,0,180.0694904782609,188.83767235594445,0.030762724589667785,0.0,11.7205,True,True,True,False,265.2658420788743,0.0,89.60086597126549,65.42019287541822,0.0,5511.758313717772,5932.04521464333
2025-07-14T16:15:00Z,2025-07-14T16:30:00Z,2025-07-14,2025-07-14_19,7.989333395945315,92,100,0,188.83767235594445,186.9353932184598,0.007066457561429687,0.0782,0.379,True,True,True,False,265.2658420788743,0.0,89.60086597126549,65.42019287541822,10.758079118283803,-23.12243121432789,407.9225488295139
2025-07-14T16:30:00Z,2025-07-14T16:45:00Z,2025-07-14,2025-07-14_19,7.989333395945315,92,100,0,186.9353932184598,184.994313621001,0.006772150003853733,0.040479999999999995,0.2935,True,True,True,False,265.2658420788743,0.0,89.60086597126549,65.42019287541822,5.5688880141704376,-18.33199498130289,407.5237939584256
2025-07-14T16:45:00Z,2025-07-14T17:00:00Z,2025-07-14,2025-07-14_19,7.989333395945315,92,100,0,184.994313621001,182.5831992000002,0.006775135720504993,0.23506,0.0165,True,True,True,False,265.2658420788743,0.0,89.60086597126549,65.42019287541822,32.33752017319425,-1.1198567211178903,451.5045643776344
2025-07-14T17:00:00Z,2025-07-14T17:15:00Z,2025-07-14,2025-07-14_20,32.00000000000009,68,100,0,182.5831992000002,185.4280000000002,0.03330222444444446,0.0,11.8555,True,True,True,False,1380.560000000004,0.0,68.39480417240699,65.12497539854358,0.0,1113.220016827396,2627.2997963983507
2025-07-14T17:15:00Z,2025-07-14T17:30:00Z,2025-07-14,2025-07-14_20,32.00000000000009,68,100,0,185.4280000000002,181.60142511304366,0.02801410357487927,0.0,5.002,True,True,True,False,1380.560000000004,0.0,68.39480417240699,65.12497539854358,0.0,-116.25293800432983,1397.8268415666248
2025-07-14T17:30:00Z,2025-07-14T17:45:00Z,2025-07-14,2025-07-14_20,32.00000000000009,68,100,0,181.60142511304366,180.9613605217393,0.03053991719806766,0.0,8.2755,True,True,True,False,1380.560000000004,0.0,68.39480417240699,65.12497539854358,0.0,-320.7460669159613,1193.3337126549934
2025-07-14T17:45:00Z,2025-07-14T18:00:00Z,2025-07-14,2025-07-14_20,32.00000000000009,68,100,0,180.9613605217393,182.4599130434784,0.032235109661835765,0.0,10.4725,True,True,True,False,1380.560000000004,0.0,68.39480417240699,65.12497539854358,0.0,-16.70529669356426,1497.3744828773904
2025-07-14T18:00:00Z,2025-07-14T18:15:00Z,2025-07-14,2025-07-14_21,100.0,0,100,0,182.4599130434784,156.41371739130446,0.07235054347826086,0.0,1.0375,True,True,True,False,5954.25,0.0,0.0,65.50875811848061,0.0,-50.95450206652234,5968.804256051958
2025-07-14T18:15:00Z,2025-07-14T18:30:00Z,2025-07-14,2025-07-14_21,100.0,0,100,0,156.41371739130446,129.32947826086968,0.07523399758454107,0.0,0.0825,True,True,True,False,5954.25,0.0,0.0,65.50875811848061,0.0,-5.740009348553434,6014.018748769927
2025-07-14T18:30:00Z,2025-07-14T18:45:00Z,2025-07-14,2025-07-14_21,100.0,0,100,0,129.32947826086968,102.17513043478273,0.07542874396135267,0.0,0.018,True,True,True,False,5954.25,0.0,0.0,65.50875811848061,0.0,-1.3816177917732726,6018.377140326707
2025-07-14T18:45:00Z,2025-07-14T19:00:00Z,2025-07-14,2025-07-14_21,100.0,0,100,0,102.17513043478273,75.13654347826099,0.07510718599033817,0.0,0.1245,True,True,True,False,5954.25,0.0,0.0,65.50875811848061,0.0,-8.302491143475692,6011.456266975005
2025-07-14T19:00:00Z,2025-07-14T19:15:00Z,2025-07-14,2025-07-14_22,46.80123515054915,28,75,25,75.13654347826099,62.09831784151554,0.03630376964760901,0.33725999999999995,0.045,True,True,True,False,2184.564653739758,274.9212753395001,28.22869513875221,49.37512300728203,46.46368825034441,-2.8827986616807713,2580.6706368139558
2025-07-14T19:15:00Z,2025-07-14T19:30:00Z,2025-07-14,2025-07-14_22,46.80123515054915,28,75,25,62.09831784151554,48.73933002886631,0.03710829947958118,0.58996,0.0,True,True,True,False,2184.564653739758,274.9212753395001,28.22869513875221,49.37512300728203,81.2777012399134,0.0,2618.3674484652056
2025-07-14T19:30:00Z,2025-07-14T19:45:00Z,2025-07-14,2025-07-14_22,46.80123515054915,28,75,25,48.73933002886631,34.66893260187754,0.0393114373542291,1.3557599999999999,0.11812500000000001,True,True,True,False,2184.564653739758,274.9212753395001,28.22869513875221,49.37512300728203,268.03223107262346,-7.1206521846093285,2798.0013261133063
2025-07-14T19:45:00Z,2025-07-14T20:00:00Z,2025-07-14,2025-07-14_22,46.80123515054915,28,75,25,34.66893260187754,23.586956521741705,0.033958385147392516,0.05194,1.6522499999999998,True,True,True,False,2184.564653739758,274.9212753395001,28.22869513875221,49.37512300728203,7.155596236961228,-65.787580692777,2478.4577627694766
2025-07-14T20:00:00Z,2025-07-14T20:15:00Z,2025-07-14,2025-07-14_23,0.0,97,97,3,23.586956521741705,16.135381095654747,0.02200519507246377,7.071785,0.255595,True,True,True,False,0.0,32.990553040740004,94.47047825231253,63.85849242275141,3958.3234405471367,-12.92155718460933,4136.721407078331
2025-07-14T20:15:00Z,2025-07-14T20:30:00Z,2025-07-14,2025-07-14_23,0.0,97,97,3,16.135381095654747,15.807044530437357,0.0011351460144927536,0.339015,0.04365,True,True,True,False,0.0,32.990553040740004,94.47047825231253,63.85849242275141,46.702602313520956,-3.1786065735091515,234.84351945581574
2025-07-14T20:30:00Z,2025-07-14T20:45:00Z,2025-07-14,2025-07-14_23,0.0,97,97,3,15.807044530437357,11.644852973915619,0.011727728768115942,3.8567199999999997,0.032495,True,True,True,False,0.0,32.990553040740004,94.47047825231253,63.85849242275141,624.3871039086793,-2.1333885239126156,813.5732391005706
2025-07-14T20:45:00Z,2025-07-14T21:00:00Z,2025-07-14,2025-07-14_23,0.0,97,97,3,11.644852973915619,11.795339617393878,0.00807961265700483,1.26876,1.66258,True,True,True,False,0.0,32.990553040740004,94.47047825231253,63.85849242275141,174.79422603424524,-74.01147803188348,292.1022717181657
2025-07-14T21:00:00Z,2025-07-14T21:15:00Z,2025-07-15,2025-07-14_24,-2.799342205251896,36,97,0,11.795339617393878,10.475573268421746,0.008681980634368083,2.21724,0.45396000000000003,True,True,True,False,-81.57283186104026,0.0,34.0084654001378,61.09882862486464,351.6295140230337,-22.05649495422778,343.1074812327681
2025-07-14T21:15:00Z,2025-07-14T21:30:00Z,2025-07-15,2025-07-14_24,-2.799342205251896,36,97,0,10.475573268421746,10.96376180502739,0.0026422037837675457,0.23093999999999998,0.10039499999999998,True,True,True,False,-81.57283186104026,0.0,34.0084654001378,61.09882862486464,31.78979234570331,-7.349044447288118,37.97521006237738
2025-07-14T21:30:00Z,2025-07-14T21:45:00Z,2025-07-15,2025-07-14_24,-2.799342205251896,36,97,0,10.96376180502739,11.312894555384712,0.0025165708940268748,0.27774,0.00388,True,True,True,False,-81.57283186104026,0.0,34.0084654001378,61.09882862486464,38.239704687469235,-0.30630573875381434,51.4678611126776
2025-07-14T21:45:00Z,2025-07-14T22:00:00Z,2025-07-15,2025-07-14_24,-2.799342205251896,36,97,0,11.312894555384712,14.035264281362291,0.007626293988188442,0.01152,2.27271,True,True,True,False,-81.57283186104026,0.0,34.0084654001378,61.09882862486464,1.5852898907372772,-39.31593668865045,-24.196184633950992
2025-07-14T22:00:00Z,2025-07-14T22:15:00Z,2025-07-15,2025-07-15_1,-61.61574788922245,94,32,6,14.035264281362291,23.81050842526725,0.037271579169129904,4.8635600000000005,0.38896000000000003,True,True,True,False,-1649.9156891036541,66.00059060931193,88.7998818781376,20.156314597893488,3756.276899742101,-7.262092631164484,2274.0559050926254
2025-07-14T22:15:00Z,2025-07-14T22:30:00Z,2025-07-15,2025-07-15_1,-61.61574788922245,94,32,6,23.81050842526725,37.53318831072287,0.0391344742573978,0.48833,0.03088,True,True,True,False,-1649.9156891036541,66.00059060931193,88.7998818781376,20.156314597893488,67.20005315483806,-2.373683803523969,-1410.1325326669971
2025-07-14T22:30:00Z,2025-07-14T22:45:00Z,2025-07-15,2025-07-15_1,-61.61574788922245,94,32,6,37.53318831072287,50.55492817619783,0.03866289679957602,1.19756,0.022559999999999997,True,True,True,False,-1649.9156891036541,66.00059060931193,88.7998818781376,20.156314597893488,164.98366465203267,-1.7615897942710894,-1311.7368271605496
2025-07-14T22:45:00Z,2025-07-14T23:00:00Z,2025-07-15,2025-07-15_1,-61.61574788922245,94,32,6,50.55492817619783,64.625203,0.03933832093413651,0.12219999999999999,0.01968,True,True,True,False,-1649.9156891036541,66.00059060931193,88.7998818781376,20.156314597893488,16.816182695147155,-1.4931228979230238,-1459.635842221087
2025-07-14T23:00:00Z,2025-07-14T23:15:00Z,2025-07-15,2025-07-15_2,0.0,0,0,100,64.625203,64.625203,0.0,0.0,0.0,True,True,True,False,0.0,1100.0098434885322,0.0,0.0,0.0,0.0,1100.0098434885322
2025-07-14T23:15:00Z,2025-07-14T23:30:00Z,2025-07-15,2025-07-15_2,0.0,0,0,100,64.625203,64.625203,0.0,0.0,0.0,True,True,True,False,0.0,1100.0098434885322,0.0,0.0,0.0,0.0,1100.0098434885322
2025-07-14T23:30:00Z,2025-07-14T23:45:00Z,2025-07-15,2025-07-15_2,0.0,0,0,100,64.625203,64.625203,0.0,0.0,0.0,True,True,True,False,0.0,1100.0098434885322,0.0,0.0,0.0,0.0,1100.0098434885322
2025-07-14T23:45:00Z,2025-07-15T00:00:00Z,2025-07-15,2025-07-15_2,0.0,0,0,100,64.625203,64.625203,0.0,0.0,0.0,True,True,True,False,0.0,1100.0098434885322,0.0,0.0,0.0,0.0,1100.0098434885322
2025-07-15T00:00:00Z,2025-07-15T00:15:00Z,2025-07-15,2025-07-15_3,0.0,0,0,100,64.625203,64.625203,0.0,0.0,0.0,True,True,True,False,0.0,1100.0098434885322,0.0,0.0,0.0,0.0,1100.0098434885322
2025-07-15T00:15:00Z,2025-07-15T00:30:00Z,2025-07-15,2025-07-15_3,0.0,0,0,100,64.625203,64.625203,0.0,0.0,0.0,True,True,True,False,0.0,1100.0098434885322,0.0,0.0,0.0,0.0,1100.0098434885322
2025-07-15T00:30:00Z,2025-07-15T00:45:00Z,2025-07-15,2025-07-15_3,0.0,0,0,100,64.625203,64.625203,0.0,0.0,0.0,True,True,True,False,0.0,1100.0098434885322,0.0,0.0,0.0,0.0,1100.0098434885322
2025-07-15T00:45:00Z,2025-07-15T01:00:00Z,2025-07-15,2025-07-15_3,0.0,0,0,100,64.625203,64.625203,0.0,0.0,0.0,True,True,True,False,0.0,1100.0098434885322,0.0,0.0,0.0,0.0,1100.0098434885322
2025-07-15T01:00:00Z,2025-07-15T01:15:00Z,2025-07-15,2025-07-15_4,0.0,0,0,100,64.625203,64.625203,0.0,0.0,0.0,True,True,True,False,0.0,1100.0098434885322,0.0,0.0,0.0,0.0,1100.0098434885322
2025-07-15T01:15:00Z,2025-07-15T01:30:00Z,2025-07-15,2025-07-15_4,0.0,0,0,100,64.625203,64.625203,0.0,0.0,0.0,True,True,True,False,0.0,1100.0098434885322,0.0,0.0,0.0,0.0,1100.0098434885322
2025-07-15T01:30:00Z,2025-07-15T01:45:00Z,2025-07-15,2025-07-15_4,0.0,0,0,100,64.625203,64.625203,0.0,0.0,0.0,True,True,True,False,0.0,1100.0098434885322,0.0,0.0,0.0,0.0,1100.0098434885322
2025-07-15T01:45:00Z,2025-07-15T02:00:00Z,2025-07-15,2025-07-15_4,0.0,0,0,100,64.625203,64.625203,0.0,0.0,0.0,True,True,True,False,0.0,1100.0098434885322,0.0,0.0,0.0,0.0,1100.0098434885322
2025-07-15T02:00:00Z,2025-07-15T02:15:00Z,2025-07-15,2025-07-15_5,0.0,0,0,100,64.625203,64.625203,0.0,0.0,0.0,True,True,True,False,0.0,1100.0098434885322,0.0,0.0,0.0,0.0,1100.0098434885322
2025-07-15T02:15:00Z,2025-07-15T02:30:00Z,2025-07-15,2025-07-15_5,0.0,0,0,100,64.625203,64.625203,0.0,0.0,0.0,True,True,True,False,0.0,1100.0098434885322,0.0,0.0,0.0,0.0,1100.0098434885322
2025-07-15T02:30:00Z,2025-07-15T02:45:00Z,2025-07-15,2025-07-15_5,0.0,0,0,100,64.625203,64.625203,0.0,0.0,0.0,True,True,True,False,0.0,1100.0098434885322,0.0,0.0,0.0,0.0,1100.0098434885322
2025-07-15T02:45:00Z,2025-07-15T03:00:00Z,2025-07-15,2025-07-15_5,0.0,0,0,100,64.625203,64.625203,0.0,0.0,0.0,True,True,True,False,0.0,1100.0098434885322,0.0,0.0,0.0,0.0,1100.0098434885322
2025-07-15T03:00:00Z,2025-07-15T03:15:00Z,2025-07-15,2025-07-15_6,0.0,0,0,100,64.625203,64.625203,0.0,0.0,0.0,True,True,True,False,0.0,1100.0098434885322,0.0,0.0,0.0,0.0,1100.0098434885322
2025-07-15T03:15:00Z,2025-07-15T03:30:00Z,2025-07-15,2025-07-15_6,0.0,0,0,100,64.625203,64.625203,0.0,0.0,0.0,True,True,True,False,0.0,1100.0098434885322,0.0,0.0,0.0,0.0,1100.0098434885322
2025-07-15T03:30:00Z,2025-07-15T03:45:00Z,2025-07-15,2025-07-15_6,0.0,0,0,100,64.625203,64.625203,0.0,0.0,0.0,True,True,True,False,0.0,1100.0098434885322,0.0,0.0,0.0,0.0,1100.0098434885322
2025-07-15T03:45:00Z,2025-07-15T04:00:00Z,2025-07-15,2025-07-15_6,0.0,0,0,100,64.625203,64.625203,0.0,0.0,0.0,True,True,True,False,0.0,1100.0098434885322,0.0,0.0,0.0,0.0,1100.0098434885322
2025-07-15T04:00:00Z,2025-07-15T04:15:00Z,2025-07-15,2025-07-15_7,0.0,0,0,100,64.625203,64.625203,0.0,0.0,0.0,True,True,True,False,0.0,1100.0098434885322,0.0,0.0,0.0,0.0,1100.0098434885322
2025-07-15T04:15:00Z,2025-07-15T04:30:00Z,2025-07-15,2025-07-15_7,0.0,0,0,100,64.625203,64.625203,0.0,0.0,0.0,True,True,True,False,0.0,1100.0098434885322,0.0,0.0,0.0,0.0,1100.0098434885322
2025-07-15T04:30:00Z,2025-07-15T04:45:00Z,2025-07-15,2025-07-15_7,0.0,0,0,100,64.625203,64.625203,0.0,0.0,0.0,True,True,True,False,0.0,1100.0098434885322,0.0,0.0,0.0,0.0,1100.0098434885322
2025-07-15T04:45:00Z,2025-07-15T05:00:00Z,2025-07-15,2025-07-15_7,0.0,0,0,100,64.625203,64.625203,0.0,0.0,0.0,True,True,True,False,0.0,1100.0098434885322,0.0,0.0,0.0,0.0,1100.0098434885322
2025-07-15T05:00:00Z,2025-07-15T05:15:00Z,2025-07-15,2025-07-15_8,0.0,0,0,100,64.625203,64.625203,0.0,0.0,0.0,True,True,True,False,0.0,1100.0098434885322,0.0,0.0,0.0,0.0,1100.0098434885322
2025-07-15T05:15:00Z,2025-07-15T05:30:00Z,2025-07-15,2025-07-15_8,0.0,0,0,100,64.625203,64.625203,0.0,0.0,0.0,True,True,True,False,0.0,1100.0098434885322,0.0,0.0,0.0,0.0,1100.0098434885322
2025-07-15T05:30:00Z,2025-07-15T05:45:00Z,2025-07-15,2025-07-15_8,0.0,0,0,100,64.625203,64.625203,0.0,0.0,0.0,True,True,True,False,0.0,1100.0098434885322,0.0,0.0,0.0,0.0,1100.0098434885322
2025-07-15T05:45:00Z,2025-07-15T06:00:00Z,2025-07-15,2025-07-15_8,0.0,0,0,100,64.625203,64.625203,0.0,0.0,0.0,True,True,True,False,0.0,1100.0098434885322,0.0,0.0,0.0,0.0,1100.0098434885322
2025-07-15T06:00:00Z,2025-07-15T06:15:00Z,2025-07-15,2025-07-15_9,0.0,0,0,100,64.625203,64.625203,0.0,0.0,0.0,True,True,True,False,0.0,1100.0098434885322,0.0,0.0,0.0,0.0,1100.0098434885322
2025-07-15T06:15:00Z,2025-07-15T06:30:00Z,2025-07-15,2025-07-15_9,0.0,0,0,100,64.625203,64.625203,0.0,0.0,0.0,True,True,True,False,0.0,1100.0098434885322,0.0,0.0,0.0,0.0,1100.0098434885322
2025-07-15T06:30:00Z,2025-07-15T06:45:00Z,2025-07-15,2025-07-15_9,0.0,0,0,100,64.625203,64.625203,0.0,0.0,0.0,True,True,True,False,0.0,1100.0098434885322,0.0,0.0,0.0,0.0,1100.0098434885322
2025-07-15T06:45:00Z,2025-07-15T07:00:00Z,2025-07-15,2025-07-15_9,0.0,0,0,100,64.625203,64.625203,0.0,0.0,0.0,True,True,True,False,0.0,1100.0098434885322,0.0,0.0,0.0,0.0,1100.0098434885322
2025-07-15T07:00:00Z,2025-07-15T07:15:00Z,2025-07-15,2025-07-15_10,0.0,13,13,87,64.625203,65.8700596,0.003457935,0.0,1.353105,True,True,True,False,0.0,957.0085638350229,12.280834727827541,8.207697608032285,0.0,-50.4478141145782,927.0492820563045
2025-07-15T07:15:00Z,2025-07-15T07:30:00Z,2025-07-15,2025-07-15_10,0.0,13,13,87,65.8700596,66.66827,0.0022172511111111116,0.0,0.8676200000000001,True,True,True,False,0.0,957.0085638350229,12.280834727827541,8.207697608032285,0.0,-34.804893576139385,942.6922025947433
2025-07-15T07:30:00Z,2025-07-15T07:45:00Z,2025-07-15,2025-07-15_10,0.0,13,13,87,66.66827,67.24665560000001,0.0016066266666666669,0.0,0.62868,True,True,True,False,0.0,957.0085638350229,12.280834727827541,8.207697608032285,0.0,-24.96266178167142,952.5344343892112
2025-07-15T07:45:00Z,2025-07-15T08:00:00Z,2025-07-15,2025-07-15_10,0.0,13,13,87,67.24665560000001,67.49472239130435,0.0006906444685990338,0.00026000000000000003,0.269945,True,True,True,False,0.0,957.0085638350229,12.280834727827541,8.207697608032285,0.035753519047150316,-11.54798084850871,965.9848688414212
2025-07-15T08:00:00Z,2025-07-15T08:15:00Z,2025-07-15,2025-07-15_11,-13.0,13,0,87,67.49472239130435,70.48472239130435,0.008305555555555557,0.0,0.0,True,True,True,False,-237.9,957.0085638350229,12.280834727827541,0.0,0.0,0.0,731.3893985628504
2025-07-15T08:15:00Z,2025-07-15T08:30:00Z,2025-07-15,2025-07-15_11,-13.0,13,0,87,70.48472239130435,73.47472239130435,0.008305555555555557,0.0,0.0,True,True,True,False,-237.9,957.0085638350229,12.280834727827541,0.0,0.0,0.0,731.3893985628504
2025-07-15T08:30:00Z,2025-07-15T08:45:00Z,2025-07-15,2025-07-15_11,-13.0,13,0,87,73.47472239130435,76.43805159130436,0.00823147,0.028990000000000002,0.0,True,True,True,False,-237.9,957.0085638350229,12.280834727827541,0.0,3.8352751255044786,0.0,735.2246736883549
2025-07-15T08:45:00Z,2025-07-15T09:00:00Z,2025-07-15,2025-07-15_11,-13.0,13,0,87,76.43805159130436,79.40873619130436,0.008251901666666667,0.020995,0.0,True,True,True,False,-237.9,957.0085638350229,12.280834727827541,0.0,2.7775647209370997,0.0,734.1669632837875
2025-07-15T09:00:00Z,2025-07-15T09:15:00Z,2025-07-15,2025-07-15_12,-13.0,13,0,87,79.40873619130436,82.39873619130437,0.008305555555555556,0.0,0.0,True,True,True,False,-203.515,957.0085638350229,12.280834727827541,0.0,0.0,0.0,765.7743985628505
2025-07-15T09:15:00Z,2025-07-15T09:30:00Z,2025-07-15,2025-07-15_12,-13.0,13,0,87,82.39873619130437,85.38873619130436,0.008305555555555556,0.0,0.0,True,True,True,False,-203.515,957.0085638350229,12.280834727827541,0.0,0.0,0.0,765.7743985628505
2025-07-15T09:30:00Z,2025-07-15T09:45:00Z,2025-07-15,2025-07-15_12,-13.0,13,0,87,85.38873619130436,88.37628439130435,0.008298745,0.002665,0.0,True,True,True,False,-203.515,957.0085638350229,12.280834727827541,0.0,0.32423860616202377,0.0,766.0986371690125
2025-07-15T09:45:00Z,2025-07-15T10:00:00Z,2025-07-15,2025-07-15_12,-13.0,13,0,87,88.37628439130435,91.35426459130436,0.008272167222222222,0.013065,0.0,True,True,True,False,-203.515,957.0085638350229,12.280834727827541,0.0,1.5895599960626046,0.0,767.363958558913
2025-07-15T10:00:00Z,2025-07-15T10:15:00Z,2025-07-15,2025-07-15_13,-13.0,13,0,87,91.35426459130436,94.34426459130435,0.008305555555555556,0.0,0.0,True,True,True,False,-199.7125,957.0085638350229,12.280834727827541,0.0,0.0,0.0,769.5768985628504
2025-07-15T10:15:00Z,2025-07-15T10:30:00Z,2025-07-15,2025-07-15_13,-13.0,13,0,87,94.34426459130435,97.24067759130435,0.008045591666666668,0.10172500000000001,0.0,True,True,True,False,-199.7125,957.0085638350229,12.280834727827541,0.0,12.256265380450833,0.0,781.8331639433012
2025-07-15T10:30:00Z,2025-07-15T10:45:00Z,2025-07-15,2025-07-15_13,-13.0,13,0,87,97.24067759130435,100.16124979130434,0.008112700555555557,0.075465,0.0,True,True,True,False,-199.7125,957.0085638350229,12.280834727827541,0.0,9.092347672014963,0.0,778.6692462348653
2025-07-15T10:45:00Z,2025-07-15T11:00:00Z,2025-07-15,2025-07-15_13,-13.0,13,0,87,100.16124979130434,103.11674519130435,0.008209709444444444,0.037505,0.0,True,True,True,False,-199.7125,957.0085638350229,12.280834727827541,0.0,4.518763657840338,0.0,774.0956622206908
2025-07-15T11:00:00Z,2025-07-15T11:15:00Z,2025-07-15,2025-07-15_14,-28.0,28,0,72,103.11674519130435,109.54953239130435,0.017868853333333334,0.007840000000000001,0.0,True,True,True,False,-346.15000000000003,792.007087311743,26.451028644551627,0.0,0.9260754011221578,0.0,473.23419135741676
2025-07-15T11:15:00Z,2025-07-15T11:30:00Z,2025-07-15,2025-07-15_14,-28.0,28,0,72,109.54953239130435,115.97098519130437,0.01783736888888889,0.020159999999999997,0.0,True,True,True,False,-346.15000000000003,792.007087311743,26.451028644551627,0.0,2.381336745742691,0.0,474.68945270203733
2025-07-15T11:30:00Z,2025-07-15T11:45:00Z,2025-07-15,2025-07-15_14,-28.0,28,0,72,115.97098519130437,122.18172119130438,0.017252044444444448,0.2492,0.0,True,True,True,False,-346.15000000000003,792.007087311743,26.451028644551627,0.0,29.435968107097153,0.0,501.74408406339177
2025-07-15T11:45:00Z,2025-07-15T12:00:00Z,2025-07-15,2025-07-15_14,-28.0,28,0,72,122.18172119130438,128.59351399130438,0.017810535555555555,0.03066,0.0,True,True,True,False,-346.15000000000003,792.007087311743,26.451028644551627,0.0,3.621616300817009,0.0,475.9297322571116
2025-07-15T12:00:00Z,2025-07-15T12:15:00Z,2025-07-15,2025-07-15_15,-38.0,38,0,62,128.59351399130438,137.0052395913044,0.02336590444444444,0.35681999999999997,0.0,True,True,True,False,-529.91,682.0061029628898,35.89782458903435,0.0,42.14824293729697,0.0,230.14217048922117
2025-07-15T12:15:00Z,2025-07-15T12:30:00Z,2025-07-15,2025-07-15_15,-38.0,38,0,62,137.0052395913044,145.6496239913044,0.024012178888888888,0.10393,0.0,True,True,True,False,-529.91,682.0061029628898,35.89782458903435,0.0,12.27640515798799,0.0,200.2703327099122
2025-07-15T12:30:00Z,2025-07-15T12:45:00Z,2025-07-15,2025-07-15_15,-38.0,38,0,62,145.6496239913044,152.7973707913044,0.019854852222222222,1.7307100000000002,0.0,True,True,True,False,-529.91,682.0061029628898,35.89782458903435,0.0,226.28091998621912,0.0,414.2748475381433
2025-07-15T12:45:00Z,2025-07-15T13:00:00Z,2025-07-15,2025-07-15_15,-38.0,38,0,62,152.7973707913044,161.3730587913044,0.023821355555555555,0.17859999999999998,0.0,True,True,True,False,-529.91,682.0061029628898,35.89782458903435,0.0,21.09656462250221,0.0,209.09049217442643
2025-07-15T13:00:00Z,2025-07-15T13:15:00Z,2025-07-15,2025-07-15_16,0.0,100,100,0,161.3730587913044,171.6912353130435,0.028664620772946858,0.0005,11.216,True,True,True,False,0.0,0.0,94.46795944482723,62.7522393936411,0.059060931194015155,1366.0798740033465,1523.3591337730088
2025-07-15T13:15:00Z,2025-07-15T13:30:00Z,2025-07-15,2025-07-15_16,0.0,100,100,0,171.6912353130435,172.88610313913046,0.007253256038647343,0.6515,2.0685,True,True,True,False,0.0,0.0,94.46795944482723,62.7522393936411,89.31918141549365,-79.87639295206219,166.6629873018998
2025-07-15T13:30:00Z,2025-07-15T13:45:00Z,2025-07-15,2025-07-15_16,0.0,100,100,0,172.88610313913046,164.21599444347828,0.024083635265700485,7.976500000000001,0.0,True,True,True,False,0.0,0.0,94.46795944482723,62.7522393936411,3153.6736494733736,0.0,3310.893848311842
2025-07-15T13:45:00Z,2025-07-15T14:00:00Z,2025-07-15,2025-07-15_16,0.0,100,100,0,164.21599444347828,149.97958140000003,0.03954559178743961,13.0975,0.0,True,True,True,False,0.0,0.0,94.46795944482723,62.7522393936411,7469.055977458411,0.0,7626.276176296879
2025-07-15T14:00:00Z,2025-07-15T14:15:00Z,2025-07-15,2025-07-15_17,-7.815970093361102e-14,13,13,87,149.97958140000003,149.57332608695657,0.0011308125362319214,0.37414000000000003,0.00045500000000000006,True,True,True,False,-2.0663470934323414e-12,957.0085638350229,12.280834727827541,8.157791121173343,51.52812674475835,-0.03493454080125997,1028.9403818879787
2025-07-15T14:15:00Z,2025-07-15T14:30:00Z,2025-07-15,2025-07-15_17,-7.815970093361102e-14,13,13,87,149.57332608695657,149.42785393913053,0.0004170459661836202,0.13598000000000002,0.002535,True,True,True,False,-2.0663470934323414e-12,957.0085638350229,12.280834727827541,8.157791121173343,18.707255418840436,-0.17794856580372082,995.9764965370584
2025-07-15T14:30:00Z,2025-07-15T14:45:00Z,2025-07-15,2025-07-15_17,-7.815970093361102e-14,13,13,87,149.42785393913053,149.08896270434795,0.0009426934299517301,0.312,0.00026000000000000003,True,True,True,False,-2.0663470934323414e-12,957.0085638350229,12.280834727827541,8.157791121173343,42.96226793975785,-0.019962594743577124,1020.389495029036
2025-07-15T14:45:00Z,2025-07-15T15:00:00Z,2025-07-15,2025-07-15_17,-7.815970093361102e-14,13,13,87,149.08896270434795,149.0478342086958,0.0002551080434783087,0.061165,0.027559999999999998,True,True,True,False,-2.0663470934323414e-12,957.0085638350229,12.280834727827541,8.157791121173343,8.401093127276306,-1.6858559700757945,984.1624268412222
2025-07-15T15:00:00Z,2025-07-15T15:15:00Z,2025-07-15,2025-07-15_18,12.561437055268769,87,100,0,149.0478342086958,157.357972098461,0.03259657759899302,0.0,12.459,True,True,True,False,365.9460650126174,0.0,82.18712471699969,63.1361354464022,0.0,2156.423685795846,2667.693010971865
2025-07-15T15:15:00Z,2025-07-15T15:30:00Z,2025-07-15,2025-07-15_18,12.561437055268769,87,100,0,157.357972098461,166.43359082280477,0.034105840240668955,0.0,13.2725,True,True,True,False,365.9460650126174,0.0,82.18712471699969,63.1361354464022,0.0,286.20469386750665,797.4740190435259
2025-07-15T15:30:00Z,2025-07-15T15:45:00Z,2025-07-15,2025-07-15_18,12.561437055268769,87,100,0,166.43359082280477,186.24570164615477,0.05527447790695342,0.0,24.6825,True,True,True,False,365.9460650126174,0.0,82.18712471699969,63.1361354464022,0.0,20072.186076877642,20583.455402053663
2025-07-15T15:45:00Z,2025-07-15T16:00:00Z,2025-07-15,2025-07-15_18,12.561437055268769,87,100,0,186.24570164615477,184.5268485041466,0.01292843236364766,0.020444999999999998,1.8245,True,True,True,False,365.9460650126174,0.0,82.18712471699969,63.1361354464022,2.729635918889654,-84.43345634412836,429.5655047507806
2025-07-15T16:00:00Z,2025-07-15T16:15:00Z,2025-07-15,2025-07-15_19,59.95235467597376,40,100,0,184.5268485041466,183.38894958491568,0.033567227530382354,0.0,14.855000000000002,True,True,True,False,1912.4801141635628,0.0,37.78718377793089,62.98848311841716,0.0,1949.9340663451128,3963.1898474050236
2025-07-15T16:15:00Z,2025-07-15T16:30:00Z,2025-07-15,2025-07-15_19,59.95235467597376,40,100,0,183.38894958491568,172.66934127985763,0.041844068712226436,0.40679999999999994,5.8955,True,True,True,False,1912.4801141635628,0.0,37.78718377793089,62.98848311841716,56.02996271286542,-11.244335859828723,2058.0414079129478
2025-07-15T16:30:00Z,2025-07-15T16:45:00Z,2025-07-15,2025-07-15_19,59.95235467597376,40,100,0,172.66934127985763,154.25166981453944,0.05117247979267214,1.9618,0.006,True,True,True,False,1912.4801141635628,0.0,37.78718377793089,62.98848311841716,270.2927448370902,-0.4606752633133182,2283.0878506336876
2025-07-15T16:45:00Z,2025-07-15T17:00:00Z,2025-07-15,2025-07-15_19,59.95235467597376,40,100,0,154.25166981453944,138.76845108695656,0.045230828769913134,0.2752,1.0855,True,True,True,False,1912.4801141635628,0.0,37.78718377793089,62.98848311841716,37.87097659218427,-61.8112058273452,1989.31555182475
2025-07-15T17:00:00Z,2025-07-15T17:15:00Z,2025-07-15,2025-07-15_20,0.0,0,0,100,138.76845108695656,138.76845108695656,0.0,0.0,0.0,True,True,True,False,0.0,1100.0098434885322,0.0,0.0,0.0,0.0,1100.0098434885322
2025-07-15T17:15:00Z,2025-07-15T17:30:00Z,2025-07-15,2025-07-15_20,0.0,0,0,100,138.76845108695656,138.76845108695656,0.0,0.0,0.0,True,True,True,False,0.0,1100.0098434885322,0.0,0.0,0.0,0.0,1100.0098434885322
2025-07-15T17:30:00Z,2025-07-15T17:45:00Z,2025-07-15,2025-07-15_20,0.0,0,0,100,138.76845108695656,138.76845108695656,0.0,0.0,0.0,True,True,True,False,0.0,1100.0098434885322,0.0,0.0,0.0,0.0,1100.0098434885322
2025-07-15T17:45:00Z,2025-07-15T18:00:00Z,2025-07-15,2025-07-15_20,0.0,0,0,100,138.76845108695656,138.76845108695656,0.0,0.0,0.0,True,True,True,False,0.0,1100.0098434885322,0.0,0.0,0.0,0.0,1100.0098434885322
2025-07-15T18:00:00Z,2025-07-15T18:15:00Z,2025-07-15,2025-07-15_21,69.00000000000018,0,69,31,138.76845108695656,120.22507608695652,0.05150937500000013,0.0,0.19009500000000001,True,True,True,False,2919.735000000008,341.0030514814449,0.0,43.29904518161236,0.0,-12.029332853627327,3292.0077638094376
2025-07-15T18:15:00Z,2025-07-15T18:30:00Z,2025-07-15,2025-07-15_21,69.00000000000018,0,69,31,120.22507608695652,101.52420108695647,0.05194687500000015,0.0,0.045195,True,True,True,False,2919.735000000008,341.0030514814449,0.0,43.29904518161236,0.0,-3.3423479781474548,3300.6947486849176
2025-07-15T18:30:00Z,2025-07-15T18:45:00Z,2025-07-15,2025-07-15_21,69.00000000000018,0,69,31,101.52420108695647,82.92457608695642,0.05166562500000013,0.0,0.13834500000000002,True,True,True,False,2919.735000000008,341.0030514814449,0.0,43.29904518161236,0.0,-9.113502408701645,3294.9235942543637
2025-07-15T18:45:00Z,2025-07-15T19:00:00Z,2025-07-15,2025-07-15_21,69.00000000000018,0,69,31,82.92457608695642,64.34782608695637,0.05160208333333347,0.0,0.15939,True,True,True,False,2919.735000000008,341.0030514814449,0.0,43.29904518161236,0.0,-11.293736208288218,3292.743360454777
2025-07-15T19:00:00Z,2025-07-15T19:15:00Z,2025-07-15,2025-07-15_22,0.0,0,0,100,64.34782608695637,64.34782608695637,0.0,0.0,0.0,True,True,True,False,0.0,1100.0098434885322,0.0,0.0,0.0,0.0,1100.0098434885322
2025-07-15T19:15:00Z,2025-07-15T19:30:00Z,2025-07-15,2025-07-15_22,0.0,0,0,100,64.34782608695637,64.34782608695637,0.0,0.0,0.0,True,True,True,False,0.0,1100.0098434885322,0.0,0.0,0.0,0.0,1100.0098434885322
2025-07-15T19:30:00Z,2025-07-15T19:45:00Z,2025-07-15,2025-07-15_22,0.0,0,0,100,64.34782608695637,64.34782608695637,0.0,0.0,0.0,True,True,True,False,0.0,1100.0098434885322,0.0,0.0,0.0,0.0,1100.0098434885322
2025-07-15T19:45:00Z,2025-07-15T20:00:00Z,2025-07-15,2025-07-15_22,0.0,0,0,100,64.34782608695637,64.34782608695637,0.0,0.0,0.0,True,True,True,False,0.0,1100.0098434885322,0.0,0.0,0.0,0.0,1100.0098434885322
2025-07-15T20:00:00Z,2025-07-15T20:15:00Z,2025-07-15,2025-07-15_23,0.0,0,0,100,64.34782608695637,64.34782608695637,0.0,0.0,0.0,True,True,True,False,0.0,1100.0098434885322,0.0,0.0,0.0,0.0,1100.0098434885322
2025-07-15T20:15:00Z,2025-07-15T20:30:00Z,2025-07-15,2025-07-15_23,0.0,0,0,100,64.34782608695637,64.34782608695637,0.0,0.0,0.0,True,True,True,False,0.0,1100.0098434885322,0.0,0.0,0.0,0.0,1100.0098434885322
2025-07-15T20:30:00Z,2025-07-15T20:45:00Z,2025-07-15,2025-07-15_23,0.0,0,0,100,64.34782608695637,64.34782608695637,0.0,0.0,0.0,True,True,True,False,0.0,1100.0098434885322,0.0,0.0,0.0,0.0,1100.0098434885322
2025-07-15T20:45:00Z,2025-07-15T21:00:00Z,2025-07-15,2025-07-15_23,0.0,0,0,100,64.34782608695637,64.34782608695637,0.0,0.0,0.0,True,True,True,False,0.0,1100.0098434885322,0.0,0.0,0.0,0.0,1100.0098434885322
2025-07-15T21:00:00Z,2025-07-15T21:15:00Z,2025-07-16,2025-07-15_24,-7.37257477290143e-15,100,100,0,64.34782608695637,54.13753652173898,0.030656804347826087,9.7735,0.449,True,True,True,False,-1.9952030479164495e-13,0.0,91.50950824835624,60.71105161620536,6074.42322650498,-20.75151108311351,6205.892275286428
2025-07-15T21:15:00Z,2025-07-15T21:30:00Z,2025-07-16,2025-07-15_24,-7.37257477290143e-15,100,100,0,54.13753652173898,43.58264521739116,0.02931914251207729,9.7105,0.0,True,True,True,False,-1.9952030479164495e-13,0.0,91.50950824835624,60.71105161620536,9464.959958266074,0.0,9617.180518130635
2025-07-15T21:30:00Z,2025-07-15T21:45:00Z,2025-07-16,2025-07-15_24,-7.37257477290143e-15,100,100,0,43.58264521739116,38.909527826086816,0.013006437198067633,4.3035,0.005,True,True,True,False,-1.9952030479164495e-13,0.0,91.50950824835624,60.71105161620536,1185.9167776290406,-0.3218630654750187,1337.815474428127
2025-07-15T21:45:00Z,2025-07-15T22:00:00Z,2025-07-16,2025-07-15_24,-7.37257477290143e-15,100,100,0,38.909527826086816,39.377418260869426,0.0018461932367149808,0.0905,0.6155,True,True,True,False,-1.9952030479164495e-13,0.0,91.50950824835624,60.71105161620536,12.243403972597346,-28.657742037088077,135.80622180007066
2025-07-15T22:00:00Z,2025-07-15T22:15:00Z,2025-07-16,2025-07-16_1,-54.24244828172899,100,45,0,39.377418260869426,39.907807829152716,0.03501502659716926,12.139,0.1629,True,True,True,False,-1315.379370831928,0.0,91.50950824835624,27.31997322729241,13093.769939367692,-6.904313732824126,11890.315736278588
2025-07-15T22:15:00Z,2025-07-15T22:30:00Z,2025-07-16,2025-07-16_1,-54.24244828172899,100,45,0,39.907807829152716,39.56195728440207,0.03459535328817521,12.868000000000002,0.0,True,True,True,False,-1315.379370831928,0.0,91.50950824835624,27.31997322729241,13967.4365699437,0.0,12770.88668058742
2025-07-15T22:30:00Z,2025-07-15T22:45:00Z,2025-07-16,2025-07-16_1,-54.24244828172899,100,45,0,39.56195728440207,51.84677060324199,0.03471026652360568,0.212,0.02205,True,True,True,False,-1315.379370831928,0.0,91.50950824835624,27.31997322729241,28.97052324894681,-1.4519715343123747,-1169.031337641645
2025-07-15T22:45:00Z,2025-07-15T23:00:00Z,2025-07-16,2025-07-16_1,-54.24244828172899,100,45,0,51.84677060324199,64.41417513913058,0.03492741743581182,0.0065,0.10664999999999998,True,True,True,False,-1315.379370831928,0.0,91.50950824835624,27.31997322729241,0.8856649868105043,-6.358542787117602,-1202.0227671565865
2025-07-15T23:00:00Z,2025-07-15T23:15:00Z,2025-07-16,2025-07-16_2,0.0,0,0,100,64.41417513913058,64.41417513913058,0.0,0.0,0.0,True,True,True,False,0.0,1099.9448797196742,0.0,0.0,0.0,0.0,1099.9448797196742
2025-07-15T23:15:00Z,2025-07-15T23:30:00Z,2025-07-16,2025-07-16_2,0.0,0,0,100,64.41417513913058,64.41417513913058,0.0,0.0,0.0,True,True,True,False,0.0,1099.9448797196742,0.0,0.0,0.0,0.0,1099.9448797196742
2025-07-15T23:30:00Z,2025-07-15T23:45:00Z,2025-07-16,2025-07-16_2,0.0,0,0,100,64.41417513913058,64.41417513913058,0.0,0.0,0.0,True,True,True,False,0.0,1099.9448797196742,0.0,0.0,0.0,0.0,1099.9448797196742
2025-07-15T23:45:00Z,2025-07-16T00:00:00Z,2025-07-16,2025-07-16_2,0.0,0,0,100,64.41417513913058,64.41417513913058,0.0,0.0,0.0,True,True,True,False,0.0,1099.9448797196742,0.0,0.0,0.0,0.0,1099.9448797196742
2025-07-16T00:00:00Z,2025-07-16T00:15:00Z,2025-07-16,2025-07-16_3,0.0,0,0,100,64.41417513913058,64.41417513913058,0.0,0.0,0.0,True,True,True,False,0.0,1099.9448797196742,0.0,0.0,0.0,0.0,1099.9448797196742
2025-07-16T00:15:00Z,2025-07-16T00:30:00Z,2025-07-16,2025-07-16_3,0.0,0,0,100,64.41417513913058,64.41417513913058,0.0,0.0,0.0,True,True,True,False,0.0,1099.9448797196742,0.0,0.0,0.0,0.0,1099.9448797196742
2025-07-16T00:30:00Z,2025-07-16T00:45:00Z,2025-07-16,2025-07-16_3,0.0,0,0,100,64.41417513913058,64.41417513913058,0.0,0.0,0.0,True,True,True,False,0.0,1099.9448797196742,0.0,0.0,0.0,0.0,1099.9448797196742
2025-07-16T00:45:00Z,2025-07-16T01:00:00Z,2025-07-16,2025-07-16_3,0.0,0,0,100,64.41417513913058,64.41417513913058,0.0,0.0,0.0,True,True,True,False,0.0,1099.9448797196742,0.0,0.0,0.0,0.0,1099.9448797196742
2025-07-16T01:00:00Z,2025-07-16T01:15:00Z,2025-07-16,2025-07-16_4,-100.0,100,0,0,64.41417513913058,80.31683513913057,0.04417405555555555,7.7145,0.0,True,True,True,False,-1997.5000000000002,0.0,91.50950824835624,0.0,1765.1562059529904,0.0,-140.8342857986536
2025-07-16T01:15:00Z,2025-07-16T01:30:00Z,2025-07-16,2025-07-16_4,-100.0,100,0,0,80.31683513913057,95.52351513913058,0.04224077777777778,8.471,0.0,True,True,True,False,-1997.5000000000002,0.0,91.50950824835624,0.0,1269.4460033859602,0.0,-636.5444883656837
2025-07-16T01:30:00Z,2025-07-16T01:45:00Z,2025-07-16,2025-07-16_4,-100.0,100,0,0,95.52351513913058,110.56919513913058,0.041793555555555556,8.646,0.0,True,True,True,False,-1997.5000000000002,0.0,91.50950824835624,0.0,2514.0409138155046,0.0,608.0504220638607
2025-07-16T01:45:00Z,2025-07-16T02:00:00Z,2025-07-16,2025-07-16_4,-100.0,100,0,0,110.56919513913058,126.51187513913058,0.044285222222222226,7.671,0.0,True,True,True,False,-1997.5000000000002,0.0,91.50950824835624,0.0,1349.4545100200796,0.0,-556.5359817315643
2025-07-16T02:00:00Z,2025-07-16T02:15:00Z,2025-07-16,2025-07-16_5,0.0,0,0,100,126.51187513913058,126.51187513913058,0.0,0.0,0.0,True,True,True,False,0.0,1099.9448797196742,0.0,0.0,0.0,0.0,1099.9448797196742
2025-07-16T02:15:00Z,2025-07-16T02:30:00Z,2025-07-16,2025-07-16_5,0.0,0,0,100,126.51187513913058,126.51187513913058,0.0,0.0,0.0,True,True,True,False,0.0,1099.9448797196742,0.0,0.0,0.0,0.0,1099.9448797196742
2025-07-16T02:30:00Z,2025-07-16T02:45:00Z,2025-07-16,2025-07-16_5,0.0,0,0,100,126.51187513913058,126.51187513913058,0.0,0.0,0.0,True,True,True,False,0.0,1099.9448797196742,0.0,0.0,0.0,0.0,1099.9448797196742
2025-07-16T02:45:00Z,2025-07-16T03:00:00Z,2025-07-16,2025-07-16_5,0.0,0,0,100,126.51187513913058,126.51187513913058,0.0,0.0,0.0,True,True,True,False,0.0,1099.9448797196742,0.0,0.0,0.0,0.0,1099.9448797196742
2025-07-16T03:00:00Z,2025-07-16T03:15:00Z,2025-07-16,2025-07-16_6,-97.0,100,3,0,126.51187513913058,147.95257396521754,0.0597277865942029,0.9399999999999998,0.000225,True,True,True,False,-2086.7125,0.0,91.50950824835624,1.8213315484861605,129.37703452891844,-0.016565612819402338,-1864.0211912870586
2025-07-16T03:15:00Z,2025-07-16T03:30:00Z,2025-07-16,2025-07-16_6,-97.0,100,3,0,147.95257396521754,167.88206408695666,0.05582590855072464,2.5735,0.0,True,True,True,False,-2086.7125,0.0,91.50950824835624,1.8213315484861605,357.62824776566015,0.0,-1635.7534124374974
2025-07-16T03:30:00Z,2025-07-16T03:45:00Z,2025-07-16,2025-07-16_6,-97.0,100,3,0,167.88206408695666,179.21221086956535,0.03362299227053141,11.87,0.0,True,True,True,False,-2086.7125,0.0,91.50950824835624,1.8213315484861605,11330.657838891295,0.0,9337.276178688136
2025-07-16T03:45:00Z,2025-07-16T04:00:00Z,2025-07-16,2025-07-16_6,-97.0,100,3,0,179.21221086956535,189.78708805217406,0.031672937826086954,12.6865,0.0,True,True,True,False,-2086.7125,0.0,91.50950824835624,1.8213315484861605,12018.989006063231,0.0,10025.607345860073
2025-07-16T04:00:00Z,2025-07-16T04:15:00Z,2025-07-16,2025-07-16_7,0.0,100,100,0,189.78708805217406,183.9183445739132,0.01682595410628019,5.486,0.10249999999999998,True,True,True,False,0.0,0.0,98.21252805228552,60.71105161620536,1004.812338674751,-6.311968483011141,1157.4239498602308
2025-07-16T04:15:00Z,2025-07-16T04:30:00Z,2025-07-16,2025-07-16_7,0.0,100,100,0,183.9183445739132,174.71073587826103,0.025576690821256035,8.471,0.0,True,True,True,False,0.0,0.0,98.21252805228552,60.71105161620536,1448.6830782707982,0.0,1607.606657939289
2025-07-16T04:30:00Z,2025-07-16T04:45:00Z,2025-07-16,2025-07-16_7,0.0,100,100,0,174.71073587826103,157.2346489217393,0.048544685990338156,16.078,0.0,True,True,True,False,0.0,0.0,98.21252805228552,60.71105161620536,4411.2331048466485,0.0,4570.156684515139
2025-07-16T04:45:00Z,2025-07-16T05:00:00Z,2025-07-16,2025-07-16_7,0.0,100,100,0,157.2346489217393,141.83356196521757,0.042780797101449275,14.169,0.0,True,True,True,False,0.0,0.0,98.21252805228552,60.71105161620536,5005.647348320801,0.0,5164.570927989292
2025-07-16T05:00:00Z,2025-07-16T05:15:00Z,2025-07-16,2025-07-16_8,0.0,0,0,100,141.83356196521757,141.83356196521757,0.0,0.0,0.0,True,True,True,False,0.0,1099.9448797196742,0.0,0.0,0.0,0.0,1099.9448797196742
2025-07-16T05:15:00Z,2025-07-16T05:30:00Z,2025-07-16,2025-07-16_8,0.0,0,0,100,141.83356196521757,141.83356196521757,0.0,0.0,0.0,True,True,True,False,0.0,1099.9448797196742,0.0,0.0,0.0,0.0,1099.9448797196742
2025-07-16T05:30:00Z,2025-07-16T05:45:00Z,2025-07-16,2025-07-16_8,0.0,0,0,100,141.83356196521757,141.83356196521757,0.0,0.0,0.0,True,True,True,False,0.0,1099.9448797196742,0.0,0.0,0.0,0.0,1099.9448797196742
2025-07-16T05:45:00Z,2025-07-16T06:00:00Z,2025-07-16,2025-07-16_8,0.0,0,0,100,141.83356196521757,141.83356196521757,0.0,0.0,0.0,True,True,True,False,0.0,1099.9448797196742,0.0,0.0,0.0,0.0,1099.9448797196742
2025-07-16T06:00:00Z,2025-07-16T06:15:00Z,2025-07-16,2025-07-16_9,95.0,5,100,0,141.83356196521757,120.49995553043497,0.060325428985507246,0.013900000000000003,4.169,True,True,True,False,2571.65,0.0,4.575475412417812,60.71105161620536,1.9125593330446085,-143.1705738414898,2495.678512520178
2025-07-16T06:15:00Z,2025-07-16T06:30:00Z,2025-07-16,2025-07-16_9,95.0,5,100,0,120.49995553043497,106.35528422608715,0.04205586473429951,0.0,10.82,True,True,True,False,2571.65,0.0,4.575475412417812,60.71105161620536,0.0,-417.8793141462263,2219.057212882397
2025-07-16T06:30:00Z,2025-07-16T06:45:00Z,2025-07-16,2025-07-16_9,95.0,5,100,0,106.35528422608715,82.27372970434801,0.06730516256038646,0.00465,1.6120000000000003,True,True,True,False,2571.65,0.0,4.575475412417812,60.71105161620536,0.63591619748809,-98.2835111618568,2539.2889320642544
2025-07-16T06:45:00Z,2025-07-16T07:00:00Z,2025-07-16,2025-07-16_9,95.0,5,100,0,82.27372970434801,63.34604131304367,0.0542090177536232,0.000925,6.386500000000001,True,True,True,False,2571.65,0.0,4.575475412417812,60.71105161620536,0.1202754931296508,3585.0331980589795,6222.0900005807325
2025-07-16T07:00:00Z,2025-07-16T07:15:00Z,2025-07-16,2025-07-16_10,0.0,13,13,87,63.34604131304367,64.14467031304368,0.002218413888888889,0.0,0.868075,True,True,True,False,0.0,956.9520453561164,11.89623607228631,7.892436710106696,0.0,162.2200417191622,1138.9607598576715
2025-07-16T07:15:00Z,2025-07-16T07:30:00Z,2025-07-16,2025-07-16_10,0.0,13,13,87,64.14467031304368,64.17060101739149,0.00016152248792270532,0.01482,0.045695,True,True,True,False,0.0,956.9520453561164,11.89623607228631,7.892436710106696,2.0278992716248676,-2.7051335652978463,976.0634838448365
2025-07-16T07:30:00Z,2025-07-16T07:45:00Z,2025-07-16,2025-07-16_10,0.0,13,13,87,64.17060101739149,63.48661732173932,0.0018999547101449274,0.629265,0.0,True,True,True,False,0.0,956.9520453561164,11.89623607228631,7.892436710106696,135.77224201937085,0.0,1112.5129601578803
2025-07-16T07:45:00Z,2025-07-16T08:00:00Z,2025-07-16,2025-07-16_10,0.0,13,13,87,63.48661732173932,63.61496688695671,0.0005072512077294686,0.02496,0.169,True,True,True,False,0.0,956.9520453561164,11.89623607228631,7.892436710106696,3.4209272491042957,-7.922552856411671,972.239092531202
2025-07-16T08:00:00Z,2025-07-16T08:15:00Z,2025-07-16,2025-07-16_11,0.0,13,13,87,63.61496688695671,65.07037928695671,0.004042812222222223,0.0,1.58197,True,True,True,False,0.0,956.9520453561164,11.89623607228631,7.911630379148786,0.0,-48.476832580022844,928.2830792275287
2025-07-16T08:15:00Z,2025-07-16T08:30:00Z,2025-07-16,2025-07-16_11,0.0,13,13,87,65.07037928695671,65.7976668869567,0.0020202433333333337,0.0,0.7905300000000001,True,True,True,False,0.0,956.9520453561164,11.89623607228631,7.911630379148786,0.0,-30.051438176699875,946.7084736308516
2025-07-16T08:30:00Z,2025-07-16T08:45:00Z,2025-07-16,2025-07-16_11,0.0,13,13,87,65.7976668869567,66.4630016869567,0.0018481522222222222,0.0,0.72319,True,True,True,False,0.0,956.9520453561164,11.89623607228631,7.911630379148786,0.0,-28.188436552620182,948.5714752549313
2025-07-16T08:45:00Z,2025-07-16T09:00:00Z,2025-07-16,2025-07-16_11,0.0,13,13,87,66.4630016869567,67.48187408695671,0.0028302011111111113,0.0,1.10747,True,True,True,False,0.0,956.9520453561164,11.89623607228631,7.911630379148786,0.0,-42.41907907791645,934.340832729635
2025-07-16T09:00:00Z,2025-07-16T09:15:00Z,2025-07-16,2025-07-16_12,0.0,13,13,87,67.48187408695671,68.5876358869567,0.0030715605555555548,0.0,1.2019149999999998,True,True,True,False,0.0,956.9520453561164,11.89623607228631,7.911630379148786,0.0,-45.260269781290596,931.4996420262609
2025-07-16T09:15:00Z,2025-07-16T09:30:00Z,2025-07-16,2025-07-16_12,0.0,13,13,87,68.5876358869567,69.57409668695671,0.0027401688888888886,0.0,1.0722399999999999,True,True,True,False,0.0,956.9520453561164,11.89623607228631,7.911630379148786,0.0,-41.749983526910505,935.009928280641
2025-07-16T09:30:00Z,2025-07-16T09:45:00Z,2025-07-16,2025-07-16_12,0.0,13,13,87,69.57409668695671,69.87913874782627,0.0008905153864734299,0.00715,0.34001499999999996,True,True,True,False,0.0,956.9520453561164,11.89623607228631,7.911630379148786,0.9793126894759636,-13.686611117563682,964.0526133794638
2025-07-16T09:45:00Z,2025-07-16T10:00:00Z,2025-07-16,2025-07-16_12,0.0,13,13,87,69.87913874782627,69.88978032173931,7.940896135265701e-05,0.008255,0.02132,True,True,True,False,0.0,956.9520453561164,11.89623607228631,7.911630379148786,1.1017543761565418,-1.2338470490964213,976.6278191346116
2025-07-16T10:00:00Z,2025-07-16T10:15:00Z,2025-07-16,2025-07-16_13,0.0,13,13,87,69.88978032173931,70.01333933043496,0.0003687327536231883,0.004225,0.13929499999999997,True,True,True,False,0.0,956.9520453561164,11.89623607228631,7.930824048190874,0.5734041448482223,-6.055293334383244,971.2972162870585
2025-07-16T10:15:00Z,2025-07-16T10:30:00Z,2025-07-16,2025-07-16_13,0.0,13,13,87,70.01333933043496,69.75433976521758,0.0007277487922705313,0.239655,0.0016250000000000001,True,True,True,False,0.0,956.9520453561164,11.89623607228631,7.930824048190874,33.01037918618844,-0.11807945194692705,1009.6714052108351
2025-07-16T10:30:00Z,2025-07-16T10:45:00Z,2025-07-16,2025-07-16_13,0.0,13,13,87,69.75433976521758,70.01722056521758,0.0007302244444444445,0.0,0.28574,True,True,True,False,0.0,956.9520453561164,11.89623607228631,7.930824048190874,0.0,-11.75658268042049,965.0225227961731
2025-07-16T10:45:00Z,2025-07-16T11:00:00Z,2025-07-16,2025-07-16_13,0.0,13,13,87,70.01722056521758,69.92551234782627,0.00032617282608695655,0.09620000000000001,0.013975,True,True,True,False,0.0,956.9520453561164,11.89623607228631,7.930824048190874,13.241163589117683,-0.8703163854876177,989.1499526802237
2025-07-16T11:00:00Z,2025-07-16T11:15:00Z,2025-07-16,2025-07-16_14,0.0,13,13,87,69.92551234782627,70.23952214782626,0.0008722494444444446,0.0,0.34131500000000004,True,True,True,False,0.0,956.9520453561164,11.89623607228631,7.930824048190874,0.0,-13.811640238788932,962.9674652378046
2025-07-16T11:15:00Z,2025-07-16T11:30:00Z,2025-07-16,2025-07-16_14,0.0,13,13,87,70.23952214782626,70.26654349565234,0.00022892403381642512,0.02548,0.059475,True,True,True,False,0.0,956.9520453561164,11.89623607228631,7.930824048190874,3.49817557384149,-2.898806207921572,977.3784748425135
2025-07-16T11:30:00Z,2025-07-16T11:45:00Z,2025-07-16,2025-07-16_14,0.0,13,13,87,70.26654349565234,70.54182640869581,0.0007984307971014493,0.0055899999999999995,0.305825,True,True,True,False,0.0,956.9520453561164,11.89623607228631,7.930824048190874,0.7373181168549944,-12.376406265994726,965.1400173274538
2025-07-16T11:45:00Z,2025-07-16T12:00:00Z,2025-07-16,2025-07-16_14,0.0,13,13,87,70.54182640869581,72.51008360869581,0.00546738111111111,0.0,2.13941,True,True,True,False,0.0,956.9520453561164,11.89623607228631,7.930824048190874,0.0,-6.674126987282963,970.1049784893106
2025-07-16T12:00:00Z,2025-07-16T12:15:00Z,2025-07-16,2025-07-16_15,0.0,100,100,0,72.51008360869581,74.66978360869581,0.005999166666666667,0.0,2.3475,True,True,True,False,0.0,0.0,91.50950824835624,61.00633883223749,0.0,-107.75125743139493,44.7645896491988
2025-07-16T12:15:00Z,2025-07-16T12:30:00Z,2025-07-16,2025-07-16_15,0.0,100,100,0,74.66978360869581,90.0715036086958,0.04278255555555556,0.0,16.741,True,True,True,False,0.0,0.0,91.50950824835624,61.00633883223749,0.0,4068.8987647151466,4221.414611795741
2025-07-16T12:30:00Z,2025-07-16T12:45:00Z,2025-07-16,2025-07-16_15,0.0,100,100,0,90.0715036086958,105.3761636086958,0.042512944444444443,0.0,16.6355,True,True,True,False,0.0,0.0,91.50950824835624,61.00633883223749,0.0,5545.56073831647,5698.076585397063
2025-07-16T12:45:00Z,2025-07-16T13:00:00Z,2025-07-16,2025-07-16_15,0.0,100,100,0,105.3761636086958,123.7752436086958,0.05110855555555556,0.0,19.999,True,True,True,False,0.0,0.0,91.50950824835624,61.00633883223749,0.0,13776.786617386511,13929.302464467106
2025-07-16T13:00:00Z,2025-07-16T13:15:00Z,2025-07-16,2025-07-16_16,0.0,100,100,0,123.7752436086958,126.9874236086958,0.008922722222222224,0.0,3.4915000000000003,True,True,True,False,0.0,0.0,91.50950824835624,60.71105161620536,0.0,-99.32471396511676,52.89584589944484
2025-07-16T13:15:00Z,2025-07-16T13:30:00Z,2025-07-16,2025-07-16_16,0.0,100,100,0,126.9874236086958,135.20670360869582,0.022831333333333332,0.0,8.934,True,True,True,False,0.0,0.0,91.50950824835624,60.71105161620536,0.0,-246.99261624473402,-94.77205638017242
2025-07-16T13:30:00Z,2025-07-16T13:45:00Z,2025-07-16,2025-07-16_16,0.0,100,100,0,135.20670360869582,145.35091665217408,0.02818440821256039,0.001,11.0275,True,True,True,False,0.0,0.0,91.50950824835624,60.71105161620536,0.1288436552620182,3035.844830012993,3188.1942335328167
2025-07-16T13:45:00Z,2025-07-16T14:00:00Z,2025-07-16,2025-07-16_16,0.0,100,100,0,145.35091665217408,145.16656882608711,0.0008315217391304348,0.2225,0.0625,True,True,True,False,0.0,0.0,91.50950824835624,60.71105161620536,30.389090121658334,-4.4135595889601955,178.19609039725975
2025-07-16T14:00:00Z,2025-07-16T14:15:00Z,2025-07-16,2025-07-16_17,0.0,13,13,87,145.16656882608711,145.23903376521756,0.00037478183574879236,0.028730000000000002,0.11271,True,True,True,False,0.0,956.9520453561164,11.89623607228631,7.892436710106696,3.9510791389424784,-5.659618227095556,975.0321790503564
2025-07-16T14:15:00Z,2025-07-16T14:30:00Z,2025-07-16,2025-07-16_17,0.0,13,13,87,145.23903376521756,144.89568613043494,0.0009573978743961352,0.31648499999999996,0.0007149999999999999,True,True,True,False,0.0,956.9520453561164,11.89623607228631,7.892436710106696,43.576591497696754,-0.054893893460372455,1020.2624157427458
2025-07-16T14:30:00Z,2025-07-16T14:45:00Z,2025-07-16,2025-07-16_17,0.0,13,13,87,144.89568613043494,144.76158830434798,0.00037249396135265704,0.12337000000000001,0.0,True,True,True,False,0.0,956.9520453561164,11.89623607228631,7.892436710106696,16.971620229142882,0.0,993.7123383676523
2025-07-16T14:45:00Z,2025-07-16T15:00:00Z,2025-07-16,2025-07-16_17,0.0,13,13,87,144.76158830434798,143.88627852173929,0.002431416062801932,0.805285,0.0,True,True,True,False,0.0,956.9520453561164,11.89623607228631,7.892436710106696,552.7289622120951,0.0,1529.4696803506044
2025-07-16T15:00:00Z,2025-07-16T15:15:00Z,2025-07-16,2025-07-16_18,0.0,0,0,100,143.88627852173929,143.88627852173929,0.0,0.0,0.0,True,True,True,False,0.0,1099.9448797196742,0.0,0.0,0.0,0.0,1099.9448797196742
2025-07-16T15:15:00Z,2025-07-16T15:30:00Z,2025-07-16,2025-07-16_18,0.0,0,0,100,143.88627852173929,143.88627852173929,0.0,0.0,0.0,True,True,True,False,0.0,1099.9448797196742,0.0,0.0,0.0,0.0,1099.9448797196742
2025-07-16T15:30:00Z,2025-07-16T15:45:00Z,2025-07-16,2025-07-16_18,0.0,0,0,100,143.88627852173929,143.88627852173929,0.0,0.0,0.0,True,True,True,False,0.0,1099.9448797196742,0.0,0.0,0.0,0.0,1099.9448797196742
2025-07-16T15:45:00Z,2025-07-16T16:00:00Z,2025-07-16,2025-07-16_18,0.0,0,0,100,143.88627852173929,143.88627852173929,0.0,0.0,0.0,True,True,True,False,0.0,1099.9448797196742,0.0,0.0,0.0,0.0,1099.9448797196742
2025-07-16T16:00:00Z,2025-07-16T16:15:00Z,2025-07-16,2025-07-16_19,33.0,67,100,0,143.88627852173929,157.8604501739132,0.0417514731884058,0.0,23.5275,True,True,True,False,1060.8675,0.0,61.311370526398676,60.71105161620536,0.0,15347.759222804048,16530.649144946652
2025-07-16T16:15:00Z,2025-07-16T16:30:00Z,2025-07-16,2025-07-16_19,33.0,67,100,0,157.8604501739132,159.47479688695665,0.032677774685990334,0.0,10.852,True,True,True,False,1060.8675,0.0,61.311370526398676,60.71105161620536,0.0,1016.4003110358676,2199.2902331784717
2025-07-16T16:30:00Z,2025-07-16T16:45:00Z,2025-07-16,2025-07-16_19,33.0,67,100,0,159.47479688695665,153.61357278260883,0.027189745845410628,0.0,3.1855,True,True,True,False,1060.8675,0.0,61.311370526398676,60.71105161620536,0.0,-138.9271311862672,1043.962790956337
2025-07-16T16:45:00Z,2025-07-16T17:00:00Z,2025-07-16,2025-07-16_19,33.0,67,100,0,153.61357278260883,144.8264130434784,0.025110788164251212,0.018090000000000002,0.20499999999999996,True,True,True,False,1060.8675,0.0,61.311370526398676,60.71105161620536,2.4657747608173555,-14.215130516949486,1171.140566386472
2025-07-16T17:00:00Z,2025-07-16T17:15:00Z,2025-07-16,2025-07-16_20,100.0,0,100,0,144.8264130434784,135.30956521739145,0.026435688405797103,0.0,16.2445,True,True,True,False,3750.0,0.0,0.0,60.71105161620536,0.0,9039.636695834482,12850.347747450687
2025-07-16T17:15:00Z,2025-07-16T17:30:00Z,2025-07-16,2025-07-16_20,100.0,0,100,0,135.30956521739145,122.48347826086972,0.03562801932367149,0.0,13.200000000000001,True,True,True,False,3750.0,0.0,0.0,60.71105161620536,0.0,2876.8038111736682,6687.514862789873
2025-07-16T17:30:00Z,2025-07-16T17:45:00Z,2025-07-16,2025-07-16_20,100.0,0,100,0,122.48347826086972,100.2731521739132,0.06169535024154588,0.0,4.5665,True,True,True,False,3750.0,0.0,0.0,60.71105161620536,0.0,-156.99579894877752,3653.7152526674276
2025-07-16T17:45:00Z,2025-07-16T18:00:00Z,2025-07-16,2025-07-16_20,100.0,0,100,0,100.2731521739132,73.30467391304364,0.07491243961352656,0.0,0.189,True,True,True,False,3750.0,0.0,0.0,60.71105161620536,0.0,-11.711094531280759,3798.9999570849245
2025-07-16T18:00:00Z,2025-07-16T18:15:00Z,2025-07-16,2025-07-16_21,0.0,0,0,100,73.30467391304364,73.30467391304364,0.0,0.0,0.0,True,True,True,False,0.0,1099.9448797196742,0.0,0.0,0.0,0.0,1099.9448797196742
2025-07-16T18:15:00Z,2025-07-16T18:30:00Z,2025-07-16,2025-07-16_21,0.0,0,0,100,73.30467391304364,73.30467391304364,0.0,0.0,0.0,True,True,True,False,0.0,1099.9448797196742,0.0,0.0,0.0,0.0,1099.9448797196742
2025-07-16T18:30:00Z,2025-07-16T18:45:00Z,2025-07-16,2025-07-16_21,0.0,0,0,100,73.30467391304364,73.30467391304364,0.0,0.0,0.0,True,True,True,False,0.0,1099.9448797196742,0.0,0.0,0.0,0.0,1099.9448797196742
2025-07-16T18:45:00Z,2025-07-16T19:00:00Z,2025-07-16,2025-07-16_21,0.0,0,0,100,73.30467391304364,73.30467391304364,0.0,0.0,0.0,True,True,True,False,0.0,1099.9448797196742,0.0,0.0,0.0,0.0,1099.9448797196742
2025-07-16T19:00:00Z,2025-07-16T19:15:00Z,2025-07-16,2025-07-16_22,0.0,0,0,100,73.30467391304364,73.30467391304364,0.0,0.0,0.0,True,True,True,False,0.0,1099.9448797196742,0.0,0.0,0.0,0.0,1099.9448797196742
2025-07-16T19:15:00Z,2025-07-16T19:30:00Z,2025-07-16,2025-07-16_22,0.0,0,0,100,73.30467391304364,73.30467391304364,0.0,0.0,0.0,True,True,True,False,0.0,1099.9448797196742,0.0,0.0,0.0,0.0,1099.9448797196742
2025-07-16T19:30:00Z,2025-07-16T19:45:00Z,2025-07-16,2025-07-16_22,0.0,0,0,100,73.30467391304364,73.30467391304364,0.0,0.0,0.0,True,True,True,False,0.0,1099.9448797196742,0.0,0.0,0.0,0.0,1099.9448797196742
2025-07-16T19:45:00Z,2025-07-16T20:00:00Z,2025-07-16,2025-07-16_22,0.0,0,0,100,73.30467391304364,73.30467391304364,0.0,0.0,0.0,True,True,True,False,0.0,1099.9448797196742,0.0,0.0,0.0,0.0,1099.9448797196742
2025-07-16T20:00:00Z,2025-07-16T20:15:00Z,2025-07-16,2025-07-16_23,19.0,0,19,81,73.30467391304364,68.48486956521755,0.013388345410628019,0.0,0.31578,True,True,True,False,682.67,753.4253317059727,0.0,11.591204378125123,0.0,-8.285075562030002,1439.4014605220677
2025-07-16T20:15:00Z,2025-07-16T20:30:00Z,2025-07-16,2025-07-16_23,19.0,0,19,81,68.48486956521755,63.33710869565233,0.014299335748792268,0.0,0.01406,True,True,True,False,682.67,753.4253317059727,0.0,11.591204378125123,0.0,-1.0734679081853618,1446.6130681759123
2025-07-16T20:30:00Z,2025-07-16T20:45:00Z,2025-07-16,2025-07-16_23,19.0,0,19,81,63.33710869565233,58.197195652174074,0.014277536231884056,0.0,0.021280000000000004,True,True,True,False,682.67,753.4253317059727,0.0,11.591204378125123,0.0,-1.5088784282845784,1446.1776576558132
2025-07-16T20:45:00Z,2025-07-16T21:00:00Z,2025-07-16,2025-07-16_23,19.0,0,19,81,58.197195652174074,54.02173913043494,0.011598490338164251,0.0,0.90858,True,True,True,False,682.67,753.4253317059727,0.0,11.591204378125123,0.0,-32.09309606677429,1415.5934400173235
2025-07-16T21:00:00Z,2025-07-16T21:15:00Z,2025-07-17,2025-07-16_24,-58.84575146957268,100,41,0,54.02173913043494,52.97525446538838,0.03441523006267003,15.018,0.29069,True,True,True,False,-1838.9297334241464,0.0,89.33993139071805,23.801210520089903,18106.028506368046,-10.961881960490517,16369.278032894217
2025-07-16T21:15:00Z,2025-07-16T21:30:00Z,2025-07-17,2025-07-16_24,-58.84575146957268,100,41,0,52.97525446538838,53.79249876277494,0.03423549271753642,12.862500000000002,0.0,True,True,True,False,-1838.9297334241464,0.0,89.33993139071805,23.801210520089903,8602.943727573836,0.0,6877.155136060498
2025-07-16T21:30:00Z,2025-07-16T21:45:00Z,2025-07-17,2025-07-16_24,-58.84575146957268,100,41,0,53.79249876277494,56.68455036958664,0.03478373823036581,10.764,0.0,True,True,True,False,-1838.9297334241464,0.0,89.33993139071805,23.801210520089903,8884.3045084973,0.0,7158.515916983962
2025-07-16T21:45:00Z,2025-07-16T22:00:00Z,2025-07-17,2025-07-16_24,-58.84575146957268,100,41,0,56.68455036958664,63.86009068695652,0.0367665298396213,6.773999999999999,0.367975,True,True,True,False,-1838.9297334241464,0.0,89.33993139071805,23.801210520089903,1395.1699522889473,-13.848648658373094,-344.46728788276425
2025-07-16T22:00:00Z,2025-07-16T22:15:00Z,2025-07-17,2025-07-17_1,0.0,1,1,99,63.86009068695652,63.870687043478256,3.0340120772946864e-05,0.00015,0.011695,True,True,True,False,0.0,1090.577067150349,1.141812231378889,0.5772643034580656,0.01926776349513032,-0.574203702535389,1091.7412077461456
2025-07-16T22:15:00Z,2025-07-16T22:30:00Z,2025-07-17,2025-07-17_1,0.0,1,1,99,63.870687043478256,63.871180591304345,3.1523671497584535e-06,0.00029499999999999996,0.0008849999999999999,True,True,True,False,0.0,1090.577067150349,1.141812231378889,0.5772643034580656,0.039337966759985805,-0.06680526891684081,1092.268676383029
2025-07-16T22:30:00Z,2025-07-16T22:45:00Z,2025-07-17,2025-07-17_1,0.0,1,1,99,63.871180591304345,63.821789286956516,0.00013719806763285022,0.045439999999999994,0.0,True,True,True,False,0.0,1090.577067150349,1.141812231378889,0.5772643034580656,6.27006064429636,0.0,1098.5662043294824
2025-07-16T22:45:00Z,2025-07-16T23:00:00Z,2025-07-17,2025-07-17_1,0.0,1,1,99,63.821789286956516,63.804347826086946,4.8652946859903385e-05,0.01608,4e-05,True,True,True,False,0.0,1090.577067150349,1.141812231378889,0.5772643034580656,2.216479728717322,-0.0030755885020306776,1094.5095478254011
2025-07-16T23:00:00Z,2025-07-16T23:15:00Z,2025-07-17,2025-07-17_2,0.0,100,100,0,63.804347826086946,52.01358695652173,0.032752113526570044,10.8475,0.0,True,True,True,False,0.0,0.0,89.33993139071805,58.170024841291756,6049.263788395569,0.0,6196.773744627579
2025-07-16T23:15:00Z,2025-07-16T23:30:00Z,2025-07-17,2025-07-17_2,0.0,100,100,0,52.01358695652173,39.4391304347826,0.034929045893719805,11.5685,0.0,True,True,True,False,0.0,0.0,89.33993139071805,58.170024841291756,5023.956739679035,0.0,5171.4666959110455
2025-07-16T23:30:00Z,2025-07-16T23:45:00Z,2025-07-17,2025-07-17_2,0.0,100,100,0,39.4391304347826,31.993478260869555,0.02068236714975845,6.849999999999999,0.0,True,True,True,False,0.0,0.0,89.33993139071805,58.170024841291756,945.3491581562239,0.0,1092.8591143882336
2025-07-16T23:45:00Z,2025-07-17T00:00:00Z,2025-07-17,2025-07-17_2,0.0,100,100,0,31.993478260869555,27.972284347826076,0.011203205314009663,3.705,0.0065,True,True,True,False,0.0,0.0,89.33993139071805,58.170024841291756,511.2208992153307,-0.499783131579985,658.2310723157605
2025-07-17T00:00:00Z,2025-07-17T00:15:00Z,2025-07-17,2025-07-17_3,-72.8984903957462,100,27,0,27.972284347826076,30.777001211945944,0.0314637869670921,14.465,0.00040500000000000003,True,True,True,False,-1690.3337460513649,0.0,89.33993139071805,15.705906707148774,16449.86082370569,-0.03114033358306061,14864.54177541861
2025-07-17T00:15:00Z,2025-07-17T00:30:00Z,2025-07-17,2025-07-17_3,-72.8984903957462,100,27,0,30.777001211945944,46.96081109774538,0.045945967319574246,0.6055,0.0017549999999999998,True,True,True,False,-1690.3337460513649,0.0,89.33993139071805,15.705906707148774,83.12881589842672,-0.11817341390323725,-1502.2772654689745
2025-07-17T00:30:00Z,2025-07-17T00:45:00Z,2025-07-17,2025-07-17_3,-72.8984903957462,100,27,0,46.96081109774538,63.82166757847148,0.046846350116293956,0.0065,0.109215,True,True,True,False,-1690.3337460513649,0.0,89.33993139071805,15.705906707148774,0.8869920350143923,-5.371628734079887,-1589.7725446525635
2025-07-17T00:45:00Z,2025-07-17T01:00:00Z,2025-07-17,2025-07-17_3,-72.8984903957462,100,27,0,63.82166757847148,79.83175402608751,0.04592409514548978,0.8869999999999999,0.10827000000000002,True,True,True,False,-1690.3337460513649,0.0,89.33993139071805,15.705906707148774,122.21003529040651,-4.382755597176769,-1467.4606282602683
2025-07-17T01:00:00Z,2025-07-17T01:15:00Z,2025-07-17,2025-07-17_4,0.0,1,1,99,79.83175402608751,79.78963764347881,0.0001618143961352657,0.04617,0.00877,True,True,True,False,0.0,1090.577067150349,0.8942865028981507,0.5817002484129176,14.347362544852336,-0.350969445211151,1106.0494470013011
2025-07-17T01:15:00Z,2025-07-17T01:30:00Z,2025-07-17,2025-07-17_4,0.0,1,1,99,79.78963764347881,79.78203484347881,2.1936666666666666e-05,0.00713,0.00016,True,True,True,False,0.0,1090.577067150349,0.8942865028981507,0.5817002484129176,0.9823633650092662,-0.007740231063443872,1093.0276770356058
2025-07-17T01:30:00Z,2025-07-17T01:45:00Z,2025-07-17,2025-07-17_4,0.0,1,1,99,79.78203484347881,79.78239886087012,4.815507246376811e-06,0.00063,0.00114,True,True,True,False,0.0,1090.577067150349,0.8942865028981507,0.5817002484129176,0.08672268837979577,-0.07867892433263672,1092.0610976657072
2025-07-17T01:45:00Z,2025-07-17T02:00:00Z,2025-07-17,2025-07-17_4,0.0,1,1,99,79.78239886087012,79.78169365217447,3.0833574879227052e-06,0.000835,0.00021999999999999998,True,True,True,False,0.0,1090.577067150349,0.8942865028981507,0.5817002484129176,0.11464549012262924,-0.016915736761168722,1092.1507836550215
2025-07-17T02:00:00Z,2025-07-17T02:15:00Z,2025-07-17,2025-07-17_5,0.0,1,1,99,79.78169365217447,79.78610590434837,1.2558188405797102e-05,5e-05,0.004855,True,True,True,False,0.0,1090.577067150349,0.8942865028981507,0.5828831670675447,0.006863885493474233,-0.24309937009581642,1091.8180013357123
2025-07-17T02:15:00Z,2025-07-17T02:30:00Z,2025-07-17,2025-07-17_5,0.0,1,1,99,79.78610590434837,79.78931590434838,9.61111111111111e-06,0.000115,0.0036249999999999998,True,True,True,False,0.0,1090.577067150349,0.8942865028981507,0.5828831670675447,0.015723952131225113,-0.19131340936871571,1091.878647363077
2025-07-17T02:30:00Z,2025-07-17T02:45:00Z,2025-07-17,2025-07-17_5,0.0,1,1,99,79.78931590434838,79.78877304347881,5.3157246376811594e-06,0.00113,0.000745,True,True,True,False,0.0,1090.577067150349,0.8942865028981507,0.5828831670675447,0.15549474586964238,-0.052916855605062894,1092.1568147105793
2025-07-17T02:45:00Z,2025-07-17T03:00:00Z,2025-07-17,2025-07-17_5,0.0,1,1,99,79.78877304347881,79.79957219130489,3.039014492753623e-05,6.5e-05,0.011814999999999999,True,True,True,False,0.0,1090.577067150349,0.8942865028981507,0.5828831670675447,0.008913286148022555,-0.5228746628681834,1091.5402754435945
2025-07-17T03:00:00Z,2025-07-17T03:15:00Z,2025-07-17,2025-07-17_6,0.0,1,1,99,79.79957219130489,79.79284426956576,3.315311594202899e-05,0.008585,0.0028299999999999996,True,True,True,False,0.0,1090.577067150349,0.8951736918891211,0.5828831670675447,1.18419413568077,-0.1511886853830685,1093.0881294596034
2025-07-17T03:15:00Z,2025-07-17T03:30:00Z,2025-07-17,2025-07-17_6,0.0,1,1,99,79.79284426956576,79.79524194782663,4.3224227053140095e-05,0.0060550000000000005,0.00976,True,True,True,False,0.0,1090.577067150349,0.8951736918891211,0.5828831670675447,0.8347870756279329,-0.46757254051496394,1092.4223385444186
2025-07-17T03:30:00Z,2025-07-17T03:45:00Z,2025-07-17,2025-07-17_6,0.0,1,1,99,79.79524194782663,79.81577634782663,5.7040000000000016e-05,0.0,0.022320000000000003,True,True,True,False,0.0,1090.577067150349,0.8951736918891211,0.5828831670675447,0.0,-1.0743364693821222,1090.9807875399235
2025-07-17T03:45:00Z,2025-07-17T04:00:00Z,2025-07-17,2025-07-17_6,0.0,1,1,99,79.81577634782663,79.80047086956576,5.286521739130434e-05,0.015795,0.0020250000000000003,True,True,True,False,0.0,1090.577067150349,0.8951736918891211,0.5828831670675447,8.166337613855921,-0.13270972161980998,1100.0887519015419
2025-07-17T04:00:00Z,2025-07-17T04:15:00Z,2025-07-17,2025-07-17_7,1.0,0,1,99,79.80047086956576,79.6288676086962,0.00047667572463768116,0.0,0.092125,True,True,True,False,28.74,1090.577067150349,0.0,0.5787429517763495,0.0,-2.906218455502543,1116.9895916466228
2025-07-17T04:15:00Z,2025-07-17T04:30:00Z,2025-07-17,2025-07-17_7,1.0,0,1,99,79.6288676086962,79.42151434782663,0.0005759812801932368,0.0,0.059234999999999996,True,True,True,False,28.74,1090.577067150349,0.0,0.5787429517763495,0.0,-2.445823216750128,1117.4499868853752
2025-07-17T04:30:00Z,2025-07-17T04:45:00Z,2025-07-17,2025-07-17_7,1.0,0,1,99,79.42151434782663,79.30946000000054,0.0003112620772946859,0.0,0.14691,True,True,True,False,28.74,1090.577067150349,0.0,0.5787429517763495,0.0,-4.771490359212966,1115.1243197429123
2025-07-17T04:45:00Z,2025-07-17T05:00:00Z,2025-07-17,2025-07-17_7,1.0,0,1,99,79.30946000000054,79.20481869565272,0.00029067028985507243,0.0,0.15373,True,True,True,False,28.74,1090.577067150349,0.0,0.5787429517763495,0.0,-3.906503521154529,1115.9893065809708
2025-07-17T05:00:00Z,2025-07-17T05:15:00Z,2025-07-17,2025-07-17_8,97.99999999999997,0,98,2,79.20481869565272,64.0228078260875,0.04217225241545894,0.0,10.53255,True,True,True,False,2928.974999999999,22.031859942431293,0.0,56.369031189621865,0.0,-306.0693993237649,2701.3064918082873
2025-07-17T05:15:00Z,2025-07-17T05:30:00Z,2025-07-17,2025-07-17_8,97.99999999999997,0,98,2,64.0228078260875,43.85344913043534,0.05602599637681158,0.0,5.94419,True,True,True,False,2928.974999999999,22.031859942431293,0.0,56.369031189621865,0.0,-244.42408026497378,2762.951810867078
2025-07-17T05:30:00Z,2025-07-17T05:45:00Z,2025-07-17,2025-07-17_8,97.99999999999997,0,98,2,43.85344913043534,31.153394782609254,0.035277928743961344,0.0,12.81595,True,True,True,False,2928.974999999999,22.031859942431293,0.0,56.369031189621865,0.0,-141.64957473088603,2865.726316401166
2025-07-17T05:45:00Z,2025-07-17T06:00:00Z,2025-07-17,2025-07-17_8,97.99999999999997,0,98,2,31.153394782609254,12.90728608695709,0.05068363526570047,0.0,7.71358,True,True,True,False,2928.974999999999,22.031859942431293,0.0,56.369031189621865,0.0,-222.5185795473365,2784.8573115847157
2025-07-17T06:00:00Z,2025-07-17T06:15:00Z,2025-07-17,2025-07-17_9,0.0,100,100,0,12.90728608695709,15.632290434783176,0.007687210144927536,0.0195,2.985,True,True,True,False,0.0,0.0,93.50971964827887,57.5194195812468,2.6862113087023385,-124.19923406017114,29.51611647805688
2025-07-17T06:15:00Z,2025-07-17T06:30:00Z,2025-07-17,2025-07-17_9,0.0,100,100,0,15.632290434783176,15.106130434783175,0.0016634444444444442,0.5175,0.0395,True,True,True,False,0.0,0.0,93.50971964827887,57.5194195812468,71.39994085406727,-2.77571566578605,219.6533644178069
2025-07-17T06:30:00Z,2025-07-17T06:45:00Z,2025-07-17,2025-07-17_9,0.0,100,100,0,15.106130434783175,29.773329565217956,0.041038113526570046,0.049,16.0005,True,True,True,False,0.0,0.0,93.50971964827887,57.5194195812468,6.759395528567486,11436.149332538149,11593.937867296241
2025-07-17T06:45:00Z,2025-07-17T07:00:00Z,2025-07-17,2025-07-17_9,0.0,100,100,0,29.773329565217956,33.331889565217956,0.00988488888888889,0.0,3.868,True,True,True,False,0.0,0.0,93.50971964827887,57.5194195812468,0.0,930.6832609124245,1081.7124001419502
2025-07-17T07:00:00Z,2025-07-17T07:15:00Z,2025-07-17,2025-07-17_10,0.0,100,100,0,33.331889565217956,13.55491478260926,0.05794137439613527,18.6925,0.588,True,True,True,False,0.0,0.0,89.33993139071805,57.874295177634956,23503.207725937464,-23.176511178581286,23627.245441327235
2025-07-17T07:15:00Z,2025-07-17T07:30:00Z,2025-07-17,2025-07-17_10,0.0,100,100,0,13.55491478260926,10.000000000000563,0.010224874396135265,3.3285,0.0685,True,True,True,False,0.0,0.0,89.33993139071805,57.874295177634956,1630.5647032845711,-4.760953925318404,1773.0179759276057
2025-07-17T07:30:00Z,2025-07-17T07:45:00Z,2025-07-17,2025-07-17_10,0.0,100,100,0,10.000000000000563,10.359975652174475,0.001090512077294686,0.015,0.409,True,True,True,False,0.0,0.0,89.33993139071805,57.874295177634956,2.0609400260242103,-24.950112771578407,124.32505382279881
2025-07-17T07:45:00Z,2025-07-17T08:00:00Z,2025-07-17,2025-07-17_10,0.0,100,100,0,10.359975652174475,11.100618260870128,0.002072437198067633,0.0025,0.808,True,True,True,False,0.0,0.0,89.33993139071805,57.874295177634956,0.34363786916919686,-38.00652182484919,109.55134261267301
2025-07-17T08:00:00Z,2025-07-17T08:15:00Z,2025-07-17,2025-07-17_11,38.000000000003325,62,100,0,11.100618260870128,10.035618539130148,0.03279975922705391,0.0,9.417,True,True,True,False,807.5000000000707,0.0,55.445763179685336,58.49532747131423,0.0,8035.817102046451,8957.258192697522
2025-07-17T08:15:00Z,2025-07-17T08:30:00Z,2025-07-17,2025-07-17_11,38.000000000003325,62,100,0,10.035618539130148,18.415118260868482,0.03699746299516807,0.0,19.0205,True,True,True,False,807.5000000000707,0.0,55.445763179685336,58.49532747131423,0.0,11327.59986327432,12249.04095392539
2025-07-17T08:30:00Z,2025-07-17T08:45:00Z,2025-07-17,2025-07-17_11,38.000000000003325,62,100,0,18.415118260868482,15.858726504345885,0.0321368948792281,0.0,7.900500000000001,True,True,True,False,807.5000000000707,0.0,55.445763179685336,58.49532747131423,0.0,-272.5533872875676,648.8877033635026
2025-07-17T08:45:00Z,2025-07-17T09:00:00Z,2025-07-17,2025-07-17_11,38.000000000003325,62,100,0,15.858726504345885,11.026154817388491,0.0311252235748807,0.0,5.586,True,True,True,False,807.5000000000707,0.0,55.445763179685336,58.49532747131423,0.0,152.19047198454322,1073.6315626356136
2025-07-17T09:00:00Z,2025-07-17T09:15:00Z,2025-07-17,2025-07-17_12,0.0,100,100,0,11.026154817388491,23.67155481738849,0.035126111111111115,0.0,13.745,True,True,True,False,0.0,0.0,89.42865028981507,58.170024841291756,0.0,-214.69753952919837,-67.09886439809154
2025-07-17T09:15:00Z,2025-07-17T09:30:00Z,2025-07-17,2025-07-17_12,0.0,100,100,0,23.67155481738849,38.52909481738849,0.04127094444444444,0.0,16.1495,True,True,True,False,0.0,0.0,89.42865028981507,58.170024841291756,0.0,6861.764054256537,7009.362729387643
2025-07-17T09:30:00Z,2025-07-17T09:45:00Z,2025-07-17,2025-07-17_12,0.0,100,100,0,38.52909481738849,45.501153078258056,0.019472504830917878,0.0175,7.599,True,True,True,False,0.0,0.0,89.42865028981507,58.170024841291756,2.3873274910295343,4532.394051102086,4682.380053724223
2025-07-17T09:45:00Z,2025-07-17T10:00:00Z,2025-07-17,2025-07-17_12,0.0,100,100,0,45.501153078258056,44.790288730431975,0.0020742898550724633,0.6705,0.0195,True,True,True,False,0.0,0.0,89.42865028981507,58.170024841291756,91.47231674618509,-1.4993493947399552,237.57164248255197
2025-07-17T10:00:00Z,2025-07-17T10:15:00Z,2025-07-17,2025-07-17_13,-8.999999999999993,100,91,0,44.790288730431975,50.33419533912763,0.015479420531400964,0.0145,3.7928800000000003,True,True,True,False,-157.88249999999988,0.0,89.42865028981507,52.9347226055755,1.8753203738022952,-105.61692442727025,-119.26073115807726
2025-07-17T10:15:00Z,2025-07-17T10:30:00Z,2025-07-17,2025-07-17_13,-8.999999999999993,100,91,0,50.33419533912763,46.583041895649366,0.019451868454106278,5.436,0.006370000000000001,True,True,True,False,-157.88249999999988,0.0,89.42865028981507,52.9347226055755,748.7408919206656,-0.4897874689483854,732.7319773471079
2025-07-17T10:30:00Z,2025-07-17T10:45:00Z,2025-07-17,2025-07-17_13,-8.999999999999993,100,91,0,46.583041895649366,34.11284151304067,0.03989977550724638,13.564500000000002,0.0,True,True,True,False,-157.88249999999988,0.0,89.42865028981507,52.9347226055755,9003.23429803636,0.0,8987.71517093175
2025-07-17T10:45:00Z,2025-07-17T11:00:00Z,2025-07-17,2025-07-17_13,-8.999999999999993,100,91,0,34.11284151304067,29.89864933912763,0.02050933937198067,5.8625,0.0,True,True,True,False,-157.88249999999988,0.0,89.42865028981507,52.9347226055755,803.0025358818659,0.0,787.4834087772566
2025-07-17T11:00:00Z,2025-07-17T11:15:00Z,2025-07-17,2025-07-17_14,-100.0,100,0,0,29.89864933912763,39.09404933912763,0.025542777777777772,15.005000000000003,0.0,True,True,True,False,-1575.0,0.0,89.42865028981507,0.0,13953.5228944048,0.0,12467.951544694615
2025-07-17T11:15:00Z,2025-07-17T11:30:00Z,2025-07-17,2025-07-17_14,-100.0,100,0,0,39.09404933912763,61.51904933912763,0.06229166666666667,0.625,0.0,True,True,True,False,-1575.0,0.0,89.42865028981507,0.0,79.56631244824732,0.0,-1406.0050372619376
2025-07-17T11:30:00Z,2025-07-17T11:45:00Z,2025-07-17,2025-07-17_14,-100.0,100,0,0,61.51904933912763,84.43992933912764,0.0636691111111111,0.086,0.0,True,True,True,False,-1575.0,0.0,89.42865028981507,0.0,10.51220377745357,0.0,-1475.0591459327313
2025-07-17T11:45:00Z,2025-07-17T12:00:00Z,2025-07-17,2025-07-17_14,-100.0,100,0,0,84.43992933912764,107.40818933912765,0.06380072222222222,0.0345,0.0,True,True,True,False,-1575.0,0.0,89.42865028981507,0.0,4.2171050037459095,0.0,-1481.354244706439
2025-07-17T12:00:00Z,2025-07-17T12:15:00Z,2025-07-17,2025-07-17_15,-29.0,29,0,71,107.40818933912765,113.68532633912766,0.017436491666666668,0.42702499999999993,0.0,True,True,True,False,-456.75,782.131027956311,25.93430858404637,0.0,56.9512875428808,0.0,408.2666240832381
2025-07-17T12:15:00Z,2025-07-17T12:30:00Z,2025-07-17,2025-07-17_15,-29.0,29,0,71,113.68532633912766,119.89723073912765,0.017255290000000003,0.49793000000000004,0.0,True,True,True,False,-456.75,782.131027956311,25.93430858404637,0.0,65.11022288158985,0.0,416.4255594219472
2025-07-17T12:30:00Z,2025-07-17T12:45:00Z,2025-07-17,2025-07-17_15,-29.0,29,0,71,119.89723073912765,125.06207853912765,0.014346799444444445,1.636035,0.0,True,True,True,False,-456.75,782.131027956311,25.93430858404637,0.0,223.9660373545996,0.0,575.2813738949569
2025-07-17T12:45:00Z,2025-07-17T13:00:00Z,2025-07-17,2025-07-17_15,-29.0,29,0,71,125.06207853912765,130.90526533912765,0.016231074444444445,0.8987100000000001,0.0,True,True,True,False,-456.75,782.131027956311,25.93430858404637,0.0,120.83505178620717,0.0,472.1503883265645
2025-07-17T13:00:00Z,2025-07-17T13:15:00Z,2025-07-17,2025-07-17_16,-28.73340724007589,0,0,71,130.90526533912765,137.5139490043451,0.018357454625604043,0.0,0.0,True,False,True,False,-495.5794413732089,782.131027956311,0.0,0.0,0.0,0.0,286.55158658310205
2025-07-17T13:15:00Z,2025-07-17T13:30:00Z,2025-07-17,2025-07-17_16,-28.73340724007589,0,0,71,137.5139490043451,144.12263266956256,0.018357454625604043,0.0,0.0,True,False,True,False,-495.5794413732089,782.131027956311,0.0,0.0,0.0,0.0,286.55158658310205
2025-07-17T13:30:00Z,2025-07-17T13:45:00Z,2025-07-17,2025-07-17_16,-28.73340724007589,0,0,71,144.12263266956256,150.73131633478002,0.018357454625604043,0.0,0.0,True,False,True,False,-495.5794413732089,782.131027956311,0.0,0.0,0.0,0.0,286.55158658310205
2025-07-17T13:45:00Z,2025-07-17T14:00:00Z,2025-07-17,2025-07-17_16,-28.73340724007589,0,0,71,150.73131633478002,157.33999999999747,0.018357454625604043,0.0,0.0,True,False,True,False,-495.5794413732089,782.131027956311,0.0,0.0,0.0,0.0,286.55158658310205
2025-07-17T14:00:00Z,2025-07-17T14:15:00Z,2025-07-17,2025-07-17_17,1.0524715817309696e-14,100,100,0,157.33999999999747,134.26336956521487,0.06410175120772947,21.2305,0.0,True,True,True,False,2.746161474631533e-13,0.0,89.42865028981507,57.874295177634956,26105.46597758369,0.0,26252.768923051142
2025-07-17T14:15:00Z,2025-07-17T14:30:00Z,2025-07-17,2025-07-17_17,1.0524715817309696e-14,100,100,0,134.26336956521487,132.3779208695627,0.0052910241545893796,1.7434999999999998,0.0105,True,True,True,False,2.746161474631533e-13,0.0,89.42865028981507,57.874295177634956,248.7899084223808,-0.8073419817830528,395.285511908048
2025-07-17T14:30:00Z,2025-07-17T14:45:00Z,2025-07-17,2025-07-17_17,1.0524715817309696e-14,100,100,0,132.3779208695627,130.87704347825834,0.00417932608695653,1.3825,0.002,True,True,True,False,2.746161474631533e-13,0.0,89.42865028981507,57.874295177634956,215.816039884074,-0.15377942510153386,362.96520592642275
2025-07-17T14:45:00Z,2025-07-17T15:00:00Z,2025-07-17,2025-07-17_17,1.0524715817309696e-14,100,100,0,130.87704347825834,113.1063913043453,0.049362922705314005,16.349,0.0,True,True,True,False,2.746161474631533e-13,0.0,89.42865028981507,57.874295177634956,18775.499485430388,0.0,18922.80243089784
2025-07-17T15:00:00Z,2025-07-17T15:15:00Z,2025-07-17,2025-07-17_18,0.0,0,0,100,113.1063913043453,113.1063913043453,0.0,0.0,0.0,True,True,True,False,0.0,1101.5929971215648,0.0,0.0,0.0,0.0,1101.5929971215648
2025-07-17T15:15:00Z,2025-07-17T15:30:00Z,2025-07-17,2025-07-17_18,0.0,0,0,100,113.1063913043453,113.1063913043453,0.0,0.0,0.0,True,True,True,False,0.0,1101.5929971215648,0.0,0.0,0.0,0.0,1101.5929971215648
2025-07-17T15:30:00Z,2025-07-17T15:45:00Z,2025-07-17,2025-07-17_18,0.0,0,0,100,113.1063913043453,113.1063913043453,0.0,0.0,0.0,True,True,True,False,0.0,1101.5929971215648,0.0,0.0,0.0,0.0,1101.5929971215648
2025-07-17T15:45:00Z,2025-07-17T16:00:00Z,2025-07-17,2025-07-17_18,0.0,0,0,100,113.1063913043453,113.1063913043453,0.0,0.0,0.0,True,True,True,False,0.0,1101.5929971215648,0.0,0.0,0.0,0.0,1101.5929971215648
2025-07-17T16:00:00Z,2025-07-17T16:15:00Z,2025-07-17,2025-07-17_19,0.0,0,0,100,113.1063913043453,113.1063913043453,0.0,0.0,0.0,True,False,True,False,0.0,1101.5929971215648,0.0,0.0,0.0,0.0,1101.5929971215648
2025-07-17T16:15:00Z,2025-07-17T16:30:00Z,2025-07-17,2025-07-17_19,0.0,0,0,100,113.1063913043453,113.1063913043453,0.0,0.0,0.0,True,False,True,False,0.0,1101.5929971215648,0.0,0.0,0.0,0.0,1101.5929971215648
2025-07-17T16:30:00Z,2025-07-17T16:45:00Z,2025-07-17,2025-07-17_19,0.0,0,0,100,113.1063913043453,113.1063913043453,0.0,0.0,0.0,True,False,True,False,0.0,1101.5929971215648,0.0,0.0,0.0,0.0,1101.5929971215648
2025-07-17T16:45:00Z,2025-07-17T17:00:00Z,2025-07-17,2025-07-17_19,0.0,0,0,100,113.1063913043453,113.1063913043453,0.0,0.0,0.0,True,False,True,False,0.0,1101.5929971215648,0.0,0.0,0.0,0.0,1101.5929971215648
2025-07-17T17:00:00Z,2025-07-17T17:15:00Z,2025-07-17,2025-07-17_20,0.0,100,100,0,113.1063913043453,121.06071130434529,0.022095333333333335,0.0,8.646,True,True,True,False,0.0,0.0,113.47147194511257,57.5194195812468,0.0,-336.4818240605655,-165.4909325342061
2025-07-17T17:15:00Z,2025-07-17T17:30:00Z,2025-07-17,2025-07-17_20,0.0,100,100,0,121.06071130434529,125.9684513043453,0.013632611111111113,0.0,5.3345,True,True,True,False,0.0,0.0,113.47147194511257,57.5194195812468,0.0,-199.13559559954263,-28.144704073183256
2025-07-17T17:30:00Z,2025-07-17T17:45:00Z,2025-07-17,2025-07-17_20,0.0,100,100,0,125.9684513043453,125.31169913043225,0.003012644927536232,0.8009999999999999,0.2325,True,True,True,False,0.0,0.0,113.47147194511257,57.5194195812468,108.43615275422893,-14.653981507038367,264.77306277354995
2025-07-17T17:45:00Z,2025-07-17T18:00:00Z,2025-07-17,2025-07-17_20,0.0,100,100,0,125.31169913043225,104.83289478260616,0.056885567632850235,18.8405,0.0,True,True,True,False,0.0,0.0,113.47147194511257,57.5194195812468,8169.608829009108,0.0,8340.599720535467
2025-07-17T18:00:00Z,2025-07-17T18:15:00Z,2025-07-17,2025-07-17_21,18.999999999999986,81,100,0,104.83289478260616,94.34491987825834,0.0307147436231884,5.23341,0.382,True,True,True,False,729.0774999999995,0.0,83.91122195497024,57.5194195812468,3953.437724648082,-22.77336658649107,4801.1724995978075
2025-07-17T18:15:00Z,2025-07-17T18:30:00Z,2025-07-17,2025-07-17_21,18.999999999999986,81,100,0,94.34491987825834,90.86447229564965,0.017010199951690813,0.00486,1.7735,True,True,True,False,729.0774999999995,0.0,83.91122195497024,57.5194195812468,0.5432790505106265,-90.89633305074723,780.15508753598
2025-07-17T18:30:00Z,2025-07-17T18:45:00Z,2025-07-17,2025-07-17_21,18.999999999999986,81,100,0,90.86447229564965,88.87208979130183,0.01932680584541062,0.0,3.3315000000000006,True,True,True,False,729.0774999999995,0.0,83.91122195497024,57.5194195812468,0.0,-146.99467065573128,723.5134708804853
2025-07-17T18:45:00Z,2025-07-17T19:00:00Z,2025-07-17,2025-07-17_21,18.999999999999986,81,100,0,88.87208979130183,85.48210391304097,0.017129447439613518,0.0,1.863,True,True,True,False,729.0774999999995,0.0,83.91122195497024,57.5194195812468,0.0,-111.52583100035488,758.9823105358616
2025-07-17T19:00:00Z,2025-07-17T19:15:00Z,2025-07-17,2025-07-17_22,0.0,0,0,100,85.48210391304097,85.48210391304097,0.0,0.0,0.0,True,False,True,False,0.0,1101.5929971215648,0.0,0.0,0.0,0.0,1101.5929971215648
2025-07-17T19:15:00Z,2025-07-17T19:30:00Z,2025-07-17,2025-07-17_22,0.0,0,0,100,85.48210391304097,85.48210391304097,0.0,0.0,0.0,True,False,True,False,0.0,1101.5929971215648,0.0,0.0,0.0,0.0,1101.5929971215648
2025-07-17T19:30:00Z,2025-07-17T19:45:00Z,2025-07-17,2025-07-17_22,0.0,0,0,100,85.48210391304097,85.48210391304097,0.0,0.0,0.0,True,False,True,False,0.0,1101.5929971215648,0.0,0.0,0.0,0.0,1101.5929971215648
2025-07-17T19:45:00Z,2025-07-17T20:00:00Z,2025-07-17,2025-07-17_22,0.0,0,0,100,85.48210391304097,85.48210391304097,0.0,0.0,0.0,True,False,True,False,0.0,1101.5929971215648,0.0,0.0,0.0,0.0,1101.5929971215648
2025-07-17T20:00:00Z,2025-07-17T20:15:00Z,2025-07-17,2025-07-17_23,100.0,0,100,0,85.48210391304097,62.178299565214886,0.06473278985507246,0.0,3.5605000000000007,True,True,True,False,3126.75,0.0,0.0,57.726430345806556,0.0,751.2386849887623,3935.715115334569
2025-07-17T20:15:00Z,2025-07-17T20:30:00Z,2025-07-17,2025-07-17_23,100.0,0,100,0,62.178299565214886,47.0744952173888,0.041955012077294684,0.0,11.1045,True,True,True,False,3126.75,0.0,0.0,57.726430345806556,0.0,168.104379263436,3352.5808096092424
2025-07-17T20:30:00Z,2025-07-17T20:45:00Z,2025-07-17,2025-07-17_23,100.0,0,100,0,47.0744952173888,27.881016956519236,0.05331521739130435,0.0,7.342,True,True,True,False,3126.75,0.0,0.0,57.726430345806556,0.0,-282.35187965774224,2902.124550688064
2025-07-17T20:45:00Z,2025-07-17T21:00:00Z,2025-07-17,2025-07-17_23,100.0,0,100,0,27.881016956519236,10.292429999997498,0.04885718599033816,0.0,8.8185,True,True,True,False,3126.75,0.0,0.0,57.726430345806556,0.0,1200.4022739639606,4384.878704309767
2025-07-17T21:00:00Z,2025-07-17T21:15:00Z,2025-07-18,2025-07-17_24,0.0,100,100,0,10.292429999997498,12.92421608695402,0.007322594202898551,0.002,2.863,True,True,True,False,0.0,0.0,87.4142417790395,54.885261414714925,0.22356281050390348,-48.36745110795679,94.15561489630154
2025-07-17T21:15:00Z,2025-07-17T21:30:00Z,2025-07-18,2025-07-17_24,0.0,100,100,0,12.92421608695402,20.30445608695402,0.020500666666666667,0.0,8.022,True,True,True,False,0.0,0.0,87.4142417790395,54.885261414714925,0.0,4547.780037851904,4690.0795410456585
2025-07-17T21:30:00Z,2025-07-17T21:45:00Z,2025-07-18,2025-07-17_24,0.0,100,100,0,20.30445608695402,24.456250869562716,0.011572014492753626,0.0065,4.5205,True,True,True,False,0.0,0.0,87.4142417790395,54.885261414714925,0.8753253883763109,1215.650357523066,1358.8251861051967
2025-07-17T21:45:00Z,2025-07-17T22:00:00Z,2025-07-18,2025-07-17_24,0.0,100,100,0,24.456250869562716,25.76022652173663,0.0036432898550724634,0.0035000000000000005,1.4215,True,True,True,False,0.0,0.0,87.4142417790395,54.885261414714925,0.45510971137922884,-71.45612924848199,71.29848365665167
2025-07-17T22:00:00Z,2025-07-17T22:15:00Z,2025-07-18,2025-07-18_1,-85.73878468713578,100,14,0,25.76022652173663,22.66178832227402,0.01222312730704247,24.1875,0.01092,True,True,True,False,-2320.9489014807655,0.0,87.4142417790395,7.6839365980600896,30791.535330908446,-0.6474627395315826,28565.03714506525
2025-07-17T22:15:00Z,2025-07-17T22:30:00Z,2025-07-18,2025-07-18_1,-85.73878468713578,100,14,0,22.66178832227402,19.942625359792096,0.012921431025916572,23.775,0.0,True,True,True,False,-2320.9489014807655,0.0,87.4142417790395,7.6839365980600896,28162.6789685356,0.0,25936.828245431934
2025-07-17T22:30:00Z,2025-07-17T22:45:00Z,2025-07-18,2025-07-18_1,-85.73878468713578,100,14,0,19.942625359792096,34.950574267830724,0.04598821058087268,4.9925,0.0,True,True,True,False,-2320.9489014807655,0.0,87.4142417790395,7.6839365980600896,676.8585516717925,0.0,-1548.9921714318734
2025-07-17T22:45:00Z,2025-07-17T23:00:00Z,2025-07-18,2025-07-18_1,-85.73878468713578,100,14,0,34.950574267830724,48.800125165217736,0.043827542302283695,6.22,0.00014000000000000001,True,True,True,False,-2320.9489014807655,0.0,87.4142417790395,7.6839365980600896,848.6662960334359,-0.010764135320558317,-1377.1951912055506
2025-07-17T23:00:00Z,2025-07-17T23:15:00Z,2025-07-18,2025-07-18_2,0.0,0,0,71,48.800125165217736,48.800125165217736,0.0,0.0,0.0,True,False,True,False,0.0,782.1001892595222,0.0,0.0,0.0,0.0,782.1001892595222
2025-07-17T23:15:00Z,2025-07-17T23:30:00Z,2025-07-18,2025-07-18_2,0.0,0,0,71,48.800125165217736,48.800125165217736,0.0,0.0,0.0,True,False,True,False,0.0,782.1001892595222,0.0,0.0,0.0,0.0,782.1001892595222
2025-07-17T23:30:00Z,2025-07-17T23:45:00Z,2025-07-18,2025-07-18_2,0.0,0,0,71,48.800125165217736,48.800125165217736,0.0,0.0,0.0,True,False,True,False,0.0,782.1001892595222,0.0,0.0,0.0,0.0,782.1001892595222
2025-07-17T23:45:00Z,2025-07-18T00:00:00Z,2025-07-18,2025-07-18_2,0.0,0,0,71,48.800125165217736,48.800125165217736,0.0,0.0,0.0,True,False,True,False,0.0,782.1001892595222,0.0,0.0,0.0,0.0,782.1001892595222
2025-07-18T00:00:00Z,2025-07-18T00:15:00Z,2025-07-18,2025-07-18_3,0.0,100,100,0,48.800125165217736,62.276285165217736,0.03743377777777778,0.0,14.648,True,True,True,False,0.0,0.0,87.4142417790395,54.91483321504613,0.0,5189.115509817838,5331.444584811923
2025-07-18T00:15:00Z,2025-07-18T00:30:00Z,2025-07-18,2025-07-18_3,0.0,100,100,0,62.276285165217736,70.08248516521773,0.021683888888888888,0.0,8.485,True,True,True,False,0.0,0.0,87.4142417790395,54.91483321504613,0.0,-91.6414793785979,50.68759561548774
2025-07-18T00:30:00Z,2025-07-18T00:45:00Z,2025-07-18,2025-07-18_3,0.0,100,100,0,70.08248516521773,80.25446516521774,0.0282555,0.0,11.0565,True,True,True,False,0.0,0.0,87.4142417790395,54.91483321504613,0.0,691.8006973030518,834.1297722971375
2025-07-18T00:45:00Z,2025-07-18T01:00:00Z,2025-07-18,2025-07-18_3,0.0,100,100,0,80.25446516521774,83.90548516521774,0.010141722222222222,0.0,3.9684999999999997,True,True,True,False,0.0,0.0,87.4142417790395,54.91483321504613,0.0,-162.66124477564858,-20.332169781562953
2025-07-18T01:00:00Z,2025-07-18T01:15:00Z,2025-07-18,2025-07-18_4,0.0,29,29,71,83.90548516521774,85.78335696521773,0.005216310555555556,0.0,2.041165,True,True,True,False,0.0,782.1001892595222,25.350130115921452,16.01963567541992,0.0,-77.20765766205346,746.2622973888101
2025-07-18T01:15:00Z,2025-07-18T01:30:00Z,2025-07-18,2025-07-18_4,0.0,29,29,71,85.78335696521773,86.39446236521773,0.0016975150000000004,0.0,0.6642450000000001,True,True,True,False,0.0,782.1001892595222,25.350130115921452,16.01963567541992,0.0,-30.31007397090135,793.1598810799621
2025-07-18T01:30:00Z,2025-07-18T01:45:00Z,2025-07-18,2025-07-18_4,0.0,29,29,71,86.39446236521773,86.23436294782643,0.0017320306038647345,0.36047000000000007,0.251865,True,True,True,False,0.0,782.1001892595222,25.350130115921452,16.01963567541992,49.69339474213391,-11.823761808019873,861.3395879849776
2025-07-18T01:45:00Z,2025-07-18T02:00:00Z,2025-07-18,2025-07-18_4,0.0,29,29,71,86.23436294782643,85.48141880000033,0.0021122626328502416,0.696145,0.00406,True,True,True,False,0.0,782.1001892595222,25.350130115921452,16.01963567541992,87.18926544929423,-0.2944364442867282,910.364784055871
2025-07-18T02:00:00Z,2025-07-18T02:15:00Z,2025-07-18,2025-07-18_5,0.0,29,29,71,85.48141880000033,84.29118264347859,0.0033151048792270537,1.0964900000000002,0.00174,True,True,True,False,0.0,782.1001892595222,25.350130115921452,16.01963567541992,149.80305004731494,-0.13378282469836764,973.1392222734801
2025-07-18T02:15:00Z,2025-07-18T02:30:00Z,2025-07-18,2025-07-18_5,0.0,29,29,71,84.29118264347859,83.73870440000033,0.0015509662318840577,0.51098,0.0031899999999999997,True,True,True,False,0.0,782.1001892595222,25.350130115921452,16.01963567541992,63.16774168440974,-0.24526851194700733,886.3924282233263
2025-07-18T02:30:00Z,2025-07-18T02:45:00Z,2025-07-18,2025-07-18_5,0.0,29,29,71,83.73870440000033,83.74198417391337,0.0019652095169082123,0.32393,0.38628,True,True,True,False,0.0,782.1001892595222,25.350130115921452,16.01963567541992,40.648731937544355,-17.029705606813344,847.0889813815945
2025-07-18T02:45:00Z,2025-07-18T03:00:00Z,2025-07-18,2025-07-18_5,0.0,29,29,71,83.74198417391337,85.61878877391337,0.005213346111111112,0.0,2.0400050000000003,True,True,True,False,0.0,782.1001892595222,25.350130115921452,16.01963567541992,0.0,-10.584104484070659,812.8858505667929
2025-07-18T03:00:00Z,2025-07-18T03:15:00Z,2025-07-18,2025-07-18_6,0.0,100,100,0,85.61878877391337,102.87890877391337,0.04794477777777778,0.0,18.761,True,True,True,False,0.0,0.0,87.4142417790395,55.44712562100781,0.0,10608.275852259283,10751.137219659331
2025-07-18T03:15:00Z,2025-07-18T03:30:00Z,2025-07-18,2025-07-18_6,0.0,100,100,0,102.87890877391337,124.90094877391337,0.061172333333333336,0.0,23.937,True,True,True,False,0.0,0.0,87.4142417790395,55.44712562100781,0.0,20653.349861603972,20796.21122900402
2025-07-18T03:30:00Z,2025-07-18T03:45:00Z,2025-07-18,2025-07-18_6,0.0,100,100,0,124.90094877391337,127.7124705130438,0.007842995169082127,0.0055,3.0625,True,True,True,False,0.0,0.0,87.4142417790395,55.44712562100781,0.49660910022868854,377.58214799700335,520.9401244972794
2025-07-18T03:45:00Z,2025-07-18T04:00:00Z,2025-07-18,2025-07-18_6,0.0,100,100,0,127.7124705130438,130.94840703478292,0.009061176328502415,0.012,3.5315,True,True,True,False,0.0,0.0,87.4142417790395,55.44712562100781,1.0835107641353205,-156.32965489709014,-12.38477673290751
2025-07-18T04:00:00Z,2025-07-18T04:15:00Z,2025-07-18,2025-07-18_7,98.00000000000004,2,100,0,130.94840703478292,130.5474730173916,0.003588045603864703,0.0,24.2055,True,True,True,False,2847.3900000000012,0.0,1.9978708303761534,54.55997161107168,0.0,25559.03048261178,28462.978325053227
2025-07-18T04:15:00Z,2025-07-18T04:30:00Z,2025-07-18,2025-07-18_7,98.00000000000004,2,100,0,130.5474730173916,103.89104920869593,0.07404761502415462,0.04335,0.0195,True,True,True,False,2847.3900000000012,0.0,1.9978708303761534,54.55997161107168,6.232891441920985,-1.2311710432931156,2908.949562840077
2025-07-18T04:30:00Z,2025-07-18T04:45:00Z,2025-07-18,2025-07-18_7,98.00000000000004,2,100,0,103.89104920869593,77.29766813043506,0.07387418299516911,0.0018,0.036,True,True,True,False,2847.3900000000012,0.0,1.9978708303761534,54.55997161107168,0.2480482611781405,-2.7442654364797727,2901.4516252661474
2025-07-18T04:45:00Z,2025-07-18T05:00:00Z,2025-07-18,2025-07-18_7,98.00000000000004,2,100,0,77.29766813043506,50.97453336521765,0.07314890101449278,0.00091,0.2845,True,True,True,False,2847.3900000000012,0.0,1.9978708303761534,54.55997161107168,0.1178001853166154,-17.695772119706646,2886.369870507059
2025-07-18T05:00:00Z,2025-07-18T05:15:00Z,2025-07-18,2025-07-18_8,0.0,29,29,71,50.97453336521765,50.31149325217418,0.002217521425120773,0.6722199999999999,0.073515,True,True,True,False,0.0,782.1001892595222,29.046309439318662,15.119174355334751,92.76275531898115,-4.486873036432458,914.5415553367243
2025-07-18T05:15:00Z,2025-07-18T05:30:00Z,2025-07-18,2025-07-18_8,0.0,29,29,71,50.31149325217418,49.239633078261136,0.002981094927536231,0.986725,0.0007250000000000001,True,True,True,False,0.0,782.1001892595222,29.046309439318662,15.119174355334751,156.76446568685432,-0.05574284362431985,982.9743958974055
2025-07-18T05:30:00Z,2025-07-18T05:45:00Z,2025-07-18,2025-07-18_8,0.0,29,29,71,49.239633078261136,49.21970049565244,0.0007282971739130434,0.129775,0.13166,True,True,True,False,0.0,782.1001892595222,29.046309439318662,15.119174355334751,17.89530832544752,-9.986111465972716,834.1748699136504
2025-07-18T05:45:00Z,2025-07-18T06:00:00Z,2025-07-18,2025-07-18_8,0.0,29,29,71,49.21970049565244,49.73168969565244,0.001422192222222222,0.0,0.55651,True,True,True,False,0.0,782.1001892595222,29.046309439318662,15.119174355334751,0.0,-31.891257349578105,794.3744157045975
2025-07-18T06:00:00Z,2025-07-18T06:15:00Z,2025-07-18,2025-07-18_9,2.9999999999999964,26,29,71,49.73168969565244,49.45818703478288,0.0034082051690821234,0.0,0.57797,True,True,True,False,81.3224999999999,782.1001892595222,24.02708776910338,15.487934705464866,0.0,-29.135617650421892,873.8020940836684
2025-07-18T06:15:00Z,2025-07-18T06:30:00Z,2025-07-18,2025-07-18_9,2.9999999999999964,26,29,71,49.45818703478288,49.55529553043505,0.004190669734299515,0.0,0.973385,True,True,True,False,81.3224999999999,782.1001892595222,24.02708776910338,15.487934705464866,0.0,-65.43770833727623,837.5000033968141
2025-07-18T06:30:00Z,2025-07-18T06:45:00Z,2025-07-18,2025-07-18_9,2.9999999999999964,26,29,71,49.55529553043505,48.5869565217394,0.0030659061352656977,0.21164,0.08206999999999999,True,True,True,False,81.3224999999999,782.1001892595222,24.02708776910338,15.487934705464866,29.18874591909156,-6.844020581973029,925.2824370712088
2025-07-18T06:45:00Z,2025-07-18T07:00:00Z,2025-07-18,2025-07-18_9,2.9999999999999964,26,29,71,48.5869565217394,50.25838098260897,0.007514494275362318,0.0,2.653065,True,True,True,False,81.3224999999999,782.1001892595222,24.02708776910338,15.487934705464866,0.0,420.0016759581262,1322.9393876922165
2025-07-18T07:00:00Z,2025-07-18T07:15:00Z,2025-07-18,2025-07-18_10,56.96094911380971,43,100,0,50.25838098260897,38.048217666340655,0.041005891109761355,0.0025800000000000003,3.2225,True,True,True,False,1242.4607025449743,0.0,37.588123964986984,54.885261414714925,0.3555358410220014,-146.3529847803801,1188.936638985318
2025-07-18T07:15:00Z,2025-07-18T07:30:00Z,2025-07-18,2025-07-18_10,56.96094911380971,43,100,0,38.048217666340655,23.293866786292654,0.04256374552532121,0.0043,0.718,True,True,True,False,1242.4607025449743,0.0,37.588123964986984,54.885261414714925,0.592559735036669,-39.559642772652,1295.967004887061
2025-07-18T07:30:00Z,2025-07-18T07:45:00Z,2025-07-18,2025-07-18_10,56.96094911380971,43,100,0,23.293866786292654,17.21314398487884,0.03725640169592736,0.0,9.258,True,True,True,False,1242.4607025449743,0.0,37.588123964986984,54.885261414714925,0.0,5300.929593092027,6635.863681016704
2025-07-18T07:45:00Z,2025-07-18T08:00:00Z,2025-07-18,2025-07-18_10,56.96094911380971,43,100,0,17.21314398487884,17.33620495196709,0.033467586046292505,0.0,15.3695,True,True,True,False,1242.4607025449743,0.0,37.588123964986984,54.885261414714925,0.0,7912.007952645692,9246.942040570368
2025-07-18T08:00:00Z,2025-07-18T08:15:00Z,2025-07-18,2025-07-18_11,0.0,100,100,0,17.33620495196709,39.91576495196709,0.062721,0.0,24.543,True,True,True,False,0.0,0.0,87.3255263780459,54.885261414714925,0.0,24084.41304826118,24226.62383605394
2025-07-18T08:15:00Z,2025-07-18T08:30:00Z,2025-07-18,2025-07-18_11,0.0,100,100,0,39.91576495196709,52.59842495196709,0.035229611111111114,0.0,13.7855,True,True,True,False,0.0,0.0,87.3255263780459,54.885261414714925,0.0,9827.566195587888,9969.776983380649
2025-07-18T08:30:00Z,2025-07-18T08:45:00Z,2025-07-18,2025-07-18_11,0.0,100,100,0,52.59842495196709,68.80652495196709,0.04502250000000001,0.0,17.6175,True,True,True,False,0.0,0.0,87.3255263780459,54.885261414714925,0.0,17327.63995741661,17469.85074520937
2025-07-18T08:45:00Z,2025-07-18T09:00:00Z,2025-07-18,2025-07-18_11,0.0,100,100,0,68.80652495196709,87.32474495196709,0.0514395,0.0,20.1285,True,True,True,False,0.0,0.0,87.3255263780459,54.885261414714925,0.0,19819.1955420511,19961.40632984386
2025-07-18T09:00:00Z,2025-07-18T09:15:00Z,2025-07-18,2025-07-18_12,0.0,0,0,71,87.32474495196709,87.32474495196709,0.0,0.0,0.0,True,False,True,False,0.0,782.1001892595222,0.0,0.0,0.0,0.0,782.1001892595222
2025-07-18T09:15:00Z,2025-07-18T09:30:00Z,2025-07-18,2025-07-18_12,0.0,0,0,71,87.32474495196709,87.32474495196709,0.0,0.0,0.0,True,False,True,False,0.0,782.1001892595222,0.0,0.0,0.0,0.0,782.1001892595222
2025-07-18T09:30:00Z,2025-07-18T09:45:00Z,2025-07-18,2025-07-18_12,0.0,0,0,71,87.32474495196709,87.32474495196709,0.0,0.0,0.0,True,False,True,False,0.0,782.1001892595222,0.0,0.0,0.0,0.0,782.1001892595222
2025-07-18T09:45:00Z,2025-07-18T10:00:00Z,2025-07-18,2025-07-18_12,0.0,0,0,71,87.32474495196709,87.32474495196709,0.0,0.0,0.0,True,False,True,False,0.0,782.1001892595222,0.0,0.0,0.0,0.0,782.1001892595222
2025-07-18T10:00:00Z,2025-07-18T10:15:00Z,2025-07-18,2025-07-18_13,0.0,100,100,0,87.32474495196709,100.2410849519671,0.03587872222222222,0.0,14.039499999999999,True,True,True,False,0.0,0.0,87.3255263780459,55.24012301868938,0.0,9006.268393758377,9148.834043155111
2025-07-18T10:15:00Z,2025-07-18T10:30:00Z,2025-07-18,2025-07-18_13,0.0,100,100,0,100.2410849519671,103.3111249519671,0.008527888888888889,0.0,3.337,True,True,True,False,0.0,0.0,87.3255263780459,55.24012301868938,0.0,-119.6916191546408,22.87403024209447
2025-07-18T10:30:00Z,2025-07-18T10:45:00Z,2025-07-18,2025-07-18_13,0.0,100,100,0,103.3111249519671,103.33436582153232,0.0006714420289855072,0.1005,0.144,True,True,True,False,0.0,0.0,87.3255263780459,55.24012301868938,10.084871066950557,-7.897629524485451,144.75289093920037
2025-07-18T10:45:00Z,2025-07-18T11:00:00Z,2025-07-18,2025-07-18_13,0.0,100,100,0,103.33436582153232,105.19490060414101,0.005207403381642511,0.0065,2.03,True,True,True,False,0.0,0.0,87.3255263780459,55.24012301868938,0.6522553426385931,-73.39880332781325,69.81910141156061
2025-07-18T11:00:00Z,2025-07-18T11:15:00Z,2025-07-18,2025-07-18_14,0.0,100,100,0,105.19490060414101,106.6353701693584,0.00401036231884058,0.0015,1.5675,True,True,True,False,0.0,0.0,87.3255263780459,54.91483321504613,0.14105748757984388,-63.11100366690324,79.27041341376864
2025-07-18T11:15:00Z,2025-07-18T11:30:00Z,2025-07-18,2025-07-18_14,0.0,100,100,0,106.6353701693584,109.57201016935839,0.008157333333333334,0.0,3.192,True,True,True,False,0.0,0.0,87.3255263780459,54.91483321504613,0.0,-119.59427963094394,22.64607996214808
2025-07-18T11:30:00Z,2025-07-18T11:45:00Z,2025-07-18,2025-07-18_14,0.0,100,100,0,109.57201016935839,113.54273016935839,0.011029777777777777,0.0,4.316,True,True,True,False,0.0,0.0,87.3255263780459,54.91483321504613,0.0,-139.1493920037852,3.090967589306814
2025-07-18T11:45:00Z,2025-07-18T12:00:00Z,2025-07-18,2025-07-18_14,0.0,100,100,0,113.54273016935839,129.98543016935838,0.04567416666666666,0.0,17.8725,True,True,True,False,0.0,0.0,87.3255263780459,54.91483321504613,0.0,13211.584267802222,13353.824627395314
2025-07-18T12:00:00Z,2025-07-18T12:15:00Z,2025-07-18,2025-07-18_15,-28.999999999999975,0,0,71,129.98543016935838,136.65543016935837,0.01852777777777776,0.0,0.0,True,False,True,False,-516.1999999999996,782.1001892595222,0.0,0.0,0.0,0.0,265.90018925952256
2025-07-18T12:15:00Z,2025-07-18T12:30:00Z,2025-07-18,2025-07-18_15,-28.999999999999975,0,0,71,136.65543016935837,143.32543016935836,0.01852777777777776,0.0,0.0,True,False,True,False,-516.1999999999996,782.1001892595222,0.0,0.0,0.0,0.0,265.90018925952256
2025-07-18T12:30:00Z,2025-07-18T12:45:00Z,2025-07-18,2025-07-18_15,-28.999999999999975,0,0,71,143.32543016935836,149.99543016935834,0.01852777777777776,0.0,0.0,True,False,True,False,-516.1999999999996,782.1001892595222,0.0,0.0,0.0,0.0,265.90018925952256
2025-07-18T12:45:00Z,2025-07-18T13:00:00Z,2025-07-18,2025-07-18_15,-28.999999999999975,0,0,71,149.99543016935834,156.66543016935833,0.01852777777777776,0.0,0.0,True,False,True,False,-516.1999999999996,782.1001892595222,0.0,0.0,0.0,0.0,265.90018925952256
2025-07-18T13:00:00Z,2025-07-18T13:15:00Z,2025-07-18,2025-07-18_16,0.0,29,29,71,156.66543016935833,156.63395962153223,0.00037052263285024153,0.075835,0.05539,True,True,True,False,0.0,782.1001892595222,25.324402649633306,15.916725810267327,6.727732434350603,-2.223429554057251,827.8456205997161
2025-07-18T13:15:00Z,2025-07-18T13:30:00Z,2025-07-18,2025-07-18_16,0.0,29,29,71,156.63395962153223,156.64067829109746,0.000253324806763285,0.03886,0.053215,True,True,True,False,0.0,782.1001892595222,25.324402649633306,15.916725810267327,3.4474804826117813,-2.833737567029414,823.9550606350051
2025-07-18T13:30:00Z,2025-07-18T13:45:00Z,2025-07-18,2025-07-18_16,0.0,29,29,71,156.64067829109746,156.62429909109747,0.00027672444444444447,0.053360000000000005,0.04524,True,True,True,False,0.0,782.1001892595222,25.324402649633306,15.916725810267327,4.7338537970191625,-2.5693169860421103,825.5058545303998
2025-07-18T13:45:00Z,2025-07-18T14:00:00Z,2025-07-18,2025-07-18_16,0.0,29,29,71,156.62429909109747,156.62780960414094,0.00011920190821256037,0.018125,0.025229999999999995,True,True,True,False,0.0,782.1001892595222,25.324402649633306,15.916725810267327,1.6079666430092263,-1.756898142890939,823.192386219541
2025-07-18T14:00:00Z,2025-07-18T14:15:00Z,2025-07-18,2025-07-18_17,9.477449511489171,22,32,68,156.62780960414094,157.1802413313434,0.01007196331756966,0.0,3.2264,True,True,True,False,247.02972151696525,749.0537023894015,19.211615803170094,17.563283652708776,0.0,369.82492327103546,1402.683246633281
2025-07-18T14:15:00Z,2025-07-18T14:30:00Z,2025-07-18,2025-07-18_17,9.477449511489171,22,32,68,157.1802413313434,156.91011619057278,0.009304562439124704,0.0,2.37792,True,True,True,False,247.02972151696525,749.0537023894015,19.211615803170094,17.563283652708776,0.0,-83.49722640170334,949.3610969605422
2025-07-18T14:30:00Z,2025-07-18T14:45:00Z,2025-07-18,2025-07-18_17,9.477449511489171,22,32,68,156.91011619057278,155.9429194743409,0.008654232522524358,0.0,1.6588800000000001,True,True,True,False,247.02972151696525,749.0537023894015,19.211615803170094,17.563283652708776,0.0,-64.82563179559972,968.0326915666459
2025-07-18T14:45:00Z,2025-07-18T15:00:00Z,2025-07-18,2025-07-18_17,9.477449511489171,22,32,68,155.9429194743409,155.50000000000023,0.009143354711689727,0.0,2.19968,True,True,True,False,247.02972151696525,749.0537023894015,19.211615803170094,17.563283652708776,0.0,-31.872029272139418,1000.9862940901062
2025-07-18T15:00:00Z,2025-07-18T15:15:00Z,2025-07-18,2025-07-18_18,0.0,0,0,75,155.50000000000023,155.50000000000023,0.0,0.0,0.0,True,False,True,False,0.0,826.1621717530163,0.0,0.0,0.0,0.0,826.1621717530163
2025-07-18T15:15:00Z,2025-07-18T15:30:00Z,2025-07-18,2025-07-18_18,0.0,0,0,75,155.50000000000023,155.50000000000023,0.0,0.0,0.0,True,False,True,False,0.0,826.1621717530163,0.0,0.0,0.0,0.0,826.1621717530163
2025-07-18T15:30:00Z,2025-07-18T15:45:00Z,2025-07-18,2025-07-18_18,0.0,0,0,75,155.50000000000023,155.50000000000023,0.0,0.0,0.0,True,False,True,False,0.0,826.1621717530163,0.0,0.0,0.0,0.0,826.1621717530163
2025-07-18T15:45:00Z,2025-07-18T16:00:00Z,2025-07-18,2025-07-18_18,0.0,0,0,75,155.50000000000023,155.50000000000023,0.0,0.0,0.0,True,False,True,False,0.0,826.1621717530163,0.0,0.0,0.0,0.0,826.1621717530163
2025-07-18T16:00:00Z,2025-07-18T16:15:00Z,2025-07-18,2025-07-18_19,0.0,100,100,0,155.50000000000023,168.21026000000023,0.03530627777777778,0.0,13.8155,True,True,True,False,0.0,0.0,87.3255263780459,54.944405015377335,0.0,8179.5527882264805,8321.822719619904
2025-07-18T16:15:00Z,2025-07-18T16:30:00Z,2025-07-18,2025-07-18_19,0.0,100,100,0,168.21026000000023,171.14434956521762,0.008159306763285025,0.0015,3.1910000000000003,True,True,True,False,0.0,0.0,87.3255263780459,54.944405015377335,0.13307310149041873,-148.69126429303685,-6.288259798123205
2025-07-18T16:30:00Z,2025-07-18T16:45:00Z,2025-07-18,2025-07-18_19,0.0,100,100,0,171.14434956521762,170.22542695652197,0.0028490072463768115,0.8945,0.058,True,True,True,False,0.0,0.0,87.3255263780459,54.944405015377335,120.59984622663826,-4.372685908051416,258.49709171201005
2025-07-18T16:45:00Z,2025-07-18T17:00:00Z,2025-07-18,2025-07-18_19,0.0,100,100,0,170.22542695652197,158.17814434782633,0.03346467391304348,11.0835,0.0,True,True,True,False,0.0,0.0,87.3255263780459,54.944405015377335,5450.954188254082,0.0,5593.224119647505
2025-07-18T17:00:00Z,2025-07-18T17:15:00Z,2025-07-18,2025-07-18_20,46.9554161849516,0,47,53,158.17814434782633,147.32353082048132,0.030160202759911985,0.0,1.7528649999999997,True,True,True,False,1665.2738349993087,583.8212680387982,0.0,24.8231606340194,0.0,-76.60127867577478,2197.3169849963515
2025-07-18T17:15:00Z,2025-07-18T17:30:00Z,2025-07-18,2025-07-18_20,46.9554161849516,0,47,53,147.32353082048132,136.87423322849816,0.029036133332610344,0.0,2.12581,True,True,True,False,1665.2738349993087,583.8212680387982,0.0,24.8231606340194,0.0,-95.51518635951423,2178.403077312612
2025-07-18T17:30:00Z,2025-07-18T17:45:00Z,2025-07-18,2025-07-18_20,46.9554161849516,0,47,53,136.87423322849816,126.39658650682047,0.02911475444567303,0.0,2.099725,True,True,True,False,1665.2738349993087,583.8212680387982,0.0,24.8231606340194,0.0,-87.8772416459664,2186.04102202616
2025-07-18T17:45:00Z,2025-07-18T18:00:00Z,2025-07-18,2025-07-18_20,46.9554161849516,0,47,53,126.39658650682047,118.19095652173938,0.022813732627604087,0.0,4.190285,True,True,True,False,1665.2738349993087,583.8212680387982,0.0,24.8231606340194,0.0,645.6520064929816,2919.570270165108
2025-07-18T18:00:00Z,2025-07-18T18:15:00Z,2025-07-18,2025-07-18_21,25.00000000000002,0,0,75,118.19095652173938,111.3974782608698,0.018870772946859918,0.0,0.0,True,False,True,False,1042.750000000001,826.1621717530163,0.0,0.0,0.0,0.0,1868.9121717530172
2025-07-18T18:15:00Z,2025-07-18T18:30:00Z,2025-07-18,2025-07-18_21,25.00000000000002,0,0,75,111.3974782608698,104.60400000000023,0.018870772946859918,0.0,0.0,True,False,True,False,1042.750000000001,826.1621717530163,0.0,0.0,0.0,0.0,1868.9121717530172
2025-07-18T18:30:00Z,2025-07-18T18:45:00Z,2025-07-18,2025-07-18_21,25.00000000000002,0,0,75,104.60400000000023,97.81052173913065,0.018870772946859918,0.0,0.0,True,False,True,False,1042.750000000001,826.1621717530163,0.0,0.0,0.0,0.0,1868.9121717530172
2025-07-18T18:45:00Z,2025-07-18T19:00:00Z,2025-07-18,2025-07-18_21,25.00000000000002,0,0,75,97.81052173913065,91.01704347826107,0.018870772946859918,0.0,0.0,True,False,True,False,1042.750000000001,826.1621717530163,0.0,0.0,0.0,0.0,1868.9121717530172
2025-07-18T19:00:00Z,2025-07-18T19:15:00Z,2025-07-18,2025-07-18_22,51.99999999999995,0,52,48,91.01704347826107,77.4148043478263,0.03778399758454103,0.0,0.4859399999999999,True,True,True,False,2123.549999999998,528.7437899219304,0.0,28.54033593565176,0.0,-26.32922246273953,2654.5049033948408
2025-07-18T19:15:00Z,2025-07-18T19:30:00Z,2025-07-18,2025-07-18_22,51.99999999999995,0,52,48,77.4148043478263,63.31121739130458,0.039176630434782575,0.0,0.0247,True,True,True,False,2123.549999999998,528.7437899219304,0.0,28.54033593565176,0.0,-1.6223094787477328,2679.2118163788323
2025-07-18T19:30:00Z,2025-07-18T19:45:00Z,2025-07-18,2025-07-18_22,51.99999999999995,0,52,48,63.31121739130458,49.18615217391329,0.03923629227053136,0.0,0.00494,True,True,True,False,2123.549999999998,528.7437899219304,0.0,28.54033593565176,0.0,-0.37982020345398626,2680.454305654126
2025-07-18T19:45:00Z,2025-07-18T20:00:00Z,2025-07-18,2025-07-18_22,51.99999999999995,0,52,48,49.18615217391329,36.086956521739395,0.036386654589371945,0.0,0.94874,True,True,True,False,2123.549999999998,528.7437899219304,0.0,28.54033593565176,0.0,-41.3438088123965,2639.4903170451835
2025-07-18T20:00:00Z,2025-07-18T20:15:00Z,2025-07-18,2025-07-18_23,0.0,100,100,0,36.086956521739395,25.87282956521766,0.030036241545893717,9.6725,0.3255,True,True,True,False,0.0,0.0,87.29595457771468,54.885261414714925,5357.494091554293,-16.459876094156613,5483.215431452566
2025-07-18T20:15:00Z,2025-07-18T20:30:00Z,2025-07-18,2025-07-18_23,0.0,100,100,0,25.87282956521766,17.709578260869833,0.02269869806763285,7.514,0.0045,True,True,True,False,0.0,0.0,87.29595457771468,54.885261414714925,2761.4809183029734,-0.3459900638750887,2903.3161442315277
2025-07-18T20:30:00Z,2025-07-18T20:45:00Z,2025-07-18,2025-07-18_23,0.0,100,100,0,17.709578260869833,10.789469565217658,0.019222524154589374,6.3665,0.0,True,True,True,False,0.0,0.0,87.29595457771468,54.885261414714925,1299.028823338065,0.0,1441.2100393304945
2025-07-18T20:45:00Z,2025-07-18T21:00:00Z,2025-07-18,2025-07-18_23,0.0,100,100,0,10.789469565217658,11.655160869565485,0.0026553019323671493,0.0415,0.9899999999999999,True,True,True,False,0.0,0.0,87.29595457771468,54.885261414714925,5.72707199747654,-62.73356990773597,85.17471808217017
2025-07-18T21:00:00Z,2025-07-18T21:15:00Z,2025-07-19,2025-07-18_24,-85.84039458051404,100,14,0,11.655160869565485,20.790892994242924,0.03499846846122753,11.2525,0.01169,True,True,True,False,-2709.122852961023,0.0,91.85785241248819,7.715231788079471,10689.069919288078,-0.7628314845474613,8078.757319043076
2025-07-18T21:15:00Z,2025-07-18T21:30:00Z,2025-07-19,2025-07-18_24,-85.84039458051404,100,14,0,20.790892994242924,38.51817252065538,0.05108079769727464,2.15,0.01393,True,True,True,False,-2709.122852961023,0.0,91.85785241248819,7.715231788079471,325.7201691106907,-0.9457771523178808,-2284.7753768020825
2025-07-18T21:30:00Z,2025-07-18T21:45:00Z,2025-07-19,2025-07-18_24,-85.84039458051404,100,14,0,38.51817252065538,50.39622066769612,0.04012140857097157,8.335,0.0,True,True,True,False,-2709.122852961023,0.0,91.85785241248819,7.715231788079471,5250.920217399875,0.0,2641.3704486394195
2025-07-18T21:45:00Z,2025-07-18T22:00:00Z,2025-07-19,2025-07-18_24,-85.84039458051404,100,14,0,50.39622066769612,65.28023526019985,0.045747557932537104,5.1495,0.0,True,True,True,False,-2709.122852961023,0.0,91.85785241248819,7.715231788079471,1199.3181034176916,0.0,-1410.2316653427638
2025-07-18T22:00:00Z,2025-07-18T22:15:00Z,2025-07-19,2025-07-19_1,0.0,100,100,0,65.28023526019985,52.56067004280854,0.035332125603864735,11.702,0.0,True,True,True,False,0.0,0.0,93.92738883632923,55.108798486281934,12457.915618101546,0.0,12606.951805424158
2025-07-18T22:15:00Z,2025-07-18T22:30:00Z,2025-07-19,2025-07-19_1,0.0,100,100,0,52.56067004280854,50.505739608025934,0.005759251207729468,1.899,0.01,True,True,True,False,0.0,0.0,93.92738883632923,55.108798486281934,320.8750810075686,-0.7686849574266793,469.1425833727531
2025-07-18T22:30:00Z,2025-07-18T22:45:00Z,2025-07-19,2025-07-19_1,0.0,100,100,0,50.505739608025934,50.48593612976506,0.000295231884057971,0.058,0.047,True,True,True,False,0.0,0.0,93.92738883632923,55.108798486281934,7.990775780510881,-3.696192052980132,153.33077105014192
2025-07-18T22:45:00Z,2025-07-18T23:00:00Z,2025-07-19,2025-07-19_1,0.0,100,100,0,50.48593612976506,50.521911781938975,0.00032940096618357486,0.038,0.084,True,True,True,False,0.0,0.0,93.92738883632923,55.108798486281934,5.235335856196784,-6.605960264900662,147.66556291390728
2025-07-18T23:00:00Z,2025-07-18T23:15:00Z,2025-07-19,2025-07-19_2,-1.8595971046296231,29,27,71,50.521911781938975,49.34239490814062,0.005163147857185113,1.493355,0.0,True,True,True,False,-51.194708290453526,781.9152081362346,25.30983916745506,14.967183065279093,274.9426204115421,0.0,1045.9401424900573
2025-07-18T23:15:00Z,2025-07-18T23:30:00Z,2025-07-19,2025-07-19_2,-1.8595971046296231,29,27,71,49.34239490814062,49.732390645450266,0.0012898245580350335,0.03654,0.0017549999999999998,True,True,True,False,-51.194708290453526,781.9152081362346,25.30983916745506,14.967183065279093,5.034188741721855,-0.1463191816461684,775.8853916385909
2025-07-18T23:30:00Z,2025-07-18T23:45:00Z,2025-07-19,2025-07-19_2,-1.8595971046296231,29,27,71,49.732390645450266,49.57691545064969,0.00263043380731721,0.541865,0.0,True,True,True,False,-51.194708290453526,781.9152081362346,25.30983916745506,14.967183065279093,74.73200098155156,0.0,845.7295230600668
2025-07-18T23:45:00Z,2025-07-19T00:00:00Z,2025-07-19,2025-07-19_2,-1.8595971046296231,29,27,71,49.57691545064969,49.59656409620244,0.002199916973760035,0.37961,0.00054,True,True,True,False,-51.194708290453526,781.9152081362346,25.30983916745506,14.967183065279093,52.34788679635762,-0.04661778618732262,823.2987910886856
2025-07-19T00:00:00Z,2025-07-19T00:15:00Z,2025-07-19,2025-07-19_3,-5.764225861848698,29,23,71,49.59656409620244,49.700631473687224,0.005899477189353734,1.159565,0.00023,True,True,True,False,-156.25375255006358,781.9152081362346,25.30983916745506,12.74982261116367,258.6164088290366,-0.021079706717123937,922.3164464871091
2025-07-19T00:15:00Z,2025-07-19T00:30:00Z,2025-07-19,2025-07-19_3,-5.764225861848698,29,23,71,49.700631473687224,50.110080891472215,0.005344634177014284,0.8695649999999999,0.0,True,True,True,False,-156.25375255006358,781.9152081362346,25.30983916745506,12.74982261116367,119.95321477057709,0.0,783.6743321353669
2025-07-19T00:30:00Z,2025-07-19T00:45:00Z,2025-07-19,2025-07-19_3,-5.764225861848698,29,23,71,50.110080891472215,49.828277494898124,0.006598359517592786,1.5255450000000002,0.0,True,True,True,False,-156.25375255006358,781.9152081362346,25.30983916745506,12.74982261116367,399.99100734685436,0.0,1063.712124711644
2025-07-19T00:45:00Z,2025-07-19T01:00:00Z,2025-07-19,2025-07-19_3,-5.764225861848698,29,23,71,49.828277494898124,49.64958925368055,0.006433685348570098,1.4323100000000002,0.00529,True,True,True,False,-156.25375255006358,781.9152081362346,25.30983916745506,12.74982261116367,462.5164885268843,-0.5015156890570798,1125.7360902026169
2025-07-19T01:00:00Z,2025-07-19T01:15:00Z,2025-07-19,2025-07-19_4,-22.6253817192258,100,77,0,49.64958925368055,47.70974827633365,0.02649587621920564,6.824,0.017325,True,True,True,False,-613.3175349539134,0.0,87.30487228003784,42.684188741721854,3858.8310438347526,-1.7449296357615893,3373.7576402668374
2025-07-19T01:15:00Z,2025-07-19T01:30:00Z,2025-07-19,2025-07-19_4,-22.6253817192258,100,77,0,47.70974827633365,50.305844281864466,0.018824579105753747,2.4855,0.0,True,True,True,False,-613.3175349539134,0.0,87.30487228003784,42.684188741721854,342.78011766792815,0.0,-140.54835626422556
2025-07-19T01:30:00Z,2025-07-19T01:45:00Z,2025-07-19,2025-07-19_4,-22.6253817192258,100,77,0,50.305844281864466,46.85917672317164,0.028949699276878835,8.245,0.0,True,True,True,False,-613.3175349539134,0.0,87.30487228003784,42.684188741721854,7101.518149834437,0.0,6618.189675902284
2025-07-19T01:45:00Z,2025-07-19T02:00:00Z,2025-07-19,2025-07-19_4,-22.6253817192258,100,77,0,46.85917672317164,48.988583978476605,0.019614439284013168,2.932,0.001925,True,True,True,False,-613.3175349539134,0.0,87.30487228003784,42.684188741721854,947.6694867549669,-0.2007105408388521,464.1403022819743
2025-07-19T02:00:00Z,2025-07-19T02:15:00Z,2025-07-19,2025-07-19_5,-3.4106050550971756,29,25,71,48.988583978476605,49.3246274215329,0.0031995679992324606,0.42528499999999997,0.006,True,True,True,False,-84.82174772026676,781.9152081362346,26.638777199621572,13.636766792809839,66.81147215093819,-0.6504257332071902,803.5300508261303
2025-07-19T02:15:00Z,2025-07-19T02:30:00Z,2025-07-19,2025-07-19_5,-3.4106050550971756,29,25,71,49.3246274215329,49.87243852327345,0.0027432202526576554,0.229245,0.00875,True,True,True,False,-84.82174772026676,781.9152081362346,26.638777199621572,13.636766792809839,31.628228142738887,-0.9485375275938192,768.0486950235443
2025-07-19T02:30:00Z,2025-07-19T02:45:00Z,2025-07-19,2025-07-19_5,-3.4106050550971756,29,25,71,49.87243852327345,50.334354549334876,0.0028932540296747614,0.30218,0.0,True,True,True,False,-84.82174772026676,781.9152081362346,26.638777199621572,13.636766792809839,42.76315135998108,0.0,780.1321557683804
2025-07-19T02:45:00Z,2025-07-19T03:00:00Z,2025-07-19,2025-07-19_5,-3.4106050550971756,29,25,71,50.334354549334876,51.208373739130394,0.002492731722118343,0.01218,0.11150000000000002,True,True,True,False,-84.82174772026676,781.9152081362346,26.638777199621572,13.636766792809839,1.6802931291390728,-11.06488499290445,727.9844125446339
2025-07-19T03:00:00Z,2025-07-19T03:15:00Z,2025-07-19,2025-07-19_6,0.0,29,29,71,51.208373739130394,49.16699136521735,0.005705338816425121,1.8838400000000002,0.006815,True,True,True,False,0.0,781.9152081362346,26.638777199621572,15.818649479659413,381.61275408388525,-0.7387752286345002,1205.2466136707662
2025-07-19T03:15:00Z,2025-07-19T03:30:00Z,2025-07-19,2025-07-19_6,0.0,29,29,71,49.16699136521735,48.68627500869561,0.001379048768115942,0.4495,0.008554999999999998,True,True,True,False,0.0,781.9152081362346,26.638777199621572,15.818649479659413,74.4300095592873,-0.9273986912645852,897.8752456835383
2025-07-19T03:30:00Z,2025-07-19T03:45:00Z,2025-07-19,2025-07-19_6,0.0,29,29,71,48.68627500869561,48.66302810434779,0.00018759917874396135,0.04176,0.02407,True,True,True,False,0.0,781.9152081362346,26.638777199621572,15.818649479659413,5.760848628192999,-2.6092912330495115,827.5241922106591
2025-07-19T03:45:00Z,2025-07-19T04:00:00Z,2025-07-19,2025-07-19_6,0.0,29,29,71,48.66302810434779,48.88398843478257,0.0006409224154589373,0.004495,0.245485,True,True,True,False,0.0,781.9152081362346,26.638777199621572,15.818649479659413,0.6197998649873856,-22.698217777317883,802.2942169031851
2025-07-19T04:00:00Z,2025-07-19T04:15:00Z,2025-07-19,2025-07-19_7,-16.999999999999986,100,83,0,48.88398843478257,34.77017970434779,0.04613310980676329,17.0265,0.0,True,True,True,False,-400.8599999999996,0.0,96.85430463576158,45.66668637653736,21602.32153648297,0.0,21343.98252749527
2025-07-19T04:15:00Z,2025-07-19T04:30:00Z,2025-07-19,2025-07-19_7,-16.999999999999986,100,83,0,34.77017970434779,22.48399883478257,0.042556502415458934,15.299999999999999,0.0,True,True,True,False,-400.8599999999996,0.0,96.85430463576158,45.66668637653736,17889.32657284768,0.0,17630.98756385998
2025-07-19T04:30:00Z,2025-07-19T04:45:00Z,2025-07-19,2025-07-19_7,-16.999999999999986,100,83,0,22.48399883478257,18.020679182608657,0.027247421256038646,7.91,0.0,True,True,True,False,-400.8599999999996,0.0,96.85430463576158,45.66668637653736,4945.917080573951,0.0,4687.578071586251
2025-07-19T04:45:00Z,2025-07-19T05:00:00Z,2025-07-19,2025-07-19_7,-16.999999999999986,100,83,0,18.020679182608657,21.51005304347822,0.01176018705314009,0.41250000000000003,0.01743,True,True,True,False,-400.8599999999996,0.0,96.85430463576158,45.66668637653736,56.83094843897825,-1.8894867549668877,-203.39754730368932
2025-07-19T05:00:00Z,2025-07-19T05:15:00Z,2025-07-19,2025-07-19_8,0.0,100,100,0,21.51005304347822,10.421466086956482,0.030801630434782606,10.2015,0.0,True,True,True,False,0.0,0.0,96.52909176915799,53.68968779564806,11024.420195719014,0.0,11174.63897528382
2025-07-19T05:15:00Z,2025-07-19T05:30:00Z,2025-07-19,2025-07-19_8,0.0,100,100,0,10.421466086956482,9.99999999999996,0.0015949613526570047,0.45799999999999996,0.083,True,True,True,False,0.0,0.0,96.52909176915799,53.68968779564806,63.10670569221065,-8.997555976032798,204.3279292809839
2025-07-19T05:30:00Z,2025-07-19T05:45:00Z,2025-07-19,2025-07-19_8,0.0,100,100,0,9.99999999999996,10.040657391304308,0.00030617391304347825,0.032,0.082,True,True,True,False,0.0,0.0,96.52909176915799,53.68968779564806,4.408703878902554,-8.889151687164933,145.73833175654366
2025-07-19T05:45:00Z,2025-07-19T06:00:00Z,2025-07-19,2025-07-19_8,0.0,100,100,0,10.040657391304308,10.566850434782568,0.0021621304347826083,0.116,0.709,True,True,True,False,0.0,0.0,96.52909176915799,53.68968779564806,15.981551561021762,-60.404882726269314,105.7954483995585
2025-07-19T06:00:00Z,2025-07-19T06:15:00Z,2025-07-19,2025-07-19_9,0.7549511548256385,98,99,1,10.566850434782568,11.40035338317432,0.0035673000735980255,0.027440000000000003,1.159785,True,True,True,False,14.466751504346298,9.312913907284768,85.99337748344371,53.00644512771996,3.780463576158941,-108.5465128666036,58.01343873235007
2025-07-19T06:15:00Z,2025-07-19T06:30:00Z,2025-07-19,2025-07-19_9,0.7549511548256385,98,99,1,11.40035338317432,10.711723989707446,0.002030862646076467,0.46451999999999993,0.023265,True,True,True,False,14.466751504346298,9.312913907284768,85.99337748344371,53.00644512771996,63.9978476821192,-2.52202578051088,224.25530992440306
2025-07-19T06:30:00Z,2025-07-19T06:45:00Z,2025-07-19,2025-07-19_9,0.7549511548256385,98,99,1,10.711723989707446,10.543478260869525,0.0008464659741489907,0.0294,0.074745,True,True,True,False,14.466751504346298,9.312913907284768,85.99337748344371,53.00644512771996,4.050496688741722,-8.102678571428573,158.72730614010788
2025-07-19T06:45:00Z,2025-07-19T07:00:00Z,2025-07-19,2025-07-19_9,0.7549511548256385,98,99,1,10.543478260869525,12.983759797304451,0.00778605034553598,0.0,2.871495,True,True,True,False,14.466751504346298,9.312913907284768,85.99337748344371,53.00644512771996,0.0,1170.3741829115422,1333.153670934337
2025-07-19T07:00:00Z,2025-07-19T07:15:00Z,2025-07-19,2025-07-19_10,1.5020368181026387,98,100,0,12.983759797304451,16.745554306119608,0.012504645590937453,0.03332,4.5595,True,True,True,False,19.192275443306464,0.0,85.52980132450331,54.63576158940397,4.590562913907285,2673.925317328918,2837.873718600039
2025-07-19T07:15:00Z,2025-07-19T07:30:00Z,2025-07-19,2025-07-19_10,1.5020368181026387,98,100,0,16.745554306119608,12.869046796564328,0.011012241921941128,3.23204,0.0485,True,True,True,False,19.192275443306464,0.0,85.52980132450331,54.63576158940397,494.10601418322295,-3.712358778776412,649.7514937616603
2025-07-19T07:30:00Z,2025-07-19T07:45:00Z,2025-07-19,2025-07-19_10,1.5020368181026387,98,100,0,12.869046796564328,12.42904505257955,0.0024581576201945666,0.23765,0.24550000000000002,True,True,True,False,19.192275443306464,0.0,85.52980132450331,54.63576158940397,32.7401565259382,-26.61325291706087,165.48474196609106
2025-07-19T07:45:00Z,2025-07-19T08:00:00Z,2025-07-19,2025-07-19_10,1.5020368181026387,98,100,0,12.42904505257955,12.424403553932295,0.0022556916734497315,0.006860000000000001,0.44549999999999995,True,True,True,False,19.192275443306464,0.0,85.52980132450331,54.63576158940397,0.9449225441501105,-26.30527524834437,133.99748565301948
2025-07-19T08:00:00Z,2025-07-19T08:15:00Z,2025-07-19,2025-07-19_11,-33.96385981750849,98,64,2,12.424403553932295,18.264179000059066,0.023889694233315946,1.94334,0.0304,True,True,True,False,-84.90964954377122,18.625827814569536,85.55877483443709,35.21286660359508,300.84692715231796,-2.1987391989908547,353.13600766215757
2025-07-19T08:15:00Z,2025-07-19T08:30:00Z,2025-07-19,2025-07-19_11,-33.96385981750849,98,64,2,18.264179000059066,20.820091350160954,0.027267660460535706,5.11119,0.0044800000000000005,True,True,True,False,-84.90964954377122,18.625827814569536,85.55877483443709,35.21286660359508,1316.8426557119205,-0.3788079470198676,1370.951667473731
2025-07-19T08:30:00Z,2025-07-19T08:45:00Z,2025-07-19,2025-07-19_11,-33.96385981750849,98,64,2,20.820091350160954,28.34508914632082,0.022668019119363603,0.44737000000000005,0.1888,True,True,True,False,-84.90964954377122,18.625827814569536,85.55877483443709,35.21286660359508,61.63496977097132,-15.96713781141596,100.15565166838584
2025-07-19T08:45:00Z,2025-07-19T09:00:00Z,2025-07-19,2025-07-19_11,-33.96385981750849,98,64,2,28.34508914632082,37.71739130434777,0.026034172661185982,0.0,1.69632,True,True,True,False,-84.90964954377122,18.625827814569536,85.55877483443709,35.21286660359508,0.0,441.0786403027436,495.5664600115741
2025-07-19T09:00:00Z,2025-07-19T09:15:00Z,2025-07-19,2025-07-19_12,-48.423764348202305,49,0,51,37.71739130434777,48.78867396220461,0.030758660675386667,0.071785,0.0,True,True,True,False,-7.868861706582875,474.9586092715232,42.779387417218544,0.0,9.88924116307947,0.0,519.7583761452383
2025-07-19T09:15:00Z,2025-07-19T09:30:00Z,2025-07-19,2025-07-19_12,-48.423764348202305,49,0,51,48.78867396220461,59.00206046242206,0.028441694990081815,1.0022950000000002,0.0,True,True,True,False,-7.868861706582875,474.9586092715232,42.779387417218544,0.0,138.23298786561813,0.0,648.102122847777
2025-07-19T09:30:00Z,2025-07-19T09:45:00Z,2025-07-19,2025-07-19_12,-48.423764348202305,49,0,51,59.00206046242206,69.88586186413337,0.030252320096449584,0.275135,0.0,True,True,True,False,-7.868861706582875,474.9586092715232,42.779387417218544,0.0,37.905681263796914,0.0,547.7748162459558
2025-07-19T09:45:00Z,2025-07-19T10:00:00Z,2025-07-19,2025-07-19_12,-48.423764348202305,49,0,51,69.88586186413337,81.0233276642199,0.030937405000240364,0.0,0.0,True,True,True,False,-7.868861706582875,474.9586092715232,42.779387417218544,0.0,0.0,0.0,509.86913498215887
2025-07-19T10:00:00Z,2025-07-19T10:15:00Z,2025-07-19,2025-07-19_13,-49.0,49,0,51,81.0233276642199,92.29107366421991,0.031299294444444445,0.00245,0.0,True,True,True,False,-0.0,474.9586092715232,42.779387417218544,0.0,0.3371067880794702,0.0,518.0751034768213
2025-07-19T10:15:00Z,2025-07-19T10:30:00Z,2025-07-19,2025-07-19_13,-49.0,49,0,51,92.29107366421991,102.9989260642199,0.029744034444444446,0.6110300000000001,0.0,True,True,True,False,-0.0,474.9586092715232,42.779387417218544,0.0,82.78639962748345,0.0,600.5243963162252
2025-07-19T10:30:00Z,2025-07-19T10:45:00Z,2025-07-19,2025-07-19_13,-49.0,49,0,51,102.9989260642199,113.5318680642199,0.029258172222222226,0.80115,0.0,True,True,True,False,-0.0,474.9586092715232,42.779387417218544,0.0,109.27669577814571,0.0,627.0146924668875
2025-07-19T10:45:00Z,2025-07-19T11:00:00Z,2025-07-19,2025-07-19_13,-49.0,49,0,51,113.5318680642199,122.92473686421991,0.026091302222222224,2.0403599999999997,0.0,True,True,True,False,-0.0,474.9586092715232,42.779387417218544,0.0,305.8669991721854,0.0,823.6049958609271
2025-07-19T11:00:00Z,2025-07-19T11:15:00Z,2025-07-19,2025-07-19_14,-49.0,49,0,51,122.92473686421991,133.3954684642199,0.02908536555555556,0.8687699999999999,0.0,True,True,True,False,0.1225,474.9586092715232,42.779387417218544,0.0,118.30878216059604,0.0,636.1692788493377
2025-07-19T11:15:00Z,2025-07-19T11:30:00Z,2025-07-19,2025-07-19_14,-49.0,49,0,51,133.3954684642199,143.3471038642199,0.027643431666666666,1.433005,0.0,True,True,True,False,0.1225,474.9586092715232,42.779387417218544,0.0,189.9279565259382,0.0,707.78845321468
2025-07-19T11:30:00Z,2025-07-19T11:45:00Z,2025-07-19,2025-07-19_14,-49.0,49,0,51,143.3471038642199,152.07684586421988,0.024249283333333333,2.7611499999999998,0.0,True,True,True,False,0.1225,474.9586092715232,42.779387417218544,0.0,422.3684395695364,0.0,940.2289362582782
2025-07-19T11:45:00Z,2025-07-19T12:00:00Z,2025-07-19,2025-07-19_14,-49.0,49,0,51,152.07684586421988,160.31859686421987,0.02289375277777778,3.291575,0.0,True,True,True,False,0.1225,474.9586092715232,42.779387417218544,0.0,508.385367687638,0.0,1026.2458643763798
2025-07-19T12:00:00Z,2025-07-19T12:15:00Z,2025-07-19,2025-07-19_15,-47.0,100,53,0,160.31859686421987,164.09540882943728,0.032811313429951694,6.973999999999999,0.0,True,True,True,False,-0.0,0.0,87.30487228003784,39.9411660359508,2357.621895695364,0.0,2484.8679340113526
2025-07-19T12:15:00Z,2025-07-19T12:30:00Z,2025-07-19,2025-07-19_15,-47.0,100,53,0,164.09540882943728,169.46310896856772,0.03218168516908213,5.3965,0.0,True,True,True,False,-0.0,0.0,87.30487228003784,39.9411660359508,662.9687894197414,0.0,790.2148277357301
2025-07-19T12:30:00Z,2025-07-19T12:45:00Z,2025-07-19,2025-07-19_15,-47.0,100,53,0,169.46310896856772,174.03813835987208,0.032495401690821255,6.1825,0.0,True,True,True,False,-0.0,0.0,87.30487228003784,39.9411660359508,2398.0413306133714,0.0,2525.28736892936
2025-07-19T12:45:00Z,2025-07-19T13:00:00Z,2025-07-19,2025-07-19_15,-47.0,100,53,0,174.03813835987208,183.11116351639382,0.030725281231884057,1.7255,0.0034449999999999997,True,True,True,False,-0.0,0.0,87.30487228003784,39.9411660359508,226.12565949227377,-0.264811967833491,353.1068858404289
2025-07-19T13:00:00Z,2025-07-19T13:15:00Z,2025-07-19,2025-07-19_16,13.999999999999936,86,100,0,183.11116351639382,187.13681916856774,0.02530073429951689,0.0,8.3,True,True,True,False,30.029999999999863,0.0,75.08219016083255,55.02010406811731,0.0,6119.654978713341,6279.787272942291
2025-07-19T13:15:00Z,2025-07-19T13:30:00Z,2025-07-19,2025-07-19_16,13.999999999999936,86,100,0,187.13681916856774,186.41731262943733,0.0163764914975845,0.0008600000000000001,3.2709999999999995,True,True,True,False,30.029999999999863,0.0,75.08219016083255,55.02010406811731,0.11831441185745822,104.79887890255438,265.0494875433616
2025-07-19T13:30:00Z,2025-07-19T13:45:00Z,2025-07-19,2025-07-19_16,13.999999999999936,86,100,0,186.41731262943733,182.7781187163939,0.011867094202898503,0.19521999999999998,0.4,True,True,True,False,30.029999999999863,0.0,75.08219016083255,55.02010406811731,26.895002593818976,-18.30715862503942,168.72013819772928
2025-07-19T13:45:00Z,2025-07-19T14:00:00Z,2025-07-19,2025-07-19_16,13.999999999999936,86,100,0,182.7781187163939,178.3809434294374,0.01236382468599029,0.57491,0.034,True,True,True,False,30.029999999999863,0.0,75.08219016083255,55.02010406811731,79.20513857615896,-2.1417734941658786,237.1956593109428
2025-07-19T14:00:00Z,2025-07-19T14:15:00Z,2025-07-19,2025-07-19_17,3.9027129634762825,72,76,24,178.3809434294374,177.92986135141524,0.004469986719853452,0.0061200000000000004,0.66348,True,True,True,False,63.69227556393293,223.50993377483442,62.859508041627244,47.83703878902555,0.8428811494796594,-28.261847043519392,370.4797902753804
2025-07-19T14:15:00Z,2025-07-19T14:30:00Z,2025-07-19,2025-07-19_17,3.9027129634762825,72,76,24,177.92986135141524,177.2496206995957,0.0039181346990830234,0.007560000000000001,0.41838,True,True,True,False,63.69227556393293,223.50993377483442,62.859508041627244,47.83703878902555,1.041414735099338,-20.833404280983913,378.1067666235356
2025-07-19T14:30:00Z,2025-07-19T14:45:00Z,2025-07-19,2025-07-19_17,3.9027129634762825,72,76,24,177.2496206995957,177.92042088511116,0.007185115998719868,0.00144,1.8661799999999997,True,True,True,False,63.69227556393293,223.50993377483442,62.859508041627244,47.83703878902555,0.17852412488174077,16.32392549668874,414.4012057909906
2025-07-19T14:45:00Z,2025-07-19T15:00:00Z,2025-07-19,2025-07-19_17,3.9027129634762825,72,76,24,177.92042088511116,175.52625894782642,0.006654134798239472,1.2276,0.00076,True,True,True,False,63.69227556393293,223.50993377483442,62.859508041627244,47.83703878902555,167.5610122989593,-0.05842005676442763,565.401348411615
2025-07-19T15:00:00Z,2025-07-19T15:15:00Z,2025-07-19,2025-07-19_18,0.0,100,100,0,175.52625894782642,177.60156068695684,0.007186828502415459,0.2355,2.534,True,True,True,False,0.0,0.0,87.30487228003784,62.64782403027437,29.19613292336802,915.0688741721855,1094.2177034058657
2025-07-19T15:15:00Z,2025-07-19T15:30:00Z,2025-07-19,2025-07-19_18,0.0,100,100,0,177.60156068695684,177.4825224260873,0.0008136618357487922,0.1895,0.0945,True,True,True,False,0.0,0.0,87.30487228003784,62.64782403027437,23.493278934090192,-6.5089817880794705,166.93699345632294
2025-07-19T15:30:00Z,2025-07-19T15:45:00Z,2025-07-19,2025-07-19_18,0.0,100,100,0,177.4825224260873,177.4855180782612,0.0005155676328502415,0.084,0.10249999999999998,True,True,True,False,0.0,0.0,87.30487228003784,62.64782403027437,9.37086092715232,-6.797635308262378,152.52592192920216
2025-07-19T15:45:00Z,2025-07-19T16:00:00Z,2025-07-19,2025-07-19_18,0.0,100,100,0,177.4855180782612,167.85997460000033,0.026737620772946856,8.8555,0.0,True,True,True,False,0.0,0.0,87.30487228003784,62.64782403027437,6966.729855822296,0.0,7116.682552132608
2025-07-19T16:00:00Z,2025-07-19T16:15:00Z,2025-07-19,2025-07-19_19,0.0,53,53,47,167.85997460000033,167.74313586956555,0.003213582028985507,0.585915,0.565245,True,True,True,False,0.0,437.7069536423841,46.27158230842005,32.99964522232734,79.41899057178335,-15.623226522587512,580.7739452223274
2025-07-19T16:15:00Z,2025-07-19T16:30:00Z,2025-07-19,2025-07-19_19,0.0,53,53,47,167.74313586956555,167.78950580000034,0.00019761574879227054,0.011394999999999999,0.06386499999999999,True,True,True,False,0.0,437.7069536423841,46.27158230842005,32.99964522232734,1.271201907915484,-4.556964621767581,513.6924184592795
2025-07-19T16:30:00Z,2025-07-19T16:45:00Z,2025-07-19,2025-07-19_19,0.0,53,53,47,167.78950580000034,167.77805641739164,0.00014422272946859903,0.029150000000000002,0.021995,True,True,True,False,0.0,437.7069536423841,46.27158230842005,32.99964522232734,2.8978384086250397,-1.5511599189924314,518.3248596627641
2025-07-19T16:45:00Z,2025-07-19T17:00:00Z,2025-07-19,2025-07-19_19,0.0,53,53,47,167.77805641739164,164.42436620000032,0.00931580615942029,3.085395,0.0,True,True,True,False,0.0,437.7069536423841,46.27158230842005,32.99964522232734,927.8855988174079,0.0,1444.8637799905393
2025-07-19T17:00:00Z,2025-07-19T17:15:00Z,2025-07-19,2025-07-19_20,23.0,22,45,55,164.42436620000032,158.17317225217423,0.017556707632850242,0.07227,0.07695,True,True,True,False,809.2550000000001,512.2102649006623,22.40066225165563,23.721322138126773,7.726206563386944,-5.53169125473037,1369.7817645991015
2025-07-19T17:15:00Z,2025-07-19T17:30:00Z,2025-07-19,2025-07-19_20,23.0,22,45,55,158.17317225217423,152.0528817478264,0.017329144734299515,0.0022,0.1314,True,True,True,False,809.2550000000001,512.2102649006623,22.40066225165563,23.721322138126773,0.1986400189214759,-7.536179517502365,1360.249709791864
2025-07-19T17:30:00Z,2025-07-19T17:45:00Z,2025-07-19,2025-07-19_20,23.0,22,45,55,152.0528817478264,145.7906730000003,0.01741638874396135,0.019139999999999997,0.008549999999999999,True,True,True,False,809.2550000000001,512.2102649006623,22.40066225165563,23.721322138126773,2.638906374172185,-0.6572256385998108,1369.5689300260171
2025-07-19T17:45:00Z,2025-07-19T18:00:00Z,2025-07-19,2025-07-19_20,23.0,22,45,55,145.7906730000003,139.55362417391336,0.017406657850241546,0.01826,0.032625,True,True,True,False,809.2550000000001,512.2102649006623,22.40066225165563,23.721322138126773,2.5181459910122985,-2.2829076247634816,1367.8224876566937
2025-07-19T18:00:00Z,2025-07-19T18:15:00Z,2025-07-19,2025-07-19_21,45.0,0,45,55,139.55362417391336,127.35984700000033,0.03387160326086956,0.0,0.031724999999999996,True,True,True,False,1701.5625,512.2102649006623,0.0,23.668105487228004,0.0,-2.3499610927152315,2235.090909295175
2025-07-19T18:15:00Z,2025-07-19T18:30:00Z,2025-07-19,2025-07-19_21,45.0,0,45,55,127.35984700000033,115.15897743478294,0.033891304347826084,0.0,0.025200000000000004,True,True,True,False,1701.5625,512.2102649006623,0.0,23.668105487228004,0.0,-1.9330927152317885,2235.5077776726584
2025-07-19T18:30:00Z,2025-07-19T18:45:00Z,2025-07-19,2025-07-19_21,45.0,0,45,55,115.15897743478294,103.20609700000034,0.03320244565217391,0.0,0.25334999999999996,True,True,True,False,1701.5625,512.2102649006623,0.0,23.668105487228004,0.0,-14.076714433538314,2223.364155954352
2025-07-19T18:45:00Z,2025-07-19T19:00:00Z,2025-07-19,2025-07-19_21,45.0,0,45,55,103.20609700000034,93.24275460869599,0.027675951086956523,0.0,2.083725,True,True,True,False,1701.5625,512.2102649006623,0.0,23.668105487228004,0.0,168.1140918874172,2405.5549622753074
2025-07-19T19:00:00Z,2025-07-19T19:15:00Z,2025-07-19,2025-07-19_22,100.0,0,100,0,93.24275460869599,68.74275460869599,0.06805555555555555,0.0,2.46,True,True,True,False,4141.5,0.0,0.0,55.079233680227055,0.0,11.07766083254494,4207.656894512772
2025-07-19T19:15:00Z,2025-07-19T19:30:00Z,2025-07-19,2025-07-19_22,100.0,0,100,0,68.74275460869599,46.24655895652208,0.06248943236714976,0.0,4.3035,True,True,True,False,4141.5,0.0,0.0,55.079233680227055,0.0,635.2717857142857,4831.851019394513
2025-07-19T19:30:00Z,2025-07-19T19:45:00Z,2025-07-19,2025-07-19_22,100.0,0,100,0,46.24655895652208,30.643841565217734,0.04334088164251207,0.0,10.6455,True,True,True,False,4141.5,0.0,0.0,55.079233680227055,0.0,6313.484821428571,10510.064055108798
2025-07-19T19:45:00Z,2025-07-19T20:00:00Z,2025-07-19,2025-07-19_22,100.0,0,100,0,30.643841565217734,23.181341565217732,0.020729166666666674,0.0,18.1345,True,True,True,False,4141.5,0.0,0.0,55.079233680227055,0.0,17867.858226900033,22064.43746058026
2025-07-19T20:00:00Z,2025-07-19T20:15:00Z,2025-07-19,2025-07-19_23,19.825737121685552,80,100,0,23.181341565217732,20.36190262468292,0.019612937352215677,0.15839999999999999,2.875,True,True,True,False,684.0374950409557,0.0,73.50993377483444,62.26348155156102,21.852899716177863,823.8748373935666,1665.5386474770958
2025-07-19T20:15:00Z,2025-07-19T20:30:00Z,2025-07-19,2025-07-19_23,19.825737121685552,80,100,0,20.36190262468292,15.447428680895065,0.01927758994926469,0.7688,1.373,True,True,True,False,684.0374950409557,0.0,73.50993377483444,62.26348155156102,106.05366887417219,-54.38959161147903,871.4749876300443
2025-07-19T20:30:00Z,2025-07-19T20:45:00Z,2025-07-19,2025-07-19_23,19.825737121685552,80,100,0,15.447428680895065,10.12032070408231,0.015090514547376296,0.0072,0.0715,True,True,True,False,684.0374950409557,0.0,73.50993377483444,62.26348155156102,0.9159564806054872,-5.13501793598234,815.5918489119744
2025-07-19T20:45:00Z,2025-07-19T21:00:00Z,2025-07-19,2025-07-19_23,19.825737121685552,80,100,0,10.12032070408231,9.99999999999988,0.0230134742484528,0.0072,5.5345,True,True,True,False,684.0374950409557,0.0,73.50993377483444,62.26348155156102,0.9932199621570483,641.6959095119836,1462.5000398414918
2025-07-19T21:00:00Z,2025-07-19T21:15:00Z,2025-07-20,2025-07-19_24,-90.50798939092775,100,9,0,9.99999999999988,25.40737415159426,0.04614482577985567,5.8385,0.05922,True,True,True,False,-2973.187451491977,0.0,92.12393566698202,5.664912488174077,1418.3092349613687,-2.0671907284768216,-1459.1565591039289
2025-07-19T21:15:00Z,2025-07-19T21:30:00Z,2025-07-20,2025-07-19_24,-90.50798939092775,100,9,0,25.40737415159426,37.75011232051192,0.039475610618077375,9.055,0.0,True,True,True,False,-2973.187451491977,0.0,92.12393566698202,5.664912488174077,5757.793869244718,0.0,2882.3952659078973
2025-07-19T21:30:00Z,2025-07-19T21:45:00Z,2025-07-20,2025-07-19_24,-90.50798939092775,100,9,0,37.75011232051192,52.08293026358224,0.0437847234834657,6.9285,0.0,True,True,True,False,-2973.187451491977,0.0,92.12393566698202,5.664912488174077,1188.8790350047302,0.0,-1686.5195683320906
2025-07-19T21:45:00Z,2025-07-19T22:00:00Z,2025-07-20,2025-07-19_24,-90.50798939092775,100,9,0,52.08293026358224,67.47746723029526,0.04608366002039637,5.794,0.0,True,True,True,False,-2973.187451491977,0.0,92.12393566698202,5.664912488174077,1096.914424865973,0.0,-1778.4841784708478
2025-07-19T22:00:00Z,2025-07-19T22:15:00Z,2025-07-20,2025-07-20_1,4.5911540694150546,44,49,51,67.47746723029526,65.88569303539364,0.004429539234943181,0.31811999999999996,0.0017150000000000002,True,True,True,False,129.43611110198393,474.9586092715232,41.52317880794702,30.842301324503314,43.846398841059596,-0.13182947019867552,720.4747698768184
2025-07-19T22:15:00Z,2025-07-19T22:30:00Z,2025-07-20,2025-07-20_1,4.5911540694150546,44,49,51,65.88569303539364,63.28677073392216,0.007219228615198562,1.24322,0.0,True,True,True,False,129.43611110198393,474.9586092715232,41.52317880794702,30.842301324503314,184.46046415168715,0.0,861.2206646576446
2025-07-19T22:30:00Z,2025-07-19T22:45:00Z,2025-07-20,2025-07-20_1,4.5911540694150546,44,49,51,63.28677073392216,61.58307359772307,0.004741571186832164,0.4213,0.0019600000000000004,True,True,True,False,129.43611110198393,474.9586092715232,41.52317880794702,30.842301324503314,58.05637892226427,-0.1506622516556292,734.665917176566
2025-07-19T22:45:00Z,2025-07-19T23:00:00Z,2025-07-20,2025-07-20_1,4.5911540694150546,44,49,51,61.58307359772307,60.355928173913,0.003668627723379527,0.02948,0.056104999999999995,True,True,True,False,129.43611110198393,474.9586092715232,41.52317880794702,30.842301324503314,4.059955432040366,-4.291220826434878,676.528935111563
2025-07-19T23:00:00Z,2025-07-19T23:15:00Z,2025-07-20,2025-07-20_2,0.0,49,49,51,60.355928173913,56.79250969565213,0.009898384661835749,3.2783450000000003,0.0,True,True,True,False,0.0,474.9586092715232,42.764900662251655,30.842301324503314,1588.1202372861483,0.0,2136.6860485444263
2025-07-19T23:15:00Z,2025-07-19T23:30:00Z,2025-07-20,2025-07-20_2,0.0,49,49,51,56.79250969565213,55.39521078260865,0.003881385869565217,1.285515,0.0,True,True,True,False,0.0,474.9586092715232,42.764900662251655,30.842301324503314,177.2706334023179,0.0,725.836444660596
2025-07-19T23:30:00Z,2025-07-19T23:45:00Z,2025-07-20,2025-07-20_2,0.0,49,49,51,55.39521078260865,55.344513678260824,0.00020093195652173913,0.056595,0.01176,True,True,True,False,0.0,474.9586092715232,42.764900662251655,30.842301324503314,7.79561098923841,-0.9804635761589404,555.3809586713576
2025-07-19T23:45:00Z,2025-07-20T00:00:00Z,2025-07-20,2025-07-20_2,0.0,49,49,51,55.344513678260824,55.30379084347822,0.00013691120772946859,0.041405000000000004,0.004654999999999999,True,True,True,False,0.0,474.9586092715232,42.764900662251655,30.842301324503314,5.702515376655629,-0.3881001655629139,553.8802264693709
2025-07-20T00:00:00Z,2025-07-20T00:15:00Z,2025-07-20,2025-07-20_3,0.0,49,49,51,55.30379084347822,51.71400823478257,0.009971618357487923,3.3026,0.0,True,True,True,False,0.0,474.9586092715232,42.764900662251655,30.842301324503314,1377.7471313465785,0.0,1926.3129426048567
2025-07-20T00:15:00Z,2025-07-20T00:30:00Z,2025-07-20,2025-07-20_3,0.0,49,49,51,51.71400823478257,51.29697647826083,0.0011747004347826084,0.38636499999999996,0.003185,True,True,True,False,0.0,474.9586092715232,42.764900662251655,30.842301324503314,53.24832535182118,-0.24482615894039736,601.5693104511589
2025-07-20T00:30:00Z,2025-07-20T00:45:00Z,2025-07-20,2025-07-20_3,0.0,49,49,51,51.29697647826083,50.00806343478257,0.0035803140096618354,1.1858,0.0,True,True,True,False,0.0,474.9586092715232,42.764900662251655,30.842301324503314,163.5525681567329,0.0,712.1183794150111
2025-07-20T00:45:00Z,2025-07-20T01:00:00Z,2025-07-20,2025-07-20_3,0.0,49,49,51,50.00806343478257,49.67731343478257,0.00091875,0.30429,0.0,True,True,True,False,0.0,474.9586092715232,42.764900662251655,30.842301324503314,41.92102139900662,0.0,590.4868326572848
2025-07-20T01:00:00Z,2025-07-20T01:15:00Z,2025-07-20,2025-07-20_4,0.0,49,49,51,49.67731343478257,48.43047647826083,0.003463435990338164,1.14709,0.0,True,True,True,False,0.0,474.9586092715232,42.779387417218544,30.842301324503314,158.173663562362,0.0,706.753961575607
2025-07-20T01:15:00Z,2025-07-20T01:30:00Z,2025-07-20,2025-07-20_4,0.0,49,49,51,48.43047647826083,48.36963253913039,0.0004908320531400967,0.10927,0.06296500000000001,True,True,True,False,0.0,474.9586092715232,42.779387417218544,30.842301324503314,15.053527621412803,-4.025287320640177,559.6085383140177
2025-07-20T01:30:00Z,2025-07-20T01:45:00Z,2025-07-20,2025-07-20_4,0.0,49,49,51,48.36963253913039,47.546661347826046,0.0025089266425120773,0.794045,0.043609999999999996,True,True,True,False,0.0,474.9586092715232,42.779387417218544,30.842301324503314,109.4715047254415,-4.392287527593819,653.6595152110928
2025-07-20T01:45:00Z,2025-07-20T02:00:00Z,2025-07-20,2025-07-20_4,0.0,49,49,51,47.546661347826046,46.82364504347822,0.0020083786231884057,0.665175,0.0,True,True,True,False,0.0,474.9586092715232,42.779387417218544,30.842301324503314,91.67775486341058,0.0,640.2580528766556
2025-07-20T02:00:00Z,2025-07-20T02:15:00Z,2025-07-20,2025-07-20_5,0.0,49,49,51,46.82364504347822,44.98434269565213,0.005115434299516907,1.6931949999999998,0.001225,True,True,True,False,0.0,474.9586092715232,45.01034768211921,26.52524834437086,233.58688945226265,-0.11227235099337747,779.9688223992825
2025-07-20T02:15:00Z,2025-07-20T02:30:00Z,2025-07-20,2025-07-20_5,0.0,49,49,51,44.98434269565213,41.03185356521735,0.01097913647342995,3.63629,0.0,True,True,True,False,0.0,474.9586092715232,45.01034768211921,26.52524834437086,627.5603256760485,0.0,1174.0545309740617
2025-07-20T02:30:00Z,2025-07-20T02:45:00Z,2025-07-20,2025-07-20_5,0.0,49,49,51,41.03185356521735,40.55355093043474,0.0013373839855072465,0.44149000000000005,0.0017150000000000002,True,True,True,False,0.0,474.9586092715232,45.01034768211921,26.52524834437086,60.85872124724063,-0.18591335540838855,607.1670131898455
2025-07-20T02:45:00Z,2025-07-20T03:00:00Z,2025-07-20,2025-07-20_5,0.0,49,49,51,40.55355093043474,39.06304549565213,0.004140292874396136,1.3712650000000002,0.0,True,True,True,False,0.0,474.9586092715232,45.01034768211921,26.52524834437086,189.15300113824506,0.0,735.6472064362583
2025-07-20T03:00:00Z,2025-07-20T03:15:00Z,2025-07-20,2025-07-20_6,0.0,49,49,51,39.06304549565213,38.527302930434736,0.0014944349033816425,0.49392,0.001225,True,True,True,False,0.0,474.9586092715232,45.01034768211921,26.728062913907284,68.09507284768212,-0.12072295805739515,614.6713697571744
2025-07-20T03:15:00Z,2025-07-20T03:30:00Z,2025-07-20,2025-07-20_6,0.0,49,49,51,38.527302930434736,37.71739130434778,0.0022848167391304342,0.750925,0.006860000000000001,True,True,True,False,0.0,474.9586092715232,45.01034768211921,26.728062913907284,103.52466718405076,-0.5251937362030905,649.6964933153973
2025-07-20T03:30:00Z,2025-07-20T03:45:00Z,2025-07-20,2025-07-20_6,0.0,49,49,51,37.71739130434778,39.411358373913,0.004783875917874396,0.012985,1.85661,True,True,True,False,0.0,474.9586092715232,45.01034768211921,26.728062913907284,1.788582912527594,-57.72228886589404,490.76331391418324
2025-07-20T03:45:00Z,2025-07-20T04:00:00Z,2025-07-20,2025-07-20_6,0.0,49,49,51,39.411358373913,41.969422973913,0.007105735000000001,0.0,2.7805050000000002,True,True,True,False,0.0,474.9586092715232,45.01034768211921,26.728062913907284,0.0,-120.70940767798015,425.9876121895695
2025-07-20T04:00:00Z,2025-07-20T04:15:00Z,2025-07-20,2025-07-20_7,6.912069512806846,93,100,0,41.969422973913,38.342469905546615,0.01191614889938775,1.9404450000000002,0.387,True,True,True,False,163.4531638040999,0.0,90.07450331125827,62.94347209082309,267.500378979423,-37.09299195837275,546.8785262272315
2025-07-20T04:15:00Z,2025-07-20T04:30:00Z,2025-07-20,2025-07-20_7,6.912069512806846,93,100,0,38.342469905546615,34.79049725787837,0.009878485256862923,1.5419399999999999,0.0025,True,True,True,False,163.4531638040999,0.0,90.07450331125827,62.94347209082309,212.5920599219489,-0.22981709239987386,528.8333820357303
2025-07-20T04:30:00Z,2025-07-20T04:45:00Z,2025-07-20,2025-07-20_7,6.912069512806846,93,100,0,34.79049725787837,32.83548418862571,0.006091929889629742,0.18971999999999997,0.139,True,True,True,False,163.4531638040999,0.0,90.07450331125827,62.94347209082309,26.136457805108797,-15.068196152633242,327.5394008586568
2025-07-20T04:45:00Z,2025-07-20T05:00:00Z,2025-07-20,2025-07-20_7,6.912069512806846,93,100,0,32.83548418862571,37.717391304347785,0.020966701490878457,0.0,7.257,True,True,True,False,163.4531638040999,0.0,90.07450331125827,62.94347209082309,0.0,2682.719917809839,2999.1910570160203
2025-07-20T05:00:00Z,2025-07-20T05:15:00Z,2025-07-20,2025-07-20_8,0.0,49,48,51,37.717391304347785,38.00538799999996,0.001788275845410628,0.16366,0.5064,True,True,True,False,0.0,474.9586092715232,48.67549668874172,29.645222327341532,22.547281043046357,-46.808862819299904,529.0177465113529
2025-07-20T05:15:00Z,2025-07-20T05:30:00Z,2025-07-20,2025-07-20_8,0.0,49,48,51,38.00538799999996,37.86233714782605,0.0016620568115942027,0.34103999999999995,0.24744,True,True,True,False,0.0,474.9586092715232,48.67549668874172,29.645222327341532,46.98576158940397,-22.118315137180698,578.1467747398297
2025-07-20T05:30:00Z,2025-07-20T05:45:00Z,2025-07-20,2025-07-20_8,0.0,49,48,51,37.86233714782605,40.62962354782605,0.0076869066666666675,0.0,3.00792,True,True,True,False,0.0,474.9586092715232,48.67549668874172,29.645222327341532,0.0,-119.10855714285714,434.1707711447493
2025-07-20T05:45:00Z,2025-07-20T06:00:00Z,2025-07-20,2025-07-20_8,0.0,49,48,51,40.62962354782605,42.69874034782605,0.005747546666666667,0.0,2.24904,True,True,True,False,0.0,474.9586092715232,48.67549668874172,29.645222327341532,0.0,-243.80558183538318,309.4737464522233
2025-07-20T06:00:00Z,2025-07-20T06:15:00Z,2025-07-20,2025-07-20_9,4.979589927240298,44,49,51,42.69874034782605,41.56219623987052,0.004314657016756497,0.01804,0.25210499999999997,True,True,True,False,87.35445629861293,474.9586092715232,39.767029328287606,26.04718543046358,2.4848414616840113,-27.32926324503311,603.2828585455381
2025-07-20T06:15:00Z,2025-07-20T06:30:00Z,2025-07-20,2025-07-20_9,4.979589927240298,44,49,51,41.56219623987052,40.203469380410574,0.0038957376080784416,0.027940000000000003,0.02646,True,True,True,False,87.35445629861293,474.9586092715232,39.767029328287606,26.04718543046358,3.848396874014507,-2.6180463576158943,629.3576308452859
2025-07-20T06:30:00Z,2025-07-20T06:45:00Z,2025-07-20,2025-07-20_9,4.979589927240298,44,49,51,40.203469380410574,39.02394132113285,0.004146065576531015,0.00352,0.189385,True,True,True,False,87.35445629861293,474.9586092715232,39.767029328287606,26.04718543046358,0.4848276884263639,-20.17475075193157,608.437357265382
2025-07-20T06:45:00Z,2025-07-20T07:00:00Z,2025-07-20,2025-07-20_9,4.979589927240298,44,49,51,39.02394132113285,37.7173913043478,0.003942046159964287,0.01584,0.06811,True,True,True,False,87.35445629861293,474.9586092715232,39.767029328287606,26.04718543046358,2.1815716177861875,-7.383416114790288,622.9254358318832
2025-07-20T07:00:00Z,2025-07-20T07:15:00Z,2025-07-20,2025-07-20_10,50.24423832228965,49,100,0,37.7173913043478,24.94678007142257,0.03774106901439367,0.01127,0.8915,True,True,True,False,464.8848150769849,0.0,44.054221854304636,55.02010406811731,1.5517241307947023,-46.51733699936928,518.9935281308323
2025-07-20T07:15:00Z,2025-07-20T07:30:00Z,2025-07-20,2025-07-20_10,50.24423832228965,49,100,0,24.94678007142257,16.57439691526409,0.03663445152050399,0.0,5.2605,True,True,True,False,464.8848150769849,0.0,44.054221854304636,55.02010406811731,0.0,-196.99917218543047,366.9599688139764
2025-07-20T07:30:00Z,2025-07-20T07:45:00Z,2025-07-20,2025-07-20_10,50.24423832228965,49,100,0,16.57439691526409,13.960304042542102,0.03522626323677366,0.0,10.9965,True,True,True,False,464.8848150769849,0.0,44.054221854304636,55.02010406811731,0.0,6232.060905865657,6796.020046865065
2025-07-20T07:45:00Z,2025-07-20T08:00:00Z,2025-07-20,2025-07-20_10,50.24423832228965,49,100,0,13.960304042542102,9.999999999999975,0.03555547880310601,0.0,9.6555,True,True,True,False,464.8848150769849,0.0,44.054221854304636,55.02010406811731,0.0,2537.8763144512773,3101.835455450684
2025-07-20T08:00:00Z,2025-07-20T08:15:00Z,2025-07-20,2025-07-20_11,22.00000000000002,78,100,0,9.999999999999975,10.18499659130432,0.02516822724637682,0.0,6.442,True,True,True,False,40.975000000000044,0.0,70.15018921475875,62.94347209082309,0.0,3465.925764348786,3639.9944256543677
2025-07-20T08:15:00Z,2025-07-20T08:30:00Z,2025-07-20,2025-07-20_11,22.00000000000002,78,100,0,10.18499659130432,21.806270434782572,0.04105541043478259,0.0,18.3955,True,True,True,False,40.975000000000044,0.0,70.15018921475875,62.94347209082309,0.0,18125.020596814884,18299.089258120464
2025-07-20T08:30:00Z,2025-07-20T08:45:00Z,2025-07-20,2025-07-20_11,22.00000000000002,78,100,0,21.806270434782572,26.365916939130393,0.03124545526570048,0.0,11.0145,True,True,True,False,40.975000000000044,0.0,70.15018921475875,62.94347209082309,0.0,9797.981299668874,9972.049960974457
2025-07-20T08:45:00Z,2025-07-20T09:00:00Z,2025-07-20,2025-07-20_11,22.00000000000002,78,100,0,26.365916939130393,42.01311245217387,0.04664818801932366,0.0,22.6035,True,True,True,False,40.975000000000044,0.0,70.15018921475875,62.94347209082309,0.0,27043.633598628196,27217.702259933776
2025-07-20T09:00:00Z,2025-07-20T09:15:00Z,2025-07-20,2025-07-20_12,0.0,100,100,0,42.01311245217387,60.624712452173874,0.0516988888888889,0.0,20.23,True,True,True,False,0.0,0.0,89.93614001892148,75.36069063386944,0.0,20279.849310154525,20445.146140807316
2025-07-20T09:15:00Z,2025-07-20T09:30:00Z,2025-07-20,2025-07-20_12,0.0,100,100,0,60.624712452173874,76.38201245217388,0.04377027777777778,0.0,17.1275,True,True,True,False,0.0,0.0,89.93614001892148,75.36069063386944,0.0,16723.598063505204,16888.894894157995
2025-07-20T09:30:00Z,2025-07-20T09:45:00Z,2025-07-20,2025-07-20_12,0.0,100,100,0,76.38201245217388,81.72353245217388,0.014837555555555555,0.0,5.806,True,True,True,False,0.0,0.0,89.93614001892148,75.36069063386944,0.0,407.55748896247246,572.8543196152634
2025-07-20T09:45:00Z,2025-07-20T10:00:00Z,2025-07-20,2025-07-20_12,0.0,100,100,0,81.72353245217388,85.10244375652171,0.009428135265700483,0.007000000000000001,3.681,True,True,True,False,0.0,0.0,89.93614001892148,75.36069063386944,0.7809050772626933,152.15177270577107,318.2295084358247
2025-07-20T10:00:00Z,2025-07-20T10:15:00Z,2025-07-20,2025-07-20_13,-9.730813649291363,49,39,51,85.10244375652171,87.25496675836914,0.0064380824664157085,0.09481500000000001,0.015600000000000001,True,True,True,False,-0.0,474.9586092715232,44.068708609271525,29.39066934720908,9.512148178807948,-1.1760879848628194,556.7540474219489
2025-07-20T10:15:00Z,2025-07-20T10:30:00Z,2025-07-20,2025-07-20_13,-9.730813649291363,49,39,51,87.25496675836914,89.41930445352979,0.00643888813529698,0.0882,0.020864999999999998,True,True,True,False,-0.0,474.9586092715232,44.068708609271525,29.39066934720908,8.848509933774835,-1.6038611636707663,555.6626359981078
2025-07-20T10:30:00Z,2025-07-20T10:45:00Z,2025-07-20,2025-07-20_13,-9.730813649291363,49,39,51,89.41930445352979,91.60070007850071,0.006380747191979688,0.06639500000000001,0.01443,True,True,True,False,-0.0,474.9586092715232,44.068708609271525,29.39066934720908,6.660961644591612,-1.1092123935666982,553.9697364790287
2025-07-20T10:45:00Z,2025-07-20T11:00:00Z,2025-07-20,2025-07-20_13,-9.730813649291363,49,39,51,91.60070007850071,94.06417913043478,0.00685011134951809,0.00147,0.246675,True,True,True,False,-0.0,474.9586092715232,44.068708609271525,29.39066934720908,0.1474751655629139,-7.932777450922422,540.6326849426442
2025-07-20T11:00:00Z,2025-07-20T11:15:00Z,2025-07-20,2025-07-20_14,0.0,100,100,0,94.06417913043478,105.12901913043478,0.030735666666666668,0.0,12.027,True,True,True,False,0.0,0.0,89.93614001892148,75.06504257332072,0.0,10031.036192644277,10196.03737523652
2025-07-20T11:15:00Z,2025-07-20T11:30:00Z,2025-07-20,2025-07-20_14,0.0,100,100,0,105.12901913043478,122.25251913043479,0.047565277777777776,0.0,18.6125,True,True,True,False,0.0,0.0,89.93614001892148,75.06504257332072,0.0,19086.74896523179,19251.75014782403
2025-07-20T11:30:00Z,2025-07-20T11:45:00Z,2025-07-20,2025-07-20_14,0.0,100,100,0,122.25251913043479,132.2956991304348,0.02789772222222222,0.0,10.9165,True,True,True,False,0.0,0.0,89.93614001892148,75.06504257332072,0.0,8866.51056981236,9031.511752404604
2025-07-20T11:45:00Z,2025-07-20T12:00:00Z,2025-07-20,2025-07-20_14,0.0,100,100,0,132.2956991304348,140.4455191304348,0.02263838888888889,0.0,8.8585,True,True,True,False,0.0,0.0,89.93614001892148,75.06504257332072,0.0,6577.017210264899,6742.018392857141
2025-07-20T12:00:00Z,2025-07-20T12:15:00Z,2025-07-20,2025-07-20_15,0.0,100,100,0,140.4455191304348,149.60825913043482,0.025452055555555558,0.0,9.9595,True,True,True,False,0.0,0.0,89.93614001892148,75.36069063386944,0.0,7380.180696645381,7545.477527298172
2025-07-20T12:15:00Z,2025-07-20T12:30:00Z,2025-07-20,2025-07-20_15,0.0,100,100,0,149.60825913043482,158.70981913043482,0.025282111111111113,0.0,9.893,True,True,True,False,0.0,0.0,89.93614001892148,75.36069063386944,0.0,8017.791365499844,8183.088196152635
2025-07-20T12:30:00Z,2025-07-20T12:45:00Z,2025-07-20,2025-07-20_15,0.0,100,100,0,158.70981913043482,166.29291913043483,0.021064166666666665,0.0,8.2425,True,True,True,False,0.0,0.0,89.93614001892148,75.36069063386944,0.0,2924.415800910596,3089.712631563387
2025-07-20T12:45:00Z,2025-07-20T13:00:00Z,2025-07-20,2025-07-20_15,0.0,100,100,0,166.29291913043483,166.54000000000005,0.0018487753623188407,0.1925,0.496,True,True,True,False,0.0,0.0,89.93614001892148,75.36069063386944,22.80344922737307,-31.961870072532324,156.13840980763166
2025-07-20T13:00:00Z,2025-07-20T13:15:00Z,2025-07-20,2025-07-20_16,-3.569051195203222,49,45,51,166.54000000000005,166.0542632938093,0.005457143448063156,1.21569,0.0,True,True,True,False,-7.52177539389079,474.9586092715232,44.068708609271525,25.557296594134343,151.4551917218543,0.0,688.5180308028926
2025-07-20T13:15:00Z,2025-07-20T13:30:00Z,2025-07-20,2025-07-20_16,-3.569051195203222,49,45,51,166.0542632938093,166.29934771822226,0.0036834575476960194,0.536305,0.000675,True,True,True,False,-7.52177539389079,474.9586092715232,44.068708609271525,25.557296594134343,67.3321963714128,-0.051886234626300855,604.3431492178248
2025-07-20T13:30:00Z,2025-07-20T13:45:00Z,2025-07-20,2025-07-20_16,-3.569051195203222,49,45,51,166.29934771822226,166.39845576142596,0.0040351500799724925,0.6715450000000001,0.0,True,True,True,False,-7.52177539389079,474.9586092715232,44.068708609271525,25.557296594134343,65.21753423013246,0.0,602.2803733111707
2025-07-20T13:45:00Z,2025-07-20T14:00:00Z,2025-07-20,2025-07-20_16,-3.569051195203222,49,45,51,166.39845576142596,166.54000000000005,0.003966476195208723,0.638225,0.007200000000000001,True,True,True,False,-7.52177539389079,474.9586092715232,44.068708609271525,25.557296594134343,83.1251079263245,-0.5534531693472091,619.6344938380156
2025-07-20T14:00:00Z,2025-07-20T14:15:00Z,2025-07-20,2025-07-20_17,0.0,53,53,47,166.54000000000005,167.39163810434786,0.0027961263768115944,0.071285,1.009915,True,True,True,False,0.0,437.7069536423841,47.66615421002838,33.36004020813623,9.82107675023652,-0.7478418982576474,527.8063829125276
2025-07-20T14:15:00Z,2025-07-20T14:30:00Z,2025-07-20,2025-07-20_17,0.0,53,53,47,167.39163810434786,168.33484638260873,0.00286005922705314,0.03975,1.07219,True,True,True,False,0.0,437.7069536423841,47.66615421002838,33.36004020813623,3.52560312204352,-41.83223165011037,480.4265195324819
2025-07-20T14:30:00Z,2025-07-20T14:45:00Z,2025-07-20,2025-07-20_17,0.0,53,53,47,168.33484638260873,168.18227735652178,0.0005267406280193237,0.15741,0.020139999999999998,True,True,True,False,0.0,437.7069536423841,47.66615421002838,33.36004020813623,15.209350331125826,-1.5805152396720277,532.3619831520025
2025-07-20T14:45:00Z,2025-07-20T15:00:00Z,2025-07-20,2025-07-20_17,0.0,53,53,47,168.18227735652178,168.19519276521743,0.0003447227536231885,0.051145,0.07446500000000002,True,True,True,False,0.0,437.7069536423841,47.66615421002838,33.36004020813623,4.536276017029329,-4.767970349456008,518.5014537281221
2025-07-20T15:00:00Z,2025-07-20T15:15:00Z,2025-07-20,2025-07-20_18,39.405386600409265,60,100,0,168.19519276521743,180.63453904546037,0.03816827965804331,0.0,23.481,True,True,True,False,980.9970994171887,0.0,52.38292336802271,62.94347209082309,0.0,23047.233695009465,24143.557189885498
2025-07-20T15:15:00Z,2025-07-20T15:30:00Z,2025-07-20,2025-07-20_18,39.405386600409265,60,100,0,180.63453904546037,184.9490052761274,0.03521143872085014,0.0,15.238999999999999,True,True,True,False,980.9970994171887,0.0,52.38292336802271,62.94347209082309,0.0,13640.157495860925,14736.48099073696
2025-07-20T15:30:00Z,2025-07-20T15:45:00Z,2025-07-20,2025-07-20_18,39.405386600409265,60,100,0,184.9490052761274,175.50953207617493,0.030325909291882634,0.0351,1.3255,True,True,True,False,980.9970994171887,0.0,52.38292336802271,62.94347209082309,3.286128192999054,-1.5079600283822139,1098.1016630406514
2025-07-20T15:45:00Z,2025-07-20T16:00:00Z,2025-07-20,2025-07-20_18,39.405386600409265,60,100,0,175.50953207617493,164.29711265217398,0.031154900685168317,0.46680000000000005,0.003,True,True,True,False,980.9970994171887,0.0,52.38292336802271,62.94347209082309,46.94120411542101,-0.23651844843897823,1143.0281805430166
2025-07-20T16:00:00Z,2025-07-20T16:15:00Z,2025-07-20,2025-07-20_19,0.0,45,45,55,164.29711265217398,164.61830386956527,0.0009397521739130436,0.007875000000000002,0.358425,True,True,True,False,0.0,512.2102649006623,39.28719252601703,28.32456244087039,0.7361641142384108,-11.041971056054873,569.5162129257333
2025-07-20T16:15:00Z,2025-07-20T16:30:00Z,2025-07-20,2025-07-20_19,0.0,45,45,55,164.61830386956527,164.64887100000007,0.00020719130434782612,0.02025,0.057150000000000006,True,True,True,False,0.0,512.2102649006623,39.28719252601703,28.32456244087039,1.880321221617786,-3.2932214403973514,578.4091196487701
2025-07-20T16:30:00Z,2025-07-20T16:45:00Z,2025-07-20,2025-07-20_19,0.0,45,45,55,164.64887100000007,164.68312500000008,0.00018889999999999998,0.015525000000000002,0.055575,True,True,True,False,0.0,512.2102649006623,39.28719252601703,28.32456244087039,1.4534797776726587,-3.385018744087039,577.8904809011353
2025-07-20T16:45:00Z,2025-07-20T17:00:00Z,2025-07-20,2025-07-20_19,0.0,45,45,55,164.68312500000008,164.63242721739138,0.00018797717391304345,0.05445,0.009225,True,True,True,False,0.0,512.2102649006623,39.28719252601703,28.32456244087039,5.097711684011353,-0.6470264013718071,584.2727051501893
2025-07-20T17:00:00Z,2025-07-20T17:15:00Z,2025-07-20,2025-07-20_20,0.0,100,100,0,164.63242721739138,167.5514220000001,0.00814757004830918,0.0065,3.1805,True,True,True,False,0.0,0.0,101.05250709555345,52.30014191106907,0.6085422579627877,-122.18119934563231,31.779991918953
2025-07-20T17:15:00Z,2025-07-20T17:30:00Z,2025-07-20,2025-07-20_20,0.0,100,100,0,167.5514220000001,173.48496200000008,0.016482055555555555,0.0,6.4495,True,True,True,False,0.0,0.0,101.05250709555345,52.30014191106907,0.0,4121.676178551718,4275.028827558341
2025-07-20T17:30:00Z,2025-07-20T17:45:00Z,2025-07-20,2025-07-20_20,0.0,100,100,0,173.48496200000008,173.6408628695653,0.0004843864734299517,0.0085,0.1795,True,True,True,False,0.0,0.0,101.05250709555345,52.30014191106907,0.7946032403027437,-10.214050969725639,143.93320127719963
2025-07-20T17:45:00Z,2025-07-20T18:00:00Z,2025-07-20,2025-07-20_20,0.0,100,100,0,173.6408628695653,173.7335872173914,0.0005142101449275362,0.0425,0.151,True,True,True,False,0.0,0.0,101.05250709555345,52.30014191106907,3.977053768527279,-8.932113095238096,148.3975896799117
2025-07-20T18:00:00Z,2025-07-20T18:15:00Z,2025-07-20,2025-07-20_21,100.0,0,100,0,173.7335872173914,146.56239156521747,0.07547554347826088,0.0,0.0025,True,True,True,False,3546.5000000000005,0.0,0.0,52.59578997161778,0.0,-0.19217123935666983,3598.9036187322617
2025-07-20T18:15:00Z,2025-07-20T18:30:00Z,2025-07-20,2025-07-20_21,100.0,0,100,0,146.56239156521747,119.47597852173921,0.07524003623188405,0.0,0.0805,True,True,True,False,3546.5000000000005,0.0,0.0,52.59578997161778,0.0,-5.176205849889625,3593.919584121729
2025-07-20T18:30:00Z,2025-07-20T18:45:00Z,2025-07-20,2025-07-20_21,100.0,0,100,0,119.47597852173921,99.05260895652182,0.05673158212560386,0.0,6.2105,True,True,True,False,3546.5000000000005,0.0,0.0,52.59578997161778,0.0,4899.582136944181,8498.6779269158
2025-07-20T18:45:00Z,2025-07-20T19:00:00Z,2025-07-20,2025-07-20_21,100.0,0,100,0,99.05260895652182,80.60750026086964,0.051236413043478264,0.0,8.0305,True,True,True,False,3546.5000000000005,0.0,0.0,52.59578997161778,0.0,6466.857058498897,10065.952848470515
2025-07-20T19:00:00Z,2025-07-20T19:15:00Z,2025-07-20,2025-07-20_22,39.8487749464554,5,45,55,80.60750026086964,69.56516581222326,0.03067328288865804,0.196975,0.00022500000000000002,True,True,True,False,1394.707123125939,512.2102649006623,5.014191106906339,24.759046830652792,40.20602328721223,-0.017295411542100285,1976.8793538398306
2025-07-20T19:15:00Z,2025-07-20T19:30:00Z,2025-07-20,2025-07-20_22,39.8487749464554,5,45,55,69.56516581222326,59.94771747835661,0.027379270259727393,0.0010249999999999999,1.135125,True,True,True,False,1394.707123125939,512.2102649006623,5.014191106906339,24.759046830652792,0.13246997693945128,-43.027627276490065,1893.7954686646099
2025-07-20T19:30:00Z,2025-07-20T19:45:00Z,2025-07-20,2025-07-20_22,39.8487749464554,5,45,55,59.94771747835661,50.56948595364915,0.026845236759446823,0.0,1.3580999999999999,True,True,True,False,1394.707123125939,512.2102649006623,5.014191106906339,24.759046830652792,0.0,-31.707202223273413,1904.983423740887
2025-07-20T19:45:00Z,2025-07-20T20:00:00Z,2025-07-20,2025-07-20_22,39.8487749464554,5,45,55,50.56948595364915,40.79313521739141,0.027732991971513563,0.0,0.9852749999999999,True,True,True,False,1394.707123125939,512.2102649006623,5.014191106906339,24.759046830652792,0.0,-39.56227901785714,1897.1283469463033
2025-07-20T20:00:00Z,2025-07-20T20:15:00Z,2025-07-20,2025-07-20_23,1.9999999999999645,50,52,48,40.79313521739141,37.871922173913156,0.00826142512077292,2.213,0.0299,True,True,True,False,65.11499999999884,447.01986754966885,45.943708609271525,32.730605487228004,459.201425614948,-1.3377150149795018,1048.6728922461357
2025-07-20T20:15:00Z,2025-07-20T20:30:00Z,2025-07-20,2025-07-20_23,1.9999999999999645,50,52,48,37.871922173913156,36.489313478260996,0.0038405797101449006,0.772,0.0,True,True,True,False,65.11499999999884,447.01986754966885,45.943708609271525,32.730605487228004,114.60904210028383,0.0,705.4182237464511
2025-07-20T20:30:00Z,2025-07-20T20:45:00Z,2025-07-20,2025-07-20_23,1.9999999999999645,50,52,48,36.489313478260996,36.08695652173926,0.002205047101449249,0.05874999999999999,0.22126,True,True,True,False,65.11499999999884,447.01986754966885,45.943708609271525,32.730605487228004,7.77160275741091,-9.91470351229896,588.6660808912792
2025-07-20T20:45:00Z,2025-07-20T21:00:00Z,2025-07-20,2025-07-20_23,1.9999999999999645,50,52,48,36.08695652173926,36.17576086956535,0.0031074879227052897,0.0,0.6825,True,True,True,False,65.11499999999884,447.01986754966885,45.943708609271525,32.730605487228004,0.0,-30.760658112582778,560.0485235335844
2025-07-20T21:00:00Z,2025-07-20T21:15:00Z,2025-07-21,2025-07-20_24,0.0,100,100,0,36.17576086956535,36.95500086956535,0.002164555555555556,0.0,0.847,True,True,True,False,0.0,0.0,91.85785241248819,62.94347209082309,0.0,-48.5642715231788,106.23705298013247
2025-07-20T21:15:00Z,2025-07-20T21:30:00Z,2025-07-21,2025-07-20_24,0.0,100,100,0,36.95500086956535,38.58754086956535,0.004534833333333333,0.0,1.7745,True,True,True,False,0.0,0.0,91.85785241248819,62.94347209082309,0.0,-102.51395902317881,52.287365480132465
2025-07-20T21:30:00Z,2025-07-20T21:45:00Z,2025-07-21,2025-07-20_24,0.0,100,100,0,38.58754086956535,39.86220086956535,0.003540722222222222,0.0,1.3855,True,True,True,False,0.0,0.0,91.85785241248819,62.94347209082309,0.0,-74.73196280747399,80.06936169583729
2025-07-20T21:45:00Z,2025-07-20T22:00:00Z,2025-07-21,2025-07-20_24,0.0,100,100,0,39.86220086956535,52.64882086956535,0.03551838888888889,0.0,13.8985,True,True,True,False,0.0,0.0,91.85785241248819,62.94347209082309,0.0,4354.625007588301,4509.4263320916125
2025-07-20T22:00:00Z,2025-07-20T22:15:00Z,2025-07-21,2025-07-21_1,0.0,22,22,78,52.64882086956535,53.594039773913174,0.002658156376811594,0.00539,1.03378,True,True,True,False,0.0,726.407284768212,19.22658467360454,13.84756385998108,0.7422224199779249,-22.867003323084198,737.3566523986914
2025-07-20T22:15:00Z,2025-07-20T22:30:00Z,2025-07-21,2025-07-21_1,0.0,22,22,78,53.594039773913174,53.60959836521752,6.97883574879227e-05,0.0044,0.02211,True,True,True,False,0.0,726.407284768212,19.22658467360454,13.84756385998108,0.6058498896247242,-1.5255751833017976,758.5617080081205
2025-07-20T22:30:00Z,2025-07-20T22:45:00Z,2025-07-21,2025-07-21_1,0.0,22,22,78,53.60959836521752,53.76844678260883,0.0004644943961352657,0.0038500000000000006,0.17720999999999998,True,True,True,False,0.0,726.407284768212,19.22658467360454,13.84756385998108,0.5303789321192054,-8.45851523770104,751.5532969962157
2025-07-20T22:45:00Z,2025-07-20T23:00:00Z,2025-07-21,2025-07-21_1,0.0,22,22,78,53.76844678260883,54.81637278260882,0.002910905555555556,0.0,1.1390500000000001,True,True,True,False,0.0,726.407284768212,19.22658467360454,13.84756385998108,0.0,-49.8868697571744,709.5945635446232
2025-07-20T23:00:00Z,2025-07-20T23:15:00Z,2025-07-21,2025-07-21_2,-19.0,21,2,79,54.81637278260882,59.196608634782734,0.012167623743961353,0.0005250000000000001,0.011659999999999998,True,True,True,False,-415.43499999999995,735.7201986754967,18.32781456953642,1.2588694418164617,0.07226821192052982,-0.6629257883948281,339.2812251103753
2025-07-20T23:15:00Z,2025-07-20T23:30:00Z,2025-07-21,2025-07-21_2,-19.0,21,2,79,59.196608634782734,63.652757434782735,0.012378191111111112,0.0,0.09364,True,True,True,False,-415.43499999999995,735.7201986754967,18.32781456953642,1.2588694418164617,0.0,-1.426895238095238,338.44498744875443
2025-07-20T23:30:00Z,2025-07-20T23:45:00Z,2025-07-21,2025-07-21_2,-19.0,21,2,79,63.652757434782735,68.12616543478273,0.012426133333333334,0.0,0.1124,True,True,True,False,-415.43499999999995,735.7201986754967,18.32781456953642,1.2588694418164617,0.0,-4.014108483128351,335.8577742037213
2025-07-20T23:45:00Z,2025-07-21T00:00:00Z,2025-07-21,2025-07-21_2,-19.0,21,2,79,68.12616543478273,72.52886223478274,0.012229713333333335,0.0,0.035539999999999995,True,True,True,False,-415.43499999999995,735.7201986754967,18.32781456953642,1.2588694418164617,0.0,-1.4364923919899082,338.43539029485976
2025-07-21T00:00:00Z,2025-07-21T00:15:00Z,2025-07-21,2025-07-21_3,0.0,21,21,79,72.52886223478274,72.63154913043492,0.00030616528985507246,0.003465,0.11571000000000001,True,True,True,False,0.0,735.7201986754967,18.32781456953642,13.218129139072849,0.45347682119205296,-5.128154263245033,762.591464942053
2025-07-21T00:15:00Z,2025-07-21T00:30:00Z,2025-07-21,2025-07-21_3,0.0,21,21,79,72.63154913043492,73.51901333043492,0.0024651783333333333,0.0,0.9646349999999999,True,True,True,False,0.0,735.7201986754967,18.32781456953642,13.218129139072849,0.0,-7.725293543046357,759.5408488410596
2025-07-21T00:30:00Z,2025-07-21T00:45:00Z,2025-07-21,2025-07-21_3,0.0,21,21,79,73.51901333043492,76.65068873043492,0.008699098333333332,0.0,3.4039949999999997,True,True,True,False,0.0,735.7201986754967,18.32781456953642,13.218129139072849,0.0,-21.442699503311257,745.8234428807947
2025-07-21T00:45:00Z,2025-07-21T01:00:00Z,2025-07-21,2025-07-21_3,0.0,21,21,79,76.65068873043492,79.12181333043492,0.006864235,0.0,2.6860049999999998,True,True,True,False,0.0,735.7201986754967,18.32781456953642,13.218129139072849,0.0,-60.84010970612583,706.4260326779802
2025-07-21T01:00:00Z,2025-07-21T01:15:00Z,2025-07-21,2025-07-21_4,0.0,21,21,79,79.12181333043492,81.00754193043491,0.005238135,0.0,2.049705,True,True,True,False,0.0,735.7201986754967,18.334023178807946,13.218129139072849,0.0,-56.67028714817881,710.6020638451987
2025-07-21T01:15:00Z,2025-07-21T01:30:00Z,2025-07-21,2025-07-21_4,0.0,21,21,79,81.00754193043491,81.74498633043491,0.0020484566666666665,0.0,0.80157,True,True,True,False,0.0,735.7201986754967,18.334023178807946,13.218129139072849,0.0,-28.529863162251655,738.7424878311258
2025-07-21T01:30:00Z,2025-07-21T01:45:00Z,2025-07-21,2025-07-21_4,0.0,21,21,79,81.74498633043491,83.76431273043491,0.005609240000000001,0.0,2.19492,True,True,True,False,0.0,735.7201986754967,18.334023178807946,13.218129139072849,0.0,-35.08860993377484,732.1837410596027
2025-07-21T01:45:00Z,2025-07-21T02:00:00Z,2025-07-21,2025-07-21_4,0.0,21,21,79,83.76431273043491,85.3768565304349,0.004479288333333334,0.0,1.7527650000000001,True,True,True,False,0.0,735.7201986754967,18.334023178807946,13.218129139072849,0.0,-45.85254797185431,721.4198030215232
2025-07-21T02:00:00Z,2025-07-21T02:15:00Z,2025-07-21,2025-07-21_5,0.0,21,21,79,85.3768565304349,87.37618673043491,0.005553694999999999,0.0,2.1731849999999997,True,True,True,False,0.0,735.7201986754967,18.334023178807946,13.050496688741722,0.0,-46.38877891142384,720.7159396316225
2025-07-21T02:15:00Z,2025-07-21T02:30:00Z,2025-07-21,2025-07-21_5,0.0,21,21,79,87.37618673043491,89.6009813304349,0.006179985,0.0,2.418255,True,True,True,False,0.0,735.7201986754967,18.334023178807946,13.050496688741722,0.0,-34.738107243377485,732.3666112996689
2025-07-21T02:30:00Z,2025-07-21T02:45:00Z,2025-07-21,2025-07-21_5,0.0,21,21,79,89.6009813304349,91.4338697304349,0.005091356666666667,0.0,1.99227,True,True,True,False,0.0,735.7201986754967,18.334023178807946,13.050496688741722,0.0,-35.4148610513245,731.6898574917219
2025-07-21T02:45:00Z,2025-07-21T03:00:00Z,2025-07-21,2025-07-21_5,0.0,21,21,79,91.4338697304349,92.9678777304349,0.0042611333333333334,0.0,1.6674,True,True,True,False,0.0,735.7201986754967,18.334023178807946,13.050496688741722,0.0,-50.1820488410596,716.9226697019868
2025-07-21T03:00:00Z,2025-07-21T03:15:00Z,2025-07-21,2025-07-21_6,0.0,21,21,79,92.9678777304349,93.20468943478272,0.0006806363768115944,0.0037799999999999995,0.26187000000000005,True,True,True,False,0.0,735.7201986754967,18.334023178807946,13.10637417218543,0.42317880794701984,-12.211154594370864,755.3726202400662
2025-07-21T03:15:00Z,2025-07-21T03:30:00Z,2025-07-21,2025-07-21_6,0.0,21,21,79,93.20468943478272,93.20961932173924,7.646586956521739e-05,0.010395,0.01764,True,True,True,False,0.0,735.7201986754967,18.334023178807946,13.10637417218543,1.1637417218543047,-1.1971842715231789,767.1271534768211
2025-07-21T03:30:00Z,2025-07-21T03:45:00Z,2025-07-21,2025-07-21_6,0.0,21,21,79,93.20961932173924,93.2000871478262,6.672826086956521e-05,0.015434999999999999,0.007875,True,True,True,False,0.0,735.7201986754967,18.334023178807946,13.10637417218543,1.7279801324503312,-0.6053394039735099,768.2832367549669
2025-07-21T03:45:00Z,2025-07-21T04:00:00Z,2025-07-21,2025-07-21_6,0.0,21,21,79,93.2000871478262,93.22535927826098,0.00020081630434782606,0.021629999999999996,0.053024999999999996,True,True,True,False,0.0,735.7201986754967,18.334023178807946,13.10637417218543,2.6688340231788072,-2.5799626448675497,767.2494674048013
2025-07-21T04:00:00Z,2025-07-21T04:15:00Z,2025-07-21,2025-07-21_7,21.0,0,21,79,93.22535927826098,89.15626688695663,0.011303034420289855,0.0,1.5064349999999997,True,True,True,False,627.9525,735.7201986754967,0.0,11.454884105960264,0.0,170.0202636589404,1545.1478464403974
2025-07-21T04:15:00Z,2025-07-21T04:30:00Z,2025-07-21,2025-07-21_7,21.0,0,21,79,89.15626688695663,83.50213101739142,0.015705932971014493,0.0,0.048195,True,True,True,False,627.9525,735.7201986754967,0.0,11.454884105960264,0.0,-3.253314486754967,1371.874268294702
2025-07-21T04:30:00Z,2025-07-21T04:45:00Z,2025-07-21,2025-07-21_7,21.0,0,21,79,83.50213101739142,79.38761471304359,0.011429211956521738,0.0,1.464645,True,True,True,False,627.9525,735.7201986754967,0.0,11.454884105960264,0.0,-59.78728464403974,1315.3402981374172
2025-07-21T04:45:00Z,2025-07-21T05:00:00Z,2025-07-21,2025-07-21_7,21.0,0,21,79,79.38761471304359,73.77833210434794,0.015581340579710145,0.0,0.08946,True,True,True,False,627.9525,735.7201986754967,0.0,11.454884105960264,0.0,-6.517288658940398,1368.6102941225165
2025-07-21T05:00:00Z,2025-07-21T05:15:00Z,2025-07-21,2025-07-21_8,20.999999999999996,0,21,79,73.77833210434794,69.50700058260881,0.011864809782608694,0.0,1.320375,True,True,True,False,629.9999999999999,735.7201986754967,0.0,10.945778145695364,0.0,-56.519836506622525,1320.1461403145695
2025-07-21T05:15:00Z,2025-07-21T05:30:00Z,2025-07-21,2025-07-21_8,20.999999999999996,0,21,79,69.50700058260881,64.50728862608707,0.013888088768115939,0.0,0.650265,True,True,True,False,629.9999999999999,735.7201986754967,0.0,10.945778145695364,0.0,-43.440460140728476,1333.2255166804634
2025-07-21T05:30:00Z,2025-07-21T05:45:00Z,2025-07-21,2025-07-21_8,20.999999999999996,0,21,79,64.50728862608707,58.945940800000116,0.015448188405797097,0.0,0.13356,True,True,True,False,629.9999999999999,735.7201986754967,0.0,10.945778145695364,0.0,-10.157915066225167,1366.5080617549668
2025-07-21T05:45:00Z,2025-07-21T06:00:00Z,2025-07-21,2025-07-21_8,20.999999999999996,0,21,79,58.945940800000116,53.313946234782726,0.015644429347826082,0.0,0.068565,True,True,True,False,629.9999999999999,735.7201986754967,0.0,10.945778145695364,0.0,-5.218134892384106,1371.4478419288077
2025-07-21T06:00:00Z,2025-07-21T06:15:00Z,2025-07-21,2025-07-21_9,0.9999999999999948,20,21,79,53.313946234782726,53.101728017391416,0.000917117270531397,0.0027,0.067305,True,True,True,False,27.864999999999853,735.7201986754967,17.520104068117313,11.305877483443709,0.35554629848628194,-5.079779076986756,787.6869474485571
2025-07-21T06:15:00Z,2025-07-21T06:30:00Z,2025-07-21,2025-07-21_9,0.9999999999999948,20,21,79,53.101728017391416,52.99221780000011,0.0011551950483091752,0.0,0.174825,True,True,True,False,27.864999999999853,735.7201986754967,17.520104068117313,11.305877483443709,0.0,-10.656654697847681,781.7545255292099
2025-07-21T06:30:00Z,2025-07-21T06:45:00Z,2025-07-21,2025-07-21_9,0.9999999999999948,20,21,79,52.99221780000011,53.35263553913055,0.002314928502415456,0.0,0.6812400000000001,True,True,True,False,27.864999999999853,735.7201986754967,17.520104068117313,11.305877483443709,0.0,-40.28145695364239,752.1297232734152
2025-07-21T06:45:00Z,2025-07-21T07:00:00Z,2025-07-21,2025-07-21_9,0.9999999999999948,20,21,79,53.35263553913055,53.845272278260985,0.0026412312801932336,0.0,0.8237249999999999,True,True,True,False,27.864999999999853,735.7201986754967,17.520104068117313,11.305877483443709,0.0,93.04913586506622,885.4603160921238
2025-07-21T07:00:00Z,2025-07-21T07:15:00Z,2025-07-21,2025-07-21_10,0.0,49,49,51,53.845272278260985,51.66389837391316,0.010887940845410626,2.806475,0.9447199999999999,True,True,True,False,0.0,474.9586092715232,42.764900662251655,26.959850993377483,473.8742109202538,186.23940011037527,1204.7969719577814
2025-07-21T07:15:00Z,2025-07-21T07:30:00Z,2025-07-21,2025-07-21_10,0.0,49,49,51,51.66389837391316,51.4828783130436,0.0006067679468599034,0.18375,0.020335,True,True,True,False,0.0,474.9586092715232,42.764900662251655,26.959850993377483,25.235057947019868,-1.4342836299668873,568.4841352442053
2025-07-21T07:30:00Z,2025-07-21T07:45:00Z,2025-07-21,2025-07-21_10,0.0,49,49,51,51.4828783130436,51.5393753130436,0.00022499166666666668,0.01127,0.074725,True,True,True,False,0.0,474.9586092715232,42.764900662251655,26.959850993377483,1.4520076434878586,-4.45916901214128,541.6761995584989
2025-07-21T07:45:00Z,2025-07-21T08:00:00Z,2025-07-21,2025-07-21_10,0.0,49,49,51,51.5393753130436,52.44102218260882,0.0026170142512077295,0.018619999999999998,1.0020499999999999,True,True,True,False,0.0,474.9586092715232,42.764900662251655,26.959850993377483,2.5653145695364237,-40.715983857615896,506.5326916390729
2025-07-21T08:00:00Z,2025-07-21T08:15:00Z,2025-07-21,2025-07-21_11,0.0,49,49,51,52.44102218260882,53.025484382608816,0.0016235061111111112,0.0,0.635285,True,True,True,False,0.0,474.9586092715232,42.779387417218544,26.959850993377483,0.0,-26.52091994343267,518.1769277386866
2025-07-21T08:15:00Z,2025-07-21T08:30:00Z,2025-07-21,2025-07-21_11,0.0,49,49,51,53.025484382608816,53.05108837391316,0.0002782478019323672,0.034300000000000004,0.06835500000000001,True,True,True,False,0.0,474.9586092715232,42.779387417218544,26.959850993377483,4.428699503311259,-3.6390792218543053,545.4874679635761
2025-07-21T08:30:00Z,2025-07-21T08:45:00Z,2025-07-21,2025-07-21_11,0.0,49,49,51,53.05108837391316,53.31678256521751,0.0009111372463768115,0.028665,0.322665,True,True,True,False,0.0,474.9586092715232,42.779387417218544,26.959850993377483,3.646024606788079,-13.19113232615894,535.1527399627483
2025-07-21T08:45:00Z,2025-07-21T09:00:00Z,2025-07-21,2025-07-21_11,0.0,49,49,51,53.31678256521751,56.24856036521751,0.008143827222222223,0.0,3.186715,True,True,True,False,0.0,474.9586092715232,42.779387417218544,26.959850993377483,0.0,36.698475248344366,581.3963229304636
2025-07-21T09:00:00Z,2025-07-21T09:15:00Z,2025-07-21,2025-07-21_12,0.0,49,49,51,56.24856036521751,60.65129856521751,0.012229828333333333,0.0,4.785585,True,True,True,False,0.0,474.9586092715232,42.62003311258278,26.771523178807946,0.0,-20.491728580298016,523.8584369826159
2025-07-21T09:15:00Z,2025-07-21T09:30:00Z,2025-07-21,2025-07-21_12,0.0,49,49,51,60.65129856521751,62.75360436521751,0.005839738333333335,0.0,2.2851150000000002,True,True,True,False,0.0,474.9586092715232,42.62003311258278,26.771523178807946,0.0,-73.44697224751657,470.90319331539735
2025-07-21T09:30:00Z,2025-07-21T09:45:00Z,2025-07-21,2025-07-21_12,0.0,49,49,51,62.75360436521751,64.81015396521751,0.005712637777777778,0.0,2.23538,True,True,True,False,0.0,474.9586092715232,42.62003311258278,26.771523178807946,0.0,-82.27366846026491,462.076497102649
2025-07-21T09:45:00Z,2025-07-21T10:00:00Z,2025-07-21,2025-07-21_12,0.0,49,49,51,64.81015396521751,66.68818676521751,0.005216757777777778,0.0,2.04134,True,True,True,False,0.0,474.9586092715232,42.62003311258278,26.771523178807946,0.0,1.4174631070640176,545.767628669978
2025-07-21T10:00:00Z,2025-07-21T10:15:00Z,2025-07-21,2025-07-21_13,0.0,49,49,51,66.68818676521751,71.31925516521751,0.012864078888888892,0.0,5.0337700000000005,True,True,True,False,0.0,474.9586092715232,42.779387417218544,26.959850993377483,0.0,37.856458554083886,582.554306236203
2025-07-21T10:15:00Z,2025-07-21T10:30:00Z,2025-07-21,2025-07-21_13,0.0,49,49,51,71.31925516521751,72.04774796521751,0.002023591111111111,0.0,0.79184,True,True,True,False,0.0,474.9586092715232,42.779387417218544,26.959850993377483,0.0,-30.901986754966888,513.7958609271524
2025-07-21T10:30:00Z,2025-07-21T10:45:00Z,2025-07-21,2025-07-21_13,0.0,49,49,51,72.04774796521751,72.08578219130446,0.00016482937198067634,0.0098,0.05292,True,True,True,False,0.0,474.9586092715232,42.779387417218544,26.959850993377483,1.1275524282560705,-3.6250658940397353,542.2003342163356
2025-07-21T10:45:00Z,2025-07-21T11:00:00Z,2025-07-21,2025-07-21_13,0.0,49,49,51,72.08578219130446,72.0693441826088,0.0002635478019323671,0.051204999999999994,0.042629999999999994,True,True,True,False,0.0,474.9586092715232,42.779387417218544,26.959850993377483,5.974724061810154,-2.4477800496688737,548.2247916942605
2025-07-21T11:00:00Z,2025-07-21T11:15:00Z,2025-07-21,2025-07-21_14,0.0,49,49,51,72.0693441826088,72.01969397391315,0.00023934724637681158,0.062475,0.019845,True,True,True,False,0.0,474.9586092715232,42.779387417218544,26.959850993377483,7.318906353476822,-1.4689586920529802,550.547795343543
2025-07-21T11:15:00Z,2025-07-21T11:30:00Z,2025-07-21,2025-07-21_14,0.0,49,49,51,72.01969397391315,72.0853181826088,0.00041752497584541067,0.038955000000000004,0.117355,True,True,True,False,0.0,474.9586092715232,42.779387417218544,26.959850993377483,4.424159644039736,-5.676784437086093,543.4452228890729
2025-07-21T11:30:00Z,2025-07-21T11:45:00Z,2025-07-21,2025-07-21_14,0.0,49,49,51,72.0853181826088,72.24077174782619,0.0006137900966183575,0.030135,0.204575,True,True,True,False,0.0,474.9586092715232,42.779387417218544,26.959850993377483,3.3647899006622515,-9.800173116721854,538.2624644660596
2025-07-21T11:45:00Z,2025-07-21T12:00:00Z,2025-07-21,2025-07-21_14,0.0,49,49,51,72.24077174782619,73.9705531304349,0.00481086615942029,0.0009800000000000002,1.8813549999999999,True,True,True,False,0.0,474.9586092715232,42.779387417218544,26.959850993377483,0.10932671081677707,-32.40197911837748,512.4051952745585
2025-07-21T12:00:00Z,2025-07-21T12:15:00Z,2025-07-21,2025-07-21_15,-49.0,49,0,51,73.9705531304349,83.5261607304349,0.026543354444444438,1.86347,0.0,True,True,True,False,-958.1949999999999,474.9586092715232,42.779387417218544,0.0,317.03928823123624,0.0,-123.41771508002196
2025-07-21T12:15:00Z,2025-07-21T12:30:00Z,2025-07-21,2025-07-21_15,-49.0,49,0,51,83.5261607304349,93.6693861304349,0.028175626111111112,1.224755,0.0,True,True,True,False,-958.1949999999999,474.9586092715232,42.779387417218544,0.0,167.014086361755,0.0,-273.4429169495032
2025-07-21T12:30:00Z,2025-07-21T12:45:00Z,2025-07-21,2025-07-21_15,-49.0,49,0,51,93.6693861304349,104.6238261304349,0.030428999999999998,0.34299999999999997,0.0,True,True,True,False,-958.1949999999999,474.9586092715232,42.779387417218544,0.0,40.80406043046357,0.0,-399.6529428807946
2025-07-21T12:45:00Z,2025-07-21T13:00:00Z,2025-07-21,2025-07-21_15,-49.0,49,0,51,104.6238261304349,115.81673933043491,0.031091425555555555,0.08379,0.0,True,True,True,False,-958.1949999999999,474.9586092715232,42.779387417218544,0.0,8.901531456953643,0.0,-431.5554718543046
2025-07-21T13:00:00Z,2025-07-21T13:15:00Z,2025-07-21,2025-07-21_16,-46.0,49,3,51,115.81673933043491,126.36474174782622,0.02931631106280193,0.0441,0.009810000000000001,True,True,True,False,-920.69,474.9586092715232,42.779387417218544,2.260820719016083,4.685016556291391,-0.514847114474929,-396.5210131504258
2025-07-21T13:15:00Z,2025-07-21T13:30:00Z,2025-07-21,2025-07-21_16,-46.0,49,3,51,126.36474174782622,136.9641310608697,0.029448726352657006,0.01617,0.037425,True,True,True,False,-920.69,474.9586092715232,42.779387417218544,2.260820719016083,1.6317880794701987,-0.2487254759933775,-399.30811998876544
2025-07-21T13:30:00Z,2025-07-21T13:45:00Z,2025-07-21,2025-07-21_16,-46.0,49,3,51,136.9641310608697,147.6043653565219,0.029560463623188406,0.011515,0.07711499999999999,True,True,True,False,-920.69,474.9586092715232,42.779387417218544,2.260820719016083,1.1620309050772626,-2.3521169347209083,-401.8812686218859
2025-07-21T13:45:00Z,2025-07-21T14:00:00Z,2025-07-21,2025-07-21_16,-46.0,49,3,51,147.6043653565219,158.14517067826102,0.029308728550724635,0.077665,0.035925,True,True,True,False,-920.69,474.9586092715232,42.779387417218544,2.260820719016083,7.837527593818984,-1.3951597238647113,-394.248814722288
2025-07-21T14:00:00Z,2025-07-21T14:15:00Z,2025-07-21,2025-07-21_17,0.6314557774930659,48,49,51,158.14517067826102,158.07757528881308,0.0008923334315299257,0.0228,0.13965,True,True,True,False,16.40995701760105,474.9586092715232,41.90633869441816,30.842301324503314,2.30085146641438,-8.602336506622516,557.8157212678376
2025-07-21T14:15:00Z,2025-07-21T14:30:00Z,2025-07-21,2025-07-21_17,0.6314557774930659,48,49,51,158.07757528881308,163.17008613434732,0.014654917483339839,0.0,5.7085,True,True,True,False,16.40995701760105,474.9586092715232,41.90633869441816,30.842301324503314,0.0,9.642432395143489,573.7596387031892
2025-07-21T14:30:00Z,2025-07-21T14:45:00Z,2025-07-21,2025-07-21_17,0.6314557774930659,48,49,51,163.17008613434732,166.42038717571347,0.009693129694276287,0.0,3.71077,True,True,True,False,16.40995701760105,474.9586092715232,41.90633869441816,30.842301324503314,0.0,-39.71802366169978,524.3991826463459
2025-07-21T14:45:00Z,2025-07-21T15:00:00Z,2025-07-21,2025-07-21_17,0.6314557774930659,48,49,51,166.42038717571347,166.02980751435942,0.0017351242237656256,0.31079999999999997,0.12886999999999998,True,True,True,False,16.40995701760105,474.9586092715232,41.90633869441816,30.842301324503314,40.47732615894039,-8.0015681705298,596.5929642964563
2025-07-21T15:00:00Z,2025-07-21T15:15:00Z,2025-07-21,2025-07-21_18,-39.70806300474318,100,60,0,166.02980751435942,177.6458084964839,0.03237407350960668,0.029499999999999995,2.7318000000000002,True,True,True,False,-1076.0885074285402,0.0,87.30487228003784,37.76608325449385,2.825804162724692,-116.85261577578054,-1065.0443635070644
2025-07-21T15:15:00Z,2025-07-21T15:30:00Z,2025-07-21,2025-07-21_18,-39.70806300474318,100,60,0,177.6458084964839,186.8302288814367,0.02566701358877589,0.0425,0.1032,True,True,True,False,-1076.0885074285402,0.0,87.30487228003784,37.76608325449385,3.978930148218228,-7.246333964049196,-954.2849557098394
2025-07-21T15:30:00Z,2025-07-21T15:45:00Z,2025-07-21,2025-07-21_18,-39.70806300474318,100,60,0,186.8302288814367,189.99999999999991,0.03011826513430811,5.854,0.0129,True,True,True,False,-1076.0885074285402,0.0,87.30487228003784,37.76608325449385,5528.623935666982,-0.9916035950804163,4576.614780177893
2025-07-21T15:45:00Z,2025-07-21T16:00:00Z,2025-07-21,2025-07-21_18,-39.70806300474318,100,60,0,189.99999999999991,183.31311434785664,0.03785616772097783,15.4995,0.0,True,True,True,False,-1076.0885074285402,0.0,87.30487228003784,37.76608325449385,15187.322669110692,0.0,14236.305117216683
2025-07-21T16:00:00Z,2025-07-21T16:15:00Z,2025-07-21,2025-07-21_19,-62.9439738806441,100,37,0,183.31311434785664,186.7579656463213,0.03471163461391651,11.236,0.0,True,True,True,False,-2404.7745221100076,0.0,87.30487228003784,23.037488174077577,11208.326345001578,0.0,8913.894183345687
2025-07-21T16:15:00Z,2025-07-21T16:30:00Z,2025-07-21,2025-07-21_19,-62.9439738806441,100,37,0,186.7579656463213,177.00602745209918,0.028129460845414688,24.6765,0.0,True,True,True,False,-2404.7745221100076,0.0,87.30487228003784,23.037488174077577,31611.54200449385,0.0,29317.10984283796
2025-07-21T16:30:00Z,2025-07-21T16:45:00Z,2025-07-21,2025-07-21_19,-62.9439738806441,100,37,0,177.00602745209918,181.18531560488694,0.03507795030000255,10.488,0.0,True,True,True,False,-2404.7745221100076,0.0,87.30487228003784,23.037488174077577,4778.375879848628,0.0,2483.9437181927356
2025-07-21T16:45:00Z,2025-07-21T17:00:00Z,2025-07-21,2025-07-21_19,-62.9439738806441,100,37,0,181.18531560488694,190.0000000000001,0.03738995077328086,5.767,0.0,True,True,True,False,-2404.7745221100076,0.0,87.30487228003784,23.037488174077577,795.6041169977924,0.0,-1498.8280446580998
2025-07-21T17:00:00Z,2025-07-21T17:15:00Z,2025-07-21,2025-07-21_20,100.0,0,100,0,190.0000000000001,162.83369565217401,0.07546195652173913,0.0,0.007000000000000001,True,True,True,False,5338.25,0.0,0.0,52.30014191106907,0.0,-0.5518763796909493,5389.998265531378
2025-07-21T17:15:00Z,2025-07-21T17:30:00Z,2025-07-21,2025-07-21_20,100.0,0,100,0,162.83369565217401,135.7413043478262,0.0752566425120773,0.0,0.075,True,True,True,False,5338.25,0.0,0.0,52.30014191106907,0.0,-6.046002838221381,5384.5041390728475
2025-07-21T17:30:00Z,2025-07-21T17:45:00Z,2025-07-21,2025-07-21_20,100.0,0,100,0,135.7413043478262,108.58152173913055,0.07544384057971014,0.0,0.013,True,True,True,False,5338.25,0.0,0.0,52.30014191106907,0.0,-1.0479738252917061,5389.502168085777
2025-07-21T17:45:00Z,2025-07-21T18:00:00Z,2025-07-21,2025-07-21_20,100.0,0,100,0,108.58152173913055,81.4733695652175,0.07530042270531401,0.0,0.0605,True,True,True,False,5338.25,0.0,0.0,52.30014191106907,0.0,-4.877108956165247,5385.673032954904
2025-07-21T18:00:00Z,2025-07-21T18:15:00Z,2025-07-21,2025-07-21_21,31.865988881907906,0,32,68,81.4733695652175,72.8395084273092,0.023983447615672525,0.0,0.02336,True,True,True,False,1599.1149870663435,633.2781456953643,0.0,16.83065279091769,0.0,-1.8877325764742983,2247.336052976151
2025-07-21T18:15:00Z,2025-07-21T18:30:00Z,2025-07-21,2025-07-21_21,31.865988881907906,0,32,68,72.8395084273092,64.19904284481446,0.02400166315539353,0.0,0.01728,True,True,True,False,1599.1149870663435,633.2781456953643,0.0,16.83065279091769,0.0,-1.4304635761589406,2247.7933219764664
2025-07-21T18:30:00Z,2025-07-21T18:45:00Z,2025-07-21,2025-07-21_21,31.865988881907906,0,32,68,64.19904284481446,55.57213375383927,0.02396427336333463,0.0,0.029759999999999998,True,True,True,False,1599.1149870663435,633.2781456953643,0.0,16.83065279091769,0.0,-2.4635761589403975,2246.7602093936853
2025-07-21T18:45:00Z,2025-07-21T19:00:00Z,2025-07-21,2025-07-21_21,31.865988881907906,0,32,68,55.57213375383927,46.956521739130366,0.023933115203285553,0.0,0.04016,True,True,True,False,1599.1149870663435,633.2781456953643,0.0,16.83065279091769,0.0,-3.3226115105644913,2245.901174042061
2025-07-21T19:00:00Z,2025-07-21T19:15:00Z,2025-07-21,2025-07-21_22,30.97261923594995,61,92,8,46.956521739130366,34.5717339032744,0.03440218843293323,3.65085,0.0,True,True,True,False,1205.9189299517113,74.50331125827815,61.17313150425734,50.618495742667925,660.8127727649007,0.0,2053.0266412218157
2025-07-21T19:15:00Z,2025-07-21T19:30:00Z,2025-07-21,2025-07-21_22,30.97261923594995,61,92,8,34.5717339032744,25.92441734681663,0.02544422817756523,0.589565,0.41998,True,True,True,False,1205.9189299517113,74.50331125827815,61.17313150425734,50.618495742667925,81.64236531358405,-25.783126478240305,1448.0731072922586
2025-07-21T19:30:00Z,2025-07-21T19:45:00Z,2025-07-21,2025-07-21_22,30.97261923594995,61,92,8,25.92441734681663,17.83742172374891,0.023628889429529374,0.005489999999999999,0.34362,True,True,True,False,1205.9189299517113,74.50331125827815,61.17313150425734,50.618495742667925,0.7574503311258277,-25.39466665089877,1367.5766521371418
2025-07-21T19:45:00Z,2025-07-21T20:00:00Z,2025-07-21,2025-07-21_22,30.97261923594995,61,92,8,17.83742172374891,14.551428173913205,0.026950738604594706,0.0012200000000000002,5.256880000000001,True,True,True,False,1205.9189299517113,74.50331125827815,61.17313150425734,50.618495742667925,0.1683222958057395,1846.5526648218229,3238.9348555745432
2025-07-21T20:00:00Z,2025-07-21T20:15:00Z,2025-07-21,2025-07-21_23,22.000000000000057,78,100,0,14.551428173913205,11.526115791304495,0.020708492173913077,0.0,3.0865,True,True,True,False,714.3400000000019,0.0,71.85666982024598,62.94347209082309,0.0,-150.85378252128666,698.2863593897843
2025-07-21T20:15:00Z,2025-07-21T20:30:00Z,2025-07-21,2025-07-21_23,22.000000000000057,78,100,0,11.526115791304495,10.000000000000131,0.02279116386473433,0.0,4.6535,True,True,True,False,714.3400000000019,0.0,71.85666982024598,62.94347209082309,0.0,-261.46770577105013,587.6724361400207
2025-07-21T20:30:00Z,2025-07-21T20:45:00Z,2025-07-21,2025-07-21_23,22.000000000000057,78,100,0,10.000000000000131,10.06588365217403,0.025002756521739153,0.0,6.3175,True,True,True,False,714.3400000000019,0.0,71.85666982024598,62.94347209082309,0.0,-299.1859719922737,549.9541699187972
2025-07-21T20:45:00Z,2025-07-21T21:00:00Z,2025-07-21,2025-07-21_23,22.000000000000057,78,100,0,10.06588365217403,24.631495408695756,0.04514566067632848,0.0,21.473,True,True,True,False,714.3400000000019,0.0,71.85666982024598,62.94347209082309,0.0,1110.712255794702,1959.852397705773
2025-07-21T21:00:00Z,2025-07-21T21:15:00Z,2025-07-22,2025-07-21_24,0.0,74,74,26,24.631495408695756,26.793292800000103,0.006192673913043479,0.03108,2.3865,True,True,True,False,0.0,286.5215076031004,65.65469498846223,40.763268445654106,4.2847405478965745,-104.29658777587125,292.92762380924205
2025-07-21T21:15:00Z,2025-07-21T21:30:00Z,2025-07-22,2025-07-21_24,0.0,74,74,26,26.793292800000103,29.6448236000001,0.00792091888888889,0.0,3.0994900000000003,True,True,True,False,0.0,286.5215076031004,65.65469498846223,40.763268445654106,0.0,-134.93720768593576,258.002263351281
2025-07-21T21:30:00Z,2025-07-21T21:45:00Z,2025-07-22,2025-07-21_24,0.0,74,74,26,29.6448236000001,33.8276588000001,0.011618986666666668,0.0,4.54656,True,True,True,False,0.0,286.5215076031004,65.65469498846223,40.763268445654106,0.0,-181.61670301165617,211.32276802556058
2025-07-21T21:45:00Z,2025-07-21T22:00:00Z,2025-07-22,2025-07-21_24,0.0,74,74,26,33.8276588000001,44.061784800000105,0.02842812777777778,0.0,11.12405,True,True,True,False,0.0,286.5215076031004,65.65469498846223,40.763268445654106,0.0,1260.5106583042423,1653.450129341459
2025-07-21T22:00:00Z,2025-07-21T22:15:00Z,2025-07-22,2025-07-22_1,8.835744481544324,91,100,0,44.061784800000105,47.00796086665716,0.01847554342111576,0.0009100000000000001,5.7215,True,True,True,False,239.4486754498512,0.0,79.31069167504883,55.08549789953258,0.11917243555608152,1321.9065179575175,1695.8705554175062
2025-07-21T22:15:00Z,2025-07-21T22:30:00Z,2025-07-22,2025-07-22_1,8.835744481544324,91,100,0,47.00796086665716,47.094268801141496,0.01220579731368858,0.008645,2.671,True,True,True,False,239.4486754498512,0.0,79.31069167504883,55.08549789953258,1.1321381377827744,-127.52032404394218,247.4566791182732
2025-07-21T22:30:00Z,2025-07-21T22:45:00Z,2025-07-22,2025-07-22_1,8.835744481544324,91,100,0,47.094268801141496,51.71183555714286,0.022159329430857223,0.0,7.5085,True,True,True,False,239.4486754498512,0.0,79.31069167504883,55.08549789953258,0.0,-120.63831410370196,253.20655092073065
2025-07-21T22:45:00Z,2025-07-21T23:00:00Z,2025-07-22,2025-07-22_1,8.835744481544324,91,100,0,51.71183555714286,64.8865881391304,0.041044820079351556,0.0,16.663,True,True,True,False,239.4486754498512,0.0,79.31069167504883,55.08549789953258,0.0,34.20806796442026,408.0529329888529
2025-07-21T23:00:00Z,2025-07-21T23:15:00Z,2025-07-22,2025-07-22_2,0.0,0,0,100,64.8865881391304,64.8865881391304,0.0,0.0,0.0,True,True,True,False,0.0,1102.005798473463,0.0,0.0,0.0,0.0,1102.005798473463
2025-07-21T23:15:00Z,2025-07-21T23:30:00Z,2025-07-22,2025-07-22_2,0.0,0,0,100,64.8865881391304,64.8865881391304,0.0,0.0,0.0,True,True,True,False,0.0,1102.005798473463,0.0,0.0,0.0,0.0,1102.005798473463
2025-07-21T23:30:00Z,2025-07-21T23:45:00Z,2025-07-22,2025-07-22_2,0.0,0,0,100,64.8865881391304,64.8865881391304,0.0,0.0,0.0,True,True,True,False,0.0,1102.005798473463,0.0,0.0,0.0,0.0,1102.005798473463
2025-07-21T23:45:00Z,2025-07-22T00:00:00Z,2025-07-22,2025-07-22_2,0.0,0,0,100,64.8865881391304,64.8865881391304,0.0,0.0,0.0,True,True,True,False,0.0,1102.005798473463,0.0,0.0,0.0,0.0,1102.005798473463
2025-07-22T00:00:00Z,2025-07-22T00:15:00Z,2025-07-22,2025-07-22_3,0.0,0,0,100,64.8865881391304,64.8865881391304,0.0,0.0,0.0,True,True,True,False,0.0,1102.005798473463,0.0,0.0,0.0,0.0,1102.005798473463
2025-07-22T00:15:00Z,2025-07-22T00:30:00Z,2025-07-22,2025-07-22_3,0.0,0,0,100,64.8865881391304,64.8865881391304,0.0,0.0,0.0,True,True,True,False,0.0,1102.005798473463,0.0,0.0,0.0,0.0,1102.005798473463
2025-07-22T00:30:00Z,2025-07-22T00:45:00Z,2025-07-22,2025-07-22_3,0.0,0,0,100,64.8865881391304,64.8865881391304,0.0,0.0,0.0,True,True,True,False,0.0,1102.005798473463,0.0,0.0,0.0,0.0,1102.005798473463
2025-07-22T00:45:00Z,2025-07-22T01:00:00Z,2025-07-22,2025-07-22_3,0.0,0,0,100,64.8865881391304,64.8865881391304,0.0,0.0,0.0,True,True,True,False,0.0,1102.005798473463,0.0,0.0,0.0,0.0,1102.005798473463
2025-07-22T01:00:00Z,2025-07-22T01:15:00Z,2025-07-22,2025-07-22_4,0.0,0,0,100,64.8865881391304,64.8865881391304,0.0,0.0,0.0,True,True,True,False,0.0,1102.005798473463,0.0,0.0,0.0,0.0,1102.005798473463
2025-07-22T01:15:00Z,2025-07-22T01:30:00Z,2025-07-22,2025-07-22_4,0.0,0,0,100,64.8865881391304,64.8865881391304,0.0,0.0,0.0,True,True,True,False,0.0,1102.005798473463,0.0,0.0,0.0,0.0,1102.005798473463
2025-07-22T01:30:00Z,2025-07-22T01:45:00Z,2025-07-22,2025-07-22_4,0.0,0,0,100,64.8865881391304,64.8865881391304,0.0,0.0,0.0,True,True,True,False,0.0,1102.005798473463,0.0,0.0,0.0,0.0,1102.005798473463
2025-07-22T01:45:00Z,2025-07-22T02:00:00Z,2025-07-22,2025-07-22_4,0.0,0,0,100,64.8865881391304,64.8865881391304,0.0,0.0,0.0,True,True,True,False,0.0,1102.005798473463,0.0,0.0,0.0,0.0,1102.005798473463
2025-07-22T02:00:00Z,2025-07-22T02:15:00Z,2025-07-22,2025-07-22_5,0.0,0,0,100,64.8865881391304,64.8865881391304,0.0,0.0,0.0,True,True,True,False,0.0,1102.005798473463,0.0,0.0,0.0,0.0,1102.005798473463
2025-07-22T02:15:00Z,2025-07-22T02:30:00Z,2025-07-22,2025-07-22_5,0.0,0,0,100,64.8865881391304,64.8865881391304,0.0,0.0,0.0,True,True,True,False,0.0,1102.005798473463,0.0,0.0,0.0,0.0,1102.005798473463
2025-07-22T02:30:00Z,2025-07-22T02:45:00Z,2025-07-22,2025-07-22_5,0.0,0,0,100,64.8865881391304,64.8865881391304,0.0,0.0,0.0,True,True,True,False,0.0,1102.005798473463,0.0,0.0,0.0,0.0,1102.005798473463
2025-07-22T02:45:00Z,2025-07-22T03:00:00Z,2025-07-22,2025-07-22_5,0.0,0,0,100,64.8865881391304,64.8865881391304,0.0,0.0,0.0,True,True,True,False,0.0,1102.005798473463,0.0,0.0,0.0,0.0,1102.005798473463
2025-07-22T03:00:00Z,2025-07-22T03:15:00Z,2025-07-22,2025-07-22_6,-58.00000000000002,100,42,0,64.8865881391304,70.93335140869561,0.03547844869565218,7.3660000000000005,0.0,True,True,True,False,-1448.9850000000006,0.0,85.49789953257203,22.539494704455358,1029.5765737727554,0.0,-311.3710319902178
2025-07-22T03:15:00Z,2025-07-22T03:30:00Z,2025-07-22,2025-07-22_6,-58.00000000000002,100,42,0,70.93335140869561,71.99831714782606,0.034401172946859904,12.3975,0.0,True,True,True,False,-1448.9850000000006,0.0,85.49789953257203,22.539494704455358,5597.810021596356,0.0,4256.862415833382
2025-07-22T03:30:00Z,2025-07-22T03:45:00Z,2025-07-22,2025-07-22_6,-58.00000000000002,100,42,0,71.99831714782606,71.98107982608694,0.03416715478260869,13.490499999999999,0.0,True,True,True,False,-1448.9850000000006,0.0,85.49789953257203,22.539494704455358,9463.901174881172,0.0,8122.953569118198
2025-07-22T03:45:00Z,2025-07-22T04:00:00Z,2025-07-22,2025-07-22_6,-58.00000000000002,100,42,0,71.98107982608694,64.34782608695652,0.032520249275362303,21.1825,0.0,True,True,True,False,-1448.9850000000006,0.0,85.49789953257203,22.539494704455358,27643.5614761454,0.0,26302.61387038243
2025-07-22T04:00:00Z,2025-07-22T04:15:00Z,2025-07-22,2025-07-22_7,0.0,0,0,100,64.34782608695652,64.34782608695652,0.0,0.0,0.0,True,False,True,False,0.0,1102.005798473463,0.0,0.0,0.0,0.0,1102.005798473463
2025-07-22T04:15:00Z,2025-07-22T04:30:00Z,2025-07-22,2025-07-22_7,0.0,0,0,100,64.34782608695652,64.34782608695652,0.0,0.0,0.0,True,False,True,False,0.0,1102.005798473463,0.0,0.0,0.0,0.0,1102.005798473463
2025-07-22T04:30:00Z,2025-07-22T04:45:00Z,2025-07-22,2025-07-22_7,0.0,0,0,100,64.34782608695652,64.34782608695652,0.0,0.0,0.0,True,False,True,False,0.0,1102.005798473463,0.0,0.0,0.0,0.0,1102.005798473463
2025-07-22T04:45:00Z,2025-07-22T05:00:00Z,2025-07-22,2025-07-22_7,0.0,0,0,100,64.34782608695652,64.34782608695652,0.0,0.0,0.0,True,False,True,False,0.0,1102.005798473463,0.0,0.0,0.0,0.0,1102.005798473463
2025-07-22T05:00:00Z,2025-07-22T05:15:00Z,2025-07-22,2025-07-22_8,0.0,0,0,100,64.34782608695652,64.34782608695652,0.0,0.0,0.0,True,False,True,False,0.0,1102.005798473463,0.0,0.0,0.0,0.0,1102.005798473463
2025-07-22T05:15:00Z,2025-07-22T05:30:00Z,2025-07-22,2025-07-22_8,0.0,0,0,100,64.34782608695652,64.34782608695652,0.0,0.0,0.0,True,False,True,False,0.0,1102.005798473463,0.0,0.0,0.0,0.0,1102.005798473463
2025-07-22T05:30:00Z,2025-07-22T05:45:00Z,2025-07-22,2025-07-22_8,0.0,0,0,100,64.34782608695652,64.34782608695652,0.0,0.0,0.0,True,False,True,False,0.0,1102.005798473463,0.0,0.0,0.0,0.0,1102.005798473463
2025-07-22T05:45:00Z,2025-07-22T06:00:00Z,2025-07-22,2025-07-22_8,0.0,0,0,100,64.34782608695652,64.34782608695652,0.0,0.0,0.0,True,False,True,False,0.0,1102.005798473463,0.0,0.0,0.0,0.0,1102.005798473463
2025-07-22T06:00:00Z,2025-07-22T06:15:00Z,2025-07-22,2025-07-22_9,0.0,0,0,100,64.34782608695652,64.34782608695652,0.0,0.0,0.0,True,True,True,False,0.0,1102.005798473463,0.0,0.0,0.0,0.0,1102.005798473463
2025-07-22T06:15:00Z,2025-07-22T06:30:00Z,2025-07-22,2025-07-22_9,0.0,0,0,100,64.34782608695652,64.34782608695652,0.0,0.0,0.0,True,True,True,False,0.0,1102.005798473463,0.0,0.0,0.0,0.0,1102.005798473463
2025-07-22T06:30:00Z,2025-07-22T06:45:00Z,2025-07-22,2025-07-22_9,0.0,0,0,100,64.34782608695652,64.34782608695652,0.0,0.0,0.0,True,True,True,False,0.0,1102.005798473463,0.0,0.0,0.0,0.0,1102.005798473463
2025-07-22T06:45:00Z,2025-07-22T07:00:00Z,2025-07-22,2025-07-22_9,0.0,0,0,100,64.34782608695652,64.34782608695652,0.0,0.0,0.0,True,True,True,False,0.0,1102.005798473463,0.0,0.0,0.0,0.0,1102.005798473463
2025-07-22T07:00:00Z,2025-07-22T07:15:00Z,2025-07-22,2025-07-22_10,0.0,9,9,91,64.34782608695652,64.59154788695652,0.0006770050000000001,0.0,0.264915,True,True,True,False,0.0,1002.8252766108515,7.601621205845808,4.598248624341755,0.0,-13.143552153718716,1001.8815942873204
2025-07-22T07:15:00Z,2025-07-22T07:30:00Z,2025-07-22,2025-07-22_10,0.0,9,9,91,64.59154788695652,64.70429268695652,0.00033818,0.0041400000000000005,0.12744,True,True,True,False,0.0,1002.8252766108515,7.601621205845808,4.598248624341755,0.5707472930595824,-5.292166996035738,1010.3037267380629
2025-07-22T07:30:00Z,2025-07-22T07:45:00Z,2025-07-22,2025-07-22_10,0.0,9,9,91,64.70429268695652,64.95579768695652,0.0006986249999999999,0.0,0.273375,True,True,True,False,0.0,1002.8252766108515,7.601621205845808,4.598248624341755,0.0,-11.758527158156323,1003.2666192828827
2025-07-22T07:45:00Z,2025-07-22T08:00:00Z,2025-07-22,2025-07-22_10,0.0,9,9,91,64.95579768695652,64.97782436521739,9.705478260869566e-05,0.00594,0.030959999999999998,True,True,True,False,0.0,1002.8252766108515,7.601621205845808,4.598248624341755,0.8188982900420094,-1.6643160049701202,1014.179728726111
2025-07-22T08:00:00Z,2025-07-22T08:15:00Z,2025-07-22,2025-07-22_11,-0.5408467419382283,9,8,91,64.97782436521739,64.96422965540933,0.0007019020088467741,0.13032,0.00256,True,True,True,False,-11.386176034654552,1002.8252766108515,7.601621205845808,4.087332110526004,17.981656564700316,-0.174948227915508,1020.9347622293535
2025-07-22T08:15:00Z,2025-07-22T08:30:00Z,2025-07-22,2025-07-22_11,-0.5408467419382283,9,8,91,64.96422965540933,65.03129438764458,0.0004884400262660249,0.053235000000000005,0.0,True,True,True,False,-11.386176034654552,1002.8252766108515,7.601621205845808,4.087332110526004,7.266063555410923,0.0,1010.3941174479796
2025-07-22T08:30:00Z,2025-07-22T08:45:00Z,2025-07-22,2025-07-22_11,-0.5408467419382283,9,8,91,65.03129438764458,65.13231152938857,0.00042669724348003905,0.02574,0.004719999999999999,True,True,True,False,-11.386176034654552,1002.8252766108515,7.601621205845808,4.087332110526004,3.548559256848707,-0.24929527641362445,1006.4273178730039
2025-07-22T08:45:00Z,2025-07-22T09:00:00Z,2025-07-22,2025-07-22_11,-0.5408467419382283,9,8,91,65.13231152938857,65.2784597565217,0.0004131187556604018,0.00126,0.02512,True,True,True,False,-11.386176034654552,1002.8252766108515,7.601621205845808,4.087332110526004,0.17370569788769896,-1.385258781531665,1001.9165008089248
2025-07-22T09:00:00Z,2025-07-22T09:15:00Z,2025-07-22,2025-07-22_12,-9.0,9,0,91,65.2784597565217,67.3474247565217,0.0057471250000000005,0.0011250000000000001,0.0,True,True,True,False,-159.885,1002.8252766108515,7.604283770191113,0.0,0.14666291935388442,0.0,850.6912233003965
2025-07-22T09:15:00Z,2025-07-22T09:30:00Z,2025-07-22,2025-07-22_12,-9.0,9,0,91,67.3474247565217,69.4174247565217,0.00575,0.0,0.0,True,True,True,False,-159.885,1002.8252766108515,7.604283770191113,0.0,0.0,0.0,850.5445603810426
2025-07-22T09:30:00Z,2025-07-22T09:45:00Z,2025-07-22,2025-07-22_12,-9.0,9,0,91,69.4174247565217,71.3537027565217,0.00537855,0.14535,0.0,True,True,True,False,-159.885,1002.8252766108515,7.604283770191113,0.0,19.103306668244485,0.0,869.647867049287
2025-07-22T09:45:00Z,2025-07-22T10:00:00Z,2025-07-22,2025-07-22_12,-9.0,9,0,91,71.3537027565217,73.4165819565217,0.005730220000000001,0.0077399999999999995,0.0,True,True,True,False,-159.885,1002.8252766108515,7.604283770191113,0.0,1.0090408851547246,0.0,851.5536012661973
2025-07-22T10:00:00Z,2025-07-22T10:15:00Z,2025-07-22,2025-07-22_13,-9.0,9,0,91,73.4165819565217,75.4860851565217,0.00574862,0.00054,0.0,True,True,True,False,-123.615,1002.8252766108515,7.601621205845808,0.0,0.06390154428732028,0.0,886.8757993609846
2025-07-22T10:15:00Z,2025-07-22T10:30:00Z,2025-07-22,2025-07-22_13,-9.0,9,0,91,75.4860851565217,77.5560851565217,0.00575,0.0,0.0,True,True,True,False,-123.615,1002.8252766108515,7.601621205845808,0.0,0.0,0.0,886.8118978166973
2025-07-22T10:30:00Z,2025-07-22T10:45:00Z,2025-07-22,2025-07-22_13,-9.0,9,0,91,77.5560851565217,79.62608515652171,0.00575,0.0,0.0,True,True,True,False,-123.615,1002.8252766108515,7.601621205845808,0.0,0.0,0.0,886.8118978166973
2025-07-22T10:45:00Z,2025-07-22T11:00:00Z,2025-07-22,2025-07-22_13,-9.0,9,0,91,79.62608515652171,81.69223495652172,0.005739305,0.0041849999999999995,0.0,True,True,True,False,-123.615,1002.8252766108515,7.601621205845808,0.0,0.49523696822673213,0.0,887.307134784924
2025-07-22T11:00:00Z,2025-07-22T11:15:00Z,2025-07-22,2025-07-22_14,-27.0,27,0,73,81.69223495652172,87.89863315652173,0.017239995,0.003915,0.0,True,True,True,False,-297.675,804.464232885628,22.804863617537425,0.0,0.46328619608307203,0.0,530.0573826992485
2025-07-22T11:15:00Z,2025-07-22T11:30:00Z,2025-07-22,2025-07-22_14,-27.0,27,0,73,87.89863315652173,94.10726695652173,0.017246205,0.0014849999999999998,0.0,True,True,True,False,-297.675,804.464232885628,22.804863617537425,0.0,0.17572924679013074,0.0,529.7698257499555
2025-07-22T11:30:00Z,2025-07-22T11:45:00Z,2025-07-22,2025-07-22_14,-27.0,27,0,73,94.10726695652173,100.31726695652172,0.01725,0.0,0.0,True,True,True,False,-297.675,804.464232885628,22.804863617537425,0.0,0.0,0.0,529.5940965031655
2025-07-22T11:45:00Z,2025-07-22T12:00:00Z,2025-07-22,2025-07-22_14,-27.0,27,0,73,100.31726695652172,106.52726695652171,0.01725,0.0,0.0,True,True,True,False,-297.675,804.464232885628,22.804863617537425,0.0,0.0,0.0,529.5940965031655
2025-07-22T12:00:00Z,2025-07-22T12:15:00Z,2025-07-22,2025-07-22_15,0.0,100,100,0,106.52726695652171,112.67700695652171,0.01708261111111111,0.0,6.6845,True,True,True,False,0.0,0.0,84.84705047038638,51.09165138157506,0.0,2085.434009328837,2221.3727111807984
2025-07-22T12:15:00Z,2025-07-22T12:30:00Z,2025-07-22,2025-07-22_15,0.0,100,100,0,112.67700695652171,126.97380695652171,0.03971333333333333,0.0,15.54,True,True,True,False,0.0,0.0,84.84705047038638,51.09165138157506,0.0,14536.63513401574,14672.5738358677
2025-07-22T12:30:00Z,2025-07-22T12:45:00Z,2025-07-22,2025-07-22_15,0.0,100,100,0,126.97380695652171,136.98432695652173,0.027807000000000005,0.0,10.881,True,True,True,False,0.0,0.0,84.84705047038638,51.09165138157506,0.0,5068.887550440803,5204.826252292764
2025-07-22T12:45:00Z,2025-07-22T13:00:00Z,2025-07-22,2025-07-22_15,0.0,100,100,0,136.98432695652173,139.85999999999999,0.008063463768115942,0.0125,3.1404999999999994,True,True,True,False,0.0,0.0,84.84705047038638,51.09165138157506,1.405242293355423,4.198854012583081,141.54279815789994
2025-07-22T13:00:00Z,2025-07-22T13:15:00Z,2025-07-22,2025-07-22_16,-9.0,0,0,91,139.85999999999999,141.92999999999998,0.005750000000000001,0.0,0.0,True,False,True,False,-181.28249999999997,1002.8252766108515,0.0,0.0,0.0,0.0,821.5427766108514
2025-07-22T13:15:00Z,2025-07-22T13:30:00Z,2025-07-22,2025-07-22_16,-9.0,0,0,91,141.92999999999998,143.99999999999997,0.005750000000000001,0.0,0.0,True,False,True,False,-181.28249999999997,1002.8252766108515,0.0,0.0,0.0,0.0,821.5427766108514
2025-07-22T13:30:00Z,2025-07-22T13:45:00Z,2025-07-22,2025-07-22_16,-9.0,0,0,91,143.99999999999997,146.06999999999996,0.005750000000000001,0.0,0.0,True,False,True,False,-181.28249999999997,1002.8252766108515,0.0,0.0,0.0,0.0,821.5427766108514
2025-07-22T13:45:00Z,2025-07-22T14:00:00Z,2025-07-22,2025-07-22_16,-9.0,0,0,91,146.06999999999996,148.13999999999996,0.005750000000000001,0.0,0.0,True,False,True,False,-181.28249999999997,1002.8252766108515,0.0,0.0,0.0,0.0,821.5427766108514
2025-07-22T14:00:00Z,2025-07-22T14:15:00Z,2025-07-22,2025-07-22_17,-10.736174172477847,100,89,0,148.13999999999996,151.8564174762619,0.010727656451999593,0.075,1.4426899999999998,True,True,True,False,-295.2447897431408,0.0,84.61037808413704,49.026093130583995,8.00248506005562,-70.91753352267123,-224.5233669910354
2025-07-22T14:15:00Z,2025-07-22T14:30:00Z,2025-07-22,2025-07-22_17,-10.736174172477847,100,89,0,151.8564174762619,153.37409185076123,0.00935274439858681,0.9530000000000001,0.07298,True,True,True,False,-295.2447897431408,0.0,84.61037808413704,49.026093130583995,97.10232274224407,-5.566115784075894,-70.07211157025161
2025-07-22T14:30:00Z,2025-07-22T14:45:00Z,2025-07-22,2025-07-22_17,-10.736174172477847,100,89,0,153.37409185076123,152.95061191707165,0.01340989346253347,2.706,0.0,True,True,True,False,-295.2447897431408,0.0,84.61037808413704,49.026093130583995,322.7138358677002,0.0,161.10551733928042
2025-07-22T14:45:00Z,2025-07-22T15:00:00Z,2025-07-22,2025-07-22_17,-10.736174172477847,100,89,0,152.95061191707165,143.99999999999997,0.032719364203937715,10.6825,0.0,True,True,True,False,-295.2447897431408,0.0,84.61037808413704,49.026093130583995,8248.559489576553,0.0,8086.951171048134
2025-07-22T15:00:00Z,2025-07-22T15:15:00Z,2025-07-22,2025-07-22_18,0.0,0,0,100,143.99999999999997,143.99999999999997,0.0,0.0,0.0,True,True,True,False,0.0,1102.005798473463,0.0,0.0,0.0,0.0,1102.005798473463
2025-07-22T15:15:00Z,2025-07-22T15:30:00Z,2025-07-22,2025-07-22_18,0.0,0,0,100,143.99999999999997,143.99999999999997,0.0,0.0,0.0,True,True,True,False,0.0,1102.005798473463,0.0,0.0,0.0,0.0,1102.005798473463
2025-07-22T15:30:00Z,2025-07-22T15:45:00Z,2025-07-22,2025-07-22_18,0.0,0,0,100,143.99999999999997,143.99999999999997,0.0,0.0,0.0,True,True,True,False,0.0,1102.005798473463,0.0,0.0,0.0,0.0,1102.005798473463
2025-07-22T15:45:00Z,2025-07-22T16:00:00Z,2025-07-22,2025-07-22_18,0.0,0,0,100,143.99999999999997,143.99999999999997,0.0,0.0,0.0,True,True,True,False,0.0,1102.005798473463,0.0,0.0,0.0,0.0,1102.005798473463
2025-07-22T16:00:00Z,2025-07-22T16:15:00Z,2025-07-22,2025-07-22_19,0.0,0,0,100,143.99999999999997,143.99999999999997,0.0,0.0,0.0,True,False,True,False,0.0,1102.005798473463,0.0,0.0,0.0,0.0,1102.005798473463
2025-07-22T16:15:00Z,2025-07-22T16:30:00Z,2025-07-22,2025-07-22_19,0.0,0,0,100,143.99999999999997,143.99999999999997,0.0,0.0,0.0,True,False,True,False,0.0,1102.005798473463,0.0,0.0,0.0,0.0,1102.005798473463
2025-07-22T16:30:00Z,2025-07-22T16:45:00Z,2025-07-22,2025-07-22_19,0.0,0,0,100,143.99999999999997,143.99999999999997,0.0,0.0,0.0,True,False,True,False,0.0,1102.005798473463,0.0,0.0,0.0,0.0,1102.005798473463
2025-07-22T16:45:00Z,2025-07-22T17:00:00Z,2025-07-22,2025-07-22_19,0.0,0,0,100,143.99999999999997,143.99999999999997,0.0,0.0,0.0,True,False,True,False,0.0,1102.005798473463,0.0,0.0,0.0,0.0,1102.005798473463
2025-07-22T17:00:00Z,2025-07-22T17:15:00Z,2025-07-22,2025-07-22_20,0.0,0,0,100,143.99999999999997,143.99999999999997,0.0,0.0,0.0,True,True,True,False,0.0,1102.005798473463,0.0,0.0,0.0,0.0,1102.005798473463
2025-07-22T17:15:00Z,2025-07-22T17:30:00Z,2025-07-22,2025-07-22_20,0.0,0,0,100,143.99999999999997,143.99999999999997,0.0,0.0,0.0,True,True,True,False,0.0,1102.005798473463,0.0,0.0,0.0,0.0,1102.005798473463
2025-07-22T17:30:00Z,2025-07-22T17:45:00Z,2025-07-22,2025-07-22_20,0.0,0,0,100,143.99999999999997,143.99999999999997,0.0,0.0,0.0,True,True,True,False,0.0,1102.005798473463,0.0,0.0,0.0,0.0,1102.005798473463
2025-07-22T17:45:00Z,2025-07-22T18:00:00Z,2025-07-22,2025-07-22_20,0.0,0,0,100,143.99999999999997,143.99999999999997,0.0,0.0,0.0,True,True,True,False,0.0,1102.005798473463,0.0,0.0,0.0,0.0,1102.005798473463
2025-07-22T18:00:00Z,2025-07-22T18:15:00Z,2025-07-22,2025-07-22_21,100.0,0,100,0,143.99999999999997,116.91304347826085,0.07524154589371981,0.0,0.08,True,True,True,False,5571.75,0.0,0.0,49.16868824329922,0.0,-5.8468019643808065,5615.071886278918
2025-07-22T18:15:00Z,2025-07-22T18:30:00Z,2025-07-22,2025-07-22_21,100.0,0,100,0,116.91304347826085,89.77499999999998,0.0753834541062802,0.0,0.033,True,True,True,False,5571.75,0.0,0.0,49.16868824329922,0.0,-2.5042914620436663,5618.414396781255
2025-07-22T18:30:00Z,2025-07-22T18:45:00Z,2025-07-22,2025-07-22_21,100.0,0,100,0,89.77499999999998,63.126630434782584,0.07402324879227053,0.0,0.4835,True,True,True,False,5571.75,0.0,0.0,49.16868824329922,0.0,-35.30304291659271,5585.615645326707
2025-07-22T18:45:00Z,2025-07-22T19:00:00Z,2025-07-22,2025-07-22_21,100.0,0,100,0,63.126630434782584,40.25326086956519,0.06353713768115943,0.0,3.9565,True,True,True,False,5571.75,0.0,0.0,49.16868824329922,0.0,-162.9271452379544,5457.991543005345
2025-07-22T19:00:00Z,2025-07-22T19:15:00Z,2025-07-22,2025-07-22_22,60.92903613981374,39,100,0,40.25326086956519,26.33761669432808,0.04381670972300835,0.0,2.585,True,True,True,False,2589.484035942084,0.0,36.967043370214775,51.18040352641856,0.0,-127.27287241386112,2550.358610424856
2025-07-22T19:15:00Z,2025-07-22T19:30:00Z,2025-07-22,2025-07-22_22,60.92903613981374,39,100,0,26.33761669432808,19.99295476515042,0.03758367986326888,0.0,9.995,True,True,True,False,2589.484035942084,0.0,36.967043370214775,51.18040352641856,0.0,-194.75100684377648,2482.8804759949408
2025-07-22T19:30:00Z,2025-07-22T19:45:00Z,2025-07-22,2025-07-22_22,60.92903613981374,39,100,0,19.99295476515042,13.622749710986053,0.037604708978855046,0.0,9.97,True,True,True,False,2589.484035942084,0.0,36.967043370214775,51.18040352641856,0.0,-393.46135139932557,2284.1701314393918
2025-07-22T19:45:00Z,2025-07-22T20:00:00Z,2025-07-22,2025-07-22_22,60.92903613981374,39,100,0,13.622749710986053,11.627571104544565,0.034002842061256616,0.0,14.252,True,True,True,False,2589.484035942084,0.0,36.967043370214775,51.18040352641856,0.0,472.7252044257737,3150.356687264491
2025-07-22T20:00:00Z,2025-07-22T20:15:00Z,2025-07-22,2025-07-22_23,11.239726150851357,88,100,0,11.627571104544565,11.515177482637883,0.015317128799494912,0.15004,3.3075,True,True,True,False,406.48469624553934,0.0,77.6853440624815,55.08549789953258,20.71435615249591,-149.99114253594465,409.9787518241047
2025-07-22T20:15:00Z,2025-07-22T20:30:00Z,2025-07-22,2025-07-22_23,11.239726150851357,88,100,0,11.515177482637883,9.999999999999979,0.011771398917661303,0.02376,1.667,True,True,True,False,406.48469624553934,0.0,77.6853440624815,55.08549789953258,3.280279273415774,-88.12023115003058,454.4155863309386
2025-07-22T20:30:00Z,2025-07-22T20:45:00Z,2025-07-22,2025-07-22_23,11.239726150851357,88,100,0,9.999999999999979,9.999999999999977,0.014759945938374937,0.0,3.2535000000000003,True,True,True,False,406.48469624553934,0.0,77.6853440624815,55.08549789953258,0.0,-153.23270812377967,386.0228300837737
2025-07-22T20:45:00Z,2025-07-22T21:00:00Z,2025-07-22,2025-07-22_23,11.239726150851357,88,100,0,9.999999999999977,26.475333749894833,0.0486130956091311,0.0,20.8035,True,True,True,False,406.48469624553934,0.0,77.6853440624815,55.08549789953258,0.0,96.43718596532752,635.692724172881
2025-07-22T21:00:00Z,2025-07-22T21:15:00Z,2025-07-23,2025-07-22_24,0.0,100,100,0,26.475333749894833,30.594633749894832,0.0114425,0.0,4.4775,True,True,True,False,0.0,0.0,87.80199191401243,50.14298392663446,0.0,-71.5667069322552,66.37826890839169
2025-07-22T21:15:00Z,2025-07-22T21:30:00Z,2025-07-23,2025-07-22_24,0.0,100,100,0,30.594633749894832,34.54753983685136,0.01099237198067633,0.002,4.299,True,True,True,False,0.0,0.0,87.80199191401243,50.14298392663446,0.2757124543930579,-168.60338014002565,-30.3826918449857
2025-07-22T21:30:00Z,2025-07-22T21:45:00Z,2025-07-23,2025-07-22_24,0.0,100,100,0,34.54753983685136,44.53413983685136,0.02774055555555556,0.0,10.855,True,True,True,False,0.0,0.0,87.80199191401243,50.14298392663446,0.0,5750.707330638004,5888.652306478652
2025-07-22T21:45:00Z,2025-07-22T22:00:00Z,2025-07-23,2025-07-22_24,0.0,100,100,0,44.53413983685136,66.35515983685136,0.06061394444444445,0.0,23.7185,True,True,True,False,0.0,0.0,87.80199191401243,50.14298392663446,0.0,15027.72444896953,15165.669424810176
2025-07-22T22:00:00Z,2025-07-22T22:15:00Z,2025-07-23,2025-07-23_1,0.0,0,0,100,66.35515983685136,66.35515983685136,0.0,0.0,0.0,True,True,True,False,0.0,1101.9623311310522,0.0,0.0,0.0,0.0,1101.9623311310522
2025-07-22T22:15:00Z,2025-07-22T22:30:00Z,2025-07-23,2025-07-23_1,0.0,0,0,100,66.35515983685136,66.35515983685136,0.0,0.0,0.0,True,True,True,False,0.0,1101.9623311310522,0.0,0.0,0.0,0.0,1101.9623311310522
2025-07-22T22:30:00Z,2025-07-22T22:45:00Z,2025-07-23,2025-07-23_1,0.0,0,0,100,66.35515983685136,66.35515983685136,0.0,0.0,0.0,True,True,True,False,0.0,1101.9623311310522,0.0,0.0,0.0,0.0,1101.9623311310522
2025-07-22T22:45:00Z,2025-07-22T23:00:00Z,2025-07-23,2025-07-23_1,0.0,0,0,100,66.35515983685136,66.35515983685136,0.0,0.0,0.0,True,True,True,False,0.0,1101.9623311310522,0.0,0.0,0.0,0.0,1101.9623311310522
2025-07-22T23:00:00Z,2025-07-22T23:15:00Z,2025-07-23,2025-07-23_2,-6.3167477292781555,100,93,0,66.35515983685136,57.87752900435868,0.031054331680093236,9.652,0.49894499999999997,True,True,True,False,-180.58002571073925,0.0,82.26999309732767,46.63297505177004,9501.382733852677,-23.077128764421655,9426.628547526614
2025-07-22T23:15:00Z,2025-07-22T23:30:00Z,2025-07-23,2025-07-23_2,-6.3167477292781555,100,93,0,57.87752900435868,54.60930053148855,0.01577650115334484,4.3935,0.008834999999999999,True,True,True,False,-180.58002571073925,0.0,82.26999309732767,46.63297505177004,1159.7886869145054,-0.6217728172764027,1107.4898565355875
2025-07-22T23:30:00Z,2025-07-22T23:45:00Z,2025-07-23,2025-07-23_2,-6.3167477292781555,100,93,0,54.60930053148855,57.345980309222526,0.007601888271483266,0.0,1.395465,True,True,True,False,-180.58002571073925,0.0,82.26999309732767,46.63297505177004,0.0,-79.3935782792624,-131.07063584090395
2025-07-22T23:45:00Z,2025-07-23T00:00:00Z,2025-07-23,2025-07-23_2,-6.3167477292781555,100,93,0,57.345980309222526,64.3478260869565,0.0194495716048166,0.0,6.031515,True,True,True,False,-180.58002571073925,0.0,82.26999309732767,46.63297505177004,0.0,-139.28332962528347,-190.960387186925
2025-07-23T00:00:00Z,2025-07-23T00:15:00Z,2025-07-23,2025-07-23_3,0.0,0,0,100,64.3478260869565,64.3478260869565,0.0,0.0,0.0,True,True,True,False,0.0,1101.9623311310522,0.0,0.0,0.0,0.0,1101.9623311310522
2025-07-23T00:15:00Z,2025-07-23T00:30:00Z,2025-07-23,2025-07-23_3,0.0,0,0,100,64.3478260869565,64.3478260869565,0.0,0.0,0.0,True,True,True,False,0.0,1101.9623311310522,0.0,0.0,0.0,0.0,1101.9623311310522
2025-07-23T00:30:00Z,2025-07-23T00:45:00Z,2025-07-23,2025-07-23_3,0.0,0,0,100,64.3478260869565,64.3478260869565,0.0,0.0,0.0,True,True,True,False,0.0,1101.9623311310522,0.0,0.0,0.0,0.0,1101.9623311310522
2025-07-23T00:45:00Z,2025-07-23T01:00:00Z,2025-07-23,2025-07-23_3,0.0,0,0,100,64.3478260869565,64.3478260869565,0.0,0.0,0.0,True,True,True,False,0.0,1101.9623311310522,0.0,0.0,0.0,0.0,1101.9623311310522
2025-07-23T01:00:00Z,2025-07-23T01:15:00Z,2025-07-23,2025-07-23_4,0.0,0,0,100,64.3478260869565,64.3478260869565,0.0,0.0,0.0,True,True,True,False,0.0,1101.9623311310522,0.0,0.0,0.0,0.0,1101.9623311310522
2025-07-23T01:15:00Z,2025-07-23T01:30:00Z,2025-07-23,2025-07-23_4,0.0,0,0,100,64.3478260869565,64.3478260869565,0.0,0.0,0.0,True,True,True,False,0.0,1101.9623311310522,0.0,0.0,0.0,0.0,1101.9623311310522
2025-07-23T01:30:00Z,2025-07-23T01:45:00Z,2025-07-23,2025-07-23_4,0.0,0,0,100,64.3478260869565,64.3478260869565,0.0,0.0,0.0,True,True,True,False,0.0,1101.9623311310522,0.0,0.0,0.0,0.0,1101.9623311310522
2025-07-23T01:45:00Z,2025-07-23T02:00:00Z,2025-07-23,2025-07-23_4,0.0,0,0,100,64.3478260869565,64.3478260869565,0.0,0.0,0.0,True,True,True,False,0.0,1101.9623311310522,0.0,0.0,0.0,0.0,1101.9623311310522
2025-07-23T02:00:00Z,2025-07-23T02:15:00Z,2025-07-23,2025-07-23_5,0.0,0,0,100,64.3478260869565,64.3478260869565,0.0,0.0,0.0,True,True,True,False,0.0,1101.9623311310522,0.0,0.0,0.0,0.0,1101.9623311310522
2025-07-23T02:15:00Z,2025-07-23T02:30:00Z,2025-07-23,2025-07-23_5,0.0,0,0,100,64.3478260869565,64.3478260869565,0.0,0.0,0.0,True,True,True,False,0.0,1101.9623311310522,0.0,0.0,0.0,0.0,1101.9623311310522
2025-07-23T02:30:00Z,2025-07-23T02:45:00Z,2025-07-23,2025-07-23_5,0.0,0,0,100,64.3478260869565,64.3478260869565,0.0,0.0,0.0,True,True,True,False,0.0,1101.9623311310522,0.0,0.0,0.0,0.0,1101.9623311310522
2025-07-23T02:45:00Z,2025-07-23T03:00:00Z,2025-07-23,2025-07-23_5,0.0,0,0,100,64.3478260869565,64.3478260869565,0.0,0.0,0.0,True,True,True,False,0.0,1101.9623311310522,0.0,0.0,0.0,0.0,1101.9623311310522
2025-07-23T03:00:00Z,2025-07-23T03:15:00Z,2025-07-23,2025-07-23_6,0.0,0,0,100,64.3478260869565,64.3478260869565,0.0,0.0,0.0,True,True,True,False,0.0,1101.9623311310522,0.0,0.0,0.0,0.0,1101.9623311310522
2025-07-23T03:15:00Z,2025-07-23T03:30:00Z,2025-07-23,2025-07-23_6,0.0,0,0,100,64.3478260869565,64.3478260869565,0.0,0.0,0.0,True,True,True,False,0.0,1101.9623311310522,0.0,0.0,0.0,0.0,1101.9623311310522
2025-07-23T03:30:00Z,2025-07-23T03:45:00Z,2025-07-23,2025-07-23_6,0.0,0,0,100,64.3478260869565,64.3478260869565,0.0,0.0,0.0,True,True,True,False,0.0,1101.9623311310522,0.0,0.0,0.0,0.0,1101.9623311310522
2025-07-23T03:45:00Z,2025-07-23T04:00:00Z,2025-07-23,2025-07-23_6,0.0,0,0,100,64.3478260869565,64.3478260869565,0.0,0.0,0.0,True,True,True,False,0.0,1101.9623311310522,0.0,0.0,0.0,0.0,1101.9623311310522
2025-07-23T04:00:00Z,2025-07-23T04:15:00Z,2025-07-23,2025-07-23_7,0.0,0,0,100,64.3478260869565,64.3478260869565,0.0,0.0,0.0,True,True,True,False,0.0,1101.9623311310522,0.0,0.0,0.0,0.0,1101.9623311310522
2025-07-23T04:15:00Z,2025-07-23T04:30:00Z,2025-07-23,2025-07-23_7,0.0,0,0,100,64.3478260869565,64.3478260869565,0.0,0.0,0.0,True,True,True,False,0.0,1101.9623311310522,0.0,0.0,0.0,0.0,1101.9623311310522
2025-07-23T04:30:00Z,2025-07-23T04:45:00Z,2025-07-23,2025-07-23_7,0.0,0,0,100,64.3478260869565,64.3478260869565,0.0,0.0,0.0,True,True,True,False,0.0,1101.9623311310522,0.0,0.0,0.0,0.0,1101.9623311310522
2025-07-23T04:45:00Z,2025-07-23T05:00:00Z,2025-07-23,2025-07-23_7,0.0,0,0,100,64.3478260869565,64.3478260869565,0.0,0.0,0.0,True,True,True,False,0.0,1101.9623311310522,0.0,0.0,0.0,0.0,1101.9623311310522
2025-07-23T05:00:00Z,2025-07-23T05:15:00Z,2025-07-23,2025-07-23_8,0.0,0,0,100,64.3478260869565,64.3478260869565,0.0,0.0,0.0,True,True,True,False,0.0,1101.9623311310522,0.0,0.0,0.0,0.0,1101.9623311310522
2025-07-23T05:15:00Z,2025-07-23T05:30:00Z,2025-07-23,2025-07-23_8,0.0,0,0,100,64.3478260869565,64.3478260869565,0.0,0.0,0.0,True,True,True,False,0.0,1101.9623311310522,0.0,0.0,0.0,0.0,1101.9623311310522
2025-07-23T05:30:00Z,2025-07-23T05:45:00Z,2025-07-23,2025-07-23_8,0.0,0,0,100,64.3478260869565,64.3478260869565,0.0,0.0,0.0,True,True,True,False,0.0,1101.9623311310522,0.0,0.0,0.0,0.0,1101.9623311310522
2025-07-23T05:45:00Z,2025-07-23T06:00:00Z,2025-07-23,2025-07-23_8,0.0,0,0,100,64.3478260869565,64.3478260869565,0.0,0.0,0.0,True,True,True,False,0.0,1101.9623311310522,0.0,0.0,0.0,0.0,1101.9623311310522
2025-07-23T06:00:00Z,2025-07-23T06:15:00Z,2025-07-23,2025-07-23_9,0.0,0,0,100,64.3478260869565,64.3478260869565,0.0,0.0,0.0,True,True,True,False,0.0,1101.9623311310522,0.0,0.0,0.0,0.0,1101.9623311310522
2025-07-23T06:15:00Z,2025-07-23T06:30:00Z,2025-07-23,2025-07-23_9,0.0,0,0,100,64.3478260869565,64.3478260869565,0.0,0.0,0.0,True,True,True,False,0.0,1101.9623311310522,0.0,0.0,0.0,0.0,1101.9623311310522
2025-07-23T06:30:00Z,2025-07-23T06:45:00Z,2025-07-23,2025-07-23_9,0.0,0,0,100,64.3478260869565,64.3478260869565,0.0,0.0,0.0,True,True,True,False,0.0,1101.9623311310522,0.0,0.0,0.0,0.0,1101.9623311310522
2025-07-23T06:45:00Z,2025-07-23T07:00:00Z,2025-07-23,2025-07-23_9,0.0,0,0,100,64.3478260869565,64.3478260869565,0.0,0.0,0.0,True,True,True,False,0.0,1101.9623311310522,0.0,0.0,0.0,0.0,1101.9623311310522
2025-07-23T07:00:00Z,2025-07-23T07:15:00Z,2025-07-23,2025-07-23_10,37.965665998189,62,100,0,64.3478260869565,59.8517316760774,0.031256191425785375,0.0,5.919,True,True,True,False,806.8653166265118,0.0,50.51217828616507,48.427176807021006,0.0,-191.1660147914407,714.6386569282572
2025-07-23T07:15:00Z,2025-07-23T07:30:00Z,2025-07-23,2025-07-23_10,37.965665998189,62,100,0,59.8517316760774,58.16271304580379,0.03250936125163212,0.0,8.7735,True,True,True,False,806.8653166265118,0.0,50.51217828616507,48.427176807021006,0.0,4.768714327975545,910.5733860476735
2025-07-23T07:30:00Z,2025-07-23T07:45:00Z,2025-07-23,2025-07-23_10,37.965665998189,62,100,0,58.16271304580379,61.56025930436603,0.03478016907233356,0.0,13.946,True,True,True,False,806.8653166265118,0.0,50.51217828616507,48.427176807021006,0.0,445.9667034809191,1351.771375200617
2025-07-23T07:45:00Z,2025-07-23T08:00:00Z,2025-07-23,2025-07-23_10,37.965665998189,62,100,0,61.56025930436603,69.4381128869565,0.03678032381977016,0.0,18.502,True,True,True,False,806.8653166265118,0.0,50.51217828616507,48.427176807021006,0.0,3394.4246117739863,4300.229283493684
2025-07-23T08:00:00Z,2025-07-23T08:15:00Z,2025-07-23,2025-07-23_11,0.0,100,100,0,69.4381128869565,82.5665128869565,0.03646777777777778,0.0,14.27,True,True,True,False,0.0,0.0,81.26417513065772,48.427176807021006,0.0,8024.178179666698,8153.869531604377
2025-07-23T08:15:00Z,2025-07-23T08:30:00Z,2025-07-23,2025-07-23_11,0.0,100,100,0,82.5665128869565,82.82802332173911,0.0011340265700483091,0.0675,0.364,True,True,True,False,0.0,0.0,81.26417513065772,48.427176807021006,8.866189231831182,-16.635313282713735,121.92222788679618
2025-07-23T08:30:00Z,2025-07-23T08:45:00Z,2025-07-23,2025-07-23_11,0.0,100,100,0,82.82802332173911,82.63785549565215,0.0006764661835748792,0.1995,0.029,True,True,True,False,0.0,0.0,81.26417513065772,48.427176807021006,26.23252864609013,-2.2305492554974853,153.69333132827137
2025-07-23T08:45:00Z,2025-07-23T09:00:00Z,2025-07-23,2025-07-23_11,0.0,100,100,0,82.63785549565215,89.2001781043478,0.018313214975845413,0.014000000000000002,7.149500000000001,True,True,True,False,0.0,0.0,81.26417513065772,48.427176807021006,1.8333497682674293,3015.999055517208,3147.523757223154
2025-07-23T09:00:00Z,2025-07-23T09:15:00Z,2025-07-23,2025-07-23_12,0.0,9,9,91,89.2001781043478,89.50501459999997,0.0008614419565217392,0.00243,0.33421500000000004,True,True,True,False,0.0,1002.7857213292575,7.300463465141505,4.350458534661275,0.30192288728922195,40.28640331328272,1055.0249695296322
2025-07-23T09:15:00Z,2025-07-23T09:30:00Z,2025-07-23,2025-07-23_12,0.0,9,9,91,89.50501459999997,89.70895099999997,0.00056649,0.0,0.22166999999999998,True,True,True,False,0.0,1002.7857213292575,7.300463465141505,4.350458534661275,0.0,-8.315040396410609,1006.1216029326497
2025-07-23T09:30:00Z,2025-07-23T09:45:00Z,2025-07-23,2025-07-23_12,0.0,9,9,91,89.70895099999997,90.03791539999997,0.0009137899999999999,0.0,0.35757,True,True,True,False,0.0,1002.7857213292575,7.300463465141505,4.350458534661275,0.0,-12.731974292476085,1001.7046690365842
2025-07-23T09:45:00Z,2025-07-23T10:00:00Z,2025-07-23,2025-07-23_12,0.0,9,9,91,90.03791539999997,90.53140339999997,0.0013708000000000001,0.0,0.5364,True,True,True,False,0.0,1002.7857213292575,7.300463465141505,4.350458534661275,0.0,39.05812917858199,1053.4947725076422
2025-07-23T10:00:00Z,2025-07-23T10:15:00Z,2025-07-23,2025-07-23_13,0.0,100,100,0,90.53140339999997,111.84734339999997,0.05921094444444445,0.0,23.1695,True,True,True,False,0.0,0.0,81.26417513065772,48.63425697662953,0.0,20880.935550537422,21010.833982644708
2025-07-23T10:15:00Z,2025-07-23T10:30:00Z,2025-07-23,2025-07-23_13,0.0,100,100,0,111.84734339999997,126.72604339999997,0.041329722222222226,0.0,16.1725,True,True,True,False,0.0,0.0,81.26417513065772,48.63425697662953,0.0,10436.115366334681,10566.013798441969
2025-07-23T10:30:00Z,2025-07-23T10:45:00Z,2025-07-23,2025-07-23_13,0.0,100,100,0,126.72604339999997,137.84746339999998,0.030892833333333335,0.0,12.0885,True,True,True,False,0.0,0.0,81.26417513065772,48.63425697662953,0.0,1970.0929202248299,2099.991352332117
2025-07-23T10:45:00Z,2025-07-23T11:00:00Z,2025-07-23,2025-07-23_13,0.0,100,100,0,137.84746339999998,145.85284339999998,0.02223716666666667,0.0,8.7015,True,True,True,False,0.0,0.0,81.26417513065772,48.63425697662953,0.0,1837.06932915886,1966.9677612661471
2025-07-23T11:00:00Z,2025-07-23T11:15:00Z,2025-07-23,2025-07-23_14,0.0,9,9,91,145.85284339999998,146.4319052,0.0016085049999999999,0.0,0.629415,True,True,True,False,0.0,1002.7857213292575,7.313775761759195,4.35844591263189,0.0,100.05284118430133,1114.5107841879499
2025-07-23T11:15:00Z,2025-07-23T11:30:00Z,2025-07-23,2025-07-23_14,0.0,9,9,91,146.4319052,146.52849139999998,0.00026829500000000005,0.0,0.10498500000000002,True,True,True,False,0.0,1002.7857213292575,7.313775761759195,4.35844591263189,0.0,-4.094135481707919,1010.3638075219407
2025-07-23T11:30:00Z,2025-07-23T11:45:00Z,2025-07-23,2025-07-23_14,0.0,9,9,91,146.52849139999998,146.96430919999997,0.001210605,0.0,0.47371499999999994,True,True,True,False,0.0,1002.7857213292575,7.313775761759195,4.35844591263189,0.0,-14.17510740360911,1000.2828356000394
2025-07-23T11:45:00Z,2025-07-23T12:00:00Z,2025-07-23,2025-07-23_14,0.0,9,9,91,146.96430919999997,147.77831599999996,0.00226113,0.0,0.88479,True,True,True,False,0.0,1002.7857213292575,7.313775761759195,4.35844591263189,0.0,-12.874955245044866,1001.5829877586037
2025-07-23T12:00:00Z,2025-07-23T12:15:00Z,2025-07-23,2025-07-23_15,47.000000000000014,53,100,0,147.77831599999996,148.34363408695648,0.03461365531400966,0.0,13.3575,True,True,True,False,1057.5000000000002,0.0,43.16408638201361,48.427176807021006,0.0,5126.210975742037,6275.302238931072
2025-07-23T12:15:00Z,2025-07-23T12:30:00Z,2025-07-23,2025-07-23_15,47.000000000000014,53,100,0,148.34363408695648,139.07103154782604,0.03525053038647344,0.0,3.5045,True,True,True,False,1057.5000000000002,0.0,43.16408638201361,48.427176807021006,0.0,-115.38689793905927,1033.7043652499756
2025-07-23T12:30:00Z,2025-07-23T12:45:00Z,2025-07-23,2025-07-23_15,47.000000000000014,53,100,0,139.07103154782604,144.633190573913,0.03429017603864734,0.0,18.362,True,True,True,False,1057.5000000000002,0.0,43.16408638201361,48.427176807021006,0.0,15645.854428951778,16794.945692140813
2025-07-23T12:45:00Z,2025-07-23T13:00:00Z,2025-07-23,2025-07-23_15,47.000000000000014,53,100,0,144.633190573913,148.13999999999996,0.034423232705314014,0.0,16.3035,True,True,True,False,1057.5000000000002,0.0,43.16408638201361,48.427176807021006,0.0,12002.202304407847,13151.293567596882
2025-07-23T13:00:00Z,2025-07-23T13:15:00Z,2025-07-23,2025-07-23_16,0.0,0,0,91,148.13999999999996,148.13999999999996,0.0,0.0,0.0,True,False,True,False,0.0,1002.7857213292575,0.0,0.0,0.0,0.0,1002.7857213292575
2025-07-23T13:15:00Z,2025-07-23T13:30:00Z,2025-07-23,2025-07-23_16,0.0,0,0,91,148.13999999999996,148.13999999999996,0.0,0.0,0.0,True,False,True,False,0.0,1002.7857213292575,0.0,0.0,0.0,0.0,1002.7857213292575
2025-07-23T13:30:00Z,2025-07-23T13:45:00Z,2025-07-23,2025-07-23_16,0.0,0,0,91,148.13999999999996,148.13999999999996,0.0,0.0,0.0,True,False,True,False,0.0,1002.7857213292575,0.0,0.0,0.0,0.0,1002.7857213292575
2025-07-23T13:45:00Z,2025-07-23T14:00:00Z,2025-07-23,2025-07-23_16,0.0,0,0,91,148.13999999999996,148.13999999999996,0.0,0.0,0.0,True,False,True,False,0.0,1002.7857213292575,0.0,0.0,0.0,0.0,1002.7857213292575
2025-07-23T14:00:00Z,2025-07-23T14:15:00Z,2025-07-23,2025-07-23_17,-79.69524794272833,100,20,0,148.13999999999996,166.2945878044087,0.050684446100888556,0.208,0.0251,True,True,True,False,-2336.266193441081,0.0,81.56000394438419,10.02859678532689,25.136392860664625,-1.5773571639877724,-2221.118557014693
2025-07-23T14:15:00Z,2025-07-23T14:30:00Z,2025-07-23,2025-07-23_17,-79.69524794272833,100,20,0,166.2945878044087,181.59279933864931,0.04639229377953536,3.1785,0.00030000000000000003,True,True,True,False,-2336.266193441081,0.0,81.56000394438419,10.02859678532689,654.663806725175,-0.023074647470663644,-1590.0368606336658
2025-07-23T14:30:00Z,2025-07-23T14:45:00Z,2025-07-23,2025-07-23_17,-79.69524794272833,100,20,0,181.59279933864931,184.32214705274671,0.027634303283159984,16.3545,0.0,True,True,True,False,-2336.266193441081,0.0,81.56000394438419,10.02859678532689,15680.29980840154,0.0,13435.62221569017
2025-07-23T14:45:00Z,2025-07-23T15:00:00Z,2025-07-23,2025-07-23_17,-79.69524794272833,100,20,0,184.32214705274671,190.00000000000006,0.03203462043993212,13.2635,0.0,True,True,True,False,-2336.266193441081,0.0,81.56000394438419,10.02859678532689,9714.39091056109,0.0,7469.713317849719
2025-07-23T15:00:00Z,2025-07-23T15:15:00Z,2025-07-23,2025-07-23_18,0.0,0,0,0,190.00000000000006,190.00000000000006,0.0,0.0,0.0,True,False,True,False,0.0,0.0,0.0,0.0,0.0,0.0,0.0
2025-07-23T15:15:00Z,2025-07-23T15:30:00Z,2025-07-23,2025-07-23_18,0.0,0,0,0,190.00000000000006,190.00000000000006,0.0,0.0,0.0,True,False,True,False,0.0,0.0,0.0,0.0,0.0,0.0,0.0
2025-07-23T15:30:00Z,2025-07-23T15:45:00Z,2025-07-23,2025-07-23_18,0.0,0,0,0,190.00000000000006,190.00000000000006,0.0,0.0,0.0,True,False,True,False,0.0,0.0,0.0,0.0,0.0,0.0,0.0
2025-07-23T15:45:00Z,2025-07-23T16:00:00Z,2025-07-23,2025-07-23_18,0.0,0,0,0,190.00000000000006,190.00000000000006,0.0,0.0,0.0,True,False,True,False,0.0,0.0,0.0,0.0,0.0,0.0,0.0
2025-07-23T16:00:00Z,2025-07-23T16:15:00Z,2025-07-23,2025-07-23_19,-0.8547727191321081,100,99,0,190.00000000000006,183.18733424148658,0.019734185245226132,6.457,0.0,True,True,True,False,-60.51790851455325,0.0,82.62498767379942,49.26082240410216,4275.737404989646,0.0,4347.105306552994
2025-07-23T16:15:00Z,2025-07-23T16:30:00Z,2025-07-23,2025-07-23_19,-0.8547727191321081,100,99,0,183.18733424148658,169.26825011570628,0.03918823026333766,13.0035,0.0,True,True,True,False,-60.51790851455325,0.0,82.62498767379942,49.26082240410216,12495.421031555074,0.0,12566.788933118421
2025-07-23T16:30:00Z,2025-07-23T16:45:00Z,2025-07-23,2025-07-23_19,-0.8547727191321081,100,99,0,169.26825011570628,149.02378604246337,0.05650415790719864,18.8305,0.0,True,True,True,False,-60.51790851455325,0.0,82.62498767379942,49.26082240410216,24135.572330144958,0.0,24206.940231708308
2025-07-23T16:45:00Z,2025-07-23T17:00:00Z,2025-07-23,2025-07-23_19,-0.8547727191321081,100,99,0,149.02378604246337,129.78180839130417,0.05375981962350109,17.907,0.0,True,True,True,False,-60.51790851455325,0.0,82.62498767379942,49.26082240410216,22655.831864510405,0.0,22727.199766073754
2025-07-23T17:00:00Z,2025-07-23T17:15:00Z,2025-07-23,2025-07-23_20,0.0,0,0,100,129.78180839130417,129.78180839130417,0.0,0.0,0.0,True,True,True,False,0.0,1101.9623311310522,0.0,0.0,0.0,0.0,1101.9623311310522
2025-07-23T17:15:00Z,2025-07-23T17:30:00Z,2025-07-23,2025-07-23_20,0.0,0,0,100,129.78180839130417,129.78180839130417,0.0,0.0,0.0,True,True,True,False,0.0,1101.9623311310522,0.0,0.0,0.0,0.0,1101.9623311310522
2025-07-23T17:30:00Z,2025-07-23T17:45:00Z,2025-07-23,2025-07-23_20,0.0,0,0,100,129.78180839130417,129.78180839130417,0.0,0.0,0.0,True,True,True,False,0.0,1101.9623311310522,0.0,0.0,0.0,0.0,1101.9623311310522
2025-07-23T17:45:00Z,2025-07-23T18:00:00Z,2025-07-23,2025-07-23_20,0.0,0,0,100,129.78180839130417,129.78180839130417,0.0,0.0,0.0,True,True,True,False,0.0,1101.9623311310522,0.0,0.0,0.0,0.0,1101.9623311310522
2025-07-23T18:00:00Z,2025-07-23T18:15:00Z,2025-07-23,2025-07-23_21,89.0,0,89,11,129.78180839130417,105.59702578260853,0.06717995169082125,0.0,0.0,True,True,True,False,7289.545,121.21585642441573,0.0,41.783749137165955,0.0,0.0,7452.544605561582
2025-07-23T18:15:00Z,2025-07-23T18:30:00Z,2025-07-23,2025-07-23_21,89.0,0,89,11,105.59702578260853,81.41224317391287,0.06717995169082125,0.0,0.0,True,True,True,False,7289.545,121.21585642441573,0.0,41.783749137165955,0.0,0.0,7452.544605561582
2025-07-23T18:30:00Z,2025-07-23T18:45:00Z,2025-07-23,2025-07-23_21,89.0,0,89,11,81.41224317391287,57.22842795652157,0.06717726449275362,0.0,0.0008900000000000001,True,True,True,False,7289.545,121.21585642441573,0.0,41.783749137165955,0.0,-0.08776254807218223,7452.45684301351
2025-07-23T18:45:00Z,2025-07-23T19:00:00Z,2025-07-23,2025-07-23_21,89.0,0,89,11,57.22842795652157,33.09249860869548,0.06704424818840579,0.0,0.044945,True,True,True,False,7289.545,121.21585642441573,0.0,41.783749137165955,0.0,-4.432008677645202,7448.112596883937
2025-07-23T19:00:00Z,2025-07-23T19:15:00Z,2025-07-23,2025-07-23_22,-3.4861002973229915e-14,80,80,20,33.09249860869548,26.487715999999836,0.01834661835748793,6.0764000000000005,0.0,True,True,True,False,-2.0037232983938226e-12,220.39246622621044,74.3358643131841,38.78907405581304,1829.8502477467707,0.0,2163.3676523419763
2025-07-23T19:15:00Z,2025-07-23T19:30:00Z,2025-07-23,2025-07-23_22,-3.4861002973229915e-14,80,80,20,26.487715999999836,20.94719008695637,0.015566171980676339,5.1264,0.0344,True,True,True,False,-2.0037232983938226e-12,220.39246622621044,74.3358643131841,38.78907405581304,1447.8265909870822,-3.3921703973967063,1777.951825184891
2025-07-23T19:30:00Z,2025-07-23T19:45:00Z,2025-07-23,2025-07-23_22,-3.4861002973229915e-14,80,80,20,20.94719008695637,21.093858608695506,0.0004798763285024376,0.011999999999999999,0.1736,True,True,True,False,-2.0037232983938226e-12,220.39246622621044,74.3358643131841,38.78907405581304,1.6566413568681588,-17.11862735430431,318.05541859776946
2025-07-23T19:45:00Z,2025-07-23T20:00:00Z,2025-07-23,2025-07-23_22,-3.4861002973229915e-14,80,80,20,21.093858608695506,26.951682608695513,0.016271733333333354,0.0,6.3671999999999995,True,True,True,False,-2.0037232983938226e-12,220.39246622621044,74.3358643131841,38.78907405581304,0.0,-100.8191275811064,232.69827701409918
2025-07-23T20:00:00Z,2025-07-23T20:15:00Z,2025-07-23,2025-07-23_23,0.0,100,100,0,26.951682608695513,20.8840469565216,0.01937432125603865,5.9995,0.49300000000000005,True,True,True,False,0.0,0.0,87.26950004930481,49.72882358741741,4166.408711566906,-32.3814611971206,4271.025574006508
2025-07-23T20:15:00Z,2025-07-23T20:30:00Z,2025-07-23,2025-07-23_23,0.0,100,100,0,20.8840469565216,16.51176434782595,0.012145229468599035,4.0225,0.0,True,True,True,False,0.0,0.0,87.26950004930481,49.72882358741741,619.3388630312592,0.0,756.3371866679814
2025-07-23T20:30:00Z,2025-07-23T20:45:00Z,2025-07-23,2025-07-23_23,0.0,100,100,0,16.51176434782595,9.999999999999861,0.01936345652173913,6.202,0.24949999999999997,True,True,True,False,0.0,0.0,87.26950004930481,49.72882358741741,4130.931971205996,-20.674473917759588,4247.255820924958
2025-07-23T20:45:00Z,2025-07-23T21:00:00Z,2025-07-23,2025-07-23_23,0.0,100,100,0,9.999999999999861,12.31655999999986,0.006434888888888888,0.0,2.518,True,True,True,False,0.0,0.0,87.26950004930481,49.72882358741741,0.0,-175.78823192978996,-38.78990829306774
2025-07-23T21:00:00Z,2025-07-23T21:15:00Z,2025-07-24,2025-07-23_24,-84.38737594817981,100,15,0,12.31655999999986,18.513606074759252,0.030388582605016142,13.974,0.009,True,True,True,False,-2925.4993556835234,0.0,85.18927662596414,6.489061606138914,17461.829686939025,-0.7456650819639792,14627.26300440564
2025-07-23T21:15:00Z,2025-07-23T21:30:00Z,2025-07-24,2025-07-23_24,-84.38737594817981,100,15,0,18.513606074759252,31.690668698072102,0.04281547505204471,6.589499999999999,0.00225,True,True,True,False,-2925.4993556835234,0.0,85.18927662596414,6.489061606138914,5898.890034718797,-0.1864162704909948,3064.882600996886
2025-07-23T21:30:00Z,2025-07-23T21:45:00Z,2025-07-24,2025-07-23_24,-84.38737594817981,100,15,0,31.690668698072102,51.01785607268806,0.053787510266055494,0.107,0.021000000000000005,True,True,True,False,-2925.4993556835234,0.0,85.18927662596414,6.489061606138914,14.754108062257117,-1.4201232911841875,-2820.4870326803475
2025-07-23T21:45:00Z,2025-07-23T22:00:00Z,2025-07-24,2025-07-23_24,-84.38737594817981,100,15,0,51.01785607268806,69.81055125074228,0.052817573773933126,0.653,0.0015,True,True,True,False,-2925.4993556835234,0.0,85.18927662596414,6.489061606138914,90.14087073165922,-0.12427751366066321,-2743.8044242334217
2025-07-23T22:00:00Z,2025-07-23T22:15:00Z,2025-07-24,2025-07-24_1,0.0,0,0,100,69.81055125074228,69.81055125074228,0.0,0.0,0.0,True,True,True,False,0.0,1102.223186633263,0.0,0.0,0.0,0.0,1102.223186633263
2025-07-23T22:15:00Z,2025-07-23T22:30:00Z,2025-07-24,2025-07-24_1,0.0,0,0,100,69.81055125074228,69.81055125074228,0.0,0.0,0.0,True,True,True,False,0.0,1102.223186633263,0.0,0.0,0.0,0.0,1102.223186633263
2025-07-23T22:30:00Z,2025-07-23T22:45:00Z,2025-07-24,2025-07-24_1,0.0,0,0,100,69.81055125074228,69.81055125074228,0.0,0.0,0.0,True,True,True,False,0.0,1102.223186633263,0.0,0.0,0.0,0.0,1102.223186633263
2025-07-23T22:45:00Z,2025-07-23T23:00:00Z,2025-07-24,2025-07-24_1,0.0,0,0,100,69.81055125074228,69.81055125074228,0.0,0.0,0.0,True,True,True,False,0.0,1102.223186633263,0.0,0.0,0.0,0.0,1102.223186633263
2025-07-23T23:00:00Z,2025-07-23T23:15:00Z,2025-07-24,2025-07-24_2,0.0,0,0,100,69.81055125074228,69.81055125074228,0.0,0.0,0.0,True,True,True,False,0.0,1102.223186633263,0.0,0.0,0.0,0.0,1102.223186633263
2025-07-23T23:15:00Z,2025-07-23T23:30:00Z,2025-07-24,2025-07-24_2,0.0,0,0,100,69.81055125074228,69.81055125074228,0.0,0.0,0.0,True,True,True,False,0.0,1102.223186633263,0.0,0.0,0.0,0.0,1102.223186633263
2025-07-23T23:30:00Z,2025-07-23T23:45:00Z,2025-07-24,2025-07-24_2,0.0,0,0,100,69.81055125074228,69.81055125074228,0.0,0.0,0.0,True,True,True,False,0.0,1102.223186633263,0.0,0.0,0.0,0.0,1102.223186633263
2025-07-23T23:45:00Z,2025-07-24T00:00:00Z,2025-07-24,2025-07-24_2,0.0,0,0,100,69.81055125074228,69.81055125074228,0.0,0.0,0.0,True,True,True,False,0.0,1102.223186633263,0.0,0.0,0.0,0.0,1102.223186633263
2025-07-24T00:00:00Z,2025-07-24T00:15:00Z,2025-07-24,2025-07-24_3,0.0,0,0,100,69.81055125074228,69.81055125074228,0.0,0.0,0.0,True,True,True,False,0.0,1102.223186633263,0.0,0.0,0.0,0.0,1102.223186633263
2025-07-24T00:15:00Z,2025-07-24T00:30:00Z,2025-07-24,2025-07-24_3,0.0,0,0,100,69.81055125074228,69.81055125074228,0.0,0.0,0.0,True,True,True,False,0.0,1102.223186633263,0.0,0.0,0.0,0.0,1102.223186633263
2025-07-24T00:30:00Z,2025-07-24T00:45:00Z,2025-07-24,2025-07-24_3,0.0,0,0,100,69.81055125074228,69.81055125074228,0.0,0.0,0.0,True,True,True,False,0.0,1102.223186633263,0.0,0.0,0.0,0.0,1102.223186633263
2025-07-24T00:45:00Z,2025-07-24T01:00:00Z,2025-07-24,2025-07-24_3,0.0,0,0,100,69.81055125074228,69.81055125074228,0.0,0.0,0.0,True,True,True,False,0.0,1102.223186633263,0.0,0.0,0.0,0.0,1102.223186633263
2025-07-24T01:00:00Z,2025-07-24T01:15:00Z,2025-07-24,2025-07-24_4,0.0,0,0,100,69.81055125074228,69.81055125074228,0.0,0.0,0.0,True,True,True,False,0.0,1102.223186633263,0.0,0.0,0.0,0.0,1102.223186633263
2025-07-24T01:15:00Z,2025-07-24T01:30:00Z,2025-07-24,2025-07-24_4,0.0,0,0,100,69.81055125074228,69.81055125074228,0.0,0.0,0.0,True,True,True,False,0.0,1102.223186633263,0.0,0.0,0.0,0.0,1102.223186633263
2025-07-24T01:30:00Z,2025-07-24T01:45:00Z,2025-07-24,2025-07-24_4,0.0,0,0,100,69.81055125074228,69.81055125074228,0.0,0.0,0.0,True,True,True,False,0.0,1102.223186633263,0.0,0.0,0.0,0.0,1102.223186633263
2025-07-24T01:45:00Z,2025-07-24T02:00:00Z,2025-07-24,2025-07-24_4,0.0,0,0,100,69.81055125074228,69.81055125074228,0.0,0.0,0.0,True,True,True,False,0.0,1102.223186633263,0.0,0.0,0.0,0.0,1102.223186633263
2025-07-24T02:00:00Z,2025-07-24T02:15:00Z,2025-07-24,2025-07-24_5,0.0,0,0,100,69.81055125074228,69.81055125074228,0.0,0.0,0.0,True,True,True,False,0.0,1102.223186633263,0.0,0.0,0.0,0.0,1102.223186633263
2025-07-24T02:15:00Z,2025-07-24T02:30:00Z,2025-07-24,2025-07-24_5,0.0,0,0,100,69.81055125074228,69.81055125074228,0.0,0.0,0.0,True,True,True,False,0.0,1102.223186633263,0.0,0.0,0.0,0.0,1102.223186633263
2025-07-24T02:30:00Z,2025-07-24T02:45:00Z,2025-07-24,2025-07-24_5,0.0,0,0,100,69.81055125074228,69.81055125074228,0.0,0.0,0.0,True,True,True,False,0.0,1102.223186633263,0.0,0.0,0.0,0.0,1102.223186633263
2025-07-24T02:45:00Z,2025-07-24T03:00:00Z,2025-07-24,2025-07-24_5,0.0,0,0,100,69.81055125074228,69.81055125074228,0.0,0.0,0.0,True,True,True,False,0.0,1102.223186633263,0.0,0.0,0.0,0.0,1102.223186633263
2025-07-24T03:00:00Z,2025-07-24T03:15:00Z,2025-07-24,2025-07-24_6,0.0,0,0,100,69.81055125074228,69.81055125074228,0.0,0.0,0.0,True,True,True,False,0.0,1102.223186633263,0.0,0.0,0.0,0.0,1102.223186633263
2025-07-24T03:15:00Z,2025-07-24T03:30:00Z,2025-07-24,2025-07-24_6,0.0,0,0,100,69.81055125074228,69.81055125074228,0.0,0.0,0.0,True,True,True,False,0.0,1102.223186633263,0.0,0.0,0.0,0.0,1102.223186633263
2025-07-24T03:30:00Z,2025-07-24T03:45:00Z,2025-07-24,2025-07-24_6,0.0,0,0,100,69.81055125074228,69.81055125074228,0.0,0.0,0.0,True,True,True,False,0.0,1102.223186633263,0.0,0.0,0.0,0.0,1102.223186633263
2025-07-24T03:45:00Z,2025-07-24T04:00:00Z,2025-07-24,2025-07-24_6,0.0,0,0,100,69.81055125074228,69.81055125074228,0.0,0.0,0.0,True,True,True,False,0.0,1102.223186633263,0.0,0.0,0.0,0.0,1102.223186633263
2025-07-24T04:00:00Z,2025-07-24T04:15:00Z,2025-07-24,2025-07-24_7,0.0,0,0,100,69.81055125074228,69.81055125074228,0.0,0.0,0.0,True,True,True,False,0.0,1102.223186633263,0.0,0.0,0.0,0.0,1102.223186633263
2025-07-24T04:15:00Z,2025-07-24T04:30:00Z,2025-07-24,2025-07-24_7,0.0,0,0,100,69.81055125074228,69.81055125074228,0.0,0.0,0.0,True,True,True,False,0.0,1102.223186633263,0.0,0.0,0.0,0.0,1102.223186633263
2025-07-24T04:30:00Z,2025-07-24T04:45:00Z,2025-07-24,2025-07-24_7,0.0,0,0,100,69.81055125074228,69.81055125074228,0.0,0.0,0.0,True,True,True,False,0.0,1102.223186633263,0.0,0.0,0.0,0.0,1102.223186633263
2025-07-24T04:45:00Z,2025-07-24T05:00:00Z,2025-07-24,2025-07-24_7,0.0,0,0,100,69.81055125074228,69.81055125074228,0.0,0.0,0.0,True,True,True,False,0.0,1102.223186633263,0.0,0.0,0.0,0.0,1102.223186633263
2025-07-24T05:00:00Z,2025-07-24T05:15:00Z,2025-07-24,2025-07-24_8,0.0,0,0,100,69.81055125074228,69.81055125074228,0.0,0.0,0.0,True,True,True,False,0.0,1102.223186633263,0.0,0.0,0.0,0.0,1102.223186633263
2025-07-24T05:15:00Z,2025-07-24T05:30:00Z,2025-07-24,2025-07-24_8,0.0,0,0,100,69.81055125074228,69.81055125074228,0.0,0.0,0.0,True,True,True,False,0.0,1102.223186633263,0.0,0.0,0.0,0.0,1102.223186633263
2025-07-24T05:30:00Z,2025-07-24T05:45:00Z,2025-07-24,2025-07-24_8,0.0,0,0,100,69.81055125074228,69.81055125074228,0.0,0.0,0.0,True,True,True,False,0.0,1102.223186633263,0.0,0.0,0.0,0.0,1102.223186633263
2025-07-24T05:45:00Z,2025-07-24T06:00:00Z,2025-07-24,2025-07-24_8,0.0,0,0,100,69.81055125074228,69.81055125074228,0.0,0.0,0.0,True,True,True,False,0.0,1102.223186633263,0.0,0.0,0.0,0.0,1102.223186633263
2025-07-24T06:00:00Z,2025-07-24T06:15:00Z,2025-07-24,2025-07-24_9,0.0,0,0,100,69.81055125074228,69.81055125074228,0.0,0.0,0.0,True,True,True,False,0.0,1102.223186633263,0.0,0.0,0.0,0.0,1102.223186633263
2025-07-24T06:15:00Z,2025-07-24T06:30:00Z,2025-07-24,2025-07-24_9,0.0,0,0,100,69.81055125074228,69.81055125074228,0.0,0.0,0.0,True,True,True,False,0.0,1102.223186633263,0.0,0.0,0.0,0.0,1102.223186633263
2025-07-24T06:30:00Z,2025-07-24T06:45:00Z,2025-07-24,2025-07-24_9,0.0,0,0,100,69.81055125074228,69.81055125074228,0.0,0.0,0.0,True,True,True,False,0.0,1102.223186633263,0.0,0.0,0.0,0.0,1102.223186633263
2025-07-24T06:45:00Z,2025-07-24T07:00:00Z,2025-07-24,2025-07-24_9,0.0,0,0,100,69.81055125074228,69.81055125074228,0.0,0.0,0.0,True,True,True,False,0.0,1102.223186633263,0.0,0.0,0.0,0.0,1102.223186633263
2025-07-24T07:00:00Z,2025-07-24T07:15:00Z,2025-07-24,2025-07-24_10,-60.99999999999999,100,39,0,69.81055125074228,68.31626105074227,0.03338669388888889,15.939,0.192855,True,True,True,False,-1472.6924999999997,0.0,88.00031562543151,17.171601601799065,16524.101815240763,-10.079073357268262,15146.502159110725
2025-07-24T07:15:00Z,2025-07-24T07:30:00Z,2025-07-24,2025-07-24_10,-60.99999999999999,100,39,0,68.31626105074227,76.66199208552487,0.03679019490338164,5.778,0.008385,True,True,True,False,-1472.6924999999997,0.0,88.00031562543151,17.171601601799065,1018.8499347049888,-0.6947113013631073,-349.36535936914345
2025-07-24T07:30:00Z,2025-07-24T07:45:00Z,2025-07-24,2025-07-24_10,-60.99999999999999,100,39,0,76.66199208552487,90.73764689422053,0.03949469330917874,0.168,0.22951500000000002,True,True,True,False,-1472.6924999999997,0.0,88.00031562543151,17.171601601799065,23.163174402777504,-9.822877985126153,-1354.1802863551177
2025-07-24T07:45:00Z,2025-07-24T08:00:00Z,2025-07-24,2025-07-24_10,-60.99999999999999,100,39,0,90.73764689422053,107.68576729422054,0.04707811222222222,0.0,3.1718699999999993,True,True,True,False,-1472.6924999999997,0.0,88.00031562543151,17.171601601799065,0.0,-89.95902106997019,-1457.4796038427394
2025-07-24T08:00:00Z,2025-07-24T08:15:00Z,2025-07-24,2025-07-24_11,0.0,9,9,91,107.68576729422054,107.95913149422054,0.000759345,0.0,0.297135,True,True,True,False,0.0,1003.0230998362692,7.829483360621781,3.922730949046219,0.0,-12.97615912157497,1001.7991550243622
2025-07-24T08:15:00Z,2025-07-24T08:30:00Z,2025-07-24,2025-07-24_11,0.0,9,9,91,107.95913149422054,108.31624789422054,0.00099199,0.0,0.38816999999999996,True,True,True,False,0.0,1003.0230998362692,7.829483360621781,3.922730949046219,0.0,-14.664208508078037,1000.1111056378592
2025-07-24T08:30:00Z,2025-07-24T08:45:00Z,2025-07-24,2025-07-24_11,0.0,9,9,91,108.31624789422054,108.74287489422053,0.001185075,0.0,0.463725,True,True,True,False,0.0,1003.0230998362692,7.829483360621781,3.922730949046219,0.0,-24.003598129919318,990.7717160160179
2025-07-24T08:45:00Z,2025-07-24T09:00:00Z,2025-07-24,2025-07-24_11,0.0,9,9,91,108.74287489422053,109.14304729422054,0.0011115900000000002,0.0,0.43497,True,True,True,False,0.0,1003.0230998362692,7.829483360621781,3.922730949046219,0.0,-19.50599295760756,995.2693211883296
2025-07-24T09:00:00Z,2025-07-24T09:15:00Z,2025-07-24,2025-07-24_12,-9.0,9,0,91,109.14304729422054,111.21304729422054,0.00575,0.0,0.0,True,True,True,False,-192.6,1003.0230998362692,7.824157181464895,0.0,0.0,0.0,818.2472570177341
2025-07-24T09:15:00Z,2025-07-24T09:30:00Z,2025-07-24,2025-07-24_12,-9.0,9,0,91,111.21304729422054,113.28304729422054,0.00575,0.0,0.0,True,True,True,False,-192.6,1003.0230998362692,7.824157181464895,0.0,0.0,0.0,818.2472570177341
2025-07-24T09:30:00Z,2025-07-24T09:45:00Z,2025-07-24,2025-07-24_12,-9.0,9,0,91,113.28304729422054,115.31740189422054,0.005650985,0.038745,0.0,True,True,True,False,-192.6,1003.0230998362692,7.824157181464895,0.0,5.349008146095121,0.0,823.5962651638292
2025-07-24T09:45:00Z,2025-07-24T10:00:00Z,2025-07-24,2025-07-24_12,-9.0,9,0,91,115.31740189422054,117.12575389422054,0.0050232,0.28440000000000004,0.0,True,True,True,False,-192.6,1003.0230998362692,7.824157181464895,0.0,39.39180959895844,0.0,857.6390666166926
2025-07-24T10:00:00Z,2025-07-24T10:15:00Z,2025-07-24,2025-07-24_13,-9.0,9,0,91,117.12575389422054,119.19115849422055,0.005737235,0.004995,0.0,True,True,True,False,-187.42499999999998,1003.0230998362692,7.829483360621781,0.0,0.654267847631823,0.0,824.0818510445229
2025-07-24T10:15:00Z,2025-07-24T10:30:00Z,2025-07-24,2025-07-24_13,-9.0,9,0,91,119.19115849422055,121.24265269422054,0.005698595000000001,0.020115,0.0,True,True,True,False,-187.42499999999998,1003.0230998362692,7.829483360621781,0.0,2.689667505375496,0.0,826.1172507022666
2025-07-24T10:30:00Z,2025-07-24T10:45:00Z,2025-07-24,2025-07-24_13,-9.0,9,0,91,121.24265269422054,123.28007089422053,0.005659495000000001,0.035415,0.0,True,True,True,False,-187.42499999999998,1003.0230998362692,7.829483360621781,0.0,4.863758737892806,0.0,828.2913419347839
2025-07-24T10:45:00Z,2025-07-24T11:00:00Z,2025-07-24,2025-07-24_13,-9.0,9,0,91,123.28007089422053,125.34001069422054,0.005722055,0.010935,0.0,True,True,True,False,-187.42499999999998,1003.0230998362692,7.829483360621781,0.0,1.4582358432130667,0.0,824.8858190401041
2025-07-24T11:00:00Z,2025-07-24T11:15:00Z,2025-07-24,2025-07-24_14,-9.0,9,0,91,125.34001069422054,127.32087649422053,0.005502405,0.096885,0.0,True,True,True,False,-202.2075,1003.0230998362692,7.829483360621781,0.0,13.376410238099936,0.0,822.0214934349909
2025-07-24T11:15:00Z,2025-07-24T11:30:00Z,2025-07-24,2025-07-24_14,-9.0,9,0,91,127.32087649422053,129.23968369422053,0.00533002,0.16434,0.0,True,True,True,False,-202.2075,1003.0230998362692,7.829483360621781,0.0,22.703253459057464,0.0,831.3483366559485
2025-07-24T11:30:00Z,2025-07-24T11:45:00Z,2025-07-24,2025-07-24_14,-9.0,9,0,91,129.23968369422053,131.28604429422055,0.005684335,0.025695,0.0,True,True,True,False,-202.2075,1003.0230998362692,7.829483360621781,0.0,3.455724822953859,0.0,812.1008080198449
2025-07-24T11:45:00Z,2025-07-24T12:00:00Z,2025-07-24,2025-07-24_14,-9.0,9,0,91,131.28604429422055,133.35401569422055,0.005744365000000001,0.002205,0.0,True,True,True,False,-202.2075,1003.0230998362692,7.829483360621781,0.0,0.28795099915175665,0.0,808.9330341960427
2025-07-24T12:00:00Z,2025-07-24T12:15:00Z,2025-07-24,2025-07-24_15,-9.0,9,0,91,133.35401569422055,135.09380929422056,0.00483276,0.35892,0.0,True,True,True,False,-214.0875,1003.0230998362692,7.829483360621781,0.0,51.7678713905273,0.0,848.5329545874183
2025-07-24T12:15:00Z,2025-07-24T12:30:00Z,2025-07-24,2025-07-24_15,-9.0,9,0,91,135.09380929422056,137.10605629422056,0.005589575,0.062775,0.0,True,True,True,False,-214.0875,1003.0230998362692,7.829483360621781,0.0,8.509713269090406,0.0,805.2747964659815
2025-07-24T12:30:00Z,2025-07-24T12:45:00Z,2025-07-24,2025-07-24_15,-9.0,9,0,91,137.10605629422056,138.88012909422056,0.00492798,0.32166,0.0,True,True,True,False,-214.0875,1003.0230998362692,7.829483360621781,0.0,46.548979342315505,0.0,843.3140625392065
2025-07-24T12:45:00Z,2025-07-24T13:00:00Z,2025-07-24,2025-07-24_15,-9.0,9,0,91,138.88012909422056,140.72731429422058,0.005131070000000001,0.24219,0.0,True,True,True,False,-214.0875,1003.0230998362692,7.829483360621781,0.0,33.480248519519456,0.0,830.2453317164104
2025-07-24T13:00:00Z,2025-07-24T13:15:00Z,2025-07-24,2025-07-24_16,-9.0,9,0,91,140.72731429422058,142.76564329422058,0.005662025000000001,0.034425000000000004,0.0,True,True,True,False,-224.9775,1003.0230998362692,7.920028406288836,0.0,4.734600437930287,0.0,790.7002286804884
2025-07-24T13:15:00Z,2025-07-24T13:30:00Z,2025-07-24,2025-07-24_16,-9.0,9,0,91,142.76564329422058,144.4226782942206,0.004602875,0.44887499999999997,0.0,True,True,True,False,-224.9775,1003.0230998362692,7.920028406288836,0.0,77.2570961720553,0.0,863.2227244146134
2025-07-24T13:30:00Z,2025-07-24T13:45:00Z,2025-07-24,2025-07-24_16,-9.0,9,0,91,144.4226782942206,146.0595928942206,0.004546985,0.470745,0.0,True,True,True,False,-224.9775,1003.0230998362692,7.920028406288836,0.0,64.6652432199712,0.0,850.6308714625293
2025-07-24T13:45:00Z,2025-07-24T14:00:00Z,2025-07-24,2025-07-24_16,-9.0,9,0,91,146.0595928942206,147.92213749422058,0.005173735,0.225495,0.0,True,True,True,False,-224.9775,1003.0230998362692,7.920028406288836,0.0,31.046052670980213,0.0,817.0116809135383
2025-07-24T14:00:00Z,2025-07-24T14:15:00Z,2025-07-24,2025-07-24_17,-0.2651971955945271,9,8,91,147.92213749422058,148.00190535879267,0.0002851368060536151,0.010844999999999999,0.033159999999999995,True,True,True,False,-7.191484951534588,1003.0230998362692,7.869429704298423,3.534215769435622,1.4205274890024262,-2.096263042234628,1006.5595248052365
2025-07-24T14:15:00Z,2025-07-24T14:30:00Z,2025-07-24,2025-07-24_17,-0.2651971955945271,9,8,91,148.00190535879267,148.08092453220206,0.00030863910934635764,0.015210000000000001,0.03748,True,True,True,False,-7.191484951534588,1003.0230998362692,7.869429704298423,3.534215769435622,2.0619236837433177,-2.3621279624405735,1006.9350560797715
2025-07-24T14:30:00Z,2025-07-24T14:45:00Z,2025-07-24,2025-07-24_17,-0.2651971955945271,9,8,91,148.08092453220206,148.12907911426166,0.00023899178346745227,0.017955000000000002,0.00716,True,True,True,False,-7.191484951534588,1003.0230998362692,7.869429704298423,3.534215769435622,2.477009363225692,-0.5365953405795671,1009.1756743811148
2025-07-24T14:45:00Z,2025-07-24T15:00:00Z,2025-07-24,2025-07-24_17,-0.2651971955945271,9,8,91,148.12907911426166,148.13999999999945,0.00032228708310245253,0.049815,0.00416,True,True,True,False,-7.191484951534588,1003.0230998362692,7.869429704298423,3.534215769435622,6.87682450141045,-0.31521480283273823,1013.7968700570464
2025-07-24T15:00:00Z,2025-07-24T15:15:00Z,2025-07-24,2025-07-24_18,-40.000000000000774,100,60,0,148.13999999999945,163.34520799999964,0.04223668888888938,0.0,6.5274,True,True,True,False,-1164.4000000000226,0.0,88.00031562543151,26.506618270767163,0.0,-121.64530266506222,-1171.5383687688861
2025-07-24T15:15:00Z,2025-07-24T15:30:00Z,2025-07-24,2025-07-24_18,-40.000000000000774,100,60,0,163.34520799999964,173.07887165217375,0.027295200966184072,0.071,0.6588,True,True,True,False,-1164.4000000000226,0.0,88.00031562543151,26.506618270767163,8.823703469907086,-39.844839484741485,-1080.9142021186583
2025-07-24T15:30:00Z,2025-07-24T15:45:00Z,2025-07-24,2025-07-24_18,-40.000000000000774,100,60,0,173.07887165217375,179.15492017391307,0.029825376328502753,3.5735,0.567,True,True,True,False,-1164.4000000000226,0.0,88.00031562543151,26.506618270767163,604.0077128992168,-33.859719290631844,-479.74507249523896
2025-07-24T15:45:00Z,2025-07-24T16:00:00Z,2025-07-24,2025-07-24_18,-40.000000000000774,100,60,0,179.15492017391307,166.09931617391328,0.04277609999999955,21.8155,0.0,True,True,True,False,-1164.4000000000226,0.0,88.00031562543151,26.506618270767163,26203.779510090153,0.0,25153.88644398633
2025-07-24T16:00:00Z,2025-07-24T16:15:00Z,2025-07-24,2025-07-24_19,-77.3459885651613,100,22,0,166.09931617391328,181.3692278752489,0.04601972248676356,2.634,0.00352,True,True,True,False,-4082.708006412039,0.0,88.68088296214466,9.52380013019549,647.9033109107766,-0.2708066202434261,-3336.870819029166
2025-07-24T16:15:00Z,2025-07-24T16:30:00Z,2025-07-24,2025-07-24_19,-77.3459885651613,100,22,0,181.3692278752489,189.99013207087415,0.03704414845869007,9.574,0.0016499999999999998,True,True,True,False,-4082.708006412039,0.0,88.68088296214466,9.52380013019549,8418.891319117038,-0.12607252480618625,4434.261923272533
2025-07-24T16:30:00Z,2025-07-24T16:45:00Z,2025-07-24,2025-07-24_19,-77.3459885651613,100,22,0,189.99013207087415,189.98672256489166,0.025403104235754037,18.5765,0.0,True,True,True,False,-4082.708006412039,0.0,88.68088296214466,9.52380013019549,23398.65788412601,0.0,19414.15456080631
2025-07-24T16:45:00Z,2025-07-24T17:00:00Z,2025-07-24,2025-07-24_19,-77.3459885651613,100,22,0,189.98672256489166,186.92307065217366,0.02127317765510637,21.7715,0.0,True,True,True,False,-4082.708006412039,0.0,88.68088296214466,9.52380013019549,30049.729244274353,0.0,26065.225920954654
2025-07-24T17:00:00Z,2025-07-24T17:15:00Z,2025-07-24,2025-07-24_20,95.00000000000048,0,95,5,186.92307065217366,161.93394021739093,0.06941425120772983,0.0,0.76,True,True,True,False,8312.500000000042,55.111159331663146,0.0,40.4789615923303,0.0,-50.392858974611876,8357.697261949423
2025-07-24T17:15:00Z,2025-07-24T17:30:00Z,2025-07-24,2025-07-24_20,95.00000000000048,0,95,5,161.93394021739093,137.5664402173908,0.06768750000000036,0.0,1.3318999999999999,True,True,True,False,8312.500000000042,55.111159331663146,0.0,40.4789615923303,0.0,-93.06038084153629,8315.029740082498
2025-07-24T17:30:00Z,2025-07-24T17:45:00Z,2025-07-24,2025-07-24_20,95.00000000000048,0,95,5,137.5664402173908,111.75225543478197,0.07170606884058006,0.0,0.0009500000000000001,True,True,True,False,8312.500000000042,55.111159331663146,0.0,40.4789615923303,0.0,-0.07327441658611643,8408.01684650745
2025-07-24T17:45:00Z,2025-07-24T18:00:00Z,2025-07-24,2025-07-24_20,95.00000000000048,0,95,5,111.75225543478197,85.95923913043401,0.07164726751207766,0.0,0.020425,True,True,True,False,8312.500000000042,55.111159331663146,0.0,40.4789615923303,0.0,-1.5794291125007396,8406.510691811534
2025-07-24T18:00:00Z,2025-07-24T18:15:00Z,2025-07-24,2025-07-24_21,0.0,100,100,0,85.95923913043401,77.67663043478184,0.023007246376811594,7.62,0.0,True,True,True,False,0.0,0.0,93.88870258221056,42.047225455191054,1319.4972560314047,0.0,1455.4331840688064
2025-07-24T18:15:00Z,2025-07-24T18:30:00Z,2025-07-24,2025-07-24_21,0.0,100,100,0,77.67663043478184,58.68206521739054,0.05276268115942029,17.475,0.0,True,True,True,False,0.0,0.0,93.88870258221056,42.047225455191054,15914.80133351745,0.0,16050.73726155485
2025-07-24T18:30:00Z,2025-07-24T18:45:00Z,2025-07-24,2025-07-24_21,0.0,100,100,0,58.68206521739054,38.07336956521662,0.0572463768115942,18.96,0.0,True,True,True,False,0.0,0.0,93.88870258221056,42.047225455191054,9286.053932495612,0.0,9421.989860533013
2025-07-24T18:45:00Z,2025-07-24T19:00:00Z,2025-07-24,2025-07-24_21,0.0,100,100,0,38.07336956521662,26.304347826086186,0.0326917270531401,10.8275,0.0,True,True,True,False,0.0,0.0,93.88870258221056,42.047225455191054,4591.656262205827,0.0,4727.592190243229
2025-07-24T19:00:00Z,2025-07-24T19:15:00Z,2025-07-24,2025-07-24_22,-3.3243563650656775e-13,0,0,30,26.304347826086186,26.304347826086264,2.1238943443475162e-16,0.0,0.0,True,False,True,False,-1.8498380993407962e-11,330.6669559899789,0.0,0.0,0.0,0.0,330.6669559899604
2025-07-24T19:15:00Z,2025-07-24T19:30:00Z,2025-07-24,2025-07-24_22,-3.3243563650656775e-13,0,0,30,26.304347826086264,26.304347826086342,2.1238943443475162e-16,0.0,0.0,True,False,True,False,-1.8498380993407962e-11,330.6669559899789,0.0,0.0,0.0,0.0,330.6669559899604
2025-07-24T19:30:00Z,2025-07-24T19:45:00Z,2025-07-24,2025-07-24_22,-3.3243563650656775e-13,0,0,30,26.304347826086342,26.30434782608642,2.1238943443475162e-16,0.0,0.0,True,False,True,False,-1.8498380993407962e-11,330.6669559899789,0.0,0.0,0.0,0.0,330.6669559899604
2025-07-24T19:45:00Z,2025-07-24T20:00:00Z,2025-07-24,2025-07-24_22,-3.3243563650656775e-13,0,0,30,26.30434782608642,26.3043478260865,2.1238943443475162e-16,0.0,0.0,True,False,True,False,-1.8498380993407962e-11,330.6669559899789,0.0,0.0,0.0,0.0,330.6669559899604
2025-07-24T20:00:00Z,2025-07-24T20:15:00Z,2025-07-24,2025-07-24_23,0.0,100,100,0,26.3043478260865,16.92646869565172,0.027751664251207727,8.9095,0.333,True,True,True,False,0.0,0.0,84.92296766811987,42.609433255084525,7386.9004935592675,-23.364193872921312,7491.06870060955
2025-07-24T20:15:00Z,2025-07-24T20:30:00Z,2025-07-24,2025-07-24_23,0.0,100,100,0,16.92646869565172,10.190599130434329,0.01871074879227053,6.197,0.0,True,True,True,False,0.0,0.0,84.92296766811987,42.609433255084525,2969.2313110291366,0.0,3096.763711952341
2025-07-24T20:30:00Z,2025-07-24T20:45:00Z,2025-07-24,2025-07-24_23,0.0,100,100,0,10.190599130434329,10.366013043477807,0.002627961352657005,0.3545,0.6095,True,True,True,False,0.0,0.0,84.92296766811987,42.609433255084525,48.94880447004517,-50.49809638411615,125.98310900913341
2025-07-24T20:45:00Z,2025-07-24T21:00:00Z,2025-07-24,2025-07-24_23,0.0,100,100,0,10.366013043477807,16.406733043477807,0.01677977777777778,0.0,6.566,True,True,True,False,0.0,0.0,84.92296766811987,42.609433255084525,0.0,-316.8642566034758,-189.3318556802714
2025-07-24T21:00:00Z,2025-07-24T21:15:00Z,2025-07-25,2025-07-24_24,-48.320388878514144,89,40,11,16.406733043477807,28.349675312898206,0.033199404619840174,0.0089,0.911,True,True,True,False,-1451.182078993976,121.2469423183145,74.95087982324627,14.736053026118517,1.2264450011836185,-53.61191509508403,-1292.633673920197
2025-07-24T21:15:00Z,2025-07-24T21:30:00Z,2025-07-25,2025-07-24_24,-48.320388878514144,89,40,11,28.349675312898206,39.71926478915914,0.031612899217815314,0.011125,0.2902,True,True,True,False,-1451.182078993976,121.2469423183145,74.95087982324627,14.736053026118517,1.5331659827980744,-22.940924840211473,-1261.65596268371
2025-07-24T21:30:00Z,2025-07-24T21:45:00Z,2025-07-25,2025-07-24_24,-48.320388878514144,89,40,11,39.71926478915914,51.061766079426036,0.031514317523287545,0.00267,0.25160000000000005,True,True,True,False,-1451.182078993976,121.2469423183145,74.95087982324627,14.736053026118517,0.3680825593782056,-19.936863015860492,-1259.816984282779
2025-07-24T21:45:00Z,2025-07-24T22:00:00Z,2025-07-25,2025-07-24_24,-48.320388878514144,89,40,11,51.061766079426036,64.34782608695673,0.036910635239653045,0.0017800000000000001,2.3632,True,True,True,False,-1451.182078993976,121.2469423183145,74.95087982324627,14.736053026118517,0.24527144322575556,-94.301432652095,-1334.3043650351658
2025-07-24T22:00:00Z,2025-07-24T22:15:00Z,2025-07-25,2025-07-25_1,0.0,0,0,100,64.34782608695673,64.34782608695673,0.0,0.0,0.0,True,True,True,False,0.0,1102.2449301664956,0.0,0.0,0.0,0.0,1102.2449301664956
2025-07-24T22:15:00Z,2025-07-24T22:30:00Z,2025-07-25,2025-07-25_1,0.0,0,0,100,64.34782608695673,64.34782608695673,0.0,0.0,0.0,True,True,True,False,0.0,1102.2449301664956,0.0,0.0,0.0,0.0,1102.2449301664956
2025-07-24T22:30:00Z,2025-07-24T22:45:00Z,2025-07-25,2025-07-25_1,0.0,0,0,100,64.34782608695673,64.34782608695673,0.0,0.0,0.0,True,True,True,False,0.0,1102.2449301664956,0.0,0.0,0.0,0.0,1102.2449301664956
2025-07-24T22:45:00Z,2025-07-24T23:00:00Z,2025-07-25,2025-07-25_1,0.0,0,0,100,64.34782608695673,64.34782608695673,0.0,0.0,0.0,True,True,True,False,0.0,1102.2449301664956,0.0,0.0,0.0,0.0,1102.2449301664956
2025-07-24T23:00:00Z,2025-07-24T23:15:00Z,2025-07-25,2025-07-25_2,0.0,0,0,100,64.34782608695673,64.34782608695673,0.0,0.0,0.0,True,True,True,False,0.0,1102.2449301664956,0.0,0.0,0.0,0.0,1102.2449301664956
2025-07-24T23:15:00Z,2025-07-24T23:30:00Z,2025-07-25,2025-07-25_2,0.0,0,0,100,64.34782608695673,64.34782608695673,0.0,0.0,0.0,True,True,True,False,0.0,1102.2449301664956,0.0,0.0,0.0,0.0,1102.2449301664956
2025-07-24T23:30:00Z,2025-07-24T23:45:00Z,2025-07-25,2025-07-25_2,0.0,0,0,100,64.34782608695673,64.34782608695673,0.0,0.0,0.0,True,True,True,False,0.0,1102.2449301664956,0.0,0.0,0.0,0.0,1102.2449301664956
2025-07-24T23:45:00Z,2025-07-25T00:00:00Z,2025-07-25,2025-07-25_2,0.0,0,0,100,64.34782608695673,64.34782608695673,0.0,0.0,0.0,True,True,True,False,0.0,1102.2449301664956,0.0,0.0,0.0,0.0,1102.2449301664956
2025-07-25T00:00:00Z,2025-07-25T00:15:00Z,2025-07-25,2025-07-25_3,0.0,0,0,100,64.34782608695673,64.34782608695673,0.0,0.0,0.0,True,True,True,False,0.0,1102.2449301664956,0.0,0.0,0.0,0.0,1102.2449301664956
2025-07-25T00:15:00Z,2025-07-25T00:30:00Z,2025-07-25,2025-07-25_3,0.0,0,0,100,64.34782608695673,64.34782608695673,0.0,0.0,0.0,True,True,True,False,0.0,1102.2449301664956,0.0,0.0,0.0,0.0,1102.2449301664956
2025-07-25T00:30:00Z,2025-07-25T00:45:00Z,2025-07-25,2025-07-25_3,0.0,0,0,100,64.34782608695673,64.34782608695673,0.0,0.0,0.0,True,True,True,False,0.0,1102.2449301664956,0.0,0.0,0.0,0.0,1102.2449301664956
2025-07-25T00:45:00Z,2025-07-25T01:00:00Z,2025-07-25,2025-07-25_3,0.0,0,0,100,64.34782608695673,64.34782608695673,0.0,0.0,0.0,True,True,True,False,0.0,1102.2449301664956,0.0,0.0,0.0,0.0,1102.2449301664956
2025-07-25T01:00:00Z,2025-07-25T01:15:00Z,2025-07-25,2025-07-25_4,0.0,0,0,100,64.34782608695673,64.34782608695673,0.0,0.0,0.0,True,True,True,False,0.0,1102.2449301664956,0.0,0.0,0.0,0.0,1102.2449301664956
2025-07-25T01:15:00Z,2025-07-25T01:30:00Z,2025-07-25,2025-07-25_4,0.0,0,0,100,64.34782608695673,64.34782608695673,0.0,0.0,0.0,True,True,True,False,0.0,1102.2449301664956,0.0,0.0,0.0,0.0,1102.2449301664956
2025-07-25T01:30:00Z,2025-07-25T01:45:00Z,2025-07-25,2025-07-25_4,0.0,0,0,100,64.34782608695673,64.34782608695673,0.0,0.0,0.0,True,True,True,False,0.0,1102.2449301664956,0.0,0.0,0.0,0.0,1102.2449301664956
2025-07-25T01:45:00Z,2025-07-25T02:00:00Z,2025-07-25,2025-07-25_4,0.0,0,0,100,64.34782608695673,64.34782608695673,0.0,0.0,0.0,True,True,True,False,0.0,1102.2449301664956,0.0,0.0,0.0,0.0,1102.2449301664956
2025-07-25T02:00:00Z,2025-07-25T02:15:00Z,2025-07-25,2025-07-25_5,0.0,0,0,100,64.34782608695673,64.34782608695673,0.0,0.0,0.0,True,True,True,False,0.0,1102.2449301664956,0.0,0.0,0.0,0.0,1102.2449301664956
2025-07-25T02:15:00Z,2025-07-25T02:30:00Z,2025-07-25,2025-07-25_5,0.0,0,0,100,64.34782608695673,64.34782608695673,0.0,0.0,0.0,True,True,True,False,0.0,1102.2449301664956,0.0,0.0,0.0,0.0,1102.2449301664956
2025-07-25T02:30:00Z,2025-07-25T02:45:00Z,2025-07-25,2025-07-25_5,0.0,0,0,100,64.34782608695673,64.34782608695673,0.0,0.0,0.0,True,True,True,False,0.0,1102.2449301664956,0.0,0.0,0.0,0.0,1102.2449301664956
2025-07-25T02:45:00Z,2025-07-25T03:00:00Z,2025-07-25,2025-07-25_5,0.0,0,0,100,64.34782608695673,64.34782608695673,0.0,0.0,0.0,True,True,True,False,0.0,1102.2449301664956,0.0,0.0,0.0,0.0,1102.2449301664956
2025-07-25T03:00:00Z,2025-07-25T03:15:00Z,2025-07-25,2025-07-25_6,0.0,0,0,100,64.34782608695673,64.34782608695673,0.0,0.0,0.0,True,True,True,False,0.0,1102.2449301664956,0.0,0.0,0.0,0.0,1102.2449301664956
2025-07-25T03:15:00Z,2025-07-25T03:30:00Z,2025-07-25,2025-07-25_6,0.0,0,0,100,64.34782608695673,64.34782608695673,0.0,0.0,0.0,True,True,True,False,0.0,1102.2449301664956,0.0,0.0,0.0,0.0,1102.2449301664956
2025-07-25T03:30:00Z,2025-07-25T03:45:00Z,2025-07-25,2025-07-25_6,0.0,0,0,100,64.34782608695673,64.34782608695673,0.0,0.0,0.0,True,True,True,False,0.0,1102.2449301664956,0.0,0.0,0.0,0.0,1102.2449301664956
2025-07-25T03:45:00Z,2025-07-25T04:00:00Z,2025-07-25,2025-07-25_6,0.0,0,0,100,64.34782608695673,64.34782608695673,0.0,0.0,0.0,True,True,True,False,0.0,1102.2449301664956,0.0,0.0,0.0,0.0,1102.2449301664956
2025-07-25T04:00:00Z,2025-07-25T04:15:00Z,2025-07-25,2025-07-25_7,0.0,0,0,100,64.34782608695673,64.34782608695673,0.0,0.0,0.0,True,True,True,False,0.0,1102.2449301664956,0.0,0.0,0.0,0.0,1102.2449301664956
2025-07-25T04:15:00Z,2025-07-25T04:30:00Z,2025-07-25,2025-07-25_7,0.0,0,0,100,64.34782608695673,64.34782608695673,0.0,0.0,0.0,True,True,True,False,0.0,1102.2449301664956,0.0,0.0,0.0,0.0,1102.2449301664956
2025-07-25T04:30:00Z,2025-07-25T04:45:00Z,2025-07-25,2025-07-25_7,0.0,0,0,100,64.34782608695673,64.34782608695673,0.0,0.0,0.0,True,True,True,False,0.0,1102.2449301664956,0.0,0.0,0.0,0.0,1102.2449301664956
2025-07-25T04:45:00Z,2025-07-25T05:00:00Z,2025-07-25,2025-07-25_7,0.0,0,0,100,64.34782608695673,64.34782608695673,0.0,0.0,0.0,True,True,True,False,0.0,1102.2449301664956,0.0,0.0,0.0,0.0,1102.2449301664956
2025-07-25T05:00:00Z,2025-07-25T05:15:00Z,2025-07-25,2025-07-25_8,0.0,0,0,100,64.34782608695673,64.34782608695673,0.0,0.0,0.0,True,True,True,False,0.0,1102.2449301664956,0.0,0.0,0.0,0.0,1102.2449301664956
2025-07-25T05:15:00Z,2025-07-25T05:30:00Z,2025-07-25,2025-07-25_8,0.0,0,0,100,64.34782608695673,64.34782608695673,0.0,0.0,0.0,True,True,True,False,0.0,1102.2449301664956,0.0,0.0,0.0,0.0,1102.2449301664956
2025-07-25T05:30:00Z,2025-07-25T05:45:00Z,2025-07-25,2025-07-25_8,0.0,0,0,100,64.34782608695673,64.34782608695673,0.0,0.0,0.0,True,True,True,False,0.0,1102.2449301664956,0.0,0.0,0.0,0.0,1102.2449301664956
2025-07-25T05:45:00Z,2025-07-25T06:00:00Z,2025-07-25,2025-07-25_8,0.0,0,0,100,64.34782608695673,64.34782608695673,0.0,0.0,0.0,True,True,True,False,0.0,1102.2449301664956,0.0,0.0,0.0,0.0,1102.2449301664956
2025-07-25T06:00:00Z,2025-07-25T06:15:00Z,2025-07-25,2025-07-25_9,0.0,100,100,0,64.34782608695673,64.38518608695674,0.006006555555555556,0.9775,1.1955,True,True,True,False,0.0,0.0,80.69320602856466,38.11252268602541,135.20630671506353,-60.75395535784739,193.2580800718062
2025-07-25T06:15:00Z,2025-07-25T06:30:00Z,2025-07-25,2025-07-25_9,0.0,100,100,0,64.38518608695674,50.51817130434804,0.038524596618357485,12.7585,0.001,True,True,True,False,0.0,0.0,80.69320602856466,38.11252268602541,13021.575477886056,-0.0830505799731713,13140.298156020672
2025-07-25T06:30:00Z,2025-07-25T06:45:00Z,2025-07-25,2025-07-25_9,0.0,100,100,0,50.51817130434804,37.11545391304369,0.03722977053140097,12.3305,0.0,True,True,True,False,0.0,0.0,80.69320602856466,38.11252268602541,12601.626513355162,0.0,12720.432242069752
2025-07-25T06:45:00Z,2025-07-25T07:00:00Z,2025-07-25,2025-07-25_9,0.0,100,100,0,37.11545391304369,37.47855217391325,0.005628171497584541,0.765,1.2985,True,True,True,False,0.0,0.0,80.69320602856466,38.11252268602541,105.57277676950997,-59.21223526394697,165.16627022015308
2025-07-25T07:00:00Z,2025-07-25T07:15:00Z,2025-07-25,2025-07-25_10,-64.71149590007717,100,35,0,37.47855217391325,29.182668706410016,0.02758827670054755,23.7605,0.086975,True,True,True,False,-1623.9349896124365,0.0,80.24934900970567,13.442949577842658,29312.939622524264,-3.6808584539966853,27779.01607304538
2025-07-25T07:15:00Z,2025-07-25T07:30:00Z,2025-07-25,2025-07-25_10,-64.71149590007717,100,35,0,29.182668706410016,31.407944031853056,0.03373661301246872,12.930999999999997,0.0,True,True,True,False,-1623.9349896124365,0.0,80.24934900970567,13.442949577842658,13730.417520910594,0.0,12200.174829885706
2025-07-25T07:30:00Z,2025-07-25T07:45:00Z,2025-07-25,2025-07-25_10,-64.71149590007717,100,35,0,31.407944031853056,46.03124106264058,0.041206280316648844,0.275,0.009625,True,True,True,False,-1623.9349896124365,0.0,80.24934900970567,13.442949577842658,37.967706936005676,-0.7469229365580367,-1493.0219070254407
2025-07-25T07:45:00Z,2025-07-25T08:00:00Z,2025-07-25,2025-07-25_10,-64.71149590007717,100,35,0,46.03124106264058,60.83805218260889,0.04134845309111014,0.10249999999999998,0.02555,True,True,True,False,-1623.9349896124365,0.0,80.24934900970567,13.442949577842658,14.14759626765564,-2.0701588613587942,-1518.1652536185914
2025-07-25T08:00:00Z,2025-07-25T08:15:00Z,2025-07-25,2025-07-25_11,0.0,9,9,91,60.83805218260889,60.2847972173915,0.0015457893478260868,0.51048,0.001755,True,True,True,False,0.0,1003.042886451511,7.16917856861043,3.4194744732896702,80.47491828296377,-0.1358470123490886,1093.9706107640257
2025-07-25T08:15:00Z,2025-07-25T08:30:00Z,2025-07-25,2025-07-25_11,0.0,9,9,91,60.2847972173915,60.34538310434802,0.0005060658695652175,0.055935000000000006,0.13194,True,True,True,False,0.0,1003.042886451511,7.16917856861043,3.4194744732896702,7.719586127988637,-6.91867727846603,1014.4324483429336
2025-07-25T08:30:00Z,2025-07-25T08:45:00Z,2025-07-25,2025-07-25_11,0.0,9,9,91,60.34538310434802,60.02906065217411,0.0012036634782608695,0.344835,0.063585,True,True,True,False,0.0,1003.042886451511,7.16917856861043,3.4194744732896702,48.04377651996369,-3.6031040075357055,1058.072212005839
2025-07-25T08:45:00Z,2025-07-25T09:00:00Z,2025-07-25,2025-07-25_11,0.0,9,9,91,60.02906065217411,59.45652173913063,0.0016536358695652172,0.53721,0.012375,True,True,True,False,0.0,1003.042886451511,7.16917856861043,3.4194744732896702,83.56247926497277,-0.7522306774244456,1096.4417880809594
2025-07-25T09:00:00Z,2025-07-25T09:15:00Z,2025-07-25,2025-07-25_12,-5.903253785445914,9,3,91,59.45652173913063,60.816630521653025,0.003802016154075673,0.01152,0.014805,True,True,True,False,-131.40642926402606,1003.042886451511,7.158526000157814,1.152252820957942,1.5885110076540678,-0.8423300836423893,880.6934169326123
2025-07-25T09:15:00Z,2025-07-25T09:30:00Z,2025-07-25,2025-07-25_12,-5.903253785445914,9,3,91,60.816630521653025,62.17341312175677,0.0037778166318279613,0.00432,0.0035399999999999997,True,True,True,False,-131.40642926402606,1003.042886451511,7.158526000157814,1.152252820957942,0.5956916278702754,-0.2618463110549988,880.2810813254159
2025-07-25T09:30:00Z,2025-07-25T09:45:00Z,2025-07-25,2025-07-25_12,-5.903253785445914,9,3,91,62.17341312175677,63.52465869175124,0.003771038065453729,0.00846,0.0019200000000000003,True,True,True,False,-131.40642926402606,1003.042886451511,7.158526000157814,1.152252820957942,1.166562771245956,-0.1458131144953839,880.9679856653513
2025-07-25T09:45:00Z,2025-07-25T10:00:00Z,2025-07-25,2025-07-25_12,-5.903253785445914,9,3,91,63.52465869175124,64.7938779999997,0.0037148547915795546,0.09108000000000001,0.0005399999999999999,True,True,True,False,-131.40642926402606,1003.042886451511,7.158526000157814,1.152252820957942,12.571167332123412,-0.042950516846839724,892.4754528238773
2025-07-25T10:00:00Z,2025-07-25T10:15:00Z,2025-07-25,2025-07-25_13,-100.0,100,0,0,64.7938779999997,87.3163979999997,0.06256255555555557,0.519,0.0,True,True,True,False,-2186.0,0.0,79.65753965122701,0.0,71.59122366448354,0.0,-2034.7512366842896
2025-07-25T10:15:00Z,2025-07-25T10:30:00Z,2025-07-25,2025-07-25_13,-100.0,100,0,0,87.3163979999997,110.2119779999997,0.06359883333333334,0.11349999999999999,0.0,True,True,True,False,-2186.0,0.0,79.65753965122701,0.0,15.654545490412687,0.0,-2090.6879148583603
2025-07-25T10:30:00Z,2025-07-25T10:45:00Z,2025-07-25,2025-07-25_13,-100.0,100,0,0,110.2119779999997,121.27865799999971,0.030740777777777777,12.971,0.0,True,True,True,False,-2186.0,0.0,79.65753965122701,0.0,5667.896100370867,0.0,3561.5536400220944
2025-07-25T10:45:00Z,2025-07-25T11:00:00Z,2025-07-25,2025-07-25_13,-100.0,100,0,0,121.27865799999971,139.0452379999997,0.04935161111111112,5.6885,0.0,True,True,True,False,-2186.0,0.0,79.65753965122701,0.0,907.1615639548645,0.0,-1199.1808963939084
2025-07-25T11:00:00Z,2025-07-25T11:15:00Z,2025-07-25,2025-07-25_14,0.0,9,9,91,139.0452379999997,139.20094864347794,0.00046079043478260866,0.004679999999999999,0.17478,True,True,True,False,0.0,1003.042886451511,7.16917856861043,3.456758462873826,0.6453325968594649,-7.023196338672768,1007.290959741182
2025-07-25T11:15:00Z,2025-07-25T11:30:00Z,2025-07-25,2025-07-25_14,0.0,9,9,91,139.20094864347794,139.2768514347823,0.00024018891304347832,0.00486,0.08824500000000002,True,True,True,False,0.0,1003.042886451511,7.16917856861043,3.456758462873826,0.6701530813540597,-3.9394293488124363,1010.3995472155368
2025-07-25T11:30:00Z,2025-07-25T11:45:00Z,2025-07-25,2025-07-25_14,0.0,9,9,91,139.2768514347823,139.27403185217358,5.222217391304349e-05,0.009945,0.008685,True,True,True,False,0.0,1003.042886451511,7.16917856861043,3.456758462873826,1.3070165045766589,-0.6736854375443857,1014.3021545500275
2025-07-25T11:45:00Z,2025-07-25T12:00:00Z,2025-07-25,2025-07-25_14,0.0,9,9,91,139.27403185217358,139.28936816521704,0.0001048291304347826,0.010305,0.028845,True,True,True,False,0.0,1003.042886451511,7.16917856861043,3.456758462873826,1.3498224571924562,-1.3659267172334884,1013.6527192229543
2025-07-25T12:00:00Z,2025-07-25T12:15:00Z,2025-07-25,2025-07-25_15,-13.999999999999986,14,0,86,139.28936816521704,141.76625656521702,0.006880245555555551,0.80773,0.0,True,True,True,False,-316.32999999999964,947.9306399431862,11.152055551171783,0.0,356.9343764499329,0.0,999.6870719442912
2025-07-25T12:15:00Z,2025-07-25T12:30:00Z,2025-07-25,2025-07-25_15,-13.999999999999986,14,0,86,141.76625656521702,144.004929365217,0.006218535555555554,1.06666,0.0,True,True,True,False,-316.32999999999964,947.9306399431862,11.152055551171783,0.0,150.83648065967014,0.0,793.5891761540285
2025-07-25T12:30:00Z,2025-07-25T12:45:00Z,2025-07-25,2025-07-25_15,-13.999999999999986,14,0,86,144.004929365217,146.014724565217,0.005582764444444444,1.31544,0.0,True,True,True,False,-316.32999999999964,947.9306399431862,11.152055551171783,0.0,269.3488736842105,0.0,912.1015691785689
2025-07-25T12:45:00Z,2025-07-25T13:00:00Z,2025-07-25,2025-07-25_15,-13.999999999999986,14,0,86,146.014724565217,148.035081365217,0.0056121022222222205,1.30396,0.0,True,True,True,False,-316.32999999999964,947.9306399431862,11.152055551171783,0.0,200.13388598595438,0.0,842.8865814803127
2025-07-25T13:00:00Z,2025-07-25T13:15:00Z,2025-07-25,2025-07-25_16,0.0,9,9,91,148.035081365217,148.06036510434745,0.00020691739130434785,0.022635,0.054225,True,True,True,False,0.0,1003.042886451511,7.2117888424208925,3.2357176674820476,3.1232611743470367,-2.2021391639706462,1014.4115149717903
2025-07-25T13:15:00Z,2025-07-25T13:30:00Z,2025-07-25,2025-07-25_16,0.0,9,9,91,148.06036510434745,148.13374859999962,0.00020601695652173915,0.00036,0.08019,True,True,True,False,0.0,1003.042886451511,7.2117888424208925,3.2357176674820476,0.04964096898918962,-4.703751268444724,1008.8362826619584
2025-07-25T13:30:00Z,2025-07-25T13:45:00Z,2025-07-25,2025-07-25_16,0.0,9,9,91,148.13374859999962,148.13099999999963,4.2365000000000005e-05,0.008280000000000001,0.006795000000000001,True,True,True,False,0.0,1003.042886451511,7.2117888424208925,3.2357176674820476,1.1417422867513614,-0.5307558253767853,1014.1013794227885
2025-07-25T13:45:00Z,2025-07-25T14:00:00Z,2025-07-25,2025-07-25_16,0.0,9,9,91,148.13099999999963,148.0651193739127,0.0002112917391304348,0.065295,0.005535,True,True,True,False,0.0,1003.042886451511,7.2117888424208925,3.2357176674820476,8.541740628698808,-0.4095913102659196,1021.6225422798468
2025-07-25T14:00:00Z,2025-07-25T14:15:00Z,2025-07-25,2025-07-25_17,-11.661985551921209,24,12,76,148.0651193739127,150.69178168235396,0.007492232124887865,0.06312,0.008579999999999999,True,True,True,False,-335.28208461773477,837.7061469265367,18.876351298035186,4.569951866172175,8.267908151187562,-0.5750251952970882,533.5632484288998
2025-07-25T14:15:00Z,2025-07-25T14:30:00Z,2025-07-25,2025-07-25_17,-11.661985551921209,24,12,76,150.69178168235396,153.1419780060731,0.0075228382119644326,0.23088,0.00018,True,True,True,False,-335.28208461773477,837.7061469265367,18.876351298035186,4.569951866172175,30.422124642941686,-0.014215248954470135,556.2782748669965
2025-07-25T14:30:00Z,2025-07-25T14:45:00Z,2025-07-25,2025-07-25_17,-11.661985551921209,24,12,76,153.1419780060731,154.21518885016016,0.007947266553845036,1.5997199999999998,0.0,True,True,True,False,-335.28208461773477,837.7061469265367,18.876351298035186,4.569951866172175,458.2235923064783,0.0,984.0939577794876
2025-07-25T14:45:00Z,2025-07-25T15:00:00Z,2025-07-25,2025-07-25_17,-11.661985551921209,24,12,76,154.21518885016016,155.0399999999996,0.008023923011072201,1.84668,0.0,True,True,True,False,-335.28208461773477,837.7061469265367,18.876351298035186,4.569951866172175,650.8709123411978,0.0,1176.741277814207
2025-07-25T15:00:00Z,2025-07-25T15:15:00Z,2025-07-25,2025-07-25_18,-6.635283907565508,37,30,63,155.0399999999996,158.25514080602022,0.008978620754550304,0.009619999999999998,1.84695,True,True,True,False,-220.5568370874775,694.4143060048922,29.101041584470916,11.318353980904284,1.1729465675057205,-54.86780841158369,460.5820026387119
2025-07-25T15:15:00Z,2025-07-25T15:30:00Z,2025-07-25,2025-07-25_18,-6.635283907565508,37,30,63,158.25514080602022,159.7796825173779,0.004418199899257043,0.037,0.0408,True,True,True,False,-220.5568370874775,694.4143060048922,29.101041584470916,11.318353980904284,4.598358715379152,-2.806122780714906,516.0691004174541
2025-07-25T15:30:00Z,2025-07-25T15:45:00Z,2025-07-25,2025-07-25_18,-6.635283907565508,37,30,63,159.7796825173779,161.01821551329903,0.004794496415859575,0.273245,0.0013499999999999999,True,True,True,False,-220.5568370874775,694.4143060048922,29.101041584470916,11.318353980904284,34.789146755898365,-0.106614367158526,548.9593968715297
2025-07-25T15:45:00Z,2025-07-25T16:00:00Z,2025-07-25,2025-07-25_18,-6.635283907565508,37,30,63,161.01821551329903,161.01999999999975,0.0071542339633233745,1.4426299999999999,0.0006000000000000001,True,True,True,False,-220.5568370874775,694.4143060048922,29.101041584470916,11.318353980904284,323.5265396926536,-0.04891304347826087,837.7544911319652
2025-07-25T16:00:00Z,2025-07-25T16:15:00Z,2025-07-25,2025-07-25_19,0.0,0,0,63,161.01999999999975,161.01999999999975,0.0,0.0,0.0,True,False,True,False,0.0,694.4143060048922,0.0,0.0,0.0,0.0,694.4143060048922
2025-07-25T16:15:00Z,2025-07-25T16:30:00Z,2025-07-25,2025-07-25_19,0.0,0,0,63,161.01999999999975,161.01999999999975,0.0,0.0,0.0,True,False,True,False,0.0,694.4143060048922,0.0,0.0,0.0,0.0,694.4143060048922
2025-07-25T16:30:00Z,2025-07-25T16:45:00Z,2025-07-25,2025-07-25_19,0.0,0,0,63,161.01999999999975,161.01999999999975,0.0,0.0,0.0,True,False,True,False,0.0,694.4143060048922,0.0,0.0,0.0,0.0,694.4143060048922
2025-07-25T16:45:00Z,2025-07-25T17:00:00Z,2025-07-25,2025-07-25_19,0.0,0,0,63,161.01999999999975,161.01999999999975,0.0,0.0,0.0,True,False,True,False,0.0,694.4143060048922,0.0,0.0,0.0,0.0,694.4143060048922
2025-07-25T17:00:00Z,2025-07-25T17:15:00Z,2025-07-25,2025-07-25_20,38.99611911776677,0,39,61,161.01999999999975,150.4232285006066,0.02943547638720318,0.0,0.0,True,True,True,False,3785.4507730594146,672.3694074015623,0.0,14.425353112917223,0.0,0.0,4472.245533573894
2025-07-25T17:15:00Z,2025-07-25T17:30:00Z,2025-07-25,2025-07-25_20,38.99611911776677,0,39,61,150.4232285006066,139.84659256300785,0.02937955369302731,0.0,0.018525,True,True,True,False,3785.4507730594146,672.3694074015623,0.0,14.425353112917223,0.0,-1.4887351011994003,4470.756798472695
2025-07-25T17:30:00Z,2025-07-25T17:45:00Z,2025-07-25,2025-07-25_20,38.99611911776677,0,39,61,139.84659256300785,129.292423673306,0.029317155739525817,0.0,0.039195,True,True,True,False,3785.4507730594146,672.3694074015623,0.0,14.425353112917223,0.0,-3.1808476011994,4469.064685972695
2025-07-25T17:45:00Z,2025-07-25T18:00:00Z,2025-07-25,2025-07-25_20,38.99611911776677,0,39,61,129.292423673306,118.69565217391285,0.029435476387203174,0.0,0.0,True,True,True,False,3785.4507730594146,672.3694074015623,0.0,14.425353112917223,0.0,0.0,4472.245533573894
2025-07-25T18:00:00Z,2025-07-25T18:15:00Z,2025-07-25,2025-07-25_21,100.00000000000003,0,0,0,118.69565217391285,91.52173913043458,0.07548309178743963,0.0,0.0,True,False,True,False,10262.500000000004,0.0,0.0,0.0,0.0,0.0,10262.500000000004
2025-07-25T18:15:00Z,2025-07-25T18:30:00Z,2025-07-25,2025-07-25_21,100.00000000000003,0,0,0,91.52173913043458,64.34782608695632,0.07548309178743963,0.0,0.0,True,False,True,False,10262.500000000004,0.0,0.0,0.0,0.0,0.0,10262.500000000004
2025-07-25T18:30:00Z,2025-07-25T18:45:00Z,2025-07-25,2025-07-25_21,100.00000000000003,0,0,0,64.34782608695632,37.17391304347805,0.07548309178743963,0.0,0.0,True,False,True,False,10262.500000000004,0.0,0.0,0.0,0.0,0.0,10262.500000000004
2025-07-25T18:45:00Z,2025-07-25T19:00:00Z,2025-07-25,2025-07-25_21,100.00000000000003,0,0,0,37.17391304347805,9.999999999999783,0.07548309178743963,0.0,0.0,True,False,True,False,10262.500000000004,0.0,0.0,0.0,0.0,0.0,10262.500000000004
2025-07-25T19:00:00Z,2025-07-25T19:15:00Z,2025-07-25,2025-07-25_22,-0.8082929109262299,0,0,0,9.999999999999783,10.185907369512815,0.0005164093597584247,0.0,0.0,True,False,True,False,-35.8093966863093,0.0,0.0,0.0,0.0,0.0,-35.8093966863093
2025-07-25T19:15:00Z,2025-07-25T19:30:00Z,2025-07-25,2025-07-25_22,-0.8082929109262299,0,0,0,10.185907369512815,10.371814739025847,0.0005164093597584247,0.0,0.0,True,False,True,False,-35.8093966863093,0.0,0.0,0.0,0.0,0.0,-35.8093966863093
2025-07-25T19:30:00Z,2025-07-25T19:45:00Z,2025-07-25,2025-07-25_22,-0.8082929109262299,0,0,0,10.371814739025847,10.55772210853888,0.0005164093597584247,0.0,0.0,True,False,True,False,-35.8093966863093,0.0,0.0,0.0,0.0,0.0,-35.8093966863093
2025-07-25T19:45:00Z,2025-07-25T20:00:00Z,2025-07-25,2025-07-25_22,-0.8082929109262299,0,0,0,10.55772210853888,10.743629478051911,0.0005164093597584247,0.0,0.0,True,False,True,False,-35.8093966863093,0.0,0.0,0.0,0.0,0.0,-35.8093966863093
2025-07-25T20:00:00Z,2025-07-25T20:15:00Z,2025-07-25,2025-07-25_23,11.620789670316253,88,100,0,10.743629478051911,9.99999999999978,0.013692806350006895,0.00352,2.574,True,True,True,False,475.6970251543958,0.0,73.45774481180462,36.928903969068095,0.48607275309713566,-155.48398011520555,431.08576657316013
2025-07-25T20:15:00Z,2025-07-25T20:30:00Z,2025-07-25,2025-07-25_23,11.620789670316253,88,100,0,9.99999999999978,9.999999999999773,0.015304136857178411,0.022879999999999998,3.388,True,True,True,False,475.6970251543958,0.0,73.45774481180462,36.928903969068095,3.159472895131381,20.356605381519763,609.5997522119196
2025-07-25T20:30:00Z,2025-07-25T20:45:00Z,2025-07-25,2025-07-25_23,11.620789670316253,88,100,0,9.999999999999773,12.144159724236955,0.019538849768934288,0.0,5.644,True,True,True,False,475.6970251543958,0.0,73.45774481180462,36.928903969068095,0.0,-181.88238696441255,404.20128697085596
2025-07-25T20:45:00Z,2025-07-25T21:00:00Z,2025-07-25,2025-07-25_23,11.620789670316253,88,100,0,12.144159724236955,11.606797392214379,0.014093289957700521,0.0,2.7895,True,True,True,False,475.6970251543958,0.0,73.45774481180462,36.928903969068095,0.0,-164.2047660380336,421.8789078972349
2025-07-25T21:00:00Z,2025-07-25T21:15:00Z,2025-07-26,2025-07-25_24,-47.22154983471235,98,50,2,11.606797392214379,21.554763207586355,0.031378762342029576,1.19707,0.31725,True,True,True,False,-1449.4654721764955,22.03794273093003,80.53285477636665,15.51530330519839,165.20784127553839,-25.97285734006468,-1192.1443874285267
2025-07-25T21:15:00Z,2025-07-25T21:30:00Z,2025-07-26,2025-07-25_24,-47.22154983471235,98,50,2,21.554763207586355,32.26060881516275,0.03167638154909274,0.61936,0.509,True,True,True,False,-1449.4654721764955,22.03794273093003,80.53285477636665,15.51530330519839,85.44793550524572,-42.11957935631459,-1288.0510152150694
2025-07-25T21:30:00Z,2025-07-25T21:45:00Z,2025-07-26,2025-07-25_24,-47.22154983471235,98,50,2,32.26060881516275,45.82521527714658,0.03767946239439956,0.0,2.93875,True,True,True,False,-1449.4654721764955,22.03794273093003,80.53285477636665,15.51530330519839,0.0,-148.18178024177647,-1479.5611516057768
2025-07-25T21:45:00Z,2025-07-25T22:00:00Z,2025-07-26,2025-07-25_24,-47.22154983471235,98,50,2,45.82521527714658,59.45652173913042,0.037864740172177336,0.0,3.01125,True,True,True,False,-1449.4654721764955,22.03794273093003,80.53285477636665,15.51530330519839,0.0,-157.45343338329258,-1488.832804747293
2025-07-25T22:00:00Z,2025-07-25T22:15:00Z,2025-07-26,2025-07-26_1,1.0,8,9,91,59.45652173913042,59.64041144347825,0.0016947419323671497,0.0,0.48546,True,True,True,False,29.175,1002.7263942573164,6.569377612999921,2.79275459493571,0.0,-28.720911887670585,1012.5426145775815
2025-07-25T22:15:00Z,2025-07-25T22:30:00Z,2025-07-26,2025-07-26_1,1.0,8,9,91,59.64041144347825,59.79068226086955,0.0016253899516908213,0.0,0.44964000000000004,True,True,True,False,29.175,1002.7263942573164,6.569377612999921,2.79275459493571,0.0,-20.234686723988325,1021.0288397412637
2025-07-25T22:30:00Z,2025-07-25T22:45:00Z,2025-07-26,2025-07-26_1,1.0,8,9,91,59.79068226086955,59.83929395652173,0.0014156786231884057,0.0,0.341325,True,True,True,False,29.175,1002.7263942573164,6.569377612999921,2.79275459493571,0.0,-15.74707208921669,1025.5164543760354
2025-07-25T22:45:00Z,2025-07-25T23:00:00Z,2025-07-26,2025-07-26_1,1.0,8,9,91,59.83929395652173,59.727398556521734,0.001087096111111111,0.00048,0.17086500000000002,True,True,True,False,29.175,1002.7263942573164,6.569377612999921,2.79275459493571,0.06616707422891852,-7.799380050485131,1033.530313488996
2025-07-25T23:00:00Z,2025-07-25T23:15:00Z,2025-07-26,2025-07-26_2,0.0,9,9,91,59.727398556521734,59.72239025217391,0.0001507619565217391,0.027269999999999996,0.026774999999999997,True,True,True,False,0.0,1002.7263942573164,7.036463674370907,2.79275459493571,3.759116904630432,-1.6582832344008833,1014.6564461968526
2025-07-25T23:15:00Z,2025-07-25T23:30:00Z,2025-07-26,2025-07-26_2,0.0,9,9,91,59.72239025217391,59.698865739130426,0.00011617586956521739,0.03006,0.009945,True,True,True,False,0.0,1002.7263942573164,7.036463674370907,2.79275459493571,4.143713023586022,-0.6770593969393389,1016.0222661532697
2025-07-25T23:30:00Z,2025-07-25T23:45:00Z,2025-07-26,2025-07-26_2,0.0,9,9,91,59.698865739130426,59.79574173913043,0.0002691,0.0,0.10529999999999999,True,True,True,False,0.0,1002.7263942573164,7.036463674370907,2.79275459493571,0.0,-6.602285911493254,1005.9533266151298
2025-07-25T23:45:00Z,2025-07-26T00:00:00Z,2025-07-26,2025-07-26_2,0.0,9,9,91,59.79574173913043,60.18001653913043,0.00106743,0.0,0.41769,True,True,True,False,0.0,1002.7263942573164,7.036463674370907,2.79275459493571,0.0,-19.342668056322474,993.2129444703006
2025-07-26T00:00:00Z,2025-07-26T00:15:00Z,2025-07-26,2025-07-26_3,0.45656225367583403,8,9,91,60.18001653913043,60.141486621413435,0.0005694553562965807,0.00272,0.09530999999999999,True,True,True,False,13.494838813023465,1002.7263942573164,5.8475980121479845,2.835351423838447,0.37494675396387156,-5.792843610475663,1019.4862856498146
2025-07-26T00:15:00Z,2025-07-26T00:30:00Z,2025-07-26,2025-07-26_3,0.45656225367583403,8,9,91,60.141486621413435,60.014877392640535,0.00036566556921648145,0.0048,0.00288,True,True,True,False,13.494838813023465,1002.7263942573164,5.8475980121479845,2.835351423838447,0.661670742289185,-0.23967815729273487,1025.3261750913227
2025-07-26T00:30:00Z,2025-07-26T00:45:00Z,2025-07-26,2025-07-26_3,0.45656225367583403,8,9,91,60.014877392640535,59.88781382140942,0.00039181751356806165,0.0096,0.00801,True,True,True,False,13.494838813023465,1002.7263942573164,5.8475980121479845,2.835351423838447,1.32334148457837,-0.6578726670347874,1025.56965132387
2025-07-26T00:45:00Z,2025-07-26T01:00:00Z,2025-07-26,2025-07-26_3,0.45656225367583403,8,9,91,59.88781382140942,59.948796617391125,0.0007975970921672436,0.0,0.199305,True,True,True,False,13.494838813023465,1002.7263942573164,5.8475980121479845,2.835351423838447,0.0,-11.874502914727458,1013.0296795915989
2025-07-26T01:00:00Z,2025-07-26T01:15:00Z,2025-07-26,2025-07-26_4,0.0,9,9,91,59.948796617391125,59.87368934782591,0.00021990130434782607,0.070965,0.002205,True,True,True,False,0.0,1002.7263942573164,6.485367200441744,2.835351423838447,9.793584247061606,-0.18329051628934287,1021.6574066123688
2025-07-26T01:15:00Z,2025-07-26T01:30:00Z,2025-07-26,2025-07-26_4,0.0,9,9,91,59.87368934782591,59.87124400869548,1.2772608695652173e-05,0.00324,0.0011699999999999998,True,True,True,False,0.0,1002.7263942573164,6.485367200441744,2.835351423838447,0.4466277510451999,-0.09736925140017352,1012.3963713812417
2025-07-26T01:30:00Z,2025-07-26T01:45:00Z,2025-07-26,2025-07-26_4,0.0,9,9,91,59.87124400869548,59.78029212173896,0.00025333413043478263,0.08379,0.000135,True,True,True,False,0.0,1002.7263942573164,6.485367200441744,2.835351423838447,11.55318159856433,-0.011234913623096946,1023.5890595665378
2025-07-26T01:45:00Z,2025-07-26T02:00:00Z,2025-07-26,2025-07-26_4,0.0,9,9,91,59.78029212173896,59.76545174782592,9.573326086956522e-05,0.022680000000000002,0.010665,True,True,True,False,0.0,1002.7263942573164,6.485367200441744,2.835351423838447,3.1263942573164,-0.8712918849096789,1014.3022152540034
2025-07-26T02:00:00Z,2025-07-26T02:15:00Z,2025-07-26,2025-07-26_5,0.0,9,9,91,59.76545174782592,59.83615073913027,0.0002507339130434783,0.009000000000000001,0.08748,True,True,True,False,0.0,1002.7263942573164,7.238798611658909,2.760806973258657,1.2406326417922222,-5.555121464068786,1008.4115110199574
2025-07-26T02:15:00Z,2025-07-26T02:30:00Z,2025-07-26,2025-07-26_5,0.0,9,9,91,59.83615073913027,59.70890920869548,0.00035551869565217387,0.117405,0.000405,True,True,True,False,0.0,1002.7263942573164,7.238798611658909,2.760806973258657,16.201024072138516,-0.03370474086929084,1028.8933191735032
2025-07-26T02:30:00Z,2025-07-26T02:45:00Z,2025-07-26,2025-07-26_5,0.0,9,9,91,59.70890920869548,59.63599519999983,0.00020805891304347826,0.067995,0.00108,True,True,True,False,0.0,1002.7263942573164,7.238798611658909,2.760806973258657,9.381387131221897,-0.08987930898477557,1022.0175076644712
2025-07-26T02:45:00Z,2025-07-26T03:00:00Z,2025-07-26,2025-07-26_5,0.0,9,9,91,59.63599519999983,59.63801808695635,0.00011214086956521739,0.01764,0.02304,True,True,True,False,0.0,1002.7263942573164,7.238798611658909,2.760806973258657,2.4316399779127553,-1.475785879940049,1013.6818539402067
2025-07-26T03:00:00Z,2025-07-26T03:15:00Z,2025-07-26,2025-07-26_6,0.0,9,9,91,59.63801808695635,59.76076908695635,0.000340975,0.0,0.133425,True,True,True,False,0.0,1002.7263942573164,7.744635954878913,2.760806973258657,0.0,-8.632182816320896,1004.5996543691331
2025-07-26T03:15:00Z,2025-07-26T03:30:00Z,2025-07-26,2025-07-26_6,0.0,9,9,91,59.76076908695635,59.868710234782434,0.0003009234782608696,0.00018,0.11754,True,True,True,False,0.0,1002.7263942573164,7.744635954878913,2.760806973258657,0.024812652835844443,-8.1171861165891,1005.1394637217007
2025-07-26T03:30:00Z,2025-07-26T03:45:00Z,2025-07-26,2025-07-26_6,0.0,9,9,91,59.868710234782434,60.394780034782436,0.0014613050000000004,0.0,0.5718150000000001,True,True,True,False,0.0,1002.7263942573164,7.744635954878913,2.760806973258657,0.0,-24.45617617042676,988.7756610150273
2025-07-26T03:45:00Z,2025-07-26T04:00:00Z,2025-07-26,2025-07-26_6,0.0,9,9,91,60.394780034782436,60.76630363478244,0.00103201,0.0,0.40383,True,True,True,False,0.0,1002.7263942573164,7.744635954878913,2.760806973258657,0.0,-18.743277125897293,994.4885600595567
2025-07-26T04:00:00Z,2025-07-26T04:15:00Z,2025-07-26,2025-07-26_7,0.0,9,9,91,60.76630363478244,60.449032504347656,0.0010526586956521738,0.32026499999999997,0.033525,True,True,True,False,0.0,1002.7263942573164,8.468782046225446,2.835351423838447,48.65996817070284,-2.0186204592963635,1060.6718754387869
2025-07-26T04:15:00Z,2025-07-26T04:30:00Z,2025-07-26,2025-07-26_7,0.0,9,9,91,60.449032504347656,60.413867860869395,9.90595652173913e-05,0.03258,0.00027,True,True,True,False,0.0,1002.7263942573164,8.468782046225446,2.835351423838447,4.4910901632878435,-0.021316145381399386,1018.5003017452867
2025-07-26T04:30:00Z,2025-07-26T04:45:00Z,2025-07-26,2025-07-26_7,0.0,9,9,91,60.413867860869395,60.33606779130418,0.0002499213043478261,0.07717500000000001,0.006614999999999999,True,True,True,False,0.0,1002.7263942573164,8.468782046225446,2.835351423838447,10.644101773881834,-0.5202665930425179,1024.1543629082196
2025-07-26T04:45:00Z,2025-07-26T05:00:00Z,2025-07-26,2025-07-26_7,0.0,9,9,91,60.33606779130418,60.3144350782607,9.643086956521738e-05,0.02592,0.00711,True,True,True,False,0.0,1002.7263942573164,8.468782046225446,2.835351423838447,3.5730220083615993,-0.5890343634140569,1017.0145153723279
2025-07-26T05:00:00Z,2025-07-26T05:15:00Z,2025-07-26,2025-07-26_8,0.0,9,9,91,60.3144350782607,59.77060483478244,0.0015110995652173908,0.5004,9e-05,True,True,True,False,0.0,1002.7263942573164,7.9789185138439676,2.835351423838447,75.95169645815254,-0.007454445057979018,1089.4849062080934
2025-07-26T05:15:00Z,2025-07-26T05:30:00Z,2025-07-26,2025-07-26_8,0.0,9,9,91,59.77060483478244,59.50177984347809,0.0007676660869565218,0.25078500000000004,0.004095,True,True,True,False,0.0,1002.7263942573164,7.9789185138439676,2.835351423838447,34.61706405202335,-0.3048864301490889,1047.852841816873
2025-07-26T05:30:00Z,2025-07-26T05:45:00Z,2025-07-26,2025-07-26_8,0.0,9,9,91,59.50177984347809,59.53782805217374,0.00010203608695652172,0.000315,0.03955499999999999,True,True,True,False,0.0,1002.7263942573164,7.9789185138439676,2.835351423838447,0.0433954928216455,-3.193776849806736,1010.3902828380137
2025-07-26T05:45:00Z,2025-07-26T06:00:00Z,2025-07-26,2025-07-26_8,0.0,9,9,91,59.53782805217374,59.56764880869548,0.0001108245652173913,0.004634999999999999,0.03789,True,True,True,False,0.0,1002.7263942573164,7.9789185138439676,2.835351423838447,0.6388371469985011,-3.1353474363019638,1011.0441539056953
2025-07-26T06:00:00Z,2025-07-26T06:15:00Z,2025-07-26,2025-07-26_9,0.0,100,100,0,59.56764880869548,51.37145315652157,0.022767210144927535,7.5405,0.0,True,True,True,False,0.0,0.0,72.65125818411295,31.503904709316085,6346.207808235386,0.0,6450.362971128816
2025-07-26T06:15:00Z,2025-07-26T06:30:00Z,2025-07-26,2025-07-26_9,0.0,100,100,0,51.37145315652157,49.646705330434614,0.004816521739130434,1.591,0.005,True,True,True,False,0.0,0.0,72.65125818411295,31.503904709316085,219.57795495779754,-0.4121637611422261,323.32095409008434
2025-07-26T06:30:00Z,2025-07-26T06:45:00Z,2025-07-26,2025-07-26_9,0.0,100,100,0,49.646705330434614,49.6710096782607,0.0010185990338164252,0.1575,0.21250000000000002,True,True,True,False,0.0,0.0,72.65125818411295,31.503904709316085,21.708027332965212,-14.095411473534748,111.7677787528595
2025-07-26T06:45:00Z,2025-07-26T07:00:00Z,2025-07-26,2025-07-26_9,0.0,100,100,0,49.6710096782607,50.7129096782607,0.002894166666666667,0.0,1.1325,True,True,True,False,0.0,0.0,72.65125818411295,31.503904709316085,0.0,-93.38792251715705,10.767240376271982
2025-07-26T07:00:00Z,2025-07-26T07:15:00Z,2025-07-26,2025-07-26_10,0.0,100,100,0,50.7129096782607,50.51847228695635,0.0005861038647342995,0.1865,0.009,True,True,True,False,0.0,0.0,72.8287449712077,31.503904709316085,25.70480348268518,-0.7479097972706475,129.28954336593833
2025-07-26T07:15:00Z,2025-07-26T07:30:00Z,2025-07-26,2025-07-26_10,0.0,100,100,0,50.51847228695635,40.5891244608694,0.02758152173913043,9.135,0.0,True,True,True,False,0.0,0.0,72.8287449712077,31.503904709316085,9208.091889839867,0.0,9312.42453952039
2025-07-26T07:30:00Z,2025-07-26T07:45:00Z,2025-07-26,2025-07-26_10,0.0,100,100,0,40.5891244608694,32.32043837391288,0.022991572463768113,7.611,0.0045,True,True,True,False,0.0,0.0,72.8287449712077,31.503904709316085,6047.828660763587,-0.37272225289895083,6151.7885881912125
2025-07-26T07:45:00Z,2025-07-26T08:00:00Z,2025-07-26,2025-07-26_10,0.0,100,100,0,32.32043837391288,32.06815402608679,0.000987012077294686,0.2795,0.05600000000000001,True,True,True,False,0.0,0.0,72.8287449712077,31.503904709316085,38.53228405774237,-4.641281060187741,138.22365267807842
2025-07-26T08:00:00Z,2025-07-26T08:15:00Z,2025-07-26,2025-07-26_11,-100.0,100,0,0,32.06815402608679,48.377454026086795,0.04530361111111112,7.2725,0.0,True,True,True,False,-2064.75,0.0,72.29628460992349,0.0,2935.8796235308037,0.0,943.4259081407272
2025-07-26T08:15:00Z,2025-07-26T08:30:00Z,2025-07-26,2025-07-26_11,-100.0,100,0,0,48.377454026086795,60.833334026086796,0.034599666666666674,11.461,0.0,True,True,True,False,-2064.75,0.0,72.29628460992349,0.0,4788.328410901632,0.0,2795.8746955115557
2025-07-26T08:30:00Z,2025-07-26T08:45:00Z,2025-07-26,2025-07-26_11,-100.0,100,0,0,60.833334026086796,71.8429740260868,0.030582333333333336,13.033,0.0,True,True,True,False,-2064.75,0.0,72.29628460992349,0.0,2671.934633588388,0.0,679.4809181983114
2025-07-26T08:45:00Z,2025-07-26T09:00:00Z,2025-07-26,2025-07-26_11,-100.0,100,0,0,71.8429740260868,88.0345140260868,0.04497650000000001,7.4005,0.0,True,True,True,False,-2064.75,0.0,72.29628460992349,0.0,1191.3596588309538,0.0,-801.0940565591227
2025-07-26T09:00:00Z,2025-07-26T09:15:00Z,2025-07-26,2025-07-26_12,-9.0,9,0,91,88.0345140260868,90.07743842608679,0.005674790000000001,0.029430000000000005,0.0,True,True,True,False,-175.8825,1002.7263942573164,6.506665614893113,0.0,4.039457284846573,0.0,837.3900171570561
2025-07-26T09:15:00Z,2025-07-26T09:30:00Z,2025-07-26,2025-07-26_12,-9.0,9,0,91,90.07743842608679,91.74817682608678,0.00464094,0.43398,0.0,True,True,True,False,-175.8825,1002.7263942573164,6.506665614893113,0.0,61.84300584128737,0.0,895.1935657134969
2025-07-26T09:30:00Z,2025-07-26T09:45:00Z,2025-07-26,2025-07-26_12,-9.0,9,0,91,91.74817682608678,93.81817682608678,0.00575,0.0,0.0,True,True,True,False,-175.8825,1002.7263942573164,6.506665614893113,0.0,0.0,0.0,833.3505598722096
2025-07-26T09:45:00Z,2025-07-26T10:00:00Z,2025-07-26,2025-07-26_12,-9.0,9,0,91,93.81817682608678,95.88817682608679,0.00575,0.0,0.0,True,True,True,False,-175.8825,1002.7263942573164,6.506665614893113,0.0,0.0,0.0,833.3505598722096
2025-07-26T10:00:00Z,2025-07-26T10:15:00Z,2025-07-26,2025-07-26_13,-9.0,9,0,91,95.88817682608679,97.95656222608679,0.0057455150000000005,0.001755,0.0,True,True,True,False,-154.71,1002.7263942573164,6.506665614893113,0.0,0.2246184034077463,0.0,854.7476782756173
2025-07-26T10:15:00Z,2025-07-26T10:30:00Z,2025-07-26,2025-07-26_13,-9.0,9,0,91,97.95656222608679,100.02631382608679,0.00574931,0.00027,0.0,True,True,True,False,-154.71,1002.7263942573164,6.506665614893113,0.0,0.034556677447345585,0.0,854.5576165496569
2025-07-26T10:30:00Z,2025-07-26T10:45:00Z,2025-07-26,2025-07-26_13,-9.0,9,0,91,100.02631382608679,102.09490622608679,0.005746090000000001,0.0015300000000000001,0.0,True,True,True,False,-154.71,1002.7263942573164,6.506665614893113,0.0,0.19582117220162498,0.0,854.7188810444112
2025-07-26T10:45:00Z,2025-07-26T11:00:00Z,2025-07-26,2025-07-26_13,-9.0,9,0,91,102.09490622608679,104.1488430260868,0.00570538,0.01746,0.0,True,True,True,False,-154.71,1002.7263942573164,6.506665614893113,0.0,2.2346651415950145,0.0,856.7577250138046
2025-07-26T11:00:00Z,2025-07-26T11:15:00Z,2025-07-26,2025-07-26_14,-48.99999999999995,49,0,51,104.1488430260868,112.10546302608678,0.02210172222222221,3.6014999999999997,0.0,True,True,True,False,-804.4574999999992,561.9675396387157,35.42517945886251,0.0,506.7590619823301,0.0,299.6942810799091
2025-07-26T11:15:00Z,2025-07-26T11:30:00Z,2025-07-26,2025-07-26_14,-48.99999999999995,49,0,51,112.10546302608678,117.90432882608678,0.016107960555555557,5.946885,0.0,True,True,True,False,-804.4574999999992,561.9675396387157,35.42517945886251,0.0,935.3314393981225,0.0,728.2666584957016
2025-07-26T11:30:00Z,2025-07-26T11:45:00Z,2025-07-26,2025-07-26_14,-48.99999999999995,49,0,51,117.90432882608678,124.64604282608677,0.01872698333333333,4.92205,0.0,True,True,True,False,-804.4574999999992,561.9675396387157,35.42517945886251,0.0,801.6472985919381,0.0,594.5825176895172
2025-07-26T11:45:00Z,2025-07-26T12:00:00Z,2025-07-26,2025-07-26_14,-48.99999999999995,49,0,51,124.64604282608677,134.48001942608676,0.027316601666666645,1.5608950000000001,0.0,True,True,True,False,-804.4574999999992,561.9675396387157,35.42517945886251,0.0,209.77458550524574,0.0,2.709804602824782
2025-07-26T12:00:00Z,2025-07-26T12:15:00Z,2025-07-26,2025-07-26_15,-9.0,9,0,91,134.48001942608676,136.45264662608676,0.005479520000000001,0.10583999999999999,0.0,True,True,True,False,-148.4775,1002.7263942573164,6.506665614893113,0.0,14.038410712313636,0.0,874.7939705845232
2025-07-26T12:15:00Z,2025-07-26T12:30:00Z,2025-07-26,2025-07-26_15,-9.0,9,0,91,136.45264662608676,138.50016642608676,0.005687555,0.024435000000000005,0.0,True,True,True,False,-148.4775,1002.7263942573164,6.506665614893113,0.0,3.0554784974757436,0.0,863.8110383696853
2025-07-26T12:30:00Z,2025-07-26T12:45:00Z,2025-07-26,2025-07-26_15,-9.0,9,0,91,138.50016642608676,140.56486722608676,0.00573528,0.00576,0.0,True,True,True,False,-148.4775,1002.7263942573164,6.506665614893113,0.0,0.7130970418868818,0.0,861.4686569140964
2025-07-26T12:45:00Z,2025-07-26T13:00:00Z,2025-07-26,2025-07-26_15,-9.0,9,0,91,140.56486722608676,142.63457742608676,0.005749195,0.000315,0.0,True,True,True,False,-148.4775,1002.7263942573164,6.506665614893113,0.0,0.03944643843180563,0.0,860.7950063106414
2025-07-26T13:00:00Z,2025-07-26T13:15:00Z,2025-07-26,2025-07-26_16,0.0,9,9,91,142.63457742608676,143.23893462608677,0.00167877,0.0,0.65691,True,True,True,False,0.0,1002.7263942573164,6.4028358444426905,2.752820067839394,0.0,-16.84922071862428,995.0328294509742
2025-07-26T13:15:00Z,2025-07-26T13:30:00Z,2025-07-26,2025-07-26_16,0.0,9,9,91,143.23893462608677,143.57315682608677,0.000928395,0.0,0.363285,True,True,True,False,0.0,1002.7263942573164,6.4028358444426905,2.752820067839394,0.0,-12.858761581012859,999.0232885885856
2025-07-26T13:30:00Z,2025-07-26T13:45:00Z,2025-07-26,2025-07-26_16,0.0,9,9,91,143.57315682608677,143.50650008695635,0.00040940760869565213,0.09846,0.043875,True,True,True,False,0.0,1002.7263942573164,6.4028358444426905,2.752820067839394,13.490600548236962,-1.784262690305277,1023.5883880275302
2025-07-26T13:45:00Z,2025-07-26T14:00:00Z,2025-07-26,2025-07-26_16,0.0,9,9,91,143.50650008695635,143.16076782608678,0.0009638173913043477,0.318645,0.0006749999999999999,True,True,True,False,0.0,1002.7263942573164,6.4028358444426905,2.752820067839394,44.06077122248955,-0.027119936696379267,1055.9157014553916
2025-07-26T14:00:00Z,2025-07-26T14:15:00Z,2025-07-26,2025-07-26_17,0.0,100,100,0,143.16076782608678,157.5407443478259,0.03994739855072464,0.0005,15.631,True,True,True,False,0.0,0.0,71.17220162499014,31.799716021140647,0.05334463989902974,11186.97858917725,11290.00385146328
2025-07-26T14:15:00Z,2025-07-26T14:30:00Z,2025-07-26,2025-07-26_17,0.0,100,100,0,157.5407443478259,157.99565913043457,0.00158068115942029,0.0525,0.5565,True,True,True,False,0.0,0.0,71.17220162499014,31.799716021140647,5.922142462727774,-33.580519050248476,75.31354105861008
2025-07-26T14:30:00Z,2025-07-26T14:45:00Z,2025-07-26,2025-07-26_17,0.0,100,100,0,157.99565913043457,156.5770652173911,0.004127094202898551,1.336,0.0365,True,True,True,False,0.0,0.0,71.17220162499014,31.799716021140647,176.0641334700639,-2.5942655005127393,276.44178561568197
2025-07-26T14:45:00Z,2025-07-26T15:00:00Z,2025-07-26,2025-07-26_17,0.0,100,100,0,156.5770652173911,147.2199999999998,0.025991847826086954,8.6085,0.0,True,True,True,False,0.0,0.0,71.17220162499014,31.799716021140647,3569.709382543188,0.0,3672.681300189319
2025-07-26T15:00:00Z,2025-07-26T15:15:00Z,2025-07-26,2025-07-26_18,0.0,0,0,93,147.2199999999998,147.2199999999998,0.0,0.0,0.0,True,False,True,False,0.0,1024.7643369882464,0.0,0.0,0.0,0.0,1024.7643369882464
2025-07-26T15:15:00Z,2025-07-26T15:30:00Z,2025-07-26,2025-07-26_18,0.0,0,0,93,147.2199999999998,147.2199999999998,0.0,0.0,0.0,True,False,True,False,0.0,1024.7643369882464,0.0,0.0,0.0,0.0,1024.7643369882464
2025-07-26T15:30:00Z,2025-07-26T15:45:00Z,2025-07-26,2025-07-26_18,0.0,0,0,93,147.2199999999998,147.2199999999998,0.0,0.0,0.0,True,False,True,False,0.0,1024.7643369882464,0.0,0.0,0.0,0.0,1024.7643369882464
2025-07-26T15:45:00Z,2025-07-26T16:00:00Z,2025-07-26,2025-07-26_18,0.0,0,0,93,147.2199999999998,147.2199999999998,0.0,0.0,0.0,True,False,True,False,0.0,1024.7643369882464,0.0,0.0,0.0,0.0,1024.7643369882464
2025-07-26T16:00:00Z,2025-07-26T16:15:00Z,2025-07-26,2025-07-26_19,-52.37540873833546,100,47,0,147.2199999999998,141.44703763678663,0.03523520195079406,17.828,0.0,True,True,True,False,-1864.171735519205,0.0,79.42533722489549,14.945866529936104,18734.468787568036,0.0,16964.668255803663
2025-07-26T16:15:00Z,2025-07-26T16:30:00Z,2025-07-26,2025-07-26_19,-52.37540873833546,100,47,0,141.44703763678663,138.34577181469476,0.03496935101173303,15.155,0.0,True,True,True,False,-1864.171735519205,0.0,79.42533722489549,14.945866529936104,10155.344340143567,0.0,8385.543808379194
2025-07-26T16:30:00Z,2025-07-26T16:45:00Z,2025-07-26,2025-07-26_19,-52.37540873833546,100,47,0,138.34577181469476,147.42306435597442,0.03375750635517141,2.9705,0.0,True,True,True,False,-1864.171735519205,0.0,79.42533722489549,14.945866529936104,467.873081565039,0.0,-1301.9274501993343
2025-07-26T16:45:00Z,2025-07-26T17:00:00Z,2025-07-26,2025-07-26_19,-52.37540873833546,100,47,0,147.42306435597442,146.95051604347807,0.034707776761927364,12.525,0.0,True,True,True,False,-1864.171735519205,0.0,79.42533722489549,14.945866529936104,13002.779300110435,0.0,11232.978768346062
2025-07-26T17:00:00Z,2025-07-26T17:15:00Z,2025-07-26,2025-07-26_20,0.9999999999999982,6,7,93,146.95051604347807,146.7002802782607,0.0013104260144927524,0.10217999999999999,0.140455,True,True,True,False,43.52249999999992,1024.7643369882464,5.752346769740473,2.2528989508558808,19.221317819673423,-8.38126461899503,1087.1321359095211
2025-07-26T17:15:00Z,2025-07-26T17:30:00Z,2025-07-26,2025-07-26_20,0.9999999999999982,6,7,93,146.7002802782607,146.87272683478244,0.0015827017874396128,0.0,0.47061,True,True,True,False,43.52249999999992,1024.7643369882464,5.752346769740473,2.2528989508558808,0.0,-22.820798440088346,1053.4712842687543
2025-07-26T17:30:00Z,2025-07-26T17:45:00Z,2025-07-26,2025-07-26_20,0.9999999999999982,6,7,93,146.87272683478244,146.94355839999983,0.0013933123188405788,0.0,0.36294999999999994,True,True,True,False,43.52249999999992,1024.7643369882464,5.752346769740473,2.2528989508558808,0.0,-21.333870030369958,1054.9582126784728
2025-07-26T17:45:00Z,2025-07-26T18:00:00Z,2025-07-26,2025-07-26_20,0.9999999999999982,6,7,93,146.94355839999983,147.00269565217374,0.0013715165217391295,0.0,0.35056,True,True,True,False,43.52249999999992,1024.7643369882464,5.752346769740473,2.2528989508558808,0.0,-17.4726244064053,1058.8194583024374
2025-07-26T18:00:00Z,2025-07-26T18:15:00Z,2025-07-26,2025-07-26_21,85.0,0,85,15,147.00269565217374,124.03375543478245,0.06380261171497584,0.0,0.11857500000000001,True,True,True,False,4580.0125,165.2845704819752,0.0,25.16910546659304,0.0,-8.96741560010255,4761.498760348465
2025-07-26T18:15:00Z,2025-07-26T18:30:00Z,2025-07-26,2025-07-26_21,85.0,0,85,15,124.03375543478245,105.72595652173896,0.050854996980676324,0.0,4.406825,True,True,True,False,4580.0125,165.2845704819752,0.0,25.16910546659304,0.0,-227.86382576713737,4542.602350181431
2025-07-26T18:30:00Z,2025-07-26T18:45:00Z,2025-07-26,2025-07-26_21,85.0,0,85,15,105.72595652173896,83.69755978260854,0.06118999094202898,0.0,0.983875,True,True,True,False,4580.0125,165.2845704819752,0.0,25.16910546659304,0.0,-62.54362289973968,4707.922553048828
2025-07-26T18:45:00Z,2025-07-26T19:00:00Z,2025-07-26,2025-07-26_21,85.0,0,85,15,83.69755978260854,61.29636413043462,0.06222554347826086,0.0,0.6409,True,True,True,False,4580.0125,165.2845704819752,0.0,25.16910546659304,0.0,-43.6705073952828,4726.795668553285
2025-07-26T19:00:00Z,2025-07-26T19:15:00Z,2025-07-26,2025-07-26_22,0.9980955651423369,6,7,93,61.29636413043462,61.020521144302414,0.0007930723674231288,0.00957,0.006124999999999999,True,True,True,False,45.44578631984345,1024.7643369882464,5.654729036838368,2.2218387631143015,1.3163600299755462,-0.4564120306460519,1078.946639107372
2025-07-26T19:15:00Z,2025-07-26T19:30:00Z,2025-07-26,2025-07-26_22,0.9980955651423369,6,7,93,61.020521144302414,60.75452563734624,0.0007773752907698619,0.00282,0.008785000000000001,True,True,True,False,45.44578631984345,1024.7643369882464,5.654729036838368,2.2218387631143015,0.3845545042202414,-0.645417186637217,1077.8258284256256
2025-07-26T19:30:00Z,2025-07-26T19:45:00Z,2025-07-26,2025-07-26_22,0.9980955651423369,6,7,93,60.75452563734624,60.54347826086934,0.0008730670565949798,0.00147,0.06545000000000001,True,True,True,False,45.44578631984345,1024.7643369882464,5.654729036838368,2.2218387631143015,0.20085583931529538,-3.408206653782441,1074.8793402935755
2025-07-26T19:45:00Z,2025-07-26T20:00:00Z,2025-07-26,2025-07-26_22,0.9980955651423369,6,7,93,60.54347826086934,60.55918295273777,0.0012886519272399138,0.0,0.30401,True,True,True,False,45.44578631984345,1024.7643369882464,5.654729036838368,2.2218387631143015,0.0,-12.612506060187739,1065.474185047855
2025-07-26T20:00:00Z,2025-07-26T20:15:00Z,2025-07-26,2025-07-26_23,2.8954614372069787,6,9,91,60.55918295273777,60.07549934491735,0.002422807298257008,0.0,0.31131000000000003,True,True,True,False,93.49444980741333,1002.7263942573164,4.7832689122032015,2.9098958744182375,0.0,-15.020455790013411,1088.8935530613378
2025-07-26T20:15:00Z,2025-07-26T20:30:00Z,2025-07-26,2025-07-26_23,2.8954614372069787,6,9,91,60.07549934491735,59.48735581634592,0.0023410581242597098,0.0,0.20403,True,True,True,False,93.49444980741333,1002.7263942573164,4.7832689122032015,2.9098958744182375,0.0,-11.617413800583734,1092.2965950507676
2025-07-26T20:30:00Z,2025-07-26T20:45:00Z,2025-07-26,2025-07-26_23,2.8954614372069787,6,9,91,59.48735581634592,59.45652173913018,0.0027772023122092215,0.0,0.776385,True,True,True,False,93.49444980741333,1002.7263942573164,4.7832689122032015,2.9098958744182375,0.0,-30.722694193223948,1073.1913146581273
2025-07-26T20:45:00Z,2025-07-26T21:00:00Z,2025-07-26,2025-07-26_23,2.8954614372069787,6,9,91,59.45652173913018,60.20900561630439,0.0033902182449062424,0.0,1.58085,True,True,True,False,93.49444980741333,1002.7263942573164,4.7832689122032015,2.9098958744182375,0.0,-31.727361461702298,1072.186647389649
2025-07-26T21:00:00Z,2025-07-26T21:15:00Z,2025-07-27,2025-07-26_24,-0.5922268127165417,9,8,91,60.20900561630439,59.903879926010134,0.0018981555340153076,0.48672000000000004,0.08952,True,True,True,False,-16.252184307973693,1002.7263942573164,7.395874418237753,2.482448528831742,85.64546192316794,-3.883460503273645,1078.1145343163066
2025-07-26T21:15:00Z,2025-07-26T21:30:00Z,2025-07-27,2025-07-26_24,-0.5922268127165417,9,8,91,59.903879926010134,59.58698057147739,0.0014963415447565172,0.42129,0.0002,True,True,True,False,-16.252184307973693,1002.7263942573164,7.395874418237753,2.482448528831742,95.15796900686281,-0.015382188214877338,1091.4951197150601
2025-07-26T21:30:00Z,2025-07-26T21:45:00Z,2025-07-27,2025-07-26_24,-0.5922268127165417,9,8,91,59.58698057147739,59.683679493943025,0.0005031728047067664,0.04158,0.005679999999999999,True,True,True,False,-16.252184307973693,1002.7263942573164,7.395874418237753,2.482448528831742,5.724564301490888,-0.3990696221503509,1001.6780275757528
2025-07-26T21:45:00Z,2025-07-26T22:00:00Z,2025-07-27,2025-07-26_24,-0.5922268127165417,9,8,91,59.683679493943025,60.320482060867825,0.0017688960192355678,0.0,0.5441199999999999,True,True,True,False,-16.252184307973693,1002.7263942573164,7.395874418237753,2.482448528831742,0.0,-20.601833099313716,975.7506997970985
2025-07-26T22:00:00Z,2025-07-26T22:15:00Z,2025-07-27,2025-07-27_1,0.0,9,9,91,60.320482060867825,60.48907499130261,0.0004843463043478262,0.002655,0.18639000000000003,True,True,True,False,0.0,1002.7263942573164,7.390549814624911,2.79275459493571,0.36250792379900604,-8.54079207422892,1004.7314145164471
2025-07-26T22:15:00Z,2025-07-26T22:30:00Z,2025-07-27,2025-07-27_1,0.0,9,9,91,60.48907499130261,60.49336329565043,4.0988043478260876e-05,0.004815,0.01035,True,True,True,False,0.0,1002.7263942573164,7.390549814624911,2.79275459493571,0.6563461830480398,-0.7308457738423917,1012.8351990760827
2025-07-26T22:30:00Z,2025-07-26T22:45:00Z,2025-07-27,2025-07-27_1,0.0,9,9,91,60.49336329565043,60.31827807825913,0.0005035978260869565,0.163935,0.003375,True,True,True,False,0.0,1002.7263942573164,7.390549814624911,2.79275459493571,22.624601200007884,-0.25491539796481816,1035.2793844689202
2025-07-26T22:45:00Z,2025-07-26T23:00:00Z,2025-07-27,2025-07-27_1,0.0,9,9,91,60.31827807825913,60.14586406086782,0.0006360178260869564,0.184635,0.030735000000000002,True,True,True,False,0.0,1002.7263942573164,7.390549814624911,2.79275459493571,25.483584279600848,-1.9766275646840736,1036.4166553817938
2025-07-26T23:00:00Z,2025-07-26T23:15:00Z,2025-07-27,2025-07-27_2,0.0,9,9,91,60.14586406086782,60.24415916521565,0.00027711804347826084,0.0006749999999999999,0.10764,True,True,True,False,0.0,1002.7263942573164,6.96990612921038,2.79275459493571,0.09000350536404512,-6.707100449633193,1005.8719580371934
2025-07-26T23:15:00Z,2025-07-26T23:30:00Z,2025-07-27,2025-07-27_2,0.0,9,9,91,60.24415916521565,60.327700999998264,0.000239669347826087,0.00126,0.092295,True,True,True,False,0.0,1002.7263942573164,6.96990612921038,2.79275459493571,0.17064467145223633,-5.952907371617891,1006.7067922812969
2025-07-26T23:30:00Z,2025-07-26T23:45:00Z,2025-07-27,2025-07-27_2,0.0,9,9,91,60.327700999998264,60.610669999998265,0.0007860250000000001,0.0,0.307575,True,True,True,False,0.0,1002.7263942573164,6.96990612921038,2.79275459493571,0.0,-17.659055780153032,994.8299992013095
2025-07-26T23:45:00Z,2025-07-27T00:00:00Z,2025-07-27,2025-07-27_2,0.0,9,9,91,60.610669999998265,60.78099359130261,0.00047746891304347827,0.00072,0.18598499999999998,True,True,True,False,0.0,1002.7263942573164,6.96990612921038,2.79275459493571,0.09794615445294629,-5.688042472588151,1006.8989586633273
2025-07-27T00:00:00Z,2025-07-27T00:15:00Z,2025-07-27,2025-07-27_3,0.0,9,9,91,60.78099359130261,60.99042899130261,0.0005880150000000001,0.0010350000000000001,0.22887000000000002,True,True,True,False,0.0,1002.7263942573164,6.535950934763745,2.835351423838447,0.13658497475743472,-0.30633049814624913,1011.9279510925298
2025-07-27T00:15:00Z,2025-07-27T00:30:00Z,2025-07-27,2025-07-27_3,0.0,9,9,91,60.99042899130261,60.949928991302606,0.00011249999999999998,0.037259999999999995,0.0,True,True,True,False,0.0,1002.7263942573164,6.535950934763745,2.835351423838447,5.127519160684704,0.0,1017.2252157766034
2025-07-27T00:30:00Z,2025-07-27T00:45:00Z,2025-07-27,2025-07-27_3,0.0,9,9,91,60.949928991302606,60.88071382608521,0.00020284434782608695,0.06543,0.0020700000000000002,True,True,True,False,0.0,1002.7263942573164,6.535950934763745,2.835351423838447,9.02426384594147,-0.1451486057426836,1020.9768118561174
2025-07-27T00:45:00Z,2025-07-27T01:00:00Z,2025-07-27,2025-07-27_3,0.0,9,9,91,60.88071382608521,60.98813563478086,0.00030029608695652176,0.000315,0.117135,True,True,True,False,0.0,1002.7263942573164,6.535950934763745,2.835351423838447,0.04168277194919934,-5.992046145578606,1006.1473332422892
2025-07-27T01:00:00Z,2025-07-27T01:15:00Z,2025-07-27,2025-07-27_4,-9.414691248821327e-14,9,9,91,60.98813563478086,60.99795987825914,4.9300434782668634e-05,0.0036450000000000002,0.014985,True,True,True,False,-2.2802382204645253e-12,1002.7263942573164,6.485367200441744,2.835351423838447,0.49636852074623333,-1.0681673729983434,1011.4753140293423
2025-07-27T01:15:00Z,2025-07-27T01:30:00Z,2025-07-27,2025-07-27_4,-9.414691248821327e-14,9,9,91,60.99795987825914,60.99372439999829,3.361521739136406e-05,0.007515,0.004275,True,True,True,False,-2.2802382204645253e-12,1002.7263942573164,6.485367200441744,2.835351423838447,1.0146213309536956,-0.3151636428177013,1012.7465705697304
2025-07-27T01:30:00Z,2025-07-27T01:45:00Z,2025-07-27,2025-07-27_4,-9.414691248821327e-14,9,9,91,60.99372439999829,60.895255869563535,0.0002916936956522286,0.09359999999999999,0.003555,True,True,True,False,-2.2802382204645253e-12,1002.7263942573164,6.485367200441744,2.835351423838447,12.911107359785436,-0.2550664125976177,1024.7031538287822
2025-07-27T01:45:00Z,2025-07-27T02:00:00Z,2025-07-27,2025-07-27_4,-9.414691248821327e-14,9,9,91,60.895255869563535,60.90990567825921,7.384608695658157e-05,0.00549,0.02241,True,True,True,False,-2.2802382204645253e-12,1002.7263942573164,6.485367200441744,2.835351423838447,0.745914828035024,-1.4523101285793167,1011.3407175810501
2025-07-27T02:00:00Z,2025-07-27T02:15:00Z,2025-07-27,2025-07-27_5,0.0,9,9,91,60.90990567825921,60.9491536608679,0.00012396782608695652,0.002475,0.045584999999999994,True,True,True,False,0.0,1002.7263942573164,7.238798611658909,2.760806973258657,0.33421627258026354,-2.916143684428492,1010.1440724303858
2025-07-27T02:15:00Z,2025-07-27T02:30:00Z,2025-07-27,2025-07-27_5,0.0,9,9,91,60.9491536608679,61.0571662608679,0.000300035,0.0,0.117405,True,True,True,False,0.0,1002.7263942573164,7.238798611658909,2.760806973258657,0.0,-6.752084076477084,1005.9739157657569
2025-07-27T02:30:00Z,2025-07-27T02:45:00Z,2025-07-27,2025-07-27_5,0.0,9,9,91,61.0571662608679,61.241147860867905,0.00051106,0.0,0.19998,True,True,True,False,0.0,1002.7263942573164,7.238798611658909,2.760806973258657,0.0,-11.908014727459177,1000.8179851147748
2025-07-27T02:45:00Z,2025-07-27T03:00:00Z,2025-07-27,2025-07-27_5,0.0,9,9,91,61.241147860867905,61.27652662608529,0.00010941565217391304,0.0018449999999999999,0.040635,True,True,True,False,0.0,1002.7263942573164,7.238798611658909,2.760806973258657,0.25041614340932394,-3.1427936637217004,1009.8336223219217
2025-07-27T03:00:00Z,2025-07-27T03:15:00Z,2025-07-27,2025-07-27_6,0.0,9,9,91,61.27652662608529,60.32869569565051,0.0026761036956521734,0.879165,0.00846,True,True,True,False,0.0,1002.7263942573164,7.744635954878913,2.760806973258657,161.85128052871343,-0.635891425416108,1174.4472262887514
2025-07-27T03:15:00Z,2025-07-27T03:30:00Z,2025-07-27,2025-07-27_6,0.0,9,9,91,60.32869569565051,59.65266852173747,0.0018778532608695652,0.621945,0.0,True,True,True,False,0.0,1002.7263942573164,7.744635954878913,2.760806973258657,95.93429260175908,0.0,1109.166129787213
2025-07-27T03:30:00Z,2025-07-27T03:45:00Z,2025-07-27,2025-07-27_6,0.0,9,9,91,59.65266852173747,59.52886960869399,0.0003438858695652174,0.11389500000000001,0.0,True,True,True,False,0.0,1002.7263942573164,7.744635954878913,2.760806973258657,15.708876009702612,0.0,1028.9407131951566
2025-07-27T03:45:00Z,2025-07-27T04:00:00Z,2025-07-27,2025-07-27_6,0.0,9,9,91,59.52886960869399,59.46370240869399,0.00018148,0.06003000000000001,9e-05,True,True,True,False,0.0,1002.7263942573164,7.744635954878913,2.760806973258657,8.271965421629725,-0.007312455628303226,1021.4964901514554
2025-07-27T04:00:00Z,2025-07-27T04:15:00Z,2025-07-27,2025-07-27_7,-8.881784197001252e-15,9,9,91,59.46370240869399,59.456521739128775,5.8586304347831684e-05,0.013005,0.007560000000000001,True,True,True,False,-1.95021776505655e-13,1002.7263942573164,8.468782046225446,2.835351423838447,1.7783647599984223,-0.5963556046383214,1015.2125368827402
2025-07-27T04:15:00Z,2025-07-27T04:30:00Z,2025-07-27,2025-07-27_7,-8.881784197001252e-15,9,9,91,59.456521739128775,59.46415514782443,3.56060869565274e-05,0.002385,0.011115,True,True,True,False,-1.95021776505655e-13,1002.7263942573164,8.468782046225446,2.835351423838447,0.32311463378559596,-0.9030882700954483,1013.4505540910703
2025-07-27T04:30:00Z,2025-07-27T04:45:00Z,2025-07-27,2025-07-27_7,-8.881784197001252e-15,9,9,91,59.46415514782443,59.47182948695486,2.6752391304353494e-05,0.0009000000000000001,0.009405,True,True,True,False,-1.95021776505655e-13,1002.7263942573164,8.468782046225446,2.835351423838447,0.11797546738187269,-0.7789895085588073,1013.3695136862032
2025-07-27T04:45:00Z,2025-07-27T05:00:00Z,2025-07-27,2025-07-27_7,-8.881784197001252e-15,9,9,91,59.47182948695486,59.864456208693994,0.00109851021739131,0.001305,0.42831,True,True,True,False,-1.95021776505655e-13,1002.7263942573164,8.468782046225446,2.835351423838447,0.1798917330598722,-18.118624572059638,996.0917948883804
2025-07-27T05:00:00Z,2025-07-27T05:15:00Z,2025-07-27,2025-07-27_8,10.000000000000071,39,49,51,59.864456208693994,57.6164609130418,0.008722144710144977,0.10276500000000001,0.6090700000000001,True,True,True,False,210.27500000000148,475.22087244616233,34.194604401672315,21.901573716178902,14.144616915476849,-38.312866827719496,717.4238006517724
2025-07-27T05:15:00Z,2025-07-27T05:30:00Z,2025-07-27,2025-07-27_8,10.000000000000071,39,49,51,57.6164609130418,54.76921754782439,0.007931932681159473,0.12441,0.005635,True,True,True,False,210.27500000000148,475.22087244616233,34.194604401672315,21.901573716178902,17.106350465409797,-0.4667310877967974,758.2316699416281
2025-07-27T05:30:00Z,2025-07-27T05:45:00Z,2025-07-27,2025-07-27_8,10.000000000000071,39,49,51,54.76921754782439,52.021574139128724,0.00779978280193242,0.06396,0.04116,True,True,True,False,210.27500000000148,475.22087244616233,34.194604401672315,21.901573716178902,8.78849602429597,-3.4091662065157373,746.9713803817953
2025-07-27T05:45:00Z,2025-07-27T06:00:00Z,2025-07-27,2025-07-27_8,10.000000000000071,39,49,51,52.021574139128724,49.304771347824364,0.0076802277536232415,0.028274999999999998,0.03283,True,True,True,False,210.27500000000148,475.22087244616233,34.194604401672315,21.901573716178902,3.839239587441823,-2.7177656543346216,742.7135244971222
2025-07-27T06:00:00Z,2025-07-27T06:15:00Z,2025-07-27,2025-07-27_9,0.0,49,49,51,49.304771347824364,49.31500979130262,0.0002858676570048309,0.042629999999999994,0.061495,True,True,True,False,0.0,475.22087244616233,35.77305356156819,21.901573716178902,5.779396548868028,-5.09345665378244,533.581439618995
2025-07-27T06:15:00Z,2025-07-27T06:30:00Z,2025-07-27,2025-07-27_9,0.0,49,49,51,49.31500979130262,49.283343008693926,0.00014431328502415459,0.038465,0.011025,True,True,True,False,0.0,475.22087244616233,35.77305356156819,21.901573716178902,5.207627581446714,-0.9131695196024296,537.1899577857537
2025-07-27T06:30:00Z,2025-07-27T06:45:00Z,2025-07-27,2025-07-27_9,0.0,49,49,51,49.283343008693926,49.31395096521566,0.0003720390096618358,0.04753,0.089425,True,True,True,False,0.0,475.22087244616233,35.77305356156819,21.901573716178902,6.540080383765876,-7.360438638873551,532.0751414688018
2025-07-27T06:45:00Z,2025-07-27T07:00:00Z,2025-07-27,2025-07-27_9,0.0,49,49,51,49.31395096521566,49.29616311304174,0.0003086207004830918,0.059289999999999995,0.050714999999999996,True,True,True,False,0.0,475.22087244616233,35.77305356156819,21.901573716178902,8.142237658752071,-4.200579790171176,536.8371575924904
2025-07-27T07:00:00Z,2025-07-27T07:15:00Z,2025-07-27,2025-07-27_10,0.0,29,29,71,49.29616311304174,49.24289540869391,0.00022504140096618358,0.06177,0.015079999999999998,True,True,True,False,0.0,782.3469669480161,21.15465015382188,9.444959375246508,8.458937871736214,-1.2490336830480395,820.1564806657726
2025-07-27T07:15:00Z,2025-07-27T07:30:00Z,2025-07-27,2025-07-27_10,0.0,29,29,71,49.24289540869391,49.18885353043304,0.000260541884057971,0.068005,0.021605,True,True,True,False,0.0,782.3469669480161,21.15465015382188,9.444959375246508,9.319654217283269,-1.7894809497515185,820.4767497446162
2025-07-27T07:30:00Z,2025-07-27T07:45:00Z,2025-07-27,2025-07-27_10,0.0,29,29,71,49.18885353043304,49.63387593043304,0.0012361733333333335,0.0,0.48372000000000004,True,True,True,False,0.0,782.3469669480161,21.15465015382188,9.444959375246508,0.0,-24.517109907706875,788.4294665693776
2025-07-27T07:45:00Z,2025-07-27T08:00:00Z,2025-07-27,2025-07-27_10,0.0,29,29,71,49.63387593043304,51.278964730433046,0.004569691111111112,0.0,1.7881400000000003,True,True,True,False,0.0,782.3469669480161,21.15465015382188,9.444959375246508,0.0,-84.7631537311667,728.1834227459178
2025-07-27T08:00:00Z,2025-07-27T08:15:00Z,2025-07-27,2025-07-27_11,3.960850711568778,25,29,71,51.278964730433046,50.40232672796392,0.003437172316937266,0.01325,0.22707,True,True,True,False,77.51384842540098,782.3469669480161,18.074071152480872,9.136132365701664,1.8143103652283665,-18.80756488128106,870.0777643755468
2025-07-27T08:15:00Z,2025-07-27T08:30:00Z,2025-07-27,2025-07-27_11,3.960850711568778,25,29,71,50.40232672796392,50.50236759595773,0.0052283567349281496,0.0,1.247725,True,True,True,False,77.51384842540098,782.3469669480161,18.074071152480872,9.136132365701664,0.0,-102.48849763843968,784.5825212531599
2025-07-27T08:30:00Z,2025-07-27T08:45:00Z,2025-07-27,2025-07-27_11,3.960850711568778,25,29,71,50.50236759595773,49.75963831060297,0.0036436636494029686,0.00375,0.35815,True,True,True,False,77.51384842540098,782.3469669480161,18.074071152480872,9.136132365701664,0.5115073065394021,-18.29935457915911,869.2831716189798
2025-07-27T08:45:00Z,2025-07-27T09:00:00Z,2025-07-27,2025-07-27_11,3.960850711568778,25,29,71,49.75963831060297,48.64175719130241,0.003219125639375834,0.060625,0.02581,True,True,True,False,77.51384842540098,782.3469669480161,18.074071152480872,9.136132365701664,8.308774133272856,-2.13776918829376,893.2420238365787
2025-07-27T09:00:00Z,2025-07-27T09:15:00Z,2025-07-27,2025-07-27_12,0.0,29,29,71,48.64175719130241,48.606955426085015,0.00020190934782608698,0.049445,0.020589999999999997,True,True,True,False,0.0,782.3469669480161,20.96592253687781,9.136132365701664,6.478788841997318,-1.5744439023428254,817.35336679025
2025-07-27T09:15:00Z,2025-07-27T09:30:00Z,2025-07-27,2025-07-27_12,0.0,29,29,71,48.606955426085015,48.58695652173719,0.0001563436231884058,0.035089999999999996,0.01972,True,True,True,False,0.0,782.3469669480161,20.96592253687781,9.136132365701664,4.594514699850122,-1.3967257395282797,815.6468108109174
2025-07-27T09:30:00Z,2025-07-27T09:45:00Z,2025-07-27,2025-07-27_12,0.0,29,29,71,48.58695652173719,48.611146052171975,0.000215170193236715,0.024505000000000002,0.055245,True,True,True,False,0.0,782.3469669480161,20.96592253687781,9.136132365701664,3.2097983562751446,-3.2522078251952355,812.4066123816755
2025-07-27T09:45:00Z,2025-07-27T10:00:00Z,2025-07-27,2025-07-27_12,0.0,29,29,71,48.611146052171975,48.603840321737195,0.00011367369565217391,0.022185,0.01827,True,True,True,False,0.0,782.3469669480161,20.96592253687781,9.136132365701664,2.897398275420052,-1.3333050248481502,814.0131151011675
2025-07-27T10:00:00Z,2025-07-27T10:15:00Z,2025-07-27,2025-07-27_13,-0.2048379419500262,29,28,71,48.603840321737195,48.65979527191961,0.00027019374421634855,0.01914,0.0322,True,True,True,False,-2.380216885459304,782.3469669480161,20.96592253687781,8.821093318608504,2.2647314033288635,-2.27581253451132,809.7426847868607
2025-07-27T10:15:00Z,2025-07-27T10:30:00Z,2025-07-27,2025-07-27_13,-0.2048379419500262,29,28,71,48.65979527191961,48.73286706942657,0.0002751390042710709,0.012035,0.04242,True,True,True,False,-2.380216885459304,782.3469669480161,20.96592253687781,8.821093318608504,1.424035655123452,-2.804916675869685,808.3728848972969
2025-07-27T10:30:00Z,2025-07-27T10:45:00Z,2025-07-27,2025-07-27_13,-0.2048379419500262,29,28,71,48.73286706942657,48.84304807334954,0.0003503987205879871,0.007394999999999999,0.07728000000000002,True,True,True,False,-2.380216885459304,782.3469669480161,20.96592253687781,8.821093318608504,0.8750098603770606,-3.8458336830480406,806.782942095372
2025-07-27T10:45:00Z,2025-07-27T11:00:00Z,2025-07-27,2025-07-27_13,-0.2048379419500262,29,28,71,48.84304807334954,49.65381599999805,0.0022521331295791837,0.0,0.83006,True,True,True,False,-2.380216885459304,782.3469669480161,20.96592253687781,8.821093318608504,0.0,-27.983177581446714,781.7705883365963
2025-07-27T11:00:00Z,2025-07-27T11:15:00Z,2025-07-27,2025-07-27_14,-29.0,29,0,71,49.65381599999805,55.53448819999806,0.016335200555555558,0.857965,0.0,True,True,True,False,-109.03999999999999,782.3469669480161,20.96592253687781,0.0,117.94497712195314,0.0,812.217866606847
2025-07-27T11:15:00Z,2025-07-27T11:30:00Z,2025-07-27,2025-07-27_14,-29.0,29,0,71,55.53448819999806,59.53515419999806,0.011112961111111111,2.9014500000000005,0.0,True,True,True,False,-109.03999999999999,782.3469669480161,20.96592253687781,0.0,426.053912055297,0.0,1120.326801540191
2025-07-27T11:30:00Z,2025-07-27T11:45:00Z,2025-07-27,2025-07-27_14,-29.0,29,0,71,59.53515419999806,66.15326159999806,0.018383631666666667,0.056405000000000004,0.0,True,True,True,False,-109.03999999999999,782.3469669480161,20.96592253687781,0.0,6.673004715232311,0.0,700.9458942001262
2025-07-27T11:45:00Z,2025-07-27T12:00:00Z,2025-07-27,2025-07-27_14,-29.0,29,0,71,66.15326159999806,72.78670999999807,0.018426245555555557,0.03973,0.0,True,True,True,False,-109.03999999999999,782.3469669480161,20.96592253687781,0.0,4.465981699140175,0.0,698.7388711840341
2025-07-27T12:00:00Z,2025-07-27T12:15:00Z,2025-07-27,2025-07-27_15,-30.0,30,0,70,72.78670999999807,79.52828599999806,0.0187266,0.1722,0.0,True,True,True,False,-66.375,771.327995582551,21.688885382977045,0.0,19.699288790723354,0.0,746.3411697562514
2025-07-27T12:15:00Z,2025-07-27T12:30:00Z,2025-07-27,2025-07-27_15,-30.0,30,0,70,79.52828599999806,85.48864399999808,0.01655655,1.02135,0.0,True,True,True,False,-66.375,771.327995582551,21.688885382977045,0.0,129.6617803403802,0.0,856.3036613059082
2025-07-27T12:30:00Z,2025-07-27T12:45:00Z,2025-07-27,2025-07-27_15,-30.0,30,0,70,85.48864399999808,91.70899399999807,0.01727875,0.7387499999999999,0.0,True,True,True,False,-66.375,771.327995582551,21.688885382977045,0.0,93.44237620296597,0.0,820.084257168494
2025-07-27T12:45:00Z,2025-07-27T13:00:00Z,2025-07-27,2025-07-27_15,-30.0,30,0,70,91.70899399999807,97.57771999999808,0.016302016666666665,1.1209500000000001,0.0,True,True,True,False,-66.375,771.327995582551,21.688885382977045,0.0,147.06179598879865,0.0,873.7036769543267
2025-07-27T13:00:00Z,2025-07-27T13:15:00Z,2025-07-27,2025-07-27_16,-100.0,100,0,0,97.57771999999808,120.28423999999809,0.06307366666666668,0.319,0.0,True,True,True,False,-578.25,0.0,71.76382424863927,0.0,35.57364597302201,0.0,-470.9125297783387
2025-07-27T13:15:00Z,2025-07-27T13:30:00Z,2025-07-27,2025-07-27_16,-100.0,100,0,0,120.28423999999809,140.96215999999808,0.05743866666666667,2.524,0.0,True,True,True,False,-578.25,0.0,71.76382424863927,0.0,328.92586021929475,0.0,-177.560315532066
2025-07-27T13:30:00Z,2025-07-27T13:45:00Z,2025-07-27,2025-07-27_16,-100.0,100,0,0,140.96215999999808,156.7833999999981,0.0439478888888889,7.803,0.0,True,True,True,False,-578.25,0.0,71.76382424863927,0.0,1071.3290640530095,0.0,564.8428883016487
2025-07-27T13:45:00Z,2025-07-27T14:00:00Z,2025-07-27,2025-07-27_16,-100.0,100,0,0,156.7833999999981,166.5399999999981,0.02710166666666667,14.395,0.0,True,True,True,False,-578.25,0.0,71.76382424863927,0.0,10967.035200560069,0.0,10460.549024808708
2025-07-27T14:00:00Z,2025-07-27T14:15:00Z,2025-07-27,2025-07-27_17,0.8463999999999908,0,0,51,166.5399999999981,166.3099999999981,0.0006388888888888819,0.0,0.0,True,False,True,False,15.77054799999983,475.22087244616233,0.0,0.0,0.0,0.0,490.9914204461622
2025-07-27T14:15:00Z,2025-07-27T14:30:00Z,2025-07-27,2025-07-27_17,0.8463999999999908,0,0,51,166.3099999999981,166.0799999999981,0.0006388888888888819,0.0,0.0,True,False,True,False,15.77054799999983,475.22087244616233,0.0,0.0,0.0,0.0,490.9914204461622
2025-07-27T14:30:00Z,2025-07-27T14:45:00Z,2025-07-27,2025-07-27_17,0.8463999999999908,0,0,51,166.0799999999981,165.84999999999812,0.0006388888888888819,0.0,0.0,True,False,True,False,15.77054799999983,475.22087244616233,0.0,0.0,0.0,0.0,490.9914204461622
2025-07-27T14:45:00Z,2025-07-27T15:00:00Z,2025-07-27,2025-07-27_17,0.8463999999999908,0,0,51,165.84999999999812,165.61999999999813,0.0006388888888888819,0.0,0.0,True,False,True,False,15.77054799999983,475.22087244616233,0.0,0.0,0.0,0.0,490.9914204461622
2025-07-27T15:00:00Z,2025-07-27T15:15:00Z,2025-07-27,2025-07-27_18,0.2705728000000852,0,0,53,165.61999999999813,165.5464747826068,0.00020423671497590972,0.0,0.0,True,False,True,False,6.252937408001969,493.85698509110983,0.0,0.0,0.0,0.0,500.1099224991118
2025-07-27T15:15:00Z,2025-07-27T15:30:00Z,2025-07-27,2025-07-27_18,0.2705728000000852,0,0,53,165.5464747826068,165.47294956521546,0.00020423671497590972,0.0,0.0,True,False,True,False,6.252937408001969,493.85698509110983,0.0,0.0,0.0,0.0,500.1099224991118
2025-07-27T15:30:00Z,2025-07-27T15:45:00Z,2025-07-27,2025-07-27_18,0.2705728000000852,0,0,53,165.47294956521546,165.39942434782412,0.00020423671497590972,0.0,0.0,True,False,True,False,6.252937408001969,493.85698509110983,0.0,0.0,0.0,0.0,500.1099224991118
2025-07-27T15:45:00Z,2025-07-27T16:00:00Z,2025-07-27,2025-07-27_18,0.2705728000000852,0,0,53,165.39942434782412,165.3258991304328,0.00020423671497590972,0.0,0.0,True,False,True,False,6.252937408001969,493.85698509110983,0.0,0.0,0.0,0.0,500.1099224991118
2025-07-27T16:00:00Z,2025-07-27T16:15:00Z,2025-07-27,2025-07-27_19,0.0,100,100,0,165.3258991304328,170.2626547826067,0.023178789855072462,1.5675,7.217999999999999,True,True,True,False,0.0,0.0,79.39575609371302,31.799716021140647,1138.257615169204,-307.8553581288948,941.5977291551628
2025-07-27T16:15:00Z,2025-07-27T16:30:00Z,2025-07-27,2025-07-27_19,0.0,100,100,0,170.2626547826067,170.6316791304328,0.0014205990338164254,0.0655,0.47850000000000004,True,True,True,False,0.0,0.0,79.39575609371302,31.799716021140647,9.041965764770845,-29.70185799084957,90.53557988877493
2025-07-27T16:30:00Z,2025-07-27T16:45:00Z,2025-07-27,2025-07-27_19,0.0,100,100,0,170.6316791304328,168.2883695652154,0.006537304347826086,2.1605,0.0055,True,True,True,False,0.0,0.0,79.39575609371302,31.799716021140647,426.2053645381399,-0.4074303857379506,536.9934062672556
2025-07-27T16:45:00Z,2025-07-27T17:00:00Z,2025-07-27,2025-07-27_19,0.0,100,100,0,168.2883695652154,152.739999999998,0.0431899154589372,14.3045,0.0,True,True,True,False,0.0,0.0,79.39575609371302,31.799716021140647,10099.087581446714,0.0,10210.283053561569
2025-07-27T17:00:00Z,2025-07-27T17:15:00Z,2025-07-27,2025-07-27_20,19.0,0,19,81,152.739999999998,147.5968858695632,0.014286428140096617,0.0,0.018335,True,True,True,False,840.3699999999999,892.5366806026663,0.0,6.041946044016723,0.0,-1.3867244872603928,1737.5619021594225
2025-07-27T17:15:00Z,2025-07-27T17:30:00Z,2025-07-27,2025-07-27_20,19.0,0,19,81,147.5968858695632,142.5791304347806,0.013938209541062802,0.0,0.133665,True,True,True,False,840.3699999999999,892.5366806026663,0.0,6.041946044016723,0.0,-9.460723716178908,1729.4879029305039
2025-07-27T17:30:00Z,2025-07-27T17:45:00Z,2025-07-27,2025-07-27_20,19.0,0,19,81,142.5791304347806,137.4364293478241,0.01428528079710145,0.0,0.018715,True,True,True,False,840.3699999999999,892.5366806026663,0.0,6.041946044016723,0.0,-1.4358857507691092,1737.5127408959138
2025-07-27T17:45:00Z,2025-07-27T18:00:00Z,2025-07-27,2025-07-27_20,19.0,0,19,81,137.4364293478241,132.29641304347626,0.01427782306763285,0.0,0.021185000000000002,True,True,True,False,840.3699999999999,892.5366806026663,0.0,6.041946044016723,0.0,-1.617760597933265,1737.3308660487496
2025-07-27T18:00:00Z,2025-07-27T18:15:00Z,2025-07-27,2025-07-27_21,73.71649240492219,0,74,26,132.29641304347626,121.73922225745181,0.029496313676420135,0.0,8.721639999999999,True,True,True,False,3151.7486327724487,286.4932555020904,0.0,21.911927112092766,0.0,1059.1973235150272,4519.351138901659
2025-07-27T18:15:00Z,2025-07-27T18:30:00Z,2025-07-27,2025-07-27_21,73.71649240492219,0,74,26,121.73922225745181,101.93104382131953,0.05502674620606286,0.0,0.20572000000000001,True,True,True,False,3151.7486327724487,286.4932555020904,0.0,21.911927112092766,0.0,-14.370946517314822,3445.782868869317
2025-07-27T18:30:00Z,2025-07-27T18:45:00Z,2025-07-27,2025-07-27_21,73.71649240492219,0,74,26,101.93104382131953,81.9661098593121,0.055459352596685066,0.0,0.06142,True,True,True,False,3151.7486327724487,286.4932555020904,0.0,21.911927112092766,0.0,-4.68592157844916,3455.4678938081825
2025-07-27T18:45:00Z,2025-07-27T19:00:00Z,2025-07-27,2025-07-27_21,73.71649240492219,0,74,26,81.9661098593121,61.93847368695464,0.055632395152933944,0.0,0.0037,True,True,True,False,3151.7486327724487,286.4932555020904,0.0,21.911927112092766,0.0,-0.28457048197523077,3459.8692449046566
2025-07-27T19:00:00Z,2025-07-27T19:15:00Z,2025-07-27,2025-07-27_22,0.0,7,7,93,61.93847368695464,61.42621825217203,0.0014229317632850243,0.471275,0.0,True,True,True,False,0.0,1024.7643369882464,6.7069298729983435,2.2218387631143015,98.80464208310326,0.0,1132.4977477074624
2025-07-27T19:15:00Z,2025-07-27T19:30:00Z,2025-07-27,2025-07-27_22,0.0,7,7,93,61.42621825217203,60.88990479130246,0.00149136961352657,0.49367500000000003,0.00031499999999999996,True,True,True,False,0.0,1024.7643369882464,6.7069298729983435,2.2218387631143015,105.79100483158476,-0.02509663169519602,1139.4590138242486
2025-07-27T19:30:00Z,2025-07-27T19:45:00Z,2025-07-27,2025-07-27_22,0.0,7,7,93,60.88990479130246,60.876189478258986,5.3840314009661825e-05,0.015224999999999999,0.00308,True,True,True,False,0.0,1024.7643369882464,6.7069298729983435,2.2218387631143015,2.101622273605743,-0.23678244064053006,1035.5579454573242
2025-07-27T19:45:00Z,2025-07-27T20:00:00Z,2025-07-27,2025-07-27_22,0.0,7,7,93,60.876189478258986,60.979473626085074,0.00030951514492753623,0.003745,0.11669,True,True,True,False,0.0,1024.7643369882464,6.7069298729983435,2.2218387631143015,0.516765392048592,-5.646789908890116,1028.5630811075175
2025-07-27T20:00:00Z,2025-07-27T20:15:00Z,2025-07-27,2025-07-27_23,0.0,7,7,93,60.979473626085074,60.965657939128555,9.329579710144928e-05,0.021805,0.010745,True,True,True,False,0.0,1024.7643369882464,5.835173937051353,2.2632523467697405,3.010077305356157,-0.7552458517393704,1035.1175947256843
2025-07-27T20:15:00Z,2025-07-27T20:30:00Z,2025-07-27,2025-07-27_23,0.0,7,7,93,60.965657939128555,60.92544622608508,0.00011635031400966184,0.037765,0.0009099999999999999,True,True,True,False,0.0,1024.7643369882464,5.835173937051353,2.2632523467697405,5.2130639770844835,-0.07160408614025399,1038.0042231630118
2025-07-27T20:30:00Z,2025-07-27T20:45:00Z,2025-07-27,2025-07-27_23,0.0,7,7,93,60.92544622608508,60.917767530432904,2.580193236714976e-05,0.007805000000000001,0.000875,True,True,True,False,0.0,1024.7643369882464,5.835173937051353,2.2632523467697405,1.0772155991165102,-0.06940916620651573,1033.8705697049775
2025-07-27T20:45:00Z,2025-07-27T21:00:00Z,2025-07-27,2025-07-27_23,0.0,7,7,93,60.917767530432904,60.54347826086769,0.0010402290821256038,0.344435,0.000105,True,True,True,False,0.0,1024.7643369882464,5.835173937051353,2.2632523467697405,67.834363493926,-0.008075648812810603,1100.6890511171807
2025-07-27T21:00:00Z,2025-07-27T21:15:00Z,2025-07-28,2025-07-27_24,0.0,100,100,0,60.54347826086769,44.43586956521551,0.04474335748792271,14.819,0.0,True,True,True,False,0.0,0.0,82.50177486787094,31.03060661039678,17227.47618166759,0.0,17341.008563145857
2025-07-27T21:15:00Z,2025-07-27T21:30:00Z,2025-07-28,2025-07-27_24,0.0,100,100,0,44.43586956521551,24.948369565215515,0.054131944444444434,17.9285,0.0,True,True,True,False,0.0,0.0,82.50177486787094,31.03060661039678,22978.094482132998,0.0,23091.626863611265
2025-07-27T21:30:00Z,2025-07-27T21:45:00Z,2025-07-28,2025-07-27_24,0.0,100,100,0,24.948369565215515,17.74184782608508,0.020018115942028986,6.63,0.0,True,True,True,False,0.0,0.0,82.50177486787094,31.03060661039678,2425.9435158160445,0.0,2539.4758972943123
2025-07-27T21:45:00Z,2025-07-27T22:00:00Z,2025-07-28,2025-07-27_24,0.0,100,100,0,17.74184782608508,18.83395999999812,0.003613355072463768,0.096,1.3005,True,True,True,False,0.0,0.0,82.50177486787094,31.03060661039678,13.233414845783702,-66.84566922379112,59.9201271002603
2025-07-27T22:00:00Z,2025-07-27T22:15:00Z,2025-07-28,2025-07-28_1,-100.0,100,0,0,18.83395999999812,37.135519999998124,0.05083766666666667,5.107,0.0,True,True,True,False,-2544.0,0.0,82.44261260550604,0.0,4639.446838171491,0.0,2177.8894507769974
2025-07-27T22:15:00Z,2025-07-27T22:30:00Z,2025-07-28,2025-07-28_1,-100.0,100,0,0,37.135519999998124,60.135519999998124,0.06388888888888888,0.0,0.0,True,True,True,False,-2544.0,0.0,82.44261260550604,0.0,0.0,0.0,-2461.557387394494
2025-07-27T22:30:00Z,2025-07-27T22:45:00Z,2025-07-28,2025-07-28_1,-100.0,100,0,0,60.135519999998124,83.13551999999812,0.0638888888888889,0.0,0.0,True,True,True,False,-2544.0,0.0,82.44261260550604,0.0,0.0,0.0,-2461.557387394494
2025-07-27T22:45:00Z,2025-07-27T23:00:00Z,2025-07-28,2025-07-28_1,-100.0,100,0,0,83.13551999999812,106.12999999999812,0.06387355555555556,0.006,0.0,True,True,True,False,-2544.0,0.0,82.44261260550604,0.0,0.8270884278614814,0.0,-2460.7302989666323
2025-07-27T23:00:00Z,2025-07-27T23:15:00Z,2025-07-28,2025-07-28_2,0.0,0,0,100,106.12999999999812,106.12999999999812,0.0,0.0,0.0,True,True,True,False,0.0,1101.8971365465015,0.0,0.0,0.0,0.0,1101.8971365465015
2025-07-27T23:15:00Z,2025-07-27T23:30:00Z,2025-07-28,2025-07-28_2,0.0,0,0,100,106.12999999999812,106.12999999999812,0.0,0.0,0.0,True,True,True,False,0.0,1101.8971365465015,0.0,0.0,0.0,0.0,1101.8971365465015
2025-07-27T23:30:00Z,2025-07-27T23:45:00Z,2025-07-28,2025-07-28_2,0.0,0,0,100,106.12999999999812,106.12999999999812,0.0,0.0,0.0,True,True,True,False,0.0,1101.8971365465015,0.0,0.0,0.0,0.0,1101.8971365465015
2025-07-27T23:45:00Z,2025-07-28T00:00:00Z,2025-07-28,2025-07-28_2,0.0,0,0,100,106.12999999999812,106.12999999999812,0.0,0.0,0.0,True,True,True,False,0.0,1101.8971365465015,0.0,0.0,0.0,0.0,1101.8971365465015
2025-07-28T00:00:00Z,2025-07-28T00:15:00Z,2025-07-28,2025-07-28_3,0.0,0,0,100,106.12999999999812,106.12999999999812,0.0,0.0,0.0,True,True,True,False,0.0,1101.8971365465015,0.0,0.0,0.0,0.0,1101.8971365465015
2025-07-28T00:15:00Z,2025-07-28T00:30:00Z,2025-07-28,2025-07-28_3,0.0,0,0,100,106.12999999999812,106.12999999999812,0.0,0.0,0.0,True,True,True,False,0.0,1101.8971365465015,0.0,0.0,0.0,0.0,1101.8971365465015
2025-07-28T00:30:00Z,2025-07-28T00:45:00Z,2025-07-28,2025-07-28_3,0.0,0,0,100,106.12999999999812,106.12999999999812,0.0,0.0,0.0,True,True,True,False,0.0,1101.8971365465015,0.0,0.0,0.0,0.0,1101.8971365465015
2025-07-28T00:45:00Z,2025-07-28T01:00:00Z,2025-07-28,2025-07-28_3,0.0,0,0,100,106.12999999999812,106.12999999999812,0.0,0.0,0.0,True,True,True,False,0.0,1101.8971365465015,0.0,0.0,0.0,0.0,1101.8971365465015
2025-07-28T01:00:00Z,2025-07-28T01:15:00Z,2025-07-28,2025-07-28_4,0.0,0,0,100,106.12999999999812,106.12999999999812,0.0,0.0,0.0,True,True,True,False,0.0,1101.8971365465015,0.0,0.0,0.0,0.0,1101.8971365465015
2025-07-28T01:15:00Z,2025-07-28T01:30:00Z,2025-07-28,2025-07-28_4,0.0,0,0,100,106.12999999999812,106.12999999999812,0.0,0.0,0.0,True,True,True,False,0.0,1101.8971365465015,0.0,0.0,0.0,0.0,1101.8971365465015
2025-07-28T01:30:00Z,2025-07-28T01:45:00Z,2025-07-28,2025-07-28_4,0.0,0,0,100,106.12999999999812,106.12999999999812,0.0,0.0,0.0,True,True,True,False,0.0,1101.8971365465015,0.0,0.0,0.0,0.0,1101.8971365465015
2025-07-28T01:45:00Z,2025-07-28T02:00:00Z,2025-07-28,2025-07-28_4,0.0,0,0,100,106.12999999999812,106.12999999999812,0.0,0.0,0.0,True,True,True,False,0.0,1101.8971365465015,0.0,0.0,0.0,0.0,1101.8971365465015
2025-07-28T02:00:00Z,2025-07-28T02:15:00Z,2025-07-28,2025-07-28_5,0.0,0,0,100,106.12999999999812,106.12999999999812,0.0,0.0,0.0,True,True,True,False,0.0,1101.8971365465015,0.0,0.0,0.0,0.0,1101.8971365465015
2025-07-28T02:15:00Z,2025-07-28T02:30:00Z,2025-07-28,2025-07-28_5,0.0,0,0,100,106.12999999999812,106.12999999999812,0.0,0.0,0.0,True,True,True,False,0.0,1101.8971365465015,0.0,0.0,0.0,0.0,1101.8971365465015
2025-07-28T02:30:00Z,2025-07-28T02:45:00Z,2025-07-28,2025-07-28_5,0.0,0,0,100,106.12999999999812,106.12999999999812,0.0,0.0,0.0,True,True,True,False,0.0,1101.8971365465015,0.0,0.0,0.0,0.0,1101.8971365465015
2025-07-28T02:45:00Z,2025-07-28T03:00:00Z,2025-07-28,2025-07-28_5,0.0,0,0,100,106.12999999999812,106.12999999999812,0.0,0.0,0.0,True,True,True,False,0.0,1101.8971365465015,0.0,0.0,0.0,0.0,1101.8971365465015
2025-07-28T03:00:00Z,2025-07-28T03:15:00Z,2025-07-28,2025-07-28_6,0.0,0,0,100,106.12999999999812,106.12999999999812,0.0,0.0,0.0,True,False,True,False,0.0,1101.8971365465015,0.0,0.0,0.0,0.0,1101.8971365465015
2025-07-28T03:15:00Z,2025-07-28T03:30:00Z,2025-07-28,2025-07-28_6,0.0,0,0,100,106.12999999999812,106.12999999999812,0.0,0.0,0.0,True,False,True,False,0.0,1101.8971365465015,0.0,0.0,0.0,0.0,1101.8971365465015
2025-07-28T03:30:00Z,2025-07-28T03:45:00Z,2025-07-28,2025-07-28_6,0.0,0,0,100,106.12999999999812,106.12999999999812,0.0,0.0,0.0,True,False,True,False,0.0,1101.8971365465015,0.0,0.0,0.0,0.0,1101.8971365465015
2025-07-28T03:45:00Z,2025-07-28T04:00:00Z,2025-07-28,2025-07-28_6,0.0,0,0,100,106.12999999999812,106.12999999999812,0.0,0.0,0.0,True,False,True,False,0.0,1101.8971365465015,0.0,0.0,0.0,0.0,1101.8971365465015
2025-07-28T04:00:00Z,2025-07-28T04:15:00Z,2025-07-28,2025-07-28_7,0.0,0,0,100,106.12999999999812,106.12999999999812,0.0,0.0,0.0,True,True,True,False,0.0,1101.8971365465015,0.0,0.0,0.0,0.0,1101.8971365465015
2025-07-28T04:15:00Z,2025-07-28T04:30:00Z,2025-07-28,2025-07-28_7,0.0,0,0,100,106.12999999999812,106.12999999999812,0.0,0.0,0.0,True,True,True,False,0.0,1101.8971365465015,0.0,0.0,0.0,0.0,1101.8971365465015
2025-07-28T04:30:00Z,2025-07-28T04:45:00Z,2025-07-28,2025-07-28_7,0.0,0,0,100,106.12999999999812,106.12999999999812,0.0,0.0,0.0,True,True,True,False,0.0,1101.8971365465015,0.0,0.0,0.0,0.0,1101.8971365465015
2025-07-28T04:45:00Z,2025-07-28T05:00:00Z,2025-07-28,2025-07-28_7,0.0,0,0,100,106.12999999999812,106.12999999999812,0.0,0.0,0.0,True,True,True,False,0.0,1101.8971365465015,0.0,0.0,0.0,0.0,1101.8971365465015
2025-07-28T05:00:00Z,2025-07-28T05:15:00Z,2025-07-28,2025-07-28_8,-42.138956170373305,100,57,0,106.12999999999812,112.66337506239876,0.02900419782905069,3.107,0.0,True,True,True,False,-1226.454319338715,0.0,91.34653309142541,17.26591464857616,507.53875601482997,0.0,-610.3031155838836
2025-07-28T05:15:00Z,2025-07-28T05:30:00Z,2025-07-28,2025-07-28_8,-42.138956170373305,100,57,0,112.66337506239876,107.3701016113102,0.03680012909544317,14.7405,0.0,True,True,True,False,-1226.454319338715,0.0,91.34653309142541,17.26591464857616,2907.0162486195477,0.0,1789.174377020834
2025-07-28T05:30:00Z,2025-07-28T05:45:00Z,2025-07-28,2025-07-28_8,-42.138956170373305,100,57,0,107.3701016113102,100.07005426022357,0.038122961288666074,16.7145,0.0,True,True,True,False,-1226.454319338715,0.0,91.34653309142541,17.26591464857616,3413.1557491914486,0.0,2295.313877592735
2025-07-28T05:45:00Z,2025-07-28T06:00:00Z,2025-07-28,2025-07-28_8,-42.138956170373305,100,57,0,100.07005426022357,94.70206050434786,0.036849383485616366,14.814,0.0,True,True,True,False,-1226.454319338715,0.0,91.34653309142541,17.26591464857616,4262.77904078252,0.0,3144.937169183806
2025-07-28T06:00:00Z,2025-07-28T06:15:00Z,2025-07-28,2025-07-28_9,0.0,100,100,0,94.70206050434786,91.1878483304348,0.009797478260869566,3.2390000000000003,0.007000000000000001,True,True,True,False,0.0,0.0,72.26670347874102,31.88845941468802,474.64431707028484,-0.5383765875207068,578.2611033761932
2025-07-28T06:15:00Z,2025-07-28T06:30:00Z,2025-07-28,2025-07-28_9,0.0,100,100,0,91.1878483304348,84.57643528695654,0.018365036231884055,6.0825,0.0,True,True,True,False,0.0,0.0,72.26670347874102,31.88845941468802,5011.492757060029,0.0,5115.647919953459
2025-07-28T06:30:00Z,2025-07-28T06:45:00Z,2025-07-28,2025-07-28_9,0.0,100,100,0,84.57643528695654,81.93621789565219,0.007333937198067631,2.429,0.0,True,True,True,False,0.0,0.0,72.26670347874102,31.88845941468802,490.45748343456654,0.0,594.6126463279955
2025-07-28T06:45:00Z,2025-07-28T07:00:00Z,2025-07-28,2025-07-28_9,0.0,100,100,0,81.93621789565219,79.22911180869566,0.007537628019323671,2.4935,0.0035000000000000005,True,True,True,False,0.0,0.0,72.26670347874102,31.88845941468802,390.8822362349136,-0.2691882937603534,494.7682108345823
2025-07-28T07:00:00Z,2025-07-28T07:15:00Z,2025-07-28,2025-07-28_10,0.0,100,100,0,79.22911180869566,73.87041615652176,0.01488526570048309,4.93,0.0,True,True,True,False,0.0,0.0,72.08921669164629,31.503904709316085,2764.956296836791,0.0,2868.5494182377533
2025-07-28T07:15:00Z,2025-07-28T07:30:00Z,2025-07-28,2025-07-28_10,0.0,100,100,0,73.87041615652176,63.61009006956523,0.028500905797101447,9.4395,0.0,True,True,True,False,0.0,0.0,72.08921669164629,31.503904709316085,9377.22960588073,0.0,9480.822727281691
2025-07-28T07:30:00Z,2025-07-28T07:45:00Z,2025-07-28,2025-07-28_10,0.0,100,100,0,63.61009006956523,63.60737267826088,7.548309178743961e-06,0.0025,0.0,True,True,True,False,0.0,0.0,72.08921669164629,31.503904709316085,0.34462017827561725,0.0,103.937741579238
2025-07-28T07:45:00Z,2025-07-28T08:00:00Z,2025-07-28,2025-07-28_10,0.0,100,100,0,63.60737267826088,59.55982311304349,0.011733859903381643,3.805,0.096,True,True,True,False,0.0,0.0,72.08921669164629,31.503904709316085,2816.536667784176,-7.265523388814389,2912.864265796324
2025-07-28T08:00:00Z,2025-07-28T08:15:00Z,2025-07-28,2025-07-28_11,0.0,9,9,91,59.55982311304349,59.4696739478261,0.0002759443478260869,0.087165,0.004995,True,True,True,False,0.0,1002.7263942573164,6.506665614893113,2.835351423838447,12.027920833990692,-0.382750691212432,1023.7135814388263
2025-07-28T08:15:00Z,2025-07-28T08:30:00Z,2025-07-28,2025-07-28_11,0.0,9,9,91,59.4696739478261,59.483754721739146,5.840673913043478e-05,0.0031949999999999995,0.01908,True,True,True,False,0.0,1002.7263942573164,6.506665614893113,2.835351423838447,0.44030928354500265,-1.4564548000315531,1011.0522657795615
2025-07-28T08:30:00Z,2025-07-28T08:45:00Z,2025-07-28,2025-07-28_11,0.0,9,9,91,59.483754721739146,59.479126921739145,8.7145e-05,0.016560000000000002,0.014535000000000001,True,True,True,False,0.0,1002.7263942573164,6.506665614893113,2.835351423838447,2.2826922142462727,-1.1091579731008914,1013.2419455371934
2025-07-28T08:45:00Z,2025-07-28T09:00:00Z,2025-07-28,2025-07-28_11,0.0,9,9,91,59.479126921739145,59.45652173913045,0.00020976217391304347,0.045134999999999995,0.028755,True,True,True,False,0.0,1002.7263942573164,6.506665614893113,2.835351423838447,6.225475498935079,-1.6006466100023664,1016.6932401849807
2025-07-28T09:00:00Z,2025-07-28T09:15:00Z,2025-07-28,2025-07-28_12,0.0,9,9,91,59.45652173913045,60.59758853913045,0.0031696300000000005,0.0,1.2402900000000001,True,True,True,False,0.0,1002.7263942573164,6.506665614893113,2.835351423838447,0.0,-15.821353309142543,996.2470579869055
2025-07-28T09:15:00Z,2025-07-28T09:30:00Z,2025-07-28,2025-07-28_12,0.0,9,9,91,60.59758853913045,61.17880313913045,0.0016144850000000001,0.0,0.631755,True,True,True,False,0.0,1002.7263942573164,6.506665614893113,2.835351423838447,0.0,-23.990319287883565,988.0780920081644
2025-07-28T09:30:00Z,2025-07-28T09:45:00Z,2025-07-28,2025-07-28_12,0.0,9,9,91,61.17880313913045,61.63196753913045,0.00125879,0.0,0.49257,True,True,True,False,0.0,1002.7263942573164,6.506665614893113,2.835351423838447,0.0,-18.97134695511556,993.0970643409324
2025-07-28T09:45:00Z,2025-07-28T10:00:00Z,2025-07-28,2025-07-28_12,0.0,9,9,91,61.63196753913045,61.62947993913045,6.809000000000001e-05,0.01242,0.01197,True,True,True,False,0.0,1002.7263942573164,6.506665614893113,2.835351423838447,1.711904042754595,-0.723924392600773,1013.0563909462018
2025-07-28T10:00:00Z,2025-07-28T10:15:00Z,2025-07-28,2025-07-28_13,-9.0,9,0,91,61.62947993913045,63.689212739130454,0.00572148,0.01116,0.0,True,True,True,False,-195.7275,1002.7263942573164,6.506665614893113,0.0,1.5382788356866766,0.0,815.0438387078963
2025-07-28T10:15:00Z,2025-07-28T10:30:00Z,2025-07-28,2025-07-28_13,-9.0,9,0,91,63.689212739130454,65.75122253913045,0.005727805000000001,0.008685,0.0,True,True,True,False,-195.7275,1002.7263942573164,6.506665614893113,0.0,1.1970238098524886,0.0,814.702583682062
2025-07-28T10:30:00Z,2025-07-28T10:45:00Z,2025-07-28,2025-07-28_13,-9.0,9,0,91,65.75122253913045,67.75792193913045,0.005574165,0.068805,0.0,True,True,True,False,-195.7275,1002.7263942573164,6.506665614893113,0.0,9.060650225802636,0.0,822.5662100980122
2025-07-28T10:45:00Z,2025-07-28T11:00:00Z,2025-07-28,2025-07-28_13,-9.0,9,0,91,67.75792193913045,69.66700013913047,0.0053029950000000005,0.17491500000000001,0.0,True,True,True,False,-195.7275,1002.7263942573164,6.506665614893113,0.0,23.860885468762326,0.0,837.3664453409718
2025-07-28T11:00:00Z,2025-07-28T11:15:00Z,2025-07-28,2025-07-28_14,-100.0,100,0,0,69.66700013913047,85.13358013913047,0.04296272222222223,8.1885,0.0,True,True,True,False,-2092.25,0.0,72.29628460992349,0.0,1349.7928696655358,0.0,-670.1608457245406
2025-07-28T11:15:00Z,2025-07-28T11:30:00Z,2025-07-28,2025-07-28_14,-100.0,100,0,0,85.13358013913047,103.93976013913047,0.05223938888888889,4.5585,0.0,True,True,True,False,-2092.25,0.0,72.29628460992349,0.0,640.9866974639111,0.0,-1378.9670179261655
2025-07-28T11:30:00Z,2025-07-28T11:45:00Z,2025-07-28,2025-07-28_14,-100.0,100,0,0,103.93976013913047,117.42604013913046,0.037461888888888885,10.341,0.0,True,True,True,False,-2092.25,0.0,72.29628460992349,0.0,1695.2200256369802,0.0,-324.73368975309637
2025-07-28T11:45:00Z,2025-07-28T12:00:00Z,2025-07-28,2025-07-28_14,-100.0,100,0,0,117.42604013913046,126.56026013913046,0.02537283333333333,15.071500000000002,0.0,True,True,True,False,-2092.25,0.0,72.29628460992349,0.0,11057.172032322316,0.0,9037.21831693224
2025-07-28T12:00:00Z,2025-07-28T12:15:00Z,2025-07-28,2025-07-28_15,-9.0,9,0,91,126.56026013913046,127.79393873913047,0.0034268849999999997,0.909045,0.0,True,True,True,False,-178.15500000000003,1002.7263942573164,6.506665614893113,0.0,138.59655599313717,0.0,969.6746158653467
2025-07-28T12:15:00Z,2025-07-28T12:30:00Z,2025-07-28,2025-07-28_15,-9.0,9,0,91,127.79393873913047,129.83400653913046,0.005666855,0.032534999999999994,0.0,True,True,True,False,-178.15500000000003,1002.7263942573164,6.506665614893113,0.0,4.470713730575056,0.0,835.5487736027845
2025-07-28T12:30:00Z,2025-07-28T12:45:00Z,2025-07-28,2025-07-28_15,-9.0,9,0,91,129.83400653913046,131.72014913913046,0.005239285000000001,0.199845,0.0,True,True,True,False,-178.15500000000003,1002.7263942573164,6.506665614893113,0.0,27.577608962096708,0.0,858.6556688343062
2025-07-28T12:45:00Z,2025-07-28T13:00:00Z,2025-07-28,2025-07-28_15,-9.0,9,0,91,131.72014913913046,133.72370213913044,0.005565425000000001,0.072225,0.0,True,True,True,False,-178.15500000000003,1002.7263942573164,6.506665614893113,0.0,9.970192075214955,0.0,841.0482519474244
2025-07-28T13:00:00Z,2025-07-28T13:15:00Z,2025-07-28,2025-07-28_16,-57.61740422197178,100,42,0,133.72370213913044,147.25204562358343,0.037612003262678204,0.013,0.31437000000000004,True,True,True,False,-1399.3827050411398,0.0,71.14262049380768,12.846493649917173,1.7937990060739923,-24.19256566813915,-1337.7923575594803
2025-07-28T13:15:00Z,2025-07-28T13:30:00Z,2025-07-28,2025-07-28_16,-57.61740422197178,100,42,0,147.25204562358343,156.00569387937102,0.035986259451330826,4.56,0.02121,True,True,True,False,-1399.3827050411398,0.0,71.14262049380768,12.846493649917173,848.0495700875601,-1.6312810601877417,-468.9753018700426
2025-07-28T13:30:00Z,2025-07-28T13:45:00Z,2025-07-28,2025-07-28_16,-57.61740422197178,100,42,0,156.00569387937102,147.73540634092424,0.032623423992606,21.723,0.0,True,True,True,False,-1399.3827050411398,0.0,71.14262049380768,12.846493649917173,28062.536340222447,0.0,26747.14274932503
2025-07-28T13:45:00Z,2025-07-28T14:00:00Z,2025-07-28,2025-07-28_16,-57.61740422197178,100,42,0,147.73540634092424,148.001848216096,0.034290445308700054,13.109000000000002,0.00252,True,True,True,False,-1399.3827050411398,0.0,71.14262049380768,12.846493649917173,13827.875141200599,-0.19630038652678078,12512.285249916657
2025-07-28T14:00:00Z,2025-07-28T14:15:00Z,2025-07-28,2025-07-28_17,3.958368893597724,5,9,91,148.001848216096,147.19250847184372,0.0030156758668332447,0.0,0.268065,True,True,True,False,138.5528071981543,1002.7263942573164,3.573400646840735,2.861974441902658,0.0,-13.03076715902816,1134.683809385186
2025-07-28T14:15:00Z,2025-07-28T14:30:00Z,2025-07-28,2025-07-28_17,3.958368893597724,5,9,91,147.19250847184372,146.14327449927038,0.00299300339815635,0.0007499999999999999,0.027405,True,True,True,False,138.5528071981543,1002.7263942573164,3.573400646840735,2.861974441902658,0.10342554429281375,-1.915880155991165,1145.9021219325157
2025-07-28T14:30:00Z,2025-07-28T14:45:00Z,2025-07-28,2025-07-28_17,3.958368893597724,5,9,91,146.14327449927038,145.0592506066458,0.003021484814219129,0.011000000000000001,0.0036000000000000003,True,True,True,False,138.5528071981543,1002.7263942573164,3.573400646840735,2.861974441902658,1.5182225684310169,-0.28016289342904477,1148.9526362192162
2025-07-28T14:45:00Z,2025-07-28T15:00:00Z,2025-07-28,2025-07-28_17,3.958368893597724,5,9,91,145.0592506066458,143.99141506956542,0.003010015997725528,0.0068000000000000005,0.015300000000000001,True,True,True,False,138.5528071981543,1002.7263942573164,3.573400646840735,2.861974441902658,0.9385013804527885,-0.968189358681076,1147.6848885659858
2025-07-28T15:00:00Z,2025-07-28T15:15:00Z,2025-07-28,2025-07-28_18,0.0,0,0,100,143.99141506956542,143.99141506956542,0.0,0.0,0.0,True,True,True,False,0.0,1101.8971365465015,0.0,0.0,0.0,0.0,1101.8971365465015
2025-07-28T15:15:00Z,2025-07-28T15:30:00Z,2025-07-28,2025-07-28_18,0.0,0,0,100,143.99141506956542,143.99141506956542,0.0,0.0,0.0,True,True,True,False,0.0,1101.8971365465015,0.0,0.0,0.0,0.0,1101.8971365465015
2025-07-28T15:30:00Z,2025-07-28T15:45:00Z,2025-07-28,2025-07-28_18,0.0,0,0,100,143.99141506956542,143.99141506956542,0.0,0.0,0.0,True,True,True,False,0.0,1101.8971365465015,0.0,0.0,0.0,0.0,1101.8971365465015
2025-07-28T15:45:00Z,2025-07-28T16:00:00Z,2025-07-28,2025-07-28_18,0.0,0,0,100,143.99141506956542,143.99141506956542,0.0,0.0,0.0,True,True,True,False,0.0,1101.8971365465015,0.0,0.0,0.0,0.0,1101.8971365465015
2025-07-28T16:00:00Z,2025-07-28T16:15:00Z,2025-07-28,2025-07-28_19,0.0,100,100,0,143.99141506956542,148.5067750695654,0.012542666666666667,0.0,4.908,True,True,True,False,0.0,0.0,79.09994478188845,32.18427072651258,0.0,-227.46007336120533,-116.1758578528043
2025-07-28T16:15:00Z,2025-07-28T16:30:00Z,2025-07-28,2025-07-28_19,0.0,100,100,0,148.5067750695654,151.60962811304367,0.014736185990338165,1.013,4.5695,True,True,True,False,0.0,0.0,79.09994478188845,32.18427072651258,139.838868620336,31.66245010649207,282.7855342352291
2025-07-28T16:30:00Z,2025-07-28T16:45:00Z,2025-07-28,2025-07-28_19,0.0,100,100,0,151.60962811304367,137.40854115652192,0.03944746376811594,13.065,0.0,True,True,True,False,0.0,0.0,79.09994478188845,32.18427072651258,6757.280454760589,0.0,6868.56467026899
2025-07-28T16:45:00Z,2025-07-28T17:00:00Z,2025-07-28,2025-07-28_19,0.0,100,100,0,137.40854115652192,122.73136724347845,0.04076992753623188,13.503000000000002,0.0,True,True,True,False,0.0,0.0,79.09994478188845,32.18427072651258,9527.609006073993,0.0,9638.893221582395
2025-07-28T17:00:00Z,2025-07-28T17:15:00Z,2025-07-28,2025-07-28_20,0.0,0,0,100,122.73136724347845,122.73136724347845,0.0,0.0,0.0,True,True,True,False,0.0,1101.8971365465015,0.0,0.0,0.0,0.0,1101.8971365465015
2025-07-28T17:15:00Z,2025-07-28T17:30:00Z,2025-07-28,2025-07-28_20,0.0,0,0,100,122.73136724347845,122.73136724347845,0.0,0.0,0.0,True,True,True,False,0.0,1101.8971365465015,0.0,0.0,0.0,0.0,1101.8971365465015
2025-07-28T17:30:00Z,2025-07-28T17:45:00Z,2025-07-28,2025-07-28_20,0.0,0,0,100,122.73136724347845,122.73136724347845,0.0,0.0,0.0,True,True,True,False,0.0,1101.8971365465015,0.0,0.0,0.0,0.0,1101.8971365465015
2025-07-28T17:45:00Z,2025-07-28T18:00:00Z,2025-07-28,2025-07-28_20,0.0,0,0,100,122.73136724347845,122.73136724347845,0.0,0.0,0.0,True,True,True,False,0.0,1101.8971365465015,0.0,0.0,0.0,0.0,1101.8971365465015
2025-07-28T18:00:00Z,2025-07-28T18:15:00Z,2025-07-28,2025-07-28_21,1.0000000000000606,98,99,1,122.73136724347845,102.50970420000017,0.0561712862318841,18.353930000000002,0.0,True,True,True,False,48.24750000000293,11.018971365465015,93.14329099944781,28.61175751360732,5568.196085394809,0.0,5749.217605273332
2025-07-28T18:15:00Z,2025-07-28T18:30:00Z,2025-07-28,2025-07-28_21,1.0000000000000606,98,99,1,102.50970420000017,90.33469333043493,0.0338194746376812,10.95101,0.0,True,True,True,False,48.24750000000293,11.018971365465015,93.14329099944781,28.61175751360732,2734.636165806184,0.0,2915.6576856847073
2025-07-28T18:30:00Z,2025-07-28T18:45:00Z,2025-07-28,2025-07-28_21,1.0000000000000606,98,99,1,90.33469333043493,88.96103506086969,0.004058648526570094,1.05448,0.048015,True,True,True,False,48.24750000000293,11.018971365465015,93.14329099944781,28.61175751360732,145.56390612921038,-3.976946438431806,322.60847956930166
2025-07-28T18:45:00Z,2025-07-28T19:00:00Z,2025-07-28,2025-07-28_21,1.0000000000000606,98,99,1,88.96103506086969,92.26222125217403,0.010454865024154623,0.0019600000000000004,3.87882,True,True,True,False,48.24750000000293,11.018971365465015,93.14329099944781,28.61175751360732,0.270375483158476,-246.96459484893902,-65.67269948725746
2025-07-28T19:00:00Z,2025-07-28T19:15:00Z,2025-07-28,2025-07-28_22,87.0,13,100,0,92.26222125217403,67.73093344347839,0.06845840946859903,1.2847899999999999,0.4755,True,True,True,False,3688.7999999999997,0.0,12.494182377534116,32.68714995661434,424.2553533801372,-30.38275084799242,4127.853934866293
2025-07-28T19:15:00Z,2025-07-28T19:30:00Z,2025-07-28,2025-07-28_22,87.0,13,100,0,67.73093344347839,44.21238573913057,0.06566384695652172,0.38051,0.5035,True,True,True,False,3688.7999999999997,0.0,12.494182377534116,32.68714995661434,52.52760905577029,-39.42090833793484,3747.0880330519835
2025-07-28T19:30:00Z,2025-07-28T19:45:00Z,2025-07-28,2025-07-28_22,87.0,13,100,0,44.21238573913057,22.713303513043616,0.061055870628019315,0.0,2.011,True,True,True,False,3688.7999999999997,0.0,12.494182377534116,32.68714995661434,0.0,-138.85965311193502,3595.121679222213
2025-07-28T19:45:00Z,2025-07-28T20:00:00Z,2025-07-28,2025-07-28_22,87.0,13,100,0,22.713303513043616,20.748815652174052,0.01897769072463768,0.0,20.349,True,True,True,False,3688.7999999999997,0.0,12.494182377534116,32.68714995661434,0.0,-95.87401573716178,3638.1073165969865
2025-07-28T20:00:00Z,2025-07-28T20:15:00Z,2025-07-28,2025-07-28_23,0.0,100,100,0,20.748815652174052,11.30212956521753,0.03603879468599033,10.3135,1.917,True,True,True,False,0.0,0.0,83.71460124635166,32.33217638242486,8336.23600240593,-33.04885619626094,8419.233923838447
2025-07-28T20:15:00Z,2025-07-28T20:30:00Z,2025-07-28,2025-07-28_23,0.0,100,100,0,11.30212956521753,10.000000000000139,0.0036655821256038642,1.206,0.0095,True,True,True,False,0.0,0.0,83.71460124635166,32.33217638242486,166.47713615208642,-0.7868580894533407,281.7370556914096
2025-07-28T20:30:00Z,2025-07-28T20:45:00Z,2025-07-28,2025-07-28_23,0.0,100,100,0,10.000000000000139,10.268940000000137,0.0008859444444444445,0.023,0.3195,True,True,True,False,0.0,0.0,83.71460124635166,32.33217638242486,3.171095290683916,-25.313576457363727,93.90429646209671
2025-07-28T20:45:00Z,2025-07-28T21:00:00Z,2025-07-28,2025-07-28_23,0.0,100,100,0,10.268940000000137,13.178441739130573,0.008115161835748794,0.0055,3.1690000000000005,True,True,True,False,0.0,0.0,83.71460124635166,32.33217638242486,0.7580656898319791,-165.0782271042045,-48.273383785595996
2025-07-28T21:00:00Z,2025-07-28T21:15:00Z,2025-07-29,2025-07-28_24,-59.8861407313331,90,36,4,13.178441739130573,22.98988660214638,0.03589901875978077,4.2786,0.23148,True,True,True,False,-1573.508347715777,44.079362574944774,67.76092615967181,9.041890186178605,590.6744676948564,-11.914435934048594,-873.8661370341741
2025-07-28T21:15:00Z,2025-07-28T21:30:00Z,2025-07-29,2025-07-28_24,-59.8861407313331,90,36,4,22.98988660214638,36.47116169562223,0.038068084559813066,0.3069,0.007560000000000001,True,True,True,False,-1573.508347715777,44.079362574944774,67.76092615967181,9.041890186178605,42.33027684206373,-0.6230275560113602,-1410.9189195089295
2025-07-28T21:30:00Z,2025-07-28T21:45:00Z,2025-07-29,2025-07-28_24,-59.8861407313331,90,36,4,36.47116169562223,50.27590858342494,0.03839561781637553,0.0243,0.0594,True,True,True,False,-1573.508347715777,44.079362574944774,67.76092615967181,9.041890186178605,3.348994714420953,-4.919255798359104,-1454.19642987892
2025-07-28T21:45:00Z,2025-07-28T22:00:00Z,2025-07-29,2025-07-28_24,-59.8861407313331,90,36,4,50.27590858342494,64.3478260869565,0.0395669172795961,0.2367,0.5751,True,True,True,False,-1573.508347715777,44.079362574944774,67.76092615967181,9.041890186178605,32.67453408015147,-47.28639067923635,-1467.2380253940667
2025-07-28T22:00:00Z,2025-07-28T22:15:00Z,2025-07-29,2025-07-29_1,0.0,0,0,100,64.3478260869565,64.3478260869565,0.0,0.0,0.0,True,False,True,False,0.0,1101.9840643736193,0.0,0.0,0.0,0.0,1101.9840643736193
2025-07-28T22:15:00Z,2025-07-28T22:30:00Z,2025-07-29,2025-07-29_1,0.0,0,0,100,64.3478260869565,64.3478260869565,0.0,0.0,0.0,True,False,True,False,0.0,1101.9840643736193,0.0,0.0,0.0,0.0,1101.9840643736193
2025-07-28T22:30:00Z,2025-07-28T22:45:00Z,2025-07-29,2025-07-29_1,0.0,0,0,100,64.3478260869565,64.3478260869565,0.0,0.0,0.0,True,False,True,False,0.0,1101.9840643736193,0.0,0.0,0.0,0.0,1101.9840643736193
2025-07-28T22:45:00Z,2025-07-28T23:00:00Z,2025-07-29,2025-07-29_1,0.0,0,0,100,64.3478260869565,64.3478260869565,0.0,0.0,0.0,True,False,True,False,0.0,1101.9840643736193,0.0,0.0,0.0,0.0,1101.9840643736193
2025-07-28T23:00:00Z,2025-07-28T23:15:00Z,2025-07-29,2025-07-29_2,77.6604063339692,22,100,0,64.3478260869565,57.98954119299943,0.03370135840886308,0.0,14.0475,True,True,True,False,2040.5271764250408,0.0,15.587527611233828,25.116361628273904,0.0,10957.534836008992,13038.76590167354
2025-07-28T23:15:00Z,2025-07-28T23:30:00Z,2025-07-29,2025-07-29_2,77.6604063339692,22,100,0,57.98954119299943,38.33945678588104,0.05670275129625225,0.45529000000000003,1.856,True,True,True,False,2040.5271764250408,0.0,15.587527611233828,25.116361628273904,62.844189446592,-93.45888292836857,2050.616372182772
2025-07-28T23:30:00Z,2025-07-28T23:45:00Z,2025-07-29,2025-07-29_2,77.6604063339692,22,100,0,38.33945678588104,20.310251455093578,0.05347912704608179,0.04565,2.976,True,True,True,False,2040.5271764250408,0.0,15.587527611233828,25.116361628273904,6.297969578337015,-136.8564405175134,1950.6725947253722
2025-07-28T23:45:00Z,2025-07-29T00:00:00Z,2025-07-29,2025-07-29_2,77.6604063339692,22,100,0,20.310251455093578,9.999999999999991,0.04038016082644244,0.0,10.2825,True,True,True,False,2040.5271764250408,0.0,15.587527611233828,25.116361628273904,0.0,-296.23634279346794,1784.9947228710805
2025-07-29T00:00:00Z,2025-07-29T00:15:00Z,2025-07-29,2025-07-29_3,-100.0,100,0,0,9.999999999999991,32.22627999999999,0.06173966666666667,0.8409999999999999,0.0,True,True,True,False,-2158.25,0.0,67.33196591984853,0.0,116.08599794887975,0.0,-1974.8320361312717
2025-07-29T00:15:00Z,2025-07-29T00:30:00Z,2025-07-29,2025-07-29_3,-100.0,100,0,0,32.22627999999999,46.39611999999999,0.03936066666666667,9.598,0.0,True,True,True,False,-2158.25,0.0,67.33196591984853,0.0,1514.212084648154,0.0,-576.7059494319976
2025-07-29T00:30:00Z,2025-07-29T00:45:00Z,2025-07-29,2025-07-29_3,-100.0,100,0,0,46.39611999999999,54.80077999999999,0.02334627777777778,15.864500000000001,0.0,True,True,True,False,-2158.25,0.0,67.33196591984853,0.0,2596.3819924463555,0.0,505.46395836620405
2025-07-29T00:45:00Z,2025-07-29T01:00:00Z,2025-07-29,2025-07-29_3,-100.0,100,0,0,54.80077999999999,63.28547999999999,0.023568611111111113,15.7775,0.0,True,True,True,False,-2158.25,0.0,67.33196591984853,0.0,10003.076270609814,0.0,7912.158236529663
2025-07-29T01:00:00Z,2025-07-29T01:15:00Z,2025-07-29,2025-07-29_4,-88.42353611695357,100,11,0,63.28547999999999,61.86008038283777,0.01223677059691419,23.1685,0.0,True,True,True,False,-1896.684849708654,0.0,68.3673871883875,2.7627997791101295,23675.5759605751,0.0,21850.021297833944
2025-07-29T01:15:00Z,2025-07-29T01:30:00Z,2025-07-29,2025-07-29_4,-88.42353611695357,100,11,0,61.86008038283777,76.30133395888122,0.04450260436545175,6.277000000000001,0.0,True,True,True,False,-1896.684849708654,0.0,68.3673871883875,2.7627997791101295,939.4429760965605,0.0,-886.1116866445958
2025-07-29T01:30:00Z,2025-07-29T01:45:00Z,2025-07-29,2025-07-29_4,-88.42353611695357,100,11,0,76.30133395888122,96.31775801407606,0.055841305669250565,0.3435,0.001815,True,True,True,False,-1896.684849708654,0.0,68.3673871883875,2.7627997791101295,47.35454796465763,-0.14712152887346164,-1778.3472363053722
2025-07-29T01:45:00Z,2025-07-29T02:00:00Z,2025-07-29,2025-07-29_4,-88.42353611695357,100,11,0,96.31775801407606,116.57594347826085,0.056333206248694714,0.0865,0.0022,True,True,True,False,-1896.684849708654,0.0,68.3673871883875,2.7627997791101295,11.92065330151467,-0.1697163931839697,-1813.8037258328256
2025-07-29T02:00:00Z,2025-07-29T02:15:00Z,2025-07-29,2025-07-29_5,0.0,0,0,100,116.57594347826085,116.57594347826085,0.0,0.0,0.0,True,True,True,False,0.0,1101.9840643736193,0.0,0.0,0.0,0.0,1101.9840643736193
2025-07-29T02:15:00Z,2025-07-29T02:30:00Z,2025-07-29,2025-07-29_5,0.0,0,0,100,116.57594347826085,116.57594347826085,0.0,0.0,0.0,True,True,True,False,0.0,1101.9840643736193,0.0,0.0,0.0,0.0,1101.9840643736193
2025-07-29T02:30:00Z,2025-07-29T02:45:00Z,2025-07-29,2025-07-29_5,0.0,0,0,100,116.57594347826085,116.57594347826085,0.0,0.0,0.0,True,True,True,False,0.0,1101.9840643736193,0.0,0.0,0.0,0.0,1101.9840643736193
2025-07-29T02:45:00Z,2025-07-29T03:00:00Z,2025-07-29,2025-07-29_5,0.0,0,0,100,116.57594347826085,116.57594347826085,0.0,0.0,0.0,True,True,True,False,0.0,1101.9840643736193,0.0,0.0,0.0,0.0,1101.9840643736193
2025-07-29T03:00:00Z,2025-07-29T03:15:00Z,2025-07-29,2025-07-29_6,0.0,0,0,100,116.57594347826085,116.57594347826085,0.0,0.0,0.0,True,True,True,False,0.0,1101.9840643736193,0.0,0.0,0.0,0.0,1101.9840643736193
2025-07-29T03:15:00Z,2025-07-29T03:30:00Z,2025-07-29,2025-07-29_6,0.0,0,0,100,116.57594347826085,116.57594347826085,0.0,0.0,0.0,True,True,True,False,0.0,1101.9840643736193,0.0,0.0,0.0,0.0,1101.9840643736193
2025-07-29T03:30:00Z,2025-07-29T03:45:00Z,2025-07-29,2025-07-29_6,0.0,0,0,100,116.57594347826085,116.57594347826085,0.0,0.0,0.0,True,True,True,False,0.0,1101.9840643736193,0.0,0.0,0.0,0.0,1101.9840643736193
2025-07-29T03:45:00Z,2025-07-29T04:00:00Z,2025-07-29,2025-07-29_6,0.0,0,0,100,116.57594347826085,116.57594347826085,0.0,0.0,0.0,True,True,True,False,0.0,1101.9840643736193,0.0,0.0,0.0,0.0,1101.9840643736193
2025-07-29T04:00:00Z,2025-07-29T04:15:00Z,2025-07-29,2025-07-29_7,0.0,0,0,100,116.57594347826085,116.57594347826085,0.0,0.0,0.0,True,True,True,False,0.0,1101.9840643736193,0.0,0.0,0.0,0.0,1101.9840643736193
2025-07-29T04:15:00Z,2025-07-29T04:30:00Z,2025-07-29,2025-07-29_7,0.0,0,0,100,116.57594347826085,116.57594347826085,0.0,0.0,0.0,True,True,True,False,0.0,1101.9840643736193,0.0,0.0,0.0,0.0,1101.9840643736193
2025-07-29T04:30:00Z,2025-07-29T04:45:00Z,2025-07-29,2025-07-29_7,0.0,0,0,100,116.57594347826085,116.57594347826085,0.0,0.0,0.0,True,True,True,False,0.0,1101.9840643736193,0.0,0.0,0.0,0.0,1101.9840643736193
2025-07-29T04:45:00Z,2025-07-29T05:00:00Z,2025-07-29,2025-07-29_7,0.0,0,0,100,116.57594347826085,116.57594347826085,0.0,0.0,0.0,True,True,True,False,0.0,1101.9840643736193,0.0,0.0,0.0,0.0,1101.9840643736193
2025-07-29T05:00:00Z,2025-07-29T05:15:00Z,2025-07-29,2025-07-29_8,0.0,100,100,0,116.57594347826085,100.4340956521739,0.04483846618357488,14.8505,0.0,True,True,True,False,0.0,0.0,94.28250236667719,24.02177343010413,15644.77505610997,0.0,15763.07933190675
2025-07-29T05:15:00Z,2025-07-29T05:30:00Z,2025-07-29,2025-07-29_8,0.0,100,100,0,100.4340956521739,75.43844347826085,0.06943236714975845,22.996,0.0,True,True,True,False,0.0,0.0,94.28250236667719,24.02177343010413,26239.82653597349,0.0,26358.130811770272
2025-07-29T05:30:00Z,2025-07-29T05:45:00Z,2025-07-29,2025-07-29_8,0.0,100,100,0,75.43844347826085,64.63831913043477,0.030020789855072463,9.9395,0.004,True,True,True,False,0.0,0.0,94.28250236667719,24.02177343010413,1770.8145295242982,-0.3313348059324708,1888.787470515147
2025-07-29T05:45:00Z,2025-07-29T06:00:00Z,2025-07-29,2025-07-29_8,0.0,100,100,0,64.63831913043477,64.3478260869565,0.0011314806763285023,0.321,0.0635,True,True,True,False,0.0,0.0,94.28250236667719,24.02177343010413,44.313244714420954,-4.883841807352478,157.7336787038498
2025-07-29T06:00:00Z,2025-07-29T06:15:00Z,2025-07-29,2025-07-29_9,0.0,0,0,100,64.3478260869565,64.3478260869565,0.0,0.0,0.0,True,True,True,False,0.0,1101.9840643736193,0.0,0.0,0.0,0.0,1101.9840643736193
2025-07-29T06:15:00Z,2025-07-29T06:30:00Z,2025-07-29,2025-07-29_9,0.0,0,0,100,64.3478260869565,64.3478260869565,0.0,0.0,0.0,True,True,True,False,0.0,1101.9840643736193,0.0,0.0,0.0,0.0,1101.9840643736193
2025-07-29T06:30:00Z,2025-07-29T06:45:00Z,2025-07-29,2025-07-29_9,0.0,0,0,100,64.3478260869565,64.3478260869565,0.0,0.0,0.0,True,True,True,False,0.0,1101.9840643736193,0.0,0.0,0.0,0.0,1101.9840643736193
2025-07-29T06:45:00Z,2025-07-29T07:00:00Z,2025-07-29,2025-07-29_9,0.0,0,0,100,64.3478260869565,64.3478260869565,0.0,0.0,0.0,True,True,True,False,0.0,1101.9840643736193,0.0,0.0,0.0,0.0,1101.9840643736193
2025-07-29T07:00:00Z,2025-07-29T07:15:00Z,2025-07-29,2025-07-29_10,5.551643678824468,7,13,87,64.3478260869565,63.195348400365674,0.004256610030780911,0.001015,0.36035999999999996,True,True,True,False,116.08486932421962,958.7261360050487,4.649041495739981,3.1882100031555693,0.13996126143893972,-13.83374734932155,1068.9544707402813
2025-07-29T07:15:00Z,2025-07-29T07:30:00Z,2025-07-29,2025-07-29_10,5.551643678824468,7,13,87,63.195348400365674,61.684838189336446,0.004215277079447284,0.007805000000000001,0.006629999999999999,True,True,True,False,116.08486932421962,958.7261360050487,4.649041495739981,3.1882100031555693,1.0768926583701484,-0.5313689235563267,1083.1937805629777
2025-07-29T07:30:00Z,2025-07-29T07:45:00Z,2025-07-29,2025-07-29_10,5.551643678824468,7,13,87,61.684838189336446,59.9801111856187,0.004737446603826223,0.18109,0.0007149999999999999,True,True,True,False,116.08486932421962,958.7261360050487,4.649041495739981,3.1882100031555693,25.000591669296305,-0.05499566109182707,1107.5938528363683
2025-07-29T07:45:00Z,2025-07-29T08:00:00Z,2025-07-29,2025-07-29_10,5.551643678824468,7,13,87,59.9801111856187,58.23620018260875,0.004891022563989015,0.23107000000000003,0.01599,True,True,True,False,116.08486932421962,958.7261360050487,4.649041495739981,3.1882100031555693,36.94431231855475,-0.6737282305143579,1118.9188409162043
2025-07-29T08:00:00Z,2025-07-29T08:15:00Z,2025-07-29,2025-07-29_11,0.0,13,13,87,58.23620018260875,57.972629704347874,0.0007354624396135264,0.243035,0.0006500000000000001,True,True,True,False,0.0,958.7261360050487,8.699313663616282,3.1882100031555693,31.803390228581573,-0.04999605553802462,1002.3670538448641
2025-07-29T08:15:00Z,2025-07-29T08:30:00Z,2025-07-29,2025-07-29_11,0.0,13,13,87,57.972629704347874,57.31782535652179,0.001818900966183575,0.6024200000000001,0.0,True,True,True,False,0.0,958.7261360050487,8.699313663616282,3.1882100031555693,81.9729137858946,0.0,1052.586573457715
2025-07-29T08:30:00Z,2025-07-29T08:45:00Z,2025-07-29,2025-07-29_11,0.0,13,13,87,57.31782535652179,57.28260869565222,0.00011177739130434781,0.03471,0.0027300000000000002,True,True,True,False,0.0,958.7261360050487,8.699313663616282,3.1882100031555693,4.1621331650362885,-0.2099834332597034,974.5658094035972
2025-07-29T08:45:00Z,2025-07-29T09:00:00Z,2025-07-29,2025-07-29_11,0.0,13,13,87,57.28260869565222,57.32199632173918,0.00013178326086956522,0.003705,0.04719,True,True,True,False,0.0,958.7261360050487,8.699313663616282,3.1882100031555693,0.4442726412117387,-2.5277139594509306,968.5302183535814
2025-07-29T09:00:00Z,2025-07-29T09:15:00Z,2025-07-29,2025-07-29_12,0.0,13,13,87,57.32199632173918,58.522062721739175,0.003333517777777778,0.0,1.3044200000000001,True,True,True,False,0.0,958.7261360050487,8.699313663616282,3.1882100031555693,0.0,8.195844974755444,978.809504646576
2025-07-29T09:15:00Z,2025-07-29T09:30:00Z,2025-07-29,2025-07-29_12,0.0,13,13,87,58.522062721739175,58.27426305217396,0.0016082557487922707,0.380315,0.179985,True,True,True,False,0.0,958.7261360050487,8.699313663616282,3.1882100031555693,42.93635138845062,-3.3206920124645,1010.2293190478067
2025-07-29T09:30:00Z,2025-07-29T09:45:00Z,2025-07-29,2025-07-29_12,0.0,13,13,87,58.27426305217396,58.19282901739135,0.00024049120772946862,0.077285,0.0027949999999999997,True,True,True,False,0.0,958.7261360050487,8.699313663616282,3.1882100031555693,8.215646694540865,-0.20585563071946983,978.623450735642
2025-07-29T09:45:00Z,2025-07-29T10:00:00Z,2025-07-29,2025-07-29_12,0.0,13,13,87,58.19282901739135,57.862231330434824,0.000920984685990338,0.30458999999999997,0.0005200000000000001,True,True,True,False,0.0,958.7261360050487,8.699313663616282,3.1882100031555693,34.88932354449352,-0.028959253707794258,1005.4740239626063
2025-07-29T10:00:00Z,2025-07-29T10:15:00Z,2025-07-29,2025-07-29_13,-100.0,100,0,0,57.862231330434824,79.71545133043483,0.06070338888888889,1.2465,0.0,True,True,True,False,-1404.0,0.0,66.91779741243295,0.0,125.86935941937519,0.0,-1211.212843168192
2025-07-29T10:15:00Z,2025-07-29T10:30:00Z,2025-07-29,2025-07-29_13,-100.0,100,0,0,79.71545133043483,93.91795133043483,0.03945138888888888,9.5625,0.0,True,True,True,False,-1404.0,0.0,66.91779741243295,0.0,3054.5797915351845,0.0,1717.4975889476175
2025-07-29T10:30:00Z,2025-07-29T10:45:00Z,2025-07-29,2025-07-29_13,-100.0,100,0,0,93.91795133043483,94.46949133043483,0.0015320555555555556,24.4005,0.0,True,True,True,False,-1404.0,0.0,66.91779741243295,0.0,20340.172872751653,0.0,19003.090670164085
2025-07-29T10:45:00Z,2025-07-29T11:00:00Z,2025-07-29,2025-07-29_13,-100.0,100,0,0,94.46949133043483,106.03159133043484,0.03211694444444445,12.4325,0.0,True,True,True,False,-1404.0,0.0,66.91779741243295,0.0,4018.899290489902,0.0,2681.8170879023346
2025-07-29T11:00:00Z,2025-07-29T11:15:00Z,2025-07-29,2025-07-29_14,-98.61841116535064,100,1,0,106.03159133043484,113.96568136905671,0.023373214857310805,15.990500000000003,0.0,True,True,True,False,-1479.2761674802596,0.0,66.91779741243295,0.24524692331965917,2410.549583563427,0.0,998.43646041892
2025-07-29T11:15:00Z,2025-07-29T11:30:00Z,2025-07-29,2025-07-29_14,-98.61841116535064,100,1,0,113.96568136905671,122.68788244237918,0.025491121858338548,15.136,0.0,True,True,True,False,-1479.2761674802596,0.0,66.91779741243295,0.24524692331965917,13887.002379299462,0.0,12474.889256154955
2025-07-29T11:30:00Z,2025-07-29T11:45:00Z,2025-07-29,2025-07-29_14,-98.61841116535064,100,1,0,122.68788244237918,128.45593530722184,0.01755237858824863,18.339,0.0,True,True,True,False,-1479.2761674802596,0.0,66.91779741243295,0.24524692331965917,10897.038574274218,0.0,9484.925451129711
2025-07-29T11:45:00Z,2025-07-29T12:00:00Z,2025-07-29,2025-07-29_14,-98.61841116535064,100,1,0,128.45593530722184,147.75627720000006,0.053918371405447606,3.6715,0.004735,True,True,True,False,-1479.2761674802596,0.0,66.91779741243295,0.24524692331965917,739.0993653360681,-0.2994020885926159,-673.3131598970315
2025-07-29T12:00:00Z,2025-07-29T12:15:00Z,2025-07-29,2025-07-29_15,0.0,13,13,87,147.75627720000006,148.38656920000005,0.001750811111111111,0.0,0.6850999999999999,True,True,True,False,0.0,958.7261360050487,8.699313663616282,3.1882100031555693,0.0,-24.54964186257494,946.0640178092456
2025-07-29T12:15:00Z,2025-07-29T12:30:00Z,2025-07-29,2025-07-29_15,0.0,13,13,87,148.38656920000005,148.96238340000005,0.001599483888888889,0.0,0.625885,True,True,True,False,0.0,958.7261360050487,8.699313663616282,3.1882100031555693,0.0,-20.67886810803881,949.9347915637818
2025-07-29T12:30:00Z,2025-07-29T12:45:00Z,2025-07-29,2025-07-29_15,0.0,13,13,87,148.96238340000005,149.26144320000006,0.0008307216666666668,0.0,0.32506500000000005,True,True,True,False,0.0,958.7261360050487,8.699313663616282,3.1882100031555693,0.0,-21.30616950142001,949.3074901704006
2025-07-29T12:45:00Z,2025-07-29T13:00:00Z,2025-07-29,2025-07-29_15,0.0,13,13,87,149.26144320000006,149.98000000000005,0.0019959911111111115,0.0,0.7810400000000001,True,True,True,False,0.0,958.7261360050487,8.699313663616282,3.1882100031555693,0.0,-38.25315307668034,932.3605065951402
2025-07-29T13:00:00Z,2025-07-29T13:15:00Z,2025-07-29,2025-07-29_16,0.0,0,0,87,149.98000000000005,149.98000000000005,0.0,0.0,0.0,True,False,True,False,0.0,958.7261360050487,0.0,0.0,0.0,0.0,958.7261360050487
2025-07-29T13:15:00Z,2025-07-29T13:30:00Z,2025-07-29,2025-07-29_16,0.0,0,0,87,149.98000000000005,149.98000000000005,0.0,0.0,0.0,True,False,True,False,0.0,958.7261360050487,0.0,0.0,0.0,0.0,958.7261360050487
2025-07-29T13:30:00Z,2025-07-29T13:45:00Z,2025-07-29,2025-07-29_16,0.0,0,0,87,149.98000000000005,149.98000000000005,0.0,0.0,0.0,True,False,True,False,0.0,958.7261360050487,0.0,0.0,0.0,0.0,958.7261360050487
2025-07-29T13:45:00Z,2025-07-29T14:00:00Z,2025-07-29,2025-07-29_16,0.0,0,0,87,149.98000000000005,149.98000000000005,0.0,0.0,0.0,True,False,True,False,0.0,958.7261360050487,0.0,0.0,0.0,0.0,958.7261360050487
2025-07-29T14:00:00Z,2025-07-29T14:15:00Z,2025-07-29,2025-07-29_17,5.573495879999995,0,0,87,149.98000000000005,148.465463076087,0.004207047010869561,0.0,0.0,True,False,True,False,144.91089287999986,958.7261360050487,0.0,0.0,0.0,0.0,1103.6370288850485
2025-07-29T14:15:00Z,2025-07-29T14:30:00Z,2025-07-29,2025-07-29_17,5.573495879999995,0,0,87,148.465463076087,146.95092615217393,0.004207047010869561,0.0,0.0,True,False,True,False,144.91089287999986,958.7261360050487,0.0,0.0,0.0,0.0,1103.6370288850485
2025-07-29T14:30:00Z,2025-07-29T14:45:00Z,2025-07-29,2025-07-29_17,5.573495879999995,0,0,87,146.95092615217393,145.43638922826088,0.004207047010869561,0.0,0.0,True,False,True,False,144.91089287999986,958.7261360050487,0.0,0.0,0.0,0.0,1103.6370288850485
2025-07-29T14:45:00Z,2025-07-29T15:00:00Z,2025-07-29,2025-07-29_17,5.573495879999995,0,0,87,145.43638922826088,143.92185230434782,0.004207047010869561,0.0,0.0,True,False,True,False,144.91089287999986,958.7261360050487,0.0,0.0,0.0,0.0,1103.6370288850485
2025-07-29T15:00:00Z,2025-07-29T15:15:00Z,2025-07-29,2025-07-29_18,0.0,0,0,100,143.92185230434782,143.92185230434782,0.0,0.0,0.0,True,False,True,False,0.0,1101.9840643736193,0.0,0.0,0.0,0.0,1101.9840643736193
2025-07-29T15:15:00Z,2025-07-29T15:30:00Z,2025-07-29,2025-07-29_18,0.0,0,0,100,143.92185230434782,143.92185230434782,0.0,0.0,0.0,True,False,True,False,0.0,1101.9840643736193,0.0,0.0,0.0,0.0,1101.9840643736193
2025-07-29T15:30:00Z,2025-07-29T15:45:00Z,2025-07-29,2025-07-29_18,0.0,0,0,100,143.92185230434782,143.92185230434782,0.0,0.0,0.0,True,False,True,False,0.0,1101.9840643736193,0.0,0.0,0.0,0.0,1101.9840643736193
2025-07-29T15:45:00Z,2025-07-29T16:00:00Z,2025-07-29,2025-07-29_18,0.0,0,0,100,143.92185230434782,143.92185230434782,0.0,0.0,0.0,True,False,True,False,0.0,1101.9840643736193,0.0,0.0,0.0,0.0,1101.9840643736193
2025-07-29T16:00:00Z,2025-07-29T16:15:00Z,2025-07-29,2025-07-29_19,0.0,0,0,100,143.92185230434782,143.92185230434782,0.0,0.0,0.0,True,True,True,False,0.0,1101.9840643736193,0.0,0.0,0.0,0.0,1101.9840643736193
2025-07-29T16:15:00Z,2025-07-29T16:30:00Z,2025-07-29,2025-07-29_19,0.0,0,0,100,143.92185230434782,143.92185230434782,0.0,0.0,0.0,True,True,True,False,0.0,1101.9840643736193,0.0,0.0,0.0,0.0,1101.9840643736193
2025-07-29T16:30:00Z,2025-07-29T16:45:00Z,2025-07-29,2025-07-29_19,0.0,0,0,100,143.92185230434782,143.92185230434782,0.0,0.0,0.0,True,True,True,False,0.0,1101.9840643736193,0.0,0.0,0.0,0.0,1101.9840643736193
2025-07-29T16:45:00Z,2025-07-29T17:00:00Z,2025-07-29,2025-07-29_19,0.0,0,0,100,143.92185230434782,143.92185230434782,0.0,0.0,0.0,True,True,True,False,0.0,1101.9840643736193,0.0,0.0,0.0,0.0,1101.9840643736193
2025-07-29T17:00:00Z,2025-07-29T17:15:00Z,2025-07-29,2025-07-29_20,0.0,0,0,100,143.92185230434782,143.92185230434782,0.0,0.0,0.0,True,True,True,False,0.0,1101.9840643736193,0.0,0.0,0.0,0.0,1101.9840643736193
2025-07-29T17:15:00Z,2025-07-29T17:30:00Z,2025-07-29,2025-07-29_20,0.0,0,0,100,143.92185230434782,143.92185230434782,0.0,0.0,0.0,True,True,True,False,0.0,1101.9840643736193,0.0,0.0,0.0,0.0,1101.9840643736193
2025-07-29T17:30:00Z,2025-07-29T17:45:00Z,2025-07-29,2025-07-29_20,0.0,0,0,100,143.92185230434782,143.92185230434782,0.0,0.0,0.0,True,True,True,False,0.0,1101.9840643736193,0.0,0.0,0.0,0.0,1101.9840643736193
2025-07-29T17:45:00Z,2025-07-29T18:00:00Z,2025-07-29,2025-07-29_20,0.0,0,0,100,143.92185230434782,143.92185230434782,0.0,0.0,0.0,True,True,True,False,0.0,1101.9840643736193,0.0,0.0,0.0,0.0,1101.9840643736193
2025-07-29T18:00:00Z,2025-07-29T18:15:00Z,2025-07-29,2025-07-29_21,0.0,0,0,100,143.92185230434782,143.92185230434782,0.0,0.0,0.0,True,True,True,False,0.0,1101.9840643736193,0.0,0.0,0.0,0.0,1101.9840643736193
2025-07-29T18:15:00Z,2025-07-29T18:30:00Z,2025-07-29,2025-07-29_21,0.0,0,0,100,143.92185230434782,143.92185230434782,0.0,0.0,0.0,True,True,True,False,0.0,1101.9840643736193,0.0,0.0,0.0,0.0,1101.9840643736193
2025-07-29T18:30:00Z,2025-07-29T18:45:00Z,2025-07-29,2025-07-29_21,0.0,0,0,100,143.92185230434782,143.92185230434782,0.0,0.0,0.0,True,True,True,False,0.0,1101.9840643736193,0.0,0.0,0.0,0.0,1101.9840643736193
2025-07-29T18:45:00Z,2025-07-29T19:00:00Z,2025-07-29,2025-07-29_21,0.0,0,0,100,143.92185230434782,143.92185230434782,0.0,0.0,0.0,True,True,True,False,0.0,1101.9840643736193,0.0,0.0,0.0,0.0,1101.9840643736193
2025-07-29T19:00:00Z,2025-07-29T19:15:00Z,2025-07-29,2025-07-29_22,100.0,0,100,0,143.92185230434782,116.74793926086956,0.07548309178743962,0.0,0.0,True,True,True,False,4190.75,0.0,0.0,26.21094982644367,0.0,0.0,4216.9609498264435
2025-07-29T19:15:00Z,2025-07-29T19:30:00Z,2025-07-29,2025-07-29_22,100.0,0,100,0,116.74793926086956,89.63000447826087,0.07532759661835749,0.0,0.0515,True,True,True,False,4190.75,0.0,0.0,26.21094982644367,0.0,-4.265935626380561,4212.695014200063
2025-07-29T19:30:00Z,2025-07-29T19:45:00Z,2025-07-29,2025-07-29_22,100.0,0,100,0,89.63000447826087,62.96859143478261,0.0740594806763285,0.0,0.4715,True,True,True,False,4190.75,0.0,0.0,26.21094982644367,0.0,-38.746524238718834,4178.214425587725
2025-07-29T19:45:00Z,2025-07-29T20:00:00Z,2025-07-29,2025-07-29_22,100.0,0,100,0,62.96859143478261,51.50609143478261,0.03184027777777777,0.0,14.454500000000001,True,True,True,False,4190.75,0.0,0.0,26.21094982644367,0.0,6718.639978305459,10935.600928131904
2025-07-29T20:00:00Z,2025-07-29T20:15:00Z,2025-07-29,2025-07-29_23,71.0,29,100,0,51.50609143478261,38.338038017391305,0.045324519492753616,0.0027549999999999996,5.901,True,True,True,False,2218.75,0.0,22.065714736509936,27.009703376459452,0.3803447459766487,1342.1295197617544,3610.3352826207006
2025-07-29T20:15:00Z,2025-07-29T20:30:00Z,2025-07-29,2025-07-29_23,71.0,29,100,0,38.338038017391305,23.98552233043479,0.04693162913043478,0.007539999999999999,4.7655,True,True,True,False,2218.75,0.0,22.065714736509936,27.009703376459452,1.0409435153045123,-211.82997130403916,2057.0363903242346
2025-07-29T20:30:00Z,2025-07-29T20:45:00Z,2025-07-29,2025-07-29_23,71.0,29,100,0,23.98552233043479,10.719725182608705,0.045452254299516895,0.0,5.804,True,True,True,False,2218.75,0.0,22.065714736509936,27.009703376459452,0.0,-350.4366464184285,1917.388771694541
2025-07-29T20:45:00Z,2025-07-29T21:00:00Z,2025-07-29,2025-07-29_23,71.0,29,100,0,10.719725182608705,10.00000000000001,0.028508039951690822,0.0,17.8845,True,True,True,False,2218.75,0.0,22.065714736509936,27.009703376459452,0.0,9169.231196651152,11437.05661476412
2025-07-29T21:00:00Z,2025-07-29T21:15:00Z,2025-07-30,2025-07-29_24,-51.82509742075453,100,48,0,10.00000000000001,25.422764406773556,0.04284101224103762,0.0,3.8076000000000003,True,True,True,False,-1363.0000621658442,0.0,67.00360584027902,9.476857598865045,0.0,520.1214160903234,-766.3981826363768
2025-07-29T21:15:00Z,2025-07-29T21:30:00Z,2025-07-30,2025-07-29_24,-51.82509742075453,100,48,0,25.422764406773556,38.68283776683455,0.03683790077999244,0.0015,1.45848,True,True,True,False,-1363.0000621658442,0.0,67.00360584027902,9.476857598865045,0.20659691434651536,-73.56255738015015,-1359.8755591925037
2025-07-29T21:30:00Z,2025-07-29T21:45:00Z,2025-07-30,2025-07-29_24,-51.82509742075453,100,48,0,38.68283776683455,51.06902968018301,0.03441481598561392,0.003,0.5102399999999999,True,True,True,False,-1363.0000621658442,0.0,67.00360584027902,9.476857598865045,0.4113217473547319,-30.152126641839565,-1316.2604036211849
2025-07-29T21:45:00Z,2025-07-29T22:00:00Z,2025-07-30,2025-07-29_24,-51.82509742075453,100,48,0,51.06902968018301,64.34782608695654,0.03688554557437095,0.0,1.4772,True,True,True,False,-1363.0000621658442,0.0,67.00360584027902,9.476857598865045,0.0,-64.73588650469942,-1351.2554852313995
2025-07-29T22:00:00Z,2025-07-29T22:15:00Z,2025-07-30,2025-07-30_1,0.0,0,0,100,64.34782608695654,64.34782608695654,0.0,0.0,0.0,True,True,True,False,0.0,1100.96352781226,0.0,0.0,0.0,0.0,1100.96352781226
2025-07-29T22:15:00Z,2025-07-29T22:30:00Z,2025-07-30,2025-07-30_1,0.0,0,0,100,64.34782608695654,64.34782608695654,0.0,0.0,0.0,True,True,True,False,0.0,1100.96352781226,0.0,0.0,0.0,0.0,1100.96352781226
2025-07-29T22:30:00Z,2025-07-29T22:45:00Z,2025-07-30,2025-07-30_1,0.0,0,0,100,64.34782608695654,64.34782608695654,0.0,0.0,0.0,True,True,True,False,0.0,1100.96352781226,0.0,0.0,0.0,0.0,1100.96352781226
2025-07-29T22:45:00Z,2025-07-29T23:00:00Z,2025-07-30,2025-07-30_1,0.0,0,0,100,64.34782608695654,64.34782608695654,0.0,0.0,0.0,True,True,True,False,0.0,1100.96352781226,0.0,0.0,0.0,0.0,1100.96352781226
2025-07-29T23:00:00Z,2025-07-29T23:15:00Z,2025-07-30,2025-07-30_2,0.0,0,0,100,64.34782608695654,64.34782608695654,0.0,0.0,0.0,True,True,True,False,0.0,1100.96352781226,0.0,0.0,0.0,0.0,1100.96352781226
2025-07-29T23:15:00Z,2025-07-29T23:30:00Z,2025-07-30,2025-07-30_2,0.0,0,0,100,64.34782608695654,64.34782608695654,0.0,0.0,0.0,True,True,True,False,0.0,1100.96352781226,0.0,0.0,0.0,0.0,1100.96352781226
2025-07-29T23:30:00Z,2025-07-29T23:45:00Z,2025-07-30,2025-07-30_2,0.0,0,0,100,64.34782608695654,64.34782608695654,0.0,0.0,0.0,True,True,True,False,0.0,1100.96352781226,0.0,0.0,0.0,0.0,1100.96352781226
2025-07-29T23:45:00Z,2025-07-30T00:00:00Z,2025-07-30,2025-07-30_2,0.0,0,0,100,64.34782608695654,64.34782608695654,0.0,0.0,0.0,True,True,True,False,0.0,1100.96352781226,0.0,0.0,0.0,0.0,1100.96352781226
2025-07-30T00:00:00Z,2025-07-30T00:15:00Z,2025-07-30,2025-07-30_3,0.0,0,0,100,64.34782608695654,64.34782608695654,0.0,0.0,0.0,True,True,True,False,0.0,1100.96352781226,0.0,0.0,0.0,0.0,1100.96352781226
2025-07-30T00:15:00Z,2025-07-30T00:30:00Z,2025-07-30,2025-07-30_3,0.0,0,0,100,64.34782608695654,64.34782608695654,0.0,0.0,0.0,True,True,True,False,0.0,1100.96352781226,0.0,0.0,0.0,0.0,1100.96352781226
2025-07-30T00:30:00Z,2025-07-30T00:45:00Z,2025-07-30,2025-07-30_3,0.0,0,0,100,64.34782608695654,64.34782608695654,0.0,0.0,0.0,True,True,True,False,0.0,1100.96352781226,0.0,0.0,0.0,0.0,1100.96352781226
2025-07-30T00:45:00Z,2025-07-30T01:00:00Z,2025-07-30,2025-07-30_3,0.0,0,0,100,64.34782608695654,64.34782608695654,0.0,0.0,0.0,True,True,True,False,0.0,1100.96352781226,0.0,0.0,0.0,0.0,1100.96352781226
2025-07-30T01:00:00Z,2025-07-30T01:15:00Z,2025-07-30,2025-07-30_4,0.0,0,0,100,64.34782608695654,64.34782608695654,0.0,0.0,0.0,True,True,True,False,0.0,1100.96352781226,0.0,0.0,0.0,0.0,1100.96352781226
2025-07-30T01:15:00Z,2025-07-30T01:30:00Z,2025-07-30,2025-07-30_4,0.0,0,0,100,64.34782608695654,64.34782608695654,0.0,0.0,0.0,True,True,True,False,0.0,1100.96352781226,0.0,0.0,0.0,0.0,1100.96352781226
2025-07-30T01:30:00Z,2025-07-30T01:45:00Z,2025-07-30,2025-07-30_4,0.0,0,0,100,64.34782608695654,64.34782608695654,0.0,0.0,0.0,True,True,True,False,0.0,1100.96352781226,0.0,0.0,0.0,0.0,1100.96352781226
2025-07-30T01:45:00Z,2025-07-30T02:00:00Z,2025-07-30,2025-07-30_4,0.0,0,0,100,64.34782608695654,64.34782608695654,0.0,0.0,0.0,True,True,True,False,0.0,1100.96352781226,0.0,0.0,0.0,0.0,1100.96352781226
2025-07-30T02:00:00Z,2025-07-30T02:15:00Z,2025-07-30,2025-07-30_5,0.0,0,0,100,64.34782608695654,64.34782608695654,0.0,0.0,0.0,True,True,True,False,0.0,1100.96352781226,0.0,0.0,0.0,0.0,1100.96352781226
2025-07-30T02:15:00Z,2025-07-30T02:30:00Z,2025-07-30,2025-07-30_5,0.0,0,0,100,64.34782608695654,64.34782608695654,0.0,0.0,0.0,True,True,True,False,0.0,1100.96352781226,0.0,0.0,0.0,0.0,1100.96352781226
2025-07-30T02:30:00Z,2025-07-30T02:45:00Z,2025-07-30,2025-07-30_5,0.0,0,0,100,64.34782608695654,64.34782608695654,0.0,0.0,0.0,True,True,True,False,0.0,1100.96352781226,0.0,0.0,0.0,0.0,1100.96352781226
2025-07-30T02:45:00Z,2025-07-30T03:00:00Z,2025-07-30,2025-07-30_5,0.0,0,0,100,64.34782608695654,64.34782608695654,0.0,0.0,0.0,True,True,True,False,0.0,1100.96352781226,0.0,0.0,0.0,0.0,1100.96352781226
2025-07-30T03:00:00Z,2025-07-30T03:15:00Z,2025-07-30,2025-07-30_6,0.0,0,0,100,64.34782608695654,64.34782608695654,0.0,0.0,0.0,True,True,True,False,0.0,1100.96352781226,0.0,0.0,0.0,0.0,1100.96352781226
2025-07-30T03:15:00Z,2025-07-30T03:30:00Z,2025-07-30,2025-07-30_6,0.0,0,0,100,64.34782608695654,64.34782608695654,0.0,0.0,0.0,True,True,True,False,0.0,1100.96352781226,0.0,0.0,0.0,0.0,1100.96352781226
2025-07-30T03:30:00Z,2025-07-30T03:45:00Z,2025-07-30,2025-07-30_6,0.0,0,0,100,64.34782608695654,64.34782608695654,0.0,0.0,0.0,True,True,True,False,0.0,1100.96352781226,0.0,0.0,0.0,0.0,1100.96352781226
2025-07-30T03:45:00Z,2025-07-30T04:00:00Z,2025-07-30,2025-07-30_6,0.0,0,0,100,64.34782608695654,64.34782608695654,0.0,0.0,0.0,True,True,True,False,0.0,1100.96352781226,0.0,0.0,0.0,0.0,1100.96352781226
2025-07-30T04:00:00Z,2025-07-30T04:15:00Z,2025-07-30,2025-07-30_7,0.0,0,0,100,64.34782608695654,64.34782608695654,0.0,0.0,0.0,True,True,True,False,0.0,1100.96352781226,0.0,0.0,0.0,0.0,1100.96352781226
2025-07-30T04:15:00Z,2025-07-30T04:30:00Z,2025-07-30,2025-07-30_7,0.0,0,0,100,64.34782608695654,64.34782608695654,0.0,0.0,0.0,True,True,True,False,0.0,1100.96352781226,0.0,0.0,0.0,0.0,1100.96352781226
2025-07-30T04:30:00Z,2025-07-30T04:45:00Z,2025-07-30,2025-07-30_7,0.0,0,0,100,64.34782608695654,64.34782608695654,0.0,0.0,0.0,True,True,True,False,0.0,1100.96352781226,0.0,0.0,0.0,0.0,1100.96352781226
2025-07-30T04:45:00Z,2025-07-30T05:00:00Z,2025-07-30,2025-07-30_7,0.0,0,0,100,64.34782608695654,64.34782608695654,0.0,0.0,0.0,True,True,True,False,0.0,1100.96352781226,0.0,0.0,0.0,0.0,1100.96352781226
2025-07-30T05:00:00Z,2025-07-30T05:15:00Z,2025-07-30,2025-07-30_8,0.0,0,0,100,64.34782608695654,64.34782608695654,0.0,0.0,0.0,True,True,True,False,0.0,1100.96352781226,0.0,0.0,0.0,0.0,1100.96352781226
2025-07-30T05:15:00Z,2025-07-30T05:30:00Z,2025-07-30,2025-07-30_8,0.0,0,0,100,64.34782608695654,64.34782608695654,0.0,0.0,0.0,True,True,True,False,0.0,1100.96352781226,0.0,0.0,0.0,0.0,1100.96352781226
2025-07-30T05:30:00Z,2025-07-30T05:45:00Z,2025-07-30,2025-07-30_8,0.0,0,0,100,64.34782608695654,64.34782608695654,0.0,0.0,0.0,True,True,True,False,0.0,1100.96352781226,0.0,0.0,0.0,0.0,1100.96352781226
2025-07-30T05:45:00Z,2025-07-30T06:00:00Z,2025-07-30,2025-07-30_8,0.0,0,0,100,64.34782608695654,64.34782608695654,0.0,0.0,0.0,True,True,True,False,0.0,1100.96352781226,0.0,0.0,0.0,0.0,1100.96352781226
2025-07-30T06:00:00Z,2025-07-30T06:15:00Z,2025-07-30,2025-07-30_9,0.0,0,0,100,64.34782608695654,64.34782608695654,0.0,0.0,0.0,True,True,True,False,0.0,1100.96352781226,0.0,0.0,0.0,0.0,1100.96352781226
2025-07-30T06:15:00Z,2025-07-30T06:30:00Z,2025-07-30,2025-07-30_9,0.0,0,0,100,64.34782608695654,64.34782608695654,0.0,0.0,0.0,True,True,True,False,0.0,1100.96352781226,0.0,0.0,0.0,0.0,1100.96352781226
2025-07-30T06:30:00Z,2025-07-30T06:45:00Z,2025-07-30,2025-07-30_9,0.0,0,0,100,64.34782608695654,64.34782608695654,0.0,0.0,0.0,True,True,True,False,0.0,1100.96352781226,0.0,0.0,0.0,0.0,1100.96352781226
2025-07-30T06:45:00Z,2025-07-30T07:00:00Z,2025-07-30,2025-07-30_9,0.0,0,0,100,64.34782608695654,64.34782608695654,0.0,0.0,0.0,True,True,True,False,0.0,1100.96352781226,0.0,0.0,0.0,0.0,1100.96352781226
2025-07-30T07:00:00Z,2025-07-30T07:15:00Z,2025-07-30,2025-07-30_10,6.500000000000036,0,0,87,64.34782608695654,62.58152173913045,0.004906400966183602,0.0,0.0,True,False,True,False,113.36000000000064,957.838269196666,0.0,0.0,0.0,0.0,1071.1982691966666
2025-07-30T07:15:00Z,2025-07-30T07:30:00Z,2025-07-30,2025-07-30_10,6.500000000000036,0,0,87,62.58152173913045,60.81521739130436,0.004906400966183602,0.0,0.0,True,False,True,False,113.36000000000064,957.838269196666,0.0,0.0,0.0,0.0,1071.1982691966666
2025-07-30T07:30:00Z,2025-07-30T07:45:00Z,2025-07-30,2025-07-30_10,6.500000000000036,0,0,87,60.81521739130436,59.048913043478265,0.004906400966183602,0.0,0.0,True,False,True,False,113.36000000000064,957.838269196666,0.0,0.0,0.0,0.0,1071.1982691966666
2025-07-30T07:45:00Z,2025-07-30T08:00:00Z,2025-07-30,2025-07-30_10,6.500000000000036,0,0,87,59.048913043478265,57.28260869565217,0.004906400966183602,0.0,0.0,True,False,True,False,113.36000000000064,957.838269196666,0.0,0.0,0.0,0.0,1071.1982691966666
2025-07-30T08:00:00Z,2025-07-30T08:15:00Z,2025-07-30,2025-07-30_11,-0.06835987712657375,0,0,87,57.28260869565217,57.298331467391286,4.367436594197767e-05,0.0,0.0,True,False,True,False,-0.9303779276926687,957.838269196666,0.0,0.0,0.0,0.0,956.9078912689733
2025-07-30T08:15:00Z,2025-07-30T08:30:00Z,2025-07-30,2025-07-30_11,-0.06835987712657375,0,0,87,57.298331467391286,57.3140542391304,4.367436594197767e-05,0.0,0.0,True,False,True,False,-0.9303779276926687,957.838269196666,0.0,0.0,0.0,0.0,956.9078912689733
2025-07-30T08:30:00Z,2025-07-30T08:45:00Z,2025-07-30,2025-07-30_11,-0.06835987712657375,0,0,87,57.3140542391304,57.32977701086951,4.367436594197767e-05,0.0,0.0,True,False,True,False,-0.9303779276926687,957.838269196666,0.0,0.0,0.0,0.0,956.9078912689733
2025-07-30T08:45:00Z,2025-07-30T09:00:00Z,2025-07-30,2025-07-30_11,-0.06835987712657375,0,0,87,57.32977701086951,57.34549978260863,4.367436594197767e-05,0.0,0.0,True,False,True,False,-0.9303779276926687,957.838269196666,0.0,0.0,0.0,0.0,956.9078912689733
2025-07-30T09:00:00Z,2025-07-30T09:15:00Z,2025-07-30,2025-07-30_12,0.0,13,13,87,57.34549978260863,57.7861208782608,0.001296954734299517,0.01209,0.49322,True,True,True,False,0.0,957.838269196666,8.234024945321273,2.4936454454099426,1.0839096766566176,197.43309614785915,1167.082945411913
2025-07-30T09:15:00Z,2025-07-30T09:30:00Z,2025-07-30,2025-07-30_12,0.0,13,13,87,57.7861208782608,57.81450179999994,0.00013810521739130436,0.009815,0.042445000000000004,True,True,True,False,0.0,957.838269196666,8.234024945321273,2.4936454454099426,0.8799481783610176,-1.92383712537684,967.5220506403814
2025-07-30T09:30:00Z,2025-07-30T09:45:00Z,2025-07-30,2025-07-30_12,0.0,13,13,87,57.81450179999994,58.40460819999994,0.0016391844444444445,0.0,0.64142,True,True,True,False,0.0,957.838269196666,8.234024945321273,2.4936454454099426,0.0,39.24932786349038,1007.8152674508876
2025-07-30T09:45:00Z,2025-07-30T10:00:00Z,2025-07-30,2025-07-30_12,0.0,13,13,87,58.40460819999994,58.92008419999994,0.001431877777777778,0.0,0.5603,True,True,True,False,0.0,957.838269196666,8.234024945321273,2.4936454454099426,0.0,146.50722766053872,1115.073167247936
2025-07-30T10:00:00Z,2025-07-30T10:15:00Z,2025-07-30,2025-07-30_13,0.0,100,100,0,58.92008419999994,70.10406419999994,0.03106661111111111,0.0,12.1565,True,True,True,False,0.0,0.0,63.33865342554826,19.181888041614943,0.0,5447.065817323797,5529.586358790961
2025-07-30T10:15:00Z,2025-07-30T10:30:00Z,2025-07-30,2025-07-30_13,0.0,100,100,0,70.10406419999994,71.48122419999994,0.003894888888888889,0.0115,1.5105,True,True,True,False,0.0,0.0,63.33865342554826,19.181888041614943,0.8520029161986956,-34.3464562274635,49.0260881558984
2025-07-30T10:30:00Z,2025-07-30T10:45:00Z,2025-07-30,2025-07-30_13,0.0,100,100,0,71.48122419999994,78.34693550434777,0.01911369082125604,0.007000000000000001,7.471,True,True,True,False,0.0,0.0,63.33865342554826,19.181888041614943,0.5186104707296408,4682.863017477488,4765.902169415381
2025-07-30T10:45:00Z,2025-07-30T11:00:00Z,2025-07-30,2025-07-30_13,0.0,100,100,0,78.34693550434777,81.20300246086951,0.008135814009661837,0.0335,3.144,True,True,True,False,0.0,0.0,63.33865342554826,19.181888041614943,2.4819215384918527,-53.827936395341965,31.17452661031309
2025-07-30T11:00:00Z,2025-07-30T11:15:00Z,2025-07-30,2025-07-30_14,-13.000000000000009,0,0,87,81.20300246086951,84.19300246086951,0.00830555555555556,0.0,0.0,True,False,True,False,-57.49250000000004,957.838269196666,0.0,0.0,0.0,0.0,900.345769196666
2025-07-30T11:15:00Z,2025-07-30T11:30:00Z,2025-07-30,2025-07-30_14,-13.000000000000009,0,0,87,84.19300246086951,87.18300246086952,0.00830555555555556,0.0,0.0,True,False,True,False,-57.49250000000004,957.838269196666,0.0,0.0,0.0,0.0,900.345769196666
2025-07-30T11:30:00Z,2025-07-30T11:45:00Z,2025-07-30,2025-07-30_14,-13.000000000000009,0,0,87,87.18300246086952,90.17300246086953,0.00830555555555556,0.0,0.0,True,False,True,False,-57.49250000000004,957.838269196666,0.0,0.0,0.0,0.0,900.345769196666
2025-07-30T11:45:00Z,2025-07-30T12:00:00Z,2025-07-30,2025-07-30_14,-13.000000000000009,0,0,87,90.17300246086953,93.16300246086954,0.00830555555555556,0.0,0.0,True,False,True,False,-57.49250000000004,957.838269196666,0.0,0.0,0.0,0.0,900.345769196666
2025-07-30T12:00:00Z,2025-07-30T12:15:00Z,2025-07-30,2025-07-30_15,-49.00000000000003,49,0,51,93.16300246086954,104.35095686086954,0.03107765111111113,0.08918,0.0,True,True,True,False,-131.07500000000007,561.4913991842525,31.035940178518647,0.0,7.670646785285018,0.0,469.1229861480561
2025-07-30T12:15:00Z,2025-07-30T12:30:00Z,2025-07-30,2025-07-30_15,-49.00000000000003,49,0,51,104.35095686086954,115.29525386086955,0.030400825000000017,0.35402500000000003,0.0,True,True,True,False,-131.07500000000007,561.4913991842525,31.035940178518647,0.0,25.402449976355147,0.0,486.8547893391262
2025-07-30T12:30:00Z,2025-07-30T12:45:00Z,2025-07-30,2025-07-30_15,-49.00000000000003,49,0,51,115.29525386086955,126.39440066086956,0.030830963333333357,0.18571,0.0,True,True,True,False,-131.07500000000007,561.4913991842525,31.035940178518647,0.0,11.124084254497447,0.0,472.5764236172685
2025-07-30T12:45:00Z,2025-07-30T13:00:00Z,2025-07-30,2025-07-30_15,-49.00000000000003,49,0,51,126.39440066086956,137.56342146086956,0.031025057777777802,0.10976000000000001,0.0,True,True,True,False,-131.07500000000007,561.4913991842525,31.035940178518647,0.0,6.574656657011685,0.0,468.02699601978276
2025-07-30T13:00:00Z,2025-07-30T13:15:00Z,2025-07-30,2025-07-30_16,-13.0,13,0,87,137.56342146086956,140.52483706086957,0.008226154444444444,0.031069999999999997,0.0,True,True,True,False,-92.235,957.838269196666,8.234024945321273,0.0,2.412086461350515,0.0,876.2493806033378
2025-07-30T13:15:00Z,2025-07-30T13:30:00Z,2025-07-30,2025-07-30_16,-13.0,13,0,87,140.52483706086957,143.5061062608696,0.008281303333333333,0.00949,0.0,True,True,True,False,-92.235,957.838269196666,8.234024945321273,0.0,0.736746073968986,0.0,874.5740402159563
2025-07-30T13:30:00Z,2025-07-30T13:45:00Z,2025-07-30,2025-07-30_16,-13.0,13,0,87,143.5061062608696,146.4941926608696,0.008300240000000002,0.0020800000000000003,0.0,True,True,True,False,-92.235,957.838269196666,8.234024945321273,0.0,0.13378870170045912,0.0,873.9710828436878
2025-07-30T13:45:00Z,2025-07-30T14:00:00Z,2025-07-30,2025-07-30_16,-13.0,13,0,87,146.4941926608696,149.4817408608696,0.008298745,0.002665,0.0,True,True,True,False,-92.235,957.838269196666,8.234024945321273,0.0,0.2032827195523241,0.0,874.0405768615396
2025-07-30T14:00:00Z,2025-07-30T14:15:00Z,2025-07-30,2025-07-30_17,0.0,13,13,87,149.4817408608696,149.78134440000002,0.0008341946135265702,0.00032500000000000004,0.32604,True,True,True,False,0.0,957.838269196666,8.195602057102322,2.478276290122362,0.02817678469389766,-14.811175338416978,953.7291489901677
2025-07-30T14:15:00Z,2025-07-30T14:30:00Z,2025-07-30,2025-07-30_17,0.0,13,13,87,149.78134440000002,149.9404124,0.00044185555555555566,0.0,0.17290000000000003,True,True,True,False,0.0,957.838269196666,8.195602057102322,2.478276290122362,0.0,-10.002178636874152,958.5099689070165
2025-07-30T14:30:00Z,2025-07-30T14:45:00Z,2025-07-30,2025-07-30_17,0.0,13,13,87,149.9404124,149.97039130434786,0.00013665637681159422,0.00884,0.04303,True,True,True,False,0.0,957.838269196666,8.195602057102322,2.478276290122362,0.8027188902681721,-3.306673760122953,966.008192674036
2025-07-30T14:45:00Z,2025-07-30T15:00:00Z,2025-07-30,2025-07-30_17,0.0,13,13,87,149.97039130434786,149.85727717391308,0.00031420591787439614,0.104065,0.0,True,True,True,False,0.0,957.838269196666,8.195602057102322,2.478276290122362,13.293031926464504,0.0,981.8051794703553
2025-07-30T15:00:00Z,2025-07-30T15:15:00Z,2025-07-30,2025-07-30_18,-56.43177197740406,100,43,0,149.85727717391308,162.82953372898342,0.03640237641644924,0.14,0.143405,True,True,True,False,-1307.806315576339,0.0,63.33865342554826,8.52781225985695,12.913538649484739,-11.020068570077438,-1234.0463798115265
2025-07-30T15:15:00Z,2025-07-30T15:30:00Z,2025-07-30,2025-07-30_18,-56.43177197740406,100,43,0,162.82953372898342,175.61660771422663,0.03612607970292247,0.2305,0.039775000000000005,True,True,True,False,-1307.806315576339,0.0,63.33865342554826,8.52781225985695,21.314857441232686,-3.0565407578175803,-1217.681533207519
2025-07-30T15:30:00Z,2025-07-30T15:45:00Z,2025-07-30,2025-07-30_18,-56.43177197740406,100,43,0,175.61660771422663,187.86698647046214,0.0360020286113394,0.75,0.016985,True,True,True,False,-1307.806315576339,0.0,63.33865342554826,8.52781225985695,92.33566826269433,-1.3052255127977774,-1144.9094071410373
2025-07-30T15:45:00Z,2025-07-30T16:00:00Z,2025-07-30,2025-07-30_18,-56.43177197740406,100,43,0,187.86698647046214,189.79858695652163,0.03464387970460117,11.1285,0.0,True,True,True,False,-1307.806315576339,0.0,63.33865342554826,8.52781225985695,6475.510372406457,0.0,5239.5705225155225
2025-07-30T16:00:00Z,2025-07-30T16:15:00Z,2025-07-30,2025-07-30_19,0.0,100,100,0,189.79858695652163,181.68989130434773,0.02252415458937198,7.46,0.0,True,True,True,False,0.0,0.0,73.21038009103269,19.62522905952592,2067.611077614234,0.0,2160.4466867647925
2025-07-30T16:15:00Z,2025-07-30T16:30:00Z,2025-07-30,2025-07-30_19,0.0,100,100,0,181.68989130434773,170.5616304347825,0.03091183574879227,10.238,0.0,True,True,True,False,0.0,0.0,73.21038009103269,19.62522905952592,3565.0555374278338,0.0,3657.891146578392
2025-07-30T16:30:00Z,2025-07-30T16:45:00Z,2025-07-30,2025-07-30_19,0.0,100,100,0,170.5616304347825,167.79152173913033,0.007694746376811595,2.5485,0.0,True,True,True,False,0.0,0.0,73.21038009103269,19.62522905952592,340.47088254418634,0.0,433.306491694745
2025-07-30T16:45:00Z,2025-07-30T17:00:00Z,2025-07-30,2025-07-30_19,0.0,100,100,0,167.79152173913033,155.9599999999999,0.032865338164251204,10.885,0.0,True,True,True,False,0.0,0.0,73.21038009103269,19.62522905952592,3036.4690991310513,0.0,3129.3047082816097
2025-07-30T17:00:00Z,2025-07-30T17:15:00Z,2025-07-30,2025-07-30_20,25.999999999999837,0,0,74,155.9599999999999,148.89478260869558,0.019625603864734175,0.0,0.0,True,False,True,False,1194.5049999999926,814.7130105810724,0.0,0.0,0.0,0.0,2009.2180105810648
2025-07-30T17:15:00Z,2025-07-30T17:30:00Z,2025-07-30,2025-07-30_20,25.999999999999837,0,0,74,148.89478260869558,141.82956521739126,0.019625603864734175,0.0,0.0,True,False,True,False,1194.5049999999926,814.7130105810724,0.0,0.0,0.0,0.0,2009.2180105810648
2025-07-30T17:30:00Z,2025-07-30T17:45:00Z,2025-07-30,2025-07-30_20,25.999999999999837,0,0,74,141.82956521739126,134.76434782608695,0.019625603864734175,0.0,0.0,True,False,True,False,1194.5049999999926,814.7130105810724,0.0,0.0,0.0,0.0,2009.2180105810648
2025-07-30T17:45:00Z,2025-07-30T18:00:00Z,2025-07-30,2025-07-30_20,25.999999999999837,0,0,74,134.76434782608695,127.69913043478265,0.019625603864734175,0.0,0.0,True,False,True,False,1194.5049999999926,814.7130105810724,0.0,0.0,0.0,0.0,2009.2180105810648
2025-07-30T18:00:00Z,2025-07-30T18:15:00Z,2025-07-30,2025-07-30_21,0.0,100,100,0,127.69913043478265,111.38989130434786,0.04530344202898551,15.004500000000002,0.0,True,True,True,False,0.0,0.0,96.14588875096058,17.260743630667374,7136.969319028198,0.0,7250.375951409826
2025-07-30T18:15:00Z,2025-07-30T18:30:00Z,2025-07-30,2025-07-30_21,0.0,100,100,0,111.38989130434786,93.86108695652177,0.048691123188405794,16.1265,0.0,True,True,True,False,0.0,0.0,96.14588875096058,17.260743630667374,7093.200558609683,0.0,7206.607190991311
2025-07-30T18:30:00Z,2025-07-30T18:45:00Z,2025-07-30,2025-07-30_21,0.0,100,100,0,93.86108695652177,78.98228260869568,0.04133001207729469,13.688500000000001,0.0,True,True,True,False,0.0,0.0,96.14588875096058,17.260743630667374,4494.262716892279,0.0,4607.669349273907
2025-07-30T18:45:00Z,2025-07-30T19:00:00Z,2025-07-30,2025-07-30_21,0.0,100,100,0,78.98228260869568,60.28282608695656,0.05194293478260868,17.2035,0.0,True,True,True,False,0.0,0.0,96.14588875096058,17.260743630667374,16356.226523319736,0.0,16469.633155701365
2025-07-30T19:00:00Z,2025-07-30T19:15:00Z,2025-07-30,2025-07-30_22,0.0,100,100,0,60.28282608695656,36.07576086956526,0.06724184782608696,22.2705,0.0,True,True,True,False,0.0,0.0,82.07720044925223,19.950345805993972,28077.900056747647,0.0,28179.927603002892
2025-07-30T19:15:00Z,2025-07-30T19:30:00Z,2025-07-30,2025-07-30_22,0.0,100,100,0,36.07576086956526,27.27413043478265,0.02444897342995169,8.0975,0.0,True,True,True,False,0.0,0.0,82.07720044925223,19.950345805993972,4399.8363219443945,0.0,4501.863868199641
2025-07-30T19:30:00Z,2025-07-30T19:45:00Z,2025-07-30,2025-07-30_22,0.0,100,100,0,27.27413043478265,29.993831304347864,0.007814386473429953,0.043,3.007,True,True,True,False,0.0,0.0,82.07720044925223,19.950345805993972,5.930917617386849,-153.80961123918743,-45.85114736655438
2025-07-30T19:45:00Z,2025-07-30T20:00:00Z,2025-07-30,2025-07-30_22,0.0,100,100,0,29.993831304347864,40.25781130434787,0.028511055555555557,0.0,11.1565,True,True,True,False,0.0,0.0,82.07720044925223,19.950345805993972,0.0,-144.48866662725857,-42.46112037201236
2025-07-30T20:00:00Z,2025-07-30T20:15:00Z,2025-07-30,2025-07-30_23,48.12731589091181,51,100,0,40.25781130434787,28.386995293884983,0.036524540145747096,0.121635,1.339,True,True,True,False,1628.267414879274,0.0,33.41815924809364,21.103032452562513,16.776910799787196,-92.48785462355421,1607.0776627561631
2025-07-30T20:15:00Z,2025-07-30T20:30:00Z,2025-07-30,2025-07-30_23,48.12731589091181,51,100,0,28.386995293884983,17.244524074855303,0.0361173095521732,0.012495,1.9485,True,True,True,False,1628.267414879274,0.0,33.41815924809364,21.103032452562513,1.7234143169592717,-155.4857004788083,1529.026320418081
2025-07-30T20:30:00Z,2025-07-30T20:45:00Z,2025-07-30,2025-07-30_23,48.12731589091181,51,100,0,17.244524074855303,9.999999999999943,0.035584562029685775,0.0,5.8315,True,True,True,False,1628.267414879274,0.0,33.41815924809364,21.103032452562513,0.0,-279.2814060806684,1403.5072004992617
2025-07-30T20:45:00Z,2025-07-30T21:00:00Z,2025-07-30,2025-07-30_23,48.12731589091181,51,100,0,9.999999999999943,11.582579260804671,0.034459641620202576,0.0,14.6555,True,True,True,False,1628.267414879274,0.0,33.41815924809364,21.103032452562513,0.0,568.5240129258536,2251.312619505784
2025-07-30T21:00:00Z,2025-07-30T21:15:00Z,2025-07-31,2025-07-30_24,-48.71719675858349,98,49,2,11.582579260804671,23.809720532074927,0.034184506396032405,0.07252,1.19021,True,True,True,False,-1254.1024375578354,22.01103013590703,62.3381918455781,6.90555446129604,9.98453417372464,-47.31231269844397,-1200.1754396397735
2025-07-30T21:15:00Z,2025-07-30T21:30:00Z,2025-07-31,2025-07-30_24,-48.71719675858349,98,49,2,23.809720532074927,38.07583318654913,0.03962809070687279,0.0,3.3273449999999998,True,True,True,False,-1254.1024375578354,22.01103013590703,62.3381918455781,6.90555446129604,0.0,-136.8314105052196,-1299.6790716202738
2025-07-30T21:30:00Z,2025-07-30T21:45:00Z,2025-07-31,2025-07-30_24,-48.71719675858349,98,49,2,38.07583318654913,52.02796364102334,0.03875591792909501,0.0,2.98606,True,True,True,False,-1254.1024375578354,22.01103013590703,62.3381918455781,6.90555446129604,0.0,-134.89792189875914,-1297.7455830138133
2025-07-30T21:45:00Z,2025-07-30T22:00:00Z,2025-07-31,2025-07-30_24,-48.71719675858349,98,49,2,52.02796364102334,64.34782608695647,0.03425160027447694,0.0098,1.22255,True,True,True,False,-1254.1024375578354,22.01103013590703,62.3381918455781,6.90555446129604,1.349261374827654,-74.92736121725429,-1236.4257609574809
2025-07-30T22:00:00Z,2025-07-30T22:15:00Z,2025-07-31,2025-07-31_1,0.0,0,0,100,64.34782608695647,64.34782608695647,0.0,0.0,0.0,True,True,True,False,0.0,1100.5515067953515,0.0,0.0,0.0,0.0,1100.5515067953515
2025-07-30T22:15:00Z,2025-07-30T22:30:00Z,2025-07-31,2025-07-31_1,0.0,0,0,100,64.34782608695647,64.34782608695647,0.0,0.0,0.0,True,True,True,False,0.0,1100.5515067953515,0.0,0.0,0.0,0.0,1100.5515067953515
2025-07-30T22:30:00Z,2025-07-30T22:45:00Z,2025-07-31,2025-07-31_1,0.0,0,0,100,64.34782608695647,64.34782608695647,0.0,0.0,0.0,True,True,True,False,0.0,1100.5515067953515,0.0,0.0,0.0,0.0,1100.5515067953515
2025-07-30T22:45:00Z,2025-07-30T23:00:00Z,2025-07-31,2025-07-31_1,0.0,0,0,100,64.34782608695647,64.34782608695647,0.0,0.0,0.0,True,True,True,False,0.0,1100.5515067953515,0.0,0.0,0.0,0.0,1100.5515067953515
2025-07-30T23:00:00Z,2025-07-30T23:15:00Z,2025-07-31,2025-07-31_2,0.0,0,0,100,64.34782608695647,64.34782608695647,0.0,0.0,0.0,True,True,True,False,0.0,1100.5515067953515,0.0,0.0,0.0,0.0,1100.5515067953515
2025-07-30T23:15:00Z,2025-07-30T23:30:00Z,2025-07-31,2025-07-31_2,0.0,0,0,100,64.34782608695647,64.34782608695647,0.0,0.0,0.0,True,True,True,False,0.0,1100.5515067953515,0.0,0.0,0.0,0.0,1100.5515067953515
2025-07-30T23:30:00Z,2025-07-30T23:45:00Z,2025-07-31,2025-07-31_2,0.0,0,0,100,64.34782608695647,64.34782608695647,0.0,0.0,0.0,True,True,True,False,0.0,1100.5515067953515,0.0,0.0,0.0,0.0,1100.5515067953515
2025-07-30T23:45:00Z,2025-07-31T00:00:00Z,2025-07-31,2025-07-31_2,0.0,0,0,100,64.34782608695647,64.34782608695647,0.0,0.0,0.0,True,True,True,False,0.0,1100.5515067953515,0.0,0.0,0.0,0.0,1100.5515067953515
2025-07-31T00:00:00Z,2025-07-31T00:15:00Z,2025-07-31,2025-07-31_3,0.0,0,0,100,64.34782608695647,64.34782608695647,0.0,0.0,0.0,True,True,True,False,0.0,1100.5515067953515,0.0,0.0,0.0,0.0,1100.5515067953515
2025-07-31T00:15:00Z,2025-07-31T00:30:00Z,2025-07-31,2025-07-31_3,0.0,0,0,100,64.34782608695647,64.34782608695647,0.0,0.0,0.0,True,True,True,False,0.0,1100.5515067953515,0.0,0.0,0.0,0.0,1100.5515067953515
2025-07-31T00:30:00Z,2025-07-31T00:45:00Z,2025-07-31,2025-07-31_3,0.0,0,0,100,64.34782608695647,64.34782608695647,0.0,0.0,0.0,True,True,True,False,0.0,1100.5515067953515,0.0,0.0,0.0,0.0,1100.5515067953515
2025-07-31T00:45:00Z,2025-07-31T01:00:00Z,2025-07-31,2025-07-31_3,0.0,0,0,100,64.34782608695647,64.34782608695647,0.0,0.0,0.0,True,True,True,False,0.0,1100.5515067953515,0.0,0.0,0.0,0.0,1100.5515067953515
2025-07-31T01:00:00Z,2025-07-31T01:15:00Z,2025-07-31,2025-07-31_4,0.0,0,0,100,64.34782608695647,64.34782608695647,0.0,0.0,0.0,True,True,True,False,0.0,1100.5515067953515,0.0,0.0,0.0,0.0,1100.5515067953515
2025-07-31T01:15:00Z,2025-07-31T01:30:00Z,2025-07-31,2025-07-31_4,0.0,0,0,100,64.34782608695647,64.34782608695647,0.0,0.0,0.0,True,True,True,False,0.0,1100.5515067953515,0.0,0.0,0.0,0.0,1100.5515067953515
2025-07-31T01:30:00Z,2025-07-31T01:45:00Z,2025-07-31,2025-07-31_4,0.0,0,0,100,64.34782608695647,64.34782608695647,0.0,0.0,0.0,True,True,True,False,0.0,1100.5515067953515,0.0,0.0,0.0,0.0,1100.5515067953515
2025-07-31T01:45:00Z,2025-07-31T02:00:00Z,2025-07-31,2025-07-31_4,0.0,0,0,100,64.34782608695647,64.34782608695647,0.0,0.0,0.0,True,True,True,False,0.0,1100.5515067953515,0.0,0.0,0.0,0.0,1100.5515067953515
2025-07-31T02:00:00Z,2025-07-31T02:15:00Z,2025-07-31,2025-07-31_5,0.0,0,0,100,64.34782608695647,64.34782608695647,0.0,0.0,0.0,True,True,True,False,0.0,1100.5515067953515,0.0,0.0,0.0,0.0,1100.5515067953515
2025-07-31T02:15:00Z,2025-07-31T02:30:00Z,2025-07-31,2025-07-31_5,0.0,0,0,100,64.34782608695647,64.34782608695647,0.0,0.0,0.0,True,True,True,False,0.0,1100.5515067953515,0.0,0.0,0.0,0.0,1100.5515067953515
2025-07-31T02:30:00Z,2025-07-31T02:45:00Z,2025-07-31,2025-07-31_5,0.0,0,0,100,64.34782608695647,64.34782608695647,0.0,0.0,0.0,True,True,True,False,0.0,1100.5515067953515,0.0,0.0,0.0,0.0,1100.5515067953515
2025-07-31T02:45:00Z,2025-07-31T03:00:00Z,2025-07-31,2025-07-31_5,0.0,0,0,100,64.34782608695647,64.34782608695647,0.0,0.0,0.0,True,True,True,False,0.0,1100.5515067953515,0.0,0.0,0.0,0.0,1100.5515067953515
2025-07-31T03:00:00Z,2025-07-31T03:15:00Z,2025-07-31,2025-07-31_6,0.0,0,0,100,64.34782608695647,64.34782608695647,0.0,0.0,0.0,True,True,True,False,0.0,1100.5515067953515,0.0,0.0,0.0,0.0,1100.5515067953515
2025-07-31T03:15:00Z,2025-07-31T03:30:00Z,2025-07-31,2025-07-31_6,0.0,0,0,100,64.34782608695647,64.34782608695647,0.0,0.0,0.0,True,True,True,False,0.0,1100.5515067953515,0.0,0.0,0.0,0.0,1100.5515067953515
2025-07-31T03:30:00Z,2025-07-31T03:45:00Z,2025-07-31,2025-07-31_6,0.0,0,0,100,64.34782608695647,64.34782608695647,0.0,0.0,0.0,True,True,True,False,0.0,1100.5515067953515,0.0,0.0,0.0,0.0,1100.5515067953515
2025-07-31T03:45:00Z,2025-07-31T04:00:00Z,2025-07-31,2025-07-31_6,0.0,0,0,100,64.34782608695647,64.34782608695647,0.0,0.0,0.0,True,True,True,False,0.0,1100.5515067953515,0.0,0.0,0.0,0.0,1100.5515067953515
2025-07-31T04:00:00Z,2025-07-31T04:15:00Z,2025-07-31,2025-07-31_7,0.0,0,0,100,64.34782608695647,64.34782608695647,0.0,0.0,0.0,True,True,True,False,0.0,1100.5515067953515,0.0,0.0,0.0,0.0,1100.5515067953515
2025-07-31T04:15:00Z,2025-07-31T04:30:00Z,2025-07-31,2025-07-31_7,0.0,0,0,100,64.34782608695647,64.34782608695647,0.0,0.0,0.0,True,True,True,False,0.0,1100.5515067953515,0.0,0.0,0.0,0.0,1100.5515067953515
2025-07-31T04:30:00Z,2025-07-31T04:45:00Z,2025-07-31,2025-07-31_7,0.0,0,0,100,64.34782608695647,64.34782608695647,0.0,0.0,0.0,True,True,True,False,0.0,1100.5515067953515,0.0,0.0,0.0,0.0,1100.5515067953515
2025-07-31T04:45:00Z,2025-07-31T05:00:00Z,2025-07-31,2025-07-31_7,0.0,0,0,100,64.34782608695647,64.34782608695647,0.0,0.0,0.0,True,True,True,False,0.0,1100.5515067953515,0.0,0.0,0.0,0.0,1100.5515067953515
2025-07-31T05:00:00Z,2025-07-31T05:15:00Z,2025-07-31,2025-07-31_8,0.0,0,0,100,64.34782608695647,64.34782608695647,0.0,0.0,0.0,True,True,True,False,0.0,1100.5515067953515,0.0,0.0,0.0,0.0,1100.5515067953515
2025-07-31T05:15:00Z,2025-07-31T05:30:00Z,2025-07-31,2025-07-31_8,0.0,0,0,100,64.34782608695647,64.34782608695647,0.0,0.0,0.0,True,True,True,False,0.0,1100.5515067953515,0.0,0.0,0.0,0.0,1100.5515067953515
2025-07-31T05:30:00Z,2025-07-31T05:45:00Z,2025-07-31,2025-07-31_8,0.0,0,0,100,64.34782608695647,64.34782608695647,0.0,0.0,0.0,True,True,True,False,0.0,1100.5515067953515,0.0,0.0,0.0,0.0,1100.5515067953515
2025-07-31T05:45:00Z,2025-07-31T06:00:00Z,2025-07-31,2025-07-31_8,0.0,0,0,100,64.34782608695647,64.34782608695647,0.0,0.0,0.0,True,True,True,False,0.0,1100.5515067953515,0.0,0.0,0.0,0.0,1100.5515067953515
2025-07-31T06:00:00Z,2025-07-31T06:15:00Z,2025-07-31,2025-07-31_9,0.0,0,0,100,64.34782608695647,64.34782608695647,0.0,0.0,0.0,True,True,True,False,0.0,1100.5515067953515,0.0,0.0,0.0,0.0,1100.5515067953515
2025-07-31T06:15:00Z,2025-07-31T06:30:00Z,2025-07-31,2025-07-31_9,0.0,0,0,100,64.34782608695647,64.34782608695647,0.0,0.0,0.0,True,True,True,False,0.0,1100.5515067953515,0.0,0.0,0.0,0.0,1100.5515067953515
2025-07-31T06:30:00Z,2025-07-31T06:45:00Z,2025-07-31,2025-07-31_9,0.0,0,0,100,64.34782608695647,64.34782608695647,0.0,0.0,0.0,True,True,True,False,0.0,1100.5515067953515,0.0,0.0,0.0,0.0,1100.5515067953515
2025-07-31T06:45:00Z,2025-07-31T07:00:00Z,2025-07-31,2025-07-31_9,0.0,0,0,100,64.34782608695647,64.34782608695647,0.0,0.0,0.0,True,True,True,False,0.0,1100.5515067953515,0.0,0.0,0.0,0.0,1100.5515067953515
2025-07-31T07:00:00Z,2025-07-31T07:15:00Z,2025-07-31,2025-07-31_10,3.282996796085534,9,13,87,64.34782608695647,63.53937406291174,0.0027167695854464695,0.032175,0.123305,True,True,True,False,68.47510567435404,957.4798109119558,5.451053771912546,1.8013590703171165,4.429845381130589,-9.41380365077802,1028.2233711588922
2025-07-31T07:15:00Z,2025-07-31T07:30:00Z,2025-07-31,2025-07-31_10,3.282996796085534,9,13,87,63.53937406291174,62.87546597623333,0.0027503212717677234,0.0,0.237185,True,True,True,False,68.47510567435404,957.4798109119558,5.451053771912546,1.8013590703171165,0.0,-18.0729177023833,1015.1344117261563
2025-07-31T07:30:00Z,2025-07-31T07:45:00Z,2025-07-31,2025-07-31_10,3.282996796085534,9,13,87,62.87546597623333,62.26015192692025,0.0028082851282608522,0.0,0.28769,True,True,True,False,68.47510567435404,957.4798109119558,5.451053771912546,1.8013590703171165,0.0,-15.702762785109316,1017.5045666434303
2025-07-31T07:45:00Z,2025-07-31T08:00:00Z,2025-07-31,2025-07-31_10,3.282996796085534,9,13,87,62.26015192692025,61.55796900000042,0.0027046663423291196,0.0,0.197405,True,True,True,False,68.47510567435404,957.4798109119558,5.451053771912546,1.8013590703171165,0.0,-14.211604711443767,1018.9957247170958
2025-07-31T08:00:00Z,2025-07-31T08:15:00Z,2025-07-31,2025-07-31_11,0.0,13,13,87,61.55796900000042,60.947535800000416,0.00172588,0.566605,0.005915,True,True,True,False,0.0,957.4798109119558,7.939038802442387,1.8013590703171165,79.6466727053378,-0.47650876501871187,1046.3903727250345
2025-07-31T08:15:00Z,2025-07-31T08:30:00Z,2025-07-31,2025-07-31_11,0.0,13,13,87,60.947535800000416,59.892178843478675,0.002964769323671497,0.9764299999999999,0.006500000000000001,True,True,True,False,0.0,957.4798109119558,7.939038802442387,1.8013590703171165,256.45336783336614,-0.5236360055150681,1223.1499406125665
2025-07-31T08:30:00Z,2025-07-31T08:45:00Z,2025-07-31,2025-07-31_11,0.0,13,13,87,59.892178843478675,59.90940926956563,9.731881642512078e-05,0.008190000000000001,0.028405,True,True,True,False,0.0,957.4798109119558,7.939038802442387,1.8013590703171165,1.0033838881229074,-2.2663687630490443,965.9572239097891
2025-07-31T08:45:00Z,2025-07-31T09:00:00Z,2025-07-31,2025-07-31_11,0.0,13,13,87,59.90940926956563,59.36128970434824,0.0015225543478260867,0.50427,0.0,True,True,True,False,0.0,957.4798109119558,7.939038802442387,1.8013590703171165,69.05261024423872,0.0,1036.272819028954
2025-07-31T09:00:00Z,2025-07-31T09:15:00Z,2025-07-31,2025-07-31_12,1.2434497875801753e-14,13,13,87,59.36128970434824,58.4640777478265,0.0024922554347826175,0.8254349999999999,0.0,True,True,True,False,2.2689849998869247e-13,957.4798109119558,7.939038802442387,1.8013590703171165,117.68781366358084,0.0,1084.9080224482964
2025-07-31T09:15:00Z,2025-07-31T09:30:00Z,2025-07-31,2025-07-31_12,1.2434497875801753e-14,13,13,87,58.4640777478265,58.44730842608737,9.276033816426054e-05,0.023075,0.009035000000000001,True,True,True,False,2.2689849998869247e-13,957.4798109119558,7.939038802442387,1.8013590703171165,2.8179042741776636,-0.7474295844002364,969.290683474493
2025-07-31T09:30:00Z,2025-07-31T09:45:00Z,2025-07-31,2025-07-31_12,1.2434497875801753e-14,13,13,87,58.44730842608737,58.24642813043519,0.0005606585990338259,0.18525,0.0005200000000000001,True,True,True,False,2.2689849998869247e-13,957.4798109119558,7.939038802442387,1.8013590703171165,24.14343509946819,-0.04301753003742368,991.3206263541464
2025-07-31T09:45:00Z,2025-07-31T10:00:00Z,2025-07-31,2025-07-31_12,1.2434497875801753e-14,13,13,87,58.24642813043519,57.28260869565258,0.0027005317632850336,0.8905649999999999,0.00455,True,True,True,False,2.2689849998869247e-13,957.4798109119558,7.939038802442387,1.8013590703171165,484.9814915767185,-0.3764033878274572,1451.8252969736066
2025-07-31T10:00:00Z,2025-07-31T10:15:00Z,2025-07-31,2025-07-31_13,0.0,0,0,87,57.28260869565258,57.28260869565258,0.0,0.0,0.0,True,False,True,False,0.0,957.4798109119558,0.0,0.0,0.0,0.0,957.4798109119558
2025-07-31T10:15:00Z,2025-07-31T10:30:00Z,2025-07-31,2025-07-31_13,0.0,0,0,87,57.28260869565258,57.28260869565258,0.0,0.0,0.0,True,False,True,False,0.0,957.4798109119558,0.0,0.0,0.0,0.0,957.4798109119558
2025-07-31T10:30:00Z,2025-07-31T10:45:00Z,2025-07-31,2025-07-31_13,0.0,0,0,87,57.28260869565258,57.28260869565258,0.0,0.0,0.0,True,False,True,False,0.0,957.4798109119558,0.0,0.0,0.0,0.0,957.4798109119558
2025-07-31T10:45:00Z,2025-07-31T11:00:00Z,2025-07-31,2025-07-31_13,0.0,0,0,87,57.28260869565258,57.28260869565258,0.0,0.0,0.0,True,False,True,False,0.0,957.4798109119558,0.0,0.0,0.0,0.0,957.4798109119558
2025-07-31T11:00:00Z,2025-07-31T11:15:00Z,2025-07-31,2025-07-31_14,-100.0,100,0,0,57.28260869565258,79.46012869565259,0.06160422222222223,0.894,0.0,True,True,True,False,-1257.25,0.0,61.06952924955683,0.0,89.04148434114636,0.0,-1107.1389864092969
2025-07-31T11:15:00Z,2025-07-31T11:30:00Z,2025-07-31,2025-07-31_14,-100.0,100,0,0,79.46012869565259,100.51432869565258,0.058483888888888884,2.115,0.0,True,True,True,False,-1257.25,0.0,61.06952924955683,0.0,262.3229042741777,0.0,-933.8575664762654
2025-07-31T11:30:00Z,2025-07-31T11:45:00Z,2025-07-31,2025-07-31_14,-100.0,100,0,0,100.51432869565258,118.16820869565258,0.04903855555555556,5.811,0.0,True,True,True,False,-1257.25,0.0,61.06952924955683,0.0,913.4143448887137,0.0,-282.7661258617295
2025-07-31T11:45:00Z,2025-07-31T12:00:00Z,2025-07-31,2025-07-31_14,-100.0,100,0,0,118.16820869565258,131.7354486956526,0.03768677777777777,10.253,0.0,True,True,True,False,-1257.25,0.0,61.06952924955683,0.0,4932.533111877093,0.0,3736.35264112665
2025-07-31T12:00:00Z,2025-07-31T12:15:00Z,2025-07-31,2025-07-31_15,-47.94250552118911,100,52,0,131.7354486956526,145.8780441655261,0.03928498741631527,0.0,3.3867599999999998,True,True,True,False,-755.4540307501375,0.0,61.06952924955683,7.205436281268466,0.0,-202.3317265314162,-889.5107917507283
2025-07-31T12:15:00Z,2025-07-31T12:30:00Z,2025-07-31,2025-07-31_15,-47.94250552118911,100,52,0,145.8780441655261,149.9167033328058,0.03352368802954525,7.0955,0.17004000000000002,True,True,True,False,-755.4540307501375,0.0,61.06952924955683,7.205436281268466,6193.467267480796,-14.066732322237543,5492.221469939246
2025-07-31T12:30:00Z,2025-07-31T12:45:00Z,2025-07-31,2025-07-31_15,-47.94250552118911,100,52,0,149.9167033328058,148.837863466546,0.03479677497122906,12.0225,0.0,True,True,True,False,-755.4540307501375,0.0,61.06952924955683,7.205436281268466,8488.458063817216,0.0,7801.278998597903
2025-07-31T12:45:00Z,2025-07-31T13:00:00Z,2025-07-31,2025-07-31_15,-47.94250552118911,100,52,0,148.837863466546,153.98527249841723,0.03265365493525683,5.839,0.0,True,True,True,False,-755.4540307501375,0.0,61.06952924955683,7.205436281268466,953.6787981091195,0.0,266.4997328898073
2025-07-31T13:00:00Z,2025-07-31T13:15:00Z,2025-07-31,2025-07-31_16,-0.5201146786243185,22,21,78,153.98527249841723,153.97329307421333,0.0008130779987209024,0.14354999999999998,0.025935,True,True,True,False,-10.285267769795897,858.4301753003742,13.4352964349025,2.9098877289738034,18.804965176285204,-2.145499310616506,881.1495575601233
2025-07-31T13:15:00Z,2025-07-31T13:30:00Z,2025-07-31,2025-07-31_16,-0.5201146786243185,22,21,78,153.97329307421333,154.0709650361985,0.0011701975108110055,0.15245999999999998,0.15561,True,True,True,False,-10.285267769795897,858.4301753003742,13.4352964349025,2.9098877289738034,19.904903730549535,-12.872995863699035,871.5219995613052
2025-07-31T13:30:00Z,2025-07-31T13:45:00Z,2025-07-31,2025-07-31_16,-0.5201146786243185,22,21,78,154.0709650361985,152.0010821254745,0.006169975378470959,2.02169,0.0,True,True,True,False,-10.285267769795897,858.4301753003742,13.4352964349025,2.9098877289738034,649.4753788556234,0.0,1513.965470550078
2025-07-31T13:45:00Z,2025-07-31T14:00:00Z,2025-07-31,2025-07-31_16,-0.5201146786243185,22,21,78,152.0010821254745,149.41369400000045,0.007549750199698219,2.49953,0.0,True,True,True,False,-10.285267769795897,858.4301753003742,13.4352964349025,2.9098877289738034,428.88577148906836,0.0,1293.375863183523
2025-07-31T14:00:00Z,2025-07-31T14:15:00Z,2025-07-31,2025-07-31_17,-1.0658141036401503e-14,13,13,87,149.41369400000045,149.85098913043524,0.0019314357487922769,0.11869000000000002,0.61555,True,True,True,False,-2.62350141611023e-13,957.4798109119558,7.873744337207012,1.8013590703171165,16.364585385069923,-14.163227171558006,969.3562725329916
2025-07-31T14:15:00Z,2025-07-31T14:30:00Z,2025-07-31,2025-07-31_17,-1.0658141036401503e-14,13,13,87,149.85098913043524,149.94164898260917,0.000413940410628026,0.026845,0.13026,True,True,True,False,-2.62350141611023e-13,957.4798109119558,7.873744337207012,1.8013590703171165,3.6930037807760496,-9.902223060862713,960.9456950393931
2025-07-31T14:30:00Z,2025-07-31T14:45:00Z,2025-07-31,2025-07-31_17,-1.0658141036401503e-14,13,13,87,149.94164898260917,149.84611266087003,0.00029826867149759095,0.09333999999999999,0.006435,True,True,True,False,-2.62350141611023e-13,957.4798109119558,7.873744337207012,1.8013590703171165,12.848672932834349,-0.4943175103407524,979.5092697419733
2025-07-31T14:45:00Z,2025-07-31T15:00:00Z,2025-07-31,2025-07-31_17,-1.0658141036401503e-14,13,13,87,149.84611266087003,149.7032053565222,0.0007142369565217451,0.18401499999999998,0.062075,True,True,True,False,-2.62350141611023e-13,957.4798109119558,7.873744337207012,1.8013590703171165,23.562365045302343,-4.975059991136498,985.7422193736455
2025-07-31T15:00:00Z,2025-07-31T15:15:00Z,2025-07-31,2025-07-31_18,0.0,100,100,0,149.7032053565222,165.96509057391353,0.04610487439613527,0.1545,17.8585,True,True,True,False,0.0,0.0,60.567264132361636,13.856608233208588,21.30194997045499,10184.01276235966,10279.738584695686
2025-07-31T15:15:00Z,2025-07-31T15:30:00Z,2025-07-31,2025-07-31_18,0.0,100,100,0,165.96509057391353,174.15677057391352,0.022754666666666666,0.0,8.904,True,True,True,False,0.0,0.0,60.567264132361636,13.856608233208588,0.0,-173.0624022060272,-98.63852984045698
2025-07-31T15:30:00Z,2025-07-31T15:45:00Z,2025-07-31,2025-07-31_18,0.0,100,100,0,174.15677057391352,174.628884486957,0.0018549057971014495,0.09,0.6195,True,True,True,False,0.0,0.0,60.567264132361636,13.856608233208588,12.31317707307465,-49.666280185148715,37.07076925349616
2025-07-31T15:45:00Z,2025-07-31T16:00:00Z,2025-07-31,2025-07-31_18,0.0,100,100,0,174.628884486957,174.53950883478308,0.0003555990338164251,0.1,0.021,True,True,True,False,0.0,0.0,60.567264132361636,13.856608233208588,13.356903683277526,-1.6692911168012607,86.1114849320465
2025-07-31T16:00:00Z,2025-07-31T16:15:00Z,2025-07-31,2025-07-31_19,100.0,0,100,0,174.53950883478308,169.098204486957,0.015114734299516906,0.0,19.994,True,True,True,False,3719.2500000000005,0.0,0.0,13.856608233208588,0.0,14183.771954697655,17916.878562930862
2025-07-31T16:15:00Z,2025-07-31T16:30:00Z,2025-07-31,2025-07-31_19,100.0,0,100,0,169.098204486957,159.67809579130483,0.026166968599033814,0.0,16.3335,True,True,True,False,3719.2500000000005,0.0,0.0,13.856608233208588,0.0,10062.34967224739,13795.4562804806
2025-07-31T16:30:00Z,2025-07-31T16:45:00Z,2025-07-31,2025-07-31_19,100.0,0,100,0,159.67809579130483,135.24222622608744,0.0678774154589372,0.0,2.519,True,True,True,False,3719.2500000000005,0.0,0.0,13.856608233208588,0.0,-135.01383533582825,3598.0927728973807
2025-07-31T16:45:00Z,2025-07-31T17:00:00Z,2025-07-31,2025-07-31_19,100.0,0,100,0,135.24222622608744,108.14929144347875,0.07525815217391303,0.0,0.0745,True,True,True,False,3719.2500000000005,0.0,0.0,13.856608233208588,0.0,-5.722867835335828,3727.383740397873
2025-07-31T17:00:00Z,2025-07-31T17:15:00Z,2025-07-31,2025-07-31_20,0.0,0,0,100,108.14929144347875,108.14929144347875,0.0,0.0,0.0,True,True,True,False,0.0,1100.5515067953515,0.0,0.0,0.0,0.0,1100.5515067953515
2025-07-31T17:15:00Z,2025-07-31T17:30:00Z,2025-07-31,2025-07-31_20,0.0,0,0,100,108.14929144347875,108.14929144347875,0.0,0.0,0.0,True,True,True,False,0.0,1100.5515067953515,0.0,0.0,0.0,0.0,1100.5515067953515
2025-07-31T17:30:00Z,2025-07-31T17:45:00Z,2025-07-31,2025-07-31_20,0.0,0,0,100,108.14929144347875,108.14929144347875,0.0,0.0,0.0,True,True,True,False,0.0,1100.5515067953515,0.0,0.0,0.0,0.0,1100.5515067953515
2025-07-31T17:45:00Z,2025-07-31T18:00:00Z,2025-07-31,2025-07-31_20,0.0,0,0,100,108.14929144347875,108.14929144347875,0.0,0.0,0.0,True,True,True,False,0.0,1100.5515067953515,0.0,0.0,0.0,0.0,1100.5515067953515
2025-07-31T18:00:00Z,2025-07-31T18:15:00Z,2025-07-31,2025-07-31_21,0.0,0,0,100,108.14929144347875,108.14929144347875,0.0,0.0,0.0,True,True,True,False,0.0,1100.5515067953515,0.0,0.0,0.0,0.0,1100.5515067953515
2025-07-31T18:15:00Z,2025-07-31T18:30:00Z,2025-07-31,2025-07-31_21,0.0,0,0,100,108.14929144347875,108.14929144347875,0.0,0.0,0.0,True,True,True,False,0.0,1100.5515067953515,0.0,0.0,0.0,0.0,1100.5515067953515
2025-07-31T18:30:00Z,2025-07-31T18:45:00Z,2025-07-31,2025-07-31_21,0.0,0,0,100,108.14929144347875,108.14929144347875,0.0,0.0,0.0,True,True,True,False,0.0,1100.5515067953515,0.0,0.0,0.0,0.0,1100.5515067953515
2025-07-31T18:45:00Z,2025-07-31T19:00:00Z,2025-07-31,2025-07-31_21,0.0,0,0,100,108.14929144347875,108.14929144347875,0.0,0.0,0.0,True,True,True,False,0.0,1100.5515067953515,0.0,0.0,0.0,0.0,1100.5515067953515
2025-07-31T19:00:00Z,2025-07-31T19:15:00Z,2025-07-31,2025-07-31_22,40.971521191899406,0,41,59,108.14929144347875,97.01572590220174,0.0309265709479917,0.0,0.0,True,True,True,False,1612.8439317191203,649.3253890092574,0.0,5.608528658656687,0.0,0.0,2267.777849387034
2025-07-31T19:15:00Z,2025-07-31T19:30:00Z,2025-07-31,2025-07-31_22,40.971521191899406,0,41,59,97.01572590220174,85.88527959331152,0.030917916602668603,0.0,0.00287,True,True,True,False,1612.8439317191203,649.3253890092574,0.0,5.608528658656687,0.0,-0.2312054362812685,2267.546643950753
2025-07-31T19:30:00Z,2025-07-31T19:45:00Z,2025-07-31,2025-07-31_22,40.971521191899406,0,41,59,85.88527959331152,74.75238245897454,0.030924716445422468,0.0,0.000615,True,True,True,False,1612.8439317191203,649.3253890092574,0.0,5.608528658656687,0.0,-0.049544022060271815,2267.728305364974
2025-07-31T19:45:00Z,2025-07-31T20:00:00Z,2025-07-31,2025-07-31_22,40.971521191899406,0,41,59,74.75238245897454,64.34782608695517,0.02890392681247869,0.0,0.67076,True,True,True,False,1612.8439317191203,649.3253890092574,0.0,5.608528658656687,0.0,-39.99312366358085,2227.7847257234534
2025-07-31T20:00:00Z,2025-07-31T20:15:00Z,2025-07-31,2025-07-31_23,0.0,0,0,100,64.34782608695517,64.34782608695517,0.0,0.0,0.0,True,True,True,False,0.0,1100.5515067953515,0.0,0.0,0.0,0.0,1100.5515067953515
2025-07-31T20:15:00Z,2025-07-31T20:30:00Z,2025-07-31,2025-07-31_23,0.0,0,0,100,64.34782608695517,64.34782608695517,0.0,0.0,0.0,True,True,True,False,0.0,1100.5515067953515,0.0,0.0,0.0,0.0,1100.5515067953515
2025-07-31T20:30:00Z,2025-07-31T20:45:00Z,2025-07-31,2025-07-31_23,0.0,0,0,100,64.34782608695517,64.34782608695517,0.0,0.0,0.0,True,True,True,False,0.0,1100.5515067953515,0.0,0.0,0.0,0.0,1100.5515067953515
2025-07-31T20:45:00Z,2025-07-31T21:00:00Z,2025-07-31,2025-07-31_23,0.0,0,0,100,64.34782608695517,64.34782608695517,0.0,0.0,0.0,True,True,True,False,0.0,1100.5515067953515,0.0,0.0,0.0,0.0,1100.5515067953515
2025-07-31T21:00:00Z,2025-07-31T21:15:00Z,2025-08-01,2025-07-31_24,0.0,0,0,100,64.34782608695517,64.34782608695517,0.0,0.0,0.0,True,True,True,False,0.0,1100.681585375463,0.0,0.0,0.0,0.0,1100.681585375463
2025-07-31T21:15:00Z,2025-07-31T21:30:00Z,2025-08-01,2025-07-31_24,0.0,0,0,100,64.34782608695517,64.34782608695517,0.0,0.0,0.0,True,True,True,False,0.0,1100.681585375463,0.0,0.0,0.0,0.0,1100.681585375463
2025-07-31T21:30:00Z,2025-07-31T21:45:00Z,2025-08-01,2025-07-31_24,0.0,0,0,100,64.34782608695517,64.34782608695517,0.0,0.0,0.0,True,True,True,False,0.0,1100.681585375463,0.0,0.0,0.0,0.0,1100.681585375463
2025-07-31T21:45:00Z,2025-07-31T22:00:00Z,2025-08-01,2025-07-31_24,0.0,0,0,100,64.34782608695517,64.34782608695517,0.0,0.0,0.0,True,True,True,False,0.0,1100.681585375463,0.0,0.0,0.0,0.0,1100.681585375463
2025-07-31T22:00:00Z,2025-07-31T22:15:00Z,2025-08-01,2025-08-01_1,-22.97072698590215,100,77,0,64.34782608695517,63.385599561418594,0.025031638278821523,5.956,0.0,True,True,True,False,-607.5757287771119,0.0,65.39082814593019,6.4616657473800325,997.9491300921915,0.0,462.22589520838983
2025-07-31T22:15:00Z,2025-07-31T22:30:00Z,2025-08-01,2025-08-01_1,-22.97072698590215,100,77,0,63.385599561418594,58.82770513661467,0.030993755054126076,9.385,0.0,True,True,True,False,-607.5757287771119,0.0,65.39082814593019,6.4616657473800325,7316.101486289496,0.0,6780.378251405695
2025-07-31T22:30:00Z,2025-07-31T22:45:00Z,2025-08-01,2025-08-01_1,-22.97072698590215,100,77,0,58.82770513661467,60.094289378034276,0.021335960470157248,3.8305,0.0,True,True,True,False,-607.5757287771119,0.0,65.39082814593019,6.4616657473800325,868.3948139429517,0.0,332.6715790591501
2025-07-31T22:45:00Z,2025-07-31T23:00:00Z,2025-08-01,2025-08-01_1,-22.97072698590215,100,77,0,60.094289378034276,64.34782608695551,0.016383178424530243,0.9820000000000001,0.0,True,True,True,False,-607.5757287771119,0.0,65.39082814593019,6.4616657473800325,135.28228075013791,0.0,-400.44095413366375
2025-07-31T23:00:00Z,2025-07-31T23:15:00Z,2025-08-01,2025-08-01_2,0.0,0,0,100,64.34782608695551,64.34782608695551,0.0,0.0,0.0,True,True,True,False,0.0,1100.681585375463,0.0,0.0,0.0,0.0,1100.681585375463
2025-07-31T23:15:00Z,2025-07-31T23:30:00Z,2025-08-01,2025-08-01_2,0.0,0,0,100,64.34782608695551,64.34782608695551,0.0,0.0,0.0,True,True,True,False,0.0,1100.681585375463,0.0,0.0,0.0,0.0,1100.681585375463
2025-07-31T23:30:00Z,2025-07-31T23:45:00Z,2025-08-01,2025-08-01_2,0.0,0,0,100,64.34782608695551,64.34782608695551,0.0,0.0,0.0,True,True,True,False,0.0,1100.681585375463,0.0,0.0,0.0,0.0,1100.681585375463
2025-07-31T23:45:00Z,2025-08-01T00:00:00Z,2025-08-01,2025-08-01_2,0.0,0,0,100,64.34782608695551,64.34782608695551,0.0,0.0,0.0,True,True,True,False,0.0,1100.681585375463,0.0,0.0,0.0,0.0,1100.681585375463
2025-08-01T00:00:00Z,2025-08-01T00:15:00Z,2025-08-01,2025-08-01_3,0.0,0,0,100,64.34782608695551,64.34782608695551,0.0,0.0,0.0,True,True,True,False,0.0,1100.681585375463,0.0,0.0,0.0,0.0,1100.681585375463
2025-08-01T00:15:00Z,2025-08-01T00:30:00Z,2025-08-01,2025-08-01_3,0.0,0,0,100,64.34782608695551,64.34782608695551,0.0,0.0,0.0,True,True,True,False,0.0,1100.681585375463,0.0,0.0,0.0,0.0,1100.681585375463
2025-08-01T00:30:00Z,2025-08-01T00:45:00Z,2025-08-01,2025-08-01_3,0.0,0,0,100,64.34782608695551,64.34782608695551,0.0,0.0,0.0,True,True,True,False,0.0,1100.681585375463,0.0,0.0,0.0,0.0,1100.681585375463
2025-08-01T00:45:00Z,2025-08-01T01:00:00Z,2025-08-01,2025-08-01_3,0.0,0,0,100,64.34782608695551,64.34782608695551,0.0,0.0,0.0,True,True,True,False,0.0,1100.681585375463,0.0,0.0,0.0,0.0,1100.681585375463
2025-08-01T01:00:00Z,2025-08-01T01:15:00Z,2025-08-01,2025-08-01_4,0.0,0,0,100,64.34782608695551,64.34782608695551,0.0,0.0,0.0,True,True,True,False,0.0,1100.681585375463,0.0,0.0,0.0,0.0,1100.681585375463
2025-08-01T01:15:00Z,2025-08-01T01:30:00Z,2025-08-01,2025-08-01_4,0.0,0,0,100,64.34782608695551,64.34782608695551,0.0,0.0,0.0,True,True,True,False,0.0,1100.681585375463,0.0,0.0,0.0,0.0,1100.681585375463
2025-08-01T01:30:00Z,2025-08-01T01:45:00Z,2025-08-01,2025-08-01_4,0.0,0,0,100,64.34782608695551,64.34782608695551,0.0,0.0,0.0,True,True,True,False,0.0,1100.681585375463,0.0,0.0,0.0,0.0,1100.681585375463
2025-08-01T01:45:00Z,2025-08-01T02:00:00Z,2025-08-01,2025-08-01_4,0.0,0,0,100,64.34782608695551,64.34782608695551,0.0,0.0,0.0,True,True,True,False,0.0,1100.681585375463,0.0,0.0,0.0,0.0,1100.681585375463
2025-08-01T02:00:00Z,2025-08-01T02:15:00Z,2025-08-01,2025-08-01_5,0.0,0,0,100,64.34782608695551,64.34782608695551,0.0,0.0,0.0,True,True,True,False,0.0,1100.681585375463,0.0,0.0,0.0,0.0,1100.681585375463
2025-08-01T02:15:00Z,2025-08-01T02:30:00Z,2025-08-01,2025-08-01_5,0.0,0,0,100,64.34782608695551,64.34782608695551,0.0,0.0,0.0,True,True,True,False,0.0,1100.681585375463,0.0,0.0,0.0,0.0,1100.681585375463
2025-08-01T02:30:00Z,2025-08-01T02:45:00Z,2025-08-01,2025-08-01_5,0.0,0,0,100,64.34782608695551,64.34782608695551,0.0,0.0,0.0,True,True,True,False,0.0,1100.681585375463,0.0,0.0,0.0,0.0,1100.681585375463
2025-08-01T02:45:00Z,2025-08-01T03:00:00Z,2025-08-01,2025-08-01_5,0.0,0,0,100,64.34782608695551,64.34782608695551,0.0,0.0,0.0,True,True,True,False,0.0,1100.681585375463,0.0,0.0,0.0,0.0,1100.681585375463
2025-08-01T03:00:00Z,2025-08-01T03:15:00Z,2025-08-01,2025-08-01_6,0.0,0,0,100,64.34782608695551,64.34782608695551,0.0,0.0,0.0,True,True,True,False,0.0,1100.681585375463,0.0,0.0,0.0,0.0,1100.681585375463
2025-08-01T03:15:00Z,2025-08-01T03:30:00Z,2025-08-01,2025-08-01_6,0.0,0,0,100,64.34782608695551,64.34782608695551,0.0,0.0,0.0,True,True,True,False,0.0,1100.681585375463,0.0,0.0,0.0,0.0,1100.681585375463
2025-08-01T03:30:00Z,2025-08-01T03:45:00Z,2025-08-01,2025-08-01_6,0.0,0,0,100,64.34782608695551,64.34782608695551,0.0,0.0,0.0,True,True,True,False,0.0,1100.681585375463,0.0,0.0,0.0,0.0,1100.681585375463
2025-08-01T03:45:00Z,2025-08-01T04:00:00Z,2025-08-01,2025-08-01_6,0.0,0,0,100,64.34782608695551,64.34782608695551,0.0,0.0,0.0,True,True,True,False,0.0,1100.681585375463,0.0,0.0,0.0,0.0,1100.681585375463
2025-08-01T04:00:00Z,2025-08-01T04:15:00Z,2025-08-01,2025-08-01_7,0.0,0,0,100,64.34782608695551,64.34782608695551,0.0,0.0,0.0,True,True,True,False,0.0,1100.681585375463,0.0,0.0,0.0,0.0,1100.681585375463
2025-08-01T04:15:00Z,2025-08-01T04:30:00Z,2025-08-01,2025-08-01_7,0.0,0,0,100,64.34782608695551,64.34782608695551,0.0,0.0,0.0,True,True,True,False,0.0,1100.681585375463,0.0,0.0,0.0,0.0,1100.681585375463
2025-08-01T04:30:00Z,2025-08-01T04:45:00Z,2025-08-01,2025-08-01_7,0.0,0,0,100,64.34782608695551,64.34782608695551,0.0,0.0,0.0,True,True,True,False,0.0,1100.681585375463,0.0,0.0,0.0,0.0,1100.681585375463
2025-08-01T04:45:00Z,2025-08-01T05:00:00Z,2025-08-01,2025-08-01_7,0.0,0,0,100,64.34782608695551,64.34782608695551,0.0,0.0,0.0,True,True,True,False,0.0,1100.681585375463,0.0,0.0,0.0,0.0,1100.681585375463
2025-08-01T05:00:00Z,2025-08-01T05:15:00Z,2025-08-01,2025-08-01_8,0.0,0,0,100,64.34782608695551,64.34782608695551,0.0,0.0,0.0,True,False,True,False,0.0,1100.681585375463,0.0,0.0,0.0,0.0,1100.681585375463
2025-08-01T05:15:00Z,2025-08-01T05:30:00Z,2025-08-01,2025-08-01_8,0.0,0,0,100,64.34782608695551,64.34782608695551,0.0,0.0,0.0,True,False,True,False,0.0,1100.681585375463,0.0,0.0,0.0,0.0,1100.681585375463
2025-08-01T05:30:00Z,2025-08-01T05:45:00Z,2025-08-01,2025-08-01_8,0.0,0,0,100,64.34782608695551,64.34782608695551,0.0,0.0,0.0,True,False,True,False,0.0,1100.681585375463,0.0,0.0,0.0,0.0,1100.681585375463
2025-08-01T05:45:00Z,2025-08-01T06:00:00Z,2025-08-01,2025-08-01_8,0.0,0,0,100,64.34782608695551,64.34782608695551,0.0,0.0,0.0,True,False,True,False,0.0,1100.681585375463,0.0,0.0,0.0,0.0,1100.681585375463
2025-08-01T06:00:00Z,2025-08-01T06:15:00Z,2025-08-01,2025-08-01_9,71.4595272235332,28,100,0,64.34782608695551,60.151156969755796,0.03302205105563263,0.0,14.646,True,True,True,False,1886.7101675193353,0.0,16.4561500275786,8.007643211724846,0.0,2608.6030876211494,4519.7770483797885
2025-08-01T06:15:00Z,2025-08-01T06:30:00Z,2025-08-01,2025-08-01_9,71.4595272235332,28,100,0,60.151156969755796,61.43630914870724,0.02548886888669704,0.0,19.9205,True,True,True,False,1886.7101675193353,0.0,16.4561500275786,8.007643211724846,0.0,5772.2635019896,7683.437462748238
2025-08-01T06:30:00Z,2025-08-01T06:45:00Z,2025-08-01,2025-08-01_9,71.4595272235332,28,100,0,61.43630914870724,58.291937701874964,0.031575971437460805,0.0,15.6585,True,True,True,False,1886.7101675193353,0.0,16.4561500275786,8.007643211724846,0.0,1683.5509382633365,3594.7248990219755
2025-08-01T06:45:00Z,2025-08-01T07:00:00Z,2025-08-01,2025-08-01_9,71.4595272235332,28,100,0,58.291937701874964,59.51681011304239,0.02557170604013305,0.0,19.8625,True,True,True,False,1886.7101675193353,0.0,16.4561500275786,8.007643211724846,0.0,2894.6412713734144,4805.815232132053
2025-08-01T07:00:00Z,2025-08-01T07:15:00Z,2025-08-01,2025-08-01_10,0.0,9,9,91,59.51681011304239,59.67853737391195,0.0004500576086956522,0.000135,0.17595000000000002,True,True,True,False,0.0,1001.6202426916714,5.289476794578836,0.7791939169490191,0.01856236703175479,-5.085337650697346,1002.6221381195336
2025-08-01T07:15:00Z,2025-08-01T07:30:00Z,2025-08-01,2025-08-01_10,0.0,9,9,91,59.67853737391195,59.69217026086847,5.6890869565217384e-05,0.0031500000000000005,0.018539999999999997,True,True,True,False,0.0,1001.6202426916714,5.289476794578836,0.7791939169490191,0.39092664092664103,-1.1277939996848159,1006.9520460444411
2025-08-01T07:30:00Z,2025-08-01T07:45:00Z,2025-08-01,2025-08-01_10,0.0,9,9,91,59.69217026086847,60.00935913912934,0.0008981997826086956,0.0028350000000000003,0.34812,True,True,True,False,0.0,1001.6202426916714,5.289476794578836,0.7791939169490191,0.3518339768339769,-9.058018761326924,998.9827286187062
2025-08-01T07:45:00Z,2025-08-01T08:00:00Z,2025-08-01,2025-08-01_10,0.0,9,9,91,60.00935913912934,61.255126539129336,0.0034604650000000002,0.0,1.354095,True,True,True,False,0.0,1001.6202426916714,5.289476794578836,0.7791939169490191,0.0,14.982696803837367,1022.6716102070366
2025-08-01T08:00:00Z,2025-08-01T08:15:00Z,2025-08-01,2025-08-01_11,-1.0000000000000204,100,99,0,61.255126539129336,54.32085247825977,0.03011856239130435,8.26,1.956735,True,True,True,False,-16.320000000000334,0.0,59.77661334804193,8.57113308643921,6573.771538885824,99.75131598081317,6725.550601301118
2025-08-01T08:15:00Z,2025-08-01T08:30:00Z,2025-08-01,2025-08-01_11,-1.0000000000000204,100,99,0,54.32085247825977,53.36350649565108,0.004132009951690833,1.136,0.0495,True,True,True,False,-16.320000000000334,0.0,59.77661334804193,8.57113308643921,132.36243952407216,-1.950200929792767,182.4399850287602
2025-08-01T08:30:00Z,2025-08-01T08:45:00Z,2025-08-01,2025-08-01_11,-1.0000000000000204,100,99,0,53.36350649565108,54.12695253912934,0.002255194323671511,0.0225,0.606375,True,True,True,False,-16.320000000000334,0.0,59.77661334804193,8.57113308643921,2.5751516822945395,-25.662357625482628,28.940540491292715
2025-08-01T08:45:00Z,2025-08-01T09:00:00Z,2025-08-01,2025-08-01_11,-1.0000000000000204,100,99,0,54.12695253912934,59.45652173912934,0.014804358888888902,0.0,5.543010000000001,True,True,True,False,-16.320000000000334,0.0,59.77661334804193,8.57113308643921,0.0,2.854272346544796,54.8820187810256
2025-08-01T09:00:00Z,2025-08-01T09:15:00Z,2025-08-01,2025-08-01_12,1.0,8,9,91,59.45652173912934,59.782489252172816,0.0019878324637681156,0.0,0.6368399999999999,True,True,True,False,16.735,1001.6202426916714,4.782129067843354,0.7472815380978647,0.0,1.9584172326845792,1025.8430705302972
2025-08-01T09:15:00Z,2025-08-01T09:30:00Z,2025-08-01,2025-08-01_12,1.0,8,9,91,59.782489252172816,60.22489806086847,0.0022280377536231886,0.0,0.7609049999999999,True,True,True,False,16.735,1001.6202426916714,4.782129067843354,0.7472815380978647,0.0,8.243237427113701,1032.1278907247263
2025-08-01T09:30:00Z,2025-08-01T09:45:00Z,2025-08-01,2025-08-01_12,1.0,8,9,91,60.22489806086847,60.28828571304238,0.001447212077294686,0.0002,0.3573,True,True,True,False,16.735,1001.6202426916714,4.782129067843354,0.7472815380978647,0.021708297218501302,-11.923631136238281,1011.9827304585928
2025-08-01T09:45:00Z,2025-08-01T10:00:00Z,2025-08-01,2025-08-01_12,1.0,8,9,91,60.28828571304238,60.06724693043368,0.00086341884057971,0.0007599999999999999,0.0549,True,True,True,False,16.735,1001.6202426916714,4.782129067843354,0.7472815380978647,0.08249152943030494,-2.430442163738082,1021.5367026633048
2025-08-01T10:00:00Z,2025-08-01T10:15:00Z,2025-08-01,2025-08-01_13,1.0,8,9,91,60.06724693043368,60.1374405999989,0.0014601998067632852,0.0,0.36432000000000003,True,True,True,False,17.025,1001.6202426916714,4.782129067843354,0.7472815380978647,0.0,-11.766766653534,1012.4078866440785
2025-08-01T10:15:00Z,2025-08-01T10:30:00Z,2025-08-01,2025-08-01_13,1.0,8,9,91,60.1374405999989,59.962580599998894,0.0009559444444444444,0.00024,0.1035,True,True,True,False,17.025,1001.6202426916714,4.782129067843354,0.7472815380978647,0.02647545504688362,-4.081301611378143,1020.1198271412813
2025-08-01T10:30:00Z,2025-08-01T10:45:00Z,2025-08-01,2025-08-01_13,1.0,8,9,91,59.962580599998894,59.68738408695542,0.0008038925362318839,0.01068,0.008685,True,True,True,False,17.025,1001.6202426916714,4.782129067843354,0.7472815380978647,1.1003151839886534,-0.6424751162240959,1024.632493365377
2025-08-01T10:45:00Z,2025-08-01T11:00:00Z,2025-08-01,2025-08-01_13,1.0,8,9,91,59.68738408695542,59.457457347824985,0.0008482409420289854,0.00136,0.04612499999999999,True,True,True,False,17.025,1001.6202426916714,4.782129067843354,0.7472815380978647,0.14889299503585218,-2.037890163304704,1022.2856561293437
2025-08-01T11:00:00Z,2025-08-01T11:15:00Z,2025-08-01,2025-08-01_14,2.7473038895182507,6,9,91,59.457457347824985,59.50101515731223,0.002768508958773584,0.0,0.813735,True,True,True,False,44.61621516577639,1001.6202426916714,3.586596800882515,0.7472815380978647,0.0,63.88246141753999,1114.4527976139682
2025-08-01T11:15:00Z,2025-08-01T11:30:00Z,2025-08-01,2025-08-01_14,2.7473038895182507,6,9,91,59.50101515731223,59.49637914493641,0.0027261310776967723,0.0,0.7641,True,True,True,False,44.61621516577639,1001.6202426916714,3.586596800882515,0.7472815380978647,0.0,-11.70970756835553,1038.8606286280726
2025-08-01T11:30:00Z,2025-08-01T11:45:00Z,2025-08-01,2025-08-01_14,2.7473038895182507,6,9,91,59.49637914493641,59.58319342191636,0.0028065453162224004,0.0,0.8582850000000001,True,True,True,False,44.61621516577639,1001.6202426916714,3.586596800882515,0.7472815380978647,0.0,-6.2377997774013085,1044.3325364190268
2025-08-01T11:45:00Z,2025-08-01T12:00:00Z,2025-08-01,2025-08-01_14,2.7473038895182507,6,9,91,59.58319342191636,59.456521739129336,0.002618822445015416,0.0,0.638415,True,True,True,False,44.61621516577639,1001.6202426916714,3.586596800882515,0.7472815380978647,0.0,-16.21126892581357,1034.3590672706146
2025-08-01T12:00:00Z,2025-08-01T12:15:00Z,2025-08-01,2025-08-01_15,5.072670374405329,94,100,0,59.456521739129336,75.63450193590222,0.04680463311002753,0.0,18.909,True,True,True,False,65.23454101485254,0.0,56.19001654715941,8.303128201087386,0.0,17199.36029430305,17329.08798006615
2025-08-01T12:15:00Z,2025-08-01T12:30:00Z,2025-08-01,2025-08-01_15,5.072670374405329,94,100,0,75.63450193590222,95.05423218392336,0.05473997572749029,0.0,22.4005,True,True,True,False,65.23454101485254,0.0,56.19001654715941,8.303128201087386,0.0,22058.95900638248,22188.68669214558
2025-08-01T12:30:00Z,2025-08-01T12:45:00Z,2025-08-01,2025-08-01_15,5.072670374405329,94,100,0,95.05423218392336,105.83548542297594,0.03359421381631354,0.0,13.096499999999999,True,True,True,False,65.23454101485254,0.0,56.19001654715941,8.303128201087386,0.0,5231.043533114018,5360.7712188771175
2025-08-01T12:45:00Z,2025-08-01T13:00:00Z,2025-08-01,2025-08-01_15,5.072670374405329,94,100,0,105.83548542297594,116.10886603478154,0.03235101392751156,0.0,12.5495,True,True,True,False,65.23454101485254,0.0,56.19001654715941,8.303128201087386,0.0,1617.6875077811046,1747.415193544204
2025-08-01T13:00:00Z,2025-08-01T13:15:00Z,2025-08-01,2025-08-01_16,0.0,100,100,0,116.10886603478154,128.64156603478153,0.034813055555555555,0.0,13.6225,True,True,True,False,0.0,0.0,59.77661334804193,8.12583720746986,0.0,8634.49780848633,8702.400259041842
2025-08-01T13:15:00Z,2025-08-01T13:30:00Z,2025-08-01,2025-08-01_16,0.0,100,100,0,128.64156603478153,136.90408603478153,0.022951444444444444,0.0,8.981,True,True,True,False,0.0,0.0,59.77661334804193,8.12583720746986,0.0,34.41560810810811,102.3180586636199
2025-08-01T13:30:00Z,2025-08-01T13:45:00Z,2025-08-01,2025-08-01_16,0.0,100,100,0,136.90408603478153,145.80876603478154,0.024735222222222224,0.0,9.679,True,True,True,False,0.0,0.0,59.77661334804193,8.12583720746986,0.0,279.0749097785833,346.97736033409507
2025-08-01T13:45:00Z,2025-08-01T14:00:00Z,2025-08-01,2025-08-01_16,0.0,100,100,0,145.80876603478154,147.85635212173804,0.005699816425120774,0.002,2.228,True,True,True,False,0.0,0.0,59.77661334804193,8.12583720746986,0.18714049326294227,-73.58404065873454,-5.4944496099598075
2025-08-01T14:00:00Z,2025-08-01T14:15:00Z,2025-08-01,2025-08-01_17,5.0,4,9,91,147.85635212173804,147.13938273912933,0.0034309727294685984,0.0,0.633645,True,True,True,False,92.86250000000001,1001.6202426916714,2.3508785753683714,0.7845126467575447,0.0,-20.07258144551257,1077.5455524682848
2025-08-01T14:15:00Z,2025-08-01T14:30:00Z,2025-08-01,2025-08-01_17,5.0,4,9,91,147.13938273912933,146.33062749565107,0.0034800578985507247,0.0,0.543015,True,True,True,False,92.86250000000001,1001.6202426916714,2.3508785753683714,0.7845126467575447,0.0,-18.39099084685998,1079.2271430669373
2025-08-01T14:30:00Z,2025-08-01T14:45:00Z,2025-08-01,2025-08-01_17,5.0,4,9,91,146.33062749565107,145.33825495652064,0.0035782526086956517,0.0,0.36171000000000003,True,True,True,False,92.86250000000001,1001.6202426916714,2.3508785753683714,0.7845126467575447,0.0,-13.006639569379876,1084.6114943444175
2025-08-01T14:45:00Z,2025-08-01T15:00:00Z,2025-08-01,2025-08-01_17,5.0,4,9,91,145.33825495652064,143.9999999999989,0.003766441545893719,0.00132,0.021599999999999998,True,True,True,False,92.86250000000001,1001.6202426916714,2.3508785753683714,0.7845126467575447,0.1262271452210228,-1.5867558112047906,1096.1576052478135
2025-08-01T15:00:00Z,2025-08-01T15:15:00Z,2025-08-01,2025-08-01_18,0.0,0,0,100,143.9999999999989,143.9999999999989,0.0,0.0,0.0,True,True,True,False,0.0,1100.681585375463,0.0,0.0,0.0,0.0,1100.681585375463
2025-08-01T15:15:00Z,2025-08-01T15:30:00Z,2025-08-01,2025-08-01_18,0.0,0,0,100,143.9999999999989,143.9999999999989,0.0,0.0,0.0,True,True,True,False,0.0,1100.681585375463,0.0,0.0,0.0,0.0,1100.681585375463
2025-08-01T15:30:00Z,2025-08-01T15:45:00Z,2025-08-01,2025-08-01_18,0.0,0,0,100,143.9999999999989,143.9999999999989,0.0,0.0,0.0,True,True,True,False,0.0,1100.681585375463,0.0,0.0,0.0,0.0,1100.681585375463
2025-08-01T15:45:00Z,2025-08-01T16:00:00Z,2025-08-01,2025-08-01_18,0.0,0,0,100,143.9999999999989,143.9999999999989,0.0,0.0,0.0,True,True,True,False,0.0,1100.681585375463,0.0,0.0,0.0,0.0,1100.681585375463
2025-08-01T16:00:00Z,2025-08-01T16:15:00Z,2025-08-01,2025-08-01_19,-36.40636809762794,100,63,0,143.9999999999989,151.78193267175487,0.02399932074252398,0.6205,0.049139999999999996,True,True,True,False,-1353.4977499495628,0.0,81.5834055629974,5.082046332046332,59.12412565991649,-3.7752344180915607,-1211.4834068126943
2025-08-01T16:15:00Z,2025-08-01T16:30:00Z,2025-08-01,2025-08-01_19,-36.40636809762794,100,63,0,151.78193267175487,157.26259069506227,0.026994248239910076,3.065,0.274365,True,True,True,False,-1353.4977499495628,0.0,81.5834055629974,5.082046332046332,566.0939799858168,-21.078392167677883,-721.8167102363802
2025-08-01T16:30:00Z,2025-08-01T16:45:00Z,2025-08-01,2025-08-01_19,-36.40636809762794,100,63,0,157.26259069506227,157.17833159130143,0.03141683546898261,8.242,0.0,True,True,True,False,-1353.4977499495628,0.0,81.5834055629974,5.082046332046332,1976.852564809708,0.0,710.0202667551888
2025-08-01T16:45:00Z,2025-08-01T17:00:00Z,2025-08-01,2025-08-01_19,-36.40636809762794,100,63,0,157.17833159130143,143.79178260869463,0.04424648015035547,21.205,0.0,True,True,True,False,-1353.4977499495628,0.0,81.5834055629974,5.082046332046332,22369.566536324954,0.0,21102.734238270434
2025-08-01T17:00:00Z,2025-08-01T17:15:00Z,2025-08-01,2025-08-01_20,0.0,0,0,100,143.79178260869463,143.79178260869463,0.0,0.0,0.0,True,True,True,False,0.0,1100.681585375463,0.0,0.0,0.0,0.0,1100.681585375463
2025-08-01T17:15:00Z,2025-08-01T17:30:00Z,2025-08-01,2025-08-01_20,0.0,0,0,100,143.79178260869463,143.79178260869463,0.0,0.0,0.0,True,True,True,False,0.0,1100.681585375463,0.0,0.0,0.0,0.0,1100.681585375463
2025-08-01T17:30:00Z,2025-08-01T17:45:00Z,2025-08-01,2025-08-01_20,0.0,0,0,100,143.79178260869463,143.79178260869463,0.0,0.0,0.0,True,True,True,False,0.0,1100.681585375463,0.0,0.0,0.0,0.0,1100.681585375463
2025-08-01T17:45:00Z,2025-08-01T18:00:00Z,2025-08-01,2025-08-01_20,0.0,0,0,100,143.79178260869463,143.79178260869463,0.0,0.0,0.0,True,True,True,False,0.0,1100.681585375463,0.0,0.0,0.0,0.0,1100.681585375463
2025-08-01T18:00:00Z,2025-08-01T18:15:00Z,2025-08-01,2025-08-01_21,0.0,0,0,100,143.79178260869463,143.79178260869463,0.0,0.0,0.0,True,True,True,False,0.0,1100.681585375463,0.0,0.0,0.0,0.0,1100.681585375463
2025-08-01T18:15:00Z,2025-08-01T18:30:00Z,2025-08-01,2025-08-01_21,0.0,0,0,100,143.79178260869463,143.79178260869463,0.0,0.0,0.0,True,True,True,False,0.0,1100.681585375463,0.0,0.0,0.0,0.0,1100.681585375463
2025-08-01T18:30:00Z,2025-08-01T18:45:00Z,2025-08-01,2025-08-01_21,0.0,0,0,100,143.79178260869463,143.79178260869463,0.0,0.0,0.0,True,True,True,False,0.0,1100.681585375463,0.0,0.0,0.0,0.0,1100.681585375463
2025-08-01T18:45:00Z,2025-08-01T19:00:00Z,2025-08-01,2025-08-01_21,0.0,0,0,100,143.79178260869463,143.79178260869463,0.0,0.0,0.0,True,True,True,False,0.0,1100.681585375463,0.0,0.0,0.0,0.0,1100.681585375463
2025-08-01T19:00:00Z,2025-08-01T19:15:00Z,2025-08-01,2025-08-01_22,76.0,0,76,24,143.79178260869463,123.13960869565116,0.05736714975845411,0.0,0.0,True,True,True,False,3987.53,264.1635804901111,0.0,6.153179418485542,0.0,0.0,4257.846759908597
2025-08-01T19:15:00Z,2025-08-01T19:30:00Z,2025-08-01,2025-08-01_22,76.0,0,76,24,123.13960869565116,102.48743478260768,0.057367149758454104,0.0,0.0,True,True,True,False,3987.53,264.1635804901111,0.0,6.153179418485542,0.0,0.0,4257.846759908597
2025-08-01T19:30:00Z,2025-08-01T19:45:00Z,2025-08-01,2025-08-01_22,76.0,0,76,24,102.48743478260768,81.84021739130333,0.05735338164251209,0.0,0.00456,True,True,True,False,3987.53,264.1635804901111,0.0,6.153179418485542,0.0,-0.35032700338822786,4257.496432905208
2025-08-01T19:45:00Z,2025-08-01T20:00:00Z,2025-08-01,2025-08-01_22,76.0,0,76,24,81.84021739130333,64.3478260869555,0.04858997584541063,0.0,2.907,True,True,True,False,3987.53,264.1635804901111,0.0,6.153179418485542,0.0,-136.15037920573636,4121.696380702861
2025-08-01T20:00:00Z,2025-08-01T20:15:00Z,2025-08-01,2025-08-01_23,0.0,0,0,100,64.3478260869555,64.3478260869555,0.0,0.0,0.0,True,True,True,False,0.0,1100.681585375463,0.0,0.0,0.0,0.0,1100.681585375463
2025-08-01T20:15:00Z,2025-08-01T20:30:00Z,2025-08-01,2025-08-01_23,0.0,0,0,100,64.3478260869555,64.3478260869555,0.0,0.0,0.0,True,True,True,False,0.0,1100.681585375463,0.0,0.0,0.0,0.0,1100.681585375463
2025-08-01T20:30:00Z,2025-08-01T20:45:00Z,2025-08-01,2025-08-01_23,0.0,0,0,100,64.3478260869555,64.3478260869555,0.0,0.0,0.0,True,True,True,False,0.0,1100.681585375463,0.0,0.0,0.0,0.0,1100.681585375463
2025-08-01T20:45:00Z,2025-08-01T21:00:00Z,2025-08-01,2025-08-01_23,0.0,0,0,100,64.3478260869555,64.3478260869555,0.0,0.0,0.0,True,True,True,False,0.0,1100.681585375463,0.0,0.0,0.0,0.0,1100.681585375463
2025-08-01T21:00:00Z,2025-08-01T21:15:00Z,2025-08-02,2025-08-01_24,0.0,0,0,100,64.3478260869555,64.3478260869555,0.0,0.0,0.0,True,True,True,False,0.0,1100.5515067953515,0.0,0.0,0.0,0.0,1100.5515067953515
2025-08-01T21:15:00Z,2025-08-01T21:30:00Z,2025-08-02,2025-08-01_24,0.0,0,0,100,64.3478260869555,64.3478260869555,0.0,0.0,0.0,True,True,True,False,0.0,1100.5515067953515,0.0,0.0,0.0,0.0,1100.5515067953515
2025-08-01T21:30:00Z,2025-08-01T21:45:00Z,2025-08-02,2025-08-01_24,0.0,0,0,100,64.3478260869555,64.3478260869555,0.0,0.0,0.0,True,True,True,False,0.0,1100.5515067953515,0.0,0.0,0.0,0.0,1100.5515067953515
2025-08-01T21:45:00Z,2025-08-01T22:00:00Z,2025-08-02,2025-08-01_24,0.0,0,0,100,64.3478260869555,64.3478260869555,0.0,0.0,0.0,True,True,True,False,0.0,1100.5515067953515,0.0,0.0,0.0,0.0,1100.5515067953515
2025-08-01T22:00:00Z,2025-08-01T22:15:00Z,2025-08-02,2025-08-02_1,2.0,7,9,91,64.3478260869555,63.33066847825984,0.002825437801932367,0.43578500000000003,0.0,True,True,True,False,56.45,1001.5018711837699,4.36586566870199,0.5185148709868032,81.59848807760488,0.0,1144.4347398010636
2025-08-01T22:15:00Z,2025-08-01T22:30:00Z,2025-08-02,2025-08-02_1,2.0,7,9,91,63.33066847825984,62.606597826085924,0.0020113073671497585,0.166145,0.0,True,True,True,False,56.45,1001.5018711837699,4.36586566870199,0.5185148709868032,22.904415250147725,0.0,1085.7406669736065
2025-08-01T22:30:00Z,2025-08-01T22:45:00Z,2025-08-02,2025-08-02_1,2.0,7,9,91,62.606597826085924,61.953480426085925,0.001815646111111111,0.10118500000000001,0.00036,True,True,True,False,56.45,1001.5018711837699,4.36586566870199,0.5185148709868032,13.946888385857791,-0.029781366948985623,1076.7533587423675
2025-08-01T22:45:00Z,2025-08-01T23:00:00Z,2025-08-02,2025-08-02_1,2.0,7,9,91,61.953480426085925,61.40238566086853,0.001541373236714976,0.009345000000000001,0.002655,True,True,True,False,56.45,1001.5018711837699,4.36586566870199,0.5185148709868032,1.2863686084301755,-0.21963758124876895,1063.9029827506401
2025-08-01T23:00:00Z,2025-08-01T23:15:00Z,2025-08-02,2025-08-02_2,0.0,9,9,91,61.40238566086853,60.77429326956418,0.0017447010869565214,0.5778449999999999,0.0,True,True,True,False,0.0,1001.5018711837699,5.554756746109907,1.9730155603702972,94.43605766791411,0.0,1103.4657011581642
2025-08-01T23:15:00Z,2025-08-01T23:30:00Z,2025-08-02,2025-08-02_2,0.0,9,9,91,60.77429326956418,60.622711904346794,0.0004240493478260869,0.13995,0.0005849999999999999,True,True,True,False,0.0,1001.5018711837699,5.554756746109907,1.9730155603702972,19.291130303328735,-0.04839472129210163,1028.2723790722869
2025-08-01T23:30:00Z,2025-08-01T23:45:00Z,2025-08-02,2025-08-02_2,0.0,9,9,91,60.622711904346794,60.617968121738095,2.8127173913043475e-05,0.00684,0.0029249999999999996,True,True,True,False,0.0,1001.5018711837699,5.554756746109907,1.9730155603702972,0.9417293677368523,-0.24197360646050814,1009.7293992515265
2025-08-01T23:45:00Z,2025-08-02T00:00:00Z,2025-08-02,2025-08-02_2,0.0,9,9,91,60.617968121738095,60.617276921738096,2.3080000000000003e-05,0.0041400000000000005,0.0041400000000000005,True,True,True,False,0.0,1001.5018711837699,5.554756746109907,1.9730155603702972,0.5699940909986212,-0.3424857199133347,1009.2571518613354
2025-08-02T00:00:00Z,2025-08-02T00:15:00Z,2025-08-02,2025-08-02_3,0.0,9,9,91,60.617276921738096,60.11449974782505,0.001396603260869565,0.46255499999999994,0.0,True,True,True,False,0.0,1001.5018711837699,5.105377191254678,1.9942879653338583,69.65912483553278,0.0,1078.2606611758913
2025-08-02T00:15:00Z,2025-08-02T00:30:00Z,2025-08-02,2025-08-02_3,0.0,9,9,91,60.11449974782505,59.9797935391294,0.0003801639130434782,0.12491999999999999,0.0011699999999999998,True,True,True,False,0.0,1001.5018711837699,5.105377191254678,1.9942879653338583,17.22048158361237,-0.09678944258420326,1025.7252284813867
2025-08-02T00:30:00Z,2025-08-02T00:45:00Z,2025-08-02,2025-08-02_3,0.0,9,9,91,59.9797935391294,59.980806469564186,1.2596304347826088e-05,0.00162,0.0030150000000000003,True,True,True,False,0.0,1001.5018711837699,5.105377191254678,1.9942879653338583,0.22304116604293872,-0.24941894819775462,1008.5751585582036
2025-08-02T00:45:00Z,2025-08-02T01:00:00Z,2025-08-02,2025-08-02_3,0.0,9,9,91,59.980806469564186,59.98302735652071,1.269086956521739e-05,0.00108,0.0036899999999999997,True,True,True,False,0.0,1001.5018711837699,5.105377191254678,1.9942879653338583,0.14869411069529248,-0.3052590112271026,1008.4449714398266
2025-08-02T01:00:00Z,2025-08-02T01:15:00Z,2025-08-02,2025-08-02_4,0.0,9,9,91,59.98302735652071,59.79307546956419,0.0005283341304347825,0.17487,0.000135,True,True,True,False,0.0,1001.5018711837699,5.105377191254678,1.9730155603702972,24.10639954106756,-0.011168012605869608,1032.6754954638566
2025-08-02T01:15:00Z,2025-08-02T01:30:00Z,2025-08-02,2025-08-02_4,0.0,9,9,91,59.79307546956419,59.72582003478158,0.00018682065217391302,0.061875,0.0,True,True,True,False,0.0,1001.5018711837699,5.105377191254678,1.9730155603702972,8.524173970848926,0.0,1017.1044379062438
2025-08-02T01:30:00Z,2025-08-02T01:45:00Z,2025-08-02,2025-08-02_4,0.0,9,9,91,59.72582003478158,59.62095813912941,0.0002940430434782609,0.09693,0.00054,True,True,True,False,0.0,1001.5018711837699,5.105377191254678,1.9730155603702972,13.359424502659051,-0.04467205042347843,1021.8950163876304
2025-08-02T01:45:00Z,2025-08-02T02:00:00Z,2025-08-02,2025-08-02_4,0.0,9,9,91,59.62095813912941,59.64824848695549,0.00015189347826086955,0.012600000000000002,0.04454999999999999,True,True,True,False,0.0,1001.5018711837699,5.105377191254678,1.9730155603702972,1.7347646247784125,-3.647949153043135,1006.6670794071301
2025-08-02T02:00:00Z,2025-08-02T02:15:00Z,2025-08-02,2025-08-02_5,0.17638860799989672,0,0,91,59.64824848695549,59.60031679999899,0.0001331435748791491,0.0,0.0,True,False,True,False,3.9568374489576836,1001.5018711837699,0.0,0.0,0.0,0.0,1005.4587086327276
2025-08-02T02:15:00Z,2025-08-02T02:30:00Z,2025-08-02,2025-08-02_5,0.17638860799989672,0,0,91,59.60031679999899,59.5523851130425,0.0001331435748791491,0.0,0.0,True,False,True,False,3.9568374489576836,1001.5018711837699,0.0,0.0,0.0,0.0,1005.4587086327276
2025-08-02T02:30:00Z,2025-08-02T02:45:00Z,2025-08-02,2025-08-02_5,0.17638860799989672,0,0,91,59.5523851130425,59.504453426086,0.0001331435748791491,0.0,0.0,True,False,True,False,3.9568374489576836,1001.5018711837699,0.0,0.0,0.0,0.0,1005.4587086327276
2025-08-02T02:45:00Z,2025-08-02T03:00:00Z,2025-08-02,2025-08-02_5,0.17638860799989672,0,0,91,59.504453426086,59.456521739129506,0.0001331435748791491,0.0,0.0,True,False,True,False,3.9568374489576836,1001.5018711837699,0.0,0.0,0.0,0.0,1005.4587086327276
2025-08-02T03:00:00Z,2025-08-02T03:15:00Z,2025-08-02,2025-08-02_6,0.0,100,100,0,59.456521739129506,54.95579826086863,0.024237120772946857,6.084,2.296,True,True,True,False,0.0,0.0,71.38073665550522,2.954500689383494,1025.9946393539492,918.7889225920819,2019.11879929092
2025-08-02T03:15:00Z,2025-08-02T03:30:00Z,2025-08-02,2025-08-02_6,0.0,100,100,0,54.95579826086863,54.25375217391211,0.0019961280193236714,0.6535,0.009,True,True,True,False,0.0,0.0,71.38073665550522,2.954500689383494,90.05003456765805,-0.7445341737246405,163.6407377388221
2025-08-02T03:30:00Z,2025-08-02T03:45:00Z,2025-08-02,2025-08-02_6,0.0,100,100,0,54.25375217391211,54.457160869564284,0.0006616425120772947,0.016,0.24,True,True,True,False,0.0,0.0,71.38073665550522,2.954500689383494,2.202875714004333,-19.854244632657082,56.68386842623596
2025-08-02T03:45:00Z,2025-08-02T04:00:00Z,2025-08-02,2025-08-02_6,0.0,100,100,0,54.457160869564284,62.920700869564286,0.023509833333333334,0.0,9.1995,True,True,True,False,0.0,0.0,71.38073665550522,2.954500689383494,0.0,6848.059238526689,6922.394475871578
2025-08-02T04:00:00Z,2025-08-02T04:15:00Z,2025-08-02,2025-08-02_7,2.999999999999977,6,9,91,62.920700869564286,62.287565634781686,0.0026253489855072327,0.06077999999999999,0.25434,True,True,True,False,65.9924999999995,1001.5018711837699,4.183572976167027,0.47331101043923574,8.377763399645458,80.63023858971835,1161.1592571597396
2025-08-02T04:15:00Z,2025-08-02T04:30:00Z,2025-08-02,2025-08-02_7,2.999999999999977,6,9,91,62.287565634781686,61.40830732173822,0.002443304202898533,0.059160000000000004,0.00027,True,True,True,False,65.9924999999995,1001.5018711837699,4.183572976167027,0.47331101043923574,8.151227236557023,-0.022336025211739215,1080.280146381721
2025-08-02T04:30:00Z,2025-08-02T04:45:00Z,2025-08-02,2025-08-02_7,2.999999999999977,6,9,91,61.40830732173822,60.59549016521649,0.002276685434782591,0.0027600000000000003,0.005535,True,True,True,False,65.9924999999995,1001.5018711837699,4.183572976167027,0.47331101043923574,0.3799960606657475,-0.45788851684065396,1072.0733627142008
2025-08-02T04:45:00Z,2025-08-02T05:00:00Z,2025-08-02,2025-08-02_7,2.999999999999977,6,9,91,60.59549016521649,59.783028078259974,0.0022783057971014317,0.0031199999999999995,0.006300000000000001,True,True,True,False,65.9924999999995,1001.5018711837699,4.183572976167027,0.47331101043923574,0.4295607642308449,-0.5211739216072485,1072.0596420129993
2025-08-02T05:00:00Z,2025-08-02T05:15:00Z,2025-08-02,2025-08-02_8,21.701547921646714,27,49,51,59.783028078259974,53.94545342368029,0.016502209893273192,0.03726,0.10069499999999999,True,True,True,False,451.7177199890764,474.6405357494583,21.442584203269647,2.5769155012802836,5.129946818987591,-8.295348111089226,947.212354150983
2025-08-02T05:15:00Z,2025-08-02T05:30:00Z,2025-08-02,2025-08-02_8,21.701547921646714,27,49,51,53.94545342368029,48.01526751907304,0.016511805741994474,0.04293,0.013720000000000001,True,True,True,False,451.7177199890764,474.6405357494583,21.442584203269647,2.5769155012802836,5.911630961197559,-1.1350009848335632,955.1543854194487
2025-08-02T05:30:00Z,2025-08-02T05:45:00Z,2025-08-02,2025-08-02_8,21.701547921646714,27,49,51,48.01526751907304,42.192854603004285,0.01639591225896753,0.0027,0.078155,True,True,True,False,451.7177199890764,474.6405357494583,21.442584203269647,2.5769155012802836,0.3717352767382312,-6.416237633444948,944.3332530863779
2025-08-02T05:45:00Z,2025-08-02T06:00:00Z,2025-08-02,2025-08-02_8,21.701547921646714,27,49,51,42.192854603004285,38.260869565216446,0.016552031427480837,0.0,1.9771500000000002,True,True,True,False,451.7177199890764,474.6405357494583,21.442584203269647,2.5769155012802836,0.0,512.378987177467,1462.7567426205517
2025-08-02T06:00:00Z,2025-08-02T06:15:00Z,2025-08-02,2025-08-02_9,1.6500053362110323,46,48,52,38.260869565216446,39.65146085463832,0.00594135178953942,0.0,1.9864799999999998,True,True,True,False,24.84495534999762,572.2867835335828,26.121331494977344,2.6945046287177465,0.0,353.8681118455781,979.8156868528536
2025-08-02T06:15:00Z,2025-08-02T06:30:00Z,2025-08-02,2025-08-02_9,1.6500053362110323,46,48,52,39.65146085463832,39.284628540168946,0.0014643506000287787,0.00184,0.09024,True,True,True,False,24.84495534999762,572.2867835335828,26.121331494977344,2.6945046287177465,0.2533307071104983,-7.465195981879063,618.735709732507
2025-08-02T06:30:00Z,2025-08-02T06:45:00Z,2025-08-02,2025-08-02_9,1.6500053362110323,46,48,52,39.284628540168946,38.822636551961175,0.001543901048353563,0.0575,0.0528,True,True,True,False,24.84495534999762,572.2867835335828,26.121331494977344,2.6945046287177465,7.8981012408902895,-3.9207405948394722,629.9249356533263
2025-08-02T06:45:00Z,2025-08-02T07:00:00Z,2025-08-02,2025-08-02_9,1.6500053362110323,46,48,52,38.822636551961175,38.260869565216346,0.0017476148305225296,0.13662,0.03792,True,True,True,False,24.84495534999762,572.2867835335828,26.121331494977344,2.6945046287177465,20.24212187118377,-2.8750336025211745,643.3146632759381
2025-08-02T07:00:00Z,2025-08-02T07:15:00Z,2025-08-02,2025-08-02_10,-36.224389929572475,100,63,0,38.260869565216346,31.38983363853081,0.03795175243481474,14.8105,0.0,True,True,True,False,-123.34404771019427,0.0,56.78550324995075,3.9088044120543626,15588.49028491235,0.0,15525.84054486416
2025-08-02T07:15:00Z,2025-08-02T07:30:00Z,2025-08-02,2025-08-02_10,-36.224389929572475,100,63,0,31.38983363853081,33.675490610015565,0.029032521980864544,5.89,0.0,True,True,True,False,-123.34404771019427,0.0,56.78550324995075,3.9088044120543626,925.4086783533583,0.0,862.7589383051691
2025-08-02T07:30:00Z,2025-08-02T07:45:00Z,2025-08-02,2025-08-02_10,-36.224389929572475,100,63,0,33.675490610015565,41.933359474546336,0.02334675014709425,0.106,0.038114999999999996,True,True,True,False,-123.34404771019427,0.0,56.78550324995075,3.9088044120543626,14.271228678353358,-3.0705209769548945,-51.4490323467907
2025-08-02T07:45:00Z,2025-08-02T08:00:00Z,2025-08-02,2025-08-02_10,-36.224389929572475,100,63,0,41.933359474546336,50.18463354335186,0.02339775258537362,0.124,0.051030000000000006,True,True,True,False,-123.34404771019427,0.0,56.78550324995075,3.9088044120543626,17.07228678353358,-3.64908222769352,-49.2265354923491
2025-08-02T08:00:00Z,2025-08-02T08:15:00Z,2025-08-02,2025-08-02_11,-0.6878668505391224,29,28,71,50.18463354335186,49.72344247522676,0.002092092365346121,0.5721700000000001,0.00028000000000000003,True,True,True,False,-1.4496793875112004,781.3915698246997,16.699133346464446,1.7372464053574947,78.86896314949774,-0.023163285404766597,877.2240700531034
2025-08-02T08:15:00Z,2025-08-02T08:30:00Z,2025-08-02,2025-08-02_11,-0.6878668505391224,29,28,71,49.72344247522676,48.721795208394894,0.003531457333737517,1.07097,0.0,True,True,True,False,-1.4496793875112004,781.3915698246997,16.699133346464446,1.7372464053574947,157.21215201496946,0.0,955.5904222039799
2025-08-02T08:30:00Z,2025-08-02T08:45:00Z,2025-08-02,2025-08-02_11,-0.6878668505391224,29,28,71,48.721795208394894,48.874720930450465,0.0006393572418365635,0.036395000000000004,0.0371,True,True,True,False,-1.4496793875112004,781.3915698246997,16.699133346464446,1.7372464053574947,3.9427319283041173,-3.069135316131574,799.2518668011829
2025-08-02T08:45:00Z,2025-08-02T09:00:00Z,2025-08-02,2025-08-02_11,-0.6878668505391224,29,28,71,48.874720930450465,49.0304383759538,0.0005547898558780223,0.020734999999999996,0.0217,True,True,True,False,-1.4496793875112004,781.3915698246997,16.699133346464446,1.7372464053574947,2.246257632460114,-1.682645440220603,798.9418823812499
2025-08-02T09:00:00Z,2025-08-02T09:15:00Z,2025-08-02,2025-08-02_12,-4.977275844929288,29,24,71,49.0304383759538,49.65354193982381,0.004201296085392871,0.49387,0.0010799999999999998,True,True,True,False,-7.067731699799588,781.3915698246997,16.699133346464446,1.4181603309040771,56.32355346858381,-0.08934410084695685,848.6753411700055
2025-08-02T09:15:00Z,2025-08-02T09:30:00Z,2025-08-02,2025-08-02_12,-4.977275844929288,29,24,71,49.65354193982381,50.60985877872551,0.0035659917049944197,0.18183000000000002,0.004319999999999999,True,True,True,False,-7.067731699799588,781.3915698246997,16.699133346464446,1.4181603309040771,19.697951546188698,-0.33681279495765215,811.8022705534996
2025-08-02T09:30:00Z,2025-08-02T09:45:00Z,2025-08-02,2025-08-02_12,-4.977275844929288,29,24,71,50.60985877872551,51.74744441396086,0.003268033343621919,0.021605,0.01704,True,True,True,False,-7.067731699799588,781.3915698246997,16.699133346464446,1.4181603309040771,2.3405062044514477,-1.3309424778412446,793.4506955288788
2025-08-02T09:45:00Z,2025-08-02T10:00:00Z,2025-08-02,2025-08-02_12,-4.977275844929288,29,24,71,51.74744441396086,51.994666860868776,0.0049291479075645305,0.848105,0.0,True,True,True,False,-7.067731699799588,781.3915698246997,16.699133346464446,1.4181603309040771,103.43489916387631,0.0,895.8760309661449
2025-08-02T10:00:00Z,2025-08-02T10:15:00Z,2025-08-02,2025-08-02_13,-29.0,29,0,71,51.994666860868776,57.28771206086878,0.014702903333333333,1.4966899999999999,0.0,True,True,True,False,-21.387500000000003,781.3915698246997,16.699133346464446,0.0,196.61736766594444,0.0,973.3205708371086
2025-08-02T10:15:00Z,2025-08-02T10:30:00Z,2025-08-02,2025-08-02_13,-29.0,29,0,71,57.28771206086878,63.810171660868775,0.018117943333333334,0.16037,0.0,True,True,True,False,-21.387500000000003,781.3915698246997,16.699133346464446,0.0,17.37315343706914,0.0,794.0763566082333
2025-08-02T10:30:00Z,2025-08-02T10:45:00Z,2025-08-02,2025-08-02_13,-29.0,29,0,71,63.810171660868775,70.46016166086878,0.018472194444444444,0.021750000000000002,0.0,True,True,True,False,-21.387500000000003,781.3915698246997,16.699133346464446,0.0,2.356214299783337,0.0,779.0594174709474
2025-08-02T10:45:00Z,2025-08-02T11:00:00Z,2025-08-02,2025-08-02_13,-29.0,29,0,71,70.46016166086878,77.10815066086879,0.01846663611111111,0.023925,0.0,True,True,True,False,-21.387500000000003,781.3915698246997,16.699133346464446,0.0,2.5918357297616703,0.0,779.2950389009258
2025-08-02T11:00:00Z,2025-08-02T11:15:00Z,2025-08-02,2025-08-02_14,-29.0,29,0,71,77.10815066086879,83.77815066086879,0.01852777777777778,0.0,0.0,True,True,True,False,-0.0,781.3915698246997,16.699133346464446,0.0,0.0,0.0,798.0907031711641
2025-08-02T11:15:00Z,2025-08-02T11:30:00Z,2025-08-02,2025-08-02_14,-29.0,29,0,71,83.77815066086879,90.43134226086879,0.01848108777777778,0.01827,0.0,True,True,True,False,-0.0,781.3915698246997,16.699133346464446,0.0,1.979220011818003,0.0,800.0699231829822
2025-08-02T11:30:00Z,2025-08-02T11:45:00Z,2025-08-02,2025-08-02_14,-29.0,29,0,71,90.43134226086879,97.06719186086879,0.018432915555555558,0.03712,0.0,True,True,True,False,-0.0,781.3915698246997,16.699133346464446,0.0,4.021272404963561,0.0,802.1119755761276
2025-08-02T11:45:00Z,2025-08-02T12:00:00Z,2025-08-02,2025-08-02_14,-29.0,29,0,71,97.06719186086879,103.73719186086879,0.01852777777777778,0.0,0.0,True,True,True,False,-0.0,781.3915698246997,16.699133346464446,0.0,0.0,0.0,798.0907031711641
2025-08-02T12:00:00Z,2025-08-02T12:15:00Z,2025-08-02,2025-08-02_15,0.0,29,29,71,103.73719186086879,104.64455495652096,0.0025309602898550723,0.00174,0.98832,True,True,True,False,0.0,781.3915698246997,16.699133346464446,1.7136103998424266,0.23956273389797123,198.09323884183573,998.1371151467403
2025-08-02T12:15:00Z,2025-08-02T12:30:00Z,2025-08-02,2025-08-02_15,0.0,29,29,71,104.64455495652096,104.7490833130427,0.00035515123188405807,0.01073,0.12629500000000002,True,True,True,False,0.0,781.3915698246997,16.699133346464446,1.7136103998424266,1.1623990545597795,-5.590214217057318,795.376498408509
2025-08-02T12:30:00Z,2025-08-02T12:45:00Z,2025-08-02,2025-08-02_15,0.0,29,29,71,104.7490833130427,103.86171029565139,0.0024708539371980673,0.8173649999999999,0.00116,True,True,True,False,0.0,781.3915698246997,16.699133346464446,1.7136103998424266,99.07954601634822,-0.0891077407918062,898.7947518465629
2025-08-02T12:45:00Z,2025-08-02T13:00:00Z,2025-08-02,2025-08-02_15,0.0,29,29,71,103.86171029565139,103.80090359999923,0.0002837797101449275,0.074965,0.022475,True,True,True,False,0.0,781.3915698246997,16.699133346464446,1.7136103998424266,8.121085286586569,-1.6149064408115028,806.3104924167816
2025-08-02T13:00:00Z,2025-08-02T13:15:00Z,2025-08-02,2025-08-02_16,-29.0,29,0,71,103.80090359999923,110.47090359999923,0.018527777777777775,0.0,0.0,True,True,True,False,-0.0,781.3915698246997,16.699133346464446,0.0,0.0,0.0,798.0907031711641
2025-08-02T13:15:00Z,2025-08-02T13:30:00Z,2025-08-02,2025-08-02_16,-29.0,29,0,71,110.47090359999923,117.13316639999924,0.018506285555555557,0.00841,0.0,True,True,True,False,-0.0,781.3915698246997,16.699133346464446,0.0,0.911069529249557,0.0,799.0017727004137
2025-08-02T13:30:00Z,2025-08-02T13:45:00Z,2025-08-02,2025-08-02_16,-29.0,29,0,71,117.13316639999924,123.77328479999925,0.018444773333333334,0.03248,0.0,True,True,True,False,-0.0,781.3915698246997,16.699133346464446,0.0,3.370671656490053,0.0,801.4613748276541
2025-08-02T13:45:00Z,2025-08-02T14:00:00Z,2025-08-02,2025-08-02_16,-29.0,29,0,71,123.77328479999925,129.73999999999924,0.016574208888888893,0.76444,0.0,True,True,True,False,-0.0,781.3915698246997,16.699133346464446,0.0,81.32891765215679,0.0,879.4196208233209
2025-08-02T14:00:00Z,2025-08-02T14:15:00Z,2025-08-02,2025-08-02_17,-28.999999999999574,0,0,71,129.73999999999924,136.40999999999914,0.018527777777777508,0.0,0.0,True,False,True,False,-40.6724999999994,781.3915698246997,0.0,0.0,0.0,0.0,740.7190698247002
2025-08-02T14:15:00Z,2025-08-02T14:30:00Z,2025-08-02,2025-08-02_17,-28.999999999999574,0,0,71,136.40999999999914,143.07999999999905,0.018527777777777508,0.0,0.0,True,False,True,False,-40.6724999999994,781.3915698246997,0.0,0.0,0.0,0.0,740.7190698247002
2025-08-02T14:30:00Z,2025-08-02T14:45:00Z,2025-08-02,2025-08-02_17,-28.999999999999574,0,0,71,143.07999999999905,149.74999999999895,0.018527777777777508,0.0,0.0,True,False,True,False,-40.6724999999994,781.3915698246997,0.0,0.0,0.0,0.0,740.7190698247002
2025-08-02T14:45:00Z,2025-08-02T15:00:00Z,2025-08-02,2025-08-02_17,-28.999999999999574,0,0,71,149.74999999999895,156.41999999999885,0.018527777777777508,0.0,0.0,True,False,True,False,-40.6724999999994,781.3915698246997,0.0,0.0,0.0,0.0,740.7190698247002
2025-08-02T15:00:00Z,2025-08-02T15:15:00Z,2025-08-02,2025-08-02_18,0.0,0,0,73,156.41999999999885,156.41999999999885,0.0,0.0,0.0,True,False,True,False,0.0,803.4025999606066,0.0,0.0,0.0,0.0,803.4025999606066
2025-08-02T15:15:00Z,2025-08-02T15:30:00Z,2025-08-02,2025-08-02_18,0.0,0,0,73,156.41999999999885,156.41999999999885,0.0,0.0,0.0,True,False,True,False,0.0,803.4025999606066,0.0,0.0,0.0,0.0,803.4025999606066
2025-08-02T15:30:00Z,2025-08-02T15:45:00Z,2025-08-02,2025-08-02_18,0.0,0,0,73,156.41999999999885,156.41999999999885,0.0,0.0,0.0,True,False,True,False,0.0,803.4025999606066,0.0,0.0,0.0,0.0,803.4025999606066
2025-08-02T15:45:00Z,2025-08-02T16:00:00Z,2025-08-02,2025-08-02_18,0.0,0,0,73,156.41999999999885,156.41999999999885,0.0,0.0,0.0,True,False,True,False,0.0,803.4025999606066,0.0,0.0,0.0,0.0,803.4025999606066
2025-08-02T16:00:00Z,2025-08-02T16:15:00Z,2025-08-02,2025-08-02_19,-46.54696081201156,100,53,0,156.41999999999885,159.52619867427086,0.032933968846743045,7.53,0.0,True,True,True,False,-1111.7741589948962,0.0,79.77151861335435,2.9751821942091783,4299.361548158362,0.0,3270.3340899710292
2025-08-02T16:15:00Z,2025-08-02T16:30:00Z,2025-08-02,2025-08-02_19,-46.54696081201156,100,53,0,159.52619867427086,163.64769614354492,0.032507035703444674,6.524000000000001,0.0,True,True,True,False,-1111.7741589948962,0.0,79.77151861335435,2.9751821942091783,993.5433909789248,0.0,-35.4840672084079
2025-08-02T16:30:00Z,2025-08-02T16:45:00Z,2025-08-02,2025-08-02_19,-46.54696081201156,100,53,0,163.64769614354492,159.23301348545564,0.03609649944700096,14.981999999999998,0.0,True,True,True,False,-1111.7741589948962,0.0,79.77151861335435,2.9751821942091783,6757.761384675989,0.0,5728.733926488656
2025-08-02T16:45:00Z,2025-08-02T17:00:00Z,2025-08-02,2025-08-02_19,-46.54696081201156,100,53,0,159.23301348545564,156.41999999999885,0.03542299755990899,13.394999999999998,0.0,True,True,True,False,-1111.7741589948962,0.0,79.77151861335435,2.9751821942091783,2826.637858971833,0.0,1797.6104007845001
2025-08-02T17:00:00Z,2025-08-02T17:15:00Z,2025-08-02,2025-08-02_20,0.0,27,27,73,156.41999999999885,156.23774999999884,0.00050625,0.16767,0.0,True,True,True,False,0.0,803.4025999606066,23.859661217254285,1.5555446129604096,23.117786094150087,0.0,851.9355918849714
2025-08-02T17:15:00Z,2025-08-02T17:30:00Z,2025-08-02,2025-08-02_20,0.0,27,27,73,156.23774999999884,156.2308340086945,8.269108695652175e-05,0.016875,0.01242,True,True,True,False,0.0,803.4025999606066,23.859661217254285,1.5555446129604096,2.326669292889502,-0.954067362615718,830.1904077210951
2025-08-02T17:30:00Z,2025-08-02T17:45:00Z,2025-08-02,2025-08-02_20,0.0,27,27,73,156.2308340086945,156.2105523130423,9.773804347826087e-05,0.025515,0.0081,True,True,True,False,0.0,803.4025999606066,23.859661217254285,1.5555446129604096,3.5179239708489263,-0.6700807563521765,831.6656490053181
2025-08-02T17:45:00Z,2025-08-02T18:00:00Z,2025-08-02,2025-08-02_20,0.0,27,27,73,156.2105523130423,155.35439757391188,0.002385107608695652,0.7888050000000001,0.00135,True,True,True,False,0.0,803.4025999606066,23.859661217254285,1.5555446129604096,131.97032369805004,-0.10723951152255269,960.6808899773488
2025-08-02T18:00:00Z,2025-08-02T18:15:00Z,2025-08-02,2025-08-02_21,71.0,0,71,29,155.35439757391188,136.06091931304232,0.05359299516908212,0.0,0.0,True,True,True,False,3195.0,319.1599369706519,0.0,1.7620642111483158,0.0,0.0,3515.9220011818
2025-08-02T18:15:00Z,2025-08-02T18:30:00Z,2025-08-02,2025-08-02_21,71.0,0,71,29,136.06091931304232,116.76744105217274,0.05359299516908213,0.0,0.0,True,True,True,False,3195.0,319.1599369706519,0.0,1.7620642111483158,0.0,0.0,3515.9220011818
2025-08-02T18:30:00Z,2025-08-02T18:45:00Z,2025-08-02,2025-08-02_21,71.0,0,71,29,116.76744105217274,97.47396279130318,0.05359299516908212,0.0,0.0,True,True,True,False,3195.0,319.1599369706519,0.0,1.7620642111483158,0.0,0.0,3515.9220011818
2025-08-02T18:45:00Z,2025-08-02T19:00:00Z,2025-08-02,2025-08-02_21,71.0,0,71,29,97.47396279130318,78.1804845304336,0.053592995169082114,0.0,0.0,True,True,True,False,3195.0,319.1599369706519,0.0,1.7620642111483158,0.0,0.0,3515.9220011818
2025-08-02T19:00:00Z,2025-08-02T19:15:00Z,2025-08-02,2025-08-02_22,27.0,0,27,73,78.1804845304336,70.84352800869448,0.020380434782608696,0.0,0.0,True,True,True,False,1010.5425,803.4025999606066,0.0,0.8774867047468978,0.0,0.0,1814.8225866653536
2025-08-02T19:15:00Z,2025-08-02T19:30:00Z,2025-08-02,2025-08-02_22,27.0,0,27,73,70.84352800869448,63.52550083478144,0.020327853260869562,0.0,0.017415000000000003,True,True,True,False,1010.5425,803.4025999606066,0.0,0.8774867047468978,0.0,-1.4406736261571798,1813.3819130391964
2025-08-02T19:30:00Z,2025-08-02T19:45:00Z,2025-08-02,2025-08-02_22,27.0,0,27,73,63.52550083478144,56.18971822608579,0.020377173913043476,0.0,0.00108,True,True,True,False,1010.5425,803.4025999606066,0.0,0.8774867047468978,0.0,-0.08934410084695686,1814.7332425645066
2025-08-02T19:45:00Z,2025-08-02T20:00:00Z,2025-08-02,2025-08-02_22,27.0,0,27,73,56.18971822608579,49.9974736608684,0.017200679347826087,0.0,1.053135,True,True,True,False,1010.5425,803.4025999606066,0.0,0.8774867047468978,0.0,-70.9408911414221,1743.8816955239315
2025-08-02T20:00:00Z,2025-08-02T20:15:00Z,2025-08-02,2025-08-02_23,0.9870374497334365,26,27,73,49.9974736608684,49.864772498796334,0.001101197171088026,0.0020800000000000003,0.14877,True,True,True,False,29.865285635309455,803.4025999606066,15.793578885168406,1.4358873350403782,0.2866298995469766,-12.081401599369707,838.7025801163021
2025-08-02T20:15:00Z,2025-08-02T20:30:00Z,2025-08-02,2025-08-02_23,0.9870374497334365,26,27,73,49.864772498796334,49.7088058185898,0.0010368571226845606,0.0011699999999999998,0.12258,True,True,True,False,29.865285635309455,803.4025999606066,15.793578885168406,1.4358873350403782,0.16116202678747288,-10.140555446129603,840.5179583967827
2025-08-02T20:30:00Z,2025-08-02T20:45:00Z,2025-08-02,2025-08-02_23,0.9870374497334365,26,27,73,49.7088058185898,49.673913043476894,0.0013939017847782065,0.00975,0.263385,True,True,True,False,29.865285635309455,803.4025999606066,15.793578885168406,1.4358873350403782,1.343683277526098,-20.928861579673033,830.9121735139779
2025-08-02T20:45:00Z,2025-08-02T21:00:00Z,2025-08-02,2025-08-02_23,0.9870374497334365,26,27,73,49.673913043476894,50.74995398134772,0.004158665824615163,0.0,1.4515200000000001,True,True,True,False,29.865285635309455,803.4025999606066,15.793578885168406,1.4358873350403782,0.0,-88.65307783336618,761.8442739827586
2025-08-02T21:00:00Z,2025-08-02T21:15:00Z,2025-08-03,2025-08-02_24,-0.9992227515476877,27,26,73,50.74995398134772,51.13476592813871,0.00199370817341327,0.15902999999999998,0.35529,True,True,True,False,-24.113743051724573,803.4025999606066,17.015264920228482,1.559385463856608,21.900752079968484,-20.105691047862912,799.6585683250727
2025-08-02T21:15:00Z,2025-08-02T21:30:00Z,2025-08-03,2025-08-02_24,-0.9992227515476877,27,26,73,51.13476592813871,50.23659563181948,0.003574285677729952,1.043685,0.0,True,True,True,False,-24.113743051724573,803.4025999606066,17.015264920228482,1.559385463856608,154.28961662103606,0.0,952.1531239140032
2025-08-02T21:30:00Z,2025-08-02T21:45:00Z,2025-08-03,2025-08-02_24,-0.9992227515476877,27,26,73,50.23659563181948,49.883367518678504,0.002309730429243413,0.56592,0.031069999999999997,True,True,True,False,-24.113743051724573,803.4025999606066,17.015264920228482,1.559385463856608,78.01436265511128,-2.5702974197360646,873.3075725283423
2025-08-02T21:45:00Z,2025-08-02T22:00:00Z,2025-08-03,2025-08-02_24,-0.9992227515476877,27,26,73,49.883367518678504,50.788606076651384,0.0025420282167029308,0.004725000000000001,0.7397,True,True,True,False,-24.113743051724573,803.4025999606066,17.015264920228482,1.559385463856608,0.6505097449281073,-45.56651073468584,752.9475063032094
2025-08-02T22:00:00Z,2025-08-02T22:15:00Z,2025-08-03,2025-08-03_1,2.2213332024022208,26,29,71,50.788606076651384,50.358922051715446,0.002313153040666506,0.04355,0.23722,True,True,True,False,52.83441021913682,781.3915698246997,16.300571203466614,1.6707701398463657,5.995034498719717,-17.463681303919635,840.7286745819496
2025-08-02T22:15:00Z,2025-08-02T22:30:00Z,2025-08-03,2025-08-03_1,2.2213332024022208,26,29,71,50.358922051715446,49.7445882764146,0.0017352251448651053,0.01508,0.00609,True,True,True,False,52.83441021913682,781.3915698246997,16.300571203466614,1.6707701398463657,2.0749034469174705,-0.5038014575536734,853.7684233765133
2025-08-02T22:30:00Z,2025-08-02T22:45:00Z,2025-08-03,2025-08-03_1,2.2213332024022208,26,29,71,49.7445882764146,49.14946625421904,0.0017304475672176266,0.00624,0.016385,True,True,True,False,52.83441021913682,781.3915698246997,16.300571203466614,1.6707701398463657,0.8586606263541462,-1.3554658262753596,851.7005161872282
2025-08-02T22:45:00Z,2025-08-02T23:00:00Z,2025-08-03,2025-08-03_1,2.2213332024022208,26,29,71,49.14946625421904,48.58695652173911,0.0017869917705787856,0.00299,0.04756,True,True,True,False,52.83441021913682,781.3915698246997,16.300571203466614,1.6707701398463657,0.41130374039787276,-3.8433388694110695,848.7652862581363
2025-08-02T23:00:00Z,2025-08-02T23:15:00Z,2025-08-03,2025-08-03_2,0.0,100,100,0,48.58695652173911,40.213132173913024,0.023357734299516906,7.719999999999999,0.019,True,True,True,False,0.0,0.0,62.044514477053376,21.922395115225527,5146.0604609021075,-1.570712822532992,5228.4566576718535
2025-08-02T23:15:00Z,2025-08-02T23:30:00Z,2025-08-03,2025-08-03_2,0.0,100,100,0,40.213132173913024,35.03976260869563,0.014370471014492753,4.7595,0.0,True,True,True,False,0.0,0.0,62.044514477053376,21.922395115225527,997.1850909986211,0.0,1081.1520005909001
2025-08-02T23:30:00Z,2025-08-02T23:45:00Z,2025-08-03,2025-08-03_2,0.0,100,100,0,35.03976260869563,34.351470434782584,0.0019528115942028985,0.64,0.008,True,True,True,False,0.0,0.0,62.044514477053376,21.922395115225527,88.1909158952137,-0.6618081544219028,171.4960173330707
2025-08-02T23:45:00Z,2025-08-03T00:00:00Z,2025-08-03,2025-08-03_2,0.0,100,100,0,34.351470434782584,34.395063478260845,0.000474352657004831,0.0585,0.1165,True,True,True,False,0.0,0.0,62.044514477053376,21.922395115225527,8.05199438644869,-9.637581248768958,82.38132272995864
2025-08-03T00:00:00Z,2025-08-03T00:15:00Z,2025-08-03,2025-08-03_3,-6.4849834211032675,100,93,0,34.395063478260845,26.977417952380463,0.02616705498938496,8.2825,0.0041849999999999995,True,True,True,False,-115.01118097326645,0.0,56.72641323616309,20.607642308449872,4009.9355874532207,-0.3462083907819578,3971.9122536337854
2025-08-03T00:15:00Z,2025-08-03T00:30:00Z,2025-08-03,2025-08-03_3,-6.4849834211032675,100,93,0,26.977417952380463,27.10604623009111,0.0075092795454023194,1.2665,0.0,True,True,True,False,-115.01118097326645,0.0,56.72641323616309,20.607642308449872,174.48762832381328,0.0,136.8105028951598
2025-08-03T00:30:00Z,2025-08-03T00:45:00Z,2025-08-03,2025-08-03_3,-6.4849834211032675,100,93,0,27.10604623009111,23.74586293145596,0.016125846649078443,4.5085,0.0,True,True,True,False,-115.01118097326645,0.0,56.72641323616309,20.607642308449872,1745.2494966515658,0.0,1707.5723712229124
2025-08-03T00:45:00Z,2025-08-03T01:00:00Z,2025-08-03,2025-08-03_3,-6.4849834211032675,100,93,0,23.74586293145596,17.93318068695651,0.02218295844095935,6.787499999999999,0.0,True,True,True,False,-115.01118097326645,0.0,56.72641323616309,20.607642308449872,5227.369662202087,0.0,5189.692536773434
2025-08-03T01:00:00Z,2025-08-03T01:15:00Z,2025-08-03,2025-08-03_4,-51.0,100,49,0,17.93318068695651,14.85945359130434,0.035186084154589375,14.777,0.0,True,True,True,False,-889.0575,0.0,56.72641323616309,10.741973606460508,18601.469220011815,0.0,17779.880106854438
2025-08-03T01:15:00Z,2025-08-03T01:30:00Z,2025-08-03,2025-08-03_4,-51.0,100,49,0,14.85945359130434,25.29311244347825,0.03287782652173913,1.3165,0.0245,True,True,True,False,-889.0575,0.0,56.72641323616309,10.741973606460508,202.4863608430175,-2.026787472917077,-621.129539787276
2025-08-03T01:30:00Z,2025-08-03T01:45:00Z,2025-08-03,2025-08-03_4,-51.0,100,49,0,25.29311244347825,37.03959037391303,0.032754860193236715,0.0425,0.06419,True,True,True,False,-889.0575,0.0,56.72641323616309,10.741973606460508,5.850702186330511,-5.310183179042742,-821.0485941500887
2025-08-03T01:45:00Z,2025-08-03T02:00:00Z,2025-08-03,2025-08-03_4,-51.0,100,49,0,37.03959037391303,48.73605434782608,0.032635165628019325,0.049,0.016905000000000003,True,True,True,False,-889.0575,0.0,56.72641323616309,10.741973606460508,6.74187689580461,-1.3984833563127834,-816.2457196178846
2025-08-03T02:00:00Z,2025-08-03T02:15:00Z,2025-08-03,2025-08-03_5,3.552713678800501e-15,29,0,71,48.73605434782608,48.6107554347826,0.0003480525362318867,0.115275,0.0,True,True,True,False,6.001421581913746e-14,781.3915698246997,19.40663777821548,0.0,12.492181687019894,0.0,813.2903892899351
2025-08-03T02:15:00Z,2025-08-03T02:30:00Z,2025-08-03,2025-08-03_5,3.552713678800501e-15,29,0,71,48.6107554347826,48.58695652173912,6.610809178744231e-05,0.021895,0.0,True,True,True,False,6.001421581913746e-14,781.3915698246997,19.40663777821548,0.0,2.371922395115226,0.0,803.1701299980305
2025-08-03T02:30:00Z,2025-08-03T02:45:00Z,2025-08-03,2025-08-03_5,3.552713678800501e-15,29,0,71,48.58695652173912,48.58695652173912,2.6816981271139043e-18,0.0,0.0,True,True,True,False,6.001421581913746e-14,781.3915698246997,19.40663777821548,0.0,0.0,0.0,800.7982076029152
2025-08-03T02:45:00Z,2025-08-03T03:00:00Z,2025-08-03,2025-08-03_5,3.552713678800501e-15,29,0,71,48.58695652173912,48.58695652173912,2.6816981271139043e-18,0.0,0.0,True,True,True,False,6.001421581913746e-14,781.3915698246997,19.40663777821548,0.0,0.0,0.0,800.7982076029152
2025-08-03T03:00:00Z,2025-08-03T03:15:00Z,2025-08-03,2025-08-03_6,2.470149513893181,26,29,71,48.58695652173912,49.5961268203821,0.005607153938706784,0.0,1.798725,True,True,True,False,38.10205625180232,781.3915698246997,18.551309828638956,0.8568051999212133,0.0,-75.45327200610596,763.4484690989563
2025-08-03T03:15:00Z,2025-08-03T03:30:00Z,2025-08-03,2025-08-03_6,2.470149513893181,26,29,71,49.5961268203821,49.78656456222901,0.00378366929005736,0.0,0.922345,True,True,True,False,38.10205625180232,781.3915698246997,18.551309828638956,0.8568051999212133,0.0,-42.011116123695096,796.8906249813671
2025-08-03T03:30:00Z,2025-08-03T03:45:00Z,2025-08-03,2025-08-03_6,2.470149513893181,26,29,71,49.78656456222901,49.17483810097648,0.0020084013611440335,0.0020800000000000003,0.06612,True,True,True,False,38.10205625180232,781.3915698246997,18.551309828638956,0.8568051999212133,0.22532991924364787,-5.469844396297026,833.6572266280087
2025-08-03T03:45:00Z,2025-08-03T04:00:00Z,2025-08-03,2025-08-03_6,2.470149513893181,26,29,71,49.17483810097648,48.6243097826087,0.0022140102474574605,0.01482,0.14645,True,True,True,False,38.10205625180232,781.3915698246997,18.551309828638956,0.8568051999212133,1.6054756746109908,-9.391722828441992,831.1154939512312
2025-08-03T04:00:00Z,2025-08-03T04:15:00Z,2025-08-03,2025-08-03_7,-3.552713678800501e-15,29,0,71,48.6243097826087,48.610125000000004,3.940217391304574e-05,0.013049999999999999,0.0,True,True,True,False,-4.2366110619695976e-14,781.3915698246997,18.943962970258024,0.0,1.413728579870002,0.0,801.7492613748277
2025-08-03T04:15:00Z,2025-08-03T04:30:00Z,2025-08-03,2025-08-03_7,-3.552713678800501e-15,29,0,71,48.610125000000004,48.60051086956522,2.6705917874398394e-05,0.008845,0.0,True,True,True,False,-4.2366110619695976e-14,781.3915698246997,18.943962970258024,0.0,0.9581938152452236,0.0,801.2937266102028
2025-08-03T04:30:00Z,2025-08-03T04:45:00Z,2025-08-03,2025-08-03_7,-3.552713678800501e-15,29,0,71,48.60051086956522,48.58695652173913,3.765096618357714e-05,0.01247,0.0,True,True,True,False,-4.2366110619695976e-14,781.3915698246997,18.943962970258024,0.0,1.3508961985424464,0.0,801.6864289935
2025-08-03T04:45:00Z,2025-08-03T05:00:00Z,2025-08-03,2025-08-03_7,-3.552713678800501e-15,29,0,71,48.58695652173913,48.58695652173913,2.269789294789209e-18,0.0,0.0,True,True,True,False,-4.2366110619695976e-14,781.3915698246997,18.943962970258024,0.0,0.0,0.0,800.3355327949577
2025-08-03T05:00:00Z,2025-08-03T05:15:00Z,2025-08-03,2025-08-03_8,25.0,75,100,0,48.58695652173913,41.688825869565214,0.019931974033816423,0.274125,0.201,True,True,True,False,163.9375,0.0,56.970159543037234,5.2590112271026195,29.69642505416585,-16.37376009454402,239.48933572976168
2025-08-03T05:15:00Z,2025-08-03T05:30:00Z,2025-08-03,2025-08-03_8,25.0,75,100,0,41.688825869565214,34.68466413043478,0.021014254830917872,0.5535,0.40650000000000003,True,True,True,False,163.9375,0.0,56.970159543037234,5.2590112271026195,59.9603922592082,-33.628126846562935,252.49893618278512
2025-08-03T05:30:00Z,2025-08-03T05:45:00Z,2025-08-03,2025-08-03_8,25.0,75,100,0,34.68466413043478,33.22931891304348,0.025319542270531403,0.0,5.5505,True,True,True,False,163.9375,0.0,56.970159543037234,5.2590112271026195,0.0,1137.2643241087258,1363.4309948788657
2025-08-03T05:45:00Z,2025-08-03T06:00:00Z,2025-08-03,2025-08-03_8,25.0,75,100,0,33.22931891304348,38.29648847826087,0.03319911231884058,0.0,12.3325,True,True,True,False,163.9375,0.0,56.970159543037234,5.2590112271026195,0.0,8524.980905062046,8751.147575832187
2025-08-03T06:00:00Z,2025-08-03T06:15:00Z,2025-08-03,2025-08-03_9,0.0,100,100,0,38.29648847826087,37.26486847826087,0.009773277777777777,2.093,1.3515,True,True,True,False,0.0,0.0,56.78550324995075,5.6135513098286385,229.84949202284815,536.9091298995469,829.1576764821745
2025-08-03T06:15:00Z,2025-08-03T06:30:00Z,2025-08-03,2025-08-03_9,0.0,100,100,0,37.26486847826087,37.18978586956522,0.002623562801932367,0.469,0.47250000000000003,True,True,True,False,0.0,0.0,56.78550324995075,5.6135513098286385,46.812980500295446,-39.08804412054363,70.12399093953121
2025-08-03T06:30:00Z,2025-08-03T06:45:00Z,2025-08-03,2025-08-03_9,0.0,100,100,0,37.18978586956522,40.93878586956522,0.01041388888888889,0.0,4.075,True,True,True,False,0.0,0.0,56.78550324995075,5.6135513098286385,0.0,893.2637581248769,955.6628126846563
2025-08-03T06:45:00Z,2025-08-03T07:00:00Z,2025-08-03,2025-08-03_9,0.0,100,100,0,40.93878586956522,48.86596586956522,0.022019944444444446,0.0,8.6165,True,True,True,False,0.0,0.0,56.78550324995075,5.6135513098286385,0.0,4704.244109808943,4766.643164368722
2025-08-03T07:00:00Z,2025-08-03T07:15:00Z,2025-08-03,2025-08-03_10,-28.916858240213504,29,0,71,48.86596586956522,54.2854545315615,0.015077295373775581,1.3377700000000001,0.0,True,True,True,False,-0.0,781.3915698246997,16.46779594248572,0.0,177.44648195194014,0.0,975.3058477191255
2025-08-03T07:15:00Z,2025-08-03T07:30:00Z,2025-08-03,2025-08-03_10,-28.916858240213504,29,0,71,54.2854545315615,59.14330393607588,0.013527749746868808,1.9479299999999997,0.0,True,True,True,False,-0.0,781.3915698246997,16.46779594248572,0.0,280.3135344120543,0.0,1078.1729001792396
2025-08-03T07:30:00Z,2025-08-03T07:45:00Z,2025-08-03,2025-08-03_10,-28.916858240213504,29,0,71,59.14330393607588,65.66111233424574,0.018107526116127256,0.144565,0.0,True,True,True,False,-0.0,781.3915698246997,16.46779594248572,0.0,14.506216464447508,0.0,812.3655822316329
2025-08-03T07:45:00Z,2025-08-03T08:00:00Z,2025-08-03,2025-08-03_10,-28.916858240213504,29,0,71,65.66111233424574,72.28943339999996,0.018412427204311386,0.024505000000000002,0.0,True,True,True,False,-0.0,781.3915698246997,16.46779594248572,0.0,2.195564981288163,0.0,800.0549307484736
2025-08-03T08:00:00Z,2025-08-03T08:15:00Z,2025-08-03,2025-08-03_11,0.0,29,29,71,72.28943339999996,72.71924819999997,0.00119393,0.0,0.46719,True,True,True,False,0.0,781.3915698246997,16.699133346464446,1.799290919834548,0.0,-16.364993027378375,783.5250010636203
2025-08-03T08:15:00Z,2025-08-03T08:30:00Z,2025-08-03,2025-08-03_11,0.0,29,29,71,72.71924819999997,73.60635819999997,0.0024641944444444446,0.0,0.96425,True,True,True,False,0.0,781.3915698246997,16.699133346464446,1.799290919834548,0.0,2.487069873941304,802.37706396494
2025-08-03T08:30:00Z,2025-08-03T08:45:00Z,2025-08-03,2025-08-03_11,0.0,29,29,71,73.60635819999997,74.32458379999997,0.0019950711111111114,0.0,0.78068,True,True,True,False,0.0,781.3915698246997,16.699133346464446,1.799290919834548,0.0,-19.92586904077211,779.9641250502266
2025-08-03T08:45:00Z,2025-08-03T09:00:00Z,2025-08-03,2025-08-03_11,0.0,29,29,71,74.32458379999997,75.50037139999998,0.003266076666666667,0.0,1.27803,True,True,True,False,0.0,781.3915698246997,16.699133346464446,1.799290919834548,0.0,368.51241120543625,1168.4024052964348
2025-08-03T09:00:00Z,2025-08-03T09:15:00Z,2025-08-03,2025-08-03_12,0.0,100,100,0,75.50037139999998,81.39000357391302,0.016384243961352657,0.004,6.406499999999999,True,True,True,False,0.0,0.0,57.5832184360843,5.909001378766988,0.35454008272601933,5216.983175891274,5280.829935788852
2025-08-03T09:15:00Z,2025-08-03T09:30:00Z,2025-08-03,2025-08-03_12,0.0,100,100,0,81.39000357391302,85.36854357391302,0.011051499999999999,0.0,4.3245,True,True,True,False,0.0,0.0,57.5832184360843,5.909001378766988,0.0,2419.6672040575145,2483.1594238723656
2025-08-03T09:30:00Z,2025-08-03T09:45:00Z,2025-08-03,2025-08-03_12,0.0,100,100,0,85.36854357391302,86.6275227043478,0.0035152801932367157,0.003,1.372,True,True,True,False,0.0,0.0,57.5832184360843,5.909001378766988,0.2659050620445145,-56.05283435099469,7.705290525901118
2025-08-03T09:45:00Z,2025-08-03T10:00:00Z,2025-08-03,2025-08-03_12,0.0,100,100,0,86.6275227043478,86.76495226956519,0.000668584541062802,0.0475,0.2055,True,True,True,False,0.0,0.0,57.5832184360843,5.909001378766988,4.210163482371479,-11.05870908016545,56.64367421705732
2025-08-03T10:00:00Z,2025-08-03T10:15:00Z,2025-08-03,2025-08-03_13,-29.0,29,0,71,86.76495226956519,93.42027826956519,0.018487016666666665,0.015950000000000002,0.0,True,True,True,False,21.75,781.3915698246997,16.699133346464446,0.0,1.4137285798700021,0.0,821.2544317510341
2025-08-03T10:15:00Z,2025-08-03T10:30:00Z,2025-08-03,2025-08-03_13,-29.0,29,0,71,93.42027826956519,100.08560926956518,0.018514808333333334,0.0050750000000000005,0.0,True,True,True,False,21.75,781.3915698246997,16.699133346464446,0.0,0.44982272995863704,0.0,820.2905259011228
2025-08-03T10:30:00Z,2025-08-03T10:45:00Z,2025-08-03,2025-08-03_13,-29.0,29,0,71,100.08560926956518,106.73706666956518,0.018476270555555556,0.020155000000000003,0.0,True,True,True,False,21.75,781.3915698246997,16.699133346464446,0.0,1.78643884183573,0.0,821.6271420129998
2025-08-03T10:45:00Z,2025-08-03T11:00:00Z,2025-08-03,2025-08-03_13,-29.0,29,0,71,106.73706666956518,113.39986306956519,0.01850776777777778,0.00783,0.0,True,True,True,False,21.75,781.3915698246997,16.699133346464446,0.0,0.6940122119361828,0.0,820.5347153831003
2025-08-03T11:00:00Z,2025-08-03T11:15:00Z,2025-08-03,2025-08-03_14,-15.0,29,14,71,113.39986306956519,117.51724026956519,0.011437158888888889,0.0,0.72541,True,True,True,False,37.125,781.3915698246997,16.699133346464446,0.8272601930273784,0.0,177.70687538900924,1013.7498387532007
2025-08-03T11:15:00Z,2025-08-03T11:30:00Z,2025-08-03,2025-08-03_14,-15.0,29,14,71,117.51724026956519,121.70088506956519,0.011621235555555557,0.0,0.7974399999999999,True,True,True,False,37.125,781.3915698246997,16.699133346464446,0.8272601930273784,0.0,65.67249030529841,901.7154536694899
2025-08-03T11:30:00Z,2025-08-03T11:45:00Z,2025-08-03,2025-08-03_14,-15.0,29,14,71,121.70088506956519,125.42046346956518,0.010332162222222222,0.0,0.29302,True,True,True,False,37.125,781.3915698246997,16.699133346464446,0.8272601930273784,0.0,-8.89858511325586,827.1443782509357
2025-08-03T11:45:00Z,2025-08-03T12:00:00Z,2025-08-03,2025-08-03_14,-15.0,29,14,71,125.42046346956518,129.0124010695652,0.009977604444444444,0.0,0.15428,True,True,True,False,37.125,781.3915698246997,16.699133346464446,0.8272601930273784,0.0,-6.339823147528068,829.7031402166634
2025-08-03T12:00:00Z,2025-08-03T12:15:00Z,2025-08-03,2025-08-03_15,-29.0,29,0,71,129.0124010695652,135.6787992695652,0.018517772777777775,0.003915,0.0,True,True,True,False,73.08,781.3915698246997,16.699133346464446,0.0,0.3470061059680914,0.0,871.5177092771322
2025-08-03T12:15:00Z,2025-08-03T12:30:00Z,2025-08-03,2025-08-03_15,-29.0,29,0,71,135.6787992695652,142.3242536695652,0.01845959555555556,0.026680000000000002,0.0,True,True,True,False,73.08,781.3915698246997,16.699133346464446,0.0,2.364782351782549,0.0,873.5354855229467
2025-08-03T12:30:00Z,2025-08-03T12:45:00Z,2025-08-03,2025-08-03_15,-29.0,29,0,71,142.3242536695652,148.97130886956518,0.018464042222222223,0.02494,0.0,True,True,True,False,73.08,781.3915698246997,16.699133346464446,0.0,2.2105574157967305,0.0,873.3812605869608
2025-08-03T12:45:00Z,2025-08-03T13:00:00Z,2025-08-03,2025-08-03_15,-29.0,29,0,71,148.97130886956518,155.6413088695652,0.01852777777777778,0.0,0.0,True,True,True,False,73.08,781.3915698246997,16.699133346464446,0.0,0.0,0.0,871.1707031711641
2025-08-03T13:00:00Z,2025-08-03T13:15:00Z,2025-08-03,2025-08-03_16,0.0,100,100,0,155.6413088695652,161.7790888695652,0.017049388888888888,0.0,6.6715,True,True,True,False,0.0,0.0,57.5832184360843,5.6135513098286385,0.0,511.6148250935592,574.8115948394721
2025-08-03T13:15:00Z,2025-08-03T13:30:00Z,2025-08-03,2025-08-03_16,0.0,100,100,0,161.7790888695652,171.3769888695652,0.02666083333333333,0.0,10.4325,True,True,True,False,0.0,0.0,57.5832184360843,5.6135513098286385,0.0,6875.4449098877285,6938.641679633642
2025-08-03T13:30:00Z,2025-08-03T13:45:00Z,2025-08-03,2025-08-03_16,0.0,100,100,0,171.3769888695652,174.84008713043477,0.00979483816425121,0.029,3.7985000000000007,True,True,True,False,0.0,0.0,57.5832184360843,5.6135513098286385,2.57041559976364,136.8889020090605,202.65608735473708
2025-08-03T13:45:00Z,2025-08-03T14:00:00Z,2025-08-03,2025-08-03_16,0.0,100,100,0,174.84008713043477,172.48356539130432,0.006545893719806763,2.168,0.0,True,True,True,False,0.0,0.0,57.5832184360843,5.6135513098286385,218.91931928304118,0.0,282.1160890289541
2025-08-03T14:00:00Z,2025-08-03T14:15:00Z,2025-08-03,2025-08-03_17,-39.99999999999985,100,60,0,172.48356539130432,184.01482626086948,0.034221497584540975,0.6045,3.2042999999999995,True,True,True,False,-0.0,0.0,56.78550324995075,3.7226708686232026,62.45567313374039,1498.5804853850696,1621.5443326373838
2025-08-03T14:15:00Z,2025-08-03T14:30:00Z,2025-08-03,2025-08-03_17,-39.99999999999985,100,60,0,184.01482626086948,189.16389582608684,0.028937028985507186,4.039,0.0756,True,True,True,False,-0.0,0.0,56.78550324995075,3.7226708686232026,521.8464372661019,-4.167083316919441,578.1875280677565
2025-08-03T14:30:00Z,2025-08-03T14:45:00Z,2025-08-03,2025-08-03_17,-39.99999999999985,100,60,0,189.16389582608684,189.99999999999986,0.032027221739130404,8.1985,0.0,True,True,True,False,-0.0,0.0,56.78550324995075,3.7226708686232026,998.9493571991333,0.0,1059.4575313177072
2025-08-03T14:45:00Z,2025-08-03T15:00:00Z,2025-08-03,2025-08-03_17,-39.99999999999985,100,60,0,189.99999999999986,186.60544295652156,0.03530074734299518,12.3455,0.0,True,True,True,False,-0.0,0.0,56.78550324995075,3.7226708686232026,2266.5238893047076,0.0,2327.0320634232817
2025-08-03T15:00:00Z,2025-08-03T15:15:00Z,2025-08-03,2025-08-03_18,-3.0,100,97,0,186.60544295652156,189.75670897391288,0.01317884884057971,0.7555,3.5637800000000004,True,True,True,False,-63.0,0.0,57.110498325782935,5.731731337403978,71.23292091786487,1562.2068642623597,1633.2820148434114
2025-08-03T15:15:00Z,2025-08-03T15:30:00Z,2025-08-03,2025-08-03_18,-3.0,100,97,0,189.75670897391288,184.4110630260868,0.017826979855072464,5.5785,0.0,True,True,True,False,-63.0,0.0,57.110498325782935,5.731731337403978,747.8728067756548,0.0,747.7150364388417
2025-08-03T15:30:00Z,2025-08-03T15:45:00Z,2025-08-03,2025-08-03_18,-3.0,100,97,0,184.4110630260868,182.81869408695636,0.007933123719806763,2.1095,0.0,True,True,True,False,-63.0,0.0,57.110498325782935,5.731731337403978,253.30204549931062,0.0,253.14427516249754
2025-08-03T15:45:00Z,2025-08-03T16:00:00Z,2025-08-03,2025-08-03_18,-3.0,100,97,0,182.81869408695636,169.97677262608678,0.03758759739130434,12.506999999999998,0.0,True,True,True,False,-63.0,0.0,57.110498325782935,5.731731337403978,9625.775934410083,0.0,9625.61816407327
2025-08-03T16:00:00Z,2025-08-03T16:15:00Z,2025-08-03,2025-08-03_19,0.0,100,100,0,169.97677262608678,160.81318566956506,0.025454408212560384,8.4305,0.0,True,True,True,False,0.0,0.0,79.77151861335435,5.6135513098286385,1333.986725526886,0.0,1419.371795450069
2025-08-03T16:15:00Z,2025-08-03T16:30:00Z,2025-08-03,2025-08-03_19,0.0,100,100,0,160.81318566956506,160.47075523478244,0.001002306763285024,0.3235,0.01,True,True,True,False,0.0,0.0,79.77151861335435,5.6135513098286385,43.82536123695096,-0.7681701792397085,128.44226098089425
2025-08-03T16:30:00Z,2025-08-03T16:45:00Z,2025-08-03,2025-08-03_19,0.0,100,100,0,160.47075523478244,158.15988566956506,0.006419082125603864,2.126,0.0,True,True,True,False,0.0,0.0,79.77151861335435,5.6135513098286385,293.0328989560764,0.0,378.4179688792594
2025-08-03T16:45:00Z,2025-08-03T17:00:00Z,2025-08-03,2025-08-03_19,0.0,100,100,0,158.15988566956506,144.7696682782607,0.037195048309178746,12.319,0.0,True,True,True,False,0.0,0.0,79.77151861335435,5.6135513098286385,8111.764261965729,0.0,8197.149331888912
2025-08-03T17:00:00Z,2025-08-03T17:15:00Z,2025-08-03,2025-08-03_20,0.0,100,100,0,144.7696682782607,140.80771175652157,0.011005434782608696,3.6450000000000005,0.0,True,True,True,False,0.0,0.0,88.36911561946032,5.761276344297813,832.2381455584007,0.0,926.3685375221588
2025-08-03T17:15:00Z,2025-08-03T17:30:00Z,2025-08-03,2025-08-03_20,0.0,100,100,0,140.80771175652157,140.75278132173895,0.000203695652173913,0.05899999999999999,0.01,True,True,True,False,0.0,0.0,88.36911561946032,5.761276344297813,8.134725231435885,-0.7681701792397085,101.4969470159543
2025-08-03T17:30:00Z,2025-08-03T17:45:00Z,2025-08-03,2025-08-03_20,0.0,100,100,0,140.75278132173895,131.69245523478241,0.025167572463768117,8.3355,0.0,True,True,True,False,0.0,0.0,88.36911561946032,5.761276344297813,3936.122594051605,0.0,4030.252986015363
2025-08-03T17:45:00Z,2025-08-03T18:00:00Z,2025-08-03,2025-08-03_20,0.0,100,100,0,131.69245523478241,113.18158566956502,0.051419082125603865,17.03,0.0,True,True,True,False,0.0,0.0,88.36911561946032,5.761276344297813,19451.52377585188,0.0,19545.65416781564
2025-08-03T18:00:00Z,2025-08-03T18:15:00Z,2025-08-03,2025-08-03_21,62.0,0,62,38,113.18158566956502,96.34353132173894,0.0467723731884058,0.0,0.00899,True,True,True,False,2439.7000000000003,353.65373251920425,0.0,1.5387039590309235,0.0,-0.724228875320071,2794.1682076029156
2025-08-03T18:15:00Z,2025-08-03T18:30:00Z,2025-08-03,2025-08-03_21,62.0,0,62,38,96.34353132173894,79.53917262608675,0.04667877415458937,0.0,0.039990000000000005,True,True,True,False,2439.7000000000003,353.65373251920425,0.0,1.5387039590309235,0.0,-3.2215698246996265,2791.670866653536
2025-08-03T18:30:00Z,2025-08-03T18:45:00Z,2025-08-03,2025-08-03_21,62.0,0,62,38,79.53917262608675,62.69606393043459,0.04678641304347826,0.0,0.00434,True,True,True,False,2439.7000000000003,353.65373251920425,0.0,1.5387039590309235,0.0,-0.3496277329131377,2794.5428087453224
2025-08-03T18:45:00Z,2025-08-03T19:00:00Z,2025-08-03,2025-08-03_21,62.0,0,62,38,62.69606393043459,45.894400886956326,0.04667128623188406,0.0,0.04247,True,True,True,False,2439.7000000000003,353.65373251920425,0.0,1.5387039590309235,0.0,-3.4213571006499905,2791.4710793775853
2025-08-03T19:00:00Z,2025-08-03T19:15:00Z,2025-08-03,2025-08-03_22,0.0,47,47,53,45.894400886956326,40.35964001739111,0.015374335748792269,5.0919799999999995,0.0,True,True,True,False,0.0,493.2538900925743,38.13137679732125,1.5274768564112666,1111.1318177545795,0.0,1644.0445615008864
2025-08-03T19:15:00Z,2025-08-03T19:30:00Z,2025-08-03,2025-08-03_22,0.0,47,47,53,40.35964001739111,39.676060165217194,0.0023300318115942026,0.7003,0.084365,True,True,True,False,0.0,493.2538900925743,38.13137679732125,1.5274768564112666,107.9895152846169,-6.979180618475477,633.9230784124483
2025-08-03T19:30:00Z,2025-08-03T19:45:00Z,2025-08-03,2025-08-03_22,0.0,47,47,53,39.676060165217194,39.802014443478065,0.0005017147826086956,0.025145,0.16661499999999999,True,True,True,False,0.0,493.2538900925743,38.13137679732125,1.5274768564112666,3.466909592278905,-13.783395706125663,522.59625763246
2025-08-03T19:45:00Z,2025-08-03T20:00:00Z,2025-08-03,2025-08-03_22,0.0,47,47,53,39.802014443478065,43.10187504347807,0.009166279444444444,0.0,3.5868049999999996,True,True,True,False,0.0,493.2538900925743,38.13137679732125,1.5274768564112666,0.0,692.6539398345479,1225.5666835808547
2025-08-03T20:00:00Z,2025-08-03T20:15:00Z,2025-08-03,2025-08-03_23,43.744594835933334,56,100,0,43.10187504347807,29.701004137223418,0.038791666970110855,1.8905599999999998,0.545,True,True,True,False,1257.0009326105444,0.0,34.016939137285796,5.31810124089029,295.8657510183179,-38.22385463856608,1553.9778693684723
2025-08-03T20:15:00Z,2025-08-03T20:30:00Z,2025-08-03,2025-08-03_23,43.744594835933334,56,100,0,29.701004137223418,18.173168534514687,0.035916327262588144,0.9069200000000001,1.3545,True,True,True,False,1257.0009326105444,0.0,34.016939137285796,5.31810124089029,125.043135710065,-105.33298463659644,1316.046124062189
2025-08-03T20:30:00Z,2025-08-03T20:45:00Z,2025-08-03,2025-08-03_23,43.744594835933334,56,100,0,18.173168534514687,10.005460919984401,0.03345742395362028,0.0,3.7454999999999994,True,True,True,False,1257.0009326105444,0.0,34.016939137285796,5.31810124089029,0.0,-234.69611374827653,1061.639859240444
2025-08-03T20:45:00Z,2025-08-03T21:00:00Z,2025-08-03,2025-08-03_23,43.744594835933334,56,100,0,10.005460919984401,9.999999999999847,0.0344178497202356,0.0,11.965,True,True,True,False,1257.0009326105444,0.0,34.016939137285796,5.31810124089029,0.0,3630.9238339570616,4927.259806945782
2025-08-03T21:00:00Z,2025-08-03T21:15:00Z,2025-08-04,2025-08-03_24,0.0,100,100,0,9.999999999999847,13.311079999999848,0.009197444444444446,0.0,3.599,True,True,True,False,0.0,0.0,62.694504628717745,5.997636399448492,0.0,-183.41785660823322,-114.72571558006699
2025-08-03T21:15:00Z,2025-08-03T21:30:00Z,2025-08-04,2025-08-03_24,0.0,100,100,0,13.311079999999848,18.573479999999847,0.014617777777777778,0.0,5.72,True,True,True,False,0.0,0.0,62.694504628717745,5.997636399448492,0.0,-275.4579397281859,-206.76579870001967
2025-08-03T21:30:00Z,2025-08-03T21:45:00Z,2025-08-04,2025-08-03_24,0.0,100,100,0,18.573479999999847,23.217639999999847,0.012900444444444445,0.0,5.048,True,True,True,False,0.0,0.0,62.694504628717745,5.997636399448492,0.0,-282.38971361039984,-213.6975725822336
2025-08-03T21:45:00Z,2025-08-03T22:00:00Z,2025-08-04,2025-08-03_24,0.0,100,100,0,23.217639999999847,36.176759999999845,0.03599755555555556,0.0,14.086000000000002,True,True,True,False,0.0,0.0,62.694504628717745,5.997636399448492,0.0,2118.2991246799293,2186.9912657080954
2025-08-03T22:00:00Z,2025-08-03T22:15:00Z,2025-08-04,2025-08-04_1,1.9308226515220114e-14,52,52,48,36.176759999999845,40.610571199999846,0.012316142222222229,0.0,4.8193600000000005,True,True,True,False,4.071139560734161e-13,528.2647232617687,32.60114240693323,2.995863699034863,0.0,323.22176469568643,887.0834940634237
2025-08-03T22:15:00Z,2025-08-03T22:30:00Z,2025-08-04,2025-08-04_1,1.9308226515220114e-14,52,52,48,40.610571199999846,46.77403759999984,0.017120740000000002,0.0,6.69942,True,True,True,False,4.071139560734161e-13,528.2647232617687,32.60114240693323,2.995863699034863,0.0,-239.3568038644869,324.5049255032503
2025-08-03T22:30:00Z,2025-08-03T22:45:00Z,2025-08-04,2025-08-04_1,1.9308226515220114e-14,52,52,48,46.77403759999984,50.31491519999984,0.009835771111111117,0.0,3.8487799999999996,True,True,True,False,4.071139560734161e-13,528.2647232617687,32.60114240693323,2.995863699034863,0.0,-142.8354503171164,421.0262790506208
2025-08-03T22:45:00Z,2025-08-03T23:00:00Z,2025-08-04,2025-08-04_1,1.9308226515220114e-14,52,52,48,50.31491519999984,52.24119279999983,0.005350771111111122,0.0,2.09378,True,True,True,False,4.071139560734161e-13,528.2647232617687,32.60114240693323,2.995863699034863,0.0,-80.06924848532599,483.7924808824112
2025-08-03T23:00:00Z,2025-08-03T23:15:00Z,2025-08-04,2025-08-04_2,-29.0,29,0,71,52.24119279999983,58.90652379999983,0.018514808333333334,0.0050750000000000005,0.0,True,True,True,False,-508.00749999999994,781.3915698246997,18.181406342328145,0.0,0.6057612763442979,0.0,292.1712374433722
2025-08-03T23:15:00Z,2025-08-03T23:30:00Z,2025-08-04,2025-08-04_2,-29.0,29,0,71,58.90652379999983,65.30959039999983,0.017786296111111113,0.290145,0.0,True,True,True,False,-508.00749999999994,781.3915698246997,18.181406342328145,0.0,34.632237541855424,0.0,326.1977137088833
2025-08-03T23:30:00Z,2025-08-03T23:45:00Z,2025-08-04,2025-08-04_2,-29.0,29,0,71,65.30959039999983,71.92502979999983,0.018376220555555555,0.059305,0.0,True,True,True,False,-508.00749999999994,781.3915698246997,18.181406342328145,0.0,7.07875320070908,0.0,298.64422936773695
2025-08-03T23:45:00Z,2025-08-04T00:00:00Z,2025-08-04,2025-08-04_2,-29.0,29,0,71,71.92502979999983,78.59502979999982,0.01852777777777778,0.0,0.0,True,True,True,False,-508.00749999999994,781.3915698246997,18.181406342328145,0.0,0.0,0.0,291.5654761670279
2025-08-04T00:00:00Z,2025-08-04T00:15:00Z,2025-08-04,2025-08-04_3,-29.0,29,0,71,78.59502979999982,85.26502979999982,0.01852777777777778,0.0,0.0,True,True,True,False,-507.28249999999997,781.3915698246997,16.450659838487294,0.0,0.0,0.0,290.559729663187
2025-08-04T00:15:00Z,2025-08-04T00:30:00Z,2025-08-04,2025-08-04_3,-29.0,29,0,71,85.26502979999982,91.93156139999982,0.018518143333333334,0.0037699999999999995,0.0,True,True,True,False,-507.28249999999997,781.3915698246997,16.450659838487294,0.0,0.4269745912940712,0.0,290.9867042544811
2025-08-04T00:30:00Z,2025-08-04T00:45:00Z,2025-08-04,2025-08-04_3,-29.0,29,0,71,91.93156139999982,98.59782619999982,0.018517402222222222,0.00406,0.0,True,True,True,False,-507.28249999999997,781.3915698246997,16.450659838487294,0.0,0.4598187906243845,0.0,291.01954845381135
2025-08-04T00:45:00Z,2025-08-04T01:00:00Z,2025-08-04,2025-08-04_3,-29.0,29,0,71,98.59782619999982,105.2434139999998,0.018459966111111108,0.026535,0.0,True,True,True,False,-507.28249999999997,781.3915698246997,16.450659838487294,0.0,3.0052442387236558,0.0,293.56497390191066
2025-08-04T01:00:00Z,2025-08-04T01:15:00Z,2025-08-04,2025-08-04_4,-29.0,29,0,71,105.2434139999998,111.23907699999981,0.016654619444444446,0.7329749999999999,0.0,True,True,True,False,-503.65749999999997,781.3915698246997,16.450659838487294,0.0,83.51858155899151,0.0,377.7033112221785
2025-08-04T01:15:00Z,2025-08-04T01:30:00Z,2025-08-04,2025-08-04_4,-29.0,29,0,71,111.23907699999981,117.82196679999981,0.018285805000000002,0.094685,0.0,True,True,True,False,-503.65749999999997,781.3915698246997,16.450659838487294,0.0,10.182787078983653,0.0,304.36751674217066
2025-08-04T01:30:00Z,2025-08-04T01:45:00Z,2025-08-04,2025-08-04_4,-29.0,29,0,71,117.82196679999981,124.44821159999982,0.018406235555555556,0.04756,0.0,True,True,True,False,-503.65749999999997,781.3915698246997,16.450659838487294,0.0,5.114784321449675,0.0,299.2995139846367
2025-08-04T01:45:00Z,2025-08-04T02:00:00Z,2025-08-04,2025-08-04_4,-29.0,29,0,71,124.44821159999982,131.11821159999982,0.018527777777777782,0.0,0.0,True,True,True,False,-503.65749999999997,781.3915698246997,16.450659838487294,0.0,0.0,0.0,294.184729663187
2025-08-04T02:00:00Z,2025-08-04T02:15:00Z,2025-08-04,2025-08-04_5,0.0,29,29,71,131.11821159999982,133.25261159999982,0.005928888888888888,0.0,2.32,True,True,True,False,0.0,781.3915698246997,16.450659838487294,6.4260389994091,0.0,-59.120929682883585,745.1473389797125
2025-08-04T02:15:00Z,2025-08-04T02:30:00Z,2025-08-04,2025-08-04_5,0.0,29,29,71,133.25261159999982,136.44007119999984,0.008854054444444445,0.0,3.4646299999999997,True,True,True,False,0.0,781.3915698246997,16.450659838487294,6.4260389994091,0.0,-80.52518022454205,723.743088438054
2025-08-04T02:30:00Z,2025-08-04T02:45:00Z,2025-08-04,2025-08-04_5,0.0,29,29,71,136.44007119999984,138.30553679999983,0.005181848888888888,0.0,2.0276799999999997,True,True,True,False,0.0,781.3915698246997,16.450659838487294,6.4260389994091,0.0,-61.4809989206224,742.7872697419737
2025-08-04T02:45:00Z,2025-08-04T03:00:00Z,2025-08-04,2025-08-04_5,0.0,29,29,71,138.30553679999983,138.7166513913042,0.0011428605797101452,0.000145,0.44703500000000007,True,True,True,False,0.0,781.3915698246997,16.450659838487294,6.4260389994091,0.014794169785306285,-15.608451114831594,788.6746117175497
2025-08-04T03:00:00Z,2025-08-04T03:15:00Z,2025-08-04,2025-08-04_6,0.0,29,29,71,138.7166513913042,139.8577549913042,0.0031697322222222226,0.0,1.2403300000000002,True,True,True,False,0.0,781.3915698246997,18.258518810321053,1.7136103998424266,0.0,-51.977327124286,749.3863719105772
2025-08-04T03:15:00Z,2025-08-04T03:30:00Z,2025-08-04,2025-08-04_6,0.0,29,29,71,139.8577549913042,140.1839179913042,0.0009060083333333333,0.0,0.354525,True,True,True,False,0.0,781.3915698246997,18.258518810321053,1.7136103998424266,0.0,-19.252306598384873,782.1113924364782
2025-08-04T03:30:00Z,2025-08-04T03:45:00Z,2025-08-04,2025-08-04_6,0.0,29,29,71,140.1839179913042,140.17879306086942,7.945369565217391e-05,0.015515,0.012759999999999999,True,True,True,False,0.0,781.3915698246997,18.258518810321053,1.7136103998424266,1.503521764821745,-0.980185148709868,801.887035650975
2025-08-04T03:45:00Z,2025-08-04T04:00:00Z,2025-08-04,2025-08-04_6,0.0,29,29,71,140.17879306086942,140.2388497913042,0.0002141068599033817,0.00783,0.07453000000000001,True,True,True,False,0.0,781.3915698246997,18.258518810321053,1.7136103998424266,0.7587866850502265,-4.251865302343904,797.8706204175695
2025-08-04T04:00:00Z,2025-08-04T04:15:00Z,2025-08-04,2025-08-04_7,1.0,28,29,71,140.2388497913042,141.25423046956507,0.004116093671497585,0.013019999999999999,1.4056300000000002,True,True,True,False,23.4425,781.3915698246997,22.77447311404373,0.6854441599369706,1.2181406342328145,-60.843817226708694,768.6683105062045
2025-08-04T04:15:00Z,2025-08-04T04:30:00Z,2025-08-04,2025-08-04_7,1.0,28,29,71,141.25423046956507,141.0200288347825,0.0009196089855072464,0.0119,0.05452,True,True,True,False,23.4425,781.3915698246997,22.77447311404373,0.6854441599369706,1.1133543431160133,-4.188063817214891,825.2192776245815
2025-08-04T04:30:00Z,2025-08-04T04:45:00Z,2025-08-04,2025-08-04_7,1.0,28,29,71,141.0200288347825,140.81972735652164,0.0009785707729468597,0.007139999999999999,0.08555,True,True,True,False,23.4425,781.3915698246997,22.77447311404373,0.6854441599369706,0.9247108646838683,-6.571695883395707,822.6470020799685
2025-08-04T04:45:00Z,2025-08-04T05:00:00Z,2025-08-04,2025-08-04_7,1.0,28,29,71,140.81972735652164,140.5030659999999,0.0009597571014492754,0.05516,0.01624,True,True,True,False,23.4425,781.3915698246997,22.77447311404373,0.6854441599369706,7.335236990348631,-1.2475083710852868,834.3817157179437
2025-08-04T05:00:00Z,2025-08-04T05:15:00Z,2025-08-04,2025-08-04_8,100.0,0,100,0,140.5030659999999,113.38078339130425,0.07533967391304347,0.0,0.0475,True,True,True,False,2534.75,0.0,0.0,2.3636005515067953,0.0,-3.6488083513886154,2533.464792200118
2025-08-04T05:15:00Z,2025-08-04T05:30:00Z,2025-08-04,2025-08-04_8,100.0,0,100,0,113.38078339130425,87.68621817391295,0.0713737922705314,0.0,1.361,True,True,True,False,2534.75,0.0,0.0,2.3636005515067953,0.0,-73.57254500689383,2463.541055544613
2025-08-04T05:30:00Z,2025-08-04T05:45:00Z,2025-08-04,2025-08-04_8,100.0,0,100,0,87.68621817391295,65.08676165217382,0.06277626811594203,0.0,4.2085,True,True,True,False,2534.75,0.0,0.0,2.3636005515067953,0.0,-252.4503167224739,2284.663283829033
2025-08-04T05:45:00Z,2025-08-04T06:00:00Z,2025-08-04,2025-08-04_8,100.0,0,100,0,65.08676165217382,48.85360947826078,0.04509208937198067,0.0,10.0655,True,True,True,False,2534.75,0.0,0.0,2.3636005515067953,0.0,2751.121016840654,5288.2346173921605
2025-08-04T06:00:00Z,2025-08-04T06:15:00Z,2025-08-04,2025-08-04_9,1.5998636166101008,27,29,71,48.85360947826078,50.85986767807451,0.007113049700218676,0.0,2.6269649999999998,True,True,True,False,35.2889917233773,781.3915698246997,15.419834547961392,1.627929879850305,0.0,457.96118342919044,1291.6895094050792
2025-08-04T06:15:00Z,2025-08-04T06:30:00Z,2025-08-04,2025-08-04_9,1.5998636166101008,27,29,71,50.85986767807451,50.57791248758307,0.0016542896427001687,0.013635000000000001,0.18037999999999998,True,True,True,False,35.2889917233773,781.3915698246997,15.419834547961392,1.627929879850305,1.874577506401418,-14.531301949970455,821.0716015323196
2025-08-04T06:30:00Z,2025-08-04T06:45:00Z,2025-08-04,2025-08-04_9,1.5998636166101008,27,29,71,50.57791248758307,50.14549910361089,0.0013047816935327916,0.0162,0.02146,True,True,True,False,35.2889917233773,781.3915698246997,15.419834547961392,1.627929879850305,2.227220799684853,-1.7149232538900927,834.2406235216835
2025-08-04T06:45:00Z,2025-08-04T07:00:00Z,2025-08-04,2025-08-04_9,1.5998636166101008,27,29,71,50.14549910361089,49.70824454782608,0.001283918333341121,0.014580000000000001,0.014355,True,True,True,False,35.2889917233773,781.3915698246997,15.419834547961392,1.627929879850305,2.0044987197163677,-1.1195288349418948,834.6132958606631
2025-08-04T07:00:00Z,2025-08-04T07:15:00Z,2025-08-04,2025-08-04_10,0.0,29,29,71,49.70824454782608,49.26399455652173,0.0012421799758454105,0.41006,0.0015949999999999998,True,True,True,False,0.0,781.3915698246997,16.56204451447705,1.799290919834548,49.591656490053175,-0.1225231435887335,849.2220386054757
2025-08-04T07:15:00Z,2025-08-04T07:30:00Z,2025-08-04,2025-08-04_10,0.0,29,29,71,49.26399455652173,48.61995700869564,0.0017904754106280191,0.59276,0.00029,True,True,True,False,0.0,781.3915698246997,16.56204451447705,1.799290919834548,71.68694898562143,-0.02227693519795155,871.4175773094347
2025-08-04T07:30:00Z,2025-08-04T07:45:00Z,2025-08-04,2025-08-04_10,0.0,29,29,71,48.61995700869564,48.58695652173912,9.833801932367148e-05,0.031465,0.001305,True,True,True,False,0.0,781.3915698246997,16.56204451447705,1.799290919834548,3.805300374236754,-0.10024620839078195,803.4579594248572
2025-08-04T07:45:00Z,2025-08-04T08:00:00Z,2025-08-04,2025-08-04_10,0.0,29,29,71,48.58695652173912,48.81601768695651,0.0006599223188405798,0.003915,0.253605,True,True,True,False,0.0,781.3915698246997,16.56204451447705,1.799290919834548,0.47347055347646244,-10.882986281268467,789.3433895312193
2025-08-04T08:00:00Z,2025-08-04T08:15:00Z,2025-08-04,2025-08-04_11,0.930507483666652,28,29,71,48.81601768695651,49.435043053459026,0.0029417050203109085,0.0,0.94221,True,True,True,False,14.671776748713937,781.3915698246997,16.412842229663188,1.799290919834548,0.0,-35.261146781563916,779.0143329413474
2025-08-04T08:15:00Z,2025-08-04T08:30:00Z,2025-08-04,2025-08-04_11,0.930507483666652,28,29,71,49.435043053459026,49.709770824383305,0.0020574146643293693,0.0,0.57014,True,True,True,False,14.671776748713937,781.3915698246997,16.412842229663188,1.799290919834548,0.0,-21.465091593460706,792.8103881294506
2025-08-04T08:30:00Z,2025-08-04T08:45:00Z,2025-08-04,2025-08-04_11,0.930507483666652,28,29,71,49.709770824383305,49.24456307285739,0.0014830539266996769,0.2282,0.03857,True,True,True,False,14.671776748713937,781.3915698246997,16.412842229663188,1.799290919834548,25.620248178057906,-1.8633480756352176,838.032379825334
2025-08-04T08:45:00Z,2025-08-04T09:00:00Z,2025-08-04,2025-08-04_11,0.930507483666652,28,29,71,49.24456307285739,49.00461174782195,0.001990008030576901,0.21588,0.267525,True,True,True,False,14.671776748713937,781.3915698246997,16.412842229663188,1.799290919834548,24.23706913531613,-10.109251772700414,828.403297085527
2025-08-04T09:00:00Z,2025-08-04T09:15:00Z,2025-08-04,2025-08-04_12,0.0,29,29,71,49.00461174782195,49.27301254782195,0.0007455577777777777,0.0,0.29174,True,True,True,False,0.0,781.3915698246997,16.99901516643687,1.7136103998424266,0.0,-11.926919621823911,788.177275769155
2025-08-04T09:15:00Z,2025-08-04T09:30:00Z,2025-08-04,2025-08-04_12,0.0,29,29,71,49.27301254782195,49.68530504347412,0.0011759030676328503,0.0050750000000000005,0.45414,True,True,True,False,0.0,781.3915698246997,16.99901516643687,1.7136103998424266,0.5048010636202482,-17.595890001969668,783.0131064526296
2025-08-04T09:30:00Z,2025-08-04T09:45:00Z,2025-08-04,2025-08-04_12,0.0,29,29,71,49.68530504347412,49.723907826082815,0.0003707867149758454,0.043645,0.093525,True,True,True,False,0.0,781.3915698246997,16.99901516643687,1.7136103998424266,4.341289147134135,-4.686915939531219,799.7585685985819
2025-08-04T09:45:00Z,2025-08-04T10:00:00Z,2025-08-04,2025-08-04_12,0.0,29,29,71,49.723907826082815,48.58695652173499,0.003880781400966184,1.165655,0.141375,True,True,True,False,0.0,781.3915698246997,16.99901516643687,1.7136103998424266,131.1966858440024,-8.00574574059484,923.2951354943865
2025-08-04T10:00:00Z,2025-08-04T10:15:00Z,2025-08-04,2025-08-04_13,-28.86604705755995,29,0,71,48.58695652173499,55.226147344973775,0.018442196731218857,0.0,0.0,True,True,True,False,-106.15488805417672,781.3915698246997,16.99901516643687,0.0,0.0,0.0,692.2356969369598
2025-08-04T10:15:00Z,2025-08-04T10:30:00Z,2025-08-04,2025-08-04_13,-28.86604705755995,29,0,71,55.226147344973775,61.86093227810021,0.0184300916151791,0.004785,0.0,True,True,True,False,-106.15488805417672,781.3915698246997,16.99901516643687,0.0,0.30630785897183377,0.0,692.5420047959317
2025-08-04T10:30:00Z,2025-08-04T10:45:00Z,2025-08-04,2025-08-04_13,-28.86604705755995,29,0,71,61.86093227810021,67.9164094173618,0.016838452266799954,0.6339400000000001,0.0,True,True,True,False,-106.15488805417672,781.3915698246997,16.99901516643687,0.0,40.58115028560174,0.0,732.8168472225616
2025-08-04T10:45:00Z,2025-08-04T11:00:00Z,2025-08-04,2025-08-04_13,-28.86604705755995,29,0,71,67.9164094173618,71.95759370434436,0.011304213306441319,2.8215549999999996,0.0,True,True,True,False,-106.15488805417672,781.3915698246997,16.99901516643687,0.0,233.75168785109312,0.0,925.987384788053
2025-08-04T11:00:00Z,2025-08-04T11:15:00Z,2025-08-04,2025-08-04_14,-82.0,82,0,18,71.95759370434436,77.82644850434436,0.01630237444444444,14.120810000000002,0.0,True,True,True,False,-83.02499999999999,198.09927122316327,48.06618081544219,0.0,1564.6508311108926,0.0,1727.791283149498
2025-08-04T11:15:00Z,2025-08-04T11:30:00Z,2025-08-04,2025-08-04_14,-82.0,82,0,18,77.82644850434436,91.44978090434435,0.03784259,5.692029999999999,0.0,True,True,True,False,-83.02499999999999,198.09927122316327,48.06618081544219,0.0,335.606663052984,0.0,498.7471150915895
2025-08-04T11:30:00Z,2025-08-04T11:45:00Z,2025-08-04,2025-08-04_14,-82.0,82,0,18,91.44978090434435,110.10986490434436,0.05183356666666667,0.2173,0.0,True,True,True,False,-83.02499999999999,198.09927122316327,48.06618081544219,0.0,11.599034863108134,0.0,174.7394869017136
2025-08-04T11:45:00Z,2025-08-04T12:00:00Z,2025-08-04,2025-08-04_14,-82.0,82,0,18,110.10986490434436,128.86802090434438,0.052105988888888885,0.1107,0.0,True,True,True,False,-83.02499999999999,198.09927122316327,48.06618081544219,0.0,5.9089422887532015,0.0,169.04939432735867
2025-08-04T12:00:00Z,2025-08-04T12:15:00Z,2025-08-04,2025-08-04_15,-29.0,29,0,71,128.86802090434438,134.25618030434438,0.014967109444444446,1.393305,0.0,True,True,True,False,-4.785,781.3915698246997,16.99901516643687,0.0,84.96745474591293,0.0,878.5730397370495
2025-08-04T12:15:00Z,2025-08-04T12:30:00Z,2025-08-04,2025-08-04_15,-29.0,29,0,71,134.25618030434438,140.86454950434438,0.018356581111111114,0.06699,0.0,True,True,True,False,-4.785,781.3915698246997,16.99901516643687,0.0,3.338284419933031,0.0,796.9438694110696
2025-08-04T12:30:00Z,2025-08-04T12:45:00Z,2025-08-04,2025-08-04_15,-29.0,29,0,71,140.86454950434438,147.5345495043444,0.018527777777777782,0.0,0.0,True,True,True,False,-4.785,781.3915698246997,16.99901516643687,0.0,0.0,0.0,793.6055849911365
2025-08-04T12:45:00Z,2025-08-04T13:00:00Z,2025-08-04,2025-08-04_15,-29.0,29,0,71,147.5345495043444,153.6163889043444,0.016893998333333337,0.639305,0.0,True,True,True,False,-4.785,781.3915698246997,16.99901516643687,0.0,31.858216466417176,0.0,825.4638014575537
2025-08-04T13:00:00Z,2025-08-04T13:15:00Z,2025-08-04,2025-08-04_16,0.0,29,29,71,153.6163889043444,155.58460024347482,0.00553379961352657,0.011019999999999999,2.15238,True,True,True,False,0.0,781.3915698246997,16.99901516643687,1.627929879850305,0.8300163285404765,59.933841437857005,860.7823726373844
2025-08-04T13:15:00Z,2025-08-04T13:30:00Z,2025-08-04,2025-08-04_16,0.0,29,29,71,155.58460024347482,156.6089304260835,0.0028471128260869564,0.00029,1.113745,True,True,True,False,0.0,781.3915698246997,16.99901516643687,1.627929879850305,0.014451447705337798,-16.52080676580658,783.5121595528856
2025-08-04T13:30:00Z,2025-08-04T13:45:00Z,2025-08-04,2025-08-04_16,0.0,29,29,71,156.6089304260835,157.28797399999655,0.0019089978502415462,0.0037699999999999995,0.7425450000000001,True,True,True,False,0.0,781.3915698246997,16.99901516643687,1.627929879850305,0.21765679535158555,-13.190302022848144,787.0458696434903
2025-08-04T13:45:00Z,2025-08-04T14:00:00Z,2025-08-04,2025-08-04_16,0.0,29,29,71,157.28797399999655,157.32234782608353,0.00019355048309178743,0.01624,0.05655,True,True,True,False,0.0,781.3915698246997,16.99901516643687,1.627929879850305,0.8603457474886744,-3.396742525113256,797.4821180933623
2025-08-04T14:00:00Z,2025-08-04T14:15:00Z,2025-08-04,2025-08-04_17,-0.41644530463139723,34,33,66,157.32234782608353,158.80254624614875,0.004111662277958948,0.0,1.5048,True,True,True,False,-6.86093639380227,726.363994484932,19.417569430766196,2.0474689777427617,0.0,-57.246717825487494,683.7213786741512
2025-08-04T14:15:00Z,2025-08-04T14:30:00Z,2025-08-04,2025-08-04_17,-0.41644530463139723,34,33,66,158.80254624614875,159.62350543255064,0.0023220160293322975,0.00697,0.796455,True,True,True,False,-6.86093639380227,726.363994484932,19.417569430766196,2.0474689777427617,0.5518889107740792,-14.045500396887928,727.4744850135249
2025-08-04T14:30:00Z,2025-08-04T14:45:00Z,2025-08-04,2025-08-04_17,-0.41644530463139723,34,33,66,159.62350543255064,159.63615710878653,0.0005380856685568676,0.08432,0.009075,True,True,True,False,-6.86093639380227,726.363994484932,19.417569430766196,2.0474689777427617,7.235493054953713,-0.6971144376600354,747.5064751169324
2025-08-04T14:45:00Z,2025-08-04T15:00:00Z,2025-08-04,2025-08-04_17,-0.41644530463139723,34,33,66,159.63615710878653,158.36962472533574,0.003992524467123173,1.25919,0.004125,True,True,True,False,-6.86093639380227,726.363994484932,19.417569430766196,2.0474689777427617,268.28013942485717,-0.3168701989363798,1008.9313657255595
2025-08-04T15:00:00Z,2025-08-04T15:15:00Z,2025-08-04,2025-08-04_18,-81.98124044333773,100,18,0,158.36962472533574,162.3337013389565,0.028066036323531357,15.674,0.0,True,True,True,False,-2548.5918122822613,0.0,57.110498325782935,1.063620248178058,16367.635473311007,0.0,13877.217779602706
2025-08-04T15:15:00Z,2025-08-04T15:30:00Z,2025-08-04,2025-08-04_18,-81.98124044333773,100,18,0,162.3337013389565,164.6180303348028,0.025323812680931864,17.442,0.0,True,True,True,False,-2548.5918122822613,0.0,57.110498325782935,1.063620248178058,12176.319634035848,0.0,9685.901940327547
2025-08-04T15:30:00Z,2025-08-04T15:45:00Z,2025-08-04,2025-08-04_18,-81.98124044333773,100,18,0,164.6180303348028,175.72150936571225,0.03972126232031524,8.1595,0.0,True,True,True,False,-2548.5918122822613,0.0,57.110498325782935,1.063620248178058,1774.336873448887,0.0,-716.0808202594134
2025-08-04T15:45:00Z,2025-08-04T16:00:00Z,2025-08-04,2025-08-04_18,-81.98124044333773,100,18,0,175.72150936571225,189.20067217390965,0.04359961651619761,5.659,0.0,True,True,True,False,-2548.5918122822613,0.0,57.110498325782935,1.063620248178058,780.2442387236556,0.0,-1710.1734549846446
2025-08-04T16:00:00Z,2025-08-04T16:15:00Z,2025-08-04,2025-08-04_19,0.0,100,100,0,189.20067217390965,188.9258139130401,0.004269717391304348,0.8335,0.686,True,True,True,False,0.0,0.0,83.7896395509159,5.6135513098286385,114.92022848138664,-37.35126098089423,166.97215836123695
2025-08-04T16:15:00Z,2025-08-04T16:30:00Z,2025-08-04,2025-08-04_19,0.0,100,100,0,188.9258139130401,182.25190086956184,0.018538647342995165,6.14,0.0,True,True,True,False,0.0,0.0,83.7896395509159,5.6135513098286385,1058.7527201103012,0.0,1148.1559109710458
2025-08-04T16:30:00Z,2025-08-04T16:45:00Z,2025-08-04,2025-08-04_19,0.0,100,100,0,182.25190086956184,176.51059652173575,0.01594806763285024,5.282,0.0,True,True,True,False,0.0,0.0,83.7896395509159,5.6135513098286385,2117.023935394918,0.0,2206.4271262556626
2025-08-04T16:45:00Z,2025-08-04T17:00:00Z,2025-08-04,2025-08-04_19,0.0,100,100,0,176.51059652173575,153.6008139130401,0.0636382850241546,21.077,0.0,True,True,True,False,0.0,0.0,83.7896395509159,5.6135513098286385,26917.09752511326,0.0,27006.500715974
2025-08-04T17:00:00Z,2025-08-04T17:15:00Z,2025-08-04,2025-08-04_20,33.0,0,33,67,153.6008139130401,144.9271943478227,0.024093387681159418,0.0,0.27026999999999995,True,True,True,False,1582.5149999999999,737.3695095528855,0.0,1.1992318298207603,0.0,-21.772785109316523,2299.3109562733894
2025-08-04T17:15:00Z,2025-08-04T17:30:00Z,2025-08-04,2025-08-04_20,33.0,0,33,67,144.9271943478227,135.9693084782575,0.024883016304347826,0.0,0.008745,True,True,True,False,1582.5149999999999,737.3695095528855,0.0,1.1992318298207603,0.0,-0.704491825881426,2320.3792495568246
2025-08-04T17:30:00Z,2025-08-04T17:45:00Z,2025-08-04,2025-08-04_20,33.0,0,33,67,135.9693084782575,127.0028139130401,0.02490692934782609,0.0,0.000825,True,True,True,False,1582.5149999999999,737.3695095528855,0.0,1.1992318298207603,0.0,-0.06646149300768171,2321.0172798896983
2025-08-04T17:45:00Z,2025-08-04T18:00:00Z,2025-08-04,2025-08-04_20,33.0,0,33,67,127.0028139130401,118.03542260869227,0.024909420289855072,0.0,0.0,True,True,True,False,1582.5149999999999,737.3695095528855,0.0,1.1992318298207603,0.0,0.0,2321.083741382706
2025-08-04T18:00:00Z,2025-08-04T18:15:00Z,2025-08-04,2025-08-04_21,100.0,0,100,0,118.03542260869227,90.86477043477923,0.07547403381642512,0.0,0.003,True,True,True,False,5395.25,0.0,0.0,2.3636005515067953,0.0,-0.2481780579082135,5397.365422493599
2025-08-04T18:15:00Z,2025-08-04T18:30:00Z,2025-08-04,2025-08-04_21,100.0,0,100,0,90.86477043477923,63.75661826086619,0.07530042270531401,0.0,0.0605,True,True,True,False,5395.25,0.0,0.0,2.3636005515067953,0.0,-5.0049241678156395,5392.608676383691
2025-08-04T18:30:00Z,2025-08-04T18:45:00Z,2025-08-04,2025-08-04_21,100.0,0,100,0,63.75661826086619,36.73433565217054,0.07506189613526569,0.0,0.1395,True,True,True,False,5395.25,0.0,0.0,2.3636005515067953,0.0,-11.54027969273193,5386.073320858774
2025-08-04T18:45:00Z,2025-08-04T19:00:00Z,2025-08-04,2025-08-04_21,100.0,0,100,0,36.73433565217054,17.13487913043141,0.0544429347826087,0.0,6.9685,True,True,True,False,5395.25,0.0,0.0,2.3636005515067953,0.0,-422.4610232420721,4975.1525773094345
2025-08-04T19:00:00Z,2025-08-04T19:15:00Z,2025-08-04,2025-08-04_22,0.0,100,100,0,17.13487913043141,18.63302608695315,0.009155480676328502,0.827,2.6055,True,True,True,False,0.0,0.0,76.55111286192633,5.761276344297813,114.0240299389403,-173.88132952531024,22.455089619854206
2025-08-04T19:15:00Z,2025-08-04T19:30:00Z,2025-08-04,2025-08-04_22,0.0,100,100,0,18.63302608695315,30.47894608695315,0.03290533333333333,0.0,12.875999999999998,True,True,True,False,0.0,0.0,76.55111286192633,5.761276344297813,0.0,-403.5764979318494,-321.26410872562525
2025-08-04T19:30:00Z,2025-08-04T19:45:00Z,2025-08-04,2025-08-04_22,0.0,100,100,0,30.47894608695315,50.45996608695315,0.055502833333333335,0.0,21.7185,True,True,True,False,0.0,0.0,76.55111286192633,5.761276344297813,0.0,-722.5283373054954,-640.2159480992713
2025-08-04T19:45:00Z,2025-08-04T20:00:00Z,2025-08-04,2025-08-04_22,0.0,100,100,0,50.45996608695315,64.34782608695315,0.03857738888888889,0.0,15.095500000000001,True,True,True,False,0.0,0.0,76.55111286192633,5.761276344297813,0.0,-91.91990988772898,-9.607520681504838
2025-08-04T20:00:00Z,2025-08-04T20:15:00Z,2025-08-04,2025-08-04_23,0.0,0,0,100,64.34782608695315,64.34782608695315,0.0,0.0,0.0,True,True,True,False,0.0,1100.5515067953515,0.0,0.0,0.0,0.0,1100.5515067953515
2025-08-04T20:15:00Z,2025-08-04T20:30:00Z,2025-08-04,2025-08-04_23,0.0,0,0,100,64.34782608695315,64.34782608695315,0.0,0.0,0.0,True,True,True,False,0.0,1100.5515067953515,0.0,0.0,0.0,0.0,1100.5515067953515
2025-08-04T20:30:00Z,2025-08-04T20:45:00Z,2025-08-04,2025-08-04_23,0.0,0,0,100,64.34782608695315,64.34782608695315,0.0,0.0,0.0,True,True,True,False,0.0,1100.5515067953515,0.0,0.0,0.0,0.0,1100.5515067953515
2025-08-04T20:45:00Z,2025-08-04T21:00:00Z,2025-08-04,2025-08-04_23,0.0,0,0,100,64.34782608695315,64.34782608695315,0.0,0.0,0.0,True,True,True,False,0.0,1100.5515067953515,0.0,0.0,0.0,0.0,1100.5515067953515
2025-08-04T21:00:00Z,2025-08-04T21:15:00Z,2025-08-05,2025-08-04_24,0.0,0,0,100,64.34782608695315,64.34782608695315,0.0,0.0,0.0,True,True,True,False,0.0,1101.1588033581647,0.0,0.0,0.0,0.0,1101.1588033581647
2025-08-04T21:15:00Z,2025-08-04T21:30:00Z,2025-08-05,2025-08-04_24,0.0,0,0,100,64.34782608695315,64.34782608695315,0.0,0.0,0.0,True,True,True,False,0.0,1101.1588033581647,0.0,0.0,0.0,0.0,1101.1588033581647
2025-08-04T21:30:00Z,2025-08-04T21:45:00Z,2025-08-05,2025-08-04_24,0.0,0,0,100,64.34782608695315,64.34782608695315,0.0,0.0,0.0,True,True,True,False,0.0,1101.1588033581647,0.0,0.0,0.0,0.0,1101.1588033581647
2025-08-04T21:45:00Z,2025-08-04T22:00:00Z,2025-08-05,2025-08-04_24,0.0,0,0,100,64.34782608695315,64.34782608695315,0.0,0.0,0.0,True,True,True,False,0.0,1101.1588033581647,0.0,0.0,0.0,0.0,1101.1588033581647
2025-08-04T22:00:00Z,2025-08-04T22:15:00Z,2025-08-05,2025-08-05_1,100.0,0,100,0,64.34782608695315,45.39293478260532,0.05265247584541063,0.0,7.5615000000000006,True,True,True,False,2399.75,0.0,0.0,14.514603287217689,0.0,-278.2236206692681,2136.04098261795
2025-08-04T22:15:00Z,2025-08-04T22:30:00Z,2025-08-05,2025-08-05_1,100.0,0,100,0,45.39293478260532,30.96521739130098,0.040076992753623183,0.0,11.7265,True,True,True,False,2399.75,0.0,0.0,14.514603287217689,0.0,70.73523156359623,2484.999834850814
2025-08-04T22:30:00Z,2025-08-04T22:45:00Z,2025-08-05,2025-08-05_1,100.0,0,100,0,30.96521739130098,23.838043478257504,0.019797705314009657,0.0,18.443,True,True,True,False,2399.75,0.0,0.0,14.514603287217689,0.0,1817.3308107682,4231.595414055418
2025-08-04T22:45:00Z,2025-08-04T23:00:00Z,2025-08-05,2025-08-05_1,100.0,0,100,0,23.838043478257504,23.377173913040114,0.0012801932367149738,0.0,24.576,True,True,True,False,2399.75,0.0,0.0,14.514603287217689,0.0,13478.600695282012,15892.86529856923
2025-08-04T23:00:00Z,2025-08-04T23:15:00Z,2025-08-05,2025-08-05_2,-75.99999999999994,0,0,24,23.377173913040114,40.8571739130401,0.04855555555555552,0.0,0.0,True,False,True,False,-302.6699999999998,264.27811280595955,0.0,0.0,0.0,0.0,-38.39188719404024
2025-08-04T23:15:00Z,2025-08-04T23:30:00Z,2025-08-05,2025-08-05_2,-75.99999999999994,0,0,24,40.8571739130401,58.33717391304009,0.04855555555555552,0.0,0.0,True,False,True,False,-302.6699999999998,264.27811280595955,0.0,0.0,0.0,0.0,-38.39188719404024
2025-08-04T23:30:00Z,2025-08-04T23:45:00Z,2025-08-05,2025-08-05_2,-75.99999999999994,0,0,24,58.33717391304009,75.81717391304008,0.04855555555555552,0.0,0.0,True,False,True,False,-302.6699999999998,264.27811280595955,0.0,0.0,0.0,0.0,-38.39188719404024
2025-08-04T23:45:00Z,2025-08-05T00:00:00Z,2025-08-05,2025-08-05_2,-75.99999999999994,0,0,24,75.81717391304008,93.29717391304007,0.04855555555555552,0.0,0.0,True,False,True,False,-302.6699999999998,264.27811280595955,0.0,0.0,0.0,0.0,-38.39188719404024
2025-08-05T00:00:00Z,2025-08-05T00:15:00Z,2025-08-05,2025-08-05_3,0.0,0,0,100,93.29717391304007,93.29717391304007,0.0,0.0,0.0,True,True,True,False,0.0,1101.1588033581647,0.0,0.0,0.0,0.0,1101.1588033581647
2025-08-05T00:15:00Z,2025-08-05T00:30:00Z,2025-08-05,2025-08-05_3,0.0,0,0,100,93.29717391304007,93.29717391304007,0.0,0.0,0.0,True,True,True,False,0.0,1101.1588033581647,0.0,0.0,0.0,0.0,1101.1588033581647
2025-08-05T00:30:00Z,2025-08-05T00:45:00Z,2025-08-05,2025-08-05_3,0.0,0,0,100,93.29717391304007,93.29717391304007,0.0,0.0,0.0,True,True,True,False,0.0,1101.1588033581647,0.0,0.0,0.0,0.0,1101.1588033581647
2025-08-05T00:45:00Z,2025-08-05T01:00:00Z,2025-08-05,2025-08-05_3,0.0,0,0,100,93.29717391304007,93.29717391304007,0.0,0.0,0.0,True,True,True,False,0.0,1101.1588033581647,0.0,0.0,0.0,0.0,1101.1588033581647
2025-08-05T01:00:00Z,2025-08-05T01:15:00Z,2025-08-05,2025-08-05_4,0.0,0,0,100,93.29717391304007,93.29717391304007,0.0,0.0,0.0,True,True,True,False,0.0,1101.1588033581647,0.0,0.0,0.0,0.0,1101.1588033581647
2025-08-05T01:15:00Z,2025-08-05T01:30:00Z,2025-08-05,2025-08-05_4,0.0,0,0,100,93.29717391304007,93.29717391304007,0.0,0.0,0.0,True,True,True,False,0.0,1101.1588033581647,0.0,0.0,0.0,0.0,1101.1588033581647
2025-08-05T01:30:00Z,2025-08-05T01:45:00Z,2025-08-05,2025-08-05_4,0.0,0,0,100,93.29717391304007,93.29717391304007,0.0,0.0,0.0,True,True,True,False,0.0,1101.1588033581647,0.0,0.0,0.0,0.0,1101.1588033581647
2025-08-05T01:45:00Z,2025-08-05T02:00:00Z,2025-08-05,2025-08-05_4,0.0,0,0,100,93.29717391304007,93.29717391304007,0.0,0.0,0.0,True,True,True,False,0.0,1101.1588033581647,0.0,0.0,0.0,0.0,1101.1588033581647
2025-08-05T02:00:00Z,2025-08-05T02:15:00Z,2025-08-05,2025-08-05_5,0.0,0,0,100,93.29717391304007,93.29717391304007,0.0,0.0,0.0,True,True,True,False,0.0,1101.1588033581647,0.0,0.0,0.0,0.0,1101.1588033581647
2025-08-05T02:15:00Z,2025-08-05T02:30:00Z,2025-08-05,2025-08-05_5,0.0,0,0,100,93.29717391304007,93.29717391304007,0.0,0.0,0.0,True,True,True,False,0.0,1101.1588033581647,0.0,0.0,0.0,0.0,1101.1588033581647
2025-08-05T02:30:00Z,2025-08-05T02:45:00Z,2025-08-05,2025-08-05_5,0.0,0,0,100,93.29717391304007,93.29717391304007,0.0,0.0,0.0,True,True,True,False,0.0,1101.1588033581647,0.0,0.0,0.0,0.0,1101.1588033581647
2025-08-05T02:45:00Z,2025-08-05T03:00:00Z,2025-08-05,2025-08-05_5,0.0,0,0,100,93.29717391304007,93.29717391304007,0.0,0.0,0.0,True,True,True,False,0.0,1101.1588033581647,0.0,0.0,0.0,0.0,1101.1588033581647
2025-08-05T03:00:00Z,2025-08-05T03:15:00Z,2025-08-05,2025-08-05_6,0.0,0,0,100,93.29717391304007,93.29717391304007,0.0,0.0,0.0,True,True,True,False,0.0,1101.1588033581647,0.0,0.0,0.0,0.0,1101.1588033581647
2025-08-05T03:15:00Z,2025-08-05T03:30:00Z,2025-08-05,2025-08-05_6,0.0,0,0,100,93.29717391304007,93.29717391304007,0.0,0.0,0.0,True,True,True,False,0.0,1101.1588033581647,0.0,0.0,0.0,0.0,1101.1588033581647
2025-08-05T03:30:00Z,2025-08-05T03:45:00Z,2025-08-05,2025-08-05_6,0.0,0,0,100,93.29717391304007,93.29717391304007,0.0,0.0,0.0,True,True,True,False,0.0,1101.1588033581647,0.0,0.0,0.0,0.0,1101.1588033581647
2025-08-05T03:45:00Z,2025-08-05T04:00:00Z,2025-08-05,2025-08-05_6,0.0,0,0,100,93.29717391304007,93.29717391304007,0.0,0.0,0.0,True,True,True,False,0.0,1101.1588033581647,0.0,0.0,0.0,0.0,1101.1588033581647
2025-08-05T04:00:00Z,2025-08-05T04:15:00Z,2025-08-05,2025-08-05_7,29.000000000000107,0,29,71,93.29717391304007,87.93595652173569,0.014892270531401047,0.0,2.31768,True,True,True,False,724.2750000000027,781.822750384297,0.0,3.523412557644555,0.0,203.9034955658035,1713.5246585077477
2025-08-05T04:15:00Z,2025-08-05T04:30:00Z,2025-08-05,2025-08-05_7,29.000000000000107,0,29,71,87.93595652173569,80.4960380434748,0.020666440217391384,0.0,0.405275,True,True,True,False,724.2750000000027,781.822750384297,0.0,3.523412557644555,0.0,-19.83540862106342,1489.7857543208809
2025-08-05T04:30:00Z,2025-08-05T04:45:00Z,2025-08-05,2025-08-05_7,29.000000000000107,0,29,71,80.4960380434748,72.78771195651824,0.02141201690821264,0.0,0.15834,True,True,True,False,724.2750000000027,781.822750384297,0.0,3.523412557644555,0.0,-8.859482168617713,1500.7616807733266
2025-08-05T04:45:00Z,2025-08-05T05:00:00Z,2025-08-05,2025-08-05_7,29.000000000000107,0,29,71,72.78771195651824,65.12461956521386,0.02128636775362327,0.0,0.199955,True,True,True,False,724.2750000000027,781.822750384297,0.0,3.523412557644555,0.0,-10.109151360805642,1499.5120115811387
2025-08-05T05:00:00Z,2025-08-05T05:15:00Z,2025-08-05,2025-08-05_8,0.0,0,0,100,65.12461956521386,65.12461956521386,0.0,0.0,0.0,True,True,True,False,0.0,1101.1588033581647,0.0,0.0,0.0,0.0,1101.1588033581647
2025-08-05T05:15:00Z,2025-08-05T05:30:00Z,2025-08-05,2025-08-05_8,0.0,0,0,100,65.12461956521386,65.12461956521386,0.0,0.0,0.0,True,True,True,False,0.0,1101.1588033581647,0.0,0.0,0.0,0.0,1101.1588033581647
2025-08-05T05:30:00Z,2025-08-05T05:45:00Z,2025-08-05,2025-08-05_8,0.0,0,0,100,65.12461956521386,65.12461956521386,0.0,0.0,0.0,True,True,True,False,0.0,1101.1588033581647,0.0,0.0,0.0,0.0,1101.1588033581647
2025-08-05T05:45:00Z,2025-08-05T06:00:00Z,2025-08-05,2025-08-05_8,0.0,0,0,100,65.12461956521386,65.12461956521386,0.0,0.0,0.0,True,True,True,False,0.0,1101.1588033581647,0.0,0.0,0.0,0.0,1101.1588033581647
2025-08-05T06:00:00Z,2025-08-05T06:15:00Z,2025-08-05,2025-08-05_9,7.531007950469828,1,9,91,65.12461956521386,63.133178812939704,0.0055981146517448295,0.026895,0.07951499999999999,True,True,True,False,138.98475172592066,1002.05451105593,0.6048244058176657,1.0376019865200423,8.17192029088329,-3.0015807733238735,1147.8520286917478
2025-08-05T06:15:00Z,2025-08-05T06:30:00Z,2025-08-05,2025-08-05_9,7.531007950469828,1,9,91,63.133178812939704,61.56025556697357,0.00474216261819565,0.00016,0.44703,True,True,True,False,138.98475172592066,1002.05451105593,0.6048244058176657,1.0376019865200423,0.020346064404241065,-17.326354913089745,1125.3756803255028
2025-08-05T06:30:00Z,2025-08-05T06:45:00Z,2025-08-05,2025-08-05_9,7.531007950469828,1,9,91,61.56025556697357,60.43876599153428,0.0038434298118301532,0.0,0.8728649999999999,True,True,True,False,138.98475172592066,1002.05451105593,0.6048244058176657,1.0376019865200423,0.0,6.716529487406881,1149.3982186615951
2025-08-05T06:45:00Z,2025-08-05T07:00:00Z,2025-08-05,2025-08-05_9,7.531007950469828,1,9,91,60.43876599153428,59.45652173912697,0.003566256699015197,0.0,1.004265,True,True,True,False,138.98475172592066,1002.05451105593,0.6048244058176657,1.0376019865200423,0.0,-16.372397197587798,1126.3092919766007
2025-08-05T07:00:00Z,2025-08-05T07:15:00Z,2025-08-05,2025-08-05_10,0.0,9,9,91,59.45652173912697,59.54553025217045,0.0002907241304347826,0.007200000000000001,0.105255,True,True,True,False,0.0,1002.05451105593,5.424796026959915,1.0376019865200423,0.38169563675062085,-3.9862982085846044,1004.912306497576
2025-08-05T07:15:00Z,2025-08-05T07:30:00Z,2025-08-05,2025-08-05_10,0.0,9,9,91,59.54553025217045,59.74056807825741,0.0006599782608695653,0.019575,0.235125,True,True,True,False,0.0,1002.05451105593,5.424796026959915,1.0376019865200423,1.0377350124157503,-8.811835535650939,1000.7428085461747
2025-08-05T07:30:00Z,2025-08-05T07:45:00Z,2025-08-05,2025-08-05_10,0.0,9,9,91,59.74056807825741,61.07609067825741,0.003709785,0.0,1.451655,True,True,True,False,0.0,1002.05451105593,5.424796026959915,1.0376019865200423,0.0,85.77129114934372,1094.2882002187537
2025-08-05T07:45:00Z,2025-08-05T08:00:00Z,2025-08-05,2025-08-05_10,0.0,9,9,91,61.07609067825741,62.25988227825741,0.0032883100000000005,0.0,1.2867300000000002,True,True,True,False,0.0,1002.05451105593,5.424796026959915,1.0376019865200423,0.0,28.829071284143314,1037.3459803535532
2025-08-05T08:00:00Z,2025-08-05T08:15:00Z,2025-08-05,2025-08-05_11,0.0,9,9,91,62.25988227825741,62.79092007825741,0.001475105,0.0,0.577215,True,True,True,False,0.0,1002.05451105593,5.424796026959915,1.0376019865200423,0.0,-19.302837672933663,989.2140713964762
2025-08-05T08:15:00Z,2025-08-05T08:30:00Z,2025-08-05,2025-08-05_11,0.0,9,9,91,62.79092007825741,63.668558678257405,0.0024378850000000003,0.0,0.9539550000000001,True,True,True,False,0.0,1002.05451105593,5.424796026959915,1.0376019865200423,0.0,39.461047374955655,1047.9779564443656
2025-08-05T08:30:00Z,2025-08-05T08:45:00Z,2025-08-05,2025-08-05_11,0.0,9,9,91,63.668558678257405,64.1457764782574,0.0013256050000000003,0.0,0.518715,True,True,True,False,0.0,1002.05451105593,5.424796026959915,1.0376019865200423,0.0,26.831556145796384,1035.3484652152063
2025-08-05T08:45:00Z,2025-08-05T09:00:00Z,2025-08-05,2025-08-05_11,0.0,9,9,91,64.1457764782574,64.9265804782574,0.0021689,0.0,0.8487,True,True,True,False,0.0,1002.05451105593,5.424796026959915,1.0376019865200423,0.0,62.392713550904574,1070.9096226203146
2025-08-05T09:00:00Z,2025-08-05T09:15:00Z,2025-08-05,2025-08-05_12,0.0,100,100,0,64.9265804782574,67.0086256956487,0.005813652173913044,0.005,2.269,True,True,True,False,0.0,0.0,60.27551141066573,7.863308501832801,0.23747585826337156,20.034739663395218,88.41103543415711
2025-08-05T09:15:00Z,2025-08-05T09:30:00Z,2025-08-05,2025-08-05_12,0.0,100,100,0,67.0086256956487,73.69640917390957,0.018782490338164252,0.034,7.309499999999999,True,True,True,False,0.0,0.0,60.27551141066573,7.863308501832801,1.6148358361909265,2478.9248323873708,2548.6784881360604
2025-08-05T09:30:00Z,2025-08-05T09:45:00Z,2025-08-05,2025-08-05_12,0.0,100,100,0,73.69640917390957,93.72158917390958,0.05562550000000001,0.0,21.7665,True,True,True,False,0.0,0.0,60.27551141066573,7.863308501832801,0.0,8589.012341255764,8657.151161168262
2025-08-05T09:45:00Z,2025-08-05T10:00:00Z,2025-08-05,2025-08-05_12,0.0,100,100,0,93.72158917390958,111.01942917390957,0.04804955555555556,0.0,18.802,True,True,True,False,0.0,0.0,60.27551141066573,7.863308501832801,0.0,3360.5156757715504,3428.654495684049
2025-08-05T10:00:00Z,2025-08-05T10:15:00Z,2025-08-05,2025-08-05_13,0.0,9,9,91,111.01942917390957,112.46205357390957,0.00400729,0.0,1.56807,True,True,True,False,0.0,1002.05451105593,5.424796026959915,1.0376019865200423,0.0,221.2665374955658,1229.7834465649757
2025-08-05T10:15:00Z,2025-08-05T10:30:00Z,2025-08-05,2025-08-05_13,0.0,9,9,91,112.46205357390957,112.86980217390958,0.0011326350000000001,0.0,0.443205,True,True,True,False,0.0,1002.05451105593,5.424796026959915,1.0376019865200423,0.0,4.896549663001064,1013.413458732411
2025-08-05T10:30:00Z,2025-08-05T10:45:00Z,2025-08-05,2025-08-05_13,0.0,9,9,91,112.86980217390958,113.10151797390958,0.000643655,0.0,0.251865,True,True,True,False,0.0,1002.05451105593,5.424796026959915,1.0376019865200423,0.0,-3.2368886484568993,1005.2800204209531
2025-08-05T10:45:00Z,2025-08-05T11:00:00Z,2025-08-05,2025-08-05_13,0.0,9,9,91,113.10151797390958,112.98349400869219,0.0004610143478260869,0.130635,0.026055000000000002,True,True,True,False,0.0,1002.05451105593,5.424796026959915,1.0376019865200423,14.982425221709827,-0.9757710979070592,1022.5235631932127
2025-08-05T11:00:00Z,2025-08-05T11:15:00Z,2025-08-05,2025-08-05_14,-73.867669914253,100,26,0,112.98349400869219,122.53094646141884,0.0387078984346407,7.722999999999999,0.0,True,True,True,False,-94.36594831545821,0.0,60.27551141066573,2.9975168499467895,1206.1727277206257,0.0,1175.07980766578
2025-08-05T11:15:00Z,2025-08-05T11:30:00Z,2025-08-05,2025-08-05_14,-73.867669914253,100,26,0,122.53094646141884,125.27806461974806,0.03095430398251725,14.78,0.0,True,True,True,False,-94.36594831545821,0.0,60.27551141066573,2.9975168499467895,2514.668069843522,0.0,2483.5751497886763
2025-08-05T11:30:00Z,2025-08-05T11:45:00Z,2025-08-05,2025-08-05_14,-73.867669914253,100,26,0,125.27806461974806,128.94352181485792,0.03200137434001671,13.827,0.0,True,True,True,False,-94.36594831545821,0.0,60.27551141066573,2.9975168499467895,3122.0565951282956,0.0,3090.96367507345
2025-08-05T11:45:00Z,2025-08-05T12:00:00Z,2025-08-05,2025-08-05_14,-73.867669914253,100,26,0,128.94352181485792,140.64068505217054,0.04116502385674186,5.496,0.00403,True,True,True,False,-94.36594831545821,0.0,60.27551141066573,2.9975168499467895,754.2437365496038,-0.15461517283512669,722.996201321923
2025-08-05T12:00:00Z,2025-08-05T12:15:00Z,2025-08-05,2025-08-05_15,-9.0,9,0,91,140.64068505217054,142.70940165217056,0.005746435000000001,0.001395,0.0,True,True,True,False,26.82,1002.05451105593,5.424796026959915,0.0,0.05223483504788932,0.0,1034.3515419179378
2025-08-05T12:15:00Z,2025-08-05T12:30:00Z,2025-08-05,2025-08-05_15,-9.0,9,0,91,142.70940165217056,144.67598445217055,0.00546273,0.11241000000000001,0.0,True,True,True,False,26.82,1002.05451105593,5.424796026959915,0.0,10.876911404753459,0.0,1045.1762184876434
2025-08-05T12:30:00Z,2025-08-05T12:45:00Z,2025-08-05,2025-08-05_15,-9.0,9,0,91,144.67598445217055,146.31132585217054,0.004542615,0.472455,0.0,True,True,True,False,26.82,1002.05451105593,5.424796026959915,0.0,63.562245805250086,0.0,1097.86155288814
2025-08-05T12:45:00Z,2025-08-05T13:00:00Z,2025-08-05,2025-08-05_15,-9.0,9,0,91,146.31132585217054,147.98214705217055,0.00464117,0.43388999999999994,0.0,True,True,True,False,26.82,1002.05451105593,5.424796026959915,0.0,55.45287270308619,0.0,1089.752179785976
2025-08-05T13:00:00Z,2025-08-05T13:15:00Z,2025-08-05,2025-08-05_16,-23.0,63,40,37,147.98214705217055,154.10571233043143,0.018409662004830917,0.365085,1.3132,True,True,True,False,-0.0,407.428757242521,37.9735721887194,4.611564384533523,43.60262634799574,32.38460620393362,526.0011263677033
2025-08-05T13:15:00Z,2025-08-05T13:30:00Z,2025-08-05,2025-08-05_16,-23.0,63,40,37,154.10571233043143,160.08589633043144,0.016611622222222226,0.0,0.7502,True,True,True,False,-0.0,407.428757242521,37.9735721887194,4.611564384533523,0.0,-18.705028063537107,431.3088657522368
2025-08-05T13:30:00Z,2025-08-05T13:45:00Z,2025-08-05,2025-08-05_16,-23.0,63,40,37,160.08589633043144,166.1496821217358,0.016870419468599032,0.0069299999999999995,0.8488,True,True,True,False,-0.0,407.428757242521,37.9735721887194,4.611564384533523,0.34143313231642425,-6.947540577825075,443.4077863702653
2025-08-05T13:45:00Z,2025-08-05T14:00:00Z,2025-08-05,2025-08-05_16,-23.0,63,40,37,166.1496821217358,172.91329999999664,0.0188264747826087,0.01008,1.613,True,True,True,False,-0.0,407.428757242521,37.9735721887194,4.611564384533523,0.4966300106420717,644.0969473020377,1094.6074711284537
2025-08-05T14:00:00Z,2025-08-05T14:15:00Z,2025-08-05,2025-08-05_17,0.0,100,100,0,172.91329999999664,189.80771999999664,0.04692894444444445,0.0,18.3635,True,True,True,False,0.0,0.0,59.625162587205864,14.514603287217689,0.0,4804.221941783926,4878.36170765835
2025-08-05T14:15:00Z,2025-08-05T14:30:00Z,2025-08-05,2025-08-05_17,0.0,100,100,0,189.80771999999664,181.4597826086923,0.02425693719806763,7.857,0.209,True,True,True,False,0.0,0.0,59.625162587205864,14.514603287217689,3130.9716087264987,-9.425017736786092,3195.686356864136
2025-08-05T14:30:00Z,2025-08-05T14:45:00Z,2025-08-05,2025-08-05_17,0.0,100,100,0,181.4597826086923,167.80597826086623,0.03792723429951691,12.5615,0.0,True,True,True,False,0.0,0.0,59.625162587205864,14.514603287217689,7988.368360529738,0.0,8062.508126404162
2025-08-05T14:45:00Z,2025-08-05T15:00:00Z,2025-08-05,2025-08-05_17,0.0,100,100,0,167.80597826086623,153.62989130434448,0.0393780193236715,13.042000000000002,0.0,True,True,True,False,0.0,0.0,59.625162587205864,14.514603287217689,10280.093948208585,0.0,10354.233714083008
2025-08-05T15:00:00Z,2025-08-05T15:15:00Z,2025-08-05,2025-08-05_18,-42.626491827424765,100,57,0,153.62989130434448,160.62888361577248,0.029009093547358374,2.7615,0.0,True,True,True,False,-1107.7559563652012,0.0,59.86165306846399,8.273323873714082,331.1824467896417,0.0,-708.4385326333814
2025-08-05T15:15:00Z,2025-08-05T15:30:00Z,2025-08-05,2025-08-05_18,-42.626491827424765,100,57,0,160.62888361577248,164.20263604759072,0.031177114990346,6.1335,0.0,True,True,True,False,-1107.7559563652012,0.0,59.86165306846399,8.273323873714082,846.0765688187299,0.0,-193.5444106042932
2025-08-05T15:30:00Z,2025-08-05T15:45:00Z,2025-08-05,2025-08-05_18,-42.626491827424765,100,57,0,164.20263604759072,159.07412571291528,0.03668525250578936,14.7005,0.0,True,True,True,False,-1107.7559563652012,0.0,59.86165306846399,8.273323873714082,10274.523104824404,0.0,9234.90212540138
2025-08-05T15:45:00Z,2025-08-05T16:00:00Z,2025-08-05,2025-08-05_18,-42.626491827424765,100,57,0,159.07412571291528,143.7161141304314,0.04316006269013306,24.771,0.0,True,True,True,False,-1107.7559563652012,0.0,59.86165306846399,8.273323873714082,32460.22751271136,0.0,31420.606533288337
2025-08-05T16:00:00Z,2025-08-05T16:15:00Z,2025-08-05,2025-08-05_19,0.0,0,0,100,143.7161141304314,143.7161141304314,0.0,0.0,0.0,True,True,True,False,0.0,1101.1588033581647,0.0,0.0,0.0,0.0,1101.1588033581647
2025-08-05T16:15:00Z,2025-08-05T16:30:00Z,2025-08-05,2025-08-05_19,0.0,0,0,100,143.7161141304314,143.7161141304314,0.0,0.0,0.0,True,True,True,False,0.0,1101.1588033581647,0.0,0.0,0.0,0.0,1101.1588033581647
2025-08-05T16:30:00Z,2025-08-05T16:45:00Z,2025-08-05,2025-08-05_19,0.0,0,0,100,143.7161141304314,143.7161141304314,0.0,0.0,0.0,True,True,True,False,0.0,1101.1588033581647,0.0,0.0,0.0,0.0,1101.1588033581647
2025-08-05T16:45:00Z,2025-08-05T17:00:00Z,2025-08-05,2025-08-05_19,0.0,0,0,100,143.7161141304314,143.7161141304314,0.0,0.0,0.0,True,True,True,False,0.0,1101.1588033581647,0.0,0.0,0.0,0.0,1101.1588033581647
2025-08-05T17:00:00Z,2025-08-05T17:15:00Z,2025-08-05,2025-08-05_20,0.0,0,0,100,143.7161141304314,143.7161141304314,0.0,0.0,0.0,True,True,True,False,0.0,1101.1588033581647,0.0,0.0,0.0,0.0,1101.1588033581647
2025-08-05T17:15:00Z,2025-08-05T17:30:00Z,2025-08-05,2025-08-05_20,0.0,0,0,100,143.7161141304314,143.7161141304314,0.0,0.0,0.0,True,True,True,False,0.0,1101.1588033581647,0.0,0.0,0.0,0.0,1101.1588033581647
2025-08-05T17:30:00Z,2025-08-05T17:45:00Z,2025-08-05,2025-08-05_20,0.0,0,0,100,143.7161141304314,143.7161141304314,0.0,0.0,0.0,True,True,True,False,0.0,1101.1588033581647,0.0,0.0,0.0,0.0,1101.1588033581647
2025-08-05T17:45:00Z,2025-08-05T18:00:00Z,2025-08-05,2025-08-05_20,0.0,0,0,100,143.7161141304314,143.7161141304314,0.0,0.0,0.0,True,True,True,False,0.0,1101.1588033581647,0.0,0.0,0.0,0.0,1101.1588033581647
2025-08-05T18:00:00Z,2025-08-05T18:15:00Z,2025-08-05,2025-08-05_21,85.0,0,85,15,143.7161141304314,125.7986684782575,0.04977068236714976,0.0,4.76595,True,True,True,False,3828.8250000000003,165.17382050372473,0.0,10.327243703440937,0.0,-307.2629811990068,3697.063083008159
2025-08-05T18:15:00Z,2025-08-05T18:30:00Z,2025-08-05,2025-08-05_21,85.0,0,85,15,125.7986684782575,107.80730978260533,0.0499759963768116,0.0,4.69795,True,True,True,False,3828.8250000000003,165.17382050372473,0.0,10.327243703440937,0.0,-333.3598362500492,3670.9662279571166
2025-08-05T18:30:00Z,2025-08-05T18:45:00Z,2025-08-05,2025-08-05_21,85.0,0,85,15,107.80730978260533,87.29782608695317,0.056970788043478264,0.0,2.381275,True,True,True,False,3828.8250000000003,165.17382050372473,0.0,10.327243703440937,0.0,-167.2678854647038,3837.058178742462
2025-08-05T18:45:00Z,2025-08-05T19:00:00Z,2025-08-05,2025-08-05_21,85.0,0,85,15,87.29782608695317,64.34782608695316,0.06375,0.0,0.136,True,True,True,False,3828.8250000000003,165.17382050372473,0.0,10.327243703440937,0.0,-10.748293721177722,3993.5777704859884
2025-08-05T19:00:00Z,2025-08-05T19:15:00Z,2025-08-05,2025-08-05_22,0.0,0,0,100,64.34782608695316,64.34782608695316,0.0,0.0,0.0,True,True,True,False,0.0,1101.1588033581647,0.0,0.0,0.0,0.0,1101.1588033581647
2025-08-05T19:15:00Z,2025-08-05T19:30:00Z,2025-08-05,2025-08-05_22,0.0,0,0,100,64.34782608695316,64.34782608695316,0.0,0.0,0.0,True,True,True,False,0.0,1101.1588033581647,0.0,0.0,0.0,0.0,1101.1588033581647
2025-08-05T19:30:00Z,2025-08-05T19:45:00Z,2025-08-05,2025-08-05_22,0.0,0,0,100,64.34782608695316,64.34782608695316,0.0,0.0,0.0,True,True,True,False,0.0,1101.1588033581647,0.0,0.0,0.0,0.0,1101.1588033581647
2025-08-05T19:45:00Z,2025-08-05T20:00:00Z,2025-08-05,2025-08-05_22,0.0,0,0,100,64.34782608695316,64.34782608695316,0.0,0.0,0.0,True,True,True,False,0.0,1101.1588033581647,0.0,0.0,0.0,0.0,1101.1588033581647
2025-08-05T20:00:00Z,2025-08-05T20:15:00Z,2025-08-05,2025-08-05_23,0.0,0,0,100,64.34782608695316,64.34782608695316,0.0,0.0,0.0,True,True,True,False,0.0,1101.1588033581647,0.0,0.0,0.0,0.0,1101.1588033581647
2025-08-05T20:15:00Z,2025-08-05T20:30:00Z,2025-08-05,2025-08-05_23,0.0,0,0,100,64.34782608695316,64.34782608695316,0.0,0.0,0.0,True,True,True,False,0.0,1101.1588033581647,0.0,0.0,0.0,0.0,1101.1588033581647
2025-08-05T20:30:00Z,2025-08-05T20:45:00Z,2025-08-05,2025-08-05_23,0.0,0,0,100,64.34782608695316,64.34782608695316,0.0,0.0,0.0,True,True,True,False,0.0,1101.1588033581647,0.0,0.0,0.0,0.0,1101.1588033581647
2025-08-05T20:45:00Z,2025-08-05T21:00:00Z,2025-08-05,2025-08-05_23,0.0,0,0,100,64.34782608695316,64.34782608695316,0.0,0.0,0.0,True,True,True,False,0.0,1101.1588033581647,0.0,0.0,0.0,0.0,1101.1588033581647
2025-08-05T21:00:00Z,2025-08-05T21:15:00Z,2025-08-06,2025-08-05_24,0.0,0,0,100,64.34782608695316,64.34782608695316,0.0,0.0,0.0,True,True,True,False,0.0,1101.006916392441,0.0,0.0,0.0,0.0,1101.006916392441
2025-08-05T21:15:00Z,2025-08-05T21:30:00Z,2025-08-06,2025-08-05_24,0.0,0,0,100,64.34782608695316,64.34782608695316,0.0,0.0,0.0,True,True,True,False,0.0,1101.006916392441,0.0,0.0,0.0,0.0,1101.006916392441
2025-08-05T21:30:00Z,2025-08-05T21:45:00Z,2025-08-06,2025-08-05_24,0.0,0,0,100,64.34782608695316,64.34782608695316,0.0,0.0,0.0,True,True,True,False,0.0,1101.006916392441,0.0,0.0,0.0,0.0,1101.006916392441
2025-08-05T21:45:00Z,2025-08-05T22:00:00Z,2025-08-06,2025-08-05_24,0.0,0,0,100,64.34782608695316,64.34782608695316,0.0,0.0,0.0,True,True,True,False,0.0,1101.006916392441,0.0,0.0,0.0,0.0,1101.006916392441
2025-08-05T22:00:00Z,2025-08-05T22:15:00Z,2025-08-06,2025-08-06_1,-15.865901109024604,100,84,0,64.34782608695316,50.29017081214155,0.0457912545132285,16.699,0.0021000000000000003,True,True,True,False,-305.5772553598139,0.0,66.23775837947545,11.49539892411673,21066.8106963684,-0.17379652801040416,20838.79280178417
2025-08-05T22:15:00Z,2025-08-05T22:30:00Z,2025-08-06,2025-08-06_1,-15.865901109024604,100,84,0,50.29017081214155,42.60187146688037,0.032959896217476074,10.691,0.0,True,True,True,False,-305.5772553598139,0.0,66.23775837947545,11.49539892411673,8357.280403357701,0.0,8129.4363053014795
2025-08-05T22:30:00Z,2025-08-05T22:45:00Z,2025-08-06,2025-08-06_1,-15.865901109024604,100,84,0,42.60187146688037,44.471034249627394,0.013719841364424248,1.6785,0.0,True,True,True,False,-305.5772553598139,0.0,66.23775837947545,11.49539892411673,228.92082129697138,0.0,1.076723240749688
2025-08-05T22:45:00Z,2025-08-05T23:00:00Z,2025-08-06,2025-08-06_1,-15.865901109024604,100,84,0,44.471034249627394,39.775373808692336,0.026935437432975405,7.869,0.0,True,True,True,False,-305.5772553598139,0.0,66.23775837947545,11.49539892411673,1715.1052156692742,0.0,1487.2611176130526
2025-08-05T23:00:00Z,2025-08-05T23:15:00Z,2025-08-06,2025-08-06_2,-100.0,100,0,0,39.775373808692336,57.521253808692336,0.04929411111111112,5.711,0.0,True,True,True,False,-1499.5,0.0,60.38542631381898,0.0,5018.447424579795,0.0,3579.332850893614
2025-08-05T23:15:00Z,2025-08-05T23:30:00Z,2025-08-06,2025-08-06_2,-100.0,100,0,0,57.521253808692336,66.43329380869233,0.02475566666666666,15.313000000000002,0.0,True,True,True,False,-1499.5,0.0,60.38542631381898,0.0,19610.078425190644,0.0,18170.963851504464
2025-08-05T23:30:00Z,2025-08-05T23:45:00Z,2025-08-06,2025-08-06_2,-100.0,100,0,0,66.43329380869233,74.09735380869233,0.021289055555555565,16.6695,0.0,True,True,True,False,-1499.5,0.0,60.38542631381898,0.0,20283.341438649033,0.0,18844.226864962853
2025-08-05T23:45:00Z,2025-08-06T00:00:00Z,2025-08-06,2025-08-06_2,-100.0,100,0,0,74.09735380869233,93.03095380869235,0.052593333333333346,4.42,0.0,True,True,True,False,-1499.5,0.0,60.38542631381898,0.0,1031.6892628426174,0.0,-407.42531084356364
2025-08-06T00:00:00Z,2025-08-06T00:15:00Z,2025-08-06,2025-08-06_3,0.0,100,100,0,93.03095380869235,95.22745380869235,0.00610138888888889,0.0,2.3875,True,True,True,False,0.0,0.0,60.799227570986616,13.684998719186583,0.0,-141.51214802262115,-67.02792173244795
2025-08-06T00:15:00Z,2025-08-06T00:30:00Z,2025-08-06,2025-08-06_3,0.0,100,100,0,95.22745380869235,103.36623380869234,0.022607722222222223,0.0,8.8465,True,True,True,False,0.0,0.0,60.799227570986616,13.684998719186583,0.0,527.9817256497664,602.4659519399396
2025-08-06T00:30:00Z,2025-08-06T00:45:00Z,2025-08-06,2025-08-06_3,0.0,100,100,0,103.36623380869234,105.20387293912712,0.0055393357487922715,0.072,2.0825,True,True,True,False,0.0,0.0,60.799227570986616,13.684998719186583,9.165106701609883,-98.84006482886362,-15.190731837080536
2025-08-06T00:45:00Z,2025-08-06T01:00:00Z,2025-08-06,2025-08-06_3,0.0,100,100,0,105.20387293912712,97.56256859130103,0.021225845410628018,7.03,0.0,True,True,True,False,0.0,0.0,60.799227570986616,13.684998719186583,4882.797603893672,0.0,4957.281830183845
2025-08-06T01:00:00Z,2025-08-06T01:15:00Z,2025-08-06,2025-08-06_4,0.0,21,21,79,97.56256859130103,96.08320989564885,0.0041093297101449265,1.3610099999999998,0.0,True,True,True,False,0.0,735.5317346154603,12.767837789907189,2.8738497310291824,187.72224353977415,0.0,938.8956656761709
2025-08-06T01:15:00Z,2025-08-06T01:30:00Z,2025-08-06,2025-08-06_4,0.0,21,21,79,96.08320989564885,96.01842891304015,0.00020302384057971012,0.06342,0.004515,True,True,True,False,0.0,735.5317346154603,12.767837789907189,2.8738497310291824,8.19136364066287,-0.3744071912747049,758.9903785857848
2025-08-06T01:30:00Z,2025-08-06T01:45:00Z,2025-08-06,2025-08-06_4,0.0,21,21,79,96.01842891304015,95.1682713043445,0.0023615489130434783,0.782145,0.0,True,True,True,False,0.0,735.5317346154603,12.767837789907189,2.8738497310291824,107.58982503103508,0.0,858.7632471674318
2025-08-06T01:45:00Z,2025-08-06T02:00:00Z,2025-08-06,2025-08-06_4,0.0,21,21,79,95.1682713043445,94.20637999999667,0.0026719202898550726,0.8849400000000001,0.0,True,True,True,False,0.0,735.5317346154603,12.767837789907189,2.8738497310291824,122.03781034109048,0.0,873.2112324774872
2025-08-06T02:00:00Z,2025-08-06T02:15:00Z,2025-08-06,2025-08-06_5,-100.0,100,0,0,94.20637999999667,110.50279999999667,0.045267833333333334,7.2865,0.0,True,True,True,False,-1822.75,0.0,55.06512443594947,0.0,1138.870086110071,0.0,-628.8147894539795
2025-08-06T02:15:00Z,2025-08-06T02:30:00Z,2025-08-06,2025-08-06_5,-100.0,100,0,0,110.50279999999667,126.41051999999667,0.044188111111111116,7.709,0.0,True,True,True,False,-1822.75,0.0,55.06512443594947,0.0,1080.1501602002008,0.0,-687.5347153638497
2025-08-06T02:30:00Z,2025-08-06T02:45:00Z,2025-08-06,2025-08-06_5,-100.0,100,0,0,126.41051999999667,143.26537999999667,0.04681905555555555,6.679499999999999,0.0,True,True,True,False,-1822.75,0.0,55.06512443594947,0.0,3621.742329898125,0.0,1854.0574543340742
2025-08-06T02:45:00Z,2025-08-06T03:00:00Z,2025-08-06,2025-08-06_5,-100.0,100,0,0,143.26537999999667,153.65999999999667,0.02887394444444445,13.7015,0.0,True,True,True,False,-1822.75,0.0,55.06512443594947,0.0,15752.362032453839,0.0,13984.677156889788
2025-08-06T03:00:00Z,2025-08-06T03:15:00Z,2025-08-06,2025-08-06_6,-0.21080994199459369,21,20,79,153.65999999999667,153.14441173782444,0.001674890418698099,0.51975,0.0,True,True,True,False,-4.335306457118819,735.5317346154603,13.009911525350251,2.7369997438373166,70.90041774222152,0.0,817.8437571697506
2025-08-06T03:15:00Z,2025-08-06T03:30:00Z,2025-08-06,2025-08-06_6,-0.21080994199459369,21,20,79,153.14441173782444,153.15168624676986,0.0002989026331139512,0.04662,0.010199999999999999,True,True,True,False,-4.335306457118819,735.5317346154603,13.009911525350251,2.7369997438373166,6.092311411062286,-0.8449826400520205,752.1906681985394
2025-08-06T03:30:00Z,2025-08-06T03:45:00Z,2025-08-06,2025-08-06_6,-0.21080994199459369,21,20,79,153.15168624676986,153.43219653342862,0.000779195240718768,0.0,0.2522,True,True,True,False,-4.335306457118819,735.5317346154603,13.009911525350251,2.7369997438373166,0.0,-20.87253297601923,726.0708064515098
2025-08-06T03:45:00Z,2025-08-06T04:00:00Z,2025-08-06,2025-08-06_6,-0.21080994199459369,21,20,79,153.43219653342862,153.48307485217052,0.00036227657683186626,0.03696,0.0462,True,True,True,False,-4.335306457118819,735.5317346154603,13.009911525350251,2.7369997438373166,4.7047547734930735,-3.8240789375160094,747.8240152635061
2025-08-06T04:00:00Z,2025-08-06T04:15:00Z,2025-08-06,2025-08-06_7,58.0,42,100,0,153.48307485217052,143.0178808347792,0.040249823381642506,0.0,5.208,True,True,True,False,1402.15,0.0,41.18977713846578,12.266251551754713,0.0,2455.218618691994,3910.8246473822146
2025-08-06T04:15:00Z,2025-08-06T04:30:00Z,2025-08-06,2025-08-06_7,58.0,42,100,0,143.0178808347792,140.43366479999656,0.03499595787439613,0.0,12.9585,True,True,True,False,1402.15,0.0,41.18977713846578,12.266251551754713,0.0,6586.946832351376,8042.552861041596
2025-08-06T04:30:00Z,2025-08-06T04:45:00Z,2025-08-06,2025-08-06_7,58.0,42,100,0,140.43366479999656,129.54699276521396,0.04053080231884058,0.0,4.7935,True,True,True,False,1402.15,0.0,41.18977713846578,12.266251551754713,0.0,-39.99321829001556,1415.612810400205
2025-08-06T04:45:00Z,2025-08-06T05:00:00Z,2025-08-06,2025-08-06_7,58.0,42,100,0,129.54699276521396,118.16563060869223,0.04086058821256038,0.0,4.307,True,True,True,False,1402.15,0.0,41.18977713846578,12.266251551754713,0.0,-226.57133519872312,1229.0346934914974
2025-08-06T05:00:00Z,2025-08-06T05:15:00Z,2025-08-06,2025-08-06_8,100.0,0,100,0,118.16563060869223,94.24878278260528,0.06643568840579711,0.0,2.9965,True,True,True,False,2450.75,0.0,0.0,12.266251551754713,0.0,-166.96354637529805,2296.0527051764566
2025-08-06T05:15:00Z,2025-08-06T05:30:00Z,2025-08-06,2025-08-06_8,100.0,0,100,0,94.24878278260528,75.04063060869223,0.053355978260869574,0.0,7.3285,True,True,True,False,2450.75,0.0,0.0,12.266251551754713,0.0,-275.54980935584933,2187.4664421959055
2025-08-06T05:30:00Z,2025-08-06T05:45:00Z,2025-08-06,2025-08-06_8,100.0,0,100,0,75.04063060869223,60.24932626086614,0.04108695652173913,0.0,11.392,True,True,True,False,2450.75,0.0,0.0,12.266251551754713,0.0,1901.8707064178602,4364.886957969615
2025-08-06T05:45:00Z,2025-08-06T06:00:00Z,2025-08-06,2025-08-06_8,100.0,0,100,0,60.24932626086614,39.8982393043444,0.056530797101449266,0.0,6.277000000000001,True,True,True,False,2450.75,0.0,0.0,12.266251551754713,0.0,-54.18858440560406,2408.827667146151
2025-08-06T06:00:00Z,2025-08-06T06:15:00Z,2025-08-06,2025-08-06_9,5.0,43,48,52,39.8982393043444,39.23628786086614,0.005242012898550724,0.0,0.74328,True,True,True,False,104.97500000000001,484.1474708861258,26.474117716605246,6.455299611815009,0.0,-30.38339528266567,591.6684929318805
2025-08-06T06:15:00Z,2025-08-06T06:30:00Z,2025-08-06,2025-08-06_9,5.0,43,48,52,39.23628786086614,39.13924591304006,0.006432129855072463,0.0,1.34592,True,True,True,False,104.97500000000001,484.1474708861258,26.474117716605246,6.455299611815009,0.0,-51.16585863760862,570.8860295769374
2025-08-06T06:30:00Z,2025-08-06T06:45:00Z,2025-08-06,2025-08-06_9,5.0,43,48,52,39.13924591304006,38.260869565213966,0.004786062077294686,0.0,0.5124,True,True,True,False,104.97500000000001,484.1474708861258,26.474117716605246,6.455299611815009,0.0,-21.488005753807954,600.5638824607381
2025-08-06T06:45:00Z,2025-08-06T07:00:00Z,2025-08-06,2025-08-06_9,5.0,43,48,52,38.260869565213966,38.2700153043444,0.00665583961352657,0.0,1.4592,True,True,True,False,104.97500000000001,484.1474708861258,26.474117716605246,6.455299611815009,0.0,-52.80510370647698,569.2467845080691
2025-08-06T07:00:00Z,2025-08-06T07:15:00Z,2025-08-06,2025-08-06_10,0.6966322753521297,48,49,51,38.2700153043444,37.96545882175401,0.00473934900884151,0.76176,0.7727299999999999,True,True,True,False,4.846819055762442,474.8369425998541,29.53831602593154,6.589785020394489,100.27796091351553,-29.114147098464986,586.9756765169932
2025-08-06T07:15:00Z,2025-08-06T07:30:00Z,2025-08-06,2025-08-06_10,0.6966322753521297,48,49,51,37.96545882175401,37.868439222554464,0.0028654828794137306,0.35232,0.5152350000000001,True,True,True,False,4.846819055762442,474.8369425998541,29.53831602593154,6.589785020394489,43.13800831543478,-19.957094560483956,538.9927764568935
2025-08-06T07:30:00Z,2025-08-06T07:45:00Z,2025-08-06,2025-08-06_10,0.6966322753521297,48,49,51,37.868439222554464,37.71739130434395,0.0006997907537963132,0.012,0.055615,True,True,True,False,4.846819055762442,474.8369425998541,29.53831602593154,6.589785020394489,1.3761847524089144,-3.8224093391002776,513.3656381152513
2025-08-06T07:45:00Z,2025-08-06T08:00:00Z,2025-08-06,2025-08-06_10,0.6966322753521297,48,49,51,37.71739130434395,39.10046542403005,0.004784250194401174,0.006239999999999999,1.71206,True,True,True,False,4.846819055762442,474.8369425998541,29.53831602593154,6.589785020394489,0.7156160712526354,521.7490114721471,1038.2764902453423
2025-08-06T08:00:00Z,2025-08-06T08:15:00Z,2025-08-06,2025-08-06_11,0.0,100,100,0,39.10046542403005,40.00864194576918,0.007525731884057972,0.8285,1.966,True,True,True,False,0.0,0.0,60.237640150544834,13.448540857947938,87.1808140061873,640.2727663599283,801.1397613746084
2025-08-06T08:15:00Z,2025-08-06T08:30:00Z,2025-08-06,2025-08-06_11,0.0,100,100,0,40.00864194576918,40.71455151098657,0.0023171400966183575,0.05899999999999999,0.8369999999999999,True,True,True,False,0.0,0.0,60.237640150544834,13.448540857947938,5.232327730595675,58.79649155648386,137.7150002955723
2025-08-06T08:30:00Z,2025-08-06T08:45:00Z,2025-08-06,2025-08-06_11,0.0,100,100,0,40.71455151098657,50.455051510986564,0.027056944444444446,0.0,10.5875,True,True,True,False,0.0,0.0,60.237640150544834,13.448540857947938,0.0,3953.9907387337676,4027.6769197422605
2025-08-06T08:45:00Z,2025-08-06T09:00:00Z,2025-08-06,2025-08-06_11,0.0,100,100,0,50.455051510986564,61.309211510986565,0.030150444444444445,0.0,11.798,True,True,True,False,0.0,0.0,60.237640150544834,13.448540857947938,0.0,10048.04663776626,10121.732818774752
2025-08-06T09:00:00Z,2025-08-06T09:15:00Z,2025-08-06,2025-08-06_12,0.0,100,100,0,61.309211510986565,66.23719151098656,0.013688833333333332,0.0,5.3565,True,True,True,False,0.0,0.0,60.237640150544834,13.182525764054464,0.0,3075.818847070878,3149.239012985477
2025-08-06T09:15:00Z,2025-08-06T09:30:00Z,2025-08-06,2025-08-06_12,0.0,100,100,0,66.23719151098656,76.17227151098656,0.027597444444444442,0.0,10.799,True,True,True,False,0.0,0.0,60.237640150544834,13.182525764054464,0.0,10057.248355632622,10130.668521547223
2025-08-06T09:30:00Z,2025-08-06T09:45:00Z,2025-08-06,2025-08-06_12,0.0,100,100,0,76.17227151098656,90.68665151098656,0.04031772222222223,0.0,15.776500000000002,True,True,True,False,0.0,0.0,60.237640150544834,13.182525764054464,0.0,14378.186485842087,14451.606651756687
2025-08-06T09:45:00Z,2025-08-06T10:00:00Z,2025-08-06,2025-08-06_12,0.0,100,100,0,90.68665151098656,96.57189151098656,0.01634788888888889,0.0,6.397,True,True,True,False,0.0,0.0,60.237640150544834,13.182525764054464,0.0,2723.1487859859308,2796.56895190053
2025-08-06T10:00:00Z,2025-08-06T10:15:00Z,2025-08-06,2025-08-06_13,-8.435102707218157,49,40,51,96.57189151098656,99.53077313364673,0.00821911561850049,0.0,1.1074000000000002,True,True,True,False,-10.52279062725465,474.8369425998541,29.516443673766968,5.379416343179175,0.0,21.669899268951117,520.8799112584967
2025-08-06T10:15:00Z,2025-08-06T10:30:00Z,2025-08-06,2025-08-06_13,-8.435102707218157,49,40,51,99.53077313364673,101.69180205258925,0.006593204741480428,0.11808999999999999,0.37599999999999995,True,True,True,False,-10.52279062725465,474.8369425998541,29.516443673766968,5.379416343179175,11.038782064671222,-4.857497093538788,505.39129696067806
2025-08-06T10:30:00Z,2025-08-06T10:45:00Z,2025-08-06,2025-08-06_13,-8.435102707218157,49,40,51,101.69180205258925,103.32388974820852,0.006191936561938371,0.33173,0.0468,True,True,True,False,-10.52279062725465,474.8369425998541,29.516443673766968,5.379416343179175,31.036616703777415,-1.9964950639421466,528.2501336293809
2025-08-06T10:45:00Z,2025-08-06T11:00:00Z,2025-08-06,2025-08-06_13,-8.435102707218157,49,40,51,103.32388974820852,104.16771637597118,0.0075297048578443215,1.03733,0.0016,True,True,True,False,-10.52279062725465,474.8369425998541,29.516443673766968,5.379416343179175,131.04117369209246,-0.12295808784409544,630.128227593794
2025-08-06T11:00:00Z,2025-08-06T11:15:00Z,2025-08-06,2025-08-06_14,0.0,49,49,51,104.16771637597118,99.94812398466684,0.01172108997584541,3.882025,0.0,True,True,True,False,0.0,474.8369425998541,29.516443673766968,6.589785020394489,535.3444734181954,0.0,1046.287644712211
2025-08-06T11:15:00Z,2025-08-06T11:30:00Z,2025-08-06,2025-08-06_14,0.0,49,49,51,99.94812398466684,98.47384308901466,0.0041039902657004825,1.3577899999999998,0.0017150000000000002,True,True,True,False,0.0,474.8369425998541,29.516443673766968,6.589785020394489,163.6451455141973,-0.13179570040788982,674.456521107805
2025-08-06T11:30:00Z,2025-08-06T11:45:00Z,2025-08-06,2025-08-06_14,0.0,49,49,51,98.47384308901466,99.48310333249293,0.0028227337681159424,0.003185,1.1007850000000001,True,True,True,False,0.0,474.8369425998541,29.516443673766968,6.589785020394489,0.29807166643677707,576.3515823917713,1087.5928253522236
2025-08-06T11:45:00Z,2025-08-06T12:00:00Z,2025-08-06,2025-08-06_14,0.0,49,49,51,99.48310333249293,101.15196493249293,0.004635726666666667,0.0,1.81398,True,True,True,False,0.0,474.8369425998541,29.516443673766968,6.589785020394489,0.0,250.47286000512324,761.4160312991388
2025-08-06T12:00:00Z,2025-08-06T12:15:00Z,2025-08-06,2025-08-06_15,0.0,100,100,0,101.15196493249293,123.59030493249293,0.06232872222222223,0.0,24.3895,True,True,True,False,0.0,0.0,60.237640150544834,13.448540857947938,0.0,24028.21590326903,24101.90208427752
2025-08-06T12:15:00Z,2025-08-06T12:30:00Z,2025-08-06,2025-08-06_15,0.0,100,100,0,123.59030493249293,140.74094493249294,0.047640666666666664,0.0,18.642,True,True,True,False,0.0,0.0,60.237640150544834,13.448540857947938,0.0,18363.190998837414,18436.877179845906
2025-08-06T12:30:00Z,2025-08-06T12:45:00Z,2025-08-06,2025-08-06_15,0.0,100,100,0,140.74094493249294,159.80932493249293,0.05296772222222223,0.0,20.7265,True,True,True,False,0.0,0.0,60.237640150544834,13.448540857947938,0.0,20118.929989556447,20192.61617056494
2025-08-06T12:45:00Z,2025-08-06T13:00:00Z,2025-08-06,2025-08-06_15,0.0,100,100,0,159.80932493249293,177.1950249324929,0.048293611111111114,0.0,18.8975,True,True,True,False,0.0,0.0,60.237640150544834,13.448540857947938,0.0,16983.15856174506,17056.84474275355
2025-08-06T13:00:00Z,2025-08-06T13:15:00Z,2025-08-06,2025-08-06_16,62.23102666532004,37,100,0,177.1950249324929,183.91241953929693,0.025887773653606762,0.0,23.0765,True,True,True,False,424.26002429081933,0.0,22.28792685570159,13.448540857947938,0.0,30008.830838932783,30468.827330937253
2025-08-06T13:15:00Z,2025-08-06T13:30:00Z,2025-08-06,2025-08-06_16,62.23102666532004,37,100,0,183.91241953929693,184.94000875032353,0.030965476973257862,0.0,17.5195,True,True,True,False,424.26002429081933,0.0,22.28792685570159,13.448540857947938,0.0,18768.739186092338,19228.735678096808
2025-08-06T13:30:00Z,2025-08-06T13:45:00Z,2025-08-06,2025-08-06_16,62.23102666532004,37,100,0,184.94000875032353,174.45010862789644,0.0412480996817514,0.002035,6.273,True,True,True,False,424.26002429081933,0.0,22.28792685570159,13.448540857947938,0.18813955742970304,4665.541432343493,5125.726063905392
2025-08-06T13:45:00Z,2025-08-06T14:00:00Z,2025-08-06,2025-08-06_16,62.23102666532004,37,100,0,174.45010862789644,161.7808399999966,0.04319301447676262,0.002035,4.1445,True,True,True,False,424.26002429081933,0.0,22.28792685570159,13.448540857947938,0.22353401741906243,775.6917380638041,1235.911764085692
2025-08-06T14:00:00Z,2025-08-06T14:15:00Z,2025-08-06,2025-08-06_17,0.0,100,100,0,161.7808399999966,174.2403999999966,0.03460988888888889,0.0,13.543,True,True,True,False,0.0,0.0,60.14896845258034,13.684998719186583,0.0,12711.016434806595,12784.850401978363
2025-08-06T14:15:00Z,2025-08-06T14:30:00Z,2025-08-06,2025-08-06_17,0.0,100,100,0,174.2403999999966,184.7615199999966,0.029225333333333332,0.0,11.436,True,True,True,False,0.0,0.0,60.14896845258034,13.684998719186583,0.0,8818.237878184791,8892.071845356559
2025-08-06T14:30:00Z,2025-08-06T14:45:00Z,2025-08-06,2025-08-06_17,0.0,100,100,0,184.7615199999966,189.59105999999662,0.01341538888888889,0.0,5.2495,True,True,True,False,0.0,0.0,60.14896845258034,13.684998719186583,0.0,2991.978121342292,3065.812088514059
2025-08-06T14:45:00Z,2025-08-06T15:00:00Z,2025-08-06,2025-08-06_17,0.0,100,100,0,189.59105999999662,184.77554347825748,0.015648323671497582,4.8065,0.4445,True,True,True,False,0.0,0.0,60.14896845258034,13.684998719186583,4304.20469644722,-18.218114839701272,4359.820548779286
2025-08-06T15:00:00Z,2025-08-06T15:15:00Z,2025-08-06,2025-08-06_18,36.74426047574451,63,100,0,184.77554347825748,180.59793884692385,0.031741640850186686,0.280665,6.2285,True,True,True,False,907.215791146132,0.0,37.85660801198052,13.684998719186583,29.923073341346623,4481.16943053065,5469.849901749296
2025-08-06T15:15:00Z,2025-08-06T15:30:00Z,2025-08-06,2025-08-06_18,36.74426047574451,63,100,0,180.59793884692385,173.3780304580538,0.029164478992462543,0.0,2.8175,True,True,True,False,907.215791146132,0.0,37.85660801198052,13.684998719186583,0.0,340.2785394786104,1299.0359373559095
2025-08-06T15:30:00Z,2025-08-06T15:45:00Z,2025-08-06,2025-08-06_18,36.74426047574451,63,100,0,173.3780304580538,163.41018662518593,0.02803439370234222,0.08095500000000001,0.107,True,True,True,False,907.215791146132,0.0,37.85660801198052,13.684998719186583,7.5772182703107465,-6.438153461151944,959.8964626864579
2025-08-06T15:45:00Z,2025-08-06T16:00:00Z,2025-08-06,2025-08-06_18,36.74426047574451,63,100,0,163.41018662518593,152.4926593219945,0.03032646473108734,0.85806,0.0,True,True,True,False,907.215791146132,0.0,37.85660801198052,13.684998719186583,114.04932667047626,0.0,1072.8067245477753
2025-08-06T16:00:00Z,2025-08-06T16:15:00Z,2025-08-06,2025-08-06_19,-2.945755783704467,20,17,80,152.4926593219945,153.19999999999658,0.0024426836053416576,0.0928,0.13957,True,True,True,False,-79.46912665488725,744.842262901732,17.71660525330548,2.2862519458511494,10.822869258507556,-8.099867353051291,688.0989953514577
2025-08-06T16:15:00Z,2025-08-06T16:30:00Z,2025-08-06,2025-08-06_19,-2.945755783704467,20,17,80,153.19999999999658,152.86848873189754,0.003969872430593716,0.9498,0.0,True,True,True,False,-79.46912665488725,744.842262901732,17.71660525330548,2.2862519458511494,124.4610628386766,0.0,809.837056284678
2025-08-06T16:30:00Z,2025-08-06T16:45:00Z,2025-08-06,2025-08-06_19,-2.945755783704467,20,17,80,152.86848873189754,153.19999999999655,0.002597968299443932,0.3257,0.0,True,True,True,False,-79.46912665488725,744.842262901732,17.71660525330548,2.2862519458511494,43.60827072454629,0.0,728.9842641705477
2025-08-06T16:45:00Z,2025-08-06T17:00:00Z,2025-08-06,2025-08-06_19,-2.945755783704467,20,17,80,153.19999999999655,151.75512930562684,0.006273598643452192,1.9978000000000002,0.0,True,True,True,False,-79.46912665488725,744.842262901732,17.71660525330548,2.2862519458511494,407.9761197659067,0.0,1093.352113211908
2025-08-06T17:00:00Z,2025-08-06T17:15:00Z,2025-08-06,2025-08-06_20,-16.41955231333281,100,83,0,151.75512930562684,140.08401904801363,0.04116485900951431,14.579500000000001,0.0,True,True,True,False,-606.6203602160807,0.0,98.48469920589568,11.162288912096788,4906.800837257877,0.0,4409.8274651597885
2025-08-06T17:15:00Z,2025-08-06T17:30:00Z,2025-08-06,2025-08-06_20,-16.41955231333281,100,83,0,140.08401904801363,133.41289224662313,0.031236302629856185,9.8605,0.0,True,True,True,False,-606.6203602160807,0.0,98.48469920589568,11.162288912096788,1778.0648521153123,0.0,1281.091480017224
2025-08-06T17:30:00Z,2025-08-06T17:45:00Z,2025-08-06,2025-08-06_20,-16.41955231333281,100,83,0,133.41289224662313,123.19865362543845,0.03827192300145542,13.2045,0.0,True,True,True,False,-606.6203602160807,0.0,98.48469920589568,11.162288912096788,3242.212255118327,0.0,2745.238883020239
2025-08-06T17:45:00Z,2025-08-06T18:00:00Z,2025-08-06,2025-08-06_20,-16.41955231333281,100,83,0,123.19865362543845,109.75916608695312,0.044676357334932706,16.2485,0.0,True,True,True,False,-606.6203602160807,0.0,98.48469920589568,11.162288912096788,9896.114202151766,0.0,9399.140830053679
2025-08-06T18:00:00Z,2025-08-06T18:15:00Z,2025-08-06,2025-08-06_21,0.0,100,100,0,109.75916608695312,95.25536173912703,0.04028834541062802,13.3435,0.0,True,True,True,False,0.0,0.0,98.48469920589568,12.000236457861236,4037.488740270744,0.0,4147.973675934501
2025-08-06T18:15:00Z,2025-08-06T18:30:00Z,2025-08-06,2025-08-06_21,0.0,100,100,0,95.25536173912703,75.1200356521705,0.055931461352657,18.5245,0.0,True,True,True,False,0.0,0.0,98.48469920589568,12.000236457861236,15812.467061222878,0.0,15922.951996886635
2025-08-06T18:30:00Z,2025-08-06T18:45:00Z,2025-08-06,2025-08-06_21,0.0,100,100,0,75.1200356521705,59.377644347822674,0.043728864734299516,14.483,0.0,True,True,True,False,0.0,0.0,98.48469920589568,12.000236457861236,5262.329800193107,0.0,5372.814735856864
2025-08-06T18:45:00Z,2025-08-06T19:00:00Z,2025-08-06,2025-08-06_21,0.0,100,100,0,59.377644347822674,45.74123130434441,0.03787892512077295,12.5455,0.0,True,True,True,False,0.0,0.0,98.48469920589568,12.000236457861236,3730.778906283868,0.0,3841.2638419476248
2025-08-06T19:00:00Z,2025-08-06T19:15:00Z,2025-08-06,2025-08-06_22,0.0,100,100,0,45.74123130434441,20.923839999996584,0.06893719806763285,22.832,0.0,True,True,True,False,0.0,0.0,79.5976275394589,13.448540857947938,29889.247072454633,0.0,29982.29324085204
2025-08-06T19:15:00Z,2025-08-06T19:30:00Z,2025-08-06,2025-08-06_22,0.0,100,100,0,20.923839999996584,10.331046956518323,0.029736202898550727,9.797,0.061,True,True,True,False,0.0,0.0,79.5976275394589,13.448540857947938,9788.944101164554,-5.048375337445073,9876.941894224516
2025-08-06T19:30:00Z,2025-08-06T19:45:00Z,2025-08-06,2025-08-06_22,0.0,100,100,0,10.331046956518323,10.36301739130093,0.0020936376811594203,0.332,0.42699999999999994,True,True,True,False,0.0,0.0,79.5976275394589,13.448540857947938,51.20496009773591,-32.891090858933175,111.36003763620957
2025-08-06T19:45:00Z,2025-08-06T20:00:00Z,2025-08-06,2025-08-06_22,0.0,100,100,0,10.36301739130093,17.06521739130093,0.018617222222222223,0.0,7.285,True,True,True,False,0.0,0.0,79.5976275394589,13.448540857947938,0.0,485.102995132909,578.1491635303158
2025-08-06T20:00:00Z,2025-08-06T20:15:00Z,2025-08-06,2025-08-06_23,0.0,0,0,13,17.06521739130093,17.06521739130093,0.0,0.0,0.0,True,False,True,False,0.0,121.03686772153145,0.0,0.0,0.0,0.0,121.03686772153145
2025-08-06T20:15:00Z,2025-08-06T20:30:00Z,2025-08-06,2025-08-06_23,0.0,0,0,13,17.06521739130093,17.06521739130093,0.0,0.0,0.0,True,False,True,False,0.0,121.03686772153145,0.0,0.0,0.0,0.0,121.03686772153145
2025-08-06T20:30:00Z,2025-08-06T20:45:00Z,2025-08-06,2025-08-06_23,0.0,0,0,13,17.06521739130093,17.06521739130093,0.0,0.0,0.0,True,False,True,False,0.0,121.03686772153145,0.0,0.0,0.0,0.0,121.03686772153145
2025-08-06T20:45:00Z,2025-08-06T21:00:00Z,2025-08-06,2025-08-06_23,0.0,0,0,13,17.06521739130093,17.06521739130093,0.0,0.0,0.0,True,False,True,False,0.0,121.03686772153145,0.0,0.0,0.0,0.0,121.03686772153145
2025-08-06T21:00:00Z,2025-08-06T21:15:00Z,2025-08-07,2025-08-06_24,0.0,100,100,0,17.06521739130093,23.332717391300932,0.017409722222222226,0.0,6.812500000000001,True,True,True,False,0.0,0.0,69.63958460598656,27.341517725185724,0.0,4831.123970382487,4928.105072713659
2025-08-06T21:15:00Z,2025-08-06T21:30:00Z,2025-08-07,2025-08-06_24,0.0,100,100,0,23.332717391300932,39.180637391300934,0.044022,0.0,17.226,True,True,True,False,0.0,0.0,69.63958460598656,27.341517725185724,0.0,16490.279023390547,16587.26012572172
2025-08-06T21:30:00Z,2025-08-06T21:45:00Z,2025-08-07,2025-08-06_24,0.0,100,100,0,39.180637391300934,45.374077391300936,0.017204,0.0,6.732,True,True,True,False,0.0,0.0,69.63958460598656,27.341517725185724,0.0,3603.683496561373,3700.664598892545
2025-08-06T21:45:00Z,2025-08-06T22:00:00Z,2025-08-07,2025-08-06_24,0.0,100,100,0,45.374077391300936,46.482217391300935,0.0030781666666666666,0.0,1.2045,True,True,True,False,0.0,0.0,69.63958460598656,27.341517725185724,0.0,-46.539884328137624,50.441218003034656
2025-08-06T22:00:00Z,2025-08-06T22:15:00Z,2025-08-07,2025-08-07_1,0.0,100,100,0,46.482217391300935,43.60971217390963,0.008518403381642512,2.732,0.1055,True,True,True,False,0.0,0.0,69.63958460598656,27.341517725185724,367.5066782272844,-4.128422665379234,460.35935789307746
2025-08-06T22:15:00Z,2025-08-06T22:30:00Z,2025-08-07,2025-08-07_1,0.0,100,100,0,43.60971217390963,45.83183999999658,0.006842867149758455,0.11100000000000002,2.5465,True,True,True,False,0.0,0.0,69.63958460598656,27.341517725185724,13.408280292431082,207.99736930261886,318.38675192622225
2025-08-06T22:30:00Z,2025-08-06T22:45:00Z,2025-08-07,2025-08-07_1,0.0,100,100,0,45.83183999999658,60.708239999996586,0.04132333333333334,0.0,16.17,True,True,True,False,0.0,0.0,69.63958460598656,27.341517725185724,0.0,14723.53268764656,14820.513789977733
2025-08-06T22:45:00Z,2025-08-06T23:00:00Z,2025-08-07,2025-08-07_1,0.0,100,100,0,60.708239999996586,64.81656869564875,0.011925309178743963,0.085,4.566,True,True,True,False,0.0,0.0,69.63958460598656,27.341517725185724,10.267602025735513,3065.7126509941468,3172.9613553510544
2025-08-06T23:00:00Z,2025-08-06T23:15:00Z,2025-08-07,2025-08-07_2,-16.436401019409097,100,83,0,64.81656869564875,59.34350025573531,0.028980780461233986,8.756,0.02573,True,True,True,False,-390.2412512033205,0.0,60.978974126549346,33.85618854316512,5102.277022878199,-0.9634287110568112,4805.907505633536
2025-08-06T23:15:00Z,2025-08-06T23:30:00Z,2025-08-07,2025-08-07_2,-16.436401019409097,100,83,0,59.34350025573531,58.51333142496807,0.019659696868793448,4.353,0.0016600000000000002,True,True,True,False,-390.2412512033205,0.0,60.978974126549346,33.85618854316512,1492.111333083729,-0.12757404378583956,1196.5776705063372
2025-08-06T23:30:00Z,2025-08-06T23:45:00Z,2025-08-07,2025-08-07_2,-16.436401019409097,100,83,0,58.51333142496807,62.09225724121171,0.010948159755062506,0.1995,0.01079,True,True,True,False,-390.2412512033205,0.0,60.978974126549346,33.85618854316512,22.87997320038623,-0.7641366287662323,-273.29025196198603
2025-08-06T23:45:00Z,2025-08-07T00:00:00Z,2025-08-07,2025-08-07_2,-16.436401019409097,100,83,0,62.09225724121171,64.08419217391298,0.014063603320105523,1.6905,0.0029050000000000005,True,True,True,False,-390.2412512033205,0.0,60.978974126549346,33.85618854316512,202.1004792401521,-0.22325457662521925,-93.52886387007912
2025-08-07T00:00:00Z,2025-08-07T00:15:00Z,2025-08-07,2025-08-07_3,0.0,100,100,0,64.08419217391298,37.37332260869559,0.07419685990338165,24.574,0.0,True,True,True,False,0.0,0.0,62.45689400358641,34.7606755079118,32778.91318777465,0.0,32876.13075728615
2025-08-07T00:15:00Z,2025-08-07T00:30:00Z,2025-08-07,2025-08-07_3,0.0,100,100,0,37.37332260869559,44.23756260869559,0.02774788888888889,1.4375,9.1595,True,True,True,False,0.0,0.0,62.45689400358641,34.7606755079118,1067.6049938912647,2192.8200737974657,3357.642637200229
2025-08-07T00:30:00Z,2025-08-07T00:45:00Z,2025-08-07,2025-08-07_3,0.0,100,100,0,44.23756260869559,48.11168260869559,0.010761444444444445,0.0,4.211,True,True,True,False,0.0,0.0,62.45689400358641,34.7606755079118,0.0,48.96251108439908,146.1800805958973
2025-08-07T00:45:00Z,2025-08-07T01:00:00Z,2025-08-07,2025-08-07_3,0.0,100,100,0,48.11168260869559,52.934782608695585,0.0133975,0.0,5.2425,True,True,True,False,0.0,0.0,62.45689400358641,34.7606755079118,0.0,111.36244802648433,208.58001753798254
2025-08-07T01:00:00Z,2025-08-07T01:15:00Z,2025-08-07,2025-08-07_4,-11.79271442551824,21,9,79,52.934782608695585,55.80413083790982,0.007972635729840121,0.00084,0.17158500000000002,True,True,True,False,-237.8295681766391,735.5607228013479,13.115947740753146,3.128460795712061,0.10693045894338582,3.801229718998168,517.8837233391156
2025-08-07T01:15:00Z,2025-08-07T01:30:00Z,2025-08-07,2025-08-07_4,-11.79271442551824,21,9,79,55.80413083790982,58.521761168176695,0.007561205040755733,0.00462,0.010754999999999999,True,True,True,False,-237.8295681766391,735.5607228013479,13.115947740753146,3.128460795712061,0.588117524188622,-0.6135968362661832,513.9500838490965
2025-08-07T01:30:00Z,2025-08-07T01:45:00Z,2025-08-07,2025-08-07_4,-11.79271442551824,21,9,79,58.521761168176695,61.22285193563661,0.007551957514112972,0.01848,0.0077399999999999995,True,True,True,False,-237.8295681766391,735.5607228013479,13.115947740753146,3.128460795712061,2.352470096754488,-0.460135503576566,515.8678977543519
2025-08-07T01:45:00Z,2025-08-07T02:00:00Z,2025-08-07,2025-08-07_4,-11.79271442551824,21,9,79,61.22285193563661,63.85579148695646,0.007526111259067941,0.08022,0.000315,True,True,True,False,-237.8295681766391,735.5607228013479,13.115947740753146,3.128460795712061,10.246952213923976,-0.024208327585867145,524.1983070475121
2025-08-07T02:00:00Z,2025-08-07T02:15:00Z,2025-08-07,2025-08-07_5,0.0,1,1,99,63.85579148695646,63.856968339130376,4.9598550724637686e-06,0.00028000000000000003,0.00161,True,True,True,False,0.0,1090.039805308688,0.5689991526592705,0.20897787061304116,0.035643486314461945,-0.10705467318265119,1090.746371145092
2025-08-07T02:15:00Z,2025-08-07T02:30:00Z,2025-08-07,2025-08-07_5,0.0,1,1,99,63.856968339130376,63.857475295652115,3.7028985507246377e-06,0.00037999999999999997,0.001,True,True,True,False,0.0,1090.039805308688,0.5689991526592705,0.20897787061304116,0.0483733028553412,-0.06112676611425306,1090.8050288687016
2025-08-07T02:30:00Z,2025-08-07T02:45:00Z,2025-08-07,2025-08-07_5,0.0,1,1,99,63.857475295652115,63.8552834260869,6.471859903381642e-06,0.00208,7.5e-05,True,True,True,False,0.0,1090.039805308688,0.5689991526592705,0.20897787061304116,0.2647801840502887,-0.005763887520444558,1091.0767986284902
2025-08-07T02:45:00Z,2025-08-07T03:00:00Z,2025-08-07,2025-08-07_5,0.0,1,1,99,63.8552834260869,63.85952135652168,1.3221304347826088e-05,0.00024,0.00489,True,True,True,False,0.0,1090.039805308688,0.5689991526592705,0.20897787061304116,0.030551559698110235,-0.23141907896033262,1090.6169148126983
2025-08-07T03:00:00Z,2025-08-07T03:15:00Z,2025-08-07,2025-08-07_6,0.0,1,1,99,63.85952135652168,63.825040513043426,0.00010234789855072463,0.03281,0.0012850000000000001,True,True,True,False,0.0,1090.039805308688,0.6632904408142354,0.1980412635229669,5.095807367923227,-0.06028538238713619,1095.9366589985614
2025-08-07T03:15:00Z,2025-08-07T03:30:00Z,2025-08-07,2025-08-07_6,0.0,1,1,99,63.825040513043426,63.81630097391299,2.4455386473429955e-05,0.00807,3.5000000000000004e-05,True,True,True,False,0.0,1090.039805308688,0.6632904408142354,0.1980412635229669,1.0786387412063767,-0.0026898141762074605,1091.9770859400555
2025-08-07T03:30:00Z,2025-08-07T03:45:00Z,2025-08-07,2025-08-07_6,0.0,1,1,99,63.81630097391299,63.804347826086904,3.376541062801932e-05,0.01109,0.00010999999999999999,True,True,True,False,0.0,1090.039805308688,0.6632904408142354,0.1980412635229669,1.5108707253630758,-0.008453701696652018,1092.4035540366917
2025-08-07T03:45:00Z,2025-08-07T04:00:00Z,2025-08-07,2025-08-07_6,0.0,1,1,99,63.804347826086904,63.81916911304343,5.880309178743962e-05,0.00292,0.01956,True,True,True,False,0.0,1090.039805308688,0.6632904408142354,0.1980412635229669,0.3944782075787731,-0.883755697873766,1090.4118595227303
2025-08-07T04:00:00Z,2025-08-07T04:15:00Z,2025-08-07,2025-08-07_7,0.0,1,1,99,63.81916911304343,63.83238491304343,3.671055555555556e-05,0.0,0.014365000000000001,True,True,True,False,0.0,1090.039805308688,1.0108971958933535,0.18444440065422585,0.0,-0.611113318028652,1090.624033587207
2025-08-07T04:15:00Z,2025-08-07T04:30:00Z,2025-08-07,2025-08-07_7,0.0,1,1,99,63.83238491304343,63.84851711304343,4.481166666666668e-05,0.0,0.017535000000000002,True,True,True,False,0.0,1090.039805308688,1.0108971958933535,0.18444440065422585,0.0,-0.7615235541017205,1090.473623351134
2025-08-07T04:30:00Z,2025-08-07T04:45:00Z,2025-08-07,2025-08-07_7,0.0,1,1,99,63.84851711304343,63.87312711304343,6.836111111111111e-05,0.0,0.02675,True,True,True,False,0.0,1090.039805308688,1.0108971958933535,0.18444440065422585,0.0,-0.9872677695233215,1090.2478791357123
2025-08-07T04:45:00Z,2025-08-07T05:00:00Z,2025-08-07,2025-08-07_7,0.0,1,1,99,63.87312711304343,63.928258113043434,0.00015314166666666667,0.0,0.059925,True,True,True,False,0.0,1090.039805308688,1.0108971958933535,0.18444440065422585,0.0,-2.048552426744438,1089.1865944784913
2025-08-07T05:00:00Z,2025-08-07T05:15:00Z,2025-08-07,2025-08-07_8,0.20693589437386062,0,1,99,63.928258113043434,63.873815312982686,0.0001588301978476535,0.0,0.001875,True,True,True,False,3.074550050659634,1090.039805308688,0.0,0.1980412635229669,0.0,-0.09068627209490215,1093.2217103507758
2025-08-07T05:15:00Z,2025-08-07T05:30:00Z,2025-08-07,2025-08-07_8,0.20693589437386062,0,1,99,63.873815312982686,63.81870910116042,0.00015785586835666157,0.0,0.0011799999999999998,True,True,True,False,3.074550050659634,1090.039805308688,0.0,0.1980412635229669,0.0,-0.05857005931385106,1093.253826563557
2025-08-07T05:30:00Z,2025-08-07T05:45:00Z,2025-08-07,2025-08-07_8,0.20693589437386062,0,1,99,63.81870910116042,63.804347826086904,0.00021769652205880718,0.0,0.043865,True,True,True,False,3.074550050659634,1090.039805308688,0.0,0.1980412635229669,0.0,-0.13311545510079414,1093.17928116777
2025-08-07T05:45:00Z,2025-08-07T06:00:00Z,2025-08-07,2025-08-07_8,0.20693589437386062,0,1,99,63.804347826086904,63.852318620117124,0.00030924143682394955,0.0,0.109165,True,True,True,False,3.074550050659634,1090.039805308688,0.0,0.1980412635229669,0.0,8.087356739314638,1101.3997533621853
2025-08-07T06:00:00Z,2025-08-07T06:15:00Z,2025-08-07,2025-08-07_9,-10.422388925797849,100,89,0,63.852318620117124,55.77309434660732,0.0327864186283909,10.21,0.48238000000000003,True,True,True,False,-39.29240625025789,0.0,61.895284450312346,30.937001202041497,5182.129792894162,-2.321834567560644,5233.347837728697
2025-08-07T06:15:00Z,2025-08-07T06:30:00Z,2025-08-07,2025-08-07_9,-10.422388925797849,100,89,0,55.77309434660732,54.245509291569846,0.015606046576392571,3.6695000000000007,0.0,True,True,True,False,-39.29240625025789,0.0,61.895284450312346,30.937001202041497,397.9925512838198,0.0,451.53243068591576
2025-08-07T06:30:00Z,2025-08-07T06:45:00Z,2025-08-07,2025-08-07_9,-10.422388925797849,100,89,0,54.245509291569846,52.730224126665,0.015578006263515,3.6580000000000004,0.0,True,True,True,False,-39.29240625025789,0.0,61.895284450312346,30.937001202041497,403.4302504581552,0.0,456.9701298602511
2025-08-07T06:45:00Z,2025-08-07T07:00:00Z,2025-08-07,2025-08-07_9,-10.422388925797849,100,89,0,52.730224126665,53.20640813913049,0.011127046174239354,1.8124999999999998,0.019135,True,True,True,False,-39.29240625025789,0.0,61.895284450312346,30.937001202041497,147.21798825546335,-1.4705598360494214,199.2873078215099
2025-08-07T07:00:00Z,2025-08-07T07:15:00Z,2025-08-07,2025-08-07_10,0.0,29,29,71,53.20640813913049,52.96580749565223,0.0008061817874396135,0.24418,0.026969999999999997,True,True,True,False,0.0,781.7457189587562,17.949632490590577,10.08059589729442,15.231862462805683,-1.1756426389737322,823.8321671704732
2025-08-07T07:15:00Z,2025-08-07T07:30:00Z,2025-08-07,2025-08-07_10,0.0,29,29,71,52.96580749565223,53.5176903565218,0.0016678509420289857,0.02233,0.626255,True,True,True,False,0.0,781.7457189587562,17.949632490590577,10.08059589729442,1.2144717914359469,-6.227378920921434,804.7630402171558
2025-08-07T07:30:00Z,2025-08-07T07:45:00Z,2025-08-07,2025-08-07_10,0.0,29,29,71,53.5176903565218,54.18494606086963,0.002104786376811594,0.041615,0.7744449999999999,True,True,True,False,0.0,781.7457189587562,17.949632490590577,10.08059589729442,4.398494009498098,-17.08198557254616,797.0924557835932
2025-08-07T07:45:00Z,2025-08-07T08:00:00Z,2025-08-07,2025-08-07_10,0.0,29,29,71,54.18494606086963,55.24881106086963,0.0029551805555555555,0.0,1.156375,True,True,True,False,0.0,781.7457189587562,17.949632490590577,10.08059589729442,0.0,585.3604111573097,1395.136358503951
2025-08-07T08:00:00Z,2025-08-07T08:15:00Z,2025-08-07,2025-08-07_11,-29.000000000000007,0,0,71,55.24881106086963,61.91881106086963,0.018527777777777782,0.0,0.0,True,False,True,False,-0.0,781.7457189587562,0.0,0.0,0.0,0.0,781.7457189587562
2025-08-07T08:15:00Z,2025-08-07T08:30:00Z,2025-08-07,2025-08-07_11,-29.000000000000007,0,0,71,61.91881106086963,68.58881106086963,0.018527777777777782,0.0,0.0,True,False,True,False,-0.0,781.7457189587562,0.0,0.0,0.0,0.0,781.7457189587562
2025-08-07T08:30:00Z,2025-08-07T08:45:00Z,2025-08-07,2025-08-07_11,-29.000000000000007,0,0,71,68.58881106086963,75.25881106086963,0.018527777777777782,0.0,0.0,True,False,True,False,-0.0,781.7457189587562,0.0,0.0,0.0,0.0,781.7457189587562
2025-08-07T08:45:00Z,2025-08-07T09:00:00Z,2025-08-07,2025-08-07_11,-29.000000000000007,0,0,71,75.25881106086963,81.92881106086963,0.018527777777777782,0.0,0.0,True,False,True,False,-0.0,781.7457189587562,0.0,0.0,0.0,0.0,781.7457189587562
2025-08-07T09:00:00Z,2025-08-07T09:15:00Z,2025-08-07,2025-08-07_12,-28.99999999999999,0,0,71,81.92881106086963,88.59881106086964,0.01852777777777777,0.0,0.0,True,False,True,False,-0.0,781.7457189587562,0.0,0.0,0.0,0.0,781.7457189587562
2025-08-07T09:15:00Z,2025-08-07T09:30:00Z,2025-08-07,2025-08-07_12,-28.99999999999999,0,0,71,88.59881106086964,95.26881106086964,0.01852777777777777,0.0,0.0,True,False,True,False,-0.0,781.7457189587562,0.0,0.0,0.0,0.0,781.7457189587562
2025-08-07T09:30:00Z,2025-08-07T09:45:00Z,2025-08-07,2025-08-07_12,-28.99999999999999,0,0,71,95.26881106086964,101.93881106086964,0.01852777777777777,0.0,0.0,True,False,True,False,-0.0,781.7457189587562,0.0,0.0,0.0,0.0,781.7457189587562
2025-08-07T09:45:00Z,2025-08-07T10:00:00Z,2025-08-07,2025-08-07_12,-28.99999999999999,0,0,71,101.93881106086964,108.60881106086964,0.01852777777777777,0.0,0.0,True,False,True,False,-0.0,781.7457189587562,0.0,0.0,0.0,0.0,781.7457189587562
2025-08-07T10:00:00Z,2025-08-07T10:15:00Z,2025-08-07,2025-08-07_13,0.0,29,29,71,108.60881106086964,110.22935426086964,0.004501508888888889,0.0,1.7614599999999998,True,True,True,False,0.0,781.7457189587562,17.949632490590577,13.680808717756713,0.0,511.99870170453426,1325.3748618716377
2025-08-07T10:15:00Z,2025-08-07T10:30:00Z,2025-08-07,2025-08-07_13,0.0,29,29,71,110.22935426086964,110.31580099130443,0.0003075513043478261,0.011165,0.107155,True,True,True,False,0.0,781.7457189587562,17.949632490590577,13.680808717756713,0.5478323841803456,-5.2805938390446725,808.6433987122392
2025-08-07T10:30:00Z,2025-08-07T10:45:00Z,2025-08-07,2025-08-07_13,0.0,29,29,71,110.31580099130443,110.2969409043479,0.00013761690821256038,0.031465,0.016675,True,True,True,False,0.0,781.7457189587562,17.949632490590577,13.680808717756713,1.5438912645082468,-1.184356439789544,813.7356949918222
2025-08-07T10:45:00Z,2025-08-07T11:00:00Z,2025-08-07,2025-08-07_13,0.0,29,29,71,110.2969409043479,110.28147507826095,0.00012077729468599034,0.027115,0.015224999999999999,True,True,True,False,0.0,781.7457189587562,17.949632490590577,13.680808717756713,1.3304500758665536,-1.1357801397126923,813.5708301032574
2025-08-07T11:00:00Z,2025-08-07T11:15:00Z,2025-08-07,2025-08-07_14,-29.0,29,0,71,110.28147507826095,116.94640587826095,0.018513696666666666,0.005509999999999999,0.0,True,True,True,False,22.475,781.7457189587562,17.949632490590577,0.0,0.2540721619011961,0.0,822.424423611248
2025-08-07T11:15:00Z,2025-08-07T11:30:00Z,2025-08-07,2025-08-07_14,-29.0,29,0,71,116.94640587826095,123.61613907826094,0.018527036666666667,0.00029,0.0,True,True,True,False,22.475,781.7457189587562,17.949632490590577,0.0,0.013372219047431374,0.0,822.1837236683942
2025-08-07T11:30:00Z,2025-08-07T11:45:00Z,2025-08-07,2025-08-07_14,-29.0,29,0,71,123.61613907826094,130.28587227826094,0.018527036666666667,0.00029,0.0,True,True,True,False,22.475,781.7457189587562,17.949632490590577,0.0,0.013372219047431374,0.0,822.1837236683942
2025-08-07T11:45:00Z,2025-08-07T12:00:00Z,2025-08-07,2025-08-07_14,-29.0,29,0,71,130.28587227826094,136.95547207826093,0.018526666111111114,0.000435,0.0,True,True,True,False,22.475,781.7457189587562,17.949632490590577,0.0,0.020058328571147064,0.0,822.1904097779179
2025-08-07T12:00:00Z,2025-08-07T12:15:00Z,2025-08-07,2025-08-07_15,0.0,100,100,0,136.95547207826093,151.7711520782609,0.041154666666666666,0.0,16.104,True,True,True,False,0.0,0.0,61.895284450312346,19.804126352296688,0.0,15463.197446154452,15544.89685695706
2025-08-07T12:15:00Z,2025-08-07T12:30:00Z,2025-08-07,2025-08-07_15,0.0,100,100,0,151.7711520782609,153.79223903478263,0.007483091787439613,0.3095,2.5625,True,True,True,False,0.0,0.0,61.895284450312346,19.804126352296688,15.2472067314324,246.0206022030859,342.9672197371273
2025-08-07T12:30:00Z,2025-08-07T12:45:00Z,2025-08-07,2025-08-07_15,0.0,100,100,0,153.79223903478263,140.9514781652174,0.03566878019323671,11.8135,0.0,True,True,True,False,0.0,0.0,61.895284450312346,19.804126352296688,9992.036944646972,0.0,10073.73635544958
2025-08-07T12:45:00Z,2025-08-07T13:00:00Z,2025-08-07,2025-08-07_15,0.0,100,100,0,140.9514781652174,130.61669555652173,0.02870772946859903,9.508,0.0,True,True,True,False,0.0,0.0,61.895284450312346,19.804126352296688,2859.1187593355276,0.0,2940.818170138137
2025-08-07T13:00:00Z,2025-08-07T13:15:00Z,2025-08-07,2025-08-07_16,-29.000000000000007,0,0,71,130.61669555652173,137.28669555652175,0.018527777777777782,0.0,0.0,True,False,True,False,-0.07250000000000002,781.7457189587562,0.0,0.0,0.0,0.0,781.6732189587563
2025-08-07T13:15:00Z,2025-08-07T13:30:00Z,2025-08-07,2025-08-07_16,-29.000000000000007,0,0,71,137.28669555652175,143.95669555652177,0.018527777777777782,0.0,0.0,True,False,True,False,-0.07250000000000002,781.7457189587562,0.0,0.0,0.0,0.0,781.6732189587563
2025-08-07T13:30:00Z,2025-08-07T13:45:00Z,2025-08-07,2025-08-07_16,-29.000000000000007,0,0,71,143.95669555652177,150.62669555652178,0.018527777777777782,0.0,0.0,True,False,True,False,-0.07250000000000002,781.7457189587562,0.0,0.0,0.0,0.0,781.6732189587563
2025-08-07T13:45:00Z,2025-08-07T14:00:00Z,2025-08-07,2025-08-07_16,-29.000000000000007,0,0,71,150.62669555652178,157.2966955565218,0.018527777777777782,0.0,0.0,True,False,True,False,-0.07250000000000002,781.7457189587562,0.0,0.0,0.0,0.0,781.6732189587563
2025-08-07T14:00:00Z,2025-08-07T14:15:00Z,2025-08-07,2025-08-07_17,49.0,51,100,0,157.2966955565218,166.2902551043479,0.033064446811594206,0.0,22.2685,True,True,True,False,474.32,0.0,31.566595069659293,19.804126352296688,0.0,21827.74193637062,22353.43265779258
2025-08-07T14:15:00Z,2025-08-07T14:30:00Z,2025-08-07,2025-08-07_17,49.0,51,100,0,166.2902551043479,169.04404919130442,0.03416150531400966,0.0,16.04,True,True,True,False,474.32,0.0,31.566595069659293,19.804126352296688,0.0,13759.1004315526,14284.791152974556
2025-08-07T14:30:00Z,2025-08-07T14:45:00Z,2025-08-07,2025-08-07_17,49.0,51,100,0,169.04404919130442,157.20224142608703,0.036781753792270534,0.019125,1.4915,True,True,True,False,474.32,0.0,31.566595069659293,19.804126352296688,1.6808382761542553,-23.1350468993241,504.2365127987861
2025-08-07T14:45:00Z,2025-08-07T15:00:00Z,2025-08-07,2025-08-07_17,49.0,51,100,0,157.20224142608703,144.00000000000006,0.037108206183574875,0.04998,0.167,True,True,True,False,474.32,0.0,31.566595069659293,19.804126352296688,4.3925906950164535,-7.516201154748064,522.5671109622243
2025-08-07T15:00:00Z,2025-08-07T15:15:00Z,2025-08-07,2025-08-07_18,0.0,0,0,100,144.00000000000006,144.00000000000006,0.0,0.0,0.0,True,False,True,False,0.0,1101.0503083926144,0.0,0.0,0.0,0.0,1101.0503083926144
2025-08-07T15:15:00Z,2025-08-07T15:30:00Z,2025-08-07,2025-08-07_18,0.0,0,0,100,144.00000000000006,144.00000000000006,0.0,0.0,0.0,True,False,True,False,0.0,1101.0503083926144,0.0,0.0,0.0,0.0,1101.0503083926144
2025-08-07T15:30:00Z,2025-08-07T15:45:00Z,2025-08-07,2025-08-07_18,0.0,0,0,100,144.00000000000006,144.00000000000006,0.0,0.0,0.0,True,False,True,False,0.0,1101.0503083926144,0.0,0.0,0.0,0.0,1101.0503083926144
2025-08-07T15:45:00Z,2025-08-07T16:00:00Z,2025-08-07,2025-08-07_18,0.0,0,0,100,144.00000000000006,144.00000000000006,0.0,0.0,0.0,True,False,True,False,0.0,1101.0503083926144,0.0,0.0,0.0,0.0,1101.0503083926144
2025-08-07T16:00:00Z,2025-08-07T16:15:00Z,2025-08-07,2025-08-07_19,0.0,100,100,0,144.00000000000006,154.12276000000006,0.02811877777777778,0.0,11.003,True,True,True,False,0.0,0.0,98.51813900329083,19.804126352296688,0.0,6299.482563304235,6417.804828659822
2025-08-07T16:15:00Z,2025-08-07T16:30:00Z,2025-08-07,2025-08-07_19,0.0,100,100,0,154.12276000000006,153.99113130434787,0.0007183019323671497,0.1795,0.069,True,True,True,False,0.0,0.0,98.51813900329083,19.804126352296688,16.04775346325891,-5.302776518808994,129.06724230003744
2025-08-07T16:30:00Z,2025-08-07T16:45:00Z,2025-08-07,2025-08-07_19,0.0,100,100,0,153.99113130434787,153.2768408695653,0.0021221400966183576,0.68,0.027,True,True,True,False,0.0,0.0,98.51813900329083,19.804126352296688,80.56392693164129,-2.0749995073600407,196.81119277986878
2025-08-07T16:45:00Z,2025-08-07T17:00:00Z,2025-08-07,2025-08-07_19,0.0,100,100,0,153.2768408695653,136.4496669565218,0.0467421497584541,15.481,0.0,True,True,True,False,0.0,0.0,98.51813900329083,19.804126352296688,12243.62628785938,0.0,12361.948553214968
2025-08-07T17:00:00Z,2025-08-07T17:15:00Z,2025-08-07,2025-08-07_20,0.0,100,100,0,136.4496669565218,133.34151478260875,0.008633756038647343,2.8595,0.0,True,True,True,False,0.0,0.0,101.38530356474274,19.804126352296688,408.8368814905315,0.0,530.0263114075709
2025-08-07T17:15:00Z,2025-08-07T17:30:00Z,2025-08-07,2025-08-07_20,0.0,100,100,0,133.34151478260875,134.6235321739131,0.004309951690821256,0.124,1.54,True,True,True,False,0.0,0.0,101.38530356474274,19.804126352296688,11.606597434331093,-105.34708258616273,27.448944765207795
2025-08-07T17:30:00Z,2025-08-07T17:45:00Z,2025-08-07,2025-08-07_20,0.0,100,100,0,134.6235321739131,134.1117913043479,0.0023466135265700484,0.624,0.181,True,True,True,False,0.0,0.0,101.38530356474274,19.804126352296688,79.44327743511931,-13.910181882672866,186.72252546948587
2025-08-07T17:45:00Z,2025-08-07T18:00:00Z,2025-08-07,2025-08-07_20,0.0,100,100,0,134.1117913043479,120.43461739130441,0.0379921497584541,12.583,0.0,True,True,True,False,0.0,0.0,101.38530356474274,19.804126352296688,8577.062462608626,0.0,8698.251892525666
2025-08-07T18:00:00Z,2025-08-07T18:15:00Z,2025-08-07,2025-08-07_21,51.00000000000001,0,0,49,120.43461739130441,106.57592173913051,0.03849637681159421,0.0,0.0,True,False,True,False,2195.8050000000003,539.514651112381,0.0,0.0,0.0,0.0,2735.3196511123815
2025-08-07T18:15:00Z,2025-08-07T18:30:00Z,2025-08-07,2025-08-07_21,51.00000000000001,0,0,49,106.57592173913051,92.7172260869566,0.03849637681159421,0.0,0.0,True,False,True,False,2195.8050000000003,539.514651112381,0.0,0.0,0.0,0.0,2735.3196511123815
2025-08-07T18:30:00Z,2025-08-07T18:45:00Z,2025-08-07,2025-08-07_21,51.00000000000001,0,0,49,92.7172260869566,78.8585304347827,0.03849637681159421,0.0,0.0,True,False,True,False,2195.8050000000003,539.514651112381,0.0,0.0,0.0,0.0,2735.3196511123815
2025-08-07T18:45:00Z,2025-08-07T19:00:00Z,2025-08-07,2025-08-07_21,51.00000000000001,0,0,49,78.8585304347827,64.99983478260879,0.03849637681159421,0.0,0.0,True,False,True,False,2195.8050000000003,539.514651112381,0.0,0.0,0.0,0.0,2735.3196511123815
2025-08-07T19:00:00Z,2025-08-07T19:15:00Z,2025-08-07,2025-08-07_22,0.0,0,0,100,64.99983478260879,64.99983478260879,0.0,0.0,0.0,True,False,True,False,0.0,1101.0503083926144,0.0,0.0,0.0,0.0,1101.0503083926144
2025-08-07T19:15:00Z,2025-08-07T19:30:00Z,2025-08-07,2025-08-07_22,0.0,0,0,100,64.99983478260879,64.99983478260879,0.0,0.0,0.0,True,False,True,False,0.0,1101.0503083926144,0.0,0.0,0.0,0.0,1101.0503083926144
2025-08-07T19:30:00Z,2025-08-07T19:45:00Z,2025-08-07,2025-08-07_22,0.0,0,0,100,64.99983478260879,64.99983478260879,0.0,0.0,0.0,True,False,True,False,0.0,1101.0503083926144,0.0,0.0,0.0,0.0,1101.0503083926144
2025-08-07T19:45:00Z,2025-08-07T20:00:00Z,2025-08-07,2025-08-07_22,0.0,0,0,100,64.99983478260879,64.99983478260879,0.0,0.0,0.0,True,False,True,False,0.0,1101.0503083926144,0.0,0.0,0.0,0.0,1101.0503083926144
2025-08-07T20:00:00Z,2025-08-07T20:15:00Z,2025-08-07,2025-08-07_23,92.77029367579213,7,100,0,64.99983478260879,51.49172544945046,0.041545102392200925,0.0,10.886,True,True,True,False,2551.1830760842836,0.0,4.920290854631801,25.508897077659764,0.0,1290.4308633022642,3872.043127318839
2025-08-07T20:15:00Z,2025-08-07T20:30:00Z,2025-08-07,2025-08-07_23,92.77029367579213,7,100,0,51.49172544945046,44.77474621511981,0.025015468883892836,0.0,17.204,True,True,True,False,2551.1830760842836,0.0,4.920290854631801,25.508897077659764,0.0,3038.5416162531774,5620.153880269752
2025-08-07T20:30:00Z,2025-08-07T20:45:00Z,2025-08-07,2025-08-07_23,92.77029367579213,7,100,0,44.77474621511981,24.67597303248985,0.05758680037513716,0.0,4.7545,True,True,True,False,2551.1830760842836,0.0,4.920290854631801,25.508897077659764,0.0,-281.0951616844346,2300.5171023321404
2025-08-07T20:45:00Z,2025-08-07T21:00:00Z,2025-08-07,2025-08-07_23,92.77029367579213,7,100,0,24.67597303248985,10.000000000000055,0.04438768656547993,0.0,9.7995,True,True,True,False,2551.1830760842836,0.0,4.920290854631801,25.508897077659764,0.0,-387.2199614755552,2194.39230254102
2025-08-07T21:00:00Z,2025-08-07T21:15:00Z,2025-08-08,2025-08-07_24,-59.52451154179538,67,40,0,10.000000000000055,21.467432891526876,0.03353844795845557,2.500105,0.1342,True,True,True,False,-1507.160632238259,0.0,43.91526726584673,9.614474929044466,392.9204557661227,-7.956486715547147,-1068.6669209927923
2025-08-07T21:15:00Z,2025-08-07T21:30:00Z,2025-08-08,2025-08-07_24,-59.52451154179538,67,40,0,21.467432891526876,35.10202327274366,0.037914489824710775,0.0603,0.0006000000000000001,True,True,True,False,-1507.160632238259,0.0,43.91526726584673,9.614474929044466,7.677743614001892,-0.046121097445600764,-1445.9992675268115
2025-08-07T21:30:00Z,2025-08-07T21:45:00Z,2025-08-08,2025-08-07_24,-59.52451154179538,67,40,0,35.10202327274366,48.81982217147403,0.03812485934986463,0.029479999999999996,0.0596,True,True,True,False,-1507.160632238259,0.0,43.91526726584673,9.614474929044466,3.7535635446231472,-3.7518890728476824,-1453.6292155715923
2025-08-07T21:45:00Z,2025-08-07T22:00:00Z,2025-08-08,2025-08-07_24,-59.52451154179538,67,40,0,48.81982217147403,63.80434782608697,0.041623682373924824,0.0,1.4063999999999999,True,True,True,False,-1507.160632238259,0.0,43.91526726584673,9.614474929044466,0.0,-57.26611542100283,-1510.8970054643707
2025-08-07T22:00:00Z,2025-08-07T22:15:00Z,2025-08-08,2025-08-08_1,0.0,1,1,99,63.80434782608697,63.86084502608697,0.00015693666666666668,0.0,0.06141,True,True,True,False,0.0,1090.2761352885525,0.6504257332071902,0.2628311258278146,0.0,-2.325618099574267,1088.8637740480133
2025-08-07T22:15:00Z,2025-08-07T22:30:00Z,2025-08-08,2025-08-08_1,0.0,1,1,99,63.86084502608697,63.94597262608697,0.0002364655555555556,0.0,0.09253,True,True,True,False,0.0,1090.2761352885525,0.6504257332071902,0.2628311258278146,0.0,-3.465133238725954,1087.7242589088617
2025-08-07T22:30:00Z,2025-08-07T22:45:00Z,2025-08-08,2025-08-08_1,0.0,1,1,99,63.94597262608697,63.96109282608697,4.200055555555555e-05,0.0,0.016434999999999998,True,True,True,False,0.0,1090.2761352885525,0.6504257332071902,0.2628311258278146,0.0,-0.6945355329549037,1090.4948566146327
2025-08-07T22:45:00Z,2025-08-07T23:00:00Z,2025-08-08,2025-08-08_1,0.0,1,1,99,63.96109282608697,63.97063322608697,2.6501111111111108e-05,0.0,0.010369999999999999,True,True,True,False,0.0,1090.2761352885525,0.6504257332071902,0.2628311258278146,0.0,-0.45950652199621567,1090.7298856255914
2025-08-07T23:00:00Z,2025-08-07T23:15:00Z,2025-08-08,2025-08-08_2,0.0,1,1,99,63.97063322608697,63.969724034782615,4.237753623188406e-06,0.0011200000000000001,0.000335,True,True,True,False,0.0,1090.2761352885525,0.6063741721854304,0.27258751182592245,0.128476821192053,-0.02412784413434248,1091.2594459496215
2025-08-07T23:15:00Z,2025-08-07T23:30:00Z,2025-08-08,2025-08-08_2,0.0,1,1,99,63.969724034782615,63.96891139130435,3.5095652173913044e-06,0.000955,0.000245,True,True,True,False,0.0,1090.2761352885525,0.6063741721854304,0.27258751182592245,0.10954943235572376,-0.011979677152317882,1091.2526667277673
2025-08-07T23:30:00Z,2025-08-07T23:45:00Z,2025-08-08,2025-08-08_2,0.0,1,1,99,63.96891139130435,63.96959353913044,3.676256038647343e-06,0.00029499999999999996,0.00109,True,True,True,False,0.0,1090.2761352885525,0.6063741721854304,0.27258751182592245,0.03383987701040681,-0.06214521050141912,1091.1267916390727
2025-08-07T23:45:00Z,2025-08-08T00:00:00Z,2025-08-08,2025-08-08_2,0.0,1,1,99,63.96959353913044,63.99315013913044,6.543500000000001e-05,0.0,0.025605000000000003,True,True,True,False,0.0,1090.2761352885525,0.6063741721854304,0.27258751182592245,0.0,-0.9531523829233682,1090.2019445896406
2025-08-08T00:00:00Z,2025-08-08T00:15:00Z,2025-08-08,2025-08-08_3,30.648511669410826,69,100,0,63.99315013913044,57.39440344515904,0.024642840853222582,0.0,1.781,True,True,True,False,660.858532871671,0.0,43.10460028382214,26.608325449385053,0.0,-67.46920569221066,663.1022529126675
2025-08-08T00:15:00Z,2025-08-08T00:30:00Z,2025-08-08,2025-08-08_3,30.648511669410826,69,100,0,57.39440344515904,55.5534170578341,0.028791990336150895,0.0,6.68,True,True,True,False,660.858532871671,0.0,43.10460028382214,26.608325449385053,0.0,172.3994560075686,902.9709146124468
2025-08-08T00:30:00Z,2025-08-08T00:45:00Z,2025-08-08,2025-08-08_3,30.648511669410826,69,100,0,55.5534170578341,59.32142120960623,0.03368348101560639,0.0,12.4555,True,True,True,False,660.858532871671,0.0,43.10460028382214,26.608325449385053,0.0,-363.3737953327026,367.19766327217553
2025-08-08T00:45:00Z,2025-08-08T01:00:00Z,2025-08-08,2025-08-08_3,30.648511669410826,69,100,0,59.32142120960623,64.65397973043477,0.03504789820625704,0.0,14.066499999999998,True,True,True,False,660.858532871671,0.0,43.10460028382214,26.608325449385053,0.0,2734.103852786975,3464.675311391853
2025-08-08T01:00:00Z,2025-08-08T01:15:00Z,2025-08-08,2025-08-08_4,0.0,1,1,99,64.65397973043477,64.69326833043478,0.000109135,0.0,0.042705,True,True,True,False,0.0,1090.2761352885525,0.6247043519394513,0.2660832544938505,0.0,3.6434007775543997,1094.81032367254
2025-08-08T01:15:00Z,2025-08-08T01:30:00Z,2025-08-08,2025-08-08_4,0.0,1,1,99,64.69326833043478,64.71378726086957,5.7057415458937204e-05,1e-05,0.022315,True,True,True,False,0.0,1090.2761352885525,0.6247043519394513,0.2660832544938505,0.001208215074109114,-0.8354622349022391,1090.3326688751577
2025-08-08T01:30:00Z,2025-08-08T01:45:00Z,2025-08-08,2025-08-08_4,0.0,1,1,99,64.71378726086957,64.71603378260869,7.176328502415459e-06,0.000155,0.002625,True,True,True,False,0.0,1090.2761352885525,0.6247043519394513,0.2660832544938505,0.018727333648691263,-0.1271238617549669,1091.0585263668795
2025-08-08T01:45:00Z,2025-08-08T02:00:00Z,2025-08-08,2025-08-08_4,0.0,1,1,99,64.71603378260869,64.71580906956521,4.508647342995169e-06,0.0008500000000000001,0.0007599999999999999,True,True,True,False,0.0,1090.2761352885525,0.6247043519394513,0.2660832544938505,0.10269828129927468,-0.0399026963103122,1091.2297184799747
2025-08-08T02:00:00Z,2025-08-08T02:15:00Z,2025-08-08,2025-08-08_5,0.0,1,1,99,64.71580906956521,64.7153940521739,3.3761594202898552e-06,0.00075,0.00043499999999999995,True,True,True,False,0.0,1090.2761352885525,0.5691225165562914,0.18596263008514663,0.09061613055818353,-0.03343779564806055,1091.088398770104
2025-08-08T02:15:00Z,2025-08-08T02:30:00Z,2025-08-08,2025-08-08_5,0.0,1,1,99,64.7153940521739,64.71849786086956,9.829420289855073e-06,0.0002,0.00361,True,True,True,False,0.0,1090.2761352885525,0.5691225165562914,0.18596263008514663,0.022942289498580893,-0.15595732221696626,1090.8982054024755
2025-08-08T02:30:00Z,2025-08-08T02:45:00Z,2025-08-08,2025-08-08_5,0.0,1,1,99,64.71849786086956,64.72121571304348,9.240410628019326e-06,0.00028000000000000003,0.003285,True,True,True,False,0.0,1090.2761352885525,0.5691225165562914,0.18596263008514663,0.03211920529801325,-0.15648166390728477,1090.9068579765847
2025-08-08T02:45:00Z,2025-08-08T03:00:00Z,2025-08-08,2025-08-08_5,0.0,1,1,99,64.72121571304348,64.72236029565217,3.5417149758454106e-06,6e-05,0.001315,True,True,True,False,0.0,1090.2761352885525,0.5691225165562914,0.18596263008514663,0.0068826868495742675,-0.08227199424471776,1090.9558311277988
2025-08-08T03:00:00Z,2025-08-08T03:15:00Z,2025-08-08,2025-08-08_6,0.9999999999999958,0,1,99,64.72236029565217,64.49646899130434,0.0006274758454106258,0.0,0.04218,True,True,True,False,22.824999999999903,1090.2761352885525,0.0,0.18359744560075686,0.0,-1.5766371215704826,1111.7080956125826
2025-08-08T03:15:00Z,2025-08-08T03:30:00Z,2025-08-08,2025-08-08_6,0.9999999999999958,0,1,99,64.49646899130434,64.29794181739129,0.0005514643719806747,0.0,0.067355,True,True,True,False,22.824999999999903,1090.2761352885525,0.0,0.18359744560075686,0.0,-2.460111637693157,1110.82462109646
2025-08-08T03:30:00Z,2025-08-08T03:45:00Z,2025-08-08,2025-08-08_6,0.9999999999999958,0,1,99,64.29794181739129,64.10055051304346,0.0005483091787439597,0.0,0.0684,True,True,True,False,22.824999999999903,1090.2761352885525,0.0,0.18359744560075686,0.0,-2.5748684957426677,1110.7098642384105
2025-08-08T03:45:00Z,2025-08-08T04:00:00Z,2025-08-08,2025-08-08_6,0.9999999999999958,0,1,99,64.10055051304346,63.87629507826085,0.000622931763285022,0.0,0.043685,True,True,True,False,22.824999999999903,1090.2761352885525,0.0,0.18359744560075686,0.0,-1.66669606098234,1111.6180366731708
2025-08-08T04:00:00Z,2025-08-08T04:15:00Z,2025-08-08,2025-08-08_7,0.0,1,1,99,63.87629507826085,63.940023478260855,0.00017702333333333335,0.0,0.06927,True,True,True,False,0.0,1090.2761352885525,1.0164380321665092,0.12653736991485337,0.0,-2.6735358325449385,1088.745574858089
2025-08-08T04:15:00Z,2025-08-08T04:30:00Z,2025-08-08,2025-08-08_7,0.0,1,1,99,63.940023478260855,63.95014770434781,2.8968260869565215e-05,0.00014000000000000001,0.01117,True,True,True,False,0.0,1090.2761352885525,1.0164380321665092,0.12653736991485337,0.017825607064017663,-0.7705573951434878,1090.6663789025545
2025-08-08T04:30:00Z,2025-08-08T04:45:00Z,2025-08-08,2025-08-08_7,0.0,1,1,99,63.95014770434781,63.949721513043464,5.5794202898550735e-06,0.0011200000000000001,0.00086,True,True,True,False,0.0,1090.2761352885525,1.0164380321665092,0.12653736991485337,0.1426048565121413,-0.06095480526647745,1091.5007607418795
2025-08-08T04:45:00Z,2025-08-08T05:00:00Z,2025-08-08,2025-08-08_7,0.0,1,1,99,63.949721513043464,63.9138682521739,9.959239130434783e-05,0.032985,0.0,True,True,True,False,0.0,1090.2761352885525,1.0164380321665092,0.12653736991485337,4.533786169583728,0.0,1095.9528968602176
2025-08-08T05:00:00Z,2025-08-08T05:15:00Z,2025-08-08,2025-08-08_8,0.0,1,1,99,63.9138682521739,63.84896607826086,0.00018028381642512075,0.05971,0.0,True,True,True,False,0.0,1090.2761352885525,0.9877601702932827,0.12653736991485337,8.728468432671082,0.0,1100.1189012614318
2025-08-08T05:15:00Z,2025-08-08T05:30:00Z,2025-08-08,2025-08-08_8,0.0,1,1,99,63.84896607826086,63.80579759999999,0.00011991243961352657,0.039715,0.0,True,True,True,False,0.0,1090.2761352885525,0.9877601702932827,0.12653736991485337,5.454252824424472,0.0,1096.844685653185
2025-08-08T05:30:00Z,2025-08-08T05:45:00Z,2025-08-08,2025-08-08_8,0.0,1,1,99,63.80579759999999,63.804347826086946,5.15159420289855e-06,0.0015199999999999999,0.00021999999999999998,True,True,True,False,0.0,1090.2761352885525,0.9877601702932827,0.12653736991485337,0.1935351624093346,-0.016863761431725004,1091.5671042297383
2025-08-08T05:45:00Z,2025-08-08T06:00:00Z,2025-08-08,2025-08-08_8,0.0,1,1,99,63.804347826086946,63.823686669565205,5.4202101449275366e-05,8e-05,0.021115,True,True,True,False,0.0,1090.2761352885525,0.9877601702932827,0.12653736991485337,0.010186061179438665,0.3663953573399559,1091.76701424728
2025-08-08T06:00:00Z,2025-08-08T06:15:00Z,2025-08-08,2025-08-08_9,9.379267013965373,90,100,0,63.823686669565205,60.871450541315,0.01181571833002567,1.0431,0.7805,True,True,True,False,82.889272235919,0.0,55.558183538315994,24.39096499526963,135.34271842478714,-24.66537527593819,273.51576391835357
2025-08-08T06:15:00Z,2025-08-08T06:30:00Z,2025-08-08,2025-08-08_9,9.379267013965373,90,100,0,60.871450541315,61.79535017246257,0.014686792799209019,0.011699999999999999,3.7249999999999996,True,True,True,False,82.889272235919,0.0,55.558183538315994,24.39096499526963,1.4513617549668874,217.60443274992116,381.89421527439265
2025-08-08T06:30:00Z,2025-08-08T06:45:00Z,2025-08-08,2025-08-08_9,9.379267013965373,90,100,0,61.79535017246257,63.80844321723028,0.016990056707841844,0.0,4.8755,True,True,True,False,82.889272235919,0.0,55.558183538315994,24.39096499526963,0.0,164.87004483995582,327.70846560946046
2025-08-08T06:45:00Z,2025-08-08T07:00:00Z,2025-08-08,2025-08-08_9,9.379267013965373,90,100,0,63.80844321723028,78.26112662852432,0.04401444088112336,0.0,18.1705,True,True,True,False,82.889272235919,0.0,55.558183538315994,24.39096499526963,0.0,12916.193501951277,13079.031922720782
2025-08-08T07:00:00Z,2025-08-08T07:15:00Z,2025-08-08,2025-08-08_10,29.0,0,29,71,78.26112662852432,72.22912662852433,0.016755555555555555,0.0,1.7005599999999998,True,True,True,False,326.25,781.9152081362346,0.0,8.573793755912961,0.0,726.3880903500473,1843.1270922421947
2025-08-08T07:15:00Z,2025-08-08T07:30:00Z,2025-08-08,2025-08-08_10,29.0,0,29,71,72.22912662852433,65.17834401982867,0.01958550724637681,0.0,0.76328,True,True,True,False,326.25,781.9152081362346,0.0,8.573793755912961,0.0,-22.21223631346578,1094.5267655786818
2025-08-08T07:30:00Z,2025-08-08T07:45:00Z,2025-08-08,2025-08-08_10,29.0,0,29,71,65.17834401982867,57.40303423721998,0.021598082729468594,0.0,0.09671500000000001,True,True,True,False,326.25,781.9152081362346,0.0,8.573793755912961,0.0,-5.058684784965311,1111.6803171071822
2025-08-08T07:45:00Z,2025-08-08T08:00:00Z,2025-08-08,2025-08-08_10,29.0,0,29,71,57.40303423721998,49.52322988939389,0.021888345410628018,0.0,0.00058,True,True,True,False,326.25,781.9152081362346,0.0,8.573793755912961,0.0,-0.0445837275307474,1116.6944181646168
2025-08-08T08:00:00Z,2025-08-08T08:15:00Z,2025-08-08,2025-08-08_11,-3.9200320791273526,29,25,71,49.52322988939389,49.36470107832141,0.004761160900658399,0.996005,0.0,True,True,True,False,-8.555470012695448,781.9152081362346,17.567703405865654,7.39120151371807,124.24757973726742,0.0,922.5662227803903
2025-08-08T08:15:00Z,2025-08-08T08:30:00Z,2025-08-08,2025-08-08_11,-3.9200320791273526,29,25,71,49.36470107832141,49.43817608514046,0.004268990592590494,0.77836,0.000375,True,True,True,False,-8.555470012695448,781.9152081362346,17.567703405865654,7.39120151371807,89.84246687164932,-0.028825685903500476,888.1322842288687
2025-08-08T08:30:00Z,2025-08-08T08:45:00Z,2025-08-08,2025-08-08_11,-3.9200320791273526,29,25,71,49.43817608514046,49.37595313840131,0.004556156055732102,0.905525,0.0,True,True,True,False,-8.555470012695448,781.9152081362346,17.567703405865654,7.39120151371807,99.35877345967361,0.0,897.6774165027965
2025-08-08T08:45:00Z,2025-08-08T09:00:00Z,2025-08-08,2025-08-08_11,-3.9200320791273526,29,25,71,49.37595313840131,50.846072812790766,0.004177564192814582,0.01798,0.63875,True,True,True,False,-8.555470012695448,781.9152081362346,17.567703405865654,7.39120151371807,1.6833215074109114,-22.66293460264901,777.3390299478848
2025-08-08T09:00:00Z,2025-08-08T09:15:00Z,2025-08-08,2025-08-08_12,4.594157189676455,24,29,71,50.846072812790766,50.16718629146013,0.004474171110635501,0.0,0.60175,True,True,True,False,5.880521202785863,781.9152081362346,14.53878902554399,9.113942762535478,0.0,-23.171454982655316,788.2770061444446
2025-08-08T09:15:00Z,2025-08-08T09:30:00Z,2025-08-08,2025-08-08_12,4.594157189676455,24,29,71,50.16718629146013,48.988628095572146,0.003842591609454797,0.050879999999999995,0.13224,True,True,True,False,5.880521202785863,781.9152081362346,14.53878902554399,9.113942762535478,4.771855250709555,-5.318401087984863,810.9019152898246
2025-08-08T09:30:00Z,2025-08-08T09:45:00Z,2025-08-08,2025-08-08_12,4.594157189676455,24,29,71,48.988628095572146,48.586956521739104,0.004964013430884026,0.0,0.89465,True,True,True,False,5.880521202785863,781.9152081362346,14.53878902554399,9.113942762535478,0.0,-33.50352806685588,777.944933060244
2025-08-08T09:45:00Z,2025-08-08T10:00:00Z,2025-08-08,2025-08-08_12,4.594157189676455,24,29,71,48.586956521739104,49.2201750068562,0.006792677261079147,0.0,1.9880950000000002,True,True,True,False,5.880521202785863,781.9152081362346,14.53878902554399,9.113942762535478,0.0,520.762864492668,1332.2113256197679
2025-08-08T10:00:00Z,2025-08-08T10:15:00Z,2025-08-08,2025-08-08_13,0.0,100,100,0,49.2201750068562,57.0535150068562,0.02175927777777778,0.0,8.5145,True,True,True,False,0.0,0.0,60.5782876064333,31.043046357615896,0.0,1529.320733995585,1620.9420679596342
2025-08-08T10:15:00Z,2025-08-08T10:30:00Z,2025-08-08,2025-08-08_13,0.0,100,100,0,57.0535150068562,64.6140750068562,0.021001555555555558,0.0,8.218,True,True,True,False,0.0,0.0,60.5782876064333,31.043046357615896,0.0,6397.733084988962,6489.354418953011
2025-08-08T10:30:00Z,2025-08-08T10:45:00Z,2025-08-08,2025-08-08_13,0.0,100,100,0,64.6140750068562,73.8780150068562,0.025733166666666665,0.0,10.0695,True,True,True,False,0.0,0.0,60.5782876064333,31.043046357615896,0.0,4512.287514486755,4603.908848450804
2025-08-08T10:45:00Z,2025-08-08T11:00:00Z,2025-08-08,2025-08-08_13,0.0,100,100,0,73.8780150068562,82.4556350068562,0.02382672222222222,0.0,9.3235,True,True,True,False,0.0,0.0,60.5782876064333,31.043046357615896,0.0,3360.0140147035636,3451.6353486676126
2025-08-08T11:00:00Z,2025-08-08T11:15:00Z,2025-08-08,2025-08-08_14,0.0,100,100,0,82.4556350068562,85.9714750068562,0.010113444444444444,0.057499999999999996,3.8895,True,True,True,False,0.0,0.0,60.5782876064333,31.427388836329236,5.099929044465468,2062.1149878784295,2159.2205933656574
2025-08-08T11:15:00Z,2025-08-08T11:30:00Z,2025-08-08,2025-08-08_14,0.0,100,100,0,85.9714750068562,88.1202750068562,0.006246666666666668,0.046,2.39,True,True,True,False,0.0,0.0,60.5782876064333,31.427388836329236,4.079943235572375,1420.8954174550615,1516.9810371333965
2025-08-08T11:30:00Z,2025-08-08T11:45:00Z,2025-08-08,2025-08-08_14,0.0,100,100,0,88.1202750068562,95.5037350068562,0.02050961111111111,0.0,8.0255,True,True,True,False,0.0,0.0,60.5782876064333,31.427388836329236,0.0,2218.3762637969094,2310.381940239672
2025-08-08T11:45:00Z,2025-08-08T12:00:00Z,2025-08-08,2025-08-08_14,0.0,100,100,0,95.5037350068562,106.54511500685621,0.0306705,0.0,12.0015,True,True,True,False,0.0,0.0,60.5782876064333,31.427388836329236,0.0,9507.7114942053,9599.717170648062
2025-08-08T12:00:00Z,2025-08-08T12:15:00Z,2025-08-08,2025-08-08_15,0.0,100,100,0,106.54511500685621,119.3579550068562,0.03559122222222222,0.0,13.927,True,True,True,False,0.0,0.0,60.5782876064333,20.547540208136237,0.0,13722.223470514034,13803.349298328603
2025-08-08T12:15:00Z,2025-08-08T12:30:00Z,2025-08-08,2025-08-08_15,0.0,100,100,0,119.3579550068562,131.0856550068562,0.03257694444444444,0.0,12.7475,True,True,True,False,0.0,0.0,60.5782876064333,20.547540208136237,0.0,10838.251830554242,10919.37765836881
2025-08-08T12:30:00Z,2025-08-08T12:45:00Z,2025-08-08,2025-08-08_15,0.0,100,100,0,131.0856550068562,133.3230950068562,0.0062151111111111105,0.0,2.432,True,True,True,False,0.0,0.0,60.5782876064333,20.547540208136237,0.0,-91.39605171870073,-10.270223904131196
2025-08-08T12:45:00Z,2025-08-08T13:00:00Z,2025-08-08,2025-08-08_15,0.0,100,100,0,133.3230950068562,137.28081065903012,0.011014789855072465,0.0035000000000000005,4.306,True,True,True,False,0.0,0.0,60.5782876064333,20.547540208136237,0.310430463576159,-111.01342596972563,-29.577167691579938
2025-08-08T13:00:00Z,2025-08-08T13:15:00Z,2025-08-08,2025-08-08_16,-32.880734801092856,51,18,49,137.28081065903012,144.88867054749088,0.021167410128197995,0.016065,0.06633,True,True,True,False,-0.0,539.6316225165563,30.89492667928098,3.634697256385998,1.4248758278145697,-2.9416418933301802,572.6444803867076
2025-08-08T13:15:00Z,2025-08-08T13:30:00Z,2025-08-08,2025-08-08_16,-32.880734801092856,51,18,49,144.88867054749088,152.39602499634935,0.020985061381120662,0.0612,0.00513,True,True,True,False,-0.0,539.6316225165563,30.89492667928098,3.634697256385998,5.428098391674551,-0.3659533467360454,579.2233914971617
2025-08-08T13:30:00Z,2025-08-08T13:45:00Z,2025-08-08,2025-08-08_16,-32.880734801092856,51,18,49,152.39602499634935,159.9294873483004,0.02101272283456892,0.04029,0.01125,True,True,True,False,-0.0,539.6316225165563,30.89492667928098,3.634697256385998,3.5734981078524126,-0.7727944654683065,576.9619500946073
2025-08-08T13:45:00Z,2025-08-08T14:00:00Z,2025-08-08,2025-08-08_16,-32.880734801092856,51,18,49,159.9294873483004,167.4600000000001,0.021025865314026452,0.050235,0.018629999999999997,True,True,True,False,-0.0,539.6316225165563,30.89492667928098,3.634697256385998,4.455564096499527,-1.0528542395931881,577.5639563091296
2025-08-08T14:00:00Z,2025-08-08T14:15:00Z,2025-08-08,2025-08-08_17,0.0,100,100,0,167.4600000000001,173.77605913043487,0.017701613526570046,0.026,6.895999999999999,True,True,True,False,0.0,0.0,60.5782876064333,20.547540208136237,2.434169031851151,6473.833393251339,6557.393390097759
2025-08-08T14:15:00Z,2025-08-08T14:30:00Z,2025-08-08,2025-08-08_17,0.0,100,100,0,173.77605913043487,175.60888347826096,0.005417265700483092,0.054,2.056,True,True,True,False,0.0,0.0,60.5782876064333,20.547540208136237,5.05558183538316,520.3066713970356,606.4880810469883
2025-08-08T14:30:00Z,2025-08-08T14:45:00Z,2025-08-08,2025-08-08_17,0.0,100,100,0,175.60888347826096,174.97002260869576,0.002132391304347826,0.647,0.07,True,True,True,False,0.0,0.0,60.5782876064333,20.547540208136237,62.72913414538001,-3.943060154525387,139.91190180542415
2025-08-08T14:45:00Z,2025-08-08T15:00:00Z,2025-08-08,2025-08-08_17,0.0,100,100,0,174.97002260869576,171.7319791304349,0.008994565217391304,2.979,0.0,True,True,True,False,0.0,0.0,60.5782876064333,20.547540208136237,325.31260111163675,0.0,406.4384289262063
2025-08-08T15:00:00Z,2025-08-08T15:15:00Z,2025-08-08,2025-08-08_18,0.0,100,100,0,171.7319791304349,180.9501939130436,0.02606207004830918,0.0755,10.109,True,True,True,False,0.0,0.0,61.52436140018921,13.777199621570484,7.0536755952380945,6486.241718700726,6568.596955317724
2025-08-08T15:15:00Z,2025-08-08T15:30:00Z,2025-08-08,2025-08-08_18,0.0,100,100,0,180.9501939130436,185.7157939130436,0.013237777777777777,0.0,5.18,True,True,True,False,0.0,0.0,61.52436140018921,13.777199621570484,0.0,-161.66365894039734,-86.36209791863764
2025-08-08T15:30:00Z,2025-08-08T15:45:00Z,2025-08-08,2025-08-08_18,0.0,100,100,0,185.7157939130436,189.45702260869578,0.01291947584541063,0.4184999999999999,4.561,True,True,True,False,0.0,0.0,61.52436140018921,13.777199621570484,42.16187884342478,-93.18334437086094,24.280095494323533
2025-08-08T15:45:00Z,2025-08-08T16:00:00Z,2025-08-08,2025-08-08_18,0.0,100,100,0,189.45702260869578,180.40376173913057,0.025147946859903382,8.329,0.0,True,True,True,False,0.0,0.0,61.52436140018921,13.777199621570484,3429.5645764348787,0.0,3504.8661374566386
2025-08-08T16:00:00Z,2025-08-08T16:15:00Z,2025-08-08,2025-08-08_19,48.14463944132587,51,100,0,180.40376173913057,178.9948286508123,0.034919233059550525,0.026774999999999997,11.6985,True,True,True,False,1693.8487771444475,0.0,46.93797303689688,17.26584673604541,2.5067259933774833,7425.46008839877,9186.019411309537
2025-08-08T16:15:00Z,2025-08-08T16:30:00Z,2025-08-08,2025-08-08_19,48.14463944132587,51,100,0,178.9948286508123,169.05924361002613,0.03593695884508281,0.0,3.1460000000000004,True,True,True,False,1693.8487771444475,0.0,46.93797303689688,17.26584673604541,0.0,-136.8574487543362,1621.1951481630535
2025-08-08T16:30:00Z,2025-08-08T16:45:00Z,2025-08-08,2025-08-08_19,48.14463944132587,51,100,0,169.05924361002613,157.45781460082148,0.03616333875118615,0.004335,1.4855,True,True,True,False,1693.8487771444475,0.0,46.93797303689688,17.26584673604541,0.40585087511825924,-72.36366603595081,1686.0947817565573
2025-08-08T16:45:00Z,2025-08-08T17:00:00Z,2025-08-08,2025-08-08_19,48.14463944132587,51,100,0,157.45781460082148,144.0000000000001,0.03742389930459081,0.359295,0.0155,True,True,True,False,1693.8487771444475,0.0,46.93797303689688,17.26584673604541,44.925188517029326,-1.144157600126143,1801.8336278342929
2025-08-08T17:00:00Z,2025-08-08T17:15:00Z,2025-08-08,2025-08-08_20,0.0,0,0,100,144.0000000000001,144.0000000000001,0.0,0.0,0.0,True,True,True,False,0.0,1101.2890255439925,0.0,0.0,0.0,0.0,1101.2890255439925
2025-08-08T17:15:00Z,2025-08-08T17:30:00Z,2025-08-08,2025-08-08_20,0.0,0,0,100,144.0000000000001,144.0000000000001,0.0,0.0,0.0,True,True,True,False,0.0,1101.2890255439925,0.0,0.0,0.0,0.0,1101.2890255439925
2025-08-08T17:30:00Z,2025-08-08T17:45:00Z,2025-08-08,2025-08-08_20,0.0,0,0,100,144.0000000000001,144.0000000000001,0.0,0.0,0.0,True,True,True,False,0.0,1101.2890255439925,0.0,0.0,0.0,0.0,1101.2890255439925
2025-08-08T17:45:00Z,2025-08-08T18:00:00Z,2025-08-08,2025-08-08_20,0.0,0,0,100,144.0000000000001,144.0000000000001,0.0,0.0,0.0,True,True,True,False,0.0,1101.2890255439925,0.0,0.0,0.0,0.0,1101.2890255439925
2025-08-08T18:00:00Z,2025-08-08T18:15:00Z,2025-08-08,2025-08-08_21,100.0,0,100,0,144.0000000000001,116.82608695652185,0.07548309178743962,0.0,0.0,True,True,True,False,5621.5,0.0,0.0,12.97894985808893,0.0,0.0,5634.4789498580885
2025-08-08T18:15:00Z,2025-08-08T18:30:00Z,2025-08-08,2025-08-08_21,100.0,0,100,0,116.82608695652185,89.65217391304358,0.07548309178743962,0.0,0.0,True,True,True,False,5621.5,0.0,0.0,12.97894985808893,0.0,0.0,5634.4789498580885
2025-08-08T18:30:00Z,2025-08-08T18:45:00Z,2025-08-08,2025-08-08_21,100.0,0,100,0,89.65217391304358,62.47826086956533,0.07548309178743962,0.0,0.0,True,True,True,False,5621.5,0.0,0.0,12.97894985808893,0.0,0.0,5634.4789498580885
2025-08-08T18:45:00Z,2025-08-08T19:00:00Z,2025-08-08,2025-08-08_21,100.0,0,100,0,62.47826086956533,35.304347826087074,0.07548309178743962,0.0,0.0,True,True,True,False,5621.5,0.0,0.0,12.97894985808893,0.0,0.0,5634.4789498580885
2025-08-08T19:00:00Z,2025-08-08T19:15:00Z,2025-08-08,2025-08-08_22,-27.877285448429948,100,72,0,35.304347826087074,24.302721464423104,0.04233351816504139,16.737,0.0,True,True,True,False,-1088.3989171203261,0.0,97.97776726584675,9.749290444654683,15324.284511589405,0.0,14343.612652179581
2025-08-08T19:15:00Z,2025-08-08T19:30:00Z,2025-08-08,2025-08-08_22,-27.877285448429948,100,72,0,24.302721464423104,19.494677118300835,0.033611190447011295,10.784,0.0,True,True,True,False,-1088.3989171203261,0.0,97.97776726584675,9.749290444654683,2833.2358372753074,0.0,1852.5639778654827
2025-08-08T19:30:00Z,2025-08-08T19:45:00Z,2025-08-08,2025-08-08_22,-27.877285448429948,100,72,0,19.494677118300835,16.42412344342913,0.031164308658146816,9.114,0.0,True,True,True,False,-1088.3989171203261,0.0,97.97776726584675,9.749290444654683,5309.271456953644,0.0,4328.599597543819
2025-08-08T19:45:00Z,2025-08-08T20:00:00Z,2025-08-08,2025-08-08_22,-27.877285448429948,100,72,0,16.42412344342913,23.136615180215077,0.018939788836013553,0.0675,0.40320000000000006,True,True,True,False,-1088.3989171203261,0.0,97.97776726584675,9.749290444654683,9.312913907284768,-31.817086092715236,-1003.1760315952552
2025-08-08T20:00:00Z,2025-08-08T20:15:00Z,2025-08-08,2025-08-08_23,-57.34822054642383,100,42,0,23.136615180215077,14.987476558278036,0.03281854388924182,21.531,0.00273,True,True,True,False,-1804.748500595958,0.0,66.28429517502366,5.997516556291391,29213.25876300851,-0.22007450331125827,27480.571999640557
2025-08-08T20:15:00Z,2025-08-08T20:30:00Z,2025-08-08,2025-08-08_23,-57.34822054642383,100,42,0,14.987476558278036,17.514130884604022,0.03472668734133863,10.758,0.0,True,True,True,False,-1804.748500595958,0.0,66.28429517502366,5.997516556291391,10646.543930936612,0.0,8914.07724207197
2025-08-08T20:30:00Z,2025-08-08T20:45:00Z,2025-08-08,2025-08-08_23,-57.34822054642383,100,42,0,17.514130884604022,14.638691106406341,0.033757838863917214,16.208,0.0,True,True,True,False,-1804.748500595958,0.0,66.28429517502366,5.997516556291391,19848.698360138755,0.0,18116.231671274112
2025-08-08T20:45:00Z,2025-08-08T21:00:00Z,2025-08-08,2025-08-08_23,-57.34822054642383,100,42,0,14.638691106406341,26.48721071550208,0.036938202494223644,1.5629999999999997,0.22574999999999998,True,True,True,False,-1804.748500595958,0.0,66.28429517502366,5.997516556291391,240.86884815515606,-17.378825538079468,-1508.9766662475663
2025-08-08T21:00:00Z,2025-08-08T21:15:00Z,2025-08-09,2025-08-08_24,-42.3098648969936,70,27,30,26.48721071550208,36.07810356183046,0.027260049572416525,0.259,0.12501,True,True,True,False,-1154.6362130389555,330.5495849026838,45.46942477963361,7.3874504545364905,33.73986886474335,-9.911956151525311,-747.4018401888835
2025-08-08T21:15:00Z,2025-08-08T21:30:00Z,2025-08-09,2025-08-08_24,-42.3098648969936,70,27,30,36.07810356183046,45.062037744634665,0.02692678995745398,0.8253,0.07222500000000001,True,True,True,False,-1154.6362130389555,330.5495849026838,45.46942477963361,7.3874504545364905,112.03613093806078,-5.981838259943602,-665.1754602239844
2025-08-08T21:30:00Z,2025-08-08T21:45:00Z,2025-08-09,2025-08-08_24,-42.3098648969936,70,27,30,45.062037744634665,53.83285587534423,0.026754500435382782,1.0010000000000001,0.02889,True,True,True,False,-1154.6362130389555,330.5495849026838,45.46942477963361,7.3874504545364905,136.29241426909348,-1.8222388436433907,-636.7595774766514
2025-08-08T21:45:00Z,2025-08-08T22:00:00Z,2025-08-09,2025-08-08_24,-42.3098648969936,70,27,30,53.83285587534423,63.804347826086904,0.02775209625950842,0.022400000000000003,0.28512,True,True,True,False,-1154.6362130389555,330.5495849026838,45.46942477963361,7.3874504545364905,2.853503184713376,-16.347944516968703,-784.7241942343569
2025-08-08T22:00:00Z,2025-08-08T22:15:00Z,2025-08-09,2025-08-09_1,0.0,1,1,99,63.804347826086904,63.806399426086905,5.698888888888889e-06,0.0,0.00223,True,True,True,False,0.0,1090.8136301788566,0.6495632111376229,0.2736092760939441,0.0,-0.18469365620871211,1091.5521090098794
2025-08-08T22:15:00Z,2025-08-08T22:30:00Z,2025-08-09,2025-08-09_1,0.0,1,1,99,63.806399426086905,63.829818026086905,6.505166666666667e-05,0.0,0.025455000000000002,True,True,True,False,0.0,1090.8136301788566,0.6495632111376229,0.2736092760939441,0.0,-1.419609051290647,1090.3171936147976
2025-08-08T22:30:00Z,2025-08-08T22:45:00Z,2025-08-09,2025-08-09_1,0.0,1,1,99,63.829818026086905,63.830313721739074,2.0217512077294684e-05,0.00312,0.004225,True,True,True,False,0.0,1090.8136301788566,0.6495632111376229,0.2736092760939441,0.397452229299363,-0.33665279229358513,1091.7976021030938
2025-08-08T22:45:00Z,2025-08-08T23:00:00Z,2025-08-09,2025-08-09_1,0.0,1,1,99,63.830313721739074,63.828351730434726,2.0757753623188405e-05,0.00434,0.002995,True,True,True,False,0.0,1090.8136301788566,0.6495632111376229,0.2736092760939441,0.5577881209205102,-0.2415560726469602,1092.0530347143617
2025-08-08T23:00:00Z,2025-08-08T23:15:00Z,2025-08-09,2025-08-09_2,0.06381434438397451,0,1,99,63.828351730434726,63.8623829889804,0.0001695979058998132,0.0,0.0552,True,True,True,False,1.632370929342068,1090.8136301788566,0.0,0.2736092760939441,0.0,-2.5847045414209933,1090.1349058428716
2025-08-08T23:15:00Z,2025-08-08T23:30:00Z,2025-08-09,2025-08-09_2,0.06381434438397451,0,1,99,63.8623829889804,63.905353181318546,0.00019072696850082522,0.0,0.064805,True,True,True,False,1.632370929342068,1090.8136301788566,0.0,0.2736092760939441,0.0,-3.109799123464337,1089.6098112608283
2025-08-08T23:30:00Z,2025-08-08T23:45:00Z,2025-08-09,2025-08-09_2,0.06381434438397451,0,1,99,63.905353181318546,63.8988125691008,7.369769933124294e-05,0.0,0.011605,True,True,True,False,1.632370929342068,1090.8136301788566,0.0,0.2736092760939441,0.0,-0.8733763128315355,1091.8462340714611
2025-08-08T23:45:00Z,2025-08-09T00:00:00Z,2025-08-09,2025-08-09_2,0.06381434438397451,0,1,99,63.8988125691008,63.885189678261426,5.695723432409027e-05,0.0,0.003995,True,True,True,False,1.632370929342068,1090.8136301788566,0.0,0.2736092760939441,0.0,-0.3308749580958766,1092.3887354261967
2025-08-09T00:00:00Z,2025-08-09T00:15:00Z,2025-08-09,2025-08-09_3,0.0,1,1,99,63.885189678261426,63.90561827826143,5.674611111111112e-05,0.0,0.022205,True,True,True,False,0.0,1090.8136301788566,0.6380272524698783,0.2736092760939441,0.0,-1.4396227800674408,1090.285643927353
2025-08-09T00:15:00Z,2025-08-09T00:30:00Z,2025-08-09,2025-08-09_3,0.0,1,1,99,63.90561827826143,63.95370207826143,0.00013356611111111112,0.0,0.052265,True,True,True,False,0.0,1090.8136301788566,0.6380272524698783,0.2736092760939441,0.0,-2.5870510234465893,1089.1382156839738
2025-08-09T00:30:00Z,2025-08-09T00:45:00Z,2025-08-09,2025-08-09_3,0.0,1,1,99,63.95370207826143,63.97467807826143,5.826666666666666e-05,0.0,0.022799999999999997,True,True,True,False,0.0,1090.8136301788566,0.6380272524698783,0.2736092760939441,0.0,-1.3247388535031845,1090.400527853917
2025-08-09T00:45:00Z,2025-08-09T01:00:00Z,2025-08-09,2025-08-09_3,0.0,1,1,99,63.97467807826143,63.98643567826143,3.266e-05,0.0,0.01278,True,True,True,False,0.0,1090.8136301788566,0.6380272524698783,0.2736092760939441,0.0,-0.6214773047267851,1091.1037894026936
2025-08-09T01:00:00Z,2025-08-09T01:15:00Z,2025-08-09,2025-08-09_4,0.0,1,1,99,63.98643567826143,63.98720391304404,2.7982367149758456e-06,0.00010999999999999999,0.000965,True,True,True,False,0.0,1090.8136301788566,0.6380272524698783,0.2736092760939441,0.013971329691782846,-0.06561794482459427,1091.6736200922876
2025-08-09T01:15:00Z,2025-08-09T01:30:00Z,2025-08-09,2025-08-09_4,0.0,1,1,99,63.98720391304404,63.98732116521795,3.405410628019323e-06,0.0005099999999999999,0.00073,True,True,True,False,0.0,1090.8136301788566,0.6380272524698783,0.2736092760939441,0.06164934629567548,-0.0432914140916172,1091.7436246396244
2025-08-09T01:30:00Z,2025-08-09T01:45:00Z,2025-08-09,2025-08-09_4,0.0,1,1,99,63.98732116521795,63.981837469565775,1.523248792270531e-05,0.005044999999999999,0.0,True,True,True,False,0.0,1090.8136301788566,0.6380272524698783,0.2736092760939441,0.618281359073968,0.0,1092.3435480664943
2025-08-09T01:45:00Z,2025-08-09T02:00:00Z,2025-08-09,2025-08-09_4,0.0,1,1,99,63.981837469565775,63.978060147826646,1.565478260869565e-05,0.00433,0.00101,True,True,True,False,0.0,1090.8136301788566,0.6380272524698783,0.2736092760939441,0.5401617578040268,-0.060355820236240657,1092.2050726449881
2025-08-09T02:00:00Z,2025-08-09T02:15:00Z,2025-08-09,2025-08-09_5,0.0,1,1,99,63.978060147826646,63.97897279130491,5.795990338164252e-06,0.00054,0.0016300000000000002,True,True,True,False,0.0,1090.8136301788566,0.709017767348307,0.19788606022362012,0.06744095363924986,-0.1009641497899864,1091.6870108102778
2025-08-09T02:15:00Z,2025-08-09T02:30:00Z,2025-08-09,2025-08-09_5,0.0,1,1,99,63.97897279130491,63.97908498260926,2.576135265700483e-06,0.000375,0.000565,True,True,True,False,0.0,1090.8136301788566,0.709017767348307,0.19788606022362012,0.045972274260022476,-0.04345211098183826,1091.7230541697068
2025-08-09T02:30:00Z,2025-08-09T02:45:00Z,2025-08-09,2025-08-09_5,0.0,1,1,99,63.97908498260926,63.97891572173969,1.4923913043478261e-06,0.000325,0.0002,True,True,True,False,0.0,1090.8136301788566,0.709017767348307,0.19788606022362012,0.03793753820670071,-0.015381278223659561,1091.7430902664116
2025-08-09T02:45:00Z,2025-08-09T03:00:00Z,2025-08-09,2025-08-09_5,0.0,1,1,99,63.97891572173969,63.97952844347882,3.33243961352657e-06,0.00027,0.000985,True,True,True,False,0.0,1090.8136301788566,0.709017767348307,0.19788606022362012,0.029618804598607797,-0.06242729585297075,1091.6877255151742
2025-08-09T03:00:00Z,2025-08-09T03:15:00Z,2025-08-09,2025-08-09_6,0.0,1,1,99,63.97952844347882,63.95795445217448,6.002997584541063e-05,0.019865,2e-05,True,True,True,False,0.0,1090.8136301788566,0.8755496835006211,0.19788606022362012,2.7073960748161148,-0.0015381278223659562,1094.5929238695746
2025-08-09T03:15:00Z,2025-08-09T03:30:00Z,2025-08-09,2025-08-09_6,0.0,1,1,99,63.95795445217448,63.94287836521796,4.1878019323671496e-05,0.01387,0.0,True,True,True,False,0.0,1090.8136301788566,0.8755496835006211,0.19788606022362012,1.8942392281753466,0.0,1093.7813051507562
2025-08-09T03:30:00Z,2025-08-09T03:45:00Z,2025-08-09,2025-08-09_6,0.0,1,1,99,63.94287836521796,63.902280539131,0.00011277173913043479,0.03735,0.0,True,True,True,False,0.0,1090.8136301788566,0.8755496835006211,0.19788606022362012,5.147532793673956,0.0,1097.0345987162548
2025-08-09T03:45:00Z,2025-08-09T04:00:00Z,2025-08-09,2025-08-09_6,0.0,1,1,99,63.902280539131,63.90172782608752,4.873642512077295e-05,0.008325,0.009235,True,True,True,False,0.0,1090.8136301788566,0.8755496835006211,0.19788606022362012,1.1315341444656979,-0.4195768758257577,1092.5990231912208
2025-08-09T04:00:00Z,2025-08-09T04:15:00Z,2025-08-09,2025-08-09_7,0.0,1,1,99,63.90172782608752,63.878988478261434,9.894263285024153e-05,0.026844999999999997,0.006999999999999999,True,True,True,False,0.0,1090.8136301788566,1.0352783419770857,0.2023229674035219,3.6993120417660856,-0.3340498116779396,1095.4164937183252
2025-08-09T04:15:00Z,2025-08-09T04:30:00Z,2025-08-09,2025-08-09_7,0.0,1,1,99,63.878988478261434,63.87274646087013,2.6078937198067633e-05,0.007189999999999999,0.0017100000000000001,True,True,True,False,0.0,1090.8136301788566,1.0352783419770857,0.2023229674035219,0.9670564887302555,-0.09921715998501311,1092.9190708169824
2025-08-09T04:30:00Z,2025-08-09T04:45:00Z,2025-08-09,2025-08-09_7,0.0,1,1,99,63.87274646087013,63.862581373913606,2.9130797101449272e-05,0.0095,0.00017500000000000003,True,True,True,False,0.0,1090.8136301788566,1.0352783419770857,0.2023229674035219,1.2848145372798798,-0.013107624578493819,1093.3229384009385
2025-08-09T04:45:00Z,2025-08-09T05:00:00Z,2025-08-09,2025-08-09_7,0.0,1,1,99,63.862581373913606,63.863013539130996,4.702874396135266e-06,0.00058,0.001155,True,True,True,False,0.0,1090.8136301788566,1.0352783419770857,0.2023229674035219,0.07576656741140975,-0.0795339955828124,1092.0474640600657
2025-08-09T05:00:00Z,2025-08-09T05:15:00Z,2025-08-09,2025-08-09_8,0.0,1,1,99,63.863013539130996,63.813899408696216,0.00013642814009661838,0.045185,0.0,True,True,True,False,0.0,1090.8136301788566,0.9429906726351284,0.2023229674035219,6.601361788369388,0.0,1098.5603056072646
2025-08-09T05:15:00Z,2025-08-09T05:30:00Z,2025-08-09,2025-08-09_8,0.0,1,1,99,63.813899408696216,63.80451480000056,2.6196135265700484e-05,0.008655000000000001,2.5e-05,True,True,True,False,0.0,1090.8136301788566,0.9429906726351284,0.2023229674035219,1.1750411399893514,-0.0019226597779574452,1093.1320622991066
2025-08-09T05:30:00Z,2025-08-09T05:45:00Z,2025-08-09,2025-08-09_8,0.0,1,1,99,63.80451480000056,63.804347826087515,5.2427053140096615e-06,0.000945,0.000935,True,True,True,False,0.0,1090.8136301788566,0.9429906726351284,0.2023229674035219,0.12026383329060755,-0.058001307408649005,1092.021206344777
2025-08-09T05:45:00Z,2025-08-09T06:00:00Z,2025-08-09,2025-08-09_8,0.0,1,1,99,63.804347826087515,63.81386062608752,2.6424444444444446e-05,0.0,0.01034,True,True,True,False,0.0,1090.8136301788566,0.9429906726351284,0.2023229674035219,0.0,-0.4323853562343475,1091.526558462661
2025-08-09T06:00:00Z,2025-08-09T06:15:00Z,2025-08-09,2025-08-09_9,4.97088159240143,24,29,71,63.81386062608752,60.57238035385317,0.009011480796962635,1.7409599999999998,0.00174,True,True,True,False,85.01450243404544,782.3006842696851,14.553055550077891,9.33288635601743,239.60060272524697,-0.12363775512216285,1130.6780935799507
2025-08-09T06:15:00Z,2025-08-09T06:30:00Z,2025-08-09,2025-08-09_9,4.97088159240143,24,29,71,60.57238035385317,56.90572774722234,0.010185146129530063,2.1306,0.0,True,True,True,False,85.01450243404544,782.3006842696851,14.553055550077891,9.33288635601743,293.67038192897,0.0,1184.871510538796
2025-08-09T06:30:00Z,2025-08-09T06:45:00Z,2025-08-09,2025-08-09_9,4.97088159240143,24,29,71,56.90572774722234,53.62020557537413,0.009126450477356152,1.77996,0.0,True,True,True,False,85.01450243404544,782.3006842696851,14.553055550077891,9.33288635601743,242.6415666423458,0.0,1133.8426952521718
2025-08-09T06:45:00Z,2025-08-09T07:00:00Z,2025-08-09,2025-08-09_9,4.97088159240143,24,29,71,53.62020557537413,52.02006918260923,0.004470614566993337,0.23472,0.00609,True,True,True,False,85.01450243404544,782.3006842696851,14.553055550077891,9.33288635601743,29.69628506635641,-0.46835992191043363,920.4290537542719
2025-08-09T07:00:00Z,2025-08-09T07:15:00Z,2025-08-09,2025-08-09_10,-1.0,29,28,71,52.02006918260923,50.21765217391357,0.005953189468599034,1.87978,0.0,True,True,True,False,-3.835,782.3006842696851,17.57636410246297,9.218118356963974,239.82420880676776,0.0,1045.0843755358799
2025-08-09T07:15:00Z,2025-08-09T07:30:00Z,2025-08-09,2025-08-09_10,-1.0,29,28,71,50.21765217391357,48.76766292173966,0.005031672367149758,1.55382,0.0,True,True,True,False,-3.835,782.3006842696851,17.57636410246297,9.218118356963974,199.1313891345073,0.0,1004.3915558636194
2025-08-09T07:30:00Z,2025-08-09T07:45:00Z,2025-08-09,2025-08-09_10,-1.0,29,28,71,48.76766292173966,48.81510763478313,0.0011919357971014494,0.18183000000000002,0.015260000000000001,True,True,True,False,-3.835,782.3006842696851,17.57636410246297,9.218118356963974,19.330826301985763,-1.1835309459486107,823.4074620851492
2025-08-09T07:45:00Z,2025-08-09T08:00:00Z,2025-08-09,2025-08-09_10,-1.0,29,28,71,48.81510763478313,49.3660562956527,0.0015777559420289855,0.00812,0.3584,True,True,True,False,-3.835,782.3006842696851,17.57636410246297,9.218118356963974,0.845161483701761,199.7196385794009,1005.8249667922147
2025-08-09T08:00:00Z,2025-08-09T08:15:00Z,2025-08-09,2025-08-09_11,-28.98493405465354,29,0,71,49.3660562956527,55.927061779982786,0.018225375051966707,0.114695,0.0,True,True,True,False,0.1449246702732677,782.3006842696851,17.713612431227936,0.0,12.877205783755004,0.0,813.0364271549413
2025-08-09T08:15:00Z,2025-08-09T08:30:00Z,2025-08-09,2025-08-09_11,-28.98493405465354,29,0,71,55.927061779982786,61.999643820687766,0.01687030861514313,0.64554,0.0,True,True,True,False,0.1449246702732677,782.3006842696851,17.713612431227936,0.0,78.85883848080297,0.0,879.0180598519893
2025-08-09T08:30:00Z,2025-08-09T08:45:00Z,2025-08-09,2025-08-09_11,-28.98493405465354,29,0,71,61.999643820687766,68.66617865325807,0.018518152312695317,0.0,0.0,True,True,True,False,0.1449246702732677,782.3006842696851,17.713612431227936,0.0,0.0,0.0,800.1592213711863
2025-08-09T08:45:00Z,2025-08-09T09:00:00Z,2025-08-09,2025-08-09_11,-28.98493405465354,29,0,71,68.66617865325807,75.32617626956572,0.018500015668225404,0.007105,0.0,True,True,True,False,0.1449246702732677,782.3006842696851,17.713612431227936,0.0,0.6304845102640452,0.0,800.7897058814503
2025-08-09T09:00:00Z,2025-08-09T09:15:00Z,2025-08-09,2025-08-09_12,-29.0,29,0,71,75.32617626956572,81.55128726956572,0.017291975,0.483575,0.0,True,True,True,False,7.25,782.3006842696851,17.713612431227936,0.0,53.0545026621443,0.0,860.3187993630573
2025-08-09T09:15:00Z,2025-08-09T09:30:00Z,2025-08-09,2025-08-09_12,-29.0,29,0,71,81.55128726956572,87.81254966956573,0.017392395555555554,0.44428,0.0,True,True,True,False,7.25,782.3006842696851,17.713612431227936,0.0,52.00531713434955,0.0,859.2696138352626
2025-08-09T09:30:00Z,2025-08-09T09:45:00Z,2025-08-09,2025-08-09_12,-29.0,29,0,71,87.81254966956573,94.48254966956573,0.01852777777777778,0.0,0.0,True,True,True,False,7.25,782.3006842696851,17.713612431227936,0.0,0.0,0.0,807.2642967009131
2025-08-09T09:45:00Z,2025-08-09T10:00:00Z,2025-08-09,2025-08-09_12,-29.0,29,0,71,94.48254966956573,101.15254966956573,0.01852777777777778,0.0,0.0,True,True,True,False,7.25,782.3006842696851,17.713612431227936,0.0,0.0,0.0,807.2642967009131
2025-08-09T10:00:00Z,2025-08-09T10:15:00Z,2025-08-09,2025-08-09_13,-29.0,29,0,71,101.15254966956573,107.72129906956573,0.018246526111111112,0.110055,0.0,True,True,True,False,72.21000000000001,782.3006842696851,17.57636410246297,0.0,9.983382444637256,0.0,882.0704308167853
2025-08-09T10:15:00Z,2025-08-09T10:30:00Z,2025-08-09,2025-08-09_13,-29.0,29,0,71,107.72129906956573,113.93693866956573,0.01726566555555556,0.49387,0.0,True,True,True,False,72.21000000000001,782.3006842696851,17.57636410246297,0.0,56.31185384827749,0.0,928.3989022204256
2025-08-09T10:30:00Z,2025-08-09T10:45:00Z,2025-08-09,2025-08-09_13,-29.0,29,0,71,113.93693866956573,120.36788586956573,0.01786374222222222,0.25984,0.0,True,True,True,False,72.21000000000001,782.3006842696851,17.57636410246297,0.0,27.072221869022496,0.0,899.1592702411706
2025-08-09T10:45:00Z,2025-08-09T11:00:00Z,2025-08-09,2025-08-09_13,-29.0,29,0,71,120.36788586956573,127.02774746956572,0.018499615555555557,0.011019999999999999,0.0,True,True,True,False,72.21000000000001,782.3006842696851,17.57636410246297,0.0,0.9778943424503557,0.0,873.0649427145985
2025-08-09T11:00:00Z,2025-08-09T11:15:00Z,2025-08-09,2025-08-09_14,-29.0,29,0,71,127.02774746956572,133.69147766956573,0.01851036166666667,0.006815,0.0,True,True,True,False,118.8275,782.3006842696851,17.57636410246297,0.0,0.6047504486206148,0.0,919.3092988207687
2025-08-09T11:15:00Z,2025-08-09T11:30:00Z,2025-08-09,2025-08-09_14,-29.0,29,0,71,133.69147766956573,140.36147766956574,0.018527777777777782,0.0,0.0,True,True,True,False,118.8275,782.3006842696851,17.57636410246297,0.0,0.0,0.0,918.7045483721481
2025-08-09T11:30:00Z,2025-08-09T11:45:00Z,2025-08-09,2025-08-09_14,-29.0,29,0,71,140.36147766956574,147.02547466956574,0.018511102777777778,0.0065249999999999996,0.0,True,True,True,False,118.8275,782.3006842696851,17.57636410246297,0.0,0.5790163869771844,0.0,919.2835647591253
2025-08-09T11:45:00Z,2025-08-09T12:00:00Z,2025-08-09,2025-08-09_14,-29.0,29,0,71,147.02547466956574,153.69253986956573,0.018519625555555558,0.0031899999999999997,0.0,True,True,True,False,118.8275,782.3006842696851,17.57636410246297,0.0,0.28307467807773457,0.0,918.9876230502258
2025-08-09T12:00:00Z,2025-08-09T12:15:00Z,2025-08-09,2025-08-09_15,-1.0,29,28,71,153.69253986956573,155.90322626956575,0.006140795555555556,0.0,2.15292,True,True,True,False,3.75,782.3006842696851,17.57636410246297,6.692039202539883,0.0,476.5696511683855,1286.8887387430734
2025-08-09T12:15:00Z,2025-08-09T12:30:00Z,2025-08-09,2025-08-09_15,-1.0,29,28,71,155.90322626956575,156.8315466608701,0.0025913489130434788,0.002175,0.7616,True,True,True,False,3.75,782.3006842696851,17.57636410246297,6.692039202539883,0.1930054623257281,14.237629232316461,824.7497222693302
2025-08-09T12:30:00Z,2025-08-09T12:45:00Z,2025-08-09,2025-08-09_15,-1.0,29,28,71,156.8315466608701,157.08612068695703,0.0007468843719806765,0.006815,0.03472,True,True,True,False,3.75,782.3006842696851,17.57636410246297,6.692039202539883,0.6047504486206148,-2.333793898759638,808.590044124549
2025-08-09T12:45:00Z,2025-08-09T13:00:00Z,2025-08-09,2025-08-09_15,-1.0,29,28,71,157.08612068695703,157.3400000000005,0.0007348096859903382,0.0050750000000000005,0.03192,True,True,True,False,3.75,782.3006842696851,17.57636410246297,6.692039202539883,0.45034607876003235,-2.3448620457100033,808.424571607738
2025-08-09T13:00:00Z,2025-08-09T13:15:00Z,2025-08-09,2025-08-09_16,0.0,100,100,0,157.3400000000005,164.68674695652223,0.02047103623188406,0.0105,7.997999999999999,True,True,True,False,0.0,0.0,60.608152077458534,23.90014000907101,0.9317505077793772,6291.316288773637,6376.756331367946
2025-08-09T13:15:00Z,2025-08-09T13:30:00Z,2025-08-09,2025-08-09_16,0.0,100,100,0,164.68674695652223,163.84723826087003,0.005488079710144927,1.295,0.6175,True,True,True,False,0.0,0.0,60.608152077458534,23.90014000907101,126.41744493305197,-24.025037467216187,186.90069955236532
2025-08-09T13:30:00Z,2025-08-09T13:45:00Z,2025-08-09,2025-08-09_16,0.0,100,100,0,163.84723826087003,163.46133130434828,0.0011562971014492753,0.369,0.0165,True,True,True,False,0.0,0.0,60.608152077458534,23.90014000907101,33.40988621798032,-1.2689554534519139,116.64922285105796
2025-08-09T13:45:00Z,2025-08-09T14:00:00Z,2025-08-09,2025-08-09_16,0.0,100,100,0,163.46133130434828,157.10154869565264,0.017666062801932367,5.851,0.0,True,True,True,False,0.0,0.0,60.608152077458534,23.90014000907101,752.46806787482,0.0,836.9763599613495
2025-08-09T14:00:00Z,2025-08-09T14:15:00Z,2025-08-09,2025-08-09_17,-21.896788588048377,59,37,41,157.10154869565264,161.2824183032147,0.01479844305374062,0.838685,0.004625,True,True,True,False,-0.32845182882072566,451.7510993670012,35.70645422097769,8.843051803356273,88.08979240993078,-0.35569205892212735,583.706253913523
2025-08-09T14:15:00Z,2025-08-09T14:30:00Z,2025-08-09,2025-08-09_17,-21.896788588048377,59,37,41,161.2824183032147,166.51226800423103,0.018124534551246328,0.947245,1.2657699999999998,True,True,True,False,-0.32845182882072566,451.7510993670012,35.70645422097769,8.843051803356273,95.15356307605843,606.1119090059354,1197.2376256445084
2025-08-09T14:30:00Z,2025-08-09T14:45:00Z,2025-08-09,2025-08-09_17,-21.896788588048377,59,37,41,166.51226800423103,170.78710491656076,0.015255509902645051,0.8903099999999999,0.16428,True,True,True,False,-0.32845182882072566,451.7510993670012,35.70645422097769,8.843051803356273,94.58431103902505,-6.542206172230877,584.0142584293086
2025-08-09T14:45:00Z,2025-08-09T15:00:00Z,2025-08-09,2025-08-09_17,-21.896788588048377,59,37,41,170.78710491656076,170.95515913043525,0.01850310058601675,4.7495,0.0,True,True,True,False,-0.32845182882072566,451.7510993670012,35.70645422097769,8.843051803356273,628.0689498333694,0.0,1124.0411033958837
2025-08-09T15:00:00Z,2025-08-09T15:15:00Z,2025-08-09,2025-08-09_18,0.0,100,100,0,170.95515913043525,182.66832347826136,0.03925154347826087,1.112,14.0455,True,True,True,False,0.0,0.0,63.09282009820354,20.23229674035219,128.22547849578987,12077.166272307782,12288.716867642128
2025-08-09T15:15:00Z,2025-08-09T15:30:00Z,2025-08-09,2025-08-09_18,0.0,100,100,0,182.66832347826136,189.55958347826135,0.01914238888888889,0.0,7.4905,True,True,True,False,0.0,0.0,63.09282009820354,20.23229674035219,0.0,4049.032455680227,4132.357572518783
2025-08-09T15:30:00Z,2025-08-09T15:45:00Z,2025-08-09,2025-08-09_18,0.0,100,100,0,189.55958347826135,189.5241304347831,0.0008677028985507246,0.16,0.1505,True,True,True,False,0.0,0.0,63.09282009820354,20.23229674035219,14.986886474334955,-8.225815799333477,90.0861875135572
2025-08-09T15:45:00Z,2025-08-09T16:00:00Z,2025-08-09,2025-08-09_18,0.0,100,100,0,189.5241304347831,182.59532608695702,0.01924667874396135,6.374499999999999,0.0,True,True,True,False,0.0,0.0,63.09282009820354,20.23229674035219,4646.086712251779,0.0,4729.411829090335
2025-08-09T16:00:00Z,2025-08-09T16:15:00Z,2025-08-09,2025-08-09_19,0.0,100,100,0,182.59532608695702,179.94858695652223,0.007352053140096618,2.435,0.0,True,True,True,False,0.0,0.0,79.7755910946343,20.23229674035219,269.7413973299678,0.0,369.7492851649543
2025-08-09T16:15:00Z,2025-08-09T16:30:00Z,2025-08-09,2025-08-09_19,0.0,100,100,0,179.94858695652223,176.11108695652223,0.010659722222222223,3.5305000000000004,0.0,True,True,True,False,0.0,0.0,79.7755910946343,20.23229674035219,442.14341474236363,0.0,542.1513025773501
2025-08-09T16:30:00Z,2025-08-09T16:45:00Z,2025-08-09,2025-08-09_19,0.0,100,100,0,176.11108695652223,164.12521739130483,0.03329408212560386,11.027,0.0,True,True,True,False,0.0,0.0,79.7755910946343,20.23229674035219,8573.167959022696,0.0,8673.175846857683
2025-08-09T16:45:00Z,2025-08-09T17:00:00Z,2025-08-09,2025-08-09_19,0.0,100,100,0,164.12521739130483,158.26000000000047,0.016292270531400966,5.396,0.0,True,True,True,False,0.0,0.0,79.7755910946343,20.23229674035219,1059.2178493817908,0.0,1159.2257372167771
2025-08-09T17:00:00Z,2025-08-09T17:15:00Z,2025-08-09,2025-08-09_20,31.0,0,31,69,158.26000000000047,150.69229347826135,0.02102140700483092,0.0,0.7877099999999999,True,True,True,False,1245.3475,760.2640452761727,0.0,6.272011989509179,0.0,-41.025196862613626,1970.8583604030684
2025-08-09T17:15:00Z,2025-08-09T17:30:00Z,2025-08-09,2025-08-09_20,31.0,0,31,69,150.69229347826135,142.30005434782655,0.023311775362318838,0.0,0.02914,True,True,True,False,1245.3475,760.2640452761727,0.0,6.272011989509179,0.0,-2.241052237187198,2009.6425050284947
2025-08-09T17:30:00Z,2025-08-09T17:45:00Z,2025-08-09,2025-08-09_20,31.0,0,31,69,142.30005434782655,133.90191847826134,0.02332815519323671,0.0,0.023715,True,True,True,False,1245.3475,760.2640452761727,0.0,6.272011989509179,0.0,-1.8238350653704325,2010.0597222003116
2025-08-09T17:45:00Z,2025-08-09T18:00:00Z,2025-08-09,2025-08-09_20,31.0,0,31,69,133.90191847826134,125.47800543478309,0.023399758454106277,0.0,0.0,True,True,True,False,1245.3475,760.2640452761727,0.0,6.272011989509179,0.0,0.0,2011.883557265682
2025-08-09T18:00:00Z,2025-08-09T18:15:00Z,2025-08-09,2025-08-09_21,71.0,0,71,29,125.47800543478309,106.20266304347874,0.05354261775362318,0.0,0.016685,True,True,True,False,3506.335,319.5312654059277,0.0,13.44087081698251,0.0,-1.3456971860148683,3837.961439036895
2025-08-09T18:15:00Z,2025-08-09T18:30:00Z,2025-08-09,2025-08-09_21,71.0,0,71,29,106.20266304347874,86.96899456521787,0.05342685688405797,0.0,0.055025,True,True,True,False,3506.335,319.5312654059277,0.0,13.44087081698251,0.0,-4.4379375283469065,3834.8691986945632
2025-08-09T18:30:00Z,2025-08-09T18:45:00Z,2025-08-09,2025-08-09_21,71.0,0,71,29,86.96899456521787,67.73069565217439,0.05343971920289855,0.0,0.050765,True,True,True,False,3506.335,319.5312654059277,0.0,13.44087081698251,0.0,-4.094355268087791,3835.2127809548224
2025-08-09T18:45:00Z,2025-08-09T19:00:00Z,2025-08-09,2025-08-09_21,71.0,0,71,29,67.73069565217439,50.77057065217439,0.04711145833333333,0.0,2.1466849999999997,True,True,True,False,3506.335,319.5312654059277,0.0,13.44087081698251,0.0,-149.69266161779493,3689.6144746051154
2025-08-09T19:00:00Z,2025-08-09T19:15:00Z,2025-08-09,2025-08-09_22,0.0,25,25,75,50.77057065217439,50.87110456521787,0.0003366280193236715,0.0095,0.1205,True,True,True,False,0.0,826.3739622567095,25.401293604937784,5.0580741850880475,1.2728999625327837,-9.875078483958115,848.23115152531
2025-08-09T19:15:00Z,2025-08-09T19:30:00Z,2025-08-09,2025-08-09_22,0.0,25,25,75,50.87110456521787,50.88754282608743,0.0001166159420289855,0.01175,0.03175,True,True,True,False,0.0,826.3739622567095,25.401293604937784,5.0580741850880475,1.6086246080731992,-2.6296069886217976,855.8123476661867
2025-08-09T19:30:00Z,2025-08-09T19:45:00Z,2025-08-09,2025-08-09_22,0.0,25,25,75,50.88754282608743,50.88934326087004,4.802657004830918e-05,0.007124999999999999,0.010375,True,True,True,False,0.0,826.3739622567095,25.401293604937784,5.0580741850880475,0.9361877107530909,-0.8592810238409812,856.9102367336475
2025-08-09T19:45:00Z,2025-08-09T20:00:00Z,2025-08-09,2025-08-09_22,0.0,25,25,75,50.88934326087004,51.99770304347874,0.00308330615942029,0.00075,1.205625,True,True,True,False,0.0,826.3739622567095,25.401293604937784,5.0580741850880475,0.09909092701780678,5.1046073583640625,862.0370283321173
2025-08-09T20:00:00Z,2025-08-09T20:15:00Z,2025-08-09,2025-08-09_23,3.3322693208722076,21,25,75,51.99770304347874,51.880684333291576,0.004040586279086326,0.00168,0.8387499999999999,True,True,True,False,98.06868611326907,826.3739622567095,13.355090611504405,5.0580741850880475,0.21699434047839716,-53.0937631874741,889.9790443195753
2025-08-09T20:15:00Z,2025-08-09T20:30:00Z,2025-08-09,2025-08-09_23,3.3322693208722076,21,25,75,51.880684333291576,51.606947664407244,0.004179114182342595,0.08778,0.77175,True,True,True,False,98.06868611326907,826.3739622567095,13.355090611504405,5.0580741850880475,12.108208167853126,-49.37519867484372,905.5888226595805
2025-08-09T20:30:00Z,2025-08-09T20:45:00Z,2025-08-09,2025-08-09_23,3.3322693208722076,21,25,75,51.606947664407244,50.834014114239345,0.002970989211313578,0.03927,0.186,True,True,True,False,98.06868611326907,826.3739622567095,13.355090611504405,5.0580741850880475,5.393389239021119,-14.073881406400975,934.1753209991912
2025-08-09T20:45:00Z,2025-08-09T21:00:00Z,2025-08-09,2025-08-09_23,3.3322693208722076,21,25,75,50.834014114239345,50.76086956521883,0.004116395538741537,0.0,0.8833749999999999,True,True,True,False,98.06868611326907,826.3739622567095,13.355090611504405,5.0580741850880475,0.0,-42.514218290903344,900.3415948756677
2025-08-09T21:00:00Z,2025-08-09T21:15:00Z,2025-08-10,2025-08-09_24,-5.612904252619387,27,21,73,50.76086956521883,50.99545191617816,0.005984185174218833,1.1148299999999998,0.12684,True,True,True,False,-133.55905669107833,804.3373232631973,17.538206700715822,5.7457947979728266,153.71599908106717,-5.715491289858217,842.0627758620166
2025-08-09T21:15:00Z,2025-08-09T21:30:00Z,2025-08-10,2025-08-09_24,-5.612904252619387,27,21,73,50.99545191617816,50.894721014319224,0.0060465620189029505,1.322595,0.0,True,True,True,False,-133.55905669107833,804.3373232631973,17.538206700715822,5.7457947979728266,196.04482641241543,0.0,890.107094483223
2025-08-09T21:30:00Z,2025-08-09T21:45:00Z,2025-08-10,2025-08-09_24,-5.612904252619387,27,21,73,50.894721014319224,50.69370028810051,0.006223875598508963,1.417905,0.0,True,True,True,False,-133.55905669107833,804.3373232631973,17.538206700715822,5.7457947979728266,195.4914395003056,0.0,889.5537075711133
2025-08-09T21:45:00Z,2025-08-09T22:00:00Z,2025-08-10,2025-08-09_24,-5.612904252619387,27,21,73,50.69370028810051,51.22179511176052,0.004935229922581594,0.7250850000000001,0.000105,True,True,True,False,-133.55905669107833,804.3373232631973,17.538206700715822,5.7457947979728266,99.83241262842381,-0.00869633807260752,793.8859843611588
2025-08-09T22:00:00Z,2025-08-09T22:15:00Z,2025-08-10,2025-08-10_1,-10.650139731317497,100,89,0,51.22179511176052,44.591889592806005,0.02740237678319711,8.492,0.0,True,True,True,False,-225.516708810648,0.0,64.9563211137623,24.351225572361024,5306.728852517205,0.0,5170.519690392681
2025-08-09T22:15:00Z,2025-08-09T22:30:00Z,2025-08-10,2025-08-10_1,-10.650139731317497,100,89,0,44.591889592806005,44.81364588096168,0.011887237159205238,2.089,0.00623,True,True,True,False,-225.516708810648,0.0,64.9563211137623,24.351225572361024,284.70271676756516,-0.5159827256413795,147.9775719173991
2025-08-09T22:30:00Z,2025-08-09T22:45:00Z,2025-08-10,2025-08-10_1,-10.650139731317497,100,89,0,44.81364588096168,46.11253888967625,0.009462178550265148,1.085,0.010235000000000001,True,True,True,False,-225.516708810648,0.0,64.9563211137623,24.351225572361024,146.38417503105833,-0.8476859064108379,9.327327000122821
2025-08-09T22:45:00Z,2025-08-09T23:00:00Z,2025-08-10,2025-08-10_1,-10.650139731317497,100,89,0,46.11253888967625,48.58695652173897,0.007113483083142588,0.0445,0.07876499999999999,True,True,True,False,-225.516708810648,0.0,64.9563211137623,24.351225572361024,5.645719764942517,-6.5234958884660115,-137.08693824804817
2025-08-09T23:00:00Z,2025-08-09T23:15:00Z,2025-08-10,2025-08-10_2,3.760365463692916e-14,29,29,71,48.58695652173897,48.74234331304331,0.000432505579710172,0.000145,0.16906999999999997,True,True,True,False,7.804638519894646e-13,782.3006842696851,18.477056259983037,7.934669006724379,0.01829977716866163,-14.002760742245268,794.7279485713167
2025-08-09T23:15:00Z,2025-08-09T23:30:00Z,2025-08-10,2025-08-10_2,3.760365463692916e-14,29,29,71,48.74234331304331,49.8755763130433,0.003147869444444463,0.0,1.231775,True,True,True,False,7.804638519894646e-13,782.3006842696851,18.477056259983037,7.934669006724379,0.0,-58.30351467137307,750.4088948650202
2025-08-09T23:30:00Z,2025-08-09T23:45:00Z,2025-08-10,2025-08-10_2,3.760365463692916e-14,29,29,71,49.8755763130433,50.638224113043286,0.0021184661111111336,0.0,0.828965,True,True,True,False,7.804638519894646e-13,782.3006842696851,18.477056259983037,7.934669006724379,0.0,-57.211842293585214,751.5005672428081
2025-08-09T23:45:00Z,2025-08-10T00:00:00Z,2025-08-10,2025-08-10_2,3.760365463692916e-14,29,29,71,50.638224113043286,51.12205406086937,0.001349225700483116,0.00087,0.52693,True,True,True,False,7.804638519894646e-13,782.3006842696851,18.477056259983037,7.934669006724379,0.11014178383388219,-26.659264350929778,782.1632869692975
2025-08-10T00:00:00Z,2025-08-10T00:15:00Z,2025-08-10,2025-08-10_3,4.0,25,29,71,51.12205406086937,50.14886449565198,0.0032348599033816426,0.0,0.12063999999999998,True,True,True,False,82.78,782.3006842696851,15.950681311746958,7.934669006724379,0.0,-9.991678334089247,878.9743562540672
2025-08-10T00:15:00Z,2025-08-10T00:30:00Z,2025-08-10,2025-08-10_3,4.0,25,29,71,50.14886449565198,49.74874862608676,0.004320571859903382,0.0,0.728335,True,True,True,False,82.78,782.3006842696851,15.950681311746958,7.934669006724379,0.0,-32.21371802666088,856.7523165614956
2025-08-10T00:30:00Z,2025-08-10T00:45:00Z,2025-08-10,2025-08-10_3,4.0,25,29,71,49.74874862608676,50.15771819130415,0.005853417874396135,0.0,1.5863,True,True,True,False,82.78,782.3006842696851,15.950681311746958,7.934669006724379,0.0,-65.31698404685373,823.6490505413027
2025-08-10T00:45:00Z,2025-08-10T01:00:00Z,2025-08-10,2025-08-10_3,4.0,25,29,71,50.15771819130415,49.22910906086936,0.0033218586956521735,0.0005,0.16848999999999997,True,True,True,False,82.78,782.3006842696851,15.950681311746958,7.934669006724379,0.06310267989193666,-13.954723827177531,875.0744134408709
2025-08-10T01:00:00Z,2025-08-10T01:15:00Z,2025-08-10,2025-08-10_4,0.0,29,29,71,49.22910906086936,49.29571373913023,0.00021741033816425126,0.005365,0.07873500000000001,True,True,True,False,0.0,782.3006842696851,18.50279032162647,7.934669006724379,0.5975736763226913,-6.521011220445269,802.8147060539134
2025-08-10T01:15:00Z,2025-08-10T01:30:00Z,2025-08-10,2025-08-10_4,0.0,29,29,71,49.29571373913023,49.83271001739109,0.0015039147826086956,0.00203,0.58609,True,True,True,False,0.0,782.3006842696851,18.50279032162647,7.934669006724379,0.2565399439963716,-22.642206207726133,786.3524773343062
2025-08-10T01:30:00Z,2025-08-10T01:45:00Z,2025-08-10,2025-08-10_4,0.0,29,29,71,49.83271001739109,51.491005417391094,0.004606376111111111,0.0,1.802495,True,True,True,False,0.0,782.3006842696851,18.50279032162647,7.934669006724379,0.0,-67.53446983889096,741.203673759145
2025-08-10T01:45:00Z,2025-08-10T02:00:00Z,2025-08-10,2025-08-10_4,0.0,29,29,71,51.491005417391094,52.02513901739109,0.001483704444444444,0.0,0.5805799999999999,True,True,True,False,0.0,782.3006842696851,18.50279032162647,7.934669006724379,0.0,-24.385138518270193,784.3530050797658
2025-08-10T02:00:00Z,2025-08-10T02:15:00Z,2025-08-10,2025-08-10_5,0.8092451743050663,28,29,71,52.02513901739109,52.75849445544916,0.0030858821431796993,0.00014000000000000001,1.0310949999999999,True,True,True,False,16.23548130949539,782.3006842696851,19.852497485752597,5.738695746484983,0.017668750369742265,-38.650762092051025,785.4942654697368
2025-08-10T02:15:00Z,2025-08-10T02:30:00Z,2025-08-10,2025-08-10_5,0.8092451743050663,28,29,71,52.75849445544916,54.761161165009106,0.0063796116769418406,0.0,2.4036650000000006,True,True,True,False,16.23548130949539,782.3006842696851,19.852497485752597,5.738695746484983,0.0,-90.05863619333084,734.0687226180872
2025-08-10T02:30:00Z,2025-08-10T02:45:00Z,2025-08-10,2025-08-10_5,0.8092451743050663,28,29,71,54.761161165009106,56.1370247073149,0.004752719460833557,0.0,1.7257899999999997,True,True,True,False,16.23548130949539,782.3006842696851,19.852497485752597,5.738695746484983,0.0,-64.6605470213563,759.4668117900618
2025-08-10T02:45:00Z,2025-08-10T03:00:00Z,2025-08-10,2025-08-10_5,0.8092451743050663,28,29,71,56.1370247073149,56.30272239130282,0.0016116864891558345,0.0,0.41701999999999995,True,True,True,False,16.23548130949539,782.3006842696851,19.852497485752597,5.738695746484983,0.0,-16.246683421742812,807.8806753896753
2025-08-10T03:00:00Z,2025-08-10T03:15:00Z,2025-08-10,2025-08-10_6,3.0,26,29,71,56.30272239130282,55.586443365215864,0.0024733795169082124,0.0,0.10556,True,True,True,False,62.400000000000006,782.3006842696851,22.764291771016147,5.738695746484983,0.0,-4.789677537417917,868.4139942497684
2025-08-10T03:15:00Z,2025-08-10T03:30:00Z,2025-08-10,2025-08-10_6,3.0,26,29,71,55.586443365215864,54.83702078260717,0.0024186027294685985,0.0028599999999999997,0.073515,True,True,True,False,62.400000000000006,782.3006842696851,22.764291771016147,5.738695746484983,0.36217793378162527,-3.310835172842184,870.2550145481257
2025-08-10T03:30:00Z,2025-08-10T03:45:00Z,2025-08-10,2025-08-10_6,3.0,26,29,71,54.83702078260717,54.37760097391151,0.0030156816908212558,0.0,0.37961,True,True,True,False,62.400000000000006,782.3006842696851,22.764291771016147,5.738695746484983,0.0,-14.86550693932283,858.3381648478635
2025-08-10T03:45:00Z,2025-08-10T04:00:00Z,2025-08-10,2025-08-10_6,3.0,26,29,71,54.37760097391151,53.720272034781075,0.0026019848309178743,0.00078,0.16935999999999998,True,True,True,False,62.400000000000006,782.3006842696851,22.764291771016147,5.738695746484983,0.09905543176036756,-7.070632217862001,866.2320950010846
2025-08-10T04:00:00Z,2025-08-10T04:15:00Z,2025-08-10,2025-08-10_7,0.0,29,29,71,53.720272034781075,53.70784742608542,0.0007719183574879229,0.13354500000000002,0.14427500000000001,True,True,True,False,0.0,782.3006842696851,28.350357910512503,6.81952633550906,17.266519738321072,-5.911232193212518,828.8258560608152
2025-08-10T04:15:00Z,2025-08-10T04:30:00Z,2025-08-10,2025-08-10_7,0.0,29,29,71,53.70784742608542,53.6967555565202,5.674963768115942e-05,0.0145,0.0050750000000000005,True,True,True,False,0.0,782.3006842696851,28.350357910512503,6.81952633550906,1.8419869456330973,-0.3902999349253614,818.9222555264145
2025-08-10T04:30:00Z,2025-08-10T04:45:00Z,2025-08-10,2025-08-10_7,0.0,29,29,71,53.6967555565202,53.71510751304194,0.0001157723429951691,0.01073,0.032625,True,True,True,False,0.0,782.3006842696851,28.350357910512503,6.81952633550906,1.3634469720573446,-1.6944464218808541,817.1395690658832
2025-08-10T04:45:00Z,2025-08-10T05:00:00Z,2025-08-10,2025-08-10_7,0.0,29,29,71,53.71510751304194,53.77631390434629,0.00017089335748792273,0.000145,0.0667,True,True,True,False,0.0,782.3006842696851,28.350357910512503,6.81952633550906,0.018471337579617834,-4.018796336100648,813.4702435171856
2025-08-10T05:00:00Z,2025-08-10T05:15:00Z,2025-08-10,2025-08-10_8,3.2856203884523354e-14,29,29,71,53.77631390434629,50.55904759999845,0.00893685084541065,2.959885,0.0,True,True,True,False,5.759692540956944e-13,782.3006842696851,25.674015499595747,6.81952633550906,462.0125359734574,0.0,1276.8067620782479
2025-08-10T05:15:00Z,2025-08-10T05:30:00Z,2025-08-10,2025-08-10_8,3.2856203884523354e-14,29,29,71,50.55904759999845,48.80155303478105,0.004881929347826112,1.616895,0.0,True,True,True,False,5.759692540956944e-13,782.3006842696851,25.674015499595747,6.81952633550906,219.17885200942595,0.0,1033.9730781142164
2025-08-10T05:30:00Z,2025-08-10T05:45:00Z,2025-08-10,2025-08-10_8,3.2856203884523354e-14,29,29,71,48.80155303478105,48.63872055652018,0.00048195688405799566,0.154715,0.0058000000000000005,True,True,True,False,5.759692540956944e-13,782.3006842696851,25.674015499595747,6.81952633550906,18.488550807517104,-0.37608901421782254,832.9066878980898
2025-08-10T05:45:00Z,2025-08-10T06:00:00Z,2025-08-10,2025-08-10_8,3.2856203884523354e-14,29,29,71,48.63872055652018,49.24358086956365,0.0016889235748792477,0.0014500000000000001,0.65917,True,True,True,False,5.759692540956944e-13,782.3006842696851,25.674015499595747,6.81952633550906,0.17327601506576484,-24.964255325274596,790.0032467945816
2025-08-10T06:00:00Z,2025-08-10T06:15:00Z,2025-08-10,2025-08-10_9,0.0,100,100,0,49.24358086956365,39.94437652173757,0.02585667874396135,8.5595,0.005,True,True,True,False,0.0,0.0,60.63773145865789,32.1823667448877,1150.5135350318471,-0.384531955591489,1242.9491012798012
2025-08-10T06:15:00Z,2025-08-10T06:30:00Z,2025-08-10,2025-08-10_9,0.0,100,100,0,39.94437652173757,35.80711217391148,0.015195400966183574,4.4195,0.7245,True,True,True,False,0.0,0.0,60.63773145865789,32.1823667448877,579.9026126481434,-27.56903157105953,645.1536792806295
2025-08-10T06:30:00Z,2025-08-10T06:45:00Z,2025-08-10,2025-08-10_9,0.0,100,100,0,35.80711217391148,39.80497217391148,0.011105166666666668,0.0,4.3455,True,True,True,False,0.0,0.0,60.63773145865789,32.1823667448877,0.0,2660.2299055431763,2753.050003746722
2025-08-10T06:45:00Z,2025-08-10T07:00:00Z,2025-08-10,2025-08-10_9,0.0,100,100,0,39.80497217391148,43.69565217391148,0.010807444444444444,0.0,4.229,True,True,True,False,0.0,0.0,60.63773145865789,32.1823667448877,0.0,196.00207035948807,288.82216856303364
2025-08-10T07:00:00Z,2025-08-10T07:15:00Z,2025-08-10,2025-08-10_10,-2.79609462150745,38,35,62,43.69565217391148,44.55465967519764,0.0025009272916426168,0.02052,0.25865,True,True,True,False,0.006990236553768625,683.1358087988798,23.03109778943424,11.522647946204966,1.850878831022855,-11.756892370491608,707.7905312316041
2025-08-10T07:15:00Z,2025-08-10T07:30:00Z,2025-08-10,2025-08-10_10,-2.79609462150745,38,35,62,44.55465967519764,45.20644842605192,0.0019295713309476197,0.021280000000000004,0.0343,True,True,True,False,0.006990236553768625,683.1358087988798,23.03109778943424,11.522647946204966,1.8883476957662046,-1.9285134586184454,717.6563790082205
2025-08-10T07:30:00Z,2025-08-10T07:45:00Z,2025-08-10,2025-08-10_10,-2.79609462150745,38,35,62,45.20644842605192,46.49379375009505,0.0035897771914821302,0.00247,0.70315,True,True,True,False,0.006990236553768625,683.1358087988798,23.03109778943424,11.522647946204966,0.21918321468714871,-1.7002278203939973,716.2155001653659
2025-08-10T07:45:00Z,2025-08-10T08:00:00Z,2025-08-10,2025-08-10_10,-2.79609462150745,38,35,62,46.49379375009505,48.684105513041764,0.006084199341518649,0.0,1.6817499999999999,True,True,True,False,0.006990236553768625,683.1358087988798,23.03109778943424,11.522647946204966,0.0,693.9803009209047,1411.6768456919774
2025-08-10T08:00:00Z,2025-08-10T08:15:00Z,2025-08-10,2025-08-10_11,-3.0,29,26,71,48.684105513041764,49.5935752695635,0.002534155120772947,0.0014500000000000001,0.24024,True,True,True,False,2.5949999999999998,782.3006842696851,17.713612431227936,8.559681331466546,0.12867030821715209,-13.77176711955986,797.5258812210369
2025-08-10T08:15:00Z,2025-08-10T08:30:00Z,2025-08-10,2025-08-10_11,-3.0,29,26,71,49.5935752695635,49.63539419999829,0.0033967796376811596,0.605955,0.0,True,True,True,False,2.5949999999999998,782.3006842696851,17.713612431227936,8.559681331466546,66.85651321902544,0.0,878.025491251405
2025-08-10T08:30:00Z,2025-08-10T08:45:00Z,2025-08-10,2025-08-10_11,-3.0,29,26,71,49.63539419999829,49.32853855652003,0.00419297345410628,0.9319149999999999,0.0,True,True,True,False,2.5949999999999998,782.3006842696851,17.713612431227936,8.559681331466546,108.17976436078956,0.0,919.3487423931691
2025-08-10T08:45:00Z,2025-08-10T09:00:00Z,2025-08-10,2025-08-10_11,-3.0,29,26,71,49.32853855652003,49.68367772173742,0.0027261112077294684,0.32132000000000005,0.00962,True,True,True,False,2.5949999999999998,782.3006842696851,17.713612431227936,8.559681331466546,33.59726887657511,-0.49391873558005167,844.2723281733746
2025-08-10T09:00:00Z,2025-08-10T09:15:00Z,2025-08-10,2025-08-10_12,-6.000000000000592,29,23,71,49.68367772173742,49.89445652173756,0.005906330000000251,1.11099,0.0,True,True,True,False,23.40000000000231,782.3006842696851,17.713612431227936,7.572025793220406,134.3855133974877,0.0,965.3718358916235
2025-08-10T09:15:00Z,2025-08-10T09:30:00Z,2025-08-10,2025-08-10_12,-6.000000000000592,29,23,71,49.89445652173756,49.6782605217377,0.006663344444444651,1.5167000000000002,0.0,True,True,True,False,23.40000000000231,782.3006842696851,17.713612431227936,7.572025793220406,187.61397454201258,0.0,1018.6002970361484
2025-08-10T09:30:00Z,2025-08-10T09:45:00Z,2025-08-10,2025-08-10_12,-6.000000000000592,29,23,71,49.6782605217377,50.964054321737834,0.004204982777778142,0.13224,0.048875,True,True,True,False,23.40000000000231,782.3006842696851,17.713612431227936,7.572025793220406,13.70481109029599,-2.5123721924237343,842.178761392008
2025-08-10T09:45:00Z,2025-08-10T10:00:00Z,2025-08-10,2025-08-10_12,-6.000000000000592,29,23,71,50.964054321737834,51.90264152173797,0.004616908888889219,0.41963,0.00023,True,True,True,False,23.40000000000231,782.3006842696851,17.713612431227936,7.572025793220406,45.94448280451973,-0.017688469957208495,876.9131168286983
2025-08-10T10:00:00Z,2025-08-10T10:15:00Z,2025-08-10,2025-08-10_13,-29.0,29,0,71,51.90264152173797,58.45124752173797,0.018190572222222225,0.13195,0.0,True,True,True,False,277.385,782.3006842696851,17.57636410246297,0.0,13.341674715544949,0.0,1090.603723087693
2025-08-10T10:15:00Z,2025-08-10T10:30:00Z,2025-08-10,2025-08-10_13,-29.0,29,0,71,58.45124752173797,65.07695872173797,0.018404753333333336,0.04814,0.0,True,True,True,False,277.385,782.3006842696851,17.57636410246297,0.0,4.271854232809449,0.0,1081.5339026049576
2025-08-10T10:30:00Z,2025-08-10T10:45:00Z,2025-08-10,2025-08-10_13,-29.0,29,0,71,65.07695872173797,71.74695872173797,0.01852777777777778,0.0,0.0,True,True,True,False,277.385,782.3006842696851,17.57636410246297,0.0,0.0,0.0,1077.262048372148
2025-08-10T10:45:00Z,2025-08-10T11:00:00Z,2025-08-10,2025-08-10_13,-29.0,29,0,71,71.74695872173797,78.40642012173798,0.01849850388888889,0.011455,0.0,True,True,True,False,277.385,782.3006842696851,17.57636410246297,0.0,1.0164954349155015,0.0,1078.2785438070637
2025-08-10T11:00:00Z,2025-08-10T11:15:00Z,2025-08-10,2025-08-10_14,-57.0,57,0,43,78.40642012173798,91.51642012173798,0.03641666666666667,0.0,0.0,True,True,True,False,863.1225000000001,473.7877383605135,34.54664668415136,0.0,0.0,0.0,1371.456885044665
2025-08-10T11:15:00Z,2025-08-10T11:30:00Z,2025-08-10,2025-08-10_14,-57.0,57,0,43,91.51642012173798,104.62642012173798,0.036416666666666674,0.0,0.0,True,True,True,False,863.1225000000001,473.7877383605135,34.54664668415136,0.0,0.0,0.0,1371.456885044665
2025-08-10T11:30:00Z,2025-08-10T11:45:00Z,2025-08-10,2025-08-10_14,-57.0,57,0,43,104.62642012173798,117.73642012173798,0.03641666666666667,0.0,0.0,True,True,True,False,863.1225000000001,473.7877383605135,34.54664668415136,0.0,0.0,0.0,1371.456885044665
2025-08-10T11:45:00Z,2025-08-10T12:00:00Z,2025-08-10,2025-08-10_14,-57.0,57,0,43,117.73642012173798,130.84642012173796,0.03641666666666667,0.0,0.0,True,True,True,False,863.1225000000001,473.7877383605135,34.54664668415136,0.0,0.0,0.0,1371.456885044665
2025-08-10T12:00:00Z,2025-08-10T12:15:00Z,2025-08-10,2025-08-10_15,-29.0,29,0,71,130.84642012173796,137.51642012173795,0.01852777777777778,0.0,0.0,True,True,True,False,358.22249999999997,782.3006842696851,17.57636410246297,0.0,0.0,0.0,1158.099548372148
2025-08-10T12:15:00Z,2025-08-10T12:30:00Z,2025-08-10,2025-08-10_15,-29.0,29,0,71,137.51642012173795,144.18642012173797,0.01852777777777778,0.0,0.0,True,True,True,False,358.22249999999997,782.3006842696851,17.57636410246297,0.0,0.0,0.0,1158.099548372148
2025-08-10T12:30:00Z,2025-08-10T12:45:00Z,2025-08-10,2025-08-10_15,-29.0,29,0,71,144.18642012173797,150.83187452173797,0.018459595555555555,0.026680000000000002,0.0,True,True,True,False,358.22249999999997,782.3006842696851,17.57636410246297,0.0,2.3675336711955985,0.0,1160.4670820433437
2025-08-10T12:45:00Z,2025-08-10T13:00:00Z,2025-08-10,2025-08-10_15,-29.0,29,0,71,150.83187452173797,157.33872632173797,0.018074588333333332,0.17733500000000002,0.0,True,True,True,False,358.22249999999997,782.3006842696851,17.57636410246297,0.0,18.067460925637434,0.0,1176.1670092977854
2025-08-10T13:00:00Z,2025-08-10T13:15:00Z,2025-08-10,2025-08-10_16,-23.744437963913214,100,76,0,157.33872632173797,162.3227573091141,0.016054836666462874,0.48,0.027739999999999997,True,True,True,False,118.78155091447586,0.0,60.608152077458534,18.164106406893968,45.84065784543787,-1.7444729861371295,241.64999425812908
2025-08-10T13:15:00Z,2025-08-10T13:30:00Z,2025-08-10,2025-08-10_16,-23.744437963913214,100,76,0,162.3227573091141,162.85252773827014,0.023155608778327848,4.709,0.00038,True,True,True,False,118.78155091447586,0.0,60.608152077458534,18.164106406893968,578.1081930942004,-0.029224428624953166,775.6327780644037
2025-08-10T13:30:00Z,2025-08-10T13:45:00Z,2025-08-10,2025-08-10_16,-23.744437963913214,100,76,0,162.85252773827014,163.01172319780432,0.023754032243131683,5.0625,0.0,True,True,True,False,118.78155091447586,0.0,60.608152077458534,18.164106406893968,580.797361519197,0.0,778.3511709180253
2025-08-10T13:45:00Z,2025-08-10T14:00:00Z,2025-08-10,2025-08-10_16,-23.744437963913214,100,76,0,163.01172319780432,157.3399999999985,0.033194284863800466,10.63,0.0,True,True,True,False,118.78155091447586,0.0,60.608152077458534,18.164106406893968,5331.9770602039,0.0,5529.530869602728
2025-08-10T14:00:00Z,2025-08-10T14:15:00Z,2025-08-10,2025-08-10_17,1.6928000000000039,0,0,71,157.3399999999985,156.8799999999985,0.0012777777777777807,0.0,0.0,True,False,True,False,0.0,782.3006842696851,0.0,0.0,0.0,0.0,782.3006842696851
2025-08-10T14:15:00Z,2025-08-10T14:30:00Z,2025-08-10,2025-08-10_17,1.6928000000000039,0,0,71,156.8799999999985,156.41999999999848,0.0012777777777777807,0.0,0.0,True,False,True,False,0.0,782.3006842696851,0.0,0.0,0.0,0.0,782.3006842696851
2025-08-10T14:30:00Z,2025-08-10T14:45:00Z,2025-08-10,2025-08-10_17,1.6928000000000039,0,0,71,156.41999999999848,155.95999999999847,0.0012777777777777807,0.0,0.0,True,False,True,False,0.0,782.3006842696851,0.0,0.0,0.0,0.0,782.3006842696851
2025-08-10T14:45:00Z,2025-08-10T15:00:00Z,2025-08-10,2025-08-10_17,1.6928000000000039,0,0,71,155.95999999999847,155.49999999999847,0.0012777777777777807,0.0,0.0,True,False,True,False,0.0,782.3006842696851,0.0,0.0,0.0,0.0,782.3006842696851
2025-08-10T15:00:00Z,2025-08-10T15:15:00Z,2025-08-10,2025-08-10_18,0.0,0,0,75,155.49999999999847,155.49999999999847,0.0,0.0,0.0,True,False,True,False,0.0,826.3739622567095,0.0,0.0,0.0,0.0,826.3739622567095
2025-08-10T15:15:00Z,2025-08-10T15:30:00Z,2025-08-10,2025-08-10_18,0.0,0,0,75,155.49999999999847,155.49999999999847,0.0,0.0,0.0,True,False,True,False,0.0,826.3739622567095,0.0,0.0,0.0,0.0,826.3739622567095
2025-08-10T15:30:00Z,2025-08-10T15:45:00Z,2025-08-10,2025-08-10_18,0.0,0,0,75,155.49999999999847,155.49999999999847,0.0,0.0,0.0,True,False,True,False,0.0,826.3739622567095,0.0,0.0,0.0,0.0,826.3739622567095
2025-08-10T15:45:00Z,2025-08-10T16:00:00Z,2025-08-10,2025-08-10_18,0.0,0,0,75,155.49999999999847,155.49999999999847,0.0,0.0,0.0,True,False,True,False,0.0,826.3739622567095,0.0,0.0,0.0,0.0,826.3739622567095
2025-08-10T16:00:00Z,2025-08-10T16:15:00Z,2025-08-10,2025-08-10_19,0.5140821999999975,0,0,75,155.49999999999847,155.36030374999848,0.00038804513888888694,0.0,0.0,True,False,True,False,12.52047198099994,826.3739622567095,0.0,0.0,0.0,0.0,838.8944342377094
2025-08-10T16:15:00Z,2025-08-10T16:30:00Z,2025-08-10,2025-08-10_19,0.5140821999999975,0,0,75,155.36030374999848,155.2206074999985,0.00038804513888888694,0.0,0.0,True,False,True,False,12.52047198099994,826.3739622567095,0.0,0.0,0.0,0.0,838.8944342377094
2025-08-10T16:30:00Z,2025-08-10T16:45:00Z,2025-08-10,2025-08-10_19,0.5140821999999975,0,0,75,155.2206074999985,155.0809112499985,0.00038804513888888694,0.0,0.0,True,False,True,False,12.52047198099994,826.3739622567095,0.0,0.0,0.0,0.0,838.8944342377094
2025-08-10T16:45:00Z,2025-08-10T17:00:00Z,2025-08-10,2025-08-10_19,0.5140821999999975,0,0,75,155.0809112499985,154.94121499999852,0.00038804513888888694,0.0,0.0,True,False,True,False,12.52047198099994,826.3739622567095,0.0,0.0,0.0,0.0,838.8944342377094
2025-08-10T17:00:00Z,2025-08-10T17:15:00Z,2025-08-10,2025-08-10_20,0.0,25,25,75,154.94121499999852,154.68301630434635,0.0038215797101449275,0.751625,0.607375,True,True,True,False,0.0,826.3739622567095,26.25170081441896,5.0580741850880475,525.5775348543708,-21.20548527439806,1362.0557868361893
2025-08-10T17:15:00Z,2025-08-10T17:30:00Z,2025-08-10,2025-08-10_20,0.0,25,25,75,154.68301630434635,154.90968130434635,0.0006296250000000001,0.0,0.246375,True,True,True,False,0.0,826.3739622567095,26.25170081441896,5.0580741850880475,0.0,-18.901900105499795,838.7818371507168
2025-08-10T17:30:00Z,2025-08-10T17:45:00Z,2025-08-10,2025-08-10_20,0.0,25,25,75,154.90968130434635,155.28308630434634,0.0010372361111111112,0.0,0.405875,True,True,True,False,0.0,826.3739622567095,26.25170081441896,5.0580741850880475,0.0,-26.490605095541397,831.1931321606752
2025-08-10T17:45:00Z,2025-08-10T18:00:00Z,2025-08-10,2025-08-10_20,0.0,25,25,75,155.28308630434634,155.27068173912895,6.0651570048309174e-05,0.01575,0.005125,True,True,True,False,0.0,826.3739622567095,26.25170081441896,5.0580741850880475,2.17408451815188,-0.39414525448127624,859.4636765198871
2025-08-10T18:00:00Z,2025-08-10T18:15:00Z,2025-08-10,2025-08-10_21,25.0,0,25,75,155.27068173912895,148.47720347825938,0.018870772946859904,0.0,0.0,True,True,True,False,864.5,826.3739622567095,0.0,4.73270099189525,0.0,0.0,1695.6066632486047
2025-08-10T18:15:00Z,2025-08-10T18:30:00Z,2025-08-10,2025-08-10_21,25.0,0,25,75,148.47720347825938,141.69744804347678,0.018832653985507247,0.0,0.012625,True,True,True,False,864.5,826.3739622567095,0.0,4.73270099189525,0.0,-1.0182455483031294,1694.5884177003018
2025-08-10T18:30:00Z,2025-08-10T18:45:00Z,2025-08-10,2025-08-10_21,25.0,0,25,75,141.69744804347678,134.95641543478112,0.018725090579710148,0.0,0.04825,True,True,True,False,864.5,826.3739622567095,0.0,4.73270099189525,0.0,-3.8915126895545344,1691.7151505590502
2025-08-10T18:45:00Z,2025-08-10T19:00:00Z,2025-08-10,2025-08-10_21,25.0,0,25,75,134.95641543478112,128.21348065217242,0.018730374396135265,0.0,0.0465,True,True,True,False,864.5,826.3739622567095,0.0,4.73270099189525,0.0,-3.7503697422649918,1691.8562935063399
2025-08-10T19:00:00Z,2025-08-10T19:15:00Z,2025-08-10,2025-08-10_22,99.99999999999997,0,100,0,128.21348065217242,101.04445891304199,0.07546950483091786,0.0,0.0045,True,True,True,False,3025.999999999999,0.0,0.0,20.23229674035219,0.0,-0.37270020311175084,3045.8595965372397
2025-08-10T19:15:00Z,2025-08-10T19:30:00Z,2025-08-10,2025-08-10_22,99.99999999999997,0,100,0,101.04445891304199,77.77163282608548,0.06464673913043475,0.0,3.589,True,True,True,False,3025.999999999999,0.0,0.0,20.23229674035219,0.0,-232.01355228648615,2814.218744453865
2025-08-10T19:30:00Z,2025-08-10T19:45:00Z,2025-08-10,2025-08-10_22,99.99999999999997,0,100,0,77.77163282608548,53.72761108695505,0.06678894927536229,0.0,2.8795,True,True,True,False,3025.999999999999,0.0,0.0,20.23229674035219,0.0,-227.2988526158033,2818.933444124548
2025-08-10T19:45:00Z,2025-08-10T20:00:00Z,2025-08-10,2025-08-10_22,99.99999999999997,0,100,0,53.72761108695505,37.74500239130288,0.04439613526570048,0.0,10.296,True,True,True,False,3025.999999999999,0.0,0.0,20.23229674035219,0.0,6626.676228826092,9672.908525566443
2025-08-10T20:00:00Z,2025-08-10T20:15:00Z,2025-08-10,2025-08-10_23,45.90731442270517,54,100,0,37.74500239130288,28.620236749507157,0.0355995993664507,0.31833,3.7085,True,True,True,False,1225.1514536559441,0.0,34.1020685847252,20.23229674035219,43.94135394687543,422.4878879335844,1745.9150608614814
2025-08-10T20:15:00Z,2025-08-10T20:30:00Z,2025-08-10,2025-08-10_23,45.90731442270517,54,100,0,28.620236749507157,19.26641766492008,0.034640605529101594,0.0,3.1315000000000004,True,True,True,False,1225.1514536559441,0.0,34.1020685847252,20.23229674035219,0.0,-219.18523939579183,1060.3005795852298
2025-08-10T20:30:00Z,2025-08-10T20:45:00Z,2025-08-10,2025-08-10_23,45.90731442270517,54,100,0,19.26641766492008,14.631215541948526,0.03462298476219437,0.0,7.866,True,True,True,False,1225.1514536559441,0.0,34.1020685847252,20.23229674035219,0.0,-339.52963656800296,939.9561824130186
2025-08-10T20:45:00Z,2025-08-10T21:00:00Z,2025-08-10,2025-08-10_23,45.90731442270517,54,100,0,14.631215541948526,9.999999999998508,0.03462296987507481,0.0,7.870000000000001,True,True,True,False,1225.1514536559441,0.0,34.1020685847252,20.23229674035219,0.0,-318.80863915126895,960.6771798297526
2025-08-10T21:00:00Z,2025-08-10T21:15:00Z,2025-08-11,2025-08-10_24,-99.9767366845629,100,0,0,9.999999999998508,16.261443041817483,0.017418446948863846,18.1875,0.0,True,True,True,False,-2454.6788274477303,0.0,65.69580564374593,0.0,21874.569016091184,0.0,19485.585994287198
2025-08-10T21:15:00Z,2025-08-10T21:30:00Z,2025-08-11,2025-08-10_24,-99.9767366845629,100,0,0,16.261443041817483,36.842370583517855,0.05717292863685183,2.6235,0.0,True,True,True,False,-2454.6788274477303,0.0,65.69580564374593,0.0,359.38395850998796,0.0,-2029.5990632939966
2025-08-10T21:30:00Z,2025-08-10T21:45:00Z,2025-08-11,2025-08-10_24,-99.9767366845629,100,0,0,36.842370583517855,55.02981708394083,0.05052802474895023,5.225,0.0,True,True,True,False,-2454.6788274477303,0.0,65.69580564374593,0.0,884.8354252529036,0.0,-1504.1475965510808
2025-08-10T21:45:00Z,2025-08-10T22:00:00Z,2025-08-11,2025-08-10_24,-99.9767366845629,100,0,0,55.02981708394083,77.08096669135762,0.06125463396564937,1.0255,0.0,True,True,True,False,-2454.6788274477303,0.0,65.69580564374593,0.0,139.2017513951608,0.0,-2249.7812704088237
2025-08-10T22:00:00Z,2025-08-10T22:15:00Z,2025-08-11,2025-08-11_1,0.0,29,29,71,77.08096669135762,76.34950473483588,0.0020318387681159417,0.672945,0.0,True,True,True,False,0.0,782.3006842696851,19.05178363668632,8.209165664254302,92.07606356017432,0.0,901.6376971308
2025-08-10T22:15:00Z,2025-08-10T22:30:00Z,2025-08-11,2025-08-11_1,0.0,29,29,71,76.34950473483588,75.64357538700979,0.0019609148550724636,0.649455,0.0,True,True,True,False,0.0,782.3006842696851,19.05178363668632,8.209165664254302,88.998554063221,0.0,898.5601876338467
2025-08-10T22:30:00Z,2025-08-10T22:45:00Z,2025-08-11,2025-08-11_1,0.0,29,29,71,75.64357538700979,74.7953253870098,0.00235625,0.78039,0.0,True,True,True,False,0.0,782.3006842696851,19.05178363668632,8.209165664254302,107.15785299244739,0.0,916.7194865630731
2025-08-10T22:45:00Z,2025-08-10T23:00:00Z,2025-08-11,2025-08-11_1,0.0,29,29,71,74.7953253870098,74.7165210391837,0.00021890096618357486,0.0725,0.0,True,True,True,False,0.0,782.3006842696851,19.05178363668632,8.209165664254302,9.235668789808916,0.0,818.7973023604346
2025-08-10T23:00:00Z,2025-08-10T23:15:00Z,2025-08-11,2025-08-11_2,0.0,29,29,71,74.7165210391837,72.4360808217924,0.006334556159420289,2.0980049999999997,0.0,True,True,True,False,0.0,782.3006842696851,18.86306718463449,8.209165664254302,318.88964405158634,0.0,1128.2625611701603
2025-08-10T23:15:00Z,2025-08-10T23:30:00Z,2025-08-11,2025-08-11_2,0.0,29,29,71,72.4360808217924,72.64709516092283,0.0008138079468599034,0.0377,0.273905,True,True,True,False,0.0,782.3006842696851,18.86306718463449,8.209165664254302,4.802547770700636,-11.385926919208849,802.7895379700657
2025-08-10T23:30:00Z,2025-08-10T23:45:00Z,2025-08-11,2025-08-11_2,0.0,29,29,71,72.64709516092283,73.06863916092283,0.0011709555555555558,0.0,0.45820000000000005,True,True,True,False,0.0,782.3006842696851,18.86306718463449,8.209165664254302,0.0,-19.412713572992054,789.9602035455819
2025-08-10T23:45:00Z,2025-08-11T00:00:00Z,2025-08-11,2025-08-11_2,0.0,29,29,71,73.06863916092283,74.62461676092283,0.00432216,0.0,1.69128,True,True,True,False,0.0,782.3006842696851,18.86306718463449,8.209165664254302,0.0,-69.7213179152452,739.6515992033287
2025-08-11T00:00:00Z,2025-08-11T00:15:00Z,2025-08-11,2025-08-11_3,0.07050112003975292,51,52,48,74.62461676092283,78.34674953393247,0.010412404743502782,0.0,4.06562,True,True,True,False,1.5383344392674088,528.8793358442941,33.02212537713711,14.719883260042199,0.0,-156.99108902210563,421.1685898986352
2025-08-11T00:15:00Z,2025-08-11T00:30:00Z,2025-08-11,2025-08-11_3,0.07050112003975292,51,52,48,78.34674953393247,83.94443245646279,0.015605579727678863,0.0,6.10376,True,True,True,False,1.5383344392674088,528.8793358442941,33.02212537713711,14.719883260042199,0.0,136.93409002386068,715.0937689446015
2025-08-11T00:30:00Z,2025-08-11T00:45:00Z,2025-08-11,2025-08-11_3,0.07050112003975292,51,52,48,83.94443245646279,91.71195391783775,0.02161360421185961,0.0,8.4617,True,True,True,False,1.5383344392674088,528.8793358442941,33.02212537713711,14.719883260042199,0.0,194.48010459269193,772.6397835134328
2025-08-11T00:45:00Z,2025-08-11T01:00:00Z,2025-08-11,2025-08-11_3,0.07050112003975292,51,52,48,91.71195391783775,98.26571521739125,0.018252846883791585,0.0,7.142720000000001,True,True,True,False,1.5383344392674088,528.8793358442941,33.02212537713711,14.719883260042199,0.0,-188.7818459269192,389.37783299382164
2025-08-11T01:00:00Z,2025-08-11T01:15:00Z,2025-08-11,2025-08-11_4,0.0,29,29,71,98.26571521739125,100.28138921739125,0.0055990944444444446,0.0,2.19095,True,True,True,False,0.0,782.3006842696851,18.777286979156393,8.209165664254302,0.0,-74.44849050501864,734.8386464080771
2025-08-11T01:15:00Z,2025-08-11T01:30:00Z,2025-08-11,2025-08-11_4,0.0,29,29,71,100.28138921739125,100.60915301739125,0.000910455,0.0,0.356265,True,True,True,False,0.0,782.3006842696851,18.777286979156393,8.209165664254302,0.0,-14.053537562856183,795.2335993502396
2025-08-11T01:30:00Z,2025-08-11T01:45:00Z,2025-08-11,2025-08-11_4,0.0,29,29,71,100.60915301739125,100.69828943478255,0.0002659888405797101,0.003045,0.10048499999999999,True,True,True,False,0.0,782.3006842696851,18.777286979156393,8.209165664254302,0.36808286170653304,-5.257356335903452,804.3978634388989
2025-08-11T01:45:00Z,2025-08-11T02:00:00Z,2025-08-11,2025-08-11_4,0.0,29,29,71,100.69828943478255,100.77979683478256,0.00022640944444444442,0.0,0.088595,True,True,True,False,0.0,782.3006842696851,18.777286979156393,8.209165664254302,0.0,-5.070116218374711,804.2170206947211
2025-08-11T02:00:00Z,2025-08-11T02:15:00Z,2025-08-11,2025-08-11_5,0.0,29,29,71,100.77979683478256,101.28018023478256,0.001389953888888889,0.0,0.543895,True,True,True,False,0.0,782.3006842696851,18.185403561357493,6.339157184831692,0.0,-23.38573676224093,783.4395082536333
2025-08-11T02:15:00Z,2025-08-11T02:30:00Z,2025-08-11,2025-08-11_5,0.0,29,29,71,101.28018023478256,103.95698463478256,0.007435567777777777,0.0,2.9095699999999995,True,True,True,False,0.0,782.3006842696851,18.185403561357493,6.339157184831692,0.0,-88.76910968428939,718.0561353315849
2025-08-11T02:30:00Z,2025-08-11T02:45:00Z,2025-08-11,2025-08-11_5,0.0,29,29,71,103.95698463478256,104.54523828695648,0.0017898954106280193,0.02581,0.6698999999999999,True,True,True,False,0.0,782.3006842696851,18.185403561357493,6.339157184831692,2.962162055569797,-26.905644258642102,782.881762812802
2025-08-11T02:45:00Z,2025-08-11T03:00:00Z,2025-08-11,2025-08-11_5,0.0,29,29,71,104.54523828695648,104.74190695652169,0.000559435917874396,0.002175,0.21633999999999998,True,True,True,False,0.0,782.3006842696851,18.185403561357493,6.339157184831692,0.2367533671195598,-10.36624011752874,796.6957582654651
2025-08-11T03:00:00Z,2025-08-11T03:15:00Z,2025-08-11,2025-08-11_6,0.0,100,100,0,104.74190695652169,105.2689878260869,0.0023487753623188407,0.1465,0.746,True,True,True,False,0.0,0.0,75.24994577113446,21.85916270631618,15.94683599219104,-34.69147877186409,78.36446569777759
2025-08-11T03:15:00Z,2025-08-11T03:30:00Z,2025-08-11,2025-08-11_6,0.0,100,100,0,105.2689878260869,103.604152173913,0.004729321256038647,1.549,0.0205,True,True,True,False,0.0,0.0,75.24994577113446,21.85916270631618,212.23905543176036,-1.5434526039715248,307.8047113052395
2025-08-11T03:30:00Z,2025-08-11T03:45:00Z,2025-08-11,2025-08-11_6,0.0,100,100,0,103.604152173913,92.6095869565217,0.03054045893719807,10.115,0.0,True,True,True,False,0.0,0.0,75.24994577113446,21.85916270631618,10798.168907140462,0.0,10895.278015617912
2025-08-11T03:45:00Z,2025-08-11T04:00:00Z,2025-08-11,2025-08-11_6,0.0,100,100,0,92.6095869565217,81.71339130434778,0.030267210144927535,10.0245,0.0,True,True,True,False,0.0,0.0,75.24994577113446,21.85916270631618,8597.174561929363,0.0,8694.283670406814
2025-08-11T04:00:00Z,2025-08-11T04:15:00Z,2025-08-11,2025-08-11_7,32.0,0,32,68,81.71339130434778,73.01773913043475,0.024154589371980676,0.0,0.0,True,True,True,False,1003.76,749.2457257794166,0.0,6.597385182701976,0.0,0.0,1759.6031109621185
2025-08-11T04:15:00Z,2025-08-11T04:30:00Z,2025-08-11,2025-08-11_7,32.0,0,32,68,73.01773913043475,64.32399999999997,0.024149275362318836,0.0,0.0017599999999999998,True,True,True,False,1003.76,749.2457257794166,0.0,6.597385182701976,0.0,-0.13535524836820412,1759.4677557137504
2025-08-11T04:30:00Z,2025-08-11T04:45:00Z,2025-08-11,2025-08-11_7,32.0,0,32,68,64.32399999999997,55.6509565217391,0.02409178743961352,0.0,0.0208,True,True,True,False,1003.76,749.2457257794166,0.0,6.597385182701976,0.0,-1.486069373508706,1758.11704158861
2025-08-11T04:45:00Z,2025-08-11T05:00:00Z,2025-08-11,2025-08-11_7,32.0,0,32,68,55.6509565217391,46.9565217391304,0.0241512077294686,0.0,0.0011200000000000001,True,True,True,False,1003.76,749.2457257794166,0.0,6.597385182701976,0.0,-0.08613515805249355,1759.516975804066
2025-08-11T05:00:00Z,2025-08-11T05:15:00Z,2025-08-11,2025-08-11_8,0.0,100,100,0,46.9565217391304,36.166304347826056,0.02997282608695652,9.927,0.0,True,True,True,False,0.0,0.0,97.25700538344738,20.616828695943678,3667.7006635641183,0.0,3785.5744976435094
2025-08-11T05:15:00Z,2025-08-11T05:30:00Z,2025-08-11,2025-08-11_8,0.0,100,100,0,36.166304347826056,35.68002956521736,0.0015960966183574878,0.488,0.048,True,True,True,False,0.0,0.0,97.25700538344738,20.616828695943678,64.52760939441146,-2.981601624894007,179.4198418489085
2025-08-11T05:30:00Z,2025-08-11T05:45:00Z,2025-08-11,2025-08-11_8,0.0,100,100,0,35.68002956521736,36.34899999999997,0.0027519710144927535,0.148,0.902,True,True,True,False,0.0,0.0,97.25700538344738,20.616828695943678,18.853503184713375,-34.01065252114926,102.71668474295517
2025-08-11T05:45:00Z,2025-08-11T06:00:00Z,2025-08-11,2025-08-11_8,0.0,100,100,0,36.34899999999997,48.87387999999997,0.034791333333333334,0.0,13.614,True,True,True,False,0.0,0.0,97.25700538344738,20.616828695943678,0.0,1208.4381420204688,1326.31197609986
2025-08-11T06:00:00Z,2025-08-11T06:15:00Z,2025-08-11,2025-08-11_9,-3.0,29,26,71,48.87387999999997,49.26414450434779,0.004495783043478261,0.63017,0.40690000000000004,True,True,True,False,-9.2025,782.3006842696851,18.382698033957126,7.359941630021099,82.93760930567332,14.553910551951253,896.3323437912879
2025-08-11T06:15:00Z,2025-08-11T06:30:00Z,2025-08-11,2025-08-11_9,-3.0,29,26,71,49.26414450434779,49.50794045217388,0.004225520144927536,0.6554,0.27703,True,True,True,False,-9.2025,782.3006842696851,18.382698033957126,7.359941630021099,89.38905878409022,-0.18388179684880993,888.0460009209048
2025-08-11T06:30:00Z,2025-08-11T06:45:00Z,2025-08-11,2025-08-11_9,-3.0,29,26,71,49.50794045217388,49.528427930434745,0.0034733347826086955,0.63104,0.00598,True,True,True,False,-9.2025,782.3006842696851,18.382698033957126,7.359941630021099,83.97594260811263,-0.4823056141665516,882.3344609276094
2025-08-11T06:45:00Z,2025-08-11T07:00:00Z,2025-08-11,2025-08-11_9,-3.0,29,26,71,49.528427930434745,50.130016756521705,0.002189981038647343,0.095845,0.015339999999999998,True,True,True,False,-9.2025,782.3006842696851,18.382698033957126,7.359941630021099,10.553231729802212,-0.5749255703890673,808.8191300930765
2025-08-11T07:00:00Z,2025-08-11T07:15:00Z,2025-08-11,2025-08-11_10,-31.53811974624906,100,68,0,50.130016756521705,42.56173813975049,0.03822794996529483,14.332,0.0017000000000000001,True,True,True,False,-100.84313788863136,0.0,61.08142217664806,23.271873952396913,6557.988689633413,-0.11599061347636608,6541.38285726035
2025-08-11T07:15:00Z,2025-08-11T07:30:00Z,2025-08-11,2025-08-11_10,-31.53811974624906,100,68,0,42.56173813975049,40.10082814769731,0.03199434484594861,9.3925,0.0,True,True,True,False,-100.84313788863136,0.0,61.08142217664806,23.271873952396913,1265.9862386858865,0.0,1249.4963969263001
2025-08-11T07:30:00Z,2025-08-11T07:45:00Z,2025-08-11,2025-08-11_10,-31.53811974624906,100,68,0,40.10082814769731,44.78378354145456,0.023771524960958603,2.6035,0.1326,True,True,True,False,-100.84313788863136,0.0,61.08142217664806,23.271873952396913,310.2221369130957,-10.982232651692925,282.7500625018164
2025-08-11T07:45:00Z,2025-08-11T08:00:00Z,2025-08-11,2025-08-11_10,-31.53811974624906,100,68,0,44.78378354145456,52.68496820869502,0.022011814845229113,0.0155,0.72114,True,True,True,False,-100.84313788863136,0.0,61.08142217664806,23.271873952396913,1.5737492851649542,-27.30750170968823,-42.22359418410966
2025-08-11T08:00:00Z,2025-08-11T08:15:00Z,2025-08-11,2025-08-11_11,0.0,29,29,71,52.68496820869502,49.512574486955884,0.008861859227053138,2.9268249999999996,0.009715,True,True,True,False,0.0,782.3006842696851,17.713612431227936,9.924769773816331,421.2074653822641,-0.6954201258109679,1230.4511117311824
2025-08-11T08:15:00Z,2025-08-11T08:30:00Z,2025-08-11,2025-08-11_11,0.0,29,29,71,49.512574486955884,48.59494993043415,0.0029647204347826085,0.913065,0.081345,True,True,True,False,0.0,782.3006842696851,17.713612431227936,9.924769773816331,112.65516281181597,-3.3538310425745896,919.2403982439707
2025-08-11T08:30:00Z,2025-08-11T08:45:00Z,2025-08-11,2025-08-11_11,0.0,29,29,71,48.59494993043415,48.58695652173849,0.0006432550241545894,0.1102,0.12151,True,True,True,False,0.0,782.3006842696851,17.713612431227936,9.924769773816331,11.416938179093293,-7.162838504466487,814.1931661493562
2025-08-11T08:45:00Z,2025-08-11T09:00:00Z,2025-08-11,2025-08-11_11,0.0,29,29,71,48.58695652173849,48.777440373912405,0.0005440070772946861,0.002465,0.20996,True,True,True,False,0.0,782.3006842696851,17.713612431227936,9.924769773816331,0.23952950050284946,-9.118733671195598,801.0598623040366
2025-08-11T09:00:00Z,2025-08-11T09:15:00Z,2025-08-11,2025-08-11_12,2.000000000000007,27,29,71,48.777440373912405,48.76978307826023,0.0027585002657004878,0.0,0.575215,True,True,True,False,1.2700000000000045,782.3006842696851,16.491983987694976,9.924769773816331,0.0,-36.03898755694031,773.9484504742561
2025-08-11T09:15:00Z,2025-08-11T09:30:00Z,2025-08-11,2025-08-11_12,2.000000000000007,27,29,71,48.76978307826023,48.744566739129795,0.0027175753864734347,0.0,0.556365,True,True,True,False,1.2700000000000045,782.3006842696851,16.491983987694976,9.924769773816331,0.0,-22.487081598666954,787.5003564325294
2025-08-11T09:30:00Z,2025-08-11T09:45:00Z,2025-08-11,2025-08-11_12,2.000000000000007,27,29,71,48.744566739129795,50.583985747825444,0.007063482753623191,0.0,2.55809,True,True,True,False,1.2700000000000045,782.3006842696851,16.491983987694976,9.924769773816331,0.0,-1.7887612431227937,808.1986767880736
2025-08-11T09:45:00Z,2025-08-11T10:00:00Z,2025-08-11,2025-08-11_12,2.000000000000007,27,29,71,50.583985747825444,51.86880912173849,0.005770886183574882,0.0,1.96272,True,True,True,False,1.2700000000000045,782.3006842696851,16.491983987694976,9.924769773816331,0.0,724.7654490110626,1534.752887042259
2025-08-11T10:00:00Z,2025-08-11T10:15:00Z,2025-08-11,2025-08-11_13,0.0,100,100,0,51.86880912173849,72.87194912173848,0.058342055555555564,0.0,22.8295,True,True,True,False,0.0,0.0,61.08142217664806,34.22334404764252,0.0,22507.30922166788,22602.61398789217
2025-08-11T10:15:00Z,2025-08-11T10:30:00Z,2025-08-11,2025-08-11_13,0.0,100,100,0,72.87194912173848,88.77230912173849,0.044167666666666675,0.0,17.283,True,True,True,False,0.0,0.0,61.08142217664806,34.22334404764252,0.0,17037.273372641044,17132.578138865334
2025-08-11T10:30:00Z,2025-08-11T10:45:00Z,2025-08-11,2025-08-11_13,0.0,100,100,0,88.77230912173849,105.7219291217385,0.047082277777777785,0.0,18.4235,True,True,True,False,0.0,0.0,61.08142217664806,34.22334404764252,0.0,18162.902170140598,18258.206936364888
2025-08-11T10:45:00Z,2025-08-11T11:00:00Z,2025-08-11,2025-08-11_13,0.0,100,100,0,105.7219291217385,118.4574891217385,0.03537655555555556,0.0,13.843,True,True,True,False,0.0,0.0,61.08142217664806,34.22334404764252,0.0,13646.182682258286,13741.487448482576
2025-08-11T11:00:00Z,2025-08-11T11:15:00Z,2025-08-11,2025-08-11_14,18.78023127736495,81,100,0,118.4574891217385,125.83498930065045,0.0339669647364929,0.0,13.119,True,True,True,False,0.0,0.0,49.47595196308493,34.22334404764252,0.0,12932.476385794009,13016.175681804736
2025-08-11T11:15:00Z,2025-08-11T11:30:00Z,2025-08-11,2025-08-11_14,18.78023127736495,81,100,0,125.83498930065045,129.13498271711964,0.027501189385189674,0.0,8.833,True,True,True,False,0.0,0.0,49.47595196308493,34.22334404764252,0.0,4662.516233164402,4746.21552917513
2025-08-11T11:30:00Z,2025-08-11T11:45:00Z,2025-08-11,2025-08-11_14,18.78023127736495,81,100,0,129.13498271711964,132.68232838702679,0.027893420274442783,0.0,9.093,True,True,True,False,0.0,0.0,49.47595196308493,34.22334404764252,0.0,4228.227965530161,4311.927261540888
2025-08-11T11:45:00Z,2025-08-11T12:00:00Z,2025-08-11,2025-08-11_14,18.78023127736495,81,100,0,132.68232838702679,135.55468781149457,0.02682308252088477,0.0,8.3835,True,True,True,False,0.0,0.0,49.47595196308493,34.22334404764252,0.0,4365.374796198063,4449.074092208791
2025-08-11T12:00:00Z,2025-08-11T12:15:00Z,2025-08-11,2025-08-11_15,0.0,100,100,0,135.55468781149457,135.96174694192936,0.0043432801932367145,0.532,1.071,True,True,True,False,0.0,0.0,61.08142217664806,25.61574411863304,48.4343349569127,-40.12738853503184,95.00411271716196
2025-08-11T12:15:00Z,2025-08-11T12:30:00Z,2025-08-11,2025-08-11_15,0.0,100,100,0,135.96174694192936,145.16772694192937,0.025572166666666674,0.0,10.0065,True,True,True,False,0.0,0.0,61.08142217664806,25.61574411863304,0.0,7852.855965668199,7939.55313196348
2025-08-11T12:30:00Z,2025-08-11T12:45:00Z,2025-08-11,2025-08-11_15,0.0,100,100,0,145.16772694192937,153.7457234636685,0.02383078743961353,0.0005,9.3245,True,True,True,False,0.0,0.0,61.08142217664806,25.61574411863304,0.04437005777839127,7442.644859202145,7529.386395555205
2025-08-11T12:45:00Z,2025-08-11T13:00:00Z,2025-08-11,2025-08-11_15,0.0,100,100,0,153.7457234636685,154.49597042019025,0.002633536231884058,0.091,0.923,True,True,True,False,0.0,0.0,61.08142217664806,25.61574411863304,8.07535051566721,622.7948460886198,717.5673628995681
2025-08-11T13:00:00Z,2025-08-11T13:15:00Z,2025-08-11,2025-08-11_16,15.999999999999954,84,100,0,154.49597042019025,173.59112607236415,0.05327156763285027,0.0,24.7625,True,True,True,False,35.99999999999989,0.0,51.30839462838437,25.61574411863304,0.0,31540.493980595926,31653.418119342943
2025-08-11T13:15:00Z,2025-08-11T13:30:00Z,2025-08-11,2025-08-11_16,15.999999999999954,84,100,0,173.59112607236415,181.04691821149459,0.03281874628019323,0.0,12.468,True,True,True,False,35.99999999999989,0.0,51.30839462838437,25.61574411863304,0.0,9516.926113860896,9629.850252607914
2025-08-11T13:30:00Z,2025-08-11T13:45:00Z,2025-08-11,2025-08-11_16,15.999999999999954,84,100,0,181.04691821149459,187.62747414192938,0.031280771304347824,0.0,11.5435,True,True,True,False,35.99999999999989,0.0,51.30839462838437,25.61574411863304,0.0,9418.84132732543,9531.765466072447
2025-08-11T13:45:00Z,2025-08-11T14:00:00Z,2025-08-11,2025-08-11_16,15.999999999999954,84,100,0,187.62747414192938,183.54463560279896,0.012764458164251171,0.04494,0.3315,True,True,True,False,35.99999999999989,0.0,51.30839462838437,25.61574411863304,4.339447023328272,-12.420382165605094,104.84320360474048
2025-08-11T14:00:00Z,2025-08-11T14:15:00Z,2025-08-11,2025-08-11_17,0.0,100,100,0,183.54463560279896,189.7535521245381,0.017319454106280194,0.012,6.763,True,True,True,False,0.0,0.0,60.96310465185067,25.61574411863304,1.2867030821715209,4648.259204511842,4736.1247563644965
2025-08-11T14:15:00Z,2025-08-11T14:30:00Z,2025-08-11,2025-08-11_17,0.0,100,100,0,189.7535521245381,189.6865582114946,0.0005898719806763285,0.1285,0.079,True,True,True,False,0.0,0.0,60.96310465185067,25.61574411863304,11.656729605016663,-4.111533197925499,94.12404517757487
2025-08-11T14:30:00Z,2025-08-11T14:45:00Z,2025-08-11,2025-08-11_17,0.0,100,100,0,189.6865582114946,184.1365582114946,0.015416666666666665,5.106,0.0,True,True,True,False,0.0,0.0,60.96310465185067,25.61574411863304,664.3509021711264,0.0,750.9297509416101
2025-08-11T14:45:00Z,2025-08-11T15:00:00Z,2025-08-11,2025-08-11_17,0.0,100,100,0,184.1365582114946,166.25177560279894,0.049679951690821254,16.454,0.0,True,True,True,False,0.0,0.0,60.96310465185067,25.61574411863304,2530.6278606219557,0.0,2617.2067093924393
2025-08-11T15:00:00Z,2025-08-11T15:15:00Z,2025-08-11,2025-08-11_18,0.0,100,100,0,166.25177560279894,164.64267473323372,0.004715057971014492,1.521,0.048,True,True,True,False,0.0,0.0,64.15767782137998,21.85916270631618,189.81711679911652,-2.4899970420618796,273.3439602847508
2025-08-11T15:15:00Z,2025-08-11T15:30:00Z,2025-08-11,2025-08-11_18,0.0,100,100,0,164.64267473323372,166.53381995062503,0.005283374396135266,0.005,2.0615,True,True,True,False,0.0,0.0,64.15767782137998,21.85916270631618,0.46834020232296736,-76.93255713750469,9.552623592514436
2025-08-11T15:30:00Z,2025-08-11T15:45:00Z,2025-08-11,2025-08-11_18,0.0,100,100,0,166.53381995062503,165.63955038540763,0.003340193236714976,0.9645000000000001,0.1675,True,True,True,False,0.0,0.0,64.15767782137998,21.85916270631618,118.20702480724105,-8.30064877442764,195.92321656050956
2025-08-11T15:45:00Z,2025-08-11T16:00:00Z,2025-08-11,2025-08-11_18,0.0,100,100,0,165.63955038540763,151.90694168975546,0.03814613526570048,12.634,0.0,True,True,True,False,0.0,0.0,64.15767782137998,21.85916270631618,9533.93016347538,0.0,9619.947004003076
2025-08-11T16:00:00Z,2025-08-11T16:15:00Z,2025-08-11,2025-08-11_19,3.9324141089910682,14,18,82,151.90694168975546,151.26956337982944,0.003843041473370387,0.05985,0.51885,True,True,True,False,140.77059406660777,903.5021987340024,11.959535406519295,3.9346492871369123,7.658784188834769,-27.581382944528798,1040.2443787385723
2025-08-11T16:15:00Z,2025-08-11T16:30:00Z,2025-08-11,2025-08-11_19,3.9324141089910682,14,18,82,151.26956337982944,151.2274228342142,0.00440379436646564,0.0,1.07316,True,True,True,False,140.77059406660777,903.5021987340024,11.959535406519295,3.9346492871369123,0.0,-46.04931655064975,1014.1176609436166
2025-08-11T16:30:00Z,2025-08-11T16:45:00Z,2025-08-11,2025-08-11_19,3.9324141089910682,14,18,82,151.2274228342142,150.18087339918168,0.0030868342503643244,0.019320000000000004,0.045,True,True,True,False,140.77059406660777,903.5021987340024,11.959535406519295,3.9346492871369123,1.8096665417759463,-3.460787600323401,1058.515856435719
2025-08-11T16:45:00Z,2025-08-11T17:00:00Z,2025-08-11,2025-08-11_19,3.9324141089910682,14,18,82,150.18087339918168,148.51355434782542,0.004631441809322968,0.5508299999999999,0.0,True,True,True,False,140.77059406660777,903.5021987340024,11.959535406519295,3.9346492871369123,78.02503528425784,0.0,1138.1920127785243
2025-08-11T17:00:00Z,2025-08-11T17:15:00Z,2025-08-11,2025-08-11_20,11.000000000000226,0,11,89,148.51355434782542,145.56447826086884,0.008191878019323843,0.0,0.03685,True,True,True,False,531.9325000000109,980.6304352112953,0.0,2.4045078976947796,0.0,-2.728037960205872,1512.2394051487952
2025-08-11T17:15:00Z,2025-08-11T17:30:00Z,2025-08-11,2025-08-11_20,11.000000000000226,0,11,89,145.56447826086884,142.57702173912963,0.00829849033816442,0.0,0.0015400000000000001,True,True,True,False,531.9325000000109,980.6304352112953,0.0,2.4045078976947796,0.0,-0.11843584232217863,1514.8490072666789
2025-08-11T17:30:00Z,2025-08-11T17:45:00Z,2025-08-11,2025-08-11_20,11.000000000000226,0,11,89,142.57702173912963,139.60439130434696,0.008257306763285194,0.0,0.015180000000000003,True,True,True,False,531.9325000000109,980.6304352112953,0.0,2.4045078976947796,0.0,-1.167439017175761,1513.8000040918253
2025-08-11T17:45:00Z,2025-08-11T18:00:00Z,2025-08-11,2025-08-11_20,11.000000000000226,0,11,89,139.60439130434696,136.62554347825994,0.00827457729468616,0.0,0.00946,True,True,True,False,531.9325000000109,980.6304352112953,0.0,2.4045078976947796,0.0,-0.7275344599790972,1514.239908649022
2025-08-11T18:00:00Z,2025-08-11T18:15:00Z,2025-08-11,2025-08-11_21,100.0,0,100,0,136.62554347825994,111.3510869565208,0.07020682367149758,0.0,1.7475,True,True,True,False,5906.0,0.0,0.0,20.616828695943678,0.0,-111.60208830431267,5815.014740391631
2025-08-11T18:15:00Z,2025-08-11T18:30:00Z,2025-08-11,2025-08-11_21,100.0,0,100,0,111.3510869565208,85.91141304347732,0.07066576086956522,0.0,1.5955000000000001,True,True,True,False,5906.0,0.0,0.0,20.616828695943678,0.0,-100.94461162272484,5825.672217073219
2025-08-11T18:30:00Z,2025-08-11T18:45:00Z,2025-08-11,2025-08-11_21,100.0,0,100,0,85.91141304347732,69.28749999999906,0.04617753623188406,0.0,9.706,True,True,True,False,5906.0,0.0,0.0,20.616828695943678,0.0,-375.78571158131365,5550.83111711463
2025-08-11T18:45:00Z,2025-08-11T19:00:00Z,2025-08-11,2025-08-11_21,100.0,0,100,0,69.28749999999906,64.34782608695558,0.013721316425120767,0.0,20.4555,True,True,True,False,5906.0,0.0,0.0,20.616828695943678,0.0,1251.447732740431,7178.064561436375
2025-08-11T19:00:00Z,2025-08-11T19:15:00Z,2025-08-11,2025-08-11_22,0.0,0,0,100,64.34782608695558,64.34782608695558,0.0,0.0,0.0,True,False,True,False,0.0,1101.8319496756128,0.0,0.0,0.0,0.0,1101.8319496756128
2025-08-11T19:15:00Z,2025-08-11T19:30:00Z,2025-08-11,2025-08-11_22,0.0,0,0,100,64.34782608695558,64.34782608695558,0.0,0.0,0.0,True,False,True,False,0.0,1101.8319496756128,0.0,0.0,0.0,0.0,1101.8319496756128
2025-08-11T19:30:00Z,2025-08-11T19:45:00Z,2025-08-11,2025-08-11_22,0.0,0,0,100,64.34782608695558,64.34782608695558,0.0,0.0,0.0,True,False,True,False,0.0,1101.8319496756128,0.0,0.0,0.0,0.0,1101.8319496756128
2025-08-11T19:45:00Z,2025-08-11T20:00:00Z,2025-08-11,2025-08-11_22,0.0,0,0,100,64.34782608695558,64.34782608695558,0.0,0.0,0.0,True,False,True,False,0.0,1101.8319496756128,0.0,0.0,0.0,0.0,1101.8319496756128
2025-08-11T20:00:00Z,2025-08-11T20:15:00Z,2025-08-11,2025-08-11_23,0.0,0,0,100,64.34782608695558,64.34782608695558,0.0,0.0,0.0,True,False,True,False,0.0,1101.8319496756128,0.0,0.0,0.0,0.0,1101.8319496756128
2025-08-11T20:15:00Z,2025-08-11T20:30:00Z,2025-08-11,2025-08-11_23,0.0,0,0,100,64.34782608695558,64.34782608695558,0.0,0.0,0.0,True,False,True,False,0.0,1101.8319496756128,0.0,0.0,0.0,0.0,1101.8319496756128
2025-08-11T20:30:00Z,2025-08-11T20:45:00Z,2025-08-11,2025-08-11_23,0.0,0,0,100,64.34782608695558,64.34782608695558,0.0,0.0,0.0,True,False,True,False,0.0,1101.8319496756128,0.0,0.0,0.0,0.0,1101.8319496756128
2025-08-11T20:45:00Z,2025-08-11T21:00:00Z,2025-08-11,2025-08-11_23,0.0,0,0,100,64.34782608695558,64.34782608695558,0.0,0.0,0.0,True,False,True,False,0.0,1101.8319496756128,0.0,0.0,0.0,0.0,1101.8319496756128
2025-08-11T21:00:00Z,2025-08-11T21:15:00Z,2025-08-12,2025-08-11_24,39.00000000000001,61,100,0,64.34782608695558,57.845039652172964,0.031103401207729475,0.02318,4.1825,True,True,True,False,936.0000000000002,0.0,41.456310679611654,28.415818138763914,2.954905675270345,-70.88857151314232,937.9384629805038
2025-08-11T21:15:00Z,2025-08-11T21:30:00Z,2025-08-12,2025-08-11_24,39.00000000000001,61,100,0,57.845039652172964,56.92545666086861,0.03318500497584541,0.0,9.8245,True,True,True,False,936.0000000000002,0.0,41.456310679611654,28.415818138763914,0.0,-343.8613773778515,662.0107514405242
2025-08-11T21:30:00Z,2025-08-11T21:45:00Z,2025-08-12,2025-08-11_24,39.00000000000001,61,100,0,56.92545666086861,59.11587554782514,0.03438893531400966,0.0,12.9815,True,True,True,False,936.0000000000002,0.0,41.456310679611654,28.415818138763914,0.0,242.9484292367196,1248.8205580550955
2025-08-11T21:45:00Z,2025-08-11T22:00:00Z,2025-08-12,2025-08-11_24,39.00000000000001,61,100,0,59.11587554782514,64.62957328695558,0.03567542850241546,0.0,16.355,True,True,True,False,936.0000000000002,0.0,41.456310679611654,28.415818138763914,0.0,1046.9639888704712,2052.836117688847
2025-08-11T22:00:00Z,2025-08-11T22:15:00Z,2025-08-12,2025-08-12_1,0.0,0,0,100,64.62957328695558,64.62957328695558,0.0,0.0,0.0,True,True,True,False,0.0,1102.5929434051623,0.0,0.0,0.0,0.0,1102.5929434051623
2025-08-11T22:15:00Z,2025-08-11T22:30:00Z,2025-08-12,2025-08-12_1,0.0,0,0,100,64.62957328695558,64.62957328695558,0.0,0.0,0.0,True,True,True,False,0.0,1102.5929434051623,0.0,0.0,0.0,0.0,1102.5929434051623
2025-08-11T22:30:00Z,2025-08-11T22:45:00Z,2025-08-12,2025-08-12_1,0.0,0,0,100,64.62957328695558,64.62957328695558,0.0,0.0,0.0,True,True,True,False,0.0,1102.5929434051623,0.0,0.0,0.0,0.0,1102.5929434051623
2025-08-11T22:45:00Z,2025-08-11T23:00:00Z,2025-08-12,2025-08-12_1,0.0,0,0,100,64.62957328695558,64.62957328695558,0.0,0.0,0.0,True,True,True,False,0.0,1102.5929434051623,0.0,0.0,0.0,0.0,1102.5929434051623
2025-08-11T23:00:00Z,2025-08-11T23:15:00Z,2025-08-12,2025-08-12_2,0.0,0,0,100,64.62957328695558,64.62957328695558,0.0,0.0,0.0,True,True,True,False,0.0,1102.5929434051623,0.0,0.0,0.0,0.0,1102.5929434051623
2025-08-11T23:15:00Z,2025-08-11T23:30:00Z,2025-08-12,2025-08-12_2,0.0,0,0,100,64.62957328695558,64.62957328695558,0.0,0.0,0.0,True,True,True,False,0.0,1102.5929434051623,0.0,0.0,0.0,0.0,1102.5929434051623
2025-08-11T23:30:00Z,2025-08-11T23:45:00Z,2025-08-12,2025-08-12_2,0.0,0,0,100,64.62957328695558,64.62957328695558,0.0,0.0,0.0,True,True,True,False,0.0,1102.5929434051623,0.0,0.0,0.0,0.0,1102.5929434051623
2025-08-11T23:45:00Z,2025-08-12T00:00:00Z,2025-08-12,2025-08-12_2,0.0,0,0,100,64.62957328695558,64.62957328695558,0.0,0.0,0.0,True,True,True,False,0.0,1102.5929434051623,0.0,0.0,0.0,0.0,1102.5929434051623
2025-08-12T00:00:00Z,2025-08-12T00:15:00Z,2025-08-12,2025-08-12_3,48.78161760981645,51,100,0,64.62957328695558,62.21833700883212,0.035046342654289256,0.0,10.829,True,True,True,False,1041.6094900136056,0.0,34.1771252663983,28.415818138763914,0.0,-248.37720577788306,855.8252276408848
2025-08-12T00:15:00Z,2025-08-12T00:30:00Z,2025-08-12,2025-08-12_3,48.78161760981645,51,100,0,62.21833700883212,63.54248719390385,0.034434769201533405,0.0,14.559,True,True,True,False,1041.6094900136056,0.0,34.1771252663983,28.415818138763914,0.0,288.7494778593417,1392.9519112781095
2025-08-12T00:30:00Z,2025-08-12T00:45:00Z,2025-08-12,2025-08-12_3,48.78161760981645,51,100,0,63.54248719390385,68.1914317644469,0.033890419640367334,0.0,17.879,True,True,True,False,1041.6094900136056,0.0,34.1771252663983,28.415818138763914,0.0,1508.7602492304052,2612.962682649173
2025-08-12T00:45:00Z,2025-08-12T01:00:00Z,2025-08-12,2025-08-12_3,48.78161760981645,51,100,0,68.1914317644469,77.00438086956517,0.0332086710032202,0.0,22.037,True,True,True,False,1041.6094900136056,0.0,34.1771252663983,28.415818138763914,0.0,3162.554761425527,4266.757194844295
2025-08-12T01:00:00Z,2025-08-12T01:15:00Z,2025-08-12,2025-08-12_4,-3.2904612537219167e-15,100,100,0,77.00438086956517,83.49268086956516,0.018023055555555556,0.0,7.0525,True,True,True,False,-6.877064020278806e-14,0.0,67.0139711105849,28.415818138763914,0.0,294.7587615439262,390.18855079327494
2025-08-12T01:15:00Z,2025-08-12T01:30:00Z,2025-08-12,2025-08-12_4,-3.2904612537219167e-15,100,100,0,83.49268086956516,88.60696086956516,0.014206333333333335,0.0,5.559,True,True,True,False,-6.877064020278806e-14,0.0,67.0139711105849,28.415818138763914,0.0,120.06544873312811,215.49523798247685
2025-08-12T01:30:00Z,2025-08-12T01:45:00Z,2025-08-12,2025-08-12_4,-3.2904612537219167e-15,100,100,0,88.60696086956516,101.68522086956516,0.0363285,0.0,14.2155,True,True,True,False,-6.877064020278806e-14,0.0,67.0139711105849,28.415818138763914,0.0,1839.2376104072935,1934.6673996566421
2025-08-12T01:45:00Z,2025-08-12T02:00:00Z,2025-08-12,2025-08-12_4,-3.2904612537219167e-15,100,100,0,101.68522086956516,102.13447739130429,0.0013203985507246395,0.012,0.5025,True,True,True,False,-6.877064020278806e-14,0.0,67.0139711105849,28.415818138763914,0.9521264503907176,-21.075034039782146,75.30688165995733
2025-08-12T02:00:00Z,2025-08-12T02:15:00Z,2025-08-12,2025-08-12_5,-1.3729829565688852e-14,100,100,0,102.13447739130429,102.02997478260863,0.0005279516908212647,0.1355,0.0465,True,True,True,False,-2.87571280253353e-13,0.0,62.75159838977031,20.571868340042627,14.759649538242957,-3.2244074117925647,94.85870885626304
2025-08-12T02:15:00Z,2025-08-12T02:30:00Z,2025-08-12,2025-08-12_5,-1.3729829565688852e-14,100,100,0,102.02997478260863,97.98206521739125,0.011246748792270535,3.7245,0.0005,True,True,True,False,-2.87571280253353e-13,0.0,62.75159838977031,20.571868340042627,484.59143470281793,-0.038479753729576134,567.876421678901
2025-08-12T02:30:00Z,2025-08-12T02:45:00Z,2025-08-12,2025-08-12_5,-1.3729829565688852e-14,100,100,0,97.98206521739125,82.61141304347821,0.042696256038647344,14.141,0.0,True,True,True,False,-2.87571280253353e-13,0.0,62.75159838977031,20.571868340042627,6244.944200805116,0.0,6328.267667534929
2025-08-12T02:45:00Z,2025-08-12T03:00:00Z,2025-08-12,2025-08-12_5,-1.3729829565688852e-14,100,100,0,82.61141304347821,64.34782608695647,0.050732185990338144,16.8025,0.0,True,True,True,False,-2.87571280253353e-13,0.0,62.75159838977031,20.571868340042627,18294.005364965662,0.0,18377.328831695475
2025-08-12T03:00:00Z,2025-08-12T03:15:00Z,2025-08-12,2025-08-12_6,0.0,0,0,100,64.34782608695647,64.34782608695647,0.0,0.0,0.0,True,True,True,False,0.0,1102.5929434051623,0.0,0.0,0.0,0.0,1102.5929434051623
2025-08-12T03:15:00Z,2025-08-12T03:30:00Z,2025-08-12,2025-08-12_6,0.0,0,0,100,64.34782608695647,64.34782608695647,0.0,0.0,0.0,True,True,True,False,0.0,1102.5929434051623,0.0,0.0,0.0,0.0,1102.5929434051623
2025-08-12T03:30:00Z,2025-08-12T03:45:00Z,2025-08-12,2025-08-12_6,0.0,0,0,100,64.34782608695647,64.34782608695647,0.0,0.0,0.0,True,True,True,False,0.0,1102.5929434051623,0.0,0.0,0.0,0.0,1102.5929434051623
2025-08-12T03:45:00Z,2025-08-12T04:00:00Z,2025-08-12,2025-08-12_6,0.0,0,0,100,64.34782608695647,64.34782608695647,0.0,0.0,0.0,True,True,True,False,0.0,1102.5929434051623,0.0,0.0,0.0,0.0,1102.5929434051623
2025-08-12T04:00:00Z,2025-08-12T04:15:00Z,2025-08-12,2025-08-12_7,94.0,6,100,0,64.34782608695647,61.11421885217387,0.015335148985507243,0.0,20.716,True,True,True,False,2061.89,0.0,6.358039308548425,20.571868340042627,0.0,11992.027847501777,14080.847755150367
2025-08-12T04:15:00Z,2025-08-12T04:30:00Z,2025-08-12,2025-08-12_7,94.0,6,100,0,61.11421885217387,50.01195586086953,0.03495186608695652,0.0,13.4095,True,True,True,False,2061.89,0.0,6.358039308548425,20.571868340042627,0.0,-66.94430114847265,2021.8756065001182
2025-08-12T04:30:00Z,2025-08-12T04:45:00Z,2025-08-12,2025-08-12_7,94.0,6,100,0,50.01195586086953,29.08693106086953,0.05944020888888889,0.0,4.2885,True,True,True,False,2061.89,0.0,6.358039308548425,20.571868340042627,0.0,-164.21563195595547,1924.6042756926354
2025-08-12T04:45:00Z,2025-08-12T05:00:00Z,2025-08-12,2025-08-12_7,94.0,6,100,0,29.08693106086953,10.175243965217359,0.0544209174879227,0.0,6.158,True,True,True,False,2061.89,0.0,6.358039308548425,20.571868340042627,0.0,-100.01828557897231,1988.8016220696186
2025-08-12T05:00:00Z,2025-08-12T05:15:00Z,2025-08-12,2025-08-12_8,0.0,100,100,0,10.175243965217359,15.530563965217357,0.014875888888888888,0.0,5.821,True,True,True,False,0.0,0.0,97.3241771252664,25.455837082642674,0.0,-130.16613367274448,-7.386119464835403
2025-08-12T05:15:00Z,2025-08-12T05:30:00Z,2025-08-12,2025-08-12_8,0.0,100,100,0,15.530563965217357,31.203223965217358,0.043535166666666666,0.0,17.0355,True,True,True,False,0.0,0.0,97.3241771252664,25.455837082642674,0.0,1857.5875485436893,1980.3675627515984
2025-08-12T05:30:00Z,2025-08-12T05:45:00Z,2025-08-12,2025-08-12_8,0.0,100,100,0,31.203223965217358,46.43934396521736,0.04232255555555556,0.0,16.561,True,True,True,False,0.0,0.0,97.3241771252664,25.455837082642674,0.0,862.958951377378,985.738965585287
2025-08-12T05:45:00Z,2025-08-12T06:00:00Z,2025-08-12,2025-08-12_8,0.0,100,100,0,46.43934396521736,66.62920396521736,0.05608294444444444,0.0,21.9455,True,True,True,False,0.0,0.0,97.3241771252664,25.455837082642674,0.0,12769.729439379587,12892.509453587496
2025-08-12T06:00:00Z,2025-08-12T06:15:00Z,2025-08-12,2025-08-12_9,94.99675897698634,5,100,0,66.62920396521736,45.098431535638056,0.060823297970224,0.0001,3.9715,True,True,True,False,1899.935179539727,0.0,3.319618754439972,28.6230168126924,0.012747651748362145,7.806478707869604,1939.6970414664772
2025-08-12T06:15:00Z,2025-08-12T06:30:00Z,2025-08-12,2025-08-12_9,94.99675897698634,5,100,0,45.098431535638056,27.77162410325578,0.05014229083002226,0.0,7.869,True,True,True,False,1899.935179539727,0.0,3.319618754439972,28.6230168126924,0.0,447.1351639829505,2379.01297908981
2025-08-12T06:30:00Z,2025-08-12T06:45:00Z,2025-08-12,2025-08-12_9,94.99675897698634,5,100,0,27.77162410325578,19.354079801280314,0.02750659486678587,0.0,16.129,True,True,True,False,1899.935179539727,0.0,3.319618754439972,28.6230168126924,0.0,824.2703234272635,2756.148138534123
2025-08-12T06:45:00Z,2025-08-12T07:00:00Z,2025-08-12,2025-08-12_9,94.99675897698634,5,100,0,19.354079801280314,17.52734086956523,0.01076138661214231,0.0,22.2395,True,True,True,False,1899.935179539727,0.0,3.319618754439972,28.6230168126924,0.0,12744.78793028258,14676.66574538944
2025-08-12T07:00:00Z,2025-08-12T07:15:00Z,2025-08-12,2025-08-12_10,0.0,100,100,0,17.52734086956523,21.655380869565228,0.011466777777777779,0.0,4.487,True,True,True,False,0.0,0.0,63.37319441155577,36.792564527587025,0.0,1888.5279722156447,1988.6937311547874
2025-08-12T07:15:00Z,2025-08-12T07:30:00Z,2025-08-12,2025-08-12_10,0.0,100,100,0,21.655380869565228,24.282440869565228,0.00729738888888889,0.0,2.8555,True,True,True,False,0.0,0.0,63.37319441155577,36.792564527587025,0.0,138.22094068197964,238.38669962112243
2025-08-12T07:30:00Z,2025-08-12T07:45:00Z,2025-08-12,2025-08-12_10,0.0,100,100,0,24.282440869565228,26.42516347826088,0.005967103864734299,0.0025,2.332,True,True,True,False,0.0,0.0,63.37319441155577,36.792564527587025,0.26201752308785226,230.44445181150843,330.8722282737391
2025-08-12T07:45:00Z,2025-08-12T08:00:00Z,2025-08-12,2025-08-12_10,0.0,100,100,0,26.42516347826088,33.91304347826088,0.020799666666666664,0.0,8.139,True,True,True,False,0.0,0.0,63.37319441155577,36.792564527587025,0.0,3275.8479226852946,3376.0136816244376
2025-08-12T08:00:00Z,2025-08-12T08:15:00Z,2025-08-12,2025-08-12_11,-55.74817982749682,56,0,44,33.91304347826088,46.72584367084153,0.03559138536363617,0.010079999999999999,0.0,True,True,True,False,-213.7942696384503,485.14089509827136,35.48898887047123,0.0,1.036657068434762,0.0,307.87227139872704
2025-08-12T08:15:00Z,2025-08-12T08:30:00Z,2025-08-12,2025-08-12_11,-55.74817982749682,56,0,44,46.72584367084153,59.547925031165796,0.03561689266756741,0.0,0.0,True,True,True,False,-213.7942696384503,485.14089509827136,35.48898887047123,0.0,0.0,0.0,306.8356143302923
2025-08-12T08:30:00Z,2025-08-12T08:45:00Z,2025-08-12,2025-08-12_11,-55.74817982749682,56,0,44,59.547925031165796,72.36020960331625,0.035589968291195546,0.010639999999999998,0.0,True,True,True,False,-213.7942696384503,485.14089509827136,35.48898887047123,0.0,1.058205067487568,0.0,307.89381939777985
2025-08-12T08:45:00Z,2025-08-12T09:00:00Z,2025-08-12,2025-08-12_11,-55.74817982749682,56,0,44,72.36020960331625,85.13485388406201,0.035486522003029944,0.05152,0.0,True,True,True,False,-213.7942696384503,485.14089509827136,35.48898887047123,0.0,5.365599179098587,0.0,312.20121350939087
2025-08-12T09:00:00Z,2025-08-12T09:15:00Z,2025-08-12,2025-08-12_12,0.0,9,9,91,85.13485388406201,85.524427884062,0.00108215,0.0,0.42345,True,True,True,False,0.0,1003.3595784986977,5.703587497040019,3.311330807482832,0.0,14.981102148946245,1027.3555989521667
2025-08-12T09:15:00Z,2025-08-12T09:30:00Z,2025-08-12,2025-08-12_12,0.0,9,9,91,85.524427884062,86.08755068406201,0.00156423,0.0,0.61209,True,True,True,False,0.0,1003.3595784986977,5.703587497040019,3.311330807482832,0.0,34.73643361946484,1047.1109304226854
2025-08-12T09:30:00Z,2025-08-12T09:45:00Z,2025-08-12,2025-08-12_12,0.0,9,9,91,86.08755068406201,86.560338684062,0.0013133,0.0,0.5139,True,True,True,False,0.0,1003.3595784986977,5.703587497040019,3.311330807482832,0.0,-0.8701902083826664,1011.5043065948379
2025-08-12T09:45:00Z,2025-08-12T10:00:00Z,2025-08-12,2025-08-12_12,0.0,9,9,91,86.560338684062,87.126814884062,0.0015735450000000002,0.0,0.615735,True,True,True,False,0.0,1003.3595784986977,5.703587497040019,3.311330807482832,0.0,158.29745407885392,1170.6719508820745
2025-08-12T10:00:00Z,2025-08-12T10:15:00Z,2025-08-12,2025-08-12_13,0.0,100,100,0,87.126814884062,100.821474884062,0.038040722222222226,0.0,14.885500000000002,True,True,True,False,0.0,0.0,63.37319441155577,36.792564527587025,0.0,13895.486179947118,13995.651938886262
2025-08-12T10:15:00Z,2025-08-12T10:30:00Z,2025-08-12,2025-08-12_13,0.0,100,100,0,100.821474884062,112.60391488406201,0.03272900000000001,0.0,12.807000000000002,True,True,True,False,0.0,0.0,63.37319441155577,36.792564527587025,0.0,12187.598224603365,12287.763983542509
2025-08-12T10:30:00Z,2025-08-12T10:45:00Z,2025-08-12,2025-08-12_13,0.0,100,100,0,112.60391488406201,120.042574884062,0.020662944444444442,0.0,8.0855,True,True,True,False,0.0,0.0,63.37319441155577,36.792564527587025,0.0,4554.389705284553,4654.555464223696
2025-08-12T10:45:00Z,2025-08-12T11:00:00Z,2025-08-12,2025-08-12_13,0.0,100,100,0,120.042574884062,125.347754884062,0.014736611111111112,0.0,5.7665,True,True,True,False,0.0,0.0,63.37319441155577,36.792564527587025,0.0,0.24578972294577314,100.41154866208858
2025-08-12T11:00:00Z,2025-08-12T11:15:00Z,2025-08-12,2025-08-12_14,-9.0,9,0,91,125.347754884062,127.417754884062,0.005750000000000001,0.0,0.0,True,True,True,False,-6.75,1003.3595784986977,5.703587497040019,0.0,0.0,0.0,1002.3131659957378
2025-08-12T11:15:00Z,2025-08-12T11:30:00Z,2025-08-12,2025-08-12_14,-9.0,9,0,91,127.417754884062,129.48688548406201,0.0057475849999999995,0.0009450000000000001,0.0,True,True,True,False,-6.75,1003.3595784986977,5.703587497040019,0.0,0.08675180558844425,0.0,1002.3999178013262
2025-08-12T11:30:00Z,2025-08-12T11:45:00Z,2025-08-12,2025-08-12_14,-9.0,9,0,91,129.48688548406201,131.55026148406202,0.005731600000000001,0.007200000000000001,0.0,True,True,True,False,-6.75,1003.3595784986977,5.703587497040019,0.0,0.6609661378167181,0.0,1002.9741321335545
2025-08-12T11:45:00Z,2025-08-12T12:00:00Z,2025-08-12,2025-08-12_14,-9.0,9,0,91,131.55026148406202,133.614465484062,0.005733899999999999,0.006300000000000001,0.0,True,True,True,False,-6.75,1003.3595784986977,5.703587497040019,0.0,0.5783453705896283,0.0,1002.8915113663273
2025-08-12T12:00:00Z,2025-08-12T12:15:00Z,2025-08-12,2025-08-12_15,0.0,9,9,91,133.614465484062,134.24266908406202,0.00174501,0.0,0.6828299999999999,True,True,True,False,0.0,1003.3595784986977,5.703587497040019,3.311330807482832,0.0,103.0463447489936,1115.4208415522141
2025-08-12T12:15:00Z,2025-08-12T12:30:00Z,2025-08-12,2025-08-12_15,0.0,9,9,91,134.24266908406202,134.71024068406203,0.0012988099999999999,0.0,0.50823,True,True,True,False,0.0,1003.3595784986977,5.703587497040019,3.311330807482832,0.0,2.6796505979161735,1015.0541474011368
2025-08-12T12:30:00Z,2025-08-12T12:45:00Z,2025-08-12,2025-08-12_15,0.0,9,9,91,134.71024068406203,135.31364568406204,0.0016761249999999999,0.0,0.655875,True,True,True,False,0.0,1003.3595784986977,5.703587497040019,3.311330807482832,0.0,141.33099322164338,1153.705490024864
2025-08-12T12:45:00Z,2025-08-12T13:00:00Z,2025-08-12,2025-08-12_15,0.0,9,9,91,135.31364568406204,135.54896328406204,0.00065366,0.0,0.25578,True,True,True,False,0.0,1003.3595784986977,5.703587497040019,3.311330807482832,0.0,-6.351193653800617,1006.0233031494199
2025-08-12T13:00:00Z,2025-08-12T13:15:00Z,2025-08-12,2025-08-12_16,0.0,100,100,0,135.54896328406204,143.29674328406205,0.021521611111111113,0.0,8.4215,True,True,True,False,0.0,0.0,63.37319441155577,36.792564527587025,0.0,4862.470667574394,4962.636426513536
2025-08-12T13:15:00Z,2025-08-12T13:30:00Z,2025-08-12,2025-08-12_16,0.0,100,100,0,143.29674328406205,146.98042328406206,0.010232444444444443,0.0,4.004,True,True,True,False,0.0,0.0,63.37319441155577,36.792564527587025,0.0,221.5892738179809,321.75503275712373
2025-08-12T13:30:00Z,2025-08-12T13:45:00Z,2025-08-12,2025-08-12_16,0.0,100,100,0,146.98042328406206,148.30321806667075,0.00371368115942029,0.0065,1.4455,True,True,True,False,0.0,0.0,63.37319441155577,36.792564527587025,0.6092627673849553,86.84466789012552,187.61968959665327
2025-08-12T13:45:00Z,2025-08-12T14:00:00Z,2025-08-12,2025-08-12_16,0.0,100,100,0,148.30321806667075,147.9614606753664,0.0010796594202898552,0.336,0.025499999999999995,True,True,True,False,0.0,0.0,63.37319441155577,36.792564527587025,31.795680795642916,-0.9560738811271607,131.00536585365856
2025-08-12T14:00:00Z,2025-08-12T14:15:00Z,2025-08-12,2025-08-12_17,3.8990804758268736,5,9,91,147.9614606753664,147.23488630189775,0.0030101472853762278,0.006275,0.342405,True,True,True,False,71.30443420168396,1003.3595784986977,3.241179256452759,1.8514681506038362,0.5881729023600916,-11.641202433104429,1068.703630576694
2025-08-12T14:15:00Z,2025-08-12T14:30:00Z,2025-08-12,2025-08-12_17,3.8990804758268736,5,9,91,147.23488630189775,146.16843279333767,0.002992222571704467,0.015774999999999997,0.010305,True,True,True,False,71.30443420168396,1003.3595784986977,3.241179256452759,1.8514681506038362,1.4786338700765647,-0.3863663272555056,1080.8489276502594
2025-08-12T14:30:00Z,2025-08-12T14:45:00Z,2025-08-12,2025-08-12_17,3.8990804758268736,5,9,91,146.16843279333767,145.1124313799738,0.0029614943351174705,0.005625000000000001,0.00972,True,True,True,False,71.30443420168396,1003.3595784986977,3.241179256452759,1.8514681506038362,0.5272466256215961,-0.3644328676296472,1079.9194738654303
2025-08-12T14:45:00Z,2025-08-12T15:00:00Z,2025-08-12,2025-08-12_17,3.8990804758268736,5,9,91,145.1124313799738,143.9999999999997,0.0031031228498231735,0.05277500000000001,0.0045000000000000005,True,True,True,False,71.30443420168396,1003.3595784986977,3.241179256452759,1.8514681506038362,6.60612280961402,-0.16871892019891077,1086.1940639968534
2025-08-12T15:00:00Z,2025-08-12T15:15:00Z,2025-08-12,2025-08-12_18,0.0,0,0,100,143.9999999999997,143.9999999999997,0.0,0.0,0.0,True,True,True,False,0.0,1102.5929434051623,0.0,0.0,0.0,0.0,1102.5929434051623
2025-08-12T15:15:00Z,2025-08-12T15:30:00Z,2025-08-12,2025-08-12_18,0.0,0,0,100,143.9999999999997,143.9999999999997,0.0,0.0,0.0,True,True,True,False,0.0,1102.5929434051623,0.0,0.0,0.0,0.0,1102.5929434051623
2025-08-12T15:30:00Z,2025-08-12T15:45:00Z,2025-08-12,2025-08-12_18,0.0,0,0,100,143.9999999999997,143.9999999999997,0.0,0.0,0.0,True,True,True,False,0.0,1102.5929434051623,0.0,0.0,0.0,0.0,1102.5929434051623
2025-08-12T15:45:00Z,2025-08-12T16:00:00Z,2025-08-12,2025-08-12_18,0.0,0,0,100,143.9999999999997,143.9999999999997,0.0,0.0,0.0,True,True,True,False,0.0,1102.5929434051623,0.0,0.0,0.0,0.0,1102.5929434051623
2025-08-12T16:00:00Z,2025-08-12T16:15:00Z,2025-08-12,2025-08-12_19,0.0,0,0,100,143.9999999999997,143.9999999999997,0.0,0.0,0.0,True,True,True,False,0.0,1102.5929434051623,0.0,0.0,0.0,0.0,1102.5929434051623
2025-08-12T16:15:00Z,2025-08-12T16:30:00Z,2025-08-12,2025-08-12_19,0.0,0,0,100,143.9999999999997,143.9999999999997,0.0,0.0,0.0,True,True,True,False,0.0,1102.5929434051623,0.0,0.0,0.0,0.0,1102.5929434051623
2025-08-12T16:30:00Z,2025-08-12T16:45:00Z,2025-08-12,2025-08-12_19,0.0,0,0,100,143.9999999999997,143.9999999999997,0.0,0.0,0.0,True,True,True,False,0.0,1102.5929434051623,0.0,0.0,0.0,0.0,1102.5929434051623
2025-08-12T16:45:00Z,2025-08-12T17:00:00Z,2025-08-12,2025-08-12_19,0.0,0,0,100,143.9999999999997,143.9999999999997,0.0,0.0,0.0,True,True,True,False,0.0,1102.5929434051623,0.0,0.0,0.0,0.0,1102.5929434051623
2025-08-12T17:00:00Z,2025-08-12T17:15:00Z,2025-08-12,2025-08-12_20,60.0,0,60,40,143.9999999999997,127.73021739130402,0.04519384057971015,0.0,0.0318,True,True,True,False,3555.75,441.0371773620649,0.0,12.343121004025576,0.0,-2.385150603836136,4006.7451477622544
2025-08-12T17:15:00Z,2025-08-12T17:30:00Z,2025-08-12,2025-08-12_20,60.0,0,60,40,127.73021739130402,111.48978260869532,0.04511231884057971,0.0,0.0588,True,True,True,False,3555.75,441.0371773620649,0.0,12.343121004025576,0.0,-4.416880653563817,4004.7134177125267
2025-08-12T17:30:00Z,2025-08-12T17:45:00Z,2025-08-12,2025-08-12_20,60.0,0,60,40,111.48978260869532,95.18543478260835,0.04528985507246377,0.0,0.0,True,True,True,False,3555.75,441.0371773620649,0.0,12.343121004025576,0.0,0.0,4009.1302983660903
2025-08-12T17:45:00Z,2025-08-12T18:00:00Z,2025-08-12,2025-08-12_20,60.0,0,60,40,95.18543478260835,78.8810869565214,0.04528985507246376,0.0,0.0,True,True,True,False,3555.75,441.0371773620649,0.0,12.343121004025576,0.0,0.0,4009.1302983660903
2025-08-12T18:00:00Z,2025-08-12T18:15:00Z,2025-08-12,2025-08-12_21,0.0,100,100,0,78.8810869565214,68.96097826086923,0.027555857487922702,9.1265,0.0,True,True,True,False,0.0,0.0,106.14492067250771,20.571868340042627,2489.8509708737865,0.0,2616.5677598863367
2025-08-12T18:15:00Z,2025-08-12T18:30:00Z,2025-08-12,2025-08-12_21,0.0,100,100,0,68.96097826086923,47.99195652173879,0.05824728260869565,19.2915,0.0,True,True,True,False,0.0,0.0,106.14492067250771,20.571868340042627,8976.977238633674,0.0,9103.694027646225
2025-08-12T18:30:00Z,2025-08-12T18:45:00Z,2025-08-12,2025-08-12_21,0.0,100,100,0,47.99195652173879,23.866413043477927,0.06701539855072462,22.1955,0.0,True,True,True,False,0.0,0.0,106.14492067250771,20.571868340042627,22692.730707435476,0.0,22819.447496448025
2025-08-12T18:45:00Z,2025-08-12T19:00:00Z,2025-08-12,2025-08-12_21,0.0,100,100,0,23.866413043477927,17.307173913043144,0.018220108695652174,6.0345,0.0,True,True,True,False,0.0,0.0,106.14492067250771,20.571868340042627,1721.0721231944117,0.0,1847.788912206962
2025-08-12T19:00:00Z,2025-08-12T19:15:00Z,2025-08-12,2025-08-12_22,-51.602043788946084,100,48,0,17.307173913043144,16.420402812616423,0.03478505321801043,12.744999999999997,0.0,True,True,True,False,-1920.6280698245732,0.0,105.4345252190386,9.87449680322046,13398.353527310757,0.0,11593.034479508444
2025-08-12T19:15:00Z,2025-08-12T19:30:00Z,2025-08-12,2025-08-12_22,-51.602043788946084,100,48,0,16.420402812616423,16.184654417745662,0.03469231009846235,12.0945,0.0,True,True,True,False,-1920.6280698245732,0.0,105.4345252190386,9.87449680322046,11476.469522555057,0.0,9671.150474752743
2025-08-12T19:30:00Z,2025-08-12T19:45:00Z,2025-08-12,2025-08-12_22,-51.602043788946084,100,48,0,16.184654417745662,23.386702732086142,0.03365853109297105,4.6715,0.009600000000000001,True,True,True,False,-1920.6280698245732,0.0,105.4345252190386,9.87449680322046,3054.928328400032,-0.7501775988633673,1248.8591029988545
2025-08-12T19:45:00Z,2025-08-12T20:00:00Z,2025-08-12,2025-08-12_22,-51.602043788946084,100,48,0,23.386702732086142,36.374731999999455,0.0360807816594338,0.001,1.218,True,True,True,False,-1920.6280698245732,0.0,105.4345252190386,9.87449680322046,0.1381324492856579,-64.32114847264978,-1869.5020638256783
2025-08-12T20:00:00Z,2025-08-12T20:15:00Z,2025-08-12,2025-08-12_23,0.0,60,60,40,36.374731999999455,34.67273130434728,0.007078379710144928,1.9551000000000003,0.4599,True,True,True,False,0.0,441.0371773620649,40.297182098034575,12.343121004025576,343.2709764977505,-23.697972886573524,813.250484075302
2025-08-12T20:15:00Z,2025-08-12T20:30:00Z,2025-08-12,2025-08-12_23,0.0,60,60,40,34.67273130434728,33.093367478260326,0.004400921739130433,1.4552999999999998,0.0026999999999999997,True,True,True,False,0.0,441.0371773620649,40.297182098034575,12.343121004025576,201.02415344541794,-0.21098744968032204,694.4906464598627
2025-08-12T20:30:00Z,2025-08-12T20:45:00Z,2025-08-12,2025-08-12_23,0.0,60,60,40,33.093367478260326,31.739130434782066,0.0038016362318840577,1.2525,0.0078,True,True,True,False,0.0,441.0371773620649,40.297182098034575,12.343121004025576,173.01089273028654,-0.6387639119109638,666.0496092825006
2025-08-12T20:45:00Z,2025-08-12T21:00:00Z,2025-08-12,2025-08-12_23,0.0,60,60,40,31.739130434782066,33.69541843478206,0.005434133333333333,0.0,2.1264,True,True,True,False,0.0,441.0371773620649,40.297182098034575,12.343121004025576,0.0,140.60272412976556,634.2802045938906
2025-08-12T21:00:00Z,2025-08-12T21:15:00Z,2025-08-13,2025-08-12_24,-0.9604391806687403,89,88,11,33.69541843478206,36.763494252294976,0.00887331513403805,0.05874,3.16404,True,True,True,False,-23.569177493610887,121.26847266341773,60.47708304559715,23.439812165814967,7.486936448118699,211.66536751968118,400.76849434901885
2025-08-12T21:15:00Z,2025-08-12T21:30:00Z,2025-08-13,2025-08-12_24,-0.9604391806687403,89,88,11,36.763494252294976,45.968121663848784,0.025568409476538365,0.0,9.76492,True,True,True,False,-23.569177493610887,121.26847266341773,60.47708304559715,23.439812165814967,0.0,-318.7668476609514,-137.15065727973243
2025-08-12T21:30:00Z,2025-08-12T21:45:00Z,2025-08-13,2025-08-12_24,-0.9604391806687403,89,88,11,45.968121663848784,54.18746587540259,0.022831511698760583,0.0,8.69396,True,True,True,False,-23.569177493610887,121.26847266341773,60.47708304559715,23.439812165814967,0.0,-313.8011298778684,-132.18493949664943
2025-08-12T21:45:00Z,2025-08-12T22:00:00Z,2025-08-13,2025-08-12_24,-0.9604391806687403,89,88,11,54.18746587540259,64.3478260869564,0.028223222809871697,0.0,10.803759999999999,True,True,True,False,-23.569177493610887,121.26847266341773,60.47708304559715,23.439812165814967,0.0,-367.7089761379555,-186.09278575673656
2025-08-12T22:00:00Z,2025-08-12T22:15:00Z,2025-08-13,2025-08-13_1,0.0,0,0,100,64.3478260869564,64.3478260869564,0.0,0.0,0.0,True,True,True,False,0.0,1102.4406605765248,0.0,0.0,0.0,0.0,1102.4406605765248
2025-08-12T22:15:00Z,2025-08-12T22:30:00Z,2025-08-13,2025-08-13_1,0.0,0,0,100,64.3478260869564,64.3478260869564,0.0,0.0,0.0,True,True,True,False,0.0,1102.4406605765248,0.0,0.0,0.0,0.0,1102.4406605765248
2025-08-12T22:30:00Z,2025-08-12T22:45:00Z,2025-08-13,2025-08-13_1,0.0,0,0,100,64.3478260869564,64.3478260869564,0.0,0.0,0.0,True,True,True,False,0.0,1102.4406605765248,0.0,0.0,0.0,0.0,1102.4406605765248
2025-08-12T22:45:00Z,2025-08-12T23:00:00Z,2025-08-13,2025-08-13_1,0.0,0,0,100,64.3478260869564,64.3478260869564,0.0,0.0,0.0,True,True,True,False,0.0,1102.4406605765248,0.0,0.0,0.0,0.0,1102.4406605765248
2025-08-12T23:00:00Z,2025-08-12T23:15:00Z,2025-08-13,2025-08-13_2,0.0,0,0,100,64.3478260869564,64.3478260869564,0.0,0.0,0.0,True,True,True,False,0.0,1102.4406605765248,0.0,0.0,0.0,0.0,1102.4406605765248
2025-08-12T23:15:00Z,2025-08-12T23:30:00Z,2025-08-13,2025-08-13_2,0.0,0,0,100,64.3478260869564,64.3478260869564,0.0,0.0,0.0,True,True,True,False,0.0,1102.4406605765248,0.0,0.0,0.0,0.0,1102.4406605765248
2025-08-12T23:30:00Z,2025-08-12T23:45:00Z,2025-08-13,2025-08-13_2,0.0,0,0,100,64.3478260869564,64.3478260869564,0.0,0.0,0.0,True,True,True,False,0.0,1102.4406605765248,0.0,0.0,0.0,0.0,1102.4406605765248
2025-08-12T23:45:00Z,2025-08-13T00:00:00Z,2025-08-13,2025-08-13_2,0.0,0,0,100,64.3478260869564,64.3478260869564,0.0,0.0,0.0,True,True,True,False,0.0,1102.4406605765248,0.0,0.0,0.0,0.0,1102.4406605765248
2025-08-13T00:00:00Z,2025-08-13T00:15:00Z,2025-08-13,2025-08-13_3,0.0,0,0,100,64.3478260869564,64.3478260869564,0.0,0.0,0.0,True,True,True,False,0.0,1102.4406605765248,0.0,0.0,0.0,0.0,1102.4406605765248
2025-08-13T00:15:00Z,2025-08-13T00:30:00Z,2025-08-13,2025-08-13_3,0.0,0,0,100,64.3478260869564,64.3478260869564,0.0,0.0,0.0,True,True,True,False,0.0,1102.4406605765248,0.0,0.0,0.0,0.0,1102.4406605765248
2025-08-13T00:30:00Z,2025-08-13T00:45:00Z,2025-08-13,2025-08-13_3,0.0,0,0,100,64.3478260869564,64.3478260869564,0.0,0.0,0.0,True,True,True,False,0.0,1102.4406605765248,0.0,0.0,0.0,0.0,1102.4406605765248
2025-08-13T00:45:00Z,2025-08-13T01:00:00Z,2025-08-13,2025-08-13_3,0.0,0,0,100,64.3478260869564,64.3478260869564,0.0,0.0,0.0,True,True,True,False,0.0,1102.4406605765248,0.0,0.0,0.0,0.0,1102.4406605765248
2025-08-13T01:00:00Z,2025-08-13T01:15:00Z,2025-08-13,2025-08-13_4,0.0,0,0,100,64.3478260869564,64.3478260869564,0.0,0.0,0.0,True,True,True,False,0.0,1102.4406605765248,0.0,0.0,0.0,0.0,1102.4406605765248
2025-08-13T01:15:00Z,2025-08-13T01:30:00Z,2025-08-13,2025-08-13_4,0.0,0,0,100,64.3478260869564,64.3478260869564,0.0,0.0,0.0,True,True,True,False,0.0,1102.4406605765248,0.0,0.0,0.0,0.0,1102.4406605765248
2025-08-13T01:30:00Z,2025-08-13T01:45:00Z,2025-08-13,2025-08-13_4,0.0,0,0,100,64.3478260869564,64.3478260869564,0.0,0.0,0.0,True,True,True,False,0.0,1102.4406605765248,0.0,0.0,0.0,0.0,1102.4406605765248
2025-08-13T01:45:00Z,2025-08-13T02:00:00Z,2025-08-13,2025-08-13_4,0.0,0,0,100,64.3478260869564,64.3478260869564,0.0,0.0,0.0,True,True,True,False,0.0,1102.4406605765248,0.0,0.0,0.0,0.0,1102.4406605765248
2025-08-13T02:00:00Z,2025-08-13T02:15:00Z,2025-08-13,2025-08-13_5,0.0,0,0,100,64.3478260869564,64.3478260869564,0.0,0.0,0.0,True,True,True,False,0.0,1102.4406605765248,0.0,0.0,0.0,0.0,1102.4406605765248
2025-08-13T02:15:00Z,2025-08-13T02:30:00Z,2025-08-13,2025-08-13_5,0.0,0,0,100,64.3478260869564,64.3478260869564,0.0,0.0,0.0,True,True,True,False,0.0,1102.4406605765248,0.0,0.0,0.0,0.0,1102.4406605765248
2025-08-13T02:30:00Z,2025-08-13T02:45:00Z,2025-08-13,2025-08-13_5,0.0,0,0,100,64.3478260869564,64.3478260869564,0.0,0.0,0.0,True,True,True,False,0.0,1102.4406605765248,0.0,0.0,0.0,0.0,1102.4406605765248
2025-08-13T02:45:00Z,2025-08-13T03:00:00Z,2025-08-13,2025-08-13_5,0.0,0,0,100,64.3478260869564,64.3478260869564,0.0,0.0,0.0,True,True,True,False,0.0,1102.4406605765248,0.0,0.0,0.0,0.0,1102.4406605765248
2025-08-13T03:00:00Z,2025-08-13T03:15:00Z,2025-08-13,2025-08-13_6,0.0,0,0,100,64.3478260869564,64.3478260869564,0.0,0.0,0.0,True,True,True,False,0.0,1102.4406605765248,0.0,0.0,0.0,0.0,1102.4406605765248
2025-08-13T03:15:00Z,2025-08-13T03:30:00Z,2025-08-13,2025-08-13_6,0.0,0,0,100,64.3478260869564,64.3478260869564,0.0,0.0,0.0,True,True,True,False,0.0,1102.4406605765248,0.0,0.0,0.0,0.0,1102.4406605765248
2025-08-13T03:30:00Z,2025-08-13T03:45:00Z,2025-08-13,2025-08-13_6,0.0,0,0,100,64.3478260869564,64.3478260869564,0.0,0.0,0.0,True,True,True,False,0.0,1102.4406605765248,0.0,0.0,0.0,0.0,1102.4406605765248
2025-08-13T03:45:00Z,2025-08-13T04:00:00Z,2025-08-13,2025-08-13_6,0.0,0,0,100,64.3478260869564,64.3478260869564,0.0,0.0,0.0,True,True,True,False,0.0,1102.4406605765248,0.0,0.0,0.0,0.0,1102.4406605765248
2025-08-13T04:00:00Z,2025-08-13T04:15:00Z,2025-08-13,2025-08-13_7,0.0,0,0,100,64.3478260869564,64.3478260869564,0.0,0.0,0.0,True,True,True,False,0.0,1102.4406605765248,0.0,0.0,0.0,0.0,1102.4406605765248
2025-08-13T04:15:00Z,2025-08-13T04:30:00Z,2025-08-13,2025-08-13_7,0.0,0,0,100,64.3478260869564,64.3478260869564,0.0,0.0,0.0,True,True,True,False,0.0,1102.4406605765248,0.0,0.0,0.0,0.0,1102.4406605765248
2025-08-13T04:30:00Z,2025-08-13T04:45:00Z,2025-08-13,2025-08-13_7,0.0,0,0,100,64.3478260869564,64.3478260869564,0.0,0.0,0.0,True,True,True,False,0.0,1102.4406605765248,0.0,0.0,0.0,0.0,1102.4406605765248
2025-08-13T04:45:00Z,2025-08-13T05:00:00Z,2025-08-13,2025-08-13_7,0.0,0,0,100,64.3478260869564,64.3478260869564,0.0,0.0,0.0,True,True,True,False,0.0,1102.4406605765248,0.0,0.0,0.0,0.0,1102.4406605765248
2025-08-13T05:00:00Z,2025-08-13T05:15:00Z,2025-08-13,2025-08-13_8,0.0,0,0,100,64.3478260869564,64.3478260869564,0.0,0.0,0.0,True,True,True,False,0.0,1102.4406605765248,0.0,0.0,0.0,0.0,1102.4406605765248
2025-08-13T05:15:00Z,2025-08-13T05:30:00Z,2025-08-13,2025-08-13_8,0.0,0,0,100,64.3478260869564,64.3478260869564,0.0,0.0,0.0,True,True,True,False,0.0,1102.4406605765248,0.0,0.0,0.0,0.0,1102.4406605765248
2025-08-13T05:30:00Z,2025-08-13T05:45:00Z,2025-08-13,2025-08-13_8,0.0,0,0,100,64.3478260869564,64.3478260869564,0.0,0.0,0.0,True,True,True,False,0.0,1102.4406605765248,0.0,0.0,0.0,0.0,1102.4406605765248
2025-08-13T05:45:00Z,2025-08-13T06:00:00Z,2025-08-13,2025-08-13_8,0.0,0,0,100,64.3478260869564,64.3478260869564,0.0,0.0,0.0,True,True,True,False,0.0,1102.4406605765248,0.0,0.0,0.0,0.0,1102.4406605765248
2025-08-13T06:00:00Z,2025-08-13T06:15:00Z,2025-08-13,2025-08-13_9,-72.00000000000001,100,28,0,64.3478260869564,68.07569881739119,0.03279831797101449,13.273499999999999,0.0,True,True,True,False,-606.7800000000001,0.0,66.38320541404416,7.458122052759308,13926.309078191896,0.0,13393.3704056587
2025-08-13T06:15:00Z,2025-08-13T06:30:00Z,2025-08-13,2025-08-13_9,-72.00000000000001,100,28,0,68.07569881739119,79.81255179130424,0.041351523961352665,5.1745,0.19487999999999997,True,True,True,False,-606.7800000000001,0.0,66.38320541404416,7.458122052759308,1158.0219200718193,-7.6189801550815845,617.4642673835411
2025-08-13T06:30:00Z,2025-08-13T06:45:00Z,2025-08-13,2025-08-13_9,-72.00000000000001,100,28,0,79.81255179130424,97.19249109565207,0.04828099082125606,0.002,0.89334,True,True,True,False,-606.7800000000001,0.0,66.38320541404416,7.458122052759308,0.2549178225440483,3.7587505672513464,-528.9250041434012
2025-08-13T06:45:00Z,2025-08-13T07:00:00Z,2025-08-13,2025-08-13_9,-72.00000000000001,100,28,0,97.19249109565207,116.01087029565208,0.05227327555555557,0.0,2.45476,True,True,True,False,-606.7800000000001,0.0,66.38320541404416,7.458122052759308,0.0,122.38298173352011,-410.5556907996765
2025-08-13T07:00:00Z,2025-08-13T07:15:00Z,2025-08-13,2025-08-13_10,9.0,0,9,91,116.01087029565208,113.84372899130425,0.00601983695652174,0.0,0.25623,True,True,True,False,150.615,1003.2210011246376,0.0,4.946333089990727,0.0,21.528972095179842,1180.3113063098083
2025-08-13T07:15:00Z,2025-08-13T07:30:00Z,2025-08-13,2025-08-13_10,9.0,0,9,91,113.84372899130425,111.93641377391295,0.0052980978260869565,0.0,0.49527000000000004,True,True,True,False,150.615,1003.2210011246376,0.0,4.946333089990727,0.0,-3.7845652052956615,1154.9977690093326
2025-08-13T07:30:00Z,2025-08-13T07:45:00Z,2025-08-13,2025-08-13_10,9.0,0,9,91,111.93641377391295,109.57900073043469,0.006548369565217391,0.0,0.08118,True,True,True,False,150.615,1003.2210011246376,0.0,4.946333089990727,0.0,-3.5172821103723146,1155.265052104256
2025-08-13T07:45:00Z,2025-08-13T08:00:00Z,2025-08-13,2025-08-13_10,9.0,0,9,91,109.57900073043469,107.31325073043469,0.006293750000000001,0.0,0.16551,True,True,True,False,150.615,1003.2210011246376,0.0,4.946333089990727,0.0,-6.50567975257976,1152.2766544620486
2025-08-13T08:00:00Z,2025-08-13T08:15:00Z,2025-08-13,2025-08-13_11,-9.0,9,0,91,107.31325073043469,109.23499733043468,0.0053381850000000005,0.161145,0.0,True,True,True,False,-15.0525,1003.2210011246376,5.67349999013476,0.0,18.99745123216858,0.0,1012.8394523469409
2025-08-13T08:15:00Z,2025-08-13T08:30:00Z,2025-08-13,2025-08-13_11,-9.0,9,0,91,109.23499733043468,111.28123373043468,0.00568399,0.02583,0.0,True,True,True,False,-15.0525,1003.2210011246376,5.67349999013476,0.0,2.803010871495373,0.0,996.6450119862677
2025-08-13T08:30:00Z,2025-08-13T08:45:00Z,2025-08-13,2025-08-13_11,-9.0,9,0,91,111.28123373043468,113.32643513043469,0.005681115000000001,0.026955,0.0,True,True,True,False,-15.0525,1003.2210011246376,5.67349999013476,0.0,2.9250932265256595,0.0,996.767094341298
2025-08-13T08:45:00Z,2025-08-13T09:00:00Z,2025-08-13,2025-08-13_11,-9.0,9,0,91,113.32643513043469,115.3796267304347,0.0057033100000000005,0.01827,0.0,True,True,True,False,-15.0525,1003.2210011246376,5.67349999013476,0.0,1.9826174456918497,0.0,995.8246185604643
2025-08-13T09:00:00Z,2025-08-13T09:15:00Z,2025-08-13,2025-08-13_12,-9.0,9,0,91,115.3796267304347,117.44962673043469,0.005750000000000001,0.0,0.0,True,True,True,False,-18.99,1003.2210011246376,5.67349999013476,0.0,0.0,0.0,989.9045011147724
2025-08-13T09:15:00Z,2025-08-13T09:30:00Z,2025-08-13,2025-08-13_12,-9.0,9,0,91,117.44962673043469,119.51349953043469,0.005732980000000001,0.00666,0.0,True,True,True,False,-18.99,1003.2210011246376,5.67349999013476,0.0,0.7227275417792949,0.0,990.6272286565517
2025-08-13T09:30:00Z,2025-08-13T09:45:00Z,2025-08-13,2025-08-13_12,-9.0,9,0,91,119.51349953043469,121.44166313043469,0.0053560100000000005,0.15417,0.0,True,True,True,False,-18.99,1003.2210011246376,5.67349999013476,0.0,18.288687354734332,0.0,1008.1931884695067
2025-08-13T09:45:00Z,2025-08-13T10:00:00Z,2025-08-13,2025-08-13_12,-9.0,9,0,91,121.44166313043469,123.51166313043468,0.00575,0.0,0.0,True,True,True,False,-18.99,1003.2210011246376,5.67349999013476,0.0,0.0,0.0,989.9045011147724
2025-08-13T10:00:00Z,2025-08-13T10:15:00Z,2025-08-13,2025-08-13_13,0.0,100,100,0,123.51166313043468,129.1834631304347,0.015755,0.0,6.165,True,True,True,False,0.0,0.0,63.03888877927511,72.71669001440326,0.0,232.34762642306097,368.10320521673935
2025-08-13T10:15:00Z,2025-08-13T10:30:00Z,2025-08-13,2025-08-13_13,0.0,100,100,0,129.1834631304347,134.91552313043468,0.015922388888888892,0.0,6.2305,True,True,True,False,0.0,0.0,63.03888877927511,72.71669001440326,0.0,214.023692460983,349.77927125466135
2025-08-13T10:30:00Z,2025-08-13T10:45:00Z,2025-08-13,2025-08-13_13,0.0,100,100,0,134.91552313043468,135.94684660869555,0.002931212560386473,0.011,1.134,True,True,True,False,0.0,0.0,63.03888877927511,72.71669001440326,1.1329242546810567,-38.33198784602332,98.5565152023361
2025-08-13T10:45:00Z,2025-08-13T11:00:00Z,2025-08-13,2025-08-13_13,0.0,100,100,0,135.94684660869555,144.16658660869555,0.02283261111111111,0.0,8.9345,True,True,True,False,0.0,0.0,63.03888877927511,72.71669001440326,0.0,3509.1961770218813,3644.95175581556
2025-08-13T11:00:00Z,2025-08-13T11:15:00Z,2025-08-13,2025-08-13_14,0.0,9,9,91,144.16658660869555,144.77587040869554,0.001692455,0.0,0.662265,True,True,True,False,0.0,1003.2210011246376,5.67349999013476,6.544502101296292,0.0,154.2155064064874,1169.6545096225561
2025-08-13T11:15:00Z,2025-08-13T11:30:00Z,2025-08-13,2025-08-13_14,0.0,9,9,91,144.77587040869554,145.25656580869554,0.0013352650000000002,0.0,0.522495,True,True,True,False,0.0,1003.2210011246376,5.67349999013476,6.544502101296292,0.0,26.534226577945272,1041.9732297940138
2025-08-13T11:30:00Z,2025-08-13T11:45:00Z,2025-08-13,2025-08-13_14,0.0,9,9,91,145.25656580869554,145.85276720869555,0.0016561149999999999,0.0,0.648045,True,True,True,False,0.0,1003.2210011246376,5.67349999013476,6.544502101296292,0.0,11.450589335674685,1026.8895925517434
2025-08-13T11:45:00Z,2025-08-13T12:00:00Z,2025-08-13,2025-08-13_14,0.0,9,9,91,145.85276720869555,146.1694249304347,0.0008874852173913042,0.001305,0.34573499999999996,True,True,True,False,0.0,1003.2210011246376,5.67349999013476,6.544502101296292,0.1344060138507981,-2.0394292553716236,1013.5339799745478
2025-08-13T12:00:00Z,2025-08-13T12:15:00Z,2025-08-13,2025-08-13_15,-2.9716769133882597,9,6,91,146.1694249304347,146.844068086393,0.001928795156921411,0.013545,0.00558,True,True,True,False,-30.637988977032958,1003.2210011246376,5.67349999013476,4.363001400864195,1.3950417299686286,-0.2092596334076515,983.8052956351646
2025-08-13T12:15:00Z,2025-08-13T12:30:00Z,2025-08-13,2025-08-13_15,-2.9716769133882597,9,6,91,146.844068086393,147.26813629695795,0.0021948827432631364,0.251415,0.0,True,True,True,False,-30.637988977032958,1003.2210011246376,5.67349999013476,4.363001400864195,28.51947826786102,0.0,1011.1389918064647
2025-08-13T12:30:00Z,2025-08-13T12:45:00Z,2025-08-13,2025-08-13_15,-2.9716769133882597,9,6,91,147.26813629695795,147.72155560810407,0.0021666587828840103,0.22428,0.00147,True,True,True,False,-30.637988977032958,1003.2210011246376,5.67349999013476,4.363001400864195,27.50811922735434,-0.05513101829015646,1010.0725017476678
2025-08-13T12:45:00Z,2025-08-13T13:00:00Z,2025-08-13,2025-08-13_15,-2.9716769133882597,9,6,91,147.72155560810407,148.0435191046092,0.002311508612042072,0.35037,0.0,True,True,True,False,-30.637988977032958,1003.2210011246376,5.67349999013476,4.363001400864195,42.974539958171384,0.0,1025.594053496775
2025-08-13T13:00:00Z,2025-08-13T13:15:00Z,2025-08-13,2025-08-13_16,-0.8627231789890004,9,8,91,148.0435191046092,148.13999999999982,0.0007896038969488017,0.09553500000000001,0.0004,True,True,True,False,-15.291768347580033,1003.2210011246376,5.67349999013476,5.81733520115226,10.035991051240062,-0.015010950417299686,1009.4410480691673
2025-08-13T13:15:00Z,2025-08-13T13:30:00Z,2025-08-13,2025-08-13_16,-0.8627231789890004,9,8,91,148.13999999999982,147.7188589593599,0.0019887637400980134,0.57852,0.0,True,True,True,False,-15.291768347580033,1003.2210011246376,5.67349999013476,5.81733520115226,76.62801767061934,0.0,1076.048085638964
2025-08-13T13:30:00Z,2025-08-13T13:45:00Z,2025-08-13,2025-08-13_16,-0.8627231789890004,9,8,91,147.7188589593599,147.72523675469566,0.0009967936383641096,0.17932499999999998,0.0,True,True,True,False,-15.291768347580033,1003.2210011246376,5.67349999013476,5.81733520115226,19.707528431624016,0.0,1019.1275963999686
2025-08-13T13:45:00Z,2025-08-13T14:00:00Z,2025-08-13,2025-08-13_16,-0.8627231789890004,9,8,91,147.72523675469566,147.67999999999986,0.0011165546550428393,0.22752,0.0,True,True,True,False,-15.291768347580033,1003.2210011246376,5.67349999013476,5.81733520115226,29.021403089793424,0.0,1028.441471058138
2025-08-13T14:00:00Z,2025-08-13T14:15:00Z,2025-08-13,2025-08-13_17,0.0,0,0,91,147.67999999999986,147.67999999999986,0.0,0.0,0.0,True,False,True,False,0.0,1003.2210011246376,0.0,0.0,0.0,0.0,1003.2210011246376
2025-08-13T14:15:00Z,2025-08-13T14:30:00Z,2025-08-13,2025-08-13_17,0.0,0,0,91,147.67999999999986,147.67999999999986,0.0,0.0,0.0,True,False,True,False,0.0,1003.2210011246376,0.0,0.0,0.0,0.0,1003.2210011246376
2025-08-13T14:30:00Z,2025-08-13T14:45:00Z,2025-08-13,2025-08-13_17,0.0,0,0,91,147.67999999999986,147.67999999999986,0.0,0.0,0.0,True,False,True,False,0.0,1003.2210011246376,0.0,0.0,0.0,0.0,1003.2210011246376
2025-08-13T14:45:00Z,2025-08-13T15:00:00Z,2025-08-13,2025-08-13_17,0.0,0,0,91,147.67999999999986,147.67999999999986,0.0,0.0,0.0,True,False,True,False,0.0,1003.2210011246376,0.0,0.0,0.0,0.0,1003.2210011246376
2025-08-13T15:00:00Z,2025-08-13T15:15:00Z,2025-08-13,2025-08-13_18,0.0,0,0,92,147.67999999999986,147.67999999999986,0.0,0.0,0.0,True,False,True,False,0.0,1014.2454077304028,0.0,0.0,0.0,0.0,1014.2454077304028
2025-08-13T15:15:00Z,2025-08-13T15:30:00Z,2025-08-13,2025-08-13_18,0.0,0,0,92,147.67999999999986,147.67999999999986,0.0,0.0,0.0,True,False,True,False,0.0,1014.2454077304028,0.0,0.0,0.0,0.0,1014.2454077304028
2025-08-13T15:30:00Z,2025-08-13T15:45:00Z,2025-08-13,2025-08-13_18,0.0,0,0,92,147.67999999999986,147.67999999999986,0.0,0.0,0.0,True,False,True,False,0.0,1014.2454077304028,0.0,0.0,0.0,0.0,1014.2454077304028
2025-08-13T15:45:00Z,2025-08-13T16:00:00Z,2025-08-13,2025-08-13_18,0.0,0,0,92,147.67999999999986,147.67999999999986,0.0,0.0,0.0,True,False,True,False,0.0,1014.2454077304028,0.0,0.0,0.0,0.0,1014.2454077304028
2025-08-13T16:00:00Z,2025-08-13T16:15:00Z,2025-08-13,2025-08-13_19,0.0,100,100,0,147.67999999999986,160.10642521739118,0.038228596618357494,0.6145,14.233,True,True,True,False,0.0,0.0,104.20653868160922,26.6361501884261,84.86872679202101,11278.900593887498,11494.612009549553
2025-08-13T16:15:00Z,2025-08-13T16:30:00Z,2025-08-13,2025-08-13_19,0.0,100,100,0,160.10642521739118,152.64714521739117,0.020738111111111106,6.865499999999999,0.0035000000000000005,True,True,True,False,0.0,0.0,104.20653868160922,26.6361501884261,5717.069264546298,-0.25254996744470537,5847.659403448888
2025-08-13T16:30:00Z,2025-08-13T16:45:00Z,2025-08-13,2025-08-13_19,0.0,100,100,0,152.64714521739117,137.38790608695638,0.042386775362318836,14.0385,0.0,True,True,True,False,0.0,0.0,104.20653868160922,26.6361501884261,12544.13916510467,0.0,12674.981853974707
2025-08-13T16:45:00Z,2025-08-13T17:00:00Z,2025-08-13,2025-08-13_19,0.0,100,100,0,137.38790608695638,115.15964521739116,0.0617451690821256,20.45,0.0,True,True,True,False,0.0,0.0,104.20653868160922,26.6361501884261,25115.600339364286,0.0,25246.44302823432
2025-08-13T17:00:00Z,2025-08-13T17:15:00Z,2025-08-13,2025-08-13_20,33.0,0,33,67,115.15964521739116,106.19225391304334,0.024909420289855072,0.0,0.0,True,True,True,False,2054.4975,738.6352425862716,0.0,8.789929562180614,0.0,0.0,2801.922672148452
2025-08-13T17:15:00Z,2025-08-13T17:30:00Z,2025-08-13,2025-08-13_20,33.0,0,33,67,106.19225391304334,97.22611804347812,0.024905932971014493,0.0,0.0011550000000000002,True,True,True,False,2054.4975,738.6352425862716,0.0,8.789929562180614,0.0,-0.09115482508928045,2801.8315173233627
2025-08-13T17:30:00Z,2025-08-13T17:45:00Z,2025-08-13,2025-08-13_20,33.0,0,33,67,97.22611804347812,88.35162891304334,0.024651358695652173,0.0,0.08547,True,True,True,False,2054.4975,738.6352425862716,0.0,8.789929562180614,0.0,-6.422113572598308,2795.500558575854
2025-08-13T17:45:00Z,2025-08-13T18:00:00Z,2025-08-13,2025-08-13_20,33.0,0,33,67,88.35162891304334,79.38423760869551,0.024909420289855076,0.0,0.0,True,True,True,False,2054.4975,738.6352425862716,0.0,8.789929562180614,0.0,0.0,2801.922672148452
2025-08-13T18:00:00Z,2025-08-13T18:15:00Z,2025-08-13,2025-08-13_21,27.833498600000038,0,0,72,79.38423760869551,71.82078690217377,0.021009585295893748,0.0,0.0,True,False,True,False,1655.4669129815022,793.7572756150978,0.0,0.0,0.0,0.0,2449.2241885966
2025-08-13T18:15:00Z,2025-08-13T18:30:00Z,2025-08-13,2025-08-13_21,27.833498600000038,0,0,72,71.82078690217377,64.25733619565202,0.021009585295893748,0.0,0.0,True,False,True,False,1655.4669129815022,793.7572756150978,0.0,0.0,0.0,0.0,2449.2241885966
2025-08-13T18:30:00Z,2025-08-13T18:45:00Z,2025-08-13,2025-08-13_21,27.833498600000038,0,0,72,64.25733619565202,56.69388548913027,0.021009585295893748,0.0,0.0,True,False,True,False,1655.4669129815022,793.7572756150978,0.0,0.0,0.0,0.0,2449.2241885966
2025-08-13T18:45:00Z,2025-08-13T19:00:00Z,2025-08-13,2025-08-13_21,27.833498600000038,0,0,72,56.69388548913027,49.13043478260852,0.021009585295893748,0.0,0.0,True,False,True,False,1655.4669129815022,793.7572756150978,0.0,0.0,0.0,0.0,2449.2241885966
2025-08-13T19:00:00Z,2025-08-13T19:15:00Z,2025-08-13,2025-08-13_22,0.0,0,0,72,49.13043478260852,49.13043478260852,0.0,0.0,0.0,True,False,True,False,0.0,793.7572756150978,0.0,0.0,0.0,0.0,793.7572756150978
2025-08-13T19:15:00Z,2025-08-13T19:30:00Z,2025-08-13,2025-08-13_22,0.0,0,0,72,49.13043478260852,49.13043478260852,0.0,0.0,0.0,True,False,True,False,0.0,793.7572756150978,0.0,0.0,0.0,0.0,793.7572756150978
2025-08-13T19:30:00Z,2025-08-13T19:45:00Z,2025-08-13,2025-08-13_22,0.0,0,0,72,49.13043478260852,49.13043478260852,0.0,0.0,0.0,True,False,True,False,0.0,793.7572756150978,0.0,0.0,0.0,0.0,793.7572756150978
2025-08-13T19:45:00Z,2025-08-13T20:00:00Z,2025-08-13,2025-08-13_22,0.0,0,0,72,49.13043478260852,49.13043478260852,0.0,0.0,0.0,True,False,True,False,0.0,793.7572756150978,0.0,0.0,0.0,0.0,793.7572756150978
2025-08-13T20:00:00Z,2025-08-13T20:15:00Z,2025-08-13,2025-08-13_23,100.0,0,100,0,49.13043478260852,32.329347826086774,0.04666968599033817,0.0,9.543,True,True,True,False,3080.25,0.0,0.0,26.6361501884261,0.0,3201.67527612809,6308.561426316516
2025-08-13T20:15:00Z,2025-08-13T20:30:00Z,2025-08-13,2025-08-13_23,100.0,0,100,0,32.329347826086774,21.376086956521558,0.030425724637681156,0.0,14.923,True,True,True,False,3080.25,0.0,0.0,26.6361501884261,0.0,7875.641736874297,10982.527887062723
2025-08-13T20:30:00Z,2025-08-13T20:45:00Z,2025-08-13,2025-08-13_23,100.0,0,100,0,21.376086956521558,19.932065217391123,0.004011171497584538,0.0,23.6715,True,True,True,False,3080.25,0.0,0.0,26.6361501884261,0.0,10205.474276976503,13312.36042716493
2025-08-13T20:45:00Z,2025-08-13T21:00:00Z,2025-08-13,2025-08-13_23,100.0,0,100,0,19.932065217391123,10.221195652173732,0.026974637681159423,0.0,16.066,True,True,True,False,3080.25,0.0,0.0,26.6361501884261,0.0,1122.112609750804,4228.99875993923
2025-08-13T21:00:00Z,2025-08-13T21:15:00Z,2025-08-14,2025-08-13_24,0.0,100,100,0,10.221195652173732,14.657435652173731,0.01232288888888889,0.0,4.822,True,True,True,False,0.0,0.0,68.0188809669583,56.16890170442202,0.0,-74.96561017518219,49.222172496198134
2025-08-13T21:15:00Z,2025-08-13T21:30:00Z,2025-08-14,2025-08-13_24,0.0,100,100,0,14.657435652173731,19.33977565217373,0.0130065,0.0,5.0895,True,True,True,False,0.0,0.0,68.0188809669583,56.16890170442202,0.0,-202.73967412557028,-78.55189145418996
2025-08-13T21:30:00Z,2025-08-13T21:45:00Z,2025-08-14,2025-08-13_24,0.0,100,100,0,19.33977565217373,21.64621565217373,0.006406777777777779,0.0,2.507,True,True,True,False,0.0,0.0,68.0188809669583,56.16890170442202,0.0,-137.7495814982324,-13.561798826852076
2025-08-13T21:45:00Z,2025-08-13T22:00:00Z,2025-08-14,2025-08-13_24,0.0,100,100,0,21.64621565217373,22.99631565217373,0.003750277777777778,0.0,1.4675,True,True,True,False,0.0,0.0,68.0188809669583,56.16890170442202,0.0,-75.00326911302906,49.18451355835126
2025-08-13T22:00:00Z,2025-08-13T22:15:00Z,2025-08-14,2025-08-14_1,-80.84010189551327,100,19,0,22.99631565217373,36.42429711348359,0.04362988826992152,5.471,0.046835,True,True,True,False,-1982.603498987463,0.0,68.0188809669583,10.672091323840183,756.025142891,-2.4244718227243105,-1150.3118556283887
2025-08-13T22:15:00Z,2025-08-13T22:30:00Z,2025-08-14,2025-08-14_1,-80.84010189551327,100,19,0,36.42429711348359,46.28873616424949,0.038009740462274774,9.169,0.0,True,True,True,False,-1982.603498987463,0.0,68.0188809669583,10.672091323840183,1267.6120316789447,0.0,-636.3004950177196
2025-08-13T22:30:00Z,2025-08-13T22:45:00Z,2025-08-14,2025-08-14_1,-80.84010189551327,100,19,0,46.28873616424949,51.51413428262472,0.030761570207032796,14.041999999999998,0.0,True,True,True,False,-1982.603498987463,0.0,68.0188809669583,10.672091323840183,9030.908754369679,0.0,7126.996227673014
2025-08-13T22:45:00Z,2025-08-13T23:00:00Z,2025-08-14,2025-08-14_1,-80.84010189551327,100,19,0,51.51413428262472,64.34782608695649,0.04264898590165498,6.05,0.0,True,True,True,False,-1982.603498987463,0.0,68.0188809669583,10.672091323840183,835.9641538127308,0.0,-1067.9483728839336
2025-08-13T23:00:00Z,2025-08-13T23:15:00Z,2025-08-14,2025-08-14_2,0.0,0,0,100,64.34782608695649,64.34782608695649,0.0,0.0,0.0,True,True,True,False,0.0,1103.529318823692,0.0,0.0,0.0,0.0,1103.529318823692
2025-08-13T23:15:00Z,2025-08-13T23:30:00Z,2025-08-14,2025-08-14_2,0.0,0,0,100,64.34782608695649,64.34782608695649,0.0,0.0,0.0,True,True,True,False,0.0,1103.529318823692,0.0,0.0,0.0,0.0,1103.529318823692
2025-08-13T23:30:00Z,2025-08-13T23:45:00Z,2025-08-14,2025-08-14_2,0.0,0,0,100,64.34782608695649,64.34782608695649,0.0,0.0,0.0,True,True,True,False,0.0,1103.529318823692,0.0,0.0,0.0,0.0,1103.529318823692
2025-08-13T23:45:00Z,2025-08-14T00:00:00Z,2025-08-14,2025-08-14_2,0.0,0,0,100,64.34782608695649,64.34782608695649,0.0,0.0,0.0,True,True,True,False,0.0,1103.529318823692,0.0,0.0,0.0,0.0,1103.529318823692
2025-08-14T00:00:00Z,2025-08-14T00:15:00Z,2025-08-14,2025-08-14_3,0.0,0,0,100,64.34782608695649,64.34782608695649,0.0,0.0,0.0,True,True,True,False,0.0,1103.529318823692,0.0,0.0,0.0,0.0,1103.529318823692
2025-08-14T00:15:00Z,2025-08-14T00:30:00Z,2025-08-14,2025-08-14_3,0.0,0,0,100,64.34782608695649,64.34782608695649,0.0,0.0,0.0,True,True,True,False,0.0,1103.529318823692,0.0,0.0,0.0,0.0,1103.529318823692
2025-08-14T00:30:00Z,2025-08-14T00:45:00Z,2025-08-14,2025-08-14_3,0.0,0,0,100,64.34782608695649,64.34782608695649,0.0,0.0,0.0,True,True,True,False,0.0,1103.529318823692,0.0,0.0,0.0,0.0,1103.529318823692
2025-08-14T00:45:00Z,2025-08-14T01:00:00Z,2025-08-14,2025-08-14_3,0.0,0,0,100,64.34782608695649,64.34782608695649,0.0,0.0,0.0,True,True,True,False,0.0,1103.529318823692,0.0,0.0,0.0,0.0,1103.529318823692
2025-08-14T01:00:00Z,2025-08-14T01:15:00Z,2025-08-14,2025-08-14_4,0.0,0,0,100,64.34782608695649,64.34782608695649,0.0,0.0,0.0,True,True,True,False,0.0,1103.529318823692,0.0,0.0,0.0,0.0,1103.529318823692
2025-08-14T01:15:00Z,2025-08-14T01:30:00Z,2025-08-14,2025-08-14_4,0.0,0,0,100,64.34782608695649,64.34782608695649,0.0,0.0,0.0,True,True,True,False,0.0,1103.529318823692,0.0,0.0,0.0,0.0,1103.529318823692
2025-08-14T01:30:00Z,2025-08-14T01:45:00Z,2025-08-14,2025-08-14_4,0.0,0,0,100,64.34782608695649,64.34782608695649,0.0,0.0,0.0,True,True,True,False,0.0,1103.529318823692,0.0,0.0,0.0,0.0,1103.529318823692
2025-08-14T01:45:00Z,2025-08-14T02:00:00Z,2025-08-14,2025-08-14_4,0.0,0,0,100,64.34782608695649,64.34782608695649,0.0,0.0,0.0,True,True,True,False,0.0,1103.529318823692,0.0,0.0,0.0,0.0,1103.529318823692
2025-08-14T02:00:00Z,2025-08-14T02:15:00Z,2025-08-14,2025-08-14_5,0.0,0,0,100,64.34782608695649,64.34782608695649,0.0,0.0,0.0,True,True,True,False,0.0,1103.529318823692,0.0,0.0,0.0,0.0,1103.529318823692
2025-08-14T02:15:00Z,2025-08-14T02:30:00Z,2025-08-14,2025-08-14_5,0.0,0,0,100,64.34782608695649,64.34782608695649,0.0,0.0,0.0,True,True,True,False,0.0,1103.529318823692,0.0,0.0,0.0,0.0,1103.529318823692
2025-08-14T02:30:00Z,2025-08-14T02:45:00Z,2025-08-14,2025-08-14_5,0.0,0,0,100,64.34782608695649,64.34782608695649,0.0,0.0,0.0,True,True,True,False,0.0,1103.529318823692,0.0,0.0,0.0,0.0,1103.529318823692
2025-08-14T02:45:00Z,2025-08-14T03:00:00Z,2025-08-14,2025-08-14_5,0.0,0,0,100,64.34782608695649,64.34782608695649,0.0,0.0,0.0,True,True,True,False,0.0,1103.529318823692,0.0,0.0,0.0,0.0,1103.529318823692
2025-08-14T03:00:00Z,2025-08-14T03:15:00Z,2025-08-14,2025-08-14_6,0.0,0,0,100,64.34782608695649,64.34782608695649,0.0,0.0,0.0,True,True,True,False,0.0,1103.529318823692,0.0,0.0,0.0,0.0,1103.529318823692
2025-08-14T03:15:00Z,2025-08-14T03:30:00Z,2025-08-14,2025-08-14_6,0.0,0,0,100,64.34782608695649,64.34782608695649,0.0,0.0,0.0,True,True,True,False,0.0,1103.529318823692,0.0,0.0,0.0,0.0,1103.529318823692
2025-08-14T03:30:00Z,2025-08-14T03:45:00Z,2025-08-14,2025-08-14_6,0.0,0,0,100,64.34782608695649,64.34782608695649,0.0,0.0,0.0,True,True,True,False,0.0,1103.529318823692,0.0,0.0,0.0,0.0,1103.529318823692
2025-08-14T03:45:00Z,2025-08-14T04:00:00Z,2025-08-14,2025-08-14_6,0.0,0,0,100,64.34782608695649,64.34782608695649,0.0,0.0,0.0,True,True,True,False,0.0,1103.529318823692,0.0,0.0,0.0,0.0,1103.529318823692
2025-08-14T04:00:00Z,2025-08-14T04:15:00Z,2025-08-14,2025-08-14_7,0.0,0,0,100,64.34782608695649,64.34782608695649,0.0,0.0,0.0,True,True,True,False,0.0,1103.529318823692,0.0,0.0,0.0,0.0,1103.529318823692
2025-08-14T04:15:00Z,2025-08-14T04:30:00Z,2025-08-14,2025-08-14_7,0.0,0,0,100,64.34782608695649,64.34782608695649,0.0,0.0,0.0,True,True,True,False,0.0,1103.529318823692,0.0,0.0,0.0,0.0,1103.529318823692
2025-08-14T04:30:00Z,2025-08-14T04:45:00Z,2025-08-14,2025-08-14_7,0.0,0,0,100,64.34782608695649,64.34782608695649,0.0,0.0,0.0,True,True,True,False,0.0,1103.529318823692,0.0,0.0,0.0,0.0,1103.529318823692
2025-08-14T04:45:00Z,2025-08-14T05:00:00Z,2025-08-14,2025-08-14_7,0.0,0,0,100,64.34782608695649,64.34782608695649,0.0,0.0,0.0,True,True,True,False,0.0,1103.529318823692,0.0,0.0,0.0,0.0,1103.529318823692
2025-08-14T05:00:00Z,2025-08-14T05:15:00Z,2025-08-14,2025-08-14_8,-13.272120627088318,100,86,0,64.34782608695649,55.32294420872461,0.03433372013216089,11.3425,0.0,True,True,True,False,-286.31282222786274,0.0,106.14618924416882,48.30525546580294,9768.620318270692,0.0,9636.758940752801
2025-08-14T05:15:00Z,2025-08-14T05:30:00Z,2025-08-14,2025-08-14_8,-13.272120627088318,100,86,0,55.32294420872461,56.15608283515506,0.013236435341063297,2.0855,0.0012900000000000001,True,True,True,False,-286.31282222786274,0.0,106.14618924416882,48.30525546580294,286.0825082456106,-0.10700531274070271,154.11412541497893
2025-08-14T05:30:00Z,2025-08-14T05:45:00Z,2025-08-14,2025-08-14_8,-13.272120627088318,100,86,0,56.15608283515506,59.41218234272616,0.009442747353901684,0.076,0.30916999999999994,True,True,True,False,-286.31282222786274,0.0,106.14618924416882,48.30525546580294,10.441117848043765,-17.566202498370625,-138.98646216821783
2025-08-14T05:45:00Z,2025-08-14T06:00:00Z,2025-08-14,2025-08-14_8,-13.272120627088318,100,86,0,59.41218234272616,64.34782608695647,0.01371012151175087,0.0,2.0467999999999997,True,True,True,False,-286.31282222786274,0.0,106.14618924416882,48.30525546580294,0.0,-87.88914652499356,-219.75052404288454
2025-08-14T06:00:00Z,2025-08-14T06:15:00Z,2025-08-14,2025-08-14_9,0.0,0,0,100,64.34782608695647,64.34782608695647,0.0,0.0,0.0,True,False,True,False,0.0,1103.529318823692,0.0,0.0,0.0,0.0,1103.529318823692
2025-08-14T06:15:00Z,2025-08-14T06:30:00Z,2025-08-14,2025-08-14_9,0.0,0,0,100,64.34782608695647,64.34782608695647,0.0,0.0,0.0,True,False,True,False,0.0,1103.529318823692,0.0,0.0,0.0,0.0,1103.529318823692
2025-08-14T06:30:00Z,2025-08-14T06:45:00Z,2025-08-14,2025-08-14_9,0.0,0,0,100,64.34782608695647,64.34782608695647,0.0,0.0,0.0,True,False,True,False,0.0,1103.529318823692,0.0,0.0,0.0,0.0,1103.529318823692
2025-08-14T06:45:00Z,2025-08-14T07:00:00Z,2025-08-14,2025-08-14_9,0.0,0,0,100,64.34782608695647,64.34782608695647,0.0,0.0,0.0,True,False,True,False,0.0,1103.529318823692,0.0,0.0,0.0,0.0,1103.529318823692
2025-08-14T07:00:00Z,2025-08-14T07:15:00Z,2025-08-14,2025-08-14_10,40.124887504513445,59,100,0,64.34782608695647,63.93011766969353,0.03367275335572402,0.0,10.624,True,True,True,False,543.4916012486347,0.0,34.922481385657576,88.69709478008414,0.0,3087.84641162878,3754.9575890431565
2025-08-14T07:15:00Z,2025-08-14T07:30:00Z,2025-08-14,2025-08-14_10,40.124887504513445,59,100,0,63.93011766969353,67.21658691276495,0.034868615044790566,0.0,14.377,True,True,True,False,543.4916012486347,0.0,34.922481385657576,88.69709478008414,0.0,2832.5753769280905,3499.686554342467
2025-08-14T07:30:00Z,2025-08-14T07:45:00Z,2025-08-14,2025-08-14_10,40.124887504513445,59,100,0,67.21658691276495,63.65728577158933,0.03265851734285464,0.0,7.441000000000001,True,True,True,False,543.4916012486347,0.0,34.922481385657576,88.69709478008414,0.0,87.98758754172182,755.0987649560982
2025-08-14T07:45:00Z,2025-08-14T08:00:00Z,2025-08-14,2025-08-14_10,40.124887504513445,59,100,0,63.65728577158933,61.034639199999994,0.03296090816164604,0.0,8.39,True,True,True,False,543.4916012486347,0.0,34.922481385657576,88.69709478008414,0.0,-40.28883534453815,626.8223420698382
2025-08-14T08:00:00Z,2025-08-14T08:15:00Z,2025-08-14,2025-08-14_11,-9.0,9,0,91,61.034639199999994,62.86741719999999,0.005091050000000001,0.25785,0.0,True,True,True,False,-28.755,1004.2116801295597,5.327158177473189,0.0,31.622565520510346,0.0,1012.4064038275433
2025-08-14T08:15:00Z,2025-08-14T08:30:00Z,2025-08-14,2025-08-14_11,-9.0,9,0,91,62.86741719999999,64.78278819999998,0.005320475000000001,0.168075,0.0,True,True,True,False,-28.755,1004.2116801295597,5.327158177473189,0.0,19.34354604210693,0.0,1000.1273843491398
2025-08-14T08:30:00Z,2025-08-14T08:45:00Z,2025-08-14,2025-08-14_11,-9.0,9,0,91,64.78278819999998,66.81602499999998,0.005647879999999999,0.03996,0.0,True,True,True,False,-28.755,1004.2116801295597,5.327158177473189,0.0,4.164993241561827,0.0,984.9488315485947
2025-08-14T08:45:00Z,2025-08-14T09:00:00Z,2025-08-14,2025-08-14_11,-9.0,9,0,91,66.81602499999998,68.87397759999998,0.005716535,0.013094999999999999,0.0,True,True,True,False,-28.755,1004.2116801295597,5.327158177473189,0.0,1.3313280173009696,0.0,982.1151663243338
2025-08-14T09:00:00Z,2025-08-14T09:15:00Z,2025-08-14,2025-08-14_12,-100.0,100,0,0,68.87397759999998,87.98927759999998,0.05309805555555556,4.2225,0.0,True,True,True,False,-319.5,0.0,59.19064641636878,0.0,528.2098735014714,0.0,267.9005199178402
2025-08-14T09:15:00Z,2025-08-14T09:30:00Z,2025-08-14,2025-08-14_12,-100.0,100,0,0,87.98927759999998,102.32103759999998,0.03981044444444444,9.422,0.0,True,True,True,False,-319.5,0.0,59.19064641636878,0.0,1535.1218655817354,0.0,1274.8125119981041
2025-08-14T09:30:00Z,2025-08-14T09:45:00Z,2025-08-14,2025-08-14_12,-100.0,100,0,0,102.32103759999998,112.79339759999998,0.02908988888888889,13.617,0.0,True,True,True,False,-319.5,0.0,59.19064641636878,0.0,2238.4962445440724,0.0,1978.1868909604411
2025-08-14T09:45:00Z,2025-08-14T10:00:00Z,2025-08-14,2025-08-14_12,-100.0,100,0,0,112.79339759999998,131.9229576,0.05313766666666667,4.207,0.0,True,True,True,False,-319.5,0.0,59.19064641636878,0.0,517.9421632137144,0.0,257.63280963008316
2025-08-14T10:00:00Z,2025-08-14T10:15:00Z,2025-08-14,2025-08-14_13,-9.0,9,0,91,131.9229576,133.98082739999998,0.005716305000000001,0.013184999999999999,0.0,True,True,True,False,-28.935,1004.2116801295597,5.327158177473189,0.0,1.3415977722038985,0.0,981.9454360792367
2025-08-14T10:15:00Z,2025-08-14T10:30:00Z,2025-08-14,2025-08-14_13,-9.0,9,0,91,133.98082739999998,136.0508274,0.005750000000000001,0.0,0.0,True,True,True,False,-28.935,1004.2116801295597,5.327158177473189,0.0,0.0,0.0,980.6038383070329
2025-08-14T10:30:00Z,2025-08-14T10:45:00Z,2025-08-14,2025-08-14_13,-9.0,9,0,91,136.0508274,138.12082740000002,0.00575,0.0,0.0,True,True,True,False,-28.935,1004.2116801295597,5.327158177473189,0.0,0.0,0.0,980.6038383070329
2025-08-14T10:45:00Z,2025-08-14T11:00:00Z,2025-08-14,2025-08-14_13,-9.0,9,0,91,138.12082740000002,140.19082740000002,0.00575,0.0,0.0,True,True,True,False,-28.935,1004.2116801295597,5.327158177473189,0.0,0.0,0.0,980.6038383070329
2025-08-14T11:00:00Z,2025-08-14T11:15:00Z,2025-08-14,2025-08-14_14,-9.0,9,0,91,140.19082740000002,142.26082740000004,0.005750000000000001,0.0,0.0,True,True,True,False,-35.9775,1004.2116801295597,5.327158177473189,0.0,0.0,0.0,973.5613383070329
2025-08-14T11:15:00Z,2025-08-14T11:30:00Z,2025-08-14,2025-08-14_14,-9.0,9,0,91,142.26082740000004,144.33082740000003,0.00575,0.0,0.0,True,True,True,False,-35.9775,1004.2116801295597,5.327158177473189,0.0,0.0,0.0,973.5613383070329
2025-08-14T11:30:00Z,2025-08-14T11:45:00Z,2025-08-14,2025-08-14_14,-9.0,9,0,91,144.33082740000003,146.39863320000003,0.0057439050000000005,0.002385,0.0,True,True,True,False,-35.9775,1004.2116801295597,5.327158177473189,0.0,0.2303369344103648,0.0,973.7916752414433
2025-08-14T11:45:00Z,2025-08-14T12:00:00Z,2025-08-14,2025-08-14_14,-9.0,9,0,91,146.39863320000003,148.14000000000004,0.00483713,0.35720999999999997,0.0,True,True,True,False,-35.9775,1004.2116801295597,5.327158177473189,0.0,38.6515287440997,0.0,1012.2128670511325
2025-08-14T12:00:00Z,2025-08-14T12:15:00Z,2025-08-14,2025-08-14_15,-0.5466593792282095,9,8,91,148.14000000000004,148.03154041773436,0.000932267924267765,0.217485,0.0,True,True,True,False,-7.502899979907175,1004.2116801295597,5.327158177473189,13.949795587857722,22.26737480496909,0.0,1038.2531087199525
2025-08-14T12:15:00Z,2025-08-14T12:30:00Z,2025-08-14,2025-08-14_15,-0.5466593792282095,9,8,91,148.03154041773436,148.09983122978628,0.0004941905214177856,0.053685000000000004,0.0004,True,True,True,False,-7.502899979907175,1004.2116801295597,5.327158177473189,13.949795587857722,5.0363152489483145,-0.01504947366342109,1021.0069996902683
2025-08-14T12:30:00Z,2025-08-14T12:45:00Z,2025-08-14,2025-08-14_15,-0.5466593792282095,9,8,91,148.09983122978628,148.07222189198086,0.0007362267753339769,0.143325,0.00108,True,True,True,False,-7.502899979907175,1004.2116801295597,5.327158177473189,13.949795587857722,15.068727346789645,-0.04059006576738491,1031.0138711960058
2025-08-14T12:45:00Z,2025-08-14T13:00:00Z,2025-08-14,2025-08-14_15,-0.5466593792282095,9,8,91,148.07222189198086,147.86282699999992,0.0011835438910329835,0.31122,0.0,True,True,True,False,-7.502899979907175,1004.2116801295597,5.327158177473189,13.949795587857722,38.52525339205656,0.0,1054.51098730704
2025-08-14T13:00:00Z,2025-08-14T13:15:00Z,2025-08-14,2025-08-14_16,9.414691248821327e-14,9,9,91,147.86282699999992,148.13388586956512,0.0007869086956522277,0.005625,0.30127500000000007,True,True,True,False,1.634155033514162e-12,1004.2116801295597,5.327158177473189,15.693520036339935,0.5310271957024075,-3.201786927497878,1022.5615986115789
2025-08-14T13:15:00Z,2025-08-14T13:30:00Z,2025-08-14,2025-08-14_16,9.414691248821327e-14,9,9,91,148.13388586956512,147.6471521739129,0.0013520380434783321,0.447795,0.0,True,True,True,False,1.634155033514162e-12,1004.2116801295597,5.327158177473189,15.693520036339935,55.318995139533506,0.0,1080.5513534829079
2025-08-14T13:30:00Z,2025-08-14T13:45:00Z,2025-08-14,2025-08-14_16,9.414691248821327e-14,9,9,91,147.6471521739129,147.52625799130416,0.0003367371739131145,0.111375,0.00018,True,True,True,False,1.634155033514162e-12,1004.2116801295597,5.327158177473189,15.693520036339935,11.519491635889638,-0.006763375664092588,1036.7450866036
2025-08-14T13:45:00Z,2025-08-14T14:00:00Z,2025-08-14,2025-08-14_16,9.414691248821327e-14,9,9,91,147.52625799130416,146.89875255652152,0.001743070652173984,0.5773050000000001,0.0,True,True,True,False,1.634155033514162e-12,1004.2116801295597,5.327158177473189,15.693520036339935,77.9755680593684,0.0,1103.207926402743
2025-08-14T14:00:00Z,2025-08-14T14:15:00Z,2025-08-14,2025-08-14_17,-1.1270808965337749,0,0,91,146.89875255652152,147.1579811627243,0.0007200794616743562,0.0,0.0,True,False,True,False,-22.257030004300717,1004.2116801295597,0.0,0.0,0.0,0.0,981.9546501252589
2025-08-14T14:15:00Z,2025-08-14T14:30:00Z,2025-08-14,2025-08-14_17,-1.1270808965337749,0,0,91,147.1579811627243,147.41720976892708,0.0007200794616743562,0.0,0.0,True,False,True,False,-22.257030004300717,1004.2116801295597,0.0,0.0,0.0,0.0,981.9546501252589
2025-08-14T14:30:00Z,2025-08-14T14:45:00Z,2025-08-14,2025-08-14_17,-1.1270808965337749,0,0,91,147.41720976892708,147.67643837512986,0.0007200794616743562,0.0,0.0,True,False,True,False,-22.257030004300717,1004.2116801295597,0.0,0.0,0.0,0.0,981.9546501252589
2025-08-14T14:45:00Z,2025-08-14T15:00:00Z,2025-08-14,2025-08-14_17,-1.1270808965337749,0,0,91,147.67643837512986,147.93566698133264,0.0007200794616743562,0.0,0.0,True,False,True,False,-22.257030004300717,1004.2116801295597,0.0,0.0,0.0,0.0,981.9546501252589
2025-08-14T15:00:00Z,2025-08-14T15:15:00Z,2025-08-14,2025-08-14_18,-68.95326051213623,100,31,0,147.93566698133264,161.3515374337691,0.042092987416883026,2.5745,0.063705,True,True,True,False,-1753.3090316723437,0.0,62.95301483222405,17.412359528370825,1279.0057831848794,-3.398170371101851,-397.3360444979713
2025-08-14T15:15:00Z,2025-08-14T15:30:00Z,2025-08-14,2025-08-14_18,-68.95326051213623,100,31,0,161.3515374337691,177.00155658892075,0.043925977783396054,0.242,0.02821,True,True,True,False,-1753.3090316723437,0.0,62.95301483222405,17.412359528370825,22.702585270475776,-1.541150860110995,-1651.782222901384
2025-08-14T15:30:00Z,2025-08-14T15:45:00Z,2025-08-14,2025-08-14_18,-68.95326051213623,100,31,0,177.00155658892075,189.99999999999952,0.04163558162194045,2.949,0.00558,True,True,True,False,-1753.3090316723437,0.0,62.95301483222405,17.412359528370825,446.8212880927458,-0.35485947899591175,-1226.477228697999
2025-08-14T15:45:00Z,2025-08-14T16:00:00Z,2025-08-14,2025-08-14_18,-68.95326051213623,100,31,0,189.99999999999952,182.85252454774684,0.024529052926468592,23.6735,0.0,True,True,True,False,-1753.3090316723437,0.0,62.95301483222405,17.412359528370825,30603.804562143265,0.0,28930.860904831516
2025-08-14T16:00:00Z,2025-08-14T16:15:00Z,2025-08-14,2025-08-14_19,-27.000000000081375,100,73,0,182.85252454774684,187.05159461733106,0.020357078695695217,1.9720000000000002,0.04745,True,True,True,False,-958.4325000028887,0.0,101.31732269468529,41.00329824422807,311.58051784409383,-3.455866539608556,-507.98722775949005
2025-08-14T16:15:00Z,2025-08-14T16:30:00Z,2025-08-14,2025-08-14_19,-27.000000000081375,100,73,0,187.05159461733106,189.905532347785,0.022148498526607403,3.2259999999999995,0.005475,True,True,True,False,-958.4325000028887,0.0,101.31732269468529,41.00329824422807,445.9414745324195,-0.4217111370055102,-370.59211566856135
2025-08-14T16:30:00Z,2025-08-14T16:45:00Z,2025-08-14,2025-08-14_19,-27.000000000081375,100,73,0,189.905532347785,186.85219273041363,0.030711918937209724,8.891,0.0,True,True,True,False,-958.4325000028887,0.0,101.31732269468529,41.00329824422807,3093.343838208283,0.0,2277.231959144308
2025-08-14T16:45:00Z,2025-08-14T17:00:00Z,2025-08-14,2025-08-14_19,-27.000000000081375,100,73,0,186.85219273041363,172.52000000000024,0.0471028764733925,19.7165,0.0,True,True,True,False,-958.4325000028887,0.0,101.31732269468529,41.00329824422807,22563.447649062862,0.0,21747.33576999889
2025-08-14T17:00:00Z,2025-08-14T17:15:00Z,2025-08-14,2025-08-14_20,37.936448028162175,24,62,38,172.52000000000024,160.74770434017356,0.03270082127729632,1.3464,0.0,True,True,True,False,2479.4314020006095,419.341141153003,25.539075306618212,25.218533367566607,382.4613095807082,0.0,3331.9914614085055
2025-08-14T17:15:00Z,2025-08-14T17:30:00Z,2025-08-14,2025-08-14_20,37.936448028162175,24,62,38,160.74770434017356,149.82988694121644,0.030327270552658644,0.5602799999999999,0.0,True,True,True,False,2479.4314020006095,419.341141153003,25.539075306618212,25.218533367566607,77.45636134536763,0.0,3026.986513173165
2025-08-14T17:30:00Z,2025-08-14T17:45:00Z,2025-08-14,2025-08-14_20,37.936448028162175,24,62,38,149.82988694121644,138.8394740569731,0.030533844337967925,0.6294000000000001,0.00248,True,True,True,False,2479.4314020006095,419.341141153003,25.539075306618212,25.218533367566607,147.96052495408134,-0.19102166571208498,3097.2996551161664
2025-08-14T17:45:00Z,2025-08-14T18:00:00Z,2025-08-14,2025-08-14_20,37.936448028162175,24,62,38,138.8394740569731,126.86630883192903,0.033258792291789074,1.5312,0.0,True,True,True,False,2479.4314020006095,419.341141153003,25.539075306618212,25.218533367566607,373.56556332826415,0.0,3323.0957151560615
2025-08-14T18:00:00Z,2025-08-14T18:15:00Z,2025-08-14,2025-08-14_21,100.0,0,100,0,126.86630883192903,99.72120013627686,0.07540307971014491,0.0,0.0265,True,True,True,False,7623.0,0.0,0.0,40.67505381865582,0.0,-2.0198314340449905,7661.655222384611
2025-08-14T18:15:00Z,2025-08-14T18:30:00Z,2025-08-14,2025-08-14_21,100.0,0,100,0,99.72120013627686,72.5472870927986,0.07548309178743962,0.0,0.0,True,True,True,False,7623.0,0.0,0.0,40.67505381865582,0.0,0.0,7663.675053818656
2025-08-14T18:30:00Z,2025-08-14T18:45:00Z,2025-08-14,2025-08-14_21,100.0,0,100,0,72.5472870927986,45.402721875407295,0.07540157004830918,0.0,0.027,True,True,True,False,7623.0,0.0,0.0,40.67505381865582,0.0,-2.111666304583967,7661.563387514072
2025-08-14T18:45:00Z,2025-08-14T19:00:00Z,2025-08-14,2025-08-14_21,100.0,0,100,0,45.402721875407295,18.383156658015988,0.07505434782608696,0.0,0.142,True,True,True,False,7623.0,0.0,0.0,40.67505381865582,0.0,-11.10580056484901,7652.569253253807
2025-08-14T19:00:00Z,2025-08-14T19:15:00Z,2025-08-14,2025-08-14_22,-45.818834993926124,100,54,0,18.383156658015988,14.54768430627021,0.03589230771609928,14.2265,0.0016200000000000001,True,True,True,False,-1810.6458118724756,0.0,105.79068986629274,30.33120692038789,14545.61214247625,-0.126699978275038,12870.961527412179
2025-08-14T19:15:00Z,2025-08-14T19:30:00Z,2025-08-14,2025-08-14_22,-45.818834993926124,100,54,0,14.54768430627021,17.28325204543004,0.03286371208805886,7.722000000000001,0.0,True,True,True,False,-1810.6458118724756,0.0,105.79068986629274,30.33120692038789,2594.65330871171,0.0,920.129393625915
2025-08-14T19:30:00Z,2025-08-14T19:45:00Z,2025-08-14,2025-08-14_22,-45.818834993926124,100,54,0,17.28325204543004,27.709027123609964,0.030123614598788394,0.3555,0.26811,True,True,True,False,-1810.6458118724756,0.0,105.79068986629274,30.33120692038789,49.134168032705944,-21.974927418877016,-1647.364674471966
2025-08-14T19:45:00Z,2025-08-14T20:00:00Z,2025-08-14,2025-08-14_22,-45.818834993926124,100,54,0,27.709027123609964,39.89620357391253,0.03405284829585075,0.061,1.85922,True,True,True,False,-1810.6458118724756,0.0,105.79068986629274,30.33120692038789,8.412790670116328,-81.42996576145993,-1747.5410901771386
2025-08-14T20:00:00Z,2025-08-14T20:15:00Z,2025-08-14,2025-08-14_23,0.0,49,49,51,39.89620357391253,39.259406391303834,0.006425895507246376,1.357055,0.911155,True,True,True,False,0.0,562.7999526000829,32.821183812928325,27.522761835166786,192.08252785535123,-27.39205494242885,787.8343711611003
2025-08-14T20:15:00Z,2025-08-14T20:30:00Z,2025-08-14,2025-08-14_23,0.0,49,49,51,39.259406391303834,38.078436086956,0.004207117512077294,1.239945,0.18130000000000002,True,True,True,False,0.0,562.7999526000829,32.821183812928325,27.522761835166786,264.6426566517884,-14.347238322832936,873.4393165771335
2025-08-14T20:30:00Z,2025-08-14T20:45:00Z,2025-08-14,2025-08-14_23,0.0,49,49,51,38.078436086956,37.71739130434731,0.00222381884057971,0.534345,0.238875,True,True,True,False,0.0,562.7999526000829,32.821183812928325,27.522761835166786,73.8719061096518,-17.85469496178382,679.161109396046
2025-08-14T20:45:00Z,2025-08-14T21:00:00Z,2025-08-14,2025-08-14_23,0.0,49,49,51,37.71739130434731,39.99776310434731,0.006334366111111113,0.0,2.4786650000000003,True,True,True,False,0.0,562.7999526000829,32.821183812928325,27.522761835166786,0.0,-122.05147561175521,501.0924226364228
2025-08-14T21:00:00Z,2025-08-14T21:15:00Z,2025-08-15,2025-08-14_24,-28.180931294862752,44,16,55,39.99776310434731,45.67452689653541,0.017755246848610247,0.9149799999999999,0.09984,True,True,True,False,-746.4424176726772,607.0010666034606,29.54017539701351,10.33420241763451,126.08608017697713,-7.087263522161649,19.431843400246926
2025-08-14T21:15:00Z,2025-08-14T21:30:00Z,2025-08-15,2025-08-14_24,-28.180931294862752,44,16,55,45.67452689653541,51.48927333407141,0.017629379582074337,0.68046,0.0,True,True,True,False,-746.4424176726772,607.0010666034606,29.54017539701351,10.33420241763451,92.92577236311922,0.0,-6.641200891449339
2025-08-14T21:30:00Z,2025-08-14T21:45:00Z,2025-08-15,2025-08-14_24,-28.180931294862752,44,16,55,51.48927333407141,57.75485083748215,0.01788296609771545,0.22044,0.0,True,True,True,False,-746.4424176726772,607.0010666034606,29.54017539701351,10.33420241763451,28.496228466461247,0.0,-71.07074478810732
2025-08-14T21:45:00Z,2025-08-14T22:00:00Z,2025-08-15,2025-08-14_24,-28.180931294862752,44,16,55,57.75485083748215,64.3478260869565,0.018361583026031227,0.022,0.14448,True,True,True,False,-746.4424176726772,607.0010666034606,29.54017539701351,10.33420241763451,2.8071422928024012,-9.612794216639013,-106.37262517840517
2025-08-14T22:00:00Z,2025-08-14T22:15:00Z,2025-08-15,2025-08-15_1,0.0,0,0,100,64.3478260869565,64.3478260869565,0.0,0.0,0.0,True,True,True,False,0.0,1103.6383029153828,0.0,0.0,0.0,0.0,1103.6383029153828
2025-08-14T22:15:00Z,2025-08-14T22:30:00Z,2025-08-15,2025-08-15_1,0.0,0,0,100,64.3478260869565,64.3478260869565,0.0,0.0,0.0,True,True,True,False,0.0,1103.6383029153828,0.0,0.0,0.0,0.0,1103.6383029153828
2025-08-14T22:30:00Z,2025-08-14T22:45:00Z,2025-08-15,2025-08-15_1,0.0,0,0,100,64.3478260869565,64.3478260869565,0.0,0.0,0.0,True,True,True,False,0.0,1103.6383029153828,0.0,0.0,0.0,0.0,1103.6383029153828
2025-08-14T22:45:00Z,2025-08-14T23:00:00Z,2025-08-15,2025-08-15_1,0.0,0,0,100,64.3478260869565,64.3478260869565,0.0,0.0,0.0,True,True,True,False,0.0,1103.6383029153828,0.0,0.0,0.0,0.0,1103.6383029153828
2025-08-14T23:00:00Z,2025-08-14T23:15:00Z,2025-08-15,2025-08-15_2,0.0,0,0,100,64.3478260869565,64.3478260869565,0.0,0.0,0.0,True,True,True,False,0.0,1103.6383029153828,0.0,0.0,0.0,0.0,1103.6383029153828
2025-08-14T23:15:00Z,2025-08-14T23:30:00Z,2025-08-15,2025-08-15_2,0.0,0,0,100,64.3478260869565,64.3478260869565,0.0,0.0,0.0,True,True,True,False,0.0,1103.6383029153828,0.0,0.0,0.0,0.0,1103.6383029153828
2025-08-14T23:30:00Z,2025-08-14T23:45:00Z,2025-08-15,2025-08-15_2,0.0,0,0,100,64.3478260869565,64.3478260869565,0.0,0.0,0.0,True,True,True,False,0.0,1103.6383029153828,0.0,0.0,0.0,0.0,1103.6383029153828
2025-08-14T23:45:00Z,2025-08-15T00:00:00Z,2025-08-15,2025-08-15_2,0.0,0,0,100,64.3478260869565,64.3478260869565,0.0,0.0,0.0,True,True,True,False,0.0,1103.6383029153828,0.0,0.0,0.0,0.0,1103.6383029153828
2025-08-15T00:00:00Z,2025-08-15T00:15:00Z,2025-08-15,2025-08-15_3,0.0,0,0,100,64.3478260869565,64.3478260869565,0.0,0.0,0.0,True,True,True,False,0.0,1103.6383029153828,0.0,0.0,0.0,0.0,1103.6383029153828
2025-08-15T00:15:00Z,2025-08-15T00:30:00Z,2025-08-15,2025-08-15_3,0.0,0,0,100,64.3478260869565,64.3478260869565,0.0,0.0,0.0,True,True,True,False,0.0,1103.6383029153828,0.0,0.0,0.0,0.0,1103.6383029153828
2025-08-15T00:30:00Z,2025-08-15T00:45:00Z,2025-08-15,2025-08-15_3,0.0,0,0,100,64.3478260869565,64.3478260869565,0.0,0.0,0.0,True,True,True,False,0.0,1103.6383029153828,0.0,0.0,0.0,0.0,1103.6383029153828
2025-08-15T00:45:00Z,2025-08-15T01:00:00Z,2025-08-15,2025-08-15_3,0.0,0,0,100,64.3478260869565,64.3478260869565,0.0,0.0,0.0,True,True,True,False,0.0,1103.6383029153828,0.0,0.0,0.0,0.0,1103.6383029153828
2025-08-15T01:00:00Z,2025-08-15T01:15:00Z,2025-08-15,2025-08-15_4,0.0,0,0,100,64.3478260869565,64.3478260869565,0.0,0.0,0.0,True,True,True,False,0.0,1103.6383029153828,0.0,0.0,0.0,0.0,1103.6383029153828
2025-08-15T01:15:00Z,2025-08-15T01:30:00Z,2025-08-15,2025-08-15_4,0.0,0,0,100,64.3478260869565,64.3478260869565,0.0,0.0,0.0,True,True,True,False,0.0,1103.6383029153828,0.0,0.0,0.0,0.0,1103.6383029153828
2025-08-15T01:30:00Z,2025-08-15T01:45:00Z,2025-08-15,2025-08-15_4,0.0,0,0,100,64.3478260869565,64.3478260869565,0.0,0.0,0.0,True,True,True,False,0.0,1103.6383029153828,0.0,0.0,0.0,0.0,1103.6383029153828
2025-08-15T01:45:00Z,2025-08-15T02:00:00Z,2025-08-15,2025-08-15_4,0.0,0,0,100,64.3478260869565,64.3478260869565,0.0,0.0,0.0,True,True,True,False,0.0,1103.6383029153828,0.0,0.0,0.0,0.0,1103.6383029153828
2025-08-15T02:00:00Z,2025-08-15T02:15:00Z,2025-08-15,2025-08-15_5,0.0,0,0,100,64.3478260869565,64.3478260869565,0.0,0.0,0.0,True,True,True,False,0.0,1103.6383029153828,0.0,0.0,0.0,0.0,1103.6383029153828
2025-08-15T02:15:00Z,2025-08-15T02:30:00Z,2025-08-15,2025-08-15_5,0.0,0,0,100,64.3478260869565,64.3478260869565,0.0,0.0,0.0,True,True,True,False,0.0,1103.6383029153828,0.0,0.0,0.0,0.0,1103.6383029153828
2025-08-15T02:30:00Z,2025-08-15T02:45:00Z,2025-08-15,2025-08-15_5,0.0,0,0,100,64.3478260869565,64.3478260869565,0.0,0.0,0.0,True,True,True,False,0.0,1103.6383029153828,0.0,0.0,0.0,0.0,1103.6383029153828
2025-08-15T02:45:00Z,2025-08-15T03:00:00Z,2025-08-15,2025-08-15_5,0.0,0,0,100,64.3478260869565,64.3478260869565,0.0,0.0,0.0,True,True,True,False,0.0,1103.6383029153828,0.0,0.0,0.0,0.0,1103.6383029153828
2025-08-15T03:00:00Z,2025-08-15T03:15:00Z,2025-08-15,2025-08-15_6,0.0,0,0,100,64.3478260869565,64.3478260869565,0.0,0.0,0.0,True,True,True,False,0.0,1103.6383029153828,0.0,0.0,0.0,0.0,1103.6383029153828
2025-08-15T03:15:00Z,2025-08-15T03:30:00Z,2025-08-15,2025-08-15_6,0.0,0,0,100,64.3478260869565,64.3478260869565,0.0,0.0,0.0,True,True,True,False,0.0,1103.6383029153828,0.0,0.0,0.0,0.0,1103.6383029153828
2025-08-15T03:30:00Z,2025-08-15T03:45:00Z,2025-08-15,2025-08-15_6,0.0,0,0,100,64.3478260869565,64.3478260869565,0.0,0.0,0.0,True,True,True,False,0.0,1103.6383029153828,0.0,0.0,0.0,0.0,1103.6383029153828
2025-08-15T03:45:00Z,2025-08-15T04:00:00Z,2025-08-15,2025-08-15_6,0.0,0,0,100,64.3478260869565,64.3478260869565,0.0,0.0,0.0,True,True,True,False,0.0,1103.6383029153828,0.0,0.0,0.0,0.0,1103.6383029153828
2025-08-15T04:00:00Z,2025-08-15T04:15:00Z,2025-08-15,2025-08-15_7,0.0,0,0,100,64.3478260869565,64.3478260869565,0.0,0.0,0.0,True,True,True,False,0.0,1103.6383029153828,0.0,0.0,0.0,0.0,1103.6383029153828
2025-08-15T04:15:00Z,2025-08-15T04:30:00Z,2025-08-15,2025-08-15_7,0.0,0,0,100,64.3478260869565,64.3478260869565,0.0,0.0,0.0,True,True,True,False,0.0,1103.6383029153828,0.0,0.0,0.0,0.0,1103.6383029153828
2025-08-15T04:30:00Z,2025-08-15T04:45:00Z,2025-08-15,2025-08-15_7,0.0,0,0,100,64.3478260869565,64.3478260869565,0.0,0.0,0.0,True,True,True,False,0.0,1103.6383029153828,0.0,0.0,0.0,0.0,1103.6383029153828
2025-08-15T04:45:00Z,2025-08-15T05:00:00Z,2025-08-15,2025-08-15_7,0.0,0,0,100,64.3478260869565,64.3478260869565,0.0,0.0,0.0,True,True,True,False,0.0,1103.6383029153828,0.0,0.0,0.0,0.0,1103.6383029153828
2025-08-15T05:00:00Z,2025-08-15T05:15:00Z,2025-08-15,2025-08-15_8,0.0,0,0,100,64.3478260869565,64.3478260869565,0.0,0.0,0.0,True,True,True,False,0.0,1103.6383029153828,0.0,0.0,0.0,0.0,1103.6383029153828
2025-08-15T05:15:00Z,2025-08-15T05:30:00Z,2025-08-15,2025-08-15_8,0.0,0,0,100,64.3478260869565,64.3478260869565,0.0,0.0,0.0,True,True,True,False,0.0,1103.6383029153828,0.0,0.0,0.0,0.0,1103.6383029153828
2025-08-15T05:30:00Z,2025-08-15T05:45:00Z,2025-08-15,2025-08-15_8,0.0,0,0,100,64.3478260869565,64.3478260869565,0.0,0.0,0.0,True,True,True,False,0.0,1103.6383029153828,0.0,0.0,0.0,0.0,1103.6383029153828
2025-08-15T05:45:00Z,2025-08-15T06:00:00Z,2025-08-15,2025-08-15_8,0.0,0,0,100,64.3478260869565,64.3478260869565,0.0,0.0,0.0,True,True,True,False,0.0,1103.6383029153828,0.0,0.0,0.0,0.0,1103.6383029153828
2025-08-15T06:00:00Z,2025-08-15T06:15:00Z,2025-08-15,2025-08-15_9,0.0,0,0,100,64.3478260869565,64.3478260869565,0.0,0.0,0.0,True,True,True,False,0.0,1103.6383029153828,0.0,0.0,0.0,0.0,1103.6383029153828
2025-08-15T06:15:00Z,2025-08-15T06:30:00Z,2025-08-15,2025-08-15_9,0.0,0,0,100,64.3478260869565,64.3478260869565,0.0,0.0,0.0,True,True,True,False,0.0,1103.6383029153828,0.0,0.0,0.0,0.0,1103.6383029153828
2025-08-15T06:30:00Z,2025-08-15T06:45:00Z,2025-08-15,2025-08-15_9,0.0,0,0,100,64.3478260869565,64.3478260869565,0.0,0.0,0.0,True,True,True,False,0.0,1103.6383029153828,0.0,0.0,0.0,0.0,1103.6383029153828
2025-08-15T06:45:00Z,2025-08-15T07:00:00Z,2025-08-15,2025-08-15_9,0.0,0,0,100,64.3478260869565,64.3478260869565,0.0,0.0,0.0,True,True,True,False,0.0,1103.6383029153828,0.0,0.0,0.0,0.0,1103.6383029153828
2025-08-15T07:00:00Z,2025-08-15T07:15:00Z,2025-08-15,2025-08-15_10,4.496026721983773,4,9,91,64.3478260869565,63.12136654413086,0.003516178525765268,0.0438,0.042749999999999996,True,True,True,False,80.81608032765833,1004.3108556529984,2.226831002607253,13.52186537094098,5.480268665560558,-1.906997214979853,1104.4489038047857
2025-08-15T07:15:00Z,2025-08-15T07:30:00Z,2025-08-15,2025-08-15_10,4.496026721983773,4,9,91,63.12136654413086,61.911895264817005,0.003396474935123158,0.002,0.014400000000000001,True,True,True,False,80.81608032765833,1004.3108556529984,2.226831002607253,13.52186537094098,0.24255352769218613,-0.9567433041004978,1100.1614425777966
2025-08-15T07:30:00Z,2025-08-15T07:45:00Z,2025-08-15,2025-08-15_10,4.496026721983773,4,9,91,61.911895264817005,60.5970519370719,0.0036546446078562687,0.08648,0.0009000000000000001,True,True,True,False,80.81608032765833,1004.3108556529984,2.226831002607253,13.52186537094098,11.139023022833214,-0.07466224223749704,1111.9399931348007
2025-08-15T07:45:00Z,2025-08-15T08:00:00Z,2025-08-15,2025-08-15_10,4.496026721983773,4,9,91,60.5970519370719,59.45854635110484,0.003376259075105545,0.0005600000000000001,0.083565,True,True,True,False,80.81608032765833,1004.3108556529984,2.226831002607253,13.52186537094098,0.06791498775381212,-3.981601226593979,1096.9619461153648
2025-08-15T08:00:00Z,2025-08-15T08:15:00Z,2025-08-15,2025-08-15_11,-7.689782256483186,9,1,91,59.45854635110484,61.1725366365324,0.004812749113296142,0.05877,0.00091,True,True,True,False,-48.964688518156684,1004.3108556529984,5.10369755866319,1.5068736667456741,6.384510547523109,-0.07549182270680255,968.2657570850669
2025-08-15T08:15:00Z,2025-08-15T08:30:00Z,2025-08-15,2025-08-15_11,-7.689782256483186,9,1,91,61.1725366365324,62.94354471199356,0.004922354735437913,0.0032849999999999997,0.005935,True,True,True,False,-48.964688518156684,1004.3108556529984,5.10369755866319,1.5068736667456741,0.35686774117089354,-0.3259982914592715,961.9876078099622
2025-08-15T08:30:00Z,2025-08-15T08:45:00Z,2025-08-15,2025-08-15_11,-7.689782256483186,9,1,91,62.94354471199356,64.74110148100881,0.004993529724980396,0.00036,0.03179,True,True,True,False,-48.964688518156684,1004.3108556529984,5.10369755866319,1.5068736667456741,0.03910879355297464,-0.48204912301493236,961.5137980307886
2025-08-15T08:45:00Z,2025-08-15T09:00:00Z,2025-08-15,2025-08-15_11,-7.689782256483186,9,1,91,64.74110148100881,66.58259699999995,0.005115265330530925,0.0,0.07918,True,True,True,False,-48.964688518156684,1004.3108556529984,5.10369755866319,1.5068736667456741,0.0,-1.1246725448368493,960.8320658154137
2025-08-15T09:00:00Z,2025-08-15T09:15:00Z,2025-08-15,2025-08-15_12,0.0,9,9,91,66.58259699999995,66.70050435652169,0.0003305095652173914,0.000495,0.12874500000000003,True,True,True,False,0.0,1004.3108556529984,5.10369755866319,16.86566721972031,0.045482549182270675,-6.4005042219720325,1019.9251987585922
2025-08-15T09:15:00Z,2025-08-15T09:30:00Z,2025-08-15,2025-08-15_12,0.0,9,9,91,66.70050435652169,66.70677508695647,2.7201304347826085e-05,0.00162,0.00873,True,True,True,False,0.0,1004.3108556529984,5.10369755866319,16.86566721972031,0.14885197914197676,-0.6710364126570276,1025.7580359978667
2025-08-15T09:30:00Z,2025-08-15T09:45:00Z,2025-08-15,2025-08-15_12,0.0,9,9,91,66.70677508695647,66.97017323478255,0.0007327484782608697,0.00018,0.286515,True,True,True,False,0.0,1004.3108556529984,5.10369755866319,16.86566721972031,0.016539108793552974,-11.244021643161886,1015.0527378970136
2025-08-15T09:45:00Z,2025-08-15T10:00:00Z,2025-08-15,2025-08-15_12,0.0,9,9,91,66.97017323478255,67.75652483478255,0.00218431,0.0,0.85473,True,True,True,False,0.0,1004.3108556529984,5.10369755866319,16.86566721972031,0.0,191.02391631310738,1217.3041367444894
2025-08-15T10:00:00Z,2025-08-15T10:15:00Z,2025-08-15,2025-08-15_13,-9.0,9,0,91,67.75652483478255,69.82652483478255,0.00575,0.0,0.0,True,True,True,False,-0.18,1004.3108556529984,5.010369755866318,0.0,0.0,0.0,1009.1412254088647
2025-08-15T10:15:00Z,2025-08-15T10:30:00Z,2025-08-15,2025-08-15_13,-9.0,9,0,91,69.82652483478255,71.89217783478256,0.0057379250000000005,0.004725,0.0,True,True,True,False,-0.18,1004.3108556529984,5.010369755866318,0.0,0.420357756577388,0.0,1009.5615831654421
2025-08-15T10:30:00Z,2025-08-15T10:45:00Z,2025-08-15,2025-08-15_13,-9.0,9,0,91,71.89217783478256,73.75368743478256,0.005170860000000001,0.22662,0.0,True,True,True,False,-0.18,1004.3108556529984,5.010369755866318,0.0,25.490273820810618,0.0,1034.6314992296752
2025-08-15T10:45:00Z,2025-08-15T11:00:00Z,2025-08-15,2025-08-15_13,-9.0,9,0,91,73.75368743478256,75.82368743478256,0.00575,0.0,0.0,True,True,True,False,-0.18,1004.3108556529984,5.010369755866318,0.0,0.0,0.0,1009.1412254088647
2025-08-15T11:00:00Z,2025-08-15T11:15:00Z,2025-08-15,2025-08-15_14,0.0,100,100,0,75.82368743478256,79.50506743478256,0.010226055555555556,0.0,4.0015,True,True,True,False,0.0,0.0,55.67077506518132,187.39630244133681,0.0,-108.09060964288535,134.97646786363276
2025-08-15T11:15:00Z,2025-08-15T11:30:00Z,2025-08-15,2025-08-15_14,0.0,100,100,0,79.50506743478256,87.33334743478257,0.021745222222222225,0.0,8.509,True,True,True,False,0.0,0.0,55.67077506518132,187.39630244133681,0.0,1295.5350823654896,1538.6021598720079
2025-08-15T11:30:00Z,2025-08-15T11:45:00Z,2025-08-15,2025-08-15_14,0.0,100,100,0,87.33334743478257,97.03658743478258,0.026953444444444447,0.0,10.547,True,True,True,False,0.0,0.0,55.67077506518132,187.39630244133681,0.0,1923.5629766137315,2166.6300541202495
2025-08-15T11:45:00Z,2025-08-15T12:00:00Z,2025-08-15,2025-08-15_14,0.0,100,100,0,97.03658743478258,101.56482743478257,0.012578444444444446,0.0,4.922,True,True,True,False,0.0,0.0,55.67077506518132,187.39630244133681,0.0,-119.8728853598799,123.19419214663823
2025-08-15T12:00:00Z,2025-08-15T12:15:00Z,2025-08-15,2025-08-15_15,-9.0,9,0,91,101.56482743478257,103.63482743478257,0.00575,0.0,0.0,True,True,True,False,-0.0,1004.3108556529984,4.962372600142213,0.0,0.0,0.0,1009.2732282531406
2025-08-15T12:15:00Z,2025-08-15T12:30:00Z,2025-08-15,2025-08-15_15,-9.0,9,0,91,103.63482743478257,105.70482743478256,0.005750000000000001,0.0,0.0,True,True,True,False,-0.0,1004.3108556529984,4.962372600142213,0.0,0.0,0.0,1009.2732282531406
2025-08-15T12:30:00Z,2025-08-15T12:45:00Z,2025-08-15,2025-08-15_15,-9.0,9,0,91,105.70482743478256,107.76799643478256,0.005731025,0.007425,0.0,True,True,True,False,-0.0,1004.3108556529984,4.962372600142213,0.0,0.6650836543019673,0.0,1009.9383119074425
2025-08-15T12:45:00Z,2025-08-15T13:00:00Z,2025-08-15,2025-08-15_15,-9.0,9,0,91,107.76799643478256,109.83013043478256,0.00572815,0.00855,0.0,True,True,True,False,-0.0,1004.3108556529984,4.962372600142213,0.0,0.7599718535197915,0.0,1010.0332001066604
2025-08-15T13:00:00Z,2025-08-15T13:15:00Z,2025-08-15,2025-08-15_16,0.0,100,100,0,109.83013043478256,117.65447999999995,0.02174336231884058,0.0015,8.5065,True,True,True,False,0.0,0.0,55.13747333491348,187.39630244133681,0.1359149087461484,4550.81452091728,4793.484211602276
2025-08-15T13:15:00Z,2025-08-15T13:30:00Z,2025-08-15,2025-08-15_16,0.0,100,100,0,117.65447999999995,125.19203999999995,0.020937666666666667,0.0,8.193,True,True,True,False,0.0,0.0,55.13747333491348,187.39630244133681,0.0,2999.182063877696,3241.715839653946
2025-08-15T13:30:00Z,2025-08-15T13:45:00Z,2025-08-15,2025-08-15_16,0.0,100,100,0,125.19203999999995,130.14544782608692,0.013804756038647345,0.0075,5.393,True,True,True,False,0.0,0.0,55.13747333491348,187.39630244133681,0.6778502014695426,1188.8173336888678,1432.0289596665878
2025-08-15T13:45:00Z,2025-08-15T14:00:00Z,2025-08-15,2025-08-15_16,0.0,100,100,0,130.14544782608692,130.18101478260866,0.0005094251207729469,0.068,0.11899999999999998,True,True,True,False,0.0,0.0,55.13747333491348,187.39630244133681,6.1502741565931895,-8.694112546417001,239.98993738642648
2025-08-15T14:00:00Z,2025-08-15T14:15:00Z,2025-08-15,2025-08-15_17,0.0,100,100,0,130.18101478260866,149.63579478260866,0.05404105555555556,0.0,21.1465,True,True,True,False,0.0,0.0,61.89262858497274,146.03579047167574,0.0,19432.956016729873,19640.88443578652
2025-08-15T14:15:00Z,2025-08-15T14:30:00Z,2025-08-15,2025-08-15_17,0.0,100,100,0,149.63579478260866,156.68253478260866,0.01957427777777778,0.0,7.659500000000001,True,True,True,False,0.0,0.0,61.89262858497274,146.03579047167574,0.0,69.61902731689976,277.54744637354827
2025-08-15T14:30:00Z,2025-08-15T14:45:00Z,2025-08-15,2025-08-15_17,0.0,100,100,0,156.68253478260866,156.69130434782605,0.0005889734299516908,0.0935,0.12,True,True,True,False,0.0,0.0,61.89262858497274,146.03579047167574,8.727349984198467,-6.973998577862052,209.6817704629849
2025-08-15T14:45:00Z,2025-08-15T15:00:00Z,2025-08-15,2025-08-15_17,0.0,100,100,0,156.69130434782605,143.99999999999997,0.035253623188405796,11.676,0.0,True,True,True,False,0.0,0.0,61.89262858497274,146.03579047167574,6386.40623133444,0.0,6594.334650391089
2025-08-15T15:00:00Z,2025-08-15T15:15:00Z,2025-08-15,2025-08-15_18,0.0,0,0,100,143.99999999999997,143.99999999999997,0.0,0.0,0.0,True,True,True,False,0.0,1103.6383029153828,0.0,0.0,0.0,0.0,1103.6383029153828
2025-08-15T15:15:00Z,2025-08-15T15:30:00Z,2025-08-15,2025-08-15_18,0.0,0,0,100,143.99999999999997,143.99999999999997,0.0,0.0,0.0,True,True,True,False,0.0,1103.6383029153828,0.0,0.0,0.0,0.0,1103.6383029153828
2025-08-15T15:30:00Z,2025-08-15T15:45:00Z,2025-08-15,2025-08-15_18,0.0,0,0,100,143.99999999999997,143.99999999999997,0.0,0.0,0.0,True,True,True,False,0.0,1103.6383029153828,0.0,0.0,0.0,0.0,1103.6383029153828
2025-08-15T15:45:00Z,2025-08-15T16:00:00Z,2025-08-15,2025-08-15_18,0.0,0,0,100,143.99999999999997,143.99999999999997,0.0,0.0,0.0,True,True,True,False,0.0,1103.6383029153828,0.0,0.0,0.0,0.0,1103.6383029153828
2025-08-15T16:00:00Z,2025-08-15T16:15:00Z,2025-08-15,2025-08-15_19,0.0,0,0,100,143.99999999999997,143.99999999999997,0.0,0.0,0.0,True,True,True,False,0.0,1103.6383029153828,0.0,0.0,0.0,0.0,1103.6383029153828
2025-08-15T16:15:00Z,2025-08-15T16:30:00Z,2025-08-15,2025-08-15_19,0.0,0,0,100,143.99999999999997,143.99999999999997,0.0,0.0,0.0,True,True,True,False,0.0,1103.6383029153828,0.0,0.0,0.0,0.0,1103.6383029153828
2025-08-15T16:30:00Z,2025-08-15T16:45:00Z,2025-08-15,2025-08-15_19,0.0,0,0,100,143.99999999999997,143.99999999999997,0.0,0.0,0.0,True,True,True,False,0.0,1103.6383029153828,0.0,0.0,0.0,0.0,1103.6383029153828
2025-08-15T16:45:00Z,2025-08-15T17:00:00Z,2025-08-15,2025-08-15_19,0.0,0,0,100,143.99999999999997,143.99999999999997,0.0,0.0,0.0,True,True,True,False,0.0,1103.6383029153828,0.0,0.0,0.0,0.0,1103.6383029153828
2025-08-15T17:00:00Z,2025-08-15T17:15:00Z,2025-08-15,2025-08-15_20,1.9999999999999745,0,2,98,143.99999999999997,143.63642391304344,0.0010099335748792197,0.0,0.16551,True,True,True,False,60.13499999999923,1081.5655368570751,0.0,1.2325195543967764,0.0,-5.684183799478549,1137.2488726119925
2025-08-15T17:15:00Z,2025-08-15T17:30:00Z,2025-08-15,2025-08-15_20,1.9999999999999745,0,2,98,143.63642391304344,143.1378913043478,0.0013848128019323508,0.0,0.04135,True,True,True,False,60.13499999999923,1081.5655368570751,0.0,1.2325195543967764,0.0,-2.5580677490716597,1140.3749886623996
2025-08-15T17:30:00Z,2025-08-15T17:45:00Z,2025-08-15,2025-08-15_20,1.9999999999999745,0,2,98,143.1378913043478,142.76099999999997,0.001046920289855064,0.0,0.15326,True,True,True,False,60.13499999999923,1081.5655368570751,0.0,1.2325195543967764,0.0,-5.00062666113613,1137.932429750335
2025-08-15T17:45:00Z,2025-08-15T18:00:00Z,2025-08-15,2025-08-15_20,1.9999999999999745,0,2,98,142.76099999999997,142.2442826086956,0.0014353260869565043,0.0,0.024620000000000003,True,True,True,False,60.13499999999923,1081.5655368570751,0.0,1.2325195543967764,0.0,-1.681637228411156,1141.25141918306
2025-08-15T18:00:00Z,2025-08-15T18:15:00Z,2025-08-15,2025-08-15_21,29.00000000000001,0,0,71,142.2442826086956,134.36384782608692,0.021890096618357495,0.0,0.0,True,False,True,False,967.5125000000003,783.5831950699219,0.0,0.0,0.0,0.0,1751.0956950699222
2025-08-15T18:15:00Z,2025-08-15T18:30:00Z,2025-08-15,2025-08-15_21,29.00000000000001,0,0,71,134.36384782608692,126.48341304347822,0.021890096618357495,0.0,0.0,True,False,True,False,967.5125000000003,783.5831950699219,0.0,0.0,0.0,0.0,1751.0956950699222
2025-08-15T18:30:00Z,2025-08-15T18:45:00Z,2025-08-15,2025-08-15_21,29.00000000000001,0,0,71,126.48341304347822,118.60297826086952,0.021890096618357495,0.0,0.0,True,False,True,False,967.5125000000003,783.5831950699219,0.0,0.0,0.0,0.0,1751.0956950699222
2025-08-15T18:45:00Z,2025-08-15T19:00:00Z,2025-08-15,2025-08-15_21,29.00000000000001,0,0,71,118.60297826086952,110.72254347826082,0.021890096618357495,0.0,0.0,True,False,True,False,967.5125000000003,783.5831950699219,0.0,0.0,0.0,0.0,1751.0956950699222
2025-08-15T19:00:00Z,2025-08-15T19:15:00Z,2025-08-15,2025-08-15_22,100.0,0,100,0,110.72254347826082,104.28395652173907,0.017884963768115943,0.0,19.0765,True,True,True,False,2794.0,0.0,0.0,64.58876511021569,0.0,1315.0795305957176,4173.668295705933
2025-08-15T19:15:00Z,2025-08-15T19:30:00Z,2025-08-15,2025-08-15_22,100.0,0,100,0,104.28395652173907,94.33939130434777,0.027623792270531394,0.0,15.851,True,True,True,False,2794.0,0.0,0.0,64.58876511021569,0.0,-226.93529924152642,2631.653465868689
2025-08-15T19:30:00Z,2025-08-15T19:45:00Z,2025-08-15,2025-08-15_22,100.0,0,100,0,94.33939130434777,79.82906521739125,0.040306461352657,0.0,11.6505,True,True,True,False,2794.0,0.0,0.0,64.58876511021569,0.0,-422.8058221735008,2435.782942936715
2025-08-15T19:45:00Z,2025-08-15T20:00:00Z,2025-08-15,2025-08-15_22,100.0,0,100,0,79.82906521739125,64.38232608695647,0.042907608695652175,0.0,10.789,True,True,True,False,2794.0,0.0,0.0,64.58876511021569,0.0,-100.98971122698902,2757.5990538832266
2025-08-15T20:00:00Z,2025-08-15T20:15:00Z,2025-08-15,2025-08-15_23,0.0,0,0,100,64.38232608695647,64.38232608695647,0.0,0.0,0.0,True,True,True,False,0.0,1103.6383029153828,0.0,0.0,0.0,0.0,1103.6383029153828
2025-08-15T20:15:00Z,2025-08-15T20:30:00Z,2025-08-15,2025-08-15_23,0.0,0,0,100,64.38232608695647,64.38232608695647,0.0,0.0,0.0,True,True,True,False,0.0,1103.6383029153828,0.0,0.0,0.0,0.0,1103.6383029153828
2025-08-15T20:30:00Z,2025-08-15T20:45:00Z,2025-08-15,2025-08-15_23,0.0,0,0,100,64.38232608695647,64.38232608695647,0.0,0.0,0.0,True,True,True,False,0.0,1103.6383029153828,0.0,0.0,0.0,0.0,1103.6383029153828
2025-08-15T20:45:00Z,2025-08-15T21:00:00Z,2025-08-15,2025-08-15_23,0.0,0,0,100,64.38232608695647,64.38232608695647,0.0,0.0,0.0,True,True,True,False,0.0,1103.6383029153828,0.0,0.0,0.0,0.0,1103.6383029153828
2025-08-15T21:00:00Z,2025-08-15T21:15:00Z,2025-08-16,2025-08-15_24,0.0,0,0,100,64.38232608695647,64.38232608695647,0.0,0.0,0.0,True,True,True,False,0.0,1103.6383029153828,0.0,0.0,0.0,0.0,1103.6383029153828
2025-08-15T21:15:00Z,2025-08-15T21:30:00Z,2025-08-16,2025-08-15_24,0.0,0,0,100,64.38232608695647,64.38232608695647,0.0,0.0,0.0,True,True,True,False,0.0,1103.6383029153828,0.0,0.0,0.0,0.0,1103.6383029153828
2025-08-15T21:30:00Z,2025-08-15T21:45:00Z,2025-08-16,2025-08-15_24,0.0,0,0,100,64.38232608695647,64.38232608695647,0.0,0.0,0.0,True,True,True,False,0.0,1103.6383029153828,0.0,0.0,0.0,0.0,1103.6383029153828
2025-08-15T21:45:00Z,2025-08-15T22:00:00Z,2025-08-16,2025-08-15_24,0.0,0,0,100,64.38232608695647,64.38232608695647,0.0,0.0,0.0,True,True,True,False,0.0,1103.6383029153828,0.0,0.0,0.0,0.0,1103.6383029153828
2025-08-15T22:00:00Z,2025-08-15T22:15:00Z,2025-08-16,2025-08-16_1,73.70652495053822,26,100,0,64.38232608695647,65.62028560035867,0.023961770782816007,0.0,20.389,True,True,True,False,1745.5547771411216,0.0,17.455558189144348,63.99620763214032,0.0,-132.96666133364937,1694.0398816287568
2025-08-15T22:15:00Z,2025-08-15T22:30:00Z,2025-08-16,2025-08-16_1,73.70652495053822,26,100,0,65.62028560035867,71.18797825057287,0.01751321638810994,0.0,24.54,True,True,True,False,1745.5547771411216,0.0,17.455558189144348,63.99620763214032,0.0,557.8599075610333,2384.8664505234397
2025-08-15T22:30:00Z,2025-08-15T22:45:00Z,2025-08-16,2025-08-16_1,73.70652495053822,26,100,0,71.18797825057287,68.99114826276526,0.029077427160018383,0.0,17.096,True,True,True,False,1745.5547771411216,0.0,17.455558189144348,63.99620763214032,0.0,324.4788923125543,2151.4854352749608
2025-08-15T22:45:00Z,2025-08-15T23:00:00Z,2025-08-16,2025-08-16_1,73.70652495053822,26,100,0,68.99114826276526,64.34782608695656,0.03272114778945299,0.0,14.750499999999999,True,True,True,False,1745.5547771411216,0.0,17.455558189144348,63.99620763214032,0.0,87.10218614205577,1914.108729104462
2025-08-15T23:00:00Z,2025-08-15T23:15:00Z,2025-08-16,2025-08-16_2,0.0,0,0,100,64.34782608695656,64.34782608695656,0.0,0.0,0.0,True,True,True,False,0.0,1103.6383029153828,0.0,0.0,0.0,0.0,1103.6383029153828
2025-08-15T23:15:00Z,2025-08-15T23:30:00Z,2025-08-16,2025-08-16_2,0.0,0,0,100,64.34782608695656,64.34782608695656,0.0,0.0,0.0,True,True,True,False,0.0,1103.6383029153828,0.0,0.0,0.0,0.0,1103.6383029153828
2025-08-15T23:30:00Z,2025-08-15T23:45:00Z,2025-08-16,2025-08-16_2,0.0,0,0,100,64.34782608695656,64.34782608695656,0.0,0.0,0.0,True,True,True,False,0.0,1103.6383029153828,0.0,0.0,0.0,0.0,1103.6383029153828
2025-08-15T23:45:00Z,2025-08-16T00:00:00Z,2025-08-16,2025-08-16_2,0.0,0,0,100,64.34782608695656,64.34782608695656,0.0,0.0,0.0,True,True,True,False,0.0,1103.6383029153828,0.0,0.0,0.0,0.0,1103.6383029153828
2025-08-16T00:00:00Z,2025-08-16T00:15:00Z,2025-08-16,2025-08-16_3,0.0,0,0,100,64.34782608695656,64.34782608695656,0.0,0.0,0.0,True,True,True,False,0.0,1103.6383029153828,0.0,0.0,0.0,0.0,1103.6383029153828
2025-08-16T00:15:00Z,2025-08-16T00:30:00Z,2025-08-16,2025-08-16_3,0.0,0,0,100,64.34782608695656,64.34782608695656,0.0,0.0,0.0,True,True,True,False,0.0,1103.6383029153828,0.0,0.0,0.0,0.0,1103.6383029153828
2025-08-16T00:30:00Z,2025-08-16T00:45:00Z,2025-08-16,2025-08-16_3,0.0,0,0,100,64.34782608695656,64.34782608695656,0.0,0.0,0.0,True,True,True,False,0.0,1103.6383029153828,0.0,0.0,0.0,0.0,1103.6383029153828
2025-08-16T00:45:00Z,2025-08-16T01:00:00Z,2025-08-16,2025-08-16_3,0.0,0,0,100,64.34782608695656,64.34782608695656,0.0,0.0,0.0,True,True,True,False,0.0,1103.6383029153828,0.0,0.0,0.0,0.0,1103.6383029153828
2025-08-16T01:00:00Z,2025-08-16T01:15:00Z,2025-08-16,2025-08-16_4,0.0,0,0,100,64.34782608695656,64.34782608695656,0.0,0.0,0.0,True,True,True,False,0.0,1103.6383029153828,0.0,0.0,0.0,0.0,1103.6383029153828
2025-08-16T01:15:00Z,2025-08-16T01:30:00Z,2025-08-16,2025-08-16_4,0.0,0,0,100,64.34782608695656,64.34782608695656,0.0,0.0,0.0,True,True,True,False,0.0,1103.6383029153828,0.0,0.0,0.0,0.0,1103.6383029153828
2025-08-16T01:30:00Z,2025-08-16T01:45:00Z,2025-08-16,2025-08-16_4,0.0,0,0,100,64.34782608695656,64.34782608695656,0.0,0.0,0.0,True,True,True,False,0.0,1103.6383029153828,0.0,0.0,0.0,0.0,1103.6383029153828
2025-08-16T01:45:00Z,2025-08-16T02:00:00Z,2025-08-16,2025-08-16_4,0.0,0,0,100,64.34782608695656,64.34782608695656,0.0,0.0,0.0,True,True,True,False,0.0,1103.6383029153828,0.0,0.0,0.0,0.0,1103.6383029153828
2025-08-16T02:00:00Z,2025-08-16T02:15:00Z,2025-08-16,2025-08-16_5,0.0,0,0,100,64.34782608695656,64.34782608695656,0.0,0.0,0.0,True,True,True,False,0.0,1103.6383029153828,0.0,0.0,0.0,0.0,1103.6383029153828
2025-08-16T02:15:00Z,2025-08-16T02:30:00Z,2025-08-16,2025-08-16_5,0.0,0,0,100,64.34782608695656,64.34782608695656,0.0,0.0,0.0,True,True,True,False,0.0,1103.6383029153828,0.0,0.0,0.0,0.0,1103.6383029153828
2025-08-16T02:30:00Z,2025-08-16T02:45:00Z,2025-08-16,2025-08-16_5,0.0,0,0,100,64.34782608695656,64.34782608695656,0.0,0.0,0.0,True,True,True,False,0.0,1103.6383029153828,0.0,0.0,0.0,0.0,1103.6383029153828
2025-08-16T02:45:00Z,2025-08-16T03:00:00Z,2025-08-16,2025-08-16_5,0.0,0,0,100,64.34782608695656,64.34782608695656,0.0,0.0,0.0,True,True,True,False,0.0,1103.6383029153828,0.0,0.0,0.0,0.0,1103.6383029153828
2025-08-16T03:00:00Z,2025-08-16T03:15:00Z,2025-08-16,2025-08-16_6,0.0,0,0,100,64.34782608695656,64.34782608695656,0.0,0.0,0.0,True,True,True,False,0.0,1103.6383029153828,0.0,0.0,0.0,0.0,1103.6383029153828
2025-08-16T03:15:00Z,2025-08-16T03:30:00Z,2025-08-16,2025-08-16_6,0.0,0,0,100,64.34782608695656,64.34782608695656,0.0,0.0,0.0,True,True,True,False,0.0,1103.6383029153828,0.0,0.0,0.0,0.0,1103.6383029153828
2025-08-16T03:30:00Z,2025-08-16T03:45:00Z,2025-08-16,2025-08-16_6,0.0,0,0,100,64.34782608695656,64.34782608695656,0.0,0.0,0.0,True,True,True,False,0.0,1103.6383029153828,0.0,0.0,0.0,0.0,1103.6383029153828
2025-08-16T03:45:00Z,2025-08-16T04:00:00Z,2025-08-16,2025-08-16_6,0.0,0,0,100,64.34782608695656,64.34782608695656,0.0,0.0,0.0,True,True,True,False,0.0,1103.6383029153828,0.0,0.0,0.0,0.0,1103.6383029153828
2025-08-16T04:00:00Z,2025-08-16T04:15:00Z,2025-08-16,2025-08-16_7,0.0,21,21,79,64.34782608695656,64.1424353130435,0.0005726765942028986,0.189315,0.00042,True,True,True,False,0.0,737.2896420952832,22.57288456980327,30.219542545626926,25.277972392747095,-0.03235363830291538,815.3276879651576
2025-08-16T04:15:00Z,2025-08-16T04:30:00Z,2025-08-16,2025-08-16_7,0.0,21,21,79,64.1424353130435,64.33592803478264,0.0005932768840579711,0.00924,0.22123500000000001,True,True,True,False,0.0,737.2896420952832,22.57288456980327,30.219542545626926,1.1789997629770086,-8.43295661886703,782.8281123548234
2025-08-16T04:30:00Z,2025-08-16T04:45:00Z,2025-08-16,2025-08-16_7,0.0,21,21,79,64.33592803478264,64.31320585217395,0.0002031871739130435,0.0441,0.027405,True,True,True,False,0.0,737.2896420952832,22.57288456980327,30.219542545626926,5.63540649442996,-1.6391468120407677,794.0783288931026
2025-08-16T04:45:00Z,2025-08-16T05:00:00Z,2025-08-16,2025-08-16_7,0.0,21,21,79,64.31320585217395,63.14724933043482,0.003238768115942029,1.0726799999999999,0.0,True,True,True,False,0.0,737.2896420952832,22.57288456980327,30.219542545626926,148.25349509362405,0.0,938.3355643043374
2025-08-16T05:00:00Z,2025-08-16T05:15:00Z,2025-08-16,2025-08-16_8,-58.894870549710355,100,41,0,63.14724933043482,54.422253485421926,0.03168028032947354,22.527,0.0,True,True,True,False,-1286.5584471584227,0.0,107.37141502725764,59.87467409338705,27734.684608912063,0.0,26615.372250874283
2025-08-16T05:15:00Z,2025-08-16T05:30:00Z,2025-08-16,2025-08-16_8,-58.894870549710355,100,41,0,54.422253485421926,46.73482240566774,0.0319573422765642,21.4775,0.0,True,True,True,False,-1286.5584471584227,0.0,107.37141502725764,59.87467409338705,25994.392859682386,0.0,24875.080501644607
2025-08-16T05:30:00Z,2025-08-16T05:45:00Z,2025-08-16,2025-08-16_8,-58.894870549710355,100,41,0,46.73482240566774,37.99203126215589,0.03167552843328713,22.545,0.0,True,True,True,False,-1286.5584471584227,0.0,107.37141502725764,59.87467409338705,28254.25807359564,0.0,27134.94571555786
2025-08-16T05:45:00Z,2025-08-16T06:00:00Z,2025-08-16,2025-08-16_8,-58.894870549710355,100,41,0,37.99203126215589,49.61662247826104,0.037274776321075995,2.008,0.069495,True,True,True,False,-1286.5584471584227,0.0,107.37141502725764,59.87467409338705,905.8809528324248,-3.6243836009717945,-217.05578880632504
2025-08-16T06:00:00Z,2025-08-16T06:15:00Z,2025-08-16,2025-08-16_9,2.000000000000284,27,29,71,49.61662247826104,48.58695652173923,0.003036133212560599,0.47897999999999996,0.036975,True,True,True,False,39.08500000000556,783.5831950699219,16.815003555344866,42.35037923678596,63.273836999288925,-1.5511563166627163,943.5562585446845
2025-08-16T06:15:00Z,2025-08-16T06:30:00Z,2025-08-16,2025-08-16_9,2.000000000000284,27,29,71,48.58695652173923,48.660340965217415,0.002947384323671676,0.0,0.662215,True,True,True,False,39.08500000000556,783.5831950699219,16.815003555344866,42.35037923678596,0.0,-13.459466246938453,868.3741116151198
2025-08-16T06:30:00Z,2025-08-16T06:45:00Z,2025-08-16,2025-08-16_9,2.000000000000284,27,29,71,48.660340965217415,49.79564233043473,0.005422395096618474,0.0,1.802205,True,True,True,False,39.08500000000556,783.5831950699219,16.815003555344866,42.35037923678596,0.0,-22.496593108556528,859.3369847535017
2025-08-16T06:45:00Z,2025-08-16T07:00:00Z,2025-08-16,2025-08-16_9,2.000000000000284,27,29,71,49.79564233043473,52.532193391304226,0.009154429275362341,0.0,3.52118,True,True,True,False,39.08500000000556,783.5831950699219,16.815003555344866,42.35037923678596,0.0,-11.558523034684365,870.2750548273739
2025-08-16T07:00:00Z,2025-08-16T07:15:00Z,2025-08-16,2025-08-16_10,6.892649327324665,22,29,71,52.532193391304226,51.76922122812835,0.00662609793689566,0.0,1.156665,True,True,True,False,113.22899682462592,783.5831950699219,12.410523820810617,43.45016591609386,0.0,-25.963048891917516,926.7098327395348
2025-08-16T07:15:00Z,2025-08-16T07:30:00Z,2025-08-16,2025-08-16_10,6.892649327324665,22,29,71,51.76922122812835,51.05857091773613,0.006693186533182532,0.0,1.211185,True,True,True,False,113.22899682462592,783.5831950699219,12.410523820810617,43.45016591609386,0.0,-15.704879058031128,936.9680025734211
2025-08-16T07:30:00Z,2025-08-16T07:45:00Z,2025-08-16,2025-08-16_10,6.892649327324665,22,29,71,51.05857091773613,50.05180118520668,0.006313493626537679,0.0,0.902625,True,True,True,False,113.22899682462592,783.5831950699219,12.410523820810617,43.45016591609386,0.0,-20.272157353638303,932.400724277814
2025-08-16T07:45:00Z,2025-08-16T08:00:00Z,2025-08-16,2025-08-16_10,6.892649327324665,22,29,71,50.05180118520668,48.58695652173916,0.005726622107513626,0.00011,0.42543000000000003,True,True,True,False,113.22899682462592,783.5831950699219,12.410523820810617,43.45016591609386,0.012666903689657897,-17.990946314292486,934.6946022208494
2025-08-16T08:00:00Z,2025-08-16T08:15:00Z,2025-08-16,2025-08-16_11,-8.339798442314418,40,31,60,48.58695652173916,45.9230102909829,0.013415393589644562,4.355,0.0,True,True,True,False,-31.983127026275792,662.1829817492297,22.706802559848306,46.57531405546337,608.3021815991151,0.0,1307.7841529373807
2025-08-16T08:15:00Z,2025-08-16T08:30:00Z,2025-08-16,2025-08-16_11,-8.339798442314418,40,31,60,45.9230102909829,43.82427739007758,0.012417818860246715,3.8177999999999996,0.0,True,True,True,False,-31.983127026275792,662.1829817492297,22.706802559848306,46.57531405546337,519.8634343446314,0.0,1219.345405682897
2025-08-16T08:30:00Z,2025-08-16T08:45:00Z,2025-08-16,2025-08-16_11,-8.339798442314418,40,31,60,43.82427739007758,47.0313267843548,0.009970502059302312,0.2222,1.6550900000000002,True,True,True,False,-31.983127026275792,662.1829817492297,22.706802559848306,46.57531405546337,26.252367346132576,-16.800006932922493,708.9343317514757
2025-08-16T08:45:00Z,2025-08-16T09:00:00Z,2025-08-16,2025-08-16_11,-8.339798442314418,40,31,60,47.0313267843548,51.19001162608712,0.011551902338145324,0.0,2.43536,True,True,True,False,-31.983127026275792,662.1829817492297,22.706802559848306,46.57531405546337,0.0,-54.87929926522873,644.6026720730368
2025-08-16T09:00:00Z,2025-08-16T09:15:00Z,2025-08-16,2025-08-16_12,0.0,29,29,71,51.19001162608712,49.93286112173929,0.004130922512077294,1.26237,0.12498999999999999,True,True,True,False,0.0,783.5831950699219,16.46243185589002,54.34492770798767,162.54921218298176,-4.998884050327881,1011.9408827664535
2025-08-16T09:15:00Z,2025-08-16T09:30:00Z,2025-08-16,2025-08-16_12,0.0,29,29,71,49.93286112173929,48.84677960000016,0.003016893115942029,0.9991949999999999,0.0,True,True,True,False,0.0,783.5831950699219,16.46243185589002,54.34492770798767,124.98601610867503,0.0,979.3765707424747
2025-08-16T09:30:00Z,2025-08-16T09:45:00Z,2025-08-16,2025-08-16_12,0.0,29,29,71,48.84677960000016,48.92267537391321,0.00027386507246376815,0.01044,0.09483000000000001,True,True,True,False,0.0,783.5831950699219,16.46243185589002,54.34492770798767,1.1341550130362643,-4.706773204550842,850.817936442285
2025-08-16T09:45:00Z,2025-08-16T10:00:00Z,2025-08-16,2025-08-16_12,0.0,29,29,71,48.92267537391321,49.06634717391321,0.0003990883333333334,0.0,0.156165,True,True,True,False,0.0,783.5831950699219,16.46243185589002,54.34492770798767,0.0,-8.135830054515287,846.2547245792842
2025-08-16T10:00:00Z,2025-08-16T10:15:00Z,2025-08-16,2025-08-16_13,-29.0,29,0,71,49.06634717391321,55.722073373913204,0.018488128333333333,0.015515,0.0,True,True,True,False,-1.2325000000000002,783.5831950699219,16.46243185589002,0.0,1.6854803665955596,0.0,800.4986072924074
2025-08-16T10:15:00Z,2025-08-16T10:30:00Z,2025-08-16,2025-08-16_13,-29.0,29,0,71,55.722073373913204,62.386070373913206,0.01851110277777778,0.0065249999999999996,0.0,True,True,True,False,-1.2325000000000002,783.5831950699219,16.46243185589002,0.0,0.7088468831476652,0.0,799.5219738089596
2025-08-16T10:30:00Z,2025-08-16T10:45:00Z,2025-08-16,2025-08-16_13,-29.0,29,0,71,62.386070373913206,69.05486977391321,0.01852444277777778,0.001305,0.0,True,True,True,False,-1.2325000000000002,783.5831950699219,16.46243185589002,0.0,0.14176937662953304,0.0,798.9548963024414
2025-08-16T10:45:00Z,2025-08-16T11:00:00Z,2025-08-16,2025-08-16_13,-29.0,29,0,71,69.05486977391321,75.72180157391321,0.018519255000000002,0.0033350000000000003,0.0,True,True,True,False,-1.2325000000000002,783.5831950699219,16.46243185589002,0.0,0.36229951805325117,0.0,799.1754264438651
2025-08-16T11:00:00Z,2025-08-16T11:15:00Z,2025-08-16,2025-08-16_14,-29.0,29,0,71,75.72180157391321,82.22091617391321,0.018053096111111114,0.18574499999999997,0.0,True,True,True,False,0.0725,783.5831950699219,16.46243185589002,0.0,20.1785079402702,0.0,820.2966348660821
2025-08-16T11:15:00Z,2025-08-16T11:30:00Z,2025-08-16,2025-08-16_14,-29.0,29,0,71,82.22091617391321,87.52663437391321,0.014738106111111114,1.482915,0.0,True,True,True,False,0.0725,783.5831950699219,16.46243185589002,0.0,192.7974029598246,0.0,992.9155298856365
2025-08-16T11:30:00Z,2025-08-16T11:45:00Z,2025-08-16,2025-08-16_14,-29.0,29,0,71,87.52663437391321,93.23775517391321,0.015864224444444446,1.04226,0.0,True,True,True,False,0.0725,783.5831950699219,16.46243185589002,0.0,131.35444592320454,0.0,931.4725728490164
2025-08-16T11:45:00Z,2025-08-16T12:00:00Z,2025-08-16,2025-08-16_14,-29.0,29,0,71,93.23775517391321,99.60733837391322,0.01769328666666667,0.32654,0.0,True,True,True,False,0.0725,783.5831950699219,16.46243185589002,0.0,39.02084632219325,0.0,839.1389732480052
2025-08-16T12:00:00Z,2025-08-16T12:15:00Z,2025-08-16,2025-08-16_15,-24.999999999999947,29,4,71,99.60733837391322,105.34237244347844,0.015945867584541033,0.01827,0.00246,True,True,True,False,0.06249999999999987,783.5831950699219,16.46243185589002,7.481630718179663,1.984771272813463,-0.18949988148850436,809.3850290353165
2025-08-16T12:15:00Z,2025-08-16T12:30:00Z,2025-08-16,2025-08-16_15,-24.999999999999947,29,4,71,105.34237244347844,111.02407900000017,0.015843146231884025,0.07279000000000001,0.00037999999999999997,True,True,True,False,0.06249999999999987,783.5831950699219,16.46243185589002,7.481630718179663,7.907580785336178,-0.029272339416923435,815.4680660899108
2025-08-16T12:30:00Z,2025-08-16T12:45:00Z,2025-08-16,2025-08-16_15,-24.999999999999947,29,4,71,111.02407900000017,116.69232740000015,0.015817356666666636,0.08671,2e-05,True,True,True,False,0.06249999999999987,783.5831950699219,16.46243185589002,7.481630718179663,9.102220743462114,-0.0015406494429959705,816.6904377380107
2025-08-16T12:45:00Z,2025-08-16T13:00:00Z,2025-08-16,2025-08-16_15,-24.999999999999947,29,4,71,116.69232740000015,122.17021653043493,0.015456696859903349,0.28855000000000003,0.0,True,True,True,False,0.06249999999999987,783.5831950699219,16.46243185589002,7.481630718179663,29.750948091964926,0.0,837.3407057359565
2025-08-16T13:00:00Z,2025-08-16T13:15:00Z,2025-08-16,2025-08-16_16,-48.99999999999997,49,0,51,122.17021653043493,133.42759413043493,0.031270493333333316,0.013720000000000001,0.0,True,True,True,False,-0.12249999999999993,562.8555344868452,27.815833135814174,0.0,1.4146006162597773,0.0,591.9634682389191
2025-08-16T13:15:00Z,2025-08-16T13:30:00Z,2025-08-16,2025-08-16_16,-48.99999999999997,49,0,51,133.42759413043493,144.67144773043492,0.03123292666666665,0.02842,0.0,True,True,True,False,-0.12249999999999993,562.8555344868452,27.815833135814174,0.0,2.9302441336809673,0.0,593.4791117563403
2025-08-16T13:30:00Z,2025-08-16T13:45:00Z,2025-08-16,2025-08-16_16,-48.99999999999997,49,0,51,144.67144773043492,155.92386653043494,0.031256718888888875,0.01911,0.0,True,True,True,False,-0.12249999999999993,562.8555344868452,27.815833135814174,0.0,1.8684226119933631,0.0,592.4172902346527
2025-08-16T13:45:00Z,2025-08-16T14:00:00Z,2025-08-16,2025-08-16_16,-48.99999999999997,49,0,51,155.92386653043494,166.53321913043493,0.029470423888888875,0.7180949999999999,0.0,True,True,True,False,-0.12249999999999993,562.8555344868452,27.815833135814174,0.0,88.40477360156434,0.0,678.9536412242237
2025-08-16T14:00:00Z,2025-08-16T14:15:00Z,2025-08-16,2025-08-16_17,0.0,100,100,0,166.53321913043493,177.41670000000016,0.030352664251207733,0.02,11.8535,True,True,True,False,0.0,0.0,61.89262858497274,146.03579047167574,1.9554396776487317,7072.410395038319,7282.294253772616
2025-08-16T14:15:00Z,2025-08-16T14:30:00Z,2025-08-16,2025-08-16_17,0.0,100,100,0,177.41670000000016,185.91842000000017,0.02361588888888889,0.0,9.241,True,True,True,False,0.0,0.0,61.89262858497274,146.03579047167574,0.0,-92.04859563877696,115.87982341787152
2025-08-16T14:30:00Z,2025-08-16T14:45:00Z,2025-08-16,2025-08-16_17,0.0,100,100,0,185.91842000000017,189.99816000000015,0.011332611111111111,0.0,4.4345,True,True,True,False,0.0,0.0,61.89262858497274,146.03579047167574,0.0,-46.30088182428695,161.62753723236153
2025-08-16T14:45:00Z,2025-08-16T15:00:00Z,2025-08-16,2025-08-16_17,0.0,100,100,0,189.99816000000015,182.48369565217405,0.02088373429951691,6.915,0.002,True,True,True,False,0.0,0.0,61.89262858497274,146.03579047167574,865.0551908035078,-0.15406494429959705,1072.8295449158568
2025-08-16T15:00:00Z,2025-08-16T15:15:00Z,2025-08-16,2025-08-16_18,-13.758251532711908,100,86,0,182.48369565217405,185.63559528792214,0.01184873078707622,0.594,0.67338,True,True,True,False,-292.5348232142869,0.0,62.633325432566956,79.82875088883621,56.50684877933159,-28.416348708224696,-121.98224682177685
2025-08-16T15:15:00Z,2025-08-16T15:30:00Z,2025-08-16,2025-08-16_18,-13.758251532711908,100,86,0,185.63559528792214,188.88508907796944,0.009153963597803414,0.0245,0.12083000000000002,True,True,True,False,-292.5348232142869,0.0,62.633325432566956,79.82875088883621,2.298629217034052,-8.394639667772775,-156.16875734362247
2025-08-16T15:30:00Z,2025-08-16T15:45:00Z,2025-08-16,2025-08-16_18,-13.758251532711908,100,86,0,188.88508907796944,189.98393660790776,0.01336386765352613,1.9799999999999998,0.044719999999999996,True,True,True,False,-292.5348232142869,0.0,62.633325432566956,79.82875088883621,311.63372837165196,-3.4448921545389894,158.11608932422922
2025-08-16T15:45:00Z,2025-08-16T16:00:00Z,2025-08-16,2025-08-16_18,-13.758251532711908,100,86,0,189.98393660790776,172.51657760000018,0.05246468781192234,19.391,0.0,True,True,True,False,-292.5348232142869,0.0,62.633325432566956,79.82875088883621,22969.636856482575,0.0,22819.56410958969
2025-08-16T16:00:00Z,2025-08-16T16:15:00Z,2025-08-16,2025-08-16_19,0.0,62,62,38,172.51657760000018,169.65081521739148,0.007979464396135267,2.63965,0.00372,True,True,True,False,0.0,419.3825551078455,65.48648968949986,57.55095994311447,409.05398686497585,-0.2865607963972505,951.1874308090385
2025-08-16T16:15:00Z,2025-08-16T16:30:00Z,2025-08-16,2025-08-16_19,0.0,62,62,38,169.65081521739148,166.24148913043496,0.009470350241545895,3.1365800000000004,0.0,True,True,True,False,0.0,419.3825551078455,65.48648968949986,57.55095994311447,601.1945607687446,0.0,1143.6145655092046
2025-08-16T16:30:00Z,2025-08-16T16:45:00Z,2025-08-16,2025-08-16_19,0.0,62,62,38,166.24148913043496,158.94267391304365,0.020274486714975844,6.714910000000001,0.0,True,True,True,False,0.0,419.3825551078455,65.48648968949986,57.55095994311447,1452.1728984474994,0.0,1994.5929031879593
2025-08-16T16:45:00Z,2025-08-16T17:00:00Z,2025-08-16,2025-08-16_19,0.0,62,62,38,158.94267391304365,151.82413043478277,0.01977373188405797,6.54906,0.0,True,True,True,False,0.0,419.3825551078455,65.48648968949986,57.55095994311447,1645.6330708580233,0.0,2188.0530755984832
2025-08-16T17:00:00Z,2025-08-16T17:15:00Z,2025-08-16,2025-08-16_20,25.0,0,25,75,151.82413043478277,145.0330978260871,0.018863979468599034,0.0,0.00225,True,True,True,False,1114.125,827.7287271865372,0.0,22.591253851623605,0.0,-0.17332306233704667,1964.2716579758237
2025-08-16T17:15:00Z,2025-08-16T17:30:00Z,2025-08-16,2025-08-16_20,25.0,0,25,75,145.0330978260871,138.24070652173927,0.018867753623188405,0.0,0.001,True,True,True,False,1114.125,827.7287271865372,0.0,22.591253851623605,0.0,-0.07703247214979853,1964.367948566011
2025-08-16T17:30:00Z,2025-08-16T17:45:00Z,2025-08-16,2025-08-16_20,25.0,0,25,75,138.24070652173927,131.4472282608697,0.018870772946859904,0.0,0.0,True,True,True,False,1114.125,827.7287271865372,0.0,22.591253851623605,0.0,0.0,1964.4449810381607
2025-08-16T17:45:00Z,2025-08-16T18:00:00Z,2025-08-16,2025-08-16_20,25.0,0,25,75,131.4472282608697,124.65375000000013,0.0188707729468599,0.0,0.0,True,True,True,False,1114.125,827.7287271865372,0.0,22.591253851623605,0.0,0.0,1964.4449810381607
2025-08-16T18:00:00Z,2025-08-16T18:15:00Z,2025-08-16,2025-08-16_21,70.0,0,70,30,124.65375000000013,105.63201086956535,0.052838164251207735,0.0,0.0,True,True,True,False,3337.075,331.09149087461486,0.0,62.902939085091255,0.0,0.0,3731.0694299597058
2025-08-16T18:15:00Z,2025-08-16T18:30:00Z,2025-08-16,2025-08-16_21,70.0,0,70,30,105.63201086956535,86.61027173913055,0.05283816425120773,0.0,0.0,True,True,True,False,3337.075,331.09149087461486,0.0,62.902939085091255,0.0,0.0,3731.0694299597058
2025-08-16T18:30:00Z,2025-08-16T18:45:00Z,2025-08-16,2025-08-16_21,70.0,0,70,30,86.61027173913055,70.34554347826099,0.04517980072463769,0.0,2.53645,True,True,True,False,3337.075,331.09149087461486,0.0,62.902939085091255,0.0,-173.74291721972028,3557.3265127399854
2025-08-16T18:45:00Z,2025-08-16T19:00:00Z,2025-08-16,2025-08-16_21,70.0,0,70,30,70.34554347826099,53.316902173913164,0.047301781400966185,0.0,1.83365,True,True,True,False,3337.075,331.09149087461486,0.0,62.902939085091255,0.0,-131.28228471399225,3599.787145245714
2025-08-16T19:00:00Z,2025-08-16T19:15:00Z,2025-08-16,2025-08-16_22,5.680789738060164,19,25,75,53.316902173913164,51.93816700510357,0.004530398874825445,0.00456,0.177375,True,True,True,False,208.35716561770167,827.7287271865372,20.181026309552028,23.206032235126806,0.625602133206921,-14.441480949277079,1065.6570725328475
2025-08-16T19:15:00Z,2025-08-16T19:30:00Z,2025-08-16,2025-08-16_22,5.680789738060164,19,25,75,51.93816700510357,50.91217594824829,0.005004539349499609,0.004465,0.5455,True,True,True,False,208.35716561770167,827.7287271865372,20.181026309552028,23.206032235126806,0.6107784516473098,-40.63817689815912,1039.4455529024058
2025-08-16T19:30:00Z,2025-08-16T19:45:00Z,2025-08-16,2025-08-16_22,5.680789738060164,19,25,75,50.91217594824829,50.929801949600446,0.0063885646628273045,0.0,1.6298750000000002,True,True,True,False,208.35716561770167,827.7287271865372,20.181026309552028,23.206032235126806,0.0,-102.36424979754287,977.1087015513748
2025-08-16T19:45:00Z,2025-08-16T20:00:00Z,2025-08-16,2025-08-16_22,5.680789738060164,19,25,75,50.929801949600446,50.760869565217455,0.0061375773115067735,0.0,1.435125,True,True,True,False,208.35716561770167,827.7287271865372,20.181026309552028,23.206032235126806,0.0,-83.6294517361934,995.8434996127243
2025-08-16T20:00:00Z,2025-08-16T20:15:00Z,2025-08-16,2025-08-16_23,1.4568766764233987,23,25,75,50.760869565217455,51.213124811446015,0.0031346325630935844,0.0,0.91225,True,True,True,False,37.90428892884577,827.7287271865372,15.264280635221613,23.206032235126806,0.0,-65.29989575926365,838.8034332264677
2025-08-16T20:15:00Z,2025-08-16T20:30:00Z,2025-08-16,2025-08-16_23,1.4568766764233987,23,25,75,51.213124811446015,51.430739599718656,0.0025716649265523396,0.0,0.659875,True,True,True,False,37.90428892884577,827.7287271865372,15.264280635221613,23.206032235126806,0.0,-41.94783718989492,862.1554917958365
2025-08-16T20:30:00Z,2025-08-16T20:45:00Z,2025-08-16,2025-08-16_23,1.4568766764233987,23,25,75,51.430739599718656,51.071108645214146,0.0011866920435902972,0.0,0.039,True,True,True,False,37.90428892884577,827.7287271865372,15.264280635221613,23.206032235126806,0.0,-3.0911744489215454,901.0121545368098
2025-08-16T20:45:00Z,2025-08-16T21:00:00Z,2025-08-16,2025-08-16_23,1.4568766764233987,23,25,75,51.071108645214146,50.76086956521745,0.001305196870499673,0.0,0.092125,True,True,True,False,37.90428892884577,827.7287271865372,15.264280635221613,23.206032235126806,0.0,-6.830584360432961,897.2727446252984
2025-08-16T21:00:00Z,2025-08-16T21:15:00Z,2025-08-17,2025-08-16_24,-0.4845779961899303,27,26,73,50.76086956521745,50.05264886685604,0.0025184059552565948,0.756405,0.00026000000000000003,True,True,True,False,-10.876353124482986,805.6559611282295,18.03893102630955,23.880066366437543,104.02511008236549,-0.020028442758947617,940.7036870361002
2025-08-16T21:15:00Z,2025-08-16T21:30:00Z,2025-08-17,2025-08-16_24,-0.4845779961899303,27,26,73,50.05264886685604,49.77934306577175,0.0013719782510382603,0.35936999999999997,0.005200000000000001,True,True,True,False,-10.876353124482986,805.6559611282295,18.03893102630955,23.880066366437543,49.12639291301255,-0.40056885517895235,885.4244294543272
2025-08-16T21:30:00Z,2025-08-16T21:45:00Z,2025-08-17,2025-08-16_24,-0.4845779961899303,27,26,73,49.77934306577175,49.97910152833867,0.000686180789999438,0.02214,0.12206999999999998,True,True,True,False,-10.876353124482986,805.6559611282295,18.03893102630955,23.880066366437543,2.8250059255747804,-5.797047108319506,833.7265642137488
2025-08-16T21:45:00Z,2025-08-16T22:00:00Z,2025-08-17,2025-08-16_24,-0.4845779961899303,27,26,73,49.97910152833867,50.62289406746235,0.0017883126086769,0.0,0.57863,True,True,True,False,-10.876353124482986,805.6559611282295,18.03893102630955,23.880066366437543,0.0,-11.927700618234969,824.7709047782586
2025-08-16T22:00:00Z,2025-08-16T22:15:00Z,2025-08-17,2025-08-17_1,4.8411817151365355,24,29,71,50.62289406746235,50.9508790334897,0.00647170445898974,0.0,1.73391,True,True,True,False,109.02341222487478,783.5831950699219,16.11282294382555,26.781524057833607,0.0,-74.57922679544916,860.9217275010067
2025-08-16T22:15:00Z,2025-08-16T22:30:00Z,2025-08-17,2025-08-17_1,4.8411817151365355,24,29,71,50.9508790334897,50.36625353975621,0.004907250482253909,0.0,0.77111,True,True,True,False,109.02341222487478,783.5831950699219,16.11282294382555,26.781524057833607,0.0,-37.62626279726633,897.8746914991895
2025-08-16T22:30:00Z,2025-08-16T22:45:00Z,2025-08-17,2025-08-17_1,4.8411817151365355,24,29,71,50.36625353975621,49.23480502925126,0.0039745395839396935,0.0009600000000000001,0.195315,True,True,True,False,109.02341222487478,783.5831950699219,16.11282294382555,26.781524057833607,0.10429011614126571,-9.284445200284425,926.3207992123126
2025-08-16T22:45:00Z,2025-08-16T23:00:00Z,2025-08-17,2025-08-17_1,4.8411817151365355,24,29,71,49.23480502925126,48.58695652173916,0.004798869634467993,0.0,0.70441,True,True,True,False,109.02341222487478,783.5831950699219,16.11282294382555,26.781524057833607,0.0,-33.431648105791254,902.0693061906645
2025-08-16T23:00:00Z,2025-08-16T23:15:00Z,2025-08-17,2025-08-17_2,6.98621474070369,22,29,71,48.58695652173916,48.58695652173917,0.00767070347360177,0.0,1.977075,True,True,True,False,146.32626774403877,783.5831950699219,14.189973927470962,26.918997392747094,0.0,-73.1277195721735,897.8907145620052
2025-08-16T23:15:00Z,2025-08-16T23:30:00Z,2025-08-17,2025-08-17_2,6.98621474070369,22,29,71,48.58695652173917,49.59764139607888,0.00894697387325408,0.0,3.0296299999999996,True,True,True,False,146.32626774403877,783.5831950699219,14.189973927470962,26.918997392747094,0.0,-72.19277728332148,898.8256568508573
2025-08-16T23:30:00Z,2025-08-16T23:45:00Z,2025-08-17,2025-08-17_2,6.98621474070369,22,29,71,49.59764139607888,48.90050691945416,0.006790377548397317,0.0,1.2510599999999998,True,True,True,False,146.32626774403877,783.5831950699219,14.189973927470962,26.918997392747094,0.0,-46.52678993837401,924.4916441958047
2025-08-16T23:45:00Z,2025-08-17T00:00:00Z,2025-08-17,2025-08-17_2,6.98621474070369,22,29,71,48.90050691945416,49.204868007111784,0.008055043891516078,0.0,2.2940449999999997,True,True,True,False,146.32626774403877,783.5831950699219,14.189973927470962,26.918997392747094,0.0,-83.56399203997786,887.4544420942009
2025-08-17T00:00:00Z,2025-08-17T00:15:00Z,2025-08-17,2025-08-17_3,0.0,29,29,71,49.204868007111784,49.64343878972048,0.001220003381642512,0.00029,0.47705,True,True,True,False,0.0,783.5831950699219,18.687781464802086,26.918997392747094,0.03150430591767401,-19.61880845579521,809.6026697775935
2025-08-17T00:15:00Z,2025-08-17T00:30:00Z,2025-08-17,2025-08-17_3,0.0,29,29,71,49.64343878972048,49.86182795493787,0.0006302778743961352,0.003915,0.242005,True,True,True,False,0.0,783.5831950699219,18.687781464802086,26.918997392747094,0.48029737793315946,-9.850800427628979,819.8194708777753
2025-08-17T00:30:00Z,2025-08-17T00:45:00Z,2025-08-17,2025-08-17_3,0.0,29,29,71,49.86182795493787,49.970148754937874,0.00030089111111111116,0.0,0.11774000000000001,True,True,True,False,0.0,783.5831950699219,18.687781464802086,26.918997392747094,0.0,-5.3158582088962625,823.8741157185748
2025-08-17T00:45:00Z,2025-08-17T01:00:00Z,2025-08-17,2025-08-17_3,0.0,29,29,71,49.970148754937874,50.59526115493787,0.0017364233333333333,0.0,0.67947,True,True,True,False,0.0,783.5831950699219,18.687781464802086,26.918997392747094,0.0,-25.62278846883148,803.5671854586396
2025-08-17T01:00:00Z,2025-08-17T01:15:00Z,2025-08-17,2025-08-17_4,0.0,29,29,71,50.59526115493787,51.02387535493787,0.001190595,0.0,0.465885,True,True,True,False,0.0,783.5831950699219,18.687781464802086,26.918997392747094,0.0,-18.522213907324012,810.667760020147
2025-08-17T01:15:00Z,2025-08-17T01:30:00Z,2025-08-17,2025-08-17_4,0.0,29,29,71,51.02387535493787,51.12272475493787,0.0002745816666666667,0.0,0.107445,True,True,True,False,0.0,783.5831950699219,18.687781464802086,26.918997392747094,0.0,-6.329106426285849,822.8608675011852
2025-08-17T01:30:00Z,2025-08-17T01:45:00Z,2025-08-17,2025-08-17_4,0.0,29,29,71,51.12272475493787,51.18076611145961,0.00016560400966183575,0.0007250000000000001,0.063945,True,True,True,False,0.0,783.5831950699219,18.687781464802086,26.918997392747094,0.08975863158726397,-4.772104657501777,824.5076279015566
2025-08-17T01:45:00Z,2025-08-17T02:00:00Z,2025-08-17,2025-08-17_4,0.0,29,29,71,51.18076611145961,51.10522363319874,0.000220956884057971,0.07134,0.002175,True,True,True,False,0.0,783.5831950699219,18.687781464802086,26.918997392747094,9.042304136051197,-0.16754562692581176,838.0647324365965
2025-08-17T02:00:00Z,2025-08-17T02:15:00Z,2025-08-17,2025-08-17_5,0.0,29,29,71,51.10522363319874,50.88005124189439,0.0006625344202898551,0.213295,0.00725,True,True,True,False,0.0,783.5831950699219,20.698328987911825,26.918997392747094,28.427579105435726,-0.45744252192462664,859.170658034092
2025-08-17T02:15:00Z,2025-08-17T02:30:00Z,2025-08-17,2025-08-17_5,0.0,29,29,71,50.88005124189439,50.715132276677,0.00046477823671497586,0.15283000000000002,0.001305,True,True,True,False,0.0,783.5831950699219,20.698328987911825,26.918997392747094,19.420983639488036,-0.10052737615548707,850.5209777139133
2025-08-17T02:30:00Z,2025-08-17T02:45:00Z,2025-08-17,2025-08-17_5,0.0,29,29,71,50.715132276677,50.71414173754656,7.167483091787439e-05,0.012325000000000001,0.013484999999999999,True,True,True,False,0.0,783.5831950699219,20.698328987911825,26.918997392747094,1.4599092498222328,-1.038782886940033,831.621647813463
2025-08-17T02:45:00Z,2025-08-17T03:00:00Z,2025-08-17,2025-08-17_5,0.0,29,29,71,50.71414173754656,50.74847950276395,0.00019957954106280195,0.017255,0.05771,True,True,True,False,0.0,783.5831950699219,20.698328987911825,26.918997392747094,2.105462407165995,-2.910315254404677,830.3956686033421
2025-08-17T03:00:00Z,2025-08-17T03:15:00Z,2025-08-17,2025-08-17_6,0.0,29,29,71,50.74847950276395,50.26013614624221,0.0018411959903381642,0.52954,0.09483000000000001,True,True,True,False,0.0,783.5831950699219,30.115252429485654,37.229497511258586,70.64654348581813,-4.359673826736194,917.2148146697481
2025-08-17T03:15:00Z,2025-08-17T03:30:00Z,2025-08-17,2025-08-17_6,0.0,29,29,71,50.26013614624221,50.236981537546555,9.76683574879227e-05,0.026825,0.0065249999999999996,True,True,True,False,0.0,783.5831950699219,30.115252429485654,37.229497511258586,3.3155695761238837,-0.5026368807774353,853.7408777060126
2025-08-17T03:30:00Z,2025-08-17T03:45:00Z,2025-08-17,2025-08-17_6,0.0,29,29,71,50.236981537546555,50.25208246798134,8.922963768115942e-05,0.00783,0.025664999999999997,True,True,True,False,0.0,783.5831950699219,30.115252429485654,37.229497511258586,0.9358495555818914,-1.95985337165205,849.903941194596
2025-08-17T03:45:00Z,2025-08-17T04:00:00Z,2025-08-17,2025-08-17_6,0.0,29,29,71,50.25208246798134,50.496204467981336,0.0006781166666666667,0.0,0.26535000000000003,True,True,True,False,0.0,783.5831950699219,30.115252429485654,37.229497511258586,0.0,-12.385148880066367,838.5427961305998
2025-08-17T04:00:00Z,2025-08-17T04:15:00Z,2025-08-17,2025-08-17_7,3.6961360716273144,25,29,71,50.496204467981336,48.99445661908833,0.004229720689515805,0.46887500000000004,0.013049999999999999,True,True,True,False,78.61681424351298,783.5831950699219,25.361460061625976,41.73174922967528,62.61001935687762,-0.9723368689262857,990.9309010926875
2025-08-17T04:15:00Z,2025-08-17T04:30:00Z,2025-08-17,2025-08-17_7,3.6961360716273144,25,29,71,48.99445661908833,49.103388108053274,0.004976698239051166,0.0008750000000000001,1.1837799999999998,True,True,True,False,78.61681424351298,783.5831950699219,25.361460061625976,41.73174922967528,0.1092775242948566,-45.91391319032945,883.4885829387015
2025-08-17T04:30:00Z,2025-08-17T04:45:00Z,2025-08-17,2025-08-17_7,3.6961360716273144,25,29,71,49.103388108053274,50.29014104315816,0.007084852207642205,0.0,2.3278299999999996,True,True,True,False,78.61681424351298,783.5831950699219,25.361460061625976,41.73174922967528,0.0,-39.5907659753496,889.7024526293865
2025-08-17T04:45:00Z,2025-08-17T05:00:00Z,2025-08-17,2025-08-17_7,3.6961360716273144,25,29,71,50.29014104315816,51.31420329788957,0.006765958838168202,0.0,2.15499,True,True,True,False,78.61681424351298,783.5831950699219,25.361460061625976,41.73174922967528,0.0,-45.493665797582366,883.7995528071538
2025-08-17T05:00:00Z,2025-08-17T05:15:00Z,2025-08-17,2025-08-17_8,8.549672723761418,20,29,71,51.31420329788957,48.6468868661982,0.007492831426227753,0.3372,0.023200000000000002,True,True,True,False,161.63156284270963,783.5831950699219,20.265465750177768,42.35037923678596,42.695748755629296,-1.771976297700877,1048.7543753575237
2025-08-17T05:15:00Z,2025-08-17T05:30:00Z,2025-08-17,2025-08-17_8,8.549672723761418,20,29,71,48.6468868661982,48.58695652173915,0.008583259821306168,0.0,2.335225,True,True,True,False,161.63156284270963,783.5831950699219,20.265465750177768,42.35037923678596,0.0,-23.85962684680414,983.9709760527911
2025-08-17T05:30:00Z,2025-08-17T05:45:00Z,2025-08-17,2025-08-17_8,8.549672723761418,20,29,71,48.58695652173915,50.18058590884276,0.0101391790856778,0.0,4.041295,True,True,True,False,161.63156284270963,783.5831950699219,20.265465750177768,42.35037923678596,0.0,21.644891210397407,1029.4754941099927
2025-08-17T05:45:00Z,2025-08-17T06:00:00Z,2025-08-17,2025-08-17_8,8.549672723761418,20,29,71,50.18058590884276,49.383959991304366,0.007890065126096572,0.0,1.575135,True,True,True,False,161.63156284270963,783.5831950699219,20.265465750177768,42.35037923678596,0.0,-28.73342674508177,979.0971761545135
2025-08-17T06:00:00Z,2025-08-17T06:15:00Z,2025-08-17,2025-08-17_9,0.0,29,29,71,49.383959991304366,48.68277504347828,0.002256038188405797,0.696145,0.06031999999999999,True,True,True,False,0.0,783.5831950699219,18.0605593742593,42.35037923678596,85.1255478134629,-4.405785762818993,924.713895731611
2025-08-17T06:15:00Z,2025-08-17T06:30:00Z,2025-08-17,2025-08-17_9,0.0,29,29,71,48.68277504347828,48.67652415652176,0.00011222579710144928,0.02146,0.01856,True,True,True,False,0.0,783.5831950699219,18.0605593742593,42.35037923678596,2.3313186379078767,-1.4810460614679624,844.8444062574071
2025-08-17T06:30:00Z,2025-08-17T06:45:00Z,2025-08-17,2025-08-17_9,0.0,29,29,71,48.67652415652176,48.58695652173915,0.00029845342995169085,0.09062500000000001,0.009715,True,True,True,False,0.0,783.5831950699219,18.0605593742593,42.35037923678596,9.84509559927313,-0.7752350477996365,853.0639942324407
2025-08-17T06:45:00Z,2025-08-17T07:00:00Z,2025-08-17,2025-08-17_9,0.0,29,29,71,48.58695652173915,49.218158417391315,0.001783984734299517,0.0050750000000000005,0.692085,True,True,True,False,0.0,783.5831950699219,18.0605593742593,42.35037923678596,0.5513253535592952,-26.87632292012325,817.6691361144032
2025-08-17T07:00:00Z,2025-08-17T07:15:00Z,2025-08-17,2025-08-17_10,0.0,29,29,71,49.218158417391315,48.80230295652175,0.0014086140579710144,0.42456,0.04959,True,True,True,False,0.0,783.5831950699219,16.359326854704904,43.45016591609386,45.80682730504859,-3.514162811092676,885.6853523346765
2025-08-17T07:15:00Z,2025-08-17T07:30:00Z,2025-08-17,2025-08-17_10,0.0,29,29,71,48.80230295652175,49.09870161739131,0.000978311497584541,0.025664999999999997,0.352495,True,True,True,False,0.0,783.5831950699219,16.359326854704904,43.45016591609386,2.6308297878644225,-16.368375607371416,829.6551420212137
2025-08-17T07:30:00Z,2025-08-17T07:45:00Z,2025-08-17,2025-08-17_10,0.0,29,29,71,49.09870161739131,49.131110000000014,0.00017233004830917873,0.01363,0.051329999999999994,True,True,True,False,0.0,783.5831950699219,16.359326854704904,43.45016591609386,1.397163842142688,-4.258236548945247,840.5316151339181
2025-08-17T07:45:00Z,2025-08-17T08:00:00Z,2025-08-17,2025-08-17_10,0.0,29,29,71,49.131110000000014,49.04436746956523,0.0002957936956521739,0.088885,0.01073,True,True,True,False,0.0,783.5831950699219,16.359326854704904,43.45016591609386,9.216156781820336,-0.8901398435648257,851.7187047789762
2025-08-17T08:00:00Z,2025-08-17T08:15:00Z,2025-08-17,2025-08-17_11,0.0,29,29,71,49.04436746956523,49.08292360000001,0.00017452185990338167,0.011165,0.0551,True,True,True,False,0.0,783.5831950699219,16.46243185589002,43.570455084143155,1.0755475527376155,-4.57098838587343,840.1206411768193
2025-08-17T08:15:00Z,2025-08-17T08:30:00Z,2025-08-17,2025-08-17_11,0.0,29,29,71,49.08292360000001,49.09081059130436,0.00010333946859903382,0.013484999999999999,0.024505000000000002,True,True,True,False,0.0,783.5831950699219,16.46243185589002,43.570455084143155,1.2990379533064704,-2.0328869400331833,842.8822330232283
2025-08-17T08:30:00Z,2025-08-17T08:45:00Z,2025-08-17,2025-08-17_11,0.0,29,29,71,49.09081059130436,48.72106059130436,0.0010270833333333334,0.34017000000000003,0.0,True,True,True,False,0.0,783.5831950699219,16.46243185589002,43.570455084143155,36.08752988859919,0.0,879.7036118985543
2025-08-17T08:45:00Z,2025-08-17T09:00:00Z,2025-08-17,2025-08-17_11,0.0,29,29,71,48.72106059130436,48.66349004347827,0.00025774485507246375,0.069165,0.01914,True,True,True,False,0.0,783.5831950699219,16.46243185589002,43.570455084143155,6.662807566958994,-1.5878170182507703,848.6910725586633
2025-08-17T09:00:00Z,2025-08-17T09:15:00Z,2025-08-17,2025-08-17_12,-28.941908797697298,29,0,71,48.66349004347827,55.29504075016587,0.018421303929990716,0.02726,0.0,True,True,True,False,-2.8218361077754865,783.5831950699219,16.46243185589002,0.0,2.4336824286955836,0.0,799.657473246732
2025-08-17T09:15:00Z,2025-08-17T09:30:00Z,2025-08-17,2025-08-17_12,-28.941908797697298,29,0,71,55.29504075016587,61.54986635963127,0.01737979675969052,0.436595,0.0,True,True,True,False,-2.8218361077754865,783.5831950699219,16.46243185589002,0.0,45.54340897724579,0.0,842.7671997952822
2025-08-17T09:30:00Z,2025-08-17T09:45:00Z,2025-08-17,2025-08-17_12,-28.941908797697298,29,0,71,61.54986635963127,68.1810167208383,0.0184201971210956,0.027695,0.0,True,True,True,False,-2.8218361077754865,783.5831950699219,16.46243185589002,0.0,2.4725177866003003,0.0,799.6963086046367
2025-08-17T09:45:00Z,2025-08-17T10:00:00Z,2025-08-17,2025-08-17_12,-28.941908797697298,29,0,71,68.1810167208383,74.83765574430868,0.018490663954084385,0.0,0.0,True,True,True,False,-2.8218361077754865,783.5831950699219,16.46243185589002,0.0,0.0,0.0,797.2237908180364
2025-08-17T10:00:00Z,2025-08-17T10:15:00Z,2025-08-17,2025-08-17_13,-27.0,29,2,71,74.83765574430868,81.07172294430868,0.017316853333333333,0.0,0.026160000000000003,True,True,True,False,-0.0675,783.5831950699219,16.46243185589002,3.7111874851860627,0.0,-1.6707615074662243,802.0185529035317
2025-08-17T10:15:00Z,2025-08-17T10:30:00Z,2025-08-17,2025-08-17_13,-27.0,29,2,71,81.07172294430868,87.25989817039563,0.017199943260869564,0.025374999999999998,0.00197,True,True,True,False,-0.0675,783.5831950699219,16.46243185589002,3.7111874851860627,2.2556223828711386,-0.16342735245318793,805.7815094414159
2025-08-17T10:30:00Z,2025-08-17T10:45:00Z,2025-08-17,2025-08-17_13,-27.0,29,2,71,87.25989817039563,93.27749763996084,0.016801604806763286,0.206625,8e-05,True,True,True,False,-0.0675,783.5831950699219,16.46243185589002,3.7111874851860627,20.42884903116852,-0.006636643754444181,824.111526798412
2025-08-17T10:45:00Z,2025-08-17T11:00:00Z,2025-08-17,2025-08-17_13,-27.0,29,2,71,93.27749763996084,99.4034250834391,0.017055837101449273,0.09454000000000001,0.00434,True,True,True,False,-0.0675,783.5831950699219,16.46243185589002,3.7111874851860627,8.403804535039901,-0.34836412261989413,811.744754823418
2025-08-17T11:00:00Z,2025-08-17T11:15:00Z,2025-08-17,2025-08-17_14,-29.0,29,0,71,99.4034250834391,106.06915628343911,0.018515919999999998,0.00464,0.0,True,True,True,False,5.0024999999999995,783.5831950699219,16.46243185589002,0.0,0.4124200047404598,0.0,805.4605469305524
2025-08-17T11:15:00Z,2025-08-17T11:30:00Z,2025-08-17,2025-08-17_14,-29.0,29,0,71,106.06915628343911,112.7359546834391,0.018518884444444446,0.00348,0.0,True,True,True,False,5.0024999999999995,783.5831950699219,16.46243185589002,0.0,0.30931500355534486,0.0,805.3574419293673
2025-08-17T11:30:00Z,2025-08-17T11:45:00Z,2025-08-17,2025-08-17_14,-29.0,29,0,71,112.7359546834391,119.3771402834391,0.01844773777777778,0.03132,0.0,True,True,True,False,5.0024999999999995,783.5831950699219,16.46243185589002,0.0,2.7838350319981036,0.0,807.83196195781
2025-08-17T11:45:00Z,2025-08-17T12:00:00Z,2025-08-17,2025-08-17_14,-29.0,29,0,71,119.3771402834391,126.0241954834391,0.018464042222222223,0.02494,0.0,True,True,True,False,5.0024999999999995,783.5831950699219,16.46243185589002,0.0,2.2167575254799714,0.0,807.2648844512919
2025-08-17T12:00:00Z,2025-08-17T12:15:00Z,2025-08-17,2025-08-17_15,-29.0,29,0,71,126.0241954834391,132.6767200834391,0.018479235,0.018994999999999998,0.0,True,True,True,False,5.944999999999999,783.5831950699219,16.46243185589002,0.0,1.688344394406257,0.0,807.6789713202181
2025-08-17T12:15:00Z,2025-08-17T12:30:00Z,2025-08-17,2025-08-17_15,-29.0,29,0,71,132.6767200834391,139.33338008343912,0.018490722222222224,0.0145,0.0,True,True,True,False,5.944999999999999,783.5831950699219,16.46243185589002,0.0,1.2888125148139369,0.0,807.2794394406259
2025-08-17T12:30:00Z,2025-08-17T12:45:00Z,2025-08-17,2025-08-17_15,-29.0,29,0,71,139.33338008343912,145.98963988343914,0.018489610555555556,0.014934999999999999,0.0,True,True,True,False,5.944999999999999,783.5831950699219,16.46243185589002,0.0,1.327476890258355,0.0,807.3181038160702
2025-08-17T12:45:00Z,2025-08-17T13:00:00Z,2025-08-17,2025-08-17_15,-29.0,29,0,71,145.98963988343914,152.65523768343914,0.018515549444444446,0.004785,0.0,True,True,True,False,5.944999999999999,783.5831950699219,16.46243185589002,0.0,0.4253081298885992,0.0,806.4159350557005
2025-08-17T13:00:00Z,2025-08-17T13:15:00Z,2025-08-17,2025-08-17_16,0.0,29,29,71,152.65523768343914,154.07661468343915,0.003948269444444445,0.0,1.544975,True,True,True,False,0.0,783.5831950699219,16.46243185589002,54.13012562218534,0.0,12.871740045034368,867.0474925930316
2025-08-17T13:15:00Z,2025-08-17T13:30:00Z,2025-08-17,2025-08-17_16,0.0,29,29,71,154.07661468343915,155.45783828343914,0.003836732222222222,0.0,1.5013299999999998,True,True,True,False,0.0,783.5831950699219,16.46243185589002,54.13012562218534,0.0,72.34335996089119,926.5191125088884
2025-08-17T13:30:00Z,2025-08-17T13:45:00Z,2025-08-17,2025-08-17_16,0.0,29,29,71,155.45783828343914,155.68711606604782,0.0008601617149758454,0.036975,0.2929,True,True,True,False,0.0,783.5831950699219,16.46243185589002,54.13012562218534,3.5763971616496795,-14.923332523504781,842.8288171861421
2025-08-17T13:45:00Z,2025-08-17T14:00:00Z,2025-08-17,2025-08-17_16,0.0,29,29,71,155.68711606604782,153.8177193269174,0.005192768719806763,1.719845,0.0,True,True,True,False,0.0,783.5831950699219,16.46243185589002,54.13012562218534,214.50945785632456,0.0,1068.6852104043219
2025-08-17T14:00:00Z,2025-08-17T14:15:00Z,2025-08-17,2025-08-17_17,-54.868127301654546,100,45,0,153.8177193269174,165.8261658616297,0.035473033801149155,0.7765,0.175725,True,True,True,False,-226.19385480107084,0.0,63.43327802796872,65.71610571225409,102.58456407521528,-9.315077150983644,-3.7749841366163928
2025-08-17T14:15:00Z,2025-08-17T14:30:00Z,2025-08-17,2025-08-17_17,-54.868127301654546,100,45,0,165.8261658616297,179.28480614101025,0.037385111887168185,0.0,0.9119249999999999,True,True,True,False,-226.19385480107084,0.0,63.43327802796872,65.71610571225409,0.0,-35.05421111341549,-132.09868217426353
2025-08-17T14:30:00Z,2025-08-17T14:45:00Z,2025-08-17,2025-08-17_17,-54.868127301654546,100,45,0,179.28480614101025,190.00000000000045,0.03503798859811884,1.9349999999999998,0.023399999999999997,True,True,True,False,-226.19385480107084,0.0,63.43327802796872,65.71610571225409,250.16796634273524,-1.7700305759658683,151.35346470592134
2025-08-17T14:45:00Z,2025-08-17T15:00:00Z,2025-08-17,2025-08-17_17,-54.868127301654546,100,45,0,190.00000000000045,181.2201289503463,0.03420523120736635,21.4995,0.0,True,True,True,False,-226.19385480107084,0.0,63.43327802796872,65.71610571225409,24212.888247511262,0.0,24115.843776450416
2025-08-17T15:00:00Z,2025-08-17T15:15:00Z,2025-08-17,2025-08-17_18,0.0,100,100,0,181.2201289503463,176.32619764599846,0.013724586956521737,4.524,0.025499999999999995,True,True,True,False,0.0,0.0,62.633325432566956,146.03579047167574,3054.686508651339,-1.222446669826973,3262.133177885755
2025-08-17T15:15:00Z,2025-08-17T15:30:00Z,2025-08-17,2025-08-17_18,0.0,100,100,0,176.32619764599846,176.38016286338978,0.0005273188405797101,0.0625,0.1325,True,True,True,False,0.0,0.0,62.633325432566956,146.03579047167574,6.246543414711227,-8.922132515604014,205.9935268033499
2025-08-17T15:30:00Z,2025-08-17T15:45:00Z,2025-08-17,2025-08-17_18,0.0,100,100,0,176.38016286338978,176.15897590686805,0.0007805193236714975,0.231,0.0325,True,True,True,False,0.0,0.0,62.633325432566956,146.03579047167574,21.67278976060678,-2.503555344868452,227.83835031998103
2025-08-17T15:45:00Z,2025-08-17T16:00:00Z,2025-08-17,2025-08-17_18,0.0,100,100,0,176.15897590686805,168.58017155904196,0.021052234299516907,6.972499999999999,0.0,True,True,True,False,0.0,0.0,62.633325432566956,146.03579047167574,945.2070178557318,0.0,1153.8761337599744
2025-08-17T16:00:00Z,2025-08-17T16:15:00Z,2025-08-17,2025-08-17_19,10.928997654762412,53,64,36,168.58017155904196,171.5701938781268,0.018693429341200805,0.07579,6.37024,True,True,True,False,271.8041716739412,335.9800900687366,55.367978193884795,93.46290590187247,7.185589002133207,-33.500758473571935,730.2999763669964
2025-08-17T16:15:00Z,2025-08-17T16:30:00Z,2025-08-17,2025-08-17_19,10.928997654762412,53,64,36,171.5701938781268,170.16259217532559,0.010890669539593905,0.0,1.64704,True,True,True,False,271.8041716739412,335.9800900687366,55.367978193884795,93.46290590187247,0.0,-60.263289815912145,696.351856022523
2025-08-17T16:30:00Z,2025-08-17T16:45:00Z,2025-08-17,2025-08-17_19,10.928997654762412,53,64,36,170.16259217532559,170.77372418805982,0.01430355415394884,0.0,3.77536,True,True,True,False,271.8041716739412,335.9800900687366,55.367978193884795,93.46290590187247,0.0,-48.71100298648969,707.9041428519454
2025-08-17T16:45:00Z,2025-08-17T17:00:00Z,2025-08-17,2025-08-17_19,10.928997654762412,53,64,36,170.77372418805982,169.3400194782618,0.010846539622764176,0.0,1.61952,True,True,True,False,271.8041716739412,335.9800900687366,55.367978193884795,93.46290590187247,0.0,-74.35083631192227,682.2643095265128
2025-08-17T17:00:00Z,2025-08-17T17:15:00Z,2025-08-17,2025-08-17_20,100.0,0,100,0,169.3400194782618,162.99436730434877,0.017626811594202905,0.0,19.162,True,True,True,False,2795.0,0.0,0.0,89.86134155013036,0.0,-45.25559650786126,2839.605745042269
2025-08-17T17:15:00Z,2025-08-17T17:30:00Z,2025-08-17,2025-08-17_20,100.0,0,100,0,162.99436730434877,152.43838904347922,0.029322161835748782,0.0,15.288500000000003,True,True,True,False,2795.0,0.0,0.0,89.86134155013036,0.0,-148.2828679781939,2736.5784735719362
2025-08-17T17:30:00Z,2025-08-17T17:45:00Z,2025-08-17,2025-08-17_20,100.0,0,100,0,152.43838904347922,139.62697600000095,0.03558725845410628,0.0,13.2135,True,True,True,False,2795.0,0.0,0.0,89.86134155013036,0.0,-321.57600053330174,2563.2853410168286
2025-08-17T17:45:00Z,2025-08-17T18:00:00Z,2025-08-17,2025-08-17_20,100.0,0,100,0,139.62697600000095,121.10034556521833,0.051462862318840584,0.0,7.9555,True,True,True,False,2795.0,0.0,0.0,89.86134155013036,0.0,-337.9641845421506,2546.89715700798
2025-08-17T18:00:00Z,2025-08-17T18:15:00Z,2025-08-17,2025-08-17_21,25.0,0,25,75,121.10034556521833,114.44287273913139,0.018492980072463767,0.0,0.125125,True,True,True,False,719.0,827.7287271865372,0.0,22.46533538753259,0.0,-9.07774114620368,1560.116321427866
2025-08-17T18:15:00Z,2025-08-17T18:30:00Z,2025-08-17,2025-08-17_21,25.0,0,25,75,114.44287273913139,108.5719488260879,0.01630812198067633,0.0,0.84875,True,True,True,False,719.0,827.7287271865372,0.0,22.46533538753259,0.0,-50.86867148613416,1518.3253910879357
2025-08-17T18:30:00Z,2025-08-17T18:45:00Z,2025-08-17,2025-08-17_21,25.0,0,25,75,108.5719488260879,101.89042708695747,0.01855978260869565,0.0,0.103,True,True,True,False,719.0,827.7287271865372,0.0,22.46533538753259,0.0,-7.337091925416764,1561.856970648653
2025-08-17T18:45:00Z,2025-08-17T19:00:00Z,2025-08-17,2025-08-17_21,25.0,0,25,75,101.89042708695747,95.11977491304444,0.01880736714975845,0.0,0.021,True,True,True,False,719.0,827.7287271865372,0.0,22.46533538753259,0.0,-1.6431127044323297,1567.5509498696374
2025-08-17T19:00:00Z,2025-08-17T19:15:00Z,2025-08-17,2025-08-17_22,25.0,0,25,75,95.11977491304444,88.33838904347922,0.018837182971014492,0.0,0.011125,True,True,True,False,689.1875,827.7287271865372,0.0,23.206032235126806,0.0,-0.8515542782649917,1539.270705143399
2025-08-17T19:15:00Z,2025-08-17T19:30:00Z,2025-08-17,2025-08-17_22,25.0,0,25,75,88.33838904347922,81.55822600000097,0.01883378623188406,0.0,0.01225,True,True,True,False,689.1875,827.7287271865372,0.0,23.206032235126806,0.0,-0.9150068637907877,1539.2072525578733
2025-08-17T19:30:00Z,2025-08-17T19:45:00Z,2025-08-17,2025-08-17_22,25.0,0,25,75,81.55822600000097,75.14260100000097,0.017821180555555555,0.0,0.347625,True,True,True,False,689.1875,827.7287271865372,0.0,23.206032235126806,0.0,-22.316442877459114,1517.8058165442048
2025-08-17T19:45:00Z,2025-08-17T20:00:00Z,2025-08-17,2025-08-17_22,25.0,0,25,75,75.14260100000097,69.92779121739227,0.0144855827294686,0.0,1.452375,True,True,True,False,689.1875,827.7287271865372,0.0,23.206032235126806,0.0,-55.58917404894524,1484.5330853727187
2025-08-17T20:00:00Z,2025-08-17T20:15:00Z,2025-08-17,2025-08-17_23,21.000000000000348,4,25,75,69.92779121739227,65.09994626087044,0.014088413768116138,0.0,0.82875,True,True,True,False,550.8300000000091,827.7287271865372,2.626214742830054,23.08752073951173,0.0,-43.827759836454135,1360.444702832434
2025-08-17T20:15:00Z,2025-08-17T20:30:00Z,2025-08-17,2025-08-17_23,21.000000000000348,4,25,75,65.09994626087044,60.225583121739916,0.014181750942029189,0.0,0.784875,True,True,True,False,550.8300000000091,827.7287271865372,2.626214742830054,23.08752073951173,0.0,-45.035745511377094,1359.236717157511
2025-08-17T20:30:00Z,2025-08-17T20:45:00Z,2025-08-17,2025-08-17_23,21.000000000000348,4,25,75,60.225583121739916,55.21802689565286,0.014448998405797314,0.0,0.65925,True,True,True,False,550.8300000000091,827.7287271865372,2.626214742830054,23.08752073951173,0.0,-34.5516378288694,1369.7208248400186
2025-08-17T20:45:00Z,2025-08-17T21:00:00Z,2025-08-17,2025-08-17_23,21.000000000000348,4,25,75,55.21802689565286,50.76086956521799,0.013344641473430124,0.0,1.178375,True,True,True,False,550.8300000000091,827.7287271865372,2.626214742830054,23.08752073951173,0.0,-57.95841673579837,1346.3140459330898
2025-08-17T21:00:00Z,2025-08-17T21:15:00Z,2025-08-18,2025-08-17_24,-8.16797775159622,25,16,75,50.76086956521799,52.84190444808512,0.005780652452408696,0.0,0.22,True,True,True,False,-208.3651124432196,827.7287271865372,16.458283953543493,9.860156435174211,0.0,-11.550999446946353,634.1310556850889
2025-08-17T21:15:00Z,2025-08-17T21:30:00Z,2025-08-18,2025-08-17_24,-8.16797775159622,25,16,75,52.84190444808512,54.98732017771392,0.005961012777554203,0.000375,0.2904,True,True,True,False,-208.3651124432196,827.7287271865372,16.458283953543493,9.860156435174211,0.0427382081061863,-14.02452808722446,631.700265252917
2025-08-17T21:30:00Z,2025-08-17T21:45:00Z,2025-08-18,2025-08-17_24,-8.16797775159622,25,16,75,54.98732017771392,57.22217906058105,0.0062079413412975855,0.0,0.3872,True,True,True,False,-208.3651124432196,827.7287271865372,16.458283953543493,9.860156435174211,0.0,-20.496484158963415,625.1855709730719
2025-08-17T21:45:00Z,2025-08-17T22:00:00Z,2025-08-18,2025-08-17_24,-8.16797775159622,25,16,75,57.22217906058105,59.45652173913041,0.006208540293343447,0.0005,0.3872,True,True,True,False,-208.3651124432196,827.7287271865372,16.458283953543493,9.860156435174211,0.06142845856048037,-15.712390613889546,630.0310929767062
2025-08-17T22:00:00Z,2025-08-17T22:15:00Z,2025-08-18,2025-08-18_1,0.0,9,9,91,59.45652173913041,59.59343153913041,0.000380305,0.0,0.148815,True,True,True,False,0.0,1004.3108556529984,5.98364541360512,5.599668167812277,0.0,-6.278342243422612,1009.6158269909931
2025-08-17T22:15:00Z,2025-08-17T22:30:00Z,2025-08-18,2025-08-18_1,0.0,9,9,91,59.59343153913041,59.66306633913041,0.00019343,0.0,0.07569,True,True,True,False,0.0,1004.3108556529984,5.98364541360512,5.599668167812277,0.0,-3.7742441455321165,1012.1199250888836
2025-08-17T22:30:00Z,2025-08-17T22:45:00Z,2025-08-18,2025-08-18_1,0.0,9,9,91,59.66306633913041,59.925588043478236,0.0007395530434782609,0.00171,0.28737,True,True,True,False,0.0,1004.3108556529984,5.98364541360512,5.599668167812277,0.20480549893339653,-11.25401949514103,1004.8449552382082
2025-08-17T22:45:00Z,2025-08-17T23:00:00Z,2025-08-18,2025-08-18_1,0.0,9,9,91,59.925588043478236,60.28051024347823,0.000985895,0.0,0.385785,True,True,True,False,0.0,1004.3108556529984,5.98364541360512,5.599668167812277,0.0,-15.000413202180612,1000.8937560322352
2025-08-17T23:00:00Z,2025-08-17T23:15:00Z,2025-08-18,2025-08-18_2,0.0,9,9,91,60.28051024347823,60.34147757391302,0.0001728863043478261,0.0005849999999999999,0.06695999999999999,True,True,True,False,0.0,1004.3108556529984,5.804989333965394,5.759658686892628,0.06582717468594453,-2.9077500355534482,1013.0335808129889
2025-08-17T23:15:00Z,2025-08-17T23:30:00Z,2025-08-18,2025-08-18_2,0.0,9,9,91,60.34147757391302,60.35902428695649,6.09691304347826e-05,0.002025,0.021464999999999998,True,True,True,False,0.0,1004.3108556529984,5.804989333965394,5.759658686892628,0.22510666034605353,-0.9453113415501303,1015.1552989926523
2025-08-17T23:30:00Z,2025-08-17T23:45:00Z,2025-08-18,2025-08-18_2,0.0,9,9,91,60.35902428695649,60.48082707826084,0.00034268891304347834,0.00072,0.133245,True,True,True,False,0.0,1004.3108556529984,5.804989333965394,5.759658686892628,0.08106186300071108,-5.407044622540887,1010.5495209143162
2025-08-17T23:45:00Z,2025-08-18T00:00:00Z,2025-08-18,2025-08-18_2,0.0,9,9,91,60.48082707826084,60.92252367826084,0.0012269350000000002,0.0,0.480105,True,True,True,False,0.0,1004.3108556529984,5.804989333965394,5.759658686892628,0.0,-15.809952100616258,1000.0655515732401
2025-08-18T00:00:00Z,2025-08-18T00:15:00Z,2025-08-18,2025-08-18_3,-6.944380227891954,9,2,91,60.92252367826084,62.530586034702175,0.004467212273889958,0.00027,0.01208,True,True,True,False,-144.46046969072236,1004.3108556529984,5.799656316662716,1.2680730030812988,0.029349354112348895,-0.5706766848384294,866.376787951294
2025-08-18T00:15:00Z,2025-08-18T00:30:00Z,2025-08-18,2025-08-18_3,-6.944380227891954,9,2,91,62.530586034702175,64.13421055915224,0.004455009094431842,0.00036,0.00735,True,True,True,False,-144.46046969072236,1004.3108556529984,5.799656316662716,1.2680730030812988,0.03910879355297464,-0.3720977423560085,866.585126333217
2025-08-18T00:30:00Z,2025-08-18T00:45:00Z,2025-08-18,2025-08-18_3,-6.944380227891954,9,2,91,64.13421055915224,65.74822874758485,0.004483632120014741,0.00018,0.01846,True,True,True,False,-144.46046969072236,1004.3108556529984,5.799656316662716,1.2680730030812988,0.0196077269495141,-0.8186857588686103,866.119037250101
2025-08-18T00:45:00Z,2025-08-18T01:00:00Z,2025-08-18,2025-08-18_3,-6.944380227891954,9,2,91,65.74822874758485,67.39199740000001,0.004566024034486527,0.0,0.05061,True,True,True,False,-144.46046969072236,1004.3108556529984,5.799656316662716,1.2680730030812988,0.0,-1.4016314944299597,865.5164837875901
2025-08-18T01:00:00Z,2025-08-18T01:15:00Z,2025-08-18,2025-08-18_4,-9.0,9,0,91,67.39199740000001,69.46191460000001,0.0057497699999999995,9e-05,0.0,True,True,True,False,-183.42,1004.3108556529984,5.799656316662716,0.0,0.00931500355534487,0.0,826.6998269732164
2025-08-18T01:15:00Z,2025-08-18T01:30:00Z,2025-08-18,2025-08-18_4,-9.0,9,0,91,69.46191460000001,71.53042420000001,0.005745860000000001,0.00162,0.0,True,True,True,False,-183.42,1004.3108556529984,5.799656316662716,0.0,0.16767006399620762,0.0,826.8581820336573
2025-08-18T01:30:00Z,2025-08-18T01:45:00Z,2025-08-18,2025-08-18_4,-9.0,9,0,91,71.53042420000001,73.59839560000002,0.005744365000000001,0.002205,0.0,True,True,True,False,-183.42,1004.3108556529984,5.799656316662716,0.0,0.22821758710594928,0.0,826.9187295567671
2025-08-18T01:45:00Z,2025-08-18T02:00:00Z,2025-08-18,2025-08-18_4,-9.0,9,0,91,73.59839560000002,75.66839560000001,0.00575,0.0,0.0,True,True,True,False,-183.42,1004.3108556529984,5.799656316662716,0.0,0.0,0.0,826.6905119696611
2025-08-18T02:00:00Z,2025-08-18T02:15:00Z,2025-08-18,2025-08-18_5,0.0,9,9,91,75.66839560000001,76.69374940000002,0.002848205,0.0,1.114515,True,True,True,False,0.0,1004.3108556529984,5.567670063996206,5.706328513865844,0.0,-26.17397575847357,989.4108784723869
2025-08-18T02:15:00Z,2025-08-18T02:30:00Z,2025-08-18,2025-08-18_5,0.0,9,9,91,76.69374940000002,77.40313840000002,0.001970525,0.0,0.771075,True,True,True,False,0.0,1004.3108556529984,5.567670063996206,5.706328513865844,0.0,-28.44561286738563,987.1392413634748
2025-08-18T02:30:00Z,2025-08-18T02:45:00Z,2025-08-18,2025-08-18_5,0.0,9,9,91,77.40313840000002,78.18406660000002,0.002169245,0.0,0.848835,True,True,True,False,0.0,1004.3108556529984,5.567670063996206,5.706328513865844,0.0,-17.000172564588766,998.5846816662716
2025-08-18T02:45:00Z,2025-08-18T03:00:00Z,2025-08-18,2025-08-18_5,0.0,9,9,91,78.18406660000002,78.22109369565219,0.00011127695652173914,0.001395,0.041895,True,True,True,False,0.0,1004.3108556529984,5.567670063996206,5.706328513865844,0.13694299597060916,-1.9618607282531406,1013.7599364985779
2025-08-18T03:00:00Z,2025-08-18T03:15:00Z,2025-08-18,2025-08-18_6,0.0,9,9,91,78.22109369565219,78.82990706956522,0.0016916917391304345,9e-05,0.6618599999999999,True,True,True,False,0.0,1004.3108556529984,9.724757051433988,5.49300782175871,0.00844394406257407,-8.304494477364303,1011.2325699928894
2025-08-18T03:15:00Z,2025-08-18T03:30:00Z,2025-08-18,2025-08-18_6,0.0,9,9,91,78.82990706956522,78.92765630434783,0.000272884347826087,0.00022500000000000002,0.106515,True,True,True,False,0.0,1004.3108556529984,9.724757051433988,5.49300782175871,0.021109860156435175,-4.7997390910168285,1014.7499912953307
2025-08-18T03:30:00Z,2025-08-18T03:45:00Z,2025-08-18,2025-08-18_6,0.0,9,9,91,78.92765630434783,79.39444130434784,0.0012966250000000003,0.0,0.507375,True,True,True,False,0.0,1004.3108556529984,9.724757051433988,5.49300782175871,0.0,-13.434794530694477,1006.0938259954966
2025-08-18T03:45:00Z,2025-08-18T04:00:00Z,2025-08-18,2025-08-18_6,0.0,9,9,91,79.39444130434784,80.08789130434783,0.00192625,0.0,0.75375,True,True,True,False,0.0,1004.3108556529984,9.724757051433988,5.49300782175871,0.0,8.960793434463143,1028.4894139606542
2025-08-18T04:00:00Z,2025-08-18T04:15:00Z,2025-08-18,2025-08-18_7,9.000000000000014,0,0,91,80.08789130434783,77.64223913043479,0.0067934782608695754,0.0,0.0,True,False,True,False,258.0750000000004,1004.3108556529984,0.0,0.0,0.0,0.0,1262.3858556529988
2025-08-18T04:15:00Z,2025-08-18T04:30:00Z,2025-08-18,2025-08-18_7,9.000000000000014,0,0,91,77.64223913043479,75.19658695652174,0.0067934782608695754,0.0,0.0,True,False,True,False,258.0750000000004,1004.3108556529984,0.0,0.0,0.0,0.0,1262.3858556529988
2025-08-18T04:30:00Z,2025-08-18T04:45:00Z,2025-08-18,2025-08-18_7,9.000000000000014,0,0,91,75.19658695652174,72.7509347826087,0.0067934782608695754,0.0,0.0,True,False,True,False,258.0750000000004,1004.3108556529984,0.0,0.0,0.0,0.0,1262.3858556529988
2025-08-18T04:45:00Z,2025-08-18T05:00:00Z,2025-08-18,2025-08-18_7,9.000000000000014,0,0,91,72.7509347826087,70.30528260869565,0.0067934782608695754,0.0,0.0,True,False,True,False,258.0750000000004,1004.3108556529984,0.0,0.0,0.0,0.0,1262.3858556529988
2025-08-18T05:00:00Z,2025-08-18T05:15:00Z,2025-08-18,2025-08-18_8,11.0,0,11,89,70.30528260869565,67.31639130434782,0.008302475845410627,0.0,0.00022,True,True,True,False,332.8325,982.2380895946907,0.0,7.104764162123725,0.0,-0.016947143872955674,1322.1584066129415
2025-08-18T05:15:00Z,2025-08-18T05:30:00Z,2025-08-18,2025-08-18_8,11.0,0,11,89,67.31639130434782,64.32726086956521,0.008303140096618358,0.0,0.0,True,True,True,False,332.8325,982.2380895946907,0.0,7.104764162123725,0.0,0.0,1322.1753537568143
2025-08-18T05:30:00Z,2025-08-18T05:45:00Z,2025-08-18,2025-08-18_8,11.0,0,11,89,64.32726086956521,61.34105978260869,0.008295003019323672,0.0,0.002695,True,True,True,False,332.8325,982.2380895946907,0.0,7.104764162123725,0.0,-0.18565839456427272,1321.9896953622501
2025-08-18T05:45:00Z,2025-08-18T06:00:00Z,2025-08-18,2025-08-18_8,11.0,0,11,89,61.34105978260869,58.3695652173913,0.008254151570048308,0.0,0.016225,True,True,True,False,332.8325,982.2380895946907,0.0,7.104764162123725,0.0,-1.1338303557320062,1321.0415234010825
2025-08-18T06:00:00Z,2025-08-18T06:15:00Z,2025-08-18,2025-08-18_9,-29.75821622127137,100,70,0,58.3695652173913,51.70139646377227,0.03673333059293615,13.027,0.0,True,True,True,False,-629.5350641609958,0.0,63.75918464091016,45.21213557715098,10035.936164177925,0.0,9515.372420234991
2025-08-18T06:15:00Z,2025-08-18T06:30:00Z,2025-08-18,2025-08-18_9,-29.75821622127137,100,70,0,51.70139646377227,49.949384226415006,0.030286003632112278,8.2875,0.0,True,True,True,False,-629.5350641609958,0.0,63.75918464091016,45.21213557715098,1252.4391887888125,0.0,731.8754448458778
2025-08-18T06:30:00Z,2025-08-18T06:45:00Z,2025-08-18,2025-08-18_9,-29.75821622127137,100,70,0,49.949384226415006,51.94296565510294,0.025373819297153953,4.6765,0.0,True,True,True,False,-629.5350641609958,0.0,63.75918464091016,45.21213557715098,680.0156399620763,0.0,159.45189601914163
2025-08-18T06:45:00Z,2025-08-18T07:00:00Z,2025-08-18,2025-08-18_9,-29.75821622127137,100,70,0,51.94296565510294,58.410437008695645,0.01958550988337793,0.382,0.020999999999999998,True,True,True,False,-629.5350641609958,0.0,63.75918464091016,45.21213557715098,49.62151931737379,-1.6176819151457689,-472.55990654070666
2025-08-18T07:00:00Z,2025-08-18T07:15:00Z,2025-08-18,2025-08-18_10,0.0,11,11,89,58.410437008695645,58.378835060869555,8.890763285024155e-05,0.02926,0.00022,True,True,True,False,0.0,982.2380895946907,5.990163545863949,16.389843564825785,3.733499249427194,-0.016947143872955674,1008.3346488109346
2025-08-18T07:15:00Z,2025-08-18T07:30:00Z,2025-08-18,2025-08-18_10,0.0,11,11,89,58.378835060869555,58.36956521739129,4.59895652173913e-05,0.01188,0.00396,True,True,True,False,0.0,982.2380895946907,5.990163545863949,16.389843564825785,1.5158568381132969,-0.3041795923204551,1005.8297739511733
2025-08-18T07:30:00Z,2025-08-18T07:45:00Z,2025-08-18,2025-08-18_10,0.0,11,11,89,58.36956521739129,58.406388913043465,0.00011557306763285023,0.0022,0.042624999999999996,True,True,True,False,0.0,982.2380895946907,5.990163545863949,16.389843564825785,0.2807142292802402,-3.1228444981038153,1001.7759664365568
2025-08-18T07:45:00Z,2025-08-18T08:00:00Z,2025-08-18,2025-08-18_10,0.0,11,11,89,58.406388913043465,58.557682913043465,0.00042026111111111115,0.0,0.16445,True,True,True,False,0.0,982.2380895946907,5.990163545863949,16.389843564825785,0.0,-8.038164503831872,996.5799322015486
2025-08-18T08:00:00Z,2025-08-18T08:15:00Z,2025-08-18,2025-08-18_11,0.17306827999999777,0,0,89,58.557682913043465,58.51065348913042,0.00013063728864734132,0.0,0.0,True,False,True,False,2.968986343399962,982.2380895946907,0.0,0.0,0.0,0.0,985.2070759380906
2025-08-18T08:15:00Z,2025-08-18T08:30:00Z,2025-08-18,2025-08-18_11,0.17306827999999777,0,0,89,58.51065348913042,58.463624065217374,0.00013063728864734132,0.0,0.0,True,False,True,False,2.968986343399962,982.2380895946907,0.0,0.0,0.0,0.0,985.2070759380906
2025-08-18T08:30:00Z,2025-08-18T08:45:00Z,2025-08-18,2025-08-18_11,0.17306827999999777,0,0,89,58.463624065217374,58.41659464130433,0.00013063728864734132,0.0,0.0,True,False,True,False,2.968986343399962,982.2380895946907,0.0,0.0,0.0,0.0,985.2070759380906
2025-08-18T08:45:00Z,2025-08-18T09:00:00Z,2025-08-18,2025-08-18_11,0.17306827999999777,0,0,89,58.41659464130433,58.36956521739128,0.00013063728864734132,0.0,0.0,True,False,True,False,2.968986343399962,982.2380895946907,0.0,0.0,0.0,0.0,985.2070759380906
2025-08-18T09:00:00Z,2025-08-18T09:15:00Z,2025-08-18,2025-08-18_12,0.0,0,0,89,58.36956521739128,58.36956521739128,0.0,0.0,0.0,True,False,True,False,0.0,982.2380895946907,0.0,0.0,0.0,0.0,982.2380895946907
2025-08-18T09:15:00Z,2025-08-18T09:30:00Z,2025-08-18,2025-08-18_12,0.0,0,0,89,58.36956521739128,58.36956521739128,0.0,0.0,0.0,True,False,True,False,0.0,982.2380895946907,0.0,0.0,0.0,0.0,982.2380895946907
2025-08-18T09:30:00Z,2025-08-18T09:45:00Z,2025-08-18,2025-08-18_12,0.0,0,0,89,58.36956521739128,58.36956521739128,0.0,0.0,0.0,True,False,True,False,0.0,982.2380895946907,0.0,0.0,0.0,0.0,982.2380895946907
2025-08-18T09:45:00Z,2025-08-18T10:00:00Z,2025-08-18,2025-08-18_12,0.0,0,0,89,58.36956521739128,58.36956521739128,0.0,0.0,0.0,True,False,True,False,0.0,982.2380895946907,0.0,0.0,0.0,0.0,982.2380895946907
2025-08-18T10:00:00Z,2025-08-18T10:15:00Z,2025-08-18,2025-08-18_13,0.0,100,100,0,58.36956521739128,75.48938521739129,0.04755505555555556,0.0,18.6085,True,True,True,False,0.0,0.0,54.95970609149087,185.17421189855415,0.0,18374.000849332384,18614.13476732243
2025-08-18T10:15:00Z,2025-08-18T10:30:00Z,2025-08-18,2025-08-18_13,0.0,100,100,0,75.48938521739129,86.69130521739129,0.031116444444444447,0.0,12.176,True,True,True,False,0.0,0.0,54.95970609149087,185.17421189855415,0.0,10004.505108635538,10244.639026625582
2025-08-18T10:30:00Z,2025-08-18T10:45:00Z,2025-08-18,2025-08-18_13,0.0,100,100,0,86.69130521739129,85.41799739130433,0.003917743961352657,1.2345,0.0745,True,True,True,False,0.0,0.0,54.95970609149087,185.17421189855415,135.761838113297,-6.112228509915462,369.7835275934265
2025-08-18T10:45:00Z,2025-08-18T11:00:00Z,2025-08-18,2025-08-18_13,0.0,100,100,0,85.41799739130433,84.10765826086954,0.00418927536231884,1.2965,0.1075,True,True,True,False,0.0,0.0,54.95970609149087,185.17421189855415,152.39047888520187,-8.066682961997314,384.45771391324956
2025-08-18T11:00:00Z,2025-08-18T11:15:00Z,2025-08-18,2025-08-18_14,0.0,100,100,0,84.10765826086954,102.07755826086954,0.049916388888888885,0.0,19.5325,True,True,True,False,0.0,0.0,54.95970609149087,185.91490874614837,0.0,22004.764806036183,22245.63942087382
2025-08-18T11:15:00Z,2025-08-18T11:30:00Z,2025-08-18,2025-08-18_14,0.0,100,100,0,102.07755826086954,109.47067826086953,0.020536444444444444,0.0,8.036,True,True,True,False,0.0,0.0,54.95970609149087,185.91490874614837,0.0,2155.040982855337,2395.9155976929765
2025-08-18T11:30:00Z,2025-08-18T11:45:00Z,2025-08-18,2025-08-18_14,0.0,100,100,0,109.47067826086953,119.00003826086953,0.026470444444444446,0.0,10.358,True,True,True,False,0.0,0.0,54.95970609149087,185.91490874614837,0.0,5616.790604408628,5857.665219246267
2025-08-18T11:45:00Z,2025-08-18T12:00:00Z,2025-08-18,2025-08-18_14,0.0,100,100,0,119.00003826086953,135.27437826086953,0.0452065,0.0,17.6895,True,True,True,False,0.0,0.0,54.95970609149087,185.91490874614837,0.0,17209.806657383266,17450.681272220903
2025-08-18T12:00:00Z,2025-08-18T12:15:00Z,2025-08-18,2025-08-18_15,-45.75599006266201,100,54,0,135.27437826086953,145.888713546716,0.0344648212716582,1.5205,1.7685,True,True,True,False,-209.7912144373053,0.0,54.95970609149087,101.00201469542546,193.06788111321796,184.0636551908035,323.3020426536325
2025-08-18T12:15:00Z,2025-08-18T12:30:00Z,2025-08-18,2025-08-18_15,-45.75599006266201,100,54,0,145.888713546716,149.94296109494724,0.03223221852883304,6.402000000000001,0.0,True,True,True,False,-209.7912144373053,0.0,54.95970609149087,101.00201469542546,820.0966046456507,0.0,766.2671109952618
2025-08-18T12:30:00Z,2025-08-18T12:45:00Z,2025-08-18,2025-08-18_15,-45.75599006266201,100,54,0,149.94296109494724,142.26910915963992,0.03766919202430423,18.0075,0.0,True,True,True,False,-209.7912144373053,0.0,54.95970609149087,101.00201469542546,9015.117616733824,0.0,8961.288123083434
2025-08-18T12:45:00Z,2025-08-18T13:00:00Z,2025-08-18,2025-08-18_15,-45.75599006266201,100,54,0,142.26910915963992,149.02818433399935,0.031016142702678995,3.737,0.01269,True,True,True,False,-209.7912144373053,0.0,54.95970609149087,101.00201469542546,1266.9343803823972,-0.7108911531168524,1212.3939955788915
2025-08-18T13:00:00Z,2025-08-18T13:15:00Z,2025-08-18,2025-08-18_16,0.5363855815782793,10,11,89,149.02818433399935,148.9140503901658,0.0004937924328745605,0.00195,0.036355000000000005,True,True,True,False,7.31629933272773,982.2380895946907,5.495970609149087,20.532116615311683,0.1979734534249822,-1.8879783123963028,1013.8924712929079
2025-08-18T13:15:00Z,2025-08-18T13:30:00Z,2025-08-18,2025-08-18_16,0.5363855815782793,10,11,89,148.9140503901658,148.77596937205774,0.00046618605882436134,0.00745,0.016995,True,True,True,False,7.31629933272773,982.2380895946907,5.495970609149087,20.532116615311683,0.8093347554712806,-1.0375785197914198,1015.354232387559
2025-08-18T13:30:00Z,2025-08-18T13:45:00Z,2025-08-18,2025-08-18_16,0.5363855815782793,10,11,89,148.77596937205774,148.93122789259775,0.0011466742648460438,0.0002,0.324555,True,True,True,False,7.31629933272773,982.2380895946907,5.495970609149087,20.532116615311683,0.01876432013905349,-7.726483464683573,1007.8747570073347
2025-08-18T13:45:00Z,2025-08-18T14:00:00Z,2025-08-18,2025-08-18_16,0.5363855815782793,10,11,89,148.93122789259775,148.71639774148215,0.0006141316459383343,0.0666,0.003575,True,True,True,False,7.31629933272773,982.2380895946907,5.495970609149087,20.532116615311683,6.290732282531406,-0.27539108793552974,1021.597817346475
2025-08-18T14:00:00Z,2025-08-18T14:15:00Z,2025-08-18,2025-08-18_17,4.447918824746905,6,11,89,148.71639774148215,147.66468352719602,0.003430954605655686,0.0076500000000000005,0.167365,True,True,True,False,82.88696729915858,982.2380895946907,3.7455558189144345,7.104764162123725,0.7373785257169945,-6.654699242514025,1070.0580561580905
2025-08-18T14:15:00Z,2025-08-18T14:30:00Z,2025-08-18,2025-08-18_17,4.447918824746905,6,11,89,147.66468352719602,146.39035511626037,0.003552526739148193,0.06420000000000001,0.00418,True,True,True,False,82.88696729915858,982.2380895946907,3.7455558189144345,7.104764162123725,6.619341076084381,-0.3215614521608596,1082.273156498811
2025-08-18T14:30:00Z,2025-08-18T14:45:00Z,2025-08-18,2025-08-18_17,4.447918824746905,6,11,89,146.39035511626037,145.2172120107715,0.003373596111672533,0.0015899999999999998,0.03773000000000001,True,True,True,False,82.88696729915858,982.2380895946907,3.7455558189144345,7.104764162123725,0.1491763451054752,-2.0768938611045273,1074.0476593588883
2025-08-18T14:45:00Z,2025-08-18T15:00:00Z,2025-08-18,2025-08-18_17,4.447918824746905,6,11,89,145.2172120107715,143.99999999999983,0.0034091073008037007,0.0162,0.009185,True,True,True,False,82.88696729915858,982.2380895946907,3.7455558189144345,7.104764162123725,1.5199099312633324,-0.6575707464249032,1076.8377160597258
2025-08-18T15:00:00Z,2025-08-18T15:15:00Z,2025-08-18,2025-08-18_18,0.0,0,0,100,143.99999999999983,143.99999999999983,0.0,0.0,0.0,True,True,True,False,0.0,1103.6383029153828,0.0,0.0,0.0,0.0,1103.6383029153828
2025-08-18T15:15:00Z,2025-08-18T15:30:00Z,2025-08-18,2025-08-18_18,0.0,0,0,100,143.99999999999983,143.99999999999983,0.0,0.0,0.0,True,True,True,False,0.0,1103.6383029153828,0.0,0.0,0.0,0.0,1103.6383029153828
2025-08-18T15:30:00Z,2025-08-18T15:45:00Z,2025-08-18,2025-08-18_18,0.0,0,0,100,143.99999999999983,143.99999999999983,0.0,0.0,0.0,True,True,True,False,0.0,1103.6383029153828,0.0,0.0,0.0,0.0,1103.6383029153828
2025-08-18T15:45:00Z,2025-08-18T16:00:00Z,2025-08-18,2025-08-18_18,0.0,0,0,100,143.99999999999983,143.99999999999983,0.0,0.0,0.0,True,True,True,False,0.0,1103.6383029153828,0.0,0.0,0.0,0.0,1103.6383029153828
2025-08-18T16:00:00Z,2025-08-18T16:15:00Z,2025-08-18,2025-08-18_19,1.4204295836492125,98,100,0,143.99999999999983,159.85005802579315,0.04466245755021358,0.0,17.6025,True,True,True,False,40.439630246493074,0.0,103.51090305759656,64.58876511021569,0.0,7647.321081713676,7855.860380127981
2025-08-18T16:15:00Z,2025-08-18T16:30:00Z,2025-08-18,2025-08-18_19,1.4204295836492125,98,100,0,159.85005802579315,173.86690269568106,0.03974067551071205,0.0,15.615000000000002,True,True,True,False,40.439630246493074,0.0,103.51090305759656,64.58876511021569,0.0,10027.437434818678,10235.976733232983
2025-08-18T16:30:00Z,2025-08-18T16:45:00Z,2025-08-18,2025-08-18_19,1.4204295836492125,98,100,0,173.86690269568106,189.60166428399603,0.04435291150999336,0.0,17.4775,True,True,True,False,40.439630246493074,0.0,103.51090305759656,64.58876511021569,0.0,12309.641309650786,12518.180608065091
2025-08-18T16:45:00Z,2025-08-18T17:00:00Z,2025-08-18,2025-08-18_19,1.4204295836492125,98,100,0,189.60166428399603,189.46927089269747,0.002337817368616534,0.09849000000000001,0.391,True,True,True,False,40.439630246493074,0.0,103.51090305759656,64.58876511021569,9.24048945247689,-28.03688097495457,189.74290689182766
2025-08-18T17:00:00Z,2025-08-18T17:15:00Z,2025-08-18,2025-08-18_20,94.6875452209322,5,100,0,189.46927089269747,175.44579807642143,0.04190258619689039,0.0001,10.859,True,True,True,False,4315.858311170089,0.0,5.380421900924389,60.440862763688074,0.009382160069526744,-199.68651734218219,4182.0024606525885
2025-08-18T17:15:00Z,2025-08-18T17:30:00Z,2025-08-18,2025-08-18_20,94.6875452209322,5,100,0,175.44579807642143,155.2692522205375,0.05744472415138966,0.0,5.1515,True,True,True,False,4315.858311170089,0.0,5.380421900924389,60.440862763688074,0.0,-172.02294017144663,4209.656655663255
2025-08-18T17:30:00Z,2025-08-18T17:45:00Z,2025-08-18,2025-08-18_20,94.6875452209322,5,100,0,155.2692522205375,129.64443993979066,0.07120718665983429,0.002125,0.1,True,True,True,False,4315.858311170089,0.0,5.380421900924389,60.440862763688074,0.19937090147744332,-7.492889310263095,4374.386077425916
2025-08-18T17:45:00Z,2025-08-18T18:00:00Z,2025-08-18,2025-08-18_20,94.6875452209322,5,100,0,129.64443993979066,103.91739130434726,0.07146646771654111,0.005925,0.009,True,True,True,False,4315.858311170089,0.0,5.380421900924389,60.440862763688074,0.5558929841194595,-0.6932922493481867,4381.542196569473
2025-08-18T18:00:00Z,2025-08-18T18:15:00Z,2025-08-18,2025-08-18_21,100.0,0,100,0,103.91739130434726,77.12826086956466,0.07441425120772947,0.0,0.354,True,True,True,False,5319.5,0.0,0.0,61.03342024176345,0.0,-25.5283728371652,5355.005047404598
2025-08-18T18:15:00Z,2025-08-18T18:30:00Z,2025-08-18,2025-08-18_21,100.0,0,100,0,77.12826086956466,57.58152173912987,0.05429649758454107,0.0,7.017000000000001,True,True,True,False,5319.5,0.0,0.0,61.03342024176345,0.0,-297.12479438255514,5083.408625859209
2025-08-18T18:30:00Z,2025-08-18T18:45:00Z,2025-08-18,2025-08-18_21,100.0,0,100,0,57.58152173912987,42.541847826086396,0.041776871980676325,0.0,11.1635,True,True,True,False,5319.5,0.0,0.0,61.03342024176345,0.0,-432.4037120763214,4948.129708165442
2025-08-18T18:45:00Z,2025-08-18T19:00:00Z,2025-08-18,2025-08-18_21,100.0,0,100,0,42.541847826086396,29.021739130434224,0.0375558574879227,0.0,12.5615,True,True,True,False,5319.5,0.0,0.0,61.03342024176345,0.0,-295.25281237655054,5085.280607865213
2025-08-18T19:00:00Z,2025-08-18T19:15:00Z,2025-08-18,2025-08-18_22,0.0,65,65,35,29.021739130434224,30.761565869564656,0.00483481461352657,0.00032500000000000004,1.8915,True,True,True,False,0.0,386.273406020384,69.6951291775302,41.9826973216402,0.03530654973532433,-82.90350201469542,415.08303705459434
2025-08-18T19:15:00Z,2025-08-18T19:30:00Z,2025-08-18,2025-08-18_22,0.0,65,65,35,30.761565869564656,30.673040391303786,0.0003821152173913043,0.10400000000000001,0.02665,True,True,True,False,0.0,386.273406020384,69.6951291775302,41.9826973216402,9.757446472307814,-2.0471356364067317,505.6615433554555
2025-08-18T19:30:00Z,2025-08-18T19:45:00Z,2025-08-18,2025-08-18_22,0.0,65,65,35,30.673040391303786,30.49565369565161,0.0005807797101449275,0.177775,0.017225,True,True,True,False,0.0,386.273406020384,69.6951291775302,41.9826973216402,16.679135063601166,-1.2999213626846804,513.3304462204709
2025-08-18T19:45:00Z,2025-08-18T20:00:00Z,2025-08-18,2025-08-18_22,0.0,65,65,35,30.49565369565161,35.101314608695084,0.012809203019323671,0.0026000000000000003,5.009225,True,True,True,False,0.0,386.273406020384,69.6951291775302,41.9826973216402,0.3071669826973217,-186.22428154380972,312.03411795844204
2025-08-18T20:00:00Z,2025-08-18T20:15:00Z,2025-08-18,2025-08-18_23,26.95861743109555,39,66,34,35.101314608695084,30.624779109267525,0.021151937352414246,0.0,2.88321,True,True,True,False,719.8624819538289,375.23702299123016,25.62870348423797,42.23749703721261,0.0,-136.48549384332782,1026.480211623182
2025-08-18T20:15:00Z,2025-08-18T20:30:00Z,2025-08-18,2025-08-18_23,26.95861743109555,39,66,34,30.624779109267525,28.47826086956463,0.021808406747024514,0.0,5.24106,True,True,True,False,719.8624819538289,375.23702299123016,25.62870348423797,42.23749703721261,0.0,-62.80721167338231,1100.1584937931273
2025-08-18T20:30:00Z,2025-08-18T20:45:00Z,2025-08-18,2025-08-18_23,26.95861743109555,39,66,34,28.47826086956463,29.368102420665988,0.022663884218433357,0.0,8.31369,True,True,True,False,719.8624819538289,375.23702299123016,25.62870348423797,42.23749703721261,0.0,-254.75085167101204,908.2148537954977
2025-08-18T20:45:00Z,2025-08-18T21:00:00Z,2025-08-18,2025-08-18_23,26.95861743109555,39,66,34,29.368102420665988,28.98972324075696,0.022306570086083555,0.0,7.03032,True,True,True,False,719.8624819538289,375.23702299123016,25.62870348423797,42.23749703721261,0.0,-251.45738857549182,911.5083168910179
2025-08-18T21:00:00Z,2025-08-18T21:15:00Z,2025-08-19,2025-08-18_24,-19.514879998974692,68,48,32,28.98972324075696,31.29915628786626,0.017581894193897246,2.59352,0.56064,True,True,True,False,-487.384127974393,353.4435043883925,45.64877045939749,42.35629002925595,358.3197962837037,-22.010893966948686,290.37333921940797
2025-08-18T21:15:00Z,2025-08-18T21:30:00Z,2025-08-19,2025-08-18_24,-19.514879998974692,68,48,32,31.29915628786626,31.85245364274021,0.01784357211170967,3.78726,0.0,True,True,True,False,-487.384127974393,353.4435043883925,45.64877045939749,42.35629002925595,593.441961156796,0.0,547.5063980594489
2025-08-18T21:30:00Z,2025-08-18T21:45:00Z,2025-08-19,2025-08-18_24,-19.514879998974692,68,48,32,31.85245364274021,30.41434244405942,0.02056401397519831,5.70384,0.0,True,True,True,False,-487.384127974393,353.4435043883925,45.64877045939749,42.35629002925595,921.7032460188187,0.0,875.7676829214718
2025-08-18T21:45:00Z,2025-08-18T22:00:00Z,2025-08-19,2025-08-18_24,-19.514879998974692,68,48,32,30.41434244405942,34.7633540956521,0.012715930375210486,0.14756,0.015120000000000001,True,True,True,False,-487.384127974393,353.4435043883925,45.64877045939749,42.35629002925595,18.266894251601173,-1.188423989879023,-28.85709283562488
2025-08-18T22:00:00Z,2025-08-18T22:15:00Z,2025-08-19,2025-08-19_1,-49.0,100,51,0,34.7633540956521,32.58367324347819,0.035167251256038645,13.385,0.0045899999999999995,True,True,True,False,-1231.125,0.0,67.21949869534278,45.00355815608445,5401.887861745869,-0.3588997469755673,4282.62701885032
2025-08-18T22:15:00Z,2025-08-18T22:30:00Z,2025-08-19,2025-08-19_1,-49.0,100,51,0,32.58367324347819,24.452812478260793,0.036857301014492756,19.3015,0.0,True,True,True,False,-1231.125,0.0,67.21949869534278,45.00355815608445,20331.257993891835,0.0,19212.356050743263
2025-08-18T22:30:00Z,2025-08-18T22:45:00Z,2025-08-19,2025-08-19_1,-49.0,100,51,0,24.452812478260793,18.011605208695578,0.03637379019323671,17.6205,0.0,True,True,True,False,-1231.125,0.0,67.21949869534278,45.00355815608445,13550.11155629794,0.0,12431.209613149367
2025-08-18T22:45:00Z,2025-08-18T23:00:00Z,2025-08-19,2025-08-19_1,-49.0,100,51,0,18.011605208695578,14.944679191304271,0.03540820671497585,14.2635,0.0,True,True,True,False,-1231.125,0.0,67.21949869534278,45.00355815608445,6432.0044794219975,0.0,5313.102536273424
2025-08-18T23:00:00Z,2025-08-18T23:15:00Z,2025-08-19,2025-08-19_2,-97.0,100,3,0,14.944679191304271,18.552390878260795,0.013684193091787446,20.2185,0.0,True,True,True,False,-2271.255,0.0,63.60204000948842,2.647268126828497,25974.54564323555,0.0,23769.539951371866
2025-08-18T23:15:00Z,2025-08-18T23:30:00Z,2025-08-19,2025-08-19_2,-97.0,100,3,0,18.552390878260795,28.547287608695576,0.0301754679710145,13.313500000000001,0.0,True,True,True,False,-2271.255,0.0,63.60204000948842,2.647268126828497,9346.63861558077,0.0,7141.632923717088
2025-08-18T23:30:00Z,2025-08-18T23:45:00Z,2025-08-19,2025-08-19_2,-97.0,100,3,0,28.547287608695576,42.68899832173905,0.04088225801932367,8.8305,0.0,True,True,True,False,-2271.255,0.0,63.60204000948842,2.647268126828497,1411.8309111844708,0.0,-793.1747806792124
2025-08-18T23:45:00Z,2025-08-19T00:00:00Z,2025-08-19,2025-08-19_2,-97.0,100,3,0,42.68899832173905,64.34782608695645,0.0602912184299517,0.7055,0.001545,True,True,True,False,-2271.255,0.0,63.60204000948842,2.647268126828497,94.77586700403258,-0.1282715268443109,-2110.3580963864947
2025-08-19T00:00:00Z,2025-08-19T00:15:00Z,2025-08-19,2025-08-19_3,0.0,0,0,100,64.34782608695645,64.34782608695645,0.0,0.0,0.0,True,True,True,False,0.0,1104.5109512137267,0.0,0.0,0.0,0.0,1104.5109512137267
2025-08-19T00:15:00Z,2025-08-19T00:30:00Z,2025-08-19,2025-08-19_3,0.0,0,0,100,64.34782608695645,64.34782608695645,0.0,0.0,0.0,True,True,True,False,0.0,1104.5109512137267,0.0,0.0,0.0,0.0,1104.5109512137267
2025-08-19T00:30:00Z,2025-08-19T00:45:00Z,2025-08-19,2025-08-19_3,0.0,0,0,100,64.34782608695645,64.34782608695645,0.0,0.0,0.0,True,True,True,False,0.0,1104.5109512137267,0.0,0.0,0.0,0.0,1104.5109512137267
2025-08-19T00:45:00Z,2025-08-19T01:00:00Z,2025-08-19,2025-08-19_3,0.0,0,0,100,64.34782608695645,64.34782608695645,0.0,0.0,0.0,True,True,True,False,0.0,1104.5109512137267,0.0,0.0,0.0,0.0,1104.5109512137267
2025-08-19T01:00:00Z,2025-08-19T01:15:00Z,2025-08-19,2025-08-19_4,0.0,0,0,100,64.34782608695645,64.34782608695645,0.0,0.0,0.0,True,True,True,False,0.0,1104.5109512137267,0.0,0.0,0.0,0.0,1104.5109512137267
2025-08-19T01:15:00Z,2025-08-19T01:30:00Z,2025-08-19,2025-08-19_4,0.0,0,0,100,64.34782608695645,64.34782608695645,0.0,0.0,0.0,True,True,True,False,0.0,1104.5109512137267,0.0,0.0,0.0,0.0,1104.5109512137267
2025-08-19T01:30:00Z,2025-08-19T01:45:00Z,2025-08-19,2025-08-19_4,0.0,0,0,100,64.34782608695645,64.34782608695645,0.0,0.0,0.0,True,True,True,False,0.0,1104.5109512137267,0.0,0.0,0.0,0.0,1104.5109512137267
2025-08-19T01:45:00Z,2025-08-19T02:00:00Z,2025-08-19,2025-08-19_4,0.0,0,0,100,64.34782608695645,64.34782608695645,0.0,0.0,0.0,True,True,True,False,0.0,1104.5109512137267,0.0,0.0,0.0,0.0,1104.5109512137267
2025-08-19T02:00:00Z,2025-08-19T02:15:00Z,2025-08-19,2025-08-19_5,0.0,0,0,100,64.34782608695645,64.34782608695645,0.0,0.0,0.0,True,True,True,False,0.0,1104.5109512137267,0.0,0.0,0.0,0.0,1104.5109512137267
2025-08-19T02:15:00Z,2025-08-19T02:30:00Z,2025-08-19,2025-08-19_5,0.0,0,0,100,64.34782608695645,64.34782608695645,0.0,0.0,0.0,True,True,True,False,0.0,1104.5109512137267,0.0,0.0,0.0,0.0,1104.5109512137267
2025-08-19T02:30:00Z,2025-08-19T02:45:00Z,2025-08-19,2025-08-19_5,0.0,0,0,100,64.34782608695645,64.34782608695645,0.0,0.0,0.0,True,True,True,False,0.0,1104.5109512137267,0.0,0.0,0.0,0.0,1104.5109512137267
2025-08-19T02:45:00Z,2025-08-19T03:00:00Z,2025-08-19,2025-08-19_5,0.0,0,0,100,64.34782608695645,64.34782608695645,0.0,0.0,0.0,True,True,True,False,0.0,1104.5109512137267,0.0,0.0,0.0,0.0,1104.5109512137267
2025-08-19T03:00:00Z,2025-08-19T03:15:00Z,2025-08-19,2025-08-19_6,0.0,0,0,100,64.34782608695645,64.34782608695645,0.0,0.0,0.0,True,True,True,False,0.0,1104.5109512137267,0.0,0.0,0.0,0.0,1104.5109512137267
2025-08-19T03:15:00Z,2025-08-19T03:30:00Z,2025-08-19,2025-08-19_6,0.0,0,0,100,64.34782608695645,64.34782608695645,0.0,0.0,0.0,True,True,True,False,0.0,1104.5109512137267,0.0,0.0,0.0,0.0,1104.5109512137267
2025-08-19T03:30:00Z,2025-08-19T03:45:00Z,2025-08-19,2025-08-19_6,0.0,0,0,100,64.34782608695645,64.34782608695645,0.0,0.0,0.0,True,True,True,False,0.0,1104.5109512137267,0.0,0.0,0.0,0.0,1104.5109512137267
2025-08-19T03:45:00Z,2025-08-19T04:00:00Z,2025-08-19,2025-08-19_6,0.0,0,0,100,64.34782608695645,64.34782608695645,0.0,0.0,0.0,True,True,True,False,0.0,1104.5109512137267,0.0,0.0,0.0,0.0,1104.5109512137267
2025-08-19T04:00:00Z,2025-08-19T04:15:00Z,2025-08-19,2025-08-19_7,0.0,0,0,100,64.34782608695645,64.34782608695645,0.0,0.0,0.0,True,True,True,False,0.0,1104.5109512137267,0.0,0.0,0.0,0.0,1104.5109512137267
2025-08-19T04:15:00Z,2025-08-19T04:30:00Z,2025-08-19,2025-08-19_7,0.0,0,0,100,64.34782608695645,64.34782608695645,0.0,0.0,0.0,True,True,True,False,0.0,1104.5109512137267,0.0,0.0,0.0,0.0,1104.5109512137267
2025-08-19T04:30:00Z,2025-08-19T04:45:00Z,2025-08-19,2025-08-19_7,0.0,0,0,100,64.34782608695645,64.34782608695645,0.0,0.0,0.0,True,True,True,False,0.0,1104.5109512137267,0.0,0.0,0.0,0.0,1104.5109512137267
2025-08-19T04:45:00Z,2025-08-19T05:00:00Z,2025-08-19,2025-08-19_7,0.0,0,0,100,64.34782608695645,64.34782608695645,0.0,0.0,0.0,True,True,True,False,0.0,1104.5109512137267,0.0,0.0,0.0,0.0,1104.5109512137267
2025-08-19T05:00:00Z,2025-08-19T05:15:00Z,2025-08-19,2025-08-19_8,0.0,0,0,100,64.34782608695645,64.34782608695645,0.0,0.0,0.0,True,False,True,False,0.0,1104.5109512137267,0.0,0.0,0.0,0.0,1104.5109512137267
2025-08-19T05:15:00Z,2025-08-19T05:30:00Z,2025-08-19,2025-08-19_8,0.0,0,0,100,64.34782608695645,64.34782608695645,0.0,0.0,0.0,True,False,True,False,0.0,1104.5109512137267,0.0,0.0,0.0,0.0,1104.5109512137267
2025-08-19T05:30:00Z,2025-08-19T05:45:00Z,2025-08-19,2025-08-19_8,0.0,0,0,100,64.34782608695645,64.34782608695645,0.0,0.0,0.0,True,False,True,False,0.0,1104.5109512137267,0.0,0.0,0.0,0.0,1104.5109512137267
2025-08-19T05:45:00Z,2025-08-19T06:00:00Z,2025-08-19,2025-08-19_8,0.0,0,0,100,64.34782608695645,64.34782608695645,0.0,0.0,0.0,True,False,True,False,0.0,1104.5109512137267,0.0,0.0,0.0,0.0,1104.5109512137267
2025-08-19T06:00:00Z,2025-08-19T06:15:00Z,2025-08-19,2025-08-19_9,54.44603717916187,45,100,0,64.34782608695645,62.25923004609817,0.035067394159184244,0.0,12.5695,True,True,True,False,1334.6084863542053,0.0,28.554202577686407,88.24227089428324,0.0,4830.148662528663,6281.553622354838
2025-08-19T06:15:00Z,2025-08-19T06:30:00Z,2025-08-19,2025-08-19_9,54.44603717916187,45,100,0,62.25923004609817,59.89718522796218,0.03519716525231157,0.0,12.299,True,True,True,False,1334.6084863542053,0.0,28.554202577686407,88.24227089428324,0.0,8319.132776745473,9770.537736571649
2025-08-19T06:30:00Z,2025-08-19T06:45:00Z,2025-08-19,2025-08-19_9,54.44603717916187,45,100,0,59.89718522796218,61.463502511494184,0.0333328751676802,0.0,16.185,True,True,True,False,1334.6084863542053,0.0,28.554202577686407,88.24227089428324,0.0,13741.17633826204,15192.581298088215
2025-08-19T06:45:00Z,2025-08-19T07:00:00Z,2025-08-19,2025-08-19_9,54.44603717916187,45,100,0,61.463502511494184,58.36956521739124,0.03554450082134737,0.0,11.575,True,True,True,False,1334.6084863542053,0.0,28.554202577686407,88.24227089428324,0.0,2863.313799715347,4314.718759541522
2025-08-19T07:00:00Z,2025-08-19T07:15:00Z,2025-08-19,2025-08-19_10,0.5091777160648685,10,11,89,58.36956521739124,58.37850675609907,0.0007582789630355877,0.0016,0.160655,True,True,True,False,11.27446757796635,983.0147465802168,5.681189214833558,19.171938009013996,0.20413947971851035,-6.2427684984581315,1013.103712363291
2025-08-19T07:15:00Z,2025-08-19T07:30:00Z,2025-08-19,2025-08-19_10,0.5091777160648685,10,11,89,58.37850675609907,58.57163995019328,0.001219565990932551,0.0025,0.36025,True,True,True,False,11.27446757796635,983.0147465802168,5.681189214833558,19.171938009013996,0.31853403969320787,-3.170026241401123,1016.2908491803228
2025-08-19T07:30:00Z,2025-08-19T07:45:00Z,2025-08-19,2025-08-19_10,0.5091777160648685,10,11,89,58.57163995019328,58.74085545808134,0.0011460564389041666,0.0,0.33153999999999995,True,True,True,False,11.27446757796635,983.0147465802168,5.681189214833558,19.171938009013996,0.0,-10.5529441527635,1008.5893972292672
2025-08-19T07:45:00Z,2025-08-19T08:00:00Z,2025-08-19,2025-08-19_10,0.5091777160648685,10,11,89,58.74085545808134,59.147949761666624,0.0017351585733199212,0.0,0.58795,True,True,True,False,11.27446757796635,983.0147465802168,5.681189214833558,19.171938009013996,0.0,-6.963165256582588,1012.1791761254481
2025-08-19T08:00:00Z,2025-08-19T08:15:00Z,2025-08-19,2025-08-19_11,0.0,11,11,89,59.147949761666624,59.11966866601445,0.0009699619323671496,0.173635,0.17440499999999998,True,True,True,False,0.0,983.0147465802168,6.259093065549143,19.171938009013996,21.71340204297462,-3.2669047600221397,1026.8922749377323
2025-08-19T08:15:00Z,2025-08-19T08:30:00Z,2025-08-19,2025-08-19_11,0.0,11,11,89,59.11966866601445,59.23867986601445,0.0003305866666666667,0.0,0.12936,True,True,True,False,0.0,983.0147465802168,6.259093065549143,19.171938009013996,0.0,-4.993585466909148,1003.4521921878708
2025-08-19T08:30:00Z,2025-08-19T08:45:00Z,2025-08-19,2025-08-19_11,0.0,11,11,89,59.23867986601445,59.33825712688402,0.00029686316425120776,0.003355,0.11220000000000001,True,True,True,False,0.0,983.0147465802168,6.259093065549143,19.171938009013996,0.39991005772119875,-4.604130149442556,1004.2415575630586
2025-08-19T08:45:00Z,2025-08-19T09:00:00Z,2025-08-19,2025-08-19_11,0.0,11,11,89,59.33825712688402,59.68446232688402,0.0009616811111111111,0.0,0.37631,True,True,True,False,0.0,983.0147465802168,6.259093065549143,19.171938009013996,0.0,-8.259137145172767,1000.1866405096072
2025-08-19T09:00:00Z,2025-08-19T09:15:00Z,2025-08-19,2025-08-19_12,-11.0,11,0,89,59.68446232688402,62.09970152688402,0.006708997777777778,0.12473999999999999,0.0,True,True,True,False,-118.8825,983.0147465802168,6.2362615640072745,0.0,15.171340989958093,0.0,885.5398491341821
2025-08-19T09:15:00Z,2025-08-19T09:30:00Z,2025-08-19,2025-08-19_12,-11.0,11,0,89,62.09970152688402,64.62889192688402,0.00702552888888889,0.00088,0.0,True,True,True,False,-118.8825,983.0147465802168,6.2362615640072745,0.0,0.09567486360401677,0.0,870.4641830078281
2025-08-19T09:30:00Z,2025-08-19T09:45:00Z,2025-08-19,2025-08-19_12,-11.0,11,0,89,64.62889192688402,67.15889192688402,0.007027777777777778,0.0,0.0,True,True,True,False,-118.8825,983.0147465802168,6.2362615640072745,0.0,0.0,0.0,870.368508144224
2025-08-19T09:45:00Z,2025-08-19T10:00:00Z,2025-08-19,2025-08-19_12,-11.0,11,0,89,67.15889192688402,69.68889192688403,0.007027777777777779,0.0,0.0,True,True,True,False,-118.8825,983.0147465802168,6.2362615640072745,0.0,0.0,0.0,870.368508144224
2025-08-19T10:00:00Z,2025-08-19T10:15:00Z,2025-08-19,2025-08-19_13,-62.0,62,0,38,69.68889192688403,83.94290272688403,0.03959447444444445,0.00651,0.0,True,True,True,False,-445.005,419.7141614612161,35.27852455127699,0.0,0.7077765477978968,0.0,10.695462560291011
2025-08-19T10:15:00Z,2025-08-19T10:30:00Z,2025-08-19,2025-08-19_13,-62.0,62,0,38,83.94290272688403,98.20290272688403,0.03961111111111111,0.0,0.0,True,True,True,False,-445.005,419.7141614612161,35.27852455127699,0.0,0.0,0.0,9.987686012493114
2025-08-19T10:30:00Z,2025-08-19T10:45:00Z,2025-08-19,2025-08-19_13,-62.0,62,0,38,98.20290272688403,112.46290272688404,0.03961111111111112,0.0,0.0,True,True,True,False,-445.005,419.7141614612161,35.27852455127699,0.0,0.0,0.0,9.987686012493114
2025-08-19T10:45:00Z,2025-08-19T11:00:00Z,2025-08-19,2025-08-19_13,-62.0,62,0,38,112.46290272688404,126.67099632688405,0.039466926666666666,0.05642,0.0,True,True,True,False,-445.005,419.7141614612161,35.27852455127699,0.0,6.1340634142484385,0.0,16.12174942674155
2025-08-19T11:00:00Z,2025-08-19T11:15:00Z,2025-08-19,2025-08-19_14,-47.0,47,0,53,126.67099632688405,134.51840772688405,0.021798365,3.2202049999999995,0.0,True,True,True,False,-411.25,585.3908041432751,26.743397643709976,0.0,427.8376024689649,0.0,628.72180425595
2025-08-19T11:15:00Z,2025-08-19T11:30:00Z,2025-08-19,2025-08-19_14,-47.0,47,0,53,134.51840772688405,143.93953892688404,0.02616980888888889,1.50964,0.0,True,True,True,False,-411.25,585.3908041432751,26.743397643709976,0.0,180.59249043251364,0.0,381.4766922194987
2025-08-19T11:30:00Z,2025-08-19T11:45:00Z,2025-08-19,2025-08-19_14,-47.0,47,0,53,143.93953892688404,154.57268732688405,0.029536523333333335,0.19222999999999998,0.0,True,True,True,False,-411.25,585.3908041432751,26.743397643709976,0.0,20.899521625681977,0.0,221.78372341266703
2025-08-19T11:45:00Z,2025-08-19T12:00:00Z,2025-08-19,2025-08-19_14,-47.0,47,0,53,154.57268732688405,165.36625612688402,0.029982135555555556,0.017859999999999997,0.0,True,True,True,False,-411.25,585.3908041432751,26.743397643709976,0.0,1.9144495097651617,0.0,202.79865129675022
2025-08-19T12:00:00Z,2025-08-19T12:15:00Z,2025-08-19,2025-08-19_15,0.0,100,100,0,165.36625612688402,174.462296126884,0.02526677777777778,0.0,9.887,True,True,True,False,0.0,0.0,56.90084605044676,215.44635091326006,0.0,5113.512699256742,5385.859896220449
2025-08-19T12:15:00Z,2025-08-19T12:30:00Z,2025-08-19,2025-08-19_15,0.0,100,100,0,174.462296126884,173.6692100399275,0.0025071280193236715,0.78,0.05949999999999999,True,True,True,False,0.0,0.0,56.90084605044676,215.44635091326006,89.62814896813475,-2.234719696370681,359.74062623547087
2025-08-19T12:30:00Z,2025-08-19T12:45:00Z,2025-08-19,2025-08-19_15,0.0,100,100,0,173.6692100399275,165.41594917036227,0.02292572463768116,7.593,0.0,True,True,True,False,0.0,0.0,56.90084605044676,215.44635091326006,1014.0095174744998,0.0,1286.3567144382066
2025-08-19T12:45:00Z,2025-08-19T13:00:00Z,2025-08-19,2025-08-19_15,0.0,100,100,0,165.41594917036227,164.82653786601443,0.0018621425120772946,0.5795,0.044,True,True,True,False,0.0,0.0,56.90084605044676,215.44635091326006,61.922005811654934,-1.3896599984185973,332.87954277694314
2025-08-19T13:00:00Z,2025-08-19T13:15:00Z,2025-08-19,2025-08-19_16,0.0,100,100,0,164.82653786601443,184.60423786601444,0.05493805555555555,0.0,21.4975,True,True,True,False,0.0,0.0,56.90084605044676,215.44635091326006,0.0,21155.3324498893,21427.67964685301
2025-08-19T13:15:00Z,2025-08-19T13:30:00Z,2025-08-19,2025-08-19_16,0.0,100,100,0,184.60423786601444,183.70525351818836,0.013912845410628018,2.7175,2.2335,True,True,True,False,0.0,0.0,56.90084605044676,215.44635091326006,341.34578309085157,111.24232228987111,724.9353023444295
2025-08-19T13:30:00Z,2025-08-19T13:45:00Z,2025-08-19,2025-08-19_16,0.0,100,100,0,183.70525351818836,181.7721013442753,0.005369867149758453,1.7785,0.0,True,True,True,False,0.0,0.0,56.90084605044676,215.44635091326006,195.46062346801614,0.0,467.807820431723
2025-08-19T13:45:00Z,2025-08-19T14:00:00Z,2025-08-19,2025-08-19_16,0.0,100,100,0,181.7721013442753,183.00977264862314,0.003827468599033816,0.0645,1.4215,True,True,True,False,0.0,0.0,56.90084605044676,215.44635091326006,7.835459693998577,46.506440064837506,326.6890967225429
2025-08-19T14:00:00Z,2025-08-19T14:15:00Z,2025-08-19,2025-08-19_17,68.90194669011484,31,100,0,183.00977264862314,186.6706299734224,0.024205323315209443,0.0,21.6265,True,True,True,False,1586.295067673169,0.0,19.302996758124454,88.24227089428324,0.0,17298.947061457264,18992.787396782842
2025-08-19T14:15:00Z,2025-08-19T14:30:00Z,2025-08-19,2025-08-19_17,68.90194669011484,31,100,0,186.6706299734224,179.99199224326085,0.037048271620324466,0.0,11.637,True,True,True,False,1586.295067673169,0.0,19.302996758124454,88.24227089428324,0.0,6958.117657744921,8651.957993070499
2025-08-19T14:30:00Z,2025-08-19T14:45:00Z,2025-08-19,2025-08-19_17,68.90194669011484,31,100,0,179.99199224326085,162.28938767827265,0.0507434894267467,0.00124,0.9875,True,True,True,False,1586.295067673169,0.0,19.302996758124454,88.24227089428324,0.1279512927967107,-42.32011791333914,1651.648168705034
2025-08-19T14:45:00Z,2025-08-19T15:00:00Z,2025-08-19,2025-08-19_17,68.90194669011484,31,100,0,162.28938767827265,143.70123913043426,0.05187216437492684,0.018445,0.15,True,True,True,False,1586.295067673169,0.0,19.302996758124454,88.24227089428324,1.8048301968846365,-8.329257926781054,1687.31590759568
2025-08-19T15:00:00Z,2025-08-19T15:15:00Z,2025-08-19,2025-08-19_18,0.0,0,0,100,143.70123913043426,143.70123913043426,0.0,0.0,0.0,True,True,True,False,0.0,1104.5109512137267,0.0,0.0,0.0,0.0,1104.5109512137267
2025-08-19T15:15:00Z,2025-08-19T15:30:00Z,2025-08-19,2025-08-19_18,0.0,0,0,100,143.70123913043426,143.70123913043426,0.0,0.0,0.0,True,True,True,False,0.0,1104.5109512137267,0.0,0.0,0.0,0.0,1104.5109512137267
2025-08-19T15:30:00Z,2025-08-19T15:45:00Z,2025-08-19,2025-08-19_18,0.0,0,0,100,143.70123913043426,143.70123913043426,0.0,0.0,0.0,True,True,True,False,0.0,1104.5109512137267,0.0,0.0,0.0,0.0,1104.5109512137267
2025-08-19T15:45:00Z,2025-08-19T16:00:00Z,2025-08-19,2025-08-19_18,0.0,0,0,100,143.70123913043426,143.70123913043426,0.0,0.0,0.0,True,True,True,False,0.0,1104.5109512137267,0.0,0.0,0.0,0.0,1104.5109512137267
2025-08-19T16:00:00Z,2025-08-19T16:15:00Z,2025-08-19,2025-08-19_19,0.0,0,0,100,143.70123913043426,143.70123913043426,0.0,0.0,0.0,True,True,True,False,0.0,1104.5109512137267,0.0,0.0,0.0,0.0,1104.5109512137267
2025-08-19T16:15:00Z,2025-08-19T16:30:00Z,2025-08-19,2025-08-19_19,0.0,0,0,100,143.70123913043426,143.70123913043426,0.0,0.0,0.0,True,True,True,False,0.0,1104.5109512137267,0.0,0.0,0.0,0.0,1104.5109512137267
2025-08-19T16:30:00Z,2025-08-19T16:45:00Z,2025-08-19,2025-08-19_19,0.0,0,0,100,143.70123913043426,143.70123913043426,0.0,0.0,0.0,True,True,True,False,0.0,1104.5109512137267,0.0,0.0,0.0,0.0,1104.5109512137267
2025-08-19T16:45:00Z,2025-08-19T17:00:00Z,2025-08-19,2025-08-19_19,0.0,0,0,100,143.70123913043426,143.70123913043426,0.0,0.0,0.0,True,True,True,False,0.0,1104.5109512137267,0.0,0.0,0.0,0.0,1104.5109512137267
2025-08-19T17:00:00Z,2025-08-19T17:15:00Z,2025-08-19,2025-08-19_20,0.0,0,0,100,143.70123913043426,143.70123913043426,0.0,0.0,0.0,True,True,True,False,0.0,1104.5109512137267,0.0,0.0,0.0,0.0,1104.5109512137267
2025-08-19T17:15:00Z,2025-08-19T17:30:00Z,2025-08-19,2025-08-19_20,0.0,0,0,100,143.70123913043426,143.70123913043426,0.0,0.0,0.0,True,True,True,False,0.0,1104.5109512137267,0.0,0.0,0.0,0.0,1104.5109512137267
2025-08-19T17:30:00Z,2025-08-19T17:45:00Z,2025-08-19,2025-08-19_20,0.0,0,0,100,143.70123913043426,143.70123913043426,0.0,0.0,0.0,True,True,True,False,0.0,1104.5109512137267,0.0,0.0,0.0,0.0,1104.5109512137267
2025-08-19T17:45:00Z,2025-08-19T18:00:00Z,2025-08-19,2025-08-19_20,0.0,0,0,100,143.70123913043426,143.70123913043426,0.0,0.0,0.0,True,True,True,False,0.0,1104.5109512137267,0.0,0.0,0.0,0.0,1104.5109512137267
2025-08-19T18:00:00Z,2025-08-19T18:15:00Z,2025-08-19,2025-08-19_21,82.99999999999999,0,83,17,143.70123913043426,121.14689130434732,0.06265096618357487,0.0,0.0,True,True,True,False,3695.1599999999994,187.76686170633351,0.0,67.01460820748004,0.0,0.0,3949.941469913813
2025-08-19T18:15:00Z,2025-08-19T18:30:00Z,2025-08-19,2025-08-19_21,82.99999999999999,0,83,17,121.14689130434732,98.59254347826037,0.06265096618357487,0.0,0.0,True,True,True,False,3695.1599999999994,187.76686170633351,0.0,67.01460820748004,0.0,0.0,3949.941469913813
2025-08-19T18:30:00Z,2025-08-19T18:45:00Z,2025-08-19,2025-08-19_21,82.99999999999999,0,83,17,98.59254347826037,80.1651902173908,0.05118709239130434,0.0,3.7968349999999993,True,True,True,False,3695.1599999999994,187.76686170633351,0.0,67.01460820748004,0.0,-176.69227795129277,3773.2491919625204
2025-08-19T18:45:00Z,2025-08-19T19:00:00Z,2025-08-19,2025-08-19_21,82.99999999999999,0,83,17,80.1651902173908,64.34782608695602,0.043937122584541057,0.0,6.198025,True,True,True,False,3695.1599999999994,187.76686170633351,0.0,67.01460820748004,0.0,-300.92423387463435,3649.0172360391784
2025-08-19T19:00:00Z,2025-08-19T19:15:00Z,2025-08-19,2025-08-19_22,0.0,0,0,100,64.34782608695602,64.34782608695602,0.0,0.0,0.0,True,True,True,False,0.0,1104.5109512137267,0.0,0.0,0.0,0.0,1104.5109512137267
2025-08-19T19:15:00Z,2025-08-19T19:30:00Z,2025-08-19,2025-08-19_22,0.0,0,0,100,64.34782608695602,64.34782608695602,0.0,0.0,0.0,True,True,True,False,0.0,1104.5109512137267,0.0,0.0,0.0,0.0,1104.5109512137267
2025-08-19T19:30:00Z,2025-08-19T19:45:00Z,2025-08-19,2025-08-19_22,0.0,0,0,100,64.34782608695602,64.34782608695602,0.0,0.0,0.0,True,True,True,False,0.0,1104.5109512137267,0.0,0.0,0.0,0.0,1104.5109512137267
2025-08-19T19:45:00Z,2025-08-19T20:00:00Z,2025-08-19,2025-08-19_22,0.0,0,0,100,64.34782608695602,64.34782608695602,0.0,0.0,0.0,True,True,True,False,0.0,1104.5109512137267,0.0,0.0,0.0,0.0,1104.5109512137267
2025-08-19T20:00:00Z,2025-08-19T20:15:00Z,2025-08-19,2025-08-19_23,0.0,0,0,100,64.34782608695602,64.34782608695602,0.0,0.0,0.0,True,True,True,False,0.0,1104.5109512137267,0.0,0.0,0.0,0.0,1104.5109512137267
2025-08-19T20:15:00Z,2025-08-19T20:30:00Z,2025-08-19,2025-08-19_23,0.0,0,0,100,64.34782608695602,64.34782608695602,0.0,0.0,0.0,True,True,True,False,0.0,1104.5109512137267,0.0,0.0,0.0,0.0,1104.5109512137267
2025-08-19T20:30:00Z,2025-08-19T20:45:00Z,2025-08-19,2025-08-19_23,0.0,0,0,100,64.34782608695602,64.34782608695602,0.0,0.0,0.0,True,True,True,False,0.0,1104.5109512137267,0.0,0.0,0.0,0.0,1104.5109512137267
2025-08-19T20:45:00Z,2025-08-19T21:00:00Z,2025-08-19,2025-08-19_23,0.0,0,0,100,64.34782608695602,64.34782608695602,0.0,0.0,0.0,True,True,True,False,0.0,1104.5109512137267,0.0,0.0,0.0,0.0,1104.5109512137267
2025-08-19T21:00:00Z,2025-08-19T21:15:00Z,2025-08-20,2025-08-19_24,0.0,0,0,100,64.34782608695602,64.34782608695602,0.0,0.0,0.0,True,True,True,False,0.0,1104.8385502145416,0.0,0.0,0.0,0.0,1104.8385502145416
2025-08-19T21:15:00Z,2025-08-19T21:30:00Z,2025-08-20,2025-08-19_24,0.0,0,0,100,64.34782608695602,64.34782608695602,0.0,0.0,0.0,True,True,True,False,0.0,1104.8385502145416,0.0,0.0,0.0,0.0,1104.8385502145416
2025-08-19T21:30:00Z,2025-08-19T21:45:00Z,2025-08-20,2025-08-19_24,0.0,0,0,100,64.34782608695602,64.34782608695602,0.0,0.0,0.0,True,True,True,False,0.0,1104.8385502145416,0.0,0.0,0.0,0.0,1104.8385502145416
2025-08-19T21:45:00Z,2025-08-19T22:00:00Z,2025-08-20,2025-08-19_24,0.0,0,0,100,64.34782608695602,64.34782608695602,0.0,0.0,0.0,True,True,True,False,0.0,1104.8385502145416,0.0,0.0,0.0,0.0,1104.8385502145416
2025-08-19T22:00:00Z,2025-08-19T22:15:00Z,2025-08-20,2025-08-20_1,0.0,100,100,0,64.34782608695602,67.14416608695602,0.0077676111111111106,0.0,3.0395,True,True,True,False,0.0,0.0,67.32841634864454,82.89996638522533,0.0,-36.66836740948728,113.56001532438259
2025-08-19T22:15:00Z,2025-08-19T22:30:00Z,2025-08-20,2025-08-20_1,0.0,100,100,0,67.14416608695602,67.40176608695602,0.0007155555555555556,0.0,0.28,True,True,True,False,0.0,0.0,67.32841634864454,82.89996638522533,0.0,-22.30615545844621,127.92222727542365
2025-08-19T22:30:00Z,2025-08-19T22:45:00Z,2025-08-20,2025-08-20_1,0.0,100,100,0,67.40176608695602,67.97195826086906,0.0016080217391304349,0.004,0.6245,True,True,True,False,0.0,0.0,67.32841634864454,82.89996638522533,0.5103513732624128,-32.95502293714038,117.7837111699919
2025-08-19T22:45:00Z,2025-08-19T23:00:00Z,2025-08-20,2025-08-20_1,0.0,100,100,0,67.97195826086906,78.90799826086906,0.03037788888888889,0.0,11.887,True,True,True,False,0.0,0.0,67.32841634864454,82.89996638522533,0.0,2684.1684175350483,2834.396800268918
2025-08-19T23:00:00Z,2025-08-19T23:15:00Z,2025-08-20,2025-08-20_2,0.0,100,100,0,78.90799826086906,82.60911739130384,0.010299002415458938,0.003,4.0265,True,True,True,False,0.0,0.0,64.45138710379057,82.89996638522533,0.38202202756411524,379.8260276234355,527.5594031400155
2025-08-19T23:15:00Z,2025-08-19T23:30:00Z,2025-08-20,2025-08-20_2,0.0,100,100,0,82.60911739130384,83.57294347826036,0.0026893719806763286,0.002,1.05,True,True,True,False,0.0,0.0,64.45138710379057,82.89996638522533,0.2542858837719732,-66.19424396417061,81.41139540861725
2025-08-19T23:30:00Z,2025-08-19T23:45:00Z,2025-08-20,2025-08-20_2,0.0,100,100,0,83.57294347826036,87.13656347826036,0.009898944444444445,0.0,3.8735,True,True,True,False,0.0,0.0,64.45138710379057,82.89996638522533,0.0,102.26291222589128,249.61426571490716
2025-08-19T23:45:00Z,2025-08-20T00:00:00Z,2025-08-20,2025-08-20_2,0.0,100,100,0,87.13656347826036,101.84644347826035,0.04086077777777778,0.0,15.989,True,True,True,False,0.0,0.0,64.45138710379057,82.89996638522533,0.0,9678.098418128251,9825.449771617266
2025-08-20T00:00:00Z,2025-08-20T00:15:00Z,2025-08-20,2025-08-20_3,0.0,0,0,100,101.84644347826035,101.84644347826035,0.0,0.0,0.0,True,True,True,False,0.0,1104.8385502145416,0.0,0.0,0.0,0.0,1104.8385502145416
2025-08-20T00:15:00Z,2025-08-20T00:30:00Z,2025-08-20,2025-08-20_3,0.0,0,0,100,101.84644347826035,101.84644347826035,0.0,0.0,0.0,True,True,True,False,0.0,1104.8385502145416,0.0,0.0,0.0,0.0,1104.8385502145416
2025-08-20T00:30:00Z,2025-08-20T00:45:00Z,2025-08-20,2025-08-20_3,0.0,0,0,100,101.84644347826035,101.84644347826035,0.0,0.0,0.0,True,True,True,False,0.0,1104.8385502145416,0.0,0.0,0.0,0.0,1104.8385502145416
2025-08-20T00:45:00Z,2025-08-20T01:00:00Z,2025-08-20,2025-08-20_3,0.0,0,0,100,101.84644347826035,101.84644347826035,0.0,0.0,0.0,True,True,True,False,0.0,1104.8385502145416,0.0,0.0,0.0,0.0,1104.8385502145416
2025-08-20T01:00:00Z,2025-08-20T01:15:00Z,2025-08-20,2025-08-20_4,0.0,0,0,100,101.84644347826035,101.84644347826035,0.0,0.0,0.0,True,True,True,False,0.0,1104.8385502145416,0.0,0.0,0.0,0.0,1104.8385502145416
2025-08-20T01:15:00Z,2025-08-20T01:30:00Z,2025-08-20,2025-08-20_4,0.0,0,0,100,101.84644347826035,101.84644347826035,0.0,0.0,0.0,True,True,True,False,0.0,1104.8385502145416,0.0,0.0,0.0,0.0,1104.8385502145416
2025-08-20T01:30:00Z,2025-08-20T01:45:00Z,2025-08-20,2025-08-20_4,0.0,0,0,100,101.84644347826035,101.84644347826035,0.0,0.0,0.0,True,True,True,False,0.0,1104.8385502145416,0.0,0.0,0.0,0.0,1104.8385502145416
2025-08-20T01:45:00Z,2025-08-20T02:00:00Z,2025-08-20,2025-08-20_4,0.0,0,0,100,101.84644347826035,101.84644347826035,0.0,0.0,0.0,True,True,True,False,0.0,1104.8385502145416,0.0,0.0,0.0,0.0,1104.8385502145416
2025-08-20T02:00:00Z,2025-08-20T02:15:00Z,2025-08-20,2025-08-20_5,0.0,0,0,100,101.84644347826035,101.84644347826035,0.0,0.0,0.0,True,True,True,False,0.0,1104.8385502145416,0.0,0.0,0.0,0.0,1104.8385502145416
2025-08-20T02:15:00Z,2025-08-20T02:30:00Z,2025-08-20,2025-08-20_5,0.0,0,0,100,101.84644347826035,101.84644347826035,0.0,0.0,0.0,True,True,True,False,0.0,1104.8385502145416,0.0,0.0,0.0,0.0,1104.8385502145416
2025-08-20T02:30:00Z,2025-08-20T02:45:00Z,2025-08-20,2025-08-20_5,0.0,0,0,100,101.84644347826035,101.84644347826035,0.0,0.0,0.0,True,True,True,False,0.0,1104.8385502145416,0.0,0.0,0.0,0.0,1104.8385502145416
2025-08-20T02:45:00Z,2025-08-20T03:00:00Z,2025-08-20,2025-08-20_5,0.0,0,0,100,101.84644347826035,101.84644347826035,0.0,0.0,0.0,True,True,True,False,0.0,1104.8385502145416,0.0,0.0,0.0,0.0,1104.8385502145416
2025-08-20T03:00:00Z,2025-08-20T03:15:00Z,2025-08-20,2025-08-20_6,0.0,0,0,100,101.84644347826035,101.84644347826035,0.0,0.0,0.0,True,True,True,False,0.0,1104.8385502145416,0.0,0.0,0.0,0.0,1104.8385502145416
2025-08-20T03:15:00Z,2025-08-20T03:30:00Z,2025-08-20,2025-08-20_6,0.0,0,0,100,101.84644347826035,101.84644347826035,0.0,0.0,0.0,True,True,True,False,0.0,1104.8385502145416,0.0,0.0,0.0,0.0,1104.8385502145416
2025-08-20T03:30:00Z,2025-08-20T03:45:00Z,2025-08-20,2025-08-20_6,0.0,0,0,100,101.84644347826035,101.84644347826035,0.0,0.0,0.0,True,True,True,False,0.0,1104.8385502145416,0.0,0.0,0.0,0.0,1104.8385502145416
2025-08-20T03:45:00Z,2025-08-20T04:00:00Z,2025-08-20,2025-08-20_6,0.0,0,0,100,101.84644347826035,101.84644347826035,0.0,0.0,0.0,True,True,True,False,0.0,1104.8385502145416,0.0,0.0,0.0,0.0,1104.8385502145416
2025-08-20T04:00:00Z,2025-08-20T04:15:00Z,2025-08-20,2025-08-20_7,0.0,0,0,100,101.84644347826035,101.84644347826035,0.0,0.0,0.0,True,True,True,False,0.0,1104.8385502145416,0.0,0.0,0.0,0.0,1104.8385502145416
2025-08-20T04:15:00Z,2025-08-20T04:30:00Z,2025-08-20,2025-08-20_7,0.0,0,0,100,101.84644347826035,101.84644347826035,0.0,0.0,0.0,True,True,True,False,0.0,1104.8385502145416,0.0,0.0,0.0,0.0,1104.8385502145416
2025-08-20T04:30:00Z,2025-08-20T04:45:00Z,2025-08-20,2025-08-20_7,0.0,0,0,100,101.84644347826035,101.84644347826035,0.0,0.0,0.0,True,True,True,False,0.0,1104.8385502145416,0.0,0.0,0.0,0.0,1104.8385502145416
2025-08-20T04:45:00Z,2025-08-20T05:00:00Z,2025-08-20,2025-08-20_7,0.0,0,0,100,101.84644347826035,101.84644347826035,0.0,0.0,0.0,True,True,True,False,0.0,1104.8385502145416,0.0,0.0,0.0,0.0,1104.8385502145416
2025-08-20T05:00:00Z,2025-08-20T05:15:00Z,2025-08-20,2025-08-20_8,64.17116125945965,35,100,0,101.84644347826035,90.306453963205,0.04257057402428308,0.0,5.742,True,True,True,False,1730.2149354581807,0.0,38.21258378976925,65.22254958179266,0.0,-267.72573151681723,1565.9243373129254
2025-08-20T05:15:00Z,2025-08-20T05:30:00Z,2025-08-20,2025-08-20_8,64.17116125945965,35,100,0,90.306453963205,78.62574655053427,0.042710575582389276,0.0,5.605,True,True,True,False,1730.2149354581807,0.0,38.21258378976925,65.22254958179266,0.0,-237.51953611610944,1596.130532713633
2025-08-20T05:30:00Z,2025-08-20T05:45:00Z,2025-08-20,2025-08-20_8,64.17116125945965,35,100,0,78.62574655053427,65.21174386614123,0.044435047329135176,0.0,3.9175,True,True,True,False,1730.2149354581807,0.0,38.21258378976925,65.22254958179266,0.0,-176.95018982460996,1656.6998790051325
2025-08-20T05:45:00Z,2025-08-20T06:00:00Z,2025-08-20,2025-08-20_8,64.17116125945965,35,100,0,65.21174386614123,64.34782608695649,0.031948849973511564,0.0,16.136,True,True,True,False,1730.2149354581807,0.0,38.21258378976925,65.22254958179266,0.0,3707.32680283946,5540.976871669202
2025-08-20T06:00:00Z,2025-08-20T06:15:00Z,2025-08-20,2025-08-20_9,0.0,0,0,100,64.34782608695649,64.34782608695649,0.0,0.0,0.0,True,True,True,False,0.0,1104.8385502145416,0.0,0.0,0.0,0.0,1104.8385502145416
2025-08-20T06:15:00Z,2025-08-20T06:30:00Z,2025-08-20,2025-08-20_9,0.0,0,0,100,64.34782608695649,64.34782608695649,0.0,0.0,0.0,True,True,True,False,0.0,1104.8385502145416,0.0,0.0,0.0,0.0,1104.8385502145416
2025-08-20T06:30:00Z,2025-08-20T06:45:00Z,2025-08-20,2025-08-20_9,0.0,0,0,100,64.34782608695649,64.34782608695649,0.0,0.0,0.0,True,True,True,False,0.0,1104.8385502145416,0.0,0.0,0.0,0.0,1104.8385502145416
2025-08-20T06:45:00Z,2025-08-20T07:00:00Z,2025-08-20,2025-08-20_9,0.0,0,0,100,64.34782608695649,64.34782608695649,0.0,0.0,0.0,True,True,True,False,0.0,1104.8385502145416,0.0,0.0,0.0,0.0,1104.8385502145416
2025-08-20T07:00:00Z,2025-08-20T07:15:00Z,2025-08-20,2025-08-20_10,0.0,100,100,0,64.34782608695649,65.11365043478258,0.0030783768115942027,0.1575,1.0185,True,True,True,False,0.0,0.0,56.44316137069188,113.98374626777134,17.128705040238863,-38.933311945109054,148.62230073359302
2025-08-20T07:15:00Z,2025-08-20T07:30:00Z,2025-08-20,2025-08-20_10,0.0,100,100,0,65.11365043478258,68.43715217391302,0.009265161835748792,0.0055,3.6189999999999998,True,True,True,False,0.0,0.0,56.44316137069188,113.98374626777134,0.5981452553734207,-63.96025942696696,107.06479346686969
2025-08-20T07:30:00Z,2025-08-20T07:45:00Z,2025-08-20,2025-08-20_10,0.0,100,100,0,68.43715217391302,72.50723217391302,0.01130577777777778,0.0,4.424,True,True,True,False,0.0,0.0,56.44316137069188,113.98374626777134,0.0,299.8912668815376,470.3181745200008
2025-08-20T07:45:00Z,2025-08-20T08:00:00Z,2025-08-20,2025-08-20_10,0.0,100,100,0,72.50723217391302,89.66247217391302,0.04765344444444444,0.0,18.647,True,True,True,False,0.0,0.0,56.44316137069188,113.98374626777134,0.0,17525.646931168805,17696.073838807268
2025-08-20T08:00:00Z,2025-08-20T08:15:00Z,2025-08-20,2025-08-20_11,0.0,100,100,0,89.66247217391302,98.66743217391301,0.02501377777777778,0.0,9.788,True,True,True,False,0.0,0.0,55.998259941075275,113.98374626777134,0.0,1621.436885294525,1791.4188915033715
2025-08-20T08:15:00Z,2025-08-20T08:30:00Z,2025-08-20,2025-08-20_11,0.0,100,100,0,98.66743217391301,111.42875217391301,0.03544811111111112,0.0,13.871,True,True,True,False,0.0,0.0,55.998259941075275,113.98374626777134,0.0,10042.367573408737,10212.349579617585
2025-08-20T08:30:00Z,2025-08-20T08:45:00Z,2025-08-20,2025-08-20_11,0.0,100,100,0,111.42875217391301,114.5325017391304,0.008700028985507246,0.013,3.389,True,True,True,False,0.0,0.0,55.998259941075275,113.98374626777134,1.4137978763371761,1233.7091163268938,1405.1049204120775
2025-08-20T08:45:00Z,2025-08-20T09:00:00Z,2025-08-20,2025-08-20_11,0.0,100,100,0,114.5325017391304,115.65134782608692,0.0031199830917874394,0.002,1.2185,True,True,True,False,0.0,0.0,55.998259941075275,113.98374626777134,0.2175073655903348,-45.77837976786032,124.42113380657662
2025-08-20T09:00:00Z,2025-08-20T09:15:00Z,2025-08-20,2025-08-20_12,0.0,11,11,89,115.65134782608692,116.01551602608691,0.0010115783333333335,0.0,0.39583500000000005,True,True,True,False,0.0,983.3063096909419,6.156545983034426,23.523421588594704,0.0,-6.232015970972655,1006.7542612915984
2025-08-20T09:15:00Z,2025-08-20T09:30:00Z,2025-08-20,2025-08-20_12,0.0,11,11,89,116.01551602608691,115.98316091304343,0.00011039642512077294,0.033165,0.0040149999999999995,True,True,True,False,0.0,983.3063096909419,6.156545983034426,23.523421588594704,3.5830633678049555,-0.15084135803689713,1016.4184992723391
2025-08-20T09:30:00Z,2025-08-20T09:45:00Z,2025-08-20,2025-08-20_12,0.0,11,11,89,115.98316091304343,115.96597145217387,5.4214057971014483e-05,0.016884999999999997,0.001265,True,True,True,False,0.0,983.3063096909419,6.156545983034426,23.523421588594704,1.8363059339964012,-0.04752535938148815,1014.775057837186
2025-08-20T09:45:00Z,2025-08-20T10:00:00Z,2025-08-20,2025-08-20_12,0.0,11,11,89,115.96597145217387,115.96533058260866,5.8002415458937196e-05,0.009899999999999999,0.011,True,True,True,False,0.0,983.3063096909419,6.156545983034426,23.523421588594704,1.0620443121823897,-0.41326399462163604,1013.6350575801318
2025-08-20T10:00:00Z,2025-08-20T10:15:00Z,2025-08-20,2025-08-20_13,-10.930419078610768,11,0,89,115.96533058260866,118.1530382455708,0.006090497454927096,0.354255,0.0,True,True,True,False,-112.88390303435271,983.3063096909419,6.208747750776107,0.0,44.02006967650723,0.0,920.6512240838725
2025-08-20T10:15:00Z,2025-08-20T10:30:00Z,2025-08-20,2025-08-20_13,-10.930419078610768,11,0,89,118.1530382455708,120.62240486081643,0.006861202578331578,0.048455,0.0,True,True,True,False,-112.88390303435271,983.3063096909419,6.208747750776107,0.0,5.217279282423428,0.0,881.8484336897887
2025-08-20T10:30:00Z,2025-08-20T10:45:00Z,2025-08-20,2025-08-20_13,-10.930419078610768,11,0,89,120.62240486081643,123.01593632290228,0.006653694382335802,0.13079000000000002,0.0,True,True,True,False,-112.88390303435271,983.3063096909419,6.208747750776107,0.0,14.220842500939238,0.0,890.8519969083046
2025-08-20T10:45:00Z,2025-08-20T11:00:00Z,2025-08-20,2025-08-20_13,-10.930419078610768,11,0,89,123.01593632290228,125.3555675826087,0.006506206927065592,0.18931,0.0,True,True,True,False,-112.88390303435271,983.3063096909419,6.208747750776107,0.0,22.35249010934689,0.0,898.9836445167122
2025-08-20T11:00:00Z,2025-08-20T11:15:00Z,2025-08-20,2025-08-20_14,0.0,100,100,0,125.3555675826087,125.34335453913044,0.0007239251207729468,0.1255,0.135,True,True,True,False,0.0,0.0,56.44316137069188,213.84928716904278,12.953750024716745,-5.084716152887905,278.1614824115635
2025-08-20T11:15:00Z,2025-08-20T11:30:00Z,2025-08-20,2025-08-20_14,0.0,100,100,0,125.34335453913044,128.97865975652175,0.010267152173913044,0.028000000000000004,3.9844999999999997,True,True,True,False,0.0,0.0,56.44316137069188,213.84928716904278,2.890079686789394,292.8358926700018,566.0184208965259
2025-08-20T11:30:00Z,2025-08-20T11:45:00Z,2025-08-20,2025-08-20_14,0.0,100,100,0,128.97865975652175,145.45677975652174,0.04577255555555556,0.0,17.911,True,True,True,False,0.0,0.0,56.44316137069188,213.84928716904278,0.0,17105.314891147453,17375.607339687187
2025-08-20T11:45:00Z,2025-08-20T12:00:00Z,2025-08-20,2025-08-20_14,0.0,100,100,0,145.45677975652174,152.30040932173912,0.01901914009661836,0.0015,7.4405,True,True,True,False,0.0,0.0,56.44316137069188,213.84928716904278,0.14681747177347595,5226.992076898741,5497.431342910249
2025-08-20T12:00:00Z,2025-08-20T12:15:00Z,2025-08-20,2025-08-20_15,0.0,100,100,0,152.30040932173912,162.20860149565218,0.027546910628019325,0.004,10.7745,True,True,True,False,0.0,0.0,56.44316137069188,213.84928716904278,0.39151325806260256,8246.609661578314,8517.29362337611
2025-08-20T12:15:00Z,2025-08-20T12:30:00Z,2025-08-20,2025-08-20_15,0.0,100,100,0,162.20860149565218,176.02056149565217,0.038366555555555557,0.0,15.012999999999998,True,True,True,False,0.0,0.0,56.44316137069188,213.84928716904278,0.0,14536.994122555514,14807.286571095248
2025-08-20T12:30:00Z,2025-08-20T12:45:00Z,2025-08-20,2025-08-20_15,0.0,100,100,0,176.02056149565217,182.4617128,0.022309357487922708,0.7315,7.8655,True,True,True,False,0.0,0.0,56.44316137069188,213.84928716904278,78.93424950072175,4837.738973661835,5186.965671702292
2025-08-20T12:45:00Z,2025-08-20T13:00:00Z,2025-08-20,2025-08-20_15,0.0,100,100,0,182.4617128,177.87681279999998,0.012889166666666665,4.2435,0.03,True,True,True,False,0.0,0.0,56.44316137069188,213.84928716904278,527.6068498012775,-1.127083621695371,796.7722147193167
2025-08-20T13:00:00Z,2025-08-20T13:15:00Z,2025-08-20,2025-08-20_16,36.0,64,100,0,177.87681279999998,177.87643547826085,0.03265982144927536,0.0028799999999999997,9.984,True,True,True,False,629.28,0.0,36.1236232772428,213.84928716904278,0.270500069206889,7979.038756648805,8858.562167164298
2025-08-20T13:15:00Z,2025-08-20T13:30:00Z,2025-08-20,2025-08-20_16,36.0,64,100,0,177.87643547826085,167.9696581217391,0.0277788793236715,0.18591999999999997,0.0795,True,True,True,False,629.28,0.0,36.1236232772428,213.84928716904278,17.462282245466948,-2.9976497340478123,893.7175429577047
2025-08-20T13:30:00Z,2025-08-20T13:45:00Z,2025-08-20,2025-08-20_16,36.0,64,100,0,167.9696581217391,157.80087923478254,0.028349648019323673,0.38368,0.0315,True,True,True,False,629.28,0.0,36.1236232772428,213.84928716904278,36.03662033100667,-1.184428153362466,914.1051026239297
2025-08-20T13:45:00Z,2025-08-20T14:00:00Z,2025-08-20,2025-08-20_16,36.0,64,100,0,157.80087923478254,146.98459039999995,0.03014992231884058,0.9798399999999999,0.032,True,True,True,False,629.28,0.0,36.1236232772428,213.84928716904278,117.0941058984043,-1.2042030332390803,995.1428133114508
2025-08-20T14:00:00Z,2025-08-20T14:15:00Z,2025-08-20,2025-08-20_17,0.0,11,11,89,146.98459039999995,147.84484099999995,0.002389585,0.0,0.9350550000000001,True,True,True,False,0.0,983.3063096909419,6.9558855515789055,9.05700670318154,0.0,-9.112039144405118,990.2071628012973
2025-08-20T14:15:00Z,2025-08-20T14:30:00Z,2025-08-20,2025-08-20_17,0.0,11,11,89,147.84484099999995,148.51083819999994,0.0018499922222222224,0.0,0.72391,True,True,True,False,0.0,983.3063096909419,6.9558855515789055,9.05700670318154,0.0,-15.88742902536927,983.4317729203331
2025-08-20T14:30:00Z,2025-08-20T14:45:00Z,2025-08-20,2025-08-20_17,0.0,11,11,89,148.51083819999994,148.99700299999995,0.001350457777777778,0.0,0.52844,True,True,True,False,0.0,983.3063096909419,6.9558855515789055,9.05700670318154,0.0,7.505973337551659,1006.825175283254
2025-08-20T14:45:00Z,2025-08-20T15:00:00Z,2025-08-20,2025-08-20_17,0.0,11,11,89,148.99700299999995,149.05701086956518,0.00018329480676328505,0.00275,0.06847500000000001,True,True,True,False,0.0,983.3063096909419,6.9558855515789055,9.05700670318154,0.3115793012081545,-2.7323248620805574,996.89845638483
2025-08-20T15:00:00Z,2025-08-20T15:15:00Z,2025-08-20,2025-08-20_18,43.78799802129091,56,100,0,149.05701086956518,155.26640991453337,0.03513900668361055,0.0,18.234,True,True,True,False,1129.1829989740395,0.0,34.5148597077492,82.33642457437765,0.0,4567.513702964034,5813.5479862202
2025-08-20T15:15:00Z,2025-08-20T15:30:00Z,2025-08-20,2025-08-20_18,43.78799802129091,56,100,0,155.26640991453337,151.60233997641532,0.03400136798226446,0.0,8.292,True,True,True,False,1129.1829989740395,0.0,34.5148597077492,82.33642457437765,0.0,396.19209775967414,1642.2263810158404
2025-08-20T15:30:00Z,2025-08-20T15:45:00Z,2025-08-20,2025-08-20_18,43.78799802129091,56,100,0,151.60233997641532,147.31906787465272,0.033930022404886746,0.0,7.6685,True,True,True,False,1129.1829989740395,0.0,34.5148597077492,82.33642457437765,0.0,314.185145631068,1560.2194288872342
2025-08-20T15:45:00Z,2025-08-20T16:00:00Z,2025-08-20,2025-08-20_18,43.78799802129091,56,100,0,147.31906787465272,135.2695652173912,0.03368057393977589,0.20523999999999998,0.073,True,True,True,False,1129.1829989740395,0.0,34.5148597077492,82.33642457437765,22.023620050224427,-4.219242085697902,1263.8386612206928
2025-08-20T16:00:00Z,2025-08-20T16:15:00Z,2025-08-20,2025-08-20_19,0.0,0,0,100,135.2695652173912,135.2695652173912,0.0,0.0,0.0,True,True,True,False,0.0,1104.8385502145416,0.0,0.0,0.0,0.0,1104.8385502145416
2025-08-20T16:15:00Z,2025-08-20T16:30:00Z,2025-08-20,2025-08-20_19,0.0,0,0,100,135.2695652173912,135.2695652173912,0.0,0.0,0.0,True,True,True,False,0.0,1104.8385502145416,0.0,0.0,0.0,0.0,1104.8385502145416
2025-08-20T16:30:00Z,2025-08-20T16:45:00Z,2025-08-20,2025-08-20_19,0.0,0,0,100,135.2695652173912,135.2695652173912,0.0,0.0,0.0,True,True,True,False,0.0,1104.8385502145416,0.0,0.0,0.0,0.0,1104.8385502145416
2025-08-20T16:45:00Z,2025-08-20T17:00:00Z,2025-08-20,2025-08-20_19,0.0,0,0,100,135.2695652173912,135.2695652173912,0.0,0.0,0.0,True,True,True,False,0.0,1104.8385502145416,0.0,0.0,0.0,0.0,1104.8385502145416
2025-08-20T17:00:00Z,2025-08-20T17:15:00Z,2025-08-20,2025-08-20_20,0.0,0,0,100,135.2695652173912,135.2695652173912,0.0,0.0,0.0,True,True,True,False,0.0,1104.8385502145416,0.0,0.0,0.0,0.0,1104.8385502145416
2025-08-20T17:15:00Z,2025-08-20T17:30:00Z,2025-08-20,2025-08-20_20,0.0,0,0,100,135.2695652173912,135.2695652173912,0.0,0.0,0.0,True,True,True,False,0.0,1104.8385502145416,0.0,0.0,0.0,0.0,1104.8385502145416
2025-08-20T17:30:00Z,2025-08-20T17:45:00Z,2025-08-20,2025-08-20_20,0.0,0,0,100,135.2695652173912,135.2695652173912,0.0,0.0,0.0,True,True,True,False,0.0,1104.8385502145416,0.0,0.0,0.0,0.0,1104.8385502145416
2025-08-20T17:45:00Z,2025-08-20T18:00:00Z,2025-08-20,2025-08-20_20,0.0,0,0,100,135.2695652173912,135.2695652173912,0.0,0.0,0.0,True,True,True,False,0.0,1104.8385502145416,0.0,0.0,0.0,0.0,1104.8385502145416
2025-08-20T18:00:00Z,2025-08-20T18:15:00Z,2025-08-20,2025-08-20_21,100.0,0,100,0,135.2695652173912,108.15271739130426,0.07532457729468599,0.0,0.0525,True,True,True,False,3394.75,0.0,0.0,62.28620014632314,0.0,-3.926003005556325,3453.110197140767
2025-08-20T18:15:00Z,2025-08-20T18:30:00Z,2025-08-20,2025-08-20_21,100.0,0,100,0,108.15271739130426,85.90543478260861,0.06179800724637682,0.0,4.5325,True,True,True,False,3394.75,0.0,0.0,62.28620014632314,0.0,-225.62391196883712,3231.412288177486
2025-08-20T18:30:00Z,2025-08-20T18:45:00Z,2025-08-20,2025-08-20_21,100.0,0,100,0,85.90543478260861,70.05163043478252,0.044038345410628024,0.0,10.4145,True,True,True,False,3394.75,0.0,0.0,62.28620014632314,0.0,62.09820408122912,3519.1344042275523
2025-08-20T18:45:00Z,2025-08-20T19:00:00Z,2025-08-20,2025-08-20_21,100.0,0,100,0,70.05163043478252,64.34782608695645,0.01584390096618357,0.0,19.7525,True,True,True,False,3394.75,0.0,0.0,62.28620014632314,0.0,7317.86517410476,10774.901374251083
2025-08-20T19:00:00Z,2025-08-20T19:15:00Z,2025-08-20,2025-08-20_22,0.0,0,0,100,64.34782608695645,64.34782608695645,0.0,0.0,0.0,True,False,True,False,0.0,1104.8385502145416,0.0,0.0,0.0,0.0,1104.8385502145416
2025-08-20T19:15:00Z,2025-08-20T19:30:00Z,2025-08-20,2025-08-20_22,0.0,0,0,100,64.34782608695645,64.34782608695645,0.0,0.0,0.0,True,False,True,False,0.0,1104.8385502145416,0.0,0.0,0.0,0.0,1104.8385502145416
2025-08-20T19:30:00Z,2025-08-20T19:45:00Z,2025-08-20,2025-08-20_22,0.0,0,0,100,64.34782608695645,64.34782608695645,0.0,0.0,0.0,True,False,True,False,0.0,1104.8385502145416,0.0,0.0,0.0,0.0,1104.8385502145416
2025-08-20T19:45:00Z,2025-08-20T20:00:00Z,2025-08-20,2025-08-20_22,0.0,0,0,100,64.34782608695645,64.34782608695645,0.0,0.0,0.0,True,False,True,False,0.0,1104.8385502145416,0.0,0.0,0.0,0.0,1104.8385502145416
2025-08-20T20:00:00Z,2025-08-20T20:15:00Z,2025-08-20,2025-08-20_23,0.0,0,0,100,64.34782608695645,64.34782608695645,0.0,0.0,0.0,True,True,True,False,0.0,1104.8385502145416,0.0,0.0,0.0,0.0,1104.8385502145416
2025-08-20T20:15:00Z,2025-08-20T20:30:00Z,2025-08-20,2025-08-20_23,0.0,0,0,100,64.34782608695645,64.34782608695645,0.0,0.0,0.0,True,True,True,False,0.0,1104.8385502145416,0.0,0.0,0.0,0.0,1104.8385502145416
2025-08-20T20:30:00Z,2025-08-20T20:45:00Z,2025-08-20,2025-08-20_23,0.0,0,0,100,64.34782608695645,64.34782608695645,0.0,0.0,0.0,True,True,True,False,0.0,1104.8385502145416,0.0,0.0,0.0,0.0,1104.8385502145416
2025-08-20T20:45:00Z,2025-08-20T21:00:00Z,2025-08-20,2025-08-20_23,0.0,0,0,100,64.34782608695645,64.34782608695645,0.0,0.0,0.0,True,True,True,False,0.0,1104.8385502145416,0.0,0.0,0.0,0.0,1104.8385502145416
2025-08-20T21:00:00Z,2025-08-20T21:15:00Z,2025-08-21,2025-08-20_24,-1.9247888307360052e-14,0,0,99,64.34782608695645,64.34782608695645,1.22972619741467e-17,0.0,0.0,True,True,True,False,-4.818708837747589e-13,1092.9689198000435,0.0,0.0,0.0,0.0,1092.968919800043
2025-08-20T21:15:00Z,2025-08-20T21:30:00Z,2025-08-21,2025-08-20_24,-1.9247888307360052e-14,0,0,99,64.34782608695645,64.34782608695645,1.2297261974146702e-17,0.0,0.0,True,True,True,False,-4.818708837747589e-13,1092.9689198000435,0.0,0.0,0.0,0.0,1092.968919800043
2025-08-20T21:30:00Z,2025-08-20T21:45:00Z,2025-08-21,2025-08-20_24,-1.9247888307360052e-14,0,0,99,64.34782608695645,64.34782608695645,1.2297261974146702e-17,0.0,0.0,True,True,True,False,-4.818708837747589e-13,1092.9689198000435,0.0,0.0,0.0,0.0,1092.968919800043
2025-08-20T21:45:00Z,2025-08-20T22:00:00Z,2025-08-21,2025-08-20_24,-1.9247888307360052e-14,0,0,99,64.34782608695645,64.34782608695645,1.2297261974146702e-17,0.0,0.0,True,True,True,False,-4.818708837747589e-13,1092.9689198000435,0.0,0.0,0.0,0.0,1092.968919800043
2025-08-20T22:00:00Z,2025-08-20T22:15:00Z,2025-08-21,2025-08-21_1,0.0,0,0,100,64.34782608695645,64.34782608695645,0.0,0.0,0.0,True,True,True,False,0.0,1104.009009899034,0.0,0.0,0.0,0.0,1104.009009899034
2025-08-20T22:15:00Z,2025-08-20T22:30:00Z,2025-08-21,2025-08-21_1,0.0,0,0,100,64.34782608695645,64.34782608695645,0.0,0.0,0.0,True,True,True,False,0.0,1104.009009899034,0.0,0.0,0.0,0.0,1104.009009899034
2025-08-20T22:30:00Z,2025-08-20T22:45:00Z,2025-08-21,2025-08-21_1,0.0,0,0,100,64.34782608695645,64.34782608695645,0.0,0.0,0.0,True,True,True,False,0.0,1104.009009899034,0.0,0.0,0.0,0.0,1104.009009899034
2025-08-20T22:45:00Z,2025-08-20T23:00:00Z,2025-08-21,2025-08-21_1,0.0,0,0,100,64.34782608695645,64.34782608695645,0.0,0.0,0.0,True,True,True,False,0.0,1104.009009899034,0.0,0.0,0.0,0.0,1104.009009899034
2025-08-20T23:00:00Z,2025-08-20T23:15:00Z,2025-08-21,2025-08-21_2,0.0,0,0,100,64.34782608695645,64.34782608695645,0.0,0.0,0.0,True,True,True,False,0.0,1104.009009899034,0.0,0.0,0.0,0.0,1104.009009899034
2025-08-20T23:15:00Z,2025-08-20T23:30:00Z,2025-08-21,2025-08-21_2,0.0,0,0,100,64.34782608695645,64.34782608695645,0.0,0.0,0.0,True,True,True,False,0.0,1104.009009899034,0.0,0.0,0.0,0.0,1104.009009899034
2025-08-20T23:30:00Z,2025-08-20T23:45:00Z,2025-08-21,2025-08-21_2,0.0,0,0,100,64.34782608695645,64.34782608695645,0.0,0.0,0.0,True,True,True,False,0.0,1104.009009899034,0.0,0.0,0.0,0.0,1104.009009899034
2025-08-20T23:45:00Z,2025-08-21T00:00:00Z,2025-08-21,2025-08-21_2,0.0,0,0,100,64.34782608695645,64.34782608695645,0.0,0.0,0.0,True,True,True,False,0.0,1104.009009899034,0.0,0.0,0.0,0.0,1104.009009899034
2025-08-21T00:00:00Z,2025-08-21T00:15:00Z,2025-08-21,2025-08-21_3,0.0,0,0,100,64.34782608695645,64.34782608695645,0.0,0.0,0.0,True,True,True,False,0.0,1104.009009899034,0.0,0.0,0.0,0.0,1104.009009899034
2025-08-21T00:15:00Z,2025-08-21T00:30:00Z,2025-08-21,2025-08-21_3,0.0,0,0,100,64.34782608695645,64.34782608695645,0.0,0.0,0.0,True,True,True,False,0.0,1104.009009899034,0.0,0.0,0.0,0.0,1104.009009899034
2025-08-21T00:30:00Z,2025-08-21T00:45:00Z,2025-08-21,2025-08-21_3,0.0,0,0,100,64.34782608695645,64.34782608695645,0.0,0.0,0.0,True,True,True,False,0.0,1104.009009899034,0.0,0.0,0.0,0.0,1104.009009899034
2025-08-21T00:45:00Z,2025-08-21T01:00:00Z,2025-08-21,2025-08-21_3,0.0,0,0,100,64.34782608695645,64.34782608695645,0.0,0.0,0.0,True,True,True,False,0.0,1104.009009899034,0.0,0.0,0.0,0.0,1104.009009899034
2025-08-21T01:00:00Z,2025-08-21T01:15:00Z,2025-08-21,2025-08-21_4,-99.99999999999959,100,0,0,64.34782608695645,83.15216608695636,0.052234277777777616,4.5605,0.0,True,True,True,False,-2161.499999999991,0.0,61.735591077038585,0.0,628.7220224852305,0.0,-1471.042386437722
2025-08-21T01:15:00Z,2025-08-21T01:30:00Z,2025-08-21,2025-08-21_4,-99.99999999999959,100,0,0,83.15216608695636,91.89216608695625,0.024277777777777874,15.5,0.0,True,True,True,False,-2161.499999999991,0.0,61.735591077038585,0.0,2840.811187291301,0.0,741.0467783683487
2025-08-21T01:30:00Z,2025-08-21T01:45:00Z,2025-08-21,2025-08-21_4,-99.99999999999959,100,0,0,91.89216608695625,99.73424608695615,0.02178355555555567,16.476,0.0,True,True,True,False,-2161.499999999991,0.0,61.735591077038585,0.0,14737.000862263145,0.0,12637.236453340192
2025-08-21T01:45:00Z,2025-08-21T02:00:00Z,2025-08-21,2025-08-21_4,-99.99999999999959,100,0,0,99.73424608695615,110.86946608695605,0.030931166666666704,12.8965,0.0,True,True,True,False,-2161.499999999991,0.0,61.735591077038585,0.0,6946.346766414416,0.0,4846.582357491464
2025-08-21T02:00:00Z,2025-08-21T02:15:00Z,2025-08-21,2025-08-21_5,0.0,0,0,100,110.86946608695605,110.86946608695605,0.0,0.0,0.0,True,True,True,False,0.0,1104.009009899034,0.0,0.0,0.0,0.0,1104.009009899034
2025-08-21T02:15:00Z,2025-08-21T02:30:00Z,2025-08-21,2025-08-21_5,0.0,0,0,100,110.86946608695605,110.86946608695605,0.0,0.0,0.0,True,True,True,False,0.0,1104.009009899034,0.0,0.0,0.0,0.0,1104.009009899034
2025-08-21T02:30:00Z,2025-08-21T02:45:00Z,2025-08-21,2025-08-21_5,0.0,0,0,100,110.86946608695605,110.86946608695605,0.0,0.0,0.0,True,True,True,False,0.0,1104.009009899034,0.0,0.0,0.0,0.0,1104.009009899034
2025-08-21T02:45:00Z,2025-08-21T03:00:00Z,2025-08-21,2025-08-21_5,0.0,0,0,100,110.86946608695605,110.86946608695605,0.0,0.0,0.0,True,True,True,False,0.0,1104.009009899034,0.0,0.0,0.0,0.0,1104.009009899034
2025-08-21T03:00:00Z,2025-08-21T03:15:00Z,2025-08-21,2025-08-21_6,0.0,0,0,100,110.86946608695605,110.86946608695605,0.0,0.0,0.0,True,True,True,False,0.0,1104.009009899034,0.0,0.0,0.0,0.0,1104.009009899034
2025-08-21T03:15:00Z,2025-08-21T03:30:00Z,2025-08-21,2025-08-21_6,0.0,0,0,100,110.86946608695605,110.86946608695605,0.0,0.0,0.0,True,True,True,False,0.0,1104.009009899034,0.0,0.0,0.0,0.0,1104.009009899034
2025-08-21T03:30:00Z,2025-08-21T03:45:00Z,2025-08-21,2025-08-21_6,0.0,0,0,100,110.86946608695605,110.86946608695605,0.0,0.0,0.0,True,True,True,False,0.0,1104.009009899034,0.0,0.0,0.0,0.0,1104.009009899034
2025-08-21T03:45:00Z,2025-08-21T04:00:00Z,2025-08-21,2025-08-21_6,0.0,0,0,100,110.86946608695605,110.86946608695605,0.0,0.0,0.0,True,True,True,False,0.0,1104.009009899034,0.0,0.0,0.0,0.0,1104.009009899034
2025-08-21T04:00:00Z,2025-08-21T04:15:00Z,2025-08-21,2025-08-21_7,0.0,0,0,100,110.86946608695605,110.86946608695605,0.0,0.0,0.0,True,True,True,False,0.0,1104.009009899034,0.0,0.0,0.0,0.0,1104.009009899034
2025-08-21T04:15:00Z,2025-08-21T04:30:00Z,2025-08-21,2025-08-21_7,0.0,0,0,100,110.86946608695605,110.86946608695605,0.0,0.0,0.0,True,True,True,False,0.0,1104.009009899034,0.0,0.0,0.0,0.0,1104.009009899034
2025-08-21T04:30:00Z,2025-08-21T04:45:00Z,2025-08-21,2025-08-21_7,0.0,0,0,100,110.86946608695605,110.86946608695605,0.0,0.0,0.0,True,True,True,False,0.0,1104.009009899034,0.0,0.0,0.0,0.0,1104.009009899034
2025-08-21T04:45:00Z,2025-08-21T05:00:00Z,2025-08-21,2025-08-21_7,0.0,0,0,100,110.86946608695605,110.86946608695605,0.0,0.0,0.0,True,True,True,False,0.0,1104.009009899034,0.0,0.0,0.0,0.0,1104.009009899034
2025-08-21T05:00:00Z,2025-08-21T05:15:00Z,2025-08-21,2025-08-21_8,0.0,0,0,100,110.86946608695605,110.86946608695605,0.0,0.0,0.0,True,True,True,False,0.0,1104.009009899034,0.0,0.0,0.0,0.0,1104.009009899034
2025-08-21T05:15:00Z,2025-08-21T05:30:00Z,2025-08-21,2025-08-21_8,0.0,0,0,100,110.86946608695605,110.86946608695605,0.0,0.0,0.0,True,True,True,False,0.0,1104.009009899034,0.0,0.0,0.0,0.0,1104.009009899034
2025-08-21T05:30:00Z,2025-08-21T05:45:00Z,2025-08-21,2025-08-21_8,0.0,0,0,100,110.86946608695605,110.86946608695605,0.0,0.0,0.0,True,True,True,False,0.0,1104.009009899034,0.0,0.0,0.0,0.0,1104.009009899034
2025-08-21T05:45:00Z,2025-08-21T06:00:00Z,2025-08-21,2025-08-21_8,0.0,0,0,100,110.86946608695605,110.86946608695605,0.0,0.0,0.0,True,True,True,False,0.0,1104.009009899034,0.0,0.0,0.0,0.0,1104.009009899034
2025-08-21T06:00:00Z,2025-08-21T06:15:00Z,2025-08-21,2025-08-21_9,0.0,0,0,100,110.86946608695605,110.86946608695605,0.0,0.0,0.0,True,True,True,False,0.0,1104.009009899034,0.0,0.0,0.0,0.0,1104.009009899034
2025-08-21T06:15:00Z,2025-08-21T06:30:00Z,2025-08-21,2025-08-21_9,0.0,0,0,100,110.86946608695605,110.86946608695605,0.0,0.0,0.0,True,True,True,False,0.0,1104.009009899034,0.0,0.0,0.0,0.0,1104.009009899034
2025-08-21T06:30:00Z,2025-08-21T06:45:00Z,2025-08-21,2025-08-21_9,0.0,0,0,100,110.86946608695605,110.86946608695605,0.0,0.0,0.0,True,True,True,False,0.0,1104.009009899034,0.0,0.0,0.0,0.0,1104.009009899034
2025-08-21T06:45:00Z,2025-08-21T07:00:00Z,2025-08-21,2025-08-21_9,0.0,0,0,100,110.86946608695605,110.86946608695605,0.0,0.0,0.0,True,True,True,False,0.0,1104.009009899034,0.0,0.0,0.0,0.0,1104.009009899034
2025-08-21T07:00:00Z,2025-08-21T07:15:00Z,2025-08-21,2025-08-21_10,2.6472303471052766e-15,11,11,89,110.86946608695605,110.54218633912997,0.0009557748550724656,0.308825,0.00913,True,True,True,False,6.680947588506942e-14,982.5680188101402,6.168224299065421,12.421212779830471,44.383395892197356,-0.7576613779613127,1044.783190403272
2025-08-21T07:15:00Z,2025-08-21T07:30:00Z,2025-08-21,2025-08-21_10,2.6472303471052766e-15,11,11,89,110.54218633912997,110.13709938260823,0.0011252415458937219,0.37268,0.0,True,True,True,False,6.680947588506942e-14,982.5680188101402,6.168224299065421,12.421212779830471,53.32502873288416,0.0,1054.4824846219203
2025-08-21T07:30:00Z,2025-08-21T07:45:00Z,2025-08-21,2025-08-21_10,2.6472303471052766e-15,11,11,89,110.13709938260823,109.93009545217345,0.0005797898067632869,0.191235,0.0009350000000000001,True,True,True,False,6.680947588506942e-14,982.5680188101402,6.168224299065421,12.421212779830471,26.085850543360138,-0.05132588567702674,1027.1919805467192
2025-08-21T07:45:00Z,2025-08-21T08:00:00Z,2025-08-21,2025-08-21_10,2.6472303471052766e-15,11,11,89,109.93009545217345,109.8966636782604,0.00010242381642512276,0.03234,0.0018700000000000001,True,True,True,False,6.680947588506942e-14,982.5680188101402,6.168224299065421,12.421212779830471,4.126709497935232,-0.11974562051727888,1005.1644197664541
2025-08-21T08:00:00Z,2025-08-21T08:15:00Z,2025-08-21,2025-08-21_11,0.0,100,100,0,109.8966636782604,98.73119585217344,0.03102285507246377,10.2735,0.0015,True,True,True,False,0.0,0.0,56.015490703601984,112.92011618027702,6100.456711880816,-0.06520321669202347,6269.327115548003
2025-08-21T08:15:00Z,2025-08-21T08:30:00Z,2025-08-21,2025-08-21_11,0.0,100,100,0,98.73119585217344,93.5355436782604,0.014432367149758455,4.78,0.0,True,True,True,False,0.0,0.0,56.015490703601984,112.92011618027702,660.90481911047,0.0,829.8404259943491
2025-08-21T08:30:00Z,2025-08-21T08:45:00Z,2025-08-21,2025-08-21_11,0.0,100,100,0,93.5355436782604,86.53282628695605,0.01945199275362319,6.4425,0.0,True,True,True,False,0.0,0.0,56.015490703601984,112.92011618027702,933.8945451581673,0.0,1102.8301520420462
2025-08-21T08:45:00Z,2025-08-21T09:00:00Z,2025-08-21,2025-08-21_11,0.0,100,100,0,86.53282628695605,74.2480436782604,0.0341243961352657,11.302,0.0,True,True,True,False,0.0,0.0,56.015490703601984,112.92011618027702,2333.9854861591357,0.0,2502.9210930430145
2025-08-21T09:00:00Z,2025-08-21T09:15:00Z,2025-08-21,2025-08-21_12,-99.99999999999999,100,0,0,74.2480436782604,80.5201436782604,0.0174225,18.1825,0.0,True,True,True,False,-2020.7499999999998,0.0,56.015490703601984,0.0,20634.05325423327,0.0,18669.31874493687
2025-08-21T09:15:00Z,2025-08-21T09:30:00Z,2025-08-21,2025-08-21_12,-99.99999999999999,100,0,0,80.5201436782604,94.34682367826039,0.038407444444444445,9.971,0.0,True,True,True,False,-2020.7499999999998,0.0,56.015490703601984,0.0,5091.15189721602,0.0,3126.4173879196223
2025-08-21T09:30:00Z,2025-08-21T09:45:00Z,2025-08-21,2025-08-21_12,-99.99999999999999,100,0,0,94.34682367826039,112.2302436782604,0.04967616666666666,5.5615,0.0,True,True,True,False,-2020.7499999999998,0.0,56.015490703601984,0.0,768.2531334097331,0.0,-1196.4813758866646
2025-08-21T09:45:00Z,2025-08-21T10:00:00Z,2025-08-21,2025-08-21_12,-99.99999999999999,100,0,0,112.2302436782604,129.3390236782604,0.04752438888888888,6.403500000000001,0.0,True,True,True,False,-2020.7499999999998,0.0,56.015490703601984,0.0,885.6266598170359,0.0,-1079.107849479362
2025-08-21T10:00:00Z,2025-08-21T10:15:00Z,2025-08-21,2025-08-21_13,-11.0,11,0,89,129.3390236782604,131.74328267826039,0.006678497222222223,0.136675,0.0,True,True,True,False,-202.5925,982.5680188101402,6.168224299065421,0.0,18.056325418387306,0.0,804.2000685275929
2025-08-21T10:15:00Z,2025-08-21T10:30:00Z,2025-08-21,2025-08-21_13,-11.0,11,0,89,131.74328267826039,134.1707164782604,0.006742871666666666,0.111485,0.0,True,True,True,False,-202.5925,982.5680188101402,6.168224299065421,0.0,14.883691360573788,0.0,801.0274344697795
2025-08-21T10:30:00Z,2025-08-21T10:45:00Z,2025-08-21,2025-08-21_13,-11.0,11,0,89,134.1707164782604,136.7004128782604,0.007026934444444444,0.00033,0.0,True,True,True,False,-202.5925,982.5680188101402,6.168224299065421,0.0,0.04212127798304716,0.0,786.1858643871886
2025-08-21T10:45:00Z,2025-08-21T11:00:00Z,2025-08-21,2025-08-21_13,-11.0,11,0,89,136.7004128782604,139.2299068782604,0.007026372222222221,0.00055,0.0,True,True,True,False,-202.5925,982.5680188101402,6.168224299065421,0.0,0.07000652032166922,0.0,786.2137496295272
2025-08-21T11:00:00Z,2025-08-21T11:15:00Z,2025-08-21,2025-08-21_14,0.0,11,11,89,139.2299068782604,139.23079606086912,0.00011672115942028986,0.01892,0.02332,True,True,True,False,0.0,982.5680188101402,6.168224299065421,33.68724190393393,2.414366355140187,-1.0643865246685504,1023.7734648436111
2025-08-21T11:15:00Z,2025-08-21T11:30:00Z,2025-08-21,2025-08-21_14,0.0,11,11,89,139.23079606086912,139.71453206086912,0.0013437111111111112,0.0,0.5258,True,True,True,False,0.0,982.5680188101402,6.168224299065421,33.68724190393393,0.0,-6.392483807867856,1016.0310012052717
2025-08-21T11:30:00Z,2025-08-21T11:45:00Z,2025-08-21,2025-08-21_14,0.0,11,11,89,139.71453206086912,140.3911552608691,0.001879508888888889,0.0,0.73546,True,True,True,False,0.0,982.5680188101402,6.168224299065421,33.68724190393393,0.0,-16.640452771136708,1005.7830322420028
2025-08-21T11:45:00Z,2025-08-21T12:00:00Z,2025-08-21,2025-08-21_14,0.0,11,11,89,140.3911552608691,141.5150318608691,0.0031218794444444436,0.0,1.2216049999999998,True,True,True,False,0.0,982.5680188101402,6.168224299065421,33.68724190393393,0.0,-11.253460693327535,1011.170024319812
2025-08-21T12:00:00Z,2025-08-21T12:15:00Z,2025-08-21,2025-08-21_15,-7.00000000000008,11,4,89,141.5150318608691,143.12997426086912,0.004508173333333384,0.01012,0.01616,True,True,True,False,-135.81750000000156,982.5680188101402,6.168224299065421,8.444409318132422,1.2481306672462509,-0.6889816047894727,861.9223014897932
2025-08-21T12:15:00Z,2025-08-21T12:30:00Z,2025-08-21,2025-08-21_15,-7.00000000000008,11,4,89,143.12997426086912,144.69401536521698,0.00445071804347831,0.048345,0.00158,True,True,True,False,-135.81750000000156,982.5680188101402,6.168224299065421,8.444409318132422,5.8555422734188225,-0.09510188298986387,867.1235928177655
2025-08-21T12:30:00Z,2025-08-21T12:45:00Z,2025-08-21,2025-08-21_15,-7.00000000000008,11,4,89,144.69401536521698,146.29972017391265,0.004475387753623239,0.006875,0.00266,True,True,True,False,-135.81750000000156,982.5680188101402,6.168224299065421,8.444409318132422,0.8326994131710498,-0.15779201359388276,862.0380598269137
2025-08-21T12:45:00Z,2025-08-21T13:00:00Z,2025-08-21,2025-08-21_15,-7.00000000000008,11,4,89,146.29972017391265,147.89901453913004,0.004470986763285075,0.012979999999999998,0.0022,True,True,True,False,-135.81750000000156,982.5680188101402,6.168224299065421,8.444409318132422,1.5721364920669418,-0.11657552705933494,862.8187133923441
2025-08-21T13:00:00Z,2025-08-21T13:15:00Z,2025-08-21,2025-08-21_16,-3.8080603996822786,11,7,89,147.89901453913004,148.7681336527757,0.0024598208264332675,0.01155,0.0056,True,True,True,False,-80.17871171531037,982.5680188101402,6.168224299065421,14.77771630673174,1.3875244512062594,-0.2804923830787774,924.4422797687545
2025-08-21T13:15:00Z,2025-08-21T13:30:00Z,2025-08-21,2025-08-21_16,-3.8080603996822786,11,7,89,148.7681336527757,148.56166808034283,0.0035785701821814822,1.051655,0.0,True,True,True,False,-80.17871171531037,982.5680188101402,6.168224299065421,14.77771630673174,143.9138885785699,0.0,1067.2491362791968
2025-08-21T13:30:00Z,2025-08-21T13:45:00Z,2025-08-21,2025-08-21_16,-3.8080603996822786,11,7,89,148.56166808034283,148.70954170810305,0.0032034996664742554,0.707355,0.0,True,True,True,False,-80.17871171531037,982.5680188101402,6.168224299065421,14.77771630673174,107.6681773744838,0.0,1031.0034250751107
2025-08-21T13:45:00Z,2025-08-21T14:00:00Z,2025-08-21,2025-08-21_16,-3.8080603996822786,11,7,89,148.70954170810305,149.05999999999923,0.0029890623860084134,0.51051,0.0,True,True,True,False,-80.17871171531037,982.5680188101402,6.168224299065421,14.77771630673174,69.76811971310585,0.0,993.1033674137328
2025-08-21T14:00:00Z,2025-08-21T14:15:00Z,2025-08-21,2025-08-21_17,0.0,100,100,0,149.05999999999923,161.08063565217313,0.03417567874396136,0.13,13.2195,True,True,True,False,0.0,0.0,60.66862934935094,81.08909130426193,16.579308845903064,9257.685511548874,9416.02254104839
2025-08-21T14:15:00Z,2025-08-21T14:30:00Z,2025-08-21,2025-08-21_17,0.0,100,100,0,161.08063565217313,170.32479565217312,0.025678222222222224,0.0,10.048,True,True,True,False,0.0,0.0,60.66862934935094,81.08909130426193,0.0,767.6651352472782,909.422855900891
2025-08-21T14:30:00Z,2025-08-21T14:45:00Z,2025-08-21,2025-08-21_17,0.0,100,100,0,170.32479565217312,174.88201565217312,0.012658944444444445,0.0,4.9535,True,True,True,False,0.0,0.0,60.66862934935094,81.08909130426193,0.0,-188.11378949240282,-46.35606883878995
2025-08-21T14:45:00Z,2025-08-21T15:00:00Z,2025-08-21,2025-08-21_17,0.0,100,100,0,174.88201565217312,176.92985391304268,0.005724671497584541,0.006,2.233,True,True,True,False,0.0,0.0,60.66862934935094,81.08909130426193,0.7634703918120567,-92.7693675287981,49.75182351662682
2025-08-21T15:00:00Z,2025-08-21T15:15:00Z,2025-08-21,2025-08-21_18,36.39605643482979,63,100,0,176.92985391304268,181.67460531828365,0.035329590663725784,0.0,14.922000000000002,True,True,True,False,989.5177843219349,0.0,37.698425243524134,81.08909130426193,0.0,3180.1570864041423,4288.462387273863
2025-08-21T15:15:00Z,2025-08-21T15:30:00Z,2025-08-21,2025-08-21_18,36.39605643482979,63,100,0,181.67460531828365,172.5567053846934,0.02792494352863316,0.010395,0.799,True,True,True,False,989.5177843219349,0.0,37.698425243524134,81.08909130426193,1.323460073896979,-44.50062634605126,1065.1281345975667
2025-08-21T15:30:00Z,2025-08-21T15:45:00Z,2025-08-21,2025-08-21_18,36.39605643482979,63,100,0,172.5567053846934,163.19514656766708,0.027873579277627254,0.032444999999999995,0.575,True,True,True,False,989.5177843219349,0.0,37.698425243524134,81.08909130426193,4.13643459623402,-32.640517871608935,1079.801217594346
2025-08-21T15:45:00Z,2025-08-21T16:00:00Z,2025-08-21,2025-08-21_18,36.39605643482979,63,100,0,163.19514656766708,153.1242565391284,0.028073846004631822,0.193725,0.0305,True,True,True,False,989.5177843219349,0.0,37.698425243524134,81.08909130426193,24.881591768587857,-1.9610371263164137,1131.2258555119924
2025-08-21T16:00:00Z,2025-08-21T16:15:00Z,2025-08-21,2025-08-21_19,0.0,21,21,79,153.1242565391284,152.93536573912837,0.0012690533333333332,0.297045,0.14563500000000001,True,True,True,False,0.0,737.5372942640928,22.661377961312756,21.846041374404777,41.07978988362214,-7.815360369287309,815.3091431141452
2025-08-21T16:15:00Z,2025-08-21T16:30:00Z,2025-08-21,2025-08-21_19,0.0,21,21,79,152.93536573912837,151.57721356521532,0.003772644927536232,1.2495,0.0,True,True,True,False,0.0,737.5372942640928,22.661377961312756,21.846041374404777,172.81816205963133,0.0,954.8628756594417
2025-08-21T16:30:00Z,2025-08-21T16:45:00Z,2025-08-21,2025-08-21_19,0.0,21,21,79,151.57721356521532,150.26003421738923,0.00365883152173913,1.211805,0.0,True,True,True,False,0.0,737.5372942640928,22.661377961312756,21.846041374404777,240.4167869633084,0.0,1022.4615005631188
2025-08-21T16:45:00Z,2025-08-21T17:00:00Z,2025-08-21,2025-08-21_19,0.0,21,21,79,150.26003421738923,148.04590378260662,0.006150362318840579,2.037,0.0,True,True,True,False,0.0,737.5372942640928,22.661377961312756,21.846041374404777,451.2612453814388,0.0,1233.3059589812492
2025-08-21T17:00:00Z,2025-08-21T17:15:00Z,2025-08-21,2025-08-21_20,1.7763568394002505e-14,21,21,79,148.04590378260662,146.39831682608488,0.004576630434782622,1.51578,0.0,True,True,True,False,6.154188270102169e-13,737.5372942640928,22.872992037304144,17.00381340024896,251.96731483669558,0.0,1029.3814145383421
2025-08-21T17:15:00Z,2025-08-21T17:30:00Z,2025-08-21,2025-08-21_20,1.7763568394002505e-14,21,21,79,146.39831682608488,144.74399617391097,0.004595335144927549,1.5219749999999999,0.0,True,True,True,False,6.154188270102169e-13,737.5372942640928,22.872992037304144,17.00381340024896,307.9284623402027,0.0,1085.3425620418493
2025-08-21T17:30:00Z,2025-08-21T17:45:00Z,2025-08-21,2025-08-21_20,1.7763568394002505e-14,21,21,79,144.74399617391097,142.55143639130227,0.006090443840579723,2.017155,0.0,True,True,True,False,6.154188270102169e-13,737.5372942640928,22.872992037304144,17.00381340024896,419.76361440101954,0.0,1197.177714102666
2025-08-21T17:45:00Z,2025-08-21T18:00:00Z,2025-08-21,2025-08-21_20,1.7763568394002505e-14,21,21,79,142.55143639130227,140.6422624782588,0.00530326086956523,1.7564400000000002,0.0,True,True,True,False,6.154188270102169e-13,737.5372942640928,22.872992037304144,17.00381340024896,352.4256203434037,0.0,1129.8397200450502
2025-08-21T18:00:00Z,2025-08-21T18:15:00Z,2025-08-21,2025-08-21_21,100.0,0,100,0,140.6422624782588,113.4868276956501,0.07543176328502416,0.0,0.017,True,True,True,False,3572.5,0.0,0.0,80.97054000118553,0.0,-1.3045571120902573,3652.165982889095
2025-08-21T18:15:00Z,2025-08-21T18:30:00Z,2025-08-21,2025-08-21_21,100.0,0,100,0,113.4868276956501,86.42867552173706,0.0751615338164251,0.0,0.1065,True,True,True,False,3572.5,0.0,0.0,80.97054000118553,0.0,-8.14299618659975,3645.3275438145856
2025-08-21T18:30:00Z,2025-08-21T18:45:00Z,2025-08-21,2025-08-21_21,100.0,0,100,0,86.42867552173706,66.75856682608489,0.05463919082125603,0.0,6.9035,True,True,True,False,3572.5,0.0,0.0,80.97054000118553,0.0,-250.72672847799885,3402.7438115231867
2025-08-21T18:45:00Z,2025-08-21T19:00:00Z,2025-08-21,2025-08-21_21,100.0,0,100,0,66.75856682608489,45.772697260867496,0.058294082125603865,0.0,5.693,True,True,True,False,3572.5,0.0,0.0,80.97054000118553,0.0,-295.5937072968327,3357.8768327043526
2025-08-21T19:00:00Z,2025-08-21T19:15:00Z,2025-08-21,2025-08-21_22,1.9999999999999984,98,100,0,45.772697260867496,43.20909526086749,0.009149716666666665,2.20255,0.4050000000000001,True,True,True,False,57.869999999999955,0.0,106.68253936891189,104.02876844954656,323.8759450909882,-21.04229910493767,571.414953804509
2025-08-21T19:15:00Z,2025-08-21T19:30:00Z,2025-08-21,2025-08-21_22,1.9999999999999984,98,100,0,43.20909526086749,43.69099301738923,0.004486732898550724,0.04459,1.163,True,True,True,False,57.869999999999955,0.0,106.68253936891189,104.02876844954656,6.097528979866037,-83.50547272332103,191.1733640750034
2025-08-21T19:30:00Z,2025-08-21T19:45:00Z,2025-08-21,2025-08-21_22,1.9999999999999984,98,100,0,43.69099301738923,49.38651726086749,0.01802416154589372,0.0,6.756999999999999,True,True,True,False,57.869999999999955,0.0,106.68253936891189,104.02876844954656,0.0,-200.29883602378925,68.28247179466916
2025-08-21T19:45:00Z,2025-08-21T20:00:00Z,2025-08-21,2025-08-21_22,1.9999999999999984,98,100,0,49.38651726086749,55.107433330432706,0.01809137314009662,0.0,6.7845,True,True,True,False,57.869999999999955,0.0,106.68253936891189,104.02876844954656,0.0,2458.625532492937,2727.2068403113954
2025-08-21T20:00:00Z,2025-08-21T20:15:00Z,2025-08-21,2025-08-21_23,0.0,19,19,81,55.107433330432706,54.4431896956501,0.0026375478743961354,0.74233,0.15503999999999998,True,True,True,False,0.0,756.2091244986268,12.343561676315428,20.480626741222263,178.02264683369228,-5.383711999367727,961.6722477504891
2025-08-21T20:15:00Z,2025-08-21T20:30:00Z,2025-08-21,2025-08-21_23,0.0,19,19,81,54.4431896956501,54.13183454782401,0.0008687598550724636,0.28708999999999996,0.00076,True,True,True,False,0.0,756.2091244986268,12.343561676315428,20.480626741222263,41.98209798067613,-0.060666653494299665,830.9547442433463
2025-08-21T20:30:00Z,2025-08-21T20:45:00Z,2025-08-21,2025-08-21_23,0.0,19,19,81,54.13183454782401,54.05646286956314,0.0002249035507246377,0.071915,0.00304,True,True,True,False,0.0,756.2091244986268,12.343561676315428,20.480626741222263,9.927413110786194,-0.24007656833494695,798.7206494586158
2025-08-21T20:45:00Z,2025-08-21T21:00:00Z,2025-08-21,2025-08-21_23,0.0,19,19,81,54.05646286956314,54.02173913043271,0.00016686038647342996,0.043605000000000005,0.013774999999999999,True,True,True,False,0.0,756.2091244986268,12.343561676315428,20.480626741222263,6.021989126869653,-0.9704800636225327,794.0848219794116
2025-08-21T21:00:00Z,2025-08-21T21:15:00Z,2025-08-22,2025-08-21_24,23.587818057521872,76,100,0,54.02173913043271,48.294805770808736,0.018692777936010346,0.00114,0.713,True,True,True,False,542.2839371424278,0.0,59.0984222389181,92.20412036853968,0.14560480841472576,-31.78769346356123,661.9443910947391
2025-08-21T21:15:00Z,2025-08-21T21:30:00Z,2025-08-22,2025-08-21_24,23.587818057521872,76,100,0,48.294805770808736,42.494211835889004,0.019450020525458134,0.19380000000000003,0.8545,True,True,True,False,542.2839371424278,0.0,59.0984222389181,92.20412036853968,24.745154019534183,-33.59645715528491,684.7351766141348
2025-08-21T21:30:00Z,2025-08-21T21:45:00Z,2025-08-22,2025-08-21_24,23.587818057521872,76,100,0,42.494211835889004,40.63674341385045,0.023691286675201206,0.0,4.745,True,True,True,False,542.2839371424278,0.0,59.0984222389181,92.20412036853968,0.0,-122.98835857487445,570.5981211750111
2025-08-21T21:45:00Z,2025-08-21T22:00:00Z,2025-08-22,2025-08-21_24,23.587818057521872,76,100,0,40.63674341385045,44.28324608695653,0.03080839767644819,0.0,10.482,True,True,True,False,542.2839371424278,0.0,59.0984222389181,92.20412036853968,0.0,5706.18667523429,6399.773154984176
2025-08-21T22:00:00Z,2025-08-21T22:15:00Z,2025-08-22,2025-08-22_1,7.010694753652103e-15,100,100,0,44.28324608695653,51.72512608695653,0.020671888888888892,0.0,8.089,True,True,True,False,1.5276303868207932e-13,0.0,77.76108189331329,95.1994938510815,0.0,2231.3328496579543,2404.2934254023494
2025-08-21T22:15:00Z,2025-08-21T22:30:00Z,2025-08-22,2025-08-22_1,7.010694753652103e-15,100,100,0,51.72512608695653,59.92416608695653,0.02277511111111112,0.0,8.912,True,True,True,False,1.5276303868207932e-13,0.0,77.76108189331329,95.1994938510815,0.0,35.612406975364785,208.57298271975972
2025-08-21T22:30:00Z,2025-08-21T22:45:00Z,2025-08-22,2025-08-22_1,7.010694753652103e-15,100,100,0,59.92416608695653,64.52416608695653,0.012777777777777782,0.0,5.0,True,True,True,False,1.5276303868207932e-13,0.0,77.76108189331329,95.1994938510815,0.0,-107.60903950334136,65.35153624105358
2025-08-21T22:45:00Z,2025-08-21T23:00:00Z,2025-08-22,2025-08-22_1,7.010694753652103e-15,100,100,0,64.52416608695653,64.34782608695653,0.0012462777777777828,0.2875,0.148,True,True,True,False,1.5276303868207932e-13,0.0,77.76108189331329,95.1994938510815,34.84469532207679,-9.440859662303767,198.36441140416795
2025-08-21T23:00:00Z,2025-08-21T23:15:00Z,2025-08-22,2025-08-22_2,0.0,0,0,100,64.34782608695653,64.34782608695653,0.0,0.0,0.0,True,True,True,False,0.0,1104.729328957254,0.0,0.0,0.0,0.0,1104.729328957254
2025-08-21T23:15:00Z,2025-08-21T23:30:00Z,2025-08-22,2025-08-22_2,0.0,0,0,100,64.34782608695653,64.34782608695653,0.0,0.0,0.0,True,True,True,False,0.0,1104.729328957254,0.0,0.0,0.0,0.0,1104.729328957254
2025-08-21T23:30:00Z,2025-08-21T23:45:00Z,2025-08-22,2025-08-22_2,0.0,0,0,100,64.34782608695653,64.34782608695653,0.0,0.0,0.0,True,True,True,False,0.0,1104.729328957254,0.0,0.0,0.0,0.0,1104.729328957254
2025-08-21T23:45:00Z,2025-08-22T00:00:00Z,2025-08-22,2025-08-22_2,0.0,0,0,100,64.34782608695653,64.34782608695653,0.0,0.0,0.0,True,True,True,False,0.0,1104.729328957254,0.0,0.0,0.0,0.0,1104.729328957254
2025-08-22T00:00:00Z,2025-08-22T00:15:00Z,2025-08-22,2025-08-22_3,0.0,0,0,100,64.34782608695653,64.34782608695653,0.0,0.0,0.0,True,True,True,False,0.0,1104.729328957254,0.0,0.0,0.0,0.0,1104.729328957254
2025-08-22T00:15:00Z,2025-08-22T00:30:00Z,2025-08-22,2025-08-22_3,0.0,0,0,100,64.34782608695653,64.34782608695653,0.0,0.0,0.0,True,True,True,False,0.0,1104.729328957254,0.0,0.0,0.0,0.0,1104.729328957254
2025-08-22T00:30:00Z,2025-08-22T00:45:00Z,2025-08-22,2025-08-22_3,0.0,0,0,100,64.34782608695653,64.34782608695653,0.0,0.0,0.0,True,True,True,False,0.0,1104.729328957254,0.0,0.0,0.0,0.0,1104.729328957254
2025-08-22T00:45:00Z,2025-08-22T01:00:00Z,2025-08-22,2025-08-22_3,0.0,0,0,100,64.34782608695653,64.34782608695653,0.0,0.0,0.0,True,True,True,False,0.0,1104.729328957254,0.0,0.0,0.0,0.0,1104.729328957254
2025-08-22T01:00:00Z,2025-08-22T01:15:00Z,2025-08-22,2025-08-22_4,0.0,0,0,100,64.34782608695653,64.34782608695653,0.0,0.0,0.0,True,True,True,False,0.0,1104.729328957254,0.0,0.0,0.0,0.0,1104.729328957254
2025-08-22T01:15:00Z,2025-08-22T01:30:00Z,2025-08-22,2025-08-22_4,0.0,0,0,100,64.34782608695653,64.34782608695653,0.0,0.0,0.0,True,True,True,False,0.0,1104.729328957254,0.0,0.0,0.0,0.0,1104.729328957254
2025-08-22T01:30:00Z,2025-08-22T01:45:00Z,2025-08-22,2025-08-22_4,0.0,0,0,100,64.34782608695653,64.34782608695653,0.0,0.0,0.0,True,True,True,False,0.0,1104.729328957254,0.0,0.0,0.0,0.0,1104.729328957254
2025-08-22T01:45:00Z,2025-08-22T02:00:00Z,2025-08-22,2025-08-22_4,0.0,0,0,100,64.34782608695653,64.34782608695653,0.0,0.0,0.0,True,True,True,False,0.0,1104.729328957254,0.0,0.0,0.0,0.0,1104.729328957254
2025-08-22T02:00:00Z,2025-08-22T02:15:00Z,2025-08-22,2025-08-22_5,0.0,0,0,100,64.34782608695653,64.34782608695653,0.0,0.0,0.0,True,True,True,False,0.0,1104.729328957254,0.0,0.0,0.0,0.0,1104.729328957254
2025-08-22T02:15:00Z,2025-08-22T02:30:00Z,2025-08-22,2025-08-22_5,0.0,0,0,100,64.34782608695653,64.34782608695653,0.0,0.0,0.0,True,True,True,False,0.0,1104.729328957254,0.0,0.0,0.0,0.0,1104.729328957254
2025-08-22T02:30:00Z,2025-08-22T02:45:00Z,2025-08-22,2025-08-22_5,0.0,0,0,100,64.34782608695653,64.34782608695653,0.0,0.0,0.0,True,True,True,False,0.0,1104.729328957254,0.0,0.0,0.0,0.0,1104.729328957254
2025-08-22T02:45:00Z,2025-08-22T03:00:00Z,2025-08-22,2025-08-22_5,0.0,0,0,100,64.34782608695653,64.34782608695653,0.0,0.0,0.0,True,True,True,False,0.0,1104.729328957254,0.0,0.0,0.0,0.0,1104.729328957254
2025-08-22T03:00:00Z,2025-08-22T03:15:00Z,2025-08-22,2025-08-22_6,0.0,0,0,100,64.34782608695653,64.34782608695653,0.0,0.0,0.0,True,True,True,False,0.0,1104.729328957254,0.0,0.0,0.0,0.0,1104.729328957254
2025-08-22T03:15:00Z,2025-08-22T03:30:00Z,2025-08-22,2025-08-22_6,0.0,0,0,100,64.34782608695653,64.34782608695653,0.0,0.0,0.0,True,True,True,False,0.0,1104.729328957254,0.0,0.0,0.0,0.0,1104.729328957254
2025-08-22T03:30:00Z,2025-08-22T03:45:00Z,2025-08-22,2025-08-22_6,0.0,0,0,100,64.34782608695653,64.34782608695653,0.0,0.0,0.0,True,True,True,False,0.0,1104.729328957254,0.0,0.0,0.0,0.0,1104.729328957254
2025-08-22T03:45:00Z,2025-08-22T04:00:00Z,2025-08-22,2025-08-22_6,0.0,0,0,100,64.34782608695653,64.34782608695653,0.0,0.0,0.0,True,True,True,False,0.0,1104.729328957254,0.0,0.0,0.0,0.0,1104.729328957254
2025-08-22T04:00:00Z,2025-08-22T04:15:00Z,2025-08-22,2025-08-22_7,0.0,0,0,100,64.34782608695653,64.34782608695653,0.0,0.0,0.0,True,True,True,False,0.0,1104.729328957254,0.0,0.0,0.0,0.0,1104.729328957254
2025-08-22T04:15:00Z,2025-08-22T04:30:00Z,2025-08-22,2025-08-22_7,0.0,0,0,100,64.34782608695653,64.34782608695653,0.0,0.0,0.0,True,True,True,False,0.0,1104.729328957254,0.0,0.0,0.0,0.0,1104.729328957254
2025-08-22T04:30:00Z,2025-08-22T04:45:00Z,2025-08-22,2025-08-22_7,0.0,0,0,100,64.34782608695653,64.34782608695653,0.0,0.0,0.0,True,True,True,False,0.0,1104.729328957254,0.0,0.0,0.0,0.0,1104.729328957254
2025-08-22T04:45:00Z,2025-08-22T05:00:00Z,2025-08-22,2025-08-22_7,0.0,0,0,100,64.34782608695653,64.34782608695653,0.0,0.0,0.0,True,True,True,False,0.0,1104.729328957254,0.0,0.0,0.0,0.0,1104.729328957254
2025-08-22T05:00:00Z,2025-08-22T05:15:00Z,2025-08-22,2025-08-22_8,0.0,0,0,100,64.34782608695653,64.34782608695653,0.0,0.0,0.0,True,True,True,False,0.0,1104.729328957254,0.0,0.0,0.0,0.0,1104.729328957254
2025-08-22T05:15:00Z,2025-08-22T05:30:00Z,2025-08-22,2025-08-22_8,0.0,0,0,100,64.34782608695653,64.34782608695653,0.0,0.0,0.0,True,True,True,False,0.0,1104.729328957254,0.0,0.0,0.0,0.0,1104.729328957254
2025-08-22T05:30:00Z,2025-08-22T05:45:00Z,2025-08-22,2025-08-22_8,0.0,0,0,100,64.34782608695653,64.34782608695653,0.0,0.0,0.0,True,True,True,False,0.0,1104.729328957254,0.0,0.0,0.0,0.0,1104.729328957254
2025-08-22T05:45:00Z,2025-08-22T06:00:00Z,2025-08-22,2025-08-22_8,0.0,0,0,100,64.34782608695653,64.34782608695653,0.0,0.0,0.0,True,True,True,False,0.0,1104.729328957254,0.0,0.0,0.0,0.0,1104.729328957254
2025-08-22T06:00:00Z,2025-08-22T06:15:00Z,2025-08-22,2025-08-22_9,0.0,0,0,100,64.34782608695653,64.34782608695653,0.0,0.0,0.0,True,True,True,False,0.0,1104.729328957254,0.0,0.0,0.0,0.0,1104.729328957254
2025-08-22T06:15:00Z,2025-08-22T06:30:00Z,2025-08-22,2025-08-22_9,0.0,0,0,100,64.34782608695653,64.34782608695653,0.0,0.0,0.0,True,True,True,False,0.0,1104.729328957254,0.0,0.0,0.0,0.0,1104.729328957254
2025-08-22T06:30:00Z,2025-08-22T06:45:00Z,2025-08-22,2025-08-22_9,0.0,0,0,100,64.34782608695653,64.34782608695653,0.0,0.0,0.0,True,True,True,False,0.0,1104.729328957254,0.0,0.0,0.0,0.0,1104.729328957254
2025-08-22T06:45:00Z,2025-08-22T07:00:00Z,2025-08-22,2025-08-22_9,0.0,0,0,100,64.34782608695653,64.34782608695653,0.0,0.0,0.0,True,True,True,False,0.0,1104.729328957254,0.0,0.0,0.0,0.0,1104.729328957254
2025-08-22T07:00:00Z,2025-08-22T07:15:00Z,2025-08-22,2025-08-22_10,-40.99999999999999,100,59,0,64.34782608695653,54.6465453652174,0.03997745089371981,18.7845,0.000885,True,True,True,False,-204.99999999999997,0.0,53.64980821701134,66.66633714263118,15368.534701055794,-0.07069081418798687,15283.78015560125
2025-08-22T07:15:00Z,2025-08-22T07:30:00Z,2025-08-22,2025-08-22_10,-40.99999999999999,100,59,0,54.6465453652174,46.41262446086957,0.03891767140096619,17.343,0.0,True,True,True,False,-204.99999999999997,0.0,53.64980821701134,66.66633714263118,17214.475675985606,0.0,17129.79182134525
2025-08-22T07:30:00Z,2025-08-22T07:45:00Z,2025-08-22,2025-08-22_10,-40.99999999999999,100,59,0,46.41262446086957,50.94208475652175,0.029752758067632848,4.8195,0.008849999999999998,True,True,True,False,-204.99999999999997,0.0,53.64980821701134,66.66633714263118,1066.875385839693,-0.7069081418798685,981.4846230574558
2025-08-22T07:45:00Z,2025-08-22T08:00:00Z,2025-08-22,2025-08-22_10,-40.99999999999999,100,59,0,50.94208475652175,60.28965673043479,0.026560465628019315,0.167,0.09528500000000001,True,True,True,False,-204.99999999999997,0.0,53.64980821701134,66.66633714263118,18.160069595476294,-7.596632325319309,-74.12041737020047
2025-08-22T08:00:00Z,2025-08-22T08:15:00Z,2025-08-22,2025-08-22_11,-11.0,11,0,89,60.28965673043479,62.70550313043479,0.006710684444444444,0.12407999999999998,0.0,True,True,True,False,-32.8625,983.209102771956,5.901478903871247,0.0,13.75119826011309,0.0,969.9992799359404
2025-08-22T08:15:00Z,2025-08-22T08:30:00Z,2025-08-22,2025-08-22_11,-11.0,11,0,89,62.70550313043479,65.2305443304348,0.007014003333333333,0.00539,0.0,True,True,True,False,-32.8625,983.209102771956,5.901478903871247,0.0,0.5440193562418443,0.0,956.7921010320691
2025-08-22T08:30:00Z,2025-08-22T08:45:00Z,2025-08-22,2025-08-22_11,-11.0,11,0,89,65.2305443304348,67.7545735304348,0.007011192222222222,0.006489999999999999,0.0,True,True,True,False,-32.8625,983.209102771956,5.901478903871247,0.0,0.655043714658547,0.0,956.9031253904858
2025-08-22T08:45:00Z,2025-08-22T09:00:00Z,2025-08-22,2025-08-22_11,-11.0,11,0,89,67.7545735304348,70.28457353043478,0.007027777777777779,0.0,0.0,True,True,True,False,-32.8625,983.209102771956,5.901478903871247,0.0,0.0,0.0,956.2480816758273
2025-08-22T09:00:00Z,2025-08-22T09:15:00Z,2025-08-22,2025-08-22_12,10.961807648000015,0,0,89,70.28457353043478,67.30582145217392,0.008274311328502426,0.0,0.0,True,False,True,False,113.18066396560015,983.209102771956,0.0,0.0,0.0,0.0,1096.389766737556
2025-08-22T09:15:00Z,2025-08-22T09:30:00Z,2025-08-22,2025-08-22_12,10.961807648000015,0,0,89,67.30582145217392,64.32706937391305,0.008274311328502426,0.0,0.0,True,False,True,False,113.18066396560015,983.209102771956,0.0,0.0,0.0,0.0,1096.389766737556
2025-08-22T09:30:00Z,2025-08-22T09:45:00Z,2025-08-22,2025-08-22_12,10.961807648000015,0,0,89,64.32706937391305,61.34831729565217,0.008274311328502426,0.0,0.0,True,False,True,False,113.18066396560015,983.209102771956,0.0,0.0,0.0,0.0,1096.389766737556
2025-08-22T09:45:00Z,2025-08-22T10:00:00Z,2025-08-22,2025-08-22_12,10.961807648000015,0,0,89,61.34831729565217,58.3695652173913,0.008274311328502426,0.0,0.0,True,False,True,False,113.18066396560015,983.209102771956,0.0,0.0,0.0,0.0,1096.389766737556
2025-08-22T10:00:00Z,2025-08-22T10:15:00Z,2025-08-22,2025-08-22_13,0.23545990282017118,99,100,0,58.3695652173913,60.79340413978604,0.007049917867351426,0.0,2.703,True,True,True,False,0.9388963624954325,0.0,53.11331013484123,218.98849302068092,0.0,-104.16848313495986,168.87221638305772
2025-08-22T10:15:00Z,2025-08-22T10:30:00Z,2025-08-22,2025-08-22_13,0.23545990282017118,99,100,0,60.79340413978604,73.30613219952996,0.034918752806560274,0.0,13.664500000000002,True,True,True,False,0.9388963624954325,0.0,53.11331013484123,218.98849302068092,0.0,6969.211095239037,7242.251794757054
2025-08-22T10:30:00Z,2025-08-22T10:45:00Z,2025-08-22,2025-08-22_13,0.23545990282017118,99,100,0,73.30613219952996,86.89940177706322,0.03790356439426553,0.0,14.8385,True,True,True,False,0.9388963624954325,0.0,53.11331013484123,218.98849302068092,0.0,6534.89851822927,6807.939217747287
2025-08-22T10:45:00Z,2025-08-22T11:00:00Z,2025-08-22,2025-08-22_13,0.23545990282017118,99,100,0,86.89940177706322,99.51935563478197,0.035214945779275496,0.0,13.781000000000002,True,True,True,False,0.9388963624954325,0.0,53.11331013484123,218.98849302068092,0.0,1727.4940432599153,2000.534742777933
2025-08-22T11:00:00Z,2025-08-22T11:15:00Z,2025-08-22,2025-08-22_14,0.0,11,11,89,99.51935563478197,99.8681201043472,0.0010006742512077295,0.00528,0.38533,True,True,True,False,0.0,983.209102771956,5.901478903871247,24.0887342322749,0.49747542409743367,-9.125855915615483,1004.5709354165841
2025-08-22T11:15:00Z,2025-08-22T11:30:00Z,2025-08-22,2025-08-22_14,0.0,11,11,89,99.8681201043472,100.6906231043472,0.0022847305555555556,0.0,0.894025,True,True,True,False,0.0,983.209102771956,5.901478903871247,24.0887342322749,0.0,32.64893464549804,1045.8482505536003
2025-08-22T11:30:00Z,2025-08-22T11:45:00Z,2025-08-22,2025-08-22_14,0.0,11,11,89,100.6906231043472,101.8205717043472,0.003138746111111111,0.0,1.228205,True,True,True,False,0.0,983.209102771956,5.901478903871247,24.0887342322749,0.0,30.087355709003912,1043.286671617106
2025-08-22T11:45:00Z,2025-08-22T12:00:00Z,2025-08-22,2025-08-22_14,0.0,11,11,89,101.8205717043472,103.1719965043472,0.0037539577777777776,0.0,1.46894,True,True,True,False,0.0,983.209102771956,5.901478903871247,24.0887342322749,0.0,-0.02642918660287081,1013.1728867214994
2025-08-22T12:00:00Z,2025-08-22T12:15:00Z,2025-08-22,2025-08-22_15,0.0,100,100,0,103.1719965043472,124.36189650434721,0.058860833333333334,0.0,23.0325,True,True,True,False,0.0,0.0,53.64980821701134,218.98849302068092,0.0,11802.69218484321,12075.330486080902
2025-08-22T12:15:00Z,2025-08-22T12:30:00Z,2025-08-22,2025-08-22_15,0.0,100,100,0,124.36189650434721,136.5104965043472,0.03374611111111111,0.0,13.205,True,True,True,False,0.0,0.0,53.64980821701134,218.98849302068092,0.0,-0.19842223891810667,272.43987899877413
2025-08-22T12:30:00Z,2025-08-22T12:45:00Z,2025-08-22,2025-08-22_15,0.0,100,100,0,136.5104965043472,140.69800433043417,0.011677256038647344,0.0075,4.5605,True,True,True,False,0.0,0.0,53.64980821701134,218.98849302068092,0.6786893511012692,-76.19708430542924,197.1199062833643
2025-08-22T12:45:00Z,2025-08-22T13:00:00Z,2025-08-22,2025-08-22_15,0.0,100,100,0,140.69800433043417,140.63449824347765,0.0009226280193236716,0.182,0.146,True,True,True,False,0.0,0.0,53.64980821701134,218.98849302068092,16.546534066194788,-5.4845980465815165,283.70023725730556
2025-08-22T13:00:00Z,2025-08-22T13:15:00Z,2025-08-22,2025-08-22_16,-10.0,11,1,89,140.63449824347765,142.48694956521678,0.005408439661835749,0.47861,4e-05,True,True,True,False,-14.8,983.209102771956,5.901478903871247,2.189884930206809,58.72875330578511,-0.0015026296018031554,1035.2277172822173
2025-08-22T13:15:00Z,2025-08-22T13:30:00Z,2025-08-22,2025-08-22_16,-10.0,11,1,89,142.48694956521678,144.70777429565155,0.00621554574879227,0.084865,0.000205,True,True,True,False,-14.8,983.209102771956,5.901478903871247,2.189884930206809,8.173336102653327,-0.007700976709241171,984.6661017319782
2025-08-22T13:30:00Z,2025-08-22T13:45:00Z,2025-08-22,2025-08-22_16,-10.0,11,1,89,144.70777429565155,146.99238234782547,0.006355463188405798,0.016995,0.000545,True,True,True,False,-14.8,983.209102771956,5.901478903871247,2.189884930206809,1.5915583297085687,-0.020473328324567993,978.0715516074181
2025-08-22T13:45:00Z,2025-08-22T14:00:00Z,2025-08-22,2025-08-22_16,-10.0,11,1,89,146.99238234782547,149.05999999999938,0.005879795410628019,0.24849,0.0,True,True,True,False,-14.8,983.209102771956,5.901478903871247,2.189884930206809,25.117151848629835,0.0,1001.6176184546639
2025-08-22T14:00:00Z,2025-08-22T14:15:00Z,2025-08-22,2025-08-22_17,-36.999999999999964,100,63,0,149.05999999999938,157.10056027826025,0.024145759227053122,0.4759999999999999,0.02016,True,True,True,False,-438.2649999999996,0.0,57.59421092174463,59.97568112618134,44.70323065364387,-0.9055538139111866,-276.89743111234094
2025-08-22T14:15:00Z,2025-08-22T14:30:00Z,2025-08-22,2025-08-22_17,-36.999999999999964,100,63,0,157.10056027826025,165.5667625913037,0.023935706908212544,0.11,0.07497,True,True,True,False,-438.2649999999996,0.0,57.59421092174463,59.97568112618134,10.330578512396695,-3.9491838605717895,-314.3137133002487
2025-08-22T14:30:00Z,2025-08-22T14:45:00Z,2025-08-22,2025-08-22_17,-36.999999999999964,100,63,0,165.5667625913037,166.81372580869498,0.03046134106280192,7.0965,0.01323,True,True,True,False,-438.2649999999996,0.0,57.59421092174463,59.97568112618134,3223.3120154019534,-0.8451395567242675,2901.7717678931554
2025-08-22T14:45:00Z,2025-08-22T15:00:00Z,2025-08-22,2025-08-22_17,-36.999999999999964,100,63,0,166.81372580869498,155.79348452173846,0.04186294690821257,19.0505,0.0,True,True,True,False,-438.2649999999996,0.0,57.59421092174463,59.97568112618134,11196.170718494206,0.0,10875.475610542133
2025-08-22T15:00:00Z,2025-08-22T15:15:00Z,2025-08-22,2025-08-22_18,0.0,100,100,0,155.79348452173846,153.21917234782543,0.008311089371980676,2.5605,0.22699999999999998,True,True,True,False,0.0,0.0,58.21701134880777,68.06318952904424,320.95754606746016,-8.571900233303015,438.66584671200917
2025-08-22T15:15:00Z,2025-08-22T15:30:00Z,2025-08-22,2025-08-22_18,0.0,100,100,0,153.21917234782543,155.78781234782542,0.00713511111111111,0.0,2.792,True,True,True,False,0.0,0.0,58.21701134880777,68.06318952904424,0.0,-104.88354620586023,21.396654671991783
2025-08-22T15:30:00Z,2025-08-22T15:45:00Z,2025-08-22,2025-08-22_18,0.0,100,100,0,155.78781234782542,159.4302201739124,0.010163089371980677,0.0075,3.968,True,True,True,False,0.0,0.0,58.21701134880777,68.06318952904424,0.9555537980940328,-61.0984760172407,66.13727865870534
2025-08-22T15:45:00Z,2025-08-22T16:00:00Z,2025-08-22,2025-08-22_18,0.0,100,100,0,159.4302201739124,143.73277060869503,0.04360913768115941,14.442499999999999,0.001,True,True,True,False,0.0,0.0,58.21701134880777,68.06318952904424,16183.863789592311,-0.04349717268377555,16310.10049329748
2025-08-22T16:00:00Z,2025-08-22T16:15:00Z,2025-08-22,2025-08-22_19,0.0,0,0,100,143.73277060869503,143.73277060869503,0.0,0.0,0.0,True,False,True,False,0.0,1104.729328957254,0.0,0.0,0.0,0.0,1104.729328957254
2025-08-22T16:15:00Z,2025-08-22T16:30:00Z,2025-08-22,2025-08-22_19,0.0,0,0,100,143.73277060869503,143.73277060869503,0.0,0.0,0.0,True,False,True,False,0.0,1104.729328957254,0.0,0.0,0.0,0.0,1104.729328957254
2025-08-22T16:30:00Z,2025-08-22T16:45:00Z,2025-08-22,2025-08-22_19,0.0,0,0,100,143.73277060869503,143.73277060869503,0.0,0.0,0.0,True,False,True,False,0.0,1104.729328957254,0.0,0.0,0.0,0.0,1104.729328957254
2025-08-22T16:45:00Z,2025-08-22T17:00:00Z,2025-08-22,2025-08-22_19,0.0,0,0,100,143.73277060869503,143.73277060869503,0.0,0.0,0.0,True,False,True,False,0.0,1104.729328957254,0.0,0.0,0.0,0.0,1104.729328957254
2025-08-22T17:00:00Z,2025-08-22T17:15:00Z,2025-08-22,2025-08-22_20,100.0,0,100,0,143.73277060869503,128.80450973912983,0.04146739130434783,0.0,11.266,True,True,True,False,2595.5,0.0,0.0,64.53398710901973,0.0,441.41612677448694,3101.4501138835067
2025-08-22T17:15:00Z,2025-08-22T17:30:00Z,2025-08-22,2025-08-22_20,100.0,0,100,0,128.80450973912983,114.5925532173907,0.039477657004830906,0.0,11.925,True,True,True,False,2595.5,0.0,0.0,64.53398710901973,0.0,334.34231286330026,2994.37629997232
2025-08-22T17:30:00Z,2025-08-22T17:45:00Z,2025-08-22,2025-08-22_20,100.0,0,100,0,114.5925532173907,99.85722713043418,0.040931461352657,0.0,11.4435,True,True,True,False,2595.5,0.0,0.0,64.53398710901973,0.0,766.6271657637708,3426.6611528727904
2025-08-22T17:45:00Z,2025-08-22T18:00:00Z,2025-08-22,2025-08-22_20,100.0,0,100,0,99.85722713043418,81.08222713043418,0.05215277777777778,0.0,7.727,True,True,True,False,2595.5,0.0,0.0,64.53398710901973,0.0,-199.27526315789473,2460.758723951125
2025-08-22T18:00:00Z,2025-08-22T18:15:00Z,2025-08-22,2025-08-22_21,0.0,0,0,100,81.08222713043418,81.08222713043418,0.0,0.0,0.0,True,False,True,False,0.0,1104.729328957254,0.0,0.0,0.0,0.0,1104.729328957254
2025-08-22T18:15:00Z,2025-08-22T18:30:00Z,2025-08-22,2025-08-22_21,0.0,0,0,100,81.08222713043418,81.08222713043418,0.0,0.0,0.0,True,False,True,False,0.0,1104.729328957254,0.0,0.0,0.0,0.0,1104.729328957254
2025-08-22T18:30:00Z,2025-08-22T18:45:00Z,2025-08-22,2025-08-22_21,0.0,0,0,100,81.08222713043418,81.08222713043418,0.0,0.0,0.0,True,False,True,False,0.0,1104.729328957254,0.0,0.0,0.0,0.0,1104.729328957254
2025-08-22T18:45:00Z,2025-08-22T19:00:00Z,2025-08-22,2025-08-22_21,0.0,0,0,100,81.08222713043418,81.08222713043418,0.0,0.0,0.0,True,False,True,False,0.0,1104.729328957254,0.0,0.0,0.0,0.0,1104.729328957254
2025-08-22T19:00:00Z,2025-08-22T19:15:00Z,2025-08-22,2025-08-22_22,0.0,0,0,100,81.08222713043418,81.08222713043418,0.0,0.0,0.0,True,True,True,False,0.0,1104.729328957254,0.0,0.0,0.0,0.0,1104.729328957254
2025-08-22T19:15:00Z,2025-08-22T19:30:00Z,2025-08-22,2025-08-22_22,0.0,0,0,100,81.08222713043418,81.08222713043418,0.0,0.0,0.0,True,True,True,False,0.0,1104.729328957254,0.0,0.0,0.0,0.0,1104.729328957254
2025-08-22T19:30:00Z,2025-08-22T19:45:00Z,2025-08-22,2025-08-22_22,0.0,0,0,100,81.08222713043418,81.08222713043418,0.0,0.0,0.0,True,True,True,False,0.0,1104.729328957254,0.0,0.0,0.0,0.0,1104.729328957254
2025-08-22T19:45:00Z,2025-08-22T20:00:00Z,2025-08-22,2025-08-22_22,0.0,0,0,100,81.08222713043418,81.08222713043418,0.0,0.0,0.0,True,True,True,False,0.0,1104.729328957254,0.0,0.0,0.0,0.0,1104.729328957254
2025-08-22T20:00:00Z,2025-08-22T20:15:00Z,2025-08-22,2025-08-22_23,100.0,0,100,0,81.08222713043418,54.51809669565157,0.07378925120772947,0.0,0.561,True,True,True,False,2573.25,0.0,0.0,68.06318952904424,0.0,-31.639299695519792,2609.6738898335243
2025-08-22T20:15:00Z,2025-08-22T20:30:00Z,2025-08-22,2025-08-22_23,100.0,0,100,0,54.51809669565157,37.323531478260264,0.04776268115942029,0.0,9.181,True,True,True,False,2573.25,0.0,0.0,68.06318952904424,0.0,465.71002787773335,3107.023217406778
2025-08-22T20:30:00Z,2025-08-22T20:45:00Z,2025-08-22,2025-08-22_23,100.0,0,100,0,37.323531478260264,22.282227130434176,0.04178140096618358,0.0,11.162,True,True,True,False,2573.25,0.0,0.0,68.06318952904424,0.0,-102.72844675550634,2538.584742773538
2025-08-22T20:45:00Z,2025-08-22T21:00:00Z,2025-08-22,2025-08-22_23,100.0,0,100,0,22.282227130434176,10.014292347825481,0.034077596618357485,0.0,13.7135,True,True,True,False,2573.25,0.0,0.0,68.06318952904424,0.0,796.6128714065403,3437.9260609355847
2025-08-22T21:00:00Z,2025-08-22T21:15:00Z,2025-08-23,2025-08-22_24,-32.470902289333516,100,67,0,10.014292347825481,20.074839576879427,0.028743183039789663,0.1955,3.03711,True,True,True,False,-766.069762261101,0.0,74.992580868533,129.38045306162823,19.10713225838362,29.63863643486003,-512.9509596376961
2025-08-22T21:15:00Z,2025-08-22T21:30:00Z,2025-08-23,2025-08-22_24,-32.470902289333516,100,67,0,20.074839576879427,31.515228703426132,0.031778858684851974,0.0,4.31748,True,True,True,False,-766.069762261101,0.0,74.992580868533,129.38045306162823,0.0,-39.979292495795825,-601.6760208267356
2025-08-22T21:30:00Z,2025-08-22T21:45:00Z,2025-08-23,2025-08-22_24,-32.470902289333516,100,67,0,31.515228703426132,40.70575782997284,0.02552924757374086,0.0,1.87198,True,True,True,False,-766.069762261101,0.0,74.992580868533,129.38045306162823,0.0,-70.36822633297062,-632.0649546639104
2025-08-22T21:45:00Z,2025-08-22T22:00:00Z,2025-08-23,2025-08-22_24,-32.470902289333516,100,67,0,40.70575782997284,53.11820975651955,0.03447903312929641,0.0,5.374070000000001,True,True,True,False,-766.069762261101,0.0,74.992580868533,129.38045306162823,0.0,-41.644390891285,-603.3411192222247
2025-08-22T22:00:00Z,2025-08-22T22:15:00Z,2025-08-23,2025-08-23_1,0.0,21,21,79,53.11820975651955,53.097287913041285,0.0005448728985507247,0.099855,0.095235,True,True,True,False,0.0,738.5003462261351,16.041349292709466,40.61440300722129,12.498242567019487,-2.247221924028094,805.4071191690573
2025-08-22T22:15:00Z,2025-08-22T22:30:00Z,2025-08-23,2025-08-23_1,0.0,21,21,79,53.097287913041285,53.10550110434563,6.46622463768116e-05,0.00693,0.017115000000000002,True,True,True,False,0.0,738.5003462261351,16.041349292709466,40.61440300722129,0.6512513601741022,-1.2927386655455535,794.5146112206944
2025-08-22T22:30:00Z,2025-08-22T22:45:00Z,2025-08-23,2025-08-23_1,0.0,21,21,79,53.10550110434563,53.223704443476066,0.0003296107246376812,0.00021,0.12873,True,True,True,False,0.0,738.5003462261351,16.041349292709466,40.61440300722129,0.019734889702245524,-6.113000453061629,789.0628329627065
2025-08-22T22:45:00Z,2025-08-22T23:00:00Z,2025-08-23,2025-08-23_1,0.0,21,21,79,53.223704443476066,53.914877443476065,0.001919925,0.0,0.751275,True,True,True,False,0.0,738.5003462261351,16.041349292709466,40.61440300722129,0.0,-22.437921456128205,772.7181770699376
2025-08-22T23:00:00Z,2025-08-22T23:15:00Z,2025-08-23,2025-08-23_2,0.0,21,21,79,53.914877443476065,53.97363197391085,0.0004104896376811594,0.04095,0.112245,True,True,True,False,0.0,738.5003462261351,12.00919972301909,18.30359085963003,5.199851983381145,-6.259204908497378,767.753783883668
2025-08-22T23:15:00Z,2025-08-22T23:30:00Z,2025-08-23,2025-08-23_2,0.0,21,21,79,53.97363197391085,54.42465737391085,0.0012528483333333331,0.0,0.49024499999999993,True,True,True,False,0.0,738.5003462261351,12.00919972301909,18.30359085963003,0.0,-16.957171549114648,751.8559652596696
2025-08-22T23:30:00Z,2025-08-22T23:45:00Z,2025-08-23,2025-08-23_2,0.0,21,21,79,54.42465737391085,55.48609817391085,0.0029484466666666667,0.0,1.15374,True,True,True,False,0.0,738.5003462261351,12.00919972301909,18.30359085963003,0.0,-17.034813029973293,751.7783237788109
2025-08-22T23:45:00Z,2025-08-23T00:00:00Z,2025-08-23,2025-08-23_2,0.0,21,21,79,55.48609817391085,55.60823417391085,0.0006455166666666666,0.050715,0.19267499999999999,True,True,True,False,0.0,738.5003462261351,12.00919972301909,18.30359085963003,6.481105088534969,-7.677381150459985,767.6168607468592
2025-08-23T00:00:00Z,2025-08-23T00:15:00Z,2025-08-23,2025-08-23_3,0.0,21,21,79,55.60823417391085,55.06154939130216,0.0015185688405797103,0.50295,0.0,True,True,True,False,0.0,738.5003462261351,12.00919972301909,18.30359085963003,68.91544386190525,0.0,837.7285806706894
2025-08-23T00:15:00Z,2025-08-23T00:30:00Z,2025-08-23,2025-08-23_3,0.0,21,21,79,55.06154939130216,55.02034830434564,0.00011444746376811595,0.037905,0.0,True,True,True,False,0.0,738.5003462261351,12.00919972301909,18.30359085963003,4.839038766445742,0.0,773.65217557523
2025-08-23T00:30:00Z,2025-08-23T00:45:00Z,2025-08-23,2025-08-23_3,0.0,21,21,79,55.02034830434564,54.913320434780424,0.00029998297101449273,0.09891,0.0005250000000000001,True,True,True,False,0.0,738.5003462261351,12.00919972301909,18.30359085963003,13.123103664061727,-0.04248194678009695,781.8937585260659
2025-08-23T00:45:00Z,2025-08-23T01:00:00Z,2025-08-23,2025-08-23_3,0.0,21,21,79,54.913320434780424,54.98247927825868,0.0002307854347826087,0.006405,0.08274,True,True,True,False,0.0,738.5003462261351,12.00919972301909,18.30359085963003,0.8154872104065685,-5.170100037590266,764.4585239816005
2025-08-23T01:00:00Z,2025-08-23T01:15:00Z,2025-08-23,2025-08-23_4,0.0,21,21,79,54.98247927825868,55.1767117478239,0.0014735020289855074,0.154665,0.393855,True,True,True,False,0.0,738.5003462261351,12.00919972301909,18.30359085963003,21.01455034721535,-13.179278944504897,776.6484082114947
2025-08-23T01:15:00Z,2025-08-23T01:30:00Z,2025-08-23,2025-08-23_4,0.0,21,21,79,55.1767117478239,53.50846718260651,0.004634012681159421,1.5347850000000003,0.0,True,True,True,False,0.0,738.5003462261351,12.00919972301909,18.30359085963003,253.8548661420517,0.0,1022.6680029508359
2025-08-23T01:30:00Z,2025-08-23T01:45:00Z,2025-08-23,2025-08-23_4,0.0,21,21,79,53.50846718260651,53.24037479130216,0.0007447010869565217,0.246645,0.0,True,True,True,False,0.0,738.5003462261351,12.00919972301909,18.30359085963003,33.08976047185676,0.0,801.902897280641
2025-08-23T01:45:00Z,2025-08-23T02:00:00Z,2025-08-23,2025-08-23_4,0.0,21,21,79,53.24037479130216,52.93478260869346,0.0009486871739130435,0.297675,0.01953,True,True,True,False,0.0,738.5003462261351,12.00919972301909,18.30359085963003,40.09646030764665,-1.6228311405678109,807.2867659758631
2025-08-23T02:00:00Z,2025-08-23T02:15:00Z,2025-08-23,2025-08-23_5,0.0,21,21,79,52.93478260869346,53.00153649564999,0.0002481992028985507,0.010395,0.08484,True,True,True,False,0.0,738.5003462261351,22.715896725689984,18.30359085963003,1.3253115995647442,-6.812159358987041,774.0329860520328
2025-08-23T02:15:00Z,2025-08-23T02:30:00Z,2025-08-23,2025-08-23_5,0.0,21,21,79,53.00153649564999,52.96828089564998,9.720666666666665e-05,0.031395,0.0009449999999999999,True,True,True,False,0.0,738.5003462261351,22.715896725689984,18.30359085963003,4.006019391631219,-0.07852408744682955,783.4473291156395
2025-08-23T02:30:00Z,2025-08-23T02:45:00Z,2025-08-23,2025-08-23_5,0.0,21,21,79,52.96828089564998,52.99114843478041,0.00022520572463768115,0.026775,0.056490000000000005,True,True,True,False,0.0,738.5003462261351,22.715896725689984,18.30359085963003,3.4190369225442674,-4.574376798892077,778.3644939351072
2025-08-23T02:45:00Z,2025-08-23T03:00:00Z,2025-08-23,2025-08-23_5,0.0,21,21,79,52.99114843478041,52.996675086954326,7.051485507246377e-05,0.009134999999999999,0.016800000000000002,True,True,True,False,0.0,738.5003462261351,22.715896725689984,18.30359085963003,1.1648991037689187,-1.3959837768325258,779.2887491383915
2025-08-23T03:00:00Z,2025-08-23T03:15:00Z,2025-08-23,2025-08-23_6,0.0,21,21,79,52.996675086954326,52.972489113041284,8.435659420289854e-05,0.025095,0.00336,True,True,True,False,0.0,738.5003462261351,25.283509743792656,17.30645959046394,3.2017039568701158,-0.2791967553665051,784.0128227618953
2025-08-23T03:15:00Z,2025-08-23T03:30:00Z,2025-08-23,2025-08-23_6,0.0,21,21,79,52.972489113041284,53.016196321736935,0.00012331108695652176,0.000315,0.04788,True,True,True,False,0.0,738.5003462261351,25.283509743792656,17.30645959046394,0.039885250766643586,-3.868243624493026,777.2619571866653
2025-08-23T03:30:00Z,2025-08-23T03:45:00Z,2025-08-23,2025-08-23_6,0.0,21,21,79,53.016196321736935,53.11327932173693,0.000269675,0.0,0.10552499999999998,True,True,True,False,0.0,738.5003462261351,25.283509743792656,17.30645959046394,0.0,-8.587578360866553,772.5027371995251
2025-08-23T03:45:00Z,2025-08-23T04:00:00Z,2025-08-23,2025-08-23_6,0.0,21,21,79,53.11327932173693,53.124261773910845,0.00012941985507246376,0.01638,0.03129,True,True,True,False,0.0,738.5003462261351,25.283509743792656,17.30645959046394,2.0931044218023542,-2.600019784350579,780.5834001978435
2025-08-23T04:00:00Z,2025-08-23T04:15:00Z,2025-08-23,2025-08-23_7,60.573305422957084,39,100,0,53.124261773910845,46.678356969901415,0.037667790356675925,0.0,9.807,True,True,True,False,1308.8376969265453,0.0,47.53378177861312,85.37936492234641,0.0,5364.480416658424,6806.231260285928
2025-08-23T04:15:00Z,2025-08-23T04:30:00Z,2025-08-23,2025-08-23_7,60.573305422957084,39,100,0,46.678356969901415,47.52434923556907,0.03180265093516682,0.0,16.948,True,True,True,False,1308.8376969265453,0.0,47.53378177861312,85.37936492234641,0.0,16107.094861212783,17548.84570484029
2025-08-23T04:30:00Z,2025-08-23T04:45:00Z,2025-08-23,2025-08-23_7,60.573305422957084,39,100,0,47.52434923556907,51.628260224217364,0.029182187789343436,0.0,20.1385,True,True,True,False,1308.8376969265453,0.0,47.53378177861312,85.37936492234641,0.0,19917.37293500841,21359.123778635916
2025-08-23T04:45:00Z,2025-08-23T05:00:00Z,2025-08-23,2025-08-23_7,60.573305422957084,39,100,0,51.628260224217364,52.93478260869532,0.03143222972257746,0.0,17.399,True,True,True,False,1308.8376969265453,0.0,47.53378177861312,85.37936492234641,0.0,17207.953506776143,18649.70435040365
2025-08-23T05:00:00Z,2025-08-23T05:15:00Z,2025-08-23,2025-08-23_8,1.1900561287056912e-13,21,21,79,52.93478260869532,53.358325399999636,0.0012621055797102194,0.014175,0.47711999999999993,True,True,True,False,2.5806367150982914e-12,738.5003462261351,23.345335839351073,18.65881887427045,1.8104177069937681,7.174876660401622,789.4897953071546
2025-08-23T05:15:00Z,2025-08-23T05:30:00Z,2025-08-23,2025-08-23_8,1.1900561287056912e-13,21,21,79,53.358325399999636,53.45659407826047,0.0002755047826087821,0.00042,0.10731,True,True,True,False,2.5806367150982914e-12,738.5003462261351,23.345335839351073,18.65881887427045,0.053554258581462066,-4.773357708972203,775.7846974893685
2025-08-23T05:30:00Z,2025-08-23T05:45:00Z,2025-08-23,2025-08-23_8,1.1900561287056912e-13,21,21,79,53.45659407826047,53.45912613043435,6.219652173921985e-05,0.009134999999999999,0.013545000000000001,True,True,True,False,2.5806367150982914e-12,738.5003462261351,23.345335839351073,18.65881887427045,1.1644002888515184,-1.0326545068750619,780.6362467217357
2025-08-23T05:45:00Z,2025-08-23T06:00:00Z,2025-08-23,2025-08-23_8,1.1900561287056912e-13,21,21,79,53.45912613043435,53.5368480434778,0.00026978913043486944,0.008925,0.09502500000000001,True,True,True,False,2.5806367150982914e-12,738.5003462261351,23.345335839351073,18.65881887427045,1.1364388168958355,-3.979393950934811,777.6615458057203
2025-08-23T06:00:00Z,2025-08-23T06:15:00Z,2025-08-23,2025-08-23_9,14.640543892623668,36,51,49,53.5368480434778,49.62906036826037,0.011213631599294293,0.022680000000000002,0.09843,True,True,True,False,303.718083052478,458.0571767731724,34.219408447917694,45.96508062122861,2.8937472351370066,-5.526295827480462,839.3272003024532
2025-08-23T06:15:00Z,2025-08-23T06:30:00Z,2025-08-23,2025-08-23_9,14.640543892623668,36,51,49,49.62906036826037,45.69771333906491,0.011124829356546627,0.00666,0.056100000000000004,True,True,True,False,303.718083052478,458.0571767731724,34.219408447917694,45.96508062122861,0.8477747155999604,-4.076370620239391,838.7311529901573
2025-08-23T06:30:00Z,2025-08-23T06:45:00Z,2025-08-23,2025-08-23_9,14.640543892623668,36,51,49,45.69771333906491,41.70801086216421,0.0112256015397601,0.045360000000000004,0.03927,True,True,True,False,303.718083052478,458.0571767731724,34.219408447917694,45.96508062122861,5.792618727866259,-2.471147007616975,845.281220615046
2025-08-23T06:45:00Z,2025-08-23T07:00:00Z,2025-08-23,2025-08-23_9,14.640543892623668,36,51,49,41.70801086216421,37.71507262608661,0.011211360107182858,0.04266,0.032895,True,True,True,False,303.718083052478,458.0571767731724,34.219408447917694,45.96508062122861,5.444975712731229,-2.661797408250074,844.7429271992778
2025-08-23T07:00:00Z,2025-08-23T07:15:00Z,2025-08-23,2025-08-23_10,6.20688401505784e-14,51,51,49,37.71507262608661,37.44717406086921,0.0007571960144928005,0.248625,0.00255,True,True,True,False,6.736020877341521e-13,458.0571767731724,27.848451874567214,99.84578098723908,32.37663663567119,-0.19675536650509445,617.9312909041455
2025-08-23T07:15:00Z,2025-08-23T07:30:00Z,2025-08-23,2025-08-23_10,6.20688401505784e-14,51,51,49,37.44717406086921,37.20925373913007,0.0006895631159420757,0.223635,0.0056099999999999995,True,True,True,False,6.736020877341521e-13,458.0571767731724,27.848451874567214,99.84578098723908,29.081575925413,-0.43286180631120774,614.4001237540812
2025-08-23T07:30:00Z,2025-08-23T07:45:00Z,2025-08-23,2025-08-23_10,6.20688401505784e-14,51,51,49,37.20925373913007,36.63043478260832,0.0017120971014493221,0.54978,0.0204,True,True,True,False,6.736020877341521e-13,458.0571767731724,27.848451874567214,99.84578098723908,74.01434324265507,-1.5373152636264715,658.2284376140079
2025-08-23T07:45:00Z,2025-08-23T08:00:00Z,2025-08-23,2025-08-23_10,6.20688401505784e-14,51,51,49,36.63043478260832,36.65872337391265,0.0002433439130435247,0.027285,0.062985,True,True,True,False,6.736020877341521e-13,458.0571767731724,27.848451874567214,99.84578098723908,3.4790385814620635,-5.233692749035513,583.9967554674059
2025-08-23T08:00:00Z,2025-08-23T08:15:00Z,2025-08-23,2025-08-23_11,-0.9999999999999982,51,50,49,36.65872337391265,36.8674955478257,0.000881855072463767,0.051000000000000004,0.037,True,True,True,False,-1.9074999999999966,458.0571767731724,27.848451874567214,97.8880205757246,4.929882283114057,-2.8247591255317044,583.9912723810465
2025-08-23T08:15:00Z,2025-08-23T08:30:00Z,2025-08-23,2025-08-23_11,-0.9999999999999982,51,50,49,36.8674955478257,37.06688575652135,0.0008467360869565206,0.04947,0.025,True,True,True,False,-1.9074999999999966,458.0571767731724,27.848451874567214,97.8880205757246,4.781985814620635,-1.9289741814224948,584.7391608566624
2025-08-23T08:30:00Z,2025-08-23T08:45:00Z,2025-08-23,2025-08-23_11,-0.9999999999999982,51,50,49,37.06688575652135,37.28123613913005,0.0008430022705313999,0.041819999999999996,0.03225,True,True,True,False,-1.9074999999999966,458.0571767731724,27.848451874567214,97.8880205757246,4.042503472153526,-2.2756970521317634,583.6529556434859
2025-08-23T08:45:00Z,2025-08-23T09:00:00Z,2025-08-23,2025-08-23_11,-0.9999999999999982,51,50,49,37.28123613913005,37.60303891304309,0.0009527734057971004,0.009944999999999999,0.11150000000000002,True,True,True,False,-1.9074999999999966,458.0571767731724,27.848451874567214,97.8880205757246,0.961327045207241,-9.265011376001585,573.5824648926698
2025-08-23T09:00:00Z,2025-08-23T09:15:00Z,2025-08-23,2025-08-23_12,0.0,51,51,49,37.60303891304309,37.447396226086575,0.0008611374637681159,0.21419999999999997,0.083895,True,True,True,False,0.0,458.0571767731724,33.37273716490256,115.25323968740726,25.167790167177756,-6.797495068750618,625.0534487239094
2025-08-23T09:15:00Z,2025-08-23T09:30:00Z,2025-08-23,2025-08-23_12,0.0,51,51,49,37.447396226086575,38.01474506086919,0.0015898276811594201,0.0022949999999999997,0.619395,True,True,True,False,0.0,458.0571767731724,33.37273716490256,115.25323968740726,0.2119917993866851,-25.29281009100801,581.6023353338609
2025-08-23T09:30:00Z,2025-08-23T09:45:00Z,2025-08-23,2025-08-23_12,0.0,51,51,49,38.01474506086919,41.299145060869186,0.009123333333333334,0.0,3.5700000000000003,True,True,True,False,0.0,458.0571767731724,33.37273716490256,115.25323968740726,0.0,76.84770204768029,683.5308556731625
2025-08-23T09:45:00Z,2025-08-23T10:00:00Z,2025-08-23,2025-08-23_12,0.0,51,51,49,41.299145060869186,42.72129026086919,0.003950403333333333,0.0,1.54581,True,True,True,False,0.0,458.0571767731724,33.37273716490256,115.25323968740726,0.0,80.74941999208626,687.4325736175684
2025-08-23T10:00:00Z,2025-08-23T10:15:00Z,2025-08-23,2025-08-23_13,0.0,100,100,0,42.72129026086919,61.56657026086919,0.052348000000000006,0.0,20.484,True,True,True,False,0.0,0.0,60.12464140864577,225.9867444851123,0.0,18605.190255811653,18891.30164170541
2025-08-23T10:15:00Z,2025-08-23T10:30:00Z,2025-08-23,2025-08-23_13,0.0,100,100,0,61.56657026086919,64.49861026086919,0.008144555555555554,0.0,3.1869999999999994,True,True,True,False,0.0,0.0,60.12464140864577,225.9867444851123,0.0,-89.22591156395289,196.88547432980516
2025-08-23T10:30:00Z,2025-08-23T10:45:00Z,2025-08-23,2025-08-23_13,0.0,100,100,0,64.49861026086919,69.82173026086919,0.014786444444444446,0.0,5.786,True,True,True,False,0.0,0.0,60.12464140864577,225.9867444851123,0.0,58.70938411316648,344.82077000692453
2025-08-23T10:45:00Z,2025-08-23T11:00:00Z,2025-08-23,2025-08-23_13,0.0,100,100,0,69.82173026086919,79.4007702608692,0.02660844444444445,0.0,10.412,True,True,True,False,0.0,0.0,60.12464140864577,225.9867444851123,0.0,5034.377610446138,5320.4889963398955
2025-08-23T11:00:00Z,2025-08-23T11:15:00Z,2025-08-23,2025-08-23_14,0.0,100,100,0,79.4007702608692,84.7754102608692,0.014929555555555557,0.0,5.842,True,True,True,False,0.0,0.0,54.604807597190614,225.9867444851123,0.0,1472.549233356415,1753.140785438718
2025-08-23T11:15:00Z,2025-08-23T11:30:00Z,2025-08-23,2025-08-23_14,0.0,100,100,0,84.7754102608692,103.5181102608692,0.05206305555555556,0.0,20.3725,True,True,True,False,0.0,0.0,54.604807597190614,225.9867444851123,0.0,20148.803541398753,20429.395093481056
2025-08-23T11:30:00Z,2025-08-23T11:45:00Z,2025-08-23,2025-08-23_14,0.0,100,100,0,103.5181102608692,110.66329026086919,0.01984772222222222,0.0,7.7665,True,True,True,False,0.0,0.0,54.604807597190614,225.9867444851123,0.0,1706.5479725986745,1987.1395246809775
2025-08-23T11:45:00Z,2025-08-23T12:00:00Z,2025-08-23,2025-08-23_14,0.0,100,100,0,110.66329026086919,117.52925026086919,0.019072111111111113,0.0,7.463,True,True,True,False,0.0,0.0,54.604807597190614,225.9867444851123,0.0,2022.392530418439,2302.984082500742
2025-08-23T12:00:00Z,2025-08-23T12:15:00Z,2025-08-23,2025-08-23_15,0.0,100,100,0,117.52925026086919,126.19473026086919,0.024070777777777778,0.0,9.419,True,True,True,False,0.0,0.0,54.604807597190614,225.9867444851123,0.0,2624.2345873973686,2904.8261394796714
2025-08-23T12:15:00Z,2025-08-23T12:30:00Z,2025-08-23,2025-08-23_15,0.0,100,100,0,126.19473026086919,129.0881302608692,0.008037222222222223,0.0,3.145,True,True,True,False,0.0,0.0,54.604807597190614,225.9867444851123,0.0,-59.542512612523495,221.04903946977942
2025-08-23T12:30:00Z,2025-08-23T12:45:00Z,2025-08-23,2025-08-23_15,0.0,100,100,0,129.0881302608692,130.1736146086953,0.0047996545893719805,0.2955,1.529,True,True,True,False,0.0,0.0,54.604807597190614,225.9867444851123,26.8938616084677,-57.8315625680087,249.65385112276192
2025-08-23T12:45:00Z,2025-08-23T13:00:00Z,2025-08-23,2025-08-23_15,0.0,100,100,0,130.1736146086953,131.04446852173876,0.003031961352657005,0.1015,1.0665,True,True,True,False,0.0,0.0,54.604807597190614,225.9867444851123,9.077869225442676,42.91910812147591,332.58852942922147
2025-08-23T13:00:00Z,2025-08-23T13:15:00Z,2025-08-23,2025-08-23_16,0.0,100,100,0,131.04446852173876,147.86160852173876,0.04671427777777777,0.0,18.2795,True,True,True,False,0.0,0.0,54.604807597190614,225.9867444851123,0.0,18047.784870115735,18328.37642219804
2025-08-23T13:15:00Z,2025-08-23T13:30:00Z,2025-08-23,2025-08-23_16,0.0,100,100,0,147.86160852173876,159.13206852173877,0.03130683333333334,0.0,12.2505,True,True,True,False,0.0,0.0,54.604807597190614,225.9867444851123,0.0,9849.387457908793,10129.979009991097
2025-08-23T13:30:00Z,2025-08-23T13:45:00Z,2025-08-23,2025-08-23_16,0.0,100,100,0,159.13206852173877,169.34222852173878,0.02836155555555556,0.0,11.098,True,True,True,False,0.0,0.0,54.604807597190614,225.9867444851123,0.0,7896.969684439608,8177.56123652191
2025-08-23T13:45:00Z,2025-08-23T14:00:00Z,2025-08-23,2025-08-23_16,0.0,100,100,0,169.34222852173878,172.47850852173877,0.008711888888888889,0.0,3.4089999999999994,True,True,True,False,0.0,0.0,54.604807597190614,225.9867444851123,0.0,-18.3173471164309,262.274204965872
2025-08-23T14:00:00Z,2025-08-23T14:15:00Z,2025-08-23,2025-08-23_17,-0.04509943289230764,0,0,38,172.47850852173877,172.488881391304,2.8813526570085438e-05,0.0,0.0,True,False,True,False,-0.1842311833650767,355.2280146404194,0.0,0.0,0.0,0.0,355.04378345705436
2025-08-23T14:15:00Z,2025-08-23T14:30:00Z,2025-08-23,2025-08-23_17,-0.04509943289230764,0,0,38,172.488881391304,172.49925426086924,2.8813526570085438e-05,0.0,0.0,True,False,True,False,-0.1842311833650767,355.2280146404194,0.0,0.0,0.0,0.0,355.04378345705436
2025-08-23T14:30:00Z,2025-08-23T14:45:00Z,2025-08-23,2025-08-23_17,-0.04509943289230764,0,0,38,172.49925426086924,172.50962713043447,2.8813526570085438e-05,0.0,0.0,True,False,True,False,-0.1842311833650767,355.2280146404194,0.0,0.0,0.0,0.0,355.04378345705436
2025-08-23T14:45:00Z,2025-08-23T15:00:00Z,2025-08-23,2025-08-23_17,-0.04509943289230764,0,0,38,172.50962713043447,172.5199999999997,2.8813526570085438e-05,0.0,0.0,True,False,True,False,-0.1842311833650767,355.2280146404194,0.0,0.0,0.0,0.0,355.04378345705436
2025-08-23T15:00:00Z,2025-08-23T15:15:00Z,2025-08-23,2025-08-23_18,37.91137755912841,62,100,0,172.5199999999997,182.57614561901016,0.037768718385778784,0.0,20.704,True,True,True,False,892.6233846296785,0.0,34.774953012167366,90.12760906123258,0.0,22107.90692491839,23125.432871621466
2025-08-23T15:15:00Z,2025-08-23T15:30:00Z,2025-08-23,2025-08-23_18,37.91137755912841,62,100,0,182.57614561901016,183.38292195438663,0.0336106499052702,0.0,11.2975,True,True,True,False,892.6233846296785,0.0,34.774953012167366,90.12760906123258,0.0,8482.671270155306,9500.197216858385
2025-08-23T15:30:00Z,2025-08-23T15:45:00Z,2025-08-23,2025-08-23_18,37.91137755912841,62,100,0,183.38292195438663,176.4314690840911,0.03012618819651728,0.00093,3.4085000000000005,True,True,True,False,892.6233846296785,0.0,34.774953012167366,90.12760906123258,0.0831042259372836,1218.0270872489862,2235.636138178002
2025-08-23T15:45:00Z,2025-08-23T16:00:00Z,2025-08-23,2025-08-23_18,37.91137755912841,62,100,0,176.4314690840911,165.73584532994505,0.029813202084349094,0.39153,0.0325,True,True,True,False,892.6233846296785,0.0,34.774953012167366,90.12760906123258,39.00861145118212,-2.452272727272727,1054.082285426988
2025-08-23T16:00:00Z,2025-08-23T16:15:00Z,2025-08-23,2025-08-23_19,16.829180599821804,32,49,51,165.73584532994505,162.45760183363194,0.013573757878950897,0.0057599999999999995,1.33133,True,True,True,False,524.4814133934465,476.7533880700366,34.37728756553566,44.16252844000396,0.54129983183302,-24.315835712731225,1056.0000815881244
2025-08-23T16:15:00Z,2025-08-23T16:30:00Z,2025-08-23,2025-08-23_19,16.829180599821804,32,49,51,162.45760183363194,159.38005155719813,0.013683856960528148,0.0,1.53027,True,True,True,False,524.4814133934465,476.7533880700366,34.37728756553566,44.16252844000396,0.0,-33.328369310515384,1046.4462481585074
2025-08-23T16:30:00Z,2025-08-23T16:45:00Z,2025-08-23,2025-08-23_19,16.829180599821804,32,49,51,159.38005155719813,156.63326817513433,0.013903728311714401,0.0008,1.8695950000000001,True,True,True,False,524.4814133934465,476.7533880700366,34.37728756553566,44.16252844000396,0.0740726085666238,98.9585196389356,1178.807209716525
2025-08-23T16:45:00Z,2025-08-23T17:00:00Z,2025-08-23,2025-08-23_19,16.829180599821804,32,49,51,156.63326817513433,152.11678260869536,0.012794080475167842,0.0144,0.07399,True,True,True,False,524.4814133934465,476.7533880700366,34.37728756553566,44.16252844000396,1.3288739934711642,-4.997432009100801,1076.106059453393
2025-08-23T17:00:00Z,2025-08-23T17:15:00Z,2025-08-23,2025-08-23_20,49.0,0,49,51,152.11678260869536,139.76478804347798,0.034311096014492753,0.0,0.886165,True,True,True,False,1651.3000000000002,476.7533880700366,0.0,41.58868335146899,0.0,-35.130845095459485,2134.511226326046
2025-08-23T17:15:00Z,2025-08-23T17:30:00Z,2025-08-23,2025-08-23_20,49.0,0,49,51,139.76478804347798,126.64557065217363,0.036442270531400964,0.0,0.18032,True,True,True,False,1651.3000000000002,476.7533880700366,0.0,41.58868335146899,0.0,-10.02742592145613,2159.6146455000494
2025-08-23T17:30:00Z,2025-08-23T17:45:00Z,2025-08-23,2025-08-23_20,49.0,0,49,51,126.64557065217363,113.33115217391276,0.036984495772946865,0.0,0.000735,True,True,True,False,1651.3000000000002,476.7533880700366,0.0,41.58868335146899,0.0,-0.05671184093382134,2169.585359580572
2025-08-23T17:45:00Z,2025-08-23T18:00:00Z,2025-08-23,2025-08-23_20,49.0,0,49,51,113.33115217391276,100.02445652173884,0.03696304347826087,0.0,0.007840000000000001,True,True,True,False,1651.3000000000002,476.7533880700366,0.0,41.58868335146899,0.0,-0.6049263032940945,2169.037145118212
2025-08-23T18:00:00Z,2025-08-23T18:15:00Z,2025-08-23,2025-08-23_21,100.0,0,100,0,100.02445652173884,74.45489130434754,0.07102657004830917,0.0,1.476,True,True,True,False,3698.7499999999995,0.0,0.0,83.8955386289445,0.0,-59.43188683351469,3723.2136517954295
2025-08-23T18:15:00Z,2025-08-23T18:30:00Z,2025-08-23,2025-08-23_21,100.0,0,100,0,74.45489130434754,60.853260869564934,0.03778230676328502,0.0,12.4865,True,True,True,False,3698.7499999999995,0.0,0.0,83.8955386289445,0.0,7085.921382233653,10868.566920862597
2025-08-23T18:30:00Z,2025-08-23T18:45:00Z,2025-08-23,2025-08-23_21,100.0,0,100,0,60.853260869564934,52.212499999999714,0.02400211352657005,0.0,17.0505,True,True,True,False,3698.7499999999995,0.0,0.0,83.8955386289445,0.0,13995.21366920566,17777.859207834605
2025-08-23T18:45:00Z,2025-08-23T19:00:00Z,2025-08-23,2025-08-23_21,100.0,0,100,0,52.212499999999714,39.8913043478258,0.034225543478260866,0.0,13.664500000000002,True,True,True,False,3698.7499999999995,0.0,0.0,83.8955386289445,0.0,9712.74660540113,13495.392144030073
2025-08-23T19:00:00Z,2025-08-23T19:15:00Z,2025-08-23,2025-08-23_22,0.0,0,0,55,39.8913043478258,39.8913043478258,0.0,0.0,0.0,True,False,True,False,0.0,514.1458106637649,0.0,0.0,0.0,0.0,514.1458106637649
2025-08-23T19:15:00Z,2025-08-23T19:30:00Z,2025-08-23,2025-08-23_22,0.0,0,0,55,39.8913043478258,39.8913043478258,0.0,0.0,0.0,True,False,True,False,0.0,514.1458106637649,0.0,0.0,0.0,0.0,514.1458106637649
2025-08-23T19:30:00Z,2025-08-23T19:45:00Z,2025-08-23,2025-08-23_22,0.0,0,0,55,39.8913043478258,39.8913043478258,0.0,0.0,0.0,True,False,True,False,0.0,514.1458106637649,0.0,0.0,0.0,0.0,514.1458106637649
2025-08-23T19:45:00Z,2025-08-23T20:00:00Z,2025-08-23,2025-08-23_22,0.0,0,0,55,39.8913043478258,39.8913043478258,0.0,0.0,0.0,True,False,True,False,0.0,514.1458106637649,0.0,0.0,0.0,0.0,514.1458106637649
2025-08-23T20:00:00Z,2025-08-23T20:15:00Z,2025-08-23,2025-08-23_23,0.0,100,100,0,39.8913043478258,34.3767043478258,0.01752888888888889,5.4395,0.4325,True,True,True,False,0.0,0.0,73.33069541992285,90.12760906123258,4630.746595212187,-14.2958170936789,4779.909082599663
2025-08-23T20:15:00Z,2025-08-23T20:30:00Z,2025-08-23,2025-08-23_23,0.0,100,100,0,34.3767043478258,34.186113913043194,0.0005907512077294686,0.1855,0.012,True,True,True,False,0.0,0.0,73.33069541992285,90.12760906123258,23.581969631021863,-0.9259076070827974,186.1143665050945
2025-08-23T20:30:00Z,2025-08-23T20:45:00Z,2025-08-23,2025-08-23_23,0.0,100,100,0,34.186113913043194,34.362883478260585,0.0005695289855072464,0.013,0.2075,True,True,True,False,0.0,0.0,73.33069541992285,90.12760906123258,1.6213285191413591,-14.035202294984668,151.04443070531212
2025-08-23T20:45:00Z,2025-08-23T21:00:00Z,2025-08-23,2025-08-23_23,0.0,100,100,0,34.362883478260585,34.81707565217363,0.001355243961352657,0.0155,0.512,True,True,True,False,0.0,0.0,73.33069541992285,90.12760906123258,1.9151247403303986,-25.22328064101296,140.15014858047286
2025-08-23T21:00:00Z,2025-08-23T21:15:00Z,2025-08-24,2025-08-23_24,0.0,55,55,45,34.81707565217363,34.45962108695624,0.0014216237922705312,0.39985,0.08387499999999999,True,True,True,False,0.0,420.66475417944406,42.159956474428725,170.66376496191512,53.92378128400434,-3.9402581610446137,683.4719987387476
2025-08-23T21:15:00Z,2025-08-23T21:30:00Z,2025-08-24,2025-08-23_24,0.0,55,55,45,34.45962108695624,34.484471521738854,0.0002683043478260869,0.032999999999999995,0.06599999999999999,True,True,True,False,0.0,420.66475417944406,42.159956474428725,170.66376496191512,4.049510337323177,-4.3188248095756245,633.2191611435354
2025-08-23T21:30:00Z,2025-08-23T21:45:00Z,2025-08-24,2025-08-23_24,0.0,55,55,45,34.484471521738854,35.759338521738854,0.003541297222222222,0.0,1.3857249999999999,True,True,True,False,0.0,420.66475417944406,42.159956474428725,170.66376496191512,0.0,-39.65895875952121,593.8295168562667
2025-08-23T21:45:00Z,2025-08-23T22:00:00Z,2025-08-24,2025-08-23_24,0.0,55,55,45,35.759338521738854,40.129407521738855,0.012139080555555555,0.0,4.750075,True,True,True,False,0.0,420.66475417944406,42.159956474428725,170.66376496191512,0.0,-82.96490674646354,550.5235688693243
2025-08-23T22:00:00Z,2025-08-23T22:15:00Z,2025-08-24,2025-08-24_1,6.529882328639917,42,49,51,40.129407521738855,41.130274085078625,0.01026786216498629,0.0,2.94539,True,True,True,False,164.0632935070779,476.7533880700366,32.3070531209813,152.2058561677713,0.0,-43.47953891779603,781.850051948071
2025-08-23T22:15:00Z,2025-08-23T22:30:00Z,2025-08-24,2025-08-24_1,6.529882328639917,42,49,51,41.130274085078625,43.25469262215905,0.012429270507095273,0.0,4.137804999999999,True,True,True,False,164.0632935070779,476.7533880700366,32.3070531209813,152.2058561677713,0.0,-8.323909633000296,817.0056812328668
2025-08-23T22:30:00Z,2025-08-23T22:45:00Z,2025-08-24,2025-08-24_1,6.529882328639917,42,49,51,43.25469262215905,44.01085709136176,0.009797121905558403,0.0,2.6856899999999997,True,True,True,False,164.0632935070779,476.7533880700366,32.3070531209813,152.2058561677713,0.0,-47.95878795330893,777.3708029125581
2025-08-23T22:45:00Z,2025-08-23T23:00:00Z,2025-08-24,2025-08-24_1,6.529882328639917,42,49,51,44.01085709136176,44.623663069565296,0.009521339168667159,0.0,2.5335449999999997,True,True,True,False,164.0632935070779,476.7533880700366,32.3070531209813,152.2058561677713,0.0,-84.52902595904638,740.8005649068207
2025-08-23T23:00:00Z,2025-08-23T23:15:00Z,2025-08-24,2025-08-24_2,0.0,49,49,51,44.623663069565296,43.29111062608703,0.003969510120772946,1.270325,0.05243,True,True,True,False,0.0,476.7533880700366,28.02146602037788,42.50479770501533,175.27242900385795,-2.427609098822831,720.1244717004649
2025-08-23T23:15:00Z,2025-08-23T23:30:00Z,2025-08-24,2025-08-24_2,0.0,49,49,51,43.29111062608703,42.022969321739204,0.003522614734299517,1.16669,0.0,True,True,True,False,0.0,476.7533880700366,28.02146602037788,42.50479770501533,160.1531024275398,0.0,707.4327542229696
2025-08-23T23:30:00Z,2025-08-23T23:45:00Z,2025-08-24,2025-08-24_2,0.0,49,49,51,42.022969321739204,40.188931278260945,0.005094550120772947,1.6873150000000001,0.0,True,True,True,False,0.0,476.7533880700366,28.02146602037788,42.50479770501533,231.93579284993572,0.0,779.2154446453656
2025-08-23T23:45:00Z,2025-08-24T00:00:00Z,2025-08-24,2025-08-24_2,0.0,49,49,51,40.188931278260945,38.595366060869644,0.004426570048309178,1.4660799999999998,0.0,True,True,True,False,0.0,476.7533880700366,28.02146602037788,42.50479770501533,201.79172108813927,0.0,749.0713728835691
2025-08-24T00:00:00Z,2025-08-24T00:15:00Z,2025-08-24,2025-08-24_3,0.0,49,49,51,38.595366060869644,38.41442354782617,0.0005226536473429952,0.169785,0.003920000000000001,True,True,True,False,0.0,476.7533880700366,28.02146602037788,42.708378672470076,21.954750718171923,-0.31128499357008615,569.1266984874864
2025-08-24T00:15:00Z,2025-08-24T00:30:00Z,2025-08-24,2025-08-24_3,0.0,49,49,51,38.41442354782617,38.42918320000008,0.00015935652173913043,0.0196,0.0392,True,True,True,False,0.0,476.7533880700366,28.02146602037788,42.708378672470076,2.3252824216045105,-3.007181719260065,546.8013334652289
2025-08-24T00:30:00Z,2025-08-24T00:45:00Z,2025-08-24,2025-08-24_3,0.0,49,49,51,38.42918320000008,38.37430873913052,0.00024258905797101447,0.065415,0.01764,True,True,True,False,0.0,476.7533880700366,28.02146602037788,42.708378672470076,7.991035314076565,-1.4099436146008506,554.0643244623602
2025-08-24T00:45:00Z,2025-08-24T01:00:00Z,2025-08-24,2025-08-24_3,0.0,49,49,51,38.37430873913052,37.71739130434791,0.002100259541062802,0.649985,0.0539,True,True,True,False,0.0,476.7533880700366,28.02146602037788,42.708378672470076,88.53144193293106,-4.361479869423286,631.6531948263923
2025-08-24T01:00:00Z,2025-08-24T01:15:00Z,2025-08-24,2025-08-24_4,0.3823310795711947,48,49,51,37.71739130434791,37.74617367309116,0.000689126478402272,0.00648,0.151655,True,True,True,False,8.740088478997512,476.7533880700366,27.449599366900777,42.708378672470076,0.6716867108517163,-12.233873382134734,544.0892679171219
2025-08-24T01:15:00Z,2025-08-24T01:30:00Z,2025-08-24,2025-08-24_4,0.3823310795711947,48,49,51,37.74617367309116,38.00817012175793,0.0012862460318815762,0.0,0.39714499999999997,True,True,True,False,8.740088478997512,476.7533880700366,27.449599366900777,42.708378672470076,0.0,-20.75517720546048,534.8962773829445
2025-08-24T01:30:00Z,2025-08-24T01:45:00Z,2025-08-24,2025-08-24_4,0.3823310795711947,48,49,51,38.00817012175793,38.345782490142255,0.0014924230760349232,0.0,0.47922000000000003,True,True,True,False,8.740088478997512,476.7533880700366,27.449599366900777,42.708378672470076,0.0,-36.356628058165995,519.294826530239
2025-08-24T01:45:00Z,2025-08-24T02:00:00Z,2025-08-24,2025-08-24_4,0.3823310795711947,48,49,51,38.345782490142255,38.28180358260866,0.0004634830415811606,0.011040000000000001,0.05635,True,True,True,False,8.740088478997512,476.7533880700366,27.449599366900777,42.708378672470076,1.1371101711346328,-4.682362251459096,552.1062025080805
2025-08-24T02:00:00Z,2025-08-24T02:15:00Z,2025-08-24,2025-08-24_5,2.0,47,49,51,38.28180358260866,37.809228199999964,0.0017174838405797101,0.005169999999999999,0.082565,True,True,True,False,45.2,476.7533880700366,50.97981996240973,42.708378672470076,0.5745629815016321,-6.86067860322485,609.3554710831932
2025-08-24T02:15:00Z,2025-08-24T02:30:00Z,2025-08-24,2025-08-24_5,2.0,47,49,51,37.809228199999964,37.71739130434779,0.0026441124879227054,0.0,0.48730500000000004,True,True,True,False,45.2,476.7533880700366,50.97981996240973,42.708378672470076,0.0,-28.598811610446138,587.0427750944702
2025-08-24T02:30:00Z,2025-08-24T02:45:00Z,2025-08-24,2025-08-24_5,2.0,47,49,51,37.71739130434779,38.00856403478258,0.0036088735265700483,0.00047000000000000004,0.90111,True,True,True,False,45.2,476.7533880700366,50.97981996240973,42.708378672470076,0.040914036996735584,-43.87957328914828,571.8029274527648
2025-08-24T02:45:00Z,2025-08-24T03:00:00Z,2025-08-24,2025-08-24_5,2.0,47,49,51,38.00856403478258,38.4081909217391,0.0038853464251207724,0.001175,1.0189549999999998,True,True,True,False,45.2,476.7533880700366,50.97981996240973,42.708378672470076,0.14059550895241862,-73.44358310911068,542.3385991047581
2025-08-24T03:00:00Z,2025-08-24T03:15:00Z,2025-08-24,2025-08-24_6,0.0,49,49,51,38.4081909217391,37.96025976521736,0.0014972021014492754,0.453985,0.04949,True,True,True,False,0.0,476.7533880700366,59.227520031654954,40.381739044415866,60.5240281373034,-3.0049521198931646,633.8817231635177
2025-08-24T03:15:00Z,2025-08-24T03:30:00Z,2025-08-24,2025-08-24_6,0.0,49,49,51,37.96025976521736,37.85873943478258,0.0011234942512077296,0.23274999999999998,0.16464,True,True,True,False,0.0,476.7533880700366,59.227520031654954,40.381739044415866,31.14608972202987,-13.680641012958752,593.8280958551785
2025-08-24T03:30:00Z,2025-08-24T03:45:00Z,2025-08-24,2025-08-24_6,0.0,49,49,51,37.85873943478258,38.29894563478258,0.001222795,0.0,0.47848500000000005,True,True,True,False,0.0,476.7533880700366,59.227520031654954,40.381739044415866,0.0,-38.2649788881195,538.097668257988
2025-08-24T03:45:00Z,2025-08-24T04:00:00Z,2025-08-24,2025-08-24_6,0.0,49,49,51,38.29894563478258,38.41597169565214,0.00037241538647343,0.007840000000000001,0.136465,True,True,True,False,0.0,476.7533880700366,59.227520031654954,40.381739044415866,0.8622138688297558,-8.943324018201602,568.2815369967356
2025-08-24T04:00:00Z,2025-08-24T04:15:00Z,2025-08-24,2025-08-24_7,17.999999999999932,82,100,0,38.41597169565214,32.75432051304346,0.01790199550724633,1.16235,0.519,True,True,True,False,404.99999999999847,0.0,100.33217924621624,84.87486398258977,158.3265806904738,-27.056282718369772,721.4773412009085
2025-08-24T04:15:00Z,2025-08-24T04:30:00Z,2025-08-24,2025-08-24_7,17.999999999999932,82,100,0,32.75432051304346,28.00674406086957,0.0147300412560386,0.18942,0.368,True,True,True,False,404.99999999999847,0.0,100.33217924621624,84.87486398258977,24.09222280739935,-30.57869225442675,583.720573781777
2025-08-24T04:30:00Z,2025-08-24T04:45:00Z,2025-08-24,2025-08-24_7,17.999999999999932,82,100,0,28.00674406086957,24.09184826956524,0.01522927497584536,0.00984,1.039,True,True,True,False,404.99999999999847,0.0,100.33217924621624,84.87486398258977,1.174069981204867,-71.96018003759026,519.420933172419
2025-08-24T04:45:00Z,2025-08-24T05:00:00Z,2025-08-24,2025-08-24_7,17.999999999999932,82,100,0,24.09184826956524,26.481743782608735,0.02548207690821254,0.0,7.664,True,True,True,False,404.99999999999847,0.0,100.33217924621624,84.87486398258977,0.0,3649.3634456424966,4239.570488871301
2025-08-24T05:00:00Z,2025-08-24T05:15:00Z,2025-08-24,2025-08-24_8,40.0,60,100,0,26.481743782608735,17.809743434782646,0.030918356521739125,0.0,2.227,True,True,True,False,847.3000000000001,0.0,67.05707785141952,88.85151844890692,0.0,-98.86522959738846,904.343366702938
2025-08-24T05:15:00Z,2025-08-24T05:30:00Z,2025-08-24,2025-08-24_8,40.0,60,100,0,17.809743434782646,13.465278217391344,0.0323462922705314,0.0,6.612500000000001,True,True,True,False,847.3000000000001,0.0,67.05707785141952,88.85151844890692,0.0,-55.79382728261946,947.414769017707
2025-08-24T05:30:00Z,2025-08-24T05:45:00Z,2025-08-24,2025-08-24_8,40.0,60,100,0,13.465278217391344,10.027666217391346,0.03264552222222222,0.0,7.5315,True,True,True,False,847.3000000000001,0.0,67.05707785141952,88.85151844890692,0.0,1088.9450826985856,2092.1536789989123
2025-08-24T05:45:00Z,2025-08-24T06:00:00Z,2025-08-24,2025-08-24_8,40.0,60,100,0,10.027666217391346,10.048727260869608,0.03378676376811594,0.0,11.0365,True,True,True,False,847.3000000000001,0.0,67.05707785141952,88.85151844890692,0.0,4600.330680878425,5603.539277178751
2025-08-24T06:00:00Z,2025-08-24T06:15:00Z,2025-08-24,2025-08-24_9,8.412335224984751,91,100,0,10.048727260869608,10.35147215945941,0.012132841720030459,0.0,2.7715,True,True,True,False,78.25574843042065,0.0,86.76911662874667,90.12760906123258,0.0,691.5601207834603,946.7125949038602
2025-08-24T06:15:00Z,2025-08-24T06:30:00Z,2025-08-24,2025-08-24_9,8.412335224984751,91,100,0,10.35147215945941,9.999999999999686,0.01070607623939255,0.006370000000000001,2.0785,True,True,True,False,78.25574843042065,0.0,86.76911662874667,90.12760906123258,0.8000326797902859,-90.70147155999605,165.25103524019414
2025-08-24T06:30:00Z,2025-08-24T06:45:00Z,2025-08-24,2025-08-24_9,8.412335224984751,91,100,0,9.999999999999686,10.877649560568164,0.013417130495395255,0.0,3.3869999999999996,True,True,True,False,78.25574843042065,0.0,86.76911662874667,90.12760906123258,0.0,-123.7338880205757,131.4185860998242
2025-08-24T06:45:00Z,2025-08-24T07:00:00Z,2025-08-24,2025-08-24_9,8.412335224984751,91,100,0,10.877649560568164,16.44747388872378,0.023899055211959105,0.0,8.4105,True,True,True,False,78.25574843042065,0.0,86.76911662874667,90.12760906123258,0.0,1896.6696677218322,2151.822141842232
2025-08-24T07:00:00Z,2025-08-24T07:15:00Z,2025-08-24,2025-08-24_10,0.0,100,100,0,16.44747388872378,16.963930410462915,0.0022709541062801934,0.1385,0.725,True,True,True,False,0.0,0.0,54.604807597190614,313.5918488475616,12.540490651894352,-37.925625680087045,342.8115214165595
2025-08-24T07:15:00Z,2025-08-24T07:30:00Z,2025-08-24,2025-08-24_10,0.0,100,100,0,16.963930410462915,18.44061562785422,0.004132096618357488,0.005,1.611,True,True,True,False,0.0,0.0,54.604807597190614,313.5918488475616,0.45272529429221486,-54.61431833020081,314.03506340884365
2025-08-24T07:30:00Z,2025-08-24T07:45:00Z,2025-08-24,2025-08-24_10,0.0,100,100,0,18.44061562785422,25.372815627854223,0.019256111111111113,0.0,7.535,True,True,True,False,0.0,0.0,54.604807597190614,313.5918488475616,0.0,-33.90414581066376,334.29251063408844
2025-08-24T07:45:00Z,2025-08-24T08:00:00Z,2025-08-24,2025-08-24_10,0.0,100,100,0,25.372815627854223,47.08941562785422,0.060323888888888885,0.0,23.605,True,True,True,False,0.0,0.0,54.604807597190614,313.5918488475616,0.0,9958.078293599761,10326.274950044513
2025-08-24T08:00:00Z,2025-08-24T08:15:00Z,2025-08-24,2025-08-24_11,8.622262377626143,0,0,51,47.08941562785422,44.74640954697755,0.006508350224657415,0.0,0.0,True,False,True,False,-0.021555655944065357,476.7533880700366,0.0,0.0,0.0,0.0,476.73183241409254
2025-08-24T08:15:00Z,2025-08-24T08:30:00Z,2025-08-24,2025-08-24_11,8.622262377626143,0,0,51,44.74640954697755,42.40340346610088,0.006508350224657415,0.0,0.0,True,False,True,False,-0.021555655944065357,476.7533880700366,0.0,0.0,0.0,0.0,476.73183241409254
2025-08-24T08:30:00Z,2025-08-24T08:45:00Z,2025-08-24,2025-08-24_11,8.622262377626143,0,0,51,42.40340346610088,40.06039738522421,0.006508350224657415,0.0,0.0,True,False,True,False,-0.021555655944065357,476.7533880700366,0.0,0.0,0.0,0.0,476.73183241409254
2025-08-24T08:45:00Z,2025-08-24T09:00:00Z,2025-08-24,2025-08-24_11,8.622262377626143,0,0,51,40.06039738522421,37.717391304347544,0.006508350224657415,0.0,0.0,True,False,True,False,-0.021555655944065357,476.7533880700366,0.0,0.0,0.0,0.0,476.73183241409254
2025-08-24T09:00:00Z,2025-08-24T09:15:00Z,2025-08-24,2025-08-24_12,0.0,49,49,51,37.717391304347544,40.67869650434754,0.008225847777777778,0.0,3.21881,True,True,True,False,0.0,476.7533880700366,32.3402908299535,175.58858442971606,0.0,14.669163784746264,699.3514271144525
2025-08-24T09:15:00Z,2025-08-24T09:30:00Z,2025-08-24,2025-08-24_12,0.0,49,49,51,40.67869650434754,41.815902991304064,0.00319737309178744,0.00637,1.24362,True,True,True,False,0.0,476.7533880700366,32.3402908299535,175.58858442971606,0.5679375803739242,-21.22310296963102,664.027097940449
2025-08-24T09:30:00Z,2025-08-24T09:45:00Z,2025-08-24,2025-08-24_12,0.0,49,49,51,41.815902991304064,45.969123391304066,0.011536723333333332,0.0,4.5143699999999995,True,True,True,False,0.0,476.7533880700366,32.3402908299535,175.58858442971606,0.0,-0.11074920961519437,684.5715141200909
2025-08-24T09:45:00Z,2025-08-24T10:00:00Z,2025-08-24,2025-08-24_12,0.0,49,49,51,45.969123391304066,52.66215099130407,0.018591743333333334,0.0,7.275029999999999,True,True,True,False,0.0,476.7533880700366,32.3402908299535,175.58858442971606,0.0,-0.0,684.6822633297062
2025-08-24T10:00:00Z,2025-08-24T10:15:00Z,2025-08-24,2025-08-24_13,-11.242270661625716,0,0,51,52.66215099130407,55.24787324347798,0.007182561811594207,0.0,0.0,True,False,True,False,5.564923977504729,476.7533880700366,0.0,0.0,0.0,0.0,482.3183120475413
2025-08-24T10:15:00Z,2025-08-24T10:30:00Z,2025-08-24,2025-08-24_13,-11.242270661625716,0,0,51,55.24787324347798,57.8335954956519,0.007182561811594207,0.0,0.0,True,False,True,False,5.564923977504729,476.7533880700366,0.0,0.0,0.0,0.0,482.3183120475413
2025-08-24T10:30:00Z,2025-08-24T10:45:00Z,2025-08-24,2025-08-24_13,-11.242270661625716,0,0,51,57.8335954956519,60.419317747825815,0.007182561811594207,0.0,0.0,True,False,True,False,5.564923977504729,476.7533880700366,0.0,0.0,0.0,0.0,482.3183120475413
2025-08-24T10:45:00Z,2025-08-24T11:00:00Z,2025-08-24,2025-08-24_13,-11.242270661625716,0,0,51,60.419317747825815,63.00503999999973,0.007182561811594207,0.0,0.0,True,False,True,False,5.564923977504729,476.7533880700366,0.0,0.0,0.0,0.0,482.3183120475413
2025-08-24T11:00:00Z,2025-08-24T11:15:00Z,2025-08-24,2025-08-24_14,4.163336342344337e-15,100,100,0,63.00503999999973,85.68441999999973,0.06299827777777778,0.0,24.6515,True,True,True,False,-7.754213937616328e-15,0.0,54.604807597190614,358.72984469284796,0.0,10290.788061628251,10704.12271391829
2025-08-24T11:15:00Z,2025-08-24T11:30:00Z,2025-08-24,2025-08-24_14,4.163336342344337e-15,100,100,0,85.68441999999973,101.42147999999973,0.043714055555555555,0.0,17.1055,True,True,True,False,-7.754213937616328e-15,0.0,54.604807597190614,358.72984469284796,0.0,397.21512543278266,810.5497777228212
2025-08-24T11:30:00Z,2025-08-24T11:45:00Z,2025-08-24,2025-08-24_14,4.163336342344337e-15,100,100,0,101.42147999999973,109.77461999999973,0.02320316666666667,0.0,9.0795,True,True,True,False,-7.754213937616328e-15,0.0,54.604807597190614,358.72984469284796,0.0,-0.25507745573251556,413.0795748343061
2025-08-24T11:45:00Z,2025-08-24T12:00:00Z,2025-08-24,2025-08-24_14,4.163336342344337e-15,100,100,0,109.77461999999973,121.45999999999972,0.03245938888888889,0.0,12.7015,True,True,True,False,-7.754213937616328e-15,0.0,54.604807597190614,358.72984469284796,0.0,-0.05528400435255713,413.279368285686
2025-08-24T12:00:00Z,2025-08-24T12:15:00Z,2025-08-24,2025-08-24_15,-49.000000000000014,0,0,51,121.45999999999972,132.72999999999973,0.031305555555555566,0.0,0.0,True,False,True,False,90.65000000000003,476.7533880700366,0.0,0.0,0.0,0.0,567.4033880700366
2025-08-24T12:15:00Z,2025-08-24T12:30:00Z,2025-08-24,2025-08-24_15,-49.000000000000014,0,0,51,132.72999999999973,143.99999999999974,0.031305555555555566,0.0,0.0,True,False,True,False,90.65000000000003,476.7533880700366,0.0,0.0,0.0,0.0,567.4033880700366
2025-08-24T12:30:00Z,2025-08-24T12:45:00Z,2025-08-24,2025-08-24_15,-49.000000000000014,0,0,51,143.99999999999974,155.26999999999975,0.031305555555555566,0.0,0.0,True,False,True,False,90.65000000000003,476.7533880700366,0.0,0.0,0.0,0.0,567.4033880700366
2025-08-24T12:45:00Z,2025-08-24T13:00:00Z,2025-08-24,2025-08-24_15,-49.000000000000014,0,0,51,155.26999999999975,166.53999999999976,0.031305555555555566,0.0,0.0,True,False,True,False,90.65000000000003,476.7533880700366,0.0,0.0,0.0,0.0,567.4033880700366
2025-08-24T13:00:00Z,2025-08-24T13:15:00Z,2025-08-24,2025-08-24_16,0.0,0,0,51,166.53999999999976,166.53999999999976,0.0,0.0,0.0,True,False,True,False,0.0,476.7533880700366,0.0,0.0,0.0,0.0,476.7533880700366
2025-08-24T13:15:00Z,2025-08-24T13:30:00Z,2025-08-24,2025-08-24_16,0.0,0,0,51,166.53999999999976,166.53999999999976,0.0,0.0,0.0,True,False,True,False,0.0,476.7533880700366,0.0,0.0,0.0,0.0,476.7533880700366
2025-08-24T13:30:00Z,2025-08-24T13:45:00Z,2025-08-24,2025-08-24_16,0.0,0,0,51,166.53999999999976,166.53999999999976,0.0,0.0,0.0,True,False,True,False,0.0,476.7533880700366,0.0,0.0,0.0,0.0,476.7533880700366
2025-08-24T13:45:00Z,2025-08-24T14:00:00Z,2025-08-24,2025-08-24_16,0.0,0,0,51,166.53999999999976,166.53999999999976,0.0,0.0,0.0,True,False,True,False,0.0,476.7533880700366,0.0,0.0,0.0,0.0,476.7533880700366
2025-08-24T14:00:00Z,2025-08-24T14:15:00Z,2025-08-24,2025-08-24_17,0.0,0,0,51,166.53999999999976,166.53999999999976,0.0,0.0,0.0,True,False,True,False,0.0,476.7533880700366,0.0,0.0,0.0,0.0,476.7533880700366
2025-08-24T14:15:00Z,2025-08-24T14:30:00Z,2025-08-24,2025-08-24_17,0.0,0,0,51,166.53999999999976,166.53999999999976,0.0,0.0,0.0,True,False,True,False,0.0,476.7533880700366,0.0,0.0,0.0,0.0,476.7533880700366
2025-08-24T14:30:00Z,2025-08-24T14:45:00Z,2025-08-24,2025-08-24_17,0.0,0,0,51,166.53999999999976,166.53999999999976,0.0,0.0,0.0,True,False,True,False,0.0,476.7533880700366,0.0,0.0,0.0,0.0,476.7533880700366
2025-08-24T14:45:00Z,2025-08-24T15:00:00Z,2025-08-24,2025-08-24_17,0.0,0,0,51,166.53999999999976,166.53999999999976,0.0,0.0,0.0,True,False,True,False,0.0,476.7533880700366,0.0,0.0,0.0,0.0,476.7533880700366
2025-08-24T15:00:00Z,2025-08-24T15:15:00Z,2025-08-24,2025-08-24_18,4.3655745685100536e-15,0,0,51,166.53999999999976,166.53999999999976,3.2952706585975648e-18,0.0,0.0,True,False,True,False,7.378912414424118e-14,476.7533880700366,0.0,0.0,0.0,0.0,476.75338807003664
2025-08-24T15:15:00Z,2025-08-24T15:30:00Z,2025-08-24,2025-08-24_18,4.3655745685100536e-15,0,0,51,166.53999999999976,166.53999999999976,3.2952706585975648e-18,0.0,0.0,True,False,True,False,7.378912414424118e-14,476.7533880700366,0.0,0.0,0.0,0.0,476.75338807003664
2025-08-24T15:30:00Z,2025-08-24T15:45:00Z,2025-08-24,2025-08-24_18,4.3655745685100536e-15,0,0,51,166.53999999999976,166.53999999999976,3.2952706585975648e-18,0.0,0.0,True,False,True,False,7.378912414424118e-14,476.7533880700366,0.0,0.0,0.0,0.0,476.75338807003664
2025-08-24T15:45:00Z,2025-08-24T16:00:00Z,2025-08-24,2025-08-24_18,4.3655745685100536e-15,0,0,51,166.53999999999976,166.53999999999976,3.2952706585975648e-18,0.0,0.0,True,False,True,False,7.378912414424118e-14,476.7533880700366,0.0,0.0,0.0,0.0,476.75338807003664
2025-08-24T16:00:00Z,2025-08-24T16:15:00Z,2025-08-24,2025-08-24_19,0.0,100,100,0,166.53999999999976,166.82280869565196,0.0030349758454106283,0.3725,0.7475,True,True,True,False,0.0,0.0,107.96320110792364,89.71213769908002,35.00593530517361,-30.773574537540807,201.90769957463647
2025-08-24T16:15:00Z,2025-08-24T16:30:00Z,2025-08-24,2025-08-24_19,0.0,100,100,0,166.82280869565196,172.8221304347824,0.016697995169082124,0.0055,6.5275,True,True,True,False,0.0,0.0,107.96320110792364,89.71213769908002,0.5168661588683351,3970.338153625482,4168.530358591354
2025-08-24T16:30:00Z,2025-08-24T16:45:00Z,2025-08-24,2025-08-24_19,0.0,100,100,0,172.8221304347824,172.80074260869546,0.0003814106280193236,0.073,0.063,True,True,True,False,0.0,0.0,107.96320110792364,89.71213769908002,9.304181818181819,-4.861014937184686,202.1185056880008
2025-08-24T16:45:00Z,2025-08-24T17:00:00Z,2025-08-24,2025-08-24_19,0.0,100,100,0,172.80074260869546,172.59218173913024,0.0007582246376811594,0.2215,0.035,True,True,True,False,0.0,0.0,107.96320110792364,89.71213769908002,26.085289642892473,-2.4512810366999704,221.30934741319615
2025-08-24T17:00:00Z,2025-08-24T17:15:00Z,2025-08-24,2025-08-24_20,38.99999999999983,61,100,0,172.59218173913024,167.92323959999985,0.0317398648309178,0.00183,6.0205,True,True,True,False,1075.8149999999953,0.0,73.31585715698883,84.87486398258977,0.1719754674052824,1889.579395884855,3123.757092491834
2025-08-24T17:15:00Z,2025-08-24T17:30:00Z,2025-08-24,2025-08-24_20,38.99999999999983,61,100,0,167.92323959999985,165.78704199999987,0.032714034444444394,0.0,8.5895,True,True,True,False,1075.8149999999953,0.0,73.31585715698883,84.87486398258977,0.0,6347.750109803145,7581.7558309427195
2025-08-24T17:30:00Z,2025-08-24T17:45:00Z,2025-08-24,2025-08-24_20,38.99999999999983,61,100,0,165.78704199999987,155.92649740869558,0.02974900053140084,0.00732,0.7565,True,True,True,False,1075.8149999999953,0.0,73.31585715698883,84.87486398258977,1.0056647423088338,-34.697524680977345,1200.3138612009054
2025-08-24T17:45:00Z,2025-08-24T18:00:00Z,2025-08-24,2025-08-24_20,38.99999999999983,61,100,0,155.92649740869558,145.3521351391304,0.02961641519323659,0.049105,0.078,True,True,True,False,1075.8149999999953,0.0,73.31585715698883,84.87486398258977,6.739932058561679,-5.652388168958354,1235.0932650291772
2025-08-24T18:00:00Z,2025-08-24T18:15:00Z,2025-08-24,2025-08-24_21,45.0,0,45,55,145.3521351391304,133.23808622608692,0.03365013586956521,0.0,0.10507500000000002,True,True,True,False,1318.5,514.1458106637649,0.0,37.752992383025024,0.0,-7.398531462063509,1863.0002715847263
2025-08-24T18:15:00Z,2025-08-24T18:30:00Z,2025-08-24,2025-08-24_21,45.0,0,45,55,133.23808622608692,121.1338199217391,0.03362296195652174,0.0,0.114075,True,True,True,False,1318.5,514.1458106637649,0.0,37.752992383025024,0.0,-8.561301102977545,1861.8375019438124
2025-08-24T18:30:00Z,2025-08-24T18:45:00Z,2025-08-24,2025-08-24_21,45.0,0,45,55,121.1338199217391,108.92830361739128,0.03390421195652173,0.0,0.020925,True,True,True,False,1318.5,514.1458106637649,0.0,37.752992383025024,0.0,-1.6043134780888315,1868.794489568701
2025-08-24T18:45:00Z,2025-08-24T19:00:00Z,2025-08-24,2025-08-24_21,45.0,0,45,55,108.92830361739128,96.7440644869565,0.033845108695652174,0.0,0.0405,True,True,True,False,1318.5,514.1458106637649,0.0,37.752992383025024,0.0,-3.0481528341082202,1867.3506502126818
2025-08-24T19:00:00Z,2025-08-24T19:15:00Z,2025-08-24,2025-08-24_22,100.0,0,100,0,96.7440644869565,69.59732535652171,0.07540760869565218,0.0,0.025,True,True,True,False,2858.0,0.0,0.0,90.12760906123258,0.0,-1.9289741814224948,2946.19863487981
2025-08-24T19:15:00Z,2025-08-24T19:30:00Z,2025-08-24,2025-08-24_22,100.0,0,100,0,69.59732535652171,47.1402601391304,0.06238073671497585,0.0,4.3395,True,True,True,False,2858.0,0.0,0.0,90.12760906123258,0.0,3657.383314472252,6605.510923533485
2025-08-24T19:30:00Z,2025-08-24T19:45:00Z,2025-08-24,2025-08-24_22,100.0,0,100,0,47.1402601391304,35.10384709565214,0.033434480676328496,0.0,13.9265,True,True,True,False,2858.0,0.0,0.0,90.12760906123258,0.0,11128.64975615788,14076.777365219112
2025-08-24T19:45:00Z,2025-08-24T20:00:00Z,2025-08-24,2025-08-24_22,100.0,0,100,0,35.10384709565214,23.31634709565214,0.03274305555555556,0.0,14.155499999999998,True,True,True,False,2858.0,0.0,0.0,90.12760906123258,0.0,11708.96078395489,14657.088393016122
2025-08-24T20:00:00Z,2025-08-24T20:15:00Z,2025-08-24,2025-08-24_23,29.744958382670657,70,100,0,23.31634709565214,18.72522776354478,0.025683627726680598,0.0,3.601,True,True,True,False,799.3957565342739,0.0,50.68750618260955,90.12760906123258,0.0,-151.4592925116233,788.7515792664927
2025-08-24T20:15:00Z,2025-08-24T20:30:00Z,2025-08-24,2025-08-24_23,29.744958382670657,70,100,0,18.72522776354478,12.593316867410879,0.024257802057890913,0.0,2.012,True,True,True,False,799.3957565342739,0.0,50.68750618260955,90.12760906123258,0.0,-101.44986052032843,838.7610112577876
2025-08-24T20:30:00Z,2025-08-24T20:45:00Z,2025-08-24,2025-08-24_23,29.744958382670657,70,100,0,12.593316867410879,10.04243888726846,0.027585724944054854,0.0035,5.709,True,True,True,False,799.3957565342739,0.0,50.68750618260955,90.12760906123258,0.3462261351271145,-52.183501632208916,888.3735962810342
2025-08-24T20:45:00Z,2025-08-24T21:00:00Z,2025-08-24,2025-08-24_23,29.744958382670657,70,100,0,10.04243888726846,9.999999999999678,0.029892909169281244,0.0,8.292,True,True,True,False,799.3957565342739,0.0,50.68750618260955,90.12760906123258,0.0,253.67499297655556,1193.8858647546715
2025-08-24T21:00:00Z,2025-08-24T21:15:00Z,2025-08-25,2025-08-24_24,-16.827065186342303,100,83,0,9.999999999999678,16.850555792858408,0.019029321646829807,0.0,3.23949,True,True,True,False,-422.864148132782,0.0,75.49708180828964,160.5235928380651,0.0,-129.60075009793252,-316.4442235843598
2025-08-24T21:15:00Z,2025-08-24T21:30:00Z,2025-08-25,2025-08-24_24,-16.827065186342303,100,83,0,16.850555792858408,26.91892198571714,0.027967683869052032,0.0,6.73711,True,True,True,False,-422.864148132782,0.0,75.49708180828964,160.5235928380651,0.0,-238.8091898822831,-425.65266336871036
2025-08-24T21:30:00Z,2025-08-24T21:45:00Z,2025-08-25,2025-08-24_24,-16.827065186342303,100,83,0,26.91892198571714,33.26359277857587,0.017624085535718693,0.0,2.689615,True,True,True,False,-422.864148132782,0.0,75.49708180828964,160.5235928380651,0.0,-136.33253755564346,-323.17601104207074
2025-08-24T21:45:00Z,2025-08-24T22:00:00Z,2025-08-25,2025-08-24_24,-16.827065186342303,100,83,0,33.26359277857587,37.71739130434783,0.012537405738789888,0.033,0.6723000000000001,True,True,True,False,-422.864148132782,0.0,75.49708180828964,160.5235928380651,3.984966267682264,-37.476950835888815,-220.33545805463385
2025-08-24T22:00:00Z,2025-08-24T22:15:00Z,2025-08-25,2025-08-25_1,0.0,49,49,51,37.71739130434783,38.19837487826087,0.0013449422946859902,0.00147,0.5245449999999999,True,True,True,False,0.0,476.7533880700366,37.691561974478184,94.6215253734296,0.13087347907804925,-38.82639644870906,570.3709524483133
2025-08-24T22:15:00Z,2025-08-24T22:30:00Z,2025-08-25,2025-08-25_1,0.0,49,49,51,38.19837487826087,38.19227842608696,0.00017095792270531402,0.031115,0.030135,True,True,True,False,0.0,476.7533880700366,37.691561974478184,94.6215253734296,3.841768342071421,-2.5040458996933426,610.4041978603225
2025-08-24T22:30:00Z,2025-08-24T22:45:00Z,2025-08-25,2025-08-25_1,0.0,49,49,51,38.19227842608696,38.13699406956522,0.00023997099033816425,0.06517,0.016905000000000003,True,True,True,False,0.0,476.7533880700366,37.691561974478184,94.6215253734296,8.105822552181225,-1.342179072113958,615.8301188980116
2025-08-24T22:45:00Z,2025-08-24T23:00:00Z,2025-08-25,2025-08-25_1,0.0,49,49,51,38.13699406956522,38.61174995652174,0.0013572325362318843,0.00637,0.5235650000000001,True,True,True,False,0.0,476.7533880700366,37.691561974478184,94.6215253734296,0.7443303096250866,-19.08813680977347,590.722668917796
2025-08-24T23:00:00Z,2025-08-24T23:15:00Z,2025-08-25,2025-08-25_2,0.0,49,49,51,38.61174995652174,40.99963755652174,0.006633021111111111,0.0,2.5955299999999997,True,True,True,False,0.0,476.7533880700366,28.02146602037788,42.708378672470076,0.0,-59.43658430705311,488.0466484558314
2025-08-24T23:15:00Z,2025-08-24T23:30:00Z,2025-08-25,2025-08-25_2,0.0,49,49,51,40.99963755652174,42.43949275652174,0.003999597777777778,0.0,1.56506,True,True,True,False,0.0,476.7533880700366,28.02146602037788,42.708378672470076,0.0,-58.84836153130874,488.6348712315758
2025-08-24T23:30:00Z,2025-08-24T23:45:00Z,2025-08-25,2025-08-25_2,0.0,49,49,51,42.43949275652174,43.97965095652174,0.004278217222222222,0.0,1.674085,True,True,True,False,0.0,476.7533880700366,28.02146602037788,42.708378672470076,0.0,-61.929387156988824,485.55384560589573
2025-08-24T23:45:00Z,2025-08-25T00:00:00Z,2025-08-25,2025-08-25_2,0.0,49,49,51,43.97965095652174,45.63228375652174,0.004590646666666667,0.0,1.7963399999999998,True,True,True,False,0.0,476.7533880700366,28.02146602037788,42.708378672470076,0.0,-67.52489860520328,479.95833415768124
2025-08-25T00:00:00Z,2025-08-25T00:15:00Z,2025-08-25,2025-08-25_3,0.0,49,49,51,45.63228375652174,47.24141435652174,0.004469807222222223,0.0,1.7490550000000002,True,True,True,False,0.0,476.7533880700366,28.02146602037788,42.708378672470076,0.0,-64.44495142546246,483.03828133742206
2025-08-25T00:15:00Z,2025-08-25T00:30:00Z,2025-08-25,2025-08-25_3,0.0,49,49,51,47.24141435652174,50.43691015652174,0.008876377222222223,0.0,3.4733650000000003,True,True,True,False,0.0,476.7533880700366,28.02146602037788,42.708378672470076,0.0,-121.49527722425562,425.9879555386289
2025-08-25T00:30:00Z,2025-08-25T00:45:00Z,2025-08-25,2025-08-25_3,0.0,49,49,51,50.43691015652174,51.34752615652174,0.002529488888888889,0.0,0.9898,True,True,True,False,0.0,476.7533880700366,28.02146602037788,42.708378672470076,0.0,-37.648627717875165,509.83460504500937
2025-08-25T00:45:00Z,2025-08-25T01:00:00Z,2025-08-25,2025-08-25_3,0.0,49,49,51,51.34752615652174,53.125030556521736,0.004937512222222222,0.0,1.93207,True,True,True,False,0.0,476.7533880700366,28.02146602037788,42.708378672470076,0.0,-72.09875937481452,475.38447338807003
2025-08-25T01:00:00Z,2025-08-25T01:15:00Z,2025-08-25,2025-08-25_4,-49.0,49,0,51,53.125030556521736,64.39277655652174,0.031299294444444445,0.00245,0.0,True,True,True,False,-984.1650000000001,476.7533880700366,28.02146602037788,0.0,0.2940775546542685,0.0,-479.09606835493133
2025-08-25T01:15:00Z,2025-08-25T01:30:00Z,2025-08-25,2025-08-25_4,-49.0,49,0,51,64.39277655652174,75.66277655652173,0.03130555555555555,0.0,0.0,True,True,True,False,-984.1650000000001,476.7533880700366,28.02146602037788,0.0,0.0,0.0,-479.3901459095856
2025-08-25T01:30:00Z,2025-08-25T01:45:00Z,2025-08-25,2025-08-25_4,-49.0,49,0,51,75.66277655652173,86.89986815652173,0.031214143333333336,0.035769999999999996,0.0,True,True,True,False,-984.1650000000001,476.7533880700366,28.02146602037788,0.0,4.255664008309427,0.0,-475.1344819012762
2025-08-25T01:45:00Z,2025-08-25T02:00:00Z,2025-08-25,2025-08-25_4,-49.0,49,0,51,86.89986815652173,98.15972515652174,0.03127738055555556,0.011025,0.0,True,True,True,False,-984.1650000000001,476.7533880700366,28.02146602037788,0.0,1.2973924225937283,0.0,-478.0927534869919
2025-08-25T02:00:00Z,2025-08-25T02:15:00Z,2025-08-25,2025-08-25_5,-49.0,49,0,51,98.15972515652174,109.42972515652176,0.03130555555555556,0.0,0.0,True,True,True,False,-994.9449999999999,476.7533880700366,53.29458898011672,0.0,0.0,0.0,-464.89702294984664
2025-08-25T02:15:00Z,2025-08-25T02:30:00Z,2025-08-25,2025-08-25_5,-49.0,49,0,51,109.42972515652176,120.69972515652175,0.03130555555555555,0.0,0.0,True,True,True,False,-994.9449999999999,476.7533880700366,53.29458898011672,0.0,0.0,0.0,-464.89702294984664
2025-08-25T02:30:00Z,2025-08-25T02:45:00Z,2025-08-25,2025-08-25_5,-49.0,49,0,51,120.69972515652175,129.36612975652176,0.02407334611111111,2.8299950000000003,0.0,True,True,True,False,-994.9449999999999,476.7533880700366,53.29458898011672,0.0,388.66421785339804,0.0,-76.2328050964486
2025-08-25T02:45:00Z,2025-08-25T03:00:00Z,2025-08-25,2025-08-25_5,-49.0,49,0,51,129.36612975652176,137.39487775652177,0.022302077777777773,3.5231000000000003,0.0,True,True,True,False,-994.9449999999999,476.7533880700366,53.29458898011672,0.0,486.27004864971815,0.0,21.373025699871512
2025-08-25T03:00:00Z,2025-08-25T03:15:00Z,2025-08-25,2025-08-25_6,0.0,100,100,0,137.39487775652177,143.46053514782614,0.017111729468599037,0.0435,6.644500000000001,True,True,True,False,0.0,0.0,109.74379266000594,87.15995647442872,4.750618260955584,-192.7831772677812,8.871190127609033
2025-08-25T03:15:00Z,2025-08-25T03:30:00Z,2025-08-25,2025-08-25_6,0.0,100,100,0,143.46053514782614,144.27578123478264,0.002276649758454106,0.002,0.8884999999999998,True,True,True,False,0.0,0.0,109.74379266000594,87.15995647442872,0.22712434464338707,-45.54720476802848,151.58366871104957
2025-08-25T03:30:00Z,2025-08-25T03:45:00Z,2025-08-25,2025-08-25_6,0.0,100,100,0,144.27578123478264,156.54904123478264,0.03409238888888889,0.0,13.340499999999999,True,True,True,False,0.0,0.0,109.74379266000594,87.15995647442872,0.0,1267.0611325551488,1463.9648816895835
2025-08-25T03:45:00Z,2025-08-25T04:00:00Z,2025-08-25,2025-08-25_6,0.0,100,100,0,156.54904123478264,157.72560732173915,0.003488649758454107,0.0365,1.322,True,True,True,False,0.0,0.0,109.74379266000594,87.15995647442872,4.636464041942823,-60.17303551290929,141.3671776634682
2025-08-25T04:00:00Z,2025-08-25T04:15:00Z,2025-08-25,2025-08-25_7,95.00000000000003,5,100,0,157.72560732173915,146.27691845217393,0.03520578574879227,0.0,13.319500000000001,True,True,True,False,2678.287500000001,0.0,6.1311702443367295,85.37936492234641,0.0,6353.574104065685,9123.37213923237
2025-08-25T04:15:00Z,2025-08-25T04:30:00Z,2025-08-25,2025-08-25_7,95.00000000000003,5,100,0,146.27691845217393,126.54667201739133,0.056247956763285034,0.0,5.6415,True,True,True,False,2678.287500000001,0.0,6.1311702443367295,85.37936492234641,0.0,-192.26191819171035,2577.5361169749735
2025-08-25T04:30:00Z,2025-08-25T04:45:00Z,2025-08-25,2025-08-25_7,95.00000000000003,5,100,0,126.54667201739133,107.49702766956523,0.05451865096618358,0.0,6.2725,True,True,True,False,2678.287500000001,0.0,6.1311702443367295,85.37936492234641,0.0,-260.4827965179543,2509.3152386487295
2025-08-25T04:45:00Z,2025-08-25T05:00:00Z,2025-08-25,2025-08-25_7,95.00000000000003,5,100,0,107.49702766956523,82.04909953913044,0.07077583369565218,0.00047499999999999994,0.341,True,True,True,False,2678.287500000001,0.0,6.1311702443367295,85.37936492234641,0.054535582154515774,-23.390528835690972,2746.4620419131475
2025-08-25T05:00:00Z,2025-08-25T05:15:00Z,2025-08-25,2025-08-25_8,51.0,0,51,49,82.04909953913044,68.25193649565219,0.03832545289855073,0.0,0.05661000000000001,True,True,True,False,1552.3125,458.0571767731724,0.0,42.78672470076169,0.0,-4.350060462953804,2048.8063410109803
2025-08-25T05:15:00Z,2025-08-25T05:30:00Z,2025-08-25,2025-08-25_8,51.0,0,51,49,68.25193649565219,57.32934410434784,0.03034053442028986,0.0,2.701215,True,True,True,False,1552.3125,458.0571767731724,0.0,42.78672470076169,0.0,-59.367409619151246,1993.7889918547828
2025-08-25T05:30:00Z,2025-08-25T05:45:00Z,2025-08-25,2025-08-25_8,51.0,0,51,49,57.32934410434784,47.44255062608697,0.027463315217391305,0.0,3.6541500000000005,True,True,True,False,1552.3125,458.0571767731724,0.0,42.78672470076169,0.0,-142.51438032446336,1910.6420211494708
2025-08-25T05:45:00Z,2025-08-25T06:00:00Z,2025-08-25,2025-08-25_8,51.0,0,51,49,47.44255062608697,37.274425626086966,0.028244791666666665,0.0,3.3953249999999997,True,True,True,False,1552.3125,458.0571767731724,0.0,42.78672470076169,0.0,-98.44662381046591,1954.7097776634682
2025-08-25T06:00:00Z,2025-08-25T06:15:00Z,2025-08-25,2025-08-25_9,26.933312586462808,73,100,0,37.274425626086966,33.6985898504826,0.0244340166793801,0.00365,3.8830000000000005,True,True,True,False,727.6034395232928,0.0,69.82263329706201,90.12760906123258,0.4595627658522109,327.3158890097933,1215.329133657233
2025-08-25T06:15:00Z,2025-08-25T06:30:00Z,2025-08-25,2025-08-25_9,26.933312586462808,73,100,0,33.6985898504826,30.614994728655628,0.024956348436929003,0.0,4.389,True,True,True,False,727.6034395232928,0.0,69.82263329706201,90.12760906123258,0.0,70.7432644178455,958.2969462994329
2025-08-25T06:30:00Z,2025-08-25T06:45:00Z,2025-08-25,2025-08-25_9,26.933312586462808,73,100,0,30.614994728655628,29.116357776022287,0.02668763526420205,0.0,6.0315,True,True,True,False,727.6034395232928,0.0,69.82263329706201,90.12760906123258,0.0,3031.3928793154614,3918.9465611970486
2025-08-25T06:45:00Z,2025-08-25T07:00:00Z,2025-08-25,2025-08-25_9,26.933312586462808,73,100,0,29.116357776022287,35.77892856521852,0.03560231309778608,0.0,14.489000000000003,True,True,True,False,727.6034395232928,0.0,69.82263329706201,90.12760906123258,0.0,11132.330546443765,12019.884228325353
2025-08-25T07:00:00Z,2025-08-25T07:15:00Z,2025-08-25,2025-08-25_10,7.0,47,54,46,35.77892856521852,35.70494137391417,0.00917902108695652,0.06556500000000001,2.01717,True,True,True,False,160.9475,430.0128598278761,31.020278959343155,105.55880898209517,8.706790728064105,-68.05379646849342,668.1924420288851
2025-08-25T07:15:00Z,2025-08-25T07:30:00Z,2025-08-25,2025-08-25_10,7.0,47,54,46,35.70494137391417,35.00000000000112,0.007614202705314009,0.0,1.2714299999999998,True,True,True,False,160.9475,430.0128598278761,31.020278959343155,105.55880898209517,0.0,-35.14876976159857,692.3906780077159
2025-08-25T07:30:00Z,2025-08-25T07:45:00Z,2025-08-25,2025-08-25_10,7.0,47,54,46,35.00000000000112,35.352965739131555,0.009673395169082125,0.0,2.3949,True,True,True,False,160.9475,430.0128598278761,31.020278959343155,105.55880898209517,0.0,-35.18126815708774,692.3581796122266
2025-08-25T07:45:00Z,2025-08-25T08:00:00Z,2025-08-25,2025-08-25_10,7.0,47,54,46,35.352965739131555,36.75926220869677,0.011723679806763285,0.0,3.5135099999999997,True,True,True,False,160.9475,430.0128598278761,31.020278959343155,105.55880898209517,0.0,-42.6494027203482,684.8900450489663
2025-08-25T08:00:00Z,2025-08-25T08:15:00Z,2025-08-25,2025-08-25_11,0.0017308320000261784,0,0,49,36.75926220869677,36.758791873914156,1.306485507266137e-06,0.0,0.0,True,False,True,False,0.028922202720437443,458.0571767731724,0.0,0.0,0.0,0.0,458.0860989758928
2025-08-25T08:15:00Z,2025-08-25T08:30:00Z,2025-08-25,2025-08-25_11,0.0017308320000261784,0,0,49,36.758791873914156,36.75832153913154,1.306485507266137e-06,0.0,0.0,True,False,True,False,0.028922202720437443,458.0571767731724,0.0,0.0,0.0,0.0,458.0860989758928
2025-08-25T08:30:00Z,2025-08-25T08:45:00Z,2025-08-25,2025-08-25_11,0.0017308320000261784,0,0,49,36.75832153913154,36.75785120434893,1.306485507266137e-06,0.0,0.0,True,False,True,False,0.028922202720437443,458.0571767731724,0.0,0.0,0.0,0.0,458.0860989758928
2025-08-25T08:45:00Z,2025-08-25T09:00:00Z,2025-08-25,2025-08-25_11,0.0017308320000261784,0,0,49,36.75785120434893,36.75738086956632,1.306485507266137e-06,0.0,0.0,True,False,True,False,0.028922202720437443,458.0571767731724,0.0,0.0,0.0,0.0,458.0860989758928
2025-08-25T09:00:00Z,2025-08-25T09:15:00Z,2025-08-25,2025-08-25_12,0.0,100,100,0,36.75738086956632,40.339150434783704,0.009958417874396136,0.0015,3.895,True,True,True,False,0.0,0.0,65.73350479770501,225.42289049361952,0.1632208922742111,1462.7645721634185,1754.0841883470173
2025-08-25T09:15:00Z,2025-08-25T09:30:00Z,2025-08-25,2025-08-25_12,0.0,100,100,0,40.339150434783704,42.6184504347837,0.006331388888888889,0.0,2.4775,True,True,True,False,0.0,0.0,65.73350479770501,225.42289049361952,0.0,-29.209943119992086,261.94645217133245
2025-08-25T09:30:00Z,2025-08-25T09:45:00Z,2025-08-25,2025-08-25_12,0.0,100,100,0,42.6184504347837,45.292430434783704,0.007427722222222222,0.0,2.9065,True,True,True,False,0.0,0.0,65.73350479770501,225.42289049361952,0.0,-30.45830289840736,260.69809239291715
2025-08-25T09:45:00Z,2025-08-25T10:00:00Z,2025-08-25,2025-08-25_12,0.0,100,100,0,45.292430434783704,57.810410434783705,0.034772166666666667,0.0,13.606499999999999,True,True,True,False,0.0,0.0,65.73350479770501,225.42289049361952,0.0,10328.847726184587,10620.004121475911
2025-08-25T10:00:00Z,2025-08-25T10:15:00Z,2025-08-25,2025-08-25_13,-51.0,0,0,49,57.810410434783705,69.54041043478371,0.03258333333333333,0.0,0.0,True,False,True,False,-127.5,458.0571767731724,0.0,0.0,0.0,0.0,330.5571767731724
2025-08-25T10:15:00Z,2025-08-25T10:30:00Z,2025-08-25,2025-08-25_13,-51.0,0,0,49,69.54041043478371,81.27041043478371,0.03258333333333333,0.0,0.0,True,False,True,False,-127.5,458.0571767731724,0.0,0.0,0.0,0.0,330.5571767731724
2025-08-25T10:30:00Z,2025-08-25T10:45:00Z,2025-08-25,2025-08-25_13,-51.0,0,0,49,81.27041043478371,93.00041043478372,0.03258333333333333,0.0,0.0,True,False,True,False,-127.5,458.0571767731724,0.0,0.0,0.0,0.0,330.5571767731724
2025-08-25T10:45:00Z,2025-08-25T11:00:00Z,2025-08-25,2025-08-25_13,-51.0,0,0,49,93.00041043478372,104.73041043478372,0.03258333333333333,0.0,0.0,True,False,True,False,-127.5,458.0571767731724,0.0,0.0,0.0,0.0,330.5571767731724
2025-08-25T11:00:00Z,2025-08-25T11:15:00Z,2025-08-25,2025-08-25_14,0.0,100,100,0,104.73041043478372,110.03350000000111,0.014739862318840582,0.0015,5.766,True,True,True,False,0.0,0.0,66.00059353051735,225.1558017608072,0.1409634978731823,2997.0206679196754,3288.3180267088733
2025-08-25T11:15:00Z,2025-08-25T11:30:00Z,2025-08-25,2025-08-25_14,0.0,100,100,0,110.03350000000111,112.20374608695762,0.006179427536231885,0.025,2.3885,True,True,True,False,0.0,0.0,66.00059353051735,225.1558017608072,2.349391631219705,-50.398791275101395,243.10699564744286
2025-08-25T11:30:00Z,2025-08-25T11:45:00Z,2025-08-25,2025-08-25_14,0.0,100,100,0,112.20374608695762,112.20753913043588,0.0005721304347826087,0.093,0.11399999999999999,True,True,True,False,0.0,0.0,66.00059353051735,225.1558017608072,8.739736868137303,-7.173801562963694,292.7223305964982
2025-08-25T11:45:00Z,2025-08-25T12:00:00Z,2025-08-25,2025-08-25_14,0.0,100,100,0,112.20753913043588,115.81378086956632,0.01018943961352657,0.028499999999999998,3.9535,True,True,True,False,0.0,0.0,66.00059353051735,225.1558017608072,2.6783064595904635,2131.3170277970125,2425.1517295479275
2025-08-25T12:00:00Z,2025-08-25T12:15:00Z,2025-08-25,2025-08-25_15,0.0,100,100,0,115.81378086956632,134.72070086956631,0.052519222222222224,0.0,20.551,True,True,True,False,0.0,0.0,66.00059353051735,225.9867444851123,0.0,20325.965635176577,20617.95297319221
2025-08-25T12:15:00Z,2025-08-25T12:30:00Z,2025-08-25,2025-08-25_15,0.0,100,100,0,134.72070086956631,138.58721391304456,0.010815797101449276,0.0125,4.2175,True,True,True,False,0.0,0.0,66.00059353051735,225.9867444851123,1.1746958156098526,2011.995735483233,2305.1577693144723
2025-08-25T12:30:00Z,2025-08-25T12:45:00Z,2025-08-25,2025-08-25_15,0.0,100,100,0,138.58721391304456,138.93435391304456,0.0011031666666666666,0.023,0.40449999999999997,True,True,True,False,0.0,0.0,66.00059353051735,225.9867444851123,2.161440300722129,-19.201685824512808,274.947092491839
2025-08-25T12:45:00Z,2025-08-25T13:00:00Z,2025-08-25,2025-08-25_15,0.0,100,100,0,138.93435391304456,141.89123391304457,0.008213555555555557,0.0,3.2140000000000004,True,True,True,False,0.0,0.0,66.00059353051735,225.9867444851123,0.0,-31.5333809476704,260.45395706795927
2025-08-25T13:00:00Z,2025-08-25T13:15:00Z,2025-08-25,2025-08-25_16,0.0,100,100,0,141.89123391304457,155.7551739130446,0.038510944444444445,0.0,15.0695,True,True,True,False,0.0,0.0,66.00059353051735,225.9867444851123,0.0,14400.03198417252,14692.019322188149
2025-08-25T13:15:00Z,2025-08-25T13:30:00Z,2025-08-25,2025-08-25_16,0.0,100,100,0,155.7551739130446,162.1519339130446,0.017768777777777783,0.0,6.953000000000001,True,True,True,False,0.0,0.0,66.00059353051735,225.9867444851123,0.0,789.4492187159958,1081.4365567316254
2025-08-25T13:30:00Z,2025-08-25T13:45:00Z,2025-08-25,2025-08-25_16,0.0,100,100,0,162.1519339130446,166.5260739130446,0.012150388888888891,0.0,4.7545,True,True,True,False,0.0,0.0,66.00059353051735,225.9867444851123,0.0,127.55737006627758,419.54470808190723
2025-08-25T13:45:00Z,2025-08-25T14:00:00Z,2025-08-25,2025-08-25_16,0.0,100,100,0,166.5260739130446,167.46000000000112,0.0026063164251207732,0.002,1.0175,True,True,True,False,0.0,0.0,66.00059353051735,225.9867444851123,0.18795133049757642,-31.949238302502724,260.2260510436245
2025-08-25T14:00:00Z,2025-08-25T14:15:00Z,2025-08-25,2025-08-25_17,2.1827872842550268e-15,0,0,49,167.46000000000112,167.46000000000112,1.6476353292987824e-18,0.0,0.0,True,False,True,False,3.690001904033123e-14,458.0571767731724,0.0,0.0,0.0,0.0,458.05717677317244
2025-08-25T14:15:00Z,2025-08-25T14:30:00Z,2025-08-25,2025-08-25_17,2.1827872842550268e-15,0,0,49,167.46000000000112,167.46000000000112,1.6476353292987824e-18,0.0,0.0,True,False,True,False,3.690001904033123e-14,458.0571767731724,0.0,0.0,0.0,0.0,458.05717677317244
2025-08-25T14:30:00Z,2025-08-25T14:45:00Z,2025-08-25,2025-08-25_17,2.1827872842550268e-15,0,0,49,167.46000000000112,167.46000000000112,1.6476353292987824e-18,0.0,0.0,True,False,True,False,3.690001904033123e-14,458.0571767731724,0.0,0.0,0.0,0.0,458.05717677317244
2025-08-25T14:45:00Z,2025-08-25T15:00:00Z,2025-08-25,2025-08-25_17,2.1827872842550268e-15,0,0,49,167.46000000000112,167.46000000000112,1.6476353292987824e-18,0.0,0.0,True,False,True,False,3.690001904033123e-14,458.0571767731724,0.0,0.0,0.0,0.0,458.05717677317244
2025-08-25T15:00:00Z,2025-08-25T15:15:00Z,2025-08-25,2025-08-25_18,42.94661583572001,57,100,0,167.46000000000112,172.3873474263766,0.03511759309008115,0.0,16.7365,True,True,True,False,963.5073262743783,0.0,31.97052131763774,89.71213769908002,0.0,9416.899587595213,10502.089572886309
2025-08-25T15:15:00Z,2025-08-25T15:30:00Z,2025-08-25,2025-08-25_18,42.94661583572001,57,100,0,172.3873474263766,164.83908147862195,0.033088016520236456,0.0,4.1565,True,True,True,False,963.5073262743783,0.0,31.97052131763774,89.71213769908002,0.0,-124.03384142843012,961.156143862666
2025-08-25T15:30:00Z,2025-08-25T15:45:00Z,2025-08-25,2025-08-25_18,42.94661583572001,57,100,0,164.83908147862195,164.29421629780742,0.03422735433710794,0.0,11.2185,True,True,True,False,963.5073262743783,0.0,31.97052131763774,89.71213769908002,0.0,606.5447544762093,1691.7347397673054
2025-08-25T15:45:00Z,2025-08-25T16:00:00Z,2025-08-25,2025-08-25_18,42.94661583572001,57,100,0,164.29421629780742,153.63872699375133,0.03596288640368123,1.0576349999999999,2.1825,True,True,True,False,963.5073262743783,0.0,31.97052131763774,89.71213769908002,138.14414271738053,-83.23725541596598,1140.0968725925106
2025-08-25T16:00:00Z,2025-08-25T16:15:00Z,2025-08-25,2025-08-25_19,-0.8313809731192066,21,20,79,153.63872699375133,153.59649792660625,0.0012455403141549454,0.23499,0.0222,True,True,True,False,-23.27243189003939,738.5003462261351,22.672272232663964,18.025521812246517,28.22734562469087,-1.3443462657038283,782.8087077399932
2025-08-25T16:15:00Z,2025-08-25T16:30:00Z,2025-08-25,2025-08-25_19,-0.8313809731192066,21,20,79,153.59649792660625,152.96201190452734,0.0026701287398974574,0.764295,0.0,True,True,True,False,-23.27243189003939,738.5003462261351,22.672272232663964,18.025521812246517,92.45028449896131,0.0,848.3759928799675
2025-08-25T16:30:00Z,2025-08-25T16:45:00Z,2025-08-25,2025-08-25_19,-0.8313809731192066,21,20,79,152.96201190452734,152.829979533443,0.001385818460736904,0.30219,0.0035000000000000005,True,True,True,False,-23.27243189003939,738.5003462261351,22.672272232663964,18.025521812246517,34.11144873676922,-0.2700563853991493,789.7671007323762
2025-08-25T16:45:00Z,2025-08-25T17:00:00Z,2025-08-25,2025-08-25_19,-0.8313809731192066,21,20,79,152.829979533443,151.9934632608707,0.0031934840370436753,0.9513,0.0,True,True,True,False,-23.27243189003939,738.5003462261351,22.672272232663964,18.025521812246517,168.06118065090513,0.0,923.9868890319113
2025-08-25T17:00:00Z,2025-08-25T17:15:00Z,2025-08-25,2025-08-25_20,21.0,0,21,79,151.9934632608707,146.28694152174026,0.015851449275362316,0.0,0.0,True,True,True,False,809.3924999999999,738.5003462261351,0.0,17.823721436343853,0.0,0.0,1565.7165676624788
2025-08-25T17:15:00Z,2025-08-25T17:30:00Z,2025-08-25,2025-08-25_20,21.0,0,21,79,146.28694152174026,140.58041978260982,0.01585144927536232,0.0,0.0,True,True,True,False,809.3924999999999,738.5003462261351,0.0,17.823721436343853,0.0,0.0,1565.7165676624788
2025-08-25T17:30:00Z,2025-08-25T17:45:00Z,2025-08-25,2025-08-25_20,21.0,0,21,79,140.58041978260982,134.87389804347941,0.015851449275362316,0.0,0.0,True,True,True,False,809.3924999999999,738.5003462261351,0.0,17.823721436343853,0.0,0.0,1565.7165676624788
2025-08-25T17:45:00Z,2025-08-25T18:00:00Z,2025-08-25,2025-08-25_20,21.0,0,21,79,134.87389804347941,129.16737630434898,0.015851449275362316,0.0,0.0,True,True,True,False,809.3924999999999,738.5003462261351,0.0,17.823721436343853,0.0,0.0,1565.7165676624788
2025-08-25T18:00:00Z,2025-08-25T18:15:00Z,2025-08-25,2025-08-25_21,100.0,0,100,0,129.16737630434898,101.99346326087071,0.07548309178743962,0.0,0.0,True,True,True,False,5497.75,0.0,0.0,83.8955386289445,0.0,0.0,5581.645538628944
2025-08-25T18:15:00Z,2025-08-25T18:30:00Z,2025-08-25,2025-08-25_21,100.0,0,100,0,101.99346326087071,74.8456371739142,0.07541062801932367,0.0,0.024,True,True,True,False,5497.75,0.0,0.0,83.8955386289445,0.0,-1.843899891186072,5579.801638737758
2025-08-25T18:30:00Z,2025-08-25T18:45:00Z,2025-08-25,2025-08-25_21,100.0,0,100,0,74.8456371739142,47.77933282608811,0.07518417874396136,0.0,0.099,True,True,True,False,5497.75,0.0,0.0,83.8955386289445,0.0,-7.547738846572362,5574.097799782372
2025-08-25T18:45:00Z,2025-08-25T19:00:00Z,2025-08-25,2025-08-25_21,100.0,0,100,0,47.77933282608811,24.228789347827234,0.06541817632850241,0.0,3.3334999999999995,True,True,True,False,5497.75,0.0,0.0,83.8955386289445,0.0,-119.21788396478384,5462.42765466416
2025-08-25T19:00:00Z,2025-08-25T19:15:00Z,2025-08-25,2025-08-25_22,35.0,65,100,0,24.228789347827234,16.837699869566364,0.027749992995169084,0.005849999999999999,2.173,True,True,True,False,1196.0375,0.0,70.48471658917796,85.37936492234641,0.6249876347808883,-70.61594381244436,1281.9106253338607
2025-08-25T19:15:00Z,2025-08-25T19:30:00Z,2025-08-25,2025-08-25_22,35.0,65,100,0,16.837699869566364,10.00000000000115,0.02815297741545893,0.022425000000000004,2.757,True,True,True,False,1196.0375,0.0,70.48471658917796,85.37936492234641,2.4774467405282423,-119.89472727272727,1234.4843009793253
2025-08-25T19:30:00Z,2025-08-25T19:45:00Z,2025-08-25,2025-08-25_22,35.0,65,100,0,10.00000000000115,10.46769756521854,0.03258252342995169,0.0,10.1985,True,True,True,False,1196.0375,0.0,70.48471658917796,85.37936492234641,0.0,-374.6821356217232,977.2194458898011
2025-08-25T19:45:00Z,2025-08-25T20:00:00Z,2025-08-25,2025-08-25_22,35.0,65,100,0,10.46769756521854,19.254536869566365,0.037720990821256045,0.0,18.701,True,True,True,False,1196.0375,0.0,70.48471658917796,85.37936492234641,0.0,4116.332626570383,5468.234208081907
2025-08-25T20:00:00Z,2025-08-25T20:15:00Z,2025-08-25,2025-08-25_23,5.6810784521632405,77,83,17,19.254536869566365,20.938717808764167,0.011826646156504833,0.0007700000000000001,3.4664949999999997,True,True,True,False,163.3878162842148,158.91779602334552,55.93906420021763,74.80591552082304,0.0822633297062024,-76.84926911267188,376.2835862456353
2025-08-25T20:15:00Z,2025-08-25T20:30:00Z,2025-08-25,2025-08-25_23,5.6810784521632405,77,83,17,20.938717808764167,19.3457368666127,0.004750975180725239,0.10395,0.068475,True,True,True,False,163.3878162842148,158.91779602334552,55.93906420021763,74.80591552082304,13.210112840043525,-5.251434385201305,461.00927048344323
2025-08-25T20:30:00Z,2025-08-25T20:45:00Z,2025-08-25,2025-08-25_23,5.6810784521632405,77,83,17,19.3457368666127,19.239130434783764,0.007642629263126723,0.0,1.54297,True,True,True,False,163.3878162842148,158.91779602334552,55.93906420021763,74.80591552082304,0.0,-89.21141473340586,363.8391772951951
2025-08-25T20:45:00Z,2025-08-25T21:00:00Z,2025-08-25,2025-08-25_23,5.6810784521632405,77,83,17,19.239130434783764,21.712694960103924,0.013664807082858832,0.0,4.313095000000001,True,True,True,False,163.3878162842148,158.91779602334552,55.93906420021763,74.80591552082304,0.0,-183.28499122465132,269.76560080394967
2025-08-25T21:00:00Z,2025-08-25T21:15:00Z,2025-08-26,2025-08-25_24,-44.938816642900946,79,34,21,21.712694960103924,32.53924958797114,0.030073762855186717,0.0,0.53329,True,True,True,False,-1181.3291425002587,232.17218385801067,53.22523199905024,23.542808524110093,0.0,-28.903855820257622,-901.2927739393454
2025-08-25T21:15:00Z,2025-08-25T21:30:00Z,2025-08-26,2025-08-25_24,-44.938816642900946,79,34,21,32.53924958797114,42.75417317185297,0.028699767622523267,0.12482,0.00306,True,True,True,False,-1181.3291425002587,232.17218385801067,53.22523199905024,23.542808524110093,15.95475177585627,-0.2446110924236728,-856.6787774356551
2025-08-25T21:30:00Z,2025-08-25T21:45:00Z,2025-08-26,2025-08-25_24,-44.938816642900946,79,34,21,42.75417317185297,52.89888616217311,0.028681625983928673,0.19276,0.0,True,True,True,False,-1181.3291425002587,232.17218385801067,53.22523199905024,23.542808524110093,24.63898375511981,0.0,-847.7499343639679
2025-08-25T21:45:00Z,2025-08-25T22:00:00Z,2025-08-26,2025-08-25_24,-44.938816642900946,79,34,21,52.89888616217311,64.34782608695653,0.03190956630885304,0.04108,1.2540900000000001,True,True,True,False,-1181.3291425002587,232.17218385801067,53.22523199905024,23.542808524110093,5.250930964205861,-32.35239043510952,-899.4903775899915
2025-08-25T22:00:00Z,2025-08-25T22:15:00Z,2025-08-26,2025-08-26_1,0.0,0,0,100,64.34782608695653,64.34782608695653,0.0,0.0,0.0,True,True,True,False,0.0,1105.5818278952888,0.0,0.0,0.0,0.0,1105.5818278952888
2025-08-25T22:15:00Z,2025-08-25T22:30:00Z,2025-08-26,2025-08-26_1,0.0,0,0,100,64.34782608695653,64.34782608695653,0.0,0.0,0.0,True,True,True,False,0.0,1105.5818278952888,0.0,0.0,0.0,0.0,1105.5818278952888
2025-08-25T22:30:00Z,2025-08-25T22:45:00Z,2025-08-26,2025-08-26_1,0.0,0,0,100,64.34782608695653,64.34782608695653,0.0,0.0,0.0,True,True,True,False,0.0,1105.5818278952888,0.0,0.0,0.0,0.0,1105.5818278952888
2025-08-25T22:45:00Z,2025-08-25T23:00:00Z,2025-08-26,2025-08-26_1,0.0,0,0,100,64.34782608695653,64.34782608695653,0.0,0.0,0.0,True,True,True,False,0.0,1105.5818278952888,0.0,0.0,0.0,0.0,1105.5818278952888
2025-08-25T23:00:00Z,2025-08-25T23:15:00Z,2025-08-26,2025-08-26_2,0.0,0,0,100,64.34782608695653,64.34782608695653,0.0,0.0,0.0,True,True,True,False,0.0,1105.5818278952888,0.0,0.0,0.0,0.0,1105.5818278952888
2025-08-25T23:15:00Z,2025-08-25T23:30:00Z,2025-08-26,2025-08-26_2,0.0,0,0,100,64.34782608695653,64.34782608695653,0.0,0.0,0.0,True,True,True,False,0.0,1105.5818278952888,0.0,0.0,0.0,0.0,1105.5818278952888
2025-08-25T23:30:00Z,2025-08-25T23:45:00Z,2025-08-26,2025-08-26_2,0.0,0,0,100,64.34782608695653,64.34782608695653,0.0,0.0,0.0,True,True,True,False,0.0,1105.5818278952888,0.0,0.0,0.0,0.0,1105.5818278952888
2025-08-25T23:45:00Z,2025-08-26T00:00:00Z,2025-08-26,2025-08-26_2,0.0,0,0,100,64.34782608695653,64.34782608695653,0.0,0.0,0.0,True,True,True,False,0.0,1105.5818278952888,0.0,0.0,0.0,0.0,1105.5818278952888
2025-08-26T00:00:00Z,2025-08-26T00:15:00Z,2025-08-26,2025-08-26_3,0.0,0,0,100,64.34782608695653,64.34782608695653,0.0,0.0,0.0,True,True,True,False,0.0,1105.5818278952888,0.0,0.0,0.0,0.0,1105.5818278952888
2025-08-26T00:15:00Z,2025-08-26T00:30:00Z,2025-08-26,2025-08-26_3,0.0,0,0,100,64.34782608695653,64.34782608695653,0.0,0.0,0.0,True,True,True,False,0.0,1105.5818278952888,0.0,0.0,0.0,0.0,1105.5818278952888
2025-08-26T00:30:00Z,2025-08-26T00:45:00Z,2025-08-26,2025-08-26_3,0.0,0,0,100,64.34782608695653,64.34782608695653,0.0,0.0,0.0,True,True,True,False,0.0,1105.5818278952888,0.0,0.0,0.0,0.0,1105.5818278952888
2025-08-26T00:45:00Z,2025-08-26T01:00:00Z,2025-08-26,2025-08-26_3,0.0,0,0,100,64.34782608695653,64.34782608695653,0.0,0.0,0.0,True,True,True,False,0.0,1105.5818278952888,0.0,0.0,0.0,0.0,1105.5818278952888
2025-08-26T01:00:00Z,2025-08-26T01:15:00Z,2025-08-26,2025-08-26_4,0.0,0,0,100,64.34782608695653,64.34782608695653,0.0,0.0,0.0,True,True,True,False,0.0,1105.5818278952888,0.0,0.0,0.0,0.0,1105.5818278952888
2025-08-26T01:15:00Z,2025-08-26T01:30:00Z,2025-08-26,2025-08-26_4,0.0,0,0,100,64.34782608695653,64.34782608695653,0.0,0.0,0.0,True,True,True,False,0.0,1105.5818278952888,0.0,0.0,0.0,0.0,1105.5818278952888
2025-08-26T01:30:00Z,2025-08-26T01:45:00Z,2025-08-26,2025-08-26_4,0.0,0,0,100,64.34782608695653,64.34782608695653,0.0,0.0,0.0,True,True,True,False,0.0,1105.5818278952888,0.0,0.0,0.0,0.0,1105.5818278952888
2025-08-26T01:45:00Z,2025-08-26T02:00:00Z,2025-08-26,2025-08-26_4,0.0,0,0,100,64.34782608695653,64.34782608695653,0.0,0.0,0.0,True,True,True,False,0.0,1105.5818278952888,0.0,0.0,0.0,0.0,1105.5818278952888
2025-08-26T02:00:00Z,2025-08-26T02:15:00Z,2025-08-26,2025-08-26_5,0.0,0,0,100,64.34782608695653,64.34782608695653,0.0,0.0,0.0,True,True,True,False,0.0,1105.5818278952888,0.0,0.0,0.0,0.0,1105.5818278952888
2025-08-26T02:15:00Z,2025-08-26T02:30:00Z,2025-08-26,2025-08-26_5,0.0,0,0,100,64.34782608695653,64.34782608695653,0.0,0.0,0.0,True,True,True,False,0.0,1105.5818278952888,0.0,0.0,0.0,0.0,1105.5818278952888
2025-08-26T02:30:00Z,2025-08-26T02:45:00Z,2025-08-26,2025-08-26_5,0.0,0,0,100,64.34782608695653,64.34782608695653,0.0,0.0,0.0,True,True,True,False,0.0,1105.5818278952888,0.0,0.0,0.0,0.0,1105.5818278952888
2025-08-26T02:45:00Z,2025-08-26T03:00:00Z,2025-08-26,2025-08-26_5,0.0,0,0,100,64.34782608695653,64.34782608695653,0.0,0.0,0.0,True,True,True,False,0.0,1105.5818278952888,0.0,0.0,0.0,0.0,1105.5818278952888
2025-08-26T03:00:00Z,2025-08-26T03:15:00Z,2025-08-26,2025-08-26_6,0.0,0,0,100,64.34782608695653,64.34782608695653,0.0,0.0,0.0,True,True,True,False,0.0,1105.5818278952888,0.0,0.0,0.0,0.0,1105.5818278952888
2025-08-26T03:15:00Z,2025-08-26T03:30:00Z,2025-08-26,2025-08-26_6,0.0,0,0,100,64.34782608695653,64.34782608695653,0.0,0.0,0.0,True,True,True,False,0.0,1105.5818278952888,0.0,0.0,0.0,0.0,1105.5818278952888
2025-08-26T03:30:00Z,2025-08-26T03:45:00Z,2025-08-26,2025-08-26_6,0.0,0,0,100,64.34782608695653,64.34782608695653,0.0,0.0,0.0,True,True,True,False,0.0,1105.5818278952888,0.0,0.0,0.0,0.0,1105.5818278952888
2025-08-26T03:45:00Z,2025-08-26T04:00:00Z,2025-08-26,2025-08-26_6,0.0,0,0,100,64.34782608695653,64.34782608695653,0.0,0.0,0.0,True,True,True,False,0.0,1105.5818278952888,0.0,0.0,0.0,0.0,1105.5818278952888
2025-08-26T04:00:00Z,2025-08-26T04:15:00Z,2025-08-26,2025-08-26_7,0.0,0,0,100,64.34782608695653,64.34782608695653,0.0,0.0,0.0,True,True,True,False,0.0,1105.5818278952888,0.0,0.0,0.0,0.0,1105.5818278952888
2025-08-26T04:15:00Z,2025-08-26T04:30:00Z,2025-08-26,2025-08-26_7,0.0,0,0,100,64.34782608695653,64.34782608695653,0.0,0.0,0.0,True,True,True,False,0.0,1105.5818278952888,0.0,0.0,0.0,0.0,1105.5818278952888
2025-08-26T04:30:00Z,2025-08-26T04:45:00Z,2025-08-26,2025-08-26_7,0.0,0,0,100,64.34782608695653,64.34782608695653,0.0,0.0,0.0,True,True,True,False,0.0,1105.5818278952888,0.0,0.0,0.0,0.0,1105.5818278952888
2025-08-26T04:45:00Z,2025-08-26T05:00:00Z,2025-08-26,2025-08-26_7,0.0,0,0,100,64.34782608695653,64.34782608695653,0.0,0.0,0.0,True,True,True,False,0.0,1105.5818278952888,0.0,0.0,0.0,0.0,1105.5818278952888
2025-08-26T05:00:00Z,2025-08-26T05:15:00Z,2025-08-26,2025-08-26_8,1.499999999999999,0,0,97,64.34782608695653,63.94021739130436,0.0011322463768115934,0.0,0.0,True,False,True,False,45.32999999999996,1072.41437305843,0.0,0.0,0.0,0.0,1117.74437305843
2025-08-26T05:15:00Z,2025-08-26T05:30:00Z,2025-08-26,2025-08-26_8,1.499999999999999,0,0,97,63.94021739130436,63.532608695652186,0.0011322463768115934,0.0,0.0,True,False,True,False,45.32999999999996,1072.41437305843,0.0,0.0,0.0,0.0,1117.74437305843
2025-08-26T05:30:00Z,2025-08-26T05:45:00Z,2025-08-26,2025-08-26_8,1.499999999999999,0,0,97,63.532608695652186,63.125000000000014,0.0011322463768115934,0.0,0.0,True,False,True,False,45.32999999999996,1072.41437305843,0.0,0.0,0.0,0.0,1117.74437305843
2025-08-26T05:45:00Z,2025-08-26T06:00:00Z,2025-08-26,2025-08-26_8,1.499999999999999,0,0,97,63.125000000000014,62.71739130434784,0.0011322463768115934,0.0,0.0,True,False,True,False,45.32999999999996,1072.41437305843,0.0,0.0,0.0,0.0,1117.74437305843
2025-08-26T06:00:00Z,2025-08-26T06:15:00Z,2025-08-26,2025-08-26_9,83.0,17,100,0,62.71739130434784,53.81123693913045,0.03594190212560386,0.0,12.893000000000002,True,True,True,False,2200.9525,0.0,16.282178119867826,92.60175310156514,0.0,8149.5015449454895,10459.337976166922
2025-08-26T06:15:00Z,2025-08-26T06:30:00Z,2025-08-26,2025-08-26_9,83.0,17,100,0,53.81123693913045,49.99205951304349,0.02598685618357488,0.0,17.6985,True,True,True,False,2200.9525,0.0,16.282178119867826,92.60175310156514,0.0,15618.32479026099,17928.161221482424
2025-08-26T06:30:00Z,2025-08-26T06:45:00Z,2025-08-26,2025-08-26_9,83.0,17,100,0,49.99205951304349,46.374011130434795,0.025593253285024153,0.0,17.8885,True,True,True,False,2200.9525,0.0,16.282178119867826,92.60175310156514,0.0,17694.1790498427,20004.015481064132
2025-08-26T06:45:00Z,2025-08-26T07:00:00Z,2025-08-26,2025-08-26_9,83.0,17,100,0,46.374011130434795,47.821768208695666,0.015679639227053142,0.0,22.674,True,True,True,False,2200.9525,0.0,16.282178119867826,92.60175310156514,0.0,23694.09446209858,26003.930893320012
2025-08-26T07:00:00Z,2025-08-26T07:15:00Z,2025-08-26,2025-08-26_10,-11.464996748582262,0,0,69,47.821768208695666,50.458717460869586,0.007324859033816446,0.0,0.0,True,False,True,False,-257.9624268431009,762.8514612477493,0.0,0.0,0.0,0.0,504.8890344046484
2025-08-26T07:15:00Z,2025-08-26T07:30:00Z,2025-08-26,2025-08-26_10,-11.464996748582262,0,0,69,50.458717460869586,53.09566671304351,0.007324859033816446,0.0,0.0,True,False,True,False,-257.9624268431009,762.8514612477493,0.0,0.0,0.0,0.0,504.8890344046484
2025-08-26T07:30:00Z,2025-08-26T07:45:00Z,2025-08-26,2025-08-26_10,-11.464996748582262,0,0,69,53.09566671304351,55.73261596521743,0.007324859033816446,0.0,0.0,True,False,True,False,-257.9624268431009,762.8514612477493,0.0,0.0,0.0,0.0,504.8890344046484
2025-08-26T07:45:00Z,2025-08-26T08:00:00Z,2025-08-26,2025-08-26_10,-11.464996748582262,0,0,69,55.73261596521743,58.36956521739135,0.007324859033816446,0.0,0.0,True,False,True,False,-257.9624268431009,762.8514612477493,0.0,0.0,0.0,0.0,504.8890344046484
2025-08-26T08:00:00Z,2025-08-26T08:15:00Z,2025-08-26,2025-08-26_11,-10.999999999999996,0,0,89,58.36956521739135,60.89956521739135,0.007027777777777776,0.0,0.0,True,False,True,False,-113.71249999999996,983.9678268268071,0.0,0.0,0.0,0.0,870.2553268268072
2025-08-26T08:15:00Z,2025-08-26T08:30:00Z,2025-08-26,2025-08-26_11,-10.999999999999996,0,0,89,60.89956521739135,63.42956521739135,0.007027777777777776,0.0,0.0,True,False,True,False,-113.71249999999996,983.9678268268071,0.0,0.0,0.0,0.0,870.2553268268072
2025-08-26T08:30:00Z,2025-08-26T08:45:00Z,2025-08-26,2025-08-26_11,-10.999999999999996,0,0,89,63.42956521739135,65.95956521739134,0.007027777777777776,0.0,0.0,True,False,True,False,-113.71249999999996,983.9678268268071,0.0,0.0,0.0,0.0,870.2553268268072
2025-08-26T08:45:00Z,2025-08-26T09:00:00Z,2025-08-26,2025-08-26_11,-10.999999999999996,0,0,89,65.95956521739134,68.48956521739134,0.007027777777777776,0.0,0.0,True,False,True,False,-113.71249999999996,983.9678268268071,0.0,0.0,0.0,0.0,870.2553268268072
2025-08-26T09:00:00Z,2025-08-26T09:15:00Z,2025-08-26,2025-08-26_12,0.0,100,100,0,68.48956521739134,84.15532521739135,0.043516,0.0,17.028,True,True,True,False,0.0,0.0,55.501691762797044,357.6445913057243,0.0,-0.04043135004649875,413.10585171847487
2025-08-26T09:15:00Z,2025-08-26T09:30:00Z,2025-08-26,2025-08-26_12,0.0,100,100,0,84.15532521739135,103.51810521739135,0.0537855,0.0,21.0465,True,True,True,False,0.0,0.0,55.501691762797044,357.6445913057243,0.0,-0.0,413.14628306852137
2025-08-26T09:30:00Z,2025-08-26T09:45:00Z,2025-08-26,2025-08-26_12,0.0,100,100,0,103.51810521739135,119.89870521739135,0.04550166666666667,0.0,17.805,True,True,True,False,0.0,0.0,55.501691762797044,357.6445913057243,0.0,-0.0,413.14628306852137
2025-08-26T09:45:00Z,2025-08-26T10:00:00Z,2025-08-26,2025-08-26_12,0.0,100,100,0,119.89870521739135,133.93928521739136,0.03900161111111111,0.0,15.2615,True,True,True,False,0.0,0.0,55.501691762797044,357.6445913057243,0.0,-0.12380963216525853,413.0224734363561
2025-08-26T10:00:00Z,2025-08-26T10:15:00Z,2025-08-26,2025-08-26_13,-11.0,11,0,89,133.93928521739136,136.46928521739136,0.007027777777777779,0.0,0.0,True,True,True,False,-44.0,983.9678268268071,6.092126872316429,0.0,0.0,0.0,946.0599536991235
2025-08-26T10:15:00Z,2025-08-26T10:30:00Z,2025-08-26,2025-08-26_13,-11.0,11,0,89,136.46928521739136,138.99928521739136,0.007027777777777778,0.0,0.0,True,True,True,False,-44.0,983.9678268268071,6.092126872316429,0.0,0.0,0.0,946.0599536991235
2025-08-26T10:30:00Z,2025-08-26T10:45:00Z,2025-08-26,2025-08-26_13,-11.0,11,0,89,138.99928521739136,141.52928521739136,0.007027777777777777,0.0,0.0,True,True,True,False,-44.0,983.9678268268071,6.092126872316429,0.0,0.0,0.0,946.0599536991235
2025-08-26T10:45:00Z,2025-08-26T11:00:00Z,2025-08-26,2025-08-26_13,-11.0,11,0,89,141.52928521739136,144.05928521739136,0.007027777777777778,0.0,0.0,True,True,True,False,-44.0,983.9678268268071,6.092126872316429,0.0,0.0,0.0,946.0599536991235
2025-08-26T11:00:00Z,2025-08-26T11:15:00Z,2025-08-26,2025-08-26_14,-3.0000000000001323,11,8,89,144.05928521739136,145.3252420173914,0.003516546666666751,0.0,0.62604,True,True,True,False,-19.71000000000087,983.9678268268071,6.092126872316429,28.611567304457942,0.0,-5.766271987969687,993.1952490156109
2025-08-26T11:15:00Z,2025-08-26T11:30:00Z,2025-08-26,2025-08-26_14,-3.0000000000001323,11,8,89,145.3252420173914,146.22264681739142,0.0024927911111111956,0.0,0.22544,True,True,True,False,-19.71000000000087,983.9678268268071,6.092126872316429,28.611567304457942,0.0,-7.507648477413483,991.4538725261672
2025-08-26T11:30:00Z,2025-08-26T11:45:00Z,2025-08-26,2025-08-26_14,-3.0000000000001323,11,8,89,146.22264681739142,146.94511658260882,0.0020075850966184425,0.000165,0.03548,True,True,True,False,-19.71000000000087,983.9678268268071,6.092126872316429,28.611567304457942,0.016160786719167375,-1.4005680682245394,997.5771137220753
2025-08-26T11:45:00Z,2025-08-26T12:00:00Z,2025-08-26,2025-08-26_14,-3.0000000000001323,11,8,89,146.94511658260882,148.26075338260884,0.0036545466666667516,0.0,0.6800400000000001,True,True,True,False,-19.71000000000087,983.9678268268071,6.092126872316429,28.611567304457942,0.0,-2.5380230079740405,996.4234979956066
2025-08-26T12:00:00Z,2025-08-26T12:15:00Z,2025-08-26,2025-08-26_15,0.0,100,100,0,148.26075338260884,169.29655338260883,0.05843277777777777,0.0,22.865,True,True,True,False,0.0,0.0,55.382971566513,358.0304319436475,0.0,5038.5521933556265,5451.965596865787
2025-08-26T12:15:00Z,2025-08-26T12:30:00Z,2025-08-26,2025-08-26_15,0.0,100,100,0,169.29655338260883,178.05541338260883,0.024330166666666667,0.0,9.5205,True,True,True,False,0.0,0.0,55.382971566513,358.0304319436475,0.0,-73.84090682443262,339.57249668572786
2025-08-26T12:30:00Z,2025-08-26T12:45:00Z,2025-08-26,2025-08-26_15,0.0,100,100,0,178.05541338260883,182.72441338260884,0.012969444444444447,0.0,5.075,True,True,True,False,0.0,0.0,55.382971566513,358.0304319436475,0.0,-57.07630245948674,356.33710105067377
2025-08-26T12:45:00Z,2025-08-26T13:00:00Z,2025-08-26,2025-08-26_15,0.0,100,100,0,182.72441338260884,183.0268055565219,0.0009335772946859902,0.0155,0.347,True,True,True,False,0.0,0.0,55.382971566513,358.0304319436475,1.4567957419022934,-18.235437384989808,396.634761867073
2025-08-26T13:00:00Z,2025-08-26T13:15:00Z,2025-08-26,2025-08-26_16,54.19779073854524,45,100,0,183.0268055565219,184.8994212975741,0.0332562672885997,0.0,16.428,True,True,True,False,999.5427556956205,0.0,24.922337204930848,339.6584815686895,0.0,9276.77675775144,10640.90033222068
2025-08-26T13:15:00Z,2025-08-26T13:30:00Z,2025-08-26,2025-08-26_16,54.19779073854524,45,100,0,184.8994212975741,174.40822645455984,0.03895685797183722,0.0,4.1925,True,True,True,False,999.5427556956205,0.0,24.922337204930848,339.6584815686895,0.0,-53.81172757672292,1310.311846892518
2025-08-26T13:30:00Z,2025-08-26T13:45:00Z,2025-08-26,2025-08-26_16,54.19779073854524,45,100,0,174.40822645455984,161.93950904908243,0.03986863566519636,0.0,2.2355,True,True,True,False,999.5427556956205,0.0,24.922337204930848,339.6584815686895,0.0,-81.91053532915176,1282.213039140089
2025-08-26T13:45:00Z,2025-08-26T14:00:00Z,2025-08-26,2025-08-26_16,54.19779073854524,45,100,0,161.93950904908243,147.71608140869583,0.04067768112483773,0.0,0.49899999999999994,True,True,True,False,999.5427556956205,0.0,24.922337204930848,339.6584815686895,0.0,-26.390552840380696,1337.7330216288601
2025-08-26T14:00:00Z,2025-08-26T14:15:00Z,2025-08-26,2025-08-26_17,7.484103979909972e-14,11,11,89,147.71608140869583,148.8092438086958,0.0030365622222222333,0.0,1.1882199999999998,True,True,True,False,1.6936527306536267e-12,983.9678268268071,6.160687785670473,8.978214843981876,0.0,-16.44896730445794,982.6577621520032
2025-08-26T14:15:00Z,2025-08-26T14:30:00Z,2025-08-26,2025-08-26_17,7.484103979909972e-14,11,11,89,148.8092438086958,148.89151960000012,0.00023219724637686467,0.000605,0.090145,True,True,True,False,1.6936527306536267e-12,983.9678268268071,6.160687785670473,8.978214843981876,0.05686202734521855,-4.103747716614892,995.0598437671915
2025-08-26T14:30:00Z,2025-08-26T14:45:00Z,2025-08-26,2025-08-26_17,7.484103979909972e-14,11,11,89,148.89151960000012,148.9006100000001,4.052888888894489e-05,0.00253,0.01287,True,True,True,False,1.6936527306536267e-12,983.9678268268071,6.160687785670473,8.978214843981876,0.2377866598072776,-0.9622463463859595,998.3822697698826
2025-08-26T14:45:00Z,2025-08-26T15:00:00Z,2025-08-26,2025-08-26_17,7.484103979909972e-14,11,11,89,148.9006100000001,149.05348369565226,0.00046085084541067794,0.005995,0.17325000000000002,True,True,True,False,1.6936527306536267e-12,983.9678268268071,6.160687785670473,8.978214843981876,0.5634509982389838,-7.20602623716338,992.4641542175368
2025-08-26T15:00:00Z,2025-08-26T15:15:00Z,2025-08-26,2025-08-26_18,0.0,98,100,0,149.05348369565226,161.25360369565226,0.03388922222222223,0.0,13.261000000000001,True,True,True,False,0.0,0.0,53.78084251765963,70.51979659273037,0.0,3818.7292815449464,3943.0299206553364
2025-08-26T15:15:00Z,2025-08-26T15:30:00Z,2025-08-26,2025-08-26_18,0.0,98,100,0,161.25360369565226,163.16191369565226,0.009996694444444445,0.7776299999999999,2.993,True,True,True,False,0.0,0.0,53.78084251765963,70.51979659273037,73.08697243712777,-124.09943667266863,73.28817487484915
2025-08-26T15:30:00Z,2025-08-26T15:45:00Z,2025-08-26,2025-08-26_18,0.0,98,100,0,163.16191369565226,162.49876804347835,0.0019187379227053139,0.62279,0.015,True,True,True,False,0.0,0.0,53.78084251765963,70.51979659273037,58.53405290963415,-1.1575219137695643,181.67717010625458
2025-08-26T15:45:00Z,2025-08-26T16:00:00Z,2025-08-26,2025-08-26_18,0.0,98,100,0,162.49876804347835,157.1481810869566,0.01486274154589372,4.92254,0.0,True,True,True,False,0.0,0.0,53.78084251765963,70.51979659273037,628.6365750173134,0.0,752.9372141277033
2025-08-26T16:00:00Z,2025-08-26T16:15:00Z,2025-08-26,2025-08-26_19,-12.974828845925485,100,87,0,157.1481810869566,153.51478415859643,0.022552180223704275,6.212,0.0,True,True,True,False,-421.9738711416116,0.0,106.81849660658106,61.35222303567542,819.110320346663,0.0,565.3071688473079
2025-08-26T16:15:00Z,2025-08-26T16:30:00Z,2025-08-26,2025-08-26_19,-12.974828845925485,100,87,0,153.51478415859643,147.33320350671534,0.028044194602845834,8.604,0.0,True,True,True,False,-421.9738711416116,0.0,106.81849660658106,61.35222303567542,1736.4778400838957,0.0,1482.6746885845405
2025-08-26T16:30:00Z,2025-08-26T16:45:00Z,2025-08-26,2025-08-26_19,-12.974828845925485,100,87,0,147.33320350671534,140.44746338942986,0.029561845733536714,9.265,0.0,True,True,True,False,-421.9738711416116,0.0,106.81849660658106,61.35222303567542,1985.6182482835043,0.0,1731.815096784149
2025-08-26T16:45:00Z,2025-08-26T17:00:00Z,2025-08-26,2025-08-26_19,-12.974828845925485,100,87,0,140.44746338942986,128.2096852173914,0.04109691272384073,14.289,0.0,True,True,True,False,-421.9738711416116,0.0,106.81849660658106,61.35222303567542,12115.903750766734,0.0,11862.10059926738
2025-08-26T17:00:00Z,2025-08-26T17:15:00Z,2025-08-26,2025-08-26_20,-1.3172274430928538e-14,0,0,100,128.2096852173914,128.2096852173914,8.415619775315456e-18,0.0,0.0,True,True,True,False,-6.157708989598318e-13,1105.5818278952888,0.0,0.0,0.0,0.0,1105.5818278952881
2025-08-26T17:15:00Z,2025-08-26T17:30:00Z,2025-08-26,2025-08-26_20,-1.3172274430928538e-14,0,0,100,128.2096852173914,128.2096852173914,8.415619775315455e-18,0.0,0.0,True,True,True,False,-6.157708989598318e-13,1105.5818278952888,0.0,0.0,0.0,0.0,1105.5818278952881
2025-08-26T17:30:00Z,2025-08-26T17:45:00Z,2025-08-26,2025-08-26_20,-1.3172274430928538e-14,0,0,100,128.2096852173914,128.2096852173914,8.415619775315455e-18,0.0,0.0,True,True,True,False,-6.157708989598318e-13,1105.5818278952888,0.0,0.0,0.0,0.0,1105.5818278952881
2025-08-26T17:45:00Z,2025-08-26T18:00:00Z,2025-08-26,2025-08-26_20,-1.3172274430928538e-14,0,0,100,128.2096852173914,128.2096852173914,8.415619775315455e-18,0.0,0.0,True,True,True,False,-6.157708989598318e-13,1105.5818278952888,0.0,0.0,0.0,0.0,1105.5818278952881
2025-08-26T18:00:00Z,2025-08-26T18:15:00Z,2025-08-26,2025-08-26_21,100.0,0,100,0,128.2096852173914,101.04066347826097,0.07546950483091788,0.0,0.0045,True,True,True,False,4601.0,0.0,0.0,63.75274540453908,0.0,-0.34725657413086924,4664.405488830408
2025-08-26T18:15:00Z,2025-08-26T18:30:00Z,2025-08-26,2025-08-26_21,100.0,0,100,0,101.04066347826097,73.91946782608706,0.07533665458937197,0.0,0.0485,True,True,True,False,4601.0,0.0,0.0,63.75274540453908,0.0,-3.738201389026297,4661.014544015513
2025-08-26T18:30:00Z,2025-08-26T18:45:00Z,2025-08-26,2025-08-26_21,100.0,0,100,0,73.91946782608706,46.92055478260879,0.07499698067632851,0.0,0.161,True,True,True,False,4601.0,0.0,0.0,63.75274540453908,0.0,-12.35927224519678,4652.393473159343
2025-08-26T18:45:00Z,2025-08-26T19:00:00Z,2025-08-26,2025-08-26_21,100.0,0,100,0,46.92055478260879,32.75642434782618,0.03934480676328502,0.0,11.969,True,True,True,False,4601.0,0.0,0.0,63.75274540453908,0.0,919.4311128039732,5584.183858208512
2025-08-26T19:00:00Z,2025-08-26T19:15:00Z,2025-08-26,2025-08-26_22,0.0,100,100,0,32.75642434782618,33.36050173913053,0.00992678502415459,1.366,2.2705,True,True,True,False,0.0,0.0,110.32074239696077,69.92619561131008,189.19041888442592,-51.35411949187757,318.0832374008192
2025-08-26T19:15:00Z,2025-08-26T19:30:00Z,2025-08-26,2025-08-26_22,0.0,100,100,0,33.36050173913053,35.92212608695662,0.007302821256038648,0.031,2.821,True,True,True,False,0.0,0.0,110.32074239696077,69.92619561131008,4.1650986366964124,-176.2093757296346,8.202660915332672
2025-08-26T19:30:00Z,2025-08-26T19:45:00Z,2025-08-26,2025-08-26_22,0.0,100,100,0,35.92212608695662,44.312526086956616,0.023306666666666667,0.0,9.12,True,True,True,False,0.0,0.0,110.32074239696077,69.92619561131008,0.0,-423.2961950177091,-243.0492570094383
2025-08-26T19:45:00Z,2025-08-26T20:00:00Z,2025-08-26,2025-08-26_22,0.0,100,100,0,44.312526086956616,64.34782608695662,0.05565361111111111,0.0,21.7775,True,True,True,False,0.0,0.0,110.32074239696077,69.92619561131008,0.0,2160.375916618849,2340.6228546271195
2025-08-26T20:00:00Z,2025-08-26T20:15:00Z,2025-08-26,2025-08-26_23,0.0,0,0,100,64.34782608695662,64.34782608695662,0.0,0.0,0.0,True,True,True,False,0.0,1105.5818278952888,0.0,0.0,0.0,0.0,1105.5818278952888
2025-08-26T20:15:00Z,2025-08-26T20:30:00Z,2025-08-26,2025-08-26_23,0.0,0,0,100,64.34782608695662,64.34782608695662,0.0,0.0,0.0,True,True,True,False,0.0,1105.5818278952888,0.0,0.0,0.0,0.0,1105.5818278952888
2025-08-26T20:30:00Z,2025-08-26T20:45:00Z,2025-08-26,2025-08-26_23,0.0,0,0,100,64.34782608695662,64.34782608695662,0.0,0.0,0.0,True,True,True,False,0.0,1105.5818278952888,0.0,0.0,0.0,0.0,1105.5818278952888
2025-08-26T20:45:00Z,2025-08-26T21:00:00Z,2025-08-26,2025-08-26_23,0.0,0,0,100,64.34782608695662,64.34782608695662,0.0,0.0,0.0,True,True,True,False,0.0,1105.5818278952888,0.0,0.0,0.0,0.0,1105.5818278952888
2025-08-26T21:00:00Z,2025-08-26T21:15:00Z,2025-08-27,2025-08-26_24,0.0,0,0,100,64.34782608695662,64.34782608695662,0.0,0.0,0.0,True,True,True,False,0.0,1105.2975154296566,0.0,0.0,0.0,0.0,1105.2975154296566
2025-08-26T21:15:00Z,2025-08-26T21:30:00Z,2025-08-27,2025-08-26_24,0.0,0,0,100,64.34782608695662,64.34782608695662,0.0,0.0,0.0,True,True,True,False,0.0,1105.2975154296566,0.0,0.0,0.0,0.0,1105.2975154296566
2025-08-26T21:30:00Z,2025-08-26T21:45:00Z,2025-08-27,2025-08-26_24,0.0,0,0,100,64.34782608695662,64.34782608695662,0.0,0.0,0.0,True,True,True,False,0.0,1105.2975154296566,0.0,0.0,0.0,0.0,1105.2975154296566
2025-08-26T21:45:00Z,2025-08-26T22:00:00Z,2025-08-27,2025-08-26_24,0.0,0,0,100,64.34782608695662,64.34782608695662,0.0,0.0,0.0,True,True,True,False,0.0,1105.2975154296566,0.0,0.0,0.0,0.0,1105.2975154296566
2025-08-26T22:00:00Z,2025-08-26T22:15:00Z,2025-08-27,2025-08-27_1,0.0,0,0,100,64.34782608695662,64.34782608695662,0.0,0.0,0.0,True,True,True,False,0.0,1105.2975154296566,0.0,0.0,0.0,0.0,1105.2975154296566
2025-08-26T22:15:00Z,2025-08-26T22:30:00Z,2025-08-27,2025-08-27_1,0.0,0,0,100,64.34782608695662,64.34782608695662,0.0,0.0,0.0,True,True,True,False,0.0,1105.2975154296566,0.0,0.0,0.0,0.0,1105.2975154296566
2025-08-26T22:30:00Z,2025-08-26T22:45:00Z,2025-08-27,2025-08-27_1,0.0,0,0,100,64.34782608695662,64.34782608695662,0.0,0.0,0.0,True,True,True,False,0.0,1105.2975154296566,0.0,0.0,0.0,0.0,1105.2975154296566
2025-08-26T22:45:00Z,2025-08-26T23:00:00Z,2025-08-27,2025-08-27_1,0.0,0,0,100,64.34782608695662,64.34782608695662,0.0,0.0,0.0,True,True,True,False,0.0,1105.2975154296566,0.0,0.0,0.0,0.0,1105.2975154296566
2025-08-26T23:00:00Z,2025-08-26T23:15:00Z,2025-08-27,2025-08-27_2,0.0,0,0,100,64.34782608695662,64.34782608695662,0.0,0.0,0.0,True,True,True,False,0.0,1105.2975154296566,0.0,0.0,0.0,0.0,1105.2975154296566
2025-08-26T23:15:00Z,2025-08-26T23:30:00Z,2025-08-27,2025-08-27_2,0.0,0,0,100,64.34782608695662,64.34782608695662,0.0,0.0,0.0,True,True,True,False,0.0,1105.2975154296566,0.0,0.0,0.0,0.0,1105.2975154296566
2025-08-26T23:30:00Z,2025-08-26T23:45:00Z,2025-08-27,2025-08-27_2,0.0,0,0,100,64.34782608695662,64.34782608695662,0.0,0.0,0.0,True,True,True,False,0.0,1105.2975154296566,0.0,0.0,0.0,0.0,1105.2975154296566
2025-08-26T23:45:00Z,2025-08-27T00:00:00Z,2025-08-27,2025-08-27_2,0.0,0,0,100,64.34782608695662,64.34782608695662,0.0,0.0,0.0,True,True,True,False,0.0,1105.2975154296566,0.0,0.0,0.0,0.0,1105.2975154296566
2025-08-27T00:00:00Z,2025-08-27T00:15:00Z,2025-08-27,2025-08-27_3,0.0,0,0,100,64.34782608695662,64.34782608695662,0.0,0.0,0.0,True,True,True,False,0.0,1105.2975154296566,0.0,0.0,0.0,0.0,1105.2975154296566
2025-08-27T00:15:00Z,2025-08-27T00:30:00Z,2025-08-27,2025-08-27_3,0.0,0,0,100,64.34782608695662,64.34782608695662,0.0,0.0,0.0,True,True,True,False,0.0,1105.2975154296566,0.0,0.0,0.0,0.0,1105.2975154296566
2025-08-27T00:30:00Z,2025-08-27T00:45:00Z,2025-08-27,2025-08-27_3,0.0,0,0,100,64.34782608695662,64.34782608695662,0.0,0.0,0.0,True,True,True,False,0.0,1105.2975154296566,0.0,0.0,0.0,0.0,1105.2975154296566
2025-08-27T00:45:00Z,2025-08-27T01:00:00Z,2025-08-27,2025-08-27_3,0.0,0,0,100,64.34782608695662,64.34782608695662,0.0,0.0,0.0,True,True,True,False,0.0,1105.2975154296566,0.0,0.0,0.0,0.0,1105.2975154296566
2025-08-27T01:00:00Z,2025-08-27T01:15:00Z,2025-08-27,2025-08-27_4,0.0,0,0,100,64.34782608695662,64.34782608695662,0.0,0.0,0.0,True,True,True,False,0.0,1105.2975154296566,0.0,0.0,0.0,0.0,1105.2975154296566
2025-08-27T01:15:00Z,2025-08-27T01:30:00Z,2025-08-27,2025-08-27_4,0.0,0,0,100,64.34782608695662,64.34782608695662,0.0,0.0,0.0,True,True,True,False,0.0,1105.2975154296566,0.0,0.0,0.0,0.0,1105.2975154296566
2025-08-27T01:30:00Z,2025-08-27T01:45:00Z,2025-08-27,2025-08-27_4,0.0,0,0,100,64.34782608695662,64.34782608695662,0.0,0.0,0.0,True,True,True,False,0.0,1105.2975154296566,0.0,0.0,0.0,0.0,1105.2975154296566
2025-08-27T01:45:00Z,2025-08-27T02:00:00Z,2025-08-27,2025-08-27_4,0.0,0,0,100,64.34782608695662,64.34782608695662,0.0,0.0,0.0,True,True,True,False,0.0,1105.2975154296566,0.0,0.0,0.0,0.0,1105.2975154296566
2025-08-27T02:00:00Z,2025-08-27T02:15:00Z,2025-08-27,2025-08-27_5,0.0,0,0,100,64.34782608695662,64.34782608695662,0.0,0.0,0.0,True,True,True,False,0.0,1105.2975154296566,0.0,0.0,0.0,0.0,1105.2975154296566
2025-08-27T02:15:00Z,2025-08-27T02:30:00Z,2025-08-27,2025-08-27_5,0.0,0,0,100,64.34782608695662,64.34782608695662,0.0,0.0,0.0,True,True,True,False,0.0,1105.2975154296566,0.0,0.0,0.0,0.0,1105.2975154296566
2025-08-27T02:30:00Z,2025-08-27T02:45:00Z,2025-08-27,2025-08-27_5,0.0,0,0,100,64.34782608695662,64.34782608695662,0.0,0.0,0.0,True,True,True,False,0.0,1105.2975154296566,0.0,0.0,0.0,0.0,1105.2975154296566
2025-08-27T02:45:00Z,2025-08-27T03:00:00Z,2025-08-27,2025-08-27_5,0.0,0,0,100,64.34782608695662,64.34782608695662,0.0,0.0,0.0,True,True,True,False,0.0,1105.2975154296566,0.0,0.0,0.0,0.0,1105.2975154296566
2025-08-27T03:00:00Z,2025-08-27T03:15:00Z,2025-08-27,2025-08-27_6,0.0,0,0,100,64.34782608695662,64.34782608695662,0.0,0.0,0.0,True,True,True,False,0.0,1105.2975154296566,0.0,0.0,0.0,0.0,1105.2975154296566
2025-08-27T03:15:00Z,2025-08-27T03:30:00Z,2025-08-27,2025-08-27_6,0.0,0,0,100,64.34782608695662,64.34782608695662,0.0,0.0,0.0,True,True,True,False,0.0,1105.2975154296566,0.0,0.0,0.0,0.0,1105.2975154296566
2025-08-27T03:30:00Z,2025-08-27T03:45:00Z,2025-08-27,2025-08-27_6,0.0,0,0,100,64.34782608695662,64.34782608695662,0.0,0.0,0.0,True,True,True,False,0.0,1105.2975154296566,0.0,0.0,0.0,0.0,1105.2975154296566
2025-08-27T03:45:00Z,2025-08-27T04:00:00Z,2025-08-27,2025-08-27_6,0.0,0,0,100,64.34782608695662,64.34782608695662,0.0,0.0,0.0,True,True,True,False,0.0,1105.2975154296566,0.0,0.0,0.0,0.0,1105.2975154296566
2025-08-27T04:00:00Z,2025-08-27T04:15:00Z,2025-08-27,2025-08-27_7,0.0,0,0,100,64.34782608695662,64.34782608695662,0.0,0.0,0.0,True,True,True,False,0.0,1105.2975154296566,0.0,0.0,0.0,0.0,1105.2975154296566
2025-08-27T04:15:00Z,2025-08-27T04:30:00Z,2025-08-27,2025-08-27_7,0.0,0,0,100,64.34782608695662,64.34782608695662,0.0,0.0,0.0,True,True,True,False,0.0,1105.2975154296566,0.0,0.0,0.0,0.0,1105.2975154296566
2025-08-27T04:30:00Z,2025-08-27T04:45:00Z,2025-08-27,2025-08-27_7,0.0,0,0,100,64.34782608695662,64.34782608695662,0.0,0.0,0.0,True,True,True,False,0.0,1105.2975154296566,0.0,0.0,0.0,0.0,1105.2975154296566
2025-08-27T04:45:00Z,2025-08-27T05:00:00Z,2025-08-27,2025-08-27_7,0.0,0,0,100,64.34782608695662,64.34782608695662,0.0,0.0,0.0,True,True,True,False,0.0,1105.2975154296566,0.0,0.0,0.0,0.0,1105.2975154296566
2025-08-27T05:00:00Z,2025-08-27T05:15:00Z,2025-08-27,2025-08-27_8,0.0,0,0,100,64.34782608695662,64.34782608695662,0.0,0.0,0.0,True,True,True,False,0.0,1105.2975154296566,0.0,0.0,0.0,0.0,1105.2975154296566
2025-08-27T05:15:00Z,2025-08-27T05:30:00Z,2025-08-27,2025-08-27_8,0.0,0,0,100,64.34782608695662,64.34782608695662,0.0,0.0,0.0,True,True,True,False,0.0,1105.2975154296566,0.0,0.0,0.0,0.0,1105.2975154296566
2025-08-27T05:30:00Z,2025-08-27T05:45:00Z,2025-08-27,2025-08-27_8,0.0,0,0,100,64.34782608695662,64.34782608695662,0.0,0.0,0.0,True,True,True,False,0.0,1105.2975154296566,0.0,0.0,0.0,0.0,1105.2975154296566
2025-08-27T05:45:00Z,2025-08-27T06:00:00Z,2025-08-27,2025-08-27_8,0.0,0,0,100,64.34782608695662,64.34782608695662,0.0,0.0,0.0,True,True,True,False,0.0,1105.2975154296566,0.0,0.0,0.0,0.0,1105.2975154296566
2025-08-27T06:00:00Z,2025-08-27T06:15:00Z,2025-08-27,2025-08-27_9,19.610184498040667,80,100,0,64.34782608695662,60.53335259984426,0.01712671761981961,0.0,1.5895,True,True,True,False,557.1253415893353,0.0,76.86342775755658,95.24845703434087,0.0,-121.09152595347365,608.1457004277592
2025-08-27T06:15:00Z,2025-08-27T06:30:00Z,2025-08-27,2025-08-27_9,19.610184498040667,80,100,0,60.53335259984426,55.78566981066721,0.015694383551030658,0.0,0.61,True,True,True,False,557.1253415893353,0.0,76.86342775755658,95.24845703434087,0.0,-46.56293915176452,682.6742872294683
2025-08-27T06:30:00Z,2025-08-27T06:45:00Z,2025-08-27,2025-08-27_9,19.610184498040667,80,100,0,55.78566981066721,53.22690827875778,0.01905404411564792,0.0,2.9075,True,True,True,False,557.1253415893353,0.0,76.86342775755658,95.24845703434087,0.0,-145.6343928034499,583.6028335777829
2025-08-27T06:45:00Z,2025-08-27T07:00:00Z,2025-08-27,2025-08-27_9,19.610184498040667,80,100,0,53.22690827875778,57.33256641805052,0.029282912733492428,0.0,9.9025,True,True,True,False,557.1253415893353,0.0,76.86342775755658,95.24845703434087,0.0,2933.110235500079,3662.3474618813116
2025-08-27T07:00:00Z,2025-08-27T07:15:00Z,2025-08-27,2025-08-27_10,72.77381504397849,27,100,0,57.33256641805052,40.41870624555439,0.05092384444203462,0.08086499999999999,2.832,True,True,True,False,1849.0007057298833,0.0,14.789325842696629,446.2137996518436,11.189465626483619,-93.95481563538533,2227.238481215522
2025-08-27T07:15:00Z,2025-08-27T07:30:00Z,2025-08-27,2025-08-27_10,72.77381504397849,27,100,0,40.41870624555439,24.782018446334607,0.04896808869085108,0.002025,3.9759999999999995,True,True,True,False,1849.0007057298833,0.0,14.789325842696629,446.2137996518436,0.2614970723215698,-39.5838202247191,2270.681508072026
2025-08-27T07:30:00Z,2025-08-27T07:45:00Z,2025-08-27,2025-08-27_10,72.77381504397849,27,100,0,24.782018446334607,9.999999999999968,0.04773299947703586,0.0,4.7945,True,True,True,False,1849.0007057298833,0.0,14.789325842696629,446.2137996518436,0.0,-93.55401853536952,2216.449812689054
2025-08-27T07:45:00Z,2025-08-27T08:00:00Z,2025-08-27,2025-08-27_10,72.77381504397849,27,100,0,9.999999999999968,9.999999999999972,0.026422256216903424,0.0,18.9875,True,True,True,False,1849.0007057298833,0.0,14.789325842696629,446.2137996518436,0.0,-0.06760860104446906,2309.936222623379
2025-08-27T08:00:00Z,2025-08-27T08:15:00Z,2025-08-27,2025-08-27_11,0.8879676823657051,99,100,0,9.999999999999972,11.501908106698568,0.010797253651321706,0.9013950000000001,2.955,True,True,True,False,11.714513649609565,0.0,54.256903782244024,450.96138629529986,124.74813236667194,-59.19703473650894,582.4839013573164
2025-08-27T08:15:00Z,2025-08-27T08:30:00Z,2025-08-27,2025-08-27_11,0.8879676823657051,99,100,0,11.501908106698568,10.765816799045718,0.002196669859700514,0.480645,0.03,True,True,True,False,11.714513649609565,0.0,54.256903782244024,450.96138629529986,66.45084464610699,-2.4924829878145274,580.8911653854459
2025-08-27T08:30:00Z,2025-08-27T08:45:00Z,2025-08-27,2025-08-27_11,0.8879676823657051,99,100,0,10.765816799045718,9.999999999999973,0.0021601961058637063,0.48807000000000006,0.0065,True,True,True,False,11.714513649609565,0.0,54.256903782244024,450.96138629529986,67.23397896423485,-0.5123443187213166,583.654438372667
2025-08-27T08:45:00Z,2025-08-27T09:00:00Z,2025-08-27,2025-08-27_11,0.8879676823657051,99,100,0,9.999999999999973,13.306928675103054,0.010441242773463671,0.020295,3.8745000000000003,True,True,True,False,11.714513649609565,0.0,54.256903782244024,450.96138629529986,2.670543702524134,-16.99883990742206,502.6045075222555
2025-08-27T09:00:00Z,2025-08-27T09:15:00Z,2025-08-27,2025-08-27_12,0.0,100,100,0,13.306928675103054,18.262048675103053,0.013764222222222223,0.0,5.386,True,True,True,False,0.0,0.0,54.804953315398,533.3023421427441,0.0,-87.06968903307485,501.0376064250673
2025-08-27T09:15:00Z,2025-08-27T09:30:00Z,2025-08-27,2025-08-27_12,0.0,100,100,0,18.262048675103053,25.036468675103052,0.018817833333333332,0.0,7.3635,True,True,True,False,0.0,0.0,54.804953315398,533.3023421427441,0.0,-59.99813360500079,528.1091618531414
2025-08-27T09:30:00Z,2025-08-27T09:45:00Z,2025-08-27,2025-08-27_12,0.0,100,100,0,25.036468675103052,35.780228675103054,0.02984377777777778,0.0,11.678,True,True,True,False,0.0,0.0,54.804953315398,533.3023421427441,0.0,-12.266612596929894,575.8406828612123
2025-08-27T09:45:00Z,2025-08-27T10:00:00Z,2025-08-27,2025-08-27_12,0.0,100,100,0,35.780228675103054,50.11704867510306,0.039824500000000006,0.0,15.5835,True,True,True,False,0.0,0.0,54.804953315398,533.3023421427441,0.0,-0.10789335733502138,587.9994021008071
2025-08-27T10:00:00Z,2025-08-27T10:15:00Z,2025-08-27,2025-08-27_13,-50.99999999999999,0,0,49,50.11704867510306,61.84704867510305,0.03258333333333333,0.0,0.0,True,False,True,False,-504.5174999999999,457.9937490109194,0.0,0.0,0.0,0.0,-46.523750989080554
2025-08-27T10:15:00Z,2025-08-27T10:30:00Z,2025-08-27,2025-08-27_13,-50.99999999999999,0,0,49,61.84704867510305,73.57704867510306,0.03258333333333333,0.0,0.0,True,False,True,False,-504.5174999999999,457.9937490109194,0.0,0.0,0.0,0.0,-46.523750989080554
2025-08-27T10:30:00Z,2025-08-27T10:45:00Z,2025-08-27,2025-08-27_13,-50.99999999999999,0,0,49,73.57704867510306,85.30704867510306,0.03258333333333333,0.0,0.0,True,False,True,False,-504.5174999999999,457.9937490109194,0.0,0.0,0.0,0.0,-46.523750989080554
2025-08-27T10:45:00Z,2025-08-27T11:00:00Z,2025-08-27,2025-08-27_13,-50.99999999999999,0,0,49,85.30704867510306,97.03704867510307,0.03258333333333333,0.0,0.0,True,False,True,False,-504.5174999999999,457.9937490109194,0.0,0.0,0.0,0.0,-46.523750989080554
2025-08-27T11:00:00Z,2025-08-27T11:15:00Z,2025-08-27,2025-08-27_14,0.0,100,100,0,97.03704867510307,107.25410867510307,0.028380722222222224,0.0,11.1055,True,True,True,False,0.0,0.0,54.77528089887641,499.62414939072636,0.0,-0.3910387323943661,554.0083915572084
2025-08-27T11:15:00Z,2025-08-27T11:30:00Z,2025-08-27,2025-08-27_14,0.0,100,100,0,107.25410867510307,119.45284867510307,0.03388538888888889,0.0,13.2595,True,True,True,False,0.0,0.0,54.77528089887641,499.62414939072636,0.0,-0.2124583597088147,554.186971929894
2025-08-27T11:30:00Z,2025-08-27T11:45:00Z,2025-08-27,2025-08-27_14,0.0,100,100,0,119.45284867510307,134.20136867510308,0.04096811111111111,0.0,16.031,True,True,True,False,0.0,0.0,54.77528089887641,499.62414939072636,0.0,-0.01585595030859313,554.3835743392942
2025-08-27T11:45:00Z,2025-08-27T12:00:00Z,2025-08-27,2025-08-27_14,0.0,100,100,0,134.20136867510308,148.6278886751031,0.040073666666666674,0.0,15.681000000000001,True,True,True,False,0.0,0.0,54.77528089887641,499.62414939072636,0.0,-0.06203908846336446,554.3373912011394
2025-08-27T12:00:00Z,2025-08-27T12:15:00Z,2025-08-27,2025-08-27_15,-0.46115868963299966,0,0,89,148.6278886751031,148.7339551737187,0.00029462916282108314,0.0,0.0,True,False,True,False,-4.767227954081134,983.7147887323944,0.0,0.0,0.0,0.0,978.9475607783132
2025-08-27T12:15:00Z,2025-08-27T12:30:00Z,2025-08-27,2025-08-27_15,-0.46115868963299966,0,0,89,148.7339551737187,148.84002167233427,0.00029462916282108314,0.0,0.0,True,False,True,False,-4.767227954081134,983.7147887323944,0.0,0.0,0.0,0.0,978.9475607783132
2025-08-27T12:30:00Z,2025-08-27T12:45:00Z,2025-08-27,2025-08-27_15,-0.46115868963299966,0,0,89,148.84002167233427,148.94608817094985,0.00029462916282108314,0.0,0.0,True,False,True,False,-4.767227954081134,983.7147887323944,0.0,0.0,0.0,0.0,978.9475607783132
2025-08-27T12:45:00Z,2025-08-27T13:00:00Z,2025-08-27,2025-08-27_15,-0.46115868963299966,0,0,89,148.94608817094985,149.05215466956543,0.00029462916282108314,0.0,0.0,True,False,True,False,-4.767227954081134,983.7147887323944,0.0,0.0,0.0,0.0,978.9475607783132
2025-08-27T13:00:00Z,2025-08-27T13:15:00Z,2025-08-27,2025-08-27_16,1.0,10,11,89,149.05215466956543,148.66428580000021,0.001090702415458937,0.10930000000000001,0.0028599999999999997,True,True,True,False,19.395,983.7147887323944,5.424117740148758,54.04474600411457,14.41723474837791,-0.12501015192277257,1076.8708770731128
2025-08-27T13:15:00Z,2025-08-27T13:30:00Z,2025-08-27,2025-08-27_16,1.0,10,11,89,148.66428580000021,148.2455358000002,0.0011631944444444443,0.13525,0.0,True,True,True,False,19.395,983.7147887323944,5.424117740148758,54.04474600411457,14.76462222068365,0.0,1077.3432746973413
2025-08-27T13:30:00Z,2025-08-27T13:45:00Z,2025-08-27,2025-08-27_16,1.0,10,11,89,148.2455358000002,148.22204397391323,0.0013394550724637679,0.00755,0.27423,True,True,True,False,19.395,983.7147887323944,5.424117740148758,54.04474600411457,0.7601974204779238,-6.391828699161259,1056.9470211979744
2025-08-27T13:45:00Z,2025-08-27T14:00:00Z,2025-08-27,2025-08-27_16,1.0,10,11,89,148.22204397391323,148.12150793043497,0.0011320556763285024,0.0004,0.18353500000000003,True,True,True,False,19.395,983.7147887323944,5.424117740148758,54.04474600411457,0.03972147491691723,-7.654214044943822,1054.9641599066308
2025-08-27T14:00:00Z,2025-08-27T14:15:00Z,2025-08-27,2025-08-27_17,0.0,11,11,89,148.12150793043497,149.0538268000002,0.0025911031400966183,0.00022,1.01365,True,True,True,False,0.0,983.7147887323944,6.0905602152239275,13.94692593764836,0.025633011552460835,16.914351974204777,1020.6922598710239
2025-08-27T14:15:00Z,2025-08-27T14:30:00Z,2025-08-27,2025-08-27_17,0.0,11,11,89,149.0538268000002,149.04379891304367,6.215079710144928e-05,0.014905000000000002,0.00671,True,True,True,False,0.0,983.7147887323944,6.0905602152239275,13.94692593764836,1.4241009257793957,-0.42333580075961386,1004.7530400102864
2025-08-27T14:30:00Z,2025-08-27T14:45:00Z,2025-08-27,2025-08-27_17,0.0,11,11,89,149.04379891304367,149.02716624347846,5.9414082125603875e-05,0.017490000000000002,0.002585,True,True,True,False,0.0,983.7147887323944,6.0905602152239275,13.94692593764836,1.6710852191802503,-0.20269228813894602,1005.2206678163079
2025-08-27T14:45:00Z,2025-08-27T15:00:00Z,2025-08-27,2025-08-27_17,0.0,11,11,89,149.02716624347846,148.68386714782628,0.0009581063768115941,0.31658,0.00088,True,True,True,False,0.0,983.7147887323944,6.0905602152239275,13.94692593764836,45.552525360025314,-0.06908727646779554,1049.2357129688241
2025-08-27T15:00:00Z,2025-08-27T15:15:00Z,2025-08-27,2025-08-27_18,-4.7332748348982525,100,95,0,148.68386714782628,153.53622486386217,0.014010907428467546,0.0925,4.199475,True,True,True,False,-126.66243458187725,0.0,54.38953948409558,79.21051590441526,10.5762383288495,-156.2965310719655,-138.7826719364824
2025-08-27T15:15:00Z,2025-08-27T15:30:00Z,2025-08-27,2025-08-27_18,-4.7332748348982525,100,95,0,153.53622486386217,153.54830976810518,0.011196919431042167,1.9405,1.1058,True,True,True,False,-126.66243458187725,0.0,54.38953948409558,79.21051590441526,257.2935943187213,-64.59060223136572,199.64061289398919
2025-08-27T15:30:00Z,2025-08-27T15:45:00Z,2025-08-27,2025-08-27_18,-4.7332748348982525,100,95,0,153.54830976810518,154.4048905830558,0.008865697470493917,1.1275,1.070175,True,True,True,False,-126.66243458187725,0.0,54.38953948409558,79.21051590441526,128.29483304320303,-62.30733627749645,72.92511757234017
2025-08-27T15:45:00Z,2025-08-27T16:00:00Z,2025-08-27,2025-08-27_18,-4.7332748348982525,100,95,0,154.4048905830558,144.00000000000026,0.0323737050891018,10.6515,0.0,True,True,True,False,-126.66243458187725,0.0,54.38953948409558,79.21051590441526,8361.244187668142,0.0,8368.181808474776
2025-08-27T16:00:00Z,2025-08-27T16:15:00Z,2025-08-27,2025-08-27_19,0.0,0,0,100,144.00000000000026,144.00000000000026,0.0,0.0,0.0,True,True,True,False,0.0,1105.2975154296566,0.0,0.0,0.0,0.0,1105.2975154296566
2025-08-27T16:15:00Z,2025-08-27T16:30:00Z,2025-08-27,2025-08-27_19,0.0,0,0,100,144.00000000000026,144.00000000000026,0.0,0.0,0.0,True,True,True,False,0.0,1105.2975154296566,0.0,0.0,0.0,0.0,1105.2975154296566
2025-08-27T16:30:00Z,2025-08-27T16:45:00Z,2025-08-27,2025-08-27_19,0.0,0,0,100,144.00000000000026,144.00000000000026,0.0,0.0,0.0,True,True,True,False,0.0,1105.2975154296566,0.0,0.0,0.0,0.0,1105.2975154296566
2025-08-27T16:45:00Z,2025-08-27T17:00:00Z,2025-08-27,2025-08-27_19,0.0,0,0,100,144.00000000000026,144.00000000000026,0.0,0.0,0.0,True,True,True,False,0.0,1105.2975154296566,0.0,0.0,0.0,0.0,1105.2975154296566
2025-08-27T17:00:00Z,2025-08-27T17:15:00Z,2025-08-27,2025-08-27_20,48.0,0,48,52,144.00000000000026,136.3479130434785,0.021255797101449272,0.0,4.9600800000000005,True,True,True,False,2519.64,574.7547080234215,0.0,38.939705649628095,0.0,-194.99358653267925,2938.34082714037
2025-08-27T17:15:00Z,2025-08-27T17:30:00Z,2025-08-27,2025-08-27_20,48.0,0,48,52,136.3479130434785,124.6056521739133,0.03261739130434783,0.0,1.1971200000000002,True,True,True,False,2519.64,574.7547080234215,0.0,38.939705649628095,0.0,-60.88399056812788,3072.4504231049214
2025-08-27T17:30:00Z,2025-08-27T17:45:00Z,2025-08-27,2025-08-27_20,48.0,0,48,52,124.6056521739133,111.60208695652199,0.03612101449275362,0.0,0.036719999999999996,True,True,True,False,2519.64,574.7547080234215,0.0,38.939705649628095,0.0,-2.935718673840797,3130.3986949992086
2025-08-27T17:45:00Z,2025-08-27T18:00:00Z,2025-08-27,2025-08-27_20,48.0,0,48,52,111.60208695652199,98.55860869565242,0.036231884057971016,0.0,0.0,True,True,True,False,2519.64,574.7547080234215,0.0,38.939705649628095,0.0,0.0,3133.3344136730493
2025-08-27T18:00:00Z,2025-08-27T18:15:00Z,2025-08-27,2025-08-27_21,100.0,0,100,0,98.55860869565242,71.38469565217416,0.07548309178743962,0.0,0.0,True,True,True,False,5259.75,0.0,0.0,76.99992087355594,0.0,0.0,5336.749920873556
2025-08-27T18:15:00Z,2025-08-27T18:30:00Z,2025-08-27,2025-08-27_21,100.0,0,100,0,71.38469565217416,44.29067391304373,0.07526117149758453,0.0,0.0735,True,True,True,False,5259.75,0.0,0.0,76.99992087355594,0.0,-5.520060531729704,5331.229860341827
2025-08-27T18:30:00Z,2025-08-27T18:45:00Z,2025-08-27,2025-08-27_21,100.0,0,100,0,44.29067391304373,24.94556521739156,0.05373641304347825,0.0,7.202499999999999,True,True,True,False,5259.75,0.0,0.0,76.99992087355594,0.0,-306.62629124465894,5030.123629628897
2025-08-27T18:45:00Z,2025-08-27T19:00:00Z,2025-08-27,2025-08-27_21,100.0,0,100,0,24.94556521739156,10.081434782608952,0.04128925120772947,0.0,11.325,True,True,True,False,5259.75,0.0,0.0,76.99992087355594,0.0,-321.5523075249248,5015.197613348631
2025-08-27T19:00:00Z,2025-08-27T19:15:00Z,2025-08-27,2025-08-27_22,0.0,100,100,0,10.081434782608952,13.846074782608952,0.010457333333333334,0.0,4.092,True,True,True,False,0.0,0.0,110.20335496122804,81.71783510049059,0.0,-184.68153109669248,7.239658965026152
2025-08-27T19:15:00Z,2025-08-27T19:30:00Z,2025-08-27,2025-08-27_22,0.0,100,100,0,13.846074782608952,14.029033913043733,0.0005957801932367149,0.0145,0.216,True,True,True,False,0.0,0.0,110.20335496122804,81.71783510049059,1.8891447420477923,-16.114885266656117,177.6954495371103
2025-08-27T19:30:00Z,2025-08-27T19:45:00Z,2025-08-27,2025-08-27_22,0.0,100,100,0,14.029033913043733,15.21198869565243,0.0033252367149758455,0.0065,1.2935,True,True,True,False,0.0,0.0,110.20335496122804,81.71783510049059,0.8506086801709131,-79.82076119639184,112.9510375454977
2025-08-27T19:45:00Z,2025-08-27T20:00:00Z,2025-08-27,2025-08-27_22,0.0,100,100,0,15.21198869565243,26.24692869565243,0.030652611111111113,0.0,11.9945,True,True,True,False,0.0,0.0,110.20335496122804,81.71783510049059,0.0,391.3231724758664,583.2443625375851
2025-08-27T20:00:00Z,2025-08-27T20:15:00Z,2025-08-27,2025-08-27_23,6.99719683440673,64,71,29,26.24692869565243,27.116413399511636,0.011217717356902274,0.0,2.9589250000000002,True,True,True,False,198.77286907340917,320.5362794746004,41.39895553093844,59.199438202247194,0.0,216.60990976123597,836.5174520424312
2025-08-27T20:15:00Z,2025-08-27T20:30:00Z,2025-08-27,2025-08-27_23,6.99719683440673,64,71,29,27.116413399511636,25.760869565217646,0.006451099388985307,0.0,0.58291,True,True,True,False,198.77286907340917,320.5362794746004,41.39895553093844,59.199438202247194,0.0,-36.96010547752809,582.9474368036671
2025-08-27T20:30:00Z,2025-08-27T20:45:00Z,2025-08-27,2025-08-27_23,6.99719683440673,64,71,29,25.760869565217646,27.295568986669046,0.012642788708135181,0.0,3.66928,True,True,True,False,198.77286907340917,320.5362794746004,41.39895553093844,59.199438202247194,0.0,-173.2622808988764,446.6452613823188
2025-08-27T20:45:00Z,2025-08-27T21:00:00Z,2025-08-27,2025-08-27_23,6.99719683440673,64,71,29,27.295568986669046,33.84913227193321,0.02339456391531319,0.0,9.028715,True,True,True,False,198.77286907340917,320.5362794746004,41.39895553093844,59.199438202247194,0.0,-31.830542556179772,588.0769997250154
2025-08-27T21:00:00Z,2025-08-27T21:15:00Z,2025-08-28,2025-08-27_24,-31.739670940849116,57,25,43,33.84913227193321,41.70384830144511,0.02181941832862786,0.00028500000000000004,0.603125,True,True,True,False,-821.8194298359357,474.555096881234,37.16950759446167,22.775978194315513,0.03377510912718008,-17.29727095636888,-304.58234301316617
2025-08-27T21:15:00Z,2025-08-27T21:30:00Z,2025-08-28,2025-08-27_24,-31.739670940849116,57,25,43,41.70384830144511,49.13612245416601,0.02075198273304965,0.039900000000000005,0.18675,True,True,True,False,-821.8194298359357,474.555096881234,37.16950759446167,22.775978194315513,5.358251061644513,-10.258358351932687,-292.21895445621266
2025-08-27T21:30:00Z,2025-08-27T21:45:00Z,2025-08-28,2025-08-27_24,-31.739670940849116,57,25,43,49.13612245416601,56.61173677056131,0.02076559532332027,0.0,0.19075,True,True,True,False,-821.8194298359357,474.555096881234,37.16950759446167,22.775978194315513,0.0,-10.991568913073534,-298.310416078998
2025-08-27T21:45:00Z,2025-08-27T22:00:00Z,2025-08-28,2025-08-27_24,-31.739670940849116,57,25,43,56.61173677056131,64.3478260869566,0.02148913698998694,0.0,0.473875,True,True,True,False,-821.8194298359357,474.555096881234,37.16950759446167,22.775978194315513,0.0,-15.335676613205871,-302.6545237791304
2025-08-27T22:00:00Z,2025-08-27T22:15:00Z,2025-08-28,2025-08-28_1,0.0,0,0,100,64.3478260869566,64.3478260869566,0.0,0.0,0.0,True,True,True,False,0.0,1103.616504374963,0.0,0.0,0.0,0.0,1103.616504374963
2025-08-27T22:15:00Z,2025-08-27T22:30:00Z,2025-08-28,2025-08-28_1,0.0,0,0,100,64.3478260869566,64.3478260869566,0.0,0.0,0.0,True,True,True,False,0.0,1103.616504374963,0.0,0.0,0.0,0.0,1103.616504374963
2025-08-27T22:30:00Z,2025-08-27T22:45:00Z,2025-08-28,2025-08-28_1,0.0,0,0,100,64.3478260869566,64.3478260869566,0.0,0.0,0.0,True,True,True,False,0.0,1103.616504374963,0.0,0.0,0.0,0.0,1103.616504374963
2025-08-27T22:45:00Z,2025-08-27T23:00:00Z,2025-08-28,2025-08-28_1,0.0,0,0,100,64.3478260869566,64.3478260869566,0.0,0.0,0.0,True,True,True,False,0.0,1103.616504374963,0.0,0.0,0.0,0.0,1103.616504374963
2025-08-27T23:00:00Z,2025-08-27T23:15:00Z,2025-08-28,2025-08-28_2,0.0,0,0,100,64.3478260869566,64.3478260869566,0.0,0.0,0.0,True,True,True,False,0.0,1103.616504374963,0.0,0.0,0.0,0.0,1103.616504374963
2025-08-27T23:15:00Z,2025-08-27T23:30:00Z,2025-08-28,2025-08-28_2,0.0,0,0,100,64.3478260869566,64.3478260869566,0.0,0.0,0.0,True,True,True,False,0.0,1103.616504374963,0.0,0.0,0.0,0.0,1103.616504374963
2025-08-27T23:30:00Z,2025-08-27T23:45:00Z,2025-08-28,2025-08-28_2,0.0,0,0,100,64.3478260869566,64.3478260869566,0.0,0.0,0.0,True,True,True,False,0.0,1103.616504374963,0.0,0.0,0.0,0.0,1103.616504374963
2025-08-27T23:45:00Z,2025-08-28T00:00:00Z,2025-08-28,2025-08-28_2,0.0,0,0,100,64.3478260869566,64.3478260869566,0.0,0.0,0.0,True,True,True,False,0.0,1103.616504374963,0.0,0.0,0.0,0.0,1103.616504374963
2025-08-28T00:00:00Z,2025-08-28T00:15:00Z,2025-08-28,2025-08-28_3,0.0,0,0,100,64.3478260869566,64.3478260869566,0.0,0.0,0.0,True,True,True,False,0.0,1103.616504374963,0.0,0.0,0.0,0.0,1103.616504374963
2025-08-28T00:15:00Z,2025-08-28T00:30:00Z,2025-08-28,2025-08-28_3,0.0,0,0,100,64.3478260869566,64.3478260869566,0.0,0.0,0.0,True,True,True,False,0.0,1103.616504374963,0.0,0.0,0.0,0.0,1103.616504374963
2025-08-28T00:30:00Z,2025-08-28T00:45:00Z,2025-08-28,2025-08-28_3,0.0,0,0,100,64.3478260869566,64.3478260869566,0.0,0.0,0.0,True,True,True,False,0.0,1103.616504374963,0.0,0.0,0.0,0.0,1103.616504374963
2025-08-28T00:45:00Z,2025-08-28T01:00:00Z,2025-08-28,2025-08-28_3,0.0,0,0,100,64.3478260869566,64.3478260869566,0.0,0.0,0.0,True,True,True,False,0.0,1103.616504374963,0.0,0.0,0.0,0.0,1103.616504374963
2025-08-28T01:00:00Z,2025-08-28T01:15:00Z,2025-08-28,2025-08-28_4,0.0,0,0,100,64.3478260869566,64.3478260869566,0.0,0.0,0.0,True,True,True,False,0.0,1103.616504374963,0.0,0.0,0.0,0.0,1103.616504374963
2025-08-28T01:15:00Z,2025-08-28T01:30:00Z,2025-08-28,2025-08-28_4,0.0,0,0,100,64.3478260869566,64.3478260869566,0.0,0.0,0.0,True,True,True,False,0.0,1103.616504374963,0.0,0.0,0.0,0.0,1103.616504374963
2025-08-28T01:30:00Z,2025-08-28T01:45:00Z,2025-08-28,2025-08-28_4,0.0,0,0,100,64.3478260869566,64.3478260869566,0.0,0.0,0.0,True,True,True,False,0.0,1103.616504374963,0.0,0.0,0.0,0.0,1103.616504374963
2025-08-28T01:45:00Z,2025-08-28T02:00:00Z,2025-08-28,2025-08-28_4,0.0,0,0,100,64.3478260869566,64.3478260869566,0.0,0.0,0.0,True,True,True,False,0.0,1103.616504374963,0.0,0.0,0.0,0.0,1103.616504374963
2025-08-28T02:00:00Z,2025-08-28T02:15:00Z,2025-08-28,2025-08-28_5,0.0,0,0,100,64.3478260869566,64.3478260869566,0.0,0.0,0.0,True,True,True,False,0.0,1103.616504374963,0.0,0.0,0.0,0.0,1103.616504374963
2025-08-28T02:15:00Z,2025-08-28T02:30:00Z,2025-08-28,2025-08-28_5,0.0,0,0,100,64.3478260869566,64.3478260869566,0.0,0.0,0.0,True,True,True,False,0.0,1103.616504374963,0.0,0.0,0.0,0.0,1103.616504374963
2025-08-28T02:30:00Z,2025-08-28T02:45:00Z,2025-08-28,2025-08-28_5,0.0,0,0,100,64.3478260869566,64.3478260869566,0.0,0.0,0.0,True,True,True,False,0.0,1103.616504374963,0.0,0.0,0.0,0.0,1103.616504374963
2025-08-28T02:45:00Z,2025-08-28T03:00:00Z,2025-08-28,2025-08-28_5,0.0,0,0,100,64.3478260869566,64.3478260869566,0.0,0.0,0.0,True,True,True,False,0.0,1103.616504374963,0.0,0.0,0.0,0.0,1103.616504374963
2025-08-28T03:00:00Z,2025-08-28T03:15:00Z,2025-08-28,2025-08-28_6,0.0,0,0,100,64.3478260869566,64.3478260869566,0.0,0.0,0.0,True,True,True,False,0.0,1103.616504374963,0.0,0.0,0.0,0.0,1103.616504374963
2025-08-28T03:15:00Z,2025-08-28T03:30:00Z,2025-08-28,2025-08-28_6,0.0,0,0,100,64.3478260869566,64.3478260869566,0.0,0.0,0.0,True,True,True,False,0.0,1103.616504374963,0.0,0.0,0.0,0.0,1103.616504374963
2025-08-28T03:30:00Z,2025-08-28T03:45:00Z,2025-08-28,2025-08-28_6,0.0,0,0,100,64.3478260869566,64.3478260869566,0.0,0.0,0.0,True,True,True,False,0.0,1103.616504374963,0.0,0.0,0.0,0.0,1103.616504374963
2025-08-28T03:45:00Z,2025-08-28T04:00:00Z,2025-08-28,2025-08-28_6,0.0,0,0,100,64.3478260869566,64.3478260869566,0.0,0.0,0.0,True,True,True,False,0.0,1103.616504374963,0.0,0.0,0.0,0.0,1103.616504374963
2025-08-28T04:00:00Z,2025-08-28T04:15:00Z,2025-08-28,2025-08-28_7,0.0,0,0,100,64.3478260869566,64.3478260869566,0.0,0.0,0.0,True,True,True,False,0.0,1103.616504374963,0.0,0.0,0.0,0.0,1103.616504374963
2025-08-28T04:15:00Z,2025-08-28T04:30:00Z,2025-08-28,2025-08-28_7,0.0,0,0,100,64.3478260869566,64.3478260869566,0.0,0.0,0.0,True,True,True,False,0.0,1103.616504374963,0.0,0.0,0.0,0.0,1103.616504374963
2025-08-28T04:30:00Z,2025-08-28T04:45:00Z,2025-08-28,2025-08-28_7,0.0,0,0,100,64.3478260869566,64.3478260869566,0.0,0.0,0.0,True,True,True,False,0.0,1103.616504374963,0.0,0.0,0.0,0.0,1103.616504374963
2025-08-28T04:45:00Z,2025-08-28T05:00:00Z,2025-08-28,2025-08-28_7,0.0,0,0,100,64.3478260869566,64.3478260869566,0.0,0.0,0.0,True,True,True,False,0.0,1103.616504374963,0.0,0.0,0.0,0.0,1103.616504374963
2025-08-28T05:00:00Z,2025-08-28T05:15:00Z,2025-08-28,2025-08-28_8,0.0,0,0,100,64.3478260869566,64.3478260869566,0.0,0.0,0.0,True,True,True,False,0.0,1103.616504374963,0.0,0.0,0.0,0.0,1103.616504374963
2025-08-28T05:15:00Z,2025-08-28T05:30:00Z,2025-08-28,2025-08-28_8,0.0,0,0,100,64.3478260869566,64.3478260869566,0.0,0.0,0.0,True,True,True,False,0.0,1103.616504374963,0.0,0.0,0.0,0.0,1103.616504374963
2025-08-28T05:30:00Z,2025-08-28T05:45:00Z,2025-08-28,2025-08-28_8,0.0,0,0,100,64.3478260869566,64.3478260869566,0.0,0.0,0.0,True,True,True,False,0.0,1103.616504374963,0.0,0.0,0.0,0.0,1103.616504374963
2025-08-28T05:45:00Z,2025-08-28T06:00:00Z,2025-08-28,2025-08-28_8,0.0,0,0,100,64.3478260869566,64.3478260869566,0.0,0.0,0.0,True,True,True,False,0.0,1103.616504374963,0.0,0.0,0.0,0.0,1103.616504374963
2025-08-28T06:00:00Z,2025-08-28T06:15:00Z,2025-08-28,2025-08-28_9,65.89936103785416,34,100,0,64.3478260869566,43.52722324096818,0.05813130456850556,2.8412100000000002,0.17,True,True,True,False,1575.9832192202823,0.0,31.92221849137846,103.93252878784885,1364.263416800648,-7.055894842876612,3069.045488457281
2025-08-28T06:15:00Z,2025-08-28T06:30:00Z,2025-08-28,2025-08-28_9,65.89936103785416,34,100,0,43.52722324096818,25.41791109840893,0.05047357969127039,0.27812,0.0975,True,True,True,False,1575.9832192202823,0.0,31.92221849137846,103.93252878784885,38.44542481976732,-8.088249817298387,1742.1951415019785
2025-08-28T06:30:00Z,2025-08-28T06:45:00Z,2025-08-28,2025-08-28_9,65.89936103785416,34,100,0,25.41791109840893,10.157559860262262,0.046924074954808555,0.02992,2.6015,True,True,True,False,1575.9832192202823,0.0,31.92221849137846,103.93252878784885,4.130849908155405,970.3231717987717,2686.2919882064366
2025-08-28T06:45:00Z,2025-08-28T07:00:00Z,2025-08-28,2025-08-28_9,65.89936103785416,34,100,0,10.157559860262262,11.476024347826215,0.028870100780327826,0.0,18.6655,True,True,True,False,1575.9832192202823,0.0,31.92221849137846,103.93252878784885,0.0,17431.712993837526,19143.550960337034
2025-08-28T07:00:00Z,2025-08-28T07:15:00Z,2025-08-28,2025-08-28_10,-28.0,100,72,0,11.476024347826215,15.304628000000129,0.0247589231884058,3.2485,0.83448,True,True,True,False,-35.77,0.0,53.98092002607201,389.9851863556459,472.8768605937309,-37.536518738272534,843.5364482371763
2025-08-28T07:15:00Z,2025-08-28T07:30:00Z,2025-08-28,2025-08-28_10,-28.0,100,72,0,15.304628000000129,21.66927676521752,0.01809697120772947,0.096,0.02664,True,True,True,False,-35.77,0.0,53.98092002607201,389.9851863556459,9.265235339429971,-2.2099587193110666,415.2513830018368
2025-08-28T07:30:00Z,2025-08-28T07:45:00Z,2025-08-28,2025-08-28_10,-28.0,100,72,0,21.66927676521752,29.170017147826215,0.020844085603864734,0.002,1.15524,True,True,True,False,-35.77,0.0,53.98092002607201,389.9851863556459,0.1879752710896917,-52.867592051986016,355.5164896008216
2025-08-28T07:45:00Z,2025-08-28T08:00:00Z,2025-08-28,2025-08-28_10,-28.0,100,72,0,29.170017147826215,37.38558034782621,0.02282100888888889,0.0,1.92996,True,True,True,False,-35.77,0.0,53.98092002607201,389.9851863556459,0.0,-91.9129679274724,316.28313845424555
2025-08-28T08:00:00Z,2025-08-28T08:15:00Z,2025-08-28,2025-08-28_11,2.000000000000334,48,50,50,37.38558034782621,37.24834794782612,0.0029535211111113434,0.07319999999999999,0.52425,True,True,True,False,5.050000000000843,466.62979715182996,25.910841612514563,280.2445238894705,7.863668569396985,-26.079959361235655,759.6188718619771
2025-08-28T08:15:00Z,2025-08-28T08:30:00Z,2025-08-28,2025-08-28_11,2.000000000000334,48,50,50,37.24834794782612,39.005193791304286,0.008019499323671651,0.12504,2.629,True,True,True,False,5.050000000000843,466.62979715182996,25.910841612514563,280.2445238894705,13.650942977345002,-9.129763179205595,782.3563424519552
2025-08-28T08:30:00Z,2025-08-28T08:45:00Z,2025-08-28,2025-08-28_11,2.000000000000334,48,50,50,39.005193791304286,42.23862445217377,0.011016594830917976,0.0,4.07575,True,True,True,False,5.050000000000843,466.62979715182996,25.910841612514563,280.2445238894705,0.0,-36.92237131880938,740.9127913350064
2025-08-28T08:45:00Z,2025-08-28T09:00:00Z,2025-08-28,2025-08-28_11,2.000000000000334,48,50,50,42.23862445217377,48.37232639999977,0.018316925700483072,0.0,7.2055,True,True,True,False,5.050000000000843,466.62979715182996,25.910841612514563,280.2445238894705,0.0,-0.08823816389816112,777.7469244899177
2025-08-28T09:00:00Z,2025-08-28T09:15:00Z,2025-08-28,2025-08-28_12,0.0,49,49,51,48.37232639999977,53.45013759999977,0.014105031111111112,0.0,5.51936,True,True,True,False,0.0,475.9623930948665,26.450650812775283,338.2257204369037,0.0,-0.18532682849750143,840.453437516048
2025-08-28T09:15:00Z,2025-08-28T09:30:00Z,2025-08-28,2025-08-28_12,0.0,49,49,51,53.45013759999977,59.79244279999977,0.017617514444444444,0.0,6.89381,True,True,True,False,0.0,475.9623930948665,26.450650812775283,338.2257204369037,0.0,-0.09667591893973809,840.5420884256058
2025-08-28T09:30:00Z,2025-08-28T09:45:00Z,2025-08-28,2025-08-28_12,0.0,49,49,51,59.79244279999977,66.77308079999978,0.01939066111111111,0.0,7.587649999999999,True,True,True,False,0.0,475.9623930948665,26.450650812775283,338.2257204369037,0.0,-0.043461622785360164,840.5953027217602
2025-08-28T09:45:00Z,2025-08-28T10:00:00Z,2025-08-28,2025-08-28_12,0.0,49,49,51,66.77308079999978,73.25355619999978,0.018001320555555558,0.0,7.043995,True,True,True,False,0.0,475.9623930948665,26.450650812775283,338.2257204369037,0.0,-0.08069519642892413,840.5580691481166
2025-08-28T10:00:00Z,2025-08-28T10:15:00Z,2025-08-28,2025-08-28_13,8.905363221711294,91,100,0,73.25355619999978,81.93658134966614,0.031176853328791113,0.0,11.8765,True,True,True,False,12.066767165418803,0.0,49.12263722372553,684.3311145786012,0.0,-0.3331021746429912,745.1874167931026
2025-08-28T10:15:00Z,2025-08-28T10:30:00Z,2025-08-28,2025-08-28_13,8.905363221711294,91,100,0,81.93658134966614,93.10074639608173,0.03664168432275504,0.0,14.530499999999998,True,True,True,False,12.066767165418803,0.0,49.12263722372553,684.3311145786012,0.0,-0.14062977740030416,745.3798891903452
2025-08-28T10:30:00Z,2025-08-28T10:45:00Z,2025-08-28,2025-08-28_13,8.905363221711294,91,100,0,93.10074639608173,112.55345188129863,0.054897596753984944,0.0,23.3965,True,True,True,False,12.066767165418803,0.0,49.12263722372553,684.3311145786012,0.0,10497.823640502478,11243.344159470224
2025-08-28T10:45:00Z,2025-08-28T11:00:00Z,2025-08-28,2025-08-28_13,8.905363221711294,91,100,0,112.55345188129863,130.7880242521733,0.05221459947247214,0.0,22.0935,True,True,True,False,12.066767165418803,0.0,49.12263722372553,684.3311145786012,0.0,8816.74611872642,9562.266637694165
2025-08-28T11:00:00Z,2025-08-28T11:15:00Z,2025-08-28,2025-08-28_14,0.0,49,49,51,130.7880242521733,135.3309612521733,0.012619269444444445,0.0,4.937975,True,True,True,False,0.0,475.9623930948665,26.450650812775283,336.4110490035355,0.0,-24.014462156076558,814.8096307551007
2025-08-28T11:15:00Z,2025-08-28T11:30:00Z,2025-08-28,2025-08-28_14,0.0,49,49,51,135.3309612521733,139.53151565217328,0.011668206666666665,0.0,4.5658199999999995,True,True,True,False,0.0,475.9623930948665,26.450650812775283,336.4110490035355,0.0,-9.219296818029193,829.6047960931481
2025-08-28T11:30:00Z,2025-08-28T11:45:00Z,2025-08-28,2025-08-28_14,0.0,49,49,51,139.53151565217328,144.1120944521733,0.012723829999999998,0.0,4.97889,True,True,True,False,0.0,475.9623930948665,26.450650812775283,336.4110490035355,0.0,-0.2311005846451638,838.5929923265321
2025-08-28T11:45:00Z,2025-08-28T12:00:00Z,2025-08-28,2025-08-28_14,0.0,49,49,51,144.1120944521733,148.0171494521733,0.010847375000000001,0.0,4.244625,True,True,True,False,0.0,475.9623930948665,26.450650812775283,336.4110490035355,0.0,-41.47289290722709,797.3512000039502
2025-08-28T12:00:00Z,2025-08-28T12:15:00Z,2025-08-28,2025-08-28_15,0.0,9,9,91,148.0171494521733,148.10539953912982,0.0002516608695652175,0.00108,0.09720000000000001,True,True,True,False,0.0,1004.2910189812162,4.647632779632226,61.723123111260335,0.10132532738154022,-4.1383482193999495,1066.6247519800904
2025-08-28T12:15:00Z,2025-08-28T12:30:00Z,2025-08-28,2025-08-28_15,0.0,9,9,91,148.10539953912982,148.1059277999994,2.728260869565217e-05,0.004275,0.005625,True,True,True,False,0.0,1004.2910189812162,4.647632779632226,61.723123111260335,0.4010794208852634,-0.42796618538782116,1070.6348881076062
2025-08-28T12:30:00Z,2025-08-28T12:45:00Z,2025-08-28,2025-08-28_15,0.0,9,9,91,148.1059277999994,148.12190217391245,0.0001449167391304348,0.01665,0.037035,True,True,True,False,0.0,1004.2910189812162,4.647632779632226,61.723123111260335,1.5620987971320786,-1.6422709869837446,1070.5816026822572
2025-08-28T12:45:00Z,2025-08-28T13:00:00Z,2025-08-28,2025-08-28_15,0.0,9,9,91,148.12190217391245,148.11547468695593,6.937413043478261e-05,0.014445000000000001,0.01008,True,True,True,False,0.0,1004.2910189812162,4.647632779632226,61.723123111260335,1.3552833158861524,-0.4476082245353454,1071.5694499634596
2025-08-28T13:00:00Z,2025-08-28T13:15:00Z,2025-08-28,2025-08-28_16,0.0,11,11,89,148.11547468695593,148.89876268695593,0.0021758,0.0,0.8513999999999999,True,True,True,False,0.0,982.218688893717,5.6804400639949435,70.77900017776373,0.0,-8.441184775523908,1050.2369443599516
2025-08-28T13:15:00Z,2025-08-28T13:30:00Z,2025-08-28,2025-08-28_16,0.0,11,11,89,148.89876268695593,148.5019062173907,0.0012567090821256038,0.390665,0.030195,True,True,True,False,0.0,982.218688893717,5.6804400639949435,70.77900017776373,48.83655872227379,-1.6228746439787474,1105.8918132137708
2025-08-28T13:30:00Z,2025-08-28T13:45:00Z,2025-08-28,2025-08-28_16,0.0,11,11,89,148.5019062173907,148.0977159999994,0.0011227506038647345,0.37185500000000005,0.0,True,True,True,False,0.0,982.218688893717,5.6804400639949435,70.77900017776373,40.53945891188845,0.0,1099.2175880473642
2025-08-28T13:45:00Z,2025-08-28T14:00:00Z,2025-08-28,2025-08-28_16,0.0,11,11,89,148.0977159999994,148.0898154173907,0.00010824717391304348,0.02156,0.016884999999999997,True,True,True,False,0.0,982.218688893717,5.6804400639949435,70.77900017776373,2.2742395386043572,-0.7248453791305378,1060.2275232949494
2025-08-28T14:00:00Z,2025-08-28T14:15:00Z,2025-08-28,2025-08-28_17,0.8117876628589052,10,11,89,148.0898154173907,148.2109353114972,0.001398631051191162,0.0,0.36651999999999996,True,True,True,False,18.00950930052481,982.218688893717,5.448458393410892,10.347330581287403,0.0,-13.249854731478006,1002.7741324374621
2025-08-28T14:15:00Z,2025-08-28T14:30:00Z,2025-08-28,2025-08-28_17,0.8117876628589052,10,11,89,148.2109353114972,148.62649156505563,0.0020757705532878593,0.0,0.68233,True,True,True,False,18.00950930052481,982.218688893717,5.448458393410892,10.347330581287403,0.0,-19.376506235556697,996.6474809333833
2025-08-28T14:30:00Z,2025-08-28T14:45:00Z,2025-08-28,2025-08-28_17,0.8117876628589052,10,11,89,148.62649156505563,148.8802155040146,0.0017035914748104687,0.0,0.50875,True,True,True,False,18.00950930052481,982.218688893717,5.448458393410892,10.347330581287403,0.0,-17.51750380216872,998.5064833667714
2025-08-28T14:45:00Z,2025-08-28T15:00:00Z,2025-08-28,2025-08-28_17,0.8117876628589052,10,11,89,148.8802155040146,148.51804467841455,0.0010383153839839691,0.1361,0.00682,True,True,True,False,18.00950930052481,982.218688893717,5.448458393410892,10.347330581287403,16.055493531375298,-0.5084037962432597,1031.571076904072
2025-08-28T15:00:00Z,2025-08-28T15:15:00Z,2025-08-28,2025-08-28_18,-5.849110217725438,100,94,0,148.51804467841455,149.2939383626357,0.005162858101992509,0.529,0.00047000000000000004,True,True,True,False,-173.61621403763533,0.0,53.92166544865591,84.55154160658911,73.06644670050763,-0.0362045468012404,37.88723517131608
2025-08-28T15:15:00Z,2025-08-28T15:30:00Z,2025-08-28,2025-08-28_18,-5.849110217725438,100,94,0,149.2939383626357,149.3997434893483,0.006886171046577709,1.1595,0.010339999999999998,True,True,True,False,-173.61621403763533,0.0,53.92166544865591,84.55154160658911,172.6404327559304,-0.7965000296272885,136.7009257439128
2025-08-28T15:30:00Z,2025-08-28T15:45:00Z,2025-08-28,2025-08-28_18,-5.849110217725438,100,94,0,149.3997434893483,144.87273182616926,0.018419144875714562,5.4515,0.0,True,True,True,False,-173.61621403763533,0.0,53.92166544865591,84.55154160658911,984.2870659108416,0.0,949.1440589284514
2025-08-28T15:45:00Z,2025-08-28T16:00:00Z,2025-08-28,2025-08-28_18,-5.849110217725438,100,94,0,144.87273182616926,124.65589391304451,0.057647573476331614,20.017,0.0,True,True,True,False,-173.61621403763533,0.0,53.92166544865591,84.55154160658911,20528.801665053626,0.0,20493.658658071236
2025-08-28T16:00:00Z,2025-08-28T16:15:00Z,2025-08-28,2025-08-28_19,0.0,100,100,0,124.65589391304451,123.04585217391408,0.01070278260869565,2.513,1.219,True,True,True,False,0.0,0.0,108.96916786821782,89.94844851764799,730.9301406308638,-75.09939520827983,854.7483618084498
2025-08-28T16:15:00Z,2025-08-28T16:30:00Z,2025-08-28,2025-08-28_19,0.0,100,100,0,123.04585217391408,113.31541739130539,0.027028985507246375,8.952,0.0,True,True,True,False,0.0,0.0,108.96916786821782,89.94844851764799,6732.210244721405,0.0,6931.12786110727
2025-08-28T16:30:00Z,2025-08-28T16:45:00Z,2025-08-28,2025-08-28_19,0.0,100,100,0,113.31541739130539,97.6561782608706,0.04349788647342995,14.4065,0.0,True,True,True,False,0.0,0.0,108.96916786821782,89.94844851764799,11956.575494973236,0.0,12155.493111359103
2025-08-28T16:45:00Z,2025-08-28T17:00:00Z,2025-08-28,2025-08-28_19,0.0,100,100,0,97.6561782608706,79.8241130434793,0.04953351449275362,16.4055,0.0,True,True,True,False,0.0,0.0,108.96916786821782,89.94844851764799,11047.350741867309,0.0,11246.268358253175
2025-08-28T17:00:00Z,2025-08-28T17:15:00Z,2025-08-28,2025-08-28_20,0.0,100,100,0,79.8241130434793,86.61506695652277,0.023157239130434788,0.711,8.2215,True,True,True,False,0.0,0.0,111.72450571806672,89.35590274348694,102.79187461731419,-338.02675571312886,-34.15447263426101
2025-08-28T17:15:00Z,2025-08-28T17:30:00Z,2025-08-28,2025-08-28_20,0.0,100,100,0,86.61506695652277,86.94402173913147,0.007550236714975844,1.099,1.656,True,True,True,False,0.0,0.0,111.72450571806672,89.35590274348694,151.94848802069959,-119.72138497698947,233.3075115052638
2025-08-28T17:30:00Z,2025-08-28T17:45:00Z,2025-08-28,2025-08-28_20,0.0,100,100,0,86.94402173913147,74.26467391304452,0.03522041062801932,11.665,0.0,True,True,True,False,0.0,0.0,111.72450571806672,89.35590274348694,7516.670807244859,0.0,7717.751215706413
2025-08-28T17:45:00Z,2025-08-28T18:00:00Z,2025-08-28,2025-08-28_20,0.0,100,100,0,74.26467391304452,64.34782608695757,0.02754679951690821,9.1235,0.0,True,True,True,False,0.0,0.0,111.72450571806672,89.35590274348694,2594.17961928934,0.0,2795.2600277508936
2025-08-28T18:00:00Z,2025-08-28T18:15:00Z,2025-08-28,2025-08-28_21,0.0,0,0,100,64.34782608695757,64.34782608695757,0.0,0.0,0.0,True,False,True,False,0.0,1103.616504374963,0.0,0.0,0.0,0.0,1103.616504374963
2025-08-28T18:15:00Z,2025-08-28T18:30:00Z,2025-08-28,2025-08-28_21,0.0,0,0,100,64.34782608695757,64.34782608695757,0.0,0.0,0.0,True,False,True,False,0.0,1103.616504374963,0.0,0.0,0.0,0.0,1103.616504374963
2025-08-28T18:30:00Z,2025-08-28T18:45:00Z,2025-08-28,2025-08-28_21,0.0,0,0,100,64.34782608695757,64.34782608695757,0.0,0.0,0.0,True,False,True,False,0.0,1103.616504374963,0.0,0.0,0.0,0.0,1103.616504374963
2025-08-28T18:45:00Z,2025-08-28T19:00:00Z,2025-08-28,2025-08-28_21,0.0,0,0,100,64.34782608695757,64.34782608695757,0.0,0.0,0.0,True,False,True,False,0.0,1103.616504374963,0.0,0.0,0.0,0.0,1103.616504374963
2025-08-28T19:00:00Z,2025-08-28T19:15:00Z,2025-08-28,2025-08-28_22,3.089316242435218e-14,0,0,100,64.34782608695757,64.34782608695755,2.331911414881656e-17,0.0,0.0,True,False,True,False,9.34827094960897e-13,1103.616504374963,0.0,0.0,0.0,0.0,1103.6165043749638
2025-08-28T19:15:00Z,2025-08-28T19:30:00Z,2025-08-28,2025-08-28_22,3.089316242435218e-14,0,0,100,64.34782608695755,64.34782608695754,2.331911414881656e-17,0.0,0.0,True,False,True,False,9.34827094960897e-13,1103.616504374963,0.0,0.0,0.0,0.0,1103.6165043749638
2025-08-28T19:30:00Z,2025-08-28T19:45:00Z,2025-08-28,2025-08-28_22,3.089316242435218e-14,0,0,100,64.34782608695754,64.34782608695753,2.331911414881656e-17,0.0,0.0,True,False,True,False,9.34827094960897e-13,1103.616504374963,0.0,0.0,0.0,0.0,1103.6165043749638
2025-08-28T19:45:00Z,2025-08-28T20:00:00Z,2025-08-28,2025-08-28_22,3.089316242435218e-14,0,0,100,64.34782608695753,64.34782608695751,2.331911414881656e-17,0.0,0.0,True,False,True,False,9.34827094960897e-13,1103.616504374963,0.0,0.0,0.0,0.0,1103.6165043749638
2025-08-28T20:00:00Z,2025-08-28T20:15:00Z,2025-08-28,2025-08-28_23,0.0,0,0,100,64.34782608695751,64.34782608695751,0.0,0.0,0.0,True,True,True,False,0.0,1103.616504374963,0.0,0.0,0.0,0.0,1103.616504374963
2025-08-28T20:15:00Z,2025-08-28T20:30:00Z,2025-08-28,2025-08-28_23,0.0,0,0,100,64.34782608695751,64.34782608695751,0.0,0.0,0.0,True,True,True,False,0.0,1103.616504374963,0.0,0.0,0.0,0.0,1103.616504374963
2025-08-28T20:30:00Z,2025-08-28T20:45:00Z,2025-08-28,2025-08-28_23,0.0,0,0,100,64.34782608695751,64.34782608695751,0.0,0.0,0.0,True,True,True,False,0.0,1103.616504374963,0.0,0.0,0.0,0.0,1103.616504374963
2025-08-28T20:45:00Z,2025-08-28T21:00:00Z,2025-08-28,2025-08-28_23,0.0,0,0,100,64.34782608695751,64.34782608695751,0.0,0.0,0.0,True,True,True,False,0.0,1103.616504374963,0.0,0.0,0.0,0.0,1103.616504374963
2025-08-28T21:00:00Z,2025-08-28T21:15:00Z,2025-08-29,2025-08-28_24,0.0,0,0,100,64.34782608695751,64.34782608695751,0.0,0.0,0.0,True,True,True,False,0.0,1102.6799810546258,0.0,0.0,0.0,0.0,1102.6799810546258
2025-08-28T21:15:00Z,2025-08-28T21:30:00Z,2025-08-29,2025-08-28_24,0.0,0,0,100,64.34782608695751,64.34782608695751,0.0,0.0,0.0,True,True,True,False,0.0,1102.6799810546258,0.0,0.0,0.0,0.0,1102.6799810546258
2025-08-28T21:30:00Z,2025-08-28T21:45:00Z,2025-08-29,2025-08-28_24,0.0,0,0,100,64.34782608695751,64.34782608695751,0.0,0.0,0.0,True,True,True,False,0.0,1102.6799810546258,0.0,0.0,0.0,0.0,1102.6799810546258
2025-08-28T21:45:00Z,2025-08-28T22:00:00Z,2025-08-29,2025-08-28_24,0.0,0,0,100,64.34782608695751,64.34782608695751,0.0,0.0,0.0,True,True,True,False,0.0,1102.6799810546258,0.0,0.0,0.0,0.0,1102.6799810546258
2025-08-28T22:00:00Z,2025-08-28T22:15:00Z,2025-08-29,2025-08-29_1,0.0,0,0,100,64.34782608695751,64.34782608695751,0.0,0.0,0.0,True,True,True,False,0.0,1102.6799810546258,0.0,0.0,0.0,0.0,1102.6799810546258
2025-08-28T22:15:00Z,2025-08-28T22:30:00Z,2025-08-29,2025-08-29_1,0.0,0,0,100,64.34782608695751,64.34782608695751,0.0,0.0,0.0,True,True,True,False,0.0,1102.6799810546258,0.0,0.0,0.0,0.0,1102.6799810546258
2025-08-28T22:30:00Z,2025-08-28T22:45:00Z,2025-08-29,2025-08-29_1,0.0,0,0,100,64.34782608695751,64.34782608695751,0.0,0.0,0.0,True,True,True,False,0.0,1102.6799810546258,0.0,0.0,0.0,0.0,1102.6799810546258
2025-08-28T22:45:00Z,2025-08-28T23:00:00Z,2025-08-29,2025-08-29_1,0.0,0,0,100,64.34782608695751,64.34782608695751,0.0,0.0,0.0,True,True,True,False,0.0,1102.6799810546258,0.0,0.0,0.0,0.0,1102.6799810546258
2025-08-28T23:00:00Z,2025-08-28T23:15:00Z,2025-08-29,2025-08-29_2,0.0,0,0,100,64.34782608695751,64.34782608695751,0.0,0.0,0.0,True,True,True,False,0.0,1102.6799810546258,0.0,0.0,0.0,0.0,1102.6799810546258
2025-08-28T23:15:00Z,2025-08-28T23:30:00Z,2025-08-29,2025-08-29_2,0.0,0,0,100,64.34782608695751,64.34782608695751,0.0,0.0,0.0,True,True,True,False,0.0,1102.6799810546258,0.0,0.0,0.0,0.0,1102.6799810546258
2025-08-28T23:30:00Z,2025-08-28T23:45:00Z,2025-08-29,2025-08-29_2,0.0,0,0,100,64.34782608695751,64.34782608695751,0.0,0.0,0.0,True,True,True,False,0.0,1102.6799810546258,0.0,0.0,0.0,0.0,1102.6799810546258
2025-08-28T23:45:00Z,2025-08-29T00:00:00Z,2025-08-29,2025-08-29_2,0.0,0,0,100,64.34782608695751,64.34782608695751,0.0,0.0,0.0,True,True,True,False,0.0,1102.6799810546258,0.0,0.0,0.0,0.0,1102.6799810546258
2025-08-29T00:00:00Z,2025-08-29T00:15:00Z,2025-08-29,2025-08-29_3,0.0,0,0,100,64.34782608695751,64.34782608695751,0.0,0.0,0.0,True,True,True,False,0.0,1102.6799810546258,0.0,0.0,0.0,0.0,1102.6799810546258
2025-08-29T00:15:00Z,2025-08-29T00:30:00Z,2025-08-29,2025-08-29_3,0.0,0,0,100,64.34782608695751,64.34782608695751,0.0,0.0,0.0,True,True,True,False,0.0,1102.6799810546258,0.0,0.0,0.0,0.0,1102.6799810546258
2025-08-29T00:30:00Z,2025-08-29T00:45:00Z,2025-08-29,2025-08-29_3,0.0,0,0,100,64.34782608695751,64.34782608695751,0.0,0.0,0.0,True,True,True,False,0.0,1102.6799810546258,0.0,0.0,0.0,0.0,1102.6799810546258
2025-08-29T00:45:00Z,2025-08-29T01:00:00Z,2025-08-29,2025-08-29_3,0.0,0,0,100,64.34782608695751,64.34782608695751,0.0,0.0,0.0,True,True,True,False,0.0,1102.6799810546258,0.0,0.0,0.0,0.0,1102.6799810546258
2025-08-29T01:00:00Z,2025-08-29T01:15:00Z,2025-08-29,2025-08-29_4,0.0,0,0,100,64.34782608695751,64.34782608695751,0.0,0.0,0.0,True,True,True,False,0.0,1102.6799810546258,0.0,0.0,0.0,0.0,1102.6799810546258
2025-08-29T01:15:00Z,2025-08-29T01:30:00Z,2025-08-29,2025-08-29_4,0.0,0,0,100,64.34782608695751,64.34782608695751,0.0,0.0,0.0,True,True,True,False,0.0,1102.6799810546258,0.0,0.0,0.0,0.0,1102.6799810546258
2025-08-29T01:30:00Z,2025-08-29T01:45:00Z,2025-08-29,2025-08-29_4,0.0,0,0,100,64.34782608695751,64.34782608695751,0.0,0.0,0.0,True,True,True,False,0.0,1102.6799810546258,0.0,0.0,0.0,0.0,1102.6799810546258
2025-08-29T01:45:00Z,2025-08-29T02:00:00Z,2025-08-29,2025-08-29_4,0.0,0,0,100,64.34782608695751,64.34782608695751,0.0,0.0,0.0,True,True,True,False,0.0,1102.6799810546258,0.0,0.0,0.0,0.0,1102.6799810546258
2025-08-29T02:00:00Z,2025-08-29T02:15:00Z,2025-08-29,2025-08-29_5,0.0,0,0,100,64.34782608695751,64.34782608695751,0.0,0.0,0.0,True,True,True,False,0.0,1102.6799810546258,0.0,0.0,0.0,0.0,1102.6799810546258
2025-08-29T02:15:00Z,2025-08-29T02:30:00Z,2025-08-29,2025-08-29_5,0.0,0,0,100,64.34782608695751,64.34782608695751,0.0,0.0,0.0,True,True,True,False,0.0,1102.6799810546258,0.0,0.0,0.0,0.0,1102.6799810546258
2025-08-29T02:30:00Z,2025-08-29T02:45:00Z,2025-08-29,2025-08-29_5,0.0,0,0,100,64.34782608695751,64.34782608695751,0.0,0.0,0.0,True,True,True,False,0.0,1102.6799810546258,0.0,0.0,0.0,0.0,1102.6799810546258
2025-08-29T02:45:00Z,2025-08-29T03:00:00Z,2025-08-29,2025-08-29_5,0.0,0,0,100,64.34782608695751,64.34782608695751,0.0,0.0,0.0,True,True,True,False,0.0,1102.6799810546258,0.0,0.0,0.0,0.0,1102.6799810546258
2025-08-29T03:00:00Z,2025-08-29T03:15:00Z,2025-08-29,2025-08-29_6,0.0,0,0,100,64.34782608695751,64.34782608695751,0.0,0.0,0.0,True,True,True,False,0.0,1102.6799810546258,0.0,0.0,0.0,0.0,1102.6799810546258
2025-08-29T03:15:00Z,2025-08-29T03:30:00Z,2025-08-29,2025-08-29_6,0.0,0,0,100,64.34782608695751,64.34782608695751,0.0,0.0,0.0,True,True,True,False,0.0,1102.6799810546258,0.0,0.0,0.0,0.0,1102.6799810546258
2025-08-29T03:30:00Z,2025-08-29T03:45:00Z,2025-08-29,2025-08-29_6,0.0,0,0,100,64.34782608695751,64.34782608695751,0.0,0.0,0.0,True,True,True,False,0.0,1102.6799810546258,0.0,0.0,0.0,0.0,1102.6799810546258
2025-08-29T03:45:00Z,2025-08-29T04:00:00Z,2025-08-29,2025-08-29_6,0.0,0,0,100,64.34782608695751,64.34782608695751,0.0,0.0,0.0,True,True,True,False,0.0,1102.6799810546258,0.0,0.0,0.0,0.0,1102.6799810546258
2025-08-29T04:00:00Z,2025-08-29T04:15:00Z,2025-08-29,2025-08-29_7,0.0,0,0,100,64.34782608695751,64.34782608695751,0.0,0.0,0.0,True,True,True,False,0.0,1102.6799810546258,0.0,0.0,0.0,0.0,1102.6799810546258
2025-08-29T04:15:00Z,2025-08-29T04:30:00Z,2025-08-29,2025-08-29_7,0.0,0,0,100,64.34782608695751,64.34782608695751,0.0,0.0,0.0,True,True,True,False,0.0,1102.6799810546258,0.0,0.0,0.0,0.0,1102.6799810546258
2025-08-29T04:30:00Z,2025-08-29T04:45:00Z,2025-08-29,2025-08-29_7,0.0,0,0,100,64.34782608695751,64.34782608695751,0.0,0.0,0.0,True,True,True,False,0.0,1102.6799810546258,0.0,0.0,0.0,0.0,1102.6799810546258
2025-08-29T04:45:00Z,2025-08-29T05:00:00Z,2025-08-29,2025-08-29_7,0.0,0,0,100,64.34782608695751,64.34782608695751,0.0,0.0,0.0,True,True,True,False,0.0,1102.6799810546258,0.0,0.0,0.0,0.0,1102.6799810546258
2025-08-29T05:00:00Z,2025-08-29T05:15:00Z,2025-08-29,2025-08-29_8,39.84455587646136,60,100,0,64.34782608695751,55.48056357724481,0.03074207528141806,0.0006000000000000001,1.9875,True,True,True,False,1082.0785262149993,0.0,66.48050205241553,82.23476476160404,0.08276760341016737,-138.86495253789076,1092.0116080945384
2025-08-29T05:15:00Z,2025-08-29T05:30:00Z,2025-08-29,2025-08-29_8,39.84455587646136,60,100,0,55.48056357724481,45.300876962780244,0.03047217993661657,0.052199999999999996,0.714,True,True,True,False,1082.0785262149993,0.0,66.48050205241553,82.23476476160404,7.1564951452478685,-52.166160009472684,1185.784128164794
2025-08-29T05:30:00Z,2025-08-29T05:45:00Z,2025-08-29,2025-08-29_8,39.84455587646136,60,100,0,45.300876962780244,47.102034002235044,0.03435488894636915,0.0,12.801000000000002,True,True,True,False,1082.0785262149993,0.0,66.48050205241553,82.23476476160404,0.0,354.59164094569,1585.385433974709
2025-08-29T05:45:00Z,2025-08-29T06:00:00Z,2025-08-29,2025-08-29_8,39.84455587646136,60,100,0,47.102034002235044,59.456521739131425,0.037930738921844225,0.0,23.4985,True,True,True,False,1082.0785262149993,0.0,66.48050205241553,82.23476476160404,0.0,1815.499340957531,3046.29313398655
2025-08-29T06:00:00Z,2025-08-29T06:15:00Z,2025-08-29,2025-08-29_9,0.0,0,0,91,59.456521739131425,59.456521739131425,0.0,0.0,0.0,True,False,True,False,0.0,848.5455478370699,0.0,0.0,0.0,0.0,848.5455478370699
2025-08-29T06:15:00Z,2025-08-29T06:30:00Z,2025-08-29,2025-08-29_9,0.0,0,0,91,59.456521739131425,59.456521739131425,0.0,0.0,0.0,True,False,True,False,0.0,848.5455478370699,0.0,0.0,0.0,0.0,848.5455478370699
2025-08-29T06:30:00Z,2025-08-29T06:45:00Z,2025-08-29,2025-08-29_9,0.0,0,0,91,59.456521739131425,59.456521739131425,0.0,0.0,0.0,True,False,True,False,0.0,848.5455478370699,0.0,0.0,0.0,0.0,848.5455478370699
2025-08-29T06:45:00Z,2025-08-29T07:00:00Z,2025-08-29,2025-08-29_9,0.0,0,0,91,59.456521739131425,59.456521739131425,0.0,0.0,0.0,True,False,True,False,0.0,848.5455478370699,0.0,0.0,0.0,0.0,848.5455478370699
2025-08-29T07:00:00Z,2025-08-29T07:15:00Z,2025-08-29,2025-08-29_10,19.999999999999996,0,0,51,59.456521739131425,54.021739130435776,0.015096618357487919,0.0,0.0,True,False,True,False,400.59999999999997,475.55849384275336,0.0,0.0,0.0,0.0,876.1584938427534
2025-08-29T07:15:00Z,2025-08-29T07:30:00Z,2025-08-29,2025-08-29_10,19.999999999999996,0,0,51,54.021739130435776,48.58695652174013,0.015096618357487919,0.0,0.0,True,False,True,False,400.59999999999997,475.55849384275336,0.0,0.0,0.0,0.0,876.1584938427534
2025-08-29T07:30:00Z,2025-08-29T07:45:00Z,2025-08-29,2025-08-29_10,19.999999999999996,0,0,51,48.58695652174013,43.15217391304448,0.015096618357487919,0.0,0.0,True,False,True,False,400.59999999999997,475.55849384275336,0.0,0.0,0.0,0.0,876.1584938427534
2025-08-29T07:45:00Z,2025-08-29T08:00:00Z,2025-08-29,2025-08-29_10,19.999999999999996,0,0,51,43.15217391304448,37.71739130434883,0.015096618357487919,0.0,0.0,True,False,True,False,400.59999999999997,475.55849384275336,0.0,0.0,0.0,0.0,876.1584938427534
2025-08-29T08:00:00Z,2025-08-29T08:15:00Z,2025-08-29,2025-08-29_11,0.0,100,100,0,37.71739130434883,53.81095130434883,0.04470433333333333,0.0,17.493,True,True,True,False,0.0,0.0,52.15898326491949,560.3686454057469,0.0,9027.267621171455,9639.795249842122
2025-08-29T08:15:00Z,2025-08-29T08:30:00Z,2025-08-29,2025-08-29_11,0.0,100,100,0,53.81095130434883,63.46083130434884,0.026805222222222227,0.0,10.489,True,True,True,False,0.0,0.0,52.15898326491949,560.3686454057469,0.0,-63.68084859488475,548.8467800757816
2025-08-29T08:30:00Z,2025-08-29T08:45:00Z,2025-08-29,2025-08-29_11,0.0,100,100,0,63.46083130434884,74.99027130434884,0.03202622222222222,0.0,12.531999999999998,True,True,True,False,0.0,0.0,52.15898326491949,560.3686454057469,0.0,-0.33882301862961794,612.1888056520368
2025-08-29T08:45:00Z,2025-08-29T09:00:00Z,2025-08-29,2025-08-29_11,0.0,100,100,0,74.99027130434884,87.66879130434884,0.03521811111111112,0.0,13.781000000000002,True,True,True,False,0.0,0.0,52.15898326491949,560.3686454057469,0.0,-0.23660937006630886,612.2910193006
2025-08-29T09:00:00Z,2025-08-29T09:15:00Z,2025-08-29,2025-08-29_12,-8.0,9,1,91,87.66879130434884,89.49999627826188,0.005105973961352658,0.028755,0.019775,True,True,True,False,-38.38,1003.4387827597096,4.694308493842754,6.832471581938743,3.1106154799494794,-0.4143219973555416,979.281856318085
2025-08-29T09:15:00Z,2025-08-29T09:30:00Z,2025-08-29,2025-08-29_12,-8.0,9,1,91,89.49999627826188,91.34841427826187,0.0051344944444444455,0.0,0.00915,True,True,True,False,-38.38,1003.4387827597096,4.694308493842754,6.832471581938743,0.0,-0.41448929389011685,976.171073541601
2025-08-29T09:30:00Z,2025-08-29T09:45:00Z,2025-08-29,2025-08-29_12,-8.0,9,1,91,91.34841427826187,93.19375487826187,0.005125946111111111,0.0,0.005805,True,True,True,False,-38.38,1003.4387827597096,4.694308493842754,6.832471581938743,0.0,-0.31625977265551003,976.2693030628357
2025-08-29T09:45:00Z,2025-08-29T10:00:00Z,2025-08-29,2025-08-29_12,-8.0,9,1,91,93.19375487826187,95.04000379130535,0.005128891908212562,0.00063,0.007435000000000001,True,True,True,False,-38.38,1003.4387827597096,4.694308493842754,6.832471581938743,0.04662338174928955,-0.30230658351752454,976.3298796337228
2025-08-29T10:00:00Z,2025-08-29T10:15:00Z,2025-08-29,2025-08-29_13,-9.0,9,0,91,95.04000379130535,97.11000379130536,0.00575,0.0,0.0,True,True,True,False,-25.38,1003.4387827597096,4.694308493842754,0.0,0.0,0.0,982.7530912535524
2025-08-29T10:15:00Z,2025-08-29T10:30:00Z,2025-08-29,2025-08-29_13,-9.0,9,0,91,97.11000379130536,99.18000379130537,0.00575,0.0,0.0,True,True,True,False,-25.38,1003.4387827597096,4.694308493842754,0.0,0.0,0.0,982.7530912535524
2025-08-29T10:30:00Z,2025-08-29T10:45:00Z,2025-08-29,2025-08-29_13,-9.0,9,0,91,99.18000379130537,101.25000379130536,0.00575,0.0,0.0,True,True,True,False,-25.38,1003.4387827597096,4.694308493842754,0.0,0.0,0.0,982.7530912535524
2025-08-29T10:45:00Z,2025-08-29T11:00:00Z,2025-08-29,2025-08-29_13,-9.0,9,0,91,101.25000379130536,103.32000379130537,0.005750000000000001,0.0,0.0,True,True,True,False,-25.38,1003.4387827597096,4.694308493842754,0.0,0.0,0.0,982.7530912535524
2025-08-29T11:00:00Z,2025-08-29T11:15:00Z,2025-08-29,2025-08-29_14,-9.0,9,0,91,103.32000379130537,105.39000379130536,0.005750000000000001,0.0,0.0,True,True,True,False,-18.9675,1003.4387827597096,4.6436888222292385,0.0,0.0,0.0,989.1149715819389
2025-08-29T11:15:00Z,2025-08-29T11:30:00Z,2025-08-29,2025-08-29_14,-9.0,9,0,91,105.39000379130536,107.46000379130535,0.00575,0.0,0.0,True,True,True,False,-18.9675,1003.4387827597096,4.6436888222292385,0.0,0.0,0.0,989.1149715819389
2025-08-29T11:30:00Z,2025-08-29T11:45:00Z,2025-08-29,2025-08-29_14,-9.0,9,0,91,107.46000379130535,109.53000379130536,0.00575,0.0,0.0,True,True,True,False,-18.9675,1003.4387827597096,4.6436888222292385,0.0,0.0,0.0,989.1149715819389
2025-08-29T11:45:00Z,2025-08-29T12:00:00Z,2025-08-29,2025-08-29_14,-9.0,9,0,91,109.53000379130536,111.60000379130535,0.00575,0.0,0.0,True,True,True,False,-18.9675,1003.4387827597096,4.6436888222292385,0.0,0.0,0.0,989.1149715819389
2025-08-29T12:00:00Z,2025-08-29T12:15:00Z,2025-08-29,2025-08-29_15,-70.0,70,0,30,111.60000379130535,127.69807179130535,0.04471685555555556,0.0021,0.0,True,True,True,False,-176.225,330.8039943163878,34.58418850647301,0.0,0.19685427849700032,0.0,189.36003710135782
2025-08-29T12:15:00Z,2025-08-29T12:30:00Z,2025-08-29,2025-08-29_15,-70.0,70,0,30,127.69807179130535,143.79807179130535,0.044722222222222226,0.0,0.0,True,True,True,False,-176.225,330.8039943163878,34.58418850647301,0.0,0.0,0.0,189.1631828228608
2025-08-29T12:30:00Z,2025-08-29T12:45:00Z,2025-08-29,2025-08-29_15,-70.0,70,0,30,143.79807179130535,159.89807179130537,0.044722222222222226,0.0,0.0,True,True,True,False,-176.225,330.8039943163878,34.58418850647301,0.0,0.0,0.0,189.1631828228608
2025-08-29T12:45:00Z,2025-08-29T13:00:00Z,2025-08-29,2025-08-29_15,-70.0,70,0,30,159.89807179130537,175.99710579130536,0.044719538888888896,0.00105,0.0,True,True,True,False,-176.225,330.8039943163878,34.58418850647301,0.0,0.09842713924850016,0.0,189.2616099621093
2025-08-29T13:00:00Z,2025-08-29T13:15:00Z,2025-08-29,2025-08-29_16,4.947343906671372,75,80,20,175.99710579130536,179.3921659880712,0.014997082169102107,0.0,5.0944,True,True,True,False,99.73845315849486,220.5359962109252,37.05448768550679,532.0808335964635,0.0,-74.14789011682981,815.2618805345605
2025-08-29T13:15:00Z,2025-08-29T13:30:00Z,2025-08-29,2025-08-29_16,4.947343906671372,75,80,20,179.3921659880712,178.1102178793348,0.005319784268339381,0.2565,0.3668,True,True,True,False,99.73845315849486,220.5359962109252,37.05448768550679,532.0808335964635,24.044344016419327,-16.415371329333755,897.038743338476
2025-08-29T13:30:00Z,2025-08-29T13:45:00Z,2025-08-29,2025-08-29_16,4.947343906671372,75,80,20,178.1102178793348,179.66061174480177,0.010636584377404945,0.004124999999999999,3.1164000000000005,True,True,True,False,99.73845315849486,220.5359962109252,37.05448768550679,532.0808335964635,0.38667804704767916,-54.0468336754026,835.7496150230355
2025-08-29T13:45:00Z,2025-08-29T14:00:00Z,2025-08-29,2025-08-29_16,4.947343906671372,75,80,20,179.66061174480177,178.63187614250432,0.004677792589214126,0.0345,0.3796,True,True,True,False,99.73845315849486,220.5359962109252,37.05448768550679,532.0808335964635,3.234034575307863,-14.282120382065047,878.3616848446333
2025-08-29T14:00:00Z,2025-08-29T14:15:00Z,2025-08-29,2025-08-29_17,50.999999999999986,49,100,0,178.63187614250432,180.51982633380868,0.033990320579710145,0.0,15.665999999999999,True,True,True,False,1178.3549999999998,0.0,26.19612409220082,86.58628039153774,0.0,3671.792949557941,4962.9303540416795
2025-08-29T14:15:00Z,2025-08-29T14:30:00Z,2025-08-29,2025-08-29_17,50.999999999999986,49,100,0,180.51982633380868,171.19887054250432,0.03719785830917874,0.0,4.5145,True,True,True,False,1178.3549999999998,0.0,26.19612409220082,86.58628039153774,0.0,-90.399583892485,1200.7378205912532
2025-08-29T14:30:00Z,2025-08-29T14:45:00Z,2025-08-29,2025-08-29_17,50.999999999999986,49,100,0,171.19887054250432,158.13381316859127,0.03831040826086955,0.01519,0.8060000000000002,True,True,True,False,1178.3549999999998,0.0,26.19612409220082,86.58628039153774,1.4239126144616359,-36.33410206820336,1256.2272150299966
2025-08-29T14:45:00Z,2025-08-29T15:00:00Z,2025-08-29,2025-08-29_17,50.999999999999986,49,100,0,158.13381316859127,143.97631799467825,0.03942655326086955,0.31188499999999997,0.04,True,True,True,False,1178.3549999999998,0.0,26.19612409220082,86.58628039153774,40.29177269201926,-2.9598200189453743,1328.4693571568123
2025-08-29T15:00:00Z,2025-08-29T15:15:00Z,2025-08-29,2025-08-29_18,0.0,0,0,100,143.97631799467825,143.97631799467825,0.0,0.0,0.0,True,True,True,False,0.0,1102.6799810546258,0.0,0.0,0.0,0.0,1102.6799810546258
2025-08-29T15:15:00Z,2025-08-29T15:30:00Z,2025-08-29,2025-08-29_18,0.0,0,0,100,143.97631799467825,143.97631799467825,0.0,0.0,0.0,True,True,True,False,0.0,1102.6799810546258,0.0,0.0,0.0,0.0,1102.6799810546258
2025-08-29T15:30:00Z,2025-08-29T15:45:00Z,2025-08-29,2025-08-29_18,0.0,0,0,100,143.97631799467825,143.97631799467825,0.0,0.0,0.0,True,True,True,False,0.0,1102.6799810546258,0.0,0.0,0.0,0.0,1102.6799810546258
2025-08-29T15:45:00Z,2025-08-29T16:00:00Z,2025-08-29,2025-08-29_18,0.0,0,0,100,143.97631799467825,143.97631799467825,0.0,0.0,0.0,True,True,True,False,0.0,1102.6799810546258,0.0,0.0,0.0,0.0,1102.6799810546258
2025-08-29T16:00:00Z,2025-08-29T16:15:00Z,2025-08-29,2025-08-29_19,0.0,0,0,100,143.97631799467825,143.97631799467825,0.0,0.0,0.0,True,True,True,False,0.0,1102.6799810546258,0.0,0.0,0.0,0.0,1102.6799810546258
2025-08-29T16:15:00Z,2025-08-29T16:30:00Z,2025-08-29,2025-08-29_19,0.0,0,0,100,143.97631799467825,143.97631799467825,0.0,0.0,0.0,True,True,True,False,0.0,1102.6799810546258,0.0,0.0,0.0,0.0,1102.6799810546258
2025-08-29T16:30:00Z,2025-08-29T16:45:00Z,2025-08-29,2025-08-29_19,0.0,0,0,100,143.97631799467825,143.97631799467825,0.0,0.0,0.0,True,True,True,False,0.0,1102.6799810546258,0.0,0.0,0.0,0.0,1102.6799810546258
2025-08-29T16:45:00Z,2025-08-29T17:00:00Z,2025-08-29,2025-08-29_19,0.0,0,0,100,143.97631799467825,143.97631799467825,0.0,0.0,0.0,True,True,True,False,0.0,1102.6799810546258,0.0,0.0,0.0,0.0,1102.6799810546258
2025-08-29T17:00:00Z,2025-08-29T17:15:00Z,2025-08-29,2025-08-29_20,95.99999999999999,0,96,4,143.97631799467825,127.58170929902609,0.04554057971014491,0.0,8.916960000000001,True,True,True,False,3686.399999999999,44.10719924218503,0.0,81.87243448058099,0.0,-344.0997707609726,3468.279862961793
2025-08-29T17:15:00Z,2025-08-29T17:30:00Z,2025-08-29,2025-08-29_20,95.99999999999999,0,96,4,127.58170929902609,108.92588321206956,0.05182173913043478,0.0,6.83664,True,True,True,False,3686.399999999999,44.10719924218503,0.0,81.87243448058099,0.0,-299.9475959583202,3512.432037764445
2025-08-29T17:30:00Z,2025-08-29T17:45:00Z,2025-08-29,2025-08-29_20,95.99999999999999,0,96,4,108.92588321206956,86.76918755989566,0.06154637681159419,0.0,3.6158400000000004,True,True,True,False,3686.399999999999,44.10719924218503,0.0,81.87243448058099,0.0,-217.50270899905274,3594.8769247237124
2025-08-29T17:45:00Z,2025-08-29T18:00:00Z,2025-08-29,2025-08-29_20,95.99999999999999,0,96,4,86.76918755989566,64.48675277728697,0.06189565217391303,0.0,3.50016,True,True,True,False,3686.399999999999,44.10719924218503,0.0,81.87243448058099,0.0,-210.16985361540895,3602.2097801073564
2025-08-29T18:00:00Z,2025-08-29T18:15:00Z,2025-08-29,2025-08-29_21,0.0,0,0,100,64.48675277728697,64.48675277728697,0.0,0.0,0.0,True,True,True,False,0.0,1102.6799810546258,0.0,0.0,0.0,0.0,1102.6799810546258
2025-08-29T18:15:00Z,2025-08-29T18:30:00Z,2025-08-29,2025-08-29_21,0.0,0,0,100,64.48675277728697,64.48675277728697,0.0,0.0,0.0,True,True,True,False,0.0,1102.6799810546258,0.0,0.0,0.0,0.0,1102.6799810546258
2025-08-29T18:30:00Z,2025-08-29T18:45:00Z,2025-08-29,2025-08-29_21,0.0,0,0,100,64.48675277728697,64.48675277728697,0.0,0.0,0.0,True,True,True,False,0.0,1102.6799810546258,0.0,0.0,0.0,0.0,1102.6799810546258
2025-08-29T18:45:00Z,2025-08-29T19:00:00Z,2025-08-29,2025-08-29_21,0.0,0,0,100,64.48675277728697,64.48675277728697,0.0,0.0,0.0,True,True,True,False,0.0,1102.6799810546258,0.0,0.0,0.0,0.0,1102.6799810546258
2025-08-29T19:00:00Z,2025-08-29T19:15:00Z,2025-08-29,2025-08-29_22,0.0,0,0,100,64.48675277728697,64.48675277728697,0.0,0.0,0.0,True,True,True,False,0.0,1102.6799810546258,0.0,0.0,0.0,0.0,1102.6799810546258
2025-08-29T19:15:00Z,2025-08-29T19:30:00Z,2025-08-29,2025-08-29_22,0.0,0,0,100,64.48675277728697,64.48675277728697,0.0,0.0,0.0,True,True,True,False,0.0,1102.6799810546258,0.0,0.0,0.0,0.0,1102.6799810546258
2025-08-29T19:30:00Z,2025-08-29T19:45:00Z,2025-08-29,2025-08-29_22,0.0,0,0,100,64.48675277728697,64.48675277728697,0.0,0.0,0.0,True,True,True,False,0.0,1102.6799810546258,0.0,0.0,0.0,0.0,1102.6799810546258
2025-08-29T19:45:00Z,2025-08-29T20:00:00Z,2025-08-29,2025-08-29_22,0.0,0,0,100,64.48675277728697,64.48675277728697,0.0,0.0,0.0,True,True,True,False,0.0,1102.6799810546258,0.0,0.0,0.0,0.0,1102.6799810546258
2025-08-29T20:00:00Z,2025-08-29T20:15:00Z,2025-08-29,2025-08-29_23,0.0,0,0,100,64.48675277728697,64.48675277728697,0.0,0.0,0.0,True,True,True,False,0.0,1102.6799810546258,0.0,0.0,0.0,0.0,1102.6799810546258
2025-08-29T20:15:00Z,2025-08-29T20:30:00Z,2025-08-29,2025-08-29_23,0.0,0,0,100,64.48675277728697,64.48675277728697,0.0,0.0,0.0,True,True,True,False,0.0,1102.6799810546258,0.0,0.0,0.0,0.0,1102.6799810546258
2025-08-29T20:30:00Z,2025-08-29T20:45:00Z,2025-08-29,2025-08-29_23,0.0,0,0,100,64.48675277728697,64.48675277728697,0.0,0.0,0.0,True,True,True,False,0.0,1102.6799810546258,0.0,0.0,0.0,0.0,1102.6799810546258
2025-08-29T20:45:00Z,2025-08-29T21:00:00Z,2025-08-29,2025-08-29_23,0.0,0,0,100,64.48675277728697,64.48675277728697,0.0,0.0,0.0,True,True,True,False,0.0,1102.6799810546258,0.0,0.0,0.0,0.0,1102.6799810546258
2025-08-29T21:00:00Z,2025-08-29T21:15:00Z,2025-08-30,2025-08-29_24,0.0,0,0,100,64.48675277728697,64.48675277728697,0.0,0.0,0.0,True,True,True,False,0.0,1101.5929971215648,0.0,0.0,0.0,0.0,1101.5929971215648
2025-08-29T21:15:00Z,2025-08-29T21:30:00Z,2025-08-30,2025-08-29_24,0.0,0,0,100,64.48675277728697,64.48675277728697,0.0,0.0,0.0,True,True,True,False,0.0,1101.5929971215648,0.0,0.0,0.0,0.0,1101.5929971215648
2025-08-29T21:30:00Z,2025-08-29T21:45:00Z,2025-08-30,2025-08-29_24,0.0,0,0,100,64.48675277728697,64.48675277728697,0.0,0.0,0.0,True,True,True,False,0.0,1101.5929971215648,0.0,0.0,0.0,0.0,1101.5929971215648
2025-08-29T21:45:00Z,2025-08-29T22:00:00Z,2025-08-30,2025-08-29_24,0.0,0,0,100,64.48675277728697,64.48675277728697,0.0,0.0,0.0,True,True,True,False,0.0,1101.5929971215648,0.0,0.0,0.0,0.0,1101.5929971215648
2025-08-29T22:00:00Z,2025-08-29T22:15:00Z,2025-08-30,2025-08-30_1,-32.86397435504496,100,67,0,64.48675277728697,70.45248900404565,0.02401280443853947,1.8355,0.32763000000000003,True,True,True,False,-774.0287559971964,0.0,74.43515634241554,67.86256456764323,297.29729781948663,-14.029788111667525,-348.4635253793185
2025-08-29T22:15:00Z,2025-08-29T22:30:00Z,2025-08-30,2025-08-30_1,-32.86397435504496,100,67,0,70.45248900404565,70.91817850954051,0.02915543801314715,6.8725,0.0,True,True,True,False,-774.0287559971964,0.0,74.43515634241554,67.86256456764323,1222.0359681203422,0.0,590.3049330332045
2025-08-29T22:30:00Z,2025-08-29T22:45:00Z,2025-08-30,2025-08-30_1,-32.86397435504496,100,67,0,70.91817850954051,69.16745909247948,0.031704943123954506,9.02,0.0,True,True,True,False,-774.0287559971964,0.0,74.43515634241554,67.86256456764323,2704.3550530341863,0.0,2072.6240179470487
2025-08-29T22:45:00Z,2025-08-29T23:00:00Z,2025-08-30,2025-08-30_1,-32.86397435504496,100,67,0,69.16745909247948,64.34782608695745,0.035235072784948994,11.9935,0.0,True,True,True,False,-774.0287559971964,0.0,74.43515634241554,67.86256456764323,9969.962790012225,0.0,9338.231754925087
2025-08-29T23:00:00Z,2025-08-29T23:15:00Z,2025-08-30,2025-08-30_2,0.0,0,0,100,64.34782608695745,64.34782608695745,0.0,0.0,0.0,True,True,True,False,0.0,1101.5929971215648,0.0,0.0,0.0,0.0,1101.5929971215648
2025-08-29T23:15:00Z,2025-08-29T23:30:00Z,2025-08-30,2025-08-30_2,0.0,0,0,100,64.34782608695745,64.34782608695745,0.0,0.0,0.0,True,True,True,False,0.0,1101.5929971215648,0.0,0.0,0.0,0.0,1101.5929971215648
2025-08-29T23:30:00Z,2025-08-29T23:45:00Z,2025-08-30,2025-08-30_2,0.0,0,0,100,64.34782608695745,64.34782608695745,0.0,0.0,0.0,True,True,True,False,0.0,1101.5929971215648,0.0,0.0,0.0,0.0,1101.5929971215648
2025-08-29T23:45:00Z,2025-08-30T00:00:00Z,2025-08-30,2025-08-30_2,0.0,0,0,100,64.34782608695745,64.34782608695745,0.0,0.0,0.0,True,True,True,False,0.0,1101.5929971215648,0.0,0.0,0.0,0.0,1101.5929971215648
2025-08-30T00:00:00Z,2025-08-30T00:15:00Z,2025-08-30,2025-08-30_3,0.0,0,0,100,64.34782608695745,64.34782608695745,0.0,0.0,0.0,True,True,True,False,0.0,1101.5929971215648,0.0,0.0,0.0,0.0,1101.5929971215648
2025-08-30T00:15:00Z,2025-08-30T00:30:00Z,2025-08-30,2025-08-30_3,0.0,0,0,100,64.34782608695745,64.34782608695745,0.0,0.0,0.0,True,True,True,False,0.0,1101.5929971215648,0.0,0.0,0.0,0.0,1101.5929971215648
2025-08-30T00:30:00Z,2025-08-30T00:45:00Z,2025-08-30,2025-08-30_3,0.0,0,0,100,64.34782608695745,64.34782608695745,0.0,0.0,0.0,True,True,True,False,0.0,1101.5929971215648,0.0,0.0,0.0,0.0,1101.5929971215648
2025-08-30T00:45:00Z,2025-08-30T01:00:00Z,2025-08-30,2025-08-30_3,0.0,0,0,100,64.34782608695745,64.34782608695745,0.0,0.0,0.0,True,True,True,False,0.0,1101.5929971215648,0.0,0.0,0.0,0.0,1101.5929971215648
2025-08-30T01:00:00Z,2025-08-30T01:15:00Z,2025-08-30,2025-08-30_4,0.0,0,0,100,64.34782608695745,64.34782608695745,0.0,0.0,0.0,True,True,True,False,0.0,1101.5929971215648,0.0,0.0,0.0,0.0,1101.5929971215648
2025-08-30T01:15:00Z,2025-08-30T01:30:00Z,2025-08-30,2025-08-30_4,0.0,0,0,100,64.34782608695745,64.34782608695745,0.0,0.0,0.0,True,True,True,False,0.0,1101.5929971215648,0.0,0.0,0.0,0.0,1101.5929971215648
2025-08-30T01:30:00Z,2025-08-30T01:45:00Z,2025-08-30,2025-08-30_4,0.0,0,0,100,64.34782608695745,64.34782608695745,0.0,0.0,0.0,True,True,True,False,0.0,1101.5929971215648,0.0,0.0,0.0,0.0,1101.5929971215648
2025-08-30T01:45:00Z,2025-08-30T02:00:00Z,2025-08-30,2025-08-30_4,0.0,0,0,100,64.34782608695745,64.34782608695745,0.0,0.0,0.0,True,True,True,False,0.0,1101.5929971215648,0.0,0.0,0.0,0.0,1101.5929971215648
2025-08-30T02:00:00Z,2025-08-30T02:15:00Z,2025-08-30,2025-08-30_5,0.0,0,0,100,64.34782608695745,64.34782608695745,0.0,0.0,0.0,True,True,True,False,0.0,1101.5929971215648,0.0,0.0,0.0,0.0,1101.5929971215648
2025-08-30T02:15:00Z,2025-08-30T02:30:00Z,2025-08-30,2025-08-30_5,0.0,0,0,100,64.34782608695745,64.34782608695745,0.0,0.0,0.0,True,True,True,False,0.0,1101.5929971215648,0.0,0.0,0.0,0.0,1101.5929971215648
2025-08-30T02:30:00Z,2025-08-30T02:45:00Z,2025-08-30,2025-08-30_5,0.0,0,0,100,64.34782608695745,64.34782608695745,0.0,0.0,0.0,True,True,True,False,0.0,1101.5929971215648,0.0,0.0,0.0,0.0,1101.5929971215648
2025-08-30T02:45:00Z,2025-08-30T03:00:00Z,2025-08-30,2025-08-30_5,0.0,0,0,100,64.34782608695745,64.34782608695745,0.0,0.0,0.0,True,True,True,False,0.0,1101.5929971215648,0.0,0.0,0.0,0.0,1101.5929971215648
2025-08-30T03:00:00Z,2025-08-30T03:15:00Z,2025-08-30,2025-08-30_6,0.0,0,0,100,64.34782608695745,64.34782608695745,0.0,0.0,0.0,True,True,True,False,0.0,1101.5929971215648,0.0,0.0,0.0,0.0,1101.5929971215648
2025-08-30T03:15:00Z,2025-08-30T03:30:00Z,2025-08-30,2025-08-30_6,0.0,0,0,100,64.34782608695745,64.34782608695745,0.0,0.0,0.0,True,True,True,False,0.0,1101.5929971215648,0.0,0.0,0.0,0.0,1101.5929971215648
2025-08-30T03:30:00Z,2025-08-30T03:45:00Z,2025-08-30,2025-08-30_6,0.0,0,0,100,64.34782608695745,64.34782608695745,0.0,0.0,0.0,True,True,True,False,0.0,1101.5929971215648,0.0,0.0,0.0,0.0,1101.5929971215648
2025-08-30T03:45:00Z,2025-08-30T04:00:00Z,2025-08-30,2025-08-30_6,0.0,0,0,100,64.34782608695745,64.34782608695745,0.0,0.0,0.0,True,True,True,False,0.0,1101.5929971215648,0.0,0.0,0.0,0.0,1101.5929971215648
2025-08-30T04:00:00Z,2025-08-30T04:15:00Z,2025-08-30,2025-08-30_7,0.0,0,0,100,64.34782608695745,64.34782608695745,0.0,0.0,0.0,True,True,True,False,0.0,1101.5929971215648,0.0,0.0,0.0,0.0,1101.5929971215648
2025-08-30T04:15:00Z,2025-08-30T04:30:00Z,2025-08-30,2025-08-30_7,0.0,0,0,100,64.34782608695745,64.34782608695745,0.0,0.0,0.0,True,True,True,False,0.0,1101.5929971215648,0.0,0.0,0.0,0.0,1101.5929971215648
2025-08-30T04:30:00Z,2025-08-30T04:45:00Z,2025-08-30,2025-08-30_7,0.0,0,0,100,64.34782608695745,64.34782608695745,0.0,0.0,0.0,True,True,True,False,0.0,1101.5929971215648,0.0,0.0,0.0,0.0,1101.5929971215648
2025-08-30T04:45:00Z,2025-08-30T05:00:00Z,2025-08-30,2025-08-30_7,0.0,0,0,100,64.34782608695745,64.34782608695745,0.0,0.0,0.0,True,True,True,False,0.0,1101.5929971215648,0.0,0.0,0.0,0.0,1101.5929971215648
2025-08-30T05:00:00Z,2025-08-30T05:15:00Z,2025-08-30,2025-08-30_8,0.0,100,100,0,64.34782608695745,58.290217391305276,0.01682669082125604,5.573,0.0,True,True,True,False,0.0,0.0,110.57332124127599,98.33011316588464,5345.337862860299,0.0,5554.241297267459
2025-08-30T05:15:00Z,2025-08-30T05:30:00Z,2025-08-30,2025-08-30_8,0.0,100,100,0,58.290217391305276,46.506521739131365,0.032732487922705306,10.841,0.0,True,True,True,False,0.0,0.0,110.57332124127599,98.33011316588464,9301.899455463114,0.0,9510.802889870274
2025-08-30T05:30:00Z,2025-08-30T05:45:00Z,2025-08-30,2025-08-30_8,0.0,100,100,0,46.506521739131365,43.25271739130528,0.00903834541062802,2.9935,0.0,True,True,True,False,0.0,0.0,110.57332124127599,98.33011316588464,425.67579442845323,0.0,634.5792288356139
2025-08-30T05:45:00Z,2025-08-30T06:00:00Z,2025-08-30,2025-08-30_8,0.0,100,100,0,43.25271739130528,45.17197739130528,0.0056090555555555555,0.046,2.1405,True,True,True,False,0.0,0.0,110.57332124127599,98.33011316588464,6.341229052482158,-90.34815780134853,124.89650565829426
2025-08-30T06:00:00Z,2025-08-30T06:15:00Z,2025-08-30,2025-08-30_9,11.944118609294783,46,58,42,45.17197739130528,42.55400903057574,0.009941533220765115,0.0,0.65772,True,True,True,False,263.84558007932173,391.25034501794096,44.97338433027089,296.73514451322893,0.0,-41.49722782224676,955.3072261185157
2025-08-30T06:15:00Z,2025-08-30T06:30:00Z,2025-08-30,2025-08-30_9,11.944118609294783,46,58,42,42.55400903057574,39.343070852983864,0.009215872591689133,0.032200000000000006,0.07308,True,True,True,False,263.84558007932173,391.25034501794096,44.97338433027089,296.73514451322893,4.437482749102955,-5.582504002208116,995.6594326876574
2025-08-30T06:30:00Z,2025-08-30T06:45:00Z,2025-08-30,2025-08-30_9,11.944118609294783,46,58,42,39.343070852983864,35.85992966882086,0.009787205623606883,0.24264999999999998,0.02755,True,True,True,False,263.84558007932173,391.25034501794096,44.97338433027089,296.73514451322893,33.47112817909388,-2.118311580773629,1028.1572705390827
2025-08-30T06:45:00Z,2025-08-30T07:00:00Z,2025-08-30,2025-08-30_9,11.944118609294783,46,58,42,35.85992966882086,33.07760396521893,0.009711899935890686,0.00276,0.48865000000000003,True,True,True,False,263.84558007932173,391.25034501794096,44.97338433027089,296.73514451322893,0.3803556642088246,-11.516155455226532,985.6686541497448
2025-08-30T07:00:00Z,2025-08-30T07:15:00Z,2025-08-30,2025-08-30_10,0.0,100,100,0,33.07760396521893,35.66694396521893,0.007192611111111111,0.0,2.8145,True,True,True,False,0.0,0.0,66.42088245731637,592.4352352036593,0.0,-99.75044783328732,559.1056698276884
2025-08-30T07:15:00Z,2025-08-30T07:30:00Z,2025-08-30,2025-08-30_10,0.0,100,100,0,35.66694396521893,38.94168396521893,0.0090965,0.0,3.5595000000000003,True,True,True,False,0.0,0.0,66.42088245731637,592.4352352036593,0.0,-160.7718962186034,498.08422144237227
2025-08-30T07:30:00Z,2025-08-30T07:45:00Z,2025-08-30,2025-08-30_10,0.0,100,100,0,38.94168396521893,38.63018222608849,0.002365393719806763,0.535,0.2935,True,True,True,False,0.0,0.0,66.42088245731637,592.4352352036593,73.73764441465242,-18.41211683293246,714.1816452426956
2025-08-30T07:45:00Z,2025-08-30T08:00:00Z,2025-08-30,2025-08-30_10,0.0,100,100,0,38.63018222608849,28.5497474434798,0.028001207729468597,9.274,0.0,True,True,True,False,0.0,0.0,66.42088245731637,592.4352352036593,8827.225479673514,0.0,9486.08159733449
2025-08-30T08:00:00Z,2025-08-30T08:15:00Z,2025-08-30,2025-08-30_11,0.0,100,100,0,28.5497474434798,20.10029092174067,0.02347071256038647,7.7735,0.0,True,True,True,False,0.0,0.0,62.87212649343481,603.7912542880802,4137.427827077008,0.0,4804.091207858523
2025-08-30T08:15:00Z,2025-08-30T08:30:00Z,2025-08-30,2025-08-30_11,0.0,100,100,0,20.10029092174067,10.31116048695806,0.027192028985507245,9.006,0.0,True,True,True,False,0.0,0.0,62.87212649343481,603.7912542880802,6852.328078940105,0.0,7518.99145972162
2025-08-30T08:30:00Z,2025-08-30T08:45:00Z,2025-08-30,2025-08-30_11,0.0,100,100,0,10.31116048695806,10.467457878262408,0.0032662850241545896,0.469,0.724,True,True,True,False,0.0,0.0,62.87212649343481,603.7912542880802,61.98665056582942,-45.9346468987816,682.7153844485628
2025-08-30T08:45:00Z,2025-08-30T09:00:00Z,2025-08-30,2025-08-30_11,0.0,100,100,0,10.467457878262408,12.927997878262408,0.006834833333333334,0.0,2.6745,True,True,True,False,0.0,0.0,62.87212649343481,603.7912542880802,0.0,-144.10304286108592,522.560337920429
2025-08-30T09:00:00Z,2025-08-30T09:15:00Z,2025-08-30,2025-08-30_12,-94.99999999999991,95,0,5,12.927997878262408,34.77624987826239,0.06068958888888883,0.0019000000000000002,0.0,True,True,True,False,-124.21249999999989,46.57742202594535,59.72852016876307,0.0,0.17849631323685977,0.0,-17.72806149205461
2025-08-30T09:15:00Z,2025-08-30T09:30:00Z,2025-08-30,2025-08-30_12,-94.99999999999991,95,0,5,34.77624987826239,56.62624987826237,0.060694444444444384,0.0,0.0,True,True,True,False,-124.21249999999989,46.57742202594535,59.72852016876307,0.0,0.0,0.0,-17.90655780529147
2025-08-30T09:30:00Z,2025-08-30T09:45:00Z,2025-08-30,2025-08-30_12,-94.99999999999991,95,0,5,56.62624987826237,78.47624987826235,0.06069444444444439,0.0,0.0,True,True,True,False,-124.21249999999989,46.57742202594535,59.72852016876307,0.0,0.0,0.0,-17.90655780529147
2025-08-30T09:45:00Z,2025-08-30T10:00:00Z,2025-08-30,2025-08-30_12,-94.99999999999991,95,0,5,78.47624987826235,100.32624987826233,0.06069444444444439,0.0,0.0,True,True,True,False,-124.21249999999989,46.57742202594535,59.72852016876307,0.0,0.0,0.0,-17.90655780529147
2025-08-30T10:00:00Z,2025-08-30T10:15:00Z,2025-08-30,2025-08-30_13,0.0,100,100,0,100.32624987826233,105.89316987826233,0.015463666666666669,0.0,6.051,True,True,True,False,0.0,0.0,62.87212649343481,937.463033792043,0.0,-53.50605279760262,946.8291074878751
2025-08-30T10:15:00Z,2025-08-30T10:30:00Z,2025-08-30,2025-08-30_13,0.0,100,100,0,105.89316987826233,118.65218987826233,0.03544172222222223,0.0,13.868500000000001,True,True,True,False,0.0,0.0,62.87212649343481,937.463033792043,0.0,-0.05741857576593984,1000.2777417097119
2025-08-30T10:30:00Z,2025-08-30T10:45:00Z,2025-08-30,2025-08-30_13,0.0,100,100,0,118.65218987826233,136.75134987826232,0.050275444444444435,0.0,19.673,True,True,True,False,0.0,0.0,62.87212649343481,937.463033792043,0.0,172.15523402074052,1172.4903943062184
2025-08-30T10:45:00Z,2025-08-30T11:00:00Z,2025-08-30,2025-08-30_13,0.0,100,100,0,136.75134987826232,144.17436987826233,0.0206195,0.0,8.0685,True,True,True,False,0.0,0.0,62.87212649343481,937.463033792043,0.0,-27.3335111982966,973.0016490871812
2025-08-30T11:00:00Z,2025-08-30T11:15:00Z,2025-08-30,2025-08-30_14,0.0,100,100,0,144.17436987826233,144.24912205217538,0.0006484661835748793,0.073,0.1675,True,True,True,False,0.0,0.0,61.984937502464426,944.560545719806,6.47647963408383,-9.290830901778323,1003.731131954576
2025-08-30T11:15:00Z,2025-08-30T11:30:00Z,2025-08-30,2025-08-30_14,0.0,100,100,0,144.24912205217538,147.5446081391319,0.009235649758454107,0.0135,3.598,True,True,True,False,0.0,0.0,61.984937502464426,944.560545719806,1.1977051378100234,-6.254399668782777,1001.4887886912977
2025-08-30T11:30:00Z,2025-08-30T11:45:00Z,2025-08-30,2025-08-30_14,0.0,100,100,0,147.5446081391319,149.26392813913188,0.004914777777777777,0.023,1.8959999999999997,True,True,True,False,0.0,0.0,61.984937502464426,944.560545719806,2.0405346792318917,-53.50269626592011,955.0833216355823
2025-08-30T11:45:00Z,2025-08-30T12:00:00Z,2025-08-30,2025-08-30_14,0.0,100,100,0,149.26392813913188,149.1283690086971,0.0007164420289855072,0.181,0.0665,True,True,True,False,0.0,0.0,61.984937502464426,944.560545719806,15.466646622767243,-3.8710992271598124,1018.1410306178778
2025-08-30T12:00:00Z,2025-08-30T12:15:00Z,2025-08-30,2025-08-30_15,-51.0,100,49,0,149.1283690086971,159.9343498260884,0.03283500106280193,0.9525,0.03283,True,True,True,False,-0.0,0.0,61.984937502464426,463.7041126138559,87.29753952919839,-1.722464959977919,611.2641246855408
2025-08-30T12:15:00Z,2025-08-30T12:30:00Z,2025-08-30,2025-08-30_15,-51.0,100,49,0,159.9343498260884,171.50921909565363,0.03267318758454107,0.176,0.02303,True,True,True,False,-0.0,0.0,61.984937502464426,463.7041126138559,15.097303734079887,-1.480954043610268,539.30539980679
2025-08-30T12:30:00Z,2025-08-30T12:45:00Z,2025-08-30,2025-08-30_15,-51.0,100,49,0,171.50921909565363,181.6503505043493,0.0328626838647343,1.5859999999999999,0.0,True,True,True,False,-0.0,0.0,61.984937502464426,463.7041126138559,175.88928236268288,0.0,701.5783324790032
2025-08-30T12:45:00Z,2025-08-30T13:00:00Z,2025-08-30,2025-08-30_15,-51.0,100,49,0,181.6503505043493,188.59220584347972,0.03342517183574879,4.7795,0.0,True,True,True,False,-0.0,0.0,61.984937502464426,463.7041126138559,732.6971050037458,0.0,1258.3861551200662
2025-08-30T13:00:00Z,2025-08-30T13:15:00Z,2025-08-30,2025-08-30_16,0.0,100,100,0,188.59220584347972,188.8675345391319,0.00551419806763285,0.7865000000000001,1.2285,True,True,True,False,0.0,0.0,61.984937502464426,946.3349237017468,86.80046715429205,-36.50211081976263,1058.6182175387407
2025-08-30T13:15:00Z,2025-08-30T13:30:00Z,2025-08-30,2025-08-30_16,0.0,100,100,0,188.8675345391319,188.82918671304495,0.0006815217391304348,0.1305,0.11250000000000002,True,True,True,False,0.0,0.0,61.984937502464426,946.3349237017468,12.22102835061709,-6.225116813217145,1014.3157727416111
2025-08-30T13:30:00Z,2025-08-30T13:45:00Z,2025-08-30,2025-08-30_16,0.0,100,100,0,188.82918671304495,187.26059280000146,0.0045437608695652176,1.474,0.0365,True,True,True,False,0.0,0.0,61.984937502464426,946.3349237017468,139.07827293876426,-2.8064745081029927,1144.5916596348725
2025-08-30T13:45:00Z,2025-08-30T14:00:00Z,2025-08-30,2025-08-30_16,0.0,100,100,0,187.26059280000146,177.4904841043493,0.02713919082125604,8.9885,0.0,True,True,True,False,0.0,0.0,61.984937502464426,946.3349237017468,4186.772840877726,0.0,5195.092702081937
2025-08-30T14:00:00Z,2025-08-30T14:15:00Z,2025-08-30,2025-08-30_17,1.9895196601282805e-13,73,73,27,177.4904841043493,177.05913789565358,0.0012131083574880726,0.39931,0.0029200000000000003,True,True,True,False,2.8166624588266133e-12,251.51807894010489,43.65147273372501,313.48320255510436,37.3944737983518,-0.22451796064823945,645.8227100666406
2025-08-30T14:15:00Z,2025-08-30T14:30:00Z,2025-08-30,2025-08-30_17,1.9895196601282805e-13,73,73,27,177.05913789565358,176.9519935739144,0.00040769089371995654,0.1168,0.021535,True,True,True,False,2.8166624588266133e-12,251.51807894010489,43.65147273372501,313.48320255510436,10.938054493119356,-1.5550739294586178,618.0357347925979
2025-08-30T14:30:00Z,2025-08-30T14:45:00Z,2025-08-30,2025-08-30_17,1.9895196601282805e-13,73,73,27,176.9519935739144,176.9389760869578,0.00030106857487937645,0.055845,0.051829999999999994,True,True,True,False,2.8166624588266133e-12,251.51807894010489,43.65147273372501,313.48320255510436,5.229757304522693,-3.90316011986909,609.9793514135906
2025-08-30T14:45:00Z,2025-08-30T15:00:00Z,2025-08-30,2025-08-30_17,1.9895196601282805e-13,73,73,27,176.9389760869578,172.89937826087078,0.011221105072463917,3.7164300000000003,0.0,True,True,True,False,2.8166624588266133e-12,251.51807894010489,43.65147273372501,313.48320255510436,555.0465710934112,0.0,1163.6993253223484
2025-08-30T15:00:00Z,2025-08-30T15:15:00Z,2025-08-30,2025-08-30_18,0.0,100,100,0,172.89937826087078,172.21187826087078,0.001909722222222222,0.6325,0.0,True,True,True,False,0.0,0.0,59.94440282323252,362.4758487441347,59.2321872165924,0.0,481.6524387839596
2025-08-30T15:15:00Z,2025-08-30T15:30:00Z,2025-08-30,2025-08-30_18,0.0,100,100,0,172.21187826087078,172.1078747826099,0.00047800966183574885,0.127,0.037,True,True,True,False,0.0,0.0,59.94440282323252,362.4758487441347,11.893261306730807,-2.8449193643783763,431.46859350971965
2025-08-30T15:30:00Z,2025-08-30T15:45:00Z,2025-08-30,2025-08-30_18,0.0,100,100,0,172.1078747826099,171.4129347826099,0.0019584999999999997,0.644,0.0055,True,True,True,False,0.0,0.0,59.94440282323252,362.4758487441347,88.7190560309136,-0.42289341902921807,510.7164141792516
2025-08-30T15:45:00Z,2025-08-30T16:00:00Z,2025-08-30,2025-08-30_18,0.0,100,100,0,171.4129347826099,161.0200000000012,0.028869263285024156,9.5615,0.0,True,True,True,False,0.0,0.0,59.94440282323252,362.4758487441347,5712.501416643667,0.0,6134.921668211034
2025-08-30T16:00:00Z,2025-08-30T16:15:00Z,2025-08-30,2025-08-30_19,37.0,0,37,63,161.0200000000012,151.09776630434905,0.02756176026570048,0.0,0.121545,True,True,True,False,1119.5275,586.8755175269114,0.0,133.44860218445643,0.0,-6.533025777769016,1833.3185939335988
2025-08-30T16:15:00Z,2025-08-30T16:30:00Z,2025-08-30,2025-08-30_19,37.0,0,37,63,151.09776630434905,142.3987445652186,0.024163949275362313,0.0,1.2469000000000001,True,True,True,False,1119.5275,586.8755175269114,0.0,133.44860218445643,0.0,-26.593912306297074,1813.2577074050707
2025-08-30T16:30:00Z,2025-08-30T16:45:00Z,2025-08-30,2025-08-30_19,37.0,0,37,63,142.3987445652186,132.65045108695773,0.027078592995169078,0.0,0.28157000000000004,True,True,True,False,1119.5275,586.8755175269114,0.0,133.44860218445643,0.0,-12.00050429596625,1827.8511154154014
2025-08-30T16:45:00Z,2025-08-30T17:00:00Z,2025-08-30,2025-08-30_19,37.0,0,37,63,132.65045108695773,122.60354347826207,0.02790807669082125,0.0,0.0068449999999999995,True,True,True,False,1119.5275,586.8755175269114,0.0,133.44860218445643,0.0,-0.5263100824099995,1839.3253096289577
2025-08-30T17:00:00Z,2025-08-30T17:15:00Z,2025-08-30,2025-08-30_20,0.0,100,100,0,122.60354347826207,121.2675600000012,0.003930842995169082,1.2655,0.043,True,True,True,False,0.0,0.0,122.5503726193762,358.1877686211112,188.94103120933718,-3.0992435235203657,666.5799289263042
2025-08-30T17:15:00Z,2025-08-30T17:30:00Z,2025-08-30,2025-08-30_20,0.0,100,100,0,121.2675600000012,115.69745130434902,0.015472524154589374,5.1245,0.0,True,True,True,False,0.0,0.0,122.5503726193762,358.1877686211112,906.2712903670993,0.0,1387.0094316075867
2025-08-30T17:30:00Z,2025-08-30T17:45:00Z,2025-08-30,2025-08-30_20,0.0,100,100,0,115.69745130434902,100.09147304347945,0.043349939613526574,14.357500000000002,0.0,True,True,True,False,0.0,0.0,122.5503726193762,358.1877686211112,3093.055909171563,0.0,3573.7940504120506
2025-08-30T17:45:00Z,2025-08-30T18:00:00Z,2025-08-30,2025-08-30_20,0.0,100,100,0,100.09147304347945,96.67679913043598,0.00948520531400966,3.1414999999999997,0.0,True,True,True,False,0.0,0.0,122.5503726193762,358.1877686211112,536.113121623753,0.0,1016.8512628642404
2025-08-30T18:00:00Z,2025-08-30T18:15:00Z,2025-08-30,2025-08-30_21,0.0,100,100,0,96.67679913043598,81.71701652174033,0.041554951690821254,13.763,0.0,True,True,True,False,0.0,0.0,122.5503726193762,404.5286069161311,2988.9115945743465,0.0,3515.9905741098537
2025-08-30T18:15:00Z,2025-08-30T18:30:00Z,2025-08-30,2025-08-30_21,0.0,100,100,0,81.71701652174033,73.06103826087077,0.024044384057971015,7.9635,0.0,True,True,True,False,0.0,0.0,122.5503726193762,404.5286069161311,1536.2260646267894,0.0,2063.305044162297
2025-08-30T18:30:00Z,2025-08-30T18:45:00Z,2025-08-30,2025-08-30_21,0.0,100,100,0,73.06103826087077,71.83712521739251,0.00339975845410628,1.126,0.0,True,True,True,False,0.0,0.0,122.5503726193762,404.5286069161311,155.28774732857536,0.0,682.3667268640827
2025-08-30T18:45:00Z,2025-08-30T19:00:00Z,2025-08-30,2025-08-30_21,0.0,100,100,0,71.83712521739251,73.11396869565338,0.006113212560386473,0.42500000000000004,1.8900000000000001,True,True,True,False,0.0,0.0,122.5503726193762,404.5286069161311,58.64810634438707,-74.99784708804859,510.7292387918458
2025-08-30T19:00:00Z,2025-08-30T19:15:00Z,2025-08-30,2025-08-30_22,78.0,22,100,0,73.11396869565338,52.8247036173925,0.05733283855072464,0.0028599999999999997,0.8659999999999999,True,True,True,False,2241.72,0.0,24.5603485666969,405.50451480619853,0.39253192697448835,-54.12064626789165,2618.056749031978
2025-08-30T19:15:00Z,2025-08-30T19:30:00Z,2025-08-30,2025-08-30_22,78.0,22,100,0,52.8247036173925,35.280162434783804,0.0526439677294686,0.0,3.4765000000000006,True,True,True,False,2241.72,0.0,24.5603485666969,405.50451480619853,0.0,-152.4623660344624,2519.3224973384326
2025-08-30T19:30:00Z,2025-08-30T19:45:00Z,2025-08-30,2025-08-30_22,78.0,22,100,0,35.280162434783804,20.93198434782728,0.04718742801932367,0.0,6.52,True,True,True,False,2241.72,0.0,24.5603485666969,405.50451480619853,0.0,-116.1753400891132,2555.609523283782
2025-08-30T19:45:00Z,2025-08-30T20:00:00Z,2025-08-30,2025-08-30_22,78.0,22,100,0,20.93198434782728,17.789193495653368,0.02805861236714976,0.0,17.1895,True,True,True,False,2241.72,0.0,24.5603485666969,405.50451480619853,0.0,-0.1457254248649501,2671.63913794803
2025-08-30T20:00:00Z,2025-08-30T20:15:00Z,2025-08-30,2025-08-30_23,24.905874700891786,75,100,0,17.789193495653368,14.17047375312339,0.02262192148070622,0.0,3.2750000000000004,True,True,True,False,629.1846596312787,0.0,57.20151019281574,404.38074208430277,0.0,-140.88918023737236,949.8777316710249
2025-08-30T20:15:00Z,2025-08-30T20:30:00Z,2025-08-30,2025-08-30_23,24.905874700891786,75,100,0,14.17047375312339,10.127696356483206,0.022107237824548234,0.0,2.834,True,True,True,False,629.1846596312787,0.0,57.20151019281574,404.38074208430277,0.0,-67.86246047080164,1022.9044514375955
2025-08-30T20:30:00Z,2025-08-30T20:45:00Z,2025-08-30,2025-08-30_23,24.905874700891786,75,100,0,10.127696356483206,10.000000000001098,0.026859016749825444,0.0,6.905500000000001,True,True,True,False,629.1846596312787,0.0,57.20151019281574,404.38074208430277,0.0,-142.9894038089981,947.7775080993991
2025-08-30T20:45:00Z,2025-08-30T21:00:00Z,2025-08-30,2025-08-30_23,24.905874700891786,75,100,0,10.000000000001098,15.93940515963771,0.0342227276988704,0.0,13.215,True,True,True,False,629.1846596312787,0.0,57.20151019281574,404.38074208430277,0.0,1014.466584519538,2105.2334964279353
2025-08-30T21:00:00Z,2025-08-30T21:15:00Z,2025-08-31,2025-08-30_24,0.0,100,100,0,15.93940515963771,19.787640811811624,0.010710678743961356,0.0035000000000000005,4.187,True,True,True,False,0.0,0.0,74.70131303970665,704.782934426876,0.4678443279050512,-79.40375320373803,700.5483385907496
2025-08-30T21:15:00Z,2025-08-30T21:30:00Z,2025-08-31,2025-08-30_24,0.0,100,100,0,19.787640811811624,20.72786602920293,0.0031280410628019327,0.0855,1.123,True,True,True,False,0.0,0.0,74.70131303970665,704.782934426876,11.69581069358464,-68.7090818579709,722.4709763021964
2025-08-30T21:30:00Z,2025-08-30T21:45:00Z,2025-08-31,2025-08-30_24,0.0,100,100,0,20.72786602920293,21.25460863789858,0.0014782705314009665,0.0025,0.5755,True,True,True,False,0.0,0.0,74.70131303970665,704.782934426876,0.3300343046409842,-38.93310486573874,740.8811769054848
2025-08-30T21:45:00Z,2025-08-30T22:00:00Z,2025-08-31,2025-08-30_24,0.0,100,100,0,21.25460863789858,31.900848637898584,0.02957288888888889,0.0,11.572,True,True,True,False,0.0,0.0,74.70131303970665,704.782934426876,0.0,-24.258719293403253,755.2255281731793
2025-08-30T22:00:00Z,2025-08-30T22:15:00Z,2025-08-31,2025-08-31_1,-1.4399765721211903e-14,60,60,40,31.900848637898584,32.362586203115974,0.002041662318840589,0.1257,0.6504000000000001,True,True,True,False,-2.9717516507151064e-13,372.6193762075628,45.583770356058515,422.5681163991957,18.480740033910337,-20.002730018532397,839.2492729781947
2025-08-30T22:15:00Z,2025-08-30T22:30:00Z,2025-08-31,2025-08-31_1,-1.4399765721211903e-14,60,60,40,32.362586203115974,32.376195246594236,0.00022439710144928456,0.030899999999999997,0.051300000000000005,True,True,True,False,-2.9717516507151064e-13,372.6193762075628,45.583770356058515,422.5681163991957,4.209063463585821,-4.014825263199401,840.9655011632032
2025-08-30T22:30:00Z,2025-08-30T22:45:00Z,2025-08-31,2025-08-31_1,-1.4399765721211903e-14,60,60,40,32.376195246594236,32.54890602920293,0.000671781159420299,0.0318,0.2253,True,True,True,False,-2.9717516507151064e-13,372.6193762075628,45.583770356058515,422.5681163991957,3.8118370726706368,-17.42736942549584,827.1557306099916
2025-08-30T22:45:00Z,2025-08-30T23:00:00Z,2025-08-31,2025-08-31_1,-1.4399765721211903e-14,60,60,40,32.54890602920293,34.479855246594234,0.0054217188405797185,0.009600000000000001,2.1102,True,True,True,False,-2.9717516507151064e-13,372.6193762075628,45.583770356058515,422.5681163991957,0.8369158944836561,-15.767215370056386,825.840963487244
2025-08-30T23:00:00Z,2025-08-30T23:15:00Z,2025-08-31,2025-08-31_2,0.0,55,55,45,34.479855246594234,36.744458246594235,0.0062905638888888895,0.0,2.461525,True,True,True,False,0.0,419.19679823350816,30.155553803083475,387.35410669926273,0.0,-114.59082658905406,722.1156321468003
2025-08-30T23:15:00Z,2025-08-30T23:30:00Z,2025-08-31,2025-08-31_2,0.0,55,55,45,36.744458246594235,39.69013724659423,0.008182441666666668,0.0,3.2018250000000004,True,True,True,False,0.0,419.19679823350816,30.155553803083475,387.35410669926273,0.0,-105.34169637435434,731.3647623615
2025-08-30T23:30:00Z,2025-08-30T23:45:00Z,2025-08-31,2025-08-31_2,0.0,55,55,45,39.69013724659423,39.96522524659423,0.0009169111111111112,0.0253,0.3289,True,True,True,False,0.0,419.19679823350816,30.155553803083475,387.35410669926273,2.4580933717124718,-19.455561334332245,819.7089907732346
2025-08-30T23:45:00Z,2025-08-31T00:00:00Z,2025-08-31,2025-08-31_2,0.0,55,55,45,39.96522524659423,41.256401420507274,0.0036281161835748795,0.006875,1.411575,True,True,True,False,0.0,419.19679823350816,30.155553803083475,387.35410669926273,0.9204980087535981,-68.83939750009858,768.7875592445093
2025-08-31T00:00:00Z,2025-08-31T00:15:00Z,2025-08-31,2025-08-31_3,0.0,43,43,57,41.256401420507274,42.942844220507276,0.004684563333333334,0.0,1.83309,True,True,True,False,0.0,530.982611095777,23.57616024604708,302.84048341942355,0.0,-73.76270026221366,783.636554499034
2025-08-31T00:15:00Z,2025-08-31T00:30:00Z,2025-08-31,2025-08-31_3,0.0,43,43,57,42.942844220507276,42.8274135248551,0.0006063519323671496,0.15350999999999998,0.0559,True,True,True,False,0.0,530.982611095777,23.57616024604708,302.84048341942355,20.95356115097985,-4.308736997752455,874.044078914475
2025-08-31T00:30:00Z,2025-08-31T00:45:00Z,2025-08-31,2025-08-31_3,0.0,43,43,57,42.8274135248551,42.82779117702902,0.0010319065217391306,0.17071000000000003,0.20209999999999997,True,True,True,False,0.0,530.982611095777,23.57616024604708,302.84048341942355,23.78190687867198,-14.377341883206498,866.8038197567131
2025-08-31T00:45:00Z,2025-08-31T01:00:00Z,2025-08-31,2025-08-31_3,0.0,43,43,57,42.82779117702902,42.92518131615945,0.00028221294685990336,0.0019349999999999999,0.10814499999999999,True,True,True,False,0.0,530.982611095777,23.57616024604708,302.84048341942355,0.1292831936832144,-8.41231303674934,849.1162249181815
2025-08-31T01:00:00Z,2025-08-31T01:15:00Z,2025-08-31,2025-08-31_4,0.0,100,100,0,42.92518131615945,47.93642131615945,0.01392011111111111,0.0,5.447,True,True,True,False,0.0,0.0,54.82827964196996,704.2801939986595,0.0,-128.82957198060015,630.2789016600293
2025-08-31T01:15:00Z,2025-08-31T01:30:00Z,2025-08-31,2025-08-31_4,0.0,100,100,0,47.93642131615945,50.19732131615945,0.006280277777777778,0.0,2.4575,True,True,True,False,0.0,0.0,54.82827964196996,704.2801939986595,0.0,-111.58606226095186,647.5224113796776
2025-08-31T01:30:00Z,2025-08-31T01:45:00Z,2025-08-31,2025-08-31_4,0.0,100,100,0,50.19732131615945,56.197101316159454,0.016666055555555555,0.0,6.5215,True,True,True,False,0.0,0.0,54.82827964196996,704.2801939986595,0.0,-219.00678679862784,540.1016868420015
2025-08-31T01:45:00Z,2025-08-31T02:00:00Z,2025-08-31,2025-08-31_4,0.0,100,100,0,56.197101316159454,59.950241316159456,0.01042538888888889,0.0,4.0795,True,True,True,False,0.0,0.0,54.82827964196996,704.2801939986595,0.0,-163.22584430818978,595.8826293324396
2025-08-31T02:00:00Z,2025-08-31T02:15:00Z,2025-08-31,2025-08-31_5,0.0,100,100,0,59.950241316159456,60.827921316159454,0.002438,0.0,0.954,True,True,True,False,0.0,0.0,109.74527818303696,703.7774535704428,0.0,-61.88586451638342,751.6368672370963
2025-08-31T02:15:00Z,2025-08-31T02:30:00Z,2025-08-31,2025-08-31_5,0.0,100,100,0,60.827921316159454,57.62528914224641,0.008926867149758452,2.9515,0.006,True,True,True,False,0.0,0.0,109.74527818303696,703.7774535704428,474.58097324632314,-0.4613382753046016,1287.6423667244983
2025-08-31T02:30:00Z,2025-08-31T02:45:00Z,2025-08-31,2025-08-31_5,0.0,100,100,0,57.62528914224641,46.731810881376845,0.03025966183574879,10.022,0.0,True,True,True,False,0.0,0.0,109.74527818303696,703.7774535704428,1975.8684594456056,0.0,2789.3911911990854
2025-08-31T02:45:00Z,2025-08-31T03:00:00Z,2025-08-31,2025-08-31_5,0.0,100,100,0,46.731810881376845,40.92257175094206,0.01613677536231884,5.3445,0.0,True,True,True,False,0.0,0.0,109.74527818303696,703.7774535704428,997.5866133038919,0.0,1811.1093450573717
2025-08-31T03:00:00Z,2025-08-31T03:15:00Z,2025-08-31,2025-08-31_6,-9.723110928925315,49,39,51,40.92257175094206,40.220711649182995,0.011545889742360975,2.7881000000000005,0.0,True,True,True,False,-167.69935574663936,475.08970466464257,53.73171404913055,168.94207641654506,439.407462324041,0.0,969.4716017077199
2025-08-31T03:15:00Z,2025-08-31T03:30:00Z,2025-08-31,2025-08-31_6,-9.723110928925315,49,39,51,40.220711649182995,41.968142164379195,0.007103619141481858,0.46476500000000004,0.0009750000000000001,True,True,True,False,-167.69935574663936,475.08970466464257,53.73171404913055,168.94207641654506,69.24074870963291,-0.07496746973699776,599.2299206235747
2025-08-31T03:30:00Z,2025-08-31T03:45:00Z,2025-08-31,2025-08-31_6,-9.723110928925315,49,39,51,41.968142164379195,42.49732084419165,0.009311087834561933,1.61994,0.0,True,True,True,False,-167.69935574663936,475.08970466464257,53.73171404913055,168.94207641654506,252.78467140491307,0.0,782.8488107885919
2025-08-31T03:45:00Z,2025-08-31T04:00:00Z,2025-08-31,2025-08-31_6,-9.723110928925315,49,39,51,42.49732084419165,40.086774782608686,0.014647802289721304,4.40951,0.0,True,True,True,False,-167.69935574663936,475.08970466464257,53.73171404913055,168.94207641654506,695.4354174717087,0.0,1225.4995568553875
2025-08-31T04:00:00Z,2025-08-31T04:15:00Z,2025-08-31,2025-08-31_7,0.0,100,100,0,40.086774782608686,26.803622608695644,0.03689764492753623,12.2205,0.0,True,True,True,False,0.0,0.0,112.05196955955996,431.70616300619065,2114.4317622530657,0.0,2658.1898948188164
2025-08-31T04:15:00Z,2025-08-31T04:30:00Z,2025-08-31,2025-08-31_7,0.0,100,100,0,26.803622608695644,16.793296521739123,0.027806461352657002,9.2095,0.0,True,True,True,False,0.0,0.0,112.05196955955996,431.70616300619065,1479.37738870707,0.0,2023.1355212728206
2025-08-31T04:30:00Z,2025-08-31T04:45:00Z,2025-08-31,2025-08-31_7,0.0,100,100,0,16.793296521739123,10.114492173913035,0.01855223429951691,6.1445,0.0,True,True,True,False,0.0,0.0,112.05196955955996,431.70616300619065,970.3493444659123,0.0,1514.107477031663
2025-08-31T04:45:00Z,2025-08-31T05:00:00Z,2025-08-31,2025-08-31_7,0.0,100,100,0,10.114492173913035,11.630434782608688,0.006448270531400967,0.3705,2.0855,True,True,True,False,0.0,0.0,112.05196955955996,431.70616300619065,51.96875714680021,-36.55771883995111,559.1691708725997
2025-08-31T05:00:00Z,2025-08-31T05:15:00Z,2025-08-31,2025-08-31_8,5.966070289596846,91,97,3,11.630434782608688,15.816362594409116,0.01831580864939857,0.0,6.2424349999999995,True,True,True,False,98.30592319683203,27.946453215567207,101.96729229919957,418.7549781160049,0.0,-125.30037257698828,521.6742742506154
2025-08-31T05:15:00Z,2025-08-31T05:30:00Z,2025-08-31,2025-08-31_8,5.966070289596846,91,97,3,15.816362594409116,18.394283561399423,0.01449112401140316,0.0,4.513895,True,True,True,False,98.30592319683203,27.946453215567207,101.96729229919957,418.7549781160049,0.0,-126.84505932928512,520.1295874983186
2025-08-31T05:30:00Z,2025-08-31T05:45:00Z,2025-08-31,2025-08-31_8,5.966070289596846,91,97,3,18.394283561399423,18.829097762719677,0.009393690781751594,0.0,2.2101450000000002,True,True,True,False,98.30592319683203,27.946453215567207,101.96729229919957,418.7549781160049,0.0,-72.71360491995586,574.2610419076478
2025-08-31T05:45:00Z,2025-08-31T06:00:00Z,2025-08-31,2025-08-31_8,5.966070289596846,91,97,3,18.829097762719677,20.00204305217387,0.011149354100427375,0.0,3.003605,True,True,True,False,98.30592319683203,27.946453215567207,101.96729229919957,418.7549781160049,0.0,-117.68018036256457,529.2944664650391
2025-08-31T06:00:00Z,2025-08-31T06:15:00Z,2025-08-31,2025-08-31_9,0.0,82,82,18,20.00204305217387,20.226179713043436,0.0008380003864734299,0.03566999999999999,0.28576999999999997,True,True,True,False,0.0,167.67871929340325,80.53369346634597,453.6173652458499,3.9603953314143756,-18.73421175426836,687.0559615827451
2025-08-31T06:15:00Z,2025-08-31T06:30:00Z,2025-08-31,2025-08-31_9,0.0,82,82,18,20.226179713043436,20.162046443478218,0.00029969019323671496,0.07913,0.02378,True,True,True,False,0.0,167.67871929340325,80.53369346634597,453.6173652458499,8.78570458578132,-1.8284373644572376,708.7870452269232
2025-08-31T06:30:00Z,2025-08-31T06:45:00Z,2025-08-31,2025-08-31_9,0.0,82,82,18,20.162046443478218,20.17879013043474,0.0002321986473429952,0.03075,0.05453,True,True,True,False,0.0,167.67871929340325,80.53369346634597,453.6173652458499,3.414133906391704,-4.192796025393321,701.0511158865975
2025-08-31T06:45:00Z,2025-08-31T07:00:00Z,2025-08-31,2025-08-31_9,0.0,82,82,18,20.17879013043474,20.048045052173872,0.00040928299516908214,0.12792,0.009019999999999999,True,True,True,False,0.0,167.67871929340325,80.53369346634597,453.6173652458499,14.202797050589488,-0.6935452072079176,715.3390298489807
2025-08-31T07:00:00Z,2025-08-31T07:15:00Z,2025-08-31,2025-08-31_10,-1.0,100,99,0,20.048045052173872,11.12872703478257,0.025632812270531404,8.432,0.00198,True,True,True,False,-1.335,0.0,67.04191475099563,570.6426205591263,7887.997854974174,-0.15224163085051853,8524.195148653445
2025-08-31T07:15:00Z,2025-08-31T07:30:00Z,2025-08-31,2025-08-31_10,-1.0,100,99,0,11.12872703478257,10.219863913043437,0.005211249782608696,1.294,0.288585,True,True,True,False,-1.335,0.0,67.04191475099563,570.6426205591263,172.79270139190098,-18.105036149994085,791.0372005520288
2025-08-31T07:30:00Z,2025-08-31T07:45:00Z,2025-08-31,2025-08-31_10,-1.0,100,99,0,10.219863913043437,11.786007513043437,0.00435039888888889,0.0,1.4523300000000001,True,True,True,False,-1.335,0.0,67.04191475099563,570.6426205591263,0.0,-63.97215579038682,572.3773795197351
2025-08-31T07:45:00Z,2025-08-31T08:00:00Z,2025-08-31,2025-08-31_10,-1.0,100,99,0,11.786007513043437,19.588398713043436,0.02167330888888889,0.0,8.23086,True,True,True,False,-1.335,0.0,67.04191475099563,570.6426205591263,0.0,-7.451620425062103,628.8979148850598
2025-08-31T08:00:00Z,2025-08-31T08:15:00Z,2025-08-31,2025-08-31_11,-100.0,100,0,0,19.588398713043436,35.662638713043435,0.044650666666666665,7.528,0.0,True,True,True,False,-0.0,0.0,63.31572098891999,0.0,7032.415324316865,0.0,7095.731045305784
2025-08-31T08:15:00Z,2025-08-31T08:30:00Z,2025-08-31,2025-08-31_11,-100.0,100,0,0,35.662638713043435,55.75957871304344,0.05582483333333333,3.1555,0.0,True,True,True,False,-0.0,0.0,63.31572098891999,0.0,449.29325647647966,0.0,512.6089774653997
2025-08-31T08:30:00Z,2025-08-31T08:45:00Z,2025-08-31,2025-08-31_11,-100.0,100,0,0,55.75957871304344,78.18181871304344,0.062284,0.628,0.0,True,True,True,False,-0.0,0.0,63.31572098891999,0.0,65.83463585820749,0.0,129.15035684712748
2025-08-31T08:45:00Z,2025-08-31T09:00:00Z,2025-08-31,2025-08-31_11,-100.0,100,0,0,78.18181871304344,100.94399871304344,0.06322827777777777,0.2585,0.0,True,True,True,False,-0.0,0.0,63.31572098891999,0.0,26.803537912542883,0.0,90.11925890146287
2025-08-31T09:00:00Z,2025-08-31T09:15:00Z,2025-08-31,2025-08-31_12,-15.0,49,34,51,100.94399871304344,103.93926746086953,0.010182389033816425,0.44443,0.00612,True,True,True,False,0.0375,475.08970466464257,31.024703284570794,239.84740349355306,56.25383984267182,-0.47056504081069356,801.7825862446275
2025-08-31T09:15:00Z,2025-08-31T09:30:00Z,2025-08-31,2025-08-31_12,-15.0,49,34,51,103.93926746086953,105.61726284347823,0.011837849492753624,1.712795,0.00238,True,True,True,False,0.0375,475.08970466464257,31.024703284570794,239.84740349355306,263.8647110543749,-0.1829975158708253,1009.6810249812705
2025-08-31T09:30:00Z,2025-08-31T09:45:00Z,2025-08-31,2025-08-31_12,-15.0,49,34,51,105.61726284347823,108.89637533043474,0.010034611980676329,0.22099000000000002,0.06307,True,True,True,False,0.0375,475.08970466464257,31.024703284570794,239.84740349355306,23.054595928788302,-4.401993044438311,764.6519143271164
2025-08-31T09:45:00Z,2025-08-31T10:00:00Z,2025-08-31,2025-08-31_12,-15.0,49,34,51,108.89637533043474,112.60017416521734,0.010290383236714976,0.0004900000000000001,0.27642,True,True,True,False,0.0375,475.08970466464257,31.024703284570794,239.84740349355306,0.043472260557549006,-18.126812901699463,727.9159708016246
2025-08-31T10:00:00Z,2025-08-31T10:15:00Z,2025-08-31,2025-08-31_13,0.0,49,49,51,112.60017416521734,112.70040728695648,0.0005092224396135266,0.03822,0.15410500000000002,True,True,True,False,0.0,475.08970466464257,31.024703284570794,348.99530775600334,3.3908363234888217,-10.40362180513387,848.0969302235717
2025-08-31T10:15:00Z,2025-08-31T10:30:00Z,2025-08-31,2025-08-31_13,0.0,49,49,51,112.70040728695648,112.69625677391299,0.00016304809178743958,0.028909999999999995,0.029644999999999998,True,True,True,False,0.0,475.08970466464257,31.024703284570794,348.99530775600334,2.5648633728953905,-2.2793955285674854,855.3951835495446
2025-08-31T10:30:00Z,2025-08-31T10:45:00Z,2025-08-31,2025-08-31_13,0.0,49,49,51,112.69625677391299,113.45007703478257,0.0021072603864734298,0.002205,0.8219749999999999,True,True,True,False,0.0,475.08970466464257,31.024703284570794,348.99530775600334,0.1956251725089705,-11.26152097709081,844.0438199006348
2025-08-31T10:45:00Z,2025-08-31T11:00:00Z,2025-08-31,2025-08-31_13,0.0,49,49,51,113.45007703478257,114.96453963478257,0.0042068405555555554,0.0,1.646155,True,True,True,False,0.0,475.08970466464257,31.024703284570794,348.99530775600334,0.0,-21.1846472191554,833.9250684860613
2025-08-31T11:00:00Z,2025-08-31T11:15:00Z,2025-08-31,2025-08-31_14,0.0,49,49,51,114.96453963478257,115.48665636521736,0.0016101068599033816,0.02646,0.59878,True,True,True,False,0.0,475.08970466464257,30.705906707148774,351.50220811482194,2.347502070107646,-18.82482061827215,840.8205009384487
2025-08-31T11:15:00Z,2025-08-31T11:30:00Z,2025-08-31,2025-08-31_14,0.0,49,49,51,115.48665636521736,115.47457935652172,0.0002076061352657005,0.039935000000000005,0.034055,True,True,True,False,0.0,475.08970466464257,30.705906707148774,351.50220811482194,3.5429892354402437,-2.263453670990892,858.5773550510627
2025-08-31T11:30:00Z,2025-08-31T11:45:00Z,2025-08-31,2025-08-31_14,0.0,49,49,51,115.47457935652172,116.27940179999999,0.002254850990338164,0.003185,0.8785699999999999,True,True,True,False,0.0,475.08970466464257,30.705906707148774,351.50220811482194,0.2825696936240685,-15.79735443003036,841.783034750207
2025-08-31T11:45:00Z,2025-08-31T12:00:00Z,2025-08-31,2025-08-31_14,0.0,49,49,51,116.27940179999999,118.38305999999999,0.005843495000000001,0.0,2.286585,True,True,True,False,0.0,475.08970466464257,30.705906707148774,351.50220811482194,0.0,-28.79081089566658,828.5070085909467
2025-08-31T12:00:00Z,2025-08-31T12:15:00Z,2025-08-31,2025-08-31_15,-49.000000000000014,0,0,51,118.38305999999999,129.65305999999998,0.031305555555555566,0.0,0.0,True,False,True,False,7.350000000000001,475.08970466464257,0.0,0.0,0.0,0.0,482.4397046646426
2025-08-31T12:15:00Z,2025-08-31T12:30:00Z,2025-08-31,2025-08-31_15,-49.000000000000014,0,0,51,129.65305999999998,140.92306,0.031305555555555566,0.0,0.0,True,False,True,False,7.350000000000001,475.08970466464257,0.0,0.0,0.0,0.0,482.4397046646426
2025-08-31T12:30:00Z,2025-08-31T12:45:00Z,2025-08-31,2025-08-31_15,-49.000000000000014,0,0,51,140.92306,152.19306,0.031305555555555566,0.0,0.0,True,False,True,False,7.350000000000001,475.08970466464257,0.0,0.0,0.0,0.0,482.4397046646426
2025-08-31T12:45:00Z,2025-08-31T13:00:00Z,2025-08-31,2025-08-31_15,-49.000000000000014,0,0,51,152.19306,163.46306,0.031305555555555566,0.0,0.0,True,False,True,False,7.350000000000001,475.08970466464257,0.0,0.0,0.0,0.0,482.4397046646426
2025-08-31T13:00:00Z,2025-08-31T13:15:00Z,2025-08-31,2025-08-31_16,0.0,100,100,0,163.46306,184.91746,0.059595555555555554,0.0,23.32,True,True,True,False,0.0,0.0,62.45810496431529,747.9890382871339,0.0,14690.652892236114,15501.100035487563
2025-08-31T13:15:00Z,2025-08-31T13:30:00Z,2025-08-31,2025-08-31_16,0.0,100,100,0,184.91746,189.333,0.012265388888888888,0.0,4.7995,True,True,True,False,0.0,0.0,62.45810496431529,747.9890382871339,0.0,-61.04170675446553,749.4054364969836
2025-08-31T13:30:00Z,2025-08-31T13:45:00Z,2025-08-31,2025-08-31_16,0.0,100,100,0,189.333,189.43478260869566,0.0034228260869565218,0.52,0.725,True,True,True,False,0.0,0.0,62.45810496431529,747.9890382871339,48.21374551476677,-31.62530558731911,827.0355831788968
2025-08-31T13:45:00Z,2025-08-31T14:00:00Z,2025-08-31,2025-08-31_16,0.0,100,100,0,189.43478260869566,169.99728260869566,0.05399305555555556,17.8825,0.0,True,True,True,False,0.0,0.0,62.45810496431529,747.9890382871339,19692.22789716494,0.0,20502.675040416387
2025-08-31T14:00:00Z,2025-08-31T14:15:00Z,2025-08-31,2025-08-31_17,-10.99999999999998,100,89,0,169.99728260869566,162.96766480000002,0.02855263169082125,8.946,0.0,True,True,True,False,-74.90999999999987,0.0,66.89404991916724,420.80320176649184,8240.934137455148,0.0,8653.721389140806
2025-08-31T14:15:00Z,2025-08-31T14:30:00Z,2025-08-31,2025-08-31_17,-10.99999999999998,100,89,0,162.96766480000002,165.37116412173916,0.008420378550724627,0.3245,0.23941,True,True,True,False,-74.90999999999987,0.0,66.89404991916724,420.80320176649184,30.26790031938804,-14.337365354284138,428.7177866507631
2025-08-31T14:30:00Z,2025-08-31T14:45:00Z,2025-08-31,2025-08-31_17,-10.99999999999998,100,89,0,165.37116412173916,170.203081826087,0.013548291932367137,0.0235,2.52938,True,True,True,False,-74.90999999999987,0.0,66.89404991916724,420.80320176649184,2.183472556287213,-38.0499098537124,376.920814388234
2025-08-31T14:45:00Z,2025-08-31T15:00:00Z,2025-08-31,2025-08-31_17,-10.99999999999998,100,89,0,170.203081826087,172.82202647826088,0.007616120410628007,0.0635,0.170435,True,True,True,False,-74.90999999999987,0.0,66.89404991916724,420.80320176649184,5.946630653365403,-11.37373554079098,407.36014679823364
2025-08-31T15:00:00Z,2025-08-31T15:15:00Z,2025-08-31,2025-08-31_18,40.85474639062632,59,100,0,172.82202647826088,184.69853842138218,0.03730152286842994,0.0,23.2525,True,True,True,False,875.2108045531922,0.0,39.554729703087425,372.58980324119716,0.0,18889.903376246995,20177.25871374447
2025-08-31T15:15:00Z,2025-08-31T15:30:00Z,2025-08-31,2025-08-31_18,40.85474639062632,59,100,0,184.69853842138218,182.84388179448968,0.03349528096437744,0.016815,9.376,True,True,True,False,875.2108045531922,0.0,39.554729703087425,372.58980324119716,1.5746865265565237,202.80900595402392,1491.7390299780573
2025-08-31T15:30:00Z,2025-08-31T15:45:00Z,2025-08-31,2025-08-31_18,40.85474639062632,59,100,0,182.84388179448968,171.6867107710419,0.031155382631761246,0.10000500000000001,0.054,True,True,True,False,875.2108045531922,0.0,39.554729703087425,372.58980324119716,9.365240921099327,-3.96474468672371,1292.7558337318524
2025-08-31T15:45:00Z,2025-08-31T16:00:00Z,2025-08-31,2025-08-31_18,40.85474639062632,59,100,0,171.6867107710419,159.14780354800143,0.0348590161482539,1.330745,0.0095,True,True,True,False,875.2108045531922,0.0,39.554729703087425,372.58980324119716,154.89082619573364,-0.7304522692322858,1441.5157114239782
2025-08-31T16:00:00Z,2025-08-31T16:15:00Z,2025-08-31,2025-08-31_19,0.893446353800428,32,33,67,159.14780354800143,158.86888290007994,0.0009536487553175143,0.06384000000000001,0.03597,True,True,True,False,25.829534088370373,624.1374551476677,34.76834509680218,118.60208587989433,5.978470880485786,-2.2062384803438353,807.1096526128765
2025-08-31T16:15:00Z,2025-08-31T16:30:00Z,2025-08-31,2025-08-31_19,0.893446353800428,32,33,67,158.86888290007994,158.63607111555586,0.0007779795319202335,0.01328,0.0264,True,True,True,False,25.829534088370373,624.1374551476677,34.76834509680218,118.60208587989433,1.2436418122313788,-1.9376638145183553,802.6433982104476
2025-08-31T16:30:00Z,2025-08-31T16:45:00Z,2025-08-31,2025-08-31_19,0.893446353800428,32,33,67,158.63607111555586,158.42017055133783,0.0008229000112840982,0.01344,0.04488,True,True,True,False,25.829534088370373,624.1374551476677,34.76834509680218,118.60208587989433,1.2586254485233233,-3.1188069555616895,801.4772387056962
2025-08-31T16:45:00Z,2025-08-31T17:00:00Z,2025-08-31,2025-08-31_19,0.893446353800428,32,33,67,158.42017055133783,158.20476630434544,0.0009093149395721521,0.027999999999999997,0.062535,True,True,True,False,25.829534088370373,624.1374551476677,34.76834509680218,118.60208587989433,2.6221363510902562,-3.861470290012223,802.0980862738126
2025-08-31T17:00:00Z,2025-08-31T17:15:00Z,2025-08-31,2025-08-31_20,69.0,0,69,31,158.20476630434544,139.81776630434544,0.051074999999999995,0.0,0.33396,True,True,True,False,2298.5625,288.78001656086116,0.0,275.7578565513978,0.0,-15.535177642837429,2847.5651954694217
2025-08-31T17:15:00Z,2025-08-31T17:30:00Z,2025-08-31,2025-08-31_20,69.0,0,69,31,139.81776630434544,121.07189130434544,0.05207187499999999,0.0,0.0037949999999999998,True,True,True,False,2298.5625,288.78001656086116,0.0,275.7578565513978,0.0,-0.2917964591301605,2862.808576653129
2025-08-31T17:30:00Z,2025-08-31T17:45:00Z,2025-08-31,2025-08-31_20,69.0,0,69,31,121.07189130434544,102.36164130434544,0.05197291666666667,0.0,0.03657,True,True,True,False,2298.5625,288.78001656086116,0.0,275.7578565513978,0.0,-2.156232723473049,2860.944140388786
2025-08-31T17:45:00Z,2025-08-31T18:00:00Z,2025-08-31,2025-08-31_20,69.0,0,69,31,102.36164130434544,83.65439130434544,0.05196458333333333,0.0,0.03933,True,True,True,False,2298.5625,288.78001656086116,0.0,275.7578565513978,0.0,-2.9212306711091838,2860.17914244115
2025-08-31T18:00:00Z,2025-08-31T18:15:00Z,2025-08-31,2025-08-31_21,36.0,0,36,64,83.65439130434544,73.87178260869327,0.027173913043478257,0.0,0.0,True,True,True,False,1175.04,596.1910019321004,0.0,144.5656717006427,0.0,0.0,1915.796673632743
2025-08-31T18:15:00Z,2025-08-31T18:30:00Z,2025-08-31,2025-08-31_21,36.0,0,36,64,73.87178260869327,64.11636956521501,0.02709836956521739,0.0,0.025020000000000004,True,True,True,False,1175.04,596.1910019321004,0.0,144.5656717006427,0.0,-1.923780608020189,1913.872893024723
2025-08-31T18:30:00Z,2025-08-31T18:45:00Z,2025-08-31,2025-08-31_21,36.0,0,36,64,64.11636956521501,54.38482608695415,0.0270320652173913,0.0,0.04698,True,True,True,False,1175.04,596.1910019321004,0.0,144.5656717006427,0.0,-3.5350963408382956,1912.2615772919048
2025-08-31T18:45:00Z,2025-08-31T19:00:00Z,2025-08-31,2025-08-31_21,36.0,0,36,64,54.38482608695415,44.7826086956498,0.02667282608695652,0.0,0.16596000000000002,True,True,True,False,1175.04,596.1910019321004,0.0,144.5656717006427,0.0,-8.512116604234851,1907.2845570285083
2025-08-31T19:00:00Z,2025-08-31T19:15:00Z,2025-08-31,2025-08-31_22,0.9344612804793542,99,100,0,44.7826086956498,44.371219245109444,0.0014187010354674745,0.19107000000000002,0.0545,True,True,True,False,26.470951922778905,0.0,110.52156855013604,402.5472181696306,26.17834542407634,-4.005656519853318,561.7124275467686
2025-08-31T19:15:00Z,2025-08-31T19:30:00Z,2025-08-31,2025-08-31_22,0.9344612804793542,99,100,0,44.371219245109444,39.16083302758788,0.014473295048671009,4.55994,0.0,True,True,True,False,26.470951922778905,0.0,110.52156855013604,402.5472181696306,825.9872547060448,0.0,1365.5269933485904
2025-08-31T19:30:00Z,2025-08-31T19:45:00Z,2025-08-31,2025-08-31_22,0.9344612804793542,99,100,0,39.16083302758788,36.67495731216921,0.007315341650906201,2.122065,0.081,True,True,True,False,26.470951922778905,0.0,110.52156855013604,402.5472181696306,309.2996968002051,-4.876288789874216,843.9631466528764
2025-08-31T19:45:00Z,2025-08-31T20:00:00Z,2025-08-31,2025-08-31_22,0.9344612804793542,99,100,0,36.67495731216921,46.41304347825852,0.027849130387590265,0.0,10.8425,True,True,True,False,26.470951922778905,0.0,110.52156855013604,402.5472181696306,0.0,4115.419419088364,4654.959157730909
2025-08-31T20:00:00Z,2025-08-31T20:15:00Z,2025-08-31,2025-08-31_23,3.089316242435218e-14,0,0,67,46.41304347825852,46.413043478258516,2.331911414881656e-17,0.0,0.0,True,False,True,False,7.859220520755195e-13,624.1374551476677,0.0,0.0,0.0,0.0,624.1374551476684
2025-08-31T20:15:00Z,2025-08-31T20:30:00Z,2025-08-31,2025-08-31_23,3.089316242435218e-14,0,0,67,46.413043478258516,46.41304347825851,2.331911414881656e-17,0.0,0.0,True,False,True,False,7.859220520755195e-13,624.1374551476677,0.0,0.0,0.0,0.0,624.1374551476684
2025-08-31T20:30:00Z,2025-08-31T20:45:00Z,2025-08-31,2025-08-31_23,3.089316242435218e-14,0,0,67,46.41304347825851,46.4130434782585,2.331911414881656e-17,0.0,0.0,True,False,True,False,7.859220520755195e-13,624.1374551476677,0.0,0.0,0.0,0.0,624.1374551476684
2025-08-31T20:45:00Z,2025-08-31T21:00:00Z,2025-08-31,2025-08-31_23,3.089316242435218e-14,0,0,67,46.4130434782585,46.413043478258494,2.331911414881656e-17,0.0,0.0,True,False,True,False,7.859220520755195e-13,624.1374551476677,0.0,0.0,0.0,0.0,624.1374551476684
2025-08-31T21:00:00Z,2025-08-31T21:15:00Z,2025-09-01,2025-08-31_24,-32.99999999999999,0,0,67,46.413043478258494,54.00304347825849,0.02108333333333333,0.0,0.0,True,False,True,False,-746.6249999999999,738.0673080714483,0.0,0.0,0.0,0.0,-8.557691928551549
2025-08-31T21:15:00Z,2025-08-31T21:30:00Z,2025-09-01,2025-08-31_24,-32.99999999999999,0,0,67,54.00304347825849,61.59304347825849,0.02108333333333333,0.0,0.0,True,False,True,False,-746.6249999999999,738.0673080714483,0.0,0.0,0.0,0.0,-8.557691928551549
2025-08-31T21:30:00Z,2025-08-31T21:45:00Z,2025-09-01,2025-08-31_24,-32.99999999999999,0,0,67,61.59304347825849,69.18304347825848,0.02108333333333333,0.0,0.0,True,False,True,False,-746.6249999999999,738.0673080714483,0.0,0.0,0.0,0.0,-8.557691928551549
2025-08-31T21:45:00Z,2025-08-31T22:00:00Z,2025-09-01,2025-08-31_24,-32.99999999999999,0,0,67,69.18304347825848,76.77304347825849,0.02108333333333333,0.0,0.0,True,False,True,False,-746.6249999999999,738.0673080714483,0.0,0.0,0.0,0.0,-8.557691928551549
2025-08-31T22:00:00Z,2025-08-31T22:15:00Z,2025-09-01,2025-09-01_1,0.0,0,0,100,76.77304347825849,76.77304347825849,0.0,0.0,0.0,True,True,True,False,0.0,1101.5929971215648,0.0,0.0,0.0,0.0,1101.5929971215648
2025-08-31T22:15:00Z,2025-08-31T22:30:00Z,2025-09-01,2025-09-01_1,0.0,0,0,100,76.77304347825849,76.77304347825849,0.0,0.0,0.0,True,True,True,False,0.0,1101.5929971215648,0.0,0.0,0.0,0.0,1101.5929971215648
2025-08-31T22:30:00Z,2025-08-31T22:45:00Z,2025-09-01,2025-09-01_1,0.0,0,0,100,76.77304347825849,76.77304347825849,0.0,0.0,0.0,True,True,True,False,0.0,1101.5929971215648,0.0,0.0,0.0,0.0,1101.5929971215648
2025-08-31T22:45:00Z,2025-08-31T23:00:00Z,2025-09-01,2025-09-01_1,0.0,0,0,100,76.77304347825849,76.77304347825849,0.0,0.0,0.0,True,True,True,False,0.0,1101.5929971215648,0.0,0.0,0.0,0.0,1101.5929971215648
2025-08-31T23:00:00Z,2025-08-31T23:15:00Z,2025-09-01,2025-09-01_2,0.0,0,0,100,76.77304347825849,76.77304347825849,0.0,0.0,0.0,True,True,True,False,0.0,1101.5929971215648,0.0,0.0,0.0,0.0,1101.5929971215648
2025-08-31T23:15:00Z,2025-08-31T23:30:00Z,2025-09-01,2025-09-01_2,0.0,0,0,100,76.77304347825849,76.77304347825849,0.0,0.0,0.0,True,True,True,False,0.0,1101.5929971215648,0.0,0.0,0.0,0.0,1101.5929971215648
2025-08-31T23:30:00Z,2025-08-31T23:45:00Z,2025-09-01,2025-09-01_2,0.0,0,0,100,76.77304347825849,76.77304347825849,0.0,0.0,0.0,True,True,True,False,0.0,1101.5929971215648,0.0,0.0,0.0,0.0,1101.5929971215648
2025-08-31T23:45:00Z,2025-09-01T00:00:00Z,2025-09-01,2025-09-01_2,0.0,0,0,100,76.77304347825849,76.77304347825849,0.0,0.0,0.0,True,True,True,False,0.0,1101.5929971215648,0.0,0.0,0.0,0.0,1101.5929971215648
2025-09-01T00:00:00Z,2025-09-01T00:15:00Z,2025-09-01,2025-09-01_3,0.0,0,0,100,76.77304347825849,76.77304347825849,0.0,0.0,0.0,True,True,True,False,0.0,1101.5929971215648,0.0,0.0,0.0,0.0,1101.5929971215648
2025-09-01T00:15:00Z,2025-09-01T00:30:00Z,2025-09-01,2025-09-01_3,0.0,0,0,100,76.77304347825849,76.77304347825849,0.0,0.0,0.0,True,True,True,False,0.0,1101.5929971215648,0.0,0.0,0.0,0.0,1101.5929971215648
2025-09-01T00:30:00Z,2025-09-01T00:45:00Z,2025-09-01,2025-09-01_3,0.0,0,0,100,76.77304347825849,76.77304347825849,0.0,0.0,0.0,True,True,True,False,0.0,1101.5929971215648,0.0,0.0,0.0,0.0,1101.5929971215648
2025-09-01T00:45:00Z,2025-09-01T01:00:00Z,2025-09-01,2025-09-01_3,0.0,0,0,100,76.77304347825849,76.77304347825849,0.0,0.0,0.0,True,True,True,False,0.0,1101.5929971215648,0.0,0.0,0.0,0.0,1101.5929971215648
2025-09-01T01:00:00Z,2025-09-01T01:15:00Z,2025-09-01,2025-09-01_4,0.0,0,0,100,76.77304347825849,76.77304347825849,0.0,0.0,0.0,True,True,True,False,0.0,1101.5929971215648,0.0,0.0,0.0,0.0,1101.5929971215648
2025-09-01T01:15:00Z,2025-09-01T01:30:00Z,2025-09-01,2025-09-01_4,0.0,0,0,100,76.77304347825849,76.77304347825849,0.0,0.0,0.0,True,True,True,False,0.0,1101.5929971215648,0.0,0.0,0.0,0.0,1101.5929971215648
2025-09-01T01:30:00Z,2025-09-01T01:45:00Z,2025-09-01,2025-09-01_4,0.0,0,0,100,76.77304347825849,76.77304347825849,0.0,0.0,0.0,True,True,True,False,0.0,1101.5929971215648,0.0,0.0,0.0,0.0,1101.5929971215648
2025-09-01T01:45:00Z,2025-09-01T02:00:00Z,2025-09-01,2025-09-01_4,0.0,0,0,100,76.77304347825849,76.77304347825849,0.0,0.0,0.0,True,True,True,False,0.0,1101.5929971215648,0.0,0.0,0.0,0.0,1101.5929971215648
2025-09-01T02:00:00Z,2025-09-01T02:15:00Z,2025-09-01,2025-09-01_5,0.0,0,0,100,76.77304347825849,76.77304347825849,0.0,0.0,0.0,True,True,True,False,0.0,1101.5929971215648,0.0,0.0,0.0,0.0,1101.5929971215648
2025-09-01T02:15:00Z,2025-09-01T02:30:00Z,2025-09-01,2025-09-01_5,0.0,0,0,100,76.77304347825849,76.77304347825849,0.0,0.0,0.0,True,True,True,False,0.0,1101.5929971215648,0.0,0.0,0.0,0.0,1101.5929971215648
2025-09-01T02:30:00Z,2025-09-01T02:45:00Z,2025-09-01,2025-09-01_5,0.0,0,0,100,76.77304347825849,76.77304347825849,0.0,0.0,0.0,True,True,True,False,0.0,1101.5929971215648,0.0,0.0,0.0,0.0,1101.5929971215648
2025-09-01T02:45:00Z,2025-09-01T03:00:00Z,2025-09-01,2025-09-01_5,0.0,0,0,100,76.77304347825849,76.77304347825849,0.0,0.0,0.0,True,True,True,False,0.0,1101.5929971215648,0.0,0.0,0.0,0.0,1101.5929971215648
2025-09-01T03:00:00Z,2025-09-01T03:15:00Z,2025-09-01,2025-09-01_6,-47.00000000000006,100,53,0,76.77304347825849,92.3588416782585,0.043293883888888926,0.0,5.191084999999999,True,True,True,False,-1147.6225000000013,0.0,109.65655928393991,53.290485390954615,0.0,-103.13906648890028,-1087.814521814007
2025-09-01T03:15:00Z,2025-09-01T03:30:00Z,2025-09-01,2025-09-01_6,-47.00000000000006,100,53,0,92.3588416782585,103.91730767825851,0.03210685000000004,0.0,0.81355,True,True,True,False,-1147.6225000000013,0.0,109.65655928393991,53.290485390954615,0.0,-37.98913764244312,-1022.6645929675499
2025-09-01T03:30:00Z,2025-09-01T03:45:00Z,2025-09-01,2025-09-01_6,-47.00000000000006,100,53,0,103.91730767825851,109.22186087825852,0.032217508888888906,5.4625,0.00371,True,True,True,False,-1147.6225000000013,0.0,109.65655928393991,53.290485390954615,923.506262075628,-0.2852608335633453,-61.45445408304212
2025-09-01T03:45:00Z,2025-09-01T04:00:00Z,2025-09-01,2025-09-01_6,-47.00000000000006,100,53,0,109.22186087825852,114.01926164347593,0.032407393429951706,5.962,0.0,True,True,True,False,-1147.6225000000013,0.0,109.65655928393991,53.290485390954615,4299.512720712906,0.0,3314.8372653877996
2025-09-01T04:00:00Z,2025-09-01T04:15:00Z,2025-09-01,2025-09-01_7,0.0,100,100,0,114.01926164347593,114.83464599130201,0.007313265700483092,0.836,1.8739999999999999,True,True,True,False,0.0,0.0,123.91072907219748,98.33011316588464,131.81957414928434,-86.45959583612634,267.60082055124013
2025-09-01T04:15:00Z,2025-09-01T04:30:00Z,2025-09-01,2025-09-01_7,0.0,100,100,0,114.83464599130201,112.1955155565194,0.007330917874396135,2.428,0.0,True,True,True,False,0.0,0.0,123.91072907219748,98.33011316588464,420.6334560940026,0.0,642.8742983320848
2025-09-01T04:30:00Z,2025-09-01T04:45:00Z,2025-09-01,2025-09-01_7,0.0,100,100,0,112.1955155565194,90.85312425217157,0.059284420289855075,19.635,0.0,True,True,True,False,0.0,0.0,123.91072907219748,98.33011316588464,12162.144762627659,0.0,12384.38560486574
2025-09-01T04:45:00Z,2025-09-01T05:00:00Z,2025-09-01,2025-09-01_7,0.0,100,100,0,90.85312425217157,75.84497207825852,0.0416893115942029,13.807500000000001,0.0,True,True,True,False,0.0,0.0,123.91072907219748,98.33011316588464,7616.2428063759335,0.0,7838.483648614016
2025-09-01T05:00:00Z,2025-09-01T05:15:00Z,2025-09-01,2025-09-01_8,0.0,1,1,99,75.84497207825852,75.72650468695417,0.0003290760869565217,0.10898999999999999,0.0,True,True,True,False,0.0,1090.577067150349,1.2391072907219747,0.9833011316588464,21.964143030637594,0.0,1114.7636186033674
2025-09-01T05:15:00Z,2025-09-01T05:30:00Z,2025-09-01,2025-09-01_8,0.0,1,1,99,75.72650468695417,75.70358583478026,6.45068115942029e-05,0.021225,0.000165,True,True,True,False,0.0,1090.577067150349,1.2391072907219747,0.9833011316588464,3.69428485666969,-0.012686802570876543,1096.4810736268287
2025-09-01T05:30:00Z,2025-09-01T05:45:00Z,2025-09-01,2025-09-01_8,0.0,1,1,99,75.70358583478026,75.70290877391069,5.637391304347826e-06,0.001245,0.000735,True,True,True,False,0.0,1090.577067150349,1.2391072907219747,0.9833011316588464,0.17055901088285164,-0.05337422715981232,1092.916660356453
2025-09-01T05:45:00Z,2025-09-01T06:00:00Z,2025-09-01,2025-09-01_8,0.0,1,1,99,75.70290877391069,75.71006359999765,2.280326086956522e-05,0.000485,0.00835,True,True,True,False,0.0,1090.577067150349,1.2391072907219747,0.9833011316588464,0.06678565316825047,-0.5200057075825086,1092.3462555183155
2025-09-01T06:00:00Z,2025-09-01T06:15:00Z,2025-09-01,2025-09-01_9,-2.0,100,98,0,75.71006359999765,76.26443879999765,0.002560764444444444,0.1725,0.30576,True,True,True,False,-54.215,0.0,98.77370766136983,101.43527463428099,23.806237924372066,-19.64316003312172,150.15706018690116
2025-09-01T06:15:00Z,2025-09-01T06:30:00Z,2025-09-01,2025-09-01_9,-2.0,100,98,0,76.26443879999765,70.37498269564982,0.018316184734299516,5.8595,0.0,True,True,True,False,-54.215,0.0,98.77370766136983,101.43527463428099,2310.922477425969,0.0,2456.91645972162
2025-09-01T06:30:00Z,2025-09-01T06:45:00Z,2025-09-01,2025-09-01_9,-2.0,100,98,0,70.37498269564982,63.63813779130199,0.02059010473429952,6.641500000000001,0.0,True,True,True,False,-54.215,0.0,98.77370766136983,101.43527463428099,4109.521419206656,0.0,4255.515401502307
2025-09-01T06:45:00Z,2025-09-01T07:00:00Z,2025-09-01,2025-09-01_9,-2.0,100,98,0,63.63813779130199,59.91139573912808,0.012532359033816427,3.8670000000000004,0.003920000000000001,True,True,True,False,-54.215,0.0,98.77370766136983,101.43527463428099,604.374087181105,-0.3014076731990064,750.0666618035568
2025-09-01T07:00:00Z,2025-09-01T07:15:00Z,2025-09-01,2025-09-01_10,7.85674252174892e-12,9,9,91,59.91139573912808,59.73191875651725,0.0004990071739189735,0.165195,9e-05,True,True,True,False,1.9610429334285307e-10,1002.449627380624,6.169512243208075,13.440913213201371,23.343523651472736,-0.006920074129569024,1045.3966564145726
2025-09-01T07:15:00Z,2025-09-01T07:30:00Z,2025-09-01,2025-09-01_10,7.85674252174892e-12,9,9,91,59.73191875651725,59.66235775651513,0.00042552500000570936,0.10246500000000001,0.04545,True,True,True,False,1.9610429334285307e-10,1002.449627380624,6.169512243208075,13.440913213201371,14.140097275344038,-2.7888640432159613,1033.4112860693576
2025-09-01T07:30:00Z,2025-09-01T07:45:00Z,2025-09-01,2025-09-01_10,7.85674252174892e-12,9,9,91,59.66235775651513,59.53184139999126,0.0004094654347884945,0.12784500000000001,0.009179999999999999,True,True,True,False,1.9610429334285307e-10,1002.449627380624,6.169512243208075,13.440913213201371,17.637982354796737,-0.5967669650250385,1039.1012682270011
2025-09-01T07:45:00Z,2025-09-01T08:00:00Z,2025-09-01,2025-09-01_10,7.85674252174892e-12,9,9,91,59.53184139999126,59.55738159998913,0.000145945000005724,0.01242,0.042434999999999994,True,True,True,False,1.9610429334285307e-10,1002.449627380624,6.169512243208075,13.440913213201371,1.7050797563187572,-2.6274779513820437,1021.1376546421662
2025-09-01T08:00:00Z,2025-09-01T08:15:00Z,2025-09-01,2025-09-01_11,0.0,9,9,91,59.55738159998913,59.66433266955434,0.00043730369565217394,0.02322,0.143685,True,True,True,False,0.0,1002.449627380624,4.183983281416348,71.8170616300619,2.5178423563739605,-3.1912562576396835,1077.7772583908366
2025-09-01T08:15:00Z,2025-09-01T08:30:00Z,2025-09-01,2025-09-01_11,0.0,9,9,91,59.66433266955434,59.6055020956413,0.0001735382608695652,0.055799999999999995,0.00198,True,True,True,False,0.0,1002.449627380624,4.183983281416348,71.8170616300619,6.213874886636963,-0.1444343677299791,1084.520112811009
2025-09-01T08:30:00Z,2025-09-01T08:45:00Z,2025-09-01,2025-09-01_11,0.0,9,9,91,59.6055020956413,59.50953470433695,0.0002665760869565217,0.08829,0.0,True,True,True,False,0.0,1002.449627380624,4.183983281416348,71.8170616300619,9.649949739757897,0.0,1088.10062203186
2025-09-01T08:45:00Z,2025-09-01T09:00:00Z,2025-09-01,2025-09-01_11,0.0,9,9,91,59.50953470433695,59.51743263477173,5.672130434782609e-05,0.00576,0.015390000000000001,True,True,True,False,0.0,1002.449627380624,4.183983281416348,71.8170616300619,0.624581049643153,-0.9846025728480738,1078.0906507688974
2025-09-01T09:00:00Z,2025-09-01T09:15:00Z,2025-09-01,2025-09-01_12,0.0,100,100,0,59.51743263477173,59.39198046085869,0.0012940338164251209,0.272,0.185,True,True,True,False,0.0,0.0,46.488703126848314,969.4018374669771,29.440479476361347,-9.24846812034226,1036.0825519498444
2025-09-01T09:15:00Z,2025-09-01T09:30:00Z,2025-09-01,2025-09-01_12,0.0,100,100,0,59.39198046085869,55.50882828694564,0.01078653381642512,3.5725,0.0,True,True,True,False,0.0,0.0,46.488703126848314,969.4018374669771,910.7099941839833,0.0,1926.6005347778087
2025-09-01T09:30:00Z,2025-09-01T09:45:00Z,2025-09-01,2025-09-01_12,0.0,100,100,0,55.50882828694564,52.93708915651086,0.007143719806763284,2.366,0.0,True,True,True,False,0.0,0.0,46.488703126848314,969.4018374669771,283.068236268286,0.0,1298.9587768621113
2025-09-01T09:45:00Z,2025-09-01T10:00:00Z,2025-09-01,2025-09-01_12,0.0,100,100,0,52.93708915651086,49.701219591293466,0.008988526570048309,2.977,0.0,True,True,True,False,0.0,0.0,46.488703126848314,969.4018374669771,339.5090016166555,0.0,1355.3995422104808
2025-09-01T10:00:00Z,2025-09-01T10:15:00Z,2025-09-01,2025-09-01_13,-37.0,37,0,63,49.701219591293466,57.264737391293465,0.02100977166666667,1.028785,0.0,True,True,True,False,-370.0,694.0035881865857,17.200820156933876,0.0,130.7322829137258,0.0,471.9366912572454
2025-09-01T10:15:00Z,2025-09-01T10:30:00Z,2025-09-01,2025-09-01_13,-37.0,37,0,63,57.264737391293465,65.72571979129347,0.02350272888888889,0.053279999999999994,0.0,True,True,True,False,-370.0,694.0035881865857,17.200820156933876,0.0,5.777374709199164,0.0,346.98178305271875
2025-09-01T10:30:00Z,2025-09-01T10:45:00Z,2025-09-01,2025-09-01_13,-37.0,37,0,63,65.72571979129347,73.86621559129348,0.022612488333333333,0.40163499999999996,0.0,True,True,True,False,-370.0,694.0035881865857,17.200820156933876,0.0,45.1995762588226,0.0,386.4039846023422
2025-09-01T10:45:00Z,2025-09-01T11:00:00Z,2025-09-01,2025-09-01_13,-37.0,37,0,63,73.86621559129348,82.28975399129348,0.023398717777777776,0.09398000000000001,0.0,True,True,True,False,-370.0,694.0035881865857,17.200820156933876,0.0,10.190647056504083,0.0,351.3950554000237
2025-09-01T11:00:00Z,2025-09-01T11:15:00Z,2025-09-01,2025-09-01_14,0.0,100,100,0,82.28975399129348,82.28335920868479,0.0008457632850241546,0.143,0.162,True,True,True,False,0.0,0.0,46.488703126848314,969.4018374669771,15.50609203107133,-8.07144670951461,1023.3251859153821
2025-09-01T11:15:00Z,2025-09-01T11:30:00Z,2025-09-01,2025-09-01_14,0.0,100,100,0,82.28335920868479,85.06819920868479,0.007735666666666668,0.0,3.027,True,True,True,False,0.0,0.0,46.488703126848314,969.4018374669771,0.0,-68.67414494696582,947.2163956468596
2025-09-01T11:30:00Z,2025-09-01T11:45:00Z,2025-09-01,2025-09-01_14,0.0,100,100,0,85.06819920868479,95.21119920868479,0.028175000000000002,0.0,11.025,True,True,True,False,0.0,0.0,46.488703126848314,969.4018374669771,0.0,-13.026462876069559,1002.8640777177559
2025-09-01T11:45:00Z,2025-09-01T12:00:00Z,2025-09-01,2025-09-01_14,0.0,100,100,0,95.21119920868479,108.6335392086848,0.03728427777777778,0.0,14.5895,True,True,True,False,0.0,0.0,46.488703126848314,969.4018374669771,0.0,-0.04314547927920823,1015.8473951145462
2025-09-01T12:00:00Z,2025-09-01T12:15:00Z,2025-09-01,2025-09-01_15,0.0,100,100,0,108.6335392086848,125.4345792086848,0.046669555555555554,0.0,18.262,True,True,True,False,0.0,0.0,46.488703126848314,939.8288711012973,0.0,92.3901230235401,1078.7076972516857
2025-09-01T12:15:00Z,2025-09-01T12:30:00Z,2025-09-01,2025-09-01_15,0.0,100,100,0,125.4345792086848,129.66357051303262,0.011789468599033816,0.007000000000000001,4.605,True,True,True,False,0.0,0.0,46.488703126848314,939.8288711012973,0.6555340877725643,-44.76805922479398,942.2050490911242
2025-09-01T12:30:00Z,2025-09-01T12:45:00Z,2025-09-01,2025-09-01_15,0.0,100,100,0,129.66357051303262,134.48642007825,0.013405862318840582,0.0015,5.244,True,True,True,False,0.0,0.0,46.488703126848314,939.8288711012973,0.14047159023697803,-30.007069121880058,956.4509766965025
2025-09-01T12:45:00Z,2025-09-01T13:00:00Z,2025-09-01,2025-09-01_15,0.0,100,100,0,134.48642007825,139.24190007825,0.013209666666666665,0.0,5.169,True,True,True,False,0.0,0.0,46.488703126848314,939.8288711012973,0.0,-66.89372047632192,919.4238537518237
2025-09-01T13:00:00Z,2025-09-01T13:15:00Z,2025-09-01,2025-09-01_16,0.0,100,100,0,139.24190007825,146.55907920868478,0.02034361352657005,0.003,7.957,True,True,True,False,0.0,0.0,46.488703126848314,933.9142778281614,0.28094318047395606,-22.599373447419268,958.0845506880644
2025-09-01T13:15:00Z,2025-09-01T13:30:00Z,2025-09-01,2025-09-01_16,0.0,100,100,0,146.55907920868478,144.10321746955432,0.007450504830917875,2.3635,0.123,True,True,True,False,0.0,0.0,46.488703126848314,933.9142778281614,304.2476207562794,-5.049081857970901,1279.6015198533182
2025-09-01T13:30:00Z,2025-09-01T13:45:00Z,2025-09-01,2025-09-01_16,0.0,100,100,0,144.10321746955432,144.4456313825978,0.002675183574879227,0.2855,0.7095,True,True,True,False,0.0,0.0,46.488703126848314,933.9142778281614,28.622385355467056,-25.66730462126888,983.358061689208
2025-09-01T13:45:00Z,2025-09-01T14:00:00Z,2025-09-01,2025-09-01_16,0.0,100,100,0,144.4456313825978,146.15773920868477,0.0077178115942028985,0.49049999999999994,2.4405,True,True,True,False,0.0,0.0,46.488703126848314,933.9142778281614,45.847950396277746,-23.82906086116478,1002.4218704901227
2025-09-01T14:00:00Z,2025-09-01T14:15:00Z,2025-09-01,2025-09-01_17,0.0,9,9,91,146.15773920868477,146.73025065216305,0.0016310704347826089,0.00675,0.63027,True,True,True,False,0.0,1002.449627380624,6.020464492725051,8.5835534876385,0.6181489294586177,-1.9819420567012342,1015.6898522337449
2025-09-01T14:15:00Z,2025-09-01T14:30:00Z,2025-09-01,2025-09-01_17,0.0,9,9,91,146.73025065216305,147.88311645216305,0.003202405,0.0,1.253115,True,True,True,False,0.0,1002.449627380624,6.020464492725051,8.5835534876385,0.0,-4.121380156539568,1012.932265204448
2025-09-01T14:30:00Z,2025-09-01T14:45:00Z,2025-09-01,2025-09-01_17,0.0,9,9,91,147.88311645216305,148.02373777390218,0.0004734952173913044,0.013725,0.169065,True,True,True,False,0.0,1002.449627380624,6.020464492725051,8.5835534876385,1.2837618489018572,-6.177295516738299,1012.1601116931511
2025-09-01T14:45:00Z,2025-09-01T15:00:00Z,2025-09-01,2025-09-01_17,0.0,9,9,91,148.02373777390218,147.9706922434674,0.0004116186956521739,0.092565,0.051705,True,True,True,False,0.0,1002.449627380624,6.020464492725051,8.5835534876385,11.114570556168921,-2.0354778971649385,1026.1327380199914
2025-09-01T15:00:00Z,2025-09-01T15:15:00Z,2025-09-01,2025-09-01_18,-11.882385124222312,100,88,0,147.9706922434674,155.16048882203853,0.01997165716269759,0.0,4.8444,True,True,True,False,-329.26089179220025,0.0,67.04191475099563,85.85387011553173,0.0,-83.75075738338394,-260.11586430905686
2025-09-01T15:15:00Z,2025-09-01T15:30:00Z,2025-09-01,2025-09-01_18,-11.882385124222312,100,88,0,155.16048882203853,158.20811968758562,0.00882215579781669,0.067,0.41976,True,True,True,False,-329.26089179220025,0.0,67.04191475099563,85.85387011553173,6.274397697251686,-25.425678025314465,-195.51638725373567
2025-09-01T15:30:00Z,2025-09-01T15:45:00Z,2025-09-01,2025-09-01_18,-11.882385124222312,100,88,0,158.20811968758562,160.1034026800904,0.00968385850299231,0.8305,0.05279999999999999,True,True,True,False,-329.26089179220025,0.0,67.04191475099563,85.85387011553173,87.50934062142662,-3.697176294310161,-92.55294259855643
2025-09-01T15:45:00Z,2025-09-01T16:00:00Z,2025-09-01,2025-09-01_18,-11.882385124222312,100,88,0,160.1034026800904,143.9990489130426,0.04919661372647749,17.6525,0.0,True,True,True,False,-329.26089179220025,0.0,67.04191475099563,85.85387011553173,21418.887543373687,0.0,21242.522436448013
2025-09-01T16:00:00Z,2025-09-01T16:15:00Z,2025-09-01,2025-09-01_19,0.0,0,0,100,143.9990489130426,143.9990489130426,0.0,0.0,0.0,True,True,True,False,0.0,1101.5929971215648,0.0,0.0,0.0,0.0,1101.5929971215648
2025-09-01T16:15:00Z,2025-09-01T16:30:00Z,2025-09-01,2025-09-01_19,0.0,0,0,100,143.9990489130426,143.9990489130426,0.0,0.0,0.0,True,True,True,False,0.0,1101.5929971215648,0.0,0.0,0.0,0.0,1101.5929971215648
2025-09-01T16:30:00Z,2025-09-01T16:45:00Z,2025-09-01,2025-09-01_19,0.0,0,0,100,143.9990489130426,143.9990489130426,0.0,0.0,0.0,True,True,True,False,0.0,1101.5929971215648,0.0,0.0,0.0,0.0,1101.5929971215648
2025-09-01T16:45:00Z,2025-09-01T17:00:00Z,2025-09-01,2025-09-01_19,0.0,0,0,100,143.9990489130426,143.9990489130426,0.0,0.0,0.0,True,True,True,False,0.0,1101.5929971215648,0.0,0.0,0.0,0.0,1101.5929971215648
2025-09-01T17:00:00Z,2025-09-01T17:15:00Z,2025-09-01,2025-09-01_20,75.0,0,75,25,143.9990489130426,125.32119565217303,0.05188292572463769,0.0,1.5663749999999999,True,True,True,False,4224.5625,275.3982492803912,0.0,71.32999487401916,0.0,-76.71846703600015,4494.57227711841
2025-09-01T17:15:00Z,2025-09-01T17:30:00Z,2025-09-01,2025-09-01_20,75.0,0,75,25,125.32119565217303,104.98355978260781,0.056493432971014494,0.0,0.039375,True,True,True,False,4224.5625,275.3982492803912,0.0,71.32999487401916,0.0,-2.9240296370411265,4568.3667145173695
2025-09-01T17:30:00Z,2025-09-01T17:45:00Z,2025-09-01,2025-09-01_20,75.0,0,75,25,104.98355978260781,84.6654891304339,0.05643908514492753,0.0,0.057374999999999995,True,True,True,False,4224.5625,275.3982492803912,0.0,71.32999487401916,0.0,-3.8245286808485472,4567.4662154735615
2025-09-01T17:45:00Z,2025-09-01T18:00:00Z,2025-09-01,2025-09-01_20,75.0,0,75,25,84.6654891304339,64.34782608695564,0.05643795289855072,0.0,0.057749999999999996,True,True,True,False,4224.5625,275.3982492803912,0.0,71.32999487401916,0.0,-4.204835771460116,4567.08590838295
2025-09-01T18:00:00Z,2025-09-01T18:15:00Z,2025-09-01,2025-09-01_21,0.0,0,0,100,64.34782608695564,64.34782608695564,0.0,0.0,0.0,True,False,True,False,0.0,1101.5929971215648,0.0,0.0,0.0,0.0,1101.5929971215648
2025-09-01T18:15:00Z,2025-09-01T18:30:00Z,2025-09-01,2025-09-01_21,0.0,0,0,100,64.34782608695564,64.34782608695564,0.0,0.0,0.0,True,False,True,False,0.0,1101.5929971215648,0.0,0.0,0.0,0.0,1101.5929971215648
2025-09-01T18:30:00Z,2025-09-01T18:45:00Z,2025-09-01,2025-09-01_21,0.0,0,0,100,64.34782608695564,64.34782608695564,0.0,0.0,0.0,True,False,True,False,0.0,1101.5929971215648,0.0,0.0,0.0,0.0,1101.5929971215648
2025-09-01T18:45:00Z,2025-09-01T19:00:00Z,2025-09-01,2025-09-01_21,0.0,0,0,100,64.34782608695564,64.34782608695564,0.0,0.0,0.0,True,False,True,False,0.0,1101.5929971215648,0.0,0.0,0.0,0.0,1101.5929971215648
2025-09-01T19:00:00Z,2025-09-01T19:15:00Z,2025-09-01,2025-09-01_22,0.0,0,0,100,64.34782608695564,64.34782608695564,0.0,0.0,0.0,True,False,True,False,0.0,1101.5929971215648,0.0,0.0,0.0,0.0,1101.5929971215648
2025-09-01T19:15:00Z,2025-09-01T19:30:00Z,2025-09-01,2025-09-01_22,0.0,0,0,100,64.34782608695564,64.34782608695564,0.0,0.0,0.0,True,False,True,False,0.0,1101.5929971215648,0.0,0.0,0.0,0.0,1101.5929971215648
2025-09-01T19:30:00Z,2025-09-01T19:45:00Z,2025-09-01,2025-09-01_22,0.0,0,0,100,64.34782608695564,64.34782608695564,0.0,0.0,0.0,True,False,True,False,0.0,1101.5929971215648,0.0,0.0,0.0,0.0,1101.5929971215648
2025-09-01T19:45:00Z,2025-09-01T20:00:00Z,2025-09-01,2025-09-01_22,0.0,0,0,100,64.34782608695564,64.34782608695564,0.0,0.0,0.0,True,False,True,False,0.0,1101.5929971215648,0.0,0.0,0.0,0.0,1101.5929971215648
2025-09-01T20:00:00Z,2025-09-01T20:15:00Z,2025-09-01,2025-09-01_23,97.30863529443278,2,100,0,64.34782608695564,46.88321120614107,0.04965373047773694,0.0,8.294,True,True,True,False,2651.417040185057,0.0,1.557312408816687,99.30602105595204,0.0,2166.754765190647,4919.035138840472
2025-09-01T20:15:00Z,2025-09-01T20:30:00Z,2025-09-01,2025-09-01_23,97.30863529443278,2,100,0,46.88321120614107,25.993161297172207,0.05873359223960214,0.00048,5.13,True,True,True,False,2651.417040185057,0.0,1.557312408816687,99.30602105595204,0.06575059343085841,-223.8845195378731,2528.4616047053833
2025-09-01T20:30:00Z,2025-09-01T20:45:00Z,2025-09-01,2025-09-01_23,97.30863529443278,2,100,0,25.993161297172207,20.171519658058234,0.018791718876970547,0.0,19.05,True,True,True,False,2651.417040185057,0.0,1.557312408816687,99.30602105595204,0.0,-74.52567919246087,2677.7546944573646
2025-09-01T20:45:00Z,2025-09-01T21:00:00Z,2025-09-01,2025-09-01_23,97.30863529443278,2,100,0,20.171519658058234,9.999999999999128,0.0303219339771639,0.0,15.031500000000001,True,True,True,False,2651.417040185057,0.0,1.557312408816687,99.30602105595204,0.0,-253.0805308347463,2499.1998428150796
2025-09-01T21:00:00Z,2025-09-01T21:15:00Z,2025-09-02,2025-09-01_24,0.0,100,100,0,9.999999999999128,11.597636521738258,0.004718676328502416,0.0465,1.7915,True,True,True,False,0.0,0.0,65.91424346968951,105.86495810744209,6.340170724494826,-91.67394223755545,86.44543006407098
2025-09-01T21:15:00Z,2025-09-01T21:30:00Z,2025-09-02,2025-09-01_24,0.0,100,100,0,11.597636521738258,20.546476521738256,0.02485788888888889,0.0,9.727,True,True,True,False,0.0,0.0,65.91424346968951,105.86495810744209,0.0,-206.11268506653525,-34.33348348940365
2025-09-01T21:30:00Z,2025-09-01T21:45:00Z,2025-09-02,2025-09-01_24,0.0,100,100,0,20.546476521738256,35.60963652173826,0.041842111111111115,0.0,16.373,True,True,True,False,0.0,0.0,65.91424346968951,105.86495810744209,0.0,-102.09198955150322,69.68721202562838
2025-09-01T21:45:00Z,2025-09-01T22:00:00Z,2025-09-02,2025-09-01_24,0.0,100,100,0,35.60963652173826,57.11969652173826,0.059750166666666674,0.0,23.3805,True,True,True,False,0.0,0.0,65.91424346968951,105.86495810744209,0.0,768.4383317890588,940.2175333661904
2025-09-01T22:00:00Z,2025-09-01T22:15:00Z,2025-09-02,2025-09-02_1,-13.690364705658784,14,0,86,57.11969652173826,60.26738120991108,0.008743727509417373,0.00119,0.0,True,True,True,False,-302.9677709362289,947.3139477575162,9.227994085756531,0.0,0.16195565697387876,0.0,653.7361265640177
2025-09-01T22:15:00Z,2025-09-01T22:30:00Z,2025-09-02,2025-09-02_1,-13.690364705658784,14,0,86,60.26738120991108,63.410604463090955,0.008731979707966821,0.00602,0.0,True,True,True,False,-302.9677709362289,947.3139477575162,9.227994085756531,0.0,0.8000078580581568,0.0,654.374178765102
2025-09-01T22:30:00Z,2025-09-01T22:45:00Z,2025-09-02,2025-09-02_1,-13.690364705658784,14,0,86,63.410604463090955,66.54031409433564,0.008696395787631098,0.020649999999999998,0.0,True,True,True,False,-302.9677709362289,947.3139477575162,9.227994085756531,0.0,2.6955893247905367,0.0,656.2697602318344
2025-09-01T22:45:00Z,2025-09-01T23:00:00Z,2025-09-02,2025-09-02_1,-13.690364705658784,14,0,86,66.54031409433564,69.4869755739129,0.008214395412174457,0.21881999999999996,0.0,True,True,True,False,-302.9677709362289,947.3139477575162,9.227994085756531,0.0,29.62432396648595,0.0,683.1984948735299
2025-09-01T23:00:00Z,2025-09-01T23:15:00Z,2025-09-02,2025-09-02_2,0.0,0,0,100,69.4869755739129,69.4869755739129,0.0,0.0,0.0,True,True,True,False,0.0,1101.5278462296699,0.0,0.0,0.0,0.0,1101.5278462296699
2025-09-01T23:15:00Z,2025-09-01T23:30:00Z,2025-09-02,2025-09-02_2,0.0,0,0,100,69.4869755739129,69.4869755739129,0.0,0.0,0.0,True,True,True,False,0.0,1101.5278462296699,0.0,0.0,0.0,0.0,1101.5278462296699
2025-09-01T23:30:00Z,2025-09-01T23:45:00Z,2025-09-02,2025-09-02_2,0.0,0,0,100,69.4869755739129,69.4869755739129,0.0,0.0,0.0,True,True,True,False,0.0,1101.5278462296699,0.0,0.0,0.0,0.0,1101.5278462296699
2025-09-01T23:45:00Z,2025-09-02T00:00:00Z,2025-09-02,2025-09-02_2,0.0,0,0,100,69.4869755739129,69.4869755739129,0.0,0.0,0.0,True,True,True,False,0.0,1101.5278462296699,0.0,0.0,0.0,0.0,1101.5278462296699
2025-09-02T00:00:00Z,2025-09-02T00:15:00Z,2025-09-02,2025-09-02_3,0.0,0,0,100,69.4869755739129,69.4869755739129,0.0,0.0,0.0,True,True,True,False,0.0,1101.5278462296699,0.0,0.0,0.0,0.0,1101.5278462296699
2025-09-02T00:15:00Z,2025-09-02T00:30:00Z,2025-09-02,2025-09-02_3,0.0,0,0,100,69.4869755739129,69.4869755739129,0.0,0.0,0.0,True,True,True,False,0.0,1101.5278462296699,0.0,0.0,0.0,0.0,1101.5278462296699
2025-09-02T00:30:00Z,2025-09-02T00:45:00Z,2025-09-02,2025-09-02_3,0.0,0,0,100,69.4869755739129,69.4869755739129,0.0,0.0,0.0,True,True,True,False,0.0,1101.5278462296699,0.0,0.0,0.0,0.0,1101.5278462296699
2025-09-02T00:45:00Z,2025-09-02T01:00:00Z,2025-09-02,2025-09-02_3,0.0,0,0,100,69.4869755739129,69.4869755739129,0.0,0.0,0.0,True,True,True,False,0.0,1101.5278462296699,0.0,0.0,0.0,0.0,1101.5278462296699
2025-09-02T01:00:00Z,2025-09-02T01:15:00Z,2025-09-02,2025-09-02_4,0.0,0,0,100,69.4869755739129,69.4869755739129,0.0,0.0,0.0,True,True,True,False,0.0,1101.5278462296699,0.0,0.0,0.0,0.0,1101.5278462296699
2025-09-02T01:15:00Z,2025-09-02T01:30:00Z,2025-09-02,2025-09-02_4,0.0,0,0,100,69.4869755739129,69.4869755739129,0.0,0.0,0.0,True,True,True,False,0.0,1101.5278462296699,0.0,0.0,0.0,0.0,1101.5278462296699
2025-09-02T01:30:00Z,2025-09-02T01:45:00Z,2025-09-02,2025-09-02_4,0.0,0,0,100,69.4869755739129,69.4869755739129,0.0,0.0,0.0,True,True,True,False,0.0,1101.5278462296699,0.0,0.0,0.0,0.0,1101.5278462296699
2025-09-02T01:45:00Z,2025-09-02T02:00:00Z,2025-09-02,2025-09-02_4,0.0,0,0,100,69.4869755739129,69.4869755739129,0.0,0.0,0.0,True,True,True,False,0.0,1101.5278462296699,0.0,0.0,0.0,0.0,1101.5278462296699
2025-09-02T02:00:00Z,2025-09-02T02:15:00Z,2025-09-02,2025-09-02_5,0.0,0,0,100,69.4869755739129,69.4869755739129,0.0,0.0,0.0,True,True,True,False,0.0,1101.5278462296699,0.0,0.0,0.0,0.0,1101.5278462296699
2025-09-02T02:15:00Z,2025-09-02T02:30:00Z,2025-09-02,2025-09-02_5,0.0,0,0,100,69.4869755739129,69.4869755739129,0.0,0.0,0.0,True,True,True,False,0.0,1101.5278462296699,0.0,0.0,0.0,0.0,1101.5278462296699
2025-09-02T02:30:00Z,2025-09-02T02:45:00Z,2025-09-02,2025-09-02_5,0.0,0,0,100,69.4869755739129,69.4869755739129,0.0,0.0,0.0,True,True,True,False,0.0,1101.5278462296699,0.0,0.0,0.0,0.0,1101.5278462296699
2025-09-02T02:45:00Z,2025-09-02T03:00:00Z,2025-09-02,2025-09-02_5,0.0,0,0,100,69.4869755739129,69.4869755739129,0.0,0.0,0.0,True,True,True,False,0.0,1101.5278462296699,0.0,0.0,0.0,0.0,1101.5278462296699
2025-09-02T03:00:00Z,2025-09-02T03:15:00Z,2025-09-02,2025-09-02_6,0.0,0,0,100,69.4869755739129,69.4869755739129,0.0,0.0,0.0,True,True,True,False,0.0,1101.5278462296699,0.0,0.0,0.0,0.0,1101.5278462296699
2025-09-02T03:15:00Z,2025-09-02T03:30:00Z,2025-09-02,2025-09-02_6,0.0,0,0,100,69.4869755739129,69.4869755739129,0.0,0.0,0.0,True,True,True,False,0.0,1101.5278462296699,0.0,0.0,0.0,0.0,1101.5278462296699
2025-09-02T03:30:00Z,2025-09-02T03:45:00Z,2025-09-02,2025-09-02_6,0.0,0,0,100,69.4869755739129,69.4869755739129,0.0,0.0,0.0,True,True,True,False,0.0,1101.5278462296699,0.0,0.0,0.0,0.0,1101.5278462296699
2025-09-02T03:45:00Z,2025-09-02T04:00:00Z,2025-09-02,2025-09-02_6,0.0,0,0,100,69.4869755739129,69.4869755739129,0.0,0.0,0.0,True,True,True,False,0.0,1101.5278462296699,0.0,0.0,0.0,0.0,1101.5278462296699
2025-09-02T04:00:00Z,2025-09-02T04:15:00Z,2025-09-02,2025-09-02_7,29.0,71,100,0,69.4869755739129,70.75953776521725,0.030763548357487923,0.0,9.4515,True,True,True,False,883.4124999999999,0.0,79.27925086249384,102.1981271562346,0.0,3974.5062100542136,5039.396088072942
2025-09-02T04:15:00Z,2025-09-02T04:30:00Z,2025-09-02,2025-09-02_7,29.0,71,100,0,70.75953776521725,62.94613442608682,0.022064972608695655,0.026979999999999997,0.0995,True,True,True,False,883.4124999999999,0.0,79.27925086249384,102.1981271562346,3.4582482641695416,-7.650073928043373,1060.6980523548546
2025-09-02T04:30:00Z,2025-09-02T04:45:00Z,2025-09-02,2025-09-02_7,29.0,71,100,0,62.94613442608682,54.885157608695515,0.022435148937198068,0.17679,0.012,True,True,True,False,883.4124999999999,0.0,79.27925086249384,102.1981271562346,23.959723966485953,-0.9226219812715625,1087.9269800039428
2025-09-02T04:45:00Z,2025-09-02T05:00:00Z,2025-09-02,2025-09-02_7,29.0,71,100,0,54.885157608695515,43.67119565217378,0.031149894323671497,3.066845,0.0,True,True,True,False,883.4124999999999,0.0,79.27925086249384,102.1981271562346,423.21009954558895,0.0,1488.0999775643172
2025-09-02T05:00:00Z,2025-09-02T05:15:00Z,2025-09-02,2025-09-02_8,0.0,100,100,0,43.67119565217378,28.141304347825955,0.043138586956521736,14.2875,0.0,True,True,True,False,0.0,0.0,110.92163627402661,106.27895515032034,3157.823390832923,0.0,3375.02398225727
2025-09-02T05:15:00Z,2025-09-02T05:30:00Z,2025-09-02,2025-09-02_8,0.0,100,100,0,28.141304347825955,14.508152173912912,0.03786986714975845,12.5425,0.0,True,True,True,False,0.0,0.0,110.92163627402661,106.27895515032034,2506.8729985214395,0.0,2724.0735899457864
2025-09-02T05:30:00Z,2025-09-02T05:45:00Z,2025-09-02,2025-09-02_8,0.0,100,100,0,14.508152173912912,9.999999999999869,0.012522644927536231,4.1475,0.0,True,True,True,False,0.0,0.0,110.92163627402661,106.27895515032034,638.8613583045836,0.0,856.0619497289306
2025-09-02T05:45:00Z,2025-09-02T06:00:00Z,2025-09-02,2025-09-02_8,0.0,100,100,0,9.999999999999869,12.310750434782477,0.00647913768115942,0.01,2.5235,True,True,True,False,0.0,0.0,110.92163627402661,106.27895515032034,1.2014785608674226,-51.698791522917695,166.70327846229668
2025-09-02T06:00:00Z,2025-09-02T06:15:00Z,2025-09-02,2025-09-02_9,-72.90110621557467,100,27,0,12.310750434782477,19.61706657146175,0.036643843033849495,9.9905,0.19818,True,True,True,False,-1185.736492596322,0.0,96.37259733859045,29.342040413997044,7118.350899655004,-3.100007940857566,6055.229036870412
2025-09-02T06:15:00Z,2025-09-02T06:30:00Z,2025-09-02,2025-09-02_9,-72.90110621557467,100,27,0,19.61706657146175,33.993734801705024,0.044236484354079265,2.6285,0.1593,True,True,True,False,-1185.736492596322,0.0,96.37259733859045,29.342040413997044,362.6806631838344,-8.375332932479054,-705.7165245923792
2025-09-02T06:30:00Z,2025-09-02T06:45:00Z,2025-09-02,2025-09-02_9,-72.90110621557467,100,27,0,33.993734801705024,51.06068383128719,0.047408191748839375,0.0,0.32575499999999996,True,True,True,False,-1185.736492596322,0.0,96.37259733859045,29.342040413997044,0.0,-17.06352533760473,-1077.0853801813394
2025-09-02T06:45:00Z,2025-09-02T07:00:00Z,2025-09-02,2025-09-02_9,-72.90110621557467,100,27,0,51.06068383128719,68.76626926086936,0.04918218174883938,0.0,1.019925,True,True,True,False,-1185.736492596322,0.0,96.37259733859045,29.342040413997044,0.0,-42.25093349926072,-1102.2727883429952
2025-09-02T07:00:00Z,2025-09-02T07:15:00Z,2025-09-02,2025-09-02_10,-9.0,9,0,91,68.76626926086936,70.78973566086935,0.005620740000000001,0.05058000000000001,0.0,True,True,True,False,-94.4775,1002.3903400689996,5.128536224741252,0.0,6.784211390832924,0.0,919.8255876845739
2025-09-02T07:15:00Z,2025-09-02T07:30:00Z,2025-09-02,2025-09-02_10,-9.0,9,0,91,70.78973566086935,72.85331866086935,0.005732175,0.006974999999999999,0.0,True,True,True,False,-94.4775,1002.3903400689996,5.128536224741252,0.0,0.8870838689009365,0.0,913.9284601626418
2025-09-02T07:30:00Z,2025-09-02T07:45:00Z,2025-09-02,2025-09-02_10,-9.0,9,0,91,72.85331866086935,74.92331866086934,0.005750000000000001,0.0,0.0,True,True,True,False,-94.4775,1002.3903400689996,5.128536224741252,0.0,0.0,0.0,913.0413762937409
2025-09-02T07:45:00Z,2025-09-02T08:00:00Z,2025-09-02,2025-09-02_10,-9.0,9,0,91,74.92331866086934,76.99331866086935,0.00575,0.0,0.0,True,True,True,False,-94.4775,1002.3903400689996,5.128536224741252,0.0,0.0,0.0,913.0413762937409
2025-09-02T08:00:00Z,2025-09-02T08:15:00Z,2025-09-02,2025-09-02_11,0.0,9,9,91,76.99331866086935,77.31950973043456,0.000915053695652174,0.001485,0.35631,True,True,True,False,0.0,1002.3903400689996,4.292853622474125,57.43321833415476,0.1610152784622967,-5.337239313947758,1058.9401879901432
2025-09-02T08:15:00Z,2025-09-02T08:30:00Z,2025-09-02,2025-09-02_11,0.0,9,9,91,77.31950973043456,77.31831194782586,5.047717391304347e-05,0.00891,0.009224999999999999,True,True,True,False,0.0,1002.3903400689996,4.292853622474125,57.43321833415476,0.9660916707737802,-0.6441059586002956,1064.438397737802
2025-09-02T08:30:00Z,2025-09-02T08:45:00Z,2025-09-02,2025-09-02_11,0.0,9,9,91,77.31831194782586,77.34735682608672,9.779978260869565e-05,0.0028350000000000003,0.03492,True,True,True,False,0.0,1002.3903400689996,4.292853622474125,57.43321833415476,0.3073928043371119,-1.9544942572695911,1062.469310572696
2025-09-02T08:45:00Z,2025-09-02T09:00:00Z,2025-09-02,2025-09-02_11,0.0,9,9,91,77.34735682608672,77.34671884347803,3.328217391304348e-05,0.005805,0.006165,True,True,True,False,0.0,1002.3903400689996,4.292853622474125,57.43321833415476,0.6294233612617053,-0.4127845786101528,1064.3330508082802
2025-09-02T09:00:00Z,2025-09-02T09:15:00Z,2025-09-02,2025-09-02_12,-83.0,83,0,17,77.34671884347803,94.29787524347803,0.04708654555555556,2.32483,0.0,True,True,True,False,-621.0475,187.25973385904388,39.58965007392804,0.0,280.83900567964514,0.0,-113.35911038738296
2025-09-02T09:15:00Z,2025-09-02T09:30:00Z,2025-09-02,2025-09-02_12,-83.0,83,0,17,94.29787524347803,111.88052884347803,0.048840704444444445,1.63842,0.0,True,True,True,False,-621.0475,187.25973385904388,39.58965007392804,0.0,180.80695488615083,0.0,-213.39116118087725
2025-09-02T09:30:00Z,2025-09-02T09:45:00Z,2025-09-02,2025-09-02_12,-83.0,83,0,17,111.88052884347803,129.54412404347804,0.04906554222222222,1.5504400000000003,0.0,True,True,True,False,-621.0475,187.25973385904388,39.58965007392804,0.0,169.6827822414983,0.0,-224.5153338255298
2025-09-02T09:45:00Z,2025-09-02T10:00:00Z,2025-09-02,2025-09-02_12,-83.0,83,0,17,129.54412404347804,148.38175424347804,0.05232675055555556,0.27431500000000003,0.0,True,True,True,False,-621.0475,187.25973385904388,39.58965007392804,0.0,29.6615498087728,0.0,-364.5365662582553
2025-09-02T10:00:00Z,2025-09-02T10:15:00Z,2025-09-02,2025-09-02_13,0.0,11,11,89,148.38175424347804,148.65717473043458,0.0007667175362318841,0.000275,0.299695,True,True,True,False,0.0,980.3597831444062,5.246821094135042,89.1276490882208,0.029275505174963037,-2.6978162819122717,1072.0657125500247
2025-09-02T10:15:00Z,2025-09-02T10:30:00Z,2025-09-02,2025-09-02_13,0.0,11,11,89,148.65717473043458,148.9493944173911,0.0008133819806763286,0.000275,0.317955,True,True,True,False,0.0,980.3597831444062,5.246821094135042,89.1276490882208,0.029275505174963037,-9.89963626811237,1064.8638925638245
2025-09-02T10:30:00Z,2025-09-02T10:45:00Z,2025-09-02,2025-09-02_13,0.0,11,11,89,148.9493944173911,147.9822413217389,0.0027008730434782604,0.8921549999999999,0.0028049999999999998,True,True,True,False,0.0,980.3597831444062,5.246821094135042,89.1276490882208,120.95827816559883,-0.1289641951700345,1195.5635672971907
2025-09-02T10:45:00Z,2025-09-02T11:00:00Z,2025-09-02,2025-09-02_13,0.0,11,11,89,147.9822413217389,147.69146339999978,0.000809403115942029,0.267795,0.00033,True,True,True,False,0.0,980.3597831444062,5.246821094135042,89.1276490882208,33.06556857663874,-0.025372104484967968,1107.7744497989158
2025-09-02T11:00:00Z,2025-09-02T11:15:00Z,2025-09-02,2025-09-02_14,0.0,9,9,91,147.69146339999978,147.4084036173911,0.0007862771739130434,0.260415,0.0,True,True,True,False,0.0,1002.3903400689996,4.292853622474125,73.32183341547561,30.996238701823557,0.0,1111.001265808773
2025-09-02T11:15:00Z,2025-09-02T11:30:00Z,2025-09-02,2025-09-02_14,0.0,9,9,91,147.4084036173911,147.35874216521717,0.00014438847826086956,0.046755,0.00126,True,True,True,False,0.0,1002.3903400689996,4.292853622474125,73.32183341547561,5.038580572695909,-0.08010842779694431,1084.9634992518484
2025-09-02T11:30:00Z,2025-09-02T11:45:00Z,2025-09-02,2025-09-02_14,0.0,9,9,91,147.35874216521717,147.35624000869544,7.756043478260869e-05,0.013995,0.013815,True,True,True,False,0.0,1002.3903400689996,4.292853622474125,73.32183341547561,1.4462263321833417,-0.6295827087235091,1080.8216707304093
2025-09-02T11:45:00Z,2025-09-02T12:00:00Z,2025-09-02,2025-09-02_14,0.0,9,9,91,147.35624000869544,147.3635696869563,5.622978260869565e-05,0.00594,0.014985,True,True,True,False,0.0,1002.3903400689996,4.292853622474125,73.32183341547561,0.606784027599803,-0.7899583883686544,1079.8218527461806
2025-09-02T12:00:00Z,2025-09-02T12:15:00Z,2025-09-02,2025-09-02_15,0.0,9,9,91,147.3635696869563,147.3687989999998,4.550413043478261e-05,0.00513,0.011745,True,True,True,False,0.0,1002.3903400689996,4.33809758501725,70.84672252341053,0.5245990083785117,-0.7974374549038935,1077.3023217309021
2025-09-02T12:15:00Z,2025-09-02T12:30:00Z,2025-09-02,2025-09-02_15,0.0,9,9,91,147.3687989999998,147.1882273826085,0.0005071078260869565,0.16704,0.00108,True,True,True,False,0.0,1002.3903400689996,4.33809758501725,70.84672252341053,18.253347453918188,-0.08161648891079351,1095.7468911424348
2025-09-02T12:30:00Z,2025-09-02T12:45:00Z,2025-09-02,2025-09-02_15,0.0,9,9,91,147.1882273826085,146.98709694782588,0.0005586956521739131,0.18504,0.0,True,True,True,False,0.0,1002.3903400689996,4.33809758501725,70.84672252341053,21.787224272055205,0.0,1099.3623844494825
2025-09-02T12:45:00Z,2025-09-02T13:00:00Z,2025-09-02,2025-09-02_15,0.0,9,9,91,146.98709694782588,146.98359633913023,0.00026962391304347826,0.04626,0.05085,True,True,True,False,0.0,1002.3903400689996,4.33809758501725,70.84672252341053,5.296366450468211,-2.094157880729423,1080.7773687471663
2025-09-02T13:00:00Z,2025-09-02T13:15:00Z,2025-09-02,2025-09-02_16,0.0,9,9,91,146.98359633913023,147.76605633913022,0.0021734999999999997,0.0,0.8504999999999999,True,True,True,False,0.0,1002.3903400689996,4.524396254312469,14.903893543617544,0.0,-9.01739586002957,1012.8012340069001
2025-09-02T13:15:00Z,2025-09-02T13:30:00Z,2025-09-02,2025-09-02_16,0.0,9,9,91,147.76605633913022,148.1317613999998,0.0010166626086956525,0.000135,0.39766500000000005,True,True,True,False,0.0,1002.3903400689996,4.524396254312469,14.903893543617544,0.013173977328733367,-7.576841186791524,1014.2549626574669
2025-09-02T13:30:00Z,2025-09-02T13:45:00Z,2025-09-02,2025-09-02_16,0.0,9,9,91,148.1317613999998,147.9887119565215,0.0004431295652173913,0.139185,0.008955,True,True,True,False,0.0,1002.3903400689996,4.524396254312469,14.903893543617544,17.01547257663874,-0.4848199043863972,1038.349282539182
2025-09-02T13:45:00Z,2025-09-02T14:00:00Z,2025-09-02,2025-09-02_16,0.0,9,9,91,147.9887119565215,147.95632283478238,0.0001396497826086956,0.038024999999999996,0.00972,True,True,True,False,0.0,1002.3903400689996,4.524396254312469,14.903893543617544,3.7106702809265646,-0.4831352587481518,1025.046164889108
2025-09-02T14:00:00Z,2025-09-02T14:15:00Z,2025-09-02,2025-09-02_17,-7.901714355805959,100,92,0,147.95632283478238,161.86538753661773,0.038636290838431585,0.0,13.14312,True,True,True,False,-190.35229883136554,0.0,55.80088713652046,94.67520946278954,0.0,461.22829077575165,421.3520885436961
2025-09-02T14:15:00Z,2025-09-02T14:30:00Z,2025-09-02,2025-09-02_17,-7.901714355805959,100,92,0,161.86538753661773,163.28416910696419,0.008629396560023669,0.843,0.5506200000000001,True,True,True,False,-190.35229883136554,0.0,55.80088713652046,94.67520946278954,95.87232508624939,-25.719951388861517,30.276171465332325
2025-09-02T14:30:00Z,2025-09-02T14:45:00Z,2025-09-02,2025-09-02_17,-7.901714355805959,100,92,0,163.28416910696419,158.83185486222322,0.0201060045059399,5.839,0.0,True,True,True,False,-190.35229883136554,0.0,55.80088713652046,94.67520946278954,769.8558905864959,0.0,729.9796883544403
2025-09-02T14:45:00Z,2025-09-02T15:00:00Z,2025-09-02,2025-09-02_17,-7.901714355805959,100,92,0,158.83185486222322,143.9999999999998,0.04503409688368195,15.5055,0.0,True,True,True,False,-190.35229883136554,0.0,55.80088713652046,94.67520946278954,11336.961336224742,0.0,11297.085133992687
2025-09-02T15:00:00Z,2025-09-02T15:15:00Z,2025-09-02,2025-09-02_18,0.0,0,0,100,143.9999999999998,143.9999999999998,0.0,0.0,0.0,True,False,True,False,0.0,1101.5278462296699,0.0,0.0,0.0,0.0,1101.5278462296699
2025-09-02T15:15:00Z,2025-09-02T15:30:00Z,2025-09-02,2025-09-02_18,0.0,0,0,100,143.9999999999998,143.9999999999998,0.0,0.0,0.0,True,False,True,False,0.0,1101.5278462296699,0.0,0.0,0.0,0.0,1101.5278462296699
2025-09-02T15:30:00Z,2025-09-02T15:45:00Z,2025-09-02,2025-09-02_18,0.0,0,0,100,143.9999999999998,143.9999999999998,0.0,0.0,0.0,True,False,True,False,0.0,1101.5278462296699,0.0,0.0,0.0,0.0,1101.5278462296699
2025-09-02T15:45:00Z,2025-09-02T16:00:00Z,2025-09-02,2025-09-02_18,0.0,0,0,100,143.9999999999998,143.9999999999998,0.0,0.0,0.0,True,False,True,False,0.0,1101.5278462296699,0.0,0.0,0.0,0.0,1101.5278462296699
2025-09-02T16:00:00Z,2025-09-02T16:15:00Z,2025-09-02,2025-09-02_19,-65.71466756546032,100,34,0,143.9999999999998,157.47636027593865,0.04168790991424811,2.0545,0.40187999999999996,True,True,True,False,-2742.7659375134,0.0,108.88122227698375,35.13947757516018,339.89793809758504,-26.447308837851153,-2285.294608401522
2025-09-02T16:15:00Z,2025-09-02T16:30:00Z,2025-09-02,2025-09-02_19,-65.71466756546032,100,34,0,157.47636027593865,158.59809998788077,0.032760541015295574,14.3185,0.0,True,True,True,False,-2742.7659375134,0.0,108.88122227698375,35.13947757516018,10420.576650369641,0.0,7821.831412708385
2025-09-02T16:30:00Z,2025-09-02T16:45:00Z,2025-09-02,2025-09-02_19,-65.71466756546032,100,34,0,158.59809998788077,170.3292631139317,0.03975418627335261,3.4620000000000006,0.0,True,True,True,False,-2742.7659375134,0.0,108.88122227698375,35.13947757516018,667.3350517496305,0.0,-1931.4101859116256
2025-09-02T16:45:00Z,2025-09-02T17:00:00Z,2025-09-02,2025-09-02_19,-65.71466756546032,100,34,0,170.3292631139317,171.57804423367875,0.032844285673661294,14.188499999999998,0.0,True,True,True,False,-2742.7659375134,0.0,108.88122227698375,35.13947757516018,11443.500064760965,0.0,8844.754827099709
2025-09-02T17:00:00Z,2025-09-02T17:15:00Z,2025-09-02,2025-09-02_20,100.0,0,100,0,171.57804423367875,146.59815292933092,0.06938858695652175,0.0,2.0185,True,True,True,False,7151.25,0.0,0.0,100.42385411532774,0.0,-140.08051759487435,7111.593336520454
2025-09-02T17:15:00Z,2025-09-02T17:30:00Z,2025-09-02,2025-09-02_20,100.0,0,100,0,146.59815292933092,119.45141379889614,0.07540760869565218,0.0,0.025,True,True,True,False,7151.25,0.0,0.0,100.42385411532774,0.0,-1.9221291276490886,7249.751724987678
2025-09-02T17:30:00Z,2025-09-02T17:45:00Z,2025-09-02,2025-09-02_20,100.0,0,100,0,119.45141379889614,92.35793553802657,0.07525966183574878,0.0,0.074,True,True,True,False,7151.25,0.0,0.0,100.42385411532774,0.0,-5.6895022178413015,7245.984351897487
2025-09-02T17:45:00Z,2025-09-02T18:00:00Z,2025-09-02,2025-09-02_20,100.0,0,100,0,92.35793553802657,65.18402249454832,0.0754830917874396,0.0,0.0,True,True,True,False,7151.25,0.0,0.0,100.42385411532774,0.0,0.0,7251.673854115328
2025-09-02T18:00:00Z,2025-09-02T18:15:00Z,2025-09-02,2025-09-02_21,0.0,100,100,0,65.18402249454832,45.74380510324397,0.0540006038647343,17.885,0.0,True,True,True,False,0.0,0.0,111.80877279448005,103.85411532774765,14366.17693445047,0.0,14581.839822572698
2025-09-02T18:15:00Z,2025-09-02T18:30:00Z,2025-09-02,2025-09-02_21,0.0,100,100,0,45.74380510324397,33.65087032063528,0.033591485507246374,11.1255,0.0,True,True,True,False,0.0,0.0,111.80877279448005,103.85411532774765,4420.713312567768,0.0,4636.376200689996
2025-09-02T18:30:00Z,2025-09-02T18:45:00Z,2025-09-02,2025-09-02_21,0.0,100,100,0,33.65087032063528,31.154888581504842,0.007825171497584542,2.444,0.1745,True,True,True,False,0.0,0.0,111.80877279448005,103.85411532774765,502.23055692459343,-13.416461310990636,704.4769837358305
2025-09-02T18:45:00Z,2025-09-02T19:00:00Z,2025-09-02,2025-09-02_21,0.0,100,100,0,31.154888581504842,33.067197277157014,0.005408586956521739,0.016,2.0975,True,True,True,False,0.0,0.0,111.80877279448005,103.85411532774765,2.205618531296205,-137.89413652045343,79.97437013307048
2025-09-02T19:00:00Z,2025-09-02T19:15:00Z,2025-09-02,2025-09-02_22,-35.966132825936675,100,64,0,33.067197277157014,18.217017692486266,0.045815839935383,22.5165,0.0,True,True,True,False,-1172.3160994614059,0.0,111.06949236076886,66.76944307540661,29808.42801971415,0.0,28813.95085568892
2025-09-02T19:15:00Z,2025-09-02T19:30:00Z,2025-09-02,2025-09-02_22,-35.966132825936675,100,64,0,18.217017692486266,14.352009970336642,0.035005934572264454,11.8295,0.011519999999999999,True,True,True,False,-1172.3160994614059,0.0,111.06949236076886,66.76944307540661,12647.600001774272,-0.8857171020206999,11652.23712064702
2025-09-02T19:30:00Z,2025-09-02T19:45:00Z,2025-09-02,2025-09-02_22,-35.966132825936675,100,64,0,14.352009970336642,20.984760753022673,0.0245976210716757,1.5965,0.0,True,True,True,False,-1172.3160994614059,0.0,111.06949236076886,66.76944307540661,254.73624958107445,0.0,-739.7409144441559
2025-09-02T19:45:00Z,2025-09-02T20:00:00Z,2025-09-02,2025-09-02_22,-35.966132825936675,100,64,0,20.984760753022673,29.27704782608678,0.023179134986713534,0.0375,0.06368,True,True,True,False,-1172.3160994614059,0.0,111.06949236076886,66.76944307540661,5.170231641202563,-4.896047313947758,-994.2029796979756
2025-09-02T20:00:00Z,2025-09-02T20:15:00Z,2025-09-02,2025-09-02_23,0.0,100,100,0,29.27704782608678,22.755308695651998,0.018115942028985508,6.0,0.0,True,True,True,False,0.0,0.0,68.01379990142928,106.27895515032034,4445.393790044357,0.0,4619.686545096107
2025-09-02T20:15:00Z,2025-09-02T20:30:00Z,2025-09-02,2025-09-02_23,0.0,100,100,0,22.755308695651998,16.97433043478243,0.016058272946859905,5.3185,0.0,True,True,True,False,0.0,0.0,68.01379990142928,106.27895515032034,3559.1014056185318,0.0,3733.3941606702815
2025-09-02T20:30:00Z,2025-09-02T20:45:00Z,2025-09-02,2025-09-02_23,0.0,100,100,0,16.97433043478243,12.163210434782432,0.013371888888888888,4.4275,0.0015,True,True,True,False,0.0,0.0,68.01379990142928,106.27895515032034,1328.5520039428293,-0.11542621981271563,1502.7293327747661
2025-09-02T20:45:00Z,2025-09-02T21:00:00Z,2025-09-02,2025-09-02_23,0.0,100,100,0,12.163210434782432,9.999999999999824,0.0060140289855072455,1.991,0.001,True,True,True,False,0.0,0.0,68.01379990142928,106.27895515032034,343.59302257269593,-0.07708230655495318,517.8086953178906
2025-09-02T21:00:00Z,2025-09-02T21:15:00Z,2025-09-03,2025-09-02_24,-100.00000000000091,100,0,0,9.999999999999824,13.782120000000033,0.010505888888889472,20.889,0.0,True,True,True,False,-2702.0000000000246,0.0,74.43728953742541,0.0,26535.722740001183,0.0,23908.160029538583
2025-09-02T21:15:00Z,2025-09-02T21:30:00Z,2025-09-03,2025-09-02_24,-100.00000000000091,100,0,0,13.782120000000033,20.819200000000244,0.019547444444445027,17.351,0.0,True,True,True,False,-2702.0000000000246,0.0,74.43728953742541,0.0,18875.889838325355,0.0,16248.327127862756
2025-09-02T21:30:00Z,2025-09-02T21:45:00Z,2025-09-03,2025-09-02_24,-100.00000000000091,100,0,0,20.819200000000244,38.39258000000045,0.04881494444444503,5.8985,0.0,True,True,True,False,-2702.0000000000246,0.0,74.43728953742541,0.0,1562.9846020165023,0.0,-1064.5781084460968
2025-09-02T21:45:00Z,2025-09-02T22:00:00Z,2025-09-03,2025-09-02_24,-100.00000000000091,100,0,0,38.39258000000045,57.288460000000654,0.052488555555556135,4.461,0.0,True,True,True,False,-2702.0000000000246,0.0,74.43728953742541,0.0,762.2686861227625,0.0,-1865.2940243398366
2025-09-02T22:00:00Z,2025-09-02T22:15:00Z,2025-09-03,2025-09-03_1,-8.37106405713096,9,4,87,57.288460000000654,58.74787305136113,0.004269799049628588,0.51156,0.0116,True,True,True,False,-215.42933351026525,957.2724050333786,6.699356058368286,3.8636497902758906,79.28661196904355,-0.7094546385459128,830.9832347022552
2025-09-02T22:15:00Z,2025-09-02T22:30:00Z,2025-09-03,2025-09-03_1,-8.37106405713096,9,4,87,58.74787305136113,60.56142584270004,0.005088823646413403,0.121275,0.0013,True,True,True,False,-215.42933351026525,957.2724050333786,6.699356058368286,3.8636497902758906,16.71262209783187,-0.09988785175557786,769.0188116178339
2025-09-02T22:30:00Z,2025-09-02T22:45:00Z,2025-09-03,2025-09-03_1,-8.37106405713096,9,4,87,60.56142584270004,62.53254389947687,0.005476372364140286,0.002475,0.05226,True,True,True,False,-215.42933351026525,957.2724050333786,6.699356058368286,3.8636497902758906,0.34059481892833937,-3.016828676079636,749.7298435146063
2025-09-02T22:45:00Z,2025-09-02T23:00:00Z,2025-09-03,2025-09-03_1,-8.37106405713096,9,4,87,62.53254389947687,64.52753053251784,0.00554170549467213,0.00018,0.07588,True,True,True,False,-215.42933351026525,957.2724050333786,6.699356058368286,3.8636497902758906,0.024768121935369525,-4.435724755321872,747.995120738371
2025-09-02T23:00:00Z,2025-09-02T23:15:00Z,2025-09-03,2025-09-03_2,0.0,0,0,100,64.52753053251784,64.52753053251784,0.0,0.0,0.0,True,True,True,False,0.0,1100.3131092337685,0.0,0.0,0.0,0.0,1100.3131092337685
2025-09-02T23:15:00Z,2025-09-02T23:30:00Z,2025-09-03,2025-09-03_2,0.0,0,0,100,64.52753053251784,64.52753053251784,0.0,0.0,0.0,True,True,True,False,0.0,1100.3131092337685,0.0,0.0,0.0,0.0,1100.3131092337685
2025-09-02T23:30:00Z,2025-09-02T23:45:00Z,2025-09-03,2025-09-03_2,0.0,0,0,100,64.52753053251784,64.52753053251784,0.0,0.0,0.0,True,True,True,False,0.0,1100.3131092337685,0.0,0.0,0.0,0.0,1100.3131092337685
2025-09-02T23:45:00Z,2025-09-03T00:00:00Z,2025-09-03,2025-09-03_2,0.0,0,0,100,64.52753053251784,64.52753053251784,0.0,0.0,0.0,True,True,True,False,0.0,1100.3131092337685,0.0,0.0,0.0,0.0,1100.3131092337685
2025-09-03T00:00:00Z,2025-09-03T00:15:00Z,2025-09-03,2025-09-03_3,0.0,0,0,100,64.52753053251784,64.52753053251784,0.0,0.0,0.0,True,True,True,False,0.0,1100.3131092337685,0.0,0.0,0.0,0.0,1100.3131092337685
2025-09-03T00:15:00Z,2025-09-03T00:30:00Z,2025-09-03,2025-09-03_3,0.0,0,0,100,64.52753053251784,64.52753053251784,0.0,0.0,0.0,True,True,True,False,0.0,1100.3131092337685,0.0,0.0,0.0,0.0,1100.3131092337685
2025-09-03T00:30:00Z,2025-09-03T00:45:00Z,2025-09-03,2025-09-03_3,0.0,0,0,100,64.52753053251784,64.52753053251784,0.0,0.0,0.0,True,True,True,False,0.0,1100.3131092337685,0.0,0.0,0.0,0.0,1100.3131092337685
2025-09-03T00:45:00Z,2025-09-03T01:00:00Z,2025-09-03,2025-09-03_3,0.0,0,0,100,64.52753053251784,64.52753053251784,0.0,0.0,0.0,True,True,True,False,0.0,1100.3131092337685,0.0,0.0,0.0,0.0,1100.3131092337685
2025-09-03T01:00:00Z,2025-09-03T01:15:00Z,2025-09-03,2025-09-03_4,-100.0,100,0,0,64.52753053251784,75.48979053251784,0.03045072222222223,13.084499999999998,0.0,True,True,True,False,-1884.75,0.0,70.39050038400188,0.0,12203.537293672829,0.0,10389.177794056832
2025-09-03T01:15:00Z,2025-09-03T01:30:00Z,2025-09-03,2025-09-03_4,-100.0,100,0,0,75.48979053251784,85.64383053251784,0.028205666666666667,13.963000000000001,0.0,True,True,True,False,-1884.75,0.0,70.39050038400188,0.0,7716.946258836967,0.0,5902.586759220969
2025-09-03T01:30:00Z,2025-09-03T01:45:00Z,2025-09-03,2025-09-03_4,-100.0,100,0,0,85.64383053251784,96.19669053251783,0.029313500000000003,13.5295,0.0,True,True,True,False,-1884.75,0.0,70.39050038400188,0.0,6625.109552982414,0.0,4810.750053366416
2025-09-03T01:45:00Z,2025-09-03T02:00:00Z,2025-09-03,2025-09-03_4,-100.0,100,0,0,96.19669053251783,103.57831053251783,0.02050449999999999,16.9765,0.0,True,True,True,False,-1884.75,0.0,70.39050038400188,0.0,14846.108213505051,0.0,13031.748713889054
2025-09-03T02:00:00Z,2025-09-03T02:15:00Z,2025-09-03,2025-09-03_5,-99.93700627096034,100,0,0,103.57831053251783,116.06128148745903,0.034718339725085645,11.4145,0.0,True,True,True,False,-1982.0006768688208,0.0,108.17037868494121,0.0,2734.2246680845196,0.0,860.39436990064
2025-09-03T02:15:00Z,2025-09-03T02:30:00Z,2025-09-03,2025-09-03_5,-99.93700627096034,100,0,0,116.06128148745903,129.53290544986348,0.03746051071430407,10.34,0.0,True,True,True,False,-1982.0006768688208,0.0,108.17037868494121,0.0,2657.9140938540004,0.0,784.0837956701207
2025-09-03T02:30:00Z,2025-09-03T02:45:00Z,2025-09-03,2025-09-03_5,-99.93700627096034,100,0,0,129.53290544986348,141.42562893687756,0.03308120367149455,12.056,0.0,True,True,True,False,-1982.0006768688208,0.0,108.17037868494121,0.0,6147.218624288612,0.0,4273.388326104732
2025-09-03T02:45:00Z,2025-09-03T03:00:00Z,2025-09-03,2025-09-03_5,-99.93700627096034,100,0,0,141.42562893687756,158.95215639289825,0.04870736743788306,5.933,0.0,True,True,True,False,-1982.0006768688208,0.0,108.17037868494121,0.0,1162.6791945806501,0.0,-711.1511036032296
2025-09-03T03:00:00Z,2025-09-03T03:15:00Z,2025-09-03,2025-09-03_6,0.0,100,100,0,158.95215639289825,158.80008334941996,0.0007520917874396135,0.1945,0.0645,True,True,True,False,0.0,0.0,108.17037868494121,99.60418266674543,26.775281896772416,-4.761626986471318,229.78821626198774
2025-09-03T03:15:00Z,2025-09-03T03:30:00Z,2025-09-03,2025-09-03_6,0.0,100,100,0,158.80008334941996,156.67399639289823,0.005905797101449275,1.9560000000000002,0.0,True,True,True,False,0.0,0.0,108.17037868494121,99.60418266674543,269.5509824540675,0.0,477.32554380575414
2025-09-03T03:30:00Z,2025-09-03T03:45:00Z,2025-09-03,2025-09-03_6,0.0,100,100,0,156.67399639289823,146.17182247985477,0.029172705314009662,9.662,0.0,True,True,True,False,0.0,0.0,108.17037868494121,99.60418266674543,1691.8745932533823,0.0,1899.6491546050688
2025-09-03T03:45:00Z,2025-09-03T04:00:00Z,2025-09-03,2025-09-03_6,0.0,100,100,0,146.17182247985477,135.34138769724606,0.030084541062801933,9.964,0.0,True,True,True,False,0.0,0.0,108.17037868494121,99.60418266674543,9204.149099860184,0.0,9411.923661211871
2025-09-03T04:00:00Z,2025-09-03T04:15:00Z,2025-09-03,2025-09-03_7,0.0,100,100,0,135.34138769724606,129.58578595811565,0.01599289371980676,5.296,0.001,True,True,True,False,0.0,0.0,111.0651621669522,94.75985112542092,1006.6331769756405,-0.07286189716626298,1212.3853283708474
2025-09-03T04:15:00Z,2025-09-03T04:30:00Z,2025-09-03,2025-09-03_7,0.0,100,100,0,129.58578595811565,115.87274247985478,0.03809178743961352,12.616,0.0,True,True,True,False,0.0,0.0,111.0651621669522,94.75985112542092,2477.57410842638,0.0,2683.399121718753
2025-09-03T04:30:00Z,2025-09-03T04:45:00Z,2025-09-03,2025-09-03_7,0.0,100,100,0,115.87274247985478,102.89122074072435,0.03605978260869565,11.943,0.0,True,True,True,False,0.0,0.0,111.0651621669522,94.75985112542092,6744.110805222425,0.0,6949.9358185147985
2025-09-03T04:45:00Z,2025-09-03T05:00:00Z,2025-09-03,2025-09-03_7,0.0,100,100,0,102.89122074072435,87.71676421898522,0.04215126811594203,13.960500000000001,0.0,True,True,True,False,0.0,0.0,111.0651621669522,94.75985112542092,10888.293774443198,0.0,11094.118787735571
2025-09-03T05:00:00Z,2025-09-03T05:15:00Z,2025-09-03,2025-09-03_8,0.0,0,0,100,87.71676421898522,87.71676421898522,0.0,0.0,0.0,True,True,True,False,0.0,1100.3131092337685,0.0,0.0,0.0,0.0,1100.3131092337685
2025-09-03T05:15:00Z,2025-09-03T05:30:00Z,2025-09-03,2025-09-03_8,0.0,0,0,100,87.71676421898522,87.71676421898522,0.0,0.0,0.0,True,True,True,False,0.0,1100.3131092337685,0.0,0.0,0.0,0.0,1100.3131092337685
2025-09-03T05:30:00Z,2025-09-03T05:45:00Z,2025-09-03,2025-09-03_8,0.0,0,0,100,87.71676421898522,87.71676421898522,0.0,0.0,0.0,True,True,True,False,0.0,1100.3131092337685,0.0,0.0,0.0,0.0,1100.3131092337685
2025-09-03T05:45:00Z,2025-09-03T06:00:00Z,2025-09-03,2025-09-03_8,0.0,0,0,100,87.71676421898522,87.71676421898522,0.0,0.0,0.0,True,True,True,False,0.0,1100.3131092337685,0.0,0.0,0.0,0.0,1100.3131092337685
2025-09-03T06:00:00Z,2025-09-03T06:15:00Z,2025-09-03,2025-09-03_9,36.0,0,36,64,87.71676421898522,78.61287291463739,0.02528858695652174,0.0,0.62442,True,True,True,False,946.26,704.2003899096119,0.0,35.006793879600636,0.0,1.972208578011461,1687.439392367224
2025-09-03T06:15:00Z,2025-09-03T06:30:00Z,2025-09-03,2025-09-03_9,36.0,0,36,64,78.61287291463739,70.15639465376783,0.023490217391304344,0.0,1.2200399999999998,True,True,True,False,946.26,704.2003899096119,0.0,35.006793879600636,0.0,-32.328981792402665,1653.1382019968098
2025-09-03T06:30:00Z,2025-09-03T06:45:00Z,2025-09-03,2025-09-03_9,36.0,0,36,64,70.15639465376783,63.910981610289575,0.01734836956521739,0.0,3.25422,True,True,True,False,946.26,704.2003899096119,0.0,35.006793879600636,0.0,-80.14143966444142,1605.325744124771
2025-09-03T06:45:00Z,2025-09-03T07:00:00Z,2025-09-03,2025-09-03_9,36.0,0,36,64,63.910981610289575,59.532285958115665,0.012163043478260869,0.0,4.9716000000000005,True,True,True,False,946.26,704.2003899096119,0.0,35.006793879600636,0.0,234.4164078690849,1919.8835916582975
2025-09-03T07:00:00Z,2025-09-03T07:15:00Z,2025-09-03,2025-09-03_10,1.3865095454616916,7,9,91,59.532285958115665,59.62913874349427,0.0018963003863669674,0.0,0.500805,True,True,True,False,27.98669517514424,1001.2849294027294,3.92449932061204,37.263838837360424,0.0,-10.237503128138476,1060.2224596077076
2025-09-03T07:15:00Z,2025-09-03T07:30:00Z,2025-09-03,2025-09-03_10,1.3865095454616916,7,9,91,59.62913874349427,59.45652173914232,0.0014211958536434286,0.00168,0.2178,True,True,True,False,27.98669517514424,1001.2849294027294,3.92449932061204,37.263838837360424,0.21834938264311454,-6.710921486382701,1063.9673906321066
2025-09-03T07:30:00Z,2025-09-03T07:45:00Z,2025-09-03,2025-09-03_10,1.3865095454616916,7,9,91,59.45652173914232,59.48392079214261,0.0017716941121939064,0.0,0.427365,True,True,True,False,27.98669517514424,1001.2849294027294,3.92449932061204,37.263838837360424,0.0,-13.193940228628819,1057.2660225072173
2025-09-03T07:45:00Z,2025-09-03T08:00:00Z,2025-09-03,2025-09-03_10,1.3865095454616916,7,9,91,59.48392079214261,59.59277477392483,0.0019178316175659888,0.0,0.5134949999999999,True,True,True,False,27.98669517514424,1001.2849294027294,3.92449932061204,37.263838837360424,0.0,-19.212707508713883,1051.2472552271322
2025-09-03T08:00:00Z,2025-09-03T08:15:00Z,2025-09-03,2025-09-03_11,0.0,9,9,91,59.59277477392483,59.47119854783787,0.0006065817391304347,0.15637500000000001,0.052605000000000006,True,True,True,False,0.0,1001.2849294027294,4.647013646836415,57.51078159154014,19.51517257931116,-1.9753316831098249,1080.9825655373072
2025-09-03T08:15:00Z,2025-09-03T08:30:00Z,2025-09-03,2025-09-03_11,0.0,9,9,91,59.47119854783787,59.456521739142225,5.7328913043478264e-05,0.016245,0.00324,True,True,True,False,0.0,1001.2849294027294,4.647013646836415,57.51078159154014,1.759467123530454,-0.22809712293968218,1064.9740946416966
2025-09-03T08:30:00Z,2025-09-03T08:45:00Z,2025-09-03,2025-09-03_11,0.0,9,9,91,59.456521739142225,59.5224874347944,0.00019166195652173913,0.001395,0.07335,True,True,True,False,0.0,1001.2849294027294,4.647013646836415,57.51078159154014,0.151089974596798,-2.970573167129438,1060.6232414485733
2025-09-03T08:45:00Z,2025-09-03T09:00:00Z,2025-09-03,2025-09-03_11,0.0,9,9,91,59.5224874347944,59.73606267827266,0.0005965254347826087,0.00054,0.232785,True,True,True,False,0.0,1001.2849294027294,4.647013646836415,57.51078159154014,0.05848644177940568,-8.814896517398239,1054.686314565487
2025-09-03T09:00:00Z,2025-09-03T09:15:00Z,2025-09-03,2025-09-03_12,-52.0,52,0,48,59.73606267827266,70.01640027827267,0.028556493333333332,1.82572,0.0,True,True,True,False,-106.99000000000001,528.1502924322089,26.84941218172151,0.0,218.81747292885134,0.0,666.8271775427817
2025-09-03T09:15:00Z,2025-09-03T09:30:00Z,2025-09-03,2025-09-03_12,-52.0,52,0,48,70.01640027827267,81.88933147827268,0.03298036444444445,0.09464,0.0,True,True,True,False,-106.99000000000001,528.1502924322089,26.84941218172151,0.0,9.24212780370611,0.0,457.2518324176365
2025-09-03T09:30:00Z,2025-09-03T09:45:00Z,2025-09-03,2025-09-03_12,-52.0,52,0,48,81.88933147827268,93.84861387827269,0.033220228888888884,0.00078,0.0,True,True,True,False,-106.99000000000001,528.1502924322089,26.84941218172151,0.0,0.07553317185561528,0.0,448.085237785786
2025-09-03T09:45:00Z,2025-09-03T10:00:00Z,2025-09-03,2025-09-03_12,-52.0,52,0,48,93.84861387827269,105.8086138782727,0.03322222222222222,0.0,0.0,True,True,True,False,-106.99000000000001,528.1502924322089,26.84941218172151,0.0,0.0,0.0,448.00970461393035
2025-09-03T10:00:00Z,2025-09-03T10:15:00Z,2025-09-03,2025-09-03_13,-9.0,9,0,91,105.8086138782727,107.8786138782727,0.00575,0.0,0.0,True,True,True,False,-13.950000000000001,1001.2849294027294,4.647013646836415,0.0,0.0,0.0,991.9819430495659
2025-09-03T10:15:00Z,2025-09-03T10:30:00Z,2025-09-03,2025-09-03_13,-9.0,9,0,91,107.8786138782727,109.9426522782727,0.00573344,0.00648,0.0,True,True,True,False,-13.950000000000001,1001.2849294027294,4.647013646836415,0.0,0.6061322148047498,0.0,992.5880752643706
2025-09-03T10:30:00Z,2025-09-03T10:45:00Z,2025-09-03,2025-09-03_13,-9.0,9,0,91,109.9426522782727,112.01265227827271,0.00575,0.0,0.0,True,True,True,False,-13.950000000000001,1001.2849294027294,4.647013646836415,0.0,0.0,0.0,991.9819430495659
2025-09-03T10:45:00Z,2025-09-03T11:00:00Z,2025-09-03,2025-09-03_13,-9.0,9,0,91,112.01265227827271,114.08265227827272,0.00575,0.0,0.0,True,True,True,False,-13.950000000000001,1001.2849294027294,4.647013646836415,0.0,0.0,0.0,991.9819430495659
2025-09-03T11:00:00Z,2025-09-03T11:15:00Z,2025-09-03,2025-09-03_14,-9.0,0,0,91,114.08265227827272,116.15265227827271,0.005750000000000001,0.0,0.0,True,False,True,False,-13.77,1001.2849294027294,0.0,0.0,0.0,0.0,987.5149294027294
2025-09-03T11:15:00Z,2025-09-03T11:30:00Z,2025-09-03,2025-09-03_14,-9.0,0,0,91,116.15265227827271,118.2226522782727,0.005750000000000001,0.0,0.0,True,False,True,False,-13.77,1001.2849294027294,0.0,0.0,0.0,0.0,987.5149294027294
2025-09-03T11:30:00Z,2025-09-03T11:45:00Z,2025-09-03,2025-09-03_14,-9.0,0,0,91,118.2226522782727,120.2926522782727,0.005750000000000001,0.0,0.0,True,False,True,False,-13.77,1001.2849294027294,0.0,0.0,0.0,0.0,987.5149294027294
2025-09-03T11:45:00Z,2025-09-03T12:00:00Z,2025-09-03,2025-09-03_14,-9.0,0,0,91,120.2926522782727,122.36265227827269,0.005750000000000001,0.0,0.0,True,False,True,False,-13.77,1001.2849294027294,0.0,0.0,0.0,0.0,987.5149294027294
2025-09-03T12:00:00Z,2025-09-03T12:15:00Z,2025-09-03,2025-09-03_15,-47.00000000000001,0,0,53,122.36265227827269,133.1726522782727,0.030027777777777785,0.0,0.0,True,False,True,False,-118.08750000000002,583.1659478938973,0.0,0.0,0.0,0.0,465.07844789389725
2025-09-03T12:15:00Z,2025-09-03T12:30:00Z,2025-09-03,2025-09-03_15,-47.00000000000001,0,0,53,133.1726522782727,143.9826522782727,0.030027777777777785,0.0,0.0,True,False,True,False,-118.08750000000002,583.1659478938973,0.0,0.0,0.0,0.0,465.07844789389725
2025-09-03T12:30:00Z,2025-09-03T12:45:00Z,2025-09-03,2025-09-03_15,-47.00000000000001,0,0,53,143.9826522782727,154.7926522782727,0.030027777777777785,0.0,0.0,True,False,True,False,-118.08750000000002,583.1659478938973,0.0,0.0,0.0,0.0,465.07844789389725
2025-09-03T12:45:00Z,2025-09-03T13:00:00Z,2025-09-03,2025-09-03_15,-47.00000000000001,0,0,53,154.7926522782727,165.6026522782727,0.030027777777777785,0.0,0.0,True,False,True,False,-118.08750000000002,583.1659478938973,0.0,0.0,0.0,0.0,465.07844789389725
2025-09-03T13:00:00Z,2025-09-03T13:15:00Z,2025-09-03,2025-09-03_16,-0.6780196723167027,56,55,44,165.6026522782727,168.97903380290555,0.00937883756842456,0.0,3.500475,True,True,True,False,-9.134620035286776,484.13776806285813,27.5252555089502,344.7450818219413,0.0,-68.35924948307438,778.9142358753885
2025-09-03T13:15:00Z,2025-09-03T13:30:00Z,2025-09-03,2025-09-03_16,-0.6780196723167027,56,55,44,168.97903380290555,169.38356524440152,0.0030830185852053784,0.32844,0.657525,True,True,True,False,-9.134620035286776,484.13776806285813,27.5252555089502,344.7450818219413,30.72192355408519,-25.40744138063449,852.5879675319136
2025-09-03T13:30:00Z,2025-09-03T13:45:00Z,2025-09-03,2025-09-03_16,-0.6780196723167027,56,55,44,169.38356524440152,167.35562221432767,0.006374968532878071,2.01292,0.0,True,True,True,False,-9.134620035286776,484.13776806285813,27.5252555089502,344.7450818219413,268.6247903901065,0.0,1115.8982757485694
2025-09-03T13:45:00Z,2025-09-03T14:00:00Z,2025-09-03,2025-09-03_16,-0.6780196723167027,56,55,44,167.35562221432767,164.2434818434904,0.009324787145174809,3.01224,0.0,True,True,True,False,-9.134620035286776,484.13776806285813,27.5252555089502,344.7450818219413,390.33305993974125,0.0,1237.606545298204
2025-09-03T14:00:00Z,2025-09-03T14:15:00Z,2025-09-03,2025-09-03_17,-26.99999999999898,100,73,0,164.2434818434904,176.70224640001192,0.03561275178743897,0.22799999999999998,7.05034,True,True,True,False,-618.4349999999766,0.0,54.439652625982156,68.3552903645064,21.326874224611565,-34.043113920560835,-508.35629670543733
2025-09-03T14:15:00Z,2025-09-03T14:30:00Z,2025-09-03,2025-09-03_17,-26.99999999999898,100,73,0,176.70224640001192,189.7934600000117,0.03636448222222157,0.0,7.47958,True,True,True,False,-618.4349999999766,0.0,54.439652625982156,68.3552903645064,0.0,-75.34814093460153,-570.9881979440896
2025-09-03T14:30:00Z,2025-09-03T14:45:00Z,2025-09-03,2025-09-03_17,-26.99999999999898,100,73,0,189.7934600000117,189.9800636260984,0.026641411038647034,5.926,0.163885,True,True,True,False,-618.4349999999766,0.0,54.439652625982156,68.3552903645064,4527.1052728382665,-7.679723197652665,4023.7854926311256
2025-09-03T14:45:00Z,2025-09-03T15:00:00Z,2025-09-03,2025-09-03_17,-26.99999999999898,100,73,0,189.9800636260984,180.62336053044595,0.03987226193236735,14.941,0.0,True,True,True,False,-618.4349999999766,0.0,54.439652625982156,68.3552903645064,9598.482539138655,0.0,9102.842482129166
2025-09-03T15:00:00Z,2025-09-03T15:15:00Z,2025-09-03,2025-09-03_18,0.0,100,100,0,180.62336053044595,181.7267387913155,0.009559504830917874,1.0755,2.47,True,True,True,False,0.0,0.0,54.439652625982156,101.1992674425474,137.74049920245758,-133.08893680707354,160.2904824639136
2025-09-03T15:15:00Z,2025-09-03T15:30:00Z,2025-09-03,2025-09-03_18,0.0,100,100,0,181.7267387913155,182.35658487827203,0.002178316425120773,0.071,0.7685,True,True,True,False,0.0,0.0,54.439652625982156,101.1992674425474,6.641263464681672,-58.6094562927079,103.67072724050333
2025-09-03T15:30:00Z,2025-09-03T15:45:00Z,2025-09-03,2025-09-03_18,0.0,100,100,0,182.35658487827203,178.94411879131553,0.012522739130434784,3.6435000000000004,0.5955,True,True,True,False,0.0,0.0,54.439652625982156,101.1992674425474,2068.8652699828676,-39.324741537189105,2185.179448514208
2025-09-03T15:45:00Z,2025-09-03T16:00:00Z,2025-09-03,2025-09-03_18,0.0,100,100,0,178.94411879131553,153.49955357392423,0.07067934782608695,23.409,0.0,True,True,True,False,0.0,0.0,54.439652625982156,101.1992674425474,30839.897347433092,0.0,30995.536267501622
2025-09-03T16:00:00Z,2025-09-03T16:15:00Z,2025-09-03,2025-09-03_19,0.0,100,100,0,153.49955357392423,153.1236179217503,0.008726265700483092,1.6179999999999999,1.503,True,True,True,False,0.0,0.0,110.17900395817333,100.60849530336151,301.46652724444175,-78.84349500797542,433.41053149800115
2025-09-03T16:15:00Z,2025-09-03T16:30:00Z,2025-09-03,2025-09-03_19,0.0,100,100,0,153.1236179217503,150.00948400870683,0.010181149758454106,3.1185,0.2995,True,True,True,False,0.0,0.0,110.17900395817333,100.60849530336151,568.5862958586873,-23.00171323920364,756.3720818810185
2025-09-03T16:30:00Z,2025-09-03T16:45:00Z,2025-09-03,2025-09-03_19,0.0,100,100,0,150.00948400870683,132.4583970521851,0.04875301932367149,16.147,0.0,True,True,True,False,0.0,0.0,110.17900395817333,100.60849530336151,11679.46301018097,0.0,11890.250509442505
2025-09-03T16:45:00Z,2025-09-03T17:00:00Z,2025-09-03,2025-09-03_19,0.0,100,100,0,132.4583970521851,120.36654922609813,0.033588466183574875,11.1245,0.0,True,True,True,False,0.0,0.0,110.17900395817333,100.60849530336151,2926.2116486481164,0.0,3136.999147909651
2025-09-03T17:00:00Z,2025-09-03T17:15:00Z,2025-09-03,2025-09-03_20,0.0,0,0,100,120.36654922609813,120.36654922609813,0.0,0.0,0.0,True,False,True,False,0.0,1100.3131092337685,0.0,0.0,0.0,0.0,1100.3131092337685
2025-09-03T17:15:00Z,2025-09-03T17:30:00Z,2025-09-03,2025-09-03_20,0.0,0,0,100,120.36654922609813,120.36654922609813,0.0,0.0,0.0,True,False,True,False,0.0,1100.3131092337685,0.0,0.0,0.0,0.0,1100.3131092337685
2025-09-03T17:30:00Z,2025-09-03T17:45:00Z,2025-09-03,2025-09-03_20,0.0,0,0,100,120.36654922609813,120.36654922609813,0.0,0.0,0.0,True,False,True,False,0.0,1100.3131092337685,0.0,0.0,0.0,0.0,1100.3131092337685
2025-09-03T17:45:00Z,2025-09-03T18:00:00Z,2025-09-03,2025-09-03_20,0.0,0,0,100,120.36654922609813,120.36654922609813,0.0,0.0,0.0,True,False,True,False,0.0,1100.3131092337685,0.0,0.0,0.0,0.0,1100.3131092337685
2025-09-03T18:00:00Z,2025-09-03T18:15:00Z,2025-09-03,2025-09-03_21,66.92446009511886,0,67,33,120.36654922609813,102.18346717403628,0.05050857669944121,0.0,0.00268,True,True,True,False,2861.6899136672823,363.10332604714364,0.0,63.1328646541029,0.0,-0.21110257773576732,3287.715001790793
2025-09-03T18:15:00Z,2025-09-03T18:30:00Z,2025-09-03,2025-09-03_21,66.92446009511886,0,67,33,102.18346717403628,84.04698574602357,0.050379377620949184,0.0,0.04556,True,True,True,False,2861.6899136672823,363.10332604714364,0.0,63.1328646541029,0.0,-3.508921187058152,3284.4171831814706
2025-09-03T18:30:00Z,2025-09-03T18:45:00Z,2025-09-03,2025-09-03_21,66.92446009511886,0,67,33,84.04698574602357,71.10683796686313,0.0359726710012867,0.0,4.827015,True,True,True,False,2861.6899136672823,363.10332604714364,0.0,63.1328646541029,0.0,-260.8114691853252,3027.1146351832035
2025-09-03T18:45:00Z,2025-09-03T19:00:00Z,2025-09-03,2025-09-03_21,66.92446009511886,0,67,33,71.10683796686313,64.34782608696803,0.018835624480679283,0.0,10.514645,True,True,True,False,2861.6899136672823,363.10332604714364,0.0,63.1328646541029,0.0,-421.7598225113723,2866.1662818571567
2025-09-03T19:00:00Z,2025-09-03T19:15:00Z,2025-09-03,2025-09-03_22,0.0,0,0,100,64.34782608696803,64.34782608696803,0.0,0.0,0.0,True,True,True,False,0.0,1100.3131092337685,0.0,0.0,0.0,0.0,1100.3131092337685
2025-09-03T19:15:00Z,2025-09-03T19:30:00Z,2025-09-03,2025-09-03_22,0.0,0,0,100,64.34782608696803,64.34782608696803,0.0,0.0,0.0,True,True,True,False,0.0,1100.3131092337685,0.0,0.0,0.0,0.0,1100.3131092337685
2025-09-03T19:30:00Z,2025-09-03T19:45:00Z,2025-09-03,2025-09-03_22,0.0,0,0,100,64.34782608696803,64.34782608696803,0.0,0.0,0.0,True,True,True,False,0.0,1100.3131092337685,0.0,0.0,0.0,0.0,1100.3131092337685
2025-09-03T19:45:00Z,2025-09-03T20:00:00Z,2025-09-03,2025-09-03_22,0.0,0,0,100,64.34782608696803,64.34782608696803,0.0,0.0,0.0,True,True,True,False,0.0,1100.3131092337685,0.0,0.0,0.0,0.0,1100.3131092337685
2025-09-03T20:00:00Z,2025-09-03T20:15:00Z,2025-09-03,2025-09-03_23,0.0,0,0,100,64.34782608696803,64.34782608696803,0.0,0.0,0.0,True,False,True,False,0.0,1100.3131092337685,0.0,0.0,0.0,0.0,1100.3131092337685
2025-09-03T20:15:00Z,2025-09-03T20:30:00Z,2025-09-03,2025-09-03_23,0.0,0,0,100,64.34782608696803,64.34782608696803,0.0,0.0,0.0,True,False,True,False,0.0,1100.3131092337685,0.0,0.0,0.0,0.0,1100.3131092337685
2025-09-03T20:30:00Z,2025-09-03T20:45:00Z,2025-09-03,2025-09-03_23,0.0,0,0,100,64.34782608696803,64.34782608696803,0.0,0.0,0.0,True,False,True,False,0.0,1100.3131092337685,0.0,0.0,0.0,0.0,1100.3131092337685
2025-09-03T20:45:00Z,2025-09-03T21:00:00Z,2025-09-03,2025-09-03_23,0.0,0,0,100,64.34782608696803,64.34782608696803,0.0,0.0,0.0,True,False,True,False,0.0,1100.3131092337685,0.0,0.0,0.0,0.0,1100.3131092337685
2025-09-03T21:00:00Z,2025-09-03T21:15:00Z,2025-09-04,2025-09-03_24,1.2511730781862633e-11,0,0,100,64.34782608696803,64.34782608696463,9.444241230270707e-15,0.0,0.0,True,False,True,False,3.391617421693414e-10,1100.3564465625554,0.0,0.0,0.0,0.0,1100.3564465628947
2025-09-03T21:15:00Z,2025-09-03T21:30:00Z,2025-09-04,2025-09-03_24,1.2511730781862633e-11,0,0,100,64.34782608696463,64.34782608696123,9.444241230270707e-15,0.0,0.0,True,False,True,False,3.391617421693414e-10,1100.3564465625554,0.0,0.0,0.0,0.0,1100.3564465628947
2025-09-03T21:30:00Z,2025-09-03T21:45:00Z,2025-09-04,2025-09-03_24,1.2511730781862633e-11,0,0,100,64.34782608696123,64.34782608695784,9.444241230270707e-15,0.0,0.0,True,False,True,False,3.391617421693414e-10,1100.3564465625554,0.0,0.0,0.0,0.0,1100.3564465628947
2025-09-03T21:45:00Z,2025-09-03T22:00:00Z,2025-09-04,2025-09-03_24,1.2511730781862633e-11,0,0,100,64.34782608695784,64.34782608695444,9.444241230270707e-15,0.0,0.0,True,False,True,False,3.391617421693414e-10,1100.3564465625554,0.0,0.0,0.0,0.0,1100.3564465628947
2025-09-03T22:00:00Z,2025-09-03T22:15:00Z,2025-09-04,2025-09-04_1,0.0,0,0,100,64.34782608695444,64.34782608695444,0.0,0.0,0.0,True,True,True,False,0.0,1100.3564465625554,0.0,0.0,0.0,0.0,1100.3564465625554
2025-09-03T22:15:00Z,2025-09-03T22:30:00Z,2025-09-04,2025-09-04_1,0.0,0,0,100,64.34782608695444,64.34782608695444,0.0,0.0,0.0,True,True,True,False,0.0,1100.3564465625554,0.0,0.0,0.0,0.0,1100.3564465625554
2025-09-03T22:30:00Z,2025-09-03T22:45:00Z,2025-09-04,2025-09-04_1,0.0,0,0,100,64.34782608695444,64.34782608695444,0.0,0.0,0.0,True,True,True,False,0.0,1100.3564465625554,0.0,0.0,0.0,0.0,1100.3564465625554
2025-09-03T22:45:00Z,2025-09-03T23:00:00Z,2025-09-04,2025-09-04_1,0.0,0,0,100,64.34782608695444,64.34782608695444,0.0,0.0,0.0,True,True,True,False,0.0,1100.3564465625554,0.0,0.0,0.0,0.0,1100.3564465625554
2025-09-03T23:00:00Z,2025-09-03T23:15:00Z,2025-09-04,2025-09-04_2,0.0,0,0,100,64.34782608695444,64.34782608695444,0.0,0.0,0.0,True,True,True,False,0.0,1100.3564465625554,0.0,0.0,0.0,0.0,1100.3564465625554
2025-09-03T23:15:00Z,2025-09-03T23:30:00Z,2025-09-04,2025-09-04_2,0.0,0,0,100,64.34782608695444,64.34782608695444,0.0,0.0,0.0,True,True,True,False,0.0,1100.3564465625554,0.0,0.0,0.0,0.0,1100.3564465625554
2025-09-03T23:30:00Z,2025-09-03T23:45:00Z,2025-09-04,2025-09-04_2,0.0,0,0,100,64.34782608695444,64.34782608695444,0.0,0.0,0.0,True,True,True,False,0.0,1100.3564465625554,0.0,0.0,0.0,0.0,1100.3564465625554
2025-09-03T23:45:00Z,2025-09-04T00:00:00Z,2025-09-04,2025-09-04_2,0.0,0,0,100,64.34782608695444,64.34782608695444,0.0,0.0,0.0,True,True,True,False,0.0,1100.3564465625554,0.0,0.0,0.0,0.0,1100.3564465625554
2025-09-04T00:00:00Z,2025-09-04T00:15:00Z,2025-09-04,2025-09-04_3,4.194637222401065,95,100,0,64.34782608695444,63.49590739803274,0.003906458784008644,0.0033250000000000003,0.3145,True,True,True,False,92.49175075394348,0.0,86.23692865160795,100.93739537997993,0.45742306366805185,-21.39267659859391,258.7308212506055
2025-09-04T00:15:00Z,2025-09-04T00:30:00Z,2025-09-04,2025-09-04_3,4.194637222401065,95,100,0,63.49590739803274,65.07196855156747,0.009979231116337216,0.0019000000000000002,2.932,True,True,True,False,92.49175075394348,0.0,86.23692865160795,100.93739537997993,0.2611709564977649,-118.80665629492508,161.12058944710407
2025-09-04T00:30:00Z,2025-09-04T00:45:00Z,2025-09-04,2025-09-04_3,4.194637222401065,95,100,0,65.07196855156747,68.22924490845529,0.013928526698818007,0.0,4.6355,True,True,True,False,92.49175075394348,0.0,86.23692865160795,100.93739537997993,0.0,-181.79039957462732,97.87567521090405
2025-09-04T00:45:00Z,2025-09-04T01:00:00Z,2025-09-04,2025-09-04_3,4.194637222401065,95,100,0,68.22924490845529,80.66535999999792,0.037167678903920545,0.0,14.645,True,True,True,False,92.49175075394348,0.0,86.23692865160795,100.93739537997993,0.0,2478.924157624215,2758.590232409746
2025-09-04T01:00:00Z,2025-09-04T01:15:00Z,2025-09-04,2025-09-04_4,0.0,0,0,100,80.66535999999792,80.66535999999792,0.0,0.0,0.0,True,False,True,False,0.0,1100.3564465625554,0.0,0.0,0.0,0.0,1100.3564465625554
2025-09-04T01:15:00Z,2025-09-04T01:30:00Z,2025-09-04,2025-09-04_4,0.0,0,0,100,80.66535999999792,80.66535999999792,0.0,0.0,0.0,True,False,True,False,0.0,1100.3564465625554,0.0,0.0,0.0,0.0,1100.3564465625554
2025-09-04T01:30:00Z,2025-09-04T01:45:00Z,2025-09-04,2025-09-04_4,0.0,0,0,100,80.66535999999792,80.66535999999792,0.0,0.0,0.0,True,False,True,False,0.0,1100.3564465625554,0.0,0.0,0.0,0.0,1100.3564465625554
2025-09-04T01:45:00Z,2025-09-04T02:00:00Z,2025-09-04,2025-09-04_4,0.0,0,0,100,80.66535999999792,80.66535999999792,0.0,0.0,0.0,True,False,True,False,0.0,1100.3564465625554,0.0,0.0,0.0,0.0,1100.3564465625554
2025-09-04T02:00:00Z,2025-09-04T02:15:00Z,2025-09-04,2025-09-04_5,0.0,100,100,0,80.66535999999792,102.24073999999791,0.05993161111111111,0.0,23.4515,True,True,True,False,0.0,0.0,108.82451407077731,100.93739537997993,0.0,12203.901233679278,12413.663143130036
2025-09-04T02:15:00Z,2025-09-04T02:30:00Z,2025-09-04,2025-09-04_5,0.0,100,100,0,102.24073999999791,120.93605999999792,0.051931444444444454,0.0,20.321,True,True,True,False,0.0,0.0,108.82451407077731,100.93739537997993,0.0,2182.6936609622094,2392.4555704129666
2025-09-04T02:30:00Z,2025-09-04T02:45:00Z,2025-09-04,2025-09-04_5,0.0,100,100,0,120.93605999999792,137.87555999999793,0.047054166666666675,0.0,18.4125,True,True,True,False,0.0,0.0,108.82451407077731,100.93739537997993,0.0,2184.643723291125,2394.405632741882
2025-09-04T02:45:00Z,2025-09-04T03:00:00Z,2025-09-04,2025-09-04_5,0.0,100,100,0,137.87555999999793,143.99999999999793,0.017012333333333334,0.0,6.657,True,True,True,False,0.0,0.0,108.82451407077731,100.93739537997993,0.0,-252.2184820496662,-42.45657259890895
2025-09-04T03:00:00Z,2025-09-04T03:15:00Z,2025-09-04,2025-09-04_6,0.0,0,0,100,143.99999999999793,143.99999999999793,0.0,0.0,0.0,True,True,True,False,0.0,1100.3564465625554,0.0,0.0,0.0,0.0,1100.3564465625554
2025-09-04T03:15:00Z,2025-09-04T03:30:00Z,2025-09-04,2025-09-04_6,0.0,0,0,100,143.99999999999793,143.99999999999793,0.0,0.0,0.0,True,True,True,False,0.0,1100.3564465625554,0.0,0.0,0.0,0.0,1100.3564465625554
2025-09-04T03:30:00Z,2025-09-04T03:45:00Z,2025-09-04,2025-09-04_6,0.0,0,0,100,143.99999999999793,143.99999999999793,0.0,0.0,0.0,True,True,True,False,0.0,1100.3564465625554,0.0,0.0,0.0,0.0,1100.3564465625554
2025-09-04T03:45:00Z,2025-09-04T04:00:00Z,2025-09-04,2025-09-04_6,0.0,0,0,100,143.99999999999793,143.99999999999793,0.0,0.0,0.0,True,True,True,False,0.0,1100.3564465625554,0.0,0.0,0.0,0.0,1100.3564465625554
2025-09-04T04:00:00Z,2025-09-04T04:15:00Z,2025-09-04,2025-09-04_7,87.7578047440428,12,100,0,143.99999999999793,131.58690326333314,0.041189084785845896,0.0,10.721,True,True,True,False,2614.5243978368953,0.0,13.562299375726186,98.72191260166605,0.0,4856.989445833909,7583.798055648196
2025-09-04T04:15:00Z,2025-09-04T04:30:00Z,2025-09-04,2025-09-04_7,87.7578047440428,12,100,0,131.58690326333314,110.46675864977595,0.06026701447143244,0.0,2.557,True,True,True,False,2614.5243978368953,0.0,13.562299375726186,98.72191260166605,0.0,-115.9404297051931,2610.8681801090943
2025-09-04T04:30:00Z,2025-09-04T04:45:00Z,2025-09-04,2025-09-04_7,87.7578047440428,12,100,0,110.46675864977595,88.15211457246085,0.06288427087121894,0.0,1.437,True,True,True,False,2614.5243978368953,0.0,13.562299375726186,98.72191260166605,0.0,-79.84364678311901,2646.9649630311687
2025-09-04T04:45:00Z,2025-09-04T05:00:00Z,2025-09-04,2025-09-04_7,87.7578047440428,12,100,0,88.15211457246085,64.34782608695441,0.06615743774195963,0.014459999999999999,0.055,True,True,True,False,2614.5243978368953,0.0,13.562299375726186,98.72191260166605,1.9902597175997951,-4.110946454242896,2724.6879230776444
2025-09-04T05:00:00Z,2025-09-04T05:15:00Z,2025-09-04,2025-09-04_8,0.0,0,0,100,64.34782608695441,64.34782608695441,0.0,0.0,0.0,True,True,True,False,0.0,1100.3564465625554,0.0,0.0,0.0,0.0,1100.3564465625554
2025-09-04T05:15:00Z,2025-09-04T05:30:00Z,2025-09-04,2025-09-04_8,0.0,0,0,100,64.34782608695441,64.34782608695441,0.0,0.0,0.0,True,True,True,False,0.0,1100.3564465625554,0.0,0.0,0.0,0.0,1100.3564465625554
2025-09-04T05:30:00Z,2025-09-04T05:45:00Z,2025-09-04,2025-09-04_8,0.0,0,0,100,64.34782608695441,64.34782608695441,0.0,0.0,0.0,True,True,True,False,0.0,1100.3564465625554,0.0,0.0,0.0,0.0,1100.3564465625554
2025-09-04T05:45:00Z,2025-09-04T06:00:00Z,2025-09-04,2025-09-04_8,0.0,0,0,100,64.34782608695441,64.34782608695441,0.0,0.0,0.0,True,True,True,False,0.0,1100.3564465625554,0.0,0.0,0.0,0.0,1100.3564465625554
2025-09-04T06:00:00Z,2025-09-04T06:15:00Z,2025-09-04,2025-09-04_9,0.0,0,0,100,64.34782608695441,64.34782608695441,0.0,0.0,0.0,True,True,True,False,0.0,1100.3564465625554,0.0,0.0,0.0,0.0,1100.3564465625554
2025-09-04T06:15:00Z,2025-09-04T06:30:00Z,2025-09-04,2025-09-04_9,0.0,0,0,100,64.34782608695441,64.34782608695441,0.0,0.0,0.0,True,True,True,False,0.0,1100.3564465625554,0.0,0.0,0.0,0.0,1100.3564465625554
2025-09-04T06:30:00Z,2025-09-04T06:45:00Z,2025-09-04,2025-09-04_9,0.0,0,0,100,64.34782608695441,64.34782608695441,0.0,0.0,0.0,True,True,True,False,0.0,1100.3564465625554,0.0,0.0,0.0,0.0,1100.3564465625554
2025-09-04T06:45:00Z,2025-09-04T07:00:00Z,2025-09-04,2025-09-04_9,0.0,0,0,100,64.34782608695441,64.34782608695441,0.0,0.0,0.0,True,True,True,False,0.0,1100.3564465625554,0.0,0.0,0.0,0.0,1100.3564465625554
2025-09-04T07:00:00Z,2025-09-04T07:15:00Z,2025-09-04,2025-09-04_10,79.67060086492164,20,100,0,64.34782608695441,42.24331958187291,0.0615842811978904,0.589,0.176,True,True,True,False,1492.0311776978199,0.0,9.996258295752183,422.41871639851126,79.61597175997952,-9.458228007640955,1994.603896144422
2025-09-04T07:15:00Z,2025-09-04T07:30:00Z,2025-09-04,2025-09-04_10,79.67060086492164,20,100,0,42.24331958187291,23.734630567995943,0.054522406636257376,0.0094,2.9925,True,True,True,False,1492.0311776978199,0.0,9.996258295752183,422.41871639851126,1.1662301345044213,-14.972813072333052,1910.6395694542548
2025-09-04T07:30:00Z,2025-09-04T07:45:00Z,2025-09-04,2025-09-04_10,79.67060086492164,20,100,0,23.734630567995943,9.999999999997907,0.04596183237282294,0.0,7.5165,True,True,True,False,1492.0311776978199,0.0,9.996258295752183,422.41871639851126,0.0,3656.5665381358435,5581.012690527927
2025-09-04T07:45:00Z,2025-09-04T08:00:00Z,2025-09-04,2025-09-04_10,79.67060086492164,20,100,0,9.999999999997907,13.74910836869952,0.01464789334066457,0.0,24.12,True,True,True,False,1492.0311776978199,0.0,9.996258295752183,422.41871639851126,0.0,10454.800913763564,12379.247066155647
2025-09-04T08:00:00Z,2025-09-04T08:15:00Z,2025-09-04,2025-09-04_11,0.0,100,100,0,13.74910836869952,22.473928368699518,0.02423561111111111,0.0,9.4835,True,True,True,False,0.0,0.0,48.97693928592528,563.7074381141811,0.0,1588.943345772859,2201.6277231729655
2025-09-04T08:15:00Z,2025-09-04T08:30:00Z,2025-09-04,2025-09-04_11,0.0,100,100,0,22.473928368699518,31.80778836869952,0.025927388888888892,0.0,10.1455,True,True,True,False,0.0,0.0,48.97693928592528,563.7074381141811,0.0,-114.22403651115619,498.46034088895016
2025-09-04T08:30:00Z,2025-09-04T08:45:00Z,2025-09-04,2025-09-04_11,0.0,100,100,0,31.80778836869952,46.64324836869952,0.04120961111111111,0.0,16.1255,True,True,True,False,0.0,0.0,48.97693928592528,563.7074381141811,0.0,-0.12384932747789441,612.5605280726285
2025-09-04T08:45:00Z,2025-09-04T09:00:00Z,2025-09-04,2025-09-04_11,0.0,100,100,0,46.64324836869952,53.12155445565604,0.01800737198067633,0.002,7.0440000000000005,True,True,True,False,0.0,0.0,48.97693928592528,563.7074381141811,0.2166249827684673,-40.63766123791332,572.2633411449615
2025-09-04T09:00:00Z,2025-09-04T09:15:00Z,2025-09-04,2025-09-04_12,-20.907775153890142,21,0,79,53.12155445565604,57.930342741050765,0.013357745237207593,0.0,0.0,True,True,True,False,-30.26400453525598,869.2815927844188,10.285157250044309,0.0,0.0,0.0,849.302745499207
2025-09-04T09:15:00Z,2025-09-04T09:30:00Z,2025-09-04,2025-09-04_12,-20.907775153890142,21,0,79,57.930342741050765,62.73826093355623,0.01335535337361464,0.0009449999999999999,0.0,True,True,True,False,-30.26400453525598,869.2815927844188,10.285157250044309,0.0,0.0892166052895882,0.0,849.3919621044967
2025-09-04T09:30:00Z,2025-09-04T09:45:00Z,2025-09-04,2025-09-04_12,-20.907775153890142,21,0,79,62.73826093355623,67.54704921895096,0.013357745237207591,0.0,0.0,True,True,True,False,-30.26400453525598,869.2815927844188,10.285157250044309,0.0,0.0,0.0,849.302745499207
2025-09-04T09:45:00Z,2025-09-04T10:00:00Z,2025-09-04,2025-09-04_12,-20.907775153890142,21,0,79,67.54704921895096,72.3558375043457,0.013357745237207591,0.0,0.0,True,True,True,False,-30.26400453525598,869.2815927844188,10.285157250044309,0.0,0.0,0.0,849.302745499207
2025-09-04T10:00:00Z,2025-09-04T10:15:00Z,2025-09-04,2025-09-04_13,0.0,100,100,0,72.3558375043457,87.4732775043457,0.04199288888888889,0.0,16.432,True,True,True,False,0.0,0.0,48.97693928592528,721.361192618996,0.0,-19.212033320860986,751.1260985840603
2025-09-04T10:15:00Z,2025-09-04T10:30:00Z,2025-09-04,2025-09-04_13,0.0,100,100,0,87.4732775043457,104.3483775043457,0.04687527777777779,0.0,18.3425,True,True,True,False,0.0,0.0,48.97693928592528,721.361192618996,0.0,-0.11559109080525415,770.2225408141161
2025-09-04T10:30:00Z,2025-09-04T10:45:00Z,2025-09-04,2025-09-04_13,0.0,100,100,0,104.3483775043457,113.8998175043457,0.026531777777777776,0.0,10.382,True,True,True,False,0.0,0.0,48.97693928592528,721.361192618996,0.0,-37.34772130211308,732.9904106028082
2025-09-04T10:45:00Z,2025-09-04T11:00:00Z,2025-09-04,2025-09-04_13,0.0,100,100,0,113.8998175043457,123.60581750434571,0.026961111111111116,0.0,10.55,True,True,True,False,0.0,0.0,48.97693928592528,721.361192618996,0.0,-0.4550010831249139,769.8831308217964
2025-09-04T11:00:00Z,2025-09-04T11:15:00Z,2025-09-04,2025-09-04_14,-24.999999999999932,25,0,75,123.60581750434571,129.35581750434568,0.01597222222222218,0.0,0.0,True,True,True,False,-20.124999999999947,825.2673349219166,12.24423482148132,0.0,0.0,0.0,817.386569743398
2025-09-04T11:15:00Z,2025-09-04T11:30:00Z,2025-09-04,2025-09-04_14,-24.999999999999932,25,0,75,129.35581750434568,135.10581750434565,0.01597222222222218,0.0,0.0,True,True,True,False,-20.124999999999947,825.2673349219166,12.24423482148132,0.0,0.0,0.0,817.386569743398
2025-09-04T11:30:00Z,2025-09-04T11:45:00Z,2025-09-04,2025-09-04_14,-24.999999999999932,25,0,75,135.10581750434565,140.85581750434565,0.01597222222222218,0.0,0.0,True,True,True,False,-20.124999999999947,825.2673349219166,12.24423482148132,0.0,0.0,0.0,817.386569743398
2025-09-04T11:45:00Z,2025-09-04T12:00:00Z,2025-09-04,2025-09-04_14,-24.999999999999932,25,0,75,140.85581750434565,146.60581750434562,0.01597222222222218,0.0,0.0,True,True,True,False,-20.124999999999947,825.2673349219166,12.24423482148132,0.0,0.0,0.0,817.386569743398
2025-09-04T12:00:00Z,2025-09-04T12:15:00Z,2025-09-04,2025-09-04_15,0.0,9,9,91,146.60581750434562,147.87708730434562,0.003531305,0.0,1.381815,True,True,True,False,0.0,1001.3243663719255,4.187262451013214,63.859075602118985,0.0,-0.017688015715157844,1069.3530164093427
2025-09-04T12:15:00Z,2025-09-04T12:30:00Z,2025-09-04,2025-09-04_15,0.0,9,9,91,147.87708730434562,148.12869779999778,0.0007010919565217394,0.00036,0.273915,True,True,True,False,0.0,1001.3243663719255,4.187262451013214,63.859075602118985,0.03351993540636878,-8.091817743555408,1061.3124066169087
2025-09-04T12:30:00Z,2025-09-04T12:45:00Z,2025-09-04,2025-09-04_15,0.0,9,9,91,148.12869779999778,148.13241847825864,5.245478260869566e-05,0.006974999999999999,0.012285,True,True,True,False,0.0,1001.3243663719255,4.187262451013214,63.859075602118985,0.6509294885681088,-0.6797454843537684,1069.341888429272
2025-09-04T12:45:00Z,2025-09-04T13:00:00Z,2025-09-04,2025-09-04_15,0.0,9,9,91,148.13241847825864,148.11119209564995,9.484217391304346e-05,0.025469999999999996,0.00702,True,True,True,False,0.0,1001.3243663719255,4.187262451013214,63.859075602118985,2.3955212390949012,-0.34611991177455254,1071.420105752378
2025-09-04T13:00:00Z,2025-09-04T13:15:00Z,2025-09-04,2025-09-04_16,20.713412836116547,79,100,0,148.11119209564995,161.64244781646266,0.04375143830435895,0.0,20.0715,True,True,True,False,337.52506216451917,0.0,38.831800547470415,675.869946237618,0.0,8473.098800882255,9525.325609831863
2025-09-04T13:15:00Z,2025-09-04T13:30:00Z,2025-09-04,2025-09-04_16,20.713412836116547,79,100,0,161.64244781646266,165.813545876785,0.03001581736124205,0.0,10.266,True,True,True,False,337.52506216451917,0.0,38.831800547470415,675.869946237618,0.0,-101.87355796687608,950.3532509827315
2025-09-04T13:30:00Z,2025-09-04T13:45:00Z,2025-09-04,2025-09-04_16,20.713412836116547,79,100,0,165.813545876785,161.64719167068168,0.018302258780663588,0.11296999999999999,1.6605,True,True,True,False,337.52506216451917,0.0,38.831800547470415,675.869946237618,10.567508221902756,-62.761138167352655,1000.0331790041577
2025-09-04T13:45:00Z,2025-09-04T14:00:00Z,2025-09-04,2025-09-04_16,20.713412836116547,79,100,0,161.64719167068168,151.05228057391088,0.02943030860214111,4.5689649999999995,0.0,True,True,True,False,337.52506216451917,0.0,38.831800547470415,675.869946237618,616.5146990724511,0.0,1668.7415080220587
2025-09-04T14:00:00Z,2025-09-04T14:15:00Z,2025-09-04,2025-09-04_17,-2.5598709300205807e-13,18,18,82,151.05228057391088,151.63383130434573,0.0016377013043479894,0.0036899999999999997,0.63648,True,True,True,False,-6.025296201535942e-12,902.2922861812954,10.07601567577148,15.91425589318419,0.37898964729514173,-25.09708362905926,903.5644637684809
2025-09-04T14:15:00Z,2025-09-04T14:30:00Z,2025-09-04,2025-09-04_17,-2.5598709300205807e-13,18,18,82,151.63383130434573,151.80560780869362,0.0009874830434784179,0.08450999999999999,0.28656,True,True,True,False,-6.025296201535942e-12,902.2922861812954,10.07601567577148,15.91425589318419,7.90528564957955,-11.557207065913074,924.6306363339115
2025-09-04T14:30:00Z,2025-09-04T14:45:00Z,2025-09-04,2025-09-04_17,-2.5598709300205807e-13,18,18,82,151.80560780869362,152.27387279999803,0.0013175839130436416,0.00279,0.51228,True,True,True,False,-6.025296201535942e-12,902.2922861812954,10.07601567577148,15.91425589318419,0.2609838712853739,-19.305003296638372,909.238538324892
2025-09-04T14:45:00Z,2025-09-04T15:00:00Z,2025-09-04,2025-09-04_17,-2.5598709300205807e-13,18,18,82,152.27387279999803,151.8857608695633,0.0011121286956523085,0.3627,0.00666,True,True,True,False,-6.025296201535942e-12,902.2922861812954,10.07601567577148,15.91425589318419,48.714612064042235,-0.37369001752693043,976.6234797967603
2025-09-04T15:00:00Z,2025-09-04T15:15:00Z,2025-09-04,2025-09-04_18,-73.99999999999997,100,26,0,151.8857608695633,170.19047166956332,0.05088252999999999,0.023,1.42051,True,True,True,False,-2340.9899999999993,0.0,56.00740463577464,26.497174028633886,2.151479942495914,-63.057003702317886,-2319.390945095413
2025-09-04T15:15:00Z,2025-09-04T15:30:00Z,2025-09-04,2025-09-04_18,-73.99999999999997,100,26,0,170.19047166956332,179.6259923826068,0.03866575801932366,7.9335,0.06383,True,True,True,False,-2340.9899999999993,0.0,56.00740463577464,26.497174028633886,3304.4818743968967,-4.760016754957759,1041.2364363063482
2025-09-04T15:30:00Z,2025-09-04T15:45:00Z,2025-09-04,2025-09-04_18,-73.99999999999997,100,26,0,179.6259923826068,188.82311377391116,0.038296351690821254,8.12,0.0,True,True,True,False,-2340.9899999999993,0.0,56.00740463577464,26.497174028633886,1352.943689320388,0.0,-905.5417320152027
2025-09-04T15:45:00Z,2025-09-04T16:00:00Z,2025-09-04,2025-09-04_18,-73.99999999999997,100,26,0,188.82311377391116,188.6395246956503,0.027526382995169088,17.857,0.0,True,True,True,False,-2340.9899999999993,0.0,56.00740463577464,26.497174028633886,16756.532791508303,0.0,14498.047370172713
2025-09-04T16:00:00Z,2025-09-04T16:15:00Z,2025-09-04,2025-09-04_19,-20.818617028462093,100,79,0,188.6395246956503,189.9931813686465,0.01938126721774395,3.267,0.00316,True,True,True,False,-929.7073899485459,0.0,108.47003682624707,80.04391579196124,684.2942816912503,-0.2426987534216901,-57.14185439250906
2025-09-04T16:15:00Z,2025-09-04T16:30:00Z,2025-09-04,2025-09-04_19,-20.818617028462093,100,79,0,189.9931813686465,187.28665349167971,0.0265403809520406,7.123,0.0,True,True,True,False,-929.7073899485459,0.0,108.47003682624707,80.04391579196124,2097.370639437563,0.0,1356.1772021072254
2025-09-04T16:30:00Z,2025-09-04T16:45:00Z,2025-09-04,2025-09-04_19,-20.818617028462093,100,79,0,187.28665349167971,189.99999999999804,0.016966161026721948,1.9720000000000002,0.0,True,True,True,False,-929.7073899485459,0.0,108.47003682624707,80.04391579196124,375.36077669902915,0.0,-365.8326606313085
2025-09-04T16:45:00Z,2025-09-04T17:00:00Z,2025-09-04,2025-09-04_19,-20.818617028462093,100,79,0,189.99999999999804,183.5145012717885,0.033215941204764725,10.7145,0.0,True,True,True,False,-929.7073899485459,0.0,108.47003682624707,80.04391579196124,7610.1161044920145,0.0,6868.922667161677
2025-09-04T17:00:00Z,2025-09-04T17:15:00Z,2025-09-04,2025-09-04_20,100.0,0,100,0,183.5145012717885,160.46667518483198,0.06402173913043478,0.0,3.7960000000000003,True,True,True,False,7910.250000000001,0.0,0.0,100.4352192835621,0.0,241.8439008251443,8252.529120108708
2025-09-04T17:15:00Z,2025-09-04T17:30:00Z,2025-09-04,2025-09-04_20,100.0,0,100,0,160.46667518483198,135.97645779352763,0.06802838164251208,0.0,2.469,True,True,True,False,7910.250000000001,0.0,0.0,100.4352192835621,0.0,-146.20093621378916,7864.4842830697735
2025-09-04T17:30:00Z,2025-09-04T17:45:00Z,2025-09-04,2025-09-04_20,100.0,0,100,0,135.97645779352763,109.6074360543972,0.07324728260869566,0.0,0.7405,True,True,True,False,7910.250000000001,0.0,0.0,100.4352192835621,0.0,-56.459351700506126,7954.225867583057
2025-09-04T17:45:00Z,2025-09-04T18:00:00Z,2025-09-04,2025-09-04_20,100.0,0,100,0,109.6074360543972,83.79221866309285,0.07170893719806763,0.0,1.25,True,True,True,False,7910.250000000001,0.0,0.0,100.4352192835621,0.0,-91.63827566513717,7919.046943618426
2025-09-04T18:00:00Z,2025-09-04T18:15:00Z,2025-09-04,2025-09-04_21,50.37478195404713,0,0,35,83.79221866309285,70.10341921905831,0.03802444290009596,0.0,0.0,True,False,True,False,3043.014640889102,385.1247562968944,0.0,0.0,0.0,0.0,3428.139397185996
2025-09-04T18:15:00Z,2025-09-04T18:30:00Z,2025-09-04,2025-09-04_21,50.37478195404713,0,0,35,70.10341921905831,56.414619775023766,0.03802444290009596,0.0,0.0,True,False,True,False,3043.014640889102,385.1247562968944,0.0,0.0,0.0,0.0,3428.139397185996
2025-09-04T18:30:00Z,2025-09-04T18:45:00Z,2025-09-04,2025-09-04_21,50.37478195404713,0,0,35,56.414619775023766,42.72582033098922,0.03802444290009596,0.0,0.0,True,False,True,False,3043.014640889102,385.1247562968944,0.0,0.0,0.0,0.0,3428.139397185996
2025-09-04T18:45:00Z,2025-09-04T19:00:00Z,2025-09-04,2025-09-04_21,50.37478195404713,0,0,35,42.72582033098922,29.03702088695468,0.03802444290009596,0.0,0.0,True,False,True,False,3043.014640889102,385.1247562968944,0.0,0.0,0.0,0.0,3428.139397185996
2025-09-04T19:00:00Z,2025-09-04T19:15:00Z,2025-09-04,2025-09-04_22,1.1832612270595828e-14,99,99,1,29.03702088695468,34.193059686954676,0.014322330000000005,0.0,5.6043899999999995,True,True,True,False,3.925173305463401e-13,11.003564465625555,111.30408239626618,98.20260343842928,0.0,424.49510006695687,645.0053503672783
2025-09-04T19:15:00Z,2025-09-04T19:30:00Z,2025-09-04,2025-09-04_22,1.1832612270595828e-14,99,99,1,34.193059686954676,40.56091788695468,0.017688495000000005,0.0,6.921585,True,True,True,False,3.925173305463401e-13,11.003564465625555,111.30408239626618,98.20260343842928,0.0,-416.4482658579334,-195.93801555761198
2025-09-04T19:30:00Z,2025-09-04T19:45:00Z,2025-09-04,2025-09-04_22,1.1832612270595828e-14,99,99,1,40.56091788695468,51.137127486954675,0.02937836,0.0,11.49588,True,True,True,False,3.925173305463401e-13,11.003564465625555,111.30408239626618,98.20260343842928,0.0,-464.1615212509108,-243.6512709505894
2025-09-04T19:45:00Z,2025-09-04T20:00:00Z,2025-09-04,2025-09-04_22,1.1832612270595828e-14,99,99,1,51.137127486954675,64.34782608695467,0.036696385000000005,0.0,14.359455,True,True,True,False,3.925173305463401e-13,11.003564465625555,111.30408239626618,98.20260343842928,0.0,-539.4346632160932,-318.9244129157718
2025-09-04T20:00:00Z,2025-09-04T20:15:00Z,2025-09-04,2025-09-04_23,0.0,0,0,100,64.34782608695467,64.34782608695467,0.0,0.0,0.0,True,True,True,False,0.0,1100.3564465625554,0.0,0.0,0.0,0.0,1100.3564465625554
2025-09-04T20:15:00Z,2025-09-04T20:30:00Z,2025-09-04,2025-09-04_23,0.0,0,0,100,64.34782608695467,64.34782608695467,0.0,0.0,0.0,True,True,True,False,0.0,1100.3564465625554,0.0,0.0,0.0,0.0,1100.3564465625554
2025-09-04T20:30:00Z,2025-09-04T20:45:00Z,2025-09-04,2025-09-04_23,0.0,0,0,100,64.34782608695467,64.34782608695467,0.0,0.0,0.0,True,True,True,False,0.0,1100.3564465625554,0.0,0.0,0.0,0.0,1100.3564465625554
2025-09-04T20:45:00Z,2025-09-04T21:00:00Z,2025-09-04,2025-09-04_23,0.0,0,0,100,64.34782608695467,64.34782608695467,0.0,0.0,0.0,True,True,True,False,0.0,1100.3564465625554,0.0,0.0,0.0,0.0,1100.3564465625554
2025-09-04T21:00:00Z,2025-09-04T21:15:00Z,2025-09-05,2025-09-04_24,0.0,0,0,100,64.34782608695467,64.34782608695467,0.0,0.0,0.0,True,True,True,False,0.0,1100.5081541006853,0.0,0.0,0.0,0.0,1100.5081541006853
2025-09-04T21:15:00Z,2025-09-04T21:30:00Z,2025-09-05,2025-09-04_24,0.0,0,0,100,64.34782608695467,64.34782608695467,0.0,0.0,0.0,True,True,True,False,0.0,1100.5081541006853,0.0,0.0,0.0,0.0,1100.5081541006853
2025-09-04T21:30:00Z,2025-09-04T21:45:00Z,2025-09-05,2025-09-04_24,0.0,0,0,100,64.34782608695467,64.34782608695467,0.0,0.0,0.0,True,True,True,False,0.0,1100.5081541006853,0.0,0.0,0.0,0.0,1100.5081541006853
2025-09-04T21:45:00Z,2025-09-04T22:00:00Z,2025-09-05,2025-09-04_24,0.0,0,0,100,64.34782608695467,64.34782608695467,0.0,0.0,0.0,True,True,True,False,0.0,1100.5081541006853,0.0,0.0,0.0,0.0,1100.5081541006853
2025-09-04T22:00:00Z,2025-09-04T22:15:00Z,2025-09-05,2025-09-05_1,0.0,0,0,100,64.34782608695467,64.34782608695467,0.0,0.0,0.0,True,True,True,False,0.0,1100.5081541006853,0.0,0.0,0.0,0.0,1100.5081541006853
2025-09-04T22:15:00Z,2025-09-04T22:30:00Z,2025-09-05,2025-09-05_1,0.0,0,0,100,64.34782608695467,64.34782608695467,0.0,0.0,0.0,True,True,True,False,0.0,1100.5081541006853,0.0,0.0,0.0,0.0,1100.5081541006853
2025-09-04T22:30:00Z,2025-09-04T22:45:00Z,2025-09-05,2025-09-05_1,0.0,0,0,100,64.34782608695467,64.34782608695467,0.0,0.0,0.0,True,True,True,False,0.0,1100.5081541006853,0.0,0.0,0.0,0.0,1100.5081541006853
2025-09-04T22:45:00Z,2025-09-04T23:00:00Z,2025-09-05,2025-09-05_1,0.0,0,0,100,64.34782608695467,64.34782608695467,0.0,0.0,0.0,True,True,True,False,0.0,1100.5081541006853,0.0,0.0,0.0,0.0,1100.5081541006853
2025-09-04T23:00:00Z,2025-09-04T23:15:00Z,2025-09-05,2025-09-05_2,0.0,0,0,100,64.34782608695467,64.34782608695467,0.0,0.0,0.0,True,True,True,False,0.0,1100.5081541006853,0.0,0.0,0.0,0.0,1100.5081541006853
2025-09-04T23:15:00Z,2025-09-04T23:30:00Z,2025-09-05,2025-09-05_2,0.0,0,0,100,64.34782608695467,64.34782608695467,0.0,0.0,0.0,True,True,True,False,0.0,1100.5081541006853,0.0,0.0,0.0,0.0,1100.5081541006853
2025-09-04T23:30:00Z,2025-09-04T23:45:00Z,2025-09-05,2025-09-05_2,0.0,0,0,100,64.34782608695467,64.34782608695467,0.0,0.0,0.0,True,True,True,False,0.0,1100.5081541006853,0.0,0.0,0.0,0.0,1100.5081541006853
2025-09-04T23:45:00Z,2025-09-05T00:00:00Z,2025-09-05,2025-09-05_2,0.0,0,0,100,64.34782608695467,64.34782608695467,0.0,0.0,0.0,True,True,True,False,0.0,1100.5081541006853,0.0,0.0,0.0,0.0,1100.5081541006853
2025-09-05T00:00:00Z,2025-09-05T00:15:00Z,2025-09-05,2025-09-05_3,0.0,0,0,100,64.34782608695467,64.34782608695467,0.0,0.0,0.0,True,True,True,False,0.0,1100.5081541006853,0.0,0.0,0.0,0.0,1100.5081541006853
2025-09-05T00:15:00Z,2025-09-05T00:30:00Z,2025-09-05,2025-09-05_3,0.0,0,0,100,64.34782608695467,64.34782608695467,0.0,0.0,0.0,True,True,True,False,0.0,1100.5081541006853,0.0,0.0,0.0,0.0,1100.5081541006853
2025-09-05T00:30:00Z,2025-09-05T00:45:00Z,2025-09-05,2025-09-05_3,0.0,0,0,100,64.34782608695467,64.34782608695467,0.0,0.0,0.0,True,True,True,False,0.0,1100.5081541006853,0.0,0.0,0.0,0.0,1100.5081541006853
2025-09-05T00:45:00Z,2025-09-05T01:00:00Z,2025-09-05,2025-09-05_3,0.0,0,0,100,64.34782608695467,64.34782608695467,0.0,0.0,0.0,True,True,True,False,0.0,1100.5081541006853,0.0,0.0,0.0,0.0,1100.5081541006853
2025-09-05T01:00:00Z,2025-09-05T01:15:00Z,2025-09-05,2025-09-05_4,0.0,0,0,100,64.34782608695467,64.34782608695467,0.0,0.0,0.0,True,True,True,False,0.0,1100.5081541006853,0.0,0.0,0.0,0.0,1100.5081541006853
2025-09-05T01:15:00Z,2025-09-05T01:30:00Z,2025-09-05,2025-09-05_4,0.0,0,0,100,64.34782608695467,64.34782608695467,0.0,0.0,0.0,True,True,True,False,0.0,1100.5081541006853,0.0,0.0,0.0,0.0,1100.5081541006853
2025-09-05T01:30:00Z,2025-09-05T01:45:00Z,2025-09-05,2025-09-05_4,0.0,0,0,100,64.34782608695467,64.34782608695467,0.0,0.0,0.0,True,True,True,False,0.0,1100.5081541006853,0.0,0.0,0.0,0.0,1100.5081541006853
2025-09-05T01:45:00Z,2025-09-05T02:00:00Z,2025-09-05,2025-09-05_4,0.0,0,0,100,64.34782608695467,64.34782608695467,0.0,0.0,0.0,True,True,True,False,0.0,1100.5081541006853,0.0,0.0,0.0,0.0,1100.5081541006853
2025-09-05T02:00:00Z,2025-09-05T02:15:00Z,2025-09-05,2025-09-05_5,0.0,0,0,100,64.34782608695467,64.34782608695467,0.0,0.0,0.0,True,True,True,False,0.0,1100.5081541006853,0.0,0.0,0.0,0.0,1100.5081541006853
2025-09-05T02:15:00Z,2025-09-05T02:30:00Z,2025-09-05,2025-09-05_5,0.0,0,0,100,64.34782608695467,64.34782608695467,0.0,0.0,0.0,True,True,True,False,0.0,1100.5081541006853,0.0,0.0,0.0,0.0,1100.5081541006853
2025-09-05T02:30:00Z,2025-09-05T02:45:00Z,2025-09-05,2025-09-05_5,0.0,0,0,100,64.34782608695467,64.34782608695467,0.0,0.0,0.0,True,True,True,False,0.0,1100.5081541006853,0.0,0.0,0.0,0.0,1100.5081541006853
2025-09-05T02:45:00Z,2025-09-05T03:00:00Z,2025-09-05,2025-09-05_5,0.0,0,0,100,64.34782608695467,64.34782608695467,0.0,0.0,0.0,True,True,True,False,0.0,1100.5081541006853,0.0,0.0,0.0,0.0,1100.5081541006853
2025-09-05T03:00:00Z,2025-09-05T03:15:00Z,2025-09-05,2025-09-05_6,0.0,0,0,100,64.34782608695467,64.34782608695467,0.0,0.0,0.0,True,True,True,False,0.0,1100.5081541006853,0.0,0.0,0.0,0.0,1100.5081541006853
2025-09-05T03:15:00Z,2025-09-05T03:30:00Z,2025-09-05,2025-09-05_6,0.0,0,0,100,64.34782608695467,64.34782608695467,0.0,0.0,0.0,True,True,True,False,0.0,1100.5081541006853,0.0,0.0,0.0,0.0,1100.5081541006853
2025-09-05T03:30:00Z,2025-09-05T03:45:00Z,2025-09-05,2025-09-05_6,0.0,0,0,100,64.34782608695467,64.34782608695467,0.0,0.0,0.0,True,True,True,False,0.0,1100.5081541006853,0.0,0.0,0.0,0.0,1100.5081541006853
2025-09-05T03:45:00Z,2025-09-05T04:00:00Z,2025-09-05,2025-09-05_6,0.0,0,0,100,64.34782608695467,64.34782608695467,0.0,0.0,0.0,True,True,True,False,0.0,1100.5081541006853,0.0,0.0,0.0,0.0,1100.5081541006853
2025-09-05T04:00:00Z,2025-09-05T04:15:00Z,2025-09-05,2025-09-05_7,0.0,0,0,100,64.34782608695467,64.34782608695467,0.0,0.0,0.0,True,True,True,False,0.0,1100.5081541006853,0.0,0.0,0.0,0.0,1100.5081541006853
2025-09-05T04:15:00Z,2025-09-05T04:30:00Z,2025-09-05,2025-09-05_7,0.0,0,0,100,64.34782608695467,64.34782608695467,0.0,0.0,0.0,True,True,True,False,0.0,1100.5081541006853,0.0,0.0,0.0,0.0,1100.5081541006853
2025-09-05T04:30:00Z,2025-09-05T04:45:00Z,2025-09-05,2025-09-05_7,0.0,0,0,100,64.34782608695467,64.34782608695467,0.0,0.0,0.0,True,True,True,False,0.0,1100.5081541006853,0.0,0.0,0.0,0.0,1100.5081541006853
2025-09-05T04:45:00Z,2025-09-05T05:00:00Z,2025-09-05,2025-09-05_7,0.0,0,0,100,64.34782608695467,64.34782608695467,0.0,0.0,0.0,True,True,True,False,0.0,1100.5081541006853,0.0,0.0,0.0,0.0,1100.5081541006853
2025-09-05T05:00:00Z,2025-09-05T05:15:00Z,2025-09-05,2025-09-05_8,0.0,0,0,100,64.34782608695467,64.34782608695467,0.0,0.0,0.0,True,True,True,False,0.0,1100.5081541006853,0.0,0.0,0.0,0.0,1100.5081541006853
2025-09-05T05:15:00Z,2025-09-05T05:30:00Z,2025-09-05,2025-09-05_8,0.0,0,0,100,64.34782608695467,64.34782608695467,0.0,0.0,0.0,True,True,True,False,0.0,1100.5081541006853,0.0,0.0,0.0,0.0,1100.5081541006853
2025-09-05T05:30:00Z,2025-09-05T05:45:00Z,2025-09-05,2025-09-05_8,0.0,0,0,100,64.34782608695467,64.34782608695467,0.0,0.0,0.0,True,True,True,False,0.0,1100.5081541006853,0.0,0.0,0.0,0.0,1100.5081541006853
2025-09-05T05:45:00Z,2025-09-05T06:00:00Z,2025-09-05,2025-09-05_8,0.0,0,0,100,64.34782608695467,64.34782608695467,0.0,0.0,0.0,True,True,True,False,0.0,1100.5081541006853,0.0,0.0,0.0,0.0,1100.5081541006853
2025-09-05T06:00:00Z,2025-09-05T06:15:00Z,2025-09-05,2025-09-05_9,0.0,0,0,100,64.34782608695467,64.34782608695467,0.0,0.0,0.0,True,True,True,False,0.0,1100.5081541006853,0.0,0.0,0.0,0.0,1100.5081541006853
2025-09-05T06:15:00Z,2025-09-05T06:30:00Z,2025-09-05,2025-09-05_9,0.0,0,0,100,64.34782608695467,64.34782608695467,0.0,0.0,0.0,True,True,True,False,0.0,1100.5081541006853,0.0,0.0,0.0,0.0,1100.5081541006853
2025-09-05T06:30:00Z,2025-09-05T06:45:00Z,2025-09-05,2025-09-05_9,0.0,0,0,100,64.34782608695467,64.34782608695467,0.0,0.0,0.0,True,True,True,False,0.0,1100.5081541006853,0.0,0.0,0.0,0.0,1100.5081541006853
2025-09-05T06:45:00Z,2025-09-05T07:00:00Z,2025-09-05,2025-09-05_9,0.0,0,0,100,64.34782608695467,64.34782608695467,0.0,0.0,0.0,True,True,True,False,0.0,1100.5081541006853,0.0,0.0,0.0,0.0,1100.5081541006853
2025-09-05T07:00:00Z,2025-09-05T07:15:00Z,2025-09-05,2025-09-05_10,75.19461660606314,24,100,0,64.34782608695467,44.7445030973298,0.055519920595599986,0.04536,0.8409999999999999,True,True,True,False,1912.0111137506703,0.0,11.444103048924601,363.38926967619943,6.2445046088395175,-41.70049436697391,2251.38849671766
2025-09-05T07:15:00Z,2025-09-05T07:30:00Z,2025-09-05,2025-09-05_10,75.19461660606314,24,100,0,44.7445030973298,35.45300506235701,0.03932035469084048,0.0,10.6565,True,True,True,False,1912.0111137506703,0.0,11.444103048924601,363.38926967619943,0.0,-104.41783236823446,2182.42665410756
2025-09-05T07:30:00Z,2025-09-05T07:45:00Z,2025-09-05,2025-09-05_10,75.19461660606314,24,100,0,35.45300506235701,34.31987372241383,0.026551107987594795,0.0,18.4595,True,True,True,False,1912.0111137506703,0.0,11.444103048924601,363.38926967619943,0.0,3068.2501626880953,5355.09464916389
2025-09-05T07:45:00Z,2025-09-05T08:00:00Z,2025-09-05,2025-09-05_10,75.19461660606314,24,100,0,34.31987372241383,36.508430321738764,0.021352095200690833,0.0,21.6365,True,True,True,False,1912.0111137506703,0.0,11.444103048924601,363.38926967619943,0.0,6205.987595820531,8492.832082296325
2025-09-05T08:00:00Z,2025-09-05T08:15:00Z,2025-09-05,2025-09-05_11,0.0,100,100,0,36.508430321738764,56.655970321738764,0.055965388888888884,0.0,21.8995,True,True,True,False,0.0,0.0,47.683762703852516,476.15811864807364,0.0,389.86216950287553,913.7040508548017
2025-09-05T08:15:00Z,2025-09-05T08:30:00Z,2025-09-05,2025-09-05_11,0.0,100,100,0,56.655970321738764,76.28509032173876,0.054525333333333335,0.0,21.336,True,True,True,False,0.0,0.0,47.683762703852516,476.15811864807364,0.0,781.2400047270148,1305.081886078941
2025-09-05T08:30:00Z,2025-09-05T08:45:00Z,2025-09-05,2025-09-05_11,0.0,100,100,0,76.28509032173876,84.13729032173876,0.02181166666666667,0.0,8.535,True,True,True,False,0.0,0.0,47.683762703852516,476.15811864807364,0.0,457.80057610493975,981.6424574568659
2025-09-05T08:45:00Z,2025-09-05T09:00:00Z,2025-09-05,2025-09-05_11,0.0,100,100,0,84.13729032173876,90.95955032173876,0.018950722222222223,0.0,7.4155,True,True,True,False,0.0,0.0,47.683762703852516,476.15811864807364,0.0,-68.19449903490113,455.647382317025
2025-09-05T09:00:00Z,2025-09-05T09:15:00Z,2025-09-05,2025-09-05_12,0.0,9,9,91,90.95955032173876,91.61462252173877,0.0018196450000000004,0.0,0.7120350000000001,True,True,True,False,0.0,1001.4624202316236,4.291538643346725,49.1904987000709,0.0,-5.37321929212952,1049.5712382829117
2025-09-05T09:15:00Z,2025-09-05T09:30:00Z,2025-09-05,2025-09-05_12,0.0,9,9,91,91.61462252173877,92.50418432173876,0.002471005,0.0,0.9669149999999999,True,True,True,False,0.0,1001.4624202316236,4.291538643346725,49.1904987000709,0.0,-11.372087432049158,1043.572370142992
2025-09-05T09:30:00Z,2025-09-05T09:45:00Z,2025-09-05,2025-09-05_12,0.0,9,9,91,92.50418432173876,92.64515875652137,0.000461704347826087,0.01161,0.16695000000000002,True,True,True,False,0.0,1001.4624202316236,4.291538643346725,49.1904987000709,1.599356848262822,-6.38643266958166,1050.1573817537223
2025-09-05T09:45:00Z,2025-09-05T10:00:00Z,2025-09-05,2025-09-05_12,0.0,9,9,91,92.64515875652137,92.04284353913006,0.0016730978260869566,0.55413,0.0,True,True,True,False,0.0,1001.4624202316236,4.291538643346725,49.1904987000709,76.44662751122667,0.0,1131.3910850862678
2025-09-05T10:00:00Z,2025-09-05T10:15:00Z,2025-09-05,2025-09-05_13,0.0,9,9,91,92.04284353913006,92.22587199999963,0.0007779776086956523,0.04464,0.251685,True,True,True,False,0.0,1001.4624202316236,4.291538643346725,49.1904987000709,5.922827322146065,-2.5062416745450244,1058.3610432226421
2025-09-05T10:15:00Z,2025-09-05T10:30:00Z,2025-09-05,2025-09-05_13,0.0,9,9,91,92.22587199999963,92.31565020869527,0.00025753608695652173,0.0013499999999999999,0.09918,True,True,True,False,0.0,1001.4624202316236,4.291538643346725,49.1904987000709,0.17655400614511932,-3.888788962420232,1051.2322226187662
2025-09-05T10:30:00Z,2025-09-05T10:45:00Z,2025-09-05,2025-09-05_13,0.0,9,9,91,92.31565020869527,92.29214228695614,0.00014556978260869564,0.03492,0.015704999999999997,True,True,True,False,0.0,1001.4624202316236,4.291538643346725,49.1904987000709,4.578418340817772,-0.8807321437012524,1058.6421437721576
2025-09-05T10:45:00Z,2025-09-05T11:00:00Z,2025-09-05,2025-09-05_13,0.0,9,9,91,92.29214228695614,92.1140837826083,0.0004950669565217393,0.16389,9e-05,True,True,True,False,0.0,1001.4624202316236,4.291538643346725,49.1904987000709,21.49017793074923,-0.006913259276766721,1076.4277222465137
2025-09-05T11:00:00Z,2025-09-05T11:15:00Z,2025-09-05,2025-09-05_14,0.0,9,9,91,92.1140837826083,92.15242886956482,0.0002005358695652174,0.015569999999999997,0.060074999999999996,True,True,True,False,0.0,1001.4624202316236,4.291538643346725,49.1904987000709,1.9345261935712592,-2.4255760458520443,1054.4534077227604
2025-09-05T11:15:00Z,2025-09-05T11:30:00Z,2025-09-05,2025-09-05_14,0.0,9,9,91,92.15242886956482,91.67826582608656,0.0013171195652173914,0.43623000000000006,0.0,True,True,True,False,0.0,1001.4624202316236,4.291538643346725,49.1904987000709,57.36812855707871,0.0,1112.3125861321198
2025-09-05T11:30:00Z,2025-09-05T11:45:00Z,2025-09-05,2025-09-05_14,0.0,9,9,91,91.67826582608656,91.69357967826048,0.00032270152173913047,0.046395,0.07146000000000001,True,True,True,False,0.0,1001.4624202316236,4.291538643346725,49.1904987000709,5.7631249084140865,-2.781439612384779,1057.9261428710706
2025-09-05T11:45:00Z,2025-09-05T12:00:00Z,2025-09-05,2025-09-05_14,0.0,9,9,91,91.69357967826048,91.71316579130395,0.00012913413043478262,0.012375,0.035910000000000004,True,True,True,False,0.0,1001.4624202316236,4.291538643346725,49.1904987000709,1.535541243204916,-1.4741192212242968,1055.005879597022
2025-09-05T12:00:00Z,2025-09-05T12:15:00Z,2025-09-05,2025-09-05_15,0.0,9,9,91,91.71316579130395,91.85084184347787,0.00042509652173913044,0.007065,0.157995,True,True,True,False,0.0,1001.4624202316236,4.254313401087212,49.1904987000709,0.8321259749468211,-6.077386652091704,1049.6619716556368
2025-09-05T12:15:00Z,2025-09-05T12:30:00Z,2025-09-05,2025-09-05_15,0.0,9,9,91,91.85084184347787,91.85609385217352,4.7741086956521745e-05,0.00549,0.012195000000000001,True,True,True,False,0.0,1001.4624202316236,4.254313401087212,49.1904987000709,0.6466201843535807,-0.7541651057669582,1054.7996874113683
2025-09-05T12:30:00Z,2025-09-05T12:45:00Z,2025-09-05,2025-09-05_15,0.0,9,9,91,91.85609385217352,91.71732465217352,0.00040202999999999994,0.13041,0.00324,True,True,True,False,0.0,1001.4624202316236,4.254313401087212,49.1904987000709,15.953623564169225,-0.2104111084849917,1070.6504447884658
2025-09-05T12:45:00Z,2025-09-05T13:00:00Z,2025-09-05,2025-09-05_15,0.0,9,9,91,91.71732465217352,91.715609565217,0.0002324641304347826,0.039285,0.04454999999999999,True,True,True,False,0.0,1001.4624202316236,4.254313401087212,49.1904987000709,4.760447231741905,-0.9292744623020561,1058.7384051022216
2025-09-05T13:00:00Z,2025-09-05T13:15:00Z,2025-09-05,2025-09-05_16,0.0,100,100,0,91.715609565217,107.610449565217,0.04415233333333334,0.0,17.277,True,True,True,False,0.0,0.0,47.683762703852516,570.196171117939,0.0,-0.06465433703616166,617.8152794847554
2025-09-05T13:15:00Z,2025-09-05T13:30:00Z,2025-09-05,2025-09-05_16,0.0,100,100,0,107.610449565217,119.259949565217,0.03235972222222221,0.0,12.662499999999998,True,True,True,False,0.0,0.0,47.683762703852516,570.196171117939,0.0,-28.518807118096586,589.3611267036949
2025-09-05T13:30:00Z,2025-09-05T13:45:00Z,2025-09-05,2025-09-05_16,0.0,100,100,0,119.259949565217,137.269409565217,0.05002627777777778,0.0,19.5755,True,True,True,False,0.0,0.0,47.683762703852516,570.196171117939,0.0,1944.2174389427244,2562.097372764516
2025-09-05T13:45:00Z,2025-09-05T14:00:00Z,2025-09-05,2025-09-05_16,0.0,100,100,0,137.269409565217,144.07004956521698,0.018890666666666667,0.0,7.392,True,True,True,False,0.0,0.0,47.683762703852516,570.196171117939,0.0,-80.61723469628929,537.2626991255022
2025-09-05T14:00:00Z,2025-09-05T14:15:00Z,2025-09-05,2025-09-05_17,0.0,0,0,91,144.07004956521698,144.07004956521698,0.0,0.0,0.0,True,False,True,False,0.0,1001.4624202316236,0.0,0.0,0.0,0.0,1001.4624202316236
2025-09-05T14:15:00Z,2025-09-05T14:30:00Z,2025-09-05,2025-09-05_17,0.0,0,0,91,144.07004956521698,144.07004956521698,0.0,0.0,0.0,True,False,True,False,0.0,1001.4624202316236,0.0,0.0,0.0,0.0,1001.4624202316236
2025-09-05T14:30:00Z,2025-09-05T14:45:00Z,2025-09-05,2025-09-05_17,0.0,0,0,91,144.07004956521698,144.07004956521698,0.0,0.0,0.0,True,False,True,False,0.0,1001.4624202316236,0.0,0.0,0.0,0.0,1001.4624202316236
2025-09-05T14:45:00Z,2025-09-05T15:00:00Z,2025-09-05,2025-09-05_17,0.0,0,0,91,144.07004956521698,144.07004956521698,0.0,0.0,0.0,True,False,True,False,0.0,1001.4624202316236,0.0,0.0,0.0,0.0,1001.4624202316236
2025-09-05T15:00:00Z,2025-09-05T15:15:00Z,2025-09-05,2025-09-05_18,0.0,100,100,0,144.07004956521698,160.296549565217,0.04507361111111111,0.0,17.6375,True,True,True,False,0.0,0.0,59.56038761522098,94.30394705743323,0.0,10700.88579581265,10854.750130485305
2025-09-05T15:15:00Z,2025-09-05T15:30:00Z,2025-09-05,2025-09-05_18,0.0,100,100,0,160.296549565217,161.3650547826083,0.0031371521739130435,0.028000000000000004,1.1945,True,True,True,False,0.0,0.0,59.56038761522098,94.30394705743323,2.823603561017884,-62.9914535570787,93.6964846765934
2025-09-05T15:30:00Z,2025-09-05T15:45:00Z,2025-09-05,2025-09-05_18,0.0,100,100,0,161.3650547826083,161.69565217391263,0.00458378502415459,0.607,1.0765,True,True,True,False,0.0,0.0,59.56038761522098,94.30394705743323,82.43266111242417,-57.58592275269834,178.71107303238006
2025-09-05T15:45:00Z,2025-09-05T16:00:00Z,2025-09-05,2025-09-05_18,0.0,100,100,0,161.69565217391263,143.9999999999996,0.049154589371980674,16.28,0.0,True,True,True,False,0.0,0.0,59.56038761522098,94.30394705743323,15374.621397620735,0.0,15528.48573229339
2025-09-05T16:00:00Z,2025-09-05T16:15:00Z,2025-09-05,2025-09-05_19,0.0,0,0,100,143.9999999999996,143.9999999999996,0.0,0.0,0.0,True,True,True,False,0.0,1100.5081541006853,0.0,0.0,0.0,0.0,1100.5081541006853
2025-09-05T16:15:00Z,2025-09-05T16:30:00Z,2025-09-05,2025-09-05_19,0.0,0,0,100,143.9999999999996,143.9999999999996,0.0,0.0,0.0,True,True,True,False,0.0,1100.5081541006853,0.0,0.0,0.0,0.0,1100.5081541006853
2025-09-05T16:30:00Z,2025-09-05T16:45:00Z,2025-09-05,2025-09-05_19,0.0,0,0,100,143.9999999999996,143.9999999999996,0.0,0.0,0.0,True,True,True,False,0.0,1100.5081541006853,0.0,0.0,0.0,0.0,1100.5081541006853
2025-09-05T16:45:00Z,2025-09-05T17:00:00Z,2025-09-05,2025-09-05_19,0.0,0,0,100,143.9999999999996,143.9999999999996,0.0,0.0,0.0,True,True,True,False,0.0,1100.5081541006853,0.0,0.0,0.0,0.0,1100.5081541006853
2025-09-05T17:00:00Z,2025-09-05T17:15:00Z,2025-09-05,2025-09-05_20,82.65128855645821,0,83,17,143.9999999999996,130.1104907799855,0.03875138686095364,0.0,7.889565,True,True,True,False,3983.5854801998944,187.08638619711647,0.0,78.22323327818481,0.0,-279.9651889535571,3968.9299107216384
2025-09-05T17:15:00Z,2025-09-05T17:30:00Z,2025-09-05,2025-09-05_20,82.65128855645821,0,83,17,130.1104907799855,108.36180656683611,0.060427065161824646,0.0,0.654455,True,True,True,False,3983.5854801998944,187.08638619711647,0.0,78.22323327818481,0.0,-44.679198915740955,4204.215900759455
2025-09-05T17:30:00Z,2025-09-05T17:45:00Z,2025-09-05,2025-09-05_20,82.65128855645821,0,83,17,108.36180656683611,86.7244689306802,0.060119970258743584,0.0,0.75696,True,True,True,False,3983.5854801998944,187.08638619711647,0.0,78.22323327818481,0.0,-54.0676555896951,4194.8274440855
2025-09-05T17:45:00Z,2025-09-05T18:00:00Z,2025-09-05,2025-09-05_20,82.65128855645821,0,83,17,86.7244689306802,64.34782608695622,0.062158980951265576,0.0,0.07636,True,True,True,False,3983.5854801998944,187.08638619711647,0.0,78.22323327818481,0.0,-5.865516426376742,4243.029583248819
2025-09-05T18:00:00Z,2025-09-05T18:15:00Z,2025-09-05,2025-09-05_21,0.0,0,0,100,64.34782608695622,64.34782608695622,0.0,0.0,0.0,True,True,True,False,0.0,1100.5081541006853,0.0,0.0,0.0,0.0,1100.5081541006853
2025-09-05T18:15:00Z,2025-09-05T18:30:00Z,2025-09-05,2025-09-05_21,0.0,0,0,100,64.34782608695622,64.34782608695622,0.0,0.0,0.0,True,True,True,False,0.0,1100.5081541006853,0.0,0.0,0.0,0.0,1100.5081541006853
2025-09-05T18:30:00Z,2025-09-05T18:45:00Z,2025-09-05,2025-09-05_21,0.0,0,0,100,64.34782608695622,64.34782608695622,0.0,0.0,0.0,True,True,True,False,0.0,1100.5081541006853,0.0,0.0,0.0,0.0,1100.5081541006853
2025-09-05T18:45:00Z,2025-09-05T19:00:00Z,2025-09-05,2025-09-05_21,0.0,0,0,100,64.34782608695622,64.34782608695622,0.0,0.0,0.0,True,True,True,False,0.0,1100.5081541006853,0.0,0.0,0.0,0.0,1100.5081541006853
2025-09-05T19:00:00Z,2025-09-05T19:15:00Z,2025-09-05,2025-09-05_22,0.0,0,0,100,64.34782608695622,64.34782608695622,0.0,0.0,0.0,True,True,True,False,0.0,1100.5081541006853,0.0,0.0,0.0,0.0,1100.5081541006853
2025-09-05T19:15:00Z,2025-09-05T19:30:00Z,2025-09-05,2025-09-05_22,0.0,0,0,100,64.34782608695622,64.34782608695622,0.0,0.0,0.0,True,True,True,False,0.0,1100.5081541006853,0.0,0.0,0.0,0.0,1100.5081541006853
2025-09-05T19:30:00Z,2025-09-05T19:45:00Z,2025-09-05,2025-09-05_22,0.0,0,0,100,64.34782608695622,64.34782608695622,0.0,0.0,0.0,True,True,True,False,0.0,1100.5081541006853,0.0,0.0,0.0,0.0,1100.5081541006853
2025-09-05T19:45:00Z,2025-09-05T20:00:00Z,2025-09-05,2025-09-05_22,0.0,0,0,100,64.34782608695622,64.34782608695622,0.0,0.0,0.0,True,True,True,False,0.0,1100.5081541006853,0.0,0.0,0.0,0.0,1100.5081541006853
2025-09-05T20:00:00Z,2025-09-05T20:15:00Z,2025-09-05,2025-09-05_23,0.0,0,0,100,64.34782608695622,64.34782608695622,0.0,0.0,0.0,True,True,True,False,0.0,1100.5081541006853,0.0,0.0,0.0,0.0,1100.5081541006853
2025-09-05T20:15:00Z,2025-09-05T20:30:00Z,2025-09-05,2025-09-05_23,0.0,0,0,100,64.34782608695622,64.34782608695622,0.0,0.0,0.0,True,True,True,False,0.0,1100.5081541006853,0.0,0.0,0.0,0.0,1100.5081541006853
2025-09-05T20:30:00Z,2025-09-05T20:45:00Z,2025-09-05,2025-09-05_23,0.0,0,0,100,64.34782608695622,64.34782608695622,0.0,0.0,0.0,True,True,True,False,0.0,1100.5081541006853,0.0,0.0,0.0,0.0,1100.5081541006853
2025-09-05T20:45:00Z,2025-09-05T21:00:00Z,2025-09-05,2025-09-05_23,0.0,0,0,100,64.34782608695622,64.34782608695622,0.0,0.0,0.0,True,True,True,False,0.0,1100.5081541006853,0.0,0.0,0.0,0.0,1100.5081541006853
2025-09-05T21:00:00Z,2025-09-05T21:15:00Z,2025-09-06,2025-09-05_24,-3.5527136788005014e-13,0,0,100,64.34782608695622,64.34782608695629,2.269789294789209e-16,0.0,0.0,True,True,True,False,-9.9209529480504e-12,1100.1831177269771,0.0,0.0,0.0,0.0,1100.183117726967
2025-09-05T21:15:00Z,2025-09-05T21:30:00Z,2025-09-06,2025-09-05_24,-3.5527136788005014e-13,0,0,100,64.34782608695629,64.34782608695637,2.269789294789209e-16,0.0,0.0,True,True,True,False,-9.9209529480504e-12,1100.1831177269771,0.0,0.0,0.0,0.0,1100.183117726967
2025-09-05T21:30:00Z,2025-09-05T21:45:00Z,2025-09-06,2025-09-05_24,-3.5527136788005014e-13,0,0,100,64.34782608695637,64.34782608695646,2.269789294789209e-16,0.0,0.0,True,True,True,False,-9.9209529480504e-12,1100.1831177269771,0.0,0.0,0.0,0.0,1100.183117726967
2025-09-05T21:45:00Z,2025-09-05T22:00:00Z,2025-09-06,2025-09-05_24,-3.5527136788005014e-13,0,0,100,64.34782608695646,64.34782608695654,2.269789294789209e-16,0.0,0.0,True,True,True,False,-9.9209529480504e-12,1100.1831177269771,0.0,0.0,0.0,0.0,1100.183117726967
2025-09-05T22:00:00Z,2025-09-05T22:15:00Z,2025-09-06,2025-09-06_1,7.937095561749889e-15,0,0,100,64.34782608695654,64.34782608695654,5.991165128132464e-18,0.0,0.0,True,True,True,False,2.0372540033121528e-13,1100.1831177269771,0.0,0.0,0.0,0.0,1100.1831177269773
2025-09-05T22:15:00Z,2025-09-05T22:30:00Z,2025-09-06,2025-09-06_1,7.937095561749889e-15,0,0,100,64.34782608695654,64.34782608695654,5.991165128132464e-18,0.0,0.0,True,True,True,False,2.0372540033121528e-13,1100.1831177269771,0.0,0.0,0.0,0.0,1100.1831177269773
2025-09-05T22:30:00Z,2025-09-05T22:45:00Z,2025-09-06,2025-09-06_1,7.937095561749889e-15,0,0,100,64.34782608695654,64.34782608695654,5.991165128132464e-18,0.0,0.0,True,True,True,False,2.0372540033121528e-13,1100.1831177269771,0.0,0.0,0.0,0.0,1100.1831177269773
2025-09-05T22:45:00Z,2025-09-05T23:00:00Z,2025-09-06,2025-09-06_1,7.937095561749889e-15,0,0,100,64.34782608695654,64.34782608695654,5.991165128132464e-18,0.0,0.0,True,True,True,False,2.0372540033121528e-13,1100.1831177269771,0.0,0.0,0.0,0.0,1100.1831177269773
2025-09-05T23:00:00Z,2025-09-05T23:15:00Z,2025-09-06,2025-09-06_2,0.0,0,0,100,64.34782608695654,64.34782608695654,0.0,0.0,0.0,True,True,True,False,0.0,1100.1831177269771,0.0,0.0,0.0,0.0,1100.1831177269771
2025-09-05T23:15:00Z,2025-09-05T23:30:00Z,2025-09-06,2025-09-06_2,0.0,0,0,100,64.34782608695654,64.34782608695654,0.0,0.0,0.0,True,True,True,False,0.0,1100.1831177269771,0.0,0.0,0.0,0.0,1100.1831177269771
2025-09-05T23:30:00Z,2025-09-05T23:45:00Z,2025-09-06,2025-09-06_2,0.0,0,0,100,64.34782608695654,64.34782608695654,0.0,0.0,0.0,True,True,True,False,0.0,1100.1831177269771,0.0,0.0,0.0,0.0,1100.1831177269771
2025-09-05T23:45:00Z,2025-09-06T00:00:00Z,2025-09-06,2025-09-06_2,0.0,0,0,100,64.34782608695654,64.34782608695654,0.0,0.0,0.0,True,True,True,False,0.0,1100.1831177269771,0.0,0.0,0.0,0.0,1100.1831177269771
2025-09-06T00:00:00Z,2025-09-06T00:15:00Z,2025-09-06,2025-09-06_3,0.0,0,0,100,64.34782608695654,64.34782608695654,0.0,0.0,0.0,True,True,True,False,0.0,1100.1831177269771,0.0,0.0,0.0,0.0,1100.1831177269771
2025-09-06T00:15:00Z,2025-09-06T00:30:00Z,2025-09-06,2025-09-06_3,0.0,0,0,100,64.34782608695654,64.34782608695654,0.0,0.0,0.0,True,True,True,False,0.0,1100.1831177269771,0.0,0.0,0.0,0.0,1100.1831177269771
2025-09-06T00:30:00Z,2025-09-06T00:45:00Z,2025-09-06,2025-09-06_3,0.0,0,0,100,64.34782608695654,64.34782608695654,0.0,0.0,0.0,True,True,True,False,0.0,1100.1831177269771,0.0,0.0,0.0,0.0,1100.1831177269771
2025-09-06T00:45:00Z,2025-09-06T01:00:00Z,2025-09-06,2025-09-06_3,0.0,0,0,100,64.34782608695654,64.34782608695654,0.0,0.0,0.0,True,True,True,False,0.0,1100.1831177269771,0.0,0.0,0.0,0.0,1100.1831177269771
2025-09-06T01:00:00Z,2025-09-06T01:15:00Z,2025-09-06,2025-09-06_4,0.0,0,0,100,64.34782608695654,64.34782608695654,0.0,0.0,0.0,True,True,True,False,0.0,1100.1831177269771,0.0,0.0,0.0,0.0,1100.1831177269771
2025-09-06T01:15:00Z,2025-09-06T01:30:00Z,2025-09-06,2025-09-06_4,0.0,0,0,100,64.34782608695654,64.34782608695654,0.0,0.0,0.0,True,True,True,False,0.0,1100.1831177269771,0.0,0.0,0.0,0.0,1100.1831177269771
2025-09-06T01:30:00Z,2025-09-06T01:45:00Z,2025-09-06,2025-09-06_4,0.0,0,0,100,64.34782608695654,64.34782608695654,0.0,0.0,0.0,True,True,True,False,0.0,1100.1831177269771,0.0,0.0,0.0,0.0,1100.1831177269771
2025-09-06T01:45:00Z,2025-09-06T02:00:00Z,2025-09-06,2025-09-06_4,0.0,0,0,100,64.34782608695654,64.34782608695654,0.0,0.0,0.0,True,True,True,False,0.0,1100.1831177269771,0.0,0.0,0.0,0.0,1100.1831177269771
2025-09-06T02:00:00Z,2025-09-06T02:15:00Z,2025-09-06,2025-09-06_5,-3.0893162424352187e-14,0,0,100,64.34782608695654,64.34782608695654,1.9737298215558342e-17,0.0,0.0,True,True,True,False,-7.815970093361103e-13,1100.1831177269771,0.0,0.0,0.0,0.0,1100.1831177269764
2025-09-06T02:15:00Z,2025-09-06T02:30:00Z,2025-09-06,2025-09-06_5,-3.0893162424352187e-14,0,0,100,64.34782608695654,64.34782608695654,1.9737298215558345e-17,0.0,0.0,True,True,True,False,-7.815970093361103e-13,1100.1831177269771,0.0,0.0,0.0,0.0,1100.1831177269764
2025-09-06T02:30:00Z,2025-09-06T02:45:00Z,2025-09-06,2025-09-06_5,-3.0893162424352187e-14,0,0,100,64.34782608695654,64.34782608695654,1.9737298215558342e-17,0.0,0.0,True,True,True,False,-7.815970093361103e-13,1100.1831177269771,0.0,0.0,0.0,0.0,1100.1831177269764
2025-09-06T02:45:00Z,2025-09-06T03:00:00Z,2025-09-06,2025-09-06_5,-3.0893162424352187e-14,0,0,100,64.34782608695654,64.34782608695654,1.973729821555834e-17,0.0,0.0,True,True,True,False,-7.815970093361103e-13,1100.1831177269771,0.0,0.0,0.0,0.0,1100.1831177269764
2025-09-06T03:00:00Z,2025-09-06T03:15:00Z,2025-09-06,2025-09-06_6,0.0,0,0,100,64.34782608695654,64.34782608695654,0.0,0.0,0.0,True,True,True,False,0.0,1100.1831177269771,0.0,0.0,0.0,0.0,1100.1831177269771
2025-09-06T03:15:00Z,2025-09-06T03:30:00Z,2025-09-06,2025-09-06_6,0.0,0,0,100,64.34782608695654,64.34782608695654,0.0,0.0,0.0,True,True,True,False,0.0,1100.1831177269771,0.0,0.0,0.0,0.0,1100.1831177269771
2025-09-06T03:30:00Z,2025-09-06T03:45:00Z,2025-09-06,2025-09-06_6,0.0,0,0,100,64.34782608695654,64.34782608695654,0.0,0.0,0.0,True,True,True,False,0.0,1100.1831177269771,0.0,0.0,0.0,0.0,1100.1831177269771
2025-09-06T03:45:00Z,2025-09-06T04:00:00Z,2025-09-06,2025-09-06_6,0.0,0,0,100,64.34782608695654,64.34782608695654,0.0,0.0,0.0,True,True,True,False,0.0,1100.1831177269771,0.0,0.0,0.0,0.0,1100.1831177269771
2025-09-06T04:00:00Z,2025-09-06T04:15:00Z,2025-09-06,2025-09-06_7,0.0,0,0,100,64.34782608695654,64.34782608695654,0.0,0.0,0.0,True,True,True,False,0.0,1100.1831177269771,0.0,0.0,0.0,0.0,1100.1831177269771
2025-09-06T04:15:00Z,2025-09-06T04:30:00Z,2025-09-06,2025-09-06_7,0.0,0,0,100,64.34782608695654,64.34782608695654,0.0,0.0,0.0,True,True,True,False,0.0,1100.1831177269771,0.0,0.0,0.0,0.0,1100.1831177269771
2025-09-06T04:30:00Z,2025-09-06T04:45:00Z,2025-09-06,2025-09-06_7,0.0,0,0,100,64.34782608695654,64.34782608695654,0.0,0.0,0.0,True,True,True,False,0.0,1100.1831177269771,0.0,0.0,0.0,0.0,1100.1831177269771
2025-09-06T04:45:00Z,2025-09-06T05:00:00Z,2025-09-06,2025-09-06_7,0.0,0,0,100,64.34782608695654,64.34782608695654,0.0,0.0,0.0,True,True,True,False,0.0,1100.1831177269771,0.0,0.0,0.0,0.0,1100.1831177269771
2025-09-06T05:00:00Z,2025-09-06T05:15:00Z,2025-09-06,2025-09-06_8,0.0,13,13,87,64.34782608695654,64.65927273913046,0.0013341815217391305,0.07767500000000001,0.43029999999999996,True,True,True,False,0.0,809.4098883572566,14.813042707779548,14.548112706007442,10.69411940063402,106.85982440388285,956.3249875755605
2025-09-06T05:15:00Z,2025-09-06T05:30:00Z,2025-09-06,2025-09-06_8,0.0,13,13,87,64.65927273913046,64.59066416521742,0.00019290492753623188,0.06350499999999999,0.00045500000000000006,True,True,True,False,0.0,809.4098883572566,14.813042707779548,14.548112706007442,8.740837353062789,-0.03494004371197354,847.4769410803943
2025-09-06T05:30:00Z,2025-09-06T05:45:00Z,2025-09-06,2025-09-06_8,0.0,13,13,87,64.59066416521742,64.66840235652177,0.0003890372463768116,0.028665,0.118365,True,True,True,False,0.0,809.4098883572566,14.813042707779548,14.548112706007442,3.9450144869750132,-4.751963089963967,837.9640951680547
2025-09-06T05:45:00Z,2025-09-06T06:00:00Z,2025-09-06,2025-09-06_8,0.0,13,13,87,64.66840235652177,65.34767055652176,0.001886856111111111,0.0,0.738335,True,True,True,False,0.0,809.4098883572566,14.813042707779548,14.548112706007442,0.0,40.98313869887963,879.7541824699232
2025-09-06T06:00:00Z,2025-09-06T06:15:00Z,2025-09-06,2025-09-06_9,92.95477902438142,7,100,0,65.34767055652176,40.85995984365047,0.0683519804150407,0.198065,0.918,True,True,True,False,2300.8631678010015,0.0,7.124460984110107,914.7911867210112,34.25580330497962,-26.862530568846356,3230.172088242256
2025-09-06T06:15:00Z,2025-09-06T06:30:00Z,2025-09-06,2025-09-06_9,92.95477902438142,7,100,0,40.85995984365047,23.548881153599403,0.050748288159990725,0.0,7.3925,True,True,True,False,2300.8631678010015,0.0,7.124460984110107,914.7911867210112,0.0,-22.63295380707661,3200.1458616990462
2025-09-06T06:30:00Z,2025-09-06T06:45:00Z,2025-09-06,2025-09-06_9,92.95477902438142,7,100,0,23.548881153599403,12.136854705831073,0.036337660625433824,0.0,12.879,True,True,True,False,2300.8631678010015,0.0,7.124460984110107,914.7911867210112,0.0,-0.45645933014354056,3222.322356175979
2025-09-06T06:45:00Z,2025-09-06T07:00:00Z,2025-09-06,2025-09-06_9,92.95477902438142,7,100,0,12.136854705831073,10.344589565217344,0.012837818366857188,0.0,21.826,True,True,True,False,2300.8631678010015,0.0,7.124460984110107,914.7911867210112,0.0,910.6135361411384,4133.392351647261
2025-09-06T07:00:00Z,2025-09-06T07:15:00Z,2025-09-06,2025-09-06_10,-1.4210854715202004e-14,100,100,0,10.344589565217344,14.117386956521697,0.010534340579710155,0.009,4.1115,True,True,True,False,-2.945554911093495e-13,0.0,42.82592001890247,640.0850611376927,1.1890838206627679,-64.23191623840746,619.8681487388502
2025-09-06T07:15:00Z,2025-09-06T07:30:00Z,2025-09-06,2025-09-06_10,-1.4210854715202004e-14,100,100,0,14.117386956521697,19.473626956521702,0.014878444444444455,0.0,5.822,True,True,True,False,-2.945554911093495e-13,0.0,42.82592001890247,640.0850611376927,0.0,-15.995110165987358,666.9158709906076
2025-09-06T07:30:00Z,2025-09-06T07:45:00Z,2025-09-06,2025-09-06_10,-1.4210854715202004e-14,100,100,0,19.473626956521702,31.790126956521704,0.034212500000000014,0.0,13.3875,True,True,True,False,-2.945554911093495e-13,0.0,42.82592001890247,640.0850611376927,0.0,-42.848329789119255,640.0626513674756
2025-09-06T07:45:00Z,2025-09-06T08:00:00Z,2025-09-06,2025-09-06_10,-1.4210854715202004e-14,100,100,0,31.790126956521704,45.326086956521706,0.0375998888888889,0.0,14.712999999999997,True,True,True,False,-2.945554911093495e-13,0.0,42.82592001890247,640.0850611376927,0.0,-7.242503002736919,675.668478153858
2025-09-06T08:00:00Z,2025-09-06T08:15:00Z,2025-09-06,2025-09-06_11,-35.0,0,0,65,45.326086956521706,53.3760869565217,0.022361111111111113,0.0,0.0,True,False,True,False,-104.3,715.1190265225351,0.0,0.0,0.0,0.0,610.8190265225352
2025-09-06T08:15:00Z,2025-09-06T08:30:00Z,2025-09-06,2025-09-06_11,-35.0,0,0,65,53.3760869565217,61.4260869565217,0.022361111111111113,0.0,0.0,True,False,True,False,-104.3,715.1190265225351,0.0,0.0,0.0,0.0,610.8190265225352
2025-09-06T08:30:00Z,2025-09-06T08:45:00Z,2025-09-06,2025-09-06_11,-35.0,0,0,65,61.4260869565217,69.4760869565217,0.022361111111111113,0.0,0.0,True,False,True,False,-104.3,715.1190265225351,0.0,0.0,0.0,0.0,610.8190265225352
2025-09-06T08:45:00Z,2025-09-06T09:00:00Z,2025-09-06,2025-09-06_11,-35.0,0,0,65,69.4760869565217,77.5260869565217,0.022361111111111113,0.0,0.0,True,False,True,False,-104.3,715.1190265225351,0.0,0.0,0.0,0.0,610.8190265225352
2025-09-06T09:00:00Z,2025-09-06T09:15:00Z,2025-09-06,2025-09-06_12,-28.999999999999975,0,0,71,77.5260869565217,84.1960869565217,0.01852777777777776,0.0,0.0,True,False,True,False,-0.0,781.1300135861538,0.0,0.0,0.0,0.0,781.1300135861538
2025-09-06T09:15:00Z,2025-09-06T09:30:00Z,2025-09-06,2025-09-06_12,-28.999999999999975,0,0,71,84.1960869565217,90.86608695652168,0.01852777777777776,0.0,0.0,True,False,True,False,-0.0,781.1300135861538,0.0,0.0,0.0,0.0,781.1300135861538
2025-09-06T09:30:00Z,2025-09-06T09:45:00Z,2025-09-06,2025-09-06_12,-28.999999999999975,0,0,71,90.86608695652168,97.53608695652167,0.01852777777777776,0.0,0.0,True,False,True,False,-0.0,781.1300135861538,0.0,0.0,0.0,0.0,781.1300135861538
2025-09-06T09:45:00Z,2025-09-06T10:00:00Z,2025-09-06,2025-09-06_12,-28.999999999999975,0,0,71,97.53608695652167,104.20608695652166,0.01852777777777776,0.0,0.0,True,False,True,False,-0.0,781.1300135861538,0.0,0.0,0.0,0.0,781.1300135861538
2025-09-06T10:00:00Z,2025-09-06T10:15:00Z,2025-09-06,2025-09-06_13,0.0,100,100,0,104.20608695652166,116.15090695652167,0.03318005555555556,0.0,12.983500000000001,True,True,True,False,0.0,0.0,42.82592001890247,836.1982397070116,0.0,-0.16872644574398962,878.85543328017
2025-09-06T10:15:00Z,2025-09-06T10:30:00Z,2025-09-06,2025-09-06_13,0.0,100,100,0,116.15090695652167,129.63626695652167,0.03745933333333333,0.0,14.658,True,True,True,False,0.0,0.0,42.82592001890247,836.1982397070116,0.0,-0.037520231555319264,878.9866394943588
2025-09-06T10:30:00Z,2025-09-06T10:45:00Z,2025-09-06,2025-09-06_13,0.0,100,100,0,129.63626695652167,136.70094695652168,0.019624111111111113,0.0,7.678999999999999,True,True,True,False,0.0,0.0,42.82592001890247,836.1982397070116,0.0,-0.3462482525055624,878.6779114734085
2025-09-06T10:45:00Z,2025-09-06T11:00:00Z,2025-09-06,2025-09-06_13,0.0,100,100,0,136.70094695652168,143.87280695652169,0.019921833333333333,0.0,7.7955,True,True,True,False,0.0,0.0,42.82592001890247,836.1982397070116,0.0,-0.36378079035973765,878.6603789355543
2025-09-06T11:00:00Z,2025-09-06T11:15:00Z,2025-09-06,2025-09-06_14,0.0,29,29,71,143.87280695652169,146.81947955652169,0.008185201666666666,0.0,3.2029049999999994,True,True,True,False,0.0,781.1300135861538,12.419516805481717,242.822966507177,0.0,-0.06243479532163741,1036.310062103491
2025-09-06T11:15:00Z,2025-09-06T11:30:00Z,2025-09-06,2025-09-06_14,0.0,29,29,71,146.81947955652169,148.57582395652167,0.004878734444444445,0.0,1.90907,True,True,True,False,0.0,781.1300135861538,12.419516805481717,242.822966507177,0.0,-11.514112503199637,1024.858384395613
2025-09-06T11:30:00Z,2025-09-06T11:45:00Z,2025-09-06,2025-09-06_14,0.0,29,29,71,148.57582395652167,149.49041435652168,0.0025405288888888885,0.0,0.9941199999999999,True,True,True,False,0.0,781.1300135861538,12.419516805481717,242.822966507177,0.0,-16.18618483470179,1020.1863120641108
2025-09-06T11:45:00Z,2025-09-06T12:00:00Z,2025-09-06,2025-09-06_14,0.0,29,29,71,149.49041435652168,150.71569335652168,0.0034035527777777777,0.0,1.331825,True,True,True,False,0.0,781.1300135861538,12.419516805481717,242.822966507177,0.0,-17.623925601039634,1018.748571297773
2025-09-06T12:00:00Z,2025-09-06T12:15:00Z,2025-09-06,2025-09-06_15,0.0,58,58,42,150.71569335652168,161.95357615652168,0.031216341111111115,0.0,12.21509,True,True,True,False,0.0,462.07690944533044,24.839033610963433,485.81723669442965,0.0,82.96361558272785,1055.6967953334513
2025-09-06T12:15:00Z,2025-09-06T12:30:00Z,2025-09-06,2025-09-06_15,0.0,58,58,42,161.95357615652168,167.82451015652168,0.01630815,0.0,6.38145,True,True,True,False,0.0,462.07690944533044,24.839033610963433,485.81723669442965,0.0,-0.29025438596491226,972.4429253647586
2025-09-06T12:30:00Z,2025-09-06T12:45:00Z,2025-09-06,2025-09-06_15,0.0,58,58,42,167.82451015652168,168.8564925565217,0.0028666177777777785,0.0,1.12172,True,True,True,False,0.0,462.07690944533044,24.839033610963433,485.81723669442965,0.0,-43.382140555654004,929.3510391950696
2025-09-06T12:45:00Z,2025-09-06T13:00:00Z,2025-09-06,2025-09-06_15,0.0,58,58,42,168.8564925565217,168.88124090434778,0.0002351101449275362,0.02755,0.05944999999999999,True,True,True,False,0.0,462.07690944533044,24.839033610963433,485.81723669442965,2.4410774410774407,-3.6600139011951867,971.5142432906058
2025-09-06T13:00:00Z,2025-09-06T13:15:00Z,2025-09-06,2025-09-06_16,-45.0,100,55,0,168.88124090434778,182.20146090434775,0.03700061111111111,0.0,3.2285,True,True,True,False,0.1125,0.0,42.82592001890247,463.2878492527615,0.0,-43.44270413688542,462.78356513477854
2025-09-06T13:15:00Z,2025-09-06T13:30:00Z,2025-09-06,2025-09-06_16,-45.0,100,55,0,182.20146090434775,189.9541346434782,0.03065869516908213,2.747,0.19799999999999998,True,True,True,False,0.1125,0.0,42.82592001890247,463.2878492527615,340.4609742650678,-8.562105263157893,838.1251382735738
2025-09-06T13:30:00Z,2025-09-06T13:45:00Z,2025-09-06,2025-09-06_16,-45.0,100,55,0,189.9541346434782,184.31728246956516,0.036817922705314005,15.8,0.0,True,True,True,False,0.1125,0.0,42.82592001890247,463.2878492527615,2503.015299190738,0.0,3009.241568462402
2025-09-06T13:45:00Z,2025-09-06T14:00:00Z,2025-09-06,2025-09-06_16,-45.0,100,55,0,184.31728246956516,174.5268842086956,0.03891405072463769,19.905,0.0,True,True,True,False,0.1125,0.0,42.82592001890247,463.2878492527615,16589.61642743222,0.0,17095.842696703883
2025-09-06T14:00:00Z,2025-09-06T14:15:00Z,2025-09-06,2025-09-06_17,-6.889749136685632,100,93,0,174.5268842086956,187.47531045570517,0.04069083442558115,0.84,13.333875,True,True,True,False,-79.24933944472647,0.0,81.13296709787937,779.3673577884103,108.89963967156947,-2.3182727125051685,887.8323524006275
2025-09-06T14:15:00Z,2025-09-06T14:30:00Z,2025-09-06,2025-09-06_17,-6.889749136685632,100,93,0,187.47531045570517,189.79963088231568,0.013414412745618123,1.2375,2.2506,True,True,True,False,-79.24933944472647,0.0,81.13296709787937,779.3673577884103,150.42738791423002,-46.2674294996751,885.4109438561181
2025-09-06T14:30:00Z,2025-09-06T14:45:00Z,2025-09-06,2025-09-06_17,-6.889749136685632,100,93,0,189.79963088231568,177.61255164508734,0.03814720244671913,12.8055,0.0,True,True,True,False,-79.24933944472647,0.0,81.13296709787937,779.3673577884103,4677.755580365054,0.0,5459.006565806617
2025-09-06T14:45:00Z,2025-09-06T15:00:00Z,2025-09-06,2025-09-06_17,-6.889749136685632,100,93,0,177.61255164508734,165.3749260869565,0.038271058185188916,12.8525,0.0,True,True,True,False,-79.24933944472647,0.0,81.13296709787937,779.3673577884103,8067.547173981529,0.0,8848.798159423093
2025-09-06T15:00:00Z,2025-09-06T15:15:00Z,2025-09-06,2025-09-06_18,0.0,100,100,0,165.3749260869565,182.98745043478257,0.050569210144927546,0.2725,19.466,True,True,True,False,0.0,0.0,89.96396715694961,141.7685628211944,37.53478646110225,12601.857662000119,12871.124978439364
2025-09-06T15:15:00Z,2025-09-06T15:30:00Z,2025-09-06,2025-09-06_18,0.0,100,100,0,182.98745043478257,186.61041043478258,0.010063777777777777,0.0,3.9379999999999997,True,True,True,False,0.0,0.0,89.96396715694961,141.7685628211944,0.0,-140.35352393328998,91.37900604485402
2025-09-06T15:30:00Z,2025-09-06T15:45:00Z,2025-09-06,2025-09-06_18,0.0,100,100,0,186.61041043478258,187.53869565217389,0.002678207729468599,0.0165,1.0285,True,True,True,False,0.0,0.0,89.96396715694961,141.7685628211944,2.269873294346979,-64.19503032272037,169.8073729497706
2025-09-06T15:45:00Z,2025-09-06T16:00:00Z,2025-09-06,2025-09-06_18,0.0,100,100,0,187.53869565217389,182.17999999999998,0.01488526570048309,4.93,0.0,True,True,True,False,0.0,0.0,89.96396715694961,141.7685628211944,800.8029633567644,0.0,1032.5354933349083
2025-09-06T16:00:00Z,2025-09-06T16:15:00Z,2025-09-06,2025-09-06_19,82.99999999999994,0,83,17,182.17999999999998,166.21964130434782,0.044334329710144914,0.0,6.06647,True,True,True,False,3706.779999999997,187.0311300135861,0.0,117.66790714159134,0.0,-254.9668526276409,3756.5121845275335
2025-09-06T16:15:00Z,2025-09-06T16:30:00Z,2025-09-06,2025-09-06_19,82.99999999999994,0,83,17,166.21964130434782,148.44004891304348,0.04938775664251205,0.0,4.392775,True,True,True,False,3706.779999999997,187.0311300135861,0.0,117.66790714159134,0.0,-190.48937904384982,3820.989658111325
2025-09-06T16:30:00Z,2025-09-06T16:45:00Z,2025-09-06,2025-09-06_19,82.99999999999994,0,83,17,148.44004891304348,126.97507608695655,0.05962492451690818,0.0,1.0022250000000001,True,True,True,False,3706.779999999997,187.0311300135861,0.0,117.66790714159134,0.0,-56.60231797507235,3954.876719180102
2025-09-06T16:45:00Z,2025-09-06T17:00:00Z,2025-09-06,2025-09-06_19,82.99999999999994,0,83,17,126.97507608695655,104.43020108695656,0.06262465277777773,0.0,0.008715,True,True,True,False,3706.779999999997,187.0311300135861,0.0,117.66790714159134,0.0,-0.6757741449583555,4010.803263010216
2025-09-06T17:00:00Z,2025-09-06T17:15:00Z,2025-09-06,2025-09-06_20,0.0,0,0,100,104.43020108695656,104.43020108695656,0.0,0.0,0.0,True,True,True,False,0.0,1100.1831177269771,0.0,0.0,0.0,0.0,1100.1831177269771
2025-09-06T17:15:00Z,2025-09-06T17:30:00Z,2025-09-06,2025-09-06_20,0.0,0,0,100,104.43020108695656,104.43020108695656,0.0,0.0,0.0,True,True,True,False,0.0,1100.1831177269771,0.0,0.0,0.0,0.0,1100.1831177269771
2025-09-06T17:30:00Z,2025-09-06T17:45:00Z,2025-09-06,2025-09-06_20,0.0,0,0,100,104.43020108695656,104.43020108695656,0.0,0.0,0.0,True,True,True,False,0.0,1100.1831177269771,0.0,0.0,0.0,0.0,1100.1831177269771
2025-09-06T17:45:00Z,2025-09-06T18:00:00Z,2025-09-06,2025-09-06_20,0.0,0,0,100,104.43020108695656,104.43020108695656,0.0,0.0,0.0,True,True,True,False,0.0,1100.1831177269771,0.0,0.0,0.0,0.0,1100.1831177269771
2025-09-06T18:00:00Z,2025-09-06T18:15:00Z,2025-09-06,2025-09-06_21,0.0,0,0,100,104.43020108695656,104.43020108695656,0.0,0.0,0.0,True,True,True,False,0.0,1100.1831177269771,0.0,0.0,0.0,0.0,1100.1831177269771
2025-09-06T18:15:00Z,2025-09-06T18:30:00Z,2025-09-06,2025-09-06_21,0.0,0,0,100,104.43020108695656,104.43020108695656,0.0,0.0,0.0,True,True,True,False,0.0,1100.1831177269771,0.0,0.0,0.0,0.0,1100.1831177269771
2025-09-06T18:30:00Z,2025-09-06T18:45:00Z,2025-09-06,2025-09-06_21,0.0,0,0,100,104.43020108695656,104.43020108695656,0.0,0.0,0.0,True,True,True,False,0.0,1100.1831177269771,0.0,0.0,0.0,0.0,1100.1831177269771
2025-09-06T18:45:00Z,2025-09-06T19:00:00Z,2025-09-06,2025-09-06_21,0.0,0,0,100,104.43020108695656,104.43020108695656,0.0,0.0,0.0,True,True,True,False,0.0,1100.1831177269771,0.0,0.0,0.0,0.0,1100.1831177269771
2025-09-06T19:00:00Z,2025-09-06T19:15:00Z,2025-09-06,2025-09-06_22,0.0,100,100,0,104.43020108695656,94.41160543478266,0.027982765700483088,9.2425,0.03,True,True,True,False,0.0,0.0,112.94228838088488,141.7685628211944,7234.555182428573,-1.9532577234331616,7487.3127759072195
2025-09-06T19:15:00Z,2025-09-06T19:30:00Z,2025-09-06,2025-09-06_22,0.0,100,100,0,94.41160543478266,87.8610619565218,0.018195954106280193,6.0265,0.0,True,True,True,False,0.0,0.0,112.94228838088488,141.7685628211944,3054.82806791108,0.0,3309.538919113159
2025-09-06T19:30:00Z,2025-09-06T19:45:00Z,2025-09-06,2025-09-06_22,0.0,100,100,0,87.8610619565218,81.38008369565223,0.018002717391304348,5.9625,0.0,True,True,True,False,0.0,0.0,112.94228838088488,141.7685628211944,1987.0902667021085,0.0,2241.801117904188
2025-09-06T19:45:00Z,2025-09-06T20:00:00Z,2025-09-06,2025-09-06_22,0.0,100,100,0,81.38008369565223,80.49371326086961,0.0024774734299516906,0.818,0.003,True,True,True,False,0.0,0.0,112.94228838088488,141.7685628211944,113.58550180164214,-0.2303739145844409,368.065979089137
2025-09-06T20:00:00Z,2025-09-06T20:15:00Z,2025-09-06,2025-09-06_23,-2.7312343887700083,100,97,0,80.49371326086961,57.1370720675179,0.0652761523119001,22.159,0.0,True,True,True,False,-102.42128957887532,0.0,101.77801405871581,137.51550593655855,29760.66661291275,0.0,29897.538843329152
2025-09-06T20:15:00Z,2025-09-06T20:30:00Z,2025-09-06,2025-09-06_23,-2.7312343887700083,100,97,0,57.1370720675179,35.110155033142284,0.06175396829979292,20.9305,0.0,True,True,True,False,-102.42128957887532,0.0,101.77801405871581,137.51550593655855,26605.085899442765,0.0,26741.958129859166
2025-09-06T20:30:00Z,2025-09-06T20:45:00Z,2025-09-06,2025-09-06_23,-2.7312343887700083,100,97,0,35.110155033142284,20.87974033259237,0.041102530416839596,13.727499999999997,0.0,True,True,True,False,-102.42128957887532,0.0,101.77801405871581,137.51550593655855,14362.06745230078,0.0,14498.939682717179
2025-09-06T20:45:00Z,2025-09-06T21:00:00Z,2025-09-06,2025-09-06_23,-2.7312343887700083,100,97,0,20.87974033259237,10.36893240999416,0.031320225099817946,10.303,0.014065,True,True,True,False,-102.42128957887532,0.0,101.77801405871581,137.51550593655855,10255.738104042373,-1.0800697028767203,10391.530264755896
2025-09-06T21:00:00Z,2025-09-06T21:15:00Z,2025-09-07,2025-09-06_24,-62.73322091440612,73,37,0,10.36893240999416,22.515936356561355,0.03579627339563703,2.41922,0.000925,True,True,True,False,-1459.6452176259443,0.0,74.29795026286254,52.727568078445266,868.5317522988166,-0.07103195699686927,-464.1589789428167
2025-09-06T21:15:00Z,2025-09-06T21:30:00Z,2025-09-07,2025-09-06_24,-62.73322091440612,73,37,0,22.515936356561355,36.326412215344405,0.0389204100652811,0.657,0.00185,True,True,True,False,-1459.6452176259443,0.0,74.29795026286254,52.727568078445266,90.52491582491581,-0.14206391399373855,-1242.2368473737145
2025-09-06T21:30:00Z,2025-09-06T21:45:00Z,2025-09-07,2025-09-06_24,-62.73322091440612,73,37,0,36.326412215344405,49.9364247211797,0.03854707989461315,0.87308,0.005549999999999999,True,True,True,False,-1459.6452176259443,0.0,74.29795026286254,52.727568078445266,120.30597840392224,-0.4261917419812156,-1212.7399126226953
2025-09-06T21:45:00Z,2025-09-06T22:00:00Z,2025-09-07,2025-09-06_24,-62.73322091440612,73,37,0,49.9364247211797,64.34782608695656,0.040075378668554956,0.05146499999999999,0.03404,True,True,True,False,-1459.6452176259443,0.0,74.29795026286254,52.727568078445266,7.08094437356016,-2.383939425443519,-1327.9226943365197
2025-09-06T22:00:00Z,2025-09-06T22:15:00Z,2025-09-07,2025-09-07_1,0.0,0,0,100,64.34782608695656,64.34782608695656,0.0,0.0,0.0,True,True,True,False,0.0,1100.1831177269771,0.0,0.0,0.0,0.0,1100.1831177269771
2025-09-06T22:15:00Z,2025-09-06T22:30:00Z,2025-09-07,2025-09-07_1,0.0,0,0,100,64.34782608695656,64.34782608695656,0.0,0.0,0.0,True,True,True,False,0.0,1100.1831177269771,0.0,0.0,0.0,0.0,1100.1831177269771
2025-09-06T22:30:00Z,2025-09-06T22:45:00Z,2025-09-07,2025-09-07_1,0.0,0,0,100,64.34782608695656,64.34782608695656,0.0,0.0,0.0,True,True,True,False,0.0,1100.1831177269771,0.0,0.0,0.0,0.0,1100.1831177269771
2025-09-06T22:45:00Z,2025-09-06T23:00:00Z,2025-09-07,2025-09-07_1,0.0,0,0,100,64.34782608695656,64.34782608695656,0.0,0.0,0.0,True,True,True,False,0.0,1100.1831177269771,0.0,0.0,0.0,0.0,1100.1831177269771
2025-09-06T23:00:00Z,2025-09-06T23:15:00Z,2025-09-07,2025-09-07_2,0.0,0,0,100,64.34782608695656,64.34782608695656,0.0,0.0,0.0,True,True,True,False,0.0,1100.1831177269771,0.0,0.0,0.0,0.0,1100.1831177269771
2025-09-06T23:15:00Z,2025-09-06T23:30:00Z,2025-09-07,2025-09-07_2,0.0,0,0,100,64.34782608695656,64.34782608695656,0.0,0.0,0.0,True,True,True,False,0.0,1100.1831177269771,0.0,0.0,0.0,0.0,1100.1831177269771
2025-09-06T23:30:00Z,2025-09-06T23:45:00Z,2025-09-07,2025-09-07_2,0.0,0,0,100,64.34782608695656,64.34782608695656,0.0,0.0,0.0,True,True,True,False,0.0,1100.1831177269771,0.0,0.0,0.0,0.0,1100.1831177269771
2025-09-06T23:45:00Z,2025-09-07T00:00:00Z,2025-09-07,2025-09-07_2,0.0,0,0,100,64.34782608695656,64.34782608695656,0.0,0.0,0.0,True,True,True,False,0.0,1100.1831177269771,0.0,0.0,0.0,0.0,1100.1831177269771
2025-09-07T00:00:00Z,2025-09-07T00:15:00Z,2025-09-07,2025-09-07_3,0.0,0,0,100,64.34782608695656,64.34782608695656,0.0,0.0,0.0,True,True,True,False,0.0,1100.1831177269771,0.0,0.0,0.0,0.0,1100.1831177269771
2025-09-07T00:15:00Z,2025-09-07T00:30:00Z,2025-09-07,2025-09-07_3,0.0,0,0,100,64.34782608695656,64.34782608695656,0.0,0.0,0.0,True,True,True,False,0.0,1100.1831177269771,0.0,0.0,0.0,0.0,1100.1831177269771
2025-09-07T00:30:00Z,2025-09-07T00:45:00Z,2025-09-07,2025-09-07_3,0.0,0,0,100,64.34782608695656,64.34782608695656,0.0,0.0,0.0,True,True,True,False,0.0,1100.1831177269771,0.0,0.0,0.0,0.0,1100.1831177269771
2025-09-07T00:45:00Z,2025-09-07T01:00:00Z,2025-09-07,2025-09-07_3,0.0,0,0,100,64.34782608695656,64.34782608695656,0.0,0.0,0.0,True,True,True,False,0.0,1100.1831177269771,0.0,0.0,0.0,0.0,1100.1831177269771
2025-09-07T01:00:00Z,2025-09-07T01:15:00Z,2025-09-07,2025-09-07_4,0.0,0,0,100,64.34782608695656,64.34782608695656,0.0,0.0,0.0,True,True,True,False,0.0,1100.1831177269771,0.0,0.0,0.0,0.0,1100.1831177269771
2025-09-07T01:15:00Z,2025-09-07T01:30:00Z,2025-09-07,2025-09-07_4,0.0,0,0,100,64.34782608695656,64.34782608695656,0.0,0.0,0.0,True,True,True,False,0.0,1100.1831177269771,0.0,0.0,0.0,0.0,1100.1831177269771
2025-09-07T01:30:00Z,2025-09-07T01:45:00Z,2025-09-07,2025-09-07_4,0.0,0,0,100,64.34782608695656,64.34782608695656,0.0,0.0,0.0,True,True,True,False,0.0,1100.1831177269771,0.0,0.0,0.0,0.0,1100.1831177269771
2025-09-07T01:45:00Z,2025-09-07T02:00:00Z,2025-09-07,2025-09-07_4,0.0,0,0,100,64.34782608695656,64.34782608695656,0.0,0.0,0.0,True,True,True,False,0.0,1100.1831177269771,0.0,0.0,0.0,0.0,1100.1831177269771
2025-09-07T02:00:00Z,2025-09-07T02:15:00Z,2025-09-07,2025-09-07_5,100.0,0,100,0,64.34782608695656,54.30108695652177,0.027907608695652182,0.0,15.756999999999998,True,True,True,False,1924.5,0.0,0.0,142.50694075255478,0.0,-0.5925900328824304,2066.4143507196723
2025-09-07T02:15:00Z,2025-09-07T02:30:00Z,2025-09-07,2025-09-07_5,100.0,0,100,0,54.30108695652177,45.50978260869569,0.024420289855072465,0.0,16.912,True,True,True,False,1924.5,0.0,0.0,142.50694075255478,0.0,-0.5627676373875203,2066.4441731151674
2025-09-07T02:30:00Z,2025-09-07T02:45:00Z,2025-09-07,2025-09-07_5,100.0,0,100,0,45.50978260869569,33.38043478260873,0.03369263285024154,0.0,13.841000000000001,True,True,True,False,1924.5,0.0,0.0,142.50694075255478,0.0,-59.52608384035285,2007.480856912202
2025-09-07T02:45:00Z,2025-09-07T03:00:00Z,2025-09-07,2025-09-07_5,100.0,0,100,0,33.38043478260873,21.613043478260906,0.032687198067632844,0.0,14.174000000000001,True,True,True,False,1924.5,0.0,0.0,142.50694075255478,0.0,-0.8958698092031426,2066.1110709433515
2025-09-07T03:00:00Z,2025-09-07T03:15:00Z,2025-09-07,2025-09-07_6,9.878079767385353,90,100,0,21.613043478260906,32.09164736088648,0.03563565353954863,0.0,14.055500000000002,True,True,True,False,189.58504593554338,0.0,145.40138224348752,142.50694075255478,0.0,-210.5737351093784,266.9196338222073
2025-09-07T03:15:00Z,2025-09-07T03:30:00Z,2025-09-07,2025-09-07_6,9.878079767385353,90,100,0,32.09164736088648,40.786233796071016,0.03181638659356925,0.0,12.1505,True,True,True,False,189.58504593554338,0.0,145.40138224348752,142.50694075255478,0.0,-128.68711372989148,348.80625520169417
2025-09-07T03:30:00Z,2025-09-07T03:45:00Z,2025-09-07,2025-09-07_6,9.878079767385353,90,100,0,40.786233796071016,50.16680069332934,0.033284949868073135,0.0,12.883,True,True,True,False,189.58504593554338,0.0,145.40138224348752,142.50694075255478,0.0,-135.99863724968986,341.4947316818958
2025-09-07T03:45:00Z,2025-09-07T04:00:00Z,2025-09-07,2025-09-07_6,9.878079767385353,90,100,0,50.16680069332934,64.34782608695654,0.04356188549279243,0.0,18.009,True,True,True,False,189.58504593554338,0.0,145.40138224348752,142.50694075255478,0.0,294.5544338118022,772.0478027433878
2025-09-07T04:00:00Z,2025-09-07T04:15:00Z,2025-09-07,2025-09-07_7,0.0,0,0,100,64.34782608695654,64.34782608695654,0.0,0.0,0.0,True,True,True,False,0.0,1100.1831177269771,0.0,0.0,0.0,0.0,1100.1831177269771
2025-09-07T04:15:00Z,2025-09-07T04:30:00Z,2025-09-07,2025-09-07_7,0.0,0,0,100,64.34782608695654,64.34782608695654,0.0,0.0,0.0,True,True,True,False,0.0,1100.1831177269771,0.0,0.0,0.0,0.0,1100.1831177269771
2025-09-07T04:30:00Z,2025-09-07T04:45:00Z,2025-09-07,2025-09-07_7,0.0,0,0,100,64.34782608695654,64.34782608695654,0.0,0.0,0.0,True,True,True,False,0.0,1100.1831177269771,0.0,0.0,0.0,0.0,1100.1831177269771
2025-09-07T04:45:00Z,2025-09-07T05:00:00Z,2025-09-07,2025-09-07_7,0.0,0,0,100,64.34782608695654,64.34782608695654,0.0,0.0,0.0,True,True,True,False,0.0,1100.1831177269771,0.0,0.0,0.0,0.0,1100.1831177269771
2025-09-07T05:00:00Z,2025-09-07T05:15:00Z,2025-09-07,2025-09-07_8,0.0,0,0,100,64.34782608695654,64.34782608695654,0.0,0.0,0.0,True,True,True,False,0.0,1100.1831177269771,0.0,0.0,0.0,0.0,1100.1831177269771
2025-09-07T05:15:00Z,2025-09-07T05:30:00Z,2025-09-07,2025-09-07_8,0.0,0,0,100,64.34782608695654,64.34782608695654,0.0,0.0,0.0,True,True,True,False,0.0,1100.1831177269771,0.0,0.0,0.0,0.0,1100.1831177269771
2025-09-07T05:30:00Z,2025-09-07T05:45:00Z,2025-09-07,2025-09-07_8,0.0,0,0,100,64.34782608695654,64.34782608695654,0.0,0.0,0.0,True,True,True,False,0.0,1100.1831177269771,0.0,0.0,0.0,0.0,1100.1831177269771
2025-09-07T05:45:00Z,2025-09-07T06:00:00Z,2025-09-07,2025-09-07_8,0.0,0,0,100,64.34782608695654,64.34782608695654,0.0,0.0,0.0,True,True,True,False,0.0,1100.1831177269771,0.0,0.0,0.0,0.0,1100.1831177269771
2025-09-07T06:00:00Z,2025-09-07T06:15:00Z,2025-09-07,2025-09-07_9,7.21644966006352e-16,29,29,71,64.34782608695654,64.42488841739133,0.0003217613043478266,0.017835,0.104835,True,True,True,False,0.0,781.1300135861538,30.140882509303555,266.89113355780023,1.5802764486975012,-5.232048216078917,1074.5102578858762
2025-09-07T06:15:00Z,2025-09-07T06:30:00Z,2025-09-07,2025-09-07_9,7.21644966006352e-16,29,29,71,64.42488841739133,63.149496660869595,0.003582033768115942,1.179865,0.007685,True,True,True,False,0.0,781.1300135861538,30.140882509303555,266.89113355780023,109.06764336050563,-0.4992079882647134,1186.7304650254985
2025-09-07T06:30:00Z,2025-09-07T06:45:00Z,2025-09-07,2025-09-07_9,7.21644966006352e-16,29,29,71,63.149496660869595,63.515496078260895,0.0012163027294685995,0.03306,0.436885,True,True,True,False,0.0,781.1300135861538,30.140882509303555,266.89113355780023,2.929292929292929,-7.16537164234942,1073.9259509402011
2025-09-07T06:45:00Z,2025-09-07T07:00:00Z,2025-09-07,2025-09-07_9,7.21644966006352e-16,29,29,71,63.515496078260895,65.47194047826089,0.005434567777777778,0.0,2.12657,True,True,True,False,0.0,781.1300135861538,30.140882509303555,266.89113355780023,0.0,-20.79212395298009,1057.3699057002775
2025-09-07T07:00:00Z,2025-09-07T07:15:00Z,2025-09-07,2025-09-07_10,16.460188638810468,12,29,71,65.47194047826089,61.06432226846028,0.012406819457520328,0.009000000000000001,0.07395,True,True,True,False,-0.3703542443732355,781.1300135861538,5.1391104022682965,184.9908441136511,0.7974481658692185,-4.917550505050505,966.7695115185187
2025-09-07T07:15:00Z,2025-09-07T07:30:00Z,2025-09-07,2025-09-07_10,16.460188638810468,12,29,71,61.06432226846028,56.66045871809296,0.012387096454452368,0.00162,0.069745,True,True,True,False,-0.3703542443732355,781.1300135861538,5.1391104022682965,184.9908441136511,0.1435406698564593,-4.764239792663477,966.268914734893
2025-09-07T07:30:00Z,2025-09-07T07:45:00Z,2025-09-07,2025-09-07_10,16.460188638810468,12,29,71,56.66045871809296,52.324999839911975,0.012359557632026815,0.00732,0.14326,True,True,True,False,-0.3703542443732355,781.1300135861538,5.1391104022682965,184.9908441136511,0.6485911749069643,-6.454161017583239,965.0840440150237
2025-09-07T07:45:00Z,2025-09-07T08:00:00Z,2025-09-07,2025-09-07_10,16.460188638810468,12,29,71,52.324999839911975,50.39441914782592,0.010899663918092979,0.0,2.5053099999999997,True,True,True,False,-0.3703542443732355,781.1300135861538,5.1391104022682965,184.9908441136511,0.0,-12.40445886939571,958.4851549883043
2025-09-07T08:00:00Z,2025-09-07T08:15:00Z,2025-09-07,2025-09-07_11,3.3306690738754627e-16,29,29,71,50.39441914782592,49.93914411304331,0.0028069050966183584,0.6742500000000001,0.301745,True,True,True,False,-3.3306690738754627e-16,781.1300135861538,12.419516805481717,190.54964853210464,74.79120813397131,-13.187374074074073,1045.7030129836373
2025-09-07T08:15:00Z,2025-09-07T08:30:00Z,2025-09-07,2025-09-07_11,3.3306690738754627e-16,29,29,71,49.93914411304331,48.76271977391288,0.003331580942028985,1.092865,0.01247,True,True,True,False,-3.3306690738754627e-16,781.1300135861538,12.419516805481717,190.54964853210464,132.9530836592041,-0.8261107980388681,1116.2261517849054
2025-09-07T08:30:00Z,2025-09-07T08:45:00Z,2025-09-07,2025-09-07_11,3.3306690738754627e-16,29,29,71,48.76271977391288,49.02122678260853,0.0012206716425120776,0.08323,0.37932000000000005,True,True,True,False,-3.3306690738754627e-16,781.1300135861538,12.419516805481717,190.54964853210464,7.671542154488353,-12.20079900762006,979.5699220706085
2025-09-07T08:45:00Z,2025-09-07T09:00:00Z,2025-09-07,2025-09-07_11,3.3306690738754627e-16,29,29,71,49.02122678260853,49.804951782608526,0.0021770138888888894,0.0,0.8518749999999999,True,True,True,False,-3.3306690738754627e-16,781.1300135861538,12.419516805481717,190.54964853210464,0.0,-32.48051248350956,951.6186664402306
2025-09-07T09:00:00Z,2025-09-07T09:15:00Z,2025-09-07,2025-09-07_12,-1.0616507672978057e-15,29,29,71,49.804951782608526,50.39820629565201,0.0016566852415458944,0.0014500000000000001,0.646555,True,True,True,False,5.3321409787532295e-15,781.1300135861538,12.419516805481717,231.73961840628505,0.1284777600567074,-31.996114783310688,993.4215117746667
2025-09-07T09:15:00Z,2025-09-07T09:30:00Z,2025-09-07,2025-09-07_12,-1.0616507672978057e-15,29,29,71,50.39820629565201,50.98716729565201,0.0016360027777777787,0.0,0.640175,True,True,True,False,5.3321409787532295e-15,781.1300135861538,12.419516805481717,231.73961840628505,0.0,-25.9890604534625,999.3000883444581
2025-09-07T09:30:00Z,2025-09-07T09:45:00Z,2025-09-07,2025-09-07_12,-1.0616507672978057e-15,29,29,71,50.98716729565201,53.023651695652006,0.005656901111111112,0.0,2.21357,True,True,True,False,5.3321409787532295e-15,781.1300135861538,12.419516805481717,231.73961840628505,0.0,-9.779684498001455,1015.5094642999192
2025-09-07T09:45:00Z,2025-09-07T10:00:00Z,2025-09-07,2025-09-07_12,-1.0616507672978057e-15,29,29,71,53.023651695652006,54.405809095652,0.0038393261111111117,0.0,1.502345,True,True,True,False,5.3321409787532295e-15,781.1300135861538,12.419516805481717,231.73961840628505,0.0,-27.15030003544214,998.1388487624785
2025-09-07T10:00:00Z,2025-09-07T10:15:00Z,2025-09-07,2025-09-07_13,-29.0,29,0,71,54.405809095652,61.075809095652005,0.01852777777777778,0.0,0.0,True,True,True,False,290.14500000000004,781.1300135861538,12.419516805481717,0.0,0.0,0.0,1083.6945303916357
2025-09-07T10:15:00Z,2025-09-07T10:30:00Z,2025-09-07,2025-09-07_13,-29.0,29,0,71,61.075809095652005,67.745809095652,0.01852777777777778,0.0,0.0,True,True,True,False,290.14500000000004,781.1300135861538,12.419516805481717,0.0,0.0,0.0,1083.6945303916357
2025-09-07T10:30:00Z,2025-09-07T10:45:00Z,2025-09-07,2025-09-07_13,-29.0,29,0,71,67.745809095652,74.41580909565201,0.01852777777777778,0.0,0.0,True,True,True,False,290.14500000000004,781.1300135861538,12.419516805481717,0.0,0.0,0.0,1083.6945303916357
2025-09-07T10:45:00Z,2025-09-07T11:00:00Z,2025-09-07,2025-09-07_13,-29.0,29,0,71,74.41580909565201,81.08580909565201,0.01852777777777778,0.0,0.0,True,True,True,False,290.14500000000004,781.1300135861538,12.419516805481717,0.0,0.0,0.0,1083.6945303916357
2025-09-07T11:00:00Z,2025-09-07T11:15:00Z,2025-09-07,2025-09-07_14,-30.0,30,0,70,81.08580909565201,87.985809095652,0.019166666666666665,0.0,0.0,True,True,True,False,400.5,770.1281824088841,12.847776005670742,0.0,0.0,0.0,1183.4759584145547
2025-09-07T11:15:00Z,2025-09-07T11:30:00Z,2025-09-07,2025-09-07_14,-30.0,30,0,70,87.985809095652,94.885809095652,0.019166666666666665,0.0,0.0,True,True,True,False,400.5,770.1281824088841,12.847776005670742,0.0,0.0,0.0,1183.4759584145547
2025-09-07T11:30:00Z,2025-09-07T11:45:00Z,2025-09-07,2025-09-07_14,-30.0,30,0,70,94.885809095652,101.785809095652,0.01916666666666667,0.0,0.0,True,True,True,False,400.5,770.1281824088841,12.847776005670742,0.0,0.0,0.0,1183.4759584145547
2025-09-07T11:45:00Z,2025-09-07T12:00:00Z,2025-09-07,2025-09-07_14,-30.0,30,0,70,101.785809095652,108.681807095652,0.019155550000000004,0.00435,0.0,True,True,True,False,400.5,770.1281824088841,12.847776005670742,0.0,0.3854332801701222,0.0,1183.861391694725
2025-09-07T12:00:00Z,2025-09-07T12:15:00Z,2025-09-07,2025-09-07_15,-80.00000000000051,83,3,17,108.681807095652,127.11630566956516,0.05121165062801965,0.02158,0.05922,True,True,True,False,840.0000000000053,187.0311300135861,35.54551361568905,24.244196349459504,1.9121034910508592,-1.9479505227715754,1086.7849929470192
2025-09-07T12:15:00Z,2025-09-07T12:30:00Z,2025-09-07,2025-09-07_15,-80.00000000000051,83,3,17,127.11630566956516,145.4588273565218,0.050966304202898875,0.06806,0.006030000000000001,True,True,True,False,840.0000000000053,187.0311300135861,35.54551361568905,24.244196349459504,6.030480241006556,-0.3042711855396066,1092.547049034207
2025-09-07T12:30:00Z,2025-09-07T12:45:00Z,2025-09-07,2025-09-07_15,-80.00000000000051,83,3,17,145.4588273565218,163.84219407826106,0.0510790379951694,0.06473999999999999,0.047085,True,True,True,False,840.0000000000053,187.0311300135861,35.54551361568905,24.244196349459504,5.736310473152577,-1.2280927255006202,1091.329057726392
2025-09-07T12:45:00Z,2025-09-07T13:00:00Z,2025-09-07,2025-09-07_15,-80.00000000000051,83,3,17,163.84219407826106,182.1800000000003,0.05095456355072497,0.07428499999999999,0.007169999999999999,True,True,True,False,840.0000000000053,187.0311300135861,35.54551361568905,24.244196349459504,6.582048555732764,-0.3340423474511193,1093.0688461870216
2025-09-07T13:00:00Z,2025-09-07T13:15:00Z,2025-09-07,2025-09-07_16,-5.99999999999998,100,94,0,182.1800000000003,189.75240040000028,0.021034445555555545,0.0,6.73087,True,True,True,False,29.5349999999999,0.0,42.82592001890247,761.9835784748063,0.0,-27.371701047512154,806.9727974461965
2025-09-07T13:15:00Z,2025-09-07T13:30:00Z,2025-09-07,2025-09-07_16,-5.99999999999998,100,94,0,189.75240040000028,185.44084109565244,0.018414509178743953,5.354,0.08084,True,True,True,False,29.5349999999999,0.0,42.82592001890247,761.9835784748063,633.0184941028216,-5.154487140409946,1462.2085054561203
2025-09-07T13:30:00Z,2025-09-07T13:45:00Z,2025-09-07,2025-09-07_16,-5.99999999999998,100,94,0,185.44084109565244,181.56968589565244,0.01692456888888888,4.876,0.0,True,True,True,False,29.5349999999999,0.0,42.82592001890247,761.9835784748063,476.83453088388757,0.0,1311.1790293775962
2025-09-07T13:45:00Z,2025-09-07T14:00:00Z,2025-09-07,2025-09-07_16,-5.99999999999998,100,94,0,181.56968589565244,179.82333160000027,0.011627397487922695,2.903,0.0,True,True,True,False,29.5349999999999,0.0,42.82592001890247,761.9835784748063,303.28624785870403,0.0,1137.6307463524126
2025-09-07T14:00:00Z,2025-09-07T14:15:00Z,2025-09-07,2025-09-07_17,0.0,100,100,0,179.82333160000027,187.1261733391307,0.021221661835748792,0.155,8.121,True,True,True,False,0.0,0.0,81.13296709787937,834.5442731407643,14.432942485281664,-1.3048094984937089,928.8053732254316
2025-09-07T14:15:00Z,2025-09-07T14:30:00Z,2025-09-07,2025-09-07_17,0.0,100,100,0,187.1261733391307,189.33906029565244,0.00843253623188406,0.3785,2.8525,True,True,True,False,0.0,0.0,81.13296709787937,834.5442731407643,33.81839033610963,-29.810076889755248,919.685553684998
2025-09-07T14:30:00Z,2025-09-07T14:45:00Z,2025-09-07,2025-09-07_17,0.0,100,100,0,189.33906029565244,185.74094290434812,0.010020326086956521,3.3145000000000002,0.005,True,True,True,False,0.0,0.0,81.13296709787937,834.5442731407643,398.9793398901293,-0.3839565243074015,1314.2726236044655
2025-09-07T14:45:00Z,2025-09-07T15:00:00Z,2025-09-07,2025-09-07_17,0.0,100,100,0,185.74094290434812,165.05670377391334,0.05745621980676328,19.0295,0.0,True,True,True,False,0.0,0.0,81.13296709787937,834.5442731407643,13083.136270994544,0.0,13998.813511233187
2025-09-07T15:00:00Z,2025-09-07T15:15:00Z,2025-09-07,2025-09-07_18,-0.11227850661623068,0,0,54,165.05670377391334,165.08252783043508,7.173349033814738e-05,0.0,0.0,True,False,True,False,-2.6778423827971016,502.39234449760755,0.0,0.0,0.0,0.0,499.71450211481044
2025-09-07T15:15:00Z,2025-09-07T15:30:00Z,2025-09-07,2025-09-07_18,-0.11227850661623068,0,0,54,165.08252783043508,165.10835188695683,7.173349033814738e-05,0.0,0.0,True,False,True,False,-2.6778423827971016,502.39234449760755,0.0,0.0,0.0,0.0,499.71450211481044
2025-09-07T15:30:00Z,2025-09-07T15:45:00Z,2025-09-07,2025-09-07_18,-0.11227850661623068,0,0,54,165.10835188695683,165.13417594347857,7.173349033814738e-05,0.0,0.0,True,False,True,False,-2.6778423827971016,502.39234449760755,0.0,0.0,0.0,0.0,499.71450211481044
2025-09-07T15:45:00Z,2025-09-07T16:00:00Z,2025-09-07,2025-09-07_18,-0.11227850661623068,0,0,54,165.13417594347857,165.1600000000003,7.173349033814738e-05,0.0,0.0,True,False,True,False,-2.6778423827971016,502.39234449760755,0.0,0.0,0.0,0.0,499.71450211481044
2025-09-07T16:00:00Z,2025-09-07T16:15:00Z,2025-09-07,2025-09-07_19,0.0,100,100,0,165.1600000000003,166.27035913043508,0.003935780193236715,0.141,1.3735,True,True,True,False,0.0,0.0,113.0013586153937,515.4764014413137,13.411394057534407,-54.315005710122655,587.5741484041191
2025-09-07T16:15:00Z,2025-09-07T16:30:00Z,2025-09-07,2025-09-07_19,0.0,100,100,0,166.27035913043508,167.67893913043508,0.004259944444444445,0.057499999999999996,1.599,True,True,True,False,0.0,0.0,113.0013586153937,515.4764014413137,5.377852600074821,-61.882971823498124,571.9726408332841
2025-09-07T16:30:00Z,2025-09-07T16:45:00Z,2025-09-07,2025-09-07_19,0.0,100,100,0,167.67893913043508,165.48742869565248,0.006143751207729468,2.0255,0.011,True,True,True,False,0.0,0.0,113.0013586153937,515.4764014413137,248.80424094748653,-0.8447043534762833,876.4372966507176
2025-09-07T16:45:00Z,2025-09-07T17:00:00Z,2025-09-07,2025-09-07_19,0.0,100,100,0,165.48742869565248,152.7624286956525,0.035347222222222224,11.707,0.0,True,True,True,False,0.0,0.0,113.0013586153937,515.4764014413137,6182.41720912832,0.0,6810.894969185028
2025-09-07T17:00:00Z,2025-09-07T17:15:00Z,2025-09-07,2025-09-07_20,0.0,100,100,0,152.7624286956525,148.09829826086988,0.012955917874396136,4.291,0.0,True,True,True,False,0.0,0.0,113.73973654675407,520.8517927816173,917.7537098076281,0.0,1552.3452391359995
2025-09-07T17:15:00Z,2025-09-07T17:30:00Z,2025-09-07,2025-09-07_20,0.0,100,100,0,148.09829826086988,144.5118852173916,0.009962258454106282,3.2995000000000005,0.0,True,True,True,False,0.0,0.0,113.73973654675407,520.8517927816173,368.4438418296021,0.0,1003.0353711579735
2025-09-07T17:30:00Z,2025-09-07T17:45:00Z,2025-09-07,2025-09-07_20,0.0,100,100,0,144.5118852173916,130.1618852173916,0.03986111111111111,13.202,0.0,True,True,True,False,0.0,0.0,113.73973654675407,520.8517927816173,3110.069591824679,0.0,3744.6611211530503
2025-09-07T17:45:00Z,2025-09-07T18:00:00Z,2025-09-07,2025-09-07_20,0.0,100,100,0,130.1618852173916,116.30753739130466,0.03848429951690822,12.746000000000002,0.0,True,True,True,False,0.0,0.0,113.73973654675407,520.8517927816173,2930.018968239904,0.0,3564.6104975682756
2025-09-07T18:00:00Z,2025-09-07T18:15:00Z,2025-09-07,2025-09-07_21,12.999999999999991,0,13,87,116.30753739130466,112.77514065217423,0.009812213164251201,0.0,0.000195,True,True,True,False,465.20499999999964,809.4098883572566,0.0,67.74144958355484,0.0,-0.014974304447988657,1342.341363636363
2025-09-07T18:15:00Z,2025-09-07T18:30:00Z,2025-09-07,2025-09-07_21,12.999999999999991,0,13,87,112.77514065217423,109.25991239130467,0.009764522946859895,0.0,0.01599,True,True,True,False,465.20499999999964,809.4098883572566,0.0,67.74144958355484,0.0,-1.0855738732352769,1341.2707640675758
2025-09-07T18:30:00Z,2025-09-07T18:45:00Z,2025-09-07,2025-09-07_21,12.999999999999991,0,13,87,109.25991239130467,105.94441782608727,0.009209707125603858,0.0,0.199745,True,True,True,False,465.20499999999964,809.4098883572566,0.0,67.74144958355484,0.0,-11.930346013743673,1330.4259919270673
2025-09-07T18:45:00Z,2025-09-07T19:00:00Z,2025-09-07,2025-09-07_21,12.999999999999991,0,13,87,105.94441782608727,102.51750478260901,0.009519202898550719,0.0,0.09724,True,True,True,False,465.20499999999964,809.4098883572566,0.0,67.74144958355484,0.0,-5.389776911414337,1336.9665610293966
2025-09-07T19:00:00Z,2025-09-07T19:15:00Z,2025-09-07,2025-09-07_22,100.0,0,100,0,102.51750478260901,76.91261347826119,0.07112469806763284,0.0,1.4435,True,True,True,False,3291.25,0.0,0.0,741.7153996101364,0.0,-69.26168064662217,3963.7037189635143
2025-09-07T19:15:00Z,2025-09-07T19:30:00Z,2025-09-07,2025-09-07_22,100.0,0,100,0,76.91261347826119,60.40772217391337,0.04584692028985507,0.0,9.8155,True,True,True,False,3291.25,0.0,0.0,741.7153996101364,0.0,-31.89694449366964,4001.068455116467
2025-09-07T19:30:00Z,2025-09-07T19:45:00Z,2025-09-07,2025-09-07_22,100.0,0,100,0,60.40772217391337,37.43543956521772,0.0638118961352657,0.0,3.8655000000000004,True,True,True,False,3291.25,0.0,0.0,741.7153996101364,0.0,-170.39116693248272,3862.5742326776535
2025-09-07T19:45:00Z,2025-09-07T20:00:00Z,2025-09-07,2025-09-07_22,100.0,0,100,0,37.43543956521772,17.180548260869895,0.05626358695652174,0.0,6.3655,True,True,True,False,3291.25,0.0,0.0,741.7153996101364,0.0,-39.187926634768736,3993.777472975368
2025-09-07T20:00:00Z,2025-09-07T20:15:00Z,2025-09-07,2025-09-07_23,15.451170014659379,84,100,0,17.180548260869895,14.341177305447918,0.014425396508749636,0.06594,1.513,True,True,True,False,447.00234852409585,0.0,85.49353180932128,820.8695138519699,9.085235453954752,-36.768161143599734,1325.6824684957421
2025-09-07T20:15:00Z,2025-09-07T20:30:00Z,2025-09-07,2025-09-07_23,15.451170014659379,84,100,0,14.341177305447918,11.231546037477932,0.013730616435844743,0.023520000000000003,1.1785,True,True,True,False,447.00234852409585,0.0,85.49353180932128,820.8695138519699,3.2409455018016424,-43.347878590978006,1313.2584610962108
2025-09-07T20:30:00Z,2025-09-07T20:45:00Z,2025-09-07,2025-09-07_23,15.451170014659379,84,100,0,11.231546037477932,10.040965052420248,0.017051333262210557,0.0,3.1805,True,True,True,False,447.00234852409585,0.0,85.49353180932128,820.8695138519699,0.0,-130.95616535727646,1222.4092288281106
2025-09-07T20:45:00Z,2025-09-07T21:00:00Z,2025-09-07,2025-09-07_23,15.451170014659379,84,100,0,10.040965052420248,10.00000000000031,0.019110598705961643,0.0,4.396,True,True,True,False,447.00234852409585,0.0,85.49353180932128,820.8695138519699,0.0,-151.58050603500897,1201.784888150378
2025-09-07T21:00:00Z,2025-09-07T21:15:00Z,2025-09-08,2025-09-07_24,-34.78772480623549,95,65,0,10.00000000000031,17.66443020347455,0.023537136197437285,0.5871,0.2886,True,True,True,False,-831.252684244997,0.0,96.68911335578002,73.00933309705239,80.83939393939393,-14.713559572331503,-595.4284034251021
2025-09-07T21:15:00Z,2025-09-07T21:30:00Z,2025-09-08,2025-09-07_24,-34.78772480623549,95,65,0,17.66443020347455,25.188940711149385,0.022692151502776058,0.467875,0.0035749999999999996,True,True,True,False,-831.252684244997,0.0,96.68911335578002,73.00933309705239,64.39755331088664,-0.27452891487979203,-597.4312133961578
2025-09-07T21:30:00Z,2025-09-07T21:45:00Z,2025-09-08,2025-09-07_24,-34.78772480623549,95,65,0,25.188940711149385,32.59706136726023,0.022863343305578484,0.597075,0.021124999999999998,True,True,True,False,-831.252684244997,0.0,96.68911335578002,73.00933309705239,82.19935886644218,-1.4699151603756864,-580.8247940860981
2025-09-07T21:45:00Z,2025-09-07T22:00:00Z,2025-09-08,2025-09-07_24,-34.78772480623549,95,65,0,32.59706136726023,40.5470306181035,0.022430486583320947,0.090725,0.045500000000000006,True,True,True,False,-831.252684244997,0.0,96.68911335578002,73.00933309705239,12.484758230452673,-3.3864965443912816,-652.4559761061032
2025-09-07T22:00:00Z,2025-09-07T22:15:00Z,2025-09-08,2025-09-08_1,-100.0,100,0,0,40.5470306181035,51.7084706181035,0.031003999999999997,12.868000000000002,0.0,True,True,True,False,-2184.5,0.0,101.77801405871581,0.0,7401.835149939945,0.0,5319.113163998661
2025-09-07T22:15:00Z,2025-09-07T22:30:00Z,2025-09-08,2025-09-08_1,-100.0,100,0,0,51.7084706181035,71.8495706181035,0.055947500000000004,3.1075,0.0,True,True,True,False,-2184.5,0.0,101.77801405871581,0.0,427.706346112194,0.0,-1655.01563982909
2025-09-07T22:30:00Z,2025-09-07T22:45:00Z,2025-09-08,2025-09-08_1,-100.0,100,0,0,71.8495706181035,91.4579906181035,0.05446783333333333,3.6865,0.0,True,True,True,False,-2184.5,0.0,101.77801405871581,0.0,507.8749511686061,0.0,-1574.8470347726782
2025-09-07T22:45:00Z,2025-09-07T23:00:00Z,2025-09-08,2025-09-08_1,-100.0,100,0,0,91.4579906181035,114.3885306181035,0.06369594444444444,0.0755,0.0,True,True,True,False,-2184.5,0.0,101.77801405871581,0.0,10.391934943981726,0.0,-2072.3300509973024
2025-09-07T23:00:00Z,2025-09-07T23:15:00Z,2025-09-08,2025-09-08_2,0.0,0,0,100,114.3885306181035,114.3885306181035,0.0,0.0,0.0,True,True,True,False,0.0,1100.1831177269771,0.0,0.0,0.0,0.0,1100.1831177269771
2025-09-07T23:15:00Z,2025-09-07T23:30:00Z,2025-09-08,2025-09-08_2,0.0,0,0,100,114.3885306181035,114.3885306181035,0.0,0.0,0.0,True,True,True,False,0.0,1100.1831177269771,0.0,0.0,0.0,0.0,1100.1831177269771
2025-09-07T23:30:00Z,2025-09-07T23:45:00Z,2025-09-08,2025-09-08_2,0.0,0,0,100,114.3885306181035,114.3885306181035,0.0,0.0,0.0,True,True,True,False,0.0,1100.1831177269771,0.0,0.0,0.0,0.0,1100.1831177269771
2025-09-07T23:45:00Z,2025-09-08T00:00:00Z,2025-09-08,2025-09-08_2,0.0,0,0,100,114.3885306181035,114.3885306181035,0.0,0.0,0.0,True,True,True,False,0.0,1100.1831177269771,0.0,0.0,0.0,0.0,1100.1831177269771
2025-09-08T00:00:00Z,2025-09-08T00:15:00Z,2025-09-08,2025-09-08_3,0.0,0,0,100,114.3885306181035,114.3885306181035,0.0,0.0,0.0,True,True,True,False,0.0,1100.1831177269771,0.0,0.0,0.0,0.0,1100.1831177269771
2025-09-08T00:15:00Z,2025-09-08T00:30:00Z,2025-09-08,2025-09-08_3,0.0,0,0,100,114.3885306181035,114.3885306181035,0.0,0.0,0.0,True,True,True,False,0.0,1100.1831177269771,0.0,0.0,0.0,0.0,1100.1831177269771
2025-09-08T00:30:00Z,2025-09-08T00:45:00Z,2025-09-08,2025-09-08_3,0.0,0,0,100,114.3885306181035,114.3885306181035,0.0,0.0,0.0,True,True,True,False,0.0,1100.1831177269771,0.0,0.0,0.0,0.0,1100.1831177269771
2025-09-08T00:45:00Z,2025-09-08T01:00:00Z,2025-09-08,2025-09-08_3,0.0,0,0,100,114.3885306181035,114.3885306181035,0.0,0.0,0.0,True,True,True,False,0.0,1100.1831177269771,0.0,0.0,0.0,0.0,1100.1831177269771
2025-09-08T01:00:00Z,2025-09-08T01:15:00Z,2025-09-08,2025-09-08_4,0.0,0,0,100,114.3885306181035,114.3885306181035,0.0,0.0,0.0,True,True,True,False,0.0,1100.1831177269771,0.0,0.0,0.0,0.0,1100.1831177269771
2025-09-08T01:15:00Z,2025-09-08T01:30:00Z,2025-09-08,2025-09-08_4,0.0,0,0,100,114.3885306181035,114.3885306181035,0.0,0.0,0.0,True,True,True,False,0.0,1100.1831177269771,0.0,0.0,0.0,0.0,1100.1831177269771
2025-09-08T01:30:00Z,2025-09-08T01:45:00Z,2025-09-08,2025-09-08_4,0.0,0,0,100,114.3885306181035,114.3885306181035,0.0,0.0,0.0,True,True,True,False,0.0,1100.1831177269771,0.0,0.0,0.0,0.0,1100.1831177269771
2025-09-08T01:45:00Z,2025-09-08T02:00:00Z,2025-09-08,2025-09-08_4,0.0,0,0,100,114.3885306181035,114.3885306181035,0.0,0.0,0.0,True,True,True,False,0.0,1100.1831177269771,0.0,0.0,0.0,0.0,1100.1831177269771
2025-09-08T02:00:00Z,2025-09-08T02:15:00Z,2025-09-08,2025-09-08_5,0.0,0,0,100,114.3885306181035,114.3885306181035,0.0,0.0,0.0,True,True,True,False,0.0,1100.1831177269771,0.0,0.0,0.0,0.0,1100.1831177269771
2025-09-08T02:15:00Z,2025-09-08T02:30:00Z,2025-09-08,2025-09-08_5,0.0,0,0,100,114.3885306181035,114.3885306181035,0.0,0.0,0.0,True,True,True,False,0.0,1100.1831177269771,0.0,0.0,0.0,0.0,1100.1831177269771
2025-09-08T02:30:00Z,2025-09-08T02:45:00Z,2025-09-08,2025-09-08_5,0.0,0,0,100,114.3885306181035,114.3885306181035,0.0,0.0,0.0,True,True,True,False,0.0,1100.1831177269771,0.0,0.0,0.0,0.0,1100.1831177269771
2025-09-08T02:45:00Z,2025-09-08T03:00:00Z,2025-09-08,2025-09-08_5,0.0,0,0,100,114.3885306181035,114.3885306181035,0.0,0.0,0.0,True,True,True,False,0.0,1100.1831177269771,0.0,0.0,0.0,0.0,1100.1831177269771
2025-09-08T03:00:00Z,2025-09-08T03:15:00Z,2025-09-08,2025-09-08_6,0.0,0,0,100,114.3885306181035,114.3885306181035,0.0,0.0,0.0,True,True,True,False,0.0,1100.1831177269771,0.0,0.0,0.0,0.0,1100.1831177269771
2025-09-08T03:15:00Z,2025-09-08T03:30:00Z,2025-09-08,2025-09-08_6,0.0,0,0,100,114.3885306181035,114.3885306181035,0.0,0.0,0.0,True,True,True,False,0.0,1100.1831177269771,0.0,0.0,0.0,0.0,1100.1831177269771
2025-09-08T03:30:00Z,2025-09-08T03:45:00Z,2025-09-08,2025-09-08_6,0.0,0,0,100,114.3885306181035,114.3885306181035,0.0,0.0,0.0,True,True,True,False,0.0,1100.1831177269771,0.0,0.0,0.0,0.0,1100.1831177269771
2025-09-08T03:45:00Z,2025-09-08T04:00:00Z,2025-09-08,2025-09-08_6,0.0,0,0,100,114.3885306181035,114.3885306181035,0.0,0.0,0.0,True,True,True,False,0.0,1100.1831177269771,0.0,0.0,0.0,0.0,1100.1831177269771
2025-09-08T04:00:00Z,2025-09-08T04:15:00Z,2025-09-08,2025-09-08_7,0.0,0,0,100,114.3885306181035,114.3885306181035,0.0,0.0,0.0,True,True,True,False,0.0,1100.1831177269771,0.0,0.0,0.0,0.0,1100.1831177269771
2025-09-08T04:15:00Z,2025-09-08T04:30:00Z,2025-09-08,2025-09-08_7,0.0,0,0,100,114.3885306181035,114.3885306181035,0.0,0.0,0.0,True,True,True,False,0.0,1100.1831177269771,0.0,0.0,0.0,0.0,1100.1831177269771
2025-09-08T04:30:00Z,2025-09-08T04:45:00Z,2025-09-08,2025-09-08_7,0.0,0,0,100,114.3885306181035,114.3885306181035,0.0,0.0,0.0,True,True,True,False,0.0,1100.1831177269771,0.0,0.0,0.0,0.0,1100.1831177269771
2025-09-08T04:45:00Z,2025-09-08T05:00:00Z,2025-09-08,2025-09-08_7,0.0,0,0,100,114.3885306181035,114.3885306181035,0.0,0.0,0.0,True,True,True,False,0.0,1100.1831177269771,0.0,0.0,0.0,0.0,1100.1831177269771
2025-09-08T05:00:00Z,2025-09-08T05:15:00Z,2025-09-08,2025-09-08_8,0.0,0,0,100,114.3885306181035,114.3885306181035,0.0,0.0,0.0,True,False,True,False,0.0,1100.1831177269771,0.0,0.0,0.0,0.0,1100.1831177269771
2025-09-08T05:15:00Z,2025-09-08T05:30:00Z,2025-09-08,2025-09-08_8,0.0,0,0,100,114.3885306181035,114.3885306181035,0.0,0.0,0.0,True,False,True,False,0.0,1100.1831177269771,0.0,0.0,0.0,0.0,1100.1831177269771
2025-09-08T05:30:00Z,2025-09-08T05:45:00Z,2025-09-08,2025-09-08_8,0.0,0,0,100,114.3885306181035,114.3885306181035,0.0,0.0,0.0,True,False,True,False,0.0,1100.1831177269771,0.0,0.0,0.0,0.0,1100.1831177269771
2025-09-08T05:45:00Z,2025-09-08T06:00:00Z,2025-09-08,2025-09-08_8,0.0,0,0,100,114.3885306181035,114.3885306181035,0.0,0.0,0.0,True,False,True,False,0.0,1100.1831177269771,0.0,0.0,0.0,0.0,1100.1831177269771
2025-09-08T06:00:00Z,2025-09-08T06:15:00Z,2025-09-08,2025-09-08_9,100.0,0,100,0,114.3885306181035,110.5510306181035,0.010659722222222223,0.0,21.4695,True,True,True,False,3094.5,0.0,0.0,131.31313131313132,0.0,5131.103547758285,8356.916679071415
2025-09-08T06:15:00Z,2025-09-08T06:30:00Z,2025-09-08,2025-09-08_9,100.0,0,100,0,110.5510306181035,87.36787844419045,0.06439764492753623,0.0,3.6715,True,True,True,False,3094.5,0.0,0.0,131.31313131313132,0.0,413.2564695689842,3639.0696008821155
2025-09-08T06:30:00Z,2025-09-08T06:45:00Z,2025-09-08,2025-09-08_9,100.0,0,100,0,87.36787844419045,66.51135670506002,0.05793478260869565,0.0,5.812,True,True,True,False,3094.5,0.0,0.0,131.31313131313132,0.0,742.7359954319019,3968.5491267450334
2025-09-08T06:45:00Z,2025-09-08T07:00:00Z,2025-09-08,2025-09-08_9,100.0,0,100,0,66.51135670506002,57.95700887897306,0.023762077294685997,0.0,17.13,True,True,True,False,3094.5,0.0,0.0,131.31313131313132,0.0,4179.831980624963,7405.6451119380945
2025-09-08T07:00:00Z,2025-09-08T07:15:00Z,2025-09-08,2025-09-08_10,1.8879848255117353,10,12,88,57.95700887897306,57.82608695652162,0.0021043767700907982,0.00030000000000000003,0.40416,True,True,True,False,47.98785430244453,968.16114359974,5.877488333628683,28.45295055821371,0.037391458444090024,-14.411912528796737,1036.1049157236741
2025-09-08T07:15:00Z,2025-09-08T07:30:00Z,2025-09-08,2025-09-08_10,1.8879848255117353,10,12,88,57.82608695652162,58.759985411803896,0.003991624573773853,0.0,1.5291000000000001,True,True,True,False,47.98785430244453,968.16114359974,5.877488333628683,28.45295055821371,0.0,25.155015240120505,1075.6344520341474
2025-09-08T07:30:00Z,2025-09-08T07:45:00Z,2025-09-08,2025-09-08_10,1.8879848255117353,10,12,88,58.759985411803896,58.735390474537205,0.002291490748586163,0.0,0.51618,True,True,True,False,47.98785430244453,968.16114359974,5.877488333628683,28.45295055821371,0.0,-11.930977222517571,1038.5484595715093
2025-09-08T07:45:00Z,2025-09-08T08:00:00Z,2025-09-08,2025-09-08_10,1.8879848255117353,10,12,88,58.735390474537205,59.4955047043477,0.003684115783103872,0.00015000000000000001,1.34562,True,True,True,False,47.98785430244453,968.16114359974,5.877488333628683,28.45295055821371,0.0177210703526493,-4.251710898458266,1046.2454469659212
2025-09-08T08:00:00Z,2025-09-08T08:15:00Z,2025-09-08,2025-09-08_11,0.0,9,9,91,59.4955047043477,59.808240304347706,0.0008687099999999999,0.0,0.33992999999999995,True,True,True,False,0.0,1001.1666371315492,3.854332801701222,61.754385964912274,0.0,-7.3925588516746386,1059.3827970464881
2025-09-08T08:15:00Z,2025-09-08T08:30:00Z,2025-09-08,2025-09-08_11,0.0,9,9,91,59.808240304347706,59.831011556521624,8.716652173913045e-05,0.00396,0.029430000000000005,True,True,True,False,0.0,1001.1666371315492,3.854332801701222,61.754385964912274,0.5295945419103314,-1.7822977671451359,1065.522652672928
2025-09-08T08:30:00Z,2025-09-08T08:45:00Z,2025-09-08,2025-09-08_11,0.0,9,9,91,59.831011556521624,59.948102886956406,0.00034128630434782613,0.002655,0.13041,True,True,True,False,0.0,1001.1666371315492,3.854332801701222,61.754385964912274,0.3478114300903774,-5.804756140350876,1061.3184111879023
2025-09-08T08:45:00Z,2025-09-08T09:00:00Z,2025-09-08,2025-09-08_11,0.0,9,9,91,59.948102886956406,59.99388901739119,0.00015571630434782607,0.004725,0.05535,True,True,True,False,0.0,1001.1666371315492,3.854332801701222,61.754385964912274,0.6206982987772461,-2.8217525252525255,1064.5743016716874
2025-09-08T09:00:00Z,2025-09-08T09:15:00Z,2025-09-08,2025-09-08_12,0.0,100,100,0,59.99388901739119,57.544785539130324,0.007158287439613525,2.312,0.0695,True,True,True,False,0.0,0.0,42.82592001890247,841.278279874771,286.1536456179731,-4.297362612479572,1165.960482899167
2025-09-08T09:15:00Z,2025-09-08T09:30:00Z,2025-09-08,2025-09-08_12,0.0,100,100,0,57.544785539130324,58.85867684347815,0.005358635265700482,0.283,1.7624999999999997,True,True,True,False,0.0,0.0,42.82592001890247,841.278279874771,30.647606670998478,-23.022823261858342,891.7289833028136
2025-09-08T09:30:00Z,2025-09-08T09:45:00Z,2025-09-08,2025-09-08_12,0.0,100,100,0,58.85867684347815,64.76737684347815,0.016413055555555556,0.0,6.4225,True,True,True,False,0.0,0.0,42.82592001890247,841.278279874771,0.0,-22.331487880756885,861.7727120129166
2025-09-08T09:45:00Z,2025-09-08T10:00:00Z,2025-09-08,2025-09-08_12,0.0,100,100,0,64.76737684347815,69.64613684347815,0.01355211111111111,0.0,5.303,True,True,True,False,0.0,0.0,42.82592001890247,841.278279874771,0.0,-35.714614369819046,848.3895855238544
2025-09-08T10:00:00Z,2025-09-08T10:15:00Z,2025-09-08,2025-09-08_13,-7.0,9,2,91,69.64613684347815,71.37380484347814,0.004799077777777777,0.0,0.12789999999999999,True,True,True,False,-75.0225,1001.1666371315492,3.854332801701222,16.82556559749542,0.0,-0.9089520349695787,945.9150834957763
2025-09-08T10:15:00Z,2025-09-08T10:30:00Z,2025-09-08,2025-09-08_13,-7.0,9,2,91,71.37380484347814,72.92990008695641,0.004404914323671498,0.061425,0.0053100000000000005,True,True,True,False,-75.0225,1001.1666371315492,3.854332801701222,16.82556559749542,6.313397129186603,-0.32715045188729397,952.8102822080452
2025-09-08T10:30:00Z,2025-09-08T10:45:00Z,2025-09-08,2025-09-08_13,-7.0,9,2,91,72.92990008695641,74.50110239130423,0.0044275547101449274,0.047025,0.006750000000000001,True,True,True,False,-75.0225,1001.1666371315492,3.854332801701222,16.82556559749542,4.838787037037037,-0.4079385964912281,951.2548839712917
2025-09-08T10:45:00Z,2025-09-08T11:00:00Z,2025-09-08,2025-09-08_13,-7.0,9,2,91,74.50110239130423,76.12269269565206,0.004511965821256039,0.005625,0.01845,True,True,True,False,-75.0225,1001.1666371315492,3.854332801701222,16.82556559749542,0.5781499202551833,-0.9550464292043239,946.4471390217967
2025-09-08T11:00:00Z,2025-09-08T11:15:00Z,2025-09-08,2025-09-08_14,0.0,9,9,91,76.12269269565206,76.23530531304337,0.0003291171739130435,0.0026999999999999997,0.125595,True,True,True,False,0.0,1001.1666371315492,3.854332801701222,75.71504518872938,0.26315789473684204,-4.294717402091086,1076.7044556146257
2025-09-08T11:15:00Z,2025-09-08T11:30:00Z,2025-09-08,2025-09-08_14,0.0,9,9,91,76.23530531304337,76.03182814782598,0.0005861443478260869,0.190665,0.004095,True,True,True,False,0.0,1001.1666371315492,3.854332801701222,75.71504518872938,20.575992255892253,-0.29080248981038453,1101.0212048880617
2025-09-08T11:30:00Z,2025-09-08T11:45:00Z,2025-09-08,2025-09-08_14,0.0,9,9,91,76.03182814782598,75.11612706086946,0.002543614130434782,0.8424449999999999,0.0,True,True,True,False,0.0,1001.1666371315492,3.854332801701222,75.71504518872938,129.92201486797802,0.0,1210.6580299899579
2025-09-08T11:45:00Z,2025-09-08T12:00:00Z,2025-09-08,2025-09-08_14,0.0,9,9,91,75.11612706086946,75.05558820869554,0.0003204234782608695,0.08091,0.02979,True,True,True,False,0.0,1001.1666371315492,3.854332801701222,75.71504518872938,8.037901169590642,-1.6390864256601099,1087.1348298659104
2025-09-08T12:00:00Z,2025-09-08T12:15:00Z,2025-09-08,2025-09-08_15,0.0,100,100,0,75.05558820869554,89.58376820869555,0.040356055555555555,0.0,15.7915,True,True,True,False,0.0,0.0,42.82592001890247,836.5526611140647,0.0,8725.056385393898,9604.434966526866
2025-09-08T12:15:00Z,2025-09-08T12:30:00Z,2025-09-08,2025-09-08_15,0.0,100,100,0,89.58376820869555,95.75650820869555,0.017146500000000002,0.0,6.7095,True,True,True,False,0.0,0.0,42.82592001890247,836.5526611140647,0.0,-36.88527379053695,842.4933073424302
2025-09-08T12:30:00Z,2025-09-08T12:45:00Z,2025-09-08,2025-09-08_15,0.0,100,100,0,95.75650820869555,103.81248820869556,0.022377722222222226,0.0,8.7565,True,True,True,False,0.0,0.0,42.82592001890247,836.5526611140647,0.0,-111.83257585602614,767.5460052769411
2025-09-08T12:45:00Z,2025-09-08T13:00:00Z,2025-09-08,2025-09-08_15,0.0,100,100,0,103.81248820869556,114.10590820869555,0.02859283333333333,0.0,11.1885,True,True,True,False,0.0,0.0,42.82592001890247,836.5526611140647,0.0,-89.46922677063027,789.9093543623369
2025-09-08T13:00:00Z,2025-09-08T13:15:00Z,2025-09-08,2025-09-08_16,0.0,100,100,0,114.10590820869555,135.17344820869556,0.058520944444444445,0.0,22.8995,True,True,True,False,0.0,0.0,58.77488333628684,239.82515210585385,0.0,9583.048698584284,9881.648734026425
2025-09-08T13:15:00Z,2025-09-08T13:30:00Z,2025-09-08,2025-09-08_16,0.0,100,100,0,135.17344820869556,145.61130820869556,0.028994055555555558,0.0,11.3455,True,True,True,False,0.0,0.0,58.77488333628684,239.82515210585385,0.0,-14.082744009293716,284.51729143284695
2025-09-08T13:30:00Z,2025-09-08T13:45:00Z,2025-09-08,2025-09-08_16,0.0,100,100,0,145.61130820869556,146.94602733913032,0.003864557971014493,0.026,1.4815,True,True,True,False,0.0,0.0,58.77488333628684,239.82515210585385,2.3800389863547755,-83.07333234882941,217.90674207966606
2025-09-08T13:45:00Z,2025-09-08T14:00:00Z,2025-09-08,2025-09-08_16,0.0,100,100,0,146.94602733913032,147.70005777391293,0.0022243599033816425,0.0215,0.845,True,True,True,False,0.0,0.0,58.77488333628684,239.82515210585385,1.9813130328627402,-37.40597889223619,263.17536958276725
2025-09-08T14:00:00Z,2025-09-08T14:15:00Z,2025-09-08,2025-09-08_17,0.0,9,9,91,147.70005777391293,148.02686937391294,0.00090781,0.0,0.35523,True,True,True,False,0.0,1001.1666371315492,8.282828282828282,11.557682083997872,0.0,-14.588791866028705,1006.4183556323467
2025-09-08T14:15:00Z,2025-09-08T14:30:00Z,2025-09-08,2025-09-08_17,0.0,9,9,91,148.02686937391294,148.094611747826,0.0002012167391304348,0.00216,0.076185,True,True,True,False,0.0,1001.1666371315492,8.282828282828282,11.557682083997872,0.20135587453482187,-4.3230303473329785,1016.8854730255772
2025-09-08T14:30:00Z,2025-09-08T14:45:00Z,2025-09-08,2025-09-08_17,0.0,9,9,91,148.094611747826,148.1078321999999,8.563652173913043e-05,0.0081,0.02394,True,True,True,False,0.0,1001.1666371315492,8.282828282828282,11.557682083997872,0.7562472089314193,-1.6004262626262626,1020.1629684446806
2025-09-08T14:45:00Z,2025-09-08T15:00:00Z,2025-09-08,2025-09-08_17,0.0,9,9,91,148.1078321999999,148.06971195652164,0.0002845995652173913,0.064665,0.034965,True,True,True,False,0.0,1001.1666371315492,8.282828282828282,11.557682083997872,8.166593487506645,-2.039821212121212,1027.133919773761
2025-09-08T15:00:00Z,2025-09-08T15:15:00Z,2025-09-08,2025-09-08_18,4.328205453343587,95,100,0,148.06971195652164,159.09057625142995,0.03391105427776428,0.03515,13.1955,True,True,True,False,147.19144695458203,0.0,84.0628507295174,108.30527497194163,3.287504676393565,5230.276122334455,5573.123199666889
2025-09-08T15:15:00Z,2025-09-08T15:30:00Z,2025-09-08,2025-09-08_18,4.328205453343587,95,100,0,159.09057625142995,159.87973117552545,0.008313835351779831,0.024699999999999996,2.1485,True,True,True,False,147.19144695458203,0.0,84.0628507295174,108.30527497194163,2.2961073699962586,-101.79178165672316,240.06389836931416
2025-09-08T15:30:00Z,2025-09-08T15:45:00Z,2025-09-08,2025-09-08_18,4.328205453343587,95,100,0,159.87973117552545,163.5995323865426,0.015524966280380264,0.0066500000000000005,5.288,True,True,True,False,147.19144695458203,0.0,84.0628507295174,108.30527497194163,0.6219603441825664,247.73020654892,587.9117395491436
2025-09-08T15:45:00Z,2025-09-08T16:00:00Z,2025-09-08,2025-09-08_18,4.328205453343587,95,100,0,163.5995323865426,162.8975176490384,0.004673710626261076,0.03895,0.557,True,True,True,False,147.19144695458203,0.0,84.0628507295174,108.30527497194163,3.5914726898615785,-1.6100104357414298,341.5410349101612
2025-09-08T16:00:00Z,2025-09-08T16:15:00Z,2025-09-08,2025-09-08_19,12.789940599934756,87,100,0,162.8975176490384,181.3564714767645,0.05258707639823008,0.0,23.301,True,True,True,False,704.8536264624043,0.0,91.14212298422822,106.62177328843995,0.0,18218.131871345027,19120.7493940801
2025-09-08T16:15:00Z,2025-09-08T16:30:00Z,2025-09-08,2025-09-08_19,12.789940599934756,87,100,0,181.3564714767645,188.0221469030949,0.029503837833723984,0.0,10.773,True,True,True,False,704.8536264624043,0.0,91.14212298422822,106.62177328843995,0.0,3637.588181818182,4540.205704553255
2025-09-08T16:30:00Z,2025-09-08T16:45:00Z,2025-09-08,2025-09-08_19,12.789940599934756,87,100,0,188.0221469030949,186.81151642389543,0.014087374146844798,0.0,2.406,True,True,True,False,704.8536264624043,0.0,91.14212298422822,106.62177328843995,0.0,-125.86411483253588,776.7534079025367
2025-09-08T16:45:00Z,2025-09-08T17:00:00Z,2025-09-08,2025-09-08_19,12.789940599934756,87,100,0,186.81151642389543,177.2823966956523,0.02646977702289761,5.569305,0.0,True,True,True,False,704.8536264624043,0.0,91.14212298422822,106.62177328843995,1604.6050797389091,0.0,2507.2226024739816
2025-09-08T17:00:00Z,2025-09-08T17:15:00Z,2025-09-08,2025-09-08_20,100.0,0,100,0,177.2823966956523,150.13891843478274,0.07539855072463766,0.0,0.028000000000000004,True,True,True,False,10389.5,0.0,0.0,105.97200070884281,0.0,-2.1501565361214485,10493.321844172722
2025-09-08T17:15:00Z,2025-09-08T17:30:00Z,2025-09-08,2025-09-08_20,100.0,0,100,0,150.13891843478274,122.96500539130449,0.07548309178743962,0.0,0.0,True,True,True,False,10389.5,0.0,0.0,105.97200070884281,0.0,0.0,10495.472000708844
2025-09-08T17:30:00Z,2025-09-08T17:45:00Z,2025-09-08,2025-09-08_20,100.0,0,100,0,122.96500539130449,95.79544017391318,0.07547101449275362,0.0,0.004,True,True,True,False,10389.5,0.0,0.0,105.97200070884281,0.0,-0.3071652194459212,10495.164835489397
2025-09-08T17:45:00Z,2025-09-08T18:00:00Z,2025-09-08,2025-09-08_20,100.0,0,100,0,95.79544017391318,68.62152713043491,0.07548309178743962,0.0,0.0,True,True,True,False,10389.5,0.0,0.0,105.97200070884281,0.0,0.0,10495.472000708844
2025-09-08T18:00:00Z,2025-09-08T18:15:00Z,2025-09-08,2025-09-08_21,55.00000000000003,45,100,0,68.62152713043491,48.50772278260882,0.05587167874396138,4.754700000000001,0.0,True,True,True,False,4289.725000000002,0.0,69.71026049973419,101.65987358969814,1794.1079234449762,0.0,6255.203057534411
2025-09-08T18:15:00Z,2025-09-08T18:30:00Z,2025-09-08,2025-09-08_21,55.00000000000003,45,100,0,48.50772278260882,32.025980434782724,0.045801017632850265,1.42065,0.008,True,True,True,False,4289.725000000002,0.0,69.71026049973419,101.65987358969814,476.72322417153987,-0.6143304388918424,4937.204027822083
2025-09-08T18:30:00Z,2025-09-08T18:45:00Z,2025-09-08,2025-09-08_21,55.00000000000003,45,100,0,32.025980434782724,17.377485217391417,0.04228301449275364,0.37125,0.6925,True,True,True,False,4289.725000000002,0.0,69.71026049973419,101.65987358969814,51.16959064327485,-52.94167749620965,4459.323047236499
2025-09-08T18:45:00Z,2025-09-08T19:00:00Z,2025-09-08,2025-09-08_21,55.00000000000003,45,100,0,17.377485217391417,13.154660000000103,0.036104320048309185,0.0,10.5975,True,True,True,False,4289.725000000002,0.0,69.71026049973419,101.65987358969814,0.0,512.1738968633705,4973.269030952805
2025-09-08T19:00:00Z,2025-09-08T19:15:00Z,2025-09-08,2025-09-08_22,0.0,100,100,0,13.154660000000103,10.000000000000103,0.021167611111111113,4.9565,2.427,True,True,True,False,0.0,0.0,146.46464646464648,101.9847598794967,1105.2193754307204,95.51829405162738,1449.187075826491
2025-09-08T19:15:00Z,2025-09-08T19:30:00Z,2025-09-08,2025-09-08_22,0.0,100,100,0,10.000000000000103,17.342520000000103,0.020395888888888887,0.0,7.980999999999999,True,True,True,False,0.0,0.0,146.46464646464648,101.9847598794967,0.0,-369.5064553921278,-121.05704904798462
2025-09-08T19:30:00Z,2025-09-08T19:45:00Z,2025-09-08,2025-09-08_22,0.0,100,100,0,17.342520000000103,28.7371800000001,0.03165183333333333,0.0,12.3855,True,True,True,False,0.0,0.0,146.46464646464648,101.9847598794967,0.0,-518.7048473034438,-270.2554409593006
2025-09-08T19:45:00Z,2025-09-08T20:00:00Z,2025-09-08,2025-09-08_22,0.0,100,100,0,28.7371800000001,41.865120000000104,0.0364665,0.0,14.2695,True,True,True,False,0.0,0.0,146.46464646464648,101.9847598794967,0.0,8184.411127060073,8432.860533404217
2025-09-08T20:00:00Z,2025-09-08T20:15:00Z,2025-09-08,2025-09-08_23,57.71085523268377,42,100,0,41.865120000000104,33.41416712256442,0.038853551538315705,0.0,7.115,True,True,True,False,2176.9977365149134,0.0,58.99698741804005,104.43617461161321,0.0,2412.01540059464,4752.4462991392065
2025-09-08T20:15:00Z,2025-09-08T20:30:00Z,2025-09-08,2025-09-08_23,57.71085523268377,42,100,0,33.41416712256442,21.6483820778805,0.04101186522478785,0.0,3.8535,True,True,True,False,2176.9977365149134,0.0,58.99698741804005,104.43617461161321,0.0,-199.4006234863252,2141.0302750582414
2025-09-08T20:30:00Z,2025-09-08T20:45:00Z,2025-09-08,2025-09-08_23,57.71085523268377,42,100,0,21.6483820778805,18.879853436865165,0.035153679755066954,0.0,12.706000000000001,True,True,True,False,2176.9977365149134,0.0,58.99698741804005,104.43617461161321,0.0,5961.332364975289,8301.763263519855
2025-09-08T20:45:00Z,2025-09-08T21:00:00Z,2025-09-08,2025-09-08_23,57.71085523268377,42,100,0,18.879853436865165,10.000000000000156,0.03913281211648257,0.0,6.692999999999999,True,True,True,False,2176.9977365149134,0.0,58.99698741804005,104.43617461161321,0.0,12.59607655502392,2353.026975099591
2025-09-08T21:00:00Z,2025-09-08T21:15:00Z,2025-09-09,2025-09-08_24,-54.9895127653736,100,45,0,10.000000000000156,23.243987048372656,0.03680516105969461,0.006,0.65475,True,True,True,False,-1871.430593187577,0.0,129.16042274627338,47.754160422746274,0.8269579619843836,-34.927444839892736,-1728.6164968964656
2025-09-08T21:15:00Z,2025-09-08T21:30:00Z,2025-09-09,2025-09-08_24,-54.9895127653736,100,45,0,23.243987048372656,35.59041346306244,0.03549020073764181,0.43949999999999995,0.14805,True,True,True,False,-1871.430593187577,0.0,129.16042274627338,47.754160422746274,60.028285452322734,-9.017604178168623,-1643.5053287444032
2025-09-08T21:30:00Z,2025-09-08T21:45:00Z,2025-09-09,2025-09-08_24,-54.9895127653736,100,45,0,35.59041346306244,49.092083399098364,0.03750463871121091,0.0,0.9283500000000001,True,True,True,False,-1871.430593187577,0.0,129.16042274627338,47.754160422746274,0.0,-46.55350521531667,-1741.069515233874
2025-09-08T21:45:00Z,2025-09-08T22:00:00Z,2025-09-09,2025-09-08_24,-54.9895127653736,100,45,0,49.092083399098364,63.45549433513429,0.03989836371121091,0.0,1.8650249999999997,True,True,True,False,-1871.430593187577,0.0,129.16042274627338,47.754160422746274,0.0,-94.9656491146778,-1789.481659133235
2025-09-08T22:00:00Z,2025-09-08T22:15:00Z,2025-09-09,2025-09-09_1,-2.0,2,0,98,63.45549433513429,63.90629433513429,0.0012522222222222223,0.01,0.0,True,True,True,False,-54.15,1079.68885558798,2.5832084549254675,0.0,1.364460919630886,0.0,1029.4865249625364
2025-09-08T22:15:00Z,2025-09-08T22:30:00Z,2025-09-09,2025-09-09_1,-2.0,2,0,98,63.90629433513429,64.35623873513428,0.0012498455555555558,0.01093,0.0,True,True,True,False,-54.15,1079.68885558798,2.5832084549254675,0.0,1.5039073113021533,0.0,1029.6259713542076
2025-09-08T22:30:00Z,2025-09-08T22:45:00Z,2025-09-09,2025-09-09_1,-2.0,2,0,98,64.35623873513428,64.81623873513429,0.001277777777777778,0.0,0.0,True,True,True,False,-54.15,1079.68885558798,2.5832084549254675,0.0,0.0,0.0,1028.1220640429055
2025-09-08T22:45:00Z,2025-09-08T23:00:00Z,2025-09-09,2025-09-09_1,-2.0,2,0,98,64.81623873513429,65.27623873513429,0.0012777777777777779,0.0,0.0,True,True,True,False,-54.15,1079.68885558798,2.5832084549254675,0.0,0.0,0.0,1028.1220640429055
2025-09-08T23:00:00Z,2025-09-08T23:15:00Z,2025-09-09,2025-09-09_2,0.0,0,0,100,65.27623873513429,65.27623873513429,0.0,0.0,0.0,True,True,True,False,0.0,1101.7233220285511,0.0,0.0,0.0,0.0,1101.7233220285511
2025-09-08T23:15:00Z,2025-09-08T23:30:00Z,2025-09-09,2025-09-09_2,0.0,0,0,100,65.27623873513429,65.27623873513429,0.0,0.0,0.0,True,True,True,False,0.0,1101.7233220285511,0.0,0.0,0.0,0.0,1101.7233220285511
2025-09-08T23:30:00Z,2025-09-08T23:45:00Z,2025-09-09,2025-09-09_2,0.0,0,0,100,65.27623873513429,65.27623873513429,0.0,0.0,0.0,True,True,True,False,0.0,1101.7233220285511,0.0,0.0,0.0,0.0,1101.7233220285511
2025-09-08T23:45:00Z,2025-09-09T00:00:00Z,2025-09-09,2025-09-09_2,0.0,0,0,100,65.27623873513429,65.27623873513429,0.0,0.0,0.0,True,True,True,False,0.0,1101.7233220285511,0.0,0.0,0.0,0.0,1101.7233220285511
2025-09-09T00:00:00Z,2025-09-09T00:15:00Z,2025-09-09,2025-09-09_3,0.0,0,0,100,65.27623873513429,65.27623873513429,0.0,0.0,0.0,True,True,True,False,0.0,1101.7233220285511,0.0,0.0,0.0,0.0,1101.7233220285511
2025-09-09T00:15:00Z,2025-09-09T00:30:00Z,2025-09-09,2025-09-09_3,0.0,0,0,100,65.27623873513429,65.27623873513429,0.0,0.0,0.0,True,True,True,False,0.0,1101.7233220285511,0.0,0.0,0.0,0.0,1101.7233220285511
2025-09-09T00:30:00Z,2025-09-09T00:45:00Z,2025-09-09,2025-09-09_3,0.0,0,0,100,65.27623873513429,65.27623873513429,0.0,0.0,0.0,True,True,True,False,0.0,1101.7233220285511,0.0,0.0,0.0,0.0,1101.7233220285511
2025-09-09T00:45:00Z,2025-09-09T01:00:00Z,2025-09-09,2025-09-09_3,0.0,0,0,100,65.27623873513429,65.27623873513429,0.0,0.0,0.0,True,True,True,False,0.0,1101.7233220285511,0.0,0.0,0.0,0.0,1101.7233220285511
2025-09-09T01:00:00Z,2025-09-09T01:15:00Z,2025-09-09,2025-09-09_4,-20.0,20,0,80,65.27623873513429,69.87605473513428,0.012777266666666667,0.0002,0.0,True,True,True,False,-512.7,881.3786576228408,25.122249388753055,0.0,0.026185030365170753,0.0,393.827092041959
2025-09-09T01:15:00Z,2025-09-09T01:30:00Z,2025-09-09,2025-09-09_4,-20.0,20,0,80,69.87605473513428,74.47605473513427,0.012777777777777779,0.0,0.0,True,True,True,False,-512.7,881.3786576228408,25.122249388753055,0.0,0.0,0.0,393.80090701159384
2025-09-09T01:30:00Z,2025-09-09T01:45:00Z,2025-09-09,2025-09-09_4,-20.0,20,0,80,74.47605473513427,79.06225473513426,0.012739444444444446,0.015,0.0,True,True,True,False,-512.7,881.3786576228408,25.122249388753055,0.0,1.8961264689644293,0.0,395.6970334805583
2025-09-09T01:45:00Z,2025-09-09T02:00:00Z,2025-09-09,2025-09-09_4,-20.0,20,0,80,79.06225473513426,83.60291473513426,0.012612944444444444,0.0645,0.0,True,True,True,False,-512.7,881.3786576228408,25.122249388753055,0.0,8.445816901963877,0.0,402.24672391355773
2025-09-09T02:00:00Z,2025-09-09T02:15:00Z,2025-09-09,2025-09-09_5,-100.0,100,0,0,83.60291473513426,106.56335473513425,0.063779,0.043,0.0,True,True,True,False,-2562.5,0.0,146.78799589873017,0.0,5.463957331019796,0.0,-2410.24804677025
2025-09-09T02:15:00Z,2025-09-09T02:30:00Z,2025-09-09,2025-09-09_5,-100.0,100,0,0,106.56335473513425,128.59919473513426,0.06121066666666666,1.048,0.0,True,True,True,False,-2562.5,0.0,146.78799589873017,0.0,144.52278728606356,0.0,-2271.1892168152062
2025-09-09T02:30:00Z,2025-09-09T02:45:00Z,2025-09-09,2025-09-09_5,-100.0,100,0,0,128.59919473513426,149.68697473513427,0.05857716666666667,2.0785,0.0,True,True,True,False,-2562.5,0.0,146.78799589873017,0.0,286.82160669216813,0.0,-2128.8903974091018
2025-09-09T02:45:00Z,2025-09-09T03:00:00Z,2025-09-09,2025-09-09_5,-100.0,100,0,0,149.68697473513427,171.86173473513426,0.06159655555555556,0.897,0.0,True,True,True,False,-2562.5,0.0,146.78799589873017,0.0,123.74199542550674,0.0,-2291.970008675763
2025-09-09T03:00:00Z,2025-09-09T03:15:00Z,2025-09-09,2025-09-09_6,0.0,100,100,0,171.86173473513426,185.52143473513428,0.037943611111111115,0.0,14.8475,True,True,True,False,0.0,0.0,143.15009070115937,105.8837447748245,0.0,4168.252065916082,4417.285901392066
2025-09-09T03:15:00Z,2025-09-09T03:30:00Z,2025-09-09,2025-09-09_6,0.0,100,100,0,185.52143473513428,188.75247473513429,0.00897511111111111,0.0,3.512,True,True,True,False,0.0,0.0,143.15009070115937,105.8837447748245,0.0,-165.2944585535137,83.73937692247019
2025-09-09T03:30:00Z,2025-09-09T03:45:00Z,2025-09-09,2025-09-09_6,0.0,100,100,0,188.75247473513429,188.73771125687344,0.003920342995169083,0.656,0.759,True,True,True,False,0.0,0.0,143.15009070115937,105.8837447748245,90.47072482056944,-45.74173751873176,293.76282277782155
2025-09-09T03:45:00Z,2025-09-09T04:00:00Z,2025-09-09,2025-09-09_6,0.0,100,100,0,188.73771125687344,182.77521125687343,0.016562499999999997,5.4855,0.0,True,True,True,False,0.0,0.0,143.15009070115937,105.8837447748245,882.2552159081947,0.0,1131.2890513841785
2025-09-09T04:00:00Z,2025-09-09T04:15:00Z,2025-09-09,2025-09-09_7,0.0,100,100,0,182.77521125687343,168.99042864817778,0.03829106280193237,12.682000000000002,0.0,True,True,True,False,0.0,0.0,152.0230302074296,105.5288271945737,8147.489835554855,0.0,8405.041692956858
2025-09-09T04:15:00Z,2025-09-09T04:30:00Z,2025-09-09,2025-09-09_7,0.0,100,100,0,168.99042864817778,147.12738516991692,0.06073067632850242,20.114,0.0,True,True,True,False,0.0,0.0,152.0230302074296,105.5288271945737,7200.800895181009,0.0,7458.352752583012
2025-09-09T04:30:00Z,2025-09-09T04:45:00Z,2025-09-09,2025-09-09_7,0.0,100,100,0,147.12738516991692,140.60836343078648,0.01810839371980676,5.9975,0.0,True,True,True,False,0.0,0.0,152.0230302074296,105.5288271945737,1472.6738499684516,0.0,1730.225707370455
2025-09-09T04:45:00Z,2025-09-09T05:00:00Z,2025-09-09,2025-09-09_7,0.0,100,100,0,140.60836343078648,114.2116243003517,0.07332427536231884,24.285,0.0,True,True,True,False,0.0,0.0,152.0230302074296,105.5288271945737,24614.01300378579,0.0,24871.56486118779
2025-09-09T05:00:00Z,2025-09-09T05:15:00Z,2025-09-09,2025-09-09_8,6.0,0,0,94,114.2116243003517,112.581189517743,0.004528985507246377,0.0,0.0,True,False,True,False,324.24,1035.619922706838,0.0,0.0,0.0,0.0,1359.859922706838
2025-09-09T05:15:00Z,2025-09-09T05:30:00Z,2025-09-09,2025-09-09_8,6.0,0,0,94,112.581189517743,110.9507547351343,0.004528985507246377,0.0,0.0,True,False,True,False,324.24,1035.619922706838,0.0,0.0,0.0,0.0,1359.859922706838
2025-09-09T05:30:00Z,2025-09-09T05:45:00Z,2025-09-09,2025-09-09_8,6.0,0,0,94,110.9507547351343,109.3203199525256,0.004528985507246377,0.0,0.0,True,False,True,False,324.24,1035.619922706838,0.0,0.0,0.0,0.0,1359.859922706838
2025-09-09T05:45:00Z,2025-09-09T06:00:00Z,2025-09-09,2025-09-09_8,6.0,0,0,94,109.3203199525256,107.68988516991689,0.004528985507246377,0.0,0.0,True,False,True,False,324.24,1035.619922706838,0.0,0.0,0.0,0.0,1359.859922706838
2025-09-09T06:00:00Z,2025-09-09T06:15:00Z,2025-09-09,2025-09-09_9,-1.8637396947626273e-14,100,100,0,107.68988516991689,84.5040747351343,0.06553458454106278,21.518,0.22100000000000003,True,True,True,False,-7.580295273523296e-13,0.0,141.43465572994717,112.18353182427637,25534.788090149068,-13.404062228882404,25775.002215474407
2025-09-09T06:15:00Z,2025-09-09T06:30:00Z,2025-09-09,2025-09-09_9,-1.8637396947626273e-14,100,100,0,84.5040747351343,72.372009517743,0.03370018115942029,11.1615,0.0,True,True,True,False,-7.580295273523296e-13,0.0,141.43465572994717,112.18353182427637,2990.998538922628,0.0,3244.616726476851
2025-09-09T06:30:00Z,2025-09-09T06:45:00Z,2025-09-09,2025-09-09_9,-1.8637396947626273e-14,100,100,0,72.372009517743,63.48179212643865,0.024695048309178742,8.179,0.0,True,True,True,False,-7.580295273523296e-13,0.0,141.43465572994717,112.18353182427637,1993.8126794305547,0.0,2247.4308669847774
2025-09-09T06:45:00Z,2025-09-09T07:00:00Z,2025-09-09,2025-09-09_9,-1.8637396947626273e-14,100,100,0,63.48179212643865,59.48899734382995,0.012966874396135274,3.984,0.367,True,True,True,False,-7.580295273523296e-13,0.0,141.43465572994717,112.18353182427637,999.4823471882642,-25.97800772931619,1227.1225270131708
2025-09-09T07:00:00Z,2025-09-09T07:15:00Z,2025-09-09,2025-09-09_10,-7.580545653547045,9,1,91,59.48899734382995,61.028937646845556,0.004483029968598573,0.21568500000000002,0.00057,True,True,True,False,-231.7751833572009,1002.5682230459814,3.8863475037463515,1.8733732944238504,30.910412912098746,-0.04383232116097484,807.4193410778885
2025-09-09T07:15:00Z,2025-09-09T07:30:00Z,2025-09-09,2025-09-09_10,-7.580545653547045,9,1,91,61.028937646845556,62.762828147504635,0.0048266055449709445,0.010754999999999999,0.0005899999999999999,True,True,True,False,-231.7751833572009,1002.5682230459814,3.8863475037463515,1.8733732944238504,1.484442779399006,-0.04537029734206167,777.9918329690076
2025-09-09T07:30:00Z,2025-09-09T07:45:00Z,2025-09-09,2025-09-09_10,-7.580545653547045,9,1,91,62.762828147504635,64.27605431500186,0.004435181658072513,0.24336000000000002,0.0,True,True,True,False,-231.7751833572009,1002.5682230459814,3.8863475037463515,1.8733732944238504,37.71216272576702,0.0,814.2649232127178
2025-09-09T07:45:00Z,2025-09-09T08:00:00Z,2025-09-09,2025-09-09_10,-7.580545653547045,9,1,91,64.27605431500186,66.03431932173746,0.004888355255263285,0.0045000000000000005,0.020649999999999998,True,True,True,False,-231.7751833572009,1002.5682230459814,3.8863475037463515,1.8733732944238504,0.6211057654389148,-1.2911176748954962,775.8827485774941
2025-09-09T08:00:00Z,2025-09-09T08:15:00Z,2025-09-09,2025-09-09_11,0.0,9,9,91,66.03431932173746,66.01778499130266,0.00015678869565217388,0.033569999999999996,0.021689999999999997,True,True,True,False,0.0,1002.5682230459814,3.8277861030049682,64.24984225885322,4.82496269619055,-1.043947791623945,1074.4268663124062
2025-09-09T08:15:00Z,2025-09-09T08:30:00Z,2025-09-09,2025-09-09_11,0.0,9,9,91,66.01778499130266,66.24598179130267,0.00063388,0.0,0.24803999999999998,True,True,True,False,0.0,1002.5682230459814,3.8277861030049682,64.24984225885322,0.0,-9.939060028393405,1060.7067913794463
2025-09-09T08:30:00Z,2025-09-09T08:45:00Z,2025-09-09,2025-09-09_11,0.0,9,9,91,66.24598179130267,66.3283458782592,0.0003853108695652174,0.02592,0.12014999999999999,True,True,True,False,0.0,1002.5682230459814,3.8277861030049682,64.24984225885322,3.5749422509661644,-4.706096113652496,1069.5146975451532
2025-09-09T08:45:00Z,2025-09-09T09:00:00Z,2025-09-09,2025-09-09_11,0.0,9,9,91,66.3283458782592,66.32930394782441,4.287869565217391e-05,0.00666,0.00891,True,True,True,False,0.0,1002.5682230459814,3.8277861030049682,64.24984225885322,0.9179233378026659,-0.6725243966401135,1070.8912503490021
2025-09-09T09:00:00Z,2025-09-09T09:15:00Z,2025-09-09,2025-09-09_12,0.0,9,9,91,66.32930394782441,66.32013959999833,4.845652173913044e-05,0.012240000000000001,0.0045000000000000005,True,True,True,False,0.0,1002.5682230459814,3.8277861030049682,80.23178089754713,1.6869942424481428,-0.3427172884296869,1087.972067000552
2025-09-09T09:15:00Z,2025-09-09T09:30:00Z,2025-09-09,2025-09-09_12,0.0,9,9,91,66.32013959999833,66.33587285217223,6.761652173913044e-05,0.00396,0.021779999999999997,True,True,True,False,0.0,1002.5682230459814,3.8277861030049682,80.23178089754713,0.5457922549096932,-1.5164748008518019,1085.6571075005913
2025-09-09T09:30:00Z,2025-09-09T09:45:00Z,2025-09-09,2025-09-09_12,0.0,9,9,91,66.33587285217223,66.33444106956354,3.7327173913043475e-05,0.00684,0.0065249999999999996,True,True,True,False,0.0,1002.5682230459814,3.8277861030049682,80.23178089754713,0.9427320766621973,-0.49311379051975707,1087.077408332676
2025-09-09T09:45:00Z,2025-09-09T10:00:00Z,2025-09-09,2025-09-09_12,0.0,9,9,91,66.33444106956354,66.32182244347659,5.2991739130434776e-05,0.014580000000000001,0.00351,True,True,True,False,0.0,1002.5682230459814,3.8277861030049682,80.23178089754713,2.0095078476220523,-0.26991481978073983,1088.3673830743749
2025-09-09T10:00:00Z,2025-09-09T10:15:00Z,2025-09-09,2025-09-09_13,0.0,100,100,0,66.32182244347659,66.33284939999832,0.0005801473429951691,0.091,0.1195,True,True,True,False,0.0,0.0,42.53095670005521,891.4642321949682,12.219220758734915,-8.516554539001499,937.6978551147569
2025-09-09T10:15:00Z,2025-09-09T10:30:00Z,2025-09-09,2025-09-09_13,0.0,100,100,0,66.33284939999832,66.18925896521571,0.0006518623188405797,0.174,0.0495,True,True,True,False,0.0,0.0,42.53095670005521,891.4642321949682,23.364224307910714,-3.5994569761022164,953.759956226832
2025-09-09T10:30:00Z,2025-09-09T10:45:00Z,2025-09-09,2025-09-09_13,0.0,100,100,0,66.18925896521571,66.3636876608679,0.0005811425120772947,0.016,0.20850000000000002,True,True,True,False,0.0,0.0,42.53095670005521,891.4642321949682,2.1484344191182267,-14.64330576149539,921.5003175526463
2025-09-09T10:45:00Z,2025-09-09T11:00:00Z,2025-09-09,2025-09-09_13,0.0,100,100,0,66.3636876608679,73.84558766086789,0.020783055555555558,0.0,8.1325,True,True,True,False,0.0,0.0,42.53095670005521,891.4642321949682,0.0,-44.48052241896048,889.5146664760629
2025-09-09T11:00:00Z,2025-09-09T11:15:00Z,2025-09-09,2025-09-09_14,0.0,100,100,0,73.84558766086789,82.0418676608679,0.022767444444444448,0.0,8.909,True,True,True,False,0.0,0.0,42.53095670005521,891.4642321949682,0.0,-65.86364184872625,868.1315470462971
2025-09-09T11:15:00Z,2025-09-09T11:30:00Z,2025-09-09,2025-09-09_14,0.0,100,100,0,82.0418676608679,82.09153113912876,0.0006210458937198067,0.08,0.1485,True,True,True,False,0.0,0.0,42.53095670005521,891.4642321949682,10.742172095591133,-10.184647448536948,934.5527135420775
2025-09-09T11:30:00Z,2025-09-09T11:45:00Z,2025-09-09,2025-09-09_14,0.0,100,100,0,82.09153113912876,82.01716679130267,0.0003701231884057971,0.0955,0.032,True,True,True,False,0.0,0.0,42.53095670005521,891.4642321949682,12.823467939111916,-2.4607618897389383,944.3578949443963
2025-09-09T11:45:00Z,2025-09-09T12:00:00Z,2025-09-09,2025-09-09_14,0.0,100,100,0,82.01716679130267,82.03828505217223,0.0008587826086956523,0.1325,0.1795,True,True,True,False,0.0,0.0,42.53095670005521,891.4642321949682,17.791722533322815,-12.501964764571337,939.2849466637749
2025-09-09T12:00:00Z,2025-09-09T12:15:00Z,2025-09-09,2025-09-09_15,-9.0,9,0,91,82.03828505217223,84.10542845217223,0.005742064999999999,0.003105,0.0,True,True,True,False,-201.26250000000002,1002.5682230459814,3.8277861030049682,0.0,0.42539528551147565,0.0,805.5589044344979
2025-09-09T12:15:00Z,2025-09-09T12:30:00Z,2025-09-09,2025-09-09_15,-9.0,9,0,91,84.10542845217223,85.88194385217223,0.004934765,0.31900500000000004,0.0,True,True,True,False,-201.26250000000002,1002.5682230459814,3.8277861030049682,0.0,47.44560937278177,0.0,852.5791185217681
2025-09-09T12:30:00Z,2025-09-09T12:45:00Z,2025-09-09,2025-09-09_15,-9.0,9,0,91,85.88194385217223,87.94544405217223,0.0057319450000000004,0.007065,0.0,True,True,True,False,-201.26250000000002,1002.5682230459814,3.8277861030049682,0.0,0.9715071525751241,0.0,806.1050163015615
2025-09-09T12:45:00Z,2025-09-09T13:00:00Z,2025-09-09,2025-09-09_15,-9.0,9,0,91,87.94544405217223,90.00691565217222,0.005726310000000001,0.009269999999999999,0.0,True,True,True,False,-201.26250000000002,1002.5682230459814,3.8277861030049682,0.0,1.1807752977364143,0.0,806.3142844467228
2025-09-09T13:00:00Z,2025-09-09T13:15:00Z,2025-09-09,2025-09-09_16,0.0,100,100,0,90.00691565217222,109.51965565217222,0.05420205555555556,0.0,21.2095,True,True,True,False,0.0,0.0,43.18163893051502,238.77080211373138,0.0,1801.3479772655571,2083.3004183098037
2025-09-09T13:15:00Z,2025-09-09T13:30:00Z,2025-09-09,2025-09-09_16,0.0,100,100,0,109.51965565217222,111.33205565217222,0.005034444444444445,0.0,1.97,True,True,True,False,0.0,0.0,43.18163893051502,238.77080211373138,0.0,-86.42269895102137,195.52974209322502
2025-09-09T13:30:00Z,2025-09-09T13:45:00Z,2025-09-09,2025-09-09_16,0.0,100,100,0,111.33205565217222,113.97981565217222,0.00735488888888889,0.0,2.878,True,True,True,False,0.0,0.0,43.18163893051502,238.77080211373138,0.0,-110.9848185976812,170.9676224465652
2025-09-09T13:45:00Z,2025-09-09T14:00:00Z,2025-09-09,2025-09-09_16,0.0,100,100,0,113.97981565217222,117.62255565217222,0.010118722222222222,0.0,3.9595,True,True,True,False,0.0,0.0,43.18163893051502,238.77080211373138,0.0,-136.91722405158134,145.03521699266506
2025-09-09T14:00:00Z,2025-09-09T14:15:00Z,2025-09-09,2025-09-09_17,0.0,100,100,0,117.62255565217222,132.60429565217223,0.04161594444444445,0.0,16.2845,True,True,True,False,0.0,0.0,92.89967663064911,111.11877908352395,0.0,323.52905108841395,527.547506802587
2025-09-09T14:15:00Z,2025-09-09T14:30:00Z,2025-09-09,2025-09-09_17,0.0,100,100,0,132.60429565217223,143.12127565217222,0.029213833333333335,0.0,11.4315,True,True,True,False,0.0,0.0,92.89967663064911,111.11877908352395,0.0,-124.64067661093145,79.37777910324161
2025-09-09T14:30:00Z,2025-09-09T14:45:00Z,2025-09-09,2025-09-09_17,0.0,100,100,0,143.12127565217222,144.15330782608527,0.002890910628019324,0.004,1.1265,True,True,True,False,0.0,0.0,92.89967663064911,111.11877908352395,0.23661172016720564,-70.27830931067119,133.97675812366907
2025-09-09T14:45:00Z,2025-09-09T15:00:00Z,2025-09-09,2025-09-09_17,0.0,100,100,0,144.15330782608527,143.9999999999983,0.0011260772946859905,0.257,0.137,True,True,True,False,0.0,0.0,92.89967663064911,111.11877908352395,23.88053770013408,-10.042983870967744,217.85600954333938
2025-09-09T15:00:00Z,2025-09-09T15:15:00Z,2025-09-09,2025-09-09_18,0.0,0,0,100,143.9999999999983,143.9999999999983,0.0,0.0,0.0,True,True,True,False,0.0,1101.7233220285511,0.0,0.0,0.0,0.0,1101.7233220285511
2025-09-09T15:15:00Z,2025-09-09T15:30:00Z,2025-09-09,2025-09-09_18,0.0,0,0,100,143.9999999999983,143.9999999999983,0.0,0.0,0.0,True,True,True,False,0.0,1101.7233220285511,0.0,0.0,0.0,0.0,1101.7233220285511
2025-09-09T15:30:00Z,2025-09-09T15:45:00Z,2025-09-09,2025-09-09_18,0.0,0,0,100,143.9999999999983,143.9999999999983,0.0,0.0,0.0,True,True,True,False,0.0,1101.7233220285511,0.0,0.0,0.0,0.0,1101.7233220285511
2025-09-09T15:45:00Z,2025-09-09T16:00:00Z,2025-09-09,2025-09-09_18,0.0,0,0,100,143.9999999999983,143.9999999999983,0.0,0.0,0.0,True,True,True,False,0.0,1101.7233220285511,0.0,0.0,0.0,0.0,1101.7233220285511
2025-09-09T16:00:00Z,2025-09-09T16:15:00Z,2025-09-09,2025-09-09_19,0.0,0,0,100,143.9999999999983,143.9999999999983,0.0,0.0,0.0,True,True,True,False,0.0,1101.7233220285511,0.0,0.0,0.0,0.0,1101.7233220285511
2025-09-09T16:15:00Z,2025-09-09T16:30:00Z,2025-09-09,2025-09-09_19,0.0,0,0,100,143.9999999999983,143.9999999999983,0.0,0.0,0.0,True,True,True,False,0.0,1101.7233220285511,0.0,0.0,0.0,0.0,1101.7233220285511
2025-09-09T16:30:00Z,2025-09-09T16:45:00Z,2025-09-09,2025-09-09_19,0.0,0,0,100,143.9999999999983,143.9999999999983,0.0,0.0,0.0,True,True,True,False,0.0,1101.7233220285511,0.0,0.0,0.0,0.0,1101.7233220285511
2025-09-09T16:45:00Z,2025-09-09T17:00:00Z,2025-09-09,2025-09-09_19,0.0,0,0,100,143.9999999999983,143.9999999999983,0.0,0.0,0.0,True,True,True,False,0.0,1101.7233220285511,0.0,0.0,0.0,0.0,1101.7233220285511
2025-09-09T17:00:00Z,2025-09-09T17:15:00Z,2025-09-09,2025-09-09_20,99.97418224220849,0,100,0,143.9999999999983,118.85965271814422,0.06983675835140858,0.0,1.8645000000000003,True,True,True,False,9798.71953701446,0.0,0.0,105.17390961432291,0.0,-123.05604414780346,9780.83740248098
2025-09-09T17:15:00Z,2025-09-09T17:30:00Z,2025-09-09,2025-09-09_20,99.97418224220849,0,100,0,118.85965271814422,94.7676334272844,0.06692600888360221,0.0,2.829,True,True,True,False,9798.71953701446,0.0,0.0,105.17390961432291,0.0,-160.72352472592476,9743.169921902858
2025-09-09T17:30:00Z,2025-09-09T17:45:00Z,2025-09-09,2025-09-09_20,99.97418224220849,0,100,0,94.7676334272844,67.60073607885818,0.07546360374562838,0.0,0.0,True,True,True,False,9798.71953701446,0.0,0.0,105.17390961432291,0.0,0.0,9903.893446628783
2025-09-09T17:45:00Z,2025-09-09T18:00:00Z,2025-09-09,2025-09-09_20,99.97418224220849,0,100,0,67.60073607885818,40.43383873043196,0.07546360374562838,0.0,0.0,True,True,True,False,9798.71953701446,0.0,0.0,105.17390961432291,0.0,0.0,9903.893446628783
2025-09-09T18:00:00Z,2025-09-09T18:15:00Z,2025-09-09,2025-09-09_21,-1.9318123094674353e-12,55,56,44,40.43383873043196,36.66396686956286,0.010491901835749346,3.4716000000000005,0.003920000000000001,True,True,True,False,-1.1679254269962747e-10,484.7582616925624,83.35239372190236,55.965770171149146,1018.9182963956148,-0.30298919473144575,1642.6917327863805
2025-09-09T18:15:00Z,2025-09-09T18:30:00Z,2025-09-09,2025-09-09_21,-1.9318123094674353e-12,55,56,44,36.66396686956286,34.06774183478071,0.007217460652174679,2.389475,0.0011200000000000001,True,True,True,False,-1.1679254269962747e-10,484.7582616925624,83.35239372190236,55.965770171149146,626.1766329955044,-0.08656834135184163,1250.1664902396496
2025-09-09T18:30:00Z,2025-09-09T18:45:00Z,2025-09-09,2025-09-09_21,-1.9318123094674353e-12,55,56,44,34.06774183478071,34.073858643476804,0.0002577821980688593,0.039874999999999994,0.05376,True,True,True,False,-1.1679254269962747e-10,484.7582616925624,83.35239372190236,55.965770171149146,5.503687199305938,-4.1455599968451775,625.434552787958
2025-09-09T18:45:00Z,2025-09-09T19:00:00Z,2025-09-09,2025-09-09_21,-1.9318123094674353e-12,55,56,44,34.073858643476804,33.91304347825986,0.0009747887922717196,0.2354,0.10332000000000001,True,True,True,False,-1.1679254269962747e-10,484.7582616925624,83.35239372190236,55.965770171149146,32.49073270762678,-7.068729189999212,649.4984291031247
2025-09-09T19:00:00Z,2025-09-09T19:15:00Z,2025-09-09,2025-09-09_22,0.0,56,56,44,33.91304347825986,34.190736278259855,0.0007713688888888891,0.0,0.30184000000000005,True,True,True,False,0.0,484.7582616925624,78.85558798012461,57.50611246943765,0.0,-22.35678815363988,598.7631739884848
2025-09-09T19:15:00Z,2025-09-09T19:30:00Z,2025-09-09,2025-09-09_22,0.0,56,56,44,34.190736278259855,34.04346163478159,0.0014237540096618357,0.30352,0.19852,True,True,True,False,0.0,484.7582616925624,78.85558798012461,57.50611246943765,41.892893761337646,-15.200542842495466,647.8123130609669
2025-09-09T19:30:00Z,2025-09-09T19:45:00Z,2025-09-09,2025-09-09_22,0.0,56,56,44,34.04346163478159,34.550676034781596,0.001408928888888889,0.0,0.55132,True,True,True,False,0.0,484.7582616925624,78.85558798012461,57.50611246943765,0.0,-42.283556755264605,578.8364053868601
2025-09-09T19:45:00Z,2025-09-09T20:00:00Z,2025-09-09,2025-09-09_22,0.0,56,56,44,34.550676034781596,38.571039234781594,0.011167675555555557,0.0,4.36996,True,True,True,False,0.0,484.7582616925624,78.85558798012461,57.50611246943765,0.0,-52.84863290480322,568.2713292373214
2025-09-09T20:00:00Z,2025-09-09T20:15:00Z,2025-09-09,2025-09-09_23,0.0,48,48,52,38.571039234781594,40.20146984347725,0.0045912927536231884,0.01032,1.7844,True,True,True,False,0.0,572.8961274548465,64.32526224465651,50.10016562820411,1.4244025554065776,-53.11190109630097,635.6340567868127
2025-09-09T20:15:00Z,2025-09-09T20:30:00Z,2025-09-09,2025-09-09_23,0.0,48,48,52,40.20146984347725,42.13381836521638,0.005506765217391305,0.02304,2.1276,True,True,True,False,0.0,572.8961274548465,64.32526224465651,50.10016562820411,3.1800615190472437,-95.91861479611957,594.5830020506347
2025-09-09T20:30:00Z,2025-09-09T20:45:00Z,2025-09-09,2025-09-09_23,0.0,48,48,52,42.13381836521638,47.805066365216376,0.015753466666666664,0.0,6.164399999999999,True,True,True,False,0.0,572.8961274548465,64.32526224465651,50.10016562820411,0.0,-168.41005639245995,518.9114989352471
2025-09-09T20:45:00Z,2025-09-09T21:00:00Z,2025-09-09,2025-09-09_23,0.0,48,48,52,47.805066365216376,48.12596514782507,0.0012000811594202899,0.05112,0.4092,True,True,True,False,0.0,572.8961274548465,64.32526224465651,50.10016562820411,7.055761495386071,-31.175075794621026,663.2022410284721
2025-09-09T21:00:00Z,2025-09-09T21:15:00Z,2025-09-10,2025-09-09_24,-29.999999999997215,30,0,70,48.12596514782507,54.46899714782442,0.01761953333333187,0.6053999999999999,0.0,True,True,True,False,-969.37499999991,770.887123795258,39.672231310483475,0.0,83.50217277332123,0.0,-75.3134721208472
2025-09-09T21:15:00Z,2025-09-09T21:30:00Z,2025-09-10,2025-09-09_24,-29.999999999997215,30,0,70,54.46899714782442,61.10624514782377,0.01843679999999837,0.28559999999999997,0.0,True,True,True,False,-969.37499999991,770.887123795258,39.672231310483475,0.0,39.36925383842167,0.0,-119.44639105574677
2025-09-09T21:30:00Z,2025-09-09T21:45:00Z,2025-09-10,2025-09-09_24,-29.999999999997215,30,0,70,61.10624514782377,67.22199114782312,0.016988183333331994,0.8524499999999999,0.0,True,True,True,False,-969.37499999991,770.887123795258,39.672231310483475,0.0,157.14200096576462,0.0,-1.6736439284038127
2025-09-09T21:45:00Z,2025-09-09T22:00:00Z,2025-09-10,2025-09-09_24,-29.999999999997215,30,0,70,67.22199114782312,73.88380314782248,0.018505033333331686,0.2589,0.0,True,True,True,False,-969.37499999991,770.887123795258,39.672231310483475,0.0,35.7030636813371,0.0,-123.11258121283134
2025-09-09T22:00:00Z,2025-09-09T22:15:00Z,2025-09-10,2025-09-10_1,-100.0,100,0,0,73.88380314782248,86.03654314782248,0.03375761111111111,11.7905,0.0,True,True,True,False,-2502.75,0.0,134.36939511599033,0.0,3825.1814786053574,0.0,1456.8008737213477
2025-09-09T22:15:00Z,2025-09-09T22:30:00Z,2025-09-10,2025-09-10_1,-100.0,100,0,0,86.03654314782248,101.64434314782248,0.043355000000000005,8.035,0.0,True,True,True,False,-2502.75,0.0,134.36939511599033,0.0,1450.5442004848535,0.0,-917.8364043991562
2025-09-09T22:30:00Z,2025-09-09T22:45:00Z,2025-09-10,2025-09-10_1,-100.0,100,0,0,101.64434314782248,118.75312314782248,0.04752438888888889,6.403500000000001,0.0,True,True,True,False,-2502.75,0.0,134.36939511599033,0.0,1132.003553718194,0.0,-1236.3770511658156
2025-09-09T22:45:00Z,2025-09-09T23:00:00Z,2025-09-10,2025-09-10_1,-100.0,100,0,0,118.75312314782248,133.84572314782247,0.041923888888888886,8.595,0.0,True,True,True,False,-2502.75,0.0,134.36939511599033,0.0,1640.5850454303568,0.0,-727.7955594536529
2025-09-09T23:00:00Z,2025-09-09T23:15:00Z,2025-09-10,2025-09-10_2,0.0,0,0,100,133.84572314782247,133.84572314782247,0.0,0.0,0.0,True,True,True,False,0.0,1101.2673197075114,0.0,0.0,0.0,0.0,1101.2673197075114
2025-09-09T23:15:00Z,2025-09-09T23:30:00Z,2025-09-10,2025-09-10_2,0.0,0,0,100,133.84572314782247,133.84572314782247,0.0,0.0,0.0,True,True,True,False,0.0,1101.2673197075114,0.0,0.0,0.0,0.0,1101.2673197075114
2025-09-09T23:30:00Z,2025-09-09T23:45:00Z,2025-09-10,2025-09-10_2,0.0,0,0,100,133.84572314782247,133.84572314782247,0.0,0.0,0.0,True,True,True,False,0.0,1101.2673197075114,0.0,0.0,0.0,0.0,1101.2673197075114
2025-09-09T23:45:00Z,2025-09-10T00:00:00Z,2025-09-10,2025-09-10_2,0.0,0,0,100,133.84572314782247,133.84572314782247,0.0,0.0,0.0,True,True,True,False,0.0,1101.2673197075114,0.0,0.0,0.0,0.0,1101.2673197075114
2025-09-10T00:00:00Z,2025-09-10T00:15:00Z,2025-09-10,2025-09-10_3,0.0,0,0,100,133.84572314782247,133.84572314782247,0.0,0.0,0.0,True,True,True,False,0.0,1101.2673197075114,0.0,0.0,0.0,0.0,1101.2673197075114
2025-09-10T00:15:00Z,2025-09-10T00:30:00Z,2025-09-10,2025-09-10_3,0.0,0,0,100,133.84572314782247,133.84572314782247,0.0,0.0,0.0,True,True,True,False,0.0,1101.2673197075114,0.0,0.0,0.0,0.0,1101.2673197075114
2025-09-10T00:30:00Z,2025-09-10T00:45:00Z,2025-09-10,2025-09-10_3,0.0,0,0,100,133.84572314782247,133.84572314782247,0.0,0.0,0.0,True,True,True,False,0.0,1101.2673197075114,0.0,0.0,0.0,0.0,1101.2673197075114
2025-09-10T00:45:00Z,2025-09-10T01:00:00Z,2025-09-10,2025-09-10_3,0.0,0,0,100,133.84572314782247,133.84572314782247,0.0,0.0,0.0,True,True,True,False,0.0,1101.2673197075114,0.0,0.0,0.0,0.0,1101.2673197075114
2025-09-10T01:00:00Z,2025-09-10T01:15:00Z,2025-09-10,2025-09-10_4,0.0,0,0,100,133.84572314782247,133.84572314782247,0.0,0.0,0.0,True,True,True,False,0.0,1101.2673197075114,0.0,0.0,0.0,0.0,1101.2673197075114
2025-09-10T01:15:00Z,2025-09-10T01:30:00Z,2025-09-10,2025-09-10_4,0.0,0,0,100,133.84572314782247,133.84572314782247,0.0,0.0,0.0,True,True,True,False,0.0,1101.2673197075114,0.0,0.0,0.0,0.0,1101.2673197075114
2025-09-10T01:30:00Z,2025-09-10T01:45:00Z,2025-09-10,2025-09-10_4,0.0,0,0,100,133.84572314782247,133.84572314782247,0.0,0.0,0.0,True,True,True,False,0.0,1101.2673197075114,0.0,0.0,0.0,0.0,1101.2673197075114
2025-09-10T01:45:00Z,2025-09-10T02:00:00Z,2025-09-10,2025-09-10_4,0.0,0,0,100,133.84572314782247,133.84572314782247,0.0,0.0,0.0,True,True,True,False,0.0,1101.2673197075114,0.0,0.0,0.0,0.0,1101.2673197075114
2025-09-10T02:00:00Z,2025-09-10T02:15:00Z,2025-09-10,2025-09-10_5,-11.000000000002771,11,0,89,133.84572314782247,136.3757231478231,0.007027777777779548,0.0,0.0,True,True,True,False,-257.89500000006495,980.1279145396852,16.403413682322565,0.0,0.0,0.0,738.6363282219428
2025-09-10T02:15:00Z,2025-09-10T02:30:00Z,2025-09-10,2025-09-10_5,-11.000000000002771,11,0,89,136.3757231478231,138.90572314782372,0.007027777777779549,0.0,0.0,True,True,True,False,-257.89500000006495,980.1279145396852,16.403413682322565,0.0,0.0,0.0,738.6363282219428
2025-09-10T02:30:00Z,2025-09-10T02:45:00Z,2025-09-10,2025-09-10_5,-11.000000000002771,11,0,89,138.90572314782372,141.43466054782436,0.007024826111112882,0.001155,0.0,True,True,True,False,-257.89500000006495,980.1279145396852,16.403413682322565,0.0,0.15115596113290106,0.0,738.7874841830758
2025-09-10T02:45:00Z,2025-09-10T03:00:00Z,2025-09-10,2025-09-10_5,-11.000000000002771,11,0,89,141.43466054782436,143.963648547825,0.007024966666668437,0.0011,0.0,True,True,True,False,-257.89500000006495,980.1279145396852,16.403413682322565,0.0,0.14395805822181051,0.0,738.7802862801647
2025-09-10T03:00:00Z,2025-09-10T03:15:00Z,2025-09-10,2025-09-10_6,0.0,0,0,100,143.963648547825,143.963648547825,0.0,0.0,0.0,True,True,True,False,0.0,1101.2673197075114,0.0,0.0,0.0,0.0,1101.2673197075114
2025-09-10T03:15:00Z,2025-09-10T03:30:00Z,2025-09-10,2025-09-10_6,0.0,0,0,100,143.963648547825,143.963648547825,0.0,0.0,0.0,True,True,True,False,0.0,1101.2673197075114,0.0,0.0,0.0,0.0,1101.2673197075114
2025-09-10T03:30:00Z,2025-09-10T03:45:00Z,2025-09-10,2025-09-10_6,0.0,0,0,100,143.963648547825,143.963648547825,0.0,0.0,0.0,True,True,True,False,0.0,1101.2673197075114,0.0,0.0,0.0,0.0,1101.2673197075114
2025-09-10T03:45:00Z,2025-09-10T04:00:00Z,2025-09-10,2025-09-10_6,0.0,0,0,100,143.963648547825,143.963648547825,0.0,0.0,0.0,True,True,True,False,0.0,1101.2673197075114,0.0,0.0,0.0,0.0,1101.2673197075114
2025-09-10T04:00:00Z,2025-09-10T04:15:00Z,2025-09-10,2025-09-10_7,0.0,0,0,100,143.963648547825,143.963648547825,0.0,0.0,0.0,True,True,True,False,0.0,1101.2673197075114,0.0,0.0,0.0,0.0,1101.2673197075114
2025-09-10T04:15:00Z,2025-09-10T04:30:00Z,2025-09-10,2025-09-10_7,0.0,0,0,100,143.963648547825,143.963648547825,0.0,0.0,0.0,True,True,True,False,0.0,1101.2673197075114,0.0,0.0,0.0,0.0,1101.2673197075114
2025-09-10T04:30:00Z,2025-09-10T04:45:00Z,2025-09-10,2025-09-10_7,0.0,0,0,100,143.963648547825,143.963648547825,0.0,0.0,0.0,True,True,True,False,0.0,1101.2673197075114,0.0,0.0,0.0,0.0,1101.2673197075114
2025-09-10T04:45:00Z,2025-09-10T05:00:00Z,2025-09-10,2025-09-10_7,0.0,0,0,100,143.963648547825,143.963648547825,0.0,0.0,0.0,True,True,True,False,0.0,1101.2673197075114,0.0,0.0,0.0,0.0,1101.2673197075114
2025-09-10T05:00:00Z,2025-09-10T05:15:00Z,2025-09-10,2025-09-10_8,78.89029762691965,0,79,21,143.963648547825,124.15552439007519,0.05503320921018156,0.0,1.49942,True,True,True,False,4148.249074967503,231.2661371385774,0.0,80.85755957191004,0.0,-92.68671660129688,4367.686055076693
2025-09-10T05:15:00Z,2025-09-10T05:30:00Z,2025-09-10,2025-09-10_8,78.89029762691965,0,79,21,124.15552439007519,105.66307063383621,0.05138716194908515,0.0,2.7100950000000004,True,True,True,False,4148.249074967503,231.2661371385774,0.0,80.85755957191004,0.0,-130.1162882541341,4330.256483423856
2025-09-10T05:30:00Z,2025-09-10T05:45:00Z,2025-09-10,2025-09-10_8,78.89029762691965,0,79,21,105.66307063383621,85.38963270276251,0.056322708469897224,0.0,1.07124,True,True,True,False,4148.249074967503,231.2661371385774,0.0,80.85755957191004,0.0,-74.00227349665924,4386.370498181331
2025-09-10T05:45:00Z,2025-09-10T06:00:00Z,2025-09-10,2025-09-10_8,78.89029762691965,0,79,21,85.38963270276251,64.34782608695656,0.05845204765337604,0.0,0.36419,True,True,True,False,4148.249074967503,231.2661371385774,0.0,80.85755957191004,0.0,-22.857898645958574,4437.514873032032
2025-09-10T06:00:00Z,2025-09-10T06:15:00Z,2025-09-10,2025-09-10_9,0.0,0,0,100,64.34782608695656,64.34782608695656,0.0,0.0,0.0,True,False,True,False,0.0,1101.2673197075114,0.0,0.0,0.0,0.0,1101.2673197075114
2025-09-10T06:15:00Z,2025-09-10T06:30:00Z,2025-09-10,2025-09-10_9,0.0,0,0,100,64.34782608695656,64.34782608695656,0.0,0.0,0.0,True,False,True,False,0.0,1101.2673197075114,0.0,0.0,0.0,0.0,1101.2673197075114
2025-09-10T06:30:00Z,2025-09-10T06:45:00Z,2025-09-10,2025-09-10_9,0.0,0,0,100,64.34782608695656,64.34782608695656,0.0,0.0,0.0,True,False,True,False,0.0,1101.2673197075114,0.0,0.0,0.0,0.0,1101.2673197075114
2025-09-10T06:45:00Z,2025-09-10T07:00:00Z,2025-09-10,2025-09-10_9,0.0,0,0,100,64.34782608695656,64.34782608695656,0.0,0.0,0.0,True,False,True,False,0.0,1101.2673197075114,0.0,0.0,0.0,0.0,1101.2673197075114
2025-09-10T07:00:00Z,2025-09-10T07:15:00Z,2025-09-10,2025-09-10_10,0.0,100,100,0,64.34782608695656,42.31956521739134,0.06118961352657004,20.266,0.0,True,True,True,False,0.0,0.0,126.71226126889647,132.59554171511917,19226.26956028145,0.0,19485.577363265464
2025-09-10T07:15:00Z,2025-09-10T07:30:00Z,2025-09-10,2025-09-10_10,0.0,100,100,0,42.31956521739134,31.351211304347864,0.0336416497584541,10.6165,0.621,True,True,True,False,0.0,0.0,126.71226126889647,132.59554171511917,4772.865535802274,-29.500712891972327,5002.672625894317
2025-09-10T07:30:00Z,2025-09-10T07:45:00Z,2025-09-10,2025-09-10_10,0.0,100,100,0,31.351211304347864,32.425023478260904,0.0030764106280193235,0.0155,1.1855,True,True,True,False,0.0,0.0,126.71226126889647,132.59554171511917,2.1384788221613418,-68.63876066775725,192.80752113841973
2025-09-10T07:45:00Z,2025-09-10T08:00:00Z,2025-09-10,2025-09-10_10,0.0,100,100,0,32.425023478260904,39.2210634782609,0.018877888888888885,0.0,7.386999999999999,True,True,True,False,0.0,0.0,126.71226126889647,132.59554171511917,0.0,91.25100518359382,350.55880816760947
2025-09-10T08:00:00Z,2025-09-10T08:15:00Z,2025-09-10,2025-09-10_11,0.0,100,100,0,39.2210634782609,45.353323478260904,0.017034055555555556,0.0,6.665499999999999,True,True,True,False,0.0,0.0,42.513353174212114,454.0473421763211,0.0,-375.7178540315746,120.84284131895862
2025-09-10T08:15:00Z,2025-09-10T08:30:00Z,2025-09-10,2025-09-10_11,0.0,100,100,0,45.353323478260904,52.7533434782609,0.02055561111111111,0.0,8.0435,True,True,True,False,0.0,0.0,42.513353174212114,454.0473421763211,0.0,-384.0625795770345,112.49811577349868
2025-09-10T08:30:00Z,2025-09-10T08:45:00Z,2025-09-10,2025-09-10_11,0.0,100,100,0,52.7533434782609,64.1512234782609,0.03166077777777778,0.0,12.389,True,True,True,False,0.0,0.0,42.513353174212114,454.0473421763211,0.0,-196.62901117527642,299.9316841752568
2025-09-10T08:45:00Z,2025-09-10T09:00:00Z,2025-09-10,2025-09-10_11,0.0,100,100,0,64.1512234782609,73.4432234782609,0.02581111111111111,0.0,10.1,True,True,True,False,0.0,0.0,42.513353174212114,454.0473421763211,0.0,-417.8131738179238,78.74752153260937
2025-09-10T09:00:00Z,2025-09-10T09:15:00Z,2025-09-10,2025-09-10_12,-1.4210854715202004e-14,9,9,91,73.4432234782609,73.51573100000005,0.00022179021739131337,0.003375,0.0828,True,True,True,False,-3.936406756110955e-13,1002.1532609338354,3.7995939846660227,55.49056901275204,0.46497132270335256,-4.997081262195242,1056.9113139917613
2025-09-10T09:15:00Z,2025-09-10T09:30:00Z,2025-09-10,2025-09-10_12,-1.4210854715202004e-14,9,9,91,73.51573100000005,73.51845792173917,4.6705217391313366e-05,0.00648,0.01062,True,True,True,False,-3.936406756110955e-13,1002.1532609338354,3.7995939846660227,55.49056901275204,0.8927449395904369,-0.69991905709837,1061.6362498137453
2025-09-10T09:30:00Z,2025-09-10T09:45:00Z,2025-09-10,2025-09-10_12,-1.4210854715202004e-14,9,9,91,73.51845792173917,73.56623352173916,0.00013271000000000908,0.0,0.05193,True,True,True,False,-3.936406756110955e-13,1002.1532609338354,3.7995939846660227,55.49056901275204,0.0,-2.749474314602755,1058.6939496166503
2025-09-10T09:45:00Z,2025-09-10T10:00:00Z,2025-09-10,2025-09-10_12,-1.4210854715202004e-14,9,9,91,73.56623352173916,73.5493704956522,5.995173913044371e-05,0.017685000000000003,0.002565,True,True,True,False,-3.936406756110955e-13,1002.1532609338354,3.7995939846660227,55.49056901275204,2.4364497309655677,-0.1931725023158642,1063.686701159903
2025-09-10T10:00:00Z,2025-09-10T10:15:00Z,2025-09-10,2025-09-10_13,-9.0,9,0,91,73.5493704956522,75.6099312956522,0.00572378,0.01026,0.0,True,True,True,False,-218.45250000000001,1002.1532609338354,3.7995939846660227,0.0,1.4135128210181918,0.0,788.9138677395197
2025-09-10T10:15:00Z,2025-09-10T10:30:00Z,2025-09-10,2025-09-10_13,-9.0,9,0,91,75.6099312956522,77.6703264956522,0.0057233200000000005,0.01044,0.0,True,True,True,False,-218.45250000000001,1002.1532609338354,3.7995939846660227,0.0,1.4383112915623706,0.0,788.9386662100638
2025-09-10T10:30:00Z,2025-09-10T10:45:00Z,2025-09-10,2025-09-10_13,-9.0,9,0,91,77.6703264956522,79.7289000956522,0.00571826,0.01242,0.0,True,True,True,False,-218.45250000000001,1002.1532609338354,3.7995939846660227,0.0,1.7110944675483375,0.0,789.2114493860498
2025-09-10T10:45:00Z,2025-09-10T11:00:00Z,2025-09-10,2025-09-10_13,-9.0,9,0,91,79.7289000956522,81.70525329565218,0.005489870000000001,0.10179,0.0,True,True,True,False,-218.45250000000001,1002.1532609338354,3.7995939846660227,0.0,15.254636963162982,0.0,802.7549918816644
2025-09-10T11:00:00Z,2025-09-10T11:15:00Z,2025-09-10,2025-09-10_14,-9.0,9,0,91,81.70525329565218,83.66289369565217,0.00543789,0.12213,0.0,True,True,True,False,-209.45250000000001,1002.1532609338354,3.7995939846660227,0.0,16.948164268679665,0.0,813.4485191871811
2025-09-10T11:15:00Z,2025-09-10T11:30:00Z,2025-09-10,2025-09-10_14,-9.0,9,0,91,83.66289369565217,84.83927469565218,0.0032677250000000004,0.9713250000000001,0.0,True,True,True,False,-209.45250000000001,1002.1532609338354,3.7995939846660227,0.0,194.77366439186397,0.0,991.2740193103655
2025-09-10T11:30:00Z,2025-09-10T11:45:00Z,2025-09-10,2025-09-10_14,-9.0,9,0,91,84.83927469565218,86.38780029565218,0.004301460000000001,0.56682,0.0,True,True,True,False,-209.45250000000001,1002.1532609338354,3.7995939846660227,0.0,87.98652447720599,0.0,884.4868793957074
2025-09-10T11:45:00Z,2025-09-10T12:00:00Z,2025-09-10,2025-09-10_14,-9.0,9,0,91,86.38780029565218,88.44902349565218,0.005725619999999999,0.00954,0.0,True,True,True,False,-209.45250000000001,1002.1532609338354,3.7995939846660227,0.0,1.3143189388414767,0.0,797.8146738573429
2025-09-10T12:00:00Z,2025-09-10T12:15:00Z,2025-09-10,2025-09-10_15,0.0,9,9,91,88.44902349565218,88.88583489565218,0.001213365,0.0,0.474795,True,True,True,False,0.0,1002.1532609338354,3.7995939846660227,53.628022941837315,0.0,-21.69859097601356,1037.8822868843251
2025-09-10T12:15:00Z,2025-09-10T12:30:00Z,2025-09-10,2025-09-10_15,0.0,9,9,91,88.88583489565218,88.66040266086956,0.0006349406521739129,0.208845,0.00171,True,True,True,False,0.0,1002.1532609338354,3.7995939846660227,53.628022941837315,28.811570765910485,-0.1314425370045529,1088.2610060892448
2025-09-10T12:30:00Z,2025-09-10T12:45:00Z,2025-09-10,2025-09-10_15,0.0,9,9,91,88.66040266086956,88.86963826086956,0.0005812100000000001,0.0,0.22743000000000002,True,True,True,False,0.0,1002.1532609338354,3.7995939846660227,53.628022941837315,0.0,-14.541050401087967,1045.0398274592508
2025-09-10T12:45:00Z,2025-09-10T13:00:00Z,2025-09-10,2025-09-10_15,0.0,9,9,91,88.86963826086956,88.72180833043478,0.00041707869565217387,0.13707,0.00126,True,True,True,False,0.0,1002.1532609338354,3.7995939846660227,53.628022941837315,18.90699873859314,-0.0968523956875653,1078.3910242032443
2025-09-10T13:00:00Z,2025-09-10T13:15:00Z,2025-09-10,2025-09-10_16,-9.0,9,0,91,88.72180833043478,89.81766633043479,0.00304405,1.05885,0.0,True,True,True,False,-226.5525,1002.1532609338354,11.404103514200681,0.0,235.93549596941094,0.0,1022.9403604174471
2025-09-10T13:15:00Z,2025-09-10T13:30:00Z,2025-09-10,2025-09-10_16,-9.0,9,0,91,89.81766633043479,91.54359093043479,0.004794235,0.373995,0.0,True,True,True,False,-226.5525,1002.1532609338354,11.404103514200681,0.0,63.82394913968111,0.0,850.8288135877173
2025-09-10T13:30:00Z,2025-09-10T13:45:00Z,2025-09-10,2025-09-10_16,-9.0,9,0,91,91.54359093043479,93.54610893043478,0.00556255,0.07335,0.0,True,True,True,False,-226.5525,1002.1532609338354,11.404103514200681,0.0,10.109366852592782,0.0,797.114231300629
2025-09-10T13:45:00Z,2025-09-10T14:00:00Z,2025-09-10,2025-09-10_16,-9.0,9,0,91,93.54610893043478,95.5051155304348,0.005441685,0.120645,0.0,True,True,True,False,-226.5525,1002.1532609338354,11.404103514200681,0.0,16.642718207619687,0.0,803.6475826556558
2025-09-10T14:00:00Z,2025-09-10T14:15:00Z,2025-09-10,2025-09-10_17,-1.3531969915421829e-12,9,9,91,95.5051155304348,95.48988659130467,7.726260869650013e-05,0.0198,0.00684,True,True,True,False,-3.8995754303766854e-11,1002.1532609338354,9.033348443936378,9.557522123893806,2.7278317598596686,-0.5257701480182116,1022.9461931134681
2025-09-10T14:15:00Z,2025-09-10T14:30:00Z,2025-09-10,2025-09-10_17,-1.3531969915421829e-12,9,9,91,95.48988659130467,95.5662548782615,0.00021865586956608106,0.00108,0.084285,True,True,True,False,-3.8995754303766854e-11,1002.1532609338354,9.033348443936378,9.557522123893806,0.14879082326507284,-5.606662719514358,1015.2862596053774
2025-09-10T14:30:00Z,2025-09-10T14:45:00Z,2025-09-10,2025-09-10_17,-1.3531969915421829e-12,9,9,91,95.5662548782615,96.11044316521834,0.0015181558695660814,0.00108,0.5927850000000001,True,True,True,False,-3.8995754303766854e-11,1002.1532609338354,9.033348443936378,9.557522123893806,0.14879082326507284,-23.812345314070605,997.0805770108211
2025-09-10T14:45:00Z,2025-09-10T15:00:00Z,2025-09-10,2025-09-10_17,-1.3531969915421829e-12,9,9,91,96.11044316521834,96.1656220086969,0.0001565354347834728,0.00054,0.060614999999999995,True,True,True,False,-3.8995754303766854e-11,1002.1532609338354,9.033348443936378,9.557522123893806,0.07439541163253642,-4.572414159292036,1016.2461127539672
2025-09-10T15:00:00Z,2025-09-10T15:15:00Z,2025-09-10,2025-09-10_18,12.555983760390573,87,100,0,96.1656220086969,106.92127981764952,0.037416104090172986,0.0,15.0565,True,True,True,False,455.1858012735592,0.0,80.76354534166387,111.33886512801308,0.0,4064.151068352485,4711.439280095721
2025-09-10T15:15:00Z,2025-09-10T15:30:00Z,2025-09-10,2025-09-10_18,12.555983760390573,87,100,0,106.92127981764952,104.83371442229935,0.012107295576441137,0.0034800000000000005,1.4115,True,True,True,False,455.1858012735592,0.0,80.76354534166387,111.33886512801308,0.479437097187457,-95.74870203204762,552.018946808376
2025-09-10T15:30:00Z,2025-09-10T15:45:00Z,2025-09-10,2025-09-10_18,12.555983760390573,87,100,0,104.83371442229935,108.96734488119075,0.024357497665712394,0.0,8.019,True,True,True,False,455.1858012735592,0.0,80.76354534166387,111.33886512801308,0.0,-343.9396625736642,303.348549169572
2025-09-10T15:45:00Z,2025-09-10T16:00:00Z,2025-09-10,2025-09-10_18,12.555983760390573,87,100,0,108.96734488119075,106.33582782608684,0.011106491622616682,0.017400000000000002,0.8495,True,True,True,False,455.1858012735592,0.0,80.76354534166387,111.33886512801308,2.3971854859372845,-65.24525671600608,584.4401405131673
2025-09-10T16:00:00Z,2025-09-10T16:15:00Z,2025-09-10,2025-09-10_19,0.0,0,0,100,106.33582782608684,106.33582782608684,0.0,0.0,0.0,True,True,True,False,0.0,1101.2673197075114,0.0,0.0,0.0,0.0,1101.2673197075114
2025-09-10T16:15:00Z,2025-09-10T16:30:00Z,2025-09-10,2025-09-10_19,0.0,0,0,100,106.33582782608684,106.33582782608684,0.0,0.0,0.0,True,True,True,False,0.0,1101.2673197075114,0.0,0.0,0.0,0.0,1101.2673197075114
2025-09-10T16:30:00Z,2025-09-10T16:45:00Z,2025-09-10,2025-09-10_19,0.0,0,0,100,106.33582782608684,106.33582782608684,0.0,0.0,0.0,True,True,True,False,0.0,1101.2673197075114,0.0,0.0,0.0,0.0,1101.2673197075114
2025-09-10T16:45:00Z,2025-09-10T17:00:00Z,2025-09-10,2025-09-10_19,0.0,0,0,100,106.33582782608684,106.33582782608684,0.0,0.0,0.0,True,True,True,False,0.0,1101.2673197075114,0.0,0.0,0.0,0.0,1101.2673197075114
2025-09-10T17:00:00Z,2025-09-10T17:15:00Z,2025-09-10,2025-09-10_20,0.0,100,100,0,106.33582782608684,89.6081104347825,0.04646588164251207,15.3895,0.0,True,True,True,False,0.0,0.0,154.4139385458344,107.05205274257447,6417.649292626683,0.0,6679.115283915092
2025-09-10T17:15:00Z,2025-09-10T17:30:00Z,2025-09-10,2025-09-10_20,0.0,100,100,0,89.6081104347825,65.97441478260859,0.06564915458937197,21.743,0.0,True,True,True,False,0.0,0.0,154.4139385458344,107.05205274257447,16666.283553422552,0.0,16927.74954471096
2025-09-10T17:30:00Z,2025-09-10T17:45:00Z,2025-09-10,2025-09-10_20,0.0,100,100,0,65.97441478260859,64.33392695652162,0.004981132850241546,1.5795,0.083,True,True,True,False,0.0,0.0,154.4139385458344,107.05205274257447,286.8381588387173,-6.413462364743679,541.8906877623825
2025-09-10T17:45:00Z,2025-09-10T18:00:00Z,2025-09-10,2025-09-10_20,0.0,100,100,0,64.33392695652162,64.3478260869564,0.0003345024154589372,0.049,0.073,True,True,True,False,0.0,0.0,154.4139385458344,107.05205274257447,6.760352405542307,-5.637892859254587,262.58845083469663
2025-09-10T18:00:00Z,2025-09-10T18:15:00Z,2025-09-10,2025-09-10_21,0.0,0,0,100,64.3478260869564,64.3478260869564,0.0,0.0,0.0,True,True,True,False,0.0,1101.2673197075114,0.0,0.0,0.0,0.0,1101.2673197075114
2025-09-10T18:15:00Z,2025-09-10T18:30:00Z,2025-09-10,2025-09-10_21,0.0,0,0,100,64.3478260869564,64.3478260869564,0.0,0.0,0.0,True,True,True,False,0.0,1101.2673197075114,0.0,0.0,0.0,0.0,1101.2673197075114
2025-09-10T18:30:00Z,2025-09-10T18:45:00Z,2025-09-10,2025-09-10_21,0.0,0,0,100,64.3478260869564,64.3478260869564,0.0,0.0,0.0,True,True,True,False,0.0,1101.2673197075114,0.0,0.0,0.0,0.0,1101.2673197075114
2025-09-10T18:45:00Z,2025-09-10T19:00:00Z,2025-09-10,2025-09-10_21,0.0,0,0,100,64.3478260869564,64.3478260869564,0.0,0.0,0.0,True,True,True,False,0.0,1101.2673197075114,0.0,0.0,0.0,0.0,1101.2673197075114
2025-09-10T19:00:00Z,2025-09-10T19:15:00Z,2025-09-10,2025-09-10_22,0.0,0,0,100,64.3478260869564,64.3478260869564,0.0,0.0,0.0,True,True,True,False,0.0,1101.2673197075114,0.0,0.0,0.0,0.0,1101.2673197075114
2025-09-10T19:15:00Z,2025-09-10T19:30:00Z,2025-09-10,2025-09-10_22,0.0,0,0,100,64.3478260869564,64.3478260869564,0.0,0.0,0.0,True,True,True,False,0.0,1101.2673197075114,0.0,0.0,0.0,0.0,1101.2673197075114
2025-09-10T19:30:00Z,2025-09-10T19:45:00Z,2025-09-10,2025-09-10_22,0.0,0,0,100,64.3478260869564,64.3478260869564,0.0,0.0,0.0,True,True,True,False,0.0,1101.2673197075114,0.0,0.0,0.0,0.0,1101.2673197075114
2025-09-10T19:45:00Z,2025-09-10T20:00:00Z,2025-09-10,2025-09-10_22,0.0,0,0,100,64.3478260869564,64.3478260869564,0.0,0.0,0.0,True,True,True,False,0.0,1101.2673197075114,0.0,0.0,0.0,0.0,1101.2673197075114
2025-09-10T20:00:00Z,2025-09-10T20:15:00Z,2025-09-10,2025-09-10_23,0.0,0,0,100,64.3478260869564,64.3478260869564,0.0,0.0,0.0,True,True,True,False,0.0,1101.2673197075114,0.0,0.0,0.0,0.0,1101.2673197075114
2025-09-10T20:15:00Z,2025-09-10T20:30:00Z,2025-09-10,2025-09-10_23,0.0,0,0,100,64.3478260869564,64.3478260869564,0.0,0.0,0.0,True,True,True,False,0.0,1101.2673197075114,0.0,0.0,0.0,0.0,1101.2673197075114
2025-09-10T20:30:00Z,2025-09-10T20:45:00Z,2025-09-10,2025-09-10_23,0.0,0,0,100,64.3478260869564,64.3478260869564,0.0,0.0,0.0,True,True,True,False,0.0,1101.2673197075114,0.0,0.0,0.0,0.0,1101.2673197075114
2025-09-10T20:45:00Z,2025-09-10T21:00:00Z,2025-09-10,2025-09-10_23,0.0,0,0,100,64.3478260869564,64.3478260869564,0.0,0.0,0.0,True,True,True,False,0.0,1101.2673197075114,0.0,0.0,0.0,0.0,1101.2673197075114
2025-09-10T21:00:00Z,2025-09-10T21:15:00Z,2025-09-11,2025-09-10_24,0.0,100,100,0,64.3478260869564,68.9855460869564,0.012882555555555557,0.0,5.041,True,True,True,False,0.0,0.0,146.73880905919225,107.26745905032229,0.0,-146.57085329075753,107.43541481875701
2025-09-10T21:15:00Z,2025-09-10T21:30:00Z,2025-09-11,2025-09-10_24,0.0,100,100,0,68.9855460869564,80.32730608695641,0.03150488888888889,0.0,12.328,True,True,True,False,0.0,0.0,146.73880905919225,107.26745905032229,0.0,1727.305086630004,1981.3113547395187
2025-09-10T21:30:00Z,2025-09-10T21:45:00Z,2025-09-11,2025-09-10_24,0.0,100,100,0,80.32730608695641,84.41072608695642,0.011342833333333333,0.0,4.4385,True,True,True,False,0.0,0.0,146.73880905919225,107.26745905032229,0.0,-230.07620424575725,23.930063863757283
2025-09-10T21:45:00Z,2025-09-10T22:00:00Z,2025-09-11,2025-09-10_24,0.0,100,100,0,84.41072608695642,88.44584608695642,0.011208666666666667,0.0,4.386,True,True,True,False,0.0,0.0,146.73880905919225,107.26745905032229,0.0,-233.5422021169653,20.464065992549223
2025-09-10T22:00:00Z,2025-09-10T22:15:00Z,2025-09-11,2025-09-11_1,0.0,0,0,100,88.44584608695642,88.44584608695642,0.0,0.0,0.0,True,True,True,False,0.0,1101.3541481875702,0.0,0.0,0.0,0.0,1101.3541481875702
2025-09-10T22:15:00Z,2025-09-10T22:30:00Z,2025-09-11,2025-09-11_1,0.0,0,0,100,88.44584608695642,88.44584608695642,0.0,0.0,0.0,True,True,True,False,0.0,1101.3541481875702,0.0,0.0,0.0,0.0,1101.3541481875702
2025-09-10T22:30:00Z,2025-09-10T22:45:00Z,2025-09-11,2025-09-11_1,0.0,0,0,100,88.44584608695642,88.44584608695642,0.0,0.0,0.0,True,True,True,False,0.0,1101.3541481875702,0.0,0.0,0.0,0.0,1101.3541481875702
2025-09-10T22:45:00Z,2025-09-10T23:00:00Z,2025-09-11,2025-09-11_1,0.0,0,0,100,88.44584608695642,88.44584608695642,0.0,0.0,0.0,True,True,True,False,0.0,1101.3541481875702,0.0,0.0,0.0,0.0,1101.3541481875702
2025-09-10T23:00:00Z,2025-09-10T23:15:00Z,2025-09-11,2025-09-11_2,0.0,0,0,100,88.44584608695642,88.44584608695642,0.0,0.0,0.0,True,True,True,False,0.0,1101.3541481875702,0.0,0.0,0.0,0.0,1101.3541481875702
2025-09-10T23:15:00Z,2025-09-10T23:30:00Z,2025-09-11,2025-09-11_2,0.0,0,0,100,88.44584608695642,88.44584608695642,0.0,0.0,0.0,True,True,True,False,0.0,1101.3541481875702,0.0,0.0,0.0,0.0,1101.3541481875702
2025-09-10T23:30:00Z,2025-09-10T23:45:00Z,2025-09-11,2025-09-11_2,0.0,0,0,100,88.44584608695642,88.44584608695642,0.0,0.0,0.0,True,True,True,False,0.0,1101.3541481875702,0.0,0.0,0.0,0.0,1101.3541481875702
2025-09-10T23:45:00Z,2025-09-11T00:00:00Z,2025-09-11,2025-09-11_2,0.0,0,0,100,88.44584608695642,88.44584608695642,0.0,0.0,0.0,True,True,True,False,0.0,1101.3541481875702,0.0,0.0,0.0,0.0,1101.3541481875702
2025-09-11T00:00:00Z,2025-09-11T00:15:00Z,2025-09-11,2025-09-11_3,-60.000000000000014,0,0,40,88.44584608695642,102.24584608695642,0.038333333333333344,0.0,0.0,True,False,True,False,-1072.2000000000003,440.5416592750281,0.0,0.0,0.0,0.0,-631.6583407249722
2025-09-11T00:15:00Z,2025-09-11T00:30:00Z,2025-09-11,2025-09-11_3,-60.000000000000014,0,0,40,102.24584608695642,116.04584608695643,0.038333333333333344,0.0,0.0,True,False,True,False,-1072.2000000000003,440.5416592750281,0.0,0.0,0.0,0.0,-631.6583407249722
2025-09-11T00:30:00Z,2025-09-11T00:45:00Z,2025-09-11,2025-09-11_3,-60.000000000000014,0,0,40,116.04584608695643,129.84584608695644,0.038333333333333344,0.0,0.0,True,False,True,False,-1072.2000000000003,440.5416592750281,0.0,0.0,0.0,0.0,-631.6583407249722
2025-09-11T00:45:00Z,2025-09-11T01:00:00Z,2025-09-11,2025-09-11_3,-60.000000000000014,0,0,40,129.84584608695644,143.64584608695645,0.038333333333333344,0.0,0.0,True,False,True,False,-1072.2000000000003,440.5416592750281,0.0,0.0,0.0,0.0,-631.6583407249722
2025-09-11T01:00:00Z,2025-09-11T01:15:00Z,2025-09-11,2025-09-11_4,0.0,0,0,100,143.64584608695645,143.64584608695645,0.0,0.0,0.0,True,True,True,False,0.0,1101.3541481875702,0.0,0.0,0.0,0.0,1101.3541481875702
2025-09-11T01:15:00Z,2025-09-11T01:30:00Z,2025-09-11,2025-09-11_4,0.0,0,0,100,143.64584608695645,143.64584608695645,0.0,0.0,0.0,True,True,True,False,0.0,1101.3541481875702,0.0,0.0,0.0,0.0,1101.3541481875702
2025-09-11T01:30:00Z,2025-09-11T01:45:00Z,2025-09-11,2025-09-11_4,0.0,0,0,100,143.64584608695645,143.64584608695645,0.0,0.0,0.0,True,True,True,False,0.0,1101.3541481875702,0.0,0.0,0.0,0.0,1101.3541481875702
2025-09-11T01:45:00Z,2025-09-11T02:00:00Z,2025-09-11,2025-09-11_4,0.0,0,0,100,143.64584608695645,143.64584608695645,0.0,0.0,0.0,True,True,True,False,0.0,1101.3541481875702,0.0,0.0,0.0,0.0,1101.3541481875702
2025-09-11T02:00:00Z,2025-09-11T02:15:00Z,2025-09-11,2025-09-11_5,0.0,1,1,99,143.64584608695645,143.77227708695645,0.0003511972222222222,0.0,0.137425,True,True,True,False,0.0,1090.3406067056947,1.5075986044586365,1.070309266158122,0.0,5.549740124770858,1098.4682547010823
2025-09-11T02:15:00Z,2025-09-11T02:30:00Z,2025-09-11,2025-09-11_5,0.0,1,1,99,143.77227708695645,143.87481568695645,0.00028482944444444447,0.0,0.111455,True,True,True,False,0.0,1090.3406067056947,1.5075986044586365,1.070309266158122,0.0,-2.821009026669032,1090.0975055496424
2025-09-11T02:30:00Z,2025-09-11T02:45:00Z,2025-09-11,2025-09-11_5,0.0,1,1,99,143.87481568695645,143.88780839130428,4.016693236714976e-05,0.000675,0.01492,True,True,True,False,0.0,1090.3406067056947,1.5075986044586365,1.070309266158122,0.07171367748802555,-0.5953001478327715,1092.3949281059668
2025-09-11T02:45:00Z,2025-09-11T03:00:00Z,2025-09-11,2025-09-11_5,0.0,1,1,99,143.88780839130428,143.88107330434775,2.407524154589372e-05,0.007085,0.00105,True,True,True,False,0.0,1090.3406067056947,1.5075986044586365,1.070309266158122,0.7527280074113496,-0.04668363786884277,1093.624558945854
2025-09-11T03:00:00Z,2025-09-11T03:15:00Z,2025-09-11,2025-09-11_6,0.0,0,0,100,143.88107330434775,143.88107330434775,0.0,0.0,0.0,True,True,True,False,0.0,1101.3541481875702,0.0,0.0,0.0,0.0,1101.3541481875702
2025-09-11T03:15:00Z,2025-09-11T03:30:00Z,2025-09-11,2025-09-11_6,0.0,0,0,100,143.88107330434775,143.88107330434775,0.0,0.0,0.0,True,True,True,False,0.0,1101.3541481875702,0.0,0.0,0.0,0.0,1101.3541481875702
2025-09-11T03:30:00Z,2025-09-11T03:45:00Z,2025-09-11,2025-09-11_6,0.0,0,0,100,143.88107330434775,143.88107330434775,0.0,0.0,0.0,True,True,True,False,0.0,1101.3541481875702,0.0,0.0,0.0,0.0,1101.3541481875702
2025-09-11T03:45:00Z,2025-09-11T04:00:00Z,2025-09-11,2025-09-11_6,0.0,0,0,100,143.88107330434775,143.88107330434775,0.0,0.0,0.0,True,True,True,False,0.0,1101.3541481875702,0.0,0.0,0.0,0.0,1101.3541481875702
2025-09-11T04:00:00Z,2025-09-11T04:15:00Z,2025-09-11,2025-09-11_7,0.0,0,0,100,143.88107330434775,143.88107330434775,0.0,0.0,0.0,True,False,True,False,0.0,1101.3541481875702,0.0,0.0,0.0,0.0,1101.3541481875702
2025-09-11T04:15:00Z,2025-09-11T04:30:00Z,2025-09-11,2025-09-11_7,0.0,0,0,100,143.88107330434775,143.88107330434775,0.0,0.0,0.0,True,False,True,False,0.0,1101.3541481875702,0.0,0.0,0.0,0.0,1101.3541481875702
2025-09-11T04:30:00Z,2025-09-11T04:45:00Z,2025-09-11,2025-09-11_7,0.0,0,0,100,143.88107330434775,143.88107330434775,0.0,0.0,0.0,True,False,True,False,0.0,1101.3541481875702,0.0,0.0,0.0,0.0,1101.3541481875702
2025-09-11T04:45:00Z,2025-09-11T05:00:00Z,2025-09-11,2025-09-11_7,0.0,0,0,100,143.88107330434775,143.88107330434775,0.0,0.0,0.0,True,False,True,False,0.0,1101.3541481875702,0.0,0.0,0.0,0.0,1101.3541481875702
2025-09-11T05:00:00Z,2025-09-11T05:15:00Z,2025-09-11,2025-09-11_8,91.51981618497689,8,100,0,143.88107330434775,124.02045330781613,0.05719208110001872,0.0,4.669,True,True,True,False,3729.6613090782703,0.0,12.864999113003371,103.86730530423986,0.0,-144.70651311769458,3701.6871003778188
2025-09-11T05:15:00Z,2025-09-11T05:30:00Z,2025-09-11,2025-09-11_8,91.51981618497689,8,100,0,124.02045330781613,100.41350586662111,0.06608521973258699,0.0006,1.1775,True,True,True,False,3729.6613090782703,0.0,12.864999113003371,103.86730530423986,0.05617645319614452,-84.03459582520253,3762.4151941235073
2025-09-11T05:30:00Z,2025-09-11T05:45:00Z,2025-09-11,2025-09-11_8,91.51981618497689,8,100,0,100.41350586662111,81.91212131847576,0.053965584935731475,0.0,5.936,True,True,True,False,3729.6613090782703,0.0,12.864999113003371,103.86730530423986,0.0,-256.47432637533757,3589.919287120176
2025-09-11T05:45:00Z,2025-09-11T06:00:00Z,2025-09-11,2025-09-11_8,91.51981618497689,8,100,0,81.91212131847576,64.34782608695663,0.051741161573849136,0.0,6.8095,True,True,True,False,3729.6613090782703,0.0,12.864999113003371,103.86730530423986,0.0,1543.8034312971834,5390.197044792697
2025-09-11T06:00:00Z,2025-09-11T06:15:00Z,2025-09-11,2025-09-11_9,0.0,0,0,100,64.34782608695663,64.34782608695663,0.0,0.0,0.0,True,True,True,False,0.0,1101.3541481875702,0.0,0.0,0.0,0.0,1101.3541481875702
2025-09-11T06:15:00Z,2025-09-11T06:30:00Z,2025-09-11,2025-09-11_9,0.0,0,0,100,64.34782608695663,64.34782608695663,0.0,0.0,0.0,True,True,True,False,0.0,1101.3541481875702,0.0,0.0,0.0,0.0,1101.3541481875702
2025-09-11T06:30:00Z,2025-09-11T06:45:00Z,2025-09-11,2025-09-11_9,0.0,0,0,100,64.34782608695663,64.34782608695663,0.0,0.0,0.0,True,True,True,False,0.0,1101.3541481875702,0.0,0.0,0.0,0.0,1101.3541481875702
2025-09-11T06:45:00Z,2025-09-11T07:00:00Z,2025-09-11,2025-09-11_9,0.0,0,0,100,64.34782608695663,64.34782608695663,0.0,0.0,0.0,True,True,True,False,0.0,1101.3541481875702,0.0,0.0,0.0,0.0,1101.3541481875702
2025-09-11T07:00:00Z,2025-09-11T07:15:00Z,2025-09-11,2025-09-11_10,-0.359689462959377,9,8,91,64.34782608695663,63.55732327887226,0.0024903272896466856,0.808335,0.0,True,True,True,False,-9.687336461153421,1002.232274850689,11.977115486961148,8.988232511383124,147.10556188575487,0.0,1160.6158482736348
2025-09-11T07:15:00Z,2025-09-11T07:30:00Z,2025-09-11,2025-09-11_10,-0.359689462959377,9,8,91,63.55732327887226,62.59341868106771,0.002939210835279777,0.9688500000000001,0.0,True,True,True,False,-9.687336461153421,1002.232274850689,11.977115486961148,8.988232511383124,180.30792540358348,0.0,1193.8182117914635
2025-09-11T07:30:00Z,2025-09-11T07:45:00Z,2025-09-11,2025-09-11_10,-0.359689462959377,9,8,91,62.59341868106771,62.060466386562666,0.0018236087517257103,0.5699249999999999,0.0,True,True,True,False,-9.687336461153421,1002.232274850689,11.977115486961148,8.988232511383124,102.0877187333688,0.0,1115.5980051212487
2025-09-11T07:45:00Z,2025-09-11T08:00:00Z,2025-09-11,2025-09-11_10,-0.359689462959377,9,8,91,62.060466386562666,62.06733716769946,0.00045579685095382727,0.07533,0.006,True,True,True,False,-9.687336461153421,1002.232274850689,11.977115486961148,8.988232511383124,10.388792921766896,-0.46123824729466034,1023.437841062352
2025-09-11T08:00:00Z,2025-09-11T08:15:00Z,2025-09-11,2025-09-11_11,-13.0,13,0,87,62.06733716769946,64.92051476769946,0.007925493333333334,0.14872,0.0,True,True,True,False,-254.44250000000002,958.1781089231861,5.342676364496482,0.0,20.511006973764612,0.0,729.5892922614471
2025-09-11T08:15:00Z,2025-09-11T08:30:00Z,2025-09-11,2025-09-11_11,-13.0,13,0,87,64.92051476769946,67.24476136769945,0.006456240555555555,0.7236449999999999,0.0,True,True,True,False,-254.44250000000002,958.1781089231861,5.342676364496482,0.0,265.27987274259357,0.0,974.3581580302761
2025-09-11T08:30:00Z,2025-09-11T08:45:00Z,2025-09-11,2025-09-11_11,-13.0,13,0,87,67.24476136769945,70.21945256769945,0.00826303111111111,0.016640000000000002,0.0,True,True,True,False,-254.44250000000002,958.1781089231861,5.342676364496482,0.0,2.292661581219325,0.0,711.3709468689019
2025-09-11T08:45:00Z,2025-09-11T09:00:00Z,2025-09-11,2025-09-11_11,-13.0,13,0,87,70.21945256769945,73.20945256769946,0.008305555555555556,0.0,0.0,True,True,True,False,-254.44250000000002,958.1781089231861,5.342676364496482,0.0,0.0,0.0,709.0782852876825
2025-09-11T09:00:00Z,2025-09-11T09:15:00Z,2025-09-11,2025-09-11_12,-9.0,9,0,91,73.20945256769946,75.27928696769945,0.005749540000000001,0.00018,0.0,True,True,True,False,-177.3675,1002.232274850689,3.6987759446514104,0.0,0.02480042575838212,0.0,828.5883512210988
2025-09-11T09:15:00Z,2025-09-11T09:30:00Z,2025-09-11,2025-09-11_12,-9.0,9,0,91,75.27928696769945,77.34928696769946,0.00575,0.0,0.0,True,True,True,False,-177.3675,1002.232274850689,3.6987759446514104,0.0,0.0,0.0,828.5635507953405
2025-09-11T09:30:00Z,2025-09-11T09:45:00Z,2025-09-11,2025-09-11_12,-9.0,9,0,91,77.34928696769946,79.41928696769946,0.00575,0.0,0.0,True,True,True,False,-177.3675,1002.232274850689,3.6987759446514104,0.0,0.0,0.0,828.5635507953405
2025-09-11T09:45:00Z,2025-09-11T10:00:00Z,2025-09-11,2025-09-11_12,-9.0,9,0,91,79.41928696769946,81.46560616769946,0.005684220000000001,0.02574,0.0,True,True,True,False,-177.3675,1002.232274850689,3.6987759446514104,0.0,3.5483431967358525,0.0,832.1118939920763
2025-09-11T10:00:00Z,2025-09-11T10:15:00Z,2025-09-11,2025-09-11_13,0.0,9,9,91,81.46560616769946,81.50823744596033,0.00012928978260869566,0.0018000000000000002,0.048465,True,True,True,False,0.0,1002.232274850689,3.6987759446514104,30.867482703565724,0.2480042575838212,-1.9350845130388505,1035.111453243451
2025-09-11T10:15:00Z,2025-09-11T10:30:00Z,2025-09-11,2025-09-11_13,0.0,9,9,91,81.50823744596033,81.66270945465598,0.00044974108695652177,0.00342,0.17194500000000001,True,True,True,False,0.0,1002.232274850689,3.6987759446514104,30.867482703565724,0.47120808940926023,-6.224393409615043,1031.0453481787004
2025-09-11T10:30:00Z,2025-09-11T10:45:00Z,2025-09-11,2025-09-11_13,0.0,9,9,91,81.66270945465598,82.10366085465598,0.001224865,0.0,0.47929499999999997,True,True,True,False,0.0,1002.232274850689,3.6987759446514104,30.867482703565724,0.0,-17.646044722370057,1019.1524887765361
2025-09-11T10:45:00Z,2025-09-11T11:00:00Z,2025-09-11,2025-09-11_13,0.0,9,9,91,82.10366085465598,82.43283781117772,0.0009486195652173914,0.0056700000000000006,0.3645,True,True,True,False,0.0,1002.232274850689,3.6987759446514104,30.867482703565724,0.742096860031932,-13.569906865353913,1023.9707234935842
2025-09-11T11:00:00Z,2025-09-11T11:15:00Z,2025-09-11,2025-09-11_14,-9.0,9,0,91,82.43283781117772,83.85496921117772,0.003950365,0.704205,0.0,True,True,True,False,-182.0025,1002.232274850689,3.6987759446514104,0.0,116.6804097924428,0.0,940.6089605877833
2025-09-11T11:15:00Z,2025-09-11T11:30:00Z,2025-09-11,2025-09-11_14,-9.0,9,0,91,83.85496921117772,85.21690501117772,0.003783155,0.7696350000000001,0.0,True,True,True,False,-182.0025,1002.232274850689,3.6987759446514104,0.0,115.65232464076638,0.0,939.5808754361068
2025-09-11T11:30:00Z,2025-09-11T11:45:00Z,2025-09-11,2025-09-11_14,-9.0,9,0,91,85.21690501117772,86.51359441117772,0.003601915,0.8405549999999999,0.0,True,True,True,False,-182.0025,1002.232274850689,3.6987759446514104,0.0,115.77765767252085,0.0,939.7062084678613
2025-09-11T11:45:00Z,2025-09-11T12:00:00Z,2025-09-11,2025-09-11_14,-9.0,9,0,91,86.51359441117772,88.27450201117772,0.00489141,0.33597,0.0,True,True,True,False,-182.0025,1002.232274850689,3.6987759446514104,0.0,45.84305451481284,0.0,869.7716053101533
2025-09-11T12:00:00Z,2025-09-11T12:15:00Z,2025-09-11,2025-09-11_15,-100.0,100,0,0,88.27450201117772,111.09602201117771,0.06339311111111112,0.194,0.0,True,True,True,False,-1915.75,0.0,41.09751049612679,0.0,26.639676344785446,0.0,-1848.0128131590877
2025-09-11T12:15:00Z,2025-09-11T12:30:00Z,2025-09-11,2025-09-11_15,-100.0,100,0,0,111.09602201117771,131.07612201117772,0.05550027777777778,3.2825,0.0,True,True,True,False,-1915.75,0.0,41.09751049612679,0.0,452.8896300238504,0.0,-1421.7628594800228
2025-09-11T12:30:00Z,2025-09-11T12:45:00Z,2025-09-11,2025-09-11_15,-100.0,100,0,0,131.07612201117772,138.1417220111777,0.019626666666666667,17.32,0.0,True,True,True,False,-1915.75,0.0,41.09751049612679,0.0,12679.227997555832,0.0,10804.57550805196
2025-09-11T12:45:00Z,2025-09-11T13:00:00Z,2025-09-11,2025-09-11_15,-100.0,100,0,0,138.1417220111777,146.8932220111777,0.024309722222222222,15.4875,0.0,True,True,True,False,-1915.75,0.0,41.09751049612679,0.0,10105.092336349124,0.0,8230.439846845251
2025-09-11T13:00:00Z,2025-09-11T13:15:00Z,2025-09-11,2025-09-11_16,-2.9999999999999782,9,6,91,146.8932220111777,147.24890542856903,0.002300147173913034,0.32593500000000003,0.00198,True,True,True,False,-75.86999999999945,1002.232274850689,11.977115486961148,12.967890722015254,52.72690706049318,-0.15220862160723792,1003.8819794985519
2025-09-11T13:15:00Z,2025-09-11T13:30:00Z,2025-09-11,2025-09-11_16,-2.9999999999999782,9,6,91,147.24890542856903,147.77919844596036,0.002151840507246365,0.168615,0.015420000000000001,True,True,True,False,-75.86999999999945,1002.232274850689,11.977115486961148,12.967890722015254,26.121515540180948,-1.1853822955472773,976.2434143042997
2025-09-11T13:30:00Z,2025-09-11T13:45:00Z,2025-09-11,2025-09-11_16,-2.9999999999999782,9,6,91,147.77919844596036,147.9783336720473,0.002469276594202891,0.475965,0.0,True,True,True,False,-75.86999999999945,1002.232274850689,11.977115486961148,12.967890722015254,84.50520137484479,0.0,1035.8124824345107
2025-09-11T13:45:00Z,2025-09-11T14:00:00Z,2025-09-11,2025-09-11_16,-2.9999999999999782,9,6,91,147.9783336720473,148.10293653291686,0.002553184275362312,0.548235,0.0,True,True,True,False,-75.86999999999945,1002.232274850689,11.977115486961148,12.967890722015254,89.46616415646622,0.0,1040.7734452161321
2025-09-11T14:00:00Z,2025-09-11T14:15:00Z,2025-09-11,2025-09-11_17,0.9184799870654581,8,9,91,148.10293653291686,147.84530285431447,0.000921557257691721,0.046079999999999996,0.044865,True,True,True,False,35.198449304316014,1002.232274850689,11.488380344154693,9.558275678552421,6.3579918396310084,-3.122934034060671,1061.7124379832824
2025-09-11T14:15:00Z,2025-09-11T14:30:00Z,2025-09-11,2025-09-11_17,0.9184799870654581,8,9,91,147.84530285431447,147.46564507870104,0.001065757429877333,0.12176000000000001,0.00243,True,True,True,False,35.198449304316014,1002.232274850689,11.488380344154693,9.558275678552421,16.839134638203934,-0.18680149015433742,1075.1297133257617
2025-09-11T14:30:00Z,2025-09-11T14:45:00Z,2025-09-11,2025-09-11_17,0.9184799870654581,8,9,91,147.46564507870104,147.19002068466875,0.0007920588666653659,0.028919999999999998,0.00576,True,True,True,False,35.198449304316014,1002.232274850689,11.488380344154693,9.558275678552421,3.9903021701850863,-0.44278871740287395,1062.0248936304943
2025-09-11T14:45:00Z,2025-09-11T15:00:00Z,2025-09-11,2025-09-11_17,0.9184799870654581,8,9,91,147.19002068466875,147.03511680000017,0.0009046827727497981,0.002,0.103365,True,True,True,False,35.198449304316014,1002.232274850689,11.488380344154693,9.558275678552421,0.2759545069284292,-6.074458674827035,1052.6788760098136
2025-09-11T15:00:00Z,2025-09-11T15:15:00Z,2025-09-11,2025-09-11_18,0.0,9,9,91,147.03511680000017,147.50513100000018,0.0013055949999999999,0.0,0.5108849999999999,True,True,True,False,0.0,1002.232274850689,11.902607770090471,9.59286854709952,0.0,-15.217390411566436,1008.5103607563126
2025-09-11T15:15:00Z,2025-09-11T15:30:00Z,2025-09-11,2025-09-11_18,0.0,9,9,91,147.50513100000018,147.7855746000002,0.00077901,0.0,0.30483,True,True,True,False,0.0,1002.232274850689,11.902607770090471,9.59286854709952,0.0,-17.75960862160724,1005.9681425462718
2025-09-11T15:30:00Z,2025-09-11T15:45:00Z,2025-09-11,2025-09-11_18,0.0,9,9,91,147.7855746000002,148.1268762000002,0.0009480599999999999,0.0,0.37098,True,True,True,False,0.0,1002.232274850689,11.902607770090471,9.59286854709952,0.0,-18.35653762639702,1005.371213541482
2025-09-11T15:45:00Z,2025-09-11T16:00:00Z,2025-09-11,2025-09-11_18,0.0,9,9,91,148.1268762000002,148.13016847826106,6.376478260869566e-05,0.009045000000000001,0.014265,True,True,True,False,0.0,1002.232274850689,11.902607770090471,9.59286854709952,1.2480042575838213,-1.096593932943055,1023.8791614925198
2025-09-11T16:00:00Z,2025-09-11T16:15:00Z,2025-09-11,2025-09-11_19,99.81374937596267,0,100,0,148.13016847826106,134.26068296365045,0.03864245770461126,0.0,12.197,True,True,True,False,5387.447122567585,0.0,0.0,104.63603571639761,0.0,1070.356290185875,6562.439448469858
2025-09-11T16:15:00Z,2025-09-11T16:30:00Z,2025-09-11,2025-09-11_19,99.81374937596267,0,100,0,134.26068296365045,117.25296505970095,0.047332277649550315,0.0,9.309,True,True,True,False,5387.447122567585,0.0,0.0,104.63603571639761,0.0,-159.5537608657087,5332.529397418274
2025-09-11T16:30:00Z,2025-09-11T16:45:00Z,2025-09-11,2025-09-11_19,99.81374937596267,0,100,0,117.25296505970095,91.46243438330282,0.07165203862772547,0.0,1.2265,True,True,True,False,5387.447122567585,0.0,0.0,104.63603571639761,0.0,-78.01074763960342,5414.0724106443795
2025-09-11T16:45:00Z,2025-09-11T17:00:00Z,2025-09-11,2025-09-11_19,99.81374937596267,0,100,0,91.46243438330282,64.34782608695681,0.07531843253454965,0.0,0.008,True,True,True,False,5387.447122567585,0.0,0.0,104.63603571639761,0.0,-0.6149843297262138,5491.468173954257
2025-09-11T17:00:00Z,2025-09-11T17:15:00Z,2025-09-11,2025-09-11_20,0.0,0,0,100,64.34782608695681,64.34782608695681,0.0,0.0,0.0,True,True,True,False,0.0,1101.3541481875702,0.0,0.0,0.0,0.0,1101.3541481875702
2025-09-11T17:15:00Z,2025-09-11T17:30:00Z,2025-09-11,2025-09-11_20,0.0,0,0,100,64.34782608695681,64.34782608695681,0.0,0.0,0.0,True,True,True,False,0.0,1101.3541481875702,0.0,0.0,0.0,0.0,1101.3541481875702
2025-09-11T17:30:00Z,2025-09-11T17:45:00Z,2025-09-11,2025-09-11_20,0.0,0,0,100,64.34782608695681,64.34782608695681,0.0,0.0,0.0,True,True,True,False,0.0,1101.3541481875702,0.0,0.0,0.0,0.0,1101.3541481875702
2025-09-11T17:45:00Z,2025-09-11T18:00:00Z,2025-09-11,2025-09-11_20,0.0,0,0,100,64.34782608695681,64.34782608695681,0.0,0.0,0.0,True,True,True,False,0.0,1101.3541481875702,0.0,0.0,0.0,0.0,1101.3541481875702
2025-09-11T18:00:00Z,2025-09-11T18:15:00Z,2025-09-11,2025-09-11_21,0.0,0,0,100,64.34782608695681,64.34782608695681,0.0,0.0,0.0,True,True,True,False,0.0,1101.3541481875702,0.0,0.0,0.0,0.0,1101.3541481875702
2025-09-11T18:15:00Z,2025-09-11T18:30:00Z,2025-09-11,2025-09-11_21,0.0,0,0,100,64.34782608695681,64.34782608695681,0.0,0.0,0.0,True,True,True,False,0.0,1101.3541481875702,0.0,0.0,0.0,0.0,1101.3541481875702
2025-09-11T18:30:00Z,2025-09-11T18:45:00Z,2025-09-11,2025-09-11_21,0.0,0,0,100,64.34782608695681,64.34782608695681,0.0,0.0,0.0,True,True,True,False,0.0,1101.3541481875702,0.0,0.0,0.0,0.0,1101.3541481875702
2025-09-11T18:45:00Z,2025-09-11T19:00:00Z,2025-09-11,2025-09-11_21,0.0,0,0,100,64.34782608695681,64.34782608695681,0.0,0.0,0.0,True,True,True,False,0.0,1101.3541481875702,0.0,0.0,0.0,0.0,1101.3541481875702
2025-09-11T19:00:00Z,2025-09-11T19:15:00Z,2025-09-11,2025-09-11_22,0.0,0,0,100,64.34782608695681,64.34782608695681,0.0,0.0,0.0,True,True,True,False,0.0,1101.3541481875702,0.0,0.0,0.0,0.0,1101.3541481875702
2025-09-11T19:15:00Z,2025-09-11T19:30:00Z,2025-09-11,2025-09-11_22,0.0,0,0,100,64.34782608695681,64.34782608695681,0.0,0.0,0.0,True,True,True,False,0.0,1101.3541481875702,0.0,0.0,0.0,0.0,1101.3541481875702
2025-09-11T19:30:00Z,2025-09-11T19:45:00Z,2025-09-11,2025-09-11_22,0.0,0,0,100,64.34782608695681,64.34782608695681,0.0,0.0,0.0,True,True,True,False,0.0,1101.3541481875702,0.0,0.0,0.0,0.0,1101.3541481875702
2025-09-11T19:45:00Z,2025-09-11T20:00:00Z,2025-09-11,2025-09-11_22,0.0,0,0,100,64.34782608695681,64.34782608695681,0.0,0.0,0.0,True,True,True,False,0.0,1101.3541481875702,0.0,0.0,0.0,0.0,1101.3541481875702
2025-09-11T20:00:00Z,2025-09-11T20:15:00Z,2025-09-11,2025-09-11_23,0.0,0,0,100,64.34782608695681,64.34782608695681,0.0,0.0,0.0,True,True,True,False,0.0,1101.3541481875702,0.0,0.0,0.0,0.0,1101.3541481875702
2025-09-11T20:15:00Z,2025-09-11T20:30:00Z,2025-09-11,2025-09-11_23,0.0,0,0,100,64.34782608695681,64.34782608695681,0.0,0.0,0.0,True,True,True,False,0.0,1101.3541481875702,0.0,0.0,0.0,0.0,1101.3541481875702
2025-09-11T20:30:00Z,2025-09-11T20:45:00Z,2025-09-11,2025-09-11_23,0.0,0,0,100,64.34782608695681,64.34782608695681,0.0,0.0,0.0,True,True,True,False,0.0,1101.3541481875702,0.0,0.0,0.0,0.0,1101.3541481875702
2025-09-11T20:45:00Z,2025-09-11T21:00:00Z,2025-09-11,2025-09-11_23,0.0,0,0,100,64.34782608695681,64.34782608695681,0.0,0.0,0.0,True,True,True,False,0.0,1101.3541481875702,0.0,0.0,0.0,0.0,1101.3541481875702
2025-09-11T21:00:00Z,2025-09-11T21:15:00Z,2025-09-12,2025-09-11_24,0.0,0,0,100,64.34782608695681,64.34782608695681,0.0,0.0,0.0,True,True,True,False,0.0,1101.918867217544,0.0,0.0,0.0,0.0,1101.918867217544
2025-09-11T21:15:00Z,2025-09-11T21:30:00Z,2025-09-12,2025-09-11_24,0.0,0,0,100,64.34782608695681,64.34782608695681,0.0,0.0,0.0,True,True,True,False,0.0,1101.918867217544,0.0,0.0,0.0,0.0,1101.918867217544
2025-09-11T21:30:00Z,2025-09-11T21:45:00Z,2025-09-12,2025-09-11_24,0.0,0,0,100,64.34782608695681,64.34782608695681,0.0,0.0,0.0,True,True,True,False,0.0,1101.918867217544,0.0,0.0,0.0,0.0,1101.918867217544
2025-09-11T21:45:00Z,2025-09-11T22:00:00Z,2025-09-12,2025-09-11_24,0.0,0,0,100,64.34782608695681,64.34782608695681,0.0,0.0,0.0,True,True,True,False,0.0,1101.918867217544,0.0,0.0,0.0,0.0,1101.918867217544
2025-09-11T22:00:00Z,2025-09-11T22:15:00Z,2025-09-12,2025-09-12_1,-100.0000000000007,100,0,0,64.34782608695681,72.09560608695696,0.02152161111111156,16.5785,0.0,True,True,True,False,-2423.000000000017,0.0,146.90279448596837,0.0,11721.656990356358,0.0,9445.55978484231
2025-09-11T22:15:00Z,2025-09-11T22:30:00Z,2025-09-12,2025-09-12_1,-100.0000000000007,100,0,0,72.09560608695696,86.75626608695713,0.040724055555556,9.0645,0.0,True,True,True,False,-2423.000000000017,0.0,146.90279448596837,0.0,1588.0527777229968,0.0,-688.0444277910517
2025-09-11T22:30:00Z,2025-09-11T22:45:00Z,2025-09-12,2025-09-12_1,-100.0000000000007,100,0,0,86.75626608695713,103.20632608695729,0.045694611111111554,7.1195,0.0,True,True,True,False,-2423.000000000017,0.0,146.90279448596837,0.0,1279.6285773167413,0.0,-996.4686281973072
2025-09-11T22:45:00Z,2025-09-11T23:00:00Z,2025-09-12,2025-09-12_1,-100.0000000000007,100,0,0,103.20632608695729,124.25132608695746,0.05845833333333379,2.125,0.0,True,True,True,False,-2423.000000000017,0.0,146.90279448596837,0.0,327.21236712879875,0.0,-1948.8848383852496
2025-09-11T23:00:00Z,2025-09-11T23:15:00Z,2025-09-12,2025-09-12_2,0.0,0,0,100,124.25132608695746,124.25132608695746,0.0,0.0,0.0,True,True,True,False,0.0,1101.918867217544,0.0,0.0,0.0,0.0,1101.918867217544
2025-09-11T23:15:00Z,2025-09-11T23:30:00Z,2025-09-12,2025-09-12_2,0.0,0,0,100,124.25132608695746,124.25132608695746,0.0,0.0,0.0,True,True,True,False,0.0,1101.918867217544,0.0,0.0,0.0,0.0,1101.918867217544
2025-09-11T23:30:00Z,2025-09-11T23:45:00Z,2025-09-12,2025-09-12_2,0.0,0,0,100,124.25132608695746,124.25132608695746,0.0,0.0,0.0,True,True,True,False,0.0,1101.918867217544,0.0,0.0,0.0,0.0,1101.918867217544
2025-09-11T23:45:00Z,2025-09-12T00:00:00Z,2025-09-12,2025-09-12_2,0.0,0,0,100,124.25132608695746,124.25132608695746,0.0,0.0,0.0,True,True,True,False,0.0,1101.918867217544,0.0,0.0,0.0,0.0,1101.918867217544
2025-09-12T00:00:00Z,2025-09-12T00:15:00Z,2025-09-12,2025-09-12_3,0.0,0,0,100,124.25132608695746,124.25132608695746,0.0,0.0,0.0,True,True,True,False,0.0,1101.918867217544,0.0,0.0,0.0,0.0,1101.918867217544
2025-09-12T00:15:00Z,2025-09-12T00:30:00Z,2025-09-12,2025-09-12_3,0.0,0,0,100,124.25132608695746,124.25132608695746,0.0,0.0,0.0,True,True,True,False,0.0,1101.918867217544,0.0,0.0,0.0,0.0,1101.918867217544
2025-09-12T00:30:00Z,2025-09-12T00:45:00Z,2025-09-12,2025-09-12_3,0.0,0,0,100,124.25132608695746,124.25132608695746,0.0,0.0,0.0,True,True,True,False,0.0,1101.918867217544,0.0,0.0,0.0,0.0,1101.918867217544
2025-09-12T00:45:00Z,2025-09-12T01:00:00Z,2025-09-12,2025-09-12_3,0.0,0,0,100,124.25132608695746,124.25132608695746,0.0,0.0,0.0,True,True,True,False,0.0,1101.918867217544,0.0,0.0,0.0,0.0,1101.918867217544
2025-09-12T01:00:00Z,2025-09-12T01:15:00Z,2025-09-12,2025-09-12_4,0.0,0,0,100,124.25132608695746,124.25132608695746,0.0,0.0,0.0,True,True,True,False,0.0,1101.918867217544,0.0,0.0,0.0,0.0,1101.918867217544
2025-09-12T01:15:00Z,2025-09-12T01:30:00Z,2025-09-12,2025-09-12_4,0.0,0,0,100,124.25132608695746,124.25132608695746,0.0,0.0,0.0,True,True,True,False,0.0,1101.918867217544,0.0,0.0,0.0,0.0,1101.918867217544
2025-09-12T01:30:00Z,2025-09-12T01:45:00Z,2025-09-12,2025-09-12_4,0.0,0,0,100,124.25132608695746,124.25132608695746,0.0,0.0,0.0,True,True,True,False,0.0,1101.918867217544,0.0,0.0,0.0,0.0,1101.918867217544
2025-09-12T01:45:00Z,2025-09-12T02:00:00Z,2025-09-12,2025-09-12_4,0.0,0,0,100,124.25132608695746,124.25132608695746,0.0,0.0,0.0,True,True,True,False,0.0,1101.918867217544,0.0,0.0,0.0,0.0,1101.918867217544
2025-09-12T02:00:00Z,2025-09-12T02:15:00Z,2025-09-12,2025-09-12_5,0.0,0,0,100,124.25132608695746,124.25132608695746,0.0,0.0,0.0,True,True,True,False,0.0,1101.918867217544,0.0,0.0,0.0,0.0,1101.918867217544
2025-09-12T02:15:00Z,2025-09-12T02:30:00Z,2025-09-12,2025-09-12_5,0.0,0,0,100,124.25132608695746,124.25132608695746,0.0,0.0,0.0,True,True,True,False,0.0,1101.918867217544,0.0,0.0,0.0,0.0,1101.918867217544
2025-09-12T02:30:00Z,2025-09-12T02:45:00Z,2025-09-12,2025-09-12_5,0.0,0,0,100,124.25132608695746,124.25132608695746,0.0,0.0,0.0,True,True,True,False,0.0,1101.918867217544,0.0,0.0,0.0,0.0,1101.918867217544
2025-09-12T02:45:00Z,2025-09-12T03:00:00Z,2025-09-12,2025-09-12_5,0.0,0,0,100,124.25132608695746,124.25132608695746,0.0,0.0,0.0,True,True,True,False,0.0,1101.918867217544,0.0,0.0,0.0,0.0,1101.918867217544
2025-09-12T03:00:00Z,2025-09-12T03:15:00Z,2025-09-12,2025-09-12_6,0.0,100,100,0,124.25132608695746,122.66165217391398,0.004415760869565217,1.4625,0.0,True,True,True,False,0.0,0.0,148.855187646676,108.06200327370973,201.60678012897623,0.0,458.523971049362
2025-09-12T03:15:00Z,2025-09-12T03:30:00Z,2025-09-12,2025-09-12_6,0.0,100,100,0,122.66165217391398,121.0719782608705,0.004415760869565217,1.4625,0.0,True,True,True,False,0.0,0.0,148.855187646676,108.06200327370973,201.60678012897623,0.0,458.523971049362
2025-09-12T03:30:00Z,2025-09-12T03:45:00Z,2025-09-12,2025-09-12_6,0.0,100,100,0,121.0719782608705,112.47523913043571,0.023879830917874392,7.908999999999999,0.0,True,True,True,False,0.0,0.0,148.855187646676,108.06200327370973,5307.263894925749,0.0,5564.181085846135
2025-09-12T03:45:00Z,2025-09-12T04:00:00Z,2025-09-12,2025-09-12_6,0.0,100,100,0,112.47523913043571,92.4111086956531,0.05573369565217391,18.459,0.0,True,True,True,False,0.0,0.0,148.855187646676,108.06200327370973,9252.434052497683,0.0,9509.351243418068
2025-09-12T04:00:00Z,2025-09-12T04:15:00Z,2025-09-12,2025-09-12_7,25.82471326898983,0,26,74,92.4111086956531,85.39973452115672,0.01947623647379193,0.0,0.005719999999999999,True,True,True,False,1074.0498248572871,815.4199617409824,0.0,27.973060918610837,0.0,-0.449168958920859,1916.9936785579596
2025-09-12T04:15:00Z,2025-09-12T04:30:00Z,2025-09-12,2025-09-12_7,25.82471326898983,0,26,74,85.39973452115672,78.38285518382138,0.0194913538903471,0.0,0.0006500000000000001,True,True,True,False,1074.0498248572871,815.4199617409824,0.0,27.973060918610837,0.0,-0.05127497189737117,1917.391572544983
2025-09-12T04:30:00Z,2025-09-12T04:45:00Z,2025-09-12,2025-09-12_7,25.82471326898983,0,26,74,78.38285518382138,71.36527005637849,0.01949329202067469,0.0,0.0,True,True,True,False,1074.0498248572871,815.4199617409824,0.0,27.973060918610837,0.0,0.0,1917.4428475168804
2025-09-12T04:45:00Z,2025-09-12T05:00:00Z,2025-09-12,2025-09-12_7,25.82471326898983,0,26,74,71.36527005637849,64.34782608695711,0.01949290439460917,0.0,0.00013000000000000002,True,True,True,False,1074.0498248572871,815.4199617409824,0.0,27.973060918610837,0.0,-0.010254994379474235,1917.432592522501
2025-09-12T05:00:00Z,2025-09-12T05:15:00Z,2025-09-12,2025-09-12_8,0.0,0,0,100,64.34782608695711,64.34782608695711,0.0,0.0,0.0,True,True,True,False,0.0,1101.918867217544,0.0,0.0,0.0,0.0,1101.918867217544
2025-09-12T05:15:00Z,2025-09-12T05:30:00Z,2025-09-12,2025-09-12_8,0.0,0,0,100,64.34782608695711,64.34782608695711,0.0,0.0,0.0,True,True,True,False,0.0,1101.918867217544,0.0,0.0,0.0,0.0,1101.918867217544
2025-09-12T05:30:00Z,2025-09-12T05:45:00Z,2025-09-12,2025-09-12_8,0.0,0,0,100,64.34782608695711,64.34782608695711,0.0,0.0,0.0,True,True,True,False,0.0,1101.918867217544,0.0,0.0,0.0,0.0,1101.918867217544
2025-09-12T05:45:00Z,2025-09-12T06:00:00Z,2025-09-12,2025-09-12_8,0.0,0,0,100,64.34782608695711,64.34782608695711,0.0,0.0,0.0,True,True,True,False,0.0,1101.918867217544,0.0,0.0,0.0,0.0,1101.918867217544
2025-09-12T06:00:00Z,2025-09-12T06:15:00Z,2025-09-12,2025-09-12_9,0.0,0,0,100,64.34782608695711,64.34782608695711,0.0,0.0,0.0,True,True,True,False,0.0,1101.918867217544,0.0,0.0,0.0,0.0,1101.918867217544
2025-09-12T06:15:00Z,2025-09-12T06:30:00Z,2025-09-12,2025-09-12_9,0.0,0,0,100,64.34782608695711,64.34782608695711,0.0,0.0,0.0,True,True,True,False,0.0,1101.918867217544,0.0,0.0,0.0,0.0,1101.918867217544
2025-09-12T06:30:00Z,2025-09-12T06:45:00Z,2025-09-12,2025-09-12_9,0.0,0,0,100,64.34782608695711,64.34782608695711,0.0,0.0,0.0,True,True,True,False,0.0,1101.918867217544,0.0,0.0,0.0,0.0,1101.918867217544
2025-09-12T06:45:00Z,2025-09-12T07:00:00Z,2025-09-12,2025-09-12_9,0.0,0,0,100,64.34782608695711,64.34782608695711,0.0,0.0,0.0,True,True,True,False,0.0,1101.918867217544,0.0,0.0,0.0,0.0,1101.918867217544
2025-09-12T07:00:00Z,2025-09-12T07:15:00Z,2025-09-12,2025-09-12_10,4.848830640402405,4,9,91,64.34782608695711,63.22140762100778,0.0035752416258637582,0.0,0.18931499999999998,True,True,True,False,114.56574595610783,1002.746169167965,5.837063916224584,9.744216774804267,0.0,-11.941588623858637,1120.951607191243
2025-09-12T07:15:00Z,2025-09-12T07:30:00Z,2025-09-12,2025-09-12_10,4.848830640402405,4,9,91,63.22140762100778,62.00836974062561,0.003613864434182174,8e-05,0.10363499999999999,True,True,True,False,114.56574595610783,1002.746169167965,5.837063916224584,9.744216774804267,0.011028063186542291,-7.147497911530951,1125.7567259667574
2025-09-12T07:30:00Z,2025-09-12T07:45:00Z,2025-09-12,2025-09-12_10,4.848830640402405,4,9,91,62.00836974062561,60.764340229210944,0.003631315019005575,0.00154,0.07451999999999999,True,True,True,False,114.56574595610783,1002.746169167965,5.837063916224584,9.744216774804267,0.2118288875303212,-5.592269903563609,1127.5127547990685
2025-09-12T07:45:00Z,2025-09-12T08:00:00Z,2025-09-12,2025-09-12_10,4.848830640402405,4,9,91,60.764340229210944,59.45652173913137,0.0036617904640087323,0.0024,0.012285,True,True,True,False,114.56574595610783,1002.746169167965,5.837063916224584,9.744216774804267,0.32977695387224637,-0.9672338799376812,1132.2557388890364
2025-09-12T08:00:00Z,2025-09-12T08:15:00Z,2025-09-12,2025-09-12_11,52.21213426008097,47,100,0,59.45652173913137,47.25761390314208,0.03879404059486014,0.03196,2.0095,True,True,True,False,798.8456541792389,0.0,19.07547281440432,182.31210680971068,4.404967503500503,-125.58711203581359,879.0510892710408
2025-09-12T08:15:00Z,2025-09-12T08:30:00Z,2025-09-12,2025-09-12_11,52.21213426008097,47,100,0,47.25761390314208,40.39318196360058,0.03682843919148168,0.0,7.2715000000000005,True,True,True,False,798.8456541792389,0.0,19.07547281440432,182.31210680971068,0.0,-102.40931252095372,897.8239212824002
2025-09-12T08:30:00Z,2025-09-12T08:45:00Z,2025-09-12,2025-09-12_11,52.21213426008097,47,100,0,40.39318196360058,48.957107616261744,0.03138718741480728,0.0,22.59,True,True,True,False,798.8456541792389,0.0,19.07547281440432,182.31210680971068,0.0,-0.0,1000.2332338033539
2025-09-12T08:45:00Z,2025-09-12T09:00:00Z,2025-09-12,2025-09-12_11,52.21213426008097,47,100,0,48.957107616261744,51.42009152431556,0.03353885909527242,0.0,16.5325,True,True,True,False,798.8456541792389,0.0,19.07547281440432,182.31210680971068,0.0,5720.423669808902,6720.6569036122555
2025-09-12T09:00:00Z,2025-09-12T09:15:00Z,2025-09-12,2025-09-12_12,0.0,100,100,0,51.42009152431556,71.15777152431556,0.05482688888888889,0.0,21.454,True,True,True,False,0.0,0.0,40.290295225511265,225.26475634527776,0.0,14701.0819772418,14966.637028812589
2025-09-12T09:15:00Z,2025-09-12T09:30:00Z,2025-09-12,2025-09-12_12,0.0,100,100,0,71.15777152431556,73.12620021996774,0.005564475845410629,0.016,2.1585,True,True,True,False,0.0,0.0,40.290295225511265,225.26475634527776,1.7354605872956395,-54.72127615516595,212.5692360029187
2025-09-12T09:30:00Z,2025-09-12T09:45:00Z,2025-09-12,2025-09-12_12,0.0,100,100,0,73.12620021996774,73.01337674170686,0.0005229541062801933,0.1385,0.041,True,True,True,False,0.0,0.0,40.290295225511265,225.26475634527776,15.02258070877788,-2.7944879405210328,277.78314433904586
2025-09-12T09:45:00Z,2025-09-12T10:00:00Z,2025-09-12,2025-09-12_12,0.0,100,100,0,73.01337674170686,73.34512543735904,0.0010181425120772947,0.016,0.3795,True,True,True,False,0.0,0.0,40.290295225511265,225.26475634527776,1.7354605872956395,-18.854429960360502,248.43608219772418
2025-09-12T10:00:00Z,2025-09-12T10:15:00Z,2025-09-12,2025-09-12_13,0.0,100,100,0,73.34512543735904,69.696553263446,0.010257589371980675,3.3769999999999993,0.024,True,True,True,False,0.0,0.0,40.290295225511265,225.26475634527776,436.7722971187408,-1.665942769242905,700.6614059202869
2025-09-12T10:15:00Z,2025-09-12T10:30:00Z,2025-09-12,2025-09-12_13,0.0,100,100,0,69.696553263446,71.38147587214165,0.0051815483091787445,0.083,1.9295,True,True,True,False,0.0,0.0,40.290295225511265,225.26475634527776,9.00270179659613,-72.6978613406433,201.85989202674185
2025-09-12T10:30:00Z,2025-09-12T10:45:00Z,2025-09-12,2025-09-12_13,0.0,100,100,0,71.38147587214165,74.16631587214165,0.007735666666666668,0.0,3.027,True,True,True,False,0.0,0.0,40.290295225511265,225.26475634527776,0.0,399.1721561125683,664.7272076833573
2025-09-12T10:45:00Z,2025-09-12T11:00:00Z,2025-09-12,2025-09-12_13,0.0,100,100,0,74.16631587214165,84.51309587214165,0.028741055555555554,0.0,11.2465,True,True,True,False,0.0,0.0,40.290295225511265,225.26475634527776,0.0,3594.8278266314314,3860.3828782022206
2025-09-12T11:00:00Z,2025-09-12T11:15:00Z,2025-09-12,2025-09-12_14,0.0,100,100,0,84.51309587214165,89.37299587214164,0.013499722222222222,0.0,5.2825,True,True,True,False,0.0,0.0,40.290295225511265,225.26475634527776,0.0,-147.34056885637088,118.21448271441815
2025-09-12T11:15:00Z,2025-09-12T11:30:00Z,2025-09-12,2025-09-12_14,0.0,100,100,0,89.37299587214164,90.91537587214164,0.00428438888888889,0.0,1.6765000000000003,True,True,True,False,0.0,0.0,40.290295225511265,225.26475634527776,0.0,-61.34878438874318,204.20626718204585
2025-09-12T11:30:00Z,2025-09-12T11:45:00Z,2025-09-12,2025-09-12_14,0.0,100,100,0,90.91537587214164,94.08059500257642,0.008810391304347827,0.003,3.444,True,True,True,False,0.0,0.0,40.290295225511265,225.26475634527776,0.30883309996647407,1311.892525292366,1577.7564099631213
2025-09-12T11:45:00Z,2025-09-12T12:00:00Z,2025-09-12,2025-09-12_14,0.0,100,100,0,94.08059500257642,114.17891500257642,0.05582866666666667,0.0,21.846,True,True,True,False,0.0,0.0,40.290295225511265,225.26475634527776,0.0,21446.368171258404,21711.92322282919
2025-09-12T12:00:00Z,2025-09-12T12:15:00Z,2025-09-12,2025-09-12_15,0.0,100,100,0,114.17891500257642,123.89917500257641,0.02700072222222222,0.0,10.5655,True,True,True,False,0.0,0.0,40.290295225511265,229.02163409391207,0.0,63.503016053010434,332.8149453724338
2025-09-12T12:15:00Z,2025-09-12T12:30:00Z,2025-09-12,2025-09-12_15,0.0,100,100,0,123.89917500257641,126.51866717648946,0.007300521739130435,0.004,2.852,True,True,True,False,0.0,0.0,40.290295225511265,229.02163409391207,0.3904786321415189,-100.74325674956121,168.95915120200365
2025-09-12T12:30:00Z,2025-09-12T12:45:00Z,2025-09-12,2025-09-12_15,0.0,100,100,0,126.51866717648946,135.67605587214163,0.02546436473429952,0.0045,9.959,True,True,True,False,0.0,0.0,40.290295225511265,229.02163409391207,0.4392884611592087,935.5198676711301,1205.2710854517127
2025-09-12T12:45:00Z,2025-09-12T13:00:00Z,2025-09-12,2025-09-12_15,0.0,100,100,0,135.67605587214163,147.42629587214162,0.03263955555555556,0.0,12.772,True,True,True,False,0.0,0.0,40.290295225511265,229.02163409391207,0.0,4782.4159189066595,5051.727848226083
2025-09-12T13:00:00Z,2025-09-12T13:15:00Z,2025-09-12,2025-09-12_16,1.3766196890076932,7,9,91,147.42629587214162,147.5632867247933,0.001992958491037388,0.00672,0.548235,True,True,True,False,28.809208541708497,1002.746169167965,7.088074624805253,18.849468515195138,0.6294988857554185,-13.015594297631491,1045.1068254377979
2025-09-12T13:15:00Z,2025-09-12T13:30:00Z,2025-09-12,2025-09-12_16,1.3766196890076932,7,9,91,147.5632867247933,147.85153433838462,0.0022437599341987493,0.00238,0.7032150000000001,True,True,True,False,28.809208541708497,1002.746169167965,7.088074624805253,18.849468515195138,0.22294752203837737,-8.834739104068472,1048.881129267644
2025-09-12T13:30:00Z,2025-09-12T13:45:00Z,2025-09-12,2025-09-12_16,1.3766196890076932,7,9,91,147.85153433838462,147.8271200495189,0.0016704044780482953,0.00031499999999999996,0.37017000000000005,True,True,True,False,28.809208541708497,1002.746169167965,7.088074624805253,18.849468515195138,0.029507760269785233,-10.544081511428404,1046.9783470985153
2025-09-12T13:45:00Z,2025-09-12T14:00:00Z,2025-09-12,2025-09-12_16,1.3766196890076932,7,9,91,147.8271200495189,147.5901801391311,0.0012928890624371529,0.001365,0.14661,True,True,True,False,28.809208541708497,1002.746169167965,7.088074624805253,18.849468515195138,0.14045014692251562,-5.581108781824994,1052.0522622147714
2025-09-12T14:00:00Z,2025-09-12T14:15:00Z,2025-09-12,2025-09-12_17,0.0,9,9,91,147.5901801391311,147.9714741391311,0.0010591500000000002,0.0,0.4144500000000001,True,True,True,False,0.0,1002.746169167965,12.837872483089118,9.714930877393652,0.0,-19.610505157078908,1005.6884673713689
2025-09-12T14:15:00Z,2025-09-12T14:30:00Z,2025-09-12,2025-09-12_17,0.0,9,9,91,147.9714741391311,148.11184009565284,0.0004116445652173913,0.0036000000000000003,0.156825,True,True,True,False,0.0,1002.746169167965,12.837872483089118,9.714930877393652,0.3372315459404027,-9.786446595144653,1015.8497574792435
2025-09-12T14:30:00Z,2025-09-12T14:45:00Z,2025-09-12,2025-09-12_17,0.0,9,9,91,148.11184009565284,148.12890871304415,5.7467173913043475e-05,0.001665,0.02052,True,True,True,False,0.0,1002.746169167965,12.837872483089118,9.714930877393652,0.15596958999743626,-1.3936538781627783,1024.0612882402825
2025-09-12T14:45:00Z,2025-09-12T15:00:00Z,2025-09-12,2025-09-12_17,0.0,9,9,91,148.12890871304415,148.12228080000068,5.061086956521739e-05,0.011430000000000001,0.006300000000000001,True,True,True,False,0.0,1002.746169167965,12.837872483089118,9.714930877393652,1.1231050781943321,-0.48454848443015763,1025.937529122212
2025-09-12T15:00:00Z,2025-09-12T15:15:00Z,2025-09-12,2025-09-12_18,-1.1339063783851396e-13,9,9,91,148.12228080000068,148.13227173913114,7.068739130441977e-05,0.00711,0.01926,True,True,True,False,-4.512096956189067e-12,1002.746169167965,12.13767329954444,9.677657917052871,0.6660323032322953,-1.2387939929398306,1023.9887386948503
2025-09-12T15:15:00Z,2025-09-12T15:30:00Z,2025-09-12,2025-09-12_18,-1.1339063783851396e-13,9,9,91,148.13227173913114,148.12469193913117,5.394500000007157e-05,0.01242,0.006435,True,True,True,False,-4.512096956189067e-12,1002.746169167965,12.13767329954444,9.677657917052871,1.1634488334943893,-0.4402645601199045,1025.2846846579323
2025-09-12T15:30:00Z,2025-09-12T15:45:00Z,2025-09-12,2025-09-12_18,-1.1339063783851396e-13,9,9,91,148.12469193913117,147.97424003478338,0.0004342519565218016,0.14112,0.0031949999999999995,True,True,True,False,-4.512096956189067e-12,1002.746169167965,12.13767329954444,9.677657917052871,20.945411844518503,-0.20686501863648013,1045.30004721044
2025-09-12T15:45:00Z,2025-09-12T16:00:00Z,2025-09-12,2025-09-12_18,-1.1339063783851396e-13,9,9,91,147.97424003478338,146.67383786087035,0.0036122282608695533,1.19637,0.0,True,True,True,False,-4.512096956189067e-12,1002.746169167965,12.13767329954444,9.677657917052871,287.0698155402607,0.0,1311.6313159248186
2025-09-12T16:00:00Z,2025-09-12T16:15:00Z,2025-09-12,2025-09-12_19,0.0,100,100,0,146.67383786087035,143.408620469566,0.009070048309178744,3.004,0.0,True,True,True,False,0.0,0.0,154.53487684146174,106.70124440412565,407.72337547084226,0.0,668.9594967164296
2025-09-12T16:15:00Z,2025-09-12T16:30:00Z,2025-09-12,2025-09-12_19,0.0,100,100,0,143.408620469566,140.61079438260947,0.007771739130434782,2.574,0.0,True,True,True,False,0.0,0.0,154.53487684146174,106.70124440412565,281.8917569566332,0.0,543.1278782022206
2025-09-12T16:30:00Z,2025-09-12T16:45:00Z,2025-09-12,2025-09-12_19,0.0,100,100,0,140.61079438260947,130.48742481739208,0.02812047101449275,9.3135,0.0,True,True,True,False,0.0,0.0,154.53487684146174,106.70124440412565,2315.233206460646,0.0,2576.469327706234
2025-09-12T16:45:00Z,2025-09-12T17:00:00Z,2025-09-12,2025-09-12_19,0.0,100,100,0,130.48742481739208,104.79720742608774,0.07136171497584541,23.635,0.0,True,True,True,False,0.0,0.0,154.53487684146174,106.70124440412565,22076.80621413217,0.0,22338.04233537776
2025-09-12T17:00:00Z,2025-09-12T17:15:00Z,2025-09-12,2025-09-12_20,38.00000000000027,0,38,62,104.79720742608774,94.81064220869636,0.02774045893719827,0.0,0.31235999999999997,True,True,True,False,2173.5050000000156,683.1896976748772,0.0,39.77084031790483,0.0,-24.024375332794285,2872.441162660003
2025-09-12T17:15:00Z,2025-09-12T17:30:00Z,2025-09-12,2025-09-12_20,38.00000000000027,0,38,62,94.81064220869636,84.98702264347891,0.027287832125604063,0.0,0.46226999999999996,True,True,True,False,2173.5050000000156,683.1896976748772,0.0,39.77084031790483,0.0,-35.40444674699745,2861.0610912458
2025-09-12T17:30:00Z,2025-09-12T17:45:00Z,2025-09-12,2025-09-12_20,38.00000000000027,0,38,62,84.98702264347891,74.72371829565274,0.02850917874396156,0.0,0.05775999999999999,True,True,True,False,2173.5050000000156,683.1896976748772,0.0,39.77084031790483,0.0,-4.442463565188238,2892.023074427609
2025-09-12T17:45:00Z,2025-09-12T18:00:00Z,2025-09-12,2025-09-12_20,38.00000000000027,0,38,62,74.72371829565274,64.40671829565268,0.028658333333333532,0.0,0.00836,True,True,True,False,2173.5050000000156,683.1896976748772,0.0,39.77084031790483,0.0,-0.6429881475930345,2895.8225498452043
2025-09-12T18:00:00Z,2025-09-12T18:15:00Z,2025-09-12,2025-09-12_21,0.0,0,0,100,64.40671829565268,64.40671829565268,0.0,0.0,0.0,True,True,True,False,0.0,1101.918867217544,0.0,0.0,0.0,0.0,1101.918867217544
2025-09-12T18:15:00Z,2025-09-12T18:30:00Z,2025-09-12,2025-09-12_21,0.0,0,0,100,64.40671829565268,64.40671829565268,0.0,0.0,0.0,True,True,True,False,0.0,1101.918867217544,0.0,0.0,0.0,0.0,1101.918867217544
2025-09-12T18:30:00Z,2025-09-12T18:45:00Z,2025-09-12,2025-09-12_21,0.0,0,0,100,64.40671829565268,64.40671829565268,0.0,0.0,0.0,True,True,True,False,0.0,1101.918867217544,0.0,0.0,0.0,0.0,1101.918867217544
2025-09-12T18:45:00Z,2025-09-12T19:00:00Z,2025-09-12,2025-09-12_21,0.0,0,0,100,64.40671829565268,64.40671829565268,0.0,0.0,0.0,True,True,True,False,0.0,1101.918867217544,0.0,0.0,0.0,0.0,1101.918867217544
2025-09-12T19:00:00Z,2025-09-12T19:15:00Z,2025-09-12,2025-09-12_22,0.0,0,0,100,64.40671829565268,64.40671829565268,0.0,0.0,0.0,True,True,True,False,0.0,1101.918867217544,0.0,0.0,0.0,0.0,1101.918867217544
2025-09-12T19:15:00Z,2025-09-12T19:30:00Z,2025-09-12,2025-09-12_22,0.0,0,0,100,64.40671829565268,64.40671829565268,0.0,0.0,0.0,True,True,True,False,0.0,1101.918867217544,0.0,0.0,0.0,0.0,1101.918867217544
2025-09-12T19:30:00Z,2025-09-12T19:45:00Z,2025-09-12,2025-09-12_22,0.0,0,0,100,64.40671829565268,64.40671829565268,0.0,0.0,0.0,True,True,True,False,0.0,1101.918867217544,0.0,0.0,0.0,0.0,1101.918867217544
2025-09-12T19:45:00Z,2025-09-12T20:00:00Z,2025-09-12,2025-09-12_22,0.0,0,0,100,64.40671829565268,64.40671829565268,0.0,0.0,0.0,True,True,True,False,0.0,1101.918867217544,0.0,0.0,0.0,0.0,1101.918867217544
2025-09-12T20:00:00Z,2025-09-12T20:15:00Z,2025-09-12,2025-09-12_23,0.0,0,0,100,64.40671829565268,64.40671829565268,0.0,0.0,0.0,True,False,True,False,0.0,1101.918867217544,0.0,0.0,0.0,0.0,1101.918867217544
2025-09-12T20:15:00Z,2025-09-12T20:30:00Z,2025-09-12,2025-09-12_23,0.0,0,0,100,64.40671829565268,64.40671829565268,0.0,0.0,0.0,True,False,True,False,0.0,1101.918867217544,0.0,0.0,0.0,0.0,1101.918867217544
2025-09-12T20:30:00Z,2025-09-12T20:45:00Z,2025-09-12,2025-09-12_23,0.0,0,0,100,64.40671829565268,64.40671829565268,0.0,0.0,0.0,True,False,True,False,0.0,1101.918867217544,0.0,0.0,0.0,0.0,1101.918867217544
2025-09-12T20:45:00Z,2025-09-12T21:00:00Z,2025-09-12,2025-09-12_23,0.0,0,0,100,64.40671829565268,64.40671829565268,0.0,0.0,0.0,True,False,True,False,0.0,1101.918867217544,0.0,0.0,0.0,0.0,1101.918867217544
2025-09-12T21:00:00Z,2025-09-12T21:15:00Z,2025-09-13,2025-09-12_24,0.0,0,0,100,64.40671829565268,64.40671829565268,0.0,0.0,0.0,True,False,True,False,0.0,1102.201443957865,0.0,0.0,0.0,0.0,1102.201443957865
2025-09-12T21:15:00Z,2025-09-12T21:30:00Z,2025-09-13,2025-09-12_24,0.0,0,0,100,64.40671829565268,64.40671829565268,0.0,0.0,0.0,True,False,True,False,0.0,1102.201443957865,0.0,0.0,0.0,0.0,1102.201443957865
2025-09-12T21:30:00Z,2025-09-12T21:45:00Z,2025-09-13,2025-09-12_24,0.0,0,0,100,64.40671829565268,64.40671829565268,0.0,0.0,0.0,True,False,True,False,0.0,1102.201443957865,0.0,0.0,0.0,0.0,1102.201443957865
2025-09-12T21:45:00Z,2025-09-12T22:00:00Z,2025-09-13,2025-09-12_24,0.0,0,0,100,64.40671829565268,64.40671829565268,0.0,0.0,0.0,True,False,True,False,0.0,1102.201443957865,0.0,0.0,0.0,0.0,1102.201443957865
2025-09-12T22:00:00Z,2025-09-12T22:15:00Z,2025-09-13,2025-09-13_1,0.0,0,0,100,64.40671829565268,64.40671829565268,0.0,0.0,0.0,True,True,True,False,0.0,1102.201443957865,0.0,0.0,0.0,0.0,1102.201443957865
2025-09-12T22:15:00Z,2025-09-12T22:30:00Z,2025-09-13,2025-09-13_1,0.0,0,0,100,64.40671829565268,64.40671829565268,0.0,0.0,0.0,True,True,True,False,0.0,1102.201443957865,0.0,0.0,0.0,0.0,1102.201443957865
2025-09-12T22:30:00Z,2025-09-12T22:45:00Z,2025-09-13,2025-09-13_1,0.0,0,0,100,64.40671829565268,64.40671829565268,0.0,0.0,0.0,True,True,True,False,0.0,1102.201443957865,0.0,0.0,0.0,0.0,1102.201443957865
2025-09-12T22:45:00Z,2025-09-12T23:00:00Z,2025-09-13,2025-09-13_1,0.0,0,0,100,64.40671829565268,64.40671829565268,0.0,0.0,0.0,True,True,True,False,0.0,1102.201443957865,0.0,0.0,0.0,0.0,1102.201443957865
2025-09-12T23:00:00Z,2025-09-12T23:15:00Z,2025-09-13,2025-09-13_2,0.0,0,0,100,64.40671829565268,64.40671829565268,0.0,0.0,0.0,True,True,True,False,0.0,1102.201443957865,0.0,0.0,0.0,0.0,1102.201443957865
2025-09-12T23:15:00Z,2025-09-12T23:30:00Z,2025-09-13,2025-09-13_2,0.0,0,0,100,64.40671829565268,64.40671829565268,0.0,0.0,0.0,True,True,True,False,0.0,1102.201443957865,0.0,0.0,0.0,0.0,1102.201443957865
2025-09-12T23:30:00Z,2025-09-12T23:45:00Z,2025-09-13,2025-09-13_2,0.0,0,0,100,64.40671829565268,64.40671829565268,0.0,0.0,0.0,True,True,True,False,0.0,1102.201443957865,0.0,0.0,0.0,0.0,1102.201443957865
2025-09-12T23:45:00Z,2025-09-13T00:00:00Z,2025-09-13,2025-09-13_2,0.0,0,0,100,64.40671829565268,64.40671829565268,0.0,0.0,0.0,True,True,True,False,0.0,1102.201443957865,0.0,0.0,0.0,0.0,1102.201443957865
2025-09-13T00:00:00Z,2025-09-13T00:15:00Z,2025-09-13,2025-09-13_3,-100.0,100,0,0,64.40671829565268,74.78845829565267,0.028838166666666668,13.7155,0.0,True,True,True,False,-1734.5,0.0,139.45437329861522,0.0,2235.9127468733977,0.0,640.867120172013
2025-09-13T00:15:00Z,2025-09-13T00:30:00Z,2025-09-13,2025-09-13_3,-100.0,100,0,0,74.78845829565267,85.96323829565267,0.031041055555555554,12.8535,0.0,True,True,True,False,-1734.5,0.0,139.45437329861522,0.0,2057.7821144514146,0.0,462.7364877500298
2025-09-13T00:30:00Z,2025-09-13T00:45:00Z,2025-09-13,2025-09-13_3,-100.0,100,0,0,85.96323829565267,99.18593829565268,0.03672972222222222,10.6275,0.0,True,True,True,False,-1734.5,0.0,139.45437329861522,0.0,1997.5146614984021,0.0,402.46903479701734
2025-09-13T00:45:00Z,2025-09-13T01:00:00Z,2025-09-13,2025-09-13_3,-100.0,100,0,0,99.18593829565268,109.90807829565267,0.029783722222222225,13.3455,0.0,True,True,True,False,-1734.5,0.0,139.45437329861522,0.0,2110.7392750621375,0.0,515.6936483607527
2025-09-13T01:00:00Z,2025-09-13T01:15:00Z,2025-09-13,2025-09-13_4,-1.999999999999967,99,97,1,109.90807829565267,100.66614695652223,0.027303089275362312,8.953560000000001,0.0,True,True,True,False,-35.52999999999941,11.02201443957865,138.46993727068295,101.46023198011599,1424.2755380281694,0.0,1639.6977217185477
2025-09-13T01:15:00Z,2025-09-13T01:30:00Z,2025-09-13,2025-09-13_4,-1.999999999999967,99,97,1,100.66614695652223,85.89902793913092,0.042124337270531394,14.052554999999998,0.0,True,True,True,False,-35.52999999999941,11.02201443957865,138.46993727068295,101.46023198011599,2293.3739822020357,0.0,2508.7961658924137
2025-09-13T01:30:00Z,2025-09-13T01:45:00Z,2025-09-13,2025-09-13_4,-1.999999999999967,99,97,1,85.89902793913092,75.92870082608744,0.029257001980676326,9.625770000000001,0.0,True,True,True,False,-35.52999999999941,11.02201443957865,138.46993727068295,101.46023198011599,1533.8628607705057,0.0,1749.285044460884
2025-09-13T01:45:00Z,2025-09-13T02:00:00Z,2025-09-13,2025-09-13_4,-1.999999999999967,99,97,1,75.92870082608744,64.39806200000048,0.03344251896135265,11.065725,0.0,True,True,True,False,-35.52999999999941,11.02201443957865,138.46993727068295,101.46023198011599,1768.1497937625757,0.0,1983.571977452954
2025-09-13T02:00:00Z,2025-09-13T02:15:00Z,2025-09-13,2025-09-13_5,0.0,0,0,100,64.39806200000048,64.39806200000048,0.0,0.0,0.0,True,True,True,False,0.0,1102.201443957865,0.0,0.0,0.0,0.0,1102.201443957865
2025-09-13T02:15:00Z,2025-09-13T02:30:00Z,2025-09-13,2025-09-13_5,0.0,0,0,100,64.39806200000048,64.39806200000048,0.0,0.0,0.0,True,True,True,False,0.0,1102.201443957865,0.0,0.0,0.0,0.0,1102.201443957865
2025-09-13T02:30:00Z,2025-09-13T02:45:00Z,2025-09-13,2025-09-13_5,0.0,0,0,100,64.39806200000048,64.39806200000048,0.0,0.0,0.0,True,True,True,False,0.0,1102.201443957865,0.0,0.0,0.0,0.0,1102.201443957865
2025-09-13T02:45:00Z,2025-09-13T03:00:00Z,2025-09-13,2025-09-13_5,0.0,0,0,100,64.39806200000048,64.39806200000048,0.0,0.0,0.0,True,True,True,False,0.0,1102.201443957865,0.0,0.0,0.0,0.0,1102.201443957865
2025-09-13T03:00:00Z,2025-09-13T03:15:00Z,2025-09-13,2025-09-13_6,0.0,0,0,100,64.39806200000048,64.39806200000048,0.0,0.0,0.0,True,True,True,False,0.0,1102.201443957865,0.0,0.0,0.0,0.0,1102.201443957865
2025-09-13T03:15:00Z,2025-09-13T03:30:00Z,2025-09-13,2025-09-13_6,0.0,0,0,100,64.39806200000048,64.39806200000048,0.0,0.0,0.0,True,True,True,False,0.0,1102.201443957865,0.0,0.0,0.0,0.0,1102.201443957865
2025-09-13T03:30:00Z,2025-09-13T03:45:00Z,2025-09-13,2025-09-13_6,0.0,0,0,100,64.39806200000048,64.39806200000048,0.0,0.0,0.0,True,True,True,False,0.0,1102.201443957865,0.0,0.0,0.0,0.0,1102.201443957865
2025-09-13T03:45:00Z,2025-09-13T04:00:00Z,2025-09-13,2025-09-13_6,0.0,0,0,100,64.39806200000048,64.39806200000048,0.0,0.0,0.0,True,True,True,False,0.0,1102.201443957865,0.0,0.0,0.0,0.0,1102.201443957865
2025-09-13T04:00:00Z,2025-09-13T04:15:00Z,2025-09-13,2025-09-13_7,0.0,0,0,100,64.39806200000048,64.39806200000048,0.0,0.0,0.0,True,True,True,False,0.0,1102.201443957865,0.0,0.0,0.0,0.0,1102.201443957865
2025-09-13T04:15:00Z,2025-09-13T04:30:00Z,2025-09-13,2025-09-13_7,0.0,0,0,100,64.39806200000048,64.39806200000048,0.0,0.0,0.0,True,True,True,False,0.0,1102.201443957865,0.0,0.0,0.0,0.0,1102.201443957865
2025-09-13T04:30:00Z,2025-09-13T04:45:00Z,2025-09-13,2025-09-13_7,0.0,0,0,100,64.39806200000048,64.39806200000048,0.0,0.0,0.0,True,True,True,False,0.0,1102.201443957865,0.0,0.0,0.0,0.0,1102.201443957865
2025-09-13T04:45:00Z,2025-09-13T05:00:00Z,2025-09-13,2025-09-13_7,0.0,0,0,100,64.39806200000048,64.39806200000048,0.0,0.0,0.0,True,True,True,False,0.0,1102.201443957865,0.0,0.0,0.0,0.0,1102.201443957865
2025-09-13T05:00:00Z,2025-09-13T05:15:00Z,2025-09-13,2025-09-13_8,3.933544705658603,5,9,91,64.39806200000048,63.343346105340224,0.0029767661910034184,0.001875,0.016335,True,True,True,False,78.36604439848351,1003.0033140016571,7.959521836903775,9.275358030536157,0.24283458101550479,-1.1439881198958457,1097.7030847287003
2025-09-13T05:15:00Z,2025-09-13T05:30:00Z,2025-09-13,2025-09-13_8,3.933544705658603,5,9,91,63.343346105340224,62.27288270194174,0.00298283173162627,0.004399999999999999,0.00324,True,True,True,False,78.36604439848351,1003.0033140016571,7.959521836903775,9.275358030536157,0.5900152286266619,-0.25149721860575214,1098.9427562776016
2025-09-13T05:30:00Z,2025-09-13T05:45:00Z,2025-09-13,2025-09-13_8,3.933544705658603,5,9,91,62.27288270194174,61.20846920677411,0.0029778087542417283,0.0025749999999999996,0.007335,True,True,True,False,78.36604439848351,1003.0033140016571,7.959521836903775,9.275358030536157,0.31874603010218167,-0.5618479198721743,1098.3611363778107
2025-09-13T05:45:00Z,2025-09-13T06:00:00Z,2025-09-13,2025-09-13_8,3.933544705658603,5,9,91,61.20846920677411,60.144180669565195,0.0029797922182362704,0.0032,0.008145,True,True,True,False,78.36604439848351,1003.0033140016571,7.959521836903775,9.275358030536157,0.3980551544561487,-0.5745507486093028,1098.4277426734275
2025-09-13T06:00:00Z,2025-09-13T06:15:00Z,2025-09-13,2025-09-13_9,0.0,9,9,91,60.144180669565195,59.80482596521737,0.000947021956521739,0.31292999999999993,0.000855,True,True,True,False,0.0,1003.0033140016571,12.561545745058588,9.746715587643509,48.54340977038702,-0.058453672032193156,1073.7965314327141
2025-09-13T06:15:00Z,2025-09-13T06:30:00Z,2025-09-13,2025-09-13_9,0.0,9,9,91,59.80482596521737,59.45700531304345,0.0009661684782608695,0.319995,0.0,True,True,True,False,0.0,1003.0033140016571,12.561545745058588,9.746715587643509,49.956121620901875,0.0,1075.267696955261
2025-09-13T06:30:00Z,2025-09-13T06:45:00Z,2025-09-13,2025-09-13_9,0.0,9,9,91,59.45700531304345,59.45652173913041,3.561326086956522e-05,0.0061200000000000004,0.006705,True,True,True,False,0.0,1003.0033140016571,12.561545745058588,9.746715587643509,0.8438631790744469,-0.49385987394957986,1025.661578639484
2025-09-13T06:45:00Z,2025-09-13T07:00:00Z,2025-09-13,2025-09-13_9,0.0,9,9,91,59.45652173913041,59.46350777391302,3.3264347826086955e-05,0.0022949999999999997,0.010305,True,True,True,False,0.0,1003.0033140016571,12.561545745058588,9.746715587643509,0.36030784708249497,-0.7568342939992898,1024.9150488874425
2025-09-13T07:00:00Z,2025-09-13T07:15:00Z,2025-09-13,2025-09-13_10,20.006427152,0,0,51,59.46350777391302,54.02697865652172,0.0151014697705314,0.0,0.0,True,False,True,False,278.53948202372,475.35211267605627,0.0,0.0,0.0,0.0,753.8915946997763
2025-09-13T07:15:00Z,2025-09-13T07:30:00Z,2025-09-13,2025-09-13_10,20.006427152,0,0,51,54.02697865652172,48.59044953913042,0.0151014697705314,0.0,0.0,True,False,True,False,278.53948202372,475.35211267605627,0.0,0.0,0.0,0.0,753.8915946997763
2025-09-13T07:30:00Z,2025-09-13T07:45:00Z,2025-09-13,2025-09-13_10,20.006427152,0,0,51,48.59044953913042,43.153920421739116,0.0151014697705314,0.0,0.0,True,False,True,False,278.53948202372,475.35211267605627,0.0,0.0,0.0,0.0,753.8915946997763
2025-09-13T07:45:00Z,2025-09-13T08:00:00Z,2025-09-13,2025-09-13_10,20.006427152,0,0,51,43.153920421739116,37.717391304347814,0.0151014697705314,0.0,0.0,True,False,True,False,278.53948202372,475.35211267605627,0.0,0.0,0.0,0.0,753.8915946997763
2025-09-13T08:00:00Z,2025-09-13T08:15:00Z,2025-09-13,2025-09-13_11,-11.81474480151228,0,0,51,37.717391304347814,40.43478260869564,0.007548309178743957,0.0,0.0,True,False,True,False,-41.20392249527407,475.35211267605627,0.0,0.0,0.0,0.0,434.1481901807822
2025-09-13T08:15:00Z,2025-09-13T08:30:00Z,2025-09-13,2025-09-13_11,-11.81474480151228,0,0,51,40.43478260869564,43.15217391304347,0.007548309178743957,0.0,0.0,True,False,True,False,-41.20392249527407,475.35211267605627,0.0,0.0,0.0,0.0,434.1481901807822
2025-09-13T08:30:00Z,2025-09-13T08:45:00Z,2025-09-13,2025-09-13_11,-11.81474480151228,0,0,51,43.15217391304347,45.8695652173913,0.007548309178743957,0.0,0.0,True,False,True,False,-41.20392249527407,475.35211267605627,0.0,0.0,0.0,0.0,434.1481901807822
2025-09-13T08:45:00Z,2025-09-13T09:00:00Z,2025-09-13,2025-09-13_11,-11.81474480151228,0,0,51,45.8695652173913,48.586956521739125,0.007548309178743957,0.0,0.0,True,False,True,False,-41.20392249527407,475.35211267605627,0.0,0.0,0.0,0.0,434.1481901807822
2025-09-13T09:00:00Z,2025-09-13T09:15:00Z,2025-09-13,2025-09-13_12,2.0,27,29,71,48.586956521739125,49.565307052173914,0.00505658963768116,0.0,1.6337149999999998,True,True,True,False,1.185,782.5630252100841,17.248490945674043,57.7751804947331,0.0,-49.45876061269578,809.3129360377955
2025-09-13T09:15:00Z,2025-09-13T09:30:00Z,2025-09-13,2025-09-13_12,2.0,27,29,71,49.565307052173914,49.321344808695656,0.0022294828985507244,0.003915,0.326105,True,True,True,False,1.185,782.5630252100841,17.248490945674043,57.7751804947331,0.35681687181915017,-13.2120320797333,845.9164814425772
2025-09-13T09:30:00Z,2025-09-13T09:45:00Z,2025-09-13,2025-09-13_12,2.0,27,29,71,49.321344808695656,48.91070001739131,0.0018327499758454106,0.00243,0.14543499999999998,True,True,True,False,1.185,782.5630252100841,17.248490945674043,57.7751804947331,0.2214725411291277,-7.218532276995305,851.774636914625
2025-09-13T09:45:00Z,2025-09-13T10:00:00Z,2025-09-13,2025-09-13_12,2.0,27,29,71,48.91070001739131,48.75543006086957,0.0024219554347826087,0.00135,0.41832499999999995,True,True,True,False,1.185,782.5630252100841,17.248490945674043,57.7751804947331,0.12304030062729318,-16.35373979169132,842.5409971594272
2025-09-13T10:00:00Z,2025-09-13T10:15:00Z,2025-09-13,2025-09-13_13,0.0,100,100,0,48.75543006086957,49.075445713043486,0.0013267342995169084,0.0725,0.43350000000000005,True,True,True,False,0.0,0.0,63.883299798792756,199.2247603266659,6.435672860693573,-19.522037223340043,250.0216957628122
2025-09-13T10:15:00Z,2025-09-13T10:30:00Z,2025-09-13,2025-09-13_13,0.0,100,100,0,49.075445713043486,55.721358756521745,0.01846690821256039,0.001,7.225,True,True,True,False,0.0,0.0,63.883299798792756,199.2247603266659,0.0887679015268079,460.9340207914152,724.1308488184006
2025-09-13T10:30:00Z,2025-09-13T10:45:00Z,2025-09-13,2025-09-13_13,0.0,100,100,0,55.721358756521745,67.08519875652175,0.031566222222222225,0.0,12.352,True,True,True,False,0.0,0.0,63.883299798792756,199.2247603266659,0.0,2962.905969148223,3226.0140292736814
2025-09-13T10:45:00Z,2025-09-13T11:00:00Z,2025-09-13,2025-09-13_13,0.0,100,100,0,67.08519875652175,80.59953875652175,0.03753983333333333,0.0,14.689499999999999,True,True,True,False,0.0,0.0,63.883299798792756,199.2247603266659,0.0,5329.819096934548,5592.927157060007
2025-09-13T11:00:00Z,2025-09-13T11:15:00Z,2025-09-13,2025-09-13_14,0.0,100,100,0,80.59953875652175,99.82477875652175,0.05340344444444444,0.0,20.897,True,True,True,False,0.0,0.0,63.883299798792756,199.2247603266659,0.0,18418.491474928,18681.599535053458
2025-09-13T11:15:00Z,2025-09-13T11:30:00Z,2025-09-13,2025-09-13_14,0.0,100,100,0,99.82477875652175,118.39313875652175,0.051578777777777786,0.0,20.183,True,True,True,False,0.0,0.0,63.883299798792756,199.2247603266659,0.0,14891.115659446878,15154.223719572336
2025-09-13T11:30:00Z,2025-09-13T11:45:00Z,2025-09-13,2025-09-13_14,0.0,100,100,0,118.39313875652175,120.3922457130435,0.013324814009661833,1.287,3.6934999999999993,True,True,True,False,0.0,0.0,63.883299798792756,199.2247603266659,133.08774233637115,103.48124136978734,499.67704383161714
2025-09-13T11:45:00Z,2025-09-13T12:00:00Z,2025-09-13,2025-09-13_14,0.0,100,100,0,120.3922457130435,122.45141353913046,0.007292978260869565,0.2605,2.546,True,True,True,False,0.0,0.0,63.883299798792756,199.2247603266659,23.836669822858724,-23.2029826014913,263.74174734682606
2025-09-13T12:00:00Z,2025-09-13T12:15:00Z,2025-09-13,2025-09-13_15,12.86531910906408,87,100,0,122.45141353913046,138.57677694806728,0.048023766846961996,0.0,20.841,True,True,True,False,0.0,0.0,55.57847082494969,199.2247603266659,0.0,17612.120898331166,17866.92412948278
2025-09-13T12:15:00Z,2025-09-13T12:30:00Z,2025-09-13,2025-09-13_15,12.86531910906408,87,100,0,138.57677694806728,154.02521660420086,0.04670200789831887,0.0,20.122,True,True,True,False,0.0,0.0,55.57847082494969,199.2247603266659,0.0,18266.289890322325,18521.09312147394
2025-09-13T12:30:00Z,2025-09-13T12:45:00Z,2025-09-13,2025-09-13_15,12.86531910906408,87,100,0,154.02521660420086,153.46897568206185,0.015451324661241234,0.0,3.1225,True,True,True,False,0.0,0.0,55.57847082494969,199.2247603266659,0.0,850.7041642008916,1105.507395352507
2025-09-13T12:45:00Z,2025-09-13T13:00:00Z,2025-09-13,2025-09-13_15,12.86531910906408,87,100,0,153.46897568206185,152.76351026086957,0.015159949427082771,0.0,2.964,True,True,True,False,0.0,0.0,55.57847082494969,199.2247603266659,0.0,-56.491639247248195,198.3115919043674
2025-09-13T13:00:00Z,2025-09-13T13:15:00Z,2025-09-13,2025-09-13_16,-1.0,29,28,71,152.76351026086957,153.96283692173913,0.003339917053140097,0.0014500000000000001,1.05532,True,True,True,False,-0.0025,782.5630252100841,26.600781157533437,51.640430820215414,0.12872775870911746,57.4715772438553,918.4020421903974
2025-09-13T13:15:00Z,2025-09-13T13:30:00Z,2025-09-13,2025-09-13_16,-1.0,29,28,71,153.96283692173913,156.2375824,0.006340718115942029,0.0037699999999999995,2.2269799999999997,True,True,True,False,-0.0025,782.5630252100841,26.600781157533437,51.640430820215414,0.3346921726437053,93.52182609776305,954.6582554582398
2025-09-13T13:30:00Z,2025-09-13T13:45:00Z,2025-09-13,2025-09-13_16,-1.0,29,28,71,156.2375824,157.18818040869564,0.004494535531400967,0.317985,1.1569599999999998,True,True,True,False,-0.0025,782.5630252100841,26.600781157533437,51.640430820215414,28.22999748490946,28.6800282794808,917.7117629522232
2025-09-13T13:45:00Z,2025-09-13T14:00:00Z,2025-09-13,2025-09-13_16,-1.0,29,28,71,157.18818040869564,157.21070690434783,0.0013619697342995168,0.222865,0.0364,True,True,True,False,-0.0025,782.5630252100841,26.600781157533437,51.640430820215414,19.785456513591352,-1.9607848660590999,878.6264088353652
2025-09-13T14:00:00Z,2025-09-13T14:15:00Z,2025-09-13,2025-09-13_17,12.153850352000005,0,0,71,157.21070690434783,153.90803017826087,0.009174102016908216,0.0,0.0,True,False,True,False,212.17584252004008,782.5630252100841,0.0,0.0,0.0,0.0,994.7388677301242
2025-09-13T14:15:00Z,2025-09-13T14:30:00Z,2025-09-13,2025-09-13_17,12.153850352000005,0,0,71,153.90803017826087,150.60535345217392,0.009174102016908216,0.0,0.0,True,False,True,False,212.17584252004008,782.5630252100841,0.0,0.0,0.0,0.0,994.7388677301242
2025-09-13T14:30:00Z,2025-09-13T14:45:00Z,2025-09-13,2025-09-13_17,12.153850352000005,0,0,71,150.60535345217392,147.30267672608696,0.009174102016908216,0.0,0.0,True,False,True,False,212.17584252004008,782.5630252100841,0.0,0.0,0.0,0.0,994.7388677301242
2025-09-13T14:45:00Z,2025-09-13T15:00:00Z,2025-09-13,2025-09-13_17,12.153850352000005,0,0,71,147.30267672608696,144.0,0.009174102016908216,0.0,0.0,True,False,True,False,212.17584252004008,782.5630252100841,0.0,0.0,0.0,0.0,994.7388677301242
2025-09-13T15:00:00Z,2025-09-13T15:15:00Z,2025-09-13,2025-09-13_18,0.0,0,0,100,144.0,144.0,0.0,0.0,0.0,True,True,True,False,0.0,1102.201443957865,0.0,0.0,0.0,0.0,1102.201443957865
2025-09-13T15:15:00Z,2025-09-13T15:30:00Z,2025-09-13,2025-09-13_18,0.0,0,0,100,144.0,144.0,0.0,0.0,0.0,True,True,True,False,0.0,1102.201443957865,0.0,0.0,0.0,0.0,1102.201443957865
2025-09-13T15:30:00Z,2025-09-13T15:45:00Z,2025-09-13,2025-09-13_18,0.0,0,0,100,144.0,144.0,0.0,0.0,0.0,True,True,True,False,0.0,1102.201443957865,0.0,0.0,0.0,0.0,1102.201443957865
2025-09-13T15:45:00Z,2025-09-13T16:00:00Z,2025-09-13,2025-09-13_18,0.0,0,0,100,144.0,144.0,0.0,0.0,0.0,True,True,True,False,0.0,1102.201443957865,0.0,0.0,0.0,0.0,1102.201443957865
2025-09-13T16:00:00Z,2025-09-13T16:15:00Z,2025-09-13,2025-09-13_19,94.0,6,100,0,144.0,131.6767823652174,0.037995953429951684,0.00072,12.2765,True,True,True,False,3016.695,0.0,9.215883536513196,107.55710734998226,0.06746360516037402,7063.477307669547,10197.012762161203
2025-09-13T16:15:00Z,2025-09-13T16:30:00Z,2025-09-13,2025-09-13_19,94.0,6,100,0,131.6767823652174,106.30816210434786,0.07051898961352655,0.0026099999999999995,0.165,True,True,True,False,3016.695,0.0,9.215883536513196,107.55710734998226,0.4012307373653686,-11.449686353414608,3122.4195352704464
2025-09-13T16:30:00Z,2025-09-13T16:45:00Z,2025-09-13,2025-09-13_19,94.0,6,100,0,106.30816210434786,90.07266874782613,0.04774911265700482,0.0,8.643,True,True,True,False,3016.695,0.0,9.215883536513196,107.55710734998226,0.0,536.4357894425376,3669.9037803290335
2025-09-13T16:45:00Z,2025-09-13T17:00:00Z,2025-09-13,2025-09-13_19,94.0,6,100,0,90.07266874782613,64.71436135652178,0.07049340942028985,0.00303,0.175,True,True,True,False,3016.695,0.0,9.215883536513196,107.55710734998226,0.4781630962244053,-12.593206296603148,3121.3529476861167
2025-09-13T17:00:00Z,2025-09-13T17:15:00Z,2025-09-13,2025-09-13_20,0.0,0,0,100,64.71436135652178,64.71436135652178,0.0,0.0,0.0,True,True,True,False,0.0,1102.201443957865,0.0,0.0,0.0,0.0,1102.201443957865
2025-09-13T17:15:00Z,2025-09-13T17:30:00Z,2025-09-13,2025-09-13_20,0.0,0,0,100,64.71436135652178,64.71436135652178,0.0,0.0,0.0,True,True,True,False,0.0,1102.201443957865,0.0,0.0,0.0,0.0,1102.201443957865
2025-09-13T17:30:00Z,2025-09-13T17:45:00Z,2025-09-13,2025-09-13_20,0.0,0,0,100,64.71436135652178,64.71436135652178,0.0,0.0,0.0,True,True,True,False,0.0,1102.201443957865,0.0,0.0,0.0,0.0,1102.201443957865
2025-09-13T17:45:00Z,2025-09-13T18:00:00Z,2025-09-13,2025-09-13_20,0.0,0,0,100,64.71436135652178,64.71436135652178,0.0,0.0,0.0,True,True,True,False,0.0,1102.201443957865,0.0,0.0,0.0,0.0,1102.201443957865
2025-09-13T18:00:00Z,2025-09-13T18:15:00Z,2025-09-13,2025-09-13_21,0.0,0,0,100,64.71436135652178,64.71436135652178,0.0,0.0,0.0,True,True,True,False,0.0,1102.201443957865,0.0,0.0,0.0,0.0,1102.201443957865
2025-09-13T18:15:00Z,2025-09-13T18:30:00Z,2025-09-13,2025-09-13_21,0.0,0,0,100,64.71436135652178,64.71436135652178,0.0,0.0,0.0,True,True,True,False,0.0,1102.201443957865,0.0,0.0,0.0,0.0,1102.201443957865
2025-09-13T18:30:00Z,2025-09-13T18:45:00Z,2025-09-13,2025-09-13_21,0.0,0,0,100,64.71436135652178,64.71436135652178,0.0,0.0,0.0,True,True,True,False,0.0,1102.201443957865,0.0,0.0,0.0,0.0,1102.201443957865
2025-09-13T18:45:00Z,2025-09-13T19:00:00Z,2025-09-13,2025-09-13_21,0.0,0,0,100,64.71436135652178,64.71436135652178,0.0,0.0,0.0,True,True,True,False,0.0,1102.201443957865,0.0,0.0,0.0,0.0,1102.201443957865
2025-09-13T19:00:00Z,2025-09-13T19:15:00Z,2025-09-13,2025-09-13_22,33.59737470914516,66,100,0,64.71436135652178,57.21404469114333,0.026530894183086996,0.00825,1.6785,True,True,True,False,912.0007364797452,0.0,93.81701976565274,108.38560776423247,1.2941176470588236,-99.07202716297788,1016.4254544937114
2025-09-13T19:15:00Z,2025-09-13T19:30:00Z,2025-09-13,2025-09-13_22,33.59737470914516,66,100,0,57.21404469114333,53.886708190093316,0.02941771103392602,0.0,5.9445,True,True,True,False,912.0007364797452,0.0,93.81701976565274,108.38560776423247,0.0,-259.1545898922949,855.0487741173356
2025-09-13T19:30:00Z,2025-09-13T19:45:00Z,2025-09-13,2025-09-13_22,33.59737470914516,66,100,0,53.886708190093316,61.92353453712883,0.037364211997737096,0.0,17.587,True,True,True,False,912.0007364797452,0.0,93.81701976565274,108.38560776423247,0.0,-526.7079958180456,587.4953681915849
2025-09-13T19:45:00Z,2025-09-13T20:00:00Z,2025-09-13,2025-09-13_22,33.59737470914516,66,100,0,61.92353453712883,64.34782608695654,0.033439592668390854,0.0,11.837,True,True,True,False,912.0007364797452,0.0,93.81701976565274,108.38560776423247,0.0,4049.2281579674127,5163.431521977043
2025-09-13T20:00:00Z,2025-09-13T20:15:00Z,2025-09-13,2025-09-13_23,0.0,0,0,100,64.34782608695654,64.34782608695654,0.0,0.0,0.0,True,True,True,False,0.0,1102.201443957865,0.0,0.0,0.0,0.0,1102.201443957865
2025-09-13T20:15:00Z,2025-09-13T20:30:00Z,2025-09-13,2025-09-13_23,0.0,0,0,100,64.34782608695654,64.34782608695654,0.0,0.0,0.0,True,True,True,False,0.0,1102.201443957865,0.0,0.0,0.0,0.0,1102.201443957865
2025-09-13T20:30:00Z,2025-09-13T20:45:00Z,2025-09-13,2025-09-13_23,0.0,0,0,100,64.34782608695654,64.34782608695654,0.0,0.0,0.0,True,True,True,False,0.0,1102.201443957865,0.0,0.0,0.0,0.0,1102.201443957865
2025-09-13T20:45:00Z,2025-09-13T21:00:00Z,2025-09-13,2025-09-13_23,0.0,0,0,100,64.34782608695654,64.34782608695654,0.0,0.0,0.0,True,True,True,False,0.0,1102.201443957865,0.0,0.0,0.0,0.0,1102.201443957865
2025-09-13T21:00:00Z,2025-09-13T21:15:00Z,2025-09-14,2025-09-13_24,22.771218123981317,77,100,0,64.34782608695654,61.25481703926899,0.021355120960266417,0.0026950000000000003,3.2334999999999994,True,True,True,False,511.95391147240997,0.0,108.06338028169013,110.1609657947686,0.36438851836509256,-129.46119087071446,601.0814551965193
2025-09-13T21:15:00Z,2025-09-13T21:30:00Z,2025-09-14,2025-09-13_24,22.771218123981317,77,100,0,61.25481703926899,65.85379007818413,0.03166912333470181,0.0,11.2595,True,True,True,False,511.95391147240997,0.0,108.06338028169013,110.1609657947686,0.0,-407.13129522231424,323.0469623265545
2025-09-13T21:30:00Z,2025-09-13T21:45:00Z,2025-09-14,2025-09-13_24,22.771218123981317,77,100,0,65.85379007818413,64.36875376936885,0.023512013591672463,0.00231,4.9115,True,True,True,False,511.95391147240997,0.0,108.06338028169013,110.1609657947686,0.3141880695940348,-96.4705641693297,634.021881449133
2025-09-13T21:45:00Z,2025-09-13T22:00:00Z,2025-09-14,2025-09-13_24,22.771218123981317,77,100,0,64.36875376936885,64.53354033913031,0.025716466662345387,0.0,6.631000000000001,True,True,True,False,511.95391147240997,0.0,108.06338028169013,110.1609657947686,0.0,4341.762815717837,5071.941073266706
2025-09-13T22:00:00Z,2025-09-13T22:15:00Z,2025-09-14,2025-09-14_1,0.0,0,0,100,64.53354033913031,64.53354033913031,0.0,0.0,0.0,True,True,True,False,0.0,1102.201443957865,0.0,0.0,0.0,0.0,1102.201443957865
2025-09-13T22:15:00Z,2025-09-13T22:30:00Z,2025-09-14,2025-09-14_1,0.0,0,0,100,64.53354033913031,64.53354033913031,0.0,0.0,0.0,True,True,True,False,0.0,1102.201443957865,0.0,0.0,0.0,0.0,1102.201443957865
2025-09-13T22:30:00Z,2025-09-13T22:45:00Z,2025-09-14,2025-09-14_1,0.0,0,0,100,64.53354033913031,64.53354033913031,0.0,0.0,0.0,True,True,True,False,0.0,1102.201443957865,0.0,0.0,0.0,0.0,1102.201443957865
2025-09-13T22:45:00Z,2025-09-13T23:00:00Z,2025-09-14,2025-09-14_1,0.0,0,0,100,64.53354033913031,64.53354033913031,0.0,0.0,0.0,True,True,True,False,0.0,1102.201443957865,0.0,0.0,0.0,0.0,1102.201443957865
2025-09-13T23:00:00Z,2025-09-13T23:15:00Z,2025-09-14,2025-09-14_2,0.0,0,0,100,64.53354033913031,64.53354033913031,0.0,0.0,0.0,True,True,True,False,0.0,1102.201443957865,0.0,0.0,0.0,0.0,1102.201443957865
2025-09-13T23:15:00Z,2025-09-13T23:30:00Z,2025-09-14,2025-09-14_2,0.0,0,0,100,64.53354033913031,64.53354033913031,0.0,0.0,0.0,True,True,True,False,0.0,1102.201443957865,0.0,0.0,0.0,0.0,1102.201443957865
2025-09-13T23:30:00Z,2025-09-13T23:45:00Z,2025-09-14,2025-09-14_2,0.0,0,0,100,64.53354033913031,64.53354033913031,0.0,0.0,0.0,True,True,True,False,0.0,1102.201443957865,0.0,0.0,0.0,0.0,1102.201443957865
2025-09-13T23:45:00Z,2025-09-14T00:00:00Z,2025-09-14,2025-09-14_2,0.0,0,0,100,64.53354033913031,64.53354033913031,0.0,0.0,0.0,True,True,True,False,0.0,1102.201443957865,0.0,0.0,0.0,0.0,1102.201443957865
2025-09-14T00:00:00Z,2025-09-14T00:15:00Z,2025-09-14,2025-09-14_3,0.0,0,0,100,64.53354033913031,64.53354033913031,0.0,0.0,0.0,True,True,True,False,0.0,1102.201443957865,0.0,0.0,0.0,0.0,1102.201443957865
2025-09-14T00:15:00Z,2025-09-14T00:30:00Z,2025-09-14,2025-09-14_3,0.0,0,0,100,64.53354033913031,64.53354033913031,0.0,0.0,0.0,True,True,True,False,0.0,1102.201443957865,0.0,0.0,0.0,0.0,1102.201443957865
2025-09-14T00:30:00Z,2025-09-14T00:45:00Z,2025-09-14,2025-09-14_3,0.0,0,0,100,64.53354033913031,64.53354033913031,0.0,0.0,0.0,True,True,True,False,0.0,1102.201443957865,0.0,0.0,0.0,0.0,1102.201443957865
2025-09-14T00:45:00Z,2025-09-14T01:00:00Z,2025-09-14,2025-09-14_3,0.0,0,0,100,64.53354033913031,64.53354033913031,0.0,0.0,0.0,True,True,True,False,0.0,1102.201443957865,0.0,0.0,0.0,0.0,1102.201443957865
2025-09-14T01:00:00Z,2025-09-14T01:15:00Z,2025-09-14,2025-09-14_4,0.0,0,0,100,64.53354033913031,64.53354033913031,0.0,0.0,0.0,True,True,True,False,0.0,1102.201443957865,0.0,0.0,0.0,0.0,1102.201443957865
2025-09-14T01:15:00Z,2025-09-14T01:30:00Z,2025-09-14,2025-09-14_4,0.0,0,0,100,64.53354033913031,64.53354033913031,0.0,0.0,0.0,True,True,True,False,0.0,1102.201443957865,0.0,0.0,0.0,0.0,1102.201443957865
2025-09-14T01:30:00Z,2025-09-14T01:45:00Z,2025-09-14,2025-09-14_4,0.0,0,0,100,64.53354033913031,64.53354033913031,0.0,0.0,0.0,True,True,True,False,0.0,1102.201443957865,0.0,0.0,0.0,0.0,1102.201443957865
2025-09-14T01:45:00Z,2025-09-14T02:00:00Z,2025-09-14,2025-09-14_4,0.0,0,0,100,64.53354033913031,64.53354033913031,0.0,0.0,0.0,True,True,True,False,0.0,1102.201443957865,0.0,0.0,0.0,0.0,1102.201443957865
2025-09-14T02:00:00Z,2025-09-14T02:15:00Z,2025-09-14,2025-09-14_5,0.0,0,0,100,64.53354033913031,64.53354033913031,0.0,0.0,0.0,True,True,True,False,0.0,1102.201443957865,0.0,0.0,0.0,0.0,1102.201443957865
2025-09-14T02:15:00Z,2025-09-14T02:30:00Z,2025-09-14,2025-09-14_5,0.0,0,0,100,64.53354033913031,64.53354033913031,0.0,0.0,0.0,True,True,True,False,0.0,1102.201443957865,0.0,0.0,0.0,0.0,1102.201443957865
2025-09-14T02:30:00Z,2025-09-14T02:45:00Z,2025-09-14,2025-09-14_5,0.0,0,0,100,64.53354033913031,64.53354033913031,0.0,0.0,0.0,True,True,True,False,0.0,1102.201443957865,0.0,0.0,0.0,0.0,1102.201443957865
2025-09-14T02:45:00Z,2025-09-14T03:00:00Z,2025-09-14,2025-09-14_5,0.0,0,0,100,64.53354033913031,64.53354033913031,0.0,0.0,0.0,True,True,True,False,0.0,1102.201443957865,0.0,0.0,0.0,0.0,1102.201443957865
2025-09-14T03:00:00Z,2025-09-14T03:15:00Z,2025-09-14,2025-09-14_6,0.0,0,0,100,64.53354033913031,64.53354033913031,0.0,0.0,0.0,True,True,True,False,0.0,1102.201443957865,0.0,0.0,0.0,0.0,1102.201443957865
2025-09-14T03:15:00Z,2025-09-14T03:30:00Z,2025-09-14,2025-09-14_6,0.0,0,0,100,64.53354033913031,64.53354033913031,0.0,0.0,0.0,True,True,True,False,0.0,1102.201443957865,0.0,0.0,0.0,0.0,1102.201443957865
2025-09-14T03:30:00Z,2025-09-14T03:45:00Z,2025-09-14,2025-09-14_6,0.0,0,0,100,64.53354033913031,64.53354033913031,0.0,0.0,0.0,True,True,True,False,0.0,1102.201443957865,0.0,0.0,0.0,0.0,1102.201443957865
2025-09-14T03:45:00Z,2025-09-14T04:00:00Z,2025-09-14,2025-09-14_6,0.0,0,0,100,64.53354033913031,64.53354033913031,0.0,0.0,0.0,True,True,True,False,0.0,1102.201443957865,0.0,0.0,0.0,0.0,1102.201443957865
2025-09-14T04:00:00Z,2025-09-14T04:15:00Z,2025-09-14,2025-09-14_7,0.0,0,0,100,64.53354033913031,64.53354033913031,0.0,0.0,0.0,True,True,True,False,0.0,1102.201443957865,0.0,0.0,0.0,0.0,1102.201443957865
2025-09-14T04:15:00Z,2025-09-14T04:30:00Z,2025-09-14,2025-09-14_7,0.0,0,0,100,64.53354033913031,64.53354033913031,0.0,0.0,0.0,True,True,True,False,0.0,1102.201443957865,0.0,0.0,0.0,0.0,1102.201443957865
2025-09-14T04:30:00Z,2025-09-14T04:45:00Z,2025-09-14,2025-09-14_7,0.0,0,0,100,64.53354033913031,64.53354033913031,0.0,0.0,0.0,True,True,True,False,0.0,1102.201443957865,0.0,0.0,0.0,0.0,1102.201443957865
2025-09-14T04:45:00Z,2025-09-14T05:00:00Z,2025-09-14,2025-09-14_7,0.0,0,0,100,64.53354033913031,64.53354033913031,0.0,0.0,0.0,True,True,True,False,0.0,1102.201443957865,0.0,0.0,0.0,0.0,1102.201443957865
2025-09-14T05:00:00Z,2025-09-14T05:15:00Z,2025-09-14,2025-09-14_8,0.0,29,29,71,64.53354033913031,64.53768532173902,0.00019451504830917874,0.030305,0.040310000000000006,True,True,True,False,0.0,782.5630252100841,29.372410936205466,31.406083560184637,4.136165616246498,-2.94267611946187,844.5350092032588
2025-09-14T05:15:00Z,2025-09-14T05:30:00Z,2025-09-14,2025-09-14_8,0.0,29,29,71,64.53768532173902,64.52156434782597,0.00011370381642512077,0.026245,0.013484999999999999,True,True,True,False,0.0,782.5630252100841,29.372410936205466,31.406083560184637,3.499178019094962,-1.0430086489525385,845.7976890766166
2025-09-14T05:30:00Z,2025-09-14T05:45:00Z,2025-09-14,2025-09-14_8,0.0,29,29,71,64.52156434782597,59.59329804347814,0.013689628623188406,4.534005,0.0,True,True,True,False,0.0,782.5630252100841,29.372410936205466,31.406083560184637,833.8082955260977,0.0,1677.1498152325719
2025-09-14T05:45:00Z,2025-09-14T06:00:00Z,2025-09-14,2025-09-14_8,0.0,29,29,71,59.59329804347814,57.17825999999988,0.006708439009661835,2.221835,0.0,True,True,True,False,0.0,782.5630252100841,29.372410936205466,31.406083560184637,365.9944373308478,0.0,1209.335957037322
2025-09-14T06:00:00Z,2025-09-14T06:15:00Z,2025-09-14,2025-09-14_9,0.0,100,100,0,57.17825999999988,35.61575999999988,0.05989583333333332,19.8375,0.0,True,True,True,False,0.0,0.0,98.7099064978104,109.48041188306308,11627.461792815719,0.0,11835.652111196592
2025-09-14T06:15:00Z,2025-09-14T06:30:00Z,2025-09-14,2025-09-14_9,0.0,100,100,0,35.61575999999988,32.320218260869446,0.013659727053140096,3.778,0.8815,True,True,True,False,0.0,0.0,98.7099064978104,109.48041188306308,397.1691995107902,-35.724798496863535,569.6347193948001
2025-09-14T06:30:00Z,2025-09-14T06:45:00Z,2025-09-14,2025-09-14_9,0.0,100,100,0,32.320218260869446,41.653158260869446,0.025924833333333334,0.0,10.1445,True,True,True,False,0.0,0.0,98.7099064978104,109.48041188306308,0.0,7774.952596757013,7983.142915137887
2025-09-14T06:45:00Z,2025-09-14T07:00:00Z,2025-09-14,2025-09-14_9,0.0,100,100,0,41.653158260869446,48.04347826086945,0.01775088888888889,0.0,6.946,True,True,True,False,0.0,0.0,98.7099064978104,109.48041188306308,0.0,1148.6590910166885,1356.849409397562
2025-09-14T07:00:00Z,2025-09-14T07:15:00Z,2025-09-14,2025-09-14_10,-29.93682471797754,30,0,70,48.04347826086945,53.715602435002936,0.015772665204528274,1.31835,0.0,True,True,True,False,-81.20363704751408,771.5410107705054,27.51804947331045,0.0,131.3304828973843,0.0,849.1859060936861
2025-09-14T07:15:00Z,2025-09-14T07:30:00Z,2025-09-14,2025-09-14_10,-29.93682471797754,30,0,70,53.715602435002936,60.526937800032215,0.018921400323343593,0.08055000000000001,0.0,True,True,True,False,-81.20363704751408,771.5410107705054,27.51804947331045,0.0,8.024174458515802,0.0,725.8795976548175
2025-09-14T07:30:00Z,2025-09-14T07:45:00Z,2025-09-14,2025-09-14_10,-29.93682471797754,30,0,70,60.526937800032215,67.39625531486472,0.01908166071475203,0.01755,0.0,True,True,True,False,-81.20363704751408,771.5410107705054,27.51804947331045,0.0,1.7482838205704816,0.0,719.6037070168722
2025-09-14T07:45:00Z,2025-09-14T08:00:00Z,2025-09-14,2025-09-14_10,-29.93682471797754,30,0,70,67.39625531486472,74.28172499999955,0.019126304680930097,0.0,0.0,True,True,True,False,-81.20363704751408,771.5410107705054,27.51804947331045,0.0,0.0,0.0,717.8554231963018
2025-09-14T08:00:00Z,2025-09-14T08:15:00Z,2025-09-14,2025-09-14_11,0.0,100,100,0,74.28172499999955,68.29150934782564,0.016672710144927532,5.5165,0.0065,True,True,True,False,0.0,0.0,63.883299798792756,162.00142028642443,722.7415912139503,-0.46307275022685124,948.1632385489406
2025-09-14T08:15:00Z,2025-09-14T08:30:00Z,2025-09-14,2025-09-14_11,0.0,100,100,0,68.29150934782564,56.914878913043026,0.03160175120772947,10.4665,0.0,True,True,True,False,0.0,0.0,63.883299798792756,162.00142028642443,1729.1383102536788,0.0,1955.023030338896
2025-09-14T08:30:00Z,2025-09-14T08:45:00Z,2025-09-14,2025-09-14_11,0.0,100,100,0,56.914878913043026,44.087704999999545,0.035631038647342995,11.801,0.0,True,True,True,False,0.0,0.0,63.883299798792756,162.00142028642443,2054.6366469404666,0.0,2280.521367025684
2025-09-14T08:45:00Z,2025-09-14T09:00:00Z,2025-09-14,2025-09-14_11,0.0,100,100,0,44.087704999999545,36.81868326086911,0.020191727053140096,6.6875,0.0,True,True,True,False,0.0,0.0,63.883299798792756,162.00142028642443,897.419652720243,0.0,1123.3043728054602
2025-09-14T09:00:00Z,2025-09-14T09:15:00Z,2025-09-14,2025-09-14_12,-85.0,100,15,0,36.81868326086911,46.702306043477805,0.03671945338164251,10.2285,0.0,True,True,True,False,-169.7875,0.0,63.883299798792756,29.88371404899988,1689.2238415788852,0.0,1613.2033554266777
2025-09-14T09:15:00Z,2025-09-14T09:30:00Z,2025-09-14,2025-09-14_12,-85.0,100,15,0,46.702306043477805,53.78009473912998,0.031614781400966185,13.197500000000002,0.0,True,True,True,False,-169.7875,0.0,63.883299798792756,29.88371404899988,2141.361671992741,0.0,2065.3411858405334
2025-09-14T09:30:00Z,2025-09-14T09:45:00Z,2025-09-14,2025-09-14_12,-85.0,100,15,0,53.78009473912998,64.63333213043433,0.038483479468599036,9.2025,0.0,True,True,True,False,-169.7875,0.0,63.883299798792756,29.88371404899988,1389.9398345958102,0.0,1313.9193484436028
2025-09-14T09:45:00Z,2025-09-14T10:00:00Z,2025-09-14,2025-09-14_12,-85.0,100,15,0,64.63333213043433,83.07740208695608,0.05234901678743962,1.2315,0.062925,True,True,True,False,-169.7875,0.0,63.883299798792756,29.88371404899988,130.2425304769795,-2.649133314593443,51.57291101017871
2025-09-14T10:00:00Z,2025-09-14T10:15:00Z,2025-09-14,2025-09-14_13,0.0,100,100,0,83.07740208695608,86.61296208695609,0.009821,0.0,3.843,True,True,True,False,0.0,0.0,63.883299798792756,199.2247603266659,0.0,1597.17987986744,1860.2879399928986
2025-09-14T10:15:00Z,2025-09-14T10:30:00Z,2025-09-14,2025-09-14_13,0.0,100,100,0,86.61296208695609,98.40460208695609,0.03275455555555556,0.0,12.817,True,True,True,False,0.0,0.0,63.883299798792756,199.2247603266659,0.0,8989.853508699256,9252.961568824714
2025-09-14T10:30:00Z,2025-09-14T10:45:00Z,2025-09-14,2025-09-14_13,0.0,100,100,0,98.40460208695609,105.19190208695609,0.018853611111111113,0.0,7.3775,True,True,True,False,0.0,0.0,63.883299798792756,199.2247603266659,0.0,1852.4621044896833,2115.570164615142
2025-09-14T10:45:00Z,2025-09-14T11:00:00Z,2025-09-14,2025-09-14_13,0.0,100,100,0,105.19190208695609,107.25086208695609,0.005719333333333333,0.0,2.238,True,True,True,False,0.0,0.0,63.883299798792756,199.2247603266659,0.0,-86.68133270209492,176.42672742336373
2025-09-14T11:00:00Z,2025-09-14T11:15:00Z,2025-09-14,2025-09-14_14,0.0,29,29,71,107.25086208695609,109.1475432869561,0.005268558888888889,0.0,2.06161,True,True,True,False,0.0,782.5630252100841,18.526156941649898,57.7751804947331,0.0,73.57850058389553,932.4428632303626
2025-09-14T11:15:00Z,2025-09-14T11:30:00Z,2025-09-14,2025-09-14_14,0.0,29,29,71,109.1475432869561,111.9141258869561,0.007684951666666668,0.0,3.0071550000000005,True,True,True,False,0.0,782.5630252100841,18.526156941649898,57.7751804947331,0.0,109.51492125103563,968.3792838975028
2025-09-14T11:30:00Z,2025-09-14T11:45:00Z,2025-09-14,2025-09-14_14,0.0,29,29,71,111.9141258869561,112.08885719130393,0.0005151352657004831,0.00493,0.19575000000000004,True,True,True,False,0.0,782.5630252100841,18.526156941649898,57.7751804947331,0.437625754527163,-8.390212451177655,850.9117759498166
2025-09-14T11:45:00Z,2025-09-14T12:00:00Z,2025-09-14,2025-09-14_14,0.0,29,29,71,112.08885719130393,112.08311619999958,0.00012414942028985505,0.023200000000000002,0.021169999999999998,True,True,True,False,0.0,782.5630252100841,18.526156941649898,57.7751804947331,2.0594153154219437,-1.6383802678818007,859.2853976940072
2025-09-14T12:00:00Z,2025-09-14T12:15:00Z,2025-09-14,2025-09-14_15,-29.0,29,0,71,112.08311619999958,118.75311619999958,0.01852777777777778,0.0,0.0,True,True,True,False,0.0725,782.5630252100841,18.526156941649898,0.0,0.0,0.0,801.161682151734
2025-09-14T12:15:00Z,2025-09-14T12:30:00Z,2025-09-14,2025-09-14_15,-29.0,29,0,71,118.75311619999958,125.10869239999957,0.017654378333333335,0.341765,0.0,True,True,True,False,0.0725,782.5630252100841,18.526156941649898,0.0,31.855121879315107,0.0,833.0168040310491
2025-09-14T12:30:00Z,2025-09-14T12:45:00Z,2025-09-14,2025-09-14_15,-29.0,29,0,71,125.10869239999957,129.98859779999958,0.013555292777777778,1.9457550000000001,0.0,True,True,True,False,0.0725,782.5630252100841,18.526156941649898,0.0,218.10848823529412,0.0,1019.2701703870281
2025-09-14T12:45:00Z,2025-09-14T13:00:00Z,2025-09-14,2025-09-14_15,-29.0,29,0,71,129.98859779999958,133.2298175999996,0.009003388333333334,3.7269349999999997,0.0,True,True,True,False,0.0725,782.5630252100841,18.526156941649898,0.0,606.0566517674675,0.0,1407.2183339192015
2025-09-14T13:00:00Z,2025-09-14T13:15:00Z,2025-09-14,2025-09-14_16,-29.0,29,0,71,133.2298175999996,139.7596141999996,0.018138323888888887,0.15239499999999997,0.0,True,True,True,False,-0.0,782.5630252100841,26.600781157533437,0.0,13.52778435317789,0.0,822.6915907207954
2025-09-14T13:15:00Z,2025-09-14T13:30:00Z,2025-09-14,2025-09-14_16,-29.0,29,0,71,139.7596141999996,146.4293473999996,0.018527036666666667,0.00029,0.0,True,True,True,False,-0.0,782.5630252100841,26.600781157533437,0.0,0.02574269144277429,0.0,809.1895490590604
2025-09-14T13:30:00Z,2025-09-14T13:45:00Z,2025-09-14,2025-09-14_16,-29.0,29,0,71,146.4293473999996,153.00876879999961,0.018276170555555554,0.09845500000000001,0.0,True,True,True,False,-0.0,782.5630252100841,26.600781157533437,0.0,8.739643744821873,0.0,817.9034501124394
2025-09-14T13:45:00Z,2025-09-14T14:00:00Z,2025-09-14,2025-09-14_16,-29.0,29,0,71,153.00876879999961,157.3399999999996,0.012031197777777777,2.54214,0.0,True,True,True,False,-0.0,782.5630252100841,26.600781157533437,0.0,275.9440967806841,0.0,1085.1079031483016
2025-09-14T14:00:00Z,2025-09-14T14:15:00Z,2025-09-14,2025-09-14_17,-50.755230548495796,93,42,7,157.3399999999996,164.63727383185562,0.032325015356791054,4.394715000000001,0.0,True,True,True,False,-253.77615274247898,65.24440762220381,127.87637590247365,47.013256006628,477.5305953426442,0.0,463.88848213147065
2025-09-14T14:15:00Z,2025-09-14T14:30:00Z,2025-09-14,2025-09-14_17,-50.755230548495796,93,42,7,164.63727383185562,174.837966460479,0.032392642918435625,1.4791649999999998,0.0,True,True,True,False,-253.77615274247898,65.24440762220381,127.87637590247365,47.013256006628,144.8594889720677,0.0,131.21737576089419
2025-09-14T14:30:00Z,2025-09-14T14:45:00Z,2025-09-14,2025-09-14_17,-50.755230548495796,93,42,7,174.837966460479,184.2587806290461,0.032375542018695413,2.2626899999999996,0.00042,True,True,True,False,-253.77615274247898,65.24440762220381,127.87637590247365,47.013256006628,229.77636142738783,-0.033140016570008285,216.1011081996443
2025-09-14T14:45:00Z,2025-09-14T15:00:00Z,2025-09-14,2025-09-14_17,-50.755230548495796,93,42,7,184.2587806290461,186.77999999999957,0.03221376963576999,9.190725,0.0,True,True,True,False,-253.77615274247898,65.24440762220381,127.87637590247365,47.013256006628,1003.7368915995977,0.0,990.0947783884242
2025-09-14T15:00:00Z,2025-09-14T15:15:00Z,2025-09-14,2025-09-14_18,71.99727908093355,28,100,0,186.77999999999957,180.0942917004181,0.03630030792675517,0.00574,12.387,True,True,True,False,1703.0956366594833,0.0,38.50041425020712,110.90069830749201,0.623888428610881,10151.585594153155,12004.70623179895
2025-09-14T15:15:00Z,2025-09-14T15:30:00Z,2025-09-14,2025-09-14_18,71.99727908093355,28,100,0,180.0942917004181,173.0647938338204,0.03677366326057098,0.0,12.0505,True,True,True,False,1703.0956366594833,0.0,38.50041425020712,110.90069830749201,0.0,9585.222620822977,11437.719370040159
2025-09-14T15:30:00Z,2025-09-14T15:45:00Z,2025-09-14,2025-09-14_18,71.99727908093355,28,100,0,173.0647938338204,168.615522368492,0.033156583773743205,0.0,14.530999999999999,True,True,True,False,1703.0956366594833,0.0,38.50041425020712,110.90069830749201,0.0,11955.761913046907,13808.258662264088
2025-09-14T15:45:00Z,2025-09-14T16:00:00Z,2025-09-14,2025-09-14_18,71.99727908093355,28,100,0,168.615522368492,146.1127109999996,0.06252999373471817,2.7180999999999997,0.0155,True,True,True,False,1703.0956366594833,0.0,38.50041425020712,110.90069830749201,538.9584697597348,-1.193436402730106,2390.2617825741872
2025-09-14T16:00:00Z,2025-09-14T16:15:00Z,2025-09-14,2025-09-14_19,0.0,5,5,95,146.1127109999996,146.23293478260828,0.0007065394927536232,0.061700000000000005,0.203575,True,True,True,False,0.0,1047.0913717599717,7.55118948988046,5.377855367499112,10.821623052037717,-8.65974815560027,1062.1822915137886
2025-09-14T16:15:00Z,2025-09-14T16:30:00Z,2025-09-14,2025-09-14_19,0.0,5,5,95,146.23293478260828,145.95881926086915,0.0007667986714975844,0.25307499999999994,0.0010500000000000002,True,True,True,False,0.0,1047.0913717599717,7.55118948988046,5.377855367499112,50.204840178324844,-0.08137054681027343,1110.1438862488658
2025-09-14T16:30:00Z,2025-09-14T16:45:00Z,2025-09-14,2025-09-14_19,0.0,5,5,95,145.95881926086915,145.61659099999957,0.0009506340579710143,0.31484999999999996,0.0,True,True,True,False,0.0,1047.0913717599717,7.55118948988046,5.377855367499112,61.21091676529767,0.0,1121.231333382649
2025-09-14T16:45:00Z,2025-09-14T17:00:00Z,2025-09-14,2025-09-14_19,0.0,5,5,95,145.61659099999957,145.1149333913039,0.0013934933574879225,0.46152499999999996,0.0,True,True,True,False,0.0,1047.0913717599717,7.55118948988046,5.377855367499112,90.21469069317867,0.0,1150.2351073105299
2025-09-14T17:00:00Z,2025-09-14T17:15:00Z,2025-09-14,2025-09-14_20,60.0,0,60,40,145.1149333913039,128.81058556521697,0.04528985507246377,0.0,0.0,True,True,True,False,2393.25,440.88057758314596,0.0,60.89478044739022,0.0,0.0,2895.025358030536
2025-09-14T17:15:00Z,2025-09-14T17:30:00Z,2025-09-14,2025-09-14_20,60.0,0,60,40,128.81058556521697,112.50623773913001,0.04528985507246377,0.0,0.0,True,True,True,False,2393.25,440.88057758314596,0.0,60.89478044739022,0.0,0.0,2895.025358030536
2025-09-14T17:30:00Z,2025-09-14T17:45:00Z,2025-09-14,2025-09-14_20,60.0,0,60,40,112.50623773913001,98.12873773913002,0.039937499999999994,0.0,1.7727,True,True,True,False,2393.25,440.88057758314596,0.0,60.89478044739022,0.0,-110.59215581725648,2784.43320221328
2025-09-14T17:45:00Z,2025-09-14T18:00:00Z,2025-09-14,2025-09-14_20,60.0,0,60,40,98.12873773913002,83.96286817391263,0.03934963768115942,0.0,1.9674,True,True,True,False,2393.25,440.88057758314596,0.0,60.89478044739022,0.0,-122.24937862468931,2772.775979405847
2025-09-14T18:00:00Z,2025-09-14T18:15:00Z,2025-09-14,2025-09-14_21,100.0,0,100,0,83.96286817391263,57.51015078260828,0.07347977053140096,0.0,0.6635,True,True,True,False,3163.75,0.0,0.0,105.33790981181205,0.0,-44.06239969227128,3225.0255101195407
2025-09-14T18:15:00Z,2025-09-14T18:30:00Z,2025-09-14,2025-09-14_21,100.0,0,100,0,57.51015078260828,34.84547686956479,0.06295742753623189,0.0,4.1485,True,True,True,False,3163.75,0.0,0.0,105.33790981181205,0.0,-205.66474760326668,3063.4231622085454
2025-09-14T18:30:00Z,2025-09-14T18:45:00Z,2025-09-14,2025-09-14_21,100.0,0,100,0,34.84547686956479,20.404172521738708,0.040114734299516897,0.0,11.714,True,True,True,False,3163.75,0.0,0.0,105.33790981181205,0.0,-488.3028524085691,2780.785057403243
2025-09-14T18:45:00Z,2025-09-14T19:00:00Z,2025-09-14,2025-09-14_21,100.0,0,100,0,20.404172521738708,10.024281217390882,0.028833031400966182,0.0,15.4505,True,True,True,False,3163.75,0.0,0.0,105.33790981181205,0.0,-82.46727995423521,3186.6206298575767
2025-09-14T19:00:00Z,2025-09-14T19:15:00Z,2025-09-14,2025-09-14_22,12.605015269616267,87,100,0,10.024281217390882,10.535852825550284,0.017279455271104513,0.00261,4.1865,True,True,True,False,288.30821175429804,0.0,123.66788969108771,106.37353532962481,0.3501006036217304,220.07988016333294,738.7796175419652
2025-09-14T19:15:00Z,2025-09-14T19:30:00Z,2025-09-14,2025-09-14_22,12.605015269616267,87,100,0,10.535852825550284,9.999999999999513,0.01525755991524632,0.01044,3.0825,True,True,True,False,288.30821175429804,0.0,123.66788969108771,106.37353532962481,1.6475322523375546,-26.729715055036102,493.267453972312
2025-09-14T19:30:00Z,2025-09-14T19:45:00Z,2025-09-14,2025-09-14_22,12.605015269616267,87,100,0,9.999999999999513,11.879864707411029,0.019960047385197747,0.0,5.6375,True,True,True,False,288.30821175429804,0.0,123.66788969108771,106.37353532962481,0.0,-146.75137343669863,371.59826333831194
2025-09-14T19:45:00Z,2025-09-14T20:00:00Z,2025-09-14,2025-09-14_22,12.605015269616267,87,100,0,11.879864707411029,22.773057419696094,0.03770656018542713,0.0,15.2155,True,True,True,False,288.30821175429804,0.0,123.66788969108771,106.37353532962481,0.0,1005.500412869373,1523.8500496443835
2025-09-14T20:00:00Z,2025-09-14T20:15:00Z,2025-09-14,2025-09-14_23,12.732684212598745,68,81,19,22.773057419696094,22.62537832383256,0.01549411069167764,0.00102,3.5016300000000005,True,True,True,False,248.79664951417945,209.41827435199434,90.4225352112676,86.16256361699611,0.13682092555331993,18.158134974553207,653.094978594544
2025-09-14T20:15:00Z,2025-09-14T20:30:00Z,2025-09-14,2025-09-14_23,12.732684212598745,68,81,19,22.62537832383256,20.341209801726066,0.01179856086194312,0.020399999999999998,1.2660299999999998,True,True,True,False,248.79664951417945,209.41827435199434,90.4225352112676,86.16256361699611,2.736418511066398,-50.1509611374127,587.3854800680912
2025-09-14T20:30:00Z,2025-09-14T20:45:00Z,2025-09-14,2025-09-14_23,12.732684212598745,68,81,19,20.341209801726066,20.32608695652125,0.015724299833455434,0.0,3.6405450000000004,True,True,True,False,248.79664951417945,209.41827435199434,90.4225352112676,86.16256361699611,0.0,-133.95918690969347,500.84083578474406
2025-09-14T20:45:00Z,2025-09-14T21:00:00Z,2025-09-14,2025-09-14_23,12.732684212598745,68,81,19,20.32608695652125,27.03433409684061,0.027655695571450353,0.0,10.745865,True,True,True,False,248.79664951417945,209.41827435199434,90.4225352112676,86.16256361699611,0.0,1097.3611032193157,1732.1611259137533
2025-09-14T21:00:00Z,2025-09-14T21:15:00Z,2025-09-15,2025-09-14_24,-100.0,100,0,0,27.03433409684061,50.03433409684061,0.06388888888888888,0.0,0.0,True,True,True,False,-883.5000000000001,0.0,140.3420523138833,0.0,0.0,0.0,-743.1579476861168
2025-09-14T21:15:00Z,2025-09-14T21:30:00Z,2025-09-15,2025-09-14_24,-100.0,100,0,0,50.03433409684061,73.0200740968406,0.06384927777777778,0.0155,0.0,True,True,True,False,-883.5000000000001,0.0,140.3420523138833,0.0,1.923695111847556,0.0,-741.2342525742692
2025-09-14T21:30:00Z,2025-09-14T21:45:00Z,2025-09-15,2025-09-14_24,-100.0,100,0,0,73.0200740968406,96.0200740968406,0.0638888888888889,0.0,0.0,True,True,True,False,-883.5000000000001,0.0,140.3420523138833,0.0,0.0,0.0,-743.1579476861168
2025-09-14T21:45:00Z,2025-09-14T22:00:00Z,2025-09-15,2025-09-14_24,-100.0,100,0,0,96.0200740968406,119.0200740968406,0.0638888888888889,0.0,0.0,True,True,True,False,-883.5000000000001,0.0,140.3420523138833,0.0,0.0,0.0,-743.1579476861168
2025-09-14T22:00:00Z,2025-09-14T22:15:00Z,2025-09-15,2025-09-15_1,0.0,0,0,100,119.0200740968406,119.0200740968406,0.0,0.0,0.0,True,True,True,False,0.0,1102.201443957865,0.0,0.0,0.0,0.0,1102.201443957865
2025-09-14T22:15:00Z,2025-09-14T22:30:00Z,2025-09-15,2025-09-15_1,0.0,0,0,100,119.0200740968406,119.0200740968406,0.0,0.0,0.0,True,True,True,False,0.0,1102.201443957865,0.0,0.0,0.0,0.0,1102.201443957865
2025-09-14T22:30:00Z,2025-09-14T22:45:00Z,2025-09-15,2025-09-15_1,0.0,0,0,100,119.0200740968406,119.0200740968406,0.0,0.0,0.0,True,True,True,False,0.0,1102.201443957865,0.0,0.0,0.0,0.0,1102.201443957865
2025-09-14T22:45:00Z,2025-09-14T23:00:00Z,2025-09-15,2025-09-15_1,0.0,0,0,100,119.0200740968406,119.0200740968406,0.0,0.0,0.0,True,True,True,False,0.0,1102.201443957865,0.0,0.0,0.0,0.0,1102.201443957865
2025-09-14T23:00:00Z,2025-09-14T23:15:00Z,2025-09-15,2025-09-15_2,-27.000000000000068,27,0,73,119.0200740968406,125.23007409684061,0.017250000000000047,0.0,0.0,True,True,True,False,-290.7900000000007,804.6070540892414,37.76452834654989,0.0,0.0,0.0,551.5815824357906
2025-09-14T23:15:00Z,2025-09-14T23:30:00Z,2025-09-15,2025-09-15_2,-27.000000000000068,27,0,73,125.23007409684061,131.44007409684062,0.017250000000000047,0.0,0.0,True,True,True,False,-290.7900000000007,804.6070540892414,37.76452834654989,0.0,0.0,0.0,551.5815824357906
2025-09-14T23:30:00Z,2025-09-14T23:45:00Z,2025-09-15,2025-09-15_2,-27.000000000000068,27,0,73,131.44007409684062,137.65007409684063,0.017250000000000047,0.0,0.0,True,True,True,False,-290.7900000000007,804.6070540892414,37.76452834654989,0.0,0.0,0.0,551.5815824357906
2025-09-14T23:45:00Z,2025-09-15T00:00:00Z,2025-09-15,2025-09-15_2,-27.000000000000068,27,0,73,137.65007409684063,143.83250169684064,0.017173410000000045,0.029970000000000004,0.0,True,True,True,False,-290.7900000000007,804.6070540892414,37.76452834654989,0.0,3.352071251035626,0.0,554.9336536868262
2025-09-15T00:00:00Z,2025-09-15T00:15:00Z,2025-09-15,2025-09-15_3,0.0,0,0,100,143.83250169684064,143.83250169684064,0.0,0.0,0.0,True,True,True,False,0.0,1102.201443957865,0.0,0.0,0.0,0.0,1102.201443957865
2025-09-15T00:15:00Z,2025-09-15T00:30:00Z,2025-09-15,2025-09-15_3,0.0,0,0,100,143.83250169684064,143.83250169684064,0.0,0.0,0.0,True,True,True,False,0.0,1102.201443957865,0.0,0.0,0.0,0.0,1102.201443957865
2025-09-15T00:30:00Z,2025-09-15T00:45:00Z,2025-09-15,2025-09-15_3,0.0,0,0,100,143.83250169684064,143.83250169684064,0.0,0.0,0.0,True,True,True,False,0.0,1102.201443957865,0.0,0.0,0.0,0.0,1102.201443957865
2025-09-15T00:45:00Z,2025-09-15T01:00:00Z,2025-09-15,2025-09-15_3,0.0,0,0,100,143.83250169684064,143.83250169684064,0.0,0.0,0.0,True,True,True,False,0.0,1102.201443957865,0.0,0.0,0.0,0.0,1102.201443957865
2025-09-15T01:00:00Z,2025-09-15T01:15:00Z,2025-09-15,2025-09-15_4,0.0,0,0,100,143.83250169684064,143.83250169684064,0.0,0.0,0.0,True,True,True,False,0.0,1102.201443957865,0.0,0.0,0.0,0.0,1102.201443957865
2025-09-15T01:15:00Z,2025-09-15T01:30:00Z,2025-09-15,2025-09-15_4,0.0,0,0,100,143.83250169684064,143.83250169684064,0.0,0.0,0.0,True,True,True,False,0.0,1102.201443957865,0.0,0.0,0.0,0.0,1102.201443957865
2025-09-15T01:30:00Z,2025-09-15T01:45:00Z,2025-09-15,2025-09-15_4,0.0,0,0,100,143.83250169684064,143.83250169684064,0.0,0.0,0.0,True,True,True,False,0.0,1102.201443957865,0.0,0.0,0.0,0.0,1102.201443957865
2025-09-15T01:45:00Z,2025-09-15T02:00:00Z,2025-09-15,2025-09-15_4,0.0,0,0,100,143.83250169684064,143.83250169684064,0.0,0.0,0.0,True,True,True,False,0.0,1102.201443957865,0.0,0.0,0.0,0.0,1102.201443957865
2025-09-15T02:00:00Z,2025-09-15T02:15:00Z,2025-09-15,2025-09-15_5,0.0,0,0,100,143.83250169684064,143.83250169684064,0.0,0.0,0.0,True,True,True,False,0.0,1102.201443957865,0.0,0.0,0.0,0.0,1102.201443957865
2025-09-15T02:15:00Z,2025-09-15T02:30:00Z,2025-09-15,2025-09-15_5,0.0,0,0,100,143.83250169684064,143.83250169684064,0.0,0.0,0.0,True,True,True,False,0.0,1102.201443957865,0.0,0.0,0.0,0.0,1102.201443957865
2025-09-15T02:30:00Z,2025-09-15T02:45:00Z,2025-09-15,2025-09-15_5,0.0,0,0,100,143.83250169684064,143.83250169684064,0.0,0.0,0.0,True,True,True,False,0.0,1102.201443957865,0.0,0.0,0.0,0.0,1102.201443957865
2025-09-15T02:45:00Z,2025-09-15T03:00:00Z,2025-09-15,2025-09-15_5,0.0,0,0,100,143.83250169684064,143.83250169684064,0.0,0.0,0.0,True,True,True,False,0.0,1102.201443957865,0.0,0.0,0.0,0.0,1102.201443957865
2025-09-15T03:00:00Z,2025-09-15T03:15:00Z,2025-09-15,2025-09-15_6,0.0,0,0,100,143.83250169684064,143.83250169684064,0.0,0.0,0.0,True,True,True,False,0.0,1102.201443957865,0.0,0.0,0.0,0.0,1102.201443957865
2025-09-15T03:15:00Z,2025-09-15T03:30:00Z,2025-09-15,2025-09-15_6,0.0,0,0,100,143.83250169684064,143.83250169684064,0.0,0.0,0.0,True,True,True,False,0.0,1102.201443957865,0.0,0.0,0.0,0.0,1102.201443957865
2025-09-15T03:30:00Z,2025-09-15T03:45:00Z,2025-09-15,2025-09-15_6,0.0,0,0,100,143.83250169684064,143.83250169684064,0.0,0.0,0.0,True,True,True,False,0.0,1102.201443957865,0.0,0.0,0.0,0.0,1102.201443957865
2025-09-15T03:45:00Z,2025-09-15T04:00:00Z,2025-09-15,2025-09-15_6,0.0,0,0,100,143.83250169684064,143.83250169684064,0.0,0.0,0.0,True,True,True,False,0.0,1102.201443957865,0.0,0.0,0.0,0.0,1102.201443957865
2025-09-15T04:00:00Z,2025-09-15T04:15:00Z,2025-09-15,2025-09-15_7,22.00000000000014,0,22,78,143.83250169684064,137.86069734901452,0.016588345410628123,0.0,0.00594,True,True,True,False,782.2100000000049,859.7171262871345,0.0,22.555923777961887,0.0,-0.45697715706000713,1664.0260729080414
2025-09-15T04:15:00Z,2025-09-15T04:30:00Z,2025-09-15,2025-09-15_7,22.00000000000014,0,22,78,137.86069734901452,131.88243647944927,0.01660628019323682,0.0,0.0,True,True,True,False,782.2100000000049,859.7171262871345,0.0,22.555923777961887,0.0,0.0,1664.4830500651015
2025-09-15T04:30:00Z,2025-09-15T04:45:00Z,2025-09-15,2025-09-15_7,22.00000000000014,0,22,78,131.88243647944927,125.90417560988402,0.016606280193236816,0.0,0.0,True,True,True,False,782.2100000000049,859.7171262871345,0.0,22.555923777961887,0.0,0.0,1664.4830500651015
2025-09-15T04:45:00Z,2025-09-15T05:00:00Z,2025-09-15,2025-09-15_7,22.00000000000014,0,22,78,125.90417560988402,119.93189300118833,0.01658967391304358,0.0,0.0055,True,True,True,False,782.2100000000049,859.7171262871345,0.0,22.555923777961887,0.0,-0.42312699727778436,1664.0599230678235
2025-09-15T05:00:00Z,2025-09-15T05:15:00Z,2025-09-15,2025-09-15_8,100.0,0,100,0,119.93189300118833,98.30254517510137,0.060081521739130436,0.0,5.101,True,True,True,False,3879.5,0.0,0.0,102.52692626346312,0.0,-318.0965648794729,3663.93036138399
2025-09-15T05:15:00Z,2025-09-15T05:30:00Z,2025-09-15,2025-09-15_8,100.0,0,100,0,98.30254517510137,84.21830604466659,0.03912288647342995,0.0,12.0425,True,True,True,False,3879.5,0.0,0.0,102.52692626346312,0.0,-583.6909052353336,3398.3360210281294
2025-09-15T05:30:00Z,2025-09-15T05:45:00Z,2025-09-15,2025-09-15_8,100.0,0,100,0,84.21830604466659,76.12211039249269,0.022489432367149752,0.0,17.5515,True,True,True,False,3879.5,0.0,0.0,102.52692626346312,0.0,672.2362297313292,4654.263155994792
2025-09-15T05:45:00Z,2025-09-15T06:00:00Z,2025-09-15,2025-09-15_8,100.0,0,100,0,76.12211039249269,60.10091474031877,0.04450332125603865,0.0,10.2605,True,True,True,False,3879.5,0.0,0.0,102.52692626346312,0.0,2686.492542904486,6668.519469167949
2025-09-15T06:00:00Z,2025-09-15T06:15:00Z,2025-09-15,2025-09-15_9,99.60048626767549,0,100,0,60.10091474031877,48.60100756413798,0.03223677891654884,0.0,14.329,True,True,True,False,2848.5739072555193,0.0,0.0,107.43875014794652,0.0,1216.4923584645126,4172.505015867979
2025-09-15T06:15:00Z,2025-09-15T06:30:00Z,2025-09-15,2025-09-15_9,99.60048626767549,0,100,0,48.60100756413798,29.178247864949263,0.054095772306339086,0.0,7.0355,True,True,True,False,2848.5739072555193,0.0,0.0,107.43875014794652,0.0,136.0149480214621,3092.027605424928
2025-09-15T06:30:00Z,2025-09-15T06:45:00Z,2025-09-15,2025-09-15_9,99.60048626767549,0,100,0,29.178247864949263,11.004177954640728,0.05065066187903205,0.0,8.185,True,True,True,False,2848.5739072555193,0.0,0.0,107.43875014794652,0.0,-314.44291928038825,2641.5697381230775
2025-09-15T06:45:00Z,2025-09-15T07:00:00Z,2025-09-15,2025-09-15_9,99.60048626767549,0,100,0,11.004177954640728,10.000000000000021,0.0032792696093364884,0.0,23.991,True,True,True,False,2848.5739072555193,0.0,0.0,107.43875014794652,0.0,15835.607531660551,18791.62018906402
2025-09-15T07:00:00Z,2025-09-15T07:15:00Z,2025-09-15,2025-09-15_10,19.74161493942574,80,100,0,10.000000000000021,12.838986139534862,0.02742681423298307,0.0,8.6085,True,True,True,False,301.30639801298537,0.0,74.84909456740444,109.48041188306308,0.0,3581.37136081193,4067.007265275383
2025-09-15T07:15:00Z,2025-09-15T07:30:00Z,2025-09-15,2025-09-15_10,19.74161493942574,80,100,0,12.838986139534862,10.11948827395683,0.018988751209263573,0.0104,2.7875,True,True,True,False,301.30639801298537,0.0,74.84909456740444,109.48041188306308,1.146802382925001,-82.82109322602281,403.9616136203551
2025-09-15T07:30:00Z,2025-09-15T07:45:00Z,2025-09-15,2025-09-15_10,19.74161493942574,80,100,0,10.11948827395683,17.103850037816958,0.03375599622165827,0.0,12.9585,True,True,True,False,301.30639801298537,0.0,74.84909456740444,109.48041188306308,0.0,22.162424547283706,507.7983290107366
2025-09-15T07:45:00Z,2025-09-15T08:00:00Z,2025-09-15,2025-09-15_10,19.74161493942574,80,100,0,17.103850037816958,27.266333113659808,0.0386083690796426,0.0,16.2935,True,True,True,False,301.30639801298537,0.0,74.84909456740444,109.48041188306308,0.0,6142.2387394958,6627.874643959252
2025-09-15T08:00:00Z,2025-09-15T08:15:00Z,2025-09-15,2025-09-15_11,0.0,100,100,0,27.266333113659808,28.013501809311983,0.007727642512077295,0.936,1.918,True,True,True,False,0.0,0.0,63.883299798792756,187.89205823174342,106.4852787312108,-44.24067108533554,314.0199656764114
2025-09-15T08:15:00Z,2025-09-15T08:30:00Z,2025-09-15,2025-09-15_11,0.0,100,100,0,28.013501809311983,36.614380939746766,0.024048335748792272,0.026,9.3795,True,True,True,False,0.0,0.0,63.883299798792756,187.89205823174342,2.6185662997593404,-60.08956119067345,194.30436313962207
2025-09-15T08:30:00Z,2025-09-15T08:45:00Z,2025-09-15,2025-09-15_11,0.0,100,100,0,36.614380939746766,57.04436093974677,0.05674994444444444,0.0,22.2065,True,True,True,False,0.0,0.0,63.883299798792756,187.89205823174342,0.0,1118.3325515840138,1370.10790961455
2025-09-15T08:45:00Z,2025-09-15T09:00:00Z,2025-09-15,2025-09-15_11,0.0,100,100,0,57.04436093974677,79.96662093974678,0.06367294444444445,0.0,24.9155,True,True,True,False,0.0,0.0,63.883299798792756,187.89205823174342,0.0,9434.822677634435,9686.59803566497
2025-09-15T09:00:00Z,2025-09-15T09:15:00Z,2025-09-15,2025-09-15_12,-9.0,0,0,91,79.96662093974678,82.03662093974677,0.005750000000000001,0.0,0.0,True,False,True,False,-19.575,1003.0033140016571,0.0,0.0,0.0,0.0,983.4283140016571
2025-09-15T09:15:00Z,2025-09-15T09:30:00Z,2025-09-15,2025-09-15_12,-9.0,0,0,91,82.03662093974677,84.10662093974676,0.005750000000000001,0.0,0.0,True,False,True,False,-19.575,1003.0033140016571,0.0,0.0,0.0,0.0,983.4283140016571
2025-09-15T09:30:00Z,2025-09-15T09:45:00Z,2025-09-15,2025-09-15_12,-9.0,0,0,91,84.10662093974676,86.17662093974675,0.005750000000000001,0.0,0.0,True,False,True,False,-19.575,1003.0033140016571,0.0,0.0,0.0,0.0,983.4283140016571
2025-09-15T09:45:00Z,2025-09-15T10:00:00Z,2025-09-15,2025-09-15_12,-9.0,0,0,91,86.17662093974675,88.24662093974675,0.005750000000000001,0.0,0.0,True,False,True,False,-19.575,1003.0033140016571,0.0,0.0,0.0,0.0,983.4283140016571
2025-09-15T10:00:00Z,2025-09-15T10:15:00Z,2025-09-15,2025-09-15_13,-9.0,0,0,91,88.24662093974675,90.31662093974674,0.005750000000000001,0.0,0.0,True,False,True,False,-17.46,1003.0033140016571,0.0,0.0,0.0,0.0,985.5433140016571
2025-09-15T10:15:00Z,2025-09-15T10:30:00Z,2025-09-15,2025-09-15_13,-9.0,0,0,91,90.31662093974674,92.38662093974673,0.005750000000000001,0.0,0.0,True,False,True,False,-17.46,1003.0033140016571,0.0,0.0,0.0,0.0,985.5433140016571
2025-09-15T10:30:00Z,2025-09-15T10:45:00Z,2025-09-15,2025-09-15_13,-9.0,0,0,91,92.38662093974673,94.45662093974673,0.005750000000000001,0.0,0.0,True,False,True,False,-17.46,1003.0033140016571,0.0,0.0,0.0,0.0,985.5433140016571
2025-09-15T10:45:00Z,2025-09-15T11:00:00Z,2025-09-15,2025-09-15_13,-9.0,0,0,91,94.45662093974673,96.52662093974672,0.005750000000000001,0.0,0.0,True,False,True,False,-17.46,1003.0033140016571,0.0,0.0,0.0,0.0,985.5433140016571
2025-09-15T11:00:00Z,2025-09-15T11:15:00Z,2025-09-15,2025-09-15_14,0.0,100,100,0,96.52662093974672,110.72130093974673,0.03942966666666667,0.0,15.429,True,True,True,False,0.0,0.0,63.883299798792756,222.42277192567167,0.0,10518.82286128536,10805.128933009824
2025-09-15T11:15:00Z,2025-09-15T11:30:00Z,2025-09-15,2025-09-15_14,0.0,100,100,0,110.72130093974673,118.87848093974672,0.022658833333333333,0.0,8.8665,True,True,True,False,0.0,0.0,63.883299798792756,222.42277192567167,0.0,3458.51917386673,3744.8252455911943
2025-09-15T11:30:00Z,2025-09-15T11:45:00Z,2025-09-15,2025-09-15_14,0.0,100,100,0,118.87848093974672,125.22740093974673,0.01763588888888889,0.0,6.901,True,True,True,False,0.0,0.0,63.883299798792756,222.42277192567167,0.0,79.88138241211978,366.1874541365842
2025-09-15T11:45:00Z,2025-09-15T12:00:00Z,2025-09-15,2025-09-15_14,0.0,100,100,0,125.22740093974673,126.05427224409456,0.003103024154589372,0.1335,1.0565,True,True,True,False,0.0,0.0,63.883299798792756,222.42277192567167,12.508876790152682,-34.59019430307334,264.22475421154377
2025-09-15T12:00:00Z,2025-09-15T12:15:00Z,2025-09-15,2025-09-15_15,-16.0,16,0,84,126.05427224409456,129.73419864409456,0.010222017777777778,8e-05,0.0,True,True,True,False,-40.4,925.8492129246065,10.221327967806841,0.0,0.007495956128930446,0.0,895.6780368485423
2025-09-15T12:15:00Z,2025-09-15T12:30:00Z,2025-09-15,2025-09-15_15,-16.0,16,0,84,129.73419864409456,133.28738584409456,0.009869964444444443,0.13784000000000002,0.0,True,True,True,False,-40.4,925.8492129246065,10.221327967806841,0.0,12.91553241014716,0.0,908.5860733025605
2025-09-15T12:30:00Z,2025-09-15T12:45:00Z,2025-09-15,2025-09-15_15,-16.0,16,0,84,133.28738584409456,136.95215064409456,0.010179902222222223,0.01656,0.0,True,True,True,False,-40.4,925.8492129246065,10.221327967806841,0.0,1.551662918688602,0.0,897.222203811102
2025-09-15T12:45:00Z,2025-09-15T13:00:00Z,2025-09-15,2025-09-15_15,-16.0,16,0,84,136.95215064409456,140.01854744409457,0.008517768888888888,0.66696,0.0,True,True,True,False,-40.4,925.8492129246065,10.221327967806841,0.0,72.84341507870754,0.0,968.5139559711208
2025-09-15T13:00:00Z,2025-09-15T13:15:00Z,2025-09-15,2025-09-15_16,-9.0,9,0,91,140.01854744409457,142.07132504409455,0.00570216,0.018719999999999997,0.0,True,True,True,False,-70.28999999999999,1003.0033140016571,8.420523138832998,0.0,1.754053734169724,0.0,942.8878908746599
2025-09-15T13:15:00Z,2025-09-15T13:30:00Z,2025-09-15,2025-09-15_16,-9.0,9,0,91,142.07132504409455,144.13416284409456,0.005730104999999999,0.0077849999999999985,0.0,True,True,True,False,-70.28999999999999,1003.0033140016571,8.420523138832998,0.0,0.7294502307965438,0.0,941.8632873712867
2025-09-15T13:30:00Z,2025-09-15T13:45:00Z,2025-09-15,2025-09-15_16,-9.0,9,0,91,144.13416284409456,146.19642104409456,0.005728495000000001,0.008414999999999999,0.0,True,True,True,False,-70.28999999999999,1003.0033140016571,8.420523138832998,0.0,0.7884808853118711,0.0,941.922318025802
2025-09-15T13:45:00Z,2025-09-15T14:00:00Z,2025-09-15,2025-09-15_16,-9.0,9,0,91,146.19642104409456,147.73637684409456,0.004277655000000001,0.5761350000000001,0.0,True,True,True,False,-70.28999999999999,1003.0033140016571,8.420523138832998,0.0,67.63250287903895,0.0,1008.7663400195291
2025-09-15T14:00:00Z,2025-09-15T14:15:00Z,2025-09-15,2025-09-15_17,3.9397829107698046,5,9,91,147.73637684409456,147.4352537507296,0.0030788039032658143,0.005,0.7803,True,True,True,False,86.93130992613574,1003.0033140016571,6.929814179192804,9.66682447626938,0.46849725805815284,50.39687625754528,1157.3966360988586
2025-09-15T14:15:00Z,2025-09-15T14:30:00Z,2025-09-15,2025-09-15_17,3.9397829107698046,5,9,91,147.4352537507296,146.42254874686625,0.003025795359143834,0.014374999999999999,0.074025,True,True,True,False,86.93130992613574,1003.0033140016571,6.929814179192804,9.66682447626938,1.3469296169171892,-3.529190865782933,1104.3490013343894
2025-09-15T14:30:00Z,2025-09-15T14:45:00Z,2025-09-15,2025-09-15_17,3.9397829107698046,5,9,91,146.42254874686625,145.51037579097024,0.003156344162548645,0.052175000000000006,0.21663000000000002,True,True,True,False,86.93130992613574,1003.0033140016571,6.929814179192804,9.66682447626938,6.5009613613050865,-10.439468670848623,1102.5927552737116
2025-09-15T14:45:00Z,2025-09-15T15:00:00Z,2025-09-15,2025-09-15_17,3.9397829107698046,5,9,91,145.51037579097024,144.00000000000017,0.004195488308250154,0.4046,0.0,True,True,True,False,86.93130992613574,1003.0033140016571,6.929814179192804,9.66682447626938,68.06744131455399,0.0,1174.598703897809
2025-09-15T15:00:00Z,2025-09-15T15:15:00Z,2025-09-15,2025-09-15_18,0.0,0,0,100,144.00000000000017,144.00000000000017,0.0,0.0,0.0,True,False,True,False,0.0,1102.201443957865,0.0,0.0,0.0,0.0,1102.201443957865
2025-09-15T15:15:00Z,2025-09-15T15:30:00Z,2025-09-15,2025-09-15_18,0.0,0,0,100,144.00000000000017,144.00000000000017,0.0,0.0,0.0,True,False,True,False,0.0,1102.201443957865,0.0,0.0,0.0,0.0,1102.201443957865
2025-09-15T15:30:00Z,2025-09-15T15:45:00Z,2025-09-15,2025-09-15_18,0.0,0,0,100,144.00000000000017,144.00000000000017,0.0,0.0,0.0,True,False,True,False,0.0,1102.201443957865,0.0,0.0,0.0,0.0,1102.201443957865
2025-09-15T15:45:00Z,2025-09-15T16:00:00Z,2025-09-15,2025-09-15_18,0.0,0,0,100,144.00000000000017,144.00000000000017,0.0,0.0,0.0,True,False,True,False,0.0,1102.201443957865,0.0,0.0,0.0,0.0,1102.201443957865
2025-09-15T16:00:00Z,2025-09-15T16:15:00Z,2025-09-15,2025-09-15_19,0.0,0,0,100,144.00000000000017,144.00000000000017,0.0,0.0,0.0,True,False,True,False,0.0,1102.201443957865,0.0,0.0,0.0,0.0,1102.201443957865
2025-09-15T16:15:00Z,2025-09-15T16:30:00Z,2025-09-15,2025-09-15_19,0.0,0,0,100,144.00000000000017,144.00000000000017,0.0,0.0,0.0,True,False,True,False,0.0,1102.201443957865,0.0,0.0,0.0,0.0,1102.201443957865
2025-09-15T16:30:00Z,2025-09-15T16:45:00Z,2025-09-15,2025-09-15_19,0.0,0,0,100,144.00000000000017,144.00000000000017,0.0,0.0,0.0,True,False,True,False,0.0,1102.201443957865,0.0,0.0,0.0,0.0,1102.201443957865
2025-09-15T16:45:00Z,2025-09-15T17:00:00Z,2025-09-15,2025-09-15_19,0.0,0,0,100,144.00000000000017,144.00000000000017,0.0,0.0,0.0,True,False,True,False,0.0,1102.201443957865,0.0,0.0,0.0,0.0,1102.201443957865
2025-09-15T17:00:00Z,2025-09-15T17:15:00Z,2025-09-15,2025-09-15_20,99.97472996004021,0,100,0,144.00000000000017,117.17533182971084,0.07451337398733594,0.0,0.315,True,True,True,False,6877.261673951167,0.0,0.0,97.28962007338147,0.0,-23.78239436619718,6950.768899658351
2025-09-15T17:15:00Z,2025-09-15T17:30:00Z,2025-09-15,2025-09-15_20,99.97472996004021,0,100,0,117.17533182971084,90.00828564491731,0.07546401717998204,0.0,0.0,True,True,True,False,6877.261673951167,0.0,0.0,97.28962007338147,0.0,0.0,6974.551294024548
2025-09-15T17:30:00Z,2025-09-15T17:45:00Z,2025-09-15,2025-09-15_20,99.97472996004021,0,100,0,90.00828564491731,66.79271651323498,0.06449238757088716,0.0,3.6355,True,True,True,False,6877.261673951167,0.0,0.0,97.28962007338147,0.0,-222.00689134808852,6752.54440267646
2025-09-15T17:45:00Z,2025-09-15T18:00:00Z,2025-09-15,2025-09-15_20,99.97472996004021,0,100,0,66.79271651323498,46.27052109565236,0.05701399445540453,0.0,6.1135,True,True,True,False,6877.261673951167,0.0,0.0,97.28962007338147,0.0,-346.6017072040084,6627.9495868205395
2025-09-15T18:00:00Z,2025-09-15T18:15:00Z,2025-09-15,2025-09-15_21,0.0,36,39,61,46.27052109565236,45.710732782608886,0.0022765542028985505,0.6345,0.14118,True,True,True,False,0.0,672.3428808142976,54.94378032903302,39.82394366197183,100.06773671440406,-9.557290578766718,857.6210509409398
2025-09-15T18:15:00Z,2025-09-15T18:30:00Z,2025-09-15,2025-09-15_21,0.0,36,39,61,45.710732782608886,43.354493652174106,0.006545108695652172,2.16774,0.0,True,True,True,False,0.0,672.3428808142976,54.94378032903302,39.82394366197183,455.8167884128299,0.0,1222.9273932181322
2025-09-15T18:30:00Z,2025-09-15T18:45:00Z,2025-09-15,2025-09-15_21,0.0,36,39,61,43.354493652174106,43.152173913043676,0.0033825659420289858,0.65322,0.5518500000000001,True,True,True,False,0.0,672.3428808142976,54.94378032903302,39.82394366197183,103.07652850041426,-33.87377526926264,836.313358036454
2025-09-15T18:45:00Z,2025-09-15T19:00:00Z,2025-09-15,2025-09-15_21,0.0,36,39,61,43.152173913043676,45.04843191304368,0.005267383333333334,0.0,2.06115,True,True,True,False,0.0,672.3428808142976,54.94378032903302,39.82394366197183,0.0,-123.59622100248552,643.514383802817
2025-09-15T19:00:00Z,2025-09-15T19:15:00Z,2025-09-15,2025-09-15_22,7.770551797248191,33,41,59,45.04843191304368,42.84466304122743,0.006642987163399879,0.19502999999999998,0.12586999999999998,True,True,True,False,344.7793832439022,650.2988519351403,47.40649781039176,42.35146171144513,30.76687312699727,-9.738847983982325,1105.8642198438943
2025-09-15T19:15:00Z,2025-09-15T19:30:00Z,2025-09-15,2025-09-15_22,7.770551797248191,33,41,59,42.84466304122743,42.1465128690334,0.008101928732727314,0.0021449999999999998,1.487685,True,True,True,False,344.7793832439022,650.2988519351403,47.40649781039176,42.35146171144513,0.3277605189963309,-85.56052244644336,999.6034327734324
2025-09-15T19:30:00Z,2025-09-15T19:45:00Z,2025-09-15,2025-09-15_22,7.770551797248191,33,41,59,42.1465128690334,42.065217391304486,0.009063414050645747,0.0,2.133435,True,True,True,False,344.7793832439022,650.2988519351403,47.40649781039176,42.35146171144513,0.0,-120.58701182092555,964.2491828799539
2025-09-15T19:45:00Z,2025-09-15T20:00:00Z,2025-09-15,2025-09-15_22,7.770551797248191,33,41,59,42.065217391304486,42.558257221672484,0.009968074191159566,0.0,2.7369550000000005,True,True,True,False,344.7793832439022,650.2988519351403,47.40649781039176,42.35146171144513,0.0,-89.2331338008443,995.6030609000351
2025-09-15T20:00:00Z,2025-09-15T20:15:00Z,2025-09-15,2025-09-15_23,43.463875849129955,56,100,0,42.558257221672484,34.52981562366433,0.0334031625427244,0.028559999999999995,3.842,True,True,True,False,1631.7425590659611,0.0,76.3545981772991,103.5625517812759,4.434135211267605,-61.04955734406439,1755.0442868917394
2025-09-15T20:15:00Z,2025-09-15T20:30:00Z,2025-09-15,2025-09-15_23,43.463875849129955,56,100,0,34.52981562366433,24.05681156316153,0.033407331573939894,0.133,1.4935,True,True,True,False,1631.7425590659611,0.0,76.3545981772991,103.5625517812759,20.93400165700083,-90.94900609539592,1741.644704586141
2025-09-15T20:30:00Z,2025-09-15T20:45:00Z,2025-09-15,2025-09-15_23,43.463875849129955,56,100,0,24.05681156316153,18.265887161974433,0.03361147142202109,0.0,6.065,True,True,True,False,1631.7425590659611,0.0,76.3545981772991,103.5625517812759,0.0,-358.9182151733933,1452.7414938511429
2025-09-15T20:45:00Z,2025-09-15T21:00:00Z,2025-09-15,2025-09-15_23,43.463875849129955,56,100,0,18.265887161974433,10.000000000000183,0.03328109022839768,0.0,3.5714999999999995,True,True,True,False,1631.7425590659611,0.0,76.3545981772991,103.5625517812759,0.0,-212.01721446325007,1599.642494561286
2025-09-15T21:00:00Z,2025-09-15T21:15:00Z,2025-09-16,2025-09-15_24,-5.350673678095165,100,94,0,10.000000000000183,11.587502482346803,0.006295856997232674,0.33,0.7745599999999999,True,True,True,False,-185.2001926830689,0.0,137.37359772475904,99.0274924948649,45.55547282351082,-52.96875493758886,43.78761542247699
2025-09-15T21:15:00Z,2025-09-15T21:30:00Z,2025-09-16,2025-09-15_24,-5.350673678095165,100,94,0,11.587502482346803,11.250172650343819,0.00737622420670732,1.4545,0.0,True,True,True,False,-185.2001926830689,0.0,137.37359772475904,99.0274924948649,222.18326325248853,0.0,273.38416078904356
2025-09-15T21:30:00Z,2025-09-15T21:45:00Z,2025-09-16,2025-09-15_24,-5.350673678095165,100,94,0,11.250172650343819,11.741457905317493,0.005374131892729783,0.7015,0.01833,True,True,True,False,-185.2001926830689,0.0,137.37359772475904,99.0274924948649,102.60033259598673,-1.41282044556802,152.38840968697374
2025-09-15T21:45:00Z,2025-09-15T22:00:00Z,2025-09-16,2025-09-15_24,-5.350673678095165,100,94,0,11.741457905317493,12.910182859725625,0.004721067276197195,0.258,0.23500000000000001,True,True,True,False,-185.2001926830689,0.0,137.37359772475904,99.0274924948649,37.78590180123242,-18.106770421867594,70.88002891591987
2025-09-15T22:00:00Z,2025-09-15T22:15:00Z,2025-09-16,2025-09-16_1,-72.22847957754969,100,27,0,12.910182859725625,20.172861303444947,0.036405185315203745,9.6785,0.003375,True,True,True,False,-1959.0169373420915,0.0,139.8028914520461,28.268091325643862,1820.285149115184,-0.2610305735503239,29.078163977232037
2025-09-15T22:15:00Z,2025-09-15T22:30:00Z,2025-09-16,2025-09-16_1,-72.22847957754969,100,27,0,20.172861303444947,27.51167678905584,0.036479161115467715,9.5965,0.0,True,True,True,False,-1959.0169373420915,0.0,139.8028914520461,28.268091325643862,1769.4769371148682,0.0,-21.46901744953337
2025-09-15T22:30:00Z,2025-09-15T22:45:00Z,2025-09-16,2025-09-16_1,-72.22847957754969,100,27,0,27.51167678905584,32.299768255486114,0.033820321941116824,12.236,0.0,True,True,True,False,-1959.0169373420915,0.0,139.8028914520461,28.268091325643862,2362.7065436877865,0.0,571.760589123385
2025-09-15T22:45:00Z,2025-09-15T23:00:00Z,2025-09-16,2025-09-16_1,-72.22847957754969,100,27,0,32.299768255486114,48.50097493929819,0.04573034188155117,0.43350000000000005,0.008235,True,True,True,False,-1959.0169373420915,0.0,139.8028914520461,28.268091325643862,60.24264704139676,-0.6505767103807868,-1731.3538842333855
2025-09-15T23:00:00Z,2025-09-15T23:15:00Z,2025-09-16,2025-09-16_2,0.0,83,83,17,48.50097493929819,31.32268146103732,0.04771748188405797,15.80403,0.0,True,True,True,False,0.0,187.60368936640856,115.64297282351082,86.89820666772002,3708.447227583346,0.0,4098.592096440985
2025-09-15T23:15:00Z,2025-09-15T23:30:00Z,2025-09-16,2025-09-16_2,0.0,83,83,17,31.32268146103732,21.58281189581993,0.027055193236714976,8.96068,0.0,True,True,True,False,0.0,187.60368936640856,115.64297282351082,86.89820666772002,1702.146930510349,0.0,2092.2917993679885
2025-09-15T23:30:00Z,2025-09-15T23:45:00Z,2025-09-16,2025-09-16_2,0.0,83,83,17,21.58281189581993,19.814551026254712,0.00491183574879227,1.6268,0.0,True,True,True,False,0.0,187.60368936640856,115.64297282351082,86.89820666772002,250.03567712118817,0.0,640.1805459788276
2025-09-15T23:45:00Z,2025-09-16T00:00:00Z,2025-09-16,2025-09-16_2,0.0,83,83,17,19.814551026254712,19.379635356689494,0.0012377946376811594,0.40503999999999996,0.005810000000000001,True,True,True,False,0.0,187.60368936640856,115.64297282351082,86.89820666772002,56.44113044714804,-0.45899826196871546,446.12700104281873
2025-09-16T00:00:00Z,2025-09-16T00:15:00Z,2025-09-16,2025-09-16_3,-100.0,100,0,0,19.379635356689494,27.150415356689493,0.0215855,16.5535,0.0,True,True,True,False,-2210.25,0.0,139.26963185337334,0.0,8327.153955897455,0.0,6256.173587750828
2025-09-16T00:15:00Z,2025-09-16T00:30:00Z,2025-09-16,2025-09-16_3,-100.0,100,0,0,27.150415356689493,49.147155356689495,0.06110205555555556,1.0905,0.0,True,True,True,False,-2210.25,0.0,139.26963185337334,0.0,163.4102361155001,0.0,-1907.5701320311266
2025-09-16T00:30:00Z,2025-09-16T00:45:00Z,2025-09-16,2025-09-16_3,-100.0,100,0,0,49.147155356689495,71.56709535668949,0.062277611111111124,0.6305,0.0,True,True,True,False,-2210.25,0.0,139.26963185337334,0.0,93.06898265918785,0.0,-1977.9113854874388
2025-09-16T00:45:00Z,2025-09-16T01:00:00Z,2025-09-16,2025-09-16_3,-100.0,100,0,0,71.56709535668949,94.47509535668948,0.06363333333333333,0.1,0.0,True,True,True,False,-2210.25,0.0,139.26963185337334,0.0,13.787723179017224,0.0,-2057.1926449676093
2025-09-16T01:00:00Z,2025-09-16T01:15:00Z,2025-09-16,2025-09-16_4,0.0,0,0,100,94.47509535668948,94.47509535668948,0.0,0.0,0.0,True,True,True,False,0.0,1103.5511139200505,0.0,0.0,0.0,0.0,1103.5511139200505
2025-09-16T01:15:00Z,2025-09-16T01:30:00Z,2025-09-16,2025-09-16_4,0.0,0,0,100,94.47509535668948,94.47509535668948,0.0,0.0,0.0,True,True,True,False,0.0,1103.5511139200505,0.0,0.0,0.0,0.0,1103.5511139200505
2025-09-16T01:30:00Z,2025-09-16T01:45:00Z,2025-09-16,2025-09-16_4,0.0,0,0,100,94.47509535668948,94.47509535668948,0.0,0.0,0.0,True,True,True,False,0.0,1103.5511139200505,0.0,0.0,0.0,0.0,1103.5511139200505
2025-09-16T01:45:00Z,2025-09-16T02:00:00Z,2025-09-16,2025-09-16_4,0.0,0,0,100,94.47509535668948,94.47509535668948,0.0,0.0,0.0,True,True,True,False,0.0,1103.5511139200505,0.0,0.0,0.0,0.0,1103.5511139200505
2025-09-16T02:00:00Z,2025-09-16T02:15:00Z,2025-09-16,2025-09-16_5,0.0,0,0,100,94.47509535668948,94.47509535668948,0.0,0.0,0.0,True,True,True,False,0.0,1103.5511139200505,0.0,0.0,0.0,0.0,1103.5511139200505
2025-09-16T02:15:00Z,2025-09-16T02:30:00Z,2025-09-16,2025-09-16_5,0.0,0,0,100,94.47509535668948,94.47509535668948,0.0,0.0,0.0,True,True,True,False,0.0,1103.5511139200505,0.0,0.0,0.0,0.0,1103.5511139200505
2025-09-16T02:30:00Z,2025-09-16T02:45:00Z,2025-09-16,2025-09-16_5,0.0,0,0,100,94.47509535668948,94.47509535668948,0.0,0.0,0.0,True,True,True,False,0.0,1103.5511139200505,0.0,0.0,0.0,0.0,1103.5511139200505
2025-09-16T02:45:00Z,2025-09-16T03:00:00Z,2025-09-16,2025-09-16_5,0.0,0,0,100,94.47509535668948,94.47509535668948,0.0,0.0,0.0,True,True,True,False,0.0,1103.5511139200505,0.0,0.0,0.0,0.0,1103.5511139200505
2025-09-16T03:00:00Z,2025-09-16T03:15:00Z,2025-09-16,2025-09-16_6,0.0,0,0,100,94.47509535668948,94.47509535668948,0.0,0.0,0.0,True,True,True,False,0.0,1103.5511139200505,0.0,0.0,0.0,0.0,1103.5511139200505
2025-09-16T03:15:00Z,2025-09-16T03:30:00Z,2025-09-16,2025-09-16_6,0.0,0,0,100,94.47509535668948,94.47509535668948,0.0,0.0,0.0,True,True,True,False,0.0,1103.5511139200505,0.0,0.0,0.0,0.0,1103.5511139200505
2025-09-16T03:30:00Z,2025-09-16T03:45:00Z,2025-09-16,2025-09-16_6,0.0,0,0,100,94.47509535668948,94.47509535668948,0.0,0.0,0.0,True,True,True,False,0.0,1103.5511139200505,0.0,0.0,0.0,0.0,1103.5511139200505
2025-09-16T03:45:00Z,2025-09-16T04:00:00Z,2025-09-16,2025-09-16_6,0.0,0,0,100,94.47509535668948,94.47509535668948,0.0,0.0,0.0,True,True,True,False,0.0,1103.5511139200505,0.0,0.0,0.0,0.0,1103.5511139200505
2025-09-16T04:00:00Z,2025-09-16T04:15:00Z,2025-09-16,2025-09-16_7,0.0,0,0,100,94.47509535668948,94.47509535668948,0.0,0.0,0.0,True,True,True,False,0.0,1103.5511139200505,0.0,0.0,0.0,0.0,1103.5511139200505
2025-09-16T04:15:00Z,2025-09-16T04:30:00Z,2025-09-16,2025-09-16_7,0.0,0,0,100,94.47509535668948,94.47509535668948,0.0,0.0,0.0,True,True,True,False,0.0,1103.5511139200505,0.0,0.0,0.0,0.0,1103.5511139200505
2025-09-16T04:30:00Z,2025-09-16T04:45:00Z,2025-09-16,2025-09-16_7,0.0,0,0,100,94.47509535668948,94.47509535668948,0.0,0.0,0.0,True,True,True,False,0.0,1103.5511139200505,0.0,0.0,0.0,0.0,1103.5511139200505
2025-09-16T04:45:00Z,2025-09-16T05:00:00Z,2025-09-16,2025-09-16_7,0.0,0,0,100,94.47509535668948,94.47509535668948,0.0,0.0,0.0,True,True,True,False,0.0,1103.5511139200505,0.0,0.0,0.0,0.0,1103.5511139200505
2025-09-16T05:00:00Z,2025-09-16T05:15:00Z,2025-09-16,2025-09-16_8,100.0,0,100,0,94.47509535668948,67.34139970451557,0.07537137681159421,0.0,0.037,True,True,True,False,3307.5000000000005,0.0,0.0,101.97108547953863,0.0,-2.8618292779270025,3406.609256201612
2025-09-16T05:15:00Z,2025-09-16T05:30:00Z,2025-09-16,2025-09-16_8,100.0,0,100,0,67.34139970451557,41.955530139298176,0.07051630434782609,0.0,1.645,True,True,True,False,3307.5000000000005,0.0,0.0,101.97108547953863,0.0,-114.9017814820667,3294.569303997472
2025-09-16T05:30:00Z,2025-09-16T05:45:00Z,2025-09-16,2025-09-16_8,100.0,0,100,0,41.955530139298176,21.129986661037307,0.057848731884057966,0.0,5.8405,True,True,True,False,3307.5000000000005,0.0,0.0,101.97108547953863,0.0,-344.79851773581925,3064.67256774372
2025-09-16T05:45:00Z,2025-09-16T06:00:00Z,2025-09-16,2025-09-16_8,100.0,0,100,0,21.129986661037307,10.738682313211218,0.028864734299516914,0.0,15.439999999999998,True,True,True,False,3307.5000000000005,0.0,0.0,101.97108547953863,0.0,2329.0242218359926,5738.495307315532
2025-09-16T06:00:00Z,2025-09-16T06:15:00Z,2025-09-16,2025-09-16_9,50.821588130345226,49,100,0,10.738682313211218,10.568301447860978,0.034592388053817244,0.0,13.574,True,True,True,False,1052.1339282684721,0.0,77.79398404171275,107.3925580660452,0.0,156.5814196555538,1393.9018900317838
2025-09-16T06:15:00Z,2025-09-16T06:30:00Z,2025-09-16,2025-09-16_9,50.821588130345226,49,100,0,10.568301447860978,10.000000000000078,0.034702351948993945,0.0,13.178,True,True,True,False,1052.1339282684721,0.0,77.79398404171275,107.3925580660452,0.0,-468.5774273186918,768.7430430575383
2025-09-16T06:30:00Z,2025-09-16T06:45:00Z,2025-09-16,2025-09-16_9,50.821588130345226,49,100,0,10.000000000000078,12.59597106306363,0.033827916833056,0.0,16.327,True,True,True,False,1052.1339282684721,0.0,77.79398404171275,107.3925580660452,0.0,4421.372366685101,5658.692837061331
2025-09-16T06:45:00Z,2025-09-16T07:00:00Z,2025-09-16,2025-09-16_9,50.821588130345226,49,100,0,12.59597106306363,12.1015260869566,0.0346819419836013,0.0,13.2515,True,True,True,False,1052.1339282684721,0.0,77.79398404171275,107.3925580660452,0.0,5173.136231434666,6410.456701810896
2025-09-16T07:00:00Z,2025-09-16T07:15:00Z,2025-09-16,2025-09-16_10,0.0,100,100,0,12.1015260869566,20.9533060869566,0.02458827777777778,0.0,9.6215,True,True,True,False,0.0,0.0,127.36016748301469,111.30312845631221,0.0,6809.107729894137,7047.771025833465
2025-09-16T07:15:00Z,2025-09-16T07:30:00Z,2025-09-16,2025-09-16_10,0.0,100,100,0,20.9533060869566,31.8884260869566,0.03037533333333333,0.0,11.886,True,True,True,False,0.0,0.0,127.36016748301469,111.30312845631221,0.0,6950.666684310318,7189.329980249645
2025-09-16T07:30:00Z,2025-09-16T07:45:00Z,2025-09-16,2025-09-16_10,0.0,100,100,0,31.8884260869566,41.5751060869566,0.026907444444444446,0.0,10.529,True,True,True,False,0.0,0.0,127.36016748301469,111.30312845631221,0.0,4776.207019473851,5014.870315413178
2025-09-16T07:45:00Z,2025-09-16T08:00:00Z,2025-09-16,2025-09-16_10,0.0,100,100,0,41.5751060869566,51.8478260869566,0.028535333333333336,0.0,11.166,True,True,True,False,0.0,0.0,127.36016748301469,111.30312845631221,0.0,7705.239087928584,7943.902383867911
2025-09-16T08:00:00Z,2025-09-16T08:15:00Z,2025-09-16,2025-09-16_11,-23.0,23,0,77,51.8478260869566,56.1641486869566,0.011989785,1.058345,0.0,True,True,True,False,-48.4725,849.7343577184388,18.744963659345867,0.0,148.57130386316956,0.0,968.5781252409543
2025-09-16T08:15:00Z,2025-09-16T08:30:00Z,2025-09-16,2025-09-16_11,-23.0,23,0,77,56.1641486869566,61.43637428695661,0.014645071111111112,0.01932,0.0,True,True,True,False,-48.4725,849.7343577184388,18.744963659345867,0.0,1.9918312529625533,0.0,821.9986526307472
2025-09-16T08:30:00Z,2025-09-16T08:45:00Z,2025-09-16,2025-09-16_11,-23.0,23,0,77,61.43637428695661,66.6393008869566,0.014452573888888888,0.09464499999999999,0.0,True,True,True,False,-48.4725,849.7343577184388,18.744963659345867,0.0,9.918508879759834,0.0,829.9253302575445
2025-09-16T08:45:00Z,2025-09-16T09:00:00Z,2025-09-16,2025-09-16_11,-23.0,23,0,77,66.6393008869566,71.87206308695662,0.014535450555555555,0.062215000000000006,0.0,True,True,True,False,-48.4725,849.7343577184388,18.744963659345867,0.0,6.414170880075842,0.0,826.4209922578605
2025-09-16T09:00:00Z,2025-09-16T09:15:00Z,2025-09-16,2025-09-16_12,-8.987524167003418,9,0,91,71.87206308695662,73.89347654763971,0.005615453251886265,0.04968,0.0,True,True,True,False,-18.9412071819597,1004.231513667246,6.503100805814504,0.0,5.356995812924633,0.0,997.1504031040254
2025-09-16T09:15:00Z,2025-09-16T09:30:00Z,2025-09-16,2025-09-16_12,-8.987524167003418,9,0,91,73.89347654763971,75.94329755274418,0.005694104691056874,0.01881,0.0,True,True,True,False,-18.9412071819597,1004.231513667246,6.503100805814504,0.0,2.0044954218675937,0.0,993.7979027129684
2025-09-16T09:30:00Z,2025-09-16T09:45:00Z,2025-09-16,2025-09-16_12,-8.987524167003418,9,0,91,75.94329755274418,78.01042811115497,0.0057420293289188505,0.0,0.0,True,True,True,False,-18.9412071819597,1004.231513667246,6.503100805814504,0.0,0.0,0.0,991.7934072911007
2025-09-16T09:45:00Z,2025-09-16T10:00:00Z,2025-09-16,2025-09-16_12,-8.987524167003418,9,0,91,78.01042811115497,80.07755866956575,0.005742029328918851,0.0,0.0,True,True,True,False,-18.9412071819597,1004.231513667246,6.503100805814504,0.0,0.0,0.0,991.7934072911007
2025-09-16T10:00:00Z,2025-09-16T10:15:00Z,2025-09-16,2025-09-16_13,-9.0,9,0,91,80.07755866956575,82.14623386956575,0.005746320000000001,0.00144,0.0,True,True,True,False,-11.52,1004.231513667246,6.503100805814504,0.0,0.14748197187549378,0.0,999.362096444936
2025-09-16T10:15:00Z,2025-09-16T10:30:00Z,2025-09-16,2025-09-16_13,-9.0,9,0,91,82.14623386956575,84.21350146956574,0.005742410000000001,0.00297,0.0,True,True,True,False,-11.52,1004.231513667246,6.503100805814504,0.0,0.30482915744983413,0.0,999.5194436305103
2025-09-16T10:30:00Z,2025-09-16T10:45:00Z,2025-09-16,2025-09-16_13,-9.0,9,0,91,84.21350146956574,86.26851466956573,0.00570837,0.01629,0.0,True,True,True,False,-11.52,1004.231513667246,6.503100805814504,0.0,1.6594134480170644,0.0,1000.8740279210775
2025-09-16T10:45:00Z,2025-09-16T11:00:00Z,2025-09-16,2025-09-16_13,-9.0,9,0,91,86.26851466956573,88.33851466956574,0.005750000000000001,0.0,0.0,True,True,True,False,-11.52,1004.231513667246,6.503100805814504,0.0,0.0,0.0,999.2146144730605
2025-09-16T11:00:00Z,2025-09-16T11:15:00Z,2025-09-16,2025-09-16_14,-76.0,76,0,24,88.33851466956574,105.47835386956574,0.047610664444444444,0.36973999999999996,0.0,True,True,True,False,-160.35999999999999,264.8522673408121,54.91507347132248,0.0,38.7422264891768,0.0,198.14956730131138
2025-09-16T11:15:00Z,2025-09-16T11:30:00Z,2025-09-16,2025-09-16_14,-76.0,76,0,24,105.47835386956574,117.99543226956574,0.034769662222222227,5.39448,0.0,True,True,True,False,-160.35999999999999,264.8522673408121,54.91507347132248,0.0,752.8214613683045,0.0,912.2288021804392
2025-09-16T11:30:00Z,2025-09-16T11:45:00Z,2025-09-16,2025-09-16_14,-76.0,76,0,24,117.99543226956574,130.75862906956573,0.03545332444444444,5.12696,0.0,True,True,True,False,-160.35999999999999,264.8522673408121,54.91507347132248,0.0,693.9987204297678,0.0,853.4060612419024
2025-09-16T11:45:00Z,2025-09-16T12:00:00Z,2025-09-16,2025-09-16_14,-76.0,76,0,24,130.75862906956573,147.9669898695657,0.04780100222222222,0.29526,0.0,True,True,True,False,-160.35999999999999,264.8522673408121,54.91507347132248,0.0,28.041069394849107,0.0,187.44841020698368
2025-09-16T12:00:00Z,2025-09-16T12:15:00Z,2025-09-16,2025-09-16_15,0.0,9,9,91,147.9669898695657,148.04724686087005,0.0002460339130434783,0.0038250000000000003,0.091755,True,True,True,False,0.0,1004.231513667246,6.503100805814504,19.92791120240164,0.35883927160688894,-3.838860883433402,1027.1825040636356
2025-09-16T12:15:00Z,2025-09-16T12:30:00Z,2025-09-16,2025-09-16_15,0.0,9,9,91,148.04724686087005,148.0452509739135,4.4184130434782606e-05,0.008235,0.007560000000000001,True,True,True,False,0.0,1004.231513667246,6.503100805814504,19.92791120240164,0.7725598435771843,-0.5834751619529152,1030.8516103570864
2025-09-16T12:30:00Z,2025-09-16T12:45:00Z,2025-09-16,2025-09-16_15,0.0,9,9,91,148.0452509739135,148.04490420000047,6.099326086956522e-05,0.01026,0.011745,True,True,True,False,0.0,1004.231513667246,6.503100805814504,19.92791120240164,0.9625335756043608,-0.9065422509480171,1030.7185170001185
2025-09-16T12:45:00Z,2025-09-16T13:00:00Z,2025-09-16,2025-09-16_15,0.0,9,9,91,148.04490420000047,148.13955978260915,0.00026537782608695656,0.000405,0.103365,True,True,True,False,0.0,1004.231513667246,6.503100805814504,19.92791120240164,0.03799474640543529,-7.118531478116606,1023.581988943751
2025-09-16T13:00:00Z,2025-09-16T13:15:00Z,2025-09-16,2025-09-16_16,-0.9432277497095516,10,9,90,148.13955978260915,148.37236929278092,0.0006669286256739961,0.0037,0.021555,True,True,True,False,-16.506485619917154,993.1960025280455,10.96144730605151,18.576098119766154,0.34711249802496447,-1.6625260131932376,1004.9116488187777
2025-09-16T13:15:00Z,2025-09-16T13:30:00Z,2025-09-16,2025-09-16_16,-0.9432277497095516,10,9,90,148.37236929278092,148.56714224034025,0.0010646989744796378,0.09575,0.08739,True,True,True,False,-16.506485619917154,993.1960025280455,10.96144730605151,18.576098119766154,9.448712573076316,-4.753134367593616,1010.9226405394287
2025-09-16T13:30:00Z,2025-09-16T13:45:00Z,2025-09-16,2025-09-16_16,-0.9432277497095516,10,9,90,148.56714224034025,148.6000000000005,0.0010338649708784662,0.17235,0.0005849999999999999,True,True,True,False,-16.506485619917154,993.1960025280455,10.96144730605151,18.576098119766154,18.32120803049455,-0.04559365124822246,1024.5026767131924
2025-09-16T13:45:00Z,2025-09-16T14:00:00Z,2025-09-16,2025-09-16_16,-0.9432277497095516,10,9,90,148.6000000000005,147.85869262257566,0.0028331652659076274,0.89455,0.0,True,True,True,False,-16.506485619917154,993.1960025280455,10.96144730605151,18.576098119766154,132.80972122373203,0.0,1139.036783557678
2025-09-16T14:00:00Z,2025-09-16T14:15:00Z,2025-09-16,2025-09-16_17,-83.7345600358443,99,15,1,147.85869262257566,164.64172649212028,0.049098789781560945,2.6626049999999997,0.045899999999999996,True,True,True,False,-2428.720913839664,11.035511139200505,146.55840180123243,16.157765839785114,377.9240493551509,-3.432709353768368,-1880.4778950580633
2025-09-16T14:15:00Z,2025-09-16T14:30:00Z,2025-09-16,2025-09-16_17,-83.7345600358443,99,15,1,164.64172649212028,174.69791384117946,0.0369944823348073,9.73071,0.0,True,True,True,False,-2428.720913839664,11.035511139200505,146.55840180123243,16.157765839785114,1772.1723107481434,0.0,-482.7969243113023
2025-09-16T14:30:00Z,2025-09-16T14:45:00Z,2025-09-16,2025-09-16_17,-83.7345600358443,99,15,1,174.69791384117946,186.13893814202768,0.03947787086592506,8.266499999999999,7.500000000000001e-05,True,True,True,False,-2428.720913839664,11.035511139200505,146.55840180123243,16.157765839785114,1560.0537102030335,-0.005925106651919735,-694.9214499630642
2025-09-16T14:45:00Z,2025-09-16T15:00:00Z,2025-09-16,2025-09-16_17,-83.7345600358443,99,15,1,186.13893814202768,189.5400000000006,0.02506036244804702,16.76763,0.0,True,True,True,False,-2428.720913839664,11.035511139200505,146.55840180123243,16.157765839785114,3437.4171366645596,0.0,1182.4479016051139
2025-09-16T15:00:00Z,2025-09-16T15:15:00Z,2025-09-16,2025-09-16_18,0.0,100,100,0,189.5400000000006,185.8166304347832,0.010342693236714976,3.4255,0.0,True,True,True,False,0.0,0.0,137.78835519039342,100.46018328329909,530.9396455798704,0.0,769.188184053563
2025-09-16T15:15:00Z,2025-09-16T15:30:00Z,2025-09-16,2025-09-16_18,0.0,100,100,0,185.8166304347832,175.17260869565277,0.029566727053140097,9.7925,0.0,True,True,True,False,0.0,0.0,137.78835519039342,100.46018328329909,2031.845113268289,0.0,2270.0936517419814
2025-09-16T15:30:00Z,2025-09-16T15:45:00Z,2025-09-16,2025-09-16_18,0.0,100,100,0,175.17260869565277,160.95358695652234,0.03949728260869566,13.081500000000002,0.0,True,True,True,False,0.0,0.0,137.78835519039342,100.46018328329909,2910.4890660056885,0.0,3148.737604479381
2025-09-16T15:45:00Z,2025-09-16T16:00:00Z,2025-09-16,2025-09-16_18,0.0,100,100,0,160.95358695652234,135.59054347826148,0.07045289855072463,23.334,0.0,True,True,True,False,0.0,0.0,137.78835519039342,100.46018328329909,17597.68966779902,0.0,17835.938206272713
2025-09-16T16:00:00Z,2025-09-16T16:15:00Z,2025-09-16,2025-09-16_19,18.000000000000007,0,0,82,135.59054347826148,130.6992391304354,0.013586956521739135,0.0,0.0,True,False,True,False,996.1650000000004,904.9119134144413,0.0,0.0,0.0,0.0,1901.0769134144416
2025-09-16T16:15:00Z,2025-09-16T16:30:00Z,2025-09-16,2025-09-16_19,18.000000000000007,0,0,82,130.6992391304354,125.8079347826093,0.013586956521739135,0.0,0.0,True,False,True,False,996.1650000000004,904.9119134144413,0.0,0.0,0.0,0.0,1901.0769134144416
2025-09-16T16:30:00Z,2025-09-16T16:45:00Z,2025-09-16,2025-09-16_19,18.000000000000007,0,0,82,125.8079347826093,120.9166304347832,0.013586956521739135,0.0,0.0,True,False,True,False,996.1650000000004,904.9119134144413,0.0,0.0,0.0,0.0,1901.0769134144416
2025-09-16T16:45:00Z,2025-09-16T17:00:00Z,2025-09-16,2025-09-16_19,18.000000000000007,0,0,82,120.9166304347832,116.02532608695711,0.013586956521739135,0.0,0.0,True,False,True,False,996.1650000000004,904.9119134144413,0.0,0.0,0.0,0.0,1901.0769134144416
2025-09-16T17:00:00Z,2025-09-16T17:15:00Z,2025-09-16,2025-09-16_20,0.0,100,100,0,116.02532608695711,91.53510869565277,0.06802838164251207,22.531,0.0,True,True,True,False,0.0,0.0,161.1036498656976,94.50545109811975,19560.41189267657,0.0,19816.020993640388
2025-09-16T17:15:00Z,2025-09-16T17:30:00Z,2025-09-16,2025-09-16_20,0.0,100,100,0,91.53510869565277,73.15141304347885,0.051065821256038646,16.913,0.0,True,True,True,False,0.0,0.0,161.1036498656976,94.50545109811975,6999.487405988308,0.0,7255.096506952125
2025-09-16T17:30:00Z,2025-09-16T17:45:00Z,2025-09-16,2025-09-16_20,0.0,100,100,0,73.15141304347885,67.28766086956581,0.01632653381642512,5.401,0.0075,True,True,True,False,0.0,0.0,161.1036498656976,94.50545109811975,1738.3471369884655,-0.5925106651919734,1993.363727287091
2025-09-16T17:45:00Z,2025-09-16T18:00:00Z,2025-09-16,2025-09-16_20,0.0,100,100,0,67.28766086956581,64.39305478260928,0.008058461352657004,2.666,0.0035000000000000005,True,True,True,False,0.0,0.0,161.1036498656976,94.50545109811975,424.999322167799,-0.27650497708958766,680.3319181545268
2025-09-16T18:00:00Z,2025-09-16T18:15:00Z,2025-09-16,2025-09-16_21,0.0,0,0,100,64.39305478260928,64.39305478260928,0.0,0.0,0.0,True,True,True,False,0.0,1103.5511139200505,0.0,0.0,0.0,0.0,1103.5511139200505
2025-09-16T18:15:00Z,2025-09-16T18:30:00Z,2025-09-16,2025-09-16_21,0.0,0,0,100,64.39305478260928,64.39305478260928,0.0,0.0,0.0,True,True,True,False,0.0,1103.5511139200505,0.0,0.0,0.0,0.0,1103.5511139200505
2025-09-16T18:30:00Z,2025-09-16T18:45:00Z,2025-09-16,2025-09-16_21,0.0,0,0,100,64.39305478260928,64.39305478260928,0.0,0.0,0.0,True,True,True,False,0.0,1103.5511139200505,0.0,0.0,0.0,0.0,1103.5511139200505
2025-09-16T18:45:00Z,2025-09-16T19:00:00Z,2025-09-16,2025-09-16_21,0.0,0,0,100,64.39305478260928,64.39305478260928,0.0,0.0,0.0,True,True,True,False,0.0,1103.5511139200505,0.0,0.0,0.0,0.0,1103.5511139200505
2025-09-16T19:00:00Z,2025-09-16T19:15:00Z,2025-09-16,2025-09-16_22,0.0,0,0,100,64.39305478260928,64.39305478260928,0.0,0.0,0.0,True,True,True,False,0.0,1103.5511139200505,0.0,0.0,0.0,0.0,1103.5511139200505
2025-09-16T19:15:00Z,2025-09-16T19:30:00Z,2025-09-16,2025-09-16_22,0.0,0,0,100,64.39305478260928,64.39305478260928,0.0,0.0,0.0,True,True,True,False,0.0,1103.5511139200505,0.0,0.0,0.0,0.0,1103.5511139200505
2025-09-16T19:30:00Z,2025-09-16T19:45:00Z,2025-09-16,2025-09-16_22,0.0,0,0,100,64.39305478260928,64.39305478260928,0.0,0.0,0.0,True,True,True,False,0.0,1103.5511139200505,0.0,0.0,0.0,0.0,1103.5511139200505
2025-09-16T19:45:00Z,2025-09-16T20:00:00Z,2025-09-16,2025-09-16_22,0.0,0,0,100,64.39305478260928,64.39305478260928,0.0,0.0,0.0,True,True,True,False,0.0,1103.5511139200505,0.0,0.0,0.0,0.0,1103.5511139200505
2025-09-16T20:00:00Z,2025-09-16T20:15:00Z,2025-09-16,2025-09-16_23,87.51493144301325,12,100,0,64.39305478260928,50.65353126212311,0.044175849327972555,0.0,9.419,True,True,True,False,2826.951072937936,0.0,17.13540843735187,103.0079791436246,0.0,-275.3241860878496,2671.7702744310627
2025-09-16T20:15:00Z,2025-09-16T20:30:00Z,2025-09-16,2025-09-16_23,87.51493144301325,12,100,0,50.65353126212311,39.023843163119885,0.03957804619164963,0.0,11.398,True,True,True,False,2826.951072937936,0.0,17.13540843735187,103.0079791436246,0.0,-567.3179360878495,2379.7765244310626
2025-09-16T20:30:00Z,2025-09-16T20:45:00Z,2025-09-16,2025-09-16_23,87.51493144301325,12,100,0,39.023843163119885,21.940459713638635,0.051462867790366115,0.0,6.282499999999999,True,True,True,False,2826.951072937936,0.0,17.13540843735187,103.0079791436246,0.0,-374.4497555893505,2572.6447049295616
2025-09-16T20:45:00Z,2025-09-16T21:00:00Z,2025-09-16,2025-09-16_23,87.51493144301325,12,100,0,21.940459713638635,10.00000000000061,0.0402552870275456,0.0,11.1065,True,True,True,False,2826.951072937936,0.0,17.13540843735187,103.0079791436246,0.0,-537.223633670406,2409.870826848506
2025-09-16T21:00:00Z,2025-09-16T21:15:00Z,2025-09-17,2025-09-16_24,-51.167893835952455,100,48,0,10.00000000000061,22.267058874658062,0.03440837779171379,0.11299999999999999,0.6648,True,True,True,False,-1299.5365836986025,0.0,139.44187699964453,47.02452897262709,17.79436445866414,-33.97577817276929,-1129.251591440436
2025-09-16T21:15:00Z,2025-09-16T21:30:00Z,2025-09-17,2025-09-16_24,-51.167893835952455,100,48,0,22.267058874658062,34.79357412241849,0.03481504287965255,0.0065,0.8308800000000001,True,True,True,False,-1299.5365836986025,0.0,139.44187699964453,47.02452897262709,1.0148313386262195,-58.638624955563465,-1170.6939713432682
2025-09-16T21:30:00Z,2025-09-16T21:45:00Z,2025-09-17,2025-09-16_24,-51.167893835952455,100,48,0,34.79357412241849,49.13296410468755,0.039831638839636294,0.0,2.79432,True,True,True,False,-1299.5365836986025,0.0,139.44187699964453,47.02452897262709,0.0,-163.5665592605759,-1276.6367369869067
2025-09-16T21:45:00Z,2025-09-16T22:00:00Z,2025-09-17,2025-09-16_24,-51.167893835952455,100,48,0,49.13296410468755,64.34782608695662,0.04226350550630296,0.0,3.74592,True,True,True,False,-1299.5365836986025,0.0,139.44187699964453,47.02452897262709,0.0,-197.53191837895483,-1310.6020961052857
2025-09-16T22:00:00Z,2025-09-16T22:15:00Z,2025-09-17,2025-09-17_1,0.0,0,0,100,64.34782608695662,64.34782608695662,0.0,0.0,0.0,True,True,True,False,0.0,1103.5075245882213,0.0,0.0,0.0,0.0,1103.5075245882213
2025-09-16T22:15:00Z,2025-09-16T22:30:00Z,2025-09-17,2025-09-17_1,0.0,0,0,100,64.34782608695662,64.34782608695662,0.0,0.0,0.0,True,True,True,False,0.0,1103.5075245882213,0.0,0.0,0.0,0.0,1103.5075245882213
2025-09-16T22:30:00Z,2025-09-16T22:45:00Z,2025-09-17,2025-09-17_1,0.0,0,0,100,64.34782608695662,64.34782608695662,0.0,0.0,0.0,True,True,True,False,0.0,1103.5075245882213,0.0,0.0,0.0,0.0,1103.5075245882213
2025-09-16T22:45:00Z,2025-09-16T23:00:00Z,2025-09-17,2025-09-17_1,0.0,0,0,100,64.34782608695662,64.34782608695662,0.0,0.0,0.0,True,True,True,False,0.0,1103.5075245882213,0.0,0.0,0.0,0.0,1103.5075245882213
2025-09-16T23:00:00Z,2025-09-16T23:15:00Z,2025-09-17,2025-09-17_2,0.0,0,0,100,64.34782608695662,64.34782608695662,0.0,0.0,0.0,True,True,True,False,0.0,1103.5075245882213,0.0,0.0,0.0,0.0,1103.5075245882213
2025-09-16T23:15:00Z,2025-09-16T23:30:00Z,2025-09-17,2025-09-17_2,0.0,0,0,100,64.34782608695662,64.34782608695662,0.0,0.0,0.0,True,True,True,False,0.0,1103.5075245882213,0.0,0.0,0.0,0.0,1103.5075245882213
2025-09-16T23:30:00Z,2025-09-16T23:45:00Z,2025-09-17,2025-09-17_2,0.0,0,0,100,64.34782608695662,64.34782608695662,0.0,0.0,0.0,True,True,True,False,0.0,1103.5075245882213,0.0,0.0,0.0,0.0,1103.5075245882213
2025-09-16T23:45:00Z,2025-09-17T00:00:00Z,2025-09-17,2025-09-17_2,0.0,0,0,100,64.34782608695662,64.34782608695662,0.0,0.0,0.0,True,True,True,False,0.0,1103.5075245882213,0.0,0.0,0.0,0.0,1103.5075245882213
2025-09-17T00:00:00Z,2025-09-17T00:15:00Z,2025-09-17,2025-09-17_3,0.0,0,0,100,64.34782608695662,64.34782608695662,0.0,0.0,0.0,True,True,True,False,0.0,1103.5075245882213,0.0,0.0,0.0,0.0,1103.5075245882213
2025-09-17T00:15:00Z,2025-09-17T00:30:00Z,2025-09-17,2025-09-17_3,0.0,0,0,100,64.34782608695662,64.34782608695662,0.0,0.0,0.0,True,True,True,False,0.0,1103.5075245882213,0.0,0.0,0.0,0.0,1103.5075245882213
2025-09-17T00:30:00Z,2025-09-17T00:45:00Z,2025-09-17,2025-09-17_3,0.0,0,0,100,64.34782608695662,64.34782608695662,0.0,0.0,0.0,True,True,True,False,0.0,1103.5075245882213,0.0,0.0,0.0,0.0,1103.5075245882213
2025-09-17T00:45:00Z,2025-09-17T01:00:00Z,2025-09-17,2025-09-17_3,0.0,0,0,100,64.34782608695662,64.34782608695662,0.0,0.0,0.0,True,True,True,False,0.0,1103.5075245882213,0.0,0.0,0.0,0.0,1103.5075245882213
2025-09-17T01:00:00Z,2025-09-17T01:15:00Z,2025-09-17,2025-09-17_4,-86.00000000000016,86,0,14,64.34782608695662,84.05305768695666,0.05473675444444454,0.08127,0.0,True,True,True,False,-1016.0900000000019,154.491053442351,119.7416755539756,0.0,10.41676146462851,0.0,-731.4405095390467
2025-09-17T01:15:00Z,2025-09-17T01:30:00Z,2025-09-17,2025-09-17_4,-86.00000000000016,86,0,14,84.05305768695666,103.8156512869567,0.05489609333333344,0.01892,0.0,True,True,True,False,-1016.0900000000019,154.491053442351,119.7416755539756,0.0,2.425066161077537,0.0,-739.4322048425977
2025-09-17T01:30:00Z,2025-09-17T01:45:00Z,2025-09-17,2025-09-17_4,-86.00000000000016,86,0,14,103.8156512869567,123.55846488695673,0.054841148888888996,0.04042,0.0,True,True,True,False,-1016.0900000000019,154.491053442351,119.7416755539756,0.0,4.925374254453529,0.0,-736.9318967492218
2025-09-17T01:45:00Z,2025-09-17T02:00:00Z,2025-09-17,2025-09-17_4,-86.00000000000016,86,0,14,123.55846488695673,143.26409208695677,0.05473785333333344,0.08084,0.0,True,True,True,False,-1016.0900000000019,154.491053442351,119.7416755539756,0.0,10.676535000197495,0.0,-731.1807360034778
2025-09-17T02:00:00Z,2025-09-17T02:15:00Z,2025-09-17,2025-09-17_5,0.0,0,0,100,143.26409208695677,143.26409208695677,0.0,0.0,0.0,True,True,True,False,0.0,1103.5075245882213,0.0,0.0,0.0,0.0,1103.5075245882213
2025-09-17T02:15:00Z,2025-09-17T02:30:00Z,2025-09-17,2025-09-17_5,0.0,0,0,100,143.26409208695677,143.26409208695677,0.0,0.0,0.0,True,True,True,False,0.0,1103.5075245882213,0.0,0.0,0.0,0.0,1103.5075245882213
2025-09-17T02:30:00Z,2025-09-17T02:45:00Z,2025-09-17,2025-09-17_5,0.0,0,0,100,143.26409208695677,143.26409208695677,0.0,0.0,0.0,True,True,True,False,0.0,1103.5075245882213,0.0,0.0,0.0,0.0,1103.5075245882213
2025-09-17T02:45:00Z,2025-09-17T03:00:00Z,2025-09-17,2025-09-17_5,0.0,0,0,100,143.26409208695677,143.26409208695677,0.0,0.0,0.0,True,True,True,False,0.0,1103.5075245882213,0.0,0.0,0.0,0.0,1103.5075245882213
2025-09-17T03:00:00Z,2025-09-17T03:15:00Z,2025-09-17,2025-09-17_6,0.0,100,100,0,143.26409208695677,145.04153208695678,0.0049373333333333335,0.0,1.932,True,True,True,False,0.0,0.0,140.83422206422563,96.60504799146818,0.0,-117.93808034127268,119.50118971442113
2025-09-17T03:15:00Z,2025-09-17T03:30:00Z,2025-09-17,2025-09-17_6,0.0,100,100,0,145.04153208695678,142.76570252173937,0.0064469710144927535,2.1145,0.0245,True,True,True,False,0.0,0.0,140.83422206422563,96.60504799146818,302.325809535095,-1.935458387644666,537.8296212031441
2025-09-17T03:30:00Z,2025-09-17T03:45:00Z,2025-09-17,2025-09-17_6,0.0,100,100,0,142.76570252173937,132.80048513043502,0.027681159420289852,9.168,0.0,True,True,True,False,0.0,0.0,140.83422206422563,96.60504799146818,1593.458296006636,0.0,1830.8975660623298
2025-09-17T03:45:00Z,2025-09-17T04:00:00Z,2025-09-17,2025-09-17_6,0.0,100,100,0,132.80048513043502,112.4542894782611,0.056517210144927534,18.7185,0.0,True,True,True,False,0.0,0.0,140.83422206422563,96.60504799146818,6441.1026146462855,0.0,6678.541884701979
2025-09-17T04:00:00Z,2025-09-17T04:15:00Z,2025-09-17,2025-09-17_7,0.0,0,0,100,112.4542894782611,112.4542894782611,0.0,0.0,0.0,True,False,True,False,0.0,1103.5075245882213,0.0,0.0,0.0,0.0,1103.5075245882213
2025-09-17T04:15:00Z,2025-09-17T04:30:00Z,2025-09-17,2025-09-17_7,0.0,0,0,100,112.4542894782611,112.4542894782611,0.0,0.0,0.0,True,False,True,False,0.0,1103.5075245882213,0.0,0.0,0.0,0.0,1103.5075245882213
2025-09-17T04:30:00Z,2025-09-17T04:45:00Z,2025-09-17,2025-09-17_7,0.0,0,0,100,112.4542894782611,112.4542894782611,0.0,0.0,0.0,True,False,True,False,0.0,1103.5075245882213,0.0,0.0,0.0,0.0,1103.5075245882213
2025-09-17T04:45:00Z,2025-09-17T05:00:00Z,2025-09-17,2025-09-17_7,0.0,0,0,100,112.4542894782611,112.4542894782611,0.0,0.0,0.0,True,False,True,False,0.0,1103.5075245882213,0.0,0.0,0.0,0.0,1103.5075245882213
2025-09-17T05:00:00Z,2025-09-17T05:15:00Z,2025-09-17,2025-09-17_8,1.544658121217609e-14,0,0,100,112.4542894782611,112.4542894782611,1.165955707440828e-17,0.0,0.0,True,False,True,False,4.898883231441647e-13,1103.5075245882213,0.0,0.0,0.0,0.0,1103.5075245882217
2025-09-17T05:15:00Z,2025-09-17T05:30:00Z,2025-09-17,2025-09-17_8,1.544658121217609e-14,0,0,100,112.4542894782611,112.4542894782611,1.165955707440828e-17,0.0,0.0,True,False,True,False,4.898883231441647e-13,1103.5075245882213,0.0,0.0,0.0,0.0,1103.5075245882217
2025-09-17T05:30:00Z,2025-09-17T05:45:00Z,2025-09-17,2025-09-17_8,1.544658121217609e-14,0,0,100,112.4542894782611,112.4542894782611,1.165955707440828e-17,0.0,0.0,True,False,True,False,4.898883231441647e-13,1103.5075245882213,0.0,0.0,0.0,0.0,1103.5075245882217
2025-09-17T05:45:00Z,2025-09-17T06:00:00Z,2025-09-17,2025-09-17_8,1.544658121217609e-14,0,0,100,112.4542894782611,112.4542894782611,1.165955707440828e-17,0.0,0.0,True,False,True,False,4.898883231441647e-13,1103.5075245882213,0.0,0.0,0.0,0.0,1103.5075245882217
2025-09-17T06:00:00Z,2025-09-17T06:15:00Z,2025-09-17,2025-09-17_9,0.0,100,100,0,112.4542894782611,98.40525382608719,0.03907876570048308,12.933999999999997,0.0105,True,True,True,False,0.0,0.0,158.75696172532292,103.41865149899277,4229.564112256586,-0.8191136390567605,4490.920611841845
2025-09-17T06:15:00Z,2025-09-17T06:30:00Z,2025-09-17,2025-09-17_9,0.0,100,100,0,98.40525382608719,78.55742773913067,0.0551328502415459,18.26,0.0,True,True,True,False,0.0,0.0,158.75696172532292,103.41865149899277,9581.368274282104,0.0,9843.54388750642
2025-09-17T06:30:00Z,2025-09-17T06:45:00Z,2025-09-17,2025-09-17_9,0.0,100,100,0,78.55742773913067,70.04710165217415,0.023639794685990336,7.8295,0.0,True,True,True,False,0.0,0.0,158.75696172532292,103.41865149899277,1509.035074752143,0.0,1771.2106879764585
2025-09-17T06:45:00Z,2025-09-17T07:00:00Z,2025-09-17,2025-09-17_9,0.0,100,100,0,70.04710165217415,68.85007121739154,0.01293397342995169,2.6925,1.8799999999999997,True,True,True,False,0.0,0.0,158.75696172532292,103.41865149899277,462.28535075245884,-100.33795473397322,624.1230092428013
2025-09-17T07:00:00Z,2025-09-17T07:15:00Z,2025-09-17,2025-09-17_10,1.544658121217609e-14,0,0,91,68.85007121739154,68.85007121739154,1.165955707440828e-17,0.0,0.0,True,False,True,False,3.618361648952249e-13,1004.1918473752814,0.0,0.0,0.0,0.0,1004.1918473752818
2025-09-17T07:15:00Z,2025-09-17T07:30:00Z,2025-09-17,2025-09-17_10,1.544658121217609e-14,0,0,91,68.85007121739154,68.85007121739154,1.165955707440828e-17,0.0,0.0,True,False,True,False,3.618361648952249e-13,1004.1918473752814,0.0,0.0,0.0,0.0,1004.1918473752818
2025-09-17T07:30:00Z,2025-09-17T07:45:00Z,2025-09-17,2025-09-17_10,1.544658121217609e-14,0,0,91,68.85007121739154,68.85007121739154,1.165955707440828e-17,0.0,0.0,True,False,True,False,3.618361648952249e-13,1004.1918473752814,0.0,0.0,0.0,0.0,1004.1918473752818
2025-09-17T07:45:00Z,2025-09-17T08:00:00Z,2025-09-17,2025-09-17_10,1.544658121217609e-14,0,0,91,68.85007121739154,68.85007121739154,1.165955707440828e-17,0.0,0.0,True,False,True,False,3.618361648952249e-13,1004.1918473752814,0.0,0.0,0.0,0.0,1004.1918473752818
2025-09-17T08:00:00Z,2025-09-17T08:15:00Z,2025-09-17,2025-09-17_11,-9.0,0,0,91,68.85007121739154,70.92007121739155,0.005750000000000001,0.0,0.0,True,False,True,False,-154.57500000000002,1004.1918473752814,0.0,0.0,0.0,0.0,849.6168473752814
2025-09-17T08:15:00Z,2025-09-17T08:30:00Z,2025-09-17,2025-09-17_11,-9.0,0,0,91,70.92007121739155,72.99007121739155,0.005750000000000001,0.0,0.0,True,False,True,False,-154.57500000000002,1004.1918473752814,0.0,0.0,0.0,0.0,849.6168473752814
2025-09-17T08:30:00Z,2025-09-17T08:45:00Z,2025-09-17,2025-09-17_11,-9.0,0,0,91,72.99007121739155,75.06007121739154,0.005750000000000001,0.0,0.0,True,False,True,False,-154.57500000000002,1004.1918473752814,0.0,0.0,0.0,0.0,849.6168473752814
2025-09-17T08:45:00Z,2025-09-17T09:00:00Z,2025-09-17,2025-09-17_11,-9.0,0,0,91,75.06007121739154,77.13007121739153,0.005750000000000001,0.0,0.0,True,False,True,False,-154.57500000000002,1004.1918473752814,0.0,0.0,0.0,0.0,849.6168473752814
2025-09-17T09:00:00Z,2025-09-17T09:15:00Z,2025-09-17,2025-09-17_12,0.0,100,100,0,77.13007121739153,80.28404773913066,0.008902954106280192,0.0235,3.456,True,True,True,False,0.0,0.0,73.08330370897028,205.26721175494728,2.5526326183987047,893.3501315321722,1174.2532796144885
2025-09-17T09:15:00Z,2025-09-17T09:30:00Z,2025-09-17,2025-09-17_12,0.0,100,100,0,80.28404773913066,83.49827730434805,0.008937473429951692,0.0015,3.4955,True,True,True,False,0.0,0.0,73.08330370897028,205.26721175494728,0.16293399691906627,-131.43574288027807,147.07770658055856
2025-09-17T09:30:00Z,2025-09-17T09:45:00Z,2025-09-17,2025-09-17_12,0.0,100,100,0,83.49827730434805,90.15355730434806,0.01848688888888889,0.0,7.234,True,True,True,False,0.0,0.0,73.08330370897028,205.26721175494728,0.0,-46.53796184382036,231.8125536200972
2025-09-17T09:45:00Z,2025-09-17T10:00:00Z,2025-09-17,2025-09-17_12,0.0,100,100,0,90.15355730434806,103.83257730434805,0.037997277777777776,0.0,14.8685,True,True,True,False,0.0,0.0,73.08330370897028,205.26721175494728,0.0,11921.797864873406,12200.148380337323
2025-09-17T10:00:00Z,2025-09-17T10:15:00Z,2025-09-17,2025-09-17_13,0.0,100,100,0,103.83257730434805,110.77995730434804,0.01929827777777778,0.0,7.5515,True,True,True,False,0.0,0.0,73.08330370897028,205.26721175494728,0.0,5502.047895682744,5780.398411146662
2025-09-17T10:15:00Z,2025-09-17T10:30:00Z,2025-09-17,2025-09-17_13,0.0,100,100,0,110.77995730434804,119.20138860869586,0.023435135265700485,0.007000000000000001,9.162,True,True,True,False,0.0,0.0,73.08330370897028,205.26721175494728,0.7165149899277167,3559.3955634553863,3838.4625939092316
2025-09-17T10:30:00Z,2025-09-17T10:45:00Z,2025-09-17,2025-09-17_13,0.0,100,100,0,119.20138860869586,119.16041382608717,0.0008191521739130435,0.1545,0.138,True,True,True,False,0.0,0.0,73.08330370897028,205.26721175494728,15.876481514397442,-7.229342339139711,286.99765463917527
2025-09-17T10:45:00Z,2025-09-17T11:00:00Z,2025-09-17,2025-09-17_13,0.0,100,100,0,119.16041382608717,122.70425382608717,0.009844,0.0,3.852,True,True,True,False,0.0,0.0,73.08330370897028,205.26721175494728,0.0,-109.7546889441877,168.59582651972985
2025-09-17T11:00:00Z,2025-09-17T11:15:00Z,2025-09-17,2025-09-17_14,0.0,100,100,0,122.70425382608717,122.81015991304369,0.000722927536231884,0.071,0.199,True,True,True,False,0.0,0.0,73.08330370897028,205.26721175494728,6.894084014693683,-7.469986965280247,277.774612513331
2025-09-17T11:15:00Z,2025-09-17T11:30:00Z,2025-09-17,2025-09-17_14,0.0,100,100,0,122.81015991304369,122.94269643478283,0.0006489541062801933,0.0465,0.199,True,True,True,False,0.0,0.0,73.08330370897028,205.26721175494728,4.4964877355136865,-7.4673144527392665,275.37968874669195
2025-09-17T11:30:00Z,2025-09-17T11:45:00Z,2025-09-17,2025-09-17_14,0.0,100,100,0,122.94269643478283,123.02041991304371,0.0006989903381642512,0.08,0.179,True,True,True,False,0.0,0.0,73.08330370897028,205.26721175494728,7.764047872970732,-7.137092072520441,278.97747126436786
2025-09-17T11:45:00Z,2025-09-17T12:00:00Z,2025-09-17,2025-09-17_14,0.0,100,100,0,123.02041991304371,130.86521904347848,0.021809224637681163,0.003,8.5305,True,True,True,False,0.0,0.0,73.08330370897028,205.26721175494728,0.28340620926650084,7261.158095745942,7539.792017419126
2025-09-17T12:00:00Z,2025-09-17T12:15:00Z,2025-09-17,2025-09-17_15,0.0,100,100,0,130.86521904347848,144.42371904347848,0.0376625,0.0,14.7375,True,True,True,False,0.0,0.0,73.08330370897028,205.1487143026425,0.0,10939.285860291504,11217.517878303117
2025-09-17T12:15:00Z,2025-09-17T12:30:00Z,2025-09-17,2025-09-17_15,0.0,100,100,0,144.42371904347848,147.45967817391326,0.00845133574879227,0.003,3.3035,True,True,True,False,0.0,0.0,73.08330370897028,205.1487143026425,0.2814314492238417,-112.57631729667814,165.93713216415847
2025-09-17T12:30:00Z,2025-09-17T12:45:00Z,2025-09-17,2025-09-17_15,0.0,100,100,0,147.45967817391326,145.94473208695672,0.00619640579710145,1.7230000000000003,0.389,True,True,True,False,0.0,0.0,73.08330370897028,205.1487143026425,179.62055516056407,-14.596911166409923,443.2556620057669
2025-09-17T12:45:00Z,2025-09-17T13:00:00Z,2025-09-17,2025-09-17_15,0.0,100,100,0,145.94473208695672,143.97082600000022,0.005615961352657004,1.838,0.026,True,True,True,False,0.0,0.0,73.08330370897028,205.1487143026425,192.5119326934471,-0.9756290239759845,469.7683216810839
2025-09-17T13:00:00Z,2025-09-17T13:15:00Z,2025-09-17,2025-09-17_16,0.0,100,100,0,143.97082600000022,154.03056600000022,0.02794372222222222,0.0,10.9345,True,True,True,False,0.0,0.0,112.57257968953668,203.40087688114707,0.0,7224.172825374255,7540.146281944939
2025-09-17T13:15:00Z,2025-09-17T13:30:00Z,2025-09-17,2025-09-17_16,0.0,100,100,0,154.03056600000022,156.0046799130437,0.005541016908212561,0.0095,2.157,True,True,True,False,0.0,0.0,112.57257968953668,203.40087688114707,0.891199589208832,-64.13234624955564,252.73230991033694
2025-09-17T13:30:00Z,2025-09-17T13:45:00Z,2025-09-17,2025-09-17_16,0.0,100,100,0,156.0046799130437,154.06885643478284,0.0054590652173913045,1.7945,0.016,True,True,True,False,0.0,0.0,112.57257968953668,203.40087688114707,185.20661877394636,-1.2323735039696646,499.94770184066044
2025-09-17T13:45:00Z,2025-09-17T14:00:00Z,2025-09-17,2025-09-17_16,0.0,100,100,0,154.06885643478284,152.41559556521761,0.004592391304347825,1.521,0.0,True,True,True,False,0.0,0.0,112.57257968953668,203.40087688114707,144.33729470316388,0.0,460.31075127384764
2025-09-17T14:00:00Z,2025-09-17T14:15:00Z,2025-09-17,2025-09-17_17,-16.89899676800109,53,36,47,152.41559556521761,156.66205571718956,0.012936959069001273,0.277455,0.70272,True,True,True,False,-362.01875826250335,518.648536556464,78.45745941462259,36.66548169214362,26.028187581467,-26.44463846427302,271.33626851792087
2025-09-17T14:15:00Z,2025-09-17T14:30:00Z,2025-09-17,2025-09-17_17,-16.89899676800109,53,36,47,156.66205571718956,160.646077047492,0.01129453719997927,0.055385,0.16794,True,True,True,False,-362.01875826250335,518.648536556464,78.45745941462259,36.66548169214362,5.195693605087491,-6.512260398151441,270.4361526076629
2025-09-17T14:30:00Z,2025-09-17T14:45:00Z,2025-09-17,2025-09-17_17,-16.89899676800109,53,36,47,160.646077047492,164.51233820620138,0.010957615556994546,0.053,0.037259999999999995,True,True,True,False,-362.01875826250335,518.648536556464,78.45745941462259,36.66548169214362,4.971955602954536,-1.9328119089939562,274.79186309468747
2025-09-17T14:45:00Z,2025-09-17T15:00:00Z,2025-09-17,2025-09-17_17,-16.89899676800109,53,36,47,164.51233820620138,168.38000000001418,0.010972406271422016,0.05565,0.04176,True,True,True,False,-362.01875826250335,518.648536556464,78.45745941462259,36.66548169214362,5.2205533831022635,-3.2164948453608244,273.7567779384683
2025-09-17T15:00:00Z,2025-09-17T15:15:00Z,2025-09-17,2025-09-17_18,0.0,100,100,0,168.38000000001418,181.35982000001417,0.036055055555555555,0.0,14.1085,True,True,True,False,0.0,0.0,137.81253703045385,94.08697712999172,0.0,6478.778456471936,6710.677970632381
2025-09-17T15:15:00Z,2025-09-17T15:30:00Z,2025-09-17,2025-09-17_18,0.0,100,100,0,181.35982000001417,178.4201460869707,0.008165760869565218,2.7045,0.0,True,True,True,False,0.0,0.0,137.81253703045385,94.08697712999172,253.71045147529327,0.0,485.60996563573883
2025-09-17T15:30:00Z,2025-09-17T15:45:00Z,2025-09-17,2025-09-17_18,0.0,100,100,0,178.4201460869707,178.17571217392722,0.0007914275362318841,0.24350000000000002,0.022,True,True,True,False,0.0,0.0,137.81253703045385,94.08697712999172,22.842852628668485,-1.6945135679582888,253.04785322115578
2025-09-17T15:45:00Z,2025-09-17T16:00:00Z,2025-09-17,2025-09-17_18,0.0,100,100,0,178.17571217392722,178.54480434784028,0.001118855072463768,0.0155,0.4195,True,True,True,False,0.0,0.0,137.81253703045385,94.08697712999172,1.4540624876565154,-30.156626673776515,203.19694997432558
2025-09-17T16:00:00Z,2025-09-17T16:15:00Z,2025-09-17,2025-09-17_19,64.99457839219852,35,100,0,178.54480434784028,181.24110001067285,0.02792414691360383,0.0,19.7935,True,True,True,False,2982.276229526029,0.0,52.45437848086267,93.52411423154402,0.0,7943.090816842439,11071.345539080876
2025-09-17T16:15:00Z,2025-09-17T16:30:00Z,2025-09-17,2025-09-17_19,64.99457839219852,35,100,0,181.24110001067285,169.33155008940273,0.04309604517907013,0.0042,5.597,True,True,True,False,2982.276229526029,0.0,52.45437848086267,93.52411423154402,0.3940040289133783,39.5981615120275,3168.2468877793767
2025-09-17T16:30:00Z,2025-09-17T16:45:00Z,2025-09-17,2025-09-17_19,64.99457839219852,35,100,0,169.33155008940273,151.70411391093765,0.04912970376711878,0.055650000000000005,0.092,True,True,True,False,2982.276229526029,0.0,52.45437848086267,93.52411423154402,5.220553383102264,-7.086147647825571,3126.389127973712
2025-09-17T16:45:00Z,2025-09-17T17:00:00Z,2025-09-17,2025-09-17_19,64.99457839219852,35,100,0,151.70411391093765,133.71099478262283,0.04998088646754115,0.305025,0.0,True,True,True,False,2982.276229526029,0.0,52.45437848086267,93.52411423154402,41.62789440395782,0.0,3169.8826166423937
2025-09-17T17:00:00Z,2025-09-17T17:15:00Z,2025-09-17,2025-09-17_20,0.0,100,100,0,133.71099478262283,126.75773391305762,0.01931461352657005,6.397,0.0,True,True,True,False,0.0,0.0,156.09076904846546,90.82829719161039,1169.9419909546948,0.0,1416.8610571947706
2025-09-17T17:15:00Z,2025-09-17T17:30:00Z,2025-09-17,2025-09-17_20,0.0,100,100,0,126.75773391305762,107.10175565218806,0.05459993961352656,18.0835,0.0,True,True,True,False,0.0,0.0,156.09076904846546,90.82829719161039,6694.852127226765,0.0,6941.771193466841
2025-09-17T17:30:00Z,2025-09-17T17:45:00Z,2025-09-17,2025-09-17_20,0.0,100,100,0,107.10175565218806,84.31860347827502,0.06328653381642511,20.9605,0.0,True,True,True,False,0.0,0.0,156.09076904846546,90.82829719161039,7120.820082059486,0.0,7367.739148299562
2025-09-17T17:45:00Z,2025-09-17T18:00:00Z,2025-09-17,2025-09-17_20,0.0,100,100,0,84.31860347827502,61.86045130436198,0.06238375603864734,20.6615,0.0,True,True,True,False,0.0,0.0,156.09076904846546,90.82829719161039,7267.4094316072205,0.0,7514.328497847297
2025-09-17T18:00:00Z,2025-09-17T18:15:00Z,2025-09-17,2025-09-17_21,0.0,100,100,0,61.86045130436198,37.06534260870981,0.06887530193236714,22.8115,0.0,True,True,True,False,0.0,0.0,154.63917525773198,92.2206422561915,25099.32216326974,0.0,25346.181980783662
2025-09-17T18:15:00Z,2025-09-17T18:30:00Z,2025-09-17,2025-09-17_21,0.0,100,100,0,37.06534260870981,34.324546086970685,0.007730879227053139,2.541,0.023,True,True,True,False,0.0,0.0,154.63917525773198,92.2206422561915,457.0477840976419,-1.7715369119563928,702.1360646996089
2025-09-17T18:30:00Z,2025-09-17T18:45:00Z,2025-09-17,2025-09-17_21,0.0,100,100,0,34.324546086970685,44.79690608697069,0.02908988888888889,0.0,11.383,True,True,True,False,0.0,0.0,154.63917525773198,92.2206422561915,0.0,-163.02504463404034,83.83477287988313
2025-09-17T18:45:00Z,2025-09-17T19:00:00Z,2025-09-17,2025-09-17_21,0.0,100,100,0,44.79690608697069,64.34782608697068,0.05430811111111111,0.0,21.251,True,True,True,False,0.0,0.0,154.63917525773198,92.2206422561915,0.0,1989.1261685823758,2235.9859860962993
2025-09-17T19:00:00Z,2025-09-17T19:15:00Z,2025-09-17,2025-09-17_22,-1.544658121217609e-14,0,0,100,64.34782608697068,64.34782608697068,9.86864910777917e-18,0.0,0.0,True,False,True,False,-4.194905292696722e-13,1103.5075245882213,0.0,0.0,0.0,0.0,1103.5075245882208
2025-09-17T19:15:00Z,2025-09-17T19:30:00Z,2025-09-17,2025-09-17_22,-1.544658121217609e-14,0,0,100,64.34782608697068,64.34782608697068,9.86864910777917e-18,0.0,0.0,True,False,True,False,-4.194905292696722e-13,1103.5075245882213,0.0,0.0,0.0,0.0,1103.5075245882208
2025-09-17T19:30:00Z,2025-09-17T19:45:00Z,2025-09-17,2025-09-17_22,-1.544658121217609e-14,0,0,100,64.34782608697068,64.34782608697068,9.86864910777917e-18,0.0,0.0,True,False,True,False,-4.194905292696722e-13,1103.5075245882213,0.0,0.0,0.0,0.0,1103.5075245882208
2025-09-17T19:45:00Z,2025-09-17T20:00:00Z,2025-09-17,2025-09-17_22,-1.544658121217609e-14,0,0,100,64.34782608697068,64.34782608697068,9.86864910777917e-18,0.0,0.0,True,False,True,False,-4.194905292696722e-13,1103.5075245882213,0.0,0.0,0.0,0.0,1103.5075245882208
2025-09-17T20:00:00Z,2025-09-17T20:15:00Z,2025-09-17,2025-09-17_23,89.90902967833964,10,100,0,64.34782608697068,48.44677035822518,0.048281243589400565,0.00015000000000000001,7.9719999999999995,True,True,True,False,2291.781166500877,0.0,14.278943002725441,95.24232728996327,0.016293399691906626,1069.3444373345974,3470.663167527855
2025-09-17T20:15:00Z,2025-09-17T20:30:00Z,2025-09-17,2025-09-17_23,89.90902967833964,10,100,0,48.44677035822518,32.91934571000737,0.047423379962983535,0.0,8.321,True,True,True,False,2291.781166500877,0.0,14.278943002725441,95.24232728996327,0.0,-329.18516253900543,2072.1172742545605
2025-09-17T20:30:00Z,2025-09-17T20:45:00Z,2025-09-17,2025-09-17_23,89.90902967833964,10,100,0,32.91934571000737,19.97516416046394,0.04149275103155297,0.0,10.735,True,True,True,False,2291.781166500877,0.0,14.278943002725441,95.24232728996327,0.0,-431.95686100248844,1969.3455757910774
2025-09-17T20:45:00Z,2025-09-17T21:00:00Z,2025-09-17,2025-09-17_23,89.90902967833964,10,100,0,19.97516416046394,10.000000000014166,0.034676458583228986,0.0,13.5095,True,True,True,False,2291.781166500877,0.0,14.278943002725441,95.24232728996327,0.0,-389.3406203341628,2011.961816459403
2025-09-17T21:00:00Z,2025-09-17T21:15:00Z,2025-09-18,2025-09-17_24,-89.99617391302804,0,0,0,10.000000000014166,30.699120000010616,0.0574975555555457,0.0,0.0,True,False,True,False,-1690.1281460866667,0.0,0.0,0.0,0.0,0.0,-1690.1281460866667
2025-09-17T21:15:00Z,2025-09-17T21:30:00Z,2025-09-18,2025-09-17_24,-89.99617391302804,0,0,0,30.699120000010616,51.398240000007064,0.0574975555555457,0.0,0.0,True,False,True,False,-1690.1281460866667,0.0,0.0,0.0,0.0,0.0,-1690.1281460866667
2025-09-17T21:30:00Z,2025-09-17T21:45:00Z,2025-09-18,2025-09-17_24,-89.99617391302804,0,0,0,51.398240000007064,72.09736000000352,0.0574975555555457,0.0,0.0,True,False,True,False,-1690.1281460866667,0.0,0.0,0.0,0.0,0.0,-1690.1281460866667
2025-09-17T21:45:00Z,2025-09-17T22:00:00Z,2025-09-18,2025-09-17_24,-89.99617391302804,0,0,0,72.09736000000352,92.79647999999997,0.0574975555555457,0.0,0.0,True,False,True,False,-1690.1281460866667,0.0,0.0,0.0,0.0,0.0,-1690.1281460866667
2025-09-17T22:00:00Z,2025-09-17T22:15:00Z,2025-09-18,2025-09-18_1,0.0,0,0,100,92.79647999999997,92.79647999999997,0.0,0.0,0.0,True,True,True,False,0.0,1102.7235050325635,0.0,0.0,0.0,0.0,1102.7235050325635
2025-09-17T22:15:00Z,2025-09-17T22:30:00Z,2025-09-18,2025-09-18_1,0.0,0,0,100,92.79647999999997,92.79647999999997,0.0,0.0,0.0,True,True,True,False,0.0,1102.7235050325635,0.0,0.0,0.0,0.0,1102.7235050325635
2025-09-17T22:30:00Z,2025-09-17T22:45:00Z,2025-09-18,2025-09-18_1,0.0,0,0,100,92.79647999999997,92.79647999999997,0.0,0.0,0.0,True,True,True,False,0.0,1102.7235050325635,0.0,0.0,0.0,0.0,1102.7235050325635
2025-09-17T22:45:00Z,2025-09-17T23:00:00Z,2025-09-18,2025-09-18_1,0.0,0,0,100,92.79647999999997,92.79647999999997,0.0,0.0,0.0,True,True,True,False,0.0,1102.7235050325635,0.0,0.0,0.0,0.0,1102.7235050325635
2025-09-17T23:00:00Z,2025-09-17T23:15:00Z,2025-09-18,2025-09-18_2,0.0,100,100,0,92.79647999999997,103.93859999999998,0.030950333333333333,0.0,12.111,True,True,True,False,0.0,0.0,111.75251628182356,96.18117229129662,0.0,144.46914801657786,352.40283658969804
2025-09-17T23:15:00Z,2025-09-17T23:30:00Z,2025-09-18,2025-09-18_2,0.0,100,100,0,103.93859999999998,113.04107999999998,0.025284666666666667,0.0,9.894,True,True,True,False,0.0,0.0,111.75251628182356,96.18117229129662,0.0,66.16112137359384,274.094809946714
2025-09-17T23:30:00Z,2025-09-17T23:45:00Z,2025-09-18,2025-09-18_2,0.0,100,100,0,113.04107999999998,129.83245999999997,0.046642722222222224,0.0,18.2515,True,True,True,False,0.0,0.0,111.75251628182356,96.18117229129662,0.0,1996.9705647325832,2204.904253305703
2025-09-17T23:45:00Z,2025-09-18T00:00:00Z,2025-09-18,2025-09-18_2,0.0,100,100,0,129.83245999999997,143.99999999999997,0.03935427777777778,0.0,15.3995,True,True,True,False,0.0,0.0,111.75251628182356,96.18117229129662,0.0,937.3271743635287,1145.260862936649
2025-09-18T00:00:00Z,2025-09-18T00:15:00Z,2025-09-18,2025-09-18_3,-2.3182133409230938e-14,0,0,100,143.99999999999997,143.99999999999997,1.4810807455897545e-17,0.0,0.0,True,True,True,False,-2.2730081807750932e-13,1102.7235050325635,0.0,0.0,0.0,0.0,1102.7235050325633
2025-09-18T00:15:00Z,2025-09-18T00:30:00Z,2025-09-18,2025-09-18_3,-2.3182133409230938e-14,0,0,100,143.99999999999997,143.99999999999997,1.4810807455897545e-17,0.0,0.0,True,True,True,False,-2.2730081807750932e-13,1102.7235050325635,0.0,0.0,0.0,0.0,1102.7235050325633
2025-09-18T00:30:00Z,2025-09-18T00:45:00Z,2025-09-18,2025-09-18_3,-2.3182133409230938e-14,0,0,100,143.99999999999997,143.99999999999997,1.4810807455897545e-17,0.0,0.0,True,True,True,False,-2.2730081807750932e-13,1102.7235050325635,0.0,0.0,0.0,0.0,1102.7235050325633
2025-09-18T00:45:00Z,2025-09-18T01:00:00Z,2025-09-18,2025-09-18_3,-2.3182133409230938e-14,0,0,100,143.99999999999997,143.99999999999997,1.4810807455897545e-17,0.0,0.0,True,True,True,False,-2.2730081807750932e-13,1102.7235050325635,0.0,0.0,0.0,0.0,1102.7235050325633
2025-09-18T01:00:00Z,2025-09-18T01:15:00Z,2025-09-18,2025-09-18_4,0.0,0,0,100,143.99999999999997,143.99999999999997,0.0,0.0,0.0,True,True,True,False,0.0,1102.7235050325635,0.0,0.0,0.0,0.0,1102.7235050325635
2025-09-18T01:15:00Z,2025-09-18T01:30:00Z,2025-09-18,2025-09-18_4,0.0,0,0,100,143.99999999999997,143.99999999999997,0.0,0.0,0.0,True,True,True,False,0.0,1102.7235050325635,0.0,0.0,0.0,0.0,1102.7235050325635
2025-09-18T01:30:00Z,2025-09-18T01:45:00Z,2025-09-18,2025-09-18_4,0.0,0,0,100,143.99999999999997,143.99999999999997,0.0,0.0,0.0,True,True,True,False,0.0,1102.7235050325635,0.0,0.0,0.0,0.0,1102.7235050325635
2025-09-18T01:45:00Z,2025-09-18T02:00:00Z,2025-09-18,2025-09-18_4,0.0,0,0,100,143.99999999999997,143.99999999999997,0.0,0.0,0.0,True,True,True,False,0.0,1102.7235050325635,0.0,0.0,0.0,0.0,1102.7235050325635
2025-09-18T02:00:00Z,2025-09-18T02:15:00Z,2025-09-18,2025-09-18_5,0.0,0,0,100,143.99999999999997,143.99999999999997,0.0,0.0,0.0,True,True,True,False,0.0,1102.7235050325635,0.0,0.0,0.0,0.0,1102.7235050325635
2025-09-18T02:15:00Z,2025-09-18T02:30:00Z,2025-09-18,2025-09-18_5,0.0,0,0,100,143.99999999999997,143.99999999999997,0.0,0.0,0.0,True,True,True,False,0.0,1102.7235050325635,0.0,0.0,0.0,0.0,1102.7235050325635
2025-09-18T02:30:00Z,2025-09-18T02:45:00Z,2025-09-18,2025-09-18_5,0.0,0,0,100,143.99999999999997,143.99999999999997,0.0,0.0,0.0,True,True,True,False,0.0,1102.7235050325635,0.0,0.0,0.0,0.0,1102.7235050325635
2025-09-18T02:45:00Z,2025-09-18T03:00:00Z,2025-09-18,2025-09-18_5,0.0,0,0,100,143.99999999999997,143.99999999999997,0.0,0.0,0.0,True,True,True,False,0.0,1102.7235050325635,0.0,0.0,0.0,0.0,1102.7235050325635
2025-09-18T03:00:00Z,2025-09-18T03:15:00Z,2025-09-18,2025-09-18_6,0.0,0,0,100,143.99999999999997,143.99999999999997,0.0,0.0,0.0,True,True,True,False,0.0,1102.7235050325635,0.0,0.0,0.0,0.0,1102.7235050325635
2025-09-18T03:15:00Z,2025-09-18T03:30:00Z,2025-09-18,2025-09-18_6,0.0,0,0,100,143.99999999999997,143.99999999999997,0.0,0.0,0.0,True,True,True,False,0.0,1102.7235050325635,0.0,0.0,0.0,0.0,1102.7235050325635
2025-09-18T03:30:00Z,2025-09-18T03:45:00Z,2025-09-18,2025-09-18_6,0.0,0,0,100,143.99999999999997,143.99999999999997,0.0,0.0,0.0,True,True,True,False,0.0,1102.7235050325635,0.0,0.0,0.0,0.0,1102.7235050325635
2025-09-18T03:45:00Z,2025-09-18T04:00:00Z,2025-09-18,2025-09-18_6,0.0,0,0,100,143.99999999999997,143.99999999999997,0.0,0.0,0.0,True,True,True,False,0.0,1102.7235050325635,0.0,0.0,0.0,0.0,1102.7235050325635
2025-09-18T04:00:00Z,2025-09-18T04:15:00Z,2025-09-18,2025-09-18_7,84.40882731916776,15,100,0,143.99999999999997,132.21315136608607,0.04111647769895542,0.0,10.51,True,True,True,False,2420.0010792405396,0.0,17.499999999999996,90.14209591474244,0.0,3478.1441799881586,6005.78735514344
2025-09-18T04:15:00Z,2025-09-18T04:30:00Z,2025-09-18,2025-09-18_7,84.40882731916776,15,100,0,132.21315136608607,110.2556615425778,0.06176281545335128,0.041550000000000004,0.966,True,True,True,False,2420.0010792405396,0.0,17.499999999999996,90.14209591474244,6.430729662522203,-58.02844168146832,2476.045463136336
2025-09-18T04:30:00Z,2025-09-18T04:45:00Z,2025-09-18,2025-09-18_7,84.40882731916776,15,100,0,110.2556615425778,87.28639591808405,0.06385650828718338,0.094425,0.0665,True,True,True,False,2420.0010792405396,0.0,17.499999999999996,90.14209591474244,13.20734979277679,-4.194789027037695,2536.655735921021
2025-09-18T04:45:00Z,2025-09-18T05:00:00Z,2025-09-18,2025-09-18_7,84.40882731916776,15,100,0,87.28639591808405,64.3478260869565,0.06377323439989759,0.068625,0.069,True,True,True,False,2420.0010792405396,0.0,17.499999999999996,90.14209591474244,10.019195825932504,-4.502661930136175,2533.1597090510786
2025-09-18T05:00:00Z,2025-09-18T05:15:00Z,2025-09-18,2025-09-18_8,0.0,0,0,100,64.3478260869565,64.3478260869565,0.0,0.0,0.0,True,False,True,False,0.0,1102.7235050325635,0.0,0.0,0.0,0.0,1102.7235050325635
2025-09-18T05:15:00Z,2025-09-18T05:30:00Z,2025-09-18,2025-09-18_8,0.0,0,0,100,64.3478260869565,64.3478260869565,0.0,0.0,0.0,True,False,True,False,0.0,1102.7235050325635,0.0,0.0,0.0,0.0,1102.7235050325635
2025-09-18T05:30:00Z,2025-09-18T05:45:00Z,2025-09-18,2025-09-18_8,0.0,0,0,100,64.3478260869565,64.3478260869565,0.0,0.0,0.0,True,False,True,False,0.0,1102.7235050325635,0.0,0.0,0.0,0.0,1102.7235050325635
2025-09-18T05:45:00Z,2025-09-18T06:00:00Z,2025-09-18,2025-09-18_8,0.0,0,0,100,64.3478260869565,64.3478260869565,0.0,0.0,0.0,True,False,True,False,0.0,1102.7235050325635,0.0,0.0,0.0,0.0,1102.7235050325635
2025-09-18T06:00:00Z,2025-09-18T06:15:00Z,2025-09-18,2025-09-18_9,0.0,0,0,100,64.3478260869565,64.3478260869565,0.0,0.0,0.0,True,False,True,False,0.0,1102.7235050325635,0.0,0.0,0.0,0.0,1102.7235050325635
2025-09-18T06:15:00Z,2025-09-18T06:30:00Z,2025-09-18,2025-09-18_9,0.0,0,0,100,64.3478260869565,64.3478260869565,0.0,0.0,0.0,True,False,True,False,0.0,1102.7235050325635,0.0,0.0,0.0,0.0,1102.7235050325635
2025-09-18T06:30:00Z,2025-09-18T06:45:00Z,2025-09-18,2025-09-18_9,0.0,0,0,100,64.3478260869565,64.3478260869565,0.0,0.0,0.0,True,False,True,False,0.0,1102.7235050325635,0.0,0.0,0.0,0.0,1102.7235050325635
2025-09-18T06:45:00Z,2025-09-18T07:00:00Z,2025-09-18,2025-09-18_9,0.0,0,0,100,64.3478260869565,64.3478260869565,0.0,0.0,0.0,True,False,True,False,0.0,1102.7235050325635,0.0,0.0,0.0,0.0,1102.7235050325635
2025-09-18T07:00:00Z,2025-09-18T07:15:00Z,2025-09-18,2025-09-18_10,0.0,100,100,0,64.3478260869565,70.4244260869565,0.016879444444444443,0.0,6.6049999999999995,True,True,True,False,0.0,0.0,118.41326228537596,94.43457667258733,0.0,2300.1016321294646,2512.949471087428
2025-09-18T07:15:00Z,2025-09-18T07:30:00Z,2025-09-18,2025-09-18_10,0.0,100,100,0,70.4244260869565,75.16983043478258,0.013229987922705314,0.008,5.1675,True,True,True,False,0.0,0.0,118.41326228537596,94.43457667258733,0.7106374580619697,797.9264535227945,1011.4849299388198
2025-09-18T07:30:00Z,2025-09-18T07:45:00Z,2025-09-18,2025-09-18_10,0.0,100,100,0,75.16983043478258,83.65453043478259,0.023568611111111113,0.0,9.2225,True,True,True,False,0.0,0.0,118.41326228537596,94.43457667258733,0.0,2015.6722937635682,2228.5201327215314
2025-09-18T07:45:00Z,2025-09-18T08:00:00Z,2025-09-18,2025-09-18_10,0.0,100,100,0,83.65453043478259,97.31101043478259,0.037934666666666665,0.0,14.844,True,True,True,False,0.0,0.0,118.41326228537596,94.43457667258733,0.0,6438.929953818827,6651.77779277679
2025-09-18T08:00:00Z,2025-09-18T08:15:00Z,2025-09-18,2025-09-18_11,0.0,100,100,0,97.31101043478259,98.06212782608694,0.0088768961352657,1.1245,2.145,True,True,True,False,0.0,0.0,68.47246891651864,111.01243339253996,105.38764288533649,176.10674363528713,460.9792888296822
2025-09-18T08:15:00Z,2025-09-18T08:30:00Z,2025-09-18,2025-09-18_11,0.0,100,100,0,98.06212782608694,98.38198173913042,0.0014319613526570048,0.09,0.45399999999999996,True,True,True,False,0.0,0.0,68.47246891651864,111.01243339253996,7.99360568383659,-6.918325636471284,180.5601823564239
2025-09-18T08:30:00Z,2025-09-18T08:45:00Z,2025-09-18,2025-09-18_11,0.0,100,100,0,98.38198173913042,100.90579913043477,0.0071343961352657,0.0205,2.7675,True,True,True,False,0.0,0.0,68.47246891651864,111.01243339253996,1.8207657390961123,3.721132326820604,185.02680037497532
2025-09-18T08:45:00Z,2025-09-18T09:00:00Z,2025-09-18,2025-09-18_11,0.0,100,100,0,100.90579913043477,116.27209913043477,0.04268416666666667,0.0,16.7025,True,True,True,False,0.0,0.0,68.47246891651864,111.01243339253996,0.0,11719.284237714626,11898.769140023685
2025-09-18T09:00:00Z,2025-09-18T09:15:00Z,2025-09-18,2025-09-18_12,0.0,100,100,0,116.27209913043477,128.34249913043476,0.03352888888888888,0.0,13.119999999999997,True,True,True,False,0.0,0.0,67.99881586737713,198.49023090586144,0.0,6261.4973435958145,6527.986390369053
2025-09-18T09:15:00Z,2025-09-18T09:30:00Z,2025-09-18,2025-09-18_12,0.0,100,100,0,128.34249913043476,128.1665956521739,0.007986620772946859,1.4035,1.467,True,True,True,False,0.0,0.0,67.99881586737713,198.49023090586144,131.55284981251233,-3.549520426287744,394.49237615946316
2025-09-18T09:30:00Z,2025-09-18T09:45:00Z,2025-09-18,2025-09-18_12,0.0,100,100,0,128.1665956521739,128.23628608695648,0.0006011932367149758,0.0675,0.1555,True,True,True,False,0.0,0.0,67.99881586737713,198.49023090586144,5.995071047957371,-5.830866390369054,266.6532514308269
2025-09-18T09:45:00Z,2025-09-18T10:00:00Z,2025-09-18,2025-09-18_12,0.0,100,100,0,128.23628608695648,128.74777565217389,0.001638195652173913,0.036,0.5985,True,True,True,False,0.0,0.0,67.99881586737713,198.49023090586144,3.197371225577264,-22.442273534635877,247.24414446417995
2025-09-18T10:00:00Z,2025-09-18T10:15:00Z,2025-09-18,2025-09-18_13,0.0,9,9,91,128.74777565217389,129.0998412521739,0.00097796,0.0,0.38267999999999996,True,True,True,False,0.0,1003.4783895796329,6.119893428063942,17.86412078152753,0.0,-3.3195054351687387,1024.1428983540557
2025-09-18T10:15:00Z,2025-09-18T10:30:00Z,2025-09-18,2025-09-18_13,0.0,9,9,91,129.0998412521739,129.8261628521739,0.0020175600000000003,0.0,0.7894800000000001,True,True,True,False,0.0,1003.4783895796329,6.119893428063942,17.86412078152753,0.0,42.11448106571937,1069.5768848549437
2025-09-18T10:30:00Z,2025-09-18T10:45:00Z,2025-09-18,2025-09-18_13,0.0,9,9,91,129.8261628521739,130.0015226869565,0.002225969347826087,0.287955,0.53082,True,True,True,False,0.0,1003.4783895796329,6.119893428063942,17.86412078152753,29.58133811722913,82.7666444760213,1139.8103863824747
2025-09-18T10:45:00Z,2025-09-18T11:00:00Z,2025-09-18,2025-09-18_13,0.0,9,9,91,130.0015226869565,130.62935767826085,0.0017483339130434784,0.00072,0.68328,True,True,True,False,0.0,1003.4783895796329,6.119893428063942,17.86412078152753,0.06394458259325043,82.88104142095915,1110.4073897927767
2025-09-18T11:00:00Z,2025-09-18T11:15:00Z,2025-09-18,2025-09-18_14,15.024197093029715,84,100,0,130.62935767826085,132.02633195522588,0.021492535304870428,0.03822,5.842,True,True,True,False,0.0,0.0,51.17584369449377,198.49023090586144,3.3943161634103016,153.36316479178998,406.4235555555555
2025-09-18T11:15:00Z,2025-09-18T11:30:00Z,2025-09-18,2025-09-18_14,15.024197093029715,84,100,0,132.02633195522588,131.74826505008193,0.018277706721356556,0.004200000000000001,4.0305,True,True,True,False,0.0,0.0,51.17584369449377,198.49023090586144,0.3730017761989343,-15.798255476613381,234.24082089994076
2025-09-18T11:30:00Z,2025-09-18T11:45:00Z,2025-09-18,2025-09-18_14,15.024197093029715,84,100,0,131.74826505008193,133.42305377452925,0.021806630432341968,0.0,6.092,True,True,True,False,0.0,0.0,51.17584369449377,198.49023090586144,0.0,173.77769646733765,423.44377106769286
2025-09-18T11:45:00Z,2025-09-18T12:00:00Z,2025-09-18,2025-09-18_14,15.024197093029715,84,100,0,133.42305377452925,148.14,0.04551468146877111,0.0,19.892,True,True,True,False,0.0,0.0,51.17584369449377,198.49023090586144,0.0,11918.864769686204,12168.530844286559
2025-09-18T12:00:00Z,2025-09-18T12:15:00Z,2025-09-18,2025-09-18_15,0.0,0,0,91,148.14,148.14,0.0,0.0,0.0,True,False,True,False,0.0,1003.4783895796329,0.0,0.0,0.0,0.0,1003.4783895796329
2025-09-18T12:15:00Z,2025-09-18T12:30:00Z,2025-09-18,2025-09-18_15,0.0,0,0,91,148.14,148.14,0.0,0.0,0.0,True,False,True,False,0.0,1003.4783895796329,0.0,0.0,0.0,0.0,1003.4783895796329
2025-09-18T12:30:00Z,2025-09-18T12:45:00Z,2025-09-18,2025-09-18_15,0.0,0,0,91,148.14,148.14,0.0,0.0,0.0,True,False,True,False,0.0,1003.4783895796329,0.0,0.0,0.0,0.0,1003.4783895796329
2025-09-18T12:45:00Z,2025-09-18T13:00:00Z,2025-09-18,2025-09-18_15,0.0,0,0,91,148.14,148.14,0.0,0.0,0.0,True,False,True,False,0.0,1003.4783895796329,0.0,0.0,0.0,0.0,1003.4783895796329
2025-09-18T13:00:00Z,2025-09-18T13:15:00Z,2025-09-18,2025-09-18_16,0.0,0,0,91,148.14,148.14,0.0,0.0,0.0,True,False,True,False,0.0,1003.4783895796329,0.0,0.0,0.0,0.0,1003.4783895796329
2025-09-18T13:15:00Z,2025-09-18T13:30:00Z,2025-09-18,2025-09-18_16,0.0,0,0,91,148.14,148.14,0.0,0.0,0.0,True,False,True,False,0.0,1003.4783895796329,0.0,0.0,0.0,0.0,1003.4783895796329
2025-09-18T13:30:00Z,2025-09-18T13:45:00Z,2025-09-18,2025-09-18_16,0.0,0,0,91,148.14,148.14,0.0,0.0,0.0,True,False,True,False,0.0,1003.4783895796329,0.0,0.0,0.0,0.0,1003.4783895796329
2025-09-18T13:45:00Z,2025-09-18T14:00:00Z,2025-09-18,2025-09-18_16,0.0,0,0,91,148.14,148.14,0.0,0.0,0.0,True,False,True,False,0.0,1003.4783895796329,0.0,0.0,0.0,0.0,1003.4783895796329
2025-09-18T14:00:00Z,2025-09-18T14:15:00Z,2025-09-18,2025-09-18_17,0.0,0,0,91,148.14,148.14,0.0,0.0,0.0,True,False,True,False,0.0,1003.4783895796329,0.0,0.0,0.0,0.0,1003.4783895796329
2025-09-18T14:15:00Z,2025-09-18T14:30:00Z,2025-09-18,2025-09-18_17,0.0,0,0,91,148.14,148.14,0.0,0.0,0.0,True,False,True,False,0.0,1003.4783895796329,0.0,0.0,0.0,0.0,1003.4783895796329
2025-09-18T14:30:00Z,2025-09-18T14:45:00Z,2025-09-18,2025-09-18_17,0.0,0,0,91,148.14,148.14,0.0,0.0,0.0,True,False,True,False,0.0,1003.4783895796329,0.0,0.0,0.0,0.0,1003.4783895796329
2025-09-18T14:45:00Z,2025-09-18T15:00:00Z,2025-09-18,2025-09-18_17,0.0,0,0,91,148.14,148.14,0.0,0.0,0.0,True,False,True,False,0.0,1003.4783895796329,0.0,0.0,0.0,0.0,1003.4783895796329
2025-09-18T15:00:00Z,2025-09-18T15:15:00Z,2025-09-18,2025-09-18_18,0.2470754395718355,10,11,89,148.14,148.8530407756225,0.0022391133117691964,0.0,0.84458,True,True,True,False,8.131252716309106,981.4239194789816,13.510953226761398,9.82445233866193,0.0,-39.40323233866192,973.487345422052
2025-09-18T15:15:00Z,2025-09-18T15:30:00Z,2025-09-18,2025-09-18_18,0.2470754395718355,10,11,89,148.8530407756225,148.90508046527304,0.0005094620736793966,0.0016,0.1309,True,True,True,False,8.131252716309106,981.4239194789816,13.510953226761398,9.82445233866193,0.1499901322281429,-10.075192421551213,1002.965375471391
2025-09-18T15:30:00Z,2025-09-18T15:45:00Z,2025-09-18,2025-09-18_18,0.2470754395718355,10,11,89,148.90508046527304,148.98994602335955,0.0006249264204652915,0.00655,0.17226,True,True,True,False,8.131252716309106,981.4239194789816,13.510953226761398,9.82445233866193,0.6140221038089599,-13.25861456483126,1000.2459852996917
2025-09-18T15:45:00Z,2025-09-18T16:00:00Z,2025-09-18,2025-09-18_18,0.2470754395718355,10,11,89,148.98994602335955,148.88667728992593,0.00036599911763592465,0.046700000000000005,0.01584,True,True,True,False,8.131252716309106,981.4239194789816,13.510953226761398,9.82445233866193,5.236528971778173,-1.25044404973357,1016.8766626827586
2025-09-18T16:00:00Z,2025-09-18T16:15:00Z,2025-09-18,2025-09-18_19,22.858813346180604,77,100,0,148.88667728992593,164.40573000932176,0.04631161240712679,0.0,22.6795,True,True,True,False,892.6366611683525,0.0,117.91622261693307,89.04677323860273,0.0,9449.406737319914,10549.006394343802
2025-09-18T16:15:00Z,2025-09-18T16:30:00Z,2025-09-18,2025-09-18_19,22.858813346180604,77,100,0,164.40573000932176,158.83548249099087,0.01843590275251451,0.07238,0.7515,True,True,True,False,892.6366611683525,0.0,117.91622261693307,89.04677323860273,6.7851786066706135,-57.841918294849016,1048.54291733571
2025-09-18T16:30:00Z,2025-09-18T16:45:00Z,2025-09-18,2025-09-18_19,22.858813346180604,77,100,0,158.83548249099087,152.5800984065982,0.01754560608686994,0.078155,0.043,True,True,True,False,892.6366611683525,0.0,117.91622261693307,89.04677323860273,7.326549240181567,-3.394513518847444,1103.5316927452225
2025-09-18T16:45:00Z,2025-09-18T17:00:00Z,2025-09-18,2025-09-18_19,22.858813346180604,77,100,0,152.5800984065982,146.2271739130435,0.01801960441363434,0.21329000000000004,0.0945,True,True,True,False,892.6366611683525,0.0,117.91622261693307,89.04677323860273,26.77069424708901,-7.273534635879218,1119.096816635098
2025-09-18T17:00:00Z,2025-09-18T17:15:00Z,2025-09-18,2025-09-18_20,100.0,0,100,0,146.2271739130435,129.56521739130434,0.04628321256038648,0.0,9.671,True,True,True,False,6116.75,0.0,0.0,88.1586737714624,0.0,-480.664159857904,5724.244513913558
2025-09-18T17:15:00Z,2025-09-18T17:30:00Z,2025-09-18,2025-09-18_20,100.0,0,100,0,129.56521739130434,104.30271739130434,0.07017361111111112,0.0,1.7585,True,True,True,False,6116.75,0.0,0.0,88.1586737714624,0.0,-129.0212178804026,6075.88745589106
2025-09-18T17:30:00Z,2025-09-18T17:45:00Z,2025-09-18,2025-09-18_20,100.0,0,100,0,104.30271739130434,79.29293478260868,0.06947161835748793,0.0,1.991,True,True,True,False,6116.75,0.0,0.0,88.1586737714624,0.0,-153.2445233866193,6051.664150384843
2025-09-18T17:45:00Z,2025-09-18T18:00:00Z,2025-09-18,2025-09-18_20,100.0,0,100,0,79.29293478260868,64.34782608695652,0.04151419082125603,0.0,11.2505,True,True,True,False,6116.75,0.0,0.0,88.1586737714624,0.0,-486.4381371620288,5718.470536609434
2025-09-18T18:00:00Z,2025-09-18T18:15:00Z,2025-09-18,2025-09-18_21,0.0,0,0,100,64.34782608695652,64.34782608695652,0.0,0.0,0.0,True,False,True,False,0.0,1102.7235050325635,0.0,0.0,0.0,0.0,1102.7235050325635
2025-09-18T18:15:00Z,2025-09-18T18:30:00Z,2025-09-18,2025-09-18_21,0.0,0,0,100,64.34782608695652,64.34782608695652,0.0,0.0,0.0,True,False,True,False,0.0,1102.7235050325635,0.0,0.0,0.0,0.0,1102.7235050325635
2025-09-18T18:30:00Z,2025-09-18T18:45:00Z,2025-09-18,2025-09-18_21,0.0,0,0,100,64.34782608695652,64.34782608695652,0.0,0.0,0.0,True,False,True,False,0.0,1102.7235050325635,0.0,0.0,0.0,0.0,1102.7235050325635
2025-09-18T18:45:00Z,2025-09-18T19:00:00Z,2025-09-18,2025-09-18_21,0.0,0,0,100,64.34782608695652,64.34782608695652,0.0,0.0,0.0,True,False,True,False,0.0,1102.7235050325635,0.0,0.0,0.0,0.0,1102.7235050325635
2025-09-18T19:00:00Z,2025-09-18T19:15:00Z,2025-09-18,2025-09-18_22,59.85123542783319,40,100,0,64.34782608695652,52.34872206557371,0.04191148307794302,0.0,4.1815,True,True,True,False,1645.9089742654128,0.0,56.506808762581414,88.6915334517466,0.0,-92.35363064929938,1698.7536858304413
2025-09-18T19:15:00Z,2025-09-18T19:30:00Z,2025-09-18,2025-09-18_22,59.85123542783319,40,100,0,52.34872206557371,41.07427514099198,0.041356526778509074,0.0,4.892,True,True,True,False,1645.9089742654128,0.0,56.506808762581414,88.6915334517466,0.0,-239.00031576869944,1552.1070007110413
2025-09-18T19:30:00Z,2025-09-18T19:45:00Z,2025-09-18,2025-09-18_22,59.85123542783319,40,100,0,41.07427514099198,36.5507153715493,0.036186567952396054,0.0,11.511,True,True,True,False,1645.9089742654128,0.0,56.506808762581414,88.6915334517466,0.0,-316.4627655417406,1474.644550938
2025-09-18T19:45:00Z,2025-09-18T20:00:00Z,2025-09-18,2025-09-18_22,59.85123542783319,40,100,0,36.5507153715493,38.333355221418415,0.03135715936773724,0.0,17.694,True,True,True,False,1645.9089742654128,0.0,56.506808762581414,88.6915334517466,0.0,9649.197840142097,11440.305156621836
2025-09-18T20:00:00Z,2025-09-18T20:15:00Z,2025-09-18,2025-09-18_23,73.6776125956957,26,100,0,38.333355221418415,25.303558052135525,0.04521187245630623,0.0,6.703,True,True,True,False,1919.8543902123408,0.0,36.544701006512724,91.41503848431024,0.0,1240.0325111505822,3287.846640853746
2025-09-18T20:15:00Z,2025-09-18T20:30:00Z,2025-09-18,2025-09-18_23,73.6776125956957,26,100,0,25.303558052135525,16.792599885127444,0.03848834211414377,0.0,11.0355,True,True,True,False,1919.8543902123408,0.0,36.544701006512724,91.41503848431024,0.0,158.05135879218471,2205.8654884953485
2025-09-18T20:30:00Z,2025-09-18T20:45:00Z,2025-09-18,2025-09-18_23,73.6776125956957,26,100,0,16.792599885127444,9.999999999999979,0.03593161591940341,0.0,12.683,True,True,True,False,1919.8543902123408,0.0,36.544701006512724,91.41503848431024,0.0,165.99536431813695,2213.809494021301
2025-09-18T20:45:00Z,2025-09-18T21:00:00Z,2025-09-18,2025-09-18_23,73.6776125956957,26,100,0,9.999999999999979,9.99999999999997,0.02582498202365431,0.0,19.1955,True,True,True,False,1919.8543902123408,0.0,36.544701006512724,91.41503848431024,0.0,-699.7776918294849,1348.036437873679
2025-09-18T21:00:00Z,2025-09-18T21:15:00Z,2025-09-19,2025-09-18_24,-2.4069093137895926e-14,100,100,0,9.99999999999997,17.380239999999976,0.020500666666666684,0.0,8.022,True,True,True,False,-5.307235036906052e-13,0.0,136.58151691488314,89.50586842883914,0.0,-184.58591143110763,41.50147391261411
2025-09-18T21:15:00Z,2025-09-18T21:30:00Z,2025-09-19,2025-09-18_24,-2.4069093137895926e-14,100,100,0,17.380239999999976,24.00883999999998,0.018412777777777795,0.0,7.205,True,True,True,False,-5.307235036906052e-13,0.0,136.58151691488314,89.50586842883914,0.0,-270.03649275076435,-43.94910740704261
2025-09-18T21:30:00Z,2025-09-18T21:45:00Z,2025-09-19,2025-09-18_24,-2.4069093137895926e-14,100,100,0,24.00883999999998,30.294279999999986,0.01745955555555557,0.0,6.831999999999999,True,True,True,False,-5.307235036906052e-13,0.0,136.58151691488314,89.50586842883914,0.0,-240.87264148338096,-14.785256139659216
2025-09-18T21:45:00Z,2025-09-18T22:00:00Z,2025-09-19,2025-09-18_24,-2.4069093137895926e-14,100,100,0,30.294279999999986,39.67413999999999,0.026055166666666685,0.0,10.1955,True,True,True,False,-5.307235036906052e-13,0.0,136.58151691488314,89.50586842883914,0.0,-14.21075115889141,211.87663418483032
2025-09-18T22:00:00Z,2025-09-18T22:15:00Z,2025-09-19,2025-09-19_1,0.0,100,100,0,39.67413999999999,47.84879999999999,0.02270738888888889,0.0,8.8855,True,True,True,False,0.0,0.0,99.71397573725221,91.75461090837362,0.0,279.6001047440576,471.0686913896834
2025-09-18T22:15:00Z,2025-09-18T22:30:00Z,2025-09-19,2025-09-19_1,0.0,100,100,0,47.84879999999999,57.17069999999999,0.02589416666666667,0.0,10.1325,True,True,True,False,0.0,0.0,99.71397573725221,91.75461090837362,0.0,-31.563751849294807,159.90483479633102
2025-09-18T22:30:00Z,2025-09-18T22:45:00Z,2025-09-19,2025-09-19_1,0.0,100,100,0,57.17069999999999,71.40172,0.03953061111111112,0.0,15.468500000000002,True,True,True,False,0.0,0.0,99.71397573725221,91.75461090837362,0.0,1127.6092537725617,1319.0778404181876
2025-09-18T22:45:00Z,2025-09-18T23:00:00Z,2025-09-19,2025-09-19_1,0.0,100,100,0,71.40172,93.04012,0.06010666666666667,0.0,23.52,True,True,True,False,0.0,0.0,99.71397573725221,91.75461090837362,0.0,3906.073735082355,4097.542321727981
2025-09-18T23:00:00Z,2025-09-18T23:15:00Z,2025-09-19,2025-09-19_2,0.0,0,0,100,93.04012,93.04012,0.0,0.0,0.0,True,False,True,False,0.0,1102.1797021402506,0.0,0.0,0.0,0.0,1102.1797021402506
2025-09-18T23:15:00Z,2025-09-18T23:30:00Z,2025-09-19,2025-09-19_2,0.0,0,0,100,93.04012,93.04012,0.0,0.0,0.0,True,False,True,False,0.0,1102.1797021402506,0.0,0.0,0.0,0.0,1102.1797021402506
2025-09-18T23:30:00Z,2025-09-18T23:45:00Z,2025-09-19,2025-09-19_2,0.0,0,0,100,93.04012,93.04012,0.0,0.0,0.0,True,False,True,False,0.0,1102.1797021402506,0.0,0.0,0.0,0.0,1102.1797021402506
2025-09-18T23:45:00Z,2025-09-19T00:00:00Z,2025-09-19,2025-09-19_2,0.0,0,0,100,93.04012,93.04012,0.0,0.0,0.0,True,False,True,False,0.0,1102.1797021402506,0.0,0.0,0.0,0.0,1102.1797021402506
2025-09-19T00:00:00Z,2025-09-19T00:15:00Z,2025-09-19,2025-09-19_3,0.0,0,0,100,93.04012,93.04012,0.0,0.0,0.0,True,False,True,False,0.0,1102.1797021402506,0.0,0.0,0.0,0.0,1102.1797021402506
2025-09-19T00:15:00Z,2025-09-19T00:30:00Z,2025-09-19,2025-09-19_3,0.0,0,0,100,93.04012,93.04012,0.0,0.0,0.0,True,False,True,False,0.0,1102.1797021402506,0.0,0.0,0.0,0.0,1102.1797021402506
2025-09-19T00:30:00Z,2025-09-19T00:45:00Z,2025-09-19,2025-09-19_3,0.0,0,0,100,93.04012,93.04012,0.0,0.0,0.0,True,False,True,False,0.0,1102.1797021402506,0.0,0.0,0.0,0.0,1102.1797021402506
2025-09-19T00:45:00Z,2025-09-19T01:00:00Z,2025-09-19,2025-09-19_3,0.0,0,0,100,93.04012,93.04012,0.0,0.0,0.0,True,False,True,False,0.0,1102.1797021402506,0.0,0.0,0.0,0.0,1102.1797021402506
2025-09-19T01:00:00Z,2025-09-19T01:15:00Z,2025-09-19,2025-09-19_4,0.0,21,21,79,93.04012,96.5751004,0.009819389999999999,0.0,3.84237,True,True,True,False,0.0,870.7219646907979,20.803235033040732,19.26846829075846,0.0,325.7855290403393,1236.5791970549365
2025-09-19T01:15:00Z,2025-09-19T01:30:00Z,2025-09-19,2025-09-19_4,0.0,21,21,79,96.5751004,97.3437466,0.0021351283333333336,0.0,0.835485,True,True,True,False,0.0,870.7219646907979,20.803235033040732,19.26846829075846,0.0,-30.598577185126736,880.1950908294704
2025-09-19T01:30:00Z,2025-09-19T01:45:00Z,2025-09-19,2025-09-19_4,0.0,21,21,79,97.3437466,98.3295496,0.002738341666666667,0.0,1.071525,True,True,True,False,0.0,870.7219646907979,20.803235033040732,19.26846829075846,0.0,-27.939335358516622,882.8543326560805
2025-09-19T01:45:00Z,2025-09-19T02:00:00Z,2025-09-19,2025-09-19_4,0.0,21,21,79,98.3295496,99.54613,0.00337939,0.0,1.32237,True,True,True,False,0.0,870.7219646907979,20.803235033040732,19.26846829075846,0.0,-37.49040896538121,873.3032590492159
2025-09-19T02:00:00Z,2025-09-19T02:15:00Z,2025-09-19,2025-09-19_5,0.0,100,100,0,99.54613,113.46297000000001,0.038657888888888894,0.0,15.127000000000002,True,True,True,False,0.0,0.0,105.09912220140055,87.96725515336819,0.0,924.7894956110072,1117.855872965776
2025-09-19T02:15:00Z,2025-09-19T02:30:00Z,2025-09-19,2025-09-19_5,0.0,100,100,0,113.46297000000001,123.62575000000001,0.028229944444444443,0.0,11.0465,True,True,True,False,0.0,0.0,105.09912220140055,87.96725515336819,0.0,30.44079396390177,223.5071713186705
2025-09-19T02:30:00Z,2025-09-19T02:45:00Z,2025-09-19,2025-09-19_5,0.0,100,100,0,123.62575000000001,136.10095,0.034653333333333335,0.0,13.56,True,True,True,False,0.0,0.0,105.09912220140055,87.96725515336819,0.0,399.70905217477076,592.7754295295395
2025-09-19T02:45:00Z,2025-09-19T03:00:00Z,2025-09-19,2025-09-19_5,0.0,100,100,0,136.10095,143.82527000000002,0.021456444444444448,0.0,8.396,True,True,True,False,0.0,0.0,105.09912220140055,87.96725515336819,0.0,-40.83640832429234,152.22996903047638
2025-09-19T03:00:00Z,2025-09-19T03:15:00Z,2025-09-19,2025-09-19_6,6.178632484870436e-14,0,0,100,143.82527000000002,143.82527,4.663822829763312e-17,0.0,0.0,True,False,True,False,1.4081103433019724e-12,1102.1797021402506,0.0,0.0,0.0,0.0,1102.179702140252
2025-09-19T03:15:00Z,2025-09-19T03:30:00Z,2025-09-19,2025-09-19_6,6.178632484870436e-14,0,0,100,143.82527,143.82526999999996,4.663822829763312e-17,0.0,0.0,True,False,True,False,1.4081103433019724e-12,1102.1797021402506,0.0,0.0,0.0,0.0,1102.179702140252
2025-09-19T03:30:00Z,2025-09-19T03:45:00Z,2025-09-19,2025-09-19_6,6.178632484870436e-14,0,0,100,143.82526999999996,143.82526999999993,4.663822829763312e-17,0.0,0.0,True,False,True,False,1.4081103433019724e-12,1102.1797021402506,0.0,0.0,0.0,0.0,1102.179702140252
2025-09-19T03:45:00Z,2025-09-19T04:00:00Z,2025-09-19,2025-09-19_6,6.178632484870436e-14,0,0,100,143.82526999999993,143.8252699999999,4.663822829763312e-17,0.0,0.0,True,False,True,False,1.4081103433019724e-12,1102.1797021402506,0.0,0.0,0.0,0.0,1102.179702140252
2025-09-19T04:00:00Z,2025-09-19T04:15:00Z,2025-09-19,2025-09-19_7,0.0,0,0,100,143.8252699999999,143.8252699999999,0.0,0.0,0.0,True,True,True,False,0.0,1102.1797021402506,0.0,0.0,0.0,0.0,1102.1797021402506
2025-09-19T04:15:00Z,2025-09-19T04:30:00Z,2025-09-19,2025-09-19_7,0.0,0,0,100,143.8252699999999,143.8252699999999,0.0,0.0,0.0,True,True,True,False,0.0,1102.1797021402506,0.0,0.0,0.0,0.0,1102.1797021402506
2025-09-19T04:30:00Z,2025-09-19T04:45:00Z,2025-09-19,2025-09-19_7,0.0,0,0,100,143.8252699999999,143.8252699999999,0.0,0.0,0.0,True,True,True,False,0.0,1102.1797021402506,0.0,0.0,0.0,0.0,1102.1797021402506
2025-09-19T04:45:00Z,2025-09-19T05:00:00Z,2025-09-19,2025-09-19_7,0.0,0,0,100,143.8252699999999,143.8252699999999,0.0,0.0,0.0,True,True,True,False,0.0,1102.1797021402506,0.0,0.0,0.0,0.0,1102.1797021402506
2025-09-19T05:00:00Z,2025-09-19T05:15:00Z,2025-09-19,2025-09-19_8,73.0,0,73,27,143.8252699999999,123.98831347826076,0.05510265700483091,0.0,0.0,True,True,True,False,2521.2375,297.58851957786766,0.0,62.639313541769404,0.0,0.0,2881.4653331196373
2025-09-19T05:15:00Z,2025-09-19T05:30:00Z,2025-09-19,2025-09-19_8,73.0,0,73,27,123.98831347826076,104.15135695652164,0.05510265700483092,0.0,0.0,True,True,True,False,2521.2375,297.58851957786766,0.0,62.639313541769404,0.0,0.0,2881.4653331196373
2025-09-19T05:30:00Z,2025-09-19T05:45:00Z,2025-09-19,2025-09-19_8,73.0,0,73,27,104.15135695652164,84.31440043478251,0.05510265700483091,0.0,0.0,True,True,True,False,2521.2375,297.58851957786766,0.0,62.639313541769404,0.0,0.0,2881.4653331196373
2025-09-19T05:45:00Z,2025-09-19T06:00:00Z,2025-09-19,2025-09-19_8,73.0,0,73,27,84.31440043478251,64.47744391304337,0.05510265700483092,0.0,0.0,True,True,True,False,2521.2375,297.58851957786766,0.0,62.639313541769404,0.0,0.0,2881.4653331196373
2025-09-19T06:00:00Z,2025-09-19T06:15:00Z,2025-09-19,2025-09-19_9,0.0,0,0,100,64.47744391304337,64.47744391304337,0.0,0.0,0.0,True,False,True,False,0.0,1102.1797021402506,0.0,0.0,0.0,0.0,1102.1797021402506
2025-09-19T06:15:00Z,2025-09-19T06:30:00Z,2025-09-19,2025-09-19_9,0.0,0,0,100,64.47744391304337,64.47744391304337,0.0,0.0,0.0,True,False,True,False,0.0,1102.1797021402506,0.0,0.0,0.0,0.0,1102.1797021402506
2025-09-19T06:30:00Z,2025-09-19T06:45:00Z,2025-09-19,2025-09-19_9,0.0,0,0,100,64.47744391304337,64.47744391304337,0.0,0.0,0.0,True,False,True,False,0.0,1102.1797021402506,0.0,0.0,0.0,0.0,1102.1797021402506
2025-09-19T06:45:00Z,2025-09-19T07:00:00Z,2025-09-19,2025-09-19_9,0.0,0,0,100,64.47744391304337,64.47744391304337,0.0,0.0,0.0,True,False,True,False,0.0,1102.1797021402506,0.0,0.0,0.0,0.0,1102.1797021402506
2025-09-19T07:00:00Z,2025-09-19T07:15:00Z,2025-09-19,2025-09-19_10,-33.524019095174445,100,66,0,64.47744391304337,47.59674818364178,0.048887177708104586,23.8595,0.00825,True,True,True,False,-409.99875353398346,0.0,104.83282374987671,60.51898609330309,26724.36727813394,-0.6509517703915575,26479.069382672747
2025-09-19T07:15:00Z,2025-09-19T07:30:00Z,2025-09-19,2025-09-19_10,-33.524019095174445,100,66,0,47.59674818364178,43.176175977020655,0.03495430602729821,11.7665,0.0,True,True,True,False,-409.99875353398346,0.0,104.83282374987671,60.51898609330309,2310.572019232666,0.0,2065.9250755418625
2025-09-19T07:30:00Z,2025-09-19T07:45:00Z,2025-09-19,2025-09-19_10,-33.524019095174445,100,66,0,43.176175977020655,48.12024203226381,0.024636219968520008,2.716,0.03663,True,True,True,False,-409.99875353398346,0.0,104.83282374987671,60.51898609330309,336.45344037873565,-2.890225860538515,88.91627082739348
2025-09-19T07:45:00Z,2025-09-19T08:00:00Z,2025-09-19,2025-09-19_10,-33.524019095174445,100,66,0,48.12024203226381,59.593436159190155,0.03188001931104312,0.0025,4.0926599999999995,True,True,True,False,-409.99875353398346,0.0,104.83282374987671,60.51898609330309,0.2416411874938357,41.35608912516027,-203.04921337814955
2025-09-19T08:00:00Z,2025-09-19T08:15:00Z,2025-09-19,2025-09-19_11,0.0,9,9,91,59.593436159190155,59.774114993972766,0.0005344943478260869,0.005399999999999999,0.20277,True,True,True,False,0.0,1002.9835289476281,6.026333957984021,15.245586349738634,0.582306302396686,-9.49317182562383,1015.3445837321236
2025-09-19T08:15:00Z,2025-09-19T08:30:00Z,2025-09-19,2025-09-19_11,0.0,9,9,91,59.774114993972766,59.844024724407554,0.00019772630434782609,0.0005849999999999999,0.07668,True,True,True,False,0.0,1002.9835289476281,6.026333957984021,15.245586349738634,0.0599171782227044,-5.011388539303679,1019.3039778942698
2025-09-19T08:30:00Z,2025-09-19T08:45:00Z,2025-09-19,2025-09-19_11,0.0,9,9,91,59.844024724407554,60.07350492440755,0.0006374449999999999,0.0,0.249435,True,True,True,False,0.0,1002.9835289476281,6.026333957984021,15.245586349738634,0.0,16.915771935102082,1041.1712211904528
2025-09-19T08:45:00Z,2025-09-19T09:00:00Z,2025-09-19,2025-09-19_11,0.0,9,9,91,60.07350492440755,60.45248052440755,0.0010527099999999999,0.0,0.41192999999999996,True,True,True,False,0.0,1002.9835289476281,6.026333957984021,15.245586349738634,0.0,-4.166022507150607,1020.0894267482001
2025-09-19T09:00:00Z,2025-09-19T09:15:00Z,2025-09-19,2025-09-19_12,-9.0,9,0,91,60.45248052440755,62.51920992440755,0.005740915000000001,0.003555,0.0,True,True,True,False,-13.32,1002.9835289476281,5.983726205740211,0.0,0.3331391586941513,0.0,995.9803943120625
2025-09-19T09:15:00Z,2025-09-19T09:30:00Z,2025-09-19,2025-09-19_12,-9.0,9,0,91,62.51920992440755,64.47498732440755,0.005432715,0.124155,0.0,True,True,True,False,-13.32,1002.9835289476281,5.983726205740211,0.0,13.110885554788442,0.0,1008.7581407081567
2025-09-19T09:30:00Z,2025-09-19T09:45:00Z,2025-09-19,2025-09-19_12,-9.0,9,0,91,64.47498732440755,66.53074572440755,0.00571044,0.015479999999999999,0.0,True,True,True,False,-13.32,1002.9835289476281,5.983726205740211,0.0,1.4619782858270047,0.0,997.1092334391954
2025-09-19T09:45:00Z,2025-09-19T10:00:00Z,2025-09-19,2025-09-19_12,-9.0,9,0,91,66.53074572440755,68.55831072440755,0.005632125,0.04612499999999999,0.0,True,True,True,False,-13.32,1002.9835289476281,5.983726205740211,0.0,4.831556218561987,0.0,1000.4788113719303
2025-09-19T10:00:00Z,2025-09-19T10:15:00Z,2025-09-19,2025-09-19_13,-42.00000000000036,42,0,58,68.55831072440755,77.77298472440762,0.0255963166666669,0.48405000000000004,0.0,True,True,True,False,-10.39500000000009,639.2642272413453,27.924055626787652,0.0,50.84554009271132,0.0,707.6388229608442
2025-09-19T10:15:00Z,2025-09-19T10:30:00Z,2025-09-19,2025-09-19_13,-42.00000000000036,42,0,58,77.77298472440762,85.9579027244077,0.022735883333333564,1.60335,0.0,True,True,True,False,-10.39500000000009,639.2642272413453,27.924055626787652,0.0,175.5569414439294,0.0,832.3502243120623
2025-09-19T10:30:00Z,2025-09-19T10:45:00Z,2025-09-19,2025-09-19_13,-42.00000000000036,42,0,58,85.9579027244077,95.60515152440779,0.02679791333333357,0.01386,0.0,True,True,True,False,-10.39500000000009,639.2642272413453,27.924055626787652,0.0,1.2415273735082357,0.0,658.0348102416411
2025-09-19T10:45:00Z,2025-09-19T11:00:00Z,2025-09-19,2025-09-19_13,-42.00000000000036,42,0,58,95.60515152440779,105.26090112440788,0.026821526666666904,0.00462,0.0,True,True,True,False,-10.39500000000009,639.2642272413453,27.924055626787652,0.0,0.41363467403096954,0.0,657.2069175421639
2025-09-19T11:00:00Z,2025-09-19T11:15:00Z,2025-09-19,2025-09-19_14,-9.0,9,0,91,105.26090112440788,107.31657672440788,0.00571021,0.015569999999999997,0.0,True,True,True,False,-0.0,1002.9835289476281,5.214123680836374,0.0,1.38208896340862,0.0,1009.5797415918731
2025-09-19T11:15:00Z,2025-09-19T11:30:00Z,2025-09-19,2025-09-19_14,-9.0,9,0,91,107.31657672440788,109.38330612440788,0.005740915,0.003555,0.0,True,True,True,False,-0.0,1002.9835289476281,5.214123680836374,0.0,0.3155636650557254,0.0,1008.5132162935201
2025-09-19T11:30:00Z,2025-09-19T11:45:00Z,2025-09-19,2025-09-19_14,-9.0,9,0,91,109.38330612440788,111.45330612440789,0.00575,0.0,0.0,True,True,True,False,-0.0,1002.9835289476281,5.214123680836374,0.0,0.0,0.0,1008.1976526284644
2025-09-19T11:45:00Z,2025-09-19T12:00:00Z,2025-09-19,2025-09-19_14,-9.0,9,0,91,111.45330612440789,113.4930013244079,0.00566582,0.03294,0.0,True,True,True,False,-0.0,1002.9835289476281,5.214123680836374,0.0,3.018855646513463,0.0,1011.216508274978
2025-09-19T12:00:00Z,2025-09-19T12:15:00Z,2025-09-19,2025-09-19_15,-9.0,9,0,91,113.4930013244079,115.5516577244079,0.00571849,0.01233,0.0,True,True,True,False,-0.0,1002.9835289476281,5.214123680836374,0.0,1.094486635762896,0.0,1009.2921392642273
2025-09-19T12:15:00Z,2025-09-19T12:30:00Z,2025-09-19,2025-09-19_15,-9.0,9,0,91,115.5516577244079,117.6132949244079,0.00572677,0.00909,0.0,True,True,True,False,-0.0,1002.9835289476281,5.214123680836374,0.0,0.8068843081171714,0.0,1009.0045369365816
2025-09-19T12:30:00Z,2025-09-19T12:45:00Z,2025-09-19,2025-09-19_15,-9.0,9,0,91,117.6132949244079,119.5931257244079,0.005499529999999999,0.09801,0.0,True,True,True,False,-0.0,1002.9835289476281,5.214123680836374,0.0,10.11288427261071,0.0,1018.3105369010751
2025-09-19T12:45:00Z,2025-09-19T13:00:00Z,2025-09-19,2025-09-19_15,-9.0,9,0,91,119.5931257244079,121.46506812440789,0.005199840000000001,0.21528,0.0,True,True,True,False,-0.0,1002.9835289476281,5.214123680836374,0.0,22.353024132557454,0.0,1030.5506767610218
2025-09-19T13:00:00Z,2025-09-19T13:15:00Z,2025-09-19,2025-09-19_16,-100.0,100,0,0,121.46506812440789,142.8619681244079,0.05943583333333334,1.7425,0.0,True,True,True,False,-299.25,0.0,112.37794654305159,0.0,182.17589160666734,0.0,-4.696161850281072
2025-09-19T13:15:00Z,2025-09-19T13:30:00Z,2025-09-19,2025-09-19_16,-100.0,100,0,0,142.8619681244079,164.46632812440788,0.06001211111111112,1.517,0.0,True,True,True,False,-299.25,0.0,112.37794654305159,0.0,153.87308491961733,0.0,-32.99896853733108
2025-09-19T13:30:00Z,2025-09-19T13:45:00Z,2025-09-19,2025-09-19_16,-100.0,100,0,0,164.46632812440788,179.3326081244079,0.04129522222222223,8.841,0.0,True,True,True,False,-299.25,0.0,112.37794654305159,0.0,1047.779269158694,0.0,860.9072157017456
2025-09-19T13:45:00Z,2025-09-19T14:00:00Z,2025-09-19,2025-09-19_16,-100.0,100,0,0,179.3326081244079,184.5076081244079,0.014374999999999999,19.375,0.0,True,True,True,False,-299.25,0.0,112.37794654305159,0.0,3652.0776210671665,0.0,3465.205567610218
2025-09-19T14:00:00Z,2025-09-19T14:15:00Z,2025-09-19,2025-09-19_17,-32.70538397633413,100,67,0,184.5076081244079,189.9999999999999,0.02344090476744532,2.014,0.0536,True,True,True,False,-646.7489681320075,0.0,113.38396291547491,61.7333070322517,202.23905079396388,-2.301622803037775,-271.6942701933547
2025-09-19T14:15:00Z,2025-09-19T14:30:00Z,2025-09-19,2025-09-19_17,-32.70538397633413,100,67,0,189.9999999999999,187.7355342423686,0.03223354680273631,9.48,0.0,True,True,True,False,-646.7489681320075,0.0,113.38396291547491,61.7333070322517,1376.5924923562484,0.0,904.9607941719676
2025-09-19T14:30:00Z,2025-09-19T14:45:00Z,2025-09-19,2025-09-19_17,-32.70538397633413,100,67,0,187.7355342423686,189.9999999999999,0.02698652803499821,5.093,0.0,True,True,True,False,-646.7489681320075,0.0,113.38396291547491,61.7333070322517,641.0669961534669,0.0,169.43529796918605
2025-09-19T14:45:00Z,2025-09-19T15:00:00Z,2025-09-19,2025-09-19_17,-32.70538397633413,100,67,0,189.9999999999999,178.73806384773192,0.04265761611438925,18.1955,0.0,True,True,True,False,-646.7489681320075,0.0,113.38396291547491,61.7333070322517,4914.156078212841,0.0,4442.52438002856
2025-09-19T15:00:00Z,2025-09-19T15:15:00Z,2025-09-19,2025-09-19_18,-17.900549606702473,98,80,2,178.73806384773192,180.82667849027857,0.016435683287850878,2.1545300000000003,0.26920000000000005,True,True,True,False,-518.1761597400199,22.04359404280501,132.3130486241247,69.33228129006807,384.9084101193412,-20.710531216096264,69.71064312022284
2025-09-19T15:15:00Z,2025-09-19T15:30:00Z,2025-09-19,2025-09-19_18,-17.900549606702473,98,80,2,180.82667849027857,184.78815656755444,0.0117828504268122,0.15778,0.011999999999999999,True,True,True,False,-518.1761597400199,22.04359404280501,132.3130486241247,69.33228129006807,19.4453618187198,-0.9310575007397179,-275.97293146504205
2025-09-19T15:30:00Z,2025-09-19T15:45:00Z,2025-09-19,2025-09-19_18,-17.900549606702473,98,80,2,184.78815656755444,187.91356767093862,0.013402534682338782,0.95648,0.020399999999999998,True,True,True,False,-518.1761597400199,22.04359404280501,132.3130486241247,69.33228129006807,148.32411483578264,-1.5749105828977217,-147.73803153013722
2025-09-19T15:45:00Z,2025-09-19T16:00:00Z,2025-09-19,2025-09-19_18,-17.900549606702473,98,80,2,187.91356767093862,189.0800000000001,0.017025321301794998,2.793,0.0,True,True,True,False,-518.1761597400199,22.04359404280501,132.3130486241247,69.33228129006807,438.75140309695246,0.0,144.26416731393033
2025-09-19T16:00:00Z,2025-09-19T16:15:00Z,2025-09-19,2025-09-19_19,91.80460049154055,8,100,0,189.0800000000001,176.85912336335412,0.03891412029431554,0.00128,11.8585,True,True,True,False,5811.001699613288,0.0,11.757372521944966,85.98481112535754,0.19765275470953744,-551.8348705986783,5357.106665416622
2025-09-19T16:15:00Z,2025-09-19T16:30:00Z,2025-09-19,2025-09-19_19,91.80460049154055,8,100,0,176.85912336335412,167.25037647117398,0.0326771201463539,0.0,14.291,True,True,True,False,5811.001699613288,0.0,11.757372521944966,85.98481112535754,0.0,-323.318546602229,5585.425336658362
2025-09-19T16:30:00Z,2025-09-19T16:45:00Z,2025-09-19,2025-09-19_19,91.80460049154055,8,100,0,167.25037647117398,143.3354782391461,0.06685208097344507,0.04488,1.007,True,True,True,False,5811.001699613288,0.0,11.757372521944966,85.98481112535754,8.09204238682316,-78.22162264523128,5838.614303002182
2025-09-19T16:45:00Z,2025-09-19T17:00:00Z,2025-09-19,2025-09-19_19,91.80460049154055,8,100,0,143.3354782391461,117.067662888184,0.07296615375267253,1.21524,0.0,True,True,True,False,5811.001699613288,0.0,11.757372521944966,85.98481112535754,391.2840275530132,0.0,6300.027910813604
2025-09-19T17:00:00Z,2025-09-19T17:15:00Z,2025-09-19,2025-09-19_20,100.0,0,100,0,117.067662888184,89.89374984470575,0.0754830917874396,0.0,0.0,True,True,True,False,10161.0,0.0,0.0,85.6001578064898,0.0,0.0,10246.60015780649
2025-09-19T17:15:00Z,2025-09-19T17:30:00Z,2025-09-19,2025-09-19_20,100.0,0,100,0,89.89374984470575,62.71983680122749,0.07548309178743962,0.0,0.0,True,True,True,False,10161.0,0.0,0.0,85.6001578064898,0.0,0.0,10246.60015780649
2025-09-19T17:30:00Z,2025-09-19T17:45:00Z,2025-09-19,2025-09-19_20,100.0,0,100,0,62.71983680122749,35.54592375774923,0.0754830917874396,0.0,0.0,True,True,True,False,10161.0,0.0,0.0,85.6001578064898,0.0,0.0,10246.60015780649
2025-09-19T17:45:00Z,2025-09-19T18:00:00Z,2025-09-19,2025-09-19_20,100.0,0,100,0,35.54592375774923,12.825815062097057,0.06311141304347827,0.0,4.0975,True,True,True,False,10161.0,0.0,0.0,85.6001578064898,0.0,-217.44028947627976,10029.15986833021
2025-09-19T18:00:00Z,2025-09-19T18:15:00Z,2025-09-19,2025-09-19_21,-5.854086948097481,100,94,0,12.825815062097057,12.104223064843925,0.014138531898383648,2.8395,1.07677,True,True,True,False,-238.3637853091592,0.0,150.81368971298946,79.40723937271922,475.8334343623632,-72.07381606864583,395.6167620702669
2025-09-19T18:15:00Z,2025-09-19T18:30:00Z,2025-09-19,2025-09-19_21,-5.854086948097481,100,94,0,12.104223064843925,11.181474169320632,0.011834424855668577,2.5325,0.49867,True,True,True,False,-238.3637853091592,0.0,150.81368971298946,79.40723937271922,399.52154502416425,-38.73847980865963,352.6402089920541
2025-09-19T18:30:00Z,2025-09-19T18:45:00Z,2025-09-19,2025-09-19_21,-5.854086948097481,100,94,0,11.181474169320632,11.801081641030843,0.005632507963670208,0.688,0.01551,True,True,True,False,-238.3637853091592,0.0,150.81368971298946,79.40723937271922,106.35167649669593,-1.223789328336128,96.98503094490928
2025-09-19T18:45:00Z,2025-09-19T19:00:00Z,2025-09-19,2025-09-19_21,-5.854086948097481,100,94,0,11.801081641030843,15.715956119261921,0.011164593451949076,0.05099999999999999,2.85149,True,True,True,False,-238.3637853091592,0.0,150.81368971298946,79.40723937271922,7.076631028701056,-196.46228932044582,-197.5285145151953
2025-09-19T19:00:00Z,2025-09-19T19:15:00Z,2025-09-19,2025-09-19_22,-66.90285876670863,93,26,7,15.715956119261921,24.095613172838043,0.03572024466440642,7.34328,0.09984,True,True,True,False,-1819.7577584544747,77.15257914981754,131.39609428937766,22.156031166781737,1429.586476741296,-7.336108097445508,-166.80268520464716
2025-09-19T19:15:00Z,2025-09-19T19:30:00Z,2025-09-19,2025-09-19_22,-66.90285876670863,93,26,7,24.095613172838043,32.77725427153725,0.035868838759544115,6.93594,0.0,True,True,True,False,-1819.7577584544747,77.15257914981754,131.39609428937766,22.156031166781737,1318.5810937370552,0.0,-270.47196011144257
2025-09-19T19:30:00Z,2025-09-19T19:45:00Z,2025-09-19,2025-09-19_22,-66.90285876670863,93,26,7,32.77725427153725,47.39938857043588,0.042001480454274355,0.817005,0.026519999999999995,True,True,True,False,-1819.7577584544747,77.15257914981754,131.39609428937766,22.156031166781737,127.50693005030082,-2.0809738396291544,-1463.6270976378262
2025-09-19T19:45:00Z,2025-09-19T20:00:00Z,2025-09-19,2025-09-19_22,-66.90285876670863,93,26,7,47.39938857043588,64.34782608677887,0.04707899310095274,0.0,1.6965000000000001,True,True,True,False,-1819.7577584544747,77.15257914981754,131.39609428937766,22.156031166781737,0.0,-60.179150212052484,-1649.2322040605502
2025-09-19T20:00:00Z,2025-09-19T20:15:00Z,2025-09-19,2025-09-19_23,0.0,0,0,100,64.34782608677887,64.34782608677887,0.0,0.0,0.0,True,True,True,False,0.0,1102.1797021402506,0.0,0.0,0.0,0.0,1102.1797021402506
2025-09-19T20:15:00Z,2025-09-19T20:30:00Z,2025-09-19,2025-09-19_23,0.0,0,0,100,64.34782608677887,64.34782608677887,0.0,0.0,0.0,True,True,True,False,0.0,1102.1797021402506,0.0,0.0,0.0,0.0,1102.1797021402506
2025-09-19T20:30:00Z,2025-09-19T20:45:00Z,2025-09-19,2025-09-19_23,0.0,0,0,100,64.34782608677887,64.34782608677887,0.0,0.0,0.0,True,True,True,False,0.0,1102.1797021402506,0.0,0.0,0.0,0.0,1102.1797021402506
2025-09-19T20:45:00Z,2025-09-19T21:00:00Z,2025-09-19,2025-09-19_23,0.0,0,0,100,64.34782608677887,64.34782608677887,0.0,0.0,0.0,True,True,True,False,0.0,1102.1797021402506,0.0,0.0,0.0,0.0,1102.1797021402506
2025-09-19T21:00:00Z,2025-09-19T21:15:00Z,2025-09-20,2025-09-19_24,0.0,1,1,99,64.34782608677887,64.35589789547451,2.3629420289855077e-05,0.0002,0.00901,True,True,True,False,0.0,1090.6415741635283,1.0578875766478044,0.8396261755949446,0.02106311244306867,-0.5487699146276543,1092.0113811135864
2025-09-19T21:15:00Z,2025-09-19T21:30:00Z,2025-09-20,2025-09-19_24,0.0,1,1,99,64.35589789547451,64.39527185199624,0.00011027789855072466,0.00015,0.042975000000000006,True,True,True,False,0.0,1090.6415741635283,1.0578875766478044,0.8396261755949446,0.016138922297363904,-1.8104084071058182,1090.7448184309626
2025-09-19T21:30:00Z,2025-09-19T21:45:00Z,2025-09-20,2025-09-19_24,0.0,1,1,99,64.39527185199624,64.41309685199624,4.951388888888889e-05,0.0,0.019375,True,True,True,False,0.0,1090.6415741635283,1.0578875766478044,0.8396261755949446,0.0,-1.1979425856188015,1091.3411453301521
2025-09-19T21:45:00Z,2025-09-19T22:00:00Z,2025-09-20,2025-09-19_24,0.0,1,1,99,64.41309685199624,64.47402845199625,0.00016925444444444444,0.0,0.06623,True,True,True,False,0.0,1090.6415741635283,1.0578875766478044,0.8396261755949446,0.0,-1.2816384471302666,1091.2574494686407
2025-09-19T22:00:00Z,2025-09-19T22:15:00Z,2025-09-20,2025-09-20_1,0.0,0,0,100,64.47402845199625,64.47402845199625,0.0,0.0,0.0,True,True,True,False,0.0,1101.6581557207357,0.0,0.0,0.0,0.0,1101.6581557207357
2025-09-19T22:15:00Z,2025-09-19T22:30:00Z,2025-09-20,2025-09-20_1,0.0,0,0,100,64.47402845199625,64.47402845199625,0.0,0.0,0.0,True,True,True,False,0.0,1101.6581557207357,0.0,0.0,0.0,0.0,1101.6581557207357
2025-09-19T22:30:00Z,2025-09-19T22:45:00Z,2025-09-20,2025-09-20_1,0.0,0,0,100,64.47402845199625,64.47402845199625,0.0,0.0,0.0,True,True,True,False,0.0,1101.6581557207357,0.0,0.0,0.0,0.0,1101.6581557207357
2025-09-19T22:45:00Z,2025-09-19T23:00:00Z,2025-09-20,2025-09-20_1,0.0,0,0,100,64.47402845199625,64.47402845199625,0.0,0.0,0.0,True,True,True,False,0.0,1101.6581557207357,0.0,0.0,0.0,0.0,1101.6581557207357
2025-09-19T23:00:00Z,2025-09-19T23:15:00Z,2025-09-20,2025-09-20_2,0.0,0,0,100,64.47402845199625,64.47402845199625,0.0,0.0,0.0,True,True,True,False,0.0,1101.6581557207357,0.0,0.0,0.0,0.0,1101.6581557207357
2025-09-19T23:15:00Z,2025-09-19T23:30:00Z,2025-09-20,2025-09-20_2,0.0,0,0,100,64.47402845199625,64.47402845199625,0.0,0.0,0.0,True,True,True,False,0.0,1101.6581557207357,0.0,0.0,0.0,0.0,1101.6581557207357
2025-09-19T23:30:00Z,2025-09-19T23:45:00Z,2025-09-20,2025-09-20_2,0.0,0,0,100,64.47402845199625,64.47402845199625,0.0,0.0,0.0,True,True,True,False,0.0,1101.6581557207357,0.0,0.0,0.0,0.0,1101.6581557207357
2025-09-19T23:45:00Z,2025-09-20T00:00:00Z,2025-09-20,2025-09-20_2,0.0,0,0,100,64.47402845199625,64.47402845199625,0.0,0.0,0.0,True,True,True,False,0.0,1101.6581557207357,0.0,0.0,0.0,0.0,1101.6581557207357
2025-09-20T00:00:00Z,2025-09-20T00:15:00Z,2025-09-20,2025-09-20_3,0.0,0,0,100,64.47402845199625,64.47402845199625,0.0,0.0,0.0,True,True,True,False,0.0,1101.6581557207357,0.0,0.0,0.0,0.0,1101.6581557207357
2025-09-20T00:15:00Z,2025-09-20T00:30:00Z,2025-09-20,2025-09-20_3,0.0,0,0,100,64.47402845199625,64.47402845199625,0.0,0.0,0.0,True,True,True,False,0.0,1101.6581557207357,0.0,0.0,0.0,0.0,1101.6581557207357
2025-09-20T00:30:00Z,2025-09-20T00:45:00Z,2025-09-20,2025-09-20_3,0.0,0,0,100,64.47402845199625,64.47402845199625,0.0,0.0,0.0,True,True,True,False,0.0,1101.6581557207357,0.0,0.0,0.0,0.0,1101.6581557207357
2025-09-20T00:45:00Z,2025-09-20T01:00:00Z,2025-09-20,2025-09-20_3,0.0,0,0,100,64.47402845199625,64.47402845199625,0.0,0.0,0.0,True,True,True,False,0.0,1101.6581557207357,0.0,0.0,0.0,0.0,1101.6581557207357
2025-09-20T01:00:00Z,2025-09-20T01:15:00Z,2025-09-20,2025-09-20_4,0.0,0,0,100,64.47402845199625,64.47402845199625,0.0,0.0,0.0,True,True,True,False,0.0,1101.6581557207357,0.0,0.0,0.0,0.0,1101.6581557207357
2025-09-20T01:15:00Z,2025-09-20T01:30:00Z,2025-09-20,2025-09-20_4,0.0,0,0,100,64.47402845199625,64.47402845199625,0.0,0.0,0.0,True,True,True,False,0.0,1101.6581557207357,0.0,0.0,0.0,0.0,1101.6581557207357
2025-09-20T01:30:00Z,2025-09-20T01:45:00Z,2025-09-20,2025-09-20_4,0.0,0,0,100,64.47402845199625,64.47402845199625,0.0,0.0,0.0,True,True,True,False,0.0,1101.6581557207357,0.0,0.0,0.0,0.0,1101.6581557207357
2025-09-20T01:45:00Z,2025-09-20T02:00:00Z,2025-09-20,2025-09-20_4,0.0,0,0,100,64.47402845199625,64.47402845199625,0.0,0.0,0.0,True,True,True,False,0.0,1101.6581557207357,0.0,0.0,0.0,0.0,1101.6581557207357
2025-09-20T02:00:00Z,2025-09-20T02:15:00Z,2025-09-20,2025-09-20_5,0.0,0,0,100,64.47402845199625,64.47402845199625,0.0,0.0,0.0,True,True,True,False,0.0,1101.6581557207357,0.0,0.0,0.0,0.0,1101.6581557207357
2025-09-20T02:15:00Z,2025-09-20T02:30:00Z,2025-09-20,2025-09-20_5,0.0,0,0,100,64.47402845199625,64.47402845199625,0.0,0.0,0.0,True,True,True,False,0.0,1101.6581557207357,0.0,0.0,0.0,0.0,1101.6581557207357
2025-09-20T02:30:00Z,2025-09-20T02:45:00Z,2025-09-20,2025-09-20_5,0.0,0,0,100,64.47402845199625,64.47402845199625,0.0,0.0,0.0,True,True,True,False,0.0,1101.6581557207357,0.0,0.0,0.0,0.0,1101.6581557207357
2025-09-20T02:45:00Z,2025-09-20T03:00:00Z,2025-09-20,2025-09-20_5,0.0,0,0,100,64.47402845199625,64.47402845199625,0.0,0.0,0.0,True,True,True,False,0.0,1101.6581557207357,0.0,0.0,0.0,0.0,1101.6581557207357
2025-09-20T03:00:00Z,2025-09-20T03:15:00Z,2025-09-20,2025-09-20_6,0.0,0,0,100,64.47402845199625,64.47402845199625,0.0,0.0,0.0,True,True,True,False,0.0,1101.6581557207357,0.0,0.0,0.0,0.0,1101.6581557207357
2025-09-20T03:15:00Z,2025-09-20T03:30:00Z,2025-09-20,2025-09-20_6,0.0,0,0,100,64.47402845199625,64.47402845199625,0.0,0.0,0.0,True,True,True,False,0.0,1101.6581557207357,0.0,0.0,0.0,0.0,1101.6581557207357
2025-09-20T03:30:00Z,2025-09-20T03:45:00Z,2025-09-20,2025-09-20_6,0.0,0,0,100,64.47402845199625,64.47402845199625,0.0,0.0,0.0,True,True,True,False,0.0,1101.6581557207357,0.0,0.0,0.0,0.0,1101.6581557207357
2025-09-20T03:45:00Z,2025-09-20T04:00:00Z,2025-09-20,2025-09-20_6,0.0,0,0,100,64.47402845199625,64.47402845199625,0.0,0.0,0.0,True,True,True,False,0.0,1101.6581557207357,0.0,0.0,0.0,0.0,1101.6581557207357
2025-09-20T04:00:00Z,2025-09-20T04:15:00Z,2025-09-20,2025-09-20_7,0.0,0,0,100,64.47402845199625,64.47402845199625,0.0,0.0,0.0,True,True,True,False,0.0,1101.6581557207357,0.0,0.0,0.0,0.0,1101.6581557207357
2025-09-20T04:15:00Z,2025-09-20T04:30:00Z,2025-09-20,2025-09-20_7,0.0,0,0,100,64.47402845199625,64.47402845199625,0.0,0.0,0.0,True,True,True,False,0.0,1101.6581557207357,0.0,0.0,0.0,0.0,1101.6581557207357
2025-09-20T04:30:00Z,2025-09-20T04:45:00Z,2025-09-20,2025-09-20_7,0.0,0,0,100,64.47402845199625,64.47402845199625,0.0,0.0,0.0,True,True,True,False,0.0,1101.6581557207357,0.0,0.0,0.0,0.0,1101.6581557207357
2025-09-20T04:45:00Z,2025-09-20T05:00:00Z,2025-09-20,2025-09-20_7,0.0,0,0,100,64.47402845199625,64.47402845199625,0.0,0.0,0.0,True,True,True,False,0.0,1101.6581557207357,0.0,0.0,0.0,0.0,1101.6581557207357
2025-09-20T05:00:00Z,2025-09-20T05:15:00Z,2025-09-20,2025-09-20_8,0.0,100,100,0,64.47402845199625,55.422774538952766,0.025147483091787434,8.328,0.001,True,True,True,False,0.0,0.0,135.65922041049703,83.96261755949446,1477.7450549103883,-0.07886590823951577,1697.2880269721402
2025-09-20T05:15:00Z,2025-09-20T05:30:00Z,2025-09-20,2025-09-20_8,0.0,100,100,0,55.422774538952766,40.85266584330059,0.04047252415458937,13.4045,0.0,True,True,True,False,0.0,0.0,135.65922041049703,83.96261755949446,2425.7284715786986,0.0,2645.3503095486903
2025-09-20T05:30:00Z,2025-09-20T05:45:00Z,2025-09-20,2025-09-20_8,0.0,100,100,0,40.85266584330059,31.76462236503972,0.025244565217391306,8.361,0.0,True,True,True,False,0.0,0.0,135.65922041049703,83.96261755949446,2447.407904729983,0.0,2667.0297426999746
2025-09-20T05:45:00Z,2025-09-20T06:00:00Z,2025-09-20,2025-09-20_8,0.0,100,100,0,31.76462236503972,28.22150584330059,0.011960545893719806,3.6105,0.4144999999999999,True,True,True,False,0.0,0.0,135.65922041049703,83.96261755949446,603.4807772235257,-21.093415386738695,802.0091998067785
2025-09-20T06:00:00Z,2025-09-20T06:15:00Z,2025-09-20,2025-09-20_9,27.506637178459172,64,92,8,28.22150584330059,24.926076213182426,0.024592320727701098,0.0,4.30882,True,True,True,False,550.3390433480218,74.52828328634239,67.70480490545948,78.57883633352391,0.0,-197.02365959896684,574.1273082743808
2025-09-20T06:15:00Z,2025-09-20T06:30:00Z,2025-09-20,2025-09-20_9,27.506637178459172,64,92,8,24.926076213182426,18.750617652496956,0.021958448791204312,0.00128,1.3409,True,True,True,False,550.3390433480218,74.52828328634239,67.70480490545948,78.57883633352391,0.11981308779747235,-83.53083396754667,687.7399469935984
2025-09-20T06:30:00Z,2025-09-20T06:45:00Z,2025-09-20,2025-09-20_9,27.506637178459172,64,92,8,18.750617652496956,15.20377290794554,0.02440563212978363,0.01088,4.0618,True,True,True,False,550.3390433480218,74.52828328634239,67.70480490545948,78.57883633352391,1.1651954652102763,-165.60410035686823,606.7120629816897
2025-09-20T06:45:00Z,2025-09-20T07:00:00Z,2025-09-20,2025-09-20_9,27.506637178459172,64,92,8,15.20377290794554,14.352865217389766,0.026832271009674585,0.0,6.829160000000001,True,True,True,False,550.3390433480218,74.52828328634239,67.70480490545948,78.57883633352391,0.0,218.65726451231296,989.8082323856606
2025-09-20T07:00:00Z,2025-09-20T07:15:00Z,2025-09-20,2025-09-20_10,0.0,100,100,0,14.352865217389766,9.999999999998462,0.014059070048309178,4.3305,0.385,True,True,True,False,0.0,0.0,107.79983832488811,90.17330783335633,2542.319158007847,-18.49083972475798,2721.8014644413333
2025-09-20T07:15:00Z,2025-09-20T07:30:00Z,2025-09-20,2025-09-20_10,0.0,100,100,0,9.999999999998462,13.059459999998461,0.0084985,0.0,3.3255,True,True,True,False,0.0,0.0,107.79983832488811,90.17330783335633,0.0,-82.67230111003765,115.3008450482068
2025-09-20T07:30:00Z,2025-09-20T07:45:00Z,2025-09-20,2025-09-20_10,0.0,100,100,0,13.059459999998461,17.04190434782455,0.012152321256038646,0.1805,4.542,True,True,True,False,0.0,0.0,107.79983832488811,90.17330783335633,19.401321102545392,612.1826865671641,829.5571538279539
2025-09-20T07:45:00Z,2025-09-20T08:00:00Z,2025-09-20,2025-09-20_10,0.0,100,100,0,17.04190434782455,30.99554434782455,0.03876011111111111,0.0,15.167,True,True,True,False,0.0,0.0,107.79983832488811,90.17330783335633,0.0,5145.604882391214,5343.578028549458
2025-09-20T08:00:00Z,2025-09-20T08:15:00Z,2025-09-20,2025-09-20_11,0.0,100,100,0,30.99554434782455,27.324912173911507,0.014571311594202897,4.1015,0.856,True,True,True,False,0.0,0.0,83.873893412725,90.17330783335633,2436.202369624795,-15.541803268991895,2594.707767601885
2025-09-20T08:15:00Z,2025-09-20T08:30:00Z,2025-09-20,2025-09-20_11,0.0,100,100,0,27.324912173911507,30.221240869563683,0.008072531400966185,0.0045,3.1535,True,True,True,False,0.0,0.0,83.873893412725,90.17330783335633,0.39928527770657934,-24.702489205228808,149.7439973185591
2025-09-20T08:30:00Z,2025-09-20T08:45:00Z,2025-09-20,2025-09-20_11,0.0,100,100,0,30.221240869563683,41.13106086956368,0.030305055555555554,0.0,11.8585,True,True,True,False,0.0,0.0,83.873893412725,90.17330783335633,0.0,1412.1900207023007,1586.237221948382
2025-09-20T08:45:00Z,2025-09-20T09:00:00Z,2025-09-20,2025-09-20_11,0.0,100,100,0,41.13106086956368,61.067000869563685,0.05537761111111111,0.0,21.6695,True,True,True,False,0.0,0.0,83.873893412725,90.17330783335633,0.0,18542.831134190343,18716.878335436424
2025-09-20T09:00:00Z,2025-09-20T09:15:00Z,2025-09-20,2025-09-20_12,0.0,49,49,51,61.067000869563685,62.77006319130281,0.004757359106280194,0.00441,1.856365,True,True,True,False,0.0,475.1178059504327,41.06922455095723,102.74551943058815,0.3912734872532976,739.3569567923264,1358.6807802115577
2025-09-20T09:15:00Z,2025-09-20T09:30:00Z,2025-09-20,2025-09-20_12,0.0,49,49,51,62.77006319130281,63.8253067391289,0.0029830134782608693,0.008575000000000001,1.157135,True,True,True,False,0.0,475.1178059504327,41.06922455095723,102.74551943058815,0.7608095585480787,-12.983347183501252,606.7100123070248
2025-09-20T09:30:00Z,2025-09-20T09:45:00Z,2025-09-20,2025-09-20_12,0.0,49,49,51,63.8253067391289,64.59414784347672,0.0021682180434782605,0.00539,0.842065,True,True,True,False,0.0,475.1178059504327,41.06922455095723,102.74551943058815,0.4782231510873637,-22.843621801494507,596.5671512815709
2025-09-20T09:45:00Z,2025-09-20T10:00:00Z,2025-09-20,2025-09-20_12,0.0,49,49,51,64.59414784347672,66.53033384347673,0.005378294444444445,0.0,2.10455,True,True,True,False,0.0,475.1178059504327,41.06922455095723,102.74551943058815,0.0,-46.80309404759558,572.1294558843824
2025-09-20T10:00:00Z,2025-09-20T10:15:00Z,2025-09-20,2025-09-20_13,-49.0,49,0,51,66.53033384347673,77.47846264347672,0.030411468888888887,0.34986,0.0,True,True,True,False,102.2875,475.1178059504327,41.06922455095723,0.0,36.64593632366569,0.0,655.1204668250556
2025-09-20T10:15:00Z,2025-09-20T10:30:00Z,2025-09-20,2025-09-20_13,-49.0,49,0,51,77.47846264347672,88.67791244347671,0.03110958277777778,0.076685,0.0,True,True,True,False,102.2875,475.1178059504327,41.06922455095723,0.0,6.803811195015674,0.0,625.2783416964056
2025-09-20T10:30:00Z,2025-09-20T10:45:00Z,2025-09-20,2025-09-20_13,-49.0,49,0,51,88.67791244347671,99.94047424347671,0.031284893888888894,0.008085,0.0,True,True,True,False,102.2875,475.1178059504327,41.06922455095723,0.0,0.7173347266310456,0.0,619.1918652280209
2025-09-20T10:45:00Z,2025-09-20T11:00:00Z,2025-09-20,2025-09-20_13,-49.0,49,0,51,99.94047424347671,111.19311844347672,0.031257345000000006,0.018865,0.0,True,True,True,False,102.2875,475.1178059504327,41.06922455095723,0.0,1.6737810288057728,0.0,620.1483115301957
2025-09-20T11:00:00Z,2025-09-20T11:15:00Z,2025-09-20,2025-09-20_14,-49.0,49,0,51,111.19311844347672,122.43178784347673,0.03121852611111111,0.034055,0.0,True,True,True,False,119.315,475.1178059504327,40.60549301050887,0.0,3.2414862211400064,0.0,638.2797851820816
2025-09-20T11:15:00Z,2025-09-20T11:30:00Z,2025-09-20,2025-09-20_14,-49.0,49,0,51,122.43178784347673,133.67428904347673,0.03122917,0.02989,0.0,True,True,True,False,119.315,475.1178059504327,40.60549301050887,0.0,2.9771545574636726,0.0,638.0154535184053
2025-09-20T11:30:00Z,2025-09-20T11:45:00Z,2025-09-20,2025-09-20_14,-49.0,49,0,51,133.67428904347673,144.92625704347674,0.03125546666666667,0.0196,0.0,True,True,True,False,119.315,475.1178059504327,40.60549301050887,0.0,1.8920246850292788,0.0,636.9303236459708
2025-09-20T11:45:00Z,2025-09-20T12:00:00Z,2025-09-20,2025-09-20_14,-49.0,49,0,51,144.92625704347674,156.16875824347676,0.03122917,0.02989,0.0,True,True,True,False,119.315,475.1178059504327,40.60549301050887,0.0,2.670080612788107,0.0,637.7083795737296
2025-09-20T12:00:00Z,2025-09-20T12:15:00Z,2025-09-20,2025-09-20_15,-23.0,100,77,0,156.16875824347676,162.56209124347674,0.017759258333333333,0.0,1.199275,True,True,True,False,24.840000000000003,0.0,82.86835308267118,161.45724481949566,0.0,-25.805019534099646,243.3605783680672
2025-09-20T12:15:00Z,2025-09-20T12:30:00Z,2025-09-20,2025-09-20_15,-23.0,100,77,0,162.56209124347674,166.0252452521724,0.018454413309178744,1.9,0.179795,True,True,True,False,24.840000000000003,0.0,82.86835308267118,161.45724481949566,209.08578639168752,-7.209418272245116,471.04196602160926
2025-09-20T12:30:00Z,2025-09-20T12:45:00Z,2025-09-20,2025-09-20_15,-23.0,100,77,0,166.0252452521724,167.54411172173764,0.020941929806763286,3.5965,0.0,True,True,True,False,24.840000000000003,0.0,82.86835308267118,161.45724481949566,417.5830139592657,0.0,686.7486118614326
2025-09-20T12:45:00Z,2025-09-20T13:00:00Z,2025-09-20,2025-09-20_15,-23.0,100,77,0,167.54411172173764,164.23752107825936,0.0289360706763285,8.1985,0.0,True,True,True,False,24.840000000000003,0.0,82.86835308267118,161.45724481949566,5604.771272501429,0.0,5873.936870403596
2025-09-20T13:00:00Z,2025-09-20T13:15:00Z,2025-09-20,2025-09-20_16,-1.4528536495389233,49,47,51,164.23752107825936,164.99662684350182,0.00423188284585255,0.36235500000000004,0.8880649999999999,True,True,True,False,-0.05811414598155693,475.1178059504327,53.22768587708747,98.53792464362468,36.763325615647,-13.393376837082748,650.1952511037275
2025-09-20T13:15:00Z,2025-09-20T13:30:00Z,2025-09-20,2025-09-20_16,-1.4528536495389233,49,47,51,164.99662684350182,166.48518221254974,0.00436026557757943,0.038465,1.30002,True,True,True,False,-0.05811414598155693,475.1178059504327,53.22768587708747,98.53792464362468,3.694229594432067,-17.75028786450837,612.7692440550869
2025-09-20T13:30:00Z,2025-09-20T13:45:00Z,2025-09-20,2025-09-20_16,-1.4528536495389233,49,47,51,166.48518221254974,166.36020002048295,0.002139290332392968,0.42433999999999994,0.0,True,True,True,False,-0.05811414598155693,475.1178059504327,53.22768587708747,98.53792464362468,41.23834493187956,0.0,668.0636472570428
2025-09-20T13:45:00Z,2025-09-20T14:00:00Z,2025-09-20,2025-09-20_16,-1.4528536495389233,49,47,51,166.36020002048295,166.5399999999987,0.001540256015082555,0.17762499999999998,0.041124999999999995,True,True,True,False,-0.05811414598155693,475.1178059504327,53.22768587708747,98.53792464362468,16.577551188903563,-1.8840681007117648,641.5187854133551
2025-09-20T14:00:00Z,2025-09-20T14:15:00Z,2025-09-20,2025-09-20_17,0.0,0,0,51,166.5399999999987,166.5399999999987,0.0,0.0,0.0,True,False,True,False,0.0,475.1178059504327,0.0,0.0,0.0,0.0,475.1178059504327
2025-09-20T14:15:00Z,2025-09-20T14:30:00Z,2025-09-20,2025-09-20_17,0.0,0,0,51,166.5399999999987,166.5399999999987,0.0,0.0,0.0,True,False,True,False,0.0,475.1178059504327,0.0,0.0,0.0,0.0,475.1178059504327
2025-09-20T14:30:00Z,2025-09-20T14:45:00Z,2025-09-20,2025-09-20_17,0.0,0,0,51,166.5399999999987,166.5399999999987,0.0,0.0,0.0,True,False,True,False,0.0,475.1178059504327,0.0,0.0,0.0,0.0,475.1178059504327
2025-09-20T14:45:00Z,2025-09-20T15:00:00Z,2025-09-20,2025-09-20_17,0.0,0,0,51,166.5399999999987,166.5399999999987,0.0,0.0,0.0,True,False,True,False,0.0,475.1178059504327,0.0,0.0,0.0,0.0,475.1178059504327
2025-09-20T15:00:00Z,2025-09-20T15:15:00Z,2025-09-20,2025-09-20_18,0.0,0,0,51,166.5399999999987,166.5399999999987,0.0,0.0,0.0,True,False,True,False,0.0,475.1178059504327,0.0,0.0,0.0,0.0,475.1178059504327
2025-09-20T15:15:00Z,2025-09-20T15:30:00Z,2025-09-20,2025-09-20_18,0.0,0,0,51,166.5399999999987,166.5399999999987,0.0,0.0,0.0,True,False,True,False,0.0,475.1178059504327,0.0,0.0,0.0,0.0,475.1178059504327
2025-09-20T15:30:00Z,2025-09-20T15:45:00Z,2025-09-20,2025-09-20_18,0.0,0,0,51,166.5399999999987,166.5399999999987,0.0,0.0,0.0,True,False,True,False,0.0,475.1178059504327,0.0,0.0,0.0,0.0,475.1178059504327
2025-09-20T15:45:00Z,2025-09-20T16:00:00Z,2025-09-20,2025-09-20_18,0.0,0,0,51,166.5399999999987,166.5399999999987,0.0,0.0,0.0,True,False,True,False,0.0,475.1178059504327,0.0,0.0,0.0,0.0,475.1178059504327
2025-09-20T16:00:00Z,2025-09-20T16:15:00Z,2025-09-20,2025-09-20_19,0.0,100,100,0,166.5399999999987,153.83402173912916,0.035294384057971015,11.6895,0.0,True,True,True,False,0.0,0.0,105.78875766478046,84.28793943098246,6155.657188824701,0.0,6345.733885920464
2025-09-20T16:15:00Z,2025-09-20T16:30:00Z,2025-09-20,2025-09-20_19,0.0,100,100,0,153.83402173912916,148.6046739130422,0.014525966183574877,4.811,0.0,True,True,True,False,0.0,0.0,105.78875766478046,84.28793943098246,1357.9334202172756,0.0,1548.0101173130386
2025-09-20T16:30:00Z,2025-09-20T16:45:00Z,2025-09-20,2025-09-20_19,0.0,100,100,0,148.6046739130422,135.5399999999987,0.03629076086956522,12.0195,0.0,True,True,True,False,0.0,0.0,105.78875766478046,84.28793943098246,9667.010917604843,0.0,9857.087614700606
2025-09-20T16:45:00Z,2025-09-20T17:00:00Z,2025-09-20,2025-09-20_19,0.0,100,100,0,135.5399999999987,119.85141304347698,0.04357940821256038,14.433499999999999,0.0,True,True,True,False,0.0,0.0,105.78875766478046,84.28793943098246,12151.53914785386,0.0,12341.615844949623
2025-09-20T17:00:00Z,2025-09-20T17:15:00Z,2025-09-20,2025-09-20_20,67.00000000000001,0,67,33,119.85141304347698,101.68640217391176,0.050458363526570064,0.0,0.03819,True,True,True,False,2746.330000000001,307.4291685561624,0.0,56.21532364597093,0.0,-3.011889035667107,3106.962603166467
2025-09-20T17:15:00Z,2025-09-20T17:30:00Z,2025-09-20,2025-09-20_20,67.00000000000001,0,67,33,101.68640217391176,83.48497826086827,0.05055951086956522,0.0,0.004690000000000001,True,True,True,False,2746.330000000001,307.4291685561624,0.0,56.21532364597093,0.0,-0.369881109643329,3109.604611092491
2025-09-20T17:30:00Z,2025-09-20T17:45:00Z,2025-09-20,2025-09-20_20,67.00000000000001,0,67,33,83.48497826086827,65.43539673912915,0.050137726449275374,0.0,0.14438499999999999,True,True,True,False,2746.330000000001,307.4291685561624,0.0,56.21532364597093,0.0,-11.297238771466313,3098.677253430668
2025-09-20T17:45:00Z,2025-09-20T18:00:00Z,2025-09-20,2025-09-20_20,67.00000000000001,0,67,33,65.43539673912915,47.361782608694355,0.05020448369565219,0.0,0.122275,True,True,True,False,2746.330000000001,307.4291685561624,0.0,56.21532364597093,0.0,-9.64332892998679,3100.3311632721475
2025-09-20T18:00:00Z,2025-09-20T18:15:00Z,2025-09-20,2025-09-20_21,0.7742807906212761,32,33,67,47.361782608694355,46.73667989820019,0.0023137022744980345,0.47984000000000004,0.11566499999999999,True,True,True,False,23.429736724199817,624.1743725231174,37.22155405272186,27.571028608608213,83.95170668191409,-8.909915383781225,787.4384832067801
2025-09-20T18:15:00Z,2025-09-20T18:30:00Z,2025-09-20,2025-09-20_21,0.7742807906212761,32,33,67,46.73667989820019,46.853579836073244,0.0014434315506618735,0.0,0.354255,True,True,True,False,23.429736724199817,624.1743725231174,37.22155405272186,27.571028608608213,0.0,-27.382663341154203,685.0140285674931
2025-09-20T18:30:00Z,2025-09-20T18:45:00Z,2025-09-20,2025-09-20_21,0.7742807906212761,32,33,67,46.853579836073244,47.458613006301,0.0027245007017809315,0.0,0.8825850000000001,True,True,True,False,23.429736724199817,624.1743725231174,37.22155405272186,27.571028608608213,0.0,-67.92975833119739,644.4669335774499
2025-09-20T18:45:00Z,2025-09-20T19:00:00Z,2025-09-20,2025-09-20_21,0.7742807906212761,32,33,67,47.458613006301,47.95175055112328,0.0024308390038042327,0.0,0.761475,True,True,True,False,23.429736724199817,624.1743725231174,37.22155405272186,27.571028608608213,0.0,-50.52738468818391,661.8693072204634
2025-09-20T19:00:00Z,2025-09-20T19:15:00Z,2025-09-20,2025-09-20_22,5.974607118210482,27,33,67,47.95175055112328,46.41304347825947,0.006060204444425137,0.29497500000000004,0.42668999999999996,True,True,True,False,140.70199763385685,624.1743725231174,28.56296456949072,27.785741043790296,50.01361348311284,-31.44671396320905,839.791975290159
2025-09-20T19:15:00Z,2025-09-20T19:30:00Z,2025-09-20,2025-09-20_22,5.974607118210482,27,33,67,46.41304347825947,46.413043478259404,0.0071516696618795,0.0,1.708575,True,True,True,False,140.70199763385685,624.1743725231174,28.56296456949072,27.785741043790296,0.0,-97.50556810564088,723.7195076646144
2025-09-20T19:30:00Z,2025-09-20T19:45:00Z,2025-09-20,2025-09-20_22,5.974607118210482,27,33,67,46.413043478259404,46.438129477957915,0.0071924901580556755,0.0,1.7349750000000002,True,True,True,False,140.70199763385685,624.1743725231174,28.56296456949072,27.785741043790296,0.0,-113.20593003608114,708.0191457341741
2025-09-20T19:45:00Z,2025-09-20T20:00:00Z,2025-09-20,2025-09-20_22,5.974607118210482,27,33,67,46.438129477957915,47.14869041941989,0.008307910216069638,0.0,2.456355,True,True,True,False,140.70199763385685,624.1743725231174,28.56296456949072,27.785741043790296,0.0,-127.92282660935743,693.3022491608979
2025-09-20T20:00:00Z,2025-09-20T20:15:00Z,2025-09-20,2025-09-20_23,1.6853600731988507,31,33,67,47.14869041941989,46.56569445695821,0.0025909525357670467,0.28613,0.20031,True,True,True,False,32.83081422591361,624.1743725231174,32.79451487608194,28.146848321141977,44.75134353595299,-10.327898134821268,752.3699953473866
2025-09-20T20:15:00Z,2025-09-20T20:30:00Z,2025-09-20,2025-09-20_23,1.6853600731988507,31,33,67,46.56569445695821,47.15487012976459,0.003833998915994616,0.000155,1.1279400000000002,True,True,True,False,32.83081422591361,624.1743725231174,32.79451487608194,28.146848321141977,0.01375224274926556,-51.92362451941087,666.0366776695934
2025-09-20T20:30:00Z,2025-09-20T20:45:00Z,2025-09-20,2025-09-20_23,1.6853600731988507,31,33,67,47.15487012976459,46.51674037864129,0.0025520388238316153,0.30302500000000004,0.16071000000000002,True,True,True,False,32.83081422591361,624.1743725231174,32.79451487608194,28.146848321141977,47.41926912498275,-8.480851653226601,756.8849674180111
2025-09-20T20:45:00Z,2025-09-20T21:00:00Z,2025-09-20,2025-09-20_23,1.6853600731988507,31,33,67,46.51674037864129,46.41304347825939,0.002240688715163133,0.01798,0.40259999999999996,True,True,True,False,32.83081422591361,624.1743725231174,32.79451487608194,28.146848321141977,2.484571612216329,-17.905178374967957,702.5259431835034
2025-09-20T21:00:00Z,2025-09-20T21:15:00Z,2025-09-21,2025-09-20_24,-0.9999999999999645,34,33,66,46.41304347825939,46.16557511304199,0.002170196570048289,0.48755999999999994,0.05445,True,True,True,False,-12.572499999999554,614.8583371123248,35.96817760602535,28.400599380902623,60.095069650426844,-3.404008004889686,723.3456757447904
2025-09-20T21:15:00Z,2025-09-20T21:30:00Z,2025-09-21,2025-09-20_24,-0.9999999999999645,34,33,66,46.16557511304199,46.42304180869415,0.0008048591787439387,0.0153,0.04785,True,True,True,False,-12.572499999999554,614.8583371123248,35.96817760602535,28.400599380902623,1.6096689603501646,-3.2621663676334305,665.00211669197
2025-09-20T21:30:00Z,2025-09-20T21:45:00Z,2025-09-21,2025-09-20_24,-0.9999999999999645,34,33,66,46.42304180869415,46.60946650434631,0.0013179369565217173,0.13651000000000002,0.11319000000000001,True,True,True,False,-12.572499999999554,614.8583371123248,35.96817760602535,28.400599380902623,14.746438987361739,-7.1281201088349535,674.27293297778
2025-09-20T21:45:00Z,2025-09-20T22:00:00Z,2025-09-21,2025-09-20_24,-0.9999999999999645,34,33,66,46.60946650434631,46.25740145217239,0.0024585451449275165,0.58633,0.056924999999999996,True,True,True,False,-12.572499999999554,614.8583371123248,35.96817760602535,28.400599380902623,78.05394573631183,-3.64815409905558,741.0604057365094
2025-09-20T22:00:00Z,2025-09-20T22:15:00Z,2025-09-21,2025-09-21_1,-1.8249677738393448,37,35,63,46.25740145217239,46.604085366336605,0.0015428891213342725,0.10101,0.039025000000000004,True,True,True,False,-20.95063004367568,586.9102308799463,39.382578520869885,30.142550129142922,10.872291878783098,-2.6219438573315723,643.735077507735
2025-09-20T22:15:00Z,2025-09-20T22:30:00Z,2025-09-21,2025-09-21_1,-1.8249677738393448,37,35,63,46.604085366336605,45.42791860353348,0.005226068554792243,1.479445,0.0,True,True,True,False,-20.95063004367568,586.9102308799463,39.382578520869885,30.142550129142922,487.1755008704824,0.0,1122.6602303567659
2025-09-20T22:30:00Z,2025-09-20T22:45:00Z,2025-09-21,2025-09-21_1,-1.8249677738393448,37,35,63,45.42791860353348,44.60617853827025,0.004350940980687884,1.15551,0.005425,True,True,True,False,-20.95063004367568,586.9102308799463,39.382578520869885,30.142550129142922,178.49632450758097,-0.42439696169088503,813.5566570321735
2025-09-20T22:45:00Z,2025-09-20T23:00:00Z,2025-09-21,2025-09-21_1,-1.8249677738393448,37,35,63,44.60617853827025,44.908043633258146,0.0015575206991545049,0.12524500000000002,0.018725,True,True,True,False,-20.95063004367568,586.9102308799463,39.382578520869885,30.142550129142922,13.470276434866621,-1.3817048246219363,647.5733010965281
2025-09-20T23:00:00Z,2025-09-20T23:15:00Z,2025-09-21,2025-09-21_2,-2.966219208924521,38,35,62,44.908043633258146,44.44279487292404,0.004674597569194413,1.07179,0.0038499999999999997,True,True,True,False,-18.346065807198162,577.5941954691534,39.896291330665036,31.467497387566787,157.0995755377669,-0.29673291074350827,787.4147610072105
2025-09-20T23:15:00Z,2025-09-20T23:30:00Z,2025-09-21,2025-09-21_2,-2.966219208924521,38,35,62,44.44279487292404,44.821147178140336,0.0026313067808504307,0.28386,0.00105,True,True,True,False,-18.346065807198162,577.5941954691534,39.896291330665036,31.467497387566787,31.007111492734477,-0.08280920365149154,661.53622066927
2025-09-20T23:30:00Z,2025-09-20T23:45:00Z,2025-09-21,2025-09-21_2,-2.966219208924521,38,35,62,44.821147178140336,44.316036302622244,0.004752154887548432,1.10561,0.0,True,True,True,False,-18.346065807198162,577.5941954691534,39.896291330665036,31.467497387566787,148.03433201758708,0.0,778.6462503977741
2025-09-20T23:45:00Z,2025-09-21T00:00:00Z,2025-09-21,2025-09-21_2,-2.966219208924521,38,35,62,44.316036302622244,44.33206399708925,0.0035415527532083237,0.62814,0.009099999999999999,True,True,True,False,-18.346065807198162,577.5941954691534,39.896291330665036,31.467497387566787,84.88503564344724,-0.6505695301563515,714.846384493478
2025-09-21T00:00:00Z,2025-09-21T00:15:00Z,2025-09-21,2025-09-21_3,0.0,37,37,63,44.33206399708925,44.320913162306645,0.0003600278743961352,0.06474999999999999,0.06437999999999999,True,True,True,False,0.0,586.9102308799463,38.84638892722648,33.26564009542775,6.362553382361638,-4.406232749068396,660.9785805358938
2025-09-21T00:15:00Z,2025-09-21T00:30:00Z,2025-09-21,2025-09-21_3,0.0,37,37,63,44.320913162306645,44.73106427535012,0.0011404257971014493,0.00018500000000000002,0.446035,True,True,True,False,0.0,586.9102308799463,38.84638892722648,33.26564009542775,0.01641396715234922,-27.764203516433682,631.2744703533192
2025-09-21T00:30:00Z,2025-09-21T00:45:00Z,2025-09-21,2025-09-21_3,0.0,37,37,63,44.73106427535012,44.76134861448055,0.00016455794685990335,0.013319999999999999,0.048655,True,True,True,False,0.0,586.9102308799463,38.84638892722648,33.26564009542775,1.2925723377826848,-3.4974540527218587,656.8173781876613
2025-09-21T00:45:00Z,2025-09-21T01:00:00Z,2025-09-21,2025-09-21_3,0.0,37,37,63,44.76134861448055,44.765643510132726,0.00018285417874396134,0.028304999999999997,0.03811,True,True,True,False,0.0,586.9102308799463,38.84638892722648,33.26564009542775,2.7610308385417692,-2.810074313373686,658.9732164277686
2025-09-21T01:00:00Z,2025-09-21T01:15:00Z,2025-09-21,2025-09-21_4,-0.5522516671272797,37,0,63,44.765643510132726,44.7969628171228,0.0006119248852012802,0.088245,0.0,True,True,True,False,-1.4013386053354722,586.9102308799463,38.84638892722648,0.0,8.900184802539483,0.0,633.2554660043768
2025-09-21T01:15:00Z,2025-09-21T01:30:00Z,2025-09-21,2025-09-21_4,-0.5522516671272797,37,0,63,44.7969628171228,44.923980700562076,0.00035282745399798423,0.0,0.0,True,True,True,False,-1.4013386053354722,586.9102308799463,38.84638892722648,0.0,0.0,0.0,624.3552812018373
2025-09-21T01:30:00Z,2025-09-21T01:45:00Z,2025-09-21,2025-09-21_4,-0.5522516671272797,37,0,63,44.923980700562076,45.0355503861259,0.0003946524062048056,0.014244999999999999,0.0,True,True,True,False,-1.4013386053354722,586.9102308799463,38.84638892722648,0.0,1.4084909107040753,0.0,625.7637721125413
2025-09-21T01:45:00Z,2025-09-21T02:00:00Z,2025-09-21,2025-09-21_4,-0.5522516671272797,37,0,63,45.0355503861259,45.16256826956517,0.00035282745399798423,0.0,0.0,True,True,True,False,-1.4013386053354722,586.9102308799463,38.84638892722648,0.0,0.0,0.0,624.3552812018373
2025-09-21T02:00:00Z,2025-09-21T02:15:00Z,2025-09-21,2025-09-21_5,-37.0,37,0,63,45.16256826956517,53.67256826956517,0.02363888888888889,0.0,0.0,True,True,True,False,-78.90249999999999,586.9102308799463,39.33880794179696,0.0,0.0,0.0,547.3465388217433
2025-09-21T02:15:00Z,2025-09-21T02:30:00Z,2025-09-21,2025-09-21_5,-37.0,37,0,63,53.67256826956517,62.18256826956517,0.023638888888888893,0.0,0.0,True,True,True,False,-78.90249999999999,586.9102308799463,39.33880794179696,0.0,0.0,0.0,547.3465388217433
2025-09-21T02:30:00Z,2025-09-21T02:45:00Z,2025-09-21,2025-09-21_5,-37.0,37,0,63,62.18256826956517,70.61461666956517,0.023422356666666675,0.08473,0.0,True,True,True,False,-78.90249999999999,586.9102308799463,39.33880794179696,0.0,8.262807989116505,0.0,555.6093468108597
2025-09-21T02:45:00Z,2025-09-21T03:00:00Z,2025-09-21,2025-09-21_5,-37.0,37,0,63,70.61461666956517,79.09823566956517,0.023565608333333335,0.028675,0.0,True,True,True,False,-78.90249999999999,586.9102308799463,39.33880794179696,0.0,2.7888004988268693,0.0,550.1353393205701
2025-09-21T03:00:00Z,2025-09-21T03:15:00Z,2025-09-21,2025-09-21_6,32.0,17,49,51,79.09823566956517,70.02322479999995,0.02520836352657005,0.34901,0.0,True,True,True,False,200.0,475.1178059504327,17.928784084859714,44.28636211281768,40.493802847059285,0.0,777.8267549951694
2025-09-21T03:15:00Z,2025-09-21T03:30:00Z,2025-09-21,2025-09-21_6,32.0,17,49,51,70.02322479999995,60.84242588695647,0.02550221920289855,0.44633500000000004,0.0,True,True,True,False,200.0,475.1178059504327,17.928784084859714,44.28636211281768,57.3071294800765,0.0,794.6400816281865
2025-09-21T03:30:00Z,2025-09-21T03:45:00Z,2025-09-21,2025-09-21_6,32.0,17,49,51,60.84242588695647,51.609148713043425,0.02564799214975845,0.49461499999999997,0.0,True,True,True,False,200.0,475.1178059504327,17.928784084859714,44.28636211281768,68.80247854945878,0.0,806.1354306975688
2025-09-21T03:45:00Z,2025-09-21T04:00:00Z,2025-09-21,2025-09-21_6,32.0,17,49,51,51.609148713043425,42.83442979999995,0.024385080314009662,0.07854,0.006125,True,True,True,False,200.0,475.1178059504327,17.928784084859714,44.28636211281768,8.419988485577397,-0.46518070151225377,745.2877599321752
2025-09-21T04:00:00Z,2025-09-21T04:15:00Z,2025-09-21,2025-09-21_7,-8.999999999999993,49,40,51,42.83442979999995,41.0774239913043,0.012979331690821253,3.62306,0.0,True,True,True,False,-9.922499999999992,475.1178059504327,64.53114217551607,33.46674816143852,357.3427671129163,0.0,920.5359634003036
2025-09-21T04:15:00Z,2025-09-21T04:30:00Z,2025-09-21,2025-09-21_7,-8.999999999999993,49,40,51,41.0774239913043,40.47695652173908,0.010794595193236712,2.528155,0.0,True,True,True,False,-9.922499999999992,475.1178059504327,64.53114217551607,33.46674816143852,235.45403020564282,0.0,798.6472264930301
2025-09-21T04:30:00Z,2025-09-21T04:45:00Z,2025-09-21,2025-09-21_7,-8.999999999999993,49,40,51,40.47695652173908,39.26185970434778,0.011955648937198065,3.11003,0.0,True,True,True,False,-9.922499999999992,475.1178059504327,64.53114217551607,33.46674816143852,289.6456497170685,0.0,852.8388460044558
2025-09-21T04:45:00Z,2025-09-21T05:00:00Z,2025-09-21,2025-09-21_7,-8.999999999999993,49,40,51,39.26185970434778,39.85726685217386,0.008535551256038644,1.39601,0.0,True,True,True,False,-9.922499999999992,475.1178059504327,64.53114217551607,33.46674816143852,130.01315080344642,0.0,693.2063470908337
2025-09-21T05:00:00Z,2025-09-21T05:15:00Z,2025-09-21,2025-09-21_8,0.0,49,49,51,39.85726685217386,37.80006576521733,0.005714447463768115,1.892625,0.0,True,True,True,False,0.0,475.1178059504327,66.70488377136773,41.14168260415229,177.81771426881443,0.0,760.7820865947672
2025-09-21T05:15:00Z,2025-09-21T05:30:00Z,2025-09-21,2025-09-21_8,0.0,49,49,51,37.80006576521733,39.122533156521676,0.0041528683574879235,0.07938,1.53125,True,True,True,False,0.0,475.1178059504327,66.70488377136773,41.14168260415229,7.439016747175614,-66.28734423983123,524.1160448332971
2025-09-21T05:30:00Z,2025-09-21T05:45:00Z,2025-09-21,2025-09-21_8,0.0,49,49,51,39.122533156521676,42.09037495652168,0.008244005,0.0,3.225915,True,True,True,False,0.0,475.1178059504327,66.70488377136773,41.14168260415229,0.0,-117.6553576628088,465.3090146631439
2025-09-21T05:45:00Z,2025-09-21T06:00:00Z,2025-09-21,2025-09-21_8,0.0,49,49,51,42.09037495652168,45.64019955652168,0.00986062388888889,0.0,3.8585050000000005,True,True,True,False,0.0,475.1178059504327,66.70488377136773,41.14168260415229,0.0,210.42123730061718,793.3856096265699
2025-09-21T06:00:00Z,2025-09-21T06:15:00Z,2025-09-21,2025-09-21_9,7.2889835919999895,0,0,51,45.64019955652168,43.659497493478206,0.0055019501751207645,0.0,0.0,True,False,True,False,6.013411463399991,475.1178059504327,0.0,0.0,0.0,0.0,481.1312174138327
2025-09-21T06:15:00Z,2025-09-21T06:30:00Z,2025-09-21,2025-09-21_9,7.2889835919999895,0,0,51,43.659497493478206,41.67879543043473,0.0055019501751207645,0.0,0.0,True,False,True,False,6.013411463399991,475.1178059504327,0.0,0.0,0.0,0.0,481.1312174138327
2025-09-21T06:30:00Z,2025-09-21T06:45:00Z,2025-09-21,2025-09-21_9,7.2889835919999895,0,0,51,41.67879543043473,39.69809336739126,0.0055019501751207645,0.0,0.0,True,False,True,False,6.013411463399991,475.1178059504327,0.0,0.0,0.0,0.0,481.1312174138327
2025-09-21T06:45:00Z,2025-09-21T07:00:00Z,2025-09-21,2025-09-21_9,7.2889835919999895,0,0,51,39.69809336739126,37.717391304347785,0.0055019501751207645,0.0,0.0,True,False,True,False,6.013411463399991,475.1178059504327,0.0,0.0,0.0,0.0,481.1312174138327
2025-09-21T07:00:00Z,2025-09-21T07:15:00Z,2025-09-21,2025-09-21_10,0.0,100,100,0,37.717391304347785,42.528991304347784,0.013365555555555556,0.0,5.23,True,True,True,False,0.0,0.0,107.79983832488811,90.17330783335633,0.0,809.3873301918413,1007.3604763500857
2025-09-21T07:15:00Z,2025-09-21T07:30:00Z,2025-09-21,2025-09-21_10,0.0,100,100,0,42.528991304347784,47.66029130434778,0.01425361111111111,0.0,5.5775,True,True,True,False,0.0,0.0,107.79983832488811,90.17330783335633,0.0,264.4218202251621,462.39496638340654
2025-09-21T07:30:00Z,2025-09-21T07:45:00Z,2025-09-21,2025-09-21_10,0.0,100,100,0,47.66029130434778,58.60001130434778,0.030388111111111116,0.0,11.891,True,True,True,False,0.0,0.0,107.79983832488811,90.17330783335633,0.0,1309.5690833809813,1507.5422295392257
2025-09-21T07:45:00Z,2025-09-21T08:00:00Z,2025-09-21,2025-09-21_10,0.0,100,100,0,58.60001130434778,73.13785130434778,0.04038288888888889,0.0,15.802,True,True,True,False,0.0,0.0,107.79983832488811,90.17330783335633,0.0,3340.2759179005893,3538.249064058834
2025-09-21T08:00:00Z,2025-09-21T08:15:00Z,2025-09-21,2025-09-21_11,23.999999999999993,25,49,51,73.13785130434778,69.99967608695648,0.01752487560386473,0.0,3.3775699999999995,True,True,True,False,-2.2199999999999993,475.1178059504327,20.96847335318125,44.184920838344595,0.0,361.4290914824818,899.4802916244403
2025-09-21T08:15:00Z,2025-09-21T08:30:00Z,2025-09-21,2025-09-21_11,23.999999999999993,25,49,51,69.99967608695648,63.816373913043456,0.018063894927536225,0.0025,0.34054999999999996,True,True,True,False,-2.2199999999999993,475.1178059504327,20.96847335318125,44.184920838344595,0.22186064394014074,-14.186483497308696,524.08657728859
2025-09-21T08:30:00Z,2025-09-21T08:45:00Z,2025-09-21,2025-09-21_11,23.999999999999993,25,49,51,63.816373913043456,59.352359999999976,0.017756483091787435,0.0,2.05408,True,True,True,False,-2.2199999999999993,475.1178059504327,20.96847335318125,44.184920838344595,0.0,103.83271329482046,641.883913436779
2025-09-21T08:45:00Z,2025-09-21T09:00:00Z,2025-09-21,2025-09-21_11,23.999999999999993,25,49,51,59.352359999999976,55.111691739130414,0.01771746739130434,0.0,2.2770300000000003,True,True,True,False,-2.2199999999999993,475.1178059504327,20.96847335318125,44.184920838344595,0.0,3.4313255959305193,541.4825257378891
2025-09-21T09:00:00Z,2025-09-21T09:15:00Z,2025-09-21,2025-09-21_12,0.0,49,49,51,55.111691739130414,55.37235767826085,0.0007447846135265701,0.0034300000000000003,0.287385,True,True,True,False,0.0,475.1178059504327,41.06922455095723,102.74551943058815,0.30464234902107695,-12.913654805891284,606.3235374751079
2025-09-21T09:15:00Z,2025-09-21T09:30:00Z,2025-09-21,2025-09-21_12,0.0,49,49,51,55.37235767826085,55.228866504347806,0.0005112865942028986,0.150675,0.02205,True,True,True,False,0.0,475.1178059504327,41.06922455095723,102.74551943058815,13.64621934580729,-1.6213199491314891,630.9574493286539
2025-09-21T09:30:00Z,2025-09-21T09:45:00Z,2025-09-21,2025-09-21_12,0.0,49,49,51,55.228866504347806,57.316033860869545,0.0058805373429951695,0.013720000000000001,2.28487,True,True,True,False,0.0,475.1178059504327,41.06922455095723,102.74551943058815,1.21891294386719,99.39335416116249,719.5448170370078
2025-09-21T09:45:00Z,2025-09-21T10:00:00Z,2025-09-21,2025-09-21_12,0.0,49,49,51,57.316033860869545,60.13421006086955,0.007828267222222223,0.0,3.063235,True,True,True,False,0.0,475.1178059504327,41.06922455095723,102.74551943058815,0.0,98.01941305822275,716.9519629902009
2025-09-21T10:00:00Z,2025-09-21T10:15:00Z,2025-09-21,2025-09-21_13,2.7755575615628914e-15,100,100,0,60.13421006086955,72.05971006086955,0.033126388888888886,0.0,12.962499999999999,True,True,True,False,-1.0172418463127997e-14,0.0,83.81474398154538,209.68473353181255,0.0,1896.5773945661383,2190.0768720794963
2025-09-21T10:15:00Z,2025-09-21T10:30:00Z,2025-09-21,2025-09-21_13,2.7755575615628914e-15,100,100,0,72.05971006086955,82.90927006086955,0.030137666666666667,0.0,11.793,True,True,True,False,-1.0172418463127997e-14,0.0,83.81474398154538,209.68473353181255,0.0,1422.8446674816141,1716.344144994972
2025-09-21T10:30:00Z,2025-09-21T10:45:00Z,2025-09-21,2025-09-21_13,2.7755575615628914e-15,100,100,0,82.90927006086955,102.59819006086954,0.054691444444444445,0.0,21.401,True,True,True,False,-1.0172418463127997e-14,0.0,83.81474398154538,209.68473353181255,0.0,21191.30657229046,21484.806049803818
2025-09-21T10:45:00Z,2025-09-21T11:00:00Z,2025-09-21,2025-09-21_13,2.7755575615628914e-15,100,100,0,102.59819006086954,121.40897006086954,0.05225216666666667,0.0,20.4465,True,True,True,False,-1.0172418463127997e-14,0.0,83.81474398154538,209.68473353181255,0.0,19424.815981387645,19718.315458901
2025-09-21T11:00:00Z,2025-09-21T11:15:00Z,2025-09-21,2025-09-21_14,-48.99999999999998,0,0,51,121.40897006086954,132.67897006086952,0.031305555555555545,0.0,0.0,True,False,True,False,181.17749999999992,475.1178059504327,0.0,0.0,0.0,0.0,656.2953059504326
2025-09-21T11:15:00Z,2025-09-21T11:30:00Z,2025-09-21,2025-09-21_14,-48.99999999999998,0,0,51,132.67897006086952,143.9489700608695,0.031305555555555545,0.0,0.0,True,False,True,False,181.17749999999992,475.1178059504327,0.0,0.0,0.0,0.0,656.2953059504326
2025-09-21T11:30:00Z,2025-09-21T11:45:00Z,2025-09-21,2025-09-21_14,-48.99999999999998,0,0,51,143.9489700608695,155.21897006086948,0.031305555555555545,0.0,0.0,True,False,True,False,181.17749999999992,475.1178059504327,0.0,0.0,0.0,0.0,656.2953059504326
2025-09-21T11:45:00Z,2025-09-21T12:00:00Z,2025-09-21,2025-09-21_14,-48.99999999999998,0,0,51,155.21897006086948,166.48897006086946,0.031305555555555545,0.0,0.0,True,False,True,False,181.17749999999992,475.1178059504327,0.0,0.0,0.0,0.0,656.2953059504326
2025-09-21T12:00:00Z,2025-09-21T12:15:00Z,2025-09-21,2025-09-21_15,-0.055467325141756375,0,0,51,166.48897006086946,166.50172754565207,3.543745772945547e-05,0.0,0.0,True,False,True,False,0.04395785517484193,475.1178059504327,0.0,0.0,0.0,0.0,475.1617638056075
2025-09-21T12:15:00Z,2025-09-21T12:30:00Z,2025-09-21,2025-09-21_15,-0.055467325141756375,0,0,51,166.50172754565207,166.51448503043468,3.543745772945547e-05,0.0,0.0,True,False,True,False,0.04395785517484193,475.1178059504327,0.0,0.0,0.0,0.0,475.1617638056075
2025-09-21T12:30:00Z,2025-09-21T12:45:00Z,2025-09-21,2025-09-21_15,-0.055467325141756375,0,0,51,166.51448503043468,166.5272425152173,3.543745772945547e-05,0.0,0.0,True,False,True,False,0.04395785517484193,475.1178059504327,0.0,0.0,0.0,0.0,475.1617638056075
2025-09-21T12:45:00Z,2025-09-21T13:00:00Z,2025-09-21,2025-09-21_15,-0.055467325141756375,0,0,51,166.5272425152173,166.5399999999999,3.543745772945547e-05,0.0,0.0,True,False,True,False,0.04395785517484193,475.1178059504327,0.0,0.0,0.0,0.0,475.1617638056075
2025-09-21T13:00:00Z,2025-09-21T13:15:00Z,2025-09-21,2025-09-21_16,0.0,100,100,0,166.5399999999999,174.2794999999999,0.02149861111111111,0.0,8.4125,True,True,True,False,0.0,0.0,108.627930361403,209.65515881622272,0.0,1498.832860959404,1817.1159501370296
2025-09-21T13:15:00Z,2025-09-21T13:30:00Z,2025-09-21,2025-09-21_16,0.0,100,100,0,174.2794999999999,173.68261826086945,0.005322671497584541,1.156,0.717,True,True,True,False,0.0,0.0,108.627930361403,209.65515881622272,108.02248940239357,-28.47021116346931,397.83536741655
2025-09-21T13:30:00Z,2025-09-21T13:45:00Z,2025-09-21,2025-09-21_16,0.0,100,100,0,173.68261826086945,168.5157704347825,0.014352355072463767,4.7535,0.0,True,True,True,False,0.0,0.0,108.627930361403,209.65515881622272,589.4071954297206,0.0,907.6902846073463
2025-09-21T13:45:00Z,2025-09-21T14:00:00Z,2025-09-21,2025-09-21_16,0.0,100,100,0,168.5157704347825,164.7494660869564,0.010461956521739129,3.465,0.0,True,True,True,False,0.0,0.0,108.627930361403,209.65515881622272,361.8810228908298,0.0,680.1641120684556
2025-09-21T14:00:00Z,2025-09-21T14:15:00Z,2025-09-21,2025-09-21_17,-51.64086040042228,100,48,0,164.7494660869564,176.92869855058186,0.034621125639399515,0.2705,0.62232,True,True,True,False,-122.25973699799975,0.0,108.7462292237623,41.3667461897908,25.311875234133165,18.392053549951694,71.5571671996382
2025-09-21T14:15:00Z,2025-09-21T14:30:00Z,2025-09-21,2025-09-21_17,-51.64086040042228,100,48,0,176.92869855058186,187.7001994513907,0.03324844692094957,1.1395,0.03744,True,True,True,False,-122.25973699799975,0.0,108.7462292237623,41.3667461897908,106.71542528441017,-1.8613627555748338,132.7073009443887
2025-09-21T14:30:00Z,2025-09-21T14:45:00Z,2025-09-21,2025-09-21_17,-51.64086040042228,100,48,0,187.7001994513907,188.45738849329427,0.03455298642258891,11.112,0.0,True,True,True,False,-122.25973699799975,0.0,108.7462292237623,41.3667461897908,10426.725310830261,0.0,10454.578549245814
2025-09-21T14:45:00Z,2025-09-21T15:00:00Z,2025-09-21,2025-09-21_17,-51.64086040042228,100,48,0,188.45738849329427,189.00742461655224,0.03458205089356804,11.319,0.0,True,True,True,False,-122.25973699799975,0.0,108.7462292237623,41.3667461897908,5147.934493187958,0.0,5175.787731603511
2025-09-21T15:00:00Z,2025-09-21T15:15:00Z,2025-09-21,2025-09-21_18,0.0,100,100,0,189.00742461655224,186.96710896437833,0.010977987922705313,2.7565,1.039,True,True,True,False,0.0,0.0,105.78875766478046,85.53007748575484,460.54403507561267,-28.458140144718943,623.4047300814291
2025-09-21T15:15:00Z,2025-09-21T15:30:00Z,2025-09-21,2025-09-21_18,0.0,100,100,0,186.96710896437833,182.18613070350875,0.013280495169082125,4.3985,0.0,True,True,True,False,0.0,0.0,105.78875766478046,85.53007748575484,626.757848242276,0.0,818.0766833928113
2025-09-21T15:30:00Z,2025-09-21T15:45:00Z,2025-09-21,2025-09-21_18,0.0,100,100,0,182.18613070350875,178.83395679046527,0.00931159420289855,3.084,0.0,True,True,True,False,0.0,0.0,105.78875766478046,85.53007748575484,377.8242031585796,0.0,569.1430383091149
2025-09-21T15:45:00Z,2025-09-21T16:00:00Z,2025-09-21,2025-09-21_18,0.0,100,100,0,178.83395679046527,177.54373939916093,0.0035839371980676328,1.187,0.0,True,True,True,False,0.0,0.0,105.78875766478046,85.53007748575484,175.64342238608805,0.0,366.9622575366234
2025-09-21T16:00:00Z,2025-09-21T16:15:00Z,2025-09-21,2025-09-21_19,34.60234646562151,43,78,22,177.54373939916093,172.51185292068524,0.02695668800042704,0.152865,4.56417,True,True,True,False,918.0867575991026,204.95277903744156,45.4891657958556,65.74459275616633,21.16341917230229,-260.0440334470316,995.3926809138368
2025-09-21T16:15:00Z,2025-09-21T16:30:00Z,2025-09-21,2025-09-21_19,34.60234646562151,43,78,22,172.51185292068524,169.21702544183003,0.02662539935569231,0.0,6.14445,True,True,True,False,918.0867575991026,204.95277903744156,45.4891657958556,65.74459275616633,0.0,339.5396490368501,1573.8129442254162
2025-09-21T16:30:00Z,2025-09-21T16:45:00Z,2025-09-21,2025-09-21_19,34.60234646562151,43,78,22,169.21702544183003,164.7870550032937,0.02653127248856299,0.0,5.00253,True,True,True,False,918.0867575991026,204.95277903744156,45.4891657958556,65.74459275616633,0.0,-102.01338213292848,1132.2599130556375
2025-09-21T16:45:00Z,2025-09-21T17:00:00Z,2025-09-21,2025-09-21_19,34.60234646562151,43,78,22,164.7870550032937,158.98584117391306,0.02641756800460247,0.0,3.6231,True,True,True,False,918.0867575991026,204.95277903744156,45.4891657958556,65.74459275616633,0.0,-39.34841327707565,1194.9248819114905
2025-09-21T17:00:00Z,2025-09-21T17:15:00Z,2025-09-21,2025-09-21_20,33.0,0,33,67,158.98584117391306,150.30379226086959,0.02411680253623188,0.0,0.262515,True,True,True,False,986.2875,624.1743725231174,0.0,27.688144482343894,0.0,-20.185896803959068,1617.9641202015023
2025-09-21T17:15:00Z,2025-09-21T17:30:00Z,2025-09-21,2025-09-21_20,33.0,0,33,67,150.30379226086959,141.57403682608697,0.024249320652173917,0.0,0.21862499999999999,True,True,True,False,986.2875,624.1743725231174,0.0,27.688144482343894,0.0,-16.8152320136438,1621.3347849918175
2025-09-21T17:30:00Z,2025-09-21T17:45:00Z,2025-09-21,2025-09-21_20,33.0,0,33,67,141.57403682608697,132.65094443478262,0.024786367753623185,0.0,0.040755,True,True,True,False,986.2875,624.1743725231174,0.0,27.688144482343894,0.0,-3.1338255880439285,1635.0161914174173
2025-09-21T17:45:00Z,2025-09-21T18:00:00Z,2025-09-21,2025-09-21_20,33.0,0,33,67,132.65094443478262,125.4694987826087,0.019948460144927536,0.0,1.64307,True,True,True,False,986.2875,624.1743725231174,0.0,27.688144482343894,0.0,-97.16397900195193,1540.9860380035095
2025-09-21T18:00:00Z,2025-09-21T18:15:00Z,2025-09-21,2025-09-21_21,92.00000000000004,8,100,0,125.4694987826087,103.38808038260869,0.06244883777777779,0.0,2.7185,True,True,True,False,2659.720000000001,0.0,9.305388513180464,83.54857154123701,0.0,-188.87944399534692,2563.6945160590717
2025-09-21T18:15:00Z,2025-09-21T18:30:00Z,2025-09-21,2025-09-21_21,92.00000000000004,8,100,0,103.38808038260869,86.34989798260868,0.05036060444444446,0.0,7.416,True,True,True,False,2659.720000000001,0.0,9.305388513180464,83.54857154123701,0.0,-102.6738539797709,2649.9001060746477
2025-09-21T18:30:00Z,2025-09-21T18:45:00Z,2025-09-21,2025-09-21_21,92.00000000000004,8,100,0,86.34989798260868,64.95450998260867,0.060804477777777796,0.0,3.3575,True,True,True,False,2659.720000000001,0.0,9.305388513180464,83.54857154123701,0.0,-182.22740393146552,2570.346556122953
2025-09-21T18:45:00Z,2025-09-21T19:00:00Z,2025-09-21,2025-09-21_21,92.00000000000004,8,100,0,64.95450998260867,46.41304347826083,0.053964766956521755,0.0022,6.018,True,True,True,False,2659.720000000001,0.0,9.305388513180464,83.54857154123701,0.30087328220193615,3255.617091819633,6008.491925156253
2025-09-21T19:00:00Z,2025-09-21T19:15:00Z,2025-09-21,2025-09-21_22,8.239307784642117e-12,33,33,67,46.41304347826083,47.478072278258644,0.002958413333337941,0.0,1.15764,True,True,True,False,2.0647705308313144e-10,624.1743725231174,34.91029002937755,27.785741043790296,0.0,-20.022636755456535,666.8477668410352
2025-09-21T19:15:00Z,2025-09-21T19:30:00Z,2025-09-21,2025-09-21_22,8.239307784642117e-12,33,33,67,47.478072278258644,48.09271047825643,0.001707328333338623,0.0,0.668085,True,True,True,False,2.0647705308313144e-10,624.1743725231174,34.91029002937755,27.785741043790296,0.0,-51.37190204854197,635.4985015479498
2025-09-21T19:30:00Z,2025-09-21T19:45:00Z,2025-09-21,2025-09-21_22,8.239307784642117e-12,33,33,67,48.09271047825643,48.715242278254216,0.0017292550000052773,0.0,0.676665,True,True,True,False,2.0647705308313144e-10,624.1743725231174,34.91029002937755,27.785741043790296,0.0,-52.031654803919636,634.8387487925721
2025-09-21T19:45:00Z,2025-09-21T20:00:00Z,2025-09-21,2025-09-21_22,8.239307784642117e-12,33,33,67,48.715242278254216,49.00260025216504,0.0008091767391362161,0.0018149999999999998,0.31449,True,True,True,False,2.0647705308313144e-10,624.1743725231174,34.91029002937755,27.785741043790296,0.18055347601490562,-24.18247599518918,662.8684810773175
2025-09-21T20:00:00Z,2025-09-21T20:15:00Z,2025-09-21,2025-09-21_23,68.99999999999194,31,100,0,49.00260025216504,41.04112686955839,0.038683739396133884,0.033635,10.457,True,True,True,False,1710.6824999998003,0.0,32.79451487608194,85.2934797610363,4.886627873183619,2028.9371612216328,3862.594283731735
2025-09-21T20:15:00Z,2025-09-21T20:30:00Z,2025-09-21,2025-09-21_23,68.99999999999194,31,100,0,41.04112686955839,35.911253269560405,0.035096184444444276,0.0,13.157,True,True,True,False,1710.6824999998003,0.0,32.79451487608194,85.2934797610363,0.0,-63.41529249393718,1765.3552021429814
2025-09-21T20:30:00Z,2025-09-21T20:45:00Z,2025-09-21,2025-09-21_23,68.99999999999194,31,100,0,35.911253269560405,20.724929269562544,0.0476386833333288,0.0,3.4425,True,True,True,False,1710.6824999998003,0.0,32.79451487608194,85.2934797610363,0.0,-160.62782783572231,1668.1426668011961
2025-09-21T20:45:00Z,2025-09-21T21:00:00Z,2025-09-21,2025-09-21_23,68.99999999999194,31,100,0,20.724929269562544,10.058288469564632,0.042001692222219646,0.0,7.8085,True,True,True,False,1710.6824999998003,0.0,32.79451487608194,85.2934797610363,0.0,526.3636274374494,2355.134122074368
2025-09-21T21:00:00Z,2025-09-21T21:15:00Z,2025-09-22,2025-09-21_24,-51.91563770873418,100,48,0,10.058288469564632,24.278424342573494,0.039500377425024616,0.0,2.47776,True,True,True,False,-1121.8969308857456,0.0,105.78875766478046,41.21059169147656,0.0,317.4414132139829,-657.4561683155057
2025-09-21T21:15:00Z,2025-09-21T21:30:00Z,2025-09-22,2025-09-21_24,-51.91563770873418,100,48,0,24.278424342573494,37.7540959583301,0.0378084431909132,0.1295,1.8093599999999999,True,True,True,False,-1121.8969308857456,0.0,105.78875766478046,41.21059169147656,14.88178897454603,124.45017739308739,-835.5656151618552
2025-09-21T21:30:00Z,2025-09-21T21:45:00Z,2025-09-22,2025-09-21_24,-51.91563770873418,100,48,0,37.7540959583301,51.52931983133896,0.03826451075835795,0.0,1.99416,True,True,True,False,-1121.8969308857456,0.0,105.78875766478046,41.21059169147656,0.0,-74.89059839507877,-1049.7881799245674
2025-09-21T21:45:00Z,2025-09-21T22:00:00Z,2025-09-22,2025-09-21_24,-51.91563770873418,100,48,0,51.52931983133896,64.61940130434783,0.03636133742502462,0.0,1.24944,True,True,True,False,-1121.8969308857456,0.0,105.78875766478046,41.21059169147656,0.0,-26.78613713992784,-1001.6837186694164
2025-09-21T22:00:00Z,2025-09-21T22:15:00Z,2025-09-22,2025-09-22_1,0.0,0,0,100,64.61940130434783,64.61940130434783,0.0,0.0,0.0,True,True,True,False,0.0,1101.6581557207357,0.0,0.0,0.0,0.0,1101.6581557207357
2025-09-21T22:15:00Z,2025-09-21T22:30:00Z,2025-09-22,2025-09-22_1,0.0,0,0,100,64.61940130434783,64.61940130434783,0.0,0.0,0.0,True,True,True,False,0.0,1101.6581557207357,0.0,0.0,0.0,0.0,1101.6581557207357
2025-09-21T22:30:00Z,2025-09-21T22:45:00Z,2025-09-22,2025-09-22_1,0.0,0,0,100,64.61940130434783,64.61940130434783,0.0,0.0,0.0,True,True,True,False,0.0,1101.6581557207357,0.0,0.0,0.0,0.0,1101.6581557207357
2025-09-21T22:45:00Z,2025-09-21T23:00:00Z,2025-09-22,2025-09-22_1,0.0,0,0,100,64.61940130434783,64.61940130434783,0.0,0.0,0.0,True,True,True,False,0.0,1101.6581557207357,0.0,0.0,0.0,0.0,1101.6581557207357
2025-09-21T23:00:00Z,2025-09-21T23:15:00Z,2025-09-22,2025-09-22_2,0.0,0,0,100,64.61940130434783,64.61940130434783,0.0,0.0,0.0,True,True,True,False,0.0,1101.6581557207357,0.0,0.0,0.0,0.0,1101.6581557207357
2025-09-21T23:15:00Z,2025-09-21T23:30:00Z,2025-09-22,2025-09-22_2,0.0,0,0,100,64.61940130434783,64.61940130434783,0.0,0.0,0.0,True,True,True,False,0.0,1101.6581557207357,0.0,0.0,0.0,0.0,1101.6581557207357
2025-09-21T23:30:00Z,2025-09-21T23:45:00Z,2025-09-22,2025-09-22_2,0.0,0,0,100,64.61940130434783,64.61940130434783,0.0,0.0,0.0,True,True,True,False,0.0,1101.6581557207357,0.0,0.0,0.0,0.0,1101.6581557207357
2025-09-21T23:45:00Z,2025-09-22T00:00:00Z,2025-09-22,2025-09-22_2,0.0,0,0,100,64.61940130434783,64.61940130434783,0.0,0.0,0.0,True,True,True,False,0.0,1101.6581557207357,0.0,0.0,0.0,0.0,1101.6581557207357
2025-09-22T00:00:00Z,2025-09-22T00:15:00Z,2025-09-22,2025-09-22_3,0.0,0,0,100,64.61940130434783,64.61940130434783,0.0,0.0,0.0,True,True,True,False,0.0,1101.6581557207357,0.0,0.0,0.0,0.0,1101.6581557207357
2025-09-22T00:15:00Z,2025-09-22T00:30:00Z,2025-09-22,2025-09-22_3,0.0,0,0,100,64.61940130434783,64.61940130434783,0.0,0.0,0.0,True,True,True,False,0.0,1101.6581557207357,0.0,0.0,0.0,0.0,1101.6581557207357
2025-09-22T00:30:00Z,2025-09-22T00:45:00Z,2025-09-22,2025-09-22_3,0.0,0,0,100,64.61940130434783,64.61940130434783,0.0,0.0,0.0,True,True,True,False,0.0,1101.6581557207357,0.0,0.0,0.0,0.0,1101.6581557207357
2025-09-22T00:45:00Z,2025-09-22T01:00:00Z,2025-09-22,2025-09-22_3,0.0,0,0,100,64.61940130434783,64.61940130434783,0.0,0.0,0.0,True,True,True,False,0.0,1101.6581557207357,0.0,0.0,0.0,0.0,1101.6581557207357
2025-09-22T01:00:00Z,2025-09-22T01:15:00Z,2025-09-22,2025-09-22_4,0.0,0,0,100,64.61940130434783,64.61940130434783,0.0,0.0,0.0,True,True,True,False,0.0,1101.6581557207357,0.0,0.0,0.0,0.0,1101.6581557207357
2025-09-22T01:15:00Z,2025-09-22T01:30:00Z,2025-09-22,2025-09-22_4,0.0,0,0,100,64.61940130434783,64.61940130434783,0.0,0.0,0.0,True,True,True,False,0.0,1101.6581557207357,0.0,0.0,0.0,0.0,1101.6581557207357
2025-09-22T01:30:00Z,2025-09-22T01:45:00Z,2025-09-22,2025-09-22_4,0.0,0,0,100,64.61940130434783,64.61940130434783,0.0,0.0,0.0,True,True,True,False,0.0,1101.6581557207357,0.0,0.0,0.0,0.0,1101.6581557207357
2025-09-22T01:45:00Z,2025-09-22T02:00:00Z,2025-09-22,2025-09-22_4,0.0,0,0,100,64.61940130434783,64.61940130434783,0.0,0.0,0.0,True,True,True,False,0.0,1101.6581557207357,0.0,0.0,0.0,0.0,1101.6581557207357
2025-09-22T02:00:00Z,2025-09-22T02:15:00Z,2025-09-22,2025-09-22_5,0.0,0,0,100,64.61940130434783,64.61940130434783,0.0,0.0,0.0,True,True,True,False,0.0,1101.6581557207357,0.0,0.0,0.0,0.0,1101.6581557207357
2025-09-22T02:15:00Z,2025-09-22T02:30:00Z,2025-09-22,2025-09-22_5,0.0,0,0,100,64.61940130434783,64.61940130434783,0.0,0.0,0.0,True,True,True,False,0.0,1101.6581557207357,0.0,0.0,0.0,0.0,1101.6581557207357
2025-09-22T02:30:00Z,2025-09-22T02:45:00Z,2025-09-22,2025-09-22_5,0.0,0,0,100,64.61940130434783,64.61940130434783,0.0,0.0,0.0,True,True,True,False,0.0,1101.6581557207357,0.0,0.0,0.0,0.0,1101.6581557207357
2025-09-22T02:45:00Z,2025-09-22T03:00:00Z,2025-09-22,2025-09-22_5,0.0,0,0,100,64.61940130434783,64.61940130434783,0.0,0.0,0.0,True,True,True,False,0.0,1101.6581557207357,0.0,0.0,0.0,0.0,1101.6581557207357
2025-09-22T03:00:00Z,2025-09-22T03:15:00Z,2025-09-22,2025-09-22_6,-50.0,100,50,0,64.61940130434783,76.04061304347827,0.03207130072463768,0.11449999999999999,0.03925,True,True,True,False,-1077.125,0.0,105.46343579329243,41.98130877974723,12.887576746386955,-2.2547758729470218,-919.0474545535204
2025-09-22T03:15:00Z,2025-09-22T03:30:00Z,2025-09-22,2025-09-22_6,-50.0,100,50,0,76.04061304347827,88.12408391304349,0.03361652536231884,0.017,0.65275,True,True,True,False,-1077.125,0.0,105.46343579329243,41.98130877974723,1.5502080088329817,-25.139607247776972,-953.2696546659043
2025-09-22T03:30:00Z,2025-09-22T03:45:00Z,2025-09-22,2025-09-22_6,-50.0,100,50,0,88.12408391304349,92.9255539130435,0.03351102777777778,6.6815,0.00675,True,True,True,False,-1077.125,0.0,105.46343579329243,41.98130877974723,6394.799771387448,-0.5190362586013131,5464.600479701887
2025-09-22T03:45:00Z,2025-09-22T04:00:00Z,2025-09-22,2025-09-22_6,-50.0,100,50,0,92.9255539130435,97.76195652173915,0.03348427053140097,6.6405,0.0,True,True,True,False,-1077.125,0.0,105.46343579329243,41.98130877974723,3123.4100206037187,0.0,2193.7297651767585
2025-09-22T04:00:00Z,2025-09-22T04:15:00Z,2025-09-22,2025-09-22_7,0.0,0,0,100,97.76195652173915,97.76195652173915,0.0,0.0,0.0,True,True,True,False,0.0,1101.6581557207357,0.0,0.0,0.0,0.0,1101.6581557207357
2025-09-22T04:15:00Z,2025-09-22T04:30:00Z,2025-09-22,2025-09-22_7,0.0,0,0,100,97.76195652173915,97.76195652173915,0.0,0.0,0.0,True,True,True,False,0.0,1101.6581557207357,0.0,0.0,0.0,0.0,1101.6581557207357
2025-09-22T04:30:00Z,2025-09-22T04:45:00Z,2025-09-22,2025-09-22_7,0.0,0,0,100,97.76195652173915,97.76195652173915,0.0,0.0,0.0,True,True,True,False,0.0,1101.6581557207357,0.0,0.0,0.0,0.0,1101.6581557207357
2025-09-22T04:45:00Z,2025-09-22T05:00:00Z,2025-09-22,2025-09-22_7,0.0,0,0,100,97.76195652173915,97.76195652173915,0.0,0.0,0.0,True,True,True,False,0.0,1101.6581557207357,0.0,0.0,0.0,0.0,1101.6581557207357
2025-09-22T05:00:00Z,2025-09-22T05:15:00Z,2025-09-22,2025-09-22_8,100.0,0,100,0,97.76195652173915,70.8217391304348,0.07483393719806763,0.0,0.215,True,True,True,False,3184.5,0.0,0.0,82.80920365149154,0.0,-14.543349632287702,3252.7658540192037
2025-09-22T05:15:00Z,2025-09-22T05:30:00Z,2025-09-22,2025-09-22_8,100.0,0,100,0,70.8217391304348,45.53097826086959,0.07025211352657004,0.0,1.7325,True,True,True,False,3184.5,0.0,0.0,82.80920365149154,0.0,-108.27313728582976,3159.036066365662
2025-09-22T05:30:00Z,2025-09-22T05:45:00Z,2025-09-22,2025-09-22_8,100.0,0,100,0,45.53097826086959,27.302173913043504,0.05063556763285024,0.0,8.2295,True,True,True,False,3184.5,0.0,0.0,82.80920365149154,0.0,-316.0063746327806,2951.302829018711
2025-09-22T05:45:00Z,2025-09-22T06:00:00Z,2025-09-22,2025-09-22_8,100.0,0,100,0,27.302173913043504,10.000000000000028,0.048061594202898544,0.0,9.082,True,True,True,False,3184.5,0.0,0.0,82.80920365149154,0.0,-216.5182893984503,3050.790914253041
2025-09-22T06:00:00Z,2025-09-22T06:15:00Z,2025-09-22,2025-09-22_9,-99.99999999999994,0,0,0,10.000000000000028,33.000000000000014,0.06388888888888886,0.0,0.0,True,False,True,False,-646.2499999999997,0.0,0.0,0.0,0.0,0.0,-646.2499999999997
2025-09-22T06:15:00Z,2025-09-22T06:30:00Z,2025-09-22,2025-09-22_9,-99.99999999999994,0,0,0,33.000000000000014,56.0,0.06388888888888886,0.0,0.0,True,False,True,False,-646.2499999999997,0.0,0.0,0.0,0.0,0.0,-646.2499999999997
2025-09-22T06:30:00Z,2025-09-22T06:45:00Z,2025-09-22,2025-09-22_9,-99.99999999999994,0,0,0,56.0,78.99999999999999,0.06388888888888886,0.0,0.0,True,False,True,False,-646.2499999999997,0.0,0.0,0.0,0.0,0.0,-646.2499999999997
2025-09-22T06:45:00Z,2025-09-22T07:00:00Z,2025-09-22,2025-09-22_9,-99.99999999999994,0,0,0,78.99999999999999,101.99999999999997,0.06388888888888886,0.0,0.0,True,False,True,False,-646.2499999999997,0.0,0.0,0.0,0.0,0.0,-646.2499999999997
2025-09-22T07:00:00Z,2025-09-22T07:15:00Z,2025-09-22,2025-09-22_10,74.92849306864929,0,75,25,101.99999999999997,84.58231534774885,0.048395654845518596,0.0,2.70825,True,True,True,False,1104.6333090645621,232.90088526981998,0.0,67.62998087501724,0.0,624.8363504800961,2030.0005256894956
2025-09-22T07:15:00Z,2025-09-22T07:30:00Z,2025-09-22,2025-09-22_10,74.92849306864929,0,75,25,84.58231534774885,65.65629183572973,0.052578721806521504,0.0,1.3203749999999999,True,True,True,False,1104.6333090645621,232.90088526981998,0.0,67.62998087501724,0.0,-71.62811140795361,1333.5360638014458
2025-09-22T07:30:00Z,2025-09-22T07:45:00Z,2025-09-22,2025-09-22_10,74.92849306864929,0,75,25,65.65629183572973,50.436111407166536,0.04230132978371703,0.0,4.73025,True,True,True,False,1104.6333090645621,232.90088526981998,0.0,67.62998087501724,0.0,96.53369674086633,1501.6978719502656
2025-09-22T07:45:00Z,2025-09-22T08:00:00Z,2025-09-22,2025-09-22_10,74.92849306864929,0,75,25,50.436111407166536,31.739130434782556,0.05194351952819574,0.0,1.5311250000000003,True,True,True,False,1104.6333090645621,232.90088526981998,0.0,67.62998087501724,0.0,-31.56256649381889,1373.6016087155804
2025-09-22T08:00:00Z,2025-09-22T08:15:00Z,2025-09-22,2025-09-22_11,0.0,60,60,40,31.739130434782556,33.92660626086951,0.006079944927536233,0.0006000000000000001,2.3784,True,True,True,False,0.0,372.64141643171195,42.19720420355291,54.1039847000138,0.05323448806167314,-41.02023699205426,427.97560283128604
2025-09-22T08:15:00Z,2025-09-22T08:30:00Z,2025-09-22,2025-09-22_11,0.0,60,60,40,33.92660626086951,34.51310626086951,0.001629166666666667,0.0,0.6375000000000001,True,True,True,False,0.0,372.64141643171195,42.19720420355291,54.1039847000138,0.0,-25.700353910763226,443.2422514245154
2025-09-22T08:30:00Z,2025-09-22T08:45:00Z,2025-09-22,2025-09-22_11,0.0,60,60,40,34.51310626086951,36.3046733913043,0.004994691304347826,0.003,1.9509,True,True,True,False,0.0,372.64141643171195,42.19720420355291,54.1039847000138,0.2784187385397977,-20.851808789605474,448.369215284213
2025-09-22T08:45:00Z,2025-09-22T09:00:00Z,2025-09-22,2025-09-22_11,0.0,60,60,40,36.3046733913043,42.7950893913043,0.018028933333333334,0.0,7.054799999999999,True,True,True,False,0.0,372.64141643171195,42.19720420355291,54.1039847000138,0.0,1352.991824365622,1821.9344297009006
2025-09-22T09:00:00Z,2025-09-22T09:15:00Z,2025-09-22,2025-09-22_12,0.0,49,49,51,42.7950893913043,47.640062391304305,0.013458258333333334,0.0,5.266275,True,True,True,False,0.0,475.1178059504327,34.21469271870502,103.2382341923145,0.0,638.4342177980639,1251.004950659516
2025-09-22T09:15:00Z,2025-09-22T09:30:00Z,2025-09-22,2025-09-22_12,0.0,49,49,51,47.640062391304305,49.7942101913043,0.005983743888888889,0.0,2.341465,True,True,True,False,0.0,475.1178059504327,34.21469271870502,103.2382341923145,0.0,-47.381438673869745,565.1892941875824
2025-09-22T09:30:00Z,2025-09-22T09:45:00Z,2025-09-22,2025-09-22_12,0.0,49,49,51,49.7942101913043,53.4891923913043,0.010263839444444447,0.0,4.016285000000001,True,True,True,False,0.0,475.1178059504327,34.21469271870502,103.2382341923145,0.0,9.171437305546247,621.7421701669984
2025-09-22T09:45:00Z,2025-09-22T10:00:00Z,2025-09-22,2025-09-22_12,0.0,49,49,51,53.4891923913043,54.3008577913043,0.0022546261111111112,0.0,0.8822450000000001,True,True,True,False,0.0,475.1178059504327,34.21469271870502,103.2382341923145,0.0,-21.837037956189988,590.7336949052622
2025-09-22T10:00:00Z,2025-09-22T10:15:00Z,2025-09-22,2025-09-22_13,-49.0,49,0,51,54.3008577913043,65.5708577913043,0.03130555555555555,0.0,0.0,True,True,True,False,-2.45,475.1178059504327,34.21469271870502,0.0,0.0,0.0,506.8824986691377
2025-09-22T10:15:00Z,2025-09-22T10:30:00Z,2025-09-22,2025-09-22_13,-49.0,49,0,51,65.5708577913043,76.8408577913043,0.03130555555555556,0.0,0.0,True,True,True,False,-2.45,475.1178059504327,34.21469271870502,0.0,0.0,0.0,506.8824986691377
2025-09-22T10:30:00Z,2025-09-22T10:45:00Z,2025-09-22,2025-09-22_13,-49.0,49,0,51,76.8408577913043,88.1104069913043,0.03130430333333333,0.0004900000000000001,0.0,True,True,True,False,-2.45,475.1178059504327,34.21469271870502,0.0,0.04347483191703307,0.0,506.9259735010547
2025-09-22T10:45:00Z,2025-09-22T11:00:00Z,2025-09-22,2025-09-22_13,-49.0,49,0,51,88.1104069913043,99.38040699130431,0.03130555555555556,0.0,0.0,True,True,True,False,-2.45,475.1178059504327,34.21469271870502,0.0,0.0,0.0,506.8824986691377
2025-09-22T11:00:00Z,2025-09-22T11:15:00Z,2025-09-22,2025-09-22_14,0.0,100,100,0,99.38040699130431,112.37678699130431,0.03610105555555555,0.0,14.1265,True,True,True,False,0.0,0.0,67.75567341627398,211.01559573335433,0.0,2662.0733184802534,2940.8445876298815
2025-09-22T11:15:00Z,2025-09-22T11:30:00Z,2025-09-22,2025-09-22_14,0.0,100,100,0,112.37678699130431,118.08676699130432,0.01586105555555556,0.0,6.2065,True,True,True,False,0.0,0.0,67.75567341627398,211.01559573335433,0.0,268.70073739624206,547.4720065458704
2025-09-22T11:30:00Z,2025-09-22T11:45:00Z,2025-09-22,2025-09-22_14,0.0,100,100,0,118.08676699130432,119.33822264347822,0.0035668454106280193,0.015,1.378,True,True,True,False,0.0,0.0,67.75567341627398,211.01559573335433,1.3693093318085923,-56.9544714998324,223.1861069816045
2025-09-22T11:45:00Z,2025-09-22T12:00:00Z,2025-09-22,2025-09-22_14,0.0,100,100,0,119.33822264347822,121.73528612173908,0.006724934782608696,0.011,2.6185,True,True,True,False,0.0,0.0,67.75567341627398,211.01559573335433,0.9965693329915809,-57.079469232437546,222.68836925018235
2025-09-22T12:00:00Z,2025-09-22T12:15:00Z,2025-09-22,2025-09-22_15,-48.9629619144815,49,0,51,121.73528612173908,132.99068072726357,0.031265015209437294,0.006615,0.0,True,True,True,False,-103.18944223476976,475.1178059504327,33.20027997397425,0.0,0.6171491502198386,0.0,405.745792839857
2025-09-22T12:15:00Z,2025-09-22T12:30:00Z,2025-09-22,2025-09-22_15,-48.9629619144815,49,0,51,132.99068072726357,144.24787878013805,0.031270015839012046,0.004654999999999999,0.0,True,True,True,False,-103.18944223476976,475.1178059504327,33.20027997397425,0.0,0.4238795145803347,0.0,405.5525232042175
2025-09-22T12:30:00Z,2025-09-22T12:45:00Z,2025-09-22,2025-09-22_15,-48.9629619144815,49,0,51,144.24787878013805,155.50011735280006,0.031256264107681495,0.010045,0.0,True,True,True,False,-103.18944223476976,475.1178059504327,33.20027997397425,0.0,0.9347084514678917,0.0,406.06335214110504
2025-09-22T12:45:00Z,2025-09-22T13:00:00Z,2025-09-22,2025-09-22_15,-48.9629619144815,49,0,51,155.50011735280006,166.53999999999988,0.030667439975255128,0.240835,0.0,True,True,True,False,-103.18944223476976,475.1178059504327,33.20027997397425,0.0,22.93086907470573,0.0,428.0595127643429
2025-09-22T13:00:00Z,2025-09-22T13:15:00Z,2025-09-22,2025-09-22_16,7.596536940744334,64,72,28,166.53999999999988,174.44298533892834,0.026648048275827105,0.0,10.63044,True,True,True,False,134.72458264410076,260.8489915021984,66.43664110096807,150.24901910526626,0.0,792.6939212760502,1404.9531556285838
2025-09-22T13:15:00Z,2025-09-22T13:30:00Z,2025-09-22,2025-09-22_16,7.596536940744334,64,72,28,174.44298533892834,175.37568816921677,0.012031034820114146,0.0016,3.19824,True,True,True,False,134.72458264410076,260.8489915021984,66.43664110096807,150.24901910526626,0.1419586348311284,-75.50694100435734,536.8942519830073
2025-09-22T13:30:00Z,2025-09-22T13:45:00Z,2025-09-22,2025-09-22_16,7.596536940744334,64,72,28,175.37568816921677,174.31462432378868,0.007888290137732954,0.00928,1.08072,True,True,True,False,134.72458264410076,260.8489915021984,66.43664110096807,150.24901910526626,0.861216348902778,-41.953090573552316,571.167360127884
2025-09-22T13:45:00Z,2025-09-22T14:00:00Z,2025-09-22,2025-09-22_16,7.596536940744334,64,72,28,174.31462432378868,169.85061826086945,0.012579416265764056,2.2416,0.039240000000000004,True,True,True,False,134.72458264410076,260.8489915021984,66.43664110096807,150.24901910526626,325.0189620457816,-1.7326751237208935,935.5455212745942
2025-09-22T14:00:00Z,2025-09-22T14:15:00Z,2025-09-22,2025-09-22_17,0.0,100,100,0,169.85061826086945,184.98829826086944,0.042049111111111113,0.0,16.454,True,True,True,False,0.0,0.0,108.7462292237623,84.76113488041956,0.0,2255.8839843056844,2449.391348409866
2025-09-22T14:15:00Z,2025-09-22T14:30:00Z,2025-09-22,2025-09-22_17,0.0,100,100,0,184.98829826086944,189.96135999999987,0.013847272946859905,0.0055,5.412,True,True,True,False,0.0,0.0,108.7462292237623,84.76113488041956,0.510164336836294,213.7440690865356,407.76159752755376
2025-09-22T14:30:00Z,2025-09-22T14:45:00Z,2025-09-22,2025-09-22_17,0.0,100,100,0,189.96135999999987,188.24891304347813,0.004971463768115942,1.611,0.042,True,True,True,False,0.0,0.0,108.7462292237623,84.76113488041956,217.72687710719845,-3.263080108046294,407.971161103334
2025-09-22T14:45:00Z,2025-09-22T15:00:00Z,2025-09-22,2025-09-22_17,0.0,100,100,0,188.24891304347813,166.8027173913042,0.05957276570048309,19.7305,0.0,True,True,True,False,0.0,0.0,108.7462292237623,84.76113488041956,23585.854249196553,0.0,23779.361613300734
2025-09-22T15:00:00Z,2025-09-22T15:15:00Z,2025-09-22,2025-09-22_18,0.0,100,100,0,166.8027173913042,172.783896521739,0.023160280193236717,1.084,7.782,True,True,True,False,0.0,0.0,105.78875766478046,83.43027267887774,161.28814605966207,356.6088956801199,707.1160720834401
2025-09-22T15:15:00Z,2025-09-22T15:30:00Z,2025-09-22,2025-09-22_18,0.0,100,100,0,172.783896521739,175.1058973913042,0.012126330917874397,0.9399999999999998,3.6345,True,True,True,False,0.0,0.0,105.78875766478046,83.43027267887774,88.03407007235944,-144.81030668980065,132.442793726217
2025-09-22T15:30:00Z,2025-09-22T15:45:00Z,2025-09-22,2025-09-22_18,0.0,100,100,0,175.1058973913042,168.97600608695637,0.017027475845410627,5.6395,0.0,True,True,True,False,0.0,0.0,105.78875766478046,83.43027267887774,2170.405256412784,0.0,2359.6242867564424
2025-09-22T15:45:00Z,2025-09-22T16:00:00Z,2025-09-22,2025-09-22_18,0.0,100,100,0,168.97600608695637,143.5580713043477,0.07060537439613526,23.3845,0.0,True,True,True,False,0.0,0.0,105.78875766478046,83.43027267887774,32274.450629448525,0.0,32463.669659792184
2025-09-22T16:00:00Z,2025-09-22T16:15:00Z,2025-09-22,2025-09-22_19,-75.37568533171672,100,24,0,143.5580713043477,156.81928656582886,0.0431429722546089,4.241,0.0009600000000000001,True,True,True,False,-2699.580170155434,0.0,105.78875766478046,19.952286125515087,1057.4989816439597,-0.07429168556162385,-1516.4144364067406
2025-09-22T16:15:00Z,2025-09-22T16:30:00Z,2025-09-22,2025-09-22_19,-75.37568533171672,100,24,0,156.81928656582886,164.4556723487184,0.03621948320063809,10.0925,0.0,True,True,True,False,-2699.580170155434,0.0,105.78875766478046,19.952286125515087,2246.940839231846,0.0,-326.8982871332927
2025-09-22T16:30:00Z,2025-09-22T16:45:00Z,2025-09-22,2025-09-22_19,-75.37568533171672,100,24,0,164.4556723487184,169.05734730965574,0.032484856132721694,13.25,0.0,True,True,True,False,-2699.580170155434,0.0,105.78875766478046,19.952286125515087,4027.812949782133,0.0,1453.9738234169943
2025-09-22T16:45:00Z,2025-09-22T17:00:00Z,2025-09-22,2025-09-22_19,-75.37568533171672,100,24,0,169.05734730965574,170.66852259600745,0.028804636933411523,16.3615,0.0,True,True,True,False,-2699.580170155434,0.0,105.78875766478046,19.952286125515087,9775.78575928153,0.0,7201.946632916392
2025-09-22T17:00:00Z,2025-09-22T17:15:00Z,2025-09-22,2025-09-22_20,100.00000000000001,0,100,0,170.66852259600745,143.49678346557266,0.07547705314009663,0.0,0.002,True,True,True,False,6183.250000000001,0.0,0.0,82.92750251385083,0.0,-0.15773181647903153,6266.019770697373
2025-09-22T17:15:00Z,2025-09-22T17:30:00Z,2025-09-22,2025-09-22_20,100.00000000000001,0,100,0,143.49678346557266,116.3228704220944,0.07548309178743963,0.0,0.0,True,True,True,False,6183.250000000001,0.0,0.0,82.92750251385083,0.0,0.0,6266.177502513851
2025-09-22T17:30:00Z,2025-09-22T17:45:00Z,2025-09-22,2025-09-22_20,100.00000000000001,0,100,0,116.3228704220944,89.16471824818134,0.0754393115942029,0.0,0.0145,True,True,True,False,6183.250000000001,0.0,0.0,82.92750251385083,0.0,-1.1435556694729785,6265.033946844379
2025-09-22T17:45:00Z,2025-09-22T18:00:00Z,2025-09-22,2025-09-22_20,100.00000000000001,0,100,0,89.16471824818134,62.16308781339873,0.07500452898550725,0.0,0.1585,True,True,True,False,6183.250000000001,0.0,0.0,82.92750251385083,0.0,-12.500246455963248,6253.677256057888
2025-09-22T18:00:00Z,2025-09-22T18:15:00Z,2025-09-22,2025-09-22_21,1.3542719414444935,3,5,95,62.16308781339873,61.81961215888494,0.0011652191013780907,0.027735,0.05665,True,True,True,False,49.407226103748734,885.0233640253159,3.1736627299434135,4.140460182574578,4.372767065596719,-4.358919221593485,941.7585608855859
2025-09-22T18:15:00Z,2025-09-22T18:30:00Z,2025-09-22,2025-09-22_21,1.3542719414444935,3,5,95,61.81961215888494,61.630434782608695,0.0012159652505061914,0.0,0.185275,True,True,True,False,49.407226103748734,885.0233640253159,3.1736627299434135,4.140460182574578,0.0,-13.697981042607308,928.0467319989754
2025-09-22T18:30:00Z,2025-09-22T18:45:00Z,2025-09-22,2025-09-22_21,1.3542719414444935,3,5,95,61.630434782608695,61.7551955061932,0.00155603853640584,0.0,0.510525,True,True,True,False,49.407226103748734,885.0233640253159,3.1736627299434135,4.140460182574578,0.0,-29.538560381710997,912.2061526598717
2025-09-22T18:45:00Z,2025-09-22T19:00:00Z,2025-09-22,2025-09-22_21,1.3542719414444935,3,5,95,61.7551955061932,61.69748121739132,0.001358372572687689,0.0,0.321475,True,True,True,False,49.407226103748734,885.0233640253159,3.1736627299434135,4.140460182574578,0.0,-21.068943768607426,920.6757692729752
2025-09-22T19:00:00Z,2025-09-22T19:15:00Z,2025-09-22,2025-09-22_22,0.0,5,5,95,61.69748121739132,61.63043478260871,0.0003054567632850241,0.081425,0.023325,True,True,True,False,0.0,885.0233640253159,5.289437883239023,4.152290068810505,12.009348671109445,-1.7326098257063427,904.7418308227685
2025-09-22T19:15:00Z,2025-09-22T19:30:00Z,2025-09-22,2025-09-22_22,0.0,5,5,95,61.63043478260871,61.685591652173926,0.0002080142512077295,0.009075,0.070675,True,True,True,False,0.0,885.0233640253159,5.289437883239023,4.152290068810505,1.3669917683708273,-4.833766453400107,890.9983172923362
2025-09-22T19:30:00Z,2025-09-22T19:45:00Z,2025-09-22,2025-09-22_22,0.0,5,5,95,61.685591652173926,62.03093665217393,0.0009592916666666667,0.0,0.375375,True,True,True,False,0.0,885.0233640253159,5.289437883239023,4.152290068810505,0.0,-17.587612827539974,876.8774791498255
2025-09-22T19:45:00Z,2025-09-22T20:00:00Z,2025-09-22,2025-09-22_22,0.0,5,5,95,62.03093665217393,62.57168965217393,0.0015020916666666664,0.0,0.5877749999999999,True,True,True,False,0.0,885.0233640253159,5.289437883239023,4.152290068810505,0.0,-16.24328305467379,878.2218089226917
2025-09-22T20:00:00Z,2025-09-22T20:15:00Z,2025-09-22,2025-09-22_23,71.99999999999989,28,100,0,62.57168965217393,43.70406154782614,0.05363654028985499,0.17836,0.857,True,True,True,False,1951.919999999997,0.0,29.620852146138528,83.40069796328791,25.886693333859103,-55.05623888483605,2035.7720045584465
2025-09-22T20:15:00Z,2025-09-22T20:30:00Z,2025-09-22,2025-09-22_23,71.99999999999989,28,100,0,43.70406154782614,25.05239027826096,0.05307458463768107,0.005039999999999999,0.8835,True,True,True,False,1951.919999999997,0.0,29.620852146138528,83.40069796328791,0.675723101796171,-67.93607918137187,1997.6811940298476
2025-09-22T20:30:00Z,2025-09-22T20:45:00Z,2025-09-22,2025-09-22_23,71.99999999999989,28,100,0,25.05239027826096,10.01728175652186,0.04799667922705308,0.0,4.355,True,True,True,False,1951.919999999997,0.0,29.620852146138528,83.40069796328791,0.0,-224.48097754293266,1840.4605725664906
2025-09-22T20:45:00Z,2025-09-22T21:00:00Z,2025-09-22,2025-09-22_23,71.99999999999989,28,100,0,10.01728175652186,11.048716643478409,0.025471618647343038,0.0,19.8005,True,True,True,False,1951.919999999997,0.0,29.620852146138528,83.40069796328791,0.0,-89.88089502947612,1975.0606550799473
2025-09-22T21:00:00Z,2025-09-22T21:15:00Z,2025-09-23,2025-09-22_24,-63.99999999999999,99,35,1,11.048716643478409,28.311389643478407,0.047951869444444434,0.0,2.763775,True,True,True,False,-1494.5599999999997,11.009201426516658,132.10598388272612,29.139656769057986,0.0,-53.41040249344866,-1375.7155604151476
2025-09-22T21:15:00Z,2025-09-22T21:30:00Z,2025-09-23,2025-09-22_24,-63.99999999999999,99,35,1,28.311389643478407,43.54770855652188,0.04232839190821256,0.002475,0.56385,True,True,True,False,-1494.5599999999997,11.009201426516658,132.10598388272612,29.139656769057986,0.33160601343762935,-34.43892213268181,-1356.4124740409432
2025-09-22T21:30:00Z,2025-09-22T21:45:00Z,2025-09-23,2025-09-22_24,-63.99999999999999,99,35,1,43.54770855652188,58.64444208695666,0.04193959797101449,0.00198,0.41159999999999997,True,True,True,False,-1494.5599999999997,11.009201426516658,132.10598388272612,29.139656769057986,0.26528481075010346,-25.373822552361432,-1347.4136956633104
2025-09-22T21:45:00Z,2025-09-22T22:00:00Z,2025-09-23,2025-09-22_24,-63.99999999999999,99,35,1,58.64444208695666,73.75599085217405,0.04197863787439613,0.00099,0.42665000000000003,True,True,True,False,-1494.5599999999997,11.009201426516658,132.10598388272612,29.139656769057986,0.13264240537505173,-25.438017447244498,-1347.6105329635684
2025-09-22T22:00:00Z,2025-09-22T22:15:00Z,2025-09-23,2025-09-23_1,0.0,0,0,100,73.75599085217405,73.75599085217405,0.0,0.0,0.0,True,True,True,False,0.0,1100.9201426516659,0.0,0.0,0.0,0.0,1100.9201426516659
2025-09-22T22:15:00Z,2025-09-22T22:30:00Z,2025-09-23,2025-09-23_1,0.0,0,0,100,73.75599085217405,73.75599085217405,0.0,0.0,0.0,True,True,True,False,0.0,1100.9201426516659,0.0,0.0,0.0,0.0,1100.9201426516659
2025-09-22T22:30:00Z,2025-09-22T22:45:00Z,2025-09-23,2025-09-23_1,0.0,0,0,100,73.75599085217405,73.75599085217405,0.0,0.0,0.0,True,True,True,False,0.0,1100.9201426516659,0.0,0.0,0.0,0.0,1100.9201426516659
2025-09-22T22:45:00Z,2025-09-22T23:00:00Z,2025-09-23,2025-09-23_1,0.0,0,0,100,73.75599085217405,73.75599085217405,0.0,0.0,0.0,True,True,True,False,0.0,1100.9201426516659,0.0,0.0,0.0,0.0,1100.9201426516659
2025-09-22T23:00:00Z,2025-09-22T23:15:00Z,2025-09-23,2025-09-23_2,0.0,0,0,100,73.75599085217405,73.75599085217405,0.0,0.0,0.0,True,True,True,False,0.0,1100.9201426516659,0.0,0.0,0.0,0.0,1100.9201426516659
2025-09-22T23:15:00Z,2025-09-22T23:30:00Z,2025-09-23,2025-09-23_2,0.0,0,0,100,73.75599085217405,73.75599085217405,0.0,0.0,0.0,True,True,True,False,0.0,1100.9201426516659,0.0,0.0,0.0,0.0,1100.9201426516659
2025-09-22T23:30:00Z,2025-09-22T23:45:00Z,2025-09-23,2025-09-23_2,0.0,0,0,100,73.75599085217405,73.75599085217405,0.0,0.0,0.0,True,True,True,False,0.0,1100.9201426516659,0.0,0.0,0.0,0.0,1100.9201426516659
2025-09-22T23:45:00Z,2025-09-23T00:00:00Z,2025-09-23,2025-09-23_2,0.0,0,0,100,73.75599085217405,73.75599085217405,0.0,0.0,0.0,True,True,True,False,0.0,1100.9201426516659,0.0,0.0,0.0,0.0,1100.9201426516659
2025-09-23T00:00:00Z,2025-09-23T00:15:00Z,2025-09-23,2025-09-23_3,0.0,0,0,100,73.75599085217405,73.75599085217405,0.0,0.0,0.0,True,True,True,False,0.0,1100.9201426516659,0.0,0.0,0.0,0.0,1100.9201426516659
2025-09-23T00:15:00Z,2025-09-23T00:30:00Z,2025-09-23,2025-09-23_3,0.0,0,0,100,73.75599085217405,73.75599085217405,0.0,0.0,0.0,True,True,True,False,0.0,1100.9201426516659,0.0,0.0,0.0,0.0,1100.9201426516659
2025-09-23T00:30:00Z,2025-09-23T00:45:00Z,2025-09-23,2025-09-23_3,0.0,0,0,100,73.75599085217405,73.75599085217405,0.0,0.0,0.0,True,True,True,False,0.0,1100.9201426516659,0.0,0.0,0.0,0.0,1100.9201426516659
2025-09-23T00:45:00Z,2025-09-23T01:00:00Z,2025-09-23,2025-09-23_3,0.0,0,0,100,73.75599085217405,73.75599085217405,0.0,0.0,0.0,True,True,True,False,0.0,1100.9201426516659,0.0,0.0,0.0,0.0,1100.9201426516659
2025-09-23T01:00:00Z,2025-09-23T01:15:00Z,2025-09-23,2025-09-23_4,0.0,0,0,100,73.75599085217405,73.75599085217405,0.0,0.0,0.0,True,True,True,False,0.0,1100.9201426516659,0.0,0.0,0.0,0.0,1100.9201426516659
2025-09-23T01:15:00Z,2025-09-23T01:30:00Z,2025-09-23,2025-09-23_4,0.0,0,0,100,73.75599085217405,73.75599085217405,0.0,0.0,0.0,True,True,True,False,0.0,1100.9201426516659,0.0,0.0,0.0,0.0,1100.9201426516659
2025-09-23T01:30:00Z,2025-09-23T01:45:00Z,2025-09-23,2025-09-23_4,0.0,0,0,100,73.75599085217405,73.75599085217405,0.0,0.0,0.0,True,True,True,False,0.0,1100.9201426516659,0.0,0.0,0.0,0.0,1100.9201426516659
2025-09-23T01:45:00Z,2025-09-23T02:00:00Z,2025-09-23,2025-09-23_4,0.0,0,0,100,73.75599085217405,73.75599085217405,0.0,0.0,0.0,True,True,True,False,0.0,1100.9201426516659,0.0,0.0,0.0,0.0,1100.9201426516659
2025-09-23T02:00:00Z,2025-09-23T02:15:00Z,2025-09-23,2025-09-23_5,0.0,0,0,100,73.75599085217405,73.75599085217405,0.0,0.0,0.0,True,True,True,False,0.0,1100.9201426516659,0.0,0.0,0.0,0.0,1100.9201426516659
2025-09-23T02:15:00Z,2025-09-23T02:30:00Z,2025-09-23,2025-09-23_5,0.0,0,0,100,73.75599085217405,73.75599085217405,0.0,0.0,0.0,True,True,True,False,0.0,1100.9201426516659,0.0,0.0,0.0,0.0,1100.9201426516659
2025-09-23T02:30:00Z,2025-09-23T02:45:00Z,2025-09-23,2025-09-23_5,0.0,0,0,100,73.75599085217405,73.75599085217405,0.0,0.0,0.0,True,True,True,False,0.0,1100.9201426516659,0.0,0.0,0.0,0.0,1100.9201426516659
2025-09-23T02:45:00Z,2025-09-23T03:00:00Z,2025-09-23,2025-09-23_5,0.0,0,0,100,73.75599085217405,73.75599085217405,0.0,0.0,0.0,True,True,True,False,0.0,1100.9201426516659,0.0,0.0,0.0,0.0,1100.9201426516659
2025-09-23T03:00:00Z,2025-09-23T03:15:00Z,2025-09-23,2025-09-23_6,-99.92083538950693,100,0,0,73.75599085217405,94.64678263434456,0.05804084079451624,2.2725,0.0,True,True,True,False,-2504.2659369495177,0.0,104.09236892400449,0.0,355.71142099974384,0.0,-2044.4621470257694
2025-09-23T03:15:00Z,2025-09-23T03:30:00Z,2025-09-23,2025-09-23_6,-99.92083538950693,100,0,0,94.64678263434456,114.11643027920852,0.05410060162934744,3.817,0.0,True,True,True,False,-2504.2659369495177,0.0,104.09236892400449,0.0,601.5868161487991,0.0,-1798.586751876714
2025-09-23T03:30:00Z,2025-09-23T03:45:00Z,2025-09-23,2025-09-23_6,-99.92083538950693,100,0,0,114.11643027920852,129.77719080436998,0.04354014839256131,7.9565,0.0,True,True,True,False,-2504.2659369495177,0.0,104.09236892400449,0.0,1253.6288552400842,0.0,-1146.544712785429
2025-09-23T03:45:00Z,2025-09-23T04:00:00Z,2025-09-23,2025-09-23_6,-99.92083538950693,100,0,0,129.77719080436998,143.79735566956538,0.03899146180693752,9.7395,0.0,True,True,True,False,-2504.2659369495177,0.0,104.09236892400449,0.0,5665.434507812345,0.0,3265.260939786832
2025-09-23T04:00:00Z,2025-09-23T04:15:00Z,2025-09-23,2025-09-23_7,0.0,0,0,100,143.79735566956538,143.79735566956538,0.0,0.0,0.0,True,True,True,False,0.0,1100.9201426516659,0.0,0.0,0.0,0.0,1100.9201426516659
2025-09-23T04:15:00Z,2025-09-23T04:30:00Z,2025-09-23,2025-09-23_7,0.0,0,0,100,143.79735566956538,143.79735566956538,0.0,0.0,0.0,True,True,True,False,0.0,1100.9201426516659,0.0,0.0,0.0,0.0,1100.9201426516659
2025-09-23T04:30:00Z,2025-09-23T04:45:00Z,2025-09-23,2025-09-23_7,0.0,0,0,100,143.79735566956538,143.79735566956538,0.0,0.0,0.0,True,True,True,False,0.0,1100.9201426516659,0.0,0.0,0.0,0.0,1100.9201426516659
2025-09-23T04:45:00Z,2025-09-23T05:00:00Z,2025-09-23,2025-09-23_7,0.0,0,0,100,143.79735566956538,143.79735566956538,0.0,0.0,0.0,True,True,True,False,0.0,1100.9201426516659,0.0,0.0,0.0,0.0,1100.9201426516659
2025-09-23T05:00:00Z,2025-09-23T05:15:00Z,2025-09-23,2025-09-23_8,89.0,0,89,11,143.79735566956538,119.61837740869582,0.06716382850241545,0.0,0.00534,True,True,True,False,3733.995,121.10121569168324,0.0,70.75739365160679,0.0,-0.41034027545169743,3925.443269067838
2025-09-23T05:15:00Z,2025-09-23T05:30:00Z,2025-09-23,2025-09-23_8,89.0,0,89,11,119.61837740869582,95.45052414782626,0.06713292572463767,0.0,0.015575000000000002,True,True,True,False,3733.995,121.10121569168324,0.0,70.75739365160679,0.0,-1.091609471361299,3924.7619998719288
2025-09-23T05:30:00Z,2025-09-23T05:45:00Z,2025-09-23,2025-09-23_8,89.0,0,89,11,95.45052414782626,71.91727958260887,0.06537012379227053,0.0,0.5994149999999999,True,True,True,False,3733.995,121.10121569168324,0.0,70.75739365160679,0.0,-37.669736270762314,3888.1838730725276
2025-09-23T05:45:00Z,2025-09-23T06:00:00Z,2025-09-23,2025-09-23_8,89.0,0,89,11,71.91727958260887,59.054844800000176,0.035728985507246375,0.0,10.41656,True,True,True,False,3733.995,121.10121569168324,0.0,70.75739365160679,0.0,-330.03047723681357,3595.8231321064764
2025-09-23T06:00:00Z,2025-09-23T06:15:00Z,2025-09-23,2025-09-23_9,-2.1872700084514524e-13,12,12,88,59.054844800000176,58.36245481739153,0.0030346655072464334,0.82104,0.21744000000000002,True,True,True,False,-5.2193730576672784e-12,968.8097255334659,17.452761413118434,9.56160226981656,147.0414323803519,-9.539203719977145,1133.3263178767704
2025-09-23T06:15:00Z,2025-09-23T06:30:00Z,2025-09-23,2025-09-23_9,-2.1872700084514524e-13,12,12,88,58.36245481739153,57.82608695652201,0.001490524057971104,0.4935600000000001,0.00012000000000000002,True,True,True,False,-5.2193730576672784e-12,968.8097255334659,17.452761413118434,9.56160226981656,87.03287259472347,-0.009221129785431404,1082.8477406813338
2025-09-23T06:30:00Z,2025-09-23T06:45:00Z,2025-09-23,2025-09-23_9,-2.1872700084514524e-13,12,12,88,57.82608695652201,57.94942775652206,0.0004176133333334717,0.012419999999999999,0.14873999999999998,True,True,True,False,-5.2193730576672784e-12,968.8097255334659,17.452761413118434,9.56160226981656,1.8936407148345908,-8.635260670305202,989.0824692609251
2025-09-23T06:45:00Z,2025-09-23T07:00:00Z,2025-09-23,2025-09-23_9,-2.1872700084514524e-13,12,12,88,57.94942775652206,59.52119255652211,0.004366013333333473,0.0,1.70844,True,True,True,False,-5.2193730576672784e-12,968.8097255334659,17.452761413118434,9.56160226981656,0.0,-61.28005600457115,934.5440332118245
2025-09-23T07:00:00Z,2025-09-23T07:15:00Z,2025-09-23,2025-09-23_10,-8.839104767475087,9,0,91,59.52119255652211,61.355652639090934,0.005118943442264526,0.2151,0.0,True,True,True,False,-92.81060005848842,1001.8373298130159,9.081039544460424,0.0,28.546638819380128,0.0,946.654408118368
2025-09-23T07:15:00Z,2025-09-23T07:30:00Z,2025-09-23,2025-09-23_10,-8.839104767475087,9,0,91,61.355652639090934,62.98435173732702,0.004571451426060309,0.43803,0.0,True,True,True,False,-92.81060005848842,1001.8373298130159,9.081039544460424,0.0,63.40141830039603,0.0,981.509187599384
2025-09-23T07:30:00Z,2025-09-23T07:45:00Z,2025-09-23,2025-09-23_10,-8.839104767475087,9,0,91,62.98435173732702,64.89739473922518,0.0053280380919735245,0.12996,0.0,True,True,True,False,-92.81060005848842,1001.8373298130159,9.081039544460424,0.0,15.786761239729671,0.0,933.8945305387176
2025-09-23T07:45:00Z,2025-09-23T08:00:00Z,2025-09-23,2025-09-23_10,-8.839104767475087,9,0,91,64.89739473922518,66.91996372329642,0.005619466522884006,0.011295,0.0,True,True,True,False,-92.81060005848842,1001.8373298130159,9.081039544460424,0.0,1.2240163143065432,0.0,919.3317856132944
2025-09-23T08:00:00Z,2025-09-23T08:15:00Z,2025-09-23,2025-09-23_11,-9.0,9,0,91,66.91996372329642,68.97915832329642,0.0057199849999999995,0.011745,0.0,True,True,True,False,-22.995,1001.8373298130159,6.6046342088152405,0.0,1.2727819045179594,0.0,986.7197459263491
2025-09-23T08:15:00Z,2025-09-23T08:30:00Z,2025-09-23,2025-09-23_11,-9.0,9,0,91,68.97915832329642,71.03284672329642,0.00570469,0.01773,0.0,True,True,True,False,-22.995,1001.8373298130159,6.6046342088152405,0.0,1.921364254329793,0.0,987.3683282761609
2025-09-23T08:30:00Z,2025-09-23T08:45:00Z,2025-09-23,2025-09-23_11,-9.0,9,0,91,71.03284672329642,73.09924492329641,0.005739995000000001,0.003914999999999999,0.0,True,True,True,False,-22.995,1001.8373298130159,6.6046342088152405,0.0,0.42426063483931975,0.0,985.8712246566705
2025-09-23T08:45:00Z,2025-09-23T09:00:00Z,2025-09-23,2025-09-23_11,-9.0,9,0,91,73.09924492329641,75.1692449232964,0.00575,0.0,0.0,True,True,True,False,-22.995,1001.8373298130159,6.6046342088152405,0.0,0.0,0.0,985.4469640218311
2025-09-23T09:00:00Z,2025-09-23T09:15:00Z,2025-09-23,2025-09-23_12,-9.0,9,0,91,75.1692449232964,77.2384169232964,0.0057477000000000006,0.0009000000000000001,0.0,True,True,True,False,-22.5,1001.8373298130159,6.6046342088152405,0.0,0.09753118042283215,0.0,986.039495202254
2025-09-23T09:15:00Z,2025-09-23T09:30:00Z,2025-09-23,2025-09-23_12,-9.0,9,0,91,77.2384169232964,79.3084169232964,0.00575,0.0,0.0,True,True,True,False,-22.5,1001.8373298130159,6.6046342088152405,0.0,0.0,0.0,985.9419640218312
2025-09-23T09:30:00Z,2025-09-23T09:45:00Z,2025-09-23,2025-09-23_12,-9.0,9,0,91,79.3084169232964,81.37841692329641,0.005750000000000001,0.0,0.0,True,True,True,False,-22.5,1001.8373298130159,6.6046342088152405,0.0,0.0,0.0,985.9419640218312
2025-09-23T09:45:00Z,2025-09-23T10:00:00Z,2025-09-23,2025-09-23_12,-9.0,9,0,91,81.37841692329641,83.4484169232964,0.00575,0.0,0.0,True,True,True,False,-22.5,1001.8373298130159,6.6046342088152405,0.0,0.0,0.0,985.9419640218312
2025-09-23T10:00:00Z,2025-09-23T10:15:00Z,2025-09-23,2025-09-23_13,-62.0,62,0,38,83.4484169232964,97.6796117232964,0.03953109666666667,0.031310000000000004,0.0,True,True,True,False,-156.54999999999998,418.349654207633,42.42015250330029,0.0,3.393001398932083,0.0,307.6128081098654
2025-09-23T10:15:00Z,2025-09-23T10:30:00Z,2025-09-23,2025-09-23_13,-62.0,62,0,38,97.6796117232964,111.33555812329641,0.03793318444444445,0.6565799999999999,0.0,True,True,True,False,-156.54999999999998,418.349654207633,42.42015250330029,0.0,71.15224715780347,0.0,375.37205386873677
2025-09-23T10:30:00Z,2025-09-23T10:45:00Z,2025-09-23,2025-09-23_13,-62.0,62,0,38,111.33555812329641,125.4580917232964,0.03922926,0.14942,0.0,True,True,True,False,-156.54999999999998,418.349654207633,42.42015250330029,0.0,16.19234330975509,0.0,320.4121500206884
2025-09-23T10:45:00Z,2025-09-23T11:00:00Z,2025-09-23,2025-09-23_13,-62.0,62,0,38,125.4580917232964,138.8274121232964,0.037137001111111116,0.96813,0.0,True,True,True,False,-156.54999999999998,418.349654207633,42.42015250330029,0.0,105.09150055563218,0.0,409.3113072665655
2025-09-23T11:00:00Z,2025-09-23T11:15:00Z,2025-09-23,2025-09-23_14,-9.0,9,0,91,138.8274121232964,140.8939759232964,0.005740455000000001,0.003735,0.0,True,True,True,False,-26.8875,1001.8373298130159,6.157764073059719,0.0,0.4047543987547534,0.0,981.5123482848304
2025-09-23T11:15:00Z,2025-09-23T11:30:00Z,2025-09-23,2025-09-23_14,-9.0,9,0,91,140.8939759232964,142.9618645232964,0.005744135000000001,0.0022949999999999997,0.0,True,True,True,False,-26.8875,1001.8373298130159,6.157764073059719,0.0,0.24870451007822192,0.0,981.3562983961539
2025-09-23T11:30:00Z,2025-09-23T11:45:00Z,2025-09-23,2025-09-23_14,-9.0,9,0,91,142.9618645232964,145.0297117232964,0.005744020000000001,0.0023399999999999996,0.0,True,True,True,False,-26.8875,1001.8373298130159,6.157764073059719,0.0,0.2535810690993635,0.0,981.361174955175
2025-09-23T11:45:00Z,2025-09-23T12:00:00Z,2025-09-23,2025-09-23_14,-9.0,9,0,91,145.0297117232964,147.0997117232964,0.00575,0.0,0.0,True,True,True,False,-26.8875,1001.8373298130159,6.157764073059719,0.0,0.0,0.0,981.1075938860756
2025-09-23T12:00:00Z,2025-09-23T12:15:00Z,2025-09-23,2025-09-23_15,-0.9354553435652381,9,8,91,147.0997117232964,147.68441205231642,0.0016241675806111244,0.0,0.40168,True,True,True,False,-9.822281107435,1001.8373298130159,6.157764073059719,16.799006955253876,0.0,-7.438515587255925,1007.5333041466386
2025-09-23T12:15:00Z,2025-09-23T12:30:00Z,2025-09-23,2025-09-23_15,-0.9354553435652381,9,8,91,147.68441205231642,147.92568142128314,0.000800949348594296,0.024165000000000002,0.056479999999999995,True,True,True,False,-9.822281107435,1001.8373298130159,6.157764073059719,16.799006955253876,2.6187121943530434,-2.128519125962997,1015.4620128022846
2025-09-23T12:30:00Z,2025-09-23T12:45:00Z,2025-09-23,2025-09-23_15,-0.9354553435652381,9,8,91,147.92568142128314,148.1387258040678,0.000630018620991886,0.007065,0.00592,True,True,True,False,-9.822281107435,1001.8373298130159,6.157764073059719,16.799006955253876,0.7266427600338896,-0.2924038854846019,1015.4060586084438
2025-09-23T12:45:00Z,2025-09-23T13:00:00Z,2025-09-23,2025-09-23_15,-0.9354553435652381,9,8,91,148.1387258040678,148.11267599999965,0.0011536352768986118,0.226575,0.00124,True,True,True,False,-9.822281107435,1001.8373298130159,6.157764073059719,16.799006955253876,24.106378219021536,-0.06390960928418025,1039.014288343632
2025-09-23T13:00:00Z,2025-09-23T13:15:00Z,2025-09-23,2025-09-23_16,0.0,9,9,91,148.11267599999965,148.1182336956518,0.00013636195652173914,0.020025,0.0297,True,True,True,False,0.0,1001.8373298130159,10.038618406793686,17.606151360510705,2.059592536401789,-1.5711395385494453,1029.9705525781726
2025-09-23T13:15:00Z,2025-09-23T13:30:00Z,2025-09-23,2025-09-23_16,0.0,9,9,91,148.1182336956518,148.12742285217354,6.60145652173913e-05,0.006705,0.01791,True,True,True,False,0.0,1001.8373298130159,10.038618406793686,17.606151360510705,0.6896163773570035,-0.9646443934348706,1029.2070715642424
2025-09-23T13:30:00Z,2025-09-23T13:45:00Z,2025-09-23,2025-09-23_16,0.0,9,9,91,148.12742285217354,148.12113380869528,5.42695652173913e-05,0.01188,0.007200000000000001,True,True,True,False,0.0,1001.8373298130159,10.038618406793686,17.606151360510705,1.2218706283372411,-0.42447413945973644,1030.2794960691979
2025-09-23T13:45:00Z,2025-09-23T14:00:00Z,2025-09-23,2025-09-23_16,0.0,9,9,91,148.12113380869528,147.74156859130397,0.0010543478260869564,0.3492,0.0,True,True,True,False,0.0,1001.8373298130159,10.038618406793686,17.606151360510705,50.488995960829904,0.0,1079.9710955411501
2025-09-23T14:00:00Z,2025-09-23T14:15:00Z,2025-09-23,2025-09-23_17,-61.0,100,39,0,147.74156859130397,163.966836365217,0.04512906507246377,0.025,2.4129300000000002,True,True,True,False,-1720.2,0.0,113.6681575473371,31.732212874115817,2.4382795105708035,-68.85548420191911,-1641.2168342698953
2025-09-23T14:15:00Z,2025-09-23T14:30:00Z,2025-09-23,2025-09-23_17,-61.0,100,39,0,163.966836365217,178.7881102173909,0.04121495152173913,0.019,0.8804249999999999,True,True,True,False,-1720.2,0.0,113.6681575473371,31.732212874115817,1.8530924280338106,-39.054558735444196,-1612.0010958859575
2025-09-23T14:30:00Z,2025-09-23T14:45:00Z,2025-09-23,2025-09-23_17,-61.0,100,39,0,178.7881102173909,189.9657859826083,0.03810607398550725,2.9965,0.108225,True,True,True,False,-1720.2,0.0,113.6681575473371,31.732212874115817,1027.1784493527475,-7.416865899552735,-555.0380461253524
2025-09-23T14:45:00Z,2025-09-23T15:00:00Z,2025-09-23,2025-09-23_17,-61.0,100,39,0,189.9657859826083,183.81278994782568,0.031159068985507247,20.488,0.0,True,True,True,False,-1720.2,0.0,113.6681575473371,31.732212874115817,25122.357907512855,0.0,23547.558277934306
2025-09-23T15:00:00Z,2025-09-23T15:15:00Z,2025-09-23,2025-09-23_18,-45.407768137458795,100,54,0,183.81278994782568,187.67300962676168,0.032187205729955426,6.511,0.0,True,True,True,False,-1839.6957260891431,0.0,130.78044647607038,43.442161054518934,1047.0467477784564,0.0,-618.4263707800974
2025-09-23T15:15:00Z,2025-09-23T15:30:00Z,2025-09-23,2025-09-23_18,-45.407768137458795,100,54,0,187.67300962676168,186.83898729010642,0.03445226030149223,11.1535,0.0,True,True,True,False,-1839.6957260891431,0.0,130.78044647607038,43.442161054518934,1947.5079475104917,0.0,282.03482895193787
2025-09-23T15:30:00Z,2025-09-23T15:45:00Z,2025-09-23,2025-09-23_18,-45.407768137458795,100,54,0,186.83898729010642,189.99999999999957,0.03252458542542504,7.202499999999999,0.0,True,True,True,False,-1839.6957260891431,0.0,130.78044647607038,43.442161054518934,1232.3721164266149,0.0,-433.10100213193897
2025-09-23T15:45:00Z,2025-09-23T16:00:00Z,2025-09-23,2025-09-23_18,-45.407768137458795,100,54,0,189.99999999999957,180.67134606981017,0.03855106987725546,19.5545,0.0,True,True,True,False,-1839.6957260891431,0.0,130.78044647607038,43.442161054518934,6006.602380942998,0.0,4341.129262384444
2025-09-23T16:00:00Z,2025-09-23T16:15:00Z,2025-09-23,2025-09-23_19,-0.8526993477122542,100,99,0,180.67134606981017,181.67972264773232,0.010734027533134065,1.325,2.44629,True,True,True,False,-40.138690045185086,0.0,139.02626445727344,79.23433097550883,208.70087975095066,-176.28152852048154,210.5412566180663
2025-09-23T16:15:00Z,2025-09-23T16:30:00Z,2025-09-23,2025-09-23_19,-0.8526993477122542,100,99,0,181.67972264773232,172.03928726419957,0.027473625435881572,9.0615,0.0,True,True,True,False,-40.138690045185086,0.0,139.02626445727344,79.23433097550883,1824.9889209504856,0.0,2003.110826338083
2025-09-23T16:30:00Z,2025-09-23T16:45:00Z,2025-09-23,2025-09-23_19,-0.8526993477122542,100,99,0,172.03928726419957,157.81030437760086,0.04003536787043385,13.2885,0.0,True,True,True,False,-40.138690045185086,0.0,139.02626445727344,79.23433097550883,5091.844349004,0.0,5269.966254391597
2025-09-23T16:45:00Z,2025-09-23T17:00:00Z,2025-09-23,2025-09-23_19,-0.8526993477122542,100,99,0,157.81030437760086,132.23967391304302,0.07108459544464776,23.7365,0.0,True,True,True,False,-40.138690045185086,0.0,139.02626445727344,79.23433097550883,16524.954421117964,0.0,16703.07632650556
2025-09-23T17:00:00Z,2025-09-23T17:15:00Z,2025-09-23,2025-09-23_20,0.0,100,100,0,132.23967391304302,107.89945652173867,0.06761171497584541,22.393,0.0,True,True,True,False,0.0,0.0,150.78911591433018,79.97556794672235,12977.046394301813,0.0,13207.811078162866
2025-09-23T17:15:00Z,2025-09-23T17:30:00Z,2025-09-23,2025-09-23_20,0.0,100,100,0,107.89945652173867,87.23858695652129,0.057391304347826085,19.008,0.0,True,True,True,False,0.0,0.0,150.78911591433018,79.97556794672235,15640.749260142256,0.0,15871.513944003309
2025-09-23T17:30:00Z,2025-09-23T17:45:00Z,2025-09-23,2025-09-23_20,0.0,100,100,0,87.23858695652129,71.92119565217347,0.042548309178743964,14.092000000000002,0.0,True,True,True,False,0.0,0.0,150.78911591433018,79.97556794672235,5835.309141922646,0.0,6066.073825783698
2025-09-23T17:45:00Z,2025-09-23T18:00:00Z,2025-09-23,2025-09-23_20,0.0,100,100,0,71.92119565217347,64.34782608695608,0.02103713768115942,6.9675,0.0,True,True,True,False,0.0,0.0,150.78911591433018,79.97556794672235,2470.576134908281,0.0,2701.3408187693335
2025-09-23T18:00:00Z,2025-09-23T18:15:00Z,2025-09-23,2025-09-23_21,0.0,0,0,100,64.34782608695608,64.34782608695608,0.0,0.0,0.0,True,False,True,False,0.0,1100.9201426516659,0.0,0.0,0.0,0.0,1100.9201426516659
2025-09-23T18:15:00Z,2025-09-23T18:30:00Z,2025-09-23,2025-09-23_21,0.0,0,0,100,64.34782608695608,64.34782608695608,0.0,0.0,0.0,True,False,True,False,0.0,1100.9201426516659,0.0,0.0,0.0,0.0,1100.9201426516659
2025-09-23T18:30:00Z,2025-09-23T18:45:00Z,2025-09-23,2025-09-23_21,0.0,0,0,100,64.34782608695608,64.34782608695608,0.0,0.0,0.0,True,False,True,False,0.0,1100.9201426516659,0.0,0.0,0.0,0.0,1100.9201426516659
2025-09-23T18:45:00Z,2025-09-23T19:00:00Z,2025-09-23,2025-09-23_21,0.0,0,0,100,64.34782608695608,64.34782608695608,0.0,0.0,0.0,True,False,True,False,0.0,1100.9201426516659,0.0,0.0,0.0,0.0,1100.9201426516659
2025-09-23T19:00:00Z,2025-09-23T19:15:00Z,2025-09-23,2025-09-23_22,45.970115794835955,54,100,0,64.34782608695608,51.58948927853005,0.040659111282068935,1.97829,1.8900000000000001,True,True,True,False,1509.658602702413,0.0,70.62144109707799,80.83266013831694,376.83163925088166,-89.44701593994444,1948.497327248745
2025-09-23T19:15:00Z,2025-09-23T19:30:00Z,2025-09-23,2025-09-23_22,45.970115794835955,54,100,0,51.58948927853005,47.093302163549396,0.03472384663403784,0.027270000000000003,8.0515,True,True,True,False,1509.658602702413,0.0,70.62144109707799,80.83266013831694,4.176109305853841,-372.76796721376076,1292.520846029901
2025-09-23T19:30:00Z,2025-09-23T19:45:00Z,2025-09-23,2025-09-23_22,45.970115794835955,54,100,0,47.093302163549396,53.47887313602548,0.03456287056560388,0.0,18.939,True,True,True,False,1509.658602702413,0.0,70.62144109707799,80.83266013831694,0.0,316.54060902803775,1977.6533129658455
2025-09-23T19:45:00Z,2025-09-23T20:00:00Z,2025-09-23,2025-09-23_22,45.970115794835955,54,100,0,53.47887313602548,64.3478260869561,0.03453038204892134,0.0,23.437,True,True,True,False,1509.658602702413,0.0,70.62144109707799,80.83266013831694,0.0,796.9124906902055,2458.025194628013
2025-09-23T20:00:00Z,2025-09-23T20:15:00Z,2025-09-23,2025-09-23_23,0.0,0,0,100,64.3478260869561,64.3478260869561,0.0,0.0,0.0,True,True,True,False,0.0,1100.9201426516659,0.0,0.0,0.0,0.0,1100.9201426516659
2025-09-23T20:15:00Z,2025-09-23T20:30:00Z,2025-09-23,2025-09-23_23,0.0,0,0,100,64.3478260869561,64.3478260869561,0.0,0.0,0.0,True,True,True,False,0.0,1100.9201426516659,0.0,0.0,0.0,0.0,1100.9201426516659
2025-09-23T20:30:00Z,2025-09-23T20:45:00Z,2025-09-23,2025-09-23_23,0.0,0,0,100,64.3478260869561,64.3478260869561,0.0,0.0,0.0,True,True,True,False,0.0,1100.9201426516659,0.0,0.0,0.0,0.0,1100.9201426516659
2025-09-23T20:45:00Z,2025-09-23T21:00:00Z,2025-09-23,2025-09-23_23,0.0,0,0,100,64.3478260869561,64.3478260869561,0.0,0.0,0.0,True,True,True,False,0.0,1100.9201426516659,0.0,0.0,0.0,0.0,1100.9201426516659
2025-09-23T21:00:00Z,2025-09-23T21:15:00Z,2025-09-24,2025-09-23_24,0.0,0,0,100,64.3478260869561,64.3478260869561,0.0,0.0,0.0,True,True,True,False,0.0,1100.4648048213653,0.0,0.0,0.0,0.0,1100.4648048213653
2025-09-23T21:15:00Z,2025-09-23T21:30:00Z,2025-09-24,2025-09-23_24,0.0,0,0,100,64.3478260869561,64.3478260869561,0.0,0.0,0.0,True,True,True,False,0.0,1100.4648048213653,0.0,0.0,0.0,0.0,1100.4648048213653
2025-09-23T21:30:00Z,2025-09-23T21:45:00Z,2025-09-24,2025-09-23_24,0.0,0,0,100,64.3478260869561,64.3478260869561,0.0,0.0,0.0,True,True,True,False,0.0,1100.4648048213653,0.0,0.0,0.0,0.0,1100.4648048213653
2025-09-23T21:45:00Z,2025-09-23T22:00:00Z,2025-09-24,2025-09-23_24,0.0,0,0,100,64.3478260869561,64.3478260869561,0.0,0.0,0.0,True,True,True,False,0.0,1100.4648048213653,0.0,0.0,0.0,0.0,1100.4648048213653
2025-09-23T22:00:00Z,2025-09-23T22:15:00Z,2025-09-24,2025-09-24_1,0.0,0,0,100,64.3478260869561,64.3478260869561,0.0,0.0,0.0,True,True,True,False,0.0,1100.4648048213653,0.0,0.0,0.0,0.0,1100.4648048213653
2025-09-23T22:15:00Z,2025-09-23T22:30:00Z,2025-09-24,2025-09-24_1,0.0,0,0,100,64.3478260869561,64.3478260869561,0.0,0.0,0.0,True,True,True,False,0.0,1100.4648048213653,0.0,0.0,0.0,0.0,1100.4648048213653
2025-09-23T22:30:00Z,2025-09-23T22:45:00Z,2025-09-24,2025-09-24_1,0.0,0,0,100,64.3478260869561,64.3478260869561,0.0,0.0,0.0,True,True,True,False,0.0,1100.4648048213653,0.0,0.0,0.0,0.0,1100.4648048213653
2025-09-23T22:45:00Z,2025-09-23T23:00:00Z,2025-09-24,2025-09-24_1,0.0,0,0,100,64.3478260869561,64.3478260869561,0.0,0.0,0.0,True,True,True,False,0.0,1100.4648048213653,0.0,0.0,0.0,0.0,1100.4648048213653
2025-09-23T23:00:00Z,2025-09-23T23:15:00Z,2025-09-24,2025-09-24_2,0.0,0,0,100,64.3478260869561,64.3478260869561,0.0,0.0,0.0,True,True,True,False,0.0,1100.4648048213653,0.0,0.0,0.0,0.0,1100.4648048213653
2025-09-23T23:15:00Z,2025-09-23T23:30:00Z,2025-09-24,2025-09-24_2,0.0,0,0,100,64.3478260869561,64.3478260869561,0.0,0.0,0.0,True,True,True,False,0.0,1100.4648048213653,0.0,0.0,0.0,0.0,1100.4648048213653
2025-09-23T23:30:00Z,2025-09-23T23:45:00Z,2025-09-24,2025-09-24_2,0.0,0,0,100,64.3478260869561,64.3478260869561,0.0,0.0,0.0,True,True,True,False,0.0,1100.4648048213653,0.0,0.0,0.0,0.0,1100.4648048213653
2025-09-23T23:45:00Z,2025-09-24T00:00:00Z,2025-09-24,2025-09-24_2,0.0,0,0,100,64.3478260869561,64.3478260869561,0.0,0.0,0.0,True,True,True,False,0.0,1100.4648048213653,0.0,0.0,0.0,0.0,1100.4648048213653
2025-09-24T00:00:00Z,2025-09-24T00:15:00Z,2025-09-24,2025-09-24_3,0.0,0,0,100,64.3478260869561,64.3478260869561,0.0,0.0,0.0,True,True,True,False,0.0,1100.4648048213653,0.0,0.0,0.0,0.0,1100.4648048213653
2025-09-24T00:15:00Z,2025-09-24T00:30:00Z,2025-09-24,2025-09-24_3,0.0,0,0,100,64.3478260869561,64.3478260869561,0.0,0.0,0.0,True,True,True,False,0.0,1100.4648048213653,0.0,0.0,0.0,0.0,1100.4648048213653
2025-09-24T00:30:00Z,2025-09-24T00:45:00Z,2025-09-24,2025-09-24_3,0.0,0,0,100,64.3478260869561,64.3478260869561,0.0,0.0,0.0,True,True,True,False,0.0,1100.4648048213653,0.0,0.0,0.0,0.0,1100.4648048213653
2025-09-24T00:45:00Z,2025-09-24T01:00:00Z,2025-09-24,2025-09-24_3,0.0,0,0,100,64.3478260869561,64.3478260869561,0.0,0.0,0.0,True,True,True,False,0.0,1100.4648048213653,0.0,0.0,0.0,0.0,1100.4648048213653
2025-09-24T01:00:00Z,2025-09-24T01:15:00Z,2025-09-24,2025-09-24_4,0.0,0,0,100,64.3478260869561,64.3478260869561,0.0,0.0,0.0,True,True,True,False,0.0,1100.4648048213653,0.0,0.0,0.0,0.0,1100.4648048213653
2025-09-24T01:15:00Z,2025-09-24T01:30:00Z,2025-09-24,2025-09-24_4,0.0,0,0,100,64.3478260869561,64.3478260869561,0.0,0.0,0.0,True,True,True,False,0.0,1100.4648048213653,0.0,0.0,0.0,0.0,1100.4648048213653
2025-09-24T01:30:00Z,2025-09-24T01:45:00Z,2025-09-24,2025-09-24_4,0.0,0,0,100,64.3478260869561,64.3478260869561,0.0,0.0,0.0,True,True,True,False,0.0,1100.4648048213653,0.0,0.0,0.0,0.0,1100.4648048213653
2025-09-24T01:45:00Z,2025-09-24T02:00:00Z,2025-09-24,2025-09-24_4,0.0,0,0,100,64.3478260869561,64.3478260869561,0.0,0.0,0.0,True,True,True,False,0.0,1100.4648048213653,0.0,0.0,0.0,0.0,1100.4648048213653
2025-09-24T02:00:00Z,2025-09-24T02:15:00Z,2025-09-24,2025-09-24_5,-95.78933491932767,100,4,0,64.3478260869561,86.29077601034528,0.06097730259593763,0.097,0.0014399999999999999,True,True,True,False,-2148.794255577818,0.0,98.52483554575177,3.1137984007562927,12.742545397250563,-0.11344388860440383,-2034.526520122664
2025-09-24T02:15:00Z,2025-09-24T02:30:00Z,2025-09-24,2025-09-24_5,-95.78933491932767,100,4,0,86.29077601034528,108.15918581541774,0.060791605157785936,0.181,0.00506,True,True,True,False,-2148.794255577818,0.0,98.52483554575177,3.1137984007562927,27.848597116634497,-0.39713236695946746,-2019.704156881635
2025-09-24T02:30:00Z,2025-09-24T02:45:00Z,2025-09-24,2025-09-24_5,-95.78933491932767,100,4,0,108.15918581541774,129.5010593417723,0.05947215682562377,0.744,4e-05,True,True,True,False,-2148.794255577818,0.0,98.52483554575177,3.1137984007562927,116.92056564383346,-0.0031512191279001065,-1930.2382072066046
2025-09-24T02:45:00Z,2025-09-24T03:00:00Z,2025-09-24,2025-09-24_5,-95.78933491932767,100,4,0,129.5010593417723,143.6662934782605,0.041505457054378185,8.4855,0.0,True,True,True,False,-2148.794255577818,0.0,98.52483554575177,3.1137984007562927,6469.2937929845975,0.0,4422.138171353287
2025-09-24T03:00:00Z,2025-09-24T03:15:00Z,2025-09-24,2025-09-24_6,0.0,0,0,100,143.6662934782605,143.6662934782605,0.0,0.0,0.0,True,True,True,False,0.0,1100.4648048213653,0.0,0.0,0.0,0.0,1100.4648048213653
2025-09-24T03:15:00Z,2025-09-24T03:30:00Z,2025-09-24,2025-09-24_6,0.0,0,0,100,143.6662934782605,143.6662934782605,0.0,0.0,0.0,True,True,True,False,0.0,1100.4648048213653,0.0,0.0,0.0,0.0,1100.4648048213653
2025-09-24T03:30:00Z,2025-09-24T03:45:00Z,2025-09-24,2025-09-24_6,0.0,0,0,100,143.6662934782605,143.6662934782605,0.0,0.0,0.0,True,True,True,False,0.0,1100.4648048213653,0.0,0.0,0.0,0.0,1100.4648048213653
2025-09-24T03:45:00Z,2025-09-24T04:00:00Z,2025-09-24,2025-09-24_6,0.0,0,0,100,143.6662934782605,143.6662934782605,0.0,0.0,0.0,True,True,True,False,0.0,1100.4648048213653,0.0,0.0,0.0,0.0,1100.4648048213653
2025-09-24T04:00:00Z,2025-09-24T04:15:00Z,2025-09-24,2025-09-24_7,73.0,0,73,27,143.6662934782605,123.85869565217357,0.05502110507246376,0.0,0.02701,True,True,True,False,2737.3175,297.12549730176863,0.0,55.94260842163312,0.0,-2.076818657186749,3088.3087870662152
2025-09-24T04:15:00Z,2025-09-24T04:30:00Z,2025-09-24,2025-09-24_7,73.0,0,73,27,123.85869565217357,104.02173913043443,0.05510265700483092,0.0,0.0,True,True,True,False,2737.3175,297.12549730176863,0.0,55.94260842163312,0.0,0.0,3090.385605723402
2025-09-24T04:30:00Z,2025-09-24T04:45:00Z,2025-09-24,2025-09-24_7,73.0,0,73,27,104.02173913043443,84.18478260869529,0.05510265700483091,0.0,0.0,True,True,True,False,2737.3175,297.12549730176863,0.0,55.94260842163312,0.0,0.0,3090.385605723402
2025-09-24T04:45:00Z,2025-09-24T05:00:00Z,2025-09-24,2025-09-24_7,73.0,0,73,27,84.18478260869529,64.34782608695616,0.05510265700483091,0.0,0.0,True,True,True,False,2737.3175,297.12549730176863,0.0,55.94260842163312,0.0,0.0,3090.385605723402
2025-09-24T05:00:00Z,2025-09-24T05:15:00Z,2025-09-24,2025-09-24_8,0.0,0,0,100,64.34782608695616,64.34782608695616,0.0,0.0,0.0,True,True,True,False,0.0,1100.4648048213653,0.0,0.0,0.0,0.0,1100.4648048213653
2025-09-24T05:15:00Z,2025-09-24T05:30:00Z,2025-09-24,2025-09-24_8,0.0,0,0,100,64.34782608695616,64.34782608695616,0.0,0.0,0.0,True,True,True,False,0.0,1100.4648048213653,0.0,0.0,0.0,0.0,1100.4648048213653
2025-09-24T05:30:00Z,2025-09-24T05:45:00Z,2025-09-24,2025-09-24_8,0.0,0,0,100,64.34782608695616,64.34782608695616,0.0,0.0,0.0,True,True,True,False,0.0,1100.4648048213653,0.0,0.0,0.0,0.0,1100.4648048213653
2025-09-24T05:45:00Z,2025-09-24T06:00:00Z,2025-09-24,2025-09-24_8,0.0,0,0,100,64.34782608695616,64.34782608695616,0.0,0.0,0.0,True,True,True,False,0.0,1100.4648048213653,0.0,0.0,0.0,0.0,1100.4648048213653
2025-09-24T06:00:00Z,2025-09-24T06:15:00Z,2025-09-24,2025-09-24_9,0.0,0,0,100,64.34782608695616,64.34782608695616,0.0,0.0,0.0,True,True,True,False,0.0,1100.4648048213653,0.0,0.0,0.0,0.0,1100.4648048213653
2025-09-24T06:15:00Z,2025-09-24T06:30:00Z,2025-09-24,2025-09-24_9,0.0,0,0,100,64.34782608695616,64.34782608695616,0.0,0.0,0.0,True,True,True,False,0.0,1100.4648048213653,0.0,0.0,0.0,0.0,1100.4648048213653
2025-09-24T06:30:00Z,2025-09-24T06:45:00Z,2025-09-24,2025-09-24_9,0.0,0,0,100,64.34782608695616,64.34782608695616,0.0,0.0,0.0,True,True,True,False,0.0,1100.4648048213653,0.0,0.0,0.0,0.0,1100.4648048213653
2025-09-24T06:45:00Z,2025-09-24T07:00:00Z,2025-09-24,2025-09-24_9,0.0,0,0,100,64.34782608695616,64.34782608695616,0.0,0.0,0.0,True,True,True,False,0.0,1100.4648048213653,0.0,0.0,0.0,0.0,1100.4648048213653
2025-09-24T07:00:00Z,2025-09-24T07:15:00Z,2025-09-24,2025-09-24_10,0.0,9,9,91,64.34782608695616,63.66391718260833,0.002202426956521739,0.67932,0.05922,True,True,True,False,0.0,1001.4229723874425,8.494997439634458,7.8169929491472,134.58962275968017,-2.0304316579351642,1150.2941538779692
2025-09-24T07:15:00Z,2025-09-24T07:30:00Z,2025-09-24,2025-09-24_10,0.0,9,9,91,63.66391718260833,62.61561283478224,0.0029119565217391305,0.96444,0.0,True,True,True,False,0.0,1001.4229723874425,8.494997439634458,7.8169929491472,177.09727520384448,0.0,1194.8322379800686
2025-09-24T07:30:00Z,2025-09-24T07:45:00Z,2025-09-24,2025-09-24_10,0.0,9,9,91,62.61561283478224,62.54834268695615,0.00019330152173913044,0.062955,0.00126,True,True,True,False,0.0,1001.4229723874425,8.494997439634458,7.8169929491472,9.767993846259897,-0.09926340252885335,1027.4036932199551
2025-09-24T07:45:00Z,2025-09-24T08:00:00Z,2025-09-24,2025-09-24_10,0.0,9,9,91,62.54834268695615,62.56936653043441,6.166043478260871e-05,0.00054,0.02349,True,True,True,False,0.0,1001.4229723874425,8.494997439634458,7.8169929491472,0.07263953992200733,-1.5258275692283452,1016.2817747469179
2025-09-24T08:00:00Z,2025-09-24T08:15:00Z,2025-09-24,2025-09-24_11,-7.105427357601002e-15,9,9,91,62.56936653043441,62.23205044347788,0.0010002391304347856,0.32080499999999995,0.012375,True,True,True,False,-1.1164402735630574e-13,1001.4229723874425,4.4668531137984,8.346102335841177,45.30083272836491,-0.47907974553905547,1059.0576808199078
2025-09-24T08:15:00Z,2025-09-24T08:30:00Z,2025-09-24,2025-09-24_11,-7.105427357601002e-15,9,9,91,62.23205044347788,62.14302322608658,0.0002863978260869607,0.08838,0.0076500000000000005,True,True,True,False,-1.1164402735630574e-13,1001.4229723874425,4.4668531137984,8.346102335841177,10.696862524126521,-0.534808435419703,1024.3979819257888
2025-09-24T08:30:00Z,2025-09-24T08:45:00Z,2025-09-24,2025-09-24_11,-7.105427357601002e-15,9,9,91,62.14302322608658,62.09465620869528,0.00014309282608696085,0.04594499999999999,0.00171,True,True,True,False,-1.1164402735630574e-13,1001.4229723874425,4.4668531137984,8.346102335841177,5.125961326663252,-0.13471461771772955,1019.2271745460275
2025-09-24T08:45:00Z,2025-09-24T09:00:00Z,2025-09-24,2025-09-24_11,-7.105427357601002e-15,9,9,91,62.09465620869528,62.519801886956145,0.0012105797826087005,0.0049050000000000005,0.46791,True,True,True,False,-1.1164402735630574e-13,1001.4229723874425,4.4668531137984,8.346102335841177,0.5378478276283137,-2.7148990822074293,1012.0588765825029
2025-09-24T09:00:00Z,2025-09-24T09:15:00Z,2025-09-24,2025-09-24_12,-9.0,9,0,91,62.519801886956145,64.58889108695614,0.00574747,0.00099,0.0,True,True,True,False,-33.885,1001.4229723874425,4.4668531137984,0.0,0.10223084649623822,0.0,972.1070563477372
2025-09-24T09:15:00Z,2025-09-24T09:30:00Z,2025-09-24,2025-09-24_12,-9.0,9,0,91,64.58889108695614,66.65889108695615,0.00575,0.0,0.0,True,True,True,False,-33.885,1001.4229723874425,4.4668531137984,0.0,0.0,0.0,972.0048255012409
2025-09-24T09:30:00Z,2025-09-24T09:45:00Z,2025-09-24,2025-09-24_12,-9.0,9,0,91,66.65889108695615,68.72889108695615,0.005750000000000001,0.0,0.0,True,True,True,False,-33.885,1001.4229723874425,4.4668531137984,0.0,0.0,0.0,972.0048255012409
2025-09-24T09:45:00Z,2025-09-24T10:00:00Z,2025-09-24,2025-09-24_12,-9.0,9,0,91,68.72889108695615,70.79889108695615,0.00575,0.0,0.0,True,True,True,False,-33.885,1001.4229723874425,4.4668531137984,0.0,0.0,0.0,972.0048255012409
2025-09-24T10:00:00Z,2025-09-24T10:15:00Z,2025-09-24,2025-09-24_13,-9.0,9,0,91,70.79889108695615,72.86711088695614,0.005745055000000001,0.0019349999999999999,0.0,True,True,True,False,-28.755,1001.4229723874425,4.4668531137984,0.0,0.19497409697876866,0.0,977.3297995982197
2025-09-24T10:15:00Z,2025-09-24T10:30:00Z,2025-09-24,2025-09-24_13,-9.0,9,0,91,72.86711088695614,74.93475108695614,0.005743445000000001,0.002565,0.0,True,True,True,False,-28.755,1001.4229723874425,4.4668531137984,0.0,0.25854749379603736,0.0,977.393372995037
2025-09-24T10:30:00Z,2025-09-24T10:45:00Z,2025-09-24,2025-09-24_13,-9.0,9,0,91,74.93475108695614,77.00139768695614,0.005740685000000001,0.0036450000000000002,0.0,True,True,True,False,-28.755,1001.4229723874425,4.4668531137984,0.0,0.3624999665182968,0.0,977.4973254677592
2025-09-24T10:45:00Z,2025-09-24T11:00:00Z,2025-09-24,2025-09-24_13,-9.0,9,0,91,77.00139768695614,79.06738188695614,0.005738845,0.004365,0.0,True,True,True,False,-28.755,1001.4229723874425,4.4668531137984,0.0,0.4358174045771458,0.0,977.5706429058181
2025-09-24T11:00:00Z,2025-09-24T11:15:00Z,2025-09-24,2025-09-24_14,-100.0,100,0,0,79.06738188695614,101.81668188695615,0.0631925,0.2725,0.0,True,True,True,False,-377.25,0.0,49.63170126442668,0.0,27.40107880017332,0.0,-300.2172199354
2025-09-24T11:15:00Z,2025-09-24T11:30:00Z,2025-09-24,2025-09-24_14,-100.0,100,0,0,101.81668188695615,123.09996188695615,0.05912022222222223,1.8659999999999999,0.0,True,True,True,False,-377.25,0.0,49.63170126442668,0.0,190.09025130972543,0.0,-137.5280474258479
2025-09-24T11:30:00Z,2025-09-24T11:45:00Z,2025-09-24,2025-09-24_14,-100.0,100,0,0,123.09996188695615,135.23568188695614,0.03371033333333334,11.809,0.0,True,True,True,False,-377.25,0.0,49.63170126442668,0.0,3440.3975077795717,0.0,3112.7792090439984
2025-09-24T11:45:00Z,2025-09-24T12:00:00Z,2025-09-24,2025-09-24_14,-100.0,100,0,0,135.23568188695614,139.11992188695615,0.010789555555555557,20.778,0.0,True,True,True,False,-377.25,0.0,49.63170126442668,0.0,6840.141826131485,0.0,6512.5235273959115
2025-09-24T12:00:00Z,2025-09-24T12:15:00Z,2025-09-24,2025-09-24_15,-65.64115117784762,100,34,0,139.11992188695615,146.14044776116612,0.03664768821738683,8.264,0.0,True,True,True,False,-734.8526874360041,0.0,49.63170126442668,73.89746720762594,1119.8522409107022,0.0,508.52872194675075
2025-09-24T12:15:00Z,2025-09-24T12:30:00Z,2025-09-24,2025-09-24_15,-65.64115117784762,100,34,0,146.14044776116612,138.30210359103268,0.02691638124899227,23.467,0.0,True,True,True,False,-734.8526874360041,0.0,49.63170126442668,73.89746720762594,11900.298078347187,0.0,11288.974559383236
2025-09-24T12:30:00Z,2025-09-24T12:45:00Z,2025-09-24,2025-09-24_15,-65.64115117784762,100,34,0,138.30210359103268,145.00791814811586,0.036441578841354266,8.586,0.0,True,True,True,False,-734.8526874360041,0.0,49.63170126442668,73.89746720762594,1307.7238622129437,0.0,696.4003432489922
2025-09-24T12:45:00Z,2025-09-24T13:00:00Z,2025-09-24,2025-09-24_15,-65.64115117784762,100,34,0,145.00791814811586,148.13999999999996,0.03410108525917083,12.2425,0.0,True,True,True,False,-734.8526874360041,0.0,49.63170126442668,73.89746720762594,2103.523546500177,0.0,1492.2000275362254
2025-09-24T13:00:00Z,2025-09-24T13:15:00Z,2025-09-24,2025-09-24_16,0.0,0,0,91,148.13999999999996,148.13999999999996,0.0,0.0,0.0,True,False,True,False,0.0,1001.4229723874425,0.0,0.0,0.0,0.0,1001.4229723874425
2025-09-24T13:15:00Z,2025-09-24T13:30:00Z,2025-09-24,2025-09-24_16,0.0,0,0,91,148.13999999999996,148.13999999999996,0.0,0.0,0.0,True,False,True,False,0.0,1001.4229723874425,0.0,0.0,0.0,0.0,1001.4229723874425
2025-09-24T13:30:00Z,2025-09-24T13:45:00Z,2025-09-24,2025-09-24_16,0.0,0,0,91,148.13999999999996,148.13999999999996,0.0,0.0,0.0,True,False,True,False,0.0,1001.4229723874425,0.0,0.0,0.0,0.0,1001.4229723874425
2025-09-24T13:45:00Z,2025-09-24T14:00:00Z,2025-09-24,2025-09-24_16,0.0,0,0,91,148.13999999999996,148.13999999999996,0.0,0.0,0.0,True,False,True,False,0.0,1001.4229723874425,0.0,0.0,0.0,0.0,1001.4229723874425
2025-09-24T14:00:00Z,2025-09-24T14:15:00Z,2025-09-24,2025-09-24_17,-2.518535099468003,100,97,0,148.13999999999996,155.9788027288125,0.02750502002451957,0.9735,9.036520000000001,True,True,True,False,-67.71081614919727,0.0,115.06873596722733,76.14005199511561,161.8177721865522,-109.77163126009377,175.5441127396041
2025-09-24T14:15:00Z,2025-09-24T14:30:00Z,2025-09-24,2025-09-24_17,-2.518535099468003,100,97,0,155.9788027288125,157.10729092009052,0.0032465340961291504,0.019,0.6193449999999999,True,True,True,False,-67.71081614919727,0.0,115.06873596722733,76.14005199511561,2.5786810178437785,-45.90818269586796,80.1684701351215
2025-09-24T14:30:00Z,2025-09-24T14:45:00Z,2025-09-24,2025-09-24_17,-2.518535099468003,100,97,0,157.10729092009052,157.0644906343277,0.0035396085320405705,0.6215,0.05529,True,True,True,False,-67.71081614919727,0.0,115.06873596722733,76.14005199511561,97.48849440658606,-4.355772639539922,216.6306935801918
2025-09-24T14:45:00Z,2025-09-24T15:00:00Z,2025-09-24,2025-09-24_17,-2.518535099468003,100,97,0,157.0644906343277,143.9999999999999,0.037886314615490586,12.601,0.0,True,True,True,False,-67.71081614919727,0.0,115.06873596722733,76.14005199511561,6643.251468665065,0.0,6766.74944047821
2025-09-24T15:00:00Z,2025-09-24T15:15:00Z,2025-09-24,2025-09-24_18,0.0,0,0,100,143.9999999999999,143.9999999999999,0.0,0.0,0.0,True,True,True,False,0.0,1100.4648048213653,0.0,0.0,0.0,0.0,1100.4648048213653
2025-09-24T15:15:00Z,2025-09-24T15:30:00Z,2025-09-24,2025-09-24_18,0.0,0,0,100,143.9999999999999,143.9999999999999,0.0,0.0,0.0,True,True,True,False,0.0,1100.4648048213653,0.0,0.0,0.0,0.0,1100.4648048213653
2025-09-24T15:30:00Z,2025-09-24T15:45:00Z,2025-09-24,2025-09-24_18,0.0,0,0,100,143.9999999999999,143.9999999999999,0.0,0.0,0.0,True,True,True,False,0.0,1100.4648048213653,0.0,0.0,0.0,0.0,1100.4648048213653
2025-09-24T15:45:00Z,2025-09-24T16:00:00Z,2025-09-24,2025-09-24_18,0.0,0,0,100,143.9999999999999,143.9999999999999,0.0,0.0,0.0,True,True,True,False,0.0,1100.4648048213653,0.0,0.0,0.0,0.0,1100.4648048213653
2025-09-24T16:00:00Z,2025-09-24T16:15:00Z,2025-09-24,2025-09-24_19,6.989104971108869,0,7,93,143.9999999999999,142.144716405322,0.005153887125707977,0.0,0.040424999999999996,True,True,True,False,361.56387291788957,1023.4322684838697,0.0,5.36435971166345,0.0,-3.1402424075314137,1387.2202587058914
2025-09-24T16:15:00Z,2025-09-24T16:30:00Z,2025-09-24,2025-09-24_19,6.989104971108869,0,7,93,142.144716405322,140.24767105780242,0.005269586280201994,0.0,0.001995,True,True,True,False,361.56387291788957,1023.4322684838697,0.0,5.36435971166345,0.0,-0.1571670540040178,1390.2033340594187
2025-09-24T16:30:00Z,2025-09-24T16:45:00Z,2025-09-24,2025-09-24_19,6.989104971108869,0,7,93,140.24767105780242,138.34845775043587,0.005275592520462613,0.0,0.0,True,True,True,False,361.56387291788957,1023.4322684838697,0.0,5.36435971166345,0.0,0.0,1390.3605011134227
2025-09-24T16:45:00Z,2025-09-24T17:00:00Z,2025-09-24,2025-09-24_19,6.989104971108869,0,7,93,138.34845775043587,136.44924444306932,0.005275592520462612,0.0,0.0,True,True,True,False,361.56387291788957,1023.4322684838697,0.0,5.36435971166345,0.0,0.0,1390.3605011134227
2025-09-24T17:00:00Z,2025-09-24T17:15:00Z,2025-09-24,2025-09-24_20,100.0,0,100,0,136.44924444306932,109.46609226915628,0.07495320048309179,0.0,0.1755,True,True,True,False,6650.0,0.0,0.0,76.63371016662072,0.0,-13.825973923661715,6712.807736242959
2025-09-24T17:15:00Z,2025-09-24T17:30:00Z,2025-09-24,2025-09-24_20,100.0,0,100,0,109.46609226915628,82.82098357350411,0.07401419082125603,0.0,0.48649999999999993,True,True,True,False,6650.0,0.0,0.0,76.63371016662072,0.0,-37.81954455036041,6688.814165616261
2025-09-24T17:30:00Z,2025-09-24T17:45:00Z,2025-09-24,2025-09-24_20,100.0,0,100,0,82.82098357350411,59.79815748654759,0.06395229468599034,0.0,3.819,True,True,True,False,6650.0,0.0,0.0,76.63371016662072,0.0,-257.49630440776775,6469.137405758853
2025-09-24T17:45:00Z,2025-09-24T18:00:00Z,2025-09-24,2025-09-24_20,100.0,0,100,0,59.79815748654759,40.9068531387215,0.052475845410628025,0.0,7.62,True,True,True,False,6650.0,0.0,0.0,76.63371016662072,0.0,-499.8803442706898,6226.753365895931
2025-09-24T18:00:00Z,2025-09-24T18:15:00Z,2025-09-24,2025-09-24_21,13.55930853168707,37,51,49,40.9068531387215,37.83452687177658,0.011335801770671524,0.09916,0.74664,True,True,True,False,530.8130307442195,539.227754362469,51.964982077441206,39.08319218497656,15.150442628116753,-45.89893447827628,1130.3404675189468
2025-09-24T18:15:00Z,2025-09-24T18:30:00Z,2025-09-24,2025-09-24_21,13.55930853168707,37,51,49,37.83452687177658,36.63043478260853,0.013037263253469286,0.009805,2.58315,True,True,True,False,530.8130307442195,539.227754362469,51.964982077441206,39.08319218497656,1.2235200939457203,-164.34092486311891,997.9715545999331
2025-09-24T18:30:00Z,2025-09-24T18:45:00Z,2025-09-24,2025-09-24_21,13.55930853168707,37,51,49,36.63043478260853,36.69118758437191,0.014403575344474333,0.0,3.88365,True,True,True,False,530.8130307442195,539.227754362469,51.964982077441206,39.08319218497656,0.0,-239.4088869697089,921.6800723993974
2025-09-24T18:45:00Z,2025-09-24T19:00:00Z,2025-09-24,2025-09-24_21,13.55930853168707,37,51,49,36.69118758437191,38.14728521739132,0.015956600944316206,0.0,5.33052,True,True,True,False,530.8130307442195,539.227754362469,51.964982077441206,39.08319218497656,0.0,-271.7521646827116,889.3367946863947
2025-09-24T19:00:00Z,2025-09-24T19:15:00Z,2025-09-24,2025-09-24_22,0.0,100,100,0,38.14728521739132,38.82601652173915,0.006302635265700483,0.7315,1.6019999999999999,True,True,True,False,0.0,0.0,131.55355103005473,77.28364911175011,98.18313615236146,-100.36242565092368,206.65791064324262
2025-09-24T19:15:00Z,2025-09-24T19:30:00Z,2025-09-24,2025-09-24_22,0.0,100,100,0,38.82601652173915,39.759446086956544,0.0035046956521739133,0.151,1.193,True,True,True,False,0.0,0.0,131.55355103005473,77.28364911175011,14.27502264938748,-91.63947709457598,131.47274569661636
2025-09-24T19:30:00Z,2025-09-24T19:45:00Z,2025-09-24,2025-09-24_22,0.0,100,100,0,39.759446086956544,44.12116608695654,0.01211588888888889,0.0,4.741,True,True,True,False,0.0,0.0,131.55355103005473,77.28364911175011,0.0,-270.8646638043093,-62.02746366250447
2025-09-24T19:45:00Z,2025-09-24T20:00:00Z,2025-09-24,2025-09-24_22,0.0,100,100,0,44.12116608695654,64.34782608695654,0.05618516666666666,0.0,21.9855,True,True,True,False,0.0,0.0,131.55355103005473,77.28364911175011,0.0,1728.4212546775905,1937.2584548193954
2025-09-24T20:00:00Z,2025-09-24T20:15:00Z,2025-09-24,2025-09-24_23,0.0,0,0,100,64.34782608695654,64.34782608695654,0.0,0.0,0.0,True,True,True,False,0.0,1100.4648048213653,0.0,0.0,0.0,0.0,1100.4648048213653
2025-09-24T20:15:00Z,2025-09-24T20:30:00Z,2025-09-24,2025-09-24_23,0.0,0,0,100,64.34782608695654,64.34782608695654,0.0,0.0,0.0,True,True,True,False,0.0,1100.4648048213653,0.0,0.0,0.0,0.0,1100.4648048213653
2025-09-24T20:30:00Z,2025-09-24T20:45:00Z,2025-09-24,2025-09-24_23,0.0,0,0,100,64.34782608695654,64.34782608695654,0.0,0.0,0.0,True,True,True,False,0.0,1100.4648048213653,0.0,0.0,0.0,0.0,1100.4648048213653
2025-09-24T20:45:00Z,2025-09-24T21:00:00Z,2025-09-24,2025-09-24_23,0.0,0,0,100,64.34782608695654,64.34782608695654,0.0,0.0,0.0,True,True,True,False,0.0,1100.4648048213653,0.0,0.0,0.0,0.0,1100.4648048213653
2025-09-24T21:00:00Z,2025-09-24T21:15:00Z,2025-09-25,2025-09-24_24,0.0,0,0,100,64.34782608695654,64.34782608695654,0.0,0.0,0.0,True,True,True,False,0.0,1100.2481096408317,0.0,0.0,0.0,0.0,1100.2481096408317
2025-09-24T21:15:00Z,2025-09-24T21:30:00Z,2025-09-25,2025-09-24_24,0.0,0,0,100,64.34782608695654,64.34782608695654,0.0,0.0,0.0,True,True,True,False,0.0,1100.2481096408317,0.0,0.0,0.0,0.0,1100.2481096408317
2025-09-24T21:30:00Z,2025-09-24T21:45:00Z,2025-09-25,2025-09-24_24,0.0,0,0,100,64.34782608695654,64.34782608695654,0.0,0.0,0.0,True,True,True,False,0.0,1100.2481096408317,0.0,0.0,0.0,0.0,1100.2481096408317
2025-09-24T21:45:00Z,2025-09-24T22:00:00Z,2025-09-25,2025-09-24_24,0.0,0,0,100,64.34782608695654,64.34782608695654,0.0,0.0,0.0,True,True,True,False,0.0,1100.2481096408317,0.0,0.0,0.0,0.0,1100.2481096408317
2025-09-24T22:00:00Z,2025-09-24T22:15:00Z,2025-09-25,2025-09-25_1,0.0,0,0,100,64.34782608695654,64.34782608695654,0.0,0.0,0.0,True,True,True,False,0.0,1100.2481096408317,0.0,0.0,0.0,0.0,1100.2481096408317
2025-09-24T22:15:00Z,2025-09-24T22:30:00Z,2025-09-25,2025-09-25_1,0.0,0,0,100,64.34782608695654,64.34782608695654,0.0,0.0,0.0,True,True,True,False,0.0,1100.2481096408317,0.0,0.0,0.0,0.0,1100.2481096408317
2025-09-24T22:30:00Z,2025-09-24T22:45:00Z,2025-09-25,2025-09-25_1,0.0,0,0,100,64.34782608695654,64.34782608695654,0.0,0.0,0.0,True,True,True,False,0.0,1100.2481096408317,0.0,0.0,0.0,0.0,1100.2481096408317
2025-09-24T22:45:00Z,2025-09-24T23:00:00Z,2025-09-25,2025-09-25_1,0.0,0,0,100,64.34782608695654,64.34782608695654,0.0,0.0,0.0,True,True,True,False,0.0,1100.2481096408317,0.0,0.0,0.0,0.0,1100.2481096408317
2025-09-24T23:00:00Z,2025-09-24T23:15:00Z,2025-09-25,2025-09-25_2,0.0,0,0,100,64.34782608695654,64.34782608695654,0.0,0.0,0.0,True,True,True,False,0.0,1100.2481096408317,0.0,0.0,0.0,0.0,1100.2481096408317
2025-09-24T23:15:00Z,2025-09-24T23:30:00Z,2025-09-25,2025-09-25_2,0.0,0,0,100,64.34782608695654,64.34782608695654,0.0,0.0,0.0,True,True,True,False,0.0,1100.2481096408317,0.0,0.0,0.0,0.0,1100.2481096408317
2025-09-24T23:30:00Z,2025-09-24T23:45:00Z,2025-09-25,2025-09-25_2,0.0,0,0,100,64.34782608695654,64.34782608695654,0.0,0.0,0.0,True,True,True,False,0.0,1100.2481096408317,0.0,0.0,0.0,0.0,1100.2481096408317
2025-09-24T23:45:00Z,2025-09-25T00:00:00Z,2025-09-25,2025-09-25_2,0.0,0,0,100,64.34782608695654,64.34782608695654,0.0,0.0,0.0,True,True,True,False,0.0,1100.2481096408317,0.0,0.0,0.0,0.0,1100.2481096408317
2025-09-25T00:00:00Z,2025-09-25T00:15:00Z,2025-09-25,2025-09-25_3,0.0,0,0,100,64.34782608695654,64.34782608695654,0.0,0.0,0.0,True,True,True,False,0.0,1100.2481096408317,0.0,0.0,0.0,0.0,1100.2481096408317
2025-09-25T00:15:00Z,2025-09-25T00:30:00Z,2025-09-25,2025-09-25_3,0.0,0,0,100,64.34782608695654,64.34782608695654,0.0,0.0,0.0,True,True,True,False,0.0,1100.2481096408317,0.0,0.0,0.0,0.0,1100.2481096408317
2025-09-25T00:30:00Z,2025-09-25T00:45:00Z,2025-09-25,2025-09-25_3,0.0,0,0,100,64.34782608695654,64.34782608695654,0.0,0.0,0.0,True,True,True,False,0.0,1100.2481096408317,0.0,0.0,0.0,0.0,1100.2481096408317
2025-09-25T00:45:00Z,2025-09-25T01:00:00Z,2025-09-25,2025-09-25_3,0.0,0,0,100,64.34782608695654,64.34782608695654,0.0,0.0,0.0,True,True,True,False,0.0,1100.2481096408317,0.0,0.0,0.0,0.0,1100.2481096408317
2025-09-25T01:00:00Z,2025-09-25T01:15:00Z,2025-09-25,2025-09-25_4,0.0,0,0,100,64.34782608695654,64.34782608695654,0.0,0.0,0.0,True,True,True,False,0.0,1100.2481096408317,0.0,0.0,0.0,0.0,1100.2481096408317
2025-09-25T01:15:00Z,2025-09-25T01:30:00Z,2025-09-25,2025-09-25_4,0.0,0,0,100,64.34782608695654,64.34782608695654,0.0,0.0,0.0,True,True,True,False,0.0,1100.2481096408317,0.0,0.0,0.0,0.0,1100.2481096408317
2025-09-25T01:30:00Z,2025-09-25T01:45:00Z,2025-09-25,2025-09-25_4,0.0,0,0,100,64.34782608695654,64.34782608695654,0.0,0.0,0.0,True,True,True,False,0.0,1100.2481096408317,0.0,0.0,0.0,0.0,1100.2481096408317
2025-09-25T01:45:00Z,2025-09-25T02:00:00Z,2025-09-25,2025-09-25_4,0.0,0,0,100,64.34782608695654,64.34782608695654,0.0,0.0,0.0,True,True,True,False,0.0,1100.2481096408317,0.0,0.0,0.0,0.0,1100.2481096408317
2025-09-25T02:00:00Z,2025-09-25T02:15:00Z,2025-09-25,2025-09-25_5,0.0,0,0,100,64.34782608695654,64.34782608695654,0.0,0.0,0.0,True,True,True,False,0.0,1100.2481096408317,0.0,0.0,0.0,0.0,1100.2481096408317
2025-09-25T02:15:00Z,2025-09-25T02:30:00Z,2025-09-25,2025-09-25_5,0.0,0,0,100,64.34782608695654,64.34782608695654,0.0,0.0,0.0,True,True,True,False,0.0,1100.2481096408317,0.0,0.0,0.0,0.0,1100.2481096408317
2025-09-25T02:30:00Z,2025-09-25T02:45:00Z,2025-09-25,2025-09-25_5,0.0,0,0,100,64.34782608695654,64.34782608695654,0.0,0.0,0.0,True,True,True,False,0.0,1100.2481096408317,0.0,0.0,0.0,0.0,1100.2481096408317
2025-09-25T02:45:00Z,2025-09-25T03:00:00Z,2025-09-25,2025-09-25_5,0.0,0,0,100,64.34782608695654,64.34782608695654,0.0,0.0,0.0,True,True,True,False,0.0,1100.2481096408317,0.0,0.0,0.0,0.0,1100.2481096408317
2025-09-25T03:00:00Z,2025-09-25T03:15:00Z,2025-09-25,2025-09-25_6,0.0,0,0,100,64.34782608695654,64.34782608695654,0.0,0.0,0.0,True,True,True,False,0.0,1100.2481096408317,0.0,0.0,0.0,0.0,1100.2481096408317
2025-09-25T03:15:00Z,2025-09-25T03:30:00Z,2025-09-25,2025-09-25_6,0.0,0,0,100,64.34782608695654,64.34782608695654,0.0,0.0,0.0,True,True,True,False,0.0,1100.2481096408317,0.0,0.0,0.0,0.0,1100.2481096408317
2025-09-25T03:30:00Z,2025-09-25T03:45:00Z,2025-09-25,2025-09-25_6,0.0,0,0,100,64.34782608695654,64.34782608695654,0.0,0.0,0.0,True,True,True,False,0.0,1100.2481096408317,0.0,0.0,0.0,0.0,1100.2481096408317
2025-09-25T03:45:00Z,2025-09-25T04:00:00Z,2025-09-25,2025-09-25_6,0.0,0,0,100,64.34782608695654,64.34782608695654,0.0,0.0,0.0,True,True,True,False,0.0,1100.2481096408317,0.0,0.0,0.0,0.0,1100.2481096408317
2025-09-25T04:00:00Z,2025-09-25T04:15:00Z,2025-09-25,2025-09-25_7,0.0,0,0,100,64.34782608695654,64.34782608695654,0.0,0.0,0.0,True,True,True,False,0.0,1100.2481096408317,0.0,0.0,0.0,0.0,1100.2481096408317
2025-09-25T04:15:00Z,2025-09-25T04:30:00Z,2025-09-25,2025-09-25_7,0.0,0,0,100,64.34782608695654,64.34782608695654,0.0,0.0,0.0,True,True,True,False,0.0,1100.2481096408317,0.0,0.0,0.0,0.0,1100.2481096408317
2025-09-25T04:30:00Z,2025-09-25T04:45:00Z,2025-09-25,2025-09-25_7,0.0,0,0,100,64.34782608695654,64.34782608695654,0.0,0.0,0.0,True,True,True,False,0.0,1100.2481096408317,0.0,0.0,0.0,0.0,1100.2481096408317
2025-09-25T04:45:00Z,2025-09-25T05:00:00Z,2025-09-25,2025-09-25_7,0.0,0,0,100,64.34782608695654,64.34782608695654,0.0,0.0,0.0,True,True,True,False,0.0,1100.2481096408317,0.0,0.0,0.0,0.0,1100.2481096408317
2025-09-25T05:00:00Z,2025-09-25T05:15:00Z,2025-09-25,2025-09-25_8,0.0,0,0,100,64.34782608695654,64.34782608695654,0.0,0.0,0.0,True,True,True,False,0.0,1100.2481096408317,0.0,0.0,0.0,0.0,1100.2481096408317
2025-09-25T05:15:00Z,2025-09-25T05:30:00Z,2025-09-25,2025-09-25_8,0.0,0,0,100,64.34782608695654,64.34782608695654,0.0,0.0,0.0,True,True,True,False,0.0,1100.2481096408317,0.0,0.0,0.0,0.0,1100.2481096408317
2025-09-25T05:30:00Z,2025-09-25T05:45:00Z,2025-09-25,2025-09-25_8,0.0,0,0,100,64.34782608695654,64.34782608695654,0.0,0.0,0.0,True,True,True,False,0.0,1100.2481096408317,0.0,0.0,0.0,0.0,1100.2481096408317
2025-09-25T05:45:00Z,2025-09-25T06:00:00Z,2025-09-25,2025-09-25_8,0.0,0,0,100,64.34782608695654,64.34782608695654,0.0,0.0,0.0,True,True,True,False,0.0,1100.2481096408317,0.0,0.0,0.0,0.0,1100.2481096408317
2025-09-25T06:00:00Z,2025-09-25T06:15:00Z,2025-09-25,2025-09-25_9,1.544658121217609e-14,0,0,100,64.34782608695654,64.34782608695654,1.165955707440828e-17,0.0,0.0,True,False,True,False,4.816244021956505e-13,1100.2481096408317,0.0,0.0,0.0,0.0,1100.2481096408321
2025-09-25T06:15:00Z,2025-09-25T06:30:00Z,2025-09-25,2025-09-25_9,1.544658121217609e-14,0,0,100,64.34782608695654,64.34782608695654,1.165955707440828e-17,0.0,0.0,True,False,True,False,4.816244021956505e-13,1100.2481096408317,0.0,0.0,0.0,0.0,1100.2481096408321
2025-09-25T06:30:00Z,2025-09-25T06:45:00Z,2025-09-25,2025-09-25_9,1.544658121217609e-14,0,0,100,64.34782608695654,64.34782608695654,1.165955707440828e-17,0.0,0.0,True,False,True,False,4.816244021956505e-13,1100.2481096408317,0.0,0.0,0.0,0.0,1100.2481096408321
2025-09-25T06:45:00Z,2025-09-25T07:00:00Z,2025-09-25,2025-09-25_9,1.544658121217609e-14,0,0,100,64.34782608695654,64.34782608695654,1.165955707440828e-17,0.0,0.0,True,False,True,False,4.816244021956505e-13,1100.2481096408317,0.0,0.0,0.0,0.0,1100.2481096408321
2025-09-25T07:00:00Z,2025-09-25T07:15:00Z,2025-09-25,2025-09-25_10,0.0,100,100,0,64.34782608695654,56.382608695652195,0.0221256038647343,7.327999999999999,0.0,True,True,True,False,0.0,0.0,129.8735822306238,85.89319470699432,2635.7669124133586,0.0,2851.5336893509766
2025-09-25T07:15:00Z,2025-09-25T07:30:00Z,2025-09-25,2025-09-25_10,0.0,100,100,0,56.382608695652195,68.7833139130435,0.0437127077294686,1.5345,15.292,True,True,True,False,0.0,0.0,129.8735822306238,85.89319470699432,210.81849598298675,17796.33901780088,18222.924290721487
2025-09-25T07:30:00Z,2025-09-25T07:45:00Z,2025-09-25,2025-09-25_10,0.0,100,100,0,68.7833139130435,76.18291652173916,0.020569548309178745,0.0025,8.046,True,True,True,False,0.0,0.0,129.8735822306238,85.89319470699432,0.3434644770006301,5683.815191398865,5899.925432813484
2025-09-25T07:45:00Z,2025-09-25T08:00:00Z,2025-09-25,2025-09-25_10,0.0,100,100,0,76.18291652173916,76.52887826086959,0.0017581062801932368,0.132,0.532,True,True,True,False,0.0,0.0,129.8735822306238,85.89319470699432,17.858624763705105,-29.23758191556396,204.3878197857593
2025-09-25T08:00:00Z,2025-09-25T08:15:00Z,2025-09-25,2025-09-25_11,-59.00000000000015,59,0,41,76.52887826086959,90.09887826086963,0.03769444444444454,0.0,0.0,True,True,True,False,-236.0000000000006,451.101724952741,33.77303875236294,0.0,0.0,0.0,248.87476370510333
2025-09-25T08:15:00Z,2025-09-25T08:30:00Z,2025-09-25,2025-09-25_11,-59.00000000000015,59,0,41,90.09887826086963,103.66887826086966,0.03769444444444454,0.0,0.0,True,True,True,False,-236.0000000000006,451.101724952741,33.77303875236294,0.0,0.0,0.0,248.87476370510333
2025-09-25T08:30:00Z,2025-09-25T08:45:00Z,2025-09-25,2025-09-25_11,-59.00000000000015,59,0,41,103.66887826086966,117.2299220608697,0.037669566111111205,0.009735,0.0,True,True,True,False,-236.0000000000006,451.101724952741,33.77303875236294,0.0,1.0183181120037808,0.0,249.89308181710712
2025-09-25T08:45:00Z,2025-09-25T09:00:00Z,2025-09-25,2025-09-25_11,-59.00000000000015,59,0,41,117.2299220608697,130.79992206086973,0.037694444444444544,0.0,0.0,True,True,True,False,-236.0000000000006,451.101724952741,33.77303875236294,0.0,0.0,0.0,248.87476370510333
2025-09-25T09:00:00Z,2025-09-25T09:15:00Z,2025-09-25,2025-09-25_12,0.0,9,9,91,130.79992206086973,130.96576584347844,0.0013068728260869566,0.14012999999999998,0.345825,True,True,True,False,0.0,1001.2257797731569,4.564331285444235,20.171313799621924,16.618031710775046,64.02004957762286,1106.599506146621
2025-09-25T09:15:00Z,2025-09-25T09:30:00Z,2025-09-25,2025-09-25_12,0.0,9,9,91,130.96576584347844,130.9173276086958,0.0010828406521739132,0.20160000000000003,0.185535,True,True,True,False,0.0,1001.2257797731569,4.564331285444235,20.171313799621924,25.128623818525522,8.948600313090736,1060.0386489898392
2025-09-25T09:30:00Z,2025-09-25T09:45:00Z,2025-09-25,2025-09-25_12,0.0,9,9,91,130.9173276086958,131.19996540869582,0.0007851050000000001,0.0,0.307215,True,True,True,False,0.0,1001.2257797731569,4.564331285444235,20.171313799621924,0.0,-7.102108580458412,1018.8593162777646
2025-09-25T09:45:00Z,2025-09-25T10:00:00Z,2025-09-25,2025-09-25_12,0.0,9,9,91,131.19996540869582,131.17575149565235,0.00010176086956521739,0.02799,0.00675,True,True,True,False,0.0,1001.2257797731569,4.564331285444235,20.171313799621924,2.617999763705104,-0.29190054938563326,1028.2875240725425
2025-09-25T10:00:00Z,2025-09-25T10:15:00Z,2025-09-25,2025-09-25_13,-9.0,0,0,91,131.17575149565235,133.24575149565234,0.005750000000000001,0.0,0.0,True,False,True,False,-90.0,1001.2257797731569,0.0,0.0,0.0,0.0,911.2257797731569
2025-09-25T10:15:00Z,2025-09-25T10:30:00Z,2025-09-25,2025-09-25_13,-9.0,0,0,91,133.24575149565234,135.31575149565234,0.005750000000000001,0.0,0.0,True,False,True,False,-90.0,1001.2257797731569,0.0,0.0,0.0,0.0,911.2257797731569
2025-09-25T10:30:00Z,2025-09-25T10:45:00Z,2025-09-25,2025-09-25_13,-9.0,0,0,91,135.31575149565234,137.38575149565233,0.005750000000000001,0.0,0.0,True,False,True,False,-90.0,1001.2257797731569,0.0,0.0,0.0,0.0,911.2257797731569
2025-09-25T10:45:00Z,2025-09-25T11:00:00Z,2025-09-25,2025-09-25_13,-9.0,0,0,91,137.38575149565233,139.45575149565232,0.005750000000000001,0.0,0.0,True,False,True,False,-90.0,1001.2257797731569,0.0,0.0,0.0,0.0,911.2257797731569
2025-09-25T11:00:00Z,2025-09-25T11:15:00Z,2025-09-25,2025-09-25_14,-8.999999999999815,0,0,91,139.45575149565232,141.5257514956523,0.005749999999999882,0.0,0.0,True,False,True,False,-95.39999999999804,1001.2257797731569,0.0,0.0,0.0,0.0,905.8257797731588
2025-09-25T11:15:00Z,2025-09-25T11:30:00Z,2025-09-25,2025-09-25_14,-8.999999999999815,0,0,91,141.5257514956523,143.59575149565225,0.005749999999999882,0.0,0.0,True,False,True,False,-95.39999999999804,1001.2257797731569,0.0,0.0,0.0,0.0,905.8257797731588
2025-09-25T11:30:00Z,2025-09-25T11:45:00Z,2025-09-25,2025-09-25_14,-8.999999999999815,0,0,91,143.59575149565225,145.66575149565222,0.005749999999999882,0.0,0.0,True,False,True,False,-95.39999999999804,1001.2257797731569,0.0,0.0,0.0,0.0,905.8257797731588
2025-09-25T11:45:00Z,2025-09-25T12:00:00Z,2025-09-25,2025-09-25_14,-8.999999999999815,0,0,91,145.66575149565222,147.73575149565218,0.005749999999999882,0.0,0.0,True,False,True,False,-95.39999999999804,1001.2257797731569,0.0,0.0,0.0,0.0,905.8257797731588
2025-09-25T12:00:00Z,2025-09-25T12:15:00Z,2025-09-25,2025-09-25_15,-39.50095212366682,100,60,0,147.73575149565218,157.18880320696078,0.02640095661759497,0.039,0.4431,True,True,True,False,-552.3220630691713,0.0,50.7147920604915,134.47542533081284,4.223771266540643,-22.42757490548204,-385.33564931680843
2025-09-25T12:15:00Z,2025-09-25T12:30:00Z,2025-09-25,2025-09-25_15,-39.50095212366682,100,60,0,157.18880320696078,163.91702729115786,0.02712321013862204,2.3085,0.0,True,True,True,False,-552.3220630691713,0.0,50.7147920604915,134.47542533081284,287.2001467982041,0.0,-79.93169887966289
2025-09-25T12:30:00Z,2025-09-25T12:45:00Z,2025-09-25,2025-09-25_15,-39.50095212366682,100,60,0,163.91702729115786,159.24877005796398,0.03624472172048475,13.4705,0.0,True,True,True,False,-552.3220630691713,0.0,50.7147920604915,134.47542533081284,2259.714571124764,0.0,1892.582725446897
2025-09-25T12:45:00Z,2025-09-25T13:00:00Z,2025-09-25,2025-09-25_15,-39.50095212366682,100,60,0,159.24877005796398,148.13999999999834,0.04139957703838387,19.7785,0.0,True,True,True,False,-552.3220630691713,0.0,50.7147920604915,134.47542533081284,4773.958323783081,0.0,4406.826478105214
2025-09-25T13:00:00Z,2025-09-25T13:15:00Z,2025-09-25,2025-09-25_16,3.375077994860476e-14,9,9,91,148.13999999999834,147.89895652173746,0.0006695652173913298,0.22175999999999998,0.0,True,True,True,False,7.803180324117421e-13,1001.2257797731569,6.326795841209829,16.48688563327032,80.6911383742911,0.0,1104.7305996219288
2025-09-25T13:15:00Z,2025-09-25T13:30:00Z,2025-09-25,2025-09-25_16,3.375077994860476e-14,9,9,91,147.89895652173746,147.83948992173745,0.00017231500000002546,0.05589,0.001395,True,True,True,False,7.803180324117421e-13,1001.2257797731569,6.326795841209829,16.48688563327032,8.77753858695652,-0.0865282372400756,1032.7304715973542
2025-09-25T13:30:00Z,2025-09-25T13:45:00Z,2025-09-25,2025-09-25_16,3.375077994860476e-14,9,9,91,147.83948992173745,147.7563377478244,0.0002309782608695907,0.07650000000000001,0.0,True,True,True,False,7.803180324117421e-13,1001.2257797731569,6.326795841209829,16.48688563327032,12.035674621928168,0.0,1036.0751358695659
2025-09-25T13:45:00Z,2025-09-25T14:00:00Z,2025-09-25,2025-09-25_16,3.375077994860476e-14,9,9,91,147.7563377478244,147.69407903478094,0.00024608086956524254,0.06939,0.01431,True,True,True,False,7.803180324117421e-13,1001.2257797731569,6.326795841209829,16.48688563327032,10.915302238894139,-0.8876122400756142,1034.0671512464564
2025-09-25T14:00:00Z,2025-09-25T14:15:00Z,2025-09-25,2025-09-25_17,0.0,100,100,0,147.69407903478094,159.8725825130418,0.033895601449275364,0.011,13.2505,True,True,True,False,0.0,0.0,115.0460775047259,75.11224007561437,1.7306632010081915,-126.24033977236927,65.6486410089792
2025-09-25T14:15:00Z,2025-09-25T14:30:00Z,2025-09-25,2025-09-25_17,0.0,100,100,0,159.8725825130418,181.4208225130418,0.05985622222222222,0.0,23.422,True,True,True,False,0.0,0.0,115.0460775047259,75.11224007561437,0.0,-60.04470266225583,130.11361491808444
2025-09-25T14:30:00Z,2025-09-25T14:45:00Z,2025-09-25,2025-09-25_17,0.0,100,100,0,181.4208225130418,182.57803990434613,0.011671618357487923,1.4005,2.9125,True,True,True,False,0.0,0.0,115.0460775047259,75.11224007561437,265.6145984955892,-161.2691349637681,294.50378111216133
2025-09-25T14:45:00Z,2025-09-25T15:00:00Z,2025-09-25,2025-09-25_17,0.0,100,100,0,182.57803990434613,171.00157990434613,0.032218166666666666,10.6605,0.012,True,True,True,False,0.0,0.0,115.0460775047259,75.11224007561437,3136.7110597826086,-0.9451795841209829,3325.924197778828
2025-09-25T15:00:00Z,2025-09-25T15:15:00Z,2025-09-25,2025-09-25_18,0.0,100,100,0,171.00157990434613,176.99190946956352,0.01664886231884058,0.0015,6.512999999999999,True,True,True,False,0.0,0.0,111.73794896030245,74.81687145557655,0.20636430765595465,-298.1392952504725,-111.37811052693756
2025-09-25T15:15:00Z,2025-09-25T15:30:00Z,2025-09-25,2025-09-25_18,0.0,100,100,0,176.99190946956352,182.93729033912874,0.016635719806763285,0.02,6.486,True,True,True,False,0.0,0.0,111.73794896030245,74.81687145557655,2.78424306868305,-269.6420652173913,-80.30300173282924
2025-09-25T15:30:00Z,2025-09-25T15:45:00Z,2025-09-25,2025-09-25_18,0.0,100,100,0,182.93729033912874,180.35130164347657,0.007303413043478261,2.399,0.0235,True,True,True,False,0.0,0.0,111.73794896030245,74.81687145557655,556.1552231017642,-1.499490095305608,741.2105534223376
2025-09-25T15:45:00Z,2025-09-25T16:00:00Z,2025-09-25,2025-09-25_18,0.0,100,100,0,180.35130164347657,156.64423642608529,0.06585295893719806,21.8105,0.0,True,True,True,False,0.0,0.0,111.73794896030245,74.81687145557655,27680.7687603379,0.0,27867.323580753782
2025-09-25T16:00:00Z,2025-09-25T16:15:00Z,2025-09-25,2025-09-25_19,0.0,100,100,0,156.64423642608529,145.81977990434615,0.030067934782608698,9.9585,0.0,True,True,True,False,0.0,0.0,134.71762759924383,74.66918714555766,2027.2795179584123,0.0,2236.666332703214
2025-09-25T16:15:00Z,2025-09-25T16:30:00Z,2025-09-25,2025-09-25_19,0.0,100,100,0,145.81977990434615,125.50130164347658,0.056440217391304344,18.693,0.0,True,True,True,False,0.0,0.0,134.71762759924383,74.66918714555766,4051.843206521739,0.0,4261.2300212665405
2025-09-25T16:30:00Z,2025-09-25T16:45:00Z,2025-09-25,2025-09-25_19,0.0,100,100,0,125.50130164347658,103.7154320782592,0.06051630434782608,20.043,0.0,True,True,True,False,0.0,0.0,134.71762759924383,74.66918714555766,4816.528183482987,0.0,5025.914998227788
2025-09-25T16:45:00Z,2025-09-25T17:00:00Z,2025-09-25,2025-09-25_19,0.0,100,100,0,103.7154320782592,77.50619294782442,0.0728034420289855,24.1125,0.0,True,True,True,False,0.0,0.0,134.71762759924383,74.66918714555766,11099.608023688563,0.0,11308.994838433364
2025-09-25T17:00:00Z,2025-09-25T17:15:00Z,2025-09-25,2025-09-25_20,14.0,0,14,86,77.50619294782442,73.7671277304331,0.010386292270531401,0.0,0.060059999999999995,True,True,True,False,496.895,946.2133742911153,0.0,10.453686200378073,0.0,-4.622836554820416,1448.939223936673
2025-09-25T17:15:00Z,2025-09-25T17:30:00Z,2025-09-25,2025-09-25_20,14.0,0,14,86,73.7671277304331,70.20085599130267,0.00990631038647343,0.0,0.21903,True,True,True,False,496.895,946.2133742911153,0.0,10.453686200378073,0.0,-16.824172867438563,1436.7378876240548
2025-09-25T17:30:00Z,2025-09-25T17:45:00Z,2025-09-25,2025-09-25_20,14.0,0,14,86,70.20085599130267,67.46233425217224,0.007607004830917875,0.0,0.9805599999999999,True,True,True,False,496.895,946.2133742911153,0.0,10.453686200378073,0.0,-51.16119684940138,1402.400863642092
2025-09-25T17:45:00Z,2025-09-25T18:00:00Z,2025-09-25,2025-09-25_20,14.0,0,14,86,67.46233425217224,64.67557338260703,0.007741002415458937,0.0,0.93618,True,True,True,False,496.895,946.2133742911153,0.0,10.453686200378073,0.0,-53.7988269258034,1399.76323356569
2025-09-25T18:00:00Z,2025-09-25T18:15:00Z,2025-09-25,2025-09-25_21,0.0,0,0,100,64.67557338260703,64.67557338260703,0.0,0.0,0.0,True,True,True,False,0.0,1100.2481096408317,0.0,0.0,0.0,0.0,1100.2481096408317
2025-09-25T18:15:00Z,2025-09-25T18:30:00Z,2025-09-25,2025-09-25_21,0.0,0,0,100,64.67557338260703,64.67557338260703,0.0,0.0,0.0,True,True,True,False,0.0,1100.2481096408317,0.0,0.0,0.0,0.0,1100.2481096408317
2025-09-25T18:30:00Z,2025-09-25T18:45:00Z,2025-09-25,2025-09-25_21,0.0,0,0,100,64.67557338260703,64.67557338260703,0.0,0.0,0.0,True,True,True,False,0.0,1100.2481096408317,0.0,0.0,0.0,0.0,1100.2481096408317
2025-09-25T18:45:00Z,2025-09-25T19:00:00Z,2025-09-25,2025-09-25_21,0.0,0,0,100,64.67557338260703,64.67557338260703,0.0,0.0,0.0,True,True,True,False,0.0,1100.2481096408317,0.0,0.0,0.0,0.0,1100.2481096408317
2025-09-25T19:00:00Z,2025-09-25T19:15:00Z,2025-09-25,2025-09-25_22,0.0,0,0,100,64.67557338260703,64.67557338260703,0.0,0.0,0.0,True,True,True,False,0.0,1100.2481096408317,0.0,0.0,0.0,0.0,1100.2481096408317
2025-09-25T19:15:00Z,2025-09-25T19:30:00Z,2025-09-25,2025-09-25_22,0.0,0,0,100,64.67557338260703,64.67557338260703,0.0,0.0,0.0,True,True,True,False,0.0,1100.2481096408317,0.0,0.0,0.0,0.0,1100.2481096408317
2025-09-25T19:30:00Z,2025-09-25T19:45:00Z,2025-09-25,2025-09-25_22,0.0,0,0,100,64.67557338260703,64.67557338260703,0.0,0.0,0.0,True,True,True,False,0.0,1100.2481096408317,0.0,0.0,0.0,0.0,1100.2481096408317
2025-09-25T19:45:00Z,2025-09-25T20:00:00Z,2025-09-25,2025-09-25_22,0.0,0,0,100,64.67557338260703,64.67557338260703,0.0,0.0,0.0,True,True,True,False,0.0,1100.2481096408317,0.0,0.0,0.0,0.0,1100.2481096408317
2025-09-25T20:00:00Z,2025-09-25T20:15:00Z,2025-09-25,2025-09-25_23,0.0,100,100,0,64.67557338260703,49.073653382607034,0.04339744444444445,14.363500000000002,0.0115,True,True,True,False,0.0,0.0,130.8187618147448,75.02362948960302,4070.3088541666666,-0.9057971014492753,4275.245448369566
2025-09-25T20:15:00Z,2025-09-25T20:30:00Z,2025-09-25,2025-09-25_23,0.0,100,100,0,49.073653382607034,37.247022947824426,0.032851751207729464,10.8805,0.0,True,True,True,False,0.0,0.0,130.8187618147448,75.02362948960302,1993.2650069903905,0.0,2199.1073982947382
2025-09-25T20:30:00Z,2025-09-25T20:45:00Z,2025-09-25,2025-09-25_23,0.0,100,100,0,37.247022947824426,36.078271643476604,0.007613975845410628,1.7985000000000002,0.8545,True,True,True,False,0.0,0.0,130.8187618147448,75.02362948960302,283.31758034026467,-57.83809378938248,431.32187785523
2025-09-25T20:45:00Z,2025-09-25T21:00:00Z,2025-09-25,2025-09-25_23,0.0,100,100,0,36.078271643476604,42.600611643476604,0.018117611111111112,0.0,7.0895,True,True,True,False,0.0,0.0,130.8187618147448,75.02362948960302,0.0,-309.10186495746694,-103.25947365311913
2025-09-25T21:00:00Z,2025-09-25T21:15:00Z,2025-09-26,2025-09-25_24,0.0,48,48,52,42.600611643476604,44.96184684347661,0.0065589866666666665,0.0,2.56656,True,True,True,False,0.0,572.4671947038656,70.5473460219884,34.8977420498877,0.0,-146.8042585648422,531.1080242108995
2025-09-25T21:15:00Z,2025-09-25T21:30:00Z,2025-09-26,2025-09-25_24,0.0,48,48,52,44.96184684347661,49.90754604347661,0.013738053333333335,0.0,5.3757600000000005,True,True,True,False,0.0,572.4671947038656,70.5473460219884,34.8977420498877,0.0,-140.0055333727391,537.9067494030027
2025-09-25T21:30:00Z,2025-09-25T21:45:00Z,2025-09-26,2025-09-25_24,0.0,48,48,52,49.90754604347661,58.06809324347661,0.022668186666666666,0.0,8.87016,True,True,True,False,0.0,572.4671947038656,70.5473460219884,34.8977420498877,0.0,-147.69793351459984,530.2143492611419
2025-09-25T21:45:00Z,2025-09-25T22:00:00Z,2025-09-26,2025-09-25_24,0.0,48,48,52,58.06809324347661,64.54283244347661,0.01798538666666667,0.0,7.0377600000000005,True,True,True,False,0.0,572.4671947038656,70.5473460219884,34.8977420498877,0.0,-233.92225218110886,443.99003059463286
2025-09-25T22:00:00Z,2025-09-25T22:15:00Z,2025-09-26,2025-09-26_1,0.0,0,0,100,64.54283244347661,64.54283244347661,0.0,0.0,0.0,True,True,True,False,0.0,1100.8984513535877,0.0,0.0,0.0,0.0,1100.8984513535877
2025-09-25T22:15:00Z,2025-09-25T22:30:00Z,2025-09-26,2025-09-26_1,0.0,0,0,100,64.54283244347661,64.54283244347661,0.0,0.0,0.0,True,True,True,False,0.0,1100.8984513535877,0.0,0.0,0.0,0.0,1100.8984513535877
2025-09-25T22:30:00Z,2025-09-25T22:45:00Z,2025-09-26,2025-09-26_1,0.0,0,0,100,64.54283244347661,64.54283244347661,0.0,0.0,0.0,True,True,True,False,0.0,1100.8984513535877,0.0,0.0,0.0,0.0,1100.8984513535877
2025-09-25T22:45:00Z,2025-09-25T23:00:00Z,2025-09-26,2025-09-26_1,0.0,0,0,100,64.54283244347661,64.54283244347661,0.0,0.0,0.0,True,True,True,False,0.0,1100.8984513535877,0.0,0.0,0.0,0.0,1100.8984513535877
2025-09-25T23:00:00Z,2025-09-25T23:15:00Z,2025-09-26,2025-09-26_2,0.0,0,0,100,64.54283244347661,64.54283244347661,0.0,0.0,0.0,True,True,True,False,0.0,1100.8984513535877,0.0,0.0,0.0,0.0,1100.8984513535877
2025-09-25T23:15:00Z,2025-09-25T23:30:00Z,2025-09-26,2025-09-26_2,0.0,0,0,100,64.54283244347661,64.54283244347661,0.0,0.0,0.0,True,True,True,False,0.0,1100.8984513535877,0.0,0.0,0.0,0.0,1100.8984513535877
2025-09-25T23:30:00Z,2025-09-25T23:45:00Z,2025-09-26,2025-09-26_2,0.0,0,0,100,64.54283244347661,64.54283244347661,0.0,0.0,0.0,True,True,True,False,0.0,1100.8984513535877,0.0,0.0,0.0,0.0,1100.8984513535877
2025-09-25T23:45:00Z,2025-09-26T00:00:00Z,2025-09-26,2025-09-26_2,0.0,0,0,100,64.54283244347661,64.54283244347661,0.0,0.0,0.0,True,True,True,False,0.0,1100.8984513535877,0.0,0.0,0.0,0.0,1100.8984513535877
2025-09-26T00:00:00Z,2025-09-26T00:15:00Z,2025-09-26,2025-09-26_3,-88.80976135140985,100,11,0,64.54283244347661,78.62597890880326,0.04368615791502859,6.757499999999999,5.5e-05,True,True,True,False,-1624.7745839240433,0.0,99.62761555739449,10.845253576072821,1061.0436000118216,-0.004334633723450368,-453.2624494124779
2025-09-26T00:15:00Z,2025-09-26T00:30:00Z,2025-09-26,2025-09-26_3,-88.80976135140985,100,11,0,78.62597890880326,95.4570687683873,0.0493411079447443,3.83,0.0,True,True,True,False,-1624.7745839240433,0.0,99.62761555739449,10.845253576072821,535.3118118768964,0.0,-978.9899029136797
2025-09-26T00:30:00Z,2025-09-26T00:45:00Z,2025-09-26,2025-09-26_3,-88.80976135140985,100,11,0,95.4570687683873,107.95660669406844,0.04042721708027487,8.4445,0.0,True,True,True,False,-1624.7745839240433,0.0,99.62761555739449,10.845253576072821,1314.1900788115222,0.0,-200.1116359790538
2025-09-26T00:45:00Z,2025-09-26T01:00:00Z,2025-09-26,2025-09-26_3,-88.80976135140985,100,11,0,107.95660669406844,107.10431999999993,0.01295052758927624,22.6685,0.0,True,True,True,False,-1624.7745839240433,0.0,99.62761555739449,10.845253576072821,7427.008830239981,0.0,5912.707115449405
2025-09-26T01:00:00Z,2025-09-26T01:15:00Z,2025-09-26,2025-09-26_4,-100.0,100,0,0,107.10431999999993,116.53845999999993,0.02620594444444445,14.7455,0.0,True,True,True,False,-1831.5000000000002,0.0,99.62761555739449,0.0,2774.0389510186387,0.0,1042.166566576033
2025-09-26T01:15:00Z,2025-09-26T01:30:00Z,2025-09-26,2025-09-26_4,-100.0,100,0,0,116.53845999999993,126.99885999999992,0.029056666666666668,13.63,0.0,True,True,True,False,-1831.5000000000002,0.0,99.62761555739449,0.0,2335.5843145367853,0.0,603.7119300941796
2025-09-26T01:30:00Z,2025-09-26T01:45:00Z,2025-09-26,2025-09-26_4,-100.0,100,0,0,126.99885999999992,136.42425999999992,0.026181666666666666,14.755,0.0,True,True,True,False,-1831.5000000000002,0.0,99.62761555739449,0.0,2682.468535484888,0.0,950.5961510422823
2025-09-26T01:45:00Z,2025-09-26T02:00:00Z,2025-09-26,2025-09-26_4,-100.0,100,0,0,136.42425999999992,143.99999999999991,0.021043722222222224,16.7655,0.0,True,True,True,False,-1831.5000000000002,0.0,99.62761555739449,0.0,3112.3564842179926,0.0,1380.4840997753868
2025-09-26T02:00:00Z,2025-09-26T02:15:00Z,2025-09-26,2025-09-26_5,0.0,0,0,100,143.99999999999991,143.99999999999991,0.0,0.0,0.0,True,True,True,False,0.0,1100.8984513535877,0.0,0.0,0.0,0.0,1100.8984513535877
2025-09-26T02:15:00Z,2025-09-26T02:30:00Z,2025-09-26,2025-09-26_5,0.0,0,0,100,143.99999999999991,143.99999999999991,0.0,0.0,0.0,True,True,True,False,0.0,1100.8984513535877,0.0,0.0,0.0,0.0,1100.8984513535877
2025-09-26T02:30:00Z,2025-09-26T02:45:00Z,2025-09-26,2025-09-26_5,0.0,0,0,100,143.99999999999991,143.99999999999991,0.0,0.0,0.0,True,True,True,False,0.0,1100.8984513535877,0.0,0.0,0.0,0.0,1100.8984513535877
2025-09-26T02:45:00Z,2025-09-26T03:00:00Z,2025-09-26,2025-09-26_5,0.0,0,0,100,143.99999999999991,143.99999999999991,0.0,0.0,0.0,True,True,True,False,0.0,1100.8984513535877,0.0,0.0,0.0,0.0,1100.8984513535877
2025-09-26T03:00:00Z,2025-09-26T03:15:00Z,2025-09-26,2025-09-26_6,-83.5106359950346,100,16,0,143.99999999999991,162.66316385444742,0.05241417131192254,0.5745,8e-05,True,True,True,False,-1726.7911757873278,0.0,100.69157110769595,11.632580683295899,90.27756886156756,-0.0063837333018087255,-1524.1958388680703
2025-09-26T03:15:00Z,2025-09-26T03:30:00Z,2025-09-26,2025-09-26_6,-83.5106359950346,100,16,0,162.66316385444742,178.64799603992955,0.047789800536055,3.402,0.00096,True,True,True,False,-1726.7911757873278,0.0,100.69157110769595,11.632580683295899,850.5402175198014,-0.0766047996217047,-764.0034112761562
2025-09-26T03:30:00Z,2025-09-26T03:45:00Z,2025-09-26,2025-09-26_6,-83.5106359950346,100,16,0,178.64799603992955,186.95884652989218,0.034536643031122145,11.5,0.0,True,True,True,False,-1726.7911757873278,0.0,100.69157110769595,11.632580683295899,2568.0183827875635,0.0,953.5513587912276
2025-09-26T03:45:00Z,2025-09-26T04:00:00Z,2025-09-26,2025-09-26_6,-83.5106359950346,100,16,0,186.95884652989218,186.50077999999985,0.019393565511232332,20.7545,0.0,True,True,True,False,-1726.7911757873278,0.0,100.69157110769595,11.632580683295899,20034.492151751587,0.0,18420.025127755252
2025-09-26T04:00:00Z,2025-09-26T04:15:00Z,2025-09-26,2025-09-26_7,0.0,100,100,0,186.50077999999985,189.20380434782595,0.011931710144927537,0.7325,3.8035,True,True,True,False,0.0,0.0,167.80943373921266,72.437640383024,122.8592170075265,-238.84247389368326,124.2638172360799
2025-09-26T04:15:00Z,2025-09-26T04:30:00Z,2025-09-26,2025-09-26_7,0.0,100,100,0,189.20380434782595,176.52830521739116,0.03525827536231883,11.6695,0.0095,True,True,True,False,0.0,0.0,167.80943373921266,72.437640383024,2341.673688674784,-0.7580683295897861,2581.162694467431
2025-09-26T04:30:00Z,2025-09-26T04:45:00Z,2025-09-26,2025-09-26_7,0.0,100,100,0,176.52830521739116,158.17341391304333,0.050985809178743964,16.8865,0.0,True,True,True,False,0.0,0.0,167.80943373921266,72.437640383024,10716.266591894237,0.0,10956.513666016474
2025-09-26T04:45:00Z,2025-09-26T05:00:00Z,2025-09-26,2025-09-26_7,0.0,100,100,0,158.17341391304333,133.6098269565216,0.06823218599033816,22.5985,0.0,True,True,True,False,0.0,0.0,167.80943373921266,72.437640383024,14809.23509240651,0.0,15049.482166528747
2025-09-26T05:00:00Z,2025-09-26T05:15:00Z,2025-09-26,2025-09-26_8,-3.089316242435218e-14,0,0,100,133.6098269565216,133.6098269565216,1.973729821555834e-17,0.0,0.0,True,False,True,False,-9.396155351366715e-13,1100.8984513535877,0.0,0.0,0.0,0.0,1100.8984513535868
2025-09-26T05:15:00Z,2025-09-26T05:30:00Z,2025-09-26,2025-09-26_8,-3.089316242435218e-14,0,0,100,133.6098269565216,133.6098269565216,1.973729821555834e-17,0.0,0.0,True,False,True,False,-9.396155351366715e-13,1100.8984513535877,0.0,0.0,0.0,0.0,1100.8984513535868
2025-09-26T05:30:00Z,2025-09-26T05:45:00Z,2025-09-26,2025-09-26_8,-3.089316242435218e-14,0,0,100,133.6098269565216,133.6098269565216,1.973729821555834e-17,0.0,0.0,True,False,True,False,-9.396155351366715e-13,1100.8984513535877,0.0,0.0,0.0,0.0,1100.8984513535868
2025-09-26T05:45:00Z,2025-09-26T06:00:00Z,2025-09-26,2025-09-26_8,-3.089316242435218e-14,0,0,100,133.6098269565216,133.6098269565216,1.973729821555834e-17,0.0,0.0,True,False,True,False,-9.396155351366715e-13,1100.8984513535877,0.0,0.0,0.0,0.0,1100.8984513535868
2025-09-26T06:00:00Z,2025-09-26T06:15:00Z,2025-09-26,2025-09-26_9,90.0,10,100,0,133.6098269565216,108.87651599999987,0.06870517487922705,0.2576,0.003,True,True,True,False,2813.4,0.0,11.171533278165267,72.08298853292352,42.50202056980731,-0.2393899988178272,2938.9171523820783
2025-09-26T06:15:00Z,2025-09-26T06:30:00Z,2025-09-26,2025-09-26_9,90.0,10,100,0,108.87651599999987,85.84898913043466,0.06480970797101449,0.31195,1.652,True,True,True,False,2813.4,0.0,11.171533278165267,72.08298853292352,58.29348199156716,-103.56914450092603,2851.37885930173
2025-09-26T06:30:00Z,2025-09-26T06:45:00Z,2025-09-26,2025-09-26_9,90.0,10,100,0,85.84898913043466,80.18571313043466,0.02470617777777778,0.0,17.5595,True,True,True,False,2813.4,0.0,11.171533278165267,72.08298853292352,0.0,991.6754783859401,3888.3300001970288
2025-09-26T06:45:00Z,2025-09-26T07:00:00Z,2025-09-26,2025-09-26_9,90.0,10,100,0,80.18571313043466,68.32669695652163,0.03895774492753623,0.0,11.7705,True,True,True,False,2813.4,0.0,11.171533278165267,72.08298853292352,0.0,-462.90945590495323,2433.7450659061356
2025-09-26T07:00:00Z,2025-09-26T07:15:00Z,2025-09-26,2025-09-26_10,0.0,100,100,0,68.32669695652163,66.00514478260858,0.010818756038647343,2.8595,0.855,True,True,True,False,0.0,0.0,101.01666863695472,79.94443787681759,715.395021771683,-40.29369015250029,856.062438132955
2025-09-26T07:15:00Z,2025-09-26T07:30:00Z,2025-09-26,2025-09-26_10,0.0,100,100,0,66.00514478260858,74.74238478260858,0.02427011111111111,0.0,9.497,True,True,True,False,0.0,0.0,101.01666863695472,79.94443787681759,0.0,-146.60902529849864,34.35208121527367
2025-09-26T07:30:00Z,2025-09-26T07:45:00Z,2025-09-26,2025-09-26_10,0.0,100,100,0,74.74238478260858,84.78004478260858,0.02788238888888889,0.0,10.9105,True,True,True,False,0.0,0.0,101.01666863695472,79.94443787681759,0.0,-400.79115754423304,-219.83005103046074
2025-09-26T07:45:00Z,2025-09-26T08:00:00Z,2025-09-26,2025-09-26_10,0.0,100,100,0,84.78004478260858,98.58372478260858,0.03834355555555556,0.0,15.004000000000001,True,True,True,False,0.0,0.0,101.01666863695472,79.94443787681759,0.0,1263.6422366710012,1444.6033431847736
2025-09-26T08:00:00Z,2025-09-26T08:15:00Z,2025-09-26,2025-09-26_11,0.0,9,9,91,98.58372478260858,99.51654958260859,0.0025911800000000002,0.0,1.01394,True,True,True,False,0.0,1001.8175907317649,4.899515309138196,7.623241517909918,0.0,-5.433490980021279,1008.9068565787917
2025-09-26T08:15:00Z,2025-09-26T08:30:00Z,2025-09-26,2025-09-26_11,0.0,9,9,91,99.51654958260859,99.94417018260859,0.0011878350000000001,0.0,0.464805,True,True,True,False,0.0,1001.8175907317649,4.899515309138196,7.623241517909918,0.0,-20.862742295188557,993.4776052636245
2025-09-26T08:30:00Z,2025-09-26T08:45:00Z,2025-09-26,2025-09-26_11,0.0,9,9,91,99.94417018260859,100.78264438260858,0.0023290949999999998,0.0,0.9113849999999999,True,True,True,False,0.0,1001.8175907317649,4.899515309138196,7.623241517909918,0.0,-22.311999134058397,992.0283484247547
2025-09-26T08:45:00Z,2025-09-26T09:00:00Z,2025-09-26,2025-09-26_11,0.0,9,9,91,100.78264438260858,101.60439298260859,0.0022826350000000003,0.0,0.893205,True,True,True,False,0.0,1001.8175907317649,4.899515309138196,7.623241517909918,0.0,-27.814939404775977,986.525408154037
2025-09-26T09:00:00Z,2025-09-26T09:15:00Z,2025-09-26,2025-09-26_12,0.0,9,9,91,101.60439298260859,101.58602194782598,0.000222610652173913,0.045314999999999994,0.033569999999999996,True,True,True,False,0.0,1001.8175907317649,4.809079087362571,18.568684241636127,6.697680925641327,-1.7365334909563774,1030.1565014954485
2025-09-26T09:15:00Z,2025-09-26T09:30:00Z,2025-09-26,2025-09-26_12,0.0,9,9,91,101.58602194782598,101.60320466956512,8.061021739130437e-05,0.005444999999999999,0.025110000000000004,True,True,True,False,0.0,1001.8175907317649,4.809079087362571,18.568684241636127,0.7991106631989596,-1.4368813334909567,1024.5575833904716
2025-09-26T09:30:00Z,2025-09-26T09:45:00Z,2025-09-26,2025-09-26_12,0.0,9,9,91,101.60320466956512,101.74816461739121,0.0005412534782608696,0.02295,0.18468,True,True,True,False,0.0,1001.8175907317649,4.809079087362571,18.568684241636127,3.3865154569098004,-8.000616763210783,1020.5812527544626
2025-09-26T09:45:00Z,2025-09-26T10:00:00Z,2025-09-26,2025-09-26_12,0.0,9,9,91,101.74816461739121,101.77858117391295,0.0006374795652173914,0.091575,0.14125500000000002,True,True,True,False,0.0,1001.8175907317649,4.809079087362571,18.568684241636127,13.820311931079326,-5.992525038420618,1033.0231409534224
2025-09-26T10:00:00Z,2025-09-26T10:15:00Z,2025-09-26,2025-09-26_13,0.0,9,9,91,101.77858117391295,102.05124540869556,0.0007587593478260869,0.00022500000000000002,0.29663999999999996,True,True,True,False,0.0,1001.8175907317649,4.809079087362571,18.568684241636127,0.032539307246719475,-11.847832226031443,1013.3800611419789
2025-09-26T10:15:00Z,2025-09-26T10:30:00Z,2025-09-26,2025-09-26_13,0.0,9,9,91,102.05124540869556,102.20661960869556,0.00043159500000000006,0.0,0.168885,True,True,True,False,0.0,1001.8175907317649,4.809079087362571,18.568684241636127,0.0,-7.423632763920085,1017.7717212968435
2025-09-26T10:30:00Z,2025-09-26T10:45:00Z,2025-09-26,2025-09-26_13,0.0,9,9,91,102.20661960869556,102.51836160869556,0.0008659500000000002,0.0,0.33885000000000004,True,True,True,False,0.0,1001.8175907317649,4.809079087362571,18.568684241636127,0.0,-13.054744709776571,1012.140609350987
2025-09-26T10:45:00Z,2025-09-26T11:00:00Z,2025-09-26,2025-09-26_13,0.0,9,9,91,102.51836160869556,102.57955080869556,0.00016997,0.0,0.06651,True,True,True,False,0.0,1001.8175907317649,4.809079087362571,18.568684241636127,0.0,-3.1946658115616504,1022.000688249202
2025-09-26T11:00:00Z,2025-09-26T11:15:00Z,2025-09-26,2025-09-26_14,0.0,9,9,91,102.57955080869556,102.89882760869556,0.0008868799999999999,0.0,0.34703999999999996,True,True,True,False,0.0,1001.8175907317649,4.809079087362571,18.568684241636127,0.0,-13.160360704575005,1012.0349933561886
2025-09-26T11:15:00Z,2025-09-26T11:30:00Z,2025-09-26,2025-09-26_14,0.0,9,9,91,102.89882760869556,103.43826960869555,0.0014984500000000003,0.0,0.58635,True,True,True,False,0.0,1001.8175907317649,4.809079087362571,18.568684241636127,0.0,-17.08414147653387,1008.1112125842297
2025-09-26T11:30:00Z,2025-09-26T11:45:00Z,2025-09-26,2025-09-26_14,0.0,9,9,91,103.43826960869555,103.89503580869555,0.001268795,0.0,0.496485,True,True,True,False,0.0,1001.8175907317649,4.809079087362571,18.568684241636127,0.0,-18.76731690507152,1006.4280371556921
2025-09-26T11:45:00Z,2025-09-26T12:00:00Z,2025-09-26,2025-09-26_14,0.0,9,9,91,103.89503580869555,104.22188880869555,0.0009079249999999999,0.0,0.35527499999999995,True,True,True,False,0.0,1001.8175907317649,4.809079087362571,18.568684241636127,0.0,-13.51520587539898,1011.6801481853646
2025-09-26T12:00:00Z,2025-09-26T12:15:00Z,2025-09-26,2025-09-26_15,0.0,9,9,91,104.22188880869555,104.92519200869555,0.00195362,0.0,0.76446,True,True,True,False,0.0,1001.8175907317649,4.809079087362571,18.568684241636127,0.0,-16.580320132403358,1008.6150339283603
2025-09-26T12:15:00Z,2025-09-26T12:30:00Z,2025-09-26,2025-09-26_15,0.0,9,9,91,104.92519200869555,105.15881220869555,0.0006489450000000001,0.0,0.253935,True,True,True,False,0.0,1001.8175907317649,4.809079087362571,18.568684241636127,0.0,-9.753287418725618,1015.442066642038
2025-09-26T12:30:00Z,2025-09-26T12:45:00Z,2025-09-26,2025-09-26_15,0.0,9,9,91,105.15881220869555,105.41934326956512,0.000955762608695652,0.03842999999999999,0.32859,True,True,True,False,0.0,1001.8175907317649,4.809079087362571,18.568684241636127,5.0201146707648645,-12.37835316231233,1017.8371155692162
2025-09-26T12:45:00Z,2025-09-26T13:00:00Z,2025-09-26,2025-09-26_15,0.0,9,9,91,105.41934326956512,105.35536884347816,0.00017908673913043477,0.059085,0.00027,True,True,True,False,0.0,1001.8175907317649,4.809079087362571,18.568684241636127,7.592831114788982,-0.021385506561059225,1032.7667996689916
2025-09-26T13:00:00Z,2025-09-26T13:15:00Z,2025-09-26,2025-09-26_16,-9.0,9,0,91,105.35536884347816,107.40301284347815,0.0056879,0.024300000000000002,0.0,True,True,True,False,-211.38750000000002,1001.8175907317649,7.3279938527012645,0.0,3.0785553847972573,0.0,800.8366399692634
2025-09-26T13:15:00Z,2025-09-26T13:30:00Z,2025-09-26,2025-09-26_16,-9.0,9,0,91,107.40301284347815,109.12993104347815,0.004796995000000001,0.37291500000000005,0.0,True,True,True,False,-211.38750000000002,1001.8175907317649,7.3279938527012645,0.0,57.78940772549948,0.0,855.5474923099656
2025-09-26T13:30:00Z,2025-09-26T13:45:00Z,2025-09-26,2025-09-26_16,-9.0,9,0,91,109.12993104347815,110.75177604347815,0.004505125,0.487125,0.0,True,True,True,False,-211.38750000000002,1001.8175907317649,7.3279938527012645,0.0,73.62129337096583,0.0,871.379377955432
2025-09-26T13:45:00Z,2025-09-26T14:00:00Z,2025-09-26,2025-09-26_16,-9.0,9,0,91,110.75177604347815,112.08883044347814,0.0037140400000000005,0.79668,0.0,True,True,True,False,-211.38750000000002,1001.8175907317649,7.3279938527012645,0.0,137.12301577018562,0.0,934.8811003546517
2025-09-26T14:00:00Z,2025-09-26T14:15:00Z,2025-09-26,2025-09-26_17,0.0,9,9,91,112.08883044347814,112.45504553043466,0.0010550358695652173,0.006255000000000001,0.40545,True,True,True,False,0.0,1001.8175907317649,10.107577727863813,6.543326634353942,0.7517732592505025,-14.553269624069037,1004.6669987291641
2025-09-26T14:15:00Z,2025-09-26T14:30:00Z,2025-09-26,2025-09-26_17,0.0,9,9,91,112.45504553043466,112.92199613043466,0.001297085,0.0,0.507555,True,True,True,False,0.0,1001.8175907317649,10.107577727863813,6.543326634353942,0.0,-19.998791033219057,998.4697040607635
2025-09-26T14:30:00Z,2025-09-26T14:45:00Z,2025-09-26,2025-09-26_17,0.0,9,9,91,112.92199613043466,113.99607773043466,0.0029835600000000006,0.0,1.16748,True,True,True,False,0.0,1001.8175907317649,10.107577727863813,6.543326634353942,0.0,-43.20715722898688,975.2613378649958
2025-09-26T14:45:00Z,2025-09-26T15:00:00Z,2025-09-26,2025-09-26_17,0.0,9,9,91,113.99607773043466,114.17008193043466,0.0004833450000000001,0.0,0.18913500000000003,True,True,True,False,0.0,1001.8175907317649,10.107577727863813,6.543326634353942,0.0,-11.081543146352997,1007.3869519476297
2025-09-26T15:00:00Z,2025-09-26T15:15:00Z,2025-09-26,2025-09-26_18,0.0,0,0,100,114.17008193043466,114.17008193043466,0.0,0.0,0.0,True,True,True,False,0.0,1100.8984513535877,0.0,0.0,0.0,0.0,1100.8984513535877
2025-09-26T15:15:00Z,2025-09-26T15:30:00Z,2025-09-26,2025-09-26_18,0.0,0,0,100,114.17008193043466,114.17008193043466,0.0,0.0,0.0,True,True,True,False,0.0,1100.8984513535877,0.0,0.0,0.0,0.0,1100.8984513535877
2025-09-26T15:30:00Z,2025-09-26T15:45:00Z,2025-09-26,2025-09-26_18,0.0,0,0,100,114.17008193043466,114.17008193043466,0.0,0.0,0.0,True,True,True,False,0.0,1100.8984513535877,0.0,0.0,0.0,0.0,1100.8984513535877
2025-09-26T15:45:00Z,2025-09-26T16:00:00Z,2025-09-26,2025-09-26_18,0.0,0,0,100,114.17008193043466,114.17008193043466,0.0,0.0,0.0,True,True,True,False,0.0,1100.8984513535877,0.0,0.0,0.0,0.0,1100.8984513535877
2025-09-26T16:00:00Z,2025-09-26T16:15:00Z,2025-09-26,2025-09-26_19,0.0,0,0,100,114.17008193043466,114.17008193043466,0.0,0.0,0.0,True,True,True,False,0.0,1100.8984513535877,0.0,0.0,0.0,0.0,1100.8984513535877
2025-09-26T16:15:00Z,2025-09-26T16:30:00Z,2025-09-26,2025-09-26_19,0.0,0,0,100,114.17008193043466,114.17008193043466,0.0,0.0,0.0,True,True,True,False,0.0,1100.8984513535877,0.0,0.0,0.0,0.0,1100.8984513535877
2025-09-26T16:30:00Z,2025-09-26T16:45:00Z,2025-09-26,2025-09-26_19,0.0,0,0,100,114.17008193043466,114.17008193043466,0.0,0.0,0.0,True,True,True,False,0.0,1100.8984513535877,0.0,0.0,0.0,0.0,1100.8984513535877
2025-09-26T16:45:00Z,2025-09-26T17:00:00Z,2025-09-26,2025-09-26_19,0.0,0,0,100,114.17008193043466,114.17008193043466,0.0,0.0,0.0,True,True,True,False,0.0,1100.8984513535877,0.0,0.0,0.0,0.0,1100.8984513535877
2025-09-26T17:00:00Z,2025-09-26T17:15:00Z,2025-09-26,2025-09-26_20,100.0,0,100,0,114.17008193043466,94.44888627826074,0.05478109903381643,0.0,6.8565000000000005,True,True,True,False,3311.0,0.0,0.0,72.437640383024,0.0,-313.30587214800806,3070.131768235016
2025-09-26T17:15:00Z,2025-09-26T17:30:00Z,2025-09-26,2025-09-26_20,100.0,0,100,0,94.44888627826074,77.54725584347814,0.04694897342995168,0.0,9.4505,True,True,True,False,3311.0,0.0,0.0,72.437640383024,0.0,-427.41009979509,2956.027540587934
2025-09-26T17:30:00Z,2025-09-26T17:45:00Z,2025-09-26,2025-09-26_20,100.0,0,100,0,77.54725584347814,67.19290801739118,0.028762077294685995,0.0,15.473999999999998,True,True,True,False,3311.0,0.0,0.0,72.437640383024,0.0,-602.8987965480552,2780.5388438349687
2025-09-26T17:45:00Z,2025-09-26T18:00:00Z,2025-09-26,2025-09-26_20,100.0,0,100,0,67.19290801739118,64.79508193043465,0.00666062801932367,0.0,22.794,True,True,True,False,3311.0,0.0,0.0,72.437640383024,0.0,-683.7391606572882,2699.698479725736
2025-09-26T18:00:00Z,2025-09-26T18:15:00Z,2025-09-26,2025-09-26_21,0.0,0,0,100,64.79508193043465,64.79508193043465,0.0,0.0,0.0,True,True,True,False,0.0,1100.8984513535877,0.0,0.0,0.0,0.0,1100.8984513535877
2025-09-26T18:15:00Z,2025-09-26T18:30:00Z,2025-09-26,2025-09-26_21,0.0,0,0,100,64.79508193043465,64.79508193043465,0.0,0.0,0.0,True,True,True,False,0.0,1100.8984513535877,0.0,0.0,0.0,0.0,1100.8984513535877
2025-09-26T18:30:00Z,2025-09-26T18:45:00Z,2025-09-26,2025-09-26_21,0.0,0,0,100,64.79508193043465,64.79508193043465,0.0,0.0,0.0,True,True,True,False,0.0,1100.8984513535877,0.0,0.0,0.0,0.0,1100.8984513535877
2025-09-26T18:45:00Z,2025-09-26T19:00:00Z,2025-09-26,2025-09-26_21,0.0,0,0,100,64.79508193043465,64.79508193043465,0.0,0.0,0.0,True,True,True,False,0.0,1100.8984513535877,0.0,0.0,0.0,0.0,1100.8984513535877
2025-09-26T19:00:00Z,2025-09-26T19:15:00Z,2025-09-26,2025-09-26_22,0.0,0,0,100,64.79508193043465,64.79508193043465,0.0,0.0,0.0,True,True,True,False,0.0,1100.8984513535877,0.0,0.0,0.0,0.0,1100.8984513535877
2025-09-26T19:15:00Z,2025-09-26T19:30:00Z,2025-09-26,2025-09-26_22,0.0,0,0,100,64.79508193043465,64.79508193043465,0.0,0.0,0.0,True,True,True,False,0.0,1100.8984513535877,0.0,0.0,0.0,0.0,1100.8984513535877
2025-09-26T19:30:00Z,2025-09-26T19:45:00Z,2025-09-26,2025-09-26_22,0.0,0,0,100,64.79508193043465,64.79508193043465,0.0,0.0,0.0,True,True,True,False,0.0,1100.8984513535877,0.0,0.0,0.0,0.0,1100.8984513535877
2025-09-26T19:45:00Z,2025-09-26T20:00:00Z,2025-09-26,2025-09-26_22,0.0,0,0,100,64.79508193043465,64.79508193043465,0.0,0.0,0.0,True,True,True,False,0.0,1100.8984513535877,0.0,0.0,0.0,0.0,1100.8984513535877
2025-09-26T20:00:00Z,2025-09-26T20:15:00Z,2025-09-26,2025-09-26_23,0.0,0,0,100,64.79508193043465,64.79508193043465,0.0,0.0,0.0,True,True,True,False,0.0,1100.8984513535877,0.0,0.0,0.0,0.0,1100.8984513535877
2025-09-26T20:15:00Z,2025-09-26T20:30:00Z,2025-09-26,2025-09-26_23,0.0,0,0,100,64.79508193043465,64.79508193043465,0.0,0.0,0.0,True,True,True,False,0.0,1100.8984513535877,0.0,0.0,0.0,0.0,1100.8984513535877
2025-09-26T20:30:00Z,2025-09-26T20:45:00Z,2025-09-26,2025-09-26_23,0.0,0,0,100,64.79508193043465,64.79508193043465,0.0,0.0,0.0,True,True,True,False,0.0,1100.8984513535877,0.0,0.0,0.0,0.0,1100.8984513535877
2025-09-26T20:45:00Z,2025-09-26T21:00:00Z,2025-09-26,2025-09-26_23,0.0,0,0,100,64.79508193043465,64.79508193043465,0.0,0.0,0.0,True,True,True,False,0.0,1100.8984513535877,0.0,0.0,0.0,0.0,1100.8984513535877
2025-09-26T21:00:00Z,2025-09-26T21:15:00Z,2025-09-27,2025-09-26_24,-100.0,100,0,0,64.79508193043465,75.38750193043465,0.029423388888888895,13.486499999999998,0.0,True,True,True,False,-2247.5,0.0,107.8645710233987,0.0,11842.125576104936,0.0,9702.490147128336
2025-09-26T21:15:00Z,2025-09-26T21:30:00Z,2025-09-27,2025-09-26_24,-100.0,100,0,0,75.38750193043465,90.65536193043465,0.04241072222222222,8.4045,0.0,True,True,True,False,-2247.5,0.0,107.8645710233987,0.0,4649.314707515953,0.0,2509.679278539352
2025-09-26T21:30:00Z,2025-09-26T21:45:00Z,2025-09-27,2025-09-26_24,-100.0,100,0,0,90.65536193043465,93.82476193043465,0.00880388888888889,21.555,0.0,True,True,True,False,-2247.5,0.0,107.8645710233987,0.0,28602.72336622548,0.0,26463.087937248878
2025-09-26T21:45:00Z,2025-09-26T22:00:00Z,2025-09-27,2025-09-26_24,-100.0,100,0,0,93.82476193043465,105.12880193043466,0.031400111111111115,12.713,0.0,True,True,True,False,-2247.5,0.0,107.8645710233987,0.0,14206.144003387692,0.0,12066.508574411091
2025-09-26T22:00:00Z,2025-09-26T22:15:00Z,2025-09-27,2025-09-27_1,-2.0,100,98,0,105.12880193043466,97.39556234782597,0.023293416618357488,7.566000000000001,0.00588,True,True,True,False,-42.525,0.0,104.26022216969983,69.25549515480974,2165.2675407705033,-0.38652209879461114,2295.8717359962184
2025-09-26T22:15:00Z,2025-09-26T22:30:00Z,2025-09-27,2025-09-27_1,-2.0,100,98,0,97.39556234782597,88.13831015652164,0.02736578497584541,8.9695,0.00245,True,True,True,False,-42.525,0.0,104.26022216969983,69.25549515480974,5241.974227133065,-0.18819428031198296,5372.776750177262
2025-09-26T22:30:00Z,2025-09-26T22:45:00Z,2025-09-27,2025-09-27_1,-2.0,100,98,0,88.13831015652164,88.39169053913034,0.0018666967149758456,0.1965,0.006860000000000001,True,True,True,False,-42.525,0.0,104.26022216969983,69.25549515480974,30.710807433230915,-0.5404553691010794,161.1610693886394
2025-09-26T22:45:00Z,2025-09-26T23:00:00Z,2025-09-27,2025-09-27_1,-2.0,100,98,0,88.39169053913034,84.6604183652173,0.013854256038647341,4.0925,0.2646,True,True,True,False,-42.525,0.0,104.26022216969983,69.25549515480974,646.9901377727881,-16.49450484519026,761.4863502521074
2025-09-26T23:00:00Z,2025-09-26T23:15:00Z,2025-09-27,2025-09-27_2,0.0,0,0,100,84.6604183652173,84.6604183652173,0.0,0.0,0.0,True,True,True,False,0.0,1100.5081541006853,0.0,0.0,0.0,0.0,1100.5081541006853
2025-09-26T23:15:00Z,2025-09-26T23:30:00Z,2025-09-27,2025-09-27_2,0.0,0,0,100,84.6604183652173,84.6604183652173,0.0,0.0,0.0,True,True,True,False,0.0,1100.5081541006853,0.0,0.0,0.0,0.0,1100.5081541006853
2025-09-26T23:30:00Z,2025-09-26T23:45:00Z,2025-09-27,2025-09-27_2,0.0,0,0,100,84.6604183652173,84.6604183652173,0.0,0.0,0.0,True,True,True,False,0.0,1100.5081541006853,0.0,0.0,0.0,0.0,1100.5081541006853
2025-09-26T23:45:00Z,2025-09-27T00:00:00Z,2025-09-27,2025-09-27_2,0.0,0,0,100,84.6604183652173,84.6604183652173,0.0,0.0,0.0,True,True,True,False,0.0,1100.5081541006853,0.0,0.0,0.0,0.0,1100.5081541006853
2025-09-27T00:00:00Z,2025-09-27T00:15:00Z,2025-09-27,2025-09-27_3,0.0,0,0,100,84.6604183652173,84.6604183652173,0.0,0.0,0.0,True,True,True,False,0.0,1100.5081541006853,0.0,0.0,0.0,0.0,1100.5081541006853
2025-09-27T00:15:00Z,2025-09-27T00:30:00Z,2025-09-27,2025-09-27_3,0.0,0,0,100,84.6604183652173,84.6604183652173,0.0,0.0,0.0,True,True,True,False,0.0,1100.5081541006853,0.0,0.0,0.0,0.0,1100.5081541006853
2025-09-27T00:30:00Z,2025-09-27T00:45:00Z,2025-09-27,2025-09-27_3,0.0,0,0,100,84.6604183652173,84.6604183652173,0.0,0.0,0.0,True,True,True,False,0.0,1100.5081541006853,0.0,0.0,0.0,0.0,1100.5081541006853
2025-09-27T00:45:00Z,2025-09-27T01:00:00Z,2025-09-27,2025-09-27_3,0.0,0,0,100,84.6604183652173,84.6604183652173,0.0,0.0,0.0,True,True,True,False,0.0,1100.5081541006853,0.0,0.0,0.0,0.0,1100.5081541006853
2025-09-27T01:00:00Z,2025-09-27T01:15:00Z,2025-09-27,2025-09-27_4,0.0,0,0,100,84.6604183652173,84.6604183652173,0.0,0.0,0.0,True,True,True,False,0.0,1100.5081541006853,0.0,0.0,0.0,0.0,1100.5081541006853
2025-09-27T01:15:00Z,2025-09-27T01:30:00Z,2025-09-27,2025-09-27_4,0.0,0,0,100,84.6604183652173,84.6604183652173,0.0,0.0,0.0,True,True,True,False,0.0,1100.5081541006853,0.0,0.0,0.0,0.0,1100.5081541006853
2025-09-27T01:30:00Z,2025-09-27T01:45:00Z,2025-09-27,2025-09-27_4,0.0,0,0,100,84.6604183652173,84.6604183652173,0.0,0.0,0.0,True,True,True,False,0.0,1100.5081541006853,0.0,0.0,0.0,0.0,1100.5081541006853
2025-09-27T01:45:00Z,2025-09-27T02:00:00Z,2025-09-27,2025-09-27_4,0.0,0,0,100,84.6604183652173,84.6604183652173,0.0,0.0,0.0,True,True,True,False,0.0,1100.5081541006853,0.0,0.0,0.0,0.0,1100.5081541006853
2025-09-27T02:00:00Z,2025-09-27T02:15:00Z,2025-09-27,2025-09-27_5,0.0,0,0,100,84.6604183652173,84.6604183652173,0.0,0.0,0.0,True,True,True,False,0.0,1100.5081541006853,0.0,0.0,0.0,0.0,1100.5081541006853
2025-09-27T02:15:00Z,2025-09-27T02:30:00Z,2025-09-27,2025-09-27_5,0.0,0,0,100,84.6604183652173,84.6604183652173,0.0,0.0,0.0,True,True,True,False,0.0,1100.5081541006853,0.0,0.0,0.0,0.0,1100.5081541006853
2025-09-27T02:30:00Z,2025-09-27T02:45:00Z,2025-09-27,2025-09-27_5,0.0,0,0,100,84.6604183652173,84.6604183652173,0.0,0.0,0.0,True,True,True,False,0.0,1100.5081541006853,0.0,0.0,0.0,0.0,1100.5081541006853
2025-09-27T02:45:00Z,2025-09-27T03:00:00Z,2025-09-27,2025-09-27_5,0.0,0,0,100,84.6604183652173,84.6604183652173,0.0,0.0,0.0,True,True,True,False,0.0,1100.5081541006853,0.0,0.0,0.0,0.0,1100.5081541006853
2025-09-27T03:00:00Z,2025-09-27T03:15:00Z,2025-09-27,2025-09-27_6,0.0,0,0,100,84.6604183652173,84.6604183652173,0.0,0.0,0.0,True,True,True,False,0.0,1100.5081541006853,0.0,0.0,0.0,0.0,1100.5081541006853
2025-09-27T03:15:00Z,2025-09-27T03:30:00Z,2025-09-27,2025-09-27_6,0.0,0,0,100,84.6604183652173,84.6604183652173,0.0,0.0,0.0,True,True,True,False,0.0,1100.5081541006853,0.0,0.0,0.0,0.0,1100.5081541006853
2025-09-27T03:30:00Z,2025-09-27T03:45:00Z,2025-09-27,2025-09-27_6,0.0,0,0,100,84.6604183652173,84.6604183652173,0.0,0.0,0.0,True,True,True,False,0.0,1100.5081541006853,0.0,0.0,0.0,0.0,1100.5081541006853
2025-09-27T03:45:00Z,2025-09-27T04:00:00Z,2025-09-27,2025-09-27_6,0.0,0,0,100,84.6604183652173,84.6604183652173,0.0,0.0,0.0,True,True,True,False,0.0,1100.5081541006853,0.0,0.0,0.0,0.0,1100.5081541006853
2025-09-27T04:00:00Z,2025-09-27T04:15:00Z,2025-09-27,2025-09-27_7,0.0,0,0,100,84.6604183652173,84.6604183652173,0.0,0.0,0.0,True,True,True,False,0.0,1100.5081541006853,0.0,0.0,0.0,0.0,1100.5081541006853
2025-09-27T04:15:00Z,2025-09-27T04:30:00Z,2025-09-27,2025-09-27_7,0.0,0,0,100,84.6604183652173,84.6604183652173,0.0,0.0,0.0,True,True,True,False,0.0,1100.5081541006853,0.0,0.0,0.0,0.0,1100.5081541006853
2025-09-27T04:30:00Z,2025-09-27T04:45:00Z,2025-09-27,2025-09-27_7,0.0,0,0,100,84.6604183652173,84.6604183652173,0.0,0.0,0.0,True,True,True,False,0.0,1100.5081541006853,0.0,0.0,0.0,0.0,1100.5081541006853
2025-09-27T04:45:00Z,2025-09-27T05:00:00Z,2025-09-27,2025-09-27_7,0.0,0,0,100,84.6604183652173,84.6604183652173,0.0,0.0,0.0,True,True,True,False,0.0,1100.5081541006853,0.0,0.0,0.0,0.0,1100.5081541006853
2025-09-27T05:00:00Z,2025-09-27T05:15:00Z,2025-09-27,2025-09-27_8,0.0,0,0,100,84.6604183652173,84.6604183652173,0.0,0.0,0.0,True,True,True,False,0.0,1100.5081541006853,0.0,0.0,0.0,0.0,1100.5081541006853
2025-09-27T05:15:00Z,2025-09-27T05:30:00Z,2025-09-27,2025-09-27_8,0.0,0,0,100,84.6604183652173,84.6604183652173,0.0,0.0,0.0,True,True,True,False,0.0,1100.5081541006853,0.0,0.0,0.0,0.0,1100.5081541006853
2025-09-27T05:30:00Z,2025-09-27T05:45:00Z,2025-09-27,2025-09-27_8,0.0,0,0,100,84.6604183652173,84.6604183652173,0.0,0.0,0.0,True,True,True,False,0.0,1100.5081541006853,0.0,0.0,0.0,0.0,1100.5081541006853
2025-09-27T05:45:00Z,2025-09-27T06:00:00Z,2025-09-27,2025-09-27_8,0.0,0,0,100,84.6604183652173,84.6604183652173,0.0,0.0,0.0,True,True,True,False,0.0,1100.5081541006853,0.0,0.0,0.0,0.0,1100.5081541006853
2025-09-27T06:00:00Z,2025-09-27T06:15:00Z,2025-09-27,2025-09-27_9,48.9761493516373,0,49,51,84.6604183652173,71.4297034686112,0.03675216441226066,0.0,0.071785,True,True,True,False,1314.3974082245659,474.6218388087922,0.0,35.10547151973528,0.0,-4.962782142716457,1819.161936410377
2025-09-27T06:15:00Z,2025-09-27T06:30:00Z,2025-09-27,2025-09-27_9,48.9761493516373,0,49,51,71.4297034686112,58.1707624216068,0.036830505776832875,0.0,0.045814999999999995,True,True,True,False,1314.3974082245659,474.6218388087922,0.0,35.10547151973528,0.0,-2.9375218673678405,1821.1871966857254
2025-09-27T06:30:00Z,2025-09-27T06:45:00Z,2025-09-27,2025-09-27_9,48.9761493516373,0,49,51,58.1707624216068,48.33810323474086,0.027320898815033967,0.0,3.1982299999999997,True,True,True,False,1314.3974082245659,474.6218388087922,0.0,35.10547151973528,0.0,-131.36163426888834,1692.763084284205
2025-09-27T06:45:00Z,2025-09-27T07:00:00Z,2025-09-27,2025-09-27_9,48.9761493516373,0,49,51,48.33810323474086,38.067406147826134,0.02853666810485748,0.0,2.795205,True,True,True,False,1314.3974082245659,474.6218388087922,0.0,35.10547151973528,0.0,-96.54556149550935,1727.579157057584
2025-09-27T07:00:00Z,2025-09-27T07:15:00Z,2025-09-27,2025-09-27_10,2.0,47,49,51,38.067406147826134,37.71739130434787,0.002006420120772947,0.0018800000000000002,0.210945,True,True,True,False,48.92,474.6218388087922,46.07244150319073,41.20007090522335,0.29585598361301507,-13.583292489955094,597.5269147108642
2025-09-27T07:15:00Z,2025-09-27T07:30:00Z,2025-09-27,2025-09-27_10,2.0,47,49,51,37.71739130434787,38.19436396521744,0.004094489275362318,0.0037600000000000003,1.1054399999999998,True,True,True,False,48.92,474.6218388087922,46.07244150319073,41.20007090522335,0.5917119672260301,-22.01517768848971,589.3908854959426
2025-09-27T07:30:00Z,2025-09-27T07:45:00Z,2025-09-27,2025-09-27_10,2.0,47,49,51,38.19436396521744,38.87578922608701,0.007037413164251208,0.42629,1.821575,True,True,True,False,48.92,474.6218388087922,46.07244150319073,41.20007090522335,67.15318528322697,129.0942438598046,807.0617803602379
2025-09-27T07:45:00Z,2025-09-27T08:00:00Z,2025-09-27,2025-09-27_10,2.0,47,49,51,38.87578922608701,40.508999817391356,0.00697715502415459,0.0,2.34857,True,True,True,False,48.92,474.6218388087922,46.07244150319073,41.20007090522335,0.0,-77.5131716103364,533.3011796068698
2025-09-27T08:00:00Z,2025-09-27T08:15:00Z,2025-09-27,2025-09-27_11,17.957075916070067,82,100,0,40.508999817391356,37.60151916022917,0.01678163635691604,0.0,2.076,True,True,True,False,412.2046776533884,0.0,61.02517135428975,79.50248168281729,0.0,-89.29719451666271,463.4351361738327
2025-09-27T08:15:00Z,2025-09-27T08:30:00Z,2025-09-27,2025-09-27_11,17.957075916070067,82,100,0,37.60151916022917,36.89520201940526,0.02038737426622224,0.0008200000000000001,4.394,True,True,True,False,412.2046776533884,0.0,61.02517135428975,79.50248168281729,0.11563854092807059,-169.6275088631529,383.2204603682706
2025-09-27T08:30:00Z,2025-09-27T08:45:00Z,2025-09-27,2025-09-27_11,17.957075916070067,82,100,0,36.89520201940526,39.60020621151551,0.025965446656094217,0.0,7.983999999999999,True,True,True,False,412.2046776533884,0.0,61.02517135428975,79.50248168281729,0.0,840.1252532892144,1392.8575839797097
2025-09-27T08:45:00Z,2025-09-27T09:00:00Z,2025-09-27,2025-09-27_11,17.957075916070067,82,100,0,39.60020621151551,48.58695652173918,0.03624438125381184,0.0,14.5965,True,True,True,False,412.2046776533884,0.0,61.02517135428975,79.50248168281729,0.0,1577.7542339281495,2130.486564618645
2025-09-27T09:00:00Z,2025-09-27T09:15:00Z,2025-09-27,2025-09-27_12,0.0,29,29,71,48.58695652173918,50.76217692173918,0.0060422788888888895,0.0,2.36437,True,True,True,False,0.0,781.3607894114865,21.487827936657997,59.160068541715894,0.0,-46.86409338808792,815.1445925017724
2025-09-27T09:15:00Z,2025-09-27T09:30:00Z,2025-09-27,2025-09-27_12,0.0,29,29,71,50.76217692173918,53.60719872173918,0.007902838333333335,0.0,3.0924150000000004,True,True,True,False,0.0,781.3607894114865,21.487827936657997,59.160068541715894,0.0,135.13510029543843,997.1437861852988
2025-09-27T09:30:00Z,2025-09-27T09:45:00Z,2025-09-27,2025-09-27_12,0.0,29,29,71,53.60719872173918,55.09994472173918,0.004146516666666667,0.0,1.62255,True,True,True,False,0.0,781.3607894114865,21.487827936657997,59.160068541715894,0.0,-53.638233100921774,808.3704527889387
2025-09-27T09:45:00Z,2025-09-27T10:00:00Z,2025-09-27,2025-09-27_12,0.0,29,29,71,55.09994472173918,57.99018912173918,0.008028456666666666,0.0,3.1415699999999998,True,True,True,False,0.0,781.3607894114865,21.487827936657997,59.160068541715894,0.0,27.068908609075866,889.0775944989363
2025-09-27T10:00:00Z,2025-09-27T10:15:00Z,2025-09-27,2025-09-27_13,0.0,100,100,0,57.99018912173918,59.43705955652179,0.0040794710144927545,0.01,1.5845000000000002,True,True,True,False,0.0,0.0,74.09595840226896,204.0002363507445,1.1344835736232568,-62.136667454502486,217.09401087213422
2025-09-27T10:15:00Z,2025-09-27T10:30:00Z,2025-09-27,2025-09-27_13,0.0,100,100,0,59.43705955652179,62.285839556521786,0.007913277777777778,0.0,3.0965,True,True,True,False,0.0,0.0,74.09595840226896,204.0002363507445,0.0,-70.38298392814936,207.71321082486412
2025-09-27T10:30:00Z,2025-09-27T10:45:00Z,2025-09-27,2025-09-27_13,0.0,100,100,0,62.285839556521786,74.06551955652179,0.03272133333333334,0.0,12.804000000000002,True,True,True,False,0.0,0.0,74.09595840226896,204.0002363507445,0.0,8643.75666036398,8921.852855116995
2025-09-27T10:45:00Z,2025-09-27T11:00:00Z,2025-09-27,2025-09-27_13,0.0,100,100,0,74.06551955652179,85.22695955652179,0.031004,0.0,12.132,True,True,True,False,0.0,0.0,74.09595840226896,204.0002363507445,0.0,3707.457192153155,3985.5533869061687
2025-09-27T11:00:00Z,2025-09-27T11:15:00Z,2025-09-27,2025-09-27_14,-52.0,52,0,48,85.22695955652179,97.1742819565218,0.03318700666666667,0.013779999999999999,0.0,True,True,True,False,-488.8,528.2439139683289,38.52989836917986,0.0,1.4927519105018512,0.0,79.46656424801061
2025-09-27T11:15:00Z,2025-09-27T11:30:00Z,2025-09-27,2025-09-27_14,-52.0,52,0,48,97.1742819565218,108.0617091565218,0.030242853333333337,1.16584,0.0,True,True,True,False,-488.8,528.2439139683289,38.52989836917986,0.0,126.2230986212873,0.0,204.19691095879608
2025-09-27T11:30:00Z,2025-09-27T11:45:00Z,2025-09-27,2025-09-27_14,-52.0,52,0,48,108.0617091565218,118.9469835565218,0.030236873333333334,1.1681800000000002,0.0,True,True,True,False,-488.8,528.2439139683289,38.52989836917986,0.0,126.23025625147721,0.0,204.204068588986
2025-09-27T11:45:00Z,2025-09-27T12:00:00Z,2025-09-27,2025-09-27_14,-52.0,52,0,48,118.9469835565218,130.79719075652181,0.03291724222222222,0.11934,0.0,True,True,True,False,-488.8,528.2439139683289,38.52989836917986,0.0,12.857279602930749,0.0,90.8310919404395
2025-09-27T12:00:00Z,2025-09-27T12:15:00Z,2025-09-27,2025-09-27_15,-28.963713282093078,29,0,71,130.79719075652181,137.45884481140322,0.0185045945968928,0.0,0.0,True,True,True,False,-369.35975362989194,781.3607894114865,21.487827936657997,0.0,0.0,0.0,433.48886371825256
2025-09-27T12:15:00Z,2025-09-27T12:30:00Z,2025-09-27,2025-09-27_15,-28.963713282093078,29,0,71,137.45884481140322,144.12049886628463,0.018504594596892802,0.0,0.0,True,True,True,False,-369.35975362989194,781.3607894114865,21.487827936657997,0.0,0.0,0.0,433.48886371825256
2025-09-27T12:30:00Z,2025-09-27T12:45:00Z,2025-09-27,2025-09-27_15,-28.963713282093078,29,0,71,144.12049886628463,150.40481205674456,0.017459523923929757,0.41006,0.0,True,True,True,False,-369.35975362989194,781.3607894114865,21.487827936657997,0.0,47.6239639289372,0.0,481.11282764718976
2025-09-27T12:45:00Z,2025-09-27T13:00:00Z,2025-09-27,2025-09-27_15,-28.963713282093078,29,0,71,150.40481205674456,155.29958219130444,0.013611091820592707,1.92009,0.0,True,True,True,False,-369.35975362989194,781.3607894114865,21.487827936657997,0.0,255.18794813873785,0.0,688.6768118569904
2025-09-27T13:00:00Z,2025-09-27T13:15:00Z,2025-09-27,2025-09-27_16,0.0,29,29,71,155.29958219130444,157.1436795826088,0.0051233683574879235,0.000145,2.004625,True,True,True,False,0.0,781.3607894114865,26.72270148900969,53.8480855589695,0.014822146064760103,180.0790661683605,1042.025464773891
2025-09-27T13:15:00Z,2025-09-27T13:30:00Z,2025-09-27,2025-09-27_16,0.0,29,29,71,157.1436795826088,157.31238620000008,0.0005474338405797102,0.013049999999999999,0.198795,True,True,True,False,0.0,781.3607894114865,26.72270148900969,53.8480855589695,1.333993145828409,-8.353798791656818,854.9117708136373
2025-09-27T13:30:00Z,2025-09-27T13:45:00Z,2025-09-27,2025-09-27_16,0.0,29,29,71,157.31238620000008,157.28578260869574,0.0002273088647342995,0.04988,0.030014999999999997,True,True,True,False,0.0,781.3607894114865,26.72270148900969,53.8480855589695,4.863034743559442,-2.148497488773339,864.6461137142518
2025-09-27T13:45:00Z,2025-09-27T14:00:00Z,2025-09-27,2025-09-27_16,0.0,29,29,71,157.28578260869574,157.03998819130442,0.00072871115942029,0.23374000000000003,0.00899,True,True,True,False,0.0,781.3607894114865,26.72270148900969,53.8480855589695,22.6963326242811,-0.6939840167809028,883.9339250669659
2025-09-27T14:00:00Z,2025-09-27T14:15:00Z,2025-09-27,2025-09-27_17,19.776051099527155,80,100,0,157.03998819130442,165.864490127216,0.036592739434143,0.0036,14.9025,True,True,True,False,486.0953360263774,0.0,82.25005908768611,71.05294256676909,0.349562751122666,10541.836891396832,11181.584791828787
2025-09-27T14:15:00Z,2025-09-27T14:30:00Z,2025-09-27,2025-09-27_17,19.776051099527155,80,100,0,165.864490127216,160.8173188342191,0.015526793431838543,0.0216,0.3675,True,True,True,False,486.0953360263774,0.0,82.25005908768611,71.05294256676909,2.097376506735996,-19.672382415504604,621.823331772064
2025-09-27T14:30:00Z,2025-09-27T14:45:00Z,2025-09-27,2025-09-27_17,19.776051099527155,80,100,0,160.8173188342191,155.4526108452956,0.015205391438184376,0.05639999999999999,0.074,True,True,True,False,486.0953360263774,0.0,82.25005908768611,71.05294256676909,5.476483100921767,-5.614610809107381,639.260209972647
2025-09-27T14:45:00Z,2025-09-27T15:00:00Z,2025-09-27,2025-09-27_17,19.776051099527155,80,100,0,155.4526108452956,149.98,0.015544074778850843,0.16399999999999998,0.0835,True,True,True,False,486.0953360263774,0.0,82.25005908768611,71.05294256676909,15.343102497439531,-4.33605638934846,650.4053837889237
2025-09-27T15:00:00Z,2025-09-27T15:15:00Z,2025-09-27,2025-09-27_18,12.986858928213449,0,0,87,149.98,146.45096224776808,0.009802882645088653,0.0,0.0,True,False,True,False,361.0346782043339,957.442094067596,0.0,0.0,0.0,0.0,1318.4767722719298
2025-09-27T15:15:00Z,2025-09-27T15:30:00Z,2025-09-27,2025-09-27_18,12.986858928213449,0,0,87,146.45096224776808,142.92192449553616,0.009802882645088653,0.0,0.0,True,False,True,False,361.0346782043339,957.442094067596,0.0,0.0,0.0,0.0,1318.4767722719298
2025-09-27T15:30:00Z,2025-09-27T15:45:00Z,2025-09-27,2025-09-27_18,12.986858928213449,0,0,87,142.92192449553616,139.39288674330425,0.009802882645088653,0.0,0.0,True,False,True,False,361.0346782043339,957.442094067596,0.0,0.0,0.0,0.0,1318.4767722719298
2025-09-27T15:45:00Z,2025-09-27T16:00:00Z,2025-09-27,2025-09-27_18,12.986858928213449,0,0,87,139.39288674330425,135.86384899107233,0.009802882645088653,0.0,0.0,True,False,True,False,361.0346782043339,957.442094067596,0.0,0.0,0.0,0.0,1318.4767722719298
2025-09-27T16:00:00Z,2025-09-27T16:15:00Z,2025-09-27,2025-09-27_19,13.0,0,13,87,135.86384899107233,133.14819138237667,0.007543493357487922,0.0,0.751595,True,True,True,False,429.2925,957.442094067596,0.0,9.229201134483572,0.0,-38.150862721578825,1357.8129324805009
2025-09-27T16:15:00Z,2025-09-27T16:30:00Z,2025-09-27,2025-09-27_19,13.0,0,13,87,133.14819138237667,130.0576533388984,0.008584827898550725,0.0,0.406705,True,True,True,False,429.2925,957.442094067596,0.0,9.229201134483572,0.0,-23.459794085322617,1372.504001116757
2025-09-27T16:30:00Z,2025-09-27T16:45:00Z,2025-09-27,2025-09-27_19,13.0,0,13,87,130.0576533388984,126.5421424693332,0.009765307971014494,0.0,0.015729999999999997,True,True,True,False,429.2925,957.442094067596,0.0,9.229201134483572,0.0,-1.08806912077523,1394.8757260813045
2025-09-27T16:45:00Z,2025-09-27T17:00:00Z,2025-09-27,2025-09-27_19,13.0,0,13,87,126.5421424693332,123.00953377368103,0.00981280193236715,0.0,0.0,True,True,True,False,429.2925,957.442094067596,0.0,9.229201134483572,0.0,0.0,1395.9637952020796
2025-09-27T17:00:00Z,2025-09-27T17:15:00Z,2025-09-27,2025-09-27_20,35.0,0,35,65,123.00953377368103,113.49980551281146,0.026415911835748793,0.0,0.00105,True,True,True,False,1290.625,715.3303001654454,0.0,24.847849208225004,0.0,-0.08099943866698178,2030.7221499350035
2025-09-27T17:15:00Z,2025-09-27T17:30:00Z,2025-09-27,2025-09-27_20,35.0,0,35,65,113.49980551281146,103.98893594759409,0.026419082125603864,0.0,0.0,True,True,True,False,1290.625,715.3303001654454,0.0,24.847849208225004,0.0,0.0,2030.8031493736703
2025-09-27T17:30:00Z,2025-09-27T17:45:00Z,2025-09-27,2025-09-27_20,35.0,0,35,65,103.98893594759409,94.4780663823767,0.026419082125603864,0.0,0.0,True,True,True,False,1290.625,715.3303001654454,0.0,24.847849208225004,0.0,0.0,2030.8031493736703
2025-09-27T17:45:00Z,2025-09-27T18:00:00Z,2025-09-27,2025-09-27_20,35.0,0,35,65,94.4780663823767,84.97461529542018,0.026398475241545896,0.0,0.0068249999999999995,True,True,True,False,1290.625,715.3303001654454,0.0,24.847849208225004,0.0,-0.5283917365870952,2030.2747576370832
2025-09-27T18:00:00Z,2025-09-27T18:15:00Z,2025-09-27,2025-09-27_21,13.0,0,13,87,84.97461529542018,81.442006599768,0.009812801932367148,0.0,0.0,True,True,True,False,408.84999999999997,957.442094067596,0.0,9.229201134483572,0.0,0.0,1375.5212952020795
2025-09-27T18:15:00Z,2025-09-27T18:30:00Z,2025-09-27,2025-09-27_21,13.0,0,13,87,81.442006599768,77.91476746933323,0.009797886473429952,0.0,0.00494,True,True,True,False,408.84999999999997,957.442094067596,0.0,9.229201134483572,0.0,-0.3891908926179784,1375.1321043094615
2025-09-27T18:30:00Z,2025-09-27T18:45:00Z,2025-09-27,2025-09-27_21,13.0,0,13,87,77.91476746933323,74.39904464324627,0.009765896739130434,0.0,0.015534999999999998,True,True,True,False,408.84999999999997,957.442094067596,0.0,9.229201134483572,0.0,-0.9779688223824153,1374.5433263796972
2025-09-27T18:45:00Z,2025-09-27T19:00:00Z,2025-09-27,2025-09-27_21,13.0,0,13,87,74.39904464324627,70.96485442585497,0.009539417270531399,0.0,0.090545,True,True,True,False,408.84999999999997,957.442094067596,0.0,9.229201134483572,0.0,-5.580095104585204,1369.9412000974944
2025-09-27T19:00:00Z,2025-09-27T19:15:00Z,2025-09-27,2025-09-27_22,13.0,0,13,87,70.96485442585497,67.44157181715931,0.0097868961352657,0.0,0.00858,True,True,True,False,366.8275,957.442094067596,0.0,9.229201134483572,0.0,-0.6254585440794138,1332.8733366580002
2025-09-27T19:15:00Z,2025-09-27T19:30:00Z,2025-09-27,2025-09-27_22,13.0,0,13,87,67.44157181715931,63.99416964324627,0.009576117149758454,0.0,0.07839,True,True,True,False,366.8275,957.442094067596,0.0,9.229201134483572,0.0,-5.103394038052469,1328.3954011640271
2025-09-27T19:30:00Z,2025-09-27T19:45:00Z,2025-09-27,2025-09-27_22,13.0,0,13,87,63.99416964324627,60.7627511649854,0.008976162439613525,0.0,0.277095,True,True,True,False,366.8275,957.442094067596,0.0,9.229201134483572,0.0,-17.558464248995506,1315.9403309530842
2025-09-27T19:45:00Z,2025-09-27T20:00:00Z,2025-09-27,2025-09-27_22,13.0,0,13,87,60.7627511649854,57.65582181715932,0.008630359299516908,0.0,0.39162500000000006,True,True,True,False,366.8275,957.442094067596,0.0,9.229201134483572,0.0,-19.329098789687233,1314.1696964123923
2025-09-27T20:00:00Z,2025-09-27T20:15:00Z,2025-09-27,2025-09-27_23,0.9659391913667308,12,13,87,57.65582181715932,57.78224928430476,0.0016222782232704343,0.0,0.41710500000000006,True,True,True,False,25.698812186311873,957.442094067596,12.943748522807843,9.26760813046561,0.0,-21.79597901500827,983.556283892173
2025-09-27T20:15:00Z,2025-09-27T20:30:00Z,2025-09-27,2025-09-27_23,0.9659391913667308,12,13,87,57.78224928430476,57.570650126706916,0.0008651739105894486,0.00348,0.05863,True,True,True,False,25.698812186311873,957.442094067596,12.943748522807843,9.26760813046561,0.4809736705270622,-3.939337367052706,1001.8938992106557
2025-09-27T20:30:00Z,2025-09-27T20:45:00Z,2025-09-27,2025-09-27_23,0.9659391913667308,12,13,87,57.570650126706916,57.28260869565231,0.0008170296272882678,0.02658,0.003575,True,True,True,False,25.698812186311873,957.442094067596,12.943748522807843,9.26760813046561,4.06169015599149,-0.28165130386827386,1009.1323017593046
2025-09-27T20:45:00Z,2025-09-27T21:00:00Z,2025-09-27,2025-09-27_23,0.9659391913667308,12,13,87,57.28260869565231,57.28260869565233,0.001345167317188995,0.0024000000000000002,0.28430999999999995,True,True,True,False,25.698812186311873,957.442094067596,12.943748522807843,9.26760813046561,0.3497991018671709,-16.878848345544785,988.8232136635038
2025-09-27T21:00:00Z,2025-09-27T21:15:00Z,2025-09-28,2025-09-27_24,-1.0227504341944335e-14,13,13,87,57.28260869565233,57.76997869565233,0.0013538055555555623,0.0,0.52975,True,True,True,False,-2.570171841130611e-13,957.442094067596,14.022394233041831,9.236882533679982,0.0,-27.322212046009614,953.379158788308
2025-09-27T21:15:00Z,2025-09-27T21:30:00Z,2025-09-28,2025-09-27_24,-1.0227504341944335e-14,13,13,87,57.76997869565233,58.57733849565233,0.002242666111111118,0.0,0.8775649999999999,True,True,True,False,-2.570171841130611e-13,957.442094067596,14.022394233041831,9.236882533679982,0.0,-47.758085648585826,932.9432851857317
2025-09-27T21:30:00Z,2025-09-27T21:45:00Z,2025-09-28,2025-09-27_24,-1.0227504341944335e-14,13,13,87,58.57733849565233,58.72855189565232,0.0008533705555555618,0.07176,0.249145,True,True,True,False,-2.570171841130611e-13,957.442094067596,14.022394233041831,9.236882533679982,11.285281871897896,-15.374344790435671,976.6123079157799
2025-09-27T21:45:00Z,2025-09-27T22:00:00Z,2025-09-28,2025-09-27_24,-1.0227504341944335e-14,13,13,87,58.72855189565232,59.10583009565232,0.0010479950000000066,0.0,0.41008500000000003,True,True,True,False,-2.570171841130611e-13,957.442094067596,14.022394233041831,9.236882533679982,0.0,-24.18380413613803,956.5175666981795
2025-09-27T22:00:00Z,2025-09-27T22:15:00Z,2025-09-28,2025-09-28_1,0.0,17,17,83,59.10583009565232,59.54375009565232,0.0012164444444444445,0.0,0.476,True,True,True,False,0.0,913.4217679035687,17.72423776884897,12.079000236350744,0.0,-27.533504293705185,915.6915016150632
2025-09-27T22:15:00Z,2025-09-27T22:30:00Z,2025-09-28,2025-09-28_1,0.0,17,17,83,59.54375009565232,60.04688889565232,0.001397607777777778,0.0,0.5468900000000001,True,True,True,False,0.0,913.4217679035687,17.72423776884897,12.079000236350744,0.0,-34.195489653746165,909.0295162550223
2025-09-27T22:30:00Z,2025-09-27T22:45:00Z,2025-09-28,2025-09-28_1,0.0,17,17,83,60.04688889565232,60.50076169565232,0.0012607577777777779,0.0,0.49334,True,True,True,False,0.0,913.4217679035687,17.72423776884897,12.079000236350744,0.0,-29.319585259591904,913.9054206491766
2025-09-27T22:45:00Z,2025-09-27T23:00:00Z,2025-09-28,2025-09-28_1,0.0,17,17,83,60.50076169565232,60.89723569565232,0.0011013166666666667,0.0,0.43095,True,True,True,False,0.0,913.4217679035687,17.72423776884897,12.079000236350744,0.0,-24.742872193334907,918.4821337154335
2025-09-27T23:00:00Z,2025-09-27T23:15:00Z,2025-09-28,2025-09-28_2,0.0,17,17,83,60.89723569565232,60.6173026086958,0.000881858574879227,0.27480499999999997,0.020399999999999998,True,True,True,False,0.0,913.4217679035687,17.63885606239659,12.224651382651853,43.28276175549515,-1.3933973056015123,985.1746397985108
2025-09-27T23:15:00Z,2025-09-27T23:30:00Z,2025-09-28,2025-09-28_2,0.0,17,17,83,60.6173026086958,61.07365356521754,0.0013477140096618356,0.01326,0.5116999999999999,True,True,True,False,0.0,913.4217679035687,17.63885606239659,12.224651382651853,2.0867289056960527,-25.282749093988805,920.0892551603245
2025-09-27T23:30:00Z,2025-09-27T23:45:00Z,2025-09-28,2025-09-28_2,0.0,17,17,83,61.07365356521754,61.16967045217406,0.0002954575362318841,0.00476,0.10999,True,True,True,False,0.0,913.4217679035687,17.63885606239659,12.224651382651853,0.7490821712755062,-5.576600451036003,938.4577570688566
2025-09-27T23:45:00Z,2025-09-28T00:00:00Z,2025-09-28,2025-09-28_2,0.0,17,17,83,61.16967045217406,61.35453525217406,0.0005135133333333333,0.0,0.20093999999999998,True,True,True,False,0.0,913.4217679035687,17.63885606239659,12.224651382651853,0.0,-10.609111167572676,932.6761641810444
2025-09-28T00:00:00Z,2025-09-28T00:15:00Z,2025-09-28,2025-09-28_3,0.0,17,17,83,61.35453525217406,61.33880700000015,0.00030739736714975846,0.058140000000000004,0.051595,True,True,True,False,0.0,913.4217679035687,17.63885606239659,12.224651382651853,9.14950366343654,-3.126928124753801,949.3078508872999
2025-09-28T00:15:00Z,2025-09-28T00:30:00Z,2025-09-28,2025-09-28_3,0.0,17,17,83,61.33880700000015,61.038073304347975,0.000835371376811594,0.27667499999999995,0.0,True,True,True,False,0.0,913.4217679035687,17.63885606239659,12.224651382651853,43.55996441444102,0.0,986.8452397630582
2025-09-28T00:30:00Z,2025-09-28T00:45:00Z,2025-09-28,2025-09-28_3,0.0,17,17,83,61.038073304347975,60.99931833043493,0.00023624826086956523,0.05695,0.02516,True,True,True,False,0.0,913.4217679035687,17.63885606239659,12.224651382651853,8.967022699519418,-1.5903942645552664,950.6619037835814
2025-09-28T00:45:00Z,2025-09-28T01:00:00Z,2025-09-28,2025-09-28_3,0.0,17,17,83,60.99931833043493,61.245179130434934,0.0006829466666666668,0.0,0.26724000000000003,True,True,True,False,0.0,913.4217679035687,17.63885606239659,12.224651382651853,0.0,-12.037642944930278,931.2476324036869
2025-09-28T01:00:00Z,2025-09-28T01:15:00Z,2025-09-28,2025-09-28_4,0.0,17,17,83,61.245179130434934,61.603726130434936,0.0009959638888888888,0.0,0.389725,True,True,True,False,0.0,913.4217679035687,17.63885606239659,12.224651382651853,0.0,-16.656882730638934,926.6283926179782
2025-09-28T01:15:00Z,2025-09-28T01:30:00Z,2025-09-28,2025-09-28_4,0.0,17,17,83,61.603726130434936,62.255601330434935,0.0018107644444444447,0.0,0.7085600000000001,True,True,True,False,0.0,913.4217679035687,17.63885606239659,12.224651382651853,0.0,-28.32216420074057,914.9631111478766
2025-09-28T01:30:00Z,2025-09-28T01:45:00Z,2025-09-28,2025-09-28_4,0.0,17,17,83,62.255601330434935,63.18383533043494,0.0025784277777777774,0.0,1.0089499999999998,True,True,True,False,0.0,913.4217679035687,17.63885606239659,12.224651382651853,0.0,-38.94946033246671,904.3358150161505
2025-09-28T01:45:00Z,2025-09-28T02:00:00Z,2025-09-28,2025-09-28_4,0.0,17,17,83,63.18383533043494,64.14256733043494,0.0026631444444444445,0.0,1.0421,True,True,True,False,0.0,913.4217679035687,17.63885606239659,12.224651382651853,0.0,-40.2291814385882,903.056093910029
2025-09-28T02:00:00Z,2025-09-28T02:15:00Z,2025-09-28,2025-09-28_5,0.0,17,17,83,64.14256733043494,65.13961733043494,0.002769583333333333,0.0,1.08375,True,True,True,False,0.0,913.4217679035687,17.63885606239659,12.224651382651853,0.0,-42.03469481210115,901.250580536516
2025-09-28T02:15:00Z,2025-09-28T02:30:00Z,2025-09-28,2025-09-28_5,0.0,17,17,83,65.13961733043494,65.70547253043495,0.00157182,0.0,0.6150599999999999,True,True,True,False,0.0,913.4217679035687,17.63885606239659,12.224651382651853,0.0,-25.260683313637433,918.0245920349797
2025-09-28T02:30:00Z,2025-09-28T02:45:00Z,2025-09-28,2025-09-28_5,0.0,17,17,83,65.70547253043495,65.76407300869582,0.00016739867149758456,0.000765,0.0646,True,True,True,False,0.0,913.4217679035687,17.63885606239659,12.224651382651853,0.11436126211297563,-3.610879421728512,939.7887571890017
2025-09-28T02:45:00Z,2025-09-28T03:00:00Z,2025-09-28,2025-09-28_5,0.0,17,17,83,65.76407300869582,65.75465027826104,4.876536231884058e-05,0.01241,0.0044199999999999995,True,True,True,False,0.0,913.4217679035687,17.63885606239659,12.224651382651853,1.8551938076104937,-0.34822343023713853,944.7922457259905
2025-09-28T03:00:00Z,2025-09-28T03:15:00Z,2025-09-28,2025-09-28_6,0.0,29,29,71,65.75465027826104,65.60129701739147,0.00042598128019323664,0.141085,0.0,True,True,True,False,0.0,781.3607894114865,30.124084140865033,20.61392105885133,21.091057078704793,0.0,853.1898516899076
2025-09-28T03:15:00Z,2025-09-28T03:30:00Z,2025-09-28,2025-09-28_6,0.0,29,29,71,65.60129701739147,65.44463397391321,0.0004351751207729468,0.14412999999999998,0.0,True,True,True,False,0.0,781.3607894114865,30.124084140865033,20.61392105885133,21.546259749468206,0.0,853.6450543606711
2025-09-28T03:30:00Z,2025-09-28T03:45:00Z,2025-09-28,2025-09-28_6,0.0,29,29,71,65.44463397391321,65.10178664347843,0.0009538359178743962,0.31566500000000003,0.00029,True,True,True,False,0.0,781.3607894114865,30.124084140865033,20.61392105885133,47.60403776687939,-0.022276057669581656,879.6805563204126
2025-09-28T03:45:00Z,2025-09-28T04:00:00Z,2025-09-28,2025-09-28_6,0.0,29,29,71,65.10178664347843,65.05216461739148,0.00014673229468599035,0.04712500000000001,0.00174,True,True,True,False,0.0,781.3607894114865,30.124084140865033,20.61392105885133,6.692098991570158,-0.13365634601748994,838.6572372567556
2025-09-28T04:00:00Z,2025-09-28T04:15:00Z,2025-09-28,2025-09-28_7,0.0,29,29,71,65.05216461739148,64.00522351304365,0.0030030319565217387,0.978895,0.01856,True,True,True,False,0.0,781.3607894114865,34.61356653273457,20.47683762703852,153.69125793252184,-0.9933686914047113,989.1490828123767
2025-09-28T04:15:00Z,2025-09-28T04:30:00Z,2025-09-28,2025-09-28_7,0.0,29,29,71,64.00522351304365,62.68824525217408,0.0036582729468599027,1.21162,0.0,True,True,True,False,0.0,781.3607894114865,34.61356653273457,20.47683762703852,190.86236632001888,0.0,1027.3135598912784
2025-09-28T04:30:00Z,2025-09-28T04:45:00Z,2025-09-28,2025-09-28_7,0.0,29,29,71,62.68824525217408,62.57944784347843,0.0003229661352657005,0.10353,0.00406,True,True,True,False,0.0,781.3607894114865,34.61356653273457,20.47683762703852,16.252550159536753,-0.3138639407547467,852.3898797900416
2025-09-28T04:45:00Z,2025-09-28T05:00:00Z,2025-09-28,2025-09-28_7,0.0,29,29,71,62.57944784347843,62.586970191304516,8.656570048309179e-05,0.010875000000000001,0.021025,True,True,True,False,0.0,781.3607894114865,34.61356653273457,20.47683762703852,1.688553016426377,-1.5379034654927912,836.6018431221931
2025-09-28T05:00:00Z,2025-09-28T05:15:00Z,2025-09-28,2025-09-28_8,16.907850334555594,12,29,71,62.586970191304516,58.04759426656016,0.012729277950528124,0.0019200000000000003,0.056260000000000004,True,True,True,False,427.47272608340177,781.3607894114865,14.322855116993615,20.442566769085317,0.30215079177499415,-3.654440037816119,1240.246648134926
2025-09-28T05:15:00Z,2025-09-28T05:30:00Z,2025-09-28,2025-09-28_8,16.907850334555594,12,29,71,58.04759426656016,54.339188596240746,0.012157419628584463,0.0,0.871015,True,True,True,False,427.47272608340177,781.3607894114865,14.322855116993615,20.442566769085317,0.0,-37.6920024097928,1205.9069349711745
2025-09-28T05:30:00Z,2025-09-28T05:45:00Z,2025-09-28,2025-09-28_8,16.907850334555594,12,29,71,54.339188596240746,52.929647014642335,0.01058747870312006,0.0,3.1306950000000002,True,True,True,False,427.47272608340177,781.3607894114865,14.322855116993615,20.442566769085317,0.0,-121.73773978964783,1121.8611975913193
2025-09-28T05:45:00Z,2025-09-28T06:00:00Z,2025-09-28,2025-09-28_8,16.907850334555594,12,29,71,52.929647014642335,48.83755644347824,0.012419445831557572,0.0,0.49387,True,True,True,False,427.47272608340177,781.3607894114865,14.322855116993615,20.442566769085317,0.0,-25.327325124084137,1218.2716122568831
2025-09-28T06:00:00Z,2025-09-28T06:15:00Z,2025-09-28,2025-09-28_9,1.0,28,29,71,48.83755644347824,48.58695652173911,0.0009515642270531402,0.02464,0.051765,True,True,True,False,23.69,781.3607894114865,29.722287875206806,20.58821791538643,3.8776018277790905,-3.0106936717088155,856.22820335815
2025-09-28T06:15:00Z,2025-09-28T06:30:00Z,2025-09-28,2025-09-28_9,1.0,28,29,71,48.58695652173911,49.370034313043455,0.003447619468599034,0.0,1.13941,True,True,True,False,23.69,781.3607894114865,29.722287875206806,20.58821791538643,0.0,-53.989120135113836,801.372175066966
2025-09-28T06:30:00Z,2025-09-28T06:45:00Z,2025-09-28,2025-09-28_9,1.0,28,29,71,49.370034313043455,49.77967093913041,0.0024942804830917873,0.0,0.73602,True,True,True,False,23.69,781.3607894114865,29.722287875206806,20.58821791538643,0.0,-37.30736529189317,818.0539299101865
2025-09-28T06:45:00Z,2025-09-28T07:00:00Z,2025-09-28,2025-09-28_9,1.0,28,29,71,49.77967093913041,51.30936259130433,0.005353612077294685,0.0,1.9458999999999997,True,True,True,False,23.69,781.3607894114865,29.722287875206806,20.58821791538643,0.0,-82.7708870243441,772.5904081777356
2025-09-28T07:00:00Z,2025-09-28T07:15:00Z,2025-09-28,2025-09-28_10,4.0,25,29,71,51.30936259130433,50.41009954782607,0.003638369565217391,0.051875,0.25882499999999997,True,True,True,False,91.6,781.3607894114865,22.04709288584259,24.383715433703614,7.305330694083352,-11.822998759158589,914.8739296659575
2025-09-28T07:15:00Z,2025-09-28T07:30:00Z,2025-09-28,2025-09-28_10,4.0,25,29,71,50.41009954782607,49.28256498260868,0.0031665404589371984,0.044125,0.00783,True,True,True,False,91.6,781.3607894114865,22.04709288584259,24.383715433703614,6.213931891593791,-0.6077364334672655,924.9977931891592
2025-09-28T07:30:00Z,2025-09-28T07:45:00Z,2025-09-28,2025-09-28_10,4.0,25,29,71,49.28256498260868,48.84593976521738,0.004251403381642512,0.0,0.6896200000000001,True,True,True,False,91.6,781.3607894114865,22.04709288584259,24.383715433703614,0.0,-26.595980650752384,892.7956170802803
2025-09-28T07:45:00Z,2025-09-28T08:00:00Z,2025-09-28,2025-09-28_10,4.0,25,29,71,48.84593976521738,48.730514765217386,0.004859930555555556,0.0,1.030225,True,True,True,False,91.6,781.3607894114865,22.04709288584259,24.383715433703614,0.0,-35.656109164500116,883.7354885665326
2025-09-28T08:00:00Z,2025-09-28T08:15:00Z,2025-09-28,2025-09-28_11,50.30865908708968,49,100,0,48.730514765217386,35.000804090012565,0.0390892326865764,0.400085,0.3745,True,True,True,False,1074.9702730433887,0.0,34.16450011817537,79.50248168281729,53.89942094067596,-16.21830181990073,1226.3183739651565
2025-09-28T08:15:00Z,2025-09-28T08:30:00Z,2025-09-28,2025-09-28_11,50.30865908708968,49,100,0,35.000804090012565,25.747544600666664,0.03687852902681979,0.0,4.4,True,True,True,False,1074.9702730433887,0.0,34.16450011817537,79.50248168281729,0.0,-104.37997321358228,1084.257281630799
2025-09-28T08:30:00Z,2025-09-28T08:45:00Z,2025-09-28,2025-09-28_11,50.30865908708968,49,100,0,25.747544600666664,14.316623020368581,0.037418808336970595,0.0,2.231,True,True,True,False,1074.9702730433887,0.0,34.16450011817537,79.50248168281729,0.0,-13.243541518947449,1175.393713325434
2025-09-28T08:45:00Z,2025-09-28T09:00:00Z,2025-09-28,2025-09-28_11,50.30865908708968,49,100,0,14.316623020368581,10.000000000000018,0.035653746468953716,0.0,9.317,True,True,True,False,1074.9702730433887,0.0,34.16450011817537,79.50248168281729,0.0,809.2203167099976,1997.857571554379
2025-09-28T09:00:00Z,2025-09-28T09:15:00Z,2025-09-28,2025-09-28_12,0.691538358733636,99,100,0,10.000000000000018,24.188080739317623,0.03980360383945497,0.0,15.6065,True,True,True,False,6.581716329247381,0.0,68.67525407705034,204.0002363507445,0.0,2211.2405126841563,2490.4977194411986
2025-09-28T09:15:00Z,2025-09-28T09:30:00Z,2025-09-28,2025-09-28_12,0.691538358733636,99,100,0,24.188080739317623,36.00603077416716,0.03332735479304739,0.0,13.0335,True,True,True,False,6.581716329247381,0.0,68.67525407705034,204.0002363507445,0.0,2129.469869711652,2408.727076468694
2025-09-28T09:30:00Z,2025-09-28T09:45:00Z,2025-09-28,2025-09-28_12,0.691538358733636,99,100,0,36.00603077416716,54.82014975594051,0.05244399354449146,0.0,20.6285,True,True,True,False,6.581716329247381,0.0,68.67525407705034,204.0002363507445,0.0,16784.60744504845,17063.864651805492
2025-09-28T09:45:00Z,2025-09-28T10:00:00Z,2025-09-28,2025-09-28_12,0.691538358733636,99,100,0,54.82014975594051,64.45220000000002,0.02735450637208928,0.0,10.6605,True,True,True,False,6.581716329247381,0.0,68.67525407705034,204.0002363507445,0.0,727.552039116048,1006.8092458730903
2025-09-28T10:00:00Z,2025-09-28T10:15:00Z,2025-09-28,2025-09-28_13,0.0,100,100,0,64.45220000000002,81.39952000000002,0.04707588888888889,0.0,18.421,True,True,True,False,0.0,0.0,69.36894351217207,204.0002363507445,0.0,7159.489344520601,7432.858524383518
2025-09-28T10:15:00Z,2025-09-28T10:30:00Z,2025-09-28,2025-09-28_13,0.0,100,100,0,81.39952000000002,96.40058000000002,0.04166961111111111,0.0,16.3055,True,True,True,False,0.0,0.0,69.36894351217207,204.0002363507445,0.0,5098.298094028203,5371.66727389112
2025-09-28T10:30:00Z,2025-09-28T10:45:00Z,2025-09-28,2025-09-28_13,0.0,100,100,0,96.40058000000002,103.49700000000001,0.01971227777777778,0.0,7.7135,True,True,True,False,0.0,0.0,69.36894351217207,204.0002363507445,0.0,89.40136709209798,362.77054695501454
2025-09-28T10:45:00Z,2025-09-28T11:00:00Z,2025-09-28,2025-09-28_13,0.0,100,100,0,103.49700000000001,109.76174000000002,0.017402055555555556,0.0,6.8095,True,True,True,False,0.0,0.0,69.36894351217207,204.0002363507445,0.0,102.11433496809265,375.4835148310092
2025-09-28T11:00:00Z,2025-09-28T11:15:00Z,2025-09-28,2025-09-28_14,0.0,100,100,0,109.76174000000002,129.77266000000003,0.05558588888888889,0.0,21.751,True,True,True,False,0.0,0.0,69.36894351217207,204.0002363507445,0.0,23362.040003348306,23635.40918321122
2025-09-28T11:15:00Z,2025-09-28T11:30:00Z,2025-09-28,2025-09-28_14,0.0,100,100,0,129.77266000000003,145.66336000000004,0.04414083333333334,0.0,17.2725,True,True,True,False,0.0,0.0,69.36894351217207,204.0002363507445,0.0,9031.089851689907,9304.459031552824
2025-09-28T11:30:00Z,2025-09-28T11:45:00Z,2025-09-28,2025-09-28_14,0.0,100,100,0,145.66336000000004,158.02494000000004,0.03433772222222223,0.0,13.4365,True,True,True,False,0.0,0.0,69.36894351217207,204.0002363507445,0.0,7267.682489955093,7541.05166981801
2025-09-28T11:45:00Z,2025-09-28T12:00:00Z,2025-09-28,2025-09-28_14,0.0,100,100,0,158.02494000000004,167.25070000000005,0.025627111111111114,0.0,10.028,True,True,True,False,0.0,0.0,69.36894351217207,204.0002363507445,0.0,1032.0591964074686,1305.4283762703851
2025-09-28T12:00:00Z,2025-09-28T12:15:00Z,2025-09-28,2025-09-28_15,0.0,100,100,0,167.25070000000005,186.59692000000007,0.05373950000000001,0.0,21.0285,True,True,True,False,0.0,0.0,81.60009454029779,204.0002363507445,0.0,17264.314836622547,17549.91516751359
2025-09-28T12:15:00Z,2025-09-28T12:30:00Z,2025-09-28,2025-09-28_15,0.0,100,100,0,186.59692000000007,184.45054347826093,0.024868157004830915,5.1055,3.6989999999999994,True,True,True,False,0.0,0.0,81.60009454029779,204.0002363507445,887.0791166390924,173.59625856771444,1346.275706097849
2025-09-28T12:30:00Z,2025-09-28T12:45:00Z,2025-09-28,2025-09-28_15,0.0,100,100,0,184.45054347826093,168.93750000000006,0.04309178743961353,14.272000000000002,0.0,True,True,True,False,0.0,0.0,81.60009454029779,204.0002363507445,2808.187189789648,0.0,3093.7875206806902
2025-09-28T12:45:00Z,2025-09-28T13:00:00Z,2025-09-28,2025-09-28_15,0.0,100,100,0,168.93750000000006,155.041847826087,0.03859903381642512,12.784,0.0,True,True,True,False,0.0,0.0,81.60009454029779,204.0002363507445,2513.008278578744,0.0,2798.608609469786
2025-09-28T13:00:00Z,2025-09-28T13:15:00Z,2025-09-28,2025-09-28_16,-63.0,100,37,0,155.041847826087,171.8019037913044,0.04656129676328503,0.0025,2.47012,True,True,True,False,-1353.3975,0.0,99.65138265185533,66.10109903096195,0.23388875758291972,297.3436383991176,-890.0674911604823
2025-09-28T13:15:00Z,2025-09-28T13:30:00Z,2025-09-28,2025-09-28_16,-63.0,100,37,0,171.8019037913044,186.1784339304348,0.04024649072463768,0.1395,0.025530000000000004,True,True,True,False,-1353.3975,0.0,99.65138265185533,66.10109903096195,13.05099267312692,-1.8718982982746395,-1176.4659239423304
2025-09-28T13:30:00Z,2025-09-28T13:45:00Z,2025-09-28,2025-09-28_16,-63.0,100,37,0,186.1784339304348,189.4637886608696,0.03462604574879227,11.413,0.00037000000000000005,True,True,True,False,-1353.3975,0.0,99.65138265185533,66.10109903096195,12111.332544118806,-0.029149925155597577,10923.658375876468
2025-09-28T13:45:00Z,2025-09-28T14:00:00Z,2025-09-28,2025-09-28_16,-63.0,100,37,0,189.4637886608696,189.50158577391306,0.032994998019323665,14.7205,0.0,True,True,True,False,-1353.3975,0.0,99.65138265185533,66.10109903096195,7032.216420369494,0.0,5844.571402052311
2025-09-28T14:00:00Z,2025-09-28T14:15:00Z,2025-09-28,2025-09-28_17,-8.999999999999648,100,91,0,189.50158577391306,189.97350179130427,0.009559126618357292,1.501,0.011829999999999999,True,True,True,False,-283.6799999999889,0.0,106.15102812573859,65.16899078232096,345.31543862758997,-0.7536743598834001,232.2017831757772
2025-09-28T14:15:00Z,2025-09-28T14:30:00Z,2025-09-28,2025-09-28_17,-8.999999999999648,100,91,0,189.97350179130427,188.74019557391287,0.013540483937197905,3.0875,0.0068249999999999995,True,True,True,False,-283.6799999999889,0.0,106.15102812573859,65.16899078232096,459.70255258804053,-0.39789647837390685,346.94467501773727
2025-09-28T14:30:00Z,2025-09-28T14:45:00Z,2025-09-28,2025-09-28_17,-8.999999999999648,100,91,0,188.74019557391287,186.38044305217366,0.016153918115941884,4.1325,0.0,True,True,True,False,-283.6799999999889,0.0,106.15102812573859,65.16899078232096,816.5154854053416,0.0,704.1555043134122
2025-09-28T14:45:00Z,2025-09-28T15:00:00Z,2025-09-28,2025-09-28_17,-8.999999999999648,100,91,0,186.38044305217366,176.04388498260835,0.0349186490821256,11.5795,0.006370000000000001,True,True,True,False,-283.6799999999889,0.0,106.15102812573859,65.16899078232096,7155.288058378634,-0.2957335105963917,7042.6323437761075
2025-09-28T15:00:00Z,2025-09-28T15:15:00Z,2025-09-28,2025-09-28_18,40.00000000000146,37,77,23,176.04388498260835,172.8445505913036,0.027599584420290146,0.00018500000000000002,7.619149999999999,True,True,True,False,1620.2000000000592,253.1168754431576,38.43417631765539,54.665268258095004,0.01730776806113606,633.1959045832348,2599.629532370263
2025-09-28T15:15:00Z,2025-09-28T15:30:00Z,2025-09-28,2025-09-28_18,40.00000000000146,37,77,23,172.8445505913036,166.50437735652062,0.028661354541063423,0.0,4.49911,True,True,True,False,1620.2000000000592,253.1168754431576,38.43417631765539,54.665268258095004,0.0,-179.28207220121325,1787.134247817754
2025-09-28T15:30:00Z,2025-09-28T15:45:00Z,2025-09-28,2025-09-28_18,40.00000000000146,37,77,23,166.50437735652062,158.00240633043325,0.02939298507246462,0.00018500000000000002,2.351965,True,True,True,False,1620.2000000000592,253.1168754431576,38.43417631765539,54.665268258095004,0.025506184511147875,-104.66225720377372,1861.7795689997047
2025-09-28T15:45:00Z,2025-09-28T16:00:00Z,2025-09-28,2025-09-28_18,40.00000000000146,37,77,23,158.00240633043325,149.19831517391114,0.029494674323672383,0.0,2.051665,True,True,True,False,1620.2000000000592,253.1168754431576,38.43417631765539,54.665268258095004,0.0,-91.26741154671865,1875.1489084722484
2025-09-28T16:00:00Z,2025-09-28T16:15:00Z,2025-09-28,2025-09-28_19,0.0,13,13,87,149.19831517391114,149.38955647825895,0.0005484963768115942,0.0028599999999999997,0.21125,True,True,True,False,0.0,957.442094067596,14.022394233041831,9.229201134483572,0.41479576144331515,-12.360779563538957,968.7477056330258
2025-09-28T16:15:00Z,2025-09-28T16:30:00Z,2025-09-28,2025-09-28_19,0.0,13,13,87,149.38955647825895,149.3812642869546,4.7618309178743965e-05,0.0117,0.00481,True,True,True,False,0.0,957.442094067596,14.022394233041831,9.229201134483572,1.7475175490427792,-0.37459585007484436,982.0666111340894
2025-09-28T16:30:00Z,2025-09-28T16:45:00Z,2025-09-28,2025-09-28_19,0.0,13,13,87,149.3812642869546,149.15718973043286,0.0006516648792270532,0.21099,0.005719999999999999,True,True,True,False,0.0,957.442094067596,14.022394233041831,9.229201134483572,70.38531152800756,-0.44296089183014253,1050.6360400712988
2025-09-28T16:45:00Z,2025-09-28T17:00:00Z,2025-09-28,2025-09-28_19,0.0,13,13,87,149.15718973043286,147.41582559999807,0.004837122584541062,1.602055,0.0,True,True,True,False,0.0,957.442094067596,14.022394233041831,9.229201134483572,323.43386435436855,0.0,1304.12755378949
2025-09-28T17:00:00Z,2025-09-28T17:15:00Z,2025-09-28,2025-09-28_20,64.0,0,64,36,147.41582559999807,130.02660820869372,0.04830338164251208,0.0,0.00192,True,True,True,False,3107.52,396.18293547624666,0.0,45.190262349326396,0.0,-0.15000406523280546,3548.74319376034
2025-09-28T17:15:00Z,2025-09-28T17:30:00Z,2025-09-28,2025-09-28_20,64.0,0,64,36,130.02660820869372,112.79252125217198,0.04787246376811594,0.0,0.14464,True,True,True,False,3107.52,396.18293547624666,0.0,45.190262349326396,0.0,-10.206560970613722,3538.6866368549595
2025-09-28T17:30:00Z,2025-09-28T17:45:00Z,2025-09-28,2025-09-28_20,64.0,0,64,36,112.79252125217198,97.16469516521546,0.04341062801932367,0.0,1.6224,True,True,True,False,3107.52,396.18293547624666,0.0,45.190262349326396,0.0,-97.57822736941621,3451.314970456157
2025-09-28T17:45:00Z,2025-09-28T18:00:00Z,2025-09-28,2025-09-28_20,64.0,0,64,36,97.16469516521546,86.37199951304154,0.02997971014492754,0.0,6.07072,True,True,True,False,3107.52,396.18293547624666,0.0,45.190262349326396,0.0,-327.3468244859371,3221.546373339636
2025-09-28T18:00:00Z,2025-09-28T18:15:00Z,2025-09-28,2025-09-28_21,99.99999999999987,0,100,0,86.37199951304154,61.67091255651984,0.06861413043478254,0.0,2.275,True,True,True,False,4177.9999999999945,0.0,0.0,70.60978492082249,0.0,-138.66423422358778,4109.945550697229
2025-09-28T18:15:00Z,2025-09-28T18:30:00Z,2025-09-28,2025-09-28_21,99.99999999999987,0,100,0,61.67091255651984,37.636129947824216,0.06676328502415452,0.0,2.888,True,True,True,False,4177.9999999999945,0.0,0.0,70.60978492082249,0.0,-175.00749862128728,4073.6022862995296
2025-09-28T18:30:00Z,2025-09-28T18:45:00Z,2025-09-28,2025-09-28_21,99.99999999999987,0,100,0,37.636129947824216,18.02526038260686,0.054474637681159364,0.0,6.958,True,True,True,False,4177.9999999999945,0.0,0.0,70.60978492082249,0.0,-349.8049121563066,3898.8048727645105
2025-09-28T18:45:00Z,2025-09-28T19:00:00Z,2025-09-28,2025-09-28_21,99.99999999999987,0,100,0,18.02526038260686,10.17634733912863,0.021802536231884086,0.0,17.779,True,True,True,False,4177.9999999999945,0.0,0.0,70.60978492082249,0.0,-208.5457230363192,4040.0640618844977
2025-09-28T19:00:00Z,2025-09-28T19:15:00Z,2025-09-28,2025-09-28_22,5.52958437452393,94,100,0,10.17634733912863,11.456328118735183,0.010903404880162303,0.0,2.9945,True,True,True,False,203.40576121686274,0.0,101.39269676199478,70.99385488064287,0.0,-169.29199204285825,206.50032081664216
2025-09-28T19:15:00Z,2025-09-28T19:30:00Z,2025-09-28,2025-09-28_22,5.52958437452393,94,100,0,11.456328118735183,18.04222362826763,0.023735418817243194,0.0,8.7045,True,True,True,False,203.40576121686274,0.0,101.39269676199478,70.99385488064287,0.0,-389.00570284802643,-13.213389988526032
2025-09-28T19:30:00Z,2025-09-28T19:45:00Z,2025-09-28,2025-09-28_22,5.52958437452393,94,100,0,18.04222362826763,25.863068468110328,0.02672206444287901,0.0,10.0335,True,True,True,False,203.40576121686274,0.0,101.39269676199478,70.99385488064287,0.0,-467.48497725124076,-91.69266439174037
2025-09-28T19:45:00Z,2025-09-28T20:00:00Z,2025-09-28,2025-09-28_22,5.52958437452393,94,100,0,25.863068468110328,39.263951478391725,0.040217028311910666,0.0,16.0385,True,True,True,False,203.40576121686274,0.0,101.39269676199478,70.99385488064287,0.0,1195.9410213306546,1571.7333341901551
2025-09-28T20:00:00Z,2025-09-28T20:15:00Z,2025-09-28,2025-09-28_23,79.99999999999997,20,100,0,39.263951478391725,25.481872347956948,0.04600388647342994,0.0,7.552500000000001,True,True,True,False,2721.3999999999987,0.0,21.57291420467974,70.99385488064287,0.0,-160.974816828173,2652.991952257148
2025-09-28T20:15:00Z,2025-09-28T20:30:00Z,2025-09-28,2025-09-28_23,79.99999999999997,20,100,0,25.481872347956948,13.06679408708739,0.04353299516908212,0.0,8.85,True,True,True,False,2721.3999999999987,0.0,21.57291420467974,70.99385488064287,0.0,-417.1398310092177,2396.8269380761035
2025-09-28T20:30:00Z,2025-09-28T20:45:00Z,2025-09-28,2025-09-28_23,79.99999999999997,20,100,0,13.06679408708739,10.000000000130875,0.026635716908212564,0.0,17.723,True,True,True,False,2721.3999999999987,0.0,21.57291420467974,70.99385488064287,0.0,831.0213190341133,3644.9880881194345
2025-09-28T20:45:00Z,2025-09-28T21:00:00Z,2025-09-28,2025-09-28_23,79.99999999999997,20,100,0,10.000000000130875,10.02067878273958,0.02105502560386474,0.0,20.6535,True,True,True,False,2721.3999999999987,0.0,21.57291420467974,70.99385488064287,0.0,1599.454357716852,4413.421126802174
2025-09-28T21:00:00Z,2025-09-28T21:15:00Z,2025-09-29,2025-09-28_24,-99.58295218587538,100,0,0,10.02067878273958,32.92475778549092,0.06362244167430928,0.0,0.0,True,True,True,False,-2443.765646641382,0.0,132.47459229496573,0.0,0.0,0.0,-2311.2910543464163
2025-09-28T21:15:00Z,2025-09-28T21:30:00Z,2025-09-29,2025-09-28_24,-99.58295218587538,100,0,0,32.92475778549092,55.81962982535701,0.06359711861787329,0.01,0.0,True,True,True,False,-2443.765646641382,0.0,132.47459229496573,0.0,1.3787126762782635,0.0,-2309.9123416701377
2025-09-28T21:30:00Z,2025-09-28T21:45:00Z,2025-09-29,2025-09-28_24,-99.58295218587538,100,0,0,55.81962982535701,78.72370882810834,0.06362244167430926,0.0,0.0,True,True,True,False,-2443.765646641382,0.0,132.47459229496573,0.0,0.0,0.0,-2311.2910543464163
2025-09-28T21:45:00Z,2025-09-28T22:00:00Z,2025-09-29,2025-09-28_24,-99.58295218587538,100,0,0,78.72370882810834,101.62088260869575,0.06360344938198227,0.0075,0.0,True,True,True,False,-2443.765646641382,0.0,132.47459229496573,0.0,1.038367111793902,0.0,-2310.252687234622
2025-09-28T22:00:00Z,2025-09-28T22:15:00Z,2025-09-29,2025-09-29_1,0.0,0,0,100,101.62088260869575,101.62088260869575,0.0,0.0,0.0,True,True,True,False,0.0,1100.5081541006853,0.0,0.0,0.0,0.0,1100.5081541006853
2025-09-28T22:15:00Z,2025-09-28T22:30:00Z,2025-09-29,2025-09-29_1,0.0,0,0,100,101.62088260869575,101.62088260869575,0.0,0.0,0.0,True,True,True,False,0.0,1100.5081541006853,0.0,0.0,0.0,0.0,1100.5081541006853
2025-09-28T22:30:00Z,2025-09-28T22:45:00Z,2025-09-29,2025-09-29_1,0.0,0,0,100,101.62088260869575,101.62088260869575,0.0,0.0,0.0,True,True,True,False,0.0,1100.5081541006853,0.0,0.0,0.0,0.0,1100.5081541006853
2025-09-28T22:45:00Z,2025-09-28T23:00:00Z,2025-09-29,2025-09-29_1,0.0,0,0,100,101.62088260869575,101.62088260869575,0.0,0.0,0.0,True,True,True,False,0.0,1100.5081541006853,0.0,0.0,0.0,0.0,1100.5081541006853
2025-09-28T23:00:00Z,2025-09-28T23:15:00Z,2025-09-29,2025-09-29_2,0.0,0,0,100,101.62088260869575,101.62088260869575,0.0,0.0,0.0,True,True,True,False,0.0,1100.5081541006853,0.0,0.0,0.0,0.0,1100.5081541006853
2025-09-28T23:15:00Z,2025-09-28T23:30:00Z,2025-09-29,2025-09-29_2,0.0,0,0,100,101.62088260869575,101.62088260869575,0.0,0.0,0.0,True,True,True,False,0.0,1100.5081541006853,0.0,0.0,0.0,0.0,1100.5081541006853
2025-09-28T23:30:00Z,2025-09-28T23:45:00Z,2025-09-29,2025-09-29_2,0.0,0,0,100,101.62088260869575,101.62088260869575,0.0,0.0,0.0,True,True,True,False,0.0,1100.5081541006853,0.0,0.0,0.0,0.0,1100.5081541006853
2025-09-28T23:45:00Z,2025-09-29T00:00:00Z,2025-09-29,2025-09-29_2,0.0,0,0,100,101.62088260869575,101.62088260869575,0.0,0.0,0.0,True,True,True,False,0.0,1100.5081541006853,0.0,0.0,0.0,0.0,1100.5081541006853
2025-09-29T00:00:00Z,2025-09-29T00:15:00Z,2025-09-29,2025-09-29_3,-13.999999999999943,14,0,86,101.62088260869575,104.84088260869574,0.008944444444444408,0.0,0.0,True,True,True,False,-319.58499999999873,946.4370125265893,13.86433467265422,0.0,0.0,0.0,640.7163471992449
2025-09-29T00:15:00Z,2025-09-29T00:30:00Z,2025-09-29,2025-09-29_3,-13.999999999999943,14,0,86,104.84088260869574,108.06088260869572,0.008944444444444408,0.0,0.0,True,True,True,False,-319.58499999999873,946.4370125265893,13.86433467265422,0.0,0.0,0.0,640.7163471992449
2025-09-29T00:30:00Z,2025-09-29T00:45:00Z,2025-09-29,2025-09-29_3,-13.999999999999943,14,0,86,108.06088260869572,111.2808826086957,0.008944444444444408,0.0,0.0,True,True,True,False,-319.58499999999873,946.4370125265893,13.86433467265422,0.0,0.0,0.0,640.7163471992449
2025-09-29T00:45:00Z,2025-09-29T01:00:00Z,2025-09-29,2025-09-29_3,-13.999999999999943,14,0,86,111.2808826086957,114.50088260869569,0.008944444444444408,0.0,0.0,True,True,True,False,-319.58499999999873,946.4370125265893,13.86433467265422,0.0,0.0,0.0,640.7163471992449
2025-09-29T01:00:00Z,2025-09-29T01:15:00Z,2025-09-29,2025-09-29_4,0.0,0,0,100,114.50088260869569,114.50088260869569,0.0,0.0,0.0,True,True,True,False,0.0,1100.5081541006853,0.0,0.0,0.0,0.0,1100.5081541006853
2025-09-29T01:15:00Z,2025-09-29T01:30:00Z,2025-09-29,2025-09-29_4,0.0,0,0,100,114.50088260869569,114.50088260869569,0.0,0.0,0.0,True,True,True,False,0.0,1100.5081541006853,0.0,0.0,0.0,0.0,1100.5081541006853
2025-09-29T01:30:00Z,2025-09-29T01:45:00Z,2025-09-29,2025-09-29_4,0.0,0,0,100,114.50088260869569,114.50088260869569,0.0,0.0,0.0,True,True,True,False,0.0,1100.5081541006853,0.0,0.0,0.0,0.0,1100.5081541006853
2025-09-29T01:45:00Z,2025-09-29T02:00:00Z,2025-09-29,2025-09-29_4,0.0,0,0,100,114.50088260869569,114.50088260869569,0.0,0.0,0.0,True,True,True,False,0.0,1100.5081541006853,0.0,0.0,0.0,0.0,1100.5081541006853
2025-09-29T02:00:00Z,2025-09-29T02:15:00Z,2025-09-29,2025-09-29_5,0.0,100,100,0,114.50088260869569,125.8472426086957,0.031517666666666666,0.0,12.333,True,True,True,False,0.0,0.0,99.03096194753014,71.14157409595839,0.0,540.9448321909713,711.1173682344598
2025-09-29T02:15:00Z,2025-09-29T02:30:00Z,2025-09-29,2025-09-29_5,0.0,100,100,0,125.8472426086957,134.88624260869568,0.025108333333333333,0.0,9.825,True,True,True,False,0.0,0.0,99.03096194753014,71.14157409595839,0.0,177.33261935712594,347.50515540061446
2025-09-29T02:30:00Z,2025-09-29T02:45:00Z,2025-09-29,2025-09-29_5,0.0,100,100,0,134.88624260869568,134.8290634782609,0.0003786086956521739,0.089,0.043,True,True,True,False,0.0,0.0,99.03096194753014,71.14157409595839,10.272197274088079,-3.3197453320727957,177.12498798550382
2025-09-29T02:45:00Z,2025-09-29T03:00:00Z,2025-09-29,2025-09-29_5,0.0,100,100,0,134.8290634782609,144.00000000000003,0.025477842995169087,0.0005,9.969,True,True,True,False,0.0,0.0,99.03096194753014,71.14157409595839,0.057708973449933025,-141.51613212006615,28.714112896872322
2025-09-29T03:00:00Z,2025-09-29T03:15:00Z,2025-09-29,2025-09-29_6,0.0,0,0,100,144.00000000000003,144.00000000000003,0.0,0.0,0.0,True,True,True,False,0.0,1100.5081541006853,0.0,0.0,0.0,0.0,1100.5081541006853
2025-09-29T03:15:00Z,2025-09-29T03:30:00Z,2025-09-29,2025-09-29_6,0.0,0,0,100,144.00000000000003,144.00000000000003,0.0,0.0,0.0,True,True,True,False,0.0,1100.5081541006853,0.0,0.0,0.0,0.0,1100.5081541006853
2025-09-29T03:30:00Z,2025-09-29T03:45:00Z,2025-09-29,2025-09-29_6,0.0,0,0,100,144.00000000000003,144.00000000000003,0.0,0.0,0.0,True,True,True,False,0.0,1100.5081541006853,0.0,0.0,0.0,0.0,1100.5081541006853
2025-09-29T03:45:00Z,2025-09-29T04:00:00Z,2025-09-29,2025-09-29_6,0.0,0,0,100,144.00000000000003,144.00000000000003,0.0,0.0,0.0,True,True,True,False,0.0,1100.5081541006853,0.0,0.0,0.0,0.0,1100.5081541006853
2025-09-29T04:00:00Z,2025-09-29T04:15:00Z,2025-09-29,2025-09-29_7,0.0,0,0,100,144.00000000000003,144.00000000000003,0.0,0.0,0.0,True,True,True,False,0.0,1100.5081541006853,0.0,0.0,0.0,0.0,1100.5081541006853
2025-09-29T04:15:00Z,2025-09-29T04:30:00Z,2025-09-29,2025-09-29_7,0.0,0,0,100,144.00000000000003,144.00000000000003,0.0,0.0,0.0,True,True,True,False,0.0,1100.5081541006853,0.0,0.0,0.0,0.0,1100.5081541006853
2025-09-29T04:30:00Z,2025-09-29T04:45:00Z,2025-09-29,2025-09-29_7,0.0,0,0,100,144.00000000000003,144.00000000000003,0.0,0.0,0.0,True,True,True,False,0.0,1100.5081541006853,0.0,0.0,0.0,0.0,1100.5081541006853
2025-09-29T04:45:00Z,2025-09-29T05:00:00Z,2025-09-29,2025-09-29_7,0.0,0,0,100,144.00000000000003,144.00000000000003,0.0,0.0,0.0,True,True,True,False,0.0,1100.5081541006853,0.0,0.0,0.0,0.0,1100.5081541006853
2025-09-29T05:00:00Z,2025-09-29T05:15:00Z,2025-09-29,2025-09-29_8,100.00000000000001,0,0,0,144.00000000000003,116.82608695652176,0.07548309178743963,0.0,0.0,True,False,True,False,6891.25,0.0,0.0,0.0,0.0,0.0,6891.25
2025-09-29T05:15:00Z,2025-09-29T05:30:00Z,2025-09-29,2025-09-29_8,100.00000000000001,0,0,0,116.82608695652176,89.6521739130435,0.07548309178743963,0.0,0.0,True,False,True,False,6891.25,0.0,0.0,0.0,0.0,0.0,6891.25
2025-09-29T05:30:00Z,2025-09-29T05:45:00Z,2025-09-29,2025-09-29_8,100.00000000000001,0,0,0,89.6521739130435,62.47826086956523,0.07548309178743963,0.0,0.0,True,False,True,False,6891.25,0.0,0.0,0.0,0.0,0.0,6891.25
2025-09-29T05:45:00Z,2025-09-29T06:00:00Z,2025-09-29,2025-09-29_8,100.00000000000001,0,0,0,62.47826086956523,35.30434782608697,0.07548309178743963,0.0,0.0,True,False,True,False,6891.25,0.0,0.0,0.0,0.0,0.0,6891.25
2025-09-29T06:00:00Z,2025-09-29T06:15:00Z,2025-09-29,2025-09-29_9,-74.37278585373608,100,25,0,35.30434782608697,45.26573279354286,0.03915401274609436,7.4205,0.0,True,True,True,False,-3131.094284442289,0.0,102.66485464429212,17.57858662254786,2285.2938929922,0.0,-725.5569501832487
2025-09-29T06:15:00Z,2025-09-29T06:30:00Z,2025-09-29,2025-09-29_9,-74.37278585373608,100,25,0,45.26573279354286,49.37000727235798,0.032298703252212776,13.504,0.0,True,True,True,False,-3131.094284442289,0.0,102.66485464429212,17.57858662254786,13415.2845820531,0.0,10404.433738877651
2025-09-29T06:30:00Z,2025-09-29T06:45:00Z,2025-09-29,2025-09-29_9,-74.37278585373608,100,25,0,49.37000727235798,59.935110073814826,0.03986302228205787,6.795,0.001625,True,True,True,False,-3131.094284442289,0.0,102.66485464429212,17.57858662254786,3182.979446348381,-0.12802331994012447,172.00057985299185
2025-09-29T06:45:00Z,2025-09-29T07:00:00Z,2025-09-29,2025-09-29_9,-74.37278585373608,100,25,0,59.935110073814826,59.45652173912948,0.026934805300231787,18.264,0.0,True,True,True,False,-3131.094284442289,0.0,102.66485464429212,17.57858662254786,18331.067284329944,0.0,15320.216441154495
2025-09-29T07:00:00Z,2025-09-29T07:15:00Z,2025-09-29,2025-09-29_10,-0.22651112625621975,0,0,91,59.45652173912948,59.50861929816841,0.00014471544177480707,0.0,0.0,True,False,True,False,-6.6141248866816165,1001.4624202316236,0.0,0.0,0.0,0.0,994.848295344942
2025-09-29T07:15:00Z,2025-09-29T07:30:00Z,2025-09-29,2025-09-29_10,-0.22651112625621975,0,0,91,59.50861929816841,59.56071685720734,0.00014471544177480707,0.0,0.0,True,False,True,False,-6.6141248866816165,1001.4624202316236,0.0,0.0,0.0,0.0,994.848295344942
2025-09-29T07:30:00Z,2025-09-29T07:45:00Z,2025-09-29,2025-09-29_10,-0.22651112625621975,0,0,91,59.56071685720734,59.612814416246266,0.00014471544177480707,0.0,0.0,True,False,True,False,-6.6141248866816165,1001.4624202316236,0.0,0.0,0.0,0.0,994.848295344942
2025-09-29T07:45:00Z,2025-09-29T08:00:00Z,2025-09-29,2025-09-29_10,-0.22651112625621975,0,0,91,59.612814416246266,59.66491197528519,0.00014471544177480707,0.0,0.0,True,False,True,False,-6.6141248866816165,1001.4624202316236,0.0,0.0,0.0,0.0,994.848295344942
2025-09-29T08:00:00Z,2025-09-29T08:15:00Z,2025-09-29,2025-09-29_11,-9.0,9,0,91,59.66491197528519,61.70974077528519,0.0056800800000000005,0.02736,0.0,True,True,True,False,-207.135,1001.4624202316236,6.822855116993617,0.0,4.309151500827227,0.0,805.4594268494444
2025-09-29T08:15:00Z,2025-09-29T08:30:00Z,2025-09-29,2025-09-29_11,-9.0,9,0,91,61.70974077528519,63.77974077528519,0.00575,0.0,0.0,True,True,True,False,-207.135,1001.4624202316236,6.822855116993617,0.0,0.0,0.0,801.1502753486172
2025-09-29T08:30:00Z,2025-09-29T08:45:00Z,2025-09-29,2025-09-29_11,-9.0,9,0,91,63.77974077528519,65.8497407752852,0.005750000000000001,0.0,0.0,True,True,True,False,-207.135,1001.4624202316236,6.822855116993617,0.0,0.0,0.0,801.1502753486172
2025-09-29T08:45:00Z,2025-09-29T09:00:00Z,2025-09-29,2025-09-29_11,-9.0,9,0,91,65.8497407752852,67.9089767752852,0.0057201,0.011699999999999999,0.0,True,True,True,False,-207.135,1001.4624202316236,6.822855116993617,0.0,1.84123138737887,0.0,802.991506735996
2025-09-29T09:00:00Z,2025-09-29T09:15:00Z,2025-09-29,2025-09-29_12,-9.0,9,0,91,67.9089767752852,69.9789767752852,0.00575,0.0,0.0,True,True,True,False,-197.23499999999999,1001.4624202316236,6.822855116993617,0.0,0.0,0.0,811.0502753486172
2025-09-29T09:15:00Z,2025-09-29T09:30:00Z,2025-09-29,2025-09-29_12,-9.0,9,0,91,69.9789767752852,72.04616157528521,0.00574218,0.0030600000000000002,0.0,True,True,True,False,-197.23499999999999,1001.4624202316236,6.822855116993617,0.0,0.4538198416450012,0.0,811.5040951902622
2025-09-29T09:30:00Z,2025-09-29T09:45:00Z,2025-09-29,2025-09-29_12,-9.0,9,0,91,72.04616157528521,74.1116075752852,0.0057373500000000004,0.00495,0.0,True,True,True,False,-197.23499999999999,1001.4624202316236,6.822855116993617,0.0,0.76709693334909,0.0,811.8173722819663
2025-09-29T09:45:00Z,2025-09-29T10:00:00Z,2025-09-29,2025-09-29_12,-9.0,9,0,91,74.1116075752852,76.1806553752852,0.005747355,0.0010350000000000001,0.0,True,True,True,False,-197.23499999999999,1001.4624202316236,6.822855116993617,0.0,0.14438955329709288,0.0,811.1946649019143
2025-09-29T10:00:00Z,2025-09-29T10:15:00Z,2025-09-29,2025-09-29_13,-9.0,9,0,91,76.1806553752852,78.2346749752852,0.005705610000000002,0.01737,0.0,True,True,True,False,-183.1275,1001.4624202316236,6.822855116993617,0.0,2.711070680690144,0.0,827.8688460293073
2025-09-29T10:15:00Z,2025-09-29T10:30:00Z,2025-09-29,2025-09-29_13,-9.0,9,0,91,78.2346749752852,80.2728797752852,0.0056616800000000005,0.03456,0.0,True,True,True,False,-183.1275,1001.4624202316236,6.822855116993617,0.0,5.428149940912313,0.0,830.5859252895295
2025-09-29T10:30:00Z,2025-09-29T10:45:00Z,2025-09-29,2025-09-29_13,-9.0,9,0,91,80.2728797752852,82.34287977528521,0.005750000000000001,0.0,0.0,True,True,True,False,-183.1275,1001.4624202316236,6.822855116993617,0.0,0.0,0.0,825.1577753486172
2025-09-29T10:45:00Z,2025-09-29T11:00:00Z,2025-09-29,2025-09-29_13,-9.0,9,0,91,82.34287977528521,84.41230017528521,0.005748390000000001,0.00063,0.0,True,True,True,False,-183.1275,1001.4624202316236,6.822855116993617,0.0,0.09121958756795084,0.0,825.2489949361851
2025-09-29T11:00:00Z,2025-09-29T11:15:00Z,2025-09-29,2025-09-29_14,-34.999999999999915,35,0,65,84.41230017528521,92.46230017528518,0.022361111111111057,0.0,0.0,True,True,True,False,-700.2624999999983,715.3303001654454,26.53332545497518,0.0,0.0,0.0,41.601125620422195
2025-09-29T11:15:00Z,2025-09-29T11:30:00Z,2025-09-29,2025-09-29_14,-34.999999999999915,35,0,65,92.46230017528518,100.49748817528517,0.022319966666666614,0.0161,0.0,True,True,True,False,-700.2624999999983,715.3303001654454,26.53332545497518,0.0,2.466897226817931,0.0,44.06802284724012
2025-09-29T11:30:00Z,2025-09-29T11:45:00Z,2025-09-29,2025-09-29_14,-34.999999999999915,35,0,65,100.49748817528517,106.58216117528515,0.016901869444444422,2.136225,0.0,True,True,True,False,-700.2624999999983,715.3303001654454,26.53332545497518,0.0,353.2559307344599,0.0,394.8570563548821
2025-09-29T11:45:00Z,2025-09-29T12:00:00Z,2025-09-29,2025-09-29_14,-34.999999999999915,35,0,65,106.58216117528515,112.82976617528513,0.017354458333333305,1.9591250000000002,0.0,True,True,True,False,-700.2624999999983,715.3303001654454,26.53332545497518,0.0,310.1060422083038,0.0,351.70716782872597
2025-09-29T12:00:00Z,2025-09-29T12:15:00Z,2025-09-29,2025-09-29_15,-9.0,9,0,91,112.82976617528513,114.89976617528512,0.00575,0.0,0.0,True,True,True,False,-196.4475,1001.4624202316236,6.822855116993617,0.0,0.0,0.0,811.8377753486172
2025-09-29T12:15:00Z,2025-09-29T12:30:00Z,2025-09-29,2025-09-29_15,-9.0,9,0,91,114.89976617528512,116.96968337528511,0.0057497699999999995,9e-05,0.0,True,True,True,False,-196.4475,1001.4624202316236,6.822855116993617,0.0,0.011522098794611205,0.0,811.8492974474118
2025-09-29T12:30:00Z,2025-09-29T12:45:00Z,2025-09-29,2025-09-29_15,-9.0,9,0,91,116.96968337528511,119.03968337528512,0.00575,0.0,0.0,True,True,True,False,-196.4475,1001.4624202316236,6.822855116993617,0.0,0.0,0.0,811.8377753486172
2025-09-29T12:45:00Z,2025-09-29T13:00:00Z,2025-09-29,2025-09-29_15,-9.0,9,0,91,119.03968337528512,121.10968337528513,0.005750000000000001,0.0,0.0,True,True,True,False,-196.4475,1001.4624202316236,6.822855116993617,0.0,0.0,0.0,811.8377753486172
2025-09-29T13:00:00Z,2025-09-29T13:15:00Z,2025-09-29,2025-09-29_16,-9.0,9,0,91,121.10968337528513,123.17968337528512,0.00575,0.0,0.0,True,True,True,False,-204.795,1001.4624202316236,8.269321673363269,0.0,0.0,0.0,804.9367419049869
2025-09-29T13:15:00Z,2025-09-29T13:30:00Z,2025-09-29,2025-09-29_16,-9.0,9,0,91,123.17968337528512,125.15355257528513,0.005482969999999999,0.10449,0.0,True,True,True,False,-204.795,1001.4624202316236,8.269321673363269,0.0,15.609413129283856,0.0,820.5461550342707
2025-09-29T13:30:00Z,2025-09-29T13:45:00Z,2025-09-29,2025-09-29_16,-9.0,9,0,91,125.15355257528513,127.14439577528513,0.00553012,0.08603999999999999,0.0,True,True,True,False,-204.795,1001.4624202316236,8.269321673363269,0.0,12.188152682580949,0.0,817.1248945875678
2025-09-29T13:45:00Z,2025-09-29T14:00:00Z,2025-09-29,2025-09-29_16,-9.0,9,0,91,127.14439577528513,129.05728277528513,0.005313575000000001,0.17077499999999998,0.0,True,True,True,False,-204.795,1001.4624202316236,8.269321673363269,0.0,24.24758114216497,0.0,829.1843230471518
2025-09-29T14:00:00Z,2025-09-29T14:15:00Z,2025-09-29,2025-09-29_17,-55.0,55,0,45,129.05728277528513,141.70728277528514,0.035138888888888886,0.0,0.0,True,True,True,False,-1476.8875,495.22866934530833,59.244268494445755,0.0,0.0,0.0,-922.414562160246
2025-09-29T14:15:00Z,2025-09-29T14:30:00Z,2025-09-29,2025-09-29_17,-55.0,55,0,45,141.70728277528514,153.38601577528513,0.032440925,1.055725,0.0,True,True,True,False,-1476.8875,495.22866934530833,59.244268494445755,0.0,123.82394998719766,0.0,-798.5906121730483
2025-09-29T14:30:00Z,2025-09-29T14:45:00Z,2025-09-29,2025-09-29_17,-55.0,55,0,45,153.38601577528513,162.18839177528514,0.024451044444444445,4.1822,0.0,True,True,True,False,-1476.8875,495.22866934530833,59.244268494445755,0.0,802.6105720081933,0.0,-119.80399015205262
2025-09-29T14:45:00Z,2025-09-29T15:00:00Z,2025-09-29,2025-09-29_17,-55.0,55,0,45,162.18839177528514,169.16056577528514,0.019367150000000003,6.17155,0.0,True,True,True,False,-1476.8875,495.22866934530833,59.244268494445755,0.0,1207.5085137575827,0.0,285.09395159733674
2025-09-29T15:00:00Z,2025-09-29T15:15:00Z,2025-09-29,2025-09-29_18,-73.94022878954044,100,26,0,169.16056577528514,183.3371649311865,0.044045337126236365,2.965,0.029509999999999998,True,True,True,False,-3184.9753551094545,0.0,108.04183408177734,18.304774285038995,389.21961218782,-2.323677103521626,-2671.73281165834
2025-09-29T15:15:00Z,2025-09-29T15:30:00Z,2025-09-29,2025-09-29_18,-73.94022878954044,100,26,0,183.3371649311865,185.40710897822015,0.03014468595821817,15.502000000000002,0.0,True,True,True,False,-3184.9753551094545,0.0,108.04183408177734,18.304774285038995,5269.446483888759,0.0,2210.8177371461206
2025-09-29T15:30:00Z,2025-09-29T15:45:00Z,2025-09-29,2025-09-29_18,-73.94022878954044,100,26,0,185.40710897822015,189.99999999999818,0.03303224935940489,12.8835,0.0,True,True,True,False,-3184.9753551094545,0.0,108.04183408177734,18.304774285038995,9097.422718624437,0.0,6038.793971881799
2025-09-29T15:45:00Z,2025-09-29T16:00:00Z,2025-09-29,2025-09-29_18,-73.94022878954044,100,26,0,189.99999999999818,186.83375717124488,0.02415176508605884,20.9365,0.0,True,True,True,False,-3184.9753551094545,0.0,108.04183408177734,18.304774285038995,25914.72069900732,0.0,22856.091952264684
2025-09-29T16:00:00Z,2025-09-29T16:15:00Z,2025-09-29,2025-09-29_19,58.8992859363092,41,100,0,186.83375717124488,178.90455459108466,0.039615800660185635,0.41492,8.3735,True,True,True,False,5131.6002872009385,0.0,61.0493973056015,70.40297801938075,67.97506252265028,-362.5251179784133,4968.502607070158
2025-09-29T16:15:00Z,2025-09-29T16:30:00Z,2025-09-29,2025-09-29_19,58.8992859363092,41,100,0,178.90455459108466,161.323799129598,0.0493343488387361,1.6719800000000002,0.2375,True,True,True,False,5131.6002872009385,0.0,61.0493973056015,70.40297801938075,371.18568519262584,-17.019430000787835,5617.218917717759
2025-09-29T16:30:00Z,2025-09-29T16:45:00Z,2025-09-29,2025-09-29_19,58.8992859363092,41,100,0,161.323799129598,141.83756925560093,0.054128416316658504,3.2025099999999997,0.0,True,True,True,False,5131.6002872009385,0.0,61.0493973056015,70.40297801938075,1197.0021349464268,0.0,6460.054797472348
2025-09-29T16:45:00Z,2025-09-29T17:00:00Z,2025-09-29,2025-09-29_19,58.8992859363092,41,100,0,141.83756925560093,118.69186655551691,0.0642936186113445,6.569225,0.0,True,True,True,False,5131.6002872009385,0.0,61.0493973056015,70.40297801938075,2905.3630618401876,0.0,8168.415724366108
2025-09-29T17:00:00Z,2025-09-29T17:15:00Z,2025-09-29,2025-09-29_20,100.0,0,100,0,118.69186655551691,91.51795351203864,0.0754830917874396,0.0,0.0,True,True,True,False,10645.75,0.0,0.0,70.40297801938075,0.0,0.0,10716.152978019381
2025-09-29T17:15:00Z,2025-09-29T17:30:00Z,2025-09-29,2025-09-29_20,100.0,0,100,0,91.51795351203864,64.35164916421256,0.07546195652173913,0.0,0.007000000000000001,True,True,True,False,10645.75,0.0,0.0,70.40297801938075,0.0,-0.5514850705113055,10715.60149294887
2025-09-29T17:30:00Z,2025-09-29T17:45:00Z,2025-09-29,2025-09-29_20,100.0,0,100,0,64.35164916421256,37.1777361207343,0.0754830917874396,0.0,0.0,True,True,True,False,10645.75,0.0,0.0,70.40297801938075,0.0,0.0,10716.152978019381
2025-09-29T17:45:00Z,2025-09-29T18:00:00Z,2025-09-29,2025-09-29_20,100.0,0,100,0,37.1777361207343,10.003823077256044,0.0754830917874396,0.0,0.0,True,True,True,False,10645.75,0.0,0.0,70.40297801938075,0.0,0.0,10716.152978019381
2025-09-29T18:00:00Z,2025-09-29T18:15:00Z,2025-09-29,2025-09-29_21,-60.9022040573455,61,39,0,10.003823077256044,21.992386985778644,0.03332280573066405,2.1938649999999997,0.0,True,True,True,False,-2653.5090307785435,0.0,90.829591113212,27.45716142755849,415.79817095052385,0.0,-2119.424107287249
2025-09-29T18:15:00Z,2025-09-29T18:30:00Z,2025-09-29,2025-09-29_21,-60.9022040573455,61,39,0,21.992386985778644,35.52167686683913,0.03758722204117555,0.605425,0.0858,True,True,True,False,-2653.5090307785435,0.0,90.829591113212,27.45716142755849,95.11571126309777,-6.723754549751832,-2446.8303215244273
2025-09-29T18:30:00Z,2025-09-29T18:45:00Z,2025-09-29,2025-09-29_21,-60.9022040573455,61,39,0,35.52167686683913,48.083907256022236,0.034910483141479154,1.590575,0.020085,True,True,True,False,-2653.5090307785435,0.0,90.829591113212,27.45716142755849,290.7855681724178,-1.5823682344599383,-2246.019078299815
2025-09-29T18:45:00Z,2025-09-29T19:00:00Z,2025-09-29,2025-09-29_21,-60.9022040573455,61,39,0,48.083907256022236,64.34782608695431,0.04517766451363444,0.01159,2.4642150000000003,True,True,True,False,-2653.5090307785435,0.0,90.829591113212,27.45716142755849,1.6399786082880328,-139.21805223646894,-2672.800351865954
2025-09-29T19:00:00Z,2025-09-29T19:15:00Z,2025-09-29,2025-09-29_22,-3.382451420609035e-14,0,0,100,64.34782608695431,64.34782608695431,2.1610106298335502e-17,0.0,0.0,True,True,True,False,-1.1469892767285237e-12,1100.5081541006853,0.0,0.0,0.0,0.0,1100.5081541006841
2025-09-29T19:15:00Z,2025-09-29T19:30:00Z,2025-09-29,2025-09-29_22,-3.382451420609035e-14,0,0,100,64.34782608695431,64.34782608695431,2.1610106298335505e-17,0.0,0.0,True,True,True,False,-1.1469892767285237e-12,1100.5081541006853,0.0,0.0,0.0,0.0,1100.5081541006841
2025-09-29T19:30:00Z,2025-09-29T19:45:00Z,2025-09-29,2025-09-29_22,-3.382451420609035e-14,0,0,100,64.34782608695431,64.34782608695433,2.1610106298335505e-17,0.0,0.0,True,True,True,False,-1.1469892767285237e-12,1100.5081541006853,0.0,0.0,0.0,0.0,1100.5081541006841
2025-09-29T19:45:00Z,2025-09-29T20:00:00Z,2025-09-29,2025-09-29_22,-3.382451420609035e-14,0,0,100,64.34782608695433,64.34782608695433,2.1610106298335505e-17,0.0,0.0,True,True,True,False,-1.1469892767285237e-12,1100.5081541006853,0.0,0.0,0.0,0.0,1100.5081541006841
2025-09-29T20:00:00Z,2025-09-29T20:15:00Z,2025-09-29,2025-09-29_23,0.0,0,0,100,64.34782608695433,64.34782608695433,0.0,0.0,0.0,True,True,True,False,0.0,1100.5081541006853,0.0,0.0,0.0,0.0,1100.5081541006853
2025-09-29T20:15:00Z,2025-09-29T20:30:00Z,2025-09-29,2025-09-29_23,0.0,0,0,100,64.34782608695433,64.34782608695433,0.0,0.0,0.0,True,True,True,False,0.0,1100.5081541006853,0.0,0.0,0.0,0.0,1100.5081541006853
2025-09-29T20:30:00Z,2025-09-29T20:45:00Z,2025-09-29,2025-09-29_23,0.0,0,0,100,64.34782608695433,64.34782608695433,0.0,0.0,0.0,True,True,True,False,0.0,1100.5081541006853,0.0,0.0,0.0,0.0,1100.5081541006853
2025-09-29T20:45:00Z,2025-09-29T21:00:00Z,2025-09-29,2025-09-29_23,0.0,0,0,100,64.34782608695433,64.34782608695433,0.0,0.0,0.0,True,True,True,False,0.0,1100.5081541006853,0.0,0.0,0.0,0.0,1100.5081541006853
2025-09-29T21:00:00Z,2025-09-29T21:15:00Z,2025-09-30,2025-09-29_24,0.0,0,0,100,64.34782608695433,64.34782608695433,0.0,0.0,0.0,True,True,True,False,0.0,1100.2697753185123,0.0,0.0,0.0,0.0,1100.2697753185123
2025-09-29T21:15:00Z,2025-09-29T21:30:00Z,2025-09-30,2025-09-29_24,0.0,0,0,100,64.34782608695433,64.34782608695433,0.0,0.0,0.0,True,True,True,False,0.0,1100.2697753185123,0.0,0.0,0.0,0.0,1100.2697753185123
2025-09-29T21:30:00Z,2025-09-29T21:45:00Z,2025-09-30,2025-09-29_24,0.0,0,0,100,64.34782608695433,64.34782608695433,0.0,0.0,0.0,True,True,True,False,0.0,1100.2697753185123,0.0,0.0,0.0,0.0,1100.2697753185123
2025-09-29T21:45:00Z,2025-09-29T22:00:00Z,2025-09-30,2025-09-29_24,0.0,0,0,100,64.34782608695433,64.34782608695433,0.0,0.0,0.0,True,True,True,False,0.0,1100.2697753185123,0.0,0.0,0.0,0.0,1100.2697753185123
2025-09-29T22:00:00Z,2025-09-29T22:15:00Z,2025-09-30,2025-09-30_1,0.0,100,100,0,64.34782608695433,74.17434608695433,0.02729588888888889,0.0,10.681,True,True,True,False,0.0,0.0,139.53488372093025,75.82261780517103,0.0,-106.4566518323061,108.9008496937952
2025-09-29T22:15:00Z,2025-09-29T22:30:00Z,2025-09-30,2025-09-30_1,0.0,100,100,0,74.17434608695433,82.45894608695433,0.02301277777777778,0.0,9.005,True,True,True,False,0.0,0.0,139.53488372093025,75.82261780517103,0.0,-393.40020774668693,-178.04270622058564
2025-09-29T22:30:00Z,2025-09-29T22:45:00Z,2025-09-30,2025-09-30_1,0.0,100,100,0,82.45894608695433,94.81960608695432,0.03433516666666667,0.0,13.435500000000001,True,True,True,False,0.0,0.0,139.53488372093025,75.82261780517103,0.0,-472.26775948644234,-256.910257960341
2025-09-29T22:45:00Z,2025-09-29T23:00:00Z,2025-09-30,2025-09-30_1,0.0,100,100,0,94.81960608695432,114.82776608695433,0.05557822222222222,0.0,21.748,True,True,True,False,0.0,0.0,139.53488372093025,75.82261780517103,0.0,1165.7489868656835,1381.1064883917848
2025-09-29T23:00:00Z,2025-09-29T23:15:00Z,2025-09-30,2025-09-30_2,-31.809378354424183,32,0,68,114.82776608695433,122.1439231084719,0.02032265839310434,0.0,0.0,True,True,True,False,-760.1646192248519,748.1834472165883,31.41838804324282,0.0,0.0,0.0,19.43721603497925
2025-09-29T23:15:00Z,2025-09-29T23:30:00Z,2025-09-30,2025-09-30_2,-31.809378354424183,32,0,68,122.1439231084719,129.45742766569202,0.02031539403544303,0.0028799999999999997,0.0,True,True,True,False,-760.1646192248519,748.1834472165883,31.41838804324282,0.0,0.3961008053876297,0.0,19.83331684036688
2025-09-29T23:30:00Z,2025-09-29T23:45:00Z,2025-09-30,2025-09-30_2,-31.809378354424183,32,0,68,129.45742766569202,136.68384297848013,0.020076880958896797,0.09744,0.0,True,True,True,False,-760.1646192248519,748.1834472165883,31.41838804324282,0.0,14.549591981568637,0.0,33.98680801654789
2025-09-29T23:45:00Z,2025-09-30T00:00:00Z,2025-09-30,2025-09-30_2,-31.809378354424183,32,0,68,136.68384297848013,143.99999999999767,0.02032265839310434,0.0,0.0,True,True,True,False,-760.1646192248519,748.1834472165883,31.41838804324282,0.0,0.0,0.0,19.43721603497925
2025-09-30T00:00:00Z,2025-09-30T00:15:00Z,2025-09-30,2025-09-30_3,0.0,0,0,100,143.99999999999767,143.99999999999767,0.0,0.0,0.0,True,True,True,False,0.0,1100.2697753185123,0.0,0.0,0.0,0.0,1100.2697753185123
2025-09-30T00:15:00Z,2025-09-30T00:30:00Z,2025-09-30,2025-09-30_3,0.0,0,0,100,143.99999999999767,143.99999999999767,0.0,0.0,0.0,True,True,True,False,0.0,1100.2697753185123,0.0,0.0,0.0,0.0,1100.2697753185123
2025-09-30T00:30:00Z,2025-09-30T00:45:00Z,2025-09-30,2025-09-30_3,0.0,0,0,100,143.99999999999767,143.99999999999767,0.0,0.0,0.0,True,True,True,False,0.0,1100.2697753185123,0.0,0.0,0.0,0.0,1100.2697753185123
2025-09-30T00:45:00Z,2025-09-30T01:00:00Z,2025-09-30,2025-09-30_3,0.0,0,0,100,143.99999999999767,143.99999999999767,0.0,0.0,0.0,True,True,True,False,0.0,1100.2697753185123,0.0,0.0,0.0,0.0,1100.2697753185123
2025-09-30T01:00:00Z,2025-09-30T01:15:00Z,2025-09-30,2025-09-30_4,0.0,0,0,100,143.99999999999767,143.99999999999767,0.0,0.0,0.0,True,True,True,False,0.0,1100.2697753185123,0.0,0.0,0.0,0.0,1100.2697753185123
2025-09-30T01:15:00Z,2025-09-30T01:30:00Z,2025-09-30,2025-09-30_4,0.0,0,0,100,143.99999999999767,143.99999999999767,0.0,0.0,0.0,True,True,True,False,0.0,1100.2697753185123,0.0,0.0,0.0,0.0,1100.2697753185123
2025-09-30T01:30:00Z,2025-09-30T01:45:00Z,2025-09-30,2025-09-30_4,0.0,0,0,100,143.99999999999767,143.99999999999767,0.0,0.0,0.0,True,True,True,False,0.0,1100.2697753185123,0.0,0.0,0.0,0.0,1100.2697753185123
2025-09-30T01:45:00Z,2025-09-30T02:00:00Z,2025-09-30,2025-09-30_4,0.0,0,0,100,143.99999999999767,143.99999999999767,0.0,0.0,0.0,True,True,True,False,0.0,1100.2697753185123,0.0,0.0,0.0,0.0,1100.2697753185123
2025-09-30T02:00:00Z,2025-09-30T02:15:00Z,2025-09-30,2025-09-30_5,0.0,0,0,100,143.99999999999767,143.99999999999767,0.0,0.0,0.0,True,True,True,False,0.0,1100.2697753185123,0.0,0.0,0.0,0.0,1100.2697753185123
2025-09-30T02:15:00Z,2025-09-30T02:30:00Z,2025-09-30,2025-09-30_5,0.0,0,0,100,143.99999999999767,143.99999999999767,0.0,0.0,0.0,True,True,True,False,0.0,1100.2697753185123,0.0,0.0,0.0,0.0,1100.2697753185123
2025-09-30T02:30:00Z,2025-09-30T02:45:00Z,2025-09-30,2025-09-30_5,0.0,0,0,100,143.99999999999767,143.99999999999767,0.0,0.0,0.0,True,True,True,False,0.0,1100.2697753185123,0.0,0.0,0.0,0.0,1100.2697753185123
2025-09-30T02:45:00Z,2025-09-30T03:00:00Z,2025-09-30,2025-09-30_5,0.0,0,0,100,143.99999999999767,143.99999999999767,0.0,0.0,0.0,True,True,True,False,0.0,1100.2697753185123,0.0,0.0,0.0,0.0,1100.2697753185123
2025-09-30T03:00:00Z,2025-09-30T03:15:00Z,2025-09-30,2025-09-30_6,0.0,0,0,100,143.99999999999767,143.99999999999767,0.0,0.0,0.0,True,True,True,False,0.0,1100.2697753185123,0.0,0.0,0.0,0.0,1100.2697753185123
2025-09-30T03:15:00Z,2025-09-30T03:30:00Z,2025-09-30,2025-09-30_6,0.0,0,0,100,143.99999999999767,143.99999999999767,0.0,0.0,0.0,True,True,True,False,0.0,1100.2697753185123,0.0,0.0,0.0,0.0,1100.2697753185123
2025-09-30T03:30:00Z,2025-09-30T03:45:00Z,2025-09-30,2025-09-30_6,0.0,0,0,100,143.99999999999767,143.99999999999767,0.0,0.0,0.0,True,True,True,False,0.0,1100.2697753185123,0.0,0.0,0.0,0.0,1100.2697753185123
2025-09-30T03:45:00Z,2025-09-30T04:00:00Z,2025-09-30,2025-09-30_6,0.0,0,0,100,143.99999999999767,143.99999999999767,0.0,0.0,0.0,True,True,True,False,0.0,1100.2697753185123,0.0,0.0,0.0,0.0,1100.2697753185123
2025-09-30T04:00:00Z,2025-09-30T04:15:00Z,2025-09-30,2025-09-30_7,0.0,0,0,100,143.99999999999767,143.99999999999767,0.0,0.0,0.0,True,True,True,False,0.0,1100.2697753185123,0.0,0.0,0.0,0.0,1100.2697753185123
2025-09-30T04:15:00Z,2025-09-30T04:30:00Z,2025-09-30,2025-09-30_7,0.0,0,0,100,143.99999999999767,143.99999999999767,0.0,0.0,0.0,True,True,True,False,0.0,1100.2697753185123,0.0,0.0,0.0,0.0,1100.2697753185123
2025-09-30T04:30:00Z,2025-09-30T04:45:00Z,2025-09-30,2025-09-30_7,0.0,0,0,100,143.99999999999767,143.99999999999767,0.0,0.0,0.0,True,True,True,False,0.0,1100.2697753185123,0.0,0.0,0.0,0.0,1100.2697753185123
2025-09-30T04:45:00Z,2025-09-30T05:00:00Z,2025-09-30,2025-09-30_7,0.0,0,0,100,143.99999999999767,143.99999999999767,0.0,0.0,0.0,True,True,True,False,0.0,1100.2697753185123,0.0,0.0,0.0,0.0,1100.2697753185123
2025-09-30T05:00:00Z,2025-09-30T05:15:00Z,2025-09-30,2025-09-30_8,88.0,0,88,12,143.99999999999767,120.0869565217368,0.06642512077294686,0.0,0.0,True,True,True,False,5851.12,132.03237303822146,0.0,60.77151802768643,0.0,0.0,6043.923891065908
2025-09-30T05:15:00Z,2025-09-30T05:30:00Z,2025-09-30,2025-09-30_8,88.0,0,88,12,120.0869565217368,96.17391304347593,0.06642512077294685,0.0,0.0,True,True,True,False,5851.12,132.03237303822146,0.0,60.77151802768643,0.0,0.0,6043.923891065908
2025-09-30T05:30:00Z,2025-09-30T05:45:00Z,2025-09-30,2025-09-30_8,88.0,0,88,12,96.17391304347593,72.26086956521507,0.06642512077294685,0.0,0.0,True,True,True,False,5851.12,132.03237303822146,0.0,60.77151802768643,0.0,0.0,6043.923891065908
2025-09-30T05:45:00Z,2025-09-30T06:00:00Z,2025-09-30,2025-09-30_8,88.0,0,88,12,72.26086956521507,48.48460869564986,0.0660451690821256,0.0,0.12583999999999998,True,True,True,False,5851.12,132.03237303822146,0.0,60.77151802768643,0.0,-8.442155918319123,6035.481735147589
2025-09-30T06:00:00Z,2025-09-30T06:15:00Z,2025-09-30,2025-09-30_9,-0.7519551209427049,100,99,0,48.48460869564986,34.97609616817677,0.038000160705294564,12.601499999999998,0.0,True,True,True,False,-39.332892488710534,0.0,106.06896008506783,68.36795778114724,8425.86568950239,0.0,8560.969714879895
2025-09-30T06:15:00Z,2025-09-30T06:30:00Z,2025-09-30,2025-09-30_9,-0.7519551209427049,100,99,0,34.97609616817677,23.89141130989462,0.031353108325481056,10.369,0.0,True,True,True,False,-39.332892488710534,0.0,106.06896008506783,68.36795778114724,6820.301989445287,0.0,6955.406014822792
2025-09-30T06:30:00Z,2025-09-30T06:45:00Z,2025-09-30,2025-09-30_9,-0.7519551209427049,100,99,0,23.89141130989462,18.972459200095987,0.014474503240122998,4.695,0.00594,True,True,True,False,-39.332892488710534,0.0,106.06896008506783,68.36795778114724,996.4479471476676,-0.46787310714215397,1131.08409941803
2025-09-30T06:45:00Z,2025-09-30T07:00:00Z,2025-09-30,2025-09-30_9,-0.7519551209427049,100,99,0,18.972459200095987,16.556117391301925,0.0075938019276439,2.387,0.002475,True,True,True,False,-39.332892488710534,0.0,106.06896008506783,68.36795778114724,377.4983413740819,-0.1949471279758975,512.4074196236105
2025-09-30T07:00:00Z,2025-09-30T07:15:00Z,2025-09-30,2025-09-30_10,0.0,100,100,0,16.556117391301925,10.86155217391062,0.015818236714975845,5.239,0.0,True,True,True,False,0.0,0.0,98.06431286060298,79.60341059015813,1289.5638130870568,0.0,1467.2315365378179
2025-09-30T07:15:00Z,2025-09-30T07:30:00Z,2025-09-30,2025-09-30_10,0.0,100,100,0,10.86155217391062,9.999999999997577,0.009318756038647343,1.9395,1.355,True,True,True,False,0.0,0.0,98.06431286060298,79.60341059015813,305.3210602957683,-83.7643640588386,399.2244196876908
2025-09-30T07:30:00Z,2025-09-30T07:45:00Z,2025-09-30,2025-09-30_10,0.0,100,100,0,9.999999999997577,13.264163478258448,0.009133545893719808,0.011,3.5610000000000004,True,True,True,False,0.0,0.0,98.06431286060298,79.60341059015813,1.4719482897820135,-215.74542504381392,-36.605753303270795
2025-09-30T07:45:00Z,2025-09-30T08:00:00Z,2025-09-30,2025-09-30_10,0.0,100,100,0,13.264163478258448,25.33686347825845,0.03353527777777778,0.0,13.1225,True,True,True,False,0.0,0.0,98.06431286060298,79.60341059015813,0.0,-351.5423251875629,-173.87460173680176
2025-09-30T08:00:00Z,2025-09-30T08:15:00Z,2025-09-30,2025-09-30_11,1.0000000000000038,99,100,0,25.33686347825845,28.87097539130193,0.011295872463768121,0.03663,4.1725,True,True,True,False,29.650000000000112,0.0,88.69119587263455,79.33757359746372,5.705128090108896,-199.22387265423473,4.160024905972551
2025-09-30T08:15:00Z,2025-09-30T08:30:00Z,2025-09-30,2025-09-30_11,1.0000000000000038,99,100,0,28.87097539130193,32.98177504347584,0.01264141207729469,0.0,4.755,True,True,True,False,29.650000000000112,0.0,88.69119587263455,79.33757359746372,0.0,-159.1285942145994,38.55017525549899
2025-09-30T08:30:00Z,2025-09-30T08:45:00Z,2025-09-30,2025-09-30_11,1.0000000000000038,99,100,0,32.98177504347584,42.00184763478019,0.025956632801932368,0.0,10.0815,True,True,True,False,29.650000000000112,0.0,88.69119587263455,79.33757359746372,0.0,-266.4967885906701,-68.81801912057173
2025-09-30T08:45:00Z,2025-09-30T09:00:00Z,2025-09-30,2025-09-30_11,1.0000000000000038,99,100,0,42.00184763478019,59.53215615651933,0.04903859855072465,0.0,19.315,True,True,True,False,29.650000000000112,0.0,88.69119587263455,79.33757359746372,0.0,2738.20923340488,2935.888002874978
2025-09-30T09:00:00Z,2025-09-30T09:15:00Z,2025-09-30,2025-09-30_12,-0.37569345935279125,0,0,91,59.53215615651933,59.61856565217047,0.00024002637680872776,0.0,0.0,True,False,True,False,-9.462779007448429,1001.2454955398462,0.0,0.0,0.0,0.0,991.7827165323978
2025-09-30T09:15:00Z,2025-09-30T09:30:00Z,2025-09-30,2025-09-30_12,-0.37569345935279125,0,0,91,59.61856565217047,59.70497514782161,0.00024002637680872776,0.0,0.0,True,False,True,False,-9.462779007448429,1001.2454955398462,0.0,0.0,0.0,0.0,991.7827165323978
2025-09-30T09:30:00Z,2025-09-30T09:45:00Z,2025-09-30,2025-09-30_12,-0.37569345935279125,0,0,91,59.70497514782161,59.791384643472746,0.00024002637680872776,0.0,0.0,True,False,True,False,-9.462779007448429,1001.2454955398462,0.0,0.0,0.0,0.0,991.7827165323978
2025-09-30T09:45:00Z,2025-09-30T10:00:00Z,2025-09-30,2025-09-30_12,-0.37569345935279125,0,0,91,59.791384643472746,59.877794139123885,0.00024002637680872776,0.0,0.0,True,False,True,False,-9.462779007448429,1001.2454955398462,0.0,0.0,0.0,0.0,991.7827165323978
2025-09-30T10:00:00Z,2025-09-30T10:15:00Z,2025-09-30,2025-09-30_13,-100.00000000000053,100,0,0,59.877794139123885,76.45941413912401,0.046060055555555895,6.9765,0.0,True,True,True,False,-2313.5000000000123,0.0,89.5870665380147,0.0,1167.4630035641849,0.0,-1056.4499298978128
2025-09-30T10:15:00Z,2025-09-30T10:30:00Z,2025-09-30,2025-09-30_13,-100.00000000000053,100,0,0,76.45941413912401,92.79079413912412,0.04536494444444478,7.248499999999999,0.0,True,True,True,False,-2313.5000000000123,0.0,89.5870665380147,0.0,1215.486510249493,0.0,-1008.4264232125046
2025-09-30T10:30:00Z,2025-09-30T10:45:00Z,2025-09-30,2025-09-30_13,-100.00000000000053,100,0,0,92.79079413912412,99.13925413912423,0.01763461111111145,18.0995,0.0,True,True,True,False,-2313.5000000000123,0.0,89.5870665380147,0.0,22491.09242472875,0.0,20267.179491266754
2025-09-30T10:45:00Z,2025-09-30T11:00:00Z,2025-09-30,2025-09-30_13,-100.00000000000053,100,0,0,99.13925413912423,115.46833413912435,0.045358555555555895,7.251,0.0,True,True,True,False,-2313.5000000000123,0.0,89.5870665380147,0.0,5240.184315223599,0.0,3016.2713817616013
2025-09-30T11:00:00Z,2025-09-30T11:15:00Z,2025-09-30,2025-09-30_14,-61.99999999999991,100,38,0,115.46833413912435,129.95449805216782,0.040692544685990276,0.1975,0.45694999999999997,True,True,True,False,-1422.434999999998,0.0,89.5870665380147,62.96792233621488,30.96152698737767,-24.384013833369433,-1263.30249797176
2025-09-30T11:15:00Z,2025-09-30T11:30:00Z,2025-09-30,2025-09-30_14,-61.99999999999991,100,38,0,129.95449805216782,139.45771266086345,0.03750180386473427,4.839,0.00228,True,True,True,False,-1422.434999999998,0.0,89.5870665380147,62.96792233621488,793.6072439595928,-0.17958765728688736,-476.45235482346243
2025-09-30T11:30:00Z,2025-09-30T11:45:00Z,2025-09-30,2025-09-30_14,-61.99999999999991,100,38,0,139.45771266086345,141.7875598260808,0.03430863342995169,12.131,0.0,True,True,True,False,-1422.434999999998,0.0,89.5870665380147,62.96792233621488,6411.862827127188,0.0,5141.982816001419
2025-09-30T11:45:00Z,2025-09-30T12:00:00Z,2025-09-30,2025-09-30_14,-61.99999999999991,100,38,0,141.7875598260808,148.0086070434721,0.03605810217391303,8.183,0.009309999999999999,True,True,True,False,-1422.434999999998,0.0,89.5870665380147,62.96792233621488,5877.194862650887,-0.73331626725479,4606.581535257865
2025-09-30T12:00:00Z,2025-09-30T12:15:00Z,2025-09-30,2025-09-30_15,-1.1027623258996755e-11,9,9,91,148.0086070434721,147.8400994956486,0.0004995865217450812,0.16024500000000003,0.006165,True,True,True,False,-2.6044489231935586e-10,1001.2454955398462,8.062835988421321,14.913455290156154,25.21507124726779,-0.485595573321781,1048.9512624921092
2025-09-30T12:15:00Z,2025-09-30T12:30:00Z,2025-09-30,2025-09-30_15,-1.1027623258996755e-11,9,9,91,147.8400994956486,147.71003971304245,0.00036127717391927147,0.119655,0.0,True,True,True,False,-2.6044489231935586e-10,1001.2454955398462,8.062835988421321,14.913455290156154,18.807344766949573,0.0,1043.0291315851127
2025-09-30T12:30:00Z,2025-09-30T12:45:00Z,2025-09-30,2025-09-30_15,-1.1027623258996755e-11,9,9,91,147.71003971304245,147.14646362608858,0.0015654891304382862,0.51849,0.0,True,True,True,False,-2.6044489231935586e-10,1001.2454955398462,8.062835988421321,14.913455290156154,84.45680679755037,0.0,1108.6785936157135
2025-09-30T12:45:00Z,2025-09-30T13:00:00Z,2025-09-30,2025-09-30_15,-1.1027623258996755e-11,9,9,91,147.14646362608858,146.6813494956564,0.0012919836956562965,0.42790500000000004,0.0,True,True,True,False,-2.6044489231935586e-10,1001.2454955398462,8.062835988421321,14.913455290156154,67.9148254150011,0.0,1092.1366122331642
2025-09-30T13:00:00Z,2025-09-30T13:15:00Z,2025-09-30,2025-09-30_16,1.5702994460298214e-12,9,9,91,146.6813494956564,147.49229700000384,0.002262958043478587,0.00171,0.8834850000000001,True,True,True,False,3.9873828683312236e-11,1001.2454955398462,9.067699820806174,12.991453832975601,0.2690447590729181,-33.30635632199752,990.2673376307432
2025-09-30T13:15:00Z,2025-09-30T13:30:00Z,2025-09-30,2025-09-30_16,1.5702994460298214e-12,9,9,91,147.49229700000384,148.13623260000344,0.0017887100000005046,0.0,0.69993,True,True,True,False,3.9873828683312236e-11,1001.2454955398462,9.067699820806174,12.991453832975601,0.0,-27.49454267176024,995.8101065219075
2025-09-30T13:30:00Z,2025-09-30T13:45:00Z,2025-09-30,2025-09-30_16,1.5702994460298214e-12,9,9,91,148.13623260000344,147.97252173913344,0.00047568239130552916,0.15408,0.004095,True,True,True,False,3.9873828683312236e-11,1001.2454955398462,9.067699820806174,12.991453832975601,24.699494586771166,-0.32254888446921215,1047.6815948959697
2025-09-30T13:45:00Z,2025-09-30T14:00:00Z,2025-09-30,2025-09-30_16,1.5702994460298214e-12,9,9,91,147.97252173913344,147.86415821739388,0.0009036097826097662,0.199485,0.1179,True,True,True,False,3.9873828683312236e-11,1001.2454955398462,9.067699820806174,12.991453832975601,32.122494110233745,-5.208234763601993,1050.2189085402995
2025-09-30T14:00:00Z,2025-09-30T14:15:00Z,2025-09-30,2025-09-30_17,-0.7998280245546943,0,0,90,147.86415821739388,148.04811866304146,0.0005110012379099436,0.0,0.0,True,False,True,False,-29.353688501157283,990.242797786661,0.0,0.0,0.0,0.0,960.8891092855037
2025-09-30T14:15:00Z,2025-09-30T14:30:00Z,2025-09-30,2025-09-30_17,-0.7998280245546943,0,0,90,148.04811866304146,148.23207910868905,0.0005110012379099436,0.0,0.0,True,False,True,False,-29.353688501157283,990.242797786661,0.0,0.0,0.0,0.0,960.8891092855037
2025-09-30T14:30:00Z,2025-09-30T14:45:00Z,2025-09-30,2025-09-30_17,-0.7998280245546943,0,0,90,148.23207910868905,148.41603955433663,0.0005110012379099436,0.0,0.0,True,False,True,False,-29.353688501157283,990.242797786661,0.0,0.0,0.0,0.0,960.8891092855037
2025-09-30T14:45:00Z,2025-09-30T15:00:00Z,2025-09-30,2025-09-30_17,-0.7998280245546943,0,0,90,148.41603955433663,148.59999999998422,0.0005110012379099436,0.0,0.0,True,False,True,False,-29.353688501157283,990.242797786661,0.0,0.0,0.0,0.0,960.8891092855037
2025-09-30T15:00:00Z,2025-09-30T15:15:00Z,2025-09-30,2025-09-30_18,-52.64554939980818,97,44,3,148.59999999998422,163.4667835619401,0.04129662100543301,0.0,2.9981600000000004,True,True,True,False,-2797.058039611809,33.008093259555366,107.15593801075163,33.36195183427525,0.0,-63.8048452592403,-2687.336901766467
2025-09-30T15:15:00Z,2025-09-30T15:30:00Z,2025-09-30,2025-09-30_18,-52.64554939980818,97,44,3,163.4667835619401,176.19343500785794,0.036253094150916924,0.32640500000000006,1.02542,True,True,True,False,-2797.058039611809,33.008093259555366,107.15593801075163,33.36195183427525,46.29021038142687,-43.303565551464075,-2620.545411677264
2025-09-30T15:30:00Z,2025-09-30T15:45:00Z,2025-09-30,2025-09-30_18,-52.64554939980818,97,44,3,176.19343500785794,185.2324577598974,0.03361502304951829,3.0807200000000003,0.0,True,True,True,False,-2797.058039611809,33.008093259555366,107.15593801075163,33.36195183427525,473.5784239135144,0.0,-2149.9536325937124
2025-09-30T15:45:00Z,2025-09-30T16:00:00Z,2025-09-30,2025-09-30_18,-52.64554939980818,97,44,3,185.2324577598974,188.47663043477715,0.033577956760231224,8.896840000000001,0.0,True,True,True,False,-2797.058039611809,33.008093259555366,107.15593801075163,33.36195183427525,4026.3618851978026,0.0,1402.829828690576
2025-09-30T16:00:00Z,2025-09-30T16:15:00Z,2025-09-30,2025-09-30_19,0.0,100,100,0,188.47663043477715,185.9614130434728,0.00698671497584541,2.314,0.0,True,True,True,False,0.0,0.0,156.3416891479432,75.82261780517103,338.65335092452204,0.0,570.8176578776363
2025-09-30T16:15:00Z,2025-09-30T16:30:00Z,2025-09-30,2025-09-30_19,0.0,100,100,0,185.9614130434728,176.4217391304293,0.02649909420289855,8.7765,0.0,True,True,True,False,0.0,0.0,156.3416891479432,75.82261780517103,3042.7112580981825,0.0,3274.8755650512967
2025-09-30T16:30:00Z,2025-09-30T16:45:00Z,2025-09-30,2025-09-30_19,0.0,100,100,0,176.4217391304293,158.03478260869016,0.05107487922705314,16.916,0.0,True,True,True,False,0.0,0.0,156.3416891479432,75.82261780517103,8000.012532540419,0.0,8232.176839493533
2025-09-30T16:45:00Z,2025-09-30T17:00:00Z,2025-09-30,2025-09-30_19,0.0,100,100,0,158.03478260869016,137.3038043478206,0.05758605072463768,19.0725,0.0,True,True,True,False,0.0,0.0,156.3416891479432,75.82261780517103,11657.840753303271,0.0,11890.005060256386
2025-09-30T17:00:00Z,2025-09-30T17:15:00Z,2025-09-30,2025-09-30_20,0.0,100,100,0,137.3038043478206,112.74021739129887,0.06823218599033816,22.5985,0.0,True,True,True,False,0.0,0.0,171.34671051336076,68.58594411515665,18322.852051966212,0.0,18562.784706594728
2025-09-30T17:15:00Z,2025-09-30T17:30:00Z,2025-09-30,2025-09-30_20,0.0,100,100,0,112.74021739129887,89.64782608695104,0.06414553140096618,21.245,0.0,True,True,True,False,0.0,0.0,171.34671051336076,68.58594411515665,20117.102728275215,0.0,20357.035382903734
2025-09-30T17:30:00Z,2025-09-30T17:45:00Z,2025-09-30,2025-09-30_20,0.0,100,100,0,89.64782608695104,75.17391304347278,0.04020531400966183,13.316,0.0,True,True,True,False,0.0,0.0,171.34671051336076,68.58594411515665,5445.043847744325,0.0,5684.976502372842
2025-09-30T17:45:00Z,2025-09-30T18:00:00Z,2025-09-30,2025-09-30_20,0.0,100,100,0,75.17391304347278,64.34782608695104,0.030072463768115947,9.96,0.0,True,True,True,False,0.0,0.0,171.34671051336076,68.58594411515665,4180.362018785814,0.0,4420.294673414332
2025-09-30T18:00:00Z,2025-09-30T18:15:00Z,2025-09-30,2025-09-30_21,0.0,0,0,100,64.34782608695104,64.34782608695104,0.0,0.0,0.0,True,False,True,False,0.0,1100.2697753185123,0.0,0.0,0.0,0.0,1100.2697753185123
2025-09-30T18:15:00Z,2025-09-30T18:30:00Z,2025-09-30,2025-09-30_21,0.0,0,0,100,64.34782608695104,64.34782608695104,0.0,0.0,0.0,True,False,True,False,0.0,1100.2697753185123,0.0,0.0,0.0,0.0,1100.2697753185123
2025-09-30T18:30:00Z,2025-09-30T18:45:00Z,2025-09-30,2025-09-30_21,0.0,0,0,100,64.34782608695104,64.34782608695104,0.0,0.0,0.0,True,False,True,False,0.0,1100.2697753185123,0.0,0.0,0.0,0.0,1100.2697753185123
2025-09-30T18:45:00Z,2025-09-30T19:00:00Z,2025-09-30,2025-09-30_21,0.0,0,0,100,64.34782608695104,64.34782608695104,0.0,0.0,0.0,True,False,True,False,0.0,1100.2697753185123,0.0,0.0,0.0,0.0,1100.2697753185123
2025-09-30T19:00:00Z,2025-09-30T19:15:00Z,2025-09-30,2025-09-30_22,0.0,0,0,100,64.34782608695104,64.34782608695104,0.0,0.0,0.0,True,True,True,False,0.0,1100.2697753185123,0.0,0.0,0.0,0.0,1100.2697753185123
2025-09-30T19:15:00Z,2025-09-30T19:30:00Z,2025-09-30,2025-09-30_22,0.0,0,0,100,64.34782608695104,64.34782608695104,0.0,0.0,0.0,True,True,True,False,0.0,1100.2697753185123,0.0,0.0,0.0,0.0,1100.2697753185123
2025-09-30T19:30:00Z,2025-09-30T19:45:00Z,2025-09-30,2025-09-30_22,0.0,0,0,100,64.34782608695104,64.34782608695104,0.0,0.0,0.0,True,True,True,False,0.0,1100.2697753185123,0.0,0.0,0.0,0.0,1100.2697753185123
2025-09-30T19:45:00Z,2025-09-30T20:00:00Z,2025-09-30,2025-09-30_22,0.0,0,0,100,64.34782608695104,64.34782608695104,0.0,0.0,0.0,True,True,True,False,0.0,1100.2697753185123,0.0,0.0,0.0,0.0,1100.2697753185123
2025-09-30T20:00:00Z,2025-09-30T20:15:00Z,2025-09-30,2025-09-30_23,0.0,0,0,100,64.34782608695104,64.34782608695104,0.0,0.0,0.0,True,True,True,False,0.0,1100.2697753185123,0.0,0.0,0.0,0.0,1100.2697753185123
2025-09-30T20:15:00Z,2025-09-30T20:30:00Z,2025-09-30,2025-09-30_23,0.0,0,0,100,64.34782608695104,64.34782608695104,0.0,0.0,0.0,True,True,True,False,0.0,1100.2697753185123,0.0,0.0,0.0,0.0,1100.2697753185123
2025-09-30T20:30:00Z,2025-09-30T20:45:00Z,2025-09-30,2025-09-30_23,0.0,0,0,100,64.34782608695104,64.34782608695104,0.0,0.0,0.0,True,True,True,False,0.0,1100.2697753185123,0.0,0.0,0.0,0.0,1100.2697753185123
2025-09-30T20:45:00Z,2025-09-30T21:00:00Z,2025-09-30,2025-09-30_23,0.0,0,0,100,64.34782608695104,64.34782608695104,0.0,0.0,0.0,True,True,True,False,0.0,1100.2697753185123,0.0,0.0,0.0,0.0,1100.2697753185123
2025-09-30T21:00:00Z,2025-09-30T21:15:00Z,2025-10-01,2025-09-30_24,0.0,0,0,100,64.34782608695104,64.34782608695104,0.0,0.0,0.0,True,True,True,False,0.0,1099.6634586998878,0.0,0.0,0.0,0.0,1099.6634586998878
2025-09-30T21:15:00Z,2025-09-30T21:30:00Z,2025-10-01,2025-09-30_24,0.0,0,0,100,64.34782608695104,64.34782608695104,0.0,0.0,0.0,True,True,True,False,0.0,1099.6634586998878,0.0,0.0,0.0,0.0,1099.6634586998878
2025-09-30T21:30:00Z,2025-09-30T21:45:00Z,2025-10-01,2025-09-30_24,0.0,0,0,100,64.34782608695104,64.34782608695104,0.0,0.0,0.0,True,True,True,False,0.0,1099.6634586998878,0.0,0.0,0.0,0.0,1099.6634586998878
2025-09-30T21:45:00Z,2025-09-30T22:00:00Z,2025-10-01,2025-09-30_24,0.0,0,0,100,64.34782608695104,64.34782608695104,0.0,0.0,0.0,True,True,True,False,0.0,1099.6634586998878,0.0,0.0,0.0,0.0,1099.6634586998878
2025-09-30T22:00:00Z,2025-09-30T22:15:00Z,2025-10-01,2025-10-01_1,0.0,0,0,100,64.34782608695104,64.34782608695104,0.0,0.0,0.0,True,True,True,False,0.0,1099.6634586998878,0.0,0.0,0.0,0.0,1099.6634586998878
2025-09-30T22:15:00Z,2025-09-30T22:30:00Z,2025-10-01,2025-10-01_2,0.0,0,0,100,64.34782608695104,64.34782608695104,0.0,0.0,0.0,True,True,True,False,0.0,1099.6634586998878,0.0,0.0,0.0,0.0,1099.6634586998878
2025-09-30T22:30:00Z,2025-09-30T22:45:00Z,2025-10-01,2025-10-01_3,0.0,0,0,100,64.34782608695104,64.34782608695104,0.0,0.0,0.0,True,True,True,False,0.0,1099.6634586998878,0.0,0.0,0.0,0.0,1099.6634586998878
2025-09-30T22:45:00Z,2025-09-30T23:00:00Z,2025-10-01,2025-10-01_4,0.0,0,0,100,64.34782608695104,64.34782608695104,0.0,0.0,0.0,True,True,True,False,0.0,1099.6634586998878,0.0,0.0,0.0,0.0,1099.6634586998878
2025-09-30T23:00:00Z,2025-09-30T23:15:00Z,2025-10-01,2025-10-01_5,0.0,0,0,100,64.34782608695104,64.34782608695104,0.0,0.0,0.0,True,True,True,False,0.0,1099.6634586998878,0.0,0.0,0.0,0.0,1099.6634586998878
2025-09-30T23:15:00Z,2025-09-30T23:30:00Z,2025-10-01,2025-10-01_6,0.0,0,0,100,64.34782608695104,64.34782608695104,0.0,0.0,0.0,True,True,True,False,0.0,1099.6634586998878,0.0,0.0,0.0,0.0,1099.6634586998878
2025-09-30T23:30:00Z,2025-09-30T23:45:00Z,2025-10-01,2025-10-01_7,0.0,0,0,100,64.34782608695104,64.34782608695104,0.0,0.0,0.0,True,True,True,False,0.0,1099.6634586998878,0.0,0.0,0.0,0.0,1099.6634586998878
2025-09-30T23:45:00Z,2025-10-01T00:00:00Z,2025-10-01,2025-10-01_8,0.0,0,0,100,64.34782608695104,64.34782608695104,0.0,0.0,0.0,True,True,True,False,0.0,1099.6634586998878,0.0,0.0,0.0,0.0,1099.6634586998878
2025-10-01T00:00:00Z,2025-10-01T00:15:00Z,2025-10-01,2025-10-01_9,0.0,0,0,100,64.34782608695104,64.34782608695104,0.0,0.0,0.0,True,True,True,False,0.0,1099.6634586998878,0.0,0.0,0.0,0.0,1099.6634586998878
2025-10-01T00:15:00Z,2025-10-01T00:30:00Z,2025-10-01,2025-10-01_10,0.0,0,0,100,64.34782608695104,64.34782608695104,0.0,0.0,0.0,True,True,True,False,0.0,1099.6634586998878,0.0,0.0,0.0,0.0,1099.6634586998878
2025-10-01T00:30:00Z,2025-10-01T00:45:00Z,2025-10-01,2025-10-01_11,0.0,0,0,100,64.34782608695104,64.34782608695104,0.0,0.0,0.0,True,True,True,False,0.0,1099.6634586998878,0.0,0.0,0.0,0.0,1099.6634586998878
2025-10-01T00:45:00Z,2025-10-01T01:00:00Z,2025-10-01,2025-10-01_12,0.0,0,0,100,64.34782608695104,64.34782608695104,0.0,0.0,0.0,True,True,True,False,0.0,1099.6634586998878,0.0,0.0,0.0,0.0,1099.6634586998878
2025-10-01T01:00:00Z,2025-10-01T01:15:00Z,2025-10-01,2025-10-01_13,0.0,0,0,100,64.34782608695104,64.34782608695104,0.0,0.0,0.0,True,True,True,False,0.0,1099.6634586998878,0.0,0.0,0.0,0.0,1099.6634586998878
2025-10-01T01:15:00Z,2025-10-01T01:30:00Z,2025-10-01,2025-10-01_14,0.0,0,0,100,64.34782608695104,64.34782608695104,0.0,0.0,0.0,True,True,True,False,0.0,1099.6634586998878,0.0,0.0,0.0,0.0,1099.6634586998878
2025-10-01T01:30:00Z,2025-10-01T01:45:00Z,2025-10-01,2025-10-01_15,0.0,0,0,100,64.34782608695104,64.34782608695104,0.0,0.0,0.0,True,True,True,False,0.0,1099.6634586998878,0.0,0.0,0.0,0.0,1099.6634586998878
2025-10-01T01:45:00Z,2025-10-01T02:00:00Z,2025-10-01,2025-10-01_16,0.0,0,0,100,64.34782608695104,64.34782608695104,0.0,0.0,0.0,True,True,True,False,0.0,1099.6634586998878,0.0,0.0,0.0,0.0,1099.6634586998878
2025-10-01T02:00:00Z,2025-10-01T02:15:00Z,2025-10-01,2025-10-01_17,0.0,0,0,100,64.34782608695104,64.34782608695104,0.0,0.0,0.0,True,True,True,False,0.0,1099.6634586998878,0.0,0.0,0.0,0.0,1099.6634586998878
2025-10-01T02:15:00Z,2025-10-01T02:30:00Z,2025-10-01,2025-10-01_18,0.0,0,0,100,64.34782608695104,64.34782608695104,0.0,0.0,0.0,True,True,True,False,0.0,1099.6634586998878,0.0,0.0,0.0,0.0,1099.6634586998878
2025-10-01T02:30:00Z,2025-10-01T02:45:00Z,2025-10-01,2025-10-01_19,0.0,0,0,100,64.34782608695104,64.34782608695104,0.0,0.0,0.0,True,True,True,False,0.0,1099.6634586998878,0.0,0.0,0.0,0.0,1099.6634586998878
2025-10-01T02:45:00Z,2025-10-01T03:00:00Z,2025-10-01,2025-10-01_20,0.0,0,0,100,64.34782608695104,64.34782608695104,0.0,0.0,0.0,True,True,True,False,0.0,1099.6634586998878,0.0,0.0,0.0,0.0,1099.6634586998878
2025-10-01T03:00:00Z,2025-10-01T03:15:00Z,2025-10-01,2025-10-01_21,0.0,0,0,100,64.34782608695104,64.34782608695104,0.0,0.0,0.0,True,True,True,False,0.0,1099.6634586998878,0.0,0.0,0.0,0.0,1099.6634586998878
2025-10-01T03:15:00Z,2025-10-01T03:30:00Z,2025-10-01,2025-10-01_22,0.0,0,0,100,64.34782608695104,64.34782608695104,0.0,0.0,0.0,True,True,True,False,0.0,1099.6634586998878,0.0,0.0,0.0,0.0,1099.6634586998878
2025-10-01T03:30:00Z,2025-10-01T03:45:00Z,2025-10-01,2025-10-01_23,0.0,0,0,100,64.34782608695104,64.34782608695104,0.0,0.0,0.0,True,True,True,False,0.0,1099.6634586998878,0.0,0.0,0.0,0.0,1099.6634586998878
2025-10-01T03:45:00Z,2025-10-01T04:00:00Z,2025-10-01,2025-10-01_24,0.0,0,0,100,64.34782608695104,64.34782608695104,0.0,0.0,0.0,True,True,True,False,0.0,1099.6634586998878,0.0,0.0,0.0,0.0,1099.6634586998878
2025-10-01T04:00:00Z,2025-10-01T04:15:00Z,2025-10-01,2025-10-01_25,0.0,0,0,100,64.34782608695104,64.34782608695104,0.0,0.0,0.0,True,True,True,False,0.0,1099.6634586998878,0.0,0.0,0.0,0.0,1099.6634586998878
2025-10-01T04:15:00Z,2025-10-01T04:30:00Z,2025-10-01,2025-10-01_26,-2.4034880366145998e-11,0,0,100,64.34782608695104,64.34782608695657,1.5355618011704386e-14,0.0,0.0,True,True,True,False,-7.272954798795779e-10,1099.6634586998878,0.0,0.0,0.0,0.0,1099.6634586991604
2025-10-01T04:30:00Z,2025-10-01T04:45:00Z,2025-10-01,2025-10-01_27,0.0,0,0,100,64.34782608695657,64.34782608695657,0.0,0.0,0.0,True,True,True,False,0.0,1099.6634586998878,0.0,0.0,0.0,0.0,1099.6634586998878
2025-10-01T04:45:00Z,2025-10-01T05:00:00Z,2025-10-01,2025-10-01_28,0.0,0,0,100,64.34782608695657,64.34782608695657,0.0,0.0,0.0,True,True,True,False,0.0,1099.6634586998878,0.0,0.0,0.0,0.0,1099.6634586998878
2025-10-01T05:00:00Z,2025-10-01T05:15:00Z,2025-10-01,2025-10-01_29,0.0,0,0,100,64.34782608695657,64.34782608695657,0.0,0.0,0.0,True,True,True,False,0.0,1099.6634586998878,0.0,0.0,0.0,0.0,1099.6634586998878
2025-10-01T05:15:00Z,2025-10-01T05:30:00Z,2025-10-01,2025-10-01_30,0.0,0,0,100,64.34782608695657,64.34782608695657,0.0,0.0,0.0,True,True,True,False,0.0,1099.6634586998878,0.0,0.0,0.0,0.0,1099.6634586998878
2025-10-01T05:30:00Z,2025-10-01T05:45:00Z,2025-10-01,2025-10-01_31,0.0,0,0,100,64.34782608695657,64.34782608695657,0.0,0.0,0.0,True,True,True,False,0.0,1099.6634586998878,0.0,0.0,0.0,0.0,1099.6634586998878
2025-10-01T05:45:00Z,2025-10-01T06:00:00Z,2025-10-01,2025-10-01_32,0.0,0,0,100,64.34782608695657,64.34782608695657,0.0,0.0,0.0,True,True,True,False,0.0,1099.6634586998878,0.0,0.0,0.0,0.0,1099.6634586998878
2025-10-01T06:00:00Z,2025-10-01T06:15:00Z,2025-10-01,2025-10-01_33,0.0,0,0,100,64.34782608695657,64.34782608695657,0.0,0.0,0.0,True,True,True,False,0.0,1099.6634586998878,0.0,0.0,0.0,0.0,1099.6634586998878
2025-10-01T06:15:00Z,2025-10-01T06:30:00Z,2025-10-01,2025-10-01_34,0.0,0,0,100,64.34782608695657,64.34782608695657,0.0,0.0,0.0,True,True,True,False,0.0,1099.6634586998878,0.0,0.0,0.0,0.0,1099.6634586998878
2025-10-01T06:30:00Z,2025-10-01T06:45:00Z,2025-10-01,2025-10-01_35,0.0,0,0,100,64.34782608695657,64.34782608695657,0.0,0.0,0.0,True,True,True,False,0.0,1099.6634586998878,0.0,0.0,0.0,0.0,1099.6634586998878
2025-10-01T06:45:00Z,2025-10-01T07:00:00Z,2025-10-01,2025-10-01_36,0.0,0,0,100,64.34782608695657,64.34782608695657,0.0,0.0,0.0,True,True,True,False,0.0,1099.6634586998878,0.0,0.0,0.0,0.0,1099.6634586998878
2025-10-01T07:00:00Z,2025-10-01T07:15:00Z,2025-10-01,2025-10-01_37,0.0,0,0,100,64.34782608695657,64.34782608695657,0.0,0.0,0.0,True,True,True,False,0.0,1099.6634586998878,0.0,0.0,0.0,0.0,1099.6634586998878
2025-10-01T07:15:00Z,2025-10-01T07:30:00Z,2025-10-01,2025-10-01_38,0.0,0,0,100,64.34782608695657,64.34782608695657,0.0,0.0,0.0,True,True,True,False,0.0,1099.6634586998878,0.0,0.0,0.0,0.0,1099.6634586998878
2025-10-01T07:30:00Z,2025-10-01T07:45:00Z,2025-10-01,2025-10-01_39,0.0,0,0,100,64.34782608695657,64.34782608695657,0.0,0.0,0.0,True,True,True,False,0.0,1099.6634586998878,0.0,0.0,0.0,0.0,1099.6634586998878
2025-10-01T07:45:00Z,2025-10-01T08:00:00Z,2025-10-01,2025-10-01_40,0.0,0,0,100,64.34782608695657,64.34782608695657,0.0,0.0,0.0,True,True,True,False,0.0,1099.6634586998878,0.0,0.0,0.0,0.0,1099.6634586998878
2025-10-01T08:00:00Z,2025-10-01T08:15:00Z,2025-10-01,2025-10-01_41,33.00000000000037,67,100,0,64.34782608695657,68.10250775652169,0.03424905536231885,0.0,13.047,True,True,True,False,853.1325000000095,0.0,64.59880734486626,85.05048119501681,0.0,-182.09463541359153,820.687153126301
2025-10-01T08:15:00Z,2025-10-01T08:30:00Z,2025-10-01,2025-10-01_42,33.00000000000005,67,100,0,68.10250775652169,78.21237533913038,0.038914577826086934,0.0,19.5645,True,True,True,False,782.1000000000012,0.0,64.59880734486626,85.05048119501681,0.0,1183.022509594379,2114.7717981342635
2025-10-01T08:30:00Z,2025-10-01T08:45:00Z,2025-10-01,2025-10-01_43,0.03951142502897174,67,100,0,78.21237533913038,95.0728881739129,0.046850655496676566,0.0,18.337,True,True,True,False,0.8160097054108388,0.0,64.59880734486626,85.05048119501681,0.0,537.6666361614612,688.131934406755
2025-10-01T08:45:00Z,2025-10-01T09:00:00Z,2025-10-01,2025-10-01_44,0.0,67,100,0,95.0728881739129,107.7951081739129,0.035339499999999996,0.0,13.828499999999998,True,True,True,False,0.0,0.0,64.59880734486626,85.05048119501681,0.0,-153.89584725748358,-4.246558717600507
2025-10-01T09:00:00Z,2025-10-01T09:15:00Z,2025-10-01,2025-10-01_45,0.9999999999992062,99,100,0,107.7951081739129,125.05122000000004,0.04829490603864759,0.0,19.0175,True,True,True,False,25.012499999980143,0.0,95.45196906181731,120.29875420676625,0.0,552.3125745409458,793.0757978095095
2025-10-01T09:15:00Z,2025-10-01T09:30:00Z,2025-10-01,2025-10-01_46,0.0,99,100,0,125.05122000000004,135.73564000000005,0.02967894444444445,0.0,11.6135,True,True,True,False,0.0,0.0,95.45196906181731,120.29875420676625,0.0,72.0955364980024,287.84625976658594
2025-10-01T09:30:00Z,2025-10-01T09:45:00Z,2025-10-01,2025-10-01_47,0.0,99,100,0,135.73564000000005,139.54490000000004,0.01058127777777778,0.0,4.1405,True,True,True,False,0.0,0.0,95.45196906181731,120.29875420676625,0.0,-157.68385831808072,58.06686495050283
2025-10-01T09:45:00Z,2025-10-01T10:00:00Z,2025-10-01,2025-10-01_48,0.0,99,100,0,139.54490000000004,144.00000000000003,0.01237527777777778,0.0,4.8425,True,True,True,False,0.0,0.0,95.45196906181731,120.29875420676625,0.0,-138.44264430930312,77.30807895928044
2025-10-01T10:00:00Z,2025-10-01T10:15:00Z,2025-10-01,2025-10-01_49,0.0,0,0,100,144.00000000000003,144.00000000000003,0.0,0.0,0.0,True,True,True,False,0.0,1099.6634586998878,0.0,0.0,0.0,0.0,1099.6634586998878
2025-10-01T10:15:00Z,2025-10-01T10:30:00Z,2025-10-01,2025-10-01_50,0.0,0,0,100,144.00000000000003,144.00000000000003,0.0,0.0,0.0,True,True,True,False,0.0,1099.6634586998878,0.0,0.0,0.0,0.0,1099.6634586998878
2025-10-01T10:30:00Z,2025-10-01T10:45:00Z,2025-10-01,2025-10-01_51,0.0,0,0,100,144.00000000000003,144.00000000000003,0.0,0.0,0.0,True,True,True,False,0.0,1099.6634586998878,0.0,0.0,0.0,0.0,1099.6634586998878
2025-10-01T10:45:00Z,2025-10-01T11:00:00Z,2025-10-01,2025-10-01_52,0.0,0,0,100,144.00000000000003,144.00000000000003,0.0,0.0,0.0,True,True,True,False,0.0,1099.6634586998878,0.0,0.0,0.0,0.0,1099.6634586998878
2025-10-01T11:00:00Z,2025-10-01T11:15:00Z,2025-10-01,2025-10-01_53,0.0,0,0,100,144.00000000000003,144.00000000000003,0.0,0.0,0.0,True,True,True,False,0.0,1099.6634586998878,0.0,0.0,0.0,0.0,1099.6634586998878
2025-10-01T11:15:00Z,2025-10-01T11:30:00Z,2025-10-01,2025-10-01_54,0.0,0,0,100,144.00000000000003,144.00000000000003,0.0,0.0,0.0,True,True,True,False,0.0,1099.6634586998878,0.0,0.0,0.0,0.0,1099.6634586998878
2025-10-01T11:30:00Z,2025-10-01T11:45:00Z,2025-10-01,2025-10-01_55,0.0,0,0,100,144.00000000000003,144.00000000000003,0.0,0.0,0.0,True,True,True,False,0.0,1099.6634586998878,0.0,0.0,0.0,0.0,1099.6634586998878
2025-10-01T11:45:00Z,2025-10-01T12:00:00Z,2025-10-01,2025-10-01_56,0.0,0,0,100,144.00000000000003,144.00000000000003,0.0,0.0,0.0,True,True,True,False,0.0,1099.6634586998878,0.0,0.0,0.0,0.0,1099.6634586998878
2025-10-01T12:00:00Z,2025-10-01T12:15:00Z,2025-10-01,2025-10-01_57,0.0,0,0,100,144.00000000000003,144.00000000000003,0.0,0.0,0.0,True,True,True,False,0.0,1099.6634586998878,0.0,0.0,0.0,0.0,1099.6634586998878
2025-10-01T12:15:00Z,2025-10-01T12:30:00Z,2025-10-01,2025-10-01_58,0.0,0,0,100,144.00000000000003,144.00000000000003,0.0,0.0,0.0,True,True,True,False,0.0,1099.6634586998878,0.0,0.0,0.0,0.0,1099.6634586998878
2025-10-01T12:30:00Z,2025-10-01T12:45:00Z,2025-10-01,2025-10-01_59,0.0,0,0,100,144.00000000000003,144.00000000000003,0.0,0.0,0.0,True,True,True,False,0.0,1099.6634586998878,0.0,0.0,0.0,0.0,1099.6634586998878
2025-10-01T12:45:00Z,2025-10-01T13:00:00Z,2025-10-01,2025-10-01_60,0.0,0,0,100,144.00000000000003,144.00000000000003,0.0,0.0,0.0,True,True,True,False,0.0,1099.6634586998878,0.0,0.0,0.0,0.0,1099.6634586998878
2025-10-01T13:00:00Z,2025-10-01T13:15:00Z,2025-10-01,2025-10-01_61,0.0,0,0,100,144.00000000000003,144.00000000000003,0.0,0.0,0.0,True,True,True,False,0.0,1099.6634586998878,0.0,0.0,0.0,0.0,1099.6634586998878
2025-10-01T13:15:00Z,2025-10-01T13:30:00Z,2025-10-01,2025-10-01_62,0.0,0,0,100,144.00000000000003,144.00000000000003,0.0,0.0,0.0,True,True,True,False,0.0,1099.6634586998878,0.0,0.0,0.0,0.0,1099.6634586998878
2025-10-01T13:30:00Z,2025-10-01T13:45:00Z,2025-10-01,2025-10-01_63,0.0,0,0,100,144.00000000000003,144.00000000000003,0.0,0.0,0.0,True,True,True,False,0.0,1099.6634586998878,0.0,0.0,0.0,0.0,1099.6634586998878
2025-10-01T13:45:00Z,2025-10-01T14:00:00Z,2025-10-01,2025-10-01_64,0.0,0,0,100,144.00000000000003,144.00000000000003,0.0,0.0,0.0,True,True,True,False,0.0,1099.6634586998878,0.0,0.0,0.0,0.0,1099.6634586998878
2025-10-01T14:00:00Z,2025-10-01T14:15:00Z,2025-10-01,2025-10-01_65,0.0,0,0,100,144.00000000000003,144.00000000000003,0.0,0.0,0.0,True,True,True,False,0.0,1099.6634586998878,0.0,0.0,0.0,0.0,1099.6634586998878
2025-10-01T14:15:00Z,2025-10-01T14:30:00Z,2025-10-01,2025-10-01_66,0.0,0,0,100,144.00000000000003,144.00000000000003,0.0,0.0,0.0,True,True,True,False,0.0,1099.6634586998878,0.0,0.0,0.0,0.0,1099.6634586998878
2025-10-01T14:30:00Z,2025-10-01T14:45:00Z,2025-10-01,2025-10-01_67,0.0,0,0,100,144.00000000000003,144.00000000000003,0.0,0.0,0.0,True,True,True,False,0.0,1099.6634586998878,0.0,0.0,0.0,0.0,1099.6634586998878
2025-10-01T14:45:00Z,2025-10-01T15:00:00Z,2025-10-01,2025-10-01_68,0.0,0,0,100,144.00000000000003,144.00000000000003,0.0,0.0,0.0,True,True,True,False,0.0,1099.6634586998878,0.0,0.0,0.0,0.0,1099.6634586998878
2025-10-01T15:00:00Z,2025-10-01T15:15:00Z,2025-10-01,2025-10-01_69,0.0,0,0,100,144.00000000000003,144.00000000000003,0.0,0.0,0.0,True,True,True,False,0.0,1099.6634586998878,0.0,0.0,0.0,0.0,1099.6634586998878
2025-10-01T15:15:00Z,2025-10-01T15:30:00Z,2025-10-01,2025-10-01_70,0.0,0,0,100,144.00000000000003,144.00000000000003,0.0,0.0,0.0,True,True,True,False,0.0,1099.6634586998878,0.0,0.0,0.0,0.0,1099.6634586998878
2025-10-01T15:30:00Z,2025-10-01T15:45:00Z,2025-10-01,2025-10-01_71,0.0,0,0,100,144.00000000000003,144.00000000000003,0.0,0.0,0.0,True,True,True,False,0.0,1099.6634586998878,0.0,0.0,0.0,0.0,1099.6634586998878
2025-10-01T15:45:00Z,2025-10-01T16:00:00Z,2025-10-01,2025-10-01_72,0.0,0,0,100,144.00000000000003,144.00000000000003,0.0,0.0,0.0,True,True,True,False,0.0,1099.6634586998878,0.0,0.0,0.0,0.0,1099.6634586998878
2025-10-01T16:00:00Z,2025-10-01T16:15:00Z,2025-10-01,2025-10-01_73,-100.0,0,0,0,144.00000000000003,167.00000000000003,0.06388888888888888,0.0,0.0,True,True,True,False,-3750.0,0.0,0.0,0.0,0.0,0.0,-3750.0
2025-10-01T16:15:00Z,2025-10-01T16:30:00Z,2025-10-01,2025-10-01_74,-0.16991965926368116,0,0,0,167.00000000000003,167.03908152163066,0.00010855978230735188,0.0,0.0,True,True,True,False,-8.748738456338783,0.0,0.0,0.0,0.0,0.0,-8.748738456338783
2025-10-01T16:30:00Z,2025-10-01T16:45:00Z,2025-10-01,2025-10-01_75,100.0,0,0,0,167.03908152163066,139.8651684781524,0.07548309178743962,0.0,0.0,True,True,True,False,7175.5,0.0,0.0,0.0,0.0,0.0,7175.5
2025-10-01T16:45:00Z,2025-10-01T17:00:00Z,2025-10-01,2025-10-01_76,100.0,0,0,0,139.8651684781524,112.69125543467415,0.0754830917874396,0.0,0.0,True,True,True,False,9154.75,0.0,0.0,0.0,0.0,0.0,9154.75
2025-10-01T17:00:00Z,2025-10-01T17:15:00Z,2025-10-01,2025-10-01_77,100.0,0,100,0,112.69125543467415,85.7494076085872,0.07483846618357487,0.0,0.21349999999999997,True,True,True,False,9534.75,0.0,0.0,67.60347168920114,0.0,-13.344348763063115,9589.009122926138
2025-10-01T17:15:00Z,2025-10-01T17:30:00Z,2025-10-01,2025-10-01_78,100.0,0,100,0,85.7494076085872,58.64342934771764,0.07529438405797101,0.0,0.0625,True,True,True,False,8847.25,0.0,0.0,67.60347168920114,0.0,-4.422861191474286,8910.430610497728
2025-10-01T17:30:00Z,2025-10-01T17:45:00Z,2025-10-01,2025-10-01_79,100.0,0,100,0,58.64342934771764,35.75103804336982,0.06358997584541062,0.0,3.939,True,True,True,False,7678.0,0.0,0.0,67.60347168920114,0.0,-237.4935360453445,7508.109935643856
2025-10-01T17:45:00Z,2025-10-01T18:00:00Z,2025-10-01,2025-10-01_80,100.00000000000001,0,100,0,35.75103804336982,11.409190217282859,0.06761624396135266,0.0,2.6055,True,True,True,False,6094.500000000001,0.0,0.0,67.60347168920114,0.0,-161.94907244494303,6000.154399244259
2025-10-01T18:00:00Z,2025-10-01T18:15:00Z,2025-10-01,2025-10-01_81,0.0,99,0,1,11.409190217282859,10.54347826076112,0.002404755434782609,0.796455,0.0,True,True,True,False,0.0,10.996634586998876,140.08000236169332,0.0,125.35008216626319,0.0,276.4267191149554
2025-10-01T18:15:00Z,2025-10-01T18:30:00Z,2025-10-01,2025-10-01_82,-72.2332670700913,99,0,1,10.54347826076112,27.157129686882122,0.046149031739225,0.0,0.0,True,True,True,False,-2802.4701791518673,10.996634586998876,140.08000236169332,0.0,0.0,0.0,-2651.393542203175
2025-10-01T18:30:00Z,2025-10-01T18:45:00Z,2025-10-01,2025-10-01_83,-99.0000000002029,99,0,1,27.157129686882122,48.043139886928785,0.058016695000129626,2.047815,0.0,True,True,True,False,-3444.7050000070603,10.996634586998876,140.08000236169332,0.0,358.36702046112066,0.0,-2935.2613425972477
2025-10-01T18:45:00Z,2025-10-01T19:00:00Z,2025-10-01,2025-10-01_84,-99.0000000002029,99,0,1,48.043139886928785,64.34782608697546,0.045290795000129634,7.027514999999999,0.0,True,True,True,False,-2826.9450000057936,10.996634586998876,140.08000236169332,0.0,1598.2614116726688,0.0,-1077.6069513844327
2025-10-01T19:00:00Z,2025-10-01T19:15:00Z,2025-10-01,2025-10-01_85,0.0,0,0,100,64.34782608697546,64.34782608697546,0.0,0.0,0.0,True,True,True,False,0.0,1099.6634586998878,0.0,0.0,0.0,0.0,1099.6634586998878
2025-10-01T19:15:00Z,2025-10-01T19:30:00Z,2025-10-01,2025-10-01_86,0.0,0,0,100,64.34782608697546,64.34782608697546,0.0,0.0,0.0,True,True,True,False,0.0,1099.6634586998878,0.0,0.0,0.0,0.0,1099.6634586998878
2025-10-01T19:30:00Z,2025-10-01T19:45:00Z,2025-10-01,2025-10-01_87,0.0,0,0,100,64.34782608697546,64.34782608697546,0.0,0.0,0.0,True,True,True,False,0.0,1099.6634586998878,0.0,0.0,0.0,0.0,1099.6634586998878
2025-10-01T19:45:00Z,2025-10-01T20:00:00Z,2025-10-01,2025-10-01_88,0.0,0,0,100,64.34782608697546,64.34782608697546,0.0,0.0,0.0,True,True,True,False,0.0,1099.6634586998878,0.0,0.0,0.0,0.0,1099.6634586998878
2025-10-01T20:00:00Z,2025-10-01T20:15:00Z,2025-10-01,2025-10-01_89,0.0,0,0,100,64.34782608697546,64.34782608697546,0.0,0.0,0.0,True,True,True,False,0.0,1099.6634586998878,0.0,0.0,0.0,0.0,1099.6634586998878
2025-10-01T20:15:00Z,2025-10-01T20:30:00Z,2025-10-01,2025-10-01_90,0.0,0,0,100,64.34782608697546,64.34782608697546,0.0,0.0,0.0,True,True,True,False,0.0,1099.6634586998878,0.0,0.0,0.0,0.0,1099.6634586998878
2025-10-01T20:30:00Z,2025-10-01T20:45:00Z,2025-10-01,2025-10-01_91,0.0,0,0,100,64.34782608697546,64.34782608697546,0.0,0.0,0.0,True,True,True,False,0.0,1099.6634586998878,0.0,0.0,0.0,0.0,1099.6634586998878
2025-10-01T20:45:00Z,2025-10-01T21:00:00Z,2025-10-01,2025-10-01_92,0.0,0,0,100,64.34782608697546,64.34782608697546,0.0,0.0,0.0,True,True,True,False,0.0,1099.6634586998878,0.0,0.0,0.0,0.0,1099.6634586998878
2025-10-01T21:00:00Z,2025-10-01T21:15:00Z,2025-10-02,2025-10-01_93,0.0,0,0,100,64.34782608697546,64.34782608697546,0.0,0.0,0.0,True,True,True,False,0.0,1099.4687131050769,0.0,0.0,0.0,0.0,1099.4687131050769
2025-10-01T21:15:00Z,2025-10-01T21:30:00Z,2025-10-02,2025-10-01_94,0.0,0,0,100,64.34782608697546,64.34782608697546,0.0,0.0,0.0,True,True,True,False,0.0,1099.4687131050769,0.0,0.0,0.0,0.0,1099.4687131050769
2025-10-01T21:30:00Z,2025-10-01T21:45:00Z,2025-10-02,2025-10-01_95,0.0,0,0,100,64.34782608697546,64.34782608697546,0.0,0.0,0.0,True,True,True,False,0.0,1099.4687131050769,0.0,0.0,0.0,0.0,1099.4687131050769
2025-10-01T21:45:00Z,2025-10-01T22:00:00Z,2025-10-02,2025-10-01_96,0.0,0,0,100,64.34782608697546,64.34782608697546,0.0,0.0,0.0,True,True,True,False,0.0,1099.4687131050769,0.0,0.0,0.0,0.0,1099.4687131050769
2025-10-01T22:00:00Z,2025-10-01T22:15:00Z,2025-10-02,2025-10-02_1,0.0,0,0,100,64.34782608697546,64.34782608697546,0.0,0.0,0.0,True,True,True,False,0.0,1099.4687131050769,0.0,0.0,0.0,0.0,1099.4687131050769
2025-10-01T22:15:00Z,2025-10-01T22:30:00Z,2025-10-02,2025-10-02_2,0.0,0,0,100,64.34782608697546,64.34782608697546,0.0,0.0,0.0,True,True,True,False,0.0,1099.4687131050769,0.0,0.0,0.0,0.0,1099.4687131050769
2025-10-01T22:30:00Z,2025-10-01T22:45:00Z,2025-10-02,2025-10-02_3,0.0,0,0,100,64.34782608697546,64.34782608697546,0.0,0.0,0.0,True,True,True,False,0.0,1099.4687131050769,0.0,0.0,0.0,0.0,1099.4687131050769
2025-10-01T22:45:00Z,2025-10-01T23:00:00Z,2025-10-02,2025-10-02_4,0.0,0,0,100,64.34782608697546,64.34782608697546,0.0,0.0,0.0,True,True,True,False,0.0,1099.4687131050769,0.0,0.0,0.0,0.0,1099.4687131050769
2025-10-01T23:00:00Z,2025-10-01T23:15:00Z,2025-10-02,2025-10-02_5,0.0,0,0,100,64.34782608697546,64.34782608697546,0.0,0.0,0.0,True,True,True,False,0.0,1099.4687131050769,0.0,0.0,0.0,0.0,1099.4687131050769
2025-10-01T23:15:00Z,2025-10-01T23:30:00Z,2025-10-02,2025-10-02_6,0.0,0,0,100,64.34782608697546,64.34782608697546,0.0,0.0,0.0,True,True,True,False,0.0,1099.4687131050769,0.0,0.0,0.0,0.0,1099.4687131050769
2025-10-01T23:30:00Z,2025-10-01T23:45:00Z,2025-10-02,2025-10-02_7,0.0,0,0,100,64.34782608697546,64.34782608697546,0.0,0.0,0.0,True,True,True,False,0.0,1099.4687131050769,0.0,0.0,0.0,0.0,1099.4687131050769
2025-10-01T23:45:00Z,2025-10-02T00:00:00Z,2025-10-02,2025-10-02_8,0.0,0,0,100,64.34782608697546,64.34782608697546,0.0,0.0,0.0,True,True,True,False,0.0,1099.4687131050769,0.0,0.0,0.0,0.0,1099.4687131050769
2025-10-02T00:00:00Z,2025-10-02T00:15:00Z,2025-10-02,2025-10-02_9,0.0,0,0,100,64.34782608697546,64.34782608697546,0.0,0.0,0.0,True,True,True,False,0.0,1099.4687131050769,0.0,0.0,0.0,0.0,1099.4687131050769
2025-10-02T00:15:00Z,2025-10-02T00:30:00Z,2025-10-02,2025-10-02_10,0.0,0,0,100,64.34782608697546,64.34782608697546,0.0,0.0,0.0,True,True,True,False,0.0,1099.4687131050769,0.0,0.0,0.0,0.0,1099.4687131050769
2025-10-02T00:30:00Z,2025-10-02T00:45:00Z,2025-10-02,2025-10-02_11,0.0,0,0,100,64.34782608697546,64.34782608697546,0.0,0.0,0.0,True,True,True,False,0.0,1099.4687131050769,0.0,0.0,0.0,0.0,1099.4687131050769
2025-10-02T00:45:00Z,2025-10-02T01:00:00Z,2025-10-02,2025-10-02_12,0.0,0,0,100,64.34782608697546,64.34782608697546,0.0,0.0,0.0,True,True,True,False,0.0,1099.4687131050769,0.0,0.0,0.0,0.0,1099.4687131050769
2025-10-02T01:00:00Z,2025-10-02T01:15:00Z,2025-10-02,2025-10-02_13,-50.99999999999995,51,0,49,64.34782608697546,75.67361028697545,0.031460511666666635,0.43936500000000006,0.0,True,True,True,False,-1190.9774999999988,538.7396694214876,55.01918536009445,0.0,68.84552144332942,0.0,-528.3731237750874
2025-10-02T01:15:00Z,2025-10-02T01:30:00Z,2025-10-02,2025-10-02_14,-50.99999999999992,51,0,49,75.67361028697545,84.41527548697543,0.024282403333333306,3.2481899999999997,0.0,True,True,True,False,-1187.152499999998,538.7396694214876,55.01918536009445,0.0,594.5740848701298,0.0,1.1804396517137903
2025-10-02T01:30:00Z,2025-10-02T01:45:00Z,2025-10-02,2025-10-02_15,-50.99999999999995,51,0,49,84.41527548697543,95.78375688697543,0.03157911499999998,0.392955,0.0,True,True,True,False,-1187.1524999999988,538.7396694214876,55.01918536009445,0.0,50.025290147579696,0.0,-543.368355070837
2025-10-02T01:45:00Z,2025-10-02T02:00:00Z,2025-10-02,2025-10-02_16,-50.99999999999995,51,0,49,95.78375688697543,102.17050728697542,0.017740973333333337,5.80788,0.0,True,True,True,False,-1182.0524999999989,538.7396694214876,55.01918536009445,0.0,1103.8937632349468,0.0,515.60011801653
2025-10-02T02:00:00Z,2025-10-02T02:15:00Z,2025-10-02,2025-10-02_17,0.0,0,0,100,102.17050728697542,102.17050728697542,0.0,0.0,0.0,True,True,True,False,0.0,1099.4687131050769,0.0,0.0,0.0,0.0,1099.4687131050769
2025-10-02T02:15:00Z,2025-10-02T02:30:00Z,2025-10-02,2025-10-02_18,0.0,0,0,100,102.17050728697542,102.17050728697542,0.0,0.0,0.0,True,True,True,False,0.0,1099.4687131050769,0.0,0.0,0.0,0.0,1099.4687131050769
2025-10-02T02:30:00Z,2025-10-02T02:45:00Z,2025-10-02,2025-10-02_19,0.0,0,0,100,102.17050728697542,102.17050728697542,0.0,0.0,0.0,True,True,True,False,0.0,1099.4687131050769,0.0,0.0,0.0,0.0,1099.4687131050769
2025-10-02T02:45:00Z,2025-10-02T03:00:00Z,2025-10-02,2025-10-02_20,0.0,0,0,100,102.17050728697542,102.17050728697542,0.0,0.0,0.0,True,True,True,False,0.0,1099.4687131050769,0.0,0.0,0.0,0.0,1099.4687131050769
2025-10-02T03:00:00Z,2025-10-02T03:15:00Z,2025-10-02,2025-10-02_21,0.0,0,0,100,102.17050728697542,102.17050728697542,0.0,0.0,0.0,True,True,True,False,0.0,1099.4687131050769,0.0,0.0,0.0,0.0,1099.4687131050769
2025-10-02T03:15:00Z,2025-10-02T03:30:00Z,2025-10-02,2025-10-02_22,0.0,0,0,100,102.17050728697542,102.17050728697542,0.0,0.0,0.0,True,True,True,False,0.0,1099.4687131050769,0.0,0.0,0.0,0.0,1099.4687131050769
2025-10-02T03:30:00Z,2025-10-02T03:45:00Z,2025-10-02,2025-10-02_23,0.0,0,0,100,102.17050728697542,102.17050728697542,0.0,0.0,0.0,True,True,True,False,0.0,1099.4687131050769,0.0,0.0,0.0,0.0,1099.4687131050769
2025-10-02T03:45:00Z,2025-10-02T04:00:00Z,2025-10-02,2025-10-02_24,0.0,0,0,100,102.17050728697542,102.17050728697542,0.0,0.0,0.0,True,True,True,False,0.0,1099.4687131050769,0.0,0.0,0.0,0.0,1099.4687131050769
2025-10-02T04:00:00Z,2025-10-02T04:15:00Z,2025-10-02,2025-10-02_25,-100.0,100,0,0,102.17050728697542,112.49704728697543,0.028684833333333336,13.7755,0.0,True,True,True,False,-2448.5,0.0,164.40377804014167,0.0,2908.164725304998,0.0,624.0685033451394
2025-10-02T04:15:00Z,2025-10-02T04:30:00Z,2025-10-02,2025-10-02_26,-100.0,100,0,0,112.49704728697543,116.30584728697544,0.010579999999999997,20.86,0.0,True,True,True,False,-2985.0,0.0,164.40377804014167,0.0,4590.271322314049,0.0,1769.6751003541908
2025-10-02T04:30:00Z,2025-10-02T04:45:00Z,2025-10-02,2025-10-02_27,-0.16368596951675002,100,0,0,116.30584728697544,101.40377391304354,0.04148878442573766,13.748,0.0,True,True,True,False,-5.602970736558353,0.0,164.40377804014167,0.0,3019.934049586777,0.0,3178.7348568903603
2025-10-02T04:45:00Z,2025-10-02T05:00:00Z,2025-10-02,2025-10-02_28,0.0,100,0,0,101.40377391304354,86.42225217391311,0.04161533816425121,13.783000000000001,0.0,True,True,True,False,0.0,0.0,164.40377804014167,0.0,2969.308954545455,0.0,3133.7127325855968
2025-10-02T05:00:00Z,2025-10-02T05:15:00Z,2025-10-02,2025-10-02_29,0.0,0,0,100,86.42225217391311,86.42225217391311,0.0,0.0,0.0,True,False,True,False,0.0,1099.4687131050769,0.0,0.0,0.0,0.0,1099.4687131050769
2025-10-02T05:15:00Z,2025-10-02T05:30:00Z,2025-10-02,2025-10-02_30,0.0,0,0,100,86.42225217391311,86.42225217391311,0.0,0.0,0.0,True,False,True,False,0.0,1099.4687131050769,0.0,0.0,0.0,0.0,1099.4687131050769
2025-10-02T05:30:00Z,2025-10-02T05:45:00Z,2025-10-02,2025-10-02_31,0.0,0,0,100,86.42225217391311,86.42225217391311,0.0,0.0,0.0,True,False,True,False,0.0,1099.4687131050769,0.0,0.0,0.0,0.0,1099.4687131050769
2025-10-02T05:45:00Z,2025-10-02T06:00:00Z,2025-10-02,2025-10-02_32,0.0,0,0,100,86.42225217391311,86.42225217391311,0.0,0.0,0.0,True,False,True,False,0.0,1099.4687131050769,0.0,0.0,0.0,0.0,1099.4687131050769
2025-10-02T06:00:00Z,2025-10-02T06:15:00Z,2025-10-02,2025-10-02_33,0.0,0,0,100,86.42225217391311,86.42225217391311,0.0,0.0,0.0,True,True,True,False,0.0,1099.4687131050769,0.0,0.0,0.0,0.0,1099.4687131050769
2025-10-02T06:15:00Z,2025-10-02T06:30:00Z,2025-10-02,2025-10-02_34,0.0,0,0,100,86.42225217391311,86.42225217391311,0.0,0.0,0.0,True,True,True,False,0.0,1099.4687131050769,0.0,0.0,0.0,0.0,1099.4687131050769
2025-10-02T06:30:00Z,2025-10-02T06:45:00Z,2025-10-02,2025-10-02_35,0.0,0,0,100,86.42225217391311,86.42225217391311,0.0,0.0,0.0,True,True,True,False,0.0,1099.4687131050769,0.0,0.0,0.0,0.0,1099.4687131050769
2025-10-02T06:45:00Z,2025-10-02T07:00:00Z,2025-10-02,2025-10-02_36,0.0,0,0,100,86.42225217391311,86.42225217391311,0.0,0.0,0.0,True,True,True,False,0.0,1099.4687131050769,0.0,0.0,0.0,0.0,1099.4687131050769
2025-10-02T07:00:00Z,2025-10-02T07:15:00Z,2025-10-02,2025-10-02_37,0.0,0,0,100,86.42225217391311,86.42225217391311,0.0,0.0,0.0,True,True,True,False,0.0,1099.4687131050769,0.0,0.0,0.0,0.0,1099.4687131050769
2025-10-02T07:15:00Z,2025-10-02T07:30:00Z,2025-10-02,2025-10-02_38,0.0,0,0,100,86.42225217391311,86.42225217391311,0.0,0.0,0.0,True,True,True,False,0.0,1099.4687131050769,0.0,0.0,0.0,0.0,1099.4687131050769
2025-10-02T07:30:00Z,2025-10-02T07:45:00Z,2025-10-02,2025-10-02_39,0.0,0,0,100,86.42225217391311,86.42225217391311,0.0,0.0,0.0,True,True,True,False,0.0,1099.4687131050769,0.0,0.0,0.0,0.0,1099.4687131050769
2025-10-02T07:45:00Z,2025-10-02T08:00:00Z,2025-10-02,2025-10-02_40,0.0,0,0,100,86.42225217391311,86.42225217391311,0.0,0.0,0.0,True,True,True,False,0.0,1099.4687131050769,0.0,0.0,0.0,0.0,1099.4687131050769
2025-10-02T08:00:00Z,2025-10-02T08:15:00Z,2025-10-02,2025-10-02_41,0.0,100,100,0,86.42225217391311,60.284752173913105,0.07260416666666666,24.0465,0.0,True,True,True,False,0.0,0.0,99.46871310507676,85.92089728453364,32638.548195985837,0.0,32823.93780637545
2025-10-02T08:15:00Z,2025-10-02T08:30:00Z,2025-10-02,2025-10-02_42,0.0,100,100,0,60.284752173913105,56.24153391304354,0.012204828502415459,3.881,0.1905,True,True,True,False,0.0,0.0,99.46871310507676,85.92089728453364,2682.5110017709558,-9.939999114521841,2857.9606130460443
2025-10-02T08:30:00Z,2025-10-02T08:45:00Z,2025-10-02,2025-10-02_43,0.0,100,100,0,56.24153391304354,57.202434782608755,0.002720497584541063,0.0085,1.0545,True,True,True,False,0.0,0.0,99.46871310507676,85.92089728453364,1.2292401613537978,-60.724633707201896,125.8942168437623
2025-10-02T08:45:00Z,2025-10-02T09:00:00Z,2025-10-02,2025-10-02_44,0.0,100,100,0,57.202434782608755,64.34782608695657,0.01989057971014493,0.007000000000000001,7.775,True,True,True,False,0.0,0.0,99.46871310507676,85.92089728453364,1.0421088154269975,-144.91761609602517,41.514103109012225
2025-10-02T09:00:00Z,2025-10-02T09:15:00Z,2025-10-02,2025-10-02_45,0.0,0,0,100,64.34782608695657,64.34782608695657,0.0,0.0,0.0,True,False,True,False,0.0,1099.4687131050769,0.0,0.0,0.0,0.0,1099.4687131050769
2025-10-02T09:15:00Z,2025-10-02T09:30:00Z,2025-10-02,2025-10-02_46,0.0,0,0,100,64.34782608695657,64.34782608695657,0.0,0.0,0.0,True,False,True,False,0.0,1099.4687131050769,0.0,0.0,0.0,0.0,1099.4687131050769
2025-10-02T09:30:00Z,2025-10-02T09:45:00Z,2025-10-02,2025-10-02_47,6.178632484870436e-14,0,0,100,64.34782608695657,64.34782608695656,4.663822829763312e-17,0.0,0.0,True,False,True,False,1.6095337623087487e-12,1099.4687131050769,0.0,0.0,0.0,0.0,1099.4687131050785
2025-10-02T09:45:00Z,2025-10-02T10:00:00Z,2025-10-02,2025-10-02_48,0.0,0,0,100,64.34782608695656,64.34782608695656,0.0,0.0,0.0,True,False,True,False,0.0,1099.4687131050769,0.0,0.0,0.0,0.0,1099.4687131050769
2025-10-02T10:00:00Z,2025-10-02T10:15:00Z,2025-10-02,2025-10-02_49,0.0,100,100,0,64.34782608695656,69.43220608695655,0.014123277777777778,0.0,5.5265,True,True,True,False,0.0,0.0,99.67532467532469,109.50413223140497,0.0,-214.80054820936644,-5.621091302636785
2025-10-02T10:15:00Z,2025-10-02T10:30:00Z,2025-10-02,2025-10-02_50,0.0,100,100,0,69.43220608695655,63.1181139130435,0.01827003381642512,5.93,0.143,True,True,True,False,0.0,0.0,99.67532467532469,109.50413223140497,1545.3472648563557,-7.7100411255411245,1746.816680637544
2025-10-02T10:30:00Z,2025-10-02T10:45:00Z,2025-10-02,2025-10-02_51,0.0,100,100,0,63.1181139130435,49.87191826086959,0.036794987922705316,12.1865,0.0,True,True,True,False,0.0,0.0,99.67532467532469,109.50413223140497,3268.703699626132,0.0,3477.883156532862
2025-10-02T10:45:00Z,2025-10-02T11:00:00Z,2025-10-02,2025-10-02_52,0.0,100,100,0,49.87191826086959,25.90072260869568,0.06658665458937198,22.0535,0.0,True,True,True,False,0.0,0.0,99.67532467532469,109.50413223140497,26711.397082644624,0.0,26920.57653955135
2025-10-02T11:00:00Z,2025-10-02T11:15:00Z,2025-10-02,2025-10-02_53,-100.0,100,0,0,25.90072260869568,38.355222608695684,0.03459583333333333,11.4625,0.0,True,True,True,False,-2400.0,0.0,99.67532467532469,0.0,3572.549087465565,0.0,1272.2244121408899
2025-10-02T11:15:00Z,2025-10-02T11:30:00Z,2025-10-02,2025-10-02_54,-100.0,100,0,0,38.355222608695684,46.119102608695684,0.021566333333333333,16.561,0.0,True,True,True,False,-2400.0,0.0,99.67532467532469,0.0,9614.005928177883,0.0,7313.681252853208
2025-10-02T11:30:00Z,2025-10-02T11:45:00Z,2025-10-02,2025-10-02_55,-100.0,100,0,0,46.119102608695684,58.39374260869569,0.03409622222222223,11.658,0.0,True,True,True,False,-2400.0,0.0,99.67532467532469,0.0,4575.85905312869,0.0,2275.5343778040146
2025-10-02T11:45:00Z,2025-10-02T12:00:00Z,2025-10-02,2025-10-02_56,-100.0,100,0,0,58.39374260869569,75.40362260869568,0.047249666666666676,6.511,0.0,True,True,True,False,-2400.0,0.0,99.67532467532469,0.0,1462.2921912632823,0.0,-838.032484061393
2025-10-02T12:00:00Z,2025-10-02T12:15:00Z,2025-10-02,2025-10-02_57,-100.0,100,0,0,75.40362260869568,92.90110260869568,0.04860411111111111,5.981,0.0,True,True,True,False,-2300.5,0.0,99.67532467532469,0.0,1523.2990304998034,0.0,-677.525644824872
2025-10-02T12:15:00Z,2025-10-02T12:30:00Z,2025-10-02,2025-10-02_58,-100.0,100,0,0,92.90110260869568,115.70606260869569,0.0633471111111111,0.212,0.0,True,True,True,False,-2360.75,0.0,99.67532467532469,0.0,33.33097205824478,0.0,-2227.7437032664307
2025-10-02T12:30:00Z,2025-10-02T12:45:00Z,2025-10-02,2025-10-02_59,-100.0,100,0,0,115.70606260869569,137.80492260869568,0.06138572222222222,0.9795,0.0,True,True,True,False,-2369.25,0.0,99.67532467532469,0.0,154.02319480519483,0.0,-2115.5514805194803
2025-10-02T12:45:00Z,2025-10-02T13:00:00Z,2025-10-02,2025-10-02_60,-100.0,100,0,0,137.80492260869568,151.40988260869568,0.03779155555555556,10.212,0.0,True,True,True,False,-2389.0,0.0,99.67532467532469,0.0,5242.174066115703,0.0,2952.8493907910274
2025-10-02T13:00:00Z,2025-10-02T13:15:00Z,2025-10-02,2025-10-02_61,-100.0,100,0,0,151.40988260869568,164.34324260869568,0.035926,10.942,0.0,True,True,True,False,-2402.25,0.0,107.88075560802834,0.0,7194.080792207792,0.0,4899.71154781582
2025-10-02T13:15:00Z,2025-10-02T13:30:00Z,2025-10-02,2025-10-02_62,-100.0,100,0,0,164.34324260869568,168.8282426086957,0.012458333333333332,20.125,0.0,True,True,True,False,-2436.5,0.0,107.88075560802834,0.0,23897.075241046834,0.0,21568.455996654862
2025-10-02T13:30:00Z,2025-10-02T13:45:00Z,2025-10-02,2025-10-02_63,-100.0,100,0,0,168.8282426086957,174.8938026086957,0.016848777777777775,18.407,0.0,True,True,True,False,-2598.75,0.0,107.88075560802834,0.0,18262.44601141283,0.0,15771.576767020859
2025-10-02T13:45:00Z,2025-10-02T14:00:00Z,2025-10-02,2025-10-02_64,-99.39166084028041,100,0,0,174.8938026086957,179.62000723478263,0.013851630586697977,19.689,0.0,True,True,True,False,-2791.1663155471747,0.0,107.88075560802834,0.0,21642.457191263282,0.0,18959.171631324134
2025-10-02T14:00:00Z,2025-10-02T14:15:00Z,2025-10-02,2025-10-02_65,-62.00000000000023,100,38,0,179.62000723478263,172.8298913043479,0.030255173140096493,21.4045,0.0,True,True,True,False,-1611.225000000006,0.0,111.27508854781584,25.247343565525387,24617.626282762692,0.0,23142.92371487603
2025-10-02T14:15:00Z,2025-10-02T14:30:00Z,2025-10-02,2025-10-02_66,0.0,100,38,0,172.8298913043479,155.71684782608705,0.04753623188405797,15.744,0.0,True,True,True,False,0.0,0.0,111.27508854781584,25.247343565525387,15056.375688311691,0.0,15192.898120425032
2025-10-02T14:30:00Z,2025-10-02T14:45:00Z,2025-10-02,2025-10-02_67,0.0,100,38,0,155.71684782608705,148.67934782608705,0.01954861111111111,6.4745,0.0,True,True,True,False,0.0,0.0,111.27508854781584,25.247343565525387,1352.932260822511,0.0,1489.454692935852
2025-10-02T14:45:00Z,2025-10-02T15:00:00Z,2025-10-02,2025-10-02_68,1.723259216483395e-13,100,38,0,148.67934782608705,144.00000000000006,0.01299818840579723,4.305,0.0,True,True,True,False,7.362625002425304e-12,0.0,111.27508854781584,25.247343565525387,1602.0834710743802,0.0,1738.6059031877287
2025-10-02T15:00:00Z,2025-10-02T15:15:00Z,2025-10-02,2025-10-02_69,0.0,0,0,100,144.00000000000006,144.00000000000006,0.0,0.0,0.0,True,True,True,False,0.0,1099.4687131050769,0.0,0.0,0.0,0.0,1099.4687131050769
2025-10-02T15:15:00Z,2025-10-02T15:30:00Z,2025-10-02,2025-10-02_70,0.0,0,0,100,144.00000000000006,144.00000000000006,0.0,0.0,0.0,True,True,True,False,0.0,1099.4687131050769,0.0,0.0,0.0,0.0,1099.4687131050769
2025-10-02T15:30:00Z,2025-10-02T15:45:00Z,2025-10-02,2025-10-02_71,0.0,0,0,100,144.00000000000006,144.00000000000006,0.0,0.0,0.0,True,True,True,False,0.0,1099.4687131050769,0.0,0.0,0.0,0.0,1099.4687131050769
2025-10-02T15:45:00Z,2025-10-02T16:00:00Z,2025-10-02,2025-10-02_72,0.0,0,0,100,144.00000000000006,144.00000000000006,0.0,0.0,0.0,True,True,True,False,0.0,1099.4687131050769,0.0,0.0,0.0,0.0,1099.4687131050769
2025-10-02T16:00:00Z,2025-10-02T16:15:00Z,2025-10-02,2025-10-02_73,0.0,0,9,91,144.00000000000006,144.03022200000007,8.395e-05,0.0,0.03285,True,True,True,False,0.0,1000.5165289256199,0.0,5.929161747343565,0.0,-2.398315023612751,1004.0473756493508
2025-10-02T16:15:00Z,2025-10-02T16:30:00Z,2025-10-02,2025-10-02_74,9.0,0,9,91,144.03022200000007,141.808542652174,0.006171331521739129,0.0,0.206055,True,True,True,False,344.925,1000.5165289256199,0.0,5.929161747343565,0.0,-13.04439246162928,1338.3262982113342
2025-10-02T16:30:00Z,2025-10-02T16:45:00Z,2025-10-02,2025-10-02_75,9.0,0,9,91,141.808542652174,139.36939591304355,0.006775407608695653,0.0,0.005985,True,True,True,False,428.2425,1000.5165289256199,0.0,5.929161747343565,0.0,-0.4290851652892562,1434.2591055076743
2025-10-02T16:45:00Z,2025-10-02T17:00:00Z,2025-10-02,2025-10-02_76,9.0,0,9,91,139.36939591304355,136.93308613043484,0.006767527173913042,0.0,0.008595,True,True,True,False,529.29,1000.5165289256199,0.0,5.929161747343565,0.0,-0.672343113931523,1535.0633475590319
2025-10-02T17:00:00Z,2025-10-02T17:15:00Z,2025-10-02,2025-10-02_77,100.0,0,100,0,136.93308613043484,109.95102091304355,0.07495018115942029,0.0,0.1765,True,True,True,False,5664.25,0.0,0.0,64.1676505312869,0.0,-13.58775629673357,5714.829894234554
2025-10-02T17:15:00Z,2025-10-02T17:30:00Z,2025-10-02,2025-10-02_78,100.0,0,100,0,109.95102091304355,82.93906439130443,0.07503321256038648,0.0,0.149,True,True,True,False,5269.5,0.0,0.0,64.1676505312869,0.0,-9.570655253837073,5324.096995277449
2025-10-02T17:30:00Z,2025-10-02T17:45:00Z,2025-10-02,2025-10-02_79,100.0,0,100,0,82.93906439130443,62.01080352173921,0.05813405797101449,0.0,5.746,True,True,True,False,4189.5,0.0,0.0,64.1676505312869,0.0,-348.2944344746163,3905.3732160566706
2025-10-02T17:45:00Z,2025-10-02T18:00:00Z,2025-10-02,2025-10-02_80,1.1140219310567379,0,100,0,62.01080352173921,64.34782608695657,0.007980892782417636,0.0,2.8635,True,True,True,False,38.45603706007859,0.0,0.0,64.1676505312869,0.0,-176.83267591499413,-74.20898832362863
2025-10-02T18:00:00Z,2025-10-02T18:15:00Z,2025-10-02,2025-10-02_81,0.0,0,0,100,64.34782608695657,64.34782608695657,0.0,0.0,0.0,True,True,True,False,0.0,1099.4687131050769,0.0,0.0,0.0,0.0,1099.4687131050769
2025-10-02T18:15:00Z,2025-10-02T18:30:00Z,2025-10-02,2025-10-02_82,0.0,0,0,100,64.34782608695657,64.34782608695657,0.0,0.0,0.0,True,True,True,False,0.0,1099.4687131050769,0.0,0.0,0.0,0.0,1099.4687131050769
2025-10-02T18:30:00Z,2025-10-02T18:45:00Z,2025-10-02,2025-10-02_83,0.0,0,0,100,64.34782608695657,64.34782608695657,0.0,0.0,0.0,True,True,True,False,0.0,1099.4687131050769,0.0,0.0,0.0,0.0,1099.4687131050769
2025-10-02T18:45:00Z,2025-10-02T19:00:00Z,2025-10-02,2025-10-02_84,0.0,0,0,100,64.34782608695657,64.34782608695657,0.0,0.0,0.0,True,True,True,False,0.0,1099.4687131050769,0.0,0.0,0.0,0.0,1099.4687131050769
2025-10-02T19:00:00Z,2025-10-02T19:15:00Z,2025-10-02,2025-10-02_85,0.0,0,0,100,64.34782608695657,64.34782608695657,0.0,0.0,0.0,True,True,True,False,0.0,1099.4687131050769,0.0,0.0,0.0,0.0,1099.4687131050769
2025-10-02T19:15:00Z,2025-10-02T19:30:00Z,2025-10-02,2025-10-02_86,0.0,0,0,100,64.34782608695657,64.34782608695657,0.0,0.0,0.0,True,True,True,False,0.0,1099.4687131050769,0.0,0.0,0.0,0.0,1099.4687131050769
2025-10-02T19:30:00Z,2025-10-02T19:45:00Z,2025-10-02,2025-10-02_87,0.0,0,0,100,64.34782608695657,64.34782608695657,0.0,0.0,0.0,True,True,True,False,0.0,1099.4687131050769,0.0,0.0,0.0,0.0,1099.4687131050769
2025-10-02T19:45:00Z,2025-10-02T20:00:00Z,2025-10-02,2025-10-02_88,0.0,0,0,100,64.34782608695657,64.34782608695657,0.0,0.0,0.0,True,True,True,False,0.0,1099.4687131050769,0.0,0.0,0.0,0.0,1099.4687131050769
2025-10-02T20:00:00Z,2025-10-02T20:15:00Z,2025-10-02,2025-10-02_89,0.0,0,0,100,64.34782608695657,64.34782608695657,0.0,0.0,0.0,True,True,True,False,0.0,1099.4687131050769,0.0,0.0,0.0,0.0,1099.4687131050769
2025-10-02T20:15:00Z,2025-10-02T20:30:00Z,2025-10-02,2025-10-02_90,0.0,0,0,100,64.34782608695657,64.34782608695657,0.0,0.0,0.0,True,True,True,False,0.0,1099.4687131050769,0.0,0.0,0.0,0.0,1099.4687131050769
2025-10-02T20:30:00Z,2025-10-02T20:45:00Z,2025-10-02,2025-10-02_91,0.0,0,0,100,64.34782608695657,64.34782608695657,0.0,0.0,0.0,True,True,True,False,0.0,1099.4687131050769,0.0,0.0,0.0,0.0,1099.4687131050769
2025-10-02T20:45:00Z,2025-10-02T21:00:00Z,2025-10-02,2025-10-02_92,0.0,0,0,100,64.34782608695657,64.34782608695657,0.0,0.0,0.0,True,True,True,False,0.0,1099.4687131050769,0.0,0.0,0.0,0.0,1099.4687131050769
2025-10-02T21:00:00Z,2025-10-02T21:15:00Z,2025-10-03,2025-10-02_93,0.0,0,0,100,64.34782608695657,64.34782608695657,0.0,0.0,0.0,True,True,True,False,0.0,1099.1010484489643,0.0,0.0,0.0,0.0,1099.1010484489643
2025-10-02T21:15:00Z,2025-10-02T21:30:00Z,2025-10-03,2025-10-02_94,0.0,0,0,100,64.34782608695657,64.34782608695657,0.0,0.0,0.0,True,True,True,False,0.0,1099.1010484489643,0.0,0.0,0.0,0.0,1099.1010484489643
2025-10-02T21:30:00Z,2025-10-02T21:45:00Z,2025-10-03,2025-10-02_95,0.0,0,0,100,64.34782608695657,64.34782608695657,0.0,0.0,0.0,True,True,True,False,0.0,1099.1010484489643,0.0,0.0,0.0,0.0,1099.1010484489643
2025-10-02T21:45:00Z,2025-10-02T22:00:00Z,2025-10-03,2025-10-02_96,0.0,0,0,100,64.34782608695657,64.34782608695657,0.0,0.0,0.0,True,True,True,False,0.0,1099.1010484489643,0.0,0.0,0.0,0.0,1099.1010484489643
2025-10-02T22:00:00Z,2025-10-02T22:15:00Z,2025-10-03,2025-10-03_1,0.0,0,0,100,64.34782608695657,64.34782608695657,0.0,0.0,0.0,True,True,True,False,0.0,1099.1010484489643,0.0,0.0,0.0,0.0,1099.1010484489643
2025-10-02T22:15:00Z,2025-10-02T22:30:00Z,2025-10-03,2025-10-03_2,0.0,0,0,100,64.34782608695657,64.34782608695657,0.0,0.0,0.0,True,True,True,False,0.0,1099.1010484489643,0.0,0.0,0.0,0.0,1099.1010484489643
2025-10-02T22:30:00Z,2025-10-02T22:45:00Z,2025-10-03,2025-10-03_3,0.0,0,0,100,64.34782608695657,64.34782608695657,0.0,0.0,0.0,True,True,True,False,0.0,1099.1010484489643,0.0,0.0,0.0,0.0,1099.1010484489643
2025-10-02T22:45:00Z,2025-10-02T23:00:00Z,2025-10-03,2025-10-03_4,0.0,0,0,100,64.34782608695657,64.34782608695657,0.0,0.0,0.0,True,True,True,False,0.0,1099.1010484489643,0.0,0.0,0.0,0.0,1099.1010484489643
2025-10-02T23:00:00Z,2025-10-02T23:15:00Z,2025-10-03,2025-10-03_5,-28.999999999999986,29,0,71,64.34782608695657,71.01782608695657,0.018527777777777768,0.0,0.0,True,True,True,False,-609.7974999999997,780.3617443987646,31.463205932686822,0.0,0.0,0.0,202.02745033145175
2025-10-02T23:15:00Z,2025-10-02T23:30:00Z,2025-10-03,2025-10-03_6,-28.999999999999986,29,0,71,71.01782608695657,77.68782608695658,0.018527777777777768,0.0,0.0,True,True,True,False,-568.9799999999998,780.3617443987646,31.463205932686822,0.0,0.0,0.0,242.84495033145163
2025-10-02T23:30:00Z,2025-10-02T23:45:00Z,2025-10-03,2025-10-03_7,-28.999999999999986,29,0,71,77.68782608695658,84.35782608695656,0.018527777777777768,0.0,0.0,True,True,True,False,-518.0124999999998,780.3617443987646,31.463205932686822,0.0,0.0,0.0,293.8124503314516
2025-10-02T23:45:00Z,2025-10-03T00:00:00Z,2025-10-03,2025-10-03_8,-28.999999999999986,29,0,71,84.35782608695656,91.02782608695655,0.018527777777777768,0.0,0.0,True,True,True,False,-446.45499999999976,780.3617443987646,31.463205932686822,0.0,0.0,0.0,365.36995033145166
2025-10-03T00:00:00Z,2025-10-03T00:15:00Z,2025-10-03,2025-10-03_9,0.0,0,0,100,91.02782608695655,91.02782608695655,0.0,0.0,0.0,True,True,True,False,0.0,1099.1010484489643,0.0,0.0,0.0,0.0,1099.1010484489643
2025-10-03T00:15:00Z,2025-10-03T00:30:00Z,2025-10-03,2025-10-03_10,0.0,0,0,100,91.02782608695655,91.02782608695655,0.0,0.0,0.0,True,True,True,False,0.0,1099.1010484489643,0.0,0.0,0.0,0.0,1099.1010484489643
2025-10-03T00:30:00Z,2025-10-03T00:45:00Z,2025-10-03,2025-10-03_11,0.0,0,0,100,91.02782608695655,91.02782608695655,0.0,0.0,0.0,True,True,True,False,0.0,1099.1010484489643,0.0,0.0,0.0,0.0,1099.1010484489643
2025-10-03T00:45:00Z,2025-10-03T01:00:00Z,2025-10-03,2025-10-03_12,0.0,0,0,100,91.02782608695655,91.02782608695655,0.0,0.0,0.0,True,True,True,False,0.0,1099.1010484489643,0.0,0.0,0.0,0.0,1099.1010484489643
2025-10-03T01:00:00Z,2025-10-03T01:15:00Z,2025-10-03,2025-10-03_13,0.0,0,0,100,91.02782608695655,91.02782608695655,0.0,0.0,0.0,True,True,True,False,0.0,1099.1010484489643,0.0,0.0,0.0,0.0,1099.1010484489643
2025-10-03T01:15:00Z,2025-10-03T01:30:00Z,2025-10-03,2025-10-03_14,0.0,0,0,100,91.02782608695655,91.02782608695655,0.0,0.0,0.0,True,True,True,False,0.0,1099.1010484489643,0.0,0.0,0.0,0.0,1099.1010484489643
2025-10-03T01:30:00Z,2025-10-03T01:45:00Z,2025-10-03,2025-10-03_15,0.0,0,0,100,91.02782608695655,91.02782608695655,0.0,0.0,0.0,True,True,True,False,0.0,1099.1010484489643,0.0,0.0,0.0,0.0,1099.1010484489643
2025-10-03T01:45:00Z,2025-10-03T02:00:00Z,2025-10-03,2025-10-03_16,0.0,0,0,100,91.02782608695655,91.02782608695655,0.0,0.0,0.0,True,True,True,False,0.0,1099.1010484489643,0.0,0.0,0.0,0.0,1099.1010484489643
2025-10-03T02:00:00Z,2025-10-03T02:15:00Z,2025-10-03,2025-10-03_17,0.0,0,0,100,91.02782608695655,91.02782608695655,0.0,0.0,0.0,True,True,True,False,0.0,1099.1010484489643,0.0,0.0,0.0,0.0,1099.1010484489643
2025-10-03T02:15:00Z,2025-10-03T02:30:00Z,2025-10-03,2025-10-03_18,0.0,0,0,100,91.02782608695655,91.02782608695655,0.0,0.0,0.0,True,True,True,False,0.0,1099.1010484489643,0.0,0.0,0.0,0.0,1099.1010484489643
2025-10-03T02:30:00Z,2025-10-03T02:45:00Z,2025-10-03,2025-10-03_19,0.0,0,0,100,91.02782608695655,91.02782608695655,0.0,0.0,0.0,True,True,True,False,0.0,1099.1010484489643,0.0,0.0,0.0,0.0,1099.1010484489643
2025-10-03T02:45:00Z,2025-10-03T03:00:00Z,2025-10-03,2025-10-03_20,0.0,0,0,100,91.02782608695655,91.02782608695655,0.0,0.0,0.0,True,True,True,False,0.0,1099.1010484489643,0.0,0.0,0.0,0.0,1099.1010484489643
2025-10-03T03:00:00Z,2025-10-03T03:15:00Z,2025-10-03,2025-10-03_21,0.0,0,0,100,91.02782608695655,91.02782608695655,0.0,0.0,0.0,True,True,True,False,0.0,1099.1010484489643,0.0,0.0,0.0,0.0,1099.1010484489643
2025-10-03T03:15:00Z,2025-10-03T03:30:00Z,2025-10-03,2025-10-03_22,0.0,0,0,100,91.02782608695655,91.02782608695655,0.0,0.0,0.0,True,True,True,False,0.0,1099.1010484489643,0.0,0.0,0.0,0.0,1099.1010484489643
2025-10-03T03:30:00Z,2025-10-03T03:45:00Z,2025-10-03,2025-10-03_23,0.0,0,0,100,91.02782608695655,91.02782608695655,0.0,0.0,0.0,True,True,True,False,0.0,1099.1010484489643,0.0,0.0,0.0,0.0,1099.1010484489643
2025-10-03T03:45:00Z,2025-10-03T04:00:00Z,2025-10-03,2025-10-03_24,0.0,0,0,100,91.02782608695655,91.02782608695655,0.0,0.0,0.0,True,True,True,False,0.0,1099.1010484489643,0.0,0.0,0.0,0.0,1099.1010484489643
2025-10-03T04:00:00Z,2025-10-03T04:15:00Z,2025-10-03,2025-10-03_25,0.0,0,0,100,91.02782608695655,91.02782608695655,0.0,0.0,0.0,True,True,True,False,0.0,1099.1010484489643,0.0,0.0,0.0,0.0,1099.1010484489643
2025-10-03T04:15:00Z,2025-10-03T04:30:00Z,2025-10-03,2025-10-03_26,0.0,0,0,100,91.02782608695655,91.02782608695655,0.0,0.0,0.0,True,True,True,False,0.0,1099.1010484489643,0.0,0.0,0.0,0.0,1099.1010484489643
2025-10-03T04:30:00Z,2025-10-03T04:45:00Z,2025-10-03,2025-10-03_27,0.0,0,0,100,91.02782608695655,91.02782608695655,0.0,0.0,0.0,True,True,True,False,0.0,1099.1010484489643,0.0,0.0,0.0,0.0,1099.1010484489643
2025-10-03T04:45:00Z,2025-10-03T05:00:00Z,2025-10-03,2025-10-03_28,0.0,0,0,100,91.02782608695655,91.02782608695655,0.0,0.0,0.0,True,True,True,False,0.0,1099.1010484489643,0.0,0.0,0.0,0.0,1099.1010484489643
2025-10-03T05:00:00Z,2025-10-03T05:15:00Z,2025-10-03,2025-10-03_29,0.0,100,100,0,91.02782608695655,85.64304347826089,0.014957729468599032,4.954,0.0,True,True,True,False,0.0,0.0,174.61691287841532,59.779294608257764,999.5294553179771,0.0,1233.92566280465
2025-10-03T05:15:00Z,2025-10-03T05:30:00Z,2025-10-03,2025-10-03_30,0.0,100,100,0,85.64304347826089,69.50391304347829,0.04483091787439613,14.848,0.0,True,True,True,False,0.0,0.0,174.61691287841532,59.779294608257764,3445.1320479178553,0.0,3679.5282554045284
2025-10-03T05:30:00Z,2025-10-03T05:45:00Z,2025-10-03,2025-10-03_31,0.0,100,100,0,69.50391304347829,53.30065217391308,0.04500905797101449,14.907,0.0,True,True,True,False,0.0,0.0,174.61691287841532,59.779294608257764,3495.317190235458,0.0,3729.713397722131
2025-10-03T05:45:00Z,2025-10-03T06:00:00Z,2025-10-03,2025-10-03_32,0.0,100,100,0,53.30065217391308,44.81077043478265,0.023606004830917873,7.814499999999999,0.0045,True,True,True,False,0.0,0.0,174.61691287841532,59.779294608257764,1589.4468880933175,-0.3378447784094261,1823.5052508015813
2025-10-03T06:00:00Z,2025-10-03T06:15:00Z,2025-10-03,2025-10-03_33,0.0,100,73,0,44.81077043478265,28.637400869565255,0.04492602657004831,14.8795,0.0,True,True,True,False,0.0,0.0,145.75997796880225,43.66042449397092,3262.414596652045,0.0,3451.8349991148184
2025-10-03T06:15:00Z,2025-10-03T06:30:00Z,2025-10-03,2025-10-03_34,-0.8468487475298314,100,73,0,28.637400869565255,11.608956356521773,0.04769658515529536,15.866,0.0,True,True,True,False,-27.52681853845717,0.0,145.75997796880225,43.66042449397092,5323.956347542145,0.0,5485.8499314664605
2025-10-03T06:30:00Z,2025-10-03T06:45:00Z,2025-10-03,2025-10-03_35,0.0,100,73,0,11.608956356521773,10.050958191304382,0.004482613792270531,1.459,0.030295,True,True,True,False,0.0,0.0,145.75997796880225,43.66042449397092,235.54166945335092,-1.9471645386234433,423.01490737750066
2025-10-03T06:45:00Z,2025-10-03T07:00:00Z,2025-10-03,2025-10-03_36,-27.0,100,73,0,10.050958191304382,16.255978260869597,0.01761527314009662,0.086,0.09198,True,True,True,False,-679.5225,0.0,145.75997796880225,43.66042449397092,12.667935165332334,-5.898574612978736,-483.3327369848733
2025-10-03T07:00:00Z,2025-10-03T07:15:00Z,2025-10-03,2025-10-03_37,1.4481169886415083e-14,100,0,0,16.255978260869597,10.000000000000028,0.017377717391304358,5.7555,0.0,True,True,True,False,4.33023182528527e-13,0.0,105.54320671951533,0.0,3011.4555283553314,0.0,3116.998735074847
2025-10-03T07:15:00Z,2025-10-03T07:30:00Z,2025-10-03,2025-10-03_38,-100.0,100,0,0,10.000000000000028,20.78102000000003,0.02994727777777778,13.2815,0.0,True,True,True,False,-2701.5,0.0,105.54320671951533,0.0,15063.706072447232,0.0,12467.749279166748
2025-10-03T07:30:00Z,2025-10-03T07:45:00Z,2025-10-03,2025-10-03_39,-96.4151901569015,100,0,0,20.78102000000003,40.49154146956523,0.05532770237936759,2.662,0.0,True,True,True,False,-2285.52208266935,0.0,105.54320671951533,0.0,418.8242307767964,0.0,-1761.154645173038
2025-10-03T07:45:00Z,2025-10-03T08:00:00Z,2025-10-03,2025-10-03_40,-100.0,100,0,0,40.49154146956523,61.20212146956523,0.057529388888888894,2.4885,0.0,True,True,True,False,-1992.7499999999998,0.0,105.54320671951533,0.0,414.13844424336605,0.0,-1473.0683490371184
2025-10-03T08:00:00Z,2025-10-03T08:15:00Z,2025-10-03,2025-10-03_41,0.0,7,7,93,61.20212146956523,61.08285072173914,0.0005259387439613527,0.14196,0.03808,True,True,True,False,0.0,1022.1639750575367,6.904715069732675,5.330861380490587,22.145838188720813,-2.229257147353306,1054.3161325491276
2025-10-03T08:15:00Z,2025-10-03T08:30:00Z,2025-10-03,2025-10-03_42,-5.1619336824283775e-14,7,7,93,61.08285072173914,60.85122717391307,0.0011423198550724843,0.295715,0.09761500000000001,True,True,True,False,-1.4430185609228528e-12,1022.1639750575367,6.904715069732675,5.330861380490587,47.21527960343844,-3.914892039262741,1077.6999390719343
2025-10-03T08:30:00Z,2025-10-03T08:45:00Z,2025-10-03,2025-10-03_43,0.0,7,7,93,60.85122717391307,60.69983695652176,0.000800667270531401,0.20223,0.07437500000000001,True,True,True,False,0.0,1022.1639750575367,6.904715069732675,5.330861380490587,31.854974272675413,-3.4230612054212486,1062.8314645750143
2025-10-03T08:45:00Z,2025-10-03T09:00:00Z,2025-10-03,2025-10-03_44,-1.0658141036401503e-14,7,7,93,60.69983695652176,60.543478260869584,0.0004343297101449331,0.14385,0.0,True,True,True,False,-2.12656559028801e-13,1022.1639750575367,6.904715069732675,5.330861380490587,21.798918700946164,0.0,1056.1984702087059
2025-10-03T09:00:00Z,2025-10-03T09:15:00Z,2025-10-03,2025-10-03_45,-7.0,7,0,93,60.543478260869584,62.07616606086958,0.004257466111111111,0.08403499999999998,0.0,True,True,True,False,-112.85749999999999,1022.1639750575367,6.904715069732675,0.0,9.438047765407083,0.0,925.6492378926765
2025-10-03T09:15:00Z,2025-10-03T09:30:00Z,2025-10-03,2025-10-03_46,-7.0,7,0,93,62.07616606086958,63.56831406086958,0.004144855555555556,0.1281,0.0,True,True,True,False,-97.47500000000001,1022.1639750575367,6.904715069732675,0.0,15.913710525798137,0.0,947.5074006530675
2025-10-03T09:30:00Z,2025-10-03T09:45:00Z,2025-10-03,2025-10-03_47,-7.0,7,0,93,63.56831406086958,65.02111366086957,0.004035554444444445,0.17087,0.0,True,True,True,False,-112.98,1022.1639750575367,6.904715069732675,0.0,21.147519495642936,0.0,937.2362096229124
2025-10-03T09:45:00Z,2025-10-03T10:00:00Z,2025-10-03,2025-10-03_48,-7.0,7,0,93,65.02111366086957,66.62390086086957,0.004452186666666667,0.007840000000000001,0.0,True,True,True,False,-108.58749999999999,1022.1639750575367,6.904715069732675,0.0,0.8697916871569921,0.0,921.3509818144264
2025-10-03T10:00:00Z,2025-10-03T10:15:00Z,2025-10-03,2025-10-03_49,0.0,7,7,93,66.62390086086957,66.5974226,7.355072463768114e-05,0.024359999999999996,0.0,True,True,True,False,0.0,1022.1639750575367,6.904715069732675,7.127780946948088,3.196120935539075,0.0,1039.3925920097565
2025-10-03T10:15:00Z,2025-10-03T10:30:00Z,2025-10-03,2025-10-03_50,-3.362912303700692e-15,7,7,93,66.5974226,66.60109930434783,6.706693236715188e-05,0.009415,0.01512,True,True,True,False,-7.438762015785931e-14,1022.1639750575367,6.904715069732675,7.127780946948088,1.2352823730747289,-0.671124920825383,1036.7606285264667
2025-10-03T10:30:00Z,2025-10-03T10:45:00Z,2025-10-03,2025-10-03_51,0.0,7,7,93,66.60109930434783,66.81162290434783,0.0005847877777777779,0.0,0.22883000000000003,True,True,True,False,0.0,1022.1639750575367,6.904715069732675,7.127780946948088,0.0,-8.552373271436158,1027.6440978027813
2025-10-03T10:45:00Z,2025-10-03T11:00:00Z,2025-10-03,2025-10-03_52,0.0,7,7,93,66.81162290434783,67.44293610434782,0.0017536477777777778,0.0,0.68621,True,True,True,False,0.0,1022.1639750575367,6.904715069732675,7.127780946948088,0.0,-6.116457251608081,1030.0800138226093
2025-10-03T11:00:00Z,2025-10-03T11:15:00Z,2025-10-03,2025-10-03_53,-81.0,81,0,19,67.44293610434782,86.07293610434783,0.051750000000000004,0.0,0.0,True,True,True,False,-518.1975,208.8291992053032,79.89741723547809,0.0,0.0,0.0,-229.4708835592187
2025-10-03T11:15:00Z,2025-10-03T11:30:00Z,2025-10-03,2025-10-03_54,-81.00000000000004,81,0,19,86.07293610434783,104.65263510434784,0.051610275000000025,0.054675,0.0,True,True,True,False,-437.40000000000026,208.8291992053032,79.89741723547809,0.0,5.1086069201565785,0.0,-143.5647766390624
2025-10-03T11:30:00Z,2025-10-03T11:45:00Z,2025-10-03,2025-10-03_55,-81.0,81,0,19,104.65263510434784,122.11043550434785,0.048493890000000005,1.27413,0.0,True,True,True,False,-991.035,208.8291992053032,79.89741723547809,0.0,120.74648075810924,0.0,-581.5619028011095
2025-10-03T11:45:00Z,2025-10-03T12:00:00Z,2025-10-03,2025-10-03_56,-81.0,81,0,19,122.11043550434785,137.83303770434784,0.043673895000000004,3.160215,0.0,True,True,True,False,-1464.075,208.8291992053032,79.89741723547809,0.0,386.2185923628459,0.0,-789.1297911963728
2025-10-03T12:00:00Z,2025-10-03T12:15:00Z,2025-10-03,2025-10-03_57,-7.0,7,0,93,137.83303770434784,139.33909610434785,0.004183495555555556,0.11298000000000001,0.0,True,True,True,False,-31.202499999999997,1022.1639750575367,6.904715069732675,0.0,11.756324948364382,0.0,1009.6225150756338
2025-10-03T12:15:00Z,2025-10-03T12:30:00Z,2025-10-03,2025-10-03_58,-7.0,7,0,93,139.33909610434785,140.87587330434786,0.004268825555555556,0.07959,0.0,True,True,True,False,-47.862500000000004,1022.1639750575367,6.904715069732675,0.0,7.714360595629167,0.0,988.9205507228986
2025-10-03T12:30:00Z,2025-10-03T12:45:00Z,2025-10-03,2025-10-03_59,-7.0,7,0,93,140.87587330434786,142.46916150434785,0.004425800555555556,0.018165,0.0,True,True,True,False,-125.265,1022.1639750575367,6.904715069732675,0.0,1.7365071099789522,0.0,905.5401972372483
2025-10-03T12:45:00Z,2025-10-03T13:00:00Z,2025-10-03,2025-10-03_60,-6.655960795000503,7,0,93,142.46916150434785,144.0,0.0042523395422465185,3.5000000000000004e-05,0.0,True,True,True,False,-128.0939654997847,1022.1639750575367,6.904715069732675,0.0,0.003270255915966717,0.0,900.9779948834007
2025-10-03T13:00:00Z,2025-10-03T13:15:00Z,2025-10-03,2025-10-03_61,0.0,0,0,100,144.0,144.0,0.0,0.0,0.0,True,True,True,False,0.0,1099.1010484489643,0.0,0.0,0.0,0.0,1099.1010484489643
2025-10-03T13:15:00Z,2025-10-03T13:30:00Z,2025-10-03,2025-10-03_62,0.0,0,0,100,144.0,144.0,0.0,0.0,0.0,True,True,True,False,0.0,1099.1010484489643,0.0,0.0,0.0,0.0,1099.1010484489643
2025-10-03T13:30:00Z,2025-10-03T13:45:00Z,2025-10-03,2025-10-03_63,0.0,0,0,100,144.0,144.0,0.0,0.0,0.0,True,True,True,False,0.0,1099.1010484489643,0.0,0.0,0.0,0.0,1099.1010484489643
2025-10-03T13:45:00Z,2025-10-03T14:00:00Z,2025-10-03,2025-10-03_64,0.0,0,0,100,144.0,144.0,0.0,0.0,0.0,True,True,True,False,0.0,1099.1010484489643,0.0,0.0,0.0,0.0,1099.1010484489643
2025-10-03T14:00:00Z,2025-10-03T14:15:00Z,2025-10-03,2025-10-03_65,0.0,0,0,100,144.0,144.0,0.0,0.0,0.0,True,True,True,False,0.0,1099.1010484489643,0.0,0.0,0.0,0.0,1099.1010484489643
2025-10-03T14:15:00Z,2025-10-03T14:30:00Z,2025-10-03,2025-10-03_66,0.0,0,0,100,144.0,144.0,0.0,0.0,0.0,True,True,True,False,0.0,1099.1010484489643,0.0,0.0,0.0,0.0,1099.1010484489643
2025-10-03T14:30:00Z,2025-10-03T14:45:00Z,2025-10-03,2025-10-03_67,0.0,0,0,100,144.0,144.0,0.0,0.0,0.0,True,True,True,False,0.0,1099.1010484489643,0.0,0.0,0.0,0.0,1099.1010484489643
2025-10-03T14:45:00Z,2025-10-03T15:00:00Z,2025-10-03,2025-10-03_68,0.0,0,0,100,144.0,144.0,0.0,0.0,0.0,True,True,True,False,0.0,1099.1010484489643,0.0,0.0,0.0,0.0,1099.1010484489643
2025-10-03T15:00:00Z,2025-10-03T15:15:00Z,2025-10-03,2025-10-03_69,0.0,0,0,100,144.0,144.0,0.0,0.0,0.0,True,True,True,False,0.0,1099.1010484489643,0.0,0.0,0.0,0.0,1099.1010484489643
2025-10-03T15:15:00Z,2025-10-03T15:30:00Z,2025-10-03,2025-10-03_70,0.0,0,0,100,144.0,144.0,0.0,0.0,0.0,True,True,True,False,0.0,1099.1010484489643,0.0,0.0,0.0,0.0,1099.1010484489643
2025-10-03T15:30:00Z,2025-10-03T15:45:00Z,2025-10-03,2025-10-03_71,0.0,0,0,100,144.0,144.0,0.0,0.0,0.0,True,True,True,False,0.0,1099.1010484489643,0.0,0.0,0.0,0.0,1099.1010484489643
2025-10-03T15:45:00Z,2025-10-03T16:00:00Z,2025-10-03,2025-10-03_72,0.0,0,0,100,144.0,144.0,0.0,0.0,0.0,True,True,True,False,0.0,1099.1010484489643,0.0,0.0,0.0,0.0,1099.1010484489643
2025-10-03T16:00:00Z,2025-10-03T16:15:00Z,2025-10-03,2025-10-03_73,0.0,0,0,100,144.0,144.0,0.0,0.0,0.0,True,True,True,False,0.0,1099.1010484489643,0.0,0.0,0.0,0.0,1099.1010484489643
2025-10-03T16:15:00Z,2025-10-03T16:30:00Z,2025-10-03,2025-10-03_74,0.0,0,0,100,144.0,144.0,0.0,0.0,0.0,True,True,True,False,0.0,1099.1010484489643,0.0,0.0,0.0,0.0,1099.1010484489643
2025-10-03T16:30:00Z,2025-10-03T16:45:00Z,2025-10-03,2025-10-03_75,0.0,0,0,100,144.0,144.0,0.0,0.0,0.0,True,True,True,False,0.0,1099.1010484489643,0.0,0.0,0.0,0.0,1099.1010484489643
2025-10-03T16:45:00Z,2025-10-03T17:00:00Z,2025-10-03,2025-10-03_76,0.0,0,0,100,144.0,144.0,0.0,0.0,0.0,True,True,True,False,0.0,1099.1010484489643,0.0,0.0,0.0,0.0,1099.1010484489643
2025-10-03T17:00:00Z,2025-10-03T17:15:00Z,2025-10-03,2025-10-03_77,100.0,0,100,0,144.0,131.28858695652173,0.0353094806763285,0.0,13.3055,True,True,True,False,3832.25,0.0,0.0,58.24497905069142,0.0,273.082451560871,4163.577430611563
2025-10-03T17:15:00Z,2025-10-03T17:30:00Z,2025-10-03,2025-10-03_78,100.0,0,100,0,131.28858695652173,117.44891304347826,0.03844353864734299,0.0,12.2675,True,True,True,False,3832.25,0.0,0.0,58.24497905069142,0.0,-484.0905064224875,3406.404472628204
2025-10-03T17:30:00Z,2025-10-03T17:45:00Z,2025-10-03,2025-10-03_79,100.0,0,100,0,117.44891304347826,99.2070652173913,0.05067179951690821,0.0,8.2175,True,True,True,False,3603.75,0.0,0.0,58.24497905069142,0.0,-335.5246129787359,3326.4703660719556
2025-10-03T17:45:00Z,2025-10-03T18:00:00Z,2025-10-03,2025-10-03_80,100.0,0,100,0,99.2070652173913,72.54347826086956,0.0740655193236715,0.0,0.4695,True,True,True,False,3445.5,0.0,0.0,58.24497905069142,0.0,-29.104807128666128,3474.6401719220253
2025-10-03T18:00:00Z,2025-10-03T18:15:00Z,2025-10-03,2025-10-03_81,0.0,0,0,100,72.54347826086956,72.54347826086956,0.0,0.0,0.0,True,True,True,False,0.0,1099.1010484489643,0.0,0.0,0.0,0.0,1099.1010484489643
2025-10-03T18:15:00Z,2025-10-03T18:30:00Z,2025-10-03,2025-10-03_82,0.0,0,0,100,72.54347826086956,72.54347826086956,0.0,0.0,0.0,True,True,True,False,0.0,1099.1010484489643,0.0,0.0,0.0,0.0,1099.1010484489643
2025-10-03T18:30:00Z,2025-10-03T18:45:00Z,2025-10-03,2025-10-03_83,0.0,0,0,100,72.54347826086956,72.54347826086956,0.0,0.0,0.0,True,True,True,False,0.0,1099.1010484489643,0.0,0.0,0.0,0.0,1099.1010484489643
2025-10-03T18:45:00Z,2025-10-03T19:00:00Z,2025-10-03,2025-10-03_84,0.0,0,0,100,72.54347826086956,72.54347826086956,0.0,0.0,0.0,True,True,True,False,0.0,1099.1010484489643,0.0,0.0,0.0,0.0,1099.1010484489643
2025-10-03T19:00:00Z,2025-10-03T19:15:00Z,2025-10-03,2025-10-03_85,-2.0756343503861623e-14,100,0,0,72.54347826086956,69.61521739130434,0.008134057971014503,2.694,0.0,True,True,True,False,-6.811194120792191e-13,0.0,151.45464917284653,0.0,467.5499876074512,0.0,619.0046367802971
2025-10-03T19:15:00Z,2025-10-03T19:30:00Z,2025-10-03,2025-10-03_86,0.0,100,0,0,69.61521739130434,55.488586956521736,0.03924064009661835,12.9965,0.0,True,True,True,False,0.0,0.0,151.45464917284653,0.0,3439.7098257174885,0.0,3591.164474890335
2025-10-03T19:30:00Z,2025-10-03T19:45:00Z,2025-10-03,2025-10-03_87,-74.26118698683702,100,0,0,55.488586956521736,60.04038608695652,0.0328650191607035,13.01,0.0,True,True,True,False,-2212.9833722077433,0.0,151.45464917284653,0.0,9370.795619332375,0.0,7309.2668962974785
2025-10-03T19:45:00Z,2025-10-03T20:00:00Z,2025-10-03,2025-10-03_88,-100.0,100,0,0,60.04038608695652,64.34782608695652,0.011965111111111103,20.318,0.0,True,True,True,False,-2599.0,0.0,151.45464917284653,0.0,17830.308954895056,0.0,15382.763604067903
2025-10-03T20:00:00Z,2025-10-03T20:15:00Z,2025-10-03,2025-10-03_89,0.0,0,0,100,64.34782608695652,64.34782608695652,0.0,0.0,0.0,True,False,True,False,0.0,1099.1010484489643,0.0,0.0,0.0,0.0,1099.1010484489643
2025-10-03T20:15:00Z,2025-10-03T20:30:00Z,2025-10-03,2025-10-03_90,0.0,0,0,100,64.34782608695652,64.34782608695652,0.0,0.0,0.0,True,False,True,False,0.0,1099.1010484489643,0.0,0.0,0.0,0.0,1099.1010484489643
2025-10-03T20:30:00Z,2025-10-03T20:45:00Z,2025-10-03,2025-10-03_91,0.0,0,0,100,64.34782608695652,64.34782608695652,0.0,0.0,0.0,True,False,True,False,0.0,1099.1010484489643,0.0,0.0,0.0,0.0,1099.1010484489643
2025-10-03T20:45:00Z,2025-10-03T21:00:00Z,2025-10-03,2025-10-03_92,0.0,0,0,100,64.34782608695652,64.34782608695652,0.0,0.0,0.0,True,False,True,False,0.0,1099.1010484489643,0.0,0.0,0.0,0.0,1099.1010484489643
2025-10-03T21:00:00Z,2025-10-03T21:15:00Z,2025-10-04,2025-10-03_93,0.0,0,0,100,64.34782608695652,64.34782608695652,0.0,0.0,0.0,True,False,True,False,0.0,1097.9779520132051,0.0,0.0,0.0,0.0,1097.9779520132051
2025-10-03T21:15:00Z,2025-10-03T21:30:00Z,2025-10-04,2025-10-03_94,0.0,0,0,100,64.34782608695652,64.34782608695652,0.0,0.0,0.0,True,False,True,False,0.0,1097.9779520132051,0.0,0.0,0.0,0.0,1097.9779520132051
2025-10-03T21:30:00Z,2025-10-03T21:45:00Z,2025-10-04,2025-10-03_95,0.0,0,0,100,64.34782608695652,64.34782608695652,0.0,0.0,0.0,True,False,True,False,0.0,1097.9779520132051,0.0,0.0,0.0,0.0,1097.9779520132051
2025-10-03T21:45:00Z,2025-10-03T22:00:00Z,2025-10-04,2025-10-03_96,0.0,0,0,100,64.34782608695652,64.34782608695652,0.0,0.0,0.0,True,False,True,False,0.0,1097.9779520132051,0.0,0.0,0.0,0.0,1097.9779520132051
2025-10-03T22:00:00Z,2025-10-03T22:15:00Z,2025-10-04,2025-10-04_1,0.0,0,0,100,64.34782608695652,64.34782608695652,0.0,0.0,0.0,True,False,True,False,0.0,1097.9779520132051,0.0,0.0,0.0,0.0,1097.9779520132051
2025-10-03T22:15:00Z,2025-10-03T22:30:00Z,2025-10-04,2025-10-04_2,0.0,0,0,100,64.34782608695652,64.34782608695652,0.0,0.0,0.0,True,False,True,False,0.0,1097.9779520132051,0.0,0.0,0.0,0.0,1097.9779520132051
2025-10-03T22:30:00Z,2025-10-03T22:45:00Z,2025-10-04,2025-10-04_3,0.0,0,0,100,64.34782608695652,64.34782608695652,0.0,0.0,0.0,True,False,True,False,0.0,1097.9779520132051,0.0,0.0,0.0,0.0,1097.9779520132051
2025-10-03T22:45:00Z,2025-10-03T23:00:00Z,2025-10-04,2025-10-04_4,0.0,0,0,100,64.34782608695652,64.34782608695652,0.0,0.0,0.0,True,False,True,False,0.0,1097.9779520132051,0.0,0.0,0.0,0.0,1097.9779520132051
2025-10-03T23:00:00Z,2025-10-03T23:15:00Z,2025-10-04,2025-10-04_5,0.0,0,0,100,64.34782608695652,64.34782608695652,0.0,0.0,0.0,True,True,True,False,0.0,1097.9779520132051,0.0,0.0,0.0,0.0,1097.9779520132051
2025-10-03T23:15:00Z,2025-10-03T23:30:00Z,2025-10-04,2025-10-04_6,0.0,0,0,100,64.34782608695652,64.34782608695652,0.0,0.0,0.0,True,True,True,False,0.0,1097.9779520132051,0.0,0.0,0.0,0.0,1097.9779520132051
2025-10-03T23:30:00Z,2025-10-03T23:45:00Z,2025-10-04,2025-10-04_7,0.0,0,0,100,64.34782608695652,64.34782608695652,0.0,0.0,0.0,True,True,True,False,0.0,1097.9779520132051,0.0,0.0,0.0,0.0,1097.9779520132051
2025-10-03T23:45:00Z,2025-10-04T00:00:00Z,2025-10-04,2025-10-04_8,0.0,0,0,100,64.34782608695652,64.34782608695652,0.0,0.0,0.0,True,True,True,False,0.0,1097.9779520132051,0.0,0.0,0.0,0.0,1097.9779520132051
2025-10-04T00:00:00Z,2025-10-04T00:15:00Z,2025-10-04,2025-10-04_9,0.0,0,0,100,64.34782608695652,64.34782608695652,0.0,0.0,0.0,True,True,True,False,0.0,1097.9779520132051,0.0,0.0,0.0,0.0,1097.9779520132051
2025-10-04T00:15:00Z,2025-10-04T00:30:00Z,2025-10-04,2025-10-04_10,0.0,0,0,100,64.34782608695652,64.34782608695652,0.0,0.0,0.0,True,True,True,False,0.0,1097.9779520132051,0.0,0.0,0.0,0.0,1097.9779520132051
2025-10-04T00:30:00Z,2025-10-04T00:45:00Z,2025-10-04,2025-10-04_11,0.0,0,0,100,64.34782608695652,64.34782608695652,0.0,0.0,0.0,True,True,True,False,0.0,1097.9779520132051,0.0,0.0,0.0,0.0,1097.9779520132051
2025-10-04T00:45:00Z,2025-10-04T01:00:00Z,2025-10-04,2025-10-04_12,0.0,0,0,100,64.34782608695652,64.34782608695652,0.0,0.0,0.0,True,True,True,False,0.0,1097.9779520132051,0.0,0.0,0.0,0.0,1097.9779520132051
2025-10-04T01:00:00Z,2025-10-04T01:15:00Z,2025-10-04,2025-10-04_13,-100.0,100,0,0,64.34782608695652,73.40384608695652,0.02515561111111111,15.156500000000001,0.0,True,True,True,False,-2067.0,0.0,105.67116665684136,0.0,2745.6796904046064,0.0,784.3508570614478
2025-10-04T01:15:00Z,2025-10-04T01:30:00Z,2025-10-04,2025-10-04_14,-100.0,100,0,0,73.40384608695652,87.53044608695652,0.03924055555555556,9.645,0.0,True,True,True,False,-2061.75,0.0,105.67116665684136,0.0,1544.7617284678417,0.0,-411.3171048753169
2025-10-04T01:30:00Z,2025-10-04T01:45:00Z,2025-10-04,2025-10-04_15,-100.0,100,0,0,87.53044608695652,96.98574608695651,0.026264722222222224,14.7225,0.0,True,True,True,False,-2042.25,0.0,105.67116665684136,0.0,2581.1922463597243,0.0,644.6134130165657
2025-10-04T01:45:00Z,2025-10-04T02:00:00Z,2025-10-04,2025-10-04_16,-100.0,100,0,0,96.98574608695651,105.32232608695651,0.02315716666666667,15.9385,0.0,True,True,True,False,-2052.25,0.0,105.67116665684136,0.0,2771.9159031421327,0.0,825.3370697989741
2025-10-04T02:00:00Z,2025-10-04T02:15:00Z,2025-10-04,2025-10-04_17,-100.0,100,0,0,105.32232608695651,112.2209460869565,0.019162833333333334,17.5015,0.0,True,True,True,False,-2113.75,0.0,105.67116665684136,0.0,3282.3162364165146,0.0,1274.2374030733558
2025-10-04T02:15:00Z,2025-10-04T02:30:00Z,2025-10-04,2025-10-04_18,-100.0,100,0,0,112.2209460869565,122.10680608695651,0.027460722222222227,14.2545,0.0,True,True,True,False,-2157.25,0.0,105.67116665684136,0.0,2467.3402534928964,0.0,415.7614201497378
2025-10-04T02:30:00Z,2025-10-04T02:45:00Z,2025-10-04,2025-10-04_19,-99.41523192488935,100,0,0,122.10680608695651,132.80805434782607,0.030192091590341863,13.208,0.0,True,True,True,False,-2186.1409500283166,0.0,105.67116665684136,0.0,2374.62912456523,0.0,294.1593411937548
2025-10-04T02:45:00Z,2025-10-04T03:00:00Z,2025-10-04,2025-10-04_20,2.3187973280622154e-13,100,0,0,132.80805434782607,132.30968478260863,0.0013843599033818174,0.4585000000000001,0.0,True,True,True,False,5.3222195672348e-12,0.0,105.67116665684136,0.0,62.607788028847104,0.0,168.2789546856938
2025-10-04T03:00:00Z,2025-10-04T03:15:00Z,2025-10-04,2025-10-04_21,0.0,0,0,100,132.30968478260863,132.30968478260863,0.0,0.0,0.0,True,True,True,False,0.0,1097.9779520132051,0.0,0.0,0.0,0.0,1097.9779520132051
2025-10-04T03:15:00Z,2025-10-04T03:30:00Z,2025-10-04,2025-10-04_22,0.0,0,0,100,132.30968478260863,132.30968478260863,0.0,0.0,0.0,True,True,True,False,0.0,1097.9779520132051,0.0,0.0,0.0,0.0,1097.9779520132051
2025-10-04T03:30:00Z,2025-10-04T03:45:00Z,2025-10-04,2025-10-04_23,0.0,0,0,100,132.30968478260863,132.30968478260863,0.0,0.0,0.0,True,True,True,False,0.0,1097.9779520132051,0.0,0.0,0.0,0.0,1097.9779520132051
2025-10-04T03:45:00Z,2025-10-04T04:00:00Z,2025-10-04,2025-10-04_24,0.0,0,0,100,132.30968478260863,132.30968478260863,0.0,0.0,0.0,True,True,True,False,0.0,1097.9779520132051,0.0,0.0,0.0,0.0,1097.9779520132051
2025-10-04T04:00:00Z,2025-10-04T04:15:00Z,2025-10-04,2025-10-04_25,0.0,0,0,100,132.30968478260863,132.30968478260863,0.0,0.0,0.0,True,True,True,False,0.0,1097.9779520132051,0.0,0.0,0.0,0.0,1097.9779520132051
2025-10-04T04:15:00Z,2025-10-04T04:30:00Z,2025-10-04,2025-10-04_26,0.0,0,0,100,132.30968478260863,132.30968478260863,0.0,0.0,0.0,True,True,True,False,0.0,1097.9779520132051,0.0,0.0,0.0,0.0,1097.9779520132051
2025-10-04T04:30:00Z,2025-10-04T04:45:00Z,2025-10-04,2025-10-04_27,0.0,0,0,100,132.30968478260863,132.30968478260863,0.0,0.0,0.0,True,True,True,False,0.0,1097.9779520132051,0.0,0.0,0.0,0.0,1097.9779520132051
2025-10-04T04:45:00Z,2025-10-04T05:00:00Z,2025-10-04,2025-10-04_28,0.0,0,0,100,132.30968478260863,132.30968478260863,0.0,0.0,0.0,True,True,True,False,0.0,1097.9779520132051,0.0,0.0,0.0,0.0,1097.9779520132051
2025-10-04T05:00:00Z,2025-10-04T05:15:00Z,2025-10-04,2025-10-04_29,61.0,0,61,39,132.30968478260863,115.73989673913037,0.04602718900966184,0.0,0.005795,True,True,True,False,2500.085,428.21140128515003,0.0,34.97170311855214,0.0,-0.45070590009628797,2962.817398503606
2025-10-04T05:15:00Z,2025-10-04T05:30:00Z,2025-10-04,2025-10-04_30,61.0,0,61,39,115.73989673913037,99.23409239130427,0.04584945652173913,0.0,0.06466,True,True,True,False,2347.585,428.21140128515003,0.0,34.97170311855214,0.0,-4.742610053253159,2806.025494350449
2025-10-04T05:30:00Z,2025-10-04T05:45:00Z,2025-10-04,2025-10-04_31,61.0,0,61,39,99.23409239130427,82.72596739130427,0.04585590277777777,0.0,0.062525,True,True,True,False,2290.0924999999997,428.21140128515003,0.0,34.97170311855214,0.0,-4.893644957652931,2748.3819594460488
2025-10-04T05:45:00Z,2025-10-04T06:00:00Z,2025-10-04,2025-10-04_32,61.0,0,61,39,82.72596739130427,66.24999999999993,0.045766576086956515,0.0,0.09211,True,True,True,False,1705.56,428.21140128515003,0.0,34.97170311855214,0.0,-7.219690726876142,2161.523413676826
2025-10-04T06:00:00Z,2025-10-04T06:15:00Z,2025-10-04,2025-10-04_33,6.999999999999993,0,0,93,66.24999999999993,64.34782608695646,0.005283816425120768,0.0,0.0,True,False,True,False,268.2574999999997,1021.1194953722809,0.0,0.0,0.0,0.0,1289.3769953722806
2025-10-04T06:15:00Z,2025-10-04T06:30:00Z,2025-10-04,2025-10-04_34,7.0,0,0,93,64.34782608695646,62.44565217391298,0.005283816425120773,0.0,0.0,True,False,True,False,200.88250000000002,1021.1194953722809,0.0,0.0,0.0,0.0,1222.0019953722808
2025-10-04T06:30:00Z,2025-10-04T06:45:00Z,2025-10-04,2025-10-04_35,7.000000000000021,0,0,93,62.44565217391298,60.5434782608695,0.005283816425120789,0.0,0.0,True,False,True,False,185.06250000000057,1021.1194953722809,0.0,0.0,0.0,0.0,1206.1819953722816
2025-10-04T06:45:00Z,2025-10-04T07:00:00Z,2025-10-04,2025-10-04_36,0.0,0,0,93,60.5434782608695,60.5434782608695,0.0,0.0,0.0,True,False,True,False,0.0,1021.1194953722809,0.0,0.0,0.0,0.0,1021.1194953722809
2025-10-04T07:00:00Z,2025-10-04T07:15:00Z,2025-10-04,2025-10-04_37,0.0,100,0,0,60.5434782608695,36.61956521739124,0.06645531400966184,22.01,0.0,True,True,True,False,0.0,0.0,105.43535931144257,0.0,27252.92048969326,0.0,27358.355849004703
2025-10-04T07:15:00Z,2025-10-04T07:30:00Z,2025-10-04,2025-10-04_38,0.0,100,0,0,36.61956521739124,29.748369565217327,0.01908665458937198,6.3215,0.0,True,True,True,False,0.0,0.0,105.43535931144257,0.0,2894.9250182750693,0.0,3000.3603775865117
2025-10-04T07:30:00Z,2025-10-04T07:45:00Z,2025-10-04,2025-10-04_39,-38.105753195342025,100,0,0,29.748369565217327,37.74007375652162,0.025021047653231532,0.755,0.0,True,True,True,False,-700.5742724963632,0.0,105.43535931144257,0.0,118.17324863919512,0.0,-476.9656645457255
2025-10-04T07:45:00Z,2025-10-04T08:00:00Z,2025-10-04,2025-10-04_40,-100.00000000000004,100,0,0,37.74007375652162,60.67521375652163,0.06370872222222226,0.0705,0.0,True,True,True,False,-1020.5000000000005,0.0,105.43535931144257,0.0,10.212809349761246,0.0,-904.8518313387966
2025-10-04T08:00:00Z,2025-10-04T08:15:00Z,2025-10-04,2025-10-04_41,0.0,7,7,93,60.67521375652163,60.67856426086946,4.1855265700483084e-05,0.00539,0.010009999999999998,True,True,True,False,0.0,1021.1194953722809,6.808937098390615,10.42799033189884,0.5825423961956415,-0.7868105091473598,1038.1521546896186
2025-10-04T08:15:00Z,2025-10-04T08:30:00Z,2025-10-04,2025-10-04_42,0.0,7,7,93,60.67856426086946,60.61110471304337,0.00019346985507246375,0.06307,0.00119,True,True,True,False,0.0,1021.1194953722809,6.808937098390615,10.42799033189884,6.816502584055494,-0.09353691367486099,1045.079388472951
2025-10-04T08:30:00Z,2025-10-04T08:45:00Z,2025-10-04,2025-10-04_43,-1.6070435519024628e-13,7,7,93,60.61110471304337,60.546745191304275,0.00020292644927545687,0.06321,0.004725,True,True,True,False,-4.2064364971046967e-13,1021.1194953722809,6.808937098390615,10.42799033189884,6.831633555385251,-0.3713965690031245,1044.816659788952
2025-10-04T08:45:00Z,2025-10-04T09:00:00Z,2025-10-04,2025-10-04_44,-7.105427357601002e-14,7,7,93,60.546745191304275,60.543478260869506,4.503147342999658e-05,0.008960000000000001,0.0070350000000000005,True,True,True,False,-3.499422973618493e-14,1021.1194953722809,6.808937098390615,10.42799033189884,0.9683821651044432,-0.5529682249602076,1038.7718367427146
2025-10-04T09:00:00Z,2025-10-04T09:15:00Z,2025-10-04,2025-10-04_45,-7.0,7,0,93,60.543478260869506,62.146523060869505,0.004452902222222222,0.00756,0.0,True,True,True,False,-4.1475,1021.1194953722809,6.808937098390615,0.0,0.7354261156635029,0.0,1024.516358586335
2025-10-04T09:15:00Z,2025-10-04T09:30:00Z,2025-10-04,2025-10-04_46,-7.0,7,0,93,62.146523060869505,63.756523060869505,0.004472222222222222,0.0,0.0,True,True,True,False,-1.9075000000000002,1021.1194953722809,6.808937098390615,0.0,0.0,0.0,1026.0209324706716
2025-10-04T09:30:00Z,2025-10-04T09:45:00Z,2025-10-04,2025-10-04_47,-7.0,7,0,93,63.756523060869505,65.25076406086951,0.004150669444444445,0.12582500000000002,0.0,True,True,True,False,-0.6124999999999999,1021.1194953722809,6.808937098390615,0.0,15.342273040342707,0.0,1042.658205511014
2025-10-04T09:45:00Z,2025-10-04T10:00:00Z,2025-10-04,2025-10-04_48,-6.9999999999999805,7,0,93,65.25076406086951,66.23930406086951,0.0027459444444444423,0.6755,0.0,True,True,True,False,-0.26249999999999923,1021.1194953722809,6.808937098390615,0.0,111.01102939731572,0.0,1138.6769618679873
2025-10-04T10:00:00Z,2025-10-04T10:15:00Z,2025-10-04,2025-10-04_49,-100.0,100,0,0,66.23930406086951,79.78860406086952,0.037636944444444445,10.2725,0.0,True,True,True,False,-19.5,0.0,97.27052997700878,0.0,1570.4375307040816,0.0,1648.2080606810905
2025-10-04T10:15:00Z,2025-10-04T10:30:00Z,2025-10-04,2025-10-04_50,-100.0,100,0,0,79.78860406086952,102.09400406086952,0.06195944444444445,0.755,0.0,True,True,True,False,-5.0,0.0,97.27052997700878,0.0,76.0520554540274,0.0,168.32258543103617
2025-10-04T10:30:00Z,2025-10-04T10:45:00Z,2025-10-04,2025-10-04_51,-100.0,100,0,0,102.09400406086952,113.90726406086952,0.03281461111111111,12.1595,0.0,True,True,True,False,-2.0,0.0,97.27052997700878,0.0,2150.168717011535,0.0,2245.439246988544
2025-10-04T10:45:00Z,2025-10-04T11:00:00Z,2025-10-04,2025-10-04_52,-100.0,100,0,0,113.90726406086952,127.55592406086953,0.03791294444444445,10.1645,0.0,True,True,True,False,-2.25,0.0,97.27052997700878,0.0,1572.7121445695534,0.0,1667.732674546562
2025-10-04T11:00:00Z,2025-10-04T11:15:00Z,2025-10-04,2025-10-04_53,-89.0,100,11,0,127.55592406086953,136.9152107043478,0.033863084879227054,11.8405,0.0,True,True,True,False,-41.385000000000005,0.0,97.27052997700878,16.788893474031717,1856.9824075929967,0.0,1929.656831044037
2025-10-04T11:15:00Z,2025-10-04T11:30:00Z,2025-10-04,2025-10-04_54,-89.0,100,11,0,136.9152107043478,147.31139091304345,0.03600934719806763,10.7355,0.0,True,True,True,False,-40.2725,0.0,97.27052997700878,16.788893474031717,1695.9343311914167,0.0,1769.7212546424573
2025-10-04T11:30:00Z,2025-10-04T11:45:00Z,2025-10-04,2025-10-04_55,-89.0,100,11,0,147.31139091304345,158.7022382521739,0.03806820516908213,9.6755,0.0,True,True,True,False,-42.72,0.0,97.27052997700878,16.788893474031717,1610.9653313093202,0.0,1682.3047547603608
2025-10-04T11:45:00Z,2025-10-04T12:00:00Z,2025-10-04,2025-10-04_56,-86.88296966020063,100,11,0,158.7022382521739,177.44501061984903,0.05310723278387143,1.318,0.00121,True,True,True,False,-71.89565739381602,0.0,97.27052997700878,16.788893474031717,155.51125744266938,-0.09510896264418638,197.57991453724966
2025-10-04T12:00:00Z,2025-10-04T12:15:00Z,2025-10-04,2025-10-04_57,-4.102998134484281e-15,100,100,0,177.44501061984903,174.7401193155012,0.007513586956521741,2.4885,0.0,True,True,True,False,-5.241580116803669e-15,0.0,97.27052997700878,127.68967753345517,283.04077433237046,0.0,508.0009818428344
2025-10-04T12:15:00Z,2025-10-04T12:30:00Z,2025-10-04,2025-10-04_58,1.1584935909132066e-14,100,100,0,174.7401193155012,169.0917497502838,0.01568991545893721,5.1965,0.0,True,True,True,False,2.962847358760526e-14,0.0,97.27052997700878,127.68967753345517,819.1250026528327,0.0,1044.0852101632966
2025-10-04T12:30:00Z,2025-10-04T12:45:00Z,2025-10-04,2025-10-04_59,-7.240584943207541e-15,100,100,0,169.0917497502838,162.99881496767512,0.01692481884057971,5.6055,0.0,True,True,True,False,-4.3678828669899494e-14,0.0,97.27052997700878,127.68967753345517,739.0934749159937,0.0,964.0536824264576
2025-10-04T12:45:00Z,2025-10-04T13:00:00Z,2025-10-04,2025-10-04_60,0.0,100,100,0,162.99881496767512,147.21946714158815,0.04383152173913043,14.517,0.0,True,True,True,False,0.0,0.0,97.27052997700878,127.68967753345517,2841.5225319813717,0.0,3066.4827394918357
2025-10-04T13:00:00Z,2025-10-04T13:15:00Z,2025-10-04,2025-10-04_61,-0.43548806578721294,4,6,93,147.21946714158815,147.20561714731548,0.0005380703791814656,0.10714,0.0005399999999999999,True,True,True,False,-1.6657418516360896,1021.1194953722809,3.9839651005128807,7.217473324294052,15.057455473678004,-0.04244532217178565,1045.6702020969578
2025-10-04T13:15:00Z,2025-10-04T13:30:00Z,2025-10-04,2025-10-04_62,-0.012898279488131735,4,6,93,147.20561714731548,147.21600440374482,6.725582851271103e-05,0.00638,0.0156,True,True,True,False,-0.16122849360164668,1021.1194953722809,3.9839651005128807,7.217473324294052,0.71291287704612,-1.2261981960738078,1031.6464199844586
2025-10-04T13:30:00Z,2025-10-04T13:45:00Z,2025-10-04,2025-10-04_63,2.8978289943685196,4,6,93,147.21600440374482,146.43521707826093,0.0021910514388733303,0.0016,0.008400000000000001,True,True,True,False,59.27509207980806,1021.1194953722809,3.9839651005128807,7.217473324294052,0.1784511387529722,-0.6602605671166659,1091.1142164485323
2025-10-04T13:45:00Z,2025-10-04T14:00:00Z,2025-10-04,2025-10-04_64,3.0,4,6,93,146.43521707826093,145.61000000000007,0.0022982496618357486,0.011359999999999999,0.00234,True,True,True,False,77.97,1021.1194953722809,3.9839651005128807,7.217473324294052,1.2686907111556525,-0.1839297294110712,1111.3756947788324
2025-10-04T14:00:00Z,2025-10-04T14:15:00Z,2025-10-04,2025-10-04_65,-7.0,0,0,93,145.61000000000007,147.22000000000006,0.004472222222222222,0.0,0.0,True,True,True,False,-65.9225,1021.1194953722809,0.0,0.0,0.0,0.0,955.1969953722809
2025-10-04T14:15:00Z,2025-10-04T14:30:00Z,2025-10-04,2025-10-04_66,0.0,0,0,93,147.22000000000006,147.22000000000006,0.0,0.0,0.0,True,True,True,False,0.0,1021.1194953722809,0.0,0.0,0.0,0.0,1021.1194953722809
2025-10-04T14:30:00Z,2025-10-04T14:45:00Z,2025-10-04,2025-10-04_67,4.849600000000027,0,0,93,147.22000000000006,145.90217391304353,0.0036606280193236915,0.0,0.0,True,True,True,False,126.0411040000007,1021.1194953722809,0.0,0.0,0.0,0.0,1147.1605993722815
2025-10-04T14:45:00Z,2025-10-04T15:00:00Z,2025-10-04,2025-10-04_68,7.0,0,0,93,145.90217391304353,144.00000000000003,0.005283816425120773,0.0,0.0,True,True,True,False,268.2575,1021.1194953722809,0.0,0.0,0.0,0.0,1289.3769953722808
2025-10-04T15:00:00Z,2025-10-04T15:15:00Z,2025-10-04,2025-10-04_69,0.0,0,0,100,144.00000000000003,144.00000000000003,0.0,0.0,0.0,True,True,True,False,0.0,1097.9779520132051,0.0,0.0,0.0,0.0,1097.9779520132051
2025-10-04T15:15:00Z,2025-10-04T15:30:00Z,2025-10-04,2025-10-04_70,0.0,0,0,100,144.00000000000003,144.00000000000003,0.0,0.0,0.0,True,True,True,False,0.0,1097.9779520132051,0.0,0.0,0.0,0.0,1097.9779520132051
2025-10-04T15:30:00Z,2025-10-04T15:45:00Z,2025-10-04,2025-10-04_71,0.0,0,0,100,144.00000000000003,144.00000000000003,0.0,0.0,0.0,True,True,True,False,0.0,1097.9779520132051,0.0,0.0,0.0,0.0,1097.9779520132051
2025-10-04T15:45:00Z,2025-10-04T16:00:00Z,2025-10-04,2025-10-04_72,0.0,0,0,100,144.00000000000003,144.00000000000003,0.0,0.0,0.0,True,True,True,False,0.0,1097.9779520132051,0.0,0.0,0.0,0.0,1097.9779520132051
2025-10-04T16:00:00Z,2025-10-04T16:15:00Z,2025-10-04,2025-10-04_73,73.0,0,73,27,144.00000000000003,124.1630434782609,0.05510265700483091,0.0,0.0,True,True,True,False,3515.315,296.4540470435654,0.0,43.680363143311915,0.0,0.0,3855.4494101868772
2025-10-04T16:15:00Z,2025-10-04T16:30:00Z,2025-10-04,2025-10-04_74,73.0,0,73,27,124.1630434782609,104.32608695652178,0.05510265700483091,0.0,0.0,True,True,True,False,3932.6925,296.4540470435654,0.0,43.680363143311915,0.0,0.0,4272.826910186877
2025-10-04T16:30:00Z,2025-10-04T16:45:00Z,2025-10-04,2025-10-04_75,73.0,0,73,27,104.32608695652178,84.493097826087,0.05509163647342995,0.0,0.00365,True,True,True,False,4339.3025,296.4540470435654,0.0,43.680363143311915,0.0,-0.27972646347933744,4679.157183723398
2025-10-04T16:45:00Z,2025-10-04T17:00:00Z,2025-10-04,2025-10-04_76,73.0,0,73,27,84.493097826087,64.65614130434787,0.055102657004830906,0.0,0.0,True,True,True,False,4657.2175,296.4540470435654,0.0,43.680363143311915,0.0,0.0,4997.351910186877
2025-10-04T17:00:00Z,2025-10-04T17:15:00Z,2025-10-04,2025-10-04_77,0.0,0,0,100,64.65614130434787,64.65614130434787,0.0,0.0,0.0,True,True,True,False,0.0,1097.9779520132051,0.0,0.0,0.0,0.0,1097.9779520132051
2025-10-04T17:15:00Z,2025-10-04T17:30:00Z,2025-10-04,2025-10-04_78,0.0,0,0,100,64.65614130434787,64.65614130434787,0.0,0.0,0.0,True,True,True,False,0.0,1097.9779520132051,0.0,0.0,0.0,0.0,1097.9779520132051
2025-10-04T17:30:00Z,2025-10-04T17:45:00Z,2025-10-04,2025-10-04_79,0.0,0,0,100,64.65614130434787,64.65614130434787,0.0,0.0,0.0,True,True,True,False,0.0,1097.9779520132051,0.0,0.0,0.0,0.0,1097.9779520132051
2025-10-04T17:45:00Z,2025-10-04T18:00:00Z,2025-10-04,2025-10-04_80,0.0,0,0,100,64.65614130434787,64.65614130434787,0.0,0.0,0.0,True,True,True,False,0.0,1097.9779520132051,0.0,0.0,0.0,0.0,1097.9779520132051
2025-10-04T18:00:00Z,2025-10-04T18:15:00Z,2025-10-04,2025-10-04_81,0.0,100,100,0,64.65614130434787,44.471358695652214,0.05606884057971014,18.57,0.0,True,True,True,False,0.0,0.0,172.4341213228792,57.53699227730944,13656.195325119379,0.0,13886.166438719567
2025-10-04T18:15:00Z,2025-10-04T18:30:00Z,2025-10-04,2025-10-04_82,0.0,100,100,0,44.471358695652214,24.408858695652214,0.05572916666666667,18.4575,0.0,True,True,True,False,0.0,0.0,172.4341213228792,57.53699227730944,13506.070426811295,0.0,13736.041540411483
2025-10-04T18:30:00Z,2025-10-04T18:45:00Z,2025-10-04,2025-10-04_83,0.0,100,100,0,24.408858695652214,16.675706521739173,0.021480978260869563,7.1145,0.0,True,True,True,False,0.0,0.0,172.4341213228792,57.53699227730944,1442.1160982727113,0.0,1672.0872118728998
2025-10-04T18:45:00Z,2025-10-04T19:00:00Z,2025-10-04,2025-10-04_84,0.0,100,100,0,16.675706521739173,17.799907391304387,0.017549108695652176,2.389,4.0445,True,True,True,False,0.0,0.0,172.4341213228792,57.53699227730944,375.4643830690326,-158.89339896637784,446.54209770284336
2025-10-04T19:00:00Z,2025-10-04T19:15:00Z,2025-10-04,2025-10-04_85,16.000000000000004,70,86,14,17.799907391304387,18.45934495652178,0.020071384541062803,0.0,5.26492,True,True,True,False,695.7600000000001,153.71691328184875,113.89494782762485,49.481813358486114,0.0,-286.58943177503977,726.26424269292
2025-10-04T19:15:00Z,2025-10-04T19:30:00Z,2025-10-04,2025-10-04_86,12.06018796947391,70,86,14,18.45934495652178,17.608695652173928,0.013685235995187357,0.0038499999999999997,2.57656,True,True,True,False,462.5685095691718,153.71691328184875,113.89494782762485,49.481813358486114,0.5295839965414922,-154.95156103676632,625.2402069969066
2025-10-04T19:30:00Z,2025-10-04T19:45:00Z,2025-10-04,2025-10-04_87,16.000000000000004,70,86,14,17.608695652173928,17.637113304347842,0.01906396207729469,0.0,4.601430000000001,True,True,True,False,580.4800000000001,153.71691328184875,113.89494782762485,49.481813358486114,0.0,-211.75041397748043,685.8232604904794
2025-10-04T19:45:00Z,2025-10-04T20:00:00Z,2025-10-04,2025-10-04_88,0.0,70,86,14,17.637113304347842,26.347434104347844,0.02419533555555556,0.0,9.467740000000001,True,True,True,False,0.0,153.71691328184875,113.89494782762485,49.481813358486114,0.0,-369.3328369274303,-52.23916245947061
2025-10-04T20:00:00Z,2025-10-04T20:15:00Z,2025-10-04,2025-10-04_89,23.999999999999996,57,81,19,26.347434104347844,20.41621768695654,0.01866642782608695,0.0,0.60912,True,True,True,False,892.2599999999999,208.615810882509,92.74302894535165,46.60496374462065,0.0,-38.70699116901491,1201.5168124034662
2025-10-04T20:15:00Z,2025-10-04T20:30:00Z,2025-10-04,2025-10-04_90,22.939447954931406,57,81,19,20.41621768695654,20.326086956521756,0.023518839001127296,0.0,6.351210000000001,True,True,True,False,702.4058963799997,208.615810882509,92.74302894535165,46.60496374462065,0.0,-280.9189518481401,769.4507481043408
2025-10-04T20:30:00Z,2025-10-04T20:45:00Z,2025-10-04,2025-10-04_91,24.0,57,81,19,20.326086956521756,20.9306691304348,0.024759105072463768,0.0,7.35075,True,True,True,False,623.76,208.615810882509,92.74302894535165,46.60496374462065,0.0,252.20833623179865,1223.93213980428
2025-10-04T20:45:00Z,2025-10-04T21:00:00Z,2025-10-04,2025-10-04_92,15.653869163599808,57,81,19,20.9306691304348,20.32608695652176,0.017480525004650034,0.0,3.8321099999999997,True,True,True,False,384.88950806001026,208.615810882509,92.74302894535165,46.60496374462065,0.0,-143.7999484584095,589.053363174082
2025-10-04T21:00:00Z,2025-10-04T21:15:00Z,2025-10-05,2025-10-04_93,-0.6273661474206451,81,0,19,20.32608695652176,20.469501783074598,0.0004032279381209618,0.0008100000000000001,0.0,True,True,True,False,-20.350189406957178,208.615810882509,92.51753817131404,0.0,0.11141897070093734,0.0,280.8945786175668
2025-10-04T21:15:00Z,2025-10-04T21:30:00Z,2025-10-05,2025-10-04_94,-0.23440270938632338,81,0,19,20.469501783074598,20.379527305101742,0.0005474848532768032,0.13243500000000002,0.0,True,True,True,False,-6.6628970143062425,208.615810882509,92.51753817131404,0.0,16.60708719566115,0.0,311.07753923517794
2025-10-04T21:30:00Z,2025-10-04T21:45:00Z,2025-10-05,2025-10-04_95,-81.0,81,0,19,20.379527305101742,38.64177110510174,0.050728455000000006,0.399735,0.0,True,True,True,False,-1963.6425,208.615810882509,92.51753817131404,0.0,56.637647715616346,0.0,-1605.8715032305606
2025-10-04T21:45:00Z,2025-10-04T22:00:00Z,2025-10-05,2025-10-04_96,-81.0,81,0,19,38.64177110510174,56.89283690510173,0.050697405,0.41188499999999995,0.0,True,True,True,False,-1765.5974999999999,208.615810882509,92.51753817131404,0.0,58.22682325944702,0.0,-1406.2373276867297
2025-10-04T22:00:00Z,2025-10-04T22:15:00Z,2025-10-05,2025-10-05_1,-0.30640581889029106,15,0,85,56.89283690510173,56.25377717391306,0.0020983174977630067,0.654825,0.0,True,True,True,False,-6.128116377805821,933.2812592112244,17.13287743913223,0.0,86.34903926192301,0.0,1030.6350595344738
2025-10-04T22:15:00Z,2025-10-04T22:30:00Z,2025-10-05,2025-10-05_2,0.0,15,0,85,56.25377717391306,56.19565217391306,0.00016145833333333333,0.053475,0.0,True,True,True,False,0.0,933.2812592112244,17.13287743913223,0.0,5.779490656133939,0.0,956.1936273064906
2025-10-04T22:30:00Z,2025-10-04T22:45:00Z,2025-10-05,2025-10-05_3,-14.999999999999972,15,0,85,56.19565217391306,59.33515217391305,0.00872083333333332,0.33749999999999997,0.0,True,True,True,False,-199.19999999999962,933.2812592112244,17.13287743913223,0.0,41.51543801214408,0.0,792.7295746625011
2025-10-04T22:45:00Z,2025-10-04T23:00:00Z,2025-10-05,2025-10-05_4,-14.999999999999972,15,0,85,59.33515217391305,62.761623173913044,0.00951797499999998,0.025575,0.0,True,True,True,False,-46.34999999999991,933.2812592112244,17.13287743913223,0.0,2.7641042268466665,0.0,906.8282408772034
2025-10-04T23:00:00Z,2025-10-04T23:15:00Z,2025-10-05,2025-10-05_5,-3.0,3,0,97,62.761623173913044,63.45162317391304,0.0019166666666666666,0.0,0.0,True,True,True,False,-19.995,1065.038613452809,3.161292224252785,0.0,0.0,0.0,1048.2049056770618
2025-10-04T23:15:00Z,2025-10-04T23:30:00Z,2025-10-05,2025-10-05_6,-3.0,3,0,97,63.45162317391304,64.14013277391304,0.001912526666666667,0.00162,0.0,True,True,True,False,-47.22,1065.038613452809,3.161292224252785,0.0,0.17508695395861582,0.0,1021.1549926310204
2025-10-04T23:30:00Z,2025-10-04T23:45:00Z,2025-10-05,2025-10-05_7,-3.0,3,0,97,64.14013277391304,64.83013277391304,0.0019166666666666668,0.0,0.0,True,True,True,False,-20.1225,1065.038613452809,3.161292224252785,0.0,0.0,0.0,1048.0774056770617
2025-10-04T23:45:00Z,2025-10-05T00:00:00Z,2025-10-05,2025-10-05_8,-3.0,3,0,97,64.83013277391304,65.51730377391303,0.0019088083333333333,0.0030749999999999996,0.0,True,True,True,False,-13.0425,1065.038613452809,3.161292224252785,0.0,0.33234097742144664,0.0,1055.4897466544833
2025-10-05T00:00:00Z,2025-10-05T00:15:00Z,2025-10-05,2025-10-05_9,0.0,3,3,97,65.51730377391303,65.36030748695651,0.00045112746376811593,0.146925,0.00294,True,True,True,False,0.0,1065.038613452809,3.161292224252785,2.081589341507988,21.941712344514535,-0.18334024641867594,1092.0398671166656
2025-10-05T00:15:00Z,2025-10-05T00:30:00Z,2025-10-05,2025-10-05_10,0.0,3,3,97,65.36030748695651,65.39669808695652,0.00010108500000000001,0.0,0.039555,True,True,True,False,0.0,1065.038613452809,3.161292224252785,2.081589341507988,0.0,-2.4679182898072276,1067.8135767287624
2025-10-05T00:30:00Z,2025-10-05T00:45:00Z,2025-10-05,2025-10-05_11,0.0,3,3,97,65.39669808695652,65.40114189565217,6.424608695652174e-05,0.008595,0.014985000000000002,True,True,True,False,0.0,1065.038613452809,3.161292224252785,2.081589341507988,1.0100041266285444,-0.9421683664446148,1070.3493307787537
2025-10-05T00:45:00Z,2025-10-05T01:00:00Z,2025-10-05,2025-10-05_12,0.0,3,3,97,65.40114189565217,65.39132751304348,4.3208840579710143e-05,0.01167,0.0031199999999999995,True,True,True,False,0.0,1065.038613452809,3.161292224252785,2.081589341507988,1.3713494075340447,-0.21088524435536166,1071.4419591817484
2025-10-05T01:00:00Z,2025-10-05T01:15:00Z,2025-10-05,2025-10-05_13,0.0,3,3,97,65.39132751304348,65.46807948695651,0.00021582673913043483,0.000435,0.08394,True,True,True,False,0.0,1065.038613452809,3.161292224252785,2.081589341507988,0.04898013323115016,-3.611420809998232,1066.7190543418026
2025-10-05T01:15:00Z,2025-10-05T01:30:00Z,2025-10-05,2025-10-05_14,0.0,3,3,97,65.46807948695651,65.65799508695652,0.0005275433333333334,0.0,0.20643,True,True,True,False,0.0,1065.038613452809,3.161292224252785,2.081589341507988,0.0,-7.868630177445028,1062.4128648411247
2025-10-05T01:30:00Z,2025-10-05T01:45:00Z,2025-10-05,2025-10-05_15,0.0,3,3,97,65.65799508695652,65.82089028695651,0.00045248666666666663,0.0,0.17706,True,True,True,False,0.0,1065.038613452809,3.161292224252785,2.081589341507988,0.0,-8.322470636090314,1061.9590243824794
2025-10-05T01:45:00Z,2025-10-05T02:00:00Z,2025-10-05,2025-10-05_16,0.0,3,3,97,65.82089028695651,66.01233768695651,0.0005317983333333333,0.0,0.20809499999999997,True,True,True,False,0.0,1065.038613452809,3.161292224252785,2.081589341507988,0.0,-7.018202098685372,1063.2632929198844
2025-10-05T02:00:00Z,2025-10-05T02:15:00Z,2025-10-05,2025-10-05_17,0.0,3,3,97,66.01233768695651,66.21671568695652,0.0005677166666666668,0.0,0.22215000000000001,True,True,True,False,0.0,1065.038613452809,3.161292224252785,2.081589341507988,0.0,-3.883357837646643,1066.398137180923
2025-10-05T02:15:00Z,2025-10-05T02:30:00Z,2025-10-05,2025-10-05_18,0.0,3,3,97,66.21671568695652,66.33473328695652,0.0003278266666666667,0.0,0.12828,True,True,True,False,0.0,1065.038613452809,3.161292224252785,2.081589341507988,0.0,-2.712233802982963,1067.5692612155867
2025-10-05T02:30:00Z,2025-10-05T02:45:00Z,2025-10-05,2025-10-05_19,0.0,3,3,97,66.33473328695652,66.34705188695652,3.8385e-05,0.0006900000000000001,0.014204999999999999,True,True,True,False,0.0,1065.038613452809,3.161292224252785,2.081589341507988,0.06440488121204976,-0.6254593615516123,1069.7204405382302
2025-10-05T02:45:00Z,2025-10-05T03:00:00Z,2025-10-05,2025-10-05_20,0.0,3,3,97,66.34705188695652,66.23399753913043,0.00031403985507246374,0.10400999999999999,0.0,True,True,True,False,0.0,1065.038613452809,3.161292224252785,2.081589341507988,10.793237204503919,0.0,1081.0747322230736
2025-10-05T03:00:00Z,2025-10-05T03:15:00Z,2025-10-05,2025-10-05_21,1.9560632908249311,0,3,97,66.23399753913043,65.75374208695652,0.0014226951879781286,0.0,0.049845,True,True,True,False,38.7740645823772,1065.038613452809,0.0,1.919766550728055,0.0,-1.862852682308554,1103.8695919036056
2025-10-05T03:15:00Z,2025-10-05T03:30:00Z,2025-10-05,2025-10-05_22,3.0,0,3,97,65.75374208695652,65.00237252173913,0.0020871376811594203,0.0,0.05874,True,True,True,False,62.362500000000004,1065.038613452809,0.0,1.919766550728055,0.0,-2.217469916877911,1127.103410086659
2025-10-05T03:30:00Z,2025-10-05T03:45:00Z,2025-10-05,2025-10-05_23,3.0,0,3,97,65.00237252173913,64.28008991304348,0.0020063405797101446,0.0,0.0855,True,True,True,False,62.587500000000006,1065.038613452809,0.0,1.919766550728055,0.0,-2.534656900312445,1127.0112231032244
2025-10-05T03:45:00Z,2025-10-05T04:00:00Z,2025-10-05,2025-10-05_24,3.0,0,3,97,64.28008991304348,63.4696007826087,0.0022513586956521736,0.0,0.00435,True,True,True,False,64.9725,1065.038613452809,0.0,1.919766550728055,0.0,-0.2498850144431999,1131.6809949890937
2025-10-05T04:00:00Z,2025-10-05T04:15:00Z,2025-10-05,2025-10-05_25,0.0,3,3,97,63.4696007826087,63.47981648695653,5.120304347826087e-05,0.0037800000000000004,0.01557,True,True,True,False,0.0,1065.038613452809,3.5371101809821375,1.7446795967694393,0.35098461357071276,-0.5999998585155929,1070.0713879856157
2025-10-05T04:15:00Z,2025-10-05T04:30:00Z,2025-10-05,2025-10-05_26,0.0,3,3,97,63.47981648695653,63.467288226086964,5.3967391304347825e-05,0.0147,0.00375,True,True,True,False,0.0,1065.038613452809,3.5371101809821375,1.7446795967694393,1.3718815657607735,-0.19464127807581208,1071.4976435182455
2025-10-05T04:30:00Z,2025-10-05T04:45:00Z,2025-10-05,2025-10-05_27,0.0,3,3,97,63.467288226086964,63.52091773913044,0.0001528657971014493,0.000645,0.059054999999999996,True,True,True,False,0.0,1065.038613452809,3.5371101809821375,1.7446795967694393,0.05983611094735601,-2.234699501856983,1068.1455398396508
2025-10-05T04:45:00Z,2025-10-05T05:00:00Z,2025-10-05,2025-10-05_28,0.0,3,3,97,63.52091773913044,63.55802593913044,0.00010307833333333334,0.0,0.040335,True,True,True,False,0.0,1065.038613452809,3.5371101809821375,1.7446795967694393,0.0,-1.5590033514118968,1068.7613998791487
2025-10-05T05:00:00Z,2025-10-05T05:15:00Z,2025-10-05,2025-10-05_29,2.0,1,3,97,63.55802593913044,63.20711282608696,0.0012928742028985505,0.0,0.18672,True,True,True,False,44.05,1065.038613452809,1.2011436656251842,1.7420267641337026,0.0,-6.084608524435536,1105.9471753581322
2025-10-05T05:15:00Z,2025-10-05T05:30:00Z,2025-10-05,2025-10-05_30,2.0,1,3,97,63.20711282608696,62.717391304347835,0.001449143115942029,0.0,0.052125000000000005,True,True,True,False,42.76,1065.038613452809,1.2011436656251842,1.7420267641337026,0.0,-1.959637372516654,1108.7821465100512
2025-10-05T05:30:00Z,2025-10-05T05:45:00Z,2025-10-05,2025-10-05_31,0.13516031148870847,1,3,97,62.717391304347835,62.717391304347835,0.0001941597351560291,0.000155,0.03978,True,True,True,False,2.588657865787489,1065.038613452809,1.2011436656251842,1.7420267641337026,0.018923529642948377,-1.5524432470671465,1069.036922030931
2025-10-05T05:45:00Z,2025-10-05T06:00:00Z,2025-10-05,2025-10-05_32,0.87197684697345,1,3,97,62.717391304347835,62.71739130434781,0.0008869836948832427,0.0,0.24464999999999998,True,True,True,False,10.104031714304853,1065.038613452809,1.2011436656251842,1.7420267641337026,0.0,-7.034174261628249,1071.0516413352443
2025-10-05T06:00:00Z,2025-10-05T06:15:00Z,2025-10-05,2025-10-05_33,7.0,0,0,93,62.71739130434781,60.81521739130432,0.005283816425120772,0.0,0.0,True,True,True,False,132.4225,1021.1194953722809,0.0,0.0,0.0,0.0,1153.5419953722808
2025-10-05T06:15:00Z,2025-10-05T06:30:00Z,2025-10-05,2025-10-05_34,-6.696910396975481,0,0,93,60.81521739130432,62.35550678260868,0.004278581642512113,0.0,0.0,True,True,True,False,-19.45452470321377,1021.1194953722809,0.0,0.0,0.0,0.0,1001.6649706690671
2025-10-05T06:30:00Z,2025-10-05T06:45:00Z,2025-10-05,2025-10-05_35,-7.0,0,0,93,62.35550678260868,63.96550678260868,0.004472222222222222,0.0,0.0,True,True,True,False,-14.7525,1021.1194953722809,0.0,0.0,0.0,0.0,1006.3669953722808
2025-10-05T06:45:00Z,2025-10-05T07:00:00Z,2025-10-05,2025-10-05_36,-7.0,0,0,93,63.96550678260868,65.57550678260867,0.004472222222222222,0.0,0.0,True,True,True,False,-8.9425,1021.1194953722809,0.0,0.0,0.0,0.0,1012.1769953722809
2025-10-05T07:00:00Z,2025-10-05T07:15:00Z,2025-10-05,2025-10-05_37,-3.161722091867293e-14,7,7,93,65.57550678260867,65.58429373043478,6.646736714977849e-05,0.006965,0.01778,True,True,True,False,-1.212520422231107e-13,1021.1194953722809,6.866709898013323,8.059305547367803,0.7178867613826171,-1.1954830513470496,1035.5679145276974
2025-10-05T07:15:00Z,2025-10-05T07:30:00Z,2025-10-05,2025-10-05_38,0.0,7,7,93,65.58429373043478,65.74191942608695,0.0004539119565217392,0.0026599999999999996,0.17447500000000002,True,True,True,False,0.0,1021.1194953722809,6.866709898013323,8.059305547367803,0.25677841576765115,-3.7766745563874315,1032.5256146770423
2025-10-05T07:30:00Z,2025-10-05T07:45:00Z,2025-10-05,2025-10-05_39,0.0,7,7,93,65.74191942608695,66.59087242608695,0.002358202777777778,0.0,0.922775,True,True,True,False,0.0,1021.1194953722809,6.866709898013323,8.059305547367803,0.0,11.363647094656999,1047.409157912319
2025-10-05T07:45:00Z,2025-10-05T08:00:00Z,2025-10-05,2025-10-05_40,0.0,7,7,93,66.59087242608695,66.88065513913043,0.0008102357971014492,0.000875,0.316015,True,True,True,False,0.0,1021.1194953722809,6.866709898013323,8.059305547367803,0.085587995441058,-4.115044506671383,1032.0160543064317
2025-10-05T08:00:00Z,2025-10-05T08:15:00Z,2025-10-05,2025-10-05_41,3.69576237065374e-14,7,7,93,66.88065513913043,66.99485770434781,0.00033392620772949275,0.002765,0.1274,True,True,True,False,7.788819196152756e-14,1021.1194953722809,6.808937098390615,10.42799033189884,0.25905663109905874,-3.5682464579771667,1035.0472329756924
2025-10-05T08:15:00Z,2025-10-05T08:30:00Z,2025-10-05,2025-10-05_42,0.0,7,7,93,66.99485770434781,67.60633570434781,0.0016985499999999998,0.0,0.66465,True,True,True,False,0.0,1021.1194953722809,6.808937098390615,10.42799033189884,0.0,3.495717591227967,1041.8521403937982
2025-10-05T08:30:00Z,2025-10-05T08:45:00Z,2025-10-05,2025-10-05_43,0.0,7,7,93,67.60633570434781,67.90128770434781,0.0008193111111111111,0.0,0.3206,True,True,True,False,0.0,1021.1194953722809,6.808937098390615,10.42799033189884,0.0,-5.310699404586453,1033.045723397984
2025-10-05T08:45:00Z,2025-10-05T09:00:00Z,2025-10-05,2025-10-05_44,0.0,7,7,93,67.90128770434781,68.50065850434781,0.0016649188888888892,0.0,0.65149,True,True,True,False,0.0,1021.1194953722809,6.808937098390615,10.42799033189884,0.0,-0.045703772917526385,1038.3107190296528
2025-10-05T09:00:00Z,2025-10-05T09:15:00Z,2025-10-05,2025-10-05_45,-74.99999999999999,75,0,25,68.50065850434781,85.72478350434781,0.047844791666666664,0.028125,0.0,True,True,True,False,-95.62499999999997,274.4944880033013,72.95289748275658,0.0,2.4683225991864646,0.0,254.29070808524438
2025-10-05T09:15:00Z,2025-10-05T09:30:00Z,2025-10-05,2025-10-05_46,-74.99999999999999,75,0,25,85.72478350434781,98.98382350434781,0.036830666666666664,4.338,0.0,True,True,True,False,-36.93749999999999,274.4944880033013,72.95289748275658,0.0,609.492878618169,0.0,920.0027641042269
2025-10-05T09:30:00Z,2025-10-05T09:45:00Z,2025-10-05,2025-10-05_47,-75.0,75,0,25,98.98382350434781,114.6726985043478,0.043580208333333335,1.6968750000000001,0.0,True,True,True,False,-0.1875,274.4944880033013,72.95289748275658,0.0,236.05799018451927,0.0,583.3178756705771
2025-10-05T09:45:00Z,2025-10-05T10:00:00Z,2025-10-05,2025-10-05_48,-75.0,75,0,25,114.6726985043478,123.94388350434781,0.025753291666666674,8.672624999999998,0.0,True,True,True,False,-0.1875,274.4944880033013,72.95289748275658,0.0,1461.9412042386366,0.0,1809.2010897246944
2025-10-05T10:00:00Z,2025-10-05T10:15:00Z,2025-10-05,2025-10-05_49,-7.0,7,0,93,123.94388350434781,125.1740845043478,0.0034172250000000003,0.412825,0.0,True,True,True,False,-0.035,1021.1194953722809,6.808937098390615,0.0,57.23112979720569,0.0,1085.124562267877
2025-10-05T10:15:00Z,2025-10-05T10:30:00Z,2025-10-05,2025-10-05_50,-7.0,7,0,93,125.1740845043478,126.67682630434781,0.0041742827777777785,0.116585,0.0,True,True,True,False,-0.84,1021.1194953722809,6.808937098390615,0.0,12.791062255104247,0.0,1039.8794947257757
2025-10-05T10:30:00Z,2025-10-05T10:45:00Z,2025-10-05,2025-10-05_51,-7.0,7,0,93,126.67682630434781,128.28666530434782,0.004471775,0.000175,0.0,True,True,True,False,-4.48,1021.1194953722809,6.808937098390615,0.0,0.015474857041796854,0.0,1023.4639073277133
2025-10-05T10:45:00Z,2025-10-05T11:00:00Z,2025-10-05,2025-10-05_52,-7.0,7,0,93,128.28666530434782,129.89618230434783,0.004470880555555556,0.000525,0.0,True,True,True,False,-8.924999999999999,1021.1194953722809,6.808937098390615,0.0,0.04706708718976596,0.0,1019.0504995578613
2025-10-05T11:00:00Z,2025-10-05T11:15:00Z,2025-10-05,2025-10-05_53,-7.0,7,0,93,129.89618230434783,131.50553830434782,0.004470433333333334,0.0007,0.0,True,True,True,False,-8.96,1021.1194953722809,6.808937098390615,0.0,0.06360633928746881,0.0,1019.032038809959
2025-10-05T11:15:00Z,2025-10-05T11:30:00Z,2025-10-05,2025-10-05_54,-7.0,7,0,93,131.50553830434782,133.10494450434783,0.004442795,0.011515,0.0,True,True,True,False,-8.9425,1021.1194953722809,6.808937098390615,0.0,1.057764836212148,0.0,1020.0436973068836
2025-10-05T11:30:00Z,2025-10-05T11:45:00Z,2025-10-05,2025-10-05_55,-7.0,7,0,93,133.10494450434783,134.64880570434784,0.004288503333333333,0.07189,0.0,True,True,True,False,-5.0925,1021.1194953722809,6.808937098390615,0.0,6.691665124093615,0.0,1029.5275975947652
2025-10-05T11:45:00Z,2025-10-05T12:00:00Z,2025-10-05,2025-10-05_56,-7.0,7,0,93,134.64880570434784,136.22721750434783,0.004384477222222222,0.034335,0.0,True,True,True,False,-3.2550000000000003,1021.1194953722809,6.808937098390615,0.0,3.1658585096975767,0.0,1027.839290980369
2025-10-05T12:00:00Z,2025-10-05T12:15:00Z,2025-10-05,2025-10-05_57,-7.0,7,0,93,136.22721750434783,137.83721750434782,0.004472222222222222,0.0,0.0,True,True,True,False,-0.0175,1021.1194953722809,6.808937098390615,0.0,0.0,0.0,1027.9109324706715
2025-10-05T12:15:00Z,2025-10-05T12:30:00Z,2025-10-05,2025-10-05_58,-7.0,7,0,93,137.83721750434782,139.44654130434782,0.0044703438888888895,0.000735,0.0,True,True,True,False,-0.0175,1021.1194953722809,6.808937098390615,0.0,0.06508640275894594,0.0,1027.9760188734303
2025-10-05T12:30:00Z,2025-10-05T12:45:00Z,2025-10-05,2025-10-05_59,-7.0,7,0,93,139.44654130434782,141.0562515043478,0.0044714172222222225,0.00031499999999999996,0.0,True,True,True,False,-0.875,1021.1194953722809,6.808937098390615,0.0,0.02794672522549077,0.0,1027.081379195897
2025-10-05T12:45:00Z,2025-10-05T13:00:00Z,2025-10-05,2025-10-05_60,-7.0,7,0,93,141.0562515043478,142.66625150434783,0.004472222222222222,0.0,0.0,True,True,True,False,-1.7149999999999999,1021.1194953722809,6.808937098390615,0.0,0.0,0.0,1026.2134324706715
2025-10-05T13:00:00Z,2025-10-05T13:15:00Z,2025-10-05,2025-10-05_61,0.0,72,100,0,142.66625150434783,150.63483150434783,0.022134944444444447,0.0,8.6615,True,True,True,False,0.0,0.0,71.71137180923185,120.29122207156755,0.0,128.20088879718605,320.20348267798545
2025-10-05T13:15:00Z,2025-10-05T13:30:00Z,2025-10-05,2025-10-05_62,0.0,72,100,0,150.63483150434783,168.78091150434784,0.05040577777777778,0.0,19.724,True,True,True,False,0.0,0.0,71.71137180923185,120.29122207156755,0.0,2037.324978679086,2229.327572559885
2025-10-05T13:30:00Z,2025-10-05T13:45:00Z,2025-10-05,2025-10-05_63,0.0,72,100,0,168.78091150434784,187.90265150434783,0.05311594444444445,0.0,20.7845,True,True,True,False,0.0,0.0,71.71137180923185,120.29122207156755,0.0,12056.26387441294,12248.26646829374
2025-10-05T13:45:00Z,2025-10-05T14:00:00Z,2025-10-05,2025-10-05_64,27.999999999999936,72,100,0,187.90265150434783,183.23903797391307,0.02420240202898547,0.009000000000000001,3.0565,True,True,True,False,241.07999999999944,0.0,71.71137180923185,120.29122207156755,0.8365265578022756,-39.834383265538726,394.08473717306236
2025-10-05T14:00:00Z,2025-10-05T14:15:00Z,2025-10-05,2025-10-05_65,-28.99999999999988,100,71,0,183.23903797391307,190.0,0.01969796214975838,0.214,0.340445,True,True,True,False,-37.11999999999985,0.0,105.78907032954078,80.50963862524318,19.925730118493192,-14.579079295132546,154.52535977814475
2025-10-05T14:15:00Z,2025-10-05T14:30:00Z,2025-10-05,2025-10-05_66,-28.38036087344147,100,71,0,190.0,190.0,0.02715577983548677,6.279,0.0,True,True,True,False,-382.4253627696238,0.0,105.78907032954078,80.50963862524318,872.5032576784765,0.0,676.3766038636367
2025-10-05T14:30:00Z,2025-10-05T14:45:00Z,2025-10-05,2025-10-05_67,0.0,100,71,0,190.0,178.4820652173913,0.03199426328502416,10.5965,0.0,True,True,True,False,0.0,0.0,105.78907032954078,80.50963862524318,1818.0569700721178,0.0,2004.3556790269017
2025-10-05T14:45:00Z,2025-10-05T15:00:00Z,2025-10-05,2025-10-05_68,0.0,100,71,0,178.4820652173913,152.23260869565217,0.07291515700483092,24.1495,0.0,True,True,True,False,0.0,0.0,105.78907032954078,80.50963862524318,8386.409663679773,0.0,8572.708372634557
2025-10-05T15:00:00Z,2025-10-05T15:15:00Z,2025-10-05,2025-10-05_69,0.0,100,100,0,152.23260869565217,147.62567304347826,0.012876265700483093,4.2515,0.0155,True,True,True,False,0.0,0.0,132.93639096857868,62.45947061250959,1086.357709819411,-1.1878795024465014,1280.5656918980528
2025-10-05T15:15:00Z,2025-10-05T15:30:00Z,2025-10-05,2025-10-05_70,0.0,100,100,0,147.62567304347826,147.63969999999998,0.0003801473429951691,0.056499999999999995,0.082,True,True,True,False,0.0,0.0,132.93639096857868,62.45947061250959,4.60561211656743,-5.700634714771365,194.30083898288433
2025-10-05T15:30:00Z,2025-10-05T15:45:00Z,2025-10-05,2025-10-05_71,0.0,100,100,0,147.63969999999998,147.4754573913043,0.0007092294685990337,0.193,0.0495,True,True,True,False,0.0,0.0,132.93639096857868,62.45947061250959,28.56323390123602,-3.890821199080352,220.06827428324394
2025-10-05T15:45:00Z,2025-10-05T16:00:00Z,2025-10-05,2025-10-05_72,0.0,100,100,0,147.4754573913043,130.3504573913043,0.047569444444444435,15.754999999999999,0.0,True,True,True,False,0.0,0.0,132.93639096857868,62.45947061250959,4794.874142742046,0.0,4990.270004323134
2025-10-05T16:00:00Z,2025-10-05T16:15:00Z,2025-10-05,2025-10-05_73,60.0251032000001,0,61,39,130.3504573913043,114.03928804347818,0.04530880374396143,0.0,0.0,True,True,True,False,2227.2314542360036,428.21140128515003,0.0,36.500029475918176,0.0,0.0,2691.942884997072
2025-10-05T16:15:00Z,2025-10-05T16:30:00Z,2025-10-05,2025-10-05_74,61.0,0,61,39,114.03928804347818,97.46320108695643,0.04604468599033817,0.0,0.0,True,True,True,False,2337.6724999999997,428.21140128515003,0.0,36.500029475918176,0.0,0.0,2802.383930761068
2025-10-05T16:30:00Z,2025-10-05T16:45:00Z,2025-10-05,2025-10-05_75,61.0,0,61,39,97.46320108695643,80.905679347826,0.04599311594202898,0.0,0.01708,True,True,True,False,2337.8250000000003,428.21140128515003,0.0,36.500029475918176,0.0,-1.342529819803887,2801.1939009412645
2025-10-05T16:45:00Z,2025-10-05T17:00:00Z,2025-10-05,2025-10-05_76,61.0,0,61,39,80.905679347826,64.34782608695643,0.04599403683574879,0.0,0.016775,True,True,True,False,2370.3075,428.21140128515003,0.0,36.500029475918176,0.0,-1.318556073021675,2833.7003746880464
2025-10-05T17:00:00Z,2025-10-05T17:15:00Z,2025-10-05,2025-10-05_77,0.0,0,0,100,64.34782608695643,64.34782608695643,0.0,0.0,0.0,True,True,True,False,0.0,1097.9779520132051,0.0,0.0,0.0,0.0,1097.9779520132051
2025-10-05T17:15:00Z,2025-10-05T17:30:00Z,2025-10-05,2025-10-05_78,0.0,0,0,100,64.34782608695643,64.34782608695643,0.0,0.0,0.0,True,True,True,False,0.0,1097.9779520132051,0.0,0.0,0.0,0.0,1097.9779520132051
2025-10-05T17:30:00Z,2025-10-05T17:45:00Z,2025-10-05,2025-10-05_79,0.0,0,0,100,64.34782608695643,64.34782608695643,0.0,0.0,0.0,True,True,True,False,0.0,1097.9779520132051,0.0,0.0,0.0,0.0,1097.9779520132051
2025-10-05T17:45:00Z,2025-10-05T18:00:00Z,2025-10-05,2025-10-05_80,0.0,0,0,100,64.34782608695643,64.34782608695643,0.0,0.0,0.0,True,True,True,False,0.0,1097.9779520132051,0.0,0.0,0.0,0.0,1097.9779520132051
2025-10-05T18:00:00Z,2025-10-05T18:15:00Z,2025-10-05,2025-10-05_81,0.0,0,0,100,64.34782608695643,64.34782608695643,0.0,0.0,0.0,True,True,True,False,0.0,1097.9779520132051,0.0,0.0,0.0,0.0,1097.9779520132051
2025-10-05T18:15:00Z,2025-10-05T18:30:00Z,2025-10-05,2025-10-05_82,0.0,0,0,100,64.34782608695643,64.34782608695643,0.0,0.0,0.0,True,True,True,False,0.0,1097.9779520132051,0.0,0.0,0.0,0.0,1097.9779520132051
2025-10-05T18:30:00Z,2025-10-05T18:45:00Z,2025-10-05,2025-10-05_83,0.0,0,0,100,64.34782608695643,64.34782608695643,0.0,0.0,0.0,True,True,True,False,0.0,1097.9779520132051,0.0,0.0,0.0,0.0,1097.9779520132051
2025-10-05T18:45:00Z,2025-10-05T19:00:00Z,2025-10-05,2025-10-05_84,0.0,0,0,100,64.34782608695643,64.34782608695643,0.0,0.0,0.0,True,True,True,False,0.0,1097.9779520132051,0.0,0.0,0.0,0.0,1097.9779520132051
2025-10-05T19:00:00Z,2025-10-05T19:15:00Z,2025-10-05,2025-10-05_85,0.0,0,0,100,64.34782608695643,64.34782608695643,0.0,0.0,0.0,True,True,True,False,0.0,1097.9779520132051,0.0,0.0,0.0,0.0,1097.9779520132051
2025-10-05T19:15:00Z,2025-10-05T19:30:00Z,2025-10-05,2025-10-05_86,0.0,0,0,100,64.34782608695643,64.34782608695643,0.0,0.0,0.0,True,True,True,False,0.0,1097.9779520132051,0.0,0.0,0.0,0.0,1097.9779520132051
2025-10-05T19:30:00Z,2025-10-05T19:45:00Z,2025-10-05,2025-10-05_87,-1.4210854715202004e-14,0,0,100,64.34782608695643,64.34782608695643,9.079157179156836e-18,0.0,0.0,True,True,True,False,-3.9612757518625585e-13,1097.9779520132051,0.0,0.0,0.0,0.0,1097.9779520132047
2025-10-05T19:45:00Z,2025-10-05T20:00:00Z,2025-10-05,2025-10-05_88,0.0,0,0,100,64.34782608695643,64.34782608695643,0.0,0.0,0.0,True,True,True,False,0.0,1097.9779520132051,0.0,0.0,0.0,0.0,1097.9779520132051
2025-10-05T20:00:00Z,2025-10-05T20:15:00Z,2025-10-05,2025-10-05_89,0.0,0,0,100,64.34782608695643,64.34782608695643,0.0,0.0,0.0,True,True,True,False,0.0,1097.9779520132051,0.0,0.0,0.0,0.0,1097.9779520132051
2025-10-05T20:15:00Z,2025-10-05T20:30:00Z,2025-10-05,2025-10-05_90,0.0,0,0,100,64.34782608695643,64.34782608695643,0.0,0.0,0.0,True,True,True,False,0.0,1097.9779520132051,0.0,0.0,0.0,0.0,1097.9779520132051
2025-10-05T20:30:00Z,2025-10-05T20:45:00Z,2025-10-05,2025-10-05_91,0.0,0,0,100,64.34782608695643,64.34782608695643,0.0,0.0,0.0,True,True,True,False,0.0,1097.9779520132051,0.0,0.0,0.0,0.0,1097.9779520132051
2025-10-05T20:45:00Z,2025-10-05T21:00:00Z,2025-10-05,2025-10-05_92,0.0,0,0,100,64.34782608695643,64.34782608695643,0.0,0.0,0.0,True,True,True,False,0.0,1097.9779520132051,0.0,0.0,0.0,0.0,1097.9779520132051
2025-10-05T21:00:00Z,2025-10-05T21:15:00Z,2025-10-06,2025-10-05_93,0.0,0,0,100,64.34782608695643,64.34782608695643,0.0,0.0,0.0,True,True,True,False,0.0,1097.9779520132051,0.0,0.0,0.0,0.0,1097.9779520132051
2025-10-05T21:15:00Z,2025-10-05T21:30:00Z,2025-10-06,2025-10-05_94,0.0,0,0,100,64.34782608695643,64.34782608695643,0.0,0.0,0.0,True,True,True,False,0.0,1097.9779520132051,0.0,0.0,0.0,0.0,1097.9779520132051
2025-10-05T21:30:00Z,2025-10-05T21:45:00Z,2025-10-06,2025-10-05_95,0.0,0,0,100,64.34782608695643,64.34782608695643,0.0,0.0,0.0,True,True,True,False,0.0,1097.9779520132051,0.0,0.0,0.0,0.0,1097.9779520132051
2025-10-05T21:45:00Z,2025-10-05T22:00:00Z,2025-10-06,2025-10-05_96,0.0,0,0,100,64.34782608695643,64.34782608695643,0.0,0.0,0.0,True,True,True,False,0.0,1097.9779520132051,0.0,0.0,0.0,0.0,1097.9779520132051
2025-10-05T22:00:00Z,2025-10-05T22:15:00Z,2025-10-06,2025-10-06_1,0.0,0,0,100,64.34782608695643,64.34782608695643,0.0,0.0,0.0,True,True,True,False,0.0,1097.9779520132051,0.0,0.0,0.0,0.0,1097.9779520132051
2025-10-05T22:15:00Z,2025-10-05T22:30:00Z,2025-10-06,2025-10-06_2,0.0,0,0,100,64.34782608695643,64.34782608695643,0.0,0.0,0.0,True,True,True,False,0.0,1097.9779520132051,0.0,0.0,0.0,0.0,1097.9779520132051
2025-10-05T22:30:00Z,2025-10-05T22:45:00Z,2025-10-06,2025-10-06_3,0.0,0,0,100,64.34782608695643,64.34782608695643,0.0,0.0,0.0,True,True,True,False,0.0,1097.9779520132051,0.0,0.0,0.0,0.0,1097.9779520132051
2025-10-05T22:45:00Z,2025-10-05T23:00:00Z,2025-10-06,2025-10-06_4,0.0,0,0,100,64.34782608695643,64.34782608695643,0.0,0.0,0.0,True,True,True,False,0.0,1097.9779520132051,0.0,0.0,0.0,0.0,1097.9779520132051
2025-10-05T23:00:00Z,2025-10-05T23:15:00Z,2025-10-06,2025-10-06_5,0.0,0,0,100,64.34782608695643,64.34782608695643,0.0,0.0,0.0,True,True,True,False,0.0,1097.9779520132051,0.0,0.0,0.0,0.0,1097.9779520132051
2025-10-05T23:15:00Z,2025-10-05T23:30:00Z,2025-10-06,2025-10-06_6,0.0,0,0,100,64.34782608695643,64.34782608695643,0.0,0.0,0.0,True,True,True,False,0.0,1097.9779520132051,0.0,0.0,0.0,0.0,1097.9779520132051
2025-10-05T23:30:00Z,2025-10-05T23:45:00Z,2025-10-06,2025-10-06_7,0.0,0,0,100,64.34782608695643,64.34782608695643,0.0,0.0,0.0,True,True,True,False,0.0,1097.9779520132051,0.0,0.0,0.0,0.0,1097.9779520132051
2025-10-05T23:45:00Z,2025-10-06T00:00:00Z,2025-10-06,2025-10-06_8,0.0,0,0,100,64.34782608695643,64.34782608695643,0.0,0.0,0.0,True,True,True,False,0.0,1097.9779520132051,0.0,0.0,0.0,0.0,1097.9779520132051
2025-10-06T00:00:00Z,2025-10-06T00:15:00Z,2025-10-06,2025-10-06_9,-85.99999999999996,86,0,14,64.34782608695643,84.11041968695642,0.05489609333333331,0.01892,0.0,True,True,True,False,-1502.4199999999992,153.71691328184875,90.87720332488358,0.0,1.7364246497278393,0.0,-1256.089458743539
2025-10-06T00:15:00Z,2025-10-06T00:30:00Z,2025-10-06,2025-10-06_10,-85.99999999999994,86,0,14,84.11041968695642,103.86074968695641,0.054862027777777746,0.03225,0.0,True,True,True,False,-1319.454999999999,153.71691328184875,90.87720332488358,0.0,2.963756558391794,0.0,-1071.8971268348748
2025-10-06T00:30:00Z,2025-10-06T00:45:00Z,2025-10-06,2025-10-06_11,-85.99999999999994,86,0,14,103.86074968695641,123.6407496869564,0.054944444444444414,0.0,0.0,True,True,True,False,-1227.864999999999,153.71691328184875,90.87720332488358,0.0,0.0,0.0,-983.2708833932668
2025-10-06T00:45:00Z,2025-10-06T01:00:00Z,2025-10-06,2025-10-06_12,-85.99999999999994,86,0,14,123.6407496869564,143.42074968695638,0.054944444444444414,0.0,0.0,True,True,True,False,-1137.5649999999991,153.71691328184875,90.87720332488358,0.0,0.0,0.0,-892.9708833932668
2025-10-06T01:00:00Z,2025-10-06T01:15:00Z,2025-10-06,2025-10-06_13,4.130971751986839e-14,0,0,100,143.42074968695638,143.42074968695638,3.118185199265428e-17,0.0,0.0,True,True,True,False,6.470134506549386e-13,1097.9779520132051,0.0,0.0,0.0,0.0,1097.9779520132058
2025-10-06T01:15:00Z,2025-10-06T01:30:00Z,2025-10-06,2025-10-06_14,0.0,0,0,100,143.42074968695638,143.42074968695638,0.0,0.0,0.0,True,True,True,False,0.0,1097.9779520132051,0.0,0.0,0.0,0.0,1097.9779520132051
2025-10-06T01:30:00Z,2025-10-06T01:45:00Z,2025-10-06,2025-10-06_15,0.0,0,0,100,143.42074968695638,143.42074968695638,0.0,0.0,0.0,True,True,True,False,0.0,1097.9779520132051,0.0,0.0,0.0,0.0,1097.9779520132051
2025-10-06T01:45:00Z,2025-10-06T02:00:00Z,2025-10-06,2025-10-06_16,0.0,0,0,100,143.42074968695638,143.42074968695638,0.0,0.0,0.0,True,True,True,False,0.0,1097.9779520132051,0.0,0.0,0.0,0.0,1097.9779520132051
2025-10-06T02:00:00Z,2025-10-06T02:15:00Z,2025-10-06,2025-10-06_17,0.0,0,0,100,143.42074968695638,143.42074968695638,0.0,0.0,0.0,True,True,True,False,0.0,1097.9779520132051,0.0,0.0,0.0,0.0,1097.9779520132051
2025-10-06T02:15:00Z,2025-10-06T02:30:00Z,2025-10-06,2025-10-06_18,0.0,0,0,100,143.42074968695638,143.42074968695638,0.0,0.0,0.0,True,True,True,False,0.0,1097.9779520132051,0.0,0.0,0.0,0.0,1097.9779520132051
2025-10-06T02:30:00Z,2025-10-06T02:45:00Z,2025-10-06,2025-10-06_19,0.0,0,0,100,143.42074968695638,143.42074968695638,0.0,0.0,0.0,True,True,True,False,0.0,1097.9779520132051,0.0,0.0,0.0,0.0,1097.9779520132051
2025-10-06T02:45:00Z,2025-10-06T03:00:00Z,2025-10-06,2025-10-06_20,0.0,0,0,100,143.42074968695638,143.42074968695638,0.0,0.0,0.0,True,True,True,False,0.0,1097.9779520132051,0.0,0.0,0.0,0.0,1097.9779520132051
2025-10-06T03:00:00Z,2025-10-06T03:15:00Z,2025-10-06,2025-10-06_21,-100.0,100,0,0,143.42074968695638,156.8720696869564,0.03736477777777778,10.379,0.0,True,True,True,False,-2169.75,0.0,108.3534752107528,0.0,5803.751446874569,0.0,3742.3549220853224
2025-10-06T03:15:00Z,2025-10-06T03:30:00Z,2025-10-06,2025-10-06_22,-100.0,100,0,0,156.8720696869564,164.2201096869564,0.020411222222222223,17.013,0.0,True,True,True,False,-2540.25,0.0,108.3534752107528,0.0,13182.66959735896,0.0,10750.773072569713
2025-10-06T03:30:00Z,2025-10-06T03:45:00Z,2025-10-06,2025-10-06_23,-25.334231931003973,100,0,0,164.2201096869564,153.31467391304443,0.041924611205383946,16.017,0.0,True,True,True,False,-793.4048084992169,0.0,108.3534752107528,0.0,12839.81816306078,0.0,12154.766829772316
2025-10-06T03:45:00Z,2025-10-06T04:00:00Z,2025-10-06,2025-10-06_24,0.0,100,0,0,153.31467391304443,144.00000000000097,0.02587409420289855,8.5695,0.0,True,True,True,False,0.0,0.0,108.3534752107528,0.0,5493.871440488121,0.0,5602.224915698874
2025-10-06T04:00:00Z,2025-10-06T04:15:00Z,2025-10-06,2025-10-06_25,-3.1365628532101373e-14,0,0,100,144.00000000000097,144.00000000000097,2.0039151562175877e-17,0.0,0.0,True,False,True,False,-1.093092154343733e-12,1097.9779520132051,0.0,0.0,0.0,0.0,1097.977952013204
2025-10-06T04:15:00Z,2025-10-06T04:30:00Z,2025-10-06,2025-10-06_26,1.549382782295101e-13,0,0,100,144.00000000000097,144.00000000000094,1.1695220276985966e-16,0.0,0.0,True,False,True,False,6.517866019419916e-12,1097.9779520132051,0.0,0.0,0.0,0.0,1097.9779520132117
2025-10-06T04:30:00Z,2025-10-06T04:45:00Z,2025-10-06,2025-10-06_27,0.0,0,0,100,144.00000000000094,144.00000000000094,0.0,0.0,0.0,True,False,True,False,0.0,1097.9779520132051,0.0,0.0,0.0,0.0,1097.9779520132051
2025-10-06T04:45:00Z,2025-10-06T05:00:00Z,2025-10-06,2025-10-06_28,0.0,0,0,100,144.00000000000094,144.00000000000094,0.0,0.0,0.0,True,False,True,False,0.0,1097.9779520132051,0.0,0.0,0.0,0.0,1097.9779520132051
2025-10-06T05:00:00Z,2025-10-06T05:15:00Z,2025-10-06,2025-10-06_29,73.99999999999964,0,0,26,144.00000000000094,123.89130434782712,0.05585748792270504,0.0,0.0,True,False,True,False,5278.7899999999745,285.47426752343335,0.0,0.0,0.0,0.0,5564.264267523407
2025-10-06T05:15:00Z,2025-10-06T05:30:00Z,2025-10-06,2025-10-06_30,73.99999999999964,0,0,26,123.89130434782712,103.7826086956533,0.05585748792270504,0.0,0.0,True,False,True,False,5300.619999999974,285.47426752343335,0.0,0.0,0.0,0.0,5586.094267523407
2025-10-06T05:30:00Z,2025-10-06T05:45:00Z,2025-10-06,2025-10-06_31,73.99999999999964,0,0,26,103.7826086956533,83.67391304347947,0.05585748792270504,0.0,0.0,True,False,True,False,4693.449999999977,285.47426752343335,0.0,0.0,0.0,0.0,4978.924267523411
2025-10-06T05:45:00Z,2025-10-06T06:00:00Z,2025-10-06,2025-10-06_32,71.12000000000442,0,0,26,83.67391304347947,64.34782608695653,0.05368357487923039,0.0,0.0,True,False,True,False,4085.8440000002543,285.47426752343335,0.0,0.0,0.0,0.0,4371.318267523688
2025-10-06T06:00:00Z,2025-10-06T06:15:00Z,2025-10-06,2025-10-06_33,0.0,0,0,100,64.34782608695653,64.34782608695653,0.0,0.0,0.0,True,False,True,False,0.0,1097.9779520132051,0.0,0.0,0.0,0.0,1097.9779520132051
2025-10-06T06:15:00Z,2025-10-06T06:30:00Z,2025-10-06,2025-10-06_34,0.0,0,0,100,64.34782608695653,64.34782608695653,0.0,0.0,0.0,True,False,True,False,0.0,1097.9779520132051,0.0,0.0,0.0,0.0,1097.9779520132051
2025-10-06T06:30:00Z,2025-10-06T06:45:00Z,2025-10-06,2025-10-06_35,0.0,0,0,100,64.34782608695653,64.34782608695653,0.0,0.0,0.0,True,False,True,False,0.0,1097.9779520132051,0.0,0.0,0.0,0.0,1097.9779520132051
2025-10-06T06:45:00Z,2025-10-06T07:00:00Z,2025-10-06,2025-10-06_36,0.0,0,0,100,64.34782608695653,64.34782608695653,0.0,0.0,0.0,True,False,True,False,0.0,1097.9779520132051,0.0,0.0,0.0,0.0,1097.9779520132051
2025-10-06T07:00:00Z,2025-10-06T07:15:00Z,2025-10-06,2025-10-06_37,0.0,0,0,100,64.34782608695653,64.34782608695653,0.0,0.0,0.0,True,False,True,False,0.0,1097.9779520132051,0.0,0.0,0.0,0.0,1097.9779520132051
2025-10-06T07:15:00Z,2025-10-06T07:30:00Z,2025-10-06,2025-10-06_38,0.0,0,0,100,64.34782608695653,64.34782608695653,0.0,0.0,0.0,True,False,True,False,0.0,1097.9779520132051,0.0,0.0,0.0,0.0,1097.9779520132051
2025-10-06T07:30:00Z,2025-10-06T07:45:00Z,2025-10-06,2025-10-06_39,-8.881784197001252e-15,0,0,100,64.34782608695653,64.34782608695653,5.674473236973023e-18,0.0,0.0,True,False,True,False,-2.7544633240950134e-13,1097.9779520132051,0.0,0.0,0.0,0.0,1097.977952013205
2025-10-06T07:45:00Z,2025-10-06T08:00:00Z,2025-10-06,2025-10-06_40,-8.881784197001252e-15,0,0,100,64.34782608695653,64.34782608695653,5.674473236973023e-18,0.0,0.0,True,False,True,False,-2.476907567938724e-13,1097.9779520132051,0.0,0.0,0.0,0.0,1097.977952013205
2025-10-06T08:00:00Z,2025-10-06T08:15:00Z,2025-10-06,2025-10-06_41,-40.9999999999999,100,59,0,64.34782608695653,62.31608740869564,0.03445027299516908,11.2535,0.0,True,True,True,False,-1177.314999999997,0.0,105.43535931144257,42.4857041796852,8446.354462064493,0.0,7416.960525555624
2025-10-06T08:15:00Z,2025-10-06T08:30:00Z,2025-10-06,2025-10-06_42,-37.64323810795465,100,59,0,62.31608740869564,68.5663887217392,0.02623347774261249,2.356,0.005605,True,True,True,False,-1020.8846174877302,0.0,105.43535931144257,42.4857041796852,446.23720568295704,-0.4460738076991098,-427.17242212134454
2025-10-06T08:30:00Z,2025-10-06T08:45:00Z,2025-10-06,2025-10-06_43,-40.9999999999999,100,59,0,68.5663887217392,78.04378041739136,0.026493539734299455,0.047,0.10354499999999998,True,True,True,False,-1065.4874999999975,0.0,105.43535931144257,42.4857041796852,7.388630155829355,-8.162940947945529,-918.3407473009859
2025-10-06T08:45:00Z,2025-10-06T09:00:00Z,2025-10-06,2025-10-06_44,-40.999999999999865,100,59,0,78.04378041739136,87.50287826086958,0.026321588212560303,0.013,0.04602,True,True,True,False,-1042.2199999999966,0.0,105.43535931144257,42.4857041796852,2.043663660123013,-3.6424971526263046,-895.8977700013721
2025-10-06T09:00:00Z,2025-10-06T09:15:00Z,2025-10-06,2025-10-06_45,0.0,0,0,100,87.50287826086958,87.50287826086958,0.0,0.0,0.0,True,True,True,False,0.0,1097.9779520132051,0.0,0.0,0.0,0.0,1097.9779520132051
2025-10-06T09:15:00Z,2025-10-06T09:30:00Z,2025-10-06,2025-10-06_46,0.0,0,0,100,87.50287826086958,87.50287826086958,0.0,0.0,0.0,True,True,True,False,0.0,1097.9779520132051,0.0,0.0,0.0,0.0,1097.9779520132051
2025-10-06T09:30:00Z,2025-10-06T09:45:00Z,2025-10-06,2025-10-06_47,0.0,0,0,100,87.50287826086958,87.50287826086958,0.0,0.0,0.0,True,True,True,False,0.0,1097.9779520132051,0.0,0.0,0.0,0.0,1097.9779520132051
2025-10-06T09:45:00Z,2025-10-06T10:00:00Z,2025-10-06,2025-10-06_48,0.0,0,0,100,87.50287826086958,87.50287826086958,0.0,0.0,0.0,True,True,True,False,0.0,1097.9779520132051,0.0,0.0,0.0,0.0,1097.9779520132051
2025-10-06T10:00:00Z,2025-10-06T10:15:00Z,2025-10-06,2025-10-06_49,0.0,0,0,100,87.50287826086958,87.50287826086958,0.0,0.0,0.0,True,True,True,False,0.0,1097.9779520132051,0.0,0.0,0.0,0.0,1097.9779520132051
2025-10-06T10:15:00Z,2025-10-06T10:30:00Z,2025-10-06,2025-10-06_50,0.0,0,0,100,87.50287826086958,87.50287826086958,0.0,0.0,0.0,True,True,True,False,0.0,1097.9779520132051,0.0,0.0,0.0,0.0,1097.9779520132051
2025-10-06T10:30:00Z,2025-10-06T10:45:00Z,2025-10-06,2025-10-06_51,0.0,0,0,100,87.50287826086958,87.50287826086958,0.0,0.0,0.0,True,True,True,False,0.0,1097.9779520132051,0.0,0.0,0.0,0.0,1097.9779520132051
2025-10-06T10:45:00Z,2025-10-06T11:00:00Z,2025-10-06,2025-10-06_52,0.0,0,0,100,87.50287826086958,87.50287826086958,0.0,0.0,0.0,True,True,True,False,0.0,1097.9779520132051,0.0,0.0,0.0,0.0,1097.9779520132051
2025-10-06T11:00:00Z,2025-10-06T11:15:00Z,2025-10-06,2025-10-06_53,0.0,0,0,100,87.50287826086958,87.50287826086958,0.0,0.0,0.0,True,False,True,False,0.0,1097.9779520132051,0.0,0.0,0.0,0.0,1097.9779520132051
2025-10-06T11:15:00Z,2025-10-06T11:30:00Z,2025-10-06,2025-10-06_54,0.0,0,0,100,87.50287826086958,87.50287826086958,0.0,0.0,0.0,True,False,True,False,0.0,1097.9779520132051,0.0,0.0,0.0,0.0,1097.9779520132051
2025-10-06T11:30:00Z,2025-10-06T11:45:00Z,2025-10-06,2025-10-06_55,0.0,0,0,100,87.50287826086958,87.50287826086958,0.0,0.0,0.0,True,False,True,False,0.0,1097.9779520132051,0.0,0.0,0.0,0.0,1097.9779520132051
2025-10-06T11:45:00Z,2025-10-06T12:00:00Z,2025-10-06,2025-10-06_56,0.0,0,0,100,87.50287826086958,87.50287826086958,0.0,0.0,0.0,True,False,True,False,0.0,1097.9779520132051,0.0,0.0,0.0,0.0,1097.9779520132051
2025-10-06T12:00:00Z,2025-10-06T12:15:00Z,2025-10-06,2025-10-06_57,-100.0,100,0,0,87.50287826086958,102.09177826086957,0.040524722222222226,9.1425,0.0,True,True,True,False,-2598.75,0.0,105.43535931144257,0.0,4360.021582267288,0.0,1866.7069415787307
2025-10-06T12:15:00Z,2025-10-06T12:30:00Z,2025-10-06,2025-10-06_58,-100.0,100,0,0,102.09177826086957,122.96979826086957,0.0579945,2.3065,0.0,True,True,True,False,-2599.0,0.0,105.43535931144257,0.0,643.7523128770462,0.0,-1849.8123278115113
2025-10-06T12:30:00Z,2025-10-06T12:45:00Z,2025-10-06,2025-10-06_59,-100.0,100,0,0,122.96979826086957,144.01847826086956,0.058468555555555565,2.121,0.0,True,True,True,False,-2695.5,0.0,105.43535931144257,0.0,359.4884312916348,0.0,-2230.5762093969224
2025-10-06T12:45:00Z,2025-10-06T13:00:00Z,2025-10-06,2025-10-06_60,0.0,100,0,0,144.01847826086956,144.0,5.132850241545894e-05,0.017,0.0,True,True,True,False,0.0,0.0,105.43535931144257,0.0,2.672483247853171,0.0,108.10784255929573
2025-10-06T13:00:00Z,2025-10-06T13:15:00Z,2025-10-06,2025-10-06_61,0.0,0,0,100,144.0,144.0,0.0,0.0,0.0,True,True,True,False,0.0,1097.9779520132051,0.0,0.0,0.0,0.0,1097.9779520132051
2025-10-06T13:15:00Z,2025-10-06T13:30:00Z,2025-10-06,2025-10-06_62,0.0,0,0,100,144.0,144.0,0.0,0.0,0.0,True,True,True,False,0.0,1097.9779520132051,0.0,0.0,0.0,0.0,1097.9779520132051
2025-10-06T13:30:00Z,2025-10-06T13:45:00Z,2025-10-06,2025-10-06_63,0.0,0,0,100,144.0,144.0,0.0,0.0,0.0,True,True,True,False,0.0,1097.9779520132051,0.0,0.0,0.0,0.0,1097.9779520132051
2025-10-06T13:45:00Z,2025-10-06T14:00:00Z,2025-10-06,2025-10-06_64,0.0,0,0,100,144.0,144.0,0.0,0.0,0.0,True,True,True,False,0.0,1097.9779520132051,0.0,0.0,0.0,0.0,1097.9779520132051
2025-10-06T14:00:00Z,2025-10-06T14:15:00Z,2025-10-06,2025-10-06_65,0.0,0,0,100,144.0,144.0,0.0,0.0,0.0,True,False,True,False,0.0,1097.9779520132051,0.0,0.0,0.0,0.0,1097.9779520132051
2025-10-06T14:15:00Z,2025-10-06T14:30:00Z,2025-10-06,2025-10-06_66,0.0,0,0,100,144.0,144.0,0.0,0.0,0.0,True,False,True,False,0.0,1097.9779520132051,0.0,0.0,0.0,0.0,1097.9779520132051
2025-10-06T14:30:00Z,2025-10-06T14:45:00Z,2025-10-06,2025-10-06_67,0.0,0,0,100,144.0,144.0,0.0,0.0,0.0,True,False,True,False,0.0,1097.9779520132051,0.0,0.0,0.0,0.0,1097.9779520132051
2025-10-06T14:45:00Z,2025-10-06T15:00:00Z,2025-10-06,2025-10-06_68,0.0,0,0,100,144.0,144.0,0.0,0.0,0.0,True,False,True,False,0.0,1097.9779520132051,0.0,0.0,0.0,0.0,1097.9779520132051
2025-10-06T15:00:00Z,2025-10-06T15:15:00Z,2025-10-06,2025-10-06_69,0.0,0,0,100,144.0,144.0,0.0,0.0,0.0,True,True,True,False,0.0,1097.9779520132051,0.0,0.0,0.0,0.0,1097.9779520132051
2025-10-06T15:15:00Z,2025-10-06T15:30:00Z,2025-10-06,2025-10-06_70,0.0,0,0,100,144.0,144.0,0.0,0.0,0.0,True,True,True,False,0.0,1097.9779520132051,0.0,0.0,0.0,0.0,1097.9779520132051
2025-10-06T15:30:00Z,2025-10-06T15:45:00Z,2025-10-06,2025-10-06_71,0.0,0,0,100,144.0,144.0,0.0,0.0,0.0,True,True,True,False,0.0,1097.9779520132051,0.0,0.0,0.0,0.0,1097.9779520132051
2025-10-06T15:45:00Z,2025-10-06T16:00:00Z,2025-10-06,2025-10-06_72,0.0,0,0,100,144.0,144.0,0.0,0.0,0.0,True,True,True,False,0.0,1097.9779520132051,0.0,0.0,0.0,0.0,1097.9779520132051
2025-10-06T16:00:00Z,2025-10-06T16:15:00Z,2025-10-06,2025-10-06_73,0.0,0,100,0,144.0,144.21298,0.0005916111111111112,0.0,0.2315,True,True,True,False,0.0,0.0,0.0,59.83611389494783,0.0,-17.15203511564385,42.684078779303974
2025-10-06T16:15:00Z,2025-10-06T16:30:00Z,2025-10-06,2025-10-06_74,99.32160115138933,0,100,0,144.21298,117.91562720000013,0.07307030671803913,0.0,0.6375,True,True,True,False,4966.080057569467,0.0,0.0,59.83611389494783,0.0,-42.31271738489653,4983.603454079518
2025-10-06T16:30:00Z,2025-10-06T16:45:00Z,2025-10-06,2025-10-06_75,100.00000000000003,0,100,0,117.91562720000013,90.84606198260882,0.07519323671497588,0.0,0.096,True,True,True,False,7033.000000000002,0.0,0.0,59.83611389494783,0.0,-7.640157990921417,7085.195955904028
2025-10-06T16:45:00Z,2025-10-06T17:00:00Z,2025-10-06,2025-10-06_76,100.0,0,100,0,90.84606198260882,63.713453286956636,0.07536835748792271,0.0,0.038,True,True,True,False,8134.75,0.0,0.0,59.83611389494783,0.0,-3.0242292047397275,8191.561884690208
2025-10-06T17:00:00Z,2025-10-06T17:15:00Z,2025-10-06,2025-10-06_77,29.0,71,29,0,63.713453286956636,48.61802937391316,0.04193173309178744,6.63779,0.0,True,True,True,False,2061.4649999999997,0.0,129.35536166951601,15.916406296056122,2098.1189525535974,0.0,4304.855720519169
2025-10-06T17:15:00Z,2025-10-06T17:30:00Z,2025-10-06,2025-10-06_78,29.0,71,29,0,48.61802937391316,35.557295678260985,0.03627981582125604,4.765875,0.0,True,True,True,False,1941.1875,0.0,129.35536166951601,15.916406296056122,1113.1744396627955,0.0,3199.6337076283676
2025-10-06T17:30:00Z,2025-10-06T17:45:00Z,2025-10-06,2025-10-06_79,29.0,71,29,0,35.557295678260985,20.783301113043596,0.04103887379227053,6.3420749999999995,0.0,True,True,True,False,1770.5225,0.0,129.35536166951601,15.916406296056122,1839.4672026469373,0.0,3755.2614706125096
2025-10-06T17:45:00Z,2025-10-06T18:00:00Z,2025-10-06,2025-10-06_80,-70.99999999999946,71,29,0,20.783301113043596,27.677173913043458,0.01914964666666676,10.25666,0.0,True,True,True,False,-2839.8224999999784,0.0,129.35536166951601,15.916406296056122,3359.066731356482,0.0,664.5159993220756
2025-10-06T18:00:00Z,2025-10-06T18:15:00Z,2025-10-06,2025-10-06_81,0.0,100,0,0,27.677173913043458,20.707065217391282,0.01936141304347826,6.4125000000000005,0.0,True,True,True,False,0.0,0.0,163.56186995224903,0.0,1200.5043255909923,0.0,1364.0661955432413
2025-10-06T18:15:00Z,2025-10-06T18:30:00Z,2025-10-06,2025-10-06_82,0.0,100,0,0,20.707065217391282,9.999999999999977,0.029741847826086958,9.8505,0.0,True,True,True,False,0.0,0.0,163.56186995224903,0.0,2517.799723810647,0.0,2681.3615937628956
2025-10-06T18:30:00Z,2025-10-06T18:45:00Z,2025-10-06,2025-10-06_83,-100.0,100,0,0,9.999999999999977,21.114979999999978,0.030874944444444448,12.9185,0.0,True,True,True,False,-3832.25,0.0,163.56186995224903,0.0,3387.978104108943,0.0,-280.7100259388078
2025-10-06T18:45:00Z,2025-10-06T19:00:00Z,2025-10-06,2025-10-06_84,-100.0,100,0,0,21.114979999999978,36.38191999999998,0.04240816666666666,8.4055,0.0,True,True,True,False,-3299.4999999999995,0.0,163.56186995224903,0.0,2078.8387658433057,0.0,-1057.0993642044448
2025-10-06T19:00:00Z,2025-10-06T19:15:00Z,2025-10-06,2025-10-06_85,-35.54298769771527,55,0,45,36.38191999999998,39.65444199760493,0.01978699588706689,5.0072,0.0,True,True,True,False,-1181.7154834797884,494.09007840594234,88.90526439898603,0.0,1439.6096038043586,0.0,840.8894631294985
2025-10-06T19:15:00Z,2025-10-06T19:30:00Z,2025-10-06,2025-10-06_86,8.63021998417547e-15,55,0,45,39.65444199760493,34.87422460630058,0.013278381642512084,4.3978,0.0,True,True,True,False,2.746351754464239e-13,494.09007840594234,88.90526439898603,0.0,893.3404474051368,0.0,1476.3357902100654
2025-10-06T19:30:00Z,2025-10-06T19:45:00Z,2025-10-06,2025-10-06_87,-55.0,55,0,45,34.87422460630058,44.43155260630058,0.026548133333333335,3.3616,0.0,True,True,True,False,-1628.55,494.09007840594234,88.90526439898603,0.0,667.595567765136,0.0,-377.95908942993555
2025-10-06T19:45:00Z,2025-10-06T20:00:00Z,2025-10-06,2025-10-06_88,-55.0,55,0,45,44.43155260630058,53.75106060630058,0.025887522222222223,3.6201000000000003,0.0,True,True,True,False,-1584.4125000000001,494.09007840594234,88.90526439898603,0.0,736.5764238047517,0.0,-264.84073339032005
2025-10-06T20:00:00Z,2025-10-06T20:15:00Z,2025-10-06,2025-10-06_89,0.0,100,0,0,53.75106060630058,37.38366930195275,0.04546497584541063,15.058,0.0,True,True,True,False,0.0,0.0,161.6459352708837,0.0,13503.175467389809,0.0,13664.821402660693
2025-10-06T20:15:00Z,2025-10-06T20:30:00Z,2025-10-06,2025-10-06_90,-100.0,100,0,0,37.38366930195275,42.13914930195275,0.01320966666666667,19.831,0.0,True,True,True,False,-2901.25,0.0,161.6459352708837,0.0,13981.94418715243,0.0,11242.340122423315
2025-10-06T20:30:00Z,2025-10-06T20:45:00Z,2025-10-06,2025-10-06_91,-100.0,100,0,0,42.13914930195275,52.656129301952745,0.029213833333333335,13.5685,0.0,True,True,True,False,-2880.0,0.0,161.6459352708837,0.0,2830.376995028395,0.0,112.02293029927867
2025-10-06T20:45:00Z,2025-10-06T21:00:00Z,2025-10-06,2025-10-06_92,-100.0,100,0,0,52.656129301952745,61.734229301952745,0.02521694444444444,15.132500000000002,0.0,True,True,True,False,-2740.5,0.0,161.6459352708837,0.0,8789.60092063118,0.0,6210.746855902063
2025-10-06T21:00:00Z,2025-10-06T21:15:00Z,2025-10-07,2025-10-06_93,-42.783725702420185,100,0,0,61.734229301952745,48.30979417391299,0.041862536956124845,22.909,0.0,True,True,True,False,-1201.4739770382148,0.0,101.96321188539089,0.0,30607.236165153485,0.0,29507.72540000066
2025-10-06T21:15:00Z,2025-10-06T21:30:00Z,2025-10-07,2025-10-06_94,-100.0,100,0,0,48.30979417391299,55.42001417391299,0.01975061111111111,17.2715,0.0,True,True,True,False,-2673.25,0.0,101.96321188539089,0.0,17745.884152320876,0.0,15174.597364206267
2025-10-06T21:30:00Z,2025-10-06T21:45:00Z,2025-10-07,2025-10-06_95,-100.0,100,0,0,55.42001417391299,58.03971417391299,0.007276944444444445,22.1525,0.0,True,True,True,False,-2603.0,0.0,101.96321188539089,0.0,27920.077465805924,0.0,25419.040677691315
2025-10-06T21:45:00Z,2025-10-06T22:00:00Z,2025-10-07,2025-10-06_96,-100.0,100,0,0,58.03971417391299,65.40523417391299,0.020459777777777775,16.994,0.0,True,True,True,False,-2559.5,0.0,101.96321188539089,0.0,20355.42629131785,0.0,17897.88950320324
2025-10-06T22:00:00Z,2025-10-06T22:15:00Z,2025-10-07,2025-10-07_1,-100.0,100,0,0,65.40523417391299,72.91795417391299,0.020868666666666667,16.834,0.0,True,True,True,False,-2637.75,0.0,101.96321188539089,0.0,20034.299347561217,0.0,17498.512559446608
2025-10-06T22:15:00Z,2025-10-06T22:30:00Z,2025-10-07,2025-10-07_2,-2.0273637840981116e-14,100,0,0,72.91795417391299,69.07230199999995,0.01068236714975846,3.5379999999999994,0.0,True,True,True,False,-5.200188106211656e-13,0.0,101.96321188539089,0.0,605.47384938883,0.0,707.4370612742204
2025-10-06T22:30:00Z,2025-10-06T22:45:00Z,2025-10-07,2025-10-07_3,-100.0,100,0,0,69.07230199999995,80.76688199999995,0.03248494444444444,12.2885,0.0,True,True,True,False,-2509.75,0.0,101.96321188539089,0.0,8270.233430216564,0.0,5862.446642101954
2025-10-06T22:45:00Z,2025-10-06T23:00:00Z,2025-10-07,2025-10-07_4,-100.0,100,0,0,80.76688199999995,90.83030199999995,0.02795394444444444,14.061500000000002,0.0,True,True,True,False,-2410.75,0.0,101.96321188539089,0.0,14922.977579196639,0.0,12614.19079108203
2025-10-06T23:00:00Z,2025-10-06T23:15:00Z,2025-10-07,2025-10-07_5,-100.0,100,0,0,90.83030199999995,104.57510199999994,0.03817999999999999,10.06,0.0,True,True,True,False,-2500.0,0.0,101.96321188539089,0.0,8053.992190386354,0.0,5655.955402271745
2025-10-06T23:15:00Z,2025-10-06T23:30:00Z,2025-10-07,2025-10-07_6,-100.0,100,0,0,104.57510199999994,110.89136199999994,0.017545166666666674,18.1345,0.0,True,True,True,False,-2382.5,0.0,101.96321188539089,0.0,23879.70389566875,0.0,21599.16710755414
2025-10-06T23:30:00Z,2025-10-06T23:45:00Z,2025-10-07,2025-10-07_7,-100.0,100,0,0,110.89136199999994,116.54246199999994,0.015697499999999996,18.8575,0.0,True,True,True,False,-2317.0,0.0,101.96321188539089,0.0,22890.4353756436,0.0,20675.39858752899
2025-10-06T23:45:00Z,2025-10-07T00:00:00Z,2025-10-07,2025-10-07_8,-100.0,100,0,0,116.54246199999994,122.89276199999995,0.017639722222222223,18.0975,0.0,True,True,True,False,-2241.25,0.0,101.96321188539089,0.0,22388.808249322014,0.0,20249.521461207405
2025-10-07T00:00:00Z,2025-10-07T00:15:00Z,2025-10-07,2025-10-07_9,-100.0,100,0,0,122.89276199999995,129.15290199999995,0.017389277777777785,18.1955,0.0,True,True,True,False,-2294.5,0.0,101.96321188539089,0.0,22840.154716031917,0.0,20647.61792791731
2025-10-07T00:15:00Z,2025-10-07T00:30:00Z,2025-10-07,2025-10-07_10,-100.0,100,0,0,129.15290199999995,136.09568199999995,0.0192855,17.4535,0.0,True,True,True,False,-2280.25,0.0,101.96321188539089,0.0,20553.600507015683,0.0,18375.313718901074
2025-10-07T00:30:00Z,2025-10-07T00:45:00Z,2025-10-07,2025-10-07_11,-100.0,100,0,0,136.09568199999995,140.11976199999995,0.011178000000000002,20.626,0.0,True,True,True,False,-2255.75,0.0,101.96321188539089,0.0,26072.62431238455,0.0,23918.83752426994
2025-10-07T00:45:00Z,2025-10-07T01:00:00Z,2025-10-07,2025-10-07_12,-100.0,100,0,0,140.11976199999995,143.26846199999994,0.00874638888888889,21.5775,0.0,True,True,True,False,-2279.25,0.0,101.96321188539089,0.0,28580.782379731165,0.0,26403.495591616556
2025-10-07T01:00:00Z,2025-10-07T01:15:00Z,2025-10-07,2025-10-07_13,0.0,0,0,100,143.26846199999994,143.26846199999994,0.0,0.0,0.0,True,True,True,False,0.0,1098.0426836457966,0.0,0.0,0.0,0.0,1098.0426836457966
2025-10-07T01:15:00Z,2025-10-07T01:30:00Z,2025-10-07,2025-10-07_14,0.0,0,0,100,143.26846199999994,143.26846199999994,0.0,0.0,0.0,True,True,True,False,0.0,1098.0426836457966,0.0,0.0,0.0,0.0,1098.0426836457966
2025-10-07T01:30:00Z,2025-10-07T01:45:00Z,2025-10-07,2025-10-07_15,0.0,0,0,100,143.26846199999994,143.26846199999994,0.0,0.0,0.0,True,True,True,False,0.0,1098.0426836457966,0.0,0.0,0.0,0.0,1098.0426836457966
2025-10-07T01:45:00Z,2025-10-07T02:00:00Z,2025-10-07,2025-10-07_16,0.0,0,0,100,143.26846199999994,143.26846199999994,0.0,0.0,0.0,True,True,True,False,0.0,1098.0426836457966,0.0,0.0,0.0,0.0,1098.0426836457966
2025-10-07T02:00:00Z,2025-10-07T02:15:00Z,2025-10-07,2025-10-07_17,0.0,0,0,100,143.26846199999994,143.26846199999994,0.0,0.0,0.0,True,True,True,False,0.0,1098.0426836457966,0.0,0.0,0.0,0.0,1098.0426836457966
2025-10-07T02:15:00Z,2025-10-07T02:30:00Z,2025-10-07,2025-10-07_18,0.0,0,0,100,143.26846199999994,143.26846199999994,0.0,0.0,0.0,True,True,True,False,0.0,1098.0426836457966,0.0,0.0,0.0,0.0,1098.0426836457966
2025-10-07T02:30:00Z,2025-10-07T02:45:00Z,2025-10-07,2025-10-07_19,0.0,0,0,100,143.26846199999994,143.26846199999994,0.0,0.0,0.0,True,True,True,False,0.0,1098.0426836457966,0.0,0.0,0.0,0.0,1098.0426836457966
2025-10-07T02:45:00Z,2025-10-07T03:00:00Z,2025-10-07,2025-10-07_20,0.0,0,0,100,143.26846199999994,143.26846199999994,0.0,0.0,0.0,True,True,True,False,0.0,1098.0426836457966,0.0,0.0,0.0,0.0,1098.0426836457966
2025-10-07T03:00:00Z,2025-10-07T03:15:00Z,2025-10-07,2025-10-07_21,-27.000000000000227,27,0,73,143.26846199999994,148.28527259999998,0.013935585000000148,1.2969449999999998,0.0,True,True,True,False,-596.700000000005,801.5711590614314,37.868765475769365,0.0,223.2381172709586,0.0,465.9780418081544
2025-10-07T03:15:00Z,2025-10-07T03:30:00Z,2025-10-07,2025-10-07_22,-27.000000000000227,27,0,73,148.28527259999998,152.03797560000004,0.010424175000000147,2.670975,0.0,True,True,True,False,-637.6725000000054,801.5711590614314,37.868765475769365,0.0,484.64816704987624,0.0,686.4155915870717
2025-10-07T03:30:00Z,2025-10-07T03:45:00Z,2025-10-07,2025-10-07_23,-27.000000000000227,27,0,73,152.03797560000004,156.4200000000001,0.012172290000000148,1.98693,0.0,True,True,True,False,-676.4850000000057,801.5711590614314,37.868765475769365,0.0,297.4869892996109,0.0,460.441913836806
2025-10-07T03:45:00Z,2025-10-07T04:00:00Z,2025-10-07,2025-10-07_24,-3.5977689541243083,27,0,73,156.4200000000001,156.42000000000013,0.004067833458064847,0.777195,0.0,True,True,True,False,-97.74238806117215,801.5711590614314,37.868765475769365,0.0,103.1769662186063,0.0,844.874502694635
2025-10-07T04:00:00Z,2025-10-07T04:15:00Z,2025-10-07,2025-10-07_25,-100.0,100,0,0,156.42000000000013,170.13444000000013,0.03809566666666667,10.093,0.0,True,True,True,False,-2663.25,0.0,159.85732814526588,0.0,2042.6930061313524,0.0,-460.6996657233817
2025-10-07T04:15:00Z,2025-10-07T04:30:00Z,2025-10-07,2025-10-07_26,-100.0,100,0,0,170.13444000000013,178.32980000000012,0.02276488888888889,16.092,0.0,True,True,True,False,-3080.75,0.0,159.85732814526588,0.0,3368.918988326848,0.0,448.0263164721141
2025-10-07T04:30:00Z,2025-10-07T04:45:00Z,2025-10-07,2025-10-07_27,-100.0,100,0,0,178.32980000000012,189.76402000000013,0.031761722222222226,12.571499999999999,0.0,True,True,True,False,-3404.0,0.0,159.85732814526588,0.0,4871.23760877255,0.0,1627.0949369178156
2025-10-07T04:45:00Z,2025-10-07T05:00:00Z,2025-10-07,2025-10-07_28,-80.8632723548683,100,0,0,189.76402000000013,189.8090668521738,0.022647764311811938,19.49,0.0,True,True,True,False,-3223.21003606505,0.0,159.85732814526588,0.0,4400.670103761349,0.0,1337.317395841565
2025-10-07T05:00:00Z,2025-10-07T05:15:00Z,2025-10-07,2025-10-07_29,-64.00000000000051,100,36,0,189.8090668521738,190.00000000000003,0.03275645681159411,14.824000000000002,0.0,True,True,True,False,-2370.240000000019,0.0,179.78422355854264,18.98478952953661,5516.55790276304,0.0,3345.0869158511005
2025-10-07T05:15:00Z,2025-10-07T05:30:00Z,2025-10-07,2025-10-07_30,-0.6318715164030437,100,36,0,190.00000000000003,168.66782622608696,0.059424670024928856,19.7785,0.0,True,True,True,False,-32.87785467724137,0.0,179.78422355854264,18.98478952953661,9917.19627500688,0.0,10083.087433417717
2025-10-07T05:30:00Z,2025-10-07T05:45:00Z,2025-10-07,2025-10-07_31,0.0,100,36,0,168.66782622608696,145.61782622608695,0.06402777777777777,21.206,0.0,True,True,True,False,0.0,0.0,179.78422355854264,18.98478952953661,7968.636037810007,0.0,8167.405050898086
2025-10-07T05:45:00Z,2025-10-07T06:00:00Z,2025-10-07,2025-10-07_32,0.0,100,36,0,145.61782622608695,141.3198267826087,0.01201340734299517,3.9665,0.014580000000000001,True,True,True,False,0.0,0.0,179.78422355854264,18.98478952953661,921.1039880320718,-1.179677467279802,1118.6933236528712
2025-10-07T06:00:00Z,2025-10-07T06:15:00Z,2025-10-07,2025-10-07_33,100.0,0,100,0,141.3198267826087,114.16819634782608,0.07542119565217392,0.0,0.0205,True,True,True,False,7593.5,0.0,0.0,53.05978068623983,0.0,-1.6404713477184296,7644.919309338521
2025-10-07T06:15:00Z,2025-10-07T06:30:00Z,2025-10-07,2025-10-07_34,100.0,0,100,0,114.16819634782608,86.99428330434782,0.0754830917874396,0.0,0.0,True,True,True,False,7277.75,0.0,0.0,53.05978068623983,0.0,0.0,7330.80978068624
2025-10-07T06:30:00Z,2025-10-07T06:45:00Z,2025-10-07,2025-10-07_35,100.0,0,100,0,86.99428330434782,59.82037026086955,0.07548309178743962,0.0,0.0,True,True,True,False,7083.25,0.0,0.0,53.05978068623983,0.0,0.0,7136.30978068624
2025-10-07T06:45:00Z,2025-10-07T07:00:00Z,2025-10-07,2025-10-07_36,100.0,0,100,0,59.82037026086955,33.42797895652173,0.07331219806763284,0.0,0.719,True,True,True,False,6051.25,0.0,0.0,53.05978068623983,0.0,-47.33423731478206,6056.975543371458
2025-10-07T07:00:00Z,2025-10-07T07:15:00Z,2025-10-07,2025-10-07_37,0.0,100,100,0,33.42797895652173,22.805296347826076,0.029852451690821256,9.83,0.0675,True,True,True,False,0.0,0.0,110.74755335455725,59.57434264827262,6474.5113606886,-4.377206402546871,6640.456050288883
2025-10-07T07:15:00Z,2025-10-07T07:30:00Z,2025-10-07,2025-10-07_38,0.0,100,100,0,22.805296347826076,10.570513739130424,0.033985507246376806,11.256,0.0,True,True,True,False,0.0,0.0,110.74755335455725,59.57434264827262,8354.52190543568,0.0,8524.84380143851
2025-10-07T07:30:00Z,2025-10-07T07:45:00Z,2025-10-07,2025-10-07_39,0.0,100,100,0,10.570513739130424,10.047817217391295,0.001531157004830918,0.494,0.0155,True,True,True,False,0.0,0.0,110.74755335455725,59.57434264827262,77.56157253468538,-1.282680894548599,246.60078764296665
2025-10-07T07:45:00Z,2025-10-07T08:00:00Z,2025-10-07,2025-10-07_40,0.0,100,100,0,10.047817217391295,12.210532869565206,0.006098123188405797,0.015,2.3685,True,True,True,False,0.0,0.0,110.74755335455725,59.57434264827262,2.3307009786581774,-130.3573322721377,42.29526470935034
2025-10-07T08:00:00Z,2025-10-07T08:15:00Z,2025-10-07,2025-10-07_41,65.0,35,100,0,12.210532869565206,9.999999999999986,0.03301663574879227,0.0,15.024,True,True,True,False,3181.5875,0.0,38.462445466336526,59.397476712651816,0.0,-381.97440867822195,2897.4730135007667
2025-10-07T08:15:00Z,2025-10-07T08:30:00Z,2025-10-07,2025-10-07_42,50.97082786326346,35,100,0,9.999999999999986,9.999999999999986,0.03453304367221523,0.0,13.780500000000002,True,True,True,False,2212.6436375442668,0.0,38.462445466336526,59.397476712651816,0.0,1342.0591881853559,3652.562747908611
2025-10-07T08:30:00Z,2025-10-07T08:45:00Z,2025-10-07,2025-10-07_43,9.180500510541117,35,100,0,9.999999999999986,21.34487130434782,0.03717012783570692,0.0,14.796500000000002,True,True,True,False,345.32452670400414,0.0,38.462445466336526,59.397476712651816,0.0,2678.2868818535558,3121.471330736548
2025-10-07T08:45:00Z,2025-10-07T09:00:00Z,2025-10-07,2025-10-07_44,0.0,35,100,0,21.34487130434782,35.36613130434782,0.03894794444444445,0.0,15.2405,True,True,True,False,0.0,0.0,38.462445466336526,59.397476712651816,0.0,142.9197460008647,240.77966817985305
2025-10-07T09:00:00Z,2025-10-07T09:15:00Z,2025-10-07,2025-10-07_45,0.0,100,100,0,35.36613130434782,55.00215130434782,0.054544499999999996,0.0,21.3435,True,True,True,False,0.0,0.0,109.89270133239006,64.4086782219078,0.0,2299.2434904492397,2473.5448700035377
2025-10-07T09:15:00Z,2025-10-07T09:30:00Z,2025-10-07,2025-10-07_46,0.0,100,100,0,55.00215130434782,72.84601130434783,0.04956627777777778,0.0,19.3955,True,True,True,False,0.0,0.0,109.89270133239006,64.4086782219078,0.0,755.6682866603782,929.9696662146761
2025-10-07T09:30:00Z,2025-10-07T09:45:00Z,2025-10-07,2025-10-07_47,0.0,100,100,0,72.84601130434783,74.33443391304347,0.0047051594202898546,0.0945,1.7295,True,True,True,False,0.0,0.0,109.89270133239006,64.4086782219078,14.734894764768308,-85.88021459733524,103.15605972173094
2025-10-07T09:45:00Z,2025-10-07T10:00:00Z,2025-10-07,2025-10-07_48,0.0,100,100,0,74.33443391304347,67.61975999999999,0.01865187198067633,6.1775,0.0,True,True,True,False,0.0,0.0,109.89270133239006,64.4086782219078,2676.667799099949,0.0,2850.969178654247
2025-10-07T10:00:00Z,2025-10-07T10:15:00Z,2025-10-07,2025-10-07_49,0.0,0,0,100,67.61975999999999,67.61975999999999,0.0,0.0,0.0,True,True,True,False,0.0,1098.0426836457966,0.0,0.0,0.0,0.0,1098.0426836457966
2025-10-07T10:15:00Z,2025-10-07T10:30:00Z,2025-10-07,2025-10-07_50,0.0,0,0,100,67.61975999999999,67.61975999999999,0.0,0.0,0.0,True,True,True,False,0.0,1098.0426836457966,0.0,0.0,0.0,0.0,1098.0426836457966
2025-10-07T10:30:00Z,2025-10-07T10:45:00Z,2025-10-07,2025-10-07_51,0.0,0,0,100,67.61975999999999,67.61975999999999,0.0,0.0,0.0,True,True,True,False,0.0,1098.0426836457966,0.0,0.0,0.0,0.0,1098.0426836457966
2025-10-07T10:45:00Z,2025-10-07T11:00:00Z,2025-10-07,2025-10-07_52,0.0,0,0,100,67.61975999999999,67.61975999999999,0.0,0.0,0.0,True,True,True,False,0.0,1098.0426836457966,0.0,0.0,0.0,0.0,1098.0426836457966
2025-10-07T11:00:00Z,2025-10-07T11:15:00Z,2025-10-07,2025-10-07_53,-100.0,100,0,0,67.61975999999999,80.61061999999998,0.03608572222222222,10.8795,0.0,True,True,True,False,-2944.25,0.0,108.33038556773967,0.0,2573.128106650159,0.0,-262.7915077821011
2025-10-07T11:15:00Z,2025-10-07T11:30:00Z,2025-10-07,2025-10-07_54,-100.0,100,0,0,80.61061999999998,99.30639999999998,0.05193272222222223,4.6785,0.0,True,True,True,False,-2771.5,0.0,108.33038556773967,0.0,823.1423841528123,0.0,-1840.027230279448
2025-10-07T11:30:00Z,2025-10-07T11:45:00Z,2025-10-07,2025-10-07_55,-100.0,100,0,0,99.30639999999998,121.97059999999999,0.06295611111111112,0.365,0.0,True,True,True,False,-2752.5,0.0,108.33038556773967,0.0,34.07125732028456,0.0,-2610.098357111976
2025-10-07T11:45:00Z,2025-10-07T12:00:00Z,2025-10-07,2025-10-07_56,-100.0,100,0,0,121.97059999999999,144.0,0.06119277777777778,1.055,0.0,True,True,True,False,-2681.25,0.0,108.33038556773967,0.0,164.80959301183034,0.0,-2408.11002142043
2025-10-07T12:00:00Z,2025-10-07T12:15:00Z,2025-10-07,2025-10-07_57,0.0,0,0,100,144.0,144.0,0.0,0.0,0.0,True,True,True,False,0.0,1098.0426836457966,0.0,0.0,0.0,0.0,1098.0426836457966
2025-10-07T12:15:00Z,2025-10-07T12:30:00Z,2025-10-07,2025-10-07_58,0.0,0,0,100,144.0,144.0,0.0,0.0,0.0,True,True,True,False,0.0,1098.0426836457966,0.0,0.0,0.0,0.0,1098.0426836457966
2025-10-07T12:30:00Z,2025-10-07T12:45:00Z,2025-10-07,2025-10-07_59,0.0,0,0,100,144.0,144.0,0.0,0.0,0.0,True,True,True,False,0.0,1098.0426836457966,0.0,0.0,0.0,0.0,1098.0426836457966
2025-10-07T12:45:00Z,2025-10-07T13:00:00Z,2025-10-07,2025-10-07_60,0.0,0,0,100,144.0,144.0,0.0,0.0,0.0,True,True,True,False,0.0,1098.0426836457966,0.0,0.0,0.0,0.0,1098.0426836457966
2025-10-07T13:00:00Z,2025-10-07T13:15:00Z,2025-10-07,2025-10-07_61,0.0,0,0,100,144.0,144.0,0.0,0.0,0.0,True,True,True,False,0.0,1098.0426836457966,0.0,0.0,0.0,0.0,1098.0426836457966
2025-10-07T13:15:00Z,2025-10-07T13:30:00Z,2025-10-07,2025-10-07_62,0.0,0,0,100,144.0,144.0,0.0,0.0,0.0,True,True,True,False,0.0,1098.0426836457966,0.0,0.0,0.0,0.0,1098.0426836457966
2025-10-07T13:30:00Z,2025-10-07T13:45:00Z,2025-10-07,2025-10-07_63,0.0,0,0,100,144.0,144.0,0.0,0.0,0.0,True,True,True,False,0.0,1098.0426836457966,0.0,0.0,0.0,0.0,1098.0426836457966
2025-10-07T13:45:00Z,2025-10-07T14:00:00Z,2025-10-07,2025-10-07_64,0.0,0,0,100,144.0,144.0,0.0,0.0,0.0,True,True,True,False,0.0,1098.0426836457966,0.0,0.0,0.0,0.0,1098.0426836457966
2025-10-07T14:00:00Z,2025-10-07T14:15:00Z,2025-10-07,2025-10-07_65,0.0,0,0,100,144.0,144.0,0.0,0.0,0.0,True,True,True,False,0.0,1098.0426836457966,0.0,0.0,0.0,0.0,1098.0426836457966
2025-10-07T14:15:00Z,2025-10-07T14:30:00Z,2025-10-07,2025-10-07_66,0.0,0,0,100,144.0,144.0,0.0,0.0,0.0,True,True,True,False,0.0,1098.0426836457966,0.0,0.0,0.0,0.0,1098.0426836457966
2025-10-07T14:30:00Z,2025-10-07T14:45:00Z,2025-10-07,2025-10-07_67,0.0,0,0,100,144.0,144.0,0.0,0.0,0.0,True,True,True,False,0.0,1098.0426836457966,0.0,0.0,0.0,0.0,1098.0426836457966
2025-10-07T14:45:00Z,2025-10-07T15:00:00Z,2025-10-07,2025-10-07_68,0.0,0,0,100,144.0,144.0,0.0,0.0,0.0,True,True,True,False,0.0,1098.0426836457966,0.0,0.0,0.0,0.0,1098.0426836457966
2025-10-07T15:00:00Z,2025-10-07T15:15:00Z,2025-10-07,2025-10-07_69,0.0,0,0,100,144.0,144.0,0.0,0.0,0.0,True,True,True,False,0.0,1098.0426836457966,0.0,0.0,0.0,0.0,1098.0426836457966
2025-10-07T15:15:00Z,2025-10-07T15:30:00Z,2025-10-07,2025-10-07_70,0.0,0,0,100,144.0,144.0,0.0,0.0,0.0,True,True,True,False,0.0,1098.0426836457966,0.0,0.0,0.0,0.0,1098.0426836457966
2025-10-07T15:30:00Z,2025-10-07T15:45:00Z,2025-10-07,2025-10-07_71,0.0,0,0,100,144.0,144.0,0.0,0.0,0.0,True,True,True,False,0.0,1098.0426836457966,0.0,0.0,0.0,0.0,1098.0426836457966
2025-10-07T15:45:00Z,2025-10-07T16:00:00Z,2025-10-07,2025-10-07_72,0.0,0,0,100,144.0,144.0,0.0,0.0,0.0,True,True,True,False,0.0,1098.0426836457966,0.0,0.0,0.0,0.0,1098.0426836457966
2025-10-07T16:00:00Z,2025-10-07T16:15:00Z,2025-10-07,2025-10-07_73,0.0,0,91,9,144.0,145.0285002,0.0028569449999999996,0.0,1.117935,True,True,True,False,0.0,98.82384152812168,0.0,52.84459379790119,0.0,-73.83081239830209,77.83762292772079
2025-10-07T16:15:00Z,2025-10-07T16:30:00Z,2025-10-07,2025-10-07_74,0.0,0,91,9,145.0285002,147.1934994,0.006013886666666667,0.0,2.3532599999999997,True,True,True,False,0.0,98.82384152812168,0.0,52.84459379790119,0.0,-147.0345853319184,4.633849994104459
2025-10-07T16:30:00Z,2025-10-07T16:45:00Z,2025-10-07,2025-10-07_75,91.0,0,91,9,147.1934994,122.75653744347827,0.06788044987922705,0.0,0.267995,True,True,True,False,5074.16,98.82384152812168,0.0,52.84459379790119,0.0,-16.900443245686436,5208.9279920803365
2025-10-07T16:45:00Z,2025-10-07T17:00:00Z,2025-10-07,2025-10-07_76,91.0,0,91,9,122.75653744347827,100.10396679130434,0.06292380736714975,0.0,1.909635,True,True,True,False,6533.5725,98.82384152812168,0.0,52.84459379790119,0.0,-118.1045788144087,6567.136356511614
2025-10-07T17:00:00Z,2025-10-07T17:15:00Z,2025-10-07,2025-10-07_77,100.0,0,100,0,100.10396679130434,80.48820592173914,0.05448822463768115,0.0,6.9535,True,True,True,False,6019.25,0.0,0.0,52.58813819125103,0.0,-379.4389640569116,5692.39917413434
2025-10-07T17:15:00Z,2025-10-07T17:30:00Z,2025-10-07,2025-10-07_78,100.0,0,100,0,80.48820592173914,57.18114070434784,0.06474184782608695,0.0,3.5575,True,True,True,False,5338.75,0.0,0.0,52.58813819125103,0.0,-219.45746718154305,5171.880671009708
2025-10-07T17:30:00Z,2025-10-07T17:45:00Z,2025-10-07,2025-10-07_79,0.0,0,100,0,57.18114070434784,62.52036070434784,0.014831166666666666,0.0,5.8035,True,True,True,False,0.0,0.0,0.0,52.58813819125103,0.0,-340.8857699563731,-288.2976317651221
2025-10-07T17:45:00Z,2025-10-07T18:00:00Z,2025-10-07,2025-10-07_80,0.3485313868436039,0,100,0,62.52036070434784,64.3478260869565,0.005558512000927513,0.0,2.088,True,True,True,False,15.754490013798005,0.0,0.0,52.58813819125103,0.0,-125.83640608418821,-57.493777879139174
2025-10-07T18:00:00Z,2025-10-07T18:15:00Z,2025-10-07,2025-10-07_81,0.0,0,0,100,64.3478260869565,64.3478260869565,0.0,0.0,0.0,True,True,True,False,0.0,1098.0426836457966,0.0,0.0,0.0,0.0,1098.0426836457966
2025-10-07T18:15:00Z,2025-10-07T18:30:00Z,2025-10-07,2025-10-07_82,0.0,0,0,100,64.3478260869565,64.3478260869565,0.0,0.0,0.0,True,True,True,False,0.0,1098.0426836457966,0.0,0.0,0.0,0.0,1098.0426836457966
2025-10-07T18:30:00Z,2025-10-07T18:45:00Z,2025-10-07,2025-10-07_83,0.0,0,0,100,64.3478260869565,64.3478260869565,0.0,0.0,0.0,True,True,True,False,0.0,1098.0426836457966,0.0,0.0,0.0,0.0,1098.0426836457966
2025-10-07T18:45:00Z,2025-10-07T19:00:00Z,2025-10-07,2025-10-07_84,0.0,0,0,100,64.3478260869565,64.3478260869565,0.0,0.0,0.0,True,True,True,False,0.0,1098.0426836457966,0.0,0.0,0.0,0.0,1098.0426836457966
2025-10-07T19:00:00Z,2025-10-07T19:15:00Z,2025-10-07,2025-10-07_85,0.0,0,0,100,64.3478260869565,64.3478260869565,0.0,0.0,0.0,True,True,True,False,0.0,1098.0426836457966,0.0,0.0,0.0,0.0,1098.0426836457966
2025-10-07T19:15:00Z,2025-10-07T19:30:00Z,2025-10-07,2025-10-07_86,0.0,0,0,100,64.3478260869565,64.3478260869565,0.0,0.0,0.0,True,True,True,False,0.0,1098.0426836457966,0.0,0.0,0.0,0.0,1098.0426836457966
2025-10-07T19:30:00Z,2025-10-07T19:45:00Z,2025-10-07,2025-10-07_87,0.0,0,0,100,64.3478260869565,64.3478260869565,0.0,0.0,0.0,True,True,True,False,0.0,1098.0426836457966,0.0,0.0,0.0,0.0,1098.0426836457966
2025-10-07T19:45:00Z,2025-10-07T20:00:00Z,2025-10-07,2025-10-07_88,0.0,0,0,100,64.3478260869565,64.3478260869565,0.0,0.0,0.0,True,True,True,False,0.0,1098.0426836457966,0.0,0.0,0.0,0.0,1098.0426836457966
2025-10-07T20:00:00Z,2025-10-07T20:15:00Z,2025-10-07,2025-10-07_89,0.0,0,0,100,64.3478260869565,64.3478260869565,0.0,0.0,0.0,True,True,True,False,0.0,1098.0426836457966,0.0,0.0,0.0,0.0,1098.0426836457966
2025-10-07T20:15:00Z,2025-10-07T20:30:00Z,2025-10-07,2025-10-07_90,0.0,0,0,100,64.3478260869565,64.3478260869565,0.0,0.0,0.0,True,True,True,False,0.0,1098.0426836457966,0.0,0.0,0.0,0.0,1098.0426836457966
2025-10-07T20:30:00Z,2025-10-07T20:45:00Z,2025-10-07,2025-10-07_91,0.0,0,0,100,64.3478260869565,64.3478260869565,0.0,0.0,0.0,True,True,True,False,0.0,1098.0426836457966,0.0,0.0,0.0,0.0,1098.0426836457966
2025-10-07T20:45:00Z,2025-10-07T21:00:00Z,2025-10-07,2025-10-07_92,0.0,0,0,100,64.3478260869565,64.3478260869565,0.0,0.0,0.0,True,True,True,False,0.0,1098.0426836457966,0.0,0.0,0.0,0.0,1098.0426836457966
2025-10-07T21:00:00Z,2025-10-07T21:15:00Z,2025-10-08,2025-10-07_93,0.0,0,0,100,64.3478260869565,64.3478260869565,0.0,0.0,0.0,True,False,True,False,0.0,1097.3957105821355,0.0,0.0,0.0,0.0,1097.3957105821355
2025-10-07T21:15:00Z,2025-10-07T21:30:00Z,2025-10-08,2025-10-07_94,0.0,0,0,100,64.3478260869565,64.3478260869565,0.0,0.0,0.0,True,False,True,False,0.0,1097.3957105821355,0.0,0.0,0.0,0.0,1097.3957105821355
2025-10-07T21:30:00Z,2025-10-07T21:45:00Z,2025-10-08,2025-10-07_95,0.0,0,0,100,64.3478260869565,64.3478260869565,0.0,0.0,0.0,True,False,True,False,0.0,1097.3957105821355,0.0,0.0,0.0,0.0,1097.3957105821355
2025-10-07T21:45:00Z,2025-10-07T22:00:00Z,2025-10-08,2025-10-07_96,0.0,0,0,100,64.3478260869565,64.3478260869565,0.0,0.0,0.0,True,False,True,False,0.0,1097.3957105821355,0.0,0.0,0.0,0.0,1097.3957105821355
2025-10-07T22:00:00Z,2025-10-07T22:15:00Z,2025-10-08,2025-10-08_1,0.0,0,0,100,64.3478260869565,64.3478260869565,0.0,0.0,0.0,True,False,True,False,0.0,1097.3957105821355,0.0,0.0,0.0,0.0,1097.3957105821355
2025-10-07T22:15:00Z,2025-10-07T22:30:00Z,2025-10-08,2025-10-08_2,0.0,0,0,100,64.3478260869565,64.3478260869565,0.0,0.0,0.0,True,False,True,False,0.0,1097.3957105821355,0.0,0.0,0.0,0.0,1097.3957105821355
2025-10-07T22:30:00Z,2025-10-07T22:45:00Z,2025-10-08,2025-10-08_3,0.0,0,0,100,64.3478260869565,64.3478260869565,0.0,0.0,0.0,True,False,True,False,0.0,1097.3957105821355,0.0,0.0,0.0,0.0,1097.3957105821355
2025-10-07T22:45:00Z,2025-10-07T23:00:00Z,2025-10-08,2025-10-08_4,0.0,0,0,100,64.3478260869565,64.3478260869565,0.0,0.0,0.0,True,False,True,False,0.0,1097.3957105821355,0.0,0.0,0.0,0.0,1097.3957105821355
2025-10-07T23:00:00Z,2025-10-07T23:15:00Z,2025-10-08,2025-10-08_5,-92.39040224586627,100,0,0,64.3478260869565,76.58209478260869,0.03842576883402524,9.666,0.0,True,True,True,False,-2121.514611570704,0.0,100.90148479849164,0.0,2973.0733525807213,0.0,952.4602258085091
2025-10-07T23:15:00Z,2025-10-07T23:30:00Z,2025-10-08,2025-10-08_6,-100.0,100,0,0,76.58209478260869,82.51793478260869,0.016488444444444448,18.548,0.0,True,True,True,False,-2226.75,0.0,100.90148479849164,0.0,20068.093770131196,0.0,17942.245254929687
2025-10-07T23:30:00Z,2025-10-07T23:45:00Z,2025-10-08,2025-10-08_7,-100.0,100,0,0,82.51793478260869,82.69641478260868,0.0004957777777777771,24.806,0.0,True,True,True,False,-2183.25,0.0,100.90148479849164,0.0,31786.49492576008,0.0,29704.14641055857
2025-10-07T23:45:00Z,2025-10-08T00:00:00Z,2025-10-08,2025-10-08_8,-100.0,100,0,0,82.69641478260868,84.01937478260868,0.0036748888888888825,23.562,0.0,True,True,True,False,-2137.5,0.0,100.90148479849164,0.0,29186.305301673347,0.0,27149.706786471837
2025-10-08T00:00:00Z,2025-10-08T00:15:00Z,2025-10-08,2025-10-08_9,-100.0,100,0,0,84.01937478260868,95.16977478260868,0.030973333333333335,12.879999999999999,0.0,True,True,True,False,-2230.25,0.0,100.90148479849164,0.0,13538.320386518973,0.0,11408.971871317464
2025-10-08T00:15:00Z,2025-10-08T00:30:00Z,2025-10-08,2025-10-08_10,-100.0,100,0,0,95.16977478260868,108.82487478260867,0.03793083333333332,10.1575,0.0,True,True,True,False,-2203.5,0.0,100.90148479849164,0.0,6597.557189783173,0.0,4494.958674581665
2025-10-08T00:30:00Z,2025-10-08T00:45:00Z,2025-10-08,2025-10-08_11,-100.0,100,0,0,108.82487478260867,122.98229478260868,0.03932616666666667,9.6115,0.0,True,True,True,False,-2174.75,0.0,100.90148479849164,0.0,5130.616661265614,0.0,3056.768146064106
2025-10-08T00:45:00Z,2025-10-08T01:00:00Z,2025-10-08,2025-10-08_12,-100.00000000000003,100,0,0,122.98229478260868,143.7963747826087,0.05781688888888891,2.376,0.0,True,True,True,False,-2147.500000000001,0.0,100.90148479849164,0.0,373.2852981381098,0.0,-1673.3132170633994
2025-10-08T01:00:00Z,2025-10-08T01:15:00Z,2025-10-08,2025-10-08_13,0.0,0,0,100,143.7963747826087,143.7963747826087,0.0,0.0,0.0,True,True,True,False,0.0,1097.3957105821355,0.0,0.0,0.0,0.0,1097.3957105821355
2025-10-08T01:15:00Z,2025-10-08T01:30:00Z,2025-10-08,2025-10-08_14,0.0,0,0,100,143.7963747826087,143.7963747826087,0.0,0.0,0.0,True,True,True,False,0.0,1097.3957105821355,0.0,0.0,0.0,0.0,1097.3957105821355
2025-10-08T01:30:00Z,2025-10-08T01:45:00Z,2025-10-08,2025-10-08_15,0.0,0,0,100,143.7963747826087,143.7963747826087,0.0,0.0,0.0,True,True,True,False,0.0,1097.3957105821355,0.0,0.0,0.0,0.0,1097.3957105821355
2025-10-08T01:45:00Z,2025-10-08T02:00:00Z,2025-10-08,2025-10-08_16,0.0,0,0,100,143.7963747826087,143.7963747826087,0.0,0.0,0.0,True,True,True,False,0.0,1097.3957105821355,0.0,0.0,0.0,0.0,1097.3957105821355
2025-10-08T02:00:00Z,2025-10-08T02:15:00Z,2025-10-08,2025-10-08_17,0.0,0,0,100,143.7963747826087,143.7963747826087,0.0,0.0,0.0,True,True,True,False,0.0,1097.3957105821355,0.0,0.0,0.0,0.0,1097.3957105821355
2025-10-08T02:15:00Z,2025-10-08T02:30:00Z,2025-10-08,2025-10-08_18,0.0,0,0,100,143.7963747826087,143.7963747826087,0.0,0.0,0.0,True,True,True,False,0.0,1097.3957105821355,0.0,0.0,0.0,0.0,1097.3957105821355
2025-10-08T02:30:00Z,2025-10-08T02:45:00Z,2025-10-08,2025-10-08_19,0.0,0,0,100,143.7963747826087,143.7963747826087,0.0,0.0,0.0,True,True,True,False,0.0,1097.3957105821355,0.0,0.0,0.0,0.0,1097.3957105821355
2025-10-08T02:45:00Z,2025-10-08T03:00:00Z,2025-10-08,2025-10-08_20,0.0,0,0,100,143.7963747826087,143.7963747826087,0.0,0.0,0.0,True,True,True,False,0.0,1097.3957105821355,0.0,0.0,0.0,0.0,1097.3957105821355
2025-10-08T03:00:00Z,2025-10-08T03:15:00Z,2025-10-08,2025-10-08_21,0.0,0,0,100,143.7963747826087,143.7963747826087,0.0,0.0,0.0,True,True,True,False,0.0,1097.3957105821355,0.0,0.0,0.0,0.0,1097.3957105821355
2025-10-08T03:15:00Z,2025-10-08T03:30:00Z,2025-10-08,2025-10-08_22,0.0,0,0,100,143.7963747826087,143.7963747826087,0.0,0.0,0.0,True,True,True,False,0.0,1097.3957105821355,0.0,0.0,0.0,0.0,1097.3957105821355
2025-10-08T03:30:00Z,2025-10-08T03:45:00Z,2025-10-08,2025-10-08_23,0.0,0,0,100,143.7963747826087,143.7963747826087,0.0,0.0,0.0,True,True,True,False,0.0,1097.3957105821355,0.0,0.0,0.0,0.0,1097.3957105821355
2025-10-08T03:45:00Z,2025-10-08T04:00:00Z,2025-10-08,2025-10-08_24,0.0,0,0,100,143.7963747826087,143.7963747826087,0.0,0.0,0.0,True,True,True,False,0.0,1097.3957105821355,0.0,0.0,0.0,0.0,1097.3957105821355
2025-10-08T04:00:00Z,2025-10-08T04:15:00Z,2025-10-08,2025-10-08_25,0.0,0,0,100,143.7963747826087,143.7963747826087,0.0,0.0,0.0,True,True,True,False,0.0,1097.3957105821355,0.0,0.0,0.0,0.0,1097.3957105821355
2025-10-08T04:15:00Z,2025-10-08T04:30:00Z,2025-10-08,2025-10-08_26,0.0,0,0,100,143.7963747826087,143.7963747826087,0.0,0.0,0.0,True,True,True,False,0.0,1097.3957105821355,0.0,0.0,0.0,0.0,1097.3957105821355
2025-10-08T04:30:00Z,2025-10-08T04:45:00Z,2025-10-08,2025-10-08_27,0.0,0,0,100,143.7963747826087,143.7963747826087,0.0,0.0,0.0,True,True,True,False,0.0,1097.3957105821355,0.0,0.0,0.0,0.0,1097.3957105821355
2025-10-08T04:45:00Z,2025-10-08T05:00:00Z,2025-10-08,2025-10-08_28,0.0,0,0,100,143.7963747826087,143.7963747826087,0.0,0.0,0.0,True,True,True,False,0.0,1097.3957105821355,0.0,0.0,0.0,0.0,1097.3957105821355
2025-10-08T05:00:00Z,2025-10-08T05:15:00Z,2025-10-08,2025-10-08_29,0.0,0,0,100,143.7963747826087,143.7963747826087,0.0,0.0,0.0,True,True,True,False,0.0,1097.3957105821355,0.0,0.0,0.0,0.0,1097.3957105821355
2025-10-08T05:15:00Z,2025-10-08T05:30:00Z,2025-10-08,2025-10-08_30,0.0,0,0,100,143.7963747826087,143.7963747826087,0.0,0.0,0.0,True,True,True,False,0.0,1097.3957105821355,0.0,0.0,0.0,0.0,1097.3957105821355
2025-10-08T05:30:00Z,2025-10-08T05:45:00Z,2025-10-08,2025-10-08_31,0.0,0,0,100,143.7963747826087,143.7963747826087,0.0,0.0,0.0,True,True,True,False,0.0,1097.3957105821355,0.0,0.0,0.0,0.0,1097.3957105821355
2025-10-08T05:45:00Z,2025-10-08T06:00:00Z,2025-10-08,2025-10-08_32,0.0,0,0,100,143.7963747826087,143.7963747826087,0.0,0.0,0.0,True,True,True,False,0.0,1097.3957105821355,0.0,0.0,0.0,0.0,1097.3957105821355
2025-10-08T06:00:00Z,2025-10-08T06:15:00Z,2025-10-08,2025-10-08_33,16.0,0,16,84,143.7963747826087,139.46567913043478,0.012029710144927536,0.0,0.01576,True,True,True,False,809.4,921.8123968889937,0.0,8.347867075182656,0.0,-1.107613889543562,1738.4526500746329
2025-10-08T06:15:00Z,2025-10-08T06:30:00Z,2025-10-08,2025-10-08_34,16.0,0,16,84,139.46567913043478,135.13480956521738,0.012030193236714974,0.0,0.015600000000000001,True,True,True,False,696.0,921.8123968889937,0.0,8.347867075182656,0.0,-1.2255479613481028,1624.9347160028283
2025-10-08T06:30:00Z,2025-10-08T06:45:00Z,2025-10-08,2025-10-08_35,16.0,0,16,84,135.13480956521738,130.79193999999998,0.012063526570048309,0.0,0.00456,True,True,True,False,602.92,921.8123968889937,0.0,8.347867075182656,0.0,-0.3582370963940608,1532.7220268677822
2025-10-08T06:45:00Z,2025-10-08T07:00:00Z,2025-10-08,2025-10-08_36,16.0,0,16,84,130.79193999999998,126.44411391304347,0.012077294685990338,0.0,0.0,True,True,True,False,536.2,921.8123968889937,0.0,8.347867075182656,0.0,0.0,1466.3602639641765
2025-10-08T07:00:00Z,2025-10-08T07:15:00Z,2025-10-08,2025-10-08_37,0.0,0,0,100,126.44411391304347,126.44411391304347,0.0,0.0,0.0,True,False,True,False,0.0,1097.3957105821355,0.0,0.0,0.0,0.0,1097.3957105821355
2025-10-08T07:15:00Z,2025-10-08T07:30:00Z,2025-10-08,2025-10-08_38,0.0,0,0,100,126.44411391304347,126.44411391304347,0.0,0.0,0.0,True,False,True,False,0.0,1097.3957105821355,0.0,0.0,0.0,0.0,1097.3957105821355
2025-10-08T07:30:00Z,2025-10-08T07:45:00Z,2025-10-08,2025-10-08_39,0.0,0,0,100,126.44411391304347,126.44411391304347,0.0,0.0,0.0,True,False,True,False,0.0,1097.3957105821355,0.0,0.0,0.0,0.0,1097.3957105821355
2025-10-08T07:45:00Z,2025-10-08T08:00:00Z,2025-10-08,2025-10-08_40,0.0,0,0,100,126.44411391304347,126.44411391304347,0.0,0.0,0.0,True,False,True,False,0.0,1097.3957105821355,0.0,0.0,0.0,0.0,1097.3957105821355
2025-10-08T08:00:00Z,2025-10-08T08:15:00Z,2025-10-08,2025-10-08_41,0.0,0,0,100,126.44411391304347,126.44411391304347,0.0,0.0,0.0,True,False,True,False,0.0,1097.3957105821355,0.0,0.0,0.0,0.0,1097.3957105821355
2025-10-08T08:15:00Z,2025-10-08T08:30:00Z,2025-10-08,2025-10-08_42,0.0,0,0,100,126.44411391304347,126.44411391304347,0.0,0.0,0.0,True,False,True,False,0.0,1097.3957105821355,0.0,0.0,0.0,0.0,1097.3957105821355
2025-10-08T08:30:00Z,2025-10-08T08:45:00Z,2025-10-08,2025-10-08_43,0.0,0,0,100,126.44411391304347,126.44411391304347,0.0,0.0,0.0,True,False,True,False,0.0,1097.3957105821355,0.0,0.0,0.0,0.0,1097.3957105821355
2025-10-08T08:45:00Z,2025-10-08T09:00:00Z,2025-10-08,2025-10-08_44,0.0,0,0,100,126.44411391304347,126.44411391304347,0.0,0.0,0.0,True,False,True,False,0.0,1097.3957105821355,0.0,0.0,0.0,0.0,1097.3957105821355
2025-10-08T09:00:00Z,2025-10-08T09:15:00Z,2025-10-08,2025-10-08_45,0.0,100,100,0,126.44411391304347,147.43483391304346,0.05830755555555556,0.0,22.816,True,True,True,False,0.0,0.0,108.64954041951451,57.68324298845157,0.0,11899.335363343545,12065.668146751512
2025-10-08T09:15:00Z,2025-10-08T09:30:00Z,2025-10-08,2025-10-08_46,0.0,100,100,0,147.43483391304346,147.4430965217391,0.00607971497584541,1.003,1.194,True,True,True,False,0.0,0.0,108.64954041951451,57.68324298845157,157.52710307172597,-77.83465472543011,246.02523175426194
2025-10-08T09:30:00Z,2025-10-08T09:45:00Z,2025-10-08,2025-10-08_47,0.0,100,100,0,147.4430965217391,146.78477739130435,0.0018337753623188407,0.6065,0.001,True,True,True,False,0.0,0.0,108.64954041951451,57.68324298845157,95.12530108413858,-0.07659674758425644,261.3814877445204
2025-10-08T09:45:00Z,2025-10-08T10:00:00Z,2025-10-08,2025-10-08_48,0.0,100,100,0,146.78477739130435,144.0,0.007835159420289856,2.5785,0.0195,True,True,True,False,0.0,0.0,108.64954041951451,57.68324298845157,405.5283257718595,-1.303619196323356,570.5574899835023
2025-10-08T10:00:00Z,2025-10-08T10:15:00Z,2025-10-08,2025-10-08_49,0.0,0,0,100,144.0,144.0,0.0,0.0,0.0,True,True,True,False,0.0,1097.3957105821355,0.0,0.0,0.0,0.0,1097.3957105821355
2025-10-08T10:15:00Z,2025-10-08T10:30:00Z,2025-10-08,2025-10-08_50,0.0,0,0,100,144.0,144.0,0.0,0.0,0.0,True,True,True,False,0.0,1097.3957105821355,0.0,0.0,0.0,0.0,1097.3957105821355
2025-10-08T10:30:00Z,2025-10-08T10:45:00Z,2025-10-08,2025-10-08_51,0.0,0,0,100,144.0,144.0,0.0,0.0,0.0,True,True,True,False,0.0,1097.3957105821355,0.0,0.0,0.0,0.0,1097.3957105821355
2025-10-08T10:45:00Z,2025-10-08T11:00:00Z,2025-10-08,2025-10-08_52,0.0,0,0,100,144.0,144.0,0.0,0.0,0.0,True,True,True,False,0.0,1097.3957105821355,0.0,0.0,0.0,0.0,1097.3957105821355
2025-10-08T11:00:00Z,2025-10-08T11:15:00Z,2025-10-08,2025-10-08_53,0.0,0,0,100,144.0,144.0,0.0,0.0,0.0,True,True,True,False,0.0,1097.3957105821355,0.0,0.0,0.0,0.0,1097.3957105821355
2025-10-08T11:15:00Z,2025-10-08T11:30:00Z,2025-10-08,2025-10-08_54,0.0,0,0,100,144.0,144.0,0.0,0.0,0.0,True,True,True,False,0.0,1097.3957105821355,0.0,0.0,0.0,0.0,1097.3957105821355
2025-10-08T11:30:00Z,2025-10-08T11:45:00Z,2025-10-08,2025-10-08_55,0.0,0,0,100,144.0,144.0,0.0,0.0,0.0,True,True,True,False,0.0,1097.3957105821355,0.0,0.0,0.0,0.0,1097.3957105821355
2025-10-08T11:45:00Z,2025-10-08T12:00:00Z,2025-10-08,2025-10-08_56,0.0,0,0,100,144.0,144.0,0.0,0.0,0.0,True,True,True,False,0.0,1097.3957105821355,0.0,0.0,0.0,0.0,1097.3957105821355
2025-10-08T12:00:00Z,2025-10-08T12:15:00Z,2025-10-08,2025-10-08_57,0.0,0,0,100,144.0,144.0,0.0,0.0,0.0,True,True,True,False,0.0,1097.3957105821355,0.0,0.0,0.0,0.0,1097.3957105821355
2025-10-08T12:15:00Z,2025-10-08T12:30:00Z,2025-10-08,2025-10-08_58,0.0,0,0,100,144.0,144.0,0.0,0.0,0.0,True,True,True,False,0.0,1097.3957105821355,0.0,0.0,0.0,0.0,1097.3957105821355
2025-10-08T12:30:00Z,2025-10-08T12:45:00Z,2025-10-08,2025-10-08_59,0.0,0,0,100,144.0,144.0,0.0,0.0,0.0,True,True,True,False,0.0,1097.3957105821355,0.0,0.0,0.0,0.0,1097.3957105821355
2025-10-08T12:45:00Z,2025-10-08T13:00:00Z,2025-10-08,2025-10-08_60,0.0,0,0,100,144.0,144.0,0.0,0.0,0.0,True,True,True,False,0.0,1097.3957105821355,0.0,0.0,0.0,0.0,1097.3957105821355
2025-10-08T13:00:00Z,2025-10-08T13:15:00Z,2025-10-08,2025-10-08_61,0.0,0,0,100,144.0,144.0,0.0,0.0,0.0,True,True,True,False,0.0,1097.3957105821355,0.0,0.0,0.0,0.0,1097.3957105821355
2025-10-08T13:15:00Z,2025-10-08T13:30:00Z,2025-10-08,2025-10-08_62,0.0,0,0,100,144.0,144.0,0.0,0.0,0.0,True,True,True,False,0.0,1097.3957105821355,0.0,0.0,0.0,0.0,1097.3957105821355
2025-10-08T13:30:00Z,2025-10-08T13:45:00Z,2025-10-08,2025-10-08_63,0.0,0,0,100,144.0,144.0,0.0,0.0,0.0,True,True,True,False,0.0,1097.3957105821355,0.0,0.0,0.0,0.0,1097.3957105821355
2025-10-08T13:45:00Z,2025-10-08T14:00:00Z,2025-10-08,2025-10-08_64,0.0,0,0,100,144.0,144.0,0.0,0.0,0.0,True,True,True,False,0.0,1097.3957105821355,0.0,0.0,0.0,0.0,1097.3957105821355
2025-10-08T14:00:00Z,2025-10-08T14:15:00Z,2025-10-08,2025-10-08_65,-99.99999999999974,100,0,0,144.0,161.69067999999993,0.0491407777777777,5.771,0.0,True,True,True,False,-2505.7499999999936,0.0,148.21470657553618,0.0,1053.1122914211644,0.0,-1304.423002003293
2025-10-08T14:15:00Z,2025-10-08T14:30:00Z,2025-10-08,2025-10-08_66,-100.0,100,0,0,161.69067999999993,170.78349999999992,0.025257833333333337,15.116499999999998,0.0,True,True,True,False,-2764.5,0.0,148.21470657553618,0.0,3098.8053083510094,0.0,482.5200149265456
2025-10-08T14:30:00Z,2025-10-08T14:45:00Z,2025-10-08,2025-10-08_67,-14.621020497767327,100,0,0,170.78349999999992,160.19510869565207,0.038282608747845046,13.13,0.0,True,True,True,False,-500.8430571510198,0.0,148.21470657553618,0.0,2692.4210483934326,0.0,2339.792697817949
2025-10-08T14:45:00Z,2025-10-08T15:00:00Z,2025-10-08,2025-10-08_68,0.0,100,0,0,160.19510869565207,143.9999999999999,0.04498641304347826,14.8995,0.0,True,True,True,False,0.0,0.0,148.21470657553618,0.0,3103.7962075771866,0.0,3252.0109141527228
2025-10-08T15:00:00Z,2025-10-08T15:15:00Z,2025-10-08,2025-10-08_69,0.0,0,0,100,143.9999999999999,143.9999999999999,0.0,0.0,0.0,True,False,True,False,0.0,1097.3957105821355,0.0,0.0,0.0,0.0,1097.3957105821355
2025-10-08T15:15:00Z,2025-10-08T15:30:00Z,2025-10-08,2025-10-08_70,0.0,0,0,100,143.9999999999999,143.9999999999999,0.0,0.0,0.0,True,False,True,False,0.0,1097.3957105821355,0.0,0.0,0.0,0.0,1097.3957105821355
2025-10-08T15:30:00Z,2025-10-08T15:45:00Z,2025-10-08,2025-10-08_71,0.0,0,0,100,143.9999999999999,143.9999999999999,0.0,0.0,0.0,True,False,True,False,0.0,1097.3957105821355,0.0,0.0,0.0,0.0,1097.3957105821355
2025-10-08T15:45:00Z,2025-10-08T16:00:00Z,2025-10-08,2025-10-08_72,0.0,0,0,100,143.9999999999999,143.9999999999999,0.0,0.0,0.0,True,False,True,False,0.0,1097.3957105821355,0.0,0.0,0.0,0.0,1097.3957105821355
2025-10-08T16:00:00Z,2025-10-08T16:15:00Z,2025-10-08,2025-10-08_73,-85.0,100,15,0,143.9999999999999,146.50519582608686,0.02329583381642512,18.036,0.0,True,True,True,False,-3209.8125000000005,0.0,177.6455338204101,7.914506245580958,8967.114789064342,0.0,5942.862329130333
2025-10-08T16:15:00Z,2025-10-08T16:30:00Z,2025-10-08,2025-10-08_74,-83.6504605173901,100,15,0,146.50519582608686,151.36152347826078,0.028480332411485964,15.1835,0.0,True,True,True,False,-3205.903899328976,0.0,177.6455338204101,7.914506245580958,8973.091844606804,0.0,5952.74798534382
2025-10-08T16:30:00Z,2025-10-08T16:45:00Z,2025-10-08,2025-10-08_75,0.0,100,15,0,151.36152347826078,139.69195826086948,0.03241545893719807,10.736,0.0,True,True,True,False,0.0,0.0,177.6455338204101,7.914506245580958,3455.146578678608,0.0,3640.706618744599
2025-10-08T16:45:00Z,2025-10-08T17:00:00Z,2025-10-08,2025-10-08_76,0.0,100,15,0,139.69195826086948,112.99576260869557,0.07415609903381642,24.5605,0.0,True,True,True,False,0.0,0.0,177.6455338204101,7.914506245580958,26456.534325555822,0.0,26642.09436562181
2025-10-08T17:00:00Z,2025-10-08T17:15:00Z,2025-10-08,2025-10-08_77,0.0,100,100,0,112.99576260869557,90.52837130434774,0.06240942028985508,20.67,0.0,True,True,True,False,0.0,0.0,180.23803912326184,50.67169455573887,13482.95704690078,0.0,13713.86678057978
2025-10-08T17:15:00Z,2025-10-08T17:30:00Z,2025-10-08,2025-10-08_78,0.0,100,100,0,90.52837130434774,71.68054521739123,0.05235507246376811,17.34,0.0,True,True,True,False,0.0,0.0,180.23803912326184,50.67169455573887,5993.644084374264,0.0,6224.553818053265
2025-10-08T17:30:00Z,2025-10-08T17:45:00Z,2025-10-08,2025-10-08_79,0.0,100,100,0,71.68054521739123,64.43924086956514,0.020114734299516907,6.662,0.0,True,True,True,False,0.0,0.0,180.23803912326184,50.67169455573887,1554.9965806426271,0.0,1785.9063143216279
2025-10-08T17:45:00Z,2025-10-08T18:00:00Z,2025-10-08,2025-10-08_80,0.0,100,100,0,64.43924086956514,64.34782608695645,0.0005401521739130435,0.1315,0.05600000000000001,True,True,True,False,0.0,0.0,180.23803912326184,50.67169455573887,20.432681573572157,-4.399402938172678,246.9430123144002
2025-10-08T18:00:00Z,2025-10-08T18:15:00Z,2025-10-08,2025-10-08_81,0.0,0,0,100,64.34782608695645,64.34782608695645,0.0,0.0,0.0,True,False,True,False,0.0,1097.3957105821355,0.0,0.0,0.0,0.0,1097.3957105821355
2025-10-08T18:15:00Z,2025-10-08T18:30:00Z,2025-10-08,2025-10-08_82,0.0,0,0,100,64.34782608695645,64.34782608695645,0.0,0.0,0.0,True,False,True,False,0.0,1097.3957105821355,0.0,0.0,0.0,0.0,1097.3957105821355
2025-10-08T18:30:00Z,2025-10-08T18:45:00Z,2025-10-08,2025-10-08_83,0.0,0,0,100,64.34782608695645,64.34782608695645,0.0,0.0,0.0,True,False,True,False,0.0,1097.3957105821355,0.0,0.0,0.0,0.0,1097.3957105821355
2025-10-08T18:45:00Z,2025-10-08T19:00:00Z,2025-10-08,2025-10-08_84,0.0,0,0,100,64.34782608695645,64.34782608695645,0.0,0.0,0.0,True,False,True,False,0.0,1097.3957105821355,0.0,0.0,0.0,0.0,1097.3957105821355
2025-10-08T19:00:00Z,2025-10-08T19:15:00Z,2025-10-08,2025-10-08_85,0.0,100,13,0,64.34782608695645,47.7350604956521,0.046160192198067634,15.286,0.002665,True,True,True,False,0.0,0.0,155.07895357058686,6.824770209757247,10500.66480124126,-0.20936444339696755,10662.359160578208
2025-10-08T19:15:00Z,2025-10-08T19:30:00Z,2025-10-08,2025-10-08_86,0.0,100,13,0,47.7350604956521,29.414951799999926,0.050889190821256036,16.8545,0.0,True,True,True,False,0.0,0.0,155.07895357058686,6.824770209757247,8730.697867173385,0.0,8892.60159095373
2025-10-08T19:30:00Z,2025-10-08T19:45:00Z,2025-10-08,2025-10-08_87,-86.3734936907185,100,13,0,29.414951799999926,44.31916030434776,0.04573127378657903,5.263,0.0,True,True,True,False,-2610.206979333513,0.0,155.07895357058686,6.824770209757247,1019.4059708146751,0.0,-1428.897284738494
2025-10-08T19:45:00Z,2025-10-08T20:00:00Z,2025-10-08,2025-10-08_88,-86.99999999999999,100,13,0,44.31916030434776,64.34782608695645,0.05571957282608695,0.1075,0.130325,True,True,True,False,-2317.0274999999997,0.0,155.07895357058686,6.824770209757247,16.29743155393197,-8.735788465315421,-2147.562133131039
2025-10-08T20:00:00Z,2025-10-08T20:15:00Z,2025-10-08,2025-10-08_89,0.0,0,0,100,64.34782608695645,64.34782608695645,0.0,0.0,0.0,True,True,True,False,0.0,1097.3957105821355,0.0,0.0,0.0,0.0,1097.3957105821355
2025-10-08T20:15:00Z,2025-10-08T20:30:00Z,2025-10-08,2025-10-08_90,0.0,0,0,100,64.34782608695645,64.34782608695645,0.0,0.0,0.0,True,True,True,False,0.0,1097.3957105821355,0.0,0.0,0.0,0.0,1097.3957105821355
2025-10-08T20:30:00Z,2025-10-08T20:45:00Z,2025-10-08,2025-10-08_91,0.0,0,0,100,64.34782608695645,64.34782608695645,0.0,0.0,0.0,True,True,True,False,0.0,1097.3957105821355,0.0,0.0,0.0,0.0,1097.3957105821355
2025-10-08T20:45:00Z,2025-10-08T21:00:00Z,2025-10-08,2025-10-08_92,0.0,0,0,100,64.34782608695645,64.34782608695645,0.0,0.0,0.0,True,True,True,False,0.0,1097.3957105821355,0.0,0.0,0.0,0.0,1097.3957105821355
2025-10-08T21:00:00Z,2025-10-08T21:15:00Z,2025-10-09,2025-10-08_93,-3.7071794909222616e-13,0,0,100,64.34782608695645,64.34782608695653,2.3684757858670006e-16,0.0,0.0,True,False,True,False,-1.0378248984836873e-11,1096.3836508839747,0.0,0.0,0.0,0.0,1096.3836508839643
2025-10-08T21:15:00Z,2025-10-08T21:30:00Z,2025-10-09,2025-10-08_94,0.0,0,0,100,64.34782608695653,64.34782608695653,0.0,0.0,0.0,True,False,True,False,0.0,1096.3836508839747,0.0,0.0,0.0,0.0,1096.3836508839747
2025-10-08T21:30:00Z,2025-10-08T21:45:00Z,2025-10-09,2025-10-08_95,0.0,0,0,100,64.34782608695653,64.34782608695653,0.0,0.0,0.0,True,False,True,False,0.0,1096.3836508839747,0.0,0.0,0.0,0.0,1096.3836508839747
2025-10-08T21:45:00Z,2025-10-08T22:00:00Z,2025-10-09,2025-10-08_96,0.0,0,0,100,64.34782608695653,64.34782608695653,0.0,0.0,0.0,True,False,True,False,0.0,1096.3836508839747,0.0,0.0,0.0,0.0,1096.3836508839747
2025-10-08T22:00:00Z,2025-10-08T22:15:00Z,2025-10-09,2025-10-09_1,0.0,0,0,100,64.34782608695653,64.34782608695653,0.0,0.0,0.0,True,True,True,False,0.0,1096.3836508839747,0.0,0.0,0.0,0.0,1096.3836508839747
2025-10-08T22:15:00Z,2025-10-08T22:30:00Z,2025-10-09,2025-10-09_2,0.0,0,0,100,64.34782608695653,64.34782608695653,0.0,0.0,0.0,True,True,True,False,0.0,1096.3836508839747,0.0,0.0,0.0,0.0,1096.3836508839747
2025-10-08T22:30:00Z,2025-10-08T22:45:00Z,2025-10-09,2025-10-09_3,0.0,0,0,100,64.34782608695653,64.34782608695653,0.0,0.0,0.0,True,True,True,False,0.0,1096.3836508839747,0.0,0.0,0.0,0.0,1096.3836508839747
2025-10-08T22:45:00Z,2025-10-08T23:00:00Z,2025-10-09,2025-10-09_4,0.0,0,0,100,64.34782608695653,64.34782608695653,0.0,0.0,0.0,True,True,True,False,0.0,1096.3836508839747,0.0,0.0,0.0,0.0,1096.3836508839747
2025-10-08T23:00:00Z,2025-10-08T23:15:00Z,2025-10-09,2025-10-09_5,2.842170943040401e-14,0,0,100,64.34782608695653,64.34782608695652,2.1453585016911237e-17,0.0,0.0,True,True,True,False,6.539124797200202e-13,1096.3836508839747,0.0,0.0,0.0,0.0,1096.3836508839754
2025-10-08T23:15:00Z,2025-10-08T23:30:00Z,2025-10-09,2025-10-09_6,2.842170943040401e-14,0,0,100,64.34782608695652,64.34782608695652,2.1453585016911237e-17,0.0,0.0,True,True,True,False,6.714628852932947e-13,1096.3836508839747,0.0,0.0,0.0,0.0,1096.3836508839754
2025-10-08T23:30:00Z,2025-10-08T23:45:00Z,2025-10-09,2025-10-09_7,0.0,0,0,100,64.34782608695652,64.34782608695652,0.0,0.0,0.0,True,True,True,False,0.0,1096.3836508839747,0.0,0.0,0.0,0.0,1096.3836508839747
2025-10-08T23:45:00Z,2025-10-09T00:00:00Z,2025-10-09,2025-10-09_8,0.0,0,0,100,64.34782608695652,64.34782608695652,0.0,0.0,0.0,True,True,True,False,0.0,1096.3836508839747,0.0,0.0,0.0,0.0,1096.3836508839747
2025-10-09T00:00:00Z,2025-10-09T00:15:00Z,2025-10-09,2025-10-09_9,0.0,0,0,100,64.34782608695652,64.34782608695652,0.0,0.0,0.0,True,True,True,False,0.0,1096.3836508839747,0.0,0.0,0.0,0.0,1096.3836508839747
2025-10-09T00:15:00Z,2025-10-09T00:30:00Z,2025-10-09,2025-10-09_10,0.0,0,0,100,64.34782608695652,64.34782608695652,0.0,0.0,0.0,True,True,True,False,0.0,1096.3836508839747,0.0,0.0,0.0,0.0,1096.3836508839747
2025-10-09T00:30:00Z,2025-10-09T00:45:00Z,2025-10-09,2025-10-09_11,0.0,0,0,100,64.34782608695652,64.34782608695652,0.0,0.0,0.0,True,True,True,False,0.0,1096.3836508839747,0.0,0.0,0.0,0.0,1096.3836508839747
2025-10-09T00:45:00Z,2025-10-09T01:00:00Z,2025-10-09,2025-10-09_12,0.0,0,0,100,64.34782608695652,64.34782608695652,0.0,0.0,0.0,True,True,True,False,0.0,1096.3836508839747,0.0,0.0,0.0,0.0,1096.3836508839747
2025-10-09T01:00:00Z,2025-10-09T01:15:00Z,2025-10-09,2025-10-09_13,-12.0,12,0,88,64.34782608695652,67.10313408695652,0.007653633333333334,0.0051,0.0,True,True,True,False,-285.29999999999995,964.8176127778976,16.081078429448812,0.0,0.7450114985381552,0.0,696.3437027058845
2025-10-09T01:15:00Z,2025-10-09T01:30:00Z,2025-10-09,2025-10-09_14,-12.0,12,0,88,67.10313408695652,69.86053968695651,0.00765946,0.00282,0.0,True,True,True,False,-275.46,964.8176127778976,16.081078429448812,0.0,0.3989954437533112,0.0,705.8376866510997
2025-10-09T01:30:00Z,2025-10-09T01:45:00Z,2025-10-09,2025-10-09_15,-12.0,12,0,88,69.86053968695651,72.42452448695651,0.0071221800000000005,0.21306,0.0,True,True,True,False,-275.88,964.8176127778976,16.081078429448812,0.0,34.11171579773561,0.0,739.130407005082
2025-10-09T01:45:00Z,2025-10-09T02:00:00Z,2025-10-09,2025-10-09_16,-12.0,12,0,88,72.42452448695651,74.8210876869565,0.006657120000000001,0.39503999999999995,0.0,True,True,True,False,-277.35,964.8176127778976,16.081078429448812,0.0,65.23527917901221,0.0,768.7839703863585
2025-10-09T02:00:00Z,2025-10-09T02:15:00Z,2025-10-09,2025-10-09_17,-100.0,100,0,0,74.8210876869565,90.30790768695651,0.04301894444444445,8.1665,0.0,True,True,True,False,-2227.25,0.0,101.04389459019288,0.0,1504.5169406235893,0.0,-621.6891647862178
2025-10-09T02:15:00Z,2025-10-09T02:30:00Z,2025-10-09,2025-10-09_18,-100.0,100,0,0,90.30790768695651,103.46206768695652,0.03653933333333333,10.702,0.0,True,True,True,False,-2284.5,0.0,101.04389459019288,0.0,1931.341092949787,0.0,-252.1150124600201
2025-10-09T02:30:00Z,2025-10-09T02:45:00Z,2025-10-09,2025-10-09_19,-100.0,100,0,0,103.46206768695652,121.88092768695651,0.051163499999999994,4.9795,0.0,True,True,True,False,-2386.0,0.0,101.04389459019288,0.0,855.7318089594411,0.0,-1429.224296450366
2025-10-09T02:45:00Z,2025-10-09T03:00:00Z,2025-10-09,2025-10-09_20,-100.0,100,0,0,121.88092768695651,143.40708768695652,0.059794888888888884,1.6019999999999999,0.0,True,True,True,False,-2652.75,0.0,101.04389459019288,0.0,255.67087612581673,0.0,-2296.0352292839902
2025-10-09T03:00:00Z,2025-10-09T03:15:00Z,2025-10-09,2025-10-09_21,0.0,0,0,100,143.40708768695652,143.40708768695652,0.0,0.0,0.0,True,True,True,False,0.0,1096.3836508839747,0.0,0.0,0.0,0.0,1096.3836508839747
2025-10-09T03:15:00Z,2025-10-09T03:30:00Z,2025-10-09,2025-10-09_22,0.0,0,0,100,143.40708768695652,143.40708768695652,0.0,0.0,0.0,True,True,True,False,0.0,1096.3836508839747,0.0,0.0,0.0,0.0,1096.3836508839747
2025-10-09T03:30:00Z,2025-10-09T03:45:00Z,2025-10-09,2025-10-09_23,0.0,0,0,100,143.40708768695652,143.40708768695652,0.0,0.0,0.0,True,True,True,False,0.0,1096.3836508839747,0.0,0.0,0.0,0.0,1096.3836508839747
2025-10-09T03:45:00Z,2025-10-09T04:00:00Z,2025-10-09,2025-10-09_24,0.0,0,0,100,143.40708768695652,143.40708768695652,0.0,0.0,0.0,True,True,True,False,0.0,1096.3836508839747,0.0,0.0,0.0,0.0,1096.3836508839747
2025-10-09T04:00:00Z,2025-10-09T04:15:00Z,2025-10-09,2025-10-09_25,0.0,0,0,100,143.40708768695652,143.40708768695652,0.0,0.0,0.0,True,True,True,False,0.0,1096.3836508839747,0.0,0.0,0.0,0.0,1096.3836508839747
2025-10-09T04:15:00Z,2025-10-09T04:30:00Z,2025-10-09,2025-10-09_26,0.0,0,0,100,143.40708768695652,143.40708768695652,0.0,0.0,0.0,True,True,True,False,0.0,1096.3836508839747,0.0,0.0,0.0,0.0,1096.3836508839747
2025-10-09T04:30:00Z,2025-10-09T04:45:00Z,2025-10-09,2025-10-09_27,0.0,0,0,100,143.40708768695652,143.40708768695652,0.0,0.0,0.0,True,True,True,False,0.0,1096.3836508839747,0.0,0.0,0.0,0.0,1096.3836508839747
2025-10-09T04:45:00Z,2025-10-09T05:00:00Z,2025-10-09,2025-10-09_28,0.0,0,0,100,143.40708768695652,143.40708768695652,0.0,0.0,0.0,True,True,True,False,0.0,1096.3836508839747,0.0,0.0,0.0,0.0,1096.3836508839747
2025-10-09T05:00:00Z,2025-10-09T05:15:00Z,2025-10-09,2025-10-09_29,0.0,0,0,100,143.40708768695652,143.40708768695652,0.0,0.0,0.0,True,True,True,False,0.0,1096.3836508839747,0.0,0.0,0.0,0.0,1096.3836508839747
2025-10-09T05:15:00Z,2025-10-09T05:30:00Z,2025-10-09,2025-10-09_30,0.0,0,0,100,143.40708768695652,143.40708768695652,0.0,0.0,0.0,True,True,True,False,0.0,1096.3836508839747,0.0,0.0,0.0,0.0,1096.3836508839747
2025-10-09T05:30:00Z,2025-10-09T05:45:00Z,2025-10-09,2025-10-09_31,0.0,0,0,100,143.40708768695652,143.40708768695652,0.0,0.0,0.0,True,True,True,False,0.0,1096.3836508839747,0.0,0.0,0.0,0.0,1096.3836508839747
2025-10-09T05:45:00Z,2025-10-09T06:00:00Z,2025-10-09,2025-10-09_32,0.0,0,0,100,143.40708768695652,143.40708768695652,0.0,0.0,0.0,True,True,True,False,0.0,1096.3836508839747,0.0,0.0,0.0,0.0,1096.3836508839747
2025-10-09T06:00:00Z,2025-10-09T06:15:00Z,2025-10-09,2025-10-09_33,0.0,100,0,0,143.40708768695652,130.03426159999998,0.037146739130434786,12.303,0.0,True,True,True,False,0.0,0.0,110.49192551458901,0.0,5516.1294619626,0.0,5626.621387477188
2025-10-09T06:15:00Z,2025-10-09T06:30:00Z,2025-10-09,2025-10-09_34,0.0,100,0,0,130.03426159999998,108.69241377391302,0.05928291062801932,19.6345,0.0,True,True,True,False,0.0,0.0,110.49192551458901,0.0,17350.852347781725,0.0,17461.344273296316
2025-10-09T06:30:00Z,2025-10-09T06:45:00Z,2025-10-09,2025-10-09_35,0.0,100,0,0,108.69241377391302,98.71904420869562,0.027703804347826086,9.1755,0.0,True,True,True,False,0.0,0.0,110.49192551458901,0.0,2008.8445011086471,0.0,2119.336426623236
2025-10-09T06:45:00Z,2025-10-09T07:00:00Z,2025-10-09,2025-10-09_36,-100.0,100,0,0,98.71904420869562,113.22054420869563,0.04028194444444445,9.2375,0.0,True,True,True,False,-3250.5000000000005,0.0,110.49192551458901,0.0,2118.580013931676,0.0,-1021.4280605537353
2025-10-09T07:00:00Z,2025-10-09T07:15:00Z,2025-10-09,2025-10-09_37,0.0,100,100,0,113.22054420869563,99.15967464347824,0.03905797101449275,12.936,0.0,True,True,True,False,0.0,0.0,136.3047701273473,53.45054255047779,2782.6195726311244,0.0,2972.3748853089496
2025-10-09T07:15:00Z,2025-10-09T07:30:00Z,2025-10-09,2025-10-09_38,0.0,100,100,0,99.15967464347824,92.1765224695652,0.01939764492753623,6.4245,0.0,True,True,True,False,0.0,0.0,136.3047701273473,53.45054255047779,1222.6606471361576,0.0,1412.4159598139827
2025-10-09T07:30:00Z,2025-10-09T07:45:00Z,2025-10-09,2025-10-09_39,0.0,100,100,0,92.1765224695652,93.87433899130433,0.013469176328502414,1.4495,3.558,True,True,True,False,0.0,0.0,136.3047701273473,53.45054255047779,227.40309371504816,-172.49070619861467,244.66770019425857
2025-10-09T07:45:00Z,2025-10-09T08:00:00Z,2025-10-09,2025-10-09_40,0.0,100,100,0,93.87433899130433,106.76077899130433,0.03579566666666667,0.0,14.007,True,True,True,False,0.0,0.0,136.3047701273473,53.45054255047779,0.0,2158.2427992857565,2347.998111963582
2025-10-09T08:00:00Z,2025-10-09T08:15:00Z,2025-10-09,2025-10-09_41,0.0,0,0,100,106.76077899130433,106.76077899130433,0.0,0.0,0.0,True,True,True,False,0.0,1096.3836508839747,0.0,0.0,0.0,0.0,1096.3836508839747
2025-10-09T08:15:00Z,2025-10-09T08:30:00Z,2025-10-09,2025-10-09_42,0.0,0,0,100,106.76077899130433,106.76077899130433,0.0,0.0,0.0,True,True,True,False,0.0,1096.3836508839747,0.0,0.0,0.0,0.0,1096.3836508839747
2025-10-09T08:30:00Z,2025-10-09T08:45:00Z,2025-10-09,2025-10-09_43,0.0,0,0,100,106.76077899130433,106.76077899130433,0.0,0.0,0.0,True,True,True,False,0.0,1096.3836508839747,0.0,0.0,0.0,0.0,1096.3836508839747
2025-10-09T08:45:00Z,2025-10-09T09:00:00Z,2025-10-09,2025-10-09_44,0.0,0,0,100,106.76077899130433,106.76077899130433,0.0,0.0,0.0,True,True,True,False,0.0,1096.3836508839747,0.0,0.0,0.0,0.0,1096.3836508839747
2025-10-09T09:00:00Z,2025-10-09T09:15:00Z,2025-10-09,2025-10-09_45,0.0,0,0,100,106.76077899130433,106.76077899130433,0.0,0.0,0.0,True,True,True,False,0.0,1096.3836508839747,0.0,0.0,0.0,0.0,1096.3836508839747
2025-10-09T09:15:00Z,2025-10-09T09:30:00Z,2025-10-09,2025-10-09_46,0.0,0,0,100,106.76077899130433,106.76077899130433,0.0,0.0,0.0,True,True,True,False,0.0,1096.3836508839747,0.0,0.0,0.0,0.0,1096.3836508839747
2025-10-09T09:30:00Z,2025-10-09T09:45:00Z,2025-10-09,2025-10-09_47,0.0,0,0,100,106.76077899130433,106.76077899130433,0.0,0.0,0.0,True,True,True,False,0.0,1096.3836508839747,0.0,0.0,0.0,0.0,1096.3836508839747
2025-10-09T09:45:00Z,2025-10-09T10:00:00Z,2025-10-09,2025-10-09_48,0.0,0,0,100,106.76077899130433,106.76077899130433,0.0,0.0,0.0,True,True,True,False,0.0,1096.3836508839747,0.0,0.0,0.0,0.0,1096.3836508839747
2025-10-09T10:00:00Z,2025-10-09T10:15:00Z,2025-10-09,2025-10-09_49,0.0,0,0,100,106.76077899130433,106.76077899130433,0.0,0.0,0.0,True,True,True,False,0.0,1096.3836508839747,0.0,0.0,0.0,0.0,1096.3836508839747
2025-10-09T10:15:00Z,2025-10-09T10:30:00Z,2025-10-09,2025-10-09_50,0.0,0,0,100,106.76077899130433,106.76077899130433,0.0,0.0,0.0,True,True,True,False,0.0,1096.3836508839747,0.0,0.0,0.0,0.0,1096.3836508839747
2025-10-09T10:30:00Z,2025-10-09T10:45:00Z,2025-10-09,2025-10-09_51,0.0,0,0,100,106.76077899130433,106.76077899130433,0.0,0.0,0.0,True,True,True,False,0.0,1096.3836508839747,0.0,0.0,0.0,0.0,1096.3836508839747
2025-10-09T10:45:00Z,2025-10-09T11:00:00Z,2025-10-09,2025-10-09_52,0.0,0,0,100,106.76077899130433,106.76077899130433,0.0,0.0,0.0,True,True,True,False,0.0,1096.3836508839747,0.0,0.0,0.0,0.0,1096.3836508839747
2025-10-09T11:00:00Z,2025-10-09T11:15:00Z,2025-10-09,2025-10-09_53,-11.999999999999096,12,0,88,106.76077899130433,109.50604059130413,0.007625726666666096,0.01602,0.0,True,True,True,False,-295.52999999997775,964.8176127778976,12.538508329572434,0.0,2.2337279830465238,0.0,684.0598490905388
2025-10-09T11:15:00Z,2025-10-09T11:30:00Z,2025-10-09,2025-10-09_54,-11.999999999999174,12,0,88,109.50604059130413,111.97701339130393,0.006863813333332926,0.31416,0.0,True,True,True,False,-298.1099999999795,964.8176127778976,12.538508329572434,0.0,48.04712972156269,0.0,727.2932508290532
2025-10-09T11:30:00Z,2025-10-09T11:45:00Z,2025-10-09,2025-10-09_55,-11.999999999999146,12,0,88,111.97701339130393,114.60823179130372,0.00730893999999951,0.13998000000000002,0.0,True,True,True,False,-296.6999999999789,964.8176127778976,12.538508329572434,0.0,20.460267629456666,0.0,701.1163887369478
2025-10-09T11:45:00Z,2025-10-09T12:00:00Z,2025-10-09,2025-10-09_56,-11.999999999999147,12,0,88,114.60823179130372,117.24381099130353,0.007321053333332842,0.13524,0.0,True,True,True,False,-224.09999999998408,964.8176127778976,12.538508329572434,0.0,18.575829523379706,0.0,771.8319506308657
2025-10-09T12:00:00Z,2025-10-09T12:15:00Z,2025-10-09,2025-10-09_57,0.0,0,0,100,117.24381099130353,117.24381099130353,0.0,0.0,0.0,True,True,True,False,0.0,1096.3836508839747,0.0,0.0,0.0,0.0,1096.3836508839747
2025-10-09T12:15:00Z,2025-10-09T12:30:00Z,2025-10-09,2025-10-09_58,0.0,0,0,100,117.24381099130353,117.24381099130353,0.0,0.0,0.0,True,True,True,False,0.0,1096.3836508839747,0.0,0.0,0.0,0.0,1096.3836508839747
2025-10-09T12:30:00Z,2025-10-09T12:45:00Z,2025-10-09,2025-10-09_59,0.0,0,0,100,117.24381099130353,117.24381099130353,0.0,0.0,0.0,True,True,True,False,0.0,1096.3836508839747,0.0,0.0,0.0,0.0,1096.3836508839747
2025-10-09T12:45:00Z,2025-10-09T13:00:00Z,2025-10-09,2025-10-09_60,0.0,0,0,100,117.24381099130353,117.24381099130353,0.0,0.0,0.0,True,True,True,False,0.0,1096.3836508839747,0.0,0.0,0.0,0.0,1096.3836508839747
2025-10-09T13:00:00Z,2025-10-09T13:15:00Z,2025-10-09,2025-10-09_61,0.0,100,100,0,117.24381099130353,131.61145099130354,0.03991011111111112,0.0,15.617,True,True,True,False,0.0,0.0,136.3047701273473,55.06936404842729,0.0,1429.6344133979553,1621.0085475737299
2025-10-09T13:15:00Z,2025-10-09T13:30:00Z,2025-10-09,2025-10-09_62,0.0,100,100,0,131.61145099130354,138.81689099130355,0.020015111111111112,0.0,7.832,True,True,True,False,0.0,0.0,136.3047701273473,55.06936404842729,0.0,-292.7575566587524,-101.38342248297779
2025-10-09T13:30:00Z,2025-10-09T13:45:00Z,2025-10-09,2025-10-09_63,0.0,100,100,0,138.81689099130355,143.86397186086876,0.014070997584541065,0.0085,5.496,True,True,True,False,0.0,0.0,136.3047701273473,55.06936404842729,1.0857877283519415,-202.087972843043,-9.628050938916463
2025-10-09T13:45:00Z,2025-10-09T14:00:00Z,2025-10-09,2025-10-09_64,0.0,100,100,0,143.86397186086876,143.63227186086874,0.0012313888888888886,0.3105,0.11499999999999999,True,True,True,False,0.0,0.0,136.3047701273473,55.06936404842729,38.44465592684889,-8.593487432058552,221.22530267056493
2025-10-09T14:00:00Z,2025-10-09T14:15:00Z,2025-10-09,2025-10-09_65,0.0,0,0,100,143.63227186086874,143.63227186086874,0.0,0.0,0.0,True,True,True,False,0.0,1096.3836508839747,0.0,0.0,0.0,0.0,1096.3836508839747
2025-10-09T14:15:00Z,2025-10-09T14:30:00Z,2025-10-09,2025-10-09_66,0.0,0,0,100,143.63227186086874,143.63227186086874,0.0,0.0,0.0,True,True,True,False,0.0,1096.3836508839747,0.0,0.0,0.0,0.0,1096.3836508839747
2025-10-09T14:30:00Z,2025-10-09T14:45:00Z,2025-10-09,2025-10-09_67,0.0,0,0,100,143.63227186086874,143.63227186086874,0.0,0.0,0.0,True,True,True,False,0.0,1096.3836508839747,0.0,0.0,0.0,0.0,1096.3836508839747
2025-10-09T14:45:00Z,2025-10-09T15:00:00Z,2025-10-09,2025-10-09_68,0.0,0,0,100,143.63227186086874,143.63227186086874,0.0,0.0,0.0,True,True,True,False,0.0,1096.3836508839747,0.0,0.0,0.0,0.0,1096.3836508839747
2025-10-09T15:00:00Z,2025-10-09T15:15:00Z,2025-10-09,2025-10-09_69,0.0,100,100,0,143.63227186086874,142.36128838260788,0.004389176328502416,1.3115,0.168,True,True,True,False,0.0,0.0,113.52353668347625,55.89349135647429,180.72981084316075,-12.797510350646549,337.34932853246477
2025-10-09T15:15:00Z,2025-10-09T15:30:00Z,2025-10-09,2025-10-09_70,0.0,100,100,0,142.36128838260788,134.70810316521656,0.021905403381642513,7.148000000000001,0.1265,True,True,True,False,0.0,0.0,113.52353668347625,55.89349135647429,2110.147442654475,-8.727911720267644,2270.836558974158
2025-10-09T15:30:00Z,2025-10-09T15:45:00Z,2025-10-09,2025-10-09_71,0.0,100,100,0,134.70810316521656,129.722524904347,0.015420495169082124,4.847,0.3075,True,True,True,False,0.0,0.0,113.52353668347625,55.89349135647429,2678.102791436925,-19.07558326629123,2828.4442362105847
2025-10-09T15:45:00Z,2025-10-09T16:00:00Z,2025-10-09,2025-10-09_72,0.0,100,100,0,129.722524904347,120.21872055652092,0.026399456521739126,8.7435,0.0,True,True,True,False,0.0,0.0,113.52353668347625,55.89349135647429,3458.9881675921742,0.0,3628.405195632125
2025-10-09T16:00:00Z,2025-10-09T16:15:00Z,2025-10-09,2025-10-09_73,0.0,0,0,100,120.21872055652092,120.21872055652092,0.0,0.0,0.0,True,True,True,False,0.0,1096.3836508839747,0.0,0.0,0.0,0.0,1096.3836508839747
2025-10-09T16:15:00Z,2025-10-09T16:30:00Z,2025-10-09,2025-10-09_74,0.0,0,0,100,120.21872055652092,120.21872055652092,0.0,0.0,0.0,True,True,True,False,0.0,1096.3836508839747,0.0,0.0,0.0,0.0,1096.3836508839747
2025-10-09T16:30:00Z,2025-10-09T16:45:00Z,2025-10-09,2025-10-09_75,0.0,0,0,100,120.21872055652092,120.21872055652092,0.0,0.0,0.0,True,True,True,False,0.0,1096.3836508839747,0.0,0.0,0.0,0.0,1096.3836508839747
2025-10-09T16:45:00Z,2025-10-09T17:00:00Z,2025-10-09,2025-10-09_76,0.0,0,0,100,120.21872055652092,120.21872055652092,0.0,0.0,0.0,True,True,True,False,0.0,1096.3836508839747,0.0,0.0,0.0,0.0,1096.3836508839747
2025-10-09T17:00:00Z,2025-10-09T17:15:00Z,2025-10-09,2025-10-09_77,0.0,0,0,100,120.21872055652092,120.21872055652092,0.0,0.0,0.0,True,True,True,False,0.0,1096.3836508839747,0.0,0.0,0.0,0.0,1096.3836508839747
2025-10-09T17:15:00Z,2025-10-09T17:30:00Z,2025-10-09,2025-10-09_78,0.0,0,0,100,120.21872055652092,120.21872055652092,0.0,0.0,0.0,True,True,True,False,0.0,1096.3836508839747,0.0,0.0,0.0,0.0,1096.3836508839747
2025-10-09T17:30:00Z,2025-10-09T17:45:00Z,2025-10-09,2025-10-09_79,0.0,0,0,100,120.21872055652092,120.21872055652092,0.0,0.0,0.0,True,True,True,False,0.0,1096.3836508839747,0.0,0.0,0.0,0.0,1096.3836508839747
2025-10-09T17:45:00Z,2025-10-09T18:00:00Z,2025-10-09,2025-10-09_80,0.0,0,0,100,120.21872055652092,120.21872055652092,0.0,0.0,0.0,True,True,True,False,0.0,1096.3836508839747,0.0,0.0,0.0,0.0,1096.3836508839747
2025-10-09T18:00:00Z,2025-10-09T18:15:00Z,2025-10-09,2025-10-09_81,0.0,0,0,100,120.21872055652092,120.21872055652092,0.0,0.0,0.0,True,True,True,False,0.0,1096.3836508839747,0.0,0.0,0.0,0.0,1096.3836508839747
2025-10-09T18:15:00Z,2025-10-09T18:30:00Z,2025-10-09,2025-10-09_82,0.0,0,0,100,120.21872055652092,120.21872055652092,0.0,0.0,0.0,True,True,True,False,0.0,1096.3836508839747,0.0,0.0,0.0,0.0,1096.3836508839747
2025-10-09T18:30:00Z,2025-10-09T18:45:00Z,2025-10-09,2025-10-09_83,0.0,0,0,100,120.21872055652092,120.21872055652092,0.0,0.0,0.0,True,True,True,False,0.0,1096.3836508839747,0.0,0.0,0.0,0.0,1096.3836508839747
2025-10-09T18:45:00Z,2025-10-09T19:00:00Z,2025-10-09,2025-10-09_84,0.0,0,0,100,120.21872055652092,120.21872055652092,0.0,0.0,0.0,True,True,True,False,0.0,1096.3836508839747,0.0,0.0,0.0,0.0,1096.3836508839747
2025-10-09T19:00:00Z,2025-10-09T19:15:00Z,2025-10-09,2025-10-09_85,100.0,0,100,0,120.21872055652092,100.2333944695644,0.05551479468599034,0.0,6.6135,True,True,True,False,4223.25,0.0,0.0,49.88913525498891,0.0,-327.91088583874574,3945.228249416243
2025-10-09T19:15:00Z,2025-10-09T19:30:00Z,2025-10-09,2025-10-09_86,100.0,0,100,0,100.2333944695644,85.65078577391223,0.04050724637681159,0.0,11.584,True,True,True,False,4176.25,0.0,0.0,49.88913525498891,0.0,6101.012741008181,10327.15187626317
2025-10-09T19:30:00Z,2025-10-09T19:45:00Z,2025-10-09,2025-10-09_87,100.0,0,100,0,85.65078577391223,65.1638292521731,0.05690821256038647,0.0,6.152,True,True,True,False,4307.75,0.0,0.0,49.88913525498891,0.0,1336.7294185978062,5694.368553852795
2025-10-09T19:45:00Z,2025-10-09T20:00:00Z,2025-10-09,2025-10-09_88,4.45682228506428,0,100,0,65.1638292521731,64.34782608695642,0.004346968915048435,0.0,0.426,True,True,True,False,175.58765597581996,0.0,0.0,49.88913525498891,0.0,-33.3889610109295,192.08783021987938
2025-10-09T20:00:00Z,2025-10-09T20:15:00Z,2025-10-09,2025-10-09_89,0.0,0,0,100,64.34782608695642,64.34782608695642,0.0,0.0,0.0,True,True,True,False,0.0,1096.3836508839747,0.0,0.0,0.0,0.0,1096.3836508839747
2025-10-09T20:15:00Z,2025-10-09T20:30:00Z,2025-10-09,2025-10-09_90,0.0,0,0,100,64.34782608695642,64.34782608695642,0.0,0.0,0.0,True,True,True,False,0.0,1096.3836508839747,0.0,0.0,0.0,0.0,1096.3836508839747
2025-10-09T20:30:00Z,2025-10-09T20:45:00Z,2025-10-09,2025-10-09_91,0.0,0,0,100,64.34782608695642,64.34782608695642,0.0,0.0,0.0,True,True,True,False,0.0,1096.3836508839747,0.0,0.0,0.0,0.0,1096.3836508839747
2025-10-09T20:45:00Z,2025-10-09T21:00:00Z,2025-10-09,2025-10-09_92,0.0,0,0,100,64.34782608695642,64.34782608695642,0.0,0.0,0.0,True,True,True,False,0.0,1096.3836508839747,0.0,0.0,0.0,0.0,1096.3836508839747
2025-10-09T21:00:00Z,2025-10-09T21:15:00Z,2025-10-10,2025-10-09_93,0.0,0,0,100,64.34782608695642,64.34782608695642,0.0,0.0,0.0,True,True,True,False,0.0,1096.5988263693994,0.0,0.0,0.0,0.0,1096.5988263693994
2025-10-09T21:15:00Z,2025-10-09T21:30:00Z,2025-10-10,2025-10-09_94,0.0,0,0,100,64.34782608695642,64.34782608695642,0.0,0.0,0.0,True,True,True,False,0.0,1096.5988263693994,0.0,0.0,0.0,0.0,1096.5988263693994
2025-10-09T21:30:00Z,2025-10-09T21:45:00Z,2025-10-10,2025-10-09_95,0.0,0,0,100,64.34782608695642,64.34782608695642,0.0,0.0,0.0,True,True,True,False,0.0,1096.5988263693994,0.0,0.0,0.0,0.0,1096.5988263693994
2025-10-09T21:45:00Z,2025-10-09T22:00:00Z,2025-10-10,2025-10-09_96,0.0,0,0,100,64.34782608695642,64.34782608695642,0.0,0.0,0.0,True,True,True,False,0.0,1096.5988263693994,0.0,0.0,0.0,0.0,1096.5988263693994
2025-10-09T22:00:00Z,2025-10-09T22:15:00Z,2025-10-10,2025-10-10_1,0.0,0,0,100,64.34782608695642,64.34782608695642,0.0,0.0,0.0,True,True,True,False,0.0,1096.5988263693994,0.0,0.0,0.0,0.0,1096.5988263693994
2025-10-09T22:15:00Z,2025-10-09T22:30:00Z,2025-10-10,2025-10-10_2,0.0,0,0,100,64.34782608695642,64.34782608695642,0.0,0.0,0.0,True,True,True,False,0.0,1096.5988263693994,0.0,0.0,0.0,0.0,1096.5988263693994
2025-10-09T22:30:00Z,2025-10-09T22:45:00Z,2025-10-10,2025-10-10_3,0.0,0,0,100,64.34782608695642,64.34782608695642,0.0,0.0,0.0,True,True,True,False,0.0,1096.5988263693994,0.0,0.0,0.0,0.0,1096.5988263693994
2025-10-09T22:45:00Z,2025-10-09T23:00:00Z,2025-10-10,2025-10-10_4,0.0,0,0,100,64.34782608695642,64.34782608695642,0.0,0.0,0.0,True,True,True,False,0.0,1096.5988263693994,0.0,0.0,0.0,0.0,1096.5988263693994
2025-10-09T23:00:00Z,2025-10-09T23:15:00Z,2025-10-10,2025-10-10_5,0.0,0,0,100,64.34782608695642,64.34782608695642,0.0,0.0,0.0,True,True,True,False,0.0,1096.5988263693994,0.0,0.0,0.0,0.0,1096.5988263693994
2025-10-09T23:15:00Z,2025-10-09T23:30:00Z,2025-10-10,2025-10-10_6,0.0,0,0,100,64.34782608695642,64.34782608695642,0.0,0.0,0.0,True,True,True,False,0.0,1096.5988263693994,0.0,0.0,0.0,0.0,1096.5988263693994
2025-10-09T23:30:00Z,2025-10-09T23:45:00Z,2025-10-10,2025-10-10_7,0.0,0,0,100,64.34782608695642,64.34782608695642,0.0,0.0,0.0,True,True,True,False,0.0,1096.5988263693994,0.0,0.0,0.0,0.0,1096.5988263693994
2025-10-09T23:45:00Z,2025-10-10T00:00:00Z,2025-10-10,2025-10-10_8,0.0,0,0,100,64.34782608695642,64.34782608695642,0.0,0.0,0.0,True,True,True,False,0.0,1096.5988263693994,0.0,0.0,0.0,0.0,1096.5988263693994
2025-10-10T00:00:00Z,2025-10-10T00:15:00Z,2025-10-10,2025-10-10_9,-19.999999999999623,20,0,80,64.34782608695642,68.90320608695633,0.012653833333333099,0.0485,0.0,True,True,True,False,-418.24999999999216,877.2790610955194,21.796557611916867,0.0,6.761682236570957,0.0,487.58730094401506
2025-10-10T00:15:00Z,2025-10-10T00:30:00Z,2025-10-10,2025-10-10_10,-19.999999999999513,20,0,80,68.90320608695633,73.49106208695622,0.012744044444444137,0.0132,0.0,True,True,True,False,-414.3999999999899,877.2790610955194,21.796557611916867,0.0,1.7512609659882639,0.0,486.4268796734346
2025-10-10T00:30:00Z,2025-10-10T00:45:00Z,2025-10-10,2025-10-10_11,-19.999999999999602,20,0,80,73.49106208695622,77.99345008695613,0.012506633333333092,0.1061,0.0,True,True,True,False,-410.59999999999184,877.2790610955194,21.796557611916867,0.0,15.258926226129965,0.0,503.7345449335744
2025-10-10T00:45:00Z,2025-10-10T01:00:00Z,2025-10-10,2025-10-10_12,-19.999999999999602,20,0,80,77.99345008695613,82.59345008695604,0.012777777777777524,0.0,0.0,True,True,True,False,-409.2999999999918,877.2790610955194,21.796557611916867,0.0,0.0,0.0,489.77561870744444
2025-10-10T01:00:00Z,2025-10-10T01:15:00Z,2025-10-10,2025-10-10_13,0.0,0,0,100,82.59345008695604,82.59345008695604,0.0,0.0,0.0,True,True,True,False,0.0,1096.5988263693994,0.0,0.0,0.0,0.0,1096.5988263693994
2025-10-10T01:15:00Z,2025-10-10T01:30:00Z,2025-10-10,2025-10-10_14,0.0,0,0,100,82.59345008695604,82.59345008695604,0.0,0.0,0.0,True,True,True,False,0.0,1096.5988263693994,0.0,0.0,0.0,0.0,1096.5988263693994
2025-10-10T01:30:00Z,2025-10-10T01:45:00Z,2025-10-10,2025-10-10_15,0.0,0,0,100,82.59345008695604,82.59345008695604,0.0,0.0,0.0,True,True,True,False,0.0,1096.5988263693994,0.0,0.0,0.0,0.0,1096.5988263693994
2025-10-10T01:45:00Z,2025-10-10T02:00:00Z,2025-10-10,2025-10-10_16,0.0,0,0,100,82.59345008695604,82.59345008695604,0.0,0.0,0.0,True,True,True,False,0.0,1096.5988263693994,0.0,0.0,0.0,0.0,1096.5988263693994
2025-10-10T02:00:00Z,2025-10-10T02:15:00Z,2025-10-10,2025-10-10_17,0.0,100,100,0,82.59345008695604,90.11261008695604,0.020886555555555558,0.0,8.173,True,True,True,False,0.0,0.0,104.94965949011834,55.90446097383863,0.0,-137.07214786175496,23.78197260220201
2025-10-10T02:15:00Z,2025-10-10T02:30:00Z,2025-10-10,2025-10-10_18,0.0,100,100,0,90.11261008695604,105.95041008695604,0.043993888888888895,0.0,17.215,True,True,True,False,0.0,0.0,104.94965949011834,55.90446097383863,0.0,1515.6213981512374,1676.4755186151942
2025-10-10T02:30:00Z,2025-10-10T02:45:00Z,2025-10-10,2025-10-10_19,0.0,100,100,0,105.95041008695604,112.12131008695604,0.017141388888888887,0.0,6.7075,True,True,True,False,0.0,0.0,104.94965949011834,55.90446097383863,0.0,-248.09443457696307,-87.2403141130061
2025-10-10T02:45:00Z,2025-10-10T03:00:00Z,2025-10-10,2025-10-10_20,6.178632484870436e-14,100,100,0,112.12131008695604,130.07741008695604,0.04987805555555553,0.0,19.5175,True,True,True,False,1.4783922878173734e-12,0.0,104.94965949011834,55.90446097383863,0.0,7521.39094165211,7682.245062116069
2025-10-10T03:00:00Z,2025-10-10T03:15:00Z,2025-10-10,2025-10-10_21,-100.0,100,0,0,130.07741008695604,148.85737008695605,0.052166555555555556,4.587,0.0,True,True,True,False,-2390.75,0.0,143.10246697937313,0.0,860.9908739426529,0.0,-1386.656659077974
2025-10-10T03:15:00Z,2025-10-10T03:30:00Z,2025-10-10,2025-10-10_22,-100.0,100,0,0,148.85737008695605,168.94097008695604,0.055787777777777776,3.17,0.0,True,True,True,False,-3025.75,0.0,143.10246697937313,0.0,465.26389810217256,0.0,-2417.3836349184544
2025-10-10T03:30:00Z,2025-10-10T03:45:00Z,2025-10-10,2025-10-10_23,0.0,100,0,0,168.94097008695604,153.6969483478256,0.042344504830917874,14.024500000000002,0.0,True,True,True,False,0.0,0.0,143.10246697937313,0.0,7174.985175161424,0.0,7318.0876421407975
2025-10-10T03:45:00Z,2025-10-10T04:00:00Z,2025-10-10,2025-10-10_24,0.0,100,0,0,153.6969483478256,149.51053530434734,0.011628925120772947,3.8515,0.0,True,True,True,False,0.0,0.0,143.10246697937313,0.0,1122.0788497242556,0.0,1265.1813167036287
2025-10-10T04:00:00Z,2025-10-10T04:15:00Z,2025-10-10,2025-10-10_25,12.000000000000194,0,12,88,149.51053530434734,146.6544048695647,0.007933695652174059,0.0,0.37236,True,True,True,False,487.05000000000786,965.0069672050713,0.0,6.284615233646693,0.0,-18.930120887877067,1439.4114615508488
2025-10-10T04:15:00Z,2025-10-10T04:30:00Z,2025-10-10,2025-10-10_26,11.999999999999204,0,12,88,146.6544048695647,143.40827443478233,0.00901702898550665,0.0,0.01356,True,True,True,False,535.3199999999645,965.0069672050713,0.0,6.284615233646693,0.0,-0.908059333110906,1505.7035231055715
2025-10-10T04:30:00Z,2025-10-10T04:45:00Z,2025-10-10,2025-10-10_27,11.999999999999204,0,12,88,143.40827443478233,140.21399182608687,0.008873007246376232,0.0,0.061259999999999995,True,True,True,False,605.03999999996,965.0069672050713,0.0,6.284615233646693,0.0,-3.8035711577335976,1572.5280112809444
2025-10-10T04:45:00Z,2025-10-10T05:00:00Z,2025-10-10,2025-10-10_28,11.999999999999204,0,12,88,140.21399182608687,137.09829617391316,0.008654710144926985,0.0,0.13355999999999998,True,True,True,False,637.4399999999576,965.0069672050713,0.0,6.284615233646693,0.0,-8.294439565874432,1600.4371428728011
2025-10-10T05:00:00Z,2025-10-10T05:15:00Z,2025-10-10,2025-10-10_29,100.0,0,100,0,137.09829617391316,112.9510135652175,0.0670757850241546,0.0,2.7845,True,True,True,False,5867.75,0.0,0.0,52.28347692971955,0.0,-167.27274556944636,5752.760731360273
2025-10-10T05:15:00Z,2025-10-10T05:30:00Z,2025-10-10,2025-10-10_30,100.0,0,100,0,112.9510135652175,85.90481791304359,0.07512832125603865,0.0,0.11749999999999998,True,True,True,False,5734.75,0.0,0.0,52.28347692971955,0.0,-7.795429611602848,5779.2380473181165
2025-10-10T05:30:00Z,2025-10-10T05:45:00Z,2025-10-10,2025-10-10_31,100.0,0,100,0,85.90481791304359,60.20699182608706,0.07138285024154589,0.0,1.358,True,True,True,False,4939.25,0.0,0.0,52.28347692971955,0.0,-84.37280945184779,4907.160667477871
2025-10-10T05:45:00Z,2025-10-10T06:00:00Z,2025-10-10,2025-10-10_32,0.863442261475781,0,100,0,60.20699182608706,64.34782608695643,0.012558235323566869,0.0,4.7485,True,True,True,False,30.414753660484386,0.0,0.0,52.28347692971955,0.0,-263.5751599513277,-180.87692936112376
2025-10-10T06:00:00Z,2025-10-10T06:15:00Z,2025-10-10,2025-10-10_33,0.0,0,0,100,64.34782608695643,64.34782608695643,0.0,0.0,0.0,True,True,True,False,0.0,1096.5988263693994,0.0,0.0,0.0,0.0,1096.5988263693994
2025-10-10T06:15:00Z,2025-10-10T06:30:00Z,2025-10-10,2025-10-10_34,0.0,0,0,100,64.34782608695643,64.34782608695643,0.0,0.0,0.0,True,True,True,False,0.0,1096.5988263693994,0.0,0.0,0.0,0.0,1096.5988263693994
2025-10-10T06:30:00Z,2025-10-10T06:45:00Z,2025-10-10,2025-10-10_35,0.0,0,0,100,64.34782608695643,64.34782608695643,0.0,0.0,0.0,True,True,True,False,0.0,1096.5988263693994,0.0,0.0,0.0,0.0,1096.5988263693994
2025-10-10T06:45:00Z,2025-10-10T07:00:00Z,2025-10-10,2025-10-10_36,0.0,0,0,100,64.34782608695643,64.34782608695643,0.0,0.0,0.0,True,True,True,False,0.0,1096.5988263693994,0.0,0.0,0.0,0.0,1096.5988263693994
2025-10-10T07:00:00Z,2025-10-10T07:15:00Z,2025-10-10,2025-10-10_37,0.0,0,0,100,64.34782608695643,64.34782608695643,0.0,0.0,0.0,True,True,True,False,0.0,1096.5988263693994,0.0,0.0,0.0,0.0,1096.5988263693994
2025-10-10T07:15:00Z,2025-10-10T07:30:00Z,2025-10-10,2025-10-10_38,0.0,0,0,100,64.34782608695643,64.34782608695643,0.0,0.0,0.0,True,True,True,False,0.0,1096.5988263693994,0.0,0.0,0.0,0.0,1096.5988263693994
2025-10-10T07:30:00Z,2025-10-10T07:45:00Z,2025-10-10,2025-10-10_39,0.0,0,0,100,64.34782608695643,64.34782608695643,0.0,0.0,0.0,True,True,True,False,0.0,1096.5988263693994,0.0,0.0,0.0,0.0,1096.5988263693994
2025-10-10T07:45:00Z,2025-10-10T08:00:00Z,2025-10-10,2025-10-10_40,0.0,0,0,100,64.34782608695643,64.34782608695643,0.0,0.0,0.0,True,True,True,False,0.0,1096.5988263693994,0.0,0.0,0.0,0.0,1096.5988263693994
2025-10-10T08:00:00Z,2025-10-10T08:15:00Z,2025-10-10,2025-10-10_41,0.0,0,0,100,64.34782608695643,64.34782608695643,0.0,0.0,0.0,True,True,True,False,0.0,1096.5988263693994,0.0,0.0,0.0,0.0,1096.5988263693994
2025-10-10T08:15:00Z,2025-10-10T08:30:00Z,2025-10-10,2025-10-10_42,0.0,0,0,100,64.34782608695643,64.34782608695643,0.0,0.0,0.0,True,True,True,False,0.0,1096.5988263693994,0.0,0.0,0.0,0.0,1096.5988263693994
2025-10-10T08:30:00Z,2025-10-10T08:45:00Z,2025-10-10,2025-10-10_43,0.0,0,0,100,64.34782608695643,64.34782608695643,0.0,0.0,0.0,True,True,True,False,0.0,1096.5988263693994,0.0,0.0,0.0,0.0,1096.5988263693994
2025-10-10T08:45:00Z,2025-10-10T09:00:00Z,2025-10-10,2025-10-10_44,0.0,0,0,100,64.34782608695643,64.34782608695643,0.0,0.0,0.0,True,True,True,False,0.0,1096.5988263693994,0.0,0.0,0.0,0.0,1096.5988263693994
2025-10-10T09:00:00Z,2025-10-10T09:15:00Z,2025-10-10,2025-10-10_45,0.0,0,0,100,64.34782608695643,64.34782608695643,0.0,0.0,0.0,True,True,True,False,0.0,1096.5988263693994,0.0,0.0,0.0,0.0,1096.5988263693994
2025-10-10T09:15:00Z,2025-10-10T09:30:00Z,2025-10-10,2025-10-10_46,0.0,0,0,100,64.34782608695643,64.34782608695643,0.0,0.0,0.0,True,True,True,False,0.0,1096.5988263693994,0.0,0.0,0.0,0.0,1096.5988263693994
2025-10-10T09:30:00Z,2025-10-10T09:45:00Z,2025-10-10,2025-10-10_47,0.0,0,0,100,64.34782608695643,64.34782608695643,0.0,0.0,0.0,True,True,True,False,0.0,1096.5988263693994,0.0,0.0,0.0,0.0,1096.5988263693994
2025-10-10T09:45:00Z,2025-10-10T10:00:00Z,2025-10-10,2025-10-10_48,0.0,0,0,100,64.34782608695643,64.34782608695643,0.0,0.0,0.0,True,True,True,False,0.0,1096.5988263693994,0.0,0.0,0.0,0.0,1096.5988263693994
2025-10-10T10:00:00Z,2025-10-10T10:15:00Z,2025-10-10,2025-10-10_49,0.0,0,0,100,64.34782608695643,64.34782608695643,0.0,0.0,0.0,True,True,True,False,0.0,1096.5988263693994,0.0,0.0,0.0,0.0,1096.5988263693994
2025-10-10T10:15:00Z,2025-10-10T10:30:00Z,2025-10-10,2025-10-10_50,0.0,0,0,100,64.34782608695643,64.34782608695643,0.0,0.0,0.0,True,True,True,False,0.0,1096.5988263693994,0.0,0.0,0.0,0.0,1096.5988263693994
2025-10-10T10:30:00Z,2025-10-10T10:45:00Z,2025-10-10,2025-10-10_51,0.0,0,0,100,64.34782608695643,64.34782608695643,0.0,0.0,0.0,True,True,True,False,0.0,1096.5988263693994,0.0,0.0,0.0,0.0,1096.5988263693994
2025-10-10T10:45:00Z,2025-10-10T11:00:00Z,2025-10-10,2025-10-10_52,0.0,0,0,100,64.34782608695643,64.34782608695643,0.0,0.0,0.0,True,True,True,False,0.0,1096.5988263693994,0.0,0.0,0.0,0.0,1096.5988263693994
2025-10-10T11:00:00Z,2025-10-10T11:15:00Z,2025-10-10,2025-10-10_53,-34.0,34,0,66,64.34782608695643,69.85779808695644,0.01530547777777778,2.5109,0.0,True,True,True,False,-665.7199999999999,723.7552254038036,36.023197848998095,0.0,377.8260673169391,0.0,471.8844905697409
2025-10-10T11:15:00Z,2025-10-10T11:30:00Z,2025-10-10,2025-10-10_54,-34.0,34,0,66,69.85779808695644,74.15770328695643,0.011944181111111112,3.8261900000000004,0.0,True,True,True,False,-709.1550000000001,723.7552254038036,36.023197848998095,0.0,598.3410835377701,0.0,648.9645067905717
2025-10-10T11:30:00Z,2025-10-10T11:45:00Z,2025-10-10,2025-10-10_55,-34.0,34,0,66,74.15770328695643,80.30484888695644,0.017075404444444445,1.81832,0.0,True,True,True,False,-701.335,723.7552254038036,36.023197848998095,0.0,247.8825551861519,0.0,306.32597843895354
2025-10-10T11:45:00Z,2025-10-10T12:00:00Z,2025-10-10,2025-10-10_56,-34.0,34,0,66,80.30484888695644,87.11278448695643,0.018910932222222225,1.10007,0.0,True,True,True,False,-632.91,723.7552254038036,36.023197848998095,0.0,138.9102581359292,0.0,265.77868138873094
2025-10-10T12:00:00Z,2025-10-10T12:15:00Z,2025-10-10,2025-10-10_57,-100.0,100,0,0,87.11278448695643,98.41314448695643,0.03138988888888889,12.717,0.0,True,True,True,False,-1616.5,0.0,107.2753321688615,0.0,2733.0955203815283,0.0,1223.8708525503898
2025-10-10T12:15:00Z,2025-10-10T12:30:00Z,2025-10-10,2025-10-10_58,-100.0,100,0,0,98.41314448695643,106.53766448695643,0.02256811111111111,16.169,0.0,True,True,True,False,-2098.5,0.0,107.2753321688615,0.0,5236.277005083117,0.0,3245.0523372519783
2025-10-10T12:30:00Z,2025-10-10T12:45:00Z,2025-10-10,2025-10-10_59,-100.0,100,0,0,106.53766448695643,125.67504448695644,0.05315938888888889,4.1985,0.0,True,True,True,False,-2215.5,0.0,107.2753321688615,0.0,622.0698259180028,0.0,-1486.1548419131357
2025-10-10T12:45:00Z,2025-10-10T13:00:00Z,2025-10-10,2025-10-10_60,-99.92256469741159,100,0,0,125.67504448695644,143.99999999999991,0.0509263220038678,5.0615,0.0,True,True,True,False,-2509.555212375492,0.0,107.2753321688615,0.0,768.9669446352519,0.0,-1633.3129355713786
2025-10-10T13:00:00Z,2025-10-10T13:15:00Z,2025-10-10,2025-10-10_61,0.0,0,0,100,143.99999999999991,143.99999999999991,0.0,0.0,0.0,True,True,True,False,0.0,1096.5988263693994,0.0,0.0,0.0,0.0,1096.5988263693994
2025-10-10T13:15:00Z,2025-10-10T13:30:00Z,2025-10-10,2025-10-10_62,0.0,0,0,100,143.99999999999991,143.99999999999991,0.0,0.0,0.0,True,True,True,False,0.0,1096.5988263693994,0.0,0.0,0.0,0.0,1096.5988263693994
2025-10-10T13:30:00Z,2025-10-10T13:45:00Z,2025-10-10,2025-10-10_63,0.0,0,0,100,143.99999999999991,143.99999999999991,0.0,0.0,0.0,True,True,True,False,0.0,1096.5988263693994,0.0,0.0,0.0,0.0,1096.5988263693994
2025-10-10T13:45:00Z,2025-10-10T14:00:00Z,2025-10-10,2025-10-10_64,0.0,0,0,100,143.99999999999991,143.99999999999991,0.0,0.0,0.0,True,True,True,False,0.0,1096.5988263693994,0.0,0.0,0.0,0.0,1096.5988263693994
2025-10-10T14:00:00Z,2025-10-10T14:15:00Z,2025-10-10,2025-10-10_65,0.0,0,0,100,143.99999999999991,143.99999999999991,0.0,0.0,0.0,True,True,True,False,0.0,1096.5988263693994,0.0,0.0,0.0,0.0,1096.5988263693994
2025-10-10T14:15:00Z,2025-10-10T14:30:00Z,2025-10-10,2025-10-10_66,0.0,0,0,100,143.99999999999991,143.99999999999991,0.0,0.0,0.0,True,True,True,False,0.0,1096.5988263693994,0.0,0.0,0.0,0.0,1096.5988263693994
2025-10-10T14:30:00Z,2025-10-10T14:45:00Z,2025-10-10,2025-10-10_67,0.0,0,0,100,143.99999999999991,143.99999999999991,0.0,0.0,0.0,True,True,True,False,0.0,1096.5988263693994,0.0,0.0,0.0,0.0,1096.5988263693994
2025-10-10T14:45:00Z,2025-10-10T15:00:00Z,2025-10-10,2025-10-10_68,0.0,0,0,100,143.99999999999991,143.99999999999991,0.0,0.0,0.0,True,True,True,False,0.0,1096.5988263693994,0.0,0.0,0.0,0.0,1096.5988263693994
2025-10-10T15:00:00Z,2025-10-10T15:15:00Z,2025-10-10,2025-10-10_69,0.0,0,0,100,143.99999999999991,143.99999999999991,0.0,0.0,0.0,True,True,True,False,0.0,1096.5988263693994,0.0,0.0,0.0,0.0,1096.5988263693994
2025-10-10T15:15:00Z,2025-10-10T15:30:00Z,2025-10-10,2025-10-10_70,0.0,0,0,100,143.99999999999991,143.99999999999991,0.0,0.0,0.0,True,True,True,False,0.0,1096.5988263693994,0.0,0.0,0.0,0.0,1096.5988263693994
2025-10-10T15:30:00Z,2025-10-10T15:45:00Z,2025-10-10,2025-10-10_71,0.0,0,0,100,143.99999999999991,143.99999999999991,0.0,0.0,0.0,True,True,True,False,0.0,1096.5988263693994,0.0,0.0,0.0,0.0,1096.5988263693994
2025-10-10T15:45:00Z,2025-10-10T16:00:00Z,2025-10-10,2025-10-10_72,0.0,0,0,100,143.99999999999991,143.99999999999991,0.0,0.0,0.0,True,True,True,False,0.0,1096.5988263693994,0.0,0.0,0.0,0.0,1096.5988263693994
2025-10-10T16:00:00Z,2025-10-10T16:15:00Z,2025-10-10,2025-10-10_73,0.0,100,100,0,143.99999999999991,132.9358695652173,0.030733695652173914,10.179,0.0,True,True,True,False,0.0,0.0,172.1880949109964,48.750809569603355,3759.006232214001,0.0,3979.945136694601
2025-10-10T16:15:00Z,2025-10-10T16:30:00Z,2025-10-10,2025-10-10_74,0.0,100,100,0,132.9358695652173,107.68369565217382,0.07014492753623189,23.232,0.0,True,True,True,False,0.0,0.0,172.1880949109964,48.750809569603355,20864.07134417993,0.0,21085.010248660532
2025-10-10T16:30:00Z,2025-10-10T16:45:00Z,2025-10-10,2025-10-10_75,0.0,100,100,0,107.68369565217382,97.21032608695643,0.029092693236714977,9.6355,0.0,True,True,True,False,0.0,0.0,172.1880949109964,48.750809569603355,2350.1312220085174,0.0,2571.0701264891172
2025-10-10T16:45:00Z,2025-10-10T17:00:00Z,2025-10-10,2025-10-10_76,0.0,100,100,0,97.21032608695643,83.37173913043469,0.0384405193236715,12.7315,0.0,True,True,True,False,0.0,0.0,172.1880949109964,48.750809569603355,4327.877941141836,0.0,4548.816845622436
2025-10-10T17:00:00Z,2025-10-10T17:15:00Z,2025-10-10,2025-10-10_77,18.000000000000124,0,0,82,83.37173913043469,78.48043478260857,0.013586956521739224,0.0,0.0,True,False,True,False,1095.2550000000076,899.2110376229074,0.0,0.0,0.0,0.0,1994.4660376229149
2025-10-10T17:15:00Z,2025-10-10T17:30:00Z,2025-10-10,2025-10-10_78,18.000000000000025,0,0,82,78.48043478260857,73.58913043478248,0.013586956521739147,0.0,0.0,True,False,True,False,1109.6100000000015,899.2110376229074,0.0,0.0,0.0,0.0,2008.821037622909
2025-10-10T17:30:00Z,2025-10-10T17:45:00Z,2025-10-10,2025-10-10_79,18.000000000000046,0,0,82,73.58913043478248,68.69782608695638,0.013586956521739165,0.0,0.0,True,False,True,False,1122.8400000000029,899.2110376229074,0.0,0.0,0.0,0.0,2022.0510376229104
2025-10-10T17:45:00Z,2025-10-10T18:00:00Z,2025-10-10,2025-10-10_80,16.007999999999804,0,0,82,68.69782608695638,64.34782608695643,0.012083333333333184,0.0,0.0,True,False,True,False,918.2188799999888,899.2110376229074,0.0,0.0,0.0,0.0,1817.429917622896
2025-10-10T18:00:00Z,2025-10-10T18:15:00Z,2025-10-10,2025-10-10_81,0.0,0,0,100,64.34782608695643,64.34782608695643,0.0,0.0,0.0,True,True,True,False,0.0,1096.5988263693994,0.0,0.0,0.0,0.0,1096.5988263693994
2025-10-10T18:15:00Z,2025-10-10T18:30:00Z,2025-10-10,2025-10-10_82,0.0,0,0,100,64.34782608695643,64.34782608695643,0.0,0.0,0.0,True,True,True,False,0.0,1096.5988263693994,0.0,0.0,0.0,0.0,1096.5988263693994
2025-10-10T18:30:00Z,2025-10-10T18:45:00Z,2025-10-10,2025-10-10_83,0.0,0,0,100,64.34782608695643,64.34782608695643,0.0,0.0,0.0,True,True,True,False,0.0,1096.5988263693994,0.0,0.0,0.0,0.0,1096.5988263693994
2025-10-10T18:45:00Z,2025-10-10T19:00:00Z,2025-10-10,2025-10-10_84,0.0,0,0,100,64.34782608695643,64.34782608695643,0.0,0.0,0.0,True,True,True,False,0.0,1096.5988263693994,0.0,0.0,0.0,0.0,1096.5988263693994
2025-10-10T19:00:00Z,2025-10-10T19:15:00Z,2025-10-10,2025-10-10_85,0.0,0,0,100,64.34782608695643,64.34782608695643,0.0,0.0,0.0,True,True,True,False,0.0,1096.5988263693994,0.0,0.0,0.0,0.0,1096.5988263693994
2025-10-10T19:15:00Z,2025-10-10T19:30:00Z,2025-10-10,2025-10-10_86,0.0,0,0,100,64.34782608695643,64.34782608695643,0.0,0.0,0.0,True,True,True,False,0.0,1096.5988263693994,0.0,0.0,0.0,0.0,1096.5988263693994
2025-10-10T19:30:00Z,2025-10-10T19:45:00Z,2025-10-10,2025-10-10_87,0.0,0,0,100,64.34782608695643,64.34782608695643,0.0,0.0,0.0,True,True,True,False,0.0,1096.5988263693994,0.0,0.0,0.0,0.0,1096.5988263693994
2025-10-10T19:45:00Z,2025-10-10T20:00:00Z,2025-10-10,2025-10-10_88,0.0,0,0,100,64.34782608695643,64.34782608695643,0.0,0.0,0.0,True,True,True,False,0.0,1096.5988263693994,0.0,0.0,0.0,0.0,1096.5988263693994
2025-10-10T20:00:00Z,2025-10-10T20:15:00Z,2025-10-10,2025-10-10_89,0.0,0,0,100,64.34782608695643,64.34782608695643,0.0,0.0,0.0,True,True,True,False,0.0,1096.5988263693994,0.0,0.0,0.0,0.0,1096.5988263693994
2025-10-10T20:15:00Z,2025-10-10T20:30:00Z,2025-10-10,2025-10-10_90,0.0,0,0,100,64.34782608695643,64.34782608695643,0.0,0.0,0.0,True,True,True,False,0.0,1096.5988263693994,0.0,0.0,0.0,0.0,1096.5988263693994
2025-10-10T20:30:00Z,2025-10-10T20:45:00Z,2025-10-10,2025-10-10_91,0.0,0,0,100,64.34782608695643,64.34782608695643,0.0,0.0,0.0,True,True,True,False,0.0,1096.5988263693994,0.0,0.0,0.0,0.0,1096.5988263693994
2025-10-10T20:45:00Z,2025-10-10T21:00:00Z,2025-10-10,2025-10-10_92,0.0,0,0,100,64.34782608695643,64.34782608695643,0.0,0.0,0.0,True,True,True,False,0.0,1096.5988263693994,0.0,0.0,0.0,0.0,1096.5988263693994
2025-10-10T21:00:00Z,2025-10-10T21:15:00Z,2025-10-11,2025-10-10_93,0.0,0,0,100,64.34782608695643,64.34782608695643,0.0,0.0,0.0,True,True,True,False,0.0,1097.15867810788,0.0,0.0,0.0,0.0,1097.15867810788
2025-10-10T21:15:00Z,2025-10-10T21:30:00Z,2025-10-11,2025-10-10_94,0.0,0,0,100,64.34782608695643,64.34782608695643,0.0,0.0,0.0,True,True,True,False,0.0,1097.15867810788,0.0,0.0,0.0,0.0,1097.15867810788
2025-10-10T21:30:00Z,2025-10-10T21:45:00Z,2025-10-11,2025-10-10_95,0.0,0,0,100,64.34782608695643,64.34782608695643,0.0,0.0,0.0,True,True,True,False,0.0,1097.15867810788,0.0,0.0,0.0,0.0,1097.15867810788
2025-10-10T21:45:00Z,2025-10-10T22:00:00Z,2025-10-11,2025-10-10_96,-4.942905987896349e-13,0,0,100,64.34782608695643,64.34782608695654,3.1579677144893343e-16,0.0,0.0,True,True,True,False,-1.1883981721399797e-11,1097.15867810788,0.0,0.0,0.0,0.0,1097.1586781078681
2025-10-10T22:00:00Z,2025-10-10T22:15:00Z,2025-10-11,2025-10-11_1,0.0,0,0,100,64.34782608695654,64.34782608695654,0.0,0.0,0.0,True,True,True,False,0.0,1097.15867810788,0.0,0.0,0.0,0.0,1097.15867810788
2025-10-10T22:15:00Z,2025-10-10T22:30:00Z,2025-10-11,2025-10-11_2,0.0,0,0,100,64.34782608695654,64.34782608695654,0.0,0.0,0.0,True,True,True,False,0.0,1097.15867810788,0.0,0.0,0.0,0.0,1097.15867810788
2025-10-10T22:30:00Z,2025-10-10T22:45:00Z,2025-10-11,2025-10-11_3,0.0,0,0,100,64.34782608695654,64.34782608695654,0.0,0.0,0.0,True,True,True,False,0.0,1097.15867810788,0.0,0.0,0.0,0.0,1097.15867810788
2025-10-10T22:45:00Z,2025-10-10T23:00:00Z,2025-10-11,2025-10-11_4,0.0,0,0,100,64.34782608695654,64.34782608695654,0.0,0.0,0.0,True,True,True,False,0.0,1097.15867810788,0.0,0.0,0.0,0.0,1097.15867810788
2025-10-10T23:00:00Z,2025-10-10T23:15:00Z,2025-10-11,2025-10-11_5,0.0,0,0,100,64.34782608695654,64.34782608695654,0.0,0.0,0.0,True,True,True,False,0.0,1097.15867810788,0.0,0.0,0.0,0.0,1097.15867810788
2025-10-10T23:15:00Z,2025-10-10T23:30:00Z,2025-10-11,2025-10-11_6,0.0,0,0,100,64.34782608695654,64.34782608695654,0.0,0.0,0.0,True,True,True,False,0.0,1097.15867810788,0.0,0.0,0.0,0.0,1097.15867810788
2025-10-10T23:30:00Z,2025-10-10T23:45:00Z,2025-10-11,2025-10-11_7,0.0,0,0,100,64.34782608695654,64.34782608695654,0.0,0.0,0.0,True,True,True,False,0.0,1097.15867810788,0.0,0.0,0.0,0.0,1097.15867810788
2025-10-10T23:45:00Z,2025-10-11T00:00:00Z,2025-10-11,2025-10-11_8,0.0,0,0,100,64.34782608695654,64.34782608695654,0.0,0.0,0.0,True,True,True,False,0.0,1097.15867810788,0.0,0.0,0.0,0.0,1097.15867810788
2025-10-11T00:00:00Z,2025-10-11T00:15:00Z,2025-10-11,2025-10-11_9,0.0,0,0,100,64.34782608695654,64.34782608695654,0.0,0.0,0.0,True,True,True,False,0.0,1097.15867810788,0.0,0.0,0.0,0.0,1097.15867810788
2025-10-11T00:15:00Z,2025-10-11T00:30:00Z,2025-10-11,2025-10-11_10,0.0,0,0,100,64.34782608695654,64.34782608695654,0.0,0.0,0.0,True,True,True,False,0.0,1097.15867810788,0.0,0.0,0.0,0.0,1097.15867810788
2025-10-11T00:30:00Z,2025-10-11T00:45:00Z,2025-10-11,2025-10-11_11,0.0,0,0,100,64.34782608695654,64.34782608695654,0.0,0.0,0.0,True,True,True,False,0.0,1097.15867810788,0.0,0.0,0.0,0.0,1097.15867810788
2025-10-11T00:45:00Z,2025-10-11T01:00:00Z,2025-10-11,2025-10-11_12,0.0,0,0,100,64.34782608695654,64.34782608695654,0.0,0.0,0.0,True,True,True,False,0.0,1097.15867810788,0.0,0.0,0.0,0.0,1097.15867810788
2025-10-11T01:00:00Z,2025-10-11T01:15:00Z,2025-10-11,2025-10-11_13,0.0,0,0,100,64.34782608695654,64.34782608695654,0.0,0.0,0.0,True,True,True,False,0.0,1097.15867810788,0.0,0.0,0.0,0.0,1097.15867810788
2025-10-11T01:15:00Z,2025-10-11T01:30:00Z,2025-10-11,2025-10-11_14,0.0,0,0,100,64.34782608695654,64.34782608695654,0.0,0.0,0.0,True,True,True,False,0.0,1097.15867810788,0.0,0.0,0.0,0.0,1097.15867810788
2025-10-11T01:30:00Z,2025-10-11T01:45:00Z,2025-10-11,2025-10-11_15,0.0,0,0,100,64.34782608695654,64.34782608695654,0.0,0.0,0.0,True,True,True,False,0.0,1097.15867810788,0.0,0.0,0.0,0.0,1097.15867810788
2025-10-11T01:45:00Z,2025-10-11T02:00:00Z,2025-10-11,2025-10-11_16,0.0,0,0,100,64.34782608695654,64.34782608695654,0.0,0.0,0.0,True,True,True,False,0.0,1097.15867810788,0.0,0.0,0.0,0.0,1097.15867810788
2025-10-11T02:00:00Z,2025-10-11T02:15:00Z,2025-10-11,2025-10-11_17,0.0,0,0,100,64.34782608695654,64.34782608695654,0.0,0.0,0.0,True,True,True,False,0.0,1097.15867810788,0.0,0.0,0.0,0.0,1097.15867810788
2025-10-11T02:15:00Z,2025-10-11T02:30:00Z,2025-10-11,2025-10-11_18,0.0,0,0,100,64.34782608695654,64.34782608695654,0.0,0.0,0.0,True,True,True,False,0.0,1097.15867810788,0.0,0.0,0.0,0.0,1097.15867810788
2025-10-11T02:30:00Z,2025-10-11T02:45:00Z,2025-10-11,2025-10-11_19,0.0,0,0,100,64.34782608695654,64.34782608695654,0.0,0.0,0.0,True,True,True,False,0.0,1097.15867810788,0.0,0.0,0.0,0.0,1097.15867810788
2025-10-11T02:45:00Z,2025-10-11T03:00:00Z,2025-10-11,2025-10-11_20,0.0,0,0,100,64.34782608695654,64.34782608695654,0.0,0.0,0.0,True,True,True,False,0.0,1097.15867810788,0.0,0.0,0.0,0.0,1097.15867810788
2025-10-11T03:00:00Z,2025-10-11T03:15:00Z,2025-10-11,2025-10-11_21,0.0,0,0,100,64.34782608695654,64.34782608695654,0.0,0.0,0.0,True,True,True,False,0.0,1097.15867810788,0.0,0.0,0.0,0.0,1097.15867810788
2025-10-11T03:15:00Z,2025-10-11T03:30:00Z,2025-10-11,2025-10-11_22,0.0,0,0,100,64.34782608695654,64.34782608695654,0.0,0.0,0.0,True,True,True,False,0.0,1097.15867810788,0.0,0.0,0.0,0.0,1097.15867810788
2025-10-11T03:30:00Z,2025-10-11T03:45:00Z,2025-10-11,2025-10-11_23,0.0,0,0,100,64.34782608695654,64.34782608695654,0.0,0.0,0.0,True,True,True,False,0.0,1097.15867810788,0.0,0.0,0.0,0.0,1097.15867810788
2025-10-11T03:45:00Z,2025-10-11T04:00:00Z,2025-10-11,2025-10-11_24,0.0,0,0,100,64.34782608695654,64.34782608695654,0.0,0.0,0.0,True,True,True,False,0.0,1097.15867810788,0.0,0.0,0.0,0.0,1097.15867810788
2025-10-11T04:00:00Z,2025-10-11T04:15:00Z,2025-10-11,2025-10-11_25,-1.9999999999999987,3,1,97,64.34782608695654,64.51171843975158,0.0010661606073153896,0.30349714285714285,0.0,True,True,True,False,-43.934999999999974,1064.2439177646436,4.521471910774245,0.48245527912502206,60.093173258080895,0.0,1085.4060182126238
2025-10-11T04:15:00Z,2025-10-11T04:30:00Z,2025-10-11,2025-10-11_26,-1.3128222614772938,3,1,97,64.51171843975158,64.4997308720497,0.0010182472433814932,0.30963428571428575,0.0,True,True,True,False,-29.200449150908707,1064.2439177646436,4.521471910774245,0.48245527912502206,56.2991216088014,0.0,1096.3465174124356
2025-10-11T04:30:00Z,2025-10-11T04:45:00Z,2025-10-11,2025-10-11_27,0.0,3,1,97,64.4997308720497,64.49390132670808,2.3144292615596962e-05,0.006514285714285715,0.0013599999999999999,True,True,True,False,0.0,1064.2439177646436,4.521471910774245,0.48245527912502206,0.855745899592975,-0.10681956526007814,1069.9967712888758
2025-10-11T04:45:00Z,2025-10-11T05:00:00Z,2025-10-11,2025-10-11_28,0.0,3,1,97,64.49390132670808,64.23293859378883,0.0007248964803312629,0.2400857142857143,0.0,True,True,True,False,0.0,1064.2439177646436,4.521471910774245,0.48245527912502206,41.38896307599954,0.0,1110.6368080305424
2025-10-11T05:00:00Z,2025-10-11T05:15:00Z,2025-10-11,2025-10-11_29,0.0,3,3,97,64.23293859378883,63.93385163726709,0.0008307971014492752,0.27515999999999996,0.0,True,True,True,False,0.0,1064.2439177646436,4.7361910185167,1.4473658373750662,48.0906220433169,0.0,1118.5180966638522
2025-10-11T05:15:00Z,2025-10-11T05:30:00Z,2025-10-11,2025-10-11_30,0.0,3,3,97,63.93385163726709,63.43354107826088,0.001389751552795031,0.4602857142857143,0.0,True,True,True,False,0.0,1064.2439177646436,4.7361910185167,1.4473658373750662,85.22972658342894,0.0,1155.6572012039644
2025-10-11T05:30:00Z,2025-10-11T05:45:00Z,2025-10-11,2025-10-11_31,0.0,3,3,97,63.43354107826088,63.3388416099379,0.0002996788405797101,0.09318857142857143,0.007165714285714285,True,True,True,False,0.0,1064.2439177646436,4.7361910185167,1.4473658373750662,15.902917823551359,-0.5628224152778908,1085.767570028809
2025-10-11T05:45:00Z,2025-10-11T06:00:00Z,2025-10-11,2025-10-11_32,0.0,3,3,97,63.3388416099379,63.16554968447206,0.00048136645962732914,0.15942857142857142,0.0,True,True,True,False,0.0,1064.2439177646436,4.7361910185167,1.4473658373750662,25.120072484705,0.0,1095.5475471052403
2025-10-11T06:00:00Z,2025-10-11T06:15:00Z,2025-10-11,2025-10-11_33,0.0,3,3,97,63.16554968447206,63.14236827826088,6.728422360248447e-05,0.021805714285714286,0.0005657142857142857,True,True,True,False,0.0,1064.2439177646436,3.2693855911402596,1.4473658373750662,3.0495715536804786,-0.043652432473372256,1071.966588314366
2025-10-11T06:15:00Z,2025-10-11T06:30:00Z,2025-10-11,2025-10-11_34,0.0,3,3,97,63.14236827826088,63.12601983602486,5.189614906832297e-05,0.016114285714285713,0.0012685714285714286,True,True,True,False,0.0,1064.2439177646436,3.2693855911402596,1.4473658373750662,2.1708895365635406,-0.09786111773434805,1071.0336976119881
2025-10-11T06:30:00Z,2025-10-11T06:45:00Z,2025-10-11,2025-10-11_35,0.0,3,3,97,63.12601983602486,62.96925183602486,0.00044072380952380955,0.14509714285714287,0.0010285714285714286,True,True,True,False,0.0,1064.2439177646436,3.2693855911402596,1.4473658373750662,54.90240320458696,-0.07917214836923439,1123.7839002493765
2025-10-11T06:45:00Z,2025-10-11T07:00:00Z,2025-10-11,2025-10-11_36,0.0,3,3,97,62.96925183602486,62.869986911801256,0.0003625663768115942,0.10570285714285715,0.01698857142857143,True,True,True,False,0.0,1064.2439177646436,3.2693855911402596,1.4473658373750662,18.340723231291854,-1.1106803553545832,1086.1907120690962
2025-10-11T07:00:00Z,2025-10-11T07:15:00Z,2025-10-11,2025-10-11_37,0.0,3,3,97,62.869986911801256,62.858956243478275,6.542550724637682e-05,0.015908571428571428,0.0068057142857142865,True,True,True,False,0.0,1064.2439177646436,3.2578985606849016,1.4915467237418263,2.167144963238697,-0.4888068277001535,1070.6717011846088
2025-10-11T07:15:00Z,2025-10-11T07:30:00Z,2025-10-11,2025-10-11_38,1.1330855486971334e-14,3,3,97,62.858956243478275,62.860941773913055,2.8393209109739263e-05,0.0037885714285714285,0.006634285714285715,True,True,True,False,2.920528001766861e-13,1064.2439177646436,3.2578985606849016,1.4915467237418263,0.49768379950012487,-0.5106603569815619,1068.9803864915891
2025-10-11T07:30:00Z,2025-10-11T07:45:00Z,2025-10-11,2025-10-11_39,-3.764137816357664e-14,3,3,97,62.860941773913055,62.86395459378884,1.7478674948264106e-05,0.0015085714285714283,0.005057142857142857,True,True,True,False,-8.645283529719466e-13,1064.2439177646436,3.2578985606849016,1.4915467237418263,0.19817273464258364,-0.3624207927874353,1068.8291149909246
2025-10-11T07:45:00Z,2025-10-11T08:00:00Z,2025-10-11,2025-10-11_40,0.0,3,3,97,62.86395459378884,62.87831828074536,4.403991718426501e-05,0.0006857142857142857,0.016422857142857142,True,True,True,False,0.0,1064.2439177646436,3.2578985606849016,1.4915467237418263,0.09007851574662894,-1.089519050517688,1067.9939225142994
2025-10-11T08:00:00Z,2025-10-11T08:15:00Z,2025-10-11,2025-10-11_41,0.0,3,3,97,62.87831828074536,62.86475464347828,4.0480579710144924e-05,0.012942857142857141,0.0005485714285714286,True,True,True,False,0.0,1064.2439177646436,3.130657607948632,1.8449938146759084,1.700231984717621,-0.039316781162953146,1070.8804843908229
2025-10-11T08:15:00Z,2025-10-11T08:30:00Z,2025-10-11,2025-10-11_42,0.0,3,3,97,62.86475464347828,62.86863617391306,1.6993209109730848e-05,0.0010285714285714286,0.005434285714285714,True,True,True,False,0.0,1064.2439177646436,3.130657607948632,1.8449938146759084,0.13511777361994343,-0.3852914653748082,1068.9693954955133
2025-10-11T08:30:00Z,2025-10-11T08:45:00Z,2025-10-11,2025-10-11_43,0.0,3,3,97,62.86863617391306,62.86616149068325,2.0455072463768116e-05,0.004525714285714286,0.002657142857142857,True,True,True,False,0.0,1064.2439177646436,3.130657607948632,1.8449938146759084,0.594518203927751,-0.1710177985856506,1069.6430695926101
2025-10-11T08:45:00Z,2025-10-11T09:00:00Z,2025-10-11,2025-10-11_44,3.441069138569428e-14,3,3,97,62.86616149068325,62.717391304347835,0.00041325051759836964,0.13686857142857145,0.0,True,True,True,False,6.574162589236893e-13,1064.2439177646436,3.130657607948632,1.8449938146759084,20.19654645613189,0.0,1089.4161156434006
2025-10-11T09:00:00Z,2025-10-11T09:15:00Z,2025-10-11,2025-10-11_45,0.0,100,0,0,62.717391304347835,40.04720496894411,0.0629727398205659,20.85657142857143,0.0,True,True,True,False,0.0,0.0,104.35525359828776,0.0,4483.124676834349,0.0,4587.479930432637
2025-10-11T09:15:00Z,2025-10-11T09:30:00Z,2025-10-11,2025-10-11_46,0.0,100,0,0,40.04720496894411,14.722360248447213,0.07034679089026916,23.298857142857145,0.0,True,True,True,False,0.0,0.0,104.35525359828776,0.0,5695.901942219816,0.0,5800.257195818104
2025-10-11T09:30:00Z,2025-10-11T09:45:00Z,2025-10-11,2025-10-11_47,-100.0,100,0,0,14.722360248447213,35.153720248447215,0.05675377777777777,2.792,0.0,True,True,True,False,-377.25,0.0,104.35525359828776,0.0,370.8397918589353,0.0,97.94504545722307
2025-10-11T09:45:00Z,2025-10-11T10:00:00Z,2025-10-11,2025-10-11_48,-100.0,100,0,0,35.153720248447215,57.739457391304356,0.06273815873015873,0.4502857142857143,0.0,True,True,True,False,-511.25,0.0,104.35525359828776,0.0,48.62983149550197,0.0,-358.26491490621027
2025-10-11T10:00:00Z,2025-10-11T10:15:00Z,2025-10-11,2025-10-11_49,-90.00000000000131,90,0,10,57.739457391304356,78.18537967701894,0.05679422857142941,0.27617142857142857,0.0,True,True,True,False,-339.75000000000495,109.71586781078801,93.91972823845897,0.0,29.825885230680328,0.0,-106.28851872007763
2025-10-11T10:15:00Z,2025-10-11T10:30:00Z,2025-10-11,2025-10-11_50,-90.00000000000131,90,0,10,78.18537967701894,98.81109624844783,0.05729365714285798,0.08074285714285714,0.0,True,True,True,False,-339.5250000000049,109.71586781078801,93.91972823845897,0.0,8.720044657759425,0.0,-127.16935929299851
2025-10-11T10:30:00Z,2025-10-11T10:45:00Z,2025-10-11,2025-10-11_51,-90.00000000000131,90,0,10,98.81109624844783,119.47750310559098,0.057406685714286546,0.03651428571428571,0.0,True,True,True,False,-275.850000000004,109.71586781078801,93.91972823845897,0.0,3.9434596859931155,0.0,-68.2709442647639
2025-10-11T10:45:00Z,2025-10-11T11:00:00Z,2025-10-11,2025-10-11_52,-90.00000000000122,90,0,10,119.47750310559098,140.10747796273412,0.057305485714286494,0.07611428571428572,0.0,True,True,True,False,-192.82500000000263,109.71586781078801,93.91972823845897,0.0,8.22016948629551,0.0,19.030765535539864
2025-10-11T11:00:00Z,2025-10-11T11:15:00Z,2025-10-11,2025-10-11_53,-3.0,3,0,97,140.10747796273412,140.78967110559125,0.0018949809523809524,0.008485714285714286,0.0,True,True,True,False,-9.540000000000001,1064.2439177646436,3.130657607948632,0.0,0.916437814350513,0.0,1058.7510131869428
2025-10-11T11:15:00Z,2025-10-11T11:30:00Z,2025-10-11,2025-10-11_54,-3.0,3,0,97,140.78967110559125,141.47967110559125,0.001916666666666667,0.0,0.0,True,True,True,False,-9.584999999999999,1064.2439177646436,3.130657607948632,0.0,0.0,0.0,1057.7895753725923
2025-10-11T11:30:00Z,2025-10-11T11:45:00Z,2025-10-11,2025-10-11_55,-3.0,3,0,97,141.47967110559125,142.16967110559125,0.0019166666666666666,0.0,0.0,True,True,True,False,-11.325,1064.2439177646436,3.130657607948632,0.0,0.0,0.0,1056.0495753725922
2025-10-11T11:45:00Z,2025-10-11T12:00:00Z,2025-10-11,2025-10-11_56,-3.0,3,0,97,142.16967110559125,142.85967110559125,0.0019166666666666668,0.0,0.0,True,True,True,False,-17.535,1064.2439177646436,3.130657607948632,0.0,0.0,0.0,1049.8395753725922
2025-10-11T12:00:00Z,2025-10-11T12:15:00Z,2025-10-11,2025-10-11_57,-3.0,3,0,97,142.85967110559125,143.54675339130551,0.0019085619047619045,0.0031714285714285716,0.0,True,True,True,False,-3.84,1064.2439177646436,3.130657607948632,0.0,0.3425070619289796,0.0,1063.8770824345213
2025-10-11T12:15:00Z,2025-10-11T12:30:00Z,2025-10-11,2025-10-11_58,-3.0,3,0,97,143.54675339130551,144.2322427627341,0.001904137142857143,0.004902857142857143,0.0,True,True,True,False,-6.33,1064.2439177646436,3.130657607948632,0.0,0.529497403846963,0.0,1061.5740727764392
2025-10-11T12:30:00Z,2025-10-11T12:45:00Z,2025-10-11,2025-10-11_59,-3.0,3,0,97,144.2322427627341,144.82157373416268,0.0016370304761904764,0.10942285714285716,0.0,True,True,True,False,-11.1225,1064.2439177646436,3.130657607948632,0.0,13.915247611006231,0.0,1070.1673229835985
2025-10-11T12:45:00Z,2025-10-11T13:00:00Z,2025-10-11,2025-10-11_60,-2.4943604129775983,3,0,97,144.82157373416268,145.37847017142863,0.0015649756567594356,0.017725714285714286,0.0,True,True,True,False,-34.90857397962149,1064.2439177646436,3.130657607948632,0.0,1.8363884551837506,0.0,1034.3023898481545
2025-10-11T13:00:00Z,2025-10-11T13:15:00Z,2025-10-11,2025-10-11_61,0.0,3,3,97,145.37847017142863,145.36978881987582,3.261391304347826e-05,0.009394285714285714,0.001662857142857143,True,True,True,False,0.0,1064.2439177646436,3.2313900288648454,1.6179040587507605,0.9629110575641885,-0.11118420484222515,1069.944938704981
2025-10-11T13:15:00Z,2025-10-11T13:30:00Z,2025-10-11,2025-10-11_62,0.0,3,3,97,145.36978881987582,145.3512547677019,6.269871635610765e-05,0.018908571428571427,0.0021942857142857146,True,True,True,False,0.0,1064.2439177646436,3.2313900288648454,1.6179040587507605,1.938122073892883,-0.14716885177382755,1070.8841650743782
2025-10-11T13:30:00Z,2025-10-11T13:45:00Z,2025-10-11,2025-10-11_63,0.0,3,3,97,145.3512547677019,145.28197526459633,0.0001924430641821946,0.06373714285714285,0.0,True,True,True,False,0.0,1064.2439177646436,3.2313900288648454,1.6179040587507605,7.924646839593929,0.0,1077.017858691853
2025-10-11T13:45:00Z,2025-10-11T14:00:00Z,2025-10-11,2025-10-11_64,0.0,3,3,97,145.28197526459633,145.03031066832304,0.0006990683229813664,0.23153142857142858,0.0,True,True,True,False,0.0,1064.2439177646436,3.2313900288648454,1.6179040587507605,31.90207300870434,0.0,1100.9952848609635
2025-10-11T14:00:00Z,2025-10-11T14:15:00Z,2025-10-11,2025-10-11_65,0.0,2,3,97,145.03031066832304,145.0031694807454,0.00010728552104899929,0.030251428571428568,0.006239999999999999,True,True,True,False,0.0,1064.2439177646436,2.5330374850275885,1.579908496475347,4.5059522756662895,-0.2943743004692992,1072.5684417213436
2025-10-11T14:15:00Z,2025-10-11T14:30:00Z,2025-10-11,2025-10-11_66,0.8334393543700065,2,3,97,145.0031694807454,144.6856024844721,0.0008842819743146114,0.08432,0.0005828571428571429,True,True,True,False,17.393879325702038,1064.2439177646436,2.5330374850275885,1.579908496475347,12.295384876391699,-0.04463531834081838,1098.0014926298995
2025-10-11T14:30:00Z,2025-10-11T14:45:00Z,2025-10-11,2025-10-11_67,1.0,2,3,97,144.6856024844721,144.35595031055905,0.0009157004830917874,0.05328,0.0,True,True,True,False,24.85,1064.2439177646436,2.5330374850275885,1.579908496475347,7.9660227698470365,0.0,1101.1728865159935
2025-10-11T14:45:00Z,2025-10-11T15:00:00Z,2025-10-11,2025-10-11_68,1.0,2,3,97,144.35595031055905,144.00000000000003,0.000988750862663906,0.07747428571428572,0.0,True,True,True,False,28.975,1064.2439177646436,2.5330374850275885,1.579908496475347,11.726369875087311,0.0,1109.0582336212337
2025-10-11T15:00:00Z,2025-10-11T15:15:00Z,2025-10-11,2025-10-11_69,5.684341886080802e-14,0,0,100,144.00000000000003,144.0,4.2907170033822474e-17,0.0,0.0,True,False,True,False,1.2653345038415865e-12,1097.15867810788,0.0,0.0,0.0,0.0,1097.1586781078813
2025-10-11T15:15:00Z,2025-10-11T15:30:00Z,2025-10-11,2025-10-11_70,5.684341886080802e-14,0,0,100,144.0,143.99999999999997,4.2907170033822474e-17,0.0,0.0,True,False,True,False,1.4843237750028493e-12,1097.15867810788,0.0,0.0,0.0,0.0,1097.1586781078815
2025-10-11T15:30:00Z,2025-10-11T15:45:00Z,2025-10-11,2025-10-11_71,0.0,0,0,100,143.99999999999997,143.99999999999997,0.0,0.0,0.0,True,False,True,False,0.0,1097.15867810788,0.0,0.0,0.0,0.0,1097.15867810788
2025-10-11T15:45:00Z,2025-10-11T16:00:00Z,2025-10-11,2025-10-11_72,0.0,0,0,100,143.99999999999997,143.99999999999997,0.0,0.0,0.0,True,False,True,False,0.0,1097.15867810788,0.0,0.0,0.0,0.0,1097.15867810788
2025-10-11T16:00:00Z,2025-10-11T16:15:00Z,2025-10-11,2025-10-11_73,73.0,0,73,27,143.99999999999997,124.16757763975151,0.055090062111801244,0.0,0.004171428571428572,True,True,True,False,2658.6600000000003,296.2328430891276,0.0,35.28373947022208,0.0,-0.32108704616411726,2989.855495513186
2025-10-11T16:15:00Z,2025-10-11T16:30:00Z,2025-10-11,2025-10-11_74,72.99999999999989,0,73,27,124.16757763975151,104.34422360248446,0.05506487232574181,0.0,0.012514285714285714,True,True,True,False,2402.429999999996,296.2328430891276,0.0,35.28373947022208,0.0,-0.9632611384923517,2732.9833214208534
2025-10-11T16:30:00Z,2025-10-11T16:45:00Z,2025-10-11,2025-10-11_75,73.0,0,73,27,104.34422360248446,84.578,0.054906176673567966,0.0,0.06507428571428571,True,True,True,False,2797.5425,296.2328430891276,0.0,35.28373947022208,0.0,-5.008957920160229,3124.0501246391896
2025-10-11T16:45:00Z,2025-10-11T17:00:00Z,2025-10-11,2025-10-11_76,73.0,0,73,27,84.578,64.83036645962733,0.0548545376121463,0.0,0.08217714285714285,True,True,True,False,2797.7250000000004,296.2328430891276,0.0,35.28373947022208,0.0,-6.325414809433109,3122.916167749917
2025-10-11T17:00:00Z,2025-10-11T17:15:00Z,2025-10-11,2025-10-11_77,0.0,0,0,100,64.83036645962733,64.83036645962733,0.0,0.0,0.0,True,True,True,False,0.0,1097.15867810788,0.0,0.0,0.0,0.0,1097.15867810788
2025-10-11T17:15:00Z,2025-10-11T17:30:00Z,2025-10-11,2025-10-11_78,0.0,0,0,100,64.83036645962733,64.83036645962733,0.0,0.0,0.0,True,True,True,False,0.0,1097.15867810788,0.0,0.0,0.0,0.0,1097.15867810788
2025-10-11T17:30:00Z,2025-10-11T17:45:00Z,2025-10-11,2025-10-11_79,0.0,0,0,100,64.83036645962733,64.83036645962733,0.0,0.0,0.0,True,True,True,False,0.0,1097.15867810788,0.0,0.0,0.0,0.0,1097.15867810788
2025-10-11T17:45:00Z,2025-10-11T18:00:00Z,2025-10-11,2025-10-11_80,0.0,0,0,100,64.83036645962733,64.83036645962733,0.0,0.0,0.0,True,True,True,False,0.0,1097.15867810788,0.0,0.0,0.0,0.0,1097.15867810788
2025-10-11T18:00:00Z,2025-10-11T18:15:00Z,2025-10-11,2025-10-11_81,0.0,0,0,100,64.83036645962733,64.83036645962733,0.0,0.0,0.0,True,True,True,False,0.0,1097.15867810788,0.0,0.0,0.0,0.0,1097.15867810788
2025-10-11T18:15:00Z,2025-10-11T18:30:00Z,2025-10-11,2025-10-11_82,0.0,0,0,100,64.83036645962733,64.83036645962733,0.0,0.0,0.0,True,True,True,False,0.0,1097.15867810788,0.0,0.0,0.0,0.0,1097.15867810788
2025-10-11T18:30:00Z,2025-10-11T18:45:00Z,2025-10-11,2025-10-11_83,0.0,0,0,100,64.83036645962733,64.83036645962733,0.0,0.0,0.0,True,True,True,False,0.0,1097.15867810788,0.0,0.0,0.0,0.0,1097.15867810788
2025-10-11T18:45:00Z,2025-10-11T19:00:00Z,2025-10-11,2025-10-11_84,0.0,0,0,100,64.83036645962733,64.83036645962733,0.0,0.0,0.0,True,True,True,False,0.0,1097.15867810788,0.0,0.0,0.0,0.0,1097.15867810788
2025-10-11T19:00:00Z,2025-10-11T19:15:00Z,2025-10-11,2025-10-11_85,0.0,100,100,0,64.83036645962733,59.39372049689441,0.015101794340924775,5.001714285714286,0.0,True,True,True,False,0.0,0.0,112.89689162919473,48.24552791250221,2876.567628734688,0.0,3037.710048276385
2025-10-11T19:15:00Z,2025-10-11T19:30:00Z,2025-10-11,2025-10-11_86,0.0,100,100,0,59.39372049689441,54.47748596273291,0.01384896894409938,4.554857142857143,0.037714285714285714,True,True,True,False,0.0,0.0,112.89689162919473,48.24552791250221,905.2822172914172,-2.9029787735385946,1063.5216580595754
2025-10-11T19:30:00Z,2025-10-11T19:45:00Z,2025-10-11,2025-10-11_87,0.0,100,100,0,54.47748596273291,52.4702253416149,0.005607850931677019,1.852,0.006285714285714285,True,True,True,False,0.0,0.0,112.89689162919473,48.24552791250221,290.7040328313076,-0.4838297955897657,451.36262257741475
2025-10-11T19:45:00Z,2025-10-11T20:00:00Z,2025-10-11,2025-10-11_88,0.0,100,100,0,52.4702253416149,44.27519428571428,0.022763975155279503,7.539428571428572,0.0,True,True,True,False,0.0,0.0,112.89689162919473,48.24552791250221,1778.9924742698934,0.0,1940.1348938115902
2025-10-11T20:00:00Z,2025-10-11T20:15:00Z,2025-10-11,2025-10-11_89,0.0,100,100,0,44.27519428571428,38.32550484472049,0.016526915113871637,5.473714285714286,0.0,True,True,True,False,0.0,0.0,112.89689162919473,48.24552791250221,1037.6561670065557,0.0,1198.7985865482526
2025-10-11T20:15:00Z,2025-10-11T20:30:00Z,2025-10-11,2025-10-11_90,0.0,100,100,0,38.32550484472049,35.40997689440993,0.008098688750862663,2.682285714285714,0.0,True,True,True,False,0.0,0.0,112.89689162919473,48.24552791250221,426.9536067592548,0.0,588.0960263009517
2025-10-11T20:30:00Z,2025-10-11T20:45:00Z,2025-10-11,2025-10-11_91,0.0,100,100,0,35.40997689440993,29.198273043478252,0.01728978053830228,5.720571428571429,0.006857142857142857,True,True,True,False,0.0,0.0,112.89689162919473,48.24552791250221,3166.7806024870333,-0.5278143224615626,3327.3952077062686
2025-10-11T20:45:00Z,2025-10-11T21:00:00Z,2025-10-11,2025-10-11_92,0.0,100,100,0,29.198273043478252,20.505277267080736,0.030169559696342302,8.994857142857143,1.1782857142857142,True,True,True,False,0.0,0.0,112.89689162919473,48.24552791250221,9550.188499168278,-74.42470606386172,9636.906212646114
2025-10-11T21:00:00Z,2025-10-11T21:15:00Z,2025-10-12,2025-10-11_93,0.0,81,0,19,20.505277267080736,20.49923999999999,1.6770186335403725e-05,0.005554285714285714,0.0,True,True,True,False,0.0,208.46014884049723,106.50067744025763,0.0,0.7296359775476944,0.0,315.69046225830255
2025-10-11T21:15:00Z,2025-10-11T21:30:00Z,2025-10-12,2025-10-11_94,-53.36716369011783,81,0,19,20.49923999999999,32.34772341863342,0.03381066414782265,0.43601142857142855,0.0,True,True,True,False,-1275.7420480122667,208.46014884049723,106.50067744025763,0.0,57.556385234888026,0.0,-903.2248364966238
2025-10-11T21:30:00Z,2025-10-11T21:45:00Z,2025-10-12,2025-10-11_95,-81.0,81,0,19,32.34772341863342,44.930957704347705,0.03495342857142857,6.572571428571428,0.0,True,True,True,False,-1886.8950000000002,208.46014884049723,106.50067744025763,0.0,1150.7065553214825,0.0,-421.22761839776285
2025-10-11T21:45:00Z,2025-10-11T22:00:00Z,2025-10-12,2025-10-11_96,-81.0,81,0,19,44.930957704347705,62.7173913043477,0.04940676,0.9169200000000001,0.0,True,True,True,False,-1763.7749999999999,208.46014884049723,106.50067744025763,0.0,123.43158001060344,0.0,-1325.3825937086415
2025-10-11T22:00:00Z,2025-10-11T22:15:00Z,2025-10-12,2025-10-12_1,0.0,3,3,97,62.7173913043477,62.73738947577627,5.555047619047619e-05,0.0,0.021737142857142858,True,True,True,False,0.0,1064.2439177646436,3.2181357629548177,1.579908496475347,0.0,-1.5658280665041557,1067.4761339575696
2025-10-11T22:15:00Z,2025-10-11T22:30:00Z,2025-10-12,2025-10-12_2,0.0,3,3,97,62.73738947577627,62.903399532919124,0.0004611390476190476,0.0,0.18044571428571426,True,True,True,False,0.0,1064.2439177646436,3.2181357629548177,1.579908496475347,0.0,-11.331049777131973,1057.7109122469417
2025-10-11T22:30:00Z,2025-10-11T22:45:00Z,2025-10-12,2025-10-12_3,0.0,3,3,97,62.903399532919124,62.94725987577627,0.00012183428571428574,0.0,0.047674285714285725,True,True,True,False,0.0,1064.2439177646436,3.2181357629548177,1.579908496475347,0.0,-3.262478114051206,1065.7794839100225
2025-10-11T22:45:00Z,2025-10-11T23:00:00Z,2025-10-12,2025-10-12_4,0.0,3,3,97,62.94725987577627,63.236555190061985,0.0008035980952380953,0.0,0.3144514285714286,True,True,True,False,0.0,1064.2439177646436,3.2181357629548177,1.579908496475347,0.0,-12.879375298536562,1056.1625867255373
2025-10-11T23:00:00Z,2025-10-11T23:15:00Z,2025-10-12,2025-10-12_5,2.0,1,3,97,63.236555190061985,62.86502777639739,0.0013160815458937197,0.0,0.16673142857142859,True,True,True,False,51.96,1064.2439177646436,1.1289689162919472,1.4915467237418263,0.0,-10.063078367074441,1108.761355037603
2025-10-11T23:15:00Z,2025-10-11T23:30:00Z,2025-10-12,2025-10-12_6,1.72783513653653,1,3,97,62.86502777639739,62.71739130434779,0.0010966567829730507,0.0,0.3167657142857143,True,True,True,False,42.30604331809694,1064.2439177646436,1.1289689162919472,1.4915467237418263,0.0,-13.370129272993,1095.8003474497814
2025-10-11T23:30:00Z,2025-10-11T23:45:00Z,2025-10-12,2025-10-12_7,0.6263280736029234,1,3,97,62.71739130434779,62.8703823801242,0.0009438030826401805,0.0,0.33846857142857145,True,True,True,False,13.671176026567812,1064.2439177646436,1.1289689162919472,1.4915467237418263,0.0,-3.043272897620965,1077.4923365336242
2025-10-11T23:45:00Z,2025-10-12T00:00:00Z,2025-10-12,2025-10-12_8,2.0,1,3,97,62.8703823801242,62.7173913043478,0.001070055845410628,0.0,0.3786342857142857,True,True,True,False,43.345,1064.2439177646436,1.1289689162919472,1.4915467237418263,0.0,3.464711518167461,1113.6741449228448
2025-10-12T00:00:00Z,2025-10-12T00:15:00Z,2025-10-12,2025-10-12_9,0.0,3,3,97,62.7173913043478,62.737829227329165,7.62337060041408e-05,0.0032228571428571428,0.026022857142857143,True,True,True,False,0.0,1064.2439177646436,3.2340408820468514,1.4915467237418263,0.423369024009156,-1.934828835672349,1067.458045558769
2025-10-12T00:15:00Z,2025-10-12T00:30:00Z,2025-10-12,2025-10-12_10,0.0,3,3,97,62.737829227329165,62.745213296894384,2.382393374741201e-05,0.0005485714285714286,0.008674285714285714,True,True,True,False,0.0,1064.2439177646436,3.2340408820468514,1.4915467237418263,0.07206281259730317,-0.6087039947936683,1068.432864188236
2025-10-12T00:30:00Z,2025-10-12T00:45:00Z,2025-10-12,2025-10-12_11,0.0,3,3,97,62.745213296894384,62.90190676273289,0.00043567370600414076,6.857142857142858e-05,0.1704,True,True,True,False,0.0,1064.2439177646436,3.2340408820468514,1.4915467237418263,0.009007851574662896,0.37320902468238853,1069.3517222466894
2025-10-12T00:45:00Z,2025-10-12T01:00:00Z,2025-10-12,2025-10-12_12,0.0,3,3,97,62.90190676273289,62.97779887701861,0.0002108114285714286,0.0,0.08249142857142858,True,True,True,False,0.0,1064.2439177646436,3.2340408820468514,1.4915467237418263,0.0,-5.467415973003376,1063.5020893974288
2025-10-12T01:00:00Z,2025-10-12T01:15:00Z,2025-10-12,2025-10-12_13,0.0,3,3,97,62.97779887701861,63.0479173664596,0.00019767213250517602,0.00048000000000000007,0.07678285714285715,True,True,True,False,0.0,1064.2439177646436,3.3869067488758415,1.5357276101085866,0.06305496102264027,-4.879036670416199,1064.3505704142344
2025-10-12T01:15:00Z,2025-10-12T01:30:00Z,2025-10-12,2025-10-12_14,0.0,3,3,97,63.0479173664596,63.23424102360246,0.0005175657142857143,0.0,0.2025257142857143,True,True,True,False,0.0,1064.2439177646436,3.3869067488758415,1.5357276101085866,0.0,-10.25330421752144,1058.9132479061066
2025-10-12T01:30:00Z,2025-10-12T01:45:00Z,2025-10-12,2025-10-12_15,0.0,3,3,97,63.23424102360246,63.31489610931674,0.00022404190476190477,0.0,0.08766857142857143,True,True,True,False,0.0,1064.2439177646436,3.3869067488758415,1.5357276101085866,0.0,-5.307437101285032,1063.859115022343
2025-10-12T01:45:00Z,2025-10-12T02:00:00Z,2025-10-12,2025-10-12_16,0.0,3,3,97,63.31489610931674,63.318697023602454,1.0558095238095238e-05,0.0,0.0041314285714285715,True,True,True,False,0.0,1064.2439177646436,3.3869067488758415,1.5357276101085866,0.0,-0.32855431724401035,1068.837997806384
2025-10-12T02:00:00Z,2025-10-12T02:15:00Z,2025-10-12,2025-10-12_17,0.0,2,3,97,63.318697023602454,63.35223335155276,9.426067632850241e-05,0.00018285714285714286,0.036668571428571425,True,True,True,False,0.0,1064.2439177646436,2.1418893710605373,1.4915467237418263,0.024020937532434384,-2.3915897937944783,1065.5097850031839
2025-10-12T02:15:00Z,2025-10-12T02:30:00Z,2025-10-12,2025-10-12_18,1.0,2,3,97,63.35223335155276,63.40916635031052,0.0009897207177363698,0.0,0.3368742857142857,True,True,True,False,21.2575,1064.2439177646436,2.1418893710605373,1.4915467237418263,0.0,-13.238755261452669,1075.8960985979934
2025-10-12T02:30:00Z,2025-10-12T02:45:00Z,2025-10-12,2025-10-12_19,1.0,2,3,97,63.40916635031052,63.24622637515524,0.0008325856452726017,0.0,0.1115142857142857,True,True,True,False,23.7175,1064.2439177646436,2.1418893710605373,1.4915467237418263,0.0,-5.927115557562786,1085.6677383018832
2025-10-12T02:45:00Z,2025-10-12T03:00:00Z,2025-10-12,2025-10-12_20,1.0,2,3,97,63.24622637515524,62.989623791304304,0.0007656484472049689,0.0,0.015514285714285715,True,True,True,False,23.7825,1064.2439177646436,2.1418893710605373,1.4915467237418263,0.0,-1.2277418433668361,1090.4321120160791
2025-10-12T03:00:00Z,2025-10-12T03:15:00Z,2025-10-12,2025-10-12_21,0.0,3,3,97,62.989623791304304,62.99088470062107,1.551080745341615e-05,0.0019885714285714285,0.00372,True,True,True,False,0.0,1064.2439177646436,4.257270210301019,1.5357276101085866,0.2612276956652239,-0.29583521511182675,1070.0023080656065
2025-10-12T03:15:00Z,2025-10-12T03:30:00Z,2025-10-12,2025-10-12_22,0.0,3,3,97,62.99088470062107,63.087067518012375,0.00026800265010351967,0.00013714285714285716,0.10470857142857141,True,True,True,False,0.0,1064.2439177646436,4.257270210301019,1.5357276101085866,0.018015703149325792,-4.372667938702175,1065.6822633495003
2025-10-12T03:30:00Z,2025-10-12T03:45:00Z,2025-10-12,2025-10-12_23,0.0,3,3,97,63.087067518012375,63.099779289440946,3.5310476190476196e-05,0.0,0.013817142857142858,True,True,True,False,0.0,1064.2439177646436,4.257270210301019,1.5357276101085866,0.0,-1.0545925400222729,1068.9823230450309
2025-10-12T03:45:00Z,2025-10-12T04:00:00Z,2025-10-12,2025-10-12_24,0.0,3,3,97,63.099779289440946,63.088861972670756,3.99639751552795e-05,0.011640000000000001,0.0018857142857142857,True,True,True,False,0.0,1064.2439177646436,4.257270210301019,1.5357276101085866,1.5290828047990264,-0.15551672001099615,1071.4104816698411
2025-10-12T04:00:00Z,2025-10-12T04:15:00Z,2025-10-12,2025-10-12_25,0.0,3,3,97,63.088861972670756,63.09521785838504,1.7655238095238098e-05,0.0,0.006908571428571429,True,True,True,False,0.0,1064.2439177646436,4.521471910774245,1.4473658373750662,0.0,-0.5212907629688435,1069.691464749824
2025-10-12T04:15:00Z,2025-10-12T04:30:00Z,2025-10-12,2025-10-12_26,0.0,3,3,97,63.09521785838504,63.10153507577635,1.8375983436853e-05,0.00013714285714285716,0.007028571428571427,True,True,True,False,0.0,1064.2439177646436,4.521471910774245,1.4473658373750662,0.018015703149325792,-0.515931397602731,1069.7148398183394
2025-10-12T04:30:00Z,2025-10-12T04:45:00Z,2025-10-12,2025-10-12_27,0.0,3,3,97,63.10153507577635,63.09589513540368,2.1186501035196686e-05,0.0061028571428571425,0.00108,True,True,True,False,0.0,1064.2439177646436,4.521471910774245,1.4473658373750662,0.8016987901449976,-0.08471957115086301,1070.929734731787
2025-10-12T04:45:00Z,2025-10-12T05:00:00Z,2025-10-12,2025-10-12_28,0.0,3,3,97,63.09589513540368,63.132326807453374,0.00012231710144927537,0.0034971428571428567,0.043731428571428574,True,True,True,False,0.0,1064.2439177646436,4.521471910774245,1.4473658373750662,0.45940043030780753,-2.7342640563944474,1067.9378918867062
2025-10-12T05:00:00Z,2025-10-12T05:15:00Z,2025-10-12,2025-10-12_29,3.0,4,7,93,63.132326807453374,62.62417214409934,0.0023177553347135953,0.0005485714285714285,0.31027999999999994,True,True,True,False,74.8275,1020.3575706403284,6.248944567714572,3.377186953875155,0.07206281259730316,-15.290339097139041,1089.5929258773763
2025-10-12T05:15:00Z,2025-10-12T05:30:00Z,2025-10-12,2025-10-12_30,2.496835086842091,4,7,93,62.62417214409934,62.48146002484468,0.0021948408030318272,0.0,0.5469599999999999,True,True,True,False,53.8504907354668,1020.3575706403284,6.248944567714572,3.377186953875155,0.0,-24.034041243348316,1059.8001516540367
2025-10-12T05:30:00Z,2025-10-12T05:45:00Z,2025-10-12,2025-10-12_31,3.0,4,7,93,62.48146002484468,62.439415840993746,0.002394183685300207,0.0,0.77976,True,True,True,False,65.61,1020.3575706403284,6.248944567714572,3.377186953875155,0.0,-30.934241482906906,1064.6594606790113
2025-10-12T05:45:00Z,2025-10-12T06:00:00Z,2025-10-12,2025-10-12_32,3.0,4,7,93,62.439415840993746,62.268390469565176,0.0023725485714285715,0.0,0.64968,True,True,True,False,64.77,1020.3575706403284,6.248944567714572,3.377186953875155,0.0,-23.45313290003338,1071.3005692618847
2025-10-12T06:00:00Z,2025-10-12T06:15:00Z,2025-10-12,2025-10-12_33,0.0,7,7,93,62.268390469565176,62.24260146086952,7.715613526570047e-05,0.024640000000000002,0.00108,True,True,True,False,0.0,1020.3575706403284,7.651245900995543,3.377186953875155,3.2368213324955337,-0.084623080095038,1034.5382017475995
2025-10-12T06:15:00Z,2025-10-12T06:30:00Z,2025-10-12,2025-10-12_34,0.0,7,7,93,62.24260146086952,62.19784229565213,0.00012494434782608693,0.04128,0.00011999999999999999,True,True,True,False,0.0,1020.3575706403284,7.651245900995543,3.377186953875155,5.422726647947062,-0.0094723820370334,1036.7992577611092
2025-10-12T06:30:00Z,2025-10-12T06:45:00Z,2025-10-12,2025-10-12_35,0.0,7,7,93,62.19784229565213,61.84862490434778,0.000970048309178744,0.32128,0.0,True,True,True,False,0.0,1020.3575706403284,7.651245900995543,3.377186953875155,46.67534037347576,0.0,1078.0613438686748
2025-10-12T06:45:00Z,2025-10-12T07:00:00Z,2025-10-12,2025-10-12_36,0.0,7,7,93,61.84862490434778,61.19965203478257,0.0018098579710144926,0.59824,0.0014,True,True,True,False,0.0,1020.3575706403284,7.651245900995543,3.377186953875155,275.08091786282324,-0.10798201347026136,1306.358939344552
2025-10-12T07:00:00Z,2025-10-12T07:15:00Z,2025-10-12,2025-10-12_37,0.0,7,7,93,61.19965203478257,61.01495652173909,0.0005157008695652175,0.17036,0.0005200000000000001,True,True,True,False,0.0,1020.3575706403284,7.362597443399376,4.995680091110806,24.484077514874237,-0.04038717379778899,1057.159538515915
2025-10-12T07:15:00Z,2025-10-12T07:30:00Z,2025-10-12,2025-10-12_38,0.0,7,7,93,61.01495652173909,60.54347826086952,0.0013096618357487922,0.43376,0.0,True,True,True,False,0.0,1020.3575706403284,7.362597443399376,4.995680091110806,65.83157812555227,0.0,1098.547426300391
2025-10-12T07:30:00Z,2025-10-12T07:45:00Z,2025-10-12,2025-10-12_39,0.0,7,7,93,60.54347826086952,60.54909321739126,0.00010400289855072464,0.01464,0.023399999999999997,True,True,True,False,0.0,1020.3575706403284,7.362597443399376,4.995680091110806,1.9207874329923225,-1.0222859779684645,1033.6143496298623
2025-10-12T07:45:00Z,2025-10-12T08:00:00Z,2025-10-12,2025-10-12_40,0.0,7,7,93,60.54909321739126,60.5733277913043,6.925062801932368e-05,0.00032,0.02672,True,True,True,False,0.0,1020.3575706403284,7.362597443399376,4.995680091110806,0.042036640681760176,-1.9540537946472403,1030.803831020873
2025-10-12T08:00:00Z,2025-10-12T08:15:00Z,2025-10-12,2025-10-12_41,0.0,7,0,93,60.5733277913043,60.564197356521696,2.5362318840579707e-05,0.0084,0.0,True,True,True,False,0.0,1020.3575706403284,7.304867751880143,0.0,0.9071808667308107,0.0,1028.5696192589394
2025-10-12T08:15:00Z,2025-10-12T08:30:00Z,2025-10-12,2025-10-12_42,0.0,7,0,93,60.564197356521696,60.55850170434778,1.5821256038647345e-05,0.005240000000000001,0.0,True,True,True,False,0.0,1020.3575706403284,7.304867751880143,0.0,0.5659080644844582,0.0,1028.228346456693
2025-10-12T08:30:00Z,2025-10-12T08:45:00Z,2025-10-12,2025-10-12_43,-6.999999999999942,7,0,93,60.55850170434778,62.16655130434777,0.004466804444444408,0.00212,0.0,True,True,True,False,-26.407499999999782,1020.3575706403284,7.304867751880143,0.0,0.22895517112729985,0.0,1001.4838935633361
2025-10-12T08:45:00Z,2025-10-12T09:00:00Z,2025-10-12,2025-10-12_44,-7.0,7,0,93,62.16655130434777,63.77139930434777,0.004457911111111112,0.0056,0.0,True,True,True,False,-21.455,1020.3575706403284,7.304867751880143,0.0,0.6047872444872072,0.0,1006.8122256366958
2025-10-12T09:00:00Z,2025-10-12T09:15:00Z,2025-10-12,2025-10-12_45,-77.0,77,0,23,63.77139930434777,81.39841530434776,0.048963933333333334,0.09019999999999999,0.0,True,True,True,False,-367.0975,252.3464959648124,80.35354527068156,0.0,9.305334302040174,0.0,-25.092124462465897
2025-10-12T09:15:00Z,2025-10-12T09:30:00Z,2025-10-12,2025-10-12_46,-77.00000000000003,77,0,23,81.39841530434776,99.08048410434778,0.04911685777777779,0.03036,0.0,True,True,True,False,-290.6750000000001,252.3464959648124,80.35354527068156,0.0,3.132039350442791,0.0,45.15708058593662
2025-10-12T09:30:00Z,2025-10-12T09:45:00Z,2025-10-12,2025-10-12_47,-77.0,77,0,23,99.08048410434778,116.77995930434777,0.04916520888888888,0.01144,0.0,True,True,True,False,-245.8225,252.3464959648124,80.35354527068156,0.0,1.180188740746559,0.0,88.05772997624052
2025-10-12T09:45:00Z,2025-10-12T10:00:00Z,2025-10-12,2025-10-12_48,-76.99999999999994,77,0,23,116.77995930434777,134.12563930434774,0.04818244444444441,0.39599999999999996,0.0,True,True,True,False,-236.00499999999982,252.3464959648124,80.35354527068156,0.0,42.14596422330001,0.0,138.84100545879414
2025-10-12T10:00:00Z,2025-10-12T10:15:00Z,2025-10-12,2025-10-12_49,-7.0,0,0,93,134.12563930434774,135.73563930434776,0.004472222222222223,0.0,0.0,True,False,True,False,-31.447499999999998,1020.3575706403284,0.0,0.0,0.0,0.0,988.9100706403284
2025-10-12T10:15:00Z,2025-10-12T10:30:00Z,2025-10-12,2025-10-12_50,-7.0,0,0,93,135.73563930434776,137.34563930434777,0.004472222222222223,0.0,0.0,True,False,True,False,-26.845,1020.3575706403284,0.0,0.0,0.0,0.0,993.5125706403284
2025-10-12T10:30:00Z,2025-10-12T10:45:00Z,2025-10-12,2025-10-12_51,-7.0,0,0,93,137.34563930434777,138.95563930434778,0.004472222222222223,0.0,0.0,True,False,True,False,-26.845,1020.3575706403284,0.0,0.0,0.0,0.0,993.5125706403284
2025-10-12T10:45:00Z,2025-10-12T11:00:00Z,2025-10-12,2025-10-12_52,-7.0,0,0,93,138.95563930434778,140.5656393043478,0.004472222222222223,0.0,0.0,True,False,True,False,-26.845,1020.3575706403284,0.0,0.0,0.0,0.0,993.5125706403284
2025-10-12T11:00:00Z,2025-10-12T11:15:00Z,2025-10-12,2025-10-12_53,-7.0,0,0,93,140.5656393043478,142.1756393043478,0.004472222222222223,0.0,0.0,True,False,True,False,-21.455,1020.3575706403284,0.0,0.0,0.0,0.0,998.9025706403283
2025-10-12T11:15:00Z,2025-10-12T11:30:00Z,2025-10-12,2025-10-12_54,-7.0,0,0,93,142.1756393043478,143.78563930434782,0.004472222222222223,0.0,0.0,True,False,True,False,-22.12,1020.3575706403284,0.0,0.0,0.0,0.0,998.2375706403284
2025-10-12T11:30:00Z,2025-10-12T11:45:00Z,2025-10-12,2025-10-12_55,-7.0,0,0,93,143.78563930434782,145.39563930434784,0.004472222222222223,0.0,0.0,True,False,True,False,-26.4075,1020.3575706403284,0.0,0.0,0.0,0.0,993.9500706403284
2025-10-12T11:45:00Z,2025-10-12T12:00:00Z,2025-10-12,2025-10-12_56,-6.942563024574734,0,0,93,145.39563930434784,146.99242880000003,0.004435526376811636,0.0,0.0,True,False,True,False,-84.02236900491572,1020.3575706403284,0.0,0.0,0.0,0.0,936.3352016354127
2025-10-12T12:00:00Z,2025-10-12T12:15:00Z,2025-10-12,2025-10-12_57,5.940296563823186e-14,7,7,93,146.99242880000003,146.8711739130435,0.0016011035748792603,0.32092,0.24736000000000002,True,True,True,False,8.880743362915662e-13,1020.3575706403284,7.304867751880143,3.9482985449761423,74.45499018595244,-0.036477184990280215,1106.0292499381478
2025-10-12T12:15:00Z,2025-10-12T12:30:00Z,2025-10-12,2025-10-12_58,0.0,7,7,93,146.8711739130435,146.39217391304348,0.0013305555555555553,0.44067999999999996,0.0,True,True,True,False,0.0,1020.3575706403284,7.304867751880143,3.9482985449761423,59.77852279537377,0.0,1091.3892597325585
2025-10-12T12:30:00Z,2025-10-12T12:45:00Z,2025-10-12,2025-10-12_59,0.0,7,7,93,146.39217391304348,146.23778713043478,0.00045134106280193234,0.14576,0.004399999999999999,True,True,True,False,0.0,1020.3575706403284,7.304867751880143,3.9482985449761423,18.720516032752766,-0.2298191529051387,1050.1014338170323
2025-10-12T12:45:00Z,2025-10-12T13:00:00Z,2025-10-12,2025-10-12_60,0.0,7,7,93,146.23778713043478,146.39261871304348,0.0005054500483091787,0.01248,0.18303999999999998,True,True,True,False,0.0,1020.3575706403284,7.304867751880143,3.9482985449761423,1.4654387652914957,15.087043336540537,1048.1632190390167
2025-10-12T13:00:00Z,2025-10-12T13:15:00Z,2025-10-12,2025-10-12_61,0.445392796740626,2,7,93,146.39261871304348,146.93817472795033,0.0019126137075972946,0.0,0.71628,True,True,True,False,8.717450514205902,1020.3575706403284,2.127751487423174,3.878198205274216,0.0,98.50098254364092,1133.5819533908725
2025-10-12T13:15:00Z,2025-10-12T13:30:00Z,2025-10-12,2025-10-12_62,0.0,2,7,93,146.93817472795033,147.06520832795033,0.0003528711111111111,0.0,0.13807999999999998,True,True,True,False,0.0,1020.3575706403284,2.127751487423174,3.878198205274216,0.0,2.324939996465529,1028.6884603294914
2025-10-12T13:30:00Z,2025-10-12T13:45:00Z,2025-10-12,2025-10-12_63,5.0,2,7,93,147.06520832795033,145.9632917167702,0.003421694713595583,0.0,0.24707999999999997,True,True,True,False,117.75,1020.3575706403284,2.127751487423174,3.878198205274216,0.0,-3.0531921142026817,1141.060328218823
2025-10-12T13:45:00Z,2025-10-12T14:00:00Z,2025-10-12,2025-10-12_64,4.999999999999995,2,7,93,145.9632917167702,144.8643500521739,0.0034185712905452,0.0006285714285714285,0.2506,True,True,True,False,127.46249999999986,1020.3575706403284,2.127751487423174,3.878198205274216,0.07010594997321096,-7.083496102264024,1146.812630180735
2025-10-12T14:00:00Z,2025-10-12T14:15:00Z,2025-10-12,2025-10-12_65,-8.017439369405854e-15,7,7,93,144.8643500521739,144.86721384347825,0.00020119169082126093,0.032,0.04091999999999999,True,True,True,False,-1.6211262404938636e-13,1020.3575706403284,8.86563119759656,3.6864531584424767,3.9900249376558605,-2.113221065446619,1034.7864588685766
2025-10-12T14:15:00Z,2025-10-12T14:30:00Z,2025-10-12,2025-10-12_66,0.0,7,7,93,144.86721384347825,144.7913043478261,0.000214744154589372,0.07048,0.0007599999999999999,True,True,True,False,0.0,1020.3575706403284,8.86563119759656,3.6864531584424767,8.788029925187033,-0.05999175290121153,1041.6376931686532
2025-10-12T14:30:00Z,2025-10-12T14:45:00Z,2025-10-12,2025-10-12_67,0.0,7,7,93,144.7913043478261,144.47395652173915,0.0008815217391304347,0.29196,0.0,True,True,True,False,0.0,1020.3575706403284,8.86563119759656,3.6864531584424767,42.384506301176195,0.0,1075.2941612975437
2025-10-12T14:45:00Z,2025-10-12T15:00:00Z,2025-10-12,2025-10-12_68,0.0,7,7,93,144.47395652173915,144.00000000000003,0.0013165458937198066,0.43604,0.0,True,True,True,False,0.0,1020.3575706403284,8.86563119759656,3.6864531584424767,69.25610125866436,0.0,1102.1657562550317
2025-10-12T15:00:00Z,2025-10-12T15:15:00Z,2025-10-12,2025-10-12_69,0.0,0,0,100,144.00000000000003,144.00000000000003,0.0,0.0,0.0,True,True,True,False,0.0,1097.15867810788,0.0,0.0,0.0,0.0,1097.15867810788
2025-10-12T15:15:00Z,2025-10-12T15:30:00Z,2025-10-12,2025-10-12_70,0.0,0,0,100,144.00000000000003,144.00000000000003,0.0,0.0,0.0,True,True,True,False,0.0,1097.15867810788,0.0,0.0,0.0,0.0,1097.15867810788
2025-10-12T15:30:00Z,2025-10-12T15:45:00Z,2025-10-12,2025-10-12_71,0.0,0,0,100,144.00000000000003,144.00000000000003,0.0,0.0,0.0,True,True,True,False,0.0,1097.15867810788,0.0,0.0,0.0,0.0,1097.15867810788
2025-10-12T15:45:00Z,2025-10-12T16:00:00Z,2025-10-12,2025-10-12_72,0.0,0,0,100,144.00000000000003,144.00000000000003,0.0,0.0,0.0,True,True,True,False,0.0,1097.15867810788,0.0,0.0,0.0,0.0,1097.15867810788
2025-10-12T16:00:00Z,2025-10-12T16:15:00Z,2025-10-12,2025-10-12_73,0.0,0,0,100,144.00000000000003,144.00000000000003,0.0,0.0,0.0,True,True,True,False,0.0,1097.15867810788,0.0,0.0,0.0,0.0,1097.15867810788
2025-10-12T16:15:00Z,2025-10-12T16:30:00Z,2025-10-12,2025-10-12_74,0.0,0,0,100,144.00000000000003,144.00000000000003,0.0,0.0,0.0,True,True,True,False,0.0,1097.15867810788,0.0,0.0,0.0,0.0,1097.15867810788
2025-10-12T16:30:00Z,2025-10-12T16:45:00Z,2025-10-12,2025-10-12_75,0.0,0,0,100,144.00000000000003,144.00000000000003,0.0,0.0,0.0,True,True,True,False,0.0,1097.15867810788,0.0,0.0,0.0,0.0,1097.15867810788
2025-10-12T16:45:00Z,2025-10-12T17:00:00Z,2025-10-12,2025-10-12_76,0.0,0,0,100,144.00000000000003,144.00000000000003,0.0,0.0,0.0,True,True,True,False,0.0,1097.15867810788,0.0,0.0,0.0,0.0,1097.15867810788
2025-10-12T17:00:00Z,2025-10-12T17:15:00Z,2025-10-12,2025-10-12_77,82.0,0,82,18,144.00000000000003,121.86967701863358,0.0614731193926846,0.0,0.14010285714285714,True,True,True,False,3825.71,197.4885620594184,0.0,39.80285506705677,0.0,-11.059231561142138,4051.942185565333
2025-10-12T17:15:00Z,2025-10-12T17:30:00Z,2025-10-12,2025-10-12_78,82.0,0,82,18,121.86967701863358,99.75819875776402,0.0614207729468599,0.0,0.15744,True,True,True,False,3593.4449999999997,197.4885620594184,0.0,39.80285506705677,0.0,-12.427765232587822,3818.308651893887
2025-10-12T17:30:00Z,2025-10-12T17:45:00Z,2025-10-12,2025-10-12_79,82.0,0,82,18,99.75819875776402,79.05854658385098,0.05749903381642511,0.0,1.45632,True,True,True,False,3823.455,197.4885620594184,0.0,39.80285506705677,0.0,-91.09613745164648,3969.6502796748287
2025-10-12T17:45:00Z,2025-10-12T18:00:00Z,2025-10-12,2025-10-12_80,82.0,0,82,18,79.05854658385098,64.42893167701868,0.040637819185645276,0.0,7.040754285714286,True,True,True,False,3439.2850000000003,197.4885620594184,0.0,39.80285506705677,0.0,428.30990255295393,4104.886319679429
2025-10-12T18:00:00Z,2025-10-12T18:15:00Z,2025-10-12,2025-10-12_81,0.0,0,0,100,64.42893167701868,64.42893167701868,0.0,0.0,0.0,True,True,True,False,0.0,1097.15867810788,0.0,0.0,0.0,0.0,1097.15867810788
2025-10-12T18:15:00Z,2025-10-12T18:30:00Z,2025-10-12,2025-10-12_82,0.0,0,0,100,64.42893167701868,64.42893167701868,0.0,0.0,0.0,True,True,True,False,0.0,1097.15867810788,0.0,0.0,0.0,0.0,1097.15867810788
2025-10-12T18:30:00Z,2025-10-12T18:45:00Z,2025-10-12,2025-10-12_83,0.0,0,0,100,64.42893167701868,64.42893167701868,0.0,0.0,0.0,True,True,True,False,0.0,1097.15867810788,0.0,0.0,0.0,0.0,1097.15867810788
2025-10-12T18:45:00Z,2025-10-12T19:00:00Z,2025-10-12,2025-10-12_84,0.0,0,0,100,64.42893167701868,64.42893167701868,0.0,0.0,0.0,True,True,True,False,0.0,1097.15867810788,0.0,0.0,0.0,0.0,1097.15867810788
2025-10-12T19:00:00Z,2025-10-12T19:15:00Z,2025-10-12,2025-10-12_85,0.0,0,0,100,64.42893167701868,64.42893167701868,0.0,0.0,0.0,True,True,True,False,0.0,1097.15867810788,0.0,0.0,0.0,0.0,1097.15867810788
2025-10-12T19:15:00Z,2025-10-12T19:30:00Z,2025-10-12,2025-10-12_86,0.0,0,0,100,64.42893167701868,64.42893167701868,0.0,0.0,0.0,True,True,True,False,0.0,1097.15867810788,0.0,0.0,0.0,0.0,1097.15867810788
2025-10-12T19:30:00Z,2025-10-12T19:45:00Z,2025-10-12,2025-10-12_87,0.0,0,0,100,64.42893167701868,64.42893167701868,0.0,0.0,0.0,True,True,True,False,0.0,1097.15867810788,0.0,0.0,0.0,0.0,1097.15867810788
2025-10-12T19:45:00Z,2025-10-12T20:00:00Z,2025-10-12,2025-10-12_88,0.0,0,0,100,64.42893167701868,64.42893167701868,0.0,0.0,0.0,True,True,True,False,0.0,1097.15867810788,0.0,0.0,0.0,0.0,1097.15867810788
2025-10-12T20:00:00Z,2025-10-12T20:15:00Z,2025-10-12,2025-10-12_89,0.0,0,0,100,64.42893167701868,64.42893167701868,0.0,0.0,0.0,True,True,True,False,0.0,1097.15867810788,0.0,0.0,0.0,0.0,1097.15867810788
2025-10-12T20:15:00Z,2025-10-12T20:30:00Z,2025-10-12,2025-10-12_90,0.0,0,0,100,64.42893167701868,64.42893167701868,0.0,0.0,0.0,True,True,True,False,0.0,1097.15867810788,0.0,0.0,0.0,0.0,1097.15867810788
2025-10-12T20:30:00Z,2025-10-12T20:45:00Z,2025-10-12,2025-10-12_91,0.0,0,0,100,64.42893167701868,64.42893167701868,0.0,0.0,0.0,True,True,True,False,0.0,1097.15867810788,0.0,0.0,0.0,0.0,1097.15867810788
2025-10-12T20:45:00Z,2025-10-12T21:00:00Z,2025-10-12,2025-10-12_92,0.0,0,0,100,64.42893167701868,64.42893167701868,0.0,0.0,0.0,True,True,True,False,0.0,1097.15867810788,0.0,0.0,0.0,0.0,1097.15867810788
2025-10-12T21:00:00Z,2025-10-12T21:15:00Z,2025-10-13,2025-10-12_93,0.0,0,0,100,64.42893167701868,64.42893167701868,0.0,0.0,0.0,True,True,True,False,0.0,1097.15867810788,0.0,0.0,0.0,0.0,1097.15867810788
2025-10-12T21:15:00Z,2025-10-12T21:30:00Z,2025-10-13,2025-10-12_94,0.0,0,0,100,64.42893167701868,64.42893167701868,0.0,0.0,0.0,True,True,True,False,0.0,1097.15867810788,0.0,0.0,0.0,0.0,1097.15867810788
2025-10-12T21:30:00Z,2025-10-12T21:45:00Z,2025-10-13,2025-10-12_95,0.0,0,0,100,64.42893167701868,64.42893167701868,0.0,0.0,0.0,True,True,True,False,0.0,1097.15867810788,0.0,0.0,0.0,0.0,1097.15867810788
2025-10-12T21:45:00Z,2025-10-12T22:00:00Z,2025-10-13,2025-10-12_96,0.0,0,0,100,64.42893167701868,64.42893167701868,0.0,0.0,0.0,True,True,True,False,0.0,1097.15867810788,0.0,0.0,0.0,0.0,1097.15867810788
2025-10-12T22:00:00Z,2025-10-12T22:15:00Z,2025-10-13,2025-10-13_1,0.0,0,0,100,64.42893167701868,64.42893167701868,0.0,0.0,0.0,True,True,True,False,0.0,1097.15867810788,0.0,0.0,0.0,0.0,1097.15867810788
2025-10-12T22:15:00Z,2025-10-12T22:30:00Z,2025-10-13,2025-10-13_2,0.0,0,0,100,64.42893167701868,64.42893167701868,0.0,0.0,0.0,True,True,True,False,0.0,1097.15867810788,0.0,0.0,0.0,0.0,1097.15867810788
2025-10-12T22:30:00Z,2025-10-12T22:45:00Z,2025-10-13,2025-10-13_3,0.0,0,0,100,64.42893167701868,64.42893167701868,0.0,0.0,0.0,True,True,True,False,0.0,1097.15867810788,0.0,0.0,0.0,0.0,1097.15867810788
2025-10-12T22:45:00Z,2025-10-12T23:00:00Z,2025-10-13,2025-10-13_4,0.0,0,0,100,64.42893167701868,64.42893167701868,0.0,0.0,0.0,True,True,True,False,0.0,1097.15867810788,0.0,0.0,0.0,0.0,1097.15867810788
2025-10-12T23:00:00Z,2025-10-12T23:15:00Z,2025-10-13,2025-10-13_5,-100.0,100,0,0,64.42893167701868,79.79030310559011,0.04267047619047619,8.302857142857142,0.0,True,True,True,False,-2317.0,0.0,111.92491212912601,0.0,1413.6899405030729,0.0,-791.3851473678011
2025-10-12T23:15:00Z,2025-10-12T23:30:00Z,2025-10-13,2025-10-13_6,-100.0,100,0,0,79.79030310559011,97.74607453416154,0.049877142857142856,5.482857142857143,0.0,True,True,True,False,-2264.5,0.0,111.92491212912601,0.0,884.4575176232647,0.0,-1268.1175702476094
2025-10-12T23:30:00Z,2025-10-12T23:45:00Z,2025-10-13,2025-10-13_7,-100.0,100,0,0,97.74607453416154,111.09711453416153,0.03708622222222223,10.488,0.0,True,True,True,False,-2354.25,0.0,111.92491212912601,0.0,1724.8329161348597,0.0,-517.4921717360143
2025-10-12T23:45:00Z,2025-10-13T00:00:00Z,2025-10-13,2025-10-13_8,-100.0,100,0,0,111.09711453416153,125.92068024844724,0.041176571428571423,8.887428571428572,0.0,True,True,True,False,-2347.0,0.0,111.92491212912601,0.0,1467.3986248103026,0.0,-767.6764630605713
2025-10-13T00:00:00Z,2025-10-13T00:15:00Z,2025-10-13,2025-10-13_9,-24.0,24,0,76,125.92068024844724,130.3390775055901,0.012273325714285714,1.1973942857142856,0.0,True,True,True,False,-569.22,833.8405953619889,25.87232705637481,0.0,188.0327776823408,0.0,478.52570010070446
2025-10-13T00:15:00Z,2025-10-13T00:30:00Z,2025-10-13,2025-10-13_10,-24.0,24,0,76,130.3390775055901,133.77724893416152,0.009550476190476189,2.262857142857143,0.0,True,True,True,False,-566.04,833.8405953619889,25.87232705637481,0.0,385.50995290177264,0.0,679.1828753201364
2025-10-13T00:30:00Z,2025-10-13T00:45:00Z,2025-10-13,2025-10-13_11,-24.0,24,0,76,133.77724893416152,138.16713144844724,0.012194118095238096,1.2283885714285716,0.0,True,True,True,False,-554.04,833.8405953619889,25.87232705637481,0.0,194.27942019865975,0.0,499.9523426170235
2025-10-13T00:45:00Z,2025-10-13T01:00:00Z,2025-10-13,2025-10-13_12,-24.0,24,0,76,138.16713144844724,143.57761464844722,0.015029120000000002,0.11904,0.0,True,True,True,False,-559.74,833.8405953619889,25.87232705637481,0.0,18.227913806036092,0.0,318.2008362243998
2025-10-13T01:00:00Z,2025-10-13T01:15:00Z,2025-10-13,2025-10-13_13,0.0,0,0,100,143.57761464844722,143.57761464844722,0.0,0.0,0.0,True,True,True,False,0.0,1097.15867810788,0.0,0.0,0.0,0.0,1097.15867810788
2025-10-13T01:15:00Z,2025-10-13T01:30:00Z,2025-10-13,2025-10-13_14,0.0,0,0,100,143.57761464844722,143.57761464844722,0.0,0.0,0.0,True,True,True,False,0.0,1097.15867810788,0.0,0.0,0.0,0.0,1097.15867810788
2025-10-13T01:30:00Z,2025-10-13T01:45:00Z,2025-10-13,2025-10-13_15,0.0,0,0,100,143.57761464844722,143.57761464844722,0.0,0.0,0.0,True,True,True,False,0.0,1097.15867810788,0.0,0.0,0.0,0.0,1097.15867810788
2025-10-13T01:45:00Z,2025-10-13T02:00:00Z,2025-10-13,2025-10-13_16,0.0,0,0,100,143.57761464844722,143.57761464844722,0.0,0.0,0.0,True,True,True,False,0.0,1097.15867810788,0.0,0.0,0.0,0.0,1097.15867810788
2025-10-13T02:00:00Z,2025-10-13T02:15:00Z,2025-10-13,2025-10-13_17,0.0,0,0,100,143.57761464844722,143.57761464844722,0.0,0.0,0.0,True,True,True,False,0.0,1097.15867810788,0.0,0.0,0.0,0.0,1097.15867810788
2025-10-13T02:15:00Z,2025-10-13T02:30:00Z,2025-10-13,2025-10-13_18,0.0,0,0,100,143.57761464844722,143.57761464844722,0.0,0.0,0.0,True,True,True,False,0.0,1097.15867810788,0.0,0.0,0.0,0.0,1097.15867810788
2025-10-13T02:30:00Z,2025-10-13T02:45:00Z,2025-10-13,2025-10-13_19,0.0,0,0,100,143.57761464844722,143.57761464844722,0.0,0.0,0.0,True,True,True,False,0.0,1097.15867810788,0.0,0.0,0.0,0.0,1097.15867810788
2025-10-13T02:45:00Z,2025-10-13T03:00:00Z,2025-10-13,2025-10-13_20,0.0,0,0,100,143.57761464844722,143.57761464844722,0.0,0.0,0.0,True,True,True,False,0.0,1097.15867810788,0.0,0.0,0.0,0.0,1097.15867810788
2025-10-13T03:00:00Z,2025-10-13T03:15:00Z,2025-10-13,2025-10-13_21,0.0,0,0,100,143.57761464844722,143.57761464844722,0.0,0.0,0.0,True,True,True,False,0.0,1097.15867810788,0.0,0.0,0.0,0.0,1097.15867810788
2025-10-13T03:15:00Z,2025-10-13T03:30:00Z,2025-10-13,2025-10-13_22,0.0,0,0,100,143.57761464844722,143.57761464844722,0.0,0.0,0.0,True,True,True,False,0.0,1097.15867810788,0.0,0.0,0.0,0.0,1097.15867810788
2025-10-13T03:30:00Z,2025-10-13T03:45:00Z,2025-10-13,2025-10-13_23,0.0,0,0,100,143.57761464844722,143.57761464844722,0.0,0.0,0.0,True,True,True,False,0.0,1097.15867810788,0.0,0.0,0.0,0.0,1097.15867810788
2025-10-13T03:45:00Z,2025-10-13T04:00:00Z,2025-10-13,2025-10-13_24,0.0,0,0,100,143.57761464844722,143.57761464844722,0.0,0.0,0.0,True,True,True,False,0.0,1097.15867810788,0.0,0.0,0.0,0.0,1097.15867810788
2025-10-13T04:00:00Z,2025-10-13T04:15:00Z,2025-10-13,2025-10-13_25,0.0,0,0,100,143.57761464844722,143.57761464844722,0.0,0.0,0.0,True,True,True,False,0.0,1097.15867810788,0.0,0.0,0.0,0.0,1097.15867810788
2025-10-13T04:15:00Z,2025-10-13T04:30:00Z,2025-10-13,2025-10-13_26,0.0,0,0,100,143.57761464844722,143.57761464844722,0.0,0.0,0.0,True,True,True,False,0.0,1097.15867810788,0.0,0.0,0.0,0.0,1097.15867810788
2025-10-13T04:30:00Z,2025-10-13T04:45:00Z,2025-10-13,2025-10-13_27,0.0,0,0,100,143.57761464844722,143.57761464844722,0.0,0.0,0.0,True,True,True,False,0.0,1097.15867810788,0.0,0.0,0.0,0.0,1097.15867810788
2025-10-13T04:45:00Z,2025-10-13T05:00:00Z,2025-10-13,2025-10-13_28,0.0,0,0,100,143.57761464844722,143.57761464844722,0.0,0.0,0.0,True,True,True,False,0.0,1097.15867810788,0.0,0.0,0.0,0.0,1097.15867810788
2025-10-13T05:00:00Z,2025-10-13T05:15:00Z,2025-10-13,2025-10-13_29,72.99999999999999,0,73,27,143.57761464844722,123.74065812670811,0.0551026570048309,0.0,0.0,True,True,True,False,4892.459999999999,296.2328430891276,0.0,35.21923537612661,0.0,0.0,5223.912078465253
2025-10-13T05:15:00Z,2025-10-13T05:30:00Z,2025-10-13,2025-10-13_30,72.99999999999999,0,73,27,123.74065812670811,103.90370160496899,0.055102657004830906,0.0,0.0,True,True,True,False,4928.959999999999,296.2328430891276,0.0,35.21923537612661,0.0,0.0,5260.412078465253
2025-10-13T05:30:00Z,2025-10-13T05:45:00Z,2025-10-13,2025-10-13_31,72.99999999999999,0,73,27,103.90370160496899,84.06674508322986,0.05510265700483091,0.0,0.0,True,True,True,False,4901.767499999999,296.2328430891276,0.0,35.21923537612661,0.0,0.0,5233.219578465253
2025-10-13T05:45:00Z,2025-10-13T06:00:00Z,2025-10-13,2025-10-13_32,72.63564818042406,0,73,27,84.06674508322986,64.3478260869565,0.05477522192788024,0.0,0.01752,True,True,True,False,4458.194496193977,296.2328430891276,0.0,35.21923537612661,0.0,-1.3760873407033598,4788.270487318528
2025-10-13T06:00:00Z,2025-10-13T06:15:00Z,2025-10-13,2025-10-13_33,0.0,0,0,100,64.3478260869565,64.3478260869565,0.0,0.0,0.0,True,False,True,False,0.0,1097.15867810788,0.0,0.0,0.0,0.0,1097.15867810788
2025-10-13T06:15:00Z,2025-10-13T06:30:00Z,2025-10-13,2025-10-13_34,0.0,0,0,100,64.3478260869565,64.3478260869565,0.0,0.0,0.0,True,False,True,False,0.0,1097.15867810788,0.0,0.0,0.0,0.0,1097.15867810788
2025-10-13T06:30:00Z,2025-10-13T06:45:00Z,2025-10-13,2025-10-13_35,0.0,0,0,100,64.3478260869565,64.3478260869565,0.0,0.0,0.0,True,False,True,False,0.0,1097.15867810788,0.0,0.0,0.0,0.0,1097.15867810788
2025-10-13T06:45:00Z,2025-10-13T07:00:00Z,2025-10-13,2025-10-13_36,0.0,0,0,100,64.3478260869565,64.3478260869565,0.0,0.0,0.0,True,False,True,False,0.0,1097.15867810788,0.0,0.0,0.0,0.0,1097.15867810788
2025-10-13T07:00:00Z,2025-10-13T07:15:00Z,2025-10-13,2025-10-13_37,0.0,0,0,100,64.3478260869565,64.3478260869565,0.0,0.0,0.0,True,True,True,False,0.0,1097.15867810788,0.0,0.0,0.0,0.0,1097.15867810788
2025-10-13T07:15:00Z,2025-10-13T07:30:00Z,2025-10-13,2025-10-13_38,0.0,0,0,100,64.3478260869565,64.3478260869565,0.0,0.0,0.0,True,True,True,False,0.0,1097.15867810788,0.0,0.0,0.0,0.0,1097.15867810788
2025-10-13T07:30:00Z,2025-10-13T07:45:00Z,2025-10-13,2025-10-13_39,0.0,0,0,100,64.3478260869565,64.3478260869565,0.0,0.0,0.0,True,True,True,False,0.0,1097.15867810788,0.0,0.0,0.0,0.0,1097.15867810788
2025-10-13T07:45:00Z,2025-10-13T08:00:00Z,2025-10-13,2025-10-13_40,0.0,0,0,100,64.3478260869565,64.3478260869565,0.0,0.0,0.0,True,True,True,False,0.0,1097.15867810788,0.0,0.0,0.0,0.0,1097.15867810788
2025-10-13T08:00:00Z,2025-10-13T08:15:00Z,2025-10-13,2025-10-13_41,0.0,100,100,0,64.3478260869565,69.1612660869565,0.01337066666666667,0.0,5.232,True,True,True,False,0.0,0.0,107.6540931136725,49.71822412472755,0.0,-333.70167965912,-176.32936242071992
2025-10-13T08:15:00Z,2025-10-13T08:30:00Z,2025-10-13,2025-10-13_42,0.0,100,100,0,69.1612660869565,75.72375751552794,0.01822914285714286,0.0,7.1331428571428575,True,True,True,False,0.0,0.0,107.6540931136725,49.71822412472755,0.0,-423.35798838112817,-265.9856711427281
2025-10-13T08:30:00Z,2025-10-13T08:45:00Z,2025-10-13,2025-10-13_43,0.0,100,100,0,75.72375751552794,82.40138037267079,0.01854895238095238,0.0,7.258285714285714,True,True,True,False,0.0,0.0,107.6540931136725,49.71822412472755,0.0,-350.69433525298115,-193.3220180145811
2025-10-13T08:45:00Z,2025-10-13T09:00:00Z,2025-10-13,2025-10-13_44,0.0,100,100,0,82.40138037267079,100.12741465838508,0.04923898412698413,0.0,19.267428571428574,True,True,True,False,0.0,0.0,107.6540931136725,49.71822412472755,0.0,1300.2251152770496,1457.5974325154496
2025-10-13T09:00:00Z,2025-10-13T09:15:00Z,2025-10-13,2025-10-13_45,0.0,0,0,100,100.12741465838508,100.12741465838508,0.0,0.0,0.0,True,False,True,False,0.0,1097.15867810788,0.0,0.0,0.0,0.0,1097.15867810788
2025-10-13T09:15:00Z,2025-10-13T09:30:00Z,2025-10-13,2025-10-13_46,0.0,0,0,100,100.12741465838508,100.12741465838508,0.0,0.0,0.0,True,False,True,False,0.0,1097.15867810788,0.0,0.0,0.0,0.0,1097.15867810788
2025-10-13T09:30:00Z,2025-10-13T09:45:00Z,2025-10-13,2025-10-13_47,0.0,0,0,100,100.12741465838508,100.12741465838508,0.0,0.0,0.0,True,False,True,False,0.0,1097.15867810788,0.0,0.0,0.0,0.0,1097.15867810788
2025-10-13T09:45:00Z,2025-10-13T10:00:00Z,2025-10-13,2025-10-13_48,0.0,0,0,100,100.12741465838508,100.12741465838508,0.0,0.0,0.0,True,False,True,False,0.0,1097.15867810788,0.0,0.0,0.0,0.0,1097.15867810788
2025-10-13T10:00:00Z,2025-10-13T10:15:00Z,2025-10-13,2025-10-13_49,-44.00000000000003,44,0,56,100.12741465838508,109.17342242981366,0.025127799365079383,1.167382857142857,0.0,True,True,True,False,-1163.1400000000008,614.4088597404128,46.65501600329884,0.0,175.77447829245784,0.0,-326.3016459638313
2025-10-13T10:15:00Z,2025-10-13T10:30:00Z,2025-10-13,2025-10-13_50,-44.0,44,0,56,109.17342242981366,115.90235500124223,0.018691479365079366,3.685942857142857,0.0,True,True,True,False,-1073.71,614.4088597404128,46.65501600329884,0.0,570.7461076891573,0.0,158.0999834328689
2025-10-13T10:30:00Z,2025-10-13T10:45:00Z,2025-10-13,2025-10-13_51,-44.0,44,0,56,115.90235500124223,124.56715682981365,0.02406889396825397,1.5817371428571432,0.0,True,True,True,False,-1032.9,614.4088597404128,46.65501600329884,0.0,235.80266616249037,0.0,-136.03345809379806
2025-10-13T10:45:00Z,2025-10-13T11:00:00Z,2025-10-13,2025-10-13_52,-44.00000000000002,44,0,56,124.56715682981365,134.0077867726708,0.026223972063492074,0.7384457142857141,0.0,True,True,True,False,-986.7000000000005,614.4088597404128,46.65501600329884,0.0,111.14443929770624,0.0,-214.4916849585826
2025-10-13T11:00:00Z,2025-10-13T11:15:00Z,2025-10-13,2025-10-13_53,0.0,0,0,100,134.0077867726708,134.0077867726708,0.0,0.0,0.0,True,False,True,False,0.0,1097.15867810788,0.0,0.0,0.0,0.0,1097.15867810788
2025-10-13T11:15:00Z,2025-10-13T11:30:00Z,2025-10-13,2025-10-13_54,0.0,0,0,100,134.0077867726708,134.0077867726708,0.0,0.0,0.0,True,False,True,False,0.0,1097.15867810788,0.0,0.0,0.0,0.0,1097.15867810788
2025-10-13T11:30:00Z,2025-10-13T11:45:00Z,2025-10-13,2025-10-13_55,0.0,0,0,100,134.0077867726708,134.0077867726708,0.0,0.0,0.0,True,False,True,False,0.0,1097.15867810788,0.0,0.0,0.0,0.0,1097.15867810788
2025-10-13T11:45:00Z,2025-10-13T12:00:00Z,2025-10-13,2025-10-13_56,0.0,0,0,100,134.0077867726708,134.0077867726708,0.0,0.0,0.0,True,False,True,False,0.0,1097.15867810788,0.0,0.0,0.0,0.0,1097.15867810788
2025-10-13T12:00:00Z,2025-10-13T12:15:00Z,2025-10-13,2025-10-13_57,0.0,0,0,100,134.0077867726708,134.0077867726708,0.0,0.0,0.0,True,False,True,False,0.0,1097.15867810788,0.0,0.0,0.0,0.0,1097.15867810788
2025-10-13T12:15:00Z,2025-10-13T12:30:00Z,2025-10-13,2025-10-13_58,0.0,0,0,100,134.0077867726708,134.0077867726708,0.0,0.0,0.0,True,False,True,False,0.0,1097.15867810788,0.0,0.0,0.0,0.0,1097.15867810788
2025-10-13T12:30:00Z,2025-10-13T12:45:00Z,2025-10-13,2025-10-13_59,0.0,0,0,100,134.0077867726708,134.0077867726708,0.0,0.0,0.0,True,False,True,False,0.0,1097.15867810788,0.0,0.0,0.0,0.0,1097.15867810788
2025-10-13T12:45:00Z,2025-10-13T13:00:00Z,2025-10-13,2025-10-13_60,0.0,0,0,100,134.0077867726708,134.0077867726708,0.0,0.0,0.0,True,False,True,False,0.0,1097.15867810788,0.0,0.0,0.0,0.0,1097.15867810788
2025-10-13T13:00:00Z,2025-10-13T13:15:00Z,2025-10-13,2025-10-13_61,-22.0,0,0,78,134.0077867726708,139.06778677267081,0.014055555555555557,0.0,0.0,True,False,True,False,-517.0,855.7837689241464,0.0,0.0,0.0,0.0,338.78376892414644
2025-10-13T13:15:00Z,2025-10-13T13:30:00Z,2025-10-13,2025-10-13_62,-22.0,0,0,78,139.06778677267081,144.12778677267082,0.014055555555555557,0.0,0.0,True,False,True,False,-549.5600000000001,855.7837689241464,0.0,0.0,0.0,0.0,306.2237689241464
2025-10-13T13:30:00Z,2025-10-13T13:45:00Z,2025-10-13,2025-10-13_63,-22.0,0,0,78,144.12778677267082,149.18778677267082,0.014055555555555557,0.0,0.0,True,False,True,False,-611.655,855.7837689241464,0.0,0.0,0.0,0.0,244.12876892414647
2025-10-13T13:45:00Z,2025-10-13T14:00:00Z,2025-10-13,2025-10-13_64,-21.444405336212615,0,0,78,149.18778677267082,154.11999999999972,0.013700592298135836,0.0,0.0,True,False,True,False,-682.2001447582638,855.7837689241464,0.0,0.0,0.0,0.0,173.5836241658826
2025-10-13T14:00:00Z,2025-10-13T14:15:00Z,2025-10-13,2025-10-13_65,-100.0,100,0,0,154.11999999999972,171.7435199999997,0.048954222222222225,5.844,0.0,True,True,True,False,-3026.0,0.0,126.65187425137943,0.0,3146.7301266518743,0.0,247.38200090325375
2025-10-13T14:15:00Z,2025-10-13T14:30:00Z,2025-10-13,2025-10-13_66,-100.00000000000021,100,0,0,171.7435199999997,189.39963428571403,0.04904476190476204,5.808571428571428,0.0,True,True,True,False,-4200.000000000009,0.0,126.65187425137943,0.0,1956.4998128974528,0.0,-2116.848312851177
2025-10-13T14:30:00Z,2025-10-13T14:45:00Z,2025-10-13,2025-10-13_67,0.0,100,0,0,189.39963428571403,183.4126777639749,0.016630434782608696,5.508,0.0,True,True,True,False,0.0,0.0,126.65187425137943,0.0,1355.52694405718,0.0,1482.1788183085594
2025-10-13T14:45:00Z,2025-10-13T15:00:00Z,2025-10-13,2025-10-13_68,0.0,100,0,0,183.4126777639749,167.50087652173886,0.044199447895100066,14.638857142857143,0.0,True,True,True,False,0.0,0.0,126.65187425137943,0.0,3192.6690035316656,0.0,3319.320877783045
2025-10-13T15:00:00Z,2025-10-13T15:15:00Z,2025-10-13,2025-10-13_69,-97.82227599243899,0,0,0,167.50087652173886,189.99999999999983,0.06249756521739158,0.0,0.0,True,False,True,False,-4308.337590396994,0.0,0.0,0.0,0.0,0.0,-4308.337590396994
2025-10-13T15:15:00Z,2025-10-13T15:30:00Z,2025-10-13,2025-10-13_70,0.0,0,0,0,189.99999999999983,189.99999999999983,0.0,0.0,0.0,True,False,True,False,0.0,0.0,0.0,0.0,0.0,0.0,0.0
2025-10-13T15:30:00Z,2025-10-13T15:45:00Z,2025-10-13,2025-10-13_71,0.0,0,0,0,189.99999999999983,189.99999999999983,0.0,0.0,0.0,True,False,True,False,0.0,0.0,0.0,0.0,0.0,0.0,0.0
2025-10-13T15:45:00Z,2025-10-13T16:00:00Z,2025-10-13,2025-10-13_72,100.0,0,0,0,189.99999999999983,162.82608695652158,0.0754830917874396,0.0,0.0,True,False,True,False,8836.25,0.0,0.0,0.0,0.0,0.0,8836.25
2025-10-13T16:00:00Z,2025-10-13T16:15:00Z,2025-10-13,2025-10-13_73,-62.00000000000002,0,38,0,162.82608695652158,177.08608695652157,0.039611111111111125,0.0,0.0,True,True,True,False,-4109.515000000001,0.0,0.0,18.36687808038958,0.0,0.0,-4091.1481219196116
2025-10-13T16:15:00Z,2025-10-13T16:30:00Z,2025-10-13,2025-10-13_74,0.37394285714302805,0,38,0,177.08608695652157,176.9844720496892,0.00028226363008984607,0.0,0.0,True,True,True,False,29.774265142870753,0.0,0.0,18.36687808038958,0.0,0.0,48.14114322326033
2025-10-13T16:30:00Z,2025-10-13T16:45:00Z,2025-10-13,2025-10-13_75,100.0,0,38,0,176.9844720496892,149.81055900621095,0.07548309178743962,0.0,0.0,True,True,True,False,11290.75,0.0,0.0,18.36687808038958,0.0,0.0,11309.11687808039
2025-10-13T16:45:00Z,2025-10-13T17:00:00Z,2025-10-13,2025-10-13_76,100.0,0,38,0,149.81055900621095,122.6366459627327,0.0754830917874396,0.0,0.0,True,True,True,False,11475.5,0.0,0.0,18.36687808038958,0.0,0.0,11493.86687808039
2025-10-13T17:00:00Z,2025-10-13T17:15:00Z,2025-10-13,2025-10-13_77,100.0,0,0,0,122.6366459627327,95.46273291925444,0.07548309178743962,0.0,0.0,True,True,True,False,11477.0,0.0,0.0,0.0,0.0,0.0,11477.0
2025-10-13T17:15:00Z,2025-10-13T17:30:00Z,2025-10-13,2025-10-13_78,100.0,0,0,0,95.46273291925444,68.28881987577617,0.07548309178743962,0.0,0.0,True,True,True,False,10989.5,0.0,0.0,0.0,0.0,0.0,10989.5
2025-10-13T17:30:00Z,2025-10-13T17:45:00Z,2025-10-13,2025-10-13_79,100.0,0,0,0,68.28881987577617,41.114906832297905,0.07548309178743962,0.0,0.0,True,True,True,False,9124.0,0.0,0.0,0.0,0.0,0.0,9124.0
2025-10-13T17:45:00Z,2025-10-13T18:00:00Z,2025-10-13,2025-10-13_80,-100.0,0,0,0,41.114906832297905,64.1149068322979,0.0638888888888889,0.0,0.0,True,True,True,False,-6408.750000000001,0.0,0.0,0.0,0.0,0.0,-6408.750000000001
2025-10-13T18:00:00Z,2025-10-13T18:15:00Z,2025-10-13,2025-10-13_81,100.0,0,100,0,64.1149068322979,37.14409937888175,0.07491890959282263,0.0,0.18685714285714286,True,True,True,False,10397.25,0.0,0.0,48.51061323070277,0.0,-13.932556123751365,10431.828057106952
2025-10-13T18:15:00Z,2025-10-13T18:30:00Z,2025-10-13,2025-10-13_82,100.0,0,100,0,37.14409937888175,9.999999999999762,0.07540027605244996,0.0,0.027428571428571427,True,True,True,False,9584.5,0.0,0.0,48.51061323070277,0.0,-2.1543441733125004,9630.85626905739
2025-10-13T18:30:00Z,2025-10-13T18:45:00Z,2025-10-13,2025-10-13_83,13.454893573753857,0,100,0,9.999999999999762,9.999999999999767,0.017160328550017832,0.0,3.879428571428571,True,True,True,False,919.7428874678793,0.0,0.0,48.51061323070277,0.0,212.0053971931813,1180.2588978917634
2025-10-13T18:45:00Z,2025-10-13T19:00:00Z,2025-10-13,2025-10-13_84,3.089316242435218e-14,0,100,0,9.999999999999767,28.090354285714046,0.05025098412698413,0.0,19.66342857142857,True,True,True,False,1.5394835165115301e-12,0.0,0.0,48.51061323070277,0.0,2901.3045798327576,2949.8151930634617
2025-10-13T19:00:00Z,2025-10-13T19:15:00Z,2025-10-13,2025-10-13_85,88.0,12,100,0,28.090354285714046,10.138659816148827,0.05329277416149068,0.0,5.587428571428572,True,True,True,False,5802.94,0.0,13.547626995503366,48.24552791250221,0.0,-321.1188797410299,5543.614275166975
2025-10-13T19:15:00Z,2025-10-13T19:30:00Z,2025-10-13,2025-10-13_86,20.776713986129835,12,100,0,10.138659816148827,9.999999999999766,0.023743208902801932,0.0,5.76857142857143,True,True,True,False,1229.0984576344756,0.0,13.547626995503366,48.24552791250221,0.0,-367.8884425606401,923.0031699818411
2025-10-13T19:30:00Z,2025-10-13T19:45:00Z,2025-10-13,2025-10-13_87,0.914600909797717,12,100,0,9.999999999999766,11.507634285714046,0.005463359412335209,0.0,1.9057142857142857,True,True,True,False,48.92428916735438,0.0,13.547626995503366,48.24552791250221,0.0,-119.78978650112626,-9.0723424257663
2025-10-13T19:45:00Z,2025-10-13T20:00:00Z,2025-10-13,2025-10-13_88,0.0,12,100,0,11.507634285714046,19.782608695651934,0.02299059489302968,0.0007542857142857142,8.995428571428572,True,True,True,False,0.0,0.0,13.547626995503366,48.24552791250221,0.11700781791303518,3355.849310581814,3417.7594733077326
2025-10-13T20:00:00Z,2025-10-13T20:15:00Z,2025-10-13,2025-10-13_89,0.0,82,82,18,19.782608695651934,23.685227667080508,0.010840608253968256,0.0,4.241977142857143,True,True,True,False,0.0,197.4885620594184,92.57545113593967,39.561332888251805,0.0,54.86158276300252,384.4869288466124
2025-10-13T20:15:00Z,2025-10-13T20:30:00Z,2025-10-13,2025-10-13_90,0.0,82,82,18,23.685227667080508,23.78839487204945,0.000671392684610076,0.06372571428571429,0.18742857142857144,True,True,True,False,0.0,197.4885620594184,92.57545113593967,39.561332888251805,9.862388599928751,-14.73754533800482,324.7501893455338
2025-10-13T20:30:00Z,2025-10-13T20:45:00Z,2025-10-13,2025-10-13_91,0.0,82,82,18,23.78839487204945,23.93794820372647,0.0005257778881987578,0.018274285714285715,0.18414857142857144,True,True,True,False,0.0,197.4885620594184,92.57545113593967,39.561332888251805,2.834780315802171,-14.516159208278518,317.94396719113354
2025-10-13T20:45:00Z,2025-10-13T21:00:00Z,2025-10-13,2025-10-13_92,0.0,82,82,18,23.93794820372647,25.907401997515294,0.005835715334713596,0.06044571428571428,2.2121257142857145,True,True,True,False,0.0,197.4885620594184,92.57545113593967,39.561332888251805,9.427190844037263,-110.85170583103547,228.20083109661167
2025-10-13T21:00:00Z,2025-10-13T21:15:00Z,2025-10-14,2025-10-13_93,-71.0,71,0,29,25.907401997515294,42.20903445465815,0.045282312380952386,0.030834285714285713,0.0,True,True,True,False,-2264.9,318.3260318645266,87.47549260357937,0.0,4.484113086795333,0.0,-1854.6143624450988
2025-10-13T21:15:00Z,2025-10-13T21:30:00Z,2025-10-14,2025-10-13_94,-70.18571255738722,71,0,29,42.20903445465815,58.35174834285722,0.04484087191166407,0.0,0.0,True,True,True,False,-2325.6035855890254,318.3260318645266,87.47549260357937,0.0,0.0,0.0,-1919.8020611209195
2025-10-13T21:30:00Z,2025-10-13T21:45:00Z,2025-10-14,2025-10-13_95,-71.0,71,0,29,58.35174834285722,74.64143657142866,0.04524913396825398,0.04381714285714285,0.0,True,True,True,False,-2060.9525,318.3260318645266,87.47549260357937,0.0,6.298166603708454,0.0,-1648.8528089281854
2025-10-13T21:45:00Z,2025-10-13T22:00:00Z,2025-10-14,2025-10-13_96,-71.0,71,0,29,74.64143657142866,90.93560388571439,0.04526157587301588,0.03894857142857143,0.0,True,True,True,False,-1890.5525,318.3260318645266,87.47549260357937,0.0,5.556921988880813,0.0,-1479.1940535430133
2025-10-13T22:00:00Z,2025-10-13T22:15:00Z,2025-10-14,2025-10-14_1,0.0,0,0,100,90.93560388571439,90.93560388571439,0.0,0.0,0.0,True,True,True,False,0.0,1097.6759719466436,0.0,0.0,0.0,0.0,1097.6759719466436
2025-10-13T22:15:00Z,2025-10-13T22:30:00Z,2025-10-14,2025-10-14_2,0.0,0,0,100,90.93560388571439,90.93560388571439,0.0,0.0,0.0,True,True,True,False,0.0,1097.6759719466436,0.0,0.0,0.0,0.0,1097.6759719466436
2025-10-13T22:30:00Z,2025-10-13T22:45:00Z,2025-10-14,2025-10-14_3,0.0,0,0,100,90.93560388571439,90.93560388571439,0.0,0.0,0.0,True,True,True,False,0.0,1097.6759719466436,0.0,0.0,0.0,0.0,1097.6759719466436
2025-10-13T22:45:00Z,2025-10-13T23:00:00Z,2025-10-14,2025-10-14_4,0.0,0,0,100,90.93560388571439,90.93560388571439,0.0,0.0,0.0,True,True,True,False,0.0,1097.6759719466436,0.0,0.0,0.0,0.0,1097.6759719466436
2025-10-13T23:00:00Z,2025-10-13T23:15:00Z,2025-10-14,2025-10-14_5,0.0,0,0,100,90.93560388571439,90.93560388571439,0.0,0.0,0.0,True,True,True,False,0.0,1097.6759719466436,0.0,0.0,0.0,0.0,1097.6759719466436
2025-10-13T23:15:00Z,2025-10-13T23:30:00Z,2025-10-14,2025-10-14_6,0.0,0,0,100,90.93560388571439,90.93560388571439,0.0,0.0,0.0,True,True,True,False,0.0,1097.6759719466436,0.0,0.0,0.0,0.0,1097.6759719466436
2025-10-13T23:30:00Z,2025-10-13T23:45:00Z,2025-10-14,2025-10-14_7,0.0,0,0,100,90.93560388571439,90.93560388571439,0.0,0.0,0.0,True,True,True,False,0.0,1097.6759719466436,0.0,0.0,0.0,0.0,1097.6759719466436
2025-10-13T23:45:00Z,2025-10-14T00:00:00Z,2025-10-14,2025-10-14_8,0.0,0,0,100,90.93560388571439,90.93560388571439,0.0,0.0,0.0,True,True,True,False,0.0,1097.6759719466436,0.0,0.0,0.0,0.0,1097.6759719466436
2025-10-14T00:00:00Z,2025-10-14T00:15:00Z,2025-10-14,2025-10-14_9,-40.99999999999996,41,0,59,90.93560388571439,100.34189417142866,0.0261285841269841,0.02577142857142857,0.0,True,True,True,False,-1074.7124999999987,647.6288234485197,44.31605209909042,0.0,3.8427036295924175,0.0,-378.9249208227962
2025-10-14T00:15:00Z,2025-10-14T00:30:00Z,2025-10-14,2025-10-14_10,-40.99999999999993,41,0,59,100.34189417142866,109.77081645714293,0.026191450793650747,0.0011714285714285713,0.0,True,True,True,False,-1040.579999999998,647.6288234485197,44.31605209909042,0.0,0.17466834679965534,0.0,-348.4604561055883
2025-10-14T00:30:00Z,2025-10-14T00:45:00Z,2025-10-14,2025-10-14_11,-40.99999999999993,41,0,59,109.77081645714293,118.97277211428577,0.02556098793650789,0.24787428571428574,0.0,True,True,True,False,-1027.3574999999983,647.6288234485197,44.31605209909042,0.0,36.95982218280708,0.0,-298.45280226958107
2025-10-14T00:45:00Z,2025-10-14T01:00:00Z,2025-10-14,2025-10-14_12,-40.99999999999993,41,0,59,118.97277211428577,127.51689097142862,0.023733663492063458,0.9629142857142857,0.0,True,True,True,False,-1009.3174999999983,647.6288234485197,44.31605209909042,0.0,136.38905369035223,0.0,-180.98357076203592
2025-10-14T01:00:00Z,2025-10-14T01:15:00Z,2025-10-14,2025-10-14_13,0.0,0,0,100,127.51689097142862,127.51689097142862,0.0,0.0,0.0,True,True,True,False,0.0,1097.6759719466436,0.0,0.0,0.0,0.0,1097.6759719466436
2025-10-14T01:15:00Z,2025-10-14T01:30:00Z,2025-10-14,2025-10-14_14,0.0,0,0,100,127.51689097142862,127.51689097142862,0.0,0.0,0.0,True,True,True,False,0.0,1097.6759719466436,0.0,0.0,0.0,0.0,1097.6759719466436
2025-10-14T01:30:00Z,2025-10-14T01:45:00Z,2025-10-14,2025-10-14_15,0.0,0,0,100,127.51689097142862,127.51689097142862,0.0,0.0,0.0,True,True,True,False,0.0,1097.6759719466436,0.0,0.0,0.0,0.0,1097.6759719466436
2025-10-14T01:45:00Z,2025-10-14T02:00:00Z,2025-10-14,2025-10-14_16,0.0,0,0,100,127.51689097142862,127.51689097142862,0.0,0.0,0.0,True,True,True,False,0.0,1097.6759719466436,0.0,0.0,0.0,0.0,1097.6759719466436
2025-10-14T02:00:00Z,2025-10-14T02:15:00Z,2025-10-14,2025-10-14_17,0.0,0,0,100,127.51689097142862,127.51689097142862,0.0,0.0,0.0,True,True,True,False,0.0,1097.6759719466436,0.0,0.0,0.0,0.0,1097.6759719466436
2025-10-14T02:15:00Z,2025-10-14T02:30:00Z,2025-10-14,2025-10-14_18,0.0,0,0,100,127.51689097142862,127.51689097142862,0.0,0.0,0.0,True,True,True,False,0.0,1097.6759719466436,0.0,0.0,0.0,0.0,1097.6759719466436
2025-10-14T02:30:00Z,2025-10-14T02:45:00Z,2025-10-14,2025-10-14_19,0.0,0,0,100,127.51689097142862,127.51689097142862,0.0,0.0,0.0,True,True,True,False,0.0,1097.6759719466436,0.0,0.0,0.0,0.0,1097.6759719466436
2025-10-14T02:45:00Z,2025-10-14T03:00:00Z,2025-10-14,2025-10-14_20,0.0,0,0,100,127.51689097142862,127.51689097142862,0.0,0.0,0.0,True,True,True,False,0.0,1097.6759719466436,0.0,0.0,0.0,0.0,1097.6759719466436
2025-10-14T03:00:00Z,2025-10-14T03:15:00Z,2025-10-14,2025-10-14_21,-52.99999999999999,53,0,47,127.51689097142862,139.70689097142863,0.033861111111111106,0.0,0.0,True,True,True,False,-1372.4349999999997,515.9077068149224,68.78140777557314,0.0,0.0,0.0,-787.7458854095041
2025-10-14T03:15:00Z,2025-10-14T03:30:00Z,2025-10-14,2025-10-14_22,-52.99999999999999,53,0,47,139.70689097142863,151.85286765714292,0.033738824126984125,0.04785142857142857,0.0,True,True,True,False,-1466.9074999999998,515.9077068149224,68.78140777557314,0.0,6.100932586067057,0.0,-876.1174528234371
2025-10-14T03:30:00Z,2025-10-14T03:45:00Z,2025-10-14,2025-10-14_23,-52.99999999999999,53,0,47,151.85286765714292,163.13230948571433,0.03133178285714286,0.9897371428571428,0.0,True,True,True,False,-1499.1049999999998,515.9077068149224,68.78140777557314,0.0,144.47657951117108,0.0,-769.9393058983331
2025-10-14T03:45:00Z,2025-10-14T04:00:00Z,2025-10-14,2025-10-14_24,-52.99999999999999,53,0,47,163.13230948571433,168.38000000000005,0.014576918095238098,7.545988571428572,0.0,True,True,True,False,-1737.8699999999997,515.9077068149224,68.78140777557314,0.0,1424.8299360453077,0.0,271.64905063580363
2025-10-14T04:00:00Z,2025-10-14T04:15:00Z,2025-10-14,2025-10-14_25,-100.0,100,0,0,168.38000000000005,184.77440000000004,0.045540000000000004,7.180000000000001,0.0,True,True,True,False,-3212.5,0.0,149.99115965660178,0.0,1621.9129560143806,0.0,-1440.5958843290177
2025-10-14T04:15:00Z,2025-10-14T04:30:00Z,2025-10-14,2025-10-14_26,-99.47831463082036,100,0,0,184.77440000000004,190.0,0.015119508079226119,19.17142857142857,0.0,True,True,True,False,-4094.030038631412,0.0,149.99115965660178,0.0,5554.317225198627,0.0,1610.2783462238167
2025-10-14T04:30:00Z,2025-10-14T04:45:00Z,2025-10-14,2025-10-14_27,0.0,100,0,0,190.0,167.25155279503105,0.06319013112491373,20.92857142857143,0.0,True,True,True,False,0.0,0.0,149.99115965660178,0.0,6442.91887090573,0.0,6592.9100305623315
2025-10-14T04:45:00Z,2025-10-14T05:00:00Z,2025-10-14,2025-10-14_28,0.0,100,0,0,167.25155279503105,148.8167701863354,0.051207729468599035,16.96,0.0,True,True,True,False,0.0,0.0,149.99115965660178,0.0,6395.405661748817,0.0,6545.396821405418
2025-10-14T05:00:00Z,2025-10-14T05:15:00Z,2025-10-14,2025-10-14_29,100.0,0,100,0,148.8167701863354,121.64285714285714,0.07548309178743962,0.0,0.0,True,True,True,False,8812.5,0.0,0.0,47.35477280317467,0.0,0.0,8859.854772803175
2025-10-14T05:15:00Z,2025-10-14T05:30:00Z,2025-10-14,2025-10-14_30,100.0,0,100,0,121.64285714285714,94.52049689440993,0.07533988957902,0.0,0.04742857142857143,True,True,True,False,8839.5,0.0,0.0,47.35477280317467,0.0,-3.7269765183640597,8883.12779628481
2025-10-14T05:30:00Z,2025-10-14T05:45:00Z,2025-10-14,2025-10-14_31,100.0,0,100,0,94.52049689440993,67.48571428571428,0.07509661835748792,0.0,0.128,True,True,True,False,7252.500000000001,0.0,0.0,47.35477280317467,0.0,-10.058346266428305,7289.796426536747
2025-10-14T05:45:00Z,2025-10-14T06:00:00Z,2025-10-14,2025-10-14_32,0.0,0,100,0,67.48571428571428,68.99030857142857,0.004179428571428572,0.0,1.6354285714285715,True,True,True,False,0.0,0.0,0.0,47.35477280317467,0.0,-107.56726771646915,-60.21249491329448
2025-10-14T06:00:00Z,2025-10-14T06:15:00Z,2025-10-14,2025-10-14_33,100.0,0,100,0,68.99030857142857,41.864221614906825,0.07535024154589372,0.0,0.044000000000000004,True,True,True,False,5888.75,0.0,0.0,47.35477280317467,0.0,-3.4541854114688726,5932.650587391706
2025-10-14T06:15:00Z,2025-10-14T06:30:00Z,2025-10-14,2025-10-14_34,99.62016548856015,0,100,0,41.864221614906825,18.669522663354012,0.06449898761952848,0.0,3.5679999999999996,True,True,True,False,5681.587088226306,0.0,0.0,47.35477280317467,0.0,-223.0618580437302,5505.88000298575
2025-10-14T06:30:00Z,2025-10-14T06:45:00Z,2025-10-14,2025-10-14_35,0.0,0,100,0,18.669522663354012,24.149042663354013,0.015220888888888891,0.0,5.956,True,True,True,False,0.0,0.0,0.0,47.35477280317467,0.0,-380.18803764021766,-332.833264837043
2025-10-14T06:45:00Z,2025-10-14T07:00:00Z,2025-10-14,2025-10-14_36,0.0,0,100,0,24.149042663354013,42.841865520496874,0.05192450793650795,0.0,20.318285714285718,True,True,True,False,0.0,0.0,0.0,47.35477280317467,0.0,-385.0467421229735,-337.69196931979883
2025-10-14T07:00:00Z,2025-10-14T07:15:00Z,2025-10-14,2025-10-14_37,0.0,86,86,14,42.841865520496874,46.9348561490683,0.011369418412698415,0.0,4.4489028571428575,True,True,True,False,0.0,153.67463607253012,93.76657564387168,41.73879732039369,0.0,-216.30007557455218,72.8799334622433
2025-10-14T07:15:00Z,2025-10-14T07:30:00Z,2025-10-14,2025-10-14_38,0.0,86,86,14,46.9348561490683,51.31900837763973,0.012178200634920635,0.0,4.765382857142857,True,True,True,False,0.0,153.67463607253012,93.76657564387168,41.73879732039369,0.0,-288.69028803578794,0.48972100100753835
2025-10-14T07:30:00Z,2025-10-14T07:45:00Z,2025-10-14,2025-10-14_39,0.0,86,86,14,51.31900837763973,57.98814620621116,0.01852538285714286,0.0,7.2490628571428575,True,True,True,False,0.0,153.67463607253012,93.76657564387168,41.73879732039369,0.0,-328.5169960906037,-39.336987053808215
2025-10-14T07:45:00Z,2025-10-14T08:00:00Z,2025-10-14,2025-10-14_40,0.0,86,86,14,57.98814620621116,64.61071626335402,0.018396027936507936,0.0,7.198445714285714,True,True,True,False,0.0,153.67463607253012,93.76657564387168,41.73879732039369,0.0,-216.44266719053886,72.73734184625663
2025-10-14T08:00:00Z,2025-10-14T08:15:00Z,2025-10-14,2025-10-14_41,0.0,0,0,100,64.61071626335402,64.61071626335402,0.0,0.0,0.0,True,False,True,False,0.0,1097.6759719466436,0.0,0.0,0.0,0.0,1097.6759719466436
2025-10-14T08:15:00Z,2025-10-14T08:30:00Z,2025-10-14,2025-10-14_42,0.0,0,0,100,64.61071626335402,64.61071626335402,0.0,0.0,0.0,True,False,True,False,0.0,1097.6759719466436,0.0,0.0,0.0,0.0,1097.6759719466436
2025-10-14T08:30:00Z,2025-10-14T08:45:00Z,2025-10-14,2025-10-14_43,0.0,0,0,100,64.61071626335402,64.61071626335402,0.0,0.0,0.0,True,False,True,False,0.0,1097.6759719466436,0.0,0.0,0.0,0.0,1097.6759719466436
2025-10-14T08:45:00Z,2025-10-14T09:00:00Z,2025-10-14,2025-10-14_44,0.0,0,0,100,64.61071626335402,64.61071626335402,0.0,0.0,0.0,True,False,True,False,0.0,1097.6759719466436,0.0,0.0,0.0,0.0,1097.6759719466436
2025-10-14T09:00:00Z,2025-10-14T09:15:00Z,2025-10-14,2025-10-14_45,0.0,0,0,100,64.61071626335402,64.61071626335402,0.0,0.0,0.0,True,False,True,False,0.0,1097.6759719466436,0.0,0.0,0.0,0.0,1097.6759719466436
2025-10-14T09:15:00Z,2025-10-14T09:30:00Z,2025-10-14,2025-10-14_46,0.0,0,0,100,64.61071626335402,64.61071626335402,0.0,0.0,0.0,True,False,True,False,0.0,1097.6759719466436,0.0,0.0,0.0,0.0,1097.6759719466436
2025-10-14T09:30:00Z,2025-10-14T09:45:00Z,2025-10-14,2025-10-14_47,0.0,0,0,100,64.61071626335402,64.61071626335402,0.0,0.0,0.0,True,False,True,False,0.0,1097.6759719466436,0.0,0.0,0.0,0.0,1097.6759719466436
2025-10-14T09:45:00Z,2025-10-14T10:00:00Z,2025-10-14,2025-10-14_48,0.0,0,0,100,64.61071626335402,64.61071626335402,0.0,0.0,0.0,True,False,True,False,0.0,1097.6759719466436,0.0,0.0,0.0,0.0,1097.6759719466436
2025-10-14T10:00:00Z,2025-10-14T10:15:00Z,2025-10-14,2025-10-14_49,0.0,100,100,0,64.61071626335402,74.78223626335402,0.02825422222222222,0.0,11.056,True,True,True,False,0.0,0.0,106.49667013732001,48.53348525627173,0.0,2252.7628972752095,2407.7930526688015
2025-10-14T10:15:00Z,2025-10-14T10:30:00Z,2025-10-14,2025-10-14_50,0.0,100,100,0,74.78223626335402,87.59284197763974,0.03558501587301587,0.0,13.924571428571427,True,True,True,False,0.0,0.0,106.49667013732001,48.53348525627173,0.0,571.2895794522356,726.3197348458273
2025-10-14T10:30:00Z,2025-10-14T10:45:00Z,2025-10-14,2025-10-14_51,0.0,100,100,0,87.59284197763974,90.0370904248447,0.007010420979986199,0.036571428571428574,2.7,True,True,True,False,0.0,0.0,106.49667013732001,48.53348525627173,3.412653197538175,-29.59269591183231,128.8501126792976
2025-10-14T10:45:00Z,2025-10-14T11:00:00Z,2025-10-14,2025-10-14_52,0.0,100,100,0,90.0370904248447,89.78403203975154,0.0057118288474810215,1.0622857142857143,0.98,True,True,True,False,0.0,0.0,106.49667013732001,48.53348525627173,109.69321347885754,-57.58402451721902,207.13934435523026
2025-10-14T11:00:00Z,2025-10-14T11:15:00Z,2025-10-14,2025-10-14_53,-28.0,28,0,72,89.78403203975154,96.22285443975154,0.01788561777777778,0.00128,0.0,True,True,True,False,-766.71,790.3266998015833,29.819067638449603,0.0,0.11944286191383613,0.0,53.55521030194675
2025-10-14T11:15:00Z,2025-10-14T11:30:00Z,2025-10-14,2025-10-14_54,-27.999999999999954,28,0,72,96.22285443975154,102.59676163975153,0.01770529777777775,0.07184,0.0,True,True,True,False,-756.7699999999987,790.3266998015833,29.819067638449603,0.0,6.703730624914052,0.0,70.07949806494827
2025-10-14T11:30:00Z,2025-10-14T11:45:00Z,2025-10-14,2025-10-14_55,-27.999999999999925,28,0,72,102.59676163975153,108.20905603975152,0.01558970666666663,0.89968,0.0,True,True,True,False,-771.8899999999979,790.3266998015833,29.819067638449603,0.0,92.90460161483605,0.0,141.16036905487107
2025-10-14T11:45:00Z,2025-10-14T12:00:00Z,2025-10-14,2025-10-14_56,-28.0,28,0,72,108.20905603975152,113.75157763975152,0.015395893333333336,0.97552,0.0,True,True,True,False,-763.14,790.3266998015833,29.819067638449603,0.0,92.37879078246863,0.0,149.3845582225016
2025-10-14T12:00:00Z,2025-10-14T12:15:00Z,2025-10-14,2025-10-14_57,0.0,0,0,100,113.75157763975152,113.75157763975152,0.0,0.0,0.0,True,True,True,False,0.0,1097.6759719466436,0.0,0.0,0.0,0.0,1097.6759719466436
2025-10-14T12:15:00Z,2025-10-14T12:30:00Z,2025-10-14,2025-10-14_58,0.0,0,0,100,113.75157763975152,113.75157763975152,0.0,0.0,0.0,True,True,True,False,0.0,1097.6759719466436,0.0,0.0,0.0,0.0,1097.6759719466436
2025-10-14T12:30:00Z,2025-10-14T12:45:00Z,2025-10-14,2025-10-14_59,0.0,0,0,100,113.75157763975152,113.75157763975152,0.0,0.0,0.0,True,True,True,False,0.0,1097.6759719466436,0.0,0.0,0.0,0.0,1097.6759719466436
2025-10-14T12:45:00Z,2025-10-14T13:00:00Z,2025-10-14,2025-10-14_60,0.0,0,0,100,113.75157763975152,113.75157763975152,0.0,0.0,0.0,True,True,True,False,0.0,1097.6759719466436,0.0,0.0,0.0,0.0,1097.6759719466436
2025-10-14T13:00:00Z,2025-10-14T13:15:00Z,2025-10-14,2025-10-14_61,0.0,100,100,0,113.75157763975152,124.8241719254658,0.03075720634920635,0.0,12.035428571428572,True,True,True,False,0.0,0.0,113.21533111997329,49.27018053945739,0.0,942.9758167495039,1105.4613284089346
2025-10-14T13:15:00Z,2025-10-14T13:30:00Z,2025-10-14,2025-10-14_62,0.0,100,100,0,124.8241719254658,133.75237763975153,0.024800571428571432,0.0,9.704571428571429,True,True,True,False,0.0,0.0,113.21533111997329,49.27018053945739,0.0,318.22254966729434,480.70806132672504
2025-10-14T13:30:00Z,2025-10-14T13:45:00Z,2025-10-14,2025-10-14_63,0.0,100,100,0,133.75237763975153,143.86186335403724,0.028081904761904766,0.0,10.98857142857143,True,True,True,False,0.0,0.0,113.21533111997329,49.27018053945739,0.0,4079.706015643198,4242.191527302629
2025-10-14T13:45:00Z,2025-10-14T14:00:00Z,2025-10-14,2025-10-14_64,0.0,100,100,0,143.86186335403724,143.99999999999997,0.0007115251897860594,0.05428571428571429,0.2142857142857143,True,True,True,False,0.0,0.0,113.21533111997329,49.27018053945739,4.495946632390457,-14.49647929816093,152.4849789936602
2025-10-14T14:00:00Z,2025-10-14T14:15:00Z,2025-10-14,2025-10-14_65,-100.0,0,0,0,143.99999999999997,166.99999999999997,0.06388888888888888,0.0,0.0,True,True,True,False,-2925.25,0.0,0.0,0.0,0.0,0.0,-2925.25
2025-10-14T14:15:00Z,2025-10-14T14:30:00Z,2025-10-14,2025-10-14_66,-100.0,0,0,0,166.99999999999997,189.99999999999997,0.06388888888888888,0.0,0.0,True,True,True,False,-3315.2500000000005,0.0,0.0,0.0,0.0,0.0,-3315.2500000000005
2025-10-14T14:30:00Z,2025-10-14T14:45:00Z,2025-10-14,2025-10-14_67,0.0,0,0,0,189.99999999999997,189.99999999999997,0.0,0.0,0.0,True,True,True,False,0.0,0.0,0.0,0.0,0.0,0.0,0.0
2025-10-14T14:45:00Z,2025-10-14T15:00:00Z,2025-10-14,2025-10-14_68,100.0,0,0,0,189.99999999999997,162.82608695652172,0.0754830917874396,0.0,0.0,True,True,True,False,11823.0,0.0,0.0,0.0,0.0,0.0,11823.0
2025-10-14T15:00:00Z,2025-10-14T15:15:00Z,2025-10-14,2025-10-14_69,-100.0,0,0,0,162.82608695652172,185.82608695652172,0.06388888888888888,0.0,0.0,True,True,True,False,-3334.25,0.0,0.0,0.0,0.0,0.0,-3334.25
2025-10-14T15:15:00Z,2025-10-14T15:30:00Z,2025-10-14,2025-10-14_70,-18.147448015122706,0,0,0,185.82608695652172,189.99999999999997,0.011594202898550619,0.0,0.0,True,True,True,False,-1158.3516068052822,0.0,0.0,0.0,0.0,0.0,-1158.3516068052822
2025-10-14T15:30:00Z,2025-10-14T15:45:00Z,2025-10-14,2025-10-14_71,0.0,0,0,0,189.99999999999997,189.99999999999997,0.0,0.0,0.0,True,True,True,False,0.0,0.0,0.0,0.0,0.0,0.0,0.0
2025-10-14T15:45:00Z,2025-10-14T16:00:00Z,2025-10-14,2025-10-14_72,100.0,0,0,0,189.99999999999997,162.82608695652172,0.07548309178743962,0.0,0.0,True,True,True,False,11005.25,0.0,0.0,0.0,0.0,0.0,11005.25
2025-10-14T16:00:00Z,2025-10-14T16:15:00Z,2025-10-14,2025-10-14_73,0.0,0,100,0,162.82608695652172,163.02270409937887,0.0005461587301587302,0.0,0.2137142857142857,True,True,True,False,0.0,0.0,0.0,47.38424061450209,0.0,-17.23682567123464,30.14741494326745
2025-10-14T16:15:00Z,2025-10-14T16:30:00Z,2025-10-14,2025-10-14_74,65.00772328076064,0,100,0,163.02270409937887,145.463354037267,0.04895993179236493,0.0,0.10285714285714286,True,True,True,False,6564.1548582748055,0.0,0.0,47.38424061450209,0.0,-8.19563483488203,6603.343464054426
2025-10-14T16:30:00Z,2025-10-14T16:45:00Z,2025-10-14,2025-10-14_75,100.0,0,100,0,145.463354037267,118.3155279503105,0.07541062801932366,0.0,0.024,True,True,True,False,13254.249999999998,0.0,0.0,47.38424061450209,0.0,-1.9701329980551248,13299.664107616445
2025-10-14T16:45:00Z,2025-10-14T17:00:00Z,2025-10-14,2025-10-14_76,100.0,0,100,0,118.3155279503105,91.3739130434782,0.07483781918564526,0.0,0.2137142857142857,True,True,True,False,14028.75,0.0,0.0,47.38424061450209,0.0,-17.12984887222476,14059.004391742277
2025-10-14T17:00:00Z,2025-10-14T17:15:00Z,2025-10-14,2025-10-14_77,100.0,0,100,0,91.3739130434782,64.2627329192546,0.0753088336783989,0.0,0.057714285714285725,True,True,True,False,13689.500000000002,0.0,0.0,48.238807142997466,0.0,-4.66882187690313,13733.069985266096
2025-10-14T17:15:00Z,2025-10-14T17:30:00Z,2025-10-14,2025-10-14_78,100.0,0,100,0,64.2627329192546,37.11180124223597,0.07541925465838509,0.0,0.021142857142857144,True,True,True,False,12986.000000000002,0.0,0.0,48.238807142997466,0.0,-1.7029588489030958,13032.535848294096
2025-10-14T17:30:00Z,2025-10-14T17:45:00Z,2025-10-14,2025-10-14_79,100.0,0,100,0,37.11180124223597,9.999999999999954,0.07531055900621116,0.0,0.05714285714285715,True,True,True,False,11727.5,0.0,0.0,48.238807142997466,0.0,-4.602591483521881,11771.136215659475
2025-10-14T17:45:00Z,2025-10-14T18:00:00Z,2025-10-14,2025-10-14_80,0.10812001387311354,0,100,0,9.999999999999954,13.343738414906793,0.009427453523738898,0.0,3.665714285714286,True,True,True,False,10.258697216315694,0.0,0.0,48.238807142997466,0.0,-238.7067514965439,-180.20924713723073
2025-10-14T18:00:00Z,2025-10-14T18:15:00Z,2025-10-14,2025-10-14_81,27.0,73,100,0,13.343738414906793,9.999999999999961,0.024726434009661832,0.0,4.137714285714286,True,True,True,False,2741.31,0.0,119.06616505903384,47.855725595740914,0.0,-280.80743543041245,2627.424455224362
2025-10-14T18:15:00Z,2025-10-14T18:30:00Z,2025-10-14,2025-10-14_82,18.824771223947995,73,100,0,9.999999999999961,9.999999999999963,0.022307159026970266,0.0,5.376571428571429,True,True,True,False,1510.264333369288,0.0,119.06616505903384,47.855725595740914,0.0,-347.09057170360444,1330.0956523204582
2025-10-14T18:30:00Z,2025-10-14T18:45:00Z,2025-10-14,2025-10-14_83,0.0,73,100,0,9.999999999999963,14.955908571428534,0.013766412698412698,0.0,5.386857142857142,True,True,True,False,0.0,0.0,119.06616505903384,47.855725595740914,0.0,-359.9383164057128,-193.01642575093803
2025-10-14T18:45:00Z,2025-10-14T19:00:00Z,2025-10-14,2025-10-14_84,0.0,73,100,0,14.955908571428534,18.73947428571425,0.010509904761904764,0.0,4.112571428571429,True,True,True,False,0.0,0.0,119.06616505903384,47.855725595740914,0.0,-291.94789327600677,-125.02600262123201
2025-10-14T19:00:00Z,2025-10-14T19:15:00Z,2025-10-14,2025-10-14_85,2.1381506832824174e-13,84,75,16,18.73947428571425,19.026855652173815,0.0012388612836440474,0.07296,0.39857142857142863,True,True,True,False,1.6504919661927798e-11,175.62815551146298,98.34351609924758,35.86969333831012,11.27225765082608,-32.10307559756512,289.01054700229815
2025-10-14T19:15:00Z,2025-10-14T19:30:00Z,2025-10-14,2025-10-14_86,-8.583267710930226,84,75,16,19.026855652173815,20.927199272856463,0.005796604250879148,0.09552000000000001,0.030857142857142854,True,True,True,False,-540.6814912807722,175.62815551146298,98.34351609924758,35.86969333831012,14.014416376245016,-2.485399401101815,-219.3111093566083
2025-10-14T19:30:00Z,2025-10-14T19:45:00Z,2025-10-14,2025-10-14_87,-8.317686657212148,84,75,16,20.927199272856463,20.20398052173906,0.016068111231671026,3.32256,1.0002857142857144,True,True,True,False,-460.0096605771178,175.62815551146298,98.34351609924758,35.86969333831012,914.1253332180814,-66.17806809028939,697.7789694996949
2025-10-14T19:45:00Z,2025-10-14T20:00:00Z,2025-10-14,2025-10-14_88,-9.00000000000006,84,75,16,20.20398052173906,21.34574534161485,0.012333059627329225,1.6992,0.9655714285714286,True,True,True,False,-424.12500000000284,175.62815551146298,98.34351609924758,35.86969333831012,267.0217208416007,-67.14328355611934,85.59480223449921
2025-10-14T20:00:00Z,2025-10-14T20:15:00Z,2025-10-14,2025-10-14_89,0.0,85,0,15,21.34574534161485,18.152173913043423,0.008871031746031747,2.9380857142857146,0.0,True,True,True,False,0.0,164.65139579199655,99.51427224328624,0.0,461.6886292865142,0.0,725.8542973217969
2025-10-14T20:15:00Z,2025-10-14T20:30:00Z,2025-10-14,2025-10-14_90,-85.0,85,0,15,18.152173913043423,37.63872019875771,0.05412929523809523,0.06897142857142856,0.0,True,True,True,False,-3334.975,164.65139579199655,99.51427224328624,0.0,9.9789813454722,0.0,-3060.830350619245
2025-10-14T20:30:00Z,2025-10-14T20:45:00Z,2025-10-14,2025-10-14_91,-85.0,85,0,15,37.63872019875771,56.36158762732914,0.05200796507936508,0.8990571428571429,0.0,True,True,True,False,-2809.2499999999995,164.65139579199655,99.51427224328624,0.0,141.0224901030251,0.0,-2404.061841861692
2025-10-14T20:45:00Z,2025-10-14T21:00:00Z,2025-10-14,2025-10-14_92,-85.0,85,0,15,56.36158762732914,75.89147905590058,0.054249698412698416,0.021857142857142856,0.0,True,True,True,False,-2722.3375,164.65139579199655,99.51427224328624,0.0,3.279571902862868,0.0,-2454.8922600618544
2025-10-14T21:00:00Z,2025-10-14T21:15:00Z,2025-10-15,2025-10-14_93,0.0,0,0,100,75.89147905590058,75.89147905590058,0.0,0.0,0.0,True,True,True,False,0.0,1024.4894750289902,0.0,0.0,0.0,0.0,1024.4894750289902
2025-10-14T21:15:00Z,2025-10-14T21:30:00Z,2025-10-15,2025-10-14_94,0.0,0,0,100,75.89147905590058,75.89147905590058,0.0,0.0,0.0,True,True,True,False,0.0,1024.4894750289902,0.0,0.0,0.0,0.0,1024.4894750289902
2025-10-14T21:30:00Z,2025-10-14T21:45:00Z,2025-10-15,2025-10-14_95,0.0,0,0,100,75.89147905590058,75.89147905590058,0.0,0.0,0.0,True,True,True,False,0.0,1024.4894750289902,0.0,0.0,0.0,0.0,1024.4894750289902
2025-10-14T21:45:00Z,2025-10-14T22:00:00Z,2025-10-15,2025-10-14_96,0.0,0,0,100,75.89147905590058,75.89147905590058,0.0,0.0,0.0,True,True,True,False,0.0,1024.4894750289902,0.0,0.0,0.0,0.0,1024.4894750289902
2025-10-14T22:00:00Z,2025-10-14T22:15:00Z,2025-10-15,2025-10-15_1,0.0,0,0,100,75.89147905590058,75.89147905590058,0.0,0.0,0.0,True,True,True,False,0.0,1024.4894750289902,0.0,0.0,0.0,0.0,1024.4894750289902
2025-10-14T22:15:00Z,2025-10-14T22:30:00Z,2025-10-15,2025-10-15_2,0.0,0,0,100,75.89147905590058,75.89147905590058,0.0,0.0,0.0,True,True,True,False,0.0,1024.4894750289902,0.0,0.0,0.0,0.0,1024.4894750289902
2025-10-14T22:30:00Z,2025-10-14T22:45:00Z,2025-10-15,2025-10-15_3,0.0,0,0,100,75.89147905590058,75.89147905590058,0.0,0.0,0.0,True,True,True,False,0.0,1024.4894750289902,0.0,0.0,0.0,0.0,1024.4894750289902
2025-10-14T22:45:00Z,2025-10-14T23:00:00Z,2025-10-15,2025-10-15_4,0.0,0,0,100,75.89147905590058,75.89147905590058,0.0,0.0,0.0,True,True,True,False,0.0,1024.4894750289902,0.0,0.0,0.0,0.0,1024.4894750289902
2025-10-14T23:00:00Z,2025-10-14T23:15:00Z,2025-10-15,2025-10-15_5,0.0,0,0,100,75.89147905590058,75.89147905590058,0.0,0.0,0.0,True,True,True,False,0.0,1024.4894750289902,0.0,0.0,0.0,0.0,1024.4894750289902
2025-10-14T23:15:00Z,2025-10-14T23:30:00Z,2025-10-15,2025-10-15_6,0.0,0,0,100,75.89147905590058,75.89147905590058,0.0,0.0,0.0,True,True,True,False,0.0,1024.4894750289902,0.0,0.0,0.0,0.0,1024.4894750289902
2025-10-14T23:30:00Z,2025-10-14T23:45:00Z,2025-10-15,2025-10-15_7,0.0,0,0,100,75.89147905590058,75.89147905590058,0.0,0.0,0.0,True,True,True,False,0.0,1024.4894750289902,0.0,0.0,0.0,0.0,1024.4894750289902
2025-10-14T23:45:00Z,2025-10-15T00:00:00Z,2025-10-15,2025-10-15_8,0.0,0,0,100,75.89147905590058,75.89147905590058,0.0,0.0,0.0,True,True,True,False,0.0,1024.4894750289902,0.0,0.0,0.0,0.0,1024.4894750289902
2025-10-15T00:00:00Z,2025-10-15T00:15:00Z,2025-10-15,2025-10-15_9,0.0,0,0,100,75.89147905590058,75.89147905590058,0.0,0.0,0.0,True,True,True,False,0.0,1024.4894750289902,0.0,0.0,0.0,0.0,1024.4894750289902
2025-10-15T00:15:00Z,2025-10-15T00:30:00Z,2025-10-15,2025-10-15_10,0.0,0,0,100,75.89147905590058,75.89147905590058,0.0,0.0,0.0,True,True,True,False,0.0,1024.4894750289902,0.0,0.0,0.0,0.0,1024.4894750289902
2025-10-15T00:30:00Z,2025-10-15T00:45:00Z,2025-10-15,2025-10-15_11,0.0,0,0,100,75.89147905590058,75.89147905590058,0.0,0.0,0.0,True,True,True,False,0.0,1024.4894750289902,0.0,0.0,0.0,0.0,1024.4894750289902
2025-10-15T00:45:00Z,2025-10-15T01:00:00Z,2025-10-15,2025-10-15_12,0.0,0,0,100,75.89147905590058,75.89147905590058,0.0,0.0,0.0,True,True,True,False,0.0,1024.4894750289902,0.0,0.0,0.0,0.0,1024.4894750289902
2025-10-15T01:00:00Z,2025-10-15T01:15:00Z,2025-10-15,2025-10-15_13,-71.0,71,0,29,75.89147905590058,92.20692202732914,0.04532067492063493,0.015822857142857142,0.0,True,True,True,False,-1935.105,297.10194775840716,78.3694648086637,0.0,2.032039365104323,0.0,-1557.6015480678248
2025-10-15T01:15:00Z,2025-10-15T01:30:00Z,2025-10-15,2025-10-15_14,-71.0,71,0,29,92.20692202732914,108.53057665590057,0.04534348507936508,0.006897142857142858,0.0,True,True,True,False,-1917.0,297.10194775840716,78.3694648086637,0.0,0.8622397823407356,0.0,-1540.6663476505885
2025-10-15T01:30:00Z,2025-10-15T01:45:00Z,2025-10-15,2025-10-15_15,-70.99999999999993,71,0,29,108.53057665590057,124.86057665590056,0.04536111111111107,0.0,0.0,True,True,True,False,-1895.167499999998,297.10194775840716,78.3694648086637,0.0,0.0,0.0,-1519.696087432927
2025-10-15T01:45:00Z,2025-10-15T02:00:00Z,2025-10-15,2025-10-15_16,-71.0,71,0,29,124.86057665590056,141.18833711304342,0.04535489015873016,0.0024342857142857144,0.0,True,True,True,False,-1899.25,297.10194775840716,78.3694648086637,0.0,0.34647484873074214,0.0,-1523.4321125841984
2025-10-15T02:00:00Z,2025-10-15T02:15:00Z,2025-10-15,2025-10-15_17,0.0,0,0,100,141.18833711304342,141.18833711304342,0.0,0.0,0.0,True,True,True,False,0.0,1024.4894750289902,0.0,0.0,0.0,0.0,1024.4894750289902
2025-10-15T02:15:00Z,2025-10-15T02:30:00Z,2025-10-15,2025-10-15_18,0.0,0,0,100,141.18833711304342,141.18833711304342,0.0,0.0,0.0,True,True,True,False,0.0,1024.4894750289902,0.0,0.0,0.0,0.0,1024.4894750289902
2025-10-15T02:30:00Z,2025-10-15T02:45:00Z,2025-10-15,2025-10-15_19,0.0,0,0,100,141.18833711304342,141.18833711304342,0.0,0.0,0.0,True,True,True,False,0.0,1024.4894750289902,0.0,0.0,0.0,0.0,1024.4894750289902
2025-10-15T02:45:00Z,2025-10-15T03:00:00Z,2025-10-15,2025-10-15_20,0.0,0,0,100,141.18833711304342,141.18833711304342,0.0,0.0,0.0,True,True,True,False,0.0,1024.4894750289902,0.0,0.0,0.0,0.0,1024.4894750289902
2025-10-15T03:00:00Z,2025-10-15T03:15:00Z,2025-10-15,2025-10-15_21,-63.0,63,0,37,141.18833711304342,153.06848111304342,0.033000400000000006,2.8367999999999998,0.0,True,True,True,False,-1777.86,379.0611057607264,77.99003518150906,0.0,440.68669620079004,0.0,-880.1221628569745
2025-10-15T03:15:00Z,2025-10-15T03:30:00Z,2025-10-15,2025-10-15_22,-63.0,63,0,37,153.06848111304342,163.14159791304343,0.027980880000000003,4.800960000000001,0.0,True,True,True,False,-1887.3225,379.0611057607264,77.99003518150906,0.0,738.68580781855,0.0,-691.5855512392146
2025-10-15T03:30:00Z,2025-10-15T03:45:00Z,2025-10-15,2025-10-15_23,-63.0,63,0,37,163.14159791304343,172.91199791304342,0.02714,5.13,0.0,True,True,True,False,-1978.9875000000002,379.0611057607264,77.99003518150906,0.0,982.4354822225279,0.0,-539.5008768352369
2025-10-15T03:45:00Z,2025-10-15T04:00:00Z,2025-10-15,2025-10-15_24,-40.90298254086568,63,0,37,172.91199791304342,172.98000000000002,0.02040408194881217,9.54432,0.0,True,True,True,False,-1821.8188423701572,379.0611057607264,77.99003518150906,0.0,1892.5400406769002,0.0,527.7723392489784
2025-10-15T04:00:00Z,2025-10-15T04:15:00Z,2025-10-15,2025-10-15_25,-100.0,100,0,0,172.98000000000002,184.73129142857144,0.032642476190476194,12.226857142857142,0.0,True,True,True,False,-2960.0,0.0,154.92639399359263,0.0,3795.0045976869483,0.0,989.930991680541
2025-10-15T04:15:00Z,2025-10-15T04:30:00Z,2025-10-15,2025-10-15_26,-100.0,100,0,0,184.73129142857144,189.99842285714286,0.014630920634920634,19.274857142857144,0.0,True,True,True,False,-3536.0,0.0,154.92639399359263,0.0,5732.829471603496,0.0,2351.755865597089
2025-10-15T04:30:00Z,2025-10-15T04:45:00Z,2025-10-15,2025-10-15_27,0.0,100,0,0,189.99842285714286,177.79593838509317,0.033895790200138026,11.226285714285716,0.0,True,True,True,False,0.0,0.0,154.92639399359263,0.0,2712.0044403388433,0.0,2866.930834332436
2025-10-15T04:45:00Z,2025-10-15T05:00:00Z,2025-10-15,2025-10-15_28,0.0,100,0,0,177.79593838509317,166.90898186335403,0.030241545893719805,10.016,0.0,True,True,True,False,0.0,0.0,154.92639399359263,0.0,2281.2006462391164,0.0,2436.127040232709
2025-10-15T05:00:00Z,2025-10-15T05:15:00Z,2025-10-15,2025-10-15_29,90.0,10,100,0,166.90898186335403,141.3146961490683,0.0710952380952381,1.0467428571428572,0.0,True,True,True,False,7393.500000000001,0.0,15.722596749149943,46.58110418836848,366.4507277265669,0.0,7822.254428664086
2025-10-15T05:15:00Z,2025-10-15T05:30:00Z,2025-10-15,2025-10-15_30,90.0,10,100,0,141.3146961490683,114.56096944099377,0.07431590752242925,2.1134285714285714,0.0,True,True,True,False,7771.499999999999,0.0,15.722596749149943,46.58110418836848,875.38702411604,0.0,8709.190725053557
2025-10-15T05:30:00Z,2025-10-15T05:45:00Z,2025-10-15,2025-10-15_31,90.0,10,100,0,114.56096944099377,88.5455657142857,0.07226501035196686,1.4341714285714287,0.0,True,True,True,False,7326.225,0.0,15.722596749149943,46.58110418836848,587.9090912051842,0.0,7976.437792142703
2025-10-15T05:45:00Z,2025-10-15T06:00:00Z,2025-10-15,2025-10-15_32,90.0,10,100,0,88.5455657142857,63.77102469565216,0.06896098854382332,0.5677142857142857,0.27942857142857147,True,True,True,False,6813.225,0.0,15.722596749149943,46.58110418836848,143.19524187638459,-21.663938588191034,6997.060004225712
2025-10-15T06:00:00Z,2025-10-15T06:15:00Z,2025-10-15,2025-10-15_33,100.0,0,100,0,63.77102469565216,36.727546434782596,0.0751207729468599,0.0,0.12,True,True,True,False,8736.25,0.0,0.0,46.58110418836848,0.0,-9.670001375813204,8773.161102812555
2025-10-15T06:15:00Z,2025-10-15T06:30:00Z,2025-10-15,2025-10-15_34,100.0,0,100,0,36.727546434782596,10.134378732919245,0.07386991028295375,0.0,0.5342857142857144,True,True,True,False,7529.000000000001,0.0,0.0,46.58110418836848,0.0,-34.18907716627405,7541.392027022095
2025-10-15T06:30:00Z,2025-10-15T06:45:00Z,2025-10-15,2025-10-15_35,6.224881279341901,0,100,0,10.134378732919245,10.867704488302522,0.01045478246254257,0.0,2.6062857142857143,True,True,True,False,383.29706477547757,0.0,0.0,46.58110418836848,0.0,-165.64172813369535,264.2364408301507
2025-10-15T06:45:00Z,2025-10-15T07:00:00Z,2025-10-15,2025-10-15_36,0.0,0,100,0,10.867704488302522,11.338218774016807,0.0013069841269841272,0.0,0.5114285714285715,True,True,True,False,0.0,0.0,0.0,46.58110418836848,0.0,-33.41147708990238,13.169627098466101
2025-10-15T07:00:00Z,2025-10-15T07:15:00Z,2025-10-15,2025-10-15_37,-1.0995695597998642e-14,100,0,0,11.338218774016807,10.533870947929852,0.002234299516908219,0.74,0.0,True,True,True,False,-6.773348488367164e-13,0.0,108.69907034336366,0.0,116.14403191886632,0.0,224.8431022622293
2025-10-15T07:15:00Z,2025-10-15T07:30:00Z,2025-10-15,2025-10-15_38,-0.10016680430695143,100,0,0,10.533870947929852,10.022208983850904,0.0015467552889281005,0.492,0.0,True,True,True,False,-4.834801226885778,0.0,108.69907034336366,0.0,77.20287348414865,0.0,181.06714260062654
2025-10-15T07:30:00Z,2025-10-15T07:45:00Z,2025-10-15,2025-10-15_39,-100.0,100,0,0,10.022208983850904,30.46145469813662,0.05677568253968254,2.783428571428572,0.0,True,True,True,False,-3534.7499999999995,0.0,108.69907034336366,0.0,535.3073810412941,0.0,-2890.7435486153418
2025-10-15T07:45:00Z,2025-10-15T08:00:00Z,2025-10-15,2025-10-15_40,-100.0,100,0,0,30.46145469813662,53.09608326956519,0.06287396825396825,0.39714285714285713,0.0,True,True,True,False,-3272.75,0.0,108.69907034336366,0.0,62.21137207885374,0.0,-3101.8395575777827
2025-10-15T08:00:00Z,2025-10-15T08:15:00Z,2025-10-15,2025-10-15_41,0.0,21,21,79,53.09608326956519,53.09222386086954,7.696057971014493e-05,0.01452,0.01296,True,True,True,False,0.0,809.3466852729023,26.089545785097975,9.78203187955738,2.2545254427170343,-0.8728940427288271,846.5998943375458
2025-10-15T08:15:00Z,2025-10-15T08:30:00Z,2025-10-15,2025-10-15_42,0.0,21,21,79,53.09222386086954,52.93478260869563,0.0005054168115942028,0.15611999999999998,0.01332,True,True,True,False,0.0,809.3466852729023,26.089545785097975,9.78203187955738,24.520680540104948,-1.0341005129817802,868.7048429646808
2025-10-15T08:30:00Z,2025-10-15T08:45:00Z,2025-10-15,2025-10-15_43,0.0,21,21,79,52.93478260869563,53.64406587826085,0.0020354486956521735,0.0108,0.78372,True,True,True,False,0.0,809.3466852729023,26.089545785097975,9.78203187955738,1.6627678216946087,-43.069864871558,803.8111658876942
2025-10-15T08:45:00Z,2025-10-15T09:00:00Z,2025-10-15,2025-10-15_44,0.0,21,21,79,53.64406587826085,56.43464667826085,0.007751613333333334,0.0,3.03324,True,True,True,False,0.0,809.3466852729023,26.089545785097975,9.78203187955738,0.0,-6.1214466322058225,839.0968163053518
2025-10-15T09:00:00Z,2025-10-15T09:15:00Z,2025-10-15,2025-10-15_45,0.0,25,25,75,56.43464667826085,58.105760963975136,0.004641984126984126,0.0,1.8164285714285713,True,True,True,False,0.0,768.3671062717427,26.85783918709094,11.64527604709212,0.0,-105.82189620752875,701.048325298397
2025-10-15T09:15:00Z,2025-10-15T09:30:00Z,2025-10-15,2025-10-15_46,0.0,25,25,75,58.105760963975136,58.99474382111799,0.0024693968253968255,0.0,0.9662857142857143,True,True,True,False,0.0,768.3671062717427,26.85783918709094,11.64527604709212,0.0,-61.15428739895494,745.7159341069708
2025-10-15T09:30:00Z,2025-10-15T09:45:00Z,2025-10-15,2025-10-15_47,0.0,25,25,75,58.99474382111799,61.72937810683228,0.007596206349206349,0.0,2.9724285714285714,True,True,True,False,0.0,768.3671062717427,26.85783918709094,11.64527604709212,0.0,-154.6172292806743,652.2529922252514
2025-10-15T09:45:00Z,2025-10-15T10:00:00Z,2025-10-15,2025-10-15_48,0.0,25,25,75,61.72937810683228,64.43102382111799,0.00750457142857143,0.0,2.936571428571429,True,True,True,False,0.0,768.3671062717427,26.85783918709094,11.64527604709212,0.0,-107.48305082366286,699.3871706822629
2025-10-15T10:00:00Z,2025-10-15T10:15:00Z,2025-10-15,2025-10-15_49,0.0,0,0,100,64.43102382111799,64.43102382111799,0.0,0.0,0.0,True,True,True,False,0.0,1024.4894750289902,0.0,0.0,0.0,0.0,1024.4894750289902
2025-10-15T10:15:00Z,2025-10-15T10:30:00Z,2025-10-15,2025-10-15_50,0.0,0,0,100,64.43102382111799,64.43102382111799,0.0,0.0,0.0,True,True,True,False,0.0,1024.4894750289902,0.0,0.0,0.0,0.0,1024.4894750289902
2025-10-15T10:30:00Z,2025-10-15T10:45:00Z,2025-10-15,2025-10-15_51,0.0,0,0,100,64.43102382111799,64.43102382111799,0.0,0.0,0.0,True,True,True,False,0.0,1024.4894750289902,0.0,0.0,0.0,0.0,1024.4894750289902
2025-10-15T10:45:00Z,2025-10-15T11:00:00Z,2025-10-15,2025-10-15_52,0.0,0,0,100,64.43102382111799,64.43102382111799,0.0,0.0,0.0,True,True,True,False,0.0,1024.4894750289902,0.0,0.0,0.0,0.0,1024.4894750289902
2025-10-15T11:00:00Z,2025-10-15T11:15:00Z,2025-10-15,2025-10-15_53,-96.33725891439371,97,0,3,64.43102382111799,86.58859337142854,0.06154880430641821,0.0,0.0,True,True,True,False,-2971.2819080671884,30.734684250869705,104.20841604591283,0.0,0.0,0.0,-2836.3388077704058
2025-10-15T11:15:00Z,2025-10-15T11:30:00Z,2025-10-15,2025-10-15_54,-97.0,97,0,3,86.58859337142854,107.10308457142855,0.056984697777777774,1.9516399999999998,0.0,True,True,True,False,-2934.9775,30.734684250869705,104.20841604591283,0.0,254.700163132137,0.0,-2545.3342365710805
2025-10-15T11:30:00Z,2025-10-15T11:45:00Z,2025-10-15,2025-10-15_55,-97.0,97,0,3,107.10308457142855,126.77413028571426,0.05464179365079365,2.8684285714285713,0.0,True,True,True,False,-2832.6425,30.734684250869705,104.20841604591283,0.0,374.3463062223258,0.0,-2323.3530934808914
2025-10-15T11:45:00Z,2025-10-15T12:00:00Z,2025-10-15,2025-10-15_56,-97.0,97,0,3,126.77413028571426,143.99999999999997,0.047849638095238095,5.526228571428572,0.0,True,True,True,False,-2756.9825,30.734684250869705,104.20841604591283,0.0,2030.7833717980754,0.0,-591.2560279051421
2025-10-15T12:00:00Z,2025-10-15T12:15:00Z,2025-10-15,2025-10-15_57,0.0,0,0,100,143.99999999999997,143.99999999999997,0.0,0.0,0.0,True,True,True,False,0.0,1024.4894750289902,0.0,0.0,0.0,0.0,1024.4894750289902
2025-10-15T12:15:00Z,2025-10-15T12:30:00Z,2025-10-15,2025-10-15_58,0.0,0,0,100,143.99999999999997,143.99999999999997,0.0,0.0,0.0,True,True,True,False,0.0,1024.4894750289902,0.0,0.0,0.0,0.0,1024.4894750289902
2025-10-15T12:30:00Z,2025-10-15T12:45:00Z,2025-10-15,2025-10-15_59,0.0,0,0,100,143.99999999999997,143.99999999999997,0.0,0.0,0.0,True,True,True,False,0.0,1024.4894750289902,0.0,0.0,0.0,0.0,1024.4894750289902
2025-10-15T12:45:00Z,2025-10-15T13:00:00Z,2025-10-15,2025-10-15_60,0.0,0,0,100,143.99999999999997,143.99999999999997,0.0,0.0,0.0,True,True,True,False,0.0,1024.4894750289902,0.0,0.0,0.0,0.0,1024.4894750289902
2025-10-15T13:00:00Z,2025-10-15T13:15:00Z,2025-10-15,2025-10-15_61,0.0,0,0,100,143.99999999999997,143.99999999999997,0.0,0.0,0.0,True,True,True,False,0.0,1024.4894750289902,0.0,0.0,0.0,0.0,1024.4894750289902
2025-10-15T13:15:00Z,2025-10-15T13:30:00Z,2025-10-15,2025-10-15_62,0.0,0,0,100,143.99999999999997,143.99999999999997,0.0,0.0,0.0,True,True,True,False,0.0,1024.4894750289902,0.0,0.0,0.0,0.0,1024.4894750289902
2025-10-15T13:30:00Z,2025-10-15T13:45:00Z,2025-10-15,2025-10-15_63,0.0,0,0,100,143.99999999999997,143.99999999999997,0.0,0.0,0.0,True,True,True,False,0.0,1024.4894750289902,0.0,0.0,0.0,0.0,1024.4894750289902
2025-10-15T13:45:00Z,2025-10-15T14:00:00Z,2025-10-15,2025-10-15_64,0.0,0,0,100,143.99999999999997,143.99999999999997,0.0,0.0,0.0,True,True,True,False,0.0,1024.4894750289902,0.0,0.0,0.0,0.0,1024.4894750289902
2025-10-15T14:00:00Z,2025-10-15T14:15:00Z,2025-10-15,2025-10-15_65,-100.0,0,0,0,143.99999999999997,166.99999999999997,0.06388888888888888,0.0,0.0,True,False,True,False,-2891.25,0.0,0.0,0.0,0.0,0.0,-2891.25
2025-10-15T14:15:00Z,2025-10-15T14:30:00Z,2025-10-15,2025-10-15_66,-100.0,0,0,0,166.99999999999997,189.99999999999997,0.06388888888888888,0.0,0.0,True,False,True,False,-3566.5,0.0,0.0,0.0,0.0,0.0,-3566.5
2025-10-15T14:30:00Z,2025-10-15T14:45:00Z,2025-10-15,2025-10-15_67,-3.089316242435218e-14,0,0,0,189.99999999999997,189.99999999999997,1.973729821555834e-17,0.0,0.0,True,False,True,False,-1.8210746920095002e-12,0.0,0.0,0.0,0.0,0.0,-1.8210746920095002e-12
2025-10-15T14:45:00Z,2025-10-15T15:00:00Z,2025-10-15,2025-10-15_68,100.0,0,0,0,189.99999999999997,162.82608695652172,0.0754830917874396,0.0,0.0,True,False,True,False,12769.5,0.0,0.0,0.0,0.0,0.0,12769.5
2025-10-15T15:00:00Z,2025-10-15T15:15:00Z,2025-10-15,2025-10-15_69,-100.0,0,0,0,162.82608695652172,185.82608695652172,0.06388888888888888,0.0,0.0,True,True,True,False,-3437.75,0.0,0.0,0.0,0.0,0.0,-3437.75
2025-10-15T15:15:00Z,2025-10-15T15:30:00Z,2025-10-15,2025-10-15_70,-18.147448015122794,0,0,0,185.82608695652172,189.99999999999997,0.011594202898550673,0.0,0.0,True,True,True,False,-1025.0586011342111,0.0,0.0,0.0,0.0,0.0,-1025.0586011342111
2025-10-15T15:30:00Z,2025-10-15T15:45:00Z,2025-10-15,2025-10-15_71,100.0,0,0,0,189.99999999999997,162.8260869565217,0.07548309178743962,0.0,0.0,True,True,True,False,8557.5,0.0,0.0,0.0,0.0,0.0,8557.5
2025-10-15T15:45:00Z,2025-10-15T16:00:00Z,2025-10-15,2025-10-15_72,100.0,0,0,0,162.8260869565217,135.6521739130434,0.07548309178743962,0.0,0.0,True,True,True,False,9547.0,0.0,0.0,0.0,0.0,0.0,9547.0
2025-10-15T16:00:00Z,2025-10-15T16:15:00Z,2025-10-15,2025-10-15_73,-100.0,0,0,0,135.6521739130434,158.6521739130434,0.0638888888888889,0.0,0.0,True,True,True,False,-5227.25,0.0,0.0,0.0,0.0,0.0,-5227.25
2025-10-15T16:15:00Z,2025-10-15T16:30:00Z,2025-10-15,2025-10-15_74,0.0,0,0,0,158.6521739130434,158.6521739130434,0.0,0.0,0.0,True,True,True,False,0.0,0.0,0.0,0.0,0.0,0.0,0.0
2025-10-15T16:30:00Z,2025-10-15T16:45:00Z,2025-10-15,2025-10-15_75,100.0,0,0,0,158.6521739130434,131.47826086956516,0.0754830917874396,0.0,0.0,True,True,True,False,10171.5,0.0,0.0,0.0,0.0,0.0,10171.5
2025-10-15T16:45:00Z,2025-10-15T17:00:00Z,2025-10-15,2025-10-15_76,100.0,0,0,0,131.47826086956516,104.30434782608688,0.0754830917874396,0.0,0.0,True,True,True,False,12278.25,0.0,0.0,0.0,0.0,0.0,12278.25
2025-10-15T17:00:00Z,2025-10-15T17:15:00Z,2025-10-15,2025-10-15_77,100.0,0,0,0,104.30434782608688,77.13043478260863,0.0754830917874396,0.0,0.0,True,False,True,False,10302.5,0.0,0.0,0.0,0.0,0.0,10302.5
2025-10-15T17:15:00Z,2025-10-15T17:30:00Z,2025-10-15,2025-10-15_78,100.0,0,0,0,77.13043478260863,49.95652173913037,0.0754830917874396,0.0,0.0,True,False,True,False,8417.25,0.0,0.0,0.0,0.0,0.0,8417.25
2025-10-15T17:30:00Z,2025-10-15T17:45:00Z,2025-10-15,2025-10-15_79,31.680000000000206,0,0,0,49.95652173913037,41.3478260869564,0.023913043478261026,0.0,0.0,True,False,True,False,2376.633600000015,0.0,0.0,0.0,0.0,0.0,2376.633600000015
2025-10-15T17:45:00Z,2025-10-15T18:00:00Z,2025-10-15,2025-10-15_80,-100.0,0,0,0,41.3478260869564,64.3478260869564,0.06388888888888888,0.0,0.0,True,False,True,False,-4920.75,0.0,0.0,0.0,0.0,0.0,-4920.75
2025-10-15T18:00:00Z,2025-10-15T18:15:00Z,2025-10-15,2025-10-15_81,100.0,0,0,0,64.3478260869564,37.173913043478144,0.07548309178743962,0.0,0.0,True,True,True,False,8734.0,0.0,0.0,0.0,0.0,0.0,8734.0
2025-10-15T18:15:00Z,2025-10-15T18:30:00Z,2025-10-15,2025-10-15_82,100.0,0,0,0,37.173913043478144,9.99999999999989,0.0754830917874396,0.0,0.0,True,True,True,False,8261.75,0.0,0.0,0.0,0.0,0.0,8261.75
2025-10-15T18:30:00Z,2025-10-15T18:45:00Z,2025-10-15,2025-10-15_83,-7.088846880907363,0,0,0,9.99999999999989,11.630434782608583,0.004528985507246371,0.0,0.0,True,True,True,False,-400.9097353497159,0.0,0.0,0.0,0.0,0.0,-400.9097353497159
2025-10-15T18:45:00Z,2025-10-15T19:00:00Z,2025-10-15,2025-10-15_84,-100.0,0,0,0,11.630434782608583,34.63043478260859,0.0638888888888889,0.0,0.0,True,True,True,False,-4815.75,0.0,0.0,0.0,0.0,0.0,-4815.75
2025-10-15T19:00:00Z,2025-10-15T19:15:00Z,2025-10-15,2025-10-15_85,100.0,0,100,0,34.63043478260859,9.999999999999893,0.06841787439613527,0.0,2.34,True,True,True,False,7305.75,0.0,0.0,46.58110418836848,0.0,-151.1785608993887,7201.152543288979
2025-10-15T19:15:00Z,2025-10-15T19:30:00Z,2025-10-15,2025-10-15_86,8.426472537595737,0,100,0,9.999999999999893,9.999999999999893,0.011473726926622768,0.0,2.4514285714285715,True,True,True,False,549.55347272065,0.0,0.0,46.58110418836848,0.0,-165.49780796455454,430.63676894446394
2025-10-15T19:30:00Z,2025-10-15T19:45:00Z,2025-10-15,2025-10-15_87,6.180033154729541,0,100,0,9.999999999999893,9.999999999999893,0.00865609819819278,0.0,1.805142857142857,True,True,True,False,354.17770009755003,0.0,0.0,46.58110418836848,0.0,-125.71995642322257,275.03884786269595
2025-10-15T19:45:00Z,2025-10-15T20:00:00Z,2025-10-15,2025-10-15_88,0.0,0,100,0,9.999999999999893,12.94242285714275,0.008173396825396825,0.0,3.1982857142857144,True,True,True,False,0.0,0.0,0.0,46.58110418836848,0.0,-204.98535348572105,-158.40424929735258
2025-10-15T20:00:00Z,2025-10-15T20:15:00Z,2025-10-15,2025-10-15_89,-95.0,95,0,5,12.94242285714275,34.79242285714275,0.06069444444444446,0.0,0.0,True,True,True,False,-3446.125,51.22447375144951,109.53782503586942,0.0,0.0,0.0,-3285.3627012126813
2025-10-15T20:15:00Z,2025-10-15T20:30:00Z,2025-10-15,2025-10-15_90,-95.0,95,0,5,34.79242285714275,56.6344319999999,0.060672247619047624,0.008685714285714286,0.0,True,True,True,False,-3068.025,51.22447375144951,109.53782503586942,0.0,1.1661841961179604,0.0,-2906.096517016563
2025-10-15T20:30:00Z,2025-10-15T20:45:00Z,2025-10-15,2025-10-15_91,-95.0,95,0,5,56.6344319999999,78.46095885714276,0.06062924126984128,0.025514285714285715,0.0,True,True,True,False,-2874.7000000000003,51.22447375144951,109.53782503586942,0.0,3.3939932388608267,0.0,-2710.5437079738203
2025-10-15T20:45:00Z,2025-10-15T21:00:00Z,2025-10-15,2025-10-15_92,-95.0,95,0,5,78.46095885714276,100.30446628571418,0.060676409523809524,0.007057142857142857,0.0,True,True,True,False,-2874.4625,51.22447375144951,109.53782503586942,0.0,1.0552203294651454,0.0,-2712.644980883216
2025-10-15T21:00:00Z,2025-10-15T21:15:00Z,2025-10-16,2025-10-15_93,0.0,0,0,100,100.30446628571418,100.30446628571418,0.0,0.0,0.0,True,True,True,False,0.0,1024.3686744620222,0.0,0.0,0.0,0.0,1024.3686744620222
2025-10-15T21:15:00Z,2025-10-15T21:30:00Z,2025-10-16,2025-10-15_94,0.0,0,0,100,100.30446628571418,100.30446628571418,0.0,0.0,0.0,True,True,True,False,0.0,1024.3686744620222,0.0,0.0,0.0,0.0,1024.3686744620222
2025-10-15T21:30:00Z,2025-10-15T21:45:00Z,2025-10-16,2025-10-15_95,0.0,0,0,100,100.30446628571418,100.30446628571418,0.0,0.0,0.0,True,True,True,False,0.0,1024.3686744620222,0.0,0.0,0.0,0.0,1024.3686744620222
2025-10-15T21:45:00Z,2025-10-15T22:00:00Z,2025-10-16,2025-10-15_96,0.0,0,0,100,100.30446628571418,100.30446628571418,0.0,0.0,0.0,True,True,True,False,0.0,1024.3686744620222,0.0,0.0,0.0,0.0,1024.3686744620222
2025-10-15T22:00:00Z,2025-10-15T22:15:00Z,2025-10-16,2025-10-16_1,0.0,0,0,100,100.30446628571418,100.30446628571418,0.0,0.0,0.0,True,True,True,False,0.0,1024.3686744620222,0.0,0.0,0.0,0.0,1024.3686744620222
2025-10-15T22:15:00Z,2025-10-15T22:30:00Z,2025-10-16,2025-10-16_2,0.0,0,0,100,100.30446628571418,100.30446628571418,0.0,0.0,0.0,True,True,True,False,0.0,1024.3686744620222,0.0,0.0,0.0,0.0,1024.3686744620222
2025-10-15T22:30:00Z,2025-10-15T22:45:00Z,2025-10-16,2025-10-16_3,0.0,0,0,100,100.30446628571418,100.30446628571418,0.0,0.0,0.0,True,True,True,False,0.0,1024.3686744620222,0.0,0.0,0.0,0.0,1024.3686744620222
2025-10-15T22:45:00Z,2025-10-15T23:00:00Z,2025-10-16,2025-10-16_4,0.0,0,0,100,100.30446628571418,100.30446628571418,0.0,0.0,0.0,True,True,True,False,0.0,1024.3686744620222,0.0,0.0,0.0,0.0,1024.3686744620222
2025-10-15T23:00:00Z,2025-10-15T23:15:00Z,2025-10-16,2025-10-16_5,0.0,0,0,100,100.30446628571418,100.30446628571418,0.0,0.0,0.0,True,True,True,False,0.0,1024.3686744620222,0.0,0.0,0.0,0.0,1024.3686744620222
2025-10-15T23:15:00Z,2025-10-15T23:30:00Z,2025-10-16,2025-10-16_6,0.0,0,0,100,100.30446628571418,100.30446628571418,0.0,0.0,0.0,True,True,True,False,0.0,1024.3686744620222,0.0,0.0,0.0,0.0,1024.3686744620222
2025-10-15T23:30:00Z,2025-10-15T23:45:00Z,2025-10-16,2025-10-16_7,0.0,0,0,100,100.30446628571418,100.30446628571418,0.0,0.0,0.0,True,True,True,False,0.0,1024.3686744620222,0.0,0.0,0.0,0.0,1024.3686744620222
2025-10-15T23:45:00Z,2025-10-16T00:00:00Z,2025-10-16,2025-10-16_8,0.0,0,0,100,100.30446628571418,100.30446628571418,0.0,0.0,0.0,True,True,True,False,0.0,1024.3686744620222,0.0,0.0,0.0,0.0,1024.3686744620222
2025-10-16T00:00:00Z,2025-10-16T00:15:00Z,2025-10-16,2025-10-16_9,-32.0,32,0,68,100.30446628571418,106.59268205714275,0.01746726603174603,1.1649828571428573,0.0,True,True,True,False,-772.16,696.5706986341751,35.15692247224133,0.0,183.07733645671615,0.0,142.64495756313258
2025-10-16T00:15:00Z,2025-10-16T00:30:00Z,2025-10-16,2025-10-16_10,-32.0,32,0,68,106.59268205714275,113.20322377142847,0.018362615873015874,0.8146285714285715,0.0,True,True,True,False,-767.2,696.5706986341751,35.15692247224133,0.0,128.015233902778,0.0,92.54285500919434
2025-10-16T00:30:00Z,2025-10-16T00:45:00Z,2025-10-16,2025-10-16_11,-32.0,32,0,68,113.20322377142847,118.53758354285704,0.01481766603174603,2.2017828571428573,0.0,True,True,True,False,-767.84,696.5706986341751,35.15692247224133,0.0,368.4902232002134,0.0,332.37784430662975
2025-10-16T00:45:00Z,2025-10-16T01:00:00Z,2025-10-16,2025-10-16_12,-32.0,32,0,68,118.53758354285704,121.77682468571417,0.008997892063492063,4.479085714285715,0.0,True,True,True,False,-759.28,696.5706986341751,35.15692247224133,0.0,815.8432148682605,0.0,788.290835974677
2025-10-16T01:00:00Z,2025-10-16T01:15:00Z,2025-10-16,2025-10-16_13,0.0,0,0,100,121.77682468571417,121.77682468571417,0.0,0.0,0.0,True,True,True,False,0.0,1024.3686744620222,0.0,0.0,0.0,0.0,1024.3686744620222
2025-10-16T01:15:00Z,2025-10-16T01:30:00Z,2025-10-16,2025-10-16_14,0.0,0,0,100,121.77682468571417,121.77682468571417,0.0,0.0,0.0,True,True,True,False,0.0,1024.3686744620222,0.0,0.0,0.0,0.0,1024.3686744620222
2025-10-16T01:30:00Z,2025-10-16T01:45:00Z,2025-10-16,2025-10-16_15,0.0,0,0,100,121.77682468571417,121.77682468571417,0.0,0.0,0.0,True,True,True,False,0.0,1024.3686744620222,0.0,0.0,0.0,0.0,1024.3686744620222
2025-10-16T01:45:00Z,2025-10-16T02:00:00Z,2025-10-16,2025-10-16_16,0.0,0,0,100,121.77682468571417,121.77682468571417,0.0,0.0,0.0,True,True,True,False,0.0,1024.3686744620222,0.0,0.0,0.0,0.0,1024.3686744620222
2025-10-16T02:00:00Z,2025-10-16T02:15:00Z,2025-10-16,2025-10-16_17,0.0,0,0,100,121.77682468571417,121.77682468571417,0.0,0.0,0.0,True,True,True,False,0.0,1024.3686744620222,0.0,0.0,0.0,0.0,1024.3686744620222
2025-10-16T02:15:00Z,2025-10-16T02:30:00Z,2025-10-16,2025-10-16_18,0.0,0,0,100,121.77682468571417,121.77682468571417,0.0,0.0,0.0,True,True,True,False,0.0,1024.3686744620222,0.0,0.0,0.0,0.0,1024.3686744620222
2025-10-16T02:30:00Z,2025-10-16T02:45:00Z,2025-10-16,2025-10-16_19,0.0,0,0,100,121.77682468571417,121.77682468571417,0.0,0.0,0.0,True,True,True,False,0.0,1024.3686744620222,0.0,0.0,0.0,0.0,1024.3686744620222
2025-10-16T02:45:00Z,2025-10-16T03:00:00Z,2025-10-16,2025-10-16_20,0.0,0,0,100,121.77682468571417,121.77682468571417,0.0,0.0,0.0,True,True,True,False,0.0,1024.3686744620222,0.0,0.0,0.0,0.0,1024.3686744620222
2025-10-16T03:00:00Z,2025-10-16T03:15:00Z,2025-10-16,2025-10-16_21,-100.0,100,0,0,121.77682468571417,144.63593325714274,0.06349752380952381,0.15314285714285716,0.0,True,True,True,False,-2464.75,0.0,115.84946447872653,0.0,23.01491711000997,0.0,-2325.8856184112633
2025-10-16T03:15:00Z,2025-10-16T03:30:00Z,2025-10-16,2025-10-16_22,-99.1941916640053,100,0,0,144.63593325714274,164.5291428571428,0.055413209222099344,3.1708571428571433,0.0,True,True,True,False,-2856.0487634858728,0.0,115.84946447872653,0.0,510.0876908434987,0.0,-2230.1116081636474
2025-10-16T03:30:00Z,2025-10-16T03:45:00Z,2025-10-16,2025-10-16_23,-100.0,100,0,0,164.5291428571428,175.50079999999994,0.030476825396825405,13.074285714285713,0.0,True,True,True,False,-3025.75,0.0,115.84946447872653,0.0,5580.5321736689175,0.0,2670.631638147644
2025-10-16T03:45:00Z,2025-10-16T04:00:00Z,2025-10-16,2025-10-16_24,-100.0,100,0,0,175.50079999999994,179.89892571428567,0.012217015873015873,20.219428571428573,0.0,True,True,True,False,-3012.0,0.0,115.84946447872653,0.0,4089.184227740423,0.0,1193.0336922191495
2025-10-16T04:00:00Z,2025-10-16T04:15:00Z,2025-10-16,2025-10-16_25,-100.0,100,0,0,179.89892571428567,189.99999999999994,0.02805853968253968,14.02057142857143,0.0,True,True,True,False,-2866.0,0.0,114.84720448069177,0.0,3352.1936736899734,0.0,601.0408781706651
2025-10-16T04:15:00Z,2025-10-16T04:30:00Z,2025-10-16,2025-10-16_26,-44.28588997383559,100,0,0,189.99999999999994,189.99999999999994,0.03382834644652826,10.054857142857143,0.0,True,True,True,False,-1464.9772403344812,0.0,114.84720448069177,0.0,2694.91314588919,0.0,1344.7831100354008
2025-10-16T04:30:00Z,2025-10-16T04:45:00Z,2025-10-16,2025-10-16_27,-79.39059903872077,100,0,0,189.99999999999994,189.87792546583847,0.023630533450652795,19.259999999999998,0.0,True,True,True,False,-3580.9129696415,0.0,114.84720448069177,0.0,9729.598632209883,0.0,6263.532867049075
2025-10-16T04:45:00Z,2025-10-16T05:00:00Z,2025-10-16,2025-10-16_28,0.0,100,0,0,189.87792546583847,171.97171428571426,0.04973947550034507,16.473714285714287,0.0,True,True,True,False,0.0,0.0,114.84720448069177,0.0,7038.793847751935,0.0,7153.641052232627
2025-10-16T05:00:00Z,2025-10-16T05:15:00Z,2025-10-16,2025-10-16_29,100.0,0,0,0,171.97171428571426,144.797801242236,0.0754830917874396,0.0,0.0,True,False,True,False,8399.25,0.0,0.0,0.0,0.0,0.0,8399.25
2025-10-16T05:15:00Z,2025-10-16T05:30:00Z,2025-10-16,2025-10-16_30,100.0,0,0,0,144.797801242236,117.62388819875775,0.0754830917874396,0.0,0.0,True,False,True,False,8561.5,0.0,0.0,0.0,0.0,0.0,8561.5
2025-10-16T05:30:00Z,2025-10-16T05:45:00Z,2025-10-16,2025-10-16_31,100.0,0,0,0,117.62388819875775,90.4499751552795,0.0754830917874396,0.0,0.0,True,False,True,False,6821.5,0.0,0.0,0.0,0.0,0.0,6821.5
2025-10-16T05:45:00Z,2025-10-16T06:00:00Z,2025-10-16,2025-10-16_32,100.00000000000007,0,0,0,90.4499751552795,63.276062111801224,0.07548309178743967,0.0,0.0,True,False,True,False,4833.500000000004,0.0,0.0,0.0,0.0,0.0,4833.500000000004
2025-10-16T06:00:00Z,2025-10-16T06:15:00Z,2025-10-16,2025-10-16_33,0.0,3,0,97,63.276062111801224,62.85459006211178,0.0011707556935817804,0.3877542857142857,0.0,True,True,True,False,0.0,993.6376142281615,3.3366414463987417,0.0,102.42435919089263,0.0,1099.3986148654528
2025-10-16T06:15:00Z,2025-10-16T06:30:00Z,2025-10-16,2025-10-16_34,0.0,3,0,97,62.85459006211178,62.77586335403725,0.0002186853002070393,0.07242857142857143,0.0,True,True,True,False,0.0,993.6376142281615,3.3366414463987417,0.0,14.036581703841996,0.0,1011.0108373784022
2025-10-16T06:30:00Z,2025-10-16T06:45:00Z,2025-10-16,2025-10-16_35,0.0,3,0,97,62.77586335403725,62.71739130434781,0.0001624223602484472,0.05379428571428571,0.0,True,True,True,False,0.0,993.6376142281615,3.3366414463987417,0.0,7.622085226350734,0.0,1004.596340900911
2025-10-16T06:45:00Z,2025-10-16T07:00:00Z,2025-10-16,2025-10-16_36,-3.0,3,0,97,62.71739130434781,63.34029964720495,0.0017303009523809525,0.07292571428571427,0.0,True,True,True,False,-77.97,993.6376142281615,3.3366414463987417,0.0,11.463733110234562,0.0,930.4679887847948
2025-10-16T07:00:00Z,2025-10-16T07:15:00Z,2025-10-16,2025-10-16_37,2.2923027017143203,0,0,97,63.34029964720495,62.7173913043478,0.0017303009523809785,0.0,0.0,True,False,True,False,84.52866212571556,993.6376142281615,0.0,0.0,0.0,0.0,1078.166276353877
2025-10-16T07:15:00Z,2025-10-16T07:30:00Z,2025-10-16,2025-10-16_38,5.828670879282072e-14,0,0,97,62.7173913043478,62.717391304347785,4.39966098979625e-17,0.0,0.0,True,False,True,False,1.941238836344894e-12,993.6376142281615,0.0,0.0,0.0,0.0,993.6376142281634
2025-10-16T07:30:00Z,2025-10-16T07:45:00Z,2025-10-16,2025-10-16_39,-3.0,0,0,97,62.717391304347785,63.40739130434778,0.0019166666666666668,0.0,0.0,True,False,True,False,-79.785,993.6376142281615,0.0,0.0,0.0,0.0,913.8526142281615
2025-10-16T07:45:00Z,2025-10-16T08:00:00Z,2025-10-16,2025-10-16_40,-3.0000000000000417,0,0,97,63.40739130434778,64.0973913043478,0.0019166666666666935,0.0,0.0,True,False,True,False,-70.89750000000099,993.6376142281615,0.0,0.0,0.0,0.0,922.7401142281606
2025-10-16T08:00:00Z,2025-10-16T08:15:00Z,2025-10-16,2025-10-16_41,0.0,100,100,0,64.0973913043478,63.3298067080745,0.004372306418219461,1.077142857142857,0.43828571428571433,True,True,True,False,0.0,0.0,111.28033801709738,45.249091087746876,160.5185232807872,-27.24968323530651,289.7982691503249
2025-10-16T08:15:00Z,2025-10-16T08:30:00Z,2025-10-16,2025-10-16_42,0.0,100,100,0,63.3298067080745,64.08969540372667,0.003794721877156659,0.27885714285714286,1.1554285714285712,True,True,True,False,0.0,0.0,111.28033801709738,45.249091087746876,35.56613652634091,-74.93993683235307,117.1556287988321
2025-10-16T08:30:00Z,2025-10-16T08:45:00Z,2025-10-16,2025-10-16_43,0.0,100,100,0,64.08969540372667,77.2393868322981,0.03652692063492064,0.0,14.293142857142858,True,True,True,False,0.0,0.0,111.28033801709738,45.249091087746876,0.0,332.3081980375918,488.8376271424361
2025-10-16T08:45:00Z,2025-10-16T09:00:00Z,2025-10-16,2025-10-16_44,0.0,100,100,0,77.2393868322981,93.2111125465838,0.044365904761904766,0.0,17.36057142857143,True,True,True,False,0.0,0.0,111.28033801709738,45.249091087746876,0.0,1397.948201181937,1554.4776302867813
2025-10-16T09:00:00Z,2025-10-16T09:15:00Z,2025-10-16,2025-10-16_45,0.0,3,3,97,93.2111125465838,93.66069288944095,0.0012488342857142859,0.0,0.4886742857142857,True,True,True,False,0.0,993.6376142281615,3.294192787658445,1.357472732632406,0.0,7.502929334774492,1005.7922090832269
2025-10-16T09:15:00Z,2025-10-16T09:30:00Z,2025-10-16,2025-10-16_46,0.0,3,3,97,93.66069288944095,93.72504663850927,0.00018994053830227747,0.0018514285714285714,0.07213714285714287,True,True,True,False,0.0,993.6376142281615,3.294192787658445,1.357472732632406,0.23613582447816506,-4.494334673984756,994.0310808989458
2025-10-16T09:30:00Z,2025-10-16T09:45:00Z,2025-10-16,2025-10-16_47,0.0,3,3,97,93.72504663850927,93.96155498136642,0.0006569676190476191,0.0,0.2570742857142857,True,True,True,False,0.0,993.6376142281615,3.294192787658445,1.357472732632406,0.0,-15.91400216173725,982.3752775867151
2025-10-16T09:45:00Z,2025-10-16T10:00:00Z,2025-10-16,2025-10-16_48,-1.4465348784061152e-13,3,3,97,93.96155498136642,93.99401404223602,9.068165631479218e-05,8.571428571428571e-05,0.03538285714285714,True,True,True,False,-3.001559872692689e-12,993.6376142281615,3.294192787658445,1.357472732632406,0.013307317620966043,-2.5524331604879347,995.7501539055824
2025-10-16T10:00:00Z,2025-10-16T10:15:00Z,2025-10-16,2025-10-16_49,-3.0,3,0,97,93.99401404223602,94.68218455652173,0.001911584761904762,0.0019885714285714285,0.0,True,True,True,False,-69.0975,993.6376142281615,3.310995381743146,0.0,0.30872976880641223,0.0,928.1598393787111
2025-10-16T10:15:00Z,2025-10-16T10:30:00Z,2025-10-16,2025-10-16_50,-3.0,3,0,97,94.68218455652173,95.36795781366459,0.0019049257142857146,0.004594285714285715,0.0,True,True,True,False,-66.07499999999999,993.6376142281615,3.310995381743146,0.0,0.7193702505649997,0.0,931.5929798604697
2025-10-16T10:30:00Z,2025-10-16T10:45:00Z,2025-10-16,2025-10-16_51,-3.0,3,0,97,95.36795781366459,96.05335255652173,0.0019038742857142856,0.005005714285714285,0.0,True,True,True,False,-64.845,993.6376142281615,3.310995381743146,0.0,0.6348093690253934,0.0,932.7384189789301
2025-10-16T10:45:00Z,2025-10-16T11:00:00Z,2025-10-16,2025-10-16_52,-3.0,3,0,97,96.05335255652173,96.73890501366459,0.001904312380952381,0.004834285714285715,0.0,True,True,True,False,-63.0,993.6376142281615,3.310995381743146,0.0,0.6136051454961468,0.0,934.5622147554008
2025-10-16T11:00:00Z,2025-10-16T11:15:00Z,2025-10-16,2025-10-16_53,-49.00000000000009,49,0,51,96.73890501366459,103.82290501366462,0.019677777777777836,4.55,0.0,True,True,True,False,-1067.465000000002,522.4280239756313,53.44404048344306,0.0,1163.8933084406015,0.0,672.3003728996738
2025-10-16T11:15:00Z,2025-10-16T11:30:00Z,2025-10-16,2025-10-16_54,-49.00000000000004,49,0,51,103.82290501366462,113.41051941366464,0.02663226222222225,1.8286799999999999,0.0,True,True,True,False,-1068.567500000001,522.4280239756313,53.44404048344306,0.0,282.16368884347054,0.0,-210.53174669745613
2025-10-16T11:30:00Z,2025-10-16T11:45:00Z,2025-10-16,2025-10-16_55,-49.00000000000004,49,0,51,113.41051941366464,124.66712421366466,0.031268346666666696,0.01456,0.0,True,True,True,False,-1108.625000000001,522.4280239756313,53.44404048344306,0.0,1.7617127876584457,0.0,-530.9912227532682
2025-10-16T11:45:00Z,2025-10-16T12:00:00Z,2025-10-16,2025-10-16_56,-49.00000000000004,49,0,51,124.66712421366466,135.92939621366466,0.03128408888888892,0.0084,0.0,True,True,True,False,-1093.312500000001,522.4280239756313,53.44404048344306,0.0,1.0071960695686353,0.0,-516.433239471358
2025-10-16T12:00:00Z,2025-10-16T12:15:00Z,2025-10-16,2025-10-16_57,-3.0,3,0,97,135.92939621366466,136.61676238509324,0.0019093504761904761,0.002862857142857143,0.0,True,True,True,False,-59.0625,993.6376142281615,3.2720841112312073,0.0,0.34495276576032796,0.0,938.192151105153
2025-10-16T12:15:00Z,2025-10-16T12:30:00Z,2025-10-16,2025-10-16_58,-3.0,3,0,97,136.61676238509324,137.30676238509324,0.0019166666666666668,0.0,0.0,True,True,True,False,-63.082499999999996,993.6376142281615,3.2720841112312073,0.0,0.0,0.0,933.8271983393927
2025-10-16T12:30:00Z,2025-10-16T12:45:00Z,2025-10-16,2025-10-16_59,-3.0,3,0,97,137.30676238509324,137.99676238509323,0.0019166666666666668,0.0,0.0,True,True,True,False,-69.00750000000001,993.6376142281615,3.2720841112312073,0.0,0.0,0.0,927.9021983393927
2025-10-16T12:45:00Z,2025-10-16T13:00:00Z,2025-10-16,2025-10-16_60,-3.0,3,0,97,137.99676238509323,138.68267758509322,0.00190532,0.0044399999999999995,0.0,True,True,True,False,-77.49,993.6376142281615,3.2720841112312073,0.0,0.5104451213520683,0.0,919.9301434607448
2025-10-16T13:00:00Z,2025-10-16T13:15:00Z,2025-10-16,2025-10-16_61,-26.0,26,0,74,138.68267758509322,144.55619941366464,0.016315338412698412,0.11573714285714286,0.0,True,True,True,False,-569.0749999999999,758.0328191018965,29.293111919033116,0.0,13.305734218616209,0.0,231.5566652395459
2025-10-16T13:15:00Z,2025-10-16T13:30:00Z,2025-10-16,2025-10-16_62,-26.0,26,0,74,144.55619941366464,150.2276997565218,0.015754167619047618,0.3353257142857143,0.0,True,True,True,False,-602.225,758.0328191018965,29.293111919033116,0.0,44.40902588301353,0.0,229.50995690394313
2025-10-16T13:30:00Z,2025-10-16T13:45:00Z,2025-10-16,2025-10-16_63,-26.0,26,0,74,150.2276997565218,155.6526190708075,0.01506922031746032,0.6033485714285713,0.0,True,True,True,False,-703.885,758.0328191018965,29.293111919033116,0.0,74.5864993837645,0.0,158.02743040469414
2025-10-16T13:45:00Z,2025-10-16T14:00:00Z,2025-10-16,2025-10-16_64,-8.621862284453792,26,0,74,155.6526190708075,155.96000000000004,0.007409915267220991,1.6243314285714285,0.0,True,True,True,False,-255.14245965269885,758.0328191018965,29.293111919033116,0.0,757.2522351992588,0.0,1289.4357065674897
2025-10-16T14:00:00Z,2025-10-16T14:15:00Z,2025-10-16,2025-10-16_65,-100.0,100,0,0,155.96000000000004,174.79949714285718,0.052331936507936515,4.522285714285714,0.0,True,True,True,False,-2629.5,0.0,113.31433624840327,0.0,605.3099647103412,0.0,-1910.8756990412555
2025-10-16T14:15:00Z,2025-10-16T14:30:00Z,2025-10-16,2025-10-16_66,-100.0,100,0,0,174.79949714285718,185.48726857142861,0.029688253968253964,13.382857142857144,0.0,True,True,True,False,-2848.25,0.0,113.31433624840327,0.0,5408.2417776779575,0.0,2673.306113926361
2025-10-16T14:30:00Z,2025-10-16T14:45:00Z,2025-10-16,2025-10-16_67,-99.06887831705079,100,0,0,185.48726857142861,190.00000000000009,0.013650269233897184,19.828571428571433,0.0,True,True,True,False,-3256.1463580856666,0.0,113.31433624840327,0.0,11424.335569000128,0.0,8281.503547162865
2025-10-16T14:45:00Z,2025-10-16T15:00:00Z,2025-10-16,2025-10-16_68,0.0,100,0,0,190.00000000000009,174.61614906832307,0.042732919254658386,14.153142857142859,0.0,True,True,True,False,0.0,0.0,113.31433624840327,0.0,8390.356349303052,0.0,8503.670685551455
2025-10-16T15:00:00Z,2025-10-16T15:15:00Z,2025-10-16,2025-10-16_69,100.0,0,100,0,174.61614906832307,154.46273291925473,0.05598171152518978,0.0,6.458857142857144,True,True,True,False,4255.25,0.0,0.0,45.04274344109266,0.0,-329.0240961271215,3971.268647313971
2025-10-16T15:15:00Z,2025-10-16T15:30:00Z,2025-10-16,2025-10-16_70,100.0,0,100,0,154.46273291925473,132.4981366459628,0.061012767425810896,0.0,4.792571428571429,True,True,True,False,3934.7499999999995,0.0,0.0,45.04274344109266,0.0,-238.83365538539286,3740.9590880556993
2025-10-16T15:30:00Z,2025-10-16T15:45:00Z,2025-10-16,2025-10-16_71,100.0,0,100,0,132.4981366459628,105.81118012422365,0.0741304347826087,0.0,0.44800000000000006,True,True,True,False,4824.5,0.0,0.0,45.04274344109266,0.0,-36.097081654711616,4833.445661786381
2025-10-16T15:45:00Z,2025-10-16T16:00:00Z,2025-10-16,2025-10-16_72,100.0,0,100,0,105.81118012422365,83.13416149068328,0.06299171842650103,0.0,4.137142857142857,True,True,True,False,7375.25,0.0,0.0,45.04274344109266,0.0,-210.64183382697678,7209.650909614116
2025-10-16T16:00:00Z,2025-10-16T16:15:00Z,2025-10-16,2025-10-16_73,15.191941918409043,0,18,82,83.13416149068328,79.02173913043491,0.011435287348248167,0.0,0.014914285714285713,True,True,True,False,602.9301948868589,839.9823130588582,0.0,8.107693819396678,0.0,-1.2017013152907818,1449.818500449823
2025-10-16T16:15:00Z,2025-10-16T16:30:00Z,2025-10-16,2025-10-16_74,18.0,0,18,82,79.02173913043491,74.13043478260883,0.013586956521739128,0.0,0.0,True,True,True,False,740.52,839.9823130588582,0.0,8.107693819396678,0.0,0.0,1588.6100068782548
2025-10-16T16:30:00Z,2025-10-16T16:45:00Z,2025-10-16,2025-10-16_75,18.0,0,18,82,74.13043478260883,69.23913043478274,0.01358695652173913,0.0,0.0,True,True,True,False,945.135,839.9823130588582,0.0,8.107693819396678,0.0,0.0,1793.2250068782548
2025-10-16T16:45:00Z,2025-10-16T17:00:00Z,2025-10-16,2025-10-16_76,18.0,0,18,82,69.23913043478274,64.34782608695666,0.01358695652173913,0.0,0.0,True,True,True,False,1137.1499999999999,839.9823130588582,0.0,8.107693819396678,0.0,0.0,1985.2400068782547
2025-10-16T17:00:00Z,2025-10-16T17:15:00Z,2025-10-16,2025-10-16_77,0.0,0,0,100,64.34782608695666,64.34782608695666,0.0,0.0,0.0,True,True,True,False,0.0,1024.3686744620222,0.0,0.0,0.0,0.0,1024.3686744620222
2025-10-16T17:15:00Z,2025-10-16T17:30:00Z,2025-10-16,2025-10-16_78,0.0,0,0,100,64.34782608695666,64.34782608695666,0.0,0.0,0.0,True,True,True,False,0.0,1024.3686744620222,0.0,0.0,0.0,0.0,1024.3686744620222
2025-10-16T17:30:00Z,2025-10-16T17:45:00Z,2025-10-16,2025-10-16_79,0.0,0,0,100,64.34782608695666,64.34782608695666,0.0,0.0,0.0,True,True,True,False,0.0,1024.3686744620222,0.0,0.0,0.0,0.0,1024.3686744620222
2025-10-16T17:45:00Z,2025-10-16T18:00:00Z,2025-10-16,2025-10-16_80,0.0,0,0,100,64.34782608695666,64.34782608695666,0.0,0.0,0.0,True,True,True,False,0.0,1024.3686744620222,0.0,0.0,0.0,0.0,1024.3686744620222
2025-10-16T18:00:00Z,2025-10-16T18:15:00Z,2025-10-16,2025-10-16_81,0.0,0,0,100,64.34782608695666,64.34782608695666,0.0,0.0,0.0,True,True,True,False,0.0,1024.3686744620222,0.0,0.0,0.0,0.0,1024.3686744620222
2025-10-16T18:15:00Z,2025-10-16T18:30:00Z,2025-10-16,2025-10-16_82,0.0,0,0,100,64.34782608695666,64.34782608695666,0.0,0.0,0.0,True,True,True,False,0.0,1024.3686744620222,0.0,0.0,0.0,0.0,1024.3686744620222
2025-10-16T18:30:00Z,2025-10-16T18:45:00Z,2025-10-16,2025-10-16_83,0.0,0,0,100,64.34782608695666,64.34782608695666,0.0,0.0,0.0,True,True,True,False,0.0,1024.3686744620222,0.0,0.0,0.0,0.0,1024.3686744620222
2025-10-16T18:45:00Z,2025-10-16T19:00:00Z,2025-10-16,2025-10-16_84,0.0,0,0,100,64.34782608695666,64.34782608695666,0.0,0.0,0.0,True,True,True,False,0.0,1024.3686744620222,0.0,0.0,0.0,0.0,1024.3686744620222
2025-10-16T19:00:00Z,2025-10-16T19:15:00Z,2025-10-16,2025-10-16_85,0.0,0,0,100,64.34782608695666,64.34782608695666,0.0,0.0,0.0,True,True,True,False,0.0,1024.3686744620222,0.0,0.0,0.0,0.0,1024.3686744620222
2025-10-16T19:15:00Z,2025-10-16T19:30:00Z,2025-10-16,2025-10-16_86,0.0,0,0,100,64.34782608695666,64.34782608695666,0.0,0.0,0.0,True,True,True,False,0.0,1024.3686744620222,0.0,0.0,0.0,0.0,1024.3686744620222
2025-10-16T19:30:00Z,2025-10-16T19:45:00Z,2025-10-16,2025-10-16_87,0.0,0,0,100,64.34782608695666,64.34782608695666,0.0,0.0,0.0,True,True,True,False,0.0,1024.3686744620222,0.0,0.0,0.0,0.0,1024.3686744620222
2025-10-16T19:45:00Z,2025-10-16T20:00:00Z,2025-10-16,2025-10-16_88,0.0,0,0,100,64.34782608695666,64.34782608695666,0.0,0.0,0.0,True,True,True,False,0.0,1024.3686744620222,0.0,0.0,0.0,0.0,1024.3686744620222
2025-10-16T20:00:00Z,2025-10-16T20:15:00Z,2025-10-16,2025-10-16_89,0.0,0,0,100,64.34782608695666,64.34782608695666,0.0,0.0,0.0,True,True,True,False,0.0,1024.3686744620222,0.0,0.0,0.0,0.0,1024.3686744620222
2025-10-16T20:15:00Z,2025-10-16T20:30:00Z,2025-10-16,2025-10-16_90,0.0,0,0,100,64.34782608695666,64.34782608695666,0.0,0.0,0.0,True,True,True,False,0.0,1024.3686744620222,0.0,0.0,0.0,0.0,1024.3686744620222
2025-10-16T20:30:00Z,2025-10-16T20:45:00Z,2025-10-16,2025-10-16_91,0.0,0,0,100,64.34782608695666,64.34782608695666,0.0,0.0,0.0,True,True,True,False,0.0,1024.3686744620222,0.0,0.0,0.0,0.0,1024.3686744620222
2025-10-16T20:45:00Z,2025-10-16T21:00:00Z,2025-10-16,2025-10-16_92,0.0,0,0,100,64.34782608695666,64.34782608695666,0.0,0.0,0.0,True,True,True,False,0.0,1024.3686744620222,0.0,0.0,0.0,0.0,1024.3686744620222
2025-10-16T21:00:00Z,2025-10-16T21:15:00Z,2025-10-17,2025-10-16_93,0.0,0,0,100,64.34782608695666,64.34782608695666,0.0,0.0,0.0,True,True,True,False,0.0,1024.388805911485,0.0,0.0,0.0,0.0,1024.388805911485
2025-10-16T21:15:00Z,2025-10-16T21:30:00Z,2025-10-17,2025-10-16_94,0.0,0,0,100,64.34782608695666,64.34782608695666,0.0,0.0,0.0,True,True,True,False,0.0,1024.388805911485,0.0,0.0,0.0,0.0,1024.388805911485
2025-10-16T21:30:00Z,2025-10-16T21:45:00Z,2025-10-17,2025-10-16_95,0.0,0,0,100,64.34782608695666,64.34782608695666,0.0,0.0,0.0,True,True,True,False,0.0,1024.388805911485,0.0,0.0,0.0,0.0,1024.388805911485
2025-10-16T21:45:00Z,2025-10-16T22:00:00Z,2025-10-17,2025-10-16_96,0.0,0,0,100,64.34782608695666,64.34782608695666,0.0,0.0,0.0,True,True,True,False,0.0,1024.388805911485,0.0,0.0,0.0,0.0,1024.388805911485
2025-10-16T22:00:00Z,2025-10-16T22:15:00Z,2025-10-17,2025-10-17_1,1.6218910272784898e-13,0,0,100,64.34782608695666,64.34782608695662,1.2242534928128695e-16,0.0,0.0,True,True,True,False,4.1552848118874905e-12,1024.388805911485,0.0,0.0,0.0,0.0,1024.388805911489
2025-10-16T22:15:00Z,2025-10-16T22:30:00Z,2025-10-17,2025-10-17_2,1.5631940186722204e-13,0,0,100,64.34782608695662,64.34782608695657,1.1799471759301181e-16,0.0,0.0,True,True,True,False,3.9318237554653025e-12,1024.388805911485,0.0,0.0,0.0,0.0,1024.3888059114888
2025-10-16T22:30:00Z,2025-10-16T22:45:00Z,2025-10-17,2025-10-17_3,1.5631940186722204e-13,0,0,100,64.34782608695657,64.34782608695653,1.1799471759301181e-16,0.0,0.0,True,True,True,False,3.832951733784284e-12,1024.388805911485,0.0,0.0,0.0,0.0,1024.3888059114888
2025-10-16T22:45:00Z,2025-10-16T23:00:00Z,2025-10-17,2025-10-17_4,1.5631940186722204e-13,0,0,100,64.34782608695653,64.34782608695649,1.179947175930118e-16,0.0,0.0,True,True,True,False,3.799343062382832e-12,1024.388805911485,0.0,0.0,0.0,0.0,1024.3888059114888
2025-10-16T23:00:00Z,2025-10-16T23:15:00Z,2025-10-17,2025-10-17_5,0.0,0,0,100,64.34782608695649,64.34782608695649,0.0,0.0,0.0,True,True,True,False,0.0,1024.388805911485,0.0,0.0,0.0,0.0,1024.388805911485
2025-10-16T23:15:00Z,2025-10-16T23:30:00Z,2025-10-17,2025-10-17_6,0.0,0,0,100,64.34782608695649,64.34782608695649,0.0,0.0,0.0,True,True,True,False,0.0,1024.388805911485,0.0,0.0,0.0,0.0,1024.388805911485
2025-10-16T23:30:00Z,2025-10-16T23:45:00Z,2025-10-17,2025-10-17_7,0.0,0,0,100,64.34782608695649,64.34782608695649,0.0,0.0,0.0,True,True,True,False,0.0,1024.388805911485,0.0,0.0,0.0,0.0,1024.388805911485
2025-10-16T23:45:00Z,2025-10-17T00:00:00Z,2025-10-17,2025-10-17_8,0.0,0,0,100,64.34782608695649,64.34782608695649,0.0,0.0,0.0,True,True,True,False,0.0,1024.388805911485,0.0,0.0,0.0,0.0,1024.388805911485
2025-10-17T00:00:00Z,2025-10-17T00:15:00Z,2025-10-17,2025-10-17_9,-9.947598300641403e-14,0,0,100,64.34782608695649,64.34782608695652,6.355410025409786e-17,0.0,0.0,True,True,True,False,-2.3304735918827643e-12,1024.388805911485,0.0,0.0,0.0,0.0,1024.3888059114827
2025-10-17T00:15:00Z,2025-10-17T00:30:00Z,2025-10-17,2025-10-17_10,-9.947598300641403e-14,0,0,100,64.34782608695652,64.34782608695653,6.355410025409786e-17,0.0,0.0,True,True,True,False,-2.2645707531410156e-12,1024.388805911485,0.0,0.0,0.0,0.0,1024.3888059114827
2025-10-17T00:30:00Z,2025-10-17T00:45:00Z,2025-10-17,2025-10-17_11,-9.947598300641403e-14,0,0,100,64.34782608695653,64.34782608695654,6.355410025409786e-17,0.0,0.0,True,True,True,False,-2.299636037150776e-12,1024.388805911485,0.0,0.0,0.0,0.0,1024.3888059114827
2025-10-17T00:45:00Z,2025-10-17T01:00:00Z,2025-10-17,2025-10-17_12,-9.947598300641403e-14,0,0,100,64.34782608695654,64.34782608695657,6.355410025409785e-17,0.0,0.0,True,True,True,False,-2.295159617915488e-12,1024.388805911485,0.0,0.0,0.0,0.0,1024.3888059114827
2025-10-17T01:00:00Z,2025-10-17T01:15:00Z,2025-10-17,2025-10-17_13,-62.99999999999998,63,0,37,64.34782608695657,77.36829168695657,0.03616795999999999,1.59732,0.0,True,True,True,False,-1448.6849999999995,379.02385818724946,69.82941592642088,0.0,248.31539179309803,0.0,-751.5163340932311
2025-10-17T01:15:00Z,2025-10-17T01:30:00Z,2025-10-17,2025-10-17_14,-63.0,63,0,37,77.36829168695657,89.11959888695657,0.03264252,2.9768399999999997,0.0,True,True,True,False,-1459.08,379.02385818724946,69.82941592642088,0.0,467.41430913450193,0.0,-542.8124167518276
2025-10-17T01:30:00Z,2025-10-17T01:45:00Z,2025-10-17,2025-10-17_15,-63.0,63,0,37,89.11959888695657,101.71082928695657,0.034975639999999995,2.0638799999999997,0.0,True,True,True,False,-1435.77,379.02385818724946,69.82941592642088,0.0,323.271976762833,0.0,-663.6447491234967
2025-10-17T01:45:00Z,2025-10-17T02:00:00Z,2025-10-17,2025-10-17_16,-62.99999999999993,63,0,37,101.71082928695657,113.81287728695655,0.03361679999999997,2.5956,0.0,True,True,True,False,-1451.5199999999984,379.02385818724946,69.82941592642088,0.0,406.9420692555617,0.0,-595.7246566307664
2025-10-17T02:00:00Z,2025-10-17T02:15:00Z,2025-10-17,2025-10-17_17,0.0,0,0,100,113.81287728695655,113.81287728695655,0.0,0.0,0.0,True,True,True,False,0.0,1024.388805911485,0.0,0.0,0.0,0.0,1024.388805911485
2025-10-17T02:15:00Z,2025-10-17T02:30:00Z,2025-10-17,2025-10-17_18,0.0,0,0,100,113.81287728695655,113.81287728695655,0.0,0.0,0.0,True,True,True,False,0.0,1024.388805911485,0.0,0.0,0.0,0.0,1024.388805911485
2025-10-17T02:30:00Z,2025-10-17T02:45:00Z,2025-10-17,2025-10-17_19,0.0,0,0,100,113.81287728695655,113.81287728695655,0.0,0.0,0.0,True,True,True,False,0.0,1024.388805911485,0.0,0.0,0.0,0.0,1024.388805911485
2025-10-17T02:45:00Z,2025-10-17T03:00:00Z,2025-10-17,2025-10-17_20,0.0,0,0,100,113.81287728695655,113.81287728695655,0.0,0.0,0.0,True,True,True,False,0.0,1024.388805911485,0.0,0.0,0.0,0.0,1024.388805911485
2025-10-17T03:00:00Z,2025-10-17T03:15:00Z,2025-10-17,2025-10-17_21,0.0,0,0,100,113.81287728695655,113.81287728695655,0.0,0.0,0.0,True,True,True,False,0.0,1024.388805911485,0.0,0.0,0.0,0.0,1024.388805911485
2025-10-17T03:15:00Z,2025-10-17T03:30:00Z,2025-10-17,2025-10-17_22,0.0,0,0,100,113.81287728695655,113.81287728695655,0.0,0.0,0.0,True,True,True,False,0.0,1024.388805911485,0.0,0.0,0.0,0.0,1024.388805911485
2025-10-17T03:30:00Z,2025-10-17T03:45:00Z,2025-10-17,2025-10-17_23,0.0,0,0,100,113.81287728695655,113.81287728695655,0.0,0.0,0.0,True,True,True,False,0.0,1024.388805911485,0.0,0.0,0.0,0.0,1024.388805911485
2025-10-17T03:45:00Z,2025-10-17T04:00:00Z,2025-10-17,2025-10-17_24,0.0,0,0,100,113.81287728695655,113.81287728695655,0.0,0.0,0.0,True,True,True,False,0.0,1024.388805911485,0.0,0.0,0.0,0.0,1024.388805911485
2025-10-17T04:00:00Z,2025-10-17T04:15:00Z,2025-10-17,2025-10-17_25,0.0,0,0,100,113.81287728695655,113.81287728695655,0.0,0.0,0.0,True,False,True,False,0.0,1024.388805911485,0.0,0.0,0.0,0.0,1024.388805911485
2025-10-17T04:15:00Z,2025-10-17T04:30:00Z,2025-10-17,2025-10-17_26,0.0,0,0,100,113.81287728695655,113.81287728695655,0.0,0.0,0.0,True,False,True,False,0.0,1024.388805911485,0.0,0.0,0.0,0.0,1024.388805911485
2025-10-17T04:30:00Z,2025-10-17T04:45:00Z,2025-10-17,2025-10-17_27,0.0,0,0,100,113.81287728695655,113.81287728695655,0.0,0.0,0.0,True,False,True,False,0.0,1024.388805911485,0.0,0.0,0.0,0.0,1024.388805911485
2025-10-17T04:45:00Z,2025-10-17T05:00:00Z,2025-10-17,2025-10-17_28,0.0,0,0,100,113.81287728695655,113.81287728695655,0.0,0.0,0.0,True,False,True,False,0.0,1024.388805911485,0.0,0.0,0.0,0.0,1024.388805911485
2025-10-17T05:00:00Z,2025-10-17T05:15:00Z,2025-10-17,2025-10-17_29,0.0,100,100,0,113.81287728695655,93.58616921242239,0.05618530020703933,18.608571428571427,0.0,True,True,True,False,0.0,0.0,138.22616146529361,44.27717946702303,5027.616608644872,0.0,5210.119949577189
2025-10-17T05:15:00Z,2025-10-17T05:30:00Z,2025-10-17,2025-10-17_30,0.0,100,100,0,93.58616921242239,71.325299647205,0.06183574879227053,20.48,0.0,True,True,True,False,0.0,0.0,138.22616146529361,44.27717946702303,10827.429541702697,0.0,11009.932882635014
2025-10-17T05:30:00Z,2025-10-17T05:45:00Z,2025-10-17,2025-10-17_31,0.0,100,100,0,71.325299647205,64.66933741118017,0.019137164941338852,6.230857142857142,0.12685714285714286,True,True,True,False,0.0,0.0,138.22616146529361,44.27717946702303,1421.9429730367108,-7.977809471402742,1596.4685044976247
2025-10-17T05:45:00Z,2025-10-17T06:00:00Z,2025-10-17,2025-10-17_32,0.0,100,100,0,64.66933741118017,64.96484946086962,0.0010658633540372672,0.040571428571428564,0.36914285714285716,True,True,True,False,0.0,0.0,138.22616146529361,44.27717946702303,6.12710377665727,-23.827865284624973,164.80257942434895
2025-10-17T06:00:00Z,2025-10-17T06:15:00Z,2025-10-17,2025-10-17_33,0.0,0,0,100,64.96484946086962,64.96484946086962,0.0,0.0,0.0,True,True,True,False,0.0,1024.388805911485,0.0,0.0,0.0,0.0,1024.388805911485
2025-10-17T06:15:00Z,2025-10-17T06:30:00Z,2025-10-17,2025-10-17_34,0.0,0,0,100,64.96484946086962,64.96484946086962,0.0,0.0,0.0,True,True,True,False,0.0,1024.388805911485,0.0,0.0,0.0,0.0,1024.388805911485
2025-10-17T06:30:00Z,2025-10-17T06:45:00Z,2025-10-17,2025-10-17_35,0.0,0,0,100,64.96484946086962,64.96484946086962,0.0,0.0,0.0,True,True,True,False,0.0,1024.388805911485,0.0,0.0,0.0,0.0,1024.388805911485
2025-10-17T06:45:00Z,2025-10-17T07:00:00Z,2025-10-17,2025-10-17_36,0.0,0,0,100,64.96484946086962,64.96484946086962,0.0,0.0,0.0,True,True,True,False,0.0,1024.388805911485,0.0,0.0,0.0,0.0,1024.388805911485
2025-10-17T07:00:00Z,2025-10-17T07:15:00Z,2025-10-17,2025-10-17_37,0.0,0,0,100,64.96484946086962,64.96484946086962,0.0,0.0,0.0,True,True,True,False,0.0,1024.388805911485,0.0,0.0,0.0,0.0,1024.388805911485
2025-10-17T07:15:00Z,2025-10-17T07:30:00Z,2025-10-17,2025-10-17_38,0.0,0,0,100,64.96484946086962,64.96484946086962,0.0,0.0,0.0,True,True,True,False,0.0,1024.388805911485,0.0,0.0,0.0,0.0,1024.388805911485
2025-10-17T07:30:00Z,2025-10-17T07:45:00Z,2025-10-17,2025-10-17_39,0.0,0,0,100,64.96484946086962,64.96484946086962,0.0,0.0,0.0,True,True,True,False,0.0,1024.388805911485,0.0,0.0,0.0,0.0,1024.388805911485
2025-10-17T07:45:00Z,2025-10-17T08:00:00Z,2025-10-17,2025-10-17_40,0.0,0,0,100,64.96484946086962,64.96484946086962,0.0,0.0,0.0,True,True,True,False,0.0,1024.388805911485,0.0,0.0,0.0,0.0,1024.388805911485
2025-10-17T08:00:00Z,2025-10-17T08:15:00Z,2025-10-17,2025-10-17_41,0.0,0,0,100,64.96484946086962,64.96484946086962,0.0,0.0,0.0,True,True,True,False,0.0,1024.388805911485,0.0,0.0,0.0,0.0,1024.388805911485
2025-10-17T08:15:00Z,2025-10-17T08:30:00Z,2025-10-17,2025-10-17_42,0.0,0,0,100,64.96484946086962,64.96484946086962,0.0,0.0,0.0,True,True,True,False,0.0,1024.388805911485,0.0,0.0,0.0,0.0,1024.388805911485
2025-10-17T08:30:00Z,2025-10-17T08:45:00Z,2025-10-17,2025-10-17_43,0.0,0,0,100,64.96484946086962,64.96484946086962,0.0,0.0,0.0,True,True,True,False,0.0,1024.388805911485,0.0,0.0,0.0,0.0,1024.388805911485
2025-10-17T08:45:00Z,2025-10-17T09:00:00Z,2025-10-17,2025-10-17_44,0.0,0,0,100,64.96484946086962,64.96484946086962,0.0,0.0,0.0,True,True,True,False,0.0,1024.388805911485,0.0,0.0,0.0,0.0,1024.388805911485
2025-10-17T09:00:00Z,2025-10-17T09:15:00Z,2025-10-17,2025-10-17_45,0.0,0,0,100,64.96484946086962,64.96484946086962,0.0,0.0,0.0,True,True,True,False,0.0,1024.388805911485,0.0,0.0,0.0,0.0,1024.388805911485
2025-10-17T09:15:00Z,2025-10-17T09:30:00Z,2025-10-17,2025-10-17_46,0.0,0,0,100,64.96484946086962,64.96484946086962,0.0,0.0,0.0,True,True,True,False,0.0,1024.388805911485,0.0,0.0,0.0,0.0,1024.388805911485
2025-10-17T09:30:00Z,2025-10-17T09:45:00Z,2025-10-17,2025-10-17_47,0.0,0,0,100,64.96484946086962,64.96484946086962,0.0,0.0,0.0,True,True,True,False,0.0,1024.388805911485,0.0,0.0,0.0,0.0,1024.388805911485
2025-10-17T09:45:00Z,2025-10-17T10:00:00Z,2025-10-17,2025-10-17_48,0.0,0,0,100,64.96484946086962,64.96484946086962,0.0,0.0,0.0,True,True,True,False,0.0,1024.388805911485,0.0,0.0,0.0,0.0,1024.388805911485
2025-10-17T10:00:00Z,2025-10-17T10:15:00Z,2025-10-17,2025-10-17_49,0.0,100,100,0,64.96484946086962,71.38697517515533,0.017839238095238092,0.0,6.9805714285714275,True,True,True,False,0.0,0.0,109.86754185991668,46.63548463171134,0.0,-295.8690040091187,-139.3659775174907
2025-10-17T10:15:00Z,2025-10-17T10:30:00Z,2025-10-17,2025-10-17_50,0.0,100,100,0,71.38697517515533,81.1968037465839,0.027249523809523814,0.0,10.662857142857144,True,True,True,False,0.0,0.0,109.86754185991668,46.63548463171134,0.0,-382.5837501544129,-226.08072366278486
2025-10-17T10:30:00Z,2025-10-17T10:45:00Z,2025-10-17,2025-10-17_51,0.0,100,100,0,81.1968037465839,86.22105517515533,0.01395625396825397,0.0,5.461142857142858,True,True,True,False,0.0,0.0,109.86754185991668,46.63548463171134,0.0,-273.2986248834885,-116.7955983918605
2025-10-17T10:45:00Z,2025-10-17T11:00:00Z,2025-10-17,2025-10-17_52,0.0,100,100,0,86.22105517515533,102.2206437465839,0.044443301587301594,0.0,17.390857142857143,True,True,True,False,0.0,0.0,109.86754185991668,46.63548463171134,0.0,245.90338428021158,402.4064107718396
2025-10-17T11:00:00Z,2025-10-17T11:15:00Z,2025-10-17,2025-10-17_53,0.0,100,100,0,102.2206437465839,108.63278088944105,0.017811492063492064,0.0,6.969714285714285,True,True,True,False,0.0,0.0,107.98089772816604,46.63548463171134,0.0,83.81080058845328,238.42718294833065
2025-10-17T11:15:00Z,2025-10-17T11:30:00Z,2025-10-17,2025-10-17_54,0.0,100,100,0,108.63278088944105,119.66436946086962,0.030643301587301587,0.0,11.990857142857143,True,True,True,False,0.0,0.0,107.98089772816604,46.63548463171134,0.0,1288.2607036733411,1442.8770860332186
2025-10-17T11:30:00Z,2025-10-17T11:45:00Z,2025-10-17,2025-10-17_55,0.0,100,100,0,119.66436946086962,127.59108946086963,0.02201866666666667,0.0,8.616,True,True,True,False,0.0,0.0,107.98089772816604,46.63548463171134,0.0,78.80615832088671,233.4225406807641
2025-10-17T11:45:00Z,2025-10-17T12:00:00Z,2025-10-17,2025-10-17_56,0.0,100,100,0,127.59108946086963,127.4590636223603,0.0019175955831608007,0.3782857142857143,0.30342857142857144,True,True,True,False,0.0,0.0,107.98089772816604,46.63548463171134,55.53805832874774,-18.168623535885544,191.98581715273957
2025-10-17T12:00:00Z,2025-10-17T12:15:00Z,2025-10-17,2025-10-17_57,0.0,0,0,100,127.4590636223603,127.4590636223603,0.0,0.0,0.0,True,True,True,False,0.0,1024.388805911485,0.0,0.0,0.0,0.0,1024.388805911485
2025-10-17T12:15:00Z,2025-10-17T12:30:00Z,2025-10-17,2025-10-17_58,0.0,0,0,100,127.4590636223603,127.4590636223603,0.0,0.0,0.0,True,True,True,False,0.0,1024.388805911485,0.0,0.0,0.0,0.0,1024.388805911485
2025-10-17T12:30:00Z,2025-10-17T12:45:00Z,2025-10-17,2025-10-17_59,0.0,0,0,100,127.4590636223603,127.4590636223603,0.0,0.0,0.0,True,True,True,False,0.0,1024.388805911485,0.0,0.0,0.0,0.0,1024.388805911485
2025-10-17T12:45:00Z,2025-10-17T13:00:00Z,2025-10-17,2025-10-17_60,0.0,0,0,100,127.4590636223603,127.4590636223603,0.0,0.0,0.0,True,True,True,False,0.0,1024.388805911485,0.0,0.0,0.0,0.0,1024.388805911485
2025-10-17T13:00:00Z,2025-10-17T13:15:00Z,2025-10-17,2025-10-17_61,-100.0000000000002,100,0,0,127.4590636223603,147.01668647950322,0.05432673015873028,3.7417142857142855,0.0,True,True,True,False,-2583.500000000005,0.0,111.19408851505385,0.0,657.8781416555302,0.0,-1814.427769829421
2025-10-17T13:15:00Z,2025-10-17T13:30:00Z,2025-10-17,2025-10-17_62,-100.0,100,0,0,147.01668647950322,155.4428350509318,0.02340596825396825,15.84114285714286,0.0,True,True,True,False,-2972.5,0.0,111.19408851505385,0.0,11650.66183880423,0.0,8789.355927319284
2025-10-17T13:30:00Z,2025-10-17T13:45:00Z,2025-10-17,2025-10-17_63,-0.9561644983531142,100,0,0,155.4428350509318,151.45341614906835,0.012113950653887855,3.878285714285714,0.0,True,True,True,False,-31.866572318863415,0.0,111.19408851505385,0.0,1083.52751142655,0.0,1162.8550276227404
2025-10-17T13:45:00Z,2025-10-17T14:00:00Z,2025-10-17,2025-10-17_64,0.0,100,0,0,151.45341614906835,144.00000000000003,0.020703933747412008,6.857142857142858,0.0,True,True,True,False,0.0,0.0,111.19408851505385,0.0,1450.651453726684,0.0,1561.8455422417378
2025-10-17T14:00:00Z,2025-10-17T14:15:00Z,2025-10-17,2025-10-17_65,0.0,0,0,100,144.00000000000003,144.00000000000003,0.0,0.0,0.0,True,True,True,False,0.0,1024.388805911485,0.0,0.0,0.0,0.0,1024.388805911485
2025-10-17T14:15:00Z,2025-10-17T14:30:00Z,2025-10-17,2025-10-17_66,0.0,0,0,100,144.00000000000003,144.00000000000003,0.0,0.0,0.0,True,True,True,False,0.0,1024.388805911485,0.0,0.0,0.0,0.0,1024.388805911485
2025-10-17T14:30:00Z,2025-10-17T14:45:00Z,2025-10-17,2025-10-17_67,0.0,0,0,100,144.00000000000003,144.00000000000003,0.0,0.0,0.0,True,True,True,False,0.0,1024.388805911485,0.0,0.0,0.0,0.0,1024.388805911485
2025-10-17T14:45:00Z,2025-10-17T15:00:00Z,2025-10-17,2025-10-17_68,0.0,0,0,100,144.00000000000003,144.00000000000003,0.0,0.0,0.0,True,True,True,False,0.0,1024.388805911485,0.0,0.0,0.0,0.0,1024.388805911485
2025-10-17T15:00:00Z,2025-10-17T15:15:00Z,2025-10-17,2025-10-17_69,0.0,0,0,100,144.00000000000003,144.00000000000003,0.0,0.0,0.0,True,True,True,False,0.0,1024.388805911485,0.0,0.0,0.0,0.0,1024.388805911485
2025-10-17T15:15:00Z,2025-10-17T15:30:00Z,2025-10-17,2025-10-17_70,0.0,0,0,100,144.00000000000003,144.00000000000003,0.0,0.0,0.0,True,True,True,False,0.0,1024.388805911485,0.0,0.0,0.0,0.0,1024.388805911485
2025-10-17T15:30:00Z,2025-10-17T15:45:00Z,2025-10-17,2025-10-17_71,0.0,0,0,100,144.00000000000003,144.00000000000003,0.0,0.0,0.0,True,True,True,False,0.0,1024.388805911485,0.0,0.0,0.0,0.0,1024.388805911485
2025-10-17T15:45:00Z,2025-10-17T16:00:00Z,2025-10-17,2025-10-17_72,0.0,0,0,100,144.00000000000003,144.00000000000003,0.0,0.0,0.0,True,True,True,False,0.0,1024.388805911485,0.0,0.0,0.0,0.0,1024.388805911485
2025-10-17T16:00:00Z,2025-10-17T16:15:00Z,2025-10-17,2025-10-17_73,0.0,0,0,100,144.00000000000003,144.00000000000003,0.0,0.0,0.0,True,True,True,False,0.0,1024.388805911485,0.0,0.0,0.0,0.0,1024.388805911485
2025-10-17T16:15:00Z,2025-10-17T16:30:00Z,2025-10-17,2025-10-17_74,0.0,0,0,100,144.00000000000003,144.00000000000003,0.0,0.0,0.0,True,True,True,False,0.0,1024.388805911485,0.0,0.0,0.0,0.0,1024.388805911485
2025-10-17T16:30:00Z,2025-10-17T16:45:00Z,2025-10-17,2025-10-17_75,0.0,0,0,100,144.00000000000003,144.00000000000003,0.0,0.0,0.0,True,True,True,False,0.0,1024.388805911485,0.0,0.0,0.0,0.0,1024.388805911485
2025-10-17T16:45:00Z,2025-10-17T17:00:00Z,2025-10-17,2025-10-17_76,0.0,0,0,100,144.00000000000003,144.00000000000003,0.0,0.0,0.0,True,True,True,False,0.0,1024.388805911485,0.0,0.0,0.0,0.0,1024.388805911485
2025-10-17T17:00:00Z,2025-10-17T17:15:00Z,2025-10-17,2025-10-17_77,100.0,0,100,0,144.00000000000003,124.80000000000003,0.05333333333333334,0.0,7.335999999999999,True,True,True,False,4959.75,0.0,0.0,44.42457353981605,0.0,-446.3420548699001,4557.832518669916
2025-10-17T17:15:00Z,2025-10-17T17:30:00Z,2025-10-17,2025-10-17_78,100.00000000000006,0,100,0,124.80000000000003,100.88322981366461,0.0664354727398206,0.0,2.9965714285714284,True,True,True,False,4714.000000000003,0.0,0.0,44.42457353981605,0.0,-215.9505429716891,4542.47403056813
2025-10-17T17:30:00Z,2025-10-17T17:45:00Z,2025-10-17,2025-10-17_79,97.56014977268745,0,100,0,100.88322981366461,84.72468134161488,0.04607702190676366,0.0,9.56,True,True,True,False,3953.625069538159,0.0,0.0,44.42457353981605,0.0,-467.753116893326,3530.2965261846493
2025-10-17T17:45:00Z,2025-10-17T18:00:00Z,2025-10-17,2025-10-17_80,100.00000000000001,0,100,0,84.72468134161488,72.46256954037264,0.03406142167011734,0.0,13.718857142857141,True,True,True,False,3950.0000000000005,0.0,0.0,44.42457353981605,0.0,-716.4573656608306,3277.967207878986
2025-10-17T18:00:00Z,2025-10-17T18:15:00Z,2025-10-17,2025-10-17_81,62.0,38,100,0,72.46256954037264,69.84215962236023,0.03427691516908213,0.0,13.900571428571428,True,True,True,False,2528.98,0.0,43.20591934596337,44.42457353981605,0.0,290.930185407706,2907.5406782934856
2025-10-17T18:15:00Z,2025-10-17T18:30:00Z,2025-10-17,2025-10-17_82,62.0,38,100,0,69.84215962236023,62.558039413664574,0.03838179169082125,0.0,9.344,True,True,True,False,2549.13,0.0,43.20591934596337,44.42457353981605,0.0,-524.1098152660954,2112.6506776196843
2025-10-17T18:30:00Z,2025-10-17T18:45:00Z,2025-10-17,2025-10-17_83,0.0,38,100,0,62.558039413664574,70.64352512795028,0.022459682539682536,0.0,8.788571428571428,True,True,True,False,0.0,0.0,43.20591934596337,44.42457353981605,0.0,-413.7868900692892,-326.1563971835098
2025-10-17T18:45:00Z,2025-10-17T19:00:00Z,2025-10-17,2025-10-17_84,62.0,38,100,0,70.64352512795028,64.34782608695649,0.037511809082125605,0.0,10.309714285714286,True,True,True,False,2599.04,0.0,43.20591934596337,44.42457353981605,0.0,-564.3780410345098,2122.2924518512696
2025-10-17T19:00:00Z,2025-10-17T19:15:00Z,2025-10-17,2025-10-17_85,0.0,0,0,100,64.34782608695649,64.34782608695649,0.0,0.0,0.0,True,True,True,False,0.0,1024.388805911485,0.0,0.0,0.0,0.0,1024.388805911485
2025-10-17T19:15:00Z,2025-10-17T19:30:00Z,2025-10-17,2025-10-17_86,0.0,0,0,100,64.34782608695649,64.34782608695649,0.0,0.0,0.0,True,True,True,False,0.0,1024.388805911485,0.0,0.0,0.0,0.0,1024.388805911485
2025-10-17T19:30:00Z,2025-10-17T19:45:00Z,2025-10-17,2025-10-17_87,0.0,0,0,100,64.34782608695649,64.34782608695649,0.0,0.0,0.0,True,True,True,False,0.0,1024.388805911485,0.0,0.0,0.0,0.0,1024.388805911485
2025-10-17T19:45:00Z,2025-10-17T20:00:00Z,2025-10-17,2025-10-17_88,0.0,0,0,100,64.34782608695649,64.34782608695649,0.0,0.0,0.0,True,True,True,False,0.0,1024.388805911485,0.0,0.0,0.0,0.0,1024.388805911485
2025-10-17T20:00:00Z,2025-10-17T20:15:00Z,2025-10-17,2025-10-17_89,0.0,0,0,100,64.34782608695649,64.34782608695649,0.0,0.0,0.0,True,True,True,False,0.0,1024.388805911485,0.0,0.0,0.0,0.0,1024.388805911485
2025-10-17T20:15:00Z,2025-10-17T20:30:00Z,2025-10-17,2025-10-17_90,0.0,0,0,100,64.34782608695649,64.34782608695649,0.0,0.0,0.0,True,True,True,False,0.0,1024.388805911485,0.0,0.0,0.0,0.0,1024.388805911485
2025-10-17T20:30:00Z,2025-10-17T20:45:00Z,2025-10-17,2025-10-17_91,0.0,0,0,100,64.34782608695649,64.34782608695649,0.0,0.0,0.0,True,True,True,False,0.0,1024.388805911485,0.0,0.0,0.0,0.0,1024.388805911485
2025-10-17T20:45:00Z,2025-10-17T21:00:00Z,2025-10-17,2025-10-17_92,0.0,0,0,100,64.34782608695649,64.34782608695649,0.0,0.0,0.0,True,True,True,False,0.0,1024.388805911485,0.0,0.0,0.0,0.0,1024.388805911485
2025-10-17T21:00:00Z,2025-10-17T21:15:00Z,2025-10-18,2025-10-17_93,0.0,0,0,100,64.34782608695649,64.34782608695649,0.0,0.0,0.0,True,True,True,False,0.0,1024.2881565760774,0.0,0.0,0.0,0.0,1024.2881565760774
2025-10-17T21:15:00Z,2025-10-17T21:30:00Z,2025-10-18,2025-10-17_94,0.0,0,0,100,64.34782608695649,64.34782608695649,0.0,0.0,0.0,True,True,True,False,0.0,1024.2881565760774,0.0,0.0,0.0,0.0,1024.2881565760774
2025-10-17T21:30:00Z,2025-10-17T21:45:00Z,2025-10-18,2025-10-17_95,0.0,0,0,100,64.34782608695649,64.34782608695649,0.0,0.0,0.0,True,True,True,False,0.0,1024.2881565760774,0.0,0.0,0.0,0.0,1024.2881565760774
2025-10-17T21:45:00Z,2025-10-17T22:00:00Z,2025-10-18,2025-10-17_96,0.0,0,0,100,64.34782608695649,64.34782608695649,0.0,0.0,0.0,True,True,True,False,0.0,1024.2881565760774,0.0,0.0,0.0,0.0,1024.2881565760774
2025-10-17T22:00:00Z,2025-10-17T22:15:00Z,2025-10-18,2025-10-18_1,0.0,0,0,100,64.34782608695649,64.34782608695649,0.0,0.0,0.0,True,True,True,False,0.0,1024.2881565760774,0.0,0.0,0.0,0.0,1024.2881565760774
2025-10-17T22:15:00Z,2025-10-17T22:30:00Z,2025-10-18,2025-10-18_2,0.0,0,0,100,64.34782608695649,64.34782608695649,0.0,0.0,0.0,True,True,True,False,0.0,1024.2881565760774,0.0,0.0,0.0,0.0,1024.2881565760774
2025-10-17T22:30:00Z,2025-10-17T22:45:00Z,2025-10-18,2025-10-18_3,0.0,0,0,100,64.34782608695649,64.34782608695649,0.0,0.0,0.0,True,True,True,False,0.0,1024.2881565760774,0.0,0.0,0.0,0.0,1024.2881565760774
2025-10-17T22:45:00Z,2025-10-17T23:00:00Z,2025-10-18,2025-10-18_4,0.0,0,0,100,64.34782608695649,64.34782608695649,0.0,0.0,0.0,True,True,True,False,0.0,1024.2881565760774,0.0,0.0,0.0,0.0,1024.2881565760774
2025-10-17T23:00:00Z,2025-10-17T23:15:00Z,2025-10-18,2025-10-18_5,0.0,0,0,100,64.34782608695649,64.34782608695649,0.0,0.0,0.0,True,True,True,False,0.0,1024.2881565760774,0.0,0.0,0.0,0.0,1024.2881565760774
2025-10-17T23:15:00Z,2025-10-17T23:30:00Z,2025-10-18,2025-10-18_6,0.0,0,0,100,64.34782608695649,64.34782608695649,0.0,0.0,0.0,True,True,True,False,0.0,1024.2881565760774,0.0,0.0,0.0,0.0,1024.2881565760774
2025-10-17T23:30:00Z,2025-10-17T23:45:00Z,2025-10-18,2025-10-18_7,0.0,0,0,100,64.34782608695649,64.34782608695649,0.0,0.0,0.0,True,True,True,False,0.0,1024.2881565760774,0.0,0.0,0.0,0.0,1024.2881565760774
2025-10-17T23:45:00Z,2025-10-18T00:00:00Z,2025-10-18,2025-10-18_8,0.0,0,0,100,64.34782608695649,64.34782608695649,0.0,0.0,0.0,True,True,True,False,0.0,1024.2881565760774,0.0,0.0,0.0,0.0,1024.2881565760774
2025-10-18T00:00:00Z,2025-10-18T00:15:00Z,2025-10-18,2025-10-18_9,-5.684341886080802e-14,0,0,100,64.34782608695649,64.3478260869565,3.6316628716627345e-17,0.0,0.0,True,True,True,False,-1.4604495390813099e-12,1024.2881565760774,0.0,0.0,0.0,0.0,1024.288156576076
2025-10-18T00:15:00Z,2025-10-18T00:30:00Z,2025-10-18,2025-10-18_10,-5.684341886080802e-14,0,0,100,64.3478260869565,64.34782608695652,3.6316628716627345e-17,0.0,0.0,True,True,True,False,-1.3800161013932666e-12,1024.2881565760774,0.0,0.0,0.0,0.0,1024.288156576076
2025-10-18T00:30:00Z,2025-10-18T00:45:00Z,2025-10-18,2025-10-18_11,-5.684341886080802e-14,0,0,100,64.34782608695652,64.34782608695653,3.631662871662735e-17,0.0,0.0,True,True,True,False,-1.3140777355147293e-12,1024.2881565760774,0.0,0.0,0.0,0.0,1024.288156576076
2025-10-18T00:45:00Z,2025-10-18T01:00:00Z,2025-10-18,2025-10-18_12,-6.178632484870436e-14,0,0,100,64.34782608695653,64.34782608695654,3.947459643111667e-17,0.0,0.0,True,True,True,False,-1.4020861766292236e-12,1024.2881565760774,0.0,0.0,0.0,0.0,1024.288156576076
2025-10-18T01:00:00Z,2025-10-18T01:15:00Z,2025-10-18,2025-10-18_13,-1.4210854715202004e-14,0,0,100,64.34782608695654,64.34782608695654,9.079157179156836e-18,0.0,0.0,True,True,True,False,-3.2450486742163777e-13,1024.2881565760774,0.0,0.0,0.0,0.0,1024.2881565760772
2025-10-18T01:15:00Z,2025-10-18T01:30:00Z,2025-10-18,2025-10-18_14,-1.4210854715202004e-14,0,0,100,64.34782608695654,64.34782608695654,9.079157179156836e-18,0.0,0.0,True,True,True,False,-3.255706815252779e-13,1024.2881565760774,0.0,0.0,0.0,0.0,1024.2881565760772
2025-10-18T01:30:00Z,2025-10-18T01:45:00Z,2025-10-18,2025-10-18_15,-1.4210854715202004e-14,0,0,100,64.34782608695654,64.34782608695654,9.079157179156836e-18,0.0,0.0,True,True,True,False,-3.327471631564549e-13,1024.2881565760774,0.0,0.0,0.0,0.0,1024.2881565760772
2025-10-18T01:45:00Z,2025-10-18T02:00:00Z,2025-10-18,2025-10-18_16,-1.1108720136500878e-14,0,0,100,64.34782608695654,64.34782608695654,7.097237864986673e-18,0.0,0.0,True,True,True,False,-2.5680583775555904e-13,1024.2881565760774,0.0,0.0,0.0,0.0,1024.2881565760772
2025-10-18T02:00:00Z,2025-10-18T02:15:00Z,2025-10-18,2025-10-18_17,-76.00000000000007,76,0,24,64.34782608695654,81.82383065838513,0.04854445714285719,0.004342857142857143,0.0,True,True,True,False,-1679.2200000000014,245.8291575782586,82.14702587985617,0.0,0.5675096779264674,0.0,-1350.6763068639602
2025-10-18T02:15:00Z,2025-10-18T02:30:00Z,2025-10-18,2025-10-18_18,-76.00000000000001,76,0,24,81.82383065838513,99.286650315528,0.048507832380952395,0.018674285714285713,0.0,True,True,True,False,-1695.9400000000005,245.8291575782586,82.14702587985617,0.0,2.44029161508381,0.0,-1365.5235249268019
2025-10-18T02:30:00Z,2025-10-18T02:45:00Z,2025-10-18,2025-10-18_19,-76.00000000000001,76,0,24,99.286650315528,116.73988094409943,0.0484811961904762,0.02909714285714286,0.0,True,True,True,False,-1767.1900000000005,245.8291575782586,82.14702587985617,0.0,3.8023148421073323,0.0,-1435.4115016997785
2025-10-18T02:45:00Z,2025-10-18T03:00:00Z,2025-10-18,2025-10-18_20,-76.00000000000001,76,0,24,116.73988094409943,134.1663422012423,0.04840683682539684,0.05819428571428572,0.0,True,True,True,False,-1824.1900000000005,245.8291575782586,82.14702587985617,0.0,7.604629684214665,0.0,-1488.6091868576711
2025-10-18T03:00:00Z,2025-10-18T03:15:00Z,2025-10-18,2025-10-18_21,0.0,0,0,100,134.1663422012423,134.1663422012423,0.0,0.0,0.0,True,True,True,False,0.0,1024.2881565760774,0.0,0.0,0.0,0.0,1024.2881565760774
2025-10-18T03:15:00Z,2025-10-18T03:30:00Z,2025-10-18,2025-10-18_22,0.0,0,0,100,134.1663422012423,134.1663422012423,0.0,0.0,0.0,True,True,True,False,0.0,1024.2881565760774,0.0,0.0,0.0,0.0,1024.2881565760774
2025-10-18T03:30:00Z,2025-10-18T03:45:00Z,2025-10-18,2025-10-18_23,0.0,0,0,100,134.1663422012423,134.1663422012423,0.0,0.0,0.0,True,True,True,False,0.0,1024.2881565760774,0.0,0.0,0.0,0.0,1024.2881565760774
2025-10-18T03:45:00Z,2025-10-18T04:00:00Z,2025-10-18,2025-10-18_24,0.0,0,0,100,134.1663422012423,134.1663422012423,0.0,0.0,0.0,True,True,True,False,0.0,1024.2881565760774,0.0,0.0,0.0,0.0,1024.2881565760774
2025-10-18T04:00:00Z,2025-10-18T04:15:00Z,2025-10-18,2025-10-18_25,0.0,0,0,100,134.1663422012423,134.1663422012423,0.0,0.0,0.0,True,True,True,False,0.0,1024.2881565760774,0.0,0.0,0.0,0.0,1024.2881565760774
2025-10-18T04:15:00Z,2025-10-18T04:30:00Z,2025-10-18,2025-10-18_26,0.0,0,0,100,134.1663422012423,134.1663422012423,0.0,0.0,0.0,True,True,True,False,0.0,1024.2881565760774,0.0,0.0,0.0,0.0,1024.2881565760774
2025-10-18T04:30:00Z,2025-10-18T04:45:00Z,2025-10-18,2025-10-18_27,0.0,0,0,100,134.1663422012423,134.1663422012423,0.0,0.0,0.0,True,True,True,False,0.0,1024.2881565760774,0.0,0.0,0.0,0.0,1024.2881565760774
2025-10-18T04:45:00Z,2025-10-18T05:00:00Z,2025-10-18,2025-10-18_28,0.0,0,0,100,134.1663422012423,134.1663422012423,0.0,0.0,0.0,True,True,True,False,0.0,1024.2881565760774,0.0,0.0,0.0,0.0,1024.2881565760774
2025-10-18T05:00:00Z,2025-10-18T05:15:00Z,2025-10-18,2025-10-18_29,0.0,100,100,0,134.1663422012423,124.67752232546589,0.026357832988267767,8.729714285714286,0.0,True,True,True,False,0.0,0.0,113.68861640040089,44.86234746212345,1874.3248429214284,0.0,2032.8758067839528
2025-10-18T05:15:00Z,2025-10-18T05:30:00Z,2025-10-18,2025-10-18_30,0.0,100,100,0,124.67752232546589,102.05454095900626,0.0628416149068323,20.813142857142857,0.0,True,True,True,False,0.0,0.0,113.68861640040089,44.86234746212345,6946.646649093405,0.0,7105.19761295593
2025-10-18T05:30:00Z,2025-10-18T05:45:00Z,2025-10-18,2025-10-18_31,0.0,100,100,0,102.05454095900626,79.62534841242241,0.062303312629399574,20.63485714285714,0.0,True,True,True,False,0.0,0.0,113.68861640040089,44.86234746212345,5703.235438812204,0.0,5861.786402674728
2025-10-18T05:45:00Z,2025-10-18T06:00:00Z,2025-10-18,2025-10-18_32,0.0,100,100,0,79.62534841242241,64.41168381614912,0.04226017943409248,13.996571428571428,0.0,True,True,True,False,0.0,0.0,113.68861640040089,44.86234746212345,3558.8955569966006,0.0,3717.446520859125
2025-10-18T06:00:00Z,2025-10-18T06:15:00Z,2025-10-18,2025-10-18_33,0.0,0,0,100,64.41168381614912,64.41168381614912,0.0,0.0,0.0,True,False,True,False,0.0,1024.2881565760774,0.0,0.0,0.0,0.0,1024.2881565760774
2025-10-18T06:15:00Z,2025-10-18T06:30:00Z,2025-10-18,2025-10-18_34,0.0,0,0,100,64.41168381614912,64.41168381614912,0.0,0.0,0.0,True,False,True,False,0.0,1024.2881565760774,0.0,0.0,0.0,0.0,1024.2881565760774
2025-10-18T06:30:00Z,2025-10-18T06:45:00Z,2025-10-18,2025-10-18_35,0.0,0,0,100,64.41168381614912,64.41168381614912,0.0,0.0,0.0,True,False,True,False,0.0,1024.2881565760774,0.0,0.0,0.0,0.0,1024.2881565760774
2025-10-18T06:45:00Z,2025-10-18T07:00:00Z,2025-10-18,2025-10-18_36,0.0,0,0,100,64.41168381614912,64.41168381614912,0.0,0.0,0.0,True,False,True,False,0.0,1024.2881565760774,0.0,0.0,0.0,0.0,1024.2881565760774
2025-10-18T07:00:00Z,2025-10-18T07:15:00Z,2025-10-18,2025-10-18_37,0.0,0,0,100,64.41168381614912,64.41168381614912,0.0,0.0,0.0,True,True,True,False,0.0,1024.2881565760774,0.0,0.0,0.0,0.0,1024.2881565760774
2025-10-18T07:15:00Z,2025-10-18T07:30:00Z,2025-10-18,2025-10-18_38,0.0,0,0,100,64.41168381614912,64.41168381614912,0.0,0.0,0.0,True,True,True,False,0.0,1024.2881565760774,0.0,0.0,0.0,0.0,1024.2881565760774
2025-10-18T07:30:00Z,2025-10-18T07:45:00Z,2025-10-18,2025-10-18_39,0.0,0,0,100,64.41168381614912,64.41168381614912,0.0,0.0,0.0,True,True,True,False,0.0,1024.2881565760774,0.0,0.0,0.0,0.0,1024.2881565760774
2025-10-18T07:45:00Z,2025-10-18T08:00:00Z,2025-10-18,2025-10-18_40,0.0,0,0,100,64.41168381614912,64.41168381614912,0.0,0.0,0.0,True,True,True,False,0.0,1024.2881565760774,0.0,0.0,0.0,0.0,1024.2881565760774
2025-10-18T08:00:00Z,2025-10-18T08:15:00Z,2025-10-18,2025-10-18_41,0.0,100,0,0,64.41168381614912,51.35391984099384,0.03627156659765355,12.013142857142856,0.0,True,True,True,False,0.0,0.0,110.53469315569181,0.0,7225.7818482242865,0.0,7336.316541379978
2025-10-18T08:15:00Z,2025-10-18T08:30:00Z,2025-10-18,2025-10-18_42,-100.0,100,0,0,51.35391984099384,67.54644555527955,0.0449792380952381,7.399428571428571,0.0,True,True,True,False,-2313.0,0.0,110.53469315569181,0.0,3741.3606991126344,0.0,1538.8953922683263
2025-10-18T08:30:00Z,2025-10-18T08:45:00Z,2025-10-18,2025-10-18_43,-100.0,100,0,0,67.54644555527955,88.31741698385098,0.05769714285714286,2.422857142857143,0.0,True,True,True,False,-2165.0,0.0,110.53469315569181,0.0,438.2953284880539,0.0,-1616.1699783562542
2025-10-18T08:45:00Z,2025-10-18T09:00:00Z,2025-10-18,2025-10-18_44,-100.0,100,0,0,88.31741698385098,111.2007084124224,0.0635646984126984,0.12685714285714286,0.0,True,True,True,False,-2060.75,0.0,110.53469315569181,0.0,18.216684717157513,0.0,-1931.9986221271506
2025-10-18T09:00:00Z,2025-10-18T09:15:00Z,2025-10-18,2025-10-18_45,0.0,0,0,100,111.2007084124224,111.2007084124224,0.0,0.0,0.0,True,True,True,False,0.0,1024.2881565760774,0.0,0.0,0.0,0.0,1024.2881565760774
2025-10-18T09:15:00Z,2025-10-18T09:30:00Z,2025-10-18,2025-10-18_46,0.0,0,0,100,111.2007084124224,111.2007084124224,0.0,0.0,0.0,True,True,True,False,0.0,1024.2881565760774,0.0,0.0,0.0,0.0,1024.2881565760774
2025-10-18T09:30:00Z,2025-10-18T09:45:00Z,2025-10-18,2025-10-18_47,0.0,0,0,100,111.2007084124224,111.2007084124224,0.0,0.0,0.0,True,True,True,False,0.0,1024.2881565760774,0.0,0.0,0.0,0.0,1024.2881565760774
2025-10-18T09:45:00Z,2025-10-18T10:00:00Z,2025-10-18,2025-10-18_48,0.0,0,0,100,111.2007084124224,111.2007084124224,0.0,0.0,0.0,True,True,True,False,0.0,1024.2881565760774,0.0,0.0,0.0,0.0,1024.2881565760774
2025-10-18T10:00:00Z,2025-10-18T10:15:00Z,2025-10-18,2025-10-18_49,0.0,0,0,100,111.2007084124224,111.2007084124224,0.0,0.0,0.0,True,True,True,False,0.0,1024.2881565760774,0.0,0.0,0.0,0.0,1024.2881565760774
2025-10-18T10:15:00Z,2025-10-18T10:30:00Z,2025-10-18,2025-10-18_50,0.0,0,0,100,111.2007084124224,111.2007084124224,0.0,0.0,0.0,True,True,True,False,0.0,1024.2881565760774,0.0,0.0,0.0,0.0,1024.2881565760774
2025-10-18T10:30:00Z,2025-10-18T10:45:00Z,2025-10-18,2025-10-18_51,0.0,0,0,100,111.2007084124224,111.2007084124224,0.0,0.0,0.0,True,True,True,False,0.0,1024.2881565760774,0.0,0.0,0.0,0.0,1024.2881565760774
2025-10-18T10:45:00Z,2025-10-18T11:00:00Z,2025-10-18,2025-10-18_52,0.0,0,0,100,111.2007084124224,111.2007084124224,0.0,0.0,0.0,True,True,True,False,0.0,1024.2881565760774,0.0,0.0,0.0,0.0,1024.2881565760774
2025-10-18T11:00:00Z,2025-10-18T11:15:00Z,2025-10-18,2025-10-18_53,0.0,0,0,100,111.2007084124224,111.2007084124224,0.0,0.0,0.0,True,True,True,False,0.0,1024.2881565760774,0.0,0.0,0.0,0.0,1024.2881565760774
2025-10-18T11:15:00Z,2025-10-18T11:30:00Z,2025-10-18,2025-10-18_54,0.0,0,0,100,111.2007084124224,111.2007084124224,0.0,0.0,0.0,True,True,True,False,0.0,1024.2881565760774,0.0,0.0,0.0,0.0,1024.2881565760774
2025-10-18T11:30:00Z,2025-10-18T11:45:00Z,2025-10-18,2025-10-18_55,0.0,0,0,100,111.2007084124224,111.2007084124224,0.0,0.0,0.0,True,True,True,False,0.0,1024.2881565760774,0.0,0.0,0.0,0.0,1024.2881565760774
2025-10-18T11:45:00Z,2025-10-18T12:00:00Z,2025-10-18,2025-10-18_56,0.0,0,0,100,111.2007084124224,111.2007084124224,0.0,0.0,0.0,True,True,True,False,0.0,1024.2881565760774,0.0,0.0,0.0,0.0,1024.2881565760774
2025-10-18T12:00:00Z,2025-10-18T12:15:00Z,2025-10-18,2025-10-18_57,0.0,0,0,100,111.2007084124224,111.2007084124224,0.0,0.0,0.0,True,False,True,False,0.0,1024.2881565760774,0.0,0.0,0.0,0.0,1024.2881565760774
2025-10-18T12:15:00Z,2025-10-18T12:30:00Z,2025-10-18,2025-10-18_58,0.0,0,0,100,111.2007084124224,111.2007084124224,0.0,0.0,0.0,True,False,True,False,0.0,1024.2881565760774,0.0,0.0,0.0,0.0,1024.2881565760774
2025-10-18T12:30:00Z,2025-10-18T12:45:00Z,2025-10-18,2025-10-18_59,0.0,0,0,100,111.2007084124224,111.2007084124224,0.0,0.0,0.0,True,False,True,False,0.0,1024.2881565760774,0.0,0.0,0.0,0.0,1024.2881565760774
2025-10-18T12:45:00Z,2025-10-18T13:00:00Z,2025-10-18,2025-10-18_60,0.0,0,0,100,111.2007084124224,111.2007084124224,0.0,0.0,0.0,True,False,True,False,0.0,1024.2881565760774,0.0,0.0,0.0,0.0,1024.2881565760774
2025-10-18T13:00:00Z,2025-10-18T13:15:00Z,2025-10-18,2025-10-18_61,-100.0,100,0,0,111.2007084124224,130.59903984099384,0.05388425396825398,3.914857142857143,0.0,True,True,True,False,-1955.2499999999998,0.0,112.00848906443437,0.0,644.192439230482,0.0,-1199.0490717050834
2025-10-18T13:15:00Z,2025-10-18T13:30:00Z,2025-10-18,2025-10-18_62,-100.0,100,0,0,130.59903984099384,145.592936983851,0.0416497142857143,8.702285714285713,0.0,True,True,True,False,-2199.25,0.0,112.00848906443437,0.0,1368.0419287917962,0.0,-719.1995821437695
2025-10-18T13:30:00Z,2025-10-18T13:45:00Z,2025-10-18,2025-10-18_63,-100.0,100,0,0,145.592936983851,156.94363412670813,0.03152971428571428,12.662285714285716,0.0,True,True,True,False,-2364.5,0.0,112.00848906443437,0.0,6351.061031432559,0.0,4098.569520496993
2025-10-18T13:45:00Z,2025-10-18T14:00:00Z,2025-10-18,2025-10-18_64,-100.0,100,0,0,156.94363412670813,165.95595412670812,0.025034222222222218,15.204,0.0,True,True,True,False,-2598.75,0.0,112.00848906443437,0.0,10108.859923362614,0.0,7622.1184124270485
2025-10-18T14:00:00Z,2025-10-18T14:15:00Z,2025-10-18,2025-10-18_65,-32.99999999999949,100,67,0,165.95595412670812,166.66609548322975,0.028948322263629957,6.667428571428571,0.0,True,True,True,False,-818.5649999999873,0.0,113.18752579142841,30.748983080822967,3218.180374877534,0.0,2543.5518837497984
2025-10-18T14:15:00Z,2025-10-18T14:30:00Z,2025-10-18,2025-10-18_66,-0.21045388361533868,100,67,0,166.66609548322975,164.0153726708074,0.0076053129940623024,2.484,0.0,True,True,True,False,-5.497581574741685,0.0,113.18752579142841,30.748983080822967,561.6996191711372,0.0,700.138546468647
2025-10-18T14:30:00Z,2025-10-18T14:45:00Z,2025-10-18,2025-10-18_67,0.0,100,67,0,164.0153726708074,155.65947204968938,0.023210835058661144,7.687428571428572,0.0,True,True,True,False,0.0,0.0,113.18752579142841,30.748983080822967,1833.92204793065,0.0,1977.8585568029014
2025-10-18T14:45:00Z,2025-10-18T15:00:00Z,2025-10-18,2025-10-18_68,0.0,100,67,0,155.65947204968938,143.7178571428571,0.033171152518978606,10.986285714285714,0.0,True,True,True,False,0.0,0.0,113.18752579142841,30.748983080822967,4211.808915201994,0.0,4355.745424074245
2025-10-18T15:00:00Z,2025-10-18T15:15:00Z,2025-10-18,2025-10-18_69,0.0,0,0,100,143.7178571428571,143.7178571428571,0.0,0.0,0.0,True,True,True,False,0.0,1024.2881565760774,0.0,0.0,0.0,0.0,1024.2881565760774
2025-10-18T15:15:00Z,2025-10-18T15:30:00Z,2025-10-18,2025-10-18_70,0.0,0,0,100,143.7178571428571,143.7178571428571,0.0,0.0,0.0,True,True,True,False,0.0,1024.2881565760774,0.0,0.0,0.0,0.0,1024.2881565760774
2025-10-18T15:30:00Z,2025-10-18T15:45:00Z,2025-10-18,2025-10-18_71,0.0,0,0,100,143.7178571428571,143.7178571428571,0.0,0.0,0.0,True,True,True,False,0.0,1024.2881565760774,0.0,0.0,0.0,0.0,1024.2881565760774
2025-10-18T15:45:00Z,2025-10-18T16:00:00Z,2025-10-18,2025-10-18_72,0.0,0,0,100,143.7178571428571,143.7178571428571,0.0,0.0,0.0,True,True,True,False,0.0,1024.2881565760774,0.0,0.0,0.0,0.0,1024.2881565760774
2025-10-18T16:00:00Z,2025-10-18T16:15:00Z,2025-10-18,2025-10-18_73,0.0,0,0,100,143.7178571428571,143.7178571428571,0.0,0.0,0.0,True,False,True,False,0.0,1024.2881565760774,0.0,0.0,0.0,0.0,1024.2881565760774
2025-10-18T16:15:00Z,2025-10-18T16:30:00Z,2025-10-18,2025-10-18_74,0.0,0,0,100,143.7178571428571,143.7178571428571,0.0,0.0,0.0,True,False,True,False,0.0,1024.2881565760774,0.0,0.0,0.0,0.0,1024.2881565760774
2025-10-18T16:30:00Z,2025-10-18T16:45:00Z,2025-10-18,2025-10-18_75,0.0,0,0,100,143.7178571428571,143.7178571428571,0.0,0.0,0.0,True,False,True,False,0.0,1024.2881565760774,0.0,0.0,0.0,0.0,1024.2881565760774
2025-10-18T16:45:00Z,2025-10-18T17:00:00Z,2025-10-18,2025-10-18_76,0.0,0,0,100,143.7178571428571,143.7178571428571,0.0,0.0,0.0,True,False,True,False,0.0,1024.2881565760774,0.0,0.0,0.0,0.0,1024.2881565760774
2025-10-18T17:00:00Z,2025-10-18T17:15:00Z,2025-10-18,2025-10-18_77,75.0,0,75,25,143.7178571428571,123.33742236024841,0.05661231884057971,0.0,0.0,True,True,True,False,3556.3124999999995,256.07203914401936,0.0,33.646760596592586,0.0,0.0,3846.0312997406113
2025-10-18T17:15:00Z,2025-10-18T17:30:00Z,2025-10-18,2025-10-18_78,75.0,0,75,25,123.33742236024841,103.09021739130431,0.05624223602484472,0.0,0.12257142857142857,True,True,True,False,3440.0625,256.07203914401936,0.0,33.646760596592586,0.0,-10.525429127260171,3719.255870613352
2025-10-18T17:30:00Z,2025-10-18T17:45:00Z,2025-10-18,2025-10-18_79,75.0,0,75,25,103.09021739130431,82.8038819875776,0.056350931677018636,0.0,0.08657142857142859,True,True,True,False,3502.125,256.07203914401936,0.0,33.646760596592586,0.0,-7.254450610993677,3784.5893491296183
2025-10-18T17:45:00Z,2025-10-18T18:00:00Z,2025-10-18,2025-10-18_80,75.0,0,75,25,82.8038819875776,64.34782608695649,0.051266821946169765,0.0,1.7704285714285715,True,True,True,False,3425.8125,256.07203914401936,0.0,33.646760596592586,0.0,-115.71886298751062,3599.8124367531013
2025-10-18T18:00:00Z,2025-10-18T18:15:00Z,2025-10-18,2025-10-18_81,0.0,0,0,100,64.34782608695649,64.34782608695649,0.0,0.0,0.0,True,True,True,False,0.0,1024.2881565760774,0.0,0.0,0.0,0.0,1024.2881565760774
2025-10-18T18:15:00Z,2025-10-18T18:30:00Z,2025-10-18,2025-10-18_82,0.0,0,0,100,64.34782608695649,64.34782608695649,0.0,0.0,0.0,True,True,True,False,0.0,1024.2881565760774,0.0,0.0,0.0,0.0,1024.2881565760774
2025-10-18T18:30:00Z,2025-10-18T18:45:00Z,2025-10-18,2025-10-18_83,0.0,0,0,100,64.34782608695649,64.34782608695649,0.0,0.0,0.0,True,True,True,False,0.0,1024.2881565760774,0.0,0.0,0.0,0.0,1024.2881565760774
2025-10-18T18:45:00Z,2025-10-18T19:00:00Z,2025-10-18,2025-10-18_84,0.0,0,0,100,64.34782608695649,64.34782608695649,0.0,0.0,0.0,True,True,True,False,0.0,1024.2881565760774,0.0,0.0,0.0,0.0,1024.2881565760774
2025-10-18T19:00:00Z,2025-10-18T19:15:00Z,2025-10-18,2025-10-18_85,0.0,100,100,0,64.34782608695649,57.88730732919251,0.02008379020013803,6.297714285714286,0.41828571428571426,True,True,True,False,0.0,0.0,113.57071272770148,44.950775216648,1644.1911428515284,-31.402375253703436,1771.3102555421744
2025-10-18T19:15:00Z,2025-10-18T19:30:00Z,2025-10-18,2025-10-18_86,0.0,100,100,0,57.88730732919251,50.25252472049686,0.021207729468599033,7.024,0.0,True,True,True,False,0.0,0.0,113.57071272770148,44.950775216648,1593.1667055748787,0.0,1751.6881935192282
2025-10-18T19:30:00Z,2025-10-18T19:45:00Z,2025-10-18,2025-10-18_87,0.0,100,100,0,50.25252472049686,40.767431552794996,0.026347481021394063,8.726285714285714,0.0,True,True,True,False,0.0,0.0,113.57071272770148,44.950775216648,3275.9350074531962,0.0,3434.456495397546
2025-10-18T19:45:00Z,2025-10-18T20:00:00Z,2025-10-18,2025-10-18_88,0.0,100,100,0,40.767431552794996,37.96370484472046,0.007788129744651483,2.579428571428571,0.0,True,True,True,False,0.0,0.0,113.57071272770148,44.950775216648,497.211480673623,0.0,655.7329686179725
2025-10-18T20:00:00Z,2025-10-18T20:15:00Z,2025-10-18,2025-10-18_89,0.0,100,100,0,37.96370484472046,26.439481242235992,0.03201173222912353,10.602285714285713,0.0,True,True,True,False,0.0,0.0,113.57071272770148,44.950775216648,7269.596194967759,0.0,7428.117682912109
2025-10-18T20:15:00Z,2025-10-18T20:30:00Z,2025-10-18,2025-10-18_90,0.0,100,100,0,26.439481242235992,21.65247304347823,0.014135467218771564,4.542857142857143,0.164,True,True,True,False,0.0,0.0,113.57071272770148,44.950775216648,1115.087577163743,-13.213071587179941,1260.3959935209125
2025-10-18T20:30:00Z,2025-10-18T20:45:00Z,2025-10-18,2025-10-18_91,0.0,100,100,0,21.65247304347823,22.071852919254628,0.0012270559006211182,0.010285714285714285,0.468,True,True,True,False,0.0,0.0,113.57071272770148,44.950775216648,1.4956923051010182,-37.70559452926959,122.3115857201809
2025-10-18T20:45:00Z,2025-10-18T21:00:00Z,2025-10-18,2025-10-18_92,0.0,100,100,0,22.071852919254628,24.621567204968912,0.0070825396825396824,0.0,2.7714285714285714,True,True,True,False,0.0,0.0,113.57071272770148,44.950775216648,0.0,-191.67454656212539,-33.15305861777591
2025-10-18T21:00:00Z,2025-10-18T21:15:00Z,2025-10-19,2025-10-18_93,-1.0726416115052935,74,20,26,24.621567204968912,24.920159582608687,0.0032402034415521036,0.4050971428571428,0.5339428571428572,True,True,True,False,-29.076632483879745,266.31492070978015,82.62453575428876,9.22596238872841,63.586296835409286,-36.58970673987923,356.0853764644476
2025-10-18T21:15:00Z,2025-10-18T21:30:00Z,2025-10-19,2025-10-18_94,-54.0,74,20,26,24.920159582608687,37.386096119254645,0.03463864358868186,0.006765714285714286,0.05702857142857143,True,True,True,False,-1300.725,266.31492070978015,82.62453575428876,9.22596238872841,1.000451964078681,-4.260159461910096,-945.819288645034
2025-10-18T21:30:00Z,2025-10-18T21:45:00Z,2025-10-19,2025-10-18_95,-54.0,74,20,26,37.386096119254645,50.236813515527935,0.03576337993098689,0.041017142857142856,0.5112,True,True,True,False,-1205.685,266.31492070978015,82.62453575428876,9.22596238872841,6.209612895293117,-25.620171903554798,-866.9301401554643
2025-10-18T21:45:00Z,2025-10-18T22:00:00Z,2025-10-19,2025-10-18_96,-54.00000000000001,74,20,26,50.236813515527935,64.34782608695652,0.03919725714285715,0.0,1.8380571428571426,True,True,True,False,-1159.515,266.31492070978015,82.62453575428876,9.22596238872841,0.0,-96.15333493906905,-897.5029160862719
2025-10-18T22:00:00Z,2025-10-18T22:15:00Z,2025-10-19,2025-10-19_1,0.0,0,0,100,64.34782608695652,64.34782608695652,0.0,0.0,0.0,True,True,True,False,0.0,1024.2881565760774,0.0,0.0,0.0,0.0,1024.2881565760774
2025-10-18T22:15:00Z,2025-10-18T22:30:00Z,2025-10-19,2025-10-19_2,0.0,0,0,100,64.34782608695652,64.34782608695652,0.0,0.0,0.0,True,True,True,False,0.0,1024.2881565760774,0.0,0.0,0.0,0.0,1024.2881565760774
2025-10-18T22:30:00Z,2025-10-18T22:45:00Z,2025-10-19,2025-10-19_3,0.0,0,0,100,64.34782608695652,64.34782608695652,0.0,0.0,0.0,True,True,True,False,0.0,1024.2881565760774,0.0,0.0,0.0,0.0,1024.2881565760774
2025-10-18T22:45:00Z,2025-10-18T23:00:00Z,2025-10-19,2025-10-19_4,0.0,0,0,100,64.34782608695652,64.34782608695652,0.0,0.0,0.0,True,True,True,False,0.0,1024.2881565760774,0.0,0.0,0.0,0.0,1024.2881565760774
2025-10-18T23:00:00Z,2025-10-18T23:15:00Z,2025-10-19,2025-10-19_5,0.0,0,0,100,64.34782608695652,64.34782608695652,0.0,0.0,0.0,True,True,True,False,0.0,1024.2881565760774,0.0,0.0,0.0,0.0,1024.2881565760774
2025-10-18T23:15:00Z,2025-10-18T23:30:00Z,2025-10-19,2025-10-19_6,0.0,0,0,100,64.34782608695652,64.34782608695652,0.0,0.0,0.0,True,True,True,False,0.0,1024.2881565760774,0.0,0.0,0.0,0.0,1024.2881565760774
2025-10-18T23:30:00Z,2025-10-18T23:45:00Z,2025-10-19,2025-10-19_7,0.0,0,0,100,64.34782608695652,64.34782608695652,0.0,0.0,0.0,True,True,True,False,0.0,1024.2881565760774,0.0,0.0,0.0,0.0,1024.2881565760774
2025-10-18T23:45:00Z,2025-10-19T00:00:00Z,2025-10-19,2025-10-19_8,0.0,0,0,100,64.34782608695652,64.34782608695652,0.0,0.0,0.0,True,True,True,False,0.0,1024.2881565760774,0.0,0.0,0.0,0.0,1024.2881565760774
2025-10-19T00:00:00Z,2025-10-19T00:15:00Z,2025-10-19,2025-10-19_9,0.0,0,0,100,64.34782608695652,64.34782608695652,0.0,0.0,0.0,True,True,True,False,0.0,1024.2881565760774,0.0,0.0,0.0,0.0,1024.2881565760774
2025-10-19T00:15:00Z,2025-10-19T00:30:00Z,2025-10-19,2025-10-19_10,0.0,0,0,100,64.34782608695652,64.34782608695652,0.0,0.0,0.0,True,True,True,False,0.0,1024.2881565760774,0.0,0.0,0.0,0.0,1024.2881565760774
2025-10-19T00:30:00Z,2025-10-19T00:45:00Z,2025-10-19,2025-10-19_11,0.0,0,0,100,64.34782608695652,64.34782608695652,0.0,0.0,0.0,True,True,True,False,0.0,1024.2881565760774,0.0,0.0,0.0,0.0,1024.2881565760774
2025-10-19T00:45:00Z,2025-10-19T01:00:00Z,2025-10-19,2025-10-19_12,0.0,0,0,100,64.34782608695652,64.34782608695652,0.0,0.0,0.0,True,True,True,False,0.0,1024.2881565760774,0.0,0.0,0.0,0.0,1024.2881565760774
2025-10-19T01:00:00Z,2025-10-19T01:15:00Z,2025-10-19,2025-10-19_13,0.0,0,0,100,64.34782608695652,64.34782608695652,0.0,0.0,0.0,True,True,True,False,0.0,1024.2881565760774,0.0,0.0,0.0,0.0,1024.2881565760774
2025-10-19T01:15:00Z,2025-10-19T01:30:00Z,2025-10-19,2025-10-19_14,0.0,0,0,100,64.34782608695652,64.34782608695652,0.0,0.0,0.0,True,True,True,False,0.0,1024.2881565760774,0.0,0.0,0.0,0.0,1024.2881565760774
2025-10-19T01:30:00Z,2025-10-19T01:45:00Z,2025-10-19,2025-10-19_15,0.0,0,0,100,64.34782608695652,64.34782608695652,0.0,0.0,0.0,True,True,True,False,0.0,1024.2881565760774,0.0,0.0,0.0,0.0,1024.2881565760774
2025-10-19T01:45:00Z,2025-10-19T02:00:00Z,2025-10-19,2025-10-19_16,0.0,0,0,100,64.34782608695652,64.34782608695652,0.0,0.0,0.0,True,True,True,False,0.0,1024.2881565760774,0.0,0.0,0.0,0.0,1024.2881565760774
2025-10-19T02:00:00Z,2025-10-19T02:15:00Z,2025-10-19,2025-10-19_17,0.0,0,0,100,64.34782608695652,64.34782608695652,0.0,0.0,0.0,True,True,True,False,0.0,1024.2881565760774,0.0,0.0,0.0,0.0,1024.2881565760774
2025-10-19T02:15:00Z,2025-10-19T02:30:00Z,2025-10-19,2025-10-19_18,0.0,0,0,100,64.34782608695652,64.34782608695652,0.0,0.0,0.0,True,True,True,False,0.0,1024.2881565760774,0.0,0.0,0.0,0.0,1024.2881565760774
2025-10-19T02:30:00Z,2025-10-19T02:45:00Z,2025-10-19,2025-10-19_19,0.0,0,0,100,64.34782608695652,64.34782608695652,0.0,0.0,0.0,True,True,True,False,0.0,1024.2881565760774,0.0,0.0,0.0,0.0,1024.2881565760774
2025-10-19T02:45:00Z,2025-10-19T03:00:00Z,2025-10-19,2025-10-19_20,0.0,0,0,100,64.34782608695652,64.34782608695652,0.0,0.0,0.0,True,True,True,False,0.0,1024.2881565760774,0.0,0.0,0.0,0.0,1024.2881565760774
2025-10-19T03:00:00Z,2025-10-19T03:15:00Z,2025-10-19,2025-10-19_21,0.0,0,0,100,64.34782608695652,64.34782608695652,0.0,0.0,0.0,True,True,True,False,0.0,1024.2881565760774,0.0,0.0,0.0,0.0,1024.2881565760774
2025-10-19T03:15:00Z,2025-10-19T03:30:00Z,2025-10-19,2025-10-19_22,0.0,0,0,100,64.34782608695652,64.34782608695652,0.0,0.0,0.0,True,True,True,False,0.0,1024.2881565760774,0.0,0.0,0.0,0.0,1024.2881565760774
2025-10-19T03:30:00Z,2025-10-19T03:45:00Z,2025-10-19,2025-10-19_23,0.0,0,0,100,64.34782608695652,64.34782608695652,0.0,0.0,0.0,True,True,True,False,0.0,1024.2881565760774,0.0,0.0,0.0,0.0,1024.2881565760774
2025-10-19T03:45:00Z,2025-10-19T04:00:00Z,2025-10-19,2025-10-19_24,0.0,0,0,100,64.34782608695652,64.34782608695652,0.0,0.0,0.0,True,True,True,False,0.0,1024.2881565760774,0.0,0.0,0.0,0.0,1024.2881565760774
2025-10-19T04:00:00Z,2025-10-19T04:15:00Z,2025-10-19,2025-10-19_25,0.0,0,0,100,64.34782608695652,64.34782608695652,0.0,0.0,0.0,True,True,True,False,0.0,1024.2881565760774,0.0,0.0,0.0,0.0,1024.2881565760774
2025-10-19T04:15:00Z,2025-10-19T04:30:00Z,2025-10-19,2025-10-19_26,0.0,0,0,100,64.34782608695652,64.34782608695652,0.0,0.0,0.0,True,True,True,False,0.0,1024.2881565760774,0.0,0.0,0.0,0.0,1024.2881565760774
2025-10-19T04:30:00Z,2025-10-19T04:45:00Z,2025-10-19,2025-10-19_27,0.0,0,0,100,64.34782608695652,64.34782608695652,0.0,0.0,0.0,True,True,True,False,0.0,1024.2881565760774,0.0,0.0,0.0,0.0,1024.2881565760774
2025-10-19T04:45:00Z,2025-10-19T05:00:00Z,2025-10-19,2025-10-19_28,0.0,0,0,100,64.34782608695652,64.34782608695652,0.0,0.0,0.0,True,True,True,False,0.0,1024.2881565760774,0.0,0.0,0.0,0.0,1024.2881565760774
2025-10-19T05:00:00Z,2025-10-19T05:15:00Z,2025-10-19,2025-10-19_29,0.0,0,0,100,64.34782608695652,64.34782608695652,0.0,0.0,0.0,True,True,True,False,0.0,1024.2881565760774,0.0,0.0,0.0,0.0,1024.2881565760774
2025-10-19T05:15:00Z,2025-10-19T05:30:00Z,2025-10-19,2025-10-19_30,0.0,0,0,100,64.34782608695652,64.34782608695652,0.0,0.0,0.0,True,True,True,False,0.0,1024.2881565760774,0.0,0.0,0.0,0.0,1024.2881565760774
2025-10-19T05:30:00Z,2025-10-19T05:45:00Z,2025-10-19,2025-10-19_31,0.0,0,0,100,64.34782608695652,64.34782608695652,0.0,0.0,0.0,True,True,True,False,0.0,1024.2881565760774,0.0,0.0,0.0,0.0,1024.2881565760774
2025-10-19T05:45:00Z,2025-10-19T06:00:00Z,2025-10-19,2025-10-19_32,0.0,0,0,100,64.34782608695652,64.34782608695652,0.0,0.0,0.0,True,True,True,False,0.0,1024.2881565760774,0.0,0.0,0.0,0.0,1024.2881565760774
2025-10-19T06:00:00Z,2025-10-19T06:15:00Z,2025-10-19,2025-10-19_33,0.0,0,0,100,64.34782608695652,64.34782608695652,0.0,0.0,0.0,True,False,True,False,0.0,1024.2881565760774,0.0,0.0,0.0,0.0,1024.2881565760774
2025-10-19T06:15:00Z,2025-10-19T06:30:00Z,2025-10-19,2025-10-19_34,0.0,0,0,100,64.34782608695652,64.34782608695652,0.0,0.0,0.0,True,False,True,False,0.0,1024.2881565760774,0.0,0.0,0.0,0.0,1024.2881565760774
2025-10-19T06:30:00Z,2025-10-19T06:45:00Z,2025-10-19,2025-10-19_35,0.0,0,0,100,64.34782608695652,64.34782608695652,0.0,0.0,0.0,True,False,True,False,0.0,1024.2881565760774,0.0,0.0,0.0,0.0,1024.2881565760774
2025-10-19T06:45:00Z,2025-10-19T07:00:00Z,2025-10-19,2025-10-19_36,0.0,0,0,100,64.34782608695652,64.34782608695652,0.0,0.0,0.0,True,False,True,False,0.0,1024.2881565760774,0.0,0.0,0.0,0.0,1024.2881565760774
2025-10-19T07:00:00Z,2025-10-19T07:15:00Z,2025-10-19,2025-10-19_37,89.0,11,100,0,64.34782608695652,50.182766171428575,0.04461910547964113,0.0,9.37657142857143,True,True,True,False,2294.8650000000002,0.0,11.549254259270176,47.98679478865767,0.0,826.4498154246078,3180.8508644725357
2025-10-19T07:15:00Z,2025-10-19T07:30:00Z,2025-10-19,2025-10-19_38,89.0,11,100,0,50.182766171428575,45.29185753043479,0.02373702051069703,0.0,18.05542857142857,True,True,True,False,1939.0875,0.0,11.549254259270176,47.98679478865767,0.0,318.2948284641924,2316.9183775121205
2025-10-19T07:30:00Z,2025-10-19T07:45:00Z,2025-10-19,2025-10-19_39,0.2423329438933653,11,100,0,45.29185753043479,50.70425431055902,0.015313176920349971,0.0,5.952,True,True,True,False,4.739426550194492,0.0,11.549254259270176,47.98679478865767,0.0,-130.28691622944055,-66.01144063131821
2025-10-19T07:45:00Z,2025-10-19T08:00:00Z,2025-10-19,2025-10-19_40,0.0,11,100,0,50.70425431055902,60.560345739130454,0.02737803174603175,0.0,10.713142857142858,True,True,True,False,0.0,0.0,11.549254259270176,47.98679478865767,0.0,192.04670108331018,251.58275013123802
2025-10-19T08:00:00Z,2025-10-19T08:15:00Z,2025-10-19,2025-10-19_41,0.0,7,7,93,60.560345739130454,60.543478260869584,8.672077294685992e-05,0.022120000000000004,0.0078000000000000005,True,True,True,False,0.0,952.587985615752,7.485704179685198,3.3590756352060374,2.7384307021163714,-0.3666807758061664,965.8045153569534
2025-10-19T08:15:00Z,2025-10-19T08:30:00Z,2025-10-19,2025-10-19_42,-4.637556944744519e-15,7,7,93,60.543478260869584,60.893189773913065,0.0009926769082125634,0.0035199999999999997,0.38427999999999995,True,True,True,False,-8.799764302652725e-14,952.587985615752,7.485704179685198,3.3590756352060374,0.4357719742969993,-4.430294036039222,959.438243368901
2025-10-19T08:30:00Z,2025-10-19T08:45:00Z,2025-10-19,2025-10-19_43,0.0,7,7,93,60.893189773913065,61.05591937391306,0.00045202666666666665,0.0,0.17688,True,True,True,False,0.0,952.587985615752,7.485704179685198,3.3590756352060374,0.0,-6.092556505335142,957.3402089253082
2025-10-19T08:45:00Z,2025-10-19T09:00:00Z,2025-10-19,2025-10-19_44,0.0,7,7,93,61.05591937391306,61.833687373913065,0.002160466666666667,0.0,0.8454000000000002,True,True,True,False,0.0,952.587985615752,7.485704179685198,3.3590756352060374,0.0,27.426451217355424,990.8592166479987
2025-10-19T09:00:00Z,2025-10-19T09:15:00Z,2025-10-19,2025-10-19_45,4.000000000000114,3,7,93,61.833687373913065,61.30524351801242,0.002672749123533508,0.0,0.55004,True,True,True,False,79.69000000000226,952.587985615752,3.132995342804928,3.3590756352060374,0.0,-6.854936595334944,1031.9151199984303
2025-10-19T09:15:00Z,2025-10-19T09:30:00Z,2025-10-19,2025-10-19_46,4.000000000000114,3,7,93,61.30524351801242,60.656301595031024,0.0027477631193927312,0.00010285714285714284,0.43148000000000003,True,True,True,False,71.37000000000204,952.587985615752,3.132995342804928,3.3590756352060374,0.011662357568152532,16.190017504765276,1046.6517364560984
2025-10-19T09:30:00Z,2025-10-19T09:45:00Z,2025-10-19,2025-10-19_47,2.0176683743731303,3,7,93,60.656301595031024,60.802437604968944,0.0022034544820416953,0.0,0.7172799999999999,True,True,True,False,31.768188554504935,952.587985615752,3.132995342804928,3.3590756352060374,0.0,2.069708487099373,992.9179536353673
2025-10-19T09:45:00Z,2025-10-19T10:00:00Z,2025-10-19,2025-10-19_48,0.0,3,7,93,60.802437604968944,61.511941604968946,0.0019708444444444446,0.0,0.7712,True,True,True,False,0.0,952.587985615752,3.132995342804928,3.3590756352060374,0.0,12.473560258602054,971.553616852365
2025-10-19T10:00:00Z,2025-10-19T10:15:00Z,2025-10-19,2025-10-19_49,0.0,100,100,0,61.511941604968946,77.77123303354037,0.04516469841269842,0.0,17.673142857142857,True,True,True,False,0.0,0.0,106.93863113835998,47.98679478865767,0.0,1533.3358908324278,1688.2613167594454
2025-10-19T10:15:00Z,2025-10-19T10:30:00Z,2025-10-19,2025-10-19_50,0.0,100,100,0,77.77123303354037,99.98266160496894,0.061698412698412704,0.0,24.142857142857142,True,True,True,False,0.0,0.0,106.93863113835998,47.98679478865767,0.0,12045.771833935483,12200.697259862502
2025-10-19T10:30:00Z,2025-10-19T10:45:00Z,2025-10-19,2025-10-19_51,0.0,100,100,0,99.98266160496894,102.48191129440994,0.007018274672187717,0.01257142857142857,2.7314285714285713,True,True,True,False,0.0,0.0,106.93863113835998,47.98679478865767,1.3364662023507745,34.63652599635622,190.89841812572465
2025-10-19T10:45:00Z,2025-10-19T11:00:00Z,2025-10-19,2025-10-19_52,0.0,100,100,0,102.48191129440994,104.62472272298137,0.0059522539682539686,0.0,2.329142857142857,True,True,True,False,0.0,0.0,106.93863113835998,47.98679478865767,0.0,-15.588491927809265,139.33693399920838
2025-10-19T11:00:00Z,2025-10-19T11:15:00Z,2025-10-19,2025-10-19_53,-28.0,28,0,72,104.62472272298137,111.06383952298138,0.01788643555555556,0.0009599999999999999,0.0,True,True,True,False,-168.56,737.4874727347757,29.241289866179333,0.0,0.0984731474385427,0.0,598.2672357483935
2025-10-19T11:15:00Z,2025-10-19T11:30:00Z,2025-10-19,2025-10-19_54,-27.99999999999991,28,0,72,111.06383952298138,117.50266192298136,0.01788561777777772,0.00128,0.0,True,True,True,False,-155.2599999999995,737.4874727347757,29.241289866179333,0.0,0.13079447424787283,0.0,611.5995570752034
2025-10-19T11:30:00Z,2025-10-19T11:45:00Z,2025-10-19,2025-10-19_55,-28.0,28,0,72,117.50266192298136,123.93780432298136,0.01787539555555556,0.00528,0.0,True,True,True,False,-147.98000000000002,737.4874727347757,29.241289866179333,0.0,0.5322643400341921,0.0,619.2810269409891
2025-10-19T11:45:00Z,2025-10-19T12:00:00Z,2025-10-19,2025-10-19_56,-28.0,28,0,72,123.93780432298136,130.37780432298135,0.017888888888888888,0.0,0.0,True,True,True,False,-116.05999999999999,737.4874727347757,29.241289866179333,0.0,0.0,0.0,650.668762600955
2025-10-19T12:00:00Z,2025-10-19T12:15:00Z,2025-10-19,2025-10-19_57,0.0,100,100,0,130.37780432298135,148.1390614658385,0.0493368253968254,0.0,19.305714285714284,True,True,True,False,0.0,0.0,104.43317809349762,47.72151152508401,0.0,2114.3416157856177,2266.496305404199
2025-10-19T12:15:00Z,2025-10-19T12:30:00Z,2025-10-19,2025-10-19_58,0.0,100,100,0,148.1390614658385,164.0881814658385,0.04430311111111112,0.0,17.336000000000002,True,True,True,False,0.0,0.0,104.43317809349762,47.72151152508401,0.0,2272.815041364539,2424.9697309831204
2025-10-19T12:30:00Z,2025-10-19T12:45:00Z,2025-10-19,2025-10-19_59,0.0,100,100,0,164.0881814658385,167.70309028571427,0.01007591994478951,0.005714285714285714,3.936,True,True,True,False,0.0,0.0,104.43317809349762,47.72151152508401,0.5468484629010479,-5.057577079526028,147.64396100195665
2025-10-19T12:45:00Z,2025-10-19T13:00:00Z,2025-10-19,2025-10-19_60,0.0,100,100,0,167.70309028571427,176.32427885714284,0.023947746031746035,0.0,9.370857142857144,True,True,True,False,0.0,0.0,104.43317809349762,47.72151152508401,0.0,367.1223735693653,519.277063187947
2025-10-19T13:00:00Z,2025-10-19T13:15:00Z,2025-10-19,2025-10-19_61,0.0,53,100,0,176.32427885714284,184.70048457142855,0.023267238095238098,0.0,9.104571428571429,True,True,True,False,0.0,0.0,57.802275540883095,47.308848670636095,0.0,-83.82489047590975,21.286233735609436
2025-10-19T13:15:00Z,2025-10-19T13:30:00Z,2025-10-19,2025-10-19_62,47.0,53,100,0,184.70048457142855,182.78068322981363,0.03477453388543824,0.0,10.868571428571428,True,True,True,False,878.1949999999999,0.0,57.802275540883095,47.308848670636095,0.0,628.7855888025198,1612.091713014039
2025-10-19T13:30:00Z,2025-10-19T13:45:00Z,2025-10-19,2025-10-19_63,46.34985084671683,53,100,0,182.78068322981363,181.98552385446365,0.034650391059274054,0.0,11.830857142857143,True,True,True,False,928.8510109682053,0.0,57.802275540883095,47.308848670636095,0.0,702.0097572587958,1735.9718924385204
2025-10-19T13:45:00Z,2025-10-19T14:00:00Z,2025-10-19,2025-10-19_64,47.0,53,100,0,181.98552385446365,181.79204336750712,0.034666349924085585,0.0012114285714285714,12.598857142857142,True,True,True,False,1095.9225,0.0,57.802275540883095,47.308848670636095,0.10712390833831618,3578.8785626980853,4780.019310817943
2025-10-19T14:00:00Z,2025-10-19T14:15:00Z,2025-10-19,2025-10-19_65,0.0,62,100,0,181.79204336750712,189.30818051036425,0.02087815873015873,0.0,8.169714285714285,True,True,True,False,0.0,0.0,70.45039202971171,45.89400459824324,0.0,1081.3806216892228,1197.7250183171777
2025-10-19T14:15:00Z,2025-10-19T14:30:00Z,2025-10-19,2025-10-19_66,10.295774661211254,62,100,0,189.30818051036425,187.2710171428571,0.009502228741051395,0.02302857142857143,0.8382857142857143,True,True,True,False,221.48785239930712,0.0,70.45039202971171,45.89400459824324,2.1494962425222406,-51.15142368684784,288.83032158293645
2025-10-19T14:30:00Z,2025-10-19T14:45:00Z,2025-10-19,2025-10-19_67,0.0,62,100,0,187.2710171428571,189.9707329192546,0.007661805383022775,0.026925714285714285,2.966285714285714,True,True,True,False,0.0,0.0,70.45039202971171,45.89400459824324,2.48192873340576,-129.52938333571947,-10.703057974358764
2025-10-19T14:45:00Z,2025-10-19T15:00:00Z,2025-10-19,2025-10-19_68,38.0000000000001,62,100,0,189.9707329192546,178.9697746683229,0.030579946887508702,0.6270857142857142,0.006857142857142857,True,True,True,False,1663.1650000000043,0.0,70.45039202971171,45.89400459824324,76.97113933687606,-0.5255135126030605,1855.9550224522322
2025-10-19T15:00:00Z,2025-10-19T15:15:00Z,2025-10-19,2025-10-19_69,0.0,0,100,0,178.9697746683229,182.83587752546578,0.010739174603174605,0.0,4.202285714285715,True,True,True,False,0.0,0.0,0.0,45.89400459824324,0.0,-189.6061669235283,-143.71216232528505
2025-10-19T15:15:00Z,2025-10-19T15:30:00Z,2025-10-19,2025-10-19_70,0.0,0,100,0,182.83587752546578,189.9472146683229,0.019753714285714284,0.0,7.7297142857142855,True,True,True,False,0.0,0.0,0.0,45.89400459824324,0.0,-169.28543636991438,-123.39143177167114
2025-10-19T15:30:00Z,2025-10-19T15:45:00Z,2025-10-19,2025-10-19_71,100.0,0,100,0,189.9472146683229,165.5658482086956,0.06772601794340924,0.0,2.5691428571428574,True,True,True,False,4261.0,0.0,0.0,45.89400459824324,0.0,-142.34007618823043,4164.553928410013
2025-10-19T15:45:00Z,2025-10-19T16:00:00Z,2025-10-19,2025-10-19_72,100.0,0,100,0,165.5658482086956,153.81181094161485,0.03265010351966873,0.0,14.186285714285715,True,True,True,False,4773.25,0.0,0.0,45.89400459824324,0.0,426.5670513133627,5245.711055911606
2025-10-19T16:00:00Z,2025-10-19T16:15:00Z,2025-10-19,2025-10-19_73,92.0,0,92,8,153.81181094161485,138.15523951304343,0.04349047619047619,0.0,8.595954285714285,True,True,True,False,3725.0800000000004,81.94305252608619,0.0,41.27335966515357,0.0,916.1315345949026,4764.4279467861425
2025-10-19T16:15:00Z,2025-10-19T16:30:00Z,2025-10-19,2025-10-19_74,90.80265347516412,0,92,8,138.15523951304343,113.58439751552788,0.06825870344395961,0.0,0.09567999999999999,True,True,True,False,3853.2106002185897,81.94305252608619,0.0,41.27335966515357,0.0,-7.558285680598949,3968.8687267292303
2025-10-19T16:30:00Z,2025-10-19T16:45:00Z,2025-10-19,2025-10-19_75,92.0,0,92,8,113.58439751552788,88.86325465838502,0.06866984126984127,0.0,0.2565485714285714,True,True,True,False,4302.84,81.94305252608619,0.0,41.27335966515357,0.0,-19.362462619202017,4406.693949572038
2025-10-19T16:45:00Z,2025-10-19T17:00:00Z,2025-10-19,2025-10-19_76,92.0,0,92,8,88.86325465838502,64.34782608695645,0.06809841269841269,0.0,0.4458057142857143,True,True,True,False,4696.14,81.94305252608619,0.0,41.27335966515357,0.0,-32.3866826521589,4786.9697295390815
2025-10-19T17:00:00Z,2025-10-19T17:15:00Z,2025-10-19,2025-10-19_77,0.0,0,0,100,64.34782608695645,64.34782608695645,0.0,0.0,0.0,True,True,True,False,0.0,1024.2881565760774,0.0,0.0,0.0,0.0,1024.2881565760774
2025-10-19T17:15:00Z,2025-10-19T17:30:00Z,2025-10-19,2025-10-19_78,0.0,0,0,100,64.34782608695645,64.34782608695645,0.0,0.0,0.0,True,True,True,False,0.0,1024.2881565760774,0.0,0.0,0.0,0.0,1024.2881565760774
2025-10-19T17:30:00Z,2025-10-19T17:45:00Z,2025-10-19,2025-10-19_79,0.0,0,0,100,64.34782608695645,64.34782608695645,0.0,0.0,0.0,True,True,True,False,0.0,1024.2881565760774,0.0,0.0,0.0,0.0,1024.2881565760774
2025-10-19T17:45:00Z,2025-10-19T18:00:00Z,2025-10-19,2025-10-19_80,0.0,0,0,100,64.34782608695645,64.34782608695645,0.0,0.0,0.0,True,True,True,False,0.0,1024.2881565760774,0.0,0.0,0.0,0.0,1024.2881565760774
2025-10-19T18:00:00Z,2025-10-19T18:15:00Z,2025-10-19,2025-10-19_81,0.0,0,0,100,64.34782608695645,64.34782608695645,0.0,0.0,0.0,True,True,True,False,0.0,1024.2881565760774,0.0,0.0,0.0,0.0,1024.2881565760774
2025-10-19T18:15:00Z,2025-10-19T18:30:00Z,2025-10-19,2025-10-19_82,0.0,0,0,100,64.34782608695645,64.34782608695645,0.0,0.0,0.0,True,True,True,False,0.0,1024.2881565760774,0.0,0.0,0.0,0.0,1024.2881565760774
2025-10-19T18:30:00Z,2025-10-19T18:45:00Z,2025-10-19,2025-10-19_83,0.0,0,0,100,64.34782608695645,64.34782608695645,0.0,0.0,0.0,True,True,True,False,0.0,1024.2881565760774,0.0,0.0,0.0,0.0,1024.2881565760774
2025-10-19T18:45:00Z,2025-10-19T19:00:00Z,2025-10-19,2025-10-19_84,0.0,0,0,100,64.34782608695645,64.34782608695645,0.0,0.0,0.0,True,True,True,False,0.0,1024.2881565760774,0.0,0.0,0.0,0.0,1024.2881565760774
2025-10-19T19:00:00Z,2025-10-19T19:15:00Z,2025-10-19,2025-10-19_85,34.000000000000135,66,100,0,64.34782608695645,55.36257289937877,0.025936339489303066,0.026777142857142854,0.2897142857142857,True,True,True,False,1393.8300000000054,0.0,74.95667040028297,44.950775216648,4.155395410178455,-25.6187837393992,1492.2740572877156
2025-10-19T19:15:00Z,2025-10-19T19:30:00Z,2025-10-19,2025-10-19_86,32.450453009256634,66,100,0,55.36257289937877,50.264466086956446,0.027501993012642768,0.04073142857142857,3.864,True,True,True,False,1237.660277773048,0.0,74.95667040028297,44.950775216648,6.34018874693661,-248.11179154630668,1115.7961205906088
2025-10-19T19:30:00Z,2025-10-19T19:45:00Z,2025-10-19,2025-10-19_87,0.0,66,100,0,50.264466086956446,52.758980372670734,0.006929206349206351,0.0,2.7114285714285717,True,True,True,False,0.0,0.0,74.95667040028297,44.950775216648,0.0,-206.2276691847523,-86.32022356782133
2025-10-19T19:45:00Z,2025-10-19T20:00:00Z,2025-10-19,2025-10-19_88,0.0,66,100,0,52.758980372670734,64.34782608695645,0.0321912380952381,0.0,12.59657142857143,True,True,True,False,0.0,0.0,74.95667040028297,44.950775216648,0.0,4128.296144381469,4248.2035899984
2025-10-19T20:00:00Z,2025-10-19T20:15:00Z,2025-10-19,2025-10-19_89,0.0,0,0,100,64.34782608695645,64.34782608695645,0.0,0.0,0.0,True,True,True,False,0.0,1024.2881565760774,0.0,0.0,0.0,0.0,1024.2881565760774
2025-10-19T20:15:00Z,2025-10-19T20:30:00Z,2025-10-19,2025-10-19_90,0.0,0,0,100,64.34782608695645,64.34782608695645,0.0,0.0,0.0,True,True,True,False,0.0,1024.2881565760774,0.0,0.0,0.0,0.0,1024.2881565760774
2025-10-19T20:30:00Z,2025-10-19T20:45:00Z,2025-10-19,2025-10-19_91,0.0,0,0,100,64.34782608695645,64.34782608695645,0.0,0.0,0.0,True,True,True,False,0.0,1024.2881565760774,0.0,0.0,0.0,0.0,1024.2881565760774
2025-10-19T20:45:00Z,2025-10-19T21:00:00Z,2025-10-19,2025-10-19_92,0.0,0,0,100,64.34782608695645,64.34782608695645,0.0,0.0,0.0,True,True,True,False,0.0,1024.2881565760774,0.0,0.0,0.0,0.0,1024.2881565760774
2025-10-19T21:00:00Z,2025-10-19T21:15:00Z,2025-10-20,2025-10-19_93,0.0,0,0,100,64.34782608695645,64.34782608695645,0.0,0.0,0.0,True,True,True,False,0.0,1024.2881565760774,0.0,0.0,0.0,0.0,1024.2881565760774
2025-10-19T21:15:00Z,2025-10-19T21:30:00Z,2025-10-20,2025-10-19_94,0.0,0,0,100,64.34782608695645,64.34782608695645,0.0,0.0,0.0,True,True,True,False,0.0,1024.2881565760774,0.0,0.0,0.0,0.0,1024.2881565760774
2025-10-19T21:30:00Z,2025-10-19T21:45:00Z,2025-10-20,2025-10-19_95,0.0,0,0,100,64.34782608695645,64.34782608695645,0.0,0.0,0.0,True,True,True,False,0.0,1024.2881565760774,0.0,0.0,0.0,0.0,1024.2881565760774
2025-10-19T21:45:00Z,2025-10-19T22:00:00Z,2025-10-20,2025-10-19_96,0.0,0,0,100,64.34782608695645,64.34782608695645,0.0,0.0,0.0,True,True,True,False,0.0,1024.2881565760774,0.0,0.0,0.0,0.0,1024.2881565760774
2025-10-19T22:00:00Z,2025-10-19T22:15:00Z,2025-10-20,2025-10-20_1,0.0,0,0,100,64.34782608695645,64.34782608695645,0.0,0.0,0.0,True,True,True,False,0.0,1024.2881565760774,0.0,0.0,0.0,0.0,1024.2881565760774
2025-10-19T22:15:00Z,2025-10-19T22:30:00Z,2025-10-20,2025-10-20_2,0.0,0,0,100,64.34782608695645,64.34782608695645,0.0,0.0,0.0,True,True,True,False,0.0,1024.2881565760774,0.0,0.0,0.0,0.0,1024.2881565760774
2025-10-19T22:30:00Z,2025-10-19T22:45:00Z,2025-10-20,2025-10-20_3,0.0,0,0,100,64.34782608695645,64.34782608695645,0.0,0.0,0.0,True,True,True,False,0.0,1024.2881565760774,0.0,0.0,0.0,0.0,1024.2881565760774
2025-10-19T22:45:00Z,2025-10-19T23:00:00Z,2025-10-20,2025-10-20_4,0.0,0,0,100,64.34782608695645,64.34782608695645,0.0,0.0,0.0,True,True,True,False,0.0,1024.2881565760774,0.0,0.0,0.0,0.0,1024.2881565760774
2025-10-19T23:00:00Z,2025-10-19T23:15:00Z,2025-10-20,2025-10-20_5,0.0,0,0,100,64.34782608695645,64.34782608695645,0.0,0.0,0.0,True,True,True,False,0.0,1024.2881565760774,0.0,0.0,0.0,0.0,1024.2881565760774
2025-10-19T23:15:00Z,2025-10-19T23:30:00Z,2025-10-20,2025-10-20_6,0.0,0,0,100,64.34782608695645,64.34782608695645,0.0,0.0,0.0,True,True,True,False,0.0,1024.2881565760774,0.0,0.0,0.0,0.0,1024.2881565760774
2025-10-19T23:30:00Z,2025-10-19T23:45:00Z,2025-10-20,2025-10-20_7,0.0,0,0,100,64.34782608695645,64.34782608695645,0.0,0.0,0.0,True,True,True,False,0.0,1024.2881565760774,0.0,0.0,0.0,0.0,1024.2881565760774
2025-10-19T23:45:00Z,2025-10-20T00:00:00Z,2025-10-20,2025-10-20_8,0.0,0,0,100,64.34782608695645,64.34782608695645,0.0,0.0,0.0,True,True,True,False,0.0,1024.2881565760774,0.0,0.0,0.0,0.0,1024.2881565760774
2025-10-20T00:00:00Z,2025-10-20T00:15:00Z,2025-10-20,2025-10-20_9,-51.0,51,0,49,64.34782608695645,76.05664505838502,0.03252449714285714,0.023022857142857144,0.0,True,True,True,False,-1035.045,501.901196722278,56.76354418440134,0.0,3.569196594268197,0.0,-472.8110624990526
2025-10-20T00:15:00Z,2025-10-20T00:30:00Z,2025-10-20,2025-10-20_10,-51.0,51,0,49,76.05664505838502,87.76117420124216,0.03251258095238096,0.027685714285714286,0.0,True,True,True,False,-1020.1275,501.901196722278,56.76354418440134,0.0,4.301189984925173,0.0,-457.16156910839555
2025-10-20T00:30:00Z,2025-10-20T00:45:00Z,2025-10-20,2025-10-20_11,-51.0,51,0,49,87.76117420124216,99.47803660124215,0.03254684,0.014280000000000001,0.0,True,True,True,False,-1010.1825,501.901196722278,56.76354418440134,0.0,2.118611094735601,0.0,-449.3991479985851
2025-10-20T00:45:00Z,2025-10-20T01:00:00Z,2025-10-20,2025-10-20_12,-50.99999999999995,51,0,49,99.47803660124215,111.20803660124214,0.03258333333333331,0.0,0.0,True,True,True,False,-1015.282499999999,501.901196722278,56.76354418440134,0.0,0.0,0.0,-456.6177590933197
2025-10-20T01:00:00Z,2025-10-20T01:15:00Z,2025-10-20,2025-10-20_13,0.0,100,100,0,111.20803660124214,122.90360231552786,0.032487682539682546,0.0,12.71257142857143,True,True,True,False,0.0,0.0,111.71372988268585,47.10251724341214,0.0,-315.51728450998394,-156.70103738388593
2025-10-20T01:15:00Z,2025-10-20T01:30:00Z,2025-10-20,2025-10-20_14,0.0,100,100,0,122.90360231552786,135.63903088695645,0.03537619047619048,0.0,13.842857142857143,True,True,True,False,0.0,0.0,111.71372988268585,47.10251724341214,0.0,679.1593131268897,837.9755602529877
2025-10-20T01:30:00Z,2025-10-20T01:45:00Z,2025-10-20,2025-10-20_15,0.0,100,100,0,135.63903088695645,143.26714517267072,0.02118920634920635,0.0,8.291428571428572,True,True,True,False,0.0,0.0,111.71372988268585,47.10251724341214,0.0,-302.4858608231361,-143.66961369703807
2025-10-20T01:45:00Z,2025-10-20T02:00:00Z,2025-10-20,2025-10-20_16,0.0,100,100,0,143.26714517267072,143.888539458385,0.001726095238095238,0.0,0.6754285714285714,True,True,True,False,0.0,0.0,111.71372988268585,47.10251724341214,0.0,-59.4099480381671,99.40629908793089
2025-10-20T02:00:00Z,2025-10-20T02:15:00Z,2025-10-20,2025-10-20_17,0.0,0,0,100,143.888539458385,143.888539458385,0.0,0.0,0.0,True,True,True,False,0.0,1024.2881565760774,0.0,0.0,0.0,0.0,1024.2881565760774
2025-10-20T02:15:00Z,2025-10-20T02:30:00Z,2025-10-20,2025-10-20_18,0.0,0,0,100,143.888539458385,143.888539458385,0.0,0.0,0.0,True,True,True,False,0.0,1024.2881565760774,0.0,0.0,0.0,0.0,1024.2881565760774
2025-10-20T02:30:00Z,2025-10-20T02:45:00Z,2025-10-20,2025-10-20_19,0.0,0,0,100,143.888539458385,143.888539458385,0.0,0.0,0.0,True,True,True,False,0.0,1024.2881565760774,0.0,0.0,0.0,0.0,1024.2881565760774
2025-10-20T02:45:00Z,2025-10-20T03:00:00Z,2025-10-20,2025-10-20_20,0.0,0,0,100,143.888539458385,143.888539458385,0.0,0.0,0.0,True,True,True,False,0.0,1024.2881565760774,0.0,0.0,0.0,0.0,1024.2881565760774
2025-10-20T03:00:00Z,2025-10-20T03:15:00Z,2025-10-20,2025-10-20_21,-100.0,100,0,0,143.888539458385,165.41443660124216,0.05979415873015874,1.602285714285714,0.0,True,True,True,False,-2248.25,0.0,113.62966456405117,0.0,233.2273597156837,0.0,-1901.3929757202652
2025-10-20T03:15:00Z,2025-10-20T03:30:00Z,2025-10-20,2025-10-20_22,-100.0,100,0,0,165.41443660124216,182.7782537440993,0.0482328253968254,6.126285714285714,0.0,True,True,True,False,-2704.0,0.0,113.62966456405117,0.0,1078.602610050446,0.0,-1511.767725385503
2025-10-20T03:30:00Z,2025-10-20T03:45:00Z,2025-10-20,2025-10-20_23,-69.93211867087382,100,0,0,182.7782537440993,189.99999999999994,0.03664650533220892,9.134857142857143,0.0,True,True,True,False,-2180.1337995644913,0.0,113.62966456405117,0.0,2480.145397012546,0.0,413.6412620121057
2025-10-20T03:45:00Z,2025-10-20T04:00:00Z,2025-10-20,2025-10-20_24,-70.32077972802111,100,0,0,189.99999999999994,189.99999999999994,0.02989735946859489,16.681714285714285,0.0,True,True,True,False,-3042.780138831474,0.0,113.62966456405117,0.0,13310.525661734362,0.0,10381.37518746694
2025-10-20T04:00:00Z,2025-10-20T04:15:00Z,2025-10-20,2025-10-20_25,-27.0,100,73,0,189.99999999999994,185.6334472546583,0.03262034175293306,10.151428571428573,0.0,True,True,True,False,-1279.395,0.0,114.07180333667395,32.74951364735011,3375.955925922807,0.0,2243.3822429068314
2025-10-20T04:15:00Z,2025-10-20T04:30:00Z,2025-10-20,2025-10-20_26,-0.37544544693387266,100,73,0,185.6334472546583,161.50023443478256,0.06708861243762698,22.29485714285714,0.0,True,True,True,False,-20.20647395398103,0.0,114.07180333667395,32.74951364735011,24540.98218340758,0.0,24667.597026437623
2025-10-20T04:30:00Z,2025-10-20T04:45:00Z,2025-10-20,2025-10-20_27,0.0,100,73,0,161.50023443478256,134.61762573913037,0.07467391304347826,24.732,0.0,True,True,True,False,0.0,0.0,114.07180333667395,32.74951364735011,28374.85364617108,0.0,28521.674963155103
2025-10-20T04:45:00Z,2025-10-20T05:00:00Z,2025-10-20,2025-10-20_28,0.0,100,73,0,134.61762573913037,118.77476859627323,0.04400793650793651,14.575428571428573,0.0,True,True,True,False,0.0,0.0,114.07180333667395,32.74951364735011,7776.56068125865,0.0,7923.381998242674
2025-10-20T05:00:00Z,2025-10-20T05:15:00Z,2025-10-20,2025-10-20_29,100.0,0,0,0,118.77476859627323,91.60085555279497,0.0754830917874396,0.0,0.0,True,False,True,False,7994.499999999999,0.0,0.0,0.0,0.0,0.0,7994.499999999999
2025-10-20T05:15:00Z,2025-10-20T05:30:00Z,2025-10-20,2025-10-20_30,100.0,0,0,0,91.60085555279497,64.42694250931672,0.0754830917874396,0.0,0.0,True,False,True,False,7789.0,0.0,0.0,0.0,0.0,0.0,7789.0
2025-10-20T05:30:00Z,2025-10-20T05:45:00Z,2025-10-20,2025-10-20_31,100.00000000000003,0,0,0,64.42694250931672,37.25302946583845,0.07548309178743963,0.0,0.0,True,False,True,False,7359.250000000002,0.0,0.0,0.0,0.0,0.0,7359.250000000002
2025-10-20T05:45:00Z,2025-10-20T06:00:00Z,2025-10-20,2025-10-20_32,100.0,0,0,0,37.25302946583845,10.079116422360194,0.0754830917874396,0.0,0.0,True,False,True,False,6158.25,0.0,0.0,0.0,0.0,0.0,6158.25
2025-10-20T06:00:00Z,2025-10-20T06:15:00Z,2025-10-20,2025-10-20_33,9.586232773767486e-15,100,55,0,10.079116422360194,10.011757913043422,0.0008135831608005593,0.1657142857142857,0.12257142857142858,True,True,True,False,5.127196599049539e-13,0.0,110.53469315569181,24.739138124152568,26.006191627154898,-10.838716197438124,150.44130670956167
2025-10-20T06:15:00Z,2025-10-20T06:30:00Z,2025-10-20,2025-10-20_34,0.0,100,55,0,10.011757913043422,9.999999999999943,0.0004952894409937888,0.08742857142857142,0.0905142857142857,True,True,True,False,0.0,0.0,110.53469315569181,24.739138124152568,13.610571580161864,-7.959508510118662,140.92489434988758
2025-10-20T06:30:00Z,2025-10-20T06:45:00Z,2025-10-20,2025-10-20_35,0.0,100,55,0,9.999999999999943,10.119212621117954,0.0004174125603864735,0.014285714285714287,0.14645714285714287,True,True,True,False,0.0,0.0,110.53469315569181,24.739138124152568,2.2177119388697535,-11.418643714751717,126.07289950396242
2025-10-20T06:45:00Z,2025-10-20T07:00:00Z,2025-10-20,2025-10-20_36,-44.93728413522365,100,55,0,10.119212621117954,21.85279503105584,0.03265788531191864,0.01942857142857143,1.540942857142857,True,True,True,False,-1118.6013453360547,0.0,110.53469315569181,24.739138124152568,3.0160882368628648,-97.48736877742311,-1077.7987945967704
2025-10-20T07:00:00Z,2025-10-20T07:15:00Z,2025-10-20,2025-10-20_37,0.0,100,0,0,21.85279503105584,13.17080745341609,0.024116632160110417,7.9874285714285715,0.0,True,True,True,False,0.0,0.0,109.70936744679597,0.0,3827.9871893729487,0.0,3937.6965568197447
2025-10-20T07:15:00Z,2025-10-20T07:30:00Z,2025-10-20,2025-10-20_38,2.413528314402511e-16,100,0,0,13.17080745341609,9.999999999999941,0.008807798481711525,2.9171428571428573,0.0,True,True,True,False,7.310577264325205e-15,0.0,109.70936744679597,0.0,458.51060880403577,0.0,568.2199762508318
2025-10-20T07:30:00Z,2025-10-20T07:45:00Z,2025-10-20,2025-10-20_39,-100.0,100,0,0,9.999999999999941,24.490788571428517,0.04025219047619048,9.249142857142857,0.0,True,True,True,False,-2541.75,0.0,109.70936744679597,0.0,4046.96573775416,0.0,1614.9251052009558
2025-10-20T07:45:00Z,2025-10-20T08:00:00Z,2025-10-20,2025-10-20_40,-100.0,100,0,0,24.490788571428517,40.7264228571428,0.04509898412698412,7.352571428571429,0.0,True,True,True,False,-2061.0,0.0,109.70936744679597,0.0,3665.4495245955486,0.0,1714.1588920423446
2025-10-20T08:00:00Z,2025-10-20T08:15:00Z,2025-10-20,2025-10-20_41,-24.200149232350554,100,75,0,40.7264228571428,34.87127702857136,0.03368827849415348,10.913142857142857,0.0,True,True,True,False,-623.2143431061077,0.0,111.0063078464894,33.93415079879738,10950.281297277266,0.0,10472.007412816445
2025-10-20T08:15:00Z,2025-10-20T08:30:00Z,2025-10-20,2025-10-20_42,-25.0,100,75,0,34.87127702857136,17.188100382608628,0.05241733195307109,22.419428571428572,0.0,True,True,True,False,-532.6875,0.0,111.0063078464894,33.93415079879738,28989.727836551825,0.0,28601.980795197112
2025-10-20T08:30:00Z,2025-10-20T08:45:00Z,2025-10-20,2025-10-20_43,-25.0,100,75,0,17.188100382608628,14.14393988571422,0.02964958868184955,8.413714285714285,0.0,True,True,True,False,-528.125,0.0,111.0063078464894,33.93415079879738,4859.269269418313,0.0,4476.0847280636
2025-10-20T08:45:00Z,2025-10-20T09:00:00Z,2025-10-20,2025-10-20_44,-25.0,100,75,0,14.14393988571422,28.836734171428507,0.040813317460317466,0.0,9.720428571428572,True,True,True,False,-488.81249999999994,0.0,111.0063078464894,33.93415079879738,0.0,1079.8846218239698,736.0125804692567
2025-10-20T09:00:00Z,2025-10-20T09:15:00Z,2025-10-20,2025-10-20_45,-69.0,69,0,31,28.836734171428507,44.70673417142851,0.044083333333333335,0.0,0.0,True,True,True,False,-1491.9524999999999,317.52932853858397,74.84525142958202,0.0,0.0,0.0,-1099.5779200318339
2025-10-20T09:15:00Z,2025-10-20T09:30:00Z,2025-10-20,2025-10-20_46,-69.0,69,0,31,44.70673417142851,59.407976685714225,0.04083678476190477,1.2703885714285714,0.0,True,True,True,False,-1379.31,317.52932853858397,74.84525142958202,0.0,199.4159813442703,0.0,-787.5194386875637
2025-10-20T09:30:00Z,2025-10-20T09:45:00Z,2025-10-20,2025-10-20_47,-69.0,69,0,31,59.407976685714225,73.0195396571428,0.03780989714285714,2.454822857142857,0.0,True,True,True,False,-1361.3700000000001,317.52932853858397,74.84525142958202,0.0,385.6530615911943,0.0,-583.3423584406398
2025-10-20T09:45:00Z,2025-10-20T10:00:00Z,2025-10-20,2025-10-20_48,-69.00000000000001,69,0,31,73.0195396571428,84.70783999999995,0.03246750095238096,4.545325714285714,0.0,True,True,True,False,-1351.8825000000004,317.52932853858397,74.84525142958202,0.0,885.4940085059078,0.0,-74.0139115259266
2025-10-20T10:00:00Z,2025-10-20T10:15:00Z,2025-10-20,2025-10-20_49,0.0,100,100,0,84.70783999999995,101.08121142857138,0.0454815873015873,0.0,17.797142857142855,True,True,True,False,0.0,0.0,110.53469315569181,45.245534398396515,0.0,-264.97245489482714,-109.19222734073881
2025-10-20T10:15:00Z,2025-10-20T10:30:00Z,2025-10-20,2025-10-20_50,0.0,100,100,0,101.08121142857138,117.12075428571424,0.04455428571428573,0.0,17.434285714285718,True,True,True,False,0.0,0.0,110.53469315569181,45.245534398396515,0.0,57.771691328184886,213.5519188822732
2025-10-20T10:30:00Z,2025-10-20T10:45:00Z,2025-10-20,2025-10-20_51,0.0,100,100,0,117.12075428571424,128.9687771428571,0.03291117460317461,0.0,12.878285714285715,True,True,True,False,0.0,0.0,110.53469315569181,45.245534398396515,0.0,401.9070812384378,557.6873087925261
2025-10-20T10:45:00Z,2025-10-20T11:00:00Z,2025-10-20,2025-10-20_52,0.0,100,100,0,128.9687771428571,143.99999999999997,0.041753396825396825,0.0,16.338285714285714,True,True,True,False,0.0,0.0,110.53469315569181,45.245534398396515,0.0,804.5888953829483,960.3691229370367
2025-10-20T11:00:00Z,2025-10-20T11:15:00Z,2025-10-20,2025-10-20_53,0.0,0,0,100,143.99999999999997,143.99999999999997,0.0,0.0,0.0,True,True,True,False,0.0,1024.2881565760774,0.0,0.0,0.0,0.0,1024.2881565760774
2025-10-20T11:15:00Z,2025-10-20T11:30:00Z,2025-10-20,2025-10-20_54,0.0,0,0,100,143.99999999999997,143.99999999999997,0.0,0.0,0.0,True,True,True,False,0.0,1024.2881565760774,0.0,0.0,0.0,0.0,1024.2881565760774
2025-10-20T11:30:00Z,2025-10-20T11:45:00Z,2025-10-20,2025-10-20_55,0.0,0,0,100,143.99999999999997,143.99999999999997,0.0,0.0,0.0,True,True,True,False,0.0,1024.2881565760774,0.0,0.0,0.0,0.0,1024.2881565760774
2025-10-20T11:45:00Z,2025-10-20T12:00:00Z,2025-10-20,2025-10-20_56,0.0,0,0,100,143.99999999999997,143.99999999999997,0.0,0.0,0.0,True,True,True,False,0.0,1024.2881565760774,0.0,0.0,0.0,0.0,1024.2881565760774
2025-10-20T12:00:00Z,2025-10-20T12:15:00Z,2025-10-20,2025-10-20_57,-8.0,20,12,80,143.99999999999997,147.12461439999996,0.008679484444444444,0.0,1.3963199999999998,True,True,True,False,-158.08,819.4305252608619,21.694275776690443,5.429464127807581,0.0,77.406872840889,765.881138006249
2025-10-20T12:15:00Z,2025-10-20T12:30:00Z,2025-10-20,2025-10-20_58,-8.0,20,12,80,147.12461439999996,149.36664447204964,0.0062299317046238785,0.0005714285714285715,0.4376228571428571,True,True,True,False,-166.76,819.4305252608619,21.694275776690443,5.429464127807581,0.07298798786153618,2.9837882989026534,682.8510414521242
2025-10-20T12:30:00Z,2025-10-20T12:45:00Z,2025-10-20,2025-10-20_59,-8.0,20,12,80,149.36664447204964,151.32725620869562,0.005473058826777087,0.0074285714285714285,0.13933714285714285,True,True,True,False,-174.92,819.4305252608619,21.694275776690443,5.429464127807581,0.9006717702113564,-5.533811222745303,667.001125712826
2025-10-20T12:45:00Z,2025-10-20T13:00:00Z,2025-10-20,2025-10-20_60,-7.945477298262161,20,12,80,151.32725620869562,153.19999999999993,0.005229103491221871,0.0074285714285714285,0.05746285714285714,True,True,True,False,-199.92807251752163,819.4305252608619,21.694275776690443,5.429464127807581,0.9006717702113564,-1.8111939363825469,645.7156704816672
2025-10-20T13:00:00Z,2025-10-20T13:15:00Z,2025-10-20,2025-10-20_61,0.0,100,100,0,153.19999999999993,169.2731885714285,0.04464774603174603,0.0,17.47085714285714,True,True,True,False,0.0,0.0,112.00848906443437,45.03920297117255,0.0,1761.7554803592132,1918.80317239482
2025-10-20T13:15:00Z,2025-10-20T13:30:00Z,2025-10-20,2025-10-20_62,0.0,100,100,0,169.2731885714285,183.70404571428566,0.04008571428571429,0.0,15.685714285714287,True,True,True,False,0.0,0.0,112.00848906443437,45.03920297117255,0.0,2307.395726834034,2464.443418869641
2025-10-20T13:30:00Z,2025-10-20T13:45:00Z,2025-10-20,2025-10-20_63,0.0,100,100,0,183.70404571428566,180.78076521739126,0.008794890269151139,2.801142857142857,0.132,True,True,True,False,0.0,0.0,112.00848906443437,45.03920297117255,424.51331284055215,-8.490757531097096,573.070247345062
2025-10-20T13:45:00Z,2025-10-20T14:00:00Z,2025-10-20,2025-10-20_64,0.0,100,100,0,180.78076521739126,166.8478459627329,0.038702553485162175,12.818285714285713,0.0,True,True,True,False,0.0,0.0,112.00848906443437,45.03920297117255,4849.807682041866,0.0,5006.855374077473
2025-10-20T14:00:00Z,2025-10-20T14:15:00Z,2025-10-20,2025-10-20_65,-100.0,0,0,0,166.8478459627329,189.8478459627329,0.06388888888888888,0.0,0.0,True,False,True,False,-2355.75,0.0,0.0,0.0,0.0,0.0,-2355.75
2025-10-20T14:15:00Z,2025-10-20T14:30:00Z,2025-10-20,2025-10-20_66,-0.6615392924654164,0,0,0,189.8478459627329,189.99999999999994,0.00042265010351957166,0.0,0.0,True,False,True,False,-25.37003186604872,0.0,0.0,0.0,0.0,0.0,-25.37003186604872
2025-10-20T14:30:00Z,2025-10-20T14:45:00Z,2025-10-20,2025-10-20_67,0.0,0,0,0,189.99999999999994,189.99999999999994,0.0,0.0,0.0,True,False,True,False,0.0,0.0,0.0,0.0,0.0,0.0,0.0
2025-10-20T14:45:00Z,2025-10-20T15:00:00Z,2025-10-20,2025-10-20_68,99.93116781715041,0,0,0,189.99999999999994,162.84479135403515,0.07543113512767996,0.0,0.0,True,False,True,False,6650.419218231359,0.0,0.0,0.0,0.0,0.0,6650.419218231359
2025-10-20T15:00:00Z,2025-10-20T15:15:00Z,2025-10-20,2025-10-20_69,0.0,11,41,59,162.84479135403515,162.35994057142645,0.001358782332643202,0.44804571428571427,0.0023428571428571426,True,True,True,False,0.0,604.3300123798857,12.499263102045628,18.466073218180746,129.14332883839617,-0.18645623668320122,764.2522213018251
2025-10-20T15:15:00Z,2025-10-20T15:30:00Z,2025-10-20,2025-10-20_70,0.0,11,41,59,162.35994057142645,162.85398757763764,0.0014057551414768806,0.005531428571428571,0.5435428571428571,True,True,True,False,0.0,604.3300123798857,12.499263102045628,18.466073218180746,0.604349522630487,-38.41574510348854,597.483953119254
2025-10-20T15:30:00Z,2025-10-20T15:45:00Z,2025-10-20,2025-10-20_71,0.0,11,41,59,162.85398757763764,162.14575155279292,0.0019673222912353345,0.6515771428571429,0.0,True,True,True,False,0.0,604.3300123798857,12.499263102045628,18.466073218180746,227.09055592255413,0.0,862.3859046226662
2025-10-20T15:45:00Z,2025-10-20T16:00:00Z,2025-10-20,2025-10-20_72,0.0,11,41,59,162.14575155279292,161.42596894409726,0.0019993961352657,0.6622,0.0,True,True,True,False,0.0,604.3300123798857,12.499263102045628,18.466073218180746,138.01448285484094,0.0,773.309831554953
2025-10-20T16:00:00Z,2025-10-20T16:15:00Z,2025-10-20,2025-10-20_73,87.25373714284937,0,90,10,161.42596894409726,137.71571428571428,0.06586181849550829,0.0,0.0,True,True,True,False,7073.442335827941,102.42881565760774,0.0,40.376112715911106,0.0,0.0,7216.24726420146
2025-10-20T16:15:00Z,2025-10-20T16:30:00Z,2025-10-20,2025-10-20_74,90.0,0,90,10,137.71571428571428,113.26086956521738,0.06793012422360248,0.0,0.0015428571428571427,True,True,True,False,7699.05,102.42881565760774,0.0,40.376112715911106,0.0,-0.1364313926950253,7841.718496980824
2025-10-20T16:30:00Z,2025-10-20T16:45:00Z,2025-10-20,2025-10-20_75,90.0,0,90,10,113.26086956521738,88.80434782608695,0.06793478260869565,0.0,0.0,True,True,True,False,8503.2,102.42881565760774,0.0,40.376112715911106,0.0,0.0,8646.004928373519
2025-10-20T16:45:00Z,2025-10-20T17:00:00Z,2025-10-20,2025-10-20_76,90.0,0,90,10,88.80434782608695,64.34782608695652,0.06793478260869565,0.0,0.0,True,True,True,False,8964.9,102.42881565760774,0.0,40.376112715911106,0.0,0.0,9107.704928373518
2025-10-20T17:00:00Z,2025-10-20T17:15:00Z,2025-10-20,2025-10-20_77,0.0,0,0,100,64.34782608695652,64.34782608695652,0.0,0.0,0.0,True,True,True,False,0.0,1024.2881565760774,0.0,0.0,0.0,0.0,1024.2881565760774
2025-10-20T17:15:00Z,2025-10-20T17:30:00Z,2025-10-20,2025-10-20_78,0.0,0,0,100,64.34782608695652,64.34782608695652,0.0,0.0,0.0,True,True,True,False,0.0,1024.2881565760774,0.0,0.0,0.0,0.0,1024.2881565760774
2025-10-20T17:30:00Z,2025-10-20T17:45:00Z,2025-10-20,2025-10-20_79,0.0,0,0,100,64.34782608695652,64.34782608695652,0.0,0.0,0.0,True,True,True,False,0.0,1024.2881565760774,0.0,0.0,0.0,0.0,1024.2881565760774
2025-10-20T17:45:00Z,2025-10-20T18:00:00Z,2025-10-20,2025-10-20_80,0.0,0,0,100,64.34782608695652,64.34782608695652,0.0,0.0,0.0,True,True,True,False,0.0,1024.2881565760774,0.0,0.0,0.0,0.0,1024.2881565760774
2025-10-20T18:00:00Z,2025-10-20T18:15:00Z,2025-10-20,2025-10-20_81,0.0,100,100,0,64.34782608695652,46.0360248447205,0.05086611456176672,16.84685714285714,0.0,True,True,True,False,0.0,0.0,113.68861640040089,44.86234746212345,10039.202698085188,0.0,10197.753661947712
2025-10-20T18:15:00Z,2025-10-20T18:30:00Z,2025-10-20,2025-10-20_82,0.0,100,100,0,46.0360248447205,34.885714285714286,0.03097308488612837,10.258285714285716,0.0,True,True,True,False,0.0,0.0,113.68861640040089,44.86234746212345,2565.135857033376,0.0,2723.6868208959004
2025-10-20T18:30:00Z,2025-10-20T18:45:00Z,2025-10-20,2025-10-20_83,0.0,100,100,0,34.885714285714286,24.839751552795033,0.027905452035886815,9.242285714285714,0.0,True,True,True,False,0.0,0.0,113.68861640040089,44.86234746212345,2511.6881715105424,0.0,2670.239135373067
2025-10-20T18:45:00Z,2025-10-20T19:00:00Z,2025-10-20,2025-10-20_84,0.0,100,100,0,24.839751552795033,23.368671801242236,0.00436087232574189,1.3988571428571428,0.053714285714285714,True,True,True,False,0.0,0.0,113.68861640040089,44.86234746212345,219.81813055305244,-3.41695645705078,374.952137958526
2025-10-20T19:00:00Z,2025-10-20T19:15:00Z,2025-10-20,2025-10-20_85,0.0,91,91,9,23.368671801242236,15.315454409937889,0.02237004830917874,7.4089599999999995,0.0,True,True,True,False,0.0,92.18593409184696,103.34934858220835,40.90520544714968,1782.0318453732634,0.0,2018.4723334944683
2025-10-20T19:15:00Z,2025-10-20T19:30:00Z,2025-10-20,2025-10-20_86,0.0,91,91,9,15.315454409937889,15.11141093167702,0.0005667874396135265,0.18772,0.0,True,True,True,False,0.0,92.18593409184696,103.34934858220835,40.90520544714968,29.258299113757396,0.0,265.69878723496237
2025-10-20T19:30:00Z,2025-10-20T19:45:00Z,2025-10-20,2025-10-20_87,0.0,91,91,9,15.11141093167702,15.01180877515528,0.00040158821256038637,0.11231999999999999,0.02444,True,True,True,False,0.0,92.18593409184696,103.34934858220835,40.90520544714968,17.51849007840594,-1.6512812592112245,252.3076969403997
2025-10-20T19:45:00Z,2025-10-20T20:00:00Z,2025-10-20,2025-10-20_88,0.0,91,91,9,15.01180877515528,17.134833122981366,0.006195599033816425,0.0494,2.366,True,True,True,False,0.0,92.18593409184696,103.34934858220835,40.90520544714968,7.684379728428541,-130.1948582208336,113.93000962879994
2025-10-20T20:00:00Z,2025-10-20T20:15:00Z,2025-10-20,2025-10-20_89,4.705171895333366,82,87,13,17.134833122981366,17.065217391304348,0.00822357573217826,0.3073828571428572,1.6609542857142858,True,True,True,False,220.17851884212484,133.15746035489008,93.1279844367152,39.10717443848376,48.19850662983581,-90.05754257754273,443.71210212450694
2025-10-20T20:15:00Z,2025-10-20T20:30:00Z,2025-10-20,2025-10-20_90,5.0,82,87,13,17.065217391304348,18.87265394285714,0.011386944182194617,0.0,3.4059257142857144,True,True,True,False,213.45,133.15746035489008,93.1279844367152,39.10717443848376,0.0,-212.85613483127148,265.98648439881754
2025-10-20T20:30:00Z,2025-10-20T20:45:00Z,2025-10-20,2025-10-20_91,0.0,82,87,13,18.87265394285714,20.47665554285714,0.004455560000000001,0.0,1.7434800000000001,True,True,True,False,0.0,133.15746035489008,93.1279844367152,39.10717443848376,0.0,-109.01435116429877,156.37826806579025
2025-10-20T20:45:00Z,2025-10-20T21:00:00Z,2025-10-20,2025-10-20_92,0.0,82,87,13,20.47665554285714,22.248055085714284,0.004920554285714287,0.0,1.9254342857142859,True,True,True,False,0.0,133.15746035489008,93.1279844367152,39.10717443848376,0.0,-120.34749381932106,145.04512541076798
2025-10-20T21:00:00Z,2025-10-20T21:15:00Z,2025-10-21,2025-10-20_93,0.0,78,0,22,22.248055085714284,22.240788004968945,2.0186335403726707e-05,0.006685714285714285,0.0,True,True,True,False,0.0,225.33896639811354,79.54804480251522,0.0,1.0365550346686128,0.0,305.92356623529736
2025-10-20T21:15:00Z,2025-10-20T21:30:00Z,2025-10-21,2025-10-20_94,-28.096697419155944,78,0,22,22.240788004968945,28.64948140124226,0.018003399061489324,0.05214857142857143,0.0,True,True,True,False,-909.4198537145301,225.33896639811354,79.54804480251522,0.0,8.085129270415182,0.0,-596.4477132434861
2025-10-20T21:30:00Z,2025-10-20T21:45:00Z,2025-10-21,2025-10-20_95,-78.0,78,0,22,28.64948140124226,46.42996917267083,0.04939024380952381,0.17338285714285714,0.0,True,True,True,False,-2360.085,225.33896639811354,79.54804480251522,0.0,27.071029678578444,0.0,-2028.126959120793
2025-10-20T21:45:00Z,2025-10-20T22:00:00Z,2025-10-21,2025-10-20_96,-78.0,78,0,22,46.42996917267083,64.34782608695654,0.049771824761904775,0.02406857142857143,0.0,True,True,True,False,-2067.975,225.33896639811354,79.54804480251522,0.0,3.7358026757993428,0.0,-1759.3521861235718
2025-10-20T22:00:00Z,2025-10-20T22:15:00Z,2025-10-21,2025-10-21_1,0.0,0,0,100,64.34782608695654,64.34782608695654,0.0,0.0,0.0,True,True,True,False,0.0,1024.2680290823344,0.0,0.0,0.0,0.0,1024.2680290823344
2025-10-20T22:15:00Z,2025-10-20T22:30:00Z,2025-10-21,2025-10-21_2,0.0,0,0,100,64.34782608695654,64.34782608695654,0.0,0.0,0.0,True,True,True,False,0.0,1024.2680290823344,0.0,0.0,0.0,0.0,1024.2680290823344
2025-10-20T22:30:00Z,2025-10-20T22:45:00Z,2025-10-21,2025-10-21_3,0.0,0,0,100,64.34782608695654,64.34782608695654,0.0,0.0,0.0,True,True,True,False,0.0,1024.2680290823344,0.0,0.0,0.0,0.0,1024.2680290823344
2025-10-20T22:45:00Z,2025-10-20T23:00:00Z,2025-10-21,2025-10-21_4,0.0,0,0,100,64.34782608695654,64.34782608695654,0.0,0.0,0.0,True,True,True,False,0.0,1024.2680290823344,0.0,0.0,0.0,0.0,1024.2680290823344
2025-10-20T23:00:00Z,2025-10-20T23:15:00Z,2025-10-21,2025-10-21_5,0.0,0,0,100,64.34782608695654,64.34782608695654,0.0,0.0,0.0,True,True,True,False,0.0,1024.2680290823344,0.0,0.0,0.0,0.0,1024.2680290823344
2025-10-20T23:15:00Z,2025-10-20T23:30:00Z,2025-10-21,2025-10-21_6,0.0,0,0,100,64.34782608695654,64.34782608695654,0.0,0.0,0.0,True,True,True,False,0.0,1024.2680290823344,0.0,0.0,0.0,0.0,1024.2680290823344
2025-10-20T23:30:00Z,2025-10-20T23:45:00Z,2025-10-21,2025-10-21_7,0.0,0,0,100,64.34782608695654,64.34782608695654,0.0,0.0,0.0,True,True,True,False,0.0,1024.2680290823344,0.0,0.0,0.0,0.0,1024.2680290823344
2025-10-20T23:45:00Z,2025-10-21T00:00:00Z,2025-10-21,2025-10-21_8,0.0,0,0,100,64.34782608695654,64.34782608695654,0.0,0.0,0.0,True,True,True,False,0.0,1024.2680290823344,0.0,0.0,0.0,0.0,1024.2680290823344
2025-10-21T00:00:00Z,2025-10-21T00:15:00Z,2025-10-21,2025-10-21_9,0.0,0,0,100,64.34782608695654,64.34782608695654,0.0,0.0,0.0,True,True,True,False,0.0,1024.2680290823344,0.0,0.0,0.0,0.0,1024.2680290823344
2025-10-21T00:15:00Z,2025-10-21T00:30:00Z,2025-10-21,2025-10-21_10,0.0,0,0,100,64.34782608695654,64.34782608695654,0.0,0.0,0.0,True,True,True,False,0.0,1024.2680290823344,0.0,0.0,0.0,0.0,1024.2680290823344
2025-10-21T00:30:00Z,2025-10-21T00:45:00Z,2025-10-21,2025-10-21_11,0.0,0,0,100,64.34782608695654,64.34782608695654,0.0,0.0,0.0,True,True,True,False,0.0,1024.2680290823344,0.0,0.0,0.0,0.0,1024.2680290823344
2025-10-21T00:45:00Z,2025-10-21T01:00:00Z,2025-10-21,2025-10-21_12,0.0,0,0,100,64.34782608695654,64.34782608695654,0.0,0.0,0.0,True,True,True,False,0.0,1024.2680290823344,0.0,0.0,0.0,0.0,1024.2680290823344
2025-10-21T01:00:00Z,2025-10-21T01:15:00Z,2025-10-21,2025-10-21_13,-53.000000000000036,53,0,47,64.34782608695654,76.52473054409941,0.03382473460317463,0.014234285714285713,0.0,True,True,True,False,-1150.4975000000009,481.40597366869713,54.051876596580854,0.0,2.206887684922662,0.0,-612.8327620498002
2025-10-21T01:15:00Z,2025-10-21T01:30:00Z,2025-10-21,2025-10-21_14,-53.00000000000002,53,0,47,76.52473054409941,88.40071614409942,0.0329888488888889,0.34132,0.0,True,True,True,False,-1148.1125000000006,481.40597366869713,54.051876596580854,0.0,53.48019603851444,0.0,-559.1744536962082
2025-10-21T01:30:00Z,2025-10-21T01:45:00Z,2025-10-21,2025-10-21_15,-53.0,53,0,47,88.40071614409942,100.4316192298137,0.03341917523809524,0.17293142857142854,0.0,True,True,True,False,-1134.995,481.40597366869713,54.051876596580854,0.0,27.040712180332925,0.0,-572.496437554389
2025-10-21T01:45:00Z,2025-10-21T02:00:00Z,2025-10-21,2025-10-21_16,-53.0,53,0,47,100.4316192298137,112.6216192298137,0.03386111111111111,0.0,0.0,True,True,True,False,-1138.8375,481.40597366869713,54.051876596580854,0.0,0.0,0.0,-603.3796497347221
2025-10-21T02:00:00Z,2025-10-21T02:15:00Z,2025-10-21,2025-10-21_17,-73.0,73,0,27,112.6216192298137,129.4116192298137,0.04663888888888889,0.0,0.0,True,True,True,False,-1577.53,276.55236785223025,73.975437217528,0.0,0.0,0.0,-1227.0021949302418
2025-10-21T02:15:00Z,2025-10-21T02:30:00Z,2025-10-21,2025-10-21_18,-73.0,73,0,27,129.4116192298137,145.9195472298137,0.04585535555555556,0.3066,0.0,True,True,True,False,-1595.2324999999998,276.55236785223025,73.975437217528,0.0,46.119170839064644,0.0,-1198.585524091177
2025-10-21T02:30:00Z,2025-10-21T02:45:00Z,2025-10-21,2025-10-21_19,-73.0,73,0,27,145.9195472298137,161.55746540124227,0.0434386615873016,1.252262857142857,0.0,True,True,True,False,-1613.8475,276.55236785223025,73.975437217528,0.0,196.44187644387046,0.0,-1066.8778184863713
2025-10-21T02:45:00Z,2025-10-21T03:00:00Z,2025-10-21,2025-10-21_20,-72.32568390222849,73,0,27,161.55746540124227,177.58,0.04454410699598864,0.6645085714285714,0.0,True,True,True,False,-1808.1420975557123,276.55236785223025,73.975437217528,0.0,92.97113437947392,0.0,-1364.64315810648
2025-10-21T03:00:00Z,2025-10-21T03:15:00Z,2025-10-21,2025-10-21_21,-1.0,98,97,2,177.58,180.77429782857143,0.008873049523809523,0.0,3.222062857142857,True,True,True,False,-25.05,20.485360581646685,99.94497936726272,43.17252898408331,0.0,-194.93448628582655,-56.38161735283384
2025-10-21T03:15:00Z,2025-10-21T03:30:00Z,2025-10-21,2025-10-21_22,-0.686482350403959,98,97,2,180.77429782857143,185.36359219773578,0.012748039914345387,0.0,4.816742857142857,True,True,True,False,-20.22033763114861,20.485360581646685,99.94497936726272,43.17252898408331,0.0,-222.66716592089378,-79.28463461904968
2025-10-21T03:30:00Z,2025-10-21T03:45:00Z,2025-10-21,2025-10-21_23,0.0,98,97,2,185.36359219773578,188.60911458282897,0.009059301311249138,0.00728,3.536342857142857,True,True,True,False,0.0,20.485360581646685,99.94497936726272,43.17252898408331,1.0714718019257221,-162.17700308227828,2.497337652640156
2025-10-21T03:45:00Z,2025-10-21T04:00:00Z,2025-10-21,2025-10-21_24,-0.35934310602481934,98,97,2,188.60911458282897,189.08000000000004,0.0017561243426214774,0.07448,0.5099428571428573,True,True,True,False,-15.244232915337898,20.485360581646685,99.94497936726272,43.17252898408331,9.893590096286106,-31.68479690087865,126.56742921306227
2025-10-21T04:00:00Z,2025-10-21T04:15:00Z,2025-10-21,2025-10-21_25,0.0,100,100,0,189.08000000000004,183.61512447204973,0.018059955831608004,5.5045714285714284,0.5634285714285714,True,True,True,False,0.0,0.0,107.08390646492434,42.739241501277256,1291.4953338011956,-34.985936052550315,1406.332545714847
2025-10-21T04:15:00Z,2025-10-21T04:30:00Z,2025-10-21,2025-10-21_26,0.0,100,100,0,183.61512447204973,163.3753729192547,0.0562215320910973,18.620571428571427,0.0,True,True,True,False,0.0,0.0,107.08390646492434,42.739241501277256,15658.726037447714,0.0,15808.549185413915
2025-10-21T04:30:00Z,2025-10-21T04:45:00Z,2025-10-21,2025-10-21_27,0.0,100,100,0,163.3753729192547,136.31823006211184,0.07515873015873016,24.89257142857143,0.0,True,True,True,False,0.0,0.0,107.08390646492434,42.739241501277256,25580.210982792018,0.0,25730.03413075822
2025-10-21T04:45:00Z,2025-10-21T05:00:00Z,2025-10-21,2025-10-21_28,0.0,100,100,0,136.31823006211184,114.86543503105594,0.05959109730848861,19.736571428571427,0.0,True,True,True,False,0.0,0.0,107.08390646492434,42.739241501277256,11641.40470909244,0.0,11791.22785705864
2025-10-21T05:00:00Z,2025-10-21T05:15:00Z,2025-10-21,2025-10-21_29,11.0,89,100,0,114.86543503105594,97.721987826087,0.04762068668046929,13.02197142857143,0.0,True,True,True,False,771.265,0.0,93.12733346433482,42.739241501277256,4879.7899602111,0.0,5786.9215351767125
2025-10-21T05:15:00Z,2025-10-21T05:30:00Z,2025-10-21,2025-10-21_30,11.0,89,100,0,97.721987826087,86.1860934161491,0.03204415113871635,7.863022857142857,0.0,True,True,True,False,881.5949999999999,0.0,93.12733346433482,42.739241501277256,2484.4231986244836,0.0,3501.8847735900954
2025-10-21T05:30:00Z,2025-10-21T05:45:00Z,2025-10-21,2025-10-21_31,11.0,89,100,0,86.1860934161491,69.45226732919258,0.046482850241545894,12.64512,0.0,True,True,True,False,723.1125,0.0,93.12733346433482,42.739241501277256,4381.525383218706,0.0,5240.5044581843185
2025-10-21T05:45:00Z,2025-10-21T06:00:00Z,2025-10-21,2025-10-21_32,10.823688973890398,89,100,0,69.45226732919258,64.34782608695649,0.014543635477962565,2.0592057142857145,0.08,True,True,True,False,582.855651243998,0.0,93.12733346433482,42.739241501277256,481.8504953956714,-6.288072312831597,1194.2846492924498
2025-10-21T06:00:00Z,2025-10-21T06:15:00Z,2025-10-21,2025-10-21_33,0.0,0,0,100,64.34782608695649,64.34782608695649,0.0,0.0,0.0,True,True,True,False,0.0,1024.2680290823344,0.0,0.0,0.0,0.0,1024.2680290823344
2025-10-21T06:15:00Z,2025-10-21T06:30:00Z,2025-10-21,2025-10-21_34,0.0,0,0,100,64.34782608695649,64.34782608695649,0.0,0.0,0.0,True,True,True,False,0.0,1024.2680290823344,0.0,0.0,0.0,0.0,1024.2680290823344
2025-10-21T06:30:00Z,2025-10-21T06:45:00Z,2025-10-21,2025-10-21_35,0.0,0,0,100,64.34782608695649,64.34782608695649,0.0,0.0,0.0,True,True,True,False,0.0,1024.2680290823344,0.0,0.0,0.0,0.0,1024.2680290823344
2025-10-21T06:45:00Z,2025-10-21T07:00:00Z,2025-10-21,2025-10-21_36,0.0,0,0,100,64.34782608695649,64.34782608695649,0.0,0.0,0.0,True,True,True,False,0.0,1024.2680290823344,0.0,0.0,0.0,0.0,1024.2680290823344
2025-10-21T07:00:00Z,2025-10-21T07:15:00Z,2025-10-21,2025-10-21_37,0.0,0,0,100,64.34782608695649,64.34782608695649,0.0,0.0,0.0,True,True,True,False,0.0,1024.2680290823344,0.0,0.0,0.0,0.0,1024.2680290823344
2025-10-21T07:15:00Z,2025-10-21T07:30:00Z,2025-10-21,2025-10-21_38,0.0,0,0,100,64.34782608695649,64.34782608695649,0.0,0.0,0.0,True,True,True,False,0.0,1024.2680290823344,0.0,0.0,0.0,0.0,1024.2680290823344
2025-10-21T07:30:00Z,2025-10-21T07:45:00Z,2025-10-21,2025-10-21_39,0.0,0,0,100,64.34782608695649,64.34782608695649,0.0,0.0,0.0,True,True,True,False,0.0,1024.2680290823344,0.0,0.0,0.0,0.0,1024.2680290823344
2025-10-21T07:45:00Z,2025-10-21T08:00:00Z,2025-10-21,2025-10-21_40,0.0,0,0,100,64.34782608695649,64.34782608695649,0.0,0.0,0.0,True,True,True,False,0.0,1024.2680290823344,0.0,0.0,0.0,0.0,1024.2680290823344
2025-10-21T08:00:00Z,2025-10-21T08:15:00Z,2025-10-21,2025-10-21_41,0.0,7,7,93,64.34782608695649,64.58864528695649,0.0006689422222222222,0.0,0.26176,True,True,True,False,0.0,952.5692670465709,7.1389270976616235,3.1155433287482803,0.0,-16.202578801336216,946.6211586716446
2025-10-21T08:15:00Z,2025-10-21T08:30:00Z,2025-10-21,2025-10-21_42,0.0,7,7,93,64.58864528695649,64.64331359999997,0.0001564457971014493,0.0007599999999999999,0.060320000000000006,True,True,True,False,0.0,952.5692670465709,7.1389270976616235,3.1155433287482803,0.09856553350363528,-3.765774399685597,959.1565286067988
2025-10-21T08:30:00Z,2025-10-21T08:45:00Z,2025-10-21,2025-10-21_43,0.0,7,7,93,64.64331359999997,64.87287199999997,0.0006376622222222223,0.0,0.24952000000000002,True,True,True,False,0.0,952.5692670465709,7.1389270976616235,3.1155433287482803,0.0,-14.578410705443114,948.2453267675377
2025-10-21T08:45:00Z,2025-10-21T09:00:00Z,2025-10-21,2025-10-21_44,0.0,7,7,93,64.87287199999997,65.07868473043476,0.0005787068599033816,0.00116,0.22507999999999997,True,True,True,False,0.0,952.5692670465709,7.1389270976616235,3.1155433287482803,0.17858119080369422,-13.747969550009824,949.2543491137747
2025-10-21T09:00:00Z,2025-10-21T09:15:00Z,2025-10-21,2025-10-21_45,0.0,100,100,0,65.07868473043476,78.54433044472047,0.03740457142857143,0.0,14.636571428571429,True,True,True,False,0.0,0.0,101.98467282373747,45.450972686185885,0.0,-321.91253560901663,-174.47689009909328
2025-10-21T09:15:00Z,2025-10-21T09:30:00Z,2025-10-21,2025-10-21_46,0.0,100,100,0,78.54433044472047,93.74641044472048,0.04222800000000001,0.0,16.524,True,True,True,False,0.0,0.0,101.98467282373747,45.450972686185885,0.0,-320.4857237178228,-173.05007820789945
2025-10-21T09:30:00Z,2025-10-21T09:45:00Z,2025-10-21,2025-10-21_47,0.0,100,100,0,93.74641044472048,102.41333615900619,0.024074793650793656,0.0,9.42057142857143,True,True,True,False,0.0,0.0,101.98467282373747,45.450972686185885,0.0,-267.30431777222583,-119.86867226230248
2025-10-21T09:45:00Z,2025-10-21T10:00:00Z,2025-10-21,2025-10-21_48,0.0,100,100,0,102.41333615900619,109.48471901614906,0.01964273015873016,0.0,7.686285714285715,True,True,True,False,0.0,0.0,101.98467282373747,45.450972686185885,0.0,-289.77100794430567,-142.33536243438232
2025-10-21T10:00:00Z,2025-10-21T10:15:00Z,2025-10-21,2025-10-21_49,-5.2664390602214155,7,0,93,109.48471901614906,110.69599999999998,0.0033646693995859045,0.0,0.0,True,True,True,False,-151.4101229813657,952.5692670465709,7.1389270976616235,0.0,0.0,0.0,808.2980711628668
2025-10-21T10:15:00Z,2025-10-21T10:30:00Z,2025-10-21,2025-10-21_50,-7.0,7,0,93,110.69599999999998,112.306,0.004472222222222223,0.0,0.0,True,True,True,False,-177.5025,952.5692670465709,7.1389270976616235,0.0,0.0,0.0,782.2056941442326
2025-10-21T10:30:00Z,2025-10-21T10:45:00Z,2025-10-21,2025-10-21_51,-7.0,7,0,93,112.306,113.9155584,0.004470995555555556,0.00047999999999999996,0.0,True,True,True,False,-175.6475,952.5692670465709,7.1389270976616235,0.0,0.06720377284338769,0.0,784.1278979170759
2025-10-21T10:45:00Z,2025-10-21T11:00:00Z,2025-10-21,2025-10-21_52,-7.0,7,0,93,113.9155584,115.381192,0.004071204444444445,0.15692,0.0,True,True,True,False,-169.75,952.5692670465709,7.1389270976616235,0.0,23.295419996069953,0.0,813.2536141403025
2025-10-21T11:00:00Z,2025-10-21T11:15:00Z,2025-10-21,2025-10-21_53,-7.0,7,0,93,115.381192,116.86456319999999,0.004120475555555556,0.13763999999999998,0.0,True,True,True,False,-174.9825,952.5692670465709,7.1389270976616235,0.0,21.069630442130084,0.0,805.7953245863625
2025-10-21T11:15:00Z,2025-10-21T11:30:00Z,2025-10-21,2025-10-21_54,-7.0,7,0,93,116.86456319999999,118.44247359999999,0.004383084444444445,0.03488,0.0,True,True,True,False,-172.48000000000002,952.5692670465709,7.1389270976616235,0.0,5.114563584201218,0.0,792.3427577284336
2025-10-21T11:30:00Z,2025-10-21T11:45:00Z,2025-10-21,2025-10-21_55,-7.0,7,0,93,118.44247359999999,120.05030239999998,0.004466191111111111,0.00236,0.0,True,True,True,False,-153.965,952.5692670465709,7.1389270976616235,0.0,0.31522115150324226,0.0,806.0584152957357
2025-10-21T11:45:00Z,2025-10-21T12:00:00Z,2025-10-21,2025-10-21_56,-7.0,7,0,93,120.05030239999998,121.65691679999998,0.004462817777777778,0.00368,0.0,True,True,True,False,-153.79,952.5692670465709,7.1389270976616235,0.0,0.4919789035173903,0.0,806.4101730477499
2025-10-21T12:00:00Z,2025-10-21T12:15:00Z,2025-10-21,2025-10-21_57,-27.0,27,0,73,121.65691679999998,127.85414194285713,0.017214514285714286,0.013885714285714286,0.0,True,True,True,False,-602.505,747.715661230104,27.535861662409115,0.0,1.8578561828032452,0.0,174.60437907531642
2025-10-21T12:15:00Z,2025-10-21T12:30:00Z,2025-10-21,2025-10-21_58,-27.0,27,0,73,127.85414194285713,132.4523808,0.012772885714285717,1.7519142857142855,0.0,True,True,True,False,-690.0525,747.715661230104,27.535861662409115,0.0,733.5797676950283,0.0,818.7787905875415
2025-10-21T12:30:00Z,2025-10-21T12:45:00Z,2025-10-21,2025-10-21_59,-26.99999999999999,27,0,73,132.4523808,137.8056137142857,0.014870091428571427,0.9312685714285713,0.0,True,True,True,False,-714.8249999999997,747.715661230104,27.535861662409115,0.0,131.26897536086233,0.0,191.69549825337577
2025-10-21T12:45:00Z,2025-10-21T13:00:00Z,2025-10-21,2025-10-21_60,-26.999999999999943,27,0,73,137.8056137142857,143.99999999999997,0.017206628571428538,0.01697142857142857,0.0,True,True,True,False,-776.2499999999984,747.715661230104,27.535861662409115,0.0,2.242886505909103,0.0,1.2444093984238562
2025-10-21T13:00:00Z,2025-10-21T13:15:00Z,2025-10-21,2025-10-21_61,0.0,0,0,100,143.99999999999997,143.99999999999997,0.0,0.0,0.0,True,True,True,False,0.0,1024.2680290823344,0.0,0.0,0.0,0.0,1024.2680290823344
2025-10-21T13:15:00Z,2025-10-21T13:30:00Z,2025-10-21,2025-10-21_62,0.0,0,0,100,143.99999999999997,143.99999999999997,0.0,0.0,0.0,True,True,True,False,0.0,1024.2680290823344,0.0,0.0,0.0,0.0,1024.2680290823344
2025-10-21T13:30:00Z,2025-10-21T13:45:00Z,2025-10-21,2025-10-21_63,0.0,0,0,100,143.99999999999997,143.99999999999997,0.0,0.0,0.0,True,True,True,False,0.0,1024.2680290823344,0.0,0.0,0.0,0.0,1024.2680290823344
2025-10-21T13:45:00Z,2025-10-21T14:00:00Z,2025-10-21,2025-10-21_64,0.0,0,0,100,143.99999999999997,143.99999999999997,0.0,0.0,0.0,True,True,True,False,0.0,1024.2680290823344,0.0,0.0,0.0,0.0,1024.2680290823344
2025-10-21T14:00:00Z,2025-10-21T14:15:00Z,2025-10-21,2025-10-21_65,0.0,0,0,100,143.99999999999997,143.99999999999997,0.0,0.0,0.0,True,True,True,False,0.0,1024.2680290823344,0.0,0.0,0.0,0.0,1024.2680290823344
2025-10-21T14:15:00Z,2025-10-21T14:30:00Z,2025-10-21,2025-10-21_66,0.0,0,0,100,143.99999999999997,143.99999999999997,0.0,0.0,0.0,True,True,True,False,0.0,1024.2680290823344,0.0,0.0,0.0,0.0,1024.2680290823344
2025-10-21T14:30:00Z,2025-10-21T14:45:00Z,2025-10-21,2025-10-21_67,0.0,0,0,100,143.99999999999997,143.99999999999997,0.0,0.0,0.0,True,True,True,False,0.0,1024.2680290823344,0.0,0.0,0.0,0.0,1024.2680290823344
2025-10-21T14:45:00Z,2025-10-21T15:00:00Z,2025-10-21,2025-10-21_68,0.0,0,0,100,143.99999999999997,143.99999999999997,0.0,0.0,0.0,True,True,True,False,0.0,1024.2680290823344,0.0,0.0,0.0,0.0,1024.2680290823344
2025-10-21T15:00:00Z,2025-10-21T15:15:00Z,2025-10-21,2025-10-21_69,0.0,0,0,100,143.99999999999997,143.99999999999997,0.0,0.0,0.0,True,True,True,False,0.0,1024.2680290823344,0.0,0.0,0.0,0.0,1024.2680290823344
2025-10-21T15:15:00Z,2025-10-21T15:30:00Z,2025-10-21,2025-10-21_70,0.0,0,0,100,143.99999999999997,143.99999999999997,0.0,0.0,0.0,True,True,True,False,0.0,1024.2680290823344,0.0,0.0,0.0,0.0,1024.2680290823344
2025-10-21T15:30:00Z,2025-10-21T15:45:00Z,2025-10-21,2025-10-21_71,0.0,0,0,100,143.99999999999997,143.99999999999997,0.0,0.0,0.0,True,True,True,False,0.0,1024.2680290823344,0.0,0.0,0.0,0.0,1024.2680290823344
2025-10-21T15:45:00Z,2025-10-21T16:00:00Z,2025-10-21,2025-10-21_72,0.0,0,0,100,143.99999999999997,143.99999999999997,0.0,0.0,0.0,True,True,True,False,0.0,1024.2680290823344,0.0,0.0,0.0,0.0,1024.2680290823344
2025-10-21T16:00:00Z,2025-10-21T16:15:00Z,2025-10-21,2025-10-21_73,58.0,0,58,42,143.99999999999997,128.313701863354,0.04357305037957212,0.0,0.06860571428571428,True,True,True,False,3732.735,430.1925722145804,0.0,24.788760070740807,0.0,-4.52029287145945,4183.196039413862
2025-10-21T16:15:00Z,2025-10-21T16:30:00Z,2025-10-21,2025-10-21_74,58.0,0,58,42,128.313701863354,112.62199999999996,0.043588060731538994,0.0,0.06363428571428571,True,True,True,False,4176.29,430.1925722145804,0.0,24.788760070740807,0.0,-4.092551118097857,4627.178781167223
2025-10-21T16:30:00Z,2025-10-21T16:45:00Z,2025-10-21,2025-10-21_75,58.0,0,58,42,112.62199999999996,96.9212919254658,0.04361307798481712,0.0,0.055348571428571434,True,True,True,False,3111.12,430.1925722145804,0.0,24.788760070740807,0.0,-3.566323042977851,3562.535009242343
2025-10-21T16:45:00Z,2025-10-21T17:00:00Z,2025-10-21,2025-10-21_76,58.0,0,58,42,96.9212919254658,81.25264596273288,0.043524016563147,0.0,0.08484571428571429,True,True,True,False,3278.5950000000003,430.1925722145804,0.0,24.788760070740807,0.0,-5.444047147067906,3728.132285138254
2025-10-21T17:00:00Z,2025-10-21T17:15:00Z,2025-10-21,2025-10-21_77,100.0,0,100,0,81.25264596273288,57.24084472049687,0.06669944789510007,0.0,2.9091428571428573,True,True,True,False,5856.25,0.0,0.0,42.739241501277256,0.0,-152.55878988294077,5746.4304516183365
2025-10-21T17:15:00Z,2025-10-21T17:30:00Z,2025-10-21,2025-10-21_78,100.0,0,100,0,57.24084472049687,40.04270807453413,0.04777260179434092,0.0,9.177714285714286,True,True,True,False,5269.0,0.0,0.0,42.739241501277256,0.0,-410.01966078095614,4901.719580720321
2025-10-21T17:30:00Z,2025-10-21T17:45:00Z,2025-10-21,2025-10-21_79,100.0,0,100,0,40.04270807453413,31.454509316770157,0.02385610766045549,0.0,17.098857142857142,True,True,True,False,5231.0,0.0,0.0,42.739241501277256,0.0,-578.1859768127333,4695.553264688544
2025-10-21T17:45:00Z,2025-10-21T18:00:00Z,2025-10-21,2025-10-21_80,100.0,0,100,0,31.454509316770157,10.084944099378848,0.059359903381642515,0.0,5.34,True,True,True,False,5139.75,0.0,0.0,42.739241501277256,0.0,-246.0691727254863,4936.420068775791
2025-10-21T18:00:00Z,2025-10-21T18:15:00Z,2025-10-21,2025-10-21_81,13.909444180244028,72,100,0,10.084944099378848,10.05491839999997,0.01757602177100479,0.0,3.9754285714285715,True,True,True,False,605.5476523869237,0.0,75.48752210650422,42.739241501277256,0.0,-212.5264582994133,511.24795769529186
2025-10-21T18:15:00Z,2025-10-21T18:30:00Z,2025-10-21,2025-10-21_82,28.000000000000014,72,100,0,10.05491839999997,11.78390189316767,0.03074186236024845,0.0,9.658857142857142,True,True,True,False,1249.7100000000007,0.0,75.48752210650422,42.739241501277256,0.0,138.50941593914044,1506.4461795469226
2025-10-21T18:30:00Z,2025-10-21T18:45:00Z,2025-10-21,2025-10-21_83,28.000000000000014,72,100,0,11.78390189316767,9.999999999999964,0.027127808750862667,0.0,6.025142857142858,True,True,True,False,1244.6700000000008,0.0,75.48752210650422,42.739241501277256,0.0,-174.341989838026,1188.5547737697561
2025-10-21T18:45:00Z,2025-10-21T19:00:00Z,2025-10-21,2025-10-21_84,0.9403115985367254,72,100,0,9.999999999999964,15.205967145341582,0.01554406542607169,0.0,5.926285714285714,True,True,True,False,37.00126140242015,0.0,75.48752210650422,42.739241501277256,0.0,-209.40552115206464,-54.17749614186302
2025-10-21T19:00:00Z,2025-10-21T19:15:00Z,2025-10-21,2025-10-21_85,26.000000000000025,74,100,0,15.205967145341582,12.242668720496855,0.024335006100759154,0.0,4.257714285714285,True,True,True,False,1088.230000000001,0.0,75.46865788956572,42.739241501277256,0.0,-203.41734081913364,1003.0205585717102
2025-10-21T19:15:00Z,2025-10-21T19:30:00Z,2025-10-21,2025-10-21_86,26.0,74,100,0,12.242668720496855,9.999999999999961,0.025162359144237402,0.0,5.005714285714285,True,True,True,False,1091.935,0.0,75.46865788956572,42.739241501277256,0.0,-216.15459225781095,993.988307133032
2025-10-21T19:30:00Z,2025-10-21T19:45:00Z,2025-10-21,2025-10-21_87,0.0,74,100,0,9.999999999999961,12.10529043478257,0.00586079641131815,0.0021142857142857144,2.290857142857143,True,True,True,False,0.0,0.0,75.46865788956572,42.739241501277256,0.29663981135783063,-113.80729798164107,4.697241220559735
2025-10-21T19:45:00Z,2025-10-21T20:00:00Z,2025-10-21,2025-10-21_88,0.0,74,100,0,12.10529043478257,28.453427577639715,0.04541149206349207,0.0,17.769714285714286,True,True,True,False,0.0,0.0,75.46865788956572,42.739241501277256,0.0,15230.488807455858,15348.696706846702
2025-10-21T20:00:00Z,2025-10-21T20:15:00Z,2025-10-21,2025-10-21_89,0.0,100,100,0,28.453427577639715,35.76663900621114,0.020314476190476192,0.0,7.949142857142857,True,True,True,False,0.0,0.0,101.98467282373747,42.739241501277256,0.0,2813.662298178143,2958.386212503158
2025-10-21T20:15:00Z,2025-10-21T20:30:00Z,2025-10-21,2025-10-21_90,0.0,100,100,0,35.76663900621114,35.86323627329189,0.00044430917874396135,0.029142857142857137,0.13942857142857143,True,True,True,False,0.0,0.0,101.98467282373747,42.739241501277256,3.9749620189203596,-8.657777278724419,140.04109906521066
2025-10-21T20:30:00Z,2025-10-21T20:45:00Z,2025-10-21,2025-10-21_91,0.0,100,100,0,35.86323627329189,35.80109565217388,0.0005347715665976535,0.11714285714285713,0.07085714285714285,True,True,True,False,0.0,0.0,101.98467282373747,42.739241501277256,17.06202172753558,-4.399854026892737,157.38608202565757
2025-10-21T20:45:00Z,2025-10-21T21:00:00Z,2025-10-21,2025-10-21_92,0.0,100,100,0,35.80109565217388,38.158556521739094,0.006828005521048999,0.04628571428571429,2.617142857142857,True,True,True,False,0.0,0.0,101.98467282373747,42.739241501277256,3.946891727254864,-23.897306796171012,124.77349925609857
2025-10-21T21:00:00Z,2025-10-21T21:15:00Z,2025-10-22,2025-10-21_93,-46.98584669774882,49,0,51,38.158556521739094,48.963484611180135,0.030014175647795717,0.0019600000000000004,0.0,True,True,True,False,-1421.674256457135,522.9727337110481,49.320998583569406,0.0,0.23685878186968842,0.0,-849.1436653806478
2025-10-21T21:15:00Z,2025-10-21T21:30:00Z,2025-10-22,2025-10-21_94,-49.0,49,0,51,48.963484611180135,60.203603011180135,0.031222551111111115,0.03248,0.0,True,True,True,False,-1216.7925,522.9727337110481,49.320998583569406,0.0,4.3628259049417695,0.0,-640.1359418004407
2025-10-21T21:30:00Z,2025-10-21T21:45:00Z,2025-10-22,2025-10-21_95,-49.0,49,0,51,60.203603011180135,71.43084141118014,0.03118677333333333,0.04648,0.0,True,True,True,False,-1103.97,522.9727337110481,49.320998583569406,0.0,6.171986591123702,0.0,-525.5042811142588
2025-10-21T21:45:00Z,2025-10-21T22:00:00Z,2025-10-22,2025-10-21_96,-49.0,49,0,51,71.43084141118014,82.68100621118013,0.03125045777777778,0.02156,0.0,True,True,True,False,-1073.59,522.9727337110481,49.320998583569406,0.0,2.014675794774945,0.0,-499.2815919106074
2025-10-21T22:00:00Z,2025-10-21T22:15:00Z,2025-10-22,2025-10-22_1,0.0,0,0,100,82.68100621118013,82.68100621118013,0.0,0.0,0.0,True,True,True,False,0.0,1025.436732766761,0.0,0.0,0.0,0.0,1025.436732766761
2025-10-21T22:15:00Z,2025-10-21T22:30:00Z,2025-10-22,2025-10-22_2,0.0,0,0,100,82.68100621118013,82.68100621118013,0.0,0.0,0.0,True,True,True,False,0.0,1025.436732766761,0.0,0.0,0.0,0.0,1025.436732766761
2025-10-21T22:30:00Z,2025-10-21T22:45:00Z,2025-10-22,2025-10-22_3,0.0,0,0,100,82.68100621118013,82.68100621118013,0.0,0.0,0.0,True,True,True,False,0.0,1025.436732766761,0.0,0.0,0.0,0.0,1025.436732766761
2025-10-21T22:45:00Z,2025-10-21T23:00:00Z,2025-10-22,2025-10-22_4,0.0,0,0,100,82.68100621118013,82.68100621118013,0.0,0.0,0.0,True,True,True,False,0.0,1025.436732766761,0.0,0.0,0.0,0.0,1025.436732766761
2025-10-21T23:00:00Z,2025-10-21T23:15:00Z,2025-10-22,2025-10-22_5,0.0,0,0,100,82.68100621118013,82.68100621118013,0.0,0.0,0.0,True,True,True,False,0.0,1025.436732766761,0.0,0.0,0.0,0.0,1025.436732766761
2025-10-21T23:15:00Z,2025-10-21T23:30:00Z,2025-10-22,2025-10-22_6,0.0,0,0,100,82.68100621118013,82.68100621118013,0.0,0.0,0.0,True,True,True,False,0.0,1025.436732766761,0.0,0.0,0.0,0.0,1025.436732766761
2025-10-21T23:30:00Z,2025-10-21T23:45:00Z,2025-10-22,2025-10-22_7,0.0,0,0,100,82.68100621118013,82.68100621118013,0.0,0.0,0.0,True,True,True,False,0.0,1025.436732766761,0.0,0.0,0.0,0.0,1025.436732766761
2025-10-21T23:45:00Z,2025-10-22T00:00:00Z,2025-10-22,2025-10-22_8,0.0,0,0,100,82.68100621118013,82.68100621118013,0.0,0.0,0.0,True,True,True,False,0.0,1025.436732766761,0.0,0.0,0.0,0.0,1025.436732766761
2025-10-22T00:00:00Z,2025-10-22T00:15:00Z,2025-10-22,2025-10-22_9,0.0,0,0,100,82.68100621118013,82.68100621118013,0.0,0.0,0.0,True,True,True,False,0.0,1025.436732766761,0.0,0.0,0.0,0.0,1025.436732766761
2025-10-22T00:15:00Z,2025-10-22T00:30:00Z,2025-10-22,2025-10-22_10,0.0,0,0,100,82.68100621118013,82.68100621118013,0.0,0.0,0.0,True,True,True,False,0.0,1025.436732766761,0.0,0.0,0.0,0.0,1025.436732766761
2025-10-22T00:30:00Z,2025-10-22T00:45:00Z,2025-10-22,2025-10-22_11,0.0,0,0,100,82.68100621118013,82.68100621118013,0.0,0.0,0.0,True,True,True,False,0.0,1025.436732766761,0.0,0.0,0.0,0.0,1025.436732766761
2025-10-22T00:45:00Z,2025-10-22T01:00:00Z,2025-10-22,2025-10-22_12,0.0,0,0,100,82.68100621118013,82.68100621118013,0.0,0.0,0.0,True,True,True,False,0.0,1025.436732766761,0.0,0.0,0.0,0.0,1025.436732766761
2025-10-22T01:00:00Z,2025-10-22T01:15:00Z,2025-10-22,2025-10-22_13,0.0,0,0,100,82.68100621118013,82.68100621118013,0.0,0.0,0.0,True,True,True,False,0.0,1025.436732766761,0.0,0.0,0.0,0.0,1025.436732766761
2025-10-22T01:15:00Z,2025-10-22T01:30:00Z,2025-10-22,2025-10-22_14,0.0,0,0,100,82.68100621118013,82.68100621118013,0.0,0.0,0.0,True,True,True,False,0.0,1025.436732766761,0.0,0.0,0.0,0.0,1025.436732766761
2025-10-22T01:30:00Z,2025-10-22T01:45:00Z,2025-10-22,2025-10-22_15,0.0,0,0,100,82.68100621118013,82.68100621118013,0.0,0.0,0.0,True,True,True,False,0.0,1025.436732766761,0.0,0.0,0.0,0.0,1025.436732766761
2025-10-22T01:45:00Z,2025-10-22T02:00:00Z,2025-10-22,2025-10-22_16,0.0,0,0,100,82.68100621118013,82.68100621118013,0.0,0.0,0.0,True,True,True,False,0.0,1025.436732766761,0.0,0.0,0.0,0.0,1025.436732766761
2025-10-22T02:00:00Z,2025-10-22T02:15:00Z,2025-10-22,2025-10-22_17,0.0,0,0,100,82.68100621118013,82.68100621118013,0.0,0.0,0.0,True,True,True,False,0.0,1025.436732766761,0.0,0.0,0.0,0.0,1025.436732766761
2025-10-22T02:15:00Z,2025-10-22T02:30:00Z,2025-10-22,2025-10-22_18,0.0,0,0,100,82.68100621118013,82.68100621118013,0.0,0.0,0.0,True,True,True,False,0.0,1025.436732766761,0.0,0.0,0.0,0.0,1025.436732766761
2025-10-22T02:30:00Z,2025-10-22T02:45:00Z,2025-10-22,2025-10-22_19,0.0,0,0,100,82.68100621118013,82.68100621118013,0.0,0.0,0.0,True,True,True,False,0.0,1025.436732766761,0.0,0.0,0.0,0.0,1025.436732766761
2025-10-22T02:45:00Z,2025-10-22T03:00:00Z,2025-10-22,2025-10-22_20,0.0,0,0,100,82.68100621118013,82.68100621118013,0.0,0.0,0.0,True,True,True,False,0.0,1025.436732766761,0.0,0.0,0.0,0.0,1025.436732766761
2025-10-22T03:00:00Z,2025-10-22T03:15:00Z,2025-10-22,2025-10-22_21,0.0,0,0,100,82.68100621118013,82.68100621118013,0.0,0.0,0.0,True,True,True,False,0.0,1025.436732766761,0.0,0.0,0.0,0.0,1025.436732766761
2025-10-22T03:15:00Z,2025-10-22T03:30:00Z,2025-10-22,2025-10-22_22,0.0,0,0,100,82.68100621118013,82.68100621118013,0.0,0.0,0.0,True,True,True,False,0.0,1025.436732766761,0.0,0.0,0.0,0.0,1025.436732766761
2025-10-22T03:30:00Z,2025-10-22T03:45:00Z,2025-10-22,2025-10-22_23,0.0,0,0,100,82.68100621118013,82.68100621118013,0.0,0.0,0.0,True,True,True,False,0.0,1025.436732766761,0.0,0.0,0.0,0.0,1025.436732766761
2025-10-22T03:45:00Z,2025-10-22T04:00:00Z,2025-10-22,2025-10-22_24,0.0,0,0,100,82.68100621118013,82.68100621118013,0.0,0.0,0.0,True,True,True,False,0.0,1025.436732766761,0.0,0.0,0.0,0.0,1025.436732766761
2025-10-22T04:00:00Z,2025-10-22T04:15:00Z,2025-10-22,2025-10-22_25,0.0,0,0,100,82.68100621118013,82.68100621118013,0.0,0.0,0.0,True,True,True,False,0.0,1025.436732766761,0.0,0.0,0.0,0.0,1025.436732766761
2025-10-22T04:15:00Z,2025-10-22T04:30:00Z,2025-10-22,2025-10-22_26,0.0,0,0,100,82.68100621118013,82.68100621118013,0.0,0.0,0.0,True,True,True,False,0.0,1025.436732766761,0.0,0.0,0.0,0.0,1025.436732766761
2025-10-22T04:30:00Z,2025-10-22T04:45:00Z,2025-10-22,2025-10-22_27,0.0,0,0,100,82.68100621118013,82.68100621118013,0.0,0.0,0.0,True,True,True,False,0.0,1025.436732766761,0.0,0.0,0.0,0.0,1025.436732766761
2025-10-22T04:45:00Z,2025-10-22T05:00:00Z,2025-10-22,2025-10-22_28,0.0,0,0,100,82.68100621118013,82.68100621118013,0.0,0.0,0.0,True,True,True,False,0.0,1025.436732766761,0.0,0.0,0.0,0.0,1025.436732766761
2025-10-22T05:00:00Z,2025-10-22T05:15:00Z,2025-10-22,2025-10-22_29,17.0,0,17,83,82.68100621118013,78.07981366459629,0.012781090407177363,0.0,0.016902857142857143,True,True,True,False,779.4074999999999,851.1124881964116,0.0,7.163597733711048,0.0,-1.2145137798462162,1636.4690721502764
2025-10-22T05:15:00Z,2025-10-22T05:30:00Z,2025-10-22,2025-10-22_30,17.0,0,17,83,78.07981366459629,73.4729192546584,0.012796928916494133,0.0,0.011657142857142857,True,True,True,False,873.7575,851.1124881964116,0.0,7.163597733711048,0.0,-0.7246728719816539,1731.3089130581411
2025-10-22T05:30:00Z,2025-10-22T05:45:00Z,2025-10-22,2025-10-22_31,17.0,0,17,83,73.4729192546584,68.87996273291927,0.012758212560386473,0.0,0.024480000000000002,True,True,True,False,771.0775,851.1124881964116,0.0,7.163597733711048,0.0,-1.5218130311614733,1627.8317728989612
2025-10-22T05:45:00Z,2025-10-22T06:00:00Z,2025-10-22,2025-10-22_32,17.0,0,17,83,68.87996273291927,64.34782608695653,0.01258926846100759,0.0,0.08043428571428571,True,True,True,False,668.355,851.1124881964116,0.0,7.163597733711048,0.0,-5.054818251719952,1521.5762676784027
2025-10-22T06:00:00Z,2025-10-22T06:15:00Z,2025-10-22,2025-10-22_33,0.0,0,0,100,64.34782608695653,64.34782608695653,0.0,0.0,0.0,True,True,True,False,0.0,1025.436732766761,0.0,0.0,0.0,0.0,1025.436732766761
2025-10-22T06:15:00Z,2025-10-22T06:30:00Z,2025-10-22,2025-10-22_34,0.0,0,0,100,64.34782608695653,64.34782608695653,0.0,0.0,0.0,True,True,True,False,0.0,1025.436732766761,0.0,0.0,0.0,0.0,1025.436732766761
2025-10-22T06:30:00Z,2025-10-22T06:45:00Z,2025-10-22,2025-10-22_35,0.0,0,0,100,64.34782608695653,64.34782608695653,0.0,0.0,0.0,True,True,True,False,0.0,1025.436732766761,0.0,0.0,0.0,0.0,1025.436732766761
2025-10-22T06:45:00Z,2025-10-22T07:00:00Z,2025-10-22,2025-10-22_36,0.0,0,0,100,64.34782608695653,64.34782608695653,0.0,0.0,0.0,True,True,True,False,0.0,1025.436732766761,0.0,0.0,0.0,0.0,1025.436732766761
2025-10-22T07:00:00Z,2025-10-22T07:15:00Z,2025-10-22,2025-10-22_37,0.0,0,0,100,64.34782608695653,64.34782608695653,0.0,0.0,0.0,True,True,True,False,0.0,1025.436732766761,0.0,0.0,0.0,0.0,1025.436732766761
2025-10-22T07:15:00Z,2025-10-22T07:30:00Z,2025-10-22,2025-10-22_38,0.0,0,0,100,64.34782608695653,64.34782608695653,0.0,0.0,0.0,True,True,True,False,0.0,1025.436732766761,0.0,0.0,0.0,0.0,1025.436732766761
2025-10-22T07:30:00Z,2025-10-22T07:45:00Z,2025-10-22,2025-10-22_39,0.0,0,0,100,64.34782608695653,64.34782608695653,0.0,0.0,0.0,True,True,True,False,0.0,1025.436732766761,0.0,0.0,0.0,0.0,1025.436732766761
2025-10-22T07:45:00Z,2025-10-22T08:00:00Z,2025-10-22,2025-10-22_40,0.0,0,0,100,64.34782608695653,64.34782608695653,0.0,0.0,0.0,True,True,True,False,0.0,1025.436732766761,0.0,0.0,0.0,0.0,1025.436732766761
2025-10-22T08:00:00Z,2025-10-22T08:15:00Z,2025-10-22,2025-10-22_41,0.0,7,7,93,64.34782608695653,64.59012779130435,0.0006819974879227054,0.00148,0.26512,True,True,True,False,0.0,953.6561614730878,7.045856940509916,3.057129367327668,0.21797303273528484,-8.259234875668872,955.7178859379918
2025-10-22T08:15:00Z,2025-10-22T08:30:00Z,2025-10-22,2025-10-22_42,0.0,7,7,93,64.59012779130435,64.59583944347827,3.4223188405797095e-05,0.0030399999999999997,0.0098,True,True,True,False,0.0,953.6561614730878,7.045856940509916,3.057129367327668,0.43988020144790674,-0.6813826329870948,963.5176453493862
2025-10-22T08:30:00Z,2025-10-22T08:45:00Z,2025-10-22,2025-10-22_43,0.0,7,7,93,64.59583944347827,64.99793968695653,0.0011174282125603866,8e-05,0.43716,True,True,True,False,0.0,953.6561614730878,7.045856940509916,3.057129367327668,0.011016682404784388,-17.330222285174695,946.4399421781554
2025-10-22T08:45:00Z,2025-10-22T09:00:00Z,2025-10-22,2025-10-22_44,0.0,7,7,93,64.99793968695653,65.80054768695653,0.0022294666666666666,0.0,0.8724,True,True,True,False,0.0,953.6561614730878,7.045856940509916,3.057129367327668,0.0,-28.208835694050993,935.5503120868743
2025-10-22T09:00:00Z,2025-10-22T09:15:00Z,2025-10-22,2025-10-22_45,0.0,54,54,46,65.80054768695653,72.79918220124225,0.019440651428571428,0.0,7.607211428571428,True,True,True,False,0.0,471.70089707271006,54.353753541076486,23.82259206798867,0.0,-270.32448496560096,279.55275771617426
2025-10-22T09:15:00Z,2025-10-22T09:30:00Z,2025-10-22,2025-10-22_46,0.0,54,54,46,72.79918220124225,80.1092393440994,0.020305714285714285,0.0,7.945714285714285,True,True,True,False,0.0,471.70089707271006,54.353753541076486,23.82259206798867,0.0,-176.4229309995953,373.45431168217993
2025-10-22T09:30:00Z,2025-10-22T09:45:00Z,2025-10-22,2025-10-22_47,0.0,54,54,46,80.1092393440994,84.77035888695653,0.012947554285714287,0.0,5.066434285714286,True,True,True,False,0.0,471.70089707271006,54.353753541076486,23.82259206798867,0.0,-161.30620963172808,388.57103305004716
2025-10-22T09:45:00Z,2025-10-22T10:00:00Z,2025-10-22,2025-10-22_48,0.0,54,54,46,84.77035888695653,86.95996940124225,0.006082251428571428,0.0,2.3800114285714282,True,True,True,False,0.0,471.70089707271006,54.353753541076486,23.82259206798867,0.0,-99.51549202751922,450.361750654256
2025-10-22T10:00:00Z,2025-10-22T10:15:00Z,2025-10-22,2025-10-22_49,0.0,100,100,0,86.95996940124225,92.56881511552797,0.015580126984126984,0.0,6.096571428571429,True,True,True,False,0.0,0.0,100.65509915014165,44.11591123701606,0.0,-184.0233390665048,-39.252328679347094
2025-10-22T10:15:00Z,2025-10-22T10:30:00Z,2025-10-22,2025-10-22_50,0.0,100,100,0,92.56881511552797,95.72310082981369,0.008761904761904764,0.0,3.428571428571429,True,True,True,False,0.0,0.0,100.65509915014165,44.11591123701606,0.0,-134.70389855658976,10.067111830567946
2025-10-22T10:30:00Z,2025-10-22T10:45:00Z,2025-10-22,2025-10-22_51,0.0,100,100,0,95.72310082981369,105.18595797267083,0.026285714285714284,0.0,10.285714285714285,True,True,True,False,0.0,0.0,100.65509915014165,44.11591123701606,0.0,-123.21125050586805,21.559759881289658
2025-10-22T10:45:00Z,2025-10-22T11:00:00Z,2025-10-22,2025-10-22_52,4.633974363652827e-14,100,100,0,105.18595797267083,123.57649511552798,0.05108482539682539,0.0,19.989714285714285,True,True,True,False,1.0903741677675103e-12,0.0,100.65509915014165,44.11591123701606,0.0,1862.9971700616034,2007.7681804487622
2025-10-22T11:00:00Z,2025-10-22T11:15:00Z,2025-10-22,2025-10-22_53,-6.999999999999995,0,0,93,123.57649511552798,125.18649511552798,0.004472222222222219,0.0,0.0,True,False,True,False,-171.49999999999986,953.6561614730878,0.0,0.0,0.0,0.0,782.1561614730879
2025-10-22T11:15:00Z,2025-10-22T11:30:00Z,2025-10-22,2025-10-22_54,-7.0,0,0,93,125.18649511552798,126.79649511552797,0.004472222222222223,0.0,0.0,True,False,True,False,-166.3025,953.6561614730878,0.0,0.0,0.0,0.0,787.3536614730878
2025-10-22T11:30:00Z,2025-10-22T11:45:00Z,2025-10-22,2025-10-22_55,-6.999999999999995,0,0,93,126.79649511552797,128.40649511552797,0.004472222222222219,0.0,0.0,True,False,True,False,-154.66499999999988,953.6561614730878,0.0,0.0,0.0,0.0,798.9911614730879
2025-10-22T11:45:00Z,2025-10-22T12:00:00Z,2025-10-22,2025-10-22_56,-7.0,0,0,93,128.40649511552797,130.016495115528,0.004472222222222223,0.0,0.0,True,False,True,False,-152.07500000000002,953.6561614730878,0.0,0.0,0.0,0.0,801.5811614730877
2025-10-22T12:00:00Z,2025-10-22T12:15:00Z,2025-10-22,2025-10-22_57,0.0,0,0,100,130.016495115528,130.016495115528,0.0,0.0,0.0,True,True,True,False,0.0,1025.436732766761,0.0,0.0,0.0,0.0,1025.436732766761
2025-10-22T12:15:00Z,2025-10-22T12:30:00Z,2025-10-22,2025-10-22_58,0.0,0,0,100,130.016495115528,130.016495115528,0.0,0.0,0.0,True,True,True,False,0.0,1025.436732766761,0.0,0.0,0.0,0.0,1025.436732766761
2025-10-22T12:30:00Z,2025-10-22T12:45:00Z,2025-10-22,2025-10-22_59,0.0,0,0,100,130.016495115528,130.016495115528,0.0,0.0,0.0,True,True,True,False,0.0,1025.436732766761,0.0,0.0,0.0,0.0,1025.436732766761
2025-10-22T12:45:00Z,2025-10-22T13:00:00Z,2025-10-22,2025-10-22_60,0.0,0,0,100,130.016495115528,130.016495115528,0.0,0.0,0.0,True,True,True,False,0.0,1025.436732766761,0.0,0.0,0.0,0.0,1025.436732766761
2025-10-22T13:00:00Z,2025-10-22T13:15:00Z,2025-10-22,2025-10-22_61,-100.0,100,0,0,130.016495115528,152.98179797267085,0.06379250793650795,0.037714285714285714,0.0,True,True,True,False,-2456.5,0.0,100.65509915014165,0.0,4.763253743423715,0.0,-2351.0816471064345
2025-10-22T13:15:00Z,2025-10-22T13:30:00Z,2025-10-22,2025-10-22_62,-100.0,100,0,0,152.98179797267085,175.21530654409943,0.061759746031746034,0.8331428571428571,0.0,True,True,True,False,-2760.0,0.0,100.65509915014165,0.0,109.87235329825981,0.0,-2549.4725475515984
2025-10-22T13:30:00Z,2025-10-22T13:45:00Z,2025-10-22,2025-10-22_63,-0.06774572748562122,100,0,0,175.21530654409943,161.6813664596274,0.0376376747640942,12.466857142857144,0.0,True,True,True,False,-2.1859852616422826,0.0,100.65509915014165,0.0,5249.76283679572,0.0,5348.23195068422
2025-10-22T13:45:00Z,2025-10-22T14:00:00Z,2025-10-22,2025-10-22_64,0.0,100,0,0,161.6813664596274,144.00000000000009,0.04911490683229813,16.26685714285714,0.0,True,True,True,False,0.0,0.0,100.65509915014165,0.0,10072.679744030756,0.0,10173.334843180897
2025-10-22T14:00:00Z,2025-10-22T14:15:00Z,2025-10-22,2025-10-22_65,0.0,0,0,100,144.00000000000009,144.00000000000009,0.0,0.0,0.0,True,True,True,False,0.0,1025.436732766761,0.0,0.0,0.0,0.0,1025.436732766761
2025-10-22T14:15:00Z,2025-10-22T14:30:00Z,2025-10-22,2025-10-22_66,0.0,0,0,100,144.00000000000009,144.00000000000009,0.0,0.0,0.0,True,True,True,False,0.0,1025.436732766761,0.0,0.0,0.0,0.0,1025.436732766761
2025-10-22T14:30:00Z,2025-10-22T14:45:00Z,2025-10-22,2025-10-22_67,0.0,0,0,100,144.00000000000009,144.00000000000009,0.0,0.0,0.0,True,True,True,False,0.0,1025.436732766761,0.0,0.0,0.0,0.0,1025.436732766761
2025-10-22T14:45:00Z,2025-10-22T15:00:00Z,2025-10-22,2025-10-22_68,0.0,0,0,100,144.00000000000009,144.00000000000009,0.0,0.0,0.0,True,True,True,False,0.0,1025.436732766761,0.0,0.0,0.0,0.0,1025.436732766761
2025-10-22T15:00:00Z,2025-10-22T15:15:00Z,2025-10-22,2025-10-22_69,0.0,0,0,100,144.00000000000009,144.00000000000009,0.0,0.0,0.0,True,True,True,False,0.0,1025.436732766761,0.0,0.0,0.0,0.0,1025.436732766761
2025-10-22T15:15:00Z,2025-10-22T15:30:00Z,2025-10-22,2025-10-22_70,0.0,0,0,100,144.00000000000009,144.00000000000009,0.0,0.0,0.0,True,True,True,False,0.0,1025.436732766761,0.0,0.0,0.0,0.0,1025.436732766761
2025-10-22T15:30:00Z,2025-10-22T15:45:00Z,2025-10-22,2025-10-22_71,0.0,0,0,100,144.00000000000009,144.00000000000009,0.0,0.0,0.0,True,True,True,False,0.0,1025.436732766761,0.0,0.0,0.0,0.0,1025.436732766761
2025-10-22T15:45:00Z,2025-10-22T16:00:00Z,2025-10-22,2025-10-22_72,0.0,0,0,100,144.00000000000009,144.00000000000009,0.0,0.0,0.0,True,True,True,False,0.0,1025.436732766761,0.0,0.0,0.0,0.0,1025.436732766761
2025-10-22T16:00:00Z,2025-10-22T16:15:00Z,2025-10-22,2025-10-22_73,0.0,100,100,0,144.00000000000009,128.4372670807454,0.04322981366459627,14.317714285714287,0.0,True,True,True,False,0.0,0.0,158.61071765816808,41.607648725212464,5086.199562929989,0.0,5286.417929313369
2025-10-22T16:15:00Z,2025-10-22T16:30:00Z,2025-10-22,2025-10-22_74,0.0,100,100,0,128.4372670807454,111.86149068322989,0.04604382332643202,15.249714285714285,0.0,True,True,True,False,0.0,0.0,158.61071765816808,41.607648725212464,5469.742991816179,0.0,5669.961358199559
2025-10-22T16:30:00Z,2025-10-22T16:45:00Z,2025-10-22,2025-10-22_75,0.0,100,100,0,111.86149068322989,88.68509316770195,0.06437888198757763,21.322285714285712,0.0,True,True,True,False,0.0,0.0,158.61071765816808,41.607648725212464,8190.02366855524,0.0,8390.242034938621
2025-10-22T16:45:00Z,2025-10-22T17:00:00Z,2025-10-22,2025-10-22_76,0.0,100,100,0,88.68509316770195,84.30778832298145,0.012167942028985504,4.0285714285714285,0.0017142857142857142,True,True,True,False,0.0,0.0,158.61071765816808,41.607648725212464,1204.002512478079,-0.13489815189531904,1404.0859807095644
2025-10-22T17:00:00Z,2025-10-22T17:15:00Z,2025-10-22,2025-10-22_77,25.000000000000114,0,25,75,84.30778832298145,77.53573863354043,0.018811249137336176,0.0,0.019714285714285715,True,True,True,False,1966.687500000009,769.0775495750709,0.0,10.401912181303116,0.0,-1.551328746796169,2744.615633009587
2025-10-22T17:15:00Z,2025-10-22T17:30:00Z,2025-10-22,2025-10-22_78,25.000000000000114,0,25,75,77.53573863354043,70.74226037267084,0.018870772946859987,0.0,0.0,True,True,True,False,1815.4375000000084,769.0775495750709,0.0,10.401912181303116,0.0,0.0,2594.9169617563825
2025-10-22T17:30:00Z,2025-10-22T17:45:00Z,2025-10-22,2025-10-22_79,23.725948342857073,0,25,75,70.74226037267084,64.29499180124229,0.017909079365079312,0.0,0.0,True,True,True,False,1477.1775438262814,769.0775495750709,0.0,10.401912181303116,0.0,0.0,2256.6570055826555
2025-10-22T17:45:00Z,2025-10-22T18:00:00Z,2025-10-22,2025-10-22_80,0.0,0,25,75,64.29499180124229,64.34782608695657,0.00014676190476190477,0.0,0.05742857142857143,True,True,True,False,0.0,769.0775495750709,0.0,10.401912181303116,0.0,-3.9155864697153655,775.5638752866586
2025-10-22T18:00:00Z,2025-10-22T18:15:00Z,2025-10-22,2025-10-22_81,0.0,0,0,100,64.34782608695657,64.34782608695657,0.0,0.0,0.0,True,True,True,False,0.0,1025.436732766761,0.0,0.0,0.0,0.0,1025.436732766761
2025-10-22T18:15:00Z,2025-10-22T18:30:00Z,2025-10-22,2025-10-22_82,0.0,0,0,100,64.34782608695657,64.34782608695657,0.0,0.0,0.0,True,True,True,False,0.0,1025.436732766761,0.0,0.0,0.0,0.0,1025.436732766761
2025-10-22T18:30:00Z,2025-10-22T18:45:00Z,2025-10-22,2025-10-22_83,0.0,0,0,100,64.34782608695657,64.34782608695657,0.0,0.0,0.0,True,True,True,False,0.0,1025.436732766761,0.0,0.0,0.0,0.0,1025.436732766761
2025-10-22T18:45:00Z,2025-10-22T19:00:00Z,2025-10-22,2025-10-22_84,0.0,0,0,100,64.34782608695657,64.34782608695657,0.0,0.0,0.0,True,True,True,False,0.0,1025.436732766761,0.0,0.0,0.0,0.0,1025.436732766761
2025-10-22T19:00:00Z,2025-10-22T19:15:00Z,2025-10-22,2025-10-22_85,0.0,0,0,100,64.34782608695657,64.34782608695657,0.0,0.0,0.0,True,True,True,False,0.0,1025.436732766761,0.0,0.0,0.0,0.0,1025.436732766761
2025-10-22T19:15:00Z,2025-10-22T19:30:00Z,2025-10-22,2025-10-22_86,0.0,0,0,100,64.34782608695657,64.34782608695657,0.0,0.0,0.0,True,True,True,False,0.0,1025.436732766761,0.0,0.0,0.0,0.0,1025.436732766761
2025-10-22T19:30:00Z,2025-10-22T19:45:00Z,2025-10-22,2025-10-22_87,0.0,0,0,100,64.34782608695657,64.34782608695657,0.0,0.0,0.0,True,True,True,False,0.0,1025.436732766761,0.0,0.0,0.0,0.0,1025.436732766761
2025-10-22T19:45:00Z,2025-10-22T20:00:00Z,2025-10-22,2025-10-22_88,0.0,0,0,100,64.34782608695657,64.34782608695657,0.0,0.0,0.0,True,True,True,False,0.0,1025.436732766761,0.0,0.0,0.0,0.0,1025.436732766761
2025-10-22T20:00:00Z,2025-10-22T20:15:00Z,2025-10-22,2025-10-22_89,0.0,0,0,100,64.34782608695657,64.34782608695657,0.0,0.0,0.0,True,True,True,False,0.0,1025.436732766761,0.0,0.0,0.0,0.0,1025.436732766761
2025-10-22T20:15:00Z,2025-10-22T20:30:00Z,2025-10-22,2025-10-22_90,0.0,0,0,100,64.34782608695657,64.34782608695657,0.0,0.0,0.0,True,True,True,False,0.0,1025.436732766761,0.0,0.0,0.0,0.0,1025.436732766761
2025-10-22T20:30:00Z,2025-10-22T20:45:00Z,2025-10-22,2025-10-22_91,0.0,0,0,100,64.34782608695657,64.34782608695657,0.0,0.0,0.0,True,True,True,False,0.0,1025.436732766761,0.0,0.0,0.0,0.0,1025.436732766761
2025-10-22T20:45:00Z,2025-10-22T21:00:00Z,2025-10-22,2025-10-22_92,0.0,0,0,100,64.34782608695657,64.34782608695657,0.0,0.0,0.0,True,True,True,False,0.0,1025.436732766761,0.0,0.0,0.0,0.0,1025.436732766761
2025-10-22T21:00:00Z,2025-10-22T21:15:00Z,2025-10-23,2025-10-22_93,0.0,0,0,100,64.34782608695657,64.34782608695657,0.0,0.0,0.0,True,True,True,False,0.0,1025.456906218646,0.0,0.0,0.0,0.0,1025.456906218646
2025-10-22T21:15:00Z,2025-10-22T21:30:00Z,2025-10-23,2025-10-22_94,0.0,0,0,100,64.34782608695657,64.34782608695657,0.0,0.0,0.0,True,True,True,False,0.0,1025.456906218646,0.0,0.0,0.0,0.0,1025.456906218646
2025-10-22T21:30:00Z,2025-10-22T21:45:00Z,2025-10-23,2025-10-22_95,0.0,0,0,100,64.34782608695657,64.34782608695657,0.0,0.0,0.0,True,True,True,False,0.0,1025.456906218646,0.0,0.0,0.0,0.0,1025.456906218646
2025-10-22T21:45:00Z,2025-10-22T22:00:00Z,2025-10-23,2025-10-22_96,0.0,0,0,100,64.34782608695657,64.34782608695657,0.0,0.0,0.0,True,True,True,False,0.0,1025.456906218646,0.0,0.0,0.0,0.0,1025.456906218646
2025-10-22T22:00:00Z,2025-10-22T22:15:00Z,2025-10-23,2025-10-23_1,0.0,100,0,0,64.34782608695657,43.97204968944105,0.05659937888198757,18.745714285714286,0.0,True,True,True,False,0.0,0.0,100.12590741870119,0.0,22324.77346501151,0.0,22424.89937243021
2025-10-22T22:15:00Z,2025-10-22T22:30:00Z,2025-10-23,2025-10-23_2,-22.980914875985114,100,0,0,43.97204968944105,38.420648944099426,0.03264594249665053,10.33485714285714,0.0,True,True,True,False,-640.9377158912248,0.0,100.12590741870119,0.0,6207.162247784674,0.0,5666.35043931215
2025-10-22T22:30:00Z,2025-10-22T22:45:00Z,2025-10-23,2025-10-23_3,-100.0,100,0,0,38.420648944099426,52.67118608695657,0.039584825396825396,9.510285714285715,0.0,True,True,True,False,-2600.75,0.0,100.12590741870119,0.0,5204.211098401707,0.0,2703.587005820408
2025-10-22T22:45:00Z,2025-10-22T23:00:00Z,2025-10-23,2025-10-23_4,-100.0,100,0,0,52.67118608695657,64.34782608695656,0.03243511111111111,12.308000000000002,0.0,True,True,True,False,-2517.25,0.0,100.12590741870119,0.0,9662.020925026069,0.0,7244.89683244477
2025-10-22T23:00:00Z,2025-10-22T23:15:00Z,2025-10-23,2025-10-23_5,0.0,0,0,100,64.34782608695656,64.34782608695656,0.0,0.0,0.0,True,True,True,False,0.0,1025.456906218646,0.0,0.0,0.0,0.0,1025.456906218646
2025-10-22T23:15:00Z,2025-10-22T23:30:00Z,2025-10-23,2025-10-23_6,0.0,0,0,100,64.34782608695656,64.34782608695656,0.0,0.0,0.0,True,True,True,False,0.0,1025.456906218646,0.0,0.0,0.0,0.0,1025.456906218646
2025-10-22T23:30:00Z,2025-10-22T23:45:00Z,2025-10-23,2025-10-23_7,0.0,0,0,100,64.34782608695656,64.34782608695656,0.0,0.0,0.0,True,True,True,False,0.0,1025.456906218646,0.0,0.0,0.0,0.0,1025.456906218646
2025-10-22T23:45:00Z,2025-10-23T00:00:00Z,2025-10-23,2025-10-23_8,0.0,0,0,100,64.34782608695656,64.34782608695656,0.0,0.0,0.0,True,True,True,False,0.0,1025.456906218646,0.0,0.0,0.0,0.0,1025.456906218646
2025-10-23T00:00:00Z,2025-10-23T00:15:00Z,2025-10-23,2025-10-23_9,0.0,0,0,100,64.34782608695656,64.34782608695656,0.0,0.0,0.0,True,True,True,False,0.0,1025.456906218646,0.0,0.0,0.0,0.0,1025.456906218646
2025-10-23T00:15:00Z,2025-10-23T00:30:00Z,2025-10-23,2025-10-23_10,0.0,0,0,100,64.34782608695656,64.34782608695656,0.0,0.0,0.0,True,True,True,False,0.0,1025.456906218646,0.0,0.0,0.0,0.0,1025.456906218646
2025-10-23T00:30:00Z,2025-10-23T00:45:00Z,2025-10-23,2025-10-23_11,0.0,0,0,100,64.34782608695656,64.34782608695656,0.0,0.0,0.0,True,True,True,False,0.0,1025.456906218646,0.0,0.0,0.0,0.0,1025.456906218646
2025-10-23T00:45:00Z,2025-10-23T01:00:00Z,2025-10-23,2025-10-23_12,0.0,0,0,100,64.34782608695656,64.34782608695656,0.0,0.0,0.0,True,True,True,False,0.0,1025.456906218646,0.0,0.0,0.0,0.0,1025.456906218646
2025-10-23T01:00:00Z,2025-10-23T01:15:00Z,2025-10-23,2025-10-23_13,-1.544658121217609e-14,100,0,0,64.34782608695656,59.04658385093172,0.014725672877846796,4.877142857142857,0.0,True,True,True,False,-3.9199561471199873e-13,0.0,100.12590741870119,0.0,776.764948836059,0.0,876.8908562547598
2025-10-23T01:15:00Z,2025-10-23T01:30:00Z,2025-10-23,2025-10-23_14,-100.0,100,0,0,59.04658385093172,78.06902956521743,0.05284012698412699,4.323428571428571,0.0,True,True,True,False,-2373.0,0.0,100.12590741870119,0.0,709.3592004878911,0.0,-1563.5148920934078
2025-10-23T01:30:00Z,2025-10-23T01:45:00Z,2025-10-23,2025-10-23_15,-100.0,100,0,0,78.06902956521743,94.01026385093172,0.04428120634920634,7.672571428571429,0.0,True,True,True,False,-2246.75,0.0,100.12590741870119,0.0,2830.7201420955153,0.0,684.0960495142165
2025-10-23T01:45:00Z,2025-10-23T02:00:00Z,2025-10-23,2025-10-23_16,-100.0,100,0,0,94.01026385093172,107.65307527950316,0.03789669841269842,10.170857142857143,0.0,True,True,True,False,-2212.5,0.0,100.12590741870119,0.0,8638.48348291397,0.0,6526.109390332672
2025-10-23T02:00:00Z,2025-10-23T02:15:00Z,2025-10-23,2025-10-23_17,-100.0,100,0,0,107.65307527950316,121.36317813664601,0.038083619047619054,10.097714285714284,0.0,True,True,True,False,-2286.75,0.0,100.12590741870119,0.0,4370.076833653254,0.0,2183.4527410719547
2025-10-23T02:15:00Z,2025-10-23T02:30:00Z,2025-10-23,2025-10-23_18,-100.00000000000001,100,0,0,121.36317813664601,144.14342956521745,0.0632784761904762,0.23885714285714282,0.0,True,True,True,False,-2263.7500000000005,0.0,100.12590741870119,0.0,37.09637369771539,0.0,-2126.527718883584
2025-10-23T02:30:00Z,2025-10-23T02:45:00Z,2025-10-23,2025-10-23_19,-100.0,100,0,0,144.14342956521745,166.59563527950317,0.0623672380952381,0.5954285714285715,0.0,True,True,True,False,-2258.75,0.0,100.12590741870119,0.0,93.4581902494822,0.0,-2065.1659023318166
2025-10-23T02:45:00Z,2025-10-23T03:00:00Z,2025-10-23,2025-10-23_20,-98.31316981722912,100,0,0,166.59563527950317,188.99409828571424,0.06224152650876517,0.23142857142857146,0.0,True,True,True,False,-2383.60280221872,0.0,100.12590741870119,0.0,36.256490274495036,0.0,-2247.220404525524
2025-10-23T03:00:00Z,2025-10-23T03:15:00Z,2025-10-23,2025-10-23_21,0.0,100,30,0,188.99409828571424,189.99684571428568,0.002785409523809524,0.0,1.089942857142857,True,True,True,False,0.0,0.0,100.18492652121738,12.68615608585312,0.0,-68.43111163322719,44.43997097384331
2025-10-23T03:15:00Z,2025-10-23T03:30:00Z,2025-10-23,2025-10-23_22,-70.0,100,30,0,189.99684571428568,189.9921311801242,0.030063508626639063,16.602285714285713,0.0010285714285714286,True,True,True,False,-1833.125,0.0,100.18492652121738,12.68615608585312,18112.05147837231,-0.08094048345076262,16391.71662049593
2025-10-23T03:30:00Z,2025-10-23T03:45:00Z,2025-10-23,2025-10-23_23,-70.0,100,30,0,189.9921311801242,186.58451398757762,0.026964003312629395,20.10914285714286,0.0,True,True,True,False,-2118.025,0.0,100.18492652121738,12.68615608585312,20615.002664740583,0.0,18609.848747347653
2025-10-23T03:45:00Z,2025-10-23T04:00:00Z,2025-10-23,2025-10-23_24,0.0,100,30,0,186.58451398757762,163.3838928695652,0.06444616977225673,21.34457142857143,0.0,True,True,True,False,0.0,0.0,100.18492652121738,12.68615608585312,22511.012722382573,0.0,22623.883804989644
2025-10-23T04:00:00Z,2025-10-23T04:15:00Z,2025-10-23,2025-10-23_25,0.0,100,100,0,163.3838928695652,148.71370653416147,0.04075051759834368,13.496571428571427,0.0,True,True,True,False,0.0,0.0,102.45716196809033,41.99209144026283,11097.452371303225,0.0,11241.901624711578
2025-10-23T04:15:00Z,2025-10-23T04:30:00Z,2025-10-23,2025-10-23_26,0.0,100,100,0,148.71370653416147,125.8143276521739,0.06360938578329882,21.06742857142857,0.0,True,True,True,False,0.0,0.0,102.45716196809033,41.99209144026283,26217.22556347786,0.0,26361.674816886214
2025-10-23T04:30:00Z,2025-10-23T04:45:00Z,2025-10-23,2025-10-23_27,0.0,100,100,0,125.8143276521739,110.92302330434781,0.04136473429951691,13.700000000000001,0.0,True,True,True,False,0.0,0.0,102.45716196809033,41.99209144026283,7830.949755070726,0.0,7975.3990084790785
2025-10-23T04:45:00Z,2025-10-23T05:00:00Z,2025-10-23,2025-10-23_28,0.0,100,100,0,110.92302330434781,99.5422779627329,0.03161318150448585,10.470285714285714,0.0,True,True,True,False,0.0,0.0,102.45716196809033,41.99209144026283,3999.564278154219,0.0,4144.013531562572
2025-10-23T05:00:00Z,2025-10-23T05:15:00Z,2025-10-23,2025-10-23_29,0.0,0,0,100,99.5422779627329,99.5422779627329,0.0,0.0,0.0,True,True,True,False,0.0,1025.456906218646,0.0,0.0,0.0,0.0,1025.456906218646
2025-10-23T05:15:00Z,2025-10-23T05:30:00Z,2025-10-23,2025-10-23_30,0.0,0,0,100,99.5422779627329,99.5422779627329,0.0,0.0,0.0,True,True,True,False,0.0,1025.456906218646,0.0,0.0,0.0,0.0,1025.456906218646
2025-10-23T05:30:00Z,2025-10-23T05:45:00Z,2025-10-23,2025-10-23_31,0.0,0,0,100,99.5422779627329,99.5422779627329,0.0,0.0,0.0,True,True,True,False,0.0,1025.456906218646,0.0,0.0,0.0,0.0,1025.456906218646
2025-10-23T05:45:00Z,2025-10-23T06:00:00Z,2025-10-23,2025-10-23_32,0.0,0,0,100,99.5422779627329,99.5422779627329,0.0,0.0,0.0,True,True,True,False,0.0,1025.456906218646,0.0,0.0,0.0,0.0,1025.456906218646
2025-10-23T06:00:00Z,2025-10-23T06:15:00Z,2025-10-23,2025-10-23_33,0.0,100,0,0,99.5422779627329,85.43482454658383,0.03918737060041408,12.978857142857144,0.0,True,True,True,False,0.0,0.0,103.13588164702642,0.0,9082.516444914101,0.0,9185.652326561127
2025-10-23T06:15:00Z,2025-10-23T06:30:00Z,2025-10-23,2025-10-23_34,0.0,100,0,0,85.43482454658383,61.3646382111801,0.06686162870945479,22.144571428571428,0.0,True,True,True,False,0.0,0.0,103.13588164702642,0.0,22908.507082573342,0.0,23011.64296422037
2025-10-23T06:30:00Z,2025-10-23T06:45:00Z,2025-10-23,2025-10-23_35,-53.596307442537146,100,0,0,61.3646382111801,55.28240894409945,0.03482149779920437,18.456,0.0,True,True,True,False,-1683.3260260014854,0.0,103.13588164702642,0.0,10458.19183096929,0.0,8878.00168661483
2025-10-23T06:45:00Z,2025-10-23T07:00:00Z,2025-10-23,2025-10-23_36,-99.99999999999999,100,0,0,55.28240894409945,64.34782608695659,0.02518171428571429,15.146285714285716,0.0,True,True,True,False,-2879.4999999999995,0.0,103.13588164702642,0.0,7676.199936034535,0.0,4899.835817681562
2025-10-23T07:00:00Z,2025-10-23T07:15:00Z,2025-10-23,2025-10-23_37,0.0,0,0,100,64.34782608695659,64.34782608695659,0.0,0.0,0.0,True,False,True,False,0.0,1025.456906218646,0.0,0.0,0.0,0.0,1025.456906218646
2025-10-23T07:15:00Z,2025-10-23T07:30:00Z,2025-10-23,2025-10-23_38,0.0,0,0,100,64.34782608695659,64.34782608695659,0.0,0.0,0.0,True,False,True,False,0.0,1025.456906218646,0.0,0.0,0.0,0.0,1025.456906218646
2025-10-23T07:30:00Z,2025-10-23T07:45:00Z,2025-10-23,2025-10-23_39,0.0,0,0,100,64.34782608695659,64.34782608695659,0.0,0.0,0.0,True,False,True,False,0.0,1025.456906218646,0.0,0.0,0.0,0.0,1025.456906218646
2025-10-23T07:45:00Z,2025-10-23T08:00:00Z,2025-10-23,2025-10-23_40,0.0,0,0,100,64.34782608695659,64.34782608695659,0.0,0.0,0.0,True,False,True,False,0.0,1025.456906218646,0.0,0.0,0.0,0.0,1025.456906218646
2025-10-23T08:00:00Z,2025-10-23T08:15:00Z,2025-10-23,2025-10-23_41,-1.544658121217609e-14,100,0,0,64.34782608695659,59.07950310559013,0.014634230503795727,4.846857142857142,0.0,True,True,True,False,-4.67374931027418e-13,0.0,100.12590741870119,0.0,1766.312369560757,0.0,1866.4382769794577
2025-10-23T08:15:00Z,2025-10-23T08:30:00Z,2025-10-23,2025-10-23_42,0.0,100,0,0,59.07950310559013,53.92795031055907,0.014309868875086265,4.739428571428571,0.0,True,True,True,False,0.0,0.0,100.12590741870119,0.0,1025.4866194701208,0.0,1125.612526888822
2025-10-23T08:30:00Z,2025-10-23T08:45:00Z,2025-10-23,2025-10-23_43,-100.0,100,0,0,53.92795031055907,73.9702817391305,0.05567314285714286,3.214857142857143,0.0,True,True,True,False,-1968.0,0.0,100.12590741870119,0.0,800.9517006775955,0.0,-1066.9223919037033
2025-10-23T08:45:00Z,2025-10-23T09:00:00Z,2025-10-23,2025-10-23_44,-100.0,100,0,0,73.9702817391305,92.1568417391305,0.050518222222222235,5.232,0.0,True,True,True,False,-1796.75,0.0,100.12590741870119,0.0,1736.260058625642,0.0,39.63596604434312
2025-10-23T09:00:00Z,2025-10-23T09:15:00Z,2025-10-23,2025-10-23_45,0.0,87,0,13,92.1568417391305,92.12550012422366,8.70600414078675e-05,0.028834285714285715,0.0,True,True,True,False,0.0,133.309397808424,87.10953945427003,0.0,3.988214361877032,0.0,224.40715162457107
2025-10-23T09:15:00Z,2025-10-23T09:30:00Z,2025-10-23,2025-10-23_46,-85.77464045368626,87,0,13,92.12550012422366,111.85366742857151,0.05480046473429956,0.0,0.0,True,True,True,False,-1626.9304928052943,133.309397808424,87.10953945427003,0.0,0.0,0.0,-1406.5115555426003
2025-10-23T09:30:00Z,2025-10-23T09:45:00Z,2025-10-23,2025-10-23_47,-87.0,87,0,13,111.85366742857151,125.4764754285715,0.03784113333333334,6.9426,0.0,True,True,True,False,-1600.5825,133.309397808424,87.10953945427003,0.0,1538.9432276366783,0.0,158.7796648993724
2025-10-23T09:45:00Z,2025-10-23T10:00:00Z,2025-10-23,2025-10-23_48,-87.0,87,0,13,125.4764754285715,140.48603360000007,0.04169321714285714,5.435262857142857,0.0,True,True,True,False,-1566.6525,133.309397808424,87.10953945427003,0.0,2377.515559448818,0.0,1031.281996711512
2025-10-23T10:00:00Z,2025-10-23T10:15:00Z,2025-10-23,2025-10-23_49,0.0,7,7,93,140.48603360000007,140.45434288695657,0.00011849198067632849,0.0342,0.005959999999999999,True,True,True,False,0.0,953.6749227833408,7.008813519309084,2.9828254411677917,5.370532352304696,-0.40982841179595125,968.6272656843264
2025-10-23T10:15:00Z,2025-10-23T10:30:00Z,2025-10-23,2025-10-23_50,0.0,7,7,93,140.45434288695657,140.89218928695658,0.0012162400000000002,0.0,0.47592,True,True,True,False,0.0,953.6749227833408,7.008813519309084,2.9828254411677917,0.0,-23.008214813794734,940.658346930023
2025-10-23T10:30:00Z,2025-10-23T10:45:00Z,2025-10-23,2025-10-23_51,0.0,7,7,93,140.89218928695658,141.6679700869566,0.0021549466666666668,0.0,0.84324,True,True,True,False,0.0,953.6749227833408,7.008813519309084,2.9828254411677917,0.0,-18.286650846924122,945.3799108968935
2025-10-23T10:45:00Z,2025-10-23T11:00:00Z,2025-10-23,2025-10-23_52,0.0,7,7,93,141.6679700869566,143.0059812869566,0.003716697777777778,0.0,1.45436,True,True,True,False,0.0,953.6749227833408,7.008813519309084,2.9828254411677917,0.0,34.53285990832366,998.1994216521413
2025-10-23T11:00:00Z,2025-10-23T11:15:00Z,2025-10-23,2025-10-23_53,0.0,7,7,93,143.0059812869566,143.3980116869566,0.0010889733333333334,0.0,0.42612,True,True,True,False,0.0,953.6749227833408,7.008813519309084,2.9952194526961895,0.0,1.3486688359465682,965.0276245912926
2025-10-23T11:15:00Z,2025-10-23T11:30:00Z,2025-10-23,2025-10-23_54,0.0,7,7,93,143.3980116869566,143.4150203826088,5.497584541062801e-05,0.00128,0.02,True,True,True,False,0.0,953.6749227833408,7.008813519309084,2.9952194526961895,0.1890185123251559,-1.3400877417324073,962.5278865259388
2025-10-23T11:30:00Z,2025-10-23T11:45:00Z,2025-10-23,2025-10-23_55,2.889610916185878e-14,7,7,93,143.4150203826088,143.5299904000001,0.00032177661835750687,0.00039999999999999996,0.12544000000000002,True,True,True,False,4.995414871356337e-13,953.6749227833408,7.008813519309084,2.9952194526961895,0.05860990340540221,-4.876541386161989,958.8610242725899
2025-10-23T11:45:00Z,2025-10-23T12:00:00Z,2025-10-23,2025-10-23_56,0.0,7,7,93,143.5299904000001,144.00000000000009,0.0013055822222222224,0.0,0.51088,True,True,True,False,0.0,953.6749227833408,7.008813519309084,2.9952194526961895,0.0,-15.411025712655663,948.2679300426904
2025-10-23T12:00:00Z,2025-10-23T12:15:00Z,2025-10-23,2025-10-23_57,0.0,0,0,100,144.00000000000009,144.00000000000009,0.0,0.0,0.0,True,True,True,False,0.0,1025.456906218646,0.0,0.0,0.0,0.0,1025.456906218646
2025-10-23T12:15:00Z,2025-10-23T12:30:00Z,2025-10-23,2025-10-23_58,0.0,0,0,100,144.00000000000009,144.00000000000009,0.0,0.0,0.0,True,True,True,False,0.0,1025.456906218646,0.0,0.0,0.0,0.0,1025.456906218646
2025-10-23T12:30:00Z,2025-10-23T12:45:00Z,2025-10-23,2025-10-23_59,0.0,0,0,100,144.00000000000009,144.00000000000009,0.0,0.0,0.0,True,True,True,False,0.0,1025.456906218646,0.0,0.0,0.0,0.0,1025.456906218646
2025-10-23T12:45:00Z,2025-10-23T13:00:00Z,2025-10-23,2025-10-23_60,0.0,0,0,100,144.00000000000009,144.00000000000009,0.0,0.0,0.0,True,True,True,False,0.0,1025.456906218646,0.0,0.0,0.0,0.0,1025.456906218646
2025-10-23T13:00:00Z,2025-10-23T13:15:00Z,2025-10-23,2025-10-23_61,0.0,0,0,100,144.00000000000009,144.00000000000009,0.0,0.0,0.0,True,True,True,False,0.0,1025.456906218646,0.0,0.0,0.0,0.0,1025.456906218646
2025-10-23T13:15:00Z,2025-10-23T13:30:00Z,2025-10-23,2025-10-23_62,0.0,0,0,100,144.00000000000009,144.00000000000009,0.0,0.0,0.0,True,True,True,False,0.0,1025.456906218646,0.0,0.0,0.0,0.0,1025.456906218646
2025-10-23T13:30:00Z,2025-10-23T13:45:00Z,2025-10-23,2025-10-23_63,0.0,0,0,100,144.00000000000009,144.00000000000009,0.0,0.0,0.0,True,True,True,False,0.0,1025.456906218646,0.0,0.0,0.0,0.0,1025.456906218646
2025-10-23T13:45:00Z,2025-10-23T14:00:00Z,2025-10-23,2025-10-23_64,0.0,0,0,100,144.00000000000009,144.00000000000009,0.0,0.0,0.0,True,True,True,False,0.0,1025.456906218646,0.0,0.0,0.0,0.0,1025.456906218646
2025-10-23T14:00:00Z,2025-10-23T14:15:00Z,2025-10-23,2025-10-23_65,0.0,0,0,100,144.00000000000009,144.00000000000009,0.0,0.0,0.0,True,True,True,False,0.0,1025.456906218646,0.0,0.0,0.0,0.0,1025.456906218646
2025-10-23T14:15:00Z,2025-10-23T14:30:00Z,2025-10-23,2025-10-23_66,0.0,0,0,100,144.00000000000009,144.00000000000009,0.0,0.0,0.0,True,True,True,False,0.0,1025.456906218646,0.0,0.0,0.0,0.0,1025.456906218646
2025-10-23T14:30:00Z,2025-10-23T14:45:00Z,2025-10-23,2025-10-23_67,0.0,0,0,100,144.00000000000009,144.00000000000009,0.0,0.0,0.0,True,True,True,False,0.0,1025.456906218646,0.0,0.0,0.0,0.0,1025.456906218646
2025-10-23T14:45:00Z,2025-10-23T15:00:00Z,2025-10-23,2025-10-23_68,0.0,0,0,100,144.00000000000009,144.00000000000009,0.0,0.0,0.0,True,True,True,False,0.0,1025.456906218646,0.0,0.0,0.0,0.0,1025.456906218646
2025-10-23T15:00:00Z,2025-10-23T15:15:00Z,2025-10-23,2025-10-23_69,0.0,0,0,100,144.00000000000009,144.00000000000009,0.0,0.0,0.0,True,True,True,False,0.0,1025.456906218646,0.0,0.0,0.0,0.0,1025.456906218646
2025-10-23T15:15:00Z,2025-10-23T15:30:00Z,2025-10-23,2025-10-23_70,0.0,0,0,100,144.00000000000009,144.00000000000009,0.0,0.0,0.0,True,True,True,False,0.0,1025.456906218646,0.0,0.0,0.0,0.0,1025.456906218646
2025-10-23T15:30:00Z,2025-10-23T15:45:00Z,2025-10-23,2025-10-23_71,0.0,0,0,100,144.00000000000009,144.00000000000009,0.0,0.0,0.0,True,True,True,False,0.0,1025.456906218646,0.0,0.0,0.0,0.0,1025.456906218646
2025-10-23T15:45:00Z,2025-10-23T16:00:00Z,2025-10-23,2025-10-23_72,0.0,0,0,100,144.00000000000009,144.00000000000009,0.0,0.0,0.0,True,True,True,False,0.0,1025.456906218646,0.0,0.0,0.0,0.0,1025.456906218646
2025-10-23T16:00:00Z,2025-10-23T16:15:00Z,2025-10-23,2025-10-23_73,0.0,0,0,100,144.00000000000009,144.00000000000009,0.0,0.0,0.0,True,True,True,False,0.0,1025.456906218646,0.0,0.0,0.0,0.0,1025.456906218646
2025-10-23T16:15:00Z,2025-10-23T16:30:00Z,2025-10-23,2025-10-23_74,0.0,0,0,100,144.00000000000009,144.00000000000009,0.0,0.0,0.0,True,True,True,False,0.0,1025.456906218646,0.0,0.0,0.0,0.0,1025.456906218646
2025-10-23T16:30:00Z,2025-10-23T16:45:00Z,2025-10-23,2025-10-23_75,0.0,0,0,100,144.00000000000009,144.00000000000009,0.0,0.0,0.0,True,True,True,False,0.0,1025.456906218646,0.0,0.0,0.0,0.0,1025.456906218646
2025-10-23T16:45:00Z,2025-10-23T17:00:00Z,2025-10-23,2025-10-23_76,0.0,0,0,100,144.00000000000009,144.00000000000009,0.0,0.0,0.0,True,True,True,False,0.0,1025.456906218646,0.0,0.0,0.0,0.0,1025.456906218646
2025-10-23T17:00:00Z,2025-10-23T17:15:00Z,2025-10-23,2025-10-23_77,0.0,0,0,100,144.00000000000009,144.00000000000009,0.0,0.0,0.0,True,True,True,False,0.0,1025.456906218646,0.0,0.0,0.0,0.0,1025.456906218646
2025-10-23T17:15:00Z,2025-10-23T17:30:00Z,2025-10-23,2025-10-23_78,0.0,0,0,100,144.00000000000009,144.00000000000009,0.0,0.0,0.0,True,True,True,False,0.0,1025.456906218646,0.0,0.0,0.0,0.0,1025.456906218646
2025-10-23T17:30:00Z,2025-10-23T17:45:00Z,2025-10-23,2025-10-23_79,0.0,0,0,100,144.00000000000009,144.00000000000009,0.0,0.0,0.0,True,True,True,False,0.0,1025.456906218646,0.0,0.0,0.0,0.0,1025.456906218646
2025-10-23T17:45:00Z,2025-10-23T18:00:00Z,2025-10-23,2025-10-23_80,0.0,0,0,100,144.00000000000009,144.00000000000009,0.0,0.0,0.0,True,True,True,False,0.0,1025.456906218646,0.0,0.0,0.0,0.0,1025.456906218646
2025-10-23T18:00:00Z,2025-10-23T18:15:00Z,2025-10-23,2025-10-23_81,0.0,0,0,100,144.00000000000009,144.00000000000009,0.0,0.0,0.0,True,True,True,False,0.0,1025.456906218646,0.0,0.0,0.0,0.0,1025.456906218646
2025-10-23T18:15:00Z,2025-10-23T18:30:00Z,2025-10-23,2025-10-23_82,0.0,0,0,100,144.00000000000009,144.00000000000009,0.0,0.0,0.0,True,True,True,False,0.0,1025.456906218646,0.0,0.0,0.0,0.0,1025.456906218646
2025-10-23T18:30:00Z,2025-10-23T18:45:00Z,2025-10-23,2025-10-23_83,0.0,0,0,100,144.00000000000009,144.00000000000009,0.0,0.0,0.0,True,True,True,False,0.0,1025.456906218646,0.0,0.0,0.0,0.0,1025.456906218646
2025-10-23T18:45:00Z,2025-10-23T19:00:00Z,2025-10-23,2025-10-23_84,0.0,0,0,100,144.00000000000009,144.00000000000009,0.0,0.0,0.0,True,True,True,False,0.0,1025.456906218646,0.0,0.0,0.0,0.0,1025.456906218646
2025-10-23T19:00:00Z,2025-10-23T19:15:00Z,2025-10-23,2025-10-23_85,0.0,100,100,0,144.00000000000009,139.81055900621126,0.011637336093857833,3.854285714285714,0.0,True,True,True,False,0.0,0.0,101.24727036650863,41.87405323523047,842.7101397628556,0.0,985.8314633645947
2025-10-23T19:15:00Z,2025-10-23T19:30:00Z,2025-10-23,2025-10-23_86,0.0,100,100,0,139.81055900621126,131.78819875776406,0.02228433402346446,7.38057142857143,0.0,True,True,True,False,0.0,0.0,101.24727036650863,41.87405323523047,4609.036251331444,0.0,4752.157574933183
2025-10-23T19:30:00Z,2025-10-23T19:45:00Z,2025-10-23,2025-10-23_87,0.0,100,100,0,131.78819875776406,119.98509316770196,0.03278640441683919,10.858857142857142,0.0,True,True,True,False,0.0,0.0,101.24727036650863,41.87405323523047,6890.803743160106,0.0,7033.925066761845
2025-10-23T19:45:00Z,2025-10-23T20:00:00Z,2025-10-23,2025-10-23_88,0.0,100,100,0,119.98509316770196,117.53831652173923,0.017716855762594894,4.059428571428572,2.1365714285714286,True,True,True,False,0.0,0.0,101.24727036650863,41.87405323523047,676.5607804011613,-79.9048543492863,739.7772496536141
2025-10-23T20:00:00Z,2025-10-23T20:15:00Z,2025-10-23,2025-10-23_89,0.0,0,0,100,117.53831652173923,117.53831652173923,0.0,0.0,0.0,True,True,True,False,0.0,1025.456906218646,0.0,0.0,0.0,0.0,1025.456906218646
2025-10-23T20:15:00Z,2025-10-23T20:30:00Z,2025-10-23,2025-10-23_90,0.0,0,0,100,117.53831652173923,117.53831652173923,0.0,0.0,0.0,True,True,True,False,0.0,1025.456906218646,0.0,0.0,0.0,0.0,1025.456906218646
2025-10-23T20:30:00Z,2025-10-23T20:45:00Z,2025-10-23,2025-10-23_91,0.0,0,0,100,117.53831652173923,117.53831652173923,0.0,0.0,0.0,True,True,True,False,0.0,1025.456906218646,0.0,0.0,0.0,0.0,1025.456906218646
2025-10-23T20:45:00Z,2025-10-23T21:00:00Z,2025-10-23,2025-10-23_92,0.0,0,0,100,117.53831652173923,117.53831652173923,0.0,0.0,0.0,True,True,True,False,0.0,1025.456906218646,0.0,0.0,0.0,0.0,1025.456906218646
2025-10-23T21:00:00Z,2025-10-23T21:15:00Z,2025-10-24,2025-10-23_93,0.0,0,0,100,117.53831652173923,117.53831652173923,0.0,0.0,0.0,True,True,True,False,0.0,1025.6183224130807,0.0,0.0,0.0,0.0,1025.6183224130807
2025-10-23T21:15:00Z,2025-10-23T21:30:00Z,2025-10-24,2025-10-23_94,0.0,0,0,100,117.53831652173923,117.53831652173923,0.0,0.0,0.0,True,True,True,False,0.0,1025.6183224130807,0.0,0.0,0.0,0.0,1025.6183224130807
2025-10-23T21:30:00Z,2025-10-23T21:45:00Z,2025-10-24,2025-10-23_95,0.0,0,0,100,117.53831652173923,117.53831652173923,0.0,0.0,0.0,True,True,True,False,0.0,1025.6183224130807,0.0,0.0,0.0,0.0,1025.6183224130807
2025-10-23T21:45:00Z,2025-10-23T22:00:00Z,2025-10-24,2025-10-23_96,0.0,0,0,100,117.53831652173923,117.53831652173923,0.0,0.0,0.0,True,True,True,False,0.0,1025.6183224130807,0.0,0.0,0.0,0.0,1025.6183224130807
2025-10-23T22:00:00Z,2025-10-23T22:15:00Z,2025-10-24,2025-10-24_1,0.0,0,0,100,117.53831652173923,117.53831652173923,0.0,0.0,0.0,True,True,True,False,0.0,1025.6183224130807,0.0,0.0,0.0,0.0,1025.6183224130807
2025-10-23T22:15:00Z,2025-10-23T22:30:00Z,2025-10-24,2025-10-24_2,0.0,0,0,100,117.53831652173923,117.53831652173923,0.0,0.0,0.0,True,True,True,False,0.0,1025.6183224130807,0.0,0.0,0.0,0.0,1025.6183224130807
2025-10-23T22:30:00Z,2025-10-23T22:45:00Z,2025-10-24,2025-10-24_3,0.0,0,0,100,117.53831652173923,117.53831652173923,0.0,0.0,0.0,True,True,True,False,0.0,1025.6183224130807,0.0,0.0,0.0,0.0,1025.6183224130807
2025-10-23T22:45:00Z,2025-10-23T23:00:00Z,2025-10-24,2025-10-24_4,0.0,0,0,100,117.53831652173923,117.53831652173923,0.0,0.0,0.0,True,True,True,False,0.0,1025.6183224130807,0.0,0.0,0.0,0.0,1025.6183224130807
2025-10-23T23:00:00Z,2025-10-23T23:15:00Z,2025-10-24,2025-10-24_5,0.0,100,0,0,117.53831652173923,104.67434136645973,0.03573326432022083,11.83485714285714,0.0,True,True,True,False,0.0,0.0,96.92462074257719,0.0,1978.6470917273111,0.0,2075.5717124698886
2025-10-23T23:15:00Z,2025-10-23T23:30:00Z,2025-10-24,2025-10-24_6,-72.65765499916682,100,0,0,104.67434136645973,112.80621714285688,0.03725792891901052,8.884571428571428,0.0,True,True,True,False,-1050.992979562948,0.0,96.92462074257719,0.0,1383.9306873996868,0.0,429.862328579316
2025-10-23T23:30:00Z,2025-10-23T23:45:00Z,2025-10-24,2025-10-24_7,-100.0,100,0,0,112.80621714285688,124.84717714285688,0.03344711111111111,11.912,0.0,True,True,True,False,-1172.25,0.0,96.92462074257719,0.0,2033.7074489896306,0.0,958.3820697322078
2025-10-23T23:45:00Z,2025-10-24T00:00:00Z,2025-10-24,2025-10-24_8,-100.0,100,0,0,124.84717714285688,143.99999999999974,0.053202285714285716,4.1817142857142855,0.0,True,True,True,False,-883.5000000000001,0.0,96.92462074257719,0.0,605.145227048496,0.0,-181.43015220892687
2025-10-24T00:00:00Z,2025-10-24T00:15:00Z,2025-10-24,2025-10-24_9,0.0,0,0,100,143.99999999999974,143.99999999999974,0.0,0.0,0.0,True,True,True,False,0.0,1025.6183224130807,0.0,0.0,0.0,0.0,1025.6183224130807
2025-10-24T00:15:00Z,2025-10-24T00:30:00Z,2025-10-24,2025-10-24_10,0.0,0,0,100,143.99999999999974,143.99999999999974,0.0,0.0,0.0,True,True,True,False,0.0,1025.6183224130807,0.0,0.0,0.0,0.0,1025.6183224130807
2025-10-24T00:30:00Z,2025-10-24T00:45:00Z,2025-10-24,2025-10-24_11,0.0,0,0,100,143.99999999999974,143.99999999999974,0.0,0.0,0.0,True,True,True,False,0.0,1025.6183224130807,0.0,0.0,0.0,0.0,1025.6183224130807
2025-10-24T00:45:00Z,2025-10-24T01:00:00Z,2025-10-24,2025-10-24_12,0.0,0,0,100,143.99999999999974,143.99999999999974,0.0,0.0,0.0,True,True,True,False,0.0,1025.6183224130807,0.0,0.0,0.0,0.0,1025.6183224130807
2025-10-24T01:00:00Z,2025-10-24T01:15:00Z,2025-10-24,2025-10-24_13,0.0,0,0,100,143.99999999999974,143.99999999999974,0.0,0.0,0.0,True,True,True,False,0.0,1025.6183224130807,0.0,0.0,0.0,0.0,1025.6183224130807
2025-10-24T01:15:00Z,2025-10-24T01:30:00Z,2025-10-24,2025-10-24_14,0.0,0,0,100,143.99999999999974,143.99999999999974,0.0,0.0,0.0,True,True,True,False,0.0,1025.6183224130807,0.0,0.0,0.0,0.0,1025.6183224130807
2025-10-24T01:30:00Z,2025-10-24T01:45:00Z,2025-10-24,2025-10-24_15,0.0,0,0,100,143.99999999999974,143.99999999999974,0.0,0.0,0.0,True,True,True,False,0.0,1025.6183224130807,0.0,0.0,0.0,0.0,1025.6183224130807
2025-10-24T01:45:00Z,2025-10-24T02:00:00Z,2025-10-24,2025-10-24_16,0.0,0,0,100,143.99999999999974,143.99999999999974,0.0,0.0,0.0,True,True,True,False,0.0,1025.6183224130807,0.0,0.0,0.0,0.0,1025.6183224130807
2025-10-24T02:00:00Z,2025-10-24T02:15:00Z,2025-10-24,2025-10-24_17,0.0,0,0,100,143.99999999999974,143.99999999999974,0.0,0.0,0.0,True,True,True,False,0.0,1025.6183224130807,0.0,0.0,0.0,0.0,1025.6183224130807
2025-10-24T02:15:00Z,2025-10-24T02:30:00Z,2025-10-24,2025-10-24_18,0.0,0,0,100,143.99999999999974,143.99999999999974,0.0,0.0,0.0,True,True,True,False,0.0,1025.6183224130807,0.0,0.0,0.0,0.0,1025.6183224130807
2025-10-24T02:30:00Z,2025-10-24T02:45:00Z,2025-10-24,2025-10-24_19,0.0,0,0,100,143.99999999999974,143.99999999999974,0.0,0.0,0.0,True,True,True,False,0.0,1025.6183224130807,0.0,0.0,0.0,0.0,1025.6183224130807
2025-10-24T02:45:00Z,2025-10-24T03:00:00Z,2025-10-24,2025-10-24_20,0.0,0,0,100,143.99999999999974,143.99999999999974,0.0,0.0,0.0,True,True,True,False,0.0,1025.6183224130807,0.0,0.0,0.0,0.0,1025.6183224130807
2025-10-24T03:00:00Z,2025-10-24T03:15:00Z,2025-10-24,2025-10-24_21,0.0,0,0,100,143.99999999999974,143.99999999999974,0.0,0.0,0.0,True,True,True,False,0.0,1025.6183224130807,0.0,0.0,0.0,0.0,1025.6183224130807
2025-10-24T03:15:00Z,2025-10-24T03:30:00Z,2025-10-24,2025-10-24_22,0.0,0,0,100,143.99999999999974,143.99999999999974,0.0,0.0,0.0,True,True,True,False,0.0,1025.6183224130807,0.0,0.0,0.0,0.0,1025.6183224130807
2025-10-24T03:30:00Z,2025-10-24T03:45:00Z,2025-10-24,2025-10-24_23,0.0,0,0,100,143.99999999999974,143.99999999999974,0.0,0.0,0.0,True,True,True,False,0.0,1025.6183224130807,0.0,0.0,0.0,0.0,1025.6183224130807
2025-10-24T03:45:00Z,2025-10-24T04:00:00Z,2025-10-24,2025-10-24_24,0.0,0,0,100,143.99999999999974,143.99999999999974,0.0,0.0,0.0,True,True,True,False,0.0,1025.6183224130807,0.0,0.0,0.0,0.0,1025.6183224130807
2025-10-24T04:00:00Z,2025-10-24T04:15:00Z,2025-10-24,2025-10-24_25,0.0,0,0,100,143.99999999999974,143.99999999999974,0.0,0.0,0.0,True,True,True,False,0.0,1025.6183224130807,0.0,0.0,0.0,0.0,1025.6183224130807
2025-10-24T04:15:00Z,2025-10-24T04:30:00Z,2025-10-24,2025-10-24_26,0.0,0,0,100,143.99999999999974,143.99999999999974,0.0,0.0,0.0,True,True,True,False,0.0,1025.6183224130807,0.0,0.0,0.0,0.0,1025.6183224130807
2025-10-24T04:30:00Z,2025-10-24T04:45:00Z,2025-10-24,2025-10-24_27,0.0,0,0,100,143.99999999999974,143.99999999999974,0.0,0.0,0.0,True,True,True,False,0.0,1025.6183224130807,0.0,0.0,0.0,0.0,1025.6183224130807
2025-10-24T04:45:00Z,2025-10-24T05:00:00Z,2025-10-24,2025-10-24_28,0.0,0,0,100,143.99999999999974,143.99999999999974,0.0,0.0,0.0,True,True,True,False,0.0,1025.6183224130807,0.0,0.0,0.0,0.0,1025.6183224130807
2025-10-24T05:00:00Z,2025-10-24T05:15:00Z,2025-10-24,2025-10-24_29,58.53443241565547,0,59,41,143.99999999999974,128.98807999999974,0.041732996542218084,0.0,0.82364,True,True,True,False,1894.6132412137285,420.50351218936305,0.0,23.87373826810696,0.0,-54.50353388032977,2284.486957790869
2025-10-24T05:15:00Z,2025-10-24T05:30:00Z,2025-10-24,2025-10-24_30,59.0,0,59,41,128.98807999999974,113.22042161490657,0.04379905106970325,0.0,0.24375428571428573,True,True,True,False,2080.9300000000003,420.50351218936305,0.0,23.87373826810696,0.0,-12.711452907991603,2512.595797549479
2025-10-24T05:30:00Z,2025-10-24T05:45:00Z,2025-10-24,2025-10-24_31,59.0,0,59,41,113.22042161490657,102.47509242235999,0.029848136645962732,0.0,4.864297142857143,True,True,True,False,2154.975,420.50351218936305,0.0,23.87373826810696,0.0,-187.0854067084363,2412.266843749034
2025-10-24T05:45:00Z,2025-10-24T06:00:00Z,2025-10-24,2025-10-24_32,59.0,0,59,41,102.47509242235999,91.75798062111775,0.029769755003450655,0.0,4.890257142857143,True,True,True,False,2178.4275,420.50351218936305,0.0,23.87373826810696,0.0,-189.1066853702345,2433.698065087235
2025-10-24T06:00:00Z,2025-10-24T06:15:00Z,2025-10-24,2025-10-24_33,0.0,100,100,0,91.75798062111775,91.745962732919,0.008672621118012423,1.4417142857142857,1.6902857142857144,True,True,True,False,0.0,0.0,107.25458945752908,40.46396316628298,226.5034329226644,-81.89752401190688,292.32446153456954
2025-10-24T06:15:00Z,2025-10-24T06:30:00Z,2025-10-24,2025-10-24_34,0.0,100,100,0,91.745962732919,88.10745341614881,0.010106970324361628,3.3474285714285714,0.0,True,True,True,False,0.0,0.0,107.25458945752908,40.46396316628298,526.8430907266395,0.0,674.5616433504515
2025-10-24T06:30:00Z,2025-10-24T06:45:00Z,2025-10-24,2025-10-24_35,0.0,100,100,0,88.10745341614881,78.25714285714261,0.027361973775017253,9.062285714285714,0.0,True,True,True,False,0.0,0.0,107.25458945752908,40.46396316628298,4522.359271083677,0.0,4670.077823707489
2025-10-24T06:45:00Z,2025-10-24T07:00:00Z,2025-10-24,2025-10-24_36,0.0,100,100,0,78.25714285714261,64.34782608695627,0.03863699102829537,12.796571428571427,0.0,True,True,True,False,0.0,0.0,107.25458945752908,40.46396316628298,9426.847904969909,0.0,9574.56645759372
2025-10-24T07:00:00Z,2025-10-24T07:15:00Z,2025-10-24,2025-10-24_37,0.0,0,0,100,64.34782608695627,64.34782608695627,0.0,0.0,0.0,True,False,True,False,0.0,1025.6183224130807,0.0,0.0,0.0,0.0,1025.6183224130807
2025-10-24T07:15:00Z,2025-10-24T07:30:00Z,2025-10-24,2025-10-24_38,0.0,0,0,100,64.34782608695627,64.34782608695627,0.0,0.0,0.0,True,False,True,False,0.0,1025.6183224130807,0.0,0.0,0.0,0.0,1025.6183224130807
2025-10-24T07:30:00Z,2025-10-24T07:45:00Z,2025-10-24,2025-10-24_39,0.0,0,0,100,64.34782608695627,64.34782608695627,0.0,0.0,0.0,True,False,True,False,0.0,1025.6183224130807,0.0,0.0,0.0,0.0,1025.6183224130807
2025-10-24T07:45:00Z,2025-10-24T08:00:00Z,2025-10-24,2025-10-24_40,0.0,0,0,100,64.34782608695627,64.34782608695627,0.0,0.0,0.0,True,False,True,False,0.0,1025.6183224130807,0.0,0.0,0.0,0.0,1025.6183224130807
2025-10-24T08:00:00Z,2025-10-24T08:15:00Z,2025-10-24,2025-10-24_41,7.0,0,7,93,64.34782608695627,62.458652173912796,0.005247705314009662,0.0,0.011959999999999998,True,True,True,False,243.74,953.8250398441651,0.0,2.861401334041674,0.0,-0.8315921688999073,1199.594849009307
2025-10-24T08:15:00Z,2025-10-24T08:30:00Z,2025-10-24,2025-10-24_42,7.0,0,7,93,62.458652173912796,60.66499999999975,0.004982367149758454,0.0,0.09984,True,True,True,False,211.8025,953.8250398441651,0.0,2.861401334041674,0.0,-6.224662440233752,1162.264278737973
2025-10-24T08:30:00Z,2025-10-24T08:45:00Z,2025-10-24,2025-10-24_43,0.0,0,7,93,60.66499999999975,60.77878559999975,0.00031607111111111116,0.0,0.12368000000000001,True,True,True,False,0.0,953.8250398441651,0.0,2.861401334041674,0.0,-7.675689384727387,949.0107517934794
2025-10-24T08:45:00Z,2025-10-24T09:00:00Z,2025-10-24,2025-10-24_44,0.0,0,7,93,60.77878559999975,61.31337919999975,0.0014849822222222225,0.0,0.58108,True,True,True,False,0.0,953.8250398441651,0.0,2.861401334041674,0.0,81.1189875213978,1037.8054286996046
2025-10-24T09:00:00Z,2025-10-24T09:15:00Z,2025-10-24,2025-10-24_45,17.0,83,100,0,61.31337919999975,68.13401790807428,0.032227102001380264,0.0,12.062857142857144,True,True,True,False,450.92499999999995,0.0,80.61891269700725,41.231332270822264,0.0,1902.6099476896009,2475.3851926574303
2025-10-24T09:15:00Z,2025-10-24T09:30:00Z,2025-10-24,2025-10-24_46,0.0,83,100,0,68.13401790807428,69.57348995776373,0.005347498274672189,0.2233885714285714,1.8285714285714287,True,True,True,False,0.0,0.0,80.61891269700725,41.231332270822264,33.513560221609445,-84.04527758804367,71.31852760139529
2025-10-24T09:30:00Z,2025-10-24T09:45:00Z,2025-10-24,2025-10-24_47,16.676732277206423,83,100,0,69.57348995776373,73.71696900372648,0.027468801913173482,0.0,9.152571428571427,True,True,True,False,424.92313842321965,0.0,80.61891269700725,41.231332270822264,0.0,-383.1643178425965,163.60906554845263
2025-10-24T09:45:00Z,2025-10-24T10:00:00Z,2025-10-24,2025-10-24_48,17.0,83,100,0,73.71696900372648,88.27749366459604,0.04534880038647343,0.0,20.224000000000004,True,True,True,False,405.0675,0.0,80.61891269700725,41.231332270822264,0.0,1009.1148464277987,1536.0325913956283
2025-10-24T10:00:00Z,2025-10-24T10:15:00Z,2025-10-24,2025-10-24_49,0.0,100,100,0,88.27749366459604,89.76363428571405,0.00492872049689441,0.13257142857142856,1.772,True,True,True,False,0.0,0.0,97.1312201168762,41.231332270822264,17.972515256028622,-93.44325049682229,62.89181714690479
2025-10-24T10:15:00Z,2025-10-24T10:30:00Z,2025-10-24,2025-10-24_50,0.0,100,100,0,89.76363428571405,93.63762285714262,0.010761079365079366,0.0,4.210857142857143,True,True,True,False,0.0,0.0,97.1312201168762,41.231332270822264,0.0,-157.42141493868073,-19.05886255098227
2025-10-24T10:30:00Z,2025-10-24T10:45:00Z,2025-10-24,2025-10-24_51,0.0,100,100,0,93.63762285714262,109.42271999999976,0.04384749206349207,0.0,17.157714285714285,True,True,True,False,0.0,0.0,97.1312201168762,41.231332270822264,0.0,1071.36882637501,1209.7313787627086
2025-10-24T10:45:00Z,2025-10-24T11:00:00Z,2025-10-24,2025-10-24_52,0.0,100,100,0,109.42271999999976,131.21567999999976,0.06053600000000001,0.0,23.688000000000002,True,True,True,False,0.0,0.0,97.1312201168762,41.231332270822264,0.0,8873.172530547194,9011.535082934892
2025-10-24T11:00:00Z,2025-10-24T11:15:00Z,2025-10-24,2025-10-24_53,-7.0,7,0,93,131.21567999999976,132.75524479999976,0.004276568888888888,0.07656,0.0,True,True,True,False,-139.5975,953.8250398441651,6.7991854081813345,0.0,9.581154925919368,0.0,830.6078801782658
2025-10-24T11:15:00Z,2025-10-24T11:30:00Z,2025-10-24,2025-10-24_54,-7.0,7,0,93,132.75524479999976,134.34688159999976,0.004421213333333333,0.019960000000000002,0.0,True,True,True,False,-133.07000000000002,953.8250398441651,6.7991854081813345,0.0,2.3249945890640067,0.0,829.8792198414104
2025-10-24T11:30:00Z,2025-10-24T11:45:00Z,2025-10-24,2025-10-24_55,-7.0,7,0,93,134.34688159999976,135.95515199999977,0.0044674177777777775,0.00188,0.0,True,True,True,False,-100.905,953.8250398441651,6.7991854081813345,0.0,0.21898746630462584,0.0,859.938212718651
2025-10-24T11:45:00Z,2025-10-24T12:00:00Z,2025-10-24,2025-10-24_56,-7.0,7,0,93,135.95515199999977,137.55999999999977,0.004457911111111112,0.0056,0.0,True,True,True,False,-97.16000000000001,953.8250398441651,6.7991854081813345,0.0,0.652303091120162,0.0,864.1165283434666
2025-10-24T12:00:00Z,2025-10-24T12:15:00Z,2025-10-24,2025-10-24_57,-7.0,0,0,93,137.55999999999977,139.1699999999998,0.004472222222222223,0.0,0.0,True,False,True,False,-110.705,953.8250398441651,0.0,0.0,0.0,0.0,843.120039844165
2025-10-24T12:15:00Z,2025-10-24T12:30:00Z,2025-10-24,2025-10-24_58,-7.0,0,0,93,139.1699999999998,140.7799999999998,0.004472222222222223,0.0,0.0,True,False,True,False,-117.215,953.8250398441651,0.0,0.0,0.0,0.0,836.610039844165
2025-10-24T12:30:00Z,2025-10-24T12:45:00Z,2025-10-24,2025-10-24_59,-7.0,0,0,93,140.7799999999998,142.38999999999982,0.004472222222222223,0.0,0.0,True,False,True,False,-124.37249999999999,953.8250398441651,0.0,0.0,0.0,0.0,829.4525398441651
2025-10-24T12:45:00Z,2025-10-24T13:00:00Z,2025-10-24,2025-10-24_60,-7.0,0,0,93,142.38999999999982,143.99999999999983,0.004472222222222223,0.0,0.0,True,False,True,False,-151.48000000000002,953.8250398441651,0.0,0.0,0.0,0.0,802.3450398441651
2025-10-24T13:00:00Z,2025-10-24T13:15:00Z,2025-10-24,2025-10-24_61,0.0,0,0,100,143.99999999999983,143.99999999999983,0.0,0.0,0.0,True,False,True,False,0.0,1025.6183224130807,0.0,0.0,0.0,0.0,1025.6183224130807
2025-10-24T13:15:00Z,2025-10-24T13:30:00Z,2025-10-24,2025-10-24_62,0.0,0,0,100,143.99999999999983,143.99999999999983,0.0,0.0,0.0,True,False,True,False,0.0,1025.6183224130807,0.0,0.0,0.0,0.0,1025.6183224130807
2025-10-24T13:30:00Z,2025-10-24T13:45:00Z,2025-10-24,2025-10-24_63,0.0,0,0,100,143.99999999999983,143.99999999999983,0.0,0.0,0.0,True,False,True,False,0.0,1025.6183224130807,0.0,0.0,0.0,0.0,1025.6183224130807
2025-10-24T13:45:00Z,2025-10-24T14:00:00Z,2025-10-24,2025-10-24_64,0.0,0,0,100,143.99999999999983,143.99999999999983,0.0,0.0,0.0,True,False,True,False,0.0,1025.6183224130807,0.0,0.0,0.0,0.0,1025.6183224130807
2025-10-24T14:00:00Z,2025-10-24T14:15:00Z,2025-10-24,2025-10-24_65,0.0,0,0,100,143.99999999999983,143.99999999999983,0.0,0.0,0.0,True,True,True,False,0.0,1025.6183224130807,0.0,0.0,0.0,0.0,1025.6183224130807
2025-10-24T14:15:00Z,2025-10-24T14:30:00Z,2025-10-24,2025-10-24_66,0.0,0,0,100,143.99999999999983,143.99999999999983,0.0,0.0,0.0,True,True,True,False,0.0,1025.6183224130807,0.0,0.0,0.0,0.0,1025.6183224130807
2025-10-24T14:30:00Z,2025-10-24T14:45:00Z,2025-10-24,2025-10-24_67,0.0,0,0,100,143.99999999999983,143.99999999999983,0.0,0.0,0.0,True,True,True,False,0.0,1025.6183224130807,0.0,0.0,0.0,0.0,1025.6183224130807
2025-10-24T14:45:00Z,2025-10-24T15:00:00Z,2025-10-24,2025-10-24_68,0.0,0,0,100,143.99999999999983,143.99999999999983,0.0,0.0,0.0,True,True,True,False,0.0,1025.6183224130807,0.0,0.0,0.0,0.0,1025.6183224130807
2025-10-24T15:00:00Z,2025-10-24T15:15:00Z,2025-10-24,2025-10-24_69,0.0,0,0,100,143.99999999999983,143.99999999999983,0.0,0.0,0.0,True,True,True,False,0.0,1025.6183224130807,0.0,0.0,0.0,0.0,1025.6183224130807
2025-10-24T15:15:00Z,2025-10-24T15:30:00Z,2025-10-24,2025-10-24_70,0.0,0,0,100,143.99999999999983,143.99999999999983,0.0,0.0,0.0,True,True,True,False,0.0,1025.6183224130807,0.0,0.0,0.0,0.0,1025.6183224130807
2025-10-24T15:30:00Z,2025-10-24T15:45:00Z,2025-10-24,2025-10-24_71,0.0,0,0,100,143.99999999999983,143.99999999999983,0.0,0.0,0.0,True,True,True,False,0.0,1025.6183224130807,0.0,0.0,0.0,0.0,1025.6183224130807
2025-10-24T15:45:00Z,2025-10-24T16:00:00Z,2025-10-24,2025-10-24_72,0.0,0,0,100,143.99999999999983,143.99999999999983,0.0,0.0,0.0,True,True,True,False,0.0,1025.6183224130807,0.0,0.0,0.0,0.0,1025.6183224130807
2025-10-24T16:00:00Z,2025-10-24T16:15:00Z,2025-10-24,2025-10-24_73,0.0,0,0,100,143.99999999999983,143.99999999999983,0.0,0.0,0.0,True,False,True,False,0.0,1025.6183224130807,0.0,0.0,0.0,0.0,1025.6183224130807
2025-10-24T16:15:00Z,2025-10-24T16:30:00Z,2025-10-24,2025-10-24_74,0.0,0,0,100,143.99999999999983,143.99999999999983,0.0,0.0,0.0,True,False,True,False,0.0,1025.6183224130807,0.0,0.0,0.0,0.0,1025.6183224130807
2025-10-24T16:30:00Z,2025-10-24T16:45:00Z,2025-10-24,2025-10-24_75,0.0,0,0,100,143.99999999999983,143.99999999999983,0.0,0.0,0.0,True,False,True,False,0.0,1025.6183224130807,0.0,0.0,0.0,0.0,1025.6183224130807
2025-10-24T16:45:00Z,2025-10-24T17:00:00Z,2025-10-24,2025-10-24_76,0.0,0,0,100,143.99999999999983,143.99999999999983,0.0,0.0,0.0,True,False,True,False,0.0,1025.6183224130807,0.0,0.0,0.0,0.0,1025.6183224130807
2025-10-24T17:00:00Z,2025-10-24T17:15:00Z,2025-10-24,2025-10-24_77,99.0,0,99,1,143.99999999999983,123.6502732919253,0.056527018633540364,0.0,6.028251428571429,True,True,True,False,3617.7074999999995,10.256183224130806,0.0,39.9716663715247,0.0,-237.51355701383793,3430.421792581817
2025-10-24T17:15:00Z,2025-10-24T17:30:00Z,2025-10-24,2025-10-24_78,99.0,0,99,1,123.6502732919253,99.4622981366458,0.0671888198757764,0.0,2.497062857142857,True,True,True,False,3877.0875,10.256183224130806,0.0,39.9716663715247,0.0,-145.39889527182572,3781.91645432383
2025-10-24T17:30:00Z,2025-10-24T17:45:00Z,2025-10-24,2025-10-24_79,99.0,0,99,1,99.4622981366458,81.1798881987576,0.050784472049689444,0.0,7.930182857142857,True,True,True,False,3717.6975,10.256183224130806,0.0,39.9716663715247,0.0,-322.08497825899974,3445.840371336656
2025-10-24T17:45:00Z,2025-10-24T18:00:00Z,2025-10-24,2025-10-24_80,98.63371946424473,0,99,1,81.1798881987576,64.34782608695632,0.04692928785275357,0.0,9.178148571428572,True,True,True,False,3152.5802583759223,10.256183224130806,0.0,39.9716663715247,0.0,-256.4456662804523,2946.3624416911257
2025-10-24T18:00:00Z,2025-10-24T18:15:00Z,2025-10-24,2025-10-24_81,0.0,0,0,100,64.34782608695632,64.34782608695632,0.0,0.0,0.0,True,False,True,False,0.0,1025.6183224130807,0.0,0.0,0.0,0.0,1025.6183224130807
2025-10-24T18:15:00Z,2025-10-24T18:30:00Z,2025-10-24,2025-10-24_82,0.0,0,0,100,64.34782608695632,64.34782608695632,0.0,0.0,0.0,True,False,True,False,0.0,1025.6183224130807,0.0,0.0,0.0,0.0,1025.6183224130807
2025-10-24T18:30:00Z,2025-10-24T18:45:00Z,2025-10-24,2025-10-24_83,0.0,0,0,100,64.34782608695632,64.34782608695632,0.0,0.0,0.0,True,False,True,False,0.0,1025.6183224130807,0.0,0.0,0.0,0.0,1025.6183224130807
2025-10-24T18:45:00Z,2025-10-24T19:00:00Z,2025-10-24,2025-10-24_84,0.0,0,0,100,64.34782608695632,64.34782608695632,0.0,0.0,0.0,True,False,True,False,0.0,1025.6183224130807,0.0,0.0,0.0,0.0,1025.6183224130807
2025-10-24T19:00:00Z,2025-10-24T19:15:00Z,2025-10-24,2025-10-24_85,100.0,0,100,0,64.34782608695632,49.57142857142837,0.041045548654244306,0.0,11.405714285714286,True,True,True,False,3197.0,0.0,0.0,40.493477362611415,0.0,115.29818726617026,3352.7916646287817
2025-10-24T19:15:00Z,2025-10-24T19:30:00Z,2025-10-24,2025-10-24_86,100.0,0,100,0,49.57142857142837,42.43291925465819,0.01982919254658385,0.0,18.43257142857143,True,True,True,False,2662.25,0.0,0.0,40.493477362611415,0.0,995.0135841758932,3697.757061538505
2025-10-24T19:30:00Z,2025-10-24T19:45:00Z,2025-10-24,2025-10-24_87,66.48580512443978,0,100,0,42.43291925465819,36.97734559006192,0.03610714802279099,0.0,12.232,True,True,True,False,1695.3880306732144,0.0,0.0,40.493477362611415,0.0,117.57863487003915,1853.460142905865
2025-10-24T19:45:00Z,2025-10-24T20:00:00Z,2025-10-24,2025-10-24_88,0.0,0,100,0,36.97734559006192,49.99455701863335,0.036158920634920634,0.0,14.149142857142857,True,True,True,False,0.0,0.0,0.0,40.493477362611415,0.0,3200.2987501159487,3240.79222747856
2025-10-24T20:00:00Z,2025-10-24T20:15:00Z,2025-10-24,2025-10-24_89,100.0,0,100,0,49.99455701863335,36.7430042236023,0.03680986887508627,0.0,12.808571428571428,True,True,True,False,3026.0,0.0,0.0,40.493477362611415,0.0,1702.0936392690596,4768.587116631671
2025-10-24T20:15:00Z,2025-10-24T20:30:00Z,2025-10-24,2025-10-24_90,100.0,0,100,0,36.7430042236023,12.016917267080558,0.06868357487922705,0.0,2.252,True,True,True,False,2878.25,0.0,0.0,40.493477362611415,0.0,-108.2974362001456,2810.446041162466
2025-10-24T20:30:00Z,2025-10-24T20:45:00Z,2025-10-24,2025-10-24_91,0.0,0,100,0,12.016917267080558,12.4968944099377,0.0013332698412698415,0.0,0.5217142857142858,True,True,True,False,0.0,0.0,0.0,40.493477362611415,0.0,-28.418610584071896,12.07486677853952
2025-10-24T20:45:00Z,2025-10-24T21:00:00Z,2025-10-24,2025-10-24_92,100.0,0,100,0,12.4968944099377,9.999999999999812,0.006935817805383028,0.0,22.70285714285714,True,True,True,False,2387.25,0.0,0.0,40.493477362611415,0.0,4699.47758073538,7127.221058097991
2025-10-24T21:00:00Z,2025-10-24T21:15:00Z,2025-10-25,2025-10-24_93,-44.41295317310339,100,55,0,9.999999999999812,25.625998658385022,0.04340555182884781,0.0,5.881542857142857,True,True,True,False,-1088.4504498898314,0.0,95.21982885807023,21.616996164060197,0.0,149.6319575433124,-821.9816673243886
2025-10-24T21:15:00Z,2025-10-24T21:30:00Z,2025-10-25,2025-10-24_94,-44.999999999999986,100,55,0,25.625998658385022,38.371836372670735,0.03540510476190475,0.0,2.6041714285714286,True,True,True,False,-1004.7374999999997,0.0,95.21982885807023,21.616996164060197,0.0,-98.69007997302197,-986.5907549508913
2025-10-24T21:30:00Z,2025-10-24T21:45:00Z,2025-10-25,2025-10-24_95,-45.000000000000014,100,55,0,38.371836372670735,52.42344322981359,0.03903224126984128,0.0,4.023485714285714,True,True,True,False,-967.6125000000004,0.0,95.21982885807023,21.616996164060197,0.0,-141.3416062499122,-992.1172812277822
2025-10-24T21:45:00Z,2025-10-24T22:00:00Z,2025-10-25,2025-10-24_96,-45.000000000000156,100,55,0,52.42344322981359,64.34782608695649,0.03312328571428581,0.0,1.7112857142857143,True,True,True,False,-903.2625000000032,0.0,95.21982885807023,21.616996164060197,0.0,131.2238190785314,-655.2018558993414
2025-10-24T22:00:00Z,2025-10-24T22:15:00Z,2025-10-25,2025-10-25_1,0.0,0,0,100,64.34782608695649,64.34782608695649,0.0,0.0,0.0,True,True,True,False,0.0,1025.3762171732074,0.0,0.0,0.0,0.0,1025.3762171732074
2025-10-24T22:15:00Z,2025-10-24T22:30:00Z,2025-10-25,2025-10-25_2,0.0,0,0,100,64.34782608695649,64.34782608695649,0.0,0.0,0.0,True,True,True,False,0.0,1025.3762171732074,0.0,0.0,0.0,0.0,1025.3762171732074
2025-10-24T22:30:00Z,2025-10-24T22:45:00Z,2025-10-25,2025-10-25_3,0.0,0,0,100,64.34782608695649,64.34782608695649,0.0,0.0,0.0,True,True,True,False,0.0,1025.3762171732074,0.0,0.0,0.0,0.0,1025.3762171732074
2025-10-24T22:45:00Z,2025-10-24T23:00:00Z,2025-10-25,2025-10-25_4,0.0,0,0,100,64.34782608695649,64.34782608695649,0.0,0.0,0.0,True,True,True,False,0.0,1025.3762171732074,0.0,0.0,0.0,0.0,1025.3762171732074
2025-10-24T23:00:00Z,2025-10-24T23:15:00Z,2025-10-25,2025-10-25_5,0.0,0,0,100,64.34782608695649,64.34782608695649,0.0,0.0,0.0,True,True,True,False,0.0,1025.3762171732074,0.0,0.0,0.0,0.0,1025.3762171732074
2025-10-24T23:15:00Z,2025-10-24T23:30:00Z,2025-10-25,2025-10-25_6,0.0,0,0,100,64.34782608695649,64.34782608695649,0.0,0.0,0.0,True,True,True,False,0.0,1025.3762171732074,0.0,0.0,0.0,0.0,1025.3762171732074
2025-10-24T23:30:00Z,2025-10-24T23:45:00Z,2025-10-25,2025-10-25_7,0.0,0,0,100,64.34782608695649,64.34782608695649,0.0,0.0,0.0,True,True,True,False,0.0,1025.3762171732074,0.0,0.0,0.0,0.0,1025.3762171732074
2025-10-24T23:45:00Z,2025-10-25T00:00:00Z,2025-10-25,2025-10-25_8,0.0,0,0,100,64.34782608695649,64.34782608695649,0.0,0.0,0.0,True,True,True,False,0.0,1025.3762171732074,0.0,0.0,0.0,0.0,1025.3762171732074
2025-10-25T00:00:00Z,2025-10-25T00:15:00Z,2025-10-25,2025-10-25_9,0.0,0,0,100,64.34782608695649,64.34782608695649,0.0,0.0,0.0,True,True,True,False,0.0,1025.3762171732074,0.0,0.0,0.0,0.0,1025.3762171732074
2025-10-25T00:15:00Z,2025-10-25T00:30:00Z,2025-10-25,2025-10-25_10,0.0,0,0,100,64.34782608695649,64.34782608695649,0.0,0.0,0.0,True,True,True,False,0.0,1025.3762171732074,0.0,0.0,0.0,0.0,1025.3762171732074
2025-10-25T00:30:00Z,2025-10-25T00:45:00Z,2025-10-25,2025-10-25_11,0.0,0,0,100,64.34782608695649,64.34782608695649,0.0,0.0,0.0,True,True,True,False,0.0,1025.3762171732074,0.0,0.0,0.0,0.0,1025.3762171732074
2025-10-25T00:45:00Z,2025-10-25T01:00:00Z,2025-10-25,2025-10-25_12,0.0,0,0,100,64.34782608695649,64.34782608695649,0.0,0.0,0.0,True,True,True,False,0.0,1025.3762171732074,0.0,0.0,0.0,0.0,1025.3762171732074
2025-10-25T01:00:00Z,2025-10-25T01:15:00Z,2025-10-25,2025-10-25_13,0.0,0,0,100,64.34782608695649,64.34782608695649,0.0,0.0,0.0,True,True,True,False,0.0,1025.3762171732074,0.0,0.0,0.0,0.0,1025.3762171732074
2025-10-25T01:15:00Z,2025-10-25T01:30:00Z,2025-10-25,2025-10-25_14,0.0,0,0,100,64.34782608695649,64.34782608695649,0.0,0.0,0.0,True,True,True,False,0.0,1025.3762171732074,0.0,0.0,0.0,0.0,1025.3762171732074
2025-10-25T01:30:00Z,2025-10-25T01:45:00Z,2025-10-25,2025-10-25_15,0.0,0,0,100,64.34782608695649,64.34782608695649,0.0,0.0,0.0,True,True,True,False,0.0,1025.3762171732074,0.0,0.0,0.0,0.0,1025.3762171732074
2025-10-25T01:45:00Z,2025-10-25T02:00:00Z,2025-10-25,2025-10-25_16,0.0,0,0,100,64.34782608695649,64.34782608695649,0.0,0.0,0.0,True,True,True,False,0.0,1025.3762171732074,0.0,0.0,0.0,0.0,1025.3762171732074
2025-10-25T02:00:00Z,2025-10-25T02:15:00Z,2025-10-25,2025-10-25_17,0.0,0,0,100,64.34782608695649,64.34782608695649,0.0,0.0,0.0,True,True,True,False,0.0,1025.3762171732074,0.0,0.0,0.0,0.0,1025.3762171732074
2025-10-25T02:15:00Z,2025-10-25T02:30:00Z,2025-10-25,2025-10-25_18,0.0,0,0,100,64.34782608695649,64.34782608695649,0.0,0.0,0.0,True,True,True,False,0.0,1025.3762171732074,0.0,0.0,0.0,0.0,1025.3762171732074
2025-10-25T02:30:00Z,2025-10-25T02:45:00Z,2025-10-25,2025-10-25_19,0.0,0,0,100,64.34782608695649,64.34782608695649,0.0,0.0,0.0,True,True,True,False,0.0,1025.3762171732074,0.0,0.0,0.0,0.0,1025.3762171732074
2025-10-25T02:45:00Z,2025-10-25T03:00:00Z,2025-10-25,2025-10-25_20,0.0,0,0,100,64.34782608695649,64.34782608695649,0.0,0.0,0.0,True,True,True,False,0.0,1025.3762171732074,0.0,0.0,0.0,0.0,1025.3762171732074
2025-10-25T03:00:00Z,2025-10-25T03:15:00Z,2025-10-25,2025-10-25_21,0.0,0,0,100,64.34782608695649,64.34782608695649,0.0,0.0,0.0,True,True,True,False,0.0,1025.3762171732074,0.0,0.0,0.0,0.0,1025.3762171732074
2025-10-25T03:15:00Z,2025-10-25T03:30:00Z,2025-10-25,2025-10-25_22,0.0,0,0,100,64.34782608695649,64.34782608695649,0.0,0.0,0.0,True,True,True,False,0.0,1025.3762171732074,0.0,0.0,0.0,0.0,1025.3762171732074
2025-10-25T03:30:00Z,2025-10-25T03:45:00Z,2025-10-25,2025-10-25_23,0.0,0,0,100,64.34782608695649,64.34782608695649,0.0,0.0,0.0,True,True,True,False,0.0,1025.3762171732074,0.0,0.0,0.0,0.0,1025.3762171732074
2025-10-25T03:45:00Z,2025-10-25T04:00:00Z,2025-10-25,2025-10-25_24,0.0,0,0,100,64.34782608695649,64.34782608695649,0.0,0.0,0.0,True,True,True,False,0.0,1025.3762171732074,0.0,0.0,0.0,0.0,1025.3762171732074
2025-10-25T04:00:00Z,2025-10-25T04:15:00Z,2025-10-25,2025-10-25_25,-100.0,100,0,0,64.34782608695649,83.66519751552792,0.053659365079365084,4.002857142857143,0.0,True,True,True,False,-2347.5,0.0,103.71791088816761,0.0,1035.8309218901488,0.0,-1207.9511672216836
2025-10-25T04:15:00Z,2025-10-25T04:30:00Z,2025-10-25,2025-10-25_26,-68.13946011194861,100,0,0,83.66519751552792,79.35900621118009,0.02753421309448742,20.528571428571425,0.0,True,True,True,False,-1917.2740588999538,0.0,103.71791088816761,0.0,16376.602739957001,0.0,14563.046591945214
2025-10-25T04:30:00Z,2025-10-25T04:45:00Z,2025-10-25,2025-10-25_27,0.0,100,0,0,79.35900621118009,69.96149068322978,0.02610420979986197,8.645714285714286,0.0,True,True,True,False,0.0,0.0,103.71791088816761,0.0,2472.5127153676463,0.0,2576.230626255814
2025-10-25T04:45:00Z,2025-10-25T05:00:00Z,2025-10-25,2025-10-25_28,1.4481169886415083e-14,100,0,0,69.96149068322978,64.34782608695649,0.015593512767425823,5.164571428571429,0.0,True,True,True,False,5.211411012873627e-13,0.0,103.71791088816761,0.0,933.4052313788308,0.0,1037.123142266999
2025-10-25T05:00:00Z,2025-10-25T05:15:00Z,2025-10-25,2025-10-25_29,0.0,0,0,100,64.34782608695649,64.34782608695649,0.0,0.0,0.0,True,True,True,False,0.0,1025.3762171732074,0.0,0.0,0.0,0.0,1025.3762171732074
2025-10-25T05:15:00Z,2025-10-25T05:30:00Z,2025-10-25,2025-10-25_30,0.0,0,0,100,64.34782608695649,64.34782608695649,0.0,0.0,0.0,True,True,True,False,0.0,1025.3762171732074,0.0,0.0,0.0,0.0,1025.3762171732074
2025-10-25T05:30:00Z,2025-10-25T05:45:00Z,2025-10-25,2025-10-25_31,0.0,0,0,100,64.34782608695649,64.34782608695649,0.0,0.0,0.0,True,True,True,False,0.0,1025.3762171732074,0.0,0.0,0.0,0.0,1025.3762171732074
2025-10-25T05:45:00Z,2025-10-25T06:00:00Z,2025-10-25,2025-10-25_32,0.0,0,0,100,64.34782608695649,64.34782608695649,0.0,0.0,0.0,True,True,True,False,0.0,1025.3762171732074,0.0,0.0,0.0,0.0,1025.3762171732074
2025-10-25T06:00:00Z,2025-10-25T06:15:00Z,2025-10-25,2025-10-25_33,0.0,0,0,100,64.34782608695649,64.34782608695649,0.0,0.0,0.0,True,False,True,False,0.0,1025.3762171732074,0.0,0.0,0.0,0.0,1025.3762171732074
2025-10-25T06:15:00Z,2025-10-25T06:30:00Z,2025-10-25,2025-10-25_34,0.0,0,0,100,64.34782608695649,64.34782608695649,0.0,0.0,0.0,True,False,True,False,0.0,1025.3762171732074,0.0,0.0,0.0,0.0,1025.3762171732074
2025-10-25T06:30:00Z,2025-10-25T06:45:00Z,2025-10-25,2025-10-25_35,0.0,0,0,100,64.34782608695649,64.34782608695649,0.0,0.0,0.0,True,False,True,False,0.0,1025.3762171732074,0.0,0.0,0.0,0.0,1025.3762171732074
2025-10-25T06:45:00Z,2025-10-25T07:00:00Z,2025-10-25,2025-10-25_36,0.0,0,0,100,64.34782608695649,64.34782608695649,0.0,0.0,0.0,True,False,True,False,0.0,1025.3762171732074,0.0,0.0,0.0,0.0,1025.3762171732074
2025-10-25T07:00:00Z,2025-10-25T07:15:00Z,2025-10-25,2025-10-25_37,100.0,0,100,0,64.34782608695649,40.840372670807426,0.06529848171152518,0.0,3.373142857142857,True,True,True,False,2596.0,0.0,0.0,39.95278843316613,0.0,-11.948496789332436,2624.0042916438338
2025-10-25T07:15:00Z,2025-10-25T07:30:00Z,2025-10-25,2025-10-25_38,11.427401919128348,0,100,0,40.840372670807426,45.27080525980882,0.024020829959494748,0.0,8.024571428571429,True,True,True,False,239.4040702057389,0.0,0.0,39.95278843316613,0.0,5549.210167010919,5828.567025649823
2025-10-25T07:30:00Z,2025-10-25T07:45:00Z,2025-10-25,2025-10-25_39,0.0,0,100,0,45.27080525980882,50.8601995455231,0.01552609523809524,0.0,6.075428571428572,True,True,True,False,0.0,0.0,0.0,39.95278843316613,0.0,204.23407359946046,244.18686203262658
2025-10-25T07:45:00Z,2025-10-25T08:00:00Z,2025-10-25,2025-10-25_40,0.0,0,100,0,50.8601995455231,60.551216688380244,0.026919492063492065,0.0,10.533714285714286,True,True,True,False,0.0,0.0,0.0,39.95278843316613,0.0,349.6753849569335,389.6281733900996
2025-10-25T08:00:00Z,2025-10-25T08:15:00Z,2025-10-25,2025-10-25_41,-2.1052377836175006e-15,7,0,93,60.551216688380244,60.54769494924981,9.782608695653513e-06,0.0032400000000000003,0.0,True,True,True,False,-4.4267887495016995e-14,953.5998819710829,6.394806727648275,0.0,0.36329300678666276,0.0,960.3579817055179
2025-10-25T08:15:00Z,2025-10-25T08:30:00Z,2025-10-25,2025-10-25_42,-0.0005699346262024573,7,0,93,60.54769494924981,60.54360869565216,1.2077339604223195e-05,0.00388,0.0,True,True,True,False,-0.009844195831081945,953.5998819710829,6.394806727648275,0.0,0.4350545883741517,0.0,960.4198990912743
2025-10-25T08:30:00Z,2025-10-25T08:45:00Z,2025-10-25,2025-10-25_43,0.0,7,0,93,60.54360869565216,60.54347826086955,3.623188405797101e-07,0.00011999999999999999,0.0,True,True,True,False,0.0,953.5998819710829,6.394806727648275,0.0,0.013455296547654174,0.0,960.0081439952788
2025-10-25T08:45:00Z,2025-10-25T09:00:00Z,2025-10-25,2025-10-25_44,-7.0,7,0,93,60.54347826086955,62.148767860869555,0.004459137777777778,0.00512,0.0,True,True,True,False,-61.565,953.5998819710829,6.394806727648275,0.0,0.5740926526999115,0.0,899.0037813514311
2025-10-25T09:00:00Z,2025-10-25T09:15:00Z,2025-10-25,2025-10-25_45,-0.5620112851018105,7,0,93,62.148767860869555,62.270086171428545,0.0003780935787527575,0.0074,0.0,True,True,True,False,-8.553811759249557,953.5998819710829,6.394806727648275,0.0,0.800629487557785,0.0,952.2415064270394
2025-10-25T09:15:00Z,2025-10-25T09:30:00Z,2025-10-25,2025-10-25_46,-7.0,7,0,93,62.270086171428545,63.87147497142855,0.004448302222222223,0.00936,0.0,True,True,True,False,-82.0225,953.5998819710829,6.394806727648275,0.0,1.0126881085866037,0.0,878.9848768073178
2025-10-25T09:30:00Z,2025-10-25T09:45:00Z,2025-10-25,2025-10-25_47,-7.0,7,0,93,63.87147497142855,65.47175977142855,0.004445235555555556,0.01056,0.0,True,True,True,False,-75.11,953.5998819710829,6.394806727648275,0.0,1.142519917379758,0.0,886.027208616111
2025-10-25T09:45:00Z,2025-10-25T10:00:00Z,2025-10-25,2025-10-25_48,-7.0,7,0,93,65.47175977142855,67.07668137142856,0.004458115555555556,0.005520000000000001,0.0,True,True,True,False,-22.715,953.5998819710829,6.394806727648275,0.0,0.5964477544998525,0.0,937.8761364532311
2025-10-25T10:00:00Z,2025-10-25T10:15:00Z,2025-10-25,2025-10-25_49,-71.9999999999993,72,0,28,67.07668137142856,82.31604502857125,0.04233156571428535,1.4354742857142857,0.0,True,True,True,False,-480.41999999999535,287.1053408084981,65.77515491295367,0.0,151.04572387640687,0.0,23.506219597863293
2025-10-25T10:15:00Z,2025-10-25T10:30:00Z,2025-10-25,2025-10-25_50,-72.00000000000024,72,0,28,82.31604502857125,98.76021965714273,0.045678262857143014,0.12589714285714285,0.0,True,True,True,False,-275.9400000000009,287.1053408084981,65.77515491295367,0.0,12.927767988871558,0.0,89.86826371032242
2025-10-25T10:30:00Z,2025-10-25T10:45:00Z,2025-10-25,2025-10-25_51,-72.00000000000024,72,0,28,98.76021965714273,115.30242948571421,0.04595058285714302,0.01933714285714286,0.0,True,True,True,False,-244.26000000000082,287.1053408084981,65.77515491295367,0.0,1.985637566918181,0.0,110.60613328836915
2025-10-25T10:45:00Z,2025-10-25T11:00:00Z,2025-10-25,2025-10-25_52,-72.00000000000024,72,0,28,115.30242948571421,131.85220959999998,0.04597161142857159,0.011108571428571428,0.0,True,True,True,False,-220.86000000000072,287.1053408084981,65.77515491295367,0.0,1.1406854107827846,0.0,133.16118113223385
2025-10-25T11:00:00Z,2025-10-25T11:15:00Z,2025-10-25,2025-10-25_53,-7.0,7,0,93,131.85220959999998,133.46139999999997,0.004469973333333333,0.0008799999999999999,0.0,True,True,True,False,-38.535,953.5998819710829,6.394806727648275,0.0,0.08568899380348184,0.0,921.5453776925347
2025-10-25T11:15:00Z,2025-10-25T11:30:00Z,2025-10-25,2025-10-25_54,-7.0,7,0,93,133.46139999999997,135.06933919999997,0.004466497777777779,0.0022400000000000002,0.0,True,True,True,False,-38.4125,953.5998819710829,6.394806727648275,0.0,0.21811743877249928,0.0,921.8003061375038
2025-10-25T11:30:00Z,2025-10-25T11:45:00Z,2025-10-25,2025-10-25_55,-7.0,7,0,93,135.06933919999997,136.6793392,0.004472222222222223,0.0,0.0,True,True,True,False,-35.77,953.5998819710829,6.394806727648275,0.0,0.0,0.0,924.2246886987313
2025-10-25T11:45:00Z,2025-10-25T12:00:00Z,2025-10-25,2025-10-25_56,-7.0,7,0,93,136.6793392,138.28933919999997,0.004472222222222222,0.0,0.0,True,True,True,False,-40.932500000000005,953.5998819710829,6.394806727648275,0.0,0.0,0.0,919.0621886987312
2025-10-25T12:00:00Z,2025-10-25T12:15:00Z,2025-10-25,2025-10-25_57,-7.0,7,0,93,138.28933919999997,139.89860319999997,0.0044701777777777785,0.0007999999999999999,0.0,True,True,True,False,-26.425,953.5998819710829,6.394806727648275,0.0,0.07475164748696764,0.0,933.6444403462182
2025-10-25T12:15:00Z,2025-10-25T12:30:00Z,2025-10-25,2025-10-25_58,-7.0,7,0,93,139.89860319999997,141.50267839999998,0.004455764444444444,0.00644,0.0,True,True,True,False,-50.504999999999995,953.5998819710829,6.394806727648275,0.0,0.6017507622700896,0.0,910.0914394610013
2025-10-25T12:30:00Z,2025-10-25T12:45:00Z,2025-10-25,2025-10-25_59,-7.000000000000007,7,0,93,141.50267839999998,142.8592736,0.003768320000000005,0.27544,0.0,True,True,True,False,-60.305000000000064,953.5998819710829,6.394806727648275,0.0,34.555948712501234,0.0,934.2456374112323
2025-10-25T12:45:00Z,2025-10-25T13:00:00Z,2025-10-25,2025-10-25_60,-7.0,7,0,93,142.8592736,144.0,0.003168684444444444,0.5100800000000001,0.0,True,True,True,False,-89.915,953.5998819710829,6.394806727648275,0.0,62.55054799252485,0.0,932.6302366912561
2025-10-25T13:00:00Z,2025-10-25T13:15:00Z,2025-10-25,2025-10-25_61,0.0,0,0,100,144.0,144.0,0.0,0.0,0.0,True,True,True,False,0.0,1025.3762171732074,0.0,0.0,0.0,0.0,1025.3762171732074
2025-10-25T13:15:00Z,2025-10-25T13:30:00Z,2025-10-25,2025-10-25_62,0.0,0,0,100,144.0,144.0,0.0,0.0,0.0,True,True,True,False,0.0,1025.3762171732074,0.0,0.0,0.0,0.0,1025.3762171732074
2025-10-25T13:30:00Z,2025-10-25T13:45:00Z,2025-10-25,2025-10-25_63,0.0,0,0,100,144.0,144.0,0.0,0.0,0.0,True,True,True,False,0.0,1025.3762171732074,0.0,0.0,0.0,0.0,1025.3762171732074
2025-10-25T13:45:00Z,2025-10-25T14:00:00Z,2025-10-25,2025-10-25_64,0.0,0,0,100,144.0,144.0,0.0,0.0,0.0,True,True,True,False,0.0,1025.3762171732074,0.0,0.0,0.0,0.0,1025.3762171732074
2025-10-25T14:00:00Z,2025-10-25T14:15:00Z,2025-10-25,2025-10-25_65,-100.0,100,0,0,144.0,166.78550857142858,0.06329307936507937,0.2331428571428571,0.0,True,True,True,False,-1247.5,0.0,94.45264089701976,0.0,21.784765839059137,0.0,-1131.2625932639212
2025-10-25T14:15:00Z,2025-10-25T14:30:00Z,2025-10-25,2025-10-25_66,-100.0,100,0,0,166.78550857142858,188.50066285714286,0.060319873015873014,1.3965714285714286,0.0,True,True,True,False,-2200.0,0.0,94.45264089701976,0.0,168.16467259621464,0.0,-1937.3826865067656
2025-10-25T14:30:00Z,2025-10-25T14:45:00Z,2025-10-25,2025-10-25_67,-1.8100476820029565,100,0,0,188.50066285714286,183.33130434782612,0.016195432367277367,5.153142857142858,0.0,True,True,True,False,-54.6724902348993,0.0,94.45264089701976,0.0,1515.0878630864565,0.0,1554.868013748577
2025-10-25T14:45:00Z,2025-10-25T15:00:00Z,2025-10-25,2025-10-25_68,0.0,100,0,0,183.33130434782612,164.24000000000004,0.05303140096618357,17.564,0.0,True,True,True,False,0.0,0.0,94.45264089701976,0.0,15157.10835448018,0.0,15251.5609953772
2025-10-25T15:00:00Z,2025-10-25T15:15:00Z,2025-10-25,2025-10-25_69,-1.9999999999999316,44,42,56,164.24000000000004,162.30232367701865,0.007421913595583138,2.221371428571429,0.0,True,True,True,False,-51.97999999999822,574.2106816169962,45.28533490705223,16.50752434346415,774.8821730809764,0.0,1358.9057139484908
2025-10-25T15:15:00Z,2025-10-25T15:30:00Z,2025-10-25,2025-10-25_70,-0.3940892194112246,44,42,56,162.30232367701865,163.79928320000005,0.004233455387820249,0.012571428571428572,1.54344,True,True,True,False,-12.033514314721744,574.2106816169962,45.28533490705223,16.50752434346415,1.9022214728322726,-78.86982954263794,547.0024184829851
2025-10-25T15:30:00Z,2025-10-25T15:45:00Z,2025-10-25,2025-10-25_71,0.0,44,42,56,163.79928320000005,163.64640993788822,0.0028730746169772256,0.5461028571428571,0.47904,True,True,True,False,0.0,574.2106816169962,45.28533490705223,16.50752434346415,85.9026723298065,-29.603135981115376,692.3030772162037
2025-10-25T15:45:00Z,2025-10-25T16:00:00Z,2025-10-25,2025-10-25_72,0.0,44,42,56,163.64640993788822,163.58642909813668,0.0008977067770876466,0.17625142857142856,0.14303999999999997,True,True,True,False,0.0,574.2106816169962,45.28533490705223,16.50752434346415,32.45668236900898,-10.342437769253465,658.1177854672682
2025-10-25T16:00:00Z,2025-10-25T16:15:00Z,2025-10-25,2025-10-25_73,100.0,0,100,0,163.58642909813668,144.3622054956522,0.053400621118012415,0.0,7.313714285714286,True,True,True,False,4811.0,0.0,0.0,39.30362938920036,0.0,-334.9245211819753,4515.379108207225
2025-10-25T16:15:00Z,2025-10-25T16:30:00Z,2025-10-25,2025-10-25_74,100.0,0,100,0,144.3622054956522,119.30506263850936,0.0696031746031746,0.0,1.9474285714285715,True,True,True,False,5662.5,0.0,0.0,39.30362938920036,0.0,-127.08144636007249,5574.722183029128
2025-10-25T16:30:00Z,2025-10-25T16:45:00Z,2025-10-25,2025-10-25_75,100.0,0,100,0,119.30506263850936,96.61375829068326,0.06303140096618358,0.0,4.124,True,True,True,False,5296.5,0.0,0.0,39.30362938920036,0.0,-259.63555267040425,5076.168076718796
2025-10-25T16:45:00Z,2025-10-25T17:00:00Z,2025-10-25,2025-10-25_76,100.0,0,100,0,96.61375829068326,70.04667754534165,0.07379744651483783,0.0,0.5582857142857143,True,True,True,False,5849.5,0.0,0.0,39.30362938920036,0.0,-40.39557088058003,5848.40805850862
2025-10-25T17:00:00Z,2025-10-25T17:15:00Z,2025-10-25,2025-10-25_77,6.999999999999984,0,7,93,70.04667754534165,68.20798189316774,0.005107487922705302,0.0,0.0584,True,True,True,False,348.91499999999917,953.5998819710829,0.0,2.7512540572440254,0.0,-4.382785875872923,1300.8833501524532
2025-10-25T17:15:00Z,2025-10-25T17:30:00Z,2025-10-25,2025-10-25_78,6.23888719879343,0,7,93,68.20798189316774,66.51913043478262,0.0046946329086609215,0.0,0.0060799999999999995,True,True,True,False,296.8462529185914,953.5998819710829,0.0,2.7512540572440254,0.0,-0.4784105439165929,1252.7189784030018
2025-10-25T17:30:00Z,2025-10-25T17:45:00Z,2025-10-25,2025-10-25_79,6.999999999999984,0,7,93,66.51913043478262,65.04656521739132,0.00409045893719806,0.0,0.39524,True,True,True,False,351.1374999999992,953.5998819710829,0.0,2.7512540572440254,0.0,-17.60382710337366,1289.8848089249525
2025-10-25T17:45:00Z,2025-10-25T18:00:00Z,2025-10-25,2025-10-25_80,6.999999999999984,0,7,93,65.04656521739132,64.34782608695653,0.0019409420289855095,0.0,1.10716,True,True,True,False,334.26749999999925,953.5998819710829,0.0,2.7512540572440254,0.0,-44.1866499695092,1246.431986058817
2025-10-25T18:00:00Z,2025-10-25T18:15:00Z,2025-10-25,2025-10-25_81,0.0,0,0,100,64.34782608695653,64.34782608695653,0.0,0.0,0.0,True,True,True,False,0.0,1025.3762171732074,0.0,0.0,0.0,0.0,1025.3762171732074
2025-10-25T18:15:00Z,2025-10-25T18:30:00Z,2025-10-25,2025-10-25_82,0.0,0,0,100,64.34782608695653,64.34782608695653,0.0,0.0,0.0,True,True,True,False,0.0,1025.3762171732074,0.0,0.0,0.0,0.0,1025.3762171732074
2025-10-25T18:30:00Z,2025-10-25T18:45:00Z,2025-10-25,2025-10-25_83,0.0,0,0,100,64.34782608695653,64.34782608695653,0.0,0.0,0.0,True,True,True,False,0.0,1025.3762171732074,0.0,0.0,0.0,0.0,1025.3762171732074
2025-10-25T18:45:00Z,2025-10-25T19:00:00Z,2025-10-25,2025-10-25_84,0.0,0,0,100,64.34782608695653,64.34782608695653,0.0,0.0,0.0,True,True,True,False,0.0,1025.3762171732074,0.0,0.0,0.0,0.0,1025.3762171732074
2025-10-25T19:00:00Z,2025-10-25T19:15:00Z,2025-10-25,2025-10-25_85,0.0,0,0,100,64.34782608695653,64.34782608695653,0.0,0.0,0.0,True,True,True,False,0.0,1025.3762171732074,0.0,0.0,0.0,0.0,1025.3762171732074
2025-10-25T19:15:00Z,2025-10-25T19:30:00Z,2025-10-25,2025-10-25_86,0.0,0,0,100,64.34782608695653,64.34782608695653,0.0,0.0,0.0,True,True,True,False,0.0,1025.3762171732074,0.0,0.0,0.0,0.0,1025.3762171732074
2025-10-25T19:30:00Z,2025-10-25T19:45:00Z,2025-10-25,2025-10-25_87,0.0,0,0,100,64.34782608695653,64.34782608695653,0.0,0.0,0.0,True,True,True,False,0.0,1025.3762171732074,0.0,0.0,0.0,0.0,1025.3762171732074
2025-10-25T19:45:00Z,2025-10-25T20:00:00Z,2025-10-25,2025-10-25_88,0.0,0,0,100,64.34782608695653,64.34782608695653,0.0,0.0,0.0,True,True,True,False,0.0,1025.3762171732074,0.0,0.0,0.0,0.0,1025.3762171732074
2025-10-25T20:00:00Z,2025-10-25T20:15:00Z,2025-10-25,2025-10-25_89,0.0,0,0,100,64.34782608695653,64.34782608695653,0.0,0.0,0.0,True,True,True,False,0.0,1025.3762171732074,0.0,0.0,0.0,0.0,1025.3762171732074
2025-10-25T20:15:00Z,2025-10-25T20:30:00Z,2025-10-25,2025-10-25_90,0.0,0,0,100,64.34782608695653,64.34782608695653,0.0,0.0,0.0,True,True,True,False,0.0,1025.3762171732074,0.0,0.0,0.0,0.0,1025.3762171732074
2025-10-25T20:30:00Z,2025-10-25T20:45:00Z,2025-10-25,2025-10-25_91,0.0,0,0,100,64.34782608695653,64.34782608695653,0.0,0.0,0.0,True,True,True,False,0.0,1025.3762171732074,0.0,0.0,0.0,0.0,1025.3762171732074
2025-10-25T20:45:00Z,2025-10-25T21:00:00Z,2025-10-25,2025-10-25_92,0.0,0,0,100,64.34782608695653,64.34782608695653,0.0,0.0,0.0,True,True,True,False,0.0,1025.3762171732074,0.0,0.0,0.0,0.0,1025.3762171732074
2025-10-25T21:00:00Z,2025-10-25T21:15:00Z,2025-10-26,2025-10-25_93,0.0,0,0,100,64.34782608695653,64.34782608695653,0.0,0.0,0.0,True,True,True,False,0.0,1025.3762171732074,0.0,0.0,0.0,0.0,1025.3762171732074
2025-10-25T21:15:00Z,2025-10-25T21:30:00Z,2025-10-26,2025-10-25_94,6.178632484870435e-14,0,0,100,64.34782608695653,64.34782608695652,4.663822829763311e-17,0.0,0.0,True,True,True,False,1.623899082836072e-12,1025.3762171732074,0.0,0.0,0.0,0.0,1025.376217173209
2025-10-25T21:30:00Z,2025-10-25T21:45:00Z,2025-10-26,2025-10-25_95,0.0,0,0,100,64.34782608695652,64.34782608695652,0.0,0.0,0.0,True,True,True,False,0.0,1025.3762171732074,0.0,0.0,0.0,0.0,1025.3762171732074
2025-10-25T21:45:00Z,2025-10-25T22:00:00Z,2025-10-26,2025-10-25_96,0.0,0,0,100,64.34782608695652,64.34782608695652,0.0,0.0,0.0,True,True,True,False,0.0,1025.3762171732074,0.0,0.0,0.0,0.0,1025.3762171732074
2025-10-25T22:00:00Z,2025-10-25T22:15:00Z,2025-10-26,2025-10-26_1,0.0,100,100,0,64.34782608695652,66.74939527950309,0.016916022084196,1.6965714285714286,4.614857142857144,True,True,True,False,0.0,0.0,96.81321923871349,49.36559457066982,253.29058843035594,1809.3680603633609,2208.8374626031
2025-10-25T22:15:00Z,2025-10-25T22:30:00Z,2025-10-26,2025-10-26_2,0.0,100,100,0,66.74939527950309,61.3717555279503,0.014937888198757762,4.9474285714285715,0.0,True,True,True,False,0.0,0.0,96.81321923871349,49.36559457066982,780.8041795725667,0.0,926.98299338195
2025-10-25T22:30:00Z,2025-10-25T22:45:00Z,2025-10-26,2025-10-26_3,0.0,100,100,0,61.3717555279503,51.530761739130426,0.027336093857832984,9.053714285714285,0.0,True,True,True,False,0.0,0.0,96.81321923871349,49.36559457066982,2007.8514872486617,0.0,2154.030301058045
2025-10-25T22:45:00Z,2025-10-25T23:00:00Z,2025-10-26,2025-10-26_4,0.0,100,100,0,51.530761739130426,43.53324621118011,0.022215320910973082,7.357714285714286,0.0,True,True,True,False,0.0,0.0,96.81321923871349,49.36559457066982,1290.1596769379926,0.0,1436.3384907473758
2025-10-25T23:00:00Z,2025-10-25T23:15:00Z,2025-10-26,2025-10-26_5,-65.10590732139187,100,0,0,43.53324621118011,47.27608546583848,0.034589050037908665,11.481142857142856,0.0,True,True,True,False,-1301.4670873546233,0.0,96.81321923871349,0.0,2535.102291390914,0.0,1330.4484232750042
2025-10-25T23:15:00Z,2025-10-25T23:30:00Z,2025-10-26,2025-10-26_6,-4.440892098500626e-14,100,0,0,47.27608546583848,43.560557515527925,0.010320910973084907,3.4182857142857146,0.0,True,True,True,False,-8.504308368628698e-13,0.0,96.81321923871349,0.0,478.80879821270497,0.0,575.6220174514176
2025-10-25T23:30:00Z,2025-10-25T23:45:00Z,2025-10-26,2025-10-26_7,-100.0,100,0,0,43.560557515527925,56.87584894409935,0.036986920634920636,10.526857142857143,0.0,True,True,True,False,-1837.7500000000002,0.0,96.81321923871349,0.0,1958.8568768986497,0.0,217.92009613736298
2025-10-25T23:45:00Z,2025-10-26T00:00:00Z,2025-10-26,2025-10-26_8,-100.0,100,0,0,56.87584894409935,64.3478260869565,0.020755492063492063,16.878285714285717,0.0,True,True,True,False,-1422.75,0.0,96.81321923871349,0.0,4825.519648835871,0.0,3499.582868074584
2025-10-26T00:00:00Z,2025-10-26T00:15:00Z,2025-10-26,2025-10-26_9,0.0,0,0,100,64.3478260869565,64.3478260869565,0.0,0.0,0.0,True,True,True,False,0.0,1025.3762171732074,0.0,0.0,0.0,0.0,1025.3762171732074
2025-10-26T00:15:00Z,2025-10-26T00:30:00Z,2025-10-26,2025-10-26_10,0.0,0,0,100,64.3478260869565,64.3478260869565,0.0,0.0,0.0,True,True,True,False,0.0,1025.3762171732074,0.0,0.0,0.0,0.0,1025.3762171732074
2025-10-26T00:30:00Z,2025-10-26T00:45:00Z,2025-10-26,2025-10-26_11,0.0,0,0,100,64.3478260869565,64.3478260869565,0.0,0.0,0.0,True,True,True,False,0.0,1025.3762171732074,0.0,0.0,0.0,0.0,1025.3762171732074
2025-10-26T00:45:00Z,2025-10-26T01:00:00Z,2025-10-26,2025-10-26_12,0.0,0,0,100,64.3478260869565,64.3478260869565,0.0,0.0,0.0,True,True,True,False,0.0,1025.3762171732074,0.0,0.0,0.0,0.0,1025.3762171732074
2025-10-26T01:00:00Z,2025-10-26T01:15:00Z,2025-10-26,2025-10-26_13,0.0,0,0,100,64.3478260869565,64.3478260869565,0.0,0.0,0.0,True,True,True,False,0.0,1025.3762171732074,0.0,0.0,0.0,0.0,1025.3762171732074
2025-10-26T01:15:00Z,2025-10-26T01:30:00Z,2025-10-26,2025-10-26_14,0.0,0,0,100,64.3478260869565,64.3478260869565,0.0,0.0,0.0,True,True,True,False,0.0,1025.3762171732074,0.0,0.0,0.0,0.0,1025.3762171732074
2025-10-26T01:30:00Z,2025-10-26T01:45:00Z,2025-10-26,2025-10-26_15,0.0,0,0,100,64.3478260869565,64.3478260869565,0.0,0.0,0.0,True,True,True,False,0.0,1025.3762171732074,0.0,0.0,0.0,0.0,1025.3762171732074
2025-10-26T01:45:00Z,2025-10-26T02:00:00Z,2025-10-26,2025-10-26_16,0.0,0,0,100,64.3478260869565,64.3478260869565,0.0,0.0,0.0,True,True,True,False,0.0,1025.3762171732074,0.0,0.0,0.0,0.0,1025.3762171732074
2025-10-26T02:00:00Z,2025-10-26T02:15:00Z,2025-10-26,2025-10-26_17,0.0,0,0,100,64.3478260869565,64.3478260869565,0.0,0.0,0.0,True,True,True,False,0.0,1025.3762171732074,0.0,0.0,0.0,0.0,1025.3762171732074
2025-10-26T02:15:00Z,2025-10-26T02:30:00Z,2025-10-26,2025-10-26_18,0.0,0,0,100,64.3478260869565,64.3478260869565,0.0,0.0,0.0,True,True,True,False,0.0,1025.3762171732074,0.0,0.0,0.0,0.0,1025.3762171732074
2025-10-26T02:30:00Z,2025-10-26T02:45:00Z,2025-10-26,2025-10-26_19,0.0,0,0,100,64.3478260869565,64.3478260869565,0.0,0.0,0.0,True,True,True,False,0.0,1025.3762171732074,0.0,0.0,0.0,0.0,1025.3762171732074
2025-10-26T02:45:00Z,2025-10-26T03:00:00Z,2025-10-26,2025-10-26_20,0.0,0,0,100,64.3478260869565,64.3478260869565,0.0,0.0,0.0,True,True,True,False,0.0,1025.3762171732074,0.0,0.0,0.0,0.0,1025.3762171732074
2025-10-26T03:00:00Z,2025-10-26T03:15:00Z,2025-10-26,2025-10-26_21,0.0,0,0,100,64.3478260869565,64.3478260869565,0.0,0.0,0.0,True,True,True,False,0.0,1025.3762171732074,0.0,0.0,0.0,0.0,1025.3762171732074
2025-10-26T03:15:00Z,2025-10-26T03:30:00Z,2025-10-26,2025-10-26_22,0.0,0,0,100,64.3478260869565,64.3478260869565,0.0,0.0,0.0,True,True,True,False,0.0,1025.3762171732074,0.0,0.0,0.0,0.0,1025.3762171732074
2025-10-26T03:30:00Z,2025-10-26T03:45:00Z,2025-10-26,2025-10-26_23,0.0,0,0,100,64.3478260869565,64.3478260869565,0.0,0.0,0.0,True,True,True,False,0.0,1025.3762171732074,0.0,0.0,0.0,0.0,1025.3762171732074
2025-10-26T03:45:00Z,2025-10-26T04:00:00Z,2025-10-26,2025-10-26_24,0.0,0,0,100,64.3478260869565,64.3478260869565,0.0,0.0,0.0,True,True,True,False,0.0,1025.3762171732074,0.0,0.0,0.0,0.0,1025.3762171732074
2025-10-26T04:00:00Z,2025-10-26T04:15:00Z,2025-10-26,2025-10-26_25,0.0,78,100,0,64.3478260869565,69.01984894409937,0.01297784126984127,0.0,5.078285714285714,True,True,True,False,0.0,0.0,75.07701386839774,40.572440247860726,0.0,-222.72530995236693,-107.07585583610846
2025-10-26T04:15:00Z,2025-10-26T04:30:00Z,2025-10-26,2025-10-26_26,0.8005264857693901,78,100,0,69.01984894409937,82.69870185319317,0.038476217955230464,0.0,15.082857142857142,True,True,True,False,12.139984156692801,0.0,75.07701386839774,40.572440247860726,0.0,4841.097199623431,4968.886637896382
2025-10-26T04:30:00Z,2025-10-26T04:45:00Z,2025-10-26,2025-10-26_27,22.0,78,100,0,82.69870185319317,94.16081675505653,0.04083430812974465,0.0,18.229142857142858,True,True,True,False,364.375,0.0,75.07701386839774,40.572440247860726,0.0,2620.9839008557096,3101.008354971968
2025-10-26T04:45:00Z,2025-10-26T05:00:00Z,2025-10-26,2025-10-26_28,22.0,78,100,0,94.16081675505653,90.69562210164038,0.020501167370600412,0.08914285714285715,2.7279999999999998,True,True,True,False,418.605,0.0,75.07701386839774,40.572440247860726,9.935741685284324,-106.0300375725386,438.1601582290042
2025-10-26T05:00:00Z,2025-10-26T05:15:00Z,2025-10-26,2025-10-26_29,0.0,0,0,100,90.69562210164038,90.69562210164038,0.0,0.0,0.0,True,True,True,False,0.0,1025.3762171732074,0.0,0.0,0.0,0.0,1025.3762171732074
2025-10-26T05:15:00Z,2025-10-26T05:30:00Z,2025-10-26,2025-10-26_30,0.0,0,0,100,90.69562210164038,90.69562210164038,0.0,0.0,0.0,True,True,True,False,0.0,1025.3762171732074,0.0,0.0,0.0,0.0,1025.3762171732074
2025-10-26T05:30:00Z,2025-10-26T05:45:00Z,2025-10-26,2025-10-26_31,0.0,0,0,100,90.69562210164038,90.69562210164038,0.0,0.0,0.0,True,True,True,False,0.0,1025.3762171732074,0.0,0.0,0.0,0.0,1025.3762171732074
2025-10-26T05:45:00Z,2025-10-26T06:00:00Z,2025-10-26,2025-10-26_32,0.0,0,0,100,90.69562210164038,90.69562210164038,0.0,0.0,0.0,True,True,True,False,0.0,1025.3762171732074,0.0,0.0,0.0,0.0,1025.3762171732074
2025-10-26T06:00:00Z,2025-10-26T06:15:00Z,2025-10-26,2025-10-26_33,0.0,100,0,0,90.69562210164038,68.90618110785157,0.06052622498274672,20.046285714285716,0.0,True,True,True,False,0.0,0.0,101.7409265269991,0.0,4725.83643957341,0.0,4827.577366100409
2025-10-26T06:15:00Z,2025-10-26T06:30:00Z,2025-10-26,2025-10-26_34,1.3033052897773577e-14,100,0,0,68.90618110785157,64.03164694636088,0.013540372670807465,4.484571428571429,0.0,True,True,True,False,2.2504824091230522e-13,0.0,101.7409265269991,0.0,657.5033646672007,0.0,759.2442911942001
2025-10-26T06:30:00Z,2025-10-26T06:45:00Z,2025-10-26,2025-10-26_35,0.0,100,0,0,64.03164694636088,48.035994772447836,0.044432367149758456,14.716000000000001,0.0,True,True,True,False,0.0,0.0,101.7409265269991,0.0,2588.493305793253,0.0,2690.234232320252
2025-10-26T06:45:00Z,2025-10-26T07:00:00Z,2025-10-26,2025-10-26_36,-100.0,100,0,0,48.035994772447836,62.23711477244784,0.03944755555555556,9.563999999999998,0.0,True,True,True,False,-1109.0,0.0,101.7409265269991,0.0,1495.9348999704926,0.0,488.67582649749164
2025-10-26T07:00:00Z,2025-10-26T07:15:00Z,2025-10-26,2025-10-26_37,0.0,7,5,93,62.23711477244784,60.994375642013054,0.0034520531400966184,1.1433200000000001,0.0,True,True,True,False,0.0,953.5998819710829,7.121864856889938,2.0153437592210093,192.1400595259172,0.0,1154.8771501131112
2025-10-26T07:15:00Z,2025-10-26T07:30:00Z,2025-10-26,2025-10-26_38,-0.9170036564349587,7,5,93,60.994375642013054,60.69685744524945,0.0016785460153428287,0.47735999999999995,0.0,True,True,True,False,-12.851806244935947,953.5998819710829,7.121864856889938,2.0153437592210093,69.92772315137208,0.0,1019.81300749363
2025-10-26T07:30:00Z,2025-10-26T07:45:00Z,2025-10-26,2025-10-26_39,-0.22358236644241458,7,5,93,60.69685744524945,60.59051206956516,0.0005650936559319062,0.14720000000000003,0.0015714285714285713,True,True,True,False,-2.341466332568187,953.5998819710829,7.121864856889938,2.0153437592210093,19.782857637454512,-0.11079537439053519,980.0676865176897
2025-10-26T07:45:00Z,2025-10-26T08:00:00Z,2025-10-26,2025-10-26_40,-2.0000000000000098,7,5,93,60.59051206956516,61.13932653913037,0.0015301782194617041,0.00132,0.09802857142857142,True,True,True,False,-14.13000000000007,953.5998819710829,7.121864856889938,2.0153437592210093,0.14281498967246975,2.9911296884879652,951.7410352653543
2025-10-26T08:00:00Z,2025-10-26T08:15:00Z,2025-10-26,2025-10-26_41,0.0,7,7,93,61.13932653913037,60.71180848695646,0.001449647922705314,0.43672,0.051280000000000006,True,True,True,False,0.0,953.5998819710829,6.743877249926232,2.852463853644143,67.1657920409167,-1.9319753870364906,1028.4300397285335
2025-10-26T08:15:00Z,2025-10-26T08:30:00Z,2025-10-26,2025-10-26_42,0.0,7,7,93,60.71180848695646,60.550099478260805,0.0004496005797101449,0.14884,8e-05,True,True,True,False,0.0,953.5998819710829,6.743877249926232,2.852463853644143,19.36269763745451,-0.0061375036884036595,982.5527832084194
2025-10-26T08:30:00Z,2025-10-26T08:45:00Z,2025-10-26,2025-10-26_43,0.0,7,7,93,60.550099478260805,60.5434782608695,3.4747826086956515e-05,0.008799999999999999,0.0031999999999999997,True,True,True,False,0.0,953.5998819710829,6.743877249926232,2.852463853644143,0.937936146355857,-0.23802498278744957,963.8961342382217
2025-10-26T08:45:00Z,2025-10-26T09:00:00Z,2025-10-26,2025-10-26_44,0.0,7,7,93,60.5434782608695,60.700123617391235,0.00045686512077294686,0.0036,0.17452,True,True,True,False,0.0,953.5998819710829,6.743877249926232,2.852463853644143,0.38280743582177634,11.103571082915316,974.6826015933904
2025-10-26T09:00:00Z,2025-10-26T09:15:00Z,2025-10-26,2025-10-26_45,100.0,0,100,0,60.700123617391235,33.93304287204962,0.07435300207039337,0.0,0.3742857142857143,True,True,True,False,1383.75,0.0,0.0,40.83800531130127,0.0,-15.91253607610055,1408.6754692352008
2025-10-26T09:15:00Z,2025-10-26T09:30:00Z,2025-10-26,2025-10-26_46,100.0,0,100,0,33.93304287204962,18.942359642235957,0.0416407867494824,0.0,11.208571428571428,True,True,True,False,595.75,0.0,0.0,40.83800531130127,0.0,4805.272331492644,5441.860336803946
2025-10-26T09:30:00Z,2025-10-26T09:45:00Z,2025-10-26,2025-10-26_47,3.8616453030440225e-15,0,100,0,18.942359642235957,23.609125356521673,0.012963238095238099,0.0,5.072571428571429,True,True,True,False,4.942905987896349e-15,0.0,0.0,40.83800531130127,0.0,215.4777652067614,256.31577051806266
2025-10-26T09:45:00Z,2025-10-26T10:00:00Z,2025-10-26,2025-10-26_48,0.0,0,100,0,23.609125356521673,25.281422499378817,0.004645269841269842,0.0,1.8177142857142856,True,True,True,False,0.0,0.0,0.0,40.83800531130127,0.0,-26.84217094521491,13.995834366086363
2025-10-26T10:00:00Z,2025-10-26T10:15:00Z,2025-10-26,2025-10-26_49,-60.89579056771376,72,0,28,25.281422499378817,38.345812690844326,0.0372172393802314,0.9956571428571428,0.0,True,True,True,False,-282.099749804934,287.1053408084981,69.30185895544408,0.0,109.33308441596763,0.0,183.64053437497583
2025-10-26T10:15:00Z,2025-10-26T10:30:00Z,2025-10-26,2025-10-26_50,-72.0,72,0,28,38.345812690844326,53.727876233701465,0.04272795428571429,1.2803657142857143,0.0,True,True,True,False,-265.86,287.1053408084981,69.30185895544408,0.0,137.57477337604857,0.0,228.12197313999076
2025-10-26T10:30:00Z,2025-10-26T10:45:00Z,2025-10-26,2025-10-26_51,-72.0,72,0,28,53.727876233701465,65.62155211941575,0.033037988571428575,5.072091428571428,0.0,True,True,True,False,-164.16,287.1053408084981,69.30185895544408,0.0,710.540792338237,0.0,902.7879921021791
2025-10-26T10:45:00Z,2025-10-26T11:00:00Z,2025-10-26,2025-10-26_52,-72.0,72,0,28,65.62155211941575,73.60366137655862,0.02217252571428572,9.323794285714284,0.0,True,True,True,False,-97.92,287.1053408084981,69.30185895544408,0.0,1441.896769966699,0.0,1700.3839697306412
2025-10-26T11:00:00Z,2025-10-26T11:15:00Z,2025-10-26,2025-10-26_53,-100.0,100,0,0,73.60366137655862,87.31428994798719,0.03808507936507936,10.097142857142858,0.0,True,True,True,False,-257.0,0.0,96.25258188256122,0.0,1522.5820073346542,0.0,1361.8345892172154
2025-10-26T11:15:00Z,2025-10-26T11:30:00Z,2025-10-26,2025-10-26_54,-100.0,100,0,0,87.31428994798719,99.51033566227291,0.03387790476190476,11.74342857142857,0.0,True,True,True,False,-211.0,0.0,96.25258188256122,0.0,1846.4453669434722,0.0,1731.6979488260333
2025-10-26T11:30:00Z,2025-10-26T11:45:00Z,2025-10-26,2025-10-26_55,-100.0,100,0,0,99.51033566227291,121.06199280513005,0.05986571428571429,1.5742857142857143,0.0,True,True,True,False,-210.75,0.0,96.25258188256122,0.0,208.70782784639377,0.0,94.21040972895499
2025-10-26T11:45:00Z,2025-10-26T12:00:00Z,2025-10-26,2025-10-26_56,-100.0,100,0,0,121.06199280513005,144.0010099479872,0.06371949206349208,0.06628571428571428,0.0,True,True,True,False,-210.75,0.0,96.25258188256122,0.0,7.053629304893985,0.0,-107.4437888125448
2025-10-26T12:00:00Z,2025-10-26T12:15:00Z,2025-10-26,2025-10-26_57,-7.0,7,0,93,144.0010099479872,145.6101635479872,0.004469871111111112,0.00092,0.0,True,True,True,False,-13.4925,953.5998819710829,6.737680731779285,0.0,0.09914427461394709,0.0,946.9442069774761
2025-10-26T12:15:00Z,2025-10-26T12:30:00Z,2025-10-26,2025-10-26_58,-7.0,7,0,93,145.6101635479872,147.2199795479872,0.0044717111111111105,0.00019999999999999998,0.0,True,True,True,False,-16.135,953.5998819710829,6.737680731779285,0.0,0.019671486180780955,0.0,944.222234189043
2025-10-26T12:30:00Z,2025-10-26T12:45:00Z,2025-10-26,2025-10-26_59,-0.648388084802222,7,0,93,147.2199795479872,147.2199999999997,0.0007625570821248405,0.13916,0.0,True,True,True,False,-3.203037138922977,953.5998819710829,6.737680731779285,0.0,15.800757745647685,0.0,972.9352833095869
2025-10-26T12:45:00Z,2025-10-26T13:00:00Z,2025-10-26,2025-10-26_60,-1.9219893480854364,7,0,93,147.2199999999997,147.21999999999994,0.001860009767774097,0.42460000000000003,0.0,True,True,True,False,-10.888069656903998,953.5998819710829,6.737680731779285,0.0,61.10798764630668,0.0,1010.5574806922649
2025-10-26T13:00:00Z,2025-10-26T13:15:00Z,2025-10-26,2025-10-26_61,1.376616212327334e-13,7,7,93,147.21999999999994,147.08778260869556,0.0003672705314010701,0.12164000000000001,0.0,True,True,True,False,1.1542926940364695e-12,953.5998819710829,6.737680731779285,2.829743287105341,13.699533014655259,0.0,976.866839004624
2025-10-26T13:15:00Z,2025-10-26T13:30:00Z,2025-10-26,2025-10-26_62,5.968558980384842e-13,7,7,93,147.08778260869556,147.07611506086928,5.8169855072911895e-05,0.015000000000000001,0.00504,True,True,True,False,1.0677752015908481e-11,953.5998819710829,6.737680731779285,2.829743287105341,1.7136293892003542,-0.3965771614045442,964.484358217774
2025-10-26T13:30:00Z,2025-10-26T13:45:00Z,2025-10-26,2025-10-26_63,-4.263256414560601e-14,7,7,93,147.07611506086928,146.6199411478258,0.0012671497584541191,0.41968,0.0,True,True,True,False,-8.972023124442786e-13,953.5998819710829,6.737680731779285,2.829743287105341,63.21081711419298,0.0,1026.3781231041596
2025-10-26T13:45:00Z,2025-10-26T14:00:00Z,2025-10-26,2025-10-26_64,8.526512829121202e-14,7,7,93,146.6199411478258,145.31698462608668,0.003619323671497649,1.19872,0.0,True,True,True,False,2.2158275214678726e-12,953.5998819710829,6.737680731779285,2.829743287105341,227.03381868397756,0.0,1190.2011246739473
2025-10-26T14:00:00Z,2025-10-26T14:15:00Z,2025-10-26,2025-10-26_65,1.1316392375079905e-13,0,3,97,145.31698462608668,145.31763125465807,1.7961904762757482e-06,0.0,0.0007028571428571429,True,True,True,False,2.0049818190547824e-12,994.6149306580112,0.0,1.1791088816760107,0.0,-0.0553049782911099,995.7387345613981
2025-10-26T14:15:00Z,2025-10-26T14:30:00Z,2025-10-26,2025-10-26_66,-1.1296383516829729e-13,0,3,97,145.31763125465807,145.3176312546581,7.217133913530107e-17,0.0,0.0,True,True,True,False,-2.7071783098082444e-12,994.6149306580112,0.0,1.1791088816760107,0.0,0.0,995.7940395396845
2025-10-26T14:30:00Z,2025-10-26T14:45:00Z,2025-10-26,2025-10-26_67,3.0,0,3,97,145.3176312546581,144.50241386335375,0.0022644927536231885,0.0,0.0,True,True,True,False,99.405,994.6149306580112,0.0,1.1791088816760107,0.0,0.0,1095.1990395396872
2025-10-26T14:45:00Z,2025-10-26T15:00:00Z,2025-10-26,2025-10-26_68,3.0,0,3,97,144.50241386335375,143.69375547826058,0.0022462732919254656,0.0,0.006034285714285713,True,True,True,False,118.46249999999999,994.6149306580112,0.0,1.1791088816760107,0.0,-0.4748134721578215,1113.7817260675295
2025-10-26T15:00:00Z,2025-10-26T15:15:00Z,2025-10-26,2025-10-26_69,0.0,0,0,100,143.69375547826058,143.69375547826058,0.0,0.0,0.0,True,True,True,False,0.0,1025.3762171732074,0.0,0.0,0.0,0.0,1025.3762171732074
2025-10-26T15:15:00Z,2025-10-26T15:30:00Z,2025-10-26,2025-10-26_70,0.0,0,0,100,143.69375547826058,143.69375547826058,0.0,0.0,0.0,True,True,True,False,0.0,1025.3762171732074,0.0,0.0,0.0,0.0,1025.3762171732074
2025-10-26T15:30:00Z,2025-10-26T15:45:00Z,2025-10-26,2025-10-26_71,0.0,0,0,100,143.69375547826058,143.69375547826058,0.0,0.0,0.0,True,True,True,False,0.0,1025.3762171732074,0.0,0.0,0.0,0.0,1025.3762171732074
2025-10-26T15:45:00Z,2025-10-26T16:00:00Z,2025-10-26,2025-10-26_72,0.0,0,0,100,143.69375547826058,143.69375547826058,0.0,0.0,0.0,True,True,True,False,0.0,1025.3762171732074,0.0,0.0,0.0,0.0,1025.3762171732074
2025-10-26T16:00:00Z,2025-10-26T16:15:00Z,2025-10-26,2025-10-26_73,79.18714243991397,0,100,0,143.69375547826058,122.26149068322971,0.0596209939398669,0.0,0.08171428571428571,True,True,True,False,2523.2982938478585,0.0,0.0,39.30362938920036,0.0,-6.429765768803834,2556.172157468255
2025-10-26T16:15:00Z,2025-10-26T16:30:00Z,2025-10-26,2025-10-26_74,100.0,0,100,0,122.26149068322971,95.67142857142846,0.07386128364389234,0.0,0.5371428571428571,True,True,True,False,3604.2499999999995,0.0,0.0,39.30362938920036,0.0,-38.18062358611193,3605.373005803088
2025-10-26T16:30:00Z,2025-10-26T16:45:00Z,2025-10-26,2025-10-26_75,100.0,0,100,0,95.67142857142846,90.18136645962723,0.015250172532781228,0.0,19.949142857142856,True,True,True,False,3891.7499999999995,0.0,0.0,39.30362938920036,0.0,1886.705833832146,5817.759463221346
2025-10-26T16:45:00Z,2025-10-26T17:00:00Z,2025-10-26,2025-10-26_76,100.0,0,100,0,90.18136645962723,64.34782608695642,0.07175983436853002,0.0,1.233142857142857,True,True,True,False,3979.75,0.0,0.0,39.30362938920036,0.0,-83.84740727001925,3935.206222119181
2025-10-26T17:00:00Z,2025-10-26T17:15:00Z,2025-10-26,2025-10-26_77,0.0,0,0,100,64.34782608695642,64.34782608695642,0.0,0.0,0.0,True,True,True,False,0.0,1025.3762171732074,0.0,0.0,0.0,0.0,1025.3762171732074
2025-10-26T17:15:00Z,2025-10-26T17:30:00Z,2025-10-26,2025-10-26_78,0.0,0,0,100,64.34782608695642,64.34782608695642,0.0,0.0,0.0,True,True,True,False,0.0,1025.3762171732074,0.0,0.0,0.0,0.0,1025.3762171732074
2025-10-26T17:30:00Z,2025-10-26T17:45:00Z,2025-10-26,2025-10-26_79,0.0,0,0,100,64.34782608695642,64.34782608695642,0.0,0.0,0.0,True,True,True,False,0.0,1025.3762171732074,0.0,0.0,0.0,0.0,1025.3762171732074
2025-10-26T17:45:00Z,2025-10-26T18:00:00Z,2025-10-26,2025-10-26_80,0.0,0,0,100,64.34782608695642,64.34782608695642,0.0,0.0,0.0,True,True,True,False,0.0,1025.3762171732074,0.0,0.0,0.0,0.0,1025.3762171732074
2025-10-26T18:00:00Z,2025-10-26T18:15:00Z,2025-10-26,2025-10-26_81,0.0,0,0,100,64.34782608695642,64.34782608695642,0.0,0.0,0.0,True,True,True,False,0.0,1025.3762171732074,0.0,0.0,0.0,0.0,1025.3762171732074
2025-10-26T18:15:00Z,2025-10-26T18:30:00Z,2025-10-26,2025-10-26_82,0.0,0,0,100,64.34782608695642,64.34782608695642,0.0,0.0,0.0,True,True,True,False,0.0,1025.3762171732074,0.0,0.0,0.0,0.0,1025.3762171732074
2025-10-26T18:30:00Z,2025-10-26T18:45:00Z,2025-10-26,2025-10-26_83,0.0,0,0,100,64.34782608695642,64.34782608695642,0.0,0.0,0.0,True,True,True,False,0.0,1025.3762171732074,0.0,0.0,0.0,0.0,1025.3762171732074
2025-10-26T18:45:00Z,2025-10-26T19:00:00Z,2025-10-26,2025-10-26_84,0.0,0,0,100,64.34782608695642,64.34782608695642,0.0,0.0,0.0,True,True,True,False,0.0,1025.3762171732074,0.0,0.0,0.0,0.0,1025.3762171732074
2025-10-26T19:00:00Z,2025-10-26T19:15:00Z,2025-10-26,2025-10-26_85,0.0,0,0,100,64.34782608695642,64.34782608695642,0.0,0.0,0.0,True,True,True,False,0.0,1025.3762171732074,0.0,0.0,0.0,0.0,1025.3762171732074
2025-10-26T19:15:00Z,2025-10-26T19:30:00Z,2025-10-26,2025-10-26_86,0.0,0,0,100,64.34782608695642,64.34782608695642,0.0,0.0,0.0,True,True,True,False,0.0,1025.3762171732074,0.0,0.0,0.0,0.0,1025.3762171732074
2025-10-26T19:30:00Z,2025-10-26T19:45:00Z,2025-10-26,2025-10-26_87,0.0,0,0,100,64.34782608695642,64.34782608695642,0.0,0.0,0.0,True,True,True,False,0.0,1025.3762171732074,0.0,0.0,0.0,0.0,1025.3762171732074
2025-10-26T19:45:00Z,2025-10-26T20:00:00Z,2025-10-26,2025-10-26_88,0.0,0,0,100,64.34782608695642,64.34782608695642,0.0,0.0,0.0,True,True,True,False,0.0,1025.3762171732074,0.0,0.0,0.0,0.0,1025.3762171732074
2025-10-26T20:00:00Z,2025-10-26T20:15:00Z,2025-10-26,2025-10-26_89,0.0,0,0,100,64.34782608695642,64.34782608695642,0.0,0.0,0.0,True,True,True,False,0.0,1025.3762171732074,0.0,0.0,0.0,0.0,1025.3762171732074
2025-10-26T20:15:00Z,2025-10-26T20:30:00Z,2025-10-26,2025-10-26_90,0.0,0,0,100,64.34782608695642,64.34782608695642,0.0,0.0,0.0,True,True,True,False,0.0,1025.3762171732074,0.0,0.0,0.0,0.0,1025.3762171732074
2025-10-26T20:30:00Z,2025-10-26T20:45:00Z,2025-10-26,2025-10-26_91,0.0,0,0,100,64.34782608695642,64.34782608695642,0.0,0.0,0.0,True,True,True,False,0.0,1025.3762171732074,0.0,0.0,0.0,0.0,1025.3762171732074
2025-10-26T20:45:00Z,2025-10-26T21:00:00Z,2025-10-26,2025-10-26_92,0.0,0,0,100,64.34782608695642,64.34782608695642,0.0,0.0,0.0,True,True,True,False,0.0,1025.3762171732074,0.0,0.0,0.0,0.0,1025.3762171732074
2025-10-26T21:00:00Z,2025-10-26T21:15:00Z,2025-10-26,2025-10-26_93,100.0,0,0,0,64.34782608695642,37.17391304347816,0.0754830917874396,0.0,0.0,True,False,False,False,2182.5,0.0,0.0,0.0,0.0,0.0,2182.5
2025-10-26T21:15:00Z,2025-10-26T21:30:00Z,2025-10-26,2025-10-26_94,100.0,0,0,0,37.17391304347816,9.9999999999999,0.0754830917874396,0.0,0.0,True,False,False,False,2041.5,0.0,0.0,0.0,0.0,0.0,2041.5
2025-10-26T21:30:00Z,2025-10-26T21:45:00Z,2025-10-26,2025-10-26_95,0.0,0,0,0,9.9999999999999,9.9999999999999,0.0,0.0,0.0,True,False,False,False,0.0,0.0,0.0,0.0,0.0,0.0,0.0
2025-10-26T21:45:00Z,2025-10-26T22:00:00Z,2025-10-26,2025-10-26_96,-100.0,0,0,0,9.9999999999999,32.9999999999999,0.06388888888888888,0.0,0.0,True,False,False,False,-740.25,0.0,0.0,0.0,0.0,0.0,-740.25
2025-10-26T22:00:00Z,2025-10-26T22:15:00Z,2025-10-27,2025-10-26_97,4.291555034046971e-15,100,0,0,32.9999999999999,32.91863354037257,0.000226017943409251,0.07485714285714286,0.0,True,True,True,False,1.0293294749161659e-13,0.0,97.37385659486574,0.0,8.576771684300748,0.0,105.9506282791666
2025-10-26T22:15:00Z,2025-10-26T22:30:00Z,2025-10-27,2025-10-26_98,-100.0,100,0,0,32.91863354037257,55.895502111801136,0.06382463492063492,0.02514285714285714,0.0,True,True,True,False,-911.2500000000001,0.0,97.37385659486574,0.0,2.7360236057834166,0.0,-811.1401197993509
2025-10-26T22:30:00Z,2025-10-26T22:45:00Z,2025-10-27,2025-10-26_99,-100.0,100,0,0,55.895502111801136,78.89392496894399,0.06388450793650793,0.0017142857142857142,0.0,True,True,True,False,-405.5,0.0,97.37385659486574,0.0,0.1686127386924082,0.0,-307.95753066644187
2025-10-26T22:45:00Z,2025-10-26T23:00:00Z,2025-10-27,2025-10-26_100,-100.0,100,0,0,78.89392496894399,101.89392496894399,0.0638888888888889,0.0,0.0,True,True,True,False,-86.75,0.0,97.37385659486574,0.0,0.0,0.0,10.623856594865742
2025-10-26T23:00:00Z,2025-10-26T23:15:00Z,2025-10-27,2025-10-27_1,0.0,1,1,99,101.89392496894399,101.9233386832297,8.17047619047619e-05,0.0,0.03197142857142857,True,True,True,False,0.0,1015.1224550014754,0.9616406019474771,0.4853939215107701,0.0,5.659260464528094,1022.2287499894617
2025-10-26T23:15:00Z,2025-10-26T23:30:00Z,2025-10-27,2025-10-27_2,0.0,1,1,99,101.9233386832297,101.95991262608685,0.00010159428571428573,0.0,0.039754285714285714,True,True,True,False,0.0,1015.1224550014754,0.9616406019474771,0.4853939215107701,0.0,0.31544578004468243,1016.8849353049783
2025-10-26T23:30:00Z,2025-10-26T23:45:00Z,2025-10-27,2025-10-27_3,0.0,1,1,99,101.95991262608685,101.993689768944,9.382539682539683e-05,0.0,0.03671428571428571,True,True,True,False,0.0,1015.1224550014754,0.9616406019474771,0.4853939215107701,0.0,-0.6937400272590595,1015.8757494976745
2025-10-26T23:45:00Z,2025-10-27T00:00:00Z,2025-10-27,2025-10-27_4,0.0,1,1,99,101.993689768944,102.04545159751542,0.00014378285714285714,0.0,0.05626285714285714,True,True,True,False,0.0,1015.1224550014754,0.9616406019474771,0.4853939215107701,0.0,-0.3159286430889854,1016.2535608818447
2025-10-27T00:00:00Z,2025-10-27T00:15:00Z,2025-10-27,2025-10-27_5,-0.5256927720749973,1,0,99,102.04545159751542,102.16636093509267,0.000335859271047915,0.0,0.0,True,True,True,False,-5.854903248985282,1015.1224550014754,0.9616406019474771,0.0,0.0,0.0,1010.2291923544376
2025-10-27T00:15:00Z,2025-10-27T00:30:00Z,2025-10-27,2025-10-27_6,-1.0,1,0,99,102.16636093509267,102.39636093509267,0.0006388888888888889,0.0,0.0,True,True,True,False,-9.075,1015.1224550014754,0.9616406019474771,0.0,0.0,0.0,1007.0090956034229
2025-10-27T00:30:00Z,2025-10-27T00:45:00Z,2025-10-27,2025-10-27_7,-1.0,1,0,99,102.39636093509267,102.62636093509268,0.0006388888888888889,0.0,0.0,True,True,True,False,-7.1875,1015.1224550014754,0.9616406019474771,0.0,0.0,0.0,1008.8965956034228
2025-10-27T00:45:00Z,2025-10-27T01:00:00Z,2025-10-27,2025-10-27_8,-1.0,1,0,99,102.62636093509268,102.85636093509268,0.0006388888888888889,0.0,0.0,True,True,True,False,-7.0725,1015.1224550014754,0.9616406019474771,0.0,0.0,0.0,1009.0115956034228
2025-10-27T01:00:00Z,2025-10-27T01:15:00Z,2025-10-27,2025-10-27_9,-16.0,16,0,84,102.85636093509268,106.53636093509267,0.010222222222222223,0.0,0.0,True,True,True,False,-123.28,861.3160224254942,15.386249631159634,0.0,0.0,0.0,753.4222720566538
2025-10-27T01:15:00Z,2025-10-27T01:30:00Z,2025-10-27,2025-10-27_10,-16.0,16,0,84,106.53636093509267,110.21636093509267,0.010222222222222223,0.0,0.0,True,True,True,False,-121.4,861.3160224254942,15.386249631159634,0.0,0.0,0.0,755.3022720566538
2025-10-27T01:30:00Z,2025-10-27T01:45:00Z,2025-10-27,2025-10-27_11,-16.0,16,0,84,110.21636093509267,113.89636093509267,0.010222222222222223,0.0,0.0,True,True,True,False,-131.6,861.3160224254942,15.386249631159634,0.0,0.0,0.0,745.1022720566539
2025-10-27T01:45:00Z,2025-10-27T02:00:00Z,2025-10-27,2025-10-27_12,-16.0,16,0,84,113.89636093509267,117.57636093509267,0.010222222222222221,0.0,0.0,True,True,True,False,-144.8,861.3160224254942,15.386249631159634,0.0,0.0,0.0,731.9022720566538
2025-10-27T02:00:00Z,2025-10-27T02:15:00Z,2025-10-27,2025-10-27_13,-0.9999999999999727,0,0,99,117.57636093509267,117.80636093509266,0.0006388888888888715,0.0,0.0,True,False,True,False,-8.232499999999774,1015.1224550014754,0.0,0.0,0.0,0.0,1006.8899550014756
2025-10-27T02:15:00Z,2025-10-27T02:30:00Z,2025-10-27,2025-10-27_14,-1.0,0,0,99,117.80636093509266,118.03636093509266,0.0006388888888888889,0.0,0.0,True,False,True,False,-9.48,1015.1224550014754,0.0,0.0,0.0,0.0,1005.6424550014754
2025-10-27T02:30:00Z,2025-10-27T02:45:00Z,2025-10-27,2025-10-27_15,-0.9999999999999727,0,0,99,118.03636093509266,118.26636093509265,0.0006388888888888715,0.0,0.0,True,False,True,False,-9.774999999999734,1015.1224550014754,0.0,0.0,0.0,0.0,1005.3474550014756
2025-10-27T02:45:00Z,2025-10-27T03:00:00Z,2025-10-27,2025-10-27_16,-1.0,0,0,99,118.26636093509265,118.49636093509265,0.0006388888888888889,0.0,0.0,True,False,True,False,-9.72,1015.1224550014754,0.0,0.0,0.0,0.0,1005.4024550014753
2025-10-27T03:00:00Z,2025-10-27T03:15:00Z,2025-10-27,2025-10-27_17,0.0,100,100,0,118.49636093509265,141.02479522080694,0.06257898412698414,0.0,24.48742857142857,True,True,True,False,0.0,0.0,96.16406019474772,48.53939215107702,0.0,24087.08910036673,24231.792552712555
2025-10-27T03:15:00Z,2025-10-27T03:30:00Z,2025-10-27,2025-10-27_18,0.0,100,100,0,141.02479522080694,144.48136664937837,0.009601587301587304,0.0,3.7571428571428576,True,True,True,False,0.0,0.0,96.16406019474772,48.53939215107702,0.0,352.3909539265692,497.09440627239394
2025-10-27T03:30:00Z,2025-10-27T03:45:00Z,2025-10-27,2025-10-27_19,0.0,100,100,0,144.48136664937837,144.61874205310508,0.0007749730848861283,0.06514285714285714,0.22628571428571428,True,True,True,False,0.0,0.0,96.16406019474772,48.53939215107702,6.086919866795937,-9.710054208995489,141.0803180036252
2025-10-27T03:45:00Z,2025-10-27T04:00:00Z,2025-10-27,2025-10-27_20,0.0,100,100,0,144.61874205310508,144.45524987919205,0.0005534465148378192,0.16685714285714284,0.01942857142857143,True,True,True,False,0.0,0.0,96.16406019474772,48.53939215107702,15.59105790442468,-1.199736739310655,159.09477351093875
2025-10-27T04:00:00Z,2025-10-27T04:15:00Z,2025-10-27,2025-10-27_21,0.2538764752540162,0,1,99,144.45524987919205,144.39292141999485,0.00019952416892528277,0.0,0.006920000000000001,True,True,True,False,5.350446715978391,1015.1224550014754,0.0,0.39303629389200356,0.0,-0.39574341300285243,1020.4701945983429
2025-10-27T04:15:00Z,2025-10-27T04:30:00Z,2025-10-27,2025-10-27_22,0.013795602026584189,0,1,99,144.39292141999485,144.45735981310781,0.00019366324138151537,0.0,0.07393142857142858,True,True,True,False,0.3057105409091056,1015.1224550014754,0.0,0.39303629389200356,0.0,-2.597758572412146,1013.2234432638643
2025-10-27T04:30:00Z,2025-10-27T04:45:00Z,2025-10-27,2025-10-27_23,0.9340066408410921,0,1,99,144.45735981310781,144.25034161490692,0.0005897182555149922,0.0,0.04348571428571429,True,True,True,False,24.274832595459984,1015.1224550014754,0.0,0.39303629389200356,0.0,-1.7481282805715974,1038.0421956102557
2025-10-27T04:45:00Z,2025-10-27T05:00:00Z,2025-10-27,2025-10-27_24,1.0,0,1,99,144.25034161490692,144.00000000000009,0.0006953933747412008,0.0,0.019685714285714286,True,True,True,False,34.365,1015.1224550014754,0.0,0.39303629389200356,0.0,-1.0079968638030603,1048.8724944315643
2025-10-27T05:00:00Z,2025-10-27T05:15:00Z,2025-10-27,2025-10-27_25,0.0,0,0,100,144.00000000000009,144.00000000000009,0.0,0.0,0.0,True,False,True,False,0.0,1025.3762171732074,0.0,0.0,0.0,0.0,1025.3762171732074
2025-10-27T05:15:00Z,2025-10-27T05:30:00Z,2025-10-27,2025-10-27_26,0.0,0,0,100,144.00000000000009,144.00000000000009,0.0,0.0,0.0,True,False,True,False,0.0,1025.3762171732074,0.0,0.0,0.0,0.0,1025.3762171732074
2025-10-27T05:30:00Z,2025-10-27T05:45:00Z,2025-10-27,2025-10-27_27,0.0,0,0,100,144.00000000000009,144.00000000000009,0.0,0.0,0.0,True,False,True,False,0.0,1025.3762171732074,0.0,0.0,0.0,0.0,1025.3762171732074
2025-10-27T05:45:00Z,2025-10-27T06:00:00Z,2025-10-27,2025-10-27_28,0.0,0,0,100,144.00000000000009,144.00000000000009,0.0,0.0,0.0,True,False,True,False,0.0,1025.3762171732074,0.0,0.0,0.0,0.0,1025.3762171732074
2025-10-27T06:00:00Z,2025-10-27T06:15:00Z,2025-10-27,2025-10-27_29,0.0,0,100,0,144.00000000000009,145.61499428571437,0.004486095238095238,0.0,1.7554285714285713,True,True,True,False,0.0,0.0,0.0,38.92003540867512,0.0,-81.90204341778022,-42.9820080091051
2025-10-27T06:15:00Z,2025-10-27T06:30:00Z,2025-10-27,2025-10-27_30,99.36620565688946,0,100,0,145.61499428571437,129.5616454956523,0.044919240416796395,0.0,10.082285714285714,True,True,True,False,2920.3727842559815,0.0,0.0,38.92003540867512,0.0,279.1881800222007,3238.480999686857
2025-10-27T06:30:00Z,2025-10-27T06:45:00Z,2025-10-27,2025-10-27_31,99.99999999999997,0,100,0,129.5616454956523,129.26972002981378,0.0008109040717736566,0.0,24.73142857142857,True,True,True,False,2949.499999999999,0.0,0.0,38.92003540867512,0.0,15585.519088367126,18573.9391237758
2025-10-27T06:45:00Z,2025-10-27T07:00:00Z,2025-10-27,2025-10-27_32,0.0,0,100,0,129.26972002981378,133.74565145838523,0.012433142857142856,0.0,4.865142857142857,True,True,True,False,0.0,0.0,0.0,38.92003540867512,0.0,14.837082662395142,53.75711807107026
2025-10-27T07:00:00Z,2025-10-27T07:15:00Z,2025-10-27,2025-10-27_33,9.147024830654853e-14,100,67,0,133.74565145838523,128.5666751105591,0.014454534299516975,4.776000000000001,0.0134,True,True,True,False,2.796016815110422e-12,0.0,108.11448804957215,26.07642372381233,893.921388020065,-0.8653550506540769,1027.2469447427982
2025-10-27T07:15:00Z,2025-10-27T07:30:00Z,2025-10-27,2025-10-27_34,0.0,100,67,0,128.5666751105591,114.37164405465847,0.03943064182194617,13.059428571428572,0.0,True,True,True,False,0.0,0.0,108.11448804957215,26.07642372381233,2625.604087172786,0.0,2759.7949989461704
2025-10-27T07:30:00Z,2025-10-27T07:45:00Z,2025-10-27,2025-10-27_35,-32.99999999999991,100,67,0,114.37164405465847,102.56737678509324,0.04325467511387167,18.795428571428573,0.0,True,True,True,False,-907.6649999999975,0.0,108.11448804957215,26.07642372381233,11062.933427306834,0.0,10289.459339080222
2025-10-27T07:45:00Z,2025-10-27T08:00:00Z,2025-10-27,2025-10-27_36,-32.99999999999991,100,67,0,102.56737678509324,110.1529371428572,0.028605611069703198,1.8622857142857143,2.0838914285714285,True,True,True,False,-806.3549999999977,0.0,108.11448804957215,26.07642372381233,381.34966246539926,-81.26541176186261,-372.0798375230766
2025-10-27T08:00:00Z,2025-10-27T08:15:00Z,2025-10-27,2025-10-27_37,0.0,0,0,100,110.1529371428572,110.1529371428572,0.0,0.0,0.0,True,True,True,False,0.0,1025.3762171732074,0.0,0.0,0.0,0.0,1025.3762171732074
2025-10-27T08:15:00Z,2025-10-27T08:30:00Z,2025-10-27,2025-10-27_38,0.0,0,0,100,110.1529371428572,110.1529371428572,0.0,0.0,0.0,True,True,True,False,0.0,1025.3762171732074,0.0,0.0,0.0,0.0,1025.3762171732074
2025-10-27T08:30:00Z,2025-10-27T08:45:00Z,2025-10-27,2025-10-27_39,0.0,0,0,100,110.1529371428572,110.1529371428572,0.0,0.0,0.0,True,True,True,False,0.0,1025.3762171732074,0.0,0.0,0.0,0.0,1025.3762171732074
2025-10-27T08:45:00Z,2025-10-27T09:00:00Z,2025-10-27,2025-10-27_40,0.0,0,0,100,110.1529371428572,110.1529371428572,0.0,0.0,0.0,True,True,True,False,0.0,1025.3762171732074,0.0,0.0,0.0,0.0,1025.3762171732074
2025-10-27T09:00:00Z,2025-10-27T09:15:00Z,2025-10-27,2025-10-27_41,-100.0,100,0,0,110.1529371428572,113.89654857142862,0.010398920634920638,20.930857142857143,0.0,True,True,True,False,-2710.0,0.0,97.6394216583063,0.0,26307.28141319957,0.0,23694.920834857876
2025-10-27T09:15:00Z,2025-10-27T09:30:00Z,2025-10-27,2025-10-27_42,-100.0,100,0,0,113.89654857142862,115.44004571428577,0.004287492063492062,23.322285714285716,0.0,True,True,True,False,-2599.0,0.0,97.6394216583063,0.0,27876.28601621493,0.0,25374.925437873237
2025-10-27T09:30:00Z,2025-10-27T09:45:00Z,2025-10-27,2025-10-27_43,-100.0,100,0,0,115.44004571428577,126.45113142857149,0.030586349206349207,13.031428571428572,0.0,True,True,True,False,-2508.25,0.0,97.6394216583063,0.0,4970.264017760543,0.0,2559.653439418849
2025-10-27T09:45:00Z,2025-10-27T10:00:00Z,2025-10-27,2025-10-27_44,-100.0,100,0,0,126.45113142857149,144.00000000000006,0.048746857142857154,5.925142857142857,0.0,True,True,True,False,-2305.0,0.0,97.6394216583063,0.0,943.3034898902614,0.0,-1264.0570884514323
2025-10-27T10:00:00Z,2025-10-27T10:15:00Z,2025-10-27,2025-10-27_45,0.0,0,0,100,144.00000000000006,144.00000000000006,0.0,0.0,0.0,True,True,True,False,0.0,1025.3762171732074,0.0,0.0,0.0,0.0,1025.3762171732074
2025-10-27T10:15:00Z,2025-10-27T10:30:00Z,2025-10-27,2025-10-27_46,0.0,0,0,100,144.00000000000006,144.00000000000006,0.0,0.0,0.0,True,True,True,False,0.0,1025.3762171732074,0.0,0.0,0.0,0.0,1025.3762171732074
2025-10-27T10:30:00Z,2025-10-27T10:45:00Z,2025-10-27,2025-10-27_47,0.0,0,0,100,144.00000000000006,144.00000000000006,0.0,0.0,0.0,True,True,True,False,0.0,1025.3762171732074,0.0,0.0,0.0,0.0,1025.3762171732074
2025-10-27T10:45:00Z,2025-10-27T11:00:00Z,2025-10-27,2025-10-27_48,0.0,0,0,100,144.00000000000006,144.00000000000006,0.0,0.0,0.0,True,True,True,False,0.0,1025.3762171732074,0.0,0.0,0.0,0.0,1025.3762171732074
2025-10-27T11:00:00Z,2025-10-27T11:15:00Z,2025-10-27,2025-10-27_49,0.0,0,0,100,144.00000000000006,144.00000000000006,0.0,0.0,0.0,True,True,True,False,0.0,1025.3762171732074,0.0,0.0,0.0,0.0,1025.3762171732074
2025-10-27T11:15:00Z,2025-10-27T11:30:00Z,2025-10-27,2025-10-27_50,0.0,0,0,100,144.00000000000006,144.00000000000006,0.0,0.0,0.0,True,True,True,False,0.0,1025.3762171732074,0.0,0.0,0.0,0.0,1025.3762171732074
2025-10-27T11:30:00Z,2025-10-27T11:45:00Z,2025-10-27,2025-10-27_51,0.0,0,0,100,144.00000000000006,144.00000000000006,0.0,0.0,0.0,True,True,True,False,0.0,1025.3762171732074,0.0,0.0,0.0,0.0,1025.3762171732074
2025-10-27T11:45:00Z,2025-10-27T12:00:00Z,2025-10-27,2025-10-27_52,0.0,0,0,100,144.00000000000006,144.00000000000006,0.0,0.0,0.0,True,True,True,False,0.0,1025.3762171732074,0.0,0.0,0.0,0.0,1025.3762171732074
2025-10-27T12:00:00Z,2025-10-27T12:15:00Z,2025-10-27,2025-10-27_53,0.0,0,0,100,144.00000000000006,144.00000000000006,0.0,0.0,0.0,True,True,True,False,0.0,1025.3762171732074,0.0,0.0,0.0,0.0,1025.3762171732074
2025-10-27T12:15:00Z,2025-10-27T12:30:00Z,2025-10-27,2025-10-27_54,0.0,0,0,100,144.00000000000006,144.00000000000006,0.0,0.0,0.0,True,True,True,False,0.0,1025.3762171732074,0.0,0.0,0.0,0.0,1025.3762171732074
2025-10-27T12:30:00Z,2025-10-27T12:45:00Z,2025-10-27,2025-10-27_55,0.0,0,0,100,144.00000000000006,144.00000000000006,0.0,0.0,0.0,True,True,True,False,0.0,1025.3762171732074,0.0,0.0,0.0,0.0,1025.3762171732074
2025-10-27T12:45:00Z,2025-10-27T13:00:00Z,2025-10-27,2025-10-27_56,0.0,0,0,100,144.00000000000006,144.00000000000006,0.0,0.0,0.0,True,True,True,False,0.0,1025.3762171732074,0.0,0.0,0.0,0.0,1025.3762171732074
2025-10-27T13:00:00Z,2025-10-27T13:15:00Z,2025-10-27,2025-10-27_57,0.0,0,0,100,144.00000000000006,144.00000000000006,0.0,0.0,0.0,True,True,True,False,0.0,1025.3762171732074,0.0,0.0,0.0,0.0,1025.3762171732074
2025-10-27T13:15:00Z,2025-10-27T13:30:00Z,2025-10-27,2025-10-27_58,0.0,0,0,100,144.00000000000006,144.00000000000006,0.0,0.0,0.0,True,True,True,False,0.0,1025.3762171732074,0.0,0.0,0.0,0.0,1025.3762171732074
2025-10-27T13:30:00Z,2025-10-27T13:45:00Z,2025-10-27,2025-10-27_59,0.0,0,0,100,144.00000000000006,144.00000000000006,0.0,0.0,0.0,True,True,True,False,0.0,1025.3762171732074,0.0,0.0,0.0,0.0,1025.3762171732074
2025-10-27T13:45:00Z,2025-10-27T14:00:00Z,2025-10-27,2025-10-27_60,0.0,0,0,100,144.00000000000006,144.00000000000006,0.0,0.0,0.0,True,True,True,False,0.0,1025.3762171732074,0.0,0.0,0.0,0.0,1025.3762171732074
2025-10-27T14:00:00Z,2025-10-27T14:15:00Z,2025-10-27,2025-10-27_61,0.0,0,0,100,144.00000000000006,144.00000000000006,0.0,0.0,0.0,True,False,True,False,0.0,1025.3762171732074,0.0,0.0,0.0,0.0,1025.3762171732074
2025-10-27T14:15:00Z,2025-10-27T14:30:00Z,2025-10-27,2025-10-27_62,0.0,0,0,100,144.00000000000006,144.00000000000006,0.0,0.0,0.0,True,False,True,False,0.0,1025.3762171732074,0.0,0.0,0.0,0.0,1025.3762171732074
2025-10-27T14:30:00Z,2025-10-27T14:45:00Z,2025-10-27,2025-10-27_63,0.0,0,0,100,144.00000000000006,144.00000000000006,0.0,0.0,0.0,True,False,True,False,0.0,1025.3762171732074,0.0,0.0,0.0,0.0,1025.3762171732074
2025-10-27T14:45:00Z,2025-10-27T15:00:00Z,2025-10-27,2025-10-27_64,0.0,0,0,100,144.00000000000006,144.00000000000006,0.0,0.0,0.0,True,False,True,False,0.0,1025.3762171732074,0.0,0.0,0.0,0.0,1025.3762171732074
2025-10-27T15:00:00Z,2025-10-27T15:15:00Z,2025-10-27,2025-10-27_65,0.0,0,0,100,144.00000000000006,144.00000000000006,0.0,0.0,0.0,True,False,True,False,0.0,1025.3762171732074,0.0,0.0,0.0,0.0,1025.3762171732074
2025-10-27T15:15:00Z,2025-10-27T15:30:00Z,2025-10-27,2025-10-27_66,0.0,0,0,100,144.00000000000006,144.00000000000006,0.0,0.0,0.0,True,False,True,False,0.0,1025.3762171732074,0.0,0.0,0.0,0.0,1025.3762171732074
2025-10-27T15:30:00Z,2025-10-27T15:45:00Z,2025-10-27,2025-10-27_67,0.0,0,0,100,144.00000000000006,144.00000000000006,0.0,0.0,0.0,True,False,True,False,0.0,1025.3762171732074,0.0,0.0,0.0,0.0,1025.3762171732074
2025-10-27T15:45:00Z,2025-10-27T16:00:00Z,2025-10-27,2025-10-27_68,0.0,0,0,100,144.00000000000006,144.00000000000006,0.0,0.0,0.0,True,False,True,False,0.0,1025.3762171732074,0.0,0.0,0.0,0.0,1025.3762171732074
2025-10-27T16:00:00Z,2025-10-27T16:15:00Z,2025-10-27,2025-10-27_69,0.0,0,98,2,144.00000000000006,144.07418880000006,0.00020608,0.0,0.08063999999999999,True,True,True,False,0.0,20.507524343464148,0.0,38.51755680141635,0.0,-6.345234582472705,52.67984656240779
2025-10-27T16:15:00Z,2025-10-27T16:30:00Z,2025-10-27,2025-10-27_70,97.94629138986154,0,98,2,144.07418880000006,117.46930434782611,0.07390248504697794,0.0,0.010079999999999999,True,True,True,False,5314.565770813887,20.507524343464148,0.0,38.51755680141635,0.0,-0.872469755089997,5372.718382203678
2025-10-27T16:30:00Z,2025-10-27T16:45:00Z,2025-10-27,2025-10-27_71,97.99999999999997,0,98,2,117.46930434782611,90.86443478260873,0.07390241545893719,0.0,0.02352,True,True,True,False,5879.999999999998,20.507524343464148,0.0,38.51755680141635,0.0,-2.03576276187666,5936.989318383002
2025-10-27T16:45:00Z,2025-10-27T17:00:00Z,2025-10-27,2025-10-27_72,97.99999999999997,0,98,2,90.86443478260873,64.34782608695656,0.07365724637681158,0.0,0.10472,True,True,True,False,6544.439999999998,20.507524343464148,0.0,38.51755680141635,0.0,-7.56118157962034,6595.903899565258
2025-10-27T17:00:00Z,2025-10-27T17:15:00Z,2025-10-27,2025-10-27_73,0.0,0,0,100,64.34782608695656,64.34782608695656,0.0,0.0,0.0,True,True,True,False,0.0,1025.3762171732074,0.0,0.0,0.0,0.0,1025.3762171732074
2025-10-27T17:15:00Z,2025-10-27T17:30:00Z,2025-10-27,2025-10-27_74,0.0,0,0,100,64.34782608695656,64.34782608695656,0.0,0.0,0.0,True,True,True,False,0.0,1025.3762171732074,0.0,0.0,0.0,0.0,1025.3762171732074
2025-10-27T17:30:00Z,2025-10-27T17:45:00Z,2025-10-27,2025-10-27_75,0.0,0,0,100,64.34782608695656,64.34782608695656,0.0,0.0,0.0,True,True,True,False,0.0,1025.3762171732074,0.0,0.0,0.0,0.0,1025.3762171732074
2025-10-27T17:45:00Z,2025-10-27T18:00:00Z,2025-10-27,2025-10-27_76,0.0,0,0,100,64.34782608695656,64.34782608695656,0.0,0.0,0.0,True,True,True,False,0.0,1025.3762171732074,0.0,0.0,0.0,0.0,1025.3762171732074
2025-10-27T18:00:00Z,2025-10-27T18:15:00Z,2025-10-27,2025-10-27_77,0.0,0,0,100,64.34782608695656,64.34782608695656,0.0,0.0,0.0,True,True,True,False,0.0,1025.3762171732074,0.0,0.0,0.0,0.0,1025.3762171732074
2025-10-27T18:15:00Z,2025-10-27T18:30:00Z,2025-10-27,2025-10-27_78,0.0,0,0,100,64.34782608695656,64.34782608695656,0.0,0.0,0.0,True,True,True,False,0.0,1025.3762171732074,0.0,0.0,0.0,0.0,1025.3762171732074
2025-10-27T18:30:00Z,2025-10-27T18:45:00Z,2025-10-27,2025-10-27_79,0.0,0,0,100,64.34782608695656,64.34782608695656,0.0,0.0,0.0,True,True,True,False,0.0,1025.3762171732074,0.0,0.0,0.0,0.0,1025.3762171732074
2025-10-27T18:45:00Z,2025-10-27T19:00:00Z,2025-10-27,2025-10-27_80,0.0,0,0,100,64.34782608695656,64.34782608695656,0.0,0.0,0.0,True,True,True,False,0.0,1025.3762171732074,0.0,0.0,0.0,0.0,1025.3762171732074
2025-10-27T19:00:00Z,2025-10-27T19:15:00Z,2025-10-27,2025-10-27_81,26.0,0,26,74,64.34782608695656,57.29698136645967,0.01958567977915804,0.0,0.013222857142857142,True,True,True,False,1541.605,758.7784007081735,0.0,10.218943641192093,0.0,-0.9489737767848361,2309.653370572581
2025-10-27T19:15:00Z,2025-10-27T19:30:00Z,2025-10-27,2025-10-27_82,26.0000000000001,0,26,74,57.29698136645967,50.27681987577642,0.019500448585231266,0.0,0.04145142857142858,True,True,True,False,1044.810000000004,758.7784007081735,0.0,10.218943641192093,0.0,-2.7288469822535095,1811.0784973671161
2025-10-27T19:30:00Z,2025-10-27T19:45:00Z,2025-10-27,2025-10-27_83,0.0,0,26,74,50.27681987577642,50.512876104347846,0.0006557117460317462,0.0,0.25658285714285717,True,True,True,False,0.0,758.7784007081735,0.0,10.218943641192093,0.0,-16.033917506779638,752.963426842586
2025-10-27T19:45:00Z,2025-10-27T20:00:00Z,2025-10-27,2025-10-27_84,5.315481521828192,0,26,74,50.512876104347846,50.21739130434799,0.005717177793153122,0.0,1.2041714285714287,True,True,True,False,203.5032100631923,758.7784007081735,0.0,10.218943641192093,0.0,-52.94422104005958,919.5563333724983
2025-10-27T20:00:00Z,2025-10-27T20:15:00Z,2025-10-27,2025-10-27_85,0.0,100,0,0,50.21739130434799,43.183850931677185,0.019537612146307795,6.470857142857142,0.0,True,True,True,False,0.0,0.0,99.08527589259369,0.0,2061.721883179474,0.0,2160.8071590720674
2025-10-27T20:15:00Z,2025-10-27T20:30:00Z,2025-10-27,2025-10-27_86,0.0,100,0,0,43.183850931677185,35.731677018633704,0.020700483091787437,6.856,0.0,True,True,True,False,0.0,0.0,99.08527589259369,0.0,2472.0522820891115,0.0,2571.137557981705
2025-10-27T20:30:00Z,2025-10-27T20:45:00Z,2025-10-27,2025-10-27_87,-99.69135919120477,100,0,0,35.731677018633704,49.19674037267085,0.03759457092587421,10.281142857142859,0.0,True,True,True,False,-2882.824879411664,0.0,99.08527589259369,0.0,6936.095619160029,0.0,4152.3560156409585
2025-10-27T20:45:00Z,2025-10-27T21:00:00Z,2025-10-27,2025-10-27_88,-100.0,100,0,0,49.19674037267085,64.34782608695657,0.04208634920634921,8.531428571428572,0.0,True,True,True,False,-2598.75,0.0,99.08527589259369,0.0,7591.6321780550525,0.0,5091.967453947646
2025-10-27T21:00:00Z,2025-10-27T21:15:00Z,2025-10-27,2025-10-27_89,0.0,0,0,100,64.34782608695657,64.34782608695657,0.0,0.0,0.0,True,True,True,False,0.0,1025.3762171732074,0.0,0.0,0.0,0.0,1025.3762171732074
2025-10-27T21:15:00Z,2025-10-27T21:30:00Z,2025-10-27,2025-10-27_90,0.0,0,0,100,64.34782608695657,64.34782608695657,0.0,0.0,0.0,True,True,True,False,0.0,1025.3762171732074,0.0,0.0,0.0,0.0,1025.3762171732074
2025-10-27T21:30:00Z,2025-10-27T21:45:00Z,2025-10-27,2025-10-27_91,0.0,0,0,100,64.34782608695657,64.34782608695657,0.0,0.0,0.0,True,True,True,False,0.0,1025.3762171732074,0.0,0.0,0.0,0.0,1025.3762171732074
2025-10-27T21:45:00Z,2025-10-27T22:00:00Z,2025-10-27,2025-10-27_92,0.0,0,0,100,64.34782608695657,64.34782608695657,0.0,0.0,0.0,True,True,True,False,0.0,1025.3762171732074,0.0,0.0,0.0,0.0,1025.3762171732074
2025-10-27T22:00:00Z,2025-10-27T22:15:00Z,2025-10-28,2025-10-27_93,0.0,0,0,100,64.34782608695657,64.34782608695657,0.0,0.0,0.0,True,True,True,False,0.0,1025.1140654499686,0.0,0.0,0.0,0.0,1025.1140654499686
2025-10-27T22:15:00Z,2025-10-27T22:30:00Z,2025-10-28,2025-10-27_94,0.0,0,0,100,64.34782608695657,64.34782608695657,0.0,0.0,0.0,True,True,True,False,0.0,1025.1140654499686,0.0,0.0,0.0,0.0,1025.1140654499686
2025-10-27T22:30:00Z,2025-10-27T22:45:00Z,2025-10-28,2025-10-27_95,0.0,0,0,100,64.34782608695657,64.34782608695657,0.0,0.0,0.0,True,True,True,False,0.0,1025.1140654499686,0.0,0.0,0.0,0.0,1025.1140654499686
2025-10-27T22:45:00Z,2025-10-27T23:00:00Z,2025-10-28,2025-10-27_96,0.0,0,0,100,64.34782608695657,64.34782608695657,0.0,0.0,0.0,True,True,True,False,0.0,1025.1140654499686,0.0,0.0,0.0,0.0,1025.1140654499686
2025-10-27T23:00:00Z,2025-10-27T23:15:00Z,2025-10-28,2025-10-28_1,100.0,0,100,0,64.34782608695657,58.829192546583904,0.0153295376121463,0.0,19.922857142857143,True,True,True,False,2871.0,0.0,0.0,41.53555695405915,0.0,7438.946761777398,10351.482318731458
2025-10-27T23:15:00Z,2025-10-27T23:30:00Z,2025-10-28,2025-10-28_2,0.0,0,100,0,58.829192546583904,65.28916968944105,0.01794438095238095,0.0,7.021714285714285,True,True,True,False,0.0,0.0,0.0,41.53555695405915,0.0,-368.98661152566746,-327.4510545716083
2025-10-27T23:30:00Z,2025-10-27T23:45:00Z,2025-10-28,2025-10-28_3,0.0,0,100,0,65.28916968944105,66.56192397515534,0.0035354285714285713,0.0,1.3834285714285715,True,True,True,False,0.0,0.0,0.0,41.53555695405915,0.0,-82.12284264586891,-40.58728569180976
2025-10-27T23:45:00Z,2025-10-28T00:00:00Z,2025-10-28,2025-10-28_4,0.0,0,100,0,66.56192397515534,66.57927254658391,4.819047619047619e-05,0.0,0.018857142857142857,True,True,True,False,0.0,0.0,0.0,41.53555695405915,0.0,-1.4834127483592554,40.052144205699896
2025-10-28T00:00:00Z,2025-10-28T00:15:00Z,2025-10-28,2025-10-28_5,-94.0,94,0,6,66.57927254658391,70.06664031801247,0.009687132698412702,19.709382857142856,0.0,True,True,True,False,-2006.665,61.50684392699811,90.42656544996852,0.0,3743.0191003933287,0.0,1888.2875097702954
2025-10-28T00:15:00Z,2025-10-28T00:30:00Z,2025-10-28,2025-10-28_6,-94.0,94,0,6,70.06664031801247,80.01332283229819,0.02762967365079365,12.688388571428572,0.0,True,True,True,False,-1997.9699999999998,61.50684392699811,90.42656544996852,0.0,2072.206395419401,0.0,226.16980479636774
2025-10-28T00:30:00Z,2025-10-28T00:45:00Z,2025-10-28,2025-10-28_7,-93.99999999999997,94,0,6,80.01332283229819,99.10464763229818,0.05303145777777776,2.74856,0.0,True,True,True,False,-1981.0499999999993,61.50684392699811,90.42656544996852,0.0,394.3525216960352,0.0,-1434.7640689269974
2025-10-28T00:45:00Z,2025-10-28T01:00:00Z,2025-10-28,2025-10-28_8,-94.00000000000003,94,0,6,99.10464763229818,119.17344351801248,0.05574665523809526,1.6860914285714286,0.0,True,True,True,False,-1944.8600000000008,61.50684392699811,90.42656544996852,0.0,234.76389239638587,0.0,-1558.1626982266482
2025-10-28T01:00:00Z,2025-10-28T01:15:00Z,2025-10-28,2025-10-28_9,0.0,0,0,100,119.17344351801248,119.17344351801248,0.0,0.0,0.0,True,True,True,False,0.0,1025.1140654499686,0.0,0.0,0.0,0.0,1025.1140654499686
2025-10-28T01:15:00Z,2025-10-28T01:30:00Z,2025-10-28,2025-10-28_10,0.0,0,0,100,119.17344351801248,119.17344351801248,0.0,0.0,0.0,True,True,True,False,0.0,1025.1140654499686,0.0,0.0,0.0,0.0,1025.1140654499686
2025-10-28T01:30:00Z,2025-10-28T01:45:00Z,2025-10-28,2025-10-28_11,0.0,0,0,100,119.17344351801248,119.17344351801248,0.0,0.0,0.0,True,True,True,False,0.0,1025.1140654499686,0.0,0.0,0.0,0.0,1025.1140654499686
2025-10-28T01:45:00Z,2025-10-28T02:00:00Z,2025-10-28,2025-10-28_12,0.0,0,0,100,119.17344351801248,119.17344351801248,0.0,0.0,0.0,True,True,True,False,0.0,1025.1140654499686,0.0,0.0,0.0,0.0,1025.1140654499686
2025-10-28T02:00:00Z,2025-10-28T02:15:00Z,2025-10-28,2025-10-28_13,0.0,0,0,100,119.17344351801248,119.17344351801248,0.0,0.0,0.0,True,True,True,False,0.0,1025.1140654499686,0.0,0.0,0.0,0.0,1025.1140654499686
2025-10-28T02:15:00Z,2025-10-28T02:30:00Z,2025-10-28,2025-10-28_14,0.0,0,0,100,119.17344351801248,119.17344351801248,0.0,0.0,0.0,True,True,True,False,0.0,1025.1140654499686,0.0,0.0,0.0,0.0,1025.1140654499686
2025-10-28T02:30:00Z,2025-10-28T02:45:00Z,2025-10-28,2025-10-28_15,0.0,0,0,100,119.17344351801248,119.17344351801248,0.0,0.0,0.0,True,True,True,False,0.0,1025.1140654499686,0.0,0.0,0.0,0.0,1025.1140654499686
2025-10-28T02:45:00Z,2025-10-28T03:00:00Z,2025-10-28,2025-10-28_16,0.0,0,0,100,119.17344351801248,119.17344351801248,0.0,0.0,0.0,True,True,True,False,0.0,1025.1140654499686,0.0,0.0,0.0,0.0,1025.1140654499686
2025-10-28T03:00:00Z,2025-10-28T03:15:00Z,2025-10-28,2025-10-28_17,0.0,0,0,100,119.17344351801248,119.17344351801248,0.0,0.0,0.0,True,True,True,False,0.0,1025.1140654499686,0.0,0.0,0.0,0.0,1025.1140654499686
2025-10-28T03:15:00Z,2025-10-28T03:30:00Z,2025-10-28,2025-10-28_18,0.0,0,0,100,119.17344351801248,119.17344351801248,0.0,0.0,0.0,True,True,True,False,0.0,1025.1140654499686,0.0,0.0,0.0,0.0,1025.1140654499686
2025-10-28T03:30:00Z,2025-10-28T03:45:00Z,2025-10-28,2025-10-28_19,0.0,0,0,100,119.17344351801248,119.17344351801248,0.0,0.0,0.0,True,True,True,False,0.0,1025.1140654499686,0.0,0.0,0.0,0.0,1025.1140654499686
2025-10-28T03:45:00Z,2025-10-28T04:00:00Z,2025-10-28,2025-10-28_20,0.0,0,0,100,119.17344351801248,119.17344351801248,0.0,0.0,0.0,True,True,True,False,0.0,1025.1140654499686,0.0,0.0,0.0,0.0,1025.1140654499686
2025-10-28T04:00:00Z,2025-10-28T04:15:00Z,2025-10-28,2025-10-28_21,0.0,0,100,0,119.17344351801248,131.4614892322982,0.03413346031746031,0.0,13.356571428571428,True,True,True,False,0.0,0.0,0.0,38.939584644430454,0.0,1026.9335273757079,1065.8731120201383
2025-10-28T04:15:00Z,2025-10-28T04:30:00Z,2025-10-28,2025-10-28_22,100.00000000000017,0,100,0,131.4614892322982,119.90372525714287,0.032104899930987016,0.0,14.366857142857143,True,True,True,False,2434.000000000004,0.0,0.0,38.939584644430454,0.0,-387.8412876472174,2085.098296997217
2025-10-28T04:30:00Z,2025-10-28T04:45:00Z,2025-10-28,2025-10-28_23,100.0,0,100,0,119.90372525714287,107.96707929440994,0.03315734989648033,0.0,14.018285714285714,True,True,True,False,2598.75,0.0,0.0,38.939584644430454,0.0,-67.02299874134675,2570.6665859030836
2025-10-28T04:45:00Z,2025-10-28T05:00:00Z,2025-10-28,2025-10-28_24,100.0,0,100,0,107.96707929440994,94.94968799006212,0.03615942028985507,0.0,13.024000000000003,True,True,True,False,3649.75,0.0,0.0,38.939584644430454,0.0,-24.97325361862807,3663.7163310258024
2025-10-28T05:00:00Z,2025-10-28T05:15:00Z,2025-10-28,2025-10-28_25,0.0,100,100,0,94.94968799006212,102.38171084720497,0.020644507936507937,0.0,8.078285714285714,True,True,True,False,0.0,0.0,109.70932976714913,38.939584644430454,0.0,-342.8028677065539,-194.15395329497431
2025-10-28T05:15:00Z,2025-10-28T05:30:00Z,2025-10-28,2025-10-28_26,0.0,100,100,0,102.38171084720497,102.00398066086956,0.0020597902001380265,0.5148571428571429,0.1977142857142857,True,True,True,False,0.0,0.0,109.70932976714913,38.939584644430454,80.93994133776859,-15.553357907039466,214.0354978423087
2025-10-28T05:30:00Z,2025-10-28T05:45:00Z,2025-10-28,2025-10-28_27,0.0,100,100,0,102.00398066086956,88.0828626484472,0.038669772256728775,12.807428571428572,0.0,True,True,True,False,0.0,0.0,109.70932976714913,38.939584644430454,5378.2006498921155,0.0,5526.849564303695
2025-10-28T05:45:00Z,2025-10-28T06:00:00Z,2025-10-28,2025-10-28_28,0.0,100,100,0,88.0828626484472,79.17416699627329,0.024746376811594202,8.196,0.0,True,True,True,False,0.0,0.0,109.70932976714913,38.939584644430454,1874.1306159534297,0.0,2022.7795303650094
2025-10-28T06:00:00Z,2025-10-28T06:15:00Z,2025-10-28,2025-10-28_29,0.0,0,0,100,79.17416699627329,79.17416699627329,0.0,0.0,0.0,True,False,True,False,0.0,1025.1140654499686,0.0,0.0,0.0,0.0,1025.1140654499686
2025-10-28T06:15:00Z,2025-10-28T06:30:00Z,2025-10-28,2025-10-28_30,0.0,0,0,100,79.17416699627329,79.17416699627329,0.0,0.0,0.0,True,False,True,False,0.0,1025.1140654499686,0.0,0.0,0.0,0.0,1025.1140654499686
2025-10-28T06:30:00Z,2025-10-28T06:45:00Z,2025-10-28,2025-10-28_31,0.0,0,0,100,79.17416699627329,79.17416699627329,0.0,0.0,0.0,True,False,True,False,0.0,1025.1140654499686,0.0,0.0,0.0,0.0,1025.1140654499686
2025-10-28T06:45:00Z,2025-10-28T07:00:00Z,2025-10-28,2025-10-28_32,0.0,0,0,100,79.17416699627329,79.17416699627329,0.0,0.0,0.0,True,False,True,False,0.0,1025.1140654499686,0.0,0.0,0.0,0.0,1025.1140654499686
2025-10-28T07:00:00Z,2025-10-28T07:15:00Z,2025-10-28,2025-10-28_33,0.0,0,0,100,79.17416699627329,79.17416699627329,0.0,0.0,0.0,True,False,True,False,0.0,1025.1140654499686,0.0,0.0,0.0,0.0,1025.1140654499686
2025-10-28T07:15:00Z,2025-10-28T07:30:00Z,2025-10-28,2025-10-28_34,0.0,0,0,100,79.17416699627329,79.17416699627329,0.0,0.0,0.0,True,False,True,False,0.0,1025.1140654499686,0.0,0.0,0.0,0.0,1025.1140654499686
2025-10-28T07:30:00Z,2025-10-28T07:45:00Z,2025-10-28,2025-10-28_35,0.0,0,0,100,79.17416699627329,79.17416699627329,0.0,0.0,0.0,True,False,True,False,0.0,1025.1140654499686,0.0,0.0,0.0,0.0,1025.1140654499686
2025-10-28T07:45:00Z,2025-10-28T08:00:00Z,2025-10-28,2025-10-28_36,0.0,0,0,100,79.17416699627329,79.17416699627329,0.0,0.0,0.0,True,False,True,False,0.0,1025.1140654499686,0.0,0.0,0.0,0.0,1025.1140654499686
2025-10-28T08:00:00Z,2025-10-28T08:15:00Z,2025-10-28,2025-10-28_37,0.0,0,0,100,79.17416699627329,79.17416699627329,0.0,0.0,0.0,True,False,True,False,0.0,1025.1140654499686,0.0,0.0,0.0,0.0,1025.1140654499686
2025-10-28T08:15:00Z,2025-10-28T08:30:00Z,2025-10-28,2025-10-28_38,0.0,0,0,100,79.17416699627329,79.17416699627329,0.0,0.0,0.0,True,False,True,False,0.0,1025.1140654499686,0.0,0.0,0.0,0.0,1025.1140654499686
2025-10-28T08:30:00Z,2025-10-28T08:45:00Z,2025-10-28,2025-10-28_39,0.0,0,0,100,79.17416699627329,79.17416699627329,0.0,0.0,0.0,True,False,True,False,0.0,1025.1140654499686,0.0,0.0,0.0,0.0,1025.1140654499686
2025-10-28T08:45:00Z,2025-10-28T09:00:00Z,2025-10-28,2025-10-28_40,0.0,0,0,100,79.17416699627329,79.17416699627329,0.0,0.0,0.0,True,False,True,False,0.0,1025.1140654499686,0.0,0.0,0.0,0.0,1025.1140654499686
2025-10-28T09:00:00Z,2025-10-28T09:15:00Z,2025-10-28,2025-10-28_41,-2.6066105795547152e-14,0,0,93,79.17416699627329,79.17416699627329,1.6653345369377347e-17,0.0,0.0,True,False,True,False,-6.195913347601558e-13,953.3560808684707,0.0,0.0,0.0,0.0,953.3560808684701
2025-10-28T09:15:00Z,2025-10-28T09:30:00Z,2025-10-28,2025-10-28_42,-6.999999999999168,0,0,93,79.17416699627329,80.7841669962731,0.004472222222221691,0.0,0.0,True,False,True,False,-147.99749999998238,953.3560808684707,0.0,0.0,0.0,0.0,805.3585808684884
2025-10-28T09:30:00Z,2025-10-28T09:45:00Z,2025-10-28,2025-10-28_43,-6.999999999999995,0,0,93,80.7841669962731,82.3941669962731,0.004472222222222219,0.0,0.0,True,False,True,False,-139.8424999999999,953.3560808684707,0.0,0.0,0.0,0.0,813.5135808684709
2025-10-28T09:45:00Z,2025-10-28T10:00:00Z,2025-10-28,2025-10-28_44,-7.0,0,0,93,82.3941669962731,84.0041669962731,0.004472222222222223,0.0,0.0,True,False,True,False,-130.5675,953.3560808684707,0.0,0.0,0.0,0.0,822.7885808684707
2025-10-28T10:00:00Z,2025-10-28T10:15:00Z,2025-10-28,2025-10-28_45,0.0,100,100,0,84.0041669962731,84.39158562981348,0.0013625672877846792,0.04742857142857143,0.47714285714285715,True,True,True,False,0.0,0.0,96.19847388294524,39.9720736312146,6.053560190596062,-19.03260249033534,123.19150521442056
2025-10-28T10:15:00Z,2025-10-28T10:30:00Z,2025-10-28,2025-10-28_46,0.0,100,100,0,84.39158562981348,91.86619929440974,0.020914644582470665,0.02514285714285714,8.154285714285713,True,True,True,False,0.0,0.0,96.19847388294524,39.9720736312146,3.2019216937876465,1425.0034444394494,1564.3759136473968
2025-10-28T10:30:00Z,2025-10-28T10:45:00Z,2025-10-28,2025-10-28_47,0.0,100,100,0,91.86619929440974,107.03621072298117,0.04213892063492064,0.0,16.48914285714286,True,True,True,False,0.0,0.0,96.19847388294524,39.9720736312146,0.0,159.9688123707633,296.1393598849231
2025-10-28T10:45:00Z,2025-10-28T11:00:00Z,2025-10-28,2025-10-28_48,0.0,100,100,0,107.03621072298117,110.0584119652172,0.010472298136645963,0.344,3.6914285714285713,True,True,True,False,0.0,0.0,96.19847388294524,39.9720736312146,43.36532410320956,-129.68132023734603,49.854551380023366
2025-10-28T11:00:00Z,2025-10-28T11:15:00Z,2025-10-28,2025-10-28_49,-100.0,100,0,0,110.0584119652172,127.00796625093149,0.047082095238095235,6.5765714285714285,0.0,True,True,True,False,-1910.25,0.0,96.19847388294524,0.0,917.4180044727141,0.0,-896.6335216443407
2025-10-28T11:15:00Z,2025-10-28T11:30:00Z,2025-10-28,2025-10-28_50,-100.0,100,0,0,127.00796625093149,137.20840053664577,0.028334539682539683,13.912571428571429,0.0,True,True,True,False,-1911.4999999999998,0.0,96.19847388294524,0.0,2391.535130810033,0.0,576.2336046929785
2025-10-28T11:30:00Z,2025-10-28T11:45:00Z,2025-10-28,2025-10-28_51,-100.0,100,0,0,137.20840053664577,138.08318910807435,0.0024299682539682594,24.049142857142854,0.0,True,True,True,False,-1896.0,0.0,96.19847388294524,0.0,6051.413813494559,0.0,4251.612287377504
2025-10-28T11:45:00Z,2025-10-28T12:00:00Z,2025-10-28,2025-10-28_52,-100.0,100,0,0,138.08318910807435,139.37329196521722,0.0035836190476190473,23.597714285714286,0.0,True,True,True,False,-1975.2500000000002,0.0,96.19847388294524,0.0,4459.628290928706,0.0,2580.5767648116507
2025-10-28T12:00:00Z,2025-10-28T12:15:00Z,2025-10-28,2025-10-28_53,-6.999999999999975,7,0,93,139.37329196521722,140.80076396521721,0.003965199999999989,0.1984,0.0,True,True,True,False,-139.77249999999952,953.3560808684707,6.733893171806167,0.0,28.154789175582128,0.0,848.4722632158595
2025-10-28T12:15:00Z,2025-10-28T12:30:00Z,2025-10-28,2025-10-28_54,-7.00000000000008,7,0,93,140.80076396521721,142.13575756521723,0.0037083155555556074,0.29891999999999996,0.0,True,True,True,False,-146.23000000000167,953.3560808684707,6.733893171806167,0.0,39.468162743864056,0.0,853.3281367841392
2025-10-28T12:30:00Z,2025-10-28T12:45:00Z,2025-10-28,2025-10-28_55,-7.0,7,0,93,142.13575756521723,143.33477516521722,0.003330604444444445,0.44671999999999995,0.0,True,True,True,False,-157.64,953.3560808684707,6.733893171806167,0.0,71.45552070484581,0.0,873.9054947451227
2025-10-28T12:45:00Z,2025-10-28T13:00:00Z,2025-10-28,2025-10-28_56,-6.502121979488581,7,0,93,143.33477516521722,144.0,0.0022305153288090097,0.89096,0.0,True,True,True,False,-153.04369609221249,953.3560808684707,6.733893171806167,0.0,139.82156563876651,0.0,946.8678435868309
2025-10-28T13:00:00Z,2025-10-28T13:15:00Z,2025-10-28,2025-10-28_57,0.0,0,0,100,144.0,144.0,0.0,0.0,0.0,True,True,True,False,0.0,1025.1140654499686,0.0,0.0,0.0,0.0,1025.1140654499686
2025-10-28T13:15:00Z,2025-10-28T13:30:00Z,2025-10-28,2025-10-28_58,0.0,0,0,100,144.0,144.0,0.0,0.0,0.0,True,True,True,False,0.0,1025.1140654499686,0.0,0.0,0.0,0.0,1025.1140654499686
2025-10-28T13:30:00Z,2025-10-28T13:45:00Z,2025-10-28,2025-10-28_59,0.0,0,0,100,144.0,144.0,0.0,0.0,0.0,True,True,True,False,0.0,1025.1140654499686,0.0,0.0,0.0,0.0,1025.1140654499686
2025-10-28T13:45:00Z,2025-10-28T14:00:00Z,2025-10-28,2025-10-28_60,0.0,0,0,100,144.0,144.0,0.0,0.0,0.0,True,True,True,False,0.0,1025.1140654499686,0.0,0.0,0.0,0.0,1025.1140654499686
2025-10-28T14:00:00Z,2025-10-28T14:15:00Z,2025-10-28,2025-10-28_61,0.0,0,0,100,144.0,144.0,0.0,0.0,0.0,True,False,True,False,0.0,1025.1140654499686,0.0,0.0,0.0,0.0,1025.1140654499686
2025-10-28T14:15:00Z,2025-10-28T14:30:00Z,2025-10-28,2025-10-28_62,0.0,0,0,100,144.0,144.0,0.0,0.0,0.0,True,False,True,False,0.0,1025.1140654499686,0.0,0.0,0.0,0.0,1025.1140654499686
2025-10-28T14:30:00Z,2025-10-28T14:45:00Z,2025-10-28,2025-10-28_63,0.0,0,0,100,144.0,144.0,0.0,0.0,0.0,True,False,True,False,0.0,1025.1140654499686,0.0,0.0,0.0,0.0,1025.1140654499686
2025-10-28T14:45:00Z,2025-10-28T15:00:00Z,2025-10-28,2025-10-28_64,0.0,0,0,100,144.0,144.0,0.0,0.0,0.0,True,False,True,False,0.0,1025.1140654499686,0.0,0.0,0.0,0.0,1025.1140654499686
2025-10-28T15:00:00Z,2025-10-28T15:15:00Z,2025-10-28,2025-10-28_65,0.0,0,0,100,144.0,144.0,0.0,0.0,0.0,True,False,True,False,0.0,1025.1140654499686,0.0,0.0,0.0,0.0,1025.1140654499686
2025-10-28T15:15:00Z,2025-10-28T15:30:00Z,2025-10-28,2025-10-28_66,0.0,0,0,100,144.0,144.0,0.0,0.0,0.0,True,False,True,False,0.0,1025.1140654499686,0.0,0.0,0.0,0.0,1025.1140654499686
2025-10-28T15:30:00Z,2025-10-28T15:45:00Z,2025-10-28,2025-10-28_67,0.0,0,0,100,144.0,144.0,0.0,0.0,0.0,True,False,True,False,0.0,1025.1140654499686,0.0,0.0,0.0,0.0,1025.1140654499686
2025-10-28T15:45:00Z,2025-10-28T16:00:00Z,2025-10-28,2025-10-28_68,0.0,0,0,100,144.0,144.0,0.0,0.0,0.0,True,False,True,False,0.0,1025.1140654499686,0.0,0.0,0.0,0.0,1025.1140654499686
2025-10-28T16:00:00Z,2025-10-28T16:15:00Z,2025-10-28,2025-10-28_69,0.0,0,0,100,144.0,144.0,0.0,0.0,0.0,True,True,True,False,0.0,1025.1140654499686,0.0,0.0,0.0,0.0,1025.1140654499686
2025-10-28T16:15:00Z,2025-10-28T16:30:00Z,2025-10-28,2025-10-28_70,0.0,0,0,100,144.0,144.0,0.0,0.0,0.0,True,True,True,False,0.0,1025.1140654499686,0.0,0.0,0.0,0.0,1025.1140654499686
2025-10-28T16:30:00Z,2025-10-28T16:45:00Z,2025-10-28,2025-10-28_71,0.0,0,0,100,144.0,144.0,0.0,0.0,0.0,True,True,True,False,0.0,1025.1140654499686,0.0,0.0,0.0,0.0,1025.1140654499686
2025-10-28T16:45:00Z,2025-10-28T17:00:00Z,2025-10-28,2025-10-28_72,0.0,0,0,100,144.0,144.0,0.0,0.0,0.0,True,True,True,False,0.0,1025.1140654499686,0.0,0.0,0.0,0.0,1025.1140654499686
2025-10-28T17:00:00Z,2025-10-28T17:15:00Z,2025-10-28,2025-10-28_73,32.000000000000014,0,32,68,144.0,135.91214906832298,0.022466252587991727,0.0,0.5591771428571428,True,True,True,False,1668.1600000000008,697.0775645059786,0.0,12.460667086217745,0.0,-34.78108661332374,2342.9171449788732
2025-10-28T17:15:00Z,2025-10-28T17:30:00Z,2025-10-28,2025-10-28_74,32.00000000000002,0,32,68,135.91214906832298,127.49296894409937,0.023386611456176692,0.0,0.2543542857142857,True,True,True,False,1763.360000000001,697.0775645059786,0.0,12.460667086217745,0.0,-16.06466812910186,2456.8335634630953
2025-10-28T17:30:00Z,2025-10-28T17:45:00Z,2025-10-28,2025-10-28_75,32.0,0,32,68,127.49296894409937,119.12526708074535,0.023243616287094544,0.0,0.3017142857142857,True,True,True,False,1651.52,697.0775645059786,0.0,12.460667086217745,0.0,-19.174711858311603,2341.883519733885
2025-10-28T17:45:00Z,2025-10-28T18:00:00Z,2025-10-28,2025-10-28_76,32.00000000000002,0,32,68,119.12526708074535,111.22106832298137,0.021956107660455502,0.0,0.7281371428571429,True,True,True,False,1680.0000000000011,697.0775645059786,0.0,12.460667086217745,0.0,-44.99692219724894,2344.5413093949487
2025-10-28T18:00:00Z,2025-10-28T18:15:00Z,2025-10-28,2025-10-28_77,0.0,100,100,0,111.22106832298137,99.91552397515528,0.0322775596963423,10.545714285714284,0.17085714285714285,True,True,True,False,0.0,0.0,109.2373348017621,38.939584644430454,3527.146130203182,-10.805988492313222,3664.5170611570616
2025-10-28T18:15:00Z,2025-10-28T18:30:00Z,2025-10-28,2025-10-28_78,0.0,100,100,0,99.91552397515528,90.33167304347826,0.02662180814354727,8.817142857142857,0.0,True,True,True,False,0.0,0.0,109.2373348017621,38.939584644430454,2084.322770385687,0.0,2232.4996898318796
2025-10-28T18:30:00Z,2025-10-28T18:45:00Z,2025-10-28,2025-10-28_79,0.0,100,100,0,90.33167304347826,72.0409898136646,0.05080745341614906,16.82742857142857,0.0,True,True,True,False,0.0,0.0,109.2373348017621,38.939584644430454,10894.846616919893,0.0,11043.023536366085
2025-10-28T18:45:00Z,2025-10-28T19:00:00Z,2025-10-28,2025-10-28_80,0.0,100,100,0,72.0409898136646,64.63974757763975,0.020559006211180123,6.809142857142857,0.0,True,True,True,False,0.0,0.0,109.2373348017621,38.939584644430454,1667.3200265216217,0.0,1815.4969459678143
2025-10-28T19:00:00Z,2025-10-28T19:15:00Z,2025-10-28,2025-10-28_81,0.0,0,0,100,64.63974757763975,64.63974757763975,0.0,0.0,0.0,True,True,True,False,0.0,1025.1140654499686,0.0,0.0,0.0,0.0,1025.1140654499686
2025-10-28T19:15:00Z,2025-10-28T19:30:00Z,2025-10-28,2025-10-28_82,0.0,0,0,100,64.63974757763975,64.63974757763975,0.0,0.0,0.0,True,True,True,False,0.0,1025.1140654499686,0.0,0.0,0.0,0.0,1025.1140654499686
2025-10-28T19:30:00Z,2025-10-28T19:45:00Z,2025-10-28,2025-10-28_83,0.0,0,0,100,64.63974757763975,64.63974757763975,0.0,0.0,0.0,True,True,True,False,0.0,1025.1140654499686,0.0,0.0,0.0,0.0,1025.1140654499686
2025-10-28T19:45:00Z,2025-10-28T20:00:00Z,2025-10-28,2025-10-28_84,0.0,0,0,100,64.63974757763975,64.63974757763975,0.0,0.0,0.0,True,True,True,False,0.0,1025.1140654499686,0.0,0.0,0.0,0.0,1025.1140654499686
2025-10-28T20:00:00Z,2025-10-28T20:15:00Z,2025-10-28,2025-10-28_85,0.0,0,0,100,64.63974757763975,64.63974757763975,0.0,0.0,0.0,True,True,True,False,0.0,1025.1140654499686,0.0,0.0,0.0,0.0,1025.1140654499686
2025-10-28T20:15:00Z,2025-10-28T20:30:00Z,2025-10-28,2025-10-28_86,0.0,0,0,100,64.63974757763975,64.63974757763975,0.0,0.0,0.0,True,True,True,False,0.0,1025.1140654499686,0.0,0.0,0.0,0.0,1025.1140654499686
2025-10-28T20:30:00Z,2025-10-28T20:45:00Z,2025-10-28,2025-10-28_87,0.0,0,0,100,64.63974757763975,64.63974757763975,0.0,0.0,0.0,True,True,True,False,0.0,1025.1140654499686,0.0,0.0,0.0,0.0,1025.1140654499686
2025-10-28T20:45:00Z,2025-10-28T21:00:00Z,2025-10-28,2025-10-28_88,0.0,0,0,100,64.63974757763975,64.63974757763975,0.0,0.0,0.0,True,True,True,False,0.0,1025.1140654499686,0.0,0.0,0.0,0.0,1025.1140654499686
2025-10-28T21:00:00Z,2025-10-28T21:15:00Z,2025-10-28,2025-10-28_89,0.0,0,0,100,64.63974757763975,64.63974757763975,0.0,0.0,0.0,True,True,True,False,0.0,1025.1140654499686,0.0,0.0,0.0,0.0,1025.1140654499686
2025-10-28T21:15:00Z,2025-10-28T21:30:00Z,2025-10-28,2025-10-28_90,0.0,0,0,100,64.63974757763975,64.63974757763975,0.0,0.0,0.0,True,True,True,False,0.0,1025.1140654499686,0.0,0.0,0.0,0.0,1025.1140654499686
2025-10-28T21:30:00Z,2025-10-28T21:45:00Z,2025-10-28,2025-10-28_91,0.0,0,0,100,64.63974757763975,64.63974757763975,0.0,0.0,0.0,True,True,True,False,0.0,1025.1140654499686,0.0,0.0,0.0,0.0,1025.1140654499686
2025-10-28T21:45:00Z,2025-10-28T22:00:00Z,2025-10-28,2025-10-28_92,0.0,0,0,100,64.63974757763975,64.63974757763975,0.0,0.0,0.0,True,True,True,False,0.0,1025.1140654499686,0.0,0.0,0.0,0.0,1025.1140654499686
2025-10-28T22:00:00Z,2025-10-28T22:15:00Z,2025-10-29,2025-10-28_93,0.0,0,0,100,64.63974757763975,64.63974757763975,0.0,0.0,0.0,True,True,True,False,0.0,1025.1947132405005,0.0,0.0,0.0,0.0,1025.1947132405005
2025-10-28T22:15:00Z,2025-10-28T22:30:00Z,2025-10-29,2025-10-28_94,0.0,0,0,100,64.63974757763975,64.63974757763975,0.0,0.0,0.0,True,True,True,False,0.0,1025.1947132405005,0.0,0.0,0.0,0.0,1025.1947132405005
2025-10-28T22:30:00Z,2025-10-28T22:45:00Z,2025-10-29,2025-10-28_95,0.0,0,0,100,64.63974757763975,64.63974757763975,0.0,0.0,0.0,True,True,True,False,0.0,1025.1947132405005,0.0,0.0,0.0,0.0,1025.1947132405005
2025-10-28T22:45:00Z,2025-10-28T23:00:00Z,2025-10-29,2025-10-28_96,0.0,0,0,100,64.63974757763975,64.63974757763975,0.0,0.0,0.0,True,True,True,False,0.0,1025.1947132405005,0.0,0.0,0.0,0.0,1025.1947132405005
2025-10-28T23:00:00Z,2025-10-28T23:15:00Z,2025-10-29,2025-10-29_1,0.0,0,0,100,64.63974757763975,64.63974757763975,0.0,0.0,0.0,True,True,True,False,0.0,1025.1947132405005,0.0,0.0,0.0,0.0,1025.1947132405005
2025-10-28T23:15:00Z,2025-10-28T23:30:00Z,2025-10-29,2025-10-29_2,0.0,0,0,100,64.63974757763975,64.63974757763975,0.0,0.0,0.0,True,True,True,False,0.0,1025.1947132405005,0.0,0.0,0.0,0.0,1025.1947132405005
2025-10-28T23:30:00Z,2025-10-28T23:45:00Z,2025-10-29,2025-10-29_3,0.0,0,0,100,64.63974757763975,64.63974757763975,0.0,0.0,0.0,True,True,True,False,0.0,1025.1947132405005,0.0,0.0,0.0,0.0,1025.1947132405005
2025-10-28T23:45:00Z,2025-10-29T00:00:00Z,2025-10-29,2025-10-29_4,0.0,0,0,100,64.63974757763975,64.63974757763975,0.0,0.0,0.0,True,True,True,False,0.0,1025.1947132405005,0.0,0.0,0.0,0.0,1025.1947132405005
2025-10-29T00:00:00Z,2025-10-29T00:15:00Z,2025-10-29,2025-10-29_5,-100.0,100,0,0,64.63974757763975,76.65337043478262,0.033371174603174604,11.941714285714285,0.0,True,True,True,False,-2174.75,0.0,105.49917394382818,0.0,3553.5407613203415,0.0,1484.2899352641698
2025-10-29T00:15:00Z,2025-10-29T00:30:00Z,2025-10-29,2025-10-29_6,-100.00000000000006,100,0,0,76.65337043478262,79.30454757763977,0.007364380952380985,22.118285714285715,0.0,True,True,True,False,-2095.500000000001,0.0,105.49917394382818,0.0,23954.141710554413,0.0,21964.14088449824
2025-10-29T00:30:00Z,2025-10-29T00:45:00Z,2025-10-29,2025-10-29_7,-100.0,100,0,0,79.30454757763977,92.09254757763976,0.035522222222222226,11.1,0.0,True,True,True,False,-2037.5,0.0,105.49917394382818,0.0,5366.093757375501,0.0,3434.092931319329
2025-10-29T00:45:00Z,2025-10-29T01:00:00Z,2025-10-29,2025-10-29_8,-100.0,100,0,0,92.09254757763976,114.9800447204969,0.06357638095238097,0.12228571428571429,0.0,True,True,True,False,-2005.75,0.0,105.49917394382818,0.0,18.37328185935691,0.0,-1881.8775441968148
2025-10-29T01:00:00Z,2025-10-29T01:15:00Z,2025-10-29,2025-10-29_9,0.0,0,0,100,114.9800447204969,114.9800447204969,0.0,0.0,0.0,True,True,True,False,0.0,1025.1947132405005,0.0,0.0,0.0,0.0,1025.1947132405005
2025-10-29T01:15:00Z,2025-10-29T01:30:00Z,2025-10-29,2025-10-29_10,0.0,0,0,100,114.9800447204969,114.9800447204969,0.0,0.0,0.0,True,True,True,False,0.0,1025.1947132405005,0.0,0.0,0.0,0.0,1025.1947132405005
2025-10-29T01:30:00Z,2025-10-29T01:45:00Z,2025-10-29,2025-10-29_11,0.0,0,0,100,114.9800447204969,114.9800447204969,0.0,0.0,0.0,True,True,True,False,0.0,1025.1947132405005,0.0,0.0,0.0,0.0,1025.1947132405005
2025-10-29T01:45:00Z,2025-10-29T02:00:00Z,2025-10-29,2025-10-29_12,0.0,0,0,100,114.9800447204969,114.9800447204969,0.0,0.0,0.0,True,True,True,False,0.0,1025.1947132405005,0.0,0.0,0.0,0.0,1025.1947132405005
2025-10-29T02:00:00Z,2025-10-29T02:15:00Z,2025-10-29,2025-10-29_13,0.0,0,0,100,114.9800447204969,114.9800447204969,0.0,0.0,0.0,True,True,True,False,0.0,1025.1947132405005,0.0,0.0,0.0,0.0,1025.1947132405005
2025-10-29T02:15:00Z,2025-10-29T02:30:00Z,2025-10-29,2025-10-29_14,0.0,0,0,100,114.9800447204969,114.9800447204969,0.0,0.0,0.0,True,True,True,False,0.0,1025.1947132405005,0.0,0.0,0.0,0.0,1025.1947132405005
2025-10-29T02:30:00Z,2025-10-29T02:45:00Z,2025-10-29,2025-10-29_15,0.0,0,0,100,114.9800447204969,114.9800447204969,0.0,0.0,0.0,True,True,True,False,0.0,1025.1947132405005,0.0,0.0,0.0,0.0,1025.1947132405005
2025-10-29T02:45:00Z,2025-10-29T03:00:00Z,2025-10-29,2025-10-29_16,0.0,0,0,100,114.9800447204969,114.9800447204969,0.0,0.0,0.0,True,True,True,False,0.0,1025.1947132405005,0.0,0.0,0.0,0.0,1025.1947132405005
2025-10-29T03:00:00Z,2025-10-29T03:15:00Z,2025-10-29,2025-10-29_17,-100.0,100,0,0,114.9800447204969,130.15373614906832,0.04214914285714286,8.506857142857143,0.0,True,True,True,False,-1974.25,0.0,105.49917394382818,0.0,1914.1148016903246,0.0,45.363975634152794
2025-10-29T03:15:00Z,2025-10-29T03:30:00Z,2025-10-29,2025-10-29_18,-100.0,100,0,0,130.15373614906832,149.49897043478262,0.05373676190476191,3.972571428571429,0.0,True,True,True,False,-2061.25,0.0,105.49917394382818,0.0,747.2362790384033,0.0,-1208.5145470177686
2025-10-29T03:30:00Z,2025-10-29T03:45:00Z,2025-10-29,2025-10-29_19,-72.52771124735959,100,0,0,149.49897043478262,159.39554385093172,0.03914392704058697,7.024571428571429,0.0,True,True,True,False,-1611.2031053600933,0.0,105.49917394382818,0.0,2553.095434550502,0.0,1047.391503134237
2025-10-29T03:45:00Z,2025-10-29T04:00:00Z,2025-10-29,2025-10-29_20,8.36287560940471e-14,100,0,0,159.39554385093172,157.8036183850932,0.004422015182884811,1.4645714285714286,0.0,True,True,True,False,1.9656939119905772e-12,0.0,105.49917394382818,0.0,228.52142036706118,0.0,334.02059431089134
2025-10-29T04:00:00Z,2025-10-29T04:15:00Z,2025-10-29,2025-10-29_21,0.0,100,100,0,157.8036183850932,150.23343204968947,0.02102829537612146,6.964571428571428,0.0,True,True,True,False,0.0,0.0,105.49917394382818,38.942648100070805,5025.540172404104,0.0,5169.981994448003
2025-10-29T04:15:00Z,2025-10-29T04:30:00Z,2025-10-29,2025-10-29_22,0.0,100,100,0,150.23343204968947,144.78809043478265,0.015125948930296756,5.009714285714286,0.0,True,True,True,False,0.0,0.0,105.49917394382818,38.942648100070805,794.0964681884083,0.0,938.5382902323073
2025-10-29T04:30:00Z,2025-10-29T04:45:00Z,2025-10-29,2025-10-29_23,0.0,100,100,0,144.78809043478265,144.1048238509317,0.0057590420979986194,1.2679999999999998,0.7554285714285714,True,True,True,False,0.0,0.0,105.49917394382818,38.942648100070805,198.5308827000236,-46.993944952066265,295.9787597918563
2025-10-29T04:45:00Z,2025-10-29T05:00:00Z,2025-10-29,2025-10-29_24,0.0,100,100,0,144.1048238509317,144.00000000000003,0.0030628599033816423,0.5554285714285714,0.5422857142857143,True,True,True,False,0.0,0.0,105.49917394382818,38.942648100070805,86.42527124987356,-33.989168212009844,196.8779250817627
2025-10-29T05:00:00Z,2025-10-29T05:15:00Z,2025-10-29,2025-10-29_25,0.0,0,0,100,144.00000000000003,144.00000000000003,0.0,0.0,0.0,True,False,True,False,0.0,1025.1947132405005,0.0,0.0,0.0,0.0,1025.1947132405005
2025-10-29T05:15:00Z,2025-10-29T05:30:00Z,2025-10-29,2025-10-29_26,0.0,0,0,100,144.00000000000003,144.00000000000003,0.0,0.0,0.0,True,False,True,False,0.0,1025.1947132405005,0.0,0.0,0.0,0.0,1025.1947132405005
2025-10-29T05:30:00Z,2025-10-29T05:45:00Z,2025-10-29,2025-10-29_27,0.0,0,0,100,144.00000000000003,144.00000000000003,0.0,0.0,0.0,True,False,True,False,0.0,1025.1947132405005,0.0,0.0,0.0,0.0,1025.1947132405005
2025-10-29T05:45:00Z,2025-10-29T06:00:00Z,2025-10-29,2025-10-29_28,0.0,0,0,100,144.00000000000003,144.00000000000003,0.0,0.0,0.0,True,False,True,False,0.0,1025.1947132405005,0.0,0.0,0.0,0.0,1025.1947132405005
2025-10-29T06:00:00Z,2025-10-29T06:15:00Z,2025-10-29,2025-10-29_29,100.0,0,100,0,144.00000000000003,126.43478260869568,0.048792270531400964,0.0,8.84,True,True,True,False,2953.0,0.0,0.0,38.85414208166155,0.0,260.60126661946344,3252.455408701125
2025-10-29T06:15:00Z,2025-10-29T06:30:00Z,2025-10-29,2025-10-29_30,100.0,0,100,0,126.43478260869568,101.26149068322985,0.06992581090407177,0.0,1.8405714285714285,True,True,True,False,2781.0,0.0,0.0,38.85414208166155,0.0,-83.79805612686425,2736.0560859547973
2025-10-29T06:30:00Z,2025-10-29T06:45:00Z,2025-10-29,2025-10-29_31,100.0,0,100,0,101.26149068322985,80.99627329192549,0.05629227053140098,0.0,6.355999999999999,True,True,True,False,2760.25,0.0,0.0,38.85414208166155,0.0,-281.0283573282983,2518.075784753363
2025-10-29T06:45:00Z,2025-10-29T07:00:00Z,2025-10-29,2025-10-29_32,100.0,0,100,0,80.99627329192549,71.98074534161493,0.02504313319530711,0.0,16.705714285714286,True,True,True,False,2599.0,0.0,0.0,38.85414208166155,0.0,1060.1609781179409,3698.0151201996023
2025-10-29T07:00:00Z,2025-10-29T07:15:00Z,2025-10-29,2025-10-29_33,94.99999999999996,5,100,0,71.98074534161493,53.771260124223645,0.05238393512767424,0.0,7.051428571428571,True,True,True,False,2854.0374999999985,0.0,5.512449846589568,38.85414208166155,0.0,-127.36091574227048,2771.043176185979
2025-10-29T07:15:00Z,2025-10-29T07:30:00Z,2025-10-29,2025-10-29_34,94.99999999999996,5,100,0,53.771260124223645,35.48534777639757,0.05257812477570737,0.0,6.9805714285714275,True,True,True,False,2578.5374999999985,0.0,5.512449846589568,38.85414208166155,0.0,-287.13098620991934,2335.7731057183305
2025-10-29T07:30:00Z,2025-10-29T07:45:00Z,2025-10-29,2025-10-29_35,0.0,5,100,0,35.48534777639757,43.31323349068328,0.021744126984126987,0.0,8.508571428571429,True,True,True,False,0.0,0.0,5.512449846589568,38.85414208166155,0.0,-285.89830855164826,-241.53171662339713
2025-10-29T07:45:00Z,2025-10-29T08:00:00Z,2025-10-29,2025-10-29_36,0.0,5,100,0,43.31323349068328,60.68493634782614,0.04825473015873015,0.0,18.88228571428571,True,True,True,False,0.0,0.0,5.512449846589568,38.85414208166155,0.0,1404.4693433134405,1448.8359352416917
2025-10-29T08:00:00Z,2025-10-29T08:15:00Z,2025-10-29,2025-10-29_37,0.5205657600002366,0,0,93,60.68493634782614,60.54347826086955,0.00039293913043496114,0.0,0.0,True,False,True,False,13.649234227206202,953.4310833136653,0.0,0.0,0.0,0.0,967.0803175408715
2025-10-29T08:15:00Z,2025-10-29T08:30:00Z,2025-10-29,2025-10-29_38,0.0,0,0,93,60.54347826086955,60.54347826086955,0.0,0.0,0.0,True,False,True,False,0.0,953.4310833136653,0.0,0.0,0.0,0.0,953.4310833136653
2025-10-29T08:30:00Z,2025-10-29T08:45:00Z,2025-10-29,2025-10-29_39,0.0,0,0,93,60.54347826086955,60.54347826086955,0.0,0.0,0.0,True,False,True,False,0.0,953.4310833136653,0.0,0.0,0.0,0.0,953.4310833136653
2025-10-29T08:45:00Z,2025-10-29T09:00:00Z,2025-10-29,2025-10-29_40,-7.0,0,0,93,60.54347826086955,62.15347826086955,0.004472222222222223,0.0,0.0,True,False,True,False,-45.5,953.4310833136653,0.0,0.0,0.0,0.0,907.9310833136653
2025-10-29T09:00:00Z,2025-10-29T09:15:00Z,2025-10-29,2025-10-29_41,0.0,100,100,0,62.15347826086955,75.54972968944098,0.03721180952380952,0.0,14.561142857142856,True,True,True,False,0.0,0.0,98.56620250177012,40.948784517347185,0.0,11012.292436697124,11151.807423716242
2025-10-29T09:15:00Z,2025-10-29T09:30:00Z,2025-10-29,2025-10-29_42,0.0,100,100,0,75.54972968944098,77.62668869565216,0.005869399585921325,0.01657142857142857,2.277142857142857,True,True,True,False,0.0,0.0,98.56620250177012,40.948784517347185,1.7869791069602257,-62.300306820863824,79.0016593052137
2025-10-29T09:30:00Z,2025-10-29T09:45:00Z,2025-10-29,2025-10-29_43,0.0,100,100,0,77.62668869565216,78.20760298136645,0.0016136507936507936,0.0,0.6314285714285715,True,True,True,False,0.0,0.0,98.56620250177012,40.948784517347185,0.0,-27.254232554480375,112.26075446463693
2025-10-29T09:45:00Z,2025-10-29T10:00:00Z,2025-10-29,2025-10-29_44,0.0,100,100,0,78.20760298136645,86.75834583850931,0.023752063492063494,0.0,9.294285714285715,True,True,True,False,0.0,0.0,98.56620250177012,40.948784517347185,0.0,1901.0857822808146,2040.600769299932
2025-10-29T10:00:00Z,2025-10-29T10:15:00Z,2025-10-29,2025-10-29_45,-63.00000000000003,63,0,37,86.75834583850931,101.23940343850933,0.04022516000000002,0.00972,0.0,True,True,True,False,-237.3525000000001,379.32204389898516,62.096707576115165,0.0,0.9861850365824877,0.0,205.0524365116827
2025-10-29T10:15:00Z,2025-10-29T10:30:00Z,2025-10-29,2025-10-29_46,-63.00000000000003,63,0,37,101.23940343850933,115.72277943850933,0.04023160000000002,0.0072,0.0,True,True,True,False,-201.44250000000008,379.32204389898516,62.096707576115165,0.0,0.7314137361340571,0.0,240.70766521123429
2025-10-29T10:30:00Z,2025-10-29T10:45:00Z,2025-10-29,2025-10-29_47,-63.00000000000003,63,0,37,115.72277943850933,130.15250103850934,0.04008256000000002,0.06552,0.0,True,True,True,False,-237.6675000000001,379.32204389898516,62.096707576115165,0.0,6.726740618362048,0.0,210.47799209346226
2025-10-29T10:45:00Z,2025-10-29T11:00:00Z,2025-10-29,2025-10-29_48,-63.00000000000003,63,0,37,130.15250103850934,144.59646423850936,0.04012212000000001,0.05004000000000001,0.0,True,True,True,False,-237.8250000000001,379.32204389898516,62.096707576115165,0.0,5.098511470379987,0.0,208.6922629454802
2025-10-29T11:00:00Z,2025-10-29T11:15:00Z,2025-10-29,2025-10-29_49,-7.0,7,0,93,144.59646423850936,146.20572823850935,0.0044701777777777785,0.0007999999999999999,0.0,True,True,True,False,-26.425,953.4310833136653,6.899634175123908,0.0,0.08196050664778537,0.0,933.987677995437
2025-10-29T11:15:00Z,2025-10-29T11:30:00Z,2025-10-29,2025-10-29_50,-4.442463472417641,7,0,93,146.20572823850935,147.22,0.0028342776493017617,0.007640000000000001,0.0,True,True,True,False,-56.641409273324925,953.4310833136653,6.899634175123908,0.0,0.7438045787113525,0.0,904.4331127941757
2025-10-29T11:30:00Z,2025-10-29T11:45:00Z,2025-10-29,2025-10-29_51,0.0,7,0,93,147.22,147.18234782608695,0.00010458937198067633,0.034640000000000004,0.0,True,True,True,False,0.0,953.4310833136653,6.899634175123908,0.0,3.3724333254661323,0.0,963.7031508142554
2025-10-29T11:45:00Z,2025-10-29T12:00:00Z,2025-10-29,2025-10-29_52,-0.9779837702431374,7,0,93,147.18234782608695,147.21999999999997,0.0010193207537401335,0.17608000000000001,0.0,True,True,True,False,-15.892236266450983,953.4310833136653,6.899634175123908,0.0,18.22935696640705,0.0,962.6678381887453
2025-10-29T12:00:00Z,2025-10-29T12:15:00Z,2025-10-29,2025-10-29_53,0.0,100,100,0,147.21999999999997,156.1308571428571,0.024752380952380953,0.0,9.685714285714285,True,True,True,False,0.0,0.0,98.56620250177012,41.39131460939344,0.0,5657.976179237331,5797.933696348495
2025-10-29T12:15:00Z,2025-10-29T12:30:00Z,2025-10-29,2025-10-29_54,0.0,100,100,0,156.1308571428571,157.18725664596272,0.0029447950310559005,0.0017142857142857142,1.1502857142857144,True,True,True,False,0.0,0.0,98.56620250177012,41.39131460939344,0.1601537475976938,-45.46144340672309,94.65622745203817
2025-10-29T12:30:00Z,2025-10-29T12:45:00Z,2025-10-29,2025-10-29_55,0.0,100,100,0,157.18725664596272,157.93563627329192,0.002106437543133195,0.004571428571428572,0.8188571428571428,True,True,True,False,0.0,0.0,98.56620250177012,41.39131460939344,0.4270766602605168,-38.07595524686155,102.30863852456253
2025-10-29T12:45:00Z,2025-10-29T13:00:00Z,2025-10-29,2025-10-29_56,0.0,100,100,0,157.93563627329192,168.87732770186335,0.0303935873015873,0.0,11.893142857142855,True,True,True,False,0.0,0.0,98.56620250177012,41.39131460939344,0.0,7403.015938950515,7542.973456061679
2025-10-29T13:00:00Z,2025-10-29T13:15:00Z,2025-10-29,2025-10-29_57,0.0,23,100,0,168.87732770186335,183.68880198757765,0.04114298412698413,0.0,16.09942857142857,True,True,True,False,0.0,0.0,24.41409015813075,39.73920226575408,0.0,2330.0917909122586,2394.2450833361436
2025-10-29T13:15:00Z,2025-10-29T13:30:00Z,2025-10-29,2025-10-29_58,0.04161464059457027,23,100,0,183.68880198757765,186.90357747080745,0.008998223306353382,0.0023657142857142852,3.5091428571428573,True,True,True,False,0.8322928118914054,0.0,24.41409015813075,39.73920226575408,0.2210121716848174,-120.64731852051655,-55.440721113055496
2025-10-29T13:30:00Z,2025-10-29T13:45:00Z,2025-10-29,2025-10-29_59,77.00000000000006,23,100,0,186.90357747080745,166.1680559006211,0.05788483483781923,0.06150857142857143,0.24342857142857144,True,True,True,False,1928.8500000000015,0.0,24.41409015813075,39.73920226575408,5.746316463805254,-13.799743754003845,1984.9498651336878
2025-10-29T13:45:00Z,2025-10-29T14:00:00Z,2025-10-29,2025-10-29_60,77.00000000000006,23,100,0,166.1680559006211,143.99999999999997,0.061577933057280924,1.1446114285714284,0.0,True,True,True,False,2232.2300000000014,0.0,24.41409015813075,39.73920226575408,153.83501958933206,0.0,2450.218312013218
2025-10-29T14:00:00Z,2025-10-29T14:15:00Z,2025-10-29,2025-10-29_61,0.0,0,0,100,143.99999999999997,143.99999999999997,0.0,0.0,0.0,True,True,True,False,0.0,1025.1947132405005,0.0,0.0,0.0,0.0,1025.1947132405005
2025-10-29T14:15:00Z,2025-10-29T14:30:00Z,2025-10-29,2025-10-29_62,0.0,0,0,100,143.99999999999997,143.99999999999997,0.0,0.0,0.0,True,True,True,False,0.0,1025.1947132405005,0.0,0.0,0.0,0.0,1025.1947132405005
2025-10-29T14:30:00Z,2025-10-29T14:45:00Z,2025-10-29,2025-10-29_63,0.0,0,0,100,143.99999999999997,143.99999999999997,0.0,0.0,0.0,True,True,True,False,0.0,1025.1947132405005,0.0,0.0,0.0,0.0,1025.1947132405005
2025-10-29T14:45:00Z,2025-10-29T15:00:00Z,2025-10-29,2025-10-29_64,0.0,0,0,100,143.99999999999997,143.99999999999997,0.0,0.0,0.0,True,True,True,False,0.0,1025.1947132405005,0.0,0.0,0.0,0.0,1025.1947132405005
2025-10-29T15:00:00Z,2025-10-29T15:15:00Z,2025-10-29,2025-10-29_65,27.56189790439744,0,100,0,143.99999999999997,141.30621118012417,0.02586353569095868,0.0,4.964571428571428,True,True,True,False,1185.919562081461,0.0,0.0,38.942648100070805,0.0,-225.5978043764119,999.2644058051198
2025-10-29T15:15:00Z,2025-10-29T15:30:00Z,2025-10-29,2025-10-29_66,100.0,0,100,0,141.30621118012417,118.61552795031051,0.0630296756383713,0.0,4.1245714285714286,True,True,True,False,4732.25,0.0,0.0,38.942648100070805,0.0,-249.57453656562936,4521.618111534442
2025-10-29T15:30:00Z,2025-10-29T15:45:00Z,2025-10-29,2025-10-29_67,100.0,0,100,0,118.61552795031051,91.51118012422356,0.07528985507246377,0.0,0.064,True,True,True,False,5914.5,0.0,0.0,38.942648100070805,0.0,-5.035009047281882,5948.407639052789
2025-10-29T15:45:00Z,2025-10-29T16:00:00Z,2025-10-29,2025-10-29_68,100.0,0,100,0,91.51118012422356,64.34782608695647,0.07545376121463078,0.0,0.009714285714285715,True,True,True,False,7170.0,0.0,0.0,38.942648100070805,0.0,-0.7642424446767143,7208.178405655394
2025-10-29T16:00:00Z,2025-10-29T16:15:00Z,2025-10-29,2025-10-29_69,0.0,0,0,100,64.34782608695647,64.34782608695647,0.0,0.0,0.0,True,True,True,False,0.0,1025.1947132405005,0.0,0.0,0.0,0.0,1025.1947132405005
2025-10-29T16:15:00Z,2025-10-29T16:30:00Z,2025-10-29,2025-10-29_70,0.0,0,0,100,64.34782608695647,64.34782608695647,0.0,0.0,0.0,True,True,True,False,0.0,1025.1947132405005,0.0,0.0,0.0,0.0,1025.1947132405005
2025-10-29T16:30:00Z,2025-10-29T16:45:00Z,2025-10-29,2025-10-29_71,0.0,0,0,100,64.34782608695647,64.34782608695647,0.0,0.0,0.0,True,True,True,False,0.0,1025.1947132405005,0.0,0.0,0.0,0.0,1025.1947132405005
2025-10-29T16:45:00Z,2025-10-29T17:00:00Z,2025-10-29,2025-10-29_72,0.0,0,0,100,64.34782608695647,64.34782608695647,0.0,0.0,0.0,True,True,True,False,0.0,1025.1947132405005,0.0,0.0,0.0,0.0,1025.1947132405005
2025-10-29T17:00:00Z,2025-10-29T17:15:00Z,2025-10-29,2025-10-29_73,0.0,0,0,100,64.34782608695647,64.34782608695647,0.0,0.0,0.0,True,True,True,False,0.0,1025.1947132405005,0.0,0.0,0.0,0.0,1025.1947132405005
2025-10-29T17:15:00Z,2025-10-29T17:30:00Z,2025-10-29,2025-10-29_74,0.0,0,0,100,64.34782608695647,64.34782608695647,0.0,0.0,0.0,True,True,True,False,0.0,1025.1947132405005,0.0,0.0,0.0,0.0,1025.1947132405005
2025-10-29T17:30:00Z,2025-10-29T17:45:00Z,2025-10-29,2025-10-29_75,0.0,0,0,100,64.34782608695647,64.34782608695647,0.0,0.0,0.0,True,True,True,False,0.0,1025.1947132405005,0.0,0.0,0.0,0.0,1025.1947132405005
2025-10-29T17:45:00Z,2025-10-29T18:00:00Z,2025-10-29,2025-10-29_76,0.0,0,0,100,64.34782608695647,64.34782608695647,0.0,0.0,0.0,True,True,True,False,0.0,1025.1947132405005,0.0,0.0,0.0,0.0,1025.1947132405005
2025-10-29T18:00:00Z,2025-10-29T18:15:00Z,2025-10-29,2025-10-29_77,0.0,0,0,100,64.34782608695647,64.34782608695647,0.0,0.0,0.0,True,True,True,False,0.0,1025.1947132405005,0.0,0.0,0.0,0.0,1025.1947132405005
2025-10-29T18:15:00Z,2025-10-29T18:30:00Z,2025-10-29,2025-10-29_78,0.0,0,0,100,64.34782608695647,64.34782608695647,0.0,0.0,0.0,True,True,True,False,0.0,1025.1947132405005,0.0,0.0,0.0,0.0,1025.1947132405005
2025-10-29T18:30:00Z,2025-10-29T18:45:00Z,2025-10-29,2025-10-29_79,0.0,0,0,100,64.34782608695647,64.34782608695647,0.0,0.0,0.0,True,True,True,False,0.0,1025.1947132405005,0.0,0.0,0.0,0.0,1025.1947132405005
2025-10-29T18:45:00Z,2025-10-29T19:00:00Z,2025-10-29,2025-10-29_80,0.0,0,0,100,64.34782608695647,64.34782608695647,0.0,0.0,0.0,True,True,True,False,0.0,1025.1947132405005,0.0,0.0,0.0,0.0,1025.1947132405005
2025-10-29T19:00:00Z,2025-10-29T19:15:00Z,2025-10-29,2025-10-29_81,0.0,0,0,100,64.34782608695647,64.34782608695647,0.0,0.0,0.0,True,True,True,False,0.0,1025.1947132405005,0.0,0.0,0.0,0.0,1025.1947132405005
2025-10-29T19:15:00Z,2025-10-29T19:30:00Z,2025-10-29,2025-10-29_82,0.0,0,0,100,64.34782608695647,64.34782608695647,0.0,0.0,0.0,True,True,True,False,0.0,1025.1947132405005,0.0,0.0,0.0,0.0,1025.1947132405005
2025-10-29T19:30:00Z,2025-10-29T19:45:00Z,2025-10-29,2025-10-29_83,0.0,0,0,100,64.34782608695647,64.34782608695647,0.0,0.0,0.0,True,True,True,False,0.0,1025.1947132405005,0.0,0.0,0.0,0.0,1025.1947132405005
2025-10-29T19:45:00Z,2025-10-29T20:00:00Z,2025-10-29,2025-10-29_84,0.0,0,0,100,64.34782608695647,64.34782608695647,0.0,0.0,0.0,True,True,True,False,0.0,1025.1947132405005,0.0,0.0,0.0,0.0,1025.1947132405005
2025-10-29T20:00:00Z,2025-10-29T20:15:00Z,2025-10-29,2025-10-29_85,0.0,0,0,100,64.34782608695647,64.34782608695647,0.0,0.0,0.0,True,True,True,False,0.0,1025.1947132405005,0.0,0.0,0.0,0.0,1025.1947132405005
2025-10-29T20:15:00Z,2025-10-29T20:30:00Z,2025-10-29,2025-10-29_86,0.0,0,0,100,64.34782608695647,64.34782608695647,0.0,0.0,0.0,True,True,True,False,0.0,1025.1947132405005,0.0,0.0,0.0,0.0,1025.1947132405005
2025-10-29T20:30:00Z,2025-10-29T20:45:00Z,2025-10-29,2025-10-29_87,0.0,0,0,100,64.34782608695647,64.34782608695647,0.0,0.0,0.0,True,True,True,False,0.0,1025.1947132405005,0.0,0.0,0.0,0.0,1025.1947132405005
2025-10-29T20:45:00Z,2025-10-29T21:00:00Z,2025-10-29,2025-10-29_88,0.0,0,0,100,64.34782608695647,64.34782608695647,0.0,0.0,0.0,True,True,True,False,0.0,1025.1947132405005,0.0,0.0,0.0,0.0,1025.1947132405005
2025-10-29T21:00:00Z,2025-10-29T21:15:00Z,2025-10-29,2025-10-29_89,0.0,0,0,100,64.34782608695647,64.34782608695647,0.0,0.0,0.0,True,True,True,False,0.0,1025.1947132405005,0.0,0.0,0.0,0.0,1025.1947132405005
2025-10-29T21:15:00Z,2025-10-29T21:30:00Z,2025-10-29,2025-10-29_90,0.0,0,0,100,64.34782608695647,64.34782608695647,0.0,0.0,0.0,True,True,True,False,0.0,1025.1947132405005,0.0,0.0,0.0,0.0,1025.1947132405005
2025-10-29T21:30:00Z,2025-10-29T21:45:00Z,2025-10-29,2025-10-29_91,0.0,0,0,100,64.34782608695647,64.34782608695647,0.0,0.0,0.0,True,True,True,False,0.0,1025.1947132405005,0.0,0.0,0.0,0.0,1025.1947132405005
2025-10-29T21:45:00Z,2025-10-29T22:00:00Z,2025-10-29,2025-10-29_92,0.0,0,0,100,64.34782608695647,64.34782608695647,0.0,0.0,0.0,True,True,True,False,0.0,1025.1947132405005,0.0,0.0,0.0,0.0,1025.1947132405005
2025-10-29T22:00:00Z,2025-10-29T22:15:00Z,2025-10-30,2025-10-29_93,-1.8535897454611308e-13,0,0,100,64.34782608695647,64.34782608695652,1.1842378929335003e-16,0.0,0.0,True,True,True,False,-6.08070115998524e-12,1025.497255503748,0.0,0.0,0.0,0.0,1025.4972555037418
2025-10-29T22:15:00Z,2025-10-29T22:30:00Z,2025-10-30,2025-10-29_94,0.0,0,0,100,64.34782608695652,64.34782608695652,0.0,0.0,0.0,True,True,True,False,0.0,1025.497255503748,0.0,0.0,0.0,0.0,1025.497255503748
2025-10-29T22:30:00Z,2025-10-29T22:45:00Z,2025-10-30,2025-10-29_95,0.0,0,0,100,64.34782608695652,64.34782608695652,0.0,0.0,0.0,True,True,True,False,0.0,1025.497255503748,0.0,0.0,0.0,0.0,1025.497255503748
2025-10-29T22:45:00Z,2025-10-29T23:00:00Z,2025-10-30,2025-10-29_96,0.0,0,0,100,64.34782608695652,64.34782608695652,0.0,0.0,0.0,True,True,True,False,0.0,1025.497255503748,0.0,0.0,0.0,0.0,1025.497255503748
2025-10-29T23:00:00Z,2025-10-29T23:15:00Z,2025-10-30,2025-10-30_1,0.0,0,0,100,64.34782608695652,64.34782608695652,0.0,0.0,0.0,True,True,True,False,0.0,1025.497255503748,0.0,0.0,0.0,0.0,1025.497255503748
2025-10-29T23:15:00Z,2025-10-29T23:30:00Z,2025-10-30,2025-10-30_2,0.0,0,0,100,64.34782608695652,64.34782608695652,0.0,0.0,0.0,True,True,True,False,0.0,1025.497255503748,0.0,0.0,0.0,0.0,1025.497255503748
2025-10-29T23:30:00Z,2025-10-29T23:45:00Z,2025-10-30,2025-10-30_3,0.0,0,0,100,64.34782608695652,64.34782608695652,0.0,0.0,0.0,True,True,True,False,0.0,1025.497255503748,0.0,0.0,0.0,0.0,1025.497255503748
2025-10-29T23:45:00Z,2025-10-30T00:00:00Z,2025-10-30,2025-10-30_4,0.0,0,0,100,64.34782608695652,64.34782608695652,0.0,0.0,0.0,True,True,True,False,0.0,1025.497255503748,0.0,0.0,0.0,0.0,1025.497255503748
2025-10-30T00:00:00Z,2025-10-30T00:15:00Z,2025-10-30,2025-10-30_5,0.0,0,0,100,64.34782608695652,64.34782608695652,0.0,0.0,0.0,True,True,True,False,0.0,1025.497255503748,0.0,0.0,0.0,0.0,1025.497255503748
2025-10-30T00:15:00Z,2025-10-30T00:30:00Z,2025-10-30,2025-10-30_6,0.0,0,0,100,64.34782608695652,64.34782608695652,0.0,0.0,0.0,True,True,True,False,0.0,1025.497255503748,0.0,0.0,0.0,0.0,1025.497255503748
2025-10-30T00:30:00Z,2025-10-30T00:45:00Z,2025-10-30,2025-10-30_7,0.0,0,0,100,64.34782608695652,64.34782608695652,0.0,0.0,0.0,True,True,True,False,0.0,1025.497255503748,0.0,0.0,0.0,0.0,1025.497255503748
2025-10-30T00:45:00Z,2025-10-30T01:00:00Z,2025-10-30,2025-10-30_8,0.0,0,0,100,64.34782608695652,64.34782608695652,0.0,0.0,0.0,True,True,True,False,0.0,1025.497255503748,0.0,0.0,0.0,0.0,1025.497255503748
2025-10-30T01:00:00Z,2025-10-30T01:15:00Z,2025-10-30,2025-10-30_9,0.0,0,0,100,64.34782608695652,64.34782608695652,0.0,0.0,0.0,True,True,True,False,0.0,1025.497255503748,0.0,0.0,0.0,0.0,1025.497255503748
2025-10-30T01:15:00Z,2025-10-30T01:30:00Z,2025-10-30,2025-10-30_10,0.0,0,0,100,64.34782608695652,64.34782608695652,0.0,0.0,0.0,True,True,True,False,0.0,1025.497255503748,0.0,0.0,0.0,0.0,1025.497255503748
2025-10-30T01:30:00Z,2025-10-30T01:45:00Z,2025-10-30,2025-10-30_11,0.0,0,0,100,64.34782608695652,64.34782608695652,0.0,0.0,0.0,True,True,True,False,0.0,1025.497255503748,0.0,0.0,0.0,0.0,1025.497255503748
2025-10-30T01:45:00Z,2025-10-30T02:00:00Z,2025-10-30,2025-10-30_12,0.0,0,0,100,64.34782608695652,64.34782608695652,0.0,0.0,0.0,True,True,True,False,0.0,1025.497255503748,0.0,0.0,0.0,0.0,1025.497255503748
2025-10-30T02:00:00Z,2025-10-30T02:15:00Z,2025-10-30,2025-10-30_13,-4.000000000000023,4,0,96,64.34782608695652,65.23432757267081,0.0024625041269841414,0.036411428571428574,0.0,True,True,True,False,-80.80000000000047,984.4773652835979,4.283775010328749,0.0,4.939408106171112,0.0,912.9005484000974
2025-10-30T02:15:00Z,2025-10-30T02:30:00Z,2025-10-30,2025-10-30_14,-4.0,4,0,96,65.23432757267081,66.06201214409938,0.0022991238095238097,0.10034285714285714,0.0,True,True,True,False,-80.57,984.4773652835979,4.283775010328749,0.0,13.621470308007519,0.0,921.8126106019342
2025-10-30T02:30:00Z,2025-10-30T02:45:00Z,2025-10-30,2025-10-30_15,-4.0,4,0,96,66.06201214409938,66.97742791552795,0.0025428215873015874,0.004982857142857143,0.0,True,True,True,False,-81.45,984.4773652835979,4.283775010328749,0.0,0.6288650202499697,0.0,907.9400053141767
2025-10-30T02:45:00Z,2025-10-30T03:00:00Z,2025-10-30,2025-10-30_16,-4.0,4,0,96,66.97742791552795,67.89366380124224,0.0025450996825396826,0.004091428571428571,0.0,True,True,True,False,-79.51,984.4773652835979,4.283775010328749,0.0,0.5014461103475799,0.0,909.7525864042742
2025-10-30T03:00:00Z,2025-10-30T03:15:00Z,2025-10-30,2025-10-30_17,0.0,0,0,100,67.89366380124224,67.89366380124224,0.0,0.0,0.0,True,True,True,False,0.0,1025.497255503748,0.0,0.0,0.0,0.0,1025.497255503748
2025-10-30T03:15:00Z,2025-10-30T03:30:00Z,2025-10-30,2025-10-30_18,0.0,0,0,100,67.89366380124224,67.89366380124224,0.0,0.0,0.0,True,True,True,False,0.0,1025.497255503748,0.0,0.0,0.0,0.0,1025.497255503748
2025-10-30T03:30:00Z,2025-10-30T03:45:00Z,2025-10-30,2025-10-30_19,0.0,0,0,100,67.89366380124224,67.89366380124224,0.0,0.0,0.0,True,True,True,False,0.0,1025.497255503748,0.0,0.0,0.0,0.0,1025.497255503748
2025-10-30T03:45:00Z,2025-10-30T04:00:00Z,2025-10-30,2025-10-30_20,0.0,0,0,100,67.89366380124224,67.89366380124224,0.0,0.0,0.0,True,True,True,False,0.0,1025.497255503748,0.0,0.0,0.0,0.0,1025.497255503748
2025-10-30T04:00:00Z,2025-10-30T04:15:00Z,2025-10-30,2025-10-30_21,0.0,0,0,100,67.89366380124224,67.89366380124224,0.0,0.0,0.0,True,True,True,False,0.0,1025.497255503748,0.0,0.0,0.0,0.0,1025.497255503748
2025-10-30T04:15:00Z,2025-10-30T04:30:00Z,2025-10-30,2025-10-30_22,0.0,0,0,100,67.89366380124224,67.89366380124224,0.0,0.0,0.0,True,True,True,False,0.0,1025.497255503748,0.0,0.0,0.0,0.0,1025.497255503748
2025-10-30T04:30:00Z,2025-10-30T04:45:00Z,2025-10-30,2025-10-30_23,0.0,0,0,100,67.89366380124224,67.89366380124224,0.0,0.0,0.0,True,True,True,False,0.0,1025.497255503748,0.0,0.0,0.0,0.0,1025.497255503748
2025-10-30T04:45:00Z,2025-10-30T05:00:00Z,2025-10-30,2025-10-30_24,0.0,0,0,100,67.89366380124224,67.89366380124224,0.0,0.0,0.0,True,True,True,False,0.0,1025.497255503748,0.0,0.0,0.0,0.0,1025.497255503748
2025-10-30T05:00:00Z,2025-10-30T05:15:00Z,2025-10-30,2025-10-30_25,0.0,0,0,100,67.89366380124224,67.89366380124224,0.0,0.0,0.0,True,True,True,False,0.0,1025.497255503748,0.0,0.0,0.0,0.0,1025.497255503748
2025-10-30T05:15:00Z,2025-10-30T05:30:00Z,2025-10-30,2025-10-30_26,0.0,0,0,100,67.89366380124224,67.89366380124224,0.0,0.0,0.0,True,True,True,False,0.0,1025.497255503748,0.0,0.0,0.0,0.0,1025.497255503748
2025-10-30T05:30:00Z,2025-10-30T05:45:00Z,2025-10-30,2025-10-30_27,0.0,0,0,100,67.89366380124224,67.89366380124224,0.0,0.0,0.0,True,True,True,False,0.0,1025.497255503748,0.0,0.0,0.0,0.0,1025.497255503748
2025-10-30T05:45:00Z,2025-10-30T06:00:00Z,2025-10-30,2025-10-30_28,0.0,0,0,100,67.89366380124224,67.89366380124224,0.0,0.0,0.0,True,True,True,False,0.0,1025.497255503748,0.0,0.0,0.0,0.0,1025.497255503748
2025-10-30T06:00:00Z,2025-10-30T06:15:00Z,2025-10-30,2025-10-30_29,100.0,0,100,0,67.89366380124224,45.65826007453417,0.061765010351966874,0.0,4.543428571428572,True,True,True,False,4239.0,0.0,0.0,38.688543941450746,0.0,-252.4955299421309,4025.1930139993196
2025-10-30T06:15:00Z,2025-10-30T06:30:00Z,2025-10-30,2025-10-30_30,98.92469563655494,0,100,0,45.65826007453417,30.40823751552794,0.042950282172145623,0.0,10.718857142857143,True,True,True,False,3390.396631203829,0.0,0.0,38.688543941450746,0.0,-492.1703419026821,2936.914833242598
2025-10-30T06:30:00Z,2025-10-30T06:45:00Z,2025-10-30,2025-10-30_31,1.544658121217609e-14,0,100,0,30.40823751552794,51.70334608695651,0.05915307936507935,0.0,23.14685714285714,True,True,True,False,4.4042064681217075e-13,0.0,0.0,38.688543941450746,0.0,-413.40471744195514,-374.71617350050394
2025-10-30T06:45:00Z,2025-10-30T07:00:00Z,2025-10-30,2025-10-30_32,0.0,0,100,0,51.70334608695651,64.3478260869565,0.035123555555555554,0.0,13.744,True,True,True,False,0.0,0.0,0.0,38.688543941450746,0.0,740.506029235279,779.1945731767298
2025-10-30T07:00:00Z,2025-10-30T07:15:00Z,2025-10-30,2025-10-30_33,0.0,0,0,100,64.3478260869565,64.3478260869565,0.0,0.0,0.0,True,True,True,False,0.0,1025.497255503748,0.0,0.0,0.0,0.0,1025.497255503748
2025-10-30T07:15:00Z,2025-10-30T07:30:00Z,2025-10-30,2025-10-30_34,0.0,0,0,100,64.3478260869565,64.3478260869565,0.0,0.0,0.0,True,True,True,False,0.0,1025.497255503748,0.0,0.0,0.0,0.0,1025.497255503748
2025-10-30T07:30:00Z,2025-10-30T07:45:00Z,2025-10-30,2025-10-30_35,0.0,0,0,100,64.3478260869565,64.3478260869565,0.0,0.0,0.0,True,True,True,False,0.0,1025.497255503748,0.0,0.0,0.0,0.0,1025.497255503748
2025-10-30T07:45:00Z,2025-10-30T08:00:00Z,2025-10-30,2025-10-30_36,0.0,0,0,100,64.3478260869565,64.3478260869565,0.0,0.0,0.0,True,True,True,False,0.0,1025.497255503748,0.0,0.0,0.0,0.0,1025.497255503748
2025-10-30T08:00:00Z,2025-10-30T08:15:00Z,2025-10-30,2025-10-30_37,0.0,7,0,93,64.3478260869565,64.34213043478259,1.5821256038647345e-05,0.005240000000000001,0.0,True,True,True,False,0.0,953.7124476184855,6.864486808711561,0.0,0.6803989848314937,0.0,961.2573334120285
2025-10-30T08:15:00Z,2025-10-30T08:30:00Z,2025-10-30,2025-10-30_38,-6.786230498234019,7,0,93,64.34213043478259,65.69555634285705,0.00380086140984793,0.22420000000000004,0.0,True,True,True,False,-166.38140624045255,953.7124476184855,6.864486808711561,0.0,32.753781109209314,0.0,826.9493092959539
2025-10-30T08:30:00Z,2025-10-30T08:45:00Z,2025-10-30,2025-10-30_39,-7.0,7,0,93,65.69555634285705,67.30522514285704,0.004471302222222222,0.00035999999999999997,0.0,True,True,True,False,-128.38,953.7124476184855,6.864486808711561,0.0,0.04674496842353773,0.0,832.2436793956206
2025-10-30T08:45:00Z,2025-10-30T09:00:00Z,2025-10-30,2025-10-30_40,-7.0,7,0,93,67.30522514285704,68.91522514285704,0.004472222222222223,0.0,0.0,True,True,True,False,-80.0625,953.7124476184855,6.864486808711561,0.0,0.0,0.0,880.5144344271971
2025-10-30T09:00:00Z,2025-10-30T09:15:00Z,2025-10-30,2025-10-30_41,-7.0,7,0,93,68.91522514285704,70.52522514285704,0.004472222222222222,0.0,0.0,True,True,True,False,-135.7475,953.7124476184855,6.7302130673434455,0.0,0.0,0.0,824.6951606858289
2025-10-30T09:15:00Z,2025-10-30T09:30:00Z,2025-10-30,2025-10-30_42,-7.0,7,0,93,70.52522514285704,72.13522514285704,0.004472222222222223,0.0,0.0,True,True,True,False,-120.505,953.7124476184855,6.7302130673434455,0.0,0.0,0.0,839.937660685829
2025-10-30T09:30:00Z,2025-10-30T09:45:00Z,2025-10-30,2025-10-30_43,-7.0,7,0,93,72.13522514285704,73.74522514285704,0.004472222222222222,0.0,0.0,True,True,True,False,-125.24749999999999,953.7124476184855,6.7302130673434455,0.0,0.0,0.0,835.1951606858289
2025-10-30T09:45:00Z,2025-10-30T10:00:00Z,2025-10-30,2025-10-30_44,-7.0,7,0,93,73.74522514285704,75.35522514285704,0.004472222222222223,0.0,0.0,True,True,True,False,-107.2925,953.7124476184855,6.7302130673434455,0.0,0.0,0.0,853.150160685829
2025-10-30T10:00:00Z,2025-10-30T10:15:00Z,2025-10-30,2025-10-30_45,-68.0,68,0,32,75.35522514285704,90.93230765714276,0.04326967365079366,0.06838857142857142,0.0,True,True,True,False,-1005.04,328.1591217611993,65.37921265419347,0.0,8.013083626613602,0.0,-603.4885819579936
2025-10-30T10:15:00Z,2025-10-30T10:30:00Z,2025-10-30,2025-10-30_46,-68.0,68,0,32,90.93230765714276,105.05370834285704,0.03922611301587302,1.6506514285714287,0.0,True,True,True,False,-1200.37,328.1591217611993,65.37921265419347,0.0,217.2489018743518,0.0,-589.5827637102553
2025-10-30T10:30:00Z,2025-10-30T10:45:00Z,2025-10-30,2025-10-30_47,-68.0,68,0,32,105.05370834285704,117.44988297142847,0.03443381841269841,3.5258971428571426,0.0,True,True,True,False,-1188.8100000000002,328.1591217611993,65.37921265419347,0.0,477.58914637144704,0.0,-317.6825192131604
2025-10-30T10:45:00Z,2025-10-30T11:00:00Z,2025-10-30,2025-10-30_48,-68.0,68,0,32,117.44988297142847,131.9480735999999,0.040272751746031746,1.241097142857143,0.0,True,True,True,False,-1245.08,328.1591217611993,65.37921265419347,0.0,146.2648206923494,0.0,-705.2768448922578
2025-10-30T11:00:00Z,2025-10-30T11:15:00Z,2025-10-30,2025-10-30_49,-7.0,7,0,93,131.9480735999999,133.52403359999988,0.004377666666666667,0.037000000000000005,0.0,True,True,True,False,-86.765,953.7124476184855,6.7302130673434455,0.0,4.325678451277815,0.0,878.0033391371068
2025-10-30T11:15:00Z,2025-10-30T11:30:00Z,2025-10-30,2025-10-30_50,-7.0,7,0,93,133.52403359999988,135.1340335999999,0.004472222222222223,0.0,0.0,True,True,True,False,-113.75,953.7124476184855,6.7302130673434455,0.0,0.0,0.0,846.692660685829
2025-10-30T11:30:00Z,2025-10-30T11:45:00Z,2025-10-30,2025-10-30_51,-7.0,7,0,93,135.1340335999999,136.7419359999999,0.004466395555555555,0.00228,0.0,True,True,True,False,-113.75,953.7124476184855,6.7302130673434455,0.0,0.25433512364988486,0.0,846.9469958094788
2025-10-30T11:45:00Z,2025-10-30T12:00:00Z,2025-10-30,2025-10-30_52,-7.0,7,0,93,136.7419359999999,138.3344191999999,0.004423564444444444,0.019039999999999998,0.0,True,True,True,False,-149.99249999999998,953.7124476184855,6.7302130673434455,0.0,2.1239213834621964,0.0,812.5740820692912
2025-10-30T12:00:00Z,2025-10-30T12:15:00Z,2025-10-30,2025-10-30_53,-7.0,7,0,93,138.3344191999999,139.9336367999999,0.004442271111111111,0.011719999999999998,0.0,True,True,True,False,-140.0,953.7124476184855,6.7302130673434455,0.0,1.2843140726750473,0.0,821.726974758504
2025-10-30T12:15:00Z,2025-10-30T12:30:00Z,2025-10-30,2025-10-30_54,-7.0,7,0,93,139.9336367999999,141.0238367999999,0.0030283333333333334,0.565,0.0,True,True,True,False,-154.245,953.7124476184855,6.7302130673434455,0.0,76.9123187550414,0.0,883.1099794408703
2025-10-30T12:30:00Z,2025-10-30T12:45:00Z,2025-10-30,2025-10-30_55,-7.0,7,0,93,141.0238367999999,142.41211679999992,0.003856333333333334,0.24100000000000005,0.0,True,True,True,False,-160.405,953.7124476184855,6.7302130673434455,0.0,32.01683743532236,0.0,832.0544981211513
2025-10-30T12:45:00Z,2025-10-30T13:00:00Z,2025-10-30,2025-10-30_56,-7.0,7,0,93,142.41211679999992,143.99999999999991,0.004410786666666667,0.02404,0.0,True,True,True,False,-162.67999999999998,953.7124476184855,6.7302130673434455,0.0,2.544515925947785,0.0,800.3071766117768
2025-10-30T13:00:00Z,2025-10-30T13:15:00Z,2025-10-30,2025-10-30_57,-4.1459174754433537e-14,0,0,100,143.99999999999991,143.99999999999991,2.6487806093110318e-17,0.0,0.0,True,False,True,False,-8.959327664433087e-13,1025.497255503748,0.0,0.0,0.0,0.0,1025.497255503747
2025-10-30T13:15:00Z,2025-10-30T13:30:00Z,2025-10-30,2025-10-30_58,-2.056861246403839e-13,0,0,100,143.99999999999991,143.99999999999997,1.314105796313564e-16,0.0,0.0,True,False,True,False,-5.3108157382147125e-12,1025.497255503748,0.0,0.0,0.0,0.0,1025.4972555037427
2025-10-30T13:30:00Z,2025-10-30T13:45:00Z,2025-10-30,2025-10-30_59,0.0,0,0,100,143.99999999999997,143.99999999999997,0.0,0.0,0.0,True,False,True,False,0.0,1025.497255503748,0.0,0.0,0.0,0.0,1025.497255503748
2025-10-30T13:45:00Z,2025-10-30T14:00:00Z,2025-10-30,2025-10-30_60,0.0,0,0,100,143.99999999999997,143.99999999999997,0.0,0.0,0.0,True,False,True,False,0.0,1025.497255503748,0.0,0.0,0.0,0.0,1025.497255503748
2025-10-30T14:00:00Z,2025-10-30T14:15:00Z,2025-10-30,2025-10-30_61,-100.0,100,0,0,143.99999999999997,154.89700571428568,0.03026946031746032,13.15542857142857,0.0,True,True,True,False,-2718.5,0.0,107.3009502449389,0.0,5164.87679935245,0.0,2553.677749597389
2025-10-30T14:15:00Z,2025-10-30T14:30:00Z,2025-10-30,2025-10-30_62,-99.0031633621046,100,0,0,154.89700571428568,155.99650931677016,0.004469560868741212,23.51314285714286,0.0,True,True,True,False,-3780.1882850735587,0.0,107.3009502449389,0.0,21140.52153489431,0.0,17467.634200065688
2025-10-30T14:30:00Z,2025-10-30T14:45:00Z,2025-10-30,2025-10-30_63,0.0,100,0,0,155.99650931677016,129.53812422360247,0.07349551414768805,24.341714285714286,0.0,True,True,True,False,0.0,0.0,107.3009502449389,0.0,22740.83316599354,0.0,22848.134116238478
2025-10-30T14:45:00Z,2025-10-30T15:00:00Z,2025-10-30,2025-10-30_64,0.0,100,0,0,129.53812422360247,102.97042236024843,0.0737991718426501,24.442285714285713,0.0,True,True,True,False,0.0,0.0,107.3009502449389,0.0,23870.66735761081,0.0,23977.96830785575
2025-10-30T15:00:00Z,2025-10-30T15:15:00Z,2025-10-30,2025-10-30_65,0.0,0,0,100,102.97042236024843,102.97042236024843,0.0,0.0,0.0,True,True,True,False,0.0,1025.497255503748,0.0,0.0,0.0,0.0,1025.497255503748
2025-10-30T15:15:00Z,2025-10-30T15:30:00Z,2025-10-30,2025-10-30_66,0.0,0,0,100,102.97042236024843,102.97042236024843,0.0,0.0,0.0,True,True,True,False,0.0,1025.497255503748,0.0,0.0,0.0,0.0,1025.497255503748
2025-10-30T15:30:00Z,2025-10-30T15:45:00Z,2025-10-30,2025-10-30_67,0.0,0,0,100,102.97042236024843,102.97042236024843,0.0,0.0,0.0,True,True,True,False,0.0,1025.497255503748,0.0,0.0,0.0,0.0,1025.497255503748
2025-10-30T15:45:00Z,2025-10-30T16:00:00Z,2025-10-30,2025-10-30_68,0.0,0,0,100,102.97042236024843,102.97042236024843,0.0,0.0,0.0,True,True,True,False,0.0,1025.497255503748,0.0,0.0,0.0,0.0,1025.497255503748
2025-10-30T16:00:00Z,2025-10-30T16:15:00Z,2025-10-30,2025-10-30_69,39.0,0,39,61,102.97042236024843,93.54574534161489,0.026179658385093167,0.0,1.0792971428571427,True,True,True,False,1791.6599999999999,625.5533258572863,0.0,15.100041314997341,0.0,-66.59710769386429,2365.716259478419
2025-10-30T16:15:00Z,2025-10-30T16:30:00Z,2025-10-30,2025-10-30_70,39.0,0,39,61,93.54574534161489,83.06637267080744,0.029109368530020704,0.0,0.10897714285714286,True,True,True,False,1884.3825000000002,625.5533258572863,0.0,15.100041314997341,0.0,-7.504241225622043,2517.5316259466617
2025-10-30T16:30:00Z,2025-10-30T16:45:00Z,2025-10-30,2025-10-30_71,39.0,0,39,61,83.06637267080744,73.52348447204967,0.026508022774327122,0.0,0.9705428571428573,True,True,True,False,1887.8925,625.5533258572863,0.0,15.100041314997341,0.0,-60.297235284694054,2468.2486318875895
2025-10-30T16:45:00Z,2025-10-30T17:00:00Z,2025-10-30,2025-10-30_72,39.0,0,39,61,73.52348447204967,64.34782608695652,0.025487939958592134,0.0,1.3083942857142858,True,True,True,False,1910.2199999999998,625.5533258572863,0.0,15.100041314997341,0.0,-81.11843790861798,2469.7549292636654
2025-10-30T17:00:00Z,2025-10-30T17:15:00Z,2025-10-30,2025-10-30_73,0.0,0,0,100,64.34782608695652,64.34782608695652,0.0,0.0,0.0,True,True,True,False,0.0,1025.497255503748,0.0,0.0,0.0,0.0,1025.497255503748
2025-10-30T17:15:00Z,2025-10-30T17:30:00Z,2025-10-30,2025-10-30_74,0.0,0,0,100,64.34782608695652,64.34782608695652,0.0,0.0,0.0,True,True,True,False,0.0,1025.497255503748,0.0,0.0,0.0,0.0,1025.497255503748
2025-10-30T17:30:00Z,2025-10-30T17:45:00Z,2025-10-30,2025-10-30_75,0.0,0,0,100,64.34782608695652,64.34782608695652,0.0,0.0,0.0,True,True,True,False,0.0,1025.497255503748,0.0,0.0,0.0,0.0,1025.497255503748
2025-10-30T17:45:00Z,2025-10-30T18:00:00Z,2025-10-30,2025-10-30_76,0.0,0,0,100,64.34782608695652,64.34782608695652,0.0,0.0,0.0,True,True,True,False,0.0,1025.497255503748,0.0,0.0,0.0,0.0,1025.497255503748
2025-10-30T18:00:00Z,2025-10-30T18:15:00Z,2025-10-30,2025-10-30_77,0.0,0,0,100,64.34782608695652,64.34782608695652,0.0,0.0,0.0,True,True,True,False,0.0,1025.497255503748,0.0,0.0,0.0,0.0,1025.497255503748
2025-10-30T18:15:00Z,2025-10-30T18:30:00Z,2025-10-30,2025-10-30_78,0.0,0,0,100,64.34782608695652,64.34782608695652,0.0,0.0,0.0,True,True,True,False,0.0,1025.497255503748,0.0,0.0,0.0,0.0,1025.497255503748
2025-10-30T18:30:00Z,2025-10-30T18:45:00Z,2025-10-30,2025-10-30_79,0.0,0,0,100,64.34782608695652,64.34782608695652,0.0,0.0,0.0,True,True,True,False,0.0,1025.497255503748,0.0,0.0,0.0,0.0,1025.497255503748
2025-10-30T18:45:00Z,2025-10-30T19:00:00Z,2025-10-30,2025-10-30_80,0.0,0,0,100,64.34782608695652,64.34782608695652,0.0,0.0,0.0,True,True,True,False,0.0,1025.497255503748,0.0,0.0,0.0,0.0,1025.497255503748
2025-10-30T19:00:00Z,2025-10-30T19:15:00Z,2025-10-30,2025-10-30_81,0.0,0,0,100,64.34782608695652,64.34782608695652,0.0,0.0,0.0,True,True,True,False,0.0,1025.497255503748,0.0,0.0,0.0,0.0,1025.497255503748
2025-10-30T19:15:00Z,2025-10-30T19:30:00Z,2025-10-30,2025-10-30_82,0.0,0,0,100,64.34782608695652,64.34782608695652,0.0,0.0,0.0,True,True,True,False,0.0,1025.497255503748,0.0,0.0,0.0,0.0,1025.497255503748
2025-10-30T19:30:00Z,2025-10-30T19:45:00Z,2025-10-30,2025-10-30_83,0.0,0,0,100,64.34782608695652,64.34782608695652,0.0,0.0,0.0,True,True,True,False,0.0,1025.497255503748,0.0,0.0,0.0,0.0,1025.497255503748
2025-10-30T19:45:00Z,2025-10-30T20:00:00Z,2025-10-30,2025-10-30_84,0.0,0,0,100,64.34782608695652,64.34782608695652,0.0,0.0,0.0,True,True,True,False,0.0,1025.497255503748,0.0,0.0,0.0,0.0,1025.497255503748
2025-10-30T20:00:00Z,2025-10-30T20:15:00Z,2025-10-30,2025-10-30_85,0.0,0,0,100,64.34782608695652,64.34782608695652,0.0,0.0,0.0,True,True,True,False,0.0,1025.497255503748,0.0,0.0,0.0,0.0,1025.497255503748
2025-10-30T20:15:00Z,2025-10-30T20:30:00Z,2025-10-30,2025-10-30_86,0.0,0,0,100,64.34782608695652,64.34782608695652,0.0,0.0,0.0,True,True,True,False,0.0,1025.497255503748,0.0,0.0,0.0,0.0,1025.497255503748
2025-10-30T20:30:00Z,2025-10-30T20:45:00Z,2025-10-30,2025-10-30_87,0.0,0,0,100,64.34782608695652,64.34782608695652,0.0,0.0,0.0,True,True,True,False,0.0,1025.497255503748,0.0,0.0,0.0,0.0,1025.497255503748
2025-10-30T20:45:00Z,2025-10-30T21:00:00Z,2025-10-30,2025-10-30_88,0.0,0,0,100,64.34782608695652,64.34782608695652,0.0,0.0,0.0,True,True,True,False,0.0,1025.497255503748,0.0,0.0,0.0,0.0,1025.497255503748
2025-10-30T21:00:00Z,2025-10-30T21:15:00Z,2025-10-30,2025-10-30_89,0.0,0,0,100,64.34782608695652,64.34782608695652,0.0,0.0,0.0,True,True,True,False,0.0,1025.497255503748,0.0,0.0,0.0,0.0,1025.497255503748
2025-10-30T21:15:00Z,2025-10-30T21:30:00Z,2025-10-30,2025-10-30_90,0.0,0,0,100,64.34782608695652,64.34782608695652,0.0,0.0,0.0,True,True,True,False,0.0,1025.497255503748,0.0,0.0,0.0,0.0,1025.497255503748
2025-10-30T21:30:00Z,2025-10-30T21:45:00Z,2025-10-30,2025-10-30_91,0.0,0,0,100,64.34782608695652,64.34782608695652,0.0,0.0,0.0,True,True,True,False,0.0,1025.497255503748,0.0,0.0,0.0,0.0,1025.497255503748
2025-10-30T21:45:00Z,2025-10-30T22:00:00Z,2025-10-30,2025-10-30_92,0.0,0,0,100,64.34782608695652,64.34782608695652,0.0,0.0,0.0,True,True,True,False,0.0,1025.497255503748,0.0,0.0,0.0,0.0,1025.497255503748
2025-10-30T22:00:00Z,2025-10-30T22:15:00Z,2025-10-31,2025-10-30_93,0.0,0,0,100,64.34782608695652,64.34782608695652,0.0,0.0,0.0,True,True,True,False,0.0,1024.952807928268,0.0,0.0,0.0,0.0,1024.952807928268
2025-10-30T22:15:00Z,2025-10-30T22:30:00Z,2025-10-31,2025-10-30_94,0.0,0,0,100,64.34782608695652,64.34782608695652,0.0,0.0,0.0,True,True,True,False,0.0,1024.952807928268,0.0,0.0,0.0,0.0,1024.952807928268
2025-10-30T22:30:00Z,2025-10-30T22:45:00Z,2025-10-31,2025-10-30_95,0.0,0,0,100,64.34782608695652,64.34782608695652,0.0,0.0,0.0,True,True,True,False,0.0,1024.952807928268,0.0,0.0,0.0,0.0,1024.952807928268
2025-10-30T22:45:00Z,2025-10-30T23:00:00Z,2025-10-31,2025-10-30_96,0.0,0,0,100,64.34782608695652,64.34782608695652,0.0,0.0,0.0,True,True,True,False,0.0,1024.952807928268,0.0,0.0,0.0,0.0,1024.952807928268
2025-10-30T23:00:00Z,2025-10-30T23:15:00Z,2025-10-31,2025-10-31_1,0.0,100,7,0,64.34782608695652,61.28169223354037,0.008543002926155969,2.825142857142857,0.0050799999999999994,True,True,True,False,0.0,0.0,106.71307220386974,2.7418593676262386,441.63411312613766,-0.3841824917413874,550.7048622058923
2025-10-30T23:15:00Z,2025-10-30T23:30:00Z,2025-10-31,2025-10-31_2,0.0,100,7,0,61.28169223354037,52.34939409689441,0.02481193926846101,8.217714285714287,0.0,True,True,True,False,0.0,0.0,106.71307220386974,2.7418593676262386,1379.8281711948584,0.0,1489.2831027663544
2025-10-30T23:30:00Z,2025-10-30T23:45:00Z,2025-10-31,2025-10-31_3,-92.41523826671789,100,7,0,52.34939409689441,56.80470245962733,0.020626182447144648,18.013142857142856,0.0,True,True,True,False,-2401.8720425519978,0.0,106.71307220386974,2.7418593676262386,10681.759002786579,0.0,8389.341891806078
2025-10-30T23:45:00Z,2025-10-31T00:00:00Z,2025-10-31,2025-10-31_4,-93.0,100,7,0,56.80470245962733,70.75930815403727,0.04213622354727399,7.980571428571428,0.0,True,True,True,False,-2221.77,0.0,106.71307220386974,2.7418593676262386,1254.5578804018066,0.0,-857.7571880266973
2025-10-31T00:00:00Z,2025-10-31T00:15:00Z,2025-10-31,2025-10-31_5,0.0,0,0,100,70.75930815403727,70.75930815403727,0.0,0.0,0.0,True,True,True,False,0.0,1024.952807928268,0.0,0.0,0.0,0.0,1024.952807928268
2025-10-31T00:15:00Z,2025-10-31T00:30:00Z,2025-10-31,2025-10-31_6,0.0,0,0,100,70.75930815403727,70.75930815403727,0.0,0.0,0.0,True,True,True,False,0.0,1024.952807928268,0.0,0.0,0.0,0.0,1024.952807928268
2025-10-31T00:30:00Z,2025-10-31T00:45:00Z,2025-10-31,2025-10-31_7,0.0,0,0,100,70.75930815403727,70.75930815403727,0.0,0.0,0.0,True,True,True,False,0.0,1024.952807928268,0.0,0.0,0.0,0.0,1024.952807928268
2025-10-31T00:45:00Z,2025-10-31T01:00:00Z,2025-10-31,2025-10-31_8,0.0,0,0,100,70.75930815403727,70.75930815403727,0.0,0.0,0.0,True,True,True,False,0.0,1024.952807928268,0.0,0.0,0.0,0.0,1024.952807928268
2025-10-31T01:00:00Z,2025-10-31T01:15:00Z,2025-10-31,2025-10-31_9,0.0,0,0,100,70.75930815403727,70.75930815403727,0.0,0.0,0.0,True,True,True,False,0.0,1024.952807928268,0.0,0.0,0.0,0.0,1024.952807928268
2025-10-31T01:15:00Z,2025-10-31T01:30:00Z,2025-10-31,2025-10-31_10,0.0,0,0,100,70.75930815403727,70.75930815403727,0.0,0.0,0.0,True,True,True,False,0.0,1024.952807928268,0.0,0.0,0.0,0.0,1024.952807928268
2025-10-31T01:30:00Z,2025-10-31T01:45:00Z,2025-10-31,2025-10-31_11,0.0,0,0,100,70.75930815403727,70.75930815403727,0.0,0.0,0.0,True,True,True,False,0.0,1024.952807928268,0.0,0.0,0.0,0.0,1024.952807928268
2025-10-31T01:45:00Z,2025-10-31T02:00:00Z,2025-10-31,2025-10-31_12,0.0,0,0,100,70.75930815403727,70.75930815403727,0.0,0.0,0.0,True,True,True,False,0.0,1024.952807928268,0.0,0.0,0.0,0.0,1024.952807928268
2025-10-31T02:00:00Z,2025-10-31T02:15:00Z,2025-10-31,2025-10-31_13,0.0,0,0,100,70.75930815403727,70.75930815403727,0.0,0.0,0.0,True,True,True,False,0.0,1024.952807928268,0.0,0.0,0.0,0.0,1024.952807928268
2025-10-31T02:15:00Z,2025-10-31T02:30:00Z,2025-10-31,2025-10-31_14,0.0,0,0,100,70.75930815403727,70.75930815403727,0.0,0.0,0.0,True,True,True,False,0.0,1024.952807928268,0.0,0.0,0.0,0.0,1024.952807928268
2025-10-31T02:30:00Z,2025-10-31T02:45:00Z,2025-10-31,2025-10-31_15,0.0,0,0,100,70.75930815403727,70.75930815403727,0.0,0.0,0.0,True,True,True,False,0.0,1024.952807928268,0.0,0.0,0.0,0.0,1024.952807928268
2025-10-31T02:45:00Z,2025-10-31T03:00:00Z,2025-10-31,2025-10-31_16,0.0,0,0,100,70.75930815403727,70.75930815403727,0.0,0.0,0.0,True,True,True,False,0.0,1024.952807928268,0.0,0.0,0.0,0.0,1024.952807928268
2025-10-31T03:00:00Z,2025-10-31T03:15:00Z,2025-10-31,2025-10-31_17,0.0,100,100,0,70.75930815403727,90.64655386832298,0.05524234920634921,0.0,21.61657142857143,True,True,True,False,0.0,0.0,106.71307220386974,39.1694195375177,0.0,1514.9027234319872,1660.7852151733746
2025-10-31T03:15:00Z,2025-10-31T03:30:00Z,2025-10-31,2025-10-31_18,0.0,100,100,0,90.64655386832298,112.69921672546585,0.06125739682539682,0.0,23.970285714285712,True,True,True,False,0.0,0.0,106.71307220386974,39.1694195375177,0.0,1222.6561378907388,1368.5386296321262
2025-10-31T03:30:00Z,2025-10-31T03:45:00Z,2025-10-31,2025-10-31_19,0.0,100,100,0,112.69921672546585,119.42888529689442,0.01869352380952381,0.0,7.314857142857142,True,True,True,False,0.0,0.0,106.71307220386974,39.1694195375177,0.0,-71.6670740915526,74.21541764983483
2025-10-31T03:45:00Z,2025-10-31T04:00:00Z,2025-10-31,2025-10-31_20,0.0,100,100,0,119.42888529689442,119.33789697391306,0.0008135072463768115,0.17657142857142857,0.10971428571428571,True,True,True,False,0.0,0.0,106.71307220386974,39.1694195375177,26.525329670329665,-7.741980718667835,164.66584069304926
2025-10-31T04:00:00Z,2025-10-31T04:15:00Z,2025-10-31,2025-10-31_21,0.0,0,0,100,119.33789697391306,119.33789697391306,0.0,0.0,0.0,True,True,True,False,0.0,1024.952807928268,0.0,0.0,0.0,0.0,1024.952807928268
2025-10-31T04:15:00Z,2025-10-31T04:30:00Z,2025-10-31,2025-10-31_22,0.0,0,0,100,119.33789697391306,119.33789697391306,0.0,0.0,0.0,True,True,True,False,0.0,1024.952807928268,0.0,0.0,0.0,0.0,1024.952807928268
2025-10-31T04:30:00Z,2025-10-31T04:45:00Z,2025-10-31,2025-10-31_23,0.0,0,0,100,119.33789697391306,119.33789697391306,0.0,0.0,0.0,True,True,True,False,0.0,1024.952807928268,0.0,0.0,0.0,0.0,1024.952807928268
2025-10-31T04:45:00Z,2025-10-31T05:00:00Z,2025-10-31,2025-10-31_24,0.0,0,0,100,119.33789697391306,119.33789697391306,0.0,0.0,0.0,True,True,True,False,0.0,1024.952807928268,0.0,0.0,0.0,0.0,1024.952807928268
2025-10-31T05:00:00Z,2025-10-31T05:15:00Z,2025-10-31,2025-10-31_25,0.0,0,0,100,119.33789697391306,119.33789697391306,0.0,0.0,0.0,True,True,True,False,0.0,1024.952807928268,0.0,0.0,0.0,0.0,1024.952807928268
2025-10-31T05:15:00Z,2025-10-31T05:30:00Z,2025-10-31,2025-10-31_26,0.0,0,0,100,119.33789697391306,119.33789697391306,0.0,0.0,0.0,True,True,True,False,0.0,1024.952807928268,0.0,0.0,0.0,0.0,1024.952807928268
2025-10-31T05:30:00Z,2025-10-31T05:45:00Z,2025-10-31,2025-10-31_27,0.0,0,0,100,119.33789697391306,119.33789697391306,0.0,0.0,0.0,True,True,True,False,0.0,1024.952807928268,0.0,0.0,0.0,0.0,1024.952807928268
2025-10-31T05:45:00Z,2025-10-31T06:00:00Z,2025-10-31,2025-10-31_28,0.0,0,0,100,119.33789697391306,119.33789697391306,0.0,0.0,0.0,True,True,True,False,0.0,1024.952807928268,0.0,0.0,0.0,0.0,1024.952807928268
2025-10-31T06:00:00Z,2025-10-31T06:15:00Z,2025-10-31,2025-10-31_29,0.0,0,0,100,119.33789697391306,119.33789697391306,0.0,0.0,0.0,True,True,True,False,0.0,1024.952807928268,0.0,0.0,0.0,0.0,1024.952807928268
2025-10-31T06:15:00Z,2025-10-31T06:30:00Z,2025-10-31,2025-10-31_30,0.0,0,0,100,119.33789697391306,119.33789697391306,0.0,0.0,0.0,True,True,True,False,0.0,1024.952807928268,0.0,0.0,0.0,0.0,1024.952807928268
2025-10-31T06:30:00Z,2025-10-31T06:45:00Z,2025-10-31,2025-10-31_31,0.0,0,0,100,119.33789697391306,119.33789697391306,0.0,0.0,0.0,True,True,True,False,0.0,1024.952807928268,0.0,0.0,0.0,0.0,1024.952807928268
2025-10-31T06:45:00Z,2025-10-31T07:00:00Z,2025-10-31,2025-10-31_32,0.0,0,0,100,119.33789697391306,119.33789697391306,0.0,0.0,0.0,True,True,True,False,0.0,1024.952807928268,0.0,0.0,0.0,0.0,1024.952807928268
2025-10-31T07:00:00Z,2025-10-31T07:15:00Z,2025-10-31,2025-10-31_33,0.0,0,0,100,119.33789697391306,119.33789697391306,0.0,0.0,0.0,True,True,True,False,0.0,1024.952807928268,0.0,0.0,0.0,0.0,1024.952807928268
2025-10-31T07:15:00Z,2025-10-31T07:30:00Z,2025-10-31,2025-10-31_34,0.0,0,0,100,119.33789697391306,119.33789697391306,0.0,0.0,0.0,True,True,True,False,0.0,1024.952807928268,0.0,0.0,0.0,0.0,1024.952807928268
2025-10-31T07:30:00Z,2025-10-31T07:45:00Z,2025-10-31,2025-10-31_35,0.0,0,0,100,119.33789697391306,119.33789697391306,0.0,0.0,0.0,True,True,True,False,0.0,1024.952807928268,0.0,0.0,0.0,0.0,1024.952807928268
2025-10-31T07:45:00Z,2025-10-31T08:00:00Z,2025-10-31,2025-10-31_36,0.0,0,0,100,119.33789697391306,119.33789697391306,0.0,0.0,0.0,True,True,True,False,0.0,1024.952807928268,0.0,0.0,0.0,0.0,1024.952807928268
2025-10-31T08:00:00Z,2025-10-31T08:15:00Z,2025-10-31,2025-10-31_37,-5.329070518200751e-15,7,0,93,119.33789697391306,119.3144187130435,6.521739130435114e-05,0.0216,0.0,True,True,True,False,-1.5087930904655877e-13,953.2061113732891,7.106536101934875,0.0,2.9370792826805094,0.0,963.2497267579043
2025-10-31T08:15:00Z,2025-10-31T08:30:00Z,2025-10-31,2025-10-31_38,-7.0,7,0,93,119.3144187130435,120.92070191304349,0.004461897777777778,0.00404,0.0,True,True,True,False,-157.5,953.2061113732891,7.106536101934875,0.0,0.5456343479628756,0.0,803.3582818231869
2025-10-31T08:30:00Z,2025-10-31T08:45:00Z,2025-10-31,2025-10-31_39,-7.0,7,0,93,120.92070191304349,122.5251451130435,0.004456786666666667,0.00604,0.0,True,True,True,False,-131.4775,953.2061113732891,7.106536101934875,0.0,0.7920088957055214,0.0,829.6271563709295
2025-10-31T08:45:00Z,2025-10-31T09:00:00Z,2025-10-31,2025-10-31_40,-7.0,7,0,93,122.5251451130435,124.13091311304349,0.004460466666666667,0.004600000000000001,0.0,True,True,True,False,-122.14999999999999,953.2061113732891,7.106536101934875,0.0,0.6212207015887997,0.0,838.7838681768128
2025-10-31T09:00:00Z,2025-10-31T09:15:00Z,2025-10-31,2025-10-31_41,-7.0,7,0,93,124.13091311304349,125.72762831304348,0.00443532,0.01444,0.0,True,True,True,False,-147.0875,953.2061113732891,7.042531854648418,0.0,1.8626396098788736,0.0,815.0237828378164
2025-10-31T09:15:00Z,2025-10-31T09:30:00Z,2025-10-31,2025-10-31_42,-7.0,7,0,93,125.72762831304348,127.33295471304348,0.004459240000000001,0.0050799999999999994,0.0,True,True,True,False,-139.9475,953.2061113732891,7.042531854648418,0.0,0.6552776466886896,0.0,820.9564208746262
2025-10-31T09:30:00Z,2025-10-31T09:45:00Z,2025-10-31,2025-10-31_43,-7.0,7,0,93,127.33295471304348,128.93629391304347,0.004453720000000001,0.007239999999999999,0.0,True,True,True,False,-138.35500000000002,953.2061113732891,7.042531854648418,0.0,0.9338996381941166,0.0,822.8275428661316
2025-10-31T09:45:00Z,2025-10-31T10:00:00Z,2025-10-31,2025-10-31_44,-7.0,7,0,93,128.93629391304347,130.54629391304348,0.004472222222222223,0.0,0.0,True,True,True,False,-133.7875,953.2061113732891,7.042531854648418,0.0,0.0,0.0,826.4611432279376
2025-10-31T10:00:00Z,2025-10-31T10:15:00Z,2025-10-31,2025-10-31_45,-7.0,7,0,93,130.54629391304348,132.15504271304349,0.004468746666666667,0.00136,0.0,True,True,True,False,-139.0025,953.2061113732891,7.042531854648418,0.0,0.17328928739971683,0.0,821.4194325153372
2025-10-31T10:15:00Z,2025-10-31T10:30:00Z,2025-10-31,2025-10-31_46,-7.0,7,0,93,132.15504271304349,133.7554747130435,0.004445644444444444,0.0104,0.0,True,True,True,False,-136.5,953.2061113732891,7.042531854648418,0.0,1.3251533742331287,0.0,825.0737966021707
2025-10-31T10:30:00Z,2025-10-31T10:45:00Z,2025-10-31,2025-10-31_47,-7.0,7,0,93,133.7554747130435,135.3589243130435,0.004454026666666667,0.00712,0.0,True,True,True,False,-135.31,953.2061113732891,7.042531854648418,0.0,0.9062375648890986,0.0,825.8448807928266
2025-10-31T10:45:00Z,2025-10-31T11:00:00Z,2025-10-31,2025-10-31_48,-7.0,7,0,93,135.3589243130435,136.8486987130435,0.004138262222222223,0.13068,0.0,True,True,True,False,-137.69,953.2061113732891,7.042531854648418,0.0,15.682242402076449,0.0,838.240885630014
2025-10-31T11:00:00Z,2025-10-31T11:15:00Z,2025-10-31,2025-10-31_49,-7.0,7,0,93,136.8486987130435,138.2849291130435,0.00398952888888889,0.18888000000000002,0.0,True,True,True,False,-132.7725,953.2061113732891,7.042531854648418,0.0,24.372487494100994,0.0,851.8486307220385
2025-10-31T11:15:00Z,2025-10-31T11:30:00Z,2025-10-31,2025-10-31_50,-7.0,7,0,93,138.2849291130435,139.7656507130435,0.004113115555555556,0.14052,0.0,True,True,True,False,-133.94500000000002,953.2061113732891,7.042531854648418,0.0,17.790054152902314,0.0,844.0936973808398
2025-10-31T11:30:00Z,2025-10-31T11:45:00Z,2025-10-31,2025-10-31_51,-7.0,7,0,93,139.7656507130435,141.2347435130435,0.004080813333333333,0.15316,0.0,True,True,True,False,-142.99249999999998,953.2061113732891,7.042531854648418,0.0,20.235605450684282,0.0,837.4917486786218
2025-10-31T11:45:00Z,2025-10-31T12:00:00Z,2025-10-31,2025-10-31_52,-7.0,7,0,93,141.2347435130435,142.8305755130435,0.004432866666666667,0.0154,0.0,True,True,True,False,-150.9725,953.2061113732891,7.042531854648418,0.0,1.4383750196633631,0.0,810.7145182476008
2025-10-31T12:00:00Z,2025-10-31T12:15:00Z,2025-10-31,2025-10-31_53,0.0,7,7,93,142.8305755130435,143.2766283130435,0.0012390355555555556,0.0,0.48484,True,True,True,False,0.0,953.2061113732891,7.042531854648418,2.797605002359604,0.0,-17.762689609878873,945.2835586204183
2025-10-31T12:15:00Z,2025-10-31T12:30:00Z,2025-10-31,2025-10-31_54,0.0,7,7,93,143.2766283130435,143.8728987130435,0.0016563066666666665,0.0,0.6481199999999999,True,True,True,False,0.0,953.2061113732891,7.042531854648418,2.797605002359604,0.0,-24.672935370457758,938.3733128598394
2025-10-31T12:30:00Z,2025-10-31T12:45:00Z,2025-10-31,2025-10-31_55,0.0,7,7,93,143.8728987130435,143.98322977391305,0.00033159594202898554,0.0041600000000000005,0.12484,True,True,True,False,0.0,953.2061113732891,7.042531854648418,2.797605002359604,0.5720384458077711,-5.601254821456662,958.0170318546483
2025-10-31T12:45:00Z,2025-10-31T13:00:00Z,2025-10-31,2025-10-31_56,0.0,7,7,93,143.98322977391305,144.0,0.0001002071497584541,0.00888,0.028719999999999996,True,True,True,False,0.0,953.2061113732891,7.042531854648418,2.797605002359604,0.8294006606890042,-1.6086102721409468,962.2670386188452
2025-10-31T13:00:00Z,2025-10-31T13:15:00Z,2025-10-31,2025-10-31_57,0.0,0,0,100,144.0,144.0,0.0,0.0,0.0,True,True,True,False,0.0,1024.952807928268,0.0,0.0,0.0,0.0,1024.952807928268
2025-10-31T13:15:00Z,2025-10-31T13:30:00Z,2025-10-31,2025-10-31_58,0.0,0,0,100,144.0,144.0,0.0,0.0,0.0,True,True,True,False,0.0,1024.952807928268,0.0,0.0,0.0,0.0,1024.952807928268
2025-10-31T13:30:00Z,2025-10-31T13:45:00Z,2025-10-31,2025-10-31_59,0.0,0,0,100,144.0,144.0,0.0,0.0,0.0,True,True,True,False,0.0,1024.952807928268,0.0,0.0,0.0,0.0,1024.952807928268
2025-10-31T13:45:00Z,2025-10-31T14:00:00Z,2025-10-31,2025-10-31_60,0.0,0,0,100,144.0,144.0,0.0,0.0,0.0,True,True,True,False,0.0,1024.952807928268,0.0,0.0,0.0,0.0,1024.952807928268
2025-10-31T14:00:00Z,2025-10-31T14:15:00Z,2025-10-31,2025-10-31_61,0.0,0,0,100,144.0,144.0,0.0,0.0,0.0,True,False,True,False,0.0,1024.952807928268,0.0,0.0,0.0,0.0,1024.952807928268
2025-10-31T14:15:00Z,2025-10-31T14:30:00Z,2025-10-31,2025-10-31_62,0.0,0,0,100,144.0,144.0,0.0,0.0,0.0,True,False,True,False,0.0,1024.952807928268,0.0,0.0,0.0,0.0,1024.952807928268
2025-10-31T14:30:00Z,2025-10-31T14:45:00Z,2025-10-31,2025-10-31_63,0.0,0,0,100,144.0,144.0,0.0,0.0,0.0,True,False,True,False,0.0,1024.952807928268,0.0,0.0,0.0,0.0,1024.952807928268
2025-10-31T14:45:00Z,2025-10-31T15:00:00Z,2025-10-31,2025-10-31_64,0.0,0,0,100,144.0,144.0,0.0,0.0,0.0,True,False,True,False,0.0,1024.952807928268,0.0,0.0,0.0,0.0,1024.952807928268
2025-10-31T15:00:00Z,2025-10-31T15:15:00Z,2025-10-31,2025-10-31_65,0.0,0,0,100,144.0,144.0,0.0,0.0,0.0,True,False,True,False,0.0,1024.952807928268,0.0,0.0,0.0,0.0,1024.952807928268
2025-10-31T15:15:00Z,2025-10-31T15:30:00Z,2025-10-31,2025-10-31_66,0.0,0,0,100,144.0,144.0,0.0,0.0,0.0,True,False,True,False,0.0,1024.952807928268,0.0,0.0,0.0,0.0,1024.952807928268
2025-10-31T15:30:00Z,2025-10-31T15:45:00Z,2025-10-31,2025-10-31_67,0.0,0,0,100,144.0,144.0,0.0,0.0,0.0,True,False,True,False,0.0,1024.952807928268,0.0,0.0,0.0,0.0,1024.952807928268
2025-10-31T15:45:00Z,2025-10-31T16:00:00Z,2025-10-31,2025-10-31_68,0.0,0,0,100,144.0,144.0,0.0,0.0,0.0,True,False,True,False,0.0,1024.952807928268,0.0,0.0,0.0,0.0,1024.952807928268
2025-10-31T16:00:00Z,2025-10-31T16:15:00Z,2025-10-31,2025-10-31_69,0.0,100,100,0,144.0,134.36459627329194,0.026765010351966875,8.864571428571429,0.0,True,True,True,False,0.0,0.0,110.7243983010854,38.225578102878714,3432.736260028315,0.0,3581.686236432279
2025-10-31T16:15:00Z,2025-10-31T16:30:00Z,2025-10-31,2025-10-31_70,0.0,100,100,0,134.36459627329194,132.03497540372672,0.006503296066252587,2.1485714285714286,0.006285714285714285,True,True,True,False,0.0,0.0,110.7243983010854,38.225578102878714,337.98512326119686,-0.5005730465853164,486.43452661857566
2025-10-31T16:30:00Z,2025-10-31T16:45:00Z,2025-10-31,2025-10-31_71,0.0,100,100,0,132.03497540372672,117.66665242236026,0.0399120082815735,13.218857142857143,0.0,True,True,True,False,0.0,0.0,110.7243983010854,38.225578102878714,8535.24471313962,0.0,8684.194689543585
2025-10-31T16:45:00Z,2025-10-31T17:00:00Z,2025-10-31,2025-10-31_72,0.0,100,100,0,117.66665242236026,103.74118658385095,0.03868184955141477,12.811428571428573,0.0,True,True,True,False,0.0,0.0,110.7243983010854,38.225578102878714,6765.873228611879,0.0,6914.823205015843
2025-10-31T17:00:00Z,2025-10-31T17:15:00Z,2025-10-31,2025-10-31_73,33.967566628587655,0,37,63,103.74118658385095,94.510869565213,0.025639769496216526,0.0,0.0,True,True,True,False,2246.5299378982163,645.7202689948087,0.0,14.143463898065123,0.0,0.0,2906.3936707910902
2025-10-31T17:15:00Z,2025-10-31T17:30:00Z,2025-10-31,2025-10-31_74,36.99999999999174,0,37,63,94.510869565213,84.45652173912829,0.02792874396134642,0.0,0.0,True,True,True,False,2514.334999999439,645.7202689948087,0.0,14.143463898065123,0.0,0.0,3174.198732892313
2025-10-31T17:30:00Z,2025-10-31T17:45:00Z,2025-10-31,2025-10-31_75,36.99999999999174,0,37,63,84.45652173912829,74.40217391304358,0.027928743961346425,0.0,0.0,True,True,True,False,2505.177499999441,645.7202689948087,0.0,14.143463898065123,0.0,0.0,3165.041232892315
2025-10-31T17:45:00Z,2025-10-31T18:00:00Z,2025-10-31,2025-10-31_76,36.99999999999174,0,37,63,74.40217391304358,64.34782608695888,0.027928743961346425,0.0,0.0,True,True,True,False,2652.622499999408,645.7202689948087,0.0,14.143463898065123,0.0,0.0,3312.486232892282
2025-10-31T18:00:00Z,2025-10-31T18:15:00Z,2025-10-31,2025-10-31_77,3.395719657018595e-12,0,0,100,64.34782608695888,64.34782608695795,2.5631941855514755e-15,0.0,0.0,True,True,True,False,2.389907494609687e-10,1024.952807928268,0.0,0.0,0.0,0.0,1024.952807928507
2025-10-31T18:15:00Z,2025-10-31T18:30:00Z,2025-10-31,2025-10-31_78,4.682951244288443e-15,0,0,100,64.34782608695795,64.34782608695795,3.534836386087291e-18,0.0,0.0,True,True,True,False,3.0994112810323066e-13,1024.952807928268,0.0,0.0,0.0,0.0,1024.9528079282682
2025-10-31T18:30:00Z,2025-10-31T18:45:00Z,2025-10-31,2025-10-31_79,0.0,0,0,100,64.34782608695795,64.34782608695795,0.0,0.0,0.0,True,True,True,False,0.0,1024.952807928268,0.0,0.0,0.0,0.0,1024.952807928268
2025-10-31T18:45:00Z,2025-10-31T19:00:00Z,2025-10-31,2025-10-31_80,0.0,0,0,100,64.34782608695795,64.34782608695795,0.0,0.0,0.0,True,True,True,False,0.0,1024.952807928268,0.0,0.0,0.0,0.0,1024.952807928268
2025-10-31T19:00:00Z,2025-10-31T19:15:00Z,2025-10-31,2025-10-31_81,0.0,0,0,100,64.34782608695795,64.34782608695795,0.0,0.0,0.0,True,True,True,False,0.0,1024.952807928268,0.0,0.0,0.0,0.0,1024.952807928268
2025-10-31T19:15:00Z,2025-10-31T19:30:00Z,2025-10-31,2025-10-31_82,0.0,0,0,100,64.34782608695795,64.34782608695795,0.0,0.0,0.0,True,True,True,False,0.0,1024.952807928268,0.0,0.0,0.0,0.0,1024.952807928268
2025-10-31T19:30:00Z,2025-10-31T19:45:00Z,2025-10-31,2025-10-31_83,0.0,0,0,100,64.34782608695795,64.34782608695795,0.0,0.0,0.0,True,True,True,False,0.0,1024.952807928268,0.0,0.0,0.0,0.0,1024.952807928268
2025-10-31T19:45:00Z,2025-10-31T20:00:00Z,2025-10-31,2025-10-31_84,0.0,0,0,100,64.34782608695795,64.34782608695795,0.0,0.0,0.0,True,True,True,False,0.0,1024.952807928268,0.0,0.0,0.0,0.0,1024.952807928268
2025-10-31T20:00:00Z,2025-10-31T20:15:00Z,2025-10-31,2025-10-31_85,0.0,0,0,100,64.34782608695795,64.34782608695795,0.0,0.0,0.0,True,True,True,False,0.0,1024.952807928268,0.0,0.0,0.0,0.0,1024.952807928268
2025-10-31T20:15:00Z,2025-10-31T20:30:00Z,2025-10-31,2025-10-31_86,0.0,0,0,100,64.34782608695795,64.34782608695795,0.0,0.0,0.0,True,True,True,False,0.0,1024.952807928268,0.0,0.0,0.0,0.0,1024.952807928268
2025-10-31T20:30:00Z,2025-10-31T20:45:00Z,2025-10-31,2025-10-31_87,0.0,0,0,100,64.34782608695795,64.34782608695795,0.0,0.0,0.0,True,True,True,False,0.0,1024.952807928268,0.0,0.0,0.0,0.0,1024.952807928268
2025-10-31T20:45:00Z,2025-10-31T21:00:00Z,2025-10-31,2025-10-31_88,0.0,0,0,100,64.34782608695795,64.34782608695795,0.0,0.0,0.0,True,True,True,False,0.0,1024.952807928268,0.0,0.0,0.0,0.0,1024.952807928268
2025-10-31T21:00:00Z,2025-10-31T21:15:00Z,2025-10-31,2025-10-31_89,0.0,100,100,0,64.34782608695795,60.450598757765405,0.010854837819185646,3.5902857142857147,0.005714285714285714,True,True,True,False,0.0,0.0,107.68640868334118,38.225578102878714,574.6539757073193,-0.4550664059866514,720.1108960875525
2025-10-31T21:15:00Z,2025-10-31T21:30:00Z,2025-10-31,2025-10-31_90,0.0,100,100,0,60.450598757765405,52.474201242237456,0.022156659765355417,7.338285714285715,0.0,True,True,True,False,0.0,0.0,107.68640868334118,38.225578102878714,1851.4467729611902,0.0,1997.35875974741
2025-10-31T21:30:00Z,2025-10-31T21:45:00Z,2025-10-31,2025-10-31_91,0.0,100,100,0,52.474201242237456,42.182275776398946,0.028588681849551417,9.46857142857143,0.0,True,True,True,False,0.0,0.0,107.68640868334118,38.225578102878714,5890.275851142724,0.0,6036.187837928944
2025-10-31T21:45:00Z,2025-10-31T22:00:00Z,2025-10-31,2025-10-31_92,0.0,100,100,0,42.182275776398946,37.19775801242379,0.016623406487232577,5.045714285714286,0.5434285714285715,True,True,True,False,0.0,0.0,107.68640868334118,38.225578102878714,793.7227252297804,-36.18721802737141,903.4474939886289
2025-10-31T22:00:00Z,2025-10-31T22:15:00Z,2025-11-01,2025-10-31_93,0.0,53,0,47,37.19775801242379,35.57615552795174,0.004504451345755694,1.4918742857142857,0.0,True,True,True,False,0.0,481.7751863286858,57.06377455703919,0.0,233.81801748862924,0.0,772.6569783743543
2025-10-31T22:15:00Z,2025-10-31T22:30:00Z,2025-11-01,2025-10-31_94,-20.199199727662055,53,0,47,35.57615552795174,40.18849991552794,0.012934306750493327,0.03270857142857143,0.0,True,True,True,False,-498.81923727461447,481.7751863286858,57.06377455703919,0.0,4.92709400292732,0.0,44.94681761403782
2025-10-31T22:30:00Z,2025-10-31T22:45:00Z,2025-11-01,2025-10-31_95,-53.0,53,0,47,40.18849991552794,52.36178220124223,0.03381467301587302,0.01817142857142857,0.0,True,True,True,False,-1282.6,481.7751863286858,57.06377455703919,0.0,2.7372744460707334,0.0,-741.0237646682042
2025-10-31T22:45:00Z,2025-10-31T23:00:00Z,2025-11-01,2025-10-31_96,-53.0,53,0,47,52.36178220124223,64.34782608695652,0.03329456634920635,0.22169142857142857,0.0,True,True,True,False,-1215.025,481.7751863286858,57.06377455703919,0.0,33.41188157895476,0.0,-642.7741575353203
2025-10-31T23:00:00Z,2025-10-31T23:15:00Z,2025-11-01,2025-11-01_1,0.0,0,0,100,64.34782608695652,64.34782608695652,0.0,0.0,0.0,True,True,True,False,0.0,1025.053587933374,0.0,0.0,0.0,0.0,1025.053587933374
2025-10-31T23:15:00Z,2025-10-31T23:30:00Z,2025-11-01,2025-11-01_2,0.0,0,0,100,64.34782608695652,64.34782608695652,0.0,0.0,0.0,True,True,True,False,0.0,1025.053587933374,0.0,0.0,0.0,0.0,1025.053587933374
2025-10-31T23:30:00Z,2025-10-31T23:45:00Z,2025-11-01,2025-11-01_3,0.0,0,0,100,64.34782608695652,64.34782608695652,0.0,0.0,0.0,True,True,True,False,0.0,1025.053587933374,0.0,0.0,0.0,0.0,1025.053587933374
2025-10-31T23:45:00Z,2025-11-01T00:00:00Z,2025-11-01,2025-11-01_4,0.0,0,0,100,64.34782608695652,64.34782608695652,0.0,0.0,0.0,True,True,True,False,0.0,1025.053587933374,0.0,0.0,0.0,0.0,1025.053587933374
2025-11-01T00:00:00Z,2025-11-01T00:15:00Z,2025-11-01,2025-11-01_5,0.0,0,0,100,64.34782608695652,64.34782608695652,0.0,0.0,0.0,True,True,True,False,0.0,1025.053587933374,0.0,0.0,0.0,0.0,1025.053587933374
2025-11-01T00:15:00Z,2025-11-01T00:30:00Z,2025-11-01,2025-11-01_6,0.0,0,0,100,64.34782608695652,64.34782608695652,0.0,0.0,0.0,True,True,True,False,0.0,1025.053587933374,0.0,0.0,0.0,0.0,1025.053587933374
2025-11-01T00:30:00Z,2025-11-01T00:45:00Z,2025-11-01,2025-11-01_7,0.0,0,0,100,64.34782608695652,64.34782608695652,0.0,0.0,0.0,True,True,True,False,0.0,1025.053587933374,0.0,0.0,0.0,0.0,1025.053587933374
2025-11-01T00:45:00Z,2025-11-01T01:00:00Z,2025-11-01,2025-11-01_8,0.0,0,0,100,64.34782608695652,64.34782608695652,0.0,0.0,0.0,True,True,True,False,0.0,1025.053587933374,0.0,0.0,0.0,0.0,1025.053587933374
2025-11-01T01:00:00Z,2025-11-01T01:15:00Z,2025-11-01,2025-11-01_9,0.0,0,0,100,64.34782608695652,64.34782608695652,0.0,0.0,0.0,True,True,True,False,0.0,1025.053587933374,0.0,0.0,0.0,0.0,1025.053587933374
2025-11-01T01:15:00Z,2025-11-01T01:30:00Z,2025-11-01,2025-11-01_10,0.0,0,0,100,64.34782608695652,64.34782608695652,0.0,0.0,0.0,True,True,True,False,0.0,1025.053587933374,0.0,0.0,0.0,0.0,1025.053587933374
2025-11-01T01:30:00Z,2025-11-01T01:45:00Z,2025-11-01,2025-11-01_11,0.0,0,0,100,64.34782608695652,64.34782608695652,0.0,0.0,0.0,True,True,True,False,0.0,1025.053587933374,0.0,0.0,0.0,0.0,1025.053587933374
2025-11-01T01:45:00Z,2025-11-01T02:00:00Z,2025-11-01,2025-11-01_12,0.0,0,0,100,64.34782608695652,64.34782608695652,0.0,0.0,0.0,True,True,True,False,0.0,1025.053587933374,0.0,0.0,0.0,0.0,1025.053587933374
2025-11-01T02:00:00Z,2025-11-01T02:15:00Z,2025-11-01,2025-11-01_13,0.0,0,0,100,64.34782608695652,64.34782608695652,0.0,0.0,0.0,True,True,True,False,0.0,1025.053587933374,0.0,0.0,0.0,0.0,1025.053587933374
2025-11-01T02:15:00Z,2025-11-01T02:30:00Z,2025-11-01,2025-11-01_14,0.0,0,0,100,64.34782608695652,64.34782608695652,0.0,0.0,0.0,True,True,True,False,0.0,1025.053587933374,0.0,0.0,0.0,0.0,1025.053587933374
2025-11-01T02:30:00Z,2025-11-01T02:45:00Z,2025-11-01,2025-11-01_15,0.0,0,0,100,64.34782608695652,64.34782608695652,0.0,0.0,0.0,True,True,True,False,0.0,1025.053587933374,0.0,0.0,0.0,0.0,1025.053587933374
2025-11-01T02:45:00Z,2025-11-01T03:00:00Z,2025-11-01,2025-11-01_16,0.0,0,0,100,64.34782608695652,64.34782608695652,0.0,0.0,0.0,True,True,True,False,0.0,1025.053587933374,0.0,0.0,0.0,0.0,1025.053587933374
2025-11-01T03:00:00Z,2025-11-01T03:15:00Z,2025-11-01,2025-11-01_17,0.0,0,0,100,64.34782608695652,64.34782608695652,0.0,0.0,0.0,True,True,True,False,0.0,1025.053587933374,0.0,0.0,0.0,0.0,1025.053587933374
2025-11-01T03:15:00Z,2025-11-01T03:30:00Z,2025-11-01,2025-11-01_18,0.0,0,0,100,64.34782608695652,64.34782608695652,0.0,0.0,0.0,True,True,True,False,0.0,1025.053587933374,0.0,0.0,0.0,0.0,1025.053587933374
2025-11-01T03:30:00Z,2025-11-01T03:45:00Z,2025-11-01,2025-11-01_19,0.0,0,0,100,64.34782608695652,64.34782608695652,0.0,0.0,0.0,True,True,True,False,0.0,1025.053587933374,0.0,0.0,0.0,0.0,1025.053587933374
2025-11-01T03:45:00Z,2025-11-01T04:00:00Z,2025-11-01,2025-11-01_20,0.0,0,0,100,64.34782608695652,64.34782608695652,0.0,0.0,0.0,True,True,True,False,0.0,1025.053587933374,0.0,0.0,0.0,0.0,1025.053587933374
2025-11-01T04:00:00Z,2025-11-01T04:15:00Z,2025-11-01,2025-11-01_21,0.0,0,0,100,64.34782608695652,64.34782608695652,0.0,0.0,0.0,True,False,True,False,0.0,1025.053587933374,0.0,0.0,0.0,0.0,1025.053587933374
2025-11-01T04:15:00Z,2025-11-01T04:30:00Z,2025-11-01,2025-11-01_22,0.0,0,0,100,64.34782608695652,64.34782608695652,0.0,0.0,0.0,True,False,True,False,0.0,1025.053587933374,0.0,0.0,0.0,0.0,1025.053587933374
2025-11-01T04:30:00Z,2025-11-01T04:45:00Z,2025-11-01,2025-11-01_23,0.0,0,0,100,64.34782608695652,64.34782608695652,0.0,0.0,0.0,True,False,True,False,0.0,1025.053587933374,0.0,0.0,0.0,0.0,1025.053587933374
2025-11-01T04:45:00Z,2025-11-01T05:00:00Z,2025-11-01,2025-11-01_24,0.0,0,0,100,64.34782608695652,64.34782608695652,0.0,0.0,0.0,True,False,True,False,0.0,1025.053587933374,0.0,0.0,0.0,0.0,1025.053587933374
2025-11-01T05:00:00Z,2025-11-01T05:15:00Z,2025-11-01,2025-11-01_25,0.0,0,0,100,64.34782608695652,64.34782608695652,0.0,0.0,0.0,True,False,True,False,0.0,1025.053587933374,0.0,0.0,0.0,0.0,1025.053587933374
2025-11-01T05:15:00Z,2025-11-01T05:30:00Z,2025-11-01,2025-11-01_26,0.0,0,0,100,64.34782608695652,64.34782608695652,0.0,0.0,0.0,True,False,True,False,0.0,1025.053587933374,0.0,0.0,0.0,0.0,1025.053587933374
2025-11-01T05:30:00Z,2025-11-01T05:45:00Z,2025-11-01,2025-11-01_27,0.0,0,0,100,64.34782608695652,64.34782608695652,0.0,0.0,0.0,True,False,True,False,0.0,1025.053587933374,0.0,0.0,0.0,0.0,1025.053587933374
2025-11-01T05:45:00Z,2025-11-01T06:00:00Z,2025-11-01,2025-11-01_28,0.0,0,0,100,64.34782608695652,64.34782608695652,0.0,0.0,0.0,True,False,True,False,0.0,1025.053587933374,0.0,0.0,0.0,0.0,1025.053587933374
2025-11-01T06:00:00Z,2025-11-01T06:15:00Z,2025-11-01,2025-11-01_29,0.0,0,0,100,64.34782608695652,64.34782608695652,0.0,0.0,0.0,True,False,True,False,0.0,1025.053587933374,0.0,0.0,0.0,0.0,1025.053587933374
2025-11-01T06:15:00Z,2025-11-01T06:30:00Z,2025-11-01,2025-11-01_30,0.0,0,0,100,64.34782608695652,64.34782608695652,0.0,0.0,0.0,True,False,True,False,0.0,1025.053587933374,0.0,0.0,0.0,0.0,1025.053587933374
2025-11-01T06:30:00Z,2025-11-01T06:45:00Z,2025-11-01,2025-11-01_31,0.0,0,0,100,64.34782608695652,64.34782608695652,0.0,0.0,0.0,True,False,True,False,0.0,1025.053587933374,0.0,0.0,0.0,0.0,1025.053587933374
2025-11-01T06:45:00Z,2025-11-01T07:00:00Z,2025-11-01,2025-11-01_32,0.0,0,0,100,64.34782608695652,64.34782608695652,0.0,0.0,0.0,True,False,True,False,0.0,1025.053587933374,0.0,0.0,0.0,0.0,1025.053587933374
2025-11-01T07:00:00Z,2025-11-01T07:15:00Z,2025-11-01,2025-11-01_33,45.999999999999915,54,100,0,64.34782608695652,63.58386448695653,0.03461756698412698,0.0,11.773714285714284,True,True,True,False,895.0449999999984,0.0,53.52107136536155,37.137912725413464,0.0,4909.519154279871,5895.223138370645
2025-11-01T07:15:00Z,2025-11-01T07:30:00Z,2025-11-01,2025-11-01_34,45.18041937770504,54,100,0,63.58386448695653,51.42952215652172,0.03424879029274571,0.045977142857142855,0.1737142857142857,True,True,True,False,826.1239683213367,0.0,53.52107136536155,37.137912725413464,4.972847843981155,-8.655652227656713,913.1001480284363
2025-11-01T07:30:00Z,2025-11-01T07:45:00Z,2025-11-01,2025-11-01_35,0.0,54,100,0,51.42952215652172,53.90582476521737,0.006988556245686682,0.018205714285714287,2.7131428571428575,True,True,True,False,0.0,0.0,53.52107136536155,37.137912725413464,1.9691142469455583,-103.10807204240963,-10.479973704689058
2025-11-01T07:45:00Z,2025-11-01T08:00:00Z,2025-11-01,2025-11-01_36,0.0,54,100,0,53.90582476521737,60.721184765217366,0.01893155555555556,0.0,7.408,True,True,True,False,0.0,0.0,53.52107136536155,37.137912725413464,0.0,-219.00880611984036,-128.34982202906534
2025-11-01T08:00:00Z,2025-11-01T08:15:00Z,2025-11-01,2025-11-01_37,0.0,7,7,93,60.721184765217366,60.543478260869534,0.0005418780676328501,0.17148,0.00944,True,True,True,False,0.0,953.2998367780378,6.621993667774479,2.6801832805647874,19.931856451200566,-0.35649268647617555,982.1773774911015
2025-11-01T08:15:00Z,2025-11-01T08:30:00Z,2025-11-01,2025-11-01_38,0.0,7,7,93,60.543478260869534,61.038167304347795,0.0013746193236714975,8e-05,0.5378,True,True,True,False,0.0,953.2998367780378,6.621993667774479,2.6801832805647874,0.008212227881457592,85.39123061493382,1048.0014565691924
2025-11-01T08:30:00Z,2025-11-01T08:45:00Z,2025-11-01,2025-11-01_39,0.0,7,7,93,61.038167304347795,61.29065210434779,0.0007013466666666666,0.0,0.27443999999999996,True,True,True,False,0.0,953.2998367780378,6.621993667774479,2.6801832805647874,0.0,33.78826959548485,996.390283321862
2025-11-01T08:45:00Z,2025-11-01T09:00:00Z,2025-11-01,2025-11-01_40,0.0,7,7,93,61.29065210434779,61.52834330434779,0.0006602533333333335,0.0,0.25836000000000003,True,True,True,False,0.0,953.2998367780378,6.621993667774479,2.6801832805647874,0.0,-9.663744162356691,952.9382695640204
2025-11-01T09:00:00Z,2025-11-01T09:15:00Z,2025-11-01,2025-11-01_41,0.0,100,100,0,61.52834330434779,73.18816044720494,0.032388380952380946,0.0,12.673714285714285,True,True,True,False,0.0,0.0,92.56455133625691,38.55381408428547,0.0,1240.3023029186108,1371.4206683391533
2025-11-01T09:15:00Z,2025-11-01T09:30:00Z,2025-11-01,2025-11-01_42,0.0,100,100,0,73.18816044720494,83.24244616149065,0.02792857142857143,0.0,10.928571428571429,True,True,True,False,0.0,0.0,92.56455133625691,38.55381408428547,0.0,671.8607444157582,802.9791098363006
2025-11-01T09:30:00Z,2025-11-01T09:45:00Z,2025-11-01,2025-11-01_43,0.0,100,100,0,83.24244616149065,90.21131473291922,0.019357968253968256,0.0,7.574857142857143,True,True,True,False,0.0,0.0,92.56455133625691,38.55381408428547,0.0,161.91404242647286,293.03240784701524
2025-11-01T09:45:00Z,2025-11-01T10:00:00Z,2025-11-01,2025-11-01_44,0.0,100,100,0,90.21131473291922,93.80562330434779,0.009984190476190476,0.0,3.9068571428571426,True,True,True,False,0.0,0.0,92.56455133625691,38.55381408428547,0.0,110.38555915461698,241.50392457515937
2025-11-01T10:00:00Z,2025-11-01T10:15:00Z,2025-11-01,2025-11-01_45,-7.0,7,0,93,93.80562330434779,95.4142617043478,0.00446844,0.00148,0.0,True,True,True,False,-26.25,953.2998367780378,6.479518593537984,0.0,0.13824703545652986,0.0,933.6676024070324
2025-11-01T10:15:00Z,2025-11-01T10:30:00Z,2025-11-01,2025-11-01_46,-7.0,7,0,93,95.4142617043478,97.02223770434779,0.004466600000000001,0.0021999999999999997,0.0,True,True,True,False,-26.355,953.2998367780378,6.479518593537984,0.0,0.20550235000294978,0.0,933.6298577215788
2025-11-01T10:30:00Z,2025-11-01T10:45:00Z,2025-11-01,2025-11-01_47,-7.0,7,0,93,97.02223770434779,98.63223770434779,0.004472222222222221,0.0,0.0,True,True,True,False,-26.25,953.2998367780378,6.479518593537984,0.0,0.0,0.0,933.5293553715758
2025-11-01T10:45:00Z,2025-11-01T11:00:00Z,2025-11-01,2025-11-01_48,-7.0,7,0,93,98.63223770434779,100.24223770434779,0.004472222222222222,0.0,0.0,True,True,True,False,-31.447499999999998,953.2998367780378,6.479518593537984,0.0,0.0,0.0,928.3318553715758
2025-11-01T11:00:00Z,2025-11-01T11:15:00Z,2025-11-01,2025-11-01_49,0.0,100,100,0,100.24223770434779,117.64653484720493,0.04834526984126984,0.0,18.917714285714286,True,True,True,False,0.0,0.0,92.56455133625691,38.612809974238466,0.0,8996.864766924096,9128.042128234592
2025-11-01T11:15:00Z,2025-11-01T11:30:00Z,2025-11-01,2025-11-01_50,0.0,100,100,0,117.64653484720493,132.84072913291922,0.042206095238095244,0.0,16.515428571428572,True,True,True,False,0.0,0.0,92.56455133625691,38.612809974238466,0.0,10092.32308981141,10223.500451121907
2025-11-01T11:30:00Z,2025-11-01T11:45:00Z,2025-11-01,2025-11-01_51,0.0,100,100,0,132.84072913291922,132.43086379130432,0.010738641821946171,1.966857142857143,1.8782857142857143,True,True,True,False,0.0,0.0,92.56455133625691,38.612809974238466,192.71726641139242,35.2154100635751,359.1100377854629
2025-11-01T11:45:00Z,2025-11-01T12:00:00Z,2025-11-01,2025-11-01_52,0.0,100,100,0,132.43086379130432,131.75711074782603,0.0021898854382332647,0.6725714285714286,0.06228571428571429,True,True,True,False,0.0,0.0,92.56455133625691,38.612809974238466,68.60662394615079,-3.1003712246142094,196.68361403203195
2025-11-01T12:00:00Z,2025-11-01T12:15:00Z,2025-11-01,2025-11-01_53,0.0,100,100,0,131.75711074782603,140.41830230062106,0.02407611870255349,0.002857142857142857,9.417714285714286,True,True,True,False,0.0,0.0,92.56455133625691,38.612809974238466,0.26688616883499977,1800.831579095228,1932.2758265745586
2025-11-01T12:15:00Z,2025-11-01T12:30:00Z,2025-11-01,2025-11-01_54,0.0,100,100,0,140.41830230062106,154.80289658633535,0.039957206349206346,0.0,15.63542857142857,True,True,True,False,0.0,0.0,92.56455133625691,38.612809974238466,0.0,8561.992171189217,8693.169532499713
2025-11-01T12:30:00Z,2025-11-01T12:45:00Z,2025-11-01,2025-11-01_55,0.0,100,100,0,154.80289658633535,156.51572043726705,0.006562536922015184,0.2988571428571429,2.214857142857143,True,True,True,False,0.0,0.0,92.56455133625691,38.612809974238466,27.916293260140975,-82.95816224993469,76.13549232070167
2025-11-01T12:45:00Z,2025-11-01T13:00:00Z,2025-11-01,2025-11-01_56,0.0,100,100,0,156.51572043726705,158.4450739776397,0.006843097308488613,0.2457142857142857,2.3874285714285715,True,True,True,False,0.0,0.0,92.56455133625691,38.612809974238466,22.952210519809977,-89.27164033858023,64.85793149172513
2025-11-01T13:00:00Z,2025-11-01T13:15:00Z,2025-11-01,2025-11-01_57,19.27455650007189,80,100,0,158.4450739776397,175.00636257924538,0.04845513277048041,0.0,22.893714285714285,True,True,True,False,219.72994410081952,0.0,76.64746022693751,37.462390120154964,0.0,19009.35991976559,19343.1997142135
2025-11-01T13:15:00Z,2025-11-01T13:30:00Z,2025-11-01,2025-11-01_58,20.000000000000014,80,100,0,175.00636257924538,185.8429731630963,0.039682786473429946,0.0,17.066857142857145,True,True,True,False,296.2500000000002,0.0,76.64746022693751,37.462390120154964,0.0,14096.288949283202,14506.648799630295
2025-11-01T13:30:00Z,2025-11-01T13:45:00Z,2025-11-01,2025-11-01_59,17.433559517805953,80,100,0,185.8429731630963,186.18287559377643,0.02215042011979756,0.10742857142857143,5.472571428571428,True,True,True,False,316.02685015902745,0.0,76.64746022693751,37.462390120154964,10.034919948195991,139.7280901906691,579.899710644985
2025-11-01T13:45:00Z,2025-11-01T14:00:00Z,2025-11-01,2025-11-01_60,20.0,80,100,0,186.18287559377643,177.61964578011185,0.023786749482401656,2.878171428571429,0.0,True,True,True,False,416.95,0.0,76.64746022693751,37.462390120154964,348.0039858297492,0.0,879.0638361768416
2025-11-01T14:00:00Z,2025-11-01T14:15:00Z,2025-11-01,2025-11-01_61,-63.9999999999999,100,36,0,177.61964578011185,189.99747641862115,0.03957789394064867,2.389714285714286,0.0,True,True,True,False,-1052.3199999999983,0.0,105.77963068572889,13.008593734636486,320.9593390212863,0.0,-612.5724365583467
2025-11-01T14:15:00Z,2025-11-01T14:30:00Z,2025-11-01,2025-11-01_62,-17.336562957457556,100,36,0,189.99747641862115,189.99999999999994,0.01881593692751956,3.7680000000000007,0.0018514285714285711,True,True,True,False,-367.70850032767476,0.0,105.77963068572889,13.008593734636486,1041.3969219877686,-0.14563556834111985,792.331010512118
2025-11-01T14:30:00Z,2025-11-01T14:45:00Z,2025-11-01,2025-11-01_63,-63.88659141337224,100,36,0,189.99999999999994,189.85731105590048,0.03260915389321661,15.134857142857145,0.0,True,True,True,False,-1660.4125108335443,0.0,105.77963068572889,13.008593734636486,4911.686904654214,0.0,3370.062618241035
2025-11-01T14:45:00Z,2025-11-01T15:00:00Z,2025-11-01,2025-11-01_64,-2.148253399699072e-13,100,36,0,189.85731105590048,178.13370857142849,0.032565562456866815,10.785714285714286,0.0,True,True,True,False,-6.1284298859915274e-12,0.0,105.77963068572889,13.008593734636486,4262.721044957679,0.0,4381.509269378038
2025-11-01T15:00:00Z,2025-11-01T15:15:00Z,2025-11-01,2025-11-01_65,0.0,0,75,25,178.13370857142849,178.49999999999991,0.0010174761904761906,0.0,0.3981428571428572,True,True,True,False,0.0,256.2633969833435,0.0,27.10123694715935,0.0,-27.21865579269406,256.1459781378088
2025-11-01T15:15:00Z,2025-11-01T15:30:00Z,2025-11-01,2025-11-01_66,75.0,0,75,25,178.49999999999991,158.28540372670798,0.0561516563146998,0.0,0.15257142857142855,True,True,True,False,2791.1250000000005,256.2633969833435,0.0,27.10123694715935,0.0,-12.001449613295987,3062.4881843172075
2025-11-01T15:30:00Z,2025-11-01T15:45:00Z,2025-11-01,2025-11-01_67,75.0,0,75,25,158.28540372670798,137.94037267080736,0.05651397515527949,0.0,0.03257142857142857,True,True,True,False,3342.375,256.2633969833435,0.0,27.10123694715935,0.0,-2.5621072208159976,3623.177526709687
2025-11-01T15:45:00Z,2025-11-01T16:00:00Z,2025-11-01,2025-11-01_68,75.0,0,75,25,137.94037267080736,117.59208074534152,0.05652303312629398,0.0,0.029571428571428575,True,True,True,False,3730.6875,256.2633969833435,0.0,27.10123694715935,0.0,-2.326123661003998,4011.726010269499
2025-11-01T16:00:00Z,2025-11-01T16:15:00Z,2025-11-01,2025-11-01_69,1.7648027870820673,0,100,0,117.59208074534152,126.3651848149067,0.025965607296006523,0.0,10.025142857142857,True,True,True,False,53.54852856703763,0.0,0.0,36.13498259621247,0.0,-409.0986153945561,-319.415104231306
2025-11-01T16:15:00Z,2025-11-01T16:30:00Z,2025-11-01,2025-11-01_70,100.0,0,100,0,126.3651848149067,103.12108543602471,0.06456694271911662,0.0,3.6154285714285717,True,True,True,False,3381.25,0.0,0.0,36.13498259621247,0.0,-221.64167615751342,3195.743306438699
2025-11-01T16:30:00Z,2025-11-01T16:45:00Z,2025-11-01,2025-11-01_71,99.99999999999997,0,100,0,103.12108543602471,97.50742083975143,0.015593512767425812,0.0,19.835428571428572,True,True,True,False,3539.499999999999,0.0,0.0,36.13498259621247,0.0,-744.5531256865296,2831.081856909682
2025-11-01T16:45:00Z,2025-11-01T17:00:00Z,2025-11-01,2025-11-01_72,99.99999999999999,0,100,0,97.50742083975143,95.03102332422348,0.006878881987577652,0.0,22.721714285714285,True,True,True,False,3221.2499999999995,0.0,0.0,36.13498259621247,0.0,1059.6913170972898,4317.076299693502
2025-11-01T17:00:00Z,2025-11-01T17:15:00Z,2025-11-01,2025-11-01_73,27.000000000000032,73,100,0,95.03102332422348,95.77425347577626,0.02917446608695653,0.0,8.372571428571428,True,True,True,False,876.487500000001,0.0,80.01848537885193,36.13498259621247,0.0,-391.1716873667325,601.4692806083328
2025-11-01T17:15:00Z,2025-11-01T17:30:00Z,2025-11-01,2025-11-01_74,27.000000000000032,73,100,0,95.77425347577626,103.91770373167688,0.03722845913043478,0.0,16.04057142857143,True,True,True,False,851.9175000000009,0.0,80.01848537885193,36.13498259621247,0.0,-633.1816132847507,334.88935469031463
2025-11-01T17:30:00Z,2025-11-01T17:45:00Z,2025-11-01,2025-11-01_75,27.000000000000032,73,100,0,103.91770373167688,112.3451627329191,0.037537558647343,0.0,16.334857142857143,True,True,True,False,821.7450000000009,0.0,80.01848537885193,36.13498259621247,0.0,-430.69850661737235,507.199961357693
2025-11-01T17:45:00Z,2025-11-01T18:00:00Z,2025-11-01,2025-11-01_76,0.0,73,100,0,112.3451627329191,121.93232695652159,0.027023972394755,0.06507428571428571,10.497714285714284,True,True,True,False,0.0,0.0,80.01848537885193,36.13498259621247,10.11623543742643,602.2452249007605,728.5149283132513
2025-11-01T18:00:00Z,2025-11-01T18:15:00Z,2025-11-01,2025-11-01_77,0.0,0,0,100,121.93232695652159,121.93232695652159,0.0,0.0,0.0,True,True,True,False,0.0,1025.053587933374,0.0,0.0,0.0,0.0,1025.053587933374
2025-11-01T18:15:00Z,2025-11-01T18:30:00Z,2025-11-01,2025-11-01_78,0.0,0,0,100,121.93232695652159,121.93232695652159,0.0,0.0,0.0,True,True,True,False,0.0,1025.053587933374,0.0,0.0,0.0,0.0,1025.053587933374
2025-11-01T18:30:00Z,2025-11-01T18:45:00Z,2025-11-01,2025-11-01_79,0.0,0,0,100,121.93232695652159,121.93232695652159,0.0,0.0,0.0,True,True,True,False,0.0,1025.053587933374,0.0,0.0,0.0,0.0,1025.053587933374
2025-11-01T18:45:00Z,2025-11-01T19:00:00Z,2025-11-01,2025-11-01_80,0.0,0,0,100,121.93232695652159,121.93232695652159,0.0,0.0,0.0,True,True,True,False,0.0,1025.053587933374,0.0,0.0,0.0,0.0,1025.053587933374
2025-11-01T19:00:00Z,2025-11-01T19:15:00Z,2025-11-01,2025-11-01_81,100.0,0,100,0,121.93232695652159,100.45592944099364,0.05965665976535542,0.0,5.241714285714286,True,True,True,False,3378.25,0.0,0.0,36.13498259621247,0.0,-146.24352963981607,3268.1414529563963
2025-11-01T19:15:00Z,2025-11-01T19:30:00Z,2025-11-01,2025-11-01_82,100.0,0,100,0,100.45592944099364,87.43605366459613,0.03616632160110421,0.0,13.021714285714287,True,True,True,False,3832.5000000000005,0.0,0.0,36.13498259621247,0.0,257.6686662714879,4126.303648867701
2025-11-01T19:30:00Z,2025-11-01T19:45:00Z,2025-11-01,2025-11-01_83,100.0,0,100,0,87.43605366459613,64.2826375155278,0.06431504485852312,0.0,3.6988571428571424,True,True,True,False,3832.25,0.0,0.0,36.13498259621247,0.0,-60.007594288074124,3808.3773883081385
2025-11-01T19:45:00Z,2025-11-01T20:00:00Z,2025-11-01,2025-11-01_84,0.0,0,100,0,64.2826375155278,64.34782608695637,0.00018107936507936507,0.0,0.07085714285714285,True,True,True,False,0.0,0.0,0.0,36.13498259621247,0.0,-5.564719334076869,30.570263262135597
2025-11-01T20:00:00Z,2025-11-01T20:15:00Z,2025-11-01,2025-11-01_85,0.0,0,0,100,64.34782608695637,64.34782608695637,0.0,0.0,0.0,True,True,True,False,0.0,1025.053587933374,0.0,0.0,0.0,0.0,1025.053587933374
2025-11-01T20:15:00Z,2025-11-01T20:30:00Z,2025-11-01,2025-11-01_86,0.0,0,0,100,64.34782608695637,64.34782608695637,0.0,0.0,0.0,True,True,True,False,0.0,1025.053587933374,0.0,0.0,0.0,0.0,1025.053587933374
2025-11-01T20:30:00Z,2025-11-01T20:45:00Z,2025-11-01,2025-11-01_87,0.0,0,0,100,64.34782608695637,64.34782608695637,0.0,0.0,0.0,True,True,True,False,0.0,1025.053587933374,0.0,0.0,0.0,0.0,1025.053587933374
2025-11-01T20:45:00Z,2025-11-01T21:00:00Z,2025-11-01,2025-11-01_88,0.0,0,0,100,64.34782608695637,64.34782608695637,0.0,0.0,0.0,True,True,True,False,0.0,1025.053587933374,0.0,0.0,0.0,0.0,1025.053587933374
2025-11-01T21:00:00Z,2025-11-01T21:15:00Z,2025-11-01,2025-11-01_89,0.0,0,0,100,64.34782608695637,64.34782608695637,0.0,0.0,0.0,True,True,True,False,0.0,1025.053587933374,0.0,0.0,0.0,0.0,1025.053587933374
2025-11-01T21:15:00Z,2025-11-01T21:30:00Z,2025-11-01,2025-11-01_90,0.0,0,0,100,64.34782608695637,64.34782608695637,0.0,0.0,0.0,True,True,True,False,0.0,1025.053587933374,0.0,0.0,0.0,0.0,1025.053587933374
2025-11-01T21:30:00Z,2025-11-01T21:45:00Z,2025-11-01,2025-11-01_91,0.0,0,0,100,64.34782608695637,64.34782608695637,0.0,0.0,0.0,True,True,True,False,0.0,1025.053587933374,0.0,0.0,0.0,0.0,1025.053587933374
2025-11-01T21:45:00Z,2025-11-01T22:00:00Z,2025-11-01,2025-11-01_92,0.0,0,0,100,64.34782608695637,64.34782608695637,0.0,0.0,0.0,True,True,True,False,0.0,1025.053587933374,0.0,0.0,0.0,0.0,1025.053587933374
2025-11-01T22:00:00Z,2025-11-01T22:15:00Z,2025-11-02,2025-11-01_93,0.0,0,0,100,64.34782608695637,64.34782608695637,0.0,0.0,0.0,True,False,True,False,0.0,1025.053587933374,0.0,0.0,0.0,0.0,1025.053587933374
2025-11-01T22:15:00Z,2025-11-01T22:30:00Z,2025-11-02,2025-11-01_94,0.0,0,0,100,64.34782608695637,64.34782608695637,0.0,0.0,0.0,True,False,True,False,0.0,1025.053587933374,0.0,0.0,0.0,0.0,1025.053587933374
2025-11-01T22:30:00Z,2025-11-01T22:45:00Z,2025-11-02,2025-11-01_95,0.0,0,0,100,64.34782608695637,64.34782608695637,0.0,0.0,0.0,True,False,True,False,0.0,1025.053587933374,0.0,0.0,0.0,0.0,1025.053587933374
2025-11-01T22:45:00Z,2025-11-01T23:00:00Z,2025-11-02,2025-11-01_96,0.0,0,0,100,64.34782608695637,64.34782608695637,0.0,0.0,0.0,True,False,True,False,0.0,1025.053587933374,0.0,0.0,0.0,0.0,1025.053587933374
2025-11-01T23:00:00Z,2025-11-01T23:15:00Z,2025-11-02,2025-11-02_1,0.0,0,0,100,64.34782608695637,64.34782608695637,0.0,0.0,0.0,True,True,True,False,0.0,1025.053587933374,0.0,0.0,0.0,0.0,1025.053587933374
2025-11-01T23:15:00Z,2025-11-01T23:30:00Z,2025-11-02,2025-11-02_2,0.0,0,0,100,64.34782608695637,64.34782608695637,0.0,0.0,0.0,True,True,True,False,0.0,1025.053587933374,0.0,0.0,0.0,0.0,1025.053587933374
2025-11-01T23:30:00Z,2025-11-01T23:45:00Z,2025-11-02,2025-11-02_3,0.0,0,0,100,64.34782608695637,64.34782608695637,0.0,0.0,0.0,True,True,True,False,0.0,1025.053587933374,0.0,0.0,0.0,0.0,1025.053587933374
2025-11-01T23:45:00Z,2025-11-02T00:00:00Z,2025-11-02,2025-11-02_4,0.0,0,0,100,64.34782608695637,64.34782608695637,0.0,0.0,0.0,True,True,True,False,0.0,1025.053587933374,0.0,0.0,0.0,0.0,1025.053587933374
2025-11-02T00:00:00Z,2025-11-02T00:15:00Z,2025-11-02,2025-11-02_5,0.0,0,0,100,64.34782608695637,64.34782608695637,0.0,0.0,0.0,True,True,True,False,0.0,1025.053587933374,0.0,0.0,0.0,0.0,1025.053587933374
2025-11-02T00:15:00Z,2025-11-02T00:30:00Z,2025-11-02,2025-11-02_6,0.0,0,0,100,64.34782608695637,64.34782608695637,0.0,0.0,0.0,True,True,True,False,0.0,1025.053587933374,0.0,0.0,0.0,0.0,1025.053587933374
2025-11-02T00:30:00Z,2025-11-02T00:45:00Z,2025-11-02,2025-11-02_7,0.0,0,0,100,64.34782608695637,64.34782608695637,0.0,0.0,0.0,True,True,True,False,0.0,1025.053587933374,0.0,0.0,0.0,0.0,1025.053587933374
2025-11-02T00:45:00Z,2025-11-02T01:00:00Z,2025-11-02,2025-11-02_8,0.0,0,0,100,64.34782608695637,64.34782608695637,0.0,0.0,0.0,True,True,True,False,0.0,1025.053587933374,0.0,0.0,0.0,0.0,1025.053587933374
2025-11-02T01:00:00Z,2025-11-02T01:15:00Z,2025-11-02,2025-11-02_9,0.0,0,0,100,64.34782608695637,64.34782608695637,0.0,0.0,0.0,True,True,True,False,0.0,1025.053587933374,0.0,0.0,0.0,0.0,1025.053587933374
2025-11-02T01:15:00Z,2025-11-02T01:30:00Z,2025-11-02,2025-11-02_10,0.0,0,0,100,64.34782608695637,64.34782608695637,0.0,0.0,0.0,True,True,True,False,0.0,1025.053587933374,0.0,0.0,0.0,0.0,1025.053587933374
2025-11-02T01:30:00Z,2025-11-02T01:45:00Z,2025-11-02,2025-11-02_11,0.0,0,0,100,64.34782608695637,64.34782608695637,0.0,0.0,0.0,True,True,True,False,0.0,1025.053587933374,0.0,0.0,0.0,0.0,1025.053587933374
2025-11-02T01:45:00Z,2025-11-02T02:00:00Z,2025-11-02,2025-11-02_12,0.0,0,0,100,64.34782608695637,64.34782608695637,0.0,0.0,0.0,True,True,True,False,0.0,1025.053587933374,0.0,0.0,0.0,0.0,1025.053587933374
2025-11-02T02:00:00Z,2025-11-02T02:15:00Z,2025-11-02,2025-11-02_13,0.0,0,0,100,64.34782608695637,64.34782608695637,0.0,0.0,0.0,True,True,True,False,0.0,1025.053587933374,0.0,0.0,0.0,0.0,1025.053587933374
2025-11-02T02:15:00Z,2025-11-02T02:30:00Z,2025-11-02,2025-11-02_14,0.0,0,0,100,64.34782608695637,64.34782608695637,0.0,0.0,0.0,True,True,True,False,0.0,1025.053587933374,0.0,0.0,0.0,0.0,1025.053587933374
2025-11-02T02:30:00Z,2025-11-02T02:45:00Z,2025-11-02,2025-11-02_15,0.0,0,0,100,64.34782608695637,64.34782608695637,0.0,0.0,0.0,True,True,True,False,0.0,1025.053587933374,0.0,0.0,0.0,0.0,1025.053587933374
2025-11-02T02:45:00Z,2025-11-02T03:00:00Z,2025-11-02,2025-11-02_16,0.0,0,0,100,64.34782608695637,64.34782608695637,0.0,0.0,0.0,True,True,True,False,0.0,1025.053587933374,0.0,0.0,0.0,0.0,1025.053587933374
2025-11-02T03:00:00Z,2025-11-02T03:15:00Z,2025-11-02,2025-11-02_17,0.0,0,0,100,64.34782608695637,64.34782608695637,0.0,0.0,0.0,True,True,True,False,0.0,1025.053587933374,0.0,0.0,0.0,0.0,1025.053587933374
2025-11-02T03:15:00Z,2025-11-02T03:30:00Z,2025-11-02,2025-11-02_18,0.0,0,0,100,64.34782608695637,64.34782608695637,0.0,0.0,0.0,True,True,True,False,0.0,1025.053587933374,0.0,0.0,0.0,0.0,1025.053587933374
2025-11-02T03:30:00Z,2025-11-02T03:45:00Z,2025-11-02,2025-11-02_19,0.0,0,0,100,64.34782608695637,64.34782608695637,0.0,0.0,0.0,True,True,True,False,0.0,1025.053587933374,0.0,0.0,0.0,0.0,1025.053587933374
2025-11-02T03:45:00Z,2025-11-02T04:00:00Z,2025-11-02,2025-11-02_20,0.0,0,0,100,64.34782608695637,64.34782608695637,0.0,0.0,0.0,True,True,True,False,0.0,1025.053587933374,0.0,0.0,0.0,0.0,1025.053587933374
2025-11-02T04:00:00Z,2025-11-02T04:15:00Z,2025-11-02,2025-11-02_21,0.0,0,0,100,64.34782608695637,64.34782608695637,0.0,0.0,0.0,True,True,True,False,0.0,1025.053587933374,0.0,0.0,0.0,0.0,1025.053587933374
2025-11-02T04:15:00Z,2025-11-02T04:30:00Z,2025-11-02,2025-11-02_22,0.0,0,0,100,64.34782608695637,64.34782608695637,0.0,0.0,0.0,True,True,True,False,0.0,1025.053587933374,0.0,0.0,0.0,0.0,1025.053587933374
2025-11-02T04:30:00Z,2025-11-02T04:45:00Z,2025-11-02,2025-11-02_23,0.0,0,0,100,64.34782608695637,64.34782608695637,0.0,0.0,0.0,True,True,True,False,0.0,1025.053587933374,0.0,0.0,0.0,0.0,1025.053587933374
2025-11-02T04:45:00Z,2025-11-02T05:00:00Z,2025-11-02,2025-11-02_24,0.0,0,0,100,64.34782608695637,64.34782608695637,0.0,0.0,0.0,True,True,True,False,0.0,1025.053587933374,0.0,0.0,0.0,0.0,1025.053587933374
2025-11-02T05:00:00Z,2025-11-02T05:15:00Z,2025-11-02,2025-11-02_25,0.0,0,0,100,64.34782608695637,64.34782608695637,0.0,0.0,0.0,True,True,True,False,0.0,1025.053587933374,0.0,0.0,0.0,0.0,1025.053587933374
2025-11-02T05:15:00Z,2025-11-02T05:30:00Z,2025-11-02,2025-11-02_26,0.0,0,0,100,64.34782608695637,64.34782608695637,0.0,0.0,0.0,True,True,True,False,0.0,1025.053587933374,0.0,0.0,0.0,0.0,1025.053587933374
2025-11-02T05:30:00Z,2025-11-02T05:45:00Z,2025-11-02,2025-11-02_27,0.0,0,0,100,64.34782608695637,64.34782608695637,0.0,0.0,0.0,True,True,True,False,0.0,1025.053587933374,0.0,0.0,0.0,0.0,1025.053587933374
2025-11-02T05:45:00Z,2025-11-02T06:00:00Z,2025-11-02,2025-11-02_28,0.0,0,0,100,64.34782608695637,64.34782608695637,0.0,0.0,0.0,True,True,True,False,0.0,1025.053587933374,0.0,0.0,0.0,0.0,1025.053587933374
2025-11-02T06:00:00Z,2025-11-02T06:15:00Z,2025-11-02,2025-11-02_29,0.0,0,0,100,64.34782608695637,64.34782608695637,0.0,0.0,0.0,True,True,True,False,0.0,1025.053587933374,0.0,0.0,0.0,0.0,1025.053587933374
2025-11-02T06:15:00Z,2025-11-02T06:30:00Z,2025-11-02,2025-11-02_30,0.0,0,0,100,64.34782608695637,64.34782608695637,0.0,0.0,0.0,True,True,True,False,0.0,1025.053587933374,0.0,0.0,0.0,0.0,1025.053587933374
2025-11-02T06:30:00Z,2025-11-02T06:45:00Z,2025-11-02,2025-11-02_31,0.0,0,0,100,64.34782608695637,64.34782608695637,0.0,0.0,0.0,True,True,True,False,0.0,1025.053587933374,0.0,0.0,0.0,0.0,1025.053587933374
2025-11-02T06:45:00Z,2025-11-02T07:00:00Z,2025-11-02,2025-11-02_32,0.0,0,0,100,64.34782608695637,64.34782608695637,0.0,0.0,0.0,True,True,True,False,0.0,1025.053587933374,0.0,0.0,0.0,0.0,1025.053587933374
2025-11-02T07:00:00Z,2025-11-02T07:15:00Z,2025-11-02,2025-11-02_33,5.0,2,7,93,64.34782608695637,63.27113161739116,0.0033876154313319524,0.00035428571428571426,0.27171999999999996,True,True,True,False,106.1,953.2998367780378,2.0595465182592276,2.6120430276690727,0.04619209623634315,-4.230359418693831,1059.8872590015087
2025-11-02T07:15:00Z,2025-11-02T07:30:00Z,2025-11-02,2025-11-02_34,5.0,2,7,93,63.27113161739116,61.933262708074395,0.0037470860179434086,0.0009942857142857143,0.02108,True,True,True,False,105.35,953.2998367780378,2.0595465182592276,2.6120430276690727,0.12963588298586626,-1.4101185581404496,1062.0409436488117
2025-11-02T07:30:00Z,2025-11-02T07:45:00Z,2025-11-02,2025-11-02_35,4.874006187882299,2,7,93,61.933262708074395,60.634268859627184,0.0036488626597364696,0.0014742857142857142,0.02612,True,True,True,False,95.33556103497776,953.2998367780378,2.0595465182592276,2.6120430276690727,0.1922187230480086,-1.5438028986647265,1051.9554031833272
2025-11-02T07:45:00Z,2025-11-02T08:00:00Z,2025-11-02,2025-11-02_36,0.0,2,7,93,60.634268859627184,60.63360869565203,1.3487122153209109e-05,0.002537142857142857,0.00228,True,True,True,False,0.0,953.2998367780378,2.0595465182592276,2.6120430276690727,0.33079501175703807,-0.1793475054571198,958.122873830266
2025-11-02T08:00:00Z,2025-11-02T08:15:00Z,2025-11-02,2025-11-02_37,0.0,7,0,93,60.63360869565203,60.54347826086942,0.00025036231884057966,0.08292,0.0,True,True,True,False,0.0,953.2998367780378,6.8553224125385945,0.0,9.617666602426699,0.0,969.7728257930031
2025-11-02T08:15:00Z,2025-11-02T08:30:00Z,2025-11-02,2025-11-02_38,-7.0,7,0,93,60.54347826086942,62.14100306086942,0.004437568888888889,0.013560000000000001,0.0,True,True,True,False,-25.935000000000002,953.2998367780378,6.8553224125385945,0.0,1.4666378242315787,0.0,935.686797014808
2025-11-02T08:30:00Z,2025-11-02T08:45:00Z,2025-11-02,2025-11-02_39,-7.0,7,0,93,62.14100306086942,63.75056146086942,0.004470995555555556,0.00047999999999999996,0.0,True,True,True,False,-14.7525,953.2998367780378,6.8553224125385945,0.0,0.05191638315863995,0.0,945.454575573735
2025-11-02T08:45:00Z,2025-11-02T09:00:00Z,2025-11-02,2025-11-02_40,-7.0,7,0,93,63.75056146086942,65.31430386086942,0.00434372888888889,0.05027999999999999,0.0,True,True,True,False,-8.96,953.2998367780378,6.8553224125385945,0.0,5.438241135867534,0.0,956.633400326444
2025-11-02T09:00:00Z,2025-11-02T09:15:00Z,2025-11-02,2025-11-02_41,-24.999999999999964,25,0,75,65.31430386086942,70.18307528944084,0.013524365079365063,0.957857142857143,0.0,True,True,True,False,-52.74999999999992,768.7901909500306,24.21781282570648,0.0,115.72495048559239,0.0,855.9829542613295
2025-11-02T09:15:00Z,2025-11-02T09:30:00Z,2025-11-02,2025-11-02_42,-25.000000000000007,25,0,75,70.18307528944084,75.79494386086941,0.015588523809523814,0.15014285714285713,0.0,True,True,True,False,-52.750000000000014,768.7901909500306,24.21781282570648,0.0,15.471525942740273,0.0,755.7295297184774
2025-11-02T09:30:00Z,2025-11-02T09:45:00Z,2025-11-02,2025-11-02_43,-25.00000000000002,25,0,75,75.79494386086941,80.6437381465837,0.01346887301587303,0.9795714285714286,0.0,True,True,True,False,-32.00000000000003,768.7901909500306,24.21781282570648,0.0,112.01241613453311,0.0,873.0204199102701
2025-11-02T09:45:00Z,2025-11-02T10:00:00Z,2025-11-02,2025-11-02_44,-25.0,25,0,75,80.6437381465837,85.46861243229799,0.01340242857142857,1.0055714285714286,0.0,True,True,True,False,-32.0,768.7901909500306,24.21781282570648,0.0,115.83955050750512,0.0,876.8475542832422
2025-11-02T10:00:00Z,2025-11-02T10:15:00Z,2025-11-02,2025-11-02_45,-100.0,100,0,0,85.46861243229799,105.33956100372656,0.05519707936507937,3.4011428571428572,0.0,True,True,True,False,-327.25,0.0,96.87125130282593,0.0,417.5999595456755,0.0,187.22121084850144
2025-11-02T10:15:00Z,2025-11-02T10:30:00Z,2025-11-02,2025-11-02_46,-100.0,100,0,0,105.33956100372656,120.13526386086941,0.04109917460317461,8.917714285714286,0.0,True,True,True,False,-377.25,0.0,96.87125130282593,0.0,1120.497094873819,0.0,840.1183461766449
2025-11-02T10:30:00Z,2025-11-02T10:45:00Z,2025-11-02,2025-11-02_47,-100.0,100,0,0,120.13526386086941,135.72216671801226,0.04329695238095239,8.057714285714287,0.0,True,True,True,False,-383.25,0.0,96.87125130282593,0.0,918.2476188977884,0.0,631.8688702006143
2025-11-02T10:45:00Z,2025-11-02T11:00:00Z,2025-11-02,2025-11-02_48,-100.0,100,0,0,135.72216671801226,143.74666957515512,0.02229028571428571,16.277714285714286,0.0,True,True,True,False,-383.25,0.0,96.87125130282593,0.0,2566.1047836676908,0.0,2279.7260349705166
2025-11-02T11:00:00Z,2025-11-02T11:15:00Z,2025-11-02,2025-11-02_49,-7.0,7,0,93,143.74666957515512,144.95220077515512,0.003348697777777778,0.43964,0.0,True,True,True,False,-17.92,953.2998367780378,6.780987591197815,0.0,52.56624985152702,0.0,994.7270742207627
2025-11-02T11:15:00Z,2025-11-02T11:30:00Z,2025-11-02,2025-11-02_50,-7.0,7,0,93,144.95220077515512,146.36682957515512,0.003929524444444444,0.21236,0.0,True,True,True,False,-24.150000000000002,953.2998367780378,6.780987591197815,0.0,22.94829370513854,0.0,958.8791180743742
2025-11-02T11:30:00Z,2025-11-02T11:45:00Z,2025-11-02,2025-11-02_51,-0.3791862060140931,7,0,93,146.36682957515512,146.44382379130417,0.000268018194243374,0.009479999999999999,0.0,True,True,True,False,-3.4799814056943394,953.2998367780378,6.780987591197815,0.0,0.9132555977266916,0.0,957.514098561268
2025-11-02T11:45:00Z,2025-11-02T12:00:00Z,2025-11-02,2025-11-02_52,0.0,7,0,93,146.44382379130417,146.44382379130417,0.0,0.0,0.0,True,True,True,False,0.0,953.2998367780378,6.780987591197815,0.0,0.0,0.0,960.0808243692356
2025-11-02T12:00:00Z,2025-11-02T12:15:00Z,2025-11-02,2025-11-02_53,0.0,7,7,93,146.44382379130417,146.6413567999998,0.0005610216425120774,0.0020399999999999997,0.21712,True,True,True,False,0.0,953.2998367780378,6.780987591197815,2.7028966981966924,0.22064462842421978,-8.527972846158384,954.4763928496982
2025-11-02T12:15:00Z,2025-11-02T12:30:00Z,2025-11-02,2025-11-02_54,0.0,7,7,93,146.6413567999998,147.11088799999982,0.0013042533333333334,0.0,0.51036,True,True,True,False,0.0,953.2998367780378,6.780987591197815,2.7028966981966924,0.0,20.717297972507918,983.5010190399403
2025-11-02T12:30:00Z,2025-11-02T12:45:00Z,2025-11-02,2025-11-02_55,0.0,7,7,93,147.11088799999982,147.21252173913027,0.0003238618357487922,0.006879999999999999,0.11859999999999998,True,True,True,False,0.0,953.2998367780378,6.780987591197815,2.7028966981966924,0.6426618945546793,-4.839717763662465,958.5866651983246
2025-11-02T12:45:00Z,2025-11-02T13:00:00Z,2025-11-02,2025-11-02_56,0.0,7,7,93,147.21252173913027,147.1754523826085,0.00011973487922705314,0.03688,0.0032800000000000004,True,True,True,False,0.0,953.2998367780378,6.780987591197815,2.7028966981966924,3.444966667322177,-0.2536431849914456,965.9750445497631
2025-11-02T13:00:00Z,2025-11-02T13:15:00Z,2025-11-02,2025-11-02_57,-0.1936852930057235,0,0,93,147.1754523826085,147.21999999999983,0.00012374338164254558,0.0,0.0,True,False,True,False,-3.746357779963207,953.2998367780378,0.0,0.0,0.0,0.0,949.5534789980746
2025-11-02T13:15:00Z,2025-11-02T13:30:00Z,2025-11-02,2025-11-02_58,0.0,0,0,93,147.21999999999983,147.21999999999983,0.0,0.0,0.0,True,False,True,False,0.0,953.2998367780378,0.0,0.0,0.0,0.0,953.2998367780378
2025-11-02T13:30:00Z,2025-11-02T13:45:00Z,2025-11-02,2025-11-02_59,4.849599999999997,0,0,93,147.21999999999983,145.9021739130433,0.003660628019323669,0.0,0.0,True,False,True,False,124.93781999999992,953.2998367780378,0.0,0.0,0.0,0.0,1078.2376567780377
2025-11-02T13:45:00Z,2025-11-02T14:00:00Z,2025-11-02,2025-11-02_60,7.0,0,0,93,145.9021739130433,143.99999999999983,0.005283816425120773,0.0,0.0,True,False,True,False,190.5575,953.2998367780378,0.0,0.0,0.0,0.0,1143.8573367780377
2025-11-02T14:00:00Z,2025-11-02T14:15:00Z,2025-11-02,2025-11-02_61,0.0,0,0,100,143.99999999999983,143.99999999999983,0.0,0.0,0.0,True,True,True,False,0.0,1025.053587933374,0.0,0.0,0.0,0.0,1025.053587933374
2025-11-02T14:15:00Z,2025-11-02T14:30:00Z,2025-11-02,2025-11-02_62,0.0,0,0,100,143.99999999999983,143.99999999999983,0.0,0.0,0.0,True,True,True,False,0.0,1025.053587933374,0.0,0.0,0.0,0.0,1025.053587933374
2025-11-02T14:30:00Z,2025-11-02T14:45:00Z,2025-11-02,2025-11-02_63,0.0,0,0,100,143.99999999999983,143.99999999999983,0.0,0.0,0.0,True,True,True,False,0.0,1025.053587933374,0.0,0.0,0.0,0.0,1025.053587933374
2025-11-02T14:45:00Z,2025-11-02T15:00:00Z,2025-11-02,2025-11-02_64,0.0,0,0,100,143.99999999999983,143.99999999999983,0.0,0.0,0.0,True,True,True,False,0.0,1025.053587933374,0.0,0.0,0.0,0.0,1025.053587933374
2025-11-02T15:00:00Z,2025-11-02T15:15:00Z,2025-11-02,2025-11-02_65,90.49820101112589,0,100,0,143.99999999999983,120.4999999999998,0.06577286071887183,0.0,1.0194285714285716,True,True,True,False,2479.876953207377,0.0,0.0,36.13498259621247,0.0,-63.71152920156087,2452.3004066020285
2025-11-02T15:15:00Z,2025-11-02T15:30:00Z,2025-11-02,2025-11-02_66,100.0,0,100,0,120.4999999999998,97.29999999999981,0.06444444444444444,0.0,3.6559999999999997,True,True,True,False,2977.0,0.0,0.0,36.13498259621247,0.0,-210.7489772079212,2802.3860053882913
2025-11-02T15:30:00Z,2025-11-02T15:45:00Z,2025-11-02,2025-11-02_67,99.99999999999996,0,100,0,97.29999999999981,91.25714285714268,0.016785714285714296,0.0,19.44057142857143,True,True,True,False,3193.7499999999986,0.0,0.0,36.13498259621247,0.0,3602.7583060875336,6832.643288683745
2025-11-02T15:45:00Z,2025-11-02T16:00:00Z,2025-11-02,2025-11-02_68,100.0,0,100,0,91.25714285714268,64.34782608695636,0.07474810213940648,0.0,0.24342857142857144,True,True,True,False,3589.25,0.0,0.0,36.13498259621247,0.0,-16.646931623763543,3608.738050972449
2025-11-02T16:00:00Z,2025-11-02T16:15:00Z,2025-11-02,2025-11-02_69,0.0,0,0,100,64.34782608695636,64.34782608695636,0.0,0.0,0.0,True,True,True,False,0.0,1025.053587933374,0.0,0.0,0.0,0.0,1025.053587933374
2025-11-02T16:15:00Z,2025-11-02T16:30:00Z,2025-11-02,2025-11-02_70,0.0,0,0,100,64.34782608695636,64.34782608695636,0.0,0.0,0.0,True,True,True,False,0.0,1025.053587933374,0.0,0.0,0.0,0.0,1025.053587933374
2025-11-02T16:30:00Z,2025-11-02T16:45:00Z,2025-11-02,2025-11-02_71,0.0,0,0,100,64.34782608695636,64.34782608695636,0.0,0.0,0.0,True,True,True,False,0.0,1025.053587933374,0.0,0.0,0.0,0.0,1025.053587933374
2025-11-02T16:45:00Z,2025-11-02T17:00:00Z,2025-11-02,2025-11-02_72,0.0,0,0,100,64.34782608695636,64.34782608695636,0.0,0.0,0.0,True,True,True,False,0.0,1025.053587933374,0.0,0.0,0.0,0.0,1025.053587933374
2025-11-02T17:00:00Z,2025-11-02T17:15:00Z,2025-11-02,2025-11-02_73,0.0,0,0,100,64.34782608695636,64.34782608695636,0.0,0.0,0.0,True,True,True,False,0.0,1025.053587933374,0.0,0.0,0.0,0.0,1025.053587933374
2025-11-02T17:15:00Z,2025-11-02T17:30:00Z,2025-11-02,2025-11-02_74,0.0,0,0,100,64.34782608695636,64.34782608695636,0.0,0.0,0.0,True,True,True,False,0.0,1025.053587933374,0.0,0.0,0.0,0.0,1025.053587933374
2025-11-02T17:30:00Z,2025-11-02T17:45:00Z,2025-11-02,2025-11-02_75,0.0,0,0,100,64.34782608695636,64.34782608695636,0.0,0.0,0.0,True,True,True,False,0.0,1025.053587933374,0.0,0.0,0.0,0.0,1025.053587933374
2025-11-02T17:45:00Z,2025-11-02T18:00:00Z,2025-11-02,2025-11-02_76,0.0,0,0,100,64.34782608695636,64.34782608695636,0.0,0.0,0.0,True,True,True,False,0.0,1025.053587933374,0.0,0.0,0.0,0.0,1025.053587933374
2025-11-02T18:00:00Z,2025-11-02T18:15:00Z,2025-11-02,2025-11-02_77,0.0,0,0,100,64.34782608695636,64.34782608695636,0.0,0.0,0.0,True,True,True,False,0.0,1025.053587933374,0.0,0.0,0.0,0.0,1025.053587933374
2025-11-02T18:15:00Z,2025-11-02T18:30:00Z,2025-11-02,2025-11-02_78,0.0,0,0,100,64.34782608695636,64.34782608695636,0.0,0.0,0.0,True,True,True,False,0.0,1025.053587933374,0.0,0.0,0.0,0.0,1025.053587933374
2025-11-02T18:30:00Z,2025-11-02T18:45:00Z,2025-11-02,2025-11-02_79,0.0,0,0,100,64.34782608695636,64.34782608695636,0.0,0.0,0.0,True,True,True,False,0.0,1025.053587933374,0.0,0.0,0.0,0.0,1025.053587933374
2025-11-02T18:45:00Z,2025-11-02T19:00:00Z,2025-11-02,2025-11-02_80,0.0,0,0,100,64.34782608695636,64.34782608695636,0.0,0.0,0.0,True,True,True,False,0.0,1025.053587933374,0.0,0.0,0.0,0.0,1025.053587933374
2025-11-02T19:00:00Z,2025-11-02T19:15:00Z,2025-11-02,2025-11-02_81,0.0,0,0,100,64.34782608695636,64.34782608695636,0.0,0.0,0.0,True,True,True,False,0.0,1025.053587933374,0.0,0.0,0.0,0.0,1025.053587933374
2025-11-02T19:15:00Z,2025-11-02T19:30:00Z,2025-11-02,2025-11-02_82,0.0,0,0,100,64.34782608695636,64.34782608695636,0.0,0.0,0.0,True,True,True,False,0.0,1025.053587933374,0.0,0.0,0.0,0.0,1025.053587933374
2025-11-02T19:30:00Z,2025-11-02T19:45:00Z,2025-11-02,2025-11-02_83,0.0,0,0,100,64.34782608695636,64.34782608695636,0.0,0.0,0.0,True,True,True,False,0.0,1025.053587933374,0.0,0.0,0.0,0.0,1025.053587933374
2025-11-02T19:45:00Z,2025-11-02T20:00:00Z,2025-11-02,2025-11-02_84,0.0,0,0,100,64.34782608695636,64.34782608695636,0.0,0.0,0.0,True,True,True,False,0.0,1025.053587933374,0.0,0.0,0.0,0.0,1025.053587933374
2025-11-02T20:00:00Z,2025-11-02T20:15:00Z,2025-11-02,2025-11-02_85,0.0,0,0,100,64.34782608695636,64.34782608695636,0.0,0.0,0.0,True,True,True,False,0.0,1025.053587933374,0.0,0.0,0.0,0.0,1025.053587933374
2025-11-02T20:15:00Z,2025-11-02T20:30:00Z,2025-11-02,2025-11-02_86,0.0,0,0,100,64.34782608695636,64.34782608695636,0.0,0.0,0.0,True,True,True,False,0.0,1025.053587933374,0.0,0.0,0.0,0.0,1025.053587933374
2025-11-02T20:30:00Z,2025-11-02T20:45:00Z,2025-11-02,2025-11-02_87,0.0,0,0,100,64.34782608695636,64.34782608695636,0.0,0.0,0.0,True,True,True,False,0.0,1025.053587933374,0.0,0.0,0.0,0.0,1025.053587933374
2025-11-02T20:45:00Z,2025-11-02T21:00:00Z,2025-11-02,2025-11-02_88,0.0,0,0,100,64.34782608695636,64.34782608695636,0.0,0.0,0.0,True,True,True,False,0.0,1025.053587933374,0.0,0.0,0.0,0.0,1025.053587933374
2025-11-02T21:00:00Z,2025-11-02T21:15:00Z,2025-11-02,2025-11-02_89,0.0,0,0,100,64.34782608695636,64.34782608695636,0.0,0.0,0.0,True,True,True,False,0.0,1025.053587933374,0.0,0.0,0.0,0.0,1025.053587933374
2025-11-02T21:15:00Z,2025-11-02T21:30:00Z,2025-11-02,2025-11-02_90,0.0,0,0,100,64.34782608695636,64.34782608695636,0.0,0.0,0.0,True,True,True,False,0.0,1025.053587933374,0.0,0.0,0.0,0.0,1025.053587933374
2025-11-02T21:30:00Z,2025-11-02T21:45:00Z,2025-11-02,2025-11-02_91,0.0,0,0,100,64.34782608695636,64.34782608695636,0.0,0.0,0.0,True,True,True,False,0.0,1025.053587933374,0.0,0.0,0.0,0.0,1025.053587933374
2025-11-02T21:45:00Z,2025-11-02T22:00:00Z,2025-11-02,2025-11-02_92,0.0,0,0,100,64.34782608695636,64.34782608695636,0.0,0.0,0.0,True,True,True,False,0.0,1025.053587933374,0.0,0.0,0.0,0.0,1025.053587933374
2025-11-02T22:00:00Z,2025-11-02T22:15:00Z,2025-11-03,2025-11-02_93,0.0,0,0,100,64.34782608695636,64.34782608695636,0.0,0.0,0.0,True,True,True,False,0.0,1025.053587933374,0.0,0.0,0.0,0.0,1025.053587933374
2025-11-02T22:15:00Z,2025-11-02T22:30:00Z,2025-11-03,2025-11-02_94,0.0,0,0,100,64.34782608695636,64.34782608695636,0.0,0.0,0.0,True,True,True,False,0.0,1025.053587933374,0.0,0.0,0.0,0.0,1025.053587933374
2025-11-02T22:30:00Z,2025-11-02T22:45:00Z,2025-11-03,2025-11-02_95,0.0,0,0,100,64.34782608695636,64.34782608695636,0.0,0.0,0.0,True,True,True,False,0.0,1025.053587933374,0.0,0.0,0.0,0.0,1025.053587933374
2025-11-02T22:45:00Z,2025-11-02T23:00:00Z,2025-11-03,2025-11-02_96,-6.796495733357479e-13,0,0,100,64.34782608695636,64.34782608695652,4.3422056074228353e-16,0.0,0.0,True,True,True,False,-1.2937129628445963e-11,1025.053587933374,0.0,0.0,0.0,0.0,1025.053587933361
2025-11-02T23:00:00Z,2025-11-02T23:15:00Z,2025-11-03,2025-11-03_1,18.999999999999943,81,100,0,64.34782608695652,72.045505868323,0.03461874473429952,0.012034285714285714,13.526857142857143,True,True,True,False,412.72749999999877,0.0,88.2858744174156,37.60987984503746,1.8127987369260896,289.6259959489489,830.0620489483268
2025-11-02T23:15:00Z,2025-11-02T23:30:00Z,2025-11-03,2025-11-03_2,18.999999999999943,81,100,0,72.045505868323,81.31491468322984,0.03703296789510008,0.0,15.16457142857143,True,True,True,False,425.3624999999987,0.0,88.2858744174156,37.60987984503746,0.0,-524.6957817938684,26.562472468583387
2025-11-02T23:30:00Z,2025-11-02T23:45:00Z,2025-11-03,2025-11-03_3,18.778293043985258,81,100,0,81.31491468322984,87.56581928944098,0.03217955456351693,0.0,11.934285714285716,True,True,True,False,412.23047804808635,0.0,88.2858744174156,37.60987984503746,0.0,108.02369724433008,646.1499295548695
2025-11-02T23:45:00Z,2025-11-03T00:00:00Z,2025-11-03,2025-11-03_4,18.999999999999943,81,100,0,87.56581928944098,104.95423030062112,0.04979793258799175,0.0,23.69542857142857,True,True,True,False,388.6924999999988,0.0,88.2858744174156,37.60987984503746,0.0,989.191296813941,1503.7795510763929
2025-11-03T00:00:00Z,2025-11-03T00:15:00Z,2025-11-03,2025-11-03_5,0.0,100,100,0,104.95423030062112,115.95690458633541,0.03056298412698413,0.0,11.959428571428571,True,True,True,False,0.0,0.0,108.9949066881674,37.60987984503746,0.0,-193.517858280635,-46.913071747430145
2025-11-03T00:15:00Z,2025-11-03T00:30:00Z,2025-11-03,2025-11-03_6,0.0,100,100,0,115.95690458633541,136.77571601490683,0.05783003174603175,0.0,22.629142857142856,True,True,True,False,0.0,0.0,108.9949066881674,37.60987984503746,0.0,3027.2480627716277,3173.8528493048325
2025-11-03T00:30:00Z,2025-11-03T00:45:00Z,2025-11-03,2025-11-03_7,0.0,100,100,0,136.77571601490683,139.32458160496896,0.007301024154589372,0.036571428571428574,2.813714285714286,True,True,True,False,0.0,0.0,108.9949066881674,37.60987984503746,4.674721946751996,-67.88913627207782,83.39037220787904
2025-11-03T00:45:00Z,2025-11-03T01:00:00Z,2025-11-03,2025-11-03_8,0.0,100,100,0,139.32458160496896,143.21907303354038,0.010818031746031746,0.0,4.233142857142857,True,True,True,False,0.0,0.0,108.9949066881674,37.60987984503746,0.0,-159.57510912834977,-12.9703225951449
2025-11-03T01:00:00Z,2025-11-03T01:15:00Z,2025-11-03,2025-11-03_9,0.0,1,1,99,143.21907303354038,143.2357563826087,4.720530020703934e-05,0.00014285714285714287,0.01830285714285714,True,True,True,False,0.0,1014.8030520540403,1.089949066881674,0.3760987984503746,0.019384363841699986,-0.7089347218905654,1015.5795495613236
2025-11-03T01:15:00Z,2025-11-03T01:30:00Z,2025-11-03,2025-11-03_10,0.0,1,1,99,143.2357563826087,143.28705141863355,0.00014510870945479642,0.00043428571428571426,0.056268571428571425,True,True,True,False,0.0,1014.8030520540403,1.089949066881674,0.3760987984503746,0.052694005174782343,3.234897887104341,1019.5566918116515
2025-11-03T01:30:00Z,2025-11-03T01:45:00Z,2025-11-03,2025-11-03_11,0.0,1,1,99,143.28705141863355,143.33621621863355,0.0001365688888888889,0.0,0.05344,True,True,True,False,0.0,1014.8030520540403,1.089949066881674,0.3760987984503746,0.0,0.0827909618296592,1016.351890881202
2025-11-03T01:45:00Z,2025-11-03T02:00:00Z,2025-11-03,2025-11-03_12,0.0,1,1,99,143.33621621863355,143.35721324720498,5.832507936507938e-05,0.0,0.022822857142857145,True,True,True,False,0.0,1014.8030520540403,1.089949066881674,0.3760987984503746,0.0,-0.8918422685886218,1015.3772576507838
2025-11-03T02:00:00Z,2025-11-03T02:15:00Z,2025-11-03,2025-11-03_13,-1.0,0,0,99,143.35721324720498,143.58721324720497,0.0006388888888888889,0.0,0.0,True,False,True,False,-17.51,1014.8030520540403,0.0,0.0,0.0,0.0,997.2930520540403
2025-11-03T02:15:00Z,2025-11-03T02:30:00Z,2025-11-03,2025-11-03_14,-1.0,0,0,99,143.58721324720497,143.81721324720496,0.0006388888888888889,0.0,0.0,True,False,True,False,-16.9475,1014.8030520540403,0.0,0.0,0.0,0.0,997.8555520540403
2025-11-03T02:30:00Z,2025-11-03T02:45:00Z,2025-11-03,2025-11-03_15,-1.0,0,0,99,143.81721324720496,144.04721324720495,0.0006388888888888889,0.0,0.0,True,False,True,False,-17.1175,1014.8030520540403,0.0,0.0,0.0,0.0,997.6855520540404
2025-11-03T02:45:00Z,2025-11-03T03:00:00Z,2025-11-03,2025-11-03_16,-1.0,0,0,99,144.04721324720495,144.27721324720494,0.0006388888888888889,0.0,0.0,True,False,True,False,-20.0375,1014.8030520540403,0.0,0.0,0.0,0.0,994.7655520540403
2025-11-03T03:00:00Z,2025-11-03T03:15:00Z,2025-11-03,2025-11-03_17,0.0,1,1,99,144.27721324720494,144.31014833291923,9.228000000000002e-05,0.00013142857142857143,0.035954285714285716,True,True,True,False,0.0,1014.8030520540403,1.089949066881674,0.3760987984503746,0.016076099079383184,0.4922069665718051,1016.7773829850236
2025-11-03T03:15:00Z,2025-11-03T03:30:00Z,2025-11-03,2025-11-03_18,0.0,1,1,99,144.31014833291923,144.31635186086953,1.9129882677708766e-05,0.00031428571428571427,0.0071142857142857145,True,True,True,False,0.0,1014.8030520540403,1.089949066881674,0.3760987984503746,0.03436370123357597,-0.32691913349084306,1015.9765444871151
2025-11-03T03:30:00Z,2025-11-03T03:45:00Z,2025-11-03,2025-11-03_19,0.0,1,1,99,144.31635186086953,144.33359725714283,4.897358178053831e-05,0.00017714285714285713,0.018954285714285715,True,True,True,False,0.0,1014.8030520540403,1.089949066881674,0.3760987984503746,0.01936863160437918,-0.7441675247291106,1015.5443010262477
2025-11-03T03:45:00Z,2025-11-03T04:00:00Z,2025-11-03,2025-11-03_20,0.0,1,1,99,144.33359725714283,144.45999999999998,0.00035111873015873017,0.0,0.13739428571428572,True,True,True,False,0.0,1014.8030520540403,1.089949066881674,0.3760987984503746,0.0,3.44921773809758,1019.7183176574699
2025-11-03T04:00:00Z,2025-11-03T04:15:00Z,2025-11-03,2025-11-03_21,0.0,34,100,0,144.45999999999998,156.48571428571427,0.03340476190476191,0.0,13.071428571428573,True,True,True,False,0.0,0.0,37.058268273976914,36.87243122062496,0.0,2449.4655674702285,2523.3962669648304
2025-11-03T04:15:00Z,2025-11-03T04:30:00Z,2025-11-03,2025-11-03_22,0.0,34,100,0,156.48571428571427,159.02491428571426,0.007053333333333333,0.0,2.76,True,True,True,False,0.0,0.0,37.058268273976914,36.87243122062496,0.0,-120.30758097185895,-46.37688147725708
2025-11-03T04:30:00Z,2025-11-03T04:45:00Z,2025-11-03,2025-11-03_23,0.016576199025096845,34,100,0,159.02491428571426,160.45651213913038,0.005087487349398631,0.18010285714285715,1.7737142857142858,True,True,True,False,0.40118545690490637,0.0,37.058268273976914,36.87243122062496,18.70057787878873,-72.91200139342673,20.120461436868776
2025-11-03T04:45:00Z,2025-11-03T05:00:00Z,2025-11-03,2025-11-03_24,66.0,34,100,0,160.45651213913038,143.99999999999994,0.04825068229123533,0.024285714285714285,1.4605714285714286,True,True,True,False,1966.965,0.0,37.058268273976914,36.87243122062496,2.6744803445359975,-67.64280224858621,1975.9273775905515
2025-11-03T05:00:00Z,2025-11-03T05:15:00Z,2025-11-03,2025-11-03_25,0.0,0,0,100,143.99999999999994,143.99999999999994,0.0,0.0,0.0,True,True,True,False,0.0,1025.053587933374,0.0,0.0,0.0,0.0,1025.053587933374
2025-11-03T05:15:00Z,2025-11-03T05:30:00Z,2025-11-03,2025-11-03_26,0.0,0,0,100,143.99999999999994,143.99999999999994,0.0,0.0,0.0,True,True,True,False,0.0,1025.053587933374,0.0,0.0,0.0,0.0,1025.053587933374
2025-11-03T05:30:00Z,2025-11-03T05:45:00Z,2025-11-03,2025-11-03_27,-1.0606049129658818e-13,0,0,100,143.99999999999994,143.99999999999997,6.77608694394869e-17,0.0,0.0,True,True,True,False,-3.378291799024575e-12,1025.053587933374,0.0,0.0,0.0,0.0,1025.0535879333706
2025-11-03T05:45:00Z,2025-11-03T06:00:00Z,2025-11-03,2025-11-03_28,0.0,0,0,100,143.99999999999997,143.99999999999997,0.0,0.0,0.0,True,True,True,False,0.0,1025.053587933374,0.0,0.0,0.0,0.0,1025.053587933374
2025-11-03T06:00:00Z,2025-11-03T06:15:00Z,2025-11-03,2025-11-03_29,61.0,0,61,39,143.99999999999997,128.67914906832297,0.042557919254658384,0.0,1.1548171428571428,True,True,True,False,2077.2025000000003,399.77089929401586,0.0,22.474189298145568,0.0,-63.4133164050714,2436.03427218709
2025-11-03T06:15:00Z,2025-11-03T06:30:00Z,2025-11-03,2025-11-03_30,61.0,0,61,39,128.67914906832297,113.31207453416147,0.042686318150448585,0.0,1.1122914285714285,True,True,True,False,2082.3875000000003,399.77089929401586,0.0,22.474189298145568,0.0,-59.71432920043713,2444.9182593917244
2025-11-03T06:30:00Z,2025-11-03T06:45:00Z,2025-11-03,2025-11-03_31,61.0,0,61,39,113.31207453416147,103.31678881987575,0.02776468253968254,0.0,6.054337142857143,True,True,True,False,2136.6775000000002,399.77089929401586,0.0,22.474189298145568,0.0,18.937737034529455,2577.860325626691
2025-11-03T06:45:00Z,2025-11-03T07:00:00Z,2025-11-03,2025-11-03_32,61.0,0,61,39,103.31678881987575,92.37581366459625,0.030391597653554175,0.0,5.184302857142857,True,True,True,False,2041.6699999999998,399.77089929401586,0.0,22.474189298145568,0.0,-175.02820597656458,2288.8868826155967
2025-11-03T07:00:00Z,2025-11-03T07:15:00Z,2025-11-03,2025-11-03_33,0.0,0,0,100,92.37581366459625,92.37581366459625,0.0,0.0,0.0,True,True,True,False,0.0,1025.053587933374,0.0,0.0,0.0,0.0,1025.053587933374
2025-11-03T07:15:00Z,2025-11-03T07:30:00Z,2025-11-03,2025-11-03_34,0.0,0,0,100,92.37581366459625,92.37581366459625,0.0,0.0,0.0,True,True,True,False,0.0,1025.053587933374,0.0,0.0,0.0,0.0,1025.053587933374
2025-11-03T07:30:00Z,2025-11-03T07:45:00Z,2025-11-03,2025-11-03_35,0.0,0,0,100,92.37581366459625,92.37581366459625,0.0,0.0,0.0,True,True,True,False,0.0,1025.053587933374,0.0,0.0,0.0,0.0,1025.053587933374
2025-11-03T07:45:00Z,2025-11-03T08:00:00Z,2025-11-03,2025-11-03_36,0.0,0,0,100,92.37581366459625,92.37581366459625,0.0,0.0,0.0,True,True,True,False,0.0,1025.053587933374,0.0,0.0,0.0,0.0,1025.053587933374
2025-11-03T08:00:00Z,2025-11-03T08:15:00Z,2025-11-03,2025-11-03_37,0.0,100,100,0,92.37581366459625,96.09261366459626,0.010324444444444445,0.0,4.04,True,True,True,False,0.0,0.0,108.9359107982144,37.63937779001397,0.0,-178.84096674598337,-32.265678157755005
2025-11-03T08:15:00Z,2025-11-03T08:30:00Z,2025-11-03,2025-11-03_38,0.0,100,100,0,96.09261366459626,97.44265987577639,0.003977871635610766,0.037714285714285714,1.512,True,True,True,False,0.0,0.0,108.9359107982144,37.63937779001397,4.737199380824088,-83.17739434819374,68.13509362085871
2025-11-03T08:30:00Z,2025-11-03T08:45:00Z,2025-11-03,2025-11-03_39,0.0,100,100,0,97.44265987577639,106.94967701863352,0.02640838095238095,0.0,10.333714285714285,True,True,True,False,0.0,0.0,108.9359107982144,37.63937779001397,0.0,-394.3682384108193,-247.7929498225909
2025-11-03T08:45:00Z,2025-11-03T09:00:00Z,2025-11-03,2025-11-03_40,0.0,100,100,0,106.94967701863352,123.75571130434781,0.04668342857142857,0.0,18.26742857142857,True,True,True,False,0.0,0.0,108.9359107982144,37.63937779001397,0.0,3064.5999439258117,3211.17523251404
2025-11-03T09:00:00Z,2025-11-03T09:15:00Z,2025-11-03,2025-11-03_41,0.0,100,100,0,123.75571130434781,134.07548273291923,0.02866603174603174,0.0,11.217142857142855,True,True,True,False,0.0,0.0,108.10996833887239,37.63937779001397,0.0,2598.8759631079033,2744.6253092367897
2025-11-03T09:15:00Z,2025-11-03T09:30:00Z,2025-11-03,2025-11-03_42,0.0,100,100,0,134.07548273291923,139.75214559006207,0.015768507936507938,0.0,6.170285714285714,True,True,True,False,0.0,0.0,108.10996833887239,37.63937779001397,0.0,-237.84315229086658,-92.09380616198023
2025-11-03T09:30:00Z,2025-11-03T09:45:00Z,2025-11-03,2025-11-03_43,0.0,100,100,0,139.75214559006207,142.70665987577635,0.008206984126984127,0.0,3.2114285714285713,True,True,True,False,0.0,0.0,108.10996833887239,37.63937779001397,0.0,-147.82764435030074,-2.0782982214143857
2025-11-03T09:45:00Z,2025-11-03T10:00:00Z,2025-11-03,2025-11-03_44,0.0,100,100,0,142.70665987577635,143.57553540372666,0.00266544099378882,0.04171428571428571,0.9937142857142858,True,True,True,False,0.0,0.0,108.10996833887239,37.63937779001397,4.950711574712676,-49.19971254954953,101.5003451540495
2025-11-03T10:00:00Z,2025-11-03T10:15:00Z,2025-11-03,2025-11-03_45,0.0,0,0,100,143.57553540372666,143.57553540372666,0.0,0.0,0.0,True,True,True,False,0.0,1025.053587933374,0.0,0.0,0.0,0.0,1025.053587933374
2025-11-03T10:15:00Z,2025-11-03T10:30:00Z,2025-11-03,2025-11-03_46,0.0,0,0,100,143.57553540372666,143.57553540372666,0.0,0.0,0.0,True,True,True,False,0.0,1025.053587933374,0.0,0.0,0.0,0.0,1025.053587933374
2025-11-03T10:30:00Z,2025-11-03T10:45:00Z,2025-11-03,2025-11-03_47,0.0,0,0,100,143.57553540372666,143.57553540372666,0.0,0.0,0.0,True,True,True,False,0.0,1025.053587933374,0.0,0.0,0.0,0.0,1025.053587933374
2025-11-03T10:45:00Z,2025-11-03T11:00:00Z,2025-11-03,2025-11-03_48,0.0,0,0,100,143.57553540372666,143.57553540372666,0.0,0.0,0.0,True,True,True,False,0.0,1025.053587933374,0.0,0.0,0.0,0.0,1025.053587933374
2025-11-03T11:00:00Z,2025-11-03T11:15:00Z,2025-11-03,2025-11-03_49,0.0,0,0,100,143.57553540372666,143.57553540372666,0.0,0.0,0.0,True,True,True,False,0.0,1025.053587933374,0.0,0.0,0.0,0.0,1025.053587933374
2025-11-03T11:15:00Z,2025-11-03T11:30:00Z,2025-11-03,2025-11-03_50,0.0,0,0,100,143.57553540372666,143.57553540372666,0.0,0.0,0.0,True,True,True,False,0.0,1025.053587933374,0.0,0.0,0.0,0.0,1025.053587933374
2025-11-03T11:30:00Z,2025-11-03T11:45:00Z,2025-11-03,2025-11-03_51,0.0,0,0,100,143.57553540372666,143.57553540372666,0.0,0.0,0.0,True,True,True,False,0.0,1025.053587933374,0.0,0.0,0.0,0.0,1025.053587933374
2025-11-03T11:45:00Z,2025-11-03T12:00:00Z,2025-11-03,2025-11-03_52,0.0,0,0,100,143.57553540372666,143.57553540372666,0.0,0.0,0.0,True,True,True,False,0.0,1025.053587933374,0.0,0.0,0.0,0.0,1025.053587933374
2025-11-03T12:00:00Z,2025-11-03T12:15:00Z,2025-11-03,2025-11-03_53,0.0,0,0,100,143.57553540372666,143.57553540372666,0.0,0.0,0.0,True,True,True,False,0.0,1025.053587933374,0.0,0.0,0.0,0.0,1025.053587933374
2025-11-03T12:15:00Z,2025-11-03T12:30:00Z,2025-11-03,2025-11-03_54,0.0,0,0,100,143.57553540372666,143.57553540372666,0.0,0.0,0.0,True,True,True,False,0.0,1025.053587933374,0.0,0.0,0.0,0.0,1025.053587933374
2025-11-03T12:30:00Z,2025-11-03T12:45:00Z,2025-11-03,2025-11-03_55,0.0,0,0,100,143.57553540372666,143.57553540372666,0.0,0.0,0.0,True,True,True,False,0.0,1025.053587933374,0.0,0.0,0.0,0.0,1025.053587933374
2025-11-03T12:45:00Z,2025-11-03T13:00:00Z,2025-11-03,2025-11-03_56,0.0,0,0,100,143.57553540372666,143.57553540372666,0.0,0.0,0.0,True,True,True,False,0.0,1025.053587933374,0.0,0.0,0.0,0.0,1025.053587933374
2025-11-03T13:00:00Z,2025-11-03T13:15:00Z,2025-11-03,2025-11-03_57,-89.99999999999949,90,0,10,143.57553540372666,163.78867140372654,0.0561475999999997,0.5292,0.0,True,True,True,False,-1968.5249999999887,102.50535879333741,97.88303081551986,0.0,60.50973392853633,0.0,-1707.6268764625952
2025-11-03T13:15:00Z,2025-11-03T13:30:00Z,2025-11-03,2025-11-03_58,-89.99999999999949,90,0,10,163.78867140372654,180.6566874037264,0.04685559999999982,4.1652000000000005,0.0,True,True,True,False,-2159.3249999999875,102.50535879333741,97.88303081551986,0.0,480.5440492419029,0.0,-1478.3925611492273
2025-11-03T13:30:00Z,2025-11-03T13:45:00Z,2025-11-03,2025-11-03_59,-60.86179228529494,90,0,10,180.6566874037264,185.39999999999964,0.03175172710590653,9.501428571428573,0.0,True,True,True,False,-1809.573239122532,102.50535879333741,97.88303081551986,0.0,2179.2971047064675,0.0,570.1122551927929
2025-11-03T13:45:00Z,2025-11-03T14:00:00Z,2025-11-03,2025-11-03_60,-55.146363772220326,90,0,10,185.39999999999964,185.39999999999958,0.030123499882580815,12.881314285714287,0.0,True,True,True,False,-1851.677029561728,102.50535879333741,97.88303081551986,0.0,2046.2242969459796,0.0,394.9356569931089
2025-11-03T14:00:00Z,2025-11-03T14:15:00Z,2025-11-03,2025-11-03_61,-0.999999999998826,0,99,0,185.39999999999958,187.82580868571358,0.0067383574603167105,0.0,2.3867485714285714,True,True,True,False,-26.01249999996946,0.0,0.0,36.211677253151365,0.0,-155.0647327559228,-144.86555550274088
2025-11-03T14:15:00Z,2025-11-03T14:30:00Z,2025-11-03,2025-11-03_62,-0.18434285714266702,0,99,0,187.82580868571358,189.99999999999923,0.006039420317460197,0.0,2.3171657142857143,True,True,True,False,-8.333218857134263,0.0,0.0,36.211677253151365,0.0,-158.8787995853432,-131.0003411893261
2025-11-03T14:30:00Z,2025-11-03T14:45:00Z,2025-11-03,2025-11-03_63,99.99999999999882,0,99,0,189.99999999999923,166.23943478260824,0.0660015700483083,0.0,3.1402799999999997,True,True,True,False,6150.249999999927,0.0,0.0,36.211677253151365,0.0,-198.12708351851487,5988.334593734564
2025-11-03T14:45:00Z,2025-11-03T15:00:00Z,2025-11-03,2025-11-03_64,99.99999999999977,0,99,0,166.23943478260824,139.479968944099,0.0743318495514146,0.0,0.3812914285714286,True,True,True,False,6471.249999999985,0.0,0.0,36.211677253151365,0.0,-28.53143526886675,6478.93024198427
2025-11-03T15:00:00Z,2025-11-03T15:15:00Z,2025-11-03,2025-11-03_65,0.0,0,100,0,139.479968944099,144.08470037267043,0.012790920634920636,0.0,5.005142857142857,True,True,True,False,0.0,0.0,0.0,36.577451770859966,0.0,-217.51322682234093,-180.93577505148096
2025-11-03T15:15:00Z,2025-11-03T15:30:00Z,2025-11-03,2025-11-03_66,0.0,0,100,0,144.08470037267043,144.32863180124184,0.0006775873015873016,0.0,0.2651428571428571,True,True,True,False,0.0,0.0,0.0,36.577451770859966,0.0,-18.251168090527788,18.32628368033218
2025-11-03T15:30:00Z,2025-11-03T15:45:00Z,2025-11-03,2025-11-03_67,42.13868130594734,0,100,0,144.32863180124184,133.71206360248428,0.0319814061728863,0.0,0.8422857142857143,True,True,True,False,2446.255796513508,0.0,0.0,36.577451770859966,0.0,-51.07877906601078,2431.754469218357
2025-11-03T15:45:00Z,2025-11-03T16:00:00Z,2025-11-03,2025-11-03_68,100.0,0,100,0,133.71206360248428,122.33877167701844,0.031592477570738436,0.0,14.53657142857143,True,True,True,False,6351.0,0.0,0.0,36.577451770859966,0.0,-553.5108806962639,5834.066571074596
2025-11-03T16:00:00Z,2025-11-03T16:15:00Z,2025-11-03,2025-11-03_69,0.0,0,0,100,122.33877167701844,122.33877167701844,0.0,0.0,0.0,True,True,True,False,0.0,1025.053587933374,0.0,0.0,0.0,0.0,1025.053587933374
2025-11-03T16:15:00Z,2025-11-03T16:30:00Z,2025-11-03,2025-11-03_70,0.0,0,0,100,122.33877167701844,122.33877167701844,0.0,0.0,0.0,True,True,True,False,0.0,1025.053587933374,0.0,0.0,0.0,0.0,1025.053587933374
2025-11-03T16:30:00Z,2025-11-03T16:45:00Z,2025-11-03,2025-11-03_71,0.0,0,0,100,122.33877167701844,122.33877167701844,0.0,0.0,0.0,True,True,True,False,0.0,1025.053587933374,0.0,0.0,0.0,0.0,1025.053587933374
2025-11-03T16:45:00Z,2025-11-03T17:00:00Z,2025-11-03,2025-11-03_72,0.0,0,0,100,122.33877167701844,122.33877167701844,0.0,0.0,0.0,True,True,True,False,0.0,1025.053587933374,0.0,0.0,0.0,0.0,1025.053587933374
2025-11-03T17:00:00Z,2025-11-03T17:15:00Z,2025-11-03,2025-11-03_73,0.0,0,100,0,122.33877167701844,125.7080745341613,0.009359174603174604,0.0,3.6622857142857144,True,True,True,False,0.0,0.0,0.0,36.577451770859966,0.0,-182.7138548757294,-146.13640310486943
2025-11-03T17:15:00Z,2025-11-03T17:30:00Z,2025-11-03,2025-11-03_74,100.0,0,100,0,125.7080745341613,107.9552795031054,0.049313319530710845,0.0,8.66742857142857,True,True,True,False,6077.75,0.0,0.0,36.577451770859966,0.0,-191.85065342162113,5922.476798349238
2025-11-03T17:30:00Z,2025-11-03T17:45:00Z,2025-11-03,2025-11-03_75,100.0,0,100,0,107.9552795031054,90.03726708074515,0.04977225672877846,0.0,8.51542857142857,True,True,True,False,5989.75,0.0,0.0,36.577451770859966,0.0,-105.0969100200305,5921.23054175083
2025-11-03T17:45:00Z,2025-11-03T18:00:00Z,2025-11-03,2025-11-03_76,100.0,0,100,0,90.03726708074515,64.182608695652,0.07181849551414769,0.0,1.2137142857142857,True,True,True,False,6217.0,0.0,0.0,36.577451770859966,0.0,-68.76552707209018,6184.81192469877
2025-11-03T18:00:00Z,2025-11-03T18:15:00Z,2025-11-03,2025-11-03_77,19.0,0,19,81,64.182608695652,59.167316770186154,0.013931366459627328,0.0,0.13593142857142856,True,True,True,False,1167.5025,830.293406226033,0.0,6.949715836463393,0.0,-8.972580962307244,1995.7730411001892
2025-11-03T18:15:00Z,2025-11-03T18:30:00Z,2025-11-03,2025-11-03_78,19.0,0,19,81,59.167316770186154,54.021739130434604,0.01429327122153209,0.0,0.01606857142857143,True,True,True,False,1124.7525,830.293406226033,0.0,6.949715836463393,0.0,-1.2173417755515414,1960.778280286945
2025-11-03T18:30:00Z,2025-11-03T18:45:00Z,2025-11-03,2025-11-03_79,0.012131526680756455,0,19,81,54.021739130434604,54.021739130434604,1.8300688471439e-05,0.0,0.003582857142857143,True,True,True,False,0.6404536222938351,830.293406226033,0.0,6.949715836463393,0.0,-0.28183179428975974,837.6017438905004
2025-11-03T18:45:00Z,2025-11-03T19:00:00Z,2025-11-03,2025-11-03_80,0.0007351640192467439,0,19,81,54.021739130434604,54.021739130434604,1.109798326921235e-06,0.0,0.00021714285714285715,True,True,True,False,0.037337142627494005,830.293406226033,0.0,6.949715836463393,0.0,-0.017080714805439986,837.2633784903185
2025-11-03T19:00:00Z,2025-11-03T19:15:00Z,2025-11-03,2025-11-03_81,0.0,100,0,0,54.021739130434604,31.52236024844703,0.06249827467218771,20.69942857142857,0.0,True,True,True,False,0.0,0.0,110.1748244872274,0.0,24364.79990290962,0.0,24474.97472739685
2025-11-03T19:15:00Z,2025-11-03T19:30:00Z,2025-11-03,2025-11-03_82,-0.3594432942259192,100,0,0,31.52236024844703,10.016957671957503,0.05983143866779131,19.872,0.0,True,True,True,False,-16.177644064873057,0.0,110.1748244872274,0.0,20989.48004169043,0.0,21083.477222112782
2025-11-03T19:30:00Z,2025-11-03T19:45:00Z,2025-11-03,2025-11-03_83,-99.84355982510914,100,0,0,10.016957671957503,25.536852223602295,0.04318723528375297,8.089142857142857,0.0,True,True,True,False,-3485.5386734945596,0.0,110.1748244872274,0.0,4568.282622002096,0.0,1192.918772994764
2025-11-03T19:45:00Z,2025-11-03T20:00:00Z,2025-11-03,2025-11-03_84,-100.0,100,0,0,25.536852223602295,44.53984650931658,0.05278609523809524,4.344571428571428,0.0,True,True,True,False,-2627.0,0.0,110.1748244872274,0.0,906.8450231910034,0.0,-1609.9801523217693
2025-11-03T20:00:00Z,2025-11-03T20:15:00Z,2025-11-03,2025-11-03_85,0.0,100,35,0,44.53984650931658,33.07039239751535,0.031974083643892336,10.570857142857141,0.022400000000000003,True,True,True,False,0.0,0.0,109.87984503746239,12.802108119800987,5428.056460639908,-1.421722286680695,5549.316691510491
2025-11-03T20:15:00Z,2025-11-03T20:30:00Z,2025-11-03,2025-11-03_86,0.0,100,35,0,33.07039239751535,31.148338086956343,0.006482906418219462,1.957714285714286,0.2238,True,True,True,False,0.0,0.0,109.87984503746239,12.802108119800987,307.95183350798,-13.837697783721069,416.7960888815223
2025-11-03T20:30:00Z,2025-11-03T20:45:00Z,2025-11-03,2025-11-03_87,-65.0,100,35,0,31.148338086956343,47.72305808695634,0.04604088888888889,0.0,1.766,True,True,True,False,-2041.4875,0.0,109.87984503746239,12.802108119800987,0.0,-109.45789620656429,-2028.2634430493008
2025-11-03T20:45:00Z,2025-11-03T21:00:00Z,2025-11-03,2025-11-03_88,-65.0,100,35,0,47.72305808695634,64.34782608695635,0.04617991111111111,0.0,1.8204000000000002,True,True,True,False,-1689.35,0.0,109.87984503746239,12.802108119800987,0.0,-86.07011291813339,-1652.7381597608698
2025-11-03T21:00:00Z,2025-11-03T21:15:00Z,2025-11-03,2025-11-03_89,0.0,0,0,100,64.34782608695635,64.34782608695635,0.0,0.0,0.0,True,True,True,False,0.0,1025.053587933374,0.0,0.0,0.0,0.0,1025.053587933374
2025-11-03T21:15:00Z,2025-11-03T21:30:00Z,2025-11-03,2025-11-03_90,0.0,0,0,100,64.34782608695635,64.34782608695635,0.0,0.0,0.0,True,True,True,False,0.0,1025.053587933374,0.0,0.0,0.0,0.0,1025.053587933374
2025-11-03T21:30:00Z,2025-11-03T21:45:00Z,2025-11-03,2025-11-03_91,0.0,0,0,100,64.34782608695635,64.34782608695635,0.0,0.0,0.0,True,True,True,False,0.0,1025.053587933374,0.0,0.0,0.0,0.0,1025.053587933374
2025-11-03T21:45:00Z,2025-11-03T22:00:00Z,2025-11-03,2025-11-03_92,0.0,0,0,100,64.34782608695635,64.34782608695635,0.0,0.0,0.0,True,True,True,False,0.0,1025.053587933374,0.0,0.0,0.0,0.0,1025.053587933374
2025-11-03T22:00:00Z,2025-11-03T22:15:00Z,2025-11-04,2025-11-03_93,0.0,0,0,100,64.34782608695635,64.34782608695635,0.0,0.0,0.0,True,True,True,False,0.0,1024.8520477379525,0.0,0.0,0.0,0.0,1024.8520477379525
2025-11-03T22:15:00Z,2025-11-03T22:30:00Z,2025-11-04,2025-11-03_94,0.0,0,0,100,64.34782608695635,64.34782608695635,0.0,0.0,0.0,True,True,True,False,0.0,1024.8520477379525,0.0,0.0,0.0,0.0,1024.8520477379525
2025-11-03T22:30:00Z,2025-11-03T22:45:00Z,2025-11-04,2025-11-03_95,0.0,0,0,100,64.34782608695635,64.34782608695635,0.0,0.0,0.0,True,True,True,False,0.0,1024.8520477379525,0.0,0.0,0.0,0.0,1024.8520477379525
2025-11-03T22:45:00Z,2025-11-03T23:00:00Z,2025-11-04,2025-11-03_96,0.0,0,0,100,64.34782608695635,64.34782608695635,0.0,0.0,0.0,True,True,True,False,0.0,1024.8520477379525,0.0,0.0,0.0,0.0,1024.8520477379525
2025-11-03T23:00:00Z,2025-11-03T23:15:00Z,2025-11-04,2025-11-04_1,0.0,0,0,100,64.34782608695635,64.34782608695635,0.0,0.0,0.0,True,True,True,False,0.0,1024.8520477379525,0.0,0.0,0.0,0.0,1024.8520477379525
2025-11-03T23:15:00Z,2025-11-03T23:30:00Z,2025-11-04,2025-11-04_2,0.0,0,0,100,64.34782608695635,64.34782608695635,0.0,0.0,0.0,True,True,True,False,0.0,1024.8520477379525,0.0,0.0,0.0,0.0,1024.8520477379525
2025-11-03T23:30:00Z,2025-11-03T23:45:00Z,2025-11-04,2025-11-04_3,0.0,0,0,100,64.34782608695635,64.34782608695635,0.0,0.0,0.0,True,True,True,False,0.0,1024.8520477379525,0.0,0.0,0.0,0.0,1024.8520477379525
2025-11-03T23:45:00Z,2025-11-04T00:00:00Z,2025-11-04,2025-11-04_4,0.0,0,0,100,64.34782608695635,64.34782608695635,0.0,0.0,0.0,True,True,True,False,0.0,1024.8520477379525,0.0,0.0,0.0,0.0,1024.8520477379525
2025-11-04T00:00:00Z,2025-11-04T00:15:00Z,2025-11-04,2025-11-04_5,-86.0,86,0,14,64.34782608695635,84.12420917267063,0.05493439746031746,0.003931428571428572,0.0,True,True,True,False,-1829.22,143.47928668331335,92.52511747704527,0.0,0.5920989138464218,0.0,-1592.623496925795
2025-11-04T00:15:00Z,2025-11-04T00:30:00Z,2025-11-04,2025-11-04_6,-86.0,86,0,14,84.12420917267063,103.89335842981349,0.05491430349206349,0.011794285714285714,0.0,True,True,True,False,-1764.29,143.47928668331335,92.52511747704527,0.0,1.776296741539265,0.0,-1526.509299098102
2025-11-04T00:30:00Z,2025-11-04T00:45:00Z,2025-11-04,2025-11-04_7,-86.0,86,0,14,103.89335842981349,123.67335842981349,0.05494444444444445,0.0,0.0,True,True,True,False,-1761.4950000000001,143.47928668331335,92.52511747704527,0.0,0.0,0.0,-1525.4905958396414
2025-11-04T00:45:00Z,2025-11-04T01:00:00Z,2025-11-04,2025-11-04_8,-86.0,86,0,14,123.67335842981349,143.4533584298135,0.05494444444444445,0.0,0.0,True,True,True,False,-1763.8600000000001,143.47928668331335,92.52511747704527,0.0,0.0,0.0,-1527.8555958396414
2025-11-04T01:00:00Z,2025-11-04T01:15:00Z,2025-11-04,2025-11-04_9,0.0,0,0,100,143.4533584298135,143.4533584298135,0.0,0.0,0.0,True,False,True,False,0.0,1024.8520477379525,0.0,0.0,0.0,0.0,1024.8520477379525
2025-11-04T01:15:00Z,2025-11-04T01:30:00Z,2025-11-04,2025-11-04_10,0.0,0,0,100,143.4533584298135,143.4533584298135,0.0,0.0,0.0,True,False,True,False,0.0,1024.8520477379525,0.0,0.0,0.0,0.0,1024.8520477379525
2025-11-04T01:30:00Z,2025-11-04T01:45:00Z,2025-11-04,2025-11-04_11,0.0,0,0,100,143.4533584298135,143.4533584298135,0.0,0.0,0.0,True,False,True,False,0.0,1024.8520477379525,0.0,0.0,0.0,0.0,1024.8520477379525
2025-11-04T01:45:00Z,2025-11-04T02:00:00Z,2025-11-04,2025-11-04_12,0.0,0,0,100,143.4533584298135,143.4533584298135,0.0,0.0,0.0,True,False,True,False,0.0,1024.8520477379525,0.0,0.0,0.0,0.0,1024.8520477379525
2025-11-04T02:00:00Z,2025-11-04T02:15:00Z,2025-11-04,2025-11-04_13,0.0,0,0,100,143.4533584298135,143.4533584298135,0.0,0.0,0.0,True,False,True,False,0.0,1024.8520477379525,0.0,0.0,0.0,0.0,1024.8520477379525
2025-11-04T02:15:00Z,2025-11-04T02:30:00Z,2025-11-04,2025-11-04_14,0.0,0,0,100,143.4533584298135,143.4533584298135,0.0,0.0,0.0,True,False,True,False,0.0,1024.8520477379525,0.0,0.0,0.0,0.0,1024.8520477379525
2025-11-04T02:30:00Z,2025-11-04T02:45:00Z,2025-11-04,2025-11-04_15,0.0,0,0,100,143.4533584298135,143.4533584298135,0.0,0.0,0.0,True,False,True,False,0.0,1024.8520477379525,0.0,0.0,0.0,0.0,1024.8520477379525
2025-11-04T02:45:00Z,2025-11-04T03:00:00Z,2025-11-04,2025-11-04_16,0.0,0,0,100,143.4533584298135,143.4533584298135,0.0,0.0,0.0,True,False,True,False,0.0,1024.8520477379525,0.0,0.0,0.0,0.0,1024.8520477379525
2025-11-04T03:00:00Z,2025-11-04T03:15:00Z,2025-11-04,2025-11-04_17,0.0,0,0,100,143.4533584298135,143.4533584298135,0.0,0.0,0.0,True,True,True,False,0.0,1024.8520477379525,0.0,0.0,0.0,0.0,1024.8520477379525
2025-11-04T03:15:00Z,2025-11-04T03:30:00Z,2025-11-04,2025-11-04_18,0.0,0,0,100,143.4533584298135,143.4533584298135,0.0,0.0,0.0,True,True,True,False,0.0,1024.8520477379525,0.0,0.0,0.0,0.0,1024.8520477379525
2025-11-04T03:30:00Z,2025-11-04T03:45:00Z,2025-11-04,2025-11-04_19,0.0,0,0,100,143.4533584298135,143.4533584298135,0.0,0.0,0.0,True,True,True,False,0.0,1024.8520477379525,0.0,0.0,0.0,0.0,1024.8520477379525
2025-11-04T03:45:00Z,2025-11-04T04:00:00Z,2025-11-04,2025-11-04_20,0.0,0,0,100,143.4533584298135,143.4533584298135,0.0,0.0,0.0,True,True,True,False,0.0,1024.8520477379525,0.0,0.0,0.0,0.0,1024.8520477379525
2025-11-04T04:00:00Z,2025-11-04T04:15:00Z,2025-11-04,2025-11-04_21,0.0,0,0,100,143.4533584298135,143.4533584298135,0.0,0.0,0.0,True,True,True,False,0.0,1024.8520477379525,0.0,0.0,0.0,0.0,1024.8520477379525
2025-11-04T04:15:00Z,2025-11-04T04:30:00Z,2025-11-04,2025-11-04_22,0.0,0,0,100,143.4533584298135,143.4533584298135,0.0,0.0,0.0,True,True,True,False,0.0,1024.8520477379525,0.0,0.0,0.0,0.0,1024.8520477379525
2025-11-04T04:30:00Z,2025-11-04T04:45:00Z,2025-11-04,2025-11-04_23,0.0,0,0,100,143.4533584298135,143.4533584298135,0.0,0.0,0.0,True,True,True,False,0.0,1024.8520477379525,0.0,0.0,0.0,0.0,1024.8520477379525
2025-11-04T04:45:00Z,2025-11-04T05:00:00Z,2025-11-04,2025-11-04_24,0.0,0,0,100,143.4533584298135,143.4533584298135,0.0,0.0,0.0,True,True,True,False,0.0,1024.8520477379525,0.0,0.0,0.0,0.0,1024.8520477379525
2025-11-04T05:00:00Z,2025-11-04T05:15:00Z,2025-11-04,2025-11-04_25,36.12312378254372,0,100,0,143.4533584298135,143.37204968944084,0.03264643432688906,0.0,9.930285714285713,True,True,True,False,1219.9681979459579,0.0,0.0,34.88920784097836,0.0,1564.986944023908,2819.8443498108445
2025-11-04T05:15:00Z,2025-11-04T05:30:00Z,2025-11-04,2025-11-04_26,100.0,0,100,0,143.37204968944084,116.72484472049675,0.07402001380262248,0.0,0.48457142857142854,True,True,True,False,4258.25,0.0,0.0,34.88920784097836,0.0,-32.12609200987565,4261.013115831102
2025-11-04T05:30:00Z,2025-11-04T05:45:00Z,2025-11-04,2025-11-04_27,100.0,0,100,0,116.72484472049675,90.00745341614892,0.07421497584541062,0.0,0.42,True,True,True,False,4402.25,0.0,0.0,34.88920784097836,0.0,-28.529545231120114,4408.609662609858
2025-11-04T05:45:00Z,2025-11-04T06:00:00Z,2025-11-04,2025-11-04_28,100.00000000000011,0,100,0,90.00745341614892,64.34782608695635,0.07127674258109049,0.0,1.3931428571428572,True,True,True,False,4595.7500000000055,0.0,0.0,34.88920784097836,0.0,-86.32029391029333,4544.3189139306905
2025-11-04T06:00:00Z,2025-11-04T06:15:00Z,2025-11-04,2025-11-04_29,0.0,0,0,100,64.34782608695635,64.34782608695635,0.0,0.0,0.0,True,True,True,False,0.0,1024.8520477379525,0.0,0.0,0.0,0.0,1024.8520477379525
2025-11-04T06:15:00Z,2025-11-04T06:30:00Z,2025-11-04,2025-11-04_30,0.0,0,0,100,64.34782608695635,64.34782608695635,0.0,0.0,0.0,True,True,True,False,0.0,1024.8520477379525,0.0,0.0,0.0,0.0,1024.8520477379525
2025-11-04T06:30:00Z,2025-11-04T06:45:00Z,2025-11-04,2025-11-04_31,0.0,0,0,100,64.34782608695635,64.34782608695635,0.0,0.0,0.0,True,True,True,False,0.0,1024.8520477379525,0.0,0.0,0.0,0.0,1024.8520477379525
2025-11-04T06:45:00Z,2025-11-04T07:00:00Z,2025-11-04,2025-11-04_32,0.0,0,0,100,64.34782608695635,64.34782608695635,0.0,0.0,0.0,True,True,True,False,0.0,1024.8520477379525,0.0,0.0,0.0,0.0,1024.8520477379525
2025-11-04T07:00:00Z,2025-11-04T07:15:00Z,2025-11-04,2025-11-04_33,0.0,0,0,100,64.34782608695635,64.34782608695635,0.0,0.0,0.0,True,True,True,False,0.0,1024.8520477379525,0.0,0.0,0.0,0.0,1024.8520477379525
2025-11-04T07:15:00Z,2025-11-04T07:30:00Z,2025-11-04,2025-11-04_34,0.0,0,0,100,64.34782608695635,64.34782608695635,0.0,0.0,0.0,True,True,True,False,0.0,1024.8520477379525,0.0,0.0,0.0,0.0,1024.8520477379525
2025-11-04T07:30:00Z,2025-11-04T07:45:00Z,2025-11-04,2025-11-04_35,0.0,0,0,100,64.34782608695635,64.34782608695635,0.0,0.0,0.0,True,True,True,False,0.0,1024.8520477379525,0.0,0.0,0.0,0.0,1024.8520477379525
2025-11-04T07:45:00Z,2025-11-04T08:00:00Z,2025-11-04,2025-11-04_36,0.0,0,0,100,64.34782608695635,64.34782608695635,0.0,0.0,0.0,True,True,True,False,0.0,1024.8520477379525,0.0,0.0,0.0,0.0,1024.8520477379525
2025-11-04T08:00:00Z,2025-11-04T08:15:00Z,2025-11-04,2025-11-04_37,-85.13010841648666,86,0,14,64.34782608695635,78.34793148819861,0.039258960635517696,6.053908571428572,0.0,True,True,True,False,-2330.223892630281,143.47928668331335,91.73885688444977,0.0,998.9681168136125,0.0,-1096.0376322489055
2025-11-04T08:15:00Z,2025-11-04T08:30:00Z,2025-11-04,2025-11-04_38,-86.0,86,0,14,78.34793148819861,88.70767823105575,0.02877707428571429,10.239405714285713,0.0,True,True,True,False,-2159.03,143.47928668331335,91.73885688444977,0.0,1818.3063426717636,0.0,-105.50551376047352
2025-11-04T08:30:00Z,2025-11-04T08:45:00Z,2025-11-04,2025-11-04_39,-86.0,86,0,14,88.70767823105575,106.61004760248433,0.04972880380952382,2.040902857142857,0.0,True,True,True,False,-1658.2949999999998,143.47928668331335,91.73885688444977,0.0,313.3879950250964,0.0,-1109.6888614071404
2025-11-04T08:45:00Z,2025-11-04T09:00:00Z,2025-11-04,2025-11-04_40,-85.99999999999994,86,0,14,106.61004760248433,123.60502360248432,0.047208266666666644,3.0272,0.0,True,True,True,False,-1308.0599999999993,143.47928668331335,91.73885688444977,0.0,471.5649205481607,0.0,-601.2769358840754
2025-11-04T09:00:00Z,2025-11-04T09:15:00Z,2025-11-04,2025-11-04_41,0.0,0,0,100,123.60502360248432,123.60502360248432,0.0,0.0,0.0,True,True,True,False,0.0,1024.8520477379525,0.0,0.0,0.0,0.0,1024.8520477379525
2025-11-04T09:15:00Z,2025-11-04T09:30:00Z,2025-11-04,2025-11-04_42,0.0,0,0,100,123.60502360248432,123.60502360248432,0.0,0.0,0.0,True,True,True,False,0.0,1024.8520477379525,0.0,0.0,0.0,0.0,1024.8520477379525
2025-11-04T09:30:00Z,2025-11-04T09:45:00Z,2025-11-04,2025-11-04_43,0.0,0,0,100,123.60502360248432,123.60502360248432,0.0,0.0,0.0,True,True,True,False,0.0,1024.8520477379525,0.0,0.0,0.0,0.0,1024.8520477379525
2025-11-04T09:45:00Z,2025-11-04T10:00:00Z,2025-11-04,2025-11-04_44,0.0,0,0,100,123.60502360248432,123.60502360248432,0.0,0.0,0.0,True,True,True,False,0.0,1024.8520477379525,0.0,0.0,0.0,0.0,1024.8520477379525
2025-11-04T10:00:00Z,2025-11-04T10:15:00Z,2025-11-04,2025-11-04_45,0.0,0,0,100,123.60502360248432,123.60502360248432,0.0,0.0,0.0,True,True,True,False,0.0,1024.8520477379525,0.0,0.0,0.0,0.0,1024.8520477379525
2025-11-04T10:15:00Z,2025-11-04T10:30:00Z,2025-11-04,2025-11-04_46,0.0,0,0,100,123.60502360248432,123.60502360248432,0.0,0.0,0.0,True,True,True,False,0.0,1024.8520477379525,0.0,0.0,0.0,0.0,1024.8520477379525
2025-11-04T10:30:00Z,2025-11-04T10:45:00Z,2025-11-04,2025-11-04_47,0.0,0,0,100,123.60502360248432,123.60502360248432,0.0,0.0,0.0,True,True,True,False,0.0,1024.8520477379525,0.0,0.0,0.0,0.0,1024.8520477379525
2025-11-04T10:45:00Z,2025-11-04T11:00:00Z,2025-11-04,2025-11-04_48,0.0,0,0,100,123.60502360248432,123.60502360248432,0.0,0.0,0.0,True,True,True,False,0.0,1024.8520477379525,0.0,0.0,0.0,0.0,1024.8520477379525
2025-11-04T11:00:00Z,2025-11-04T11:15:00Z,2025-11-04,2025-11-04_49,0.0,0,0,100,123.60502360248432,123.60502360248432,0.0,0.0,0.0,True,False,True,False,0.0,1024.8520477379525,0.0,0.0,0.0,0.0,1024.8520477379525
2025-11-04T11:15:00Z,2025-11-04T11:30:00Z,2025-11-04,2025-11-04_50,0.0,0,0,100,123.60502360248432,123.60502360248432,0.0,0.0,0.0,True,False,True,False,0.0,1024.8520477379525,0.0,0.0,0.0,0.0,1024.8520477379525
2025-11-04T11:30:00Z,2025-11-04T11:45:00Z,2025-11-04,2025-11-04_51,0.0,0,0,100,123.60502360248432,123.60502360248432,0.0,0.0,0.0,True,False,True,False,0.0,1024.8520477379525,0.0,0.0,0.0,0.0,1024.8520477379525
2025-11-04T11:45:00Z,2025-11-04T12:00:00Z,2025-11-04,2025-11-04_52,0.0,0,0,100,123.60502360248432,123.60502360248432,0.0,0.0,0.0,True,False,True,False,0.0,1024.8520477379525,0.0,0.0,0.0,0.0,1024.8520477379525
2025-11-04T12:00:00Z,2025-11-04T12:15:00Z,2025-11-04,2025-11-04_53,0.0,0,0,100,123.60502360248432,123.60502360248432,0.0,0.0,0.0,True,True,True,False,0.0,1024.8520477379525,0.0,0.0,0.0,0.0,1024.8520477379525
2025-11-04T12:15:00Z,2025-11-04T12:30:00Z,2025-11-04,2025-11-04_54,0.0,0,0,100,123.60502360248432,123.60502360248432,0.0,0.0,0.0,True,True,True,False,0.0,1024.8520477379525,0.0,0.0,0.0,0.0,1024.8520477379525
2025-11-04T12:30:00Z,2025-11-04T12:45:00Z,2025-11-04,2025-11-04_55,0.0,0,0,100,123.60502360248432,123.60502360248432,0.0,0.0,0.0,True,True,True,False,0.0,1024.8520477379525,0.0,0.0,0.0,0.0,1024.8520477379525
2025-11-04T12:45:00Z,2025-11-04T13:00:00Z,2025-11-04,2025-11-04_56,0.0,0,0,100,123.60502360248432,123.60502360248432,0.0,0.0,0.0,True,True,True,False,0.0,1024.8520477379525,0.0,0.0,0.0,0.0,1024.8520477379525
2025-11-04T13:00:00Z,2025-11-04T13:15:00Z,2025-11-04,2025-11-04_57,-100.0,100,0,0,123.60502360248432,142.23791503105576,0.051758031746031746,4.746857142857143,0.0,True,True,True,False,-1938.25,0.0,106.85004227207486,0.0,714.4990165352629,0.0,-1116.9009411926622
2025-11-04T13:15:00Z,2025-11-04T13:30:00Z,2025-11-04,2025-11-04_58,-100.0,100,0,0,142.23791503105576,160.75514931677006,0.0514367619047619,4.872571428571428,0.0,True,True,True,False,-2446.25,0.0,106.85004227207486,0.0,663.5514733433137,0.0,-1675.8484843846115
2025-11-04T13:30:00Z,2025-11-04T13:45:00Z,2025-11-04,2025-11-04_59,-100.0,100,0,0,160.75514931677006,167.60993788819863,0.019041079365079365,17.549142857142858,0.0,True,True,True,False,-2599.0,0.0,106.85004227207486,0.0,6360.1660060613385,0.0,3868.0160483334134
2025-11-04T13:45:00Z,2025-11-04T14:00:00Z,2025-11-04,2025-11-04_60,0.0,100,0,0,167.60993788819863,143.9999999999999,0.0655831608005521,21.72114285714286,0.0,True,True,True,False,0.0,0.0,106.85004227207486,0.0,7941.488303752245,0.0,8048.338346024319
2025-11-04T14:00:00Z,2025-11-04T14:15:00Z,2025-11-04,2025-11-04_61,0.0,0,0,100,143.9999999999999,143.9999999999999,0.0,0.0,0.0,True,True,True,False,0.0,1024.8520477379525,0.0,0.0,0.0,0.0,1024.8520477379525
2025-11-04T14:15:00Z,2025-11-04T14:30:00Z,2025-11-04,2025-11-04_62,0.0,0,0,100,143.9999999999999,143.9999999999999,0.0,0.0,0.0,True,True,True,False,0.0,1024.8520477379525,0.0,0.0,0.0,0.0,1024.8520477379525
2025-11-04T14:30:00Z,2025-11-04T14:45:00Z,2025-11-04,2025-11-04_63,0.0,0,0,100,143.9999999999999,143.9999999999999,0.0,0.0,0.0,True,True,True,False,0.0,1024.8520477379525,0.0,0.0,0.0,0.0,1024.8520477379525
2025-11-04T14:45:00Z,2025-11-04T15:00:00Z,2025-11-04,2025-11-04_64,0.0,0,0,100,143.9999999999999,143.9999999999999,0.0,0.0,0.0,True,True,True,False,0.0,1024.8520477379525,0.0,0.0,0.0,0.0,1024.8520477379525
2025-11-04T15:00:00Z,2025-11-04T15:15:00Z,2025-11-04,2025-11-04_65,99.99999999999999,0,100,0,143.9999999999999,130.85217391304337,0.03652173913043478,0.0,12.904000000000002,True,True,True,False,4913.499999999999,0.0,0.0,34.88920784097836,0.0,-515.3633471618725,4433.025860679105
2025-11-04T15:15:00Z,2025-11-04T15:30:00Z,2025-11-04,2025-11-04_66,64.34092137875025,0,100,0,130.85217391304337,121.08034619627317,0.040824735537924754,0.0,7.506285714285714,True,True,True,False,3217.3677735444066,0.0,0.0,34.88920784097836,0.0,-386.45690130242934,2865.8000800829554
2025-11-04T15:30:00Z,2025-11-04T15:45:00Z,2025-11-04,2025-11-04_67,100.0,0,100,0,121.08034619627317,98.77910396024834,0.06194789510006901,0.0,4.482857142857142,True,True,True,False,6551.25,0.0,0.0,34.88920784097836,0.0,-247.58440736236292,6338.554800478615
2025-11-04T15:45:00Z,2025-11-04T16:00:00Z,2025-11-04,2025-11-04_68,100.0,0,100,0,98.77910396024834,83.74059464347815,0.0417736369910283,0.0,11.16457142857143,True,True,True,False,7557.75,0.0,0.0,34.88920784097836,0.0,-459.3474474688718,7133.291760372106
2025-11-04T16:00:00Z,2025-11-04T16:15:00Z,2025-11-04,2025-11-04_69,0.0,100,100,0,83.74059464347815,90.36091464347815,0.01838977777777778,0.0,7.196,True,True,True,False,0.0,0.0,110.94945046302666,34.88920784097836,0.0,-432.13634651304534,-286.2976882090403
2025-11-04T16:15:00Z,2025-11-04T16:30:00Z,2025-11-04,2025-11-04_70,0.0,100,100,0,90.36091464347815,97.61734892919245,0.020156761904761906,0.0,7.887428571428572,True,True,True,False,0.0,0.0,110.94945046302666,34.88920784097836,0.0,-401.545342684684,-255.70668438067895
2025-11-04T16:30:00Z,2025-11-04T16:45:00Z,2025-11-04,2025-11-04_71,0.0,100,100,0,97.61734892919245,107.85353178633531,0.028433841269841272,0.0,11.126285714285714,True,True,True,False,0.0,0.0,110.94945046302666,34.88920784097836,0.0,-562.3651510700031,-416.52649276599806
2025-11-04T16:45:00Z,2025-11-04T17:00:00Z,2025-11-04,2025-11-04_72,0.0,100,100,0,107.85353178633531,118.71478892919245,0.03017015873015873,0.0,11.805714285714286,True,True,True,False,0.0,0.0,110.94945046302666,34.88920784097836,0.0,-512.9140789883913,-367.0754206843863
2025-11-04T17:00:00Z,2025-11-04T17:15:00Z,2025-11-04,2025-11-04_73,100.0,0,100,0,118.71478892919245,92.37379514037258,0.07316942719116631,0.0,0.7662857142857142,True,True,True,False,6765.25,0.0,0.0,34.88920784097836,0.0,-45.40824038626283,6754.730967454716
2025-11-04T17:15:00Z,2025-11-04T17:30:00Z,2025-11-04,2025-11-04_74,100.0,0,100,0,92.37379514037258,75.98683861863344,0.04551932367149758,0.0,9.924000000000001,True,True,True,False,6754.75,0.0,0.0,34.88920784097836,0.0,-398.3473034348519,6391.291904406126
2025-11-04T17:30:00Z,2025-11-04T17:45:00Z,2025-11-04,2025-11-04_75,99.99999999999997,0,100,0,75.98683861863344,71.72907464347817,0.011827122153209116,0.0,21.082857142857144,True,True,True,False,6910.249999999999,0.0,0.0,34.88920784097836,0.0,1520.2364500445192,8465.375657885497
2025-11-04T17:45:00Z,2025-11-04T18:00:00Z,2025-11-04,2025-11-04_76,100.00000000000006,0,100,0,71.72907464347817,68.52596905341605,0.008897515527950345,0.0,22.05314285714286,True,True,True,False,6709.750000000004,0.0,0.0,34.88920784097836,0.0,1286.7708158089135,8031.410023649895
2025-11-04T18:00:00Z,2025-11-04T18:15:00Z,2025-11-04,2025-11-04_77,100.0,0,100,0,68.52596905341605,60.56323613416139,0.02211870255348516,0.0,17.674285714285716,True,True,True,False,4890.0,0.0,0.0,34.88920784097836,0.0,236.9162574748545,5161.805465315832
2025-11-04T18:15:00Z,2025-11-04T18:30:00Z,2025-11-04,2025-11-04_78,99.99999999999994,0,100,0,60.56323613416139,57.75081377391296,0.007812284334023491,0.0,22.41257142857143,True,True,True,False,4578.249999999997,0.0,0.0,34.88920784097836,0.0,2054.155951318299,6667.295159159275
2025-11-04T18:30:00Z,2025-11-04T18:45:00Z,2025-11-04,2025-11-04_79,100.0,0,100,0,57.75081377391296,34.22659017142849,0.06534506556245685,0.0,3.357714285714286,True,True,True,False,5652.5,0.0,0.0,34.88920784097836,0.0,-151.36220297898757,5536.0270048619905
2025-11-04T18:45:00Z,2025-11-04T19:00:00Z,2025-11-04,2025-11-04_80,100.0,0,100,0,34.22659017142849,10.00919886708067,0.06727053140096617,0.0,2.7199999999999998,True,True,True,False,5704.25,0.0,0.0,34.88920784097836,0.0,-118.15616680757357,5620.983041033405
2025-11-04T19:00:00Z,2025-11-04T19:15:00Z,2025-11-04,2025-11-04_81,22.0,78,100,0,10.00919886708067,12.28451478260862,0.02807208182194617,0.0,8.626857142857142,True,True,True,False,1156.4299999999998,0.0,85.25235445626315,34.88920784097836,0.0,-352.75960250205736,923.811959795184
2025-11-04T19:15:00Z,2025-11-04T19:30:00Z,2025-11-04,2025-11-04_82,0.0,78,100,0,12.28451478260862,9.999999999999924,0.01425495376121463,3.411497142857143,1.5474285714285714,True,True,True,False,0.0,0.0,85.25235445626315,34.88920784097836,635.7044988565474,-66.7267531956846,689.1193079581043
2025-11-04T19:30:00Z,2025-11-04T19:45:00Z,2025-11-04,2025-11-04_83,16.367018296431702,78,100,0,9.999999999999924,9.999999999999924,0.020068517189282407,0.0,4.694857142857142,True,True,True,False,567.6491120659924,0.0,85.25235445626315,34.88920784097836,0.0,-241.9622349990309,445.82843936420306
2025-11-04T19:45:00Z,2025-11-04T20:00:00Z,2025-11-04,2025-11-04_84,0.0,78,100,0,9.999999999999924,17.73115428571421,0.021475428571428572,0.0,8.403428571428572,True,True,True,False,0.0,0.0,85.25235445626315,34.88920784097836,0.0,-395.5911397731071,-275.44957747586557
2025-11-04T20:00:00Z,2025-11-04T20:15:00Z,2025-11-04,2025-11-04_85,6.0,94,100,0,17.73115428571421,24.818436809937815,0.025348593623188406,0.0,9.373714285714286,True,True,True,False,210.32999999999998,0.0,101.82517056290673,34.88920784097836,0.0,-549.8019500768199,-202.75757167293486
2025-11-04T20:15:00Z,2025-11-04T20:30:00Z,2025-11-04,2025-11-04_86,5.384734381365083,94,100,0,24.818436809937815,34.60659180124216,0.03138023329094856,0.0,12.111428571428572,True,True,True,False,173.34806157209547,0.0,101.82517056290673,34.88920784097836,0.0,-514.5017535186939,-204.43931354271336
2025-11-04T20:30:00Z,2025-11-04T20:45:00Z,2025-11-04,2025-11-04_87,0.0,94,100,0,34.60659180124216,43.33029465838502,0.02423250793650794,0.0,9.482285714285716,True,True,True,False,0.0,0.0,101.82517056290673,34.88920784097836,0.0,-435.7626804708633,-299.0483020669782
2025-11-04T20:45:00Z,2025-11-04T21:00:00Z,2025-11-04,2025-11-04_88,0.0,94,100,0,43.33029465838502,64.34782608695645,0.05838203174603175,0.0,22.845142857142857,True,True,True,False,0.0,0.0,101.82517056290673,34.88920784097836,0.0,1054.9523235035545,1191.6667019074396
2025-11-04T21:00:00Z,2025-11-04T21:15:00Z,2025-11-04,2025-11-04_89,0.0,0,0,100,64.34782608695645,64.34782608695645,0.0,0.0,0.0,True,True,True,False,0.0,1024.8520477379525,0.0,0.0,0.0,0.0,1024.8520477379525
2025-11-04T21:15:00Z,2025-11-04T21:30:00Z,2025-11-04,2025-11-04_90,0.0,0,0,100,64.34782608695645,64.34782608695645,0.0,0.0,0.0,True,True,True,False,0.0,1024.8520477379525,0.0,0.0,0.0,0.0,1024.8520477379525
2025-11-04T21:30:00Z,2025-11-04T21:45:00Z,2025-11-04,2025-11-04_91,0.0,0,0,100,64.34782608695645,64.34782608695645,0.0,0.0,0.0,True,True,True,False,0.0,1024.8520477379525,0.0,0.0,0.0,0.0,1024.8520477379525
2025-11-04T21:45:00Z,2025-11-04T22:00:00Z,2025-11-04,2025-11-04_92,0.0,0,0,100,64.34782608695645,64.34782608695645,0.0,0.0,0.0,True,True,True,False,0.0,1024.8520477379525,0.0,0.0,0.0,0.0,1024.8520477379525
2025-11-04T22:00:00Z,2025-11-04T22:15:00Z,2025-11-05,2025-11-04_93,0.0,0,0,100,64.34782608695645,64.34782608695645,0.0,0.0,0.0,True,True,True,False,0.0,1024.7714538484224,0.0,0.0,0.0,0.0,1024.7714538484224
2025-11-04T22:15:00Z,2025-11-04T22:30:00Z,2025-11-05,2025-11-04_94,0.0,0,0,100,64.34782608695645,64.34782608695645,0.0,0.0,0.0,True,True,True,False,0.0,1024.7714538484224,0.0,0.0,0.0,0.0,1024.7714538484224
2025-11-04T22:30:00Z,2025-11-04T22:45:00Z,2025-11-05,2025-11-04_95,0.0,0,0,100,64.34782608695645,64.34782608695645,0.0,0.0,0.0,True,True,True,False,0.0,1024.7714538484224,0.0,0.0,0.0,0.0,1024.7714538484224
2025-11-04T22:45:00Z,2025-11-04T23:00:00Z,2025-11-05,2025-11-04_96,0.0,0,0,100,64.34782608695645,64.34782608695645,0.0,0.0,0.0,True,True,True,False,0.0,1024.7714538484224,0.0,0.0,0.0,0.0,1024.7714538484224
2025-11-04T23:00:00Z,2025-11-04T23:15:00Z,2025-11-05,2025-11-05_1,29.0,71,100,0,64.34782608695645,74.70462761739124,0.03957034241545894,0.0,18.832,True,True,True,False,689.9825,0.0,76.65319964612209,34.385137127690946,0.0,314.47014961171726,1115.4909863855303
2025-11-04T23:15:00Z,2025-11-04T23:30:00Z,2025-11-05,2025-11-05_2,29.0,71,100,0,74.70462761739124,88.50567477267074,0.042909395997239475,0.0,22.388571428571428,True,True,True,False,714.125,0.0,76.65319964612209,34.385137127690946,0.0,309.4521801407086,1134.6155169145215
2025-11-04T23:30:00Z,2025-11-04T23:45:00Z,2025-11-05,2025-11-05_3,0.6780095428212946,71,100,0,88.50567477267074,102.34790449689436,0.03885075265705078,0.0,15.227428571428572,True,True,True,False,15.572184174748083,0.0,76.65319964612209,34.385137127690946,0.0,-372.10428815772843,-245.49376720916732
2025-11-04T23:45:00Z,2025-11-05T00:00:00Z,2025-11-05,2025-11-05_4,29.0,71,100,0,102.34790449689436,113.27690236024839,0.040125063077984816,0.0,19.422857142857143,True,True,True,False,652.5,0.0,76.65319964612209,34.385137127690946,0.0,-239.29082192357922,524.2475148502339
2025-11-05T00:00:00Z,2025-11-05T00:15:00Z,2025-11-05,2025-11-05_5,0.0,0,0,100,113.27690236024839,113.27690236024839,0.0,0.0,0.0,True,True,True,False,0.0,1024.7714538484224,0.0,0.0,0.0,0.0,1024.7714538484224
2025-11-05T00:15:00Z,2025-11-05T00:30:00Z,2025-11-05,2025-11-05_6,0.0,0,0,100,113.27690236024839,113.27690236024839,0.0,0.0,0.0,True,True,True,False,0.0,1024.7714538484224,0.0,0.0,0.0,0.0,1024.7714538484224
2025-11-05T00:30:00Z,2025-11-05T00:45:00Z,2025-11-05,2025-11-05_7,0.0,0,0,100,113.27690236024839,113.27690236024839,0.0,0.0,0.0,True,True,True,False,0.0,1024.7714538484224,0.0,0.0,0.0,0.0,1024.7714538484224
2025-11-05T00:45:00Z,2025-11-05T01:00:00Z,2025-11-05,2025-11-05_8,0.0,0,0,100,113.27690236024839,113.27690236024839,0.0,0.0,0.0,True,True,True,False,0.0,1024.7714538484224,0.0,0.0,0.0,0.0,1024.7714538484224
2025-11-05T01:00:00Z,2025-11-05T01:15:00Z,2025-11-05,2025-11-05_9,0.0,0,0,100,113.27690236024839,113.27690236024839,0.0,0.0,0.0,True,True,True,False,0.0,1024.7714538484224,0.0,0.0,0.0,0.0,1024.7714538484224
2025-11-05T01:15:00Z,2025-11-05T01:30:00Z,2025-11-05,2025-11-05_10,0.0,0,0,100,113.27690236024839,113.27690236024839,0.0,0.0,0.0,True,True,True,False,0.0,1024.7714538484224,0.0,0.0,0.0,0.0,1024.7714538484224
2025-11-05T01:30:00Z,2025-11-05T01:45:00Z,2025-11-05,2025-11-05_11,0.0,0,0,100,113.27690236024839,113.27690236024839,0.0,0.0,0.0,True,True,True,False,0.0,1024.7714538484224,0.0,0.0,0.0,0.0,1024.7714538484224
2025-11-05T01:45:00Z,2025-11-05T02:00:00Z,2025-11-05,2025-11-05_12,0.0,0,0,100,113.27690236024839,113.27690236024839,0.0,0.0,0.0,True,True,True,False,0.0,1024.7714538484224,0.0,0.0,0.0,0.0,1024.7714538484224
2025-11-05T02:00:00Z,2025-11-05T02:15:00Z,2025-11-05,2025-11-05_13,0.0,0,0,100,113.27690236024839,113.27690236024839,0.0,0.0,0.0,True,True,True,False,0.0,1024.7714538484224,0.0,0.0,0.0,0.0,1024.7714538484224
2025-11-05T02:15:00Z,2025-11-05T02:30:00Z,2025-11-05,2025-11-05_14,0.0,0,0,100,113.27690236024839,113.27690236024839,0.0,0.0,0.0,True,True,True,False,0.0,1024.7714538484224,0.0,0.0,0.0,0.0,1024.7714538484224
2025-11-05T02:30:00Z,2025-11-05T02:45:00Z,2025-11-05,2025-11-05_15,0.0,0,0,100,113.27690236024839,113.27690236024839,0.0,0.0,0.0,True,True,True,False,0.0,1024.7714538484224,0.0,0.0,0.0,0.0,1024.7714538484224
2025-11-05T02:45:00Z,2025-11-05T03:00:00Z,2025-11-05,2025-11-05_16,0.0,0,0,100,113.27690236024839,113.27690236024839,0.0,0.0,0.0,True,True,True,False,0.0,1024.7714538484224,0.0,0.0,0.0,0.0,1024.7714538484224
2025-11-05T03:00:00Z,2025-11-05T03:15:00Z,2025-11-05,2025-11-05_17,-100.0,100,0,0,113.27690236024839,130.52453664596268,0.047910095238095245,6.252571428571428,0.0,True,True,True,False,-1971.2499999999998,0.0,107.96225302270716,0.0,982.9487273595371,0.0,-880.3390196177555
2025-11-05T03:15:00Z,2025-11-05T03:30:00Z,2025-11-05,2025-11-05_18,-99.99999999999999,100,0,0,130.52453664596268,142.17383950310554,0.032359174603174605,12.337714285714286,0.0,True,True,True,False,-2149.2499999999995,0.0,107.96225302270716,0.0,3157.530711041833,0.0,1116.2429640645405
2025-11-05T03:30:00Z,2025-11-05T03:45:00Z,2025-11-05,2025-11-05_19,-100.0,100,0,0,142.17383950310554,147.35527950310555,0.014392888888888893,19.368,0.0,True,True,True,False,-2094.0,0.0,107.96225302270716,0.0,6564.1356201710405,0.0,4578.097873193748
2025-11-05T03:45:00Z,2025-11-05T04:00:00Z,2025-11-05,2025-11-05_20,3.3789396401635203e-14,100,0,0,147.35527950310555,143.99999999999997,0.009320220841959997,3.0868571428571427,0.0,True,True,True,False,7.503780205893138e-13,0.0,107.96225302270716,0.0,485.2929040738088,0.0,593.2551570965168
2025-11-05T04:00:00Z,2025-11-05T04:15:00Z,2025-11-05,2025-11-05_21,0.0,0,0,100,143.99999999999997,143.99999999999997,0.0,0.0,0.0,True,True,True,False,0.0,1024.7714538484224,0.0,0.0,0.0,0.0,1024.7714538484224
2025-11-05T04:15:00Z,2025-11-05T04:30:00Z,2025-11-05,2025-11-05_22,0.0,0,0,100,143.99999999999997,143.99999999999997,0.0,0.0,0.0,True,True,True,False,0.0,1024.7714538484224,0.0,0.0,0.0,0.0,1024.7714538484224
2025-11-05T04:30:00Z,2025-11-05T04:45:00Z,2025-11-05,2025-11-05_23,0.0,0,0,100,143.99999999999997,143.99999999999997,0.0,0.0,0.0,True,True,True,False,0.0,1024.7714538484224,0.0,0.0,0.0,0.0,1024.7714538484224
2025-11-05T04:45:00Z,2025-11-05T05:00:00Z,2025-11-05,2025-11-05_24,0.0,0,0,100,143.99999999999997,143.99999999999997,0.0,0.0,0.0,True,True,True,False,0.0,1024.7714538484224,0.0,0.0,0.0,0.0,1024.7714538484224
2025-11-05T05:00:00Z,2025-11-05T05:15:00Z,2025-11-05,2025-11-05_25,0.0,100,100,0,143.99999999999997,142.58109316770185,0.016062042788129744,3.3125714285714287,2.3714285714285714,True,True,True,False,0.0,0.0,110.85225597168977,33.50044234739015,555.2622556627488,-146.04111724312256,553.5738367387062
2025-11-05T05:15:00Z,2025-11-05T05:30:00Z,2025-11-05,2025-11-05_26,0.0,100,100,0,142.58109316770185,121.72767701863353,0.057926155969634234,19.185142857142857,0.0,True,True,True,False,0.0,0.0,110.85225597168977,33.50044234739015,8981.860411003918,0.0,9126.213109322998
2025-11-05T05:30:00Z,2025-11-05T05:45:00Z,2025-11-05,2025-11-05_27,0.0,100,100,0,121.72767701863353,116.98076223602483,0.013253048999309867,4.378285714285714,0.013142857142857144,True,True,True,False,0.0,0.0,110.85225597168977,33.50044234739015,688.1651160635296,-0.9436734212411003,831.5741409613684
2025-11-05T05:45:00Z,2025-11-05T06:00:00Z,2025-11-05,2025-11-05_28,0.0,100,100,0,116.98076223602483,96.80498583850931,0.05604382332643202,18.561714285714285,0.0,True,True,True,False,0.0,0.0,110.85225597168977,33.50044234739015,8274.897255199336,0.0,8419.249953518416
2025-11-05T06:00:00Z,2025-11-05T06:15:00Z,2025-11-05,2025-11-05_29,0.0,0,0,100,96.80498583850931,96.80498583850931,0.0,0.0,0.0,True,False,True,False,0.0,1024.7714538484224,0.0,0.0,0.0,0.0,1024.7714538484224
2025-11-05T06:15:00Z,2025-11-05T06:30:00Z,2025-11-05,2025-11-05_30,0.0,0,0,100,96.80498583850931,96.80498583850931,0.0,0.0,0.0,True,False,True,False,0.0,1024.7714538484224,0.0,0.0,0.0,0.0,1024.7714538484224
2025-11-05T06:30:00Z,2025-11-05T06:45:00Z,2025-11-05,2025-11-05_31,0.0,0,0,100,96.80498583850931,96.80498583850931,0.0,0.0,0.0,True,False,True,False,0.0,1024.7714538484224,0.0,0.0,0.0,0.0,1024.7714538484224
2025-11-05T06:45:00Z,2025-11-05T07:00:00Z,2025-11-05,2025-11-05_32,0.0,0,0,100,96.80498583850931,96.80498583850931,0.0,0.0,0.0,True,False,True,False,0.0,1024.7714538484224,0.0,0.0,0.0,0.0,1024.7714538484224
2025-11-05T07:00:00Z,2025-11-05T07:15:00Z,2025-11-05,2025-11-05_33,0.0,0,0,100,96.80498583850931,96.80498583850931,0.0,0.0,0.0,True,True,True,False,0.0,1024.7714538484224,0.0,0.0,0.0,0.0,1024.7714538484224
2025-11-05T07:15:00Z,2025-11-05T07:30:00Z,2025-11-05,2025-11-05_34,0.0,0,0,100,96.80498583850931,96.80498583850931,0.0,0.0,0.0,True,True,True,False,0.0,1024.7714538484224,0.0,0.0,0.0,0.0,1024.7714538484224
2025-11-05T07:30:00Z,2025-11-05T07:45:00Z,2025-11-05,2025-11-05_35,0.0,0,0,100,96.80498583850931,96.80498583850931,0.0,0.0,0.0,True,True,True,False,0.0,1024.7714538484224,0.0,0.0,0.0,0.0,1024.7714538484224
2025-11-05T07:45:00Z,2025-11-05T08:00:00Z,2025-11-05,2025-11-05_36,0.0,0,0,100,96.80498583850931,96.80498583850931,0.0,0.0,0.0,True,True,True,False,0.0,1024.7714538484224,0.0,0.0,0.0,0.0,1024.7714538484224
2025-11-05T08:00:00Z,2025-11-05T08:15:00Z,2025-11-05,2025-11-05_37,0.0,100,100,0,96.80498583850931,81.16635229813663,0.04380572808833678,14.448,0.07142857142857142,True,True,True,False,0.0,0.0,108.52255971689766,33.618401651430254,6345.195748746683,-4.494698852705341,6482.842011262306
2025-11-05T08:15:00Z,2025-11-05T08:30:00Z,2025-11-05,2025-11-05_38,0.0,100,100,0,81.16635229813663,77.47643329192545,0.031237457556935817,6.870285714285713,4.106285714285715,True,True,True,False,0.0,0.0,108.52255971689766,33.618401651430254,3396.1876010166966,-159.03794323910634,3379.2906191459183
2025-11-05T08:30:00Z,2025-11-05T08:45:00Z,2025-11-05,2025-11-05_39,0.0,100,100,0,77.47643329192545,75.34183950310558,0.007711014492753622,2.2588571428571425,0.34857142857142853,True,True,True,False,0.0,0.0,108.52255971689766,33.618401651430254,350.333133139543,-21.56969456965918,470.9043999382117
2025-11-05T08:45:00Z,2025-11-05T09:00:00Z,2025-11-05,2025-11-05_40,0.0,100,100,0,75.34183950310558,67.65787130434781,0.02640581642512077,7.907428571428571,0.9902857142857144,True,True,True,False,0.0,0.0,108.52255971689766,33.618401651430254,1243.4989138194942,-46.646127030936235,1338.9937481568859
2025-11-05T09:00:00Z,2025-11-05T09:15:00Z,2025-11-05,2025-11-05_41,15.0,0,0,85,67.65787130434781,63.581784347826066,0.011322463768115942,0.0,0.0,True,False,True,False,444.75,871.055735771159,0.0,0.0,0.0,0.0,1315.805735771159
2025-11-05T09:15:00Z,2025-11-05T09:30:00Z,2025-11-05,2025-11-05_42,0.0,0,0,85,63.581784347826066,63.581784347826066,0.0,0.0,0.0,True,False,True,False,0.0,871.055735771159,0.0,0.0,0.0,0.0,871.055735771159
2025-11-05T09:30:00Z,2025-11-05T09:45:00Z,2025-11-05,2025-11-05_43,0.0,0,0,85,63.581784347826066,63.581784347826066,0.0,0.0,0.0,True,False,True,False,0.0,871.055735771159,0.0,0.0,0.0,0.0,871.055735771159
2025-11-05T09:45:00Z,2025-11-05T10:00:00Z,2025-11-05,2025-11-05_44,-1.3985389576018354,0,0,85,63.581784347826066,63.90344830807449,0.0008935110006900616,0.0,0.0,True,False,True,False,-32.91111801976519,871.055735771159,0.0,0.0,0.0,0.0,838.1446177513938
2025-11-05T10:00:00Z,2025-11-05T10:15:00Z,2025-11-05,2025-11-05_45,0.0,100,100,0,63.90344830807449,80.70895687950306,0.04668196825396827,0.0,18.266857142857145,True,True,True,False,0.0,0.0,107.57888528457681,33.618401651430254,0.0,68.16538197750349,209.36266891351056
2025-11-05T10:15:00Z,2025-11-05T10:30:00Z,2025-11-05,2025-11-05_46,0.0,100,100,0,80.70895687950306,98.11220259378878,0.0483423492063492,0.0,18.916571428571427,True,True,True,False,0.0,0.0,107.57888528457681,33.618401651430254,0.0,-407.7076200025277,-266.5103330665206
2025-11-05T10:30:00Z,2025-11-05T10:45:00Z,2025-11-05,2025-11-05_47,0.0,100,100,0,98.11220259378878,111.59677402236021,0.03745714285714286,0.0,14.657142857142858,True,True,True,False,0.0,0.0,107.57888528457681,33.618401651430254,0.0,-396.6750473943633,-255.47776045835622
2025-11-05T10:45:00Z,2025-11-05T11:00:00Z,2025-11-05,2025-11-05_48,0.0,100,100,0,111.59677402236021,125.1239283080745,0.03757542857142858,0.0,14.703428571428573,True,True,True,False,0.0,0.0,107.57888528457681,33.618401651430254,0.0,84.63324126890508,225.83052820491216
2025-11-05T11:00:00Z,2025-11-05T11:15:00Z,2025-11-05,2025-11-05_49,0.0,15,15,85,125.1239283080745,124.91353745093164,0.0018798666666666668,0.40808571428571433,0.2534571428571429,True,True,True,False,0.0,871.055735771159,16.136832792686523,5.157770569153642,59.58901857859039,-9.640390546404348,942.2989671651852
2025-11-05T11:15:00Z,2025-11-05T11:30:00Z,2025-11-05,2025-11-05_50,0.0,15,15,85,124.91353745093164,125.00623961242232,0.0008434273291925465,0.09702857142857141,0.21539999999999998,True,True,True,False,0.0,871.055735771159,16.136832792686523,5.157770569153642,13.988481240257823,-9.235627012680624,897.1031933605764
2025-11-05T11:30:00Z,2025-11-05T11:45:00Z,2025-11-05,2025-11-05_51,0.0,15,15,85,125.00623961242232,125.12601109068319,0.0003673776397515528,0.005742857142857143,0.13697142857142858,True,True,True,False,0.0,871.055735771159,16.136832792686523,5.157770569153642,0.7621013607448288,-5.8078147701899985,887.304625723554
2025-11-05T11:45:00Z,2025-11-05T12:00:00Z,2025-11-05,2025-11-05_52,0.0,15,15,85,125.12601109068319,125.11300666832294,0.00023458053830227745,0.044828571428571426,0.038828571428571435,True,True,True,False,0.0,871.055735771159,16.136832792686523,5.157770569153642,5.948940472679783,-1.7459307410371996,896.5533488646417
2025-11-05T12:00:00Z,2025-11-05T12:15:00Z,2025-11-05,2025-11-05_53,-14.0,15,1,85,125.11300666832294,128.298080973913,0.008863681214630782,0.040371428571428565,0.0028971428571428572,True,True,True,False,-326.655,871.055735771159,16.136832792686523,0.34385137127690946,5.357458819564393,-0.1407601904200194,566.0981185642668
2025-11-05T12:15:00Z,2025-11-05T12:30:00Z,2025-11-05,2025-11-05_54,-14.0,15,1,85,128.298080973913,131.49091602484467,0.008880822001380262,0.029400000000000006,0.00022857142857142857,True,True,True,False,-316.995,871.055735771159,16.136832792686523,0.34385137127690946,3.704983780595695,-0.0179747510918257,574.2284289646263
2025-11-05T12:30:00Z,2025-11-05T12:45:00Z,2025-11-05,2025-11-05_55,-14.0,15,1,85,131.49091602484467,134.67868521739123,0.008868958592132504,0.034885714285714284,0.00027428571428571427,True,True,True,False,-320.845,871.055735771159,16.136832792686523,0.34385137127690946,4.39629270758731,-0.018654448329611998,571.0690581943801
2025-11-05T12:45:00Z,2025-11-05T13:00:00Z,2025-11-05,2025-11-05_56,0.0,15,1,85,134.67868521739123,134.15769142857135,0.0014472049689440991,0.4793142857142857,0.0,True,True,True,False,0.0,871.055735771159,16.136832792686523,0.34385137127690946,66.62727711168219,0.0,954.1636970468046
2025-11-05T13:00:00Z,2025-11-05T13:15:00Z,2025-11-05,2025-11-05_57,-100.0,100,0,0,134.15769142857135,155.97167999999994,0.0605944126984127,1.2891428571428571,0.0,True,True,True,False,-2160.0,0.0,107.57888528457681,0.0,168.37855634663183,0.0,-1884.0425583687913
2025-11-05T13:15:00Z,2025-11-05T13:30:00Z,2025-11-05,2025-11-05_58,-100.0,100,0,0,155.97167999999994,171.0428571428571,0.04186438095238095,8.618285714285715,0.0,True,True,True,False,-2474.0,0.0,107.57888528457681,0.0,1382.305932510427,0.0,-984.1151822049961
2025-11-05T13:30:00Z,2025-11-05T13:45:00Z,2025-11-05,2025-11-05_59,0.0,100,0,0,171.0428571428571,160.851552795031,0.02830917874396136,9.376000000000001,0.0,True,True,True,False,0.0,0.0,107.57888528457681,0.0,2345.9686558537305,0.0,2453.547541138307
2025-11-05T13:45:00Z,2025-11-05T14:00:00Z,2025-11-05,2025-11-05_60,0.0,100,0,0,160.851552795031,143.99999999999994,0.046809868875086265,15.503428571428572,0.0,True,True,True,False,0.0,0.0,107.57888528457681,0.0,5177.270379463847,0.0,5284.8492647484245
2025-11-05T14:00:00Z,2025-11-05T14:15:00Z,2025-11-05,2025-11-05_61,0.0,0,0,100,143.99999999999994,143.99999999999994,0.0,0.0,0.0,True,True,True,False,0.0,1024.7714538484224,0.0,0.0,0.0,0.0,1024.7714538484224
2025-11-05T14:15:00Z,2025-11-05T14:30:00Z,2025-11-05,2025-11-05_62,0.0,0,0,100,143.99999999999994,143.99999999999994,0.0,0.0,0.0,True,True,True,False,0.0,1024.7714538484224,0.0,0.0,0.0,0.0,1024.7714538484224
2025-11-05T14:30:00Z,2025-11-05T14:45:00Z,2025-11-05,2025-11-05_63,0.0,0,0,100,143.99999999999994,143.99999999999994,0.0,0.0,0.0,True,True,True,False,0.0,1024.7714538484224,0.0,0.0,0.0,0.0,1024.7714538484224
2025-11-05T14:45:00Z,2025-11-05T15:00:00Z,2025-11-05,2025-11-05_64,0.0,0,0,100,143.99999999999994,143.99999999999994,0.0,0.0,0.0,True,True,True,False,0.0,1024.7714538484224,0.0,0.0,0.0,0.0,1024.7714538484224
2025-11-05T15:00:00Z,2025-11-05T15:15:00Z,2025-11-05,2025-11-05_65,66.58697277024886,33,100,0,143.99999999999994,125.75818653416142,0.05069317326768257,0.14765142857142857,0.01257142857142857,True,True,True,False,2915.677070177272,0.0,36.36714833382483,33.50044234739015,23.107180061507353,-0.9886113100504135,3007.663229609944
2025-11-05T15:15:00Z,2025-11-05T15:30:00Z,2025-11-05,2025-11-05_66,67.0,33,100,0,125.75818653416142,106.91998136645955,0.05234280483091787,0.5892857142857143,0.008571428571428572,True,True,True,False,3812.2999999999997,0.0,36.36714833382483,33.50044234739015,92.61418881914312,-0.6740531659434639,3974.1077263344146
2025-11-05T15:30:00Z,2025-11-05T15:45:00Z,2025-11-05,2025-11-05_67,67.0,33,100,0,106.91998136645955,85.8184782608695,0.058615286404416836,2.6633828571428575,0.0,True,True,True,False,3805.935,0.0,36.36714833382483,33.50044234739015,1908.5974871837216,0.0,5784.400077864936
2025-11-05T15:45:00Z,2025-11-05T16:00:00Z,2025-11-05,2025-11-05_68,67.0,33,100,0,85.8184782608695,64.34782608695646,0.05964070048309179,3.003,0.0,True,True,True,False,4576.77,0.0,36.36714833382483,33.50044234739015,820.5513742258921,0.0,5467.188964907107
2025-11-05T16:00:00Z,2025-11-05T16:15:00Z,2025-11-05,2025-11-05_69,0.0,0,0,100,64.34782608695646,64.34782608695646,0.0,0.0,0.0,True,True,True,False,0.0,1024.7714538484224,0.0,0.0,0.0,0.0,1024.7714538484224
2025-11-05T16:15:00Z,2025-11-05T16:30:00Z,2025-11-05,2025-11-05_70,0.0,0,0,100,64.34782608695646,64.34782608695646,0.0,0.0,0.0,True,True,True,False,0.0,1024.7714538484224,0.0,0.0,0.0,0.0,1024.7714538484224
2025-11-05T16:30:00Z,2025-11-05T16:45:00Z,2025-11-05,2025-11-05_71,0.0,0,0,100,64.34782608695646,64.34782608695646,0.0,0.0,0.0,True,True,True,False,0.0,1024.7714538484224,0.0,0.0,0.0,0.0,1024.7714538484224
2025-11-05T16:45:00Z,2025-11-05T17:00:00Z,2025-11-05,2025-11-05_72,0.0,0,0,100,64.34782608695646,64.34782608695646,0.0,0.0,0.0,True,True,True,False,0.0,1024.7714538484224,0.0,0.0,0.0,0.0,1024.7714538484224
2025-11-05T17:00:00Z,2025-11-05T17:15:00Z,2025-11-05,2025-11-05_73,0.0,0,0,100,64.34782608695646,64.34782608695646,0.0,0.0,0.0,True,True,True,False,0.0,1024.7714538484224,0.0,0.0,0.0,0.0,1024.7714538484224
2025-11-05T17:15:00Z,2025-11-05T17:30:00Z,2025-11-05,2025-11-05_74,0.0,0,0,100,64.34782608695646,64.34782608695646,0.0,0.0,0.0,True,True,True,False,0.0,1024.7714538484224,0.0,0.0,0.0,0.0,1024.7714538484224
2025-11-05T17:30:00Z,2025-11-05T17:45:00Z,2025-11-05,2025-11-05_75,0.0,0,0,100,64.34782608695646,64.34782608695646,0.0,0.0,0.0,True,True,True,False,0.0,1024.7714538484224,0.0,0.0,0.0,0.0,1024.7714538484224
2025-11-05T17:45:00Z,2025-11-05T18:00:00Z,2025-11-05,2025-11-05_76,0.0,0,0,100,64.34782608695646,64.34782608695646,0.0,0.0,0.0,True,True,True,False,0.0,1024.7714538484224,0.0,0.0,0.0,0.0,1024.7714538484224
2025-11-05T18:00:00Z,2025-11-05T18:15:00Z,2025-11-05,2025-11-05_77,0.0,0,0,100,64.34782608695646,64.34782608695646,0.0,0.0,0.0,True,True,True,False,0.0,1024.7714538484224,0.0,0.0,0.0,0.0,1024.7714538484224
2025-11-05T18:15:00Z,2025-11-05T18:30:00Z,2025-11-05,2025-11-05_78,0.0,0,0,100,64.34782608695646,64.34782608695646,0.0,0.0,0.0,True,True,True,False,0.0,1024.7714538484224,0.0,0.0,0.0,0.0,1024.7714538484224
2025-11-05T18:30:00Z,2025-11-05T18:45:00Z,2025-11-05,2025-11-05_79,0.0,0,0,100,64.34782608695646,64.34782608695646,0.0,0.0,0.0,True,True,True,False,0.0,1024.7714538484224,0.0,0.0,0.0,0.0,1024.7714538484224
2025-11-05T18:45:00Z,2025-11-05T19:00:00Z,2025-11-05,2025-11-05_80,0.0,0,0,100,64.34782608695646,64.34782608695646,0.0,0.0,0.0,True,True,True,False,0.0,1024.7714538484224,0.0,0.0,0.0,0.0,1024.7714538484224
2025-11-05T19:00:00Z,2025-11-05T19:15:00Z,2025-11-05,2025-11-05_81,0.0,0,0,100,64.34782608695646,64.34782608695646,0.0,0.0,0.0,True,True,True,False,0.0,1024.7714538484224,0.0,0.0,0.0,0.0,1024.7714538484224
2025-11-05T19:15:00Z,2025-11-05T19:30:00Z,2025-11-05,2025-11-05_82,0.0,0,0,100,64.34782608695646,64.34782608695646,0.0,0.0,0.0,True,True,True,False,0.0,1024.7714538484224,0.0,0.0,0.0,0.0,1024.7714538484224
2025-11-05T19:30:00Z,2025-11-05T19:45:00Z,2025-11-05,2025-11-05_83,0.0,0,0,100,64.34782608695646,64.34782608695646,0.0,0.0,0.0,True,True,True,False,0.0,1024.7714538484224,0.0,0.0,0.0,0.0,1024.7714538484224
2025-11-05T19:45:00Z,2025-11-05T20:00:00Z,2025-11-05,2025-11-05_84,0.0,0,0,100,64.34782608695646,64.34782608695646,0.0,0.0,0.0,True,True,True,False,0.0,1024.7714538484224,0.0,0.0,0.0,0.0,1024.7714538484224
2025-11-05T20:00:00Z,2025-11-05T20:15:00Z,2025-11-05,2025-11-05_85,0.0,0,0,100,64.34782608695646,64.34782608695646,0.0,0.0,0.0,True,True,True,False,0.0,1024.7714538484224,0.0,0.0,0.0,0.0,1024.7714538484224
2025-11-05T20:15:00Z,2025-11-05T20:30:00Z,2025-11-05,2025-11-05_86,0.0,0,0,100,64.34782608695646,64.34782608695646,0.0,0.0,0.0,True,True,True,False,0.0,1024.7714538484224,0.0,0.0,0.0,0.0,1024.7714538484224
2025-11-05T20:30:00Z,2025-11-05T20:45:00Z,2025-11-05,2025-11-05_87,0.0,0,0,100,64.34782608695646,64.34782608695646,0.0,0.0,0.0,True,True,True,False,0.0,1024.7714538484224,0.0,0.0,0.0,0.0,1024.7714538484224
2025-11-05T20:45:00Z,2025-11-05T21:00:00Z,2025-11-05,2025-11-05_88,0.0,0,0,100,64.34782608695646,64.34782608695646,0.0,0.0,0.0,True,True,True,False,0.0,1024.7714538484224,0.0,0.0,0.0,0.0,1024.7714538484224
2025-11-05T21:00:00Z,2025-11-05T21:15:00Z,2025-11-05,2025-11-05_89,0.0,0,0,100,64.34782608695646,64.34782608695646,0.0,0.0,0.0,True,True,True,False,0.0,1024.7714538484224,0.0,0.0,0.0,0.0,1024.7714538484224
2025-11-05T21:15:00Z,2025-11-05T21:30:00Z,2025-11-05,2025-11-05_90,0.0,0,0,100,64.34782608695646,64.34782608695646,0.0,0.0,0.0,True,True,True,False,0.0,1024.7714538484224,0.0,0.0,0.0,0.0,1024.7714538484224
2025-11-05T21:30:00Z,2025-11-05T21:45:00Z,2025-11-05,2025-11-05_91,0.0,0,0,100,64.34782608695646,64.34782608695646,0.0,0.0,0.0,True,True,True,False,0.0,1024.7714538484224,0.0,0.0,0.0,0.0,1024.7714538484224
2025-11-05T21:45:00Z,2025-11-05T22:00:00Z,2025-11-05,2025-11-05_92,0.0,0,0,100,64.34782608695646,64.34782608695646,0.0,0.0,0.0,True,True,True,False,0.0,1024.7714538484224,0.0,0.0,0.0,0.0,1024.7714538484224
2025-11-05T22:00:00Z,2025-11-05T22:15:00Z,2025-11-06,2025-11-05_93,-2.4714529939481744e-13,0,0,100,64.34782608695646,64.34782608695652,1.5789838572446671e-16,0.0,0.0,True,True,True,False,-8.679742914745988e-12,1025.053587933374,0.0,0.0,0.0,0.0,1025.0535879333654
2025-11-05T22:15:00Z,2025-11-05T22:30:00Z,2025-11-06,2025-11-05_94,0.0,0,0,100,64.34782608695652,64.34782608695652,0.0,0.0,0.0,True,True,True,False,0.0,1025.053587933374,0.0,0.0,0.0,0.0,1025.053587933374
2025-11-05T22:30:00Z,2025-11-05T22:45:00Z,2025-11-06,2025-11-05_95,0.0,0,0,100,64.34782608695652,64.34782608695652,0.0,0.0,0.0,True,True,True,False,0.0,1025.053587933374,0.0,0.0,0.0,0.0,1025.053587933374
2025-11-05T22:45:00Z,2025-11-05T23:00:00Z,2025-11-06,2025-11-05_96,0.0,0,0,100,64.34782608695652,64.34782608695652,0.0,0.0,0.0,True,True,True,False,0.0,1025.053587933374,0.0,0.0,0.0,0.0,1025.053587933374
2025-11-05T23:00:00Z,2025-11-05T23:15:00Z,2025-11-06,2025-11-06_1,0.0,0,0,100,64.34782608695652,64.34782608695652,0.0,0.0,0.0,True,True,True,False,0.0,1025.053587933374,0.0,0.0,0.0,0.0,1025.053587933374
2025-11-05T23:15:00Z,2025-11-05T23:30:00Z,2025-11-06,2025-11-06_2,0.0,0,0,100,64.34782608695652,64.34782608695652,0.0,0.0,0.0,True,True,True,False,0.0,1025.053587933374,0.0,0.0,0.0,0.0,1025.053587933374
2025-11-05T23:30:00Z,2025-11-05T23:45:00Z,2025-11-06,2025-11-06_3,0.0,0,0,100,64.34782608695652,64.34782608695652,0.0,0.0,0.0,True,True,True,False,0.0,1025.053587933374,0.0,0.0,0.0,0.0,1025.053587933374
2025-11-05T23:45:00Z,2025-11-06T00:00:00Z,2025-11-06,2025-11-06_4,0.0,0,0,100,64.34782608695652,64.34782608695652,0.0,0.0,0.0,True,True,True,False,0.0,1025.053587933374,0.0,0.0,0.0,0.0,1025.053587933374
2025-11-06T00:00:00Z,2025-11-06T00:15:00Z,2025-11-06,2025-11-06_5,0.0,0,0,100,64.34782608695652,64.34782608695652,0.0,0.0,0.0,True,True,True,False,0.0,1025.053587933374,0.0,0.0,0.0,0.0,1025.053587933374
2025-11-06T00:15:00Z,2025-11-06T00:30:00Z,2025-11-06,2025-11-06_6,0.0,0,0,100,64.34782608695652,64.34782608695652,0.0,0.0,0.0,True,True,True,False,0.0,1025.053587933374,0.0,0.0,0.0,0.0,1025.053587933374
2025-11-06T00:30:00Z,2025-11-06T00:45:00Z,2025-11-06,2025-11-06_7,0.0,0,0,100,64.34782608695652,64.34782608695652,0.0,0.0,0.0,True,True,True,False,0.0,1025.053587933374,0.0,0.0,0.0,0.0,1025.053587933374
2025-11-06T00:45:00Z,2025-11-06T01:00:00Z,2025-11-06,2025-11-06_8,0.0,0,0,100,64.34782608695652,64.34782608695652,0.0,0.0,0.0,True,True,True,False,0.0,1025.053587933374,0.0,0.0,0.0,0.0,1025.053587933374
2025-11-06T01:00:00Z,2025-11-06T01:15:00Z,2025-11-06,2025-11-06_9,0.0,100,100,0,64.34782608695652,75.86359751552794,0.03198825396825397,0.0,12.517142857142858,True,True,True,False,0.0,0.0,108.34595189868439,34.95506479715247,0.0,-521.8942849838605,-378.5932682880237
2025-11-06T01:15:00Z,2025-11-06T01:30:00Z,2025-11-06,2025-11-06_10,0.0,100,100,0,75.86359751552794,88.30988322981366,0.034573015873015873,0.0,13.528571428571428,True,True,True,False,0.0,0.0,108.34595189868439,34.95506479715247,0.0,-561.5164584486329,-418.21544175279604
2025-11-06T01:30:00Z,2025-11-06T01:45:00Z,2025-11-06,2025-11-06_11,0.0,100,100,0,88.30988322981366,98.1922603726708,0.027451047619047615,0.0,10.741714285714284,True,True,True,False,0.0,0.0,108.34595189868439,34.95506479715247,0.0,-473.7858361543669,-330.48481945853007
2025-11-06T01:45:00Z,2025-11-06T02:00:00Z,2025-11-06,2025-11-06_12,0.0,100,100,0,98.1922603726708,113.09520894409937,0.041397079365079366,0.0,16.198857142857143,True,True,True,False,0.0,0.0,108.34595189868439,34.95506479715247,0.0,-627.5986000556247,-484.2975833597879
2025-11-06T02:00:00Z,2025-11-06T02:15:00Z,2025-11-06,2025-11-06_13,0.0,0,0,100,113.09520894409937,113.09520894409937,0.0,0.0,0.0,True,True,True,False,0.0,1025.053587933374,0.0,0.0,0.0,0.0,1025.053587933374
2025-11-06T02:15:00Z,2025-11-06T02:30:00Z,2025-11-06,2025-11-06_14,0.0,0,0,100,113.09520894409937,113.09520894409937,0.0,0.0,0.0,True,True,True,False,0.0,1025.053587933374,0.0,0.0,0.0,0.0,1025.053587933374
2025-11-06T02:30:00Z,2025-11-06T02:45:00Z,2025-11-06,2025-11-06_15,0.0,0,0,100,113.09520894409937,113.09520894409937,0.0,0.0,0.0,True,True,True,False,0.0,1025.053587933374,0.0,0.0,0.0,0.0,1025.053587933374
2025-11-06T02:45:00Z,2025-11-06T03:00:00Z,2025-11-06,2025-11-06_16,0.0,0,0,100,113.09520894409937,113.09520894409937,0.0,0.0,0.0,True,True,True,False,0.0,1025.053587933374,0.0,0.0,0.0,0.0,1025.053587933374
2025-11-06T03:00:00Z,2025-11-06T03:15:00Z,2025-11-06,2025-11-06_17,0.0,0,0,100,113.09520894409937,113.09520894409937,0.0,0.0,0.0,True,True,True,False,0.0,1025.053587933374,0.0,0.0,0.0,0.0,1025.053587933374
2025-11-06T03:15:00Z,2025-11-06T03:30:00Z,2025-11-06,2025-11-06_18,0.0,0,0,100,113.09520894409937,113.09520894409937,0.0,0.0,0.0,True,True,True,False,0.0,1025.053587933374,0.0,0.0,0.0,0.0,1025.053587933374
2025-11-06T03:30:00Z,2025-11-06T03:45:00Z,2025-11-06,2025-11-06_19,0.0,0,0,100,113.09520894409937,113.09520894409937,0.0,0.0,0.0,True,True,True,False,0.0,1025.053587933374,0.0,0.0,0.0,0.0,1025.053587933374
2025-11-06T03:45:00Z,2025-11-06T04:00:00Z,2025-11-06,2025-11-06_20,0.0,0,0,100,113.09520894409937,113.09520894409937,0.0,0.0,0.0,True,True,True,False,0.0,1025.053587933374,0.0,0.0,0.0,0.0,1025.053587933374
2025-11-06T04:00:00Z,2025-11-06T04:15:00Z,2025-11-06,2025-11-06_21,0.0,100,100,0,113.09520894409937,126.17077465838508,0.03632101587301587,0.0,14.212571428571428,True,True,True,False,0.0,0.0,109.43737586281489,33.50966549330396,0.0,2194.6964982849054,2337.6435396410243
2025-11-06T04:15:00Z,2025-11-06T04:30:00Z,2025-11-06,2025-11-06_22,0.0,100,100,0,126.17077465838508,129.96748322981367,0.010546412698412699,0.0,4.126857142857143,True,True,True,False,0.0,0.0,109.43737586281489,33.50966549330396,0.0,-251.54748826403195,-108.6004469079131
2025-11-06T04:30:00Z,2025-11-06T04:45:00Z,2025-11-06,2025-11-06_23,0.0,100,100,0,129.96748322981367,127.92389763975154,0.007277134575569359,2.1451428571428575,0.31314285714285717,True,True,True,False,0.0,0.0,109.43737586281489,33.50966549330396,305.71333571189786,-22.429701565076684,426.23067550294
2025-11-06T04:45:00Z,2025-11-06T05:00:00Z,2025-11-06,2025-11-06_24,0.0,100,100,0,127.92389763975154,129.84590906832298,0.005338920634920635,0.0,2.089142857142857,True,True,True,False,0.0,0.0,109.43737586281489,33.50966549330396,0.0,-132.53286301435284,10.41417834176601
2025-11-06T05:00:00Z,2025-11-06T05:15:00Z,2025-11-06,2025-11-06_25,0.0,0,0,100,129.84590906832298,129.84590906832298,0.0,0.0,0.0,True,True,True,False,0.0,1025.053587933374,0.0,0.0,0.0,0.0,1025.053587933374
2025-11-06T05:15:00Z,2025-11-06T05:30:00Z,2025-11-06,2025-11-06_26,0.0,0,0,100,129.84590906832298,129.84590906832298,0.0,0.0,0.0,True,True,True,False,0.0,1025.053587933374,0.0,0.0,0.0,0.0,1025.053587933374
2025-11-06T05:30:00Z,2025-11-06T05:45:00Z,2025-11-06,2025-11-06_27,0.0,0,0,100,129.84590906832298,129.84590906832298,0.0,0.0,0.0,True,True,True,False,0.0,1025.053587933374,0.0,0.0,0.0,0.0,1025.053587933374
2025-11-06T05:45:00Z,2025-11-06T06:00:00Z,2025-11-06,2025-11-06_28,0.0,0,0,100,129.84590906832298,129.84590906832298,0.0,0.0,0.0,True,True,True,False,0.0,1025.053587933374,0.0,0.0,0.0,0.0,1025.053587933374
2025-11-06T06:00:00Z,2025-11-06T06:15:00Z,2025-11-06,2025-11-06_29,0.0,0,0,100,129.84590906832298,129.84590906832298,0.0,0.0,0.0,True,True,True,False,0.0,1025.053587933374,0.0,0.0,0.0,0.0,1025.053587933374
2025-11-06T06:15:00Z,2025-11-06T06:30:00Z,2025-11-06,2025-11-06_30,0.0,0,0,100,129.84590906832298,129.84590906832298,0.0,0.0,0.0,True,True,True,False,0.0,1025.053587933374,0.0,0.0,0.0,0.0,1025.053587933374
2025-11-06T06:30:00Z,2025-11-06T06:45:00Z,2025-11-06,2025-11-06_31,0.0,0,0,100,129.84590906832298,129.84590906832298,0.0,0.0,0.0,True,True,True,False,0.0,1025.053587933374,0.0,0.0,0.0,0.0,1025.053587933374
2025-11-06T06:45:00Z,2025-11-06T07:00:00Z,2025-11-06,2025-11-06_32,0.0,0,0,100,129.84590906832298,129.84590906832298,0.0,0.0,0.0,True,True,True,False,0.0,1025.053587933374,0.0,0.0,0.0,0.0,1025.053587933374
2025-11-06T07:00:00Z,2025-11-06T07:15:00Z,2025-11-06,2025-11-06_33,0.0,100,45,0,129.84590906832298,117.28317614906832,0.034896480331262934,11.557714285714285,0.0,True,True,True,False,0.0,0.0,110.2338203771804,15.079349471986784,11078.86839365429,0.0,11204.181563503456
2025-11-06T07:15:00Z,2025-11-06T07:30:00Z,2025-11-06,2025-11-06_34,0.0,100,45,0,117.28317614906832,111.47572273291925,0.01613181504485852,5.3428571428571425,0.0,True,True,True,False,0.0,0.0,110.2338203771804,15.079349471986784,992.88086482356,0.0,1118.1940346727272
2025-11-06T07:30:00Z,2025-11-06T07:45:00Z,2025-11-06,2025-11-06_35,-53.89406664361812,100,45,0,111.47572273291925,124.74384799999999,0.03688294978837329,0.009714285714285715,0.9588857142857143,True,True,True,False,-1466.592288539458,0.0,110.2338203771804,15.079349471986784,1.5091710515595989,-49.27161389718421,-1389.0415615359154
2025-11-06T07:45:00Z,2025-11-06T08:00:00Z,2025-11-06,2025-11-06_36,-55.0,100,45,0,124.74384799999999,139.68788114285712,0.041511203174603176,0.0,2.493514285714286,True,True,True,False,-1268.4375,0.0,110.2338203771804,15.079349471986784,0.0,-100.86250820183338,-1243.9868383526662
2025-11-06T08:00:00Z,2025-11-06T08:15:00Z,2025-11-06,2025-11-06_37,0.0,0,0,100,139.68788114285712,139.68788114285712,0.0,0.0,0.0,True,True,True,False,0.0,1025.053587933374,0.0,0.0,0.0,0.0,1025.053587933374
2025-11-06T08:15:00Z,2025-11-06T08:30:00Z,2025-11-06,2025-11-06_38,0.0,0,0,100,139.68788114285712,139.68788114285712,0.0,0.0,0.0,True,True,True,False,0.0,1025.053587933374,0.0,0.0,0.0,0.0,1025.053587933374
2025-11-06T08:30:00Z,2025-11-06T08:45:00Z,2025-11-06,2025-11-06_39,0.0,0,0,100,139.68788114285712,139.68788114285712,0.0,0.0,0.0,True,True,True,False,0.0,1025.053587933374,0.0,0.0,0.0,0.0,1025.053587933374
2025-11-06T08:45:00Z,2025-11-06T09:00:00Z,2025-11-06,2025-11-06_40,0.0,0,0,100,139.68788114285712,139.68788114285712,0.0,0.0,0.0,True,True,True,False,0.0,1025.053587933374,0.0,0.0,0.0,0.0,1025.053587933374
2025-11-06T09:00:00Z,2025-11-06T09:15:00Z,2025-11-06,2025-11-06_41,0.0,0,0,100,139.68788114285712,139.68788114285712,0.0,0.0,0.0,True,True,True,False,0.0,1025.053587933374,0.0,0.0,0.0,0.0,1025.053587933374
2025-11-06T09:15:00Z,2025-11-06T09:30:00Z,2025-11-06,2025-11-06_42,0.0,0,0,100,139.68788114285712,139.68788114285712,0.0,0.0,0.0,True,True,True,False,0.0,1025.053587933374,0.0,0.0,0.0,0.0,1025.053587933374
2025-11-06T09:30:00Z,2025-11-06T09:45:00Z,2025-11-06,2025-11-06_43,0.0,0,0,100,139.68788114285712,139.68788114285712,0.0,0.0,0.0,True,True,True,False,0.0,1025.053587933374,0.0,0.0,0.0,0.0,1025.053587933374
2025-11-06T09:45:00Z,2025-11-06T10:00:00Z,2025-11-06,2025-11-06_44,0.0,0,0,100,139.68788114285712,139.68788114285712,0.0,0.0,0.0,True,True,True,False,0.0,1025.053587933374,0.0,0.0,0.0,0.0,1025.053587933374
2025-11-06T10:00:00Z,2025-11-06T10:15:00Z,2025-11-06,2025-11-06_45,0.0,0,0,100,139.68788114285712,139.68788114285712,0.0,0.0,0.0,True,True,True,False,0.0,1025.053587933374,0.0,0.0,0.0,0.0,1025.053587933374
2025-11-06T10:15:00Z,2025-11-06T10:30:00Z,2025-11-06,2025-11-06_46,0.0,0,0,100,139.68788114285712,139.68788114285712,0.0,0.0,0.0,True,True,True,False,0.0,1025.053587933374,0.0,0.0,0.0,0.0,1025.053587933374
2025-11-06T10:30:00Z,2025-11-06T10:45:00Z,2025-11-06,2025-11-06_47,0.0,0,0,100,139.68788114285712,139.68788114285712,0.0,0.0,0.0,True,True,True,False,0.0,1025.053587933374,0.0,0.0,0.0,0.0,1025.053587933374
2025-11-06T10:45:00Z,2025-11-06T11:00:00Z,2025-11-06,2025-11-06_48,0.0,0,0,100,139.68788114285712,139.68788114285712,0.0,0.0,0.0,True,True,True,False,0.0,1025.053587933374,0.0,0.0,0.0,0.0,1025.053587933374
2025-11-06T11:00:00Z,2025-11-06T11:15:00Z,2025-11-06,2025-11-06_49,-10.0,10,0,90,139.68788114285712,141.86018514285712,0.006034177777777777,0.13879999999999998,0.0,True,True,True,False,-259.875,922.5482291400367,10.760850327427189,0.0,19.54546710979135,0.0,692.9795465772553
2025-11-06T11:15:00Z,2025-11-06T11:30:00Z,2025-11-06,2025-11-06_50,-10.0,10,0,90,141.86018514285712,144.00057828571425,0.005945536507936508,0.1734857142857143,0.0,True,True,True,False,-231.225,922.5482291400367,10.760850327427189,0.0,23.9486774863256,0.0,726.0327569537895
2025-11-06T11:30:00Z,2025-11-06T11:45:00Z,2025-11-06,2025-11-06_51,-10.0,10,0,90,144.00057828571425,146.29999999999995,0.00638728253968254,0.0006285714285714284,0.0,True,True,True,False,-242.85,922.5482291400367,10.760850327427189,0.0,0.03708313082759996,0.0,690.4961625982914
2025-11-06T11:45:00Z,2025-11-06T12:00:00Z,2025-11-06,2025-11-06_52,-10.0,10,0,90,146.29999999999995,148.59999999999997,0.006388888888888888,0.0,0.0,True,True,True,False,-236.875,922.5482291400367,10.760850327427189,0.0,0.0,0.0,696.4340794674639
2025-11-06T12:00:00Z,2025-11-06T12:15:00Z,2025-11-06,2025-11-06_53,0.0,100,100,0,148.59999999999997,167.80539428571424,0.053348317460317464,0.0,20.87542857142857,True,True,True,False,0.0,0.0,107.6085032742719,34.39460384259897,0.0,14957.687318861548,15099.690425978419
2025-11-06T12:15:00Z,2025-11-06T12:30:00Z,2025-11-06,2025-11-06_54,0.0,100,100,0,167.80539428571424,154.66532372670804,0.0367951801242236,12.137714285714285,0.057714285714285725,True,True,True,False,0.0,0.0,107.6085032742719,34.39460384259897,2244.1154064114485,-3.4049056487159977,2382.7136078796034
2025-11-06T12:30:00Z,2025-11-06T12:45:00Z,2025-11-06,2025-11-06_55,0.0,100,100,0,154.66532372670804,154.95948819875773,0.0027080828157349896,0.31314285714285717,0.6897142857142857,True,True,True,False,0.0,0.0,107.6085032742719,34.39460384259897,29.250724104315974,-41.049874788246896,130.20395643293995
2025-11-06T12:45:00Z,2025-11-06T13:00:00Z,2025-11-06,2025-11-06_56,0.0,100,100,0,154.95948819875773,160.48895105590057,0.015359619047619049,0.0,6.010285714285715,True,True,True,False,0.0,0.0,107.6085032742719,34.39460384259897,0.0,-245.46186039324976,-103.4587532763789
2025-11-06T13:00:00Z,2025-11-06T13:15:00Z,2025-11-06,2025-11-06_57,0.0,0,100,0,160.48895105590057,170.7971567701863,0.028633904761904763,0.0,11.204571428571429,True,True,True,False,0.0,0.0,0.0,33.50966549330396,0.0,4650.193501799375,4683.703167292679
2025-11-06T13:15:00Z,2025-11-06T13:30:00Z,2025-11-06,2025-11-06_58,0.0,0,100,0,170.7971567701863,170.94751105590058,0.00041765079365079367,0.0,0.16342857142857142,True,True,True,False,0.0,0.0,0.0,33.50966549330396,0.0,-10.327100632941619,23.182564860362344
2025-11-06T13:30:00Z,2025-11-06T13:45:00Z,2025-11-06,2025-11-06_59,0.0,0,100,0,170.94751105590058,171.00954534161485,0.00017231746031746035,0.0,0.06742857142857143,True,True,True,False,0.0,0.0,0.0,33.50966549330396,0.0,-4.461217281862697,29.048448211441265
2025-11-06T13:45:00Z,2025-11-06T14:00:00Z,2025-11-06,2025-11-06_60,100.0,0,100,0,171.00954534161485,143.86855155279497,0.07539164941338855,0.0,0.030285714285714284,True,True,True,False,5775.75,0.0,0.0,33.50966549330396,0.0,-2.2137498630452552,5807.045915630259
2025-11-06T14:00:00Z,2025-11-06T14:15:00Z,2025-11-06,2025-11-06_61,-100.0,0,0,0,143.86855155279497,166.86855155279497,0.06388888888888888,0.0,0.0,True,False,True,False,-2609.0,0.0,0.0,0.0,0.0,0.0,-2609.0
2025-11-06T14:15:00Z,2025-11-06T14:30:00Z,2025-11-06,2025-11-06_62,-100.0,0,0,0,166.86855155279497,189.86855155279497,0.06388888888888888,0.0,0.0,True,False,True,False,-3556.5,0.0,0.0,0.0,0.0,0.0,-3556.5
2025-11-06T14:30:00Z,2025-11-06T14:45:00Z,2025-11-06,2025-11-06_63,1.0459189070388675e-13,0,0,0,189.86855155279497,189.86855155279494,7.894919286223336e-17,0.0,0.0,True,False,True,False,4.596552116709063e-12,0.0,0.0,0.0,0.0,0.0,4.596552116709063e-12
2025-11-06T14:45:00Z,2025-11-06T15:00:00Z,2025-11-06,2025-11-06_64,100.0,0,0,0,189.86855155279494,162.6946385093167,0.0754830917874396,0.0,0.0,True,False,True,False,6915.75,0.0,0.0,0.0,0.0,0.0,6915.75
2025-11-06T15:00:00Z,2025-11-06T15:15:00Z,2025-11-06,2025-11-06_65,0.0,0,100,0,162.6946385093167,162.6946385093167,0.0,0.0,0.0,True,True,True,False,0.0,0.0,0.0,33.50966549330396,0.0,0.0,33.50966549330396
2025-11-06T15:15:00Z,2025-11-06T15:30:00Z,2025-11-06,2025-11-06_66,100.0,0,100,0,162.6946385093167,136.02879999999993,0.07407177363699102,0.0,0.4674285714285714,True,True,True,False,5644.75,0.0,0.0,33.50966549330396,0.0,-29.34961672336827,5648.910048769936
2025-11-06T15:30:00Z,2025-11-06T15:45:00Z,2025-11-06,2025-11-06_67,100.0,0,100,0,136.02879999999993,109.90333416149062,0.07257073844030366,0.0,0.9645714285714285,True,True,True,False,6475.749999999999,0.0,0.0,33.50966549330396,0.0,-59.719359810314174,6449.540305682989
2025-11-06T15:45:00Z,2025-11-06T16:00:00Z,2025-11-06,2025-11-06_68,99.99999999999997,0,100,0,109.90333416149062,82.85178136645958,0.07514320220841958,0.0,0.11257142857142857,True,True,True,False,7672.999999999998,0.0,0.0,33.50966549330396,0.0,-8.87713965450883,7697.632525838793
2025-11-06T16:00:00Z,2025-11-06T16:15:00Z,2025-11-06,2025-11-06_69,17.0,0,17,83,82.85178136645958,78.49397391304343,0.012105020703933747,0.0,0.24081714285714287,True,True,True,False,883.1500000000001,850.7944779847004,0.0,5.696643133861674,0.0,-17.241931562520197,1722.399189556042
2025-11-06T16:15:00Z,2025-11-06T16:30:00Z,2025-11-06,2025-11-06_70,17.0,0,17,83,78.49397391304343,73.88137763975152,0.012812767425810905,0.0,0.006411428571428571,True,True,True,False,1016.855,850.7944779847004,0.0,5.696643133861674,0.0,-0.5055914057034979,1872.8405297128586
2025-11-06T16:30:00Z,2025-11-06T16:45:00Z,2025-11-06,2025-11-06_71,17.0,0,17,83,73.88137763975152,69.26191801242233,0.012831832298136645,0.0,9.714285714285715e-05,True,True,True,False,1053.1925,850.7944779847004,0.0,5.696643133861674,0.0,-0.007660475843992393,1909.675960642718
2025-11-06T16:45:00Z,2025-11-06T17:00:00Z,2025-11-06,2025-11-06_72,17.0,0,17,83,69.26191801242233,64.64963850931673,0.012811887508626635,0.0,0.006702857142857143,True,True,True,False,1157.5725,850.7944779847004,0.0,5.696643133861674,0.0,-0.5285728332354751,2013.5350482853266
2025-11-06T17:00:00Z,2025-11-06T17:15:00Z,2025-11-06,2025-11-06_73,0.0,0,0,100,64.64963850931673,64.64963850931673,0.0,0.0,0.0,True,True,True,False,0.0,1025.053587933374,0.0,0.0,0.0,0.0,1025.053587933374
2025-11-06T17:15:00Z,2025-11-06T17:30:00Z,2025-11-06,2025-11-06_74,0.0,0,0,100,64.64963850931673,64.64963850931673,0.0,0.0,0.0,True,True,True,False,0.0,1025.053587933374,0.0,0.0,0.0,0.0,1025.053587933374
2025-11-06T17:30:00Z,2025-11-06T17:45:00Z,2025-11-06,2025-11-06_75,0.0,0,0,100,64.64963850931673,64.64963850931673,0.0,0.0,0.0,True,True,True,False,0.0,1025.053587933374,0.0,0.0,0.0,0.0,1025.053587933374
2025-11-06T17:45:00Z,2025-11-06T18:00:00Z,2025-11-06,2025-11-06_76,0.0,0,0,100,64.64963850931673,64.64963850931673,0.0,0.0,0.0,True,True,True,False,0.0,1025.053587933374,0.0,0.0,0.0,0.0,1025.053587933374
2025-11-06T18:00:00Z,2025-11-06T18:15:00Z,2025-11-06,2025-11-06_77,3.689325327373324,0,11,89,64.64963850931673,63.65250310559003,0.002788610160240688,0.0,0.005531428571428571,True,True,True,False,185.62840384678879,912.2976932607029,0.0,3.686063204263436,0.0,-0.4361965068814491,1101.1759638048736
2025-11-06T18:15:00Z,2025-11-06T18:30:00Z,2025-11-06,2025-11-06_78,11.0,0,11,89,63.65250310559003,60.6805217391304,0.008255503795721186,0.0,0.015777142857142858,True,True,True,False,601.8375,912.2976932607029,0.0,3.686063204263436,0.0,-1.244151400309588,1516.5771050646567
2025-11-06T18:30:00Z,2025-11-06T18:45:00Z,2025-11-06,2025-11-06_79,11.000000000000014,0,11,89,60.6805217391304,58.36956521739126,0.006419323671497595,0.0,0.62392,True,True,True,False,582.1750000000008,912.2976932607029,0.0,3.686063204263436,0.0,-30.923860895557613,1467.2348955694094
2025-11-06T18:45:00Z,2025-11-06T19:00:00Z,2025-11-06,2025-11-06_80,1.6610135821767533,0,11,89,58.36956521739126,58.369565217391255,0.0020721402359018385,0.0,0.47752571428571433,True,True,True,False,70.90866982312559,912.2976932607029,0.0,3.686063204263436,0.0,-29.82434548555023,957.0680808025417
2025-11-06T19:00:00Z,2025-11-06T19:15:00Z,2025-11-06,2025-11-06_81,100.0,0,100,0,58.369565217391255,45.85900621118007,0.03475155279503105,0.0,13.490285714285715,True,True,True,False,4533.0,0.0,0.0,33.50966549330396,0.0,-624.6821237396653,3941.827541753639
2025-11-06T19:15:00Z,2025-11-06T19:30:00Z,2025-11-06,2025-11-06_82,100.0,0,100,0,45.85900621118007,38.29006211180119,0.02102484472049689,0.0,18.03657142857143,True,True,True,False,3899.25,0.0,0.0,33.50966549330396,0.0,-703.192542020525,3229.567123472779
2025-11-06T19:30:00Z,2025-11-06T19:45:00Z,2025-11-06,2025-11-06_83,0.5848781036201983,0,100,0,38.29006211180119,52.37100322981361,0.03945060542807551,0.0,15.461714285714287,True,True,True,False,20.074478711504256,0.0,0.0,33.50966549330396,0.0,-666.7866186084274,-613.2024744036191
2025-11-06T19:45:00Z,2025-11-06T20:00:00Z,2025-11-06,2025-11-06_84,0.0,0,100,0,52.37100322981361,64.34782608695647,0.033268952380952385,0.0,13.018285714285716,True,True,True,False,0.0,0.0,0.0,33.50966549330396,0.0,-557.327836564529,-523.818171071225
2025-11-06T20:00:00Z,2025-11-06T20:15:00Z,2025-11-06,2025-11-06_85,0.0,0,0,100,64.34782608695647,64.34782608695647,0.0,0.0,0.0,True,True,True,False,0.0,1025.053587933374,0.0,0.0,0.0,0.0,1025.053587933374
2025-11-06T20:15:00Z,2025-11-06T20:30:00Z,2025-11-06,2025-11-06_86,0.0,0,0,100,64.34782608695647,64.34782608695647,0.0,0.0,0.0,True,True,True,False,0.0,1025.053587933374,0.0,0.0,0.0,0.0,1025.053587933374
2025-11-06T20:30:00Z,2025-11-06T20:45:00Z,2025-11-06,2025-11-06_87,0.0,0,0,100,64.34782608695647,64.34782608695647,0.0,0.0,0.0,True,True,True,False,0.0,1025.053587933374,0.0,0.0,0.0,0.0,1025.053587933374
2025-11-06T20:45:00Z,2025-11-06T21:00:00Z,2025-11-06,2025-11-06_88,0.0,0,0,100,64.34782608695647,64.34782608695647,0.0,0.0,0.0,True,True,True,False,0.0,1025.053587933374,0.0,0.0,0.0,0.0,1025.053587933374
2025-11-06T21:00:00Z,2025-11-06T21:15:00Z,2025-11-06,2025-11-06_89,0.0,0,0,100,64.34782608695647,64.34782608695647,0.0,0.0,0.0,True,False,True,False,0.0,1025.053587933374,0.0,0.0,0.0,0.0,1025.053587933374
2025-11-06T21:15:00Z,2025-11-06T21:30:00Z,2025-11-06,2025-11-06_90,0.0,0,0,100,64.34782608695647,64.34782608695647,0.0,0.0,0.0,True,False,True,False,0.0,1025.053587933374,0.0,0.0,0.0,0.0,1025.053587933374
2025-11-06T21:30:00Z,2025-11-06T21:45:00Z,2025-11-06,2025-11-06_91,0.0,0,0,100,64.34782608695647,64.34782608695647,0.0,0.0,0.0,True,False,True,False,0.0,1025.053587933374,0.0,0.0,0.0,0.0,1025.053587933374
2025-11-06T21:45:00Z,2025-11-06T22:00:00Z,2025-11-06,2025-11-06_92,0.0,0,0,100,64.34782608695647,64.34782608695647,0.0,0.0,0.0,True,False,True,False,0.0,1025.053587933374,0.0,0.0,0.0,0.0,1025.053587933374
2025-11-06T22:00:00Z,2025-11-06T22:15:00Z,2025-11-07,2025-11-06_93,0.0,100,100,0,64.34782608695647,77.23518608695647,0.035798222222222224,0.0,14.008000000000001,True,True,True,False,0.0,0.0,110.01081718949747,34.48716687973252,0.0,-117.85509371619628,26.642890353033714
2025-11-06T22:15:00Z,2025-11-06T22:30:00Z,2025-11-07,2025-11-06_94,0.0,100,100,0,77.23518608695647,90.01109465838505,0.03548863492063492,0.0,13.886857142857142,True,True,True,False,0.0,0.0,110.01081718949747,34.48716687973252,0.0,-390.2877370158605,-245.7897529466305
2025-11-06T22:30:00Z,2025-11-06T22:45:00Z,2025-11-07,2025-11-06_95,0.0,100,100,0,90.01109465838505,97.50778037267077,0.020824126984126987,0.0,8.14857142857143,True,True,True,False,0.0,0.0,110.01081718949747,34.48716687973252,0.0,41.08662124383631,185.5846053130663
2025-11-06T22:45:00Z,2025-11-06T23:00:00Z,2025-11-07,2025-11-06_96,0.0,100,100,0,97.50778037267077,110.62487751552791,0.03643638095238095,0.0,14.257714285714284,True,True,True,False,0.0,0.0,110.01081718949747,34.48716687973252,0.0,296.3905254906368,440.88850955986675
2025-11-06T23:00:00Z,2025-11-06T23:15:00Z,2025-11-07,2025-11-07_1,0.0,0,0,100,110.62487751552791,110.62487751552791,0.0,0.0,0.0,True,True,True,False,0.0,1025.174550103255,0.0,0.0,0.0,0.0,1025.174550103255
2025-11-06T23:15:00Z,2025-11-06T23:30:00Z,2025-11-07,2025-11-07_2,0.0,0,0,100,110.62487751552791,110.62487751552791,0.0,0.0,0.0,True,True,True,False,0.0,1025.174550103255,0.0,0.0,0.0,0.0,1025.174550103255
2025-11-06T23:30:00Z,2025-11-06T23:45:00Z,2025-11-07,2025-11-07_3,0.0,0,0,100,110.62487751552791,110.62487751552791,0.0,0.0,0.0,True,True,True,False,0.0,1025.174550103255,0.0,0.0,0.0,0.0,1025.174550103255
2025-11-06T23:45:00Z,2025-11-07T00:00:00Z,2025-11-07,2025-11-07_4,0.0,0,0,100,110.62487751552791,110.62487751552791,0.0,0.0,0.0,True,True,True,False,0.0,1025.174550103255,0.0,0.0,0.0,0.0,1025.174550103255
2025-11-07T00:00:00Z,2025-11-07T00:15:00Z,2025-11-07,2025-11-07_5,0.0,0,0,100,110.62487751552791,110.62487751552791,0.0,0.0,0.0,True,True,True,False,0.0,1025.174550103255,0.0,0.0,0.0,0.0,1025.174550103255
2025-11-07T00:15:00Z,2025-11-07T00:30:00Z,2025-11-07,2025-11-07_6,0.0,0,0,100,110.62487751552791,110.62487751552791,0.0,0.0,0.0,True,True,True,False,0.0,1025.174550103255,0.0,0.0,0.0,0.0,1025.174550103255
2025-11-07T00:30:00Z,2025-11-07T00:45:00Z,2025-11-07,2025-11-07_7,0.0,0,0,100,110.62487751552791,110.62487751552791,0.0,0.0,0.0,True,True,True,False,0.0,1025.174550103255,0.0,0.0,0.0,0.0,1025.174550103255
2025-11-07T00:45:00Z,2025-11-07T01:00:00Z,2025-11-07,2025-11-07_8,0.0,0,0,100,110.62487751552791,110.62487751552791,0.0,0.0,0.0,True,True,True,False,0.0,1025.174550103255,0.0,0.0,0.0,0.0,1025.174550103255
2025-11-07T01:00:00Z,2025-11-07T01:15:00Z,2025-11-07,2025-11-07_9,0.0,0,0,100,110.62487751552791,110.62487751552791,0.0,0.0,0.0,True,False,True,False,0.0,1025.174550103255,0.0,0.0,0.0,0.0,1025.174550103255
2025-11-07T01:15:00Z,2025-11-07T01:30:00Z,2025-11-07,2025-11-07_10,0.0,0,0,100,110.62487751552791,110.62487751552791,0.0,0.0,0.0,True,False,True,False,0.0,1025.174550103255,0.0,0.0,0.0,0.0,1025.174550103255
2025-11-07T01:30:00Z,2025-11-07T01:45:00Z,2025-11-07,2025-11-07_11,0.0,0,0,100,110.62487751552791,110.62487751552791,0.0,0.0,0.0,True,False,True,False,0.0,1025.174550103255,0.0,0.0,0.0,0.0,1025.174550103255
2025-11-07T01:45:00Z,2025-11-07T02:00:00Z,2025-11-07,2025-11-07_12,0.0,0,0,100,110.62487751552791,110.62487751552791,0.0,0.0,0.0,True,False,True,False,0.0,1025.174550103255,0.0,0.0,0.0,0.0,1025.174550103255
2025-11-07T02:00:00Z,2025-11-07T02:15:00Z,2025-11-07,2025-11-07_13,0.0,0,0,100,110.62487751552791,110.62487751552791,0.0,0.0,0.0,True,False,True,False,0.0,1025.174550103255,0.0,0.0,0.0,0.0,1025.174550103255
2025-11-07T02:15:00Z,2025-11-07T02:30:00Z,2025-11-07,2025-11-07_14,0.0,0,0,100,110.62487751552791,110.62487751552791,0.0,0.0,0.0,True,False,True,False,0.0,1025.174550103255,0.0,0.0,0.0,0.0,1025.174550103255
2025-11-07T02:30:00Z,2025-11-07T02:45:00Z,2025-11-07,2025-11-07_15,0.0,0,0,100,110.62487751552791,110.62487751552791,0.0,0.0,0.0,True,False,True,False,0.0,1025.174550103255,0.0,0.0,0.0,0.0,1025.174550103255
2025-11-07T02:45:00Z,2025-11-07T03:00:00Z,2025-11-07,2025-11-07_16,0.0,0,0,100,110.62487751552791,110.62487751552791,0.0,0.0,0.0,True,False,True,False,0.0,1025.174550103255,0.0,0.0,0.0,0.0,1025.174550103255
2025-11-07T03:00:00Z,2025-11-07T03:15:00Z,2025-11-07,2025-11-07_17,0.0,0,0,100,110.62487751552791,110.62487751552791,0.0,0.0,0.0,True,True,True,False,0.0,1025.174550103255,0.0,0.0,0.0,0.0,1025.174550103255
2025-11-07T03:15:00Z,2025-11-07T03:30:00Z,2025-11-07,2025-11-07_18,0.0,0,0,100,110.62487751552791,110.62487751552791,0.0,0.0,0.0,True,True,True,False,0.0,1025.174550103255,0.0,0.0,0.0,0.0,1025.174550103255
2025-11-07T03:30:00Z,2025-11-07T03:45:00Z,2025-11-07,2025-11-07_19,0.0,0,0,100,110.62487751552791,110.62487751552791,0.0,0.0,0.0,True,True,True,False,0.0,1025.174550103255,0.0,0.0,0.0,0.0,1025.174550103255
2025-11-07T03:45:00Z,2025-11-07T04:00:00Z,2025-11-07,2025-11-07_20,0.0,0,0,100,110.62487751552791,110.62487751552791,0.0,0.0,0.0,True,True,True,False,0.0,1025.174550103255,0.0,0.0,0.0,0.0,1025.174550103255
2025-11-07T04:00:00Z,2025-11-07T04:15:00Z,2025-11-07,2025-11-07_21,0.0,0,0,100,110.62487751552791,110.62487751552791,0.0,0.0,0.0,True,True,True,False,0.0,1025.174550103255,0.0,0.0,0.0,0.0,1025.174550103255
2025-11-07T04:15:00Z,2025-11-07T04:30:00Z,2025-11-07,2025-11-07_22,0.0,0,0,100,110.62487751552791,110.62487751552791,0.0,0.0,0.0,True,True,True,False,0.0,1025.174550103255,0.0,0.0,0.0,0.0,1025.174550103255
2025-11-07T04:30:00Z,2025-11-07T04:45:00Z,2025-11-07,2025-11-07_23,0.0,0,0,100,110.62487751552791,110.62487751552791,0.0,0.0,0.0,True,True,True,False,0.0,1025.174550103255,0.0,0.0,0.0,0.0,1025.174550103255
2025-11-07T04:45:00Z,2025-11-07T05:00:00Z,2025-11-07,2025-11-07_24,0.0,0,0,100,110.62487751552791,110.62487751552791,0.0,0.0,0.0,True,True,True,False,0.0,1025.174550103255,0.0,0.0,0.0,0.0,1025.174550103255
2025-11-07T05:00:00Z,2025-11-07T05:15:00Z,2025-11-07,2025-11-07_25,0.0,0,0,100,110.62487751552791,110.62487751552791,0.0,0.0,0.0,True,True,True,False,0.0,1025.174550103255,0.0,0.0,0.0,0.0,1025.174550103255
2025-11-07T05:15:00Z,2025-11-07T05:30:00Z,2025-11-07,2025-11-07_26,0.0,0,0,100,110.62487751552791,110.62487751552791,0.0,0.0,0.0,True,True,True,False,0.0,1025.174550103255,0.0,0.0,0.0,0.0,1025.174550103255
2025-11-07T05:30:00Z,2025-11-07T05:45:00Z,2025-11-07,2025-11-07_27,0.0,0,0,100,110.62487751552791,110.62487751552791,0.0,0.0,0.0,True,True,True,False,0.0,1025.174550103255,0.0,0.0,0.0,0.0,1025.174550103255
2025-11-07T05:45:00Z,2025-11-07T06:00:00Z,2025-11-07,2025-11-07_28,0.0,0,0,100,110.62487751552791,110.62487751552791,0.0,0.0,0.0,True,True,True,False,0.0,1025.174550103255,0.0,0.0,0.0,0.0,1025.174550103255
2025-11-07T06:00:00Z,2025-11-07T06:15:00Z,2025-11-07,2025-11-07_29,43.0,0,43,57,110.62487751552791,98.94009490683227,0.032457729468599025,0.0,0.0,True,True,True,False,2290.61,584.3494935588552,0.0,14.575769495525616,0.0,0.0,2889.535263054381
2025-11-07T06:15:00Z,2025-11-07T06:30:00Z,2025-11-07,2025-11-07_30,43.0,0,43,57,98.94009490683227,87.26279055900619,0.032436956521739134,0.0,0.006880000000000001,True,True,True,False,2066.0425,584.3494935588552,0.0,14.575769495525616,0.0,-0.5416398229914445,2664.4261232313893
2025-11-07T06:30:00Z,2025-11-07T06:45:00Z,2025-11-07,2025-11-07_31,42.351711286840356,0,43,57,87.26279055900619,75.81013043478261,0.031816920960284004,0.0,0.05159999999999999,True,True,True,False,1531.1202422974961,584.3494935588552,0.0,14.575769495525616,0.0,-3.6332103451666824,2126.4122950067103
2025-11-07T06:45:00Z,2025-11-07T07:00:00Z,2025-11-07,2025-11-07_32,42.99999999999999,0,43,57,75.81013043478261,64.34782608695652,0.0318397342995169,0.0,0.20467999999999997,True,True,True,False,1566.3825,584.3494935588552,0.0,14.575769495525616,0.0,-12.985395149965578,2152.3223679044154
2025-11-07T07:00:00Z,2025-11-07T07:15:00Z,2025-11-07,2025-11-07_33,0.0,0,0,100,64.34782608695652,64.34782608695652,0.0,0.0,0.0,True,True,True,False,0.0,1025.174550103255,0.0,0.0,0.0,0.0,1025.174550103255
2025-11-07T07:15:00Z,2025-11-07T07:30:00Z,2025-11-07,2025-11-07_34,0.0,0,0,100,64.34782608695652,64.34782608695652,0.0,0.0,0.0,True,True,True,False,0.0,1025.174550103255,0.0,0.0,0.0,0.0,1025.174550103255
2025-11-07T07:30:00Z,2025-11-07T07:45:00Z,2025-11-07,2025-11-07_35,0.0,0,0,100,64.34782608695652,64.34782608695652,0.0,0.0,0.0,True,True,True,False,0.0,1025.174550103255,0.0,0.0,0.0,0.0,1025.174550103255
2025-11-07T07:45:00Z,2025-11-07T08:00:00Z,2025-11-07,2025-11-07_36,0.0,0,0,100,64.34782608695652,64.34782608695652,0.0,0.0,0.0,True,True,True,False,0.0,1025.174550103255,0.0,0.0,0.0,0.0,1025.174550103255
2025-11-07T08:00:00Z,2025-11-07T08:15:00Z,2025-11-07,2025-11-07_37,-5.329070518200751e-15,7,7,93,64.34782608695652,63.97251805217391,0.001163757874396137,0.36536,0.023719999999999998,True,True,True,False,-1.7130297180756316e-13,953.412331596027,7.727603500835874,2.3934506834497,59.178906653554925,-1.0425417012488936,1021.6697507326185
2025-11-07T08:15:00Z,2025-11-07T08:30:00Z,2025-11-07,2025-11-07_38,-1.1143260227596403e-14,7,7,93,63.97251805217391,63.733170226086955,0.0006648550724637732,0.2202,0.0,True,True,True,False,-3.3270989224545963e-13,953.412331596027,7.727603500835874,2.3934506834497,34.302608319402104,0.0,997.8359940997143
2025-11-07T08:30:00Z,2025-11-07T08:45:00Z,2025-11-07,2025-11-07_39,0.0,7,7,93,63.733170226086955,63.678010782608695,0.00017407400966183576,0.0542,0.004079999999999999,True,True,True,False,0.0,953.412331596027,7.727603500835874,2.3934506834497,7.984642305044742,-0.2901995791129904,971.2278285062444
2025-11-07T08:45:00Z,2025-11-07T09:00:00Z,2025-11-07,2025-11-07_40,0.0,7,7,93,63.678010782608695,63.52969989565217,0.0004148369082125604,0.13692000000000001,0.0005600000000000001,True,True,True,False,0.0,953.412331596027,7.727603500835874,2.3934506834497,20.734446336906288,-0.04415778149277215,984.2236743357261
2025-11-07T09:00:00Z,2025-11-07T09:15:00Z,2025-11-07,2025-11-07_41,-1.034800264800078e-14,7,0,93,63.52969989565217,63.22696076521739,0.0008409420289855116,0.27852,0.0,True,True,True,False,-2.735494499999006e-13,953.412331596027,7.611957911299046,0.0,44.75580031861539,0.0,1005.7800898259412
2025-11-07T09:15:00Z,2025-11-07T09:30:00Z,2025-11-07,2025-11-07_42,0.0,7,0,93,63.22696076521739,63.20513467826087,6.06280193236715e-05,0.02008,0.0,True,True,True,False,0.0,953.412331596027,7.611957911299046,0.0,2.622307011505556,0.0,963.6465965188316
2025-11-07T09:30:00Z,2025-11-07T09:45:00Z,2025-11-07,2025-11-07_43,-7.0,7,0,93,63.20513467826087,64.63658107826087,0.00397624,0.19408,0.0,True,True,True,False,-160.01999999999998,953.412331596027,7.611957911299046,0.0,25.82239266791228,0.0,826.8266821752384
2025-11-07T09:45:00Z,2025-11-07T10:00:00Z,2025-11-07,2025-11-07_44,-7.0,7,0,93,64.63658107826087,66.21563227826087,0.004386253333333334,0.033639999999999996,0.0,True,True,True,False,-157.5175,953.412331596027,7.611957911299046,0.0,4.393147802143769,0.0,807.8999373094698
2025-11-07T10:00:00Z,2025-11-07T10:15:00Z,2025-11-07,2025-11-07_45,-100.0,100,0,0,66.21563227826087,80.5613237068323,0.039849142857142854,9.406857142857143,0.0,True,True,True,False,-2370.0,0.0,108.74225587570065,0.0,2652.2341860275624,0.0,390.97644190326304
2025-11-07T10:15:00Z,2025-11-07T10:30:00Z,2025-11-07,2025-11-07_46,-100.0,100,0,0,80.5613237068323,92.0576437068323,0.03193422222222222,12.504000000000001,0.0,True,True,True,False,-2423.75,0.0,108.74225587570065,0.0,3402.9127552365035,0.0,1087.9050111122042
2025-11-07T10:30:00Z,2025-11-07T10:45:00Z,2025-11-07,2025-11-07_47,-100.0,100,0,0,92.0576437068323,98.43403227826087,0.017712190476190482,18.069142857142857,0.0,True,True,True,False,-2532.75,0.0,108.74225587570065,0.0,7767.023455937512,0.0,5343.015711813213
2025-11-07T10:45:00Z,2025-11-07T11:00:00Z,2025-11-07,2025-11-07_48,-100.0,100,0,0,98.43403227826087,103.8483637068323,0.015039809523809526,19.11485714285714,0.0,True,True,True,False,-2471.5,0.0,108.74225587570065,0.0,7274.254845342285,0.0,4911.497101217986
2025-11-07T11:00:00Z,2025-11-07T11:15:00Z,2025-11-07,2025-11-07_49,-100.0,100,0,0,103.8483637068323,112.33917513540374,0.023585587301587305,15.770857142857142,0.0,True,True,True,False,-2339.75,0.0,108.74225587570065,0.0,8795.091735498643,0.0,6564.083991374344
2025-11-07T11:15:00Z,2025-11-07T11:30:00Z,2025-11-07,2025-11-07_50,-100.0,100,0,0,112.33917513540374,125.68285513540374,0.03706577777777778,10.496,0.0,True,True,True,False,-2309.5,0.0,108.74225587570065,0.0,4356.367431999213,0.0,2155.609687874914
2025-11-07T11:30:00Z,2025-11-07T11:45:00Z,2025-11-07,2025-11-07_51,-100.0,100,0,0,125.68285513540374,130.5567522782609,0.013538603174603175,19.702285714285715,0.0,True,True,True,False,-2292.0,0.0,108.74225587570065,0.0,13961.009819872725,0.0,11777.752075748425
2025-11-07T11:45:00Z,2025-11-07T12:00:00Z,2025-11-07,2025-11-07_52,-100.0,100,0,0,130.5567522782609,145.58061513540375,0.041732952380952384,8.669714285714287,0.0,True,True,True,False,-2304.25,0.0,108.74225587570065,0.0,1374.4255184524395,0.0,-821.0822256718599
2025-11-07T12:00:00Z,2025-11-07T12:15:00Z,2025-11-07,2025-11-07_53,-4.0,7,3,93,145.58061513540375,146.5058185540373,0.002584502249827467,0.0056,0.011691428571428571,True,True,True,False,-90.71,953.412331596027,7.611957911299046,1.0257645786212999,0.7698692103451666,-0.887095334560218,871.2228279617323
2025-11-07T12:15:00Z,2025-11-07T12:30:00Z,2025-11-07,2025-11-07_54,-3.1445945539459714,7,3,93,146.5058185540373,147.2138939309943,0.002021022010406593,0.01628,0.0014057142857142857,True,True,True,False,-73.2533301341714,953.412331596027,7.611957911299046,1.0257645786212999,2.238119775789163,-0.11086467274489696,890.9239790548202
2025-11-07T12:30:00Z,2025-11-07T12:45:00Z,2025-11-07,2025-11-07_55,-5.329070518200751e-15,7,3,93,147.2138939309943,147.2146935732303,1.284924775707724e-05,0.0017599999999999998,0.002948571428571428,True,True,True,False,-1.2849721287011563e-13,953.412331596027,7.611957911299046,1.0257645786212999,0.2419588946799095,-0.23254541112344235,962.0594675695037
2025-11-07T12:45:00Z,2025-11-07T13:00:00Z,2025-11-07,2025-11-07_56,-0.04947026371796145,7,3,93,147.2146935732303,147.22000000000006,7.70981741337925e-05,0.0104,0.005674285714285714,True,True,True,False,-1.221668162515058,953.412331596027,7.611957911299046,1.0257645786212999,1.4297571049267381,-0.3698234825730862,961.888319545786
2025-11-07T13:00:00Z,2025-11-07T13:15:00Z,2025-11-07,2025-11-07_57,-51.0,51,0,49,147.22000000000006,158.89208731428576,0.03242246476190476,0.06294857142857142,0.0,True,True,True,False,-1055.5725,502.33552955059486,55.45855049660733,0.0,8.653958388941179,0.0,-489.12446156385664
2025-11-07T13:15:00Z,2025-11-07T13:30:00Z,2025-11-07,2025-11-07_58,-37.45974250479125,51,0,49,158.89208731428576,167.4597715848768,0.023879018903183488,0.04983428571428572,0.0,True,True,True,False,-951.1028621966499,502.33552955059486,55.45855049660733,0.0,7.559550934352304,0.0,-385.7492312150954
2025-11-07T13:30:00Z,2025-11-07T13:45:00Z,2025-11-07,2025-11-07_59,-0.5052154522014117,51,0,49,167.4597715848768,167.45989337243157,0.000639799510945507,0.10695428571428572,0.0,True,True,True,False,-15.185513454543933,502.33552955059486,55.45855049660733,0.0,16.148172407456837,0.0,558.7567390001151
2025-11-07T13:45:00Z,2025-11-07T14:00:00Z,2025-11-07,2025-11-07_60,-0.4609640438706826,51,0,49,167.45989337243157,167.00000000000009,0.0018424057572388357,0.5213657142857143,0.0,True,True,True,False,-20.31699023360034,502.33552955059486,55.45855049660733,0.0,81.44102627312701,0.0,618.9181160867289
2025-11-07T14:00:00Z,2025-11-07T14:15:00Z,2025-11-07,2025-11-07_61,-100.0,0,0,0,167.00000000000009,190.00000000000009,0.0638888888888889,0.0,0.0,True,True,True,False,-2598.75,0.0,0.0,0.0,0.0,0.0,-2598.75
2025-11-07T14:15:00Z,2025-11-07T14:30:00Z,2025-11-07,2025-11-07_62,0.0,0,0,0,190.00000000000009,190.00000000000009,0.0,0.0,0.0,True,True,True,False,0.0,0.0,0.0,0.0,0.0,0.0,0.0
2025-11-07T14:30:00Z,2025-11-07T14:45:00Z,2025-11-07,2025-11-07_63,88.25748480000003,0,0,0,190.00000000000009,166.01698782608705,0.06661947826086957,0.0,0.0,True,True,True,False,5538.819102336001,0.0,0.0,0.0,0.0,0.0,5538.819102336001
2025-11-07T14:45:00Z,2025-11-07T15:00:00Z,2025-11-07,2025-11-07_64,100.0,0,0,0,166.01698782608705,138.84307478260877,0.0754830917874396,0.0,0.0,True,True,True,False,7374.5,0.0,0.0,0.0,0.0,0.0,7374.5
2025-11-07T15:00:00Z,2025-11-07T15:15:00Z,2025-11-07,2025-11-07_65,-100.0,100,0,0,138.84307478260877,159.9447204968945,0.058615682539682544,2.0634285714285716,0.0,True,True,True,False,-4066.5,0.0,111.24987707739207,0.0,324.4953980585252,0.0,-3630.7547248640826
2025-11-07T15:15:00Z,2025-11-07T15:30:00Z,2025-11-07,2025-11-07_66,0.0,100,0,0,159.9447204968945,142.79689440993798,0.0476328502415459,15.776000000000002,0.0,True,True,True,False,0.0,0.0,111.24987707739207,0.0,10584.890832923591,0.0,10696.140710000984
2025-11-07T15:30:00Z,2025-11-07T15:45:00Z,2025-11-07,2025-11-07_67,0.0,100,0,0,142.79689440993798,121.14844720496903,0.060134575569358174,19.916571428571427,0.0,True,True,True,False,0.0,0.0,111.24987707739207,0.0,21367.5805191689,0.0,21478.830396246292
2025-11-07T15:45:00Z,2025-11-07T16:00:00Z,2025-11-07,2025-11-07_68,4.296080399636475e-14,100,0,0,121.14844720496903,115.45590062111809,0.015812629399585953,5.237142857142857,0.0,True,True,True,False,3.5555435407491376e-12,0.0,111.24987707739207,0.0,2888.280423134737,0.0,2999.5303002121323
2025-11-07T16:00:00Z,2025-11-07T16:15:00Z,2025-11-07,2025-11-07_69,100.0,0,100,0,115.45590062111809,88.28198757763984,0.07548309178743962,0.0,0.0,True,True,True,False,8106.75,0.0,0.0,33.926639787589735,0.0,0.0,8140.67663978759
2025-11-07T16:15:00Z,2025-11-07T16:30:00Z,2025-11-07,2025-11-07_70,100.0,0,100,0,88.28198757763984,61.10807453416159,0.0754830917874396,0.0,0.0,True,True,True,False,8573.5,0.0,0.0,33.926639787589735,0.0,0.0,8607.426639787589
2025-11-07T16:30:00Z,2025-11-07T16:45:00Z,2025-11-07,2025-11-07_71,100.0,0,100,0,61.10807453416159,33.9639751552796,0.07540027605244996,0.0,0.027428571428571427,True,True,True,False,8644.0,0.0,0.0,33.926639787589735,0.0,-1.9784499107933073,8675.948189876797
2025-11-07T16:45:00Z,2025-11-07T17:00:00Z,2025-11-07,2025-11-07_72,100.0,0,100,0,33.9639751552796,10.000000000000092,0.06656659765355417,0.0,2.9531428571428573,True,True,True,False,8623.5,0.0,0.0,33.926639787589735,0.0,-178.06559880870432,8479.361040978885
2025-11-07T17:00:00Z,2025-11-07T17:15:00Z,2025-11-07,2025-11-07_73,1.0,99,100,0,10.000000000000092,11.419216377639843,0.005347892284334025,0.0011314285714285714,1.836,True,True,True,False,41.315,0.0,110.6923001278395,33.926639787589735,0.17579478246210473,-107.08994945422361,79.01978524366773
2025-11-07T17:15:00Z,2025-11-07T17:30:00Z,2025-11-07,2025-11-07_74,0.0,99,100,0,11.419216377639843,11.270774141614998,0.000762815734989648,0.19460571428571427,0.06857142857142857,True,True,True,False,0.0,0.0,110.6923001278395,33.926639787589735,30.439211942177202,-4.865880898529143,170.1922709590773
2025-11-07T17:30:00Z,2025-11-07T17:45:00Z,2025-11-07,2025-11-07_75,0.0,99,100,0,11.270774141614998,11.190689421118105,0.000730648033126294,0.15783428571428573,0.09942857142857142,True,True,True,False,0.0,0.0,110.6923001278395,33.926639787589735,24.66355892390037,-6.679793096666339,162.60270574266326
2025-11-07T17:45:00Z,2025-11-07T18:00:00Z,2025-11-07,2025-11-07_76,0.5713946181717202,99,100,0,11.190689421118105,14.886606708074623,0.011225671655483903,0.040165714285714284,4.229142857142857,True,True,True,False,21.684425759616783,0.0,110.6923001278395,33.926639787589735,6.152815494710816,-258.9596206959526,-86.50343952619576
2025-11-07T18:00:00Z,2025-11-07T18:15:00Z,2025-11-07,2025-11-07_77,0.0,100,100,0,14.886606708074623,30.57392099378891,0.04357587301587301,0.0,17.05142857142857,True,True,True,False,0.0,0.0,111.1023699478808,34.457665453830266,0.0,12118.255273309638,12263.81530871135
2025-11-07T18:15:00Z,2025-11-07T18:30:00Z,2025-11-07,2025-11-07_78,0.0,100,100,0,30.57392099378891,40.375863850931765,0.027227619047619046,0.0,10.654285714285713,True,True,True,False,0.0,0.0,111.1023699478808,34.457665453830266,0.0,-105.89746034867875,39.66257505303232
2025-11-07T18:30:00Z,2025-11-07T18:45:00Z,2025-11-07,2025-11-07_79,0.0,100,100,0,40.375863850931765,41.415318260869654,0.00330145203588682,0.06857142857142857,1.210857142857143,True,True,True,False,0.0,0.0,111.1023699478808,34.457665453830266,10.562076900383518,-80.01016310074037,76.11194920135422
2025-11-07T18:45:00Z,2025-11-07T19:00:00Z,2025-11-07,2025-11-07_80,0.0,100,100,0,41.415318260869654,30.584262360248538,0.03008626639061422,9.964571428571428,0.0,True,True,True,False,0.0,0.0,111.1023699478808,34.457665453830266,3137.2986221991205,0.0,3282.8586576008315
2025-11-07T19:00:00Z,2025-11-07T19:15:00Z,2025-11-07,2025-11-07_81,0.0,100,0,0,30.584262360248538,23.7053803726709,0.019108005521048996,6.328571428571427,0.0,True,True,True,False,0.0,0.0,110.33533287442226,0.0,1495.4273014624273,0.0,1605.7626343368495
2025-11-07T19:15:00Z,2025-11-07T19:30:00Z,2025-11-07,2025-11-07_82,-99.99999999999997,100,0,0,23.7053803726709,31.212580372670892,0.020853333333333345,16.84,0.0,True,True,True,False,-3360.249999999999,0.0,110.33533287442226,0.0,18217.461988396102,0.0,14967.547321270526
2025-11-07T19:30:00Z,2025-11-07T19:45:00Z,2025-11-07,2025-11-07_83,-100.0,100,0,0,31.212580372670892,44.66981465838518,0.037381206349206345,10.37257142857143,0.0,True,True,True,False,-3217.75,0.0,110.33533287442226,0.0,7397.61716499726,0.0,4290.202497871683
2025-11-07T19:45:00Z,2025-11-07T20:00:00Z,2025-11-07,2025-11-07_84,-100.0,100,0,0,44.66981465838518,64.34782608695662,0.05466114285714286,3.6108571428571428,0.0,True,True,True,False,-2746.0,0.0,110.33533287442226,0.0,794.8864002922046,0.0,-1840.7782668333732
2025-11-07T20:00:00Z,2025-11-07T20:15:00Z,2025-11-07,2025-11-07_85,0.0,0,0,100,64.34782608695662,64.34782608695662,0.0,0.0,0.0,True,True,True,False,0.0,1025.174550103255,0.0,0.0,0.0,0.0,1025.174550103255
2025-11-07T20:15:00Z,2025-11-07T20:30:00Z,2025-11-07,2025-11-07_86,0.0,0,0,100,64.34782608695662,64.34782608695662,0.0,0.0,0.0,True,True,True,False,0.0,1025.174550103255,0.0,0.0,0.0,0.0,1025.174550103255
2025-11-07T20:30:00Z,2025-11-07T20:45:00Z,2025-11-07,2025-11-07_87,0.0,0,0,100,64.34782608695662,64.34782608695662,0.0,0.0,0.0,True,True,True,False,0.0,1025.174550103255,0.0,0.0,0.0,0.0,1025.174550103255
2025-11-07T20:45:00Z,2025-11-07T21:00:00Z,2025-11-07,2025-11-07_88,0.0,0,0,100,64.34782608695662,64.34782608695662,0.0,0.0,0.0,True,True,True,False,0.0,1025.174550103255,0.0,0.0,0.0,0.0,1025.174550103255
2025-11-07T21:00:00Z,2025-11-07T21:15:00Z,2025-11-07,2025-11-07_89,0.0,0,0,100,64.34782608695662,64.34782608695662,0.0,0.0,0.0,True,True,True,False,0.0,1025.174550103255,0.0,0.0,0.0,0.0,1025.174550103255
2025-11-07T21:15:00Z,2025-11-07T21:30:00Z,2025-11-07,2025-11-07_90,0.0,0,0,100,64.34782608695662,64.34782608695662,0.0,0.0,0.0,True,True,True,False,0.0,1025.174550103255,0.0,0.0,0.0,0.0,1025.174550103255
2025-11-07T21:30:00Z,2025-11-07T21:45:00Z,2025-11-07,2025-11-07_91,0.0,0,0,100,64.34782608695662,64.34782608695662,0.0,0.0,0.0,True,True,True,False,0.0,1025.174550103255,0.0,0.0,0.0,0.0,1025.174550103255
2025-11-07T21:45:00Z,2025-11-07T22:00:00Z,2025-11-07,2025-11-07_92,0.0,0,0,100,64.34782608695662,64.34782608695662,0.0,0.0,0.0,True,True,True,False,0.0,1025.174550103255,0.0,0.0,0.0,0.0,1025.174550103255
2025-11-07T22:00:00Z,2025-11-07T22:15:00Z,2025-11-08,2025-11-07_93,0.0,0,0,100,64.34782608695662,64.34782608695662,0.0,0.0,0.0,True,True,True,False,0.0,1024.8721981911128,0.0,0.0,0.0,0.0,1024.8721981911128
2025-11-07T22:15:00Z,2025-11-07T22:30:00Z,2025-11-08,2025-11-07_94,0.0,0,0,100,64.34782608695662,64.34782608695662,0.0,0.0,0.0,True,True,True,False,0.0,1024.8721981911128,0.0,0.0,0.0,0.0,1024.8721981911128
2025-11-07T22:30:00Z,2025-11-07T22:45:00Z,2025-11-08,2025-11-07_95,0.0,0,0,100,64.34782608695662,64.34782608695662,0.0,0.0,0.0,True,True,True,False,0.0,1024.8721981911128,0.0,0.0,0.0,0.0,1024.8721981911128
2025-11-07T22:45:00Z,2025-11-07T23:00:00Z,2025-11-08,2025-11-07_96,0.0,0,0,100,64.34782608695662,64.34782608695662,0.0,0.0,0.0,True,True,True,False,0.0,1024.8721981911128,0.0,0.0,0.0,0.0,1024.8721981911128
2025-11-07T23:00:00Z,2025-11-07T23:15:00Z,2025-11-08,2025-11-08_1,0.0,0,0,100,64.34782608695662,64.34782608695662,0.0,0.0,0.0,True,True,True,False,0.0,1024.8721981911128,0.0,0.0,0.0,0.0,1024.8721981911128
2025-11-07T23:15:00Z,2025-11-07T23:30:00Z,2025-11-08,2025-11-08_2,0.0,0,0,100,64.34782608695662,64.34782608695662,0.0,0.0,0.0,True,True,True,False,0.0,1024.8721981911128,0.0,0.0,0.0,0.0,1024.8721981911128
2025-11-07T23:30:00Z,2025-11-07T23:45:00Z,2025-11-08,2025-11-08_3,0.0,0,0,100,64.34782608695662,64.34782608695662,0.0,0.0,0.0,True,True,True,False,0.0,1024.8721981911128,0.0,0.0,0.0,0.0,1024.8721981911128
2025-11-07T23:45:00Z,2025-11-08T00:00:00Z,2025-11-08,2025-11-08_4,0.0,0,0,100,64.34782608695662,64.34782608695662,0.0,0.0,0.0,True,True,True,False,0.0,1024.8721981911128,0.0,0.0,0.0,0.0,1024.8721981911128
2025-11-08T00:00:00Z,2025-11-08T00:15:00Z,2025-11-08,2025-11-08_5,0.0,0,0,100,64.34782608695662,64.34782608695662,0.0,0.0,0.0,True,True,True,False,0.0,1024.8721981911128,0.0,0.0,0.0,0.0,1024.8721981911128
2025-11-08T00:15:00Z,2025-11-08T00:30:00Z,2025-11-08,2025-11-08_6,0.0,0,0,100,64.34782608695662,64.34782608695662,0.0,0.0,0.0,True,True,True,False,0.0,1024.8721981911128,0.0,0.0,0.0,0.0,1024.8721981911128
2025-11-08T00:30:00Z,2025-11-08T00:45:00Z,2025-11-08,2025-11-08_7,0.0,0,0,100,64.34782608695662,64.34782608695662,0.0,0.0,0.0,True,True,True,False,0.0,1024.8721981911128,0.0,0.0,0.0,0.0,1024.8721981911128
2025-11-08T00:45:00Z,2025-11-08T01:00:00Z,2025-11-08,2025-11-08_8,0.0,0,0,100,64.34782608695662,64.34782608695662,0.0,0.0,0.0,True,True,True,False,0.0,1024.8721981911128,0.0,0.0,0.0,0.0,1024.8721981911128
2025-11-08T01:00:00Z,2025-11-08T01:15:00Z,2025-11-08,2025-11-08_9,0.0,0,0,100,64.34782608695662,64.34782608695662,0.0,0.0,0.0,True,True,True,False,0.0,1024.8721981911128,0.0,0.0,0.0,0.0,1024.8721981911128
2025-11-08T01:15:00Z,2025-11-08T01:30:00Z,2025-11-08,2025-11-08_10,0.0,0,0,100,64.34782608695662,64.34782608695662,0.0,0.0,0.0,True,True,True,False,0.0,1024.8721981911128,0.0,0.0,0.0,0.0,1024.8721981911128
2025-11-08T01:30:00Z,2025-11-08T01:45:00Z,2025-11-08,2025-11-08_11,0.0,0,0,100,64.34782608695662,64.34782608695662,0.0,0.0,0.0,True,True,True,False,0.0,1024.8721981911128,0.0,0.0,0.0,0.0,1024.8721981911128
2025-11-08T01:45:00Z,2025-11-08T02:00:00Z,2025-11-08,2025-11-08_12,0.0,0,0,100,64.34782608695662,64.34782608695662,0.0,0.0,0.0,True,True,True,False,0.0,1024.8721981911128,0.0,0.0,0.0,0.0,1024.8721981911128
2025-11-08T02:00:00Z,2025-11-08T02:15:00Z,2025-11-08,2025-11-08_13,0.0,0,0,100,64.34782608695662,64.34782608695662,0.0,0.0,0.0,True,True,True,False,0.0,1024.8721981911128,0.0,0.0,0.0,0.0,1024.8721981911128
2025-11-08T02:15:00Z,2025-11-08T02:30:00Z,2025-11-08,2025-11-08_14,0.0,0,0,100,64.34782608695662,64.34782608695662,0.0,0.0,0.0,True,True,True,False,0.0,1024.8721981911128,0.0,0.0,0.0,0.0,1024.8721981911128
2025-11-08T02:30:00Z,2025-11-08T02:45:00Z,2025-11-08,2025-11-08_15,0.0,0,0,100,64.34782608695662,64.34782608695662,0.0,0.0,0.0,True,True,True,False,0.0,1024.8721981911128,0.0,0.0,0.0,0.0,1024.8721981911128
2025-11-08T02:45:00Z,2025-11-08T03:00:00Z,2025-11-08,2025-11-08_16,0.0,0,0,100,64.34782608695662,64.34782608695662,0.0,0.0,0.0,True,True,True,False,0.0,1024.8721981911128,0.0,0.0,0.0,0.0,1024.8721981911128
2025-11-08T03:00:00Z,2025-11-08T03:15:00Z,2025-11-08,2025-11-08_17,0.0,0,0,100,64.34782608695662,64.34782608695662,0.0,0.0,0.0,True,True,True,False,0.0,1024.8721981911128,0.0,0.0,0.0,0.0,1024.8721981911128
2025-11-08T03:15:00Z,2025-11-08T03:30:00Z,2025-11-08,2025-11-08_18,0.0,0,0,100,64.34782608695662,64.34782608695662,0.0,0.0,0.0,True,True,True,False,0.0,1024.8721981911128,0.0,0.0,0.0,0.0,1024.8721981911128
2025-11-08T03:30:00Z,2025-11-08T03:45:00Z,2025-11-08,2025-11-08_19,0.0,0,0,100,64.34782608695662,64.34782608695662,0.0,0.0,0.0,True,True,True,False,0.0,1024.8721981911128,0.0,0.0,0.0,0.0,1024.8721981911128
2025-11-08T03:45:00Z,2025-11-08T04:00:00Z,2025-11-08,2025-11-08_20,0.0,0,0,100,64.34782608695662,64.34782608695662,0.0,0.0,0.0,True,True,True,False,0.0,1024.8721981911128,0.0,0.0,0.0,0.0,1024.8721981911128
2025-11-08T04:00:00Z,2025-11-08T04:15:00Z,2025-11-08,2025-11-08_21,0.0,0,0,100,64.34782608695662,64.34782608695662,0.0,0.0,0.0,True,False,True,False,0.0,1024.8721981911128,0.0,0.0,0.0,0.0,1024.8721981911128
2025-11-08T04:15:00Z,2025-11-08T04:30:00Z,2025-11-08,2025-11-08_22,0.0,0,0,100,64.34782608695662,64.34782608695662,0.0,0.0,0.0,True,False,True,False,0.0,1024.8721981911128,0.0,0.0,0.0,0.0,1024.8721981911128
2025-11-08T04:30:00Z,2025-11-08T04:45:00Z,2025-11-08,2025-11-08_23,0.0,0,0,100,64.34782608695662,64.34782608695662,0.0,0.0,0.0,True,False,True,False,0.0,1024.8721981911128,0.0,0.0,0.0,0.0,1024.8721981911128
2025-11-08T04:45:00Z,2025-11-08T05:00:00Z,2025-11-08,2025-11-08_24,0.0,0,0,100,64.34782608695662,64.34782608695662,0.0,0.0,0.0,True,False,True,False,0.0,1024.8721981911128,0.0,0.0,0.0,0.0,1024.8721981911128
2025-11-08T05:00:00Z,2025-11-08T05:15:00Z,2025-11-08,2025-11-08_25,0.0,0,0,100,64.34782608695662,64.34782608695662,0.0,0.0,0.0,True,False,True,False,0.0,1024.8721981911128,0.0,0.0,0.0,0.0,1024.8721981911128
2025-11-08T05:15:00Z,2025-11-08T05:30:00Z,2025-11-08,2025-11-08_26,0.0,0,0,100,64.34782608695662,64.34782608695662,0.0,0.0,0.0,True,False,True,False,0.0,1024.8721981911128,0.0,0.0,0.0,0.0,1024.8721981911128
2025-11-08T05:30:00Z,2025-11-08T05:45:00Z,2025-11-08,2025-11-08_27,0.0,0,0,100,64.34782608695662,64.34782608695662,0.0,0.0,0.0,True,False,True,False,0.0,1024.8721981911128,0.0,0.0,0.0,0.0,1024.8721981911128
2025-11-08T05:45:00Z,2025-11-08T06:00:00Z,2025-11-08,2025-11-08_28,0.0,0,0,100,64.34782608695662,64.34782608695662,0.0,0.0,0.0,True,False,True,False,0.0,1024.8721981911128,0.0,0.0,0.0,0.0,1024.8721981911128
2025-11-08T06:00:00Z,2025-11-08T06:15:00Z,2025-11-08,2025-11-08_29,0.0,0,0,100,64.34782608695662,64.34782608695662,0.0,0.0,0.0,True,False,True,False,0.0,1024.8721981911128,0.0,0.0,0.0,0.0,1024.8721981911128
2025-11-08T06:15:00Z,2025-11-08T06:30:00Z,2025-11-08,2025-11-08_30,0.0,0,0,100,64.34782608695662,64.34782608695662,0.0,0.0,0.0,True,False,True,False,0.0,1024.8721981911128,0.0,0.0,0.0,0.0,1024.8721981911128
2025-11-08T06:30:00Z,2025-11-08T06:45:00Z,2025-11-08,2025-11-08_31,0.0,0,0,100,64.34782608695662,64.34782608695662,0.0,0.0,0.0,True,False,True,False,0.0,1024.8721981911128,0.0,0.0,0.0,0.0,1024.8721981911128
2025-11-08T06:45:00Z,2025-11-08T07:00:00Z,2025-11-08,2025-11-08_32,0.0,0,0,100,64.34782608695662,64.34782608695662,0.0,0.0,0.0,True,False,True,False,0.0,1024.8721981911128,0.0,0.0,0.0,0.0,1024.8721981911128
2025-11-08T07:00:00Z,2025-11-08T07:15:00Z,2025-11-08,2025-11-08_33,0.0,100,13,0,64.34782608695662,49.44720496894419,0.04139061421670117,13.708571428571428,0.0,True,True,True,False,0.0,0.0,111.54148643334644,4.389992135273299,7534.692840851637,0.0,7650.624319420257
2025-11-08T07:15:00Z,2025-11-08T07:30:00Z,2025-11-08,2025-11-08_34,-87.0,100,13,0,49.44720496894419,47.6715475279504,0.01322859130434783,23.134285714285713,0.0,True,True,True,False,-2528.22,0.0,111.54148643334644,4.389992135273299,23861.30543284085,0.0,21449.01691140947
2025-11-08T07:30:00Z,2025-11-08T07:45:00Z,2025-11-08,2025-11-08_35,0.0,100,13,0,47.6715475279504,44.999497838509406,0.007422360248447203,2.4582857142857137,0.0,True,True,True,False,0.0,0.0,111.54148643334644,4.389992135273299,385.6154166619852,0.0,501.54689523060495
2025-11-08T07:45:00Z,2025-11-08T08:00:00Z,2025-11-08,2025-11-08_36,-85.84955365751682,100,13,0,44.999497838509406,64.07608695652182,0.053597461311377013,0.7102857142857143,0.00156,True,True,True,False,-2229.5129084857117,0.0,111.54148643334644,4.389992135273299,110.13031672377956,-0.12268973653165552,-2003.573802929844
2025-11-08T08:00:00Z,2025-11-08T08:15:00Z,2025-11-08,2025-11-08_37,0.9999999999999958,0,0,99,64.07608695652182,63.80434782608704,0.0007548309178743929,0.0,0.0,True,False,True,False,30.90999999999987,1014.6234762092016,0.0,0.0,0.0,0.0,1045.5334762092016
2025-11-08T08:15:00Z,2025-11-08T08:30:00Z,2025-11-08,2025-11-08_38,0.0,0,0,99,63.80434782608704,63.80434782608704,0.0,0.0,0.0,True,False,True,False,0.0,1014.6234762092016,0.0,0.0,0.0,0.0,1014.6234762092016
2025-11-08T08:30:00Z,2025-11-08T08:45:00Z,2025-11-08,2025-11-08_39,0.0,0,0,99,63.80434782608704,63.80434782608704,0.0,0.0,0.0,True,False,True,False,0.0,1014.6234762092016,0.0,0.0,0.0,0.0,1014.6234762092016
2025-11-08T08:45:00Z,2025-11-08T09:00:00Z,2025-11-08,2025-11-08_40,-0.3861126654064645,0,0,99,63.80434782608704,63.893153739130526,0.00024668309178746346,0.0,0.0,True,False,True,False,-9.669226423441387,1014.6234762092016,0.0,0.0,0.0,0.0,1004.9542497857602
2025-11-08T09:00:00Z,2025-11-08T09:15:00Z,2025-11-08,2025-11-08_41,0.0,1,1,99,63.893153739130526,63.9081488795032,7.543508626639062e-05,0.005594285714285714,0.02290857142857143,True,True,True,False,0.0,1014.6234762092016,1.0909359024773888,0.33769170271333065,0.8706153890230885,-0.9661417493399249,1015.9565774540755
2025-11-08T09:15:00Z,2025-11-08T09:30:00Z,2025-11-08,2025-11-08_42,0.0,1,1,99,63.9081488795032,63.94375550807463,9.89073015873016e-05,0.0,0.03870285714285714,True,True,True,False,0.0,1014.6234762092016,1.0909359024773888,0.33769170271333065,0.0,-1.985808138868603,1014.0662956755237
2025-11-08T09:30:00Z,2025-11-08T09:45:00Z,2025-11-08,2025-11-08_43,0.0,1,1,99,63.94375550807463,63.94327036024854,6.692394755003451e-06,0.0013314285714285715,0.0010457142857142857,True,True,True,False,0.0,1014.6234762092016,1.0909359024773888,0.33769170271333065,0.1832481321274086,-0.08224257064209875,1016.1531093758776
2025-11-08T09:45:00Z,2025-11-08T10:00:00Z,2025-11-08,2025-11-08_44,0.0,1,1,99,63.94327036024854,63.932537898136744,5.6799061421670114e-05,0.014342857142857142,0.00528,True,True,True,False,0.0,1014.6234762092016,1.0909359024773888,0.33769170271333065,2.2472516038424803,-0.3378068423122296,1017.9615485759226
2025-11-08T10:00:00Z,2025-11-08T10:15:00Z,2025-11-08,2025-11-08_45,0.0,1,1,99,63.932537898136744,63.95865158757774,7.305562456866805e-05,8.571428571428571e-05,0.028485714285714288,True,True,True,False,0.0,1014.6234762092016,1.0909359024773888,0.33769170271333065,0.011797090051120724,-1.7687018594460984,1014.2951990449974
2025-11-08T10:15:00Z,2025-11-08T10:30:00Z,2025-11-08,2025-11-08_46,0.0,1,1,99,63.95865158757774,63.970857778882085,3.507930986887508e-05,0.0001942857142857143,0.013497142857142857,True,True,True,False,0.0,1014.6234762092016,1.0909359024773888,0.33769170271333065,0.026740070782540308,-0.9235431942025728,1015.1553006909724
2025-11-08T10:30:00Z,2025-11-08T10:45:00Z,2025-11-08,2025-11-08_47,0.0,1,1,99,63.970857778882085,63.960019269565315,3.0106970324361627e-05,0.009971428571428572,0.0,True,True,True,False,0.0,1014.6234762092016,1.0909359024773888,0.33769170271333065,1.5154767709679233,0.0,1017.5675805853602
2025-11-08T10:45:00Z,2025-11-08T11:00:00Z,2025-11-08,2025-11-08_48,0.0,1,1,99,63.960019269565315,63.93618126708084,6.677159420289854e-05,0.022022857142857143,0.00010857142857142856,True,True,True,False,0.0,1014.6234762092016,1.0909359024773888,0.33769170271333065,3.44680230773552,-0.00853884613223976,1019.4903672759956
2025-11-08T11:00:00Z,2025-11-08T11:15:00Z,2025-11-08,2025-11-08_49,0.0,1,1,99,63.93618126708084,63.92993811677028,1.8130655624568667e-05,0.005874285714285715,0.00015428571428571428,True,True,True,False,0.0,1014.6234762092016,1.0909359024773888,0.33769170271333065,0.865787247907421,-0.012134149766867029,1016.9057569125329
2025-11-08T11:15:00Z,2025-11-08T11:30:00Z,2025-11-08,2025-11-08_50,0.0,1,1,99,63.92993811677028,63.93177639751562,1.7908267770876468e-05,0.00212,0.004502857142857143,True,True,True,False,0.0,1014.6234762092016,1.0909359024773888,0.33769170271333065,0.29679249705072747,-0.35413740801078586,1015.9947589034323
2025-11-08T11:30:00Z,2025-11-08T11:45:00Z,2025-11-08,2025-11-08_51,0.0,1,1,99,63.93177639751562,63.87308695652183,0.0001630262249827467,0.05399428571428571,0.0,True,True,True,False,0.0,1014.6234762092016,1.0909359024773888,0.33769170271333065,9.57796629627549,0.0,1025.630070110668
2025-11-08T11:45:00Z,2025-11-08T12:00:00Z,2025-11-08,2025-11-08_52,0.0,1,1,99,63.87308695652183,63.804347826087046,0.00019094202898550723,0.06324,0.0,True,True,True,False,0.0,1014.6234762092016,1.0909359024773888,0.33769170271333065,24.835103995281166,0.0,1040.8872078096736
2025-11-08T12:00:00Z,2025-11-08T12:15:00Z,2025-11-08,2025-11-08_53,-76.0,100,24,0,63.804347826087046,71.77472162981375,0.036495206735679776,9.905142857142856,0.0,True,True,True,False,-1975.2399999999998,0.0,109.09359024773889,8.104600865119934,3716.0430746587263,0.0,1858.0012657715854
2025-11-08T12:15:00Z,2025-11-08T12:30:00Z,2025-11-08,2025-11-08_54,0.0,100,24,0,71.77472162981375,69.80952371677029,0.005465892615596963,1.8091428571428572,0.0013714285714285714,True,True,True,False,0.0,0.0,109.09359024773889,8.104600865119934,275.46529902814444,-0.10785910903881803,392.5556310319644
2025-11-08T12:30:00Z,2025-11-08T12:45:00Z,2025-11-08,2025-11-08_55,-75.63020980596885,100,24,0,69.80952371677029,78.26129987577649,0.03717654357663771,9.309142857142858,0.0,True,True,True,False,-1965.6291528571303,0.0,109.09359024773889,8.104600865119934,4660.260145834504,0.0,2811.829184090233
2025-11-08T12:45:00Z,2025-11-08T13:00:00Z,2025-11-08,2025-11-08_56,0.0,100,24,0,78.26129987577649,65.80415701863363,0.0346031746031746,11.460571428571429,0.0,True,True,True,False,0.0,0.0,109.09359024773889,8.104600865119934,5800.745920341553,0.0,5917.9441114544115
2025-11-08T13:00:00Z,2025-11-08T13:15:00Z,2025-11-08,2025-11-08_57,0.0,0,0,100,65.80415701863363,65.80415701863363,0.0,0.0,0.0,True,True,True,False,0.0,1024.8721981911128,0.0,0.0,0.0,0.0,1024.8721981911128
2025-11-08T13:15:00Z,2025-11-08T13:30:00Z,2025-11-08,2025-11-08_58,0.0,0,0,100,65.80415701863363,65.80415701863363,0.0,0.0,0.0,True,True,True,False,0.0,1024.8721981911128,0.0,0.0,0.0,0.0,1024.8721981911128
2025-11-08T13:30:00Z,2025-11-08T13:45:00Z,2025-11-08,2025-11-08_59,0.0,0,0,100,65.80415701863363,65.80415701863363,0.0,0.0,0.0,True,True,True,False,0.0,1024.8721981911128,0.0,0.0,0.0,0.0,1024.8721981911128
2025-11-08T13:45:00Z,2025-11-08T14:00:00Z,2025-11-08,2025-11-08_60,0.0,0,0,100,65.80415701863363,65.80415701863363,0.0,0.0,0.0,True,True,True,False,0.0,1024.8721981911128,0.0,0.0,0.0,0.0,1024.8721981911128
2025-11-08T14:00:00Z,2025-11-08T14:15:00Z,2025-11-08,2025-11-08_61,0.0,0,0,100,65.80415701863363,65.80415701863363,0.0,0.0,0.0,True,True,True,False,0.0,1024.8721981911128,0.0,0.0,0.0,0.0,1024.8721981911128
2025-11-08T14:15:00Z,2025-11-08T14:30:00Z,2025-11-08,2025-11-08_62,0.0,0,0,100,65.80415701863363,65.80415701863363,0.0,0.0,0.0,True,True,True,False,0.0,1024.8721981911128,0.0,0.0,0.0,0.0,1024.8721981911128
2025-11-08T14:30:00Z,2025-11-08T14:45:00Z,2025-11-08,2025-11-08_63,0.0,0,0,100,65.80415701863363,65.80415701863363,0.0,0.0,0.0,True,True,True,False,0.0,1024.8721981911128,0.0,0.0,0.0,0.0,1024.8721981911128
2025-11-08T14:45:00Z,2025-11-08T15:00:00Z,2025-11-08,2025-11-08_64,0.0,0,0,100,65.80415701863363,65.80415701863363,0.0,0.0,0.0,True,True,True,False,0.0,1024.8721981911128,0.0,0.0,0.0,0.0,1024.8721981911128
2025-11-08T15:00:00Z,2025-11-08T15:15:00Z,2025-11-08,2025-11-08_65,0.0,0,0,100,65.80415701863363,65.80415701863363,0.0,0.0,0.0,True,True,True,False,0.0,1024.8721981911128,0.0,0.0,0.0,0.0,1024.8721981911128
2025-11-08T15:15:00Z,2025-11-08T15:30:00Z,2025-11-08,2025-11-08_66,0.0,0,0,100,65.80415701863363,65.80415701863363,0.0,0.0,0.0,True,True,True,False,0.0,1024.8721981911128,0.0,0.0,0.0,0.0,1024.8721981911128
2025-11-08T15:30:00Z,2025-11-08T15:45:00Z,2025-11-08,2025-11-08_67,0.0,0,0,100,65.80415701863363,65.80415701863363,0.0,0.0,0.0,True,True,True,False,0.0,1024.8721981911128,0.0,0.0,0.0,0.0,1024.8721981911128
2025-11-08T15:45:00Z,2025-11-08T16:00:00Z,2025-11-08,2025-11-08_68,0.0,0,0,100,65.80415701863363,65.80415701863363,0.0,0.0,0.0,True,True,True,False,0.0,1024.8721981911128,0.0,0.0,0.0,0.0,1024.8721981911128
2025-11-08T16:00:00Z,2025-11-08T16:15:00Z,2025-11-08,2025-11-08_69,0.0,0,0,100,65.80415701863363,65.80415701863363,0.0,0.0,0.0,True,True,True,False,0.0,1024.8721981911128,0.0,0.0,0.0,0.0,1024.8721981911128
2025-11-08T16:15:00Z,2025-11-08T16:30:00Z,2025-11-08,2025-11-08_70,0.0,0,0,100,65.80415701863363,65.80415701863363,0.0,0.0,0.0,True,True,True,False,0.0,1024.8721981911128,0.0,0.0,0.0,0.0,1024.8721981911128
2025-11-08T16:30:00Z,2025-11-08T16:45:00Z,2025-11-08,2025-11-08_71,0.0,0,0,100,65.80415701863363,65.80415701863363,0.0,0.0,0.0,True,True,True,False,0.0,1024.8721981911128,0.0,0.0,0.0,0.0,1024.8721981911128
2025-11-08T16:45:00Z,2025-11-08T17:00:00Z,2025-11-08,2025-11-08_72,0.0,0,0,100,65.80415701863363,65.80415701863363,0.0,0.0,0.0,True,True,True,False,0.0,1024.8721981911128,0.0,0.0,0.0,0.0,1024.8721981911128
2025-11-08T17:00:00Z,2025-11-08T17:15:00Z,2025-11-08,2025-11-08_73,0.0,0,0,100,65.80415701863363,65.80415701863363,0.0,0.0,0.0,True,True,True,False,0.0,1024.8721981911128,0.0,0.0,0.0,0.0,1024.8721981911128
2025-11-08T17:15:00Z,2025-11-08T17:30:00Z,2025-11-08,2025-11-08_74,0.0,0,0,100,65.80415701863363,65.80415701863363,0.0,0.0,0.0,True,True,True,False,0.0,1024.8721981911128,0.0,0.0,0.0,0.0,1024.8721981911128
2025-11-08T17:30:00Z,2025-11-08T17:45:00Z,2025-11-08,2025-11-08_75,0.0,0,0,100,65.80415701863363,65.80415701863363,0.0,0.0,0.0,True,True,True,False,0.0,1024.8721981911128,0.0,0.0,0.0,0.0,1024.8721981911128
2025-11-08T17:45:00Z,2025-11-08T18:00:00Z,2025-11-08,2025-11-08_76,0.0,0,0,100,65.80415701863363,65.80415701863363,0.0,0.0,0.0,True,True,True,False,0.0,1024.8721981911128,0.0,0.0,0.0,0.0,1024.8721981911128
2025-11-08T18:00:00Z,2025-11-08T18:15:00Z,2025-11-08,2025-11-08_77,0.0,100,100,0,65.80415701863363,56.79297689441003,0.025031055900621116,8.290285714285714,0.0,True,True,True,False,0.0,0.0,111.36453008257962,33.76917027133307,4050.228376832762,0.0,4195.3620771866745
2025-11-08T18:15:00Z,2025-11-08T18:30:00Z,2025-11-08,2025-11-08_78,0.0,100,100,0,56.79297689441003,48.25728894409947,0.02375697446514838,7.860571428571429,0.009142857142857144,True,True,True,False,0.0,0.0,111.36453008257962,33.76917027133307,4001.3677829335434,-0.7190607269254536,4145.782422560531
2025-11-08T18:30:00Z,2025-11-08T18:45:00Z,2025-11-08,2025-11-08_79,0.0,100,100,0,48.25728894409947,57.642866086956616,0.026071047619047622,0.0,10.201714285714287,True,True,True,False,0.0,0.0,111.36453008257962,33.76917027133307,0.0,-558.5268074827258,-413.3931071288131
2025-11-08T18:45:00Z,2025-11-08T19:00:00Z,2025-11-08,2025-11-08_80,0.0,100,100,0,57.642866086956616,64.34782608695662,0.018624888888888892,0.0,7.288,True,True,True,False,0.0,0.0,111.36453008257962,33.76917027133307,0.0,-188.98216751867872,-43.848467164766035
2025-11-08T19:00:00Z,2025-11-08T19:15:00Z,2025-11-08,2025-11-08_81,0.0,0,0,100,64.34782608695662,64.34782608695662,0.0,0.0,0.0,True,True,True,False,0.0,1024.8721981911128,0.0,0.0,0.0,0.0,1024.8721981911128
2025-11-08T19:15:00Z,2025-11-08T19:30:00Z,2025-11-08,2025-11-08_82,0.0,0,0,100,64.34782608695662,64.34782608695662,0.0,0.0,0.0,True,True,True,False,0.0,1024.8721981911128,0.0,0.0,0.0,0.0,1024.8721981911128
2025-11-08T19:30:00Z,2025-11-08T19:45:00Z,2025-11-08,2025-11-08_83,0.0,0,0,100,64.34782608695662,64.34782608695662,0.0,0.0,0.0,True,True,True,False,0.0,1024.8721981911128,0.0,0.0,0.0,0.0,1024.8721981911128
2025-11-08T19:45:00Z,2025-11-08T20:00:00Z,2025-11-08,2025-11-08_84,0.0,0,0,100,64.34782608695662,64.34782608695662,0.0,0.0,0.0,True,True,True,False,0.0,1024.8721981911128,0.0,0.0,0.0,0.0,1024.8721981911128
2025-11-08T20:00:00Z,2025-11-08T20:15:00Z,2025-11-08,2025-11-08_85,0.0,100,99,0,64.34782608695662,61.08923967204978,0.009057411787439613,2.998857142857143,0.0011314285714285714,True,True,True,False,0.0,0.0,111.06960283130161,33.43147856861973,471.5334338520308,-0.08898376495702488,615.9455314869952
2025-11-08T20:15:00Z,2025-11-08T20:30:00Z,2025-11-08,2025-11-08_86,0.0,100,99,0,61.08923967204978,58.812221038509406,0.006325051759834368,2.0948571428571428,0.0,True,True,True,False,0.0,0.0,111.06960283130161,33.43147856861973,342.20805348014153,0.0,486.7091348800629
2025-11-08T20:30:00Z,2025-11-08T20:45:00Z,2025-11-08,2025-11-08_87,0.0,100,99,0,58.812221038509406,49.50748997763984,0.025982372311939266,8.582857142857142,0.026588571428571427,True,True,True,False,0.0,0.0,111.06960283130161,33.43147856861973,6589.121530251108,-2.0911184764900845,6731.53149317454
2025-11-08T20:45:00Z,2025-11-08T21:00:00Z,2025-11-08,2025-11-08_88,-1.0,100,99,0,49.50748997763984,28.07206150559015,0.05980031083505867,19.962857142857143,0.0,True,True,True,False,-26.0325,0.0,111.06960283130161,33.43147856861973,23807.4655699118,0.0,23925.93415131172
2025-11-08T21:00:00Z,2025-11-08T21:15:00Z,2025-11-08,2025-11-08_89,0.0,100,100,0,28.07206150559015,16.157775791304438,0.033095238095238094,10.961142857142857,0.0,True,True,True,False,0.0,0.0,111.06960283130161,33.76917027133307,9686.150306162574,0.0,9830.989079265208
2025-11-08T21:15:00Z,2025-11-08T21:30:00Z,2025-11-08,2025-11-08_90,0.0,100,100,0,16.157775791304438,15.800113182608786,0.0011044913733609385,0.3474285714285714,0.021714285714285714,True,True,True,False,0.0,0.0,111.06960283130161,33.76917027133307,54.058546823212176,-1.7077692264479523,197.1895506993989
2025-11-08T21:30:00Z,2025-11-08T21:45:00Z,2025-11-08,2025-11-08_91,0.0,100,100,0,15.800113182608786,10.049802623602575,0.015973084886128364,5.290285714285714,0.0,True,True,True,False,0.0,0.0,111.06960283130161,33.76917027133307,3132.152871411718,0.0,3276.9916445143526
2025-11-08T21:45:00Z,2025-11-08T22:00:00Z,2025-11-08,2025-11-08_92,0.0,100,100,0,10.049802623602575,11.316608089441084,0.00856376259489303,0.8354285714285713,2.364,True,True,True,False,0.0,0.0,111.06960283130161,33.76917027133307,131.0387618673108,-75.00006134486826,200.87747362507722
2025-11-08T22:00:00Z,2025-11-08T22:15:00Z,2025-11-09,2025-11-08_93,0.0,100,100,0,11.316608089441084,21.816173803726798,0.02916546031746032,0.0,11.412571428571429,True,True,True,False,0.0,0.0,111.06960283130161,33.76917027133307,0.0,407.3520579742711,552.1908310769057
2025-11-08T22:15:00Z,2025-11-08T22:30:00Z,2025-11-09,2025-11-08_94,0.0,100,100,0,21.816173803726798,40.01429951801251,0.0505503492063492,0.0,19.780571428571427,True,True,True,False,0.0,0.0,111.06960283130161,33.76917027133307,0.0,1712.0306256951856,1856.8693987978202
2025-11-08T22:30:00Z,2025-11-08T22:45:00Z,2025-11-09,2025-11-08_95,0.0,100,100,0,40.01429951801251,52.30129380372679,0.03413053968253968,0.0,13.35542857142857,True,True,True,False,0.0,0.0,111.06960283130161,33.76917027133307,0.0,1325.7166649064657,1470.5554380091003
2025-11-08T22:45:00Z,2025-11-08T23:00:00Z,2025-11-09,2025-11-08_96,0.0,100,100,0,52.30129380372679,66.57916808944108,0.0396607619047619,0.0,15.51942857142857,True,True,True,False,0.0,0.0,111.06960283130161,33.76917027133307,0.0,-311.2399124768271,-166.40113937419244
2025-11-08T23:00:00Z,2025-11-08T23:15:00Z,2025-11-09,2025-11-09_1,0.0,0,0,100,66.57916808944108,66.57916808944108,0.0,0.0,0.0,True,True,True,False,0.0,1024.8721981911128,0.0,0.0,0.0,0.0,1024.8721981911128
2025-11-08T23:15:00Z,2025-11-08T23:30:00Z,2025-11-09,2025-11-09_2,0.0,0,0,100,66.57916808944108,66.57916808944108,0.0,0.0,0.0,True,True,True,False,0.0,1024.8721981911128,0.0,0.0,0.0,0.0,1024.8721981911128
2025-11-08T23:30:00Z,2025-11-08T23:45:00Z,2025-11-09,2025-11-09_3,0.0,0,0,100,66.57916808944108,66.57916808944108,0.0,0.0,0.0,True,True,True,False,0.0,1024.8721981911128,0.0,0.0,0.0,0.0,1024.8721981911128
2025-11-08T23:45:00Z,2025-11-09T00:00:00Z,2025-11-09,2025-11-09_4,0.0,0,0,100,66.57916808944108,66.57916808944108,0.0,0.0,0.0,True,True,True,False,0.0,1024.8721981911128,0.0,0.0,0.0,0.0,1024.8721981911128
2025-11-09T00:00:00Z,2025-11-09T00:15:00Z,2025-11-09,2025-11-09_5,0.0,0,0,100,66.57916808944108,66.57916808944108,0.0,0.0,0.0,True,True,True,False,0.0,1024.8721981911128,0.0,0.0,0.0,0.0,1024.8721981911128
2025-11-09T00:15:00Z,2025-11-09T00:30:00Z,2025-11-09,2025-11-09_6,0.0,0,0,100,66.57916808944108,66.57916808944108,0.0,0.0,0.0,True,True,True,False,0.0,1024.8721981911128,0.0,0.0,0.0,0.0,1024.8721981911128
2025-11-09T00:30:00Z,2025-11-09T00:45:00Z,2025-11-09,2025-11-09_7,0.0,0,0,100,66.57916808944108,66.57916808944108,0.0,0.0,0.0,True,True,True,False,0.0,1024.8721981911128,0.0,0.0,0.0,0.0,1024.8721981911128
2025-11-09T00:45:00Z,2025-11-09T01:00:00Z,2025-11-09,2025-11-09_8,0.0,0,0,100,66.57916808944108,66.57916808944108,0.0,0.0,0.0,True,True,True,False,0.0,1024.8721981911128,0.0,0.0,0.0,0.0,1024.8721981911128
2025-11-09T01:00:00Z,2025-11-09T01:15:00Z,2025-11-09,2025-11-09_9,0.0,0,0,100,66.57916808944108,66.57916808944108,0.0,0.0,0.0,True,True,True,False,0.0,1024.8721981911128,0.0,0.0,0.0,0.0,1024.8721981911128
2025-11-09T01:15:00Z,2025-11-09T01:30:00Z,2025-11-09,2025-11-09_10,0.0,0,0,100,66.57916808944108,66.57916808944108,0.0,0.0,0.0,True,True,True,False,0.0,1024.8721981911128,0.0,0.0,0.0,0.0,1024.8721981911128
2025-11-09T01:30:00Z,2025-11-09T01:45:00Z,2025-11-09,2025-11-09_11,0.0,0,0,100,66.57916808944108,66.57916808944108,0.0,0.0,0.0,True,True,True,False,0.0,1024.8721981911128,0.0,0.0,0.0,0.0,1024.8721981911128
2025-11-09T01:45:00Z,2025-11-09T02:00:00Z,2025-11-09,2025-11-09_12,0.0,0,0,100,66.57916808944108,66.57916808944108,0.0,0.0,0.0,True,True,True,False,0.0,1024.8721981911128,0.0,0.0,0.0,0.0,1024.8721981911128
2025-11-09T02:00:00Z,2025-11-09T02:15:00Z,2025-11-09,2025-11-09_13,0.0,0,0,100,66.57916808944108,66.57916808944108,0.0,0.0,0.0,True,True,True,False,0.0,1024.8721981911128,0.0,0.0,0.0,0.0,1024.8721981911128
2025-11-09T02:15:00Z,2025-11-09T02:30:00Z,2025-11-09,2025-11-09_14,0.0,0,0,100,66.57916808944108,66.57916808944108,0.0,0.0,0.0,True,True,True,False,0.0,1024.8721981911128,0.0,0.0,0.0,0.0,1024.8721981911128
2025-11-09T02:30:00Z,2025-11-09T02:45:00Z,2025-11-09,2025-11-09_15,0.0,0,0,100,66.57916808944108,66.57916808944108,0.0,0.0,0.0,True,True,True,False,0.0,1024.8721981911128,0.0,0.0,0.0,0.0,1024.8721981911128
2025-11-09T02:45:00Z,2025-11-09T03:00:00Z,2025-11-09,2025-11-09_16,0.0,0,0,100,66.57916808944108,66.57916808944108,0.0,0.0,0.0,True,True,True,False,0.0,1024.8721981911128,0.0,0.0,0.0,0.0,1024.8721981911128
2025-11-09T03:00:00Z,2025-11-09T03:15:00Z,2025-11-09,2025-11-09_17,0.0,0,0,100,66.57916808944108,66.57916808944108,0.0,0.0,0.0,True,True,True,False,0.0,1024.8721981911128,0.0,0.0,0.0,0.0,1024.8721981911128
2025-11-09T03:15:00Z,2025-11-09T03:30:00Z,2025-11-09,2025-11-09_18,0.0,0,0,100,66.57916808944108,66.57916808944108,0.0,0.0,0.0,True,True,True,False,0.0,1024.8721981911128,0.0,0.0,0.0,0.0,1024.8721981911128
2025-11-09T03:30:00Z,2025-11-09T03:45:00Z,2025-11-09,2025-11-09_19,0.0,0,0,100,66.57916808944108,66.57916808944108,0.0,0.0,0.0,True,True,True,False,0.0,1024.8721981911128,0.0,0.0,0.0,0.0,1024.8721981911128
2025-11-09T03:45:00Z,2025-11-09T04:00:00Z,2025-11-09,2025-11-09_20,0.0,0,0,100,66.57916808944108,66.57916808944108,0.0,0.0,0.0,True,True,True,False,0.0,1024.8721981911128,0.0,0.0,0.0,0.0,1024.8721981911128
2025-11-09T04:00:00Z,2025-11-09T04:15:00Z,2025-11-09,2025-11-09_21,0.0,0,0,100,66.57916808944108,66.57916808944108,0.0,0.0,0.0,True,True,True,False,0.0,1024.8721981911128,0.0,0.0,0.0,0.0,1024.8721981911128
2025-11-09T04:15:00Z,2025-11-09T04:30:00Z,2025-11-09,2025-11-09_22,0.0,0,0,100,66.57916808944108,66.57916808944108,0.0,0.0,0.0,True,True,True,False,0.0,1024.8721981911128,0.0,0.0,0.0,0.0,1024.8721981911128
2025-11-09T04:30:00Z,2025-11-09T04:45:00Z,2025-11-09,2025-11-09_23,0.0,0,0,100,66.57916808944108,66.57916808944108,0.0,0.0,0.0,True,True,True,False,0.0,1024.8721981911128,0.0,0.0,0.0,0.0,1024.8721981911128
2025-11-09T04:45:00Z,2025-11-09T05:00:00Z,2025-11-09,2025-11-09_24,0.0,0,0,100,66.57916808944108,66.57916808944108,0.0,0.0,0.0,True,True,True,False,0.0,1024.8721981911128,0.0,0.0,0.0,0.0,1024.8721981911128
2025-11-09T05:00:00Z,2025-11-09T05:15:00Z,2025-11-09,2025-11-09_25,0.0,0,0,100,66.57916808944108,66.57916808944108,0.0,0.0,0.0,True,True,True,False,0.0,1024.8721981911128,0.0,0.0,0.0,0.0,1024.8721981911128
2025-11-09T05:15:00Z,2025-11-09T05:30:00Z,2025-11-09,2025-11-09_26,0.0,0,0,100,66.57916808944108,66.57916808944108,0.0,0.0,0.0,True,True,True,False,0.0,1024.8721981911128,0.0,0.0,0.0,0.0,1024.8721981911128
2025-11-09T05:30:00Z,2025-11-09T05:45:00Z,2025-11-09,2025-11-09_27,0.0,0,0,100,66.57916808944108,66.57916808944108,0.0,0.0,0.0,True,True,True,False,0.0,1024.8721981911128,0.0,0.0,0.0,0.0,1024.8721981911128
2025-11-09T05:45:00Z,2025-11-09T06:00:00Z,2025-11-09,2025-11-09_28,0.0,0,0,100,66.57916808944108,66.57916808944108,0.0,0.0,0.0,True,True,True,False,0.0,1024.8721981911128,0.0,0.0,0.0,0.0,1024.8721981911128
2025-11-09T06:00:00Z,2025-11-09T06:15:00Z,2025-11-09,2025-11-09_29,0.0,0,0,100,66.57916808944108,66.57916808944108,0.0,0.0,0.0,True,True,True,False,0.0,1024.8721981911128,0.0,0.0,0.0,0.0,1024.8721981911128
2025-11-09T06:15:00Z,2025-11-09T06:30:00Z,2025-11-09,2025-11-09_30,0.0,0,0,100,66.57916808944108,66.57916808944108,0.0,0.0,0.0,True,True,True,False,0.0,1024.8721981911128,0.0,0.0,0.0,0.0,1024.8721981911128
2025-11-09T06:30:00Z,2025-11-09T06:45:00Z,2025-11-09,2025-11-09_31,0.0,0,0,100,66.57916808944108,66.57916808944108,0.0,0.0,0.0,True,True,True,False,0.0,1024.8721981911128,0.0,0.0,0.0,0.0,1024.8721981911128
2025-11-09T06:45:00Z,2025-11-09T07:00:00Z,2025-11-09,2025-11-09_32,0.0,0,0,100,66.57916808944108,66.57916808944108,0.0,0.0,0.0,True,True,True,False,0.0,1024.8721981911128,0.0,0.0,0.0,0.0,1024.8721981911128
2025-11-09T07:00:00Z,2025-11-09T07:15:00Z,2025-11-09,2025-11-09_33,0.0,0,0,100,66.57916808944108,66.57916808944108,0.0,0.0,0.0,True,True,True,False,0.0,1024.8721981911128,0.0,0.0,0.0,0.0,1024.8721981911128
2025-11-09T07:15:00Z,2025-11-09T07:30:00Z,2025-11-09,2025-11-09_34,0.0,0,0,100,66.57916808944108,66.57916808944108,0.0,0.0,0.0,True,True,True,False,0.0,1024.8721981911128,0.0,0.0,0.0,0.0,1024.8721981911128
2025-11-09T07:30:00Z,2025-11-09T07:45:00Z,2025-11-09,2025-11-09_35,0.0,0,0,100,66.57916808944108,66.57916808944108,0.0,0.0,0.0,True,True,True,False,0.0,1024.8721981911128,0.0,0.0,0.0,0.0,1024.8721981911128
2025-11-09T07:45:00Z,2025-11-09T08:00:00Z,2025-11-09,2025-11-09_36,0.0,0,0,100,66.57916808944108,66.57916808944108,0.0,0.0,0.0,True,True,True,False,0.0,1024.8721981911128,0.0,0.0,0.0,0.0,1024.8721981911128
2025-11-09T08:00:00Z,2025-11-09T08:15:00Z,2025-11-09,2025-11-09_37,0.0,1,1,99,66.57916808944108,66.57436940124234,1.64839751552795e-05,0.004937142857142857,0.0006171428571428571,True,True,True,False,0.0,1014.6234762092016,1.1154148643334643,0.33769170271333065,0.7360565541261727,-0.048536599067468114,1016.7641027313072
2025-11-09T08:15:00Z,2025-11-09T08:30:00Z,2025-11-09,2025-11-09_38,0.0,1,1,99,66.57436940124234,66.57403236770196,6.310172532781228e-06,0.0012,0.0010514285714285714,True,True,True,False,0.0,1014.6234762092016,1.1154148643334643,0.33769170271333065,0.177621470703893,-0.08269198359642715,1016.1715122633559
2025-11-09T08:30:00Z,2025-11-09T08:45:00Z,2025-11-09,2025-11-09_39,0.0,1,1,99,66.57403236770196,66.57366996273302,5.446045548654244e-06,0.0010685714285714285,0.0008685714285714285,True,True,True,False,0.0,1014.6234762092016,1.1154148643334643,0.33769170271333065,0.15794162238076512,-0.06831076905791808,1016.1662136295713
2025-11-09T08:45:00Z,2025-11-09T09:00:00Z,2025-11-09,2025-11-09_40,0.0,1,1,99,66.57366996273302,66.57375770434793,5.6267494824016575e-06,0.0008914285714285714,0.0011485714285714287,True,True,True,False,0.0,1014.6234762092016,1.1154148643334643,0.33769170271333065,0.1305779855064322,-0.09033200382001011,1016.1168287579349
2025-11-09T09:00:00Z,2025-11-09T09:15:00Z,2025-11-09,2025-11-09_41,0.0,1,1,99,66.57375770434793,66.66301873291935,0.00024794730158730156,0.0,0.09702285714285713,True,True,True,False,0.0,1014.6234762092016,1.1006685017695634,0.33769170271333065,0.0,-3.6281512386944543,1012.43368517499
2025-11-09T09:15:00Z,2025-11-09T09:30:00Z,2025-11-09,2025-11-09_42,0.0,1,1,99,66.66301873291935,66.67914289689452,4.534144927536232e-05,9.142857142857143e-05,0.017634285714285713,True,True,True,False,0.0,1014.6234762092016,1.1006685017695634,0.33769170271333065,0.012795919330374696,-1.033776194595809,1015.040856138419
2025-11-09T09:30:00Z,2025-11-09T09:45:00Z,2025-11-09,2025-11-09_43,0.0,1,1,99,66.67914289689452,66.66161596024855,4.9795776397515526e-05,0.01630857142857143,0.00021714285714285713,True,True,True,False,0.0,1014.6234762092016,1.1006685017695634,0.33769170271333065,2.313620648278187,-0.01707769226447952,1018.3583793696982
2025-11-09T09:45:00Z,2025-11-09T10:00:00Z,2025-11-09,2025-11-09_44,0.0,1,1,99,66.66161596024855,66.64617496645974,4.289164941338854e-05,0.014205714285714287,0.0,True,True,True,False,0.0,1014.6234762092016,1.1006685017695634,0.33769170271333065,2.1022809212965563,0.0,1018.164117334981
2025-11-09T10:00:00Z,2025-11-09T10:15:00Z,2025-11-09,2025-11-09_45,-40.0,100,60,0,66.64617496645974,61.802169401242345,0.03642227577639751,13.766285714285715,0.0,True,True,True,False,-1022.2,0.0,110.06685017695634,20.26150216279984,6948.1497159710125,0.0,6056.2780683107685
2025-11-09T10:15:00Z,2025-11-09T10:30:00Z,2025-11-09,2025-11-09_46,-40.0,100,60,0,61.802169401242345,56.824083836024954,0.03652602180814355,13.897714285714285,0.0,True,True,True,False,-1018.8,0.0,110.06685017695634,20.26150216279984,9082.161750800515,0.0,8193.69010314027
2025-11-09T10:30:00Z,2025-11-09T10:45:00Z,2025-11-09,2025-11-09_47,-39.364560691813175,100,60,0,56.824083836024954,62.51894558012424,0.02786245545403436,3.289142857142857,0.0,True,True,True,False,-983.2283146797636,0.0,110.06685017695634,20.26150216279984,517.2658938261895,0.0,-335.63406851381785
2025-11-09T10:45:00Z,2025-11-09T11:00:00Z,2025-11-09,2025-11-09_48,0.0,100,60,0,62.51894558012424,64.2945580024845,0.005625838509316771,0.11485714285714287,2.065714285714286,True,True,True,False,0.0,0.0,110.06685017695634,20.26150216279984,17.79404977248469,-114.20768102915565,33.91472108308521
2025-11-09T11:00:00Z,2025-11-09T11:15:00Z,2025-11-09,2025-11-09_49,0.0,1,1,99,64.2945580024845,64.32176897391307,7.558603174603175e-05,0.0,0.029577142857142857,True,True,True,False,0.0,1014.6234762092016,1.1006685017695634,0.33769170271333065,0.0,-1.7724303488568056,1014.2894060648277
2025-11-09T11:15:00Z,2025-11-09T11:30:00Z,2025-11-09,2025-11-09_50,0.0,1,1,99,64.32176897391307,64.32908023850935,2.0550614216701177e-05,4e-05,0.007994285714285714,True,True,True,False,0.0,1014.6234762092016,1.1006685017695634,0.33769170271333065,0.005909783720015729,-0.5811308151227459,1015.4866153822818
2025-11-09T11:30:00Z,2025-11-09T11:45:00Z,2025-11-09,2025-11-09_51,0.0,1,1,99,64.32908023850935,64.33708495900625,2.230434782608696e-05,1.1428571428571429e-05,0.008714285714285714,True,True,True,False,0.0,1014.6234762092016,1.1006685017695634,0.33769170271333065,0.00157294534014943,-0.6155633672265602,1015.4478459917981
2025-11-09T11:45:00Z,2025-11-09T12:00:00Z,2025-11-09,2025-11-09_52,0.0,1,1,99,64.33708495900625,64.33233301863358,1.4923008971704624e-05,0.004657142857142857,0.00033714285714285714,True,True,True,False,0.0,1014.6234762092016,1.1006685017695634,0.33769170271333065,0.7279418291107241,-0.0265153643053761,1016.7632628784899
2025-11-09T12:00:00Z,2025-11-09T12:15:00Z,2025-11-09,2025-11-09_53,0.0,1,1,99,64.33233301863358,64.3234945093168,2.455141476880608e-05,0.008131428571428572,0.0,True,True,True,False,0.0,1014.6234762092016,1.1006685017695634,0.33769170271333065,1.2744263614403686,0.0,1017.3362627751249
2025-11-09T12:15:00Z,2025-11-09T12:30:00Z,2025-11-09,2025-11-09_54,0.0,1,1,99,64.3234945093168,64.31307271552798,4.8897363699102827e-05,0.012891428571428571,0.0039028571428571432,True,True,True,False,0.0,1014.6234762092016,1.1006685017695634,0.33769170271333065,2.0257412415032863,-0.24735719229256783,1017.8402204628952
2025-11-09T12:30:00Z,2025-11-09T12:45:00Z,2025-11-09,2025-11-09_55,0.0,1,1,99,64.31307271552798,64.35610242981369,0.00011952698412698414,0.0,0.046771428571428575,True,True,True,False,0.0,1014.6234762092016,1.1006685017695634,0.33769170271333065,0.0,-2.575040267400708,1013.4867961462838
2025-11-09T12:45:00Z,2025-11-09T13:00:00Z,2025-11-09,2025-11-09_56,0.0,1,1,99,64.35610242981369,64.34782608695654,4.685142857142857e-05,0.011565714285714285,0.004668571428571428,True,True,True,False,0.0,1014.6234762092016,1.1006685017695634,0.33769170271333065,1.8181525712038646,-0.3605805932250997,1017.5194083916633
2025-11-09T13:00:00Z,2025-11-09T13:15:00Z,2025-11-09,2025-11-09_57,0.0,0,0,100,64.34782608695654,64.34782608695654,0.0,0.0,0.0,True,True,True,False,0.0,1024.8721981911128,0.0,0.0,0.0,0.0,1024.8721981911128
2025-11-09T13:15:00Z,2025-11-09T13:30:00Z,2025-11-09,2025-11-09_58,0.0,0,0,100,64.34782608695654,64.34782608695654,0.0,0.0,0.0,True,True,True,False,0.0,1024.8721981911128,0.0,0.0,0.0,0.0,1024.8721981911128
2025-11-09T13:30:00Z,2025-11-09T13:45:00Z,2025-11-09,2025-11-09_59,0.0,0,0,100,64.34782608695654,64.34782608695654,0.0,0.0,0.0,True,True,True,False,0.0,1024.8721981911128,0.0,0.0,0.0,0.0,1024.8721981911128
2025-11-09T13:45:00Z,2025-11-09T14:00:00Z,2025-11-09,2025-11-09_60,0.0,0,0,100,64.34782608695654,64.34782608695654,0.0,0.0,0.0,True,True,True,False,0.0,1024.8721981911128,0.0,0.0,0.0,0.0,1024.8721981911128
2025-11-09T14:00:00Z,2025-11-09T14:15:00Z,2025-11-09,2025-11-09_61,0.0,0,0,100,64.34782608695654,64.34782608695654,0.0,0.0,0.0,True,True,True,False,0.0,1024.8721981911128,0.0,0.0,0.0,0.0,1024.8721981911128
2025-11-09T14:15:00Z,2025-11-09T14:30:00Z,2025-11-09,2025-11-09_62,0.0,0,0,100,64.34782608695654,64.34782608695654,0.0,0.0,0.0,True,True,True,False,0.0,1024.8721981911128,0.0,0.0,0.0,0.0,1024.8721981911128
2025-11-09T14:30:00Z,2025-11-09T14:45:00Z,2025-11-09,2025-11-09_63,0.0,0,0,100,64.34782608695654,64.34782608695654,0.0,0.0,0.0,True,True,True,False,0.0,1024.8721981911128,0.0,0.0,0.0,0.0,1024.8721981911128
2025-11-09T14:45:00Z,2025-11-09T15:00:00Z,2025-11-09,2025-11-09_64,0.0,0,0,100,64.34782608695654,64.34782608695654,0.0,0.0,0.0,True,True,True,False,0.0,1024.8721981911128,0.0,0.0,0.0,0.0,1024.8721981911128
2025-11-09T15:00:00Z,2025-11-09T15:15:00Z,2025-11-09,2025-11-09_65,0.0,0,0,100,64.34782608695654,64.34782608695654,0.0,0.0,0.0,True,True,True,False,0.0,1024.8721981911128,0.0,0.0,0.0,0.0,1024.8721981911128
2025-11-09T15:15:00Z,2025-11-09T15:30:00Z,2025-11-09,2025-11-09_66,0.0,0,0,100,64.34782608695654,64.34782608695654,0.0,0.0,0.0,True,True,True,False,0.0,1024.8721981911128,0.0,0.0,0.0,0.0,1024.8721981911128
2025-11-09T15:30:00Z,2025-11-09T15:45:00Z,2025-11-09,2025-11-09_67,0.0,0,0,100,64.34782608695654,64.34782608695654,0.0,0.0,0.0,True,True,True,False,0.0,1024.8721981911128,0.0,0.0,0.0,0.0,1024.8721981911128
2025-11-09T15:45:00Z,2025-11-09T16:00:00Z,2025-11-09,2025-11-09_68,0.0,0,0,100,64.34782608695654,64.34782608695654,0.0,0.0,0.0,True,True,True,False,0.0,1024.8721981911128,0.0,0.0,0.0,0.0,1024.8721981911128
2025-11-09T16:00:00Z,2025-11-09T16:15:00Z,2025-11-09,2025-11-09_69,0.0,0,0,100,64.34782608695654,64.34782608695654,0.0,0.0,0.0,True,True,True,False,0.0,1024.8721981911128,0.0,0.0,0.0,0.0,1024.8721981911128
2025-11-09T16:15:00Z,2025-11-09T16:30:00Z,2025-11-09,2025-11-09_70,0.0,0,0,100,64.34782608695654,64.34782608695654,0.0,0.0,0.0,True,True,True,False,0.0,1024.8721981911128,0.0,0.0,0.0,0.0,1024.8721981911128
2025-11-09T16:30:00Z,2025-11-09T16:45:00Z,2025-11-09,2025-11-09_71,0.0,0,0,100,64.34782608695654,64.34782608695654,0.0,0.0,0.0,True,True,True,False,0.0,1024.8721981911128,0.0,0.0,0.0,0.0,1024.8721981911128
2025-11-09T16:45:00Z,2025-11-09T17:00:00Z,2025-11-09,2025-11-09_72,0.0,0,0,100,64.34782608695654,64.34782608695654,0.0,0.0,0.0,True,True,True,False,0.0,1024.8721981911128,0.0,0.0,0.0,0.0,1024.8721981911128
2025-11-09T17:00:00Z,2025-11-09T17:15:00Z,2025-11-09,2025-11-09_73,0.0,0,0,100,64.34782608695654,64.34782608695654,0.0,0.0,0.0,True,True,True,False,0.0,1024.8721981911128,0.0,0.0,0.0,0.0,1024.8721981911128
2025-11-09T17:15:00Z,2025-11-09T17:30:00Z,2025-11-09,2025-11-09_74,0.0,0,0,100,64.34782608695654,64.34782608695654,0.0,0.0,0.0,True,True,True,False,0.0,1024.8721981911128,0.0,0.0,0.0,0.0,1024.8721981911128
2025-11-09T17:30:00Z,2025-11-09T17:45:00Z,2025-11-09,2025-11-09_75,0.0,0,0,100,64.34782608695654,64.34782608695654,0.0,0.0,0.0,True,True,True,False,0.0,1024.8721981911128,0.0,0.0,0.0,0.0,1024.8721981911128
2025-11-09T17:45:00Z,2025-11-09T18:00:00Z,2025-11-09,2025-11-09_76,0.0,0,0,100,64.34782608695654,64.34782608695654,0.0,0.0,0.0,True,True,True,False,0.0,1024.8721981911128,0.0,0.0,0.0,0.0,1024.8721981911128
2025-11-09T18:00:00Z,2025-11-09T18:15:00Z,2025-11-09,2025-11-09_77,0.0,0,0,100,64.34782608695654,64.34782608695654,0.0,0.0,0.0,True,True,True,False,0.0,1024.8721981911128,0.0,0.0,0.0,0.0,1024.8721981911128
2025-11-09T18:15:00Z,2025-11-09T18:30:00Z,2025-11-09,2025-11-09_78,0.0,0,0,100,64.34782608695654,64.34782608695654,0.0,0.0,0.0,True,True,True,False,0.0,1024.8721981911128,0.0,0.0,0.0,0.0,1024.8721981911128
2025-11-09T18:30:00Z,2025-11-09T18:45:00Z,2025-11-09,2025-11-09_79,0.0,0,0,100,64.34782608695654,64.34782608695654,0.0,0.0,0.0,True,True,True,False,0.0,1024.8721981911128,0.0,0.0,0.0,0.0,1024.8721981911128
2025-11-09T18:45:00Z,2025-11-09T19:00:00Z,2025-11-09,2025-11-09_80,0.0,0,0,100,64.34782608695654,64.34782608695654,0.0,0.0,0.0,True,True,True,False,0.0,1024.8721981911128,0.0,0.0,0.0,0.0,1024.8721981911128
2025-11-09T19:00:00Z,2025-11-09T19:15:00Z,2025-11-09,2025-11-09_81,0.0,0,0,100,64.34782608695654,64.34782608695654,0.0,0.0,0.0,True,True,True,False,0.0,1024.8721981911128,0.0,0.0,0.0,0.0,1024.8721981911128
2025-11-09T19:15:00Z,2025-11-09T19:30:00Z,2025-11-09,2025-11-09_82,0.0,0,0,100,64.34782608695654,64.34782608695654,0.0,0.0,0.0,True,True,True,False,0.0,1024.8721981911128,0.0,0.0,0.0,0.0,1024.8721981911128
2025-11-09T19:30:00Z,2025-11-09T19:45:00Z,2025-11-09,2025-11-09_83,0.0,0,0,100,64.34782608695654,64.34782608695654,0.0,0.0,0.0,True,True,True,False,0.0,1024.8721981911128,0.0,0.0,0.0,0.0,1024.8721981911128
2025-11-09T19:45:00Z,2025-11-09T20:00:00Z,2025-11-09,2025-11-09_84,0.0,0,0,100,64.34782608695654,64.34782608695654,0.0,0.0,0.0,True,True,True,False,0.0,1024.8721981911128,0.0,0.0,0.0,0.0,1024.8721981911128
2025-11-09T20:00:00Z,2025-11-09T20:15:00Z,2025-11-09,2025-11-09_85,0.0,0,0,100,64.34782608695654,64.34782608695654,0.0,0.0,0.0,True,True,True,False,0.0,1024.8721981911128,0.0,0.0,0.0,0.0,1024.8721981911128
2025-11-09T20:15:00Z,2025-11-09T20:30:00Z,2025-11-09,2025-11-09_86,0.0,0,0,100,64.34782608695654,64.34782608695654,0.0,0.0,0.0,True,True,True,False,0.0,1024.8721981911128,0.0,0.0,0.0,0.0,1024.8721981911128
2025-11-09T20:30:00Z,2025-11-09T20:45:00Z,2025-11-09,2025-11-09_87,0.0,0,0,100,64.34782608695654,64.34782608695654,0.0,0.0,0.0,True,True,True,False,0.0,1024.8721981911128,0.0,0.0,0.0,0.0,1024.8721981911128
2025-11-09T20:45:00Z,2025-11-09T21:00:00Z,2025-11-09,2025-11-09_88,0.0,0,0,100,64.34782608695654,64.34782608695654,0.0,0.0,0.0,True,True,True,False,0.0,1024.8721981911128,0.0,0.0,0.0,0.0,1024.8721981911128
2025-11-09T21:00:00Z,2025-11-09T21:15:00Z,2025-11-09,2025-11-09_89,0.0,0,0,100,64.34782608695654,64.34782608695654,0.0,0.0,0.0,True,True,True,False,0.0,1024.8721981911128,0.0,0.0,0.0,0.0,1024.8721981911128
2025-11-09T21:15:00Z,2025-11-09T21:30:00Z,2025-11-09,2025-11-09_90,0.0,0,0,100,64.34782608695654,64.34782608695654,0.0,0.0,0.0,True,True,True,False,0.0,1024.8721981911128,0.0,0.0,0.0,0.0,1024.8721981911128
2025-11-09T21:30:00Z,2025-11-09T21:45:00Z,2025-11-09,2025-11-09_91,0.0,0,0,100,64.34782608695654,64.34782608695654,0.0,0.0,0.0,True,True,True,False,0.0,1024.8721981911128,0.0,0.0,0.0,0.0,1024.8721981911128
2025-11-09T21:45:00Z,2025-11-09T22:00:00Z,2025-11-09,2025-11-09_92,0.0,0,0,100,64.34782608695654,64.34782608695654,0.0,0.0,0.0,True,True,True,False,0.0,1024.8721981911128,0.0,0.0,0.0,0.0,1024.8721981911128
2025-11-09T22:00:00Z,2025-11-09T22:15:00Z,2025-11-10,2025-11-09_93,0.0,0,0,100,64.34782608695654,64.34782608695654,0.0,0.0,0.0,True,True,True,False,0.0,1024.8721981911128,0.0,0.0,0.0,0.0,1024.8721981911128
2025-11-09T22:15:00Z,2025-11-09T22:30:00Z,2025-11-10,2025-11-09_94,0.0,0,0,100,64.34782608695654,64.34782608695654,0.0,0.0,0.0,True,True,True,False,0.0,1024.8721981911128,0.0,0.0,0.0,0.0,1024.8721981911128
2025-11-09T22:30:00Z,2025-11-09T22:45:00Z,2025-11-10,2025-11-09_95,0.0,0,0,100,64.34782608695654,64.34782608695654,0.0,0.0,0.0,True,True,True,False,0.0,1024.8721981911128,0.0,0.0,0.0,0.0,1024.8721981911128
2025-11-09T22:45:00Z,2025-11-09T23:00:00Z,2025-11-10,2025-11-09_96,0.0,0,0,100,64.34782608695654,64.34782608695654,0.0,0.0,0.0,True,True,True,False,0.0,1024.8721981911128,0.0,0.0,0.0,0.0,1024.8721981911128
2025-11-09T23:00:00Z,2025-11-09T23:15:00Z,2025-11-10,2025-11-10_1,0.0,0,0,100,64.34782608695654,64.34782608695654,0.0,0.0,0.0,True,True,True,False,0.0,1024.8721981911128,0.0,0.0,0.0,0.0,1024.8721981911128
2025-11-09T23:15:00Z,2025-11-09T23:30:00Z,2025-11-10,2025-11-10_2,0.0,0,0,100,64.34782608695654,64.34782608695654,0.0,0.0,0.0,True,True,True,False,0.0,1024.8721981911128,0.0,0.0,0.0,0.0,1024.8721981911128
2025-11-09T23:30:00Z,2025-11-09T23:45:00Z,2025-11-10,2025-11-10_3,0.0,0,0,100,64.34782608695654,64.34782608695654,0.0,0.0,0.0,True,True,True,False,0.0,1024.8721981911128,0.0,0.0,0.0,0.0,1024.8721981911128
2025-11-09T23:45:00Z,2025-11-10T00:00:00Z,2025-11-10,2025-11-10_4,0.0,0,0,100,64.34782608695654,64.34782608695654,0.0,0.0,0.0,True,True,True,False,0.0,1024.8721981911128,0.0,0.0,0.0,0.0,1024.8721981911128
2025-11-10T00:00:00Z,2025-11-10T00:15:00Z,2025-11-10,2025-11-10_5,0.0,0,0,100,64.34782608695654,64.34782608695654,0.0,0.0,0.0,True,True,True,False,0.0,1024.8721981911128,0.0,0.0,0.0,0.0,1024.8721981911128
2025-11-10T00:15:00Z,2025-11-10T00:30:00Z,2025-11-10,2025-11-10_6,0.0,0,0,100,64.34782608695654,64.34782608695654,0.0,0.0,0.0,True,True,True,False,0.0,1024.8721981911128,0.0,0.0,0.0,0.0,1024.8721981911128
2025-11-10T00:30:00Z,2025-11-10T00:45:00Z,2025-11-10,2025-11-10_7,0.0,0,0,100,64.34782608695654,64.34782608695654,0.0,0.0,0.0,True,True,True,False,0.0,1024.8721981911128,0.0,0.0,0.0,0.0,1024.8721981911128
2025-11-10T00:45:00Z,2025-11-10T01:00:00Z,2025-11-10,2025-11-10_8,0.0,0,0,100,64.34782608695654,64.34782608695654,0.0,0.0,0.0,True,True,True,False,0.0,1024.8721981911128,0.0,0.0,0.0,0.0,1024.8721981911128
2025-11-10T01:00:00Z,2025-11-10T01:15:00Z,2025-11-10,2025-11-10_9,0.0,0,0,100,64.34782608695654,64.34782608695654,0.0,0.0,0.0,True,True,True,False,0.0,1024.8721981911128,0.0,0.0,0.0,0.0,1024.8721981911128
2025-11-10T01:15:00Z,2025-11-10T01:30:00Z,2025-11-10,2025-11-10_10,0.0,0,0,100,64.34782608695654,64.34782608695654,0.0,0.0,0.0,True,True,True,False,0.0,1024.8721981911128,0.0,0.0,0.0,0.0,1024.8721981911128
2025-11-10T01:30:00Z,2025-11-10T01:45:00Z,2025-11-10,2025-11-10_11,0.0,0,0,100,64.34782608695654,64.34782608695654,0.0,0.0,0.0,True,True,True,False,0.0,1024.8721981911128,0.0,0.0,0.0,0.0,1024.8721981911128
2025-11-10T01:45:00Z,2025-11-10T02:00:00Z,2025-11-10,2025-11-10_12,0.0,0,0,100,64.34782608695654,64.34782608695654,0.0,0.0,0.0,True,True,True,False,0.0,1024.8721981911128,0.0,0.0,0.0,0.0,1024.8721981911128
2025-11-10T02:00:00Z,2025-11-10T02:15:00Z,2025-11-10,2025-11-10_13,0.0,0,0,100,64.34782608695654,64.34782608695654,0.0,0.0,0.0,True,True,True,False,0.0,1024.8721981911128,0.0,0.0,0.0,0.0,1024.8721981911128
2025-11-10T02:15:00Z,2025-11-10T02:30:00Z,2025-11-10,2025-11-10_14,0.0,0,0,100,64.34782608695654,64.34782608695654,0.0,0.0,0.0,True,True,True,False,0.0,1024.8721981911128,0.0,0.0,0.0,0.0,1024.8721981911128
2025-11-10T02:30:00Z,2025-11-10T02:45:00Z,2025-11-10,2025-11-10_15,0.0,0,0,100,64.34782608695654,64.34782608695654,0.0,0.0,0.0,True,True,True,False,0.0,1024.8721981911128,0.0,0.0,0.0,0.0,1024.8721981911128
2025-11-10T02:45:00Z,2025-11-10T03:00:00Z,2025-11-10,2025-11-10_16,0.0,0,0,100,64.34782608695654,64.34782608695654,0.0,0.0,0.0,True,True,True,False,0.0,1024.8721981911128,0.0,0.0,0.0,0.0,1024.8721981911128
2025-11-10T03:00:00Z,2025-11-10T03:15:00Z,2025-11-10,2025-11-10_17,0.0,0,0,100,64.34782608695654,64.34782608695654,0.0,0.0,0.0,True,True,True,False,0.0,1024.8721981911128,0.0,0.0,0.0,0.0,1024.8721981911128
2025-11-10T03:15:00Z,2025-11-10T03:30:00Z,2025-11-10,2025-11-10_18,0.0,0,0,100,64.34782608695654,64.34782608695654,0.0,0.0,0.0,True,True,True,False,0.0,1024.8721981911128,0.0,0.0,0.0,0.0,1024.8721981911128
2025-11-10T03:30:00Z,2025-11-10T03:45:00Z,2025-11-10,2025-11-10_19,0.0,0,0,100,64.34782608695654,64.34782608695654,0.0,0.0,0.0,True,True,True,False,0.0,1024.8721981911128,0.0,0.0,0.0,0.0,1024.8721981911128
2025-11-10T03:45:00Z,2025-11-10T04:00:00Z,2025-11-10,2025-11-10_20,0.0,0,0,100,64.34782608695654,64.34782608695654,0.0,0.0,0.0,True,True,True,False,0.0,1024.8721981911128,0.0,0.0,0.0,0.0,1024.8721981911128
2025-11-10T04:00:00Z,2025-11-10T04:15:00Z,2025-11-10,2025-11-10_21,0.0,0,0,100,64.34782608695654,64.34782608695654,0.0,0.0,0.0,True,True,True,False,0.0,1024.8721981911128,0.0,0.0,0.0,0.0,1024.8721981911128
2025-11-10T04:15:00Z,2025-11-10T04:30:00Z,2025-11-10,2025-11-10_22,0.0,0,0,100,64.34782608695654,64.34782608695654,0.0,0.0,0.0,True,True,True,False,0.0,1024.8721981911128,0.0,0.0,0.0,0.0,1024.8721981911128
2025-11-10T04:30:00Z,2025-11-10T04:45:00Z,2025-11-10,2025-11-10_23,0.0,0,0,100,64.34782608695654,64.34782608695654,0.0,0.0,0.0,True,True,True,False,0.0,1024.8721981911128,0.0,0.0,0.0,0.0,1024.8721981911128
2025-11-10T04:45:00Z,2025-11-10T05:00:00Z,2025-11-10,2025-11-10_24,0.0,0,0,100,64.34782608695654,64.34782608695654,0.0,0.0,0.0,True,True,True,False,0.0,1024.8721981911128,0.0,0.0,0.0,0.0,1024.8721981911128
2025-11-10T05:00:00Z,2025-11-10T05:15:00Z,2025-11-10,2025-11-10_25,0.0,100,100,0,64.34782608695654,74.15794285714288,0.027277929606625267,0.004571428571428572,10.66857142857143,True,True,True,False,0.0,0.0,112.07235548564687,33.76917027133307,0.629178136059772,3413.214977810236,3559.685681703276
2025-11-10T05:15:00Z,2025-11-10T05:30:00Z,2025-11-10,2025-11-10_26,0.0,100,100,0,74.15794285714288,74.23715478260873,0.0006065065562456867,0.064,0.1617142857142857,True,True,True,False,0.0,0.0,112.07235548564687,33.76917027133307,8.861747542272907,-11.906730970170212,142.79654232908263
2025-11-10T05:30:00Z,2025-11-10T05:45:00Z,2025-11-10,2025-11-10_27,0.0,100,100,0,74.23715478260873,74.98812024844725,0.00221023878536922,0.02057142857142857,0.8405714285714285,True,True,True,False,0.0,0.0,112.07235548564687,33.76917027133307,2.7382731307229924,-53.22258311330823,95.35721577439469
2025-11-10T05:45:00Z,2025-11-10T06:00:00Z,2025-11-10,2025-11-10_28,0.0,100,100,0,74.98812024844725,75.38327453416153,0.0012563809523809524,0.026285714285714287,0.4605714285714286,True,True,True,False,0.0,0.0,112.07235548564687,33.76917027133307,3.4937363069490477,-30.191969439919102,119.14329262400987
2025-11-10T06:00:00Z,2025-11-10T06:15:00Z,2025-11-10,2025-11-10_29,0.0,0,0,100,75.38327453416153,75.38327453416153,0.0,0.0,0.0,True,True,True,False,0.0,1024.8721981911128,0.0,0.0,0.0,0.0,1024.8721981911128
2025-11-10T06:15:00Z,2025-11-10T06:30:00Z,2025-11-10,2025-11-10_30,0.0,0,0,100,75.38327453416153,75.38327453416153,0.0,0.0,0.0,True,True,True,False,0.0,1024.8721981911128,0.0,0.0,0.0,0.0,1024.8721981911128
2025-11-10T06:30:00Z,2025-11-10T06:45:00Z,2025-11-10,2025-11-10_31,0.0,0,0,100,75.38327453416153,75.38327453416153,0.0,0.0,0.0,True,True,True,False,0.0,1024.8721981911128,0.0,0.0,0.0,0.0,1024.8721981911128
2025-11-10T06:45:00Z,2025-11-10T07:00:00Z,2025-11-10,2025-11-10_32,0.0,0,0,100,75.38327453416153,75.38327453416153,0.0,0.0,0.0,True,True,True,False,0.0,1024.8721981911128,0.0,0.0,0.0,0.0,1024.8721981911128
2025-11-10T07:00:00Z,2025-11-10T07:15:00Z,2025-11-10,2025-11-10_33,0.0,100,100,0,75.38327453416153,73.8968924223603,0.00414928364389234,1.370857142857143,0.004,True,True,True,False,0.0,0.0,111.54148643334644,33.76917027133307,212.84322599853942,-0.31458906802988595,357.83929363518905
2025-11-10T07:15:00Z,2025-11-10T07:30:00Z,2025-11-10,2025-11-10_34,0.0,100,100,0,73.8968924223603,64.25838310559011,0.026773636991028294,8.867428571428572,0.0,True,True,True,False,0.0,0.0,111.54148643334644,33.76917027133307,1786.511384528959,0.0,1931.8220412336386
2025-11-10T07:30:00Z,2025-11-10T07:45:00Z,2025-11-10,2025-11-10_35,0.0,100,100,0,64.25838310559011,63.87010086956527,0.0013092919254658383,0.3954285714285714,0.045142857142857144,True,True,True,False,0.0,0.0,111.54148643334644,33.76917027133307,61.93580765125555,-3.550362339194427,203.69610201674064
2025-11-10T07:45:00Z,2025-11-10T08:00:00Z,2025-11-10,2025-11-10_36,0.0,100,100,0,63.87010086956527,52.25973962732925,0.033290749482401655,10.853714285714286,0.2034285714285714,True,True,True,False,0.0,0.0,111.54148643334644,33.76917027133307,8785.906723217797,-12.51413695859783,8918.703242963878
2025-11-10T08:00:00Z,2025-11-10T08:15:00Z,2025-11-10,2025-11-10_37,0.0,100,0,0,52.25973962732925,38.175267577639815,0.03912353347135955,12.957714285714284,0.0,True,True,True,False,0.0,0.0,111.54148643334644,0.0,12339.387242514462,0.0,12450.928728947809
2025-11-10T08:15:00Z,2025-11-10T08:30:00Z,2025-11-10,2025-11-10_38,0.0,100,0,0,38.175267577639815,32.311913540372736,0.016287094547964114,5.394285714285714,0.0,True,True,True,False,0.0,0.0,111.54148643334644,0.0,2584.1630110667934,0.0,2695.70449750014
2025-11-10T08:30:00Z,2025-11-10T08:45:00Z,2025-11-10,2025-11-10_39,-100.0,100,0,0,32.311913540372736,48.70368496894416,0.04553269841269841,7.182857142857143,0.0,True,True,True,False,-3232.75,0.0,111.54148643334644,0.0,1363.2317173192516,0.0,-1757.976796247402
2025-11-10T08:45:00Z,2025-11-10T09:00:00Z,2025-11-10,2025-11-10_40,-100.0,100,0,0,48.70368496894416,62.33808496894416,0.03787333333333333,10.18,0.0,True,True,True,False,-2982.5,0.0,111.54148643334644,0.0,5931.571352732992,0.0,3060.6128391663383
2025-11-10T09:00:00Z,2025-11-10T09:15:00Z,2025-11-10,2025-11-10_41,0.0,100,0,0,62.33808496894416,54.06603527950317,0.022977915804002762,7.610285714285714,0.0,True,True,True,False,0.0,0.0,110.06685017695634,0.0,1197.934685242402,0.0,1308.0015354193583
2025-11-10T09:15:00Z,2025-11-10T09:30:00Z,2025-11-10,2025-11-10_42,-65.61778718726586,100,0,0,54.06603527950317,60.799931428571476,0.0364599190732424,8.551428571428572,0.0,True,True,True,False,-2203.937427152292,0.0,110.06685017695634,0.0,9821.685614853097,0.0,7727.815037877761
2025-11-10T09:30:00Z,2025-11-10T09:45:00Z,2025-11-10,2025-11-10_43,-100.0,100,0,0,60.799931428571476,70.7921828571429,0.02775625396825397,14.138857142857141,0.0,True,True,True,False,-3262.25,0.0,110.06685017695634,0.0,6988.9405000842635,0.0,3836.75735026122
2025-11-10T09:45:00Z,2025-11-10T10:00:00Z,2025-11-10,2025-11-10_44,-100.0,100,0,0,70.7921828571429,87.25334857142863,0.045725460317460324,7.107428571428572,0.0,True,True,True,False,-3025.75,0.0,110.06685017695634,0.0,1340.091263412168,0.0,-1575.5918864108758
2025-11-10T10:00:00Z,2025-11-10T10:15:00Z,2025-11-10,2025-11-10_45,-100.0,100,0,0,87.25334857142863,99.95986285714292,0.03529587301587302,11.188571428571429,0.0,True,True,True,False,-3193.25,0.0,110.06685017695634,0.0,4824.405965956968,0.0,1741.2228161339249
2025-11-10T10:15:00Z,2025-11-10T10:30:00Z,2025-11-10,2025-11-10_46,-100.0,100,0,0,99.95986285714292,115.10096000000007,0.04205860317460318,8.542285714285715,0.0,True,True,True,False,-3089.75,0.0,110.06685017695634,0.0,1480.2205707544517,0.0,-1499.4625790685918
2025-11-10T10:30:00Z,2025-11-10T10:45:00Z,2025-11-10,2025-11-10_47,-100.0,100,0,0,115.10096000000007,132.9053257142858,0.04945657142857143,5.647428571428571,0.0,True,True,True,False,-3025.75,0.0,110.06685017695634,0.0,957.832089545531,0.0,-1957.8510602775127
2025-11-10T10:45:00Z,2025-11-10T11:00:00Z,2025-11-10,2025-11-10_48,-100.0,100,0,0,132.9053257142858,144.00000000000006,0.030818539682539677,12.94057142857143,0.0,True,True,True,False,-3025.75,0.0,110.06685017695634,0.0,4280.189413179035,0.0,1364.5062633559915
2025-11-10T11:00:00Z,2025-11-10T11:15:00Z,2025-11-10,2025-11-10_49,0.0,0,0,100,144.00000000000006,144.00000000000006,0.0,0.0,0.0,True,True,True,False,0.0,1024.8721981911128,0.0,0.0,0.0,0.0,1024.8721981911128
2025-11-10T11:15:00Z,2025-11-10T11:30:00Z,2025-11-10,2025-11-10_50,0.0,0,0,100,144.00000000000006,144.00000000000006,0.0,0.0,0.0,True,True,True,False,0.0,1024.8721981911128,0.0,0.0,0.0,0.0,1024.8721981911128
2025-11-10T11:30:00Z,2025-11-10T11:45:00Z,2025-11-10,2025-11-10_51,0.0,0,0,100,144.00000000000006,144.00000000000006,0.0,0.0,0.0,True,True,True,False,0.0,1024.8721981911128,0.0,0.0,0.0,0.0,1024.8721981911128
2025-11-10T11:45:00Z,2025-11-10T12:00:00Z,2025-11-10,2025-11-10_52,0.0,0,0,100,144.00000000000006,144.00000000000006,0.0,0.0,0.0,True,True,True,False,0.0,1024.8721981911128,0.0,0.0,0.0,0.0,1024.8721981911128
2025-11-10T12:00:00Z,2025-11-10T12:15:00Z,2025-11-10,2025-11-10_53,0.0,0,0,100,144.00000000000006,144.00000000000006,0.0,0.0,0.0,True,True,True,False,0.0,1024.8721981911128,0.0,0.0,0.0,0.0,1024.8721981911128
2025-11-10T12:15:00Z,2025-11-10T12:30:00Z,2025-11-10,2025-11-10_54,0.0,0,0,100,144.00000000000006,144.00000000000006,0.0,0.0,0.0,True,True,True,False,0.0,1024.8721981911128,0.0,0.0,0.0,0.0,1024.8721981911128
2025-11-10T12:30:00Z,2025-11-10T12:45:00Z,2025-11-10,2025-11-10_55,0.0,0,0,100,144.00000000000006,144.00000000000006,0.0,0.0,0.0,True,True,True,False,0.0,1024.8721981911128,0.0,0.0,0.0,0.0,1024.8721981911128
2025-11-10T12:45:00Z,2025-11-10T13:00:00Z,2025-11-10,2025-11-10_56,0.0,0,0,100,144.00000000000006,144.00000000000006,0.0,0.0,0.0,True,True,True,False,0.0,1024.8721981911128,0.0,0.0,0.0,0.0,1024.8721981911128
2025-11-10T13:00:00Z,2025-11-10T13:15:00Z,2025-11-10,2025-11-10_57,0.0,0,0,100,144.00000000000006,144.00000000000006,0.0,0.0,0.0,True,True,True,False,0.0,1024.8721981911128,0.0,0.0,0.0,0.0,1024.8721981911128
2025-11-10T13:15:00Z,2025-11-10T13:30:00Z,2025-11-10,2025-11-10_58,0.0,0,0,100,144.00000000000006,144.00000000000006,0.0,0.0,0.0,True,True,True,False,0.0,1024.8721981911128,0.0,0.0,0.0,0.0,1024.8721981911128
2025-11-10T13:30:00Z,2025-11-10T13:45:00Z,2025-11-10,2025-11-10_59,0.0,0,0,100,144.00000000000006,144.00000000000006,0.0,0.0,0.0,True,True,True,False,0.0,1024.8721981911128,0.0,0.0,0.0,0.0,1024.8721981911128
2025-11-10T13:45:00Z,2025-11-10T14:00:00Z,2025-11-10,2025-11-10_60,0.0,0,0,100,144.00000000000006,144.00000000000006,0.0,0.0,0.0,True,True,True,False,0.0,1024.8721981911128,0.0,0.0,0.0,0.0,1024.8721981911128
2025-11-10T14:00:00Z,2025-11-10T14:15:00Z,2025-11-10,2025-11-10_61,-100.0,100,0,0,144.00000000000006,150.8758171428572,0.019099492063492065,17.526285714285713,0.0,True,True,True,False,-3365.5,0.0,110.06685017695634,0.0,9481.327729003986,0.0,6225.894579180942
2025-11-10T14:15:00Z,2025-11-10T14:30:00Z,2025-11-10,2025-11-10_62,-71.43978809819284,100,0,0,150.8758171428572,144.7129495751553,0.02314904827839334,23.348571428571425,0.0,True,True,True,False,-2897.776404732947,0.0,110.06685017695634,0.0,26171.618461884158,0.0,23383.90890732817
2025-11-10T14:30:00Z,2025-11-10T14:45:00Z,2025-11-10,2025-11-10_63,0.0,100,0,0,144.7129495751553,127.2514588919255,0.04850414078674948,16.064571428571426,0.0,True,True,True,False,0.0,0.0,110.06685017695634,0.0,13390.199316105834,0.0,13500.26616628279
2025-11-10T14:45:00Z,2025-11-10T15:00:00Z,2025-11-10,2025-11-10_64,0.0,100,0,0,127.2514588919255,109.99245268074537,0.04794168391994479,15.878285714285715,0.0,True,True,True,False,0.0,0.0,110.06685017695634,0.0,12771.555191955507,0.0,12881.622042132463
2025-11-10T15:00:00Z,2025-11-10T15:15:00Z,2025-11-10,2025-11-10_65,0.0,100,100,0,109.99245268074537,97.8707135503106,0.033671497584541056,11.152,0.0,True,True,True,False,0.0,0.0,111.54148643334644,33.76917027133307,3670.268794337396,0.0,3815.579451042075
2025-11-10T15:15:00Z,2025-11-10T15:30:00Z,2025-11-10,2025-11-10_66,0.0,100,100,0,97.8707135503106,84.46263901614911,0.037244651483781914,12.33542857142857,0.0,True,True,True,False,0.0,0.0,111.54148643334644,33.76917027133307,9066.569104432334,0.0,9211.879761137014
2025-11-10T15:30:00Z,2025-11-10T15:45:00Z,2025-11-10,2025-11-10_67,0.0,100,100,0,84.46263901614911,69.06512348819881,0.042770876466528635,14.165714285714284,0.0,True,True,True,False,0.0,0.0,111.54148643334644,33.76917027133307,12453.910543227905,0.0,12599.221199932585
2025-11-10T15:45:00Z,2025-11-10T16:00:00Z,2025-11-10,2025-11-10_68,0.0,100,100,0,69.06512348819881,64.36461069316775,0.014213551414768806,4.516,0.22628571428571428,True,True,True,False,0.0,0.0,111.54148643334644,33.76917027133307,2350.4341557215885,-14.273262850401661,2481.4715495758664
2025-11-10T16:00:00Z,2025-11-10T16:15:00Z,2025-11-10,2025-11-10_69,0.0,0,0,100,64.36461069316775,64.36461069316775,0.0,0.0,0.0,True,True,True,False,0.0,1024.8721981911128,0.0,0.0,0.0,0.0,1024.8721981911128
2025-11-10T16:15:00Z,2025-11-10T16:30:00Z,2025-11-10,2025-11-10_70,0.0,0,0,100,64.36461069316775,64.36461069316775,0.0,0.0,0.0,True,True,True,False,0.0,1024.8721981911128,0.0,0.0,0.0,0.0,1024.8721981911128
2025-11-10T16:30:00Z,2025-11-10T16:45:00Z,2025-11-10,2025-11-10_71,0.0,0,0,100,64.36461069316775,64.36461069316775,0.0,0.0,0.0,True,True,True,False,0.0,1024.8721981911128,0.0,0.0,0.0,0.0,1024.8721981911128
2025-11-10T16:45:00Z,2025-11-10T17:00:00Z,2025-11-10,2025-11-10_72,0.0,0,0,100,64.36461069316775,64.36461069316775,0.0,0.0,0.0,True,True,True,False,0.0,1024.8721981911128,0.0,0.0,0.0,0.0,1024.8721981911128
2025-11-10T17:00:00Z,2025-11-10T17:15:00Z,2025-11-10,2025-11-10_73,0.0,0,0,100,64.36461069316775,64.36461069316775,0.0,0.0,0.0,True,True,True,False,0.0,1024.8721981911128,0.0,0.0,0.0,0.0,1024.8721981911128
2025-11-10T17:15:00Z,2025-11-10T17:30:00Z,2025-11-10,2025-11-10_74,0.0,0,0,100,64.36461069316775,64.36461069316775,0.0,0.0,0.0,True,True,True,False,0.0,1024.8721981911128,0.0,0.0,0.0,0.0,1024.8721981911128
2025-11-10T17:30:00Z,2025-11-10T17:45:00Z,2025-11-10,2025-11-10_75,0.0,0,0,100,64.36461069316775,64.36461069316775,0.0,0.0,0.0,True,True,True,False,0.0,1024.8721981911128,0.0,0.0,0.0,0.0,1024.8721981911128
2025-11-10T17:45:00Z,2025-11-10T18:00:00Z,2025-11-10,2025-11-10_76,0.0,0,0,100,64.36461069316775,64.36461069316775,0.0,0.0,0.0,True,True,True,False,0.0,1024.8721981911128,0.0,0.0,0.0,0.0,1024.8721981911128
2025-11-10T18:00:00Z,2025-11-10T18:15:00Z,2025-11-10,2025-11-10_77,0.0,0,0,100,64.36461069316775,64.36461069316775,0.0,0.0,0.0,True,True,True,False,0.0,1024.8721981911128,0.0,0.0,0.0,0.0,1024.8721981911128
2025-11-10T18:15:00Z,2025-11-10T18:30:00Z,2025-11-10,2025-11-10_78,0.0,0,0,100,64.36461069316775,64.36461069316775,0.0,0.0,0.0,True,True,True,False,0.0,1024.8721981911128,0.0,0.0,0.0,0.0,1024.8721981911128
2025-11-10T18:30:00Z,2025-11-10T18:45:00Z,2025-11-10,2025-11-10_79,0.0,0,0,100,64.36461069316775,64.36461069316775,0.0,0.0,0.0,True,True,True,False,0.0,1024.8721981911128,0.0,0.0,0.0,0.0,1024.8721981911128
2025-11-10T18:45:00Z,2025-11-10T19:00:00Z,2025-11-10,2025-11-10_80,0.0,0,0,100,64.36461069316775,64.36461069316775,0.0,0.0,0.0,True,True,True,False,0.0,1024.8721981911128,0.0,0.0,0.0,0.0,1024.8721981911128
2025-11-10T19:00:00Z,2025-11-10T19:15:00Z,2025-11-10,2025-11-10_81,0.0,100,69,0,64.36461069316775,56.51300825838514,0.021820082953761213,7.225142857142858,0.0019714285714285715,True,True,True,False,0.0,0.0,111.36453008257962,23.300727487219813,2070.017634514915,-0.15504746924330093,2204.5278446154707
2025-11-10T19:15:00Z,2025-11-10T19:30:00Z,2025-11-10,2025-11-10_82,0.0,100,69,0,56.51300825838514,56.641738544099425,0.0016274253968253968,0.2102857142857143,0.38837142857142853,True,True,True,False,0.0,0.0,111.36453008257962,23.300727487219813,32.77232155496882,-24.939310229762366,142.49826889500588
2025-11-10T19:30:00Z,2025-11-10T19:45:00Z,2025-11-10,2025-11-10_83,-31.000000000000007,100,69,0,56.641738544099425,54.741836829813714,0.03106773333333334,8.722857142857144,0.0,True,True,True,False,-982.9325000000002,0.0,111.36453008257962,23.300727487219813,4571.217916409191,0.0,3722.9506739789904
2025-11-10T19:45:00Z,2025-11-10T20:00:00Z,2025-11-10,2025-11-10_84,-31.0,100,69,0,54.741836829813714,64.34782608695657,0.03093092253968254,1.0194285714285716,3.838371428571428,True,True,True,False,-933.1,0.0,111.36453008257962,23.300727487219813,160.334907926521,-169.50568218639398,-807.6055166900736
2025-11-10T20:00:00Z,2025-11-10T20:15:00Z,2025-11-10,2025-11-10_85,0.0,0,0,100,64.34782608695657,64.34782608695657,0.0,0.0,0.0,True,False,True,False,0.0,1024.8721981911128,0.0,0.0,0.0,0.0,1024.8721981911128
2025-11-10T20:15:00Z,2025-11-10T20:30:00Z,2025-11-10,2025-11-10_86,0.0,0,0,100,64.34782608695657,64.34782608695657,0.0,0.0,0.0,True,False,True,False,0.0,1024.8721981911128,0.0,0.0,0.0,0.0,1024.8721981911128
2025-11-10T20:30:00Z,2025-11-10T20:45:00Z,2025-11-10,2025-11-10_87,0.0,0,0,100,64.34782608695657,64.34782608695657,0.0,0.0,0.0,True,False,True,False,0.0,1024.8721981911128,0.0,0.0,0.0,0.0,1024.8721981911128
2025-11-10T20:45:00Z,2025-11-10T21:00:00Z,2025-11-10,2025-11-10_88,0.0,0,0,100,64.34782608695657,64.34782608695657,0.0,0.0,0.0,True,False,True,False,0.0,1024.8721981911128,0.0,0.0,0.0,0.0,1024.8721981911128
2025-11-10T21:00:00Z,2025-11-10T21:15:00Z,2025-11-10,2025-11-10_89,0.0,100,100,0,64.34782608695657,76.36933465838514,0.03339307936507937,0.0,13.066857142857144,True,True,True,False,0.0,0.0,111.06960283130161,33.76917027133307,0.0,1309.301141059491,1454.1399141621257
2025-11-10T21:15:00Z,2025-11-10T21:30:00Z,2025-11-10,2025-11-10_90,0.0,100,100,0,76.36933465838514,85.35904894409943,0.024971428571428575,0.0,9.771428571428572,True,True,True,False,0.0,0.0,111.06960283130161,33.76917027133307,0.0,-479.23420032582436,-334.3954272231897
2025-11-10T21:30:00Z,2025-11-10T21:45:00Z,2025-11-10,2025-11-10_91,0.0,100,100,0,85.35904894409943,92.33212322981372,0.019369650793650797,0.0,7.579428571428572,True,True,True,False,0.0,0.0,111.06960283130161,33.76917027133307,0.0,-350.4956674344138,-205.65689433177914
2025-11-10T21:45:00Z,2025-11-10T22:00:00Z,2025-11-10,2025-11-10_92,0.0,100,100,0,92.33212322981372,95.8546971428572,0.009812532781228435,0.004571428571428572,3.8342857142857145,True,True,True,False,0.0,0.0,111.06960283130161,33.76917027133307,0.6999606763664963,-198.03037806864782,-52.49164428964665
2025-11-10T22:00:00Z,2025-11-10T22:15:00Z,2025-11-11,2025-11-10_93,-11.805866758509469,100,0,0,95.8546971428572,98.47734857142858,0.007747720781666718,0.08685714285714285,0.0,True,True,True,False,-320.411223825947,0.0,110.58127187635192,0.0,13.339251302046756,0.0,-196.49070064754832
2025-11-10T22:15:00Z,2025-11-10T22:30:00Z,2025-11-11,2025-11-10_94,-100.0,100,0,0,98.47734857142858,121.36537142857144,0.06357784126984127,0.12171428571428572,0.0,True,True,True,False,-2581.5,0.0,110.58127187635192,0.0,18.638915101495034,0.0,-2452.279813022153
2025-11-10T22:30:00Z,2025-11-10T22:45:00Z,2025-11-11,2025-11-10_95,-100.0,100,0,0,121.36537142857144,132.47897142857144,0.030871111111111106,12.920000000000002,0.0,True,True,True,False,-2423.5,0.0,110.58127187635192,0.0,7246.673378691942,0.0,4933.754650568294
2025-11-10T22:45:00Z,2025-11-10T23:00:00Z,2025-11-11,2025-11-10_96,-100.0,100,0,0,132.47897142857144,144.0,0.032002857142857145,12.477142857142857,0.0,True,True,True,False,-2229.25,0.0,110.58127187635192,0.0,9772.975959750322,0.0,7654.3072316266735
2025-11-10T23:00:00Z,2025-11-10T23:15:00Z,2025-11-11,2025-11-11_1,0.0,0,0,100,144.0,144.0,0.0,0.0,0.0,True,True,True,False,0.0,1024.9931175522083,0.0,0.0,0.0,0.0,1024.9931175522083
2025-11-10T23:15:00Z,2025-11-10T23:30:00Z,2025-11-11,2025-11-11_2,0.0,0,0,100,144.0,144.0,0.0,0.0,0.0,True,True,True,False,0.0,1024.9931175522083,0.0,0.0,0.0,0.0,1024.9931175522083
2025-11-10T23:30:00Z,2025-11-10T23:45:00Z,2025-11-11,2025-11-11_3,0.0,0,0,100,144.0,144.0,0.0,0.0,0.0,True,True,True,False,0.0,1024.9931175522083,0.0,0.0,0.0,0.0,1024.9931175522083
2025-11-10T23:45:00Z,2025-11-11T00:00:00Z,2025-11-11,2025-11-11_4,0.0,0,0,100,144.0,144.0,0.0,0.0,0.0,True,True,True,False,0.0,1024.9931175522083,0.0,0.0,0.0,0.0,1024.9931175522083
2025-11-11T00:00:00Z,2025-11-11T00:15:00Z,2025-11-11,2025-11-11_5,0.0,0,0,100,144.0,144.0,0.0,0.0,0.0,True,True,True,False,0.0,1024.9931175522083,0.0,0.0,0.0,0.0,1024.9931175522083
2025-11-11T00:15:00Z,2025-11-11T00:30:00Z,2025-11-11,2025-11-11_6,0.0,0,0,100,144.0,144.0,0.0,0.0,0.0,True,True,True,False,0.0,1024.9931175522083,0.0,0.0,0.0,0.0,1024.9931175522083
2025-11-11T00:30:00Z,2025-11-11T00:45:00Z,2025-11-11,2025-11-11_7,0.0,0,0,100,144.0,144.0,0.0,0.0,0.0,True,True,True,False,0.0,1024.9931175522083,0.0,0.0,0.0,0.0,1024.9931175522083
2025-11-11T00:45:00Z,2025-11-11T01:00:00Z,2025-11-11,2025-11-11_8,0.0,0,0,100,144.0,144.0,0.0,0.0,0.0,True,True,True,False,0.0,1024.9931175522083,0.0,0.0,0.0,0.0,1024.9931175522083
2025-11-11T01:00:00Z,2025-11-11T01:15:00Z,2025-11-11,2025-11-11_9,0.0,0,0,100,144.0,144.0,0.0,0.0,0.0,True,True,True,False,0.0,1024.9931175522083,0.0,0.0,0.0,0.0,1024.9931175522083
2025-11-11T01:15:00Z,2025-11-11T01:30:00Z,2025-11-11,2025-11-11_10,0.0,0,0,100,144.0,144.0,0.0,0.0,0.0,True,True,True,False,0.0,1024.9931175522083,0.0,0.0,0.0,0.0,1024.9931175522083
2025-11-11T01:30:00Z,2025-11-11T01:45:00Z,2025-11-11,2025-11-11_11,0.0,0,0,100,144.0,144.0,0.0,0.0,0.0,True,True,True,False,0.0,1024.9931175522083,0.0,0.0,0.0,0.0,1024.9931175522083
2025-11-11T01:45:00Z,2025-11-11T02:00:00Z,2025-11-11,2025-11-11_12,0.0,0,0,100,144.0,144.0,0.0,0.0,0.0,True,True,True,False,0.0,1024.9931175522083,0.0,0.0,0.0,0.0,1024.9931175522083
2025-11-11T02:00:00Z,2025-11-11T02:15:00Z,2025-11-11,2025-11-11_13,0.0,0,0,100,144.0,144.0,0.0,0.0,0.0,True,True,True,False,0.0,1024.9931175522083,0.0,0.0,0.0,0.0,1024.9931175522083
2025-11-11T02:15:00Z,2025-11-11T02:30:00Z,2025-11-11,2025-11-11_14,0.0,0,0,100,144.0,144.0,0.0,0.0,0.0,True,True,True,False,0.0,1024.9931175522083,0.0,0.0,0.0,0.0,1024.9931175522083
2025-11-11T02:30:00Z,2025-11-11T02:45:00Z,2025-11-11,2025-11-11_15,0.0,0,0,100,144.0,144.0,0.0,0.0,0.0,True,True,True,False,0.0,1024.9931175522083,0.0,0.0,0.0,0.0,1024.9931175522083
2025-11-11T02:45:00Z,2025-11-11T03:00:00Z,2025-11-11,2025-11-11_16,0.0,0,0,100,144.0,144.0,0.0,0.0,0.0,True,True,True,False,0.0,1024.9931175522083,0.0,0.0,0.0,0.0,1024.9931175522083
2025-11-11T03:00:00Z,2025-11-11T03:15:00Z,2025-11-11,2025-11-11_17,0.0,0,0,100,144.0,144.0,0.0,0.0,0.0,True,True,True,False,0.0,1024.9931175522083,0.0,0.0,0.0,0.0,1024.9931175522083
2025-11-11T03:15:00Z,2025-11-11T03:30:00Z,2025-11-11,2025-11-11_18,0.0,0,0,100,144.0,144.0,0.0,0.0,0.0,True,True,True,False,0.0,1024.9931175522083,0.0,0.0,0.0,0.0,1024.9931175522083
2025-11-11T03:30:00Z,2025-11-11T03:45:00Z,2025-11-11,2025-11-11_19,0.0,0,0,100,144.0,144.0,0.0,0.0,0.0,True,True,True,False,0.0,1024.9931175522083,0.0,0.0,0.0,0.0,1024.9931175522083
2025-11-11T03:45:00Z,2025-11-11T04:00:00Z,2025-11-11,2025-11-11_20,0.0,0,0,100,144.0,144.0,0.0,0.0,0.0,True,True,True,False,0.0,1024.9931175522083,0.0,0.0,0.0,0.0,1024.9931175522083
2025-11-11T04:00:00Z,2025-11-11T04:15:00Z,2025-11-11,2025-11-11_21,0.0,0,0,100,144.0,144.0,0.0,0.0,0.0,True,True,True,False,0.0,1024.9931175522083,0.0,0.0,0.0,0.0,1024.9931175522083
2025-11-11T04:15:00Z,2025-11-11T04:30:00Z,2025-11-11,2025-11-11_22,0.0,0,0,100,144.0,144.0,0.0,0.0,0.0,True,True,True,False,0.0,1024.9931175522083,0.0,0.0,0.0,0.0,1024.9931175522083
2025-11-11T04:30:00Z,2025-11-11T04:45:00Z,2025-11-11,2025-11-11_23,0.0,0,0,100,144.0,144.0,0.0,0.0,0.0,True,True,True,False,0.0,1024.9931175522083,0.0,0.0,0.0,0.0,1024.9931175522083
2025-11-11T04:45:00Z,2025-11-11T05:00:00Z,2025-11-11,2025-11-11_24,0.0,0,0,100,144.0,144.0,0.0,0.0,0.0,True,True,True,False,0.0,1024.9931175522083,0.0,0.0,0.0,0.0,1024.9931175522083
2025-11-11T05:00:00Z,2025-11-11T05:15:00Z,2025-11-11,2025-11-11_25,0.0,16,100,0,144.0,152.52445714285713,0.02367904761904762,0.0,9.265714285714285,True,True,True,False,0.0,0.0,21.879104888504344,30.322098556652378,0.0,2244.367573277,2296.5687767221566
2025-11-11T05:15:00Z,2025-11-11T05:30:00Z,2025-11-11,2025-11-11_26,84.0,16,100,0,152.52445714285713,130.54944938136646,0.06170572378191857,0.009051428571428571,0.812,True,True,True,False,3320.1,0.0,21.879104888504344,30.322098556652378,1.3476241160970621,-39.18370236362922,3334.4651251976243
2025-11-11T05:30:00Z,2025-11-11T05:45:00Z,2025-11-11,2025-11-11_27,83.9999999999999,16,100,0,130.54944938136646,130.68763031055903,0.017328763450655666,0.0,21.659428571428574,True,True,True,False,3321.5699999999956,0.0,21.879104888504344,30.322098556652378,0.0,8485.466807948807,11859.23801139396
2025-11-11T05:45:00Z,2025-11-11T06:00:00Z,2025-11-11,2025-11-11_28,82.82957553289937,16,100,0,130.68763031055903,111.94408844720495,0.05518764224625644,0.0005485714285714285,3.5577142857142854,True,True,True,False,3209.6460518998506,0.0,21.879104888504344,30.322098556652378,0.07551028434341447,-173.44189449909825,3088.4808711302526
2025-11-11T06:00:00Z,2025-11-11T06:15:00Z,2025-11-11,2025-11-11_29,100.0,0,100,0,111.94408844720495,85.08694559006209,0.0746031746031746,0.0,0.2914285714285714,True,True,True,False,4455.75,0.0,0.0,29.466708616824636,0.0,-19.349277764356223,4465.867430852469
2025-11-11T06:15:00Z,2025-11-11T06:30:00Z,2025-11-11,2025-11-11_30,100.0,0,100,0,85.08694559006209,62.831044968944084,0.061821946169772254,0.0,4.524571428571429,True,True,True,False,4234.0,0.0,0.0,29.466708616824636,0.0,-151.01004039575483,4112.45666822107
2025-11-11T06:30:00Z,2025-11-11T06:45:00Z,2025-11-11,2025-11-11_31,0.0,0,100,0,62.831044968944084,67.30434782608694,0.012425841269841273,0.0,4.862285714285715,True,True,True,False,0.0,0.0,0.0,29.466708616824636,0.0,-133.96766485569336,-104.50095623886872
2025-11-11T06:45:00Z,2025-11-11T07:00:00Z,2025-11-11,2025-11-11_32,100.0,0,100,0,67.30434782608694,64.3478260869565,0.00821256038647343,0.0,22.28,True,True,True,False,3494.75,0.0,0.0,29.466708616824636,0.0,1784.2225665631024,5308.439275179927
2025-11-11T07:00:00Z,2025-11-11T07:15:00Z,2025-11-11,2025-11-11_33,0.0,0,0,100,64.3478260869565,64.3478260869565,0.0,0.0,0.0,True,True,True,False,0.0,1024.9931175522083,0.0,0.0,0.0,0.0,1024.9931175522083
2025-11-11T07:15:00Z,2025-11-11T07:30:00Z,2025-11-11,2025-11-11_34,0.0,0,0,100,64.3478260869565,64.3478260869565,0.0,0.0,0.0,True,True,True,False,0.0,1024.9931175522083,0.0,0.0,0.0,0.0,1024.9931175522083
2025-11-11T07:30:00Z,2025-11-11T07:45:00Z,2025-11-11,2025-11-11_35,0.0,0,0,100,64.3478260869565,64.3478260869565,0.0,0.0,0.0,True,True,True,False,0.0,1024.9931175522083,0.0,0.0,0.0,0.0,1024.9931175522083
2025-11-11T07:45:00Z,2025-11-11T08:00:00Z,2025-11-11,2025-11-11_36,0.0,0,0,100,64.3478260869565,64.3478260869565,0.0,0.0,0.0,True,True,True,False,0.0,1024.9931175522083,0.0,0.0,0.0,0.0,1024.9931175522083
2025-11-11T08:00:00Z,2025-11-11T08:15:00Z,2025-11-11,2025-11-11_37,0.0,0,0,100,64.3478260869565,64.3478260869565,0.0,0.0,0.0,True,True,True,False,0.0,1024.9931175522083,0.0,0.0,0.0,0.0,1024.9931175522083
2025-11-11T08:15:00Z,2025-11-11T08:30:00Z,2025-11-11,2025-11-11_38,0.0,0,0,100,64.3478260869565,64.3478260869565,0.0,0.0,0.0,True,True,True,False,0.0,1024.9931175522083,0.0,0.0,0.0,0.0,1024.9931175522083
2025-11-11T08:30:00Z,2025-11-11T08:45:00Z,2025-11-11,2025-11-11_39,0.0,0,0,100,64.3478260869565,64.3478260869565,0.0,0.0,0.0,True,True,True,False,0.0,1024.9931175522083,0.0,0.0,0.0,0.0,1024.9931175522083
2025-11-11T08:45:00Z,2025-11-11T09:00:00Z,2025-11-11,2025-11-11_40,0.0,0,0,100,64.3478260869565,64.3478260869565,0.0,0.0,0.0,True,True,True,False,0.0,1024.9931175522083,0.0,0.0,0.0,0.0,1024.9931175522083
2025-11-11T09:00:00Z,2025-11-11T09:15:00Z,2025-11-11,2025-11-11_41,0.0,0,0,100,64.3478260869565,64.3478260869565,0.0,0.0,0.0,True,True,True,False,0.0,1024.9931175522083,0.0,0.0,0.0,0.0,1024.9931175522083
2025-11-11T09:15:00Z,2025-11-11T09:30:00Z,2025-11-11,2025-11-11_42,0.0,0,0,100,64.3478260869565,64.3478260869565,0.0,0.0,0.0,True,True,True,False,0.0,1024.9931175522083,0.0,0.0,0.0,0.0,1024.9931175522083
2025-11-11T09:30:00Z,2025-11-11T09:45:00Z,2025-11-11,2025-11-11_43,0.0,0,0,100,64.3478260869565,64.3478260869565,0.0,0.0,0.0,True,True,True,False,0.0,1024.9931175522083,0.0,0.0,0.0,0.0,1024.9931175522083
2025-11-11T09:45:00Z,2025-11-11T10:00:00Z,2025-11-11,2025-11-11_44,0.0,0,0,100,64.3478260869565,64.3478260869565,0.0,0.0,0.0,True,True,True,False,0.0,1024.9931175522083,0.0,0.0,0.0,0.0,1024.9931175522083
2025-11-11T10:00:00Z,2025-11-11T10:15:00Z,2025-11-11,2025-11-11_45,0.0,0,0,100,64.3478260869565,64.3478260869565,0.0,0.0,0.0,True,True,True,False,0.0,1024.9931175522083,0.0,0.0,0.0,0.0,1024.9931175522083
2025-11-11T10:15:00Z,2025-11-11T10:30:00Z,2025-11-11,2025-11-11_46,0.0,0,0,100,64.3478260869565,64.3478260869565,0.0,0.0,0.0,True,True,True,False,0.0,1024.9931175522083,0.0,0.0,0.0,0.0,1024.9931175522083
2025-11-11T10:30:00Z,2025-11-11T10:45:00Z,2025-11-11,2025-11-11_47,0.0,0,0,100,64.3478260869565,64.3478260869565,0.0,0.0,0.0,True,True,True,False,0.0,1024.9931175522083,0.0,0.0,0.0,0.0,1024.9931175522083
2025-11-11T10:45:00Z,2025-11-11T11:00:00Z,2025-11-11,2025-11-11_48,0.0,0,0,100,64.3478260869565,64.3478260869565,0.0,0.0,0.0,True,True,True,False,0.0,1024.9931175522083,0.0,0.0,0.0,0.0,1024.9931175522083
2025-11-11T11:00:00Z,2025-11-11T11:15:00Z,2025-11-11,2025-11-11_49,0.0,0,0,100,64.3478260869565,64.3478260869565,0.0,0.0,0.0,True,False,True,False,0.0,1024.9931175522083,0.0,0.0,0.0,0.0,1024.9931175522083
2025-11-11T11:15:00Z,2025-11-11T11:30:00Z,2025-11-11,2025-11-11_50,0.0,0,0,100,64.3478260869565,64.3478260869565,0.0,0.0,0.0,True,False,True,False,0.0,1024.9931175522083,0.0,0.0,0.0,0.0,1024.9931175522083
2025-11-11T11:30:00Z,2025-11-11T11:45:00Z,2025-11-11,2025-11-11_51,0.0,0,0,100,64.3478260869565,64.3478260869565,0.0,0.0,0.0,True,False,True,False,0.0,1024.9931175522083,0.0,0.0,0.0,0.0,1024.9931175522083
2025-11-11T11:45:00Z,2025-11-11T12:00:00Z,2025-11-11,2025-11-11_52,0.0,0,0,100,64.3478260869565,64.3478260869565,0.0,0.0,0.0,True,False,True,False,0.0,1024.9931175522083,0.0,0.0,0.0,0.0,1024.9931175522083
2025-11-11T12:00:00Z,2025-11-11T12:15:00Z,2025-11-11,2025-11-11_53,-20.0,19,0,80,64.3478260869565,68.49464460124221,0.011518940317460319,0.49258857142857143,0.0,True,True,True,False,-442.65,819.9944940417666,20.853521846855706,0.0,81.0878434184135,0.0,479.2858593070359
2025-11-11T12:15:00Z,2025-11-11T12:30:00Z,2025-11-11,2025-11-11_54,-20.0,19,0,80,68.49464460124221,72.91195362981365,0.012270302857142859,0.19857714285714287,0.0,True,True,True,False,-456.34999999999997,819.9944940417666,20.853521846855706,0.0,31.1600236340448,0.0,415.6580395226672
2025-11-11T12:30:00Z,2025-11-11T12:45:00Z,2025-11-11,2025-11-11_55,-20.0,19,0,80,72.91195362981365,76.54126425838507,0.010081418412698415,1.055097142857143,0.0,True,True,True,False,-477.0,819.9944940417666,20.853521846855706,0.0,188.64150989555537,0.0,552.4895257841778
2025-11-11T12:45:00Z,2025-11-11T13:00:00Z,2025-11-11,2025-11-11_56,-20.0,19,0,80,76.54126425838507,80.26616551552794,0.010346947936507938,0.9511942857142857,0.0,True,True,True,False,-520.55,819.9944940417666,20.853521846855706,0.0,149.62166031945796,0.0,469.9196762080804
2025-11-11T13:00:00Z,2025-11-11T13:15:00Z,2025-11-11,2025-11-11_57,0.0,0,0,100,80.26616551552794,80.26616551552794,0.0,0.0,0.0,True,True,True,False,0.0,1024.9931175522083,0.0,0.0,0.0,0.0,1024.9931175522083
2025-11-11T13:15:00Z,2025-11-11T13:30:00Z,2025-11-11,2025-11-11_58,0.0,0,0,100,80.26616551552794,80.26616551552794,0.0,0.0,0.0,True,True,True,False,0.0,1024.9931175522083,0.0,0.0,0.0,0.0,1024.9931175522083
2025-11-11T13:30:00Z,2025-11-11T13:45:00Z,2025-11-11,2025-11-11_59,0.0,0,0,100,80.26616551552794,80.26616551552794,0.0,0.0,0.0,True,True,True,False,0.0,1024.9931175522083,0.0,0.0,0.0,0.0,1024.9931175522083
2025-11-11T13:45:00Z,2025-11-11T14:00:00Z,2025-11-11,2025-11-11_60,0.0,0,0,100,80.26616551552794,80.26616551552794,0.0,0.0,0.0,True,True,True,False,0.0,1024.9931175522083,0.0,0.0,0.0,0.0,1024.9931175522083
2025-11-11T14:00:00Z,2025-11-11T14:15:00Z,2025-11-11,2025-11-11_61,-100.0,100,0,0,80.26616551552794,97.02120551552795,0.04654177777777778,6.787999999999999,0.0,True,True,True,False,-2617.75,0.0,109.75537814134582,0.0,1668.7048759192983,0.0,-839.289745939356
2025-11-11T14:15:00Z,2025-11-11T14:30:00Z,2025-11-11,2025-11-11_62,-100.0,100,0,0,97.02120551552795,111.8463483726708,0.04118095238095238,8.885714285714286,0.0,True,True,True,False,-2908.0,0.0,109.75537814134582,0.0,1927.6918854535954,0.0,-870.5527364050588
2025-11-11T14:30:00Z,2025-11-11T14:45:00Z,2025-11-11,2025-11-11_63,0.0,100,0,0,111.8463483726708,110.23330489440994,0.004480676328502416,1.484,0.0,True,True,True,False,0.0,0.0,109.75537814134582,0.0,437.7534447634405,0.0,547.5088229047863
2025-11-11T14:45:00Z,2025-11-11T15:00:00Z,2025-11-11,2025-11-11_64,0.0,100,0,0,110.23330489440994,85.8432427826087,0.06775017253278123,22.438857142857145,0.0,True,True,True,False,0.0,0.0,109.75537814134582,0.0,24577.10540898595,0.0,24686.860787127294
2025-11-11T15:00:00Z,2025-11-11T15:15:00Z,2025-11-11,2025-11-11_65,0.0,0,0,100,85.8432427826087,85.8432427826087,0.0,0.0,0.0,True,False,True,False,0.0,1024.9931175522083,0.0,0.0,0.0,0.0,1024.9931175522083
2025-11-11T15:15:00Z,2025-11-11T15:30:00Z,2025-11-11,2025-11-11_66,0.0,0,0,100,85.8432427826087,85.8432427826087,0.0,0.0,0.0,True,False,True,False,0.0,1024.9931175522083,0.0,0.0,0.0,0.0,1024.9931175522083
2025-11-11T15:30:00Z,2025-11-11T15:45:00Z,2025-11-11,2025-11-11_67,0.0,0,0,100,85.8432427826087,85.8432427826087,0.0,0.0,0.0,True,False,True,False,0.0,1024.9931175522083,0.0,0.0,0.0,0.0,1024.9931175522083
2025-11-11T15:45:00Z,2025-11-11T16:00:00Z,2025-11-11,2025-11-11_68,0.0,0,0,100,85.8432427826087,85.8432427826087,0.0,0.0,0.0,True,False,True,False,0.0,1024.9931175522083,0.0,0.0,0.0,0.0,1024.9931175522083
2025-11-11T16:00:00Z,2025-11-11T16:15:00Z,2025-11-11,2025-11-11_69,0.0,100,100,0,85.8432427826087,75.72833595031057,0.02809696342305038,9.305714285714286,0.0,True,True,True,False,0.0,0.0,149.89971290360643,29.466708616824636,7091.4761698756665,0.0,7270.842591396097
2025-11-11T16:15:00Z,2025-11-11T16:30:00Z,2025-11-11,2025-11-11_70,0.0,100,100,0,75.72833595031057,69.99976452173914,0.015912698412698413,5.2702857142857145,0.0,True,True,True,False,0.0,0.0,149.89971290360643,29.466708616824636,857.5982110130402,0.0,1036.9646325334713
2025-11-11T16:30:00Z,2025-11-11T16:45:00Z,2025-11-11,2025-11-11_71,0.0,100,100,0,69.99976452173914,66.08676874534162,0.011780670807453415,3.7508571428571424,0.1782857142857143,True,True,True,False,0.0,0.0,149.89971290360643,29.466708616824636,777.0891796684065,-11.471266201843935,944.9843349869936
2025-11-11T16:45:00Z,2025-11-11T17:00:00Z,2025-11-11,2025-11-11_72,0.0,100,100,0,66.08676874534162,64.84015209937888,0.003749046238785369,1.1942857142857142,0.05600000000000001,True,True,True,False,0.0,0.0,149.89971290360643,29.466708616824636,187.8497716150998,-3.8294490108939323,363.38674412463695
2025-11-11T17:00:00Z,2025-11-11T17:15:00Z,2025-11-11,2025-11-11_73,0.0,0,0,100,64.84015209937888,64.84015209937888,0.0,0.0,0.0,True,True,True,False,0.0,1024.9931175522083,0.0,0.0,0.0,0.0,1024.9931175522083
2025-11-11T17:15:00Z,2025-11-11T17:30:00Z,2025-11-11,2025-11-11_74,0.0,0,0,100,64.84015209937888,64.84015209937888,0.0,0.0,0.0,True,True,True,False,0.0,1024.9931175522083,0.0,0.0,0.0,0.0,1024.9931175522083
2025-11-11T17:30:00Z,2025-11-11T17:45:00Z,2025-11-11,2025-11-11_75,0.0,0,0,100,64.84015209937888,64.84015209937888,0.0,0.0,0.0,True,True,True,False,0.0,1024.9931175522083,0.0,0.0,0.0,0.0,1024.9931175522083
2025-11-11T17:45:00Z,2025-11-11T18:00:00Z,2025-11-11,2025-11-11_76,0.0,0,0,100,64.84015209937888,64.84015209937888,0.0,0.0,0.0,True,True,True,False,0.0,1024.9931175522083,0.0,0.0,0.0,0.0,1024.9931175522083
2025-11-11T18:00:00Z,2025-11-11T18:15:00Z,2025-11-11,2025-11-11_77,0.0,0,0,100,64.84015209937888,64.84015209937888,0.0,0.0,0.0,True,False,True,False,0.0,1024.9931175522083,0.0,0.0,0.0,0.0,1024.9931175522083
2025-11-11T18:15:00Z,2025-11-11T18:30:00Z,2025-11-11,2025-11-11_78,0.0,0,0,100,64.84015209937888,64.84015209937888,0.0,0.0,0.0,True,False,True,False,0.0,1024.9931175522083,0.0,0.0,0.0,0.0,1024.9931175522083
2025-11-11T18:30:00Z,2025-11-11T18:45:00Z,2025-11-11,2025-11-11_79,0.0,0,0,100,64.84015209937888,64.84015209937888,0.0,0.0,0.0,True,False,True,False,0.0,1024.9931175522083,0.0,0.0,0.0,0.0,1024.9931175522083
2025-11-11T18:45:00Z,2025-11-11T19:00:00Z,2025-11-11,2025-11-11_80,0.0,0,0,100,64.84015209937888,64.84015209937888,0.0,0.0,0.0,True,False,True,False,0.0,1024.9931175522083,0.0,0.0,0.0,0.0,1024.9931175522083
2025-11-11T19:00:00Z,2025-11-11T19:15:00Z,2025-11-11,2025-11-11_81,0.0,0,0,100,64.84015209937888,64.84015209937888,0.0,0.0,0.0,True,False,True,False,0.0,1024.9931175522083,0.0,0.0,0.0,0.0,1024.9931175522083
2025-11-11T19:15:00Z,2025-11-11T19:30:00Z,2025-11-11,2025-11-11_82,0.0,0,0,100,64.84015209937888,64.84015209937888,0.0,0.0,0.0,True,False,True,False,0.0,1024.9931175522083,0.0,0.0,0.0,0.0,1024.9931175522083
2025-11-11T19:30:00Z,2025-11-11T19:45:00Z,2025-11-11,2025-11-11_83,0.0,0,0,100,64.84015209937888,64.84015209937888,0.0,0.0,0.0,True,False,True,False,0.0,1024.9931175522083,0.0,0.0,0.0,0.0,1024.9931175522083
2025-11-11T19:45:00Z,2025-11-11T20:00:00Z,2025-11-11,2025-11-11_84,0.0,0,0,100,64.84015209937888,64.84015209937888,0.0,0.0,0.0,True,False,True,False,0.0,1024.9931175522083,0.0,0.0,0.0,0.0,1024.9931175522083
2025-11-11T20:00:00Z,2025-11-11T20:15:00Z,2025-11-11,2025-11-11_85,0.0,100,64,0,64.84015209937888,49.558785639751555,0.042448240165631465,14.058857142857143,0.0,True,True,True,False,0.0,0.0,110.55177567153025,19.991347779918986,15280.723160195294,0.0,15411.266283646743
2025-11-11T20:15:00Z,2025-11-11T20:30:00Z,2025-11-11,2025-11-11_86,0.0,100,64,0,49.558785639751555,48.19085397267081,0.004119444472049689,1.3114285714285714,0.06253714285714286,True,True,True,False,0.0,0.0,110.55177567153025,19.991347779918986,206.26207574625394,-4.918955665799572,331.88624353190363
2025-11-11T20:30:00Z,2025-11-11T20:45:00Z,2025-11-11,2025-11-11_87,-34.73116799865676,100,64,0,48.19085397267081,54.353347895652156,0.024147163059909958,1.7834285714285716,0.01024,True,True,True,False,-980.287216762087,0.0,110.55177567153025,19.991347779918986,280.4521562568474,-0.8054430329964212,-570.0973800867869
2025-11-11T20:45:00Z,2025-11-11T21:00:00Z,2025-11-11,2025-11-11_88,-36.0,100,64,0,54.353347895652156,64.3478260869565,0.027828692008281572,0.017142857142857144,1.8826971428571428,True,True,True,False,-941.4,0.0,110.55177567153025,19.991347779918986,2.6630859210400644,-110.26887639123767,-918.4626670187483
2025-11-11T21:00:00Z,2025-11-11T21:15:00Z,2025-11-11,2025-11-11_89,0.0,0,0,100,64.3478260869565,64.3478260869565,0.0,0.0,0.0,True,True,True,False,0.0,1024.9931175522083,0.0,0.0,0.0,0.0,1024.9931175522083
2025-11-11T21:15:00Z,2025-11-11T21:30:00Z,2025-11-11,2025-11-11_90,0.0,0,0,100,64.3478260869565,64.3478260869565,0.0,0.0,0.0,True,True,True,False,0.0,1024.9931175522083,0.0,0.0,0.0,0.0,1024.9931175522083
2025-11-11T21:30:00Z,2025-11-11T21:45:00Z,2025-11-11,2025-11-11_91,0.0,0,0,100,64.3478260869565,64.3478260869565,0.0,0.0,0.0,True,True,True,False,0.0,1024.9931175522083,0.0,0.0,0.0,0.0,1024.9931175522083
2025-11-11T21:45:00Z,2025-11-11T22:00:00Z,2025-11-11,2025-11-11_92,0.0,0,0,100,64.3478260869565,64.3478260869565,0.0,0.0,0.0,True,True,True,False,0.0,1024.9931175522083,0.0,0.0,0.0,0.0,1024.9931175522083
2025-11-11T22:00:00Z,2025-11-11T22:15:00Z,2025-11-12,2025-11-11_93,0.0,0,0,100,64.3478260869565,64.3478260869565,0.0,0.0,0.0,True,True,True,False,0.0,1025.174550103255,0.0,0.0,0.0,0.0,1025.174550103255
2025-11-11T22:15:00Z,2025-11-11T22:30:00Z,2025-11-12,2025-11-11_94,0.0,0,0,100,64.3478260869565,64.3478260869565,0.0,0.0,0.0,True,True,True,False,0.0,1025.174550103255,0.0,0.0,0.0,0.0,1025.174550103255
2025-11-11T22:30:00Z,2025-11-11T22:45:00Z,2025-11-12,2025-11-11_95,0.0,0,0,100,64.3478260869565,64.3478260869565,0.0,0.0,0.0,True,True,True,False,0.0,1025.174550103255,0.0,0.0,0.0,0.0,1025.174550103255
2025-11-11T22:45:00Z,2025-11-11T23:00:00Z,2025-11-12,2025-11-11_96,0.0,0,0,100,64.3478260869565,64.3478260869565,0.0,0.0,0.0,True,True,True,False,0.0,1025.174550103255,0.0,0.0,0.0,0.0,1025.174550103255
2025-11-11T23:00:00Z,2025-11-11T23:15:00Z,2025-11-12,2025-11-12_1,0.0,0,0,100,64.3478260869565,64.3478260869565,0.0,0.0,0.0,True,True,True,False,0.0,1025.174550103255,0.0,0.0,0.0,0.0,1025.174550103255
2025-11-11T23:15:00Z,2025-11-11T23:30:00Z,2025-11-12,2025-11-12_2,0.0,0,0,100,64.3478260869565,64.3478260869565,0.0,0.0,0.0,True,True,True,False,0.0,1025.174550103255,0.0,0.0,0.0,0.0,1025.174550103255
2025-11-11T23:30:00Z,2025-11-11T23:45:00Z,2025-11-12,2025-11-12_3,0.0,0,0,100,64.3478260869565,64.3478260869565,0.0,0.0,0.0,True,True,True,False,0.0,1025.174550103255,0.0,0.0,0.0,0.0,1025.174550103255
2025-11-11T23:45:00Z,2025-11-12T00:00:00Z,2025-11-12,2025-11-12_4,0.0,0,0,100,64.3478260869565,64.3478260869565,0.0,0.0,0.0,True,True,True,False,0.0,1025.174550103255,0.0,0.0,0.0,0.0,1025.174550103255
2025-11-12T00:00:00Z,2025-11-12T00:15:00Z,2025-11-12,2025-11-12_5,0.0,0,0,100,64.3478260869565,64.3478260869565,0.0,0.0,0.0,True,True,True,False,0.0,1025.174550103255,0.0,0.0,0.0,0.0,1025.174550103255
2025-11-12T00:15:00Z,2025-11-12T00:30:00Z,2025-11-12,2025-11-12_6,0.0,0,0,100,64.3478260869565,64.3478260869565,0.0,0.0,0.0,True,True,True,False,0.0,1025.174550103255,0.0,0.0,0.0,0.0,1025.174550103255
2025-11-12T00:30:00Z,2025-11-12T00:45:00Z,2025-11-12,2025-11-12_7,0.0,0,0,100,64.3478260869565,64.3478260869565,0.0,0.0,0.0,True,True,True,False,0.0,1025.174550103255,0.0,0.0,0.0,0.0,1025.174550103255
2025-11-12T00:45:00Z,2025-11-12T01:00:00Z,2025-11-12,2025-11-12_8,0.0,0,0,100,64.3478260869565,64.3478260869565,0.0,0.0,0.0,True,True,True,False,0.0,1025.174550103255,0.0,0.0,0.0,0.0,1025.174550103255
2025-11-12T01:00:00Z,2025-11-12T01:15:00Z,2025-11-12,2025-11-12_9,0.0,0,0,100,64.3478260869565,64.3478260869565,0.0,0.0,0.0,True,True,True,False,0.0,1025.174550103255,0.0,0.0,0.0,0.0,1025.174550103255
2025-11-12T01:15:00Z,2025-11-12T01:30:00Z,2025-11-12,2025-11-12_10,0.0,0,0,100,64.3478260869565,64.3478260869565,0.0,0.0,0.0,True,True,True,False,0.0,1025.174550103255,0.0,0.0,0.0,0.0,1025.174550103255
2025-11-12T01:30:00Z,2025-11-12T01:45:00Z,2025-11-12,2025-11-12_11,0.0,0,0,100,64.3478260869565,64.3478260869565,0.0,0.0,0.0,True,True,True,False,0.0,1025.174550103255,0.0,0.0,0.0,0.0,1025.174550103255
2025-11-12T01:45:00Z,2025-11-12T02:00:00Z,2025-11-12,2025-11-12_12,0.0,0,0,100,64.3478260869565,64.3478260869565,0.0,0.0,0.0,True,True,True,False,0.0,1025.174550103255,0.0,0.0,0.0,0.0,1025.174550103255
2025-11-12T02:00:00Z,2025-11-12T02:15:00Z,2025-11-12,2025-11-12_13,0.0,0,0,100,64.3478260869565,64.3478260869565,0.0,0.0,0.0,True,True,True,False,0.0,1025.174550103255,0.0,0.0,0.0,0.0,1025.174550103255
2025-11-12T02:15:00Z,2025-11-12T02:30:00Z,2025-11-12,2025-11-12_14,0.0,0,0,100,64.3478260869565,64.3478260869565,0.0,0.0,0.0,True,True,True,False,0.0,1025.174550103255,0.0,0.0,0.0,0.0,1025.174550103255
2025-11-12T02:30:00Z,2025-11-12T02:45:00Z,2025-11-12,2025-11-12_15,0.0,0,0,100,64.3478260869565,64.3478260869565,0.0,0.0,0.0,True,True,True,False,0.0,1025.174550103255,0.0,0.0,0.0,0.0,1025.174550103255
2025-11-12T02:45:00Z,2025-11-12T03:00:00Z,2025-11-12,2025-11-12_16,0.0,0,0,100,64.3478260869565,64.3478260869565,0.0,0.0,0.0,True,True,True,False,0.0,1025.174550103255,0.0,0.0,0.0,0.0,1025.174550103255
2025-11-12T03:00:00Z,2025-11-12T03:15:00Z,2025-11-12,2025-11-12_17,0.0,0,0,100,64.3478260869565,64.3478260869565,0.0,0.0,0.0,True,True,True,False,0.0,1025.174550103255,0.0,0.0,0.0,0.0,1025.174550103255
2025-11-12T03:15:00Z,2025-11-12T03:30:00Z,2025-11-12,2025-11-12_18,0.0,0,0,100,64.3478260869565,64.3478260869565,0.0,0.0,0.0,True,True,True,False,0.0,1025.174550103255,0.0,0.0,0.0,0.0,1025.174550103255
2025-11-12T03:30:00Z,2025-11-12T03:45:00Z,2025-11-12,2025-11-12_19,0.0,0,0,100,64.3478260869565,64.3478260869565,0.0,0.0,0.0,True,True,True,False,0.0,1025.174550103255,0.0,0.0,0.0,0.0,1025.174550103255
2025-11-12T03:45:00Z,2025-11-12T04:00:00Z,2025-11-12,2025-11-12_20,0.0,0,0,100,64.3478260869565,64.3478260869565,0.0,0.0,0.0,True,True,True,False,0.0,1025.174550103255,0.0,0.0,0.0,0.0,1025.174550103255
2025-11-12T04:00:00Z,2025-11-12T04:15:00Z,2025-11-12,2025-11-12_21,0.0,0,0,100,64.3478260869565,64.3478260869565,0.0,0.0,0.0,True,True,True,False,0.0,1025.174550103255,0.0,0.0,0.0,0.0,1025.174550103255
2025-11-12T04:15:00Z,2025-11-12T04:30:00Z,2025-11-12,2025-11-12_22,0.0,0,0,100,64.3478260869565,64.3478260869565,0.0,0.0,0.0,True,True,True,False,0.0,1025.174550103255,0.0,0.0,0.0,0.0,1025.174550103255
2025-11-12T04:30:00Z,2025-11-12T04:45:00Z,2025-11-12,2025-11-12_23,0.0,0,0,100,64.3478260869565,64.3478260869565,0.0,0.0,0.0,True,True,True,False,0.0,1025.174550103255,0.0,0.0,0.0,0.0,1025.174550103255
2025-11-12T04:45:00Z,2025-11-12T05:00:00Z,2025-11-12,2025-11-12_24,0.0,0,0,100,64.3478260869565,64.3478260869565,0.0,0.0,0.0,True,True,True,False,0.0,1025.174550103255,0.0,0.0,0.0,0.0,1025.174550103255
2025-11-12T05:00:00Z,2025-11-12T05:15:00Z,2025-11-12,2025-11-12_25,0.0,0,0,100,64.3478260869565,64.3478260869565,0.0,0.0,0.0,True,True,True,False,0.0,1025.174550103255,0.0,0.0,0.0,0.0,1025.174550103255
2025-11-12T05:15:00Z,2025-11-12T05:30:00Z,2025-11-12,2025-11-12_26,0.0,0,0,100,64.3478260869565,64.3478260869565,0.0,0.0,0.0,True,True,True,False,0.0,1025.174550103255,0.0,0.0,0.0,0.0,1025.174550103255
2025-11-12T05:30:00Z,2025-11-12T05:45:00Z,2025-11-12,2025-11-12_27,0.0,0,0,100,64.3478260869565,64.3478260869565,0.0,0.0,0.0,True,True,True,False,0.0,1025.174550103255,0.0,0.0,0.0,0.0,1025.174550103255
2025-11-12T05:45:00Z,2025-11-12T06:00:00Z,2025-11-12,2025-11-12_28,0.0,0,0,100,64.3478260869565,64.3478260869565,0.0,0.0,0.0,True,True,True,False,0.0,1025.174550103255,0.0,0.0,0.0,0.0,1025.174550103255
2025-11-12T06:00:00Z,2025-11-12T06:15:00Z,2025-11-12,2025-11-12_29,0.0,0,0,100,64.3478260869565,64.3478260869565,0.0,0.0,0.0,True,True,True,False,0.0,1025.174550103255,0.0,0.0,0.0,0.0,1025.174550103255
2025-11-12T06:15:00Z,2025-11-12T06:30:00Z,2025-11-12,2025-11-12_30,0.0,0,0,100,64.3478260869565,64.3478260869565,0.0,0.0,0.0,True,True,True,False,0.0,1025.174550103255,0.0,0.0,0.0,0.0,1025.174550103255
2025-11-12T06:30:00Z,2025-11-12T06:45:00Z,2025-11-12,2025-11-12_31,0.0,0,0,100,64.3478260869565,64.3478260869565,0.0,0.0,0.0,True,True,True,False,0.0,1025.174550103255,0.0,0.0,0.0,0.0,1025.174550103255
2025-11-12T06:45:00Z,2025-11-12T07:00:00Z,2025-11-12,2025-11-12_32,0.0,0,0,100,64.3478260869565,64.3478260869565,0.0,0.0,0.0,True,True,True,False,0.0,1025.174550103255,0.0,0.0,0.0,0.0,1025.174550103255
2025-11-12T07:00:00Z,2025-11-12T07:15:00Z,2025-11-12,2025-11-12_33,0.0,0,0,100,64.3478260869565,64.3478260869565,0.0,0.0,0.0,True,False,True,False,0.0,1025.174550103255,0.0,0.0,0.0,0.0,1025.174550103255
2025-11-12T07:15:00Z,2025-11-12T07:30:00Z,2025-11-12,2025-11-12_34,0.0,0,0,100,64.3478260869565,64.3478260869565,0.0,0.0,0.0,True,False,True,False,0.0,1025.174550103255,0.0,0.0,0.0,0.0,1025.174550103255
2025-11-12T07:30:00Z,2025-11-12T07:45:00Z,2025-11-12,2025-11-12_35,0.0,0,0,100,64.3478260869565,64.3478260869565,0.0,0.0,0.0,True,False,True,False,0.0,1025.174550103255,0.0,0.0,0.0,0.0,1025.174550103255
2025-11-12T07:45:00Z,2025-11-12T08:00:00Z,2025-11-12,2025-11-12_36,0.0,0,0,100,64.3478260869565,64.3478260869565,0.0,0.0,0.0,True,False,True,False,0.0,1025.174550103255,0.0,0.0,0.0,0.0,1025.174550103255
2025-11-12T08:00:00Z,2025-11-12T08:15:00Z,2025-11-12,2025-11-12_37,0.0,0,0,100,64.3478260869565,64.3478260869565,0.0,0.0,0.0,True,True,True,False,0.0,1025.174550103255,0.0,0.0,0.0,0.0,1025.174550103255
2025-11-12T08:15:00Z,2025-11-12T08:30:00Z,2025-11-12,2025-11-12_38,0.0,0,0,100,64.3478260869565,64.3478260869565,0.0,0.0,0.0,True,True,True,False,0.0,1025.174550103255,0.0,0.0,0.0,0.0,1025.174550103255
2025-11-12T08:30:00Z,2025-11-12T08:45:00Z,2025-11-12,2025-11-12_39,0.0,0,0,100,64.3478260869565,64.3478260869565,0.0,0.0,0.0,True,True,True,False,0.0,1025.174550103255,0.0,0.0,0.0,0.0,1025.174550103255
2025-11-12T08:45:00Z,2025-11-12T09:00:00Z,2025-11-12,2025-11-12_40,0.0,0,0,100,64.3478260869565,64.3478260869565,0.0,0.0,0.0,True,True,True,False,0.0,1025.174550103255,0.0,0.0,0.0,0.0,1025.174550103255
2025-11-12T09:00:00Z,2025-11-12T09:15:00Z,2025-11-12,2025-11-12_41,0.0,100,0,0,64.3478260869565,63.45465838509315,0.0024810213940648722,0.8217142857142857,0.0,True,True,True,False,0.0,0.0,110.95486281836955,0.0,128.98546675470266,0.0,239.9403295730722
2025-11-12T09:15:00Z,2025-11-12T09:30:00Z,2025-11-12,2025-11-12_42,-99.99999999999997,100,0,0,63.45465838509315,84.68720695652172,0.05897930158730157,1.921142857142857,0.0,True,True,True,False,-1731.4999999999995,0.0,110.95486281836955,0.0,302.08814284309454,0.0,-1318.4569943385354
2025-11-12T09:30:00Z,2025-11-12T09:45:00Z,2025-11-12,2025-11-12_43,-100.0,100,0,0,84.68720695652172,95.65308124223601,0.03046076190476191,13.080571428571428,0.0,True,True,True,False,-1071.25,0.0,110.95486281836955,0.0,2495.593973055364,0.0,1535.2988358737337
2025-11-12T09:45:00Z,2025-11-12T10:00:00Z,2025-11-12,2025-11-12_44,-100.0,100,0,0,95.65308124223601,108.21870409937887,0.034904507936507935,11.341714285714286,0.0,True,True,True,False,-1530.0,0.0,110.95486281836955,0.0,2021.7718248458195,0.0,602.7266876641891
2025-11-12T10:00:00Z,2025-11-12T10:15:00Z,2025-11-12,2025-11-12_45,0.0,0,0,100,108.21870409937887,108.21870409937887,0.0,0.0,0.0,True,False,True,False,0.0,1025.174550103255,0.0,0.0,0.0,0.0,1025.174550103255
2025-11-12T10:15:00Z,2025-11-12T10:30:00Z,2025-11-12,2025-11-12_46,0.0,0,0,100,108.21870409937887,108.21870409937887,0.0,0.0,0.0,True,False,True,False,0.0,1025.174550103255,0.0,0.0,0.0,0.0,1025.174550103255
2025-11-12T10:30:00Z,2025-11-12T10:45:00Z,2025-11-12,2025-11-12_47,0.0,0,0,100,108.21870409937887,108.21870409937887,0.0,0.0,0.0,True,False,True,False,0.0,1025.174550103255,0.0,0.0,0.0,0.0,1025.174550103255
2025-11-12T10:45:00Z,2025-11-12T11:00:00Z,2025-11-12,2025-11-12_48,0.0,0,0,100,108.21870409937887,108.21870409937887,0.0,0.0,0.0,True,False,True,False,0.0,1025.174550103255,0.0,0.0,0.0,0.0,1025.174550103255
2025-11-12T11:00:00Z,2025-11-12T11:15:00Z,2025-11-12,2025-11-12_49,-100.0,100,0,0,108.21870409937887,112.96222409937887,0.01317644444444445,19.843999999999998,0.0,True,True,True,False,-2135.0,0.0,110.95486281836955,0.0,18393.727340741465,0.0,16369.682203559834
2025-11-12T11:15:00Z,2025-11-12T11:30:00Z,2025-11-12,2025-11-12_50,-100.0,100,0,0,112.96222409937887,129.00334409937886,0.04455866666666666,7.564,0.0,True,True,True,False,-2139.5,0.0,110.95486281836955,0.0,1325.820657291769,0.0,-702.7244798898614
2025-11-12T11:30:00Z,2025-11-12T11:45:00Z,2025-11-12,2025-11-12_51,-93.67859507159942,100,0,0,129.00334409937886,144.1509316770186,0.04470138942385932,6.876,0.0,True,True,True,False,-2020.1789027190416,0.0,110.95486281836955,0.0,1327.6515370242896,0.0,-581.5725028763825
2025-11-12T11:45:00Z,2025-11-12T12:00:00Z,2025-11-12,2025-11-12_52,-1.9459072034870293e-15,100,0,0,144.1509316770186,143.99999999999997,0.00041925465838509436,0.13885714285714285,0.0,True,True,True,False,-4.3675887182266374e-14,0.0,110.95486281836955,0.0,21.614386243906548,0.0,132.56924906227604
2025-11-12T12:00:00Z,2025-11-12T12:15:00Z,2025-11-12,2025-11-12_53,0.0,0,0,100,143.99999999999997,143.99999999999997,0.0,0.0,0.0,True,True,True,False,0.0,1025.174550103255,0.0,0.0,0.0,0.0,1025.174550103255
2025-11-12T12:15:00Z,2025-11-12T12:30:00Z,2025-11-12,2025-11-12_54,0.0,0,0,100,143.99999999999997,143.99999999999997,0.0,0.0,0.0,True,True,True,False,0.0,1025.174550103255,0.0,0.0,0.0,0.0,1025.174550103255
2025-11-12T12:30:00Z,2025-11-12T12:45:00Z,2025-11-12,2025-11-12_55,0.0,0,0,100,143.99999999999997,143.99999999999997,0.0,0.0,0.0,True,True,True,False,0.0,1025.174550103255,0.0,0.0,0.0,0.0,1025.174550103255
2025-11-12T12:45:00Z,2025-11-12T13:00:00Z,2025-11-12,2025-11-12_56,0.0,0,0,100,143.99999999999997,143.99999999999997,0.0,0.0,0.0,True,True,True,False,0.0,1025.174550103255,0.0,0.0,0.0,0.0,1025.174550103255
2025-11-12T13:00:00Z,2025-11-12T13:15:00Z,2025-11-12,2025-11-12_57,0.0,0,0,100,143.99999999999997,143.99999999999997,0.0,0.0,0.0,True,True,True,False,0.0,1025.174550103255,0.0,0.0,0.0,0.0,1025.174550103255
2025-11-12T13:15:00Z,2025-11-12T13:30:00Z,2025-11-12,2025-11-12_58,0.0,0,0,100,143.99999999999997,143.99999999999997,0.0,0.0,0.0,True,True,True,False,0.0,1025.174550103255,0.0,0.0,0.0,0.0,1025.174550103255
2025-11-12T13:30:00Z,2025-11-12T13:45:00Z,2025-11-12,2025-11-12_59,0.0,0,0,100,143.99999999999997,143.99999999999997,0.0,0.0,0.0,True,True,True,False,0.0,1025.174550103255,0.0,0.0,0.0,0.0,1025.174550103255
2025-11-12T13:45:00Z,2025-11-12T14:00:00Z,2025-11-12,2025-11-12_60,0.0,0,0,100,143.99999999999997,143.99999999999997,0.0,0.0,0.0,True,True,True,False,0.0,1025.174550103255,0.0,0.0,0.0,0.0,1025.174550103255
2025-11-12T14:00:00Z,2025-11-12T14:15:00Z,2025-11-12,2025-11-12_61,0.0,0,0,100,143.99999999999997,143.99999999999997,0.0,0.0,0.0,True,True,True,False,0.0,1025.174550103255,0.0,0.0,0.0,0.0,1025.174550103255
2025-11-12T14:15:00Z,2025-11-12T14:30:00Z,2025-11-12,2025-11-12_62,0.0,0,0,100,143.99999999999997,143.99999999999997,0.0,0.0,0.0,True,True,True,False,0.0,1025.174550103255,0.0,0.0,0.0,0.0,1025.174550103255
2025-11-12T14:30:00Z,2025-11-12T14:45:00Z,2025-11-12,2025-11-12_63,0.0,0,0,100,143.99999999999997,143.99999999999997,0.0,0.0,0.0,True,True,True,False,0.0,1025.174550103255,0.0,0.0,0.0,0.0,1025.174550103255
2025-11-12T14:45:00Z,2025-11-12T15:00:00Z,2025-11-12,2025-11-12_64,0.0,0,0,100,143.99999999999997,143.99999999999997,0.0,0.0,0.0,True,True,True,False,0.0,1025.174550103255,0.0,0.0,0.0,0.0,1025.174550103255
2025-11-12T15:00:00Z,2025-11-12T15:15:00Z,2025-11-12,2025-11-12_65,0.0,0,0,100,143.99999999999997,143.99999999999997,0.0,0.0,0.0,True,True,True,False,0.0,1025.174550103255,0.0,0.0,0.0,0.0,1025.174550103255
2025-11-12T15:15:00Z,2025-11-12T15:30:00Z,2025-11-12,2025-11-12_66,0.0,0,0,100,143.99999999999997,143.99999999999997,0.0,0.0,0.0,True,True,True,False,0.0,1025.174550103255,0.0,0.0,0.0,0.0,1025.174550103255
2025-11-12T15:30:00Z,2025-11-12T15:45:00Z,2025-11-12,2025-11-12_67,0.0,0,0,100,143.99999999999997,143.99999999999997,0.0,0.0,0.0,True,True,True,False,0.0,1025.174550103255,0.0,0.0,0.0,0.0,1025.174550103255
2025-11-12T15:45:00Z,2025-11-12T16:00:00Z,2025-11-12,2025-11-12_68,0.0,0,0,100,143.99999999999997,143.99999999999997,0.0,0.0,0.0,True,True,True,False,0.0,1025.174550103255,0.0,0.0,0.0,0.0,1025.174550103255
2025-11-12T16:00:00Z,2025-11-12T16:15:00Z,2025-11-12,2025-11-12_69,77.0,0,77,23,143.99999999999997,123.21143478260868,0.05774601449275363,0.0,0.12451999999999998,True,True,True,False,5112.8,235.7901465237486,0.0,21.62572524338676,0.0,-9.82053692595142,5360.395334841184
2025-11-12T16:15:00Z,2025-11-12T16:30:00Z,2025-11-12,2025-11-12_70,76.52871130706338,0,77,23,123.21143478260868,102.53360869565213,0.05744180565877078,0.0,0.10868000000000001,True,True,True,False,4983.3583585377,235.7901465237486,0.0,21.62572524338676,0.0,-8.571281345265023,5232.202948959571
2025-11-12T16:30:00Z,2025-11-12T16:45:00Z,2025-11-12,2025-11-12_71,77.0,0,77,23,102.53360869565213,83.00573913043473,0.05424408212560386,0.0,1.28436,True,True,True,False,5025.405,235.7901465237486,0.0,21.62572524338676,0.0,-88.54240676566032,5194.278465001475
2025-11-12T16:45:00Z,2025-11-12T17:00:00Z,2025-11-12,2025-11-12_72,77.0,0,77,23,83.00573913043473,64.34782608695647,0.05182753623188406,0.0,2.0847200000000004,True,True,True,False,5019.63,235.7901465237486,0.0,21.62572524338676,0.0,-145.10832042482056,5131.937551342315
2025-11-12T17:00:00Z,2025-11-12T17:15:00Z,2025-11-12,2025-11-12_73,0.0,0,0,100,64.34782608695647,64.34782608695647,0.0,0.0,0.0,True,True,True,False,0.0,1025.174550103255,0.0,0.0,0.0,0.0,1025.174550103255
2025-11-12T17:15:00Z,2025-11-12T17:30:00Z,2025-11-12,2025-11-12_74,0.0,0,0,100,64.34782608695647,64.34782608695647,0.0,0.0,0.0,True,True,True,False,0.0,1025.174550103255,0.0,0.0,0.0,0.0,1025.174550103255
2025-11-12T17:30:00Z,2025-11-12T17:45:00Z,2025-11-12,2025-11-12_75,0.0,0,0,100,64.34782608695647,64.34782608695647,0.0,0.0,0.0,True,True,True,False,0.0,1025.174550103255,0.0,0.0,0.0,0.0,1025.174550103255
2025-11-12T17:45:00Z,2025-11-12T18:00:00Z,2025-11-12,2025-11-12_76,0.0,0,0,100,64.34782608695647,64.34782608695647,0.0,0.0,0.0,True,True,True,False,0.0,1025.174550103255,0.0,0.0,0.0,0.0,1025.174550103255
2025-11-12T18:00:00Z,2025-11-12T18:15:00Z,2025-11-12,2025-11-12_77,0.0,0,0,100,64.34782608695647,64.34782608695647,0.0,0.0,0.0,True,True,True,False,0.0,1025.174550103255,0.0,0.0,0.0,0.0,1025.174550103255
2025-11-12T18:15:00Z,2025-11-12T18:30:00Z,2025-11-12,2025-11-12_78,0.0,0,0,100,64.34782608695647,64.34782608695647,0.0,0.0,0.0,True,True,True,False,0.0,1025.174550103255,0.0,0.0,0.0,0.0,1025.174550103255
2025-11-12T18:30:00Z,2025-11-12T18:45:00Z,2025-11-12,2025-11-12_79,0.0,0,0,100,64.34782608695647,64.34782608695647,0.0,0.0,0.0,True,True,True,False,0.0,1025.174550103255,0.0,0.0,0.0,0.0,1025.174550103255
2025-11-12T18:45:00Z,2025-11-12T19:00:00Z,2025-11-12,2025-11-12_80,0.0,0,0,100,64.34782608695647,64.34782608695647,0.0,0.0,0.0,True,True,True,False,0.0,1025.174550103255,0.0,0.0,0.0,0.0,1025.174550103255
2025-11-12T19:00:00Z,2025-11-12T19:15:00Z,2025-11-12,2025-11-12_81,98.98393338392769,0,100,0,64.34782608695647,44.749787826086916,0.05478830661437623,0.0,6.726285714285715,True,True,True,False,5379.77677941647,0.0,0.0,28.970400236011407,0.0,-365.63504420999396,5043.112135442488
2025-11-12T19:15:00Z,2025-11-12T19:30:00Z,2025-11-12,2025-11-12_82,99.99999999999993,0,100,0,44.749787826086916,39.06717913043476,0.01578502415458939,0.0,19.772000000000002,True,True,True,False,5134.499999999996,0.0,0.0,28.970400236011407,0.0,-529.0861984462582,4634.38420178975
2025-11-12T19:30:00Z,2025-11-12T19:45:00Z,2025-11-12,2025-11-12_83,0.0,0,100,0,39.06717913043476,41.340893416149044,0.006315873015873017,0.0,2.4714285714285715,True,True,True,False,0.0,0.0,0.0,28.970400236011407,0.0,-140.8590337580602,-111.88863352204879
2025-11-12T19:45:00Z,2025-11-12T20:00:00Z,2025-11-12,2025-11-12_84,0.0,0,100,0,41.340893416149044,41.52173913043476,0.0005023492063492062,0.0,0.19657142857142854,True,True,True,False,0.0,0.0,0.0,28.970400236011407,0.0,-12.48411244257758,16.486287793433828
2025-11-12T20:00:00Z,2025-11-12T20:15:00Z,2025-11-12,2025-11-12_85,-2.021450295934693,42,11,58,41.52173913043476,41.97988659875772,0.0014988734765860906,0.03936,0.03878285714285714,True,True,True,False,-70.51323994794193,594.6012390598878,46.93558855344675,3.1867440259612545,6.038115842265709,-2.4601123020946005,577.788335231525
2025-11-12T20:15:00Z,2025-11-12T20:30:00Z,2025-11-12,2025-11-12_86,-31.000000000000057,42,11,58,41.97988659875772,49.31847469316768,0.020393317515527986,0.005279999999999999,0.23225714285714286,True,True,True,False,-986.2650000000018,594.6012390598878,46.93558855344675,3.1867440259612545,0.8099911495722292,-12.320157683716616,-353.0515948948504
2025-11-12T20:30:00Z,2025-11-12T20:45:00Z,2025-11-12,2025-11-12_87,-31.000000000000057,42,11,58,49.31847469316768,56.70760452173912,0.02052536063492067,0.0,0.2816628571428571,True,True,True,False,-978.7475000000019,594.6012390598878,46.93558855344675,3.1867440259612545,0.0,-17.115983471334445,-351.1399118320405
2025-11-12T20:45:00Z,2025-11-12T21:00:00Z,2025-11-12,2025-11-12_88,-31.000000000000057,42,11,58,56.70760452173912,64.34782608695653,0.02122435596963427,0.00096,0.5555942857142857,True,True,True,False,-907.5250000000016,594.6012390598878,46.93558855344675,3.1867440259612545,0.1472711181040417,-12.49603613559417,-275.15019337819587
2025-11-12T21:00:00Z,2025-11-12T21:15:00Z,2025-11-12,2025-11-12_89,0.0,0,0,100,64.34782608695653,64.34782608695653,0.0,0.0,0.0,True,True,True,False,0.0,1025.174550103255,0.0,0.0,0.0,0.0,1025.174550103255
2025-11-12T21:15:00Z,2025-11-12T21:30:00Z,2025-11-12,2025-11-12_90,0.0,0,0,100,64.34782608695653,64.34782608695653,0.0,0.0,0.0,True,True,True,False,0.0,1025.174550103255,0.0,0.0,0.0,0.0,1025.174550103255
2025-11-12T21:30:00Z,2025-11-12T21:45:00Z,2025-11-12,2025-11-12_91,0.0,0,0,100,64.34782608695653,64.34782608695653,0.0,0.0,0.0,True,True,True,False,0.0,1025.174550103255,0.0,0.0,0.0,0.0,1025.174550103255
2025-11-12T21:45:00Z,2025-11-12T22:00:00Z,2025-11-12,2025-11-12_92,0.0,0,0,100,64.34782608695653,64.34782608695653,0.0,0.0,0.0,True,True,True,False,0.0,1025.174550103255,0.0,0.0,0.0,0.0,1025.174550103255
2025-11-12T22:00:00Z,2025-11-12T22:15:00Z,2025-11-13,2025-11-12_93,0.0,0,0,100,64.34782608695653,64.34782608695653,0.0,0.0,0.0,True,True,True,False,0.0,1025.154387759116,0.0,0.0,0.0,0.0,1025.154387759116
2025-11-12T22:15:00Z,2025-11-12T22:30:00Z,2025-11-13,2025-11-12_94,0.0,0,0,100,64.34782608695653,64.34782608695653,0.0,0.0,0.0,True,True,True,False,0.0,1025.154387759116,0.0,0.0,0.0,0.0,1025.154387759116
2025-11-12T22:30:00Z,2025-11-12T22:45:00Z,2025-11-13,2025-11-12_95,0.0,0,0,100,64.34782608695653,64.34782608695653,0.0,0.0,0.0,True,True,True,False,0.0,1025.154387759116,0.0,0.0,0.0,0.0,1025.154387759116
2025-11-12T22:45:00Z,2025-11-12T23:00:00Z,2025-11-13,2025-11-12_96,0.0,0,0,100,64.34782608695653,64.34782608695653,0.0,0.0,0.0,True,True,True,False,0.0,1025.154387759116,0.0,0.0,0.0,0.0,1025.154387759116
2025-11-12T23:00:00Z,2025-11-12T23:15:00Z,2025-11-13,2025-11-13_1,6.178632484870437e-14,0,0,100,64.34782608695653,64.34782608695652,4.663822829763313e-17,0.0,0.0,True,True,True,False,1.8696541899217944e-12,1025.154387759116,0.0,0.0,0.0,0.0,1025.1543877591178
2025-11-12T23:15:00Z,2025-11-12T23:30:00Z,2025-11-13,2025-11-13_2,0.0,0,0,100,64.34782608695652,64.34782608695652,0.0,0.0,0.0,True,True,True,False,0.0,1025.154387759116,0.0,0.0,0.0,0.0,1025.154387759116
2025-11-12T23:30:00Z,2025-11-12T23:45:00Z,2025-11-13,2025-11-13_3,0.0,0,0,100,64.34782608695652,64.34782608695652,0.0,0.0,0.0,True,True,True,False,0.0,1025.154387759116,0.0,0.0,0.0,0.0,1025.154387759116
2025-11-12T23:45:00Z,2025-11-13T00:00:00Z,2025-11-13,2025-11-13_4,0.0,0,0,100,64.34782608695652,64.34782608695652,0.0,0.0,0.0,True,True,True,False,0.0,1025.154387759116,0.0,0.0,0.0,0.0,1025.154387759116
2025-11-13T00:00:00Z,2025-11-13T00:15:00Z,2025-11-13,2025-11-13_5,0.0,0,0,100,64.34782608695652,64.34782608695652,0.0,0.0,0.0,True,True,True,False,0.0,1025.154387759116,0.0,0.0,0.0,0.0,1025.154387759116
2025-11-13T00:15:00Z,2025-11-13T00:30:00Z,2025-11-13,2025-11-13_6,0.0,0,0,100,64.34782608695652,64.34782608695652,0.0,0.0,0.0,True,True,True,False,0.0,1025.154387759116,0.0,0.0,0.0,0.0,1025.154387759116
2025-11-13T00:30:00Z,2025-11-13T00:45:00Z,2025-11-13,2025-11-13_7,0.0,0,0,100,64.34782608695652,64.34782608695652,0.0,0.0,0.0,True,True,True,False,0.0,1025.154387759116,0.0,0.0,0.0,0.0,1025.154387759116
2025-11-13T00:45:00Z,2025-11-13T01:00:00Z,2025-11-13,2025-11-13_8,0.0,0,0,100,64.34782608695652,64.34782608695652,0.0,0.0,0.0,True,True,True,False,0.0,1025.154387759116,0.0,0.0,0.0,0.0,1025.154387759116
2025-11-13T01:00:00Z,2025-11-13T01:15:00Z,2025-11-13,2025-11-13_9,0.0,0,0,100,64.34782608695652,64.34782608695652,0.0,0.0,0.0,True,True,True,False,0.0,1025.154387759116,0.0,0.0,0.0,0.0,1025.154387759116
2025-11-13T01:15:00Z,2025-11-13T01:30:00Z,2025-11-13,2025-11-13_10,0.0,0,0,100,64.34782608695652,64.34782608695652,0.0,0.0,0.0,True,True,True,False,0.0,1025.154387759116,0.0,0.0,0.0,0.0,1025.154387759116
2025-11-13T01:30:00Z,2025-11-13T01:45:00Z,2025-11-13,2025-11-13_11,0.0,0,0,100,64.34782608695652,64.34782608695652,0.0,0.0,0.0,True,True,True,False,0.0,1025.154387759116,0.0,0.0,0.0,0.0,1025.154387759116
2025-11-13T01:45:00Z,2025-11-13T02:00:00Z,2025-11-13,2025-11-13_12,0.0,0,0,100,64.34782608695652,64.34782608695652,0.0,0.0,0.0,True,True,True,False,0.0,1025.154387759116,0.0,0.0,0.0,0.0,1025.154387759116
2025-11-13T02:00:00Z,2025-11-13T02:15:00Z,2025-11-13,2025-11-13_13,0.0,0,0,100,64.34782608695652,64.34782608695652,0.0,0.0,0.0,True,True,True,False,0.0,1025.154387759116,0.0,0.0,0.0,0.0,1025.154387759116
2025-11-13T02:15:00Z,2025-11-13T02:30:00Z,2025-11-13,2025-11-13_14,0.0,0,0,100,64.34782608695652,64.34782608695652,0.0,0.0,0.0,True,True,True,False,0.0,1025.154387759116,0.0,0.0,0.0,0.0,1025.154387759116
2025-11-13T02:30:00Z,2025-11-13T02:45:00Z,2025-11-13,2025-11-13_15,0.0,0,0,100,64.34782608695652,64.34782608695652,0.0,0.0,0.0,True,True,True,False,0.0,1025.154387759116,0.0,0.0,0.0,0.0,1025.154387759116
2025-11-13T02:45:00Z,2025-11-13T03:00:00Z,2025-11-13,2025-11-13_16,0.0,0,0,100,64.34782608695652,64.34782608695652,0.0,0.0,0.0,True,True,True,False,0.0,1025.154387759116,0.0,0.0,0.0,0.0,1025.154387759116
2025-11-13T03:00:00Z,2025-11-13T03:15:00Z,2025-11-13,2025-11-13_17,0.0,0,0,100,64.34782608695652,64.34782608695652,0.0,0.0,0.0,True,True,True,False,0.0,1025.154387759116,0.0,0.0,0.0,0.0,1025.154387759116
2025-11-13T03:15:00Z,2025-11-13T03:30:00Z,2025-11-13,2025-11-13_18,0.0,0,0,100,64.34782608695652,64.34782608695652,0.0,0.0,0.0,True,True,True,False,0.0,1025.154387759116,0.0,0.0,0.0,0.0,1025.154387759116
2025-11-13T03:30:00Z,2025-11-13T03:45:00Z,2025-11-13,2025-11-13_19,0.0,0,0,100,64.34782608695652,64.34782608695652,0.0,0.0,0.0,True,True,True,False,0.0,1025.154387759116,0.0,0.0,0.0,0.0,1025.154387759116
2025-11-13T03:45:00Z,2025-11-13T04:00:00Z,2025-11-13,2025-11-13_20,0.0,0,0,100,64.34782608695652,64.34782608695652,0.0,0.0,0.0,True,True,True,False,0.0,1025.154387759116,0.0,0.0,0.0,0.0,1025.154387759116
2025-11-13T04:00:00Z,2025-11-13T04:15:00Z,2025-11-13,2025-11-13_21,0.0,0,0,100,64.34782608695652,64.34782608695652,0.0,0.0,0.0,True,True,True,False,0.0,1025.154387759116,0.0,0.0,0.0,0.0,1025.154387759116
2025-11-13T04:15:00Z,2025-11-13T04:30:00Z,2025-11-13,2025-11-13_22,0.0,0,0,100,64.34782608695652,64.34782608695652,0.0,0.0,0.0,True,True,True,False,0.0,1025.154387759116,0.0,0.0,0.0,0.0,1025.154387759116
2025-11-13T04:30:00Z,2025-11-13T04:45:00Z,2025-11-13,2025-11-13_23,0.0,0,0,100,64.34782608695652,64.34782608695652,0.0,0.0,0.0,True,True,True,False,0.0,1025.154387759116,0.0,0.0,0.0,0.0,1025.154387759116
2025-11-13T04:45:00Z,2025-11-13T05:00:00Z,2025-11-13,2025-11-13_24,0.0,0,0,100,64.34782608695652,64.34782608695652,0.0,0.0,0.0,True,True,True,False,0.0,1025.154387759116,0.0,0.0,0.0,0.0,1025.154387759116
2025-11-13T05:00:00Z,2025-11-13T05:15:00Z,2025-11-13,2025-11-13_25,0.0,0,0,100,64.34782608695652,64.34782608695652,0.0,0.0,0.0,True,True,True,False,0.0,1025.154387759116,0.0,0.0,0.0,0.0,1025.154387759116
2025-11-13T05:15:00Z,2025-11-13T05:30:00Z,2025-11-13,2025-11-13_26,0.0,0,0,100,64.34782608695652,64.34782608695652,0.0,0.0,0.0,True,True,True,False,0.0,1025.154387759116,0.0,0.0,0.0,0.0,1025.154387759116
2025-11-13T05:30:00Z,2025-11-13T05:45:00Z,2025-11-13,2025-11-13_27,0.0,0,0,100,64.34782608695652,64.34782608695652,0.0,0.0,0.0,True,True,True,False,0.0,1025.154387759116,0.0,0.0,0.0,0.0,1025.154387759116
2025-11-13T05:45:00Z,2025-11-13T06:00:00Z,2025-11-13,2025-11-13_28,0.0,0,0,100,64.34782608695652,64.34782608695652,0.0,0.0,0.0,True,True,True,False,0.0,1025.154387759116,0.0,0.0,0.0,0.0,1025.154387759116
2025-11-13T06:00:00Z,2025-11-13T06:15:00Z,2025-11-13,2025-11-13_29,0.0,0,0,100,64.34782608695652,64.34782608695652,0.0,0.0,0.0,True,True,True,False,0.0,1025.154387759116,0.0,0.0,0.0,0.0,1025.154387759116
2025-11-13T06:15:00Z,2025-11-13T06:30:00Z,2025-11-13,2025-11-13_30,0.0,0,0,100,64.34782608695652,64.34782608695652,0.0,0.0,0.0,True,True,True,False,0.0,1025.154387759116,0.0,0.0,0.0,0.0,1025.154387759116
2025-11-13T06:30:00Z,2025-11-13T06:45:00Z,2025-11-13,2025-11-13_31,0.0,0,0,100,64.34782608695652,64.34782608695652,0.0,0.0,0.0,True,True,True,False,0.0,1025.154387759116,0.0,0.0,0.0,0.0,1025.154387759116
2025-11-13T06:45:00Z,2025-11-13T07:00:00Z,2025-11-13,2025-11-13_32,0.0,0,0,100,64.34782608695652,64.34782608695652,0.0,0.0,0.0,True,True,True,False,0.0,1025.154387759116,0.0,0.0,0.0,0.0,1025.154387759116
2025-11-13T07:00:00Z,2025-11-13T07:15:00Z,2025-11-13,2025-11-13_33,0.0,0,0,100,64.34782608695652,64.34782608695652,0.0,0.0,0.0,True,True,True,False,0.0,1025.154387759116,0.0,0.0,0.0,0.0,1025.154387759116
2025-11-13T07:15:00Z,2025-11-13T07:30:00Z,2025-11-13,2025-11-13_34,0.0,0,0,100,64.34782608695652,64.34782608695652,0.0,0.0,0.0,True,True,True,False,0.0,1025.154387759116,0.0,0.0,0.0,0.0,1025.154387759116
2025-11-13T07:30:00Z,2025-11-13T07:45:00Z,2025-11-13,2025-11-13_35,0.0,0,0,100,64.34782608695652,64.34782608695652,0.0,0.0,0.0,True,True,True,False,0.0,1025.154387759116,0.0,0.0,0.0,0.0,1025.154387759116
2025-11-13T07:45:00Z,2025-11-13T08:00:00Z,2025-11-13,2025-11-13_36,0.0,0,0,100,64.34782608695652,64.34782608695652,0.0,0.0,0.0,True,True,True,False,0.0,1025.154387759116,0.0,0.0,0.0,0.0,1025.154387759116
2025-11-13T08:00:00Z,2025-11-13T08:15:00Z,2025-11-13,2025-11-13_37,-100.0,100,0,0,64.34782608695652,65.09854608695652,0.002085333333333326,24.184,0.0,True,True,True,False,-2763.0,0.0,109.44813751327538,0.0,28155.139698698033,0.0,25501.587836211307
2025-11-13T08:15:00Z,2025-11-13T08:30:00Z,2025-11-13,2025-11-13_38,-100.0,100,0,0,65.09854608695652,65.14901465838508,0.00014019047619046846,24.94514285714286,0.0,True,True,True,False,-2513.5,0.0,109.44813751327538,0.0,17882.148831935086,0.0,15478.096969448361
2025-11-13T08:30:00Z,2025-11-13T08:45:00Z,2025-11-13,2025-11-13_39,-100.0,100,0,0,65.14901465838508,67.79703751552795,0.007355619047619047,22.121714285714287,0.0,True,True,True,False,-2696.0,0.0,109.44813751327538,0.0,17305.248967582786,0.0,14718.69710509606
2025-11-13T08:45:00Z,2025-11-13T09:00:00Z,2025-11-13,2025-11-13_40,-100.0,100,0,0,67.79703751552795,79.5383403726708,0.03261473015873016,12.237714285714286,0.0,True,True,True,False,-3025.75,0.0,109.44813751327538,0.0,2318.910390478813,0.0,-597.3914720079116
2025-11-13T09:00:00Z,2025-11-13T09:15:00Z,2025-11-13,2025-11-13_41,-3.4393406612686177,100,0,0,79.5383403726708,75.22605714285709,0.015543555767353945,4.72,0.0,True,True,True,False,-105.88010225715439,0.0,108.62211383392992,0.0,775.2734138378634,0.0,778.0154254146389
2025-11-13T09:15:00Z,2025-11-13T09:30:00Z,2025-11-13,2025-11-13_42,-100.0,100,0,0,75.22605714285709,83.26633142857138,0.02233409523809524,16.260571428571428,0.0,True,True,True,False,-3026.0,0.0,108.62211383392992,0.0,9355.009338001022,0.0,6437.631451834952
2025-11-13T09:30:00Z,2025-11-13T09:45:00Z,2025-11-13,2025-11-13_43,-100.0,100,0,0,83.26633142857138,95.16009142857138,0.033038222222222226,12.072000000000001,0.0,True,True,True,False,-3071.25,0.0,108.62211383392992,0.0,3226.6447877905835,0.0,264.01690162451337
2025-11-13T09:45:00Z,2025-11-13T10:00:00Z,2025-11-13,2025-11-13_44,-100.0,100,0,0,95.16009142857138,109.8590628571428,0.040830476190476195,9.022857142857141,0.0,True,True,True,False,-2393.5,0.0,108.62211383392992,0.0,1711.849619860531,0.0,-573.0282663055391
2025-11-13T10:00:00Z,2025-11-13T10:15:00Z,2025-11-13,2025-11-13_45,0.0,0,0,100,109.8590628571428,109.8590628571428,0.0,0.0,0.0,True,True,True,False,0.0,1025.154387759116,0.0,0.0,0.0,0.0,1025.154387759116
2025-11-13T10:15:00Z,2025-11-13T10:30:00Z,2025-11-13,2025-11-13_46,0.0,0,0,100,109.8590628571428,109.8590628571428,0.0,0.0,0.0,True,True,True,False,0.0,1025.154387759116,0.0,0.0,0.0,0.0,1025.154387759116
2025-11-13T10:30:00Z,2025-11-13T10:45:00Z,2025-11-13,2025-11-13_47,0.0,0,0,100,109.8590628571428,109.8590628571428,0.0,0.0,0.0,True,True,True,False,0.0,1025.154387759116,0.0,0.0,0.0,0.0,1025.154387759116
2025-11-13T10:45:00Z,2025-11-13T11:00:00Z,2025-11-13,2025-11-13_48,0.0,0,0,100,109.8590628571428,109.8590628571428,0.0,0.0,0.0,True,True,True,False,0.0,1025.154387759116,0.0,0.0,0.0,0.0,1025.154387759116
2025-11-13T11:00:00Z,2025-11-13T11:15:00Z,2025-11-13,2025-11-13_49,0.0,0,0,100,109.8590628571428,109.8590628571428,0.0,0.0,0.0,True,True,True,False,0.0,1025.154387759116,0.0,0.0,0.0,0.0,1025.154387759116
2025-11-13T11:15:00Z,2025-11-13T11:30:00Z,2025-11-13,2025-11-13_50,0.0,0,0,100,109.8590628571428,109.8590628571428,0.0,0.0,0.0,True,True,True,False,0.0,1025.154387759116,0.0,0.0,0.0,0.0,1025.154387759116
2025-11-13T11:30:00Z,2025-11-13T11:45:00Z,2025-11-13,2025-11-13_51,0.0,0,0,100,109.8590628571428,109.8590628571428,0.0,0.0,0.0,True,True,True,False,0.0,1025.154387759116,0.0,0.0,0.0,0.0,1025.154387759116
2025-11-13T11:45:00Z,2025-11-13T12:00:00Z,2025-11-13,2025-11-13_52,0.0,0,0,100,109.8590628571428,109.8590628571428,0.0,0.0,0.0,True,True,True,False,0.0,1025.154387759116,0.0,0.0,0.0,0.0,1025.154387759116
2025-11-13T12:00:00Z,2025-11-13T12:15:00Z,2025-11-13,2025-11-13_53,-100.0,100,0,0,109.8590628571428,122.50196571428566,0.0351191746031746,11.257714285714286,0.0,True,True,True,False,-2872.25,0.0,108.62211383392992,0.0,4011.5044661470774,0.0,1247.8765799810074
2025-11-13T12:15:00Z,2025-11-13T12:30:00Z,2025-11-13,2025-11-13_54,-100.0,100,0,0,122.50196571428566,139.3053714285714,0.046676126984126994,6.735428571428572,0.0,True,True,True,False,-2538.75,0.0,108.62211383392992,0.0,1259.047995909216,0.0,-1171.079890256854
2025-11-13T12:30:00Z,2025-11-13T12:45:00Z,2025-11-13,2025-11-13_55,-100.0,100,0,0,139.3053714285714,154.3497371428571,0.04178990476190476,8.647428571428572,0.0,True,True,True,False,-2570.0,0.0,108.62211383392992,0.0,1474.6547733492168,0.0,-986.7231128168532
2025-11-13T12:45:00Z,2025-11-13T13:00:00Z,2025-11-13,2025-11-13_56,-100.0,100,0,0,154.3497371428571,162.2953828571428,0.022071238095238095,16.36342857142857,0.0,True,True,True,False,-2836.25,0.0,108.62211383392992,0.0,11218.558215788853,0.0,8490.930329622783
2025-11-13T13:00:00Z,2025-11-13T13:15:00Z,2025-11-13,2025-11-13_57,-100.0,100,0,0,162.2953828571428,179.98251428571425,0.04913092063492064,5.774857142857143,0.0,True,True,True,False,-2762.0,0.0,108.62211383392992,0.0,1369.7562265889717,0.0,-1283.6216595770984
2025-11-13T13:15:00Z,2025-11-13T13:30:00Z,2025-11-13,2025-11-13_58,-100.0,100,0,0,179.98251428571425,189.99999999999997,0.027826349206349205,14.111428571428572,0.0,True,True,True,False,-3219.5,0.0,108.62211383392992,0.0,3367.595874938891,0.0,256.71798877282095
2025-11-13T13:30:00Z,2025-11-13T13:45:00Z,2025-11-13,2025-11-13_59,-73.72563067012294,100,0,0,189.99999999999997,190.0,0.027912664201481224,17.59257142857143,0.0,True,True,True,False,-2563.0715502468242,0.0,108.62211383392992,0.0,6337.740638004956,0.0,3883.291201592062
2025-11-13T13:45:00Z,2025-11-13T14:00:00Z,2025-11-13,2025-11-13_60,0.0,100,0,0,190.0,177.06583850931676,0.03592822636300897,11.899428571428572,0.0,True,True,True,False,0.0,0.0,108.62211383392992,0.0,2281.9914655458224,0.0,2390.613579379752
2025-11-13T14:00:00Z,2025-11-13T14:15:00Z,2025-11-13,2025-11-13_61,-72.70624884732239,100,27,0,177.06583850931676,190.0,0.04239848414143886,3.9257142857142857,0.0024685714285714285,True,True,True,False,-2334.9611817317586,0.0,109.56614089603903,7.224462101246902,686.4186243053254,-0.19419985277673196,-1531.946154281924
2025-11-13T14:15:00Z,2025-11-13T14:30:00Z,2025-11-13,2025-11-13_62,-29.366260623531012,100,27,0,190.0,190.0,0.027756281022057582,6.507428571428571,0.0,True,True,True,False,-1220.6820384686255,0.0,109.56614089603903,7.224462101246902,2294.987783615511,0.0,1191.0963481441715
2025-11-13T14:30:00Z,2025-11-13T14:45:00Z,2025-11-13,2025-11-13_63,-0.7388577832052946,100,27,0,190.0,179.12658385093167,0.030763917579673738,10.17142857142857,0.0,True,True,True,False,-40.79233821076431,0.0,109.56614089603903,7.224462101246902,2245.0538938306704,0.0,2321.052158617192
2025-11-13T14:45:00Z,2025-11-13T15:00:00Z,2025-11-13,2025-11-13_64,-7.240584943207543e-14,100,27,0,179.12658385093167,170.68,0.023462732919254676,7.770857142857143,0.0,True,True,True,False,-4.740048933070818e-12,0.0,109.56614089603903,7.224462101246902,3076.5936956973724,0.0,3193.3842986946534
2025-11-13T15:00:00Z,2025-11-13T15:15:00Z,2025-11-13,2025-11-13_65,7.993945600000309,50,58,42,170.68,161.61239055900614,0.025187804002760758,6.343714285714286,0.0,True,True,True,False,534.8349303680207,430.5648428588286,55.44683947606499,15.399441450654917,2333.683631076472,0.0,3369.9296852300413
2025-11-13T15:15:00Z,2025-11-13T15:30:00Z,2025-11-13,2025-11-13_66,8.0,50,58,42,161.61239055900614,153.41052720496887,0.022782953761214628,5.545714285714285,0.0,True,True,True,False,573.18,430.5648428588286,55.44683947606499,15.399441450654917,1775.8425076280757,0.0,2850.4336314136244
2025-11-13T15:30:00Z,2025-11-13T15:45:00Z,2025-11-13,2025-11-13_67,7.999999999999886,50,58,42,153.41052720496887,147.20804273291924,0.01722912353347127,3.706285714285714,0.0,True,True,True,False,593.0999999999916,430.5648428588286,55.44683947606499,15.399441450654917,1038.7681015503395,0.0,2133.27922533588
2025-11-13T15:45:00Z,2025-11-13T16:00:00Z,2025-11-13,2025-11-13_68,8.0,50,58,42,147.20804273291924,144.0,0.008934594893029675,0.9560000000000001,0.005302857142857143,True,True,True,False,611.4,430.5648428588286,55.44683947606499,15.399441450654917,338.19548204381863,-0.4171700541129798,1450.589435775254
2025-11-13T16:00:00Z,2025-11-13T16:15:00Z,2025-11-13,2025-11-13_69,0.0,0,0,100,144.0,144.0,0.0,0.0,0.0,True,True,True,False,0.0,1025.154387759116,0.0,0.0,0.0,0.0,1025.154387759116
2025-11-13T16:15:00Z,2025-11-13T16:30:00Z,2025-11-13,2025-11-13_70,0.0,0,0,100,144.0,144.0,0.0,0.0,0.0,True,True,True,False,0.0,1025.154387759116,0.0,0.0,0.0,0.0,1025.154387759116
2025-11-13T16:30:00Z,2025-11-13T16:45:00Z,2025-11-13,2025-11-13_71,0.0,0,0,100,144.0,144.0,0.0,0.0,0.0,True,True,True,False,0.0,1025.154387759116,0.0,0.0,0.0,0.0,1025.154387759116
2025-11-13T16:45:00Z,2025-11-13T17:00:00Z,2025-11-13,2025-11-13_72,0.0,0,0,100,144.0,144.0,0.0,0.0,0.0,True,True,True,False,0.0,1025.154387759116,0.0,0.0,0.0,0.0,1025.154387759116
2025-11-13T17:00:00Z,2025-11-13T17:15:00Z,2025-11-13,2025-11-13_73,29.0,0,29,71,144.0,136.23718633540375,0.0215633712905452,0.0,0.10821142857142858,True,True,True,False,2194.6475,727.8596153089723,0.0,7.699720725327459,0.0,-6.799511062536174,2923.4073249717635
2025-11-13T17:15:00Z,2025-11-13T17:30:00Z,2025-11-13,2025-11-13_74,29.0,0,29,71,136.23718633540375,128.3614347826087,0.021877087646652863,0.0,0.004308571428571429,True,True,True,False,2219.7325,727.8596153089723,0.0,7.699720725327459,0.0,-0.3389506689667961,2954.952885365333
2025-11-13T17:30:00Z,2025-11-13T17:45:00Z,2025-11-13,2025-11-13_75,29.0,0,29,71,128.3614347826087,120.48316149068324,0.021884092477570737,0.0,0.0019885714285714285,True,True,True,False,2208.495,727.8596153089723,0.0,7.699720725327459,0.0,-0.1564387702923674,2943.897897264007
2025-11-13T17:45:00Z,2025-11-13T18:00:00Z,2025-11-13,2025-11-13_76,29.0,0,29,71,120.48316149068324,112.72845341614908,0.021540855762594895,0.0,0.11566857142857141,True,True,True,False,2139.2575,727.8596153089723,0.0,7.699720725327459,0.0,-9.09952180533937,2865.7173142289607
2025-11-13T18:00:00Z,2025-11-13T18:15:00Z,2025-11-13,2025-11-13_77,98.0,0,98,2,112.72845341614908,86.72436645962735,0.07223357487922705,0.0,0.57624,True,True,True,False,7289.485,20.503087755182317,0.0,26.019745899382446,0.0,-45.33217952247964,7290.675654132085
2025-11-13T18:15:00Z,2025-11-13T18:30:00Z,2025-11-13,2025-11-13_78,98.0,0,98,2,86.72436645962735,62.28888819875778,0.06787632850241546,0.0,2.0193600000000003,True,True,True,False,7202.51,20.503087755182317,0.0,26.019745899382446,0.0,-144.5582323722614,7104.474601282303
2025-11-13T18:30:00Z,2025-11-13T18:45:00Z,2025-11-13,2025-11-13_79,98.0,0,98,2,62.28888819875778,36.52340993788822,0.0715707729468599,0.0,0.79576,True,True,True,False,6989.36,20.503087755182317,0.0,26.019745899382446,0.0,-61.269419596428435,6974.613414058136
2025-11-13T18:45:00Z,2025-11-13T19:00:00Z,2025-11-13,2025-11-13_80,96.711223750208,0,98,2,36.52340993788822,11.086956521739133,0.07070909762879775,0.0,0.7778400000000001,True,True,True,False,6489.806669757709,20.503087755182317,0.0,26.019745899382446,0.0,-52.70498570585691,6483.624517706417
2025-11-13T19:00:00Z,2025-11-13T19:15:00Z,2025-11-13,2025-11-13_81,5.0,95,100,0,11.086956521739133,10.123067776397518,0.00556028143547274,0.14385714285714285,0.5937142857142857,True,True,True,False,318.41249999999997,0.0,104.78847893639617,26.757267041655197,22.493246638308396,-44.28336039918859,428.16813221717115
2025-11-13T19:15:00Z,2025-11-13T19:30:00Z,2025-11-13,2025-11-13_82,0.21109951153200085,95,100,0,10.123067776397518,10.0,0.0008606305009134668,0.14657142857142857,0.1017142857142857,True,True,True,False,12.46225966329167,0.0,104.78847893639617,26.757267041655197,22.872245716758165,-8.001753193115343,158.87849816498587
2025-11-13T19:30:00Z,2025-11-13T19:45:00Z,2025-11-13,2025-11-13_83,4.59497815490411,95,100,0,10.0,10.0,0.006851837232372175,0.050485714285714293,1.4051428571428572,True,True,True,False,241.0066042247206,0.0,104.78847893639617,26.757267041655197,7.887799590921607,-94.54937284011666,285.8907769535769
2025-11-13T19:45:00Z,2025-11-13T20:00:00Z,2025-11-13,2025-11-13_84,2.3133563846240457,95,100,0,10.0,10.0,0.0034579211141869456,0.010314285714285713,0.6925714285714286,True,True,True,False,104.67937640423807,0.0,104.78847893639617,26.757267041655197,1.6142853153218961,-53.43598698591265,184.4034207116987
2025-11-13T20:00:00Z,2025-11-13T20:15:00Z,2025-11-13,2025-11-13_85,-99.99999999999997,100,0,0,10.0,17.990331428571423,0.02219536507936509,16.314857142857143,0.0,True,True,True,False,-4095.249999999999,0.0,110.30366203831177,0.0,17046.7443424121,0.0,13061.798004450413
2025-11-13T20:15:00Z,2025-11-13T20:30:00Z,2025-11-13,2025-11-13_86,-48.02900572295253,100,0,0,17.990331428571423,15.215503105590063,0.0353771379401679,13.72857142857143,0.0,True,True,True,False,-1804.5698175256339,0.0,110.30366203831177,0.0,15631.331016346281,0.0,13937.064860858958
2025-11-13T20:30:00Z,2025-11-13T20:45:00Z,2025-11-13,2025-11-13_87,-100.0,100,0,0,15.215503105590063,31.93321739130435,0.04643809523809524,6.828571428571428,0.0,True,True,True,False,-3187.25,0.0,110.30366203831177,0.0,2627.996785812622,0.0,-448.9495521490663
2025-11-13T20:45:00Z,2025-11-13T21:00:00Z,2025-11-13,2025-11-13_88,-100.0,100,0,0,31.93321739130435,54.56521739130435,0.06286666666666667,0.4,0.0,True,True,True,False,-2784.25,0.0,110.30366203831177,0.0,62.81375132753806,0.0,-2611.1325866341504
2025-11-13T21:00:00Z,2025-11-13T21:15:00Z,2025-11-13,2025-11-13_89,-17.999999999999993,18,0,82,54.56521739130435,57.62739796273292,0.008506057142857142,1.1715428571428572,0.0,True,True,True,False,-606.8699999999998,840.6265979624749,19.854659166896116,0.0,391.2353155129495,0.0,644.8465726423208
2025-11-13T21:15:00Z,2025-11-13T21:30:00Z,2025-11-13,2025-11-13_90,-18.000000000000018,18,0,82,57.62739796273292,60.59977601987578,0.008256605714285726,1.269154285714286,0.0,True,True,True,False,-569.5200000000006,840.6265979624749,19.854659166896116,0.0,234.38343773748184,0.0,525.3446948668523
2025-11-13T21:30:00Z,2025-11-13T21:45:00Z,2025-11-13,2025-11-13_91,-18.0,18,0,82,60.59977601987578,63.543481619875784,0.00817696,1.30032,0.0,True,True,True,False,-520.245,840.6265979624749,19.854659166896116,0.0,300.1604819572828,0.0,640.3967390866538
2025-11-13T21:45:00Z,2025-11-13T22:00:00Z,2025-11-13,2025-11-13_92,-18.0,18,0,82,63.543481619875784,67.19974036273292,0.010156274285714285,0.5258057142857143,0.0,True,True,True,False,-514.26,840.6265979624749,19.854659166896116,0.0,82.71135051837202,0.0,428.932607647743
2025-11-13T22:00:00Z,2025-11-13T22:15:00Z,2025-11-14,2025-11-13_93,0.0,0,0,100,67.19974036273292,67.19974036273292,0.0,0.0,0.0,True,True,True,False,0.0,1025.2955408249572,0.0,0.0,0.0,0.0,1025.2955408249572
2025-11-13T22:15:00Z,2025-11-13T22:30:00Z,2025-11-14,2025-11-13_94,0.0,0,0,100,67.19974036273292,67.19974036273292,0.0,0.0,0.0,True,True,True,False,0.0,1025.2955408249572,0.0,0.0,0.0,0.0,1025.2955408249572
2025-11-13T22:30:00Z,2025-11-13T22:45:00Z,2025-11-14,2025-11-13_95,0.0,0,0,100,67.19974036273292,67.19974036273292,0.0,0.0,0.0,True,True,True,False,0.0,1025.2955408249572,0.0,0.0,0.0,0.0,1025.2955408249572
2025-11-13T22:45:00Z,2025-11-13T23:00:00Z,2025-11-14,2025-11-13_96,0.0,0,0,100,67.19974036273292,67.19974036273292,0.0,0.0,0.0,True,True,True,False,0.0,1025.2955408249572,0.0,0.0,0.0,0.0,1025.2955408249572
2025-11-13T23:00:00Z,2025-11-13T23:15:00Z,2025-11-14,2025-11-14_1,0.0,0,0,100,67.19974036273292,67.19974036273292,0.0,0.0,0.0,True,True,True,False,0.0,1025.2955408249572,0.0,0.0,0.0,0.0,1025.2955408249572
2025-11-13T23:15:00Z,2025-11-13T23:30:00Z,2025-11-14,2025-11-14_2,0.0,0,0,100,67.19974036273292,67.19974036273292,0.0,0.0,0.0,True,True,True,False,0.0,1025.2955408249572,0.0,0.0,0.0,0.0,1025.2955408249572
2025-11-13T23:30:00Z,2025-11-13T23:45:00Z,2025-11-14,2025-11-14_3,0.0,0,0,100,67.19974036273292,67.19974036273292,0.0,0.0,0.0,True,True,True,False,0.0,1025.2955408249572,0.0,0.0,0.0,0.0,1025.2955408249572
2025-11-13T23:45:00Z,2025-11-14T00:00:00Z,2025-11-14,2025-11-14_4,0.0,0,0,100,67.19974036273292,67.19974036273292,0.0,0.0,0.0,True,True,True,False,0.0,1025.2955408249572,0.0,0.0,0.0,0.0,1025.2955408249572
2025-11-14T00:00:00Z,2025-11-14T00:15:00Z,2025-11-14,2025-11-14_5,-100.0,100,0,0,67.19974036273292,87.68945464844721,0.05691587301587302,2.7285714285714286,0.0,True,True,True,False,-2638.75,0.0,103.94578964967839,0.0,429.1761246287299,0.0,-2105.6280857215916
2025-11-14T00:15:00Z,2025-11-14T00:30:00Z,2025-11-14,2025-11-14_6,-100.0,100,0,0,87.68945464844721,106.60728321987578,0.05254952380952381,4.437142857142857,0.0,True,True,True,False,-2627.0,0.0,103.94578964967839,0.0,698.2013038359189,0.0,-1824.8529065144028
2025-11-14T00:30:00Z,2025-11-14T00:45:00Z,2025-11-14,2025-11-14_7,-100.0,100,0,0,106.60728321987578,127.29939750559006,0.05747809523809524,2.5085714285714285,0.0,True,True,True,False,-2598.5,0.0,103.94578964967839,0.0,394.5255189351257,0.0,-2100.0286914151957
2025-11-14T00:45:00Z,2025-11-14T01:00:00Z,2025-11-14,2025-11-14_8,-100.0,100,0,0,127.29939750559006,139.35139750559006,0.03347777777777779,11.899999999999999,0.0,True,True,True,False,-2649.75,0.0,103.94578964967839,0.0,2977.701193965262,0.0,431.89698361494044
2025-11-14T01:00:00Z,2025-11-14T01:15:00Z,2025-11-14,2025-11-14_9,0.0,0,0,100,139.35139750559006,139.35139750559006,0.0,0.0,0.0,True,True,True,False,0.0,1025.2955408249572,0.0,0.0,0.0,0.0,1025.2955408249572
2025-11-14T01:15:00Z,2025-11-14T01:30:00Z,2025-11-14,2025-11-14_10,0.0,0,0,100,139.35139750559006,139.35139750559006,0.0,0.0,0.0,True,True,True,False,0.0,1025.2955408249572,0.0,0.0,0.0,0.0,1025.2955408249572
2025-11-14T01:30:00Z,2025-11-14T01:45:00Z,2025-11-14,2025-11-14_11,0.0,0,0,100,139.35139750559006,139.35139750559006,0.0,0.0,0.0,True,True,True,False,0.0,1025.2955408249572,0.0,0.0,0.0,0.0,1025.2955408249572
2025-11-14T01:45:00Z,2025-11-14T02:00:00Z,2025-11-14,2025-11-14_12,0.0,0,0,100,139.35139750559006,139.35139750559006,0.0,0.0,0.0,True,True,True,False,0.0,1025.2955408249572,0.0,0.0,0.0,0.0,1025.2955408249572
2025-11-14T02:00:00Z,2025-11-14T02:15:00Z,2025-11-14,2025-11-14_13,0.0,0,0,100,139.35139750559006,139.35139750559006,0.0,0.0,0.0,True,True,True,False,0.0,1025.2955408249572,0.0,0.0,0.0,0.0,1025.2955408249572
2025-11-14T02:15:00Z,2025-11-14T02:30:00Z,2025-11-14,2025-11-14_14,0.0,0,0,100,139.35139750559006,139.35139750559006,0.0,0.0,0.0,True,True,True,False,0.0,1025.2955408249572,0.0,0.0,0.0,0.0,1025.2955408249572
2025-11-14T02:30:00Z,2025-11-14T02:45:00Z,2025-11-14,2025-11-14_15,0.0,0,0,100,139.35139750559006,139.35139750559006,0.0,0.0,0.0,True,True,True,False,0.0,1025.2955408249572,0.0,0.0,0.0,0.0,1025.2955408249572
2025-11-14T02:45:00Z,2025-11-14T03:00:00Z,2025-11-14,2025-11-14_16,0.0,0,0,100,139.35139750559006,139.35139750559006,0.0,0.0,0.0,True,True,True,False,0.0,1025.2955408249572,0.0,0.0,0.0,0.0,1025.2955408249572
2025-11-14T03:00:00Z,2025-11-14T03:15:00Z,2025-11-14,2025-11-14_17,0.0,0,0,100,139.35139750559006,139.35139750559006,0.0,0.0,0.0,True,True,True,False,0.0,1025.2955408249572,0.0,0.0,0.0,0.0,1025.2955408249572
2025-11-14T03:15:00Z,2025-11-14T03:30:00Z,2025-11-14,2025-11-14_18,0.0,0,0,100,139.35139750559006,139.35139750559006,0.0,0.0,0.0,True,True,True,False,0.0,1025.2955408249572,0.0,0.0,0.0,0.0,1025.2955408249572
2025-11-14T03:30:00Z,2025-11-14T03:45:00Z,2025-11-14,2025-11-14_19,0.0,0,0,100,139.35139750559006,139.35139750559006,0.0,0.0,0.0,True,True,True,False,0.0,1025.2955408249572,0.0,0.0,0.0,0.0,1025.2955408249572
2025-11-14T03:45:00Z,2025-11-14T04:00:00Z,2025-11-14,2025-11-14_20,0.0,0,0,100,139.35139750559006,139.35139750559006,0.0,0.0,0.0,True,True,True,False,0.0,1025.2955408249572,0.0,0.0,0.0,0.0,1025.2955408249572
2025-11-14T04:00:00Z,2025-11-14T04:15:00Z,2025-11-14,2025-11-14_21,0.0,0,0,100,139.35139750559006,139.35139750559006,0.0,0.0,0.0,True,True,True,False,0.0,1025.2955408249572,0.0,0.0,0.0,0.0,1025.2955408249572
2025-11-14T04:15:00Z,2025-11-14T04:30:00Z,2025-11-14,2025-11-14_22,0.0,0,0,100,139.35139750559006,139.35139750559006,0.0,0.0,0.0,True,True,True,False,0.0,1025.2955408249572,0.0,0.0,0.0,0.0,1025.2955408249572
2025-11-14T04:30:00Z,2025-11-14T04:45:00Z,2025-11-14,2025-11-14_23,0.0,0,0,100,139.35139750559006,139.35139750559006,0.0,0.0,0.0,True,True,True,False,0.0,1025.2955408249572,0.0,0.0,0.0,0.0,1025.2955408249572
2025-11-14T04:45:00Z,2025-11-14T05:00:00Z,2025-11-14,2025-11-14_24,0.0,0,0,100,139.35139750559006,139.35139750559006,0.0,0.0,0.0,True,True,True,False,0.0,1025.2955408249572,0.0,0.0,0.0,0.0,1025.2955408249572
2025-11-14T05:00:00Z,2025-11-14T05:15:00Z,2025-11-14,2025-11-14_25,-100.0,100,0,0,139.35139750559006,153.80012893416148,0.04013536507936508,9.294857142857142,0.0,True,True,True,False,-3237.75,0.0,111.38102637738744,0.0,2600.748161956653,0.0,-525.6208116659596
2025-11-14T05:15:00Z,2025-11-14T05:30:00Z,2025-11-14,2025-11-14_26,0.0,100,0,0,153.80012893416148,141.44671278509315,0.03431504485852312,11.365142857142857,0.0,True,True,True,False,0.0,0.0,111.38102637738744,0.0,3254.042557766394,0.0,3365.4235841437817
2025-11-14T05:30:00Z,2025-11-14T05:45:00Z,2025-11-14,2025-11-14_27,-100.00000000000006,100,0,0,141.44671278509315,145.3559242136646,0.01085892063492067,20.750857142857143,0.0,True,True,True,False,-3427.250000000002,0.0,111.38102637738744,0.0,16758.018183340686,0.0,13442.14920971807
2025-11-14T05:45:00Z,2025-11-14T06:00:00Z,2025-11-14,2025-11-14_28,-6.419985316310686e-14,100,0,0,145.3559242136646,139.59505464844722,0.01600241545893722,5.300000000000001,0.0,True,True,True,False,-2.220351921646051e-12,0.0,111.38102637738744,0.0,2172.2306300281284,0.0,2283.6116564055137
2025-11-14T06:00:00Z,2025-11-14T06:15:00Z,2025-11-14,2025-11-14_29,0.0,100,100,0,139.59505464844722,128.87083104596275,0.029789510006901304,9.866285714285713,0.0,True,True,True,False,0.0,0.0,111.38102637738744,26.141348177580202,3591.5441931250753,0.0,3729.0665676800427
2025-11-14T06:15:00Z,2025-11-14T06:30:00Z,2025-11-14,2025-11-14_30,0.0,100,100,0,128.87083104596275,112.09008570434784,0.04661318150448584,15.438285714285712,0.0,True,True,True,False,0.0,0.0,111.38102637738744,26.141348177580202,6089.111446049573,0.0,6226.63382060454
2025-11-14T06:30:00Z,2025-11-14T06:45:00Z,2025-11-14,2025-11-14_31,0.0,100,100,0,112.09008570434784,108.39137663602486,0.010291715665976536,3.4057142857142857,0.0034285714285714284,True,True,True,False,0.0,0.0,111.38102637738744,26.141348177580202,636.1247793454406,-0.2697591556538428,773.3773947447544
2025-11-14T06:45:00Z,2025-11-14T07:00:00Z,2025-11-14,2025-11-14_32,0.0,100,100,0,108.39137663602486,107.09626210186337,0.003828270531400966,1.2297142857142858,0.045142857142857144,True,True,True,False,0.0,0.0,111.38102637738744,26.141348177580202,199.569815973676,-3.461905455035926,333.6302850736077
2025-11-14T07:00:00Z,2025-11-14T07:15:00Z,2025-11-14,2025-11-14_33,0.0,0,0,100,107.09626210186337,107.09626210186337,0.0,0.0,0.0,True,True,True,False,0.0,1025.2955408249572,0.0,0.0,0.0,0.0,1025.2955408249572
2025-11-14T07:15:00Z,2025-11-14T07:30:00Z,2025-11-14,2025-11-14_34,0.0,0,0,100,107.09626210186337,107.09626210186337,0.0,0.0,0.0,True,True,True,False,0.0,1025.2955408249572,0.0,0.0,0.0,0.0,1025.2955408249572
2025-11-14T07:30:00Z,2025-11-14T07:45:00Z,2025-11-14,2025-11-14_35,0.0,0,0,100,107.09626210186337,107.09626210186337,0.0,0.0,0.0,True,True,True,False,0.0,1025.2955408249572,0.0,0.0,0.0,0.0,1025.2955408249572
2025-11-14T07:45:00Z,2025-11-14T08:00:00Z,2025-11-14,2025-11-14_36,0.0,0,0,100,107.09626210186337,107.09626210186337,0.0,0.0,0.0,True,True,True,False,0.0,1025.2955408249572,0.0,0.0,0.0,0.0,1025.2955408249572
2025-11-14T08:00:00Z,2025-11-14T08:15:00Z,2025-11-14,2025-11-14_37,0.0,100,0,0,107.09626210186337,96.57141738136647,0.029235679779158037,9.682857142857143,0.0,True,True,True,False,0.0,0.0,104.41786817207262,0.0,1893.9919218372847,0.0,1998.4097900093573
2025-11-14T08:15:00Z,2025-11-14T08:30:00Z,2025-11-14,2025-11-14_38,-100.0,100,0,0,96.57141738136647,104.56069738136647,0.022192444444444445,16.316,0.0,True,True,True,False,-3172.25,0.0,104.41786817207262,0.0,6807.74741832058,0.0,3739.915286492653
2025-11-14T08:30:00Z,2025-11-14T08:45:00Z,2025-11-14,2025-11-14_39,-79.05959133126079,100,0,0,104.56069738136647,121.06203428571428,0.04806476538045966,1.761714285714286,0.0,True,True,True,False,-2483.064114736573,0.0,104.41786817207262,0.0,276.86071694115606,0.0,-2101.7855296233447
2025-11-14T08:45:00Z,2025-11-14T09:00:00Z,2025-11-14,2025-11-14_40,-100.0,100,0,0,121.06203428571428,144.0,0.06371657142857143,0.06742857142857143,0.0,True,True,True,False,-2799.25,0.0,104.41786817207262,0.0,10.00132339345778,0.0,-2684.8308084344694
2025-11-14T09:00:00Z,2025-11-14T09:15:00Z,2025-11-14,2025-11-14_41,0.0,0,0,100,144.0,144.0,0.0,0.0,0.0,True,True,True,False,0.0,1025.2955408249572,0.0,0.0,0.0,0.0,1025.2955408249572
2025-11-14T09:15:00Z,2025-11-14T09:30:00Z,2025-11-14,2025-11-14_42,0.0,0,0,100,144.0,144.0,0.0,0.0,0.0,True,True,True,False,0.0,1025.2955408249572,0.0,0.0,0.0,0.0,1025.2955408249572
2025-11-14T09:30:00Z,2025-11-14T09:45:00Z,2025-11-14,2025-11-14_43,0.0,0,0,100,144.0,144.0,0.0,0.0,0.0,True,True,True,False,0.0,1025.2955408249572,0.0,0.0,0.0,0.0,1025.2955408249572
2025-11-14T09:45:00Z,2025-11-14T10:00:00Z,2025-11-14,2025-11-14_44,0.0,0,0,100,144.0,144.0,0.0,0.0,0.0,True,True,True,False,0.0,1025.2955408249572,0.0,0.0,0.0,0.0,1025.2955408249572
2025-11-14T10:00:00Z,2025-11-14T10:15:00Z,2025-11-14,2025-11-14_45,0.0,0,0,100,144.0,144.0,0.0,0.0,0.0,True,True,True,False,0.0,1025.2955408249572,0.0,0.0,0.0,0.0,1025.2955408249572
2025-11-14T10:15:00Z,2025-11-14T10:30:00Z,2025-11-14,2025-11-14_46,0.0,0,0,100,144.0,144.0,0.0,0.0,0.0,True,True,True,False,0.0,1025.2955408249572,0.0,0.0,0.0,0.0,1025.2955408249572
2025-11-14T10:30:00Z,2025-11-14T10:45:00Z,2025-11-14,2025-11-14_47,0.0,0,0,100,144.0,144.0,0.0,0.0,0.0,True,True,True,False,0.0,1025.2955408249572,0.0,0.0,0.0,0.0,1025.2955408249572
2025-11-14T10:45:00Z,2025-11-14T11:00:00Z,2025-11-14,2025-11-14_48,0.0,0,0,100,144.0,144.0,0.0,0.0,0.0,True,True,True,False,0.0,1025.2955408249572,0.0,0.0,0.0,0.0,1025.2955408249572
2025-11-14T11:00:00Z,2025-11-14T11:15:00Z,2025-11-14,2025-11-14_49,0.0,0,0,100,144.0,144.0,0.0,0.0,0.0,True,True,True,False,0.0,1025.2955408249572,0.0,0.0,0.0,0.0,1025.2955408249572
2025-11-14T11:15:00Z,2025-11-14T11:30:00Z,2025-11-14,2025-11-14_50,0.0,0,0,100,144.0,144.0,0.0,0.0,0.0,True,True,True,False,0.0,1025.2955408249572,0.0,0.0,0.0,0.0,1025.2955408249572
2025-11-14T11:30:00Z,2025-11-14T11:45:00Z,2025-11-14,2025-11-14_51,0.0,0,0,100,144.0,144.0,0.0,0.0,0.0,True,True,True,False,0.0,1025.2955408249572,0.0,0.0,0.0,0.0,1025.2955408249572
2025-11-14T11:45:00Z,2025-11-14T12:00:00Z,2025-11-14,2025-11-14_52,0.0,0,0,100,144.0,144.0,0.0,0.0,0.0,True,True,True,False,0.0,1025.2955408249572,0.0,0.0,0.0,0.0,1025.2955408249572
2025-11-14T12:00:00Z,2025-11-14T12:15:00Z,2025-11-14,2025-11-14_53,0.0,0,0,100,144.0,144.0,0.0,0.0,0.0,True,True,True,False,0.0,1025.2955408249572,0.0,0.0,0.0,0.0,1025.2955408249572
2025-11-14T12:15:00Z,2025-11-14T12:30:00Z,2025-11-14,2025-11-14_54,0.0,0,0,100,144.0,144.0,0.0,0.0,0.0,True,True,True,False,0.0,1025.2955408249572,0.0,0.0,0.0,0.0,1025.2955408249572
2025-11-14T12:30:00Z,2025-11-14T12:45:00Z,2025-11-14,2025-11-14_55,0.0,0,0,100,144.0,144.0,0.0,0.0,0.0,True,True,True,False,0.0,1025.2955408249572,0.0,0.0,0.0,0.0,1025.2955408249572
2025-11-14T12:45:00Z,2025-11-14T13:00:00Z,2025-11-14,2025-11-14_56,0.0,0,0,100,144.0,144.0,0.0,0.0,0.0,True,True,True,False,0.0,1025.2955408249572,0.0,0.0,0.0,0.0,1025.2955408249572
2025-11-14T13:00:00Z,2025-11-14T13:15:00Z,2025-11-14,2025-11-14_57,-100.0,100,0,0,144.0,164.45606857142857,0.0568224126984127,2.765142857142857,0.0,True,True,True,False,-2731.25,0.0,103.20816695843742,0.0,426.45824864488173,0.0,-2201.5835843966806
2025-11-14T13:15:00Z,2025-11-14T13:30:00Z,2025-11-14,2025-11-14_58,-100.0,100,0,0,164.45606857142857,185.80900571428572,0.05931371428571429,1.7902857142857145,0.0,True,True,True,False,-3008.0,0.0,103.20816695843742,0.0,260.9885761493567,0.0,-2643.803256892206
2025-11-14T13:30:00Z,2025-11-14T13:45:00Z,2025-11-14,2025-11-14_59,-61.295464570153044,100,0,0,185.80900571428572,190.0,0.03515819530188907,10.061714285714286,0.0,True,True,True,False,-2134.001599009878,0.0,103.20816695843742,0.0,2975.2821043462136,0.0,944.4886722947729
2025-11-14T13:45:00Z,2025-11-14T14:00:00Z,2025-11-14,2025-11-14_60,-4.8270566288050267e-14,100,0,0,190.0,167.68385093167703,0.061989302967563824,20.530857142857144,0.0,True,True,True,False,-1.9795759234729414e-12,0.0,103.20816695843742,0.0,9631.628867938844,0.0,9734.837034897278
2025-11-14T14:00:00Z,2025-11-14T14:15:00Z,2025-11-14,2025-11-14_61,-100.0,100,0,0,167.68385093167703,188.9500452173913,0.0590727619047619,1.8845714285714286,0.0,True,True,True,False,-2917.5,0.0,109.10914848836522,0.0,288.583827151821,0.0,-2519.8070243598136
2025-11-14T14:15:00Z,2025-11-14T14:30:00Z,2025-11-14,2025-11-14_62,-17.211096053421358,100,0,0,188.9500452173913,190.0,0.016657556521153968,2.748571428571428,0.0,True,True,True,False,-589.0067346882123,0.0,109.10914848836522,0.0,425.11083111109855,0.0,-54.786755088748535
2025-11-14T14:30:00Z,2025-11-14T14:45:00Z,2025-11-14,2025-11-14_63,-45.643302572586705,100,0,0,190.0,190.0,0.03409204045688971,10.386285714285712,0.0,True,True,True,False,-1953.989783132437,0.0,109.10914848836522,0.0,2898.572313606258,0.0,1053.6916789621862
2025-11-14T14:45:00Z,2025-11-14T15:00:00Z,2025-11-14,2025-11-14_64,0.0,100,0,0,190.0,166.20807453416148,0.06608868184955141,21.888571428571428,0.0,True,True,True,False,0.0,0.0,109.10914848836522,0.0,25028.454902732152,0.0,25137.564051220517
2025-11-14T15:00:00Z,2025-11-14T15:15:00Z,2025-11-14,2025-11-14_65,74.84571428571434,0,0,0,166.20807453416148,145.86956521739128,0.05649585921325055,0.0,0.0,True,False,True,False,3645.1734000000024,0.0,0.0,0.0,0.0,0.0,3645.1734000000024
2025-11-14T15:15:00Z,2025-11-14T15:30:00Z,2025-11-14,2025-11-14_66,100.0,0,0,0,145.86956521739128,118.69565217391303,0.0754830917874396,0.0,0.0,True,False,True,False,5255.0,0.0,0.0,0.0,0.0,0.0,5255.0
2025-11-14T15:30:00Z,2025-11-14T15:45:00Z,2025-11-14,2025-11-14_67,100.0,0,0,0,118.69565217391303,91.52173913043478,0.0754830917874396,0.0,0.0,True,False,True,False,7502.0,0.0,0.0,0.0,0.0,0.0,7502.0
2025-11-14T15:45:00Z,2025-11-14T16:00:00Z,2025-11-14,2025-11-14_68,100.0,0,0,0,91.52173913043478,64.34782608695653,0.0754830917874396,0.0,0.0,True,False,True,False,7940.75,0.0,0.0,0.0,0.0,0.0,7940.75
2025-11-14T16:00:00Z,2025-11-14T16:15:00Z,2025-11-14,2025-11-14_69,0.0,0,0,100,64.34782608695653,64.34782608695653,0.0,0.0,0.0,True,False,True,False,0.0,1025.2955408249572,0.0,0.0,0.0,0.0,1025.2955408249572
2025-11-14T16:15:00Z,2025-11-14T16:30:00Z,2025-11-14,2025-11-14_70,0.0,0,0,100,64.34782608695653,64.34782608695653,0.0,0.0,0.0,True,False,True,False,0.0,1025.2955408249572,0.0,0.0,0.0,0.0,1025.2955408249572
2025-11-14T16:30:00Z,2025-11-14T16:45:00Z,2025-11-14,2025-11-14_71,0.0,0,0,100,64.34782608695653,64.34782608695653,0.0,0.0,0.0,True,False,True,False,0.0,1025.2955408249572,0.0,0.0,0.0,0.0,1025.2955408249572
2025-11-14T16:45:00Z,2025-11-14T17:00:00Z,2025-11-14,2025-11-14_72,0.0,0,0,100,64.34782608695653,64.34782608695653,0.0,0.0,0.0,True,False,True,False,0.0,1025.2955408249572,0.0,0.0,0.0,0.0,1025.2955408249572
2025-11-14T17:00:00Z,2025-11-14T17:15:00Z,2025-11-14,2025-11-14_73,6.275173617446537e-15,100,0,0,64.34782608695653,59.841614906832305,0.012517253278122847,4.145714285714286,0.0,True,True,True,False,2.6554965955629384e-13,0.0,111.38102637738744,0.0,794.0601607876969,0.0,905.4411871650846
2025-11-14T17:15:00Z,2025-11-14T17:30:00Z,2025-11-14,2025-11-14_74,-33.543055885082,100,0,0,59.841614906832305,55.89318559006212,0.03443291993054337,11.313142857142857,0.0,True,True,True,False,-1490.1502576947676,0.0,111.38102637738744,0.0,5814.611399010321,0.0,4435.842167692941
2025-11-14T17:30:00Z,2025-11-14T17:45:00Z,2025-11-14,2025-11-14_75,0.0,100,0,0,55.89318559006212,43.7093346583851,0.033844030365769495,11.209142857142856,0.0,True,True,True,False,0.0,0.0,111.38102637738744,0.0,2987.323992997501,0.0,3098.7050193748887
2025-11-14T17:45:00Z,2025-11-14T18:00:00Z,2025-11-14,2025-11-14_76,-99.99999999999996,100,0,0,43.7093346583851,64.34782608695653,0.057329142857142835,2.5668571428571427,0.0,True,True,True,False,-3398.749999999998,0.0,111.38102637738744,0.0,403.7810333461656,0.0,-2883.5879402764454
2025-11-14T18:00:00Z,2025-11-14T18:15:00Z,2025-11-14,2025-11-14_77,0.0,0,0,100,64.34782608695653,64.34782608695653,0.0,0.0,0.0,True,True,True,False,0.0,1025.2955408249572,0.0,0.0,0.0,0.0,1025.2955408249572
2025-11-14T18:15:00Z,2025-11-14T18:30:00Z,2025-11-14,2025-11-14_78,0.0,0,0,100,64.34782608695653,64.34782608695653,0.0,0.0,0.0,True,True,True,False,0.0,1025.2955408249572,0.0,0.0,0.0,0.0,1025.2955408249572
2025-11-14T18:30:00Z,2025-11-14T18:45:00Z,2025-11-14,2025-11-14_79,0.0,0,0,100,64.34782608695653,64.34782608695653,0.0,0.0,0.0,True,True,True,False,0.0,1025.2955408249572,0.0,0.0,0.0,0.0,1025.2955408249572
2025-11-14T18:45:00Z,2025-11-14T19:00:00Z,2025-11-14,2025-11-14_80,0.0,0,0,100,64.34782608695653,64.34782608695653,0.0,0.0,0.0,True,True,True,False,0.0,1025.2955408249572,0.0,0.0,0.0,0.0,1025.2955408249572
2025-11-14T19:00:00Z,2025-11-14T19:15:00Z,2025-11-14,2025-11-14_81,0.0,0,0,100,64.34782608695653,64.34782608695653,0.0,0.0,0.0,True,True,True,False,0.0,1025.2955408249572,0.0,0.0,0.0,0.0,1025.2955408249572
2025-11-14T19:15:00Z,2025-11-14T19:30:00Z,2025-11-14,2025-11-14_82,0.0,0,0,100,64.34782608695653,64.34782608695653,0.0,0.0,0.0,True,True,True,False,0.0,1025.2955408249572,0.0,0.0,0.0,0.0,1025.2955408249572
2025-11-14T19:30:00Z,2025-11-14T19:45:00Z,2025-11-14,2025-11-14_83,0.0,0,0,100,64.34782608695653,64.34782608695653,0.0,0.0,0.0,True,True,True,False,0.0,1025.2955408249572,0.0,0.0,0.0,0.0,1025.2955408249572
2025-11-14T19:45:00Z,2025-11-14T20:00:00Z,2025-11-14,2025-11-14_84,0.0,0,0,100,64.34782608695653,64.34782608695653,0.0,0.0,0.0,True,True,True,False,0.0,1025.2955408249572,0.0,0.0,0.0,0.0,1025.2955408249572
2025-11-14T20:00:00Z,2025-11-14T20:15:00Z,2025-11-14,2025-11-14_85,0.0,100,0,0,64.34782608695653,47.34223602484473,0.047237750172532775,15.645142857142858,0.0,True,True,True,False,0.0,0.0,110.02380062550404,0.0,14955.392056716864,0.0,15065.415857342368
2025-11-14T20:15:00Z,2025-11-14T20:30:00Z,2025-11-14,2025-11-14_86,-100.0,100,0,0,47.34223602484473,63.30292173913045,0.044335238095238094,7.651428571428571,0.0,True,True,True,False,-2919.0,0.0,110.02380062550404,0.0,2472.8416598056046,0.0,-336.13453956889134
2025-11-14T20:30:00Z,2025-11-14T20:45:00Z,2025-11-14,2025-11-14_87,-100.0,100,0,0,63.30292173913045,74.39969888198759,0.030824380952380957,12.938285714285714,0.0,True,True,True,False,-2677.0,0.0,110.02380062550404,0.0,8081.553714274474,0.0,5514.577514899978
2025-11-14T20:45:00Z,2025-11-14T21:00:00Z,2025-11-14,2025-11-14_88,-100.0,100,0,0,74.39969888198759,90.94235031055902,0.04595180952380953,7.018857142857142,0.0,True,True,True,False,-2564.75,0.0,110.02380062550404,0.0,2414.873978750846,0.0,-39.8522206236498
2025-11-14T21:00:00Z,2025-11-14T21:15:00Z,2025-11-14,2025-11-14_89,-2.7152193537028288e-14,100,0,0,90.94235031055902,90.43924472049692,0.0013975155279503271,0.4628571428571429,0.0,True,True,True,False,-7.910791587013192e-13,0.0,110.02380062550404,0.0,72.72708522422326,0.0,182.7508858497265
2025-11-14T21:15:00Z,2025-11-14T21:30:00Z,2025-11-14,2025-11-14_90,2.7996928447069164e-14,100,0,0,90.43924472049692,86.30446211180126,0.01148550724637683,3.804,0.0,True,True,True,False,8.093912014047695e-13,0.0,110.02380062550404,0.0,1229.472643443026,0.0,1339.496444068531
2025-11-14T21:30:00Z,2025-11-14T21:45:00Z,2025-11-14,2025-11-14_91,-100.0,100,0,0,86.30446211180126,102.0853535403727,0.04383580952380953,7.846857142857143,0.0,True,True,True,False,-2730.0,0.0,110.02380062550404,0.0,3527.7116845616274,0.0,907.7354851871314
2025-11-14T21:45:00Z,2025-11-14T22:00:00Z,2025-11-14,2025-11-14_92,-100.0,100,0,0,102.0853535403727,124.14905639751555,0.0612880634920635,1.0177142857142858,0.0,True,True,True,False,-2617.5,0.0,110.02380062550404,0.0,160.0042877093795,0.0,-2347.4719116651163
2025-11-14T22:00:00Z,2025-11-14T22:15:00Z,2025-11-15,2025-11-14_93,0.0,0,0,100,124.14905639751555,124.14905639751555,0.0,0.0,0.0,True,True,True,False,0.0,1025.134226208036,0.0,0.0,0.0,0.0,1025.134226208036
2025-11-14T22:15:00Z,2025-11-14T22:30:00Z,2025-11-15,2025-11-14_94,0.0,0,0,100,124.14905639751555,124.14905639751555,0.0,0.0,0.0,True,True,True,False,0.0,1025.134226208036,0.0,0.0,0.0,0.0,1025.134226208036
2025-11-14T22:30:00Z,2025-11-14T22:45:00Z,2025-11-15,2025-11-14_95,0.0,0,0,100,124.14905639751555,124.14905639751555,0.0,0.0,0.0,True,True,True,False,0.0,1025.134226208036,0.0,0.0,0.0,0.0,1025.134226208036
2025-11-14T22:45:00Z,2025-11-14T23:00:00Z,2025-11-15,2025-11-14_96,0.0,0,0,100,124.14905639751555,124.14905639751555,0.0,0.0,0.0,True,True,True,False,0.0,1025.134226208036,0.0,0.0,0.0,0.0,1025.134226208036
2025-11-14T23:00:00Z,2025-11-14T23:15:00Z,2025-11-15,2025-11-15_1,0.0,0,0,100,124.14905639751555,124.14905639751555,0.0,0.0,0.0,True,True,True,False,0.0,1025.134226208036,0.0,0.0,0.0,0.0,1025.134226208036
2025-11-14T23:15:00Z,2025-11-14T23:30:00Z,2025-11-15,2025-11-15_2,0.0,0,0,100,124.14905639751555,124.14905639751555,0.0,0.0,0.0,True,True,True,False,0.0,1025.134226208036,0.0,0.0,0.0,0.0,1025.134226208036
2025-11-14T23:30:00Z,2025-11-14T23:45:00Z,2025-11-15,2025-11-15_3,0.0,0,0,100,124.14905639751555,124.14905639751555,0.0,0.0,0.0,True,True,True,False,0.0,1025.134226208036,0.0,0.0,0.0,0.0,1025.134226208036
2025-11-14T23:45:00Z,2025-11-15T00:00:00Z,2025-11-15,2025-11-15_4,0.0,0,0,100,124.14905639751555,124.14905639751555,0.0,0.0,0.0,True,True,True,False,0.0,1025.134226208036,0.0,0.0,0.0,0.0,1025.134226208036
2025-11-15T00:00:00Z,2025-11-15T00:15:00Z,2025-11-15,2025-11-15_5,0.0,0,0,100,124.14905639751555,124.14905639751555,0.0,0.0,0.0,True,True,True,False,0.0,1025.134226208036,0.0,0.0,0.0,0.0,1025.134226208036
2025-11-15T00:15:00Z,2025-11-15T00:30:00Z,2025-11-15,2025-11-15_6,0.0,0,0,100,124.14905639751555,124.14905639751555,0.0,0.0,0.0,True,True,True,False,0.0,1025.134226208036,0.0,0.0,0.0,0.0,1025.134226208036
2025-11-15T00:30:00Z,2025-11-15T00:45:00Z,2025-11-15,2025-11-15_7,0.0,0,0,100,124.14905639751555,124.14905639751555,0.0,0.0,0.0,True,True,True,False,0.0,1025.134226208036,0.0,0.0,0.0,0.0,1025.134226208036
2025-11-15T00:45:00Z,2025-11-15T01:00:00Z,2025-11-15,2025-11-15_8,0.0,0,0,100,124.14905639751555,124.14905639751555,0.0,0.0,0.0,True,True,True,False,0.0,1025.134226208036,0.0,0.0,0.0,0.0,1025.134226208036
2025-11-15T01:00:00Z,2025-11-15T01:15:00Z,2025-11-15,2025-11-15_9,0.0,0,0,100,124.14905639751555,124.14905639751555,0.0,0.0,0.0,True,True,True,False,0.0,1025.134226208036,0.0,0.0,0.0,0.0,1025.134226208036
2025-11-15T01:15:00Z,2025-11-15T01:30:00Z,2025-11-15,2025-11-15_10,0.0,0,0,100,124.14905639751555,124.14905639751555,0.0,0.0,0.0,True,True,True,False,0.0,1025.134226208036,0.0,0.0,0.0,0.0,1025.134226208036
2025-11-15T01:30:00Z,2025-11-15T01:45:00Z,2025-11-15,2025-11-15_11,0.0,0,0,100,124.14905639751555,124.14905639751555,0.0,0.0,0.0,True,True,True,False,0.0,1025.134226208036,0.0,0.0,0.0,0.0,1025.134226208036
2025-11-15T01:45:00Z,2025-11-15T02:00:00Z,2025-11-15,2025-11-15_12,0.0,0,0,100,124.14905639751555,124.14905639751555,0.0,0.0,0.0,True,True,True,False,0.0,1025.134226208036,0.0,0.0,0.0,0.0,1025.134226208036
2025-11-15T02:00:00Z,2025-11-15T02:15:00Z,2025-11-15,2025-11-15_13,0.0,0,0,100,124.14905639751555,124.14905639751555,0.0,0.0,0.0,True,True,True,False,0.0,1025.134226208036,0.0,0.0,0.0,0.0,1025.134226208036
2025-11-15T02:15:00Z,2025-11-15T02:30:00Z,2025-11-15,2025-11-15_14,0.0,0,0,100,124.14905639751555,124.14905639751555,0.0,0.0,0.0,True,True,True,False,0.0,1025.134226208036,0.0,0.0,0.0,0.0,1025.134226208036
2025-11-15T02:30:00Z,2025-11-15T02:45:00Z,2025-11-15,2025-11-15_15,0.0,0,0,100,124.14905639751555,124.14905639751555,0.0,0.0,0.0,True,True,True,False,0.0,1025.134226208036,0.0,0.0,0.0,0.0,1025.134226208036
2025-11-15T02:45:00Z,2025-11-15T03:00:00Z,2025-11-15,2025-11-15_16,0.0,0,0,100,124.14905639751555,124.14905639751555,0.0,0.0,0.0,True,True,True,False,0.0,1025.134226208036,0.0,0.0,0.0,0.0,1025.134226208036
2025-11-15T03:00:00Z,2025-11-15T03:15:00Z,2025-11-15,2025-11-15_17,0.0,0,0,100,124.14905639751555,124.14905639751555,0.0,0.0,0.0,True,True,True,False,0.0,1025.134226208036,0.0,0.0,0.0,0.0,1025.134226208036
2025-11-15T03:15:00Z,2025-11-15T03:30:00Z,2025-11-15,2025-11-15_18,0.0,0,0,100,124.14905639751555,124.14905639751555,0.0,0.0,0.0,True,True,True,False,0.0,1025.134226208036,0.0,0.0,0.0,0.0,1025.134226208036
2025-11-15T03:30:00Z,2025-11-15T03:45:00Z,2025-11-15,2025-11-15_19,0.0,0,0,100,124.14905639751555,124.14905639751555,0.0,0.0,0.0,True,True,True,False,0.0,1025.134226208036,0.0,0.0,0.0,0.0,1025.134226208036
2025-11-15T03:45:00Z,2025-11-15T04:00:00Z,2025-11-15,2025-11-15_20,0.0,0,0,100,124.14905639751555,124.14905639751555,0.0,0.0,0.0,True,True,True,False,0.0,1025.134226208036,0.0,0.0,0.0,0.0,1025.134226208036
2025-11-15T04:00:00Z,2025-11-15T04:15:00Z,2025-11-15,2025-11-15_21,0.0,0,0,100,124.14905639751555,124.14905639751555,0.0,0.0,0.0,True,True,True,False,0.0,1025.134226208036,0.0,0.0,0.0,0.0,1025.134226208036
2025-11-15T04:15:00Z,2025-11-15T04:30:00Z,2025-11-15,2025-11-15_22,0.0,0,0,100,124.14905639751555,124.14905639751555,0.0,0.0,0.0,True,True,True,False,0.0,1025.134226208036,0.0,0.0,0.0,0.0,1025.134226208036
2025-11-15T04:30:00Z,2025-11-15T04:45:00Z,2025-11-15,2025-11-15_23,0.0,0,0,100,124.14905639751555,124.14905639751555,0.0,0.0,0.0,True,True,True,False,0.0,1025.134226208036,0.0,0.0,0.0,0.0,1025.134226208036
2025-11-15T04:45:00Z,2025-11-15T05:00:00Z,2025-11-15,2025-11-15_24,0.0,0,0,100,124.14905639751555,124.14905639751555,0.0,0.0,0.0,True,True,True,False,0.0,1025.134226208036,0.0,0.0,0.0,0.0,1025.134226208036
2025-11-15T05:00:00Z,2025-11-15T05:15:00Z,2025-11-15,2025-11-15_25,0.0,0,0,100,124.14905639751555,124.14905639751555,0.0,0.0,0.0,True,True,True,False,0.0,1025.134226208036,0.0,0.0,0.0,0.0,1025.134226208036
2025-11-15T05:15:00Z,2025-11-15T05:30:00Z,2025-11-15,2025-11-15_26,0.0,0,0,100,124.14905639751555,124.14905639751555,0.0,0.0,0.0,True,True,True,False,0.0,1025.134226208036,0.0,0.0,0.0,0.0,1025.134226208036
2025-11-15T05:30:00Z,2025-11-15T05:45:00Z,2025-11-15,2025-11-15_27,0.0,0,0,100,124.14905639751555,124.14905639751555,0.0,0.0,0.0,True,True,True,False,0.0,1025.134226208036,0.0,0.0,0.0,0.0,1025.134226208036
2025-11-15T05:45:00Z,2025-11-15T06:00:00Z,2025-11-15,2025-11-15_28,0.0,0,0,100,124.14905639751555,124.14905639751555,0.0,0.0,0.0,True,True,True,False,0.0,1025.134226208036,0.0,0.0,0.0,0.0,1025.134226208036
2025-11-15T06:00:00Z,2025-11-15T06:15:00Z,2025-11-15,2025-11-15_29,0.0,0,0,100,124.14905639751555,124.14905639751555,0.0,0.0,0.0,True,True,True,False,0.0,1025.134226208036,0.0,0.0,0.0,0.0,1025.134226208036
2025-11-15T06:15:00Z,2025-11-15T06:30:00Z,2025-11-15,2025-11-15_30,0.0,0,0,100,124.14905639751555,124.14905639751555,0.0,0.0,0.0,True,True,True,False,0.0,1025.134226208036,0.0,0.0,0.0,0.0,1025.134226208036
2025-11-15T06:30:00Z,2025-11-15T06:45:00Z,2025-11-15,2025-11-15_31,0.0,0,0,100,124.14905639751555,124.14905639751555,0.0,0.0,0.0,True,True,True,False,0.0,1025.134226208036,0.0,0.0,0.0,0.0,1025.134226208036
2025-11-15T06:45:00Z,2025-11-15T07:00:00Z,2025-11-15,2025-11-15_32,0.0,0,0,100,124.14905639751555,124.14905639751555,0.0,0.0,0.0,True,True,True,False,0.0,1025.134226208036,0.0,0.0,0.0,0.0,1025.134226208036
2025-11-15T07:00:00Z,2025-11-15T07:15:00Z,2025-11-15,2025-11-15_33,-0.19204624593891412,100,27,0,124.14905639751555,117.1825728298137,0.0195971781161034,6.462285714285714,0.012497142857142858,True,True,True,False,-5.013367250235353,0.0,102.04141837276536,5.878222904006136,4356.6166316315885,-0.8405039488212539,4458.682401709303
2025-11-15T07:15:00Z,2025-11-15T07:30:00Z,2025-11-15,2025-11-15_34,-7.794265271791956e-14,100,27,0,117.1825728298137,117.21070143602489,0.0004162992684610571,0.05600000000000001,0.09673714285714285,True,True,True,False,-2.0294318201428306e-12,0.0,102.04141837276536,5.878222904006136,8.496081184730665,-6.190001389041073,110.22572107245907
2025-11-15T07:30:00Z,2025-11-15T07:45:00Z,2025-11-15,2025-11-15_35,-73.0,100,27,0,117.21070143602489,124.55175805217397,0.03635517797101449,9.790857142857142,0.0,True,True,True,False,-1881.5749999999998,0.0,102.04141837276536,5.878222904006136,3861.651387552012,0.0,2087.9960288287834
2025-11-15T07:45:00Z,2025-11-15T08:00:00Z,2025-11-15,2025-11-15_36,-73.0,100,27,0,124.55175805217397,134.70367403726715,0.03941436289855072,6.878285714285715,0.0,True,True,True,False,-1852.1924999999999,0.0,102.04141837276536,5.878222904006136,1964.8776081746644,0.0,220.604749451436
2025-11-15T08:00:00Z,2025-11-15T08:15:00Z,2025-11-15,2025-11-15_37,0.0,100,100,0,134.70367403726715,123.8105063354038,0.030258799171842647,10.021714285714285,0.0,True,True,True,False,0.0,0.0,100.2124019116172,22.30220071980648,1979.0456512394326,0.0,2101.5602538708563
2025-11-15T08:15:00Z,2025-11-15T08:30:00Z,2025-11-15,2025-11-15_38,0.0,100,100,0,123.8105063354038,115.82603428571436,0.022179089026915115,7.345714285714286,0.0,True,True,True,False,0.0,0.0,100.2124019116172,22.30220071980648,1297.2588926443198,0.0,1419.7734952757435
2025-11-15T08:30:00Z,2025-11-15T08:45:00Z,2025-11-15,2025-11-15_39,0.0,100,100,0,115.82603428571436,125.61524571428579,0.027747809523809522,0.092,10.749142857142857,True,True,True,False,0.0,0.0,100.2124019116172,22.30220071980648,13.316813184651997,62.41001345774016,198.24142927381584
2025-11-15T08:45:00Z,2025-11-15T09:00:00Z,2025-11-15,2025-11-15_40,0.0,100,100,0,125.61524571428579,144.00000000000009,0.0510687619047619,0.0,19.98342857142857,True,True,True,False,0.0,0.0,100.2124019116172,22.30220071980648,0.0,-411.1169808585419,-288.60237822711827
2025-11-15T09:00:00Z,2025-11-15T09:15:00Z,2025-11-15,2025-11-15_41,0.0,0,0,100,144.00000000000009,144.00000000000009,0.0,0.0,0.0,True,True,True,False,0.0,1025.134226208036,0.0,0.0,0.0,0.0,1025.134226208036
2025-11-15T09:15:00Z,2025-11-15T09:30:00Z,2025-11-15,2025-11-15_42,0.0,0,0,100,144.00000000000009,144.00000000000009,0.0,0.0,0.0,True,True,True,False,0.0,1025.134226208036,0.0,0.0,0.0,0.0,1025.134226208036
2025-11-15T09:30:00Z,2025-11-15T09:45:00Z,2025-11-15,2025-11-15_43,0.0,0,0,100,144.00000000000009,144.00000000000009,0.0,0.0,0.0,True,True,True,False,0.0,1025.134226208036,0.0,0.0,0.0,0.0,1025.134226208036
2025-11-15T09:45:00Z,2025-11-15T10:00:00Z,2025-11-15,2025-11-15_44,0.0,0,0,100,144.00000000000009,144.00000000000009,0.0,0.0,0.0,True,True,True,False,0.0,1025.134226208036,0.0,0.0,0.0,0.0,1025.134226208036
2025-11-15T10:00:00Z,2025-11-15T10:15:00Z,2025-11-15,2025-11-15_45,0.0,0,0,100,144.00000000000009,144.00000000000009,0.0,0.0,0.0,True,True,True,False,0.0,1025.134226208036,0.0,0.0,0.0,0.0,1025.134226208036
2025-11-15T10:15:00Z,2025-11-15T10:30:00Z,2025-11-15,2025-11-15_46,0.0,0,0,100,144.00000000000009,144.00000000000009,0.0,0.0,0.0,True,True,True,False,0.0,1025.134226208036,0.0,0.0,0.0,0.0,1025.134226208036
2025-11-15T10:30:00Z,2025-11-15T10:45:00Z,2025-11-15,2025-11-15_47,0.0,0,0,100,144.00000000000009,144.00000000000009,0.0,0.0,0.0,True,True,True,False,0.0,1025.134226208036,0.0,0.0,0.0,0.0,1025.134226208036
2025-11-15T10:45:00Z,2025-11-15T11:00:00Z,2025-11-15,2025-11-15_48,0.0,0,0,100,144.00000000000009,144.00000000000009,0.0,0.0,0.0,True,True,True,False,0.0,1025.134226208036,0.0,0.0,0.0,0.0,1025.134226208036
2025-11-15T11:00:00Z,2025-11-15T11:15:00Z,2025-11-15,2025-11-15_49,0.0,0,0,100,144.00000000000009,144.00000000000009,0.0,0.0,0.0,True,True,True,False,0.0,1025.134226208036,0.0,0.0,0.0,0.0,1025.134226208036
2025-11-15T11:15:00Z,2025-11-15T11:30:00Z,2025-11-15,2025-11-15_50,0.0,0,0,100,144.00000000000009,144.00000000000009,0.0,0.0,0.0,True,True,True,False,0.0,1025.134226208036,0.0,0.0,0.0,0.0,1025.134226208036
2025-11-15T11:30:00Z,2025-11-15T11:45:00Z,2025-11-15,2025-11-15_51,0.0,0,0,100,144.00000000000009,144.00000000000009,0.0,0.0,0.0,True,True,True,False,0.0,1025.134226208036,0.0,0.0,0.0,0.0,1025.134226208036
2025-11-15T11:45:00Z,2025-11-15T12:00:00Z,2025-11-15,2025-11-15_52,0.0,0,0,100,144.00000000000009,144.00000000000009,0.0,0.0,0.0,True,True,True,False,0.0,1025.134226208036,0.0,0.0,0.0,0.0,1025.134226208036
2025-11-15T12:00:00Z,2025-11-15T12:15:00Z,2025-11-15,2025-11-15_53,0.0,0,0,100,144.00000000000009,144.00000000000009,0.0,0.0,0.0,True,True,True,False,0.0,1025.134226208036,0.0,0.0,0.0,0.0,1025.134226208036
2025-11-15T12:15:00Z,2025-11-15T12:30:00Z,2025-11-15,2025-11-15_54,0.0,0,0,100,144.00000000000009,144.00000000000009,0.0,0.0,0.0,True,True,True,False,0.0,1025.134226208036,0.0,0.0,0.0,0.0,1025.134226208036
2025-11-15T12:30:00Z,2025-11-15T12:45:00Z,2025-11-15,2025-11-15_55,0.0,0,0,100,144.00000000000009,144.00000000000009,0.0,0.0,0.0,True,True,True,False,0.0,1025.134226208036,0.0,0.0,0.0,0.0,1025.134226208036
2025-11-15T12:45:00Z,2025-11-15T13:00:00Z,2025-11-15,2025-11-15_56,0.0,0,0,100,144.00000000000009,144.00000000000009,0.0,0.0,0.0,True,True,True,False,0.0,1025.134226208036,0.0,0.0,0.0,0.0,1025.134226208036
2025-11-15T13:00:00Z,2025-11-15T13:15:00Z,2025-11-15,2025-11-15_57,0.0,0,0,100,144.00000000000009,144.00000000000009,0.0,0.0,0.0,True,True,True,False,0.0,1025.134226208036,0.0,0.0,0.0,0.0,1025.134226208036
2025-11-15T13:15:00Z,2025-11-15T13:30:00Z,2025-11-15,2025-11-15_58,0.0,0,0,100,144.00000000000009,144.00000000000009,0.0,0.0,0.0,True,True,True,False,0.0,1025.134226208036,0.0,0.0,0.0,0.0,1025.134226208036
2025-11-15T13:30:00Z,2025-11-15T13:45:00Z,2025-11-15,2025-11-15_59,0.0,0,0,100,144.00000000000009,144.00000000000009,0.0,0.0,0.0,True,True,True,False,0.0,1025.134226208036,0.0,0.0,0.0,0.0,1025.134226208036
2025-11-15T13:45:00Z,2025-11-15T14:00:00Z,2025-11-15,2025-11-15_60,0.0,0,0,100,144.00000000000009,144.00000000000009,0.0,0.0,0.0,True,True,True,False,0.0,1025.134226208036,0.0,0.0,0.0,0.0,1025.134226208036
2025-11-15T14:00:00Z,2025-11-15T14:15:00Z,2025-11-15,2025-11-15_61,0.0,0,0,100,144.00000000000009,144.00000000000009,0.0,0.0,0.0,True,True,True,False,0.0,1025.134226208036,0.0,0.0,0.0,0.0,1025.134226208036
2025-11-15T14:15:00Z,2025-11-15T14:30:00Z,2025-11-15,2025-11-15_62,0.0,0,0,100,144.00000000000009,144.00000000000009,0.0,0.0,0.0,True,True,True,False,0.0,1025.134226208036,0.0,0.0,0.0,0.0,1025.134226208036
2025-11-15T14:30:00Z,2025-11-15T14:45:00Z,2025-11-15,2025-11-15_63,0.0,0,0,100,144.00000000000009,144.00000000000009,0.0,0.0,0.0,True,True,True,False,0.0,1025.134226208036,0.0,0.0,0.0,0.0,1025.134226208036
2025-11-15T14:45:00Z,2025-11-15T15:00:00Z,2025-11-15,2025-11-15_64,0.0,0,0,100,144.00000000000009,144.00000000000009,0.0,0.0,0.0,True,True,True,False,0.0,1025.134226208036,0.0,0.0,0.0,0.0,1025.134226208036
2025-11-15T15:00:00Z,2025-11-15T15:15:00Z,2025-11-15,2025-11-15_65,0.0,0,98,2,144.00000000000009,144.01030400000008,2.8622222222222223e-05,0.0,0.0112,True,True,True,False,0.0,20.502684524160717,0.0,21.856156705410346,0.0,-0.8755678801109209,41.48327334946014
2025-11-15T15:15:00Z,2025-11-15T15:30:00Z,2025-11-15,2025-11-15_66,97.15791871999996,0,98,2,144.01030400000008,117.608695652174,0.07333780096618353,0.0,0.0,True,True,True,False,3619.6182619135984,20.502684524160717,0.0,21.856156705410346,0.0,0.0,3661.9771031431696
2025-11-15T15:30:00Z,2025-11-15T15:45:00Z,2025-11-15,2025-11-15_67,98.0,0,98,2,117.608695652174,90.97826086956532,0.07397342995169082,0.0,0.0,True,True,True,False,4761.575,20.502684524160717,0.0,21.856156705410346,0.0,0.0,4803.933841229571
2025-11-15T15:45:00Z,2025-11-15T16:00:00Z,2025-11-15,2025-11-15_68,98.0,0,98,2,90.97826086956532,64.34782608695662,0.07397342995169082,0.0,0.0,True,True,True,False,5772.2,20.502684524160717,0.0,21.856156705410346,0.0,0.0,5814.558841229571
2025-11-15T16:00:00Z,2025-11-15T16:15:00Z,2025-11-15,2025-11-15_69,0.0,0,0,100,64.34782608695662,64.34782608695662,0.0,0.0,0.0,True,True,True,False,0.0,1025.134226208036,0.0,0.0,0.0,0.0,1025.134226208036
2025-11-15T16:15:00Z,2025-11-15T16:30:00Z,2025-11-15,2025-11-15_70,0.0,0,0,100,64.34782608695662,64.34782608695662,0.0,0.0,0.0,True,True,True,False,0.0,1025.134226208036,0.0,0.0,0.0,0.0,1025.134226208036
2025-11-15T16:30:00Z,2025-11-15T16:45:00Z,2025-11-15,2025-11-15_71,0.0,0,0,100,64.34782608695662,64.34782608695662,0.0,0.0,0.0,True,True,True,False,0.0,1025.134226208036,0.0,0.0,0.0,0.0,1025.134226208036
2025-11-15T16:45:00Z,2025-11-15T17:00:00Z,2025-11-15,2025-11-15_72,0.0,0,0,100,64.34782608695662,64.34782608695662,0.0,0.0,0.0,True,True,True,False,0.0,1025.134226208036,0.0,0.0,0.0,0.0,1025.134226208036
2025-11-15T17:00:00Z,2025-11-15T17:15:00Z,2025-11-15,2025-11-15_73,0.0,0,0,100,64.34782608695662,64.34782608695662,0.0,0.0,0.0,True,True,True,False,0.0,1025.134226208036,0.0,0.0,0.0,0.0,1025.134226208036
2025-11-15T17:15:00Z,2025-11-15T17:30:00Z,2025-11-15,2025-11-15_74,0.0,0,0,100,64.34782608695662,64.34782608695662,0.0,0.0,0.0,True,True,True,False,0.0,1025.134226208036,0.0,0.0,0.0,0.0,1025.134226208036
2025-11-15T17:30:00Z,2025-11-15T17:45:00Z,2025-11-15,2025-11-15_75,0.0,0,0,100,64.34782608695662,64.34782608695662,0.0,0.0,0.0,True,True,True,False,0.0,1025.134226208036,0.0,0.0,0.0,0.0,1025.134226208036
2025-11-15T17:45:00Z,2025-11-15T18:00:00Z,2025-11-15,2025-11-15_76,0.0,0,0,100,64.34782608695662,64.34782608695662,0.0,0.0,0.0,True,True,True,False,0.0,1025.134226208036,0.0,0.0,0.0,0.0,1025.134226208036
2025-11-15T18:00:00Z,2025-11-15T18:15:00Z,2025-11-15,2025-11-15_77,0.0,0,0,100,64.34782608695662,64.34782608695662,0.0,0.0,0.0,True,True,True,False,0.0,1025.134226208036,0.0,0.0,0.0,0.0,1025.134226208036
2025-11-15T18:15:00Z,2025-11-15T18:30:00Z,2025-11-15,2025-11-15_78,0.0,0,0,100,64.34782608695662,64.34782608695662,0.0,0.0,0.0,True,True,True,False,0.0,1025.134226208036,0.0,0.0,0.0,0.0,1025.134226208036
2025-11-15T18:30:00Z,2025-11-15T18:45:00Z,2025-11-15,2025-11-15_79,0.0,0,0,100,64.34782608695662,64.34782608695662,0.0,0.0,0.0,True,True,True,False,0.0,1025.134226208036,0.0,0.0,0.0,0.0,1025.134226208036
2025-11-15T18:45:00Z,2025-11-15T19:00:00Z,2025-11-15,2025-11-15_80,0.0,0,0,100,64.34782608695662,64.34782608695662,0.0,0.0,0.0,True,True,True,False,0.0,1025.134226208036,0.0,0.0,0.0,0.0,1025.134226208036
2025-11-15T19:00:00Z,2025-11-15T19:15:00Z,2025-11-15,2025-11-15_81,0.0,0,0,100,64.34782608695662,64.34782608695662,0.0,0.0,0.0,True,True,True,False,0.0,1025.134226208036,0.0,0.0,0.0,0.0,1025.134226208036
2025-11-15T19:15:00Z,2025-11-15T19:30:00Z,2025-11-15,2025-11-15_82,0.0,0,0,100,64.34782608695662,64.34782608695662,0.0,0.0,0.0,True,True,True,False,0.0,1025.134226208036,0.0,0.0,0.0,0.0,1025.134226208036
2025-11-15T19:30:00Z,2025-11-15T19:45:00Z,2025-11-15,2025-11-15_83,0.0,0,0,100,64.34782608695662,64.34782608695662,0.0,0.0,0.0,True,True,True,False,0.0,1025.134226208036,0.0,0.0,0.0,0.0,1025.134226208036
2025-11-15T19:45:00Z,2025-11-15T20:00:00Z,2025-11-15,2025-11-15_84,0.0,0,0,100,64.34782608695662,64.34782608695662,0.0,0.0,0.0,True,True,True,False,0.0,1025.134226208036,0.0,0.0,0.0,0.0,1025.134226208036
2025-11-15T20:00:00Z,2025-11-15T20:15:00Z,2025-11-15,2025-11-15_85,0.0,0,0,100,64.34782608695662,64.34782608695662,0.0,0.0,0.0,True,True,True,False,0.0,1025.134226208036,0.0,0.0,0.0,0.0,1025.134226208036
2025-11-15T20:15:00Z,2025-11-15T20:30:00Z,2025-11-15,2025-11-15_86,0.0,0,0,100,64.34782608695662,64.34782608695662,0.0,0.0,0.0,True,True,True,False,0.0,1025.134226208036,0.0,0.0,0.0,0.0,1025.134226208036
2025-11-15T20:30:00Z,2025-11-15T20:45:00Z,2025-11-15,2025-11-15_87,0.0,0,0,100,64.34782608695662,64.34782608695662,0.0,0.0,0.0,True,True,True,False,0.0,1025.134226208036,0.0,0.0,0.0,0.0,1025.134226208036
2025-11-15T20:45:00Z,2025-11-15T21:00:00Z,2025-11-15,2025-11-15_88,0.0,0,0,100,64.34782608695662,64.34782608695662,0.0,0.0,0.0,True,True,True,False,0.0,1025.134226208036,0.0,0.0,0.0,0.0,1025.134226208036
2025-11-15T21:00:00Z,2025-11-15T21:15:00Z,2025-11-15,2025-11-15_89,0.0,0,0,100,64.34782608695662,64.34782608695662,0.0,0.0,0.0,True,True,True,False,0.0,1025.134226208036,0.0,0.0,0.0,0.0,1025.134226208036
2025-11-15T21:15:00Z,2025-11-15T21:30:00Z,2025-11-15,2025-11-15_90,0.0,0,0,100,64.34782608695662,64.34782608695662,0.0,0.0,0.0,True,True,True,False,0.0,1025.134226208036,0.0,0.0,0.0,0.0,1025.134226208036
2025-11-15T21:30:00Z,2025-11-15T21:45:00Z,2025-11-15,2025-11-15_91,0.0,0,0,100,64.34782608695662,64.34782608695662,0.0,0.0,0.0,True,True,True,False,0.0,1025.134226208036,0.0,0.0,0.0,0.0,1025.134226208036
2025-11-15T21:45:00Z,2025-11-15T22:00:00Z,2025-11-15,2025-11-15_92,0.0,0,0,100,64.34782608695662,64.34782608695662,0.0,0.0,0.0,True,True,True,False,0.0,1025.134226208036,0.0,0.0,0.0,0.0,1025.134226208036
2025-11-15T22:00:00Z,2025-11-15T22:15:00Z,2025-11-16,2025-11-15_93,0.0,0,0,100,64.34782608695662,64.34782608695662,0.0,0.0,0.0,True,True,True,False,0.0,1025.134226208036,0.0,0.0,0.0,0.0,1025.134226208036
2025-11-15T22:15:00Z,2025-11-15T22:30:00Z,2025-11-16,2025-11-15_94,0.0,0,0,100,64.34782608695662,64.34782608695662,0.0,0.0,0.0,True,True,True,False,0.0,1025.134226208036,0.0,0.0,0.0,0.0,1025.134226208036
2025-11-15T22:30:00Z,2025-11-15T22:45:00Z,2025-11-16,2025-11-15_95,0.0,0,0,100,64.34782608695662,64.34782608695662,0.0,0.0,0.0,True,True,True,False,0.0,1025.134226208036,0.0,0.0,0.0,0.0,1025.134226208036
2025-11-15T22:45:00Z,2025-11-15T23:00:00Z,2025-11-16,2025-11-15_96,0.0,0,0,100,64.34782608695662,64.34782608695662,0.0,0.0,0.0,True,True,True,False,0.0,1025.134226208036,0.0,0.0,0.0,0.0,1025.134226208036
2025-11-15T23:00:00Z,2025-11-15T23:15:00Z,2025-11-16,2025-11-16_1,0.0,0,0,100,64.34782608695662,64.34782608695662,0.0,0.0,0.0,True,True,True,False,0.0,1025.134226208036,0.0,0.0,0.0,0.0,1025.134226208036
2025-11-15T23:15:00Z,2025-11-15T23:30:00Z,2025-11-16,2025-11-16_2,0.0,0,0,100,64.34782608695662,64.34782608695662,0.0,0.0,0.0,True,True,True,False,0.0,1025.134226208036,0.0,0.0,0.0,0.0,1025.134226208036
2025-11-15T23:30:00Z,2025-11-15T23:45:00Z,2025-11-16,2025-11-16_3,0.0,0,0,100,64.34782608695662,64.34782608695662,0.0,0.0,0.0,True,True,True,False,0.0,1025.134226208036,0.0,0.0,0.0,0.0,1025.134226208036
2025-11-15T23:45:00Z,2025-11-16T00:00:00Z,2025-11-16,2025-11-16_4,0.0,0,0,100,64.34782608695662,64.34782608695662,0.0,0.0,0.0,True,True,True,False,0.0,1025.134226208036,0.0,0.0,0.0,0.0,1025.134226208036
2025-11-16T00:00:00Z,2025-11-16T00:15:00Z,2025-11-16,2025-11-16_5,0.0,5,5,95,64.34782608695662,64.36725088198767,9.295017253278123e-05,0.0064571428571428575,0.028742857142857143,True,True,True,False,0.0,882.7954451590065,4.939819458375126,1.1534603811434305,1.0070270306718476,-2.1469722107498965,887.748779818447
2025-11-16T00:15:00Z,2025-11-16T00:30:00Z,2025-11-16,2025-11-16_6,0.0,5,5,95,64.36725088198767,64.32221982608705,0.0001250862663906142,0.041428571428571426,0.0,True,True,True,False,0.0,882.7954451590065,4.939819458375126,1.1534603811434305,6.498998676702376,0.0,895.3877236752274
2025-11-16T00:30:00Z,2025-11-16T00:45:00Z,2025-11-16,2025-11-16_7,0.0,5,5,95,64.32221982608705,64.27324824844729,0.0003869146997929607,0.08660000000000001,0.04908571428571429,True,True,True,False,0.0,882.7954451590065,4.939819458375126,1.1534603811434305,13.710806576592526,-3.5294952195522145,899.0700363555653
2025-11-16T00:45:00Z,2025-11-16T01:00:00Z,2025-11-16,2025-11-16_8,0.0,5,5,95,64.27324824844729,64.52645853416158,0.0007033619047619046,0.0,0.2752285714285714,True,True,True,False,0.0,882.7954451590065,4.939819458375126,1.1534603811434305,0.0,23.772057955378738,912.6607829539038
2025-11-16T01:00:00Z,2025-11-16T01:15:00Z,2025-11-16,2025-11-16_9,0.0,5,5,95,64.52645853416158,64.66580233540382,0.000403111663216011,0.0026571428571428575,0.1546,True,True,True,False,0.0,882.7954451590065,4.939819458375126,1.1534603811434305,0.4128351440877255,18.29066953802584,907.5922296806386
2025-11-16T01:15:00Z,2025-11-16T01:30:00Z,2025-11-16,2025-11-16_10,0.0,5,5,95,64.66580233540382,64.65515522981377,3.5124499654934436e-05,0.010714285714285714,0.0010857142857142856,True,True,True,False,0.0,882.7954451590065,4.939819458375126,1.1534603811434305,1.6724459091560397,-0.08541029250215632,890.475760615179
2025-11-16T01:30:00Z,2025-11-16T01:45:00Z,2025-11-16,2025-11-16_11,0.0,5,5,95,64.65515522981377,64.64947726708085,2.511815044858523e-05,0.006771428571428571,0.0018285714285714285,True,True,True,False,0.0,882.7954451590065,4.939819458375126,1.1534603811434305,1.052721627066072,-0.14384891368784222,889.7975977119032
2025-11-16T01:45:00Z,2025-11-16T02:00:00Z,2025-11-16,2025-11-16_12,0.0,5,5,95,64.64947726708085,64.60250449689451,0.00013953388543823324,0.04471428571428571,0.0017714285714285714,True,True,True,False,0.0,882.7954451590065,4.939819458375126,1.1534603811434305,7.020856041513898,-0.13935363513509716,895.7702274049038
2025-11-16T02:00:00Z,2025-11-16T02:15:00Z,2025-11-16,2025-11-16_13,-5.0,5,0,95,64.60250449689451,65.71457421118023,0.003089082539682539,0.041228571428571434,0.0,True,True,True,False,-126.175,882.7954451590065,4.939819458375126,0.0,6.4778001904874305,0.0,768.0380648078691
2025-11-16T02:15:00Z,2025-11-16T02:30:00Z,2025-11-16,2025-11-16_14,-5.0,5,0,95,65.71457421118023,66.8519307826088,0.0031593238095238094,0.013742857142857142,0.0,True,True,True,False,-125.0,882.7954451590065,4.939819458375126,0.0,2.1447527681082463,0.0,764.8800173854899
2025-11-16T02:30:00Z,2025-11-16T02:45:00Z,2025-11-16,2025-11-16_15,-5.0,5,0,95,66.8519307826088,67.93634792546595,0.0030122698412698417,0.07128571428571429,0.0,True,True,True,False,-125.0,882.7954451590065,4.939819458375126,0.0,11.19801317116616,0.0,773.9332777885478
2025-11-16T02:45:00Z,2025-11-16T03:00:00Z,2025-11-16,2025-11-16_16,-5.0,5,0,95,67.93634792546595,69.06347935403738,0.003130920634920635,0.024857142857142855,0.0,True,True,True,False,-127.225,882.7954451590065,4.939819458375126,0.0,3.898773463246883,0.0,764.4090380806285
2025-11-16T03:00:00Z,2025-11-16T03:15:00Z,2025-11-16,2025-11-16_17,0.0,5,5,95,69.06347935403738,69.08919448447216,8.161035196687372e-05,0.0016857142857142856,0.029942857142857146,True,True,True,False,0.0,882.7954451590065,4.911794206147855,1.1534603811434305,0.262058005950625,-2.1757698866908854,886.9469878655575
2025-11-16T03:15:00Z,2025-11-16T03:30:00Z,2025-11-16,2025-11-16_18,0.0,5,5,95,69.08919448447216,69.32857848447216,0.0006649555555555555,0.0,0.2602,True,True,True,False,0.0,882.7954451590065,4.911794206147855,1.1534603811434305,0.0,-8.143282081538734,880.7174176647591
2025-11-16T03:30:00Z,2025-11-16T03:45:00Z,2025-11-16,2025-11-16_19,0.0,5,5,95,69.32857848447216,70.08939219875788,0.0021133714285714285,0.0,0.8269714285714286,True,True,True,False,0.0,882.7954451590065,4.911794206147855,1.1534603811434305,0.0,43.653493859730446,932.5141936060282
2025-11-16T03:45:00Z,2025-11-16T04:00:00Z,2025-11-16,2025-11-16_20,0.0,5,5,95,70.08939219875788,70.16934857142869,0.00022227356797791583,2.857142857142857e-05,0.08694285714285716,True,True,True,False,0.0,882.7954451590065,4.911794206147855,1.1534603811434305,0.004439087570835757,-5.353003677699767,883.5121351561688
2025-11-16T04:00:00Z,2025-11-16T04:15:00Z,2025-11-16,2025-11-16_21,0.0,1,1,99,70.16934857142869,70.22878582857155,0.00016510349206349205,0.0,0.06460571428571428,True,True,True,False,0.0,919.9657796920173,1.0092040828367455,0.23069207622868607,0.0,-2.8156030983707425,918.3900727527121
2025-11-16T04:15:00Z,2025-11-16T04:30:00Z,2025-11-16,2025-11-16_22,0.0,1,1,99,70.22878582857155,70.25245874285726,6.575809523809523e-05,0.0,0.025731428571428572,True,True,True,False,0.0,919.9657796920173,1.0092040828367455,0.23069207622868607,0.0,-1.481175256863026,919.7245005942198
2025-11-16T04:30:00Z,2025-11-16T04:45:00Z,2025-11-16,2025-11-16_23,0.0,1,1,99,70.25245874285726,70.29277577142868,0.00011199174603174604,0.0,0.04382285714285714,True,True,True,False,0.0,919.9657796920173,1.0092040828367455,0.23069207622868607,0.0,-1.9977765576842574,919.2078992933986
2025-11-16T04:45:00Z,2025-11-16T05:00:00Z,2025-11-16,2025-11-16_24,0.0,1,1,99,70.29277577142868,70.30329442981377,3.9708488612836437e-05,0.001737142857142857,0.013485714285714285,True,True,True,False,0.0,919.9657796920173,1.0092040828367455,0.23069207622868607,0.26986167690747315,-0.5898179917904975,920.8857195361998
2025-11-16T05:00:00Z,2025-11-16T05:15:00Z,2025-11-16,2025-11-16_25,0.0,1,1,99,70.30329442981377,70.31461594037278,3.1724692891649414e-05,4.5714285714285716e-05,0.01236,True,True,True,False,0.0,919.9657796920173,1.103309929789368,0.22066198595787362,0.007102540113337212,-0.5874421381792436,920.7094120096987
2025-11-16T05:15:00Z,2025-11-16T05:30:00Z,2025-11-16,2025-11-16_26,0.0,1,1,99,70.31461594037278,70.314764809938,1.404361628709455e-05,0.0022571428571428573,0.0028285714285714286,True,True,True,False,0.0,919.9657796920173,1.103309929789368,0.22066198595787362,0.3520928893121943,-0.13696211323044766,921.5048823838464
2025-11-16T05:30:00Z,2025-11-16T05:45:00Z,2025-11-16,2025-11-16_27,0.0,1,1,99,70.314764809938,70.32340683726719,2.8595003450655624e-05,0.00076,0.010291428571428571,True,True,True,False,0.0,919.9657796920173,1.103309929789368,0.22066198595787362,0.11807972938423114,-0.5379202829777849,920.869911054171
2025-11-16T05:45:00Z,2025-11-16T06:00:00Z,2025-11-16,2025-11-16_28,0.0,1,1,99,70.32340683726719,70.43905872298147,0.0003212552380952381,0.0,0.12570857142857142,True,True,True,False,0.0,919.9657796920173,1.103309929789368,0.22066198595787362,0.0,-2.900343254975009,918.3894083527896
2025-11-16T06:00:00Z,2025-11-16T06:15:00Z,2025-11-16,2025-11-16_29,0.0,1,1,99,70.43905872298147,70.49345438012433,0.00015109904761904762,0.0,0.05912571428571428,True,True,True,False,0.0,919.9657796920173,1.103309929789368,0.21712195409758692,0.0,-2.368203059598965,918.9180085163053
2025-11-16T06:15:00Z,2025-11-16T06:30:00Z,2025-11-16,2025-11-16_30,0.0,1,1,99,70.49345438012433,70.49560647950321,6.288612836438923e-06,5.142857142857142e-05,0.0024,True,True,True,False,0.0,919.9657796920173,1.103309929789368,0.21712195409758692,0.007990357627504361,-0.1888016992152929,921.1054002343166
2025-11-16T06:30:00Z,2025-11-16T06:45:00Z,2025-11-16,2025-11-16_31,0.0,1,1,99,70.49560647950321,70.52912506832308,9.314169772256728e-05,5.7142857142857145e-06,0.03644,True,True,True,False,0.0,919.9657796920173,1.103309929789368,0.21712195409758692,0.0008878175141671515,-1.485578397938915,919.8015209954796
2025-11-16T06:45:00Z,2025-11-16T07:00:00Z,2025-11-16,2025-11-16_32,0.0,1,1,99,70.52912506832308,70.53275539875786,1.0739875776397516e-05,0.00010857142857142856,0.004074285714285714,True,True,True,False,0.0,919.9657796920173,1.103309929789368,0.21712195409758692,0.016868532769175874,-0.25791229374397706,921.0451678149295
2025-11-16T07:00:00Z,2025-11-16T07:15:00Z,2025-11-16,2025-11-16_33,0.0,5,5,95,70.53275539875786,70.72671768447215,0.000538784126984127,0.0,0.21082857142857142,True,True,True,False,0.0,882.7954451590065,5.128621157590419,1.0885597970381733,0.0,-8.180340961259128,880.8322851523759
2025-11-16T07:15:00Z,2025-11-16T07:30:00Z,2025-11-16,2025-11-16_34,0.0,5,5,95,70.72671768447215,70.75687092670817,0.00010549813664596273,0.0036000000000000003,0.03702857142857143,True,True,True,False,0.0,882.7954451590065,5.128621157590419,1.0885597970381733,0.5593250339253054,-2.3735440270391006,887.1984071205213
2025-11-16T07:30:00Z,2025-11-16T07:45:00Z,2025-11-16,2025-11-16_35,0.0,5,5,95,70.75687092670817,70.7748703304349,6.638895790200139e-05,0.0027142857142857142,0.022771428571428574,True,True,True,False,0.0,882.7954451590065,5.128621157590419,1.0885597970381733,0.42278094788567383,-1.4924204490221369,887.9429866124987
2025-11-16T07:45:00Z,2025-11-16T08:00:00Z,2025-11-16,2025-11-16_36,0.0,5,5,95,70.7748703304349,70.7034107031057,0.00019849896480331262,0.06574285714285714,0.0,True,True,True,False,0.0,882.7954451590065,5.128621157590419,1.0885597970381733,10.340494070446633,0.0,899.3531201840817
2025-11-16T08:00:00Z,2025-11-16T08:15:00Z,2025-11-16,2025-11-16_37,-36.9795704309314,100,0,0,70.7034107031057,73.13532806956519,0.02929959079856875,5.924,0.0,True,True,True,False,-984.8584095017806,0.0,102.18891970027731,0.0,917.9537829173797,0.0,35.28429311587648
2025-11-16T08:15:00Z,2025-11-16T08:30:00Z,2025-11-16,2025-11-16_38,-100.0,100,0,0,73.13532806956519,81.10778521242233,0.022145714285714286,16.334285714285716,0.0,True,True,True,False,-2654.0,0.0,102.18891970027731,0.0,3327.128912788787,0.0,775.3178324890645
2025-11-16T08:30:00Z,2025-11-16T08:45:00Z,2025-11-16,2025-11-16_39,-100.0,100,0,0,81.10778521242233,95.2673737838509,0.039332190476190486,9.609142857142857,0.0,True,True,True,False,-2634.75,0.0,102.18891970027731,0.0,2130.700385751091,0.0,-401.86069454863184
2025-11-16T08:45:00Z,2025-11-16T09:00:00Z,2025-11-16,2025-11-16_40,-100.0,100,0,0,95.2673737838509,109.26767092670804,0.038889714285714284,9.782285714285715,0.0,True,True,True,False,-2599.0,0.0,102.18891970027731,0.0,1717.7937660600853,0.0,-779.0173142396374
2025-11-16T09:00:00Z,2025-11-16T09:15:00Z,2025-11-16,2025-11-16_41,-100.0,100,0,0,109.26767092670804,118.92083664099376,0.026814349206349206,14.507428571428571,0.0,True,True,True,False,-2613.0,0.0,99.85839872558854,0.0,3368.598265833916,0.0,855.4566645595044
2025-11-16T09:15:00Z,2025-11-16T09:30:00Z,2025-11-16,2025-11-16_42,-100.0,100,0,0,118.92083664099376,127.82275664099376,0.02472755555555556,15.323999999999998,0.0,True,True,True,False,-2598.75,0.0,99.85839872558854,0.0,4547.765505929553,0.0,2048.8739046551414
2025-11-16T09:30:00Z,2025-11-16T09:45:00Z,2025-11-16,2025-11-16_43,-100.00000000000003,100,0,0,127.82275664099376,141.49605949813662,0.03798139682539684,10.137714285714287,0.0,True,True,True,False,-2572.0000000000005,0.0,99.85839872558854,0.0,1785.242174815764,0.0,-686.8994264586479
2025-11-16T09:45:00Z,2025-11-16T10:00:00Z,2025-11-16,2025-11-16_44,-100.0,100,0,0,141.49605949813662,158.8246537838509,0.04813498412698412,6.164571428571429,0.0,True,True,True,False,-2598.75,0.0,99.85839872558854,0.0,1129.2500223359152,0.0,-1369.6415789384962
2025-11-16T10:00:00Z,2025-11-16T10:15:00Z,2025-11-16,2025-11-16_45,0.0,33,33,67,158.8246537838509,157.6174342559006,0.003358206625258799,1.11144,0.0009428571428571429,True,True,True,False,0.0,622.6031034279308,32.95327157944422,19.986134875213878,174.8246353649183,-0.07417209612029366,850.292973151387
2025-11-16T10:15:00Z,2025-11-16T10:30:00Z,2025-11-16,2025-11-16_46,0.0,33,33,67,157.6174342559006,155.1057448149068,0.006976915113871634,2.3107542857142853,0.0,True,True,True,False,0.0,622.6031034279308,32.95327157944422,19.986134875213878,378.81291553989695,0.0,1054.355425422486
2025-11-16T10:30:00Z,2025-11-16T10:45:00Z,2025-11-16,2025-11-16_47,0.0,33,33,67,155.1057448149068,151.47451500124222,0.010086749482401656,3.340731428571429,0.0,True,True,True,False,0.0,622.6031034279308,32.95327157944422,19.986134875213878,623.875861817385,0.0,1299.418371699974
2025-11-16T10:45:00Z,2025-11-16T11:00:00Z,2025-11-16,2025-11-16_48,0.0,33,33,67,151.47451500124222,147.40567649192545,0.011302329192546583,3.7433314285714285,0.0,True,True,True,False,0.0,622.6031034279308,32.95327157944422,19.986134875213878,722.6646095631432,0.0,1398.2071194457321
2025-11-16T11:00:00Z,2025-11-16T11:15:00Z,2025-11-16,2025-11-16_49,-4.833090449591035e-14,33,33,67,147.40567649192545,146.9475259726708,0.0013179393788820147,0.429,0.008862857142857143,True,True,True,False,-1.3166546657298377e-12,622.6031034279308,32.95327157944422,20.10295592660334,67.40633075697681,-0.6972177035307603,742.3684439874231
2025-11-16T11:15:00Z,2025-11-16T11:30:00Z,2025-11-16,2025-11-16_50,0.0,33,33,67,146.9475259726708,146.7663996720497,0.0005638486128364389,0.17669142857142855,0.01188,True,True,True,False,0.0,622.6031034279308,32.95327157944422,20.10295592660334,27.707476115742182,-0.9345684111157,702.4322386386049
2025-11-16T11:30:00Z,2025-11-16T11:45:00Z,2025-11-16,2025-11-16_51,0.0,33,33,67,146.7663996720497,143.24462327453415,0.00978271221532091,3.2400342857142856,0.0,True,True,True,False,0.0,622.6031034279308,32.95327157944422,20.10295592660334,710.3727539795859,0.0,1386.0320849135644
2025-11-16T11:45:00Z,2025-11-16T12:00:00Z,2025-11-16,2025-11-16_52,0.0,33,33,67,143.24462327453415,142.67849905093166,0.0015725672877846789,0.5208342857142857,0.0,True,True,True,False,0.0,622.6031034279308,32.95327157944422,20.10295592660334,81.82692078925854,0.0,757.4862517232369
2025-11-16T12:00:00Z,2025-11-16T12:15:00Z,2025-11-16,2025-11-16_53,-47.0,100,53,0,142.67849905093166,140.2087428074534,0.03528352734299517,13.168,0.0,True,True,True,False,-1246.91,0.0,97.79338014042126,32.28656557909021,8117.358399905598,0.0,7000.52834562511
2025-11-16T12:15:00Z,2025-11-16T12:30:00Z,2025-11-16,2025-11-16_54,-47.0,100,53,0,140.2087428074534,136.1496111204969,0.03591255690821256,14.743999999999998,0.0,True,True,True,False,-1312.1225,0.0,97.79338014042126,32.28656557909021,8996.997750899756,0.0,7814.955196619268
2025-11-16T12:30:00Z,2025-11-16T12:45:00Z,2025-11-16,2025-11-16_55,-47.0,100,53,0,136.1496111204969,139.45416305093167,0.032998220510697035,7.442285714285714,0.0,True,True,True,False,-1251.7275,0.0,97.79338014042126,32.28656557909021,2056.9232430063303,0.0,935.2756887258417
2025-11-16T12:45:00Z,2025-11-16T13:00:00Z,2025-11-16,2025-11-16_56,0.0,100,53,0,139.45416305093167,139.13321302857142,0.0010339379986197376,0.3188571428571429,0.027862857142857144,True,True,True,False,0.0,0.0,97.79338014042126,32.28656557909021,49.61709869103108,-2.191897822318496,177.50514658822405
2025-11-16T13:00:00Z,2025-11-16T13:15:00Z,2025-11-16,2025-11-16_57,0.0,33,33,67,139.13321302857142,137.40081551304345,0.004812215320910973,1.5938057142857143,0.0,True,True,True,False,0.0,622.6031034279308,32.27181544633902,20.10295592660334,266.18721376903824,0.0,941.1650885699114
2025-11-16T13:15:00Z,2025-11-16T13:30:00Z,2025-11-16,2025-11-16_58,0.0,33,33,67,137.40081551304345,136.41535532919252,0.0030188217805383016,0.9532285714285714,0.05506285714285714,True,True,True,False,0.0,622.6031034279308,32.27181544633902,20.10295592660334,149.92779857218716,-4.331650413425149,820.5740229596352
2025-11-16T13:30:00Z,2025-11-16T13:45:00Z,2025-11-16,2025-11-16_59,0.0,33,33,67,136.41535532919252,136.8725029763975,0.001815299710144928,0.09032571428571427,0.603617142857143,True,True,True,False,0.0,622.6031034279308,32.27181544633902,20.10295592660334,14.131150412582283,-38.816118729297145,650.2929064841583
2025-11-16T13:45:00Z,2025-11-16T14:00:00Z,2025-11-16,2025-11-16_60,0.0,33,33,67,136.8725029763975,136.5140322981366,0.001076711884057971,0.3432,0.01584,True,True,True,False,0.0,622.6031034279308,32.27181544633902,20.10295592660334,53.891046315416844,-1.2460912148209333,727.6228299014691
2025-11-16T14:00:00Z,2025-11-16T14:15:00Z,2025-11-16,2025-11-16_61,0.0,100,100,0,136.5140322981366,126.44633043478257,0.027965838509316773,9.262285714285715,0.0,True,True,True,False,0.0,0.0,107.46946722520504,23.069207622868607,1833.3048483264924,0.0,1963.8435231745661
2025-11-16T14:15:00Z,2025-11-16T14:30:00Z,2025-11-16,2025-11-16_62,0.0,100,100,0,126.44633043478257,124.9147567701863,0.004403323671497585,1.4337142857142857,0.029142857142857137,True,True,True,False,0.0,0.0,107.46946722520504,23.069207622868607,228.13305024316648,-2.120647657257486,356.55107743398264
2025-11-16T14:30:00Z,2025-11-16T14:45:00Z,2025-11-16,2025-11-16_63,0.0,100,100,0,124.9147567701863,122.7203468322981,0.006095583160800552,2.0188571428571427,0.0,True,True,True,False,0.0,0.0,107.46946722520504,23.069207622868607,480.9368202085247,0.0,611.4754950565983
2025-11-16T14:45:00Z,2025-11-16T15:00:00Z,2025-11-16,2025-11-16_64,0.0,100,100,0,122.7203468322981,105.5396014906832,0.04772429261559696,15.806285714285714,0.0,True,True,True,False,0.0,0.0,107.46946722520504,23.069207622868607,11031.986653855123,0.0,11162.525328703197
2025-11-16T15:00:00Z,2025-11-16T15:15:00Z,2025-11-16,2025-11-16_65,1.0,0,0,99,105.5396014906832,105.26786236024842,0.0007548309178743961,0.0,0.0,True,False,True,False,30.8275,919.9657796920173,0.0,0.0,0.0,0.0,950.7932796920173
2025-11-16T15:15:00Z,2025-11-16T15:30:00Z,2025-11-16,2025-11-16_66,1.0,0,0,99,105.26786236024842,104.99612322981363,0.0007548309178743961,0.0,0.0,True,False,True,False,33.8325,919.9657796920173,0.0,0.0,0.0,0.0,953.7982796920173
2025-11-16T15:30:00Z,2025-11-16T15:45:00Z,2025-11-16,2025-11-16_67,1.0,0,0,99,104.99612322981363,104.72438409937885,0.0007548309178743961,0.0,0.0,True,False,True,False,34.74,919.9657796920173,0.0,0.0,0.0,0.0,954.7057796920174
2025-11-16T15:45:00Z,2025-11-16T16:00:00Z,2025-11-16,2025-11-16_68,1.0,0,0,99,104.72438409937885,104.45264496894407,0.0007548309178743961,0.0,0.0,True,False,True,False,43.01,919.9657796920173,0.0,0.0,0.0,0.0,962.9757796920173
2025-11-16T16:00:00Z,2025-11-16T16:15:00Z,2025-11-16,2025-11-16_69,0.0,100,100,0,104.45264496894407,97.76630956521737,0.018573153899240854,6.151428571428571,0.0,True,True,True,False,0.0,0.0,110.3309929789368,22.066198595787363,1193.4463429504199,0.0,1325.8435345251442
2025-11-16T16:15:00Z,2025-11-16T16:30:00Z,2025-11-16,2025-11-16_70,0.0,100,100,0,97.76630956521737,97.52484472049687,0.0007992436162870945,0.24342857142857144,0.02514285714285714,True,True,True,False,0.0,0.0,110.3309929789368,22.066198595787363,37.836776885277686,-1.9779225632078306,168.25604589679403
2025-11-16T16:30:00Z,2025-11-16T16:45:00Z,2025-11-16,2025-11-16_71,0.0,100,100,0,97.52484472049687,90.94658385093166,0.01827294685990338,6.052,0.0,True,True,True,False,0.0,0.0,110.3309929789368,22.066198595787363,1022.3258308258108,0.0,1154.723022400535
2025-11-16T16:45:00Z,2025-11-16T17:00:00Z,2025-11-16,2025-11-16_72,0.0,100,100,0,90.94658385093166,64.3478260869565,0.07388543823326432,24.47085714285714,0.0,True,True,True,False,0.0,0.0,110.3309929789368,22.066198595787363,27962.3109327984,0.0,28094.708124373123
2025-11-16T17:00:00Z,2025-11-16T17:15:00Z,2025-11-16,2025-11-16_73,0.0,0,0,100,64.3478260869565,64.3478260869565,0.0,0.0,0.0,True,False,True,False,0.0,929.25836332527,0.0,0.0,0.0,0.0,929.25836332527
2025-11-16T17:15:00Z,2025-11-16T17:30:00Z,2025-11-16,2025-11-16_74,0.0,0,0,100,64.3478260869565,64.3478260869565,0.0,0.0,0.0,True,False,True,False,0.0,929.25836332527,0.0,0.0,0.0,0.0,929.25836332527
2025-11-16T17:30:00Z,2025-11-16T17:45:00Z,2025-11-16,2025-11-16_75,0.0,0,0,100,64.3478260869565,64.3478260869565,0.0,0.0,0.0,True,False,True,False,0.0,929.25836332527,0.0,0.0,0.0,0.0,929.25836332527
2025-11-16T17:45:00Z,2025-11-16T18:00:00Z,2025-11-16,2025-11-16_76,0.0,0,0,100,64.3478260869565,64.3478260869565,0.0,0.0,0.0,True,False,True,False,0.0,929.25836332527,0.0,0.0,0.0,0.0,929.25836332527
2025-11-16T18:00:00Z,2025-11-16T18:15:00Z,2025-11-16,2025-11-16_77,0.0,100,100,0,64.3478260869565,48.38509316770185,0.044340924775707384,14.685714285714285,0.0,True,True,True,False,0.0,0.0,109.47548527936752,22.567703109327987,10633.734312180239,0.0,10765.777500568935
2025-11-16T18:15:00Z,2025-11-16T18:30:00Z,2025-11-16,2025-11-16_78,0.0,100,100,0,48.38509316770185,28.395031055900606,0.055527950310559,18.390857142857143,0.0,True,True,True,False,0.0,0.0,109.47548527936752,22.567703109327987,21300.03198975077,0.0,21432.075178139465
2025-11-16T18:30:00Z,2025-11-16T18:45:00Z,2025-11-16,2025-11-16_79,0.0,100,100,0,28.395031055900606,28.140877515527936,0.0030483312629399585,0.6217142857142858,0.4582857142857143,True,True,True,False,0.0,0.0,109.47548527936752,22.567703109327987,97.64644791517411,-32.99536368208266,196.69427262178695
2025-11-16T18:45:00Z,2025-11-16T19:00:00Z,2025-11-16,2025-11-16_80,0.0,100,100,0,28.140877515527936,34.866866086956506,0.018683301587301585,0.0,7.3108571428571425,True,True,True,False,0.0,0.0,109.47548527936752,22.567703109327987,0.0,-306.2229300787517,-174.17974169005618
2025-11-16T19:00:00Z,2025-11-16T19:15:00Z,2025-11-16,2025-11-16_81,0.0,100,100,0,34.866866086956506,19.139461366459614,0.04406983850931677,14.532571428571428,0.07485714285714286,True,True,True,False,0.0,0.0,101.3629122662104,23.069207622868607,15131.494460524429,-4.637441736975633,15251.289138676533
2025-11-16T19:15:00Z,2025-11-16T19:30:00Z,2025-11-16,2025-11-16_82,0.0,100,100,0,19.139461366459614,15.96252124223601,0.009411881297446514,3.02,0.11485714285714287,True,True,True,False,0.0,0.0,101.3629122662104,23.069207622868607,607.9437528271088,-7.287409792402419,725.0884629237854
2025-11-16T19:30:00Z,2025-11-16T19:45:00Z,2025-11-16,2025-11-16_83,0.0,100,100,0,15.96252124223601,16.04851478260868,0.000532176673567978,0.04857142857142858,0.15085714285714286,True,True,True,False,0.0,0.0,101.3629122662104,23.069207622868607,7.561054592348475,-10.300931702671038,121.69224277875645
2025-11-16T19:45:00Z,2025-11-16T20:00:00Z,2025-11-16,2025-11-16_84,0.0,100,100,0,16.04851478260868,38.095920496894394,0.06124279365079366,0.0,23.96457142857143,True,True,True,False,0.0,0.0,101.3629122662104,23.069207622868607,0.0,6169.004873893389,6293.436993782469
2025-11-16T20:00:00Z,2025-11-16T20:15:00Z,2025-11-16,2025-11-16_85,0.0,100,100,0,38.095920496894394,47.00782906832297,0.024755301587301597,0.0,9.686857142857145,True,True,True,False,0.0,0.0,101.3629122662104,23.069207622868607,0.0,3903.0259576488584,4027.4580775379372
2025-11-16T20:15:00Z,2025-11-16T20:30:00Z,2025-11-16,2025-11-16_86,0.0,100,100,0,47.00782906832297,51.03551900621117,0.011219083505866112,0.005142857142857143,4.3839999999999995,True,True,True,False,0.0,0.0,101.3629122662104,23.069207622868607,0.7990357627504362,-210.34526324070248,-85.11410758887304
2025-11-16T20:30:00Z,2025-11-16T20:45:00Z,2025-11-16,2025-11-16_87,0.0,100,100,0,51.03551900621117,57.37615900621117,0.017612888888888886,0.0,6.8919999999999995,True,True,True,False,0.0,0.0,101.3629122662104,23.069207622868607,0.0,-351.3839715224104,-226.95185163333136
2025-11-16T20:45:00Z,2025-11-16T21:00:00Z,2025-11-16,2025-11-16_88,0.0,100,100,0,57.37615900621117,63.83403329192546,0.017938539682539688,0.0,7.0194285714285725,True,True,True,False,0.0,0.0,101.3629122662104,23.069207622868607,0.0,-354.8989511953227,-230.46683130624368
2025-11-16T21:00:00Z,2025-11-16T21:15:00Z,2025-11-16,2025-11-16_89,1.6894698200817586e-15,100,0,0,63.83403329192546,61.94831900621117,0.005238095238095239,1.7348571428571429,0.0,True,True,True,False,4.5400277740147055e-14,0.0,101.3629122662104,0.0,271.8734421752653,0.0,373.2363544414758
2025-11-16T21:15:00Z,2025-11-16T21:30:00Z,2025-11-16,2025-11-16_90,1.2791700066333324e-14,100,0,0,61.94831900621117,58.76446807453415,0.008844030365769506,2.9291428571428573,0.0,True,True,True,False,3.332557659781489e-13,0.0,101.3629122662104,0.0,459.40483703210475,0.0,560.7677492983155
2025-11-16T21:30:00Z,2025-11-16T21:45:00Z,2025-11-16,2025-11-16_91,-100.0,100,0,0,58.76446807453415,74.83397664596272,0.04463752380952381,7.533142857142858,0.0,True,True,True,False,-2329.75,0.0,101.3629122662104,0.0,1422.0434975514781,0.0,-806.3435901823115
2025-11-16T21:45:00Z,2025-11-16T22:00:00Z,2025-11-16,2025-11-16_92,-100.0,100,0,0,74.83397664596272,88.52883378881987,0.03804126984126984,10.114285714285714,0.0,True,True,True,False,-2284.0,0.0,101.3629122662104,0.0,9496.23158551284,0.0,7313.5944977790505
2025-11-16T22:00:00Z,2025-11-16T22:15:00Z,2025-11-17,2025-11-16_93,-37.10117441250045,100,0,0,88.52883378881987,81.15506285714282,0.038461619920818174,15.518857142857142,0.0,True,True,True,False,-942.2770771414802,0.0,100.2124019116172,0.0,13012.80298036968,0.0,12170.738305139817
2025-11-16T22:15:00Z,2025-11-16T22:30:00Z,2025-11-17,2025-11-16_94,-100.0,100,0,0,81.15506285714282,98.05414857142854,0.04694190476190476,6.631428571428572,0.0,True,True,True,False,-2202.25,0.0,100.2124019116172,0.0,1186.0850000983344,0.0,-915.9525979900484
2025-11-16T22:30:00Z,2025-11-16T22:45:00Z,2025-11-17,2025-11-16_95,-100.00000000000001,100,0,0,98.05414857142854,121.00052571428569,0.06373993650793654,0.058285714285714274,0.0,True,True,True,False,-2149.5000000000005,0.0,100.2124019116172,0.0,9.055738644504943,0.0,-2040.2318594438782
2025-11-16T22:45:00Z,2025-11-16T23:00:00Z,2025-11-17,2025-11-16_96,-100.0,100,0,0,121.00052571428569,143.99999999999997,0.06388742857142858,0.0005714285714285715,0.0,True,True,True,False,-1892.5,0.0,100.2124019116172,0.0,0.08878175141671515,0.0,-1792.198816336966
2025-11-16T23:00:00Z,2025-11-16T23:15:00Z,2025-11-17,2025-11-17_1,0.0,0,0,100,143.99999999999997,143.99999999999997,0.0,0.0,0.0,True,True,True,False,0.0,1025.134226208036,0.0,0.0,0.0,0.0,1025.134226208036
2025-11-16T23:15:00Z,2025-11-16T23:30:00Z,2025-11-17,2025-11-17_2,0.0,0,0,100,143.99999999999997,143.99999999999997,0.0,0.0,0.0,True,True,True,False,0.0,1025.134226208036,0.0,0.0,0.0,0.0,1025.134226208036
2025-11-16T23:30:00Z,2025-11-16T23:45:00Z,2025-11-17,2025-11-17_3,0.0,0,0,100,143.99999999999997,143.99999999999997,0.0,0.0,0.0,True,True,True,False,0.0,1025.134226208036,0.0,0.0,0.0,0.0,1025.134226208036
2025-11-16T23:45:00Z,2025-11-17T00:00:00Z,2025-11-17,2025-11-17_4,0.0,0,0,100,143.99999999999997,143.99999999999997,0.0,0.0,0.0,True,True,True,False,0.0,1025.134226208036,0.0,0.0,0.0,0.0,1025.134226208036
2025-11-17T00:00:00Z,2025-11-17T00:15:00Z,2025-11-17,2025-11-17_5,0.0,0,0,100,143.99999999999997,143.99999999999997,0.0,0.0,0.0,True,True,True,False,0.0,1025.134226208036,0.0,0.0,0.0,0.0,1025.134226208036
2025-11-17T00:15:00Z,2025-11-17T00:30:00Z,2025-11-17,2025-11-17_6,0.0,0,0,100,143.99999999999997,143.99999999999997,0.0,0.0,0.0,True,True,True,False,0.0,1025.134226208036,0.0,0.0,0.0,0.0,1025.134226208036
2025-11-17T00:30:00Z,2025-11-17T00:45:00Z,2025-11-17,2025-11-17_7,0.0,0,0,100,143.99999999999997,143.99999999999997,0.0,0.0,0.0,True,True,True,False,0.0,1025.134226208036,0.0,0.0,0.0,0.0,1025.134226208036
2025-11-17T00:45:00Z,2025-11-17T01:00:00Z,2025-11-17,2025-11-17_8,0.0,0,0,100,143.99999999999997,143.99999999999997,0.0,0.0,0.0,True,True,True,False,0.0,1025.134226208036,0.0,0.0,0.0,0.0,1025.134226208036
2025-11-17T01:00:00Z,2025-11-17T01:15:00Z,2025-11-17,2025-11-17_9,0.0,0,0,100,143.99999999999997,143.99999999999997,0.0,0.0,0.0,True,True,True,False,0.0,1025.134226208036,0.0,0.0,0.0,0.0,1025.134226208036
2025-11-17T01:15:00Z,2025-11-17T01:30:00Z,2025-11-17,2025-11-17_10,0.0,0,0,100,143.99999999999997,143.99999999999997,0.0,0.0,0.0,True,True,True,False,0.0,1025.134226208036,0.0,0.0,0.0,0.0,1025.134226208036
2025-11-17T01:30:00Z,2025-11-17T01:45:00Z,2025-11-17,2025-11-17_11,0.0,0,0,100,143.99999999999997,143.99999999999997,0.0,0.0,0.0,True,True,True,False,0.0,1025.134226208036,0.0,0.0,0.0,0.0,1025.134226208036
2025-11-17T01:45:00Z,2025-11-17T02:00:00Z,2025-11-17,2025-11-17_12,0.0,0,0,100,143.99999999999997,143.99999999999997,0.0,0.0,0.0,True,True,True,False,0.0,1025.134226208036,0.0,0.0,0.0,0.0,1025.134226208036
2025-11-17T02:00:00Z,2025-11-17T02:15:00Z,2025-11-17,2025-11-17_13,0.0,0,0,100,143.99999999999997,143.99999999999997,0.0,0.0,0.0,True,True,True,False,0.0,1025.134226208036,0.0,0.0,0.0,0.0,1025.134226208036
2025-11-17T02:15:00Z,2025-11-17T02:30:00Z,2025-11-17,2025-11-17_14,0.0,0,0,100,143.99999999999997,143.99999999999997,0.0,0.0,0.0,True,True,True,False,0.0,1025.134226208036,0.0,0.0,0.0,0.0,1025.134226208036
2025-11-17T02:30:00Z,2025-11-17T02:45:00Z,2025-11-17,2025-11-17_15,0.0,0,0,100,143.99999999999997,143.99999999999997,0.0,0.0,0.0,True,True,True,False,0.0,1025.134226208036,0.0,0.0,0.0,0.0,1025.134226208036
2025-11-17T02:45:00Z,2025-11-17T03:00:00Z,2025-11-17,2025-11-17_16,0.0,0,0,100,143.99999999999997,143.99999999999997,0.0,0.0,0.0,True,True,True,False,0.0,1025.134226208036,0.0,0.0,0.0,0.0,1025.134226208036
2025-11-17T03:00:00Z,2025-11-17T03:15:00Z,2025-11-17,2025-11-17_17,0.0,0,0,100,143.99999999999997,143.99999999999997,0.0,0.0,0.0,True,True,True,False,0.0,1025.134226208036,0.0,0.0,0.0,0.0,1025.134226208036
2025-11-17T03:15:00Z,2025-11-17T03:30:00Z,2025-11-17,2025-11-17_18,0.0,0,0,100,143.99999999999997,143.99999999999997,0.0,0.0,0.0,True,True,True,False,0.0,1025.134226208036,0.0,0.0,0.0,0.0,1025.134226208036
2025-11-17T03:30:00Z,2025-11-17T03:45:00Z,2025-11-17,2025-11-17_19,0.0,0,0,100,143.99999999999997,143.99999999999997,0.0,0.0,0.0,True,True,True,False,0.0,1025.134226208036,0.0,0.0,0.0,0.0,1025.134226208036
2025-11-17T03:45:00Z,2025-11-17T04:00:00Z,2025-11-17,2025-11-17_20,0.0,0,0,100,143.99999999999997,143.99999999999997,0.0,0.0,0.0,True,True,True,False,0.0,1025.134226208036,0.0,0.0,0.0,0.0,1025.134226208036
2025-11-17T04:00:00Z,2025-11-17T04:15:00Z,2025-11-17,2025-11-17_21,-100.0,100,0,0,143.99999999999997,163.4866514285714,0.054129587301587304,3.8188571428571425,0.0,True,True,True,False,-1880.75,0.0,100.92040828367456,0.0,600.4483860545221,0.0,-1179.3812056618033
2025-11-17T04:15:00Z,2025-11-17T04:30:00Z,2025-11-17,2025-11-17_22,-100.0,100,0,0,163.4866514285714,182.9170514285714,0.05397333333333334,3.88,0.0,True,True,True,False,-2183.5,0.0,100.92040828367456,0.0,608.2474403602967,0.0,-1474.3321513560288
2025-11-17T04:30:00Z,2025-11-17T04:45:00Z,2025-11-17,2025-11-17_23,-30.119901986829152,100,0,0,182.9170514285714,189.43114589813672,0.01977780928962049,0.3988571428571428,0.0,True,True,True,False,-709.5495910547278,0.0,100.92040828367456,0.0,62.0091191220721,0.0,-546.6200636489812
2025-11-17T04:45:00Z,2025-11-17T05:00:00Z,2025-11-17,2025-11-17_24,0.0,100,0,0,189.43114589813672,182.56282291677027,0.019078674948240164,6.3188571428571425,0.0,True,True,True,False,0.0,0.0,100.92040828367456,0.0,4198.404423354096,0.0,4299.324831637771
2025-11-17T05:00:00Z,2025-11-17T05:15:00Z,2025-11-17,2025-11-17_25,-57.999999999999524,100,42,0,182.56282291677027,189.99999999999997,0.035779115086266244,5.961714285714286,0.0,True,True,True,False,-1376.6299999999887,0.0,110.15399138592248,9.267803410230693,1042.9171849441884,0.0,-214.29102025964715
2025-11-17T05:15:00Z,2025-11-17T05:30:00Z,2025-11-17,2025-11-17_26,-57.74240301638819,100,42,0,189.99999999999997,189.9999999999999,0.03421290538393641,13.407428571428573,0.0,True,True,True,False,-1510.541262908715,0.0,110.15399138592248,9.267803410230693,2830.3499122577823,0.0,1439.2304441452204
2025-11-17T05:30:00Z,2025-11-17T05:45:00Z,2025-11-17,2025-11-17_27,-0.6248727308437299,100,42,0,189.9999999999999,168.59609912049686,0.05961998873780039,19.84285714285714,0.0,True,True,True,False,-18.052573194075357,0.0,110.15399138592248,9.267803410230693,8677.849978506949,0.0,8779.219200109026
2025-11-17T05:45:00Z,2025-11-17T06:00:00Z,2025-11-17,2025-11-17_28,0.0,100,42,0,168.59609912049686,150.7582109217391,0.04954968944099379,16.410857142857143,0.0,True,True,True,False,0.0,0.0,110.15399138592248,9.267803410230693,3742.987083603753,0.0,3862.4088783999064
2025-11-17T06:00:00Z,2025-11-17T06:15:00Z,2025-11-17,2025-11-17_29,0.0,100,100,0,150.7582109217391,138.08367676024844,0.035207039337474114,11.660571428571428,0.0,True,True,True,False,0.0,0.0,110.15399138592248,21.77119594076347,4973.732385054323,0.0,5105.657572381008
2025-11-17T06:15:00Z,2025-11-17T06:30:00Z,2025-11-17,2025-11-17_30,0.0,100,100,0,138.08367676024844,134.38740346832296,0.01026742581090407,3.4005714285714284,0.0,True,True,True,False,0.0,0.0,110.15399138592248,21.77119594076347,918.7080397495006,0.0,1050.6332270761866
2025-11-17T06:30:00Z,2025-11-17T06:45:00Z,2025-11-17,2025-11-17_31,0.0,100,100,0,134.38740346832296,134.2268866981366,0.0007963561076604554,0.2057142857142857,0.06857142857142857,True,True,True,False,0.0,0.0,110.15399138592248,21.77119594076347,31.982792073700097,-4.4683023861500475,159.439677014236
2025-11-17T06:45:00Z,2025-11-17T07:00:00Z,2025-11-17,2025-11-17_32,0.0,100,100,0,134.2268866981366,134.5738173813664,0.001098271911663216,0.022285714285714287,0.4034285714285714,True,True,True,False,0.0,0.0,110.15399138592248,21.77119594076347,3.462488305251891,-26.34230602170658,109.04536961023126
2025-11-17T07:00:00Z,2025-11-17T07:15:00Z,2025-11-17,2025-11-17_33,0.0,100,100,0,134.5738173813664,127.01157936894404,0.021333327812284333,7.011428571428572,0.064,True,True,True,False,0.0,0.0,101.3629122662104,22.095698861289755,1199.1118970356447,-4.0030491474423275,1318.5674590157025
2025-11-17T07:15:00Z,2025-11-17T07:30:00Z,2025-11-17,2025-11-17_34,0.0,100,100,0,127.01157936894404,114.44511974161485,0.03490683229813664,11.561142857142856,0.0,True,True,True,False,0.0,0.0,101.3629122662104,22.095698861289755,4559.781408089816,0.0,4683.240019217316
2025-11-17T07:30:00Z,2025-11-17T07:45:00Z,2025-11-17,2025-11-17_35,0.0,100,100,0,114.44511974161485,88.09667253664591,0.07319013112491372,24.240571428571428,0.0,True,True,True,False,0.0,0.0,101.3629122662104,22.095698861289755,27294.82049948164,0.0,27418.27911060914
2025-11-17T07:45:00Z,2025-11-17T08:00:00Z,2025-11-17,2025-11-17_36,0.0,100,100,0,88.09667253664591,68.18425017639747,0.05531228433402346,18.31942857142857,0.0,True,True,True,False,0.0,0.0,101.3629122662104,22.095698861289755,15397.997264173471,0.0,15521.455875300971
2025-11-17T08:00:00Z,2025-11-17T08:15:00Z,2025-11-17,2025-11-17_37,0.0,13,13,87,68.18425017639747,66.6497100223602,0.004266788046928916,1.4124685714285714,0.000817142857142857,True,True,True,False,0.0,891.8667768009911,13.027612248510236,2.8724408519676676,453.51055429144577,-0.04865010830811762,1361.2287340846067
2025-11-17T08:15:00Z,2025-11-17T08:30:00Z,2025-11-17,2025-11-17_38,0.0,13,13,87,66.6497100223602,65.62612716521734,0.002862269841269841,0.9448399999999999,0.0037142857142857147,True,True,True,False,0.0,891.8667768009911,13.027612248510236,2.8724408519676676,211.18838019942177,-0.23258571231902994,1118.7226243885718
2025-11-17T08:30:00Z,2025-11-17T08:45:00Z,2025-11-17,2025-11-17_39,0.0,13,13,87,65.62612716521734,64.60873586086952,0.0028260869565217388,0.9359999999999999,0.0,True,True,True,False,0.0,891.8667768009911,13.027612248510236,2.8724408519676676,159.71495191456722,0.0,1067.4817818160363
2025-11-17T08:45:00Z,2025-11-17T09:00:00Z,2025-11-17,2025-11-17_40,0.0,13,13,87,64.60873586086952,64.34782608695647,0.0016177627053140097,0.38792000000000004,0.17472,True,True,True,False,0.0,891.8667768009911,13.027612248510236,2.8724408519676676,67.73620140421265,-10.838914484630363,964.6641168210514
2025-11-17T09:00:00Z,2025-11-17T09:15:00Z,2025-11-17,2025-11-17_41,0.0,0,0,100,64.34782608695647,64.34782608695647,0.0,0.0,0.0,True,True,True,False,0.0,1025.134226208036,0.0,0.0,0.0,0.0,1025.134226208036
2025-11-17T09:15:00Z,2025-11-17T09:30:00Z,2025-11-17,2025-11-17_42,0.0,0,0,100,64.34782608695647,64.34782608695647,0.0,0.0,0.0,True,True,True,False,0.0,1025.134226208036,0.0,0.0,0.0,0.0,1025.134226208036
2025-11-17T09:30:00Z,2025-11-17T09:45:00Z,2025-11-17,2025-11-17_43,0.0,0,0,100,64.34782608695647,64.34782608695647,0.0,0.0,0.0,True,True,True,False,0.0,1025.134226208036,0.0,0.0,0.0,0.0,1025.134226208036
2025-11-17T09:45:00Z,2025-11-17T10:00:00Z,2025-11-17,2025-11-17_44,0.0,0,0,100,64.34782608695647,64.34782608695647,0.0,0.0,0.0,True,True,True,False,0.0,1025.134226208036,0.0,0.0,0.0,0.0,1025.134226208036
2025-11-17T10:00:00Z,2025-11-17T10:15:00Z,2025-11-17,2025-11-17_45,0.0,0,0,100,64.34782608695647,64.34782608695647,0.0,0.0,0.0,True,True,True,False,0.0,1025.134226208036,0.0,0.0,0.0,0.0,1025.134226208036
2025-11-17T10:15:00Z,2025-11-17T10:30:00Z,2025-11-17,2025-11-17_46,0.0,0,0,100,64.34782608695647,64.34782608695647,0.0,0.0,0.0,True,True,True,False,0.0,1025.134226208036,0.0,0.0,0.0,0.0,1025.134226208036
2025-11-17T10:30:00Z,2025-11-17T10:45:00Z,2025-11-17,2025-11-17_47,0.0,0,0,100,64.34782608695647,64.34782608695647,0.0,0.0,0.0,True,True,True,False,0.0,1025.134226208036,0.0,0.0,0.0,0.0,1025.134226208036
2025-11-17T10:45:00Z,2025-11-17T11:00:00Z,2025-11-17,2025-11-17_48,0.0,0,0,100,64.34782608695647,64.34782608695647,0.0,0.0,0.0,True,True,True,False,0.0,1025.134226208036,0.0,0.0,0.0,0.0,1025.134226208036
2025-11-17T11:00:00Z,2025-11-17T11:15:00Z,2025-11-17,2025-11-17_49,0.0,0,0,100,64.34782608695647,64.34782608695647,0.0,0.0,0.0,True,False,True,False,0.0,1025.134226208036,0.0,0.0,0.0,0.0,1025.134226208036
2025-11-17T11:15:00Z,2025-11-17T11:30:00Z,2025-11-17,2025-11-17_50,0.0,0,0,100,64.34782608695647,64.34782608695647,0.0,0.0,0.0,True,False,True,False,0.0,1025.134226208036,0.0,0.0,0.0,0.0,1025.134226208036
2025-11-17T11:30:00Z,2025-11-17T11:45:00Z,2025-11-17,2025-11-17_51,0.0,0,0,100,64.34782608695647,64.34782608695647,0.0,0.0,0.0,True,False,True,False,0.0,1025.134226208036,0.0,0.0,0.0,0.0,1025.134226208036
2025-11-17T11:45:00Z,2025-11-17T12:00:00Z,2025-11-17,2025-11-17_52,0.0,0,0,100,64.34782608695647,64.34782608695647,0.0,0.0,0.0,True,False,True,False,0.0,1025.134226208036,0.0,0.0,0.0,0.0,1025.134226208036
2025-11-17T12:00:00Z,2025-11-17T12:15:00Z,2025-11-17,2025-11-17_53,0.0,0,0,100,64.34782608695647,64.34782608695647,0.0,0.0,0.0,True,True,True,False,0.0,1025.134226208036,0.0,0.0,0.0,0.0,1025.134226208036
2025-11-17T12:15:00Z,2025-11-17T12:30:00Z,2025-11-17,2025-11-17_54,0.0,0,0,100,64.34782608695647,64.34782608695647,0.0,0.0,0.0,True,True,True,False,0.0,1025.134226208036,0.0,0.0,0.0,0.0,1025.134226208036
2025-11-17T12:30:00Z,2025-11-17T12:45:00Z,2025-11-17,2025-11-17_55,0.0,0,0,100,64.34782608695647,64.34782608695647,0.0,0.0,0.0,True,True,True,False,0.0,1025.134226208036,0.0,0.0,0.0,0.0,1025.134226208036
2025-11-17T12:45:00Z,2025-11-17T13:00:00Z,2025-11-17,2025-11-17_56,0.0,0,0,100,64.34782608695647,64.34782608695647,0.0,0.0,0.0,True,True,True,False,0.0,1025.134226208036,0.0,0.0,0.0,0.0,1025.134226208036
2025-11-17T13:00:00Z,2025-11-17T13:15:00Z,2025-11-17,2025-11-17_57,0.0,0,0,100,64.34782608695647,64.34782608695647,0.0,0.0,0.0,True,True,True,False,0.0,1025.134226208036,0.0,0.0,0.0,0.0,1025.134226208036
2025-11-17T13:15:00Z,2025-11-17T13:30:00Z,2025-11-17,2025-11-17_58,0.0,0,0,100,64.34782608695647,64.34782608695647,0.0,0.0,0.0,True,True,True,False,0.0,1025.134226208036,0.0,0.0,0.0,0.0,1025.134226208036
2025-11-17T13:30:00Z,2025-11-17T13:45:00Z,2025-11-17,2025-11-17_59,0.0,0,0,100,64.34782608695647,64.34782608695647,0.0,0.0,0.0,True,True,True,False,0.0,1025.134226208036,0.0,0.0,0.0,0.0,1025.134226208036
2025-11-17T13:45:00Z,2025-11-17T14:00:00Z,2025-11-17,2025-11-17_60,0.0,0,0,100,64.34782608695647,64.34782608695647,0.0,0.0,0.0,True,True,True,False,0.0,1025.134226208036,0.0,0.0,0.0,0.0,1025.134226208036
2025-11-17T14:00:00Z,2025-11-17T14:15:00Z,2025-11-17,2025-11-17_61,0.0,0,0,100,64.34782608695647,64.34782608695647,0.0,0.0,0.0,True,True,True,False,0.0,1025.134226208036,0.0,0.0,0.0,0.0,1025.134226208036
2025-11-17T14:15:00Z,2025-11-17T14:30:00Z,2025-11-17,2025-11-17_62,0.0,0,0,100,64.34782608695647,64.34782608695647,0.0,0.0,0.0,True,True,True,False,0.0,1025.134226208036,0.0,0.0,0.0,0.0,1025.134226208036
2025-11-17T14:30:00Z,2025-11-17T14:45:00Z,2025-11-17,2025-11-17_63,0.0,0,0,100,64.34782608695647,64.34782608695647,0.0,0.0,0.0,True,True,True,False,0.0,1025.134226208036,0.0,0.0,0.0,0.0,1025.134226208036
2025-11-17T14:45:00Z,2025-11-17T15:00:00Z,2025-11-17,2025-11-17_64,0.0,0,0,100,64.34782608695647,64.34782608695647,0.0,0.0,0.0,True,True,True,False,0.0,1025.134226208036,0.0,0.0,0.0,0.0,1025.134226208036
2025-11-17T15:00:00Z,2025-11-17T15:15:00Z,2025-11-17,2025-11-17_65,0.0,0,0,100,64.34782608695647,64.34782608695647,0.0,0.0,0.0,True,True,True,False,0.0,1025.134226208036,0.0,0.0,0.0,0.0,1025.134226208036
2025-11-17T15:15:00Z,2025-11-17T15:30:00Z,2025-11-17,2025-11-17_66,0.0,0,0,100,64.34782608695647,64.34782608695647,0.0,0.0,0.0,True,True,True,False,0.0,1025.134226208036,0.0,0.0,0.0,0.0,1025.134226208036
2025-11-17T15:30:00Z,2025-11-17T15:45:00Z,2025-11-17,2025-11-17_67,0.0,0,0,100,64.34782608695647,64.34782608695647,0.0,0.0,0.0,True,True,True,False,0.0,1025.134226208036,0.0,0.0,0.0,0.0,1025.134226208036
2025-11-17T15:45:00Z,2025-11-17T16:00:00Z,2025-11-17,2025-11-17_68,0.0,0,0,100,64.34782608695647,64.34782608695647,0.0,0.0,0.0,True,True,True,False,0.0,1025.134226208036,0.0,0.0,0.0,0.0,1025.134226208036
2025-11-17T16:00:00Z,2025-11-17T16:15:00Z,2025-11-17,2025-11-17_69,0.0,0,0,100,64.34782608695647,64.34782608695647,0.0,0.0,0.0,True,True,True,False,0.0,1025.134226208036,0.0,0.0,0.0,0.0,1025.134226208036
2025-11-17T16:15:00Z,2025-11-17T16:30:00Z,2025-11-17,2025-11-17_70,0.0,0,0,100,64.34782608695647,64.34782608695647,0.0,0.0,0.0,True,True,True,False,0.0,1025.134226208036,0.0,0.0,0.0,0.0,1025.134226208036
2025-11-17T16:30:00Z,2025-11-17T16:45:00Z,2025-11-17,2025-11-17_71,0.0,0,0,100,64.34782608695647,64.34782608695647,0.0,0.0,0.0,True,True,True,False,0.0,1025.134226208036,0.0,0.0,0.0,0.0,1025.134226208036
2025-11-17T16:45:00Z,2025-11-17T17:00:00Z,2025-11-17,2025-11-17_72,0.0,0,0,100,64.34782608695647,64.34782608695647,0.0,0.0,0.0,True,True,True,False,0.0,1025.134226208036,0.0,0.0,0.0,0.0,1025.134226208036
2025-11-17T17:00:00Z,2025-11-17T17:15:00Z,2025-11-17,2025-11-17_73,0.0,0,0,100,64.34782608695647,64.34782608695647,0.0,0.0,0.0,True,True,True,False,0.0,1025.134226208036,0.0,0.0,0.0,0.0,1025.134226208036
2025-11-17T17:15:00Z,2025-11-17T17:30:00Z,2025-11-17,2025-11-17_74,0.0,0,0,100,64.34782608695647,64.34782608695647,0.0,0.0,0.0,True,True,True,False,0.0,1025.134226208036,0.0,0.0,0.0,0.0,1025.134226208036
2025-11-17T17:30:00Z,2025-11-17T17:45:00Z,2025-11-17,2025-11-17_75,0.0,0,0,100,64.34782608695647,64.34782608695647,0.0,0.0,0.0,True,True,True,False,0.0,1025.134226208036,0.0,0.0,0.0,0.0,1025.134226208036
2025-11-17T17:45:00Z,2025-11-17T18:00:00Z,2025-11-17,2025-11-17_76,0.0,0,0,100,64.34782608695647,64.34782608695647,0.0,0.0,0.0,True,True,True,False,0.0,1025.134226208036,0.0,0.0,0.0,0.0,1025.134226208036
2025-11-17T18:00:00Z,2025-11-17T18:15:00Z,2025-11-17,2025-11-17_77,0.0,0,0,100,64.34782608695647,64.34782608695647,0.0,0.0,0.0,True,True,True,False,0.0,1025.134226208036,0.0,0.0,0.0,0.0,1025.134226208036
2025-11-17T18:15:00Z,2025-11-17T18:30:00Z,2025-11-17,2025-11-17_78,0.0,0,0,100,64.34782608695647,64.34782608695647,0.0,0.0,0.0,True,True,True,False,0.0,1025.134226208036,0.0,0.0,0.0,0.0,1025.134226208036
2025-11-17T18:30:00Z,2025-11-17T18:45:00Z,2025-11-17,2025-11-17_79,0.0,0,0,100,64.34782608695647,64.34782608695647,0.0,0.0,0.0,True,True,True,False,0.0,1025.134226208036,0.0,0.0,0.0,0.0,1025.134226208036
2025-11-17T18:45:00Z,2025-11-17T19:00:00Z,2025-11-17,2025-11-17_80,0.0,0,0,100,64.34782608695647,64.34782608695647,0.0,0.0,0.0,True,True,True,False,0.0,1025.134226208036,0.0,0.0,0.0,0.0,1025.134226208036
2025-11-17T19:00:00Z,2025-11-17T19:15:00Z,2025-11-17,2025-11-17_81,0.0,0,0,100,64.34782608695647,64.34782608695647,0.0,0.0,0.0,True,True,True,False,0.0,1025.134226208036,0.0,0.0,0.0,0.0,1025.134226208036
2025-11-17T19:15:00Z,2025-11-17T19:30:00Z,2025-11-17,2025-11-17_82,0.0,0,0,100,64.34782608695647,64.34782608695647,0.0,0.0,0.0,True,True,True,False,0.0,1025.134226208036,0.0,0.0,0.0,0.0,1025.134226208036
2025-11-17T19:30:00Z,2025-11-17T19:45:00Z,2025-11-17,2025-11-17_83,0.0,0,0,100,64.34782608695647,64.34782608695647,0.0,0.0,0.0,True,True,True,False,0.0,1025.134226208036,0.0,0.0,0.0,0.0,1025.134226208036
2025-11-17T19:45:00Z,2025-11-17T20:00:00Z,2025-11-17,2025-11-17_84,0.0,0,0,100,64.34782608695647,64.34782608695647,0.0,0.0,0.0,True,True,True,False,0.0,1025.134226208036,0.0,0.0,0.0,0.0,1025.134226208036
2025-11-17T20:00:00Z,2025-11-17T20:15:00Z,2025-11-17,2025-11-17_85,0.0,0,0,100,64.34782608695647,64.34782608695647,0.0,0.0,0.0,True,True,True,False,0.0,1025.134226208036,0.0,0.0,0.0,0.0,1025.134226208036
2025-11-17T20:15:00Z,2025-11-17T20:30:00Z,2025-11-17,2025-11-17_86,0.0,0,0,100,64.34782608695647,64.34782608695647,0.0,0.0,0.0,True,True,True,False,0.0,1025.134226208036,0.0,0.0,0.0,0.0,1025.134226208036
2025-11-17T20:30:00Z,2025-11-17T20:45:00Z,2025-11-17,2025-11-17_87,0.0,0,0,100,64.34782608695647,64.34782608695647,0.0,0.0,0.0,True,True,True,False,0.0,1025.134226208036,0.0,0.0,0.0,0.0,1025.134226208036
2025-11-17T20:45:00Z,2025-11-17T21:00:00Z,2025-11-17,2025-11-17_88,0.0,0,0,100,64.34782608695647,64.34782608695647,0.0,0.0,0.0,True,True,True,False,0.0,1025.134226208036,0.0,0.0,0.0,0.0,1025.134226208036
2025-11-17T21:00:00Z,2025-11-17T21:15:00Z,2025-11-17,2025-11-17_89,0.0,0,0,100,64.34782608695647,64.34782608695647,0.0,0.0,0.0,True,True,True,False,0.0,1025.134226208036,0.0,0.0,0.0,0.0,1025.134226208036
2025-11-17T21:15:00Z,2025-11-17T21:30:00Z,2025-11-17,2025-11-17_90,0.0,0,0,100,64.34782608695647,64.34782608695647,0.0,0.0,0.0,True,True,True,False,0.0,1025.134226208036,0.0,0.0,0.0,0.0,1025.134226208036
2025-11-17T21:30:00Z,2025-11-17T21:45:00Z,2025-11-17,2025-11-17_91,0.0,0,0,100,64.34782608695647,64.34782608695647,0.0,0.0,0.0,True,True,True,False,0.0,1025.134226208036,0.0,0.0,0.0,0.0,1025.134226208036
2025-11-17T21:45:00Z,2025-11-17T22:00:00Z,2025-11-17,2025-11-17_92,0.0,0,0,100,64.34782608695647,64.34782608695647,0.0,0.0,0.0,True,True,True,False,0.0,1025.134226208036,0.0,0.0,0.0,0.0,1025.134226208036
2025-11-17T22:00:00Z,2025-11-17T22:15:00Z,2025-11-18,2025-11-17_93,0.0,0,0,100,64.34782608695647,64.34782608695647,0.0,0.0,0.0,True,True,True,False,0.0,1025.1947132405005,0.0,0.0,0.0,0.0,1025.1947132405005
2025-11-17T22:15:00Z,2025-11-17T22:30:00Z,2025-11-18,2025-11-17_94,0.0,0,0,100,64.34782608695647,64.34782608695647,0.0,0.0,0.0,True,True,True,False,0.0,1025.1947132405005,0.0,0.0,0.0,0.0,1025.1947132405005
2025-11-17T22:30:00Z,2025-11-17T22:45:00Z,2025-11-18,2025-11-17_95,0.0,0,0,100,64.34782608695647,64.34782608695647,0.0,0.0,0.0,True,True,True,False,0.0,1025.1947132405005,0.0,0.0,0.0,0.0,1025.1947132405005
2025-11-17T22:45:00Z,2025-11-17T23:00:00Z,2025-11-18,2025-11-17_96,0.0,0,0,100,64.34782608695647,64.34782608695647,0.0,0.0,0.0,True,True,True,False,0.0,1025.1947132405005,0.0,0.0,0.0,0.0,1025.1947132405005
2025-11-17T23:00:00Z,2025-11-17T23:15:00Z,2025-11-18,2025-11-18_1,0.0,0,0,100,64.34782608695647,64.34782608695647,0.0,0.0,0.0,True,True,True,False,0.0,1025.1947132405005,0.0,0.0,0.0,0.0,1025.1947132405005
2025-11-17T23:15:00Z,2025-11-17T23:30:00Z,2025-11-18,2025-11-18_2,0.0,0,0,100,64.34782608695647,64.34782608695647,0.0,0.0,0.0,True,True,True,False,0.0,1025.1947132405005,0.0,0.0,0.0,0.0,1025.1947132405005
2025-11-17T23:30:00Z,2025-11-17T23:45:00Z,2025-11-18,2025-11-18_3,0.0,0,0,100,64.34782608695647,64.34782608695647,0.0,0.0,0.0,True,True,True,False,0.0,1025.1947132405005,0.0,0.0,0.0,0.0,1025.1947132405005
2025-11-17T23:45:00Z,2025-11-18T00:00:00Z,2025-11-18,2025-11-18_4,0.0,0,0,100,64.34782608695647,64.34782608695647,0.0,0.0,0.0,True,True,True,False,0.0,1025.1947132405005,0.0,0.0,0.0,0.0,1025.1947132405005
2025-11-18T00:00:00Z,2025-11-18T00:15:00Z,2025-11-18,2025-11-18_5,0.0,0,0,100,64.34782608695647,64.34782608695647,0.0,0.0,0.0,True,True,True,False,0.0,1025.1947132405005,0.0,0.0,0.0,0.0,1025.1947132405005
2025-11-18T00:15:00Z,2025-11-18T00:30:00Z,2025-11-18,2025-11-18_6,0.0,0,0,100,64.34782608695647,64.34782608695647,0.0,0.0,0.0,True,True,True,False,0.0,1025.1947132405005,0.0,0.0,0.0,0.0,1025.1947132405005
2025-11-18T00:30:00Z,2025-11-18T00:45:00Z,2025-11-18,2025-11-18_7,0.0,0,0,100,64.34782608695647,64.34782608695647,0.0,0.0,0.0,True,True,True,False,0.0,1025.1947132405005,0.0,0.0,0.0,0.0,1025.1947132405005
2025-11-18T00:45:00Z,2025-11-18T01:00:00Z,2025-11-18,2025-11-18_8,0.0,0,0,100,64.34782608695647,64.34782608695647,0.0,0.0,0.0,True,True,True,False,0.0,1025.1947132405005,0.0,0.0,0.0,0.0,1025.1947132405005
2025-11-18T01:00:00Z,2025-11-18T01:15:00Z,2025-11-18,2025-11-18_9,0.0,0,0,100,64.34782608695647,64.34782608695647,0.0,0.0,0.0,True,True,True,False,0.0,1025.1947132405005,0.0,0.0,0.0,0.0,1025.1947132405005
2025-11-18T01:15:00Z,2025-11-18T01:30:00Z,2025-11-18,2025-11-18_10,0.0,0,0,100,64.34782608695647,64.34782608695647,0.0,0.0,0.0,True,True,True,False,0.0,1025.1947132405005,0.0,0.0,0.0,0.0,1025.1947132405005
2025-11-18T01:30:00Z,2025-11-18T01:45:00Z,2025-11-18,2025-11-18_11,0.0,0,0,100,64.34782608695647,64.34782608695647,0.0,0.0,0.0,True,True,True,False,0.0,1025.1947132405005,0.0,0.0,0.0,0.0,1025.1947132405005
2025-11-18T01:45:00Z,2025-11-18T02:00:00Z,2025-11-18,2025-11-18_12,0.0,0,0,100,64.34782608695647,64.34782608695647,0.0,0.0,0.0,True,True,True,False,0.0,1025.1947132405005,0.0,0.0,0.0,0.0,1025.1947132405005
2025-11-18T02:00:00Z,2025-11-18T02:15:00Z,2025-11-18,2025-11-18_13,0.0,0,0,100,64.34782608695647,64.34782608695647,0.0,0.0,0.0,True,True,True,False,0.0,1025.1947132405005,0.0,0.0,0.0,0.0,1025.1947132405005
2025-11-18T02:15:00Z,2025-11-18T02:30:00Z,2025-11-18,2025-11-18_14,0.0,0,0,100,64.34782608695647,64.34782608695647,0.0,0.0,0.0,True,True,True,False,0.0,1025.1947132405005,0.0,0.0,0.0,0.0,1025.1947132405005
2025-11-18T02:30:00Z,2025-11-18T02:45:00Z,2025-11-18,2025-11-18_15,0.0,0,0,100,64.34782608695647,64.34782608695647,0.0,0.0,0.0,True,True,True,False,0.0,1025.1947132405005,0.0,0.0,0.0,0.0,1025.1947132405005
2025-11-18T02:45:00Z,2025-11-18T03:00:00Z,2025-11-18,2025-11-18_16,0.0,0,0,100,64.34782608695647,64.34782608695647,0.0,0.0,0.0,True,True,True,False,0.0,1025.1947132405005,0.0,0.0,0.0,0.0,1025.1947132405005
2025-11-18T03:00:00Z,2025-11-18T03:15:00Z,2025-11-18,2025-11-18_17,0.0,100,100,0,64.34782608695647,68.5955975155279,0.011799365079365081,0.0,4.617142857142857,True,True,True,False,0.0,0.0,95.2914798206278,18.969789945716307,0.0,-179.34699529091793,-65.08572552457383
2025-11-18T03:15:00Z,2025-11-18T03:30:00Z,2025-11-18,2025-11-18_18,0.0,100,100,0,68.5955975155279,74.71438608695647,0.016996634920634923,0.0,6.650857142857143,True,True,True,False,0.0,0.0,95.2914798206278,18.969789945716307,0.0,1.4467484855636852,115.70801825190779
2025-11-18T03:30:00Z,2025-11-18T03:45:00Z,2025-11-18,2025-11-18_19,0.0,100,100,0,74.71438608695647,95.9968775155279,0.05911803174603174,0.0,23.133142857142854,True,True,True,False,0.0,0.0,95.2914798206278,18.969789945716307,0.0,11242.928550187127,11357.189819953472
2025-11-18T03:45:00Z,2025-11-18T04:00:00Z,2025-11-18,2025-11-18_20,0.0,100,100,0,95.9968775155279,100.17683180124219,0.01161098412698413,0.0,4.543428571428572,True,True,True,False,0.0,0.0,95.2914798206278,18.969789945716307,0.0,-3.1445844431707073,111.1166853231734
2025-11-18T04:00:00Z,2025-11-18T04:15:00Z,2025-11-18,2025-11-18_21,0.0,100,100,0,100.17683180124219,113.22085465838505,0.036233396825396835,0.0,14.178285714285716,True,True,True,False,0.0,0.0,104.58461175359926,18.969789945716307,0.0,919.0816327815054,1042.6360344808209
2025-11-18T04:15:00Z,2025-11-18T04:30:00Z,2025-11-18,2025-11-18_22,0.0,100,100,0,113.22085465838505,114.66078608695648,0.0039998095238095235,0.0,1.565142857142857,True,True,True,False,0.0,0.0,104.58461175359926,18.969789945716307,0.0,-63.64218584578037,59.9122158535352
2025-11-18T04:30:00Z,2025-11-18T04:45:00Z,2025-11-18,2025-11-18_23,0.0,100,100,0,114.66078608695648,117.84976894409934,0.008858285714285714,0.0,3.466285714285714,True,True,True,False,0.0,0.0,104.58461175359926,18.969789945716307,0.0,-107.75932634276273,15.795075356552836
2025-11-18T04:45:00Z,2025-11-18T05:00:00Z,2025-11-18,2025-11-18_24,0.0,100,100,0,117.84976894409934,130.81178037267077,0.0360055873015873,0.0,14.089142857142855,True,True,True,False,0.0,0.0,104.58461175359926,18.969789945716307,0.0,645.3949150904166,768.9493167897322
2025-11-18T05:00:00Z,2025-11-18T05:15:00Z,2025-11-18,2025-11-18_25,0.0,36,100,0,130.81178037267077,153.5846718012422,0.06325803174603176,0.0,24.75314285714286,True,True,True,False,0.0,0.0,39.944536228463534,18.438753835260798,0.0,18921.188673027864,18979.57196309159
2025-11-18T05:15:00Z,2025-11-18T05:30:00Z,2025-11-18,2025-11-18_26,0.0,36,100,0,153.5846718012422,160.01205465838504,0.017853841269841273,0.0,6.986285714285715,True,True,True,False,0.0,0.0,39.944536228463534,18.438753835260798,0.0,247.953783337267,306.33707340099136
2025-11-18T05:30:00Z,2025-11-18T05:45:00Z,2025-11-18,2025-11-18_27,64.00000000000003,36,100,0,160.01205465838504,145.75140317018628,0.04523911508626641,0.008434285714285715,3.057714285714286,True,True,True,False,1665.4400000000007,0.0,39.944536228463534,18.438753835260798,1.2800708992211471,-129.5691694482844,1595.5341915146619
2025-11-18T05:45:00Z,2025-11-18T06:00:00Z,2025-11-18,2025-11-18_28,64.00000000000003,36,100,0,145.75140317018628,128.68921743105585,0.0481730175293306,0.09668571428571428,0.4228571428571429,True,True,True,False,1940.3200000000008,0.0,39.944536228463534,18.438753835260798,14.93131002393877,-18.229663845712942,1995.404936241951
2025-11-18T06:00:00Z,2025-11-18T06:15:00Z,2025-11-18,2025-11-18_29,0.0,0,0,100,128.68921743105585,128.68921743105585,0.0,0.0,0.0,True,True,True,False,0.0,1025.1947132405005,0.0,0.0,0.0,0.0,1025.1947132405005
2025-11-18T06:15:00Z,2025-11-18T06:30:00Z,2025-11-18,2025-11-18_30,0.0,0,0,100,128.68921743105585,128.68921743105585,0.0,0.0,0.0,True,True,True,False,0.0,1025.1947132405005,0.0,0.0,0.0,0.0,1025.1947132405005
2025-11-18T06:30:00Z,2025-11-18T06:45:00Z,2025-11-18,2025-11-18_31,0.0,0,0,100,128.68921743105585,128.68921743105585,0.0,0.0,0.0,True,True,True,False,0.0,1025.1947132405005,0.0,0.0,0.0,0.0,1025.1947132405005
2025-11-18T06:45:00Z,2025-11-18T07:00:00Z,2025-11-18,2025-11-18_32,0.0,0,0,100,128.68921743105585,128.68921743105585,0.0,0.0,0.0,True,True,True,False,0.0,1025.1947132405005,0.0,0.0,0.0,0.0,1025.1947132405005
2025-11-18T07:00:00Z,2025-11-18T07:15:00Z,2025-11-18,2025-11-18_33,0.0,0,0,100,128.68921743105585,128.68921743105585,0.0,0.0,0.0,True,False,True,False,0.0,1025.1947132405005,0.0,0.0,0.0,0.0,1025.1947132405005
2025-11-18T07:15:00Z,2025-11-18T07:30:00Z,2025-11-18,2025-11-18_34,0.0,0,0,100,128.68921743105585,128.68921743105585,0.0,0.0,0.0,True,False,True,False,0.0,1025.1947132405005,0.0,0.0,0.0,0.0,1025.1947132405005
2025-11-18T07:30:00Z,2025-11-18T07:45:00Z,2025-11-18,2025-11-18_35,0.0,0,0,100,128.68921743105585,128.68921743105585,0.0,0.0,0.0,True,False,True,False,0.0,1025.1947132405005,0.0,0.0,0.0,0.0,1025.1947132405005
2025-11-18T07:45:00Z,2025-11-18T08:00:00Z,2025-11-18,2025-11-18_36,0.0,0,0,100,128.68921743105585,128.68921743105585,0.0,0.0,0.0,True,False,True,False,0.0,1025.1947132405005,0.0,0.0,0.0,0.0,1025.1947132405005
2025-11-18T08:00:00Z,2025-11-18T08:15:00Z,2025-11-18,2025-11-18_37,0.0,0,0,100,128.68921743105585,128.68921743105585,0.0,0.0,0.0,True,False,True,False,0.0,1025.1947132405005,0.0,0.0,0.0,0.0,1025.1947132405005
2025-11-18T08:15:00Z,2025-11-18T08:30:00Z,2025-11-18,2025-11-18_38,0.0,0,0,100,128.68921743105585,128.68921743105585,0.0,0.0,0.0,True,False,True,False,0.0,1025.1947132405005,0.0,0.0,0.0,0.0,1025.1947132405005
2025-11-18T08:30:00Z,2025-11-18T08:45:00Z,2025-11-18,2025-11-18_39,0.0,0,0,100,128.68921743105585,128.68921743105585,0.0,0.0,0.0,True,False,True,False,0.0,1025.1947132405005,0.0,0.0,0.0,0.0,1025.1947132405005
2025-11-18T08:45:00Z,2025-11-18T09:00:00Z,2025-11-18,2025-11-18_40,0.0,0,0,100,128.68921743105585,128.68921743105585,0.0,0.0,0.0,True,False,True,False,0.0,1025.1947132405005,0.0,0.0,0.0,0.0,1025.1947132405005
2025-11-18T09:00:00Z,2025-11-18T09:15:00Z,2025-11-18,2025-11-18_41,0.0,100,100,0,128.68921743105585,134.26164674782603,0.015503124913733611,0.004,6.061714285714286,True,True,True,False,0.0,0.0,95.2914798206278,19.353316025489733,0.594535441743372,-27.281529383998116,87.95780190386279
2025-11-18T09:15:00Z,2025-11-18T09:30:00Z,2025-11-18,2025-11-18_42,0.0,100,100,0,134.26164674782603,135.67807805217387,0.006933151138716356,0.4965714285714286,2.1262857142857143,True,True,True,False,0.0,0.0,95.2914798206278,19.353316025489733,78.04777729076054,-86.31062263281524,106.38195050406283
2025-11-18T09:30:00Z,2025-11-18T09:45:00Z,2025-11-18,2025-11-18_43,0.0,100,100,0,135.67807805217387,123.12714637515523,0.034863699102829535,11.546857142857144,0.0,True,True,True,False,0.0,0.0,95.2914798206278,19.353316025489733,2952.5289187093294,0.0,3067.173714555447
2025-11-18T09:45:00Z,2025-11-18T10:00:00Z,2025-11-18,2025-11-18_44,0.0,100,100,0,123.12714637515523,105.66068674782605,0.04851794340924776,16.069142857142857,0.0,True,True,True,False,0.0,0.0,95.2914798206278,19.353316025489733,11727.24111500725,0.0,11841.885910853367
2025-11-18T10:00:00Z,2025-11-18T10:15:00Z,2025-11-18,2025-11-18_45,0.0,100,0,0,105.66068674782605,103.82279854906828,0.005105244996549344,1.6908571428571428,0.0,True,True,True,False,0.0,0.0,95.2914798206278,0.0,486.251791249424,0.0,581.5432710700518
2025-11-18T10:15:00Z,2025-11-18T10:30:00Z,2025-11-18,2025-11-18_46,-100.0,100,0,0,103.82279854906828,110.41052426335399,0.01829923809523809,17.839428571428574,0.0,True,True,True,False,-2252.25,0.0,95.2914798206278,0.0,9668.630647470698,0.0,7511.6721272913255
2025-11-18T10:30:00Z,2025-11-18T10:45:00Z,2025-11-18,2025-11-18_47,-100.0,100,0,0,110.41052426335399,114.05530140621113,0.01012438095238095,21.038285714285713,0.0,True,True,True,False,-2279.5,0.0,95.2914798206278,0.0,18814.96130202187,0.0,16630.7527818425
2025-11-18T10:45:00Z,2025-11-18T11:00:00Z,2025-11-18,2025-11-18_48,-100.0,100,0,0,114.05530140621113,122.4041699776397,0.023191301587301587,15.925142857142857,0.0,True,True,True,False,-2333.0,0.0,95.2914798206278,0.0,6088.075245063332,0.0,3850.3667248839597
2025-11-18T11:00:00Z,2025-11-18T11:15:00Z,2025-11-18,2025-11-18_49,-100.0,100,0,0,122.4041699776397,125.38654712049684,0.008284380952380956,21.758285714285712,0.0,True,True,True,False,-2253.25,0.0,95.2914798206278,0.0,15102.134942513234,0.0,12944.176422333861
2025-11-18T11:15:00Z,2025-11-18T11:30:00Z,2025-11-18,2025-11-18_50,-99.21608365435225,100,0,0,125.38654712049684,144.16459627329192,0.05236891244256524,4.386857142857142,0.0,True,True,True,False,-2262.126707319231,0.0,95.2914798206278,0.0,847.8142408712364,0.0,-1319.020986627367
2025-11-18T11:30:00Z,2025-11-18T11:45:00Z,2025-11-18,2025-11-18_51,0.0,100,0,0,144.16459627329192,144.01739130434783,0.00040890269151138705,0.1354285714285714,0.0,True,True,True,False,0.0,0.0,95.2914798206278,0.0,20.937650291648403,0.0,116.22913011227621
2025-11-18T11:45:00Z,2025-11-18T12:00:00Z,2025-11-18,2025-11-18_52,0.0,100,0,0,144.01739130434783,144.0,4.830917874396135e-05,0.016,0.0,True,True,True,False,0.0,0.0,95.2914798206278,0.0,2.468054441035324,0.0,97.75953426166312
2025-11-18T12:00:00Z,2025-11-18T12:15:00Z,2025-11-18,2025-11-18_53,0.0,0,0,100,144.0,144.0,0.0,0.0,0.0,True,False,True,False,0.0,1025.1947132405005,0.0,0.0,0.0,0.0,1025.1947132405005
2025-11-18T12:15:00Z,2025-11-18T12:30:00Z,2025-11-18,2025-11-18_54,0.0,0,0,100,144.0,144.0,0.0,0.0,0.0,True,False,True,False,0.0,1025.1947132405005,0.0,0.0,0.0,0.0,1025.1947132405005
2025-11-18T12:30:00Z,2025-11-18T12:45:00Z,2025-11-18,2025-11-18_55,0.0,0,0,100,144.0,144.0,0.0,0.0,0.0,True,False,True,False,0.0,1025.1947132405005,0.0,0.0,0.0,0.0,1025.1947132405005
2025-11-18T12:45:00Z,2025-11-18T13:00:00Z,2025-11-18,2025-11-18_56,0.0,0,0,100,144.0,144.0,0.0,0.0,0.0,True,False,True,False,0.0,1025.1947132405005,0.0,0.0,0.0,0.0,1025.1947132405005
2025-11-18T13:00:00Z,2025-11-18T13:15:00Z,2025-11-18,2025-11-18_57,100.0,0,100,0,144.0,142.87826086956522,0.003115942028985506,0.0,23.968,True,True,True,False,2598.75,0.0,0.0,18.969789945716307,0.0,13427.463419085832,16045.18320903155
2025-11-18T13:15:00Z,2025-11-18T13:30:00Z,2025-11-18,2025-11-18_58,98.54100004408,0,100,0,142.87826086956522,116.58544099378881,0.07306893339868967,0.0,0.44685714285714284,True,True,True,False,2904.9886812994782,0.0,0.0,18.969789945716307,0.0,-26.669841194915538,2897.288630050279
2025-11-18T13:30:00Z,2025-11-18T13:45:00Z,2025-11-18,2025-11-18_59,100.0,0,100,0,116.58544099378881,95.44258385093165,0.05873015873015874,0.0,5.548571428571429,True,True,True,False,3171.25,0.0,0.0,18.969789945716307,0.0,56.48643020106321,3246.7062201467797
2025-11-18T13:45:00Z,2025-11-18T14:00:00Z,2025-11-18,2025-11-18_60,100.0,0,100,0,95.44258385093165,68.67922981366458,0.07434265010351966,0.0,0.3777142857142857,True,True,True,False,3312.25,0.0,0.0,18.969789945716307,0.0,-17.12194814390236,3314.097841801814
2025-11-18T14:00:00Z,2025-11-18T14:15:00Z,2025-11-18,2025-11-18_61,0.0,0,0,100,68.67922981366458,68.67922981366458,0.0,0.0,0.0,True,False,True,False,0.0,1025.1947132405005,0.0,0.0,0.0,0.0,1025.1947132405005
2025-11-18T14:15:00Z,2025-11-18T14:30:00Z,2025-11-18,2025-11-18_62,0.0,0,0,100,68.67922981366458,68.67922981366458,0.0,0.0,0.0,True,False,True,False,0.0,1025.1947132405005,0.0,0.0,0.0,0.0,1025.1947132405005
2025-11-18T14:30:00Z,2025-11-18T14:45:00Z,2025-11-18,2025-11-18_63,0.0,0,0,100,68.67922981366458,68.67922981366458,0.0,0.0,0.0,True,False,True,False,0.0,1025.1947132405005,0.0,0.0,0.0,0.0,1025.1947132405005
2025-11-18T14:45:00Z,2025-11-18T15:00:00Z,2025-11-18,2025-11-18_64,0.0,0,0,100,68.67922981366458,68.67922981366458,0.0,0.0,0.0,True,False,True,False,0.0,1025.1947132405005,0.0,0.0,0.0,0.0,1025.1947132405005
2025-11-18T15:00:00Z,2025-11-18T15:15:00Z,2025-11-18,2025-11-18_65,4.0,0,4,96,68.67922981366458,67.59227329192544,0.0030193236714975845,0.0,0.0,True,True,True,False,136.1,984.1869247108804,0.0,0.737550153410432,0.0,0.0,1121.0244748642908
2025-11-18T15:15:00Z,2025-11-18T15:30:00Z,2025-11-18,2025-11-18_66,4.0,0,4,96,67.59227329192544,66.50531677018631,0.0030193236714975845,0.0,0.0,True,True,True,False,149.29,984.1869247108804,0.0,0.737550153410432,0.0,0.0,1134.2144748642909
2025-11-18T15:30:00Z,2025-11-18T15:45:00Z,2025-11-18,2025-11-18_67,4.0,0,4,96,66.50531677018631,65.42924223602482,0.0029890959282263627,0.0,0.010011428571428572,True,True,True,False,161.16,984.1869247108804,0.0,0.737550153410432,0.0,-0.6336022927273341,1145.4508725715634
2025-11-18T15:45:00Z,2025-11-18T16:00:00Z,2025-11-18,2025-11-18_68,4.0,0,4,96,65.42924223602482,64.3478260869565,0.0030039337474120084,0.0,0.005097142857142857,True,True,True,False,179.16,984.1869247108804,0.0,0.737550153410432,0.0,-0.3163067669172933,1163.7681680973735
2025-11-18T16:00:00Z,2025-11-18T16:15:00Z,2025-11-18,2025-11-18_69,0.0,0,0,100,64.3478260869565,64.3478260869565,0.0,0.0,0.0,True,True,True,False,0.0,1025.1947132405005,0.0,0.0,0.0,0.0,1025.1947132405005
2025-11-18T16:15:00Z,2025-11-18T16:30:00Z,2025-11-18,2025-11-18_70,0.0,0,0,100,64.3478260869565,64.3478260869565,0.0,0.0,0.0,True,True,True,False,0.0,1025.1947132405005,0.0,0.0,0.0,0.0,1025.1947132405005
2025-11-18T16:30:00Z,2025-11-18T16:45:00Z,2025-11-18,2025-11-18_71,0.0,0,0,100,64.3478260869565,64.3478260869565,0.0,0.0,0.0,True,True,True,False,0.0,1025.1947132405005,0.0,0.0,0.0,0.0,1025.1947132405005
2025-11-18T16:45:00Z,2025-11-18T17:00:00Z,2025-11-18,2025-11-18_72,0.0,0,0,100,64.3478260869565,64.3478260869565,0.0,0.0,0.0,True,True,True,False,0.0,1025.1947132405005,0.0,0.0,0.0,0.0,1025.1947132405005
2025-11-18T17:00:00Z,2025-11-18T17:15:00Z,2025-11-18,2025-11-18_73,0.0,0,0,100,64.3478260869565,64.3478260869565,0.0,0.0,0.0,True,True,True,False,0.0,1025.1947132405005,0.0,0.0,0.0,0.0,1025.1947132405005
2025-11-18T17:15:00Z,2025-11-18T17:30:00Z,2025-11-18,2025-11-18_74,0.0,0,0,100,64.3478260869565,64.3478260869565,0.0,0.0,0.0,True,True,True,False,0.0,1025.1947132405005,0.0,0.0,0.0,0.0,1025.1947132405005
2025-11-18T17:30:00Z,2025-11-18T17:45:00Z,2025-11-18,2025-11-18_75,0.0,0,0,100,64.3478260869565,64.3478260869565,0.0,0.0,0.0,True,True,True,False,0.0,1025.1947132405005,0.0,0.0,0.0,0.0,1025.1947132405005
2025-11-18T17:45:00Z,2025-11-18T18:00:00Z,2025-11-18,2025-11-18_76,0.0,0,0,100,64.3478260869565,64.3478260869565,0.0,0.0,0.0,True,True,True,False,0.0,1025.1947132405005,0.0,0.0,0.0,0.0,1025.1947132405005
2025-11-18T18:00:00Z,2025-11-18T18:15:00Z,2025-11-18,2025-11-18_77,0.0,0,0,100,64.3478260869565,64.3478260869565,0.0,0.0,0.0,True,True,True,False,0.0,1025.1947132405005,0.0,0.0,0.0,0.0,1025.1947132405005
2025-11-18T18:15:00Z,2025-11-18T18:30:00Z,2025-11-18,2025-11-18_78,0.0,0,0,100,64.3478260869565,64.3478260869565,0.0,0.0,0.0,True,True,True,False,0.0,1025.1947132405005,0.0,0.0,0.0,0.0,1025.1947132405005
2025-11-18T18:30:00Z,2025-11-18T18:45:00Z,2025-11-18,2025-11-18_79,0.0,0,0,100,64.3478260869565,64.3478260869565,0.0,0.0,0.0,True,True,True,False,0.0,1025.1947132405005,0.0,0.0,0.0,0.0,1025.1947132405005
2025-11-18T18:45:00Z,2025-11-18T19:00:00Z,2025-11-18,2025-11-18_80,0.0,0,0,100,64.3478260869565,64.3478260869565,0.0,0.0,0.0,True,True,True,False,0.0,1025.1947132405005,0.0,0.0,0.0,0.0,1025.1947132405005
2025-11-18T19:00:00Z,2025-11-18T19:15:00Z,2025-11-18,2025-11-18_81,0.0,0,0,100,64.3478260869565,64.3478260869565,0.0,0.0,0.0,True,True,True,False,0.0,1025.1947132405005,0.0,0.0,0.0,0.0,1025.1947132405005
2025-11-18T19:15:00Z,2025-11-18T19:30:00Z,2025-11-18,2025-11-18_82,0.0,0,0,100,64.3478260869565,64.3478260869565,0.0,0.0,0.0,True,True,True,False,0.0,1025.1947132405005,0.0,0.0,0.0,0.0,1025.1947132405005
2025-11-18T19:30:00Z,2025-11-18T19:45:00Z,2025-11-18,2025-11-18_83,0.0,0,0,100,64.3478260869565,64.3478260869565,0.0,0.0,0.0,True,True,True,False,0.0,1025.1947132405005,0.0,0.0,0.0,0.0,1025.1947132405005
2025-11-18T19:45:00Z,2025-11-18T20:00:00Z,2025-11-18,2025-11-18_84,0.0,0,0,100,64.3478260869565,64.3478260869565,0.0,0.0,0.0,True,True,True,False,0.0,1025.1947132405005,0.0,0.0,0.0,0.0,1025.1947132405005
2025-11-18T20:00:00Z,2025-11-18T20:15:00Z,2025-11-18,2025-11-18_85,17.000000000000014,83,100,0,64.3478260869565,61.402886399999964,0.015675788654244315,0.0009485714285714286,1.766857142857143,True,True,True,False,514.9300000000004,0.0,88.56826764219969,18.969789945716307,0.13992380053272194,-88.96245951200873,533.6455218764404
2025-11-18T20:15:00Z,2025-11-18T20:30:00Z,2025-11-18,2025-11-18_86,17.000000000000014,83,100,0,61.402886399999964,57.65455064844717,0.014339129468599042,0.006165714285714286,0.9257142857142858,True,True,True,False,492.9575000000004,0.0,88.56826764219969,18.969789945716307,0.9206988873529115,-48.87128359014128,552.544972885128
2025-11-18T20:30:00Z,2025-11-18T20:45:00Z,2025-11-18,2025-11-18_87,17.000000000000014,83,100,0,57.65455064844717,56.909263870807415,0.019400324858523128,0.0,4.085142857142857,True,True,True,False,467.8400000000004,0.0,88.56826764219969,18.969789945716307,0.0,-203.27611079267677,372.1019467952396
2025-11-18T20:45:00Z,2025-11-18T21:00:00Z,2025-11-18,2025-11-18_88,0.46160979498491844,83,100,0,56.909263870807415,64.34782608695649,0.021130558471976795,0.0,8.214857142857143,True,True,True,False,11.854139535212706,0.0,88.56826764219969,18.969789945716307,0.0,3066.1900967665806,3185.5822938897095
2025-11-18T21:00:00Z,2025-11-18T21:15:00Z,2025-11-18,2025-11-18_89,0.0,0,0,100,64.34782608695649,64.34782608695649,0.0,0.0,0.0,True,True,True,False,0.0,1025.1947132405005,0.0,0.0,0.0,0.0,1025.1947132405005
2025-11-18T21:15:00Z,2025-11-18T21:30:00Z,2025-11-18,2025-11-18_90,0.0,0,0,100,64.34782608695649,64.34782608695649,0.0,0.0,0.0,True,True,True,False,0.0,1025.1947132405005,0.0,0.0,0.0,0.0,1025.1947132405005
2025-11-18T21:30:00Z,2025-11-18T21:45:00Z,2025-11-18,2025-11-18_91,0.0,0,0,100,64.34782608695649,64.34782608695649,0.0,0.0,0.0,True,True,True,False,0.0,1025.1947132405005,0.0,0.0,0.0,0.0,1025.1947132405005
2025-11-18T21:45:00Z,2025-11-18T22:00:00Z,2025-11-18,2025-11-18_92,0.0,0,0,100,64.34782608695649,64.34782608695649,0.0,0.0,0.0,True,True,True,False,0.0,1025.1947132405005,0.0,0.0,0.0,0.0,1025.1947132405005
2025-11-18T22:00:00Z,2025-11-18T22:15:00Z,2025-11-19,2025-11-18_93,3.9999999999999885,96,100,0,64.34782608695649,67.6474996869565,0.014060998095238093,0.0,4.733714285714286,True,True,True,False,97.34999999999971,0.0,89.95222084586798,17.401049961658707,0.0,25.43281284672189,230.1360836542483
2025-11-18T22:15:00Z,2025-11-18T22:30:00Z,2025-11-19,2025-11-18_94,4.0,96,100,0,67.6474996869565,77.50752584347822,0.030574192739820566,0.0,11.813142857142857,True,True,True,False,89.12,0.0,89.95222084586798,17.401049961658707,0.0,429.4670536188286,625.9403244263552
2025-11-18T22:30:00Z,2025-11-18T22:45:00Z,2025-11-19,2025-11-18_95,4.0,96,100,0,77.50752584347822,87.03024111304343,0.02972514075914424,0.0,11.449142857142858,True,True,True,False,88.85,0.0,89.95222084586798,17.401049961658707,0.0,-199.3058972565609,-3.1026264490342257
2025-11-18T22:45:00Z,2025-11-18T23:00:00Z,2025-11-19,2025-11-18_96,4.0,96,100,0,87.03024111304343,105.80226448695647,0.053006759199447896,0.0,21.430285714285716,True,True,True,False,84.53,0.0,89.95222084586798,17.401049961658707,0.0,1426.102736810173,1617.9860076176997
2025-11-18T23:00:00Z,2025-11-18T23:15:00Z,2025-11-19,2025-11-19_1,0.0,0,0,100,105.80226448695647,105.80226448695647,0.0,0.0,0.0,True,True,True,False,0.0,1024.892349436678,0.0,0.0,0.0,0.0,1024.892349436678
2025-11-18T23:15:00Z,2025-11-18T23:30:00Z,2025-11-19,2025-11-19_2,0.0,0,0,100,105.80226448695647,105.80226448695647,0.0,0.0,0.0,True,True,True,False,0.0,1024.892349436678,0.0,0.0,0.0,0.0,1024.892349436678
2025-11-18T23:30:00Z,2025-11-18T23:45:00Z,2025-11-19,2025-11-19_3,0.0,0,0,100,105.80226448695647,105.80226448695647,0.0,0.0,0.0,True,True,True,False,0.0,1024.892349436678,0.0,0.0,0.0,0.0,1024.892349436678
2025-11-18T23:45:00Z,2025-11-19T00:00:00Z,2025-11-19,2025-11-19_4,0.0,0,0,100,105.80226448695647,105.80226448695647,0.0,0.0,0.0,True,True,True,False,0.0,1024.892349436678,0.0,0.0,0.0,0.0,1024.892349436678
2025-11-19T00:00:00Z,2025-11-19T00:15:00Z,2025-11-19,2025-11-19_5,0.0,100,100,0,105.80226448695647,108.13750324472045,0.006790432022084196,0.05028571428571428,2.597714285714286,True,True,True,False,0.0,0.0,93.40529699758156,17.401049961658707,7.4154595478255,-99.54150618095407,18.68030032611169
2025-11-19T00:15:00Z,2025-11-19T00:30:00Z,2025-11-19,2025-11-19_6,0.0,100,100,0,108.13750324472045,108.2365362881987,0.00042001932367149753,0.024,0.13599999999999998,True,True,True,False,0.0,0.0,93.40529699758156,17.401049961658707,3.3598773078511184,-7.891390707642697,106.27483355944868
2025-11-19T00:30:00Z,2025-11-19T00:45:00Z,2025-11-19,2025-11-19_7,0.0,100,100,0,108.2365362881987,126.00247815155274,0.04937054244306418,0.0034285714285714284,19.314857142857143,True,True,True,False,0.0,0.0,93.40529699758156,17.401049961658707,0.47998247255015974,6261.144560002022,6372.430889433813
2025-11-19T00:45:00Z,2025-11-19T01:00:00Z,2025-11-19,2025-11-19_8,0.0,100,100,0,126.00247815155274,143.63072958012415,0.048967365079365076,0.0,19.161142857142856,True,True,True,False,0.0,0.0,93.40529699758156,17.401049961658707,0.0,1165.1605432385898,1275.96689019783
2025-11-19T01:00:00Z,2025-11-19T01:15:00Z,2025-11-19,2025-11-19_9,0.0,0,0,100,143.63072958012415,143.63072958012415,0.0,0.0,0.0,True,True,True,False,0.0,1024.892349436678,0.0,0.0,0.0,0.0,1024.892349436678
2025-11-19T01:15:00Z,2025-11-19T01:30:00Z,2025-11-19,2025-11-19_10,0.0,0,0,100,143.63072958012415,143.63072958012415,0.0,0.0,0.0,True,True,True,False,0.0,1024.892349436678,0.0,0.0,0.0,0.0,1024.892349436678
2025-11-19T01:30:00Z,2025-11-19T01:45:00Z,2025-11-19,2025-11-19_11,0.0,0,0,100,143.63072958012415,143.63072958012415,0.0,0.0,0.0,True,True,True,False,0.0,1024.892349436678,0.0,0.0,0.0,0.0,1024.892349436678
2025-11-19T01:45:00Z,2025-11-19T02:00:00Z,2025-11-19,2025-11-19_12,0.0,0,0,100,143.63072958012415,143.63072958012415,0.0,0.0,0.0,True,True,True,False,0.0,1024.892349436678,0.0,0.0,0.0,0.0,1024.892349436678
2025-11-19T02:00:00Z,2025-11-19T02:15:00Z,2025-11-19,2025-11-19_13,0.0,100,0,0,143.63072958012415,141.86302771677012,0.004910282953761215,1.6262857142857146,0.0,True,True,True,False,0.0,0.0,93.40529699758156,0.0,224.30745326715606,0.0,317.7127502647376
2025-11-19T02:15:00Z,2025-11-19T02:30:00Z,2025-11-19,2025-11-19_14,-53.59158650940877,100,0,0,141.86302771677012,146.28732621118007,0.034489850414771164,7.921714285714286,0.0,True,True,True,False,-1126.3611694614988,0.0,93.40529699758156,0.0,4546.025714791314,0.0,3513.069842327397
2025-11-19T02:30:00Z,2025-11-19T02:45:00Z,2025-11-19,2025-11-19_15,0.0,100,0,0,146.28732621118007,136.4326678260869,0.02737405106970324,9.066285714285714,0.0,True,True,True,False,0.0,0.0,93.40529699758156,0.0,3984.5237417734747,0.0,4077.929038771056
2025-11-19T02:45:00Z,2025-11-19T03:00:00Z,2025-11-19,2025-11-19_16,-100.0,100,0,0,136.4326678260869,143.11712496894407,0.018567936507936512,17.734285714285715,0.0,True,True,True,False,-2165.25,0.0,93.40529699758156,0.0,16765.35260341617,0.0,14693.507900413751
2025-11-19T03:00:00Z,2025-11-19T03:15:00Z,2025-11-19,2025-11-19_17,-100.0,100,0,0,143.11712496894407,160.40997068322977,0.04803568253968254,6.203428571428572,0.0,True,True,True,False,-2036.75,0.0,93.40529699758156,0.0,3624.6421275627577,0.0,1681.297424560339
2025-11-19T03:15:00Z,2025-11-19T03:30:00Z,2025-11-19,2025-11-19_18,-100.0,100,0,0,160.40997068322977,168.65527354037263,0.02290361904761905,16.037714285714287,0.0,True,True,True,False,-2131.5,0.0,93.40529699758156,0.0,5548.256386143204,0.0,3510.161683140785
2025-11-19T03:30:00Z,2025-11-19T03:45:00Z,2025-11-19,2025-11-19_19,0.0,100,0,0,168.65527354037263,166.77452819875774,0.005224292615596963,1.7302857142857144,0.0,True,True,True,False,0.0,0.0,93.40529699758156,0.0,230.6224305292223,0.0,324.02772752680386
2025-11-19T03:45:00Z,2025-11-19T04:00:00Z,2025-11-19,2025-11-19_20,0.0,100,0,0,166.77452819875774,166.7093108074534,0.00018115942028985507,0.06,0.0,True,True,True,False,0.0,0.0,93.40529699758156,0.0,7.184569102813662,0.0,100.58986610039523
2025-11-19T04:00:00Z,2025-11-19T04:15:00Z,2025-11-19,2025-11-19_21,0.0,100,100,0,166.7093108074534,171.39440993788818,0.014480692891649412,0.24285714285714283,5.379428571428571,True,True,True,False,0.0,0.0,104.96667256532768,17.401049961658707,38.10850165583841,-211.07109639254745,-50.594872209722645
2025-11-19T04:15:00Z,2025-11-19T04:30:00Z,2025-11-19,2025-11-19_22,0.0,100,100,0,171.39440993788818,156.28819875776395,0.04196169772256728,13.897714285714285,0.0,True,True,True,False,0.0,0.0,104.96667256532768,17.401049961658707,6518.227206309883,0.0,6640.594928836869
2025-11-19T04:30:00Z,2025-11-19T04:45:00Z,2025-11-19,2025-11-19_23,0.0,100,100,0,156.28819875776395,147.27888198757762,0.025025879917184263,8.288571428571428,0.0,True,True,True,False,0.0,0.0,104.96667256532768,17.401049961658707,2110.39065652097,0.0,2232.758379047956
2025-11-19T04:45:00Z,2025-11-19T05:00:00Z,2025-11-19,2025-11-19_24,0.0,100,100,0,147.27888198757762,143.99999999999997,0.009108005521048998,3.0165714285714285,0.0,True,True,True,False,0.0,0.0,104.96667256532768,17.401049961658707,474.3648874619747,0.0,596.7326099889611
2025-11-19T05:00:00Z,2025-11-19T05:15:00Z,2025-11-19,2025-11-19_25,0.0,0,0,100,143.99999999999997,143.99999999999997,0.0,0.0,0.0,True,False,True,False,0.0,1024.892349436678,0.0,0.0,0.0,0.0,1024.892349436678
2025-11-19T05:15:00Z,2025-11-19T05:30:00Z,2025-11-19,2025-11-19_26,0.0,0,0,100,143.99999999999997,143.99999999999997,0.0,0.0,0.0,True,False,True,False,0.0,1024.892349436678,0.0,0.0,0.0,0.0,1024.892349436678
2025-11-19T05:30:00Z,2025-11-19T05:45:00Z,2025-11-19,2025-11-19_27,0.0,0,0,100,143.99999999999997,143.99999999999997,0.0,0.0,0.0,True,False,True,False,0.0,1024.892349436678,0.0,0.0,0.0,0.0,1024.892349436678
2025-11-19T05:45:00Z,2025-11-19T06:00:00Z,2025-11-19,2025-11-19_28,0.0,0,0,100,143.99999999999997,143.99999999999997,0.0,0.0,0.0,True,False,True,False,0.0,1024.892349436678,0.0,0.0,0.0,0.0,1024.892349436678
2025-11-19T06:00:00Z,2025-11-19T06:15:00Z,2025-11-19,2025-11-19_29,0.0,0,0,100,143.99999999999997,143.99999999999997,0.0,0.0,0.0,True,True,True,False,0.0,1024.892349436678,0.0,0.0,0.0,0.0,1024.892349436678
2025-11-19T06:15:00Z,2025-11-19T06:30:00Z,2025-11-19,2025-11-19_30,0.0,0,0,100,143.99999999999997,143.99999999999997,0.0,0.0,0.0,True,True,True,False,0.0,1024.892349436678,0.0,0.0,0.0,0.0,1024.892349436678
2025-11-19T06:30:00Z,2025-11-19T06:45:00Z,2025-11-19,2025-11-19_31,0.0,0,0,100,143.99999999999997,143.99999999999997,0.0,0.0,0.0,True,True,True,False,0.0,1024.892349436678,0.0,0.0,0.0,0.0,1024.892349436678
2025-11-19T06:45:00Z,2025-11-19T07:00:00Z,2025-11-19,2025-11-19_32,0.0,0,0,100,143.99999999999997,143.99999999999997,0.0,0.0,0.0,True,True,True,False,0.0,1024.892349436678,0.0,0.0,0.0,0.0,1024.892349436678
2025-11-19T07:00:00Z,2025-11-19T07:15:00Z,2025-11-19,2025-11-19_33,0.0,0,0,100,143.99999999999997,143.99999999999997,0.0,0.0,0.0,True,True,True,False,0.0,1024.892349436678,0.0,0.0,0.0,0.0,1024.892349436678
2025-11-19T07:15:00Z,2025-11-19T07:30:00Z,2025-11-19,2025-11-19_34,0.0,0,0,100,143.99999999999997,143.99999999999997,0.0,0.0,0.0,True,True,True,False,0.0,1024.892349436678,0.0,0.0,0.0,0.0,1024.892349436678
2025-11-19T07:30:00Z,2025-11-19T07:45:00Z,2025-11-19,2025-11-19_35,0.0,0,0,100,143.99999999999997,143.99999999999997,0.0,0.0,0.0,True,True,True,False,0.0,1024.892349436678,0.0,0.0,0.0,0.0,1024.892349436678
2025-11-19T07:45:00Z,2025-11-19T08:00:00Z,2025-11-19,2025-11-19_36,0.0,0,0,100,143.99999999999997,143.99999999999997,0.0,0.0,0.0,True,True,True,False,0.0,1024.892349436678,0.0,0.0,0.0,0.0,1024.892349436678
2025-11-19T08:00:00Z,2025-11-19T08:15:00Z,2025-11-19,2025-11-19_37,100.0,0,100,0,143.99999999999997,120.49565217391302,0.06528985507246376,0.0,3.3760000000000003,True,True,True,False,4085.4999999999995,0.0,0.0,17.401049961658707,0.0,-150.9100344088559,3951.9910155528023
2025-11-19T08:15:00Z,2025-11-19T08:30:00Z,2025-11-19,2025-11-19_38,100.0,0,100,0,120.49565217391302,107.22732919254656,0.03685645272601794,0.0,12.793142857142858,True,True,True,False,3589.25,0.0,0.0,17.401049961658707,0.0,-495.6673128228463,3110.9837371388126
2025-11-19T08:30:00Z,2025-11-19T08:45:00Z,2025-11-19,2025-11-19_39,-3.0893162424352174e-14,0,100,0,107.22732919254656,116.54719204968943,0.025888507936507956,0.0,10.130285714285716,True,True,True,False,-1.038010257458233e-12,0.0,0.0,17.401049961658707,0.0,-541.2200601663424,-523.8190102046847
2025-11-19T08:45:00Z,2025-11-19T09:00:00Z,2025-11-19,2025-11-19_40,100.0,0,100,0,116.54719204968943,107.35837217391303,0.025524499654934443,0.0,16.546285714285712,True,True,True,False,3794.75,0.0,0.0,17.401049961658707,0.0,-379.17310749888344,3432.9779424627754
2025-11-19T09:00:00Z,2025-11-19T09:15:00Z,2025-11-19,2025-11-19_41,98.00000000000006,2,100,0,107.35837217391303,105.55020617142854,0.007364273181504448,0.0,22.906857142857145,True,True,True,False,3268.545000000002,0.0,1.868105939951631,17.401049961658707,0.0,-48.296315134559705,3239.5178407670523
2025-11-19T09:15:00Z,2025-11-19T09:30:00Z,2025-11-19,2025-11-19_42,98.00000000000024,2,100,0,105.55020617142854,100.44165119999991,0.016220680634920555,0.0,19.861142857142855,True,True,True,False,3621.835000000009,0.0,1.868105939951631,17.401049961658707,0.0,-52.03987292598866,3589.0642829756307
2025-11-19T09:30:00Z,2025-11-19T09:45:00Z,2025-11-19,2025-11-19_43,97.92704827355851,2,100,0,100.44165119999991,87.58524289192545,0.03705721586511689,0.0,12.694285714285714,True,True,True,False,3464.6589679185004,0.0,1.868105939951631,17.401049961658707,0.0,-351.6031852769421,3132.3249385431686
2025-11-19T09:45:00Z,2025-11-19T10:00:00Z,2025-11-19,2025-11-19_44,0.0,2,100,0,87.58524289192545,92.39290003478258,0.013354603174603177,0.0,5.225714285714286,True,True,True,False,0.0,0.0,1.868105939951631,17.401049961658707,0.0,-257.42029476451705,-238.15113886290672
2025-11-19T10:00:00Z,2025-11-19T10:15:00Z,2025-11-19,2025-11-19_45,-100.0,100,0,0,92.39290003478258,104.15312860621115,0.03266730158730159,12.217142857142857,0.0,True,True,True,False,-3472.0,0.0,93.40529699758156,0.0,4829.462346599703,0.0,1450.8676435972843
2025-11-19T10:15:00Z,2025-11-19T10:30:00Z,2025-11-19,2025-11-19_46,-100.0,100,0,0,104.15312860621115,111.68135717763973,0.020911746031746028,16.81714285714286,0.0,True,True,True,False,-3542.4999999999995,0.0,93.40529699758156,0.0,5091.435548701874,0.0,1642.3408456994557
2025-11-19T10:30:00Z,2025-11-19T10:45:00Z,2025-11-19,2025-11-19_47,-100.0,100,0,0,111.68135717763973,121.00016860621115,0.0258855873015873,14.870857142857144,0.0,True,True,True,False,-3546.75,0.0,93.40529699758156,0.0,2572.887230073059,0.0,-880.4574729293594
2025-11-19T10:45:00Z,2025-11-19T11:00:00Z,2025-11-19,2025-11-19_48,-100.0,100,0,0,121.00016860621115,138.24096860621114,0.04789111111111112,6.260000000000001,0.0,True,True,True,False,-3368.2499999999995,0.0,93.40529699758156,0.0,982.1094280265049,0.0,-2292.735274975913
2025-11-19T11:00:00Z,2025-11-19T11:15:00Z,2025-11-19,2025-11-19_49,0.0,1,0,99,138.24096860621114,138.2362667428571,1.306073153899241e-05,0.004325714285714286,0.0,True,True,True,False,0.0,1014.6434259423112,0.9340529699758156,0.0,0.6389135879869555,0.0,1016.216392500274
2025-11-19T11:15:00Z,2025-11-19T11:30:00Z,2025-11-19,2025-11-19_50,-1.0,1,0,99,138.2362667428571,138.32035999999997,0.00023359238095238096,0.15859428571428572,0.0,True,True,True,False,-34.2475,1014.6434259423112,0.9340529699758156,0.0,48.11959368450029,0.0,1029.4495725967872
2025-11-19T11:30:00Z,2025-11-19T11:45:00Z,2025-11-19,2025-11-19_51,0.0,1,0,99,138.32035999999997,138.2884159006211,8.87336093857833e-05,0.029388571428571427,0.0,True,True,True,False,0.0,1014.6434259423112,0.9340529699758156,0.0,4.622752539935339,0.0,1020.2002314522223
2025-11-19T11:45:00Z,2025-11-19T12:00:00Z,2025-11-19,2025-11-19_52,-1.0,1,0,99,138.2884159006211,138.49160447204966,0.0005644126984126985,0.02914285714285714,0.0,True,True,True,False,-31.8825,1014.6434259423112,0.9340529699758156,0.0,4.584033504394503,0.0,988.2790124166816
2025-11-19T12:00:00Z,2025-11-19T12:15:00Z,2025-11-19,2025-11-19_53,-100.0,100,0,0,138.49160447204966,140.4583016149068,0.0054630476190476165,22.862285714285715,0.0,True,True,True,False,-3219.0,0.0,93.40529699758156,0.0,18332.964789937447,0.0,15207.370086935029
2025-11-19T12:15:00Z,2025-11-19T12:30:00Z,2025-11-19,2025-11-19_54,-100.0,100,0,0,140.4583016149068,152.88461018633535,0.03451752380952381,11.493142857142857,0.0,True,True,True,False,-3345.5,0.0,93.40529699758156,0.0,2935.278948128299,0.0,-316.81575487411953
2025-11-19T12:30:00Z,2025-11-19T12:45:00Z,2025-11-19,2025-11-19_55,5.599385689413833e-14,100,0,0,152.88461018633535,150.67964124223596,0.0061249137336094285,2.0285714285714285,0.0,True,True,True,False,1.9323480014167136e-12,0.0,93.40529699758156,0.0,319.0264512812734,0.0,412.4317482788569
2025-11-19T12:45:00Z,2025-11-19T13:00:00Z,2025-11-19,2025-11-19_56,-6.709608714038989e-14,100,0,0,150.67964124223596,147.26783999999995,0.009477225672877879,3.1388571428571432,0.0,True,True,True,False,-2.5172774492895776e-12,0.0,93.40529699758156,0.0,493.7144127882971,0.0,587.1197097858761
2025-11-19T13:00:00Z,2025-11-19T13:15:00Z,2025-11-19,2025-11-19_57,-99.99999999999999,100,0,0,147.26783999999995,167.11881142857138,0.055141587301587296,3.4228571428571426,0.0,True,True,True,False,-3273.9999999999995,0.0,93.40529699758156,0.0,757.2678559490805,0.0,-2423.3268470533376
2025-11-19T13:15:00Z,2025-11-19T13:30:00Z,2025-11-19,2025-11-19_58,-100.0,100,0,0,167.11881142857138,175.04605714285708,0.022020126984126986,16.38342857142857,0.0,True,True,True,False,-3195.0,0.0,93.40529699758156,0.0,12006.196777982826,0.0,8904.602074980408
2025-11-19T13:30:00Z,2025-11-19T13:45:00Z,2025-11-19,2025-11-19_59,-100.0,100,0,0,175.04605714285708,189.99999999999994,0.04153873015873016,8.745714285714286,0.0,True,True,True,False,-3395.25,0.0,93.40529699758156,0.0,1779.4817621828417,0.0,-1522.3629408195766
2025-11-19T13:45:00Z,2025-11-19T14:00:00Z,2025-11-19,2025-11-19_60,0.0,100,0,0,189.99999999999994,181.58633540372665,0.023371290545203587,7.740571428571428,0.0,True,True,True,False,0.0,0.0,93.40529699758156,0.0,1288.7011164199062,0.0,1382.1064134174876
2025-11-19T14:00:00Z,2025-11-19T14:15:00Z,2025-11-19,2025-11-19_61,-36.58115041857953,0,63,0,181.58633540372665,189.99999999999994,0.023371290545203594,0.0,0.0,True,True,True,False,-1201.6907912503377,0.0,0.0,10.962661475844984,0.0,0.0,-1190.7281297744928
2025-11-19T14:15:00Z,2025-11-19T14:30:00Z,2025-11-19,2025-11-19_62,99.99999999999996,0,63,0,189.99999999999994,162.8260869565217,0.07548309178743959,0.0,0.0,True,True,True,False,5424.749999999998,0.0,0.0,10.962661475844984,0.0,0.0,5435.712661475844
2025-11-19T14:30:00Z,2025-11-19T14:45:00Z,2025-11-19,2025-11-19_63,99.99999999999996,0,63,0,162.8260869565217,135.65217391304344,0.07548309178743959,0.0,0.0,True,True,True,False,6311.999999999997,0.0,0.0,10.962661475844984,0.0,0.0,6322.962661475843
2025-11-19T14:45:00Z,2025-11-19T15:00:00Z,2025-11-19,2025-11-19_64,100.0,0,63,0,135.65217391304344,108.50134782608693,0.07541896135265701,0.0,0.02124,True,True,True,False,5032.25,0.0,0.0,10.962661475844984,0.0,-1.3494263670146878,5041.86323510883
2025-11-19T15:00:00Z,2025-11-19T15:15:00Z,2025-11-19,2025-11-19_65,-53.41911973617939,100,46,0,108.50134782608693,106.6906832298136,0.03471200015607186,14.12857142857143,0.0,True,True,True,False,-2049.691624277203,0.0,110.18698755382529,7.977349141744823,9679.456255810885,0.0,7747.928968229252
2025-11-19T15:15:00Z,2025-11-19T15:30:00Z,2025-11-19,2025-11-19_66,0.0,100,46,0,106.6906832298136,93.06086956521733,0.037860593512767424,12.539428571428571,0.0,True,True,True,False,0.0,0.0,110.18698755382529,7.977349141744823,6242.911531432842,0.0,6361.075868128412
2025-11-19T15:30:00Z,2025-11-19T15:45:00Z,2025-11-19,2025-11-19_67,0.0,100,46,0,93.06086956521733,79.96086956521734,0.03638888888888889,12.052,0.0,True,True,True,False,0.0,0.0,110.18698755382529,7.977349141744823,6985.465646591557,0.0,7103.629983287127
2025-11-19T15:45:00Z,2025-11-19T16:00:00Z,2025-11-19,2025-11-19_68,0.0,100,46,0,79.96086956521734,64.34782608695647,0.0433695652173913,14.363999999999999,0.0,True,True,True,False,0.0,0.0,110.18698755382529,7.977349141744823,8870.955491063529,0.0,8989.1198277591
2025-11-19T16:00:00Z,2025-11-19T16:15:00Z,2025-11-19,2025-11-19_69,0.0,0,0,100,64.34782608695647,64.34782608695647,0.0,0.0,0.0,True,True,True,False,0.0,1024.892349436678,0.0,0.0,0.0,0.0,1024.892349436678
2025-11-19T16:15:00Z,2025-11-19T16:30:00Z,2025-11-19,2025-11-19_70,0.0,0,0,100,64.34782608695647,64.34782608695647,0.0,0.0,0.0,True,True,True,False,0.0,1024.892349436678,0.0,0.0,0.0,0.0,1024.892349436678
2025-11-19T16:30:00Z,2025-11-19T16:45:00Z,2025-11-19,2025-11-19_71,0.0,0,0,100,64.34782608695647,64.34782608695647,0.0,0.0,0.0,True,True,True,False,0.0,1024.892349436678,0.0,0.0,0.0,0.0,1024.892349436678
2025-11-19T16:45:00Z,2025-11-19T17:00:00Z,2025-11-19,2025-11-19_72,0.0,0,0,100,64.34782608695647,64.34782608695647,0.0,0.0,0.0,True,True,True,False,0.0,1024.892349436678,0.0,0.0,0.0,0.0,1024.892349436678
2025-11-19T17:00:00Z,2025-11-19T17:15:00Z,2025-11-19,2025-11-19_73,0.0,0,0,100,64.34782608695647,64.34782608695647,0.0,0.0,0.0,True,True,True,False,0.0,1024.892349436678,0.0,0.0,0.0,0.0,1024.892349436678
2025-11-19T17:15:00Z,2025-11-19T17:30:00Z,2025-11-19,2025-11-19_74,0.0,0,0,100,64.34782608695647,64.34782608695647,0.0,0.0,0.0,True,True,True,False,0.0,1024.892349436678,0.0,0.0,0.0,0.0,1024.892349436678
2025-11-19T17:30:00Z,2025-11-19T17:45:00Z,2025-11-19,2025-11-19_75,0.0,0,0,100,64.34782608695647,64.34782608695647,0.0,0.0,0.0,True,True,True,False,0.0,1024.892349436678,0.0,0.0,0.0,0.0,1024.892349436678
2025-11-19T17:45:00Z,2025-11-19T18:00:00Z,2025-11-19,2025-11-19_76,0.0,0,0,100,64.34782608695647,64.34782608695647,0.0,0.0,0.0,True,True,True,False,0.0,1024.892349436678,0.0,0.0,0.0,0.0,1024.892349436678
2025-11-19T18:00:00Z,2025-11-19T18:15:00Z,2025-11-19,2025-11-19_77,0.0,0,0,100,64.34782608695647,64.34782608695647,0.0,0.0,0.0,True,True,True,False,0.0,1024.892349436678,0.0,0.0,0.0,0.0,1024.892349436678
2025-11-19T18:15:00Z,2025-11-19T18:30:00Z,2025-11-19,2025-11-19_78,0.0,0,0,100,64.34782608695647,64.34782608695647,0.0,0.0,0.0,True,True,True,False,0.0,1024.892349436678,0.0,0.0,0.0,0.0,1024.892349436678
2025-11-19T18:30:00Z,2025-11-19T18:45:00Z,2025-11-19,2025-11-19_79,0.0,0,0,100,64.34782608695647,64.34782608695647,0.0,0.0,0.0,True,True,True,False,0.0,1024.892349436678,0.0,0.0,0.0,0.0,1024.892349436678
2025-11-19T18:45:00Z,2025-11-19T19:00:00Z,2025-11-19,2025-11-19_80,0.0,0,0,100,64.34782608695647,64.34782608695647,0.0,0.0,0.0,True,True,True,False,0.0,1024.892349436678,0.0,0.0,0.0,0.0,1024.892349436678
2025-11-19T19:00:00Z,2025-11-19T19:15:00Z,2025-11-19,2025-11-19_81,0.0,0,0,100,64.34782608695647,64.34782608695647,0.0,0.0,0.0,True,True,True,False,0.0,1024.892349436678,0.0,0.0,0.0,0.0,1024.892349436678
2025-11-19T19:15:00Z,2025-11-19T19:30:00Z,2025-11-19,2025-11-19_82,0.0,0,0,100,64.34782608695647,64.34782608695647,0.0,0.0,0.0,True,True,True,False,0.0,1024.892349436678,0.0,0.0,0.0,0.0,1024.892349436678
2025-11-19T19:30:00Z,2025-11-19T19:45:00Z,2025-11-19,2025-11-19_83,0.0,0,0,100,64.34782608695647,64.34782608695647,0.0,0.0,0.0,True,True,True,False,0.0,1024.892349436678,0.0,0.0,0.0,0.0,1024.892349436678
2025-11-19T19:45:00Z,2025-11-19T20:00:00Z,2025-11-19,2025-11-19_84,0.0,0,0,100,64.34782608695647,64.34782608695647,0.0,0.0,0.0,True,True,True,False,0.0,1024.892349436678,0.0,0.0,0.0,0.0,1024.892349436678
2025-11-19T20:00:00Z,2025-11-19T20:15:00Z,2025-11-19,2025-11-19_85,0.0,0,0,100,64.34782608695647,64.34782608695647,0.0,0.0,0.0,True,True,True,False,0.0,1024.892349436678,0.0,0.0,0.0,0.0,1024.892349436678
2025-11-19T20:15:00Z,2025-11-19T20:30:00Z,2025-11-19,2025-11-19_86,0.0,0,0,100,64.34782608695647,64.34782608695647,0.0,0.0,0.0,True,True,True,False,0.0,1024.892349436678,0.0,0.0,0.0,0.0,1024.892349436678
2025-11-19T20:30:00Z,2025-11-19T20:45:00Z,2025-11-19,2025-11-19_87,0.0,0,0,100,64.34782608695647,64.34782608695647,0.0,0.0,0.0,True,True,True,False,0.0,1024.892349436678,0.0,0.0,0.0,0.0,1024.892349436678
2025-11-19T20:45:00Z,2025-11-19T21:00:00Z,2025-11-19,2025-11-19_88,0.0,0,0,100,64.34782608695647,64.34782608695647,0.0,0.0,0.0,True,True,True,False,0.0,1024.892349436678,0.0,0.0,0.0,0.0,1024.892349436678
2025-11-19T21:00:00Z,2025-11-19T21:15:00Z,2025-11-19,2025-11-19_89,0.0,0,0,100,64.34782608695647,64.34782608695647,0.0,0.0,0.0,True,False,True,False,0.0,1024.892349436678,0.0,0.0,0.0,0.0,1024.892349436678
2025-11-19T21:15:00Z,2025-11-19T21:30:00Z,2025-11-19,2025-11-19_90,0.0,0,0,100,64.34782608695647,64.34782608695647,0.0,0.0,0.0,True,False,True,False,0.0,1024.892349436678,0.0,0.0,0.0,0.0,1024.892349436678
2025-11-19T21:30:00Z,2025-11-19T21:45:00Z,2025-11-19,2025-11-19_91,0.0,0,0,100,64.34782608695647,64.34782608695647,0.0,0.0,0.0,True,False,True,False,0.0,1024.892349436678,0.0,0.0,0.0,0.0,1024.892349436678
2025-11-19T21:45:00Z,2025-11-19T22:00:00Z,2025-11-19,2025-11-19_92,0.0,0,0,100,64.34782608695647,64.34782608695647,0.0,0.0,0.0,True,False,True,False,0.0,1024.892349436678,0.0,0.0,0.0,0.0,1024.892349436678
2025-11-19T22:00:00Z,2025-11-19T22:15:00Z,2025-11-20,2025-11-19_93,0.0,31,31,69,64.34782608695647,67.50686425838505,0.008775106031746032,0.0,3.433737142857143,True,True,True,False,0.0,706.7588280374935,27.915168307492777,4.705830336614985,0.0,7.878385285621648,747.2582119672229
2025-11-19T22:15:00Z,2025-11-19T22:30:00Z,2025-11-20,2025-11-19_94,0.0,31,31,69,67.50686425838505,68.96985877267076,0.004063873650793651,0.0,1.5902114285714286,True,True,True,False,0.0,706.7588280374935,27.915168307492777,4.705830336614985,0.0,-87.84426802087457,651.5355586607267
2025-11-19T22:30:00Z,2025-11-19T22:45:00Z,2025-11-20,2025-11-19_95,0.0,31,31,69,68.96985877267076,70.4498023155279,0.0041109542857142856,0.0,1.6086342857142857,True,True,True,False,0.0,706.7588280374935,27.915168307492777,4.705830336614985,0.0,-72.12759695471658,667.2522297268846
2025-11-19T22:45:00Z,2025-11-19T23:00:00Z,2025-11-20,2025-11-19_96,0.0,31,31,69,70.4498023155279,74.76137442981361,0.011976589206349206,0.0,4.686491428571428,True,True,True,False,0.0,706.7588280374935,27.915168307492777,4.705830336614985,0.0,15.672288929125859,755.0521156107271
2025-11-19T23:00:00Z,2025-11-19T23:15:00Z,2025-11-20,2025-11-20_1,-100.0,100,0,0,74.76137442981361,94.53191157267077,0.05491815873015873,3.5102857142857142,0.0,True,True,True,False,-2341.25,0.0,90.04893002417026,0.0,535.1342243482313,0.0,-1716.0668456275985
2025-11-19T23:15:00Z,2025-11-19T23:30:00Z,2025-11-20,2025-11-20_2,-100.0,100,0,0,94.53191157267077,106.63753442981363,0.03362673015873017,11.841714285714284,0.0,True,True,True,False,-2315.0,0.0,90.04893002417026,0.0,2448.0136334823974,0.0,223.06256350656764
2025-11-19T23:30:00Z,2025-11-19T23:45:00Z,2025-11-20,2025-11-20_3,-100.0,100,0,0,106.63753442981363,121.32231157267077,0.04079104761904762,9.038285714285713,0.0,True,True,True,False,-2239.25,0.0,90.04893002417026,0.0,1823.7377573037115,0.0,-325.4633126721182
2025-11-19T23:45:00Z,2025-11-20T00:00:00Z,2025-11-20,2025-11-20_4,-100.0,100,0,0,121.32231157267077,143.9185630012422,0.06276736507936509,0.43885714285714283,0.0,True,True,True,False,-2208.5,0.0,90.04893002417026,0.0,61.40153780075964,0.0,-2057.04953217507
2025-11-20T00:00:00Z,2025-11-20T00:15:00Z,2025-11-20,2025-11-20_5,0.0,0,0,100,143.9185630012422,143.9185630012422,0.0,0.0,0.0,True,True,True,False,0.0,1024.2881565760774,0.0,0.0,0.0,0.0,1024.2881565760774
2025-11-20T00:15:00Z,2025-11-20T00:30:00Z,2025-11-20,2025-11-20_6,0.0,0,0,100,143.9185630012422,143.9185630012422,0.0,0.0,0.0,True,True,True,False,0.0,1024.2881565760774,0.0,0.0,0.0,0.0,1024.2881565760774
2025-11-20T00:30:00Z,2025-11-20T00:45:00Z,2025-11-20,2025-11-20_7,0.0,0,0,100,143.9185630012422,143.9185630012422,0.0,0.0,0.0,True,True,True,False,0.0,1024.2881565760774,0.0,0.0,0.0,0.0,1024.2881565760774
2025-11-20T00:45:00Z,2025-11-20T01:00:00Z,2025-11-20,2025-11-20_8,0.0,0,0,100,143.9185630012422,143.9185630012422,0.0,0.0,0.0,True,True,True,False,0.0,1024.2881565760774,0.0,0.0,0.0,0.0,1024.2881565760774
2025-11-20T01:00:00Z,2025-11-20T01:15:00Z,2025-11-20,2025-11-20_9,0.0,0,0,100,143.9185630012422,143.9185630012422,0.0,0.0,0.0,True,True,True,False,0.0,1024.2881565760774,0.0,0.0,0.0,0.0,1024.2881565760774
2025-11-20T01:15:00Z,2025-11-20T01:30:00Z,2025-11-20,2025-11-20_10,0.0,0,0,100,143.9185630012422,143.9185630012422,0.0,0.0,0.0,True,True,True,False,0.0,1024.2881565760774,0.0,0.0,0.0,0.0,1024.2881565760774
2025-11-20T01:30:00Z,2025-11-20T01:45:00Z,2025-11-20,2025-11-20_11,0.0,0,0,100,143.9185630012422,143.9185630012422,0.0,0.0,0.0,True,True,True,False,0.0,1024.2881565760774,0.0,0.0,0.0,0.0,1024.2881565760774
2025-11-20T01:45:00Z,2025-11-20T02:00:00Z,2025-11-20,2025-11-20_12,0.0,0,0,100,143.9185630012422,143.9185630012422,0.0,0.0,0.0,True,True,True,False,0.0,1024.2881565760774,0.0,0.0,0.0,0.0,1024.2881565760774
2025-11-20T02:00:00Z,2025-11-20T02:15:00Z,2025-11-20,2025-11-20_13,0.0,0,0,100,143.9185630012422,143.9185630012422,0.0,0.0,0.0,True,True,True,False,0.0,1024.2881565760774,0.0,0.0,0.0,0.0,1024.2881565760774
2025-11-20T02:15:00Z,2025-11-20T02:30:00Z,2025-11-20,2025-11-20_14,0.0,0,0,100,143.9185630012422,143.9185630012422,0.0,0.0,0.0,True,True,True,False,0.0,1024.2881565760774,0.0,0.0,0.0,0.0,1024.2881565760774
2025-11-20T02:30:00Z,2025-11-20T02:45:00Z,2025-11-20,2025-11-20_15,0.0,0,0,100,143.9185630012422,143.9185630012422,0.0,0.0,0.0,True,True,True,False,0.0,1024.2881565760774,0.0,0.0,0.0,0.0,1024.2881565760774
2025-11-20T02:45:00Z,2025-11-20T03:00:00Z,2025-11-20,2025-11-20_16,0.0,0,0,100,143.9185630012422,143.9185630012422,0.0,0.0,0.0,True,True,True,False,0.0,1024.2881565760774,0.0,0.0,0.0,0.0,1024.2881565760774
2025-11-20T03:00:00Z,2025-11-20T03:15:00Z,2025-11-20,2025-11-20_17,0.0,0,0,100,143.9185630012422,143.9185630012422,0.0,0.0,0.0,True,True,True,False,0.0,1024.2881565760774,0.0,0.0,0.0,0.0,1024.2881565760774
2025-11-20T03:15:00Z,2025-11-20T03:30:00Z,2025-11-20,2025-11-20_18,0.0,0,0,100,143.9185630012422,143.9185630012422,0.0,0.0,0.0,True,True,True,False,0.0,1024.2881565760774,0.0,0.0,0.0,0.0,1024.2881565760774
2025-11-20T03:30:00Z,2025-11-20T03:45:00Z,2025-11-20,2025-11-20_19,0.0,0,0,100,143.9185630012422,143.9185630012422,0.0,0.0,0.0,True,True,True,False,0.0,1024.2881565760774,0.0,0.0,0.0,0.0,1024.2881565760774
2025-11-20T03:45:00Z,2025-11-20T04:00:00Z,2025-11-20,2025-11-20_20,0.0,0,0,100,143.9185630012422,143.9185630012422,0.0,0.0,0.0,True,True,True,False,0.0,1024.2881565760774,0.0,0.0,0.0,0.0,1024.2881565760774
2025-11-20T04:00:00Z,2025-11-20T04:15:00Z,2025-11-20,2025-11-20_21,0.0,0,0,100,143.9185630012422,143.9185630012422,0.0,0.0,0.0,True,True,True,False,0.0,1024.2881565760774,0.0,0.0,0.0,0.0,1024.2881565760774
2025-11-20T04:15:00Z,2025-11-20T04:30:00Z,2025-11-20,2025-11-20_22,1.235726496974087e-13,0,0,100,143.9185630012422,143.91856300124218,9.327645659526622e-17,0.0,0.0,True,True,True,False,3.040813977428985e-12,1024.2881565760774,0.0,0.0,0.0,0.0,1024.2881565760804
2025-11-20T04:30:00Z,2025-11-20T04:45:00Z,2025-11-20,2025-11-20_23,0.0,0,0,100,143.91856300124218,143.91856300124218,0.0,0.0,0.0,True,True,True,False,0.0,1024.2881565760774,0.0,0.0,0.0,0.0,1024.2881565760774
2025-11-20T04:45:00Z,2025-11-20T05:00:00Z,2025-11-20,2025-11-20_24,0.0,0,0,100,143.91856300124218,143.91856300124218,0.0,0.0,0.0,True,True,True,False,0.0,1024.2881565760774,0.0,0.0,0.0,0.0,1024.2881565760774
2025-11-20T05:00:00Z,2025-11-20T05:15:00Z,2025-11-20,2025-11-20_25,0.0,0,0,100,143.91856300124218,143.91856300124218,0.0,0.0,0.0,True,True,True,False,0.0,1024.2881565760774,0.0,0.0,0.0,0.0,1024.2881565760774
2025-11-20T05:15:00Z,2025-11-20T05:30:00Z,2025-11-20,2025-11-20_26,0.0,0,0,100,143.91856300124218,143.91856300124218,0.0,0.0,0.0,True,True,True,False,0.0,1024.2881565760774,0.0,0.0,0.0,0.0,1024.2881565760774
2025-11-20T05:30:00Z,2025-11-20T05:45:00Z,2025-11-20,2025-11-20_27,0.0,0,0,100,143.91856300124218,143.91856300124218,0.0,0.0,0.0,True,True,True,False,0.0,1024.2881565760774,0.0,0.0,0.0,0.0,1024.2881565760774
2025-11-20T05:45:00Z,2025-11-20T06:00:00Z,2025-11-20,2025-11-20_28,0.0,0,0,100,143.91856300124218,143.91856300124218,0.0,0.0,0.0,True,True,True,False,0.0,1024.2881565760774,0.0,0.0,0.0,0.0,1024.2881565760774
2025-11-20T06:00:00Z,2025-11-20T06:15:00Z,2025-11-20,2025-11-20_29,0.0,0,0,100,143.91856300124218,143.91856300124218,0.0,0.0,0.0,True,True,True,False,0.0,1024.2881565760774,0.0,0.0,0.0,0.0,1024.2881565760774
2025-11-20T06:15:00Z,2025-11-20T06:30:00Z,2025-11-20,2025-11-20_30,0.0,0,0,100,143.91856300124218,143.91856300124218,0.0,0.0,0.0,True,True,True,False,0.0,1024.2881565760774,0.0,0.0,0.0,0.0,1024.2881565760774
2025-11-20T06:30:00Z,2025-11-20T06:45:00Z,2025-11-20,2025-11-20_31,0.0,0,0,100,143.91856300124218,143.91856300124218,0.0,0.0,0.0,True,True,True,False,0.0,1024.2881565760774,0.0,0.0,0.0,0.0,1024.2881565760774
2025-11-20T06:45:00Z,2025-11-20T07:00:00Z,2025-11-20,2025-11-20_32,0.0,0,0,100,143.91856300124218,143.91856300124218,0.0,0.0,0.0,True,True,True,False,0.0,1024.2881565760774,0.0,0.0,0.0,0.0,1024.2881565760774
2025-11-20T07:00:00Z,2025-11-20T07:15:00Z,2025-11-20,2025-11-20_33,0.0,0,0,100,143.91856300124218,143.91856300124218,0.0,0.0,0.0,True,True,True,False,0.0,1024.2881565760774,0.0,0.0,0.0,0.0,1024.2881565760774
2025-11-20T07:15:00Z,2025-11-20T07:30:00Z,2025-11-20,2025-11-20_34,0.0,0,0,100,143.91856300124218,143.91856300124218,0.0,0.0,0.0,True,True,True,False,0.0,1024.2881565760774,0.0,0.0,0.0,0.0,1024.2881565760774
2025-11-20T07:30:00Z,2025-11-20T07:45:00Z,2025-11-20,2025-11-20_35,0.0,0,0,100,143.91856300124218,143.91856300124218,0.0,0.0,0.0,True,True,True,False,0.0,1024.2881565760774,0.0,0.0,0.0,0.0,1024.2881565760774
2025-11-20T07:45:00Z,2025-11-20T08:00:00Z,2025-11-20,2025-11-20_36,0.0,0,0,100,143.91856300124218,143.91856300124218,0.0,0.0,0.0,True,True,True,False,0.0,1024.2881565760774,0.0,0.0,0.0,0.0,1024.2881565760774
2025-11-20T08:00:00Z,2025-11-20T08:15:00Z,2025-11-20,2025-11-20_37,0.0,0,0,100,143.91856300124218,143.91856300124218,0.0,0.0,0.0,True,True,True,False,0.0,1024.2881565760774,0.0,0.0,0.0,0.0,1024.2881565760774
2025-11-20T08:15:00Z,2025-11-20T08:30:00Z,2025-11-20,2025-11-20_38,0.0,0,0,100,143.91856300124218,143.91856300124218,0.0,0.0,0.0,True,True,True,False,0.0,1024.2881565760774,0.0,0.0,0.0,0.0,1024.2881565760774
2025-11-20T08:30:00Z,2025-11-20T08:45:00Z,2025-11-20,2025-11-20_39,0.0,0,0,100,143.91856300124218,143.91856300124218,0.0,0.0,0.0,True,True,True,False,0.0,1024.2881565760774,0.0,0.0,0.0,0.0,1024.2881565760774
2025-11-20T08:45:00Z,2025-11-20T09:00:00Z,2025-11-20,2025-11-20_40,0.0,0,0,100,143.91856300124218,143.91856300124218,0.0,0.0,0.0,True,True,True,False,0.0,1024.2881565760774,0.0,0.0,0.0,0.0,1024.2881565760774
2025-11-20T09:00:00Z,2025-11-20T09:15:00Z,2025-11-20,2025-11-20_41,0.0,0,0,100,143.91856300124218,143.91856300124218,0.0,0.0,0.0,True,True,True,False,0.0,1024.2881565760774,0.0,0.0,0.0,0.0,1024.2881565760774
2025-11-20T09:15:00Z,2025-11-20T09:30:00Z,2025-11-20,2025-11-20_42,0.0,0,0,100,143.91856300124218,143.91856300124218,0.0,0.0,0.0,True,True,True,False,0.0,1024.2881565760774,0.0,0.0,0.0,0.0,1024.2881565760774
2025-11-20T09:30:00Z,2025-11-20T09:45:00Z,2025-11-20,2025-11-20_43,0.0,0,0,100,143.91856300124218,143.91856300124218,0.0,0.0,0.0,True,True,True,False,0.0,1024.2881565760774,0.0,0.0,0.0,0.0,1024.2881565760774
2025-11-20T09:45:00Z,2025-11-20T10:00:00Z,2025-11-20,2025-11-20_44,0.0,0,0,100,143.91856300124218,143.91856300124218,0.0,0.0,0.0,True,True,True,False,0.0,1024.2881565760774,0.0,0.0,0.0,0.0,1024.2881565760774
2025-11-20T10:00:00Z,2025-11-20T10:15:00Z,2025-11-20,2025-11-20_45,0.0,53,100,0,143.91856300124218,144.07849716273287,0.0006801828847481021,0.039068571428571425,0.22,True,True,True,False,0.0,0.0,47.991510935565636,15.180097860048342,5.120701358418743,-14.095450883295015,54.196859270737704
2025-11-20T10:15:00Z,2025-11-20T10:30:00Z,2025-11-20,2025-11-20_46,46.87169659799688,53,100,0,144.07849716273287,134.75052251428573,0.03518390297076397,0.0,3.414857142857143,True,True,True,False,1680.4675022796832,0.0,47.991510935565636,15.180097860048342,0.0,-63.797817434584516,1679.8412936407126
2025-11-20T10:30:00Z,2025-11-20T10:45:00Z,2025-11-20,2025-11-20_47,47.000000000000036,53,100,0,134.75052251428573,141.3776206509317,0.034221235334713586,0.0,19.428571428571427,True,True,True,False,1613.862500000001,0.0,47.991510935565636,15.180097860048342,0.0,2240.350342341735,3917.38445113735
2025-11-20T10:45:00Z,2025-11-20T11:00:00Z,2025-11-20,2025-11-20_48,47.000000000000036,53,100,0,141.3776206509317,144.0,0.03448048783988958,0.0,15.417714285714288,True,True,True,False,1578.2600000000011,0.0,47.991510935565636,15.180097860048342,0.0,472.29607184263796,2113.727680638253
2025-11-20T11:00:00Z,2025-11-20T11:15:00Z,2025-11-20,2025-11-20_49,0.0,0,0,100,144.0,144.0,0.0,0.0,0.0,True,True,True,False,0.0,1024.2881565760774,0.0,0.0,0.0,0.0,1024.2881565760774
2025-11-20T11:15:00Z,2025-11-20T11:30:00Z,2025-11-20,2025-11-20_50,0.0,0,0,100,144.0,144.0,0.0,0.0,0.0,True,True,True,False,0.0,1024.2881565760774,0.0,0.0,0.0,0.0,1024.2881565760774
2025-11-20T11:30:00Z,2025-11-20T11:45:00Z,2025-11-20,2025-11-20_51,0.0,0,0,100,144.0,144.0,0.0,0.0,0.0,True,True,True,False,0.0,1024.2881565760774,0.0,0.0,0.0,0.0,1024.2881565760774
2025-11-20T11:45:00Z,2025-11-20T12:00:00Z,2025-11-20,2025-11-20_52,0.0,0,0,100,144.0,144.0,0.0,0.0,0.0,True,True,True,False,0.0,1024.2881565760774,0.0,0.0,0.0,0.0,1024.2881565760774
2025-11-20T12:00:00Z,2025-11-20T12:15:00Z,2025-11-20,2025-11-20_53,-33.00000000000005,100,67,0,144.0,141.59215262608697,0.032512777308488616,9.689142857142857,0.0,True,True,True,False,-1186.350000000002,0.0,90.55002063314272,10.249661026940988,1679.9331344691386,0.0,594.3828161292204
2025-11-20T12:15:00Z,2025-11-20T12:30:00Z,2025-11-20,2025-11-20_54,-30.07874728616836,100,67,0,141.59215262608697,135.5391899229814,0.036013192911295566,12.51142857142857,0.0,True,True,True,False,-1116.1471149214924,0.0,90.55002063314272,10.249661026940988,2775.1626537309494,0.0,1759.8152204695407
2025-11-20T12:30:00Z,2025-11-20T12:45:00Z,2025-11-20,2025-11-20_55,-33.000000000000064,100,67,0,135.5391899229814,122.01790616645967,0.04521755202208417,20.459428571428575,0.0,True,True,True,False,-1278.5025000000026,0.0,90.55002063314272,10.249661026940988,19727.46194917229,0.0,18549.75913083237
2025-11-20T12:45:00Z,2025-11-20T13:00:00Z,2025-11-20,2025-11-20_56,0.0,100,67,0,122.01790616645967,111.12264049689445,0.031916187494824014,10.297142857142857,0.32313142857142857,True,True,True,False,0.0,0.0,90.55002063314272,10.249661026940988,4821.357046569144,-19.719151147455385,4902.437577081772
2025-11-20T13:00:00Z,2025-11-20T13:15:00Z,2025-11-20,2025-11-20_57,0.0,0,0,100,111.12264049689445,111.12264049689445,0.0,0.0,0.0,True,True,True,False,0.0,1024.2881565760774,0.0,0.0,0.0,0.0,1024.2881565760774
2025-11-20T13:15:00Z,2025-11-20T13:30:00Z,2025-11-20,2025-11-20_58,0.0,0,0,100,111.12264049689445,111.12264049689445,0.0,0.0,0.0,True,True,True,False,0.0,1024.2881565760774,0.0,0.0,0.0,0.0,1024.2881565760774
2025-11-20T13:30:00Z,2025-11-20T13:45:00Z,2025-11-20,2025-11-20_59,0.0,0,0,100,111.12264049689445,111.12264049689445,0.0,0.0,0.0,True,True,True,False,0.0,1024.2881565760774,0.0,0.0,0.0,0.0,1024.2881565760774
2025-11-20T13:45:00Z,2025-11-20T14:00:00Z,2025-11-20,2025-11-20_60,0.0,0,0,100,111.12264049689445,111.12264049689445,0.0,0.0,0.0,True,True,True,False,0.0,1024.2881565760774,0.0,0.0,0.0,0.0,1024.2881565760774
2025-11-20T14:00:00Z,2025-11-20T14:15:00Z,2025-11-20,2025-11-20_61,0.0,0,0,100,111.12264049689445,111.12264049689445,0.0,0.0,0.0,True,True,True,False,0.0,1024.2881565760774,0.0,0.0,0.0,0.0,1024.2881565760774
2025-11-20T14:15:00Z,2025-11-20T14:30:00Z,2025-11-20,2025-11-20_62,0.0,0,0,100,111.12264049689445,111.12264049689445,0.0,0.0,0.0,True,True,True,False,0.0,1024.2881565760774,0.0,0.0,0.0,0.0,1024.2881565760774
2025-11-20T14:30:00Z,2025-11-20T14:45:00Z,2025-11-20,2025-11-20_63,0.0,0,0,100,111.12264049689445,111.12264049689445,0.0,0.0,0.0,True,True,True,False,0.0,1024.2881565760774,0.0,0.0,0.0,0.0,1024.2881565760774
2025-11-20T14:45:00Z,2025-11-20T15:00:00Z,2025-11-20,2025-11-20_64,0.0,0,0,100,111.12264049689445,111.12264049689445,0.0,0.0,0.0,True,True,True,False,0.0,1024.2881565760774,0.0,0.0,0.0,0.0,1024.2881565760774
2025-11-20T15:00:00Z,2025-11-20T15:15:00Z,2025-11-20,2025-11-20_65,0.0,0,0,100,111.12264049689445,111.12264049689445,0.0,0.0,0.0,True,True,True,False,0.0,1024.2881565760774,0.0,0.0,0.0,0.0,1024.2881565760774
2025-11-20T15:15:00Z,2025-11-20T15:30:00Z,2025-11-20,2025-11-20_66,0.0,0,0,100,111.12264049689445,111.12264049689445,0.0,0.0,0.0,True,True,True,False,0.0,1024.2881565760774,0.0,0.0,0.0,0.0,1024.2881565760774
2025-11-20T15:30:00Z,2025-11-20T15:45:00Z,2025-11-20,2025-11-20_67,0.0,0,0,100,111.12264049689445,111.12264049689445,0.0,0.0,0.0,True,True,True,False,0.0,1024.2881565760774,0.0,0.0,0.0,0.0,1024.2881565760774
2025-11-20T15:45:00Z,2025-11-20T16:00:00Z,2025-11-20,2025-11-20_68,0.0,0,0,100,111.12264049689445,111.12264049689445,0.0,0.0,0.0,True,True,True,False,0.0,1024.2881565760774,0.0,0.0,0.0,0.0,1024.2881565760774
2025-11-20T16:00:00Z,2025-11-20T16:15:00Z,2025-11-20,2025-11-20_69,0.0,0,0,100,111.12264049689445,111.12264049689445,0.0,0.0,0.0,True,True,True,False,0.0,1024.2881565760774,0.0,0.0,0.0,0.0,1024.2881565760774
2025-11-20T16:15:00Z,2025-11-20T16:30:00Z,2025-11-20,2025-11-20_70,0.0,0,0,100,111.12264049689445,111.12264049689445,0.0,0.0,0.0,True,True,True,False,0.0,1024.2881565760774,0.0,0.0,0.0,0.0,1024.2881565760774
2025-11-20T16:30:00Z,2025-11-20T16:45:00Z,2025-11-20,2025-11-20_71,0.0,0,0,100,111.12264049689445,111.12264049689445,0.0,0.0,0.0,True,True,True,False,0.0,1024.2881565760774,0.0,0.0,0.0,0.0,1024.2881565760774
2025-11-20T16:45:00Z,2025-11-20T17:00:00Z,2025-11-20,2025-11-20_72,0.0,0,0,100,111.12264049689445,111.12264049689445,0.0,0.0,0.0,True,True,True,False,0.0,1024.2881565760774,0.0,0.0,0.0,0.0,1024.2881565760774
2025-11-20T17:00:00Z,2025-11-20T17:15:00Z,2025-11-20,2025-11-20_73,0.0,100,100,0,111.12264049689445,110.49751552795036,0.0018591249137336098,0.5954285714285715,0.024,True,True,True,False,0.0,0.0,111.53687437363676,14.59057949655132,93.3875932772449,-1.5576772976478217,217.95736984978515
2025-11-20T17:15:00Z,2025-11-20T17:30:00Z,2025-11-20,2025-11-20_74,0.0,100,100,0,110.49751552795036,108.0403726708075,0.006825396825396826,2.2605714285714287,0.0,True,True,True,False,0.0,0.0,111.53687437363676,14.59057949655132,355.32136936694155,0.0,481.44882323712966
2025-11-20T17:30:00Z,2025-11-20T17:45:00Z,2025-11-20,2025-11-20_75,0.0,100,100,0,108.0403726708075,88.73850931677023,0.05361628709454796,17.757714285714286,0.0,True,True,True,False,0.0,0.0,111.53687437363676,14.59057949655132,16295.928027106616,0.0,16422.055480976804
2025-11-20T17:45:00Z,2025-11-20T18:00:00Z,2025-11-20,2025-11-20_76,0.0,100,100,0,88.73850931677023,64.34782608695657,0.06775189786059352,22.43942857142857,0.0,True,True,True,False,0.0,0.0,111.53687437363676,14.59057949655132,20582.40039121562,0.0,20708.527845085806
2025-11-20T18:00:00Z,2025-11-20T18:15:00Z,2025-11-20,2025-11-20_77,0.0,0,0,100,64.34782608695657,64.34782608695657,0.0,0.0,0.0,True,False,True,False,0.0,1024.2881565760774,0.0,0.0,0.0,0.0,1024.2881565760774
2025-11-20T18:15:00Z,2025-11-20T18:30:00Z,2025-11-20,2025-11-20_78,0.0,0,0,100,64.34782608695657,64.34782608695657,0.0,0.0,0.0,True,False,True,False,0.0,1024.2881565760774,0.0,0.0,0.0,0.0,1024.2881565760774
2025-11-20T18:30:00Z,2025-11-20T18:45:00Z,2025-11-20,2025-11-20_79,0.0,0,0,100,64.34782608695657,64.34782608695657,0.0,0.0,0.0,True,False,True,False,0.0,1024.2881565760774,0.0,0.0,0.0,0.0,1024.2881565760774
2025-11-20T18:45:00Z,2025-11-20T19:00:00Z,2025-11-20,2025-11-20_80,0.0,0,0,100,64.34782608695657,64.34782608695657,0.0,0.0,0.0,True,False,True,False,0.0,1024.2881565760774,0.0,0.0,0.0,0.0,1024.2881565760774
2025-11-20T19:00:00Z,2025-11-20T19:15:00Z,2025-11-20,2025-11-20_81,100.0,0,100,0,64.34782608695657,40.58012422360254,0.06602139406487233,0.0,3.1337142857142855,True,True,True,False,3663.7500000000005,0.0,0.0,15.180097860048342,0.0,-194.12044971829442,3484.809648141754
2025-11-20T19:15:00Z,2025-11-20T19:30:00Z,2025-11-20,2025-11-20_82,100.0,0,100,0,40.58012422360254,15.978881987577697,0.0683367839889579,0.0,2.366857142857143,True,True,True,False,3709.7499999999995,0.0,0.0,15.180097860048342,0.0,-146.78011852126338,3578.1499793387843
2025-11-20T19:30:00Z,2025-11-20T19:45:00Z,2025-11-20,2025-11-20_83,25.267957702886996,0,100,0,15.978881987577697,10.000000000000057,0.020130802821561294,0.0,0.9222857142857144,True,True,True,False,861.1319985143888,0.0,0.0,15.180097860048342,0.0,-57.49293066421877,818.8191657102184
2025-11-20T19:45:00Z,2025-11-20T20:00:00Z,2025-11-20,2025-11-20_84,0.0,0,100,0,10.000000000000057,19.742537142857202,0.027062603174603177,0.0,10.589714285714285,True,True,True,False,0.0,0.0,0.0,15.180097860048342,0.0,3598.384456478105,3613.5645543381534
2025-11-20T20:00:00Z,2025-11-20T20:15:00Z,2025-11-20,2025-11-20_85,0.0,100,100,0,19.742537142857202,30.73049142857149,0.03052209523809524,0.0,11.943428571428571,True,True,True,False,0.0,0.0,109.82727111949536,15.180097860048342,0.0,1923.91550787007,2048.9228768496137
2025-11-20T20:15:00Z,2025-11-20T20:30:00Z,2025-11-20,2025-11-20_86,0.0,100,100,0,30.73049142857149,37.945920000000065,0.020042857142857144,0.0,7.842857142857143,True,True,True,False,0.0,0.0,109.82727111949536,15.180097860048342,0.0,575.1736805315772,700.1810495111209
2025-11-20T20:30:00Z,2025-11-20T20:45:00Z,2025-11-20,2025-11-20_87,0.0,100,100,0,37.945920000000065,50.16036571428578,0.03392901587301588,0.0,13.27657142857143,True,True,True,False,0.0,0.0,109.82727111949536,15.180097860048342,0.0,369.4084880538315,494.4158570333752
2025-11-20T20:45:00Z,2025-11-20T21:00:00Z,2025-11-20,2025-11-20_88,0.0,100,100,0,50.16036571428578,62.3269714285715,0.03379612698412699,0.0,13.22457142857143,True,True,True,False,0.0,0.0,109.82727111949536,15.180097860048342,0.0,6879.9943448907015,7005.001713870245
2025-11-20T21:00:00Z,2025-11-20T21:15:00Z,2025-11-20,2025-11-20_89,0.0,100,100,0,62.3269714285715,78.93481142857149,0.04613288888888889,0.0,18.052,True,True,True,False,0.0,0.0,109.82727111949536,15.180097860048342,0.0,7618.597417909567,7743.604786889111
2025-11-20T21:15:00Z,2025-11-20T21:30:00Z,2025-11-20,2025-11-20_90,0.0,100,100,0,78.93481142857149,77.78697242236032,0.007505140096618358,1.7708571428571431,0.8445714285714285,True,True,True,False,0.0,0.0,109.82727111949536,15.180097860048342,318.30190616551994,-52.31317483711046,390.99610030795316
2025-11-20T21:30:00Z,2025-11-20T21:45:00Z,2025-11-20,2025-11-20_91,0.0,100,100,0,77.78697242236032,84.45302956521746,0.0185168253968254,0.0,7.2457142857142856,True,True,True,False,0.0,0.0,109.82727111949536,15.180097860048342,0.0,-316.1024549228994,-191.0950859433557
2025-11-20T21:45:00Z,2025-11-20T22:00:00Z,2025-11-20,2025-11-20_92,0.0,100,100,0,84.45302956521746,96.2306067080746,0.032715492063492065,0.0,12.801714285714286,True,True,True,False,0.0,0.0,109.82727111949536,15.180097860048342,0.0,-534.968216763095,-409.96084778355134
2025-11-20T22:00:00Z,2025-11-20T22:15:00Z,2025-11-21,2025-11-20_93,0.0,100,100,0,96.2306067080746,97.84805267080752,0.004765507246376813,0.045142857142857144,1.8114285714285714,True,True,True,False,0.0,0.0,88.30985085185405,13.942109296704595,6.892311613792485,-85.96677137635695,23.177500385994186
2025-11-20T22:15:00Z,2025-11-20T22:30:00Z,2025-11-21,2025-11-20_94,0.0,100,100,0,97.84805267080752,98.66101763975162,0.002630906832298137,0.061714285714285715,0.9565714285714285,True,True,True,False,0.0,0.0,88.30985085185405,13.942109296704595,9.2166985287306,-39.02301648124911,72.44564219604014
2025-11-20T22:30:00Z,2025-11-20T22:45:00Z,2025-11-21,2025-11-20_95,0.0,100,100,0,98.66101763975162,104.6583662111802,0.016659301587301587,0.0,6.518857142857143,True,True,True,False,0.0,0.0,88.30985085185405,13.942109296704595,0.0,203.82429118838482,306.07625133694347
2025-11-20T22:45:00Z,2025-11-20T23:00:00Z,2025-11-21,2025-11-20_96,0.0,100,100,0,104.6583662111802,110.46120049689448,0.01611898412698413,0.0,6.307428571428572,True,True,True,False,0.0,0.0,88.30985085185405,13.942109296704595,0.0,3043.317863024005,3145.5698231725637
2025-11-20T23:00:00Z,2025-11-20T23:15:00Z,2025-11-21,2025-11-21_1,0.0,0,0,100,110.46120049689448,110.46120049689448,0.0,0.0,0.0,True,True,True,False,0.0,1024.2881565760774,0.0,0.0,0.0,0.0,1024.2881565760774
2025-11-20T23:15:00Z,2025-11-20T23:30:00Z,2025-11-21,2025-11-21_2,0.0,0,0,100,110.46120049689448,110.46120049689448,0.0,0.0,0.0,True,True,True,False,0.0,1024.2881565760774,0.0,0.0,0.0,0.0,1024.2881565760774
2025-11-20T23:30:00Z,2025-11-20T23:45:00Z,2025-11-21,2025-11-21_3,0.0,0,0,100,110.46120049689448,110.46120049689448,0.0,0.0,0.0,True,True,True,False,0.0,1024.2881565760774,0.0,0.0,0.0,0.0,1024.2881565760774
2025-11-20T23:45:00Z,2025-11-21T00:00:00Z,2025-11-21,2025-11-21_4,0.0,0,0,100,110.46120049689448,110.46120049689448,0.0,0.0,0.0,True,True,True,False,0.0,1024.2881565760774,0.0,0.0,0.0,0.0,1024.2881565760774
2025-11-21T00:00:00Z,2025-11-21T00:15:00Z,2025-11-21,2025-11-21_5,0.0,0,0,100,110.46120049689448,110.46120049689448,0.0,0.0,0.0,True,True,True,False,0.0,1024.2881565760774,0.0,0.0,0.0,0.0,1024.2881565760774
2025-11-21T00:15:00Z,2025-11-21T00:30:00Z,2025-11-21,2025-11-21_6,0.0,0,0,100,110.46120049689448,110.46120049689448,0.0,0.0,0.0,True,True,True,False,0.0,1024.2881565760774,0.0,0.0,0.0,0.0,1024.2881565760774
2025-11-21T00:30:00Z,2025-11-21T00:45:00Z,2025-11-21,2025-11-21_7,0.0,0,0,100,110.46120049689448,110.46120049689448,0.0,0.0,0.0,True,True,True,False,0.0,1024.2881565760774,0.0,0.0,0.0,0.0,1024.2881565760774
2025-11-21T00:45:00Z,2025-11-21T01:00:00Z,2025-11-21,2025-11-21_8,0.0,0,0,100,110.46120049689448,110.46120049689448,0.0,0.0,0.0,True,True,True,False,0.0,1024.2881565760774,0.0,0.0,0.0,0.0,1024.2881565760774
2025-11-21T01:00:00Z,2025-11-21T01:15:00Z,2025-11-21,2025-11-21_9,-52.710419809686975,54,0,46,110.46120049689448,117.17052891428571,0.01948201434899408,5.859462857142857,0.0,True,True,True,False,-1238.5630894781195,471.17255202499564,47.687319460001184,0.0,1217.783579629614,0.0,498.08036163649126
2025-11-21T01:15:00Z,2025-11-21T01:30:00Z,2025-11-21,2025-11-21_10,-54.0,54,0,46,117.17052891428571,127.71546377142857,0.02929148571428572,2.0381142857142858,0.0,True,True,True,False,-1204.2,471.17255202499564,47.687319460001184,0.0,320.3626975349711,0.0,-364.9774309800321
2025-11-21T01:30:00Z,2025-11-21T01:45:00Z,2025-11-21,2025-11-21_11,-54.0,54,0,46,127.71546377142857,136.11109988571428,0.02332121142857143,4.374308571428572,0.0,True,True,True,False,-1202.985,471.17255202499564,47.687319460001184,0.0,691.267799974735,0.0,7.142671459731922
2025-11-21T01:45:00Z,2025-11-21T02:00:00Z,2025-11-21,2025-11-21_12,-54.0,54,0,46,136.11109988571428,144.0,0.02191361142857143,4.925108571428572,0.0,True,True,True,False,-1215.81,471.17255202499564,47.687319460001184,0.0,905.1596401445162,0.0,208.20951162951306
2025-11-21T02:00:00Z,2025-11-21T02:15:00Z,2025-11-21,2025-11-21_13,0.0,0,0,100,144.0,144.0,0.0,0.0,0.0,True,True,True,False,0.0,1024.2881565760774,0.0,0.0,0.0,0.0,1024.2881565760774
2025-11-21T02:15:00Z,2025-11-21T02:30:00Z,2025-11-21,2025-11-21_14,0.0,0,0,100,144.0,144.0,0.0,0.0,0.0,True,True,True,False,0.0,1024.2881565760774,0.0,0.0,0.0,0.0,1024.2881565760774
2025-11-21T02:30:00Z,2025-11-21T02:45:00Z,2025-11-21,2025-11-21_15,0.0,0,0,100,144.0,144.0,0.0,0.0,0.0,True,True,True,False,0.0,1024.2881565760774,0.0,0.0,0.0,0.0,1024.2881565760774
2025-11-21T02:45:00Z,2025-11-21T03:00:00Z,2025-11-21,2025-11-21_16,0.0,0,0,100,144.0,144.0,0.0,0.0,0.0,True,True,True,False,0.0,1024.2881565760774,0.0,0.0,0.0,0.0,1024.2881565760774
2025-11-21T03:00:00Z,2025-11-21T03:15:00Z,2025-11-21,2025-11-21_17,0.0,0,0,100,144.0,144.0,0.0,0.0,0.0,True,True,True,False,0.0,1024.2881565760774,0.0,0.0,0.0,0.0,1024.2881565760774
2025-11-21T03:15:00Z,2025-11-21T03:30:00Z,2025-11-21,2025-11-21_18,0.0,0,0,100,144.0,144.0,0.0,0.0,0.0,True,True,True,False,0.0,1024.2881565760774,0.0,0.0,0.0,0.0,1024.2881565760774
2025-11-21T03:30:00Z,2025-11-21T03:45:00Z,2025-11-21,2025-11-21_19,0.0,0,0,100,144.0,144.0,0.0,0.0,0.0,True,True,True,False,0.0,1024.2881565760774,0.0,0.0,0.0,0.0,1024.2881565760774
2025-11-21T03:45:00Z,2025-11-21T04:00:00Z,2025-11-21,2025-11-21_20,0.0,0,0,100,144.0,144.0,0.0,0.0,0.0,True,True,True,False,0.0,1024.2881565760774,0.0,0.0,0.0,0.0,1024.2881565760774
2025-11-21T04:00:00Z,2025-11-21T04:15:00Z,2025-11-21,2025-11-21_21,0.0,0,0,100,144.0,144.0,0.0,0.0,0.0,True,True,True,False,0.0,1024.2881565760774,0.0,0.0,0.0,0.0,1024.2881565760774
2025-11-21T04:15:00Z,2025-11-21T04:30:00Z,2025-11-21,2025-11-21_22,0.0,0,0,100,144.0,144.0,0.0,0.0,0.0,True,True,True,False,0.0,1024.2881565760774,0.0,0.0,0.0,0.0,1024.2881565760774
2025-11-21T04:30:00Z,2025-11-21T04:45:00Z,2025-11-21,2025-11-21_23,0.0,0,0,100,144.0,144.0,0.0,0.0,0.0,True,True,True,False,0.0,1024.2881565760774,0.0,0.0,0.0,0.0,1024.2881565760774
2025-11-21T04:45:00Z,2025-11-21T05:00:00Z,2025-11-21,2025-11-21_24,0.0,0,0,100,144.0,144.0,0.0,0.0,0.0,True,True,True,False,0.0,1024.2881565760774,0.0,0.0,0.0,0.0,1024.2881565760774
2025-11-21T05:00:00Z,2025-11-21T05:15:00Z,2025-11-21,2025-11-21_25,0.0,0,0,100,144.0,144.0,0.0,0.0,0.0,True,True,True,False,0.0,1024.2881565760774,0.0,0.0,0.0,0.0,1024.2881565760774
2025-11-21T05:15:00Z,2025-11-21T05:30:00Z,2025-11-21,2025-11-21_26,0.0,0,0,100,144.0,144.0,0.0,0.0,0.0,True,True,True,False,0.0,1024.2881565760774,0.0,0.0,0.0,0.0,1024.2881565760774
2025-11-21T05:30:00Z,2025-11-21T05:45:00Z,2025-11-21,2025-11-21_27,0.0,0,0,100,144.0,144.0,0.0,0.0,0.0,True,True,True,False,0.0,1024.2881565760774,0.0,0.0,0.0,0.0,1024.2881565760774
2025-11-21T05:45:00Z,2025-11-21T06:00:00Z,2025-11-21,2025-11-21_28,0.0,0,0,100,144.0,144.0,0.0,0.0,0.0,True,True,True,False,0.0,1024.2881565760774,0.0,0.0,0.0,0.0,1024.2881565760774
2025-11-21T06:00:00Z,2025-11-21T06:15:00Z,2025-11-21,2025-11-21_29,38.0,0,38,62,144.0,135.00485714285713,0.024986507936507932,0.0,1.2244685714285715,True,True,True,False,1388.045,635.0586570771679,0.0,5.253198137121972,0.0,-46.88250001600122,1981.4743551982888
2025-11-21T06:15:00Z,2025-11-21T06:30:00Z,2025-11-21,2025-11-21_30,38.0,0,38,62,135.00485714285713,125.94858385093167,0.025156314699792962,0.0,1.1682285714285714,True,True,True,False,1704.585,635.0586570771679,0.0,5.253198137121972,0.0,-44.452785586556736,2300.4440696277334
2025-11-21T06:30:00Z,2025-11-21T06:45:00Z,2025-11-21,2025-11-21_31,38.0,0,38,62,125.94858385093167,115.6659254658385,0.028562939958592135,0.0,0.03995428571428571,True,True,True,False,1761.4899999999998,635.0586570771679,0.0,5.253198137121972,0.0,-2.8084512723771344,2398.9934039419127
2025-11-21T06:45:00Z,2025-11-21T07:00:00Z,2025-11-21,2025-11-21_32,38.0,0,38,62,115.6659254658385,105.58152795031054,0.02801221532091097,0.0,0.22235428571428573,True,True,True,False,1900.0,635.0586570771679,0.0,5.253198137121972,0.0,-9.514363755288121,2530.797491459002
2025-11-21T07:00:00Z,2025-11-21T07:15:00Z,2025-11-21,2025-11-21_33,100.0,0,100,0,105.58152795031054,79.34798757763974,0.07287094547964114,0.0,0.8651428571428572,True,True,True,False,4961.75,0.0,0.0,13.82420562400519,0.0,-37.44379223127087,4938.130413392734
2025-11-21T07:15:00Z,2025-11-21T07:30:00Z,2025-11-21,2025-11-21_34,100.0,0,100,0,79.34798757763974,63.059167701863345,0.045246721877156656,0.0,10.014285714285712,True,True,True,False,5584.75,0.0,0.0,13.82420562400519,0.0,733.1667775522635,6331.740983176269
2025-11-21T07:30:00Z,2025-11-21T07:45:00Z,2025-11-21,2025-11-21_35,100.0,0,100,0,63.059167701863345,50.41444720496894,0.035124223602484475,0.0,13.36685714285714,True,True,True,False,5000.0,0.0,0.0,13.82420562400519,0.0,5581.364834499736,10595.189040123742
2025-11-21T07:45:00Z,2025-11-21T08:00:00Z,2025-11-21,2025-11-21_36,0.0,0,100,0,50.41444720496894,52.491018633540364,0.005768253968253968,0.0,2.257142857142857,True,True,True,False,0.0,0.0,0.0,13.82420562400519,0.0,-86.13105273943569,-72.3068471154305
2025-11-21T08:00:00Z,2025-11-21T08:15:00Z,2025-11-21,2025-11-21_37,0.0,100,0,0,52.491018633540364,43.4363602484472,0.025151828847481017,8.330285714285713,0.0,True,True,True,False,0.0,0.0,88.30985085185405,0.0,2796.758912029824,0.0,2885.068762881678
2025-11-21T08:15:00Z,2025-11-21T08:30:00Z,2025-11-21,2025-11-21_38,0.0,100,0,0,43.4363602484472,20.834496894409934,0.06278295376121464,20.793714285714287,0.0,True,True,True,False,0.0,0.0,88.30985085185405,0.0,24056.63864669042,0.0,24144.94849754227
2025-11-21T08:30:00Z,2025-11-21T08:45:00Z,2025-11-21,2025-11-21_39,-99.3712077227566,100,0,0,20.834496894409934,42.09566902857145,0.059124533078253,1.7308571428571426,0.0,True,True,True,False,-3006.7243176713077,0.0,88.30985085185405,0.0,290.1353154625052,0.0,-2628.2791513569487
2025-11-21T08:45:00Z,2025-11-21T09:00:00Z,2025-11-21,2025-11-21_40,-100.0,100,0,0,42.09566902857145,65.0536118857143,0.06377206349206349,0.045714285714285714,0.0,True,True,True,False,-383.5,0.0,88.30985085185405,0.0,6.978442155616005,0.0,-288.21170699252997
2025-11-21T09:00:00Z,2025-11-21T09:15:00Z,2025-11-21,2025-11-21_41,0.0,0,0,100,65.0536118857143,65.0536118857143,0.0,0.0,0.0,True,True,True,False,0.0,1024.2881565760774,0.0,0.0,0.0,0.0,1024.2881565760774
2025-11-21T09:15:00Z,2025-11-21T09:30:00Z,2025-11-21,2025-11-21_42,0.0,0,0,100,65.0536118857143,65.0536118857143,0.0,0.0,0.0,True,True,True,False,0.0,1024.2881565760774,0.0,0.0,0.0,0.0,1024.2881565760774
2025-11-21T09:30:00Z,2025-11-21T09:45:00Z,2025-11-21,2025-11-21_43,0.0,0,0,100,65.0536118857143,65.0536118857143,0.0,0.0,0.0,True,True,True,False,0.0,1024.2881565760774,0.0,0.0,0.0,0.0,1024.2881565760774
2025-11-21T09:45:00Z,2025-11-21T10:00:00Z,2025-11-21,2025-11-21_44,0.0,0,0,100,65.0536118857143,65.0536118857143,0.0,0.0,0.0,True,True,True,False,0.0,1024.2881565760774,0.0,0.0,0.0,0.0,1024.2881565760774
2025-11-21T10:00:00Z,2025-11-21T10:15:00Z,2025-11-21,2025-11-21_45,-86.0,86,0,14,65.0536118857143,84.70882834285716,0.0545978234920635,0.13563428571428573,0.0,True,True,True,False,-1541.55,143.40034192065085,75.94647173259447,0.0,21.287991578309096,0.0,-1300.9151947684456
2025-11-21T10:15:00Z,2025-11-21T10:30:00Z,2025-11-21,2025-11-21_46,-86.0,86,0,14,84.70882834285716,104.45989302857146,0.05486406857142858,0.031451428571428575,0.0,True,True,True,False,-1538.7549999999999,143.40034192065085,75.94647173259447,0.0,4.938138188718865,0.0,-1314.4700481580358
2025-11-21T10:30:00Z,2025-11-21T10:45:00Z,2025-11-21,2025-11-21_47,-86.0,86,0,14,104.45989302857146,124.23311131428574,0.05492560634920636,0.007371428571428571,0.0,True,True,True,False,-1689.8999999999999,143.40034192065085,75.94647173259447,0.0,1.1341996446046436,0.0,-1469.4189867021498
2025-11-21T10:45:00Z,2025-11-21T11:00:00Z,2025-11-21,2025-11-21_48,-86.0,86,0,14,124.23311131428574,144.00000000000003,0.054908024126984124,0.014251428571428571,0.0,True,True,True,False,-2535.065,143.40034192065085,75.94647173259447,0.0,2.202828547286391,0.0,-2313.5153577994683
2025-11-21T11:00:00Z,2025-11-21T11:15:00Z,2025-11-21,2025-11-21_49,0.0,0,0,100,144.00000000000003,144.00000000000003,0.0,0.0,0.0,True,True,True,False,0.0,1024.2881565760774,0.0,0.0,0.0,0.0,1024.2881565760774
2025-11-21T11:15:00Z,2025-11-21T11:30:00Z,2025-11-21,2025-11-21_50,0.0,0,0,100,144.00000000000003,144.00000000000003,0.0,0.0,0.0,True,True,True,False,0.0,1024.2881565760774,0.0,0.0,0.0,0.0,1024.2881565760774
2025-11-21T11:30:00Z,2025-11-21T11:45:00Z,2025-11-21,2025-11-21_51,0.0,0,0,100,144.00000000000003,144.00000000000003,0.0,0.0,0.0,True,True,True,False,0.0,1024.2881565760774,0.0,0.0,0.0,0.0,1024.2881565760774
2025-11-21T11:45:00Z,2025-11-21T12:00:00Z,2025-11-21,2025-11-21_52,0.0,0,0,100,144.00000000000003,144.00000000000003,0.0,0.0,0.0,True,True,True,False,0.0,1024.2881565760774,0.0,0.0,0.0,0.0,1024.2881565760774
2025-11-21T12:00:00Z,2025-11-21T12:15:00Z,2025-11-21,2025-11-21_53,0.0,0,0,100,144.00000000000003,144.00000000000003,0.0,0.0,0.0,True,True,True,False,0.0,1024.2881565760774,0.0,0.0,0.0,0.0,1024.2881565760774
2025-11-21T12:15:00Z,2025-11-21T12:30:00Z,2025-11-21,2025-11-21_54,0.0,0,0,100,144.00000000000003,144.00000000000003,0.0,0.0,0.0,True,True,True,False,0.0,1024.2881565760774,0.0,0.0,0.0,0.0,1024.2881565760774
2025-11-21T12:30:00Z,2025-11-21T12:45:00Z,2025-11-21,2025-11-21_55,0.0,0,0,100,144.00000000000003,144.00000000000003,0.0,0.0,0.0,True,True,True,False,0.0,1024.2881565760774,0.0,0.0,0.0,0.0,1024.2881565760774
2025-11-21T12:45:00Z,2025-11-21T13:00:00Z,2025-11-21,2025-11-21_56,0.0,0,0,100,144.00000000000003,144.00000000000003,0.0,0.0,0.0,True,True,True,False,0.0,1024.2881565760774,0.0,0.0,0.0,0.0,1024.2881565760774
2025-11-21T13:00:00Z,2025-11-21T13:15:00Z,2025-11-21,2025-11-21_57,-50.999999999999986,100,49,0,144.00000000000003,158.70193120000002,0.040838697777777766,0.0,3.2303600000000006,True,True,True,False,-1602.8024999999996,0.0,88.30985085185405,6.831633555385252,0.0,115.20912721413274,-1392.4518883786275
2025-11-21T13:15:00Z,2025-11-21T13:30:00Z,2025-11-21,2025-11-21_58,-50.999999999999844,100,49,0,158.70193120000002,170.4301556869565,0.03540714531400957,0.9560000000000001,1.03908,True,True,True,False,-1952.789999999994,0.0,88.30985085185405,6.831633555385252,150.25650887225137,-39.16606128632907,-1746.5580680068324
2025-11-21T13:30:00Z,2025-11-21T13:45:00Z,2025-11-21,2025-11-21_59,-50.999999999999986,100,49,0,170.4301556869565,173.96994025341613,0.03402331461697722,8.17542857142857,0.0,True,True,True,False,-2214.6749999999993,0.0,88.30985085185405,6.831633555385252,1285.2174059507668,0.0,-834.3161096419932
2025-11-21T13:45:00Z,2025-11-21T14:00:00Z,2025-11-21,2025-11-21_60,-50.03969565544312,100,49,0,173.96994025341613,172.26499446090827,0.034994376729736834,13.169142857142857,0.0,True,True,True,False,-2285.9383967797803,0.0,88.30985085185405,6.831633555385252,7940.070068468348,0.0,5749.273156095807
2025-11-21T14:00:00Z,2025-11-21T14:15:00Z,2025-11-21,2025-11-21_61,-99.99999999999991,100,0,0,172.26499446090827,189.99996588947968,0.0492638095238095,5.722857142857143,0.0,True,True,True,False,-3812.7499999999964,0.0,108.44190296527738,0.0,4551.095704656915,0.0,846.7876076221957
2025-11-21T14:15:00Z,2025-11-21T14:30:00Z,2025-11-21,2025-11-21_62,-0.28210496508216737,100,0,0,189.99996588947968,189.9965566553336,0.0003690312320594308,0.06285714285714285,0.0,True,True,True,False,-12.038124122468787,0.0,108.44190296527738,0.0,9.881450664331052,0.0,106.28522950713965
2025-11-21T14:30:00Z,2025-11-21T14:45:00Z,2025-11-21,2025-11-21_63,0.0,100,0,0,189.9965566553336,189.82637031992988,0.00047273982056590756,0.15657142857142858,0.0,True,True,True,False,0.0,0.0,108.44190296527738,0.0,24.613795291151895,0.0,133.05569825642928
2025-11-21T14:45:00Z,2025-11-21T15:00:00Z,2025-11-21,2025-11-21_64,0.0,100,0,0,189.82637031992988,189.75618398452616,0.00019496204278812975,0.06457142857142857,0.0,True,True,True,False,0.0,0.0,108.44190296527738,0.0,10.150944773358264,0.0,118.59284773863564
2025-11-21T15:00:00Z,2025-11-21T15:15:00Z,2025-11-21,2025-11-21_65,0.0,0,100,0,189.75618398452616,189.96226398452615,0.0005724444444444445,0.0,0.22400000000000003,True,True,True,False,0.0,0.0,0.0,13.82420562400519,0.0,-14.691942069995482,-0.8677364459902925
2025-11-21T15:15:00Z,2025-11-21T15:30:00Z,2025-11-21,2025-11-21_66,77.70793036750499,0,100,0,189.96226398452615,169.0391304347826,0.05832945994636477,0.0,0.184,True,True,True,False,4536.394705029022,0.0,0.0,13.82420562400519,0.0,-14.462850517793632,4535.756060135233
2025-11-21T15:30:00Z,2025-11-21T15:45:00Z,2025-11-21,2025-11-21_67,100.0,0,100,0,169.0391304347826,142.1229813664596,0.07476708074534161,0.0,0.23714285714285713,True,True,True,False,6362.0,0.0,0.0,13.82420562400519,0.0,-17.660849524034102,6358.163356099971
2025-11-21T15:45:00Z,2025-11-21T16:00:00Z,2025-11-21,2025-11-21_68,100.0,0,100,0,142.1229813664596,115.1919254658385,0.07480848861283643,0.0,0.22342857142857142,True,True,True,False,7881.0,0.0,0.0,13.82420562400519,0.0,-16.368165783792737,7878.456039840213
2025-11-21T16:00:00Z,2025-11-21T16:15:00Z,2025-11-21,2025-11-21_69,100.0,0,100,0,115.1919254658385,100.47453416149067,0.0408816425120773,0.0,11.459999999999999,True,True,True,False,6264.25,0.0,0.0,13.82420562400519,0.0,-267.9674939574368,6010.106711666568
2025-11-21T16:15:00Z,2025-11-21T16:30:00Z,2025-11-21,2025-11-21_70,100.0,0,100,0,100.47453416149067,79.18136645962731,0.059147688060731535,0.0,5.410285714285714,True,True,True,False,6048.25,0.0,0.0,13.82420562400519,0.0,-284.6510479109996,5777.423157713006
2025-11-21T16:30:00Z,2025-11-21T16:45:00Z,2025-11-21,2025-11-21_71,100.0,0,100,0,79.18136645962731,73.66024844720495,0.015336438923395451,0.0,19.920571428571428,True,True,True,False,5798.0,0.0,0.0,13.82420562400519,0.0,8975.280414908639,14787.104620532644
2025-11-21T16:45:00Z,2025-11-21T17:00:00Z,2025-11-21,2025-11-21_72,100.0,0,100,0,73.66024844720495,64.3478260869565,0.025867839889579018,0.0,16.43257142857143,True,True,True,False,5451.25,0.0,0.0,13.82420562400519,0.0,2136.909167796577,7601.983373420582
2025-11-21T17:00:00Z,2025-11-21T17:15:00Z,2025-11-21,2025-11-21_73,0.0,0,0,100,64.3478260869565,64.3478260869565,0.0,0.0,0.0,True,True,True,False,0.0,1024.2881565760774,0.0,0.0,0.0,0.0,1024.2881565760774
2025-11-21T17:15:00Z,2025-11-21T17:30:00Z,2025-11-21,2025-11-21_74,0.0,0,0,100,64.3478260869565,64.3478260869565,0.0,0.0,0.0,True,True,True,False,0.0,1024.2881565760774,0.0,0.0,0.0,0.0,1024.2881565760774
2025-11-21T17:30:00Z,2025-11-21T17:45:00Z,2025-11-21,2025-11-21_75,0.0,0,0,100,64.3478260869565,64.3478260869565,0.0,0.0,0.0,True,True,True,False,0.0,1024.2881565760774,0.0,0.0,0.0,0.0,1024.2881565760774
2025-11-21T17:45:00Z,2025-11-21T18:00:00Z,2025-11-21,2025-11-21_76,0.0,0,0,100,64.3478260869565,64.3478260869565,0.0,0.0,0.0,True,True,True,False,0.0,1024.2881565760774,0.0,0.0,0.0,0.0,1024.2881565760774
2025-11-21T18:00:00Z,2025-11-21T18:15:00Z,2025-11-21,2025-11-21_77,0.0,100,70,0,64.3478260869565,59.98625540372669,0.013781696342305036,4.288571428571428,0.326,True,True,True,False,0.0,0.0,110.77050050109061,9.676943936803632,807.5271540579918,-13.828783037591622,914.1458154582944
2025-11-21T18:15:00Z,2025-11-21T18:30:00Z,2025-11-21,2025-11-21_78,-30.0,100,70,0,59.98625540372669,54.417750757763955,0.03536284941338855,12.025142857142859,0.0,True,True,True,False,-1245.45,0.0,110.77050050109061,9.676943936803632,9294.018328968092,0.0,8169.015773405986
2025-11-21T18:30:00Z,2025-11-21T18:45:00Z,2025-11-21,2025-11-21_79,-30.0,100,70,0,54.417750757763955,56.1720014906832,0.02877630034506556,5.654857142857144,0.7799999999999999,True,True,True,False,-1257.75,0.0,110.77050050109061,9.676943936803632,2262.790713457582,102.9850144431999,1228.4731723386762
2025-11-21T18:45:00Z,2025-11-21T19:00:00Z,2025-11-21,2025-11-21_80,-29.26706346205779,100,70,0,56.1720014906832,64.34782608695649,0.022710623878536923,0.0,1.5699999999999998,True,True,True,False,-1224.0949293005672,0.0,110.77050050109061,9.676943936803632,0.0,-75.09831790760282,-1178.7458027702758
2025-11-21T19:00:00Z,2025-11-21T19:15:00Z,2025-11-21,2025-11-21_81,0.0,0,0,100,64.34782608695649,64.34782608695649,0.0,0.0,0.0,True,True,True,False,0.0,1024.2881565760774,0.0,0.0,0.0,0.0,1024.2881565760774
2025-11-21T19:15:00Z,2025-11-21T19:30:00Z,2025-11-21,2025-11-21_82,0.0,0,0,100,64.34782608695649,64.34782608695649,0.0,0.0,0.0,True,True,True,False,0.0,1024.2881565760774,0.0,0.0,0.0,0.0,1024.2881565760774
2025-11-21T19:30:00Z,2025-11-21T19:45:00Z,2025-11-21,2025-11-21_83,0.0,0,0,100,64.34782608695649,64.34782608695649,0.0,0.0,0.0,True,True,True,False,0.0,1024.2881565760774,0.0,0.0,0.0,0.0,1024.2881565760774
2025-11-21T19:45:00Z,2025-11-21T20:00:00Z,2025-11-21,2025-11-21_84,0.0,0,0,100,64.34782608695649,64.34782608695649,0.0,0.0,0.0,True,True,True,False,0.0,1024.2881565760774,0.0,0.0,0.0,0.0,1024.2881565760774
2025-11-21T20:00:00Z,2025-11-21T20:15:00Z,2025-11-21,2025-11-21_85,0.0,100,100,0,64.34782608695649,60.37753043478258,0.012591138716356106,3.911428571428571,0.3057142857142857,True,True,True,False,0.0,0.0,110.06307846489419,13.942109296704595,861.4735230459572,-18.966793272753304,966.5119175348027
2025-11-21T20:15:00Z,2025-11-21T20:30:00Z,2025-11-21,2025-11-21_86,0.0,100,100,0,60.37753043478258,58.94232546583848,0.0041327122153209115,1.3445714285714288,0.028571428571428574,True,True,True,False,0.0,0.0,110.06307846489419,13.942109296704595,211.19354561608884,-1.7930341387277073,333.4056992389599
2025-11-21T20:30:00Z,2025-11-21T20:45:00Z,2025-11-21,2025-11-21_87,0.0,100,100,0,58.94232546583848,56.05656546583848,0.010793523809523807,3.1148571428571423,0.5434285714285715,True,True,True,False,0.0,0.0,110.06307846489419,13.942109296704595,502.40652142057075,-33.66034309968756,592.751366082482
2025-11-21T20:45:00Z,2025-11-21T21:00:00Z,2025-11-21,2025-11-21_88,0.0,100,100,0,56.05656546583848,68.93866832298134,0.03578361904761905,0.0,14.002285714285714,True,True,True,False,0.0,0.0,110.06307846489419,13.942109296704595,0.0,8396.845153737968,8520.850341499567
2025-11-21T21:00:00Z,2025-11-21T21:15:00Z,2025-11-21,2025-11-21_89,0.0,100,100,0,68.93866832298134,68.95594335403725,0.01142134713595583,1.8834285714285712,2.244,True,True,True,False,0.0,0.0,110.06307846489419,13.942109296704595,341.19484210733157,1200.8144974355955,1666.014527304526
2025-11-21T21:15:00Z,2025-11-21T21:30:00Z,2025-11-21,2025-11-21_90,0.0,100,100,0,68.95594335403725,74.28683329192545,0.015791464458247067,0.16285714285714284,5.986857142857143,True,True,True,False,0.0,0.0,110.06307846489419,13.942109296704595,25.52110223090592,4203.4468813074955,4352.9731713
2025-11-21T21:30:00Z,2025-11-21T21:45:00Z,2025-11-21,2025-11-21_91,0.0,100,100,0,74.28683329192545,75.24880496894409,0.0028653802622498267,0.032,1.0834285714285712,True,True,True,False,0.0,0.0,110.06307846489419,13.942109296704595,4.9676747430682475,-67.02443536773312,61.948427136933915
2025-11-21T21:45:00Z,2025-11-21T22:00:00Z,2025-11-21,2025-11-21_92,0.0,100,100,0,75.24880496894409,73.52085863354036,0.004875787439613526,1.602285714285714,0.014857142857142857,True,True,True,False,0.0,0.0,110.06307846489419,13.942109296704595,261.7123341277795,-1.1112129199967435,384.60630896938153
2025-11-21T22:00:00Z,2025-11-21T22:15:00Z,2025-11-22,2025-11-21_93,0.0,100,40,0,73.52085863354036,59.504709565217375,0.03893374741200828,12.894857142857141,0.0,True,True,True,False,0.0,0.0,86.89159183352655,4.303314927983337,5145.086260663546,0.0,5236.281167425056
2025-11-21T22:15:00Z,2025-11-21T22:30:00Z,2025-11-22,2025-11-21_94,0.0,100,40,0,59.504709565217375,53.546324472049676,0.016551069703243614,5.481714285714285,0.0,True,True,True,False,0.0,0.0,86.89159183352655,4.303314927983337,1115.6044190805558,0.0,1206.7993258420656
2025-11-21T22:30:00Z,2025-11-21T22:45:00Z,2025-11-22,2025-11-21_95,0.0,100,40,0,53.546324472049676,51.243839999999985,0.006395790200138026,2.1182857142857143,0.0,True,True,True,False,0.0,0.0,86.89159183352655,4.303314927983337,332.6683821164,0.0,423.8632888779099
2025-11-21T22:45:00Z,2025-11-21T23:00:00Z,2025-11-22,2025-11-21_96,-59.97519630841146,100,40,0,51.243839999999985,64.9381345590062,0.038306262909333214,0.11028571428571428,0.009600000000000001,True,True,True,False,-1290.3663485754726,0.0,86.89159183352655,4.303314927983337,17.13622986944085,-0.5951090762610285,-1182.630321020783
2025-11-21T23:00:00Z,2025-11-21T23:15:00Z,2025-11-22,2025-11-22_1,4.999999999999998,0,5,95,64.9381345590062,63.5806500869565,0.0037707902001380246,0.0,0.0011142857142857144,True,True,True,False,154.69999999999996,882.0321864376805,0.0,0.5379143659979171,0.0,-0.06898779744945079,1037.201113006229
2025-11-21T23:15:00Z,2025-11-21T23:30:00Z,2025-11-22,2025-11-22_2,5.0,0,5,95,63.5806500869565,62.22540163975153,0.003764579020013802,0.0,0.0031714285714285716,True,True,True,False,134.60000000000002,882.0321864376805,0.0,0.5379143659979171,0.0,-0.19659354867686402,1016.9735072550016
2025-11-21T23:30:00Z,2025-11-21T23:45:00Z,2025-11-22,2025-11-22_3,0.0,0,5,95,62.22540163975153,62.23257763975153,1.9933333333333338e-05,0.0,0.007800000000000001,True,True,True,False,0.0,882.0321864376805,0.0,0.5379143659979171,0.0,-0.48310003733469575,882.0870007663437
2025-11-21T23:45:00Z,2025-11-22T00:00:00Z,2025-11-22,2025-11-22_4,0.0,0,5,95,62.23257763975153,62.24466906832296,3.358730158730159e-05,0.0,0.013142857142857144,True,True,True,False,0.0,882.0321864376805,0.0,0.5379143659979171,0.0,-0.6689657727860947,881.9011350308923
2025-11-22T00:00:00Z,2025-11-22T00:15:00Z,2025-11-22,2025-11-22_5,0.0,5,5,95,62.24466906832296,62.2331759006211,0.00016700483091787438,0.03294285714285714,0.02642857142857143,True,True,True,False,0.0,882.0321864376805,4.344579591676327,0.5379143659979171,5.1579059502522195,-1.4110990716854228,890.6614872739215
2025-11-22T00:15:00Z,2025-11-22T00:30:00Z,2025-11-22,2025-11-22_6,-1.3877787807814457e-15,5,5,95,62.2331759006211,62.05954236024843,0.0004823153899240862,0.15974285714285716,0.0,True,True,True,False,-3.250524849285341e-14,882.0321864376805,4.344579591676327,0.5379143659979171,25.103242678329316,0.0,912.017923073684
2025-11-22T00:30:00Z,2025-11-22T00:45:00Z,2025-11-22,2025-11-22_7,-1.3877787807814457e-15,5,5,95,62.05954236024843,61.723020621117996,0.0009347826086956526,0.3096,0.0,True,True,True,False,-3.199523979091623e-14,882.0321864376805,4.344579591676327,0.5379143659979171,55.65785620247195,0.0,942.5725365978267
2025-11-22T00:45:00Z,2025-11-22T01:00:00Z,2025-11-22,2025-11-22_8,0.0,5,5,95,61.723020621117996,61.63043478260868,0.0005112781228433402,0.12725714285714285,0.04971428571428571,True,True,True,False,0.0,882.0321864376805,4.344579591676327,0.5379143659979171,19.996532926113794,-2.1101438648989292,904.8010694565696
2025-11-22T01:00:00Z,2025-11-22T01:15:00Z,2025-11-22,2025-11-22_9,0.0,5,5,95,61.63043478260868,61.76740963975154,0.0003804857142857143,0.0,0.1488857142857143,True,True,True,False,0.0,882.0321864376805,4.344579591676327,0.5379143659979171,0.0,-7.901261379362615,879.0134190159921
2025-11-22T01:15:00Z,2025-11-22T01:30:00Z,2025-11-22,2025-11-22_10,0.0,5,5,95,61.76740963975154,61.79345878260868,7.235873015873016e-05,0.0,0.028314285714285715,True,True,True,False,0.0,882.0321864376805,4.344579591676327,0.5379143659979171,0.0,-1.752752819050239,885.1619275763045
2025-11-22T01:30:00Z,2025-11-22T01:45:00Z,2025-11-22,2025-11-22_11,0.0,5,5,95,61.79345878260868,61.817238012422344,7.019420289855073e-05,0.0006857142857142857,0.02665714285714286,True,True,True,False,0.0,882.0321864376805,4.344579591676327,0.5379143659979171,0.10644598960804183,-1.6501070523275236,885.3710193326352
2025-11-22T01:45:00Z,2025-11-22T02:00:00Z,2025-11-22,2025-11-22_12,0.0,5,5,95,61.817238012422344,61.967515875776385,0.0004183011732229124,0.00014285714285714287,0.16351428571428572,True,True,True,False,0.0,882.0321864376805,4.344579591676327,0.5379143659979171,0.022176247835008718,-6.406427445773461,880.5304291974163
2025-11-22T02:00:00Z,2025-11-22T02:15:00Z,2025-11-22,2025-11-22_13,15.0,85,100,0,61.967515875776385,70.19751508074533,0.033711005383022775,0.0,13.021714285714287,True,True,True,False,324.9,0.0,73.85785305849757,10.758287319958342,0.0,4390.716026914666,4800.232167293122
2025-11-22T02:15:00Z,2025-11-22T02:30:00Z,2025-11-22,2025-11-22_14,15.000000000000082,85,100,0,70.19751508074533,86.61861113043476,0.04861312049689438,0.0,21.68914285714286,True,True,True,False,319.0125000000017,0.0,73.85785305849757,10.758287319958342,0.0,15757.984189626568,16161.612830005026
2025-11-22T02:30:00Z,2025-11-22T02:45:00Z,2025-11-22,2025-11-22_15,15.0,85,100,0,86.61861113043476,95.868177242236,0.03556591000690131,0.0,14.10057142857143,True,True,True,False,320.5875,0.0,73.85785305849757,10.758287319958342,0.0,3311.308249732622,3716.5118901110777
2025-11-22T02:45:00Z,2025-11-22T03:00:00Z,2025-11-22,2025-11-22_16,13.03196283657213,85,100,0,95.868177242236,102.96551625367287,0.030498802318996016,0.0,11.296571428571427,True,True,True,False,273.3780004041919,0.0,73.85785305849757,10.758287319958342,0.0,1098.5894071643315,1456.5835479469793
2025-11-22T03:00:00Z,2025-11-22T03:15:00Z,2025-11-22,2025-11-22_17,0.0,5,5,95,102.96551625367287,103.41983853938716,0.0012620063492063491,0.0,0.4938285714285714,True,True,True,False,0.0,882.0321864376805,4.344579591676327,0.5379143659979171,0.0,20.99433702843893,907.9090174237937
2025-11-22T03:15:00Z,2025-11-22T03:30:00Z,2025-11-22,2025-11-22_18,0.0,5,5,95,103.41983853938716,103.90646596795858,0.0013517428571428573,0.0,0.5289428571428572,True,True,True,False,0.0,882.0321864376805,4.344579591676327,0.5379143659979171,0.0,-4.6372275086529475,882.2774528867018
2025-11-22T03:30:00Z,2025-11-22T03:45:00Z,2025-11-22,2025-11-22_19,0.0,5,5,95,103.90646596795858,103.99189453938715,0.00023730158730158734,0.0,0.09285714285714286,True,True,True,False,0.0,882.0321864376805,4.344579591676327,0.5379143659979171,0.0,-2.648447522295551,884.2662328730592
2025-11-22T03:45:00Z,2025-11-22T04:00:00Z,2025-11-22,2025-11-22_20,0.0,5,5,95,103.99189453938715,104.0131508375238,7.267536231884058e-05,0.0022571428571428573,0.025771428571428574,True,True,True,False,0.0,882.0321864376805,4.344579591676327,0.5379143659979171,0.3326437175251307,-1.069288176129936,886.1780359367499
2025-11-22T04:00:00Z,2025-11-22T04:15:00Z,2025-11-22,2025-11-22_21,0.0,100,100,0,104.0131508375238,106.47020127230641,0.00692520910973085,0.01657142857142857,2.6902857142857144,True,True,True,False,0.0,0.0,90.95910868326422,10.758287319958342,2.318456533150683,-95.507230972639,8.528621563734252
2025-11-22T04:15:00Z,2025-11-22T04:30:00Z,2025-11-22,2025-11-22_22,0.0,100,100,0,106.47020127230641,122.41353841516356,0.04428704761904763,0.0,17.32971428571429,True,True,True,False,0.0,0.0,90.95910868326422,10.758287319958342,0.0,12614.35388732782,12716.071283331043
2025-11-22T04:30:00Z,2025-11-22T04:45:00Z,2025-11-22,2025-11-22_23,0.0,100,100,0,122.41353841516356,132.81637270087785,0.028896761904761908,0.0,11.307428571428572,True,True,True,False,0.0,0.0,90.95910868326422,10.758287319958342,0.0,517.5229928390369,619.2403888422594
2025-11-22T04:45:00Z,2025-11-22T05:00:00Z,2025-11-22,2025-11-22_24,0.0,100,100,0,132.81637270087785,135.78245270087785,0.008239111111111114,0.0,3.2240000000000006,True,True,True,False,0.0,0.0,90.95910868326422,10.758287319958342,0.0,-68.5135634984575,33.20383250476506
2025-11-22T05:00:00Z,2025-11-22T05:15:00Z,2025-11-22,2025-11-22_25,0.0,100,100,0,135.78245270087785,145.38935555802072,0.026685841269841273,0.0,10.442285714285715,True,True,True,False,0.0,0.0,110.76614725589985,9.638246448291445,0.0,4886.590005642312,5006.994399346503
2025-11-22T05:15:00Z,2025-11-22T05:30:00Z,2025-11-22,2025-11-22_26,0.0,100,100,0,145.38935555802072,145.93977841516357,0.0015289523809523808,0.0,0.5982857142857142,True,True,True,False,0.0,0.0,110.76614725589985,9.638246448291445,0.0,-24.700873070455902,95.7035206337354
2025-11-22T05:30:00Z,2025-11-22T05:45:00Z,2025-11-22,2025-11-22_27,0.0,100,100,0,145.93977841516357,145.87539282510144,0.0005526901311249138,0.12114285714285714,0.07314285714285715,True,True,True,False,0.0,0.0,110.76614725589985,9.638246448291445,18.80545816408739,-3.374839109918397,135.83501275836028
2025-11-22T05:45:00Z,2025-11-22T06:00:00Z,2025-11-22,2025-11-22_28,0.0,100,100,0,145.87539282510144,145.71527357044306,0.0010873153899240856,0.2537142857142857,0.1257142857142857,True,True,True,False,0.0,0.0,110.76614725589985,9.638246448291445,39.5350281975202,-5.464227466546146,154.47519443516535
2025-11-22T06:00:00Z,2025-11-22T06:15:00Z,2025-11-22,2025-11-22_29,1.0,4,5,95,145.71527357044306,145.98718540149898,0.0015762906280193238,0.0,0.5702285714285714,True,True,True,False,25.0125,882.0321864376805,4.4306458902359935,0.48191232241457227,0.0,7.988645581452797,919.9458902317839
2025-11-22T06:15:00Z,2025-11-22T06:30:00Z,2025-11-22,2025-11-22_30,0.34625552254223213,4,5,95,145.98718540149898,146.23340710559003,0.0010539097025303115,0.0,0.3653142857142857,True,True,True,False,9.290035669808088,882.0321864376805,4.4306458902359935,0.48191232241457227,0.0,-5.044095071539452,891.1906852485997
2025-11-22T06:30:00Z,2025-11-22T06:45:00Z,2025-11-22,2025-11-22_31,0.0,4,5,95,146.23340710559003,146.29505828571425,0.00017484195997239478,0.0005942857142857143,0.06771428571428571,True,True,True,False,0.0,882.0321864376805,4.4306458902359935,0.48191232241457227,0.09225319099363626,-2.5985994155576204,884.4383984257671
2025-11-22T06:45:00Z,2025-11-22T07:00:00Z,2025-11-22,2025-11-22_32,0.0,4,5,95,146.29505828571425,146.29453416149065,2.8909868875086263e-05,0.005028571428571428,0.005371428571428571,True,True,True,False,0.0,882.0321864376805,4.4306458902359935,0.48191232241457227,0.7815920300249551,-0.2530896902904527,887.4732469900656
2025-11-22T07:00:00Z,2025-11-22T07:15:00Z,2025-11-22,2025-11-22_33,0.0,100,0,0,146.29453416149065,124.2485714285714,0.06123878536922015,20.282285714285713,0.0,True,True,True,False,0.0,0.0,110.05875302116289,0.0,23595.152041141147,0.0,23705.21079416231
2025-11-22T07:15:00Z,2025-11-22T07:30:00Z,2025-11-22,2025-11-22_34,-10.63967798548366,100,0,0,124.2485714285714,105.50062857142855,0.05489266842669384,19.823428571428572,0.0,True,True,True,False,-309.45503420779227,0.0,110.05875302116289,0.0,14589.91254743331,0.0,14390.516266246681
2025-11-22T07:30:00Z,2025-11-22T07:45:00Z,2025-11-22,2025-11-22_35,-99.99999999999997,100,0,0,105.50062857142855,123.93637714285711,0.051210412698412686,4.961142857142857,0.0,True,True,True,False,-2524.249999999999,0.0,110.05875302116289,0.0,858.2998435311323,0.0,-1555.8914034477039
2025-11-22T07:45:00Z,2025-11-22T08:00:00Z,2025-11-22,2025-11-22_36,-100.0,100,0,0,123.93637714285711,142.84999999999997,0.05253784126984128,4.441714285714285,0.0,True,True,True,False,-2354.0,0.0,110.05875302116289,0.0,762.615748953646,0.0,-1481.325498025191
2025-11-22T08:00:00Z,2025-11-22T08:15:00Z,2025-11-22,2025-11-22_37,0.0,0,0,95,142.84999999999997,142.84999999999997,0.0,0.0,0.0,True,False,True,False,0.0,882.0321864376805,0.0,0.0,0.0,0.0,882.0321864376805
2025-11-22T08:15:00Z,2025-11-22T08:30:00Z,2025-11-22,2025-11-22_38,-5.0,0,0,95,142.84999999999997,143.99999999999997,0.0031944444444444446,0.0,0.0,True,False,True,False,-123.7875,882.0321864376805,0.0,0.0,0.0,0.0,758.2446864376805
2025-11-22T08:30:00Z,2025-11-22T08:45:00Z,2025-11-22,2025-11-22_39,-5.000000000000056,0,0,95,143.99999999999997,145.14999999999998,0.0031944444444444806,0.0,0.0,True,False,True,False,-124.9750000000014,882.0321864376805,0.0,0.0,0.0,0.0,757.0571864376791
2025-11-22T08:45:00Z,2025-11-22T09:00:00Z,2025-11-22,2025-11-22_40,-5.0,0,0,95,145.14999999999998,146.29999999999998,0.0031944444444444446,0.0,0.0,True,False,True,False,-118.86250000000001,882.0321864376805,0.0,0.0,0.0,0.0,763.1696864376804
2025-11-22T09:00:00Z,2025-11-22T09:15:00Z,2025-11-22,2025-11-22_41,0.0,100,100,0,146.29999999999998,122.63540372670806,0.06573498964803312,21.771428571428572,0.0,True,True,True,False,0.0,0.0,90.1338154094044,24.464050617987464,25673.250515808297,0.0,25787.848381835687
2025-11-22T09:15:00Z,2025-11-22T09:30:00Z,2025-11-22,2025-11-22_42,0.0,100,100,0,122.63540372670806,131.17901913043477,0.02452246514837819,0.13085714285714287,9.441142857142856,True,True,True,False,0.0,0.0,90.1338154094044,24.464050617987464,20.412027498547317,430.4994919674261,565.5093854933652
2025-11-22T09:30:00Z,2025-11-22T09:45:00Z,2025-11-22,2025-11-22_43,0.0,100,100,0,131.17901913043477,132.9795905590062,0.005001587301587301,0.0,1.9571428571428569,True,True,True,False,0.0,0.0,90.1338154094044,24.464050617987464,0.0,-94.10830149591422,20.48956453147765
2025-11-22T09:45:00Z,2025-11-22T10:00:00Z,2025-11-22,2025-11-22_44,0.0,100,100,0,132.9795905590062,138.55211925465838,0.015575864734299519,0.016,6.076,True,True,True,False,0.0,0.0,90.1338154094044,24.464050617987464,2.4736350238745555,4176.954802224362,4294.026303275628
2025-11-22T10:00:00Z,2025-11-22T10:15:00Z,2025-11-22,2025-11-22_45,0.0,5,5,95,138.55211925465838,138.72072556521738,0.00047180151828847474,0.0005714285714285715,0.18394285714285713,True,True,True,False,0.0,882.0321864376805,4.496374604546974,1.2232025308993733,0.08859270654087027,34.76549277026249,922.6058490499302
2025-11-22T10:15:00Z,2025-11-22T10:30:00Z,2025-11-22,2025-11-22_46,0.0,5,5,95,138.72072556521738,138.96657585093166,0.0006829174603174604,0.0,0.2672285714285714,True,True,True,False,0.0,882.0321864376805,4.496374604546974,1.2232025308993733,0.0,18.96203869334179,906.7138022664686
2025-11-22T10:30:00Z,2025-11-22T10:45:00Z,2025-11-22,2025-11-22_47,0.0,5,5,95,138.96657585093166,139.04203582608693,0.00022600165631469983,0.0027142857142857142,0.08522857142857143,True,True,True,False,0.0,882.0321864376805,4.496374604546974,1.2232025308993733,0.42033800531668525,-3.599592900232149,884.5725086782113
2025-11-22T10:45:00Z,2025-11-22T11:00:00Z,2025-11-22,2025-11-22_48,0.0,5,5,95,139.04203582608693,139.0480773664596,2.8341752933057287e-05,0.0019142857142857145,0.008828571428571429,True,True,True,False,0.0,882.0321864376805,4.496374604546974,1.2232025308993733,0.2960389010686706,-0.5477527376437596,887.5000497365518
2025-11-22T11:00:00Z,2025-11-22T11:15:00Z,2025-11-22,2025-11-22_49,-5.0,5,0,95,139.0480773664596,140.1488179378882,0.003057612698412698,0.05354285714285714,0.0,True,True,True,False,-127.9125,882.0321864376805,4.496374604546974,0.0,8.394763744361198,0.0,767.0108247865886
2025-11-22T11:15:00Z,2025-11-22T11:30:00Z,2025-11-22,2025-11-22_50,-5.0,5,0,95,140.1488179378882,141.22955508074534,0.00300204761904762,0.07528571428571428,0.0,True,True,True,False,-121.4375,882.0321864376805,4.496374604546974,0.0,11.821903086989838,0.0,776.9129641292172
2025-11-22T11:30:00Z,2025-11-22T11:45:00Z,2025-11-22,2025-11-22_51,-5.0,5,0,95,141.22955508074534,142.2079619378882,0.0027177968253968257,0.1865142857142857,0.0,True,True,True,False,-125.55,882.0321864376805,4.496374604546974,0.0,29.313502999407692,0.0,790.2920640416352
2025-11-22T11:45:00Z,2025-11-22T12:00:00Z,2025-11-22,2025-11-22_52,-5.0,5,0,95,142.2079619378882,143.35451850931676,0.0031848793650793654,0.0037428571428571433,0.0,True,True,True,False,-125.05000000000001,882.0321864376805,4.496374604546974,0.0,0.5799512683971626,0.0,762.0585123106246
2025-11-22T12:00:00Z,2025-11-22T12:15:00Z,2025-11-22,2025-11-22_53,-3.0,5,2,95,143.35451850931676,144.09470226086955,0.00205648005521049,0.00017142857142857143,0.05473142857142857,True,True,True,False,-76.905,882.0321864376805,4.496374604546974,0.4892810123597493,0.026386916575201338,-2.4466478956425077,807.6925810755199
2025-11-22T12:15:00Z,2025-11-22T12:30:00Z,2025-11-22,2025-11-22_54,-3.000000000000009,5,2,95,144.09470226086955,144.8915274037267,0.0022134031746031805,0.0,0.11611428571428571,True,True,True,False,-76.95750000000022,882.0321864376805,4.496374604546974,0.4892810123597493,0.0,-2.72013303503005,807.3402090195569
2025-11-22T12:30:00Z,2025-11-22T12:45:00Z,2025-11-22,2025-11-22_55,-3.0,5,2,95,144.8915274037267,145.58082326459626,0.001920783878536922,0.0025142857142857137,0.0019314285714285716,True,True,True,False,-77.97,882.0321864376805,4.496374604546974,0.4892810123597493,0.3890668291053427,-0.11954962567055079,809.317359258022
2025-11-22T12:45:00Z,2025-11-22T13:00:00Z,2025-11-22,2025-11-22_56,-3.0,5,2,95,145.58082326459626,146.26442779627328,0.0019187772532781228,0.008228571428571427,0.0018742857142857144,True,True,True,False,-82.13250000000001,882.0321864376805,4.496374604546974,0.4892810123597493,1.2820958631472865,-0.11601265449686585,806.0514252632377
2025-11-22T13:00:00Z,2025-11-22T13:15:00Z,2025-11-22,2025-11-22_57,-100.0,100,0,0,146.26442779627328,169.02102208198758,0.06321276190476191,0.26457142857142857,0.0,True,True,True,False,-2675.75,0.0,87.00949087264938,0.0,41.100407986817764,0.0,-2547.640101140533
2025-11-22T13:15:00Z,2025-11-22T13:30:00Z,2025-11-22,2025-11-22_58,-0.12401221891584177,100,0,0,169.02102208198758,167.43991366956513,0.00454103979049561,1.4811428571428573,0.0,True,True,True,False,-3.608135509356416,0.0,87.00949087264938,0.0,232.43736007208688,0.0,315.8387154353798
2025-11-22T13:30:00Z,2025-11-22T13:45:00Z,2025-11-22,2025-11-22_59,0.0,100,0,0,167.43991366956513,153.26848509813655,0.03936507936507937,13.037714285714285,0.0,True,True,True,False,0.0,0.0,87.00949087264938,0.0,6054.117491445302,0.0,6141.126982317952
2025-11-22T13:45:00Z,2025-11-22T14:00:00Z,2025-11-22,2025-11-22_60,0.0,100,0,0,153.26848509813655,132.8753173962732,0.05664768806073153,18.761714285714284,0.0,True,True,True,False,0.0,0.0,87.00949087264938,0.0,20888.84682264896,0.0,20975.85631352161
2025-11-22T14:00:00Z,2025-11-22T14:15:00Z,2025-11-22,2025-11-22_61,0.0,0,5,95,132.8753173962732,132.8753173962732,0.0,0.0,0.0,True,True,True,False,0.0,882.0321864376805,0.0,0.5379143659979171,0.0,0.0,882.5701008036784
2025-11-22T14:15:00Z,2025-11-22T14:30:00Z,2025-11-22,2025-11-22_62,5.0,0,5,95,132.8753173962732,131.51907516024835,0.003767339544513457,0.0,0.0022571428571428573,True,True,True,False,172.3125,882.0321864376805,0.0,0.5379143659979171,0.0,-0.15225812591055954,1054.7303426777678
2025-11-22T14:30:00Z,2025-11-22T14:45:00Z,2025-11-22,2025-11-22_63,5.0,0,5,95,131.51907516024835,130.1613732968943,0.0037713940648723254,0.0,0.0009142857142857143,True,True,True,False,208.9125,882.0321864376805,0.0,0.5379143659979171,0.0,-0.06737087949876065,1091.4152299241796
2025-11-22T14:45:00Z,2025-11-22T15:00:00Z,2025-11-22,2025-11-22_64,5.0,0,5,95,130.1613732968943,128.80730497391295,0.0037613008971704625,0.0,0.004257142857142857,True,True,True,False,176.1375,882.0321864376805,0.0,0.5379143659979171,0.0,-0.27801716834579226,1058.4295836353326
2025-11-22T15:00:00Z,2025-11-22T15:15:00Z,2025-11-22,2025-11-22_65,0.0,5,5,95,128.80730497391295,128.6387024894409,0.00046834023464458244,0.1551142857142857,0.0,True,True,True,False,0.0,882.0321864376805,5.505885127036215,0.48191232241457227,24.36630211348063,0.0,912.3862860006119
2025-11-22T15:15:00Z,2025-11-22T15:30:00Z,2025-11-22,2025-11-22_66,0.0,5,5,95,128.6387024894409,128.45407516024835,0.0005128536922015183,0.16985714285714287,0.0,True,True,True,False,0.0,882.0321864376805,5.505885127036215,0.48191232241457227,33.13130474936629,0.0,921.1512886364976
2025-11-22T15:30:00Z,2025-11-22T15:45:00Z,2025-11-22,2025-11-22_67,0.0,5,5,95,128.45407516024835,128.04789503602476,0.00112827812284334,0.3736857142857143,0.0,True,True,True,False,0.0,882.0321864376805,5.505885127036215,0.48191232241457227,102.39719920726931,0.0,990.4171830944006
2025-11-22T15:45:00Z,2025-11-22T16:00:00Z,2025-11-22,2025-11-22_68,0.0,5,5,95,128.04789503602476,127.93809811677009,0.0003054295376121463,0.10108571428571428,8.571428571428571e-05,True,True,True,False,0.0,882.0321864376805,5.505885127036215,0.48191232241457227,24.25063983808532,-0.006737087949876065,912.2638866372668
2025-11-22T16:00:00Z,2025-11-22T16:15:00Z,2025-11-22,2025-11-22_69,0.0,100,42,0,127.93809811677009,114.08716643975146,0.03847481021394065,12.742857142857142,0.0,True,True,True,False,0.0,0.0,110.76614725589985,4.048063508282407,9217.87752535531,0.0,9332.691736119492
2025-11-22T16:15:00Z,2025-11-22T16:30:00Z,2025-11-22,2025-11-22_70,0.0,100,42,0,114.08716643975146,96.45611053913034,0.0489751552795031,16.22057142857143,0.0,True,True,True,False,0.0,0.0,110.76614725589985,4.048063508282407,12495.35724453103,0.0,12610.17145529521
2025-11-22T16:30:00Z,2025-11-22T16:45:00Z,2025-11-22,2025-11-22_71,0.0,100,42,0,96.45611053913034,74.83312917267071,0.060063837129054526,19.89314285714286,0.0,True,True,True,False,0.0,0.0,110.76614725589985,4.048063508282407,18163.450679294965,0.0,18278.26489005915
2025-11-22T16:45:00Z,2025-11-22T17:00:00Z,2025-11-22,2025-11-22_72,-58.00000000000007,100,42,0,74.83312917267071,66.74859208944092,0.032422662691511346,21.63828571428571,0.0,True,True,True,False,-1899.5000000000023,0.0,110.76614725589985,4.048063508282407,25387.57547340675,0.0,23602.88968417093
2025-11-22T17:00:00Z,2025-11-22T17:15:00Z,2025-11-22,2025-11-22_73,3.0,0,0,97,66.74859208944092,65.93337469813657,0.0022644927536231885,0.0,0.0,True,False,True,False,107.41499999999999,900.6012850995263,0.0,0.0,0.0,0.0,1008.0162850995263
2025-11-22T17:15:00Z,2025-11-22T17:30:00Z,2025-11-22,2025-11-22_74,3.0,0,0,97,65.93337469813657,65.11815730683223,0.0022644927536231885,0.0,0.0,True,False,True,False,104.58,900.6012850995263,0.0,0.0,0.0,0.0,1005.1812850995263
2025-11-22T17:30:00Z,2025-11-22T17:45:00Z,2025-11-22,2025-11-22_75,2.9999999999999964,0,0,97,65.11815730683223,64.30293991552789,0.0022644927536231855,0.0,0.0,True,False,True,False,106.84499999999989,900.6012850995263,0.0,0.0,0.0,0.0,1007.4462850995262
2025-11-22T17:45:00Z,2025-11-22T18:00:00Z,2025-11-22,2025-11-22_76,0.0,0,0,97,64.30293991552789,64.30293991552789,0.0,0.0,0.0,True,False,True,False,0.0,900.6012850995263,0.0,0.0,0.0,0.0,900.6012850995263
2025-11-22T18:00:00Z,2025-11-22T18:15:00Z,2025-11-22,2025-11-22_77,0.0,3,3,97,64.30293991552789,64.2585994534161,0.00012693556935817807,0.04141714285714286,0.000737142857142857,True,True,True,False,0.0,900.6012850995263,3.3035310762217285,0.29710557858953446,6.562701769889147,-0.0482375126671289,910.7163860115596
2025-11-22T18:15:00Z,2025-11-22T18:30:00Z,2025-11-22,2025-11-22_78,0.0,3,3,97,64.2585994534161,64.20279492173908,0.000156064016563147,0.05151428571428571,0.0002057142857142857,True,True,True,False,0.0,900.6012850995263,3.3035310762217285,0.29710557858953446,8.088879611045455,-0.014316325367662537,912.2764850400154
2025-11-22T18:30:00Z,2025-11-22T18:45:00Z,2025-11-22,2025-11-22_79,0.0,3,3,97,64.20279492173908,64.20568154037262,4.393971014492754e-05,0.005948571428571428,0.010165714285714285,True,True,True,False,0.0,900.6012850995263,3.3035310762217285,0.29710557858953446,0.9242944545344812,-0.6319658081558063,904.4942504007163
2025-11-22T18:45:00Z,2025-11-22T19:00:00Z,2025-11-22,2025-11-22_80,0.0,3,3,97,64.20568154037262,64.29691925465833,0.0002534380952380953,0.0,0.09917142857142858,True,True,True,False,0.0,900.6012850995263,3.3035310762217285,0.29710557858953446,0.0,-6.143051384331218,898.0588703700064
2025-11-22T19:00:00Z,2025-11-22T19:15:00Z,2025-11-22,2025-11-22_81,3.0,0,3,97,64.29691925465833,63.497596273291876,0.002220341614906832,0.0,0.014622857142857142,True,True,True,False,109.695,900.6012850995263,0.0,0.32274861959875023,0.0,-0.9124006579889229,1009.7066330611361
2025-11-22T19:15:00Z,2025-11-22T19:30:00Z,2025-11-22,2025-11-22_82,3.0,0,3,97,63.497596273291876,62.71739130434777,0.0021672360248447204,0.0,0.03221142857142857,True,True,True,False,107.655,900.6012850995263,0.0,0.32274861959875023,0.0,-1.9984048518261717,1006.5806288672989
2025-11-22T19:30:00Z,2025-11-22T19:45:00Z,2025-11-22,2025-11-22_83,0.0804249591880005,0,3,97,62.71739130434777,62.71739130434777,0.00011758750675483,0.0,0.02364,True,True,True,False,2.424410394722275,900.6012850995263,0.0,0.32274861959875023,0.0,-1.473236847379694,901.8752072664677
2025-11-22T19:45:00Z,2025-11-22T20:00:00Z,2025-11-22,2025-11-22_84,0.0,0,3,97,62.71739130434777,62.73395130434777,4.600000000000001e-05,0.0,0.018000000000000002,True,True,True,False,0.0,900.6012850995263,0.0,0.32274861959875023,0.0,-1.128597983926431,899.7954357351987
2025-11-22T20:00:00Z,2025-11-22T20:15:00Z,2025-11-22,2025-11-22_85,0.0,100,100,0,62.73395130434777,52.31221217391299,0.028949275362318838,9.588,0.0,True,True,True,False,0.0,0.0,98.4751724273447,10.758287319958342,3032.016832838812,0.0,3141.2502925861154
2025-11-22T20:15:00Z,2025-11-22T20:30:00Z,2025-11-22,2025-11-22_86,0.0,100,100,0,52.31221217391299,50.55306385093163,0.004909888198757764,1.6222857142857143,0.004571428571428572,True,True,True,False,0.0,0.0,98.4751724273447,10.758287319958342,254.67090043987568,-0.33236300552721926,363.5719971816515
2025-11-22T20:30:00Z,2025-11-22T20:45:00Z,2025-11-22,2025-11-22_87,0.0,100,100,0,50.55306385093163,50.621035031055854,0.0003923975155279503,0.03371428571428572,0.11371428571428571,True,True,True,False,0.0,0.0,98.4751724273447,10.758287319958342,5.178575498895399,-7.150296010801798,107.26173923539665
2025-11-22T20:45:00Z,2025-11-22T21:00:00Z,2025-11-22,2025-11-22_88,0.0,100,100,0,50.621035031055854,54.928212173912996,0.011964380952380954,0.0,4.6817142857142855,True,True,True,False,0.0,0.0,98.4751724273447,10.758287319958342,0.0,3377.376045610085,3486.609505357388
2025-11-22T21:00:00Z,2025-11-22T21:15:00Z,2025-11-22,2025-11-22_89,0.0,18,18,82,54.928212173912996,55.89677030559001,0.002696029316770187,0.0009257142857142856,1.0538742857142858,True,True,True,False,0.0,761.333045135682,17.725531036922046,1.9364917175925012,0.14188307222438992,400.68883907286437,1181.8257900352853
2025-11-22T21:15:00Z,2025-11-22T21:30:00Z,2025-11-22,2025-11-22_90,0.0,18,18,82,55.89677030559001,56.15525674534157,0.000798142111801242,0.013268571428571428,0.29663999999999996,True,True,True,False,0.0,761.333045135682,17.725531036922046,1.9364917175925012,2.048815937704393,-18.38065166728891,764.6632321606121
2025-11-22T21:30:00Z,2025-11-22T21:45:00Z,2025-11-22,2025-11-22_91,0.0,18,18,82,56.15525674534157,56.23256936149063,0.00023525416149068327,0.0033942857142857143,0.0880457142857143,True,True,True,False,0.0,761.333045135682,17.725531036922046,1.9364917175925012,0.5248867242874827,-5.524470219544853,775.9954843949392
2025-11-22T21:45:00Z,2025-11-22T22:00:00Z,2025-11-22,2025-11-22_92,0.0,18,18,82,56.23256936149063,56.15501507577635,0.0005702857142857144,0.1301142857142857,0.06942857142857144,True,True,True,False,0.0,761.333045135682,17.725531036922046,1.9364917175925012,20.437435976611077,-4.354473342185119,797.0780305246225
2025-11-22T22:00:00Z,2025-11-22T22:15:00Z,2025-11-23,2025-11-22_93,-3.091033054857833,16,0,84,56.15501507577635,56.26345853036452,0.0030843658926016414,0.5712457142857144,0.0,True,True,True,False,-68.00272720687232,779.902143797528,13.963962193708118,0.0,91.48125595937536,0.0,817.3446347437391
2025-11-22T22:15:00Z,2025-11-22T22:30:00Z,2025-11-23,2025-11-22_94,-0.08009974301419653,16,0,84,56.26345853036452,55.66799363975156,0.0017419565111919594,0.5652114285714286,0.0,True,True,True,False,-1.6800921097227723,779.902143797528,13.963962193708118,0.0,89.11095550434122,0.0,881.2969693858545
2025-11-22T22:30:00Z,2025-11-22T22:45:00Z,2025-11-23,2025-11-22_95,-16.0,16,0,84,55.66799363975156,57.962463125465845,0.006373526349206349,1.5060114285714288,0.0,True,True,True,False,-320.44,779.902143797528,13.963962193708118,0.0,451.68268960719973,0.0,925.1087955984358
2025-11-22T22:45:00Z,2025-11-22T23:00:00Z,2025-11-23,2025-11-22_96,-16.0,16,0,84,57.962463125465845,61.6304347826087,0.010188810158730159,0.013074285714285714,0.0,True,True,True,False,-312.0,779.902143797528,13.963962193708118,0.0,2.026155899583704,0.0,483.8922618908198
2025-11-22T23:00:00Z,2025-11-22T23:15:00Z,2025-11-23,2025-11-23_1,0.0,0,0,95,61.6304347826087,61.6304347826087,0.0,0.0,0.0,True,False,True,False,0.0,882.0321864376805,0.0,0.0,0.0,0.0,882.0321864376805
2025-11-22T23:15:00Z,2025-11-22T23:30:00Z,2025-11-23,2025-11-23_2,0.0,0,0,95,61.6304347826087,61.6304347826087,0.0,0.0,0.0,True,False,True,False,0.0,882.0321864376805,0.0,0.0,0.0,0.0,882.0321864376805
2025-11-22T23:30:00Z,2025-11-22T23:45:00Z,2025-11-23,2025-11-23_3,0.0,0,0,95,61.6304347826087,61.6304347826087,0.0,0.0,0.0,True,False,True,False,0.0,882.0321864376805,0.0,0.0,0.0,0.0,882.0321864376805
2025-11-22T23:45:00Z,2025-11-23T00:00:00Z,2025-11-23,2025-11-23_4,-5.0,0,0,95,61.6304347826087,62.7804347826087,0.0031944444444444446,0.0,0.0,True,False,True,False,-84.025,882.0321864376805,0.0,0.0,0.0,0.0,798.0071864376805
2025-11-23T00:00:00Z,2025-11-23T00:15:00Z,2025-11-23,2025-11-23_5,-2.9556111924680244e-15,5,4,95,62.7804347826087,62.62515527950311,0.0004313319530710849,0.14285714285714285,0.0,True,True,True,False,-6.001368526306324e-14,882.0321864376805,4.363738185533787,0.43033149279833366,22.451907016957808,0.0,909.2781631329703
2025-11-23T00:15:00Z,2025-11-23T00:30:00Z,2025-11-23,2025-11-23_6,0.0,5,4,95,62.62515527950311,62.60040372670808,6.875431331953072e-05,0.022771428571428574,0.0,True,True,True,False,0.0,882.0321864376805,4.363738185533787,0.43033149279833366,3.5655132453956218,0.0,890.3917693614083
2025-11-23T00:30:00Z,2025-11-23T00:45:00Z,2025-11-23,2025-11-23_7,-1.0000000000000002,5,4,95,62.60040372670808,62.77634366211181,0.0007368931953071086,0.051371428571428575,6.857142857142857e-05,True,True,True,False,-17.865000000000002,882.0321864376805,4.363738185533787,0.43033149279833366,8.066417604010814,-0.005389670359900852,877.0222840496635
2025-11-23T00:45:00Z,2025-11-23T01:00:00Z,2025-11-23,2025-11-23_8,-1.0000000000000007,5,4,95,62.77634366211181,62.9730703204969,0.0007029846790890274,0.0324,0.0009371428571428572,True,True,True,False,-17.79750000000001,882.0321864376805,4.363738185533787,0.43033149279833366,5.080798255094221,-0.0626280504271033,874.0469263206797
2025-11-23T01:00:00Z,2025-11-23T01:15:00Z,2025-11-23,2025-11-23_9,0.0,5,0,95,62.9730703204969,62.96176597267082,3.1400966183574876e-05,0.0104,0.0,True,True,True,False,0.0,882.0321864376805,4.363738185533787,0.0,1.6245874516122694,0.0,888.0205120748266
2025-11-23T01:15:00Z,2025-11-23T01:30:00Z,2025-11-23,2025-11-23_10,-3.795267965711491,5,0,95,62.96176597267082,63.830946434782575,0.0024200438494361544,0.003885714285714286,0.0,True,True,True,False,-67.76450952777867,882.0321864376805,4.363738185533787,0.0,0.6033962783203317,0.0,819.234811373756
2025-11-23T01:30:00Z,2025-11-23T01:45:00Z,2025-11-23,2025-11-23_11,-5.0,5,0,95,63.830946434782575,64.95815672049686,0.003131139682539682,0.02477142857142857,0.0,True,True,True,False,-85.8625,882.0321864376805,4.363738185533787,0.0,3.8785093631486895,0.0,804.411933986363
2025-11-23T01:45:00Z,2025-11-23T02:00:00Z,2025-11-23,2025-11-23_12,-5.0,5,0,95,64.95815672049686,66.09178072049686,0.0031489555555555553,0.0178,0.0,True,True,True,False,-83.5125,882.0321864376805,4.363738185533787,0.0,2.7838142304140217,0.0,805.6672388536283
2025-11-23T02:00:00Z,2025-11-23T02:15:00Z,2025-11-23,2025-11-23_13,-100.0,100,0,0,66.09178072049686,81.12142643478258,0.041749015873015875,8.66342857142857,0.0,True,True,True,False,-1629.5000000000002,0.0,87.27476371067574,0.0,1642.8203685748529,0.0,100.59513228552838
2025-11-23T02:15:00Z,2025-11-23T02:30:00Z,2025-11-23,2025-11-23_14,-100.0,100,0,0,81.12142643478258,91.83390643478258,0.02975688888888889,13.356000000000002,0.0,True,True,True,False,-1575.25,0.0,87.27476371067574,0.0,3380.9200620934944,0.0,1892.94482580417
2025-11-23T02:30:00Z,2025-11-23T02:45:00Z,2025-11-23,2025-11-23_15,-100.0,100,0,0,91.83390643478258,97.09946072049686,0.014626539682539684,19.27657142857143,0.0,True,True,True,False,-1584.5,0.0,87.27476371067574,0.0,18300.303671319936,0.0,16803.078435030613
2025-11-23T02:45:00Z,2025-11-23T03:00:00Z,2025-11-23,2025-11-23_16,-100.0,100,0,0,97.09946072049686,99.58661500621115,0.00690876190476191,22.296571428571426,0.0,True,True,True,False,-1533.75,0.0,87.27476371067574,0.0,26998.19460572596,0.0,25551.719369436636
2025-11-23T03:00:00Z,2025-11-23T03:15:00Z,2025-11-23,2025-11-23_17,-100.0,100,0,0,99.58661500621115,106.04186072049686,0.017931238095238094,17.983428571428572,0.0,True,True,True,False,-1568.5,0.0,87.27476371067574,0.0,15006.298491959004,0.0,13525.073255669678
2025-11-23T03:15:00Z,2025-11-23T03:30:00Z,2025-11-23,2025-11-23_18,-100.0,100,0,0,106.04186072049686,114.97427214906828,0.02481225396825397,15.290857142857142,0.0,True,True,True,False,-1535.75,0.0,87.27476371067574,0.0,4474.129858605366,0.0,3025.654622316042
2025-11-23T03:30:00Z,2025-11-23T03:45:00Z,2025-11-23,2025-11-23_19,-100.0,100,0,0,114.97427214906828,124.881357863354,0.02751968253968254,14.231428571428573,0.0,True,True,True,False,-1516.5,0.0,87.27476371067574,0.0,7240.7828462512325,0.0,5811.557609961908
2025-11-23T03:45:00Z,2025-11-23T04:00:00Z,2025-11-23,2025-11-23_20,-100.0,100,0,0,124.881357863354,137.31870643478257,0.034548190476190475,11.481142857142856,0.0,True,True,True,False,-1467.75,0.0,87.27476371067574,0.0,3003.993618181154,0.0,1623.5183818918297
2025-11-23T04:00:00Z,2025-11-23T04:15:00Z,2025-11-23,2025-11-23_21,-100.0,100,0,0,137.31870643478257,144.933677863354,0.021152698412698415,16.72285714285714,0.0,True,True,True,False,-1597.25,0.0,89.04324929751822,0.0,13031.660459188684,0.0,11523.453708486202
2025-11-23T04:15:00Z,2025-11-23T04:30:00Z,2025-11-23,2025-11-23_22,-100.0,100,0,0,144.933677863354,151.027757863354,0.016928,18.376,0.0,True,True,True,False,-1605.5,0.0,89.04324929751822,0.0,18800.27541215539,0.0,17283.81866145291
2025-11-23T04:30:00Z,2025-11-23T04:45:00Z,2025-11-23,2025-11-23_23,-100.0,100,0,0,151.027757863354,158.48238643478257,0.020707301587301587,16.897142857142857,0.0,True,True,True,False,-1625.0,0.0,89.04324929751822,0.0,14707.84874339274,0.0,13171.891992690258
2025-11-23T04:45:00Z,2025-11-23T05:00:00Z,2025-11-23,2025-11-23_24,0.0,100,0,0,158.48238643478257,145.42897028571426,0.03625948930296756,12.009142857142855,0.0,True,True,True,False,0.0,0.0,89.04324929751822,0.0,2994.7721832375632,0.0,3083.8154325350815
2025-11-23T05:00:00Z,2025-11-23T05:15:00Z,2025-11-23,2025-11-23_25,-4.999999999999999,5,0,95,145.42897028571426,146.29999999999998,0.002419526984126984,0.3032285714285714,0.0,True,True,True,False,-89.61249999999998,882.0321864376805,5.502937651058144,0.0,62.896735527191154,0.0,860.8193596159298
2025-11-23T05:15:00Z,2025-11-23T05:30:00Z,2025-11-23,2025-11-23_26,-0.8835325547303894,5,0,95,146.29999999999998,146.29999999999998,0.0009553954464073125,0.19217142857142855,0.0,True,True,True,False,-17.747960193146696,882.0321864376805,5.502937651058144,0.0,30.209102367244274,0.0,899.9962662628362
2025-11-23T05:30:00Z,2025-11-23T05:45:00Z,2025-11-23,2025-11-23_27,-0.12187522680096008,5,0,95,146.29999999999998,146.3,0.00015250452189506897,0.02588571428571429,0.0,True,True,True,False,-2.5910673217884113,882.0321864376805,5.502937651058144,0.0,4.057410611474945,0.0,889.0014673784251
2025-11-23T05:45:00Z,2025-11-23T06:00:00Z,2025-11-23,2025-11-23_28,-1.1824098265405225,5,0,95,146.3,146.3,0.0011970476848249091,0.25962857142857143,0.0,True,True,True,False,-26.83774703790351,882.0321864376805,5.502937651058144,0.0,42.46489016020234,0.0,903.1622672110375
2025-11-23T06:00:00Z,2025-11-23T06:15:00Z,2025-11-23,2025-11-23_29,-100.0,100,0,0,146.3,166.20196571428573,0.0552832380952381,3.3674285714285714,0.0,True,True,True,False,-2000.5,0.0,110.76614725589985,0.0,529.3554571815954,0.0,-1360.3783955625047
2025-11-23T06:15:00Z,2025-11-23T06:30:00Z,2025-11-23,2025-11-23_30,-100.0,100,0,0,166.20196571428573,181.6011885714286,0.04277561904761905,8.261714285714286,0.0,True,True,True,False,-2151.75,0.0,110.76614725589985,0.0,1444.170904425986,0.0,-596.8129483181142
2025-11-23T06:30:00Z,2025-11-23T06:45:00Z,2025-11-23,2025-11-23_31,-73.4103031123683,100,0,0,181.6011885714286,190.00000000000006,0.03745798732490526,8.798857142857143,0.0,True,True,True,False,-1735.6030913341674,0.0,110.76614725589985,0.0,1532.5444137470279,0.0,-92.29253033123967
2025-11-23T06:45:00Z,2025-11-23T07:00:00Z,2025-11-23,2025-11-23_32,-46.883048156358456,100,0,0,190.00000000000006,190.00000000000006,0.034289576780222424,10.690285714285713,0.0,True,True,True,False,-1128.8265919847208,0.0,110.76614725589985,0.0,3879.8189600743317,0.0,2861.7585153455107
2025-11-23T07:00:00Z,2025-11-23T07:15:00Z,2025-11-23,2025-11-23_33,-40.99999999999996,100,59,0,190.00000000000006,183.46683585590068,0.03769262547964114,15.673142857142858,0.0,True,True,True,False,-1018.6449999999988,0.0,110.05875302116289,5.8430763789275115,7680.865555908006,0.0,6778.122385308097
2025-11-23T07:15:00Z,2025-11-23T07:30:00Z,2025-11-23,2025-11-23_34,0.0,100,59,0,183.46683585590068,168.34696007950316,0.04199965493443754,13.910285714285713,0.0,True,True,True,False,0.0,0.0,110.05875302116289,5.8430763789275115,6124.059934369534,0.0,6239.961763769625
2025-11-23T07:30:00Z,2025-11-23T07:45:00Z,2025-11-23,2025-11-23_35,-0.41373020779784186,100,59,0,168.34696007950316,150.0637426086957,0.050957600745601135,16.918857142857142,0.0,True,True,True,False,-10.528399462935582,0.0,110.05875302116289,5.8430763789275115,11432.637373433978,0.0,11538.010803371133
2025-11-23T07:45:00Z,2025-11-23T08:00:00Z,2025-11-23,2025-11-23_36,-40.99999999999996,100,59,0,150.0637426086957,146.29916428322986,0.035698428046928916,12.954857142857144,0.0,True,True,True,False,-1000.297499999999,0.0,110.05875302116289,5.8430763789275115,5352.9492115642115,0.0,4468.553540964303
2025-11-23T08:00:00Z,2025-11-23T08:15:00Z,2025-11-23,2025-11-23_37,0.0,0,0,95,146.29916428322986,146.29916428322986,0.0,0.0,0.0,True,False,True,False,0.0,882.0321864376805,0.0,0.0,0.0,0.0,882.0321864376805
2025-11-23T08:15:00Z,2025-11-23T08:30:00Z,2025-11-23,2025-11-23_38,0.0,0,0,95,146.29916428322986,146.29916428322986,0.0,0.0,0.0,True,False,True,False,0.0,882.0321864376805,0.0,0.0,0.0,0.0,882.0321864376805
2025-11-23T08:30:00Z,2025-11-23T08:45:00Z,2025-11-23,2025-11-23_39,0.0,0,0,95,146.29916428322986,146.29916428322986,0.0,0.0,0.0,True,False,True,False,0.0,882.0321864376805,0.0,0.0,0.0,0.0,882.0321864376805
2025-11-23T08:45:00Z,2025-11-23T09:00:00Z,2025-11-23,2025-11-23_40,0.0,0,0,95,146.29916428322986,146.29916428322986,0.0,0.0,0.0,True,False,True,False,0.0,882.0321864376805,0.0,0.0,0.0,0.0,882.0321864376805
2025-11-23T09:00:00Z,2025-11-23T09:15:00Z,2025-11-23,2025-11-23_41,0.0,0,0,95,146.29916428322986,146.29916428322986,0.0,0.0,0.0,True,False,True,False,0.0,882.0321864376805,0.0,0.0,0.0,0.0,882.0321864376805
2025-11-23T09:15:00Z,2025-11-23T09:30:00Z,2025-11-23,2025-11-23_42,0.0,0,0,95,146.29916428322986,146.29916428322986,0.0,0.0,0.0,True,False,True,False,0.0,882.0321864376805,0.0,0.0,0.0,0.0,882.0321864376805
2025-11-23T09:30:00Z,2025-11-23T09:45:00Z,2025-11-23,2025-11-23_43,0.0,0,0,95,146.29916428322986,146.29916428322986,0.0,0.0,0.0,True,False,True,False,0.0,882.0321864376805,0.0,0.0,0.0,0.0,882.0321864376805
2025-11-23T09:45:00Z,2025-11-23T10:00:00Z,2025-11-23,2025-11-23_44,0.0,0,0,95,146.29916428322986,146.29916428322986,0.0,0.0,0.0,True,False,True,False,0.0,882.0321864376805,0.0,0.0,0.0,0.0,882.0321864376805
2025-11-23T10:00:00Z,2025-11-23T10:15:00Z,2025-11-23,2025-11-23_45,0.0,0,0,95,146.29916428322986,146.29916428322986,0.0,0.0,0.0,True,False,True,False,0.0,882.0321864376805,0.0,0.0,0.0,0.0,882.0321864376805
2025-11-23T10:15:00Z,2025-11-23T10:30:00Z,2025-11-23,2025-11-23_46,0.0,0,0,95,146.29916428322986,146.29916428322986,0.0,0.0,0.0,True,False,True,False,0.0,882.0321864376805,0.0,0.0,0.0,0.0,882.0321864376805
2025-11-23T10:30:00Z,2025-11-23T10:45:00Z,2025-11-23,2025-11-23_47,0.0,0,0,95,146.29916428322986,146.29916428322986,0.0,0.0,0.0,True,False,True,False,0.0,882.0321864376805,0.0,0.0,0.0,0.0,882.0321864376805
2025-11-23T10:45:00Z,2025-11-23T11:00:00Z,2025-11-23,2025-11-23_48,0.0,0,0,95,146.29916428322986,146.29916428322986,0.0,0.0,0.0,True,False,True,False,0.0,882.0321864376805,0.0,0.0,0.0,0.0,882.0321864376805
2025-11-23T11:00:00Z,2025-11-23T11:15:00Z,2025-11-23,2025-11-23_49,-78.00000000000006,100,22,0,146.29916428322986,152.38446525217398,0.033376284610075906,12.399428571428572,0.008925714285714285,True,True,True,False,-1907.1000000000013,0.0,87.18633943133364,2.366823210390835,10822.21765117043,-0.5691491158975626,9004.101664696254
2025-11-23T11:15:00Z,2025-11-23T11:30:00Z,2025-11-23,2025-11-23_50,0.0,100,22,0,152.38446525217398,147.95962053167707,0.012291235334713595,4.070857142857143,0.0,True,True,True,False,0.0,0.0,87.18633943133364,2.366823210390835,655.5143089572392,0.0,745.0674715989637
2025-11-23T11:30:00Z,2025-11-23T11:45:00Z,2025-11-23,2025-11-23_51,0.0,100,22,0,147.95962053167707,146.0641705739131,0.006097870200138026,1.881714285714286,0.16292571428571428,True,True,True,False,0.0,0.0,87.18633943133364,2.366823210390835,295.64112273570686,-10.150274241024935,375.04401113640637
2025-11-23T11:45:00Z,2025-11-23T12:00:00Z,2025-11-23,2025-11-23_52,0.0,100,22,0,146.0641705739131,146.30000000000004,0.0008690223878536921,0.03542857142857143,0.2981942857142857,True,True,True,False,0.0,0.0,87.18633943133364,2.366823210390835,5.499709463082161,-17.91532940149395,77.13754270331269
2025-11-23T12:00:00Z,2025-11-23T12:15:00Z,2025-11-23,2025-11-23_53,-0.422213046314873,5,4,95,146.30000000000004,146.30000000000004,0.0005004288843779873,0.09051428571428571,0.0,True,True,True,False,-10.254499362372478,882.0321864376805,4.359316971566681,0.43033149279833366,14.206461788079283,0.0,890.7737973277523
2025-11-23T12:15:00Z,2025-11-23T12:30:00Z,2025-11-23,2025-11-23_54,-1.0000000000000913,5,4,95,146.30000000000004,146.27253876273298,0.0011042570876466863,0.24437142857142857,0.0,True,True,True,False,-25.562500000002334,882.0321864376805,4.359316971566681,0.43033149279833366,38.413338895173716,0.0,899.6726737972169
2025-11-23T12:30:00Z,2025-11-23T12:45:00Z,2025-11-23,2025-11-23_55,-0.3577411457142495,5,4,95,146.27253876273298,146.29324779130442,0.0003788629420875845,0.057314285714285707,4.5714285714285716e-05,True,True,True,False,-9.22882720656335,882.0321864376805,4.359316971566681,0.43033149279833366,8.9813628904353,-0.002874490858613788,886.5714960950588
2025-11-23T12:45:00Z,2025-11-23T13:00:00Z,2025-11-23,2025-11-23_56,0.0,5,4,95,146.29324779130442,146.2637257142858,9.380513457556936e-05,0.029114285714285714,0.002308571428571429,True,True,True,False,0.0,882.0321864376805,4.359316971566681,0.43033149279833366,4.554988953982882,-0.14382766079885023,891.2329961952295
2025-11-23T13:00:00Z,2025-11-23T13:15:00Z,2025-11-23,2025-11-23_57,0.0,5,5,95,146.2637257142858,146.29962732919265,0.00010179710144927537,0.00034285714285714285,0.03942857142857143,True,True,True,False,0.0,882.0321864376805,4.359316971566681,0.5379143659979171,0.053222994804020915,-2.4682002150253903,884.5144405550237
2025-11-23T13:15:00Z,2025-11-23T13:30:00Z,2025-11-23,2025-11-23_58,0.0,5,5,95,146.29962732919265,146.2888963975156,3.1268461007591435e-05,0.010114285714285713,0.00028571428571428574,True,True,True,False,0.0,882.0321864376805,4.359316971566681,0.5379143659979171,1.5741208016011812,-0.017965567866336175,888.4855730089799
2025-11-23T13:30:00Z,2025-11-23T13:45:00Z,2025-11-23,2025-11-23_59,0.0,5,5,95,146.2888963975156,146.29077525465848,1.7123809523809523e-05,0.0019714285714285715,0.004371428571428571,True,True,True,False,0.0,882.0321864376805,4.359316971566681,0.5379143659979171,0.30603222012312026,-0.27487318835494345,886.9605768070132
2025-11-23T13:45:00Z,2025-11-23T14:00:00Z,2025-11-23,2025-11-23_60,0.0,5,5,95,146.29077525465848,146.26135110559017,8.407025534851622e-05,0.027457142857142857,0.00045714285714285713,True,True,True,False,0.0,882.0321864376805,4.359316971566681,0.5379143659979171,4.292272616263891,-0.028744908586137877,891.1929454829228
2025-11-23T14:00:00Z,2025-11-23T14:15:00Z,2025-11-23,2025-11-23_61,0.0,5,5,95,146.26135110559017,146.2742756273293,6.47144237405107e-05,0.004771428571428572,0.019685714285714286,True,True,True,False,0.0,882.0321864376805,4.829439390068971,0.5379143659979171,0.7406866776892912,-1.2242850181199596,886.9159418533167
2025-11-23T14:15:00Z,2025-11-23T14:30:00Z,2025-11-23,2025-11-23_62,0.0,5,5,95,146.2742756273293,146.26972258385103,1.702829537612146e-05,0.004914285714285714,0.0008571428571428571,True,True,True,False,0.0,882.0321864376805,4.829439390068971,0.5379143659979171,0.7628629255242998,-0.0536721901430789,888.1087309291286
2025-11-23T14:30:00Z,2025-11-23T14:45:00Z,2025-11-23,2025-11-23_63,0.0,5,5,95,146.26972258385103,146.27103503105602,1.4170186335403726e-05,0.0017428571428571428,0.0034857142857142856,True,True,True,False,0.0,882.0321864376805,4.829439390068971,0.5379143659979171,0.27055022358710634,-0.2184162229077833,887.4516741944267
2025-11-23T14:45:00Z,2025-11-23T15:00:00Z,2025-11-23,2025-11-23_64,0.0,5,5,95,146.27103503105602,146.26204342857156,3.0233816425120773e-05,0.009142857142857144,0.0010285714285714284,True,True,True,False,0.0,882.0321864376805,4.829439390068971,0.5379143659979171,1.419279861440558,-0.06458630630731786,888.7542337488806
2025-11-23T15:00:00Z,2025-11-23T15:15:00Z,2025-11-23,2025-11-23_65,58.30776344487566,0,100,0,146.26204342857156,130.5291601689442,0.043936247678809236,0.0,0.10971428571428571,True,True,True,False,1958.266235296149,0.0,0.0,9.638246448291445,0.0,-6.812543334914677,1961.0919384095257
2025-11-23T15:15:00Z,2025-11-23T15:30:00Z,2025-11-23,2025-11-23_66,100.0,0,100,0,130.5291601689442,111.32667569689451,0.053340234644582464,0.0,7.333714285714285,True,True,True,False,3607.75,0.0,0.0,9.638246448291445,0.0,5748.769667833492,9366.157914281785
2025-11-23T15:30:00Z,2025-11-23T15:45:00Z,2025-11-23,2025-11-23_67,100.0,0,100,0,111.32667569689451,93.21798004472059,0.050301932367149756,0.0,8.34,True,True,True,False,3792.4999999999995,0.0,0.0,9.638246448291445,0.0,5297.955870389656,9100.094116837947
2025-11-23T15:45:00Z,2025-11-23T16:00:00Z,2025-11-23,2025-11-23_68,100.0,0,100,0,93.21798004472059,66.17822849192555,0.07511042097998619,0.0,0.12342857142857143,True,True,True,False,4070.0000000000005,0.0,0.0,9.638246448291445,0.0,-7.664111251779012,4071.974135196513
2025-11-23T16:00:00Z,2025-11-23T16:15:00Z,2025-11-23,2025-11-23_69,0.0,3,3,97,66.17822849192555,66.17926165465846,1.9122484472049688e-05,0.002691428571428571,0.004302857142857143,True,True,True,False,0.0,900.6012850995263,3.322984417676995,0.28914739344874335,0.41780050921156414,-0.267179433916185,904.3640379859474
2025-11-23T16:15:00Z,2025-11-23T16:30:00Z,2025-11-23,2025-11-23_70,0.0,3,3,97,66.17926165465846,66.17824691677026,4.220621118012422e-06,0.0011657142857142858,0.0002742857142857143,True,True,True,False,0.0,900.6012850995263,3.322984417676995,0.28914739344874335,0.1809581823336711,-0.017031358337286695,904.3773437346484
2025-11-23T16:30:00Z,2025-11-23T16:45:00Z,2025-11-23,2025-11-23_71,0.0,3,3,97,66.17824691677026,66.27164531677026,0.00025944,0.0,0.10151999999999999,True,True,True,False,0.0,900.6012850995263,3.322984417676995,0.28914739344874335,0.0,-5.7483049340747865,898.4651119765773
2025-11-23T16:45:00Z,2025-11-23T17:00:00Z,2025-11-23,2025-11-23_72,0.0,3,3,97,66.27164531677026,66.2806578385094,4.987950310559007e-05,0.004114285714285714,0.014657142857142858,True,True,True,False,0.0,900.6012850995263,3.322984417676995,0.28914739344874335,0.6429874044526537,-0.9094018251894105,903.9470024899152
2025-11-23T17:00:00Z,2025-11-23T17:15:00Z,2025-11-23,2025-11-23_73,2.999999999999996,0,3,97,66.2806578385094,65.47257709316779,0.002244668737060038,0.0,0.006565714285714286,True,True,True,False,102.36749999999986,900.6012850995263,0.0,0.28914739344874335,0.0,-0.40768814019880023,1002.8502443527761
2025-11-23T17:15:00Z,2025-11-23T17:30:00Z,2025-11-23,2025-11-23_74,2.999999999999996,0,3,97,65.47257709316779,64.70809883229822,0.0021235507246376785,0.0,0.04668,True,True,True,False,101.95499999999986,900.6012850995263,0.0,0.28914739344874335,0.0,-2.7396374683146334,1000.1057950246603
2025-11-23T17:30:00Z,2025-11-23T17:45:00Z,2025-11-23,2025-11-23_75,2.999999999999996,0,3,97,64.70809883229822,64.18598703105599,0.00145031055900621,0.0,0.2696571428571429,True,True,True,False,103.91999999999986,900.6012850995263,0.0,0.28914739344874335,0.0,18.217369144698615,1023.0278016376735
2025-11-23T17:45:00Z,2025-11-23T18:00:00Z,2025-11-23,2025-11-23_76,2.999999999999996,0,3,97,64.18598703105599,63.71675721739139,0.001303416149068322,0.0,0.31830857142857144,True,True,True,False,101.95499999999986,900.6012850995263,0.0,0.28914739344874335,0.0,-7.0585055499569105,995.786926943018
2025-11-23T18:00:00Z,2025-11-23T18:15:00Z,2025-11-23,2025-11-23_77,0.9999999999999925,2,3,97,63.71675721739139,63.465005018633626,0.0007691148378191801,0.0,0.020485714285714288,True,True,True,False,34.477499999999736,900.6012850995263,2.2023540508144857,0.29710557858953446,0.0,-1.2783333679544797,936.2999113609756
2025-11-23T18:15:00Z,2025-11-23T18:30:00Z,2025-11-23,2025-11-23_78,0.9999999999999925,2,3,97,63.465005018633626,63.195737520496984,0.0007582459075224236,0.00043428571428571426,0.0030171428571428567,True,True,True,False,34.62249999999974,900.6012850995263,2.2023540508144857,0.29710557858953446,0.06741579341842649,-0.18971639666850998,937.60094412568
2025-11-23T18:30:00Z,2025-11-23T18:45:00Z,2025-11-23,2025-11-23_79,0.9999999999999925,2,3,97,63.195737520496984,62.93005608944109,0.0007632382608695597,0.0010742857142857143,0.0074057142857142854,True,True,True,False,34.852499999999736,900.6012850995263,2.2023540508144857,0.29710557858953446,0.16676538371926553,-0.3589321580857687,937.7610779545636
2025-11-23T18:45:00Z,2025-11-23T19:00:00Z,2025-11-23,2025-11-23_80,0.9999999999999925,2,3,97,62.93005608944109,62.71739130434792,0.000797049164941334,0.0,0.06054857142857144,True,True,True,False,33.29999999999975,900.6012850995263,2.2023540508144857,0.29710557858953446,0.0,-2.553614673377555,933.8471300555525
2025-11-23T19:00:00Z,2025-11-23T19:15:00Z,2025-11-23,2025-11-23_81,0.0,100,100,0,62.71739130434792,63.0457351552796,0.0011294575569358177,0.036000000000000004,0.3994285714285714,True,True,True,False,0.0,0.0,98.4751724273447,10.758287319958342,5.6187333713230245,-19.98814631832179,94.86404680030428
2025-11-23T19:15:00Z,2025-11-23T19:30:00Z,2025-11-23,2025-11-23_82,0.0,100,100,0,63.0457351552796,50.946356273292025,0.03360938578329883,11.131428571428572,0.0,True,True,True,False,0.0,0.0,98.4751724273447,10.758287319958342,8580.471998136072,0.0,8689.705457883376
2025-11-23T19:30:00Z,2025-11-23T19:45:00Z,2025-11-23,2025-11-23_83,0.0,100,100,0,50.946356273292025,35.07865440993799,0.04407694962042788,14.598285714285714,0.0,True,True,True,False,0.0,0.0,98.4751724273447,10.758287319958342,11611.731355586307,0.0,11720.964815333611
2025-11-23T19:45:00Z,2025-11-23T20:00:00Z,2025-11-23,2025-11-23_84,0.0,100,100,0,35.07865440993799,32.16809540372681,0.008084886128364388,2.6777142857142855,0.0,True,True,True,False,0.0,0.0,98.4751724273447,10.758287319958342,420.72226231413356,0.0,529.9557220614366
2025-11-23T20:00:00Z,2025-11-23T20:15:00Z,2025-11-23,2025-11-23_85,0.0,100,100,0,32.16809540372681,22.397287950310663,0.027141131815044857,8.989142857142857,0.0,True,True,True,False,0.0,0.0,98.4751724273447,10.758287319958342,7113.750228976777,0.0,7222.98368872408
2025-11-23T20:15:00Z,2025-11-23T20:30:00Z,2025-11-23,2025-11-23_86,0.0,100,100,0,22.397287950310663,21.464644968944203,0.004217468599033816,1.1274285714285714,0.3182857142857143,True,True,True,False,0.0,0.0,98.4751724273447,10.758287319958342,177.07414277573636,-19.75446593138837,266.553136591651
2025-11-23T20:30:00Z,2025-11-23T20:45:00Z,2025-11-23,2025-11-23_87,0.0,100,100,0,21.464644968944203,29.585353540372772,0.02255752380952381,0.0,8.826857142857142,True,True,True,False,0.0,0.0,98.4751724273447,10.758287319958342,0.0,203.39704140782678,312.6305011551298
2025-11-23T20:45:00Z,2025-11-23T21:00:00Z,2025-11-23,2025-11-23_88,0.0,100,100,0,29.585353540372772,47.00121639751563,0.048377396825396816,0.0,18.930285714285713,True,True,True,False,0.0,0.0,98.4751724273447,10.758287319958342,0.0,14206.251159761618,14315.484619508921
2025-11-23T21:00:00Z,2025-11-23T21:15:00Z,2025-11-23,2025-11-23_89,100.0,0,100,0,47.00121639751563,24.48320397515538,0.06255003450655625,0.0,4.283428571428571,True,True,True,False,2807.0,0.0,0.0,10.758287319958342,0.0,-158.3027802277697,2659.455507092189
2025-11-23T21:15:00Z,2025-11-23T21:30:00Z,2025-11-23,2025-11-23_90,100.0,0,100,0,24.48320397515538,10.657117018633642,0.03840579710144927,0.0,12.28,True,True,True,False,2652.25,0.0,0.0,10.758287319958342,0.0,8641.123106246683,11304.131393566642
2025-11-23T21:30:00Z,2025-11-23T21:45:00Z,2025-11-23,2025-11-23_91,2.3169871818264138e-14,0,100,0,10.657117018633642,20.915905590062206,0.028496634920634926,0.0,11.150857142857143,True,True,True,False,5.385257457360042e-13,0.0,0.0,10.758287319958342,0.0,2608.1975588161813,2618.9558461361403
2025-11-23T21:45:00Z,2025-11-23T22:00:00Z,2025-11-23,2025-11-23_92,0.0,0,100,0,20.915905590062206,36.919699875776494,0.044454984126984134,0.0,17.395428571428575,True,True,True,False,0.0,0.0,0.0,10.758287319958342,0.0,11638.946925557986,11649.705212877945
2025-11-23T22:00:00Z,2025-11-23T22:15:00Z,2025-11-24,2025-11-23_93,0.0,100,100,0,36.919699875776494,48.25830559006221,0.03149612698412699,0.0,12.32457142857143,True,True,True,False,0.0,0.0,86.89159183352655,10.758287319958342,0.0,1702.5011030297246,1800.1509821832094
2025-11-23T22:15:00Z,2025-11-23T22:30:00Z,2025-11-24,2025-11-23_94,0.0,100,100,0,48.25830559006221,62.88209987577649,0.04062165079365079,0.0,15.895428571428571,True,True,True,False,0.0,0.0,86.89159183352655,10.758287319958342,0.0,645.7308978011828,743.3807769546677
2025-11-23T22:30:00Z,2025-11-23T22:45:00Z,2025-11-24,2025-11-23_95,0.0,100,100,0,62.88209987577649,83.41439701863364,0.05703415873015873,0.0,22.317714285714285,True,True,True,False,0.0,0.0,86.89159183352655,10.758287319958342,0.0,1380.2680296544154,1477.9179088079002
2025-11-23T22:45:00Z,2025-11-23T23:00:00Z,2025-11-24,2025-11-23_96,0.0,100,100,0,83.41439701863364,94.28091130434792,0.030184761904761912,0.0,11.811428571428573,True,True,True,False,0.0,0.0,86.89159183352655,10.758287319958342,0.0,-99.96695907499783,-2.317079921512942
2025-11-23T23:00:00Z,2025-11-23T23:15:00Z,2025-11-24,2025-11-24_1,0.0,0,0,100,94.28091130434792,94.28091130434792,0.0,0.0,0.0,True,True,True,False,0.0,1024.2479023795956,0.0,0.0,0.0,0.0,1024.2479023795956
2025-11-23T23:15:00Z,2025-11-23T23:30:00Z,2025-11-24,2025-11-24_2,0.0,0,0,100,94.28091130434792,94.28091130434792,0.0,0.0,0.0,True,True,True,False,0.0,1024.2479023795956,0.0,0.0,0.0,0.0,1024.2479023795956
2025-11-23T23:30:00Z,2025-11-23T23:45:00Z,2025-11-24,2025-11-24_3,0.0,0,0,100,94.28091130434792,94.28091130434792,0.0,0.0,0.0,True,True,True,False,0.0,1024.2479023795956,0.0,0.0,0.0,0.0,1024.2479023795956
2025-11-23T23:45:00Z,2025-11-24T00:00:00Z,2025-11-24,2025-11-24_4,0.0,0,0,100,94.28091130434792,94.28091130434792,0.0,0.0,0.0,True,True,True,False,0.0,1024.2479023795956,0.0,0.0,0.0,0.0,1024.2479023795956
2025-11-24T00:00:00Z,2025-11-24T00:15:00Z,2025-11-24,2025-11-24_5,0.0,0,0,100,94.28091130434792,94.28091130434792,0.0,0.0,0.0,True,True,True,False,0.0,1024.2479023795956,0.0,0.0,0.0,0.0,1024.2479023795956
2025-11-24T00:15:00Z,2025-11-24T00:30:00Z,2025-11-24,2025-11-24_6,0.0,0,0,100,94.28091130434792,94.28091130434792,0.0,0.0,0.0,True,True,True,False,0.0,1024.2479023795956,0.0,0.0,0.0,0.0,1024.2479023795956
2025-11-24T00:30:00Z,2025-11-24T00:45:00Z,2025-11-24,2025-11-24_7,0.0,0,0,100,94.28091130434792,94.28091130434792,0.0,0.0,0.0,True,True,True,False,0.0,1024.2479023795956,0.0,0.0,0.0,0.0,1024.2479023795956
2025-11-24T00:45:00Z,2025-11-24T01:00:00Z,2025-11-24,2025-11-24_8,0.0,0,0,100,94.28091130434792,94.28091130434792,0.0,0.0,0.0,True,True,True,False,0.0,1024.2479023795956,0.0,0.0,0.0,0.0,1024.2479023795956
2025-11-24T01:00:00Z,2025-11-24T01:15:00Z,2025-11-24,2025-11-24_9,0.0,0,0,100,94.28091130434792,94.28091130434792,0.0,0.0,0.0,True,True,True,False,0.0,1024.2479023795956,0.0,0.0,0.0,0.0,1024.2479023795956
2025-11-24T01:15:00Z,2025-11-24T01:30:00Z,2025-11-24,2025-11-24_10,0.0,0,0,100,94.28091130434792,94.28091130434792,0.0,0.0,0.0,True,True,True,False,0.0,1024.2479023795956,0.0,0.0,0.0,0.0,1024.2479023795956
2025-11-24T01:30:00Z,2025-11-24T01:45:00Z,2025-11-24,2025-11-24_11,0.0,0,0,100,94.28091130434792,94.28091130434792,0.0,0.0,0.0,True,True,True,False,0.0,1024.2479023795956,0.0,0.0,0.0,0.0,1024.2479023795956
2025-11-24T01:45:00Z,2025-11-24T02:00:00Z,2025-11-24,2025-11-24_12,0.0,0,0,100,94.28091130434792,94.28091130434792,0.0,0.0,0.0,True,True,True,False,0.0,1024.2479023795956,0.0,0.0,0.0,0.0,1024.2479023795956
2025-11-24T02:00:00Z,2025-11-24T02:15:00Z,2025-11-24,2025-11-24_13,-64.0,64,0,36,94.28091130434792,108.93799381863363,0.0407141180952381,0.06838857142857142,0.0,True,True,True,False,-1159.84,368.72924485665436,55.61061877345699,0.0,8.721420851848627,0.0,-726.7787155180399
2025-11-24T02:15:00Z,2025-11-24T02:30:00Z,2025-11-24,2025-11-24_14,-64.0,64,0,36,108.93799381863363,122.03896204720506,0.03639157841269841,1.759817142857143,0.0,True,True,True,False,-1178.08,368.72924485665436,55.61061877345699,0.0,224.4250114390139,0.0,-529.3151249308746
2025-11-24T02:30:00Z,2025-11-24T02:45:00Z,2025-11-24,2025-11-24_15,-64.0,64,0,36,122.03896204720506,133.97982604720505,0.03316906666666667,3.0208,0.0,True,True,True,False,-1240.16,368.72924485665436,55.61061877345699,0.0,434.3455834626948,0.0,-381.4745529071939
2025-11-24T02:45:00Z,2025-11-24T03:00:00Z,2025-11-24,2025-11-24_16,-64.0000000000001,64,0,36,133.97982604720505,142.09820044720507,0.022551040000000064,7.17568,0.0,True,True,True,False,-1248.320000000002,368.72924485665436,55.61061877345699,0.0,1118.261716185573,0.0,294.28157981568245
2025-11-24T03:00:00Z,2025-11-24T03:15:00Z,2025-11-24,2025-11-24_17,0.0,0,0,100,142.09820044720507,142.09820044720507,0.0,0.0,0.0,True,True,True,False,0.0,1024.2479023795956,0.0,0.0,0.0,0.0,1024.2479023795956
2025-11-24T03:15:00Z,2025-11-24T03:30:00Z,2025-11-24,2025-11-24_18,0.0,0,0,100,142.09820044720507,142.09820044720507,0.0,0.0,0.0,True,True,True,False,0.0,1024.2479023795956,0.0,0.0,0.0,0.0,1024.2479023795956
2025-11-24T03:30:00Z,2025-11-24T03:45:00Z,2025-11-24,2025-11-24_19,0.0,0,0,100,142.09820044720507,142.09820044720507,0.0,0.0,0.0,True,True,True,False,0.0,1024.2479023795956,0.0,0.0,0.0,0.0,1024.2479023795956
2025-11-24T03:45:00Z,2025-11-24T04:00:00Z,2025-11-24,2025-11-24_20,0.0,0,0,100,142.09820044720507,142.09820044720507,0.0,0.0,0.0,True,True,True,False,0.0,1024.2479023795956,0.0,0.0,0.0,0.0,1024.2479023795956
2025-11-24T04:00:00Z,2025-11-24T04:15:00Z,2025-11-24,2025-11-24_21,0.0,0,0,100,142.09820044720507,142.09820044720507,0.0,0.0,0.0,True,True,True,False,0.0,1024.2479023795956,0.0,0.0,0.0,0.0,1024.2479023795956
2025-11-24T04:15:00Z,2025-11-24T04:30:00Z,2025-11-24,2025-11-24_22,0.0,0,0,100,142.09820044720507,142.09820044720507,0.0,0.0,0.0,True,True,True,False,0.0,1024.2479023795956,0.0,0.0,0.0,0.0,1024.2479023795956
2025-11-24T04:30:00Z,2025-11-24T04:45:00Z,2025-11-24,2025-11-24_23,0.0,0,0,100,142.09820044720507,142.09820044720507,0.0,0.0,0.0,True,True,True,False,0.0,1024.2479023795956,0.0,0.0,0.0,0.0,1024.2479023795956
2025-11-24T04:45:00Z,2025-11-24T05:00:00Z,2025-11-24,2025-11-24_24,0.0,0,0,100,142.09820044720507,142.09820044720507,0.0,0.0,0.0,True,True,True,False,0.0,1024.2479023795956,0.0,0.0,0.0,0.0,1024.2479023795956
2025-11-24T05:00:00Z,2025-11-24T05:15:00Z,2025-11-24,2025-11-24_25,0.0,0,0,100,142.09820044720507,142.09820044720507,0.0,0.0,0.0,True,True,True,False,0.0,1024.2479023795956,0.0,0.0,0.0,0.0,1024.2479023795956
2025-11-24T05:15:00Z,2025-11-24T05:30:00Z,2025-11-24,2025-11-24_26,0.0,0,0,100,142.09820044720507,142.09820044720507,0.0,0.0,0.0,True,True,True,False,0.0,1024.2479023795956,0.0,0.0,0.0,0.0,1024.2479023795956
2025-11-24T05:30:00Z,2025-11-24T05:45:00Z,2025-11-24,2025-11-24_27,0.0,0,0,100,142.09820044720507,142.09820044720507,0.0,0.0,0.0,True,True,True,False,0.0,1024.2479023795956,0.0,0.0,0.0,0.0,1024.2479023795956
2025-11-24T05:45:00Z,2025-11-24T06:00:00Z,2025-11-24,2025-11-24_28,0.0,0,0,100,142.09820044720507,142.09820044720507,0.0,0.0,0.0,True,True,True,False,0.0,1024.2479023795956,0.0,0.0,0.0,0.0,1024.2479023795956
2025-11-24T06:00:00Z,2025-11-24T06:15:00Z,2025-11-24,2025-11-24_29,100.0,0,100,0,142.09820044720507,115.16652342857154,0.07481021394064871,0.0,0.22285714285714286,True,True,True,False,3698.5,0.0,0.0,9.638246448291445,0.0,-14.210202758276091,3693.9280436900153
2025-11-24T06:15:00Z,2025-11-24T06:30:00Z,2025-11-24,2025-11-24_30,100.0,0,100,0,115.16652342857154,87.99261038509327,0.07548309178743962,0.0,0.0,True,True,True,False,4146.5,0.0,0.0,9.638246448291445,0.0,0.0,4156.138246448291
2025-11-24T06:30:00Z,2025-11-24T06:45:00Z,2025-11-24,2025-11-24_31,100.0,0,100,0,87.99261038509327,60.82490852173923,0.07546583850931676,0.0,0.005714285714285714,True,True,True,False,4697.5,0.0,0.0,9.638246448291445,0.0,-0.44015641272523626,4706.698090035567
2025-11-24T06:45:00Z,2025-11-24T07:00:00Z,2025-11-24,2025-11-24_32,100.0,0,100,0,60.82490852173923,33.78143026086967,0.07512077294685988,0.0,0.12,True,True,True,False,4519.75,0.0,0.0,9.638246448291445,0.0,-8.482883024503352,4520.905363423788
2025-11-24T07:00:00Z,2025-11-24T07:15:00Z,2025-11-24,2025-11-24_33,0.0,100,0,0,33.78143026086967,30.348511006211282,0.009535886818495515,3.1582857142857144,0.0,True,True,True,False,0.0,0.0,110.76614725589985,0.0,496.4660560245006,0.0,607.2322032804004
2025-11-24T07:15:00Z,2025-11-24T07:30:00Z,2025-11-24,2025-11-24_34,-1.323164256853396,100,0,0,30.348511006211282,15.729813664596282,0.04136782900332114,13.757142857142856,0.0,True,True,True,False,-41.36211466923716,0.0,110.76614725589985,0.0,8569.46380078431,0.0,8638.867833370972
2025-11-24T07:30:00Z,2025-11-24T07:45:00Z,2025-11-24,2025-11-24_35,0.0,100,0,0,15.729813664596282,10.000000000000009,0.01591614906832298,5.271428571428571,0.0,True,True,True,False,0.0,0.0,110.76614725589985,0.0,1125.8220173648442,0.0,1236.588164620744
2025-11-24T07:45:00Z,2025-11-24T08:00:00Z,2025-11-24,2025-11-24_36,-100.0,100,0,0,10.000000000000009,31.66573714285715,0.060182603174603166,1.4502857142857142,0.0,True,True,True,False,-1614.5,0.0,110.76614725589985,0.0,227.92235573508648,0.0,-1275.8114970090137
2025-11-24T08:00:00Z,2025-11-24T08:15:00Z,2025-11-24,2025-11-24_37,74.0,26,0,0,31.66573714285715,10.245575652173919,0.059500448585231194,1.2065485714285715,0.0,True,True,True,False,2239.055,0.0,22.622467626888838,0.0,203.0925828636554,0.0,2464.7700504905442
2025-11-24T08:15:00Z,2025-11-24T08:30:00Z,2025-11-24,2025-11-24_38,-2.480500012933227,26,0,0,10.245575652173919,10.600000000000101,0.0020866335742734383,0.20176000000000002,0.0,True,True,True,False,-44.4629627318281,0.0,22.622467626888838,0.0,21.805034288970546,0.0,-0.03546081596871531
2025-11-24T08:30:00Z,2025-11-24T08:45:00Z,2025-11-24,2025-11-24_39,-100.0,26,0,0,10.600000000000101,33.6000000000001,0.0638888888888889,0.0,0.0,True,True,True,False,-377.25,0.0,22.622467626888838,0.0,0.0,0.0,-354.62753237311114
2025-11-24T08:45:00Z,2025-11-24T09:00:00Z,2025-11-24,2025-11-24_40,-100.0,26,0,0,33.6000000000001,56.6000000000001,0.0638888888888889,0.0,0.0,True,True,True,False,-323.0,0.0,22.622467626888838,0.0,0.0,0.0,-300.37753237311114
2025-11-24T09:00:00Z,2025-11-24T09:15:00Z,2025-11-24,2025-11-24_41,-94.99999999999991,0,0,5,56.6000000000001,78.45000000000007,0.06069444444444439,0.0,0.0,True,False,True,False,-358.38749999999965,51.21239511897978,0.0,0.0,0.0,0.0,-307.1751048810199
2025-11-24T09:15:00Z,2025-11-24T09:30:00Z,2025-11-24,2025-11-24_42,-94.99999999999991,0,0,5,78.45000000000007,100.30000000000005,0.06069444444444439,0.0,0.0,True,False,True,False,-303.5249999999997,51.21239511897978,0.0,0.0,0.0,0.0,-252.31260488101992
2025-11-24T09:30:00Z,2025-11-24T09:45:00Z,2025-11-24,2025-11-24_43,-94.99999999999991,0,0,5,100.30000000000005,122.15000000000003,0.06069444444444439,0.0,0.0,True,False,True,False,-358.62499999999966,51.21239511897978,0.0,0.0,0.0,0.0,-307.4126048810199
2025-11-24T09:45:00Z,2025-11-24T10:00:00Z,2025-11-24,2025-11-24_44,-94.99999999999991,0,0,5,122.15000000000003,144.0,0.06069444444444439,0.0,0.0,True,False,True,False,-553.8499999999995,51.21239511897978,0.0,0.0,0.0,0.0,-502.6376048810197
2025-11-24T10:00:00Z,2025-11-24T10:15:00Z,2025-11-24,2025-11-24_45,0.0,0,0,100,144.0,144.0,0.0,0.0,0.0,True,False,True,False,0.0,1024.2479023795956,0.0,0.0,0.0,0.0,1024.2479023795956
2025-11-24T10:15:00Z,2025-11-24T10:30:00Z,2025-11-24,2025-11-24_46,0.0,0,0,100,144.0,144.0,0.0,0.0,0.0,True,False,True,False,0.0,1024.2479023795956,0.0,0.0,0.0,0.0,1024.2479023795956
2025-11-24T10:30:00Z,2025-11-24T10:45:00Z,2025-11-24,2025-11-24_47,0.0,0,0,100,144.0,144.0,0.0,0.0,0.0,True,False,True,False,0.0,1024.2479023795956,0.0,0.0,0.0,0.0,1024.2479023795956
2025-11-24T10:45:00Z,2025-11-24T11:00:00Z,2025-11-24,2025-11-24_48,0.0,0,0,100,144.0,144.0,0.0,0.0,0.0,True,False,True,False,0.0,1024.2479023795956,0.0,0.0,0.0,0.0,1024.2479023795956
2025-11-24T11:00:00Z,2025-11-24T11:15:00Z,2025-11-24,2025-11-24_49,0.0,0,0,100,144.0,144.0,0.0,0.0,0.0,True,True,True,False,0.0,1024.2479023795956,0.0,0.0,0.0,0.0,1024.2479023795956
2025-11-24T11:15:00Z,2025-11-24T11:30:00Z,2025-11-24,2025-11-24_50,0.0,0,0,100,144.0,144.0,0.0,0.0,0.0,True,True,True,False,0.0,1024.2479023795956,0.0,0.0,0.0,0.0,1024.2479023795956
2025-11-24T11:30:00Z,2025-11-24T11:45:00Z,2025-11-24,2025-11-24_51,0.0,0,0,100,144.0,144.0,0.0,0.0,0.0,True,True,True,False,0.0,1024.2479023795956,0.0,0.0,0.0,0.0,1024.2479023795956
2025-11-24T11:45:00Z,2025-11-24T12:00:00Z,2025-11-24,2025-11-24_52,0.0,0,0,100,144.0,144.0,0.0,0.0,0.0,True,True,True,False,0.0,1024.2479023795956,0.0,0.0,0.0,0.0,1024.2479023795956
2025-11-24T12:00:00Z,2025-11-24T12:15:00Z,2025-11-24,2025-11-24_53,0.0,0,0,100,144.0,144.0,0.0,0.0,0.0,True,True,True,False,0.0,1024.2479023795956,0.0,0.0,0.0,0.0,1024.2479023795956
2025-11-24T12:15:00Z,2025-11-24T12:30:00Z,2025-11-24,2025-11-24_54,0.0,0,0,100,144.0,144.0,0.0,0.0,0.0,True,True,True,False,0.0,1024.2479023795956,0.0,0.0,0.0,0.0,1024.2479023795956
2025-11-24T12:30:00Z,2025-11-24T12:45:00Z,2025-11-24,2025-11-24_55,0.0,0,0,100,144.0,144.0,0.0,0.0,0.0,True,True,True,False,0.0,1024.2479023795956,0.0,0.0,0.0,0.0,1024.2479023795956
2025-11-24T12:45:00Z,2025-11-24T13:00:00Z,2025-11-24,2025-11-24_56,0.0,0,0,100,144.0,144.0,0.0,0.0,0.0,True,True,True,False,0.0,1024.2479023795956,0.0,0.0,0.0,0.0,1024.2479023795956
2025-11-24T13:00:00Z,2025-11-24T13:15:00Z,2025-11-24,2025-11-24_57,0.0,0,0,100,144.0,144.0,0.0,0.0,0.0,True,True,True,False,0.0,1024.2479023795956,0.0,0.0,0.0,0.0,1024.2479023795956
2025-11-24T13:15:00Z,2025-11-24T13:30:00Z,2025-11-24,2025-11-24_58,0.0,0,0,100,144.0,144.0,0.0,0.0,0.0,True,True,True,False,0.0,1024.2479023795956,0.0,0.0,0.0,0.0,1024.2479023795956
2025-11-24T13:30:00Z,2025-11-24T13:45:00Z,2025-11-24,2025-11-24_59,0.0,0,0,100,144.0,144.0,0.0,0.0,0.0,True,True,True,False,0.0,1024.2479023795956,0.0,0.0,0.0,0.0,1024.2479023795956
2025-11-24T13:45:00Z,2025-11-24T14:00:00Z,2025-11-24,2025-11-24_60,0.0,0,0,100,144.0,144.0,0.0,0.0,0.0,True,True,True,False,0.0,1024.2479023795956,0.0,0.0,0.0,0.0,1024.2479023795956
2025-11-24T14:00:00Z,2025-11-24T14:15:00Z,2025-11-24,2025-11-24_61,0.0,0,0,100,144.0,144.0,0.0,0.0,0.0,True,True,True,False,0.0,1024.2479023795956,0.0,0.0,0.0,0.0,1024.2479023795956
2025-11-24T14:15:00Z,2025-11-24T14:30:00Z,2025-11-24,2025-11-24_62,0.0,0,0,100,144.0,144.0,0.0,0.0,0.0,True,True,True,False,0.0,1024.2479023795956,0.0,0.0,0.0,0.0,1024.2479023795956
2025-11-24T14:30:00Z,2025-11-24T14:45:00Z,2025-11-24,2025-11-24_63,0.0,0,0,100,144.0,144.0,0.0,0.0,0.0,True,True,True,False,0.0,1024.2479023795956,0.0,0.0,0.0,0.0,1024.2479023795956
2025-11-24T14:45:00Z,2025-11-24T15:00:00Z,2025-11-24,2025-11-24_64,0.0,0,0,100,144.0,144.0,0.0,0.0,0.0,True,True,True,False,0.0,1024.2479023795956,0.0,0.0,0.0,0.0,1024.2479023795956
2025-11-24T15:00:00Z,2025-11-24T15:15:00Z,2025-11-24,2025-11-24_65,0.0,0,0,100,144.0,144.0,0.0,0.0,0.0,True,True,True,False,0.0,1024.2479023795956,0.0,0.0,0.0,0.0,1024.2479023795956
2025-11-24T15:15:00Z,2025-11-24T15:30:00Z,2025-11-24,2025-11-24_66,0.0,0,0,100,144.0,144.0,0.0,0.0,0.0,True,True,True,False,0.0,1024.2479023795956,0.0,0.0,0.0,0.0,1024.2479023795956
2025-11-24T15:30:00Z,2025-11-24T15:45:00Z,2025-11-24,2025-11-24_67,0.0,0,0,100,144.0,144.0,0.0,0.0,0.0,True,True,True,False,0.0,1024.2479023795956,0.0,0.0,0.0,0.0,1024.2479023795956
2025-11-24T15:45:00Z,2025-11-24T16:00:00Z,2025-11-24,2025-11-24_68,0.0,0,0,100,144.0,144.0,0.0,0.0,0.0,True,True,True,False,0.0,1024.2479023795956,0.0,0.0,0.0,0.0,1024.2479023795956
2025-11-24T16:00:00Z,2025-11-24T16:15:00Z,2025-11-24,2025-11-24_69,81.0,0,81,19,144.0,122.0077453416149,0.06108959627329193,0.0,0.017125714285714286,True,True,True,False,4876.4025,194.60710145212317,0.0,7.806979623116071,0.0,-1.2587573306534692,5077.557823744586
2025-11-24T16:15:00Z,2025-11-24T16:30:00Z,2025-11-24,2025-11-24_70,81.0,0,81,19,122.0077453416149,99.9983850931677,0.06113711180124223,0.0,0.0013885714285714285,True,True,True,False,5548.905,194.60710145212317,0.0,7.806979623116071,0.0,-0.10914082478799225,5751.209940250451
2025-11-24T16:30:00Z,2025-11-24T16:45:00Z,2025-11-24,2025-11-24_71,81.0,0,81,19,99.9983850931677,78.35327329192548,0.060125310559006204,0.0,0.3364971428571429,True,True,True,False,5527.642500000001,194.60710145212317,0.0,7.806979623116071,0.0,-20.901953353525883,5709.154627721714
2025-11-24T16:45:00Z,2025-11-24T17:00:00Z,2025-11-24,2025-11-24_72,81.0,0,81,19,78.35327329192548,58.37193167701864,0.05550372670807454,0.0,1.867165714285714,True,True,True,False,5642.865000000001,194.60710145212317,0.0,7.806979623116071,0.0,-112.23540409783374,5733.043676977406
2025-11-24T17:00:00Z,2025-11-24T17:15:00Z,2025-11-24,2025-11-24_73,0.0,100,0,0,58.37193167701864,54.08683850931678,0.011903036576949619,3.942285714285714,0.0,True,True,True,False,0.0,0.0,110.1177025407243,0.0,619.6277559040751,0.0,729.7454584447994
2025-11-24T17:15:00Z,2025-11-24T17:30:00Z,2025-11-24,2025-11-24_74,0.0,100,0,0,54.08683850931678,52.357645962732924,0.004803312629399585,1.5908571428571427,0.0,True,True,True,False,0.0,0.0,110.1177025407243,0.0,249.82124596827387,0.0,359.9389485089982
2025-11-24T17:30:00Z,2025-11-24T17:45:00Z,2025-11-24,2025-11-24_75,0.0,100,0,0,52.357645962732924,51.76696273291926,0.0016407867494824017,0.5434285714285715,0.0,True,True,True,False,0.0,0.0,110.1177025407243,0.0,85.09161777131517,0.0,195.20932031203947
2025-11-24T17:45:00Z,2025-11-24T18:00:00Z,2025-11-24,2025-11-24_76,-98.90374392628492,100,0,0,51.76696273291926,64.34782608695647,0.0356769613001646,11.029142857142856,0.0,True,True,True,False,-5150.412464961288,0.0,110.1177025407243,0.0,7708.883451859296,0.0,2668.588689438732
2025-11-24T18:00:00Z,2025-11-24T18:15:00Z,2025-11-24,2025-11-24_77,0.0,0,0,100,64.34782608695647,64.34782608695647,0.0,0.0,0.0,True,True,True,False,0.0,1024.2479023795956,0.0,0.0,0.0,0.0,1024.2479023795956
2025-11-24T18:15:00Z,2025-11-24T18:30:00Z,2025-11-24,2025-11-24_78,0.0,0,0,100,64.34782608695647,64.34782608695647,0.0,0.0,0.0,True,True,True,False,0.0,1024.2479023795956,0.0,0.0,0.0,0.0,1024.2479023795956
2025-11-24T18:30:00Z,2025-11-24T18:45:00Z,2025-11-24,2025-11-24_79,0.0,0,0,100,64.34782608695647,64.34782608695647,0.0,0.0,0.0,True,True,True,False,0.0,1024.2479023795956,0.0,0.0,0.0,0.0,1024.2479023795956
2025-11-24T18:45:00Z,2025-11-24T19:00:00Z,2025-11-24,2025-11-24_80,0.0,0,0,100,64.34782608695647,64.34782608695647,0.0,0.0,0.0,True,True,True,False,0.0,1024.2479023795956,0.0,0.0,0.0,0.0,1024.2479023795956
2025-11-24T19:00:00Z,2025-11-24T19:15:00Z,2025-11-24,2025-11-24_81,0.0,0,0,100,64.34782608695647,64.34782608695647,0.0,0.0,0.0,True,True,True,False,0.0,1024.2479023795956,0.0,0.0,0.0,0.0,1024.2479023795956
2025-11-24T19:15:00Z,2025-11-24T19:30:00Z,2025-11-24,2025-11-24_82,0.0,0,0,100,64.34782608695647,64.34782608695647,0.0,0.0,0.0,True,True,True,False,0.0,1024.2479023795956,0.0,0.0,0.0,0.0,1024.2479023795956
2025-11-24T19:30:00Z,2025-11-24T19:45:00Z,2025-11-24,2025-11-24_83,0.0,0,0,100,64.34782608695647,64.34782608695647,0.0,0.0,0.0,True,True,True,False,0.0,1024.2479023795956,0.0,0.0,0.0,0.0,1024.2479023795956
2025-11-24T19:45:00Z,2025-11-24T20:00:00Z,2025-11-24,2025-11-24_84,0.0,0,0,100,64.34782608695647,64.34782608695647,0.0,0.0,0.0,True,True,True,False,0.0,1024.2479023795956,0.0,0.0,0.0,0.0,1024.2479023795956
2025-11-24T20:00:00Z,2025-11-24T20:15:00Z,2025-11-24,2025-11-24_85,100.0,0,100,0,64.34782608695647,46.12173913043473,0.0506280193236715,0.0,8.232000000000001,True,True,True,False,4141.0,0.0,0.0,10.758287319958342,0.0,-406.20700556090475,3745.5512817590534
2025-11-24T20:15:00Z,2025-11-24T20:30:00Z,2025-11-24,2025-11-24_86,75.34217831694124,0,100,0,46.12173913043473,36.72890037267076,0.039444517288248944,0.0,10.595428571428572,True,True,True,False,2750.7429303515246,0.0,0.0,10.758287319958342,0.0,-445.7133764319821,2315.7878412395007
2025-11-24T20:30:00Z,2025-11-24T20:45:00Z,2025-11-24,2025-11-24_87,0.0,0,100,0,36.72890037267076,45.89472894409933,0.025460634920634922,0.0,9.962857142857143,True,True,True,False,0.0,0.0,0.0,10.758287319958342,0.0,-453.01624929471103,-442.2579619747527
2025-11-24T20:45:00Z,2025-11-24T21:00:00Z,2025-11-24,2025-11-24_88,0.0,0,100,0,45.89472894409933,64.34782608695647,0.05125860317460317,0.0,20.057714285714283,True,True,True,False,0.0,0.0,0.0,10.758287319958342,0.0,289.8438444069538,300.60213172691215
2025-11-24T21:00:00Z,2025-11-24T21:15:00Z,2025-11-24,2025-11-24_89,0.0,0,0,100,64.34782608695647,64.34782608695647,0.0,0.0,0.0,True,True,True,False,0.0,1024.2479023795956,0.0,0.0,0.0,0.0,1024.2479023795956
2025-11-24T21:15:00Z,2025-11-24T21:30:00Z,2025-11-24,2025-11-24_90,0.0,0,0,100,64.34782608695647,64.34782608695647,0.0,0.0,0.0,True,True,True,False,0.0,1024.2479023795956,0.0,0.0,0.0,0.0,1024.2479023795956
2025-11-24T21:30:00Z,2025-11-24T21:45:00Z,2025-11-24,2025-11-24_91,0.0,0,0,100,64.34782608695647,64.34782608695647,0.0,0.0,0.0,True,True,True,False,0.0,1024.2479023795956,0.0,0.0,0.0,0.0,1024.2479023795956
2025-11-24T21:45:00Z,2025-11-24T22:00:00Z,2025-11-24,2025-11-24_92,0.0,0,0,100,64.34782608695647,64.34782608695647,0.0,0.0,0.0,True,True,True,False,0.0,1024.2479023795956,0.0,0.0,0.0,0.0,1024.2479023795956
2025-11-24T22:00:00Z,2025-11-24T22:15:00Z,2025-11-25,2025-11-24_93,0.0,0,0,100,64.34782608695647,64.34782608695647,0.0,0.0,0.0,True,True,True,False,0.0,1024.6505867783214,0.0,0.0,0.0,0.0,1024.6505867783214
2025-11-24T22:15:00Z,2025-11-24T22:30:00Z,2025-11-25,2025-11-24_94,0.0,0,0,100,64.34782608695647,64.34782608695647,0.0,0.0,0.0,True,True,True,False,0.0,1024.6505867783214,0.0,0.0,0.0,0.0,1024.6505867783214
2025-11-24T22:30:00Z,2025-11-24T22:45:00Z,2025-11-25,2025-11-24_95,0.0,0,0,100,64.34782608695647,64.34782608695647,0.0,0.0,0.0,True,True,True,False,0.0,1024.6505867783214,0.0,0.0,0.0,0.0,1024.6505867783214
2025-11-24T22:45:00Z,2025-11-24T23:00:00Z,2025-11-25,2025-11-24_96,0.0,0,0,100,64.34782608695647,64.34782608695647,0.0,0.0,0.0,True,True,True,False,0.0,1024.6505867783214,0.0,0.0,0.0,0.0,1024.6505867783214
2025-11-24T23:00:00Z,2025-11-24T23:15:00Z,2025-11-25,2025-11-25_1,0.0,0,0,100,64.34782608695647,64.34782608695647,0.0,0.0,0.0,True,True,True,False,0.0,1024.6505867783214,0.0,0.0,0.0,0.0,1024.6505867783214
2025-11-24T23:15:00Z,2025-11-24T23:30:00Z,2025-11-25,2025-11-25_2,0.0,0,0,100,64.34782608695647,64.34782608695647,0.0,0.0,0.0,True,True,True,False,0.0,1024.6505867783214,0.0,0.0,0.0,0.0,1024.6505867783214
2025-11-24T23:30:00Z,2025-11-24T23:45:00Z,2025-11-25,2025-11-25_3,0.0,0,0,100,64.34782608695647,64.34782608695647,0.0,0.0,0.0,True,True,True,False,0.0,1024.6505867783214,0.0,0.0,0.0,0.0,1024.6505867783214
2025-11-24T23:45:00Z,2025-11-25T00:00:00Z,2025-11-25,2025-11-25_4,0.0,0,0,100,64.34782608695647,64.34782608695647,0.0,0.0,0.0,True,True,True,False,0.0,1024.6505867783214,0.0,0.0,0.0,0.0,1024.6505867783214
2025-11-25T00:00:00Z,2025-11-25T00:15:00Z,2025-11-25,2025-11-25_5,0.0,0,0,100,64.34782608695647,64.34782608695647,0.0,0.0,0.0,True,True,True,False,0.0,1024.6505867783214,0.0,0.0,0.0,0.0,1024.6505867783214
2025-11-25T00:15:00Z,2025-11-25T00:30:00Z,2025-11-25,2025-11-25_6,0.0,0,0,100,64.34782608695647,64.34782608695647,0.0,0.0,0.0,True,True,True,False,0.0,1024.6505867783214,0.0,0.0,0.0,0.0,1024.6505867783214
2025-11-25T00:30:00Z,2025-11-25T00:45:00Z,2025-11-25,2025-11-25_7,0.0,0,0,100,64.34782608695647,64.34782608695647,0.0,0.0,0.0,True,True,True,False,0.0,1024.6505867783214,0.0,0.0,0.0,0.0,1024.6505867783214
2025-11-25T00:45:00Z,2025-11-25T01:00:00Z,2025-11-25,2025-11-25_8,0.0,0,0,100,64.34782608695647,64.34782608695647,0.0,0.0,0.0,True,True,True,False,0.0,1024.6505867783214,0.0,0.0,0.0,0.0,1024.6505867783214
2025-11-25T01:00:00Z,2025-11-25T01:15:00Z,2025-11-25,2025-11-25_9,0.0,0,0,100,64.34782608695647,64.34782608695647,0.0,0.0,0.0,True,True,True,False,0.0,1024.6505867783214,0.0,0.0,0.0,0.0,1024.6505867783214
2025-11-25T01:15:00Z,2025-11-25T01:30:00Z,2025-11-25,2025-11-25_10,0.0,0,0,100,64.34782608695647,64.34782608695647,0.0,0.0,0.0,True,True,True,False,0.0,1024.6505867783214,0.0,0.0,0.0,0.0,1024.6505867783214
2025-11-25T01:30:00Z,2025-11-25T01:45:00Z,2025-11-25,2025-11-25_11,0.0,0,0,100,64.34782608695647,64.34782608695647,0.0,0.0,0.0,True,True,True,False,0.0,1024.6505867783214,0.0,0.0,0.0,0.0,1024.6505867783214
2025-11-25T01:45:00Z,2025-11-25T02:00:00Z,2025-11-25,2025-11-25_12,0.0,0,0,100,64.34782608695647,64.34782608695647,0.0,0.0,0.0,True,True,True,False,0.0,1024.6505867783214,0.0,0.0,0.0,0.0,1024.6505867783214
2025-11-25T02:00:00Z,2025-11-25T02:15:00Z,2025-11-25,2025-11-25_13,-4.263256414560601e-14,0,0,100,64.34782608695647,64.34782608695649,2.7237471537470506e-17,0.0,0.0,True,True,True,False,-1.1053558068851998e-12,1024.6505867783214,0.0,0.0,0.0,0.0,1024.6505867783203
2025-11-25T02:15:00Z,2025-11-25T02:30:00Z,2025-11-25,2025-11-25_14,-4.263256414560601e-14,0,0,100,64.34782608695649,64.3478260869565,2.723747153747051e-17,0.0,0.0,True,True,True,False,-1.0524914273446484e-12,1024.6505867783214,0.0,0.0,0.0,0.0,1024.6505867783203
2025-11-25T02:30:00Z,2025-11-25T02:45:00Z,2025-11-25,2025-11-25_15,-4.263256414560601e-14,0,0,100,64.3478260869565,64.34782608695652,2.723747153747051e-17,0.0,0.0,True,True,True,False,-1.0667733363334263e-12,1024.6505867783214,0.0,0.0,0.0,0.0,1024.6505867783203
2025-11-25T02:45:00Z,2025-11-25T03:00:00Z,2025-11-25,2025-11-25_16,-4.263256414560601e-14,0,0,100,64.34782608695652,64.34782608695653,2.7237471537470512e-17,0.0,0.0,True,True,True,False,-1.0824408036569366e-12,1024.6505867783214,0.0,0.0,0.0,0.0,1024.6505867783203
2025-11-25T03:00:00Z,2025-11-25T03:15:00Z,2025-11-25,2025-11-25_17,0.0,0,0,100,64.34782608695653,64.34782608695653,0.0,0.0,0.0,True,True,True,False,0.0,1024.6505867783214,0.0,0.0,0.0,0.0,1024.6505867783214
2025-11-25T03:15:00Z,2025-11-25T03:30:00Z,2025-11-25,2025-11-25_18,0.0,0,0,100,64.34782608695653,64.34782608695653,0.0,0.0,0.0,True,True,True,False,0.0,1024.6505867783214,0.0,0.0,0.0,0.0,1024.6505867783214
2025-11-25T03:30:00Z,2025-11-25T03:45:00Z,2025-11-25,2025-11-25_19,0.0,0,0,100,64.34782608695653,64.34782608695653,0.0,0.0,0.0,True,True,True,False,0.0,1024.6505867783214,0.0,0.0,0.0,0.0,1024.6505867783214
2025-11-25T03:45:00Z,2025-11-25T04:00:00Z,2025-11-25,2025-11-25_20,0.0,0,0,100,64.34782608695653,64.34782608695653,0.0,0.0,0.0,True,True,True,False,0.0,1024.6505867783214,0.0,0.0,0.0,0.0,1024.6505867783214
2025-11-25T04:00:00Z,2025-11-25T04:15:00Z,2025-11-25,2025-11-25_21,0.0,0,0,100,64.34782608695653,64.34782608695653,0.0,0.0,0.0,True,True,True,False,0.0,1024.6505867783214,0.0,0.0,0.0,0.0,1024.6505867783214
2025-11-25T04:15:00Z,2025-11-25T04:30:00Z,2025-11-25,2025-11-25_22,0.0,0,0,100,64.34782608695653,64.34782608695653,0.0,0.0,0.0,True,True,True,False,0.0,1024.6505867783214,0.0,0.0,0.0,0.0,1024.6505867783214
2025-11-25T04:30:00Z,2025-11-25T04:45:00Z,2025-11-25,2025-11-25_23,0.0,0,0,100,64.34782608695653,64.34782608695653,0.0,0.0,0.0,True,True,True,False,0.0,1024.6505867783214,0.0,0.0,0.0,0.0,1024.6505867783214
2025-11-25T04:45:00Z,2025-11-25T05:00:00Z,2025-11-25,2025-11-25_24,0.0,0,0,100,64.34782608695653,64.34782608695653,0.0,0.0,0.0,True,True,True,False,0.0,1024.6505867783214,0.0,0.0,0.0,0.0,1024.6505867783214
2025-11-25T05:00:00Z,2025-11-25T05:15:00Z,2025-11-25,2025-11-25_25,0.0,0,0,100,64.34782608695653,64.34782608695653,0.0,0.0,0.0,True,True,True,False,0.0,1024.6505867783214,0.0,0.0,0.0,0.0,1024.6505867783214
2025-11-25T05:15:00Z,2025-11-25T05:30:00Z,2025-11-25,2025-11-25_26,0.0,0,0,100,64.34782608695653,64.34782608695653,0.0,0.0,0.0,True,True,True,False,0.0,1024.6505867783214,0.0,0.0,0.0,0.0,1024.6505867783214
2025-11-25T05:30:00Z,2025-11-25T05:45:00Z,2025-11-25,2025-11-25_27,0.0,0,0,100,64.34782608695653,64.34782608695653,0.0,0.0,0.0,True,True,True,False,0.0,1024.6505867783214,0.0,0.0,0.0,0.0,1024.6505867783214
2025-11-25T05:45:00Z,2025-11-25T06:00:00Z,2025-11-25,2025-11-25_28,0.0,0,0,100,64.34782608695653,64.34782608695653,0.0,0.0,0.0,True,True,True,False,0.0,1024.6505867783214,0.0,0.0,0.0,0.0,1024.6505867783214
2025-11-25T06:00:00Z,2025-11-25T06:15:00Z,2025-11-25,2025-11-25_29,0.0,0,100,0,64.34782608695653,76.61063751552796,0.034063365079365075,0.0,13.329142857142855,True,True,True,False,0.0,0.0,0.0,10.556112519903284,0.0,-523.533914410961,-512.9778018910577
2025-11-25T06:15:00Z,2025-11-25T06:30:00Z,2025-11-25,2025-11-25_30,100.0,0,100,0,76.61063751552796,55.262190310559006,0.05930124223602485,0.0,5.359428571428571,True,True,True,False,7601.000000000001,0.0,0.0,10.556112519903284,0.0,-232.31986621622758,7379.236246303677
2025-11-25T06:30:00Z,2025-11-25T06:45:00Z,2025-11-25,2025-11-25_31,100.0,0,100,0,55.262190310559006,30.86902260869565,0.06775879917184266,0.0,2.5582857142857143,True,True,True,False,8252.0,0.0,0.0,10.556112519903284,0.0,-145.17269406931257,8117.38341845059
2025-11-25T06:45:00Z,2025-11-25T07:00:00Z,2025-11-25,2025-11-25_32,100.0,0,100,0,30.86902260869565,17.177097142857143,0.03803312629399586,0.0,12.40342857142857,True,True,True,False,8870.25,0.0,0.0,10.556112519903284,0.0,-489.13947424437714,8391.666638275527
2025-11-25T07:00:00Z,2025-11-25T07:15:00Z,2025-11-25,2025-11-25_33,35.8110619874571,64,100,0,17.177097142857143,10.000000000000007,0.02848887429829087,0.0,2.606857142857143,True,True,True,False,2741.0682121749355,0.0,72.3524208291561,9.966385563484106,0.0,-128.4237519552257,2694.9632666123503
2025-11-25T07:15:00Z,2025-11-25T07:30:00Z,2025-11-25,2025-11-25_34,0.0,64,100,0,10.000000000000007,10.440034782608704,0.0013040303657694964,0.013531428571428571,0.4942857142857143,True,True,True,False,0.0,0.0,72.3524208291561,9.966385563484106,2.1789800060095983,-26.977927924133027,57.51985847451678
2025-11-25T07:30:00Z,2025-11-25T07:45:00Z,2025-11-25,2025-11-25_35,0.0,64,100,0,10.440034782608704,16.900831801242244,0.01801511939268461,0.011337142857142856,7.0360000000000005,True,True,True,False,0.0,0.0,72.3524208291561,9.966385563484106,1.7605989379298335,-289.8036437262881,-205.72423839571806
2025-11-25T07:45:00Z,2025-11-25T08:00:00Z,2025-11-25,2025-11-25_36,10.113078376968819,64,100,0,16.900831801242244,30.811588814667818,0.04304949823040047,0.0,17.781142857142857,True,True,True,False,305.996468991134,0.0,72.3524208291561,9.966385563484106,0.0,1426.4796112295244,1814.7948866132986
2025-11-25T08:00:00Z,2025-11-25T08:15:00Z,2025-11-25,2025-11-25_37,0.0,100,100,0,30.811588814667818,31.49719477740074,0.017018332643202207,2.5028571428571427,3.7022857142857144,True,True,True,False,0.0,0.0,86.12962198502093,10.615085215545202,353.6073530526794,1062.263651083834,1512.6157113370796
2025-11-25T08:15:00Z,2025-11-25T08:30:00Z,2025-11-25,2025-11-25_38,0.0,100,100,0,31.49719477740074,47.89474906311503,0.045548761904761904,0.0,17.823428571428572,True,True,True,False,0.0,0.0,86.12962198502093,10.615085215545202,0.0,12020.329606820613,12117.074314021178
2025-11-25T08:30:00Z,2025-11-25T08:45:00Z,2025-11-25,2025-11-25_39,0.0,100,100,0,47.89474906311503,62.498566205972175,0.04056615873015874,0.0,15.873714285714286,True,True,True,False,0.0,0.0,86.12962198502093,10.615085215545202,0.0,7922.050912532259,8018.795619732825
2025-11-25T08:45:00Z,2025-11-25T09:00:00Z,2025-11-25,2025-11-25_40,0.0,100,100,0,62.498566205972175,63.528970181127455,0.002938147688060731,0.01257142857142857,1.1348571428571428,True,True,True,False,0.0,0.0,86.12962198502093,10.615085215545202,1.9208256177389864,-56.18536702078365,42.48016579752147
2025-11-25T09:00:00Z,2025-11-25T09:15:00Z,2025-11-25,2025-11-25_41,0.0,100,100,0,63.528970181127455,74.02352521218336,0.030207442374051076,0.17485714285714285,11.613714285714288,True,True,True,False,0.0,0.0,86.18859468066286,10.615085215545202,16.32701202200524,7670.987159566073,7784.117851484287
2025-11-25T09:15:00Z,2025-11-25T09:30:00Z,2025-11-25,2025-11-25_42,0.0,100,100,0,74.02352521218336,79.63237092646908,0.015580126984126984,0.0,6.096571428571429,True,True,True,False,0.0,0.0,86.18859468066286,10.615085215545202,0.0,-37.57940482508979,59.22427507111827
2025-11-25T09:30:00Z,2025-11-25T09:45:00Z,2025-11-25,2025-11-25_43,0.0,100,100,0,79.63237092646908,80.34176223081691,0.0021913733609385784,0.036571428571428574,0.8142857142857143,True,True,True,False,0.0,0.0,86.18859468066286,10.615085215545202,5.449416760040101,-40.988803612498835,61.264293043749326
2025-11-25T09:45:00Z,2025-11-25T10:00:00Z,2025-11-25,2025-11-25_44,0.0,100,100,0,80.34176223081691,88.63753365938834,0.023043809523809525,0.0,9.017142857142858,True,True,True,False,0.0,0.0,86.18859468066286,10.615085215545202,0.0,-432.91006663914607,-336.106386742938
2025-11-25T10:00:00Z,2025-11-25T10:15:00Z,2025-11-25,2025-11-25_45,0.0,0,0,100,88.63753365938834,88.63753365938834,0.0,0.0,0.0,True,True,True,False,0.0,1024.6505867783214,0.0,0.0,0.0,0.0,1024.6505867783214
2025-11-25T10:15:00Z,2025-11-25T10:30:00Z,2025-11-25,2025-11-25_46,0.0,0,0,100,88.63753365938834,88.63753365938834,0.0,0.0,0.0,True,True,True,False,0.0,1024.6505867783214,0.0,0.0,0.0,0.0,1024.6505867783214
2025-11-25T10:30:00Z,2025-11-25T10:45:00Z,2025-11-25,2025-11-25_47,0.0,0,0,100,88.63753365938834,88.63753365938834,0.0,0.0,0.0,True,True,True,False,0.0,1024.6505867783214,0.0,0.0,0.0,0.0,1024.6505867783214
2025-11-25T10:45:00Z,2025-11-25T11:00:00Z,2025-11-25,2025-11-25_48,0.0,0,0,100,88.63753365938834,88.63753365938834,0.0,0.0,0.0,True,True,True,False,0.0,1024.6505867783214,0.0,0.0,0.0,0.0,1024.6505867783214
2025-11-25T11:00:00Z,2025-11-25T11:15:00Z,2025-11-25,2025-11-25_49,-98.97151825110669,100,0,0,88.63753365938834,111.40098285714288,0.06323180332709594,0.0,0.0,True,True,True,False,-1659.999789866687,0.0,86.18859468066286,0.0,0.0,0.0,-1573.8111951860242
2025-11-25T11:15:00Z,2025-11-25T11:30:00Z,2025-11-25,2025-11-25_50,-100.0,100,0,0,111.40098285714288,124.18162285714288,0.03550177777777778,11.108,0.0,True,True,True,False,-638.75,0.0,86.18859468066286,0.0,5130.620362878654,0.0,4578.058957559318
2025-11-25T11:30:00Z,2025-11-25T11:45:00Z,2025-11-25,2025-11-25_51,-100.0,100,0,0,124.18162285714288,126.51264000000002,0.006475047619047614,22.466285714285718,0.0,True,True,True,False,-1404.5,0.0,86.18859468066286,0.0,18253.120720702504,0.0,16934.809315383165
2025-11-25T11:45:00Z,2025-11-25T12:00:00Z,2025-11-25,2025-11-25_52,-100.0,100,0,0,126.51264000000002,144.00000000000003,0.048575999999999994,5.992,0.0,True,True,True,False,-1472.5,0.0,86.18859468066286,0.0,1677.951994653142,0.0,291.6405893338049
2025-11-25T12:00:00Z,2025-11-25T12:15:00Z,2025-11-25,2025-11-25_53,0.0,0,0,100,144.00000000000003,144.00000000000003,0.0,0.0,0.0,True,True,True,False,0.0,1024.6505867783214,0.0,0.0,0.0,0.0,1024.6505867783214
2025-11-25T12:15:00Z,2025-11-25T12:30:00Z,2025-11-25,2025-11-25_54,4.263256414560601e-14,0,0,100,144.00000000000003,144.00000000000003,3.218037752536685e-17,0.0,0.0,True,True,True,False,1.1079137607339363e-12,1024.6505867783214,0.0,0.0,0.0,0.0,1024.6505867783226
2025-11-25T12:30:00Z,2025-11-25T12:45:00Z,2025-11-25,2025-11-25_55,0.0,0,0,100,144.00000000000003,144.00000000000003,0.0,0.0,0.0,True,True,True,False,0.0,1024.6505867783214,0.0,0.0,0.0,0.0,1024.6505867783214
2025-11-25T12:45:00Z,2025-11-25T13:00:00Z,2025-11-25,2025-11-25_56,0.0,0,0,100,144.00000000000003,144.00000000000003,0.0,0.0,0.0,True,True,True,False,0.0,1024.6505867783214,0.0,0.0,0.0,0.0,1024.6505867783214
2025-11-25T13:00:00Z,2025-11-25T13:15:00Z,2025-11-25,2025-11-25_57,0.0,0,0,100,144.00000000000003,144.00000000000003,0.0,0.0,0.0,True,True,True,False,0.0,1024.6505867783214,0.0,0.0,0.0,0.0,1024.6505867783214
2025-11-25T13:15:00Z,2025-11-25T13:30:00Z,2025-11-25,2025-11-25_58,0.0,0,0,100,144.00000000000003,144.00000000000003,0.0,0.0,0.0,True,True,True,False,0.0,1024.6505867783214,0.0,0.0,0.0,0.0,1024.6505867783214
2025-11-25T13:30:00Z,2025-11-25T13:45:00Z,2025-11-25,2025-11-25_59,0.0,0,0,100,144.00000000000003,144.00000000000003,0.0,0.0,0.0,True,True,True,False,0.0,1024.6505867783214,0.0,0.0,0.0,0.0,1024.6505867783214
2025-11-25T13:45:00Z,2025-11-25T14:00:00Z,2025-11-25,2025-11-25_60,0.0,0,0,100,144.00000000000003,144.00000000000003,0.0,0.0,0.0,True,True,True,False,0.0,1024.6505867783214,0.0,0.0,0.0,0.0,1024.6505867783214
2025-11-25T14:00:00Z,2025-11-25T14:15:00Z,2025-11-25,2025-11-25_61,71.65618285714281,0,74,26,144.00000000000003,124.52821118012426,0.05408830227743267,0.0,0.0,True,True,True,False,5280.164974285711,266.4091525623636,0.0,7.8115232647284305,0.0,0.0,5554.385650112803
2025-11-25T14:15:00Z,2025-11-25T14:30:00Z,2025-11-25,2025-11-25_62,74.0,0,74,26,124.52821118012426,104.4654782608696,0.05572981366459627,0.0,0.04228571428571429,True,True,True,False,5646.570000000001,266.4091525623636,0.0,7.8115232647284305,0.0,-2.6406647626910646,5918.150011064402
2025-11-25T14:30:00Z,2025-11-25T14:45:00Z,2025-11-25,2025-11-25_63,74.0,0,74,26,104.4654782608696,84.38298136645966,0.05578471359558316,0.0,0.024102857142857145,True,True,True,False,6164.570000000001,266.4091525623636,0.0,7.8115232647284305,0.0,-1.581006424653957,6437.2096694024385
2025-11-25T14:45:00Z,2025-11-25T15:00:00Z,2025-11-25,2025-11-25_64,74.0,0,74,26,84.38298136645966,64.34782608695656,0.055653209109730845,0.0,0.06765714285714286,True,True,True,False,6643.165,266.4091525623636,0.0,7.8115232647284305,0.0,-4.440120528956998,6912.945555298135
2025-11-25T15:00:00Z,2025-11-25T15:15:00Z,2025-11-25,2025-11-25_65,0.0,0,0,100,64.34782608695656,64.34782608695656,0.0,0.0,0.0,True,True,True,False,0.0,1024.6505867783214,0.0,0.0,0.0,0.0,1024.6505867783214
2025-11-25T15:15:00Z,2025-11-25T15:30:00Z,2025-11-25,2025-11-25_66,0.0,0,0,100,64.34782608695656,64.34782608695656,0.0,0.0,0.0,True,True,True,False,0.0,1024.6505867783214,0.0,0.0,0.0,0.0,1024.6505867783214
2025-11-25T15:30:00Z,2025-11-25T15:45:00Z,2025-11-25,2025-11-25_67,0.0,0,0,100,64.34782608695656,64.34782608695656,0.0,0.0,0.0,True,True,True,False,0.0,1024.6505867783214,0.0,0.0,0.0,0.0,1024.6505867783214
2025-11-25T15:45:00Z,2025-11-25T16:00:00Z,2025-11-25,2025-11-25_68,0.0,0,0,100,64.34782608695656,64.34782608695656,0.0,0.0,0.0,True,True,True,False,0.0,1024.6505867783214,0.0,0.0,0.0,0.0,1024.6505867783214
2025-11-25T16:00:00Z,2025-11-25T16:15:00Z,2025-11-25,2025-11-25_69,0.0,0,0,100,64.34782608695656,64.34782608695656,0.0,0.0,0.0,True,True,True,False,0.0,1024.6505867783214,0.0,0.0,0.0,0.0,1024.6505867783214
2025-11-25T16:15:00Z,2025-11-25T16:30:00Z,2025-11-25,2025-11-25_70,0.0,0,0,100,64.34782608695656,64.34782608695656,0.0,0.0,0.0,True,True,True,False,0.0,1024.6505867783214,0.0,0.0,0.0,0.0,1024.6505867783214
2025-11-25T16:30:00Z,2025-11-25T16:45:00Z,2025-11-25,2025-11-25_71,0.0,0,0,100,64.34782608695656,64.34782608695656,0.0,0.0,0.0,True,True,True,False,0.0,1024.6505867783214,0.0,0.0,0.0,0.0,1024.6505867783214
2025-11-25T16:45:00Z,2025-11-25T17:00:00Z,2025-11-25,2025-11-25_72,0.0,0,0,100,64.34782608695656,64.34782608695656,0.0,0.0,0.0,True,True,True,False,0.0,1024.6505867783214,0.0,0.0,0.0,0.0,1024.6505867783214
2025-11-25T17:00:00Z,2025-11-25T17:15:00Z,2025-11-25,2025-11-25_73,0.0,0,0,100,64.34782608695656,64.34782608695656,0.0,0.0,0.0,True,True,True,False,0.0,1024.6505867783214,0.0,0.0,0.0,0.0,1024.6505867783214
2025-11-25T17:15:00Z,2025-11-25T17:30:00Z,2025-11-25,2025-11-25_74,0.0,0,0,100,64.34782608695656,64.34782608695656,0.0,0.0,0.0,True,True,True,False,0.0,1024.6505867783214,0.0,0.0,0.0,0.0,1024.6505867783214
2025-11-25T17:30:00Z,2025-11-25T17:45:00Z,2025-11-25,2025-11-25_75,0.0,0,0,100,64.34782608695656,64.34782608695656,0.0,0.0,0.0,True,True,True,False,0.0,1024.6505867783214,0.0,0.0,0.0,0.0,1024.6505867783214
2025-11-25T17:45:00Z,2025-11-25T18:00:00Z,2025-11-25,2025-11-25_76,0.0,0,0,100,64.34782608695656,64.34782608695656,0.0,0.0,0.0,True,True,True,False,0.0,1024.6505867783214,0.0,0.0,0.0,0.0,1024.6505867783214
2025-11-25T18:00:00Z,2025-11-25T18:15:00Z,2025-11-25,2025-11-25_77,-1.0136818920490561e-14,100,3,0,64.34782608695656,61.73124515776402,0.007269331787439618,2.4074285714285715,0.0002057142857142857,True,True,True,False,-7.926485554877594e-13,0.0,112.49041693695817,0.3166833755970985,378.5191741576031,-0.013344678556685396,491.3129297916009
2025-11-25T18:15:00Z,2025-11-25T18:30:00Z,2025-11-25,2025-11-25_78,-0.4166772522758153,100,3,0,61.73124515776402,49.09610374161495,0.03538043704471438,11.72,0.0,True,True,True,False,-18.73380926232066,0.0,112.49041693695817,0.3166833755970985,9570.886383204575,0.0,9664.95967425481
2025-11-25T18:30:00Z,2025-11-25T18:45:00Z,2025-11-25,2025-11-25_79,0.0,100,3,0,49.09610374161495,44.20790498385097,0.013578329882677709,4.497142857142857,0.0,True,True,True,False,0.0,0.0,112.49041693695817,0.3166833755970985,937.9103446532828,0.0,1050.717444965838
2025-11-25T18:45:00Z,2025-11-25T19:00:00Z,2025-11-25,2025-11-25_80,-97.00000000000007,100,3,0,44.20790498385097,64.34782608695657,0.05637124391994482,2.357142857142857,0.011194285714285716,True,True,True,False,-2521.0300000000016,0.0,112.49041693695817,0.3166833755970985,476.9828305208974,-0.6953193775853208,-1931.9353885441342
2025-11-25T19:00:00Z,2025-11-25T19:15:00Z,2025-11-25,2025-11-25_81,0.0,0,0,100,64.34782608695657,64.34782608695657,0.0,0.0,0.0,True,True,True,False,0.0,1024.6505867783214,0.0,0.0,0.0,0.0,1024.6505867783214
2025-11-25T19:15:00Z,2025-11-25T19:30:00Z,2025-11-25,2025-11-25_82,0.0,0,0,100,64.34782608695657,64.34782608695657,0.0,0.0,0.0,True,True,True,False,0.0,1024.6505867783214,0.0,0.0,0.0,0.0,1024.6505867783214
2025-11-25T19:30:00Z,2025-11-25T19:45:00Z,2025-11-25,2025-11-25_83,0.0,0,0,100,64.34782608695657,64.34782608695657,0.0,0.0,0.0,True,True,True,False,0.0,1024.6505867783214,0.0,0.0,0.0,0.0,1024.6505867783214
2025-11-25T19:45:00Z,2025-11-25T20:00:00Z,2025-11-25,2025-11-25_84,0.0,0,0,100,64.34782608695657,64.34782608695657,0.0,0.0,0.0,True,True,True,False,0.0,1024.6505867783214,0.0,0.0,0.0,0.0,1024.6505867783214
2025-11-25T20:00:00Z,2025-11-25T20:15:00Z,2025-11-25,2025-11-25_85,0.0,0,0,100,64.34782608695657,64.34782608695657,0.0,0.0,0.0,True,False,True,False,0.0,1024.6505867783214,0.0,0.0,0.0,0.0,1024.6505867783214
2025-11-25T20:15:00Z,2025-11-25T20:30:00Z,2025-11-25,2025-11-25_86,0.0,0,0,100,64.34782608695657,64.34782608695657,0.0,0.0,0.0,True,False,True,False,0.0,1024.6505867783214,0.0,0.0,0.0,0.0,1024.6505867783214
2025-11-25T20:30:00Z,2025-11-25T20:45:00Z,2025-11-25,2025-11-25_87,0.0,0,0,100,64.34782608695657,64.34782608695657,0.0,0.0,0.0,True,False,True,False,0.0,1024.6505867783214,0.0,0.0,0.0,0.0,1024.6505867783214
2025-11-25T20:45:00Z,2025-11-25T21:00:00Z,2025-11-25,2025-11-25_88,0.0,0,0,100,64.34782608695657,64.34782608695657,0.0,0.0,0.0,True,False,True,False,0.0,1024.6505867783214,0.0,0.0,0.0,0.0,1024.6505867783214
2025-11-25T21:00:00Z,2025-11-25T21:15:00Z,2025-11-25,2025-11-25_89,0.0,0,0,100,64.34782608695657,64.34782608695657,0.0,0.0,0.0,True,True,True,False,0.0,1024.6505867783214,0.0,0.0,0.0,0.0,1024.6505867783214
2025-11-25T21:15:00Z,2025-11-25T21:30:00Z,2025-11-25,2025-11-25_90,0.0,0,0,100,64.34782608695657,64.34782608695657,0.0,0.0,0.0,True,True,True,False,0.0,1024.6505867783214,0.0,0.0,0.0,0.0,1024.6505867783214
2025-11-25T21:30:00Z,2025-11-25T21:45:00Z,2025-11-25,2025-11-25_91,0.0,0,0,100,64.34782608695657,64.34782608695657,0.0,0.0,0.0,True,True,True,False,0.0,1024.6505867783214,0.0,0.0,0.0,0.0,1024.6505867783214
2025-11-25T21:45:00Z,2025-11-25T22:00:00Z,2025-11-25,2025-11-25_92,0.0,0,0,100,64.34782608695657,64.34782608695657,0.0,0.0,0.0,True,True,True,False,0.0,1024.6505867783214,0.0,0.0,0.0,0.0,1024.6505867783214
2025-11-25T22:00:00Z,2025-11-25T22:15:00Z,2025-11-26,2025-11-25_93,0.0,0,0,100,64.34782608695657,64.34782608695657,0.0,0.0,0.0,True,True,True,False,0.0,1024.2680290823344,0.0,0.0,0.0,0.0,1024.2680290823344
2025-11-25T22:15:00Z,2025-11-25T22:30:00Z,2025-11-26,2025-11-25_94,0.0,0,0,100,64.34782608695657,64.34782608695657,0.0,0.0,0.0,True,True,True,False,0.0,1024.2680290823344,0.0,0.0,0.0,0.0,1024.2680290823344
2025-11-25T22:30:00Z,2025-11-25T22:45:00Z,2025-11-26,2025-11-25_95,0.0,0,0,100,64.34782608695657,64.34782608695657,0.0,0.0,0.0,True,True,True,False,0.0,1024.2680290823344,0.0,0.0,0.0,0.0,1024.2680290823344
2025-11-25T22:45:00Z,2025-11-25T23:00:00Z,2025-11-26,2025-11-25_96,0.0,0,0,100,64.34782608695657,64.34782608695657,0.0,0.0,0.0,True,True,True,False,0.0,1024.2680290823344,0.0,0.0,0.0,0.0,1024.2680290823344
2025-11-25T23:00:00Z,2025-11-25T23:15:00Z,2025-11-26,2025-11-26_1,0.0,0,0,100,64.34782608695657,64.34782608695657,0.0,0.0,0.0,True,True,True,False,0.0,1024.2680290823344,0.0,0.0,0.0,0.0,1024.2680290823344
2025-11-25T23:15:00Z,2025-11-25T23:30:00Z,2025-11-26,2025-11-26_2,0.0,0,0,100,64.34782608695657,64.34782608695657,0.0,0.0,0.0,True,True,True,False,0.0,1024.2680290823344,0.0,0.0,0.0,0.0,1024.2680290823344
2025-11-25T23:30:00Z,2025-11-25T23:45:00Z,2025-11-26,2025-11-26_3,0.0,0,0,100,64.34782608695657,64.34782608695657,0.0,0.0,0.0,True,True,True,False,0.0,1024.2680290823344,0.0,0.0,0.0,0.0,1024.2680290823344
2025-11-25T23:45:00Z,2025-11-26T00:00:00Z,2025-11-26,2025-11-26_4,0.0,0,0,100,64.34782608695657,64.34782608695657,0.0,0.0,0.0,True,True,True,False,0.0,1024.2680290823344,0.0,0.0,0.0,0.0,1024.2680290823344
2025-11-26T00:00:00Z,2025-11-26T00:15:00Z,2025-11-26,2025-11-26_5,0.0,0,0,100,64.34782608695657,64.34782608695657,0.0,0.0,0.0,True,True,True,False,0.0,1024.2680290823344,0.0,0.0,0.0,0.0,1024.2680290823344
2025-11-26T00:15:00Z,2025-11-26T00:30:00Z,2025-11-26,2025-11-26_6,0.0,0,0,100,64.34782608695657,64.34782608695657,0.0,0.0,0.0,True,True,True,False,0.0,1024.2680290823344,0.0,0.0,0.0,0.0,1024.2680290823344
2025-11-26T00:30:00Z,2025-11-26T00:45:00Z,2025-11-26,2025-11-26_7,6.106549269472278e-10,0,0,100,64.34782608695657,64.34782608679063,4.609412190120983e-13,0.0,0.0,True,True,True,False,5.724889940130261e-09,1024.2680290823344,0.0,0.0,0.0,0.0,1024.2680290880592
2025-11-26T00:45:00Z,2025-11-26T01:00:00Z,2025-11-26,2025-11-26_8,0.0,0,0,100,64.34782608679063,64.34782608679063,0.0,0.0,0.0,True,True,True,False,0.0,1024.2680290823344,0.0,0.0,0.0,0.0,1024.2680290823344
2025-11-26T01:00:00Z,2025-11-26T01:15:00Z,2025-11-26,2025-11-26_9,0.0,0,0,100,64.34782608679063,64.34782608679063,0.0,0.0,0.0,True,True,True,False,0.0,1024.2680290823344,0.0,0.0,0.0,0.0,1024.2680290823344
2025-11-26T01:15:00Z,2025-11-26T01:30:00Z,2025-11-26,2025-11-26_10,0.0,0,0,100,64.34782608679063,64.34782608679063,0.0,0.0,0.0,True,True,True,False,0.0,1024.2680290823344,0.0,0.0,0.0,0.0,1024.2680290823344
2025-11-26T01:30:00Z,2025-11-26T01:45:00Z,2025-11-26,2025-11-26_11,0.0,0,0,100,64.34782608679063,64.34782608679063,0.0,0.0,0.0,True,True,True,False,0.0,1024.2680290823344,0.0,0.0,0.0,0.0,1024.2680290823344
2025-11-26T01:45:00Z,2025-11-26T02:00:00Z,2025-11-26,2025-11-26_12,0.0,0,0,100,64.34782608679063,64.34782608679063,0.0,0.0,0.0,True,True,True,False,0.0,1024.2680290823344,0.0,0.0,0.0,0.0,1024.2680290823344
2025-11-26T02:00:00Z,2025-11-26T02:15:00Z,2025-11-26,2025-11-26_13,0.0,0,0,100,64.34782608679063,64.34782608679063,0.0,0.0,0.0,True,True,True,False,0.0,1024.2680290823344,0.0,0.0,0.0,0.0,1024.2680290823344
2025-11-26T02:15:00Z,2025-11-26T02:30:00Z,2025-11-26,2025-11-26_14,0.0,0,0,100,64.34782608679063,64.34782608679063,0.0,0.0,0.0,True,True,True,False,0.0,1024.2680290823344,0.0,0.0,0.0,0.0,1024.2680290823344
2025-11-26T02:30:00Z,2025-11-26T02:45:00Z,2025-11-26,2025-11-26_15,0.0,0,0,100,64.34782608679063,64.34782608679063,0.0,0.0,0.0,True,True,True,False,0.0,1024.2680290823344,0.0,0.0,0.0,0.0,1024.2680290823344
2025-11-26T02:45:00Z,2025-11-26T03:00:00Z,2025-11-26,2025-11-26_16,0.0,0,0,100,64.34782608679063,64.34782608679063,0.0,0.0,0.0,True,True,True,False,0.0,1024.2680290823344,0.0,0.0,0.0,0.0,1024.2680290823344
2025-11-26T03:00:00Z,2025-11-26T03:15:00Z,2025-11-26,2025-11-26_17,0.0,0,0,100,64.34782608679063,64.34782608679063,0.0,0.0,0.0,True,True,True,False,0.0,1024.2680290823344,0.0,0.0,0.0,0.0,1024.2680290823344
2025-11-26T03:15:00Z,2025-11-26T03:30:00Z,2025-11-26,2025-11-26_18,0.0,0,0,100,64.34782608679063,64.34782608679063,0.0,0.0,0.0,True,True,True,False,0.0,1024.2680290823344,0.0,0.0,0.0,0.0,1024.2680290823344
2025-11-26T03:30:00Z,2025-11-26T03:45:00Z,2025-11-26,2025-11-26_19,0.0,0,0,100,64.34782608679063,64.34782608679063,0.0,0.0,0.0,True,True,True,False,0.0,1024.2680290823344,0.0,0.0,0.0,0.0,1024.2680290823344
2025-11-26T03:45:00Z,2025-11-26T04:00:00Z,2025-11-26,2025-11-26_20,0.0,0,0,100,64.34782608679063,64.34782608679063,0.0,0.0,0.0,True,True,True,False,0.0,1024.2680290823344,0.0,0.0,0.0,0.0,1024.2680290823344
2025-11-26T04:00:00Z,2025-11-26T04:15:00Z,2025-11-26,2025-11-26_21,0.0,0,0,100,64.34782608679063,64.34782608679063,0.0,0.0,0.0,True,True,True,False,0.0,1024.2680290823344,0.0,0.0,0.0,0.0,1024.2680290823344
2025-11-26T04:15:00Z,2025-11-26T04:30:00Z,2025-11-26,2025-11-26_22,0.0,0,0,100,64.34782608679063,64.34782608679063,0.0,0.0,0.0,True,True,True,False,0.0,1024.2680290823344,0.0,0.0,0.0,0.0,1024.2680290823344
2025-11-26T04:30:00Z,2025-11-26T04:45:00Z,2025-11-26,2025-11-26_23,0.0,0,0,100,64.34782608679063,64.34782608679063,0.0,0.0,0.0,True,True,True,False,0.0,1024.2680290823344,0.0,0.0,0.0,0.0,1024.2680290823344
2025-11-26T04:45:00Z,2025-11-26T05:00:00Z,2025-11-26,2025-11-26_24,0.0,0,0,100,64.34782608679063,64.34782608679063,0.0,0.0,0.0,True,True,True,False,0.0,1024.2680290823344,0.0,0.0,0.0,0.0,1024.2680290823344
2025-11-26T05:00:00Z,2025-11-26T05:15:00Z,2025-11-26,2025-11-26_25,0.0,0,0,100,64.34782608679063,64.34782608679063,0.0,0.0,0.0,True,True,True,False,0.0,1024.2680290823344,0.0,0.0,0.0,0.0,1024.2680290823344
2025-11-26T05:15:00Z,2025-11-26T05:30:00Z,2025-11-26,2025-11-26_26,0.0,0,0,100,64.34782608679063,64.34782608679063,0.0,0.0,0.0,True,True,True,False,0.0,1024.2680290823344,0.0,0.0,0.0,0.0,1024.2680290823344
2025-11-26T05:30:00Z,2025-11-26T05:45:00Z,2025-11-26,2025-11-26_27,0.0,0,0,100,64.34782608679063,64.34782608679063,0.0,0.0,0.0,True,True,True,False,0.0,1024.2680290823344,0.0,0.0,0.0,0.0,1024.2680290823344
2025-11-26T05:45:00Z,2025-11-26T06:00:00Z,2025-11-26,2025-11-26_28,0.0,0,0,100,64.34782608679063,64.34782608679063,0.0,0.0,0.0,True,True,True,False,0.0,1024.2680290823344,0.0,0.0,0.0,0.0,1024.2680290823344
2025-11-26T06:00:00Z,2025-11-26T06:15:00Z,2025-11-26,2025-11-26_29,0.0,0,0,100,64.34782608679063,64.34782608679063,0.0,0.0,0.0,True,True,True,False,0.0,1024.2680290823344,0.0,0.0,0.0,0.0,1024.2680290823344
2025-11-26T06:15:00Z,2025-11-26T06:30:00Z,2025-11-26,2025-11-26_30,0.0,0,0,100,64.34782608679063,64.34782608679063,0.0,0.0,0.0,True,True,True,False,0.0,1024.2680290823344,0.0,0.0,0.0,0.0,1024.2680290823344
2025-11-26T06:30:00Z,2025-11-26T06:45:00Z,2025-11-26,2025-11-26_31,0.0,0,0,100,64.34782608679063,64.34782608679063,0.0,0.0,0.0,True,True,True,False,0.0,1024.2680290823344,0.0,0.0,0.0,0.0,1024.2680290823344
2025-11-26T06:45:00Z,2025-11-26T07:00:00Z,2025-11-26,2025-11-26_32,0.0,0,0,100,64.34782608679063,64.34782608679063,0.0,0.0,0.0,True,True,True,False,0.0,1024.2680290823344,0.0,0.0,0.0,0.0,1024.2680290823344
2025-11-26T07:00:00Z,2025-11-26T07:15:00Z,2025-11-26,2025-11-26_33,0.0,0,0,100,64.34782608679063,64.34782608679063,0.0,0.0,0.0,True,True,True,False,0.0,1024.2680290823344,0.0,0.0,0.0,0.0,1024.2680290823344
2025-11-26T07:15:00Z,2025-11-26T07:30:00Z,2025-11-26,2025-11-26_34,0.0,0,0,100,64.34782608679063,64.34782608679063,0.0,0.0,0.0,True,True,True,False,0.0,1024.2680290823344,0.0,0.0,0.0,0.0,1024.2680290823344
2025-11-26T07:30:00Z,2025-11-26T07:45:00Z,2025-11-26,2025-11-26_35,0.0,0,0,100,64.34782608679063,64.34782608679063,0.0,0.0,0.0,True,True,True,False,0.0,1024.2680290823344,0.0,0.0,0.0,0.0,1024.2680290823344
2025-11-26T07:45:00Z,2025-11-26T08:00:00Z,2025-11-26,2025-11-26_36,0.0,0,0,100,64.34782608679063,64.34782608679063,0.0,0.0,0.0,True,True,True,False,0.0,1024.2680290823344,0.0,0.0,0.0,0.0,1024.2680290823344
2025-11-26T08:00:00Z,2025-11-26T08:15:00Z,2025-11-26,2025-11-26_37,0.0,0,0,100,64.34782608679063,64.34782608679063,0.0,0.0,0.0,True,False,True,False,0.0,1024.2680290823344,0.0,0.0,0.0,0.0,1024.2680290823344
2025-11-26T08:15:00Z,2025-11-26T08:30:00Z,2025-11-26,2025-11-26_38,0.0,0,0,100,64.34782608679063,64.34782608679063,0.0,0.0,0.0,True,False,True,False,0.0,1024.2680290823344,0.0,0.0,0.0,0.0,1024.2680290823344
2025-11-26T08:30:00Z,2025-11-26T08:45:00Z,2025-11-26,2025-11-26_39,0.0,0,0,100,64.34782608679063,64.34782608679063,0.0,0.0,0.0,True,False,True,False,0.0,1024.2680290823344,0.0,0.0,0.0,0.0,1024.2680290823344
2025-11-26T08:45:00Z,2025-11-26T09:00:00Z,2025-11-26,2025-11-26_40,0.0,0,0,100,64.34782608679063,64.34782608679063,0.0,0.0,0.0,True,False,True,False,0.0,1024.2680290823344,0.0,0.0,0.0,0.0,1024.2680290823344
2025-11-26T09:00:00Z,2025-11-26T09:15:00Z,2025-11-26,2025-11-26_41,0.0,0,0,100,64.34782608679063,64.34782608679063,0.0,0.0,0.0,True,True,True,False,0.0,1024.2680290823344,0.0,0.0,0.0,0.0,1024.2680290823344
2025-11-26T09:15:00Z,2025-11-26T09:30:00Z,2025-11-26,2025-11-26_42,0.0,0,0,100,64.34782608679063,64.34782608679063,0.0,0.0,0.0,True,True,True,False,0.0,1024.2680290823344,0.0,0.0,0.0,0.0,1024.2680290823344
2025-11-26T09:30:00Z,2025-11-26T09:45:00Z,2025-11-26,2025-11-26_43,0.0,0,0,100,64.34782608679063,64.34782608679063,0.0,0.0,0.0,True,True,True,False,0.0,1024.2680290823344,0.0,0.0,0.0,0.0,1024.2680290823344
2025-11-26T09:45:00Z,2025-11-26T10:00:00Z,2025-11-26,2025-11-26_44,0.0,0,0,100,64.34782608679063,64.34782608679063,0.0,0.0,0.0,True,True,True,False,0.0,1024.2680290823344,0.0,0.0,0.0,0.0,1024.2680290823344
2025-11-26T10:00:00Z,2025-11-26T10:15:00Z,2025-11-26,2025-11-26_45,0.0,0,0,100,64.34782608679063,64.34782608679063,0.0,0.0,0.0,True,False,True,False,0.0,1024.2680290823344,0.0,0.0,0.0,0.0,1024.2680290823344
2025-11-26T10:15:00Z,2025-11-26T10:30:00Z,2025-11-26,2025-11-26_46,0.0,0,0,100,64.34782608679063,64.34782608679063,0.0,0.0,0.0,True,False,True,False,0.0,1024.2680290823344,0.0,0.0,0.0,0.0,1024.2680290823344
2025-11-26T10:30:00Z,2025-11-26T10:45:00Z,2025-11-26,2025-11-26_47,0.0,0,0,100,64.34782608679063,64.34782608679063,0.0,0.0,0.0,True,False,True,False,0.0,1024.2680290823344,0.0,0.0,0.0,0.0,1024.2680290823344
2025-11-26T10:45:00Z,2025-11-26T11:00:00Z,2025-11-26,2025-11-26_48,0.0,0,0,100,64.34782608679063,64.34782608679063,0.0,0.0,0.0,True,False,True,False,0.0,1024.2680290823344,0.0,0.0,0.0,0.0,1024.2680290823344
2025-11-26T11:00:00Z,2025-11-26T11:15:00Z,2025-11-26,2025-11-26_49,0.0,0,0,100,64.34782608679063,64.34782608679063,0.0,0.0,0.0,True,True,True,False,0.0,1024.2680290823344,0.0,0.0,0.0,0.0,1024.2680290823344
2025-11-26T11:15:00Z,2025-11-26T11:30:00Z,2025-11-26,2025-11-26_50,0.0,0,0,100,64.34782608679063,64.34782608679063,0.0,0.0,0.0,True,True,True,False,0.0,1024.2680290823344,0.0,0.0,0.0,0.0,1024.2680290823344
2025-11-26T11:30:00Z,2025-11-26T11:45:00Z,2025-11-26,2025-11-26_51,0.0,0,0,100,64.34782608679063,64.34782608679063,0.0,0.0,0.0,True,True,True,False,0.0,1024.2680290823344,0.0,0.0,0.0,0.0,1024.2680290823344
2025-11-26T11:45:00Z,2025-11-26T12:00:00Z,2025-11-26,2025-11-26_52,0.0,0,0,100,64.34782608679063,64.34782608679063,0.0,0.0,0.0,True,True,True,False,0.0,1024.2680290823344,0.0,0.0,0.0,0.0,1024.2680290823344
2025-11-26T12:00:00Z,2025-11-26T12:15:00Z,2025-11-26,2025-11-26_53,0.0,0,0,100,64.34782608679063,64.34782608679063,0.0,0.0,0.0,True,True,True,False,0.0,1024.2680290823344,0.0,0.0,0.0,0.0,1024.2680290823344
2025-11-26T12:15:00Z,2025-11-26T12:30:00Z,2025-11-26,2025-11-26_54,0.0,0,0,100,64.34782608679063,64.34782608679063,0.0,0.0,0.0,True,True,True,False,0.0,1024.2680290823344,0.0,0.0,0.0,0.0,1024.2680290823344
2025-11-26T12:30:00Z,2025-11-26T12:45:00Z,2025-11-26,2025-11-26_55,0.0,0,0,100,64.34782608679063,64.34782608679063,0.0,0.0,0.0,True,True,True,False,0.0,1024.2680290823344,0.0,0.0,0.0,0.0,1024.2680290823344
2025-11-26T12:45:00Z,2025-11-26T13:00:00Z,2025-11-26,2025-11-26_56,0.0,0,0,100,64.34782608679063,64.34782608679063,0.0,0.0,0.0,True,True,True,False,0.0,1024.2680290823344,0.0,0.0,0.0,0.0,1024.2680290823344
2025-11-26T13:00:00Z,2025-11-26T13:15:00Z,2025-11-26,2025-11-26_57,0.0,0,0,100,64.34782608679063,64.34782608679063,0.0,0.0,0.0,True,False,True,False,0.0,1024.2680290823344,0.0,0.0,0.0,0.0,1024.2680290823344
2025-11-26T13:15:00Z,2025-11-26T13:30:00Z,2025-11-26,2025-11-26_58,0.0,0,0,100,64.34782608679063,64.34782608679063,0.0,0.0,0.0,True,False,True,False,0.0,1024.2680290823344,0.0,0.0,0.0,0.0,1024.2680290823344
2025-11-26T13:30:00Z,2025-11-26T13:45:00Z,2025-11-26,2025-11-26_59,0.0,0,0,100,64.34782608679063,64.34782608679063,0.0,0.0,0.0,True,False,True,False,0.0,1024.2680290823344,0.0,0.0,0.0,0.0,1024.2680290823344
2025-11-26T13:45:00Z,2025-11-26T14:00:00Z,2025-11-26,2025-11-26_60,0.0,0,0,100,64.34782608679063,64.34782608679063,0.0,0.0,0.0,True,False,True,False,0.0,1024.2680290823344,0.0,0.0,0.0,0.0,1024.2680290823344
2025-11-26T14:00:00Z,2025-11-26T14:15:00Z,2025-11-26,2025-11-26_61,0.0,0,0,100,64.34782608679063,64.34782608679063,0.0,0.0,0.0,True,True,True,False,0.0,1024.2680290823344,0.0,0.0,0.0,0.0,1024.2680290823344
2025-11-26T14:15:00Z,2025-11-26T14:30:00Z,2025-11-26,2025-11-26_62,0.0,0,0,100,64.34782608679063,64.34782608679063,0.0,0.0,0.0,True,True,True,False,0.0,1024.2680290823344,0.0,0.0,0.0,0.0,1024.2680290823344
2025-11-26T14:30:00Z,2025-11-26T14:45:00Z,2025-11-26,2025-11-26_63,0.0,0,0,100,64.34782608679063,64.34782608679063,0.0,0.0,0.0,True,True,True,False,0.0,1024.2680290823344,0.0,0.0,0.0,0.0,1024.2680290823344
2025-11-26T14:45:00Z,2025-11-26T15:00:00Z,2025-11-26,2025-11-26_64,0.0,0,0,100,64.34782608679063,64.34782608679063,0.0,0.0,0.0,True,True,True,False,0.0,1024.2680290823344,0.0,0.0,0.0,0.0,1024.2680290823344
2025-11-26T15:00:00Z,2025-11-26T15:15:00Z,2025-11-26,2025-11-26_65,0.0,0,0,100,64.34782608679063,64.34782608679063,0.0,0.0,0.0,True,False,True,False,0.0,1024.2680290823344,0.0,0.0,0.0,0.0,1024.2680290823344
2025-11-26T15:15:00Z,2025-11-26T15:30:00Z,2025-11-26,2025-11-26_66,0.0,0,0,100,64.34782608679063,64.34782608679063,0.0,0.0,0.0,True,False,True,False,0.0,1024.2680290823344,0.0,0.0,0.0,0.0,1024.2680290823344
2025-11-26T15:30:00Z,2025-11-26T15:45:00Z,2025-11-26,2025-11-26_67,0.0,0,0,100,64.34782608679063,64.34782608679063,0.0,0.0,0.0,True,False,True,False,0.0,1024.2680290823344,0.0,0.0,0.0,0.0,1024.2680290823344
2025-11-26T15:45:00Z,2025-11-26T16:00:00Z,2025-11-26,2025-11-26_68,0.0,0,0,100,64.34782608679063,64.34782608679063,0.0,0.0,0.0,True,False,True,False,0.0,1024.2680290823344,0.0,0.0,0.0,0.0,1024.2680290823344
2025-11-26T16:00:00Z,2025-11-26T16:15:00Z,2025-11-26,2025-11-26_69,0.0,0,0,100,64.34782608679063,64.34782608679063,0.0,0.0,0.0,True,True,True,False,0.0,1024.2680290823344,0.0,0.0,0.0,0.0,1024.2680290823344
2025-11-26T16:15:00Z,2025-11-26T16:30:00Z,2025-11-26,2025-11-26_70,0.0,0,0,100,64.34782608679063,64.34782608679063,0.0,0.0,0.0,True,True,True,False,0.0,1024.2680290823344,0.0,0.0,0.0,0.0,1024.2680290823344
2025-11-26T16:30:00Z,2025-11-26T16:45:00Z,2025-11-26,2025-11-26_71,0.0,0,0,100,64.34782608679063,64.34782608679063,0.0,0.0,0.0,True,True,True,False,0.0,1024.2680290823344,0.0,0.0,0.0,0.0,1024.2680290823344
2025-11-26T16:45:00Z,2025-11-26T17:00:00Z,2025-11-26,2025-11-26_72,0.0,0,0,100,64.34782608679063,64.34782608679063,0.0,0.0,0.0,True,True,True,False,0.0,1024.2680290823344,0.0,0.0,0.0,0.0,1024.2680290823344
2025-11-26T17:00:00Z,2025-11-26T17:15:00Z,2025-11-26,2025-11-26_73,0.0,0,0,100,64.34782608679063,64.34782608679063,0.0,0.0,0.0,True,True,True,False,0.0,1024.2680290823344,0.0,0.0,0.0,0.0,1024.2680290823344
2025-11-26T17:15:00Z,2025-11-26T17:30:00Z,2025-11-26,2025-11-26_74,0.0,0,0,100,64.34782608679063,64.34782608679063,0.0,0.0,0.0,True,True,True,False,0.0,1024.2680290823344,0.0,0.0,0.0,0.0,1024.2680290823344
2025-11-26T17:30:00Z,2025-11-26T17:45:00Z,2025-11-26,2025-11-26_75,0.0,0,0,100,64.34782608679063,64.34782608679063,0.0,0.0,0.0,True,True,True,False,0.0,1024.2680290823344,0.0,0.0,0.0,0.0,1024.2680290823344
2025-11-26T17:45:00Z,2025-11-26T18:00:00Z,2025-11-26,2025-11-26_76,0.0,0,0,100,64.34782608679063,64.34782608679063,0.0,0.0,0.0,True,True,True,False,0.0,1024.2680290823344,0.0,0.0,0.0,0.0,1024.2680290823344
2025-11-26T18:00:00Z,2025-11-26T18:15:00Z,2025-11-26,2025-11-26_77,0.0,0,0,100,64.34782608679063,64.34782608679063,0.0,0.0,0.0,True,True,True,False,0.0,1024.2680290823344,0.0,0.0,0.0,0.0,1024.2680290823344
2025-11-26T18:15:00Z,2025-11-26T18:30:00Z,2025-11-26,2025-11-26_78,0.0,0,0,100,64.34782608679063,64.34782608679063,0.0,0.0,0.0,True,True,True,False,0.0,1024.2680290823344,0.0,0.0,0.0,0.0,1024.2680290823344
2025-11-26T18:30:00Z,2025-11-26T18:45:00Z,2025-11-26,2025-11-26_79,0.0,0,0,100,64.34782608679063,64.34782608679063,0.0,0.0,0.0,True,True,True,False,0.0,1024.2680290823344,0.0,0.0,0.0,0.0,1024.2680290823344
2025-11-26T18:45:00Z,2025-11-26T19:00:00Z,2025-11-26,2025-11-26_80,0.0,0,0,100,64.34782608679063,64.34782608679063,0.0,0.0,0.0,True,True,True,False,0.0,1024.2680290823344,0.0,0.0,0.0,0.0,1024.2680290823344
2025-11-26T19:00:00Z,2025-11-26T19:15:00Z,2025-11-26,2025-11-26_81,0.0,0,0,100,64.34782608679063,64.34782608679063,0.0,0.0,0.0,True,True,True,False,0.0,1024.2680290823344,0.0,0.0,0.0,0.0,1024.2680290823344
2025-11-26T19:15:00Z,2025-11-26T19:30:00Z,2025-11-26,2025-11-26_82,0.0,0,0,100,64.34782608679063,64.34782608679063,0.0,0.0,0.0,True,True,True,False,0.0,1024.2680290823344,0.0,0.0,0.0,0.0,1024.2680290823344
2025-11-26T19:30:00Z,2025-11-26T19:45:00Z,2025-11-26,2025-11-26_83,0.0,0,0,100,64.34782608679063,64.34782608679063,0.0,0.0,0.0,True,True,True,False,0.0,1024.2680290823344,0.0,0.0,0.0,0.0,1024.2680290823344
2025-11-26T19:45:00Z,2025-11-26T20:00:00Z,2025-11-26,2025-11-26_84,0.0,0,0,100,64.34782608679063,64.34782608679063,0.0,0.0,0.0,True,True,True,False,0.0,1024.2680290823344,0.0,0.0,0.0,0.0,1024.2680290823344
2025-11-26T20:00:00Z,2025-11-26T20:15:00Z,2025-11-26,2025-11-26_85,0.0,0,0,100,64.34782608679063,64.34782608679063,0.0,0.0,0.0,True,True,True,False,0.0,1024.2680290823344,0.0,0.0,0.0,0.0,1024.2680290823344
2025-11-26T20:15:00Z,2025-11-26T20:30:00Z,2025-11-26,2025-11-26_86,0.0,0,0,100,64.34782608679063,64.34782608679063,0.0,0.0,0.0,True,True,True,False,0.0,1024.2680290823344,0.0,0.0,0.0,0.0,1024.2680290823344
2025-11-26T20:30:00Z,2025-11-26T20:45:00Z,2025-11-26,2025-11-26_87,0.0,0,0,100,64.34782608679063,64.34782608679063,0.0,0.0,0.0,True,True,True,False,0.0,1024.2680290823344,0.0,0.0,0.0,0.0,1024.2680290823344
2025-11-26T20:45:00Z,2025-11-26T21:00:00Z,2025-11-26,2025-11-26_88,0.0,0,0,100,64.34782608679063,64.34782608679063,0.0,0.0,0.0,True,True,True,False,0.0,1024.2680290823344,0.0,0.0,0.0,0.0,1024.2680290823344
2025-11-26T21:00:00Z,2025-11-26T21:15:00Z,2025-11-26,2025-11-26_89,0.0,0,0,100,64.34782608679063,64.34782608679063,0.0,0.0,0.0,True,True,True,False,0.0,1024.2680290823344,0.0,0.0,0.0,0.0,1024.2680290823344
2025-11-26T21:15:00Z,2025-11-26T21:30:00Z,2025-11-26,2025-11-26_90,0.0,0,0,100,64.34782608679063,64.34782608679063,0.0,0.0,0.0,True,True,True,False,0.0,1024.2680290823344,0.0,0.0,0.0,0.0,1024.2680290823344
2025-11-26T21:30:00Z,2025-11-26T21:45:00Z,2025-11-26,2025-11-26_91,0.0,0,0,100,64.34782608679063,64.34782608679063,0.0,0.0,0.0,True,True,True,False,0.0,1024.2680290823344,0.0,0.0,0.0,0.0,1024.2680290823344
2025-11-26T21:45:00Z,2025-11-26T22:00:00Z,2025-11-26,2025-11-26_92,0.0,0,0,100,64.34782608679063,64.34782608679063,0.0,0.0,0.0,True,True,True,False,0.0,1024.2680290823344,0.0,0.0,0.0,0.0,1024.2680290823344
2025-11-26T22:00:00Z,2025-11-26T22:15:00Z,2025-11-27,2025-11-26_93,5.301401142688377e-14,0,0,100,64.34782608679063,64.34782608679062,4.00166149055584e-17,0.0,0.0,True,True,True,False,1.3309167568719171e-12,1024.006443628077,0.0,0.0,0.0,0.0,1024.0064436280784
2025-11-26T22:15:00Z,2025-11-26T22:30:00Z,2025-11-27,2025-11-26_94,0.0,0,0,100,64.34782608679062,64.34782608679062,0.0,0.0,0.0,True,True,True,False,0.0,1024.006443628077,0.0,0.0,0.0,0.0,1024.006443628077
2025-11-26T22:30:00Z,2025-11-26T22:45:00Z,2025-11-27,2025-11-26_95,0.0,0,0,100,64.34782608679062,64.34782608679062,0.0,0.0,0.0,True,True,True,False,0.0,1024.006443628077,0.0,0.0,0.0,0.0,1024.006443628077
2025-11-26T22:45:00Z,2025-11-26T23:00:00Z,2025-11-27,2025-11-26_96,0.0,0,0,100,64.34782608679062,64.34782608679062,0.0,0.0,0.0,True,True,True,False,0.0,1024.006443628077,0.0,0.0,0.0,0.0,1024.006443628077
2025-11-26T23:00:00Z,2025-11-26T23:15:00Z,2025-11-27,2025-11-27_1,0.0,0,0,100,64.34782608679062,64.34782608679062,0.0,0.0,0.0,True,True,True,False,0.0,1024.006443628077,0.0,0.0,0.0,0.0,1024.006443628077
2025-11-26T23:15:00Z,2025-11-26T23:30:00Z,2025-11-27,2025-11-27_2,0.0,0,0,100,64.34782608679062,64.34782608679062,0.0,0.0,0.0,True,True,True,False,0.0,1024.006443628077,0.0,0.0,0.0,0.0,1024.006443628077
2025-11-26T23:30:00Z,2025-11-26T23:45:00Z,2025-11-27,2025-11-27_3,0.0,0,0,100,64.34782608679062,64.34782608679062,0.0,0.0,0.0,True,True,True,False,0.0,1024.006443628077,0.0,0.0,0.0,0.0,1024.006443628077
2025-11-26T23:45:00Z,2025-11-27T00:00:00Z,2025-11-27,2025-11-27_4,0.0,0,0,100,64.34782608679062,64.34782608679062,0.0,0.0,0.0,True,True,True,False,0.0,1024.006443628077,0.0,0.0,0.0,0.0,1024.006443628077
2025-11-27T00:00:00Z,2025-11-27T00:15:00Z,2025-11-27,2025-11-27_5,0.0,0,0,100,64.34782608679062,64.34782608679062,0.0,0.0,0.0,True,True,True,False,0.0,1024.006443628077,0.0,0.0,0.0,0.0,1024.006443628077
2025-11-27T00:15:00Z,2025-11-27T00:30:00Z,2025-11-27,2025-11-27_6,0.0,0,0,100,64.34782608679062,64.34782608679062,0.0,0.0,0.0,True,True,True,False,0.0,1024.006443628077,0.0,0.0,0.0,0.0,1024.006443628077
2025-11-27T00:30:00Z,2025-11-27T00:45:00Z,2025-11-27,2025-11-27_7,0.0,0,0,100,64.34782608679062,64.34782608679062,0.0,0.0,0.0,True,True,True,False,0.0,1024.006443628077,0.0,0.0,0.0,0.0,1024.006443628077
2025-11-27T00:45:00Z,2025-11-27T01:00:00Z,2025-11-27,2025-11-27_8,0.0,0,0,100,64.34782608679062,64.34782608679062,0.0,0.0,0.0,True,True,True,False,0.0,1024.006443628077,0.0,0.0,0.0,0.0,1024.006443628077
2025-11-27T01:00:00Z,2025-11-27T01:15:00Z,2025-11-27,2025-11-27_9,-1.7611512248549843e-10,0,0,100,64.34782608679062,64.34782608683113,1.1251799492129066e-13,0.0,0.0,True,True,True,False,-3.7001787234203224e-09,1024.006443628077,0.0,0.0,0.0,0.0,1024.0064436243767
2025-11-27T01:15:00Z,2025-11-27T01:30:00Z,2025-11-27,2025-11-27_10,-1.7611512248549843e-10,0,0,100,64.34782608683113,64.34782608687163,1.1251799492129068e-13,0.0,0.0,True,True,True,False,-3.5879053328358166e-09,1024.006443628077,0.0,0.0,0.0,0.0,1024.006443624489
2025-11-27T01:30:00Z,2025-11-27T01:45:00Z,2025-11-27,2025-11-27_11,-1.7611512248549843e-10,0,0,100,64.34782608687163,64.34782608691214,1.1251799492129069e-13,0.0,0.0,True,True,True,False,-3.514377269198121e-09,1024.006443628077,0.0,0.0,0.0,0.0,1024.0064436245627
2025-11-27T01:45:00Z,2025-11-27T02:00:00Z,2025-11-27,2025-11-27_12,-1.7611512248549843e-10,0,0,100,64.34782608691214,64.34782608695265,1.1251799492129066e-13,0.0,0.0,True,True,True,False,-3.3435456003871875e-09,1024.006443628077,0.0,0.0,0.0,0.0,1024.0064436247335
2025-11-27T02:00:00Z,2025-11-27T02:15:00Z,2025-11-27,2025-11-27_13,0.0,0,0,100,64.34782608695265,64.34782608695265,0.0,0.0,0.0,True,True,True,False,0.0,1024.006443628077,0.0,0.0,0.0,0.0,1024.006443628077
2025-11-27T02:15:00Z,2025-11-27T02:30:00Z,2025-11-27,2025-11-27_14,0.0,0,0,100,64.34782608695265,64.34782608695265,0.0,0.0,0.0,True,True,True,False,0.0,1024.006443628077,0.0,0.0,0.0,0.0,1024.006443628077
2025-11-27T02:30:00Z,2025-11-27T02:45:00Z,2025-11-27,2025-11-27_15,0.0,0,0,100,64.34782608695265,64.34782608695265,0.0,0.0,0.0,True,True,True,False,0.0,1024.006443628077,0.0,0.0,0.0,0.0,1024.006443628077
2025-11-27T02:45:00Z,2025-11-27T03:00:00Z,2025-11-27,2025-11-27_16,0.0,0,0,100,64.34782608695265,64.34782608695265,0.0,0.0,0.0,True,True,True,False,0.0,1024.006443628077,0.0,0.0,0.0,0.0,1024.006443628077
2025-11-27T03:00:00Z,2025-11-27T03:15:00Z,2025-11-27,2025-11-27_17,0.0,0,0,100,64.34782608695265,64.34782608695265,0.0,0.0,0.0,True,True,True,False,0.0,1024.006443628077,0.0,0.0,0.0,0.0,1024.006443628077
2025-11-27T03:15:00Z,2025-11-27T03:30:00Z,2025-11-27,2025-11-27_18,0.0,0,0,100,64.34782608695265,64.34782608695265,0.0,0.0,0.0,True,True,True,False,0.0,1024.006443628077,0.0,0.0,0.0,0.0,1024.006443628077
2025-11-27T03:30:00Z,2025-11-27T03:45:00Z,2025-11-27,2025-11-27_19,0.0,0,0,100,64.34782608695265,64.34782608695265,0.0,0.0,0.0,True,True,True,False,0.0,1024.006443628077,0.0,0.0,0.0,0.0,1024.006443628077
2025-11-27T03:45:00Z,2025-11-27T04:00:00Z,2025-11-27,2025-11-27_20,0.0,0,0,100,64.34782608695265,64.34782608695265,0.0,0.0,0.0,True,True,True,False,0.0,1024.006443628077,0.0,0.0,0.0,0.0,1024.006443628077
2025-11-27T04:00:00Z,2025-11-27T04:15:00Z,2025-11-27,2025-11-27_21,-5.6843418860807945e-14,0,0,100,64.34782608695265,64.34782608695267,3.63166287166273e-17,0.0,0.0,True,True,True,False,-1.1972645097557674e-12,1024.006443628077,0.0,0.0,0.0,0.0,1024.0064436280759
2025-11-27T04:15:00Z,2025-11-27T04:30:00Z,2025-11-27,2025-11-27_22,0.0,0,0,100,64.34782608695267,64.34782608695267,0.0,0.0,0.0,True,True,True,False,0.0,1024.006443628077,0.0,0.0,0.0,0.0,1024.006443628077
2025-11-27T04:30:00Z,2025-11-27T04:45:00Z,2025-11-27,2025-11-27_23,0.0,0,0,100,64.34782608695267,64.34782608695267,0.0,0.0,0.0,True,True,True,False,0.0,1024.006443628077,0.0,0.0,0.0,0.0,1024.006443628077
2025-11-27T04:45:00Z,2025-11-27T05:00:00Z,2025-11-27,2025-11-27_24,0.0,0,0,100,64.34782608695267,64.34782608695267,0.0,0.0,0.0,True,True,True,False,0.0,1024.006443628077,0.0,0.0,0.0,0.0,1024.006443628077
2025-11-27T05:00:00Z,2025-11-27T05:15:00Z,2025-11-27,2025-11-27_25,0.0,0,0,100,64.34782608695267,64.34782608695267,0.0,0.0,0.0,True,True,True,False,0.0,1024.006443628077,0.0,0.0,0.0,0.0,1024.006443628077
2025-11-27T05:15:00Z,2025-11-27T05:30:00Z,2025-11-27,2025-11-27_26,0.0,0,0,100,64.34782608695267,64.34782608695267,0.0,0.0,0.0,True,True,True,False,0.0,1024.006443628077,0.0,0.0,0.0,0.0,1024.006443628077
2025-11-27T05:30:00Z,2025-11-27T05:45:00Z,2025-11-27,2025-11-27_27,0.0,0,0,100,64.34782608695267,64.34782608695267,0.0,0.0,0.0,True,True,True,False,0.0,1024.006443628077,0.0,0.0,0.0,0.0,1024.006443628077
2025-11-27T05:45:00Z,2025-11-27T06:00:00Z,2025-11-27,2025-11-27_28,0.0,0,0,100,64.34782608695267,64.34782608695267,0.0,0.0,0.0,True,True,True,False,0.0,1024.006443628077,0.0,0.0,0.0,0.0,1024.006443628077
2025-11-27T06:00:00Z,2025-11-27T06:15:00Z,2025-11-27,2025-11-27_29,0.0,0,0,100,64.34782608695267,64.34782608695267,0.0,0.0,0.0,True,True,True,False,0.0,1024.006443628077,0.0,0.0,0.0,0.0,1024.006443628077
2025-11-27T06:15:00Z,2025-11-27T06:30:00Z,2025-11-27,2025-11-27_30,0.0,0,0,100,64.34782608695267,64.34782608695267,0.0,0.0,0.0,True,True,True,False,0.0,1024.006443628077,0.0,0.0,0.0,0.0,1024.006443628077
2025-11-27T06:30:00Z,2025-11-27T06:45:00Z,2025-11-27,2025-11-27_31,0.0,0,0,100,64.34782608695267,64.34782608695267,0.0,0.0,0.0,True,True,True,False,0.0,1024.006443628077,0.0,0.0,0.0,0.0,1024.006443628077
2025-11-27T06:45:00Z,2025-11-27T07:00:00Z,2025-11-27,2025-11-27_32,0.0,0,0,100,64.34782608695267,64.34782608695267,0.0,0.0,0.0,True,True,True,False,0.0,1024.006443628077,0.0,0.0,0.0,0.0,1024.006443628077
2025-11-27T07:00:00Z,2025-11-27T07:15:00Z,2025-11-27,2025-11-27_33,0.0,0,0,100,64.34782608695267,64.34782608695267,0.0,0.0,0.0,True,True,True,False,0.0,1024.006443628077,0.0,0.0,0.0,0.0,1024.006443628077
2025-11-27T07:15:00Z,2025-11-27T07:30:00Z,2025-11-27,2025-11-27_34,0.0,0,0,100,64.34782608695267,64.34782608695267,0.0,0.0,0.0,True,True,True,False,0.0,1024.006443628077,0.0,0.0,0.0,0.0,1024.006443628077
2025-11-27T07:30:00Z,2025-11-27T07:45:00Z,2025-11-27,2025-11-27_35,0.0,0,0,100,64.34782608695267,64.34782608695267,0.0,0.0,0.0,True,True,True,False,0.0,1024.006443628077,0.0,0.0,0.0,0.0,1024.006443628077
2025-11-27T07:45:00Z,2025-11-27T08:00:00Z,2025-11-27,2025-11-27_36,0.0,0,0,100,64.34782608695267,64.34782608695267,0.0,0.0,0.0,True,True,True,False,0.0,1024.006443628077,0.0,0.0,0.0,0.0,1024.006443628077
2025-11-27T08:00:00Z,2025-11-27T08:15:00Z,2025-11-27,2025-11-27_37,0.0,0,0,100,64.34782608695267,64.34782608695267,0.0,0.0,0.0,True,True,True,False,0.0,1024.006443628077,0.0,0.0,0.0,0.0,1024.006443628077
2025-11-27T08:15:00Z,2025-11-27T08:30:00Z,2025-11-27,2025-11-27_38,0.0,0,0,100,64.34782608695267,64.34782608695267,0.0,0.0,0.0,True,True,True,False,0.0,1024.006443628077,0.0,0.0,0.0,0.0,1024.006443628077
2025-11-27T08:30:00Z,2025-11-27T08:45:00Z,2025-11-27,2025-11-27_39,0.0,0,0,100,64.34782608695267,64.34782608695267,0.0,0.0,0.0,True,True,True,False,0.0,1024.006443628077,0.0,0.0,0.0,0.0,1024.006443628077
2025-11-27T08:45:00Z,2025-11-27T09:00:00Z,2025-11-27,2025-11-27_40,-7.582061456756717e-14,0,0,100,64.34782608695267,64.34782608695268,4.8440948195945694e-17,0.0,0.0,True,True,True,False,-1.829930532588234e-12,1024.006443628077,0.0,0.0,0.0,0.0,1024.0064436280752
2025-11-27T09:00:00Z,2025-11-27T09:15:00Z,2025-11-27,2025-11-27_41,0.0,0,0,100,64.34782608695268,64.34782608695268,0.0,0.0,0.0,True,True,True,False,0.0,1024.006443628077,0.0,0.0,0.0,0.0,1024.006443628077
2025-11-27T09:15:00Z,2025-11-27T09:30:00Z,2025-11-27,2025-11-27_42,0.0,0,0,100,64.34782608695268,64.34782608695268,0.0,0.0,0.0,True,True,True,False,0.0,1024.006443628077,0.0,0.0,0.0,0.0,1024.006443628077
2025-11-27T09:30:00Z,2025-11-27T09:45:00Z,2025-11-27,2025-11-27_43,0.0,0,0,100,64.34782608695268,64.34782608695268,0.0,0.0,0.0,True,True,True,False,0.0,1024.006443628077,0.0,0.0,0.0,0.0,1024.006443628077
2025-11-27T09:45:00Z,2025-11-27T10:00:00Z,2025-11-27,2025-11-27_44,0.0,0,0,100,64.34782608695268,64.34782608695268,0.0,0.0,0.0,True,True,True,False,0.0,1024.006443628077,0.0,0.0,0.0,0.0,1024.006443628077
2025-11-27T10:00:00Z,2025-11-27T10:15:00Z,2025-11-27,2025-11-27_45,0.0,0,0,100,64.34782608695268,64.34782608695268,0.0,0.0,0.0,True,True,True,False,0.0,1024.006443628077,0.0,0.0,0.0,0.0,1024.006443628077
2025-11-27T10:15:00Z,2025-11-27T10:30:00Z,2025-11-27,2025-11-27_46,0.0,0,0,100,64.34782608695268,64.34782608695268,0.0,0.0,0.0,True,True,True,False,0.0,1024.006443628077,0.0,0.0,0.0,0.0,1024.006443628077
2025-11-27T10:30:00Z,2025-11-27T10:45:00Z,2025-11-27,2025-11-27_47,0.0,0,0,100,64.34782608695268,64.34782608695268,0.0,0.0,0.0,True,True,True,False,0.0,1024.006443628077,0.0,0.0,0.0,0.0,1024.006443628077
2025-11-27T10:45:00Z,2025-11-27T11:00:00Z,2025-11-27,2025-11-27_48,0.0,0,0,100,64.34782608695268,64.34782608695268,0.0,0.0,0.0,True,True,True,False,0.0,1024.006443628077,0.0,0.0,0.0,0.0,1024.006443628077
2025-11-27T11:00:00Z,2025-11-27T11:15:00Z,2025-11-27,2025-11-27_49,0.0,0,0,100,64.34782608695268,64.34782608695268,0.0,0.0,0.0,True,True,True,False,0.0,1024.006443628077,0.0,0.0,0.0,0.0,1024.006443628077
2025-11-27T11:15:00Z,2025-11-27T11:30:00Z,2025-11-27,2025-11-27_50,0.0,0,0,100,64.34782608695268,64.34782608695268,0.0,0.0,0.0,True,True,True,False,0.0,1024.006443628077,0.0,0.0,0.0,0.0,1024.006443628077
2025-11-27T11:30:00Z,2025-11-27T11:45:00Z,2025-11-27,2025-11-27_51,0.0,0,0,100,64.34782608695268,64.34782608695268,0.0,0.0,0.0,True,True,True,False,0.0,1024.006443628077,0.0,0.0,0.0,0.0,1024.006443628077
2025-11-27T11:45:00Z,2025-11-27T12:00:00Z,2025-11-27,2025-11-27_52,0.0,0,0,100,64.34782608695268,64.34782608695268,0.0,0.0,0.0,True,True,True,False,0.0,1024.006443628077,0.0,0.0,0.0,0.0,1024.006443628077
2025-11-27T12:00:00Z,2025-11-27T12:15:00Z,2025-11-27,2025-11-27_53,0.0,0,0,100,64.34782608695268,64.34782608695268,0.0,0.0,0.0,True,True,True,False,0.0,1024.006443628077,0.0,0.0,0.0,0.0,1024.006443628077
2025-11-27T12:15:00Z,2025-11-27T12:30:00Z,2025-11-27,2025-11-27_54,0.0,0,0,100,64.34782608695268,64.34782608695268,0.0,0.0,0.0,True,True,True,False,0.0,1024.006443628077,0.0,0.0,0.0,0.0,1024.006443628077
2025-11-27T12:30:00Z,2025-11-27T12:45:00Z,2025-11-27,2025-11-27_55,0.0,0,0,100,64.34782608695268,64.34782608695268,0.0,0.0,0.0,True,True,True,False,0.0,1024.006443628077,0.0,0.0,0.0,0.0,1024.006443628077
2025-11-27T12:45:00Z,2025-11-27T13:00:00Z,2025-11-27,2025-11-27_56,0.0,0,0,100,64.34782608695268,64.34782608695268,0.0,0.0,0.0,True,True,True,False,0.0,1024.006443628077,0.0,0.0,0.0,0.0,1024.006443628077
2025-11-27T13:00:00Z,2025-11-27T13:15:00Z,2025-11-27,2025-11-27_57,0.0,0,0,100,64.34782608695268,64.34782608695268,0.0,0.0,0.0,True,True,True,False,0.0,1024.006443628077,0.0,0.0,0.0,0.0,1024.006443628077
2025-11-27T13:15:00Z,2025-11-27T13:30:00Z,2025-11-27,2025-11-27_58,0.0,0,0,100,64.34782608695268,64.34782608695268,0.0,0.0,0.0,True,True,True,False,0.0,1024.006443628077,0.0,0.0,0.0,0.0,1024.006443628077
2025-11-27T13:30:00Z,2025-11-27T13:45:00Z,2025-11-27,2025-11-27_59,0.0,0,0,100,64.34782608695268,64.34782608695268,0.0,0.0,0.0,True,True,True,False,0.0,1024.006443628077,0.0,0.0,0.0,0.0,1024.006443628077
2025-11-27T13:45:00Z,2025-11-27T14:00:00Z,2025-11-27,2025-11-27_60,0.0,0,0,100,64.34782608695268,64.34782608695268,0.0,0.0,0.0,True,True,True,False,0.0,1024.006443628077,0.0,0.0,0.0,0.0,1024.006443628077
2025-11-27T14:00:00Z,2025-11-27T14:15:00Z,2025-11-27,2025-11-27_61,0.0,0,0,100,64.34782608695268,64.34782608695268,0.0,0.0,0.0,True,True,True,False,0.0,1024.006443628077,0.0,0.0,0.0,0.0,1024.006443628077
2025-11-27T14:15:00Z,2025-11-27T14:30:00Z,2025-11-27,2025-11-27_62,0.0,0,0,100,64.34782608695268,64.34782608695268,0.0,0.0,0.0,True,True,True,False,0.0,1024.006443628077,0.0,0.0,0.0,0.0,1024.006443628077
2025-11-27T14:30:00Z,2025-11-27T14:45:00Z,2025-11-27,2025-11-27_63,0.0,0,0,100,64.34782608695268,64.34782608695268,0.0,0.0,0.0,True,True,True,False,0.0,1024.006443628077,0.0,0.0,0.0,0.0,1024.006443628077
2025-11-27T14:45:00Z,2025-11-27T15:00:00Z,2025-11-27,2025-11-27_64,0.0,0,0,100,64.34782608695268,64.34782608695268,0.0,0.0,0.0,True,True,True,False,0.0,1024.006443628077,0.0,0.0,0.0,0.0,1024.006443628077
2025-11-27T15:00:00Z,2025-11-27T15:15:00Z,2025-11-27,2025-11-27_65,0.0,0,0,100,64.34782608695268,64.34782608695268,0.0,0.0,0.0,True,True,True,False,0.0,1024.006443628077,0.0,0.0,0.0,0.0,1024.006443628077
2025-11-27T15:15:00Z,2025-11-27T15:30:00Z,2025-11-27,2025-11-27_66,0.0,0,0,100,64.34782608695268,64.34782608695268,0.0,0.0,0.0,True,True,True,False,0.0,1024.006443628077,0.0,0.0,0.0,0.0,1024.006443628077
2025-11-27T15:30:00Z,2025-11-27T15:45:00Z,2025-11-27,2025-11-27_67,0.0,0,0,100,64.34782608695268,64.34782608695268,0.0,0.0,0.0,True,True,True,False,0.0,1024.006443628077,0.0,0.0,0.0,0.0,1024.006443628077
2025-11-27T15:45:00Z,2025-11-27T16:00:00Z,2025-11-27,2025-11-27_68,0.0,0,0,100,64.34782608695268,64.34782608695268,0.0,0.0,0.0,True,True,True,False,0.0,1024.006443628077,0.0,0.0,0.0,0.0,1024.006443628077
2025-11-27T16:00:00Z,2025-11-27T16:15:00Z,2025-11-27,2025-11-27_69,0.0,0,0,100,64.34782608695268,64.34782608695268,0.0,0.0,0.0,True,True,True,False,0.0,1024.006443628077,0.0,0.0,0.0,0.0,1024.006443628077
2025-11-27T16:15:00Z,2025-11-27T16:30:00Z,2025-11-27,2025-11-27_70,0.0,0,0,100,64.34782608695268,64.34782608695268,0.0,0.0,0.0,True,True,True,False,0.0,1024.006443628077,0.0,0.0,0.0,0.0,1024.006443628077
2025-11-27T16:30:00Z,2025-11-27T16:45:00Z,2025-11-27,2025-11-27_71,0.0,0,0,100,64.34782608695268,64.34782608695268,0.0,0.0,0.0,True,True,True,False,0.0,1024.006443628077,0.0,0.0,0.0,0.0,1024.006443628077
2025-11-27T16:45:00Z,2025-11-27T17:00:00Z,2025-11-27,2025-11-27_72,0.0,0,0,100,64.34782608695268,64.34782608695268,0.0,0.0,0.0,True,True,True,False,0.0,1024.006443628077,0.0,0.0,0.0,0.0,1024.006443628077
2025-11-27T17:00:00Z,2025-11-27T17:15:00Z,2025-11-27,2025-11-27_73,0.0,0,0,100,64.34782608695268,64.34782608695268,0.0,0.0,0.0,True,True,True,False,0.0,1024.006443628077,0.0,0.0,0.0,0.0,1024.006443628077
2025-11-27T17:15:00Z,2025-11-27T17:30:00Z,2025-11-27,2025-11-27_74,0.0,0,0,100,64.34782608695268,64.34782608695268,0.0,0.0,0.0,True,True,True,False,0.0,1024.006443628077,0.0,0.0,0.0,0.0,1024.006443628077
2025-11-27T17:30:00Z,2025-11-27T17:45:00Z,2025-11-27,2025-11-27_75,0.0,0,0,100,64.34782608695268,64.34782608695268,0.0,0.0,0.0,True,True,True,False,0.0,1024.006443628077,0.0,0.0,0.0,0.0,1024.006443628077
2025-11-27T17:45:00Z,2025-11-27T18:00:00Z,2025-11-27,2025-11-27_76,0.0,0,0,100,64.34782608695268,64.34782608695268,0.0,0.0,0.0,True,True,True,False,0.0,1024.006443628077,0.0,0.0,0.0,0.0,1024.006443628077
2025-11-27T18:00:00Z,2025-11-27T18:15:00Z,2025-11-27,2025-11-27_77,0.0,0,0,100,64.34782608695268,64.34782608695268,0.0,0.0,0.0,True,True,True,False,0.0,1024.006443628077,0.0,0.0,0.0,0.0,1024.006443628077
2025-11-27T18:15:00Z,2025-11-27T18:30:00Z,2025-11-27,2025-11-27_78,0.0,0,0,100,64.34782608695268,64.34782608695268,0.0,0.0,0.0,True,True,True,False,0.0,1024.006443628077,0.0,0.0,0.0,0.0,1024.006443628077
2025-11-27T18:30:00Z,2025-11-27T18:45:00Z,2025-11-27,2025-11-27_79,0.0,0,0,100,64.34782608695268,64.34782608695268,0.0,0.0,0.0,True,True,True,False,0.0,1024.006443628077,0.0,0.0,0.0,0.0,1024.006443628077
2025-11-27T18:45:00Z,2025-11-27T19:00:00Z,2025-11-27,2025-11-27_80,0.0,0,0,100,64.34782608695268,64.34782608695268,0.0,0.0,0.0,True,True,True,False,0.0,1024.006443628077,0.0,0.0,0.0,0.0,1024.006443628077
2025-11-27T19:00:00Z,2025-11-27T19:15:00Z,2025-11-27,2025-11-27_81,0.0,0,0,100,64.34782608695268,64.34782608695268,0.0,0.0,0.0,True,True,True,False,0.0,1024.006443628077,0.0,0.0,0.0,0.0,1024.006443628077
2025-11-27T19:15:00Z,2025-11-27T19:30:00Z,2025-11-27,2025-11-27_82,0.0,0,0,100,64.34782608695268,64.34782608695268,0.0,0.0,0.0,True,True,True,False,0.0,1024.006443628077,0.0,0.0,0.0,0.0,1024.006443628077
2025-11-27T19:30:00Z,2025-11-27T19:45:00Z,2025-11-27,2025-11-27_83,0.0,0,0,100,64.34782608695268,64.34782608695268,0.0,0.0,0.0,True,True,True,False,0.0,1024.006443628077,0.0,0.0,0.0,0.0,1024.006443628077
2025-11-27T19:45:00Z,2025-11-27T20:00:00Z,2025-11-27,2025-11-27_84,0.0,0,0,100,64.34782608695268,64.34782608695268,0.0,0.0,0.0,True,True,True,False,0.0,1024.006443628077,0.0,0.0,0.0,0.0,1024.006443628077
2025-11-27T20:00:00Z,2025-11-27T20:15:00Z,2025-11-27,2025-11-27_85,0.0,0,0,100,64.34782608695268,64.34782608695268,0.0,0.0,0.0,True,True,True,False,0.0,1024.006443628077,0.0,0.0,0.0,0.0,1024.006443628077
2025-11-27T20:15:00Z,2025-11-27T20:30:00Z,2025-11-27,2025-11-27_86,0.0,0,0,100,64.34782608695268,64.34782608695268,0.0,0.0,0.0,True,True,True,False,0.0,1024.006443628077,0.0,0.0,0.0,0.0,1024.006443628077
2025-11-27T20:30:00Z,2025-11-27T20:45:00Z,2025-11-27,2025-11-27_87,0.0,0,0,100,64.34782608695268,64.34782608695268,0.0,0.0,0.0,True,True,True,False,0.0,1024.006443628077,0.0,0.0,0.0,0.0,1024.006443628077
2025-11-27T20:45:00Z,2025-11-27T21:00:00Z,2025-11-27,2025-11-27_88,0.0,0,0,100,64.34782608695268,64.34782608695268,0.0,0.0,0.0,True,True,True,False,0.0,1024.006443628077,0.0,0.0,0.0,0.0,1024.006443628077
2025-11-27T21:00:00Z,2025-11-27T21:15:00Z,2025-11-27,2025-11-27_89,0.0,0,0,100,64.34782608695268,64.34782608695268,0.0,0.0,0.0,True,True,True,False,0.0,1024.006443628077,0.0,0.0,0.0,0.0,1024.006443628077
2025-11-27T21:15:00Z,2025-11-27T21:30:00Z,2025-11-27,2025-11-27_90,0.0,0,0,100,64.34782608695268,64.34782608695268,0.0,0.0,0.0,True,True,True,False,0.0,1024.006443628077,0.0,0.0,0.0,0.0,1024.006443628077
2025-11-27T21:30:00Z,2025-11-27T21:45:00Z,2025-11-27,2025-11-27_91,0.0,0,0,100,64.34782608695268,64.34782608695268,0.0,0.0,0.0,True,True,True,False,0.0,1024.006443628077,0.0,0.0,0.0,0.0,1024.006443628077
2025-11-27T21:45:00Z,2025-11-27T22:00:00Z,2025-11-27,2025-11-27_92,0.0,0,0,100,64.34782608695268,64.34782608695268,0.0,0.0,0.0,True,True,True,False,0.0,1024.006443628077,0.0,0.0,0.0,0.0,1024.006443628077
2025-11-27T22:00:00Z,2025-11-27T22:15:00Z,2025-11-28,2025-11-27_93,-3.0127011996228248e-12,0,0,100,64.34782608695268,64.34782608695338,1.9247813219812493e-15,0.0,0.0,True,True,True,False,-7.318604389183747e-11,1024.046678847174,0.0,0.0,0.0,0.0,1024.0466788471008
2025-11-27T22:15:00Z,2025-11-27T22:30:00Z,2025-11-28,2025-11-27_94,-3.0127011996228248e-12,0,0,100,64.34782608695338,64.34782608695407,1.9247813219812493e-15,0.0,0.0,True,True,True,False,-6.1639866544283e-11,1024.046678847174,0.0,0.0,0.0,0.0,1024.0466788471124
2025-11-27T22:30:00Z,2025-11-27T22:45:00Z,2025-11-28,2025-11-27_95,-3.0127011996228248e-12,0,0,100,64.34782608695407,64.34782608695477,1.9247813219812493e-15,0.0,0.0,True,True,True,False,-5.415330406322028e-11,1024.046678847174,0.0,0.0,0.0,0.0,1024.04667884712
2025-11-27T22:45:00Z,2025-11-27T23:00:00Z,2025-11-28,2025-11-27_96,-3.0127011996228248e-12,0,0,100,64.34782608695477,64.34782608695546,1.9247813219812493e-15,0.0,0.0,True,True,True,False,-3.902201228811464e-11,1024.046678847174,0.0,0.0,0.0,0.0,1024.046678847135
2025-11-27T23:00:00Z,2025-11-27T23:15:00Z,2025-11-28,2025-11-28_1,0.0,0,0,100,64.34782608695546,64.34782608695546,0.0,0.0,0.0,True,True,True,False,0.0,1024.046678847174,0.0,0.0,0.0,0.0,1024.046678847174
2025-11-27T23:15:00Z,2025-11-27T23:30:00Z,2025-11-28,2025-11-28_2,0.0,0,0,100,64.34782608695546,64.34782608695546,0.0,0.0,0.0,True,True,True,False,0.0,1024.046678847174,0.0,0.0,0.0,0.0,1024.046678847174
2025-11-27T23:30:00Z,2025-11-27T23:45:00Z,2025-11-28,2025-11-28_3,0.0,0,0,100,64.34782608695546,64.34782608695546,0.0,0.0,0.0,True,True,True,False,0.0,1024.046678847174,0.0,0.0,0.0,0.0,1024.046678847174
2025-11-27T23:45:00Z,2025-11-28T00:00:00Z,2025-11-28,2025-11-28_4,0.0,0,0,100,64.34782608695546,64.34782608695546,0.0,0.0,0.0,True,True,True,False,0.0,1024.046678847174,0.0,0.0,0.0,0.0,1024.046678847174
2025-11-28T00:00:00Z,2025-11-28T00:15:00Z,2025-11-28,2025-11-28_5,-1.1226575225009583e-12,0,0,100,64.34782608695546,64.34782608695572,7.1725341715339e-16,0.0,0.0,True,True,True,False,-2.2742234762063162e-11,1024.046678847174,0.0,0.0,0.0,0.0,1024.0466788471513
2025-11-28T00:15:00Z,2025-11-28T00:30:00Z,2025-11-28,2025-11-28_6,-1.1226575225009583e-12,0,0,100,64.34782608695572,64.34782608695598,7.1725341715339e-16,0.0,0.0,True,True,True,False,-2.1010535533605433e-11,1024.046678847174,0.0,0.0,0.0,0.0,1024.046678847153
2025-11-28T00:30:00Z,2025-11-28T00:45:00Z,2025-11-28,2025-11-28_7,-1.1276004284888548e-12,0,0,100,64.34782608695598,64.34782608695623,7.204113848678794e-16,0.0,0.0,True,True,True,False,-1.9524401419284522e-11,1024.046678847174,0.0,0.0,0.0,0.0,1024.0466788471545
2025-11-28T00:45:00Z,2025-11-28T01:00:00Z,2025-11-28,2025-11-28_8,-1.1226575225009583e-12,0,0,100,64.34782608695623,64.34782608695649,7.1725341715339e-16,0.0,0.0,True,True,True,False,-1.7252439477033477e-11,1024.046678847174,0.0,0.0,0.0,0.0,1024.0466788471567
2025-11-28T01:00:00Z,2025-11-28T01:15:00Z,2025-11-28,2025-11-28_9,0.0,0,0,100,64.34782608695649,64.34782608695649,0.0,0.0,0.0,True,True,True,False,0.0,1024.046678847174,0.0,0.0,0.0,0.0,1024.046678847174
2025-11-28T01:15:00Z,2025-11-28T01:30:00Z,2025-11-28,2025-11-28_10,0.0,0,0,100,64.34782608695649,64.34782608695649,0.0,0.0,0.0,True,True,True,False,0.0,1024.046678847174,0.0,0.0,0.0,0.0,1024.046678847174
2025-11-28T01:30:00Z,2025-11-28T01:45:00Z,2025-11-28,2025-11-28_11,0.0,0,0,100,64.34782608695649,64.34782608695649,0.0,0.0,0.0,True,True,True,False,0.0,1024.046678847174,0.0,0.0,0.0,0.0,1024.046678847174
2025-11-28T01:45:00Z,2025-11-28T02:00:00Z,2025-11-28,2025-11-28_12,0.0,0,0,100,64.34782608695649,64.34782608695649,0.0,0.0,0.0,True,True,True,False,0.0,1024.046678847174,0.0,0.0,0.0,0.0,1024.046678847174
2025-11-28T02:00:00Z,2025-11-28T02:15:00Z,2025-11-28,2025-11-28_13,0.0,0,0,100,64.34782608695649,64.34782608695649,0.0,0.0,0.0,True,True,True,False,0.0,1024.046678847174,0.0,0.0,0.0,0.0,1024.046678847174
2025-11-28T02:15:00Z,2025-11-28T02:30:00Z,2025-11-28,2025-11-28_14,0.0,0,0,100,64.34782608695649,64.34782608695649,0.0,0.0,0.0,True,True,True,False,0.0,1024.046678847174,0.0,0.0,0.0,0.0,1024.046678847174
2025-11-28T02:30:00Z,2025-11-28T02:45:00Z,2025-11-28,2025-11-28_15,0.0,0,0,100,64.34782608695649,64.34782608695649,0.0,0.0,0.0,True,True,True,False,0.0,1024.046678847174,0.0,0.0,0.0,0.0,1024.046678847174
2025-11-28T02:45:00Z,2025-11-28T03:00:00Z,2025-11-28,2025-11-28_16,0.0,0,0,100,64.34782608695649,64.34782608695649,0.0,0.0,0.0,True,True,True,False,0.0,1024.046678847174,0.0,0.0,0.0,0.0,1024.046678847174
2025-11-28T03:00:00Z,2025-11-28T03:15:00Z,2025-11-28,2025-11-28_17,0.0,0,0,100,64.34782608695649,64.34782608695649,0.0,0.0,0.0,True,True,True,False,0.0,1024.046678847174,0.0,0.0,0.0,0.0,1024.046678847174
2025-11-28T03:15:00Z,2025-11-28T03:30:00Z,2025-11-28,2025-11-28_18,0.0,0,0,100,64.34782608695649,64.34782608695649,0.0,0.0,0.0,True,True,True,False,0.0,1024.046678847174,0.0,0.0,0.0,0.0,1024.046678847174
2025-11-28T03:30:00Z,2025-11-28T03:45:00Z,2025-11-28,2025-11-28_19,0.0,0,0,100,64.34782608695649,64.34782608695649,0.0,0.0,0.0,True,True,True,False,0.0,1024.046678847174,0.0,0.0,0.0,0.0,1024.046678847174
2025-11-28T03:45:00Z,2025-11-28T04:00:00Z,2025-11-28,2025-11-28_20,0.0,0,0,100,64.34782608695649,64.34782608695649,0.0,0.0,0.0,True,True,True,False,0.0,1024.046678847174,0.0,0.0,0.0,0.0,1024.046678847174
2025-11-28T04:00:00Z,2025-11-28T04:15:00Z,2025-11-28,2025-11-28_21,0.0,0,0,100,64.34782608695649,64.34782608695649,0.0,0.0,0.0,True,True,True,False,0.0,1024.046678847174,0.0,0.0,0.0,0.0,1024.046678847174
2025-11-28T04:15:00Z,2025-11-28T04:30:00Z,2025-11-28,2025-11-28_22,-1.2357264969740872e-13,0,0,100,64.34782608695649,64.34782608695652,7.894919286223336e-17,0.0,0.0,True,True,True,False,-3.022895943222861e-12,1024.046678847174,0.0,0.0,0.0,0.0,1024.046678847171
2025-11-28T04:30:00Z,2025-11-28T04:45:00Z,2025-11-28,2025-11-28_23,0.0,0,0,100,64.34782608695652,64.34782608695652,0.0,0.0,0.0,True,True,True,False,0.0,1024.046678847174,0.0,0.0,0.0,0.0,1024.046678847174
2025-11-28T04:45:00Z,2025-11-28T05:00:00Z,2025-11-28,2025-11-28_24,0.0,0,0,100,64.34782608695652,64.34782608695652,0.0,0.0,0.0,True,True,True,False,0.0,1024.046678847174,0.0,0.0,0.0,0.0,1024.046678847174
2025-11-28T05:00:00Z,2025-11-28T05:15:00Z,2025-11-28,2025-11-28_25,0.0,0,0,100,64.34782608695652,64.34782608695652,0.0,0.0,0.0,True,True,True,False,0.0,1024.046678847174,0.0,0.0,0.0,0.0,1024.046678847174
2025-11-28T05:15:00Z,2025-11-28T05:30:00Z,2025-11-28,2025-11-28_26,0.0,0,0,100,64.34782608695652,64.34782608695652,0.0,0.0,0.0,True,True,True,False,0.0,1024.046678847174,0.0,0.0,0.0,0.0,1024.046678847174
2025-11-28T05:30:00Z,2025-11-28T05:45:00Z,2025-11-28,2025-11-28_27,0.0,0,0,100,64.34782608695652,64.34782608695652,0.0,0.0,0.0,True,True,True,False,0.0,1024.046678847174,0.0,0.0,0.0,0.0,1024.046678847174
2025-11-28T05:45:00Z,2025-11-28T06:00:00Z,2025-11-28,2025-11-28_28,0.0,0,0,100,64.34782608695652,64.34782608695652,0.0,0.0,0.0,True,True,True,False,0.0,1024.046678847174,0.0,0.0,0.0,0.0,1024.046678847174
2025-11-28T06:00:00Z,2025-11-28T06:15:00Z,2025-11-28,2025-11-28_29,0.0,0,0,100,64.34782608695652,64.34782608695652,0.0,0.0,0.0,True,True,True,False,0.0,1024.046678847174,0.0,0.0,0.0,0.0,1024.046678847174
2025-11-28T06:15:00Z,2025-11-28T06:30:00Z,2025-11-28,2025-11-28_30,0.0,0,0,100,64.34782608695652,64.34782608695652,0.0,0.0,0.0,True,True,True,False,0.0,1024.046678847174,0.0,0.0,0.0,0.0,1024.046678847174
2025-11-28T06:30:00Z,2025-11-28T06:45:00Z,2025-11-28,2025-11-28_31,0.0,0,0,100,64.34782608695652,64.34782608695652,0.0,0.0,0.0,True,True,True,False,0.0,1024.046678847174,0.0,0.0,0.0,0.0,1024.046678847174
2025-11-28T06:45:00Z,2025-11-28T07:00:00Z,2025-11-28,2025-11-28_32,0.0,0,0,100,64.34782608695652,64.34782608695652,0.0,0.0,0.0,True,True,True,False,0.0,1024.046678847174,0.0,0.0,0.0,0.0,1024.046678847174
2025-11-28T07:00:00Z,2025-11-28T07:15:00Z,2025-11-28,2025-11-28_33,0.0,0,0,100,64.34782608695652,64.34782608695652,0.0,0.0,0.0,True,True,True,False,0.0,1024.046678847174,0.0,0.0,0.0,0.0,1024.046678847174
2025-11-28T07:15:00Z,2025-11-28T07:30:00Z,2025-11-28,2025-11-28_34,0.0,0,0,100,64.34782608695652,64.34782608695652,0.0,0.0,0.0,True,True,True,False,0.0,1024.046678847174,0.0,0.0,0.0,0.0,1024.046678847174
2025-11-28T07:30:00Z,2025-11-28T07:45:00Z,2025-11-28,2025-11-28_35,0.0,0,0,100,64.34782608695652,64.34782608695652,0.0,0.0,0.0,True,True,True,False,0.0,1024.046678847174,0.0,0.0,0.0,0.0,1024.046678847174
2025-11-28T07:45:00Z,2025-11-28T08:00:00Z,2025-11-28,2025-11-28_36,0.0,0,0,100,64.34782608695652,64.34782608695652,0.0,0.0,0.0,True,True,True,False,0.0,1024.046678847174,0.0,0.0,0.0,0.0,1024.046678847174
2025-11-28T08:00:00Z,2025-11-28T08:15:00Z,2025-11-28,2025-11-28_37,0.0,0,0,100,64.34782608695652,64.34782608695652,0.0,0.0,0.0,True,True,True,False,0.0,1024.046678847174,0.0,0.0,0.0,0.0,1024.046678847174
2025-11-28T08:15:00Z,2025-11-28T08:30:00Z,2025-11-28,2025-11-28_38,0.0,0,0,100,64.34782608695652,64.34782608695652,0.0,0.0,0.0,True,True,True,False,0.0,1024.046678847174,0.0,0.0,0.0,0.0,1024.046678847174
2025-11-28T08:30:00Z,2025-11-28T08:45:00Z,2025-11-28,2025-11-28_39,0.0,0,0,100,64.34782608695652,64.34782608695652,0.0,0.0,0.0,True,True,True,False,0.0,1024.046678847174,0.0,0.0,0.0,0.0,1024.046678847174
2025-11-28T08:45:00Z,2025-11-28T09:00:00Z,2025-11-28,2025-11-28_40,0.0,0,0,100,64.34782608695652,64.34782608695652,0.0,0.0,0.0,True,True,True,False,0.0,1024.046678847174,0.0,0.0,0.0,0.0,1024.046678847174
2025-11-28T09:00:00Z,2025-11-28T09:15:00Z,2025-11-28,2025-11-28_41,0.0,0,0,100,64.34782608695652,64.34782608695652,0.0,0.0,0.0,True,True,True,False,0.0,1024.046678847174,0.0,0.0,0.0,0.0,1024.046678847174
2025-11-28T09:15:00Z,2025-11-28T09:30:00Z,2025-11-28,2025-11-28_42,0.0,0,0,100,64.34782608695652,64.34782608695652,0.0,0.0,0.0,True,True,True,False,0.0,1024.046678847174,0.0,0.0,0.0,0.0,1024.046678847174
2025-11-28T09:30:00Z,2025-11-28T09:45:00Z,2025-11-28,2025-11-28_43,0.0,0,0,100,64.34782608695652,64.34782608695652,0.0,0.0,0.0,True,True,True,False,0.0,1024.046678847174,0.0,0.0,0.0,0.0,1024.046678847174
2025-11-28T09:45:00Z,2025-11-28T10:00:00Z,2025-11-28,2025-11-28_44,0.0,0,0,100,64.34782608695652,64.34782608695652,0.0,0.0,0.0,True,True,True,False,0.0,1024.046678847174,0.0,0.0,0.0,0.0,1024.046678847174
2025-11-28T10:00:00Z,2025-11-28T10:15:00Z,2025-11-28,2025-11-28_45,0.0,0,0,100,64.34782608695652,64.34782608695652,0.0,0.0,0.0,True,True,True,False,0.0,1024.046678847174,0.0,0.0,0.0,0.0,1024.046678847174
2025-11-28T10:15:00Z,2025-11-28T10:30:00Z,2025-11-28,2025-11-28_46,0.0,0,0,100,64.34782608695652,64.34782608695652,0.0,0.0,0.0,True,True,True,False,0.0,1024.046678847174,0.0,0.0,0.0,0.0,1024.046678847174
2025-11-28T10:30:00Z,2025-11-28T10:45:00Z,2025-11-28,2025-11-28_47,0.0,0,0,100,64.34782608695652,64.34782608695652,0.0,0.0,0.0,True,True,True,False,0.0,1024.046678847174,0.0,0.0,0.0,0.0,1024.046678847174
2025-11-28T10:45:00Z,2025-11-28T11:00:00Z,2025-11-28,2025-11-28_48,0.0,0,0,100,64.34782608695652,64.34782608695652,0.0,0.0,0.0,True,True,True,False,0.0,1024.046678847174,0.0,0.0,0.0,0.0,1024.046678847174
2025-11-28T11:00:00Z,2025-11-28T11:15:00Z,2025-11-28,2025-11-28_49,0.0,0,0,100,64.34782608695652,64.34782608695652,0.0,0.0,0.0,True,True,True,False,0.0,1024.046678847174,0.0,0.0,0.0,0.0,1024.046678847174
2025-11-28T11:15:00Z,2025-11-28T11:30:00Z,2025-11-28,2025-11-28_50,0.0,0,0,100,64.34782608695652,64.34782608695652,0.0,0.0,0.0,True,True,True,False,0.0,1024.046678847174,0.0,0.0,0.0,0.0,1024.046678847174
2025-11-28T11:30:00Z,2025-11-28T11:45:00Z,2025-11-28,2025-11-28_51,0.0,0,0,100,64.34782608695652,64.34782608695652,0.0,0.0,0.0,True,True,True,False,0.0,1024.046678847174,0.0,0.0,0.0,0.0,1024.046678847174
2025-11-28T11:45:00Z,2025-11-28T12:00:00Z,2025-11-28,2025-11-28_52,0.0,0,0,100,64.34782608695652,64.34782608695652,0.0,0.0,0.0,True,True,True,False,0.0,1024.046678847174,0.0,0.0,0.0,0.0,1024.046678847174
2025-11-28T12:00:00Z,2025-11-28T12:15:00Z,2025-11-28,2025-11-28_53,0.0,0,0,100,64.34782608695652,64.34782608695652,0.0,0.0,0.0,True,True,True,False,0.0,1024.046678847174,0.0,0.0,0.0,0.0,1024.046678847174
2025-11-28T12:15:00Z,2025-11-28T12:30:00Z,2025-11-28,2025-11-28_54,0.0,0,0,100,64.34782608695652,64.34782608695652,0.0,0.0,0.0,True,True,True,False,0.0,1024.046678847174,0.0,0.0,0.0,0.0,1024.046678847174
2025-11-28T12:30:00Z,2025-11-28T12:45:00Z,2025-11-28,2025-11-28_55,0.0,0,0,100,64.34782608695652,64.34782608695652,0.0,0.0,0.0,True,True,True,False,0.0,1024.046678847174,0.0,0.0,0.0,0.0,1024.046678847174
2025-11-28T12:45:00Z,2025-11-28T13:00:00Z,2025-11-28,2025-11-28_56,0.0,0,0,100,64.34782608695652,64.34782608695652,0.0,0.0,0.0,True,True,True,False,0.0,1024.046678847174,0.0,0.0,0.0,0.0,1024.046678847174
2025-11-28T13:00:00Z,2025-11-28T13:15:00Z,2025-11-28,2025-11-28_57,0.0,0,0,100,64.34782608695652,64.34782608695652,0.0,0.0,0.0,True,True,True,False,0.0,1024.046678847174,0.0,0.0,0.0,0.0,1024.046678847174
2025-11-28T13:15:00Z,2025-11-28T13:30:00Z,2025-11-28,2025-11-28_58,0.0,0,0,100,64.34782608695652,64.34782608695652,0.0,0.0,0.0,True,True,True,False,0.0,1024.046678847174,0.0,0.0,0.0,0.0,1024.046678847174
2025-11-28T13:30:00Z,2025-11-28T13:45:00Z,2025-11-28,2025-11-28_59,0.0,0,0,100,64.34782608695652,64.34782608695652,0.0,0.0,0.0,True,True,True,False,0.0,1024.046678847174,0.0,0.0,0.0,0.0,1024.046678847174
2025-11-28T13:45:00Z,2025-11-28T14:00:00Z,2025-11-28,2025-11-28_60,0.0,0,0,100,64.34782608695652,64.34782608695652,0.0,0.0,0.0,True,True,True,False,0.0,1024.046678847174,0.0,0.0,0.0,0.0,1024.046678847174
2025-11-28T14:00:00Z,2025-11-28T14:15:00Z,2025-11-28,2025-11-28_61,0.0,0,0,100,64.34782608695652,64.34782608695652,0.0,0.0,0.0,True,True,True,False,0.0,1024.046678847174,0.0,0.0,0.0,0.0,1024.046678847174
2025-11-28T14:15:00Z,2025-11-28T14:30:00Z,2025-11-28,2025-11-28_62,0.0,0,0,100,64.34782608695652,64.34782608695652,0.0,0.0,0.0,True,True,True,False,0.0,1024.046678847174,0.0,0.0,0.0,0.0,1024.046678847174
2025-11-28T14:30:00Z,2025-11-28T14:45:00Z,2025-11-28,2025-11-28_63,0.0,0,0,100,64.34782608695652,64.34782608695652,0.0,0.0,0.0,True,True,True,False,0.0,1024.046678847174,0.0,0.0,0.0,0.0,1024.046678847174
2025-11-28T14:45:00Z,2025-11-28T15:00:00Z,2025-11-28,2025-11-28_64,0.0,0,0,100,64.34782608695652,64.34782608695652,0.0,0.0,0.0,True,True,True,False,0.0,1024.046678847174,0.0,0.0,0.0,0.0,1024.046678847174
2025-11-28T15:00:00Z,2025-11-28T15:15:00Z,2025-11-28,2025-11-28_65,0.0,0,0,100,64.34782608695652,64.34782608695652,0.0,0.0,0.0,True,False,True,False,0.0,1024.046678847174,0.0,0.0,0.0,0.0,1024.046678847174
2025-11-28T15:15:00Z,2025-11-28T15:30:00Z,2025-11-28,2025-11-28_66,0.0,0,0,100,64.34782608695652,64.34782608695652,0.0,0.0,0.0,True,False,True,False,0.0,1024.046678847174,0.0,0.0,0.0,0.0,1024.046678847174
2025-11-28T15:30:00Z,2025-11-28T15:45:00Z,2025-11-28,2025-11-28_67,0.0,0,0,100,64.34782608695652,64.34782608695652,0.0,0.0,0.0,True,False,True,False,0.0,1024.046678847174,0.0,0.0,0.0,0.0,1024.046678847174
2025-11-28T15:45:00Z,2025-11-28T16:00:00Z,2025-11-28,2025-11-28_68,0.0,0,0,100,64.34782608695652,64.34782608695652,0.0,0.0,0.0,True,False,True,False,0.0,1024.046678847174,0.0,0.0,0.0,0.0,1024.046678847174
2025-11-28T16:00:00Z,2025-11-28T16:15:00Z,2025-11-28,2025-11-28_69,0.0,0,0,100,64.34782608695652,64.34782608695652,0.0,0.0,0.0,True,True,True,False,0.0,1024.046678847174,0.0,0.0,0.0,0.0,1024.046678847174
2025-11-28T16:15:00Z,2025-11-28T16:30:00Z,2025-11-28,2025-11-28_70,0.0,0,0,100,64.34782608695652,64.34782608695652,0.0,0.0,0.0,True,True,True,False,0.0,1024.046678847174,0.0,0.0,0.0,0.0,1024.046678847174
2025-11-28T16:30:00Z,2025-11-28T16:45:00Z,2025-11-28,2025-11-28_71,0.0,0,0,100,64.34782608695652,64.34782608695652,0.0,0.0,0.0,True,True,True,False,0.0,1024.046678847174,0.0,0.0,0.0,0.0,1024.046678847174
2025-11-28T16:45:00Z,2025-11-28T17:00:00Z,2025-11-28,2025-11-28_72,0.0,0,0,100,64.34782608695652,64.34782608695652,0.0,0.0,0.0,True,True,True,False,0.0,1024.046678847174,0.0,0.0,0.0,0.0,1024.046678847174
2025-11-28T17:00:00Z,2025-11-28T17:15:00Z,2025-11-28,2025-11-28_73,0.0,0,0,100,64.34782608695652,64.34782608695652,0.0,0.0,0.0,True,False,True,False,0.0,1024.046678847174,0.0,0.0,0.0,0.0,1024.046678847174
2025-11-28T17:15:00Z,2025-11-28T17:30:00Z,2025-11-28,2025-11-28_74,0.0,0,0,100,64.34782608695652,64.34782608695652,0.0,0.0,0.0,True,False,True,False,0.0,1024.046678847174,0.0,0.0,0.0,0.0,1024.046678847174
2025-11-28T17:30:00Z,2025-11-28T17:45:00Z,2025-11-28,2025-11-28_75,0.0,0,0,100,64.34782608695652,64.34782608695652,0.0,0.0,0.0,True,False,True,False,0.0,1024.046678847174,0.0,0.0,0.0,0.0,1024.046678847174
2025-11-28T17:45:00Z,2025-11-28T18:00:00Z,2025-11-28,2025-11-28_76,0.0,0,0,100,64.34782608695652,64.34782608695652,0.0,0.0,0.0,True,False,True,False,0.0,1024.046678847174,0.0,0.0,0.0,0.0,1024.046678847174
2025-11-28T18:00:00Z,2025-11-28T18:15:00Z,2025-11-28,2025-11-28_77,0.0,0,0,100,64.34782608695652,64.34782608695652,0.0,0.0,0.0,True,False,True,False,0.0,1024.046678847174,0.0,0.0,0.0,0.0,1024.046678847174
2025-11-28T18:15:00Z,2025-11-28T18:30:00Z,2025-11-28,2025-11-28_78,0.0,0,0,100,64.34782608695652,64.34782608695652,0.0,0.0,0.0,True,False,True,False,0.0,1024.046678847174,0.0,0.0,0.0,0.0,1024.046678847174
2025-11-28T18:30:00Z,2025-11-28T18:45:00Z,2025-11-28,2025-11-28_79,0.0,0,0,100,64.34782608695652,64.34782608695652,0.0,0.0,0.0,True,False,True,False,0.0,1024.046678847174,0.0,0.0,0.0,0.0,1024.046678847174
2025-11-28T18:45:00Z,2025-11-28T19:00:00Z,2025-11-28,2025-11-28_80,0.0,0,0,100,64.34782608695652,64.34782608695652,0.0,0.0,0.0,True,False,True,False,0.0,1024.046678847174,0.0,0.0,0.0,0.0,1024.046678847174
2025-11-28T19:00:00Z,2025-11-28T19:15:00Z,2025-11-28,2025-11-28_81,0.0,0,0,100,64.34782608695652,64.34782608695652,0.0,0.0,0.0,True,True,True,False,0.0,1024.046678847174,0.0,0.0,0.0,0.0,1024.046678847174
2025-11-28T19:15:00Z,2025-11-28T19:30:00Z,2025-11-28,2025-11-28_82,0.0,0,0,100,64.34782608695652,64.34782608695652,0.0,0.0,0.0,True,True,True,False,0.0,1024.046678847174,0.0,0.0,0.0,0.0,1024.046678847174
2025-11-28T19:30:00Z,2025-11-28T19:45:00Z,2025-11-28,2025-11-28_83,0.0,0,0,100,64.34782608695652,64.34782608695652,0.0,0.0,0.0,True,True,True,False,0.0,1024.046678847174,0.0,0.0,0.0,0.0,1024.046678847174
2025-11-28T19:45:00Z,2025-11-28T20:00:00Z,2025-11-28,2025-11-28_84,0.0,0,0,100,64.34782608695652,64.34782608695652,0.0,0.0,0.0,True,True,True,False,0.0,1024.046678847174,0.0,0.0,0.0,0.0,1024.046678847174
2025-11-28T20:00:00Z,2025-11-28T20:15:00Z,2025-11-28,2025-11-28_85,0.0,0,0,100,64.34782608695652,64.34782608695652,0.0,0.0,0.0,True,True,True,False,0.0,1024.046678847174,0.0,0.0,0.0,0.0,1024.046678847174
2025-11-28T20:15:00Z,2025-11-28T20:30:00Z,2025-11-28,2025-11-28_86,0.0,0,0,100,64.34782608695652,64.34782608695652,0.0,0.0,0.0,True,True,True,False,0.0,1024.046678847174,0.0,0.0,0.0,0.0,1024.046678847174
2025-11-28T20:30:00Z,2025-11-28T20:45:00Z,2025-11-28,2025-11-28_87,0.0,0,0,100,64.34782608695652,64.34782608695652,0.0,0.0,0.0,True,True,True,False,0.0,1024.046678847174,0.0,0.0,0.0,0.0,1024.046678847174
2025-11-28T20:45:00Z,2025-11-28T21:00:00Z,2025-11-28,2025-11-28_88,5.73694999559877e-13,0,0,100,64.34782608695652,64.34782608695636,4.3304272309773325e-16,0.0,0.0,True,True,True,False,1.4718145213708645e-11,1024.046678847174,0.0,0.0,0.0,0.0,1024.0466788471888
2025-11-28T21:00:00Z,2025-11-28T21:15:00Z,2025-11-28,2025-11-28_89,0.0,0,0,100,64.34782608695636,64.34782608695636,0.0,0.0,0.0,True,True,True,False,0.0,1024.046678847174,0.0,0.0,0.0,0.0,1024.046678847174
2025-11-28T21:15:00Z,2025-11-28T21:30:00Z,2025-11-28,2025-11-28_90,0.0,0,0,100,64.34782608695636,64.34782608695636,0.0,0.0,0.0,True,True,True,False,0.0,1024.046678847174,0.0,0.0,0.0,0.0,1024.046678847174
2025-11-28T21:30:00Z,2025-11-28T21:45:00Z,2025-11-28,2025-11-28_91,0.0,0,0,100,64.34782608695636,64.34782608695636,0.0,0.0,0.0,True,True,True,False,0.0,1024.046678847174,0.0,0.0,0.0,0.0,1024.046678847174
2025-11-28T21:45:00Z,2025-11-28T22:00:00Z,2025-11-28,2025-11-28_92,-1.302928098586645e-12,0,0,100,64.34782608695636,64.34782608695666,8.324262852081344e-16,0.0,0.0,True,True,True,False,-3.184682004970407e-11,1024.046678847174,0.0,0.0,0.0,0.0,1024.0466788471422
2025-11-28T22:00:00Z,2025-11-28T22:15:00Z,2025-11-29,2025-11-28_93,0.0,0,0,100,64.34782608695666,64.34782608695666,0.0,0.0,0.0,True,True,True,False,0.0,1023.9460967273012,0.0,0.0,0.0,0.0,1023.9460967273012
2025-11-28T22:15:00Z,2025-11-28T22:30:00Z,2025-11-29,2025-11-28_94,0.0,0,0,100,64.34782608695666,64.34782608695666,0.0,0.0,0.0,True,True,True,False,0.0,1023.9460967273012,0.0,0.0,0.0,0.0,1023.9460967273012
2025-11-28T22:30:00Z,2025-11-28T22:45:00Z,2025-11-29,2025-11-28_95,0.0,0,0,100,64.34782608695666,64.34782608695666,0.0,0.0,0.0,True,True,True,False,0.0,1023.9460967273012,0.0,0.0,0.0,0.0,1023.9460967273012
2025-11-28T22:45:00Z,2025-11-28T23:00:00Z,2025-11-29,2025-11-28_96,0.0,0,0,100,64.34782608695666,64.34782608695666,0.0,0.0,0.0,True,True,True,False,0.0,1023.9460967273012,0.0,0.0,0.0,0.0,1023.9460967273012
2025-11-28T23:00:00Z,2025-11-28T23:15:00Z,2025-11-29,2025-11-29_1,0.0,0,0,100,64.34782608695666,64.34782608695666,0.0,0.0,0.0,True,True,True,False,0.0,1023.9460967273012,0.0,0.0,0.0,0.0,1023.9460967273012
2025-11-28T23:15:00Z,2025-11-28T23:30:00Z,2025-11-29,2025-11-29_2,0.0,0,0,100,64.34782608695666,64.34782608695666,0.0,0.0,0.0,True,True,True,False,0.0,1023.9460967273012,0.0,0.0,0.0,0.0,1023.9460967273012
2025-11-28T23:30:00Z,2025-11-28T23:45:00Z,2025-11-29,2025-11-29_3,0.0,0,0,100,64.34782608695666,64.34782608695666,0.0,0.0,0.0,True,True,True,False,0.0,1023.9460967273012,0.0,0.0,0.0,0.0,1023.9460967273012
2025-11-28T23:45:00Z,2025-11-29T00:00:00Z,2025-11-29,2025-11-29_4,0.0,0,0,100,64.34782608695666,64.34782608695666,0.0,0.0,0.0,True,True,True,False,0.0,1023.9460967273012,0.0,0.0,0.0,0.0,1023.9460967273012
2025-11-29T00:00:00Z,2025-11-29T00:15:00Z,2025-11-29,2025-11-29_5,0.0,0,0,100,64.34782608695666,64.34782608695666,0.0,0.0,0.0,True,True,True,False,0.0,1023.9460967273012,0.0,0.0,0.0,0.0,1023.9460967273012
2025-11-29T00:15:00Z,2025-11-29T00:30:00Z,2025-11-29,2025-11-29_6,0.0,0,0,100,64.34782608695666,64.34782608695666,0.0,0.0,0.0,True,True,True,False,0.0,1023.9460967273012,0.0,0.0,0.0,0.0,1023.9460967273012
2025-11-29T00:30:00Z,2025-11-29T00:45:00Z,2025-11-29,2025-11-29_7,0.0,0,0,100,64.34782608695666,64.34782608695666,0.0,0.0,0.0,True,True,True,False,0.0,1023.9460967273012,0.0,0.0,0.0,0.0,1023.9460967273012
2025-11-29T00:45:00Z,2025-11-29T01:00:00Z,2025-11-29,2025-11-29_8,0.0,0,0,100,64.34782608695666,64.34782608695666,0.0,0.0,0.0,True,True,True,False,0.0,1023.9460967273012,0.0,0.0,0.0,0.0,1023.9460967273012
2025-11-29T01:00:00Z,2025-11-29T01:15:00Z,2025-11-29,2025-11-29_9,0.0,0,0,100,64.34782608695666,64.34782608695666,0.0,0.0,0.0,True,True,True,False,0.0,1023.9460967273012,0.0,0.0,0.0,0.0,1023.9460967273012
2025-11-29T01:15:00Z,2025-11-29T01:30:00Z,2025-11-29,2025-11-29_10,0.0,0,0,100,64.34782608695666,64.34782608695666,0.0,0.0,0.0,True,True,True,False,0.0,1023.9460967273012,0.0,0.0,0.0,0.0,1023.9460967273012
2025-11-29T01:30:00Z,2025-11-29T01:45:00Z,2025-11-29,2025-11-29_11,0.0,0,0,100,64.34782608695666,64.34782608695666,0.0,0.0,0.0,True,True,True,False,0.0,1023.9460967273012,0.0,0.0,0.0,0.0,1023.9460967273012
2025-11-29T01:45:00Z,2025-11-29T02:00:00Z,2025-11-29,2025-11-29_12,0.0,0,0,100,64.34782608695666,64.34782608695666,0.0,0.0,0.0,True,True,True,False,0.0,1023.9460967273012,0.0,0.0,0.0,0.0,1023.9460967273012
2025-11-29T02:00:00Z,2025-11-29T02:15:00Z,2025-11-29,2025-11-29_13,0.0,0,0,100,64.34782608695666,64.34782608695666,0.0,0.0,0.0,True,True,True,False,0.0,1023.9460967273012,0.0,0.0,0.0,0.0,1023.9460967273012
2025-11-29T02:15:00Z,2025-11-29T02:30:00Z,2025-11-29,2025-11-29_14,0.0,0,0,100,64.34782608695666,64.34782608695666,0.0,0.0,0.0,True,True,True,False,0.0,1023.9460967273012,0.0,0.0,0.0,0.0,1023.9460967273012
2025-11-29T02:30:00Z,2025-11-29T02:45:00Z,2025-11-29,2025-11-29_15,0.0,0,0,100,64.34782608695666,64.34782608695666,0.0,0.0,0.0,True,True,True,False,0.0,1023.9460967273012,0.0,0.0,0.0,0.0,1023.9460967273012
2025-11-29T02:45:00Z,2025-11-29T03:00:00Z,2025-11-29,2025-11-29_16,0.0,0,0,100,64.34782608695666,64.34782608695666,0.0,0.0,0.0,True,True,True,False,0.0,1023.9460967273012,0.0,0.0,0.0,0.0,1023.9460967273012
2025-11-29T03:00:00Z,2025-11-29T03:15:00Z,2025-11-29,2025-11-29_17,0.0,0,0,100,64.34782608695666,64.34782608695666,0.0,0.0,0.0,True,True,True,False,0.0,1023.9460967273012,0.0,0.0,0.0,0.0,1023.9460967273012
2025-11-29T03:15:00Z,2025-11-29T03:30:00Z,2025-11-29,2025-11-29_18,0.0,0,0,100,64.34782608695666,64.34782608695666,0.0,0.0,0.0,True,True,True,False,0.0,1023.9460967273012,0.0,0.0,0.0,0.0,1023.9460967273012
2025-11-29T03:30:00Z,2025-11-29T03:45:00Z,2025-11-29,2025-11-29_19,0.0,0,0,100,64.34782608695666,64.34782608695666,0.0,0.0,0.0,True,True,True,False,0.0,1023.9460967273012,0.0,0.0,0.0,0.0,1023.9460967273012
2025-11-29T03:45:00Z,2025-11-29T04:00:00Z,2025-11-29,2025-11-29_20,0.0,0,0,100,64.34782608695666,64.34782608695666,0.0,0.0,0.0,True,True,True,False,0.0,1023.9460967273012,0.0,0.0,0.0,0.0,1023.9460967273012
2025-11-29T04:00:00Z,2025-11-29T04:15:00Z,2025-11-29,2025-11-29_21,0.0,0,0,100,64.34782608695666,64.34782608695666,0.0,0.0,0.0,True,False,True,False,0.0,1023.9460967273012,0.0,0.0,0.0,0.0,1023.9460967273012
2025-11-29T04:15:00Z,2025-11-29T04:30:00Z,2025-11-29,2025-11-29_22,0.0,0,0,100,64.34782608695666,64.34782608695666,0.0,0.0,0.0,True,False,True,False,0.0,1023.9460967273012,0.0,0.0,0.0,0.0,1023.9460967273012
2025-11-29T04:30:00Z,2025-11-29T04:45:00Z,2025-11-29,2025-11-29_23,0.0,0,0,100,64.34782608695666,64.34782608695666,0.0,0.0,0.0,True,False,True,False,0.0,1023.9460967273012,0.0,0.0,0.0,0.0,1023.9460967273012
2025-11-29T04:45:00Z,2025-11-29T05:00:00Z,2025-11-29,2025-11-29_24,0.0,0,0,100,64.34782608695666,64.34782608695666,0.0,0.0,0.0,True,False,True,False,0.0,1023.9460967273012,0.0,0.0,0.0,0.0,1023.9460967273012
2025-11-29T05:00:00Z,2025-11-29T05:15:00Z,2025-11-29,2025-11-29_25,0.0,0,0,100,64.34782608695666,64.34782608695666,0.0,0.0,0.0,True,True,True,False,0.0,1023.9460967273012,0.0,0.0,0.0,0.0,1023.9460967273012
2025-11-29T05:15:00Z,2025-11-29T05:30:00Z,2025-11-29,2025-11-29_26,0.0,0,0,100,64.34782608695666,64.34782608695666,0.0,0.0,0.0,True,True,True,False,0.0,1023.9460967273012,0.0,0.0,0.0,0.0,1023.9460967273012
2025-11-29T05:30:00Z,2025-11-29T05:45:00Z,2025-11-29,2025-11-29_27,0.0,0,0,100,64.34782608695666,64.34782608695666,0.0,0.0,0.0,True,True,True,False,0.0,1023.9460967273012,0.0,0.0,0.0,0.0,1023.9460967273012
2025-11-29T05:45:00Z,2025-11-29T06:00:00Z,2025-11-29,2025-11-29_28,0.0,0,0,100,64.34782608695666,64.34782608695666,0.0,0.0,0.0,True,True,True,False,0.0,1023.9460967273012,0.0,0.0,0.0,0.0,1023.9460967273012
2025-11-29T06:00:00Z,2025-11-29T06:15:00Z,2025-11-29,2025-11-29_29,0.0,0,0,100,64.34782608695666,64.34782608695666,0.0,0.0,0.0,True,True,True,False,0.0,1023.9460967273012,0.0,0.0,0.0,0.0,1023.9460967273012
2025-11-29T06:15:00Z,2025-11-29T06:30:00Z,2025-11-29,2025-11-29_30,0.0,0,0,100,64.34782608695666,64.34782608695666,0.0,0.0,0.0,True,True,True,False,0.0,1023.9460967273012,0.0,0.0,0.0,0.0,1023.9460967273012
2025-11-29T06:30:00Z,2025-11-29T06:45:00Z,2025-11-29,2025-11-29_31,0.0,0,0,100,64.34782608695666,64.34782608695666,0.0,0.0,0.0,True,True,True,False,0.0,1023.9460967273012,0.0,0.0,0.0,0.0,1023.9460967273012
2025-11-29T06:45:00Z,2025-11-29T07:00:00Z,2025-11-29,2025-11-29_32,0.0,0,0,100,64.34782608695666,64.34782608695666,0.0,0.0,0.0,True,True,True,False,0.0,1023.9460967273012,0.0,0.0,0.0,0.0,1023.9460967273012
2025-11-29T07:00:00Z,2025-11-29T07:15:00Z,2025-11-29,2025-11-29_33,0.0,0,0,100,64.34782608695666,64.34782608695666,0.0,0.0,0.0,True,True,True,False,0.0,1023.9460967273012,0.0,0.0,0.0,0.0,1023.9460967273012
2025-11-29T07:15:00Z,2025-11-29T07:30:00Z,2025-11-29,2025-11-29_34,0.0,0,0,100,64.34782608695666,64.34782608695666,0.0,0.0,0.0,True,True,True,False,0.0,1023.9460967273012,0.0,0.0,0.0,0.0,1023.9460967273012
2025-11-29T07:30:00Z,2025-11-29T07:45:00Z,2025-11-29,2025-11-29_35,0.0,0,0,100,64.34782608695666,64.34782608695666,0.0,0.0,0.0,True,True,True,False,0.0,1023.9460967273012,0.0,0.0,0.0,0.0,1023.9460967273012
2025-11-29T07:45:00Z,2025-11-29T08:00:00Z,2025-11-29,2025-11-29_36,0.0,0,0,100,64.34782608695666,64.34782608695666,0.0,0.0,0.0,True,True,True,False,0.0,1023.9460967273012,0.0,0.0,0.0,0.0,1023.9460967273012
2025-11-29T08:00:00Z,2025-11-29T08:15:00Z,2025-11-29,2025-11-29_37,0.0,0,0,100,64.34782608695666,64.34782608695666,0.0,0.0,0.0,True,True,True,False,0.0,1023.9460967273012,0.0,0.0,0.0,0.0,1023.9460967273012
2025-11-29T08:15:00Z,2025-11-29T08:30:00Z,2025-11-29,2025-11-29_38,0.0,0,0,100,64.34782608695666,64.34782608695666,0.0,0.0,0.0,True,True,True,False,0.0,1023.9460967273012,0.0,0.0,0.0,0.0,1023.9460967273012
2025-11-29T08:30:00Z,2025-11-29T08:45:00Z,2025-11-29,2025-11-29_39,0.0,0,0,100,64.34782608695666,64.34782608695666,0.0,0.0,0.0,True,True,True,False,0.0,1023.9460967273012,0.0,0.0,0.0,0.0,1023.9460967273012
2025-11-29T08:45:00Z,2025-11-29T09:00:00Z,2025-11-29,2025-11-29_40,0.0,0,0,100,64.34782608695666,64.34782608695666,0.0,0.0,0.0,True,True,True,False,0.0,1023.9460967273012,0.0,0.0,0.0,0.0,1023.9460967273012
2025-11-29T09:00:00Z,2025-11-29T09:15:00Z,2025-11-29,2025-11-29_41,0.0,0,0,100,64.34782608695666,64.34782608695666,0.0,0.0,0.0,True,True,True,False,0.0,1023.9460967273012,0.0,0.0,0.0,0.0,1023.9460967273012
2025-11-29T09:15:00Z,2025-11-29T09:30:00Z,2025-11-29,2025-11-29_42,0.0,0,0,100,64.34782608695666,64.34782608695666,0.0,0.0,0.0,True,True,True,False,0.0,1023.9460967273012,0.0,0.0,0.0,0.0,1023.9460967273012
2025-11-29T09:30:00Z,2025-11-29T09:45:00Z,2025-11-29,2025-11-29_43,0.0,0,0,100,64.34782608695666,64.34782608695666,0.0,0.0,0.0,True,True,True,False,0.0,1023.9460967273012,0.0,0.0,0.0,0.0,1023.9460967273012
2025-11-29T09:45:00Z,2025-11-29T10:00:00Z,2025-11-29,2025-11-29_44,0.0,0,0,100,64.34782608695666,64.34782608695666,0.0,0.0,0.0,True,True,True,False,0.0,1023.9460967273012,0.0,0.0,0.0,0.0,1023.9460967273012
2025-11-29T10:00:00Z,2025-11-29T10:15:00Z,2025-11-29,2025-11-29_45,0.0,0,0,100,64.34782608695666,64.34782608695666,0.0,0.0,0.0,True,True,True,False,0.0,1023.9460967273012,0.0,0.0,0.0,0.0,1023.9460967273012
2025-11-29T10:15:00Z,2025-11-29T10:30:00Z,2025-11-29,2025-11-29_46,0.0,0,0,100,64.34782608695666,64.34782608695666,0.0,0.0,0.0,True,True,True,False,0.0,1023.9460967273012,0.0,0.0,0.0,0.0,1023.9460967273012
2025-11-29T10:30:00Z,2025-11-29T10:45:00Z,2025-11-29,2025-11-29_47,0.0,0,0,100,64.34782608695666,64.34782608695666,0.0,0.0,0.0,True,True,True,False,0.0,1023.9460967273012,0.0,0.0,0.0,0.0,1023.9460967273012
2025-11-29T10:45:00Z,2025-11-29T11:00:00Z,2025-11-29,2025-11-29_48,0.0,0,0,100,64.34782608695666,64.34782608695666,0.0,0.0,0.0,True,True,True,False,0.0,1023.9460967273012,0.0,0.0,0.0,0.0,1023.9460967273012
2025-11-29T11:00:00Z,2025-11-29T11:15:00Z,2025-11-29,2025-11-29_49,0.0,0,0,100,64.34782608695666,64.34782608695666,0.0,0.0,0.0,True,True,True,False,0.0,1023.9460967273012,0.0,0.0,0.0,0.0,1023.9460967273012
2025-11-29T11:15:00Z,2025-11-29T11:30:00Z,2025-11-29,2025-11-29_50,0.0,0,0,100,64.34782608695666,64.34782608695666,0.0,0.0,0.0,True,True,True,False,0.0,1023.9460967273012,0.0,0.0,0.0,0.0,1023.9460967273012
2025-11-29T11:30:00Z,2025-11-29T11:45:00Z,2025-11-29,2025-11-29_51,0.0,0,0,100,64.34782608695666,64.34782608695666,0.0,0.0,0.0,True,True,True,False,0.0,1023.9460967273012,0.0,0.0,0.0,0.0,1023.9460967273012
2025-11-29T11:45:00Z,2025-11-29T12:00:00Z,2025-11-29,2025-11-29_52,0.0,0,0,100,64.34782608695666,64.34782608695666,0.0,0.0,0.0,True,True,True,False,0.0,1023.9460967273012,0.0,0.0,0.0,0.0,1023.9460967273012
2025-11-29T12:00:00Z,2025-11-29T12:15:00Z,2025-11-29,2025-11-29_53,0.0,0,0,100,64.34782608695666,64.34782608695666,0.0,0.0,0.0,True,True,True,False,0.0,1023.9460967273012,0.0,0.0,0.0,0.0,1023.9460967273012
2025-11-29T12:15:00Z,2025-11-29T12:30:00Z,2025-11-29,2025-11-29_54,0.0,0,0,100,64.34782608695666,64.34782608695666,0.0,0.0,0.0,True,True,True,False,0.0,1023.9460967273012,0.0,0.0,0.0,0.0,1023.9460967273012
2025-11-29T12:30:00Z,2025-11-29T12:45:00Z,2025-11-29,2025-11-29_55,0.0,0,0,100,64.34782608695666,64.34782608695666,0.0,0.0,0.0,True,True,True,False,0.0,1023.9460967273012,0.0,0.0,0.0,0.0,1023.9460967273012
2025-11-29T12:45:00Z,2025-11-29T13:00:00Z,2025-11-29,2025-11-29_56,0.0,0,0,100,64.34782608695666,64.34782608695666,0.0,0.0,0.0,True,True,True,False,0.0,1023.9460967273012,0.0,0.0,0.0,0.0,1023.9460967273012
2025-11-29T13:00:00Z,2025-11-29T13:15:00Z,2025-11-29,2025-11-29_57,0.0,0,0,100,64.34782608695666,64.34782608695666,0.0,0.0,0.0,True,True,True,False,0.0,1023.9460967273012,0.0,0.0,0.0,0.0,1023.9460967273012
2025-11-29T13:15:00Z,2025-11-29T13:30:00Z,2025-11-29,2025-11-29_58,0.0,0,0,100,64.34782608695666,64.34782608695666,0.0,0.0,0.0,True,True,True,False,0.0,1023.9460967273012,0.0,0.0,0.0,0.0,1023.9460967273012
2025-11-29T13:30:00Z,2025-11-29T13:45:00Z,2025-11-29,2025-11-29_59,0.0,0,0,100,64.34782608695666,64.34782608695666,0.0,0.0,0.0,True,True,True,False,0.0,1023.9460967273012,0.0,0.0,0.0,0.0,1023.9460967273012
2025-11-29T13:45:00Z,2025-11-29T14:00:00Z,2025-11-29,2025-11-29_60,0.0,0,0,100,64.34782608695666,64.34782608695666,0.0,0.0,0.0,True,True,True,False,0.0,1023.9460967273012,0.0,0.0,0.0,0.0,1023.9460967273012
2025-11-29T14:00:00Z,2025-11-29T14:15:00Z,2025-11-29,2025-11-29_61,0.0,0,0,100,64.34782608695666,64.34782608695666,0.0,0.0,0.0,True,True,True,False,0.0,1023.9460967273012,0.0,0.0,0.0,0.0,1023.9460967273012
2025-11-29T14:15:00Z,2025-11-29T14:30:00Z,2025-11-29,2025-11-29_62,0.0,0,0,100,64.34782608695666,64.34782608695666,0.0,0.0,0.0,True,True,True,False,0.0,1023.9460967273012,0.0,0.0,0.0,0.0,1023.9460967273012
2025-11-29T14:30:00Z,2025-11-29T14:45:00Z,2025-11-29,2025-11-29_63,0.0,0,0,100,64.34782608695666,64.34782608695666,0.0,0.0,0.0,True,True,True,False,0.0,1023.9460967273012,0.0,0.0,0.0,0.0,1023.9460967273012
2025-11-29T14:45:00Z,2025-11-29T15:00:00Z,2025-11-29,2025-11-29_64,0.0,0,0,100,64.34782608695666,64.34782608695666,0.0,0.0,0.0,True,True,True,False,0.0,1023.9460967273012,0.0,0.0,0.0,0.0,1023.9460967273012
2025-11-29T15:00:00Z,2025-11-29T15:15:00Z,2025-11-29,2025-11-29_65,0.0,0,0,100,64.34782608695666,64.34782608695666,0.0,0.0,0.0,True,True,True,False,0.0,1023.9460967273012,0.0,0.0,0.0,0.0,1023.9460967273012
2025-11-29T15:15:00Z,2025-11-29T15:30:00Z,2025-11-29,2025-11-29_66,0.0,0,0,100,64.34782608695666,64.34782608695666,0.0,0.0,0.0,True,True,True,False,0.0,1023.9460967273012,0.0,0.0,0.0,0.0,1023.9460967273012
2025-11-29T15:30:00Z,2025-11-29T15:45:00Z,2025-11-29,2025-11-29_67,0.0,0,0,100,64.34782608695666,64.34782608695666,0.0,0.0,0.0,True,True,True,False,0.0,1023.9460967273012,0.0,0.0,0.0,0.0,1023.9460967273012
2025-11-29T15:45:00Z,2025-11-29T16:00:00Z,2025-11-29,2025-11-29_68,0.0,0,0,100,64.34782608695666,64.34782608695666,0.0,0.0,0.0,True,True,True,False,0.0,1023.9460967273012,0.0,0.0,0.0,0.0,1023.9460967273012
2025-11-29T16:00:00Z,2025-11-29T16:15:00Z,2025-11-29,2025-11-29_69,0.0,0,0,100,64.34782608695666,64.34782608695666,0.0,0.0,0.0,True,True,True,False,0.0,1023.9460967273012,0.0,0.0,0.0,0.0,1023.9460967273012
2025-11-29T16:15:00Z,2025-11-29T16:30:00Z,2025-11-29,2025-11-29_70,0.0,0,0,100,64.34782608695666,64.34782608695666,0.0,0.0,0.0,True,True,True,False,0.0,1023.9460967273012,0.0,0.0,0.0,0.0,1023.9460967273012
2025-11-29T16:30:00Z,2025-11-29T16:45:00Z,2025-11-29,2025-11-29_71,0.0,0,0,100,64.34782608695666,64.34782608695666,0.0,0.0,0.0,True,True,True,False,0.0,1023.9460967273012,0.0,0.0,0.0,0.0,1023.9460967273012
2025-11-29T16:45:00Z,2025-11-29T17:00:00Z,2025-11-29,2025-11-29_72,0.0,0,0,100,64.34782608695666,64.34782608695666,0.0,0.0,0.0,True,True,True,False,0.0,1023.9460967273012,0.0,0.0,0.0,0.0,1023.9460967273012
2025-11-29T17:00:00Z,2025-11-29T17:15:00Z,2025-11-29,2025-11-29_73,0.0,0,0,100,64.34782608695666,64.34782608695666,0.0,0.0,0.0,True,True,True,False,0.0,1023.9460967273012,0.0,0.0,0.0,0.0,1023.9460967273012
2025-11-29T17:15:00Z,2025-11-29T17:30:00Z,2025-11-29,2025-11-29_74,0.0,0,0,100,64.34782608695666,64.34782608695666,0.0,0.0,0.0,True,True,True,False,0.0,1023.9460967273012,0.0,0.0,0.0,0.0,1023.9460967273012
2025-11-29T17:30:00Z,2025-11-29T17:45:00Z,2025-11-29,2025-11-29_75,0.0,0,0,100,64.34782608695666,64.34782608695666,0.0,0.0,0.0,True,True,True,False,0.0,1023.9460967273012,0.0,0.0,0.0,0.0,1023.9460967273012
2025-11-29T17:45:00Z,2025-11-29T18:00:00Z,2025-11-29,2025-11-29_76,0.0,0,0,100,64.34782608695666,64.34782608695666,0.0,0.0,0.0,True,True,True,False,0.0,1023.9460967273012,0.0,0.0,0.0,0.0,1023.9460967273012
2025-11-29T18:00:00Z,2025-11-29T18:15:00Z,2025-11-29,2025-11-29_77,0.0,0,0,100,64.34782608695666,64.34782608695666,0.0,0.0,0.0,True,True,True,False,0.0,1023.9460967273012,0.0,0.0,0.0,0.0,1023.9460967273012
2025-11-29T18:15:00Z,2025-11-29T18:30:00Z,2025-11-29,2025-11-29_78,0.0,0,0,100,64.34782608695666,64.34782608695666,0.0,0.0,0.0,True,True,True,False,0.0,1023.9460967273012,0.0,0.0,0.0,0.0,1023.9460967273012
2025-11-29T18:30:00Z,2025-11-29T18:45:00Z,2025-11-29,2025-11-29_79,0.0,0,0,100,64.34782608695666,64.34782608695666,0.0,0.0,0.0,True,True,True,False,0.0,1023.9460967273012,0.0,0.0,0.0,0.0,1023.9460967273012
2025-11-29T18:45:00Z,2025-11-29T19:00:00Z,2025-11-29,2025-11-29_80,0.0,0,0,100,64.34782608695666,64.34782608695666,0.0,0.0,0.0,True,True,True,False,0.0,1023.9460967273012,0.0,0.0,0.0,0.0,1023.9460967273012
2025-11-29T19:00:00Z,2025-11-29T19:15:00Z,2025-11-29,2025-11-29_81,0.0,0,0,100,64.34782608695666,64.34782608695666,0.0,0.0,0.0,True,True,True,False,0.0,1023.9460967273012,0.0,0.0,0.0,0.0,1023.9460967273012
2025-11-29T19:15:00Z,2025-11-29T19:30:00Z,2025-11-29,2025-11-29_82,0.0,0,0,100,64.34782608695666,64.34782608695666,0.0,0.0,0.0,True,True,True,False,0.0,1023.9460967273012,0.0,0.0,0.0,0.0,1023.9460967273012
2025-11-29T19:30:00Z,2025-11-29T19:45:00Z,2025-11-29,2025-11-29_83,0.0,0,0,100,64.34782608695666,64.34782608695666,0.0,0.0,0.0,True,True,True,False,0.0,1023.9460967273012,0.0,0.0,0.0,0.0,1023.9460967273012
2025-11-29T19:45:00Z,2025-11-29T20:00:00Z,2025-11-29,2025-11-29_84,0.0,0,0,100,64.34782608695666,64.34782608695666,0.0,0.0,0.0,True,True,True,False,0.0,1023.9460967273012,0.0,0.0,0.0,0.0,1023.9460967273012
2025-11-29T20:00:00Z,2025-11-29T20:15:00Z,2025-11-29,2025-11-29_85,0.0,0,0,100,64.34782608695666,64.34782608695666,0.0,0.0,0.0,True,True,True,False,0.0,1023.9460967273012,0.0,0.0,0.0,0.0,1023.9460967273012
2025-11-29T20:15:00Z,2025-11-29T20:30:00Z,2025-11-29,2025-11-29_86,0.0,0,0,100,64.34782608695666,64.34782608695666,0.0,0.0,0.0,True,True,True,False,0.0,1023.9460967273012,0.0,0.0,0.0,0.0,1023.9460967273012
2025-11-29T20:30:00Z,2025-11-29T20:45:00Z,2025-11-29,2025-11-29_87,0.0,0,0,100,64.34782608695666,64.34782608695666,0.0,0.0,0.0,True,True,True,False,0.0,1023.9460967273012,0.0,0.0,0.0,0.0,1023.9460967273012
2025-11-29T20:45:00Z,2025-11-29T21:00:00Z,2025-11-29,2025-11-29_88,0.0,0,0,100,64.34782608695666,64.34782608695666,0.0,0.0,0.0,True,True,True,False,0.0,1023.9460967273012,0.0,0.0,0.0,0.0,1023.9460967273012
2025-11-29T21:00:00Z,2025-11-29T21:15:00Z,2025-11-29,2025-11-29_89,0.0,0,0,100,64.34782608695666,64.34782608695666,0.0,0.0,0.0,True,True,True,False,0.0,1023.9460967273012,0.0,0.0,0.0,0.0,1023.9460967273012
2025-11-29T21:15:00Z,2025-11-29T21:30:00Z,2025-11-29,2025-11-29_90,0.0,0,0,100,64.34782608695666,64.34782608695666,0.0,0.0,0.0,True,True,True,False,0.0,1023.9460967273012,0.0,0.0,0.0,0.0,1023.9460967273012
2025-11-29T21:30:00Z,2025-11-29T21:45:00Z,2025-11-29,2025-11-29_91,0.0,0,0,100,64.34782608695666,64.34782608695666,0.0,0.0,0.0,True,True,True,False,0.0,1023.9460967273012,0.0,0.0,0.0,0.0,1023.9460967273012
2025-11-29T21:45:00Z,2025-11-29T22:00:00Z,2025-11-29,2025-11-29_92,0.0,0,0,100,64.34782608695666,64.34782608695666,0.0,0.0,0.0,True,True,True,False,0.0,1023.9460967273012,0.0,0.0,0.0,0.0,1023.9460967273012
2025-11-29T22:00:00Z,2025-11-29T22:15:00Z,2025-11-30,2025-11-29_93,6.020934105983054e-13,0,0,100,64.34782608695666,64.34782608695649,4.544787217680446e-16,0.0,0.0,True,True,True,False,1.8722094602554306e-11,1023.9460967273012,0.0,0.0,0.0,0.0,1023.94609672732
2025-11-29T22:15:00Z,2025-11-29T22:30:00Z,2025-11-30,2025-11-29_94,-1.563194018672225e-13,0,0,100,64.34782608695649,64.34782608695652,9.98707289707255e-17,0.0,0.0,True,True,True,False,-4.1502801195747575e-12,1023.9460967273012,0.0,0.0,0.0,0.0,1023.946096727297
2025-11-29T22:30:00Z,2025-11-29T22:45:00Z,2025-11-30,2025-11-29_95,3.4106051316484784e-13,0,0,100,64.34782608695652,64.34782608695642,2.5744302020293466e-16,0.0,0.0,True,True,True,False,8.03709099272964e-12,1023.9460967273012,0.0,0.0,0.0,0.0,1023.9460967273093
2025-11-29T22:45:00Z,2025-11-29T23:00:00Z,2025-11-30,2025-11-29_96,9.180972741616989e-14,0,0,100,64.34782608695642,64.34782608695639,6.930082081534563e-17,0.0,0.0,True,True,True,False,1.921348070501895e-12,1023.9460967273012,0.0,0.0,0.0,0.0,1023.9460967273031
2025-11-29T23:00:00Z,2025-11-29T23:15:00Z,2025-11-30,2025-11-30_1,0.0,0,0,100,64.34782608695639,64.34782608695639,0.0,0.0,0.0,True,False,True,False,0.0,1023.9460967273012,0.0,0.0,0.0,0.0,1023.9460967273012
2025-11-29T23:15:00Z,2025-11-29T23:30:00Z,2025-11-30,2025-11-30_2,0.0,0,0,100,64.34782608695639,64.34782608695639,0.0,0.0,0.0,True,False,True,False,0.0,1023.9460967273012,0.0,0.0,0.0,0.0,1023.9460967273012
2025-11-29T23:30:00Z,2025-11-29T23:45:00Z,2025-11-30,2025-11-30_3,0.0,0,0,100,64.34782608695639,64.34782608695639,0.0,0.0,0.0,True,False,True,False,0.0,1023.9460967273012,0.0,0.0,0.0,0.0,1023.9460967273012
2025-11-29T23:45:00Z,2025-11-30T00:00:00Z,2025-11-30,2025-11-30_4,0.0,0,0,100,64.34782608695639,64.34782608695639,0.0,0.0,0.0,True,False,True,False,0.0,1023.9460967273012,0.0,0.0,0.0,0.0,1023.9460967273012
2025-11-30T00:00:00Z,2025-11-30T00:15:00Z,2025-11-30,2025-11-30_5,0.0,0,0,100,64.34782608695639,64.34782608695639,0.0,0.0,0.0,True,True,True,False,0.0,1023.9460967273012,0.0,0.0,0.0,0.0,1023.9460967273012
2025-11-30T00:15:00Z,2025-11-30T00:30:00Z,2025-11-30,2025-11-30_6,-3.0791917621832546e-13,0,0,100,64.34782608695639,64.34782608695646,1.9672614036170793e-16,0.0,0.0,True,True,True,False,-7.172207412065346e-12,1023.9460967273012,0.0,0.0,0.0,0.0,1023.946096727294
2025-11-30T00:30:00Z,2025-11-30T00:45:00Z,2025-11-30,2025-11-30_7,0.0,0,0,100,64.34782608695646,64.34782608695646,0.0,0.0,0.0,True,True,True,False,0.0,1023.9460967273012,0.0,0.0,0.0,0.0,1023.9460967273012
2025-11-30T00:45:00Z,2025-11-30T01:00:00Z,2025-11-30,2025-11-30_8,0.0,0,0,100,64.34782608695646,64.34782608695646,0.0,0.0,0.0,True,True,True,False,0.0,1023.9460967273012,0.0,0.0,0.0,0.0,1023.9460967273012
2025-11-30T01:00:00Z,2025-11-30T01:15:00Z,2025-11-30,2025-11-30_9,0.0,0,0,100,64.34782608695646,64.34782608695646,0.0,0.0,0.0,True,True,True,False,0.0,1023.9460967273012,0.0,0.0,0.0,0.0,1023.9460967273012
2025-11-30T01:15:00Z,2025-11-30T01:30:00Z,2025-11-30,2025-11-30_10,-1.6863481447601474e-13,0,0,100,64.34782608695646,64.3478260869565,1.0773890924856497e-16,0.0,0.0,True,True,True,False,-3.6260700982705073e-12,1023.9460967273012,0.0,0.0,0.0,0.0,1023.9460967272976
2025-11-30T01:30:00Z,2025-11-30T01:45:00Z,2025-11-30,2025-11-30_11,0.0,0,0,100,64.3478260869565,64.3478260869565,0.0,0.0,0.0,True,True,True,False,0.0,1023.9460967273012,0.0,0.0,0.0,0.0,1023.9460967273012
2025-11-30T01:45:00Z,2025-11-30T02:00:00Z,2025-11-30,2025-11-30_12,0.0,0,0,100,64.3478260869565,64.3478260869565,0.0,0.0,0.0,True,True,True,False,0.0,1023.9460967273012,0.0,0.0,0.0,0.0,1023.9460967273012
2025-11-30T02:00:00Z,2025-11-30T02:15:00Z,2025-11-30,2025-11-30_13,0.0,0,0,100,64.3478260869565,64.3478260869565,0.0,0.0,0.0,True,True,True,False,0.0,1023.9460967273012,0.0,0.0,0.0,0.0,1023.9460967273012
2025-11-30T02:15:00Z,2025-11-30T02:30:00Z,2025-11-30,2025-11-30_14,0.0,0,0,100,64.3478260869565,64.3478260869565,0.0,0.0,0.0,True,True,True,False,0.0,1023.9460967273012,0.0,0.0,0.0,0.0,1023.9460967273012
2025-11-30T02:30:00Z,2025-11-30T02:45:00Z,2025-11-30,2025-11-30_15,0.0,0,0,100,64.3478260869565,64.3478260869565,0.0,0.0,0.0,True,True,True,False,0.0,1023.9460967273012,0.0,0.0,0.0,0.0,1023.9460967273012
2025-11-30T02:45:00Z,2025-11-30T03:00:00Z,2025-11-30,2025-11-30_16,0.0,0,0,100,64.3478260869565,64.3478260869565,0.0,0.0,0.0,True,True,True,False,0.0,1023.9460967273012,0.0,0.0,0.0,0.0,1023.9460967273012
2025-11-30T03:00:00Z,2025-11-30T03:15:00Z,2025-11-30,2025-11-30_17,0.0,0,0,100,64.3478260869565,64.3478260869565,0.0,0.0,0.0,True,False,True,False,0.0,1023.9460967273012,0.0,0.0,0.0,0.0,1023.9460967273012
2025-11-30T03:15:00Z,2025-11-30T03:30:00Z,2025-11-30,2025-11-30_18,0.0,0,0,100,64.3478260869565,64.3478260869565,0.0,0.0,0.0,True,False,True,False,0.0,1023.9460967273012,0.0,0.0,0.0,0.0,1023.9460967273012
2025-11-30T03:30:00Z,2025-11-30T03:45:00Z,2025-11-30,2025-11-30_19,0.0,0,0,100,64.3478260869565,64.3478260869565,0.0,0.0,0.0,True,False,True,False,0.0,1023.9460967273012,0.0,0.0,0.0,0.0,1023.9460967273012
2025-11-30T03:45:00Z,2025-11-30T04:00:00Z,2025-11-30,2025-11-30_20,0.0,0,0,100,64.3478260869565,64.3478260869565,0.0,0.0,0.0,True,False,True,False,0.0,1023.9460967273012,0.0,0.0,0.0,0.0,1023.9460967273012
2025-11-30T04:00:00Z,2025-11-30T04:15:00Z,2025-11-30,2025-11-30_21,0.0,0,0,100,64.3478260869565,64.3478260869565,0.0,0.0,0.0,True,True,True,False,0.0,1023.9460967273012,0.0,0.0,0.0,0.0,1023.9460967273012
2025-11-30T04:15:00Z,2025-11-30T04:30:00Z,2025-11-30,2025-11-30_22,1.7863132055574082e-12,0,0,100,64.3478260869565,64.34782608695602,1.3483644365620531e-15,0.0,0.0,True,True,True,False,3.976333195570791e-11,1023.9460967273012,0.0,0.0,0.0,0.0,1023.946096727341
2025-11-30T04:30:00Z,2025-11-30T04:45:00Z,2025-11-30,2025-11-30_23,0.0,0,0,100,64.34782608695602,64.34782608695602,0.0,0.0,0.0,True,True,True,False,0.0,1023.9460967273012,0.0,0.0,0.0,0.0,1023.9460967273012
2025-11-30T04:45:00Z,2025-11-30T05:00:00Z,2025-11-30,2025-11-30_24,0.0,0,0,100,64.34782608695602,64.34782608695602,0.0,0.0,0.0,True,True,True,False,0.0,1023.9460967273012,0.0,0.0,0.0,0.0,1023.9460967273012
2025-11-30T05:00:00Z,2025-11-30T05:15:00Z,2025-11-30,2025-11-30_25,0.0,0,0,100,64.34782608695602,64.34782608695602,0.0,0.0,0.0,True,True,True,False,0.0,1023.9460967273012,0.0,0.0,0.0,0.0,1023.9460967273012
2025-11-30T05:15:00Z,2025-11-30T05:30:00Z,2025-11-30,2025-11-30_26,-1.6548520470996774e-13,0,0,100,64.34782608695602,64.34782608695605,1.0572665856470161e-16,0.0,0.0,True,True,True,False,-3.767270685222416e-12,1023.9460967273012,0.0,0.0,0.0,0.0,1023.9460967272975
2025-11-30T05:30:00Z,2025-11-30T05:45:00Z,2025-11-30,2025-11-30_27,0.0,0,0,100,64.34782608695605,64.34782608695605,0.0,0.0,0.0,True,True,True,False,0.0,1023.9460967273012,0.0,0.0,0.0,0.0,1023.9460967273012
2025-11-30T05:45:00Z,2025-11-30T06:00:00Z,2025-11-30,2025-11-30_28,0.0,0,0,100,64.34782608695605,64.34782608695605,0.0,0.0,0.0,True,True,True,False,0.0,1023.9460967273012,0.0,0.0,0.0,0.0,1023.9460967273012
2025-11-30T06:00:00Z,2025-11-30T06:15:00Z,2025-11-30,2025-11-30_29,0.0,0,0,100,64.34782608695605,64.34782608695605,0.0,0.0,0.0,True,True,True,False,0.0,1023.9460967273012,0.0,0.0,0.0,0.0,1023.9460967273012
2025-11-30T06:15:00Z,2025-11-30T06:30:00Z,2025-11-30,2025-11-30_30,0.0,0,0,100,64.34782608695605,64.34782608695605,0.0,0.0,0.0,True,True,True,False,0.0,1023.9460967273012,0.0,0.0,0.0,0.0,1023.9460967273012
2025-11-30T06:30:00Z,2025-11-30T06:45:00Z,2025-11-30,2025-11-30_31,0.0,0,0,100,64.34782608695605,64.34782608695605,0.0,0.0,0.0,True,True,True,False,0.0,1023.9460967273012,0.0,0.0,0.0,0.0,1023.9460967273012
2025-11-30T06:45:00Z,2025-11-30T07:00:00Z,2025-11-30,2025-11-30_32,0.0,0,0,100,64.34782608695605,64.34782608695605,0.0,0.0,0.0,True,True,True,False,0.0,1023.9460967273012,0.0,0.0,0.0,0.0,1023.9460967273012
2025-11-30T07:00:00Z,2025-11-30T07:15:00Z,2025-11-30,2025-11-30_33,1.6244970284824428e-13,0,0,100,64.34782608695605,64.347826086956,1.226220583093631e-16,0.0,0.0,True,True,True,False,3.907321477757395e-12,1023.9460967273012,0.0,0.0,0.0,0.0,1023.9460967273051
2025-11-30T07:15:00Z,2025-11-30T07:30:00Z,2025-11-30,2025-11-30_34,0.0,0,0,100,64.347826086956,64.347826086956,0.0,0.0,0.0,True,True,True,False,0.0,1023.9460967273012,0.0,0.0,0.0,0.0,1023.9460967273012
2025-11-30T07:30:00Z,2025-11-30T07:45:00Z,2025-11-30,2025-11-30_35,0.0,0,0,100,64.347826086956,64.347826086956,0.0,0.0,0.0,True,True,True,False,0.0,1023.9460967273012,0.0,0.0,0.0,0.0,1023.9460967273012
2025-11-30T07:45:00Z,2025-11-30T08:00:00Z,2025-11-30,2025-11-30_36,0.0,0,0,100,64.347826086956,64.347826086956,0.0,0.0,0.0,True,True,True,False,0.0,1023.9460967273012,0.0,0.0,0.0,0.0,1023.9460967273012
2025-11-30T08:00:00Z,2025-11-30T08:15:00Z,2025-11-30,2025-11-30_37,0.0,0,0,100,64.347826086956,64.347826086956,0.0,0.0,0.0,True,True,True,False,0.0,1023.9460967273012,0.0,0.0,0.0,0.0,1023.9460967273012
2025-11-30T08:15:00Z,2025-11-30T08:30:00Z,2025-11-30,2025-11-30_38,0.0,0,0,100,64.347826086956,64.347826086956,0.0,0.0,0.0,True,True,True,False,0.0,1023.9460967273012,0.0,0.0,0.0,0.0,1023.9460967273012
2025-11-30T08:30:00Z,2025-11-30T08:45:00Z,2025-11-30,2025-11-30_39,0.0,0,0,100,64.347826086956,64.347826086956,0.0,0.0,0.0,True,True,True,False,0.0,1023.9460967273012,0.0,0.0,0.0,0.0,1023.9460967273012
2025-11-30T08:45:00Z,2025-11-30T09:00:00Z,2025-11-30,2025-11-30_40,0.0,0,0,100,64.347826086956,64.347826086956,0.0,0.0,0.0,True,True,True,False,0.0,1023.9460967273012,0.0,0.0,0.0,0.0,1023.9460967273012
2025-11-30T09:00:00Z,2025-11-30T09:15:00Z,2025-11-30,2025-11-30_41,0.0,0,0,100,64.347826086956,64.347826086956,0.0,0.0,0.0,True,True,True,False,0.0,1023.9460967273012,0.0,0.0,0.0,0.0,1023.9460967273012
2025-11-30T09:15:00Z,2025-11-30T09:30:00Z,2025-11-30,2025-11-30_42,0.0,0,0,100,64.347826086956,64.347826086956,0.0,0.0,0.0,True,True,True,False,0.0,1023.9460967273012,0.0,0.0,0.0,0.0,1023.9460967273012
2025-11-30T09:30:00Z,2025-11-30T09:45:00Z,2025-11-30,2025-11-30_43,0.0,0,0,100,64.347826086956,64.347826086956,0.0,0.0,0.0,True,True,True,False,0.0,1023.9460967273012,0.0,0.0,0.0,0.0,1023.9460967273012
2025-11-30T09:45:00Z,2025-11-30T10:00:00Z,2025-11-30,2025-11-30_44,-6.299972349850068e-13,0,0,100,64.347826086956,64.34782608695615,4.024982334626432e-16,0.0,0.0,True,True,True,False,-1.3540215572915258e-11,1023.9460967273012,0.0,0.0,0.0,0.0,1023.9460967272877
2025-11-30T10:00:00Z,2025-11-30T10:15:00Z,2025-11-30,2025-11-30_45,0.0,0,0,100,64.34782608695615,64.34782608695615,0.0,0.0,0.0,True,True,True,False,0.0,1023.9460967273012,0.0,0.0,0.0,0.0,1023.9460967273012
2025-11-30T10:15:00Z,2025-11-30T10:30:00Z,2025-11-30,2025-11-30_46,0.0,0,0,100,64.34782608695615,64.34782608695615,0.0,0.0,0.0,True,True,True,False,0.0,1023.9460967273012,0.0,0.0,0.0,0.0,1023.9460967273012
2025-11-30T10:30:00Z,2025-11-30T10:45:00Z,2025-11-30,2025-11-30_47,0.0,0,0,100,64.34782608695615,64.34782608695615,0.0,0.0,0.0,True,True,True,False,0.0,1023.9460967273012,0.0,0.0,0.0,0.0,1023.9460967273012
2025-11-30T10:45:00Z,2025-11-30T11:00:00Z,2025-11-30,2025-11-30_48,0.0,0,0,100,64.34782608695615,64.34782608695615,0.0,0.0,0.0,True,True,True,False,0.0,1023.9460967273012,0.0,0.0,0.0,0.0,1023.9460967273012
2025-11-30T11:00:00Z,2025-11-30T11:15:00Z,2025-11-30,2025-11-30_49,0.0,0,0,100,64.34782608695615,64.34782608695615,0.0,0.0,0.0,True,True,True,False,0.0,1023.9460967273012,0.0,0.0,0.0,0.0,1023.9460967273012
2025-11-30T11:15:00Z,2025-11-30T11:30:00Z,2025-11-30,2025-11-30_50,0.0,0,0,100,64.34782608695615,64.34782608695615,0.0,0.0,0.0,True,True,True,False,0.0,1023.9460967273012,0.0,0.0,0.0,0.0,1023.9460967273012
2025-11-30T11:30:00Z,2025-11-30T11:45:00Z,2025-11-30,2025-11-30_51,-3.5439415589891044e-13,0,0,100,64.34782608695615,64.34782608695623,2.2641848849097054e-16,0.0,0.0,True,True,True,False,-7.307607494635534e-12,1023.9460967273012,0.0,0.0,0.0,0.0,1023.9460967272939
2025-11-30T11:45:00Z,2025-11-30T12:00:00Z,2025-11-30,2025-11-30_52,0.0,0,0,100,64.34782608695623,64.34782608695623,0.0,0.0,0.0,True,True,True,False,0.0,1023.9460967273012,0.0,0.0,0.0,0.0,1023.9460967273012
2025-11-30T12:00:00Z,2025-11-30T12:15:00Z,2025-11-30,2025-11-30_53,0.0,0,0,100,64.34782608695623,64.34782608695623,0.0,0.0,0.0,True,True,True,False,0.0,1023.9460967273012,0.0,0.0,0.0,0.0,1023.9460967273012
2025-11-30T12:15:00Z,2025-11-30T12:30:00Z,2025-11-30,2025-11-30_54,0.0,0,0,100,64.34782608695623,64.34782608695623,0.0,0.0,0.0,True,True,True,False,0.0,1023.9460967273012,0.0,0.0,0.0,0.0,1023.9460967273012
2025-11-30T12:30:00Z,2025-11-30T12:45:00Z,2025-11-30,2025-11-30_55,-2.273736754432319e-13,0,0,100,64.34782608695623,64.34782608695629,1.4526651486650928e-16,0.0,0.0,True,True,True,False,-5.239257916400672e-12,1023.9460967273012,0.0,0.0,0.0,0.0,1023.946096727296
2025-11-30T12:45:00Z,2025-11-30T13:00:00Z,2025-11-30,2025-11-30_56,0.0,0,0,100,64.34782608695629,64.34782608695629,0.0,0.0,0.0,True,True,True,False,0.0,1023.9460967273012,0.0,0.0,0.0,0.0,1023.9460967273012
2025-11-30T13:00:00Z,2025-11-30T13:15:00Z,2025-11-30,2025-11-30_57,0.0,0,0,100,64.34782608695629,64.34782608695629,0.0,0.0,0.0,True,True,True,False,0.0,1023.9460967273012,0.0,0.0,0.0,0.0,1023.9460967273012
2025-11-30T13:15:00Z,2025-11-30T13:30:00Z,2025-11-30,2025-11-30_58,0.0,0,0,100,64.34782608695629,64.34782608695629,0.0,0.0,0.0,True,True,True,False,0.0,1023.9460967273012,0.0,0.0,0.0,0.0,1023.9460967273012
2025-11-30T13:30:00Z,2025-11-30T13:45:00Z,2025-11-30,2025-11-30_59,0.0,0,0,100,64.34782608695629,64.34782608695629,0.0,0.0,0.0,True,True,True,False,0.0,1023.9460967273012,0.0,0.0,0.0,0.0,1023.9460967273012
2025-11-30T13:45:00Z,2025-11-30T14:00:00Z,2025-11-30,2025-11-30_60,0.0,0,0,100,64.34782608695629,64.34782608695629,0.0,0.0,0.0,True,True,True,False,0.0,1023.9460967273012,0.0,0.0,0.0,0.0,1023.9460967273012
2025-11-30T14:00:00Z,2025-11-30T14:15:00Z,2025-11-30,2025-11-30_61,0.0,0,0,100,64.34782608695629,64.34782608695629,0.0,0.0,0.0,True,True,True,False,0.0,1023.9460967273012,0.0,0.0,0.0,0.0,1023.9460967273012
2025-11-30T14:15:00Z,2025-11-30T14:30:00Z,2025-11-30,2025-11-30_62,0.0,0,0,100,64.34782608695629,64.34782608695629,0.0,0.0,0.0,True,True,True,False,0.0,1023.9460967273012,0.0,0.0,0.0,0.0,1023.9460967273012
2025-11-30T14:30:00Z,2025-11-30T14:45:00Z,2025-11-30,2025-11-30_63,0.0,0,0,100,64.34782608695629,64.34782608695629,0.0,0.0,0.0,True,True,True,False,0.0,1023.9460967273012,0.0,0.0,0.0,0.0,1023.9460967273012
2025-11-30T14:45:00Z,2025-11-30T15:00:00Z,2025-11-30,2025-11-30_64,0.0,0,0,100,64.34782608695629,64.34782608695629,0.0,0.0,0.0,True,True,True,False,0.0,1023.9460967273012,0.0,0.0,0.0,0.0,1023.9460967273012
2025-11-30T15:00:00Z,2025-11-30T15:15:00Z,2025-11-30,2025-11-30_65,0.0,0,0,100,64.34782608695629,64.34782608695629,0.0,0.0,0.0,True,True,True,False,0.0,1023.9460967273012,0.0,0.0,0.0,0.0,1023.9460967273012
2025-11-30T15:15:00Z,2025-11-30T15:30:00Z,2025-11-30,2025-11-30_66,0.0,0,0,100,64.34782608695629,64.34782608695629,0.0,0.0,0.0,True,True,True,False,0.0,1023.9460967273012,0.0,0.0,0.0,0.0,1023.9460967273012
2025-11-30T15:30:00Z,2025-11-30T15:45:00Z,2025-11-30,2025-11-30_67,0.0,0,0,100,64.34782608695629,64.34782608695629,0.0,0.0,0.0,True,True,True,False,0.0,1023.9460967273012,0.0,0.0,0.0,0.0,1023.9460967273012
2025-11-30T15:45:00Z,2025-11-30T16:00:00Z,2025-11-30,2025-11-30_68,0.0,0,0,100,64.34782608695629,64.34782608695629,0.0,0.0,0.0,True,True,True,False,0.0,1023.9460967273012,0.0,0.0,0.0,0.0,1023.9460967273012
2025-11-30T16:00:00Z,2025-11-30T16:15:00Z,2025-11-30,2025-11-30_69,0.0,0,0,100,64.34782608695629,64.34782608695629,0.0,0.0,0.0,True,True,True,False,0.0,1023.9460967273012,0.0,0.0,0.0,0.0,1023.9460967273012
2025-11-30T16:15:00Z,2025-11-30T16:30:00Z,2025-11-30,2025-11-30_70,0.0,0,0,100,64.34782608695629,64.34782608695629,0.0,0.0,0.0,True,True,True,False,0.0,1023.9460967273012,0.0,0.0,0.0,0.0,1023.9460967273012
2025-11-30T16:30:00Z,2025-11-30T16:45:00Z,2025-11-30,2025-11-30_71,-1.3227366447579147e-12,0,0,100,64.34782608695629,64.34782608695659,8.450817452620012e-16,0.0,0.0,True,True,True,False,-4.243008472222201e-11,1023.9460967273012,0.0,0.0,0.0,0.0,1023.9460967272588
2025-11-30T16:45:00Z,2025-11-30T17:00:00Z,2025-11-30,2025-11-30_72,0.0,0,0,100,64.34782608695659,64.34782608695659,0.0,0.0,0.0,True,True,True,False,0.0,1023.9460967273012,0.0,0.0,0.0,0.0,1023.9460967273012
2025-11-30T17:00:00Z,2025-11-30T17:15:00Z,2025-11-30,2025-11-30_73,0.0,0,0,100,64.34782608695659,64.34782608695659,0.0,0.0,0.0,True,True,True,False,0.0,1023.9460967273012,0.0,0.0,0.0,0.0,1023.9460967273012
2025-11-30T17:15:00Z,2025-11-30T17:30:00Z,2025-11-30,2025-11-30_74,0.0,0,0,100,64.34782608695659,64.34782608695659,0.0,0.0,0.0,True,True,True,False,0.0,1023.9460967273012,0.0,0.0,0.0,0.0,1023.9460967273012
2025-11-30T17:30:00Z,2025-11-30T17:45:00Z,2025-11-30,2025-11-30_75,0.0,0,0,100,64.34782608695659,64.34782608695659,0.0,0.0,0.0,True,True,True,False,0.0,1023.9460967273012,0.0,0.0,0.0,0.0,1023.9460967273012
2025-11-30T17:45:00Z,2025-11-30T18:00:00Z,2025-11-30,2025-11-30_76,0.0,0,0,100,64.34782608695659,64.34782608695659,0.0,0.0,0.0,True,True,True,False,0.0,1023.9460967273012,0.0,0.0,0.0,0.0,1023.9460967273012
2025-11-30T18:00:00Z,2025-11-30T18:15:00Z,2025-11-30,2025-11-30_77,0.0,0,0,100,64.34782608695659,64.34782608695659,0.0,0.0,0.0,True,True,True,False,0.0,1023.9460967273012,0.0,0.0,0.0,0.0,1023.9460967273012
2025-11-30T18:15:00Z,2025-11-30T18:30:00Z,2025-11-30,2025-11-30_78,0.0,0,0,100,64.34782608695659,64.34782608695659,0.0,0.0,0.0,True,True,True,False,0.0,1023.9460967273012,0.0,0.0,0.0,0.0,1023.9460967273012
2025-11-30T18:30:00Z,2025-11-30T18:45:00Z,2025-11-30,2025-11-30_79,0.0,0,0,100,64.34782608695659,64.34782608695659,0.0,0.0,0.0,True,True,True,False,0.0,1023.9460967273012,0.0,0.0,0.0,0.0,1023.9460967273012
2025-11-30T18:45:00Z,2025-11-30T19:00:00Z,2025-11-30,2025-11-30_80,0.0,0,0,100,64.34782608695659,64.34782608695659,0.0,0.0,0.0,True,True,True,False,0.0,1023.9460967273012,0.0,0.0,0.0,0.0,1023.9460967273012
2025-11-30T19:00:00Z,2025-11-30T19:15:00Z,2025-11-30,2025-11-30_81,-3.340611319649179e-13,0,0,100,64.34782608695659,64.34782608695666,2.134279454220309e-16,0.0,0.0,True,True,True,False,-1.1331353596250016e-11,1023.9460967273012,0.0,0.0,0.0,0.0,1023.9460967272898
2025-11-30T19:15:00Z,2025-11-30T19:30:00Z,2025-11-30,2025-11-30_82,0.0,0,0,100,64.34782608695666,64.34782608695666,0.0,0.0,0.0,True,True,True,False,0.0,1023.9460967273012,0.0,0.0,0.0,0.0,1023.9460967273012
2025-11-30T19:30:00Z,2025-11-30T19:45:00Z,2025-11-30,2025-11-30_83,0.0,0,0,100,64.34782608695666,64.34782608695666,0.0,0.0,0.0,True,True,True,False,0.0,1023.9460967273012,0.0,0.0,0.0,0.0,1023.9460967273012
2025-11-30T19:45:00Z,2025-11-30T20:00:00Z,2025-11-30,2025-11-30_84,0.0,0,0,100,64.34782608695666,64.34782608695666,0.0,0.0,0.0,True,True,True,False,0.0,1023.9460967273012,0.0,0.0,0.0,0.0,1023.9460967273012
2025-11-30T20:00:00Z,2025-11-30T20:15:00Z,2025-11-30,2025-11-30_85,3.6246423376741865e-13,0,0,100,64.34782608695666,64.34782608695656,2.735992102713003e-16,0.0,0.0,True,True,True,False,1.1823583305493195e-11,1023.9460967273012,0.0,0.0,0.0,0.0,1023.946096727313
2025-11-30T20:15:00Z,2025-11-30T20:30:00Z,2025-11-30,2025-11-30_86,0.0,0,0,100,64.34782608695656,64.34782608695656,0.0,0.0,0.0,True,True,True,False,0.0,1023.9460967273012,0.0,0.0,0.0,0.0,1023.9460967273012
2025-11-30T20:30:00Z,2025-11-30T20:45:00Z,2025-11-30,2025-11-30_87,0.0,0,0,100,64.34782608695656,64.34782608695656,0.0,0.0,0.0,True,True,True,False,0.0,1023.9460967273012,0.0,0.0,0.0,0.0,1023.9460967273012
2025-11-30T20:45:00Z,2025-11-30T21:00:00Z,2025-11-30,2025-11-30_88,1.248173545809479e-12,0,0,100,64.34782608695656,64.34782608695622,9.421599832499084e-16,0.0,0.0,True,True,True,False,3.421243689063782e-11,1023.9460967273012,0.0,0.0,0.0,0.0,1023.9460967273354
2025-11-30T21:00:00Z,2025-11-30T21:15:00Z,2025-11-30,2025-11-30_89,0.0,0,0,100,64.34782608695622,64.34782608695622,0.0,0.0,0.0,True,True,True,False,0.0,1023.9460967273012,0.0,0.0,0.0,0.0,1023.9460967273012
2025-11-30T21:15:00Z,2025-11-30T21:30:00Z,2025-11-30,2025-11-30_90,0.0,0,0,100,64.34782608695622,64.34782608695622,0.0,0.0,0.0,True,True,True,False,0.0,1023.9460967273012,0.0,0.0,0.0,0.0,1023.9460967273012
2025-11-30T21:30:00Z,2025-11-30T21:45:00Z,2025-11-30,2025-11-30_91,0.0,0,0,100,64.34782608695622,64.34782608695622,0.0,0.0,0.0,True,True,True,False,0.0,1023.9460967273012,0.0,0.0,0.0,0.0,1023.9460967273012
2025-11-30T21:45:00Z,2025-11-30T22:00:00Z,2025-11-30,2025-11-30_92,2.345960773272776e-12,0,0,100,64.34782608695622,64.34782608695558,1.770803723786818e-15,0.0,0.0,True,True,True,False,6.205652735499811e-11,1023.9460967273012,0.0,0.0,0.0,0.0,1023.9460967273633
2025-11-30T22:00:00Z,2025-11-30T22:15:00Z,2025-12-01,2025-11-30_93,0.0,0,0,100,64.34782608695558,64.34782608695558,0.0,0.0,0.0,True,True,True,False,0.0,1023.9460967273012,0.0,0.0,0.0,0.0,1023.9460967273012
2025-11-30T22:15:00Z,2025-11-30T22:30:00Z,2025-12-01,2025-11-30_94,0.0,0,0,100,64.34782608695558,64.34782608695558,0.0,0.0,0.0,True,True,True,False,0.0,1023.9460967273012,0.0,0.0,0.0,0.0,1023.9460967273012
2025-11-30T22:30:00Z,2025-11-30T22:45:00Z,2025-12-01,2025-11-30_95,0.0,0,0,100,64.34782608695558,64.34782608695558,0.0,0.0,0.0,True,True,True,False,0.0,1023.9460967273012,0.0,0.0,0.0,0.0,1023.9460967273012
2025-11-30T22:45:00Z,2025-11-30T23:00:00Z,2025-12-01,2025-11-30_96,0.0,0,0,100,64.34782608695558,64.34782608695558,0.0,0.0,0.0,True,True,True,False,0.0,1023.9460967273012,0.0,0.0,0.0,0.0,1023.9460967273012
2025-11-30T23:00:00Z,2025-11-30T23:15:00Z,2025-12-01,2025-12-01_1,0.0,0,0,100,64.34782608695558,64.34782608695558,0.0,0.0,0.0,True,True,True,False,0.0,1023.9460967273012,0.0,0.0,0.0,0.0,1023.9460967273012
2025-11-30T23:15:00Z,2025-11-30T23:30:00Z,2025-12-01,2025-12-01_2,0.0,0,0,100,64.34782608695558,64.34782608695558,0.0,0.0,0.0,True,True,True,False,0.0,1023.9460967273012,0.0,0.0,0.0,0.0,1023.9460967273012
2025-11-30T23:30:00Z,2025-11-30T23:45:00Z,2025-12-01,2025-12-01_3,0.0,0,0,100,64.34782608695558,64.34782608695558,0.0,0.0,0.0,True,True,True,False,0.0,1023.9460967273012,0.0,0.0,0.0,0.0,1023.9460967273012
2025-11-30T23:45:00Z,2025-12-01T00:00:00Z,2025-12-01,2025-12-01_4,0.0,0,0,100,64.34782608695558,64.34782608695558,0.0,0.0,0.0,True,True,True,False,0.0,1023.9460967273012,0.0,0.0,0.0,0.0,1023.9460967273012
2025-12-01T00:00:00Z,2025-12-01T00:15:00Z,2025-12-01,2025-12-01_5,0.0,0,0,100,64.34782608695558,64.34782608695558,0.0,0.0,0.0,True,False,True,False,0.0,1023.9460967273012,0.0,0.0,0.0,0.0,1023.9460967273012
2025-12-01T00:15:00Z,2025-12-01T00:30:00Z,2025-12-01,2025-12-01_6,0.0,0,0,100,64.34782608695558,64.34782608695558,0.0,0.0,0.0,True,False,True,False,0.0,1023.9460967273012,0.0,0.0,0.0,0.0,1023.9460967273012
2025-12-01T00:30:00Z,2025-12-01T00:45:00Z,2025-12-01,2025-12-01_7,0.0,0,0,100,64.34782608695558,64.34782608695558,0.0,0.0,0.0,True,False,True,False,0.0,1023.9460967273012,0.0,0.0,0.0,0.0,1023.9460967273012
2025-12-01T00:45:00Z,2025-12-01T01:00:00Z,2025-12-01,2025-12-01_8,0.0,0,0,100,64.34782608695558,64.34782608695558,0.0,0.0,0.0,True,False,True,False,0.0,1023.9460967273012,0.0,0.0,0.0,0.0,1023.9460967273012
2025-12-01T01:00:00Z,2025-12-01T01:15:00Z,2025-12-01,2025-12-01_9,0.0,0,0,100,64.34782608695558,64.34782608695558,0.0,0.0,0.0,True,True,True,False,0.0,1023.9460967273012,0.0,0.0,0.0,0.0,1023.9460967273012
2025-12-01T01:15:00Z,2025-12-01T01:30:00Z,2025-12-01,2025-12-01_10,0.0,0,0,100,64.34782608695558,64.34782608695558,0.0,0.0,0.0,True,True,True,False,0.0,1023.9460967273012,0.0,0.0,0.0,0.0,1023.9460967273012
2025-12-01T01:30:00Z,2025-12-01T01:45:00Z,2025-12-01,2025-12-01_11,0.0,0,0,100,64.34782608695558,64.34782608695558,0.0,0.0,0.0,True,True,True,False,0.0,1023.9460967273012,0.0,0.0,0.0,0.0,1023.9460967273012
2025-12-01T01:45:00Z,2025-12-01T02:00:00Z,2025-12-01,2025-12-01_12,0.0,0,0,100,64.34782608695558,64.34782608695558,0.0,0.0,0.0,True,True,True,False,0.0,1023.9460967273012,0.0,0.0,0.0,0.0,1023.9460967273012
2025-12-01T02:00:00Z,2025-12-01T02:15:00Z,2025-12-01,2025-12-01_13,0.0,0,0,100,64.34782608695558,64.34782608695558,0.0,0.0,0.0,True,True,True,False,0.0,1023.9460967273012,0.0,0.0,0.0,0.0,1023.9460967273012
2025-12-01T02:15:00Z,2025-12-01T02:30:00Z,2025-12-01,2025-12-01_14,0.0,0,0,100,64.34782608695558,64.34782608695558,0.0,0.0,0.0,True,True,True,False,0.0,1023.9460967273012,0.0,0.0,0.0,0.0,1023.9460967273012
2025-12-01T02:30:00Z,2025-12-01T02:45:00Z,2025-12-01,2025-12-01_15,0.0,0,0,100,64.34782608695558,64.34782608695558,0.0,0.0,0.0,True,True,True,False,0.0,1023.9460967273012,0.0,0.0,0.0,0.0,1023.9460967273012
2025-12-01T02:45:00Z,2025-12-01T03:00:00Z,2025-12-01,2025-12-01_16,0.0,0,0,100,64.34782608695558,64.34782608695558,0.0,0.0,0.0,True,True,True,False,0.0,1023.9460967273012,0.0,0.0,0.0,0.0,1023.9460967273012
2025-12-01T03:00:00Z,2025-12-01T03:15:00Z,2025-12-01,2025-12-01_17,0.0,0,0,100,64.34782608695558,64.34782608695558,0.0,0.0,0.0,True,True,True,False,0.0,1023.9460967273012,0.0,0.0,0.0,0.0,1023.9460967273012
2025-12-01T03:15:00Z,2025-12-01T03:30:00Z,2025-12-01,2025-12-01_18,0.0,0,0,100,64.34782608695558,64.34782608695558,0.0,0.0,0.0,True,True,True,False,0.0,1023.9460967273012,0.0,0.0,0.0,0.0,1023.9460967273012
2025-12-01T03:30:00Z,2025-12-01T03:45:00Z,2025-12-01,2025-12-01_19,0.0,0,0,100,64.34782608695558,64.34782608695558,0.0,0.0,0.0,True,True,True,False,0.0,1023.9460967273012,0.0,0.0,0.0,0.0,1023.9460967273012
2025-12-01T03:45:00Z,2025-12-01T04:00:00Z,2025-12-01,2025-12-01_20,0.0,0,0,100,64.34782608695558,64.34782608695558,0.0,0.0,0.0,True,True,True,False,0.0,1023.9460967273012,0.0,0.0,0.0,0.0,1023.9460967273012
2025-12-01T04:00:00Z,2025-12-01T04:15:00Z,2025-12-01,2025-12-01_21,0.0,0,0,100,64.34782608695558,64.34782608695558,0.0,0.0,0.0,True,True,True,False,0.0,1023.9460967273012,0.0,0.0,0.0,0.0,1023.9460967273012
2025-12-01T04:15:00Z,2025-12-01T04:30:00Z,2025-12-01,2025-12-01_22,0.0,0,0,100,64.34782608695558,64.34782608695558,0.0,0.0,0.0,True,True,True,False,0.0,1023.9460967273012,0.0,0.0,0.0,0.0,1023.9460967273012
2025-12-01T04:30:00Z,2025-12-01T04:45:00Z,2025-12-01,2025-12-01_23,0.0,0,0,100,64.34782608695558,64.34782608695558,0.0,0.0,0.0,True,True,True,False,0.0,1023.9460967273012,0.0,0.0,0.0,0.0,1023.9460967273012
2025-12-01T04:45:00Z,2025-12-01T05:00:00Z,2025-12-01,2025-12-01_24,0.0,0,0,100,64.34782608695558,64.34782608695558,0.0,0.0,0.0,True,True,True,False,0.0,1023.9460967273012,0.0,0.0,0.0,0.0,1023.9460967273012
2025-12-01T05:00:00Z,2025-12-01T05:15:00Z,2025-12-01,2025-12-01_25,0.0,0,0,100,64.34782608695558,64.34782608695558,0.0,0.0,0.0,True,True,True,False,0.0,1023.9460967273012,0.0,0.0,0.0,0.0,1023.9460967273012
2025-12-01T05:15:00Z,2025-12-01T05:30:00Z,2025-12-01,2025-12-01_26,0.0,0,0,100,64.34782608695558,64.34782608695558,0.0,0.0,0.0,True,True,True,False,0.0,1023.9460967273012,0.0,0.0,0.0,0.0,1023.9460967273012
2025-12-01T05:30:00Z,2025-12-01T05:45:00Z,2025-12-01,2025-12-01_27,0.0,0,0,100,64.34782608695558,64.34782608695558,0.0,0.0,0.0,True,True,True,False,0.0,1023.9460967273012,0.0,0.0,0.0,0.0,1023.9460967273012
2025-12-01T05:45:00Z,2025-12-01T06:00:00Z,2025-12-01,2025-12-01_28,0.0,0,0,100,64.34782608695558,64.34782608695558,0.0,0.0,0.0,True,True,True,False,0.0,1023.9460967273012,0.0,0.0,0.0,0.0,1023.9460967273012
2025-12-01T06:00:00Z,2025-12-01T06:15:00Z,2025-12-01,2025-12-01_29,0.0,0,0,100,64.34782608695558,64.34782608695558,0.0,0.0,0.0,True,True,True,False,0.0,1023.9460967273012,0.0,0.0,0.0,0.0,1023.9460967273012
2025-12-01T06:15:00Z,2025-12-01T06:30:00Z,2025-12-01,2025-12-01_30,0.0,0,0,100,64.34782608695558,64.34782608695558,0.0,0.0,0.0,True,True,True,False,0.0,1023.9460967273012,0.0,0.0,0.0,0.0,1023.9460967273012
2025-12-01T06:30:00Z,2025-12-01T06:45:00Z,2025-12-01,2025-12-01_31,0.0,0,0,100,64.34782608695558,64.34782608695558,0.0,0.0,0.0,True,True,True,False,0.0,1023.9460967273012,0.0,0.0,0.0,0.0,1023.9460967273012
2025-12-01T06:45:00Z,2025-12-01T07:00:00Z,2025-12-01,2025-12-01_32,0.0,0,0,100,64.34782608695558,64.34782608695558,0.0,0.0,0.0,True,True,True,False,0.0,1023.9460967273012,0.0,0.0,0.0,0.0,1023.9460967273012
2025-12-01T07:00:00Z,2025-12-01T07:15:00Z,2025-12-01,2025-12-01_33,0.0,0,0,100,64.34782608695558,64.34782608695558,0.0,0.0,0.0,True,True,True,False,0.0,1023.9460967273012,0.0,0.0,0.0,0.0,1023.9460967273012
2025-12-01T07:15:00Z,2025-12-01T07:30:00Z,2025-12-01,2025-12-01_34,0.0,0,0,100,64.34782608695558,64.34782608695558,0.0,0.0,0.0,True,True,True,False,0.0,1023.9460967273012,0.0,0.0,0.0,0.0,1023.9460967273012
2025-12-01T07:30:00Z,2025-12-01T07:45:00Z,2025-12-01,2025-12-01_35,0.0,0,0,100,64.34782608695558,64.34782608695558,0.0,0.0,0.0,True,True,True,False,0.0,1023.9460967273012,0.0,0.0,0.0,0.0,1023.9460967273012
2025-12-01T07:45:00Z,2025-12-01T08:00:00Z,2025-12-01,2025-12-01_36,0.0,0,0,100,64.34782608695558,64.34782608695558,0.0,0.0,0.0,True,True,True,False,0.0,1023.9460967273012,0.0,0.0,0.0,0.0,1023.9460967273012
2025-12-01T08:00:00Z,2025-12-01T08:15:00Z,2025-12-01,2025-12-01_37,0.0,0,0,100,64.34782608695558,64.34782608695558,0.0,0.0,0.0,True,True,True,False,0.0,1023.9460967273012,0.0,0.0,0.0,0.0,1023.9460967273012
2025-12-01T08:15:00Z,2025-12-01T08:30:00Z,2025-12-01,2025-12-01_38,0.0,0,0,100,64.34782608695558,64.34782608695558,0.0,0.0,0.0,True,True,True,False,0.0,1023.9460967273012,0.0,0.0,0.0,0.0,1023.9460967273012
2025-12-01T08:30:00Z,2025-12-01T08:45:00Z,2025-12-01,2025-12-01_39,0.0,0,0,100,64.34782608695558,64.34782608695558,0.0,0.0,0.0,True,True,True,False,0.0,1023.9460967273012,0.0,0.0,0.0,0.0,1023.9460967273012
2025-12-01T08:45:00Z,2025-12-01T09:00:00Z,2025-12-01,2025-12-01_40,0.0,0,0,100,64.34782608695558,64.34782608695558,0.0,0.0,0.0,True,True,True,False,0.0,1023.9460967273012,0.0,0.0,0.0,0.0,1023.9460967273012
2025-12-01T09:00:00Z,2025-12-01T09:15:00Z,2025-12-01,2025-12-01_41,0.0,0,0,100,64.34782608695558,64.34782608695558,0.0,0.0,0.0,True,True,True,False,0.0,1023.9460967273012,0.0,0.0,0.0,0.0,1023.9460967273012
2025-12-01T09:15:00Z,2025-12-01T09:30:00Z,2025-12-01,2025-12-01_42,0.0,0,0,100,64.34782608695558,64.34782608695558,0.0,0.0,0.0,True,True,True,False,0.0,1023.9460967273012,0.0,0.0,0.0,0.0,1023.9460967273012
2025-12-01T09:30:00Z,2025-12-01T09:45:00Z,2025-12-01,2025-12-01_43,0.0,0,0,100,64.34782608695558,64.34782608695558,0.0,0.0,0.0,True,True,True,False,0.0,1023.9460967273012,0.0,0.0,0.0,0.0,1023.9460967273012
2025-12-01T09:45:00Z,2025-12-01T10:00:00Z,2025-12-01,2025-12-01_44,0.0,0,0,100,64.34782608695558,64.34782608695558,0.0,0.0,0.0,True,True,True,False,0.0,1023.9460967273012,0.0,0.0,0.0,0.0,1023.9460967273012
2025-12-01T10:00:00Z,2025-12-01T10:15:00Z,2025-12-01,2025-12-01_45,0.0,0,0,100,64.34782608695558,64.34782608695558,0.0,0.0,0.0,True,True,True,False,0.0,1023.9460967273012,0.0,0.0,0.0,0.0,1023.9460967273012
2025-12-01T10:15:00Z,2025-12-01T10:30:00Z,2025-12-01,2025-12-01_46,0.0,0,0,100,64.34782608695558,64.34782608695558,0.0,0.0,0.0,True,True,True,False,0.0,1023.9460967273012,0.0,0.0,0.0,0.0,1023.9460967273012
2025-12-01T10:30:00Z,2025-12-01T10:45:00Z,2025-12-01,2025-12-01_47,0.0,0,0,100,64.34782608695558,64.34782608695558,0.0,0.0,0.0,True,True,True,False,0.0,1023.9460967273012,0.0,0.0,0.0,0.0,1023.9460967273012
2025-12-01T10:45:00Z,2025-12-01T11:00:00Z,2025-12-01,2025-12-01_48,0.0,0,0,100,64.34782608695558,64.34782608695558,0.0,0.0,0.0,True,True,True,False,0.0,1023.9460967273012,0.0,0.0,0.0,0.0,1023.9460967273012
2025-12-01T11:00:00Z,2025-12-01T11:15:00Z,2025-12-01,2025-12-01_49,0.0,0,0,100,64.34782608695558,64.34782608695558,0.0,0.0,0.0,True,True,True,False,0.0,1023.9460967273012,0.0,0.0,0.0,0.0,1023.9460967273012
2025-12-01T11:15:00Z,2025-12-01T11:30:00Z,2025-12-01,2025-12-01_50,0.0,0,0,100,64.34782608695558,64.34782608695558,0.0,0.0,0.0,True,True,True,False,0.0,1023.9460967273012,0.0,0.0,0.0,0.0,1023.9460967273012
2025-12-01T11:30:00Z,2025-12-01T11:45:00Z,2025-12-01,2025-12-01_51,0.0,0,0,100,64.34782608695558,64.34782608695558,0.0,0.0,0.0,True,True,True,False,0.0,1023.9460967273012,0.0,0.0,0.0,0.0,1023.9460967273012
2025-12-01T11:45:00Z,2025-12-01T12:00:00Z,2025-12-01,2025-12-01_52,0.0,0,0,100,64.34782608695558,64.34782608695558,0.0,0.0,0.0,True,True,True,False,0.0,1023.9460967273012,0.0,0.0,0.0,0.0,1023.9460967273012
2025-12-01T12:00:00Z,2025-12-01T12:15:00Z,2025-12-01,2025-12-01_53,0.0,0,0,100,64.34782608695558,64.34782608695558,0.0,0.0,0.0,True,True,True,False,0.0,1023.9460967273012,0.0,0.0,0.0,0.0,1023.9460967273012
2025-12-01T12:15:00Z,2025-12-01T12:30:00Z,2025-12-01,2025-12-01_54,0.0,0,0,100,64.34782608695558,64.34782608695558,0.0,0.0,0.0,True,True,True,False,0.0,1023.9460967273012,0.0,0.0,0.0,0.0,1023.9460967273012
2025-12-01T12:30:00Z,2025-12-01T12:45:00Z,2025-12-01,2025-12-01_55,0.0,0,0,100,64.34782608695558,64.34782608695558,0.0,0.0,0.0,True,True,True,False,0.0,1023.9460967273012,0.0,0.0,0.0,0.0,1023.9460967273012
2025-12-01T12:45:00Z,2025-12-01T13:00:00Z,2025-12-01,2025-12-01_56,0.0,0,0,100,64.34782608695558,64.34782608695558,0.0,0.0,0.0,True,True,True,False,0.0,1023.9460967273012,0.0,0.0,0.0,0.0,1023.9460967273012
2025-12-01T13:00:00Z,2025-12-01T13:15:00Z,2025-12-01,2025-12-01_57,0.0,0,0,100,64.34782608695558,64.34782608695558,0.0,0.0,0.0,True,True,True,False,0.0,1023.9460967273012,0.0,0.0,0.0,0.0,1023.9460967273012
2025-12-01T13:15:00Z,2025-12-01T13:30:00Z,2025-12-01,2025-12-01_58,0.0,0,0,100,64.34782608695558,64.34782608695558,0.0,0.0,0.0,True,True,True,False,0.0,1023.9460967273012,0.0,0.0,0.0,0.0,1023.9460967273012
2025-12-01T13:30:00Z,2025-12-01T13:45:00Z,2025-12-01,2025-12-01_59,0.0,0,0,100,64.34782608695558,64.34782608695558,0.0,0.0,0.0,True,True,True,False,0.0,1023.9460967273012,0.0,0.0,0.0,0.0,1023.9460967273012
2025-12-01T13:45:00Z,2025-12-01T14:00:00Z,2025-12-01,2025-12-01_60,0.0,0,0,100,64.34782608695558,64.34782608695558,0.0,0.0,0.0,True,True,True,False,0.0,1023.9460967273012,0.0,0.0,0.0,0.0,1023.9460967273012
2025-12-01T14:00:00Z,2025-12-01T14:15:00Z,2025-12-01,2025-12-01_61,0.0,0,0,100,64.34782608695558,64.34782608695558,0.0,0.0,0.0,True,True,True,False,0.0,1023.9460967273012,0.0,0.0,0.0,0.0,1023.9460967273012
2025-12-01T14:15:00Z,2025-12-01T14:30:00Z,2025-12-01,2025-12-01_62,0.0,0,0,100,64.34782608695558,64.34782608695558,0.0,0.0,0.0,True,True,True,False,0.0,1023.9460967273012,0.0,0.0,0.0,0.0,1023.9460967273012
2025-12-01T14:30:00Z,2025-12-01T14:45:00Z,2025-12-01,2025-12-01_63,0.0,0,0,100,64.34782608695558,64.34782608695558,0.0,0.0,0.0,True,True,True,False,0.0,1023.9460967273012,0.0,0.0,0.0,0.0,1023.9460967273012
2025-12-01T14:45:00Z,2025-12-01T15:00:00Z,2025-12-01,2025-12-01_64,0.0,0,0,100,64.34782608695558,64.34782608695558,0.0,0.0,0.0,True,True,True,False,0.0,1023.9460967273012,0.0,0.0,0.0,0.0,1023.9460967273012
2025-12-01T15:00:00Z,2025-12-01T15:15:00Z,2025-12-01,2025-12-01_65,0.0,0,0,100,64.34782608695558,64.34782608695558,0.0,0.0,0.0,True,True,True,False,0.0,1023.9460967273012,0.0,0.0,0.0,0.0,1023.9460967273012
2025-12-01T15:15:00Z,2025-12-01T15:30:00Z,2025-12-01,2025-12-01_66,0.0,0,0,100,64.34782608695558,64.34782608695558,0.0,0.0,0.0,True,True,True,False,0.0,1023.9460967273012,0.0,0.0,0.0,0.0,1023.9460967273012
2025-12-01T15:30:00Z,2025-12-01T15:45:00Z,2025-12-01,2025-12-01_67,0.0,0,0,100,64.34782608695558,64.34782608695558,0.0,0.0,0.0,True,True,True,False,0.0,1023.9460967273012,0.0,0.0,0.0,0.0,1023.9460967273012
2025-12-01T15:45:00Z,2025-12-01T16:00:00Z,2025-12-01,2025-12-01_68,0.0,0,0,100,64.34782608695558,64.34782608695558,0.0,0.0,0.0,True,True,True,False,0.0,1023.9460967273012,0.0,0.0,0.0,0.0,1023.9460967273012
2025-12-01T16:00:00Z,2025-12-01T16:15:00Z,2025-12-01,2025-12-01_69,0.0,0,0,100,64.34782608695558,64.34782608695558,0.0,0.0,0.0,True,True,True,False,0.0,1023.9460967273012,0.0,0.0,0.0,0.0,1023.9460967273012
2025-12-01T16:15:00Z,2025-12-01T16:30:00Z,2025-12-01,2025-12-01_70,0.0,0,0,100,64.34782608695558,64.34782608695558,0.0,0.0,0.0,True,True,True,False,0.0,1023.9460967273012,0.0,0.0,0.0,0.0,1023.9460967273012
2025-12-01T16:30:00Z,2025-12-01T16:45:00Z,2025-12-01,2025-12-01_71,0.0,0,0,100,64.34782608695558,64.34782608695558,0.0,0.0,0.0,True,True,True,False,0.0,1023.9460967273012,0.0,0.0,0.0,0.0,1023.9460967273012
2025-12-01T16:45:00Z,2025-12-01T17:00:00Z,2025-12-01,2025-12-01_72,0.0,0,0,100,64.34782608695558,64.34782608695558,0.0,0.0,0.0,True,True,True,False,0.0,1023.9460967273012,0.0,0.0,0.0,0.0,1023.9460967273012
2025-12-01T17:00:00Z,2025-12-01T17:15:00Z,2025-12-01,2025-12-01_73,0.0,0,0,100,64.34782608695558,64.34782608695558,0.0,0.0,0.0,True,True,True,False,0.0,1023.9460967273012,0.0,0.0,0.0,0.0,1023.9460967273012
2025-12-01T17:15:00Z,2025-12-01T17:30:00Z,2025-12-01,2025-12-01_74,0.0,0,0,100,64.34782608695558,64.34782608695558,0.0,0.0,0.0,True,True,True,False,0.0,1023.9460967273012,0.0,0.0,0.0,0.0,1023.9460967273012
2025-12-01T17:30:00Z,2025-12-01T17:45:00Z,2025-12-01,2025-12-01_75,0.0,0,0,100,64.34782608695558,64.34782608695558,0.0,0.0,0.0,True,True,True,False,0.0,1023.9460967273012,0.0,0.0,0.0,0.0,1023.9460967273012
2025-12-01T17:45:00Z,2025-12-01T18:00:00Z,2025-12-01,2025-12-01_76,0.0,0,0,100,64.34782608695558,64.34782608695558,0.0,0.0,0.0,True,True,True,False,0.0,1023.9460967273012,0.0,0.0,0.0,0.0,1023.9460967273012
2025-12-01T18:00:00Z,2025-12-01T18:15:00Z,2025-12-01,2025-12-01_77,0.0,0,0,100,64.34782608695558,64.34782608695558,0.0,0.0,0.0,True,True,True,False,0.0,1023.9460967273012,0.0,0.0,0.0,0.0,1023.9460967273012
2025-12-01T18:15:00Z,2025-12-01T18:30:00Z,2025-12-01,2025-12-01_78,0.0,0,0,100,64.34782608695558,64.34782608695558,0.0,0.0,0.0,True,True,True,False,0.0,1023.9460967273012,0.0,0.0,0.0,0.0,1023.9460967273012
2025-12-01T18:30:00Z,2025-12-01T18:45:00Z,2025-12-01,2025-12-01_79,0.0,0,0,100,64.34782608695558,64.34782608695558,0.0,0.0,0.0,True,True,True,False,0.0,1023.9460967273012,0.0,0.0,0.0,0.0,1023.9460967273012
2025-12-01T18:45:00Z,2025-12-01T19:00:00Z,2025-12-01,2025-12-01_80,0.0,0,0,100,64.34782608695558,64.34782608695558,0.0,0.0,0.0,True,True,True,False,0.0,1023.9460967273012,0.0,0.0,0.0,0.0,1023.9460967273012
2025-12-01T19:00:00Z,2025-12-01T19:15:00Z,2025-12-01,2025-12-01_81,0.0,0,0,100,64.34782608695558,64.34782608695558,0.0,0.0,0.0,True,True,True,False,0.0,1023.9460967273012,0.0,0.0,0.0,0.0,1023.9460967273012
2025-12-01T19:15:00Z,2025-12-01T19:30:00Z,2025-12-01,2025-12-01_82,0.0,0,0,100,64.34782608695558,64.34782608695558,0.0,0.0,0.0,True,True,True,False,0.0,1023.9460967273012,0.0,0.0,0.0,0.0,1023.9460967273012
2025-12-01T19:30:00Z,2025-12-01T19:45:00Z,2025-12-01,2025-12-01_83,0.0,0,0,100,64.34782608695558,64.34782608695558,0.0,0.0,0.0,True,True,True,False,0.0,1023.9460967273012,0.0,0.0,0.0,0.0,1023.9460967273012
2025-12-01T19:45:00Z,2025-12-01T20:00:00Z,2025-12-01,2025-12-01_84,0.0,0,0,100,64.34782608695558,64.34782608695558,0.0,0.0,0.0,True,True,True,False,0.0,1023.9460967273012,0.0,0.0,0.0,0.0,1023.9460967273012
2025-12-01T20:00:00Z,2025-12-01T20:15:00Z,2025-12-01,2025-12-01_85,0.0,0,0,100,64.34782608695558,64.34782608695558,0.0,0.0,0.0,True,False,True,False,0.0,1023.9460967273012,0.0,0.0,0.0,0.0,1023.9460967273012
2025-12-01T20:15:00Z,2025-12-01T20:30:00Z,2025-12-01,2025-12-01_86,0.0,0,0,100,64.34782608695558,64.34782608695558,0.0,0.0,0.0,True,False,True,False,0.0,1023.9460967273012,0.0,0.0,0.0,0.0,1023.9460967273012
2025-12-01T20:30:00Z,2025-12-01T20:45:00Z,2025-12-01,2025-12-01_87,0.0,0,0,100,64.34782608695558,64.34782608695558,0.0,0.0,0.0,True,False,True,False,0.0,1023.9460967273012,0.0,0.0,0.0,0.0,1023.9460967273012
2025-12-01T20:45:00Z,2025-12-01T21:00:00Z,2025-12-01,2025-12-01_88,0.0,0,0,100,64.34782608695558,64.34782608695558,0.0,0.0,0.0,True,False,True,False,0.0,1023.9460967273012,0.0,0.0,0.0,0.0,1023.9460967273012
2025-12-01T21:00:00Z,2025-12-01T21:15:00Z,2025-12-01,2025-12-01_89,0.0,0,0,100,64.34782608695558,64.34782608695558,0.0,0.0,0.0,True,True,True,False,0.0,1023.9460967273012,0.0,0.0,0.0,0.0,1023.9460967273012
2025-12-01T21:15:00Z,2025-12-01T21:30:00Z,2025-12-01,2025-12-01_90,0.0,0,0,100,64.34782608695558,64.34782608695558,0.0,0.0,0.0,True,True,True,False,0.0,1023.9460967273012,0.0,0.0,0.0,0.0,1023.9460967273012
2025-12-01T21:30:00Z,2025-12-01T21:45:00Z,2025-12-01,2025-12-01_91,0.0,0,0,100,64.34782608695558,64.34782608695558,0.0,0.0,0.0,True,True,True,False,0.0,1023.9460967273012,0.0,0.0,0.0,0.0,1023.9460967273012
2025-12-01T21:45:00Z,2025-12-01T22:00:00Z,2025-12-01,2025-12-01_92,0.0,0,0,100,64.34782608695558,64.34782608695558,0.0,0.0,0.0,True,True,True,False,0.0,1023.9460967273012,0.0,0.0,0.0,0.0,1023.9460967273012
2025-12-01T22:00:00Z,2025-12-01T22:15:00Z,2025-12-02,2025-12-01_93,0.0,0,0,100,64.34782608695558,64.34782608695558,0.0,0.0,0.0,True,True,True,False,0.0,1023.9460967273012,0.0,0.0,0.0,0.0,1023.9460967273012
2025-12-01T22:15:00Z,2025-12-01T22:30:00Z,2025-12-02,2025-12-01_94,0.0,0,0,100,64.34782608695558,64.34782608695558,0.0,0.0,0.0,True,True,True,False,0.0,1023.9460967273012,0.0,0.0,0.0,0.0,1023.9460967273012
2025-12-01T22:30:00Z,2025-12-01T22:45:00Z,2025-12-02,2025-12-01_95,0.0,0,0,100,64.34782608695558,64.34782608695558,0.0,0.0,0.0,True,True,True,False,0.0,1023.9460967273012,0.0,0.0,0.0,0.0,1023.9460967273012
2025-12-01T22:45:00Z,2025-12-01T23:00:00Z,2025-12-02,2025-12-01_96,0.0,0,0,100,64.34782608695558,64.34782608695558,0.0,0.0,0.0,True,True,True,False,0.0,1023.9460967273012,0.0,0.0,0.0,0.0,1023.9460967273012
2025-12-01T23:00:00Z,2025-12-01T23:15:00Z,2025-12-02,2025-12-02_1,0.0,0,0,100,64.34782608695558,64.34782608695558,0.0,0.0,0.0,True,True,True,False,0.0,1023.9460967273012,0.0,0.0,0.0,0.0,1023.9460967273012
2025-12-01T23:15:00Z,2025-12-01T23:30:00Z,2025-12-02,2025-12-02_2,0.0,0,0,100,64.34782608695558,64.34782608695558,0.0,0.0,0.0,True,True,True,False,0.0,1023.9460967273012,0.0,0.0,0.0,0.0,1023.9460967273012
2025-12-01T23:30:00Z,2025-12-01T23:45:00Z,2025-12-02,2025-12-02_3,0.0,0,0,100,64.34782608695558,64.34782608695558,0.0,0.0,0.0,True,True,True,False,0.0,1023.9460967273012,0.0,0.0,0.0,0.0,1023.9460967273012
2025-12-01T23:45:00Z,2025-12-02T00:00:00Z,2025-12-02,2025-12-02_4,0.0,0,0,100,64.34782608695558,64.34782608695558,0.0,0.0,0.0,True,True,True,False,0.0,1023.9460967273012,0.0,0.0,0.0,0.0,1023.9460967273012
2025-12-02T00:00:00Z,2025-12-02T00:15:00Z,2025-12-02,2025-12-02_5,0.0,0,0,100,64.34782608695558,64.34782608695558,0.0,0.0,0.0,True,True,True,False,0.0,1023.9460967273012,0.0,0.0,0.0,0.0,1023.9460967273012
2025-12-02T00:15:00Z,2025-12-02T00:30:00Z,2025-12-02,2025-12-02_6,0.0,0,0,100,64.34782608695558,64.34782608695558,0.0,0.0,0.0,True,True,True,False,0.0,1023.9460967273012,0.0,0.0,0.0,0.0,1023.9460967273012
2025-12-02T00:30:00Z,2025-12-02T00:45:00Z,2025-12-02,2025-12-02_7,0.0,0,0,100,64.34782608695558,64.34782608695558,0.0,0.0,0.0,True,True,True,False,0.0,1023.9460967273012,0.0,0.0,0.0,0.0,1023.9460967273012
2025-12-02T00:45:00Z,2025-12-02T01:00:00Z,2025-12-02,2025-12-02_8,0.0,0,0,100,64.34782608695558,64.34782608695558,0.0,0.0,0.0,True,True,True,False,0.0,1023.9460967273012,0.0,0.0,0.0,0.0,1023.9460967273012
2025-12-02T01:00:00Z,2025-12-02T01:15:00Z,2025-12-02,2025-12-02_9,0.0,0,0,100,64.34782608695558,64.34782608695558,0.0,0.0,0.0,True,True,True,False,0.0,1023.9460967273012,0.0,0.0,0.0,0.0,1023.9460967273012
2025-12-02T01:15:00Z,2025-12-02T01:30:00Z,2025-12-02,2025-12-02_10,0.0,0,0,100,64.34782608695558,64.34782608695558,0.0,0.0,0.0,True,True,True,False,0.0,1023.9460967273012,0.0,0.0,0.0,0.0,1023.9460967273012
2025-12-02T01:30:00Z,2025-12-02T01:45:00Z,2025-12-02,2025-12-02_11,0.0,0,0,100,64.34782608695558,64.34782608695558,0.0,0.0,0.0,True,True,True,False,0.0,1023.9460967273012,0.0,0.0,0.0,0.0,1023.9460967273012
2025-12-02T01:45:00Z,2025-12-02T02:00:00Z,2025-12-02,2025-12-02_12,0.0,0,0,100,64.34782608695558,64.34782608695558,0.0,0.0,0.0,True,True,True,False,0.0,1023.9460967273012,0.0,0.0,0.0,0.0,1023.9460967273012
2025-12-02T02:00:00Z,2025-12-02T02:15:00Z,2025-12-02,2025-12-02_13,0.0,0,0,100,64.34782608695558,64.34782608695558,0.0,0.0,0.0,True,True,True,False,0.0,1023.9460967273012,0.0,0.0,0.0,0.0,1023.9460967273012
2025-12-02T02:15:00Z,2025-12-02T02:30:00Z,2025-12-02,2025-12-02_14,0.0,0,0,100,64.34782608695558,64.34782608695558,0.0,0.0,0.0,True,True,True,False,0.0,1023.9460967273012,0.0,0.0,0.0,0.0,1023.9460967273012
2025-12-02T02:30:00Z,2025-12-02T02:45:00Z,2025-12-02,2025-12-02_15,0.0,0,0,100,64.34782608695558,64.34782608695558,0.0,0.0,0.0,True,True,True,False,0.0,1023.9460967273012,0.0,0.0,0.0,0.0,1023.9460967273012
2025-12-02T02:45:00Z,2025-12-02T03:00:00Z,2025-12-02,2025-12-02_16,0.0,0,0,100,64.34782608695558,64.34782608695558,0.0,0.0,0.0,True,True,True,False,0.0,1023.9460967273012,0.0,0.0,0.0,0.0,1023.9460967273012
2025-12-02T03:00:00Z,2025-12-02T03:15:00Z,2025-12-02,2025-12-02_17,0.0,0,0,100,64.34782608695558,64.34782608695558,0.0,0.0,0.0,True,True,True,False,0.0,1023.9460967273012,0.0,0.0,0.0,0.0,1023.9460967273012
2025-12-02T03:15:00Z,2025-12-02T03:30:00Z,2025-12-02,2025-12-02_18,0.0,0,0,100,64.34782608695558,64.34782608695558,0.0,0.0,0.0,True,True,True,False,0.0,1023.9460967273012,0.0,0.0,0.0,0.0,1023.9460967273012
2025-12-02T03:30:00Z,2025-12-02T03:45:00Z,2025-12-02,2025-12-02_19,0.0,0,0,100,64.34782608695558,64.34782608695558,0.0,0.0,0.0,True,True,True,False,0.0,1023.9460967273012,0.0,0.0,0.0,0.0,1023.9460967273012
2025-12-02T03:45:00Z,2025-12-02T04:00:00Z,2025-12-02,2025-12-02_20,0.0,0,0,100,64.34782608695558,64.34782608695558,0.0,0.0,0.0,True,True,True,False,0.0,1023.9460967273012,0.0,0.0,0.0,0.0,1023.9460967273012
2025-12-02T04:00:00Z,2025-12-02T04:15:00Z,2025-12-02,2025-12-02_21,0.0,0,0,100,64.34782608695558,64.34782608695558,0.0,0.0,0.0,True,True,True,False,0.0,1023.9460967273012,0.0,0.0,0.0,0.0,1023.9460967273012
2025-12-02T04:15:00Z,2025-12-02T04:30:00Z,2025-12-02,2025-12-02_22,0.0,0,0,100,64.34782608695558,64.34782608695558,0.0,0.0,0.0,True,True,True,False,0.0,1023.9460967273012,0.0,0.0,0.0,0.0,1023.9460967273012
2025-12-02T04:30:00Z,2025-12-02T04:45:00Z,2025-12-02,2025-12-02_23,0.0,0,0,100,64.34782608695558,64.34782608695558,0.0,0.0,0.0,True,True,True,False,0.0,1023.9460967273012,0.0,0.0,0.0,0.0,1023.9460967273012
2025-12-02T04:45:00Z,2025-12-02T05:00:00Z,2025-12-02,2025-12-02_24,0.0,0,0,100,64.34782608695558,64.34782608695558,0.0,0.0,0.0,True,True,True,False,0.0,1023.9460967273012,0.0,0.0,0.0,0.0,1023.9460967273012
2025-12-02T05:00:00Z,2025-12-02T05:15:00Z,2025-12-02,2025-12-02_25,0.0,0,0,100,64.34782608695558,64.34782608695558,0.0,0.0,0.0,True,True,True,False,0.0,1023.9460967273012,0.0,0.0,0.0,0.0,1023.9460967273012
2025-12-02T05:15:00Z,2025-12-02T05:30:00Z,2025-12-02,2025-12-02_26,0.0,0,0,100,64.34782608695558,64.34782608695558,0.0,0.0,0.0,True,True,True,False,0.0,1023.9460967273012,0.0,0.0,0.0,0.0,1023.9460967273012
2025-12-02T05:30:00Z,2025-12-02T05:45:00Z,2025-12-02,2025-12-02_27,0.0,0,0,100,64.34782608695558,64.34782608695558,0.0,0.0,0.0,True,True,True,False,0.0,1023.9460967273012,0.0,0.0,0.0,0.0,1023.9460967273012
2025-12-02T05:45:00Z,2025-12-02T06:00:00Z,2025-12-02,2025-12-02_28,0.0,0,0,100,64.34782608695558,64.34782608695558,0.0,0.0,0.0,True,True,True,False,0.0,1023.9460967273012,0.0,0.0,0.0,0.0,1023.9460967273012
2025-12-02T06:00:00Z,2025-12-02T06:15:00Z,2025-12-02,2025-12-02_29,0.0,0,0,100,64.34782608695558,64.34782608695558,0.0,0.0,0.0,True,True,True,False,0.0,1023.9460967273012,0.0,0.0,0.0,0.0,1023.9460967273012
2025-12-02T06:15:00Z,2025-12-02T06:30:00Z,2025-12-02,2025-12-02_30,0.0,0,0,100,64.34782608695558,64.34782608695558,0.0,0.0,0.0,True,True,True,False,0.0,1023.9460967273012,0.0,0.0,0.0,0.0,1023.9460967273012
2025-12-02T06:30:00Z,2025-12-02T06:45:00Z,2025-12-02,2025-12-02_31,0.0,0,0,100,64.34782608695558,64.34782608695558,0.0,0.0,0.0,True,True,True,False,0.0,1023.9460967273012,0.0,0.0,0.0,0.0,1023.9460967273012
2025-12-02T06:45:00Z,2025-12-02T07:00:00Z,2025-12-02,2025-12-02_32,0.0,0,0,100,64.34782608695558,64.34782608695558,0.0,0.0,0.0,True,True,True,False,0.0,1023.9460967273012,0.0,0.0,0.0,0.0,1023.9460967273012
2025-12-02T07:00:00Z,2025-12-02T07:15:00Z,2025-12-02,2025-12-02_33,0.0,0,0,100,64.34782608695558,64.34782608695558,0.0,0.0,0.0,True,True,True,False,0.0,1023.9460967273012,0.0,0.0,0.0,0.0,1023.9460967273012
2025-12-02T07:15:00Z,2025-12-02T07:30:00Z,2025-12-02,2025-12-02_34,0.0,0,0,100,64.34782608695558,64.34782608695558,0.0,0.0,0.0,True,True,True,False,0.0,1023.9460967273012,0.0,0.0,0.0,0.0,1023.9460967273012
2025-12-02T07:30:00Z,2025-12-02T07:45:00Z,2025-12-02,2025-12-02_35,0.0,0,0,100,64.34782608695558,64.34782608695558,0.0,0.0,0.0,True,True,True,False,0.0,1023.9460967273012,0.0,0.0,0.0,0.0,1023.9460967273012
2025-12-02T07:45:00Z,2025-12-02T08:00:00Z,2025-12-02,2025-12-02_36,0.0,0,0,100,64.34782608695558,64.34782608695558,0.0,0.0,0.0,True,True,True,False,0.0,1023.9460967273012,0.0,0.0,0.0,0.0,1023.9460967273012
2025-12-02T08:00:00Z,2025-12-02T08:15:00Z,2025-12-02,2025-12-02_37,0.0,0,0,100,64.34782608695558,64.34782608695558,0.0,0.0,0.0,True,True,True,False,0.0,1023.9460967273012,0.0,0.0,0.0,0.0,1023.9460967273012
2025-12-02T08:15:00Z,2025-12-02T08:30:00Z,2025-12-02,2025-12-02_38,0.0,0,0,100,64.34782608695558,64.34782608695558,0.0,0.0,0.0,True,True,True,False,0.0,1023.9460967273012,0.0,0.0,0.0,0.0,1023.9460967273012
2025-12-02T08:30:00Z,2025-12-02T08:45:00Z,2025-12-02,2025-12-02_39,0.0,0,0,100,64.34782608695558,64.34782608695558,0.0,0.0,0.0,True,True,True,False,0.0,1023.9460967273012,0.0,0.0,0.0,0.0,1023.9460967273012
2025-12-02T08:45:00Z,2025-12-02T09:00:00Z,2025-12-02,2025-12-02_40,0.0,0,0,100,64.34782608695558,64.34782608695558,0.0,0.0,0.0,True,True,True,False,0.0,1023.9460967273012,0.0,0.0,0.0,0.0,1023.9460967273012
2025-12-02T09:00:00Z,2025-12-02T09:15:00Z,2025-12-02,2025-12-02_41,0.0,0,0,100,64.34782608695558,64.34782608695558,0.0,0.0,0.0,True,True,True,False,0.0,1023.9460967273012,0.0,0.0,0.0,0.0,1023.9460967273012
2025-12-02T09:15:00Z,2025-12-02T09:30:00Z,2025-12-02,2025-12-02_42,0.0,0,0,100,64.34782608695558,64.34782608695558,0.0,0.0,0.0,True,True,True,False,0.0,1023.9460967273012,0.0,0.0,0.0,0.0,1023.9460967273012
2025-12-02T09:30:00Z,2025-12-02T09:45:00Z,2025-12-02,2025-12-02_43,0.0,0,0,100,64.34782608695558,64.34782608695558,0.0,0.0,0.0,True,True,True,False,0.0,1023.9460967273012,0.0,0.0,0.0,0.0,1023.9460967273012
2025-12-02T09:45:00Z,2025-12-02T10:00:00Z,2025-12-02,2025-12-02_44,0.0,0,0,100,64.34782608695558,64.34782608695558,0.0,0.0,0.0,True,True,True,False,0.0,1023.9460967273012,0.0,0.0,0.0,0.0,1023.9460967273012
2025-12-02T10:00:00Z,2025-12-02T10:15:00Z,2025-12-02,2025-12-02_45,0.0,0,0,100,64.34782608695558,64.34782608695558,0.0,0.0,0.0,True,True,True,False,0.0,1023.9460967273012,0.0,0.0,0.0,0.0,1023.9460967273012
2025-12-02T10:15:00Z,2025-12-02T10:30:00Z,2025-12-02,2025-12-02_46,0.0,0,0,100,64.34782608695558,64.34782608695558,0.0,0.0,0.0,True,True,True,False,0.0,1023.9460967273012,0.0,0.0,0.0,0.0,1023.9460967273012
2025-12-02T10:30:00Z,2025-12-02T10:45:00Z,2025-12-02,2025-12-02_47,0.0,0,0,100,64.34782608695558,64.34782608695558,0.0,0.0,0.0,True,True,True,False,0.0,1023.9460967273012,0.0,0.0,0.0,0.0,1023.9460967273012
2025-12-02T10:45:00Z,2025-12-02T11:00:00Z,2025-12-02,2025-12-02_48,0.0,0,0,100,64.34782608695558,64.34782608695558,0.0,0.0,0.0,True,True,True,False,0.0,1023.9460967273012,0.0,0.0,0.0,0.0,1023.9460967273012
2025-12-02T11:00:00Z,2025-12-02T11:15:00Z,2025-12-02,2025-12-02_49,0.0,0,0,100,64.34782608695558,64.34782608695558,0.0,0.0,0.0,True,True,True,False,0.0,1023.9460967273012,0.0,0.0,0.0,0.0,1023.9460967273012
2025-12-02T11:15:00Z,2025-12-02T11:30:00Z,2025-12-02,2025-12-02_50,0.0,0,0,100,64.34782608695558,64.34782608695558,0.0,0.0,0.0,True,True,True,False,0.0,1023.9460967273012,0.0,0.0,0.0,0.0,1023.9460967273012
2025-12-02T11:30:00Z,2025-12-02T11:45:00Z,2025-12-02,2025-12-02_51,0.0,0,0,100,64.34782608695558,64.34782608695558,0.0,0.0,0.0,True,True,True,False,0.0,1023.9460967273012,0.0,0.0,0.0,0.0,1023.9460967273012
2025-12-02T11:45:00Z,2025-12-02T12:00:00Z,2025-12-02,2025-12-02_52,0.0,0,0,100,64.34782608695558,64.34782608695558,0.0,0.0,0.0,True,True,True,False,0.0,1023.9460967273012,0.0,0.0,0.0,0.0,1023.9460967273012
2025-12-02T12:00:00Z,2025-12-02T12:15:00Z,2025-12-02,2025-12-02_53,0.0,0,0,100,64.34782608695558,64.34782608695558,0.0,0.0,0.0,True,True,True,False,0.0,1023.9460967273012,0.0,0.0,0.0,0.0,1023.9460967273012
2025-12-02T12:15:00Z,2025-12-02T12:30:00Z,2025-12-02,2025-12-02_54,0.0,0,0,100,64.34782608695558,64.34782608695558,0.0,0.0,0.0,True,True,True,False,0.0,1023.9460967273012,0.0,0.0,0.0,0.0,1023.9460967273012
2025-12-02T12:30:00Z,2025-12-02T12:45:00Z,2025-12-02,2025-12-02_55,0.0,0,0,100,64.34782608695558,64.34782608695558,0.0,0.0,0.0,True,True,True,False,0.0,1023.9460967273012,0.0,0.0,0.0,0.0,1023.9460967273012
2025-12-02T12:45:00Z,2025-12-02T13:00:00Z,2025-12-02,2025-12-02_56,0.0,0,0,100,64.34782608695558,64.34782608695558,0.0,0.0,0.0,True,True,True,False,0.0,1023.9460967273012,0.0,0.0,0.0,0.0,1023.9460967273012
2025-12-02T13:00:00Z,2025-12-02T13:15:00Z,2025-12-02,2025-12-02_57,0.0,0,0,100,64.34782608695558,64.34782608695558,0.0,0.0,0.0,True,True,True,False,0.0,1023.9460967273012,0.0,0.0,0.0,0.0,1023.9460967273012
2025-12-02T13:15:00Z,2025-12-02T13:30:00Z,2025-12-02,2025-12-02_58,0.0,0,0,100,64.34782608695558,64.34782608695558,0.0,0.0,0.0,True,True,True,False,0.0,1023.9460967273012,0.0,0.0,0.0,0.0,1023.9460967273012
2025-12-02T13:30:00Z,2025-12-02T13:45:00Z,2025-12-02,2025-12-02_59,0.0,0,0,100,64.34782608695558,64.34782608695558,0.0,0.0,0.0,True,True,True,False,0.0,1023.9460967273012,0.0,0.0,0.0,0.0,1023.9460967273012
2025-12-02T13:45:00Z,2025-12-02T14:00:00Z,2025-12-02,2025-12-02_60,0.0,0,0,100,64.34782608695558,64.34782608695558,0.0,0.0,0.0,True,True,True,False,0.0,1023.9460967273012,0.0,0.0,0.0,0.0,1023.9460967273012
2025-12-02T14:00:00Z,2025-12-02T14:15:00Z,2025-12-02,2025-12-02_61,0.0,0,0,100,64.34782608695558,64.34782608695558,0.0,0.0,0.0,True,True,True,False,0.0,1023.9460967273012,0.0,0.0,0.0,0.0,1023.9460967273012
2025-12-02T14:15:00Z,2025-12-02T14:30:00Z,2025-12-02,2025-12-02_62,0.0,0,0,100,64.34782608695558,64.34782608695558,0.0,0.0,0.0,True,True,True,False,0.0,1023.9460967273012,0.0,0.0,0.0,0.0,1023.9460967273012
2025-12-02T14:30:00Z,2025-12-02T14:45:00Z,2025-12-02,2025-12-02_63,0.0,0,0,100,64.34782608695558,64.34782608695558,0.0,0.0,0.0,True,True,True,False,0.0,1023.9460967273012,0.0,0.0,0.0,0.0,1023.9460967273012
2025-12-02T14:45:00Z,2025-12-02T15:00:00Z,2025-12-02,2025-12-02_64,0.0,0,0,100,64.34782608695558,64.34782608695558,0.0,0.0,0.0,True,True,True,False,0.0,1023.9460967273012,0.0,0.0,0.0,0.0,1023.9460967273012
2025-12-02T15:00:00Z,2025-12-02T15:15:00Z,2025-12-02,2025-12-02_65,0.0,0,0,100,64.34782608695558,64.34782608695558,0.0,0.0,0.0,True,True,True,False,0.0,1023.9460967273012,0.0,0.0,0.0,0.0,1023.9460967273012
2025-12-02T15:15:00Z,2025-12-02T15:30:00Z,2025-12-02,2025-12-02_66,0.0,0,0,100,64.34782608695558,64.34782608695558,0.0,0.0,0.0,True,True,True,False,0.0,1023.9460967273012,0.0,0.0,0.0,0.0,1023.9460967273012
2025-12-02T15:30:00Z,2025-12-02T15:45:00Z,2025-12-02,2025-12-02_67,0.0,0,0,100,64.34782608695558,64.34782608695558,0.0,0.0,0.0,True,True,True,False,0.0,1023.9460967273012,0.0,0.0,0.0,0.0,1023.9460967273012
2025-12-02T15:45:00Z,2025-12-02T16:00:00Z,2025-12-02,2025-12-02_68,0.0,0,0,100,64.34782608695558,64.34782608695558,0.0,0.0,0.0,True,True,True,False,0.0,1023.9460967273012,0.0,0.0,0.0,0.0,1023.9460967273012
2025-12-02T16:00:00Z,2025-12-02T16:15:00Z,2025-12-02,2025-12-02_69,0.0,0,0,100,64.34782608695558,64.34782608695558,0.0,0.0,0.0,True,True,True,False,0.0,1023.9460967273012,0.0,0.0,0.0,0.0,1023.9460967273012
2025-12-02T16:15:00Z,2025-12-02T16:30:00Z,2025-12-02,2025-12-02_70,0.0,0,0,100,64.34782608695558,64.34782608695558,0.0,0.0,0.0,True,True,True,False,0.0,1023.9460967273012,0.0,0.0,0.0,0.0,1023.9460967273012
2025-12-02T16:30:00Z,2025-12-02T16:45:00Z,2025-12-02,2025-12-02_71,0.0,0,0,100,64.34782608695558,64.34782608695558,0.0,0.0,0.0,True,True,True,False,0.0,1023.9460967273012,0.0,0.0,0.0,0.0,1023.9460967273012
2025-12-02T16:45:00Z,2025-12-02T17:00:00Z,2025-12-02,2025-12-02_72,0.0,0,0,100,64.34782608695558,64.34782608695558,0.0,0.0,0.0,True,True,True,False,0.0,1023.9460967273012,0.0,0.0,0.0,0.0,1023.9460967273012
2025-12-02T17:00:00Z,2025-12-02T17:15:00Z,2025-12-02,2025-12-02_73,0.0,0,0,100,64.34782608695558,64.34782608695558,0.0,0.0,0.0,True,True,True,False,0.0,1023.9460967273012,0.0,0.0,0.0,0.0,1023.9460967273012
2025-12-02T17:15:00Z,2025-12-02T17:30:00Z,2025-12-02,2025-12-02_74,0.0,0,0,100,64.34782608695558,64.34782608695558,0.0,0.0,0.0,True,True,True,False,0.0,1023.9460967273012,0.0,0.0,0.0,0.0,1023.9460967273012
2025-12-02T17:30:00Z,2025-12-02T17:45:00Z,2025-12-02,2025-12-02_75,0.0,0,0,100,64.34782608695558,64.34782608695558,0.0,0.0,0.0,True,True,True,False,0.0,1023.9460967273012,0.0,0.0,0.0,0.0,1023.9460967273012
2025-12-02T17:45:00Z,2025-12-02T18:00:00Z,2025-12-02,2025-12-02_76,0.0,0,0,100,64.34782608695558,64.34782608695558,0.0,0.0,0.0,True,True,True,False,0.0,1023.9460967273012,0.0,0.0,0.0,0.0,1023.9460967273012
2025-12-02T18:00:00Z,2025-12-02T18:15:00Z,2025-12-02,2025-12-02_77,0.0,0,0,100,64.34782608695558,64.34782608695558,0.0,0.0,0.0,True,True,True,False,0.0,1023.9460967273012,0.0,0.0,0.0,0.0,1023.9460967273012
2025-12-02T18:15:00Z,2025-12-02T18:30:00Z,2025-12-02,2025-12-02_78,0.0,0,0,100,64.34782608695558,64.34782608695558,0.0,0.0,0.0,True,True,True,False,0.0,1023.9460967273012,0.0,0.0,0.0,0.0,1023.9460967273012
2025-12-02T18:30:00Z,2025-12-02T18:45:00Z,2025-12-02,2025-12-02_79,0.0,0,0,100,64.34782608695558,64.34782608695558,0.0,0.0,0.0,True,True,True,False,0.0,1023.9460967273012,0.0,0.0,0.0,0.0,1023.9460967273012
2025-12-02T18:45:00Z,2025-12-02T19:00:00Z,2025-12-02,2025-12-02_80,0.0,0,0,100,64.34782608695558,64.34782608695558,0.0,0.0,0.0,True,True,True,False,0.0,1023.9460967273012,0.0,0.0,0.0,0.0,1023.9460967273012
2025-12-02T19:00:00Z,2025-12-02T19:15:00Z,2025-12-02,2025-12-02_81,0.0,0,0,100,64.34782608695558,64.34782608695558,0.0,0.0,0.0,True,True,True,False,0.0,1023.9460967273012,0.0,0.0,0.0,0.0,1023.9460967273012
2025-12-02T19:15:00Z,2025-12-02T19:30:00Z,2025-12-02,2025-12-02_82,0.0,0,0,100,64.34782608695558,64.34782608695558,0.0,0.0,0.0,True,True,True,False,0.0,1023.9460967273012,0.0,0.0,0.0,0.0,1023.9460967273012
2025-12-02T19:30:00Z,2025-12-02T19:45:00Z,2025-12-02,2025-12-02_83,0.0,0,0,100,64.34782608695558,64.34782608695558,0.0,0.0,0.0,True,True,True,False,0.0,1023.9460967273012,0.0,0.0,0.0,0.0,1023.9460967273012
2025-12-02T19:45:00Z,2025-12-02T20:00:00Z,2025-12-02,2025-12-02_84,0.0,0,0,100,64.34782608695558,64.34782608695558,0.0,0.0,0.0,True,True,True,False,0.0,1023.9460967273012,0.0,0.0,0.0,0.0,1023.9460967273012
2025-12-02T20:00:00Z,2025-12-02T20:15:00Z,2025-12-02,2025-12-02_85,0.0,0,0,100,64.34782608695558,64.34782608695558,0.0,0.0,0.0,True,True,True,False,0.0,1023.9460967273012,0.0,0.0,0.0,0.0,1023.9460967273012
2025-12-02T20:15:00Z,2025-12-02T20:30:00Z,2025-12-02,2025-12-02_86,0.0,0,0,100,64.34782608695558,64.34782608695558,0.0,0.0,0.0,True,True,True,False,0.0,1023.9460967273012,0.0,0.0,0.0,0.0,1023.9460967273012
2025-12-02T20:30:00Z,2025-12-02T20:45:00Z,2025-12-02,2025-12-02_87,0.0,0,0,100,64.34782608695558,64.34782608695558,0.0,0.0,0.0,True,True,True,False,0.0,1023.9460967273012,0.0,0.0,0.0,0.0,1023.9460967273012
2025-12-02T20:45:00Z,2025-12-02T21:00:00Z,2025-12-02,2025-12-02_88,0.0,0,0,100,64.34782608695558,64.34782608695558,0.0,0.0,0.0,True,True,True,False,0.0,1023.9460967273012,0.0,0.0,0.0,0.0,1023.9460967273012
2025-12-02T21:00:00Z,2025-12-02T21:15:00Z,2025-12-02,2025-12-02_89,0.0,0,0,100,64.34782608695558,64.34782608695558,0.0,0.0,0.0,True,True,True,False,0.0,1023.9460967273012,0.0,0.0,0.0,0.0,1023.9460967273012
2025-12-02T21:15:00Z,2025-12-02T21:30:00Z,2025-12-02,2025-12-02_90,0.0,0,0,100,64.34782608695558,64.34782608695558,0.0,0.0,0.0,True,True,True,False,0.0,1023.9460967273012,0.0,0.0,0.0,0.0,1023.9460967273012
2025-12-02T21:30:00Z,2025-12-02T21:45:00Z,2025-12-02,2025-12-02_91,0.0,0,0,100,64.34782608695558,64.34782608695558,0.0,0.0,0.0,True,True,True,False,0.0,1023.9460967273012,0.0,0.0,0.0,0.0,1023.9460967273012
2025-12-02T21:45:00Z,2025-12-02T22:00:00Z,2025-12-02,2025-12-02_92,0.0,0,0,100,64.34782608695558,64.34782608695558,0.0,0.0,0.0,True,True,True,False,0.0,1023.9460967273012,0.0,0.0,0.0,0.0,1023.9460967273012
2025-12-02T22:00:00Z,2025-12-02T22:15:00Z,2025-12-03,2025-12-02_93,0.0,27,0,73,64.34782608695558,64.34782608695558,0.0,0.0,0.0,True,True,True,False,0.0,677.7454659776394,19.703692059811765,0.0,0.0,0.0,697.4491580374511
2025-12-02T22:15:00Z,2025-12-02T22:30:00Z,2025-12-03,2025-12-02_94,0.0,27,0,73,64.34782608695558,64.34782608695558,0.0,0.0,0.0,True,True,True,False,0.0,677.7454659776394,19.703692059811765,0.0,0.0,0.0,697.4491580374511
2025-12-02T22:30:00Z,2025-12-02T22:45:00Z,2025-12-03,2025-12-02_95,0.0,27,0,73,64.34782608695558,64.34782608695558,0.0,0.0,0.0,True,True,True,False,0.0,677.7454659776394,19.703692059811765,0.0,0.0,0.0,697.4491580374511
2025-12-02T22:45:00Z,2025-12-02T23:00:00Z,2025-12-03,2025-12-02_96,0.0,27,0,73,64.34782608695558,64.34782608695558,0.0,0.0,0.0,True,True,True,False,0.0,677.7454659776394,19.703692059811765,0.0,0.0,0.0,697.4491580374511
2025-12-02T23:00:00Z,2025-12-02T23:15:00Z,2025-12-03,2025-12-03_1,0.0,0,0,73,64.34782608695558,64.34782608695558,0.0,0.0,0.0,True,True,True,False,0.0,677.7454659776394,0.0,0.0,0.0,0.0,677.7454659776394
2025-12-02T23:15:00Z,2025-12-02T23:30:00Z,2025-12-03,2025-12-03_2,0.0,0,0,73,64.34782608695558,64.34782608695558,0.0,0.0,0.0,True,True,True,False,0.0,677.7454659776394,0.0,0.0,0.0,0.0,677.7454659776394
2025-12-02T23:30:00Z,2025-12-02T23:45:00Z,2025-12-03,2025-12-03_3,0.0,0,0,73,64.34782608695558,64.34782608695558,0.0,0.0,0.0,True,True,True,False,0.0,677.7454659776394,0.0,0.0,0.0,0.0,677.7454659776394
2025-12-02T23:45:00Z,2025-12-03T00:00:00Z,2025-12-03,2025-12-03_4,0.0,0,0,73,64.34782608695558,64.34782608695558,0.0,0.0,0.0,True,True,True,False,0.0,677.7454659776394,0.0,0.0,0.0,0.0,677.7454659776394
2025-12-03T00:00:00Z,2025-12-03T00:15:00Z,2025-12-03,2025-12-03_5,0.0,0,0,73,64.34782608695558,64.34782608695558,0.0,0.0,0.0,True,True,True,False,0.0,677.7454659776394,0.0,0.0,0.0,0.0,677.7454659776394
2025-12-03T00:15:00Z,2025-12-03T00:30:00Z,2025-12-03,2025-12-03_6,0.0,0,0,73,64.34782608695558,64.34782608695558,0.0,0.0,0.0,True,True,True,False,0.0,677.7454659776394,0.0,0.0,0.0,0.0,677.7454659776394
2025-12-03T00:30:00Z,2025-12-03T00:45:00Z,2025-12-03,2025-12-03_7,0.0,0,0,73,64.34782608695558,64.34782608695558,0.0,0.0,0.0,True,True,True,False,0.0,677.7454659776394,0.0,0.0,0.0,0.0,677.7454659776394
2025-12-03T00:45:00Z,2025-12-03T01:00:00Z,2025-12-03,2025-12-03_8,0.0,0,0,73,64.34782608695558,64.34782608695558,0.0,0.0,0.0,True,True,True,False,0.0,677.7454659776394,0.0,0.0,0.0,0.0,677.7454659776394
2025-12-03T01:00:00Z,2025-12-03T01:15:00Z,2025-12-03,2025-12-03_9,0.0,27,0,73,64.34782608695558,64.34782608695558,0.0,0.0,0.0,True,True,True,False,0.0,677.7454659776394,19.114809502289116,0.0,0.0,0.0,696.8602754799284
2025-12-03T01:15:00Z,2025-12-03T01:30:00Z,2025-12-03,2025-12-03_10,0.0,27,0,73,64.34782608695558,64.34782608695558,0.0,0.0,0.0,True,True,True,False,0.0,677.7454659776394,19.114809502289116,0.0,0.0,0.0,696.8602754799284
2025-12-03T01:30:00Z,2025-12-03T01:45:00Z,2025-12-03,2025-12-03_11,0.0,27,0,73,64.34782608695558,64.34782608695558,0.0,0.0,0.0,True,True,True,False,0.0,677.7454659776394,19.114809502289116,0.0,0.0,0.0,696.8602754799284
2025-12-03T01:45:00Z,2025-12-03T02:00:00Z,2025-12-03,2025-12-03_12,0.0,27,0,73,64.34782608695558,64.34782608695558,0.0,0.0,0.0,True,True,True,False,0.0,677.7454659776394,19.114809502289116,0.0,0.0,0.0,696.8602754799284
2025-12-03T02:00:00Z,2025-12-03T02:15:00Z,2025-12-03,2025-12-03_13,0.0,0,0,73,64.34782608695558,64.34782608695558,0.0,0.0,0.0,True,True,True,False,0.0,677.7454659776394,0.0,0.0,0.0,0.0,677.7454659776394
2025-12-03T02:15:00Z,2025-12-03T02:30:00Z,2025-12-03,2025-12-03_14,0.0,0,0,73,64.34782608695558,64.34782608695558,0.0,0.0,0.0,True,True,True,False,0.0,677.7454659776394,0.0,0.0,0.0,0.0,677.7454659776394
2025-12-03T02:30:00Z,2025-12-03T02:45:00Z,2025-12-03,2025-12-03_15,0.0,0,0,73,64.34782608695558,64.34782608695558,0.0,0.0,0.0,True,True,True,False,0.0,677.7454659776394,0.0,0.0,0.0,0.0,677.7454659776394
2025-12-03T02:45:00Z,2025-12-03T03:00:00Z,2025-12-03,2025-12-03_16,0.0,0,0,73,64.34782608695558,64.34782608695558,0.0,0.0,0.0,True,True,True,False,0.0,677.7454659776394,0.0,0.0,0.0,0.0,677.7454659776394
2025-12-03T03:00:00Z,2025-12-03T03:15:00Z,2025-12-03,2025-12-03_17,0.0,0,0,73,64.34782608695558,64.34782608695558,0.0,0.0,0.0,True,True,True,False,0.0,677.7454659776394,0.0,0.0,0.0,0.0,677.7454659776394
2025-12-03T03:15:00Z,2025-12-03T03:30:00Z,2025-12-03,2025-12-03_18,0.0,0,0,73,64.34782608695558,64.34782608695558,0.0,0.0,0.0,True,True,True,False,0.0,677.7454659776394,0.0,0.0,0.0,0.0,677.7454659776394
2025-12-03T03:30:00Z,2025-12-03T03:45:00Z,2025-12-03,2025-12-03_19,0.0,0,0,73,64.34782608695558,64.34782608695558,0.0,0.0,0.0,True,True,True,False,0.0,677.7454659776394,0.0,0.0,0.0,0.0,677.7454659776394
2025-12-03T03:45:00Z,2025-12-03T04:00:00Z,2025-12-03,2025-12-03_20,0.0,0,0,73,64.34782608695558,64.34782608695558,0.0,0.0,0.0,True,True,True,False,0.0,677.7454659776394,0.0,0.0,0.0,0.0,677.7454659776394
2025-12-03T04:00:00Z,2025-12-03T04:15:00Z,2025-12-03,2025-12-03_21,0.0,0,0,73,64.34782608695558,64.34782608695558,0.0,0.0,0.0,True,True,True,False,0.0,677.7454659776394,0.0,0.0,0.0,0.0,677.7454659776394
2025-12-03T04:15:00Z,2025-12-03T04:30:00Z,2025-12-03,2025-12-03_22,0.0,0,0,73,64.34782608695558,64.34782608695558,0.0,0.0,0.0,True,True,True,False,0.0,677.7454659776394,0.0,0.0,0.0,0.0,677.7454659776394
2025-12-03T04:30:00Z,2025-12-03T04:45:00Z,2025-12-03,2025-12-03_23,0.0,0,0,73,64.34782608695558,64.34782608695558,0.0,0.0,0.0,True,True,True,False,0.0,677.7454659776394,0.0,0.0,0.0,0.0,677.7454659776394
2025-12-03T04:45:00Z,2025-12-03T05:00:00Z,2025-12-03,2025-12-03_24,0.0,0,0,73,64.34782608695558,64.34782608695558,0.0,0.0,0.0,True,True,True,False,0.0,677.7454659776394,0.0,0.0,0.0,0.0,677.7454659776394
2025-12-03T05:00:00Z,2025-12-03T05:15:00Z,2025-12-03,2025-12-03_25,0.0,0,0,73,64.34782608695558,64.34782608695558,0.0,0.0,0.0,True,True,True,False,0.0,677.7454659776394,0.0,0.0,0.0,0.0,677.7454659776394
2025-12-03T05:15:00Z,2025-12-03T05:30:00Z,2025-12-03,2025-12-03_26,0.0,0,0,73,64.34782608695558,64.34782608695558,0.0,0.0,0.0,True,True,True,False,0.0,677.7454659776394,0.0,0.0,0.0,0.0,677.7454659776394
2025-12-03T05:30:00Z,2025-12-03T05:45:00Z,2025-12-03,2025-12-03_27,0.0,0,0,73,64.34782608695558,64.34782608695558,0.0,0.0,0.0,True,True,True,False,0.0,677.7454659776394,0.0,0.0,0.0,0.0,677.7454659776394
2025-12-03T05:45:00Z,2025-12-03T06:00:00Z,2025-12-03,2025-12-03_28,0.0,0,0,73,64.34782608695558,64.34782608695558,0.0,0.0,0.0,True,True,True,False,0.0,677.7454659776394,0.0,0.0,0.0,0.0,677.7454659776394
2025-12-03T06:00:00Z,2025-12-03T06:15:00Z,2025-12-03,2025-12-03_29,0.0,2,0,73,64.34782608695558,64.34778881987484,1.0351966873706004e-07,3.4285714285714284e-05,0.0,True,True,True,False,0.0,677.7454659776394,1.9953628200341895,0.0,0.005322090323956985,0.0,679.7461508879975
2025-12-03T06:15:00Z,2025-12-03T06:30:00Z,2025-12-03,2025-12-03_30,0.0,2,0,73,64.34778881987484,64.3477267080736,1.725327812284334e-07,5.714285714285714e-05,0.0,True,True,True,False,0.0,677.7454659776394,1.9953628200341895,0.0,0.008870150539928309,0.0,679.7496989482134
2025-12-03T06:30:00Z,2025-12-03T06:45:00Z,2025-12-03,2025-12-03_31,0.0,2,0,73,64.3477267080736,64.3477018633531,6.901311249137336e-08,2.2857142857142858e-05,0.0,True,True,True,False,0.0,677.7454659776394,1.9953628200341895,0.0,0.003548060215971324,0.0,679.7443768578895
2025-12-03T06:45:00Z,2025-12-03T07:00:00Z,2025-12-03,2025-12-03_32,0.0,2,0,73,64.3477018633531,64.3477018633531,0.0,0.0,0.0,True,True,True,False,0.0,677.7454659776394,1.9953628200341895,0.0,0.0,0.0,679.7408287976735
2025-12-03T07:00:00Z,2025-12-03T07:15:00Z,2025-12-03,2025-12-03_33,0.0,0,0,73,64.3477018633531,64.3477018633531,0.0,0.0,0.0,True,True,True,False,0.0,677.7454659776394,0.0,0.0,0.0,0.0,677.7454659776394
2025-12-03T07:15:00Z,2025-12-03T07:30:00Z,2025-12-03,2025-12-03_34,0.0,0,0,73,64.3477018633531,64.3477018633531,0.0,0.0,0.0,True,True,True,False,0.0,677.7454659776394,0.0,0.0,0.0,0.0,677.7454659776394
2025-12-03T07:30:00Z,2025-12-03T07:45:00Z,2025-12-03,2025-12-03_35,0.0,0,0,73,64.3477018633531,64.3477018633531,0.0,0.0,0.0,True,True,True,False,0.0,677.7454659776394,0.0,0.0,0.0,0.0,677.7454659776394
2025-12-03T07:45:00Z,2025-12-03T08:00:00Z,2025-12-03,2025-12-03_36,0.0,0,0,73,64.3477018633531,64.3477018633531,0.0,0.0,0.0,True,True,True,False,0.0,677.7454659776394,0.0,0.0,0.0,0.0,677.7454659776394
2025-12-03T08:00:00Z,2025-12-03T08:15:00Z,2025-12-03,2025-12-03_37,0.0,0,0,73,64.3477018633531,64.3477018633531,0.0,0.0,0.0,True,True,True,False,0.0,677.7454659776394,0.0,0.0,0.0,0.0,677.7454659776394
2025-12-03T08:15:00Z,2025-12-03T08:30:00Z,2025-12-03,2025-12-03_38,0.0,0,0,73,64.3477018633531,64.3477018633531,0.0,0.0,0.0,True,True,True,False,0.0,677.7454659776394,0.0,0.0,0.0,0.0,677.7454659776394
2025-12-03T08:30:00Z,2025-12-03T08:45:00Z,2025-12-03,2025-12-03_39,0.0,0,0,73,64.3477018633531,64.3477018633531,0.0,0.0,0.0,True,True,True,False,0.0,677.7454659776394,0.0,0.0,0.0,0.0,677.7454659776394
2025-12-03T08:45:00Z,2025-12-03T09:00:00Z,2025-12-03,2025-12-03_40,0.0,0,0,73,64.3477018633531,64.3477018633531,0.0,0.0,0.0,True,True,True,False,0.0,677.7454659776394,0.0,0.0,0.0,0.0,677.7454659776394
2025-12-03T09:00:00Z,2025-12-03T09:15:00Z,2025-12-03,2025-12-03_41,0.0,0,0,73,64.3477018633531,64.3477018633531,0.0,0.0,0.0,True,True,True,False,0.0,677.7454659776394,0.0,0.0,0.0,0.0,677.7454659776394
2025-12-03T09:15:00Z,2025-12-03T09:30:00Z,2025-12-03,2025-12-03_42,0.0,0,0,73,64.3477018633531,64.3477018633531,0.0,0.0,0.0,True,True,True,False,0.0,677.7454659776394,0.0,0.0,0.0,0.0,677.7454659776394
2025-12-03T09:30:00Z,2025-12-03T09:45:00Z,2025-12-03,2025-12-03_43,0.0,0,0,73,64.3477018633531,64.3477018633531,0.0,0.0,0.0,True,True,True,False,0.0,677.7454659776394,0.0,0.0,0.0,0.0,677.7454659776394
2025-12-03T09:45:00Z,2025-12-03T10:00:00Z,2025-12-03,2025-12-03_44,0.0,0,0,73,64.3477018633531,64.3477018633531,0.0,0.0,0.0,True,True,True,False,0.0,677.7454659776394,0.0,0.0,0.0,0.0,677.7454659776394
2025-12-03T10:00:00Z,2025-12-03T10:15:00Z,2025-12-03,2025-12-03_45,0.0,0,0,73,64.3477018633531,64.3477018633531,0.0,0.0,0.0,True,True,True,False,0.0,677.7454659776394,0.0,0.0,0.0,0.0,677.7454659776394
2025-12-03T10:15:00Z,2025-12-03T10:30:00Z,2025-12-03,2025-12-03_46,0.0,0,0,73,64.3477018633531,64.3477018633531,0.0,0.0,0.0,True,True,True,False,0.0,677.7454659776394,0.0,0.0,0.0,0.0,677.7454659776394
2025-12-03T10:30:00Z,2025-12-03T10:45:00Z,2025-12-03,2025-12-03_47,0.0,0,0,73,64.3477018633531,64.3477018633531,0.0,0.0,0.0,True,True,True,False,0.0,677.7454659776394,0.0,0.0,0.0,0.0,677.7454659776394
2025-12-03T10:45:00Z,2025-12-03T11:00:00Z,2025-12-03,2025-12-03_48,0.0,0,0,73,64.3477018633531,64.3477018633531,0.0,0.0,0.0,True,True,True,False,0.0,677.7454659776394,0.0,0.0,0.0,0.0,677.7454659776394
2025-12-03T11:00:00Z,2025-12-03T11:15:00Z,2025-12-03,2025-12-03_49,0.0,0,0,73,64.3477018633531,64.3477018633531,0.0,0.0,0.0,True,True,True,False,0.0,677.7454659776394,0.0,0.0,0.0,0.0,677.7454659776394
2025-12-03T11:15:00Z,2025-12-03T11:30:00Z,2025-12-03,2025-12-03_50,0.0,0,0,73,64.3477018633531,64.3477018633531,0.0,0.0,0.0,True,True,True,False,0.0,677.7454659776394,0.0,0.0,0.0,0.0,677.7454659776394
2025-12-03T11:30:00Z,2025-12-03T11:45:00Z,2025-12-03,2025-12-03_51,0.0,0,0,73,64.3477018633531,64.3477018633531,0.0,0.0,0.0,True,True,True,False,0.0,677.7454659776394,0.0,0.0,0.0,0.0,677.7454659776394
2025-12-03T11:45:00Z,2025-12-03T12:00:00Z,2025-12-03,2025-12-03_52,0.0,0,0,73,64.3477018633531,64.3477018633531,0.0,0.0,0.0,True,True,True,False,0.0,677.7454659776394,0.0,0.0,0.0,0.0,677.7454659776394
2025-12-03T12:00:00Z,2025-12-03T12:15:00Z,2025-12-03,2025-12-03_53,0.0,0,27,73,64.3477018633531,64.3477018633531,0.0,0.0,0.0,True,True,True,False,0.0,677.7454659776394,0.0,1.9974259721376217,0.0,0.0,679.742891949777
2025-12-03T12:15:00Z,2025-12-03T12:30:00Z,2025-12-03,2025-12-03_54,0.0,0,27,73,64.3477018633531,64.3477018633531,0.0,0.0,0.0,True,True,True,False,0.0,677.7454659776394,0.0,1.9974259721376217,0.0,0.0,679.742891949777
2025-12-03T12:30:00Z,2025-12-03T12:45:00Z,2025-12-03,2025-12-03_55,0.0,0,27,73,64.3477018633531,64.3477018633531,0.0,0.0,0.0,True,True,True,False,0.0,677.7454659776394,0.0,1.9974259721376217,0.0,0.0,679.742891949777
2025-12-03T12:45:00Z,2025-12-03T13:00:00Z,2025-12-03,2025-12-03_56,0.0,0,27,73,64.3477018633531,64.3477018633531,0.0,0.0,0.0,True,True,True,False,0.0,677.7454659776394,0.0,1.9974259721376217,0.0,0.0,679.742891949777
2025-12-03T13:00:00Z,2025-12-03T13:15:00Z,2025-12-03,2025-12-03_57,0.0,0,0,73,64.3477018633531,64.3477018633531,0.0,0.0,0.0,True,True,True,False,0.0,677.7454659776394,0.0,0.0,0.0,0.0,677.7454659776394
2025-12-03T13:15:00Z,2025-12-03T13:30:00Z,2025-12-03,2025-12-03_58,0.0,0,0,73,64.3477018633531,64.3477018633531,0.0,0.0,0.0,True,True,True,False,0.0,677.7454659776394,0.0,0.0,0.0,0.0,677.7454659776394
2025-12-03T13:30:00Z,2025-12-03T13:45:00Z,2025-12-03,2025-12-03_59,0.0,0,0,73,64.3477018633531,64.3477018633531,0.0,0.0,0.0,True,True,True,False,0.0,677.7454659776394,0.0,0.0,0.0,0.0,677.7454659776394
2025-12-03T13:45:00Z,2025-12-03T14:00:00Z,2025-12-03,2025-12-03_60,0.0,0,0,73,64.3477018633531,64.3477018633531,0.0,0.0,0.0,True,True,True,False,0.0,677.7454659776394,0.0,0.0,0.0,0.0,677.7454659776394
2025-12-03T14:00:00Z,2025-12-03T14:15:00Z,2025-12-03,2025-12-03_61,0.0,0,0,73,64.3477018633531,64.3477018633531,0.0,0.0,0.0,True,True,True,False,0.0,677.7454659776394,0.0,0.0,0.0,0.0,677.7454659776394
2025-12-03T14:15:00Z,2025-12-03T14:30:00Z,2025-12-03,2025-12-03_62,0.0,0,0,73,64.3477018633531,64.3477018633531,0.0,0.0,0.0,True,True,True,False,0.0,677.7454659776394,0.0,0.0,0.0,0.0,677.7454659776394
2025-12-03T14:30:00Z,2025-12-03T14:45:00Z,2025-12-03,2025-12-03_63,0.0,0,0,73,64.3477018633531,64.3477018633531,0.0,0.0,0.0,True,True,True,False,0.0,677.7454659776394,0.0,0.0,0.0,0.0,677.7454659776394
2025-12-03T14:45:00Z,2025-12-03T15:00:00Z,2025-12-03,2025-12-03_64,0.0,0,0,73,64.3477018633531,64.3477018633531,0.0,0.0,0.0,True,True,True,False,0.0,677.7454659776394,0.0,0.0,0.0,0.0,677.7454659776394
2025-12-03T15:00:00Z,2025-12-03T15:15:00Z,2025-12-03,2025-12-03_65,0.0,0,0,73,64.3477018633531,64.3477018633531,0.0,0.0,0.0,True,True,True,False,0.0,677.7454659776394,0.0,0.0,0.0,0.0,677.7454659776394
2025-12-03T15:15:00Z,2025-12-03T15:30:00Z,2025-12-03,2025-12-03_66,0.0,0,0,73,64.3477018633531,64.3477018633531,0.0,0.0,0.0,True,True,True,False,0.0,677.7454659776394,0.0,0.0,0.0,0.0,677.7454659776394
2025-12-03T15:30:00Z,2025-12-03T15:45:00Z,2025-12-03,2025-12-03_67,0.0,0,0,73,64.3477018633531,64.3477018633531,0.0,0.0,0.0,True,True,True,False,0.0,677.7454659776394,0.0,0.0,0.0,0.0,677.7454659776394
2025-12-03T15:45:00Z,2025-12-03T16:00:00Z,2025-12-03,2025-12-03_68,0.00020525638811557973,0,0,73,64.3477018633531,64.34764608716068,1.5493386784086633e-07,0.0,0.0,True,True,True,False,0.018239082647950416,677.7454659776394,0.0,0.0,0.0,0.0,677.7637050602873
2025-12-03T16:00:00Z,2025-12-03T16:15:00Z,2025-12-03,2025-12-03_69,0.0,0,0,73,64.34764608716068,64.34764608716068,0.0,0.0,0.0,True,True,True,False,0.0,677.7454659776394,0.0,0.0,0.0,0.0,677.7454659776394
2025-12-03T16:15:00Z,2025-12-03T16:30:00Z,2025-12-03,2025-12-03_70,0.0,0,0,73,64.34764608716068,64.34764608716068,0.0,0.0,0.0,True,True,True,False,0.0,677.7454659776394,0.0,0.0,0.0,0.0,677.7454659776394
2025-12-03T16:30:00Z,2025-12-03T16:45:00Z,2025-12-03,2025-12-03_71,0.0,0,0,73,64.34764608716068,64.34764608716068,0.0,0.0,0.0,True,True,True,False,0.0,677.7454659776394,0.0,0.0,0.0,0.0,677.7454659776394
2025-12-03T16:45:00Z,2025-12-03T17:00:00Z,2025-12-03,2025-12-03_72,0.0,0,0,73,64.34764608716068,64.34764608716068,0.0,0.0,0.0,True,True,True,False,0.0,677.7454659776394,0.0,0.0,0.0,0.0,677.7454659776394
2025-12-03T17:00:00Z,2025-12-03T17:15:00Z,2025-12-03,2025-12-03_73,0.0,0,0,73,64.34764608716068,64.34764608716068,0.0,0.0,0.0,True,True,True,False,0.0,677.7454659776394,0.0,0.0,0.0,0.0,677.7454659776394
2025-12-03T17:15:00Z,2025-12-03T17:30:00Z,2025-12-03,2025-12-03_74,0.0,0,0,73,64.34764608716068,64.34764608716068,0.0,0.0,0.0,True,True,True,False,0.0,677.7454659776394,0.0,0.0,0.0,0.0,677.7454659776394
2025-12-03T17:30:00Z,2025-12-03T17:45:00Z,2025-12-03,2025-12-03_75,0.0,0,0,73,64.34764608716068,64.34764608716068,0.0,0.0,0.0,True,True,True,False,0.0,677.7454659776394,0.0,0.0,0.0,0.0,677.7454659776394
2025-12-03T17:45:00Z,2025-12-03T18:00:00Z,2025-12-03,2025-12-03_76,0.0,0,0,73,64.34764608716068,64.34764608716068,0.0,0.0,0.0,True,True,True,False,0.0,677.7454659776394,0.0,0.0,0.0,0.0,677.7454659776394
2025-12-03T18:00:00Z,2025-12-03T18:15:00Z,2025-12-03,2025-12-03_77,0.0,0,0,73,64.34764608716068,64.34764608716068,0.0,0.0,0.0,True,True,True,False,0.0,677.7454659776394,0.0,0.0,0.0,0.0,677.7454659776394
2025-12-03T18:15:00Z,2025-12-03T18:30:00Z,2025-12-03,2025-12-03_78,0.0,0,0,73,64.34764608716068,64.34764608716068,0.0,0.0,0.0,True,True,True,False,0.0,677.7454659776394,0.0,0.0,0.0,0.0,677.7454659776394
2025-12-03T18:30:00Z,2025-12-03T18:45:00Z,2025-12-03,2025-12-03_79,0.0,0,0,73,64.34764608716068,64.34764608716068,0.0,0.0,0.0,True,True,True,False,0.0,677.7454659776394,0.0,0.0,0.0,0.0,677.7454659776394
2025-12-03T18:45:00Z,2025-12-03T19:00:00Z,2025-12-03,2025-12-03_80,0.0,0,0,73,64.34764608716068,64.34764608716068,0.0,0.0,0.0,True,True,True,False,0.0,677.7454659776394,0.0,0.0,0.0,0.0,677.7454659776394
2025-12-03T19:00:00Z,2025-12-03T19:15:00Z,2025-12-03,2025-12-03_81,0.0,0,0,73,64.34764608716068,64.34764608716068,0.0,0.0,0.0,True,True,True,False,0.0,677.7454659776394,0.0,0.0,0.0,0.0,677.7454659776394
2025-12-03T19:15:00Z,2025-12-03T19:30:00Z,2025-12-03,2025-12-03_82,0.0,0,0,73,64.34764608716068,64.34764608716068,0.0,0.0,0.0,True,True,True,False,0.0,677.7454659776394,0.0,0.0,0.0,0.0,677.7454659776394
2025-12-03T19:30:00Z,2025-12-03T19:45:00Z,2025-12-03,2025-12-03_83,0.0,0,0,73,64.34764608716068,64.34764608716068,0.0,0.0,0.0,True,True,True,False,0.0,677.7454659776394,0.0,0.0,0.0,0.0,677.7454659776394
2025-12-03T19:45:00Z,2025-12-03T20:00:00Z,2025-12-03,2025-12-03_84,0.0,0,0,73,64.34764608716068,64.34764608716068,0.0,0.0,0.0,True,True,True,False,0.0,677.7454659776394,0.0,0.0,0.0,0.0,677.7454659776394
2025-12-03T20:00:00Z,2025-12-03T20:15:00Z,2025-12-03,2025-12-03_85,0.0,27,0,73,64.34764608716068,64.34764608716068,0.0,0.0,0.0,True,True,True,False,0.0,677.7454659776394,21.868233352327433,0.0,0.0,0.0,699.6136993299668
2025-12-03T20:15:00Z,2025-12-03T20:30:00Z,2025-12-03,2025-12-03_86,0.0,27,0,73,64.34764608716068,64.34764608716068,0.0,0.0,0.0,True,True,True,False,0.0,677.7454659776394,21.868233352327433,0.0,0.0,0.0,699.6136993299668
2025-12-03T20:30:00Z,2025-12-03T20:45:00Z,2025-12-03,2025-12-03_87,0.0,27,0,73,64.34764608716068,64.34764608716068,0.0,0.0,0.0,True,True,True,False,0.0,677.7454659776394,21.868233352327433,0.0,0.0,0.0,699.6136993299668
2025-12-03T20:45:00Z,2025-12-03T21:00:00Z,2025-12-03,2025-12-03_88,0.0,27,0,73,64.34764608716068,64.34764608716068,0.0,0.0,0.0,True,True,True,False,0.0,677.7454659776394,21.868233352327433,0.0,0.0,0.0,699.6136993299668
2025-12-03T21:00:00Z,2025-12-03T21:15:00Z,2025-12-03,2025-12-03_89,0.0,27,0,73,64.34764608716068,64.34764608716068,0.0,0.0,0.0,True,True,True,False,0.0,677.7454659776394,21.868233352327433,0.0,0.0,0.0,699.6136993299668
2025-12-03T21:15:00Z,2025-12-03T21:30:00Z,2025-12-03,2025-12-03_90,0.0,27,0,73,64.34764608716068,64.34764608716068,0.0,0.0,0.0,True,True,True,False,0.0,677.7454659776394,21.868233352327433,0.0,0.0,0.0,699.6136993299668
2025-12-03T21:30:00Z,2025-12-03T21:45:00Z,2025-12-03,2025-12-03_91,0.0,27,0,73,64.34764608716068,64.34764608716068,0.0,0.0,0.0,True,True,True,False,0.0,677.7454659776394,21.868233352327433,0.0,0.0,0.0,699.6136993299668
2025-12-03T21:45:00Z,2025-12-03T22:00:00Z,2025-12-03,2025-12-03_92,0.0,27,0,73,64.34764608716068,64.34764608716068,0.0,0.0,0.0,True,True,True,False,0.0,677.7454659776394,21.868233352327433,0.0,0.0,0.0,699.6136993299668
2025-12-03T22:00:00Z,2025-12-03T22:15:00Z,2025-12-04,2025-12-03_93,0.0,11,0,89,64.34764608716068,64.34764608716068,0.0,0.0,0.0,True,True,True,False,0.0,826.0164997053623,8.225692398350029,0.0,0.0,0.0,834.2421921037123
2025-12-03T22:15:00Z,2025-12-03T22:30:00Z,2025-12-04,2025-12-03_94,0.0,11,0,89,64.34764608716068,64.34764608716068,0.0,0.0,0.0,True,True,True,False,0.0,826.0164997053623,8.225692398350029,0.0,0.0,0.0,834.2421921037123
2025-12-03T22:30:00Z,2025-12-03T22:45:00Z,2025-12-04,2025-12-03_95,0.0,11,0,89,64.34764608716068,64.34764608716068,0.0,0.0,0.0,True,True,True,False,0.0,826.0164997053623,8.225692398350029,0.0,0.0,0.0,834.2421921037123
2025-12-03T22:45:00Z,2025-12-03T23:00:00Z,2025-12-04,2025-12-03_96,0.0,11,0,89,64.34764608716068,64.34764608716068,0.0,0.0,0.0,True,True,True,False,0.0,826.0164997053623,8.225692398350029,0.0,0.0,0.0,834.2421921037123
2025-12-03T23:00:00Z,2025-12-03T23:15:00Z,2025-12-04,2025-12-04_1,0.0,0,0,89,64.34764608716068,64.34764608716068,0.0,0.0,0.0,True,True,True,False,0.0,826.0164997053623,0.0,0.0,0.0,0.0,826.0164997053623
2025-12-03T23:15:00Z,2025-12-03T23:30:00Z,2025-12-04,2025-12-04_2,0.0,0,0,89,64.34764608716068,64.34764608716068,0.0,0.0,0.0,True,True,True,False,0.0,826.0164997053623,0.0,0.0,0.0,0.0,826.0164997053623
2025-12-03T23:30:00Z,2025-12-03T23:45:00Z,2025-12-04,2025-12-04_3,0.0,0,0,89,64.34764608716068,64.34764608716068,0.0,0.0,0.0,True,True,True,False,0.0,826.0164997053623,0.0,0.0,0.0,0.0,826.0164997053623
2025-12-03T23:45:00Z,2025-12-04T00:00:00Z,2025-12-04,2025-12-04_4,0.0,0,0,89,64.34764608716068,64.34764608716068,0.0,0.0,0.0,True,True,True,False,0.0,826.0164997053623,0.0,0.0,0.0,0.0,826.0164997053623
2025-12-04T00:00:00Z,2025-12-04T00:15:00Z,2025-12-04,2025-12-04_5,0.0,0,0,89,64.34764608716068,64.34764608716068,0.0,0.0,0.0,True,True,True,False,0.0,826.0164997053623,0.0,0.0,0.0,0.0,826.0164997053623
2025-12-04T00:15:00Z,2025-12-04T00:30:00Z,2025-12-04,2025-12-04_6,0.0,0,0,89,64.34764608716068,64.34764608716068,0.0,0.0,0.0,True,True,True,False,0.0,826.0164997053623,0.0,0.0,0.0,0.0,826.0164997053623
2025-12-04T00:30:00Z,2025-12-04T00:45:00Z,2025-12-04,2025-12-04_7,0.0,0,0,89,64.34764608716068,64.34764608716068,0.0,0.0,0.0,True,True,True,False,0.0,826.0164997053623,0.0,0.0,0.0,0.0,826.0164997053623
2025-12-04T00:45:00Z,2025-12-04T01:00:00Z,2025-12-04,2025-12-04_8,0.0,0,0,89,64.34764608716068,64.34764608716068,0.0,0.0,0.0,True,True,True,False,0.0,826.0164997053623,0.0,0.0,0.0,0.0,826.0164997053623
2025-12-04T01:00:00Z,2025-12-04T01:15:00Z,2025-12-04,2025-12-04_9,0.0,0,0,89,64.34764608716068,64.34764608716068,0.0,0.0,0.0,True,True,True,False,0.0,826.0164997053623,0.0,0.0,0.0,0.0,826.0164997053623
2025-12-04T01:15:00Z,2025-12-04T01:30:00Z,2025-12-04,2025-12-04_10,0.0,0,0,89,64.34764608716068,64.34764608716068,0.0,0.0,0.0,True,True,True,False,0.0,826.0164997053623,0.0,0.0,0.0,0.0,826.0164997053623
2025-12-04T01:30:00Z,2025-12-04T01:45:00Z,2025-12-04,2025-12-04_11,0.0,0,0,89,64.34764608716068,64.34764608716068,0.0,0.0,0.0,True,True,True,False,0.0,826.0164997053623,0.0,0.0,0.0,0.0,826.0164997053623
2025-12-04T01:45:00Z,2025-12-04T02:00:00Z,2025-12-04,2025-12-04_12,0.0,0,0,89,64.34764608716068,64.34764608716068,0.0,0.0,0.0,True,True,True,False,0.0,826.0164997053623,0.0,0.0,0.0,0.0,826.0164997053623
2025-12-04T02:00:00Z,2025-12-04T02:15:00Z,2025-12-04,2025-12-04_13,0.0,0,0,89,64.34764608716068,64.34764608716068,0.0,0.0,0.0,True,True,True,False,0.0,826.0164997053623,0.0,0.0,0.0,0.0,826.0164997053623
2025-12-04T02:15:00Z,2025-12-04T02:30:00Z,2025-12-04,2025-12-04_14,0.0,0,0,89,64.34764608716068,64.34764608716068,0.0,0.0,0.0,True,True,True,False,0.0,826.0164997053623,0.0,0.0,0.0,0.0,826.0164997053623
2025-12-04T02:30:00Z,2025-12-04T02:45:00Z,2025-12-04,2025-12-04_15,0.0,0,0,89,64.34764608716068,64.34764608716068,0.0,0.0,0.0,True,True,True,False,0.0,826.0164997053623,0.0,0.0,0.0,0.0,826.0164997053623
2025-12-04T02:45:00Z,2025-12-04T03:00:00Z,2025-12-04,2025-12-04_16,0.0,0,0,89,64.34764608716068,64.34764608716068,0.0,0.0,0.0,True,True,True,False,0.0,826.0164997053623,0.0,0.0,0.0,0.0,826.0164997053623
2025-12-04T03:00:00Z,2025-12-04T03:15:00Z,2025-12-04,2025-12-04_17,0.0,0,0,89,64.34764608716068,64.34764608716068,0.0,0.0,0.0,True,True,True,False,0.0,826.0164997053623,0.0,0.0,0.0,0.0,826.0164997053623
2025-12-04T03:15:00Z,2025-12-04T03:30:00Z,2025-12-04,2025-12-04_18,0.0,0,0,89,64.34764608716068,64.34764608716068,0.0,0.0,0.0,True,True,True,False,0.0,826.0164997053623,0.0,0.0,0.0,0.0,826.0164997053623
2025-12-04T03:30:00Z,2025-12-04T03:45:00Z,2025-12-04,2025-12-04_19,0.0,0,0,89,64.34764608716068,64.34764608716068,0.0,0.0,0.0,True,True,True,False,0.0,826.0164997053623,0.0,0.0,0.0,0.0,826.0164997053623
2025-12-04T03:45:00Z,2025-12-04T04:00:00Z,2025-12-04,2025-12-04_20,0.0,0,0,89,64.34764608716068,64.34764608716068,0.0,0.0,0.0,True,True,True,False,0.0,826.0164997053623,0.0,0.0,0.0,0.0,826.0164997053623
2025-12-04T04:00:00Z,2025-12-04T04:15:00Z,2025-12-04,2025-12-04_21,0.0,0,0,89,64.34764608716068,64.34764608716068,0.0,0.0,0.0,True,True,True,False,0.0,826.0164997053623,0.0,0.0,0.0,0.0,826.0164997053623
2025-12-04T04:15:00Z,2025-12-04T04:30:00Z,2025-12-04,2025-12-04_22,0.0,0,0,89,64.34764608716068,64.34764608716068,0.0,0.0,0.0,True,True,True,False,0.0,826.0164997053623,0.0,0.0,0.0,0.0,826.0164997053623
2025-12-04T04:30:00Z,2025-12-04T04:45:00Z,2025-12-04,2025-12-04_23,0.0,0,0,89,64.34764608716068,64.34764608716068,0.0,0.0,0.0,True,True,True,False,0.0,826.0164997053623,0.0,0.0,0.0,0.0,826.0164997053623
2025-12-04T04:45:00Z,2025-12-04T05:00:00Z,2025-12-04,2025-12-04_24,0.0,0,0,89,64.34764608716068,64.34764608716068,0.0,0.0,0.0,True,True,True,False,0.0,826.0164997053623,0.0,0.0,0.0,0.0,826.0164997053623
2025-12-04T05:00:00Z,2025-12-04T05:15:00Z,2025-12-04,2025-12-04_25,0.0,0,0,89,64.34764608716068,64.34764608716068,0.0,0.0,0.0,True,True,True,False,0.0,826.0164997053623,0.0,0.0,0.0,0.0,826.0164997053623
2025-12-04T05:15:00Z,2025-12-04T05:30:00Z,2025-12-04,2025-12-04_26,0.0,0,0,89,64.34764608716068,64.34764608716068,0.0,0.0,0.0,True,True,True,False,0.0,826.0164997053623,0.0,0.0,0.0,0.0,826.0164997053623
2025-12-04T05:30:00Z,2025-12-04T05:45:00Z,2025-12-04,2025-12-04_27,0.0,0,0,89,64.34764608716068,64.34764608716068,0.0,0.0,0.0,True,True,True,False,0.0,826.0164997053623,0.0,0.0,0.0,0.0,826.0164997053623
2025-12-04T05:45:00Z,2025-12-04T06:00:00Z,2025-12-04,2025-12-04_28,0.0,0,0,89,64.34764608716068,64.34764608716068,0.0,0.0,0.0,True,True,True,False,0.0,826.0164997053623,0.0,0.0,0.0,0.0,826.0164997053623
2025-12-04T06:00:00Z,2025-12-04T06:15:00Z,2025-12-04,2025-12-04_29,0.0,0,0,89,64.34764608716068,64.34764608716068,0.0,0.0,0.0,True,True,True,False,0.0,826.0164997053623,0.0,0.0,0.0,0.0,826.0164997053623
2025-12-04T06:15:00Z,2025-12-04T06:30:00Z,2025-12-04,2025-12-04_30,0.0,0,0,89,64.34764608716068,64.34764608716068,0.0,0.0,0.0,True,True,True,False,0.0,826.0164997053623,0.0,0.0,0.0,0.0,826.0164997053623
2025-12-04T06:30:00Z,2025-12-04T06:45:00Z,2025-12-04,2025-12-04_31,0.0,0,0,89,64.34764608716068,64.34764608716068,0.0,0.0,0.0,True,True,True,False,0.0,826.0164997053623,0.0,0.0,0.0,0.0,826.0164997053623
2025-12-04T06:45:00Z,2025-12-04T07:00:00Z,2025-12-04,2025-12-04_32,0.0,0,0,89,64.34764608716068,64.34764608716068,0.0,0.0,0.0,True,True,True,False,0.0,826.0164997053623,0.0,0.0,0.0,0.0,826.0164997053623
2025-12-04T07:00:00Z,2025-12-04T07:15:00Z,2025-12-04,2025-12-04_33,0.0,0,0,89,64.34764608716068,64.34764608716068,0.0,0.0,0.0,True,True,True,False,0.0,826.0164997053623,0.0,0.0,0.0,0.0,826.0164997053623
2025-12-04T07:15:00Z,2025-12-04T07:30:00Z,2025-12-04,2025-12-04_34,0.0,0,0,89,64.34764608716068,64.34764608716068,0.0,0.0,0.0,True,True,True,False,0.0,826.0164997053623,0.0,0.0,0.0,0.0,826.0164997053623
2025-12-04T07:30:00Z,2025-12-04T07:45:00Z,2025-12-04,2025-12-04_35,0.0,0,0,89,64.34764608716068,64.34764608716068,0.0,0.0,0.0,True,True,True,False,0.0,826.0164997053623,0.0,0.0,0.0,0.0,826.0164997053623
2025-12-04T07:45:00Z,2025-12-04T08:00:00Z,2025-12-04,2025-12-04_36,0.0,0,0,89,64.34764608716068,64.34764608716068,0.0,0.0,0.0,True,True,True,False,0.0,826.0164997053623,0.0,0.0,0.0,0.0,826.0164997053623
2025-12-04T08:00:00Z,2025-12-04T08:15:00Z,2025-12-04,2025-12-04_37,0.0,0,0,89,64.34764608716068,64.34764608716068,0.0,0.0,0.0,True,True,True,False,0.0,826.0164997053623,0.0,0.0,0.0,0.0,826.0164997053623
2025-12-04T08:15:00Z,2025-12-04T08:30:00Z,2025-12-04,2025-12-04_38,0.0,0,0,89,64.34764608716068,64.34764608716068,0.0,0.0,0.0,True,True,True,False,0.0,826.0164997053623,0.0,0.0,0.0,0.0,826.0164997053623
2025-12-04T08:30:00Z,2025-12-04T08:45:00Z,2025-12-04,2025-12-04_39,0.0,0,0,89,64.34764608716068,64.34764608716068,0.0,0.0,0.0,True,True,True,False,0.0,826.0164997053623,0.0,0.0,0.0,0.0,826.0164997053623
2025-12-04T08:45:00Z,2025-12-04T09:00:00Z,2025-12-04,2025-12-04_40,0.0,0,0,89,64.34764608716068,64.34764608716068,0.0,0.0,0.0,True,True,True,False,0.0,826.0164997053623,0.0,0.0,0.0,0.0,826.0164997053623
2025-12-04T09:00:00Z,2025-12-04T09:15:00Z,2025-12-04,2025-12-04_41,0.0,0,0,89,64.34764608716068,64.34764608716068,0.0,0.0,0.0,True,True,True,False,0.0,826.0164997053623,0.0,0.0,0.0,0.0,826.0164997053623
2025-12-04T09:15:00Z,2025-12-04T09:30:00Z,2025-12-04,2025-12-04_42,0.0,0,0,89,64.34764608716068,64.34764608716068,0.0,0.0,0.0,True,True,True,False,0.0,826.0164997053623,0.0,0.0,0.0,0.0,826.0164997053623
2025-12-04T09:30:00Z,2025-12-04T09:45:00Z,2025-12-04,2025-12-04_43,0.0,0,0,89,64.34764608716068,64.34764608716068,0.0,0.0,0.0,True,True,True,False,0.0,826.0164997053623,0.0,0.0,0.0,0.0,826.0164997053623
2025-12-04T09:45:00Z,2025-12-04T10:00:00Z,2025-12-04,2025-12-04_44,0.0,0,0,89,64.34764608716068,64.34764608716068,0.0,0.0,0.0,True,True,True,False,0.0,826.0164997053623,0.0,0.0,0.0,0.0,826.0164997053623
2025-12-04T10:00:00Z,2025-12-04T10:15:00Z,2025-12-04,2025-12-04_45,0.0,11,0,89,64.34764608716068,64.34764608716068,0.0,0.0,0.0,True,True,True,False,0.0,826.0164997053623,8.3326458456099,0.0,0.0,0.0,834.3491455509723
2025-12-04T10:15:00Z,2025-12-04T10:30:00Z,2025-12-04,2025-12-04_46,0.0,11,0,89,64.34764608716068,64.34764608716068,0.0,0.0,0.0,True,True,True,False,0.0,826.0164997053623,8.3326458456099,0.0,0.0,0.0,834.3491455509723
2025-12-04T10:30:00Z,2025-12-04T10:45:00Z,2025-12-04,2025-12-04_47,0.0,11,0,89,64.34764608716068,64.34764608716068,0.0,0.0,0.0,True,True,True,False,0.0,826.0164997053623,8.3326458456099,0.0,0.0,0.0,834.3491455509723
2025-12-04T10:45:00Z,2025-12-04T11:00:00Z,2025-12-04,2025-12-04_48,0.0,11,0,89,64.34764608716068,64.34764608716068,0.0,0.0,0.0,True,True,True,False,0.0,826.0164997053623,8.3326458456099,0.0,0.0,0.0,834.3491455509723
2025-12-04T11:00:00Z,2025-12-04T11:15:00Z,2025-12-04,2025-12-04_49,0.0,0,0,89,64.34764608716068,64.34764608716068,0.0,0.0,0.0,True,True,True,False,0.0,826.0164997053623,0.0,0.0,0.0,0.0,826.0164997053623
2025-12-04T11:15:00Z,2025-12-04T11:30:00Z,2025-12-04,2025-12-04_50,0.0,0,0,89,64.34764608716068,64.34764608716068,0.0,0.0,0.0,True,True,True,False,0.0,826.0164997053623,0.0,0.0,0.0,0.0,826.0164997053623
2025-12-04T11:30:00Z,2025-12-04T11:45:00Z,2025-12-04,2025-12-04_51,0.0,0,0,89,64.34764608716068,64.34764608716068,0.0,0.0,0.0,True,True,True,False,0.0,826.0164997053623,0.0,0.0,0.0,0.0,826.0164997053623
2025-12-04T11:45:00Z,2025-12-04T12:00:00Z,2025-12-04,2025-12-04_52,0.0,0,0,89,64.34764608716068,64.34764608716068,0.0,0.0,0.0,True,True,True,False,0.0,826.0164997053623,0.0,0.0,0.0,0.0,826.0164997053623
2025-12-04T12:00:00Z,2025-12-04T12:15:00Z,2025-12-04,2025-12-04_53,0.0,0,0,89,64.34764608716068,64.34764608716068,0.0,0.0,0.0,True,True,True,False,0.0,826.0164997053623,0.0,0.0,0.0,0.0,826.0164997053623
2025-12-04T12:15:00Z,2025-12-04T12:30:00Z,2025-12-04,2025-12-04_54,0.0,0,0,89,64.34764608716068,64.34764608716068,0.0,0.0,0.0,True,True,True,False,0.0,826.0164997053623,0.0,0.0,0.0,0.0,826.0164997053623
2025-12-04T12:30:00Z,2025-12-04T12:45:00Z,2025-12-04,2025-12-04_55,0.0,0,0,89,64.34764608716068,64.34764608716068,0.0,0.0,0.0,True,True,True,False,0.0,826.0164997053623,0.0,0.0,0.0,0.0,826.0164997053623
2025-12-04T12:45:00Z,2025-12-04T13:00:00Z,2025-12-04,2025-12-04_56,0.0,0,0,89,64.34764608716068,64.34764608716068,0.0,0.0,0.0,True,True,True,False,0.0,826.0164997053623,0.0,0.0,0.0,0.0,826.0164997053623
2025-12-04T13:00:00Z,2025-12-04T13:15:00Z,2025-12-04,2025-12-04_57,0.0,0,0,89,64.34764608716068,64.34764608716068,0.0,0.0,0.0,True,True,True,False,0.0,826.0164997053623,0.0,0.0,0.0,0.0,826.0164997053623
2025-12-04T13:15:00Z,2025-12-04T13:30:00Z,2025-12-04,2025-12-04_58,0.0,0,0,89,64.34764608716068,64.34764608716068,0.0,0.0,0.0,True,True,True,False,0.0,826.0164997053623,0.0,0.0,0.0,0.0,826.0164997053623
2025-12-04T13:30:00Z,2025-12-04T13:45:00Z,2025-12-04,2025-12-04_59,0.0,0,0,89,64.34764608716068,64.34764608716068,0.0,0.0,0.0,True,True,True,False,0.0,826.0164997053623,0.0,0.0,0.0,0.0,826.0164997053623
2025-12-04T13:45:00Z,2025-12-04T14:00:00Z,2025-12-04,2025-12-04_60,0.0,0,0,89,64.34764608716068,64.34764608716068,0.0,0.0,0.0,True,True,True,False,0.0,826.0164997053623,0.0,0.0,0.0,0.0,826.0164997053623
2025-12-04T14:00:00Z,2025-12-04T14:15:00Z,2025-12-04,2025-12-04_61,0.0,0,0,89,64.34764608716068,64.34764608716068,0.0,0.0,0.0,True,True,True,False,0.0,826.0164997053623,0.0,0.0,0.0,0.0,826.0164997053623
2025-12-04T14:15:00Z,2025-12-04T14:30:00Z,2025-12-04,2025-12-04_62,0.0,0,0,89,64.34764608716068,64.34764608716068,0.0,0.0,0.0,True,True,True,False,0.0,826.0164997053623,0.0,0.0,0.0,0.0,826.0164997053623
2025-12-04T14:30:00Z,2025-12-04T14:45:00Z,2025-12-04,2025-12-04_63,0.0,0,0,89,64.34764608716068,64.34764608716068,0.0,0.0,0.0,True,True,True,False,0.0,826.0164997053623,0.0,0.0,0.0,0.0,826.0164997053623
2025-12-04T14:45:00Z,2025-12-04T15:00:00Z,2025-12-04,2025-12-04_64,0.0,0,0,89,64.34764608716068,64.34764608716068,0.0,0.0,0.0,True,True,True,False,0.0,826.0164997053623,0.0,0.0,0.0,0.0,826.0164997053623
2025-12-04T15:00:00Z,2025-12-04T15:15:00Z,2025-12-04,2025-12-04_65,0.0,0,0,89,64.34764608716068,64.34764608716068,0.0,0.0,0.0,True,True,True,False,0.0,826.0164997053623,0.0,0.0,0.0,0.0,826.0164997053623
2025-12-04T15:15:00Z,2025-12-04T15:30:00Z,2025-12-04,2025-12-04_66,0.0,0,0,89,64.34764608716068,64.34764608716068,0.0,0.0,0.0,True,True,True,False,0.0,826.0164997053623,0.0,0.0,0.0,0.0,826.0164997053623
2025-12-04T15:30:00Z,2025-12-04T15:45:00Z,2025-12-04,2025-12-04_67,0.0,0,0,89,64.34764608716068,64.34764608716068,0.0,0.0,0.0,True,True,True,False,0.0,826.0164997053623,0.0,0.0,0.0,0.0,826.0164997053623
2025-12-04T15:45:00Z,2025-12-04T16:00:00Z,2025-12-04,2025-12-04_68,0.0,0,0,89,64.34764608716068,64.34764608716068,0.0,0.0,0.0,True,True,True,False,0.0,826.0164997053623,0.0,0.0,0.0,0.0,826.0164997053623
2025-12-04T16:00:00Z,2025-12-04T16:15:00Z,2025-12-04,2025-12-04_69,0.0,0,0,89,64.34764608716068,64.34764608716068,0.0,0.0,0.0,True,True,True,False,0.0,826.0164997053623,0.0,0.0,0.0,0.0,826.0164997053623
2025-12-04T16:15:00Z,2025-12-04T16:30:00Z,2025-12-04,2025-12-04_70,0.0,0,0,89,64.34764608716068,64.34764608716068,0.0,0.0,0.0,True,True,True,False,0.0,826.0164997053623,0.0,0.0,0.0,0.0,826.0164997053623
2025-12-04T16:30:00Z,2025-12-04T16:45:00Z,2025-12-04,2025-12-04_71,0.0,0,0,89,64.34764608716068,64.34764608716068,0.0,0.0,0.0,True,True,True,False,0.0,826.0164997053623,0.0,0.0,0.0,0.0,826.0164997053623
2025-12-04T16:45:00Z,2025-12-04T17:00:00Z,2025-12-04,2025-12-04_72,0.0,0,0,89,64.34764608716068,64.34764608716068,0.0,0.0,0.0,True,True,True,False,0.0,826.0164997053623,0.0,0.0,0.0,0.0,826.0164997053623
2025-12-04T17:00:00Z,2025-12-04T17:15:00Z,2025-12-04,2025-12-04_73,0.0,11,0,89,64.34764608716068,64.34764608716068,0.0,0.0,0.0,True,True,True,False,0.0,826.0164997053623,11.058338243959927,0.0,0.0,0.0,837.0748379493223
2025-12-04T17:15:00Z,2025-12-04T17:30:00Z,2025-12-04,2025-12-04_74,0.0,11,0,89,64.34764608716068,64.34764608716068,0.0,0.0,0.0,True,True,True,False,0.0,826.0164997053623,11.058338243959927,0.0,0.0,0.0,837.0748379493223
2025-12-04T17:30:00Z,2025-12-04T17:45:00Z,2025-12-04,2025-12-04_75,0.0,11,0,89,64.34764608716068,64.34764608716068,0.0,0.0,0.0,True,True,True,False,0.0,826.0164997053623,11.058338243959927,0.0,0.0,0.0,837.0748379493223
2025-12-04T17:45:00Z,2025-12-04T18:00:00Z,2025-12-04,2025-12-04_76,0.0,11,0,89,64.34764608716068,64.34764608716068,0.0,0.0,0.0,True,True,True,False,0.0,826.0164997053623,11.058338243959927,0.0,0.0,0.0,837.0748379493223
2025-12-04T18:00:00Z,2025-12-04T18:15:00Z,2025-12-04,2025-12-04_77,0.0,0,0,89,64.34764608716068,64.34764608716068,0.0,0.0,0.0,True,True,True,False,0.0,826.0164997053623,0.0,0.0,0.0,0.0,826.0164997053623
2025-12-04T18:15:00Z,2025-12-04T18:30:00Z,2025-12-04,2025-12-04_78,0.0,0,0,89,64.34764608716068,64.34764608716068,0.0,0.0,0.0,True,True,True,False,0.0,826.0164997053623,0.0,0.0,0.0,0.0,826.0164997053623
2025-12-04T18:30:00Z,2025-12-04T18:45:00Z,2025-12-04,2025-12-04_79,0.0,0,0,89,64.34764608716068,64.34764608716068,0.0,0.0,0.0,True,True,True,False,0.0,826.0164997053623,0.0,0.0,0.0,0.0,826.0164997053623
2025-12-04T18:45:00Z,2025-12-04T19:00:00Z,2025-12-04,2025-12-04_80,0.0,0,0,89,64.34764608716068,64.34764608716068,0.0,0.0,0.0,True,True,True,False,0.0,826.0164997053623,0.0,0.0,0.0,0.0,826.0164997053623
2025-12-04T19:00:00Z,2025-12-04T19:15:00Z,2025-12-04,2025-12-04_81,0.0,0,0,89,64.34764608716068,64.34764608716068,0.0,0.0,0.0,True,True,True,False,0.0,826.0164997053623,0.0,0.0,0.0,0.0,826.0164997053623
2025-12-04T19:15:00Z,2025-12-04T19:30:00Z,2025-12-04,2025-12-04_82,0.0,0,0,89,64.34764608716068,64.34764608716068,0.0,0.0,0.0,True,True,True,False,0.0,826.0164997053623,0.0,0.0,0.0,0.0,826.0164997053623
2025-12-04T19:30:00Z,2025-12-04T19:45:00Z,2025-12-04,2025-12-04_83,0.0,0,0,89,64.34764608716068,64.34764608716068,0.0,0.0,0.0,True,True,True,False,0.0,826.0164997053623,0.0,0.0,0.0,0.0,826.0164997053623
2025-12-04T19:45:00Z,2025-12-04T20:00:00Z,2025-12-04,2025-12-04_84,0.0,0,0,89,64.34764608716068,64.34764608716068,0.0,0.0,0.0,True,True,True,False,0.0,826.0164997053623,0.0,0.0,0.0,0.0,826.0164997053623
2025-12-04T20:00:00Z,2025-12-04T20:15:00Z,2025-12-04,2025-12-04_85,0.0,0,0,89,64.34764608716068,64.34764608716068,0.0,0.0,0.0,True,True,True,False,0.0,826.0164997053623,0.0,0.0,0.0,0.0,826.0164997053623
2025-12-04T20:15:00Z,2025-12-04T20:30:00Z,2025-12-04,2025-12-04_86,0.0,0,0,89,64.34764608716068,64.34764608716068,0.0,0.0,0.0,True,True,True,False,0.0,826.0164997053623,0.0,0.0,0.0,0.0,826.0164997053623
2025-12-04T20:30:00Z,2025-12-04T20:45:00Z,2025-12-04,2025-12-04_87,0.0,0,0,89,64.34764608716068,64.34764608716068,0.0,0.0,0.0,True,True,True,False,0.0,826.0164997053623,0.0,0.0,0.0,0.0,826.0164997053623
2025-12-04T20:45:00Z,2025-12-04T21:00:00Z,2025-12-04,2025-12-04_88,0.0,0,0,89,64.34764608716068,64.34764608716068,0.0,0.0,0.0,True,True,True,False,0.0,826.0164997053623,0.0,0.0,0.0,0.0,826.0164997053623
2025-12-04T21:00:00Z,2025-12-04T21:15:00Z,2025-12-04,2025-12-04_89,0.0,0,0,89,64.34764608716068,64.34764608716068,0.0,0.0,0.0,True,True,True,False,0.0,826.0164997053623,0.0,0.0,0.0,0.0,826.0164997053623
2025-12-04T21:15:00Z,2025-12-04T21:30:00Z,2025-12-04,2025-12-04_90,0.0,0,0,89,64.34764608716068,64.34764608716068,0.0,0.0,0.0,True,True,True,False,0.0,826.0164997053623,0.0,0.0,0.0,0.0,826.0164997053623
2025-12-04T21:30:00Z,2025-12-04T21:45:00Z,2025-12-04,2025-12-04_91,0.0,0,0,89,64.34764608716068,64.34764608716068,0.0,0.0,0.0,True,True,True,False,0.0,826.0164997053623,0.0,0.0,0.0,0.0,826.0164997053623
2025-12-04T21:45:00Z,2025-12-04T22:00:00Z,2025-12-04,2025-12-04_92,0.0,0,0,89,64.34764608716068,64.34764608716068,0.0,0.0,0.0,True,True,True,False,0.0,826.0164997053623,0.0,0.0,0.0,0.0,826.0164997053623
2025-12-04T22:00:00Z,2025-12-04T22:15:00Z,2025-12-05,2025-12-04_93,0.0,0,0,89,64.34764608716068,64.34764608716068,0.0,0.0,0.0,True,True,True,False,0.0,825.8542812254517,0.0,0.0,0.0,0.0,825.8542812254517
2025-12-04T22:15:00Z,2025-12-04T22:30:00Z,2025-12-05,2025-12-04_94,0.0,0,0,89,64.34764608716068,64.34764608716068,0.0,0.0,0.0,True,True,True,False,0.0,825.8542812254517,0.0,0.0,0.0,0.0,825.8542812254517
2025-12-04T22:30:00Z,2025-12-04T22:45:00Z,2025-12-05,2025-12-04_95,0.0,0,0,89,64.34764608716068,64.34764608716068,0.0,0.0,0.0,True,True,True,False,0.0,825.8542812254517,0.0,0.0,0.0,0.0,825.8542812254517
2025-12-04T22:45:00Z,2025-12-04T23:00:00Z,2025-12-05,2025-12-04_96,-0.00039130385749044564,0,0,89,64.34764608716068,64.3477360870479,2.49999686730007e-07,0.0,0.0,True,True,True,False,-0.008743684695624008,825.8542812254517,0.0,0.0,0.0,0.0,825.845537540756
2025-12-04T23:00:00Z,2025-12-04T23:15:00Z,2025-12-05,2025-12-05_1,0.0,11,0,89,64.3477360870479,64.3477360870479,0.0,0.0,0.0,True,True,True,False,0.0,825.8542812254517,7.867635506677141,0.0,0.0,0.0,833.7219167321289
2025-12-04T23:15:00Z,2025-12-04T23:30:00Z,2025-12-05,2025-12-05_2,0.0,11,0,89,64.3477360870479,64.3477360870479,0.0,0.0,0.0,True,True,True,False,0.0,825.8542812254517,7.867635506677141,0.0,0.0,0.0,833.7219167321289
2025-12-04T23:30:00Z,2025-12-04T23:45:00Z,2025-12-05,2025-12-05_3,0.0,11,0,89,64.3477360870479,64.3477360870479,0.0,0.0,0.0,True,True,True,False,0.0,825.8542812254517,7.867635506677141,0.0,0.0,0.0,833.7219167321289
2025-12-04T23:45:00Z,2025-12-05T00:00:00Z,2025-12-05,2025-12-05_4,0.0,11,0,89,64.3477360870479,64.3477360870479,0.0,0.0,0.0,True,True,True,False,0.0,825.8542812254517,7.867635506677141,0.0,0.0,0.0,833.7219167321289
2025-12-05T00:00:00Z,2025-12-05T00:15:00Z,2025-12-05,2025-12-05_5,0.0,11,0,89,64.3477360870479,64.3477360870479,0.0,0.0,0.0,True,True,True,False,0.0,825.8542812254517,7.867635506677141,0.0,0.0,0.0,833.7219167321289
2025-12-05T00:15:00Z,2025-12-05T00:30:00Z,2025-12-05,2025-12-05_6,0.0,11,0,89,64.3477360870479,64.3477360870479,0.0,0.0,0.0,True,True,True,False,0.0,825.8542812254517,7.867635506677141,0.0,0.0,0.0,833.7219167321289
2025-12-05T00:30:00Z,2025-12-05T00:45:00Z,2025-12-05,2025-12-05_7,0.0,11,0,89,64.3477360870479,64.3477360870479,0.0,0.0,0.0,True,True,True,False,0.0,825.8542812254517,7.867635506677141,0.0,0.0,0.0,833.7219167321289
2025-12-05T00:45:00Z,2025-12-05T01:00:00Z,2025-12-05,2025-12-05_8,0.0,11,0,89,64.3477360870479,64.3477360870479,0.0,0.0,0.0,True,True,True,False,0.0,825.8542812254517,7.867635506677141,0.0,0.0,0.0,833.7219167321289
2025-12-05T01:00:00Z,2025-12-05T01:15:00Z,2025-12-05,2025-12-05_9,0.0,0,0,89,64.3477360870479,64.3477360870479,0.0,0.0,0.0,True,True,True,False,0.0,825.8542812254517,0.0,0.0,0.0,0.0,825.8542812254517
2025-12-05T01:15:00Z,2025-12-05T01:30:00Z,2025-12-05,2025-12-05_10,0.0,0,0,89,64.3477360870479,64.3477360870479,0.0,0.0,0.0,True,True,True,False,0.0,825.8542812254517,0.0,0.0,0.0,0.0,825.8542812254517
2025-12-05T01:30:00Z,2025-12-05T01:45:00Z,2025-12-05,2025-12-05_11,0.0,0,0,89,64.3477360870479,64.3477360870479,0.0,0.0,0.0,True,True,True,False,0.0,825.8542812254517,0.0,0.0,0.0,0.0,825.8542812254517
2025-12-05T01:45:00Z,2025-12-05T02:00:00Z,2025-12-05,2025-12-05_12,0.0,0,0,89,64.3477360870479,64.3477360870479,0.0,0.0,0.0,True,True,True,False,0.0,825.8542812254517,0.0,0.0,0.0,0.0,825.8542812254517
2025-12-05T02:00:00Z,2025-12-05T02:15:00Z,2025-12-05,2025-12-05_13,0.0,11,0,89,64.3477360870479,64.3477360870479,0.0,0.0,0.0,True,True,True,False,0.0,825.8542812254517,7.867635506677141,0.0,0.0,0.0,833.7219167321289
2025-12-05T02:15:00Z,2025-12-05T02:30:00Z,2025-12-05,2025-12-05_14,0.0,11,0,89,64.3477360870479,64.3477360870479,0.0,0.0,0.0,True,True,True,False,0.0,825.8542812254517,7.867635506677141,0.0,0.0,0.0,833.7219167321289
2025-12-05T02:30:00Z,2025-12-05T02:45:00Z,2025-12-05,2025-12-05_15,0.0,11,0,89,64.3477360870479,64.3477360870479,0.0,0.0,0.0,True,True,True,False,0.0,825.8542812254517,7.867635506677141,0.0,0.0,0.0,833.7219167321289
2025-12-05T02:45:00Z,2025-12-05T03:00:00Z,2025-12-05,2025-12-05_16,0.0,11,0,89,64.3477360870479,64.3477360870479,0.0,0.0,0.0,True,True,True,False,0.0,825.8542812254517,7.867635506677141,0.0,0.0,0.0,833.7219167321289
2025-12-05T03:00:00Z,2025-12-05T03:15:00Z,2025-12-05,2025-12-05_17,0.0,11,0,89,64.3477360870479,64.3477360870479,0.0,0.0,0.0,True,True,True,False,0.0,825.8542812254517,7.867635506677141,0.0,0.0,0.0,833.7219167321289
2025-12-05T03:15:00Z,2025-12-05T03:30:00Z,2025-12-05,2025-12-05_18,0.0,11,0,89,64.3477360870479,64.3477360870479,0.0,0.0,0.0,True,True,True,False,0.0,825.8542812254517,7.867635506677141,0.0,0.0,0.0,833.7219167321289
2025-12-05T03:30:00Z,2025-12-05T03:45:00Z,2025-12-05,2025-12-05_19,0.0,11,0,89,64.3477360870479,64.3477360870479,0.0,0.0,0.0,True,True,True,False,0.0,825.8542812254517,7.867635506677141,0.0,0.0,0.0,833.7219167321289
2025-12-05T03:45:00Z,2025-12-05T04:00:00Z,2025-12-05,2025-12-05_20,0.0,11,0,89,64.3477360870479,64.3477360870479,0.0,0.0,0.0,True,True,True,False,0.0,825.8542812254517,7.867635506677141,0.0,0.0,0.0,833.7219167321289
2025-12-05T04:00:00Z,2025-12-05T04:15:00Z,2025-12-05,2025-12-05_21,0.0,11,0,89,64.3477360870479,64.3477360870479,0.0,0.0,0.0,True,True,True,False,0.0,825.8542812254517,7.867635506677141,0.0,0.0,0.0,833.7219167321289
2025-12-05T04:15:00Z,2025-12-05T04:30:00Z,2025-12-05,2025-12-05_22,0.0,11,0,89,64.3477360870479,64.3477360870479,0.0,0.0,0.0,True,True,True,False,0.0,825.8542812254517,7.867635506677141,0.0,0.0,0.0,833.7219167321289
2025-12-05T04:30:00Z,2025-12-05T04:45:00Z,2025-12-05,2025-12-05_23,0.0,11,0,89,64.3477360870479,64.3477360870479,0.0,0.0,0.0,True,True,True,False,0.0,825.8542812254517,7.867635506677141,0.0,0.0,0.0,833.7219167321289
2025-12-05T04:45:00Z,2025-12-05T05:00:00Z,2025-12-05,2025-12-05_24,0.0,11,0,89,64.3477360870479,64.3477360870479,0.0,0.0,0.0,True,True,True,False,0.0,825.8542812254517,7.867635506677141,0.0,0.0,0.0,833.7219167321289
2025-12-05T05:00:00Z,2025-12-05T05:15:00Z,2025-12-05,2025-12-05_25,0.0,0,0,89,64.3477360870479,64.3477360870479,0.0,0.0,0.0,True,True,True,False,0.0,825.8542812254517,0.0,0.0,0.0,0.0,825.8542812254517
2025-12-05T05:15:00Z,2025-12-05T05:30:00Z,2025-12-05,2025-12-05_26,0.0,0,0,89,64.3477360870479,64.3477360870479,0.0,0.0,0.0,True,True,True,False,0.0,825.8542812254517,0.0,0.0,0.0,0.0,825.8542812254517
2025-12-05T05:30:00Z,2025-12-05T05:45:00Z,2025-12-05,2025-12-05_27,0.0,0,0,89,64.3477360870479,64.3477360870479,0.0,0.0,0.0,True,True,True,False,0.0,825.8542812254517,0.0,0.0,0.0,0.0,825.8542812254517
2025-12-05T05:45:00Z,2025-12-05T06:00:00Z,2025-12-05,2025-12-05_28,0.0,0,0,89,64.3477360870479,64.3477360870479,0.0,0.0,0.0,True,True,True,False,0.0,825.8542812254517,0.0,0.0,0.0,0.0,825.8542812254517
2025-12-05T06:00:00Z,2025-12-05T06:15:00Z,2025-12-05,2025-12-05_29,0.0,0,0,89,64.3477360870479,64.3477360870479,0.0,0.0,0.0,True,False,True,False,0.0,825.8542812254517,0.0,0.0,0.0,0.0,825.8542812254517
2025-12-05T06:15:00Z,2025-12-05T06:30:00Z,2025-12-05,2025-12-05_30,0.0,0,0,89,64.3477360870479,64.3477360870479,0.0,0.0,0.0,True,False,True,False,0.0,825.8542812254517,0.0,0.0,0.0,0.0,825.8542812254517
2025-12-05T06:30:00Z,2025-12-05T06:45:00Z,2025-12-05,2025-12-05_31,0.0,0,0,89,64.3477360870479,64.3477360870479,0.0,0.0,0.0,True,False,True,False,0.0,825.8542812254517,0.0,0.0,0.0,0.0,825.8542812254517
2025-12-05T06:45:00Z,2025-12-05T07:00:00Z,2025-12-05,2025-12-05_32,0.0,0,0,89,64.3477360870479,64.3477360870479,0.0,0.0,0.0,True,False,True,False,0.0,825.8542812254517,0.0,0.0,0.0,0.0,825.8542812254517
2025-12-05T07:00:00Z,2025-12-05T07:15:00Z,2025-12-05,2025-12-05_33,0.0,11,0,89,64.3477360870479,64.3477360870479,0.0,0.0,0.0,True,True,True,False,0.0,825.8542812254517,11.4385310290652,0.0,0.0,0.0,837.2928122545169
2025-12-05T07:15:00Z,2025-12-05T07:30:00Z,2025-12-05,2025-12-05_34,0.0,11,0,89,64.3477360870479,64.3477360870479,0.0,0.0,0.0,True,True,True,False,0.0,825.8542812254517,11.4385310290652,0.0,0.0,0.0,837.2928122545169
2025-12-05T07:30:00Z,2025-12-05T07:45:00Z,2025-12-05,2025-12-05_35,0.0,11,0,89,64.3477360870479,64.3477360870479,0.0,0.0,0.0,True,True,True,False,0.0,825.8542812254517,11.4385310290652,0.0,0.0,0.0,837.2928122545169
2025-12-05T07:45:00Z,2025-12-05T08:00:00Z,2025-12-05,2025-12-05_36,0.0,11,0,89,64.3477360870479,64.3477360870479,0.0,0.0,0.0,True,True,True,False,0.0,825.8542812254517,11.4385310290652,0.0,0.0,0.0,837.2928122545169
2025-12-05T08:00:00Z,2025-12-05T08:15:00Z,2025-12-05,2025-12-05_37,0.0,0,0,89,64.3477360870479,64.3477360870479,0.0,0.0,0.0,True,True,True,False,0.0,825.8542812254517,0.0,0.0,0.0,0.0,825.8542812254517
2025-12-05T08:15:00Z,2025-12-05T08:30:00Z,2025-12-05,2025-12-05_38,0.0,0,0,89,64.3477360870479,64.3477360870479,0.0,0.0,0.0,True,True,True,False,0.0,825.8542812254517,0.0,0.0,0.0,0.0,825.8542812254517
2025-12-05T08:30:00Z,2025-12-05T08:45:00Z,2025-12-05,2025-12-05_39,0.0,0,0,89,64.3477360870479,64.3477360870479,0.0,0.0,0.0,True,True,True,False,0.0,825.8542812254517,0.0,0.0,0.0,0.0,825.8542812254517
2025-12-05T08:45:00Z,2025-12-05T09:00:00Z,2025-12-05,2025-12-05_40,0.0,0,0,89,64.3477360870479,64.3477360870479,0.0,0.0,0.0,True,True,True,False,0.0,825.8542812254517,0.0,0.0,0.0,0.0,825.8542812254517
2025-12-05T09:00:00Z,2025-12-05T09:15:00Z,2025-12-05,2025-12-05_41,0.0,0,0,89,64.3477360870479,64.3477360870479,0.0,0.0,0.0,True,True,True,False,0.0,825.8542812254517,0.0,0.0,0.0,0.0,825.8542812254517
2025-12-05T09:15:00Z,2025-12-05T09:30:00Z,2025-12-05,2025-12-05_42,0.0,0,0,89,64.3477360870479,64.3477360870479,0.0,0.0,0.0,True,True,True,False,0.0,825.8542812254517,0.0,0.0,0.0,0.0,825.8542812254517
2025-12-05T09:30:00Z,2025-12-05T09:45:00Z,2025-12-05,2025-12-05_43,0.0,0,0,89,64.3477360870479,64.3477360870479,0.0,0.0,0.0,True,True,True,False,0.0,825.8542812254517,0.0,0.0,0.0,0.0,825.8542812254517
2025-12-05T09:45:00Z,2025-12-05T10:00:00Z,2025-12-05,2025-12-05_44,0.0,0,0,89,64.3477360870479,64.3477360870479,0.0,0.0,0.0,True,True,True,False,0.0,825.8542812254517,0.0,0.0,0.0,0.0,825.8542812254517
2025-12-05T10:00:00Z,2025-12-05T10:15:00Z,2025-12-05,2025-12-05_45,0.0,0,0,89,64.3477360870479,64.3477360870479,0.0,0.0,0.0,True,True,True,False,0.0,825.8542812254517,0.0,0.0,0.0,0.0,825.8542812254517
2025-12-05T10:15:00Z,2025-12-05T10:30:00Z,2025-12-05,2025-12-05_46,0.0,0,0,89,64.3477360870479,64.3477360870479,0.0,0.0,0.0,True,True,True,False,0.0,825.8542812254517,0.0,0.0,0.0,0.0,825.8542812254517
2025-12-05T10:30:00Z,2025-12-05T10:45:00Z,2025-12-05,2025-12-05_47,0.0,0,0,89,64.3477360870479,64.3477360870479,0.0,0.0,0.0,True,True,True,False,0.0,825.8542812254517,0.0,0.0,0.0,0.0,825.8542812254517
2025-12-05T10:45:00Z,2025-12-05T11:00:00Z,2025-12-05,2025-12-05_48,0.0,0,0,89,64.3477360870479,64.3477360870479,0.0,0.0,0.0,True,True,True,False,0.0,825.8542812254517,0.0,0.0,0.0,0.0,825.8542812254517
2025-12-05T11:00:00Z,2025-12-05T11:15:00Z,2025-12-05,2025-12-05_49,0.0,0,0,89,64.3477360870479,64.3477360870479,0.0,0.0,0.0,True,True,True,False,0.0,825.8542812254517,0.0,0.0,0.0,0.0,825.8542812254517
2025-12-05T11:15:00Z,2025-12-05T11:30:00Z,2025-12-05,2025-12-05_50,0.0,0,0,89,64.3477360870479,64.3477360870479,0.0,0.0,0.0,True,True,True,False,0.0,825.8542812254517,0.0,0.0,0.0,0.0,825.8542812254517
2025-12-05T11:30:00Z,2025-12-05T11:45:00Z,2025-12-05,2025-12-05_51,0.0,0,0,89,64.3477360870479,64.3477360870479,0.0,0.0,0.0,True,True,True,False,0.0,825.8542812254517,0.0,0.0,0.0,0.0,825.8542812254517
2025-12-05T11:45:00Z,2025-12-05T12:00:00Z,2025-12-05,2025-12-05_52,0.0,0,0,89,64.3477360870479,64.3477360870479,0.0,0.0,0.0,True,True,True,False,0.0,825.8542812254517,0.0,0.0,0.0,0.0,825.8542812254517
2025-12-05T12:00:00Z,2025-12-05T12:15:00Z,2025-12-05,2025-12-05_53,0.0,0,0,89,64.3477360870479,64.3477360870479,0.0,0.0,0.0,True,True,True,False,0.0,825.8542812254517,0.0,0.0,0.0,0.0,825.8542812254517
2025-12-05T12:15:00Z,2025-12-05T12:30:00Z,2025-12-05,2025-12-05_54,0.0,0,0,89,64.3477360870479,64.3477360870479,0.0,0.0,0.0,True,True,True,False,0.0,825.8542812254517,0.0,0.0,0.0,0.0,825.8542812254517
2025-12-05T12:30:00Z,2025-12-05T12:45:00Z,2025-12-05,2025-12-05_55,0.0,0,0,89,64.3477360870479,64.3477360870479,0.0,0.0,0.0,True,True,True,False,0.0,825.8542812254517,0.0,0.0,0.0,0.0,825.8542812254517
2025-12-05T12:45:00Z,2025-12-05T13:00:00Z,2025-12-05,2025-12-05_56,0.0,0,0,89,64.3477360870479,64.3477360870479,0.0,0.0,0.0,True,True,True,False,0.0,825.8542812254517,0.0,0.0,0.0,0.0,825.8542812254517
2025-12-05T13:00:00Z,2025-12-05T13:15:00Z,2025-12-05,2025-12-05_57,0.0,0,0,89,64.3477360870479,64.3477360870479,0.0,0.0,0.0,True,False,True,False,0.0,825.8542812254517,0.0,0.0,0.0,0.0,825.8542812254517
2025-12-05T13:15:00Z,2025-12-05T13:30:00Z,2025-12-05,2025-12-05_58,0.0,0,0,89,64.3477360870479,64.3477360870479,0.0,0.0,0.0,True,False,True,False,0.0,825.8542812254517,0.0,0.0,0.0,0.0,825.8542812254517
2025-12-05T13:30:00Z,2025-12-05T13:45:00Z,2025-12-05,2025-12-05_59,0.0,0,0,89,64.3477360870479,64.3477360870479,0.0,0.0,0.0,True,False,True,False,0.0,825.8542812254517,0.0,0.0,0.0,0.0,825.8542812254517
2025-12-05T13:45:00Z,2025-12-05T14:00:00Z,2025-12-05,2025-12-05_60,0.0,0,0,89,64.3477360870479,64.3477360870479,0.0,0.0,0.0,True,False,True,False,0.0,825.8542812254517,0.0,0.0,0.0,0.0,825.8542812254517
2025-12-05T14:00:00Z,2025-12-05T14:15:00Z,2025-12-05,2025-12-05_61,0.0,0,0,89,64.3477360870479,64.3477360870479,0.0,0.0,0.0,True,True,True,False,0.0,825.8542812254517,0.0,0.0,0.0,0.0,825.8542812254517
2025-12-05T14:15:00Z,2025-12-05T14:30:00Z,2025-12-05,2025-12-05_62,0.0,0,0,89,64.3477360870479,64.3477360870479,0.0,0.0,0.0,True,True,True,False,0.0,825.8542812254517,0.0,0.0,0.0,0.0,825.8542812254517
2025-12-05T14:30:00Z,2025-12-05T14:45:00Z,2025-12-05,2025-12-05_63,0.0,0,0,89,64.3477360870479,64.3477360870479,0.0,0.0,0.0,True,True,True,False,0.0,825.8542812254517,0.0,0.0,0.0,0.0,825.8542812254517
2025-12-05T14:45:00Z,2025-12-05T15:00:00Z,2025-12-05,2025-12-05_64,0.0,0,0,89,64.3477360870479,64.3477360870479,0.0,0.0,0.0,True,True,True,False,0.0,825.8542812254517,0.0,0.0,0.0,0.0,825.8542812254517
2025-12-05T15:00:00Z,2025-12-05T15:15:00Z,2025-12-05,2025-12-05_65,0.0,0,0,89,64.3477360870479,64.3477360870479,0.0,0.0,0.0,True,True,True,False,0.0,825.8542812254517,0.0,0.0,0.0,0.0,825.8542812254517
2025-12-05T15:15:00Z,2025-12-05T15:30:00Z,2025-12-05,2025-12-05_66,0.0,0,0,89,64.3477360870479,64.3477360870479,0.0,0.0,0.0,True,True,True,False,0.0,825.8542812254517,0.0,0.0,0.0,0.0,825.8542812254517
2025-12-05T15:30:00Z,2025-12-05T15:45:00Z,2025-12-05,2025-12-05_67,0.0,0,0,89,64.3477360870479,64.3477360870479,0.0,0.0,0.0,True,True,True,False,0.0,825.8542812254517,0.0,0.0,0.0,0.0,825.8542812254517
2025-12-05T15:45:00Z,2025-12-05T16:00:00Z,2025-12-05,2025-12-05_68,0.0,0,0,89,64.3477360870479,64.3477360870479,0.0,0.0,0.0,True,True,True,False,0.0,825.8542812254517,0.0,0.0,0.0,0.0,825.8542812254517
2025-12-05T16:00:00Z,2025-12-05T16:15:00Z,2025-12-05,2025-12-05_69,0.0,11,0,89,64.3477360870479,64.3477360870479,0.0,0.0,0.0,True,True,True,False,0.0,825.8542812254517,11.814414768263944,0.0,0.0,0.0,837.6686959937157
2025-12-05T16:15:00Z,2025-12-05T16:30:00Z,2025-12-05,2025-12-05_70,0.0,11,0,89,64.3477360870479,64.3477360870479,0.0,0.0,0.0,True,True,True,False,0.0,825.8542812254517,11.814414768263944,0.0,0.0,0.0,837.6686959937157
2025-12-05T16:30:00Z,2025-12-05T16:45:00Z,2025-12-05,2025-12-05_71,0.0,11,0,89,64.3477360870479,64.3477360870479,0.0,0.0,0.0,True,True,True,False,0.0,825.8542812254517,11.814414768263944,0.0,0.0,0.0,837.6686959937157
2025-12-05T16:45:00Z,2025-12-05T17:00:00Z,2025-12-05,2025-12-05_72,0.0,11,0,89,64.3477360870479,64.3477360870479,0.0,0.0,0.0,True,True,True,False,0.0,825.8542812254517,11.814414768263944,0.0,0.0,0.0,837.6686959937157
2025-12-05T17:00:00Z,2025-12-05T17:15:00Z,2025-12-05,2025-12-05_73,0.0,0,0,89,64.3477360870479,64.3477360870479,0.0,0.0,0.0,True,True,True,False,0.0,825.8542812254517,0.0,0.0,0.0,0.0,825.8542812254517
2025-12-05T17:15:00Z,2025-12-05T17:30:00Z,2025-12-05,2025-12-05_74,0.0,0,0,89,64.3477360870479,64.3477360870479,0.0,0.0,0.0,True,True,True,False,0.0,825.8542812254517,0.0,0.0,0.0,0.0,825.8542812254517
2025-12-05T17:30:00Z,2025-12-05T17:45:00Z,2025-12-05,2025-12-05_75,0.0,0,0,89,64.3477360870479,64.3477360870479,0.0,0.0,0.0,True,True,True,False,0.0,825.8542812254517,0.0,0.0,0.0,0.0,825.8542812254517
2025-12-05T17:45:00Z,2025-12-05T18:00:00Z,2025-12-05,2025-12-05_76,0.0,0,0,89,64.3477360870479,64.3477360870479,0.0,0.0,0.0,True,True,True,False,0.0,825.8542812254517,0.0,0.0,0.0,0.0,825.8542812254517
2025-12-05T18:00:00Z,2025-12-05T18:15:00Z,2025-12-05,2025-12-05_77,0.0,0,0,89,64.3477360870479,64.3477360870479,0.0,0.0,0.0,True,True,True,False,0.0,825.8542812254517,0.0,0.0,0.0,0.0,825.8542812254517
2025-12-05T18:15:00Z,2025-12-05T18:30:00Z,2025-12-05,2025-12-05_78,0.0,0,0,89,64.3477360870479,64.3477360870479,0.0,0.0,0.0,True,True,True,False,0.0,825.8542812254517,0.0,0.0,0.0,0.0,825.8542812254517
2025-12-05T18:30:00Z,2025-12-05T18:45:00Z,2025-12-05,2025-12-05_79,0.0,0,0,89,64.3477360870479,64.3477360870479,0.0,0.0,0.0,True,True,True,False,0.0,825.8542812254517,0.0,0.0,0.0,0.0,825.8542812254517
2025-12-05T18:45:00Z,2025-12-05T19:00:00Z,2025-12-05,2025-12-05_80,0.0,0,0,89,64.3477360870479,64.3477360870479,0.0,0.0,0.0,True,True,True,False,0.0,825.8542812254517,0.0,0.0,0.0,0.0,825.8542812254517
2025-12-05T19:00:00Z,2025-12-05T19:15:00Z,2025-12-05,2025-12-05_81,0.0,0,0,89,64.3477360870479,64.3477360870479,0.0,0.0,0.0,True,True,True,False,0.0,825.8542812254517,0.0,0.0,0.0,0.0,825.8542812254517
2025-12-05T19:15:00Z,2025-12-05T19:30:00Z,2025-12-05,2025-12-05_82,0.0,0,0,89,64.3477360870479,64.3477360870479,0.0,0.0,0.0,True,True,True,False,0.0,825.8542812254517,0.0,0.0,0.0,0.0,825.8542812254517
2025-12-05T19:30:00Z,2025-12-05T19:45:00Z,2025-12-05,2025-12-05_83,0.0,0,0,89,64.3477360870479,64.3477360870479,0.0,0.0,0.0,True,True,True,False,0.0,825.8542812254517,0.0,0.0,0.0,0.0,825.8542812254517
2025-12-05T19:45:00Z,2025-12-05T20:00:00Z,2025-12-05,2025-12-05_84,0.0,0,0,89,64.3477360870479,64.3477360870479,0.0,0.0,0.0,True,True,True,False,0.0,825.8542812254517,0.0,0.0,0.0,0.0,825.8542812254517
2025-12-05T20:00:00Z,2025-12-05T20:15:00Z,2025-12-05,2025-12-05_85,0.0,11,0,89,64.3477360870479,64.3477360870479,0.0,0.0,0.0,True,True,True,False,0.0,825.8542812254517,8.557835820895523,0.0,0.0,0.0,834.4121170463472
2025-12-05T20:15:00Z,2025-12-05T20:30:00Z,2025-12-05,2025-12-05_86,0.0,11,0,89,64.3477360870479,64.3477360870479,0.0,0.0,0.0,True,True,True,False,0.0,825.8542812254517,8.557835820895523,0.0,0.0,0.0,834.4121170463472
2025-12-05T20:30:00Z,2025-12-05T20:45:00Z,2025-12-05,2025-12-05_87,0.0,11,0,89,64.3477360870479,64.3477360870479,0.0,0.0,0.0,True,True,True,False,0.0,825.8542812254517,8.557835820895523,0.0,0.0,0.0,834.4121170463472
2025-12-05T20:45:00Z,2025-12-05T21:00:00Z,2025-12-05,2025-12-05_88,0.0,11,0,89,64.3477360870479,64.3477360870479,0.0,0.0,0.0,True,True,True,False,0.0,825.8542812254517,8.557835820895523,0.0,0.0,0.0,834.4121170463472
2025-12-05T21:00:00Z,2025-12-05T21:15:00Z,2025-12-05,2025-12-05_89,0.0,0,0,89,64.3477360870479,64.3477360870479,0.0,0.0,0.0,True,False,True,False,0.0,825.8542812254517,0.0,0.0,0.0,0.0,825.8542812254517
2025-12-05T21:15:00Z,2025-12-05T21:30:00Z,2025-12-05,2025-12-05_90,0.0,0,0,89,64.3477360870479,64.3477360870479,0.0,0.0,0.0,True,False,True,False,0.0,825.8542812254517,0.0,0.0,0.0,0.0,825.8542812254517
2025-12-05T21:30:00Z,2025-12-05T21:45:00Z,2025-12-05,2025-12-05_91,0.0,0,0,89,64.3477360870479,64.3477360870479,0.0,0.0,0.0,True,False,True,False,0.0,825.8542812254517,0.0,0.0,0.0,0.0,825.8542812254517
2025-12-05T21:45:00Z,2025-12-05T22:00:00Z,2025-12-05,2025-12-05_92,0.0,0,0,89,64.3477360870479,64.3477360870479,0.0,0.0,0.0,True,False,True,False,0.0,825.8542812254517,0.0,0.0,0.0,0.0,825.8542812254517
2025-12-05T22:00:00Z,2025-12-05T22:15:00Z,2025-12-06,2025-12-05_93,0.0,0,0,99,64.3477360870479,64.3477360870479,0.0,0.0,0.0,True,True,True,False,0.0,1013.447828904731,0.0,0.0,0.0,0.0,1013.447828904731
2025-12-05T22:15:00Z,2025-12-05T22:30:00Z,2025-12-06,2025-12-05_94,0.0,0,0,99,64.3477360870479,64.3477360870479,0.0,0.0,0.0,True,True,True,False,0.0,1013.447828904731,0.0,0.0,0.0,0.0,1013.447828904731
2025-12-05T22:30:00Z,2025-12-05T22:45:00Z,2025-12-06,2025-12-05_95,0.0,0,0,99,64.3477360870479,64.3477360870479,0.0,0.0,0.0,True,True,True,False,0.0,1013.447828904731,0.0,0.0,0.0,0.0,1013.447828904731
2025-12-05T22:45:00Z,2025-12-05T23:00:00Z,2025-12-06,2025-12-05_96,0.0,0,0,99,64.3477360870479,64.3477360870479,0.0,0.0,0.0,True,True,True,False,0.0,1013.447828904731,0.0,0.0,0.0,0.0,1013.447828904731
2025-12-05T23:00:00Z,2025-12-05T23:15:00Z,2025-12-06,2025-12-06_1,0.0,0,0,99,64.3477360870479,64.3477360870479,0.0,0.0,0.0,True,True,True,False,0.0,1013.447828904731,0.0,0.0,0.0,0.0,1013.447828904731
2025-12-05T23:15:00Z,2025-12-05T23:30:00Z,2025-12-06,2025-12-06_2,0.0,0,0,99,64.3477360870479,64.3477360870479,0.0,0.0,0.0,True,True,True,False,0.0,1013.447828904731,0.0,0.0,0.0,0.0,1013.447828904731
2025-12-05T23:30:00Z,2025-12-05T23:45:00Z,2025-12-06,2025-12-06_3,0.0,0,0,99,64.3477360870479,64.3477360870479,0.0,0.0,0.0,True,True,True,False,0.0,1013.447828904731,0.0,0.0,0.0,0.0,1013.447828904731
2025-12-05T23:45:00Z,2025-12-06T00:00:00Z,2025-12-06,2025-12-06_4,0.0,0,0,99,64.3477360870479,64.3477360870479,0.0,0.0,0.0,True,True,True,False,0.0,1013.447828904731,0.0,0.0,0.0,0.0,1013.447828904731
2025-12-06T00:00:00Z,2025-12-06T00:15:00Z,2025-12-06,2025-12-06_5,0.0,0,0,99,64.3477360870479,64.3477360870479,0.0,0.0,0.0,True,False,True,False,0.0,1013.447828904731,0.0,0.0,0.0,0.0,1013.447828904731
2025-12-06T00:15:00Z,2025-12-06T00:30:00Z,2025-12-06,2025-12-06_6,0.0,0,0,99,64.3477360870479,64.3477360870479,0.0,0.0,0.0,True,False,True,False,0.0,1013.447828904731,0.0,0.0,0.0,0.0,1013.447828904731
2025-12-06T00:30:00Z,2025-12-06T00:45:00Z,2025-12-06,2025-12-06_7,0.0,0,0,99,64.3477360870479,64.3477360870479,0.0,0.0,0.0,True,False,True,False,0.0,1013.447828904731,0.0,0.0,0.0,0.0,1013.447828904731
2025-12-06T00:45:00Z,2025-12-06T01:00:00Z,2025-12-06,2025-12-06_8,0.0,0,0,99,64.3477360870479,64.3477360870479,0.0,0.0,0.0,True,False,True,False,0.0,1013.447828904731,0.0,0.0,0.0,0.0,1013.447828904731
2025-12-06T01:00:00Z,2025-12-06T01:15:00Z,2025-12-06,2025-12-06_9,0.0,0,0,99,64.3477360870479,64.3477360870479,0.0,0.0,0.0,True,True,True,False,0.0,1013.447828904731,0.0,0.0,0.0,0.0,1013.447828904731
2025-12-06T01:15:00Z,2025-12-06T01:30:00Z,2025-12-06,2025-12-06_10,0.0,0,0,99,64.3477360870479,64.3477360870479,0.0,0.0,0.0,True,True,True,False,0.0,1013.447828904731,0.0,0.0,0.0,0.0,1013.447828904731
2025-12-06T01:30:00Z,2025-12-06T01:45:00Z,2025-12-06,2025-12-06_11,0.0,0,0,99,64.3477360870479,64.3477360870479,0.0,0.0,0.0,True,True,True,False,0.0,1013.447828904731,0.0,0.0,0.0,0.0,1013.447828904731
2025-12-06T01:45:00Z,2025-12-06T02:00:00Z,2025-12-06,2025-12-06_12,0.0,0,0,99,64.3477360870479,64.3477360870479,0.0,0.0,0.0,True,True,True,False,0.0,1013.447828904731,0.0,0.0,0.0,0.0,1013.447828904731
2025-12-06T02:00:00Z,2025-12-06T02:15:00Z,2025-12-06,2025-12-06_13,0.0,1,0,99,64.3477360870479,64.3477360870479,0.0,0.0,0.0,True,True,True,False,0.0,1013.447828904731,0.6813763035409179,0.0,0.0,0.0,1014.1292052082719
2025-12-06T02:15:00Z,2025-12-06T02:30:00Z,2025-12-06,2025-12-06_14,0.0,1,0,99,64.3477360870479,64.3477360870479,0.0,0.0,0.0,True,True,True,False,0.0,1013.447828904731,0.6813763035409179,0.0,0.0,0.0,1014.1292052082719
2025-12-06T02:30:00Z,2025-12-06T02:45:00Z,2025-12-06,2025-12-06_15,0.0,1,0,99,64.3477360870479,64.3477360870479,0.0,0.0,0.0,True,True,True,False,0.0,1013.447828904731,0.6813763035409179,0.0,0.0,0.0,1014.1292052082719
2025-12-06T02:45:00Z,2025-12-06T03:00:00Z,2025-12-06,2025-12-06_16,0.0,1,0,99,64.3477360870479,64.3477360870479,0.0,0.0,0.0,True,True,True,False,0.0,1013.447828904731,0.6813763035409179,0.0,0.0,0.0,1014.1292052082719
2025-12-06T03:00:00Z,2025-12-06T03:15:00Z,2025-12-06,2025-12-06_17,0.0,1,0,99,64.3477360870479,64.3477360870479,0.0,0.0,0.0,True,True,True,False,0.0,1013.447828904731,0.6813763035409179,0.0,0.0,0.0,1014.1292052082719
2025-12-06T03:15:00Z,2025-12-06T03:30:00Z,2025-12-06,2025-12-06_18,0.0,1,0,99,64.3477360870479,64.3477360870479,0.0,0.0,0.0,True,True,True,False,0.0,1013.447828904731,0.6813763035409179,0.0,0.0,0.0,1014.1292052082719
2025-12-06T03:30:00Z,2025-12-06T03:45:00Z,2025-12-06,2025-12-06_19,0.0,1,0,99,64.3477360870479,64.3477360870479,0.0,0.0,0.0,True,True,True,False,0.0,1013.447828904731,0.6813763035409179,0.0,0.0,0.0,1014.1292052082719
2025-12-06T03:45:00Z,2025-12-06T04:00:00Z,2025-12-06,2025-12-06_20,0.0,1,0,99,64.3477360870479,64.3477360870479,0.0,0.0,0.0,True,True,True,False,0.0,1013.447828904731,0.6813763035409179,0.0,0.0,0.0,1014.1292052082719
2025-12-06T04:00:00Z,2025-12-06T04:15:00Z,2025-12-06,2025-12-06_21,0.0,1,0,99,64.3477360870479,64.3477360870479,0.0,0.0,0.0,True,True,True,False,0.0,1013.447828904731,0.6899192835680198,0.0,0.0,0.0,1014.1377481882989
2025-12-06T04:15:00Z,2025-12-06T04:30:00Z,2025-12-06,2025-12-06_22,0.0,1,0,99,64.3477360870479,64.3477360870479,0.0,0.0,0.0,True,True,True,False,0.0,1013.447828904731,0.6899192835680198,0.0,0.0,0.0,1014.1377481882989
2025-12-06T04:30:00Z,2025-12-06T04:45:00Z,2025-12-06,2025-12-06_23,0.0,1,0,99,64.3477360870479,64.3477360870479,0.0,0.0,0.0,True,True,True,False,0.0,1013.447828904731,0.6899192835680198,0.0,0.0,0.0,1014.1377481882989
2025-12-06T04:45:00Z,2025-12-06T05:00:00Z,2025-12-06,2025-12-06_24,0.0,1,0,99,64.3477360870479,64.3477360870479,0.0,0.0,0.0,True,True,True,False,0.0,1013.447828904731,0.6899192835680198,0.0,0.0,0.0,1014.1377481882989
2025-12-06T05:00:00Z,2025-12-06T05:15:00Z,2025-12-06,2025-12-06_25,0.0,0,0,99,64.3477360870479,64.3477360870479,0.0,0.0,0.0,True,True,True,False,0.0,1013.447828904731,0.0,0.0,0.0,0.0,1013.447828904731
2025-12-06T05:15:00Z,2025-12-06T05:30:00Z,2025-12-06,2025-12-06_26,0.0,0,0,99,64.3477360870479,64.3477360870479,0.0,0.0,0.0,True,True,True,False,0.0,1013.447828904731,0.0,0.0,0.0,0.0,1013.447828904731
2025-12-06T05:30:00Z,2025-12-06T05:45:00Z,2025-12-06,2025-12-06_27,0.0,0,0,99,64.3477360870479,64.3477360870479,0.0,0.0,0.0,True,True,True,False,0.0,1013.447828904731,0.0,0.0,0.0,0.0,1013.447828904731
2025-12-06T05:45:00Z,2025-12-06T06:00:00Z,2025-12-06,2025-12-06_28,0.0,0,0,99,64.3477360870479,64.3477360870479,0.0,0.0,0.0,True,True,True,False,0.0,1013.447828904731,0.0,0.0,0.0,0.0,1013.447828904731
2025-12-06T06:00:00Z,2025-12-06T06:15:00Z,2025-12-06,2025-12-06_29,0.0,0,0,99,64.3477360870479,64.3477360870479,0.0,0.0,0.0,True,True,True,False,0.0,1013.447828904731,0.0,0.0,0.0,0.0,1013.447828904731
2025-12-06T06:15:00Z,2025-12-06T06:30:00Z,2025-12-06,2025-12-06_30,0.0,0,0,99,64.3477360870479,64.3477360870479,0.0,0.0,0.0,True,True,True,False,0.0,1013.447828904731,0.0,0.0,0.0,0.0,1013.447828904731
2025-12-06T06:30:00Z,2025-12-06T06:45:00Z,2025-12-06,2025-12-06_31,0.0,0,0,99,64.3477360870479,64.3477360870479,0.0,0.0,0.0,True,True,True,False,0.0,1013.447828904731,0.0,0.0,0.0,0.0,1013.447828904731
2025-12-06T06:45:00Z,2025-12-06T07:00:00Z,2025-12-06,2025-12-06_32,0.0,0,0,99,64.3477360870479,64.3477360870479,0.0,0.0,0.0,True,True,True,False,0.0,1013.447828904731,0.0,0.0,0.0,0.0,1013.447828904731
2025-12-06T07:00:00Z,2025-12-06T07:15:00Z,2025-12-06,2025-12-06_33,0.0,1,0,99,64.3477360870479,64.3477360870479,0.0,0.0,0.0,True,True,True,False,0.0,1013.447828904731,1.0752371413421316,0.0,0.0,0.0,1014.523066046073
2025-12-06T07:15:00Z,2025-12-06T07:30:00Z,2025-12-06,2025-12-06_34,0.0,1,0,99,64.3477360870479,64.3477360870479,0.0,0.0,0.0,True,True,True,False,0.0,1013.447828904731,1.0752371413421316,0.0,0.0,0.0,1014.523066046073
2025-12-06T07:30:00Z,2025-12-06T07:45:00Z,2025-12-06,2025-12-06_35,0.0,1,0,99,64.3477360870479,64.3477360870479,0.0,0.0,0.0,True,True,True,False,0.0,1013.447828904731,1.0752371413421316,0.0,0.0,0.0,1014.523066046073
2025-12-06T07:45:00Z,2025-12-06T08:00:00Z,2025-12-06,2025-12-06_36,0.0,1,0,99,64.3477360870479,64.3477360870479,0.0,0.0,0.0,True,True,True,False,0.0,1013.447828904731,1.0752371413421316,0.0,0.0,0.0,1014.523066046073
2025-12-06T08:00:00Z,2025-12-06T08:15:00Z,2025-12-06,2025-12-06_37,0.0,0,0,99,64.3477360870479,64.3477360870479,0.0,0.0,0.0,True,True,True,False,0.0,1013.447828904731,0.0,0.0,0.0,0.0,1013.447828904731
2025-12-06T08:15:00Z,2025-12-06T08:30:00Z,2025-12-06,2025-12-06_38,0.0,0,0,99,64.3477360870479,64.3477360870479,0.0,0.0,0.0,True,True,True,False,0.0,1013.447828904731,0.0,0.0,0.0,0.0,1013.447828904731
2025-12-06T08:30:00Z,2025-12-06T08:45:00Z,2025-12-06,2025-12-06_39,0.0,0,0,99,64.3477360870479,64.3477360870479,0.0,0.0,0.0,True,True,True,False,0.0,1013.447828904731,0.0,0.0,0.0,0.0,1013.447828904731
2025-12-06T08:45:00Z,2025-12-06T09:00:00Z,2025-12-06,2025-12-06_40,0.0,0,0,99,64.3477360870479,64.3477360870479,0.0,0.0,0.0,True,True,True,False,0.0,1013.447828904731,0.0,0.0,0.0,0.0,1013.447828904731
2025-12-06T09:00:00Z,2025-12-06T09:15:00Z,2025-12-06,2025-12-06_41,0.0,0,0,99,64.3477360870479,64.3477360870479,0.0,0.0,0.0,True,True,True,False,0.0,1013.447828904731,0.0,0.0,0.0,0.0,1013.447828904731
2025-12-06T09:15:00Z,2025-12-06T09:30:00Z,2025-12-06,2025-12-06_42,0.0,0,0,99,64.3477360870479,64.3477360870479,0.0,0.0,0.0,True,True,True,False,0.0,1013.447828904731,0.0,0.0,0.0,0.0,1013.447828904731
2025-12-06T09:30:00Z,2025-12-06T09:45:00Z,2025-12-06,2025-12-06_43,0.0,0,0,99,64.3477360870479,64.3477360870479,0.0,0.0,0.0,True,True,True,False,0.0,1013.447828904731,0.0,0.0,0.0,0.0,1013.447828904731
2025-12-06T09:45:00Z,2025-12-06T10:00:00Z,2025-12-06,2025-12-06_44,0.0,0,0,99,64.3477360870479,64.3477360870479,0.0,0.0,0.0,True,True,True,False,0.0,1013.447828904731,0.0,0.0,0.0,0.0,1013.447828904731
2025-12-06T10:00:00Z,2025-12-06T10:15:00Z,2025-12-06,2025-12-06_45,0.0,0,0,99,64.3477360870479,64.3477360870479,0.0,0.0,0.0,True,True,True,False,0.0,1013.447828904731,0.0,0.0,0.0,0.0,1013.447828904731
2025-12-06T10:15:00Z,2025-12-06T10:30:00Z,2025-12-06,2025-12-06_46,0.0,0,0,99,64.3477360870479,64.3477360870479,0.0,0.0,0.0,True,True,True,False,0.0,1013.447828904731,0.0,0.0,0.0,0.0,1013.447828904731
2025-12-06T10:30:00Z,2025-12-06T10:45:00Z,2025-12-06,2025-12-06_47,0.0,0,0,99,64.3477360870479,64.3477360870479,0.0,0.0,0.0,True,True,True,False,0.0,1013.447828904731,0.0,0.0,0.0,0.0,1013.447828904731
2025-12-06T10:45:00Z,2025-12-06T11:00:00Z,2025-12-06,2025-12-06_48,0.0,0,0,99,64.3477360870479,64.3477360870479,0.0,0.0,0.0,True,True,True,False,0.0,1013.447828904731,0.0,0.0,0.0,0.0,1013.447828904731
2025-12-06T11:00:00Z,2025-12-06T11:15:00Z,2025-12-06,2025-12-06_49,0.0,0,0,99,64.3477360870479,64.3477360870479,0.0,0.0,0.0,True,True,True,False,0.0,1013.447828904731,0.0,0.0,0.0,0.0,1013.447828904731
2025-12-06T11:15:00Z,2025-12-06T11:30:00Z,2025-12-06,2025-12-06_50,0.0,0,0,99,64.3477360870479,64.3477360870479,0.0,0.0,0.0,True,True,True,False,0.0,1013.447828904731,0.0,0.0,0.0,0.0,1013.447828904731
2025-12-06T11:30:00Z,2025-12-06T11:45:00Z,2025-12-06,2025-12-06_51,0.0,0,0,99,64.3477360870479,64.3477360870479,0.0,0.0,0.0,True,True,True,False,0.0,1013.447828904731,0.0,0.0,0.0,0.0,1013.447828904731
2025-12-06T11:45:00Z,2025-12-06T12:00:00Z,2025-12-06,2025-12-06_52,0.0,0,0,99,64.3477360870479,64.3477360870479,0.0,0.0,0.0,True,True,True,False,0.0,1013.447828904731,0.0,0.0,0.0,0.0,1013.447828904731
2025-12-06T12:00:00Z,2025-12-06T12:15:00Z,2025-12-06,2025-12-06_53,0.0,0,0,99,64.3477360870479,64.3477360870479,0.0,0.0,0.0,True,True,True,False,0.0,1013.447828904731,0.0,0.0,0.0,0.0,1013.447828904731
2025-12-06T12:15:00Z,2025-12-06T12:30:00Z,2025-12-06,2025-12-06_54,0.0,0,0,99,64.3477360870479,64.3477360870479,0.0,0.0,0.0,True,True,True,False,0.0,1013.447828904731,0.0,0.0,0.0,0.0,1013.447828904731
2025-12-06T12:30:00Z,2025-12-06T12:45:00Z,2025-12-06,2025-12-06_55,0.0,0,0,99,64.3477360870479,64.3477360870479,0.0,0.0,0.0,True,True,True,False,0.0,1013.447828904731,0.0,0.0,0.0,0.0,1013.447828904731
2025-12-06T12:45:00Z,2025-12-06T13:00:00Z,2025-12-06,2025-12-06_56,0.0,0,0,99,64.3477360870479,64.3477360870479,0.0,0.0,0.0,True,True,True,False,0.0,1013.447828904731,0.0,0.0,0.0,0.0,1013.447828904731
2025-12-06T13:00:00Z,2025-12-06T13:15:00Z,2025-12-06,2025-12-06_57,0.0,0,0,99,64.3477360870479,64.3477360870479,0.0,0.0,0.0,True,True,True,False,0.0,1013.447828904731,0.0,0.0,0.0,0.0,1013.447828904731
2025-12-06T13:15:00Z,2025-12-06T13:30:00Z,2025-12-06,2025-12-06_58,0.0,0,0,99,64.3477360870479,64.3477360870479,0.0,0.0,0.0,True,True,True,False,0.0,1013.447828904731,0.0,0.0,0.0,0.0,1013.447828904731
2025-12-06T13:30:00Z,2025-12-06T13:45:00Z,2025-12-06,2025-12-06_59,0.0,0,0,99,64.3477360870479,64.3477360870479,0.0,0.0,0.0,True,True,True,False,0.0,1013.447828904731,0.0,0.0,0.0,0.0,1013.447828904731
2025-12-06T13:45:00Z,2025-12-06T14:00:00Z,2025-12-06,2025-12-06_60,0.0,0,0,99,64.3477360870479,64.3477360870479,0.0,0.0,0.0,True,True,True,False,0.0,1013.447828904731,0.0,0.0,0.0,0.0,1013.447828904731
2025-12-06T14:00:00Z,2025-12-06T14:15:00Z,2025-12-06,2025-12-06_61,0.0,0,0,99,64.3477360870479,64.3477360870479,0.0,0.0,0.0,True,True,True,False,0.0,1013.447828904731,0.0,0.0,0.0,0.0,1013.447828904731
2025-12-06T14:15:00Z,2025-12-06T14:30:00Z,2025-12-06,2025-12-06_62,0.0,0,0,99,64.3477360870479,64.3477360870479,0.0,0.0,0.0,True,True,True,False,0.0,1013.447828904731,0.0,0.0,0.0,0.0,1013.447828904731
2025-12-06T14:30:00Z,2025-12-06T14:45:00Z,2025-12-06,2025-12-06_63,0.0,0,0,99,64.3477360870479,64.3477360870479,0.0,0.0,0.0,True,True,True,False,0.0,1013.447828904731,0.0,0.0,0.0,0.0,1013.447828904731
2025-12-06T14:45:00Z,2025-12-06T15:00:00Z,2025-12-06,2025-12-06_64,0.0,0,0,99,64.3477360870479,64.3477360870479,0.0,0.0,0.0,True,True,True,False,0.0,1013.447828904731,0.0,0.0,0.0,0.0,1013.447828904731
2025-12-06T15:00:00Z,2025-12-06T15:15:00Z,2025-12-06,2025-12-06_65,0.0,0,0,99,64.3477360870479,64.3477360870479,0.0,0.0,0.0,True,True,True,False,0.0,1013.447828904731,0.0,0.0,0.0,0.0,1013.447828904731
2025-12-06T15:15:00Z,2025-12-06T15:30:00Z,2025-12-06,2025-12-06_66,0.0,0,0,99,64.3477360870479,64.3477360870479,0.0,0.0,0.0,True,True,True,False,0.0,1013.447828904731,0.0,0.0,0.0,0.0,1013.447828904731
2025-12-06T15:30:00Z,2025-12-06T15:45:00Z,2025-12-06,2025-12-06_67,0.0,0,0,99,64.3477360870479,64.3477360870479,0.0,0.0,0.0,True,True,True,False,0.0,1013.447828904731,0.0,0.0,0.0,0.0,1013.447828904731
2025-12-06T15:45:00Z,2025-12-06T16:00:00Z,2025-12-06,2025-12-06_68,0.0,0,0,99,64.3477360870479,64.3477360870479,0.0,0.0,0.0,True,True,True,False,0.0,1013.447828904731,0.0,0.0,0.0,0.0,1013.447828904731
2025-12-06T16:00:00Z,2025-12-06T16:15:00Z,2025-12-06,2025-12-06_69,0.0,1,0,99,64.3477360870479,64.3477360870479,0.0,0.0,0.0,True,True,True,False,0.0,1013.447828904731,1.0831909503328816,0.0,0.0,0.0,1014.5310198550638
2025-12-06T16:15:00Z,2025-12-06T16:30:00Z,2025-12-06,2025-12-06_70,0.0,1,0,99,64.3477360870479,64.3477360870479,0.0,0.0,0.0,True,True,True,False,0.0,1013.447828904731,1.0831909503328816,0.0,0.0,0.0,1014.5310198550638
2025-12-06T16:30:00Z,2025-12-06T16:45:00Z,2025-12-06,2025-12-06_71,0.0,1,0,99,64.3477360870479,64.3477360870479,0.0,0.0,0.0,True,True,True,False,0.0,1013.447828904731,1.0831909503328816,0.0,0.0,0.0,1014.5310198550638
2025-12-06T16:45:00Z,2025-12-06T17:00:00Z,2025-12-06,2025-12-06_72,0.0,1,0,99,64.3477360870479,64.3477360870479,0.0,0.0,0.0,True,True,True,False,0.0,1013.447828904731,1.0831909503328816,0.0,0.0,0.0,1014.5310198550638
2025-12-06T17:00:00Z,2025-12-06T17:15:00Z,2025-12-06,2025-12-06_73,0.0,1,0,99,64.3477360870479,64.3477360870479,0.0,0.0,0.0,True,True,True,False,0.0,1013.447828904731,1.0593295233606315,0.0,0.0,0.0,1014.5071584280915
2025-12-06T17:15:00Z,2025-12-06T17:30:00Z,2025-12-06,2025-12-06_74,0.0,1,0,99,64.3477360870479,64.3477360870479,0.0,0.0,0.0,True,True,True,False,0.0,1013.447828904731,1.0593295233606315,0.0,0.0,0.0,1014.5071584280915
2025-12-06T17:30:00Z,2025-12-06T17:45:00Z,2025-12-06,2025-12-06_75,0.0,1,0,99,64.3477360870479,64.3477360870479,0.0,0.0,0.0,True,True,True,False,0.0,1013.447828904731,1.0593295233606315,0.0,0.0,0.0,1014.5071584280915
2025-12-06T17:45:00Z,2025-12-06T18:00:00Z,2025-12-06,2025-12-06_76,0.0,1,0,99,64.3477360870479,64.3477360870479,0.0,0.0,0.0,True,True,True,False,0.0,1013.447828904731,1.0593295233606315,0.0,0.0,0.0,1014.5071584280915
2025-12-06T18:00:00Z,2025-12-06T18:15:00Z,2025-12-06,2025-12-06_77,0.0,1,0,99,64.3477360870479,64.3477360870479,0.0,0.0,0.0,True,True,True,False,0.0,1013.447828904731,0.8825782124550757,0.0,0.0,0.0,1014.330407117186
2025-12-06T18:15:00Z,2025-12-06T18:30:00Z,2025-12-06,2025-12-06_78,0.0,1,0,99,64.3477360870479,64.3477360870479,0.0,0.0,0.0,True,True,True,False,0.0,1013.447828904731,0.8825782124550757,0.0,0.0,0.0,1014.330407117186
2025-12-06T18:30:00Z,2025-12-06T18:45:00Z,2025-12-06,2025-12-06_79,0.0,1,0,99,64.3477360870479,64.3477360870479,0.0,0.0,0.0,True,True,True,False,0.0,1013.447828904731,0.8825782124550757,0.0,0.0,0.0,1014.330407117186
2025-12-06T18:45:00Z,2025-12-06T19:00:00Z,2025-12-06,2025-12-06_80,0.0,1,0,99,64.3477360870479,64.3477360870479,0.0,0.0,0.0,True,True,True,False,0.0,1013.447828904731,0.8825782124550757,0.0,0.0,0.0,1014.330407117186
2025-12-06T19:00:00Z,2025-12-06T19:15:00Z,2025-12-06,2025-12-06_81,0.0,0,0,99,64.3477360870479,64.3477360870479,0.0,0.0,0.0,True,True,True,False,0.0,1013.447828904731,0.0,0.0,0.0,0.0,1013.447828904731
2025-12-06T19:15:00Z,2025-12-06T19:30:00Z,2025-12-06,2025-12-06_82,0.0,0,0,99,64.3477360870479,64.3477360870479,0.0,0.0,0.0,True,True,True,False,0.0,1013.447828904731,0.0,0.0,0.0,0.0,1013.447828904731
2025-12-06T19:30:00Z,2025-12-06T19:45:00Z,2025-12-06,2025-12-06_83,0.0,0,0,99,64.3477360870479,64.3477360870479,0.0,0.0,0.0,True,True,True,False,0.0,1013.447828904731,0.0,0.0,0.0,0.0,1013.447828904731
2025-12-06T19:45:00Z,2025-12-06T20:00:00Z,2025-12-06,2025-12-06_84,0.0,0,0,99,64.3477360870479,64.3477360870479,0.0,0.0,0.0,True,True,True,False,0.0,1013.447828904731,0.0,0.0,0.0,0.0,1013.447828904731
2025-12-06T20:00:00Z,2025-12-06T20:15:00Z,2025-12-06,2025-12-06_85,0.0,0,0,99,64.3477360870479,64.3477360870479,0.0,0.0,0.0,True,True,True,False,0.0,1013.447828904731,0.0,0.0,0.0,0.0,1013.447828904731
2025-12-06T20:15:00Z,2025-12-06T20:30:00Z,2025-12-06,2025-12-06_86,0.0,0,0,99,64.3477360870479,64.3477360870479,0.0,0.0,0.0,True,True,True,False,0.0,1013.447828904731,0.0,0.0,0.0,0.0,1013.447828904731
2025-12-06T20:30:00Z,2025-12-06T20:45:00Z,2025-12-06,2025-12-06_87,0.0,0,0,99,64.3477360870479,64.3477360870479,0.0,0.0,0.0,True,True,True,False,0.0,1013.447828904731,0.0,0.0,0.0,0.0,1013.447828904731
2025-12-06T20:45:00Z,2025-12-06T21:00:00Z,2025-12-06,2025-12-06_88,0.0,0,0,99,64.3477360870479,64.3477360870479,0.0,0.0,0.0,True,True,True,False,0.0,1013.447828904731,0.0,0.0,0.0,0.0,1013.447828904731
2025-12-06T21:00:00Z,2025-12-06T21:15:00Z,2025-12-06,2025-12-06_89,0.0,0,0,99,64.3477360870479,64.3477360870479,0.0,0.0,0.0,True,True,True,False,0.0,1013.447828904731,0.0,0.0,0.0,0.0,1013.447828904731
2025-12-06T21:15:00Z,2025-12-06T21:30:00Z,2025-12-06,2025-12-06_90,0.0,0,0,99,64.3477360870479,64.3477360870479,0.0,0.0,0.0,True,True,True,False,0.0,1013.447828904731,0.0,0.0,0.0,0.0,1013.447828904731
2025-12-06T21:30:00Z,2025-12-06T21:45:00Z,2025-12-06,2025-12-06_91,0.0,0,0,99,64.3477360870479,64.3477360870479,0.0,0.0,0.0,True,True,True,False,0.0,1013.447828904731,0.0,0.0,0.0,0.0,1013.447828904731
2025-12-06T21:45:00Z,2025-12-06T22:00:00Z,2025-12-06,2025-12-06_92,0.0,0,0,99,64.3477360870479,64.3477360870479,0.0,0.0,0.0,True,True,True,False,0.0,1013.447828904731,0.0,0.0,0.0,0.0,1013.447828904731
2025-12-06T22:00:00Z,2025-12-06T22:15:00Z,2025-12-07,2025-12-06_93,0.0,1,0,99,64.3477360870479,64.3477360870479,0.0,0.0,0.0,True,True,True,False,0.0,1013.447828904731,0.6816708890590939,0.0,0.0,0.0,1014.12949979379
2025-12-06T22:15:00Z,2025-12-06T22:30:00Z,2025-12-07,2025-12-06_94,0.0,1,0,99,64.3477360870479,64.3477360870479,0.0,0.0,0.0,True,True,True,False,0.0,1013.447828904731,0.6816708890590939,0.0,0.0,0.0,1014.12949979379
2025-12-06T22:30:00Z,2025-12-06T22:45:00Z,2025-12-07,2025-12-06_95,0.0,1,0,99,64.3477360870479,64.3477360870479,0.0,0.0,0.0,True,True,True,False,0.0,1013.447828904731,0.6816708890590939,0.0,0.0,0.0,1014.12949979379
2025-12-06T22:45:00Z,2025-12-06T23:00:00Z,2025-12-07,2025-12-06_96,0.0,1,0,99,64.3477360870479,64.3477360870479,0.0,0.0,0.0,True,True,True,False,0.0,1013.447828904731,0.6816708890590939,0.0,0.0,0.0,1014.12949979379
2025-12-06T23:00:00Z,2025-12-06T23:15:00Z,2025-12-07,2025-12-07_1,0.0,0,0,99,64.3477360870479,64.3477360870479,0.0,0.0,0.0,True,True,True,False,0.0,1013.447828904731,0.0,0.0,0.0,0.0,1013.447828904731
2025-12-06T23:15:00Z,2025-12-06T23:30:00Z,2025-12-07,2025-12-07_2,0.0,0,0,99,64.3477360870479,64.3477360870479,0.0,0.0,0.0,True,True,True,False,0.0,1013.447828904731,0.0,0.0,0.0,0.0,1013.447828904731
2025-12-06T23:30:00Z,2025-12-06T23:45:00Z,2025-12-07,2025-12-07_3,0.0,0,0,99,64.3477360870479,64.3477360870479,0.0,0.0,0.0,True,True,True,False,0.0,1013.447828904731,0.0,0.0,0.0,0.0,1013.447828904731
2025-12-06T23:45:00Z,2025-12-07T00:00:00Z,2025-12-07,2025-12-07_4,0.0,0,0,99,64.3477360870479,64.3477360870479,0.0,0.0,0.0,True,True,True,False,0.0,1013.447828904731,0.0,0.0,0.0,0.0,1013.447828904731
2025-12-07T00:00:00Z,2025-12-07T00:15:00Z,2025-12-07,2025-12-07_5,0.0,0,0,99,64.3477360870479,64.3477360870479,0.0,0.0,0.0,True,True,True,False,0.0,1013.447828904731,0.0,0.0,0.0,0.0,1013.447828904731
2025-12-07T00:15:00Z,2025-12-07T00:30:00Z,2025-12-07,2025-12-07_6,0.0,0,0,99,64.3477360870479,64.3477360870479,0.0,0.0,0.0,True,True,True,False,0.0,1013.447828904731,0.0,0.0,0.0,0.0,1013.447828904731
2025-12-07T00:30:00Z,2025-12-07T00:45:00Z,2025-12-07,2025-12-07_7,0.0,0,0,99,64.3477360870479,64.3477360870479,0.0,0.0,0.0,True,True,True,False,0.0,1013.447828904731,0.0,0.0,0.0,0.0,1013.447828904731
2025-12-07T00:45:00Z,2025-12-07T01:00:00Z,2025-12-07,2025-12-07_8,0.0,0,0,99,64.3477360870479,64.3477360870479,0.0,0.0,0.0,True,True,True,False,0.0,1013.447828904731,0.0,0.0,0.0,0.0,1013.447828904731
2025-12-07T01:00:00Z,2025-12-07T01:15:00Z,2025-12-07,2025-12-07_9,0.0,0,0,99,64.3477360870479,64.3477360870479,0.0,0.0,0.0,True,True,True,False,0.0,1013.447828904731,0.0,0.0,0.0,0.0,1013.447828904731
2025-12-07T01:15:00Z,2025-12-07T01:30:00Z,2025-12-07,2025-12-07_10,0.0,0,0,99,64.3477360870479,64.3477360870479,0.0,0.0,0.0,True,True,True,False,0.0,1013.447828904731,0.0,0.0,0.0,0.0,1013.447828904731
2025-12-07T01:30:00Z,2025-12-07T01:45:00Z,2025-12-07,2025-12-07_11,0.0,0,0,99,64.3477360870479,64.3477360870479,0.0,0.0,0.0,True,True,True,False,0.0,1013.447828904731,0.0,0.0,0.0,0.0,1013.447828904731
2025-12-07T01:45:00Z,2025-12-07T02:00:00Z,2025-12-07,2025-12-07_12,0.0,0,0,99,64.3477360870479,64.3477360870479,0.0,0.0,0.0,True,True,True,False,0.0,1013.447828904731,0.0,0.0,0.0,0.0,1013.447828904731
2025-12-07T02:00:00Z,2025-12-07T02:15:00Z,2025-12-07,2025-12-07_13,0.0,0,0,99,64.3477360870479,64.3477360870479,0.0,0.0,0.0,True,True,True,False,0.0,1013.447828904731,0.0,0.0,0.0,0.0,1013.447828904731
2025-12-07T02:15:00Z,2025-12-07T02:30:00Z,2025-12-07,2025-12-07_14,0.0,0,0,99,64.3477360870479,64.3477360870479,0.0,0.0,0.0,True,True,True,False,0.0,1013.447828904731,0.0,0.0,0.0,0.0,1013.447828904731
2025-12-07T02:30:00Z,2025-12-07T02:45:00Z,2025-12-07,2025-12-07_15,0.0,0,0,99,64.3477360870479,64.3477360870479,0.0,0.0,0.0,True,True,True,False,0.0,1013.447828904731,0.0,0.0,0.0,0.0,1013.447828904731
2025-12-07T02:45:00Z,2025-12-07T03:00:00Z,2025-12-07,2025-12-07_16,0.0,0,0,99,64.3477360870479,64.3477360870479,0.0,0.0,0.0,True,True,True,False,0.0,1013.447828904731,0.0,0.0,0.0,0.0,1013.447828904731
2025-12-07T03:00:00Z,2025-12-07T03:15:00Z,2025-12-07,2025-12-07_17,0.0,0,0,99,64.3477360870479,64.3477360870479,0.0,0.0,0.0,True,True,True,False,0.0,1013.447828904731,0.0,0.0,0.0,0.0,1013.447828904731
2025-12-07T03:15:00Z,2025-12-07T03:30:00Z,2025-12-07,2025-12-07_18,0.0,0,0,99,64.3477360870479,64.3477360870479,0.0,0.0,0.0,True,True,True,False,0.0,1013.447828904731,0.0,0.0,0.0,0.0,1013.447828904731
2025-12-07T03:30:00Z,2025-12-07T03:45:00Z,2025-12-07,2025-12-07_19,0.0,0,0,99,64.3477360870479,64.3477360870479,0.0,0.0,0.0,True,True,True,False,0.0,1013.447828904731,0.0,0.0,0.0,0.0,1013.447828904731
2025-12-07T03:45:00Z,2025-12-07T04:00:00Z,2025-12-07,2025-12-07_20,0.0,0,0,99,64.3477360870479,64.3477360870479,0.0,0.0,0.0,True,True,True,False,0.0,1013.447828904731,0.0,0.0,0.0,0.0,1013.447828904731
2025-12-07T04:00:00Z,2025-12-07T04:15:00Z,2025-12-07,2025-12-07_21,0.0,1,0,99,64.3477360870479,64.3477360870479,0.0,0.0,0.0,True,True,True,False,0.0,1013.447828904731,0.6919813821952513,0.0,0.0,0.0,1014.1398102869261
2025-12-07T04:15:00Z,2025-12-07T04:30:00Z,2025-12-07,2025-12-07_22,0.0,1,0,99,64.3477360870479,64.3477360870479,0.0,0.0,0.0,True,True,True,False,0.0,1013.447828904731,0.6919813821952513,0.0,0.0,0.0,1014.1398102869261
2025-12-07T04:30:00Z,2025-12-07T04:45:00Z,2025-12-07,2025-12-07_23,0.0,1,0,99,64.3477360870479,64.3477360870479,0.0,0.0,0.0,True,True,True,False,0.0,1013.447828904731,0.6919813821952513,0.0,0.0,0.0,1014.1398102869261
2025-12-07T04:45:00Z,2025-12-07T05:00:00Z,2025-12-07,2025-12-07_24,0.0,1,0,99,64.3477360870479,64.3477360870479,0.0,0.0,0.0,True,True,True,False,0.0,1013.447828904731,0.6919813821952513,0.0,0.0,0.0,1014.1398102869261
2025-12-07T05:00:00Z,2025-12-07T05:15:00Z,2025-12-07,2025-12-07_25,0.0,0,0,99,64.3477360870479,64.3477360870479,0.0,0.0,0.0,True,False,True,False,0.0,1013.447828904731,0.0,0.0,0.0,0.0,1013.447828904731
2025-12-07T05:15:00Z,2025-12-07T05:30:00Z,2025-12-07,2025-12-07_26,0.0,0,0,99,64.3477360870479,64.3477360870479,0.0,0.0,0.0,True,False,True,False,0.0,1013.447828904731,0.0,0.0,0.0,0.0,1013.447828904731
2025-12-07T05:30:00Z,2025-12-07T05:45:00Z,2025-12-07,2025-12-07_27,0.0,0,0,99,64.3477360870479,64.3477360870479,0.0,0.0,0.0,True,False,True,False,0.0,1013.447828904731,0.0,0.0,0.0,0.0,1013.447828904731
2025-12-07T05:45:00Z,2025-12-07T06:00:00Z,2025-12-07,2025-12-07_28,0.0,0,0,99,64.3477360870479,64.3477360870479,0.0,0.0,0.0,True,False,True,False,0.0,1013.447828904731,0.0,0.0,0.0,0.0,1013.447828904731
2025-12-07T06:00:00Z,2025-12-07T06:15:00Z,2025-12-07,2025-12-07_29,0.0,0,0,99,64.3477360870479,64.3477360870479,0.0,0.0,0.0,True,True,True,False,0.0,1013.447828904731,0.0,0.0,0.0,0.0,1013.447828904731
2025-12-07T06:15:00Z,2025-12-07T06:30:00Z,2025-12-07,2025-12-07_30,0.0,0,0,99,64.3477360870479,64.3477360870479,0.0,0.0,0.0,True,True,True,False,0.0,1013.447828904731,0.0,0.0,0.0,0.0,1013.447828904731
2025-12-07T06:30:00Z,2025-12-07T06:45:00Z,2025-12-07,2025-12-07_31,0.0,0,0,99,64.3477360870479,64.3477360870479,0.0,0.0,0.0,True,True,True,False,0.0,1013.447828904731,0.0,0.0,0.0,0.0,1013.447828904731
2025-12-07T06:45:00Z,2025-12-07T07:00:00Z,2025-12-07,2025-12-07_32,0.0,0,0,99,64.3477360870479,64.3477360870479,0.0,0.0,0.0,True,True,True,False,0.0,1013.447828904731,0.0,0.0,0.0,0.0,1013.447828904731
2025-12-07T07:00:00Z,2025-12-07T07:15:00Z,2025-12-07,2025-12-07_33,0.0,0,0,99,64.3477360870479,64.3477360870479,0.0,0.0,0.0,True,True,True,False,0.0,1013.447828904731,0.0,0.0,0.0,0.0,1013.447828904731
2025-12-07T07:15:00Z,2025-12-07T07:30:00Z,2025-12-07,2025-12-07_34,0.0,0,0,99,64.3477360870479,64.3477360870479,0.0,0.0,0.0,True,True,True,False,0.0,1013.447828904731,0.0,0.0,0.0,0.0,1013.447828904731
2025-12-07T07:30:00Z,2025-12-07T07:45:00Z,2025-12-07,2025-12-07_35,0.0,0,0,99,64.3477360870479,64.3477360870479,0.0,0.0,0.0,True,True,True,False,0.0,1013.447828904731,0.0,0.0,0.0,0.0,1013.447828904731
2025-12-07T07:45:00Z,2025-12-07T08:00:00Z,2025-12-07,2025-12-07_36,0.0,0,0,99,64.3477360870479,64.3477360870479,0.0,0.0,0.0,True,True,True,False,0.0,1013.447828904731,0.0,0.0,0.0,0.0,1013.447828904731
2025-12-07T08:00:00Z,2025-12-07T08:15:00Z,2025-12-07,2025-12-07_37,0.0,0,0,99,64.3477360870479,64.3477360870479,0.0,0.0,0.0,True,True,True,False,0.0,1013.447828904731,0.0,0.0,0.0,0.0,1013.447828904731
2025-12-07T08:15:00Z,2025-12-07T08:30:00Z,2025-12-07,2025-12-07_38,0.0,0,0,99,64.3477360870479,64.3477360870479,0.0,0.0,0.0,True,True,True,False,0.0,1013.447828904731,0.0,0.0,0.0,0.0,1013.447828904731
2025-12-07T08:30:00Z,2025-12-07T08:45:00Z,2025-12-07,2025-12-07_39,0.0,0,0,99,64.3477360870479,64.3477360870479,0.0,0.0,0.0,True,True,True,False,0.0,1013.447828904731,0.0,0.0,0.0,0.0,1013.447828904731
2025-12-07T08:45:00Z,2025-12-07T09:00:00Z,2025-12-07,2025-12-07_40,0.0,0,0,99,64.3477360870479,64.3477360870479,0.0,0.0,0.0,True,True,True,False,0.0,1013.447828904731,0.0,0.0,0.0,0.0,1013.447828904731
2025-12-07T09:00:00Z,2025-12-07T09:15:00Z,2025-12-07,2025-12-07_41,0.0,0,1,99,64.3477360870479,64.3477360870479,0.0,0.0,0.0,True,True,True,False,0.0,1013.447828904731,0.0,0.6289400813056031,0.0,0.0,1014.0767689860365
2025-12-07T09:15:00Z,2025-12-07T09:30:00Z,2025-12-07,2025-12-07_42,0.0,0,1,99,64.3477360870479,64.3477360870479,0.0,0.0,0.0,True,True,True,False,0.0,1013.447828904731,0.0,0.6289400813056031,0.0,0.0,1014.0767689860365
2025-12-07T09:30:00Z,2025-12-07T09:45:00Z,2025-12-07,2025-12-07_43,0.0,0,1,99,64.3477360870479,64.3477360870479,0.0,0.0,0.0,True,True,True,False,0.0,1013.447828904731,0.0,0.6289400813056031,0.0,0.0,1014.0767689860365
2025-12-07T09:45:00Z,2025-12-07T10:00:00Z,2025-12-07,2025-12-07_44,0.0,0,1,99,64.3477360870479,64.3477360870479,0.0,0.0,0.0,True,True,True,False,0.0,1013.447828904731,0.0,0.6289400813056031,0.0,0.0,1014.0767689860365
2025-12-07T10:00:00Z,2025-12-07T10:15:00Z,2025-12-07,2025-12-07_45,0.0,0,0,99,64.3477360870479,64.3477360870479,0.0,0.0,0.0,True,True,True,False,0.0,1013.447828904731,0.0,0.0,0.0,0.0,1013.447828904731
2025-12-07T10:15:00Z,2025-12-07T10:30:00Z,2025-12-07,2025-12-07_46,0.0,0,0,99,64.3477360870479,64.3477360870479,0.0,0.0,0.0,True,True,True,False,0.0,1013.447828904731,0.0,0.0,0.0,0.0,1013.447828904731
2025-12-07T10:30:00Z,2025-12-07T10:45:00Z,2025-12-07,2025-12-07_47,0.0,0,0,99,64.3477360870479,64.3477360870479,0.0,0.0,0.0,True,True,True,False,0.0,1013.447828904731,0.0,0.0,0.0,0.0,1013.447828904731
2025-12-07T10:45:00Z,2025-12-07T11:00:00Z,2025-12-07,2025-12-07_48,0.0,0,0,99,64.3477360870479,64.3477360870479,0.0,0.0,0.0,True,True,True,False,0.0,1013.447828904731,0.0,0.0,0.0,0.0,1013.447828904731
2025-12-07T11:00:00Z,2025-12-07T11:15:00Z,2025-12-07,2025-12-07_49,0.0,0,0,99,64.3477360870479,64.3477360870479,0.0,0.0,0.0,True,True,True,False,0.0,1013.447828904731,0.0,0.0,0.0,0.0,1013.447828904731
2025-12-07T11:15:00Z,2025-12-07T11:30:00Z,2025-12-07,2025-12-07_50,0.0,0,0,99,64.3477360870479,64.3477360870479,0.0,0.0,0.0,True,True,True,False,0.0,1013.447828904731,0.0,0.0,0.0,0.0,1013.447828904731
2025-12-07T11:30:00Z,2025-12-07T11:45:00Z,2025-12-07,2025-12-07_51,0.0,0,0,99,64.3477360870479,64.3477360870479,0.0,0.0,0.0,True,True,True,False,0.0,1013.447828904731,0.0,0.0,0.0,0.0,1013.447828904731
2025-12-07T11:45:00Z,2025-12-07T12:00:00Z,2025-12-07,2025-12-07_52,0.0,0,0,99,64.3477360870479,64.3477360870479,0.0,0.0,0.0,True,True,True,False,0.0,1013.447828904731,0.0,0.0,0.0,0.0,1013.447828904731
2025-12-07T12:00:00Z,2025-12-07T12:15:00Z,2025-12-07,2025-12-07_53,0.0,0,0,99,64.3477360870479,64.3477360870479,0.0,0.0,0.0,True,True,True,False,0.0,1013.447828904731,0.0,0.0,0.0,0.0,1013.447828904731
2025-12-07T12:15:00Z,2025-12-07T12:30:00Z,2025-12-07,2025-12-07_54,0.0,0,0,99,64.3477360870479,64.3477360870479,0.0,0.0,0.0,True,True,True,False,0.0,1013.447828904731,0.0,0.0,0.0,0.0,1013.447828904731
2025-12-07T12:30:00Z,2025-12-07T12:45:00Z,2025-12-07,2025-12-07_55,0.0,0,0,99,64.3477360870479,64.3477360870479,0.0,0.0,0.0,True,True,True,False,0.0,1013.447828904731,0.0,0.0,0.0,0.0,1013.447828904731
2025-12-07T12:45:00Z,2025-12-07T13:00:00Z,2025-12-07,2025-12-07_56,0.0,0,0,99,64.3477360870479,64.3477360870479,0.0,0.0,0.0,True,True,True,False,0.0,1013.447828904731,0.0,0.0,0.0,0.0,1013.447828904731
2025-12-07T13:00:00Z,2025-12-07T13:15:00Z,2025-12-07,2025-12-07_57,0.0,0,0,99,64.3477360870479,64.3477360870479,0.0,0.0,0.0,True,True,True,False,0.0,1013.447828904731,0.0,0.0,0.0,0.0,1013.447828904731
2025-12-07T13:15:00Z,2025-12-07T13:30:00Z,2025-12-07,2025-12-07_58,0.0,0,0,99,64.3477360870479,64.3477360870479,0.0,0.0,0.0,True,True,True,False,0.0,1013.447828904731,0.0,0.0,0.0,0.0,1013.447828904731
2025-12-07T13:30:00Z,2025-12-07T13:45:00Z,2025-12-07,2025-12-07_59,0.0,0,0,99,64.3477360870479,64.3477360870479,0.0,0.0,0.0,True,True,True,False,0.0,1013.447828904731,0.0,0.0,0.0,0.0,1013.447828904731
2025-12-07T13:45:00Z,2025-12-07T14:00:00Z,2025-12-07,2025-12-07_60,0.0,0,0,99,64.3477360870479,64.3477360870479,0.0,0.0,0.0,True,True,True,False,0.0,1013.447828904731,0.0,0.0,0.0,0.0,1013.447828904731
2025-12-07T14:00:00Z,2025-12-07T14:15:00Z,2025-12-07,2025-12-07_61,0.0,1,0,99,64.3477360870479,64.3477360870479,0.0,0.0,0.0,True,True,True,False,0.0,1013.447828904731,0.8098155894656218,0.0,0.0,0.0,1014.2576444941966
2025-12-07T14:15:00Z,2025-12-07T14:30:00Z,2025-12-07,2025-12-07_62,0.0,1,0,99,64.3477360870479,64.3477360870479,0.0,0.0,0.0,True,True,True,False,0.0,1013.447828904731,0.8098155894656218,0.0,0.0,0.0,1014.2576444941966
2025-12-07T14:30:00Z,2025-12-07T14:45:00Z,2025-12-07,2025-12-07_63,0.0,1,0,99,64.3477360870479,64.3477360870479,0.0,0.0,0.0,True,True,True,False,0.0,1013.447828904731,0.8098155894656218,0.0,0.0,0.0,1014.2576444941966
2025-12-07T14:45:00Z,2025-12-07T15:00:00Z,2025-12-07,2025-12-07_64,0.0,1,0,99,64.3477360870479,64.34769881996716,1.0351966873706004e-07,3.4285714285714284e-05,0.0,True,True,True,False,0.0,1013.447828904731,0.8098155894656218,0.0,0.005252038952622232,0.0,1014.2628965331492
2025-12-07T15:00:00Z,2025-12-07T15:15:00Z,2025-12-07,2025-12-07_65,0.0,0,0,99,64.34769881996716,64.34769881996716,0.0,0.0,0.0,True,True,True,False,0.0,1013.447828904731,0.0,0.0,0.0,0.0,1013.447828904731
2025-12-07T15:15:00Z,2025-12-07T15:30:00Z,2025-12-07,2025-12-07_66,0.0,0,0,99,64.34769881996716,64.34769881996716,0.0,0.0,0.0,True,True,True,False,0.0,1013.447828904731,0.0,0.0,0.0,0.0,1013.447828904731
2025-12-07T15:30:00Z,2025-12-07T15:45:00Z,2025-12-07,2025-12-07_67,0.0,0,0,99,64.34769881996716,64.34769881996716,0.0,0.0,0.0,True,True,True,False,0.0,1013.447828904731,0.0,0.0,0.0,0.0,1013.447828904731
2025-12-07T15:45:00Z,2025-12-07T16:00:00Z,2025-12-07,2025-12-07_68,0.0,0,0,99,64.34769881996716,64.34769881996716,0.0,0.0,0.0,True,True,True,False,0.0,1013.447828904731,0.0,0.0,0.0,0.0,1013.447828904731
2025-12-07T16:00:00Z,2025-12-07T16:15:00Z,2025-12-07,2025-12-07_69,0.0,0,0,99,64.34769881996716,64.34769881996716,0.0,0.0,0.0,True,False,True,False,0.0,1013.447828904731,0.0,0.0,0.0,0.0,1013.447828904731
2025-12-07T16:15:00Z,2025-12-07T16:30:00Z,2025-12-07,2025-12-07_70,0.0,0,0,99,64.34769881996716,64.34769881996716,0.0,0.0,0.0,True,False,True,False,0.0,1013.447828904731,0.0,0.0,0.0,0.0,1013.447828904731
2025-12-07T16:30:00Z,2025-12-07T16:45:00Z,2025-12-07,2025-12-07_71,0.0,0,0,99,64.34769881996716,64.34769881996716,0.0,0.0,0.0,True,False,True,False,0.0,1013.447828904731,0.0,0.0,0.0,0.0,1013.447828904731
2025-12-07T16:45:00Z,2025-12-07T17:00:00Z,2025-12-07,2025-12-07_72,0.0,0,0,99,64.34769881996716,64.34769881996716,0.0,0.0,0.0,True,False,True,False,0.0,1013.447828904731,0.0,0.0,0.0,0.0,1013.447828904731
2025-12-07T17:00:00Z,2025-12-07T17:15:00Z,2025-12-07,2025-12-07_73,0.0,0,0,99,64.34769881996716,64.34769881996716,0.0,0.0,0.0,True,False,True,False,0.0,1013.447828904731,0.0,0.0,0.0,0.0,1013.447828904731
2025-12-07T17:15:00Z,2025-12-07T17:30:00Z,2025-12-07,2025-12-07_74,0.0,0,0,99,64.34769881996716,64.34769881996716,0.0,0.0,0.0,True,False,True,False,0.0,1013.447828904731,0.0,0.0,0.0,0.0,1013.447828904731
2025-12-07T17:30:00Z,2025-12-07T17:45:00Z,2025-12-07,2025-12-07_75,0.0,0,0,99,64.34769881996716,64.34769881996716,0.0,0.0,0.0,True,False,True,False,0.0,1013.447828904731,0.0,0.0,0.0,0.0,1013.447828904731
2025-12-07T17:45:00Z,2025-12-07T18:00:00Z,2025-12-07,2025-12-07_76,0.0,0,0,99,64.34769881996716,64.34769881996716,0.0,0.0,0.0,True,False,True,False,0.0,1013.447828904731,0.0,0.0,0.0,0.0,1013.447828904731
2025-12-07T18:00:00Z,2025-12-07T18:15:00Z,2025-12-07,2025-12-07_77,0.0,1,0,99,64.34769881996716,64.34769881996716,0.0,0.0,0.0,True,True,True,False,0.0,1013.447828904731,0.8867024097095387,0.0,0.0,0.0,1014.3345313144405
2025-12-07T18:15:00Z,2025-12-07T18:30:00Z,2025-12-07,2025-12-07_78,0.0,1,0,99,64.34769881996716,64.34769881996716,0.0,0.0,0.0,True,True,True,False,0.0,1013.447828904731,0.8867024097095387,0.0,0.0,0.0,1014.3345313144405
2025-12-07T18:30:00Z,2025-12-07T18:45:00Z,2025-12-07,2025-12-07_79,0.0,1,0,99,64.34769881996716,64.34769881996716,0.0,0.0,0.0,True,True,True,False,0.0,1013.447828904731,0.8867024097095387,0.0,0.0,0.0,1014.3345313144405
2025-12-07T18:45:00Z,2025-12-07T19:00:00Z,2025-12-07,2025-12-07_80,0.0,1,0,99,64.34769881996716,64.34769881996716,0.0,0.0,0.0,True,True,True,False,0.0,1013.447828904731,0.8867024097095387,0.0,0.0,0.0,1014.3345313144405
2025-12-07T19:00:00Z,2025-12-07T19:15:00Z,2025-12-07,2025-12-07_81,0.0,0,0,99,64.34769881996716,64.34769881996716,0.0,0.0,0.0,True,True,True,False,0.0,1013.447828904731,0.0,0.0,0.0,0.0,1013.447828904731
2025-12-07T19:15:00Z,2025-12-07T19:30:00Z,2025-12-07,2025-12-07_82,0.0,0,0,99,64.34769881996716,64.34769881996716,0.0,0.0,0.0,True,True,True,False,0.0,1013.447828904731,0.0,0.0,0.0,0.0,1013.447828904731
2025-12-07T19:30:00Z,2025-12-07T19:45:00Z,2025-12-07,2025-12-07_83,2.8456897632920647e-05,0,0,99,64.34769881996716,64.34769108711454,2.1480146160115222e-08,0.0,0.0,True,True,True,False,0.0007979314096270949,1013.447828904731,0.0,0.0,0.0,0.0,1013.4486268361405
2025-12-07T19:45:00Z,2025-12-07T20:00:00Z,2025-12-07,2025-12-07_84,0.0,0,0,99,64.34769108711454,64.34769108711454,0.0,0.0,0.0,True,True,True,False,0.0,1013.447828904731,0.0,0.0,0.0,0.0,1013.447828904731
2025-12-07T20:00:00Z,2025-12-07T20:15:00Z,2025-12-07,2025-12-07_85,0.0,1,0,99,64.34769108711454,64.34769108711454,0.0,0.0,0.0,True,True,True,False,0.0,1013.447828904731,0.7450067754669181,0.0,0.0,0.0,1014.1928356801978
2025-12-07T20:15:00Z,2025-12-07T20:30:00Z,2025-12-07,2025-12-07_86,0.0,1,0,99,64.34769108711454,64.34769108711454,0.0,0.0,0.0,True,True,True,False,0.0,1013.447828904731,0.7450067754669181,0.0,0.0,0.0,1014.1928356801978
2025-12-07T20:30:00Z,2025-12-07T20:45:00Z,2025-12-07,2025-12-07_87,0.0,1,0,99,64.34769108711454,64.34769108711454,0.0,0.0,0.0,True,True,True,False,0.0,1013.447828904731,0.7450067754669181,0.0,0.0,0.0,1014.1928356801978
2025-12-07T20:45:00Z,2025-12-07T21:00:00Z,2025-12-07,2025-12-07_88,0.0,1,0,99,64.34769108711454,64.34769108711454,0.0,0.0,0.0,True,True,True,False,0.0,1013.447828904731,0.7450067754669181,0.0,0.0,0.0,1014.1928356801978
2025-12-07T21:00:00Z,2025-12-07T21:15:00Z,2025-12-07,2025-12-07_89,0.0,0,0,99,64.34769108711454,64.34769108711454,0.0,0.0,0.0,True,True,True,False,0.0,1013.447828904731,0.0,0.0,0.0,0.0,1013.447828904731
2025-12-07T21:15:00Z,2025-12-07T21:30:00Z,2025-12-07,2025-12-07_90,0.0,0,0,99,64.34769108711454,64.34769108711454,0.0,0.0,0.0,True,True,True,False,0.0,1013.447828904731,0.0,0.0,0.0,0.0,1013.447828904731
2025-12-07T21:30:00Z,2025-12-07T21:45:00Z,2025-12-07,2025-12-07_91,0.0,0,0,99,64.34769108711454,64.34769108711454,0.0,0.0,0.0,True,True,True,False,0.0,1013.447828904731,0.0,0.0,0.0,0.0,1013.447828904731
2025-12-07T21:45:00Z,2025-12-07T22:00:00Z,2025-12-07,2025-12-07_92,0.0,0,0,99,64.34769108711454,64.34769108711454,0.0,0.0,0.0,True,True,True,False,0.0,1013.447828904731,0.0,0.0,0.0,0.0,1013.447828904731
2025-12-07T22:00:00Z,2025-12-07T22:15:00Z,2025-12-08,2025-12-07_93,0.0,1,0,99,64.34769108711454,64.34769108711454,0.0,0.0,0.0,True,True,True,False,0.0,1013.447828904731,0.6816708890590939,0.0,0.0,0.0,1014.12949979379
2025-12-07T22:15:00Z,2025-12-07T22:30:00Z,2025-12-08,2025-12-07_94,0.0,1,0,99,64.34769108711454,64.34769108711454,0.0,0.0,0.0,True,True,True,False,0.0,1013.447828904731,0.6816708890590939,0.0,0.0,0.0,1014.12949979379
2025-12-07T22:30:00Z,2025-12-07T22:45:00Z,2025-12-08,2025-12-07_95,0.0,1,0,99,64.34769108711454,64.34769108711454,0.0,0.0,0.0,True,True,True,False,0.0,1013.447828904731,0.6816708890590939,0.0,0.0,0.0,1014.12949979379
2025-12-07T22:45:00Z,2025-12-07T23:00:00Z,2025-12-08,2025-12-07_96,0.0,1,0,99,64.34769108711454,64.34769108711454,0.0,0.0,0.0,True,True,True,False,0.0,1013.447828904731,0.6816708890590939,0.0,0.0,0.0,1014.12949979379
2025-12-07T23:00:00Z,2025-12-07T23:15:00Z,2025-12-08,2025-12-08_1,0.0,0,0,99,64.34769108711454,64.34769108711454,0.0,0.0,0.0,True,True,True,False,0.0,1013.447828904731,0.0,0.0,0.0,0.0,1013.447828904731
2025-12-07T23:15:00Z,2025-12-07T23:30:00Z,2025-12-08,2025-12-08_2,0.0,0,0,99,64.34769108711454,64.34769108711454,0.0,0.0,0.0,True,True,True,False,0.0,1013.447828904731,0.0,0.0,0.0,0.0,1013.447828904731
2025-12-07T23:30:00Z,2025-12-07T23:45:00Z,2025-12-08,2025-12-08_3,0.0,0,0,99,64.34769108711454,64.34769108711454,0.0,0.0,0.0,True,True,True,False,0.0,1013.447828904731,0.0,0.0,0.0,0.0,1013.447828904731
2025-12-07T23:45:00Z,2025-12-08T00:00:00Z,2025-12-08,2025-12-08_4,0.0,0,0,99,64.34769108711454,64.34769108711454,0.0,0.0,0.0,True,True,True,False,0.0,1013.447828904731,0.0,0.0,0.0,0.0,1013.447828904731
2025-12-08T00:00:00Z,2025-12-08T00:15:00Z,2025-12-08,2025-12-08_5,0.0,0,0,99,64.34769108711454,64.34769108711454,0.0,0.0,0.0,True,True,True,False,0.0,1013.447828904731,0.0,0.0,0.0,0.0,1013.447828904731
2025-12-08T00:15:00Z,2025-12-08T00:30:00Z,2025-12-08,2025-12-08_6,0.0,0,0,99,64.34769108711454,64.34769108711454,0.0,0.0,0.0,True,True,True,False,0.0,1013.447828904731,0.0,0.0,0.0,0.0,1013.447828904731
2025-12-08T00:30:00Z,2025-12-08T00:45:00Z,2025-12-08,2025-12-08_7,0.0,0,0,99,64.34769108711454,64.34769108711454,0.0,0.0,0.0,True,True,True,False,0.0,1013.447828904731,0.0,0.0,0.0,0.0,1013.447828904731
2025-12-08T00:45:00Z,2025-12-08T01:00:00Z,2025-12-08,2025-12-08_8,0.0,0,0,99,64.34769108711454,64.34769108711454,0.0,0.0,0.0,True,True,True,False,0.0,1013.447828904731,0.0,0.0,0.0,0.0,1013.447828904731
2025-12-08T01:00:00Z,2025-12-08T01:15:00Z,2025-12-08,2025-12-08_9,0.0,0,0,99,64.34769108711454,64.34769108711454,0.0,0.0,0.0,True,True,True,False,0.0,1013.447828904731,0.0,0.0,0.0,0.0,1013.447828904731
2025-12-08T01:15:00Z,2025-12-08T01:30:00Z,2025-12-08,2025-12-08_10,0.0,0,0,99,64.34769108711454,64.34769108711454,0.0,0.0,0.0,True,True,True,False,0.0,1013.447828904731,0.0,0.0,0.0,0.0,1013.447828904731
2025-12-08T01:30:00Z,2025-12-08T01:45:00Z,2025-12-08,2025-12-08_11,0.0,0,0,99,64.34769108711454,64.34769108711454,0.0,0.0,0.0,True,True,True,False,0.0,1013.447828904731,0.0,0.0,0.0,0.0,1013.447828904731
2025-12-08T01:45:00Z,2025-12-08T02:00:00Z,2025-12-08,2025-12-08_12,0.0,0,0,99,64.34769108711454,64.34769108711454,0.0,0.0,0.0,True,True,True,False,0.0,1013.447828904731,0.0,0.0,0.0,0.0,1013.447828904731
2025-12-08T02:00:00Z,2025-12-08T02:15:00Z,2025-12-08,2025-12-08_13,0.0,0,0,99,64.34769108711454,64.34769108711454,0.0,0.0,0.0,True,True,True,False,0.0,1013.447828904731,0.0,0.0,0.0,0.0,1013.447828904731
2025-12-08T02:15:00Z,2025-12-08T02:30:00Z,2025-12-08,2025-12-08_14,0.0,0,0,99,64.34769108711454,64.34769108711454,0.0,0.0,0.0,True,True,True,False,0.0,1013.447828904731,0.0,0.0,0.0,0.0,1013.447828904731
2025-12-08T02:30:00Z,2025-12-08T02:45:00Z,2025-12-08,2025-12-08_15,0.0,0,0,99,64.34769108711454,64.34769108711454,0.0,0.0,0.0,True,True,True,False,0.0,1013.447828904731,0.0,0.0,0.0,0.0,1013.447828904731
2025-12-08T02:45:00Z,2025-12-08T03:00:00Z,2025-12-08,2025-12-08_16,0.0,0,0,99,64.34769108711454,64.34769108711454,0.0,0.0,0.0,True,True,True,False,0.0,1013.447828904731,0.0,0.0,0.0,0.0,1013.447828904731
2025-12-08T03:00:00Z,2025-12-08T03:15:00Z,2025-12-08,2025-12-08_17,0.0,0,0,99,64.34769108711454,64.34769108711454,0.0,0.0,0.0,True,True,True,False,0.0,1013.447828904731,0.0,0.0,0.0,0.0,1013.447828904731
2025-12-08T03:15:00Z,2025-12-08T03:30:00Z,2025-12-08,2025-12-08_18,0.0,0,0,99,64.34769108711454,64.34769108711454,0.0,0.0,0.0,True,True,True,False,0.0,1013.447828904731,0.0,0.0,0.0,0.0,1013.447828904731
2025-12-08T03:30:00Z,2025-12-08T03:45:00Z,2025-12-08,2025-12-08_19,0.0,0,0,99,64.34769108711454,64.34769108711454,0.0,0.0,0.0,True,True,True,False,0.0,1013.447828904731,0.0,0.0,0.0,0.0,1013.447828904731
2025-12-08T03:45:00Z,2025-12-08T04:00:00Z,2025-12-08,2025-12-08_20,0.0,0,0,99,64.34769108711454,64.34769108711454,0.0,0.0,0.0,True,True,True,False,0.0,1013.447828904731,0.0,0.0,0.0,0.0,1013.447828904731
2025-12-08T04:00:00Z,2025-12-08T04:15:00Z,2025-12-08,2025-12-08_21,0.0,0,0,89,64.34769108711454,64.34769108711454,0.0,0.0,0.0,True,True,True,False,0.0,825.8705002062098,0.0,0.0,0.0,0.0,825.8705002062098
2025-12-08T04:15:00Z,2025-12-08T04:30:00Z,2025-12-08,2025-12-08_22,0.0,0,0,89,64.34769108711454,64.34769108711454,0.0,0.0,0.0,True,True,True,False,0.0,825.8705002062098,0.0,0.0,0.0,0.0,825.8705002062098
2025-12-08T04:30:00Z,2025-12-08T04:45:00Z,2025-12-08,2025-12-08_23,0.0,0,0,89,64.34769108711454,64.34769108711454,0.0,0.0,0.0,True,True,True,False,0.0,825.8705002062098,0.0,0.0,0.0,0.0,825.8705002062098
2025-12-08T04:45:00Z,2025-12-08T05:00:00Z,2025-12-08,2025-12-08_24,0.0,0,0,89,64.34769108711454,64.34769108711454,0.0,0.0,0.0,True,True,True,False,0.0,825.8705002062098,0.0,0.0,0.0,0.0,825.8705002062098
2025-12-08T05:00:00Z,2025-12-08T05:15:00Z,2025-12-08,2025-12-08_25,0.0,0,0,89,64.34769108711454,64.34769108711454,0.0,0.0,0.0,True,True,True,False,0.0,825.8705002062098,0.0,0.0,0.0,0.0,825.8705002062098
2025-12-08T05:15:00Z,2025-12-08T05:30:00Z,2025-12-08,2025-12-08_26,0.0,0,0,89,64.34769108711454,64.34769108711454,0.0,0.0,0.0,True,True,True,False,0.0,825.8705002062098,0.0,0.0,0.0,0.0,825.8705002062098
2025-12-08T05:30:00Z,2025-12-08T05:45:00Z,2025-12-08,2025-12-08_27,0.0,0,0,89,64.34769108711454,64.34769108711454,0.0,0.0,0.0,True,True,True,False,0.0,825.8705002062098,0.0,0.0,0.0,0.0,825.8705002062098
2025-12-08T05:45:00Z,2025-12-08T06:00:00Z,2025-12-08,2025-12-08_28,0.0,0,0,89,64.34769108711454,64.34769108711454,0.0,0.0,0.0,True,True,True,False,0.0,825.8705002062098,0.0,0.0,0.0,0.0,825.8705002062098
2025-12-08T06:00:00Z,2025-12-08T06:15:00Z,2025-12-08,2025-12-08_29,0.0,0,0,89,64.34769108711454,64.34769108711454,0.0,0.0,0.0,True,True,True,False,0.0,825.8705002062098,0.0,0.0,0.0,0.0,825.8705002062098
2025-12-08T06:15:00Z,2025-12-08T06:30:00Z,2025-12-08,2025-12-08_30,0.0,0,0,89,64.34769108711454,64.34769108711454,0.0,0.0,0.0,True,True,True,False,0.0,825.8705002062098,0.0,0.0,0.0,0.0,825.8705002062098
2025-12-08T06:30:00Z,2025-12-08T06:45:00Z,2025-12-08,2025-12-08_31,0.0,0,0,89,64.34769108711454,64.34769108711454,0.0,0.0,0.0,True,True,True,False,0.0,825.8705002062098,0.0,0.0,0.0,0.0,825.8705002062098
2025-12-08T06:45:00Z,2025-12-08T07:00:00Z,2025-12-08,2025-12-08_32,0.0,0,0,89,64.34769108711454,64.34769108711454,0.0,0.0,0.0,True,True,True,False,0.0,825.8705002062098,0.0,0.0,0.0,0.0,825.8705002062098
2025-12-08T07:00:00Z,2025-12-08T07:15:00Z,2025-12-08,2025-12-08_33,0.0,0,0,89,64.34769108711454,64.34769108711454,0.0,0.0,0.0,True,True,True,False,0.0,825.8705002062098,0.0,0.0,0.0,0.0,825.8705002062098
2025-12-08T07:15:00Z,2025-12-08T07:30:00Z,2025-12-08,2025-12-08_34,-3.3821801680052267e-13,0,0,89,64.34769108711454,64.34769108711461,2.1608373295588952e-16,0.0,0.0,True,True,True,False,-1.0459392169556164e-11,825.8705002062098,0.0,0.0,0.0,0.0,825.8705002061994
2025-12-08T07:30:00Z,2025-12-08T07:45:00Z,2025-12-08,2025-12-08_35,0.0,0,0,89,64.34769108711461,64.34769108711461,0.0,0.0,0.0,True,True,True,False,0.0,825.8705002062098,0.0,0.0,0.0,0.0,825.8705002062098
2025-12-08T07:45:00Z,2025-12-08T08:00:00Z,2025-12-08,2025-12-08_36,0.0,0,0,89,64.34769108711461,64.34769108711461,0.0,0.0,0.0,True,True,True,False,0.0,825.8705002062098,0.0,0.0,0.0,0.0,825.8705002062098
2025-12-08T08:00:00Z,2025-12-08T08:15:00Z,2025-12-08,2025-12-08_37,0.0,0,0,89,64.34769108711461,64.34769108711461,0.0,0.0,0.0,True,True,True,False,0.0,825.8705002062098,0.0,0.0,0.0,0.0,825.8705002062098
2025-12-08T08:15:00Z,2025-12-08T08:30:00Z,2025-12-08,2025-12-08_38,0.0,0,0,89,64.34769108711461,64.34769108711461,0.0,0.0,0.0,True,True,True,False,0.0,825.8705002062098,0.0,0.0,0.0,0.0,825.8705002062098
2025-12-08T08:30:00Z,2025-12-08T08:45:00Z,2025-12-08,2025-12-08_39,0.0,0,0,89,64.34769108711461,64.34769108711461,0.0,0.0,0.0,True,True,True,False,0.0,825.8705002062098,0.0,0.0,0.0,0.0,825.8705002062098
2025-12-08T08:45:00Z,2025-12-08T09:00:00Z,2025-12-08,2025-12-08_40,0.0,0,0,89,64.34769108711461,64.34769108711461,0.0,0.0,0.0,True,True,True,False,0.0,825.8705002062098,0.0,0.0,0.0,0.0,825.8705002062098
2025-12-08T09:00:00Z,2025-12-08T09:15:00Z,2025-12-08,2025-12-08_41,0.0,0,0,89,64.34769108711461,64.34769108711461,0.0,0.0,0.0,True,True,True,False,0.0,825.8705002062098,0.0,0.0,0.0,0.0,825.8705002062098
2025-12-08T09:15:00Z,2025-12-08T09:30:00Z,2025-12-08,2025-12-08_42,0.0,0,0,89,64.34769108711461,64.34769108711461,0.0,0.0,0.0,True,True,True,False,0.0,825.8705002062098,0.0,0.0,0.0,0.0,825.8705002062098
2025-12-08T09:30:00Z,2025-12-08T09:45:00Z,2025-12-08,2025-12-08_43,0.0,0,0,89,64.34769108711461,64.34769108711461,0.0,0.0,0.0,True,True,True,False,0.0,825.8705002062098,0.0,0.0,0.0,0.0,825.8705002062098
2025-12-08T09:45:00Z,2025-12-08T10:00:00Z,2025-12-08,2025-12-08_44,0.0,0,0,89,64.34769108711461,64.34769108711461,0.0,0.0,0.0,True,True,True,False,0.0,825.8705002062098,0.0,0.0,0.0,0.0,825.8705002062098
2025-12-08T10:00:00Z,2025-12-08T10:15:00Z,2025-12-08,2025-12-08_45,0.0,0,0,99,64.34769108711461,64.34769108711461,0.0,0.0,0.0,True,True,True,False,0.0,1013.447828904731,0.0,0.0,0.0,0.0,1013.447828904731
2025-12-08T10:15:00Z,2025-12-08T10:30:00Z,2025-12-08,2025-12-08_46,0.0,0,0,99,64.34769108711461,64.34769108711461,0.0,0.0,0.0,True,True,True,False,0.0,1013.447828904731,0.0,0.0,0.0,0.0,1013.447828904731
2025-12-08T10:30:00Z,2025-12-08T10:45:00Z,2025-12-08,2025-12-08_47,0.0,0,0,99,64.34769108711461,64.34769108711461,0.0,0.0,0.0,True,True,True,False,0.0,1013.447828904731,0.0,0.0,0.0,0.0,1013.447828904731
2025-12-08T10:45:00Z,2025-12-08T11:00:00Z,2025-12-08,2025-12-08_48,0.0,0,0,99,64.34769108711461,64.34769108711461,0.0,0.0,0.0,True,True,True,False,0.0,1013.447828904731,0.0,0.0,0.0,0.0,1013.447828904731
2025-12-08T11:00:00Z,2025-12-08T11:15:00Z,2025-12-08,2025-12-08_49,0.0,0,0,99,64.34769108711461,64.34769108711461,0.0,0.0,0.0,True,True,True,False,0.0,1013.447828904731,0.0,0.0,0.0,0.0,1013.447828904731
2025-12-08T11:15:00Z,2025-12-08T11:30:00Z,2025-12-08,2025-12-08_50,0.0,0,0,99,64.34769108711461,64.34769108711461,0.0,0.0,0.0,True,True,True,False,0.0,1013.447828904731,0.0,0.0,0.0,0.0,1013.447828904731
2025-12-08T11:30:00Z,2025-12-08T11:45:00Z,2025-12-08,2025-12-08_51,0.0,0,0,99,64.34769108711461,64.34769108711461,0.0,0.0,0.0,True,True,True,False,0.0,1013.447828904731,0.0,0.0,0.0,0.0,1013.447828904731
2025-12-08T11:45:00Z,2025-12-08T12:00:00Z,2025-12-08,2025-12-08_52,0.0,0,0,99,64.34769108711461,64.34769108711461,0.0,0.0,0.0,True,True,True,False,0.0,1013.447828904731,0.0,0.0,0.0,0.0,1013.447828904731
2025-12-08T12:00:00Z,2025-12-08T12:15:00Z,2025-12-08,2025-12-08_53,0.0,0,0,99,64.34769108711461,64.34769108711461,0.0,0.0,0.0,True,True,True,False,0.0,1013.447828904731,0.0,0.0,0.0,0.0,1013.447828904731
2025-12-08T12:15:00Z,2025-12-08T12:30:00Z,2025-12-08,2025-12-08_54,0.0,0,0,99,64.34769108711461,64.34769108711461,0.0,0.0,0.0,True,True,True,False,0.0,1013.447828904731,0.0,0.0,0.0,0.0,1013.447828904731
2025-12-08T12:30:00Z,2025-12-08T12:45:00Z,2025-12-08,2025-12-08_55,0.0,0,0,99,64.34769108711461,64.34769108711461,0.0,0.0,0.0,True,True,True,False,0.0,1013.447828904731,0.0,0.0,0.0,0.0,1013.447828904731
2025-12-08T12:45:00Z,2025-12-08T13:00:00Z,2025-12-08,2025-12-08_56,0.0,0,0,99,64.34769108711461,64.34769108711461,0.0,0.0,0.0,True,True,True,False,0.0,1013.447828904731,0.0,0.0,0.0,0.0,1013.447828904731
2025-12-08T13:00:00Z,2025-12-08T13:15:00Z,2025-12-08,2025-12-08_57,0.0,0,0,99,64.34769108711461,64.34769108711461,0.0,0.0,0.0,True,False,True,False,0.0,1013.447828904731,0.0,0.0,0.0,0.0,1013.447828904731
2025-12-08T13:15:00Z,2025-12-08T13:30:00Z,2025-12-08,2025-12-08_58,0.0,0,0,99,64.34769108711461,64.34769108711461,0.0,0.0,0.0,True,False,True,False,0.0,1013.447828904731,0.0,0.0,0.0,0.0,1013.447828904731
2025-12-08T13:30:00Z,2025-12-08T13:45:00Z,2025-12-08,2025-12-08_59,0.0,0,0,99,64.34769108711461,64.34769108711461,0.0,0.0,0.0,True,False,True,False,0.0,1013.447828904731,0.0,0.0,0.0,0.0,1013.447828904731
2025-12-08T13:45:00Z,2025-12-08T14:00:00Z,2025-12-08,2025-12-08_60,0.0,0,0,99,64.34769108711461,64.34769108711461,0.0,0.0,0.0,True,False,True,False,0.0,1013.447828904731,0.0,0.0,0.0,0.0,1013.447828904731
2025-12-08T14:00:00Z,2025-12-08T14:15:00Z,2025-12-08,2025-12-08_61,0.0,0,0,99,64.34769108711461,64.34769108711461,0.0,0.0,0.0,True,False,True,False,0.0,1013.447828904731,0.0,0.0,0.0,0.0,1013.447828904731
2025-12-08T14:15:00Z,2025-12-08T14:30:00Z,2025-12-08,2025-12-08_62,0.0,0,0,99,64.34769108711461,64.34769108711461,0.0,0.0,0.0,True,False,True,False,0.0,1013.447828904731,0.0,0.0,0.0,0.0,1013.447828904731
2025-12-08T14:30:00Z,2025-12-08T14:45:00Z,2025-12-08,2025-12-08_63,0.0,0,0,99,64.34769108711461,64.34769108711461,0.0,0.0,0.0,True,False,True,False,0.0,1013.447828904731,0.0,0.0,0.0,0.0,1013.447828904731
2025-12-08T14:45:00Z,2025-12-08T15:00:00Z,2025-12-08,2025-12-08_64,0.0,0,0,99,64.34769108711461,64.34769108711461,0.0,0.0,0.0,True,False,True,False,0.0,1013.447828904731,0.0,0.0,0.0,0.0,1013.447828904731
2025-12-08T15:00:00Z,2025-12-08T15:15:00Z,2025-12-08,2025-12-08_65,0.0,0,0,99,64.34769108711461,64.34769108711461,0.0,0.0,0.0,True,True,True,False,0.0,1013.447828904731,0.0,0.0,0.0,0.0,1013.447828904731
2025-12-08T15:15:00Z,2025-12-08T15:30:00Z,2025-12-08,2025-12-08_66,0.0,0,0,99,64.34769108711461,64.34769108711461,0.0,0.0,0.0,True,True,True,False,0.0,1013.447828904731,0.0,0.0,0.0,0.0,1013.447828904731
2025-12-08T15:30:00Z,2025-12-08T15:45:00Z,2025-12-08,2025-12-08_67,0.0,0,0,99,64.34769108711461,64.34769108711461,0.0,0.0,0.0,True,True,True,False,0.0,1013.447828904731,0.0,0.0,0.0,0.0,1013.447828904731
2025-12-08T15:45:00Z,2025-12-08T16:00:00Z,2025-12-08,2025-12-08_68,0.0,0,0,99,64.34769108711461,64.34769108711461,0.0,0.0,0.0,True,True,True,False,0.0,1013.447828904731,0.0,0.0,0.0,0.0,1013.447828904731
2025-12-08T16:00:00Z,2025-12-08T16:15:00Z,2025-12-08,2025-12-08_69,0.0,0,0,99,64.34769108711461,64.34769108711461,0.0,0.0,0.0,True,True,True,False,0.0,1013.447828904731,0.0,0.0,0.0,0.0,1013.447828904731
2025-12-08T16:15:00Z,2025-12-08T16:30:00Z,2025-12-08,2025-12-08_70,0.0,0,0,99,64.34769108711461,64.34769108711461,0.0,0.0,0.0,True,True,True,False,0.0,1013.447828904731,0.0,0.0,0.0,0.0,1013.447828904731
2025-12-08T16:30:00Z,2025-12-08T16:45:00Z,2025-12-08,2025-12-08_71,0.0,0,0,99,64.34769108711461,64.34769108711461,0.0,0.0,0.0,True,True,True,False,0.0,1013.447828904731,0.0,0.0,0.0,0.0,1013.447828904731
2025-12-08T16:45:00Z,2025-12-08T17:00:00Z,2025-12-08,2025-12-08_72,0.0,0,0,99,64.34769108711461,64.34769108711461,0.0,0.0,0.0,True,True,True,False,0.0,1013.447828904731,0.0,0.0,0.0,0.0,1013.447828904731
2025-12-08T17:00:00Z,2025-12-08T17:15:00Z,2025-12-08,2025-12-08_73,0.0,0,0,99,64.34769108711461,64.34769108711461,0.0,0.0,0.0,True,True,True,False,0.0,1013.447828904731,0.0,0.0,0.0,0.0,1013.447828904731
2025-12-08T17:15:00Z,2025-12-08T17:30:00Z,2025-12-08,2025-12-08_74,0.0,0,0,99,64.34769108711461,64.34769108711461,0.0,0.0,0.0,True,True,True,False,0.0,1013.447828904731,0.0,0.0,0.0,0.0,1013.447828904731
2025-12-08T17:30:00Z,2025-12-08T17:45:00Z,2025-12-08,2025-12-08_75,0.0,0,0,99,64.34769108711461,64.34769108711461,0.0,0.0,0.0,True,True,True,False,0.0,1013.447828904731,0.0,0.0,0.0,0.0,1013.447828904731
2025-12-08T17:45:00Z,2025-12-08T18:00:00Z,2025-12-08,2025-12-08_76,0.0,0,0,99,64.34769108711461,64.34769108711461,0.0,0.0,0.0,True,True,True,False,0.0,1013.447828904731,0.0,0.0,0.0,0.0,1013.447828904731
2025-12-08T18:00:00Z,2025-12-08T18:15:00Z,2025-12-08,2025-12-08_77,0.0,1,0,99,64.34769108711461,64.34769108711461,0.0,0.0,0.0,True,True,True,False,0.0,1013.447828904731,0.8867024097095387,0.0,0.0,0.0,1014.3345313144405
2025-12-08T18:15:00Z,2025-12-08T18:30:00Z,2025-12-08,2025-12-08_78,0.0,1,0,99,64.34769108711461,64.34769108711461,0.0,0.0,0.0,True,True,True,False,0.0,1013.447828904731,0.8867024097095387,0.0,0.0,0.0,1014.3345313144405
2025-12-08T18:30:00Z,2025-12-08T18:45:00Z,2025-12-08,2025-12-08_79,0.0,1,0,99,64.34769108711461,64.34769108711461,0.0,0.0,0.0,True,True,True,False,0.0,1013.447828904731,0.8867024097095387,0.0,0.0,0.0,1014.3345313144405
2025-12-08T18:45:00Z,2025-12-08T19:00:00Z,2025-12-08,2025-12-08_80,0.0,1,0,99,64.34769108711461,64.34769108711461,0.0,0.0,0.0,True,True,True,False,0.0,1013.447828904731,0.8867024097095387,0.0,0.0,0.0,1014.3345313144405
2025-12-08T19:00:00Z,2025-12-08T19:15:00Z,2025-12-08,2025-12-08_81,0.0,0,0,99,64.34769108711461,64.34769108711461,0.0,0.0,0.0,True,True,True,False,0.0,1013.447828904731,0.0,0.0,0.0,0.0,1013.447828904731
2025-12-08T19:15:00Z,2025-12-08T19:30:00Z,2025-12-08,2025-12-08_82,0.0,0,0,99,64.34769108711461,64.34769108711461,0.0,0.0,0.0,True,True,True,False,0.0,1013.447828904731,0.0,0.0,0.0,0.0,1013.447828904731
2025-12-08T19:30:00Z,2025-12-08T19:45:00Z,2025-12-08,2025-12-08_83,0.0,0,0,99,64.34769108711461,64.34769108711461,0.0,0.0,0.0,True,True,True,False,0.0,1013.447828904731,0.0,0.0,0.0,0.0,1013.447828904731
2025-12-08T19:45:00Z,2025-12-08T20:00:00Z,2025-12-08,2025-12-08_84,0.0,0,0,99,64.34769108711461,64.34769108711461,0.0,0.0,0.0,True,True,True,False,0.0,1013.447828904731,0.0,0.0,0.0,0.0,1013.447828904731
2025-12-08T20:00:00Z,2025-12-08T20:15:00Z,2025-12-08,2025-12-08_85,0.0,0,0,99,64.34769108711461,64.34769108711461,0.0,0.0,0.0,True,True,True,False,0.0,1013.447828904731,0.0,0.0,0.0,0.0,1013.447828904731
2025-12-08T20:15:00Z,2025-12-08T20:30:00Z,2025-12-08,2025-12-08_86,0.0,0,0,99,64.34769108711461,64.34769108711461,0.0,0.0,0.0,True,True,True,False,0.0,1013.447828904731,0.0,0.0,0.0,0.0,1013.447828904731
2025-12-08T20:30:00Z,2025-12-08T20:45:00Z,2025-12-08,2025-12-08_87,0.0,0,0,99,64.34769108711461,64.34769108711461,0.0,0.0,0.0,True,True,True,False,0.0,1013.447828904731,0.0,0.0,0.0,0.0,1013.447828904731
2025-12-08T20:45:00Z,2025-12-08T21:00:00Z,2025-12-08,2025-12-08_88,0.0,0,0,99,64.34769108711461,64.34769108711461,0.0,0.0,0.0,True,True,True,False,0.0,1013.447828904731,0.0,0.0,0.0,0.0,1013.447828904731
2025-12-08T21:00:00Z,2025-12-08T21:15:00Z,2025-12-08,2025-12-08_89,0.0,1,0,99,64.34769108711461,64.34769108711461,0.0,0.0,0.0,True,True,True,False,0.0,1013.447828904731,0.7450067754669181,0.0,0.0,0.0,1014.1928356801978
2025-12-08T21:15:00Z,2025-12-08T21:30:00Z,2025-12-08,2025-12-08_90,0.0,1,0,99,64.34769108711461,64.34769108711461,0.0,0.0,0.0,True,True,True,False,0.0,1013.447828904731,0.7450067754669181,0.0,0.0,0.0,1014.1928356801978
2025-12-08T21:30:00Z,2025-12-08T21:45:00Z,2025-12-08,2025-12-08_91,0.0,1,0,99,64.34769108711461,64.34769108711461,0.0,0.0,0.0,True,True,True,False,0.0,1013.447828904731,0.7450067754669181,0.0,0.0,0.0,1014.1928356801978
2025-12-08T21:45:00Z,2025-12-08T22:00:00Z,2025-12-08,2025-12-08_92,0.0,1,0,99,64.34769108711461,64.34769108711461,0.0,0.0,0.0,True,True,True,False,0.0,1013.447828904731,0.7450067754669181,0.0,0.0,0.0,1014.1928356801978
2025-12-08T22:00:00Z,2025-12-08T22:15:00Z,2025-12-09,2025-12-08_93,0.0,0,0,99,64.34769108711461,64.34769108711461,0.0,0.0,0.0,True,True,True,False,0.0,1013.8460480559539,0.0,0.0,0.0,0.0,1013.8460480559539
2025-12-08T22:15:00Z,2025-12-08T22:30:00Z,2025-12-09,2025-12-08_94,0.0,0,0,99,64.34769108711461,64.34769108711461,0.0,0.0,0.0,True,True,True,False,0.0,1013.8460480559539,0.0,0.0,0.0,0.0,1013.8460480559539
2025-12-08T22:30:00Z,2025-12-08T22:45:00Z,2025-12-09,2025-12-08_95,0.0,0,0,99,64.34769108711461,64.34769108711461,0.0,0.0,0.0,True,True,True,False,0.0,1013.8460480559539,0.0,0.0,0.0,0.0,1013.8460480559539
2025-12-08T22:45:00Z,2025-12-08T23:00:00Z,2025-12-09,2025-12-08_96,0.0,0,0,99,64.34769108711461,64.34769108711461,0.0,0.0,0.0,True,True,True,False,0.0,1013.8460480559539,0.0,0.0,0.0,0.0,1013.8460480559539
2025-12-08T23:00:00Z,2025-12-08T23:15:00Z,2025-12-09,2025-12-09_1,0.0,0,0,99,64.34769108711461,64.34769108711461,0.0,0.0,0.0,True,True,True,False,0.0,1013.8460480559539,0.0,0.0,0.0,0.0,1013.8460480559539
2025-12-08T23:15:00Z,2025-12-08T23:30:00Z,2025-12-09,2025-12-09_2,0.0,0,0,99,64.34769108711461,64.34769108711461,0.0,0.0,0.0,True,True,True,False,0.0,1013.8460480559539,0.0,0.0,0.0,0.0,1013.8460480559539
2025-12-08T23:30:00Z,2025-12-08T23:45:00Z,2025-12-09,2025-12-09_3,0.0,0,0,99,64.34769108711461,64.34769108711461,0.0,0.0,0.0,True,True,True,False,0.0,1013.8460480559539,0.0,0.0,0.0,0.0,1013.8460480559539
2025-12-08T23:45:00Z,2025-12-09T00:00:00Z,2025-12-09,2025-12-09_4,0.0,0,0,99,64.34769108711461,64.34769108711461,0.0,0.0,0.0,True,True,True,False,0.0,1013.8460480559539,0.0,0.0,0.0,0.0,1013.8460480559539
2025-12-09T00:00:00Z,2025-12-09T00:15:00Z,2025-12-09,2025-12-09_5,0.0,0,0,99,64.34769108711461,64.34769108711461,0.0,0.0,0.0,True,True,True,False,0.0,1013.8460480559539,0.0,0.0,0.0,0.0,1013.8460480559539
2025-12-09T00:15:00Z,2025-12-09T00:30:00Z,2025-12-09,2025-12-09_6,0.0,0,0,99,64.34769108711461,64.34769108711461,0.0,0.0,0.0,True,True,True,False,0.0,1013.8460480559539,0.0,0.0,0.0,0.0,1013.8460480559539
2025-12-09T00:30:00Z,2025-12-09T00:45:00Z,2025-12-09,2025-12-09_7,0.0,0,0,99,64.34769108711461,64.34769108711461,0.0,0.0,0.0,True,True,True,False,0.0,1013.8460480559539,0.0,0.0,0.0,0.0,1013.8460480559539
2025-12-09T00:45:00Z,2025-12-09T01:00:00Z,2025-12-09,2025-12-09_8,0.0,0,0,99,64.34769108711461,64.34769108711461,0.0,0.0,0.0,True,True,True,False,0.0,1013.8460480559539,0.0,0.0,0.0,0.0,1013.8460480559539
2025-12-09T01:00:00Z,2025-12-09T01:15:00Z,2025-12-09,2025-12-09_9,0.0,0,0,99,64.34769108711461,64.34769108711461,0.0,0.0,0.0,True,True,True,False,0.0,1013.8460480559539,0.0,0.0,0.0,0.0,1013.8460480559539
2025-12-09T01:15:00Z,2025-12-09T01:30:00Z,2025-12-09,2025-12-09_10,0.0,0,0,99,64.34769108711461,64.34769108711461,0.0,0.0,0.0,True,True,True,False,0.0,1013.8460480559539,0.0,0.0,0.0,0.0,1013.8460480559539
2025-12-09T01:30:00Z,2025-12-09T01:45:00Z,2025-12-09,2025-12-09_11,0.0,0,0,99,64.34769108711461,64.34769108711461,0.0,0.0,0.0,True,True,True,False,0.0,1013.8460480559539,0.0,0.0,0.0,0.0,1013.8460480559539
2025-12-09T01:45:00Z,2025-12-09T02:00:00Z,2025-12-09,2025-12-09_12,0.0,0,0,99,64.34769108711461,64.34769108711461,0.0,0.0,0.0,True,True,True,False,0.0,1013.8460480559539,0.0,0.0,0.0,0.0,1013.8460480559539
2025-12-09T02:00:00Z,2025-12-09T02:15:00Z,2025-12-09,2025-12-09_13,0.0,0,0,99,64.34769108711461,64.34769108711461,0.0,0.0,0.0,True,False,True,False,0.0,1013.8460480559539,0.0,0.0,0.0,0.0,1013.8460480559539
2025-12-09T02:15:00Z,2025-12-09T02:30:00Z,2025-12-09,2025-12-09_14,0.0,0,0,99,64.34769108711461,64.34769108711461,0.0,0.0,0.0,True,False,True,False,0.0,1013.8460480559539,0.0,0.0,0.0,0.0,1013.8460480559539
2025-12-09T02:30:00Z,2025-12-09T02:45:00Z,2025-12-09,2025-12-09_15,0.0,0,0,99,64.34769108711461,64.34769108711461,0.0,0.0,0.0,True,False,True,False,0.0,1013.8460480559539,0.0,0.0,0.0,0.0,1013.8460480559539
2025-12-09T02:45:00Z,2025-12-09T03:00:00Z,2025-12-09,2025-12-09_16,0.0,0,0,99,64.34769108711461,64.34769108711461,0.0,0.0,0.0,True,False,True,False,0.0,1013.8460480559539,0.0,0.0,0.0,0.0,1013.8460480559539
2025-12-09T03:00:00Z,2025-12-09T03:15:00Z,2025-12-09,2025-12-09_17,0.0,0,0,99,64.34769108711461,64.34769108711461,0.0,0.0,0.0,True,True,True,False,0.0,1013.8460480559539,0.0,0.0,0.0,0.0,1013.8460480559539
2025-12-09T03:15:00Z,2025-12-09T03:30:00Z,2025-12-09,2025-12-09_18,0.0,0,0,99,64.34769108711461,64.34769108711461,0.0,0.0,0.0,True,True,True,False,0.0,1013.8460480559539,0.0,0.0,0.0,0.0,1013.8460480559539
2025-12-09T03:30:00Z,2025-12-09T03:45:00Z,2025-12-09,2025-12-09_19,0.0,0,0,99,64.34769108711461,64.34769108711461,0.0,0.0,0.0,True,True,True,False,0.0,1013.8460480559539,0.0,0.0,0.0,0.0,1013.8460480559539
2025-12-09T03:45:00Z,2025-12-09T04:00:00Z,2025-12-09,2025-12-09_20,0.0,0,0,99,64.34769108711461,64.34769108711461,0.0,0.0,0.0,True,True,True,False,0.0,1013.8460480559539,0.0,0.0,0.0,0.0,1013.8460480559539
2025-12-09T04:00:00Z,2025-12-09T04:15:00Z,2025-12-09,2025-12-09_21,0.0,0,0,99,64.34769108711461,64.34769108711461,0.0,0.0,0.0,True,True,True,False,0.0,1013.8460480559539,0.0,0.0,0.0,0.0,1013.8460480559539
2025-12-09T04:15:00Z,2025-12-09T04:30:00Z,2025-12-09,2025-12-09_22,0.0,0,0,99,64.34769108711461,64.34769108711461,0.0,0.0,0.0,True,True,True,False,0.0,1013.8460480559539,0.0,0.0,0.0,0.0,1013.8460480559539
2025-12-09T04:30:00Z,2025-12-09T04:45:00Z,2025-12-09,2025-12-09_23,0.0,0,0,99,64.34769108711461,64.34769108711461,0.0,0.0,0.0,True,True,True,False,0.0,1013.8460480559539,0.0,0.0,0.0,0.0,1013.8460480559539
2025-12-09T04:45:00Z,2025-12-09T05:00:00Z,2025-12-09,2025-12-09_24,0.0,0,0,99,64.34769108711461,64.34769108711461,0.0,0.0,0.0,True,True,True,False,0.0,1013.8460480559539,0.0,0.0,0.0,0.0,1013.8460480559539
2025-12-09T05:00:00Z,2025-12-09T05:15:00Z,2025-12-09,2025-12-09_25,0.0,0,0,99,64.34769108711461,64.34769108711461,0.0,0.0,0.0,True,True,True,False,0.0,1013.8460480559539,0.0,0.0,0.0,0.0,1013.8460480559539
2025-12-09T05:15:00Z,2025-12-09T05:30:00Z,2025-12-09,2025-12-09_26,0.0,0,0,99,64.34769108711461,64.34769108711461,0.0,0.0,0.0,True,True,True,False,0.0,1013.8460480559539,0.0,0.0,0.0,0.0,1013.8460480559539
2025-12-09T05:30:00Z,2025-12-09T05:45:00Z,2025-12-09,2025-12-09_27,0.0,0,0,99,64.34769108711461,64.34769108711461,0.0,0.0,0.0,True,True,True,False,0.0,1013.8460480559539,0.0,0.0,0.0,0.0,1013.8460480559539
2025-12-09T05:45:00Z,2025-12-09T06:00:00Z,2025-12-09,2025-12-09_28,5.414734798137033e-06,0,0,99,64.34769108711461,64.34768961571928,4.08720923772421e-09,0.0,0.0,True,True,True,False,0.00023516193228309136,1013.8460480559539,0.0,0.0,0.0,0.0,1013.8462832178863
2025-12-09T06:00:00Z,2025-12-09T06:15:00Z,2025-12-09,2025-12-09_29,0.0,0,0,99,64.34768961571928,64.34768961571928,0.0,0.0,0.0,True,True,True,False,0.0,1013.8460480559539,0.0,0.0,0.0,0.0,1013.8460480559539
2025-12-09T06:15:00Z,2025-12-09T06:30:00Z,2025-12-09,2025-12-09_30,0.0,0,0,99,64.34768961571928,64.34768961571928,0.0,0.0,0.0,True,True,True,False,0.0,1013.8460480559539,0.0,0.0,0.0,0.0,1013.8460480559539
2025-12-09T06:30:00Z,2025-12-09T06:45:00Z,2025-12-09,2025-12-09_31,0.0,0,0,99,64.34768961571928,64.34768961571928,0.0,0.0,0.0,True,True,True,False,0.0,1013.8460480559539,0.0,0.0,0.0,0.0,1013.8460480559539
2025-12-09T06:45:00Z,2025-12-09T07:00:00Z,2025-12-09,2025-12-09_32,0.0,0,0,99,64.34768961571928,64.34768961571928,0.0,0.0,0.0,True,True,True,False,0.0,1013.8460480559539,0.0,0.0,0.0,0.0,1013.8460480559539
2025-12-09T07:00:00Z,2025-12-09T07:15:00Z,2025-12-09,2025-12-09_33,0.0,0,0,99,64.34768961571928,64.34768961571928,0.0,0.0,0.0,True,True,True,False,0.0,1013.8460480559539,0.0,0.0,0.0,0.0,1013.8460480559539
2025-12-09T07:15:00Z,2025-12-09T07:30:00Z,2025-12-09,2025-12-09_34,0.0,0,0,99,64.34768961571928,64.34768961571928,0.0,0.0,0.0,True,True,True,False,0.0,1013.8460480559539,0.0,0.0,0.0,0.0,1013.8460480559539
2025-12-09T07:30:00Z,2025-12-09T07:45:00Z,2025-12-09,2025-12-09_35,0.0,0,0,99,64.34768961571928,64.34768961571928,0.0,0.0,0.0,True,True,True,False,0.0,1013.8460480559539,0.0,0.0,0.0,0.0,1013.8460480559539
2025-12-09T07:45:00Z,2025-12-09T08:00:00Z,2025-12-09,2025-12-09_36,0.0,0,0,99,64.34768961571928,64.34768961571928,0.0,0.0,0.0,True,True,True,False,0.0,1013.8460480559539,0.0,0.0,0.0,0.0,1013.8460480559539
2025-12-09T08:00:00Z,2025-12-09T08:15:00Z,2025-12-09,2025-12-09_37,0.0,0,0,99,64.34768961571928,64.34768961571928,0.0,0.0,0.0,True,True,True,False,0.0,1013.8460480559539,0.0,0.0,0.0,0.0,1013.8460480559539
2025-12-09T08:15:00Z,2025-12-09T08:30:00Z,2025-12-09,2025-12-09_38,0.0,0,0,99,64.34768961571928,64.34768961571928,0.0,0.0,0.0,True,True,True,False,0.0,1013.8460480559539,0.0,0.0,0.0,0.0,1013.8460480559539
2025-12-09T08:30:00Z,2025-12-09T08:45:00Z,2025-12-09,2025-12-09_39,0.0,0,0,99,64.34768961571928,64.34768961571928,0.0,0.0,0.0,True,True,True,False,0.0,1013.8460480559539,0.0,0.0,0.0,0.0,1013.8460480559539
2025-12-09T08:45:00Z,2025-12-09T09:00:00Z,2025-12-09,2025-12-09_40,0.0,0,0,99,64.34768961571928,64.34768961571928,0.0,0.0,0.0,True,True,True,False,0.0,1013.8460480559539,0.0,0.0,0.0,0.0,1013.8460480559539
2025-12-09T09:00:00Z,2025-12-09T09:15:00Z,2025-12-09,2025-12-09_41,0.0,0,0,99,64.34768961571928,64.34768961571928,0.0,0.0,0.0,True,True,True,False,0.0,1013.8460480559539,0.0,0.0,0.0,0.0,1013.8460480559539
2025-12-09T09:15:00Z,2025-12-09T09:30:00Z,2025-12-09,2025-12-09_42,0.0,0,0,99,64.34768961571928,64.34768961571928,0.0,0.0,0.0,True,True,True,False,0.0,1013.8460480559539,0.0,0.0,0.0,0.0,1013.8460480559539
2025-12-09T09:30:00Z,2025-12-09T09:45:00Z,2025-12-09,2025-12-09_43,0.0,0,0,99,64.34768961571928,64.34768961571928,0.0,0.0,0.0,True,True,True,False,0.0,1013.8460480559539,0.0,0.0,0.0,0.0,1013.8460480559539
2025-12-09T09:45:00Z,2025-12-09T10:00:00Z,2025-12-09,2025-12-09_44,0.0,0,0,99,64.34768961571928,64.34768961571928,0.0,0.0,0.0,True,True,True,False,0.0,1013.8460480559539,0.0,0.0,0.0,0.0,1013.8460480559539
2025-12-09T10:00:00Z,2025-12-09T10:15:00Z,2025-12-09,2025-12-09_45,0.0,0,0,99,64.34768961571928,64.34768961571928,0.0,0.0,0.0,True,True,True,False,0.0,1013.8460480559539,0.0,0.0,0.0,0.0,1013.8460480559539
2025-12-09T10:15:00Z,2025-12-09T10:30:00Z,2025-12-09,2025-12-09_46,0.0,0,0,99,64.34768961571928,64.34768961571928,0.0,0.0,0.0,True,True,True,False,0.0,1013.8460480559539,0.0,0.0,0.0,0.0,1013.8460480559539
2025-12-09T10:30:00Z,2025-12-09T10:45:00Z,2025-12-09,2025-12-09_47,0.0,0,0,99,64.34768961571928,64.34768961571928,0.0,0.0,0.0,True,True,True,False,0.0,1013.8460480559539,0.0,0.0,0.0,0.0,1013.8460480559539
2025-12-09T10:45:00Z,2025-12-09T11:00:00Z,2025-12-09,2025-12-09_48,0.0,0,0,99,64.34768961571928,64.34768961571928,0.0,0.0,0.0,True,True,True,False,0.0,1013.8460480559539,0.0,0.0,0.0,0.0,1013.8460480559539
2025-12-09T11:00:00Z,2025-12-09T11:15:00Z,2025-12-09,2025-12-09_49,0.0,0,0,99,64.34768961571928,64.34768961571928,0.0,0.0,0.0,True,True,True,False,0.0,1013.8460480559539,0.0,0.0,0.0,0.0,1013.8460480559539
2025-12-09T11:15:00Z,2025-12-09T11:30:00Z,2025-12-09,2025-12-09_50,0.0,0,0,99,64.34768961571928,64.34768961571928,0.0,0.0,0.0,True,True,True,False,0.0,1013.8460480559539,0.0,0.0,0.0,0.0,1013.8460480559539
2025-12-09T11:30:00Z,2025-12-09T11:45:00Z,2025-12-09,2025-12-09_51,0.0,0,0,99,64.34768961571928,64.34768961571928,0.0,0.0,0.0,True,True,True,False,0.0,1013.8460480559539,0.0,0.0,0.0,0.0,1013.8460480559539
2025-12-09T11:45:00Z,2025-12-09T12:00:00Z,2025-12-09,2025-12-09_52,0.0,0,0,99,64.34768961571928,64.34768961571928,0.0,0.0,0.0,True,True,True,False,0.0,1013.8460480559539,0.0,0.0,0.0,0.0,1013.8460480559539
2025-12-09T12:00:00Z,2025-12-09T12:15:00Z,2025-12-09,2025-12-09_53,0.0,0,1,99,64.34768961571928,64.34768961571928,0.0,0.0,0.0,True,True,True,False,0.0,1013.8460480559539,0.0,0.6840016503271183,0.0,0.0,1014.530049706281
2025-12-09T12:15:00Z,2025-12-09T12:30:00Z,2025-12-09,2025-12-09_54,0.0,0,1,99,64.34768961571928,64.3477106442907,5.8412698412698425e-08,0.0,2.2857142857142858e-05,True,True,True,False,0.0,1013.8460480559539,0.0,0.6840016503271183,0.0,-0.001796274414596975,1014.5282534318665
2025-12-09T12:30:00Z,2025-12-09T12:45:00Z,2025-12-09,2025-12-09_55,0.0,0,1,99,64.3477106442907,64.3477106442907,0.0,0.0,0.0,True,True,True,False,0.0,1013.8460480559539,0.0,0.6840016503271183,0.0,0.0,1014.530049706281
2025-12-09T12:45:00Z,2025-12-09T13:00:00Z,2025-12-09,2025-12-09_56,0.0,0,1,99,64.3477106442907,64.3477106442907,0.0,0.0,0.0,True,True,True,False,0.0,1013.8460480559539,0.0,0.6840016503271183,0.0,0.0,1014.530049706281
2025-12-09T13:00:00Z,2025-12-09T13:15:00Z,2025-12-09,2025-12-09_57,0.0,0,0,99,64.3477106442907,64.3477106442907,0.0,0.0,0.0,True,True,True,False,0.0,1013.8460480559539,0.0,0.0,0.0,0.0,1013.8460480559539
2025-12-09T13:15:00Z,2025-12-09T13:30:00Z,2025-12-09,2025-12-09_58,0.0,0,0,99,64.3477106442907,64.3477106442907,0.0,0.0,0.0,True,True,True,False,0.0,1013.8460480559539,0.0,0.0,0.0,0.0,1013.8460480559539
2025-12-09T13:30:00Z,2025-12-09T13:45:00Z,2025-12-09,2025-12-09_59,0.0,0,0,99,64.3477106442907,64.3477106442907,0.0,0.0,0.0,True,True,True,False,0.0,1013.8460480559539,0.0,0.0,0.0,0.0,1013.8460480559539
2025-12-09T13:45:00Z,2025-12-09T14:00:00Z,2025-12-09,2025-12-09_60,0.0,0,0,99,64.3477106442907,64.3477106442907,0.0,0.0,0.0,True,True,True,False,0.0,1013.8460480559539,0.0,0.0,0.0,0.0,1013.8460480559539
2025-12-09T14:00:00Z,2025-12-09T14:15:00Z,2025-12-09,2025-12-09_61,0.0,0,0,99,64.3477106442907,64.3477106442907,0.0,0.0,0.0,True,True,True,False,0.0,1013.8460480559539,0.0,0.0,0.0,0.0,1013.8460480559539
2025-12-09T14:15:00Z,2025-12-09T14:30:00Z,2025-12-09,2025-12-09_62,0.0,0,0,99,64.3477106442907,64.3477106442907,0.0,0.0,0.0,True,True,True,False,0.0,1013.8460480559539,0.0,0.0,0.0,0.0,1013.8460480559539
2025-12-09T14:30:00Z,2025-12-09T14:45:00Z,2025-12-09,2025-12-09_63,0.0,0,0,99,64.3477106442907,64.3477106442907,0.0,0.0,0.0,True,True,True,False,0.0,1013.8460480559539,0.0,0.0,0.0,0.0,1013.8460480559539
2025-12-09T14:45:00Z,2025-12-09T15:00:00Z,2025-12-09,2025-12-09_64,0.0,0,0,99,64.3477106442907,64.3477106442907,0.0,0.0,0.0,True,True,True,False,0.0,1013.8460480559539,0.0,0.0,0.0,0.0,1013.8460480559539
2025-12-09T15:00:00Z,2025-12-09T15:15:00Z,2025-12-09,2025-12-09_65,0.0,0,0,99,64.3477106442907,64.3477106442907,0.0,0.0,0.0,True,True,True,False,0.0,1013.8460480559539,0.0,0.0,0.0,0.0,1013.8460480559539
2025-12-09T15:15:00Z,2025-12-09T15:30:00Z,2025-12-09,2025-12-09_66,0.0,0,0,99,64.3477106442907,64.3477106442907,0.0,0.0,0.0,True,True,True,False,0.0,1013.8460480559539,0.0,0.0,0.0,0.0,1013.8460480559539
2025-12-09T15:30:00Z,2025-12-09T15:45:00Z,2025-12-09,2025-12-09_67,0.0,0,0,99,64.3477106442907,64.3477106442907,0.0,0.0,0.0,True,True,True,False,0.0,1013.8460480559539,0.0,0.0,0.0,0.0,1013.8460480559539
2025-12-09T15:45:00Z,2025-12-09T16:00:00Z,2025-12-09,2025-12-09_68,0.0,0,0,99,64.3477106442907,64.3477106442907,0.0,0.0,0.0,True,True,True,False,0.0,1013.8460480559539,0.0,0.0,0.0,0.0,1013.8460480559539
2025-12-09T16:00:00Z,2025-12-09T16:15:00Z,2025-12-09,2025-12-09_69,0.0,0,0,99,64.3477106442907,64.3477106442907,0.0,0.0,0.0,True,True,True,False,0.0,1013.8460480559539,0.0,0.0,0.0,0.0,1013.8460480559539
2025-12-09T16:15:00Z,2025-12-09T16:30:00Z,2025-12-09,2025-12-09_70,0.0,0,0,99,64.3477106442907,64.3477106442907,0.0,0.0,0.0,True,True,True,False,0.0,1013.8460480559539,0.0,0.0,0.0,0.0,1013.8460480559539
2025-12-09T16:30:00Z,2025-12-09T16:45:00Z,2025-12-09,2025-12-09_71,0.0,0,0,99,64.3477106442907,64.3477106442907,0.0,0.0,0.0,True,True,True,False,0.0,1013.8460480559539,0.0,0.0,0.0,0.0,1013.8460480559539
2025-12-09T16:45:00Z,2025-12-09T17:00:00Z,2025-12-09,2025-12-09_72,0.0,0,0,99,64.3477106442907,64.3477106442907,0.0,0.0,0.0,True,True,True,False,0.0,1013.8460480559539,0.0,0.0,0.0,0.0,1013.8460480559539
2025-12-09T17:00:00Z,2025-12-09T17:15:00Z,2025-12-09,2025-12-09_73,0.0,0,0,99,64.3477106442907,64.3477106442907,0.0,0.0,0.0,True,True,True,False,0.0,1013.8460480559539,0.0,0.0,0.0,0.0,1013.8460480559539
2025-12-09T17:15:00Z,2025-12-09T17:30:00Z,2025-12-09,2025-12-09_74,0.0,0,0,99,64.3477106442907,64.3477106442907,0.0,0.0,0.0,True,True,True,False,0.0,1013.8460480559539,0.0,0.0,0.0,0.0,1013.8460480559539
2025-12-09T17:30:00Z,2025-12-09T17:45:00Z,2025-12-09,2025-12-09_75,0.0,0,0,99,64.3477106442907,64.3477106442907,0.0,0.0,0.0,True,True,True,False,0.0,1013.8460480559539,0.0,0.0,0.0,0.0,1013.8460480559539
2025-12-09T17:45:00Z,2025-12-09T18:00:00Z,2025-12-09,2025-12-09_76,0.0,0,0,99,64.3477106442907,64.3477106442907,0.0,0.0,0.0,True,True,True,False,0.0,1013.8460480559539,0.0,0.0,0.0,0.0,1013.8460480559539
2025-12-09T18:00:00Z,2025-12-09T18:15:00Z,2025-12-09,2025-12-09_77,0.0,0,0,99,64.3477106442907,64.3477106442907,0.0,0.0,0.0,True,True,True,False,0.0,1013.8460480559539,0.0,0.0,0.0,0.0,1013.8460480559539
2025-12-09T18:15:00Z,2025-12-09T18:30:00Z,2025-12-09,2025-12-09_78,0.0,0,0,99,64.3477106442907,64.3477106442907,0.0,0.0,0.0,True,True,True,False,0.0,1013.8460480559539,0.0,0.0,0.0,0.0,1013.8460480559539
2025-12-09T18:30:00Z,2025-12-09T18:45:00Z,2025-12-09,2025-12-09_79,0.0,0,0,99,64.3477106442907,64.3477106442907,0.0,0.0,0.0,True,True,True,False,0.0,1013.8460480559539,0.0,0.0,0.0,0.0,1013.8460480559539
2025-12-09T18:45:00Z,2025-12-09T19:00:00Z,2025-12-09,2025-12-09_80,0.0,0,0,99,64.3477106442907,64.3477106442907,0.0,0.0,0.0,True,True,True,False,0.0,1013.8460480559539,0.0,0.0,0.0,0.0,1013.8460480559539
2025-12-09T19:00:00Z,2025-12-09T19:15:00Z,2025-12-09,2025-12-09_81,0.0,0,0,99,64.3477106442907,64.3477106442907,0.0,0.0,0.0,True,True,True,False,0.0,1013.8460480559539,0.0,0.0,0.0,0.0,1013.8460480559539
2025-12-09T19:15:00Z,2025-12-09T19:30:00Z,2025-12-09,2025-12-09_82,0.0,0,0,99,64.3477106442907,64.3477106442907,0.0,0.0,0.0,True,True,True,False,0.0,1013.8460480559539,0.0,0.0,0.0,0.0,1013.8460480559539
2025-12-09T19:30:00Z,2025-12-09T19:45:00Z,2025-12-09,2025-12-09_83,0.0,0,0,99,64.3477106442907,64.3477106442907,0.0,0.0,0.0,True,True,True,False,0.0,1013.8460480559539,0.0,0.0,0.0,0.0,1013.8460480559539
2025-12-09T19:45:00Z,2025-12-09T20:00:00Z,2025-12-09,2025-12-09_84,0.0,0,0,99,64.3477106442907,64.3477106442907,0.0,0.0,0.0,True,True,True,False,0.0,1013.8460480559539,0.0,0.0,0.0,0.0,1013.8460480559539
2025-12-09T20:00:00Z,2025-12-09T20:15:00Z,2025-12-09,2025-12-09_85,0.0,0,0,99,64.3477106442907,64.3477106442907,0.0,0.0,0.0,True,True,True,False,0.0,1013.8460480559539,0.0,0.0,0.0,0.0,1013.8460480559539
2025-12-09T20:15:00Z,2025-12-09T20:30:00Z,2025-12-09,2025-12-09_86,0.0,0,0,99,64.3477106442907,64.3477106442907,0.0,0.0,0.0,True,True,True,False,0.0,1013.8460480559539,0.0,0.0,0.0,0.0,1013.8460480559539
2025-12-09T20:30:00Z,2025-12-09T20:45:00Z,2025-12-09,2025-12-09_87,0.0,0,0,99,64.3477106442907,64.3477106442907,0.0,0.0,0.0,True,True,True,False,0.0,1013.8460480559539,0.0,0.0,0.0,0.0,1013.8460480559539
2025-12-09T20:45:00Z,2025-12-09T21:00:00Z,2025-12-09,2025-12-09_88,0.0,0,0,99,64.3477106442907,64.3477106442907,0.0,0.0,0.0,True,True,True,False,0.0,1013.8460480559539,0.0,0.0,0.0,0.0,1013.8460480559539
2025-12-09T21:00:00Z,2025-12-09T21:15:00Z,2025-12-09,2025-12-09_89,0.0,0,0,99,64.3477106442907,64.3477106442907,0.0,0.0,0.0,True,True,True,False,0.0,1013.8460480559539,0.0,0.0,0.0,0.0,1013.8460480559539
2025-12-09T21:15:00Z,2025-12-09T21:30:00Z,2025-12-09,2025-12-09_90,0.0,0,0,99,64.3477106442907,64.3477106442907,0.0,0.0,0.0,True,True,True,False,0.0,1013.8460480559539,0.0,0.0,0.0,0.0,1013.8460480559539
2025-12-09T21:30:00Z,2025-12-09T21:45:00Z,2025-12-09,2025-12-09_91,0.0,0,0,99,64.3477106442907,64.3477106442907,0.0,0.0,0.0,True,True,True,False,0.0,1013.8460480559539,0.0,0.0,0.0,0.0,1013.8460480559539
2025-12-09T21:45:00Z,2025-12-09T22:00:00Z,2025-12-09,2025-12-09_92,0.0,0,0,99,64.3477106442907,64.3477106442907,0.0,0.0,0.0,True,True,True,False,0.0,1013.8460480559539,0.0,0.0,0.0,0.0,1013.8460480559539
2025-12-09T22:00:00Z,2025-12-09T22:15:00Z,2025-12-10,2025-12-09_93,0.0,0,1,99,64.3477106442907,64.3477106442907,0.0,0.0,0.0,True,True,True,False,0.0,1013.8858871839204,0.0,0.6519048273965067,0.0,0.0,1014.5377920113169
2025-12-09T22:15:00Z,2025-12-09T22:30:00Z,2025-12-10,2025-12-09_94,0.0,0,1,99,64.3477106442907,64.3477106442907,0.0,0.0,0.0,True,True,True,False,0.0,1013.8858871839204,0.0,0.6519048273965067,0.0,0.0,1014.5377920113169
2025-12-09T22:30:00Z,2025-12-09T22:45:00Z,2025-12-10,2025-12-09_95,0.0,0,1,99,64.3477106442907,64.3477106442907,0.0,0.0,0.0,True,True,True,False,0.0,1013.8858871839204,0.0,0.6519048273965067,0.0,0.0,1014.5377920113169
2025-12-09T22:45:00Z,2025-12-09T23:00:00Z,2025-12-10,2025-12-09_96,0.0,0,1,99,64.3477106442907,64.3477106442907,0.0,0.0,0.0,True,True,True,False,0.0,1013.8858871839204,0.0,0.6519048273965067,0.0,0.0,1014.5377920113169
2025-12-09T23:00:00Z,2025-12-09T23:15:00Z,2025-12-10,2025-12-10_1,0.0,0,0,99,64.3477106442907,64.3477106442907,0.0,0.0,0.0,True,True,True,False,0.0,1013.8858871839204,0.0,0.0,0.0,0.0,1013.8858871839204
2025-12-09T23:15:00Z,2025-12-09T23:30:00Z,2025-12-10,2025-12-10_2,0.0,0,0,99,64.3477106442907,64.3477106442907,0.0,0.0,0.0,True,True,True,False,0.0,1013.8858871839204,0.0,0.0,0.0,0.0,1013.8858871839204
2025-12-09T23:30:00Z,2025-12-09T23:45:00Z,2025-12-10,2025-12-10_3,0.0,0,0,99,64.3477106442907,64.3477106442907,0.0,0.0,0.0,True,True,True,False,0.0,1013.8858871839204,0.0,0.0,0.0,0.0,1013.8858871839204
2025-12-09T23:45:00Z,2025-12-10T00:00:00Z,2025-12-10,2025-12-10_4,0.0,0,0,99,64.3477106442907,64.3477106442907,0.0,0.0,0.0,True,True,True,False,0.0,1013.8858871839204,0.0,0.0,0.0,0.0,1013.8858871839204
2025-12-10T00:00:00Z,2025-12-10T00:15:00Z,2025-12-10,2025-12-10_5,0.0,0,0,99,64.3477106442907,64.3477106442907,0.0,0.0,0.0,True,True,True,False,0.0,1013.8858871839204,0.0,0.0,0.0,0.0,1013.8858871839204
2025-12-10T00:15:00Z,2025-12-10T00:30:00Z,2025-12-10,2025-12-10_6,0.0,0,0,99,64.3477106442907,64.3477106442907,0.0,0.0,0.0,True,True,True,False,0.0,1013.8858871839204,0.0,0.0,0.0,0.0,1013.8858871839204
2025-12-10T00:30:00Z,2025-12-10T00:45:00Z,2025-12-10,2025-12-10_7,0.0,0,0,99,64.3477106442907,64.3477106442907,0.0,0.0,0.0,True,True,True,False,0.0,1013.8858871839204,0.0,0.0,0.0,0.0,1013.8858871839204
2025-12-10T00:45:00Z,2025-12-10T01:00:00Z,2025-12-10,2025-12-10_8,0.0,0,0,99,64.3477106442907,64.3477106442907,0.0,0.0,0.0,True,True,True,False,0.0,1013.8858871839204,0.0,0.0,0.0,0.0,1013.8858871839204
2025-12-10T01:00:00Z,2025-12-10T01:15:00Z,2025-12-10,2025-12-10_9,0.0,0,0,99,64.3477106442907,64.3477106442907,0.0,0.0,0.0,True,True,True,False,0.0,1013.8858871839204,0.0,0.0,0.0,0.0,1013.8858871839204
2025-12-10T01:15:00Z,2025-12-10T01:30:00Z,2025-12-10,2025-12-10_10,0.0,0,0,99,64.3477106442907,64.3477106442907,0.0,0.0,0.0,True,True,True,False,0.0,1013.8858871839204,0.0,0.0,0.0,0.0,1013.8858871839204
2025-12-10T01:30:00Z,2025-12-10T01:45:00Z,2025-12-10,2025-12-10_11,0.0,0,0,99,64.3477106442907,64.3477106442907,0.0,0.0,0.0,True,True,True,False,0.0,1013.8858871839204,0.0,0.0,0.0,0.0,1013.8858871839204
2025-12-10T01:45:00Z,2025-12-10T02:00:00Z,2025-12-10,2025-12-10_12,0.0,0,0,99,64.3477106442907,64.3477106442907,0.0,0.0,0.0,True,True,True,False,0.0,1013.8858871839204,0.0,0.0,0.0,0.0,1013.8858871839204
2025-12-10T02:00:00Z,2025-12-10T02:15:00Z,2025-12-10,2025-12-10_13,0.0,0,0,99,64.3477106442907,64.3477106442907,0.0,0.0,0.0,True,True,True,False,0.0,1013.8858871839204,0.0,0.0,0.0,0.0,1013.8858871839204
2025-12-10T02:15:00Z,2025-12-10T02:30:00Z,2025-12-10,2025-12-10_14,0.0,0,0,99,64.3477106442907,64.3477106442907,0.0,0.0,0.0,True,True,True,False,0.0,1013.8858871839204,0.0,0.0,0.0,0.0,1013.8858871839204
2025-12-10T02:30:00Z,2025-12-10T02:45:00Z,2025-12-10,2025-12-10_15,0.0,0,0,99,64.3477106442907,64.3477106442907,0.0,0.0,0.0,True,True,True,False,0.0,1013.8858871839204,0.0,0.0,0.0,0.0,1013.8858871839204
2025-12-10T02:45:00Z,2025-12-10T03:00:00Z,2025-12-10,2025-12-10_16,0.0,0,0,99,64.3477106442907,64.3477106442907,0.0,0.0,0.0,True,True,True,False,0.0,1013.8858871839204,0.0,0.0,0.0,0.0,1013.8858871839204
2025-12-10T03:00:00Z,2025-12-10T03:15:00Z,2025-12-10,2025-12-10_17,0.0,0,0,99,64.3477106442907,64.3477106442907,0.0,0.0,0.0,True,True,True,False,0.0,1013.8858871839204,0.0,0.0,0.0,0.0,1013.8858871839204
2025-12-10T03:15:00Z,2025-12-10T03:30:00Z,2025-12-10,2025-12-10_18,0.0,0,0,99,64.3477106442907,64.3477106442907,0.0,0.0,0.0,True,True,True,False,0.0,1013.8858871839204,0.0,0.0,0.0,0.0,1013.8858871839204
2025-12-10T03:30:00Z,2025-12-10T03:45:00Z,2025-12-10,2025-12-10_19,0.0,0,0,99,64.3477106442907,64.3477106442907,0.0,0.0,0.0,True,True,True,False,0.0,1013.8858871839204,0.0,0.0,0.0,0.0,1013.8858871839204
2025-12-10T03:45:00Z,2025-12-10T04:00:00Z,2025-12-10,2025-12-10_20,0.0,0,0,99,64.3477106442907,64.3477106442907,0.0,0.0,0.0,True,True,True,False,0.0,1013.8858871839204,0.0,0.0,0.0,0.0,1013.8858871839204
2025-12-10T04:00:00Z,2025-12-10T04:15:00Z,2025-12-10,2025-12-10_21,0.0,0,0,99,64.3477106442907,64.3477106442907,0.0,0.0,0.0,True,True,True,False,0.0,1013.8858871839204,0.0,0.0,0.0,0.0,1013.8858871839204
2025-12-10T04:15:00Z,2025-12-10T04:30:00Z,2025-12-10,2025-12-10_22,0.0,0,0,99,64.3477106442907,64.3477106442907,0.0,0.0,0.0,True,True,True,False,0.0,1013.8858871839204,0.0,0.0,0.0,0.0,1013.8858871839204
2025-12-10T04:30:00Z,2025-12-10T04:45:00Z,2025-12-10,2025-12-10_23,0.0,0,0,99,64.3477106442907,64.3477106442907,0.0,0.0,0.0,True,True,True,False,0.0,1013.8858871839204,0.0,0.0,0.0,0.0,1013.8858871839204
2025-12-10T04:45:00Z,2025-12-10T05:00:00Z,2025-12-10,2025-12-10_24,0.0,0,0,99,64.3477106442907,64.3477106442907,0.0,0.0,0.0,True,True,True,False,0.0,1013.8858871839204,0.0,0.0,0.0,0.0,1013.8858871839204
2025-12-10T05:00:00Z,2025-12-10T05:15:00Z,2025-12-10,2025-12-10_25,0.0,0,0,99,64.3477106442907,64.3477106442907,0.0,0.0,0.0,True,True,True,False,0.0,1013.8858871839204,0.0,0.0,0.0,0.0,1013.8858871839204
2025-12-10T05:15:00Z,2025-12-10T05:30:00Z,2025-12-10,2025-12-10_26,0.0,0,0,99,64.3477106442907,64.3477106442907,0.0,0.0,0.0,True,True,True,False,0.0,1013.8858871839204,0.0,0.0,0.0,0.0,1013.8858871839204
2025-12-10T05:30:00Z,2025-12-10T05:45:00Z,2025-12-10,2025-12-10_27,0.0,0,0,99,64.3477106442907,64.3477106442907,0.0,0.0,0.0,True,True,True,False,0.0,1013.8858871839204,0.0,0.0,0.0,0.0,1013.8858871839204
2025-12-10T05:45:00Z,2025-12-10T06:00:00Z,2025-12-10,2025-12-10_28,0.0,0,0,99,64.3477106442907,64.3477106442907,0.0,0.0,0.0,True,True,True,False,0.0,1013.8858871839204,0.0,0.0,0.0,0.0,1013.8858871839204
2025-12-10T06:00:00Z,2025-12-10T06:15:00Z,2025-12-10,2025-12-10_29,0.0,0,0,99,64.3477106442907,64.3477106442907,0.0,0.0,0.0,True,True,True,False,0.0,1013.8858871839204,0.0,0.0,0.0,0.0,1013.8858871839204
2025-12-10T06:15:00Z,2025-12-10T06:30:00Z,2025-12-10,2025-12-10_30,0.0,0,0,99,64.3477106442907,64.3477106442907,0.0,0.0,0.0,True,True,True,False,0.0,1013.8858871839204,0.0,0.0,0.0,0.0,1013.8858871839204
2025-12-10T06:30:00Z,2025-12-10T06:45:00Z,2025-12-10,2025-12-10_31,0.0,0,0,99,64.3477106442907,64.3477106442907,0.0,0.0,0.0,True,True,True,False,0.0,1013.8858871839204,0.0,0.0,0.0,0.0,1013.8858871839204
2025-12-10T06:45:00Z,2025-12-10T07:00:00Z,2025-12-10,2025-12-10_32,0.0,0,0,99,64.3477106442907,64.3477106442907,0.0,0.0,0.0,True,True,True,False,0.0,1013.8858871839204,0.0,0.0,0.0,0.0,1013.8858871839204
2025-12-10T07:00:00Z,2025-12-10T07:15:00Z,2025-12-10,2025-12-10_33,0.0,0,0,99,64.3477106442907,64.3477106442907,0.0,0.0,0.0,True,True,True,False,0.0,1013.8858871839204,0.0,0.0,0.0,0.0,1013.8858871839204
2025-12-10T07:15:00Z,2025-12-10T07:30:00Z,2025-12-10,2025-12-10_34,0.0,0,0,99,64.3477106442907,64.3477106442907,0.0,0.0,0.0,True,True,True,False,0.0,1013.8858871839204,0.0,0.0,0.0,0.0,1013.8858871839204
2025-12-10T07:30:00Z,2025-12-10T07:45:00Z,2025-12-10,2025-12-10_35,0.0,0,0,99,64.3477106442907,64.3477106442907,0.0,0.0,0.0,True,True,True,False,0.0,1013.8858871839204,0.0,0.0,0.0,0.0,1013.8858871839204
2025-12-10T07:45:00Z,2025-12-10T08:00:00Z,2025-12-10,2025-12-10_36,0.0,0,0,99,64.3477106442907,64.3477106442907,0.0,0.0,0.0,True,True,True,False,0.0,1013.8858871839204,0.0,0.0,0.0,0.0,1013.8858871839204
2025-12-10T08:00:00Z,2025-12-10T08:15:00Z,2025-12-10,2025-12-10_37,0.0,0,0,99,64.3477106442907,64.3477106442907,0.0,0.0,0.0,True,True,True,False,0.0,1013.8858871839204,0.0,0.0,0.0,0.0,1013.8858871839204
2025-12-10T08:15:00Z,2025-12-10T08:30:00Z,2025-12-10,2025-12-10_38,0.0,0,0,99,64.3477106442907,64.3477106442907,0.0,0.0,0.0,True,True,True,False,0.0,1013.8858871839204,0.0,0.0,0.0,0.0,1013.8858871839204
2025-12-10T08:30:00Z,2025-12-10T08:45:00Z,2025-12-10,2025-12-10_39,0.0,0,0,99,64.3477106442907,64.3477106442907,0.0,0.0,0.0,True,True,True,False,0.0,1013.8858871839204,0.0,0.0,0.0,0.0,1013.8858871839204
2025-12-10T08:45:00Z,2025-12-10T09:00:00Z,2025-12-10,2025-12-10_40,0.0,0,0,99,64.3477106442907,64.3477106442907,0.0,0.0,0.0,True,True,True,False,0.0,1013.8858871839204,0.0,0.0,0.0,0.0,1013.8858871839204
2025-12-10T09:00:00Z,2025-12-10T09:15:00Z,2025-12-10,2025-12-10_41,0.0,0,0,99,64.3477106442907,64.3477106442907,0.0,0.0,0.0,True,True,True,False,0.0,1013.8858871839204,0.0,0.0,0.0,0.0,1013.8858871839204
2025-12-10T09:15:00Z,2025-12-10T09:30:00Z,2025-12-10,2025-12-10_42,0.0,0,0,99,64.3477106442907,64.3477106442907,0.0,0.0,0.0,True,True,True,False,0.0,1013.8858871839204,0.0,0.0,0.0,0.0,1013.8858871839204
2025-12-10T09:30:00Z,2025-12-10T09:45:00Z,2025-12-10,2025-12-10_43,0.0,0,0,99,64.3477106442907,64.3477106442907,0.0,0.0,0.0,True,True,True,False,0.0,1013.8858871839204,0.0,0.0,0.0,0.0,1013.8858871839204
2025-12-10T09:45:00Z,2025-12-10T10:00:00Z,2025-12-10,2025-12-10_44,0.0,0,0,99,64.3477106442907,64.3477106442907,0.0,0.0,0.0,True,True,True,False,0.0,1013.8858871839204,0.0,0.0,0.0,0.0,1013.8858871839204
2025-12-10T10:00:00Z,2025-12-10T10:15:00Z,2025-12-10,2025-12-10_45,0.0,0,0,99,64.3477106442907,64.3477106442907,0.0,0.0,0.0,True,True,True,False,0.0,1013.8858871839204,0.0,0.0,0.0,0.0,1013.8858871839204
2025-12-10T10:15:00Z,2025-12-10T10:30:00Z,2025-12-10,2025-12-10_46,0.0,0,0,99,64.3477106442907,64.3477106442907,0.0,0.0,0.0,True,True,True,False,0.0,1013.8858871839204,0.0,0.0,0.0,0.0,1013.8858871839204
2025-12-10T10:30:00Z,2025-12-10T10:45:00Z,2025-12-10,2025-12-10_47,0.0,0,0,99,64.3477106442907,64.3477106442907,0.0,0.0,0.0,True,True,True,False,0.0,1013.8858871839204,0.0,0.0,0.0,0.0,1013.8858871839204
2025-12-10T10:45:00Z,2025-12-10T11:00:00Z,2025-12-10,2025-12-10_48,0.0,0,0,99,64.3477106442907,64.3477106442907,0.0,0.0,0.0,True,True,True,False,0.0,1013.8858871839204,0.0,0.0,0.0,0.0,1013.8858871839204
2025-12-10T11:00:00Z,2025-12-10T11:15:00Z,2025-12-10,2025-12-10_49,0.0,0,0,99,64.3477106442907,64.3477106442907,0.0,0.0,0.0,True,True,True,False,0.0,1013.8858871839204,0.0,0.0,0.0,0.0,1013.8858871839204
2025-12-10T11:15:00Z,2025-12-10T11:30:00Z,2025-12-10,2025-12-10_50,0.0,0,0,99,64.3477106442907,64.3477106442907,0.0,0.0,0.0,True,True,True,False,0.0,1013.8858871839204,0.0,0.0,0.0,0.0,1013.8858871839204
2025-12-10T11:30:00Z,2025-12-10T11:45:00Z,2025-12-10,2025-12-10_51,0.0,0,0,99,64.3477106442907,64.3477106442907,0.0,0.0,0.0,True,True,True,False,0.0,1013.8858871839204,0.0,0.0,0.0,0.0,1013.8858871839204
2025-12-10T11:45:00Z,2025-12-10T12:00:00Z,2025-12-10,2025-12-10_52,0.0,0,0,99,64.3477106442907,64.3477106442907,0.0,0.0,0.0,True,True,True,False,0.0,1013.8858871839204,0.0,0.0,0.0,0.0,1013.8858871839204
2025-12-10T12:00:00Z,2025-12-10T12:15:00Z,2025-12-10,2025-12-10_53,0.0,0,0,99,64.3477106442907,64.3477106442907,0.0,0.0,0.0,True,True,True,False,0.0,1013.8858871839204,0.0,0.0,0.0,0.0,1013.8858871839204
2025-12-10T12:15:00Z,2025-12-10T12:30:00Z,2025-12-10,2025-12-10_54,0.0,0,0,99,64.3477106442907,64.3477106442907,0.0,0.0,0.0,True,True,True,False,0.0,1013.8858871839204,0.0,0.0,0.0,0.0,1013.8858871839204
2025-12-10T12:30:00Z,2025-12-10T12:45:00Z,2025-12-10,2025-12-10_55,0.0,0,0,99,64.3477106442907,64.3477106442907,0.0,0.0,0.0,True,True,True,False,0.0,1013.8858871839204,0.0,0.0,0.0,0.0,1013.8858871839204
2025-12-10T12:45:00Z,2025-12-10T13:00:00Z,2025-12-10,2025-12-10_56,0.0,0,0,99,64.3477106442907,64.3477106442907,0.0,0.0,0.0,True,True,True,False,0.0,1013.8858871839204,0.0,0.0,0.0,0.0,1013.8858871839204
2025-12-10T13:00:00Z,2025-12-10T13:15:00Z,2025-12-10,2025-12-10_57,0.0,0,1,99,64.3477106442907,64.3477106442907,0.0,0.0,0.0,True,True,True,False,0.0,1013.8858871839204,0.0,0.6539678173566222,0.0,0.0,1014.539855001277
2025-12-10T13:15:00Z,2025-12-10T13:30:00Z,2025-12-10,2025-12-10_58,0.0,0,1,99,64.3477106442907,64.3477106442907,0.0,0.0,0.0,True,True,True,False,0.0,1013.8858871839204,0.0,0.6539678173566222,0.0,0.0,1014.539855001277
2025-12-10T13:30:00Z,2025-12-10T13:45:00Z,2025-12-10,2025-12-10_59,0.0,0,1,99,64.3477106442907,64.3477106442907,0.0,0.0,0.0,True,True,True,False,0.0,1013.8858871839204,0.0,0.6539678173566222,0.0,0.0,1014.539855001277
2025-12-10T13:45:00Z,2025-12-10T14:00:00Z,2025-12-10,2025-12-10_60,0.0,0,1,99,64.3477106442907,64.3477106442907,0.0,0.0,0.0,True,True,True,False,0.0,1013.8858871839204,0.0,0.6539678173566222,0.0,0.0,1014.539855001277
2025-12-10T14:00:00Z,2025-12-10T14:15:00Z,2025-12-10,2025-12-10_61,0.0,0,1,99,64.3477106442907,64.3477106442907,0.0,0.0,0.0,True,True,True,False,0.0,1013.8858871839204,0.0,0.6519048273965067,0.0,0.0,1014.5377920113169
2025-12-10T14:15:00Z,2025-12-10T14:30:00Z,2025-12-10,2025-12-10_62,0.0,0,1,99,64.3477106442907,64.3477106442907,0.0,0.0,0.0,True,True,True,False,0.0,1013.8858871839204,0.0,0.6519048273965067,0.0,0.0,1014.5377920113169
2025-12-10T14:30:00Z,2025-12-10T14:45:00Z,2025-12-10,2025-12-10_63,0.0,0,1,99,64.3477106442907,64.3477106442907,0.0,0.0,0.0,True,True,True,False,0.0,1013.8858871839204,0.0,0.6519048273965067,0.0,0.0,1014.5377920113169
2025-12-10T14:45:00Z,2025-12-10T15:00:00Z,2025-12-10,2025-12-10_64,0.0,0,1,99,64.3477106442907,64.3477106442907,0.0,0.0,0.0,True,True,True,False,0.0,1013.8858871839204,0.0,0.6519048273965067,0.0,0.0,1014.5377920113169
2025-12-10T15:00:00Z,2025-12-10T15:15:00Z,2025-12-10,2025-12-10_65,0.0,0,0,99,64.3477106442907,64.3477106442907,0.0,0.0,0.0,True,True,True,False,0.0,1013.8858871839204,0.0,0.0,0.0,0.0,1013.8858871839204
2025-12-10T15:15:00Z,2025-12-10T15:30:00Z,2025-12-10,2025-12-10_66,0.0,0,0,99,64.3477106442907,64.3477106442907,0.0,0.0,0.0,True,True,True,False,0.0,1013.8858871839204,0.0,0.0,0.0,0.0,1013.8858871839204
2025-12-10T15:30:00Z,2025-12-10T15:45:00Z,2025-12-10,2025-12-10_67,0.0,0,0,99,64.3477106442907,64.3477106442907,0.0,0.0,0.0,True,True,True,False,0.0,1013.8858871839204,0.0,0.0,0.0,0.0,1013.8858871839204
2025-12-10T15:45:00Z,2025-12-10T16:00:00Z,2025-12-10,2025-12-10_68,0.0,0,0,99,64.3477106442907,64.3477106442907,0.0,0.0,0.0,True,True,True,False,0.0,1013.8858871839204,0.0,0.0,0.0,0.0,1013.8858871839204
2025-12-10T16:00:00Z,2025-12-10T16:15:00Z,2025-12-10,2025-12-10_69,0.0,0,0,99,64.3477106442907,64.3477106442907,0.0,0.0,0.0,True,True,True,False,0.0,1013.8858871839204,0.0,0.0,0.0,0.0,1013.8858871839204
2025-12-10T16:15:00Z,2025-12-10T16:30:00Z,2025-12-10,2025-12-10_70,0.0,0,0,99,64.3477106442907,64.3477106442907,0.0,0.0,0.0,True,True,True,False,0.0,1013.8858871839204,0.0,0.0,0.0,0.0,1013.8858871839204
2025-12-10T16:30:00Z,2025-12-10T16:45:00Z,2025-12-10,2025-12-10_71,0.0,0,0,99,64.3477106442907,64.3477106442907,0.0,0.0,0.0,True,True,True,False,0.0,1013.8858871839204,0.0,0.0,0.0,0.0,1013.8858871839204
2025-12-10T16:45:00Z,2025-12-10T17:00:00Z,2025-12-10,2025-12-10_72,0.0,0,0,99,64.3477106442907,64.3477106442907,0.0,0.0,0.0,True,True,True,False,0.0,1013.8858871839204,0.0,0.0,0.0,0.0,1013.8858871839204
2025-12-10T17:00:00Z,2025-12-10T17:15:00Z,2025-12-10,2025-12-10_73,0.0,0,0,99,64.3477106442907,64.3477106442907,0.0,0.0,0.0,True,True,True,False,0.0,1013.8858871839204,0.0,0.0,0.0,0.0,1013.8858871839204
2025-12-10T17:15:00Z,2025-12-10T17:30:00Z,2025-12-10,2025-12-10_74,0.0,0,0,99,64.3477106442907,64.3477106442907,0.0,0.0,0.0,True,True,True,False,0.0,1013.8858871839204,0.0,0.0,0.0,0.0,1013.8858871839204
2025-12-10T17:30:00Z,2025-12-10T17:45:00Z,2025-12-10,2025-12-10_75,0.0,0,0,99,64.3477106442907,64.3477106442907,0.0,0.0,0.0,True,True,True,False,0.0,1013.8858871839204,0.0,0.0,0.0,0.0,1013.8858871839204
2025-12-10T17:45:00Z,2025-12-10T18:00:00Z,2025-12-10,2025-12-10_76,0.0,0,0,99,64.3477106442907,64.3477106442907,0.0,0.0,0.0,True,True,True,False,0.0,1013.8858871839204,0.0,0.0,0.0,0.0,1013.8858871839204
2025-12-10T18:00:00Z,2025-12-10T18:15:00Z,2025-12-10,2025-12-10_77,0.0,0,0,99,64.3477106442907,64.3477106442907,0.0,0.0,0.0,True,True,True,False,0.0,1013.8858871839204,0.0,0.0,0.0,0.0,1013.8858871839204
2025-12-10T18:15:00Z,2025-12-10T18:30:00Z,2025-12-10,2025-12-10_78,0.0,0,0,99,64.3477106442907,64.3477106442907,0.0,0.0,0.0,True,True,True,False,0.0,1013.8858871839204,0.0,0.0,0.0,0.0,1013.8858871839204
2025-12-10T18:30:00Z,2025-12-10T18:45:00Z,2025-12-10,2025-12-10_79,0.0,0,0,99,64.3477106442907,64.3477106442907,0.0,0.0,0.0,True,True,True,False,0.0,1013.8858871839204,0.0,0.0,0.0,0.0,1013.8858871839204
2025-12-10T18:45:00Z,2025-12-10T19:00:00Z,2025-12-10,2025-12-10_80,0.0,0,0,99,64.3477106442907,64.3477106442907,0.0,0.0,0.0,True,True,True,False,0.0,1013.8858871839204,0.0,0.0,0.0,0.0,1013.8858871839204
2025-12-10T19:00:00Z,2025-12-10T19:15:00Z,2025-12-10,2025-12-10_81,0.0,0,0,99,64.3477106442907,64.3477106442907,0.0,0.0,0.0,True,True,True,False,0.0,1013.8858871839204,0.0,0.0,0.0,0.0,1013.8858871839204
2025-12-10T19:15:00Z,2025-12-10T19:30:00Z,2025-12-10,2025-12-10_82,0.0,0,0,99,64.3477106442907,64.3477106442907,0.0,0.0,0.0,True,True,True,False,0.0,1013.8858871839204,0.0,0.0,0.0,0.0,1013.8858871839204
2025-12-10T19:30:00Z,2025-12-10T19:45:00Z,2025-12-10,2025-12-10_83,0.0,0,0,99,64.3477106442907,64.3477106442907,0.0,0.0,0.0,True,True,True,False,0.0,1013.8858871839204,0.0,0.0,0.0,0.0,1013.8858871839204
2025-12-10T19:45:00Z,2025-12-10T20:00:00Z,2025-12-10,2025-12-10_84,0.0,0,0,99,64.3477106442907,64.3477106442907,0.0,0.0,0.0,True,True,True,False,0.0,1013.8858871839204,0.0,0.0,0.0,0.0,1013.8858871839204
2025-12-10T20:00:00Z,2025-12-10T20:15:00Z,2025-12-10,2025-12-10_85,0.0,0,0,99,64.3477106442907,64.3477106442907,0.0,0.0,0.0,True,True,True,False,0.0,1013.8858871839204,0.0,0.0,0.0,0.0,1013.8858871839204
2025-12-10T20:15:00Z,2025-12-10T20:30:00Z,2025-12-10,2025-12-10_86,0.0,0,0,99,64.3477106442907,64.3477106442907,0.0,0.0,0.0,True,True,True,False,0.0,1013.8858871839204,0.0,0.0,0.0,0.0,1013.8858871839204
2025-12-10T20:30:00Z,2025-12-10T20:45:00Z,2025-12-10,2025-12-10_87,0.0,0,0,99,64.3477106442907,64.3477106442907,0.0,0.0,0.0,True,True,True,False,0.0,1013.8858871839204,0.0,0.0,0.0,0.0,1013.8858871839204
2025-12-10T20:45:00Z,2025-12-10T21:00:00Z,2025-12-10,2025-12-10_88,0.0,0,0,99,64.3477106442907,64.3477106442907,0.0,0.0,0.0,True,True,True,False,0.0,1013.8858871839204,0.0,0.0,0.0,0.0,1013.8858871839204
2025-12-10T21:00:00Z,2025-12-10T21:15:00Z,2025-12-10,2025-12-10_89,0.0,0,0,99,64.3477106442907,64.3477106442907,0.0,0.0,0.0,True,True,True,False,0.0,1013.8858871839204,0.0,0.0,0.0,0.0,1013.8858871839204
2025-12-10T21:15:00Z,2025-12-10T21:30:00Z,2025-12-10,2025-12-10_90,0.0,0,0,99,64.3477106442907,64.3477106442907,0.0,0.0,0.0,True,True,True,False,0.0,1013.8858871839204,0.0,0.0,0.0,0.0,1013.8858871839204
2025-12-10T21:30:00Z,2025-12-10T21:45:00Z,2025-12-10,2025-12-10_91,0.0,0,0,99,64.3477106442907,64.3477106442907,0.0,0.0,0.0,True,True,True,False,0.0,1013.8858871839204,0.0,0.0,0.0,0.0,1013.8858871839204
2025-12-10T21:45:00Z,2025-12-10T22:00:00Z,2025-12-10,2025-12-10_92,0.0,0,0,99,64.3477106442907,64.3477106442907,0.0,0.0,0.0,True,True,True,False,0.0,1013.8858871839204,0.0,0.0,0.0,0.0,1013.8858871839204
2025-12-10T22:00:00Z,2025-12-10T22:15:00Z,2025-12-11,2025-12-10_93,0.0,0,0,99,64.3477106442907,64.3477106442907,0.0,0.0,0.0,True,True,True,False,0.0,1013.9456517467678,0.0,0.0,0.0,0.0,1013.9456517467678
2025-12-10T22:15:00Z,2025-12-10T22:30:00Z,2025-12-11,2025-12-10_94,0.0,0,0,99,64.3477106442907,64.3477106442907,0.0,0.0,0.0,True,True,True,False,0.0,1013.9456517467678,0.0,0.0,0.0,0.0,1013.9456517467678
2025-12-10T22:30:00Z,2025-12-10T22:45:00Z,2025-12-11,2025-12-10_95,0.0,0,0,99,64.3477106442907,64.3477106442907,0.0,0.0,0.0,True,True,True,False,0.0,1013.9456517467678,0.0,0.0,0.0,0.0,1013.9456517467678
2025-12-10T22:45:00Z,2025-12-10T23:00:00Z,2025-12-11,2025-12-10_96,0.0,0,0,99,64.3477106442907,64.3477106442907,0.0,0.0,0.0,True,True,True,False,0.0,1013.9456517467678,0.0,0.0,0.0,0.0,1013.9456517467678
2025-12-10T23:00:00Z,2025-12-10T23:15:00Z,2025-12-11,2025-12-11_1,0.0,0,0,99,64.3477106442907,64.3477106442907,0.0,0.0,0.0,True,True,True,False,0.0,1013.9456517467678,0.0,0.0,0.0,0.0,1013.9456517467678
2025-12-10T23:15:00Z,2025-12-10T23:30:00Z,2025-12-11,2025-12-11_2,0.0,0,0,99,64.3477106442907,64.3477106442907,0.0,0.0,0.0,True,True,True,False,0.0,1013.9456517467678,0.0,0.0,0.0,0.0,1013.9456517467678
2025-12-10T23:30:00Z,2025-12-10T23:45:00Z,2025-12-11,2025-12-11_3,0.0,0,0,99,64.3477106442907,64.3477106442907,0.0,0.0,0.0,True,True,True,False,0.0,1013.9456517467678,0.0,0.0,0.0,0.0,1013.9456517467678
2025-12-10T23:45:00Z,2025-12-11T00:00:00Z,2025-12-11,2025-12-11_4,0.0,0,0,99,64.3477106442907,64.3477106442907,0.0,0.0,0.0,True,True,True,False,0.0,1013.9456517467678,0.0,0.0,0.0,0.0,1013.9456517467678
2025-12-11T00:00:00Z,2025-12-11T00:15:00Z,2025-12-11,2025-12-11_5,0.0,0,0,99,64.3477106442907,64.3477106442907,0.0,0.0,0.0,True,True,True,False,0.0,1013.9456517467678,0.0,0.0,0.0,0.0,1013.9456517467678
2025-12-11T00:15:00Z,2025-12-11T00:30:00Z,2025-12-11,2025-12-11_6,0.0,0,0,99,64.3477106442907,64.3477106442907,0.0,0.0,0.0,True,True,True,False,0.0,1013.9456517467678,0.0,0.0,0.0,0.0,1013.9456517467678
2025-12-11T00:30:00Z,2025-12-11T00:45:00Z,2025-12-11,2025-12-11_7,0.0,0,0,99,64.3477106442907,64.3477106442907,0.0,0.0,0.0,True,True,True,False,0.0,1013.9456517467678,0.0,0.0,0.0,0.0,1013.9456517467678
2025-12-11T00:45:00Z,2025-12-11T01:00:00Z,2025-12-11,2025-12-11_8,0.0,0,0,99,64.3477106442907,64.3477106442907,0.0,0.0,0.0,True,True,True,False,0.0,1013.9456517467678,0.0,0.0,0.0,0.0,1013.9456517467678
2025-12-11T01:00:00Z,2025-12-11T01:15:00Z,2025-12-11,2025-12-11_9,0.0,1,0,99,64.3477106442907,64.3477106442907,0.0,0.0,0.0,True,True,True,False,0.0,1013.9456517467678,0.7942979526073799,0.0,0.0,0.0,1014.7399496993752
2025-12-11T01:15:00Z,2025-12-11T01:30:00Z,2025-12-11,2025-12-11_10,0.0,1,0,99,64.3477106442907,64.3477106442907,0.0,0.0,0.0,True,True,True,False,0.0,1013.9456517467678,0.7942979526073799,0.0,0.0,0.0,1014.7399496993752
2025-12-11T01:30:00Z,2025-12-11T01:45:00Z,2025-12-11,2025-12-11_11,0.0,1,0,99,64.3477106442907,64.3477106442907,0.0,0.0,0.0,True,True,True,False,0.0,1013.9456517467678,0.7942979526073799,0.0,0.0,0.0,1014.7399496993752
2025-12-11T01:45:00Z,2025-12-11T02:00:00Z,2025-12-11,2025-12-11_12,0.0,1,0,99,64.3477106442907,64.3477106442907,0.0,0.0,0.0,True,True,True,False,0.0,1013.9456517467678,0.7942979526073799,0.0,0.0,0.0,1014.7399496993752
2025-12-11T02:00:00Z,2025-12-11T02:15:00Z,2025-12-11,2025-12-11_13,0.0,0,0,99,64.3477106442907,64.3477106442907,0.0,0.0,0.0,True,True,True,False,0.0,1013.9456517467678,0.0,0.0,0.0,0.0,1013.9456517467678
2025-12-11T02:15:00Z,2025-12-11T02:30:00Z,2025-12-11,2025-12-11_14,0.0,0,0,99,64.3477106442907,64.3477106442907,0.0,0.0,0.0,True,True,True,False,0.0,1013.9456517467678,0.0,0.0,0.0,0.0,1013.9456517467678
2025-12-11T02:30:00Z,2025-12-11T02:45:00Z,2025-12-11,2025-12-11_15,0.0,0,0,99,64.3477106442907,64.3477106442907,0.0,0.0,0.0,True,True,True,False,0.0,1013.9456517467678,0.0,0.0,0.0,0.0,1013.9456517467678
2025-12-11T02:45:00Z,2025-12-11T03:00:00Z,2025-12-11,2025-12-11_16,0.0,0,0,99,64.3477106442907,64.3477106442907,0.0,0.0,0.0,True,True,True,False,0.0,1013.9456517467678,0.0,0.0,0.0,0.0,1013.9456517467678
2025-12-11T03:00:00Z,2025-12-11T03:15:00Z,2025-12-11,2025-12-11_17,0.0,0,0,99,64.3477106442907,64.3477106442907,0.0,0.0,0.0,True,True,True,False,0.0,1013.9456517467678,0.0,0.0,0.0,0.0,1013.9456517467678
2025-12-11T03:15:00Z,2025-12-11T03:30:00Z,2025-12-11,2025-12-11_18,0.0,0,0,99,64.3477106442907,64.3477106442907,0.0,0.0,0.0,True,True,True,False,0.0,1013.9456517467678,0.0,0.0,0.0,0.0,1013.9456517467678
2025-12-11T03:30:00Z,2025-12-11T03:45:00Z,2025-12-11,2025-12-11_19,0.0,0,0,99,64.3477106442907,64.3477106442907,0.0,0.0,0.0,True,True,True,False,0.0,1013.9456517467678,0.0,0.0,0.0,0.0,1013.9456517467678
2025-12-11T03:45:00Z,2025-12-11T04:00:00Z,2025-12-11,2025-12-11_20,0.0,0,0,99,64.3477106442907,64.3477106442907,0.0,0.0,0.0,True,True,True,False,0.0,1013.9456517467678,0.0,0.0,0.0,0.0,1013.9456517467678
2025-12-11T04:00:00Z,2025-12-11T04:15:00Z,2025-12-11,2025-12-11_21,0.0,0,0,99,64.3477106442907,64.3477106442907,0.0,0.0,0.0,True,True,True,False,0.0,1013.9456517467678,0.0,0.0,0.0,0.0,1013.9456517467678
2025-12-11T04:15:00Z,2025-12-11T04:30:00Z,2025-12-11,2025-12-11_22,0.0,0,0,99,64.3477106442907,64.3477106442907,0.0,0.0,0.0,True,True,True,False,0.0,1013.9456517467678,0.0,0.0,0.0,0.0,1013.9456517467678
2025-12-11T04:30:00Z,2025-12-11T04:45:00Z,2025-12-11,2025-12-11_23,0.0,0,0,99,64.3477106442907,64.3477106442907,0.0,0.0,0.0,True,True,True,False,0.0,1013.9456517467678,0.0,0.0,0.0,0.0,1013.9456517467678
2025-12-11T04:45:00Z,2025-12-11T05:00:00Z,2025-12-11,2025-12-11_24,0.0,0,0,99,64.3477106442907,64.3477106442907,0.0,0.0,0.0,True,True,True,False,0.0,1013.9456517467678,0.0,0.0,0.0,0.0,1013.9456517467678
2025-12-11T05:00:00Z,2025-12-11T05:15:00Z,2025-12-11,2025-12-11_25,0.0,0,0,99,64.3477106442907,64.3477106442907,0.0,0.0,0.0,True,True,True,False,0.0,1013.9456517467678,0.0,0.0,0.0,0.0,1013.9456517467678
2025-12-11T05:15:00Z,2025-12-11T05:30:00Z,2025-12-11,2025-12-11_26,0.0,0,0,99,64.3477106442907,64.3477106442907,0.0,0.0,0.0,True,True,True,False,0.0,1013.9456517467678,0.0,0.0,0.0,0.0,1013.9456517467678
2025-12-11T05:30:00Z,2025-12-11T05:45:00Z,2025-12-11,2025-12-11_27,0.0,0,0,99,64.3477106442907,64.3477106442907,0.0,0.0,0.0,True,True,True,False,0.0,1013.9456517467678,0.0,0.0,0.0,0.0,1013.9456517467678
2025-12-11T05:45:00Z,2025-12-11T06:00:00Z,2025-12-11,2025-12-11_28,4.139993885630134e-05,0,0,99,64.3477106442907,64.34769939430731,3.124995384684581e-08,0.0,0.0,True,True,True,False,0.0014227088987967956,1013.9456517467678,0.0,0.0,0.0,0.0,1013.9470744556666
2025-12-11T06:00:00Z,2025-12-11T06:15:00Z,2025-12-11,2025-12-11_29,0.0,0,0,99,64.34769939430731,64.34769939430731,0.0,0.0,0.0,True,True,True,False,0.0,1013.9456517467678,0.0,0.0,0.0,0.0,1013.9456517467678
2025-12-11T06:15:00Z,2025-12-11T06:30:00Z,2025-12-11,2025-12-11_30,0.0,0,0,99,64.34769939430731,64.34769939430731,0.0,0.0,0.0,True,True,True,False,0.0,1013.9456517467678,0.0,0.0,0.0,0.0,1013.9456517467678
2025-12-11T06:30:00Z,2025-12-11T06:45:00Z,2025-12-11,2025-12-11_31,0.0,0,0,99,64.34769939430731,64.34769939430731,0.0,0.0,0.0,True,True,True,False,0.0,1013.9456517467678,0.0,0.0,0.0,0.0,1013.9456517467678
2025-12-11T06:45:00Z,2025-12-11T07:00:00Z,2025-12-11,2025-12-11_32,0.0,0,0,99,64.34769939430731,64.34769939430731,0.0,0.0,0.0,True,True,True,False,0.0,1013.9456517467678,0.0,0.0,0.0,0.0,1013.9456517467678
2025-12-11T07:00:00Z,2025-12-11T07:15:00Z,2025-12-11,2025-12-11_33,0.0,0,0,99,64.34769939430731,64.34769939430731,0.0,0.0,0.0,True,True,True,False,0.0,1013.9456517467678,0.0,0.0,0.0,0.0,1013.9456517467678
2025-12-11T07:15:00Z,2025-12-11T07:30:00Z,2025-12-11,2025-12-11_34,0.0,0,0,99,64.34769939430731,64.34769939430731,0.0,0.0,0.0,True,True,True,False,0.0,1013.9456517467678,0.0,0.0,0.0,0.0,1013.9456517467678
2025-12-11T07:30:00Z,2025-12-11T07:45:00Z,2025-12-11,2025-12-11_35,0.0,0,0,99,64.34769939430731,64.34769939430731,0.0,0.0,0.0,True,True,True,False,0.0,1013.9456517467678,0.0,0.0,0.0,0.0,1013.9456517467678
2025-12-11T07:45:00Z,2025-12-11T08:00:00Z,2025-12-11,2025-12-11_36,0.0,0,0,99,64.34769939430731,64.34769939430731,0.0,0.0,0.0,True,True,True,False,0.0,1013.9456517467678,0.0,0.0,0.0,0.0,1013.9456517467678
2025-12-11T08:00:00Z,2025-12-11T08:15:00Z,2025-12-11,2025-12-11_37,0.0,0,0,99,64.34769939430731,64.34769939430731,0.0,0.0,0.0,True,True,True,False,0.0,1013.9456517467678,0.0,0.0,0.0,0.0,1013.9456517467678
2025-12-11T08:15:00Z,2025-12-11T08:30:00Z,2025-12-11,2025-12-11_38,0.0,0,0,99,64.34769939430731,64.34769939430731,0.0,0.0,0.0,True,True,True,False,0.0,1013.9456517467678,0.0,0.0,0.0,0.0,1013.9456517467678
2025-12-11T08:30:00Z,2025-12-11T08:45:00Z,2025-12-11,2025-12-11_39,0.0,0,0,99,64.34769939430731,64.34769939430731,0.0,0.0,0.0,True,True,True,False,0.0,1013.9456517467678,0.0,0.0,0.0,0.0,1013.9456517467678
2025-12-11T08:45:00Z,2025-12-11T09:00:00Z,2025-12-11,2025-12-11_40,0.0,0,0,99,64.34769939430731,64.34769939430731,0.0,0.0,0.0,True,True,True,False,0.0,1013.9456517467678,0.0,0.0,0.0,0.0,1013.9456517467678
2025-12-11T09:00:00Z,2025-12-11T09:15:00Z,2025-12-11,2025-12-11_41,0.0,1,0,99,64.34769939430731,64.34769939430731,0.0,0.0,0.0,True,True,True,False,0.0,1013.9456517467678,0.9602310684953037,0.0,0.0,0.0,1014.9058828152631
2025-12-11T09:15:00Z,2025-12-11T09:30:00Z,2025-12-11,2025-12-11_42,0.0,1,0,99,64.34769939430731,64.34769939430731,0.0,0.0,0.0,True,True,True,False,0.0,1013.9456517467678,0.9602310684953037,0.0,0.0,0.0,1014.9058828152631
2025-12-11T09:30:00Z,2025-12-11T09:45:00Z,2025-12-11,2025-12-11_43,0.0,1,0,99,64.34769939430731,64.34769939430731,0.0,0.0,0.0,True,True,True,False,0.0,1013.9456517467678,0.9602310684953037,0.0,0.0,0.0,1014.9058828152631
2025-12-11T09:45:00Z,2025-12-11T10:00:00Z,2025-12-11,2025-12-11_44,0.0,1,0,99,64.34769939430731,64.34769939430731,0.0,0.0,0.0,True,True,True,False,0.0,1013.9456517467678,0.9602310684953037,0.0,0.0,0.0,1014.9058828152631
2025-12-11T10:00:00Z,2025-12-11T10:15:00Z,2025-12-11,2025-12-11_45,0.0,1,0,99,64.34769939430731,64.34769939430731,0.0,0.0,0.0,True,True,True,False,0.0,1013.9456517467678,0.9602310684953037,0.0,0.0,0.0,1014.9058828152631
2025-12-11T10:15:00Z,2025-12-11T10:30:00Z,2025-12-11,2025-12-11_46,0.0,1,0,99,64.34769939430731,64.34769939430731,0.0,0.0,0.0,True,True,True,False,0.0,1013.9456517467678,0.9602310684953037,0.0,0.0,0.0,1014.9058828152631
2025-12-11T10:30:00Z,2025-12-11T10:45:00Z,2025-12-11,2025-12-11_47,0.0,1,0,99,64.34769939430731,64.34769939430731,0.0,0.0,0.0,True,True,True,False,0.0,1013.9456517467678,0.9602310684953037,0.0,0.0,0.0,1014.9058828152631
2025-12-11T10:45:00Z,2025-12-11T11:00:00Z,2025-12-11,2025-12-11_48,0.0,1,0,99,64.34769939430731,64.34769939430731,0.0,0.0,0.0,True,True,True,False,0.0,1013.9456517467678,0.9602310684953037,0.0,0.0,0.0,1014.9058828152631
2025-12-11T11:00:00Z,2025-12-11T11:15:00Z,2025-12-11,2025-12-11_49,0.0,0,0,99,64.34769939430731,64.34769939430731,0.0,0.0,0.0,True,True,True,False,0.0,1013.9456517467678,0.0,0.0,0.0,0.0,1013.9456517467678
2025-12-11T11:15:00Z,2025-12-11T11:30:00Z,2025-12-11,2025-12-11_50,0.0,0,0,99,64.34769939430731,64.34769939430731,0.0,0.0,0.0,True,True,True,False,0.0,1013.9456517467678,0.0,0.0,0.0,0.0,1013.9456517467678
2025-12-11T11:30:00Z,2025-12-11T11:45:00Z,2025-12-11,2025-12-11_51,0.0,0,0,99,64.34769939430731,64.34769939430731,0.0,0.0,0.0,True,True,True,False,0.0,1013.9456517467678,0.0,0.0,0.0,0.0,1013.9456517467678
2025-12-11T11:45:00Z,2025-12-11T12:00:00Z,2025-12-11,2025-12-11_52,0.0,0,0,99,64.34769939430731,64.34769939430731,0.0,0.0,0.0,True,True,True,False,0.0,1013.9456517467678,0.0,0.0,0.0,0.0,1013.9456517467678
2025-12-11T12:00:00Z,2025-12-11T12:15:00Z,2025-12-11,2025-12-11_53,0.0,0,0,99,64.34769939430731,64.34769939430731,0.0,0.0,0.0,True,True,True,False,0.0,1013.9456517467678,0.0,0.0,0.0,0.0,1013.9456517467678
2025-12-11T12:15:00Z,2025-12-11T12:30:00Z,2025-12-11,2025-12-11_54,0.0,0,0,99,64.34769939430731,64.34769939430731,0.0,0.0,0.0,True,True,True,False,0.0,1013.9456517467678,0.0,0.0,0.0,0.0,1013.9456517467678
2025-12-11T12:30:00Z,2025-12-11T12:45:00Z,2025-12-11,2025-12-11_55,0.0,0,0,99,64.34769939430731,64.34769939430731,0.0,0.0,0.0,True,True,True,False,0.0,1013.9456517467678,0.0,0.0,0.0,0.0,1013.9456517467678
2025-12-11T12:45:00Z,2025-12-11T13:00:00Z,2025-12-11,2025-12-11_56,0.0,0,0,99,64.34769939430731,64.34769939430731,0.0,0.0,0.0,True,True,True,False,0.0,1013.9456517467678,0.0,0.0,0.0,0.0,1013.9456517467678
2025-12-11T13:00:00Z,2025-12-11T13:15:00Z,2025-12-11,2025-12-11_57,0.0,0,0,99,64.34769939430731,64.34769939430731,0.0,0.0,0.0,True,True,True,False,0.0,1013.9456517467678,0.0,0.0,0.0,0.0,1013.9456517467678
2025-12-11T13:15:00Z,2025-12-11T13:30:00Z,2025-12-11,2025-12-11_58,0.0,0,0,99,64.34769939430731,64.34769939430731,0.0,0.0,0.0,True,True,True,False,0.0,1013.9456517467678,0.0,0.0,0.0,0.0,1013.9456517467678
2025-12-11T13:30:00Z,2025-12-11T13:45:00Z,2025-12-11,2025-12-11_59,0.0,0,0,99,64.34769939430731,64.34769939430731,0.0,0.0,0.0,True,True,True,False,0.0,1013.9456517467678,0.0,0.0,0.0,0.0,1013.9456517467678
2025-12-11T13:45:00Z,2025-12-11T14:00:00Z,2025-12-11,2025-12-11_60,0.0,0,0,99,64.34769939430731,64.34769939430731,0.0,0.0,0.0,True,True,True,False,0.0,1013.9456517467678,0.0,0.0,0.0,0.0,1013.9456517467678
2025-12-11T14:00:00Z,2025-12-11T14:15:00Z,2025-12-11,2025-12-11_61,0.0,0,0,99,64.34769939430731,64.34769939430731,0.0,0.0,0.0,True,True,True,False,0.0,1013.9456517467678,0.0,0.0,0.0,0.0,1013.9456517467678
2025-12-11T14:15:00Z,2025-12-11T14:30:00Z,2025-12-11,2025-12-11_62,0.0,0,0,99,64.34769939430731,64.34769939430731,0.0,0.0,0.0,True,True,True,False,0.0,1013.9456517467678,0.0,0.0,0.0,0.0,1013.9456517467678
2025-12-11T14:30:00Z,2025-12-11T14:45:00Z,2025-12-11,2025-12-11_63,0.0,0,0,99,64.34769939430731,64.34769939430731,0.0,0.0,0.0,True,True,True,False,0.0,1013.9456517467678,0.0,0.0,0.0,0.0,1013.9456517467678
2025-12-11T14:45:00Z,2025-12-11T15:00:00Z,2025-12-11,2025-12-11_64,0.0,0,0,99,64.34769939430731,64.34769939430731,0.0,0.0,0.0,True,True,True,False,0.0,1013.9456517467678,0.0,0.0,0.0,0.0,1013.9456517467678
2025-12-11T15:00:00Z,2025-12-11T15:15:00Z,2025-12-11,2025-12-11_65,0.0,0,0,99,64.34769939430731,64.34769939430731,0.0,0.0,0.0,True,True,True,False,0.0,1013.9456517467678,0.0,0.0,0.0,0.0,1013.9456517467678
2025-12-11T15:15:00Z,2025-12-11T15:30:00Z,2025-12-11,2025-12-11_66,0.0,0,0,99,64.34769939430731,64.34769939430731,0.0,0.0,0.0,True,True,True,False,0.0,1013.9456517467678,0.0,0.0,0.0,0.0,1013.9456517467678
2025-12-11T15:30:00Z,2025-12-11T15:45:00Z,2025-12-11,2025-12-11_67,0.0,0,0,99,64.34769939430731,64.34769939430731,0.0,0.0,0.0,True,True,True,False,0.0,1013.9456517467678,0.0,0.0,0.0,0.0,1013.9456517467678
2025-12-11T15:45:00Z,2025-12-11T16:00:00Z,2025-12-11,2025-12-11_68,0.0,0,0,99,64.34769939430731,64.34769939430731,0.0,0.0,0.0,True,True,True,False,0.0,1013.9456517467678,0.0,0.0,0.0,0.0,1013.9456517467678
2025-12-11T16:00:00Z,2025-12-11T16:15:00Z,2025-12-11,2025-12-11_69,0.0,0,0,99,64.34769939430731,64.34769939430731,0.0,0.0,0.0,True,True,True,False,0.0,1013.9456517467678,0.0,0.0,0.0,0.0,1013.9456517467678
2025-12-11T16:15:00Z,2025-12-11T16:30:00Z,2025-12-11,2025-12-11_70,0.0,0,0,99,64.34769939430731,64.34769939430731,0.0,0.0,0.0,True,True,True,False,0.0,1013.9456517467678,0.0,0.0,0.0,0.0,1013.9456517467678
2025-12-11T16:30:00Z,2025-12-11T16:45:00Z,2025-12-11,2025-12-11_71,0.0,0,0,99,64.34769939430731,64.34769939430731,0.0,0.0,0.0,True,True,True,False,0.0,1013.9456517467678,0.0,0.0,0.0,0.0,1013.9456517467678
2025-12-11T16:45:00Z,2025-12-11T17:00:00Z,2025-12-11,2025-12-11_72,0.0,0,0,99,64.34769939430731,64.34769939430731,0.0,0.0,0.0,True,True,True,False,0.0,1013.9456517467678,0.0,0.0,0.0,0.0,1013.9456517467678
2025-12-11T17:00:00Z,2025-12-11T17:15:00Z,2025-12-11,2025-12-11_73,0.0,0,0,99,64.34769939430731,64.34769939430731,0.0,0.0,0.0,True,True,True,False,0.0,1013.9456517467678,0.0,0.0,0.0,0.0,1013.9456517467678
2025-12-11T17:15:00Z,2025-12-11T17:30:00Z,2025-12-11,2025-12-11_74,0.0,0,0,99,64.34769939430731,64.34769939430731,0.0,0.0,0.0,True,True,True,False,0.0,1013.9456517467678,0.0,0.0,0.0,0.0,1013.9456517467678
2025-12-11T17:30:00Z,2025-12-11T17:45:00Z,2025-12-11,2025-12-11_75,0.0,0,0,99,64.34769939430731,64.34769939430731,0.0,0.0,0.0,True,True,True,False,0.0,1013.9456517467678,0.0,0.0,0.0,0.0,1013.9456517467678
2025-12-11T17:45:00Z,2025-12-11T18:00:00Z,2025-12-11,2025-12-11_76,0.0,0,0,99,64.34769939430731,64.34769939430731,0.0,0.0,0.0,True,True,True,False,0.0,1013.9456517467678,0.0,0.0,0.0,0.0,1013.9456517467678
2025-12-11T18:00:00Z,2025-12-11T18:15:00Z,2025-12-11,2025-12-11_77,0.0,0,0,99,64.34769939430731,64.34769939430731,0.0,0.0,0.0,True,True,True,False,0.0,1013.9456517467678,0.0,0.0,0.0,0.0,1013.9456517467678
2025-12-11T18:15:00Z,2025-12-11T18:30:00Z,2025-12-11,2025-12-11_78,0.0,0,0,99,64.34769939430731,64.34769939430731,0.0,0.0,0.0,True,True,True,False,0.0,1013.9456517467678,0.0,0.0,0.0,0.0,1013.9456517467678
2025-12-11T18:30:00Z,2025-12-11T18:45:00Z,2025-12-11,2025-12-11_79,0.0,0,0,99,64.34769939430731,64.34769939430731,0.0,0.0,0.0,True,True,True,False,0.0,1013.9456517467678,0.0,0.0,0.0,0.0,1013.9456517467678
2025-12-11T18:45:00Z,2025-12-11T19:00:00Z,2025-12-11,2025-12-11_80,0.0,0,0,99,64.34769939430731,64.34769939430731,0.0,0.0,0.0,True,True,True,False,0.0,1013.9456517467678,0.0,0.0,0.0,0.0,1013.9456517467678
2025-12-11T19:00:00Z,2025-12-11T19:15:00Z,2025-12-11,2025-12-11_81,0.0,0,0,99,64.34769939430731,64.34769939430731,0.0,0.0,0.0,True,True,True,False,0.0,1013.9456517467678,0.0,0.0,0.0,0.0,1013.9456517467678
2025-12-11T19:15:00Z,2025-12-11T19:30:00Z,2025-12-11,2025-12-11_82,0.0,0,0,99,64.34769939430731,64.34769939430731,0.0,0.0,0.0,True,True,True,False,0.0,1013.9456517467678,0.0,0.0,0.0,0.0,1013.9456517467678
2025-12-11T19:30:00Z,2025-12-11T19:45:00Z,2025-12-11,2025-12-11_83,0.0,0,0,99,64.34769939430731,64.34769939430731,0.0,0.0,0.0,True,True,True,False,0.0,1013.9456517467678,0.0,0.0,0.0,0.0,1013.9456517467678
2025-12-11T19:45:00Z,2025-12-11T20:00:00Z,2025-12-11,2025-12-11_84,0.0,0,0,99,64.34769939430731,64.34769939430731,0.0,0.0,0.0,True,True,True,False,0.0,1013.9456517467678,0.0,0.0,0.0,0.0,1013.9456517467678
2025-12-11T20:00:00Z,2025-12-11T20:15:00Z,2025-12-11,2025-12-11_85,0.0,0,0,99,64.34769939430731,64.34769939430731,0.0,0.0,0.0,True,True,True,False,0.0,1013.9456517467678,0.0,0.0,0.0,0.0,1013.9456517467678
2025-12-11T20:15:00Z,2025-12-11T20:30:00Z,2025-12-11,2025-12-11_86,0.0,0,0,99,64.34769939430731,64.34769939430731,0.0,0.0,0.0,True,True,True,False,0.0,1013.9456517467678,0.0,0.0,0.0,0.0,1013.9456517467678
2025-12-11T20:30:00Z,2025-12-11T20:45:00Z,2025-12-11,2025-12-11_87,0.0,0,0,99,64.34769939430731,64.34769939430731,0.0,0.0,0.0,True,True,True,False,0.0,1013.9456517467678,0.0,0.0,0.0,0.0,1013.9456517467678
2025-12-11T20:45:00Z,2025-12-11T21:00:00Z,2025-12-11,2025-12-11_88,0.0,0,0,99,64.34769939430731,64.34769939430731,0.0,0.0,0.0,True,True,True,False,0.0,1013.9456517467678,0.0,0.0,0.0,0.0,1013.9456517467678
2025-12-11T21:00:00Z,2025-12-11T21:15:00Z,2025-12-11,2025-12-11_89,0.0,0,0,99,64.34769939430731,64.34769939430731,0.0,0.0,0.0,True,True,True,False,0.0,1013.9456517467678,0.0,0.0,0.0,0.0,1013.9456517467678
2025-12-11T21:15:00Z,2025-12-11T21:30:00Z,2025-12-11,2025-12-11_90,0.0,0,0,99,64.34769939430731,64.34769939430731,0.0,0.0,0.0,True,True,True,False,0.0,1013.9456517467678,0.0,0.0,0.0,0.0,1013.9456517467678
2025-12-11T21:30:00Z,2025-12-11T21:45:00Z,2025-12-11,2025-12-11_91,0.0,0,0,99,64.34769939430731,64.34769939430731,0.0,0.0,0.0,True,True,True,False,0.0,1013.9456517467678,0.0,0.0,0.0,0.0,1013.9456517467678
2025-12-11T21:45:00Z,2025-12-11T22:00:00Z,2025-12-11,2025-12-11_92,0.0,0,0,99,64.34769939430731,64.34769939430731,0.0,0.0,0.0,True,True,True,False,0.0,1013.9456517467678,0.0,0.0,0.0,0.0,1013.9456517467678
2025-12-11T22:00:00Z,2025-12-11T22:15:00Z,2025-12-12,2025-12-11_93,0.0,1,0,99,64.34769939430731,64.34769939430731,0.0,0.0,0.0,True,True,True,False,0.0,1013.8659672285747,0.7968878934339266,0.0,0.0,0.0,1014.6628551220086
2025-12-11T22:15:00Z,2025-12-11T22:30:00Z,2025-12-12,2025-12-11_94,0.0,1,0,99,64.34769939430731,64.34769939430731,0.0,0.0,0.0,True,True,True,False,0.0,1013.8659672285747,0.7968878934339266,0.0,0.0,0.0,1014.6628551220086
2025-12-11T22:30:00Z,2025-12-11T22:45:00Z,2025-12-12,2025-12-11_95,0.0,1,0,99,64.34769939430731,64.34769939430731,0.0,0.0,0.0,True,True,True,False,0.0,1013.8659672285747,0.7968878934339266,0.0,0.0,0.0,1014.6628551220086
2025-12-11T22:45:00Z,2025-12-11T23:00:00Z,2025-12-12,2025-12-11_96,0.0,1,0,99,64.34769939430731,64.34769939430731,0.0,0.0,0.0,True,True,True,False,0.0,1013.8659672285747,0.7968878934339266,0.0,0.0,0.0,1014.6628551220086
2025-12-11T23:00:00Z,2025-12-11T23:15:00Z,2025-12-12,2025-12-12_1,0.0,0,0,99,64.34769939430731,64.34769939430731,0.0,0.0,0.0,True,True,True,False,0.0,1013.8659672285747,0.0,0.0,0.0,0.0,1013.8659672285747
2025-12-11T23:15:00Z,2025-12-11T23:30:00Z,2025-12-12,2025-12-12_2,0.0,0,0,99,64.34769939430731,64.34769939430731,0.0,0.0,0.0,True,True,True,False,0.0,1013.8659672285747,0.0,0.0,0.0,0.0,1013.8659672285747
2025-12-11T23:30:00Z,2025-12-11T23:45:00Z,2025-12-12,2025-12-12_3,0.0,0,0,99,64.34769939430731,64.34769939430731,0.0,0.0,0.0,True,True,True,False,0.0,1013.8659672285747,0.0,0.0,0.0,0.0,1013.8659672285747
2025-12-11T23:45:00Z,2025-12-12T00:00:00Z,2025-12-12,2025-12-12_4,-6.950961545479255e-13,0,0,99,64.34769939430731,64.34769939430747,4.440892098500635e-16,0.0,0.0,True,True,True,False,-1.605672117005708e-11,1013.8659672285747,0.0,0.0,0.0,0.0,1013.8659672285587
2025-12-12T00:00:00Z,2025-12-12T00:15:00Z,2025-12-12,2025-12-12_5,0.0,0,0,99,64.34769939430747,64.34769939430747,0.0,0.0,0.0,True,True,True,False,0.0,1013.8659672285747,0.0,0.0,0.0,0.0,1013.8659672285747
2025-12-12T00:15:00Z,2025-12-12T00:30:00Z,2025-12-12,2025-12-12_6,0.0,0,0,99,64.34769939430747,64.34769939430747,0.0,0.0,0.0,True,True,True,False,0.0,1013.8659672285747,0.0,0.0,0.0,0.0,1013.8659672285747
2025-12-12T00:30:00Z,2025-12-12T00:45:00Z,2025-12-12,2025-12-12_7,0.0,0,0,99,64.34769939430747,64.34769939430747,0.0,0.0,0.0,True,True,True,False,0.0,1013.8659672285747,0.0,0.0,0.0,0.0,1013.8659672285747
2025-12-12T00:45:00Z,2025-12-12T01:00:00Z,2025-12-12,2025-12-12_8,0.0,0,0,99,64.34769939430747,64.34769939430747,0.0,0.0,0.0,True,True,True,False,0.0,1013.8659672285747,0.0,0.0,0.0,0.0,1013.8659672285747
2025-12-12T01:00:00Z,2025-12-12T01:15:00Z,2025-12-12,2025-12-12_9,0.0,0,0,99,64.34769939430747,64.34769939430747,0.0,0.0,0.0,True,True,True,False,0.0,1013.8659672285747,0.0,0.0,0.0,0.0,1013.8659672285747
2025-12-12T01:15:00Z,2025-12-12T01:30:00Z,2025-12-12,2025-12-12_10,0.0,0,0,99,64.34769939430747,64.34769939430747,0.0,0.0,0.0,True,True,True,False,0.0,1013.8659672285747,0.0,0.0,0.0,0.0,1013.8659672285747
2025-12-12T01:30:00Z,2025-12-12T01:45:00Z,2025-12-12,2025-12-12_11,0.0,0,0,99,64.34769939430747,64.34769939430747,0.0,0.0,0.0,True,True,True,False,0.0,1013.8659672285747,0.0,0.0,0.0,0.0,1013.8659672285747
2025-12-12T01:45:00Z,2025-12-12T02:00:00Z,2025-12-12,2025-12-12_12,0.0,0,0,99,64.34769939430747,64.34769939430747,0.0,0.0,0.0,True,True,True,False,0.0,1013.8659672285747,0.0,0.0,0.0,0.0,1013.8659672285747
2025-12-12T02:00:00Z,2025-12-12T02:15:00Z,2025-12-12,2025-12-12_13,0.0,0,0,99,64.34769939430747,64.34769939430747,0.0,0.0,0.0,True,True,True,False,0.0,1013.8659672285747,0.0,0.0,0.0,0.0,1013.8659672285747
2025-12-12T02:15:00Z,2025-12-12T02:30:00Z,2025-12-12,2025-12-12_14,0.0,0,0,99,64.34769939430747,64.34769939430747,0.0,0.0,0.0,True,True,True,False,0.0,1013.8659672285747,0.0,0.0,0.0,0.0,1013.8659672285747
2025-12-12T02:30:00Z,2025-12-12T02:45:00Z,2025-12-12,2025-12-12_15,0.0,0,0,99,64.34769939430747,64.34769939430747,0.0,0.0,0.0,True,True,True,False,0.0,1013.8659672285747,0.0,0.0,0.0,0.0,1013.8659672285747
2025-12-12T02:45:00Z,2025-12-12T03:00:00Z,2025-12-12,2025-12-12_16,0.0,0,0,99,64.34769939430747,64.34769939430747,0.0,0.0,0.0,True,True,True,False,0.0,1013.8659672285747,0.0,0.0,0.0,0.0,1013.8659672285747
2025-12-12T03:00:00Z,2025-12-12T03:15:00Z,2025-12-12,2025-12-12_17,0.0,0,0,99,64.34769939430747,64.34769939430747,0.0,0.0,0.0,True,True,True,False,0.0,1013.8659672285747,0.0,0.0,0.0,0.0,1013.8659672285747
2025-12-12T03:15:00Z,2025-12-12T03:30:00Z,2025-12-12,2025-12-12_18,0.0,0,0,99,64.34769939430747,64.34769939430747,0.0,0.0,0.0,True,True,True,False,0.0,1013.8659672285747,0.0,0.0,0.0,0.0,1013.8659672285747
2025-12-12T03:30:00Z,2025-12-12T03:45:00Z,2025-12-12,2025-12-12_19,0.0,0,0,99,64.34769939430747,64.34769939430747,0.0,0.0,0.0,True,True,True,False,0.0,1013.8659672285747,0.0,0.0,0.0,0.0,1013.8659672285747
2025-12-12T03:45:00Z,2025-12-12T04:00:00Z,2025-12-12,2025-12-12_20,0.0,0,0,99,64.34769939430747,64.34769939430747,0.0,0.0,0.0,True,True,True,False,0.0,1013.8659672285747,0.0,0.0,0.0,0.0,1013.8659672285747
2025-12-12T04:00:00Z,2025-12-12T04:15:00Z,2025-12-12,2025-12-12_21,0.0,0,0,99,64.34769939430747,64.34769939430747,0.0,0.0,0.0,True,True,True,False,0.0,1013.8659672285747,0.0,0.0,0.0,0.0,1013.8659672285747
2025-12-12T04:15:00Z,2025-12-12T04:30:00Z,2025-12-12,2025-12-12_22,0.0,0,0,99,64.34769939430747,64.34769939430747,0.0,0.0,0.0,True,True,True,False,0.0,1013.8659672285747,0.0,0.0,0.0,0.0,1013.8659672285747
2025-12-12T04:30:00Z,2025-12-12T04:45:00Z,2025-12-12,2025-12-12_23,0.0,0,0,99,64.34769939430747,64.34769939430747,0.0,0.0,0.0,True,True,True,False,0.0,1013.8659672285747,0.0,0.0,0.0,0.0,1013.8659672285747
2025-12-12T04:45:00Z,2025-12-12T05:00:00Z,2025-12-12,2025-12-12_24,0.0,0,0,99,64.34769939430747,64.34769939430747,0.0,0.0,0.0,True,True,True,False,0.0,1013.8659672285747,0.0,0.0,0.0,0.0,1013.8659672285747
2025-12-12T05:00:00Z,2025-12-12T05:15:00Z,2025-12-12,2025-12-12_25,0.0,0,0,99,64.34769939430747,64.34769939430747,0.0,0.0,0.0,True,True,True,False,0.0,1013.8659672285747,0.0,0.0,0.0,0.0,1013.8659672285747
2025-12-12T05:15:00Z,2025-12-12T05:30:00Z,2025-12-12,2025-12-12_26,0.0,0,0,99,64.34769939430747,64.34769939430747,0.0,0.0,0.0,True,True,True,False,0.0,1013.8659672285747,0.0,0.0,0.0,0.0,1013.8659672285747
2025-12-12T05:30:00Z,2025-12-12T05:45:00Z,2025-12-12,2025-12-12_27,0.0,0,0,99,64.34769939430747,64.34769939430747,0.0,0.0,0.0,True,True,True,False,0.0,1013.8659672285747,0.0,0.0,0.0,0.0,1013.8659672285747
2025-12-12T05:45:00Z,2025-12-12T06:00:00Z,2025-12-12,2025-12-12_28,0.0,0,0,99,64.34769939430747,64.34769939430747,0.0,0.0,0.0,True,True,True,False,0.0,1013.8659672285747,0.0,0.0,0.0,0.0,1013.8659672285747
2025-12-12T06:00:00Z,2025-12-12T06:15:00Z,2025-12-12,2025-12-12_29,0.0,0,0,99,64.34769939430747,64.34769939430747,0.0,0.0,0.0,True,True,True,False,0.0,1013.8659672285747,0.0,0.0,0.0,0.0,1013.8659672285747
2025-12-12T06:15:00Z,2025-12-12T06:30:00Z,2025-12-12,2025-12-12_30,0.0,0,0,99,64.34769939430747,64.34769939430747,0.0,0.0,0.0,True,True,True,False,0.0,1013.8659672285747,0.0,0.0,0.0,0.0,1013.8659672285747
2025-12-12T06:30:00Z,2025-12-12T06:45:00Z,2025-12-12,2025-12-12_31,0.0,0,0,99,64.34769939430747,64.34769939430747,0.0,0.0,0.0,True,True,True,False,0.0,1013.8659672285747,0.0,0.0,0.0,0.0,1013.8659672285747
2025-12-12T06:45:00Z,2025-12-12T07:00:00Z,2025-12-12,2025-12-12_32,0.0,0,0,99,64.34769939430747,64.34769939430747,0.0,0.0,0.0,True,True,True,False,0.0,1013.8659672285747,0.0,0.0,0.0,0.0,1013.8659672285747
2025-12-12T07:00:00Z,2025-12-12T07:15:00Z,2025-12-12,2025-12-12_33,0.0,0,0,99,64.34769939430747,64.34769939430747,0.0,0.0,0.0,True,True,True,False,0.0,1013.8659672285747,0.0,0.0,0.0,0.0,1013.8659672285747
2025-12-12T07:15:00Z,2025-12-12T07:30:00Z,2025-12-12,2025-12-12_34,0.0,0,0,99,64.34769939430747,64.34769939430747,0.0,0.0,0.0,True,True,True,False,0.0,1013.8659672285747,0.0,0.0,0.0,0.0,1013.8659672285747
2025-12-12T07:30:00Z,2025-12-12T07:45:00Z,2025-12-12,2025-12-12_35,0.0,0,0,99,64.34769939430747,64.34769939430747,0.0,0.0,0.0,True,True,True,False,0.0,1013.8659672285747,0.0,0.0,0.0,0.0,1013.8659672285747
2025-12-12T07:45:00Z,2025-12-12T08:00:00Z,2025-12-12,2025-12-12_36,0.0,0,0,99,64.34769939430747,64.34769939430747,0.0,0.0,0.0,True,True,True,False,0.0,1013.8659672285747,0.0,0.0,0.0,0.0,1013.8659672285747
2025-12-12T08:00:00Z,2025-12-12T08:15:00Z,2025-12-12,2025-12-12_37,0.0,0,0,99,64.34769939430747,64.34769939430747,0.0,0.0,0.0,True,True,True,False,0.0,1013.8659672285747,0.0,0.0,0.0,0.0,1013.8659672285747
2025-12-12T08:15:00Z,2025-12-12T08:30:00Z,2025-12-12,2025-12-12_38,0.0,0,0,99,64.34769939430747,64.34769939430747,0.0,0.0,0.0,True,True,True,False,0.0,1013.8659672285747,0.0,0.0,0.0,0.0,1013.8659672285747
2025-12-12T08:30:00Z,2025-12-12T08:45:00Z,2025-12-12,2025-12-12_39,0.0,0,0,99,64.34769939430747,64.34769939430747,0.0,0.0,0.0,True,True,True,False,0.0,1013.8659672285747,0.0,0.0,0.0,0.0,1013.8659672285747
2025-12-12T08:45:00Z,2025-12-12T09:00:00Z,2025-12-12,2025-12-12_40,0.0,0,0,99,64.34769939430747,64.34769939430747,0.0,0.0,0.0,True,True,True,False,0.0,1013.8659672285747,0.0,0.0,0.0,0.0,1013.8659672285747
2025-12-12T09:00:00Z,2025-12-12T09:15:00Z,2025-12-12,2025-12-12_41,0.0,0,0,99,64.34769939430747,64.34769939430747,0.0,0.0,0.0,True,True,True,False,0.0,1013.8659672285747,0.0,0.0,0.0,0.0,1013.8659672285747
2025-12-12T09:15:00Z,2025-12-12T09:30:00Z,2025-12-12,2025-12-12_42,0.0,0,0,99,64.34769939430747,64.34769939430747,0.0,0.0,0.0,True,True,True,False,0.0,1013.8659672285747,0.0,0.0,0.0,0.0,1013.8659672285747
2025-12-12T09:30:00Z,2025-12-12T09:45:00Z,2025-12-12,2025-12-12_43,0.0,0,0,99,64.34769939430747,64.34769939430747,0.0,0.0,0.0,True,True,True,False,0.0,1013.8659672285747,0.0,0.0,0.0,0.0,1013.8659672285747
2025-12-12T09:45:00Z,2025-12-12T10:00:00Z,2025-12-12,2025-12-12_44,0.0,0,0,99,64.34769939430747,64.34769939430747,0.0,0.0,0.0,True,True,True,False,0.0,1013.8659672285747,0.0,0.0,0.0,0.0,1013.8659672285747
2025-12-12T10:00:00Z,2025-12-12T10:15:00Z,2025-12-12,2025-12-12_45,0.0,0,1,99,64.34769939430747,64.34769939430747,0.0,0.0,0.0,True,True,True,False,0.0,1013.8659672285747,0.0,0.4809619238476953,0.0,0.0,1014.3469291524224
2025-12-12T10:15:00Z,2025-12-12T10:30:00Z,2025-12-12,2025-12-12_46,0.0,0,1,99,64.34769939430747,64.34769939430747,0.0,0.0,0.0,True,True,True,False,0.0,1013.8659672285747,0.0,0.4809619238476953,0.0,0.0,1014.3469291524224
2025-12-12T10:30:00Z,2025-12-12T10:45:00Z,2025-12-12,2025-12-12_47,0.0,0,1,99,64.34769939430747,64.34769939430747,0.0,0.0,0.0,True,True,True,False,0.0,1013.8659672285747,0.0,0.4809619238476953,0.0,0.0,1014.3469291524224
2025-12-12T10:45:00Z,2025-12-12T11:00:00Z,2025-12-12,2025-12-12_48,0.0,0,1,99,64.34769939430747,64.34769939430747,0.0,0.0,0.0,True,True,True,False,0.0,1013.8659672285747,0.0,0.4809619238476953,0.0,0.0,1014.3469291524224
2025-12-12T11:00:00Z,2025-12-12T11:15:00Z,2025-12-12,2025-12-12_49,0.0,0,1,99,64.34769939430747,64.34769939430747,0.0,0.0,0.0,True,True,True,False,0.0,1013.8659672285747,0.0,0.4809619238476953,0.0,0.0,1014.3469291524224
2025-12-12T11:15:00Z,2025-12-12T11:30:00Z,2025-12-12,2025-12-12_50,0.0,0,1,99,64.34769939430747,64.34769939430747,0.0,0.0,0.0,True,True,True,False,0.0,1013.8659672285747,0.0,0.4809619238476953,0.0,0.0,1014.3469291524224
2025-12-12T11:30:00Z,2025-12-12T11:45:00Z,2025-12-12,2025-12-12_51,0.0,0,1,99,64.34769939430747,64.34769939430747,0.0,0.0,0.0,True,True,True,False,0.0,1013.8659672285747,0.0,0.4809619238476953,0.0,0.0,1014.3469291524224
2025-12-12T11:45:00Z,2025-12-12T12:00:00Z,2025-12-12,2025-12-12_52,0.0,0,1,99,64.34769939430747,64.34769939430747,0.0,0.0,0.0,True,True,True,False,0.0,1013.8659672285747,0.0,0.4809619238476953,0.0,0.0,1014.3469291524224
2025-12-12T12:00:00Z,2025-12-12T12:15:00Z,2025-12-12,2025-12-12_53,0.0,0,0,99,64.34769939430747,64.34769939430747,0.0,0.0,0.0,True,True,True,False,0.0,1013.8659672285747,0.0,0.0,0.0,0.0,1013.8659672285747
2025-12-12T12:15:00Z,2025-12-12T12:30:00Z,2025-12-12,2025-12-12_54,0.0,0,0,99,64.34769939430747,64.34769939430747,0.0,0.0,0.0,True,True,True,False,0.0,1013.8659672285747,0.0,0.0,0.0,0.0,1013.8659672285747
2025-12-12T12:30:00Z,2025-12-12T12:45:00Z,2025-12-12,2025-12-12_55,0.0,0,0,99,64.34769939430747,64.34769939430747,0.0,0.0,0.0,True,True,True,False,0.0,1013.8659672285747,0.0,0.0,0.0,0.0,1013.8659672285747
2025-12-12T12:45:00Z,2025-12-12T13:00:00Z,2025-12-12,2025-12-12_56,0.0,0,0,99,64.34769939430747,64.34769939430747,0.0,0.0,0.0,True,True,True,False,0.0,1013.8659672285747,0.0,0.0,0.0,0.0,1013.8659672285747
2025-12-12T13:00:00Z,2025-12-12T13:15:00Z,2025-12-12,2025-12-12_57,0.0,0,0,99,64.34769939430747,64.34769939430747,0.0,0.0,0.0,True,True,True,False,0.0,1013.8659672285747,0.0,0.0,0.0,0.0,1013.8659672285747
2025-12-12T13:15:00Z,2025-12-12T13:30:00Z,2025-12-12,2025-12-12_58,0.0,0,0,99,64.34769939430747,64.34769939430747,0.0,0.0,0.0,True,True,True,False,0.0,1013.8659672285747,0.0,0.0,0.0,0.0,1013.8659672285747
2025-12-12T13:30:00Z,2025-12-12T13:45:00Z,2025-12-12,2025-12-12_59,0.0,0,0,99,64.34769939430747,64.34769939430747,0.0,0.0,0.0,True,True,True,False,0.0,1013.8659672285747,0.0,0.0,0.0,0.0,1013.8659672285747
2025-12-12T13:45:00Z,2025-12-12T14:00:00Z,2025-12-12,2025-12-12_60,0.0,0,0,99,64.34769939430747,64.34769939430747,0.0,0.0,0.0,True,True,True,False,0.0,1013.8659672285747,0.0,0.0,0.0,0.0,1013.8659672285747
2025-12-12T14:00:00Z,2025-12-12T14:15:00Z,2025-12-12,2025-12-12_61,0.0,0,0,99,64.34769939430747,64.34769939430747,0.0,0.0,0.0,True,True,True,False,0.0,1013.8659672285747,0.0,0.0,0.0,0.0,1013.8659672285747
2025-12-12T14:15:00Z,2025-12-12T14:30:00Z,2025-12-12,2025-12-12_62,0.0,0,0,99,64.34769939430747,64.34769939430747,0.0,0.0,0.0,True,True,True,False,0.0,1013.8659672285747,0.0,0.0,0.0,0.0,1013.8659672285747
2025-12-12T14:30:00Z,2025-12-12T14:45:00Z,2025-12-12,2025-12-12_63,0.0,0,0,99,64.34769939430747,64.34769939430747,0.0,0.0,0.0,True,True,True,False,0.0,1013.8659672285747,0.0,0.0,0.0,0.0,1013.8659672285747
2025-12-12T14:45:00Z,2025-12-12T15:00:00Z,2025-12-12,2025-12-12_64,0.0,0,0,99,64.34769939430747,64.34769939430747,0.0,0.0,0.0,True,True,True,False,0.0,1013.8659672285747,0.0,0.0,0.0,0.0,1013.8659672285747
2025-12-12T15:00:00Z,2025-12-12T15:15:00Z,2025-12-12,2025-12-12_65,0.0,0,1,99,64.34769939430747,64.34769939430747,0.0,0.0,0.0,True,True,True,False,0.0,1013.8659672285747,0.0,0.39755982553341973,0.0,0.0,1014.2635270541082
2025-12-12T15:15:00Z,2025-12-12T15:30:00Z,2025-12-12,2025-12-12_66,0.0,0,1,99,64.34769939430747,64.34769939430747,0.0,0.0,0.0,True,True,True,False,0.0,1013.8659672285747,0.0,0.39755982553341973,0.0,0.0,1014.2635270541082
2025-12-12T15:30:00Z,2025-12-12T15:45:00Z,2025-12-12,2025-12-12_67,0.0,0,1,99,64.34769939430747,64.34769939430747,0.0,0.0,0.0,True,True,True,False,0.0,1013.8659672285747,0.0,0.39755982553341973,0.0,0.0,1014.2635270541082
2025-12-12T15:45:00Z,2025-12-12T16:00:00Z,2025-12-12,2025-12-12_68,0.0,0,1,99,64.34769939430747,64.34769939430747,0.0,0.0,0.0,True,True,True,False,0.0,1013.8659672285747,0.0,0.39755982553341973,0.0,0.0,1014.2635270541082
2025-12-12T16:00:00Z,2025-12-12T16:15:00Z,2025-12-12,2025-12-12_69,0.0,0,0,99,64.34769939430747,64.34769939430747,0.0,0.0,0.0,True,True,True,False,0.0,1013.8659672285747,0.0,0.0,0.0,0.0,1013.8659672285747
2025-12-12T16:15:00Z,2025-12-12T16:30:00Z,2025-12-12,2025-12-12_70,0.0,0,0,99,64.34769939430747,64.34769939430747,0.0,0.0,0.0,True,True,True,False,0.0,1013.8659672285747,0.0,0.0,0.0,0.0,1013.8659672285747
2025-12-12T16:30:00Z,2025-12-12T16:45:00Z,2025-12-12,2025-12-12_71,0.0,0,0,99,64.34769939430747,64.34769939430747,0.0,0.0,0.0,True,True,True,False,0.0,1013.8659672285747,0.0,0.0,0.0,0.0,1013.8659672285747
2025-12-12T16:45:00Z,2025-12-12T17:00:00Z,2025-12-12,2025-12-12_72,0.0,0,0,99,64.34769939430747,64.34769939430747,0.0,0.0,0.0,True,True,True,False,0.0,1013.8659672285747,0.0,0.0,0.0,0.0,1013.8659672285747
2025-12-12T17:00:00Z,2025-12-12T17:15:00Z,2025-12-12,2025-12-12_73,0.0,0,0,99,64.34769939430747,64.34769939430747,0.0,0.0,0.0,True,True,True,False,0.0,1013.8659672285747,0.0,0.0,0.0,0.0,1013.8659672285747
2025-12-12T17:15:00Z,2025-12-12T17:30:00Z,2025-12-12,2025-12-12_74,0.0,0,0,99,64.34769939430747,64.34769939430747,0.0,0.0,0.0,True,True,True,False,0.0,1013.8659672285747,0.0,0.0,0.0,0.0,1013.8659672285747
2025-12-12T17:30:00Z,2025-12-12T17:45:00Z,2025-12-12,2025-12-12_75,0.0,0,0,99,64.34769939430747,64.34769939430747,0.0,0.0,0.0,True,True,True,False,0.0,1013.8659672285747,0.0,0.0,0.0,0.0,1013.8659672285747
2025-12-12T17:45:00Z,2025-12-12T18:00:00Z,2025-12-12,2025-12-12_76,0.0,0,0,99,64.34769939430747,64.34769939430747,0.0,0.0,0.0,True,True,True,False,0.0,1013.8659672285747,0.0,0.0,0.0,0.0,1013.8659672285747
2025-12-12T18:00:00Z,2025-12-12T18:15:00Z,2025-12-12,2025-12-12_77,0.0,0,0,99,64.34769939430747,64.34769939430747,0.0,0.0,0.0,True,True,True,False,0.0,1013.8659672285747,0.0,0.0,0.0,0.0,1013.8659672285747
2025-12-12T18:15:00Z,2025-12-12T18:30:00Z,2025-12-12,2025-12-12_78,0.0,0,0,99,64.34769939430747,64.34769939430747,0.0,0.0,0.0,True,True,True,False,0.0,1013.8659672285747,0.0,0.0,0.0,0.0,1013.8659672285747
2025-12-12T18:30:00Z,2025-12-12T18:45:00Z,2025-12-12,2025-12-12_79,0.0,0,0,99,64.34769939430747,64.34769939430747,0.0,0.0,0.0,True,True,True,False,0.0,1013.8659672285747,0.0,0.0,0.0,0.0,1013.8659672285747
2025-12-12T18:45:00Z,2025-12-12T19:00:00Z,2025-12-12,2025-12-12_80,0.0,0,0,99,64.34769939430747,64.34769939430747,0.0,0.0,0.0,True,True,True,False,0.0,1013.8659672285747,0.0,0.0,0.0,0.0,1013.8659672285747
2025-12-12T19:00:00Z,2025-12-12T19:15:00Z,2025-12-12,2025-12-12_81,0.0,0,0,99,64.34769939430747,64.34769939430747,0.0,0.0,0.0,True,True,True,False,0.0,1013.8659672285747,0.0,0.0,0.0,0.0,1013.8659672285747
2025-12-12T19:15:00Z,2025-12-12T19:30:00Z,2025-12-12,2025-12-12_82,0.0,0,0,99,64.34769939430747,64.34769939430747,0.0,0.0,0.0,True,True,True,False,0.0,1013.8659672285747,0.0,0.0,0.0,0.0,1013.8659672285747
2025-12-12T19:30:00Z,2025-12-12T19:45:00Z,2025-12-12,2025-12-12_83,0.0,0,0,99,64.34769939430747,64.34769939430747,0.0,0.0,0.0,True,True,True,False,0.0,1013.8659672285747,0.0,0.0,0.0,0.0,1013.8659672285747
2025-12-12T19:45:00Z,2025-12-12T20:00:00Z,2025-12-12,2025-12-12_84,0.0,0,0,99,64.34769939430747,64.34769939430747,0.0,0.0,0.0,True,True,True,False,0.0,1013.8659672285747,0.0,0.0,0.0,0.0,1013.8659672285747
2025-12-12T20:00:00Z,2025-12-12T20:15:00Z,2025-12-12,2025-12-12_85,0.0,0,0,99,64.34769939430747,64.34769939430747,0.0,0.0,0.0,True,True,True,False,0.0,1013.8659672285747,0.0,0.0,0.0,0.0,1013.8659672285747
2025-12-12T20:15:00Z,2025-12-12T20:30:00Z,2025-12-12,2025-12-12_86,0.0,0,0,99,64.34769939430747,64.34769939430747,0.0,0.0,0.0,True,True,True,False,0.0,1013.8659672285747,0.0,0.0,0.0,0.0,1013.8659672285747
2025-12-12T20:30:00Z,2025-12-12T20:45:00Z,2025-12-12,2025-12-12_87,0.0,0,0,99,64.34769939430747,64.34769939430747,0.0,0.0,0.0,True,True,True,False,0.0,1013.8659672285747,0.0,0.0,0.0,0.0,1013.8659672285747
2025-12-12T20:45:00Z,2025-12-12T21:00:00Z,2025-12-12,2025-12-12_88,0.0,0,0,99,64.34769939430747,64.34769939430747,0.0,0.0,0.0,True,True,True,False,0.0,1013.8659672285747,0.0,0.0,0.0,0.0,1013.8659672285747
2025-12-12T21:00:00Z,2025-12-12T21:15:00Z,2025-12-12,2025-12-12_89,0.0,0,0,99,64.34769939430747,64.34769939430747,0.0,0.0,0.0,True,True,True,False,0.0,1013.8659672285747,0.0,0.0,0.0,0.0,1013.8659672285747
2025-12-12T21:15:00Z,2025-12-12T21:30:00Z,2025-12-12,2025-12-12_90,0.0,0,0,99,64.34769939430747,64.34769939430747,0.0,0.0,0.0,True,True,True,False,0.0,1013.8659672285747,0.0,0.0,0.0,0.0,1013.8659672285747
2025-12-12T21:30:00Z,2025-12-12T21:45:00Z,2025-12-12,2025-12-12_91,0.0,0,0,99,64.34769939430747,64.34769939430747,0.0,0.0,0.0,True,True,True,False,0.0,1013.8659672285747,0.0,0.0,0.0,0.0,1013.8659672285747
2025-12-12T21:45:00Z,2025-12-12T22:00:00Z,2025-12-12,2025-12-12_92,0.0,0,0,99,64.34769939430747,64.34769939430747,0.0,0.0,0.0,True,True,True,False,0.0,1013.8659672285747,0.0,0.0,0.0,0.0,1013.8659672285747
2025-12-12T22:00:00Z,2025-12-12T22:15:00Z,2025-12-13,2025-12-12_93,0.0,0,0,99,64.34769939430747,64.34769939430747,0.0,0.0,0.0,True,True,True,False,0.0,1013.7464639321074,0.0,0.0,0.0,0.0,1013.7464639321074
2025-12-12T22:15:00Z,2025-12-12T22:30:00Z,2025-12-13,2025-12-12_94,0.0,0,0,99,64.34769939430747,64.34769939430747,0.0,0.0,0.0,True,True,True,False,0.0,1013.7464639321074,0.0,0.0,0.0,0.0,1013.7464639321074
2025-12-12T22:30:00Z,2025-12-12T22:45:00Z,2025-12-13,2025-12-12_95,0.0,0,0,99,64.34769939430747,64.34769939430747,0.0,0.0,0.0,True,True,True,False,0.0,1013.7464639321074,0.0,0.0,0.0,0.0,1013.7464639321074
2025-12-12T22:45:00Z,2025-12-12T23:00:00Z,2025-12-13,2025-12-12_96,0.0,0,0,99,64.34769939430747,64.34769939430747,0.0,0.0,0.0,True,True,True,False,0.0,1013.7464639321074,0.0,0.0,0.0,0.0,1013.7464639321074
2025-12-12T23:00:00Z,2025-12-12T23:15:00Z,2025-12-13,2025-12-13_1,0.0,0,0,99,64.34769939430747,64.34769939430747,0.0,0.0,0.0,True,True,True,False,0.0,1013.7464639321074,0.0,0.0,0.0,0.0,1013.7464639321074
2025-12-12T23:15:00Z,2025-12-12T23:30:00Z,2025-12-13,2025-12-13_2,0.0,0,0,99,64.34769939430747,64.34769939430747,0.0,0.0,0.0,True,True,True,False,0.0,1013.7464639321074,0.0,0.0,0.0,0.0,1013.7464639321074
2025-12-12T23:30:00Z,2025-12-12T23:45:00Z,2025-12-13,2025-12-13_3,0.0,0,0,99,64.34769939430747,64.34769939430747,0.0,0.0,0.0,True,True,True,False,0.0,1013.7464639321074,0.0,0.0,0.0,0.0,1013.7464639321074
2025-12-12T23:45:00Z,2025-12-13T00:00:00Z,2025-12-13,2025-12-13_4,0.0,0,0,99,64.34769939430747,64.34769939430747,0.0,0.0,0.0,True,True,True,False,0.0,1013.7464639321074,0.0,0.0,0.0,0.0,1013.7464639321074
2025-12-13T00:00:00Z,2025-12-13T00:15:00Z,2025-12-13,2025-12-13_5,0.0,0,0,99,64.34769939430747,64.34769939430747,0.0,0.0,0.0,True,True,True,False,0.0,1013.7464639321074,0.0,0.0,0.0,0.0,1013.7464639321074
2025-12-13T00:15:00Z,2025-12-13T00:30:00Z,2025-12-13,2025-12-13_6,0.0,0,0,99,64.34769939430747,64.34769939430747,0.0,0.0,0.0,True,True,True,False,0.0,1013.7464639321074,0.0,0.0,0.0,0.0,1013.7464639321074
2025-12-13T00:30:00Z,2025-12-13T00:45:00Z,2025-12-13,2025-12-13_7,0.0,0,0,99,64.34769939430747,64.34769939430747,0.0,0.0,0.0,True,True,True,False,0.0,1013.7464639321074,0.0,0.0,0.0,0.0,1013.7464639321074
2025-12-13T00:45:00Z,2025-12-13T01:00:00Z,2025-12-13,2025-12-13_8,0.0,0,0,99,64.34769939430747,64.34769939430747,0.0,0.0,0.0,True,True,True,False,0.0,1013.7464639321074,0.0,0.0,0.0,0.0,1013.7464639321074
2025-12-13T01:00:00Z,2025-12-13T01:15:00Z,2025-12-13,2025-12-13_9,0.0,0,0,99,64.34769939430747,64.34769939430747,0.0,0.0,0.0,True,True,True,False,0.0,1013.7464639321074,0.0,0.0,0.0,0.0,1013.7464639321074
2025-12-13T01:15:00Z,2025-12-13T01:30:00Z,2025-12-13,2025-12-13_10,0.0,0,0,99,64.34769939430747,64.34769939430747,0.0,0.0,0.0,True,True,True,False,0.0,1013.7464639321074,0.0,0.0,0.0,0.0,1013.7464639321074
2025-12-13T01:30:00Z,2025-12-13T01:45:00Z,2025-12-13,2025-12-13_11,0.0,0,0,99,64.34769939430747,64.34769939430747,0.0,0.0,0.0,True,True,True,False,0.0,1013.7464639321074,0.0,0.0,0.0,0.0,1013.7464639321074
2025-12-13T01:45:00Z,2025-12-13T02:00:00Z,2025-12-13,2025-12-13_12,0.0,0,0,99,64.34769939430747,64.34769939430747,0.0,0.0,0.0,True,True,True,False,0.0,1013.7464639321074,0.0,0.0,0.0,0.0,1013.7464639321074
2025-12-13T02:00:00Z,2025-12-13T02:15:00Z,2025-12-13,2025-12-13_13,0.0,0,0,99,64.34769939430747,64.34769939430747,0.0,0.0,0.0,True,True,True,False,0.0,1013.7464639321074,0.0,0.0,0.0,0.0,1013.7464639321074
2025-12-13T02:15:00Z,2025-12-13T02:30:00Z,2025-12-13,2025-12-13_14,0.0,0,0,99,64.34769939430747,64.34769939430747,0.0,0.0,0.0,True,True,True,False,0.0,1013.7464639321074,0.0,0.0,0.0,0.0,1013.7464639321074
2025-12-13T02:30:00Z,2025-12-13T02:45:00Z,2025-12-13,2025-12-13_15,0.0,0,0,99,64.34769939430747,64.34769939430747,0.0,0.0,0.0,True,True,True,False,0.0,1013.7464639321074,0.0,0.0,0.0,0.0,1013.7464639321074
2025-12-13T02:45:00Z,2025-12-13T03:00:00Z,2025-12-13,2025-12-13_16,0.0,0,0,99,64.34769939430747,64.34769939430747,0.0,0.0,0.0,True,True,True,False,0.0,1013.7464639321074,0.0,0.0,0.0,0.0,1013.7464639321074
2025-12-13T03:00:00Z,2025-12-13T03:15:00Z,2025-12-13,2025-12-13_17,0.0,0,0,99,64.34769939430747,64.34769939430747,0.0,0.0,0.0,True,True,True,False,0.0,1013.7464639321074,0.0,0.0,0.0,0.0,1013.7464639321074
2025-12-13T03:15:00Z,2025-12-13T03:30:00Z,2025-12-13,2025-12-13_18,0.0,0,0,99,64.34769939430747,64.34769939430747,0.0,0.0,0.0,True,True,True,False,0.0,1013.7464639321074,0.0,0.0,0.0,0.0,1013.7464639321074
2025-12-13T03:30:00Z,2025-12-13T03:45:00Z,2025-12-13,2025-12-13_19,0.0,0,0,99,64.34769939430747,64.34769939430747,0.0,0.0,0.0,True,True,True,False,0.0,1013.7464639321074,0.0,0.0,0.0,0.0,1013.7464639321074
2025-12-13T03:45:00Z,2025-12-13T04:00:00Z,2025-12-13,2025-12-13_20,0.0,0,0,99,64.34769939430747,64.34769939430747,0.0,0.0,0.0,True,True,True,False,0.0,1013.7464639321074,0.0,0.0,0.0,0.0,1013.7464639321074
2025-12-13T04:00:00Z,2025-12-13T04:15:00Z,2025-12-13,2025-12-13_21,0.0,0,0,99,64.34769939430747,64.34769939430747,0.0,0.0,0.0,True,True,True,False,0.0,1013.7464639321074,0.0,0.0,0.0,0.0,1013.7464639321074
2025-12-13T04:15:00Z,2025-12-13T04:30:00Z,2025-12-13,2025-12-13_22,0.0,0,0,99,64.34769939430747,64.34769939430747,0.0,0.0,0.0,True,True,True,False,0.0,1013.7464639321074,0.0,0.0,0.0,0.0,1013.7464639321074
2025-12-13T04:30:00Z,2025-12-13T04:45:00Z,2025-12-13,2025-12-13_23,0.0,0,0,99,64.34769939430747,64.34769939430747,0.0,0.0,0.0,True,True,True,False,0.0,1013.7464639321074,0.0,0.0,0.0,0.0,1013.7464639321074
2025-12-13T04:45:00Z,2025-12-13T05:00:00Z,2025-12-13,2025-12-13_24,0.0,0,0,99,64.34769939430747,64.34769939430747,0.0,0.0,0.0,True,True,True,False,0.0,1013.7464639321074,0.0,0.0,0.0,0.0,1013.7464639321074
2025-12-13T05:00:00Z,2025-12-13T05:15:00Z,2025-12-13,2025-12-13_25,0.0,0,0,99,64.34769939430747,64.34769939430747,0.0,0.0,0.0,True,True,True,False,0.0,1013.7464639321074,0.0,0.0,0.0,0.0,1013.7464639321074
2025-12-13T05:15:00Z,2025-12-13T05:30:00Z,2025-12-13,2025-12-13_26,0.0,0,0,99,64.34769939430747,64.34769939430747,0.0,0.0,0.0,True,True,True,False,0.0,1013.7464639321074,0.0,0.0,0.0,0.0,1013.7464639321074
2025-12-13T05:30:00Z,2025-12-13T05:45:00Z,2025-12-13,2025-12-13_27,0.0,0,0,99,64.34769939430747,64.34769939430747,0.0,0.0,0.0,True,True,True,False,0.0,1013.7464639321074,0.0,0.0,0.0,0.0,1013.7464639321074
2025-12-13T05:45:00Z,2025-12-13T06:00:00Z,2025-12-13,2025-12-13_28,0.0,0,0,99,64.34769939430747,64.34769939430747,0.0,0.0,0.0,True,True,True,False,0.0,1013.7464639321074,0.0,0.0,0.0,0.0,1013.7464639321074
2025-12-13T06:00:00Z,2025-12-13T06:15:00Z,2025-12-13,2025-12-13_29,0.0,0,0,99,64.34769939430747,64.34769939430747,0.0,0.0,0.0,True,True,True,False,0.0,1013.7464639321074,0.0,0.0,0.0,0.0,1013.7464639321074
2025-12-13T06:15:00Z,2025-12-13T06:30:00Z,2025-12-13,2025-12-13_30,0.0,0,0,99,64.34769939430747,64.34769939430747,0.0,0.0,0.0,True,True,True,False,0.0,1013.7464639321074,0.0,0.0,0.0,0.0,1013.7464639321074
2025-12-13T06:30:00Z,2025-12-13T06:45:00Z,2025-12-13,2025-12-13_31,0.0,0,0,99,64.34769939430747,64.34769939430747,0.0,0.0,0.0,True,True,True,False,0.0,1013.7464639321074,0.0,0.0,0.0,0.0,1013.7464639321074
2025-12-13T06:45:00Z,2025-12-13T07:00:00Z,2025-12-13,2025-12-13_32,0.0,0,0,99,64.34769939430747,64.34769939430747,0.0,0.0,0.0,True,True,True,False,0.0,1013.7464639321074,0.0,0.0,0.0,0.0,1013.7464639321074
2025-12-13T07:00:00Z,2025-12-13T07:15:00Z,2025-12-13,2025-12-13_33,0.0,0,0,99,64.34769939430747,64.34769939430747,0.0,0.0,0.0,True,True,True,False,0.0,1013.7464639321074,0.0,0.0,0.0,0.0,1013.7464639321074
2025-12-13T07:15:00Z,2025-12-13T07:30:00Z,2025-12-13,2025-12-13_34,0.0,0,0,99,64.34769939430747,64.34769939430747,0.0,0.0,0.0,True,True,True,False,0.0,1013.7464639321074,0.0,0.0,0.0,0.0,1013.7464639321074
2025-12-13T07:30:00Z,2025-12-13T07:45:00Z,2025-12-13,2025-12-13_35,0.0,0,0,99,64.34769939430747,64.34769939430747,0.0,0.0,0.0,True,True,True,False,0.0,1013.7464639321074,0.0,0.0,0.0,0.0,1013.7464639321074
2025-12-13T07:45:00Z,2025-12-13T08:00:00Z,2025-12-13,2025-12-13_36,0.0,0,0,99,64.34769939430747,64.34769939430747,0.0,0.0,0.0,True,True,True,False,0.0,1013.7464639321074,0.0,0.0,0.0,0.0,1013.7464639321074
2025-12-13T08:00:00Z,2025-12-13T08:15:00Z,2025-12-13,2025-12-13_37,0.0,0,0,99,64.34769939430747,64.34769939430747,0.0,0.0,0.0,True,True,True,False,0.0,1013.7464639321074,0.0,0.0,0.0,0.0,1013.7464639321074
2025-12-13T08:15:00Z,2025-12-13T08:30:00Z,2025-12-13,2025-12-13_38,0.0,0,0,99,64.34769939430747,64.34769939430747,0.0,0.0,0.0,True,True,True,False,0.0,1013.7464639321074,0.0,0.0,0.0,0.0,1013.7464639321074
2025-12-13T08:30:00Z,2025-12-13T08:45:00Z,2025-12-13,2025-12-13_39,0.0,0,0,99,64.34769939430747,64.34769939430747,0.0,0.0,0.0,True,True,True,False,0.0,1013.7464639321074,0.0,0.0,0.0,0.0,1013.7464639321074
2025-12-13T08:45:00Z,2025-12-13T09:00:00Z,2025-12-13,2025-12-13_40,0.0,0,0,99,64.34769939430747,64.34769939430747,0.0,0.0,0.0,True,True,True,False,0.0,1013.7464639321074,0.0,0.0,0.0,0.0,1013.7464639321074
2025-12-13T09:00:00Z,2025-12-13T09:15:00Z,2025-12-13,2025-12-13_41,0.0,0,0,99,64.34769939430747,64.34769939430747,0.0,0.0,0.0,True,True,True,False,0.0,1013.7464639321074,0.0,0.0,0.0,0.0,1013.7464639321074
2025-12-13T09:15:00Z,2025-12-13T09:30:00Z,2025-12-13,2025-12-13_42,0.0,0,0,99,64.34769939430747,64.34769939430747,0.0,0.0,0.0,True,True,True,False,0.0,1013.7464639321074,0.0,0.0,0.0,0.0,1013.7464639321074
2025-12-13T09:30:00Z,2025-12-13T09:45:00Z,2025-12-13,2025-12-13_43,0.0,0,0,99,64.34769939430747,64.34769939430747,0.0,0.0,0.0,True,True,True,False,0.0,1013.7464639321074,0.0,0.0,0.0,0.0,1013.7464639321074
2025-12-13T09:45:00Z,2025-12-13T10:00:00Z,2025-12-13,2025-12-13_44,0.0,0,0,99,64.34769939430747,64.34769939430747,0.0,0.0,0.0,True,True,True,False,0.0,1013.7464639321074,0.0,0.0,0.0,0.0,1013.7464639321074
2025-12-13T10:00:00Z,2025-12-13T10:15:00Z,2025-12-13,2025-12-13_45,0.0,0,0,99,64.34769939430747,64.34769939430747,0.0,0.0,0.0,True,True,True,False,0.0,1013.7464639321074,0.0,0.0,0.0,0.0,1013.7464639321074
2025-12-13T10:15:00Z,2025-12-13T10:30:00Z,2025-12-13,2025-12-13_46,0.0,0,0,99,64.34769939430747,64.34769939430747,0.0,0.0,0.0,True,True,True,False,0.0,1013.7464639321074,0.0,0.0,0.0,0.0,1013.7464639321074
2025-12-13T10:30:00Z,2025-12-13T10:45:00Z,2025-12-13,2025-12-13_47,0.0,0,0,99,64.34769939430747,64.34769939430747,0.0,0.0,0.0,True,True,True,False,0.0,1013.7464639321074,0.0,0.0,0.0,0.0,1013.7464639321074
2025-12-13T10:45:00Z,2025-12-13T11:00:00Z,2025-12-13,2025-12-13_48,0.0,0,0,99,64.34769939430747,64.34769939430747,0.0,0.0,0.0,True,True,True,False,0.0,1013.7464639321074,0.0,0.0,0.0,0.0,1013.7464639321074
2025-12-13T11:00:00Z,2025-12-13T11:15:00Z,2025-12-13,2025-12-13_49,0.0,0,0,99,64.34769939430747,64.34769939430747,0.0,0.0,0.0,True,True,True,False,0.0,1013.7464639321074,0.0,0.0,0.0,0.0,1013.7464639321074
2025-12-13T11:15:00Z,2025-12-13T11:30:00Z,2025-12-13,2025-12-13_50,0.0,0,0,99,64.34769939430747,64.34769939430747,0.0,0.0,0.0,True,True,True,False,0.0,1013.7464639321074,0.0,0.0,0.0,0.0,1013.7464639321074
2025-12-13T11:30:00Z,2025-12-13T11:45:00Z,2025-12-13,2025-12-13_51,0.0,0,0,99,64.34769939430747,64.34769939430747,0.0,0.0,0.0,True,True,True,False,0.0,1013.7464639321074,0.0,0.0,0.0,0.0,1013.7464639321074
2025-12-13T11:45:00Z,2025-12-13T12:00:00Z,2025-12-13,2025-12-13_52,0.0,0,0,99,64.34769939430747,64.34769939430747,0.0,0.0,0.0,True,True,True,False,0.0,1013.7464639321074,0.0,0.0,0.0,0.0,1013.7464639321074
2025-12-13T12:00:00Z,2025-12-13T12:15:00Z,2025-12-13,2025-12-13_53,0.0,0,0,99,64.34769939430747,64.34769939430747,0.0,0.0,0.0,True,True,True,False,0.0,1013.7464639321074,0.0,0.0,0.0,0.0,1013.7464639321074
2025-12-13T12:15:00Z,2025-12-13T12:30:00Z,2025-12-13,2025-12-13_54,0.0,0,0,99,64.34769939430747,64.34769939430747,0.0,0.0,0.0,True,True,True,False,0.0,1013.7464639321074,0.0,0.0,0.0,0.0,1013.7464639321074
2025-12-13T12:30:00Z,2025-12-13T12:45:00Z,2025-12-13,2025-12-13_55,0.0,0,0,99,64.34769939430747,64.34769939430747,0.0,0.0,0.0,True,True,True,False,0.0,1013.7464639321074,0.0,0.0,0.0,0.0,1013.7464639321074
2025-12-13T12:45:00Z,2025-12-13T13:00:00Z,2025-12-13,2025-12-13_56,0.0,0,0,99,64.34769939430747,64.34769939430747,0.0,0.0,0.0,True,True,True,False,0.0,1013.7464639321074,0.0,0.0,0.0,0.0,1013.7464639321074
2025-12-13T13:00:00Z,2025-12-13T13:15:00Z,2025-12-13,2025-12-13_57,0.0,0,0,99,64.34769939430747,64.34769939430747,0.0,0.0,0.0,True,True,True,False,0.0,1013.7464639321074,0.0,0.0,0.0,0.0,1013.7464639321074
2025-12-13T13:15:00Z,2025-12-13T13:30:00Z,2025-12-13,2025-12-13_58,0.0,0,0,99,64.34769939430747,64.34769939430747,0.0,0.0,0.0,True,True,True,False,0.0,1013.7464639321074,0.0,0.0,0.0,0.0,1013.7464639321074
2025-12-13T13:30:00Z,2025-12-13T13:45:00Z,2025-12-13,2025-12-13_59,0.0,0,0,99,64.34769939430747,64.34769939430747,0.0,0.0,0.0,True,True,True,False,0.0,1013.7464639321074,0.0,0.0,0.0,0.0,1013.7464639321074
2025-12-13T13:45:00Z,2025-12-13T14:00:00Z,2025-12-13,2025-12-13_60,0.0,0,0,99,64.34769939430747,64.34769939430747,0.0,0.0,0.0,True,True,True,False,0.0,1013.7464639321074,0.0,0.0,0.0,0.0,1013.7464639321074
2025-12-13T14:00:00Z,2025-12-13T14:15:00Z,2025-12-13,2025-12-13_61,0.0,0,0,99,64.34769939430747,64.34769939430747,0.0,0.0,0.0,True,True,True,False,0.0,1013.7464639321074,0.0,0.0,0.0,0.0,1013.7464639321074
2025-12-13T14:15:00Z,2025-12-13T14:30:00Z,2025-12-13,2025-12-13_62,0.0,0,0,99,64.34769939430747,64.34769939430747,0.0,0.0,0.0,True,True,True,False,0.0,1013.7464639321074,0.0,0.0,0.0,0.0,1013.7464639321074
2025-12-13T14:30:00Z,2025-12-13T14:45:00Z,2025-12-13,2025-12-13_63,0.0,0,0,99,64.34769939430747,64.34769939430747,0.0,0.0,0.0,True,True,True,False,0.0,1013.7464639321074,0.0,0.0,0.0,0.0,1013.7464639321074
2025-12-13T14:45:00Z,2025-12-13T15:00:00Z,2025-12-13,2025-12-13_64,0.0,0,0,99,64.34769939430747,64.34769939430747,0.0,0.0,0.0,True,True,True,False,0.0,1013.7464639321074,0.0,0.0,0.0,0.0,1013.7464639321074
2025-12-13T15:00:00Z,2025-12-13T15:15:00Z,2025-12-13,2025-12-13_65,0.0,0,1,99,64.34769939430747,64.34769939430747,0.0,0.0,0.0,True,True,True,False,0.0,1013.7464639321074,0.0,0.38955681282413956,0.0,0.0,1014.1360207449316
2025-12-13T15:15:00Z,2025-12-13T15:30:00Z,2025-12-13,2025-12-13_66,0.0,0,1,99,64.34769939430747,64.34769939430747,0.0,0.0,0.0,True,True,True,False,0.0,1013.7464639321074,0.0,0.38955681282413956,0.0,0.0,1014.1360207449316
2025-12-13T15:30:00Z,2025-12-13T15:45:00Z,2025-12-13,2025-12-13_67,0.0,0,1,99,64.34769939430747,64.34769939430747,0.0,0.0,0.0,True,True,True,False,0.0,1013.7464639321074,0.0,0.38955681282413956,0.0,0.0,1014.1360207449316
2025-12-13T15:45:00Z,2025-12-13T16:00:00Z,2025-12-13,2025-12-13_68,2.0699931113199458e-05,0,1,99,64.34769939430747,64.34769376932618,1.5624948002113115e-08,0.0,0.0,True,True,True,False,0.0006554633186994608,1013.7464639321074,0.0,0.38955681282413956,0.0,0.0,1014.1366762082503
2025-12-13T16:00:00Z,2025-12-13T16:15:00Z,2025-12-13,2025-12-13_69,0.0,0,0,99,64.34769376932618,64.34769376932618,0.0,0.0,0.0,True,True,True,False,0.0,1013.7464639321074,0.0,0.0,0.0,0.0,1013.7464639321074
2025-12-13T16:15:00Z,2025-12-13T16:30:00Z,2025-12-13,2025-12-13_70,0.0,0,0,99,64.34769376932618,64.34769376932618,0.0,0.0,0.0,True,True,True,False,0.0,1013.7464639321074,0.0,0.0,0.0,0.0,1013.7464639321074
2025-12-13T16:30:00Z,2025-12-13T16:45:00Z,2025-12-13,2025-12-13_71,0.0,0,0,99,64.34769376932618,64.34769376932618,0.0,0.0,0.0,True,True,True,False,0.0,1013.7464639321074,0.0,0.0,0.0,0.0,1013.7464639321074
2025-12-13T16:45:00Z,2025-12-13T17:00:00Z,2025-12-13,2025-12-13_72,0.0,0,0,99,64.34769376932618,64.34769376932618,0.0,0.0,0.0,True,True,True,False,0.0,1013.7464639321074,0.0,0.0,0.0,0.0,1013.7464639321074
2025-12-13T17:00:00Z,2025-12-13T17:15:00Z,2025-12-13,2025-12-13_73,0.0,0,0,99,64.34769376932618,64.34769376932618,0.0,0.0,0.0,True,True,True,False,0.0,1013.7464639321074,0.0,0.0,0.0,0.0,1013.7464639321074
2025-12-13T17:15:00Z,2025-12-13T17:30:00Z,2025-12-13,2025-12-13_74,0.0,0,0,99,64.34769376932618,64.34769376932618,0.0,0.0,0.0,True,True,True,False,0.0,1013.7464639321074,0.0,0.0,0.0,0.0,1013.7464639321074
2025-12-13T17:30:00Z,2025-12-13T17:45:00Z,2025-12-13,2025-12-13_75,0.0,0,0,99,64.34769376932618,64.34769376932618,0.0,0.0,0.0,True,True,True,False,0.0,1013.7464639321074,0.0,0.0,0.0,0.0,1013.7464639321074
2025-12-13T17:45:00Z,2025-12-13T18:00:00Z,2025-12-13,2025-12-13_76,0.0,0,0,99,64.34769376932618,64.34769376932618,0.0,0.0,0.0,True,True,True,False,0.0,1013.7464639321074,0.0,0.0,0.0,0.0,1013.7464639321074
2025-12-13T18:00:00Z,2025-12-13T18:15:00Z,2025-12-13,2025-12-13_77,0.0,0,0,99,64.34769376932618,64.34769376932618,0.0,0.0,0.0,True,True,True,False,0.0,1013.7464639321074,0.0,0.0,0.0,0.0,1013.7464639321074
2025-12-13T18:15:00Z,2025-12-13T18:30:00Z,2025-12-13,2025-12-13_78,0.0,0,0,99,64.34769376932618,64.34769376932618,0.0,0.0,0.0,True,True,True,False,0.0,1013.7464639321074,0.0,0.0,0.0,0.0,1013.7464639321074
2025-12-13T18:30:00Z,2025-12-13T18:45:00Z,2025-12-13,2025-12-13_79,0.0,0,0,99,64.34769376932618,64.34769376932618,0.0,0.0,0.0,True,True,True,False,0.0,1013.7464639321074,0.0,0.0,0.0,0.0,1013.7464639321074
2025-12-13T18:45:00Z,2025-12-13T19:00:00Z,2025-12-13,2025-12-13_80,0.0,0,0,99,64.34769376932618,64.34769376932618,0.0,0.0,0.0,True,True,True,False,0.0,1013.7464639321074,0.0,0.0,0.0,0.0,1013.7464639321074
2025-12-13T19:00:00Z,2025-12-13T19:15:00Z,2025-12-13,2025-12-13_81,0.0,0,0,99,64.34769376932618,64.34769376932618,0.0,0.0,0.0,True,True,True,False,0.0,1013.7464639321074,0.0,0.0,0.0,0.0,1013.7464639321074
2025-12-13T19:15:00Z,2025-12-13T19:30:00Z,2025-12-13,2025-12-13_82,0.0,0,0,99,64.34769376932618,64.34769376932618,0.0,0.0,0.0,True,True,True,False,0.0,1013.7464639321074,0.0,0.0,0.0,0.0,1013.7464639321074
2025-12-13T19:30:00Z,2025-12-13T19:45:00Z,2025-12-13,2025-12-13_83,0.0,0,0,99,64.34769376932618,64.34769376932618,0.0,0.0,0.0,True,True,True,False,0.0,1013.7464639321074,0.0,0.0,0.0,0.0,1013.7464639321074
2025-12-13T19:45:00Z,2025-12-13T20:00:00Z,2025-12-13,2025-12-13_84,0.0,0,0,99,64.34769376932618,64.34769376932618,0.0,0.0,0.0,True,True,True,False,0.0,1013.7464639321074,0.0,0.0,0.0,0.0,1013.7464639321074
2025-12-13T20:00:00Z,2025-12-13T20:15:00Z,2025-12-13,2025-12-13_85,0.0,0,0,99,64.34769376932618,64.34769376932618,0.0,0.0,0.0,True,True,True,False,0.0,1013.7464639321074,0.0,0.0,0.0,0.0,1013.7464639321074
2025-12-13T20:15:00Z,2025-12-13T20:30:00Z,2025-12-13,2025-12-13_86,0.0,0,0,99,64.34769376932618,64.34769376932618,0.0,0.0,0.0,True,True,True,False,0.0,1013.7464639321074,0.0,0.0,0.0,0.0,1013.7464639321074
2025-12-13T20:30:00Z,2025-12-13T20:45:00Z,2025-12-13,2025-12-13_87,0.0,0,0,99,64.34769376932618,64.34769376932618,0.0,0.0,0.0,True,True,True,False,0.0,1013.7464639321074,0.0,0.0,0.0,0.0,1013.7464639321074
2025-12-13T20:45:00Z,2025-12-13T21:00:00Z,2025-12-13,2025-12-13_88,0.0,0,0,99,64.34769376932618,64.34769376932618,0.0,0.0,0.0,True,True,True,False,0.0,1013.7464639321074,0.0,0.0,0.0,0.0,1013.7464639321074
2025-12-13T21:00:00Z,2025-12-13T21:15:00Z,2025-12-13,2025-12-13_89,0.0,0,0,99,64.34769376932618,64.34769376932618,0.0,0.0,0.0,True,True,True,False,0.0,1013.7464639321074,0.0,0.0,0.0,0.0,1013.7464639321074
2025-12-13T21:15:00Z,2025-12-13T21:30:00Z,2025-12-13,2025-12-13_90,0.0,0,0,99,64.34769376932618,64.34769376932618,0.0,0.0,0.0,True,True,True,False,0.0,1013.7464639321074,0.0,0.0,0.0,0.0,1013.7464639321074
2025-12-13T21:30:00Z,2025-12-13T21:45:00Z,2025-12-13,2025-12-13_91,0.0,0,0,99,64.34769376932618,64.34769376932618,0.0,0.0,0.0,True,True,True,False,0.0,1013.7464639321074,0.0,0.0,0.0,0.0,1013.7464639321074
2025-12-13T21:45:00Z,2025-12-13T22:00:00Z,2025-12-13,2025-12-13_92,0.0,0,0,99,64.34769376932618,64.34769376932618,0.0,0.0,0.0,True,True,True,False,0.0,1013.7464639321074,0.0,0.0,0.0,0.0,1013.7464639321074
2025-12-13T22:00:00Z,2025-12-13T22:15:00Z,2025-12-14,2025-12-13_93,0.0,0,0,99,64.34769376932618,64.34769376932618,0.0,0.0,0.0,True,True,True,False,0.0,1013.7464639321074,0.0,0.0,0.0,0.0,1013.7464639321074
2025-12-13T22:15:00Z,2025-12-13T22:30:00Z,2025-12-14,2025-12-13_94,0.0,0,0,99,64.34769376932618,64.34769376932618,0.0,0.0,0.0,True,True,True,False,0.0,1013.7464639321074,0.0,0.0,0.0,0.0,1013.7464639321074
2025-12-13T22:30:00Z,2025-12-13T22:45:00Z,2025-12-14,2025-12-13_95,0.0,0,0,99,64.34769376932618,64.34769376932618,0.0,0.0,0.0,True,True,True,False,0.0,1013.7464639321074,0.0,0.0,0.0,0.0,1013.7464639321074
2025-12-13T22:45:00Z,2025-12-13T23:00:00Z,2025-12-14,2025-12-13_96,0.0,0,0,99,64.34769376932618,64.34769376932618,0.0,0.0,0.0,True,True,True,False,0.0,1013.7464639321074,0.0,0.0,0.0,0.0,1013.7464639321074
2025-12-13T23:00:00Z,2025-12-13T23:15:00Z,2025-12-14,2025-12-14_1,0.0,0,0,99,64.34769376932618,64.34769376932618,0.0,0.0,0.0,True,True,True,False,0.0,1013.7464639321074,0.0,0.0,0.0,0.0,1013.7464639321074
2025-12-13T23:15:00Z,2025-12-13T23:30:00Z,2025-12-14,2025-12-14_2,0.0,0,0,99,64.34769376932618,64.34769376932618,0.0,0.0,0.0,True,True,True,False,0.0,1013.7464639321074,0.0,0.0,0.0,0.0,1013.7464639321074
2025-12-13T23:30:00Z,2025-12-13T23:45:00Z,2025-12-14,2025-12-14_3,0.0,0,0,99,64.34769376932618,64.34769376932618,0.0,0.0,0.0,True,True,True,False,0.0,1013.7464639321074,0.0,0.0,0.0,0.0,1013.7464639321074
2025-12-13T23:45:00Z,2025-12-14T00:00:00Z,2025-12-14,2025-12-14_4,0.0,0,0,99,64.34769376932618,64.34769376932618,0.0,0.0,0.0,True,True,True,False,0.0,1013.7464639321074,0.0,0.0,0.0,0.0,1013.7464639321074
2025-12-14T00:00:00Z,2025-12-14T00:15:00Z,2025-12-14,2025-12-14_5,0.0,1,0,99,64.34769376932618,64.34769376932618,0.0,0.0,0.0,True,True,True,False,0.0,1013.7464639321074,0.9046440358321546,0.0,0.0,0.0,1014.6511079679395
2025-12-14T00:15:00Z,2025-12-14T00:30:00Z,2025-12-14,2025-12-14_6,0.0,1,0,99,64.34769376932618,64.34769376932618,0.0,0.0,0.0,True,True,True,False,0.0,1013.7464639321074,0.9046440358321546,0.0,0.0,0.0,1014.6511079679395
2025-12-14T00:30:00Z,2025-12-14T00:45:00Z,2025-12-14,2025-12-14_7,0.0,1,0,99,64.34769376932618,64.34769376932618,0.0,0.0,0.0,True,True,True,False,0.0,1013.7464639321074,0.9046440358321546,0.0,0.0,0.0,1014.6511079679395
2025-12-14T00:45:00Z,2025-12-14T01:00:00Z,2025-12-14,2025-12-14_8,-1.3901906866126783e-12,1,0,99,64.34769376932618,64.3476937693265,8.881773831136557e-16,0.0,0.0,True,True,True,False,-2.8870785084228794e-11,1013.7464639321074,0.9046440358321546,0.0,0.0,0.0,1014.6511079679107
2025-12-14T01:00:00Z,2025-12-14T01:15:00Z,2025-12-14,2025-12-14_9,0.0,0,0,99,64.3476937693265,64.3476937693265,0.0,0.0,0.0,True,True,True,False,0.0,1013.7464639321074,0.0,0.0,0.0,0.0,1013.7464639321074
2025-12-14T01:15:00Z,2025-12-14T01:30:00Z,2025-12-14,2025-12-14_10,0.0,0,0,99,64.3476937693265,64.3476937693265,0.0,0.0,0.0,True,True,True,False,0.0,1013.7464639321074,0.0,0.0,0.0,0.0,1013.7464639321074
2025-12-14T01:30:00Z,2025-12-14T01:45:00Z,2025-12-14,2025-12-14_11,0.0,0,0,99,64.3476937693265,64.3476937693265,0.0,0.0,0.0,True,True,True,False,0.0,1013.7464639321074,0.0,0.0,0.0,0.0,1013.7464639321074
2025-12-14T01:45:00Z,2025-12-14T02:00:00Z,2025-12-14,2025-12-14_12,0.0,0,0,99,64.3476937693265,64.3476937693265,0.0,0.0,0.0,True,True,True,False,0.0,1013.7464639321074,0.0,0.0,0.0,0.0,1013.7464639321074
2025-12-14T02:00:00Z,2025-12-14T02:15:00Z,2025-12-14,2025-12-14_13,0.0,1,0,99,64.3476937693265,64.3476937693265,0.0,0.0,0.0,True,True,True,False,0.0,1013.7464639321074,0.9046440358321546,0.0,0.0,0.0,1014.6511079679395
2025-12-14T02:15:00Z,2025-12-14T02:30:00Z,2025-12-14,2025-12-14_14,0.0,1,0,99,64.3476937693265,64.3476937693265,0.0,0.0,0.0,True,True,True,False,0.0,1013.7464639321074,0.9046440358321546,0.0,0.0,0.0,1014.6511079679395
2025-12-14T02:30:00Z,2025-12-14T02:45:00Z,2025-12-14,2025-12-14_15,0.0,1,0,99,64.3476937693265,64.3476937693265,0.0,0.0,0.0,True,True,True,False,0.0,1013.7464639321074,0.9046440358321546,0.0,0.0,0.0,1014.6511079679395
2025-12-14T02:45:00Z,2025-12-14T03:00:00Z,2025-12-14,2025-12-14_16,0.0,1,0,99,64.3476937693265,64.3476937693265,0.0,0.0,0.0,True,True,True,False,0.0,1013.7464639321074,0.9046440358321546,0.0,0.0,0.0,1014.6511079679395
2025-12-14T03:00:00Z,2025-12-14T03:15:00Z,2025-12-14,2025-12-14_17,0.0,0,0,99,64.3476937693265,64.3476937693265,0.0,0.0,0.0,True,False,True,False,0.0,1013.7464639321074,0.0,0.0,0.0,0.0,1013.7464639321074
2025-12-14T03:15:00Z,2025-12-14T03:30:00Z,2025-12-14,2025-12-14_18,0.0,0,0,99,64.3476937693265,64.3476937693265,0.0,0.0,0.0,True,False,True,False,0.0,1013.7464639321074,0.0,0.0,0.0,0.0,1013.7464639321074
2025-12-14T03:30:00Z,2025-12-14T03:45:00Z,2025-12-14,2025-12-14_19,0.0,0,0,99,64.3476937693265,64.3476937693265,0.0,0.0,0.0,True,False,True,False,0.0,1013.7464639321074,0.0,0.0,0.0,0.0,1013.7464639321074
2025-12-14T03:45:00Z,2025-12-14T04:00:00Z,2025-12-14,2025-12-14_20,0.0,0,0,99,64.3476937693265,64.3476937693265,0.0,0.0,0.0,True,False,True,False,0.0,1013.7464639321074,0.0,0.0,0.0,0.0,1013.7464639321074
2025-12-14T04:00:00Z,2025-12-14T04:15:00Z,2025-12-14,2025-12-14_21,0.0,0,0,99,64.3476937693265,64.3476937693265,0.0,0.0,0.0,True,True,True,False,0.0,1013.7464639321074,0.0,0.0,0.0,0.0,1013.7464639321074
2025-12-14T04:15:00Z,2025-12-14T04:30:00Z,2025-12-14,2025-12-14_22,0.0,0,0,99,64.3476937693265,64.3476937693265,0.0,0.0,0.0,True,True,True,False,0.0,1013.7464639321074,0.0,0.0,0.0,0.0,1013.7464639321074
2025-12-14T04:30:00Z,2025-12-14T04:45:00Z,2025-12-14,2025-12-14_23,0.0,0,0,99,64.3476937693265,64.3476937693265,0.0,0.0,0.0,True,True,True,False,0.0,1013.7464639321074,0.0,0.0,0.0,0.0,1013.7464639321074
2025-12-14T04:45:00Z,2025-12-14T05:00:00Z,2025-12-14,2025-12-14_24,0.0,0,0,99,64.3476937693265,64.3476937693265,0.0,0.0,0.0,True,True,True,False,0.0,1013.7464639321074,0.0,0.0,0.0,0.0,1013.7464639321074
2025-12-14T05:00:00Z,2025-12-14T05:15:00Z,2025-12-14,2025-12-14_25,0.0,0,0,99,64.3476937693265,64.3476937693265,0.0,0.0,0.0,True,True,True,False,0.0,1013.7464639321074,0.0,0.0,0.0,0.0,1013.7464639321074
2025-12-14T05:15:00Z,2025-12-14T05:30:00Z,2025-12-14,2025-12-14_26,0.0,0,0,99,64.3476937693265,64.3476937693265,0.0,0.0,0.0,True,True,True,False,0.0,1013.7464639321074,0.0,0.0,0.0,0.0,1013.7464639321074
2025-12-14T05:30:00Z,2025-12-14T05:45:00Z,2025-12-14,2025-12-14_27,0.0,0,0,99,64.3476937693265,64.3476937693265,0.0,0.0,0.0,True,True,True,False,0.0,1013.7464639321074,0.0,0.0,0.0,0.0,1013.7464639321074
2025-12-14T05:45:00Z,2025-12-14T06:00:00Z,2025-12-14,2025-12-14_28,0.0,0,0,99,64.3476937693265,64.3476937693265,0.0,0.0,0.0,True,True,True,False,0.0,1013.7464639321074,0.0,0.0,0.0,0.0,1013.7464639321074
2025-12-14T06:00:00Z,2025-12-14T06:15:00Z,2025-12-14,2025-12-14_29,0.0,1,0,99,64.3476937693265,64.3476937693265,0.0,0.0,0.0,True,True,True,False,0.0,1013.7464639321074,1.1003064592173504,0.0,0.0,0.0,1014.8467703913248
2025-12-14T06:15:00Z,2025-12-14T06:30:00Z,2025-12-14,2025-12-14_30,0.0,1,0,99,64.3476937693265,64.3476937693265,0.0,0.0,0.0,True,True,True,False,0.0,1013.7464639321074,1.1003064592173504,0.0,0.0,0.0,1014.8467703913248
2025-12-14T06:30:00Z,2025-12-14T06:45:00Z,2025-12-14,2025-12-14_31,0.0,1,0,99,64.3476937693265,64.3476937693265,0.0,0.0,0.0,True,True,True,False,0.0,1013.7464639321074,1.1003064592173504,0.0,0.0,0.0,1014.8467703913248
2025-12-14T06:45:00Z,2025-12-14T07:00:00Z,2025-12-14,2025-12-14_32,0.0,1,0,99,64.3476937693265,64.3476937693265,0.0,0.0,0.0,True,True,True,False,0.0,1013.7464639321074,1.1003064592173504,0.0,0.0,0.0,1014.8467703913248
2025-12-14T07:00:00Z,2025-12-14T07:15:00Z,2025-12-14,2025-12-14_33,0.0,0,0,99,64.3476937693265,64.3476937693265,0.0,0.0,0.0,True,True,True,False,0.0,1013.7464639321074,0.0,0.0,0.0,0.0,1013.7464639321074
2025-12-14T07:15:00Z,2025-12-14T07:30:00Z,2025-12-14,2025-12-14_34,0.0,0,0,99,64.3476937693265,64.3476937693265,0.0,0.0,0.0,True,True,True,False,0.0,1013.7464639321074,0.0,0.0,0.0,0.0,1013.7464639321074
2025-12-14T07:30:00Z,2025-12-14T07:45:00Z,2025-12-14,2025-12-14_35,0.0,0,0,99,64.3476937693265,64.3476937693265,0.0,0.0,0.0,True,True,True,False,0.0,1013.7464639321074,0.0,0.0,0.0,0.0,1013.7464639321074
2025-12-14T07:45:00Z,2025-12-14T08:00:00Z,2025-12-14,2025-12-14_36,0.0,0,0,99,64.3476937693265,64.3476937693265,0.0,0.0,0.0,True,True,True,False,0.0,1013.7464639321074,0.0,0.0,0.0,0.0,1013.7464639321074
2025-12-14T08:00:00Z,2025-12-14T08:15:00Z,2025-12-14,2025-12-14_37,0.0,0,0,99,64.3476937693265,64.3476937693265,0.0,0.0,0.0,True,True,True,False,0.0,1013.7464639321074,0.0,0.0,0.0,0.0,1013.7464639321074
2025-12-14T08:15:00Z,2025-12-14T08:30:00Z,2025-12-14,2025-12-14_38,0.0,0,0,99,64.3476937693265,64.3476937693265,0.0,0.0,0.0,True,True,True,False,0.0,1013.7464639321074,0.0,0.0,0.0,0.0,1013.7464639321074
2025-12-14T08:30:00Z,2025-12-14T08:45:00Z,2025-12-14,2025-12-14_39,0.0,0,0,99,64.3476937693265,64.3476937693265,0.0,0.0,0.0,True,True,True,False,0.0,1013.7464639321074,0.0,0.0,0.0,0.0,1013.7464639321074
2025-12-14T08:45:00Z,2025-12-14T09:00:00Z,2025-12-14,2025-12-14_40,0.0,0,0,99,64.3476937693265,64.3476937693265,0.0,0.0,0.0,True,True,True,False,0.0,1013.7464639321074,0.0,0.0,0.0,0.0,1013.7464639321074
2025-12-14T09:00:00Z,2025-12-14T09:15:00Z,2025-12-14,2025-12-14_41,0.0,0,0,99,64.3476937693265,64.3476937693265,0.0,0.0,0.0,True,True,True,False,0.0,1013.7464639321074,0.0,0.0,0.0,0.0,1013.7464639321074
2025-12-14T09:15:00Z,2025-12-14T09:30:00Z,2025-12-14,2025-12-14_42,0.0,0,0,99,64.3476937693265,64.3476937693265,0.0,0.0,0.0,True,True,True,False,0.0,1013.7464639321074,0.0,0.0,0.0,0.0,1013.7464639321074
2025-12-14T09:30:00Z,2025-12-14T09:45:00Z,2025-12-14,2025-12-14_43,0.0,0,0,99,64.3476937693265,64.3476937693265,0.0,0.0,0.0,True,True,True,False,0.0,1013.7464639321074,0.0,0.0,0.0,0.0,1013.7464639321074
2025-12-14T09:45:00Z,2025-12-14T10:00:00Z,2025-12-14,2025-12-14_44,0.0,0,0,99,64.3476937693265,64.3476937693265,0.0,0.0,0.0,True,True,True,False,0.0,1013.7464639321074,0.0,0.0,0.0,0.0,1013.7464639321074
2025-12-14T10:00:00Z,2025-12-14T10:15:00Z,2025-12-14,2025-12-14_45,0.0,0,0,99,64.3476937693265,64.3476937693265,0.0,0.0,0.0,True,False,True,False,0.0,1013.7464639321074,0.0,0.0,0.0,0.0,1013.7464639321074
2025-12-14T10:15:00Z,2025-12-14T10:30:00Z,2025-12-14,2025-12-14_46,0.0,0,0,99,64.3476937693265,64.3476937693265,0.0,0.0,0.0,True,False,True,False,0.0,1013.7464639321074,0.0,0.0,0.0,0.0,1013.7464639321074
2025-12-14T10:30:00Z,2025-12-14T10:45:00Z,2025-12-14,2025-12-14_47,0.0,0,0,99,64.3476937693265,64.3476937693265,0.0,0.0,0.0,True,False,True,False,0.0,1013.7464639321074,0.0,0.0,0.0,0.0,1013.7464639321074
2025-12-14T10:45:00Z,2025-12-14T11:00:00Z,2025-12-14,2025-12-14_48,0.0,0,0,99,64.3476937693265,64.3476937693265,0.0,0.0,0.0,True,False,True,False,0.0,1013.7464639321074,0.0,0.0,0.0,0.0,1013.7464639321074
2025-12-14T11:00:00Z,2025-12-14T11:15:00Z,2025-12-14,2025-12-14_49,0.0,0,1,99,64.3476937693265,64.3476937693265,0.0,0.0,0.0,True,True,True,False,0.0,1013.7464639321074,0.0,0.4034064120697784,0.0,0.0,1014.1498703441772
2025-12-14T11:15:00Z,2025-12-14T11:30:00Z,2025-12-14,2025-12-14_50,0.0,0,1,99,64.3476937693265,64.3476937693265,0.0,0.0,0.0,True,True,True,False,0.0,1013.7464639321074,0.0,0.4034064120697784,0.0,0.0,1014.1498703441772
2025-12-14T11:30:00Z,2025-12-14T11:45:00Z,2025-12-14,2025-12-14_51,0.0,0,1,99,64.3476937693265,64.3476937693265,0.0,0.0,0.0,True,True,True,False,0.0,1013.7464639321074,0.0,0.4034064120697784,0.0,0.0,1014.1498703441772
2025-12-14T11:45:00Z,2025-12-14T12:00:00Z,2025-12-14,2025-12-14_52,0.0,0,1,99,64.3476937693265,64.3476937693265,0.0,0.0,0.0,True,True,True,False,0.0,1013.7464639321074,0.0,0.4034064120697784,0.0,0.0,1014.1498703441772
2025-12-14T12:00:00Z,2025-12-14T12:15:00Z,2025-12-14,2025-12-14_53,0.0,0,0,99,64.3476937693265,64.3476937693265,0.0,0.0,0.0,True,True,True,False,0.0,1013.7464639321074,0.0,0.0,0.0,0.0,1013.7464639321074
2025-12-14T12:15:00Z,2025-12-14T12:30:00Z,2025-12-14,2025-12-14_54,0.0,0,0,99,64.3476937693265,64.3476937693265,0.0,0.0,0.0,True,True,True,False,0.0,1013.7464639321074,0.0,0.0,0.0,0.0,1013.7464639321074
2025-12-14T12:30:00Z,2025-12-14T12:45:00Z,2025-12-14,2025-12-14_55,0.0,0,0,99,64.3476937693265,64.3476937693265,0.0,0.0,0.0,True,True,True,False,0.0,1013.7464639321074,0.0,0.0,0.0,0.0,1013.7464639321074
2025-12-14T12:45:00Z,2025-12-14T13:00:00Z,2025-12-14,2025-12-14_56,0.0,0,0,99,64.3476937693265,64.3476937693265,0.0,0.0,0.0,True,True,True,False,0.0,1013.7464639321074,0.0,0.0,0.0,0.0,1013.7464639321074
2025-12-14T13:00:00Z,2025-12-14T13:15:00Z,2025-12-14,2025-12-14_57,0.0,0,0,99,64.3476937693265,64.3476937693265,0.0,0.0,0.0,True,True,True,False,0.0,1013.7464639321074,0.0,0.0,0.0,0.0,1013.7464639321074
2025-12-14T13:15:00Z,2025-12-14T13:30:00Z,2025-12-14,2025-12-14_58,0.0,0,0,99,64.3476937693265,64.3476937693265,0.0,0.0,0.0,True,True,True,False,0.0,1013.7464639321074,0.0,0.0,0.0,0.0,1013.7464639321074
2025-12-14T13:30:00Z,2025-12-14T13:45:00Z,2025-12-14,2025-12-14_59,0.0,0,0,99,64.3476937693265,64.3476937693265,0.0,0.0,0.0,True,True,True,False,0.0,1013.7464639321074,0.0,0.0,0.0,0.0,1013.7464639321074
2025-12-14T13:45:00Z,2025-12-14T14:00:00Z,2025-12-14,2025-12-14_60,0.0,0,0,99,64.3476937693265,64.3476937693265,0.0,0.0,0.0,True,True,True,False,0.0,1013.7464639321074,0.0,0.0,0.0,0.0,1013.7464639321074
2025-12-14T14:00:00Z,2025-12-14T14:15:00Z,2025-12-14,2025-12-14_61,0.0,0,0,99,64.3476937693265,64.3476937693265,0.0,0.0,0.0,True,True,True,False,0.0,1013.7464639321074,0.0,0.0,0.0,0.0,1013.7464639321074
2025-12-14T14:15:00Z,2025-12-14T14:30:00Z,2025-12-14,2025-12-14_62,0.0,0,0,99,64.3476937693265,64.3476937693265,0.0,0.0,0.0,True,True,True,False,0.0,1013.7464639321074,0.0,0.0,0.0,0.0,1013.7464639321074
2025-12-14T14:30:00Z,2025-12-14T14:45:00Z,2025-12-14,2025-12-14_63,0.0,0,0,99,64.3476937693265,64.3476937693265,0.0,0.0,0.0,True,True,True,False,0.0,1013.7464639321074,0.0,0.0,0.0,0.0,1013.7464639321074
2025-12-14T14:45:00Z,2025-12-14T15:00:00Z,2025-12-14,2025-12-14_64,0.0,0,0,99,64.3476937693265,64.3476937693265,0.0,0.0,0.0,True,True,True,False,0.0,1013.7464639321074,0.0,0.0,0.0,0.0,1013.7464639321074
2025-12-14T15:00:00Z,2025-12-14T15:15:00Z,2025-12-14,2025-12-14_65,0.0,0,0,99,64.3476937693265,64.3476937693265,0.0,0.0,0.0,True,True,True,False,0.0,1013.7464639321074,0.0,0.0,0.0,0.0,1013.7464639321074
2025-12-14T15:15:00Z,2025-12-14T15:30:00Z,2025-12-14,2025-12-14_66,0.0,0,0,99,64.3476937693265,64.3476937693265,0.0,0.0,0.0,True,True,True,False,0.0,1013.7464639321074,0.0,0.0,0.0,0.0,1013.7464639321074
2025-12-14T15:30:00Z,2025-12-14T15:45:00Z,2025-12-14,2025-12-14_67,0.0,0,0,99,64.3476937693265,64.3476937693265,0.0,0.0,0.0,True,True,True,False,0.0,1013.7464639321074,0.0,0.0,0.0,0.0,1013.7464639321074
2025-12-14T15:45:00Z,2025-12-14T16:00:00Z,2025-12-14,2025-12-14_68,0.0,0,0,99,64.3476937693265,64.3476937693265,0.0,0.0,0.0,True,True,True,False,0.0,1013.7464639321074,0.0,0.0,0.0,0.0,1013.7464639321074
2025-12-14T16:00:00Z,2025-12-14T16:15:00Z,2025-12-14,2025-12-14_69,0.0,0,0,99,64.3476937693265,64.3476937693265,0.0,0.0,0.0,True,True,True,False,0.0,1013.7464639321074,0.0,0.0,0.0,0.0,1013.7464639321074
2025-12-14T16:15:00Z,2025-12-14T16:30:00Z,2025-12-14,2025-12-14_70,0.0,0,0,99,64.3476937693265,64.3476937693265,0.0,0.0,0.0,True,True,True,False,0.0,1013.7464639321074,0.0,0.0,0.0,0.0,1013.7464639321074
2025-12-14T16:30:00Z,2025-12-14T16:45:00Z,2025-12-14,2025-12-14_71,0.0,0,0,99,64.3476937693265,64.3476937693265,0.0,0.0,0.0,True,True,True,False,0.0,1013.7464639321074,0.0,0.0,0.0,0.0,1013.7464639321074
2025-12-14T16:45:00Z,2025-12-14T17:00:00Z,2025-12-14,2025-12-14_72,0.0,0,0,99,64.3476937693265,64.3476937693265,0.0,0.0,0.0,True,True,True,False,0.0,1013.7464639321074,0.0,0.0,0.0,0.0,1013.7464639321074
2025-12-14T17:00:00Z,2025-12-14T17:15:00Z,2025-12-14,2025-12-14_73,0.0,0,0,99,64.3476937693265,64.3476937693265,0.0,0.0,0.0,True,True,True,False,0.0,1013.7464639321074,0.0,0.0,0.0,0.0,1013.7464639321074
2025-12-14T17:15:00Z,2025-12-14T17:30:00Z,2025-12-14,2025-12-14_74,0.0,0,0,99,64.3476937693265,64.3476937693265,0.0,0.0,0.0,True,True,True,False,0.0,1013.7464639321074,0.0,0.0,0.0,0.0,1013.7464639321074
2025-12-14T17:30:00Z,2025-12-14T17:45:00Z,2025-12-14,2025-12-14_75,0.0,0,0,99,64.3476937693265,64.3476937693265,0.0,0.0,0.0,True,True,True,False,0.0,1013.7464639321074,0.0,0.0,0.0,0.0,1013.7464639321074
2025-12-14T17:45:00Z,2025-12-14T18:00:00Z,2025-12-14,2025-12-14_76,0.0,0,0,99,64.3476937693265,64.3476937693265,0.0,0.0,0.0,True,True,True,False,0.0,1013.7464639321074,0.0,0.0,0.0,0.0,1013.7464639321074
2025-12-14T18:00:00Z,2025-12-14T18:15:00Z,2025-12-14,2025-12-14_77,0.0,0,0,99,64.3476937693265,64.3476937693265,0.0,0.0,0.0,True,True,True,False,0.0,1013.7464639321074,0.0,0.0,0.0,0.0,1013.7464639321074
2025-12-14T18:15:00Z,2025-12-14T18:30:00Z,2025-12-14,2025-12-14_78,0.0,0,0,99,64.3476937693265,64.3476937693265,0.0,0.0,0.0,True,True,True,False,0.0,1013.7464639321074,0.0,0.0,0.0,0.0,1013.7464639321074
2025-12-14T18:30:00Z,2025-12-14T18:45:00Z,2025-12-14,2025-12-14_79,0.0,0,0,99,64.3476937693265,64.3476937693265,0.0,0.0,0.0,True,True,True,False,0.0,1013.7464639321074,0.0,0.0,0.0,0.0,1013.7464639321074
2025-12-14T18:45:00Z,2025-12-14T19:00:00Z,2025-12-14,2025-12-14_80,0.0,0,0,99,64.3476937693265,64.3476937693265,0.0,0.0,0.0,True,True,True,False,0.0,1013.7464639321074,0.0,0.0,0.0,0.0,1013.7464639321074
2025-12-14T19:00:00Z,2025-12-14T19:15:00Z,2025-12-14,2025-12-14_81,0.0,0,0,99,64.3476937693265,64.3476937693265,0.0,0.0,0.0,True,True,True,False,0.0,1013.7464639321074,0.0,0.0,0.0,0.0,1013.7464639321074
2025-12-14T19:15:00Z,2025-12-14T19:30:00Z,2025-12-14,2025-12-14_82,0.0,0,0,99,64.3476937693265,64.3476937693265,0.0,0.0,0.0,True,True,True,False,0.0,1013.7464639321074,0.0,0.0,0.0,0.0,1013.7464639321074
2025-12-14T19:30:00Z,2025-12-14T19:45:00Z,2025-12-14,2025-12-14_83,0.0,0,0,99,64.3476937693265,64.3476937693265,0.0,0.0,0.0,True,True,True,False,0.0,1013.7464639321074,0.0,0.0,0.0,0.0,1013.7464639321074
2025-12-14T19:45:00Z,2025-12-14T20:00:00Z,2025-12-14,2025-12-14_84,0.0,0,0,99,64.3476937693265,64.3476937693265,0.0,0.0,0.0,True,True,True,False,0.0,1013.7464639321074,0.0,0.0,0.0,0.0,1013.7464639321074
2025-12-14T20:00:00Z,2025-12-14T20:15:00Z,2025-12-14,2025-12-14_85,0.0,0,0,99,64.3476937693265,64.3476937693265,0.0,0.0,0.0,True,False,True,False,0.0,1013.7464639321074,0.0,0.0,0.0,0.0,1013.7464639321074
2025-12-14T20:15:00Z,2025-12-14T20:30:00Z,2025-12-14,2025-12-14_86,0.0,0,0,99,64.3476937693265,64.3476937693265,0.0,0.0,0.0,True,False,True,False,0.0,1013.7464639321074,0.0,0.0,0.0,0.0,1013.7464639321074
2025-12-14T20:30:00Z,2025-12-14T20:45:00Z,2025-12-14,2025-12-14_87,0.0,0,0,99,64.3476937693265,64.3476937693265,0.0,0.0,0.0,True,False,True,False,0.0,1013.7464639321074,0.0,0.0,0.0,0.0,1013.7464639321074
2025-12-14T20:45:00Z,2025-12-14T21:00:00Z,2025-12-14,2025-12-14_88,0.0,0,0,99,64.3476937693265,64.3476937693265,0.0,0.0,0.0,True,False,True,False,0.0,1013.7464639321074,0.0,0.0,0.0,0.0,1013.7464639321074
2025-12-14T21:00:00Z,2025-12-14T21:15:00Z,2025-12-14,2025-12-14_89,0.0,0,0,99,64.3476937693265,64.3476937693265,0.0,0.0,0.0,True,True,True,False,0.0,1013.7464639321074,0.0,0.0,0.0,0.0,1013.7464639321074
2025-12-14T21:15:00Z,2025-12-14T21:30:00Z,2025-12-14,2025-12-14_90,0.0,0,0,99,64.3476937693265,64.3476937693265,0.0,0.0,0.0,True,True,True,False,0.0,1013.7464639321074,0.0,0.0,0.0,0.0,1013.7464639321074
2025-12-14T21:30:00Z,2025-12-14T21:45:00Z,2025-12-14,2025-12-14_91,0.0,0,0,99,64.3476937693265,64.3476937693265,0.0,0.0,0.0,True,True,True,False,0.0,1013.7464639321074,0.0,0.0,0.0,0.0,1013.7464639321074
2025-12-14T21:45:00Z,2025-12-14T22:00:00Z,2025-12-14,2025-12-14_92,0.0,0,0,99,64.3476937693265,64.3476937693265,0.0,0.0,0.0,True,True,True,False,0.0,1013.7464639321074,0.0,0.0,0.0,0.0,1013.7464639321074
2025-12-14T22:00:00Z,2025-12-14T22:15:00Z,2025-12-15,2025-12-14_93,0.0,0,0,99,64.3476937693265,64.3476937693265,0.0,0.0,0.0,True,True,True,False,0.0,1013.7464639321074,0.0,0.0,0.0,0.0,1013.7464639321074
2025-12-14T22:15:00Z,2025-12-14T22:30:00Z,2025-12-15,2025-12-14_94,0.0,0,0,99,64.3476937693265,64.3476937693265,0.0,0.0,0.0,True,True,True,False,0.0,1013.7464639321074,0.0,0.0,0.0,0.0,1013.7464639321074
2025-12-14T22:30:00Z,2025-12-14T22:45:00Z,2025-12-15,2025-12-14_95,0.0,0,0,99,64.3476937693265,64.3476937693265,0.0,0.0,0.0,True,True,True,False,0.0,1013.7464639321074,0.0,0.0,0.0,0.0,1013.7464639321074
2025-12-14T22:45:00Z,2025-12-14T23:00:00Z,2025-12-15,2025-12-14_96,0.0,0,0,99,64.3476937693265,64.3476937693265,0.0,0.0,0.0,True,True,True,False,0.0,1013.7464639321074,0.0,0.0,0.0,0.0,1013.7464639321074
2025-12-14T23:00:00Z,2025-12-14T23:15:00Z,2025-12-15,2025-12-15_1,0.0,0,0,99,64.3476937693265,64.3476937693265,0.0,0.0,0.0,True,True,True,False,0.0,1013.7464639321074,0.0,0.0,0.0,0.0,1013.7464639321074
2025-12-14T23:15:00Z,2025-12-14T23:30:00Z,2025-12-15,2025-12-15_2,0.0,0,0,99,64.3476937693265,64.3476937693265,0.0,0.0,0.0,True,True,True,False,0.0,1013.7464639321074,0.0,0.0,0.0,0.0,1013.7464639321074
2025-12-14T23:30:00Z,2025-12-14T23:45:00Z,2025-12-15,2025-12-15_3,0.0,0,0,99,64.3476937693265,64.3476937693265,0.0,0.0,0.0,True,True,True,False,0.0,1013.7464639321074,0.0,0.0,0.0,0.0,1013.7464639321074
2025-12-14T23:45:00Z,2025-12-15T00:00:00Z,2025-12-15,2025-12-15_4,0.0,0,0,99,64.3476937693265,64.3476937693265,0.0,0.0,0.0,True,True,True,False,0.0,1013.7464639321074,0.0,0.0,0.0,0.0,1013.7464639321074
2025-12-15T00:00:00Z,2025-12-15T00:15:00Z,2025-12-15,2025-12-15_5,0.0,0,0,99,64.3476937693265,64.3476937693265,0.0,0.0,0.0,True,True,True,False,0.0,1013.7464639321074,0.0,0.0,0.0,0.0,1013.7464639321074
2025-12-15T00:15:00Z,2025-12-15T00:30:00Z,2025-12-15,2025-12-15_6,0.0,0,0,99,64.3476937693265,64.3476937693265,0.0,0.0,0.0,True,True,True,False,0.0,1013.7464639321074,0.0,0.0,0.0,0.0,1013.7464639321074
2025-12-15T00:30:00Z,2025-12-15T00:45:00Z,2025-12-15,2025-12-15_7,0.0,0,0,99,64.3476937693265,64.3476937693265,0.0,0.0,0.0,True,True,True,False,0.0,1013.7464639321074,0.0,0.0,0.0,0.0,1013.7464639321074
2025-12-15T00:45:00Z,2025-12-15T01:00:00Z,2025-12-15,2025-12-15_8,0.0,0,0,99,64.3476937693265,64.3476937693265,0.0,0.0,0.0,True,True,True,False,0.0,1013.7464639321074,0.0,0.0,0.0,0.0,1013.7464639321074
2025-12-15T01:00:00Z,2025-12-15T01:15:00Z,2025-12-15,2025-12-15_9,0.0,0,0,99,64.3476937693265,64.3476937693265,0.0,0.0,0.0,True,True,True,False,0.0,1013.7464639321074,0.0,0.0,0.0,0.0,1013.7464639321074
2025-12-15T01:15:00Z,2025-12-15T01:30:00Z,2025-12-15,2025-12-15_10,0.0,0,0,99,64.3476937693265,64.3476937693265,0.0,0.0,0.0,True,True,True,False,0.0,1013.7464639321074,0.0,0.0,0.0,0.0,1013.7464639321074
2025-12-15T01:30:00Z,2025-12-15T01:45:00Z,2025-12-15,2025-12-15_11,0.0,0,0,99,64.3476937693265,64.3476937693265,0.0,0.0,0.0,True,True,True,False,0.0,1013.7464639321074,0.0,0.0,0.0,0.0,1013.7464639321074
2025-12-15T01:45:00Z,2025-12-15T02:00:00Z,2025-12-15,2025-12-15_12,0.0,0,0,99,64.3476937693265,64.3476937693265,0.0,0.0,0.0,True,True,True,False,0.0,1013.7464639321074,0.0,0.0,0.0,0.0,1013.7464639321074
2025-12-15T02:00:00Z,2025-12-15T02:15:00Z,2025-12-15,2025-12-15_13,0.0,0,0,99,64.3476937693265,64.3476937693265,0.0,0.0,0.0,True,True,True,False,0.0,1013.7464639321074,0.0,0.0,0.0,0.0,1013.7464639321074
2025-12-15T02:15:00Z,2025-12-15T02:30:00Z,2025-12-15,2025-12-15_14,0.0,0,0,99,64.3476937693265,64.3476937693265,0.0,0.0,0.0,True,True,True,False,0.0,1013.7464639321074,0.0,0.0,0.0,0.0,1013.7464639321074
2025-12-15T02:30:00Z,2025-12-15T02:45:00Z,2025-12-15,2025-12-15_15,0.0,0,0,99,64.3476937693265,64.3476937693265,0.0,0.0,0.0,True,True,True,False,0.0,1013.7464639321074,0.0,0.0,0.0,0.0,1013.7464639321074
2025-12-15T02:45:00Z,2025-12-15T03:00:00Z,2025-12-15,2025-12-15_16,0.0,0,0,99,64.3476937693265,64.3476937693265,0.0,0.0,0.0,True,True,True,False,0.0,1013.7464639321074,0.0,0.0,0.0,0.0,1013.7464639321074
2025-12-15T03:00:00Z,2025-12-15T03:15:00Z,2025-12-15,2025-12-15_17,0.0,0,0,99,64.3476937693265,64.3476937693265,0.0,0.0,0.0,True,True,True,False,0.0,1013.7464639321074,0.0,0.0,0.0,0.0,1013.7464639321074
2025-12-15T03:15:00Z,2025-12-15T03:30:00Z,2025-12-15,2025-12-15_18,0.0,0,0,99,64.3476937693265,64.3476937693265,0.0,0.0,0.0,True,True,True,False,0.0,1013.7464639321074,0.0,0.0,0.0,0.0,1013.7464639321074
2025-12-15T03:30:00Z,2025-12-15T03:45:00Z,2025-12-15,2025-12-15_19,0.0,0,0,99,64.3476937693265,64.3476937693265,0.0,0.0,0.0,True,True,True,False,0.0,1013.7464639321074,0.0,0.0,0.0,0.0,1013.7464639321074
2025-12-15T03:45:00Z,2025-12-15T04:00:00Z,2025-12-15,2025-12-15_20,0.0,0,0,99,64.3476937693265,64.3476937693265,0.0,0.0,0.0,True,True,True,False,0.0,1013.7464639321074,0.0,0.0,0.0,0.0,1013.7464639321074
2025-12-15T04:00:00Z,2025-12-15T04:15:00Z,2025-12-15,2025-12-15_21,0.0,0,0,99,64.3476937693265,64.3476937693265,0.0,0.0,0.0,True,True,True,False,0.0,1013.7464639321074,0.0,0.0,0.0,0.0,1013.7464639321074
2025-12-15T04:15:00Z,2025-12-15T04:30:00Z,2025-12-15,2025-12-15_22,0.0,0,0,99,64.3476937693265,64.3476937693265,0.0,0.0,0.0,True,True,True,False,0.0,1013.7464639321074,0.0,0.0,0.0,0.0,1013.7464639321074
2025-12-15T04:30:00Z,2025-12-15T04:45:00Z,2025-12-15,2025-12-15_23,0.0,0,0,99,64.3476937693265,64.3476937693265,0.0,0.0,0.0,True,True,True,False,0.0,1013.7464639321074,0.0,0.0,0.0,0.0,1013.7464639321074
2025-12-15T04:45:00Z,2025-12-15T05:00:00Z,2025-12-15,2025-12-15_24,0.0,0,0,99,64.3476937693265,64.3476937693265,0.0,0.0,0.0,True,True,True,False,0.0,1013.7464639321074,0.0,0.0,0.0,0.0,1013.7464639321074
2025-12-15T05:00:00Z,2025-12-15T05:15:00Z,2025-12-15,2025-12-15_25,0.0,0,0,99,64.3476937693265,64.3476937693265,0.0,0.0,0.0,True,True,True,False,0.0,1013.7464639321074,0.0,0.0,0.0,0.0,1013.7464639321074
2025-12-15T05:15:00Z,2025-12-15T05:30:00Z,2025-12-15,2025-12-15_26,0.0,0,0,99,64.3476937693265,64.3476937693265,0.0,0.0,0.0,True,True,True,False,0.0,1013.7464639321074,0.0,0.0,0.0,0.0,1013.7464639321074
2025-12-15T05:30:00Z,2025-12-15T05:45:00Z,2025-12-15,2025-12-15_27,0.0,0,0,99,64.3476937693265,64.3476937693265,0.0,0.0,0.0,True,True,True,False,0.0,1013.7464639321074,0.0,0.0,0.0,0.0,1013.7464639321074
2025-12-15T05:45:00Z,2025-12-15T06:00:00Z,2025-12-15,2025-12-15_28,0.0,0,0,99,64.3476937693265,64.3476937693265,0.0,0.0,0.0,True,True,True,False,0.0,1013.7464639321074,0.0,0.0,0.0,0.0,1013.7464639321074
2025-12-15T06:00:00Z,2025-12-15T06:15:00Z,2025-12-15,2025-12-15_29,0.0,0,0,99,64.3476937693265,64.3476937693265,0.0,0.0,0.0,True,False,True,False,0.0,1013.7464639321074,0.0,0.0,0.0,0.0,1013.7464639321074
2025-12-15T06:15:00Z,2025-12-15T06:30:00Z,2025-12-15,2025-12-15_30,0.0,0,0,99,64.3476937693265,64.3476937693265,0.0,0.0,0.0,True,False,True,False,0.0,1013.7464639321074,0.0,0.0,0.0,0.0,1013.7464639321074
2025-12-15T06:30:00Z,2025-12-15T06:45:00Z,2025-12-15,2025-12-15_31,0.0,0,0,99,64.3476937693265,64.3476937693265,0.0,0.0,0.0,True,False,True,False,0.0,1013.7464639321074,0.0,0.0,0.0,0.0,1013.7464639321074
2025-12-15T06:45:00Z,2025-12-15T07:00:00Z,2025-12-15,2025-12-15_32,0.0,0,0,99,64.3476937693265,64.3476937693265,0.0,0.0,0.0,True,False,True,False,0.0,1013.7464639321074,0.0,0.0,0.0,0.0,1013.7464639321074
2025-12-15T07:00:00Z,2025-12-15T07:15:00Z,2025-12-15,2025-12-15_33,0.0,0,0,99,64.3476937693265,64.3476937693265,0.0,0.0,0.0,True,False,True,False,0.0,1013.7464639321074,0.0,0.0,0.0,0.0,1013.7464639321074
2025-12-15T07:15:00Z,2025-12-15T07:30:00Z,2025-12-15,2025-12-15_34,0.0,0,0,99,64.3476937693265,64.3476937693265,0.0,0.0,0.0,True,False,True,False,0.0,1013.7464639321074,0.0,0.0,0.0,0.0,1013.7464639321074
2025-12-15T07:30:00Z,2025-12-15T07:45:00Z,2025-12-15,2025-12-15_35,0.0,0,0,99,64.3476937693265,64.3476937693265,0.0,0.0,0.0,True,False,True,False,0.0,1013.7464639321074,0.0,0.0,0.0,0.0,1013.7464639321074
2025-12-15T07:45:00Z,2025-12-15T08:00:00Z,2025-12-15,2025-12-15_36,0.0,0,0,99,64.3476937693265,64.3476937693265,0.0,0.0,0.0,True,False,True,False,0.0,1013.7464639321074,0.0,0.0,0.0,0.0,1013.7464639321074
2025-12-15T08:00:00Z,2025-12-15T08:15:00Z,2025-12-15,2025-12-15_37,0.0,0,0,99,64.3476937693265,64.3476937693265,0.0,0.0,0.0,True,True,True,False,0.0,1013.7464639321074,0.0,0.0,0.0,0.0,1013.7464639321074
2025-12-15T08:15:00Z,2025-12-15T08:30:00Z,2025-12-15,2025-12-15_38,0.0,0,0,99,64.3476937693265,64.3476937693265,0.0,0.0,0.0,True,True,True,False,0.0,1013.7464639321074,0.0,0.0,0.0,0.0,1013.7464639321074
2025-12-15T08:30:00Z,2025-12-15T08:45:00Z,2025-12-15,2025-12-15_39,0.0,0,0,99,64.3476937693265,64.3476937693265,0.0,0.0,0.0,True,True,True,False,0.0,1013.7464639321074,0.0,0.0,0.0,0.0,1013.7464639321074
2025-12-15T08:45:00Z,2025-12-15T09:00:00Z,2025-12-15,2025-12-15_40,0.0,0,0,99,64.3476937693265,64.3476937693265,0.0,0.0,0.0,True,True,True,False,0.0,1013.7464639321074,0.0,0.0,0.0,0.0,1013.7464639321074
2025-12-15T09:00:00Z,2025-12-15T09:15:00Z,2025-12-15,2025-12-15_41,0.0,0,1,99,64.3476937693265,64.3476937693265,0.0,0.0,0.0,True,True,True,False,0.0,1013.7464639321074,0.0,0.38837812352663836,0.0,0.0,1014.1348420556341
2025-12-15T09:15:00Z,2025-12-15T09:30:00Z,2025-12-15,2025-12-15_42,0.0,0,1,99,64.3476937693265,64.3476937693265,0.0,0.0,0.0,True,True,True,False,0.0,1013.7464639321074,0.0,0.38837812352663836,0.0,0.0,1014.1348420556341
2025-12-15T09:30:00Z,2025-12-15T09:45:00Z,2025-12-15,2025-12-15_43,0.0,0,1,99,64.3476937693265,64.3476937693265,0.0,0.0,0.0,True,True,True,False,0.0,1013.7464639321074,0.0,0.38837812352663836,0.0,0.0,1014.1348420556341
2025-12-15T09:45:00Z,2025-12-15T10:00:00Z,2025-12-15,2025-12-15_44,0.0,0,1,99,64.3476937693265,64.3476937693265,0.0,0.0,0.0,True,True,True,False,0.0,1013.7464639321074,0.0,0.38837812352663836,0.0,0.0,1014.1348420556341
2025-12-15T10:00:00Z,2025-12-15T10:15:00Z,2025-12-15,2025-12-15_45,0.0,0,0,99,64.3476937693265,64.3476937693265,0.0,0.0,0.0,True,True,True,False,0.0,1013.7464639321074,0.0,0.0,0.0,0.0,1013.7464639321074
2025-12-15T10:15:00Z,2025-12-15T10:30:00Z,2025-12-15,2025-12-15_46,0.0,0,0,99,64.3476937693265,64.3476937693265,0.0,0.0,0.0,True,True,True,False,0.0,1013.7464639321074,0.0,0.0,0.0,0.0,1013.7464639321074
2025-12-15T10:30:00Z,2025-12-15T10:45:00Z,2025-12-15,2025-12-15_47,0.0,0,0,99,64.3476937693265,64.3476937693265,0.0,0.0,0.0,True,True,True,False,0.0,1013.7464639321074,0.0,0.0,0.0,0.0,1013.7464639321074
2025-12-15T10:45:00Z,2025-12-15T11:00:00Z,2025-12-15,2025-12-15_48,0.0,0,0,99,64.3476937693265,64.3476937693265,0.0,0.0,0.0,True,True,True,False,0.0,1013.7464639321074,0.0,0.0,0.0,0.0,1013.7464639321074
2025-12-15T11:00:00Z,2025-12-15T11:15:00Z,2025-12-15,2025-12-15_49,0.0,0,0,87,64.3476937693265,64.3476937693265,0.0,0.0,0.0,True,True,True,False,0.0,890.8681046676095,0.0,0.0,0.0,0.0,890.8681046676095
2025-12-15T11:15:00Z,2025-12-15T11:30:00Z,2025-12-15,2025-12-15_50,0.0,0,0,87,64.3476937693265,64.3476937693265,0.0,0.0,0.0,True,True,True,False,0.0,890.8681046676095,0.0,0.0,0.0,0.0,890.8681046676095
2025-12-15T11:30:00Z,2025-12-15T11:45:00Z,2025-12-15,2025-12-15_51,0.0,0,0,87,64.3476937693265,64.3476937693265,0.0,0.0,0.0,True,True,True,False,0.0,890.8681046676095,0.0,0.0,0.0,0.0,890.8681046676095
2025-12-15T11:45:00Z,2025-12-15T12:00:00Z,2025-12-15,2025-12-15_52,0.0,0,0,87,64.3476937693265,64.3476937693265,0.0,0.0,0.0,True,True,True,False,0.0,890.8681046676095,0.0,0.0,0.0,0.0,890.8681046676095
2025-12-15T12:00:00Z,2025-12-15T12:15:00Z,2025-12-15,2025-12-15_53,0.0,0,0,87,64.3476937693265,64.3476937693265,0.0,0.0,0.0,True,True,True,False,0.0,890.8681046676095,0.0,0.0,0.0,0.0,890.8681046676095
2025-12-15T12:15:00Z,2025-12-15T12:30:00Z,2025-12-15,2025-12-15_54,0.0,0,0,87,64.3476937693265,64.3476937693265,0.0,0.0,0.0,True,True,True,False,0.0,890.8681046676095,0.0,0.0,0.0,0.0,890.8681046676095
2025-12-15T12:30:00Z,2025-12-15T12:45:00Z,2025-12-15,2025-12-15_55,0.0,0,0,87,64.3476937693265,64.3476937693265,0.0,0.0,0.0,True,True,True,False,0.0,890.8681046676095,0.0,0.0,0.0,0.0,890.8681046676095
2025-12-15T12:45:00Z,2025-12-15T13:00:00Z,2025-12-15,2025-12-15_56,0.0,0,0,87,64.3476937693265,64.3476937693265,0.0,0.0,0.0,True,True,True,False,0.0,890.8681046676095,0.0,0.0,0.0,0.0,890.8681046676095
2025-12-15T13:00:00Z,2025-12-15T13:15:00Z,2025-12-15,2025-12-15_57,0.0,0,0,87,64.3476937693265,64.3476937693265,0.0,0.0,0.0,True,True,True,False,0.0,890.8681046676095,0.0,0.0,0.0,0.0,890.8681046676095
2025-12-15T13:15:00Z,2025-12-15T13:30:00Z,2025-12-15,2025-12-15_58,0.0,0,0,87,64.3476937693265,64.3476937693265,0.0,0.0,0.0,True,True,True,False,0.0,890.8681046676095,0.0,0.0,0.0,0.0,890.8681046676095
2025-12-15T13:30:00Z,2025-12-15T13:45:00Z,2025-12-15,2025-12-15_59,0.0,0,0,87,64.3476937693265,64.3476937693265,0.0,0.0,0.0,True,True,True,False,0.0,890.8681046676095,0.0,0.0,0.0,0.0,890.8681046676095
2025-12-15T13:45:00Z,2025-12-15T14:00:00Z,2025-12-15,2025-12-15_60,0.0,0,0,87,64.3476937693265,64.3476937693265,0.0,0.0,0.0,True,True,True,False,0.0,890.8681046676095,0.0,0.0,0.0,0.0,890.8681046676095
2025-12-15T14:00:00Z,2025-12-15T14:15:00Z,2025-12-15,2025-12-15_61,0.0,0,0,99,64.3476937693265,64.3476937693265,0.0,0.0,0.0,True,True,True,False,0.0,1013.7464639321074,0.0,0.0,0.0,0.0,1013.7464639321074
2025-12-15T14:15:00Z,2025-12-15T14:30:00Z,2025-12-15,2025-12-15_62,0.0,0,0,99,64.3476937693265,64.3476937693265,0.0,0.0,0.0,True,True,True,False,0.0,1013.7464639321074,0.0,0.0,0.0,0.0,1013.7464639321074
2025-12-15T14:30:00Z,2025-12-15T14:45:00Z,2025-12-15,2025-12-15_63,0.0,0,0,99,64.3476937693265,64.3476937693265,0.0,0.0,0.0,True,True,True,False,0.0,1013.7464639321074,0.0,0.0,0.0,0.0,1013.7464639321074
2025-12-15T14:45:00Z,2025-12-15T15:00:00Z,2025-12-15,2025-12-15_64,0.0,0,0,99,64.3476937693265,64.3476937693265,0.0,0.0,0.0,True,True,True,False,0.0,1013.7464639321074,0.0,0.0,0.0,0.0,1013.7464639321074
2025-12-15T15:00:00Z,2025-12-15T15:15:00Z,2025-12-15,2025-12-15_65,1.0350002327186306e-05,0,0,99,64.3476937693265,64.34769095682586,7.812501756632175e-09,0.0,0.0,True,False,True,False,0.000742146916870894,1013.7464639321074,0.0,0.0,0.0,0.0,1013.7472060790243
2025-12-15T15:15:00Z,2025-12-15T15:30:00Z,2025-12-15,2025-12-15_66,0.0,0,0,99,64.34769095682586,64.34769095682586,0.0,0.0,0.0,True,False,True,False,0.0,1013.7464639321074,0.0,0.0,0.0,0.0,1013.7464639321074
2025-12-15T15:30:00Z,2025-12-15T15:45:00Z,2025-12-15,2025-12-15_67,0.0,0,0,99,64.34769095682586,64.34769095682586,0.0,0.0,0.0,True,False,True,False,0.0,1013.7464639321074,0.0,0.0,0.0,0.0,1013.7464639321074
2025-12-15T15:45:00Z,2025-12-15T16:00:00Z,2025-12-15,2025-12-15_68,0.0,0,0,99,64.34769095682586,64.34769095682586,0.0,0.0,0.0,True,False,True,False,0.0,1013.7464639321074,0.0,0.0,0.0,0.0,1013.7464639321074
2025-12-15T16:00:00Z,2025-12-15T16:15:00Z,2025-12-15,2025-12-15_69,0.0,0,0,99,64.34769095682586,64.34769095682586,0.0,0.0,0.0,True,True,True,False,0.0,1013.7464639321074,0.0,0.0,0.0,0.0,1013.7464639321074
2025-12-15T16:15:00Z,2025-12-15T16:30:00Z,2025-12-15,2025-12-15_70,0.0,0,0,99,64.34769095682586,64.34769095682586,0.0,0.0,0.0,True,True,True,False,0.0,1013.7464639321074,0.0,0.0,0.0,0.0,1013.7464639321074
2025-12-15T16:30:00Z,2025-12-15T16:45:00Z,2025-12-15,2025-12-15_71,0.0,0,0,99,64.34769095682586,64.34769095682586,0.0,0.0,0.0,True,True,True,False,0.0,1013.7464639321074,0.0,0.0,0.0,0.0,1013.7464639321074
2025-12-15T16:45:00Z,2025-12-15T17:00:00Z,2025-12-15,2025-12-15_72,0.0,0,0,99,64.34769095682586,64.34769095682586,0.0,0.0,0.0,True,True,True,False,0.0,1013.7464639321074,0.0,0.0,0.0,0.0,1013.7464639321074
2025-12-15T17:00:00Z,2025-12-15T17:15:00Z,2025-12-15,2025-12-15_73,0.0,0,0,99,64.34769095682586,64.34769095682586,0.0,0.0,0.0,True,True,True,False,0.0,1013.7464639321074,0.0,0.0,0.0,0.0,1013.7464639321074
2025-12-15T17:15:00Z,2025-12-15T17:30:00Z,2025-12-15,2025-12-15_74,0.0,0,0,99,64.34769095682586,64.34769095682586,0.0,0.0,0.0,True,True,True,False,0.0,1013.7464639321074,0.0,0.0,0.0,0.0,1013.7464639321074
2025-12-15T17:30:00Z,2025-12-15T17:45:00Z,2025-12-15,2025-12-15_75,0.0,0,0,99,64.34769095682586,64.34769095682586,0.0,0.0,0.0,True,True,True,False,0.0,1013.7464639321074,0.0,0.0,0.0,0.0,1013.7464639321074
2025-12-15T17:45:00Z,2025-12-15T18:00:00Z,2025-12-15,2025-12-15_76,0.0,0,0,99,64.34769095682586,64.34769095682586,0.0,0.0,0.0,True,True,True,False,0.0,1013.7464639321074,0.0,0.0,0.0,0.0,1013.7464639321074
2025-12-15T18:00:00Z,2025-12-15T18:15:00Z,2025-12-15,2025-12-15_77,0.0,0,1,99,64.34769095682586,64.34769095682586,0.0,0.0,0.0,True,True,True,False,0.0,1013.7464639321074,0.0,0.3978076379066478,0.0,0.0,1014.1442715700141
2025-12-15T18:15:00Z,2025-12-15T18:30:00Z,2025-12-15,2025-12-15_78,0.0,0,1,99,64.34769095682586,64.34769095682586,0.0,0.0,0.0,True,True,True,False,0.0,1013.7464639321074,0.0,0.3978076379066478,0.0,0.0,1014.1442715700141
2025-12-15T18:30:00Z,2025-12-15T18:45:00Z,2025-12-15,2025-12-15_79,0.0,0,1,99,64.34769095682586,64.34769095682586,0.0,0.0,0.0,True,True,True,False,0.0,1013.7464639321074,0.0,0.3978076379066478,0.0,0.0,1014.1442715700141
2025-12-15T18:45:00Z,2025-12-15T19:00:00Z,2025-12-15,2025-12-15_80,0.0,0,1,99,64.34769095682586,64.34769095682586,0.0,0.0,0.0,True,True,True,False,0.0,1013.7464639321074,0.0,0.3978076379066478,0.0,0.0,1014.1442715700141
2025-12-15T19:00:00Z,2025-12-15T19:15:00Z,2025-12-15,2025-12-15_81,0.0,0,1,99,64.34769095682586,64.34769095682586,0.0,0.0,0.0,True,True,True,False,0.0,1013.7464639321074,0.0,0.3978076379066478,0.0,0.0,1014.1442715700141
2025-12-15T19:15:00Z,2025-12-15T19:30:00Z,2025-12-15,2025-12-15_82,0.0,0,1,99,64.34769095682586,64.34769095682586,0.0,0.0,0.0,True,True,True,False,0.0,1013.7464639321074,0.0,0.3978076379066478,0.0,0.0,1014.1442715700141
2025-12-15T19:30:00Z,2025-12-15T19:45:00Z,2025-12-15,2025-12-15_83,0.0,0,1,99,64.34769095682586,64.34769095682586,0.0,0.0,0.0,True,True,True,False,0.0,1013.7464639321074,0.0,0.3978076379066478,0.0,0.0,1014.1442715700141
2025-12-15T19:45:00Z,2025-12-15T20:00:00Z,2025-12-15,2025-12-15_84,0.0,0,1,99,64.34769095682586,64.34769095682586,0.0,0.0,0.0,True,True,True,False,0.0,1013.7464639321074,0.0,0.3978076379066478,0.0,0.0,1014.1442715700141
2025-12-15T20:00:00Z,2025-12-15T20:15:00Z,2025-12-15,2025-12-15_85,0.0,0,0,99,64.34769095682586,64.34769095682586,0.0,0.0,0.0,True,True,True,False,0.0,1013.7464639321074,0.0,0.0,0.0,0.0,1013.7464639321074
2025-12-15T20:15:00Z,2025-12-15T20:30:00Z,2025-12-15,2025-12-15_86,0.0,0,0,99,64.34769095682586,64.34769095682586,0.0,0.0,0.0,True,True,True,False,0.0,1013.7464639321074,0.0,0.0,0.0,0.0,1013.7464639321074
2025-12-15T20:30:00Z,2025-12-15T20:45:00Z,2025-12-15,2025-12-15_87,0.0,0,0,99,64.34769095682586,64.34769095682586,0.0,0.0,0.0,True,True,True,False,0.0,1013.7464639321074,0.0,0.0,0.0,0.0,1013.7464639321074
2025-12-15T20:45:00Z,2025-12-15T21:00:00Z,2025-12-15,2025-12-15_88,0.0,0,0,99,64.34769095682586,64.34769095682586,0.0,0.0,0.0,True,True,True,False,0.0,1013.7464639321074,0.0,0.0,0.0,0.0,1013.7464639321074
2025-12-15T21:00:00Z,2025-12-15T21:15:00Z,2025-12-15,2025-12-15_89,0.0,0,0,99,64.34769095682586,64.34769095682586,0.0,0.0,0.0,True,True,True,False,0.0,1013.7464639321074,0.0,0.0,0.0,0.0,1013.7464639321074
2025-12-15T21:15:00Z,2025-12-15T21:30:00Z,2025-12-15,2025-12-15_90,0.0,0,0,99,64.34769095682586,64.34769095682586,0.0,0.0,0.0,True,True,True,False,0.0,1013.7464639321074,0.0,0.0,0.0,0.0,1013.7464639321074
2025-12-15T21:30:00Z,2025-12-15T21:45:00Z,2025-12-15,2025-12-15_91,0.0,0,0,99,64.34769095682586,64.34769095682586,0.0,0.0,0.0,True,True,True,False,0.0,1013.7464639321074,0.0,0.0,0.0,0.0,1013.7464639321074
2025-12-15T21:45:00Z,2025-12-15T22:00:00Z,2025-12-15,2025-12-15_92,0.0,0,0,99,64.34769095682586,64.34769095682586,0.0,0.0,0.0,True,True,True,False,0.0,1013.7464639321074,0.0,0.0,0.0,0.0,1013.7464639321074
2025-12-15T22:00:00Z,2025-12-15T22:15:00Z,2025-12-16,2025-12-15_93,0.0,0,0,99,64.34769095682586,64.34769095682586,0.0,0.0,0.0,True,True,True,False,0.0,1013.5473543622578,0.0,0.0,0.0,0.0,1013.5473543622578
2025-12-15T22:15:00Z,2025-12-15T22:30:00Z,2025-12-16,2025-12-15_94,0.0,0,0,99,64.34769095682586,64.34769095682586,0.0,0.0,0.0,True,True,True,False,0.0,1013.5473543622578,0.0,0.0,0.0,0.0,1013.5473543622578
2025-12-15T22:30:00Z,2025-12-15T22:45:00Z,2025-12-16,2025-12-15_95,0.0,0,0,99,64.34769095682586,64.34769095682586,0.0,0.0,0.0,True,True,True,False,0.0,1013.5473543622578,0.0,0.0,0.0,0.0,1013.5473543622578
2025-12-15T22:45:00Z,2025-12-15T23:00:00Z,2025-12-16,2025-12-15_96,0.0,0,0,99,64.34769095682586,64.34769095682586,0.0,0.0,0.0,True,True,True,False,0.0,1013.5473543622578,0.0,0.0,0.0,0.0,1013.5473543622578
2025-12-15T23:00:00Z,2025-12-15T23:15:00Z,2025-12-16,2025-12-16_1,0.0,0,0,99,64.34769095682586,64.34769095682586,0.0,0.0,0.0,True,True,True,False,0.0,1013.5473543622578,0.0,0.0,0.0,0.0,1013.5473543622578
2025-12-15T23:15:00Z,2025-12-15T23:30:00Z,2025-12-16,2025-12-16_2,0.0,0,0,99,64.34769095682586,64.34769095682586,0.0,0.0,0.0,True,True,True,False,0.0,1013.5473543622578,0.0,0.0,0.0,0.0,1013.5473543622578
2025-12-15T23:30:00Z,2025-12-15T23:45:00Z,2025-12-16,2025-12-16_3,0.0,0,0,99,64.34769095682586,64.34769095682586,0.0,0.0,0.0,True,True,True,False,0.0,1013.5473543622578,0.0,0.0,0.0,0.0,1013.5473543622578
2025-12-15T23:45:00Z,2025-12-16T00:00:00Z,2025-12-16,2025-12-16_4,0.0,0,0,99,64.34769095682586,64.34769095682586,0.0,0.0,0.0,True,True,True,False,0.0,1013.5473543622578,0.0,0.0,0.0,0.0,1013.5473543622578
2025-12-16T00:00:00Z,2025-12-16T00:15:00Z,2025-12-16,2025-12-16_5,0.0,0,0,99,64.34769095682586,64.34769095682586,0.0,0.0,0.0,True,True,True,False,0.0,1013.5473543622578,0.0,0.0,0.0,0.0,1013.5473543622578
2025-12-16T00:15:00Z,2025-12-16T00:30:00Z,2025-12-16,2025-12-16_6,0.0,0,0,99,64.34769095682586,64.34769095682586,0.0,0.0,0.0,True,True,True,False,0.0,1013.5473543622578,0.0,0.0,0.0,0.0,1013.5473543622578
2025-12-16T00:30:00Z,2025-12-16T00:45:00Z,2025-12-16,2025-12-16_7,0.0,0,0,99,64.34769095682586,64.34769095682586,0.0,0.0,0.0,True,True,True,False,0.0,1013.5473543622578,0.0,0.0,0.0,0.0,1013.5473543622578
2025-12-16T00:45:00Z,2025-12-16T01:00:00Z,2025-12-16,2025-12-16_8,0.0,0,0,99,64.34769095682586,64.34769095682586,0.0,0.0,0.0,True,True,True,False,0.0,1013.5473543622578,0.0,0.0,0.0,0.0,1013.5473543622578
2025-12-16T01:00:00Z,2025-12-16T01:15:00Z,2025-12-16,2025-12-16_9,0.0,0,0,99,64.34769095682586,64.34769095682586,0.0,0.0,0.0,True,True,True,False,0.0,1013.5473543622578,0.0,0.0,0.0,0.0,1013.5473543622578
2025-12-16T01:15:00Z,2025-12-16T01:30:00Z,2025-12-16,2025-12-16_10,0.0,0,0,99,64.34769095682586,64.34769095682586,0.0,0.0,0.0,True,True,True,False,0.0,1013.5473543622578,0.0,0.0,0.0,0.0,1013.5473543622578
2025-12-16T01:30:00Z,2025-12-16T01:45:00Z,2025-12-16,2025-12-16_11,0.0,0,0,99,64.34769095682586,64.34769095682586,0.0,0.0,0.0,True,True,True,False,0.0,1013.5473543622578,0.0,0.0,0.0,0.0,1013.5473543622578
2025-12-16T01:45:00Z,2025-12-16T02:00:00Z,2025-12-16,2025-12-16_12,0.0,0,0,99,64.34769095682586,64.34769095682586,0.0,0.0,0.0,True,True,True,False,0.0,1013.5473543622578,0.0,0.0,0.0,0.0,1013.5473543622578
2025-12-16T02:00:00Z,2025-12-16T02:15:00Z,2025-12-16,2025-12-16_13,-1.6508533670513197e-12,0,0,99,64.34769095682586,64.34769095682624,1.0547118733938987e-15,0.0,0.0,True,True,True,False,-3.907157206468711e-11,1013.5473543622578,0.0,0.0,0.0,0.0,1013.5473543622187
2025-12-16T02:15:00Z,2025-12-16T02:30:00Z,2025-12-16,2025-12-16_14,-1.6508533670513197e-12,0,0,99,64.34769095682624,64.34769095682661,1.0547118733938987e-15,0.0,0.0,True,True,True,False,-4.002081275074162e-11,1013.5473543622578,0.0,0.0,0.0,0.0,1013.5473543622178
2025-12-16T02:30:00Z,2025-12-16T02:45:00Z,2025-12-16,2025-12-16_15,-1.6508533670513197e-12,0,0,99,64.34769095682661,64.347690956827,1.0547118733938987e-15,0.0,0.0,True,True,True,False,-4.008684688542367e-11,1013.5473543622578,0.0,0.0,0.0,0.0,1013.5473543622177
2025-12-16T02:45:00Z,2025-12-16T03:00:00Z,2025-12-16,2025-12-16_16,-1.6508533670513199e-12,0,0,99,64.347690956827,64.34769095682736,1.0547118733938987e-15,0.0,0.0,True,True,True,False,-4.153134358159358e-11,1013.5473543622578,0.0,0.0,0.0,0.0,1013.5473543622163
2025-12-16T03:00:00Z,2025-12-16T03:15:00Z,2025-12-16,2025-12-16_17,-1.6508533670513197e-12,0,0,99,64.34769095682736,64.34769095682773,1.0547118733938985e-15,0.0,0.0,True,True,True,False,-4.095767203654324e-11,1013.5473543622578,0.0,0.0,0.0,0.0,1013.5473543622169
2025-12-16T03:15:00Z,2025-12-16T03:30:00Z,2025-12-16,2025-12-16_18,-1.6508533670513197e-12,0,0,99,64.34769095682773,64.34769095682812,1.0547118733938987e-15,0.0,0.0,True,True,True,False,-3.978969327935443e-11,1013.5473543622578,0.0,0.0,0.0,0.0,1013.547354362218
2025-12-16T03:30:00Z,2025-12-16T03:45:00Z,2025-12-16,2025-12-16_19,-1.6508533670513197e-12,0,0,99,64.34769095682812,64.34769095682849,1.0547118733938985e-15,0.0,0.0,True,True,True,False,-4.0247805088711175e-11,1013.5473543622578,0.0,0.0,0.0,0.0,1013.5473543622176
2025-12-16T03:45:00Z,2025-12-16T04:00:00Z,2025-12-16,2025-12-16_20,-1.6508533670513199e-12,0,0,99,64.34769095682849,64.34769095682887,1.054711873393899e-15,0.0,0.0,True,True,True,False,-4.29056790096638e-11,1013.5473543622578,0.0,0.0,0.0,0.0,1013.547354362215
2025-12-16T04:00:00Z,2025-12-16T04:15:00Z,2025-12-16,2025-12-16_21,-1.6508533670513197e-12,0,1,99,64.34769095682887,64.34769095682924,1.054711873393899e-15,0.0,0.0,True,True,True,False,-4.2901551876246174e-11,1013.5473543622578,0.0,0.4039164080606513,0.0,0.0,1013.9512707702755
2025-12-16T04:15:00Z,2025-12-16T04:30:00Z,2025-12-16,2025-12-16_22,-1.6508533670513197e-12,0,1,99,64.34769095682924,64.34769095682962,1.054711873393899e-15,0.0,0.0,True,True,True,False,-4.619500434351356e-11,1013.5473543622578,0.0,0.4039164080606513,0.0,0.0,1013.9512707702722
2025-12-16T04:30:00Z,2025-12-16T04:45:00Z,2025-12-16,2025-12-16_23,-1.6508533670513199e-12,0,1,99,64.34769095682962,64.34769095683001,1.0547118733938987e-15,0.0,0.0,True,True,True,False,-5.713603503364618e-11,1013.5473543622578,0.0,0.4039164080606513,0.0,0.0,1013.9512707702613
2025-12-16T04:45:00Z,2025-12-16T05:00:00Z,2025-12-16,2025-12-16_24,-1.6508533670513197e-12,0,1,99,64.34769095683001,64.34769095683039,1.0547118733938987e-15,0.0,0.0,True,True,True,False,-6.369405003425754e-11,1013.5473543622578,0.0,0.4039164080606513,0.0,0.0,1013.9512707702547
2025-12-16T05:00:00Z,2025-12-16T05:15:00Z,2025-12-16,2025-12-16_25,-1.6508533670513197e-12,0,0,99,64.34769095683039,64.34769095683077,1.0547118733938987e-15,0.0,0.0,True,False,True,False,-5.568741120405864e-11,1013.5473543622578,0.0,0.0,0.0,0.0,1013.5473543622021
2025-12-16T05:15:00Z,2025-12-16T05:30:00Z,2025-12-16,2025-12-16_26,-1.6508533670513197e-12,0,0,99,64.34769095683077,64.34769095683116,1.0547118733938987e-15,0.0,0.0,True,False,True,False,-7.076795671207245e-11,1013.5473543622578,0.0,0.0,0.0,0.0,1013.5473543621871
2025-12-16T05:30:00Z,2025-12-16T05:45:00Z,2025-12-16,2025-12-16_27,-1.6508533670513197e-12,0,0,99,64.34769095683116,64.34769095683154,1.0547118733938987e-15,0.0,0.0,True,False,True,False,-8.079689091690922e-11,1013.5473543622578,0.0,0.0,0.0,0.0,1013.547354362177
2025-12-16T05:45:00Z,2025-12-16T06:00:00Z,2025-12-16,2025-12-16_28,-1.6508533670513197e-12,0,0,99,64.34769095683154,64.34769095683193,1.0547118733938987e-15,0.0,0.0,True,False,True,False,-8.338460356976215e-11,1013.5473543622578,0.0,0.0,0.0,0.0,1013.5473543621745
2025-12-16T06:00:00Z,2025-12-16T06:15:00Z,2025-12-16,2025-12-16_29,-1.6508533670513197e-12,0,0,99,64.34769095683193,64.34769095683231,1.0547118733938987e-15,0.0,0.0,True,False,True,False,-8.618280002691414e-11,1013.5473543622578,0.0,0.0,0.0,0.0,1013.5473543621716
2025-12-16T06:15:00Z,2025-12-16T06:30:00Z,2025-12-16,2025-12-16_30,-1.6508533670513197e-12,0,0,99,64.34769095683231,64.3476909568327,1.0547118733938987e-15,0.0,0.0,True,False,True,False,-8.668631030386479e-11,1013.5473543622578,0.0,0.0,0.0,0.0,1013.5473543621711
2025-12-16T06:30:00Z,2025-12-16T06:45:00Z,2025-12-16,2025-12-16_31,-1.6508533670513197e-12,0,0,99,64.3476909568327,64.34769095683308,1.0547118733938987e-15,0.0,0.0,True,False,True,False,-8.054100864501626e-11,1013.5473543622578,0.0,0.0,0.0,0.0,1013.5473543621773
2025-12-16T06:45:00Z,2025-12-16T07:00:00Z,2025-12-16,2025-12-16_32,-1.6508533670513197e-12,0,0,99,64.34769095683308,64.34769095683346,1.0547118733938987e-15,0.0,0.0,True,False,True,False,-6.681829003140217e-11,1013.5473543622578,0.0,0.0,0.0,0.0,1013.547354362191
2025-12-16T07:00:00Z,2025-12-16T07:15:00Z,2025-12-16,2025-12-16_33,-1.6508533670513197e-12,0,0,99,64.34769095683346,64.34769095683384,1.0547118733938987e-15,0.0,0.0,True,True,True,False,-6.059869997103632e-11,1013.5473543622578,0.0,0.0,0.0,0.0,1013.5473543621972
2025-12-16T07:15:00Z,2025-12-16T07:30:00Z,2025-12-16,2025-12-16_34,-1.6508533670513197e-12,0,0,99,64.34769095683384,64.34769095683421,1.0547118733938987e-15,0.0,0.0,True,True,True,False,-5.82338525227353e-11,1013.5473543622578,0.0,0.0,0.0,0.0,1013.5473543621996
2025-12-16T07:30:00Z,2025-12-16T07:45:00Z,2025-12-16,2025-12-16_35,-1.6508533670513197e-12,0,0,99,64.34769095683421,64.34769095683458,1.0547118733938987e-15,0.0,0.0,True,True,True,False,-5.581535234000512e-11,1013.5473543622578,0.0,0.0,0.0,0.0,1013.547354362202
2025-12-16T07:45:00Z,2025-12-16T08:00:00Z,2025-12-16,2025-12-16_36,-1.6508533670513197e-12,0,0,99,64.34769095683458,64.34769095683497,1.0547118733938987e-15,0.0,0.0,True,True,True,False,-5.472578911775125e-11,1013.5473543622578,0.0,0.0,0.0,0.0,1013.5473543622031
2025-12-16T08:00:00Z,2025-12-16T08:15:00Z,2025-12-16,2025-12-16_37,-1.6508533670513199e-12,0,0,87,64.34769095683497,64.34769095683534,1.054711873393899e-15,0.0,0.0,True,True,True,False,-5.653347355467245e-11,890.693129591075,0.0,0.0,0.0,0.0,890.6931295910185
2025-12-16T08:15:00Z,2025-12-16T08:30:00Z,2025-12-16,2025-12-16_38,-1.6508533670513193e-12,0,0,87,64.34769095683534,64.34769095683572,1.0547118733938985e-15,0.0,0.0,True,True,True,False,-5.340097929069254e-11,890.693129591075,0.0,0.0,0.0,0.0,890.6931295910216
2025-12-16T08:30:00Z,2025-12-16T08:45:00Z,2025-12-16,2025-12-16_39,-1.6508533670513197e-12,0,0,87,64.34769095683572,64.3476909568361,1.0547118733938987e-15,0.0,0.0,True,True,True,False,-5.1770761590729386e-11,890.693129591075,0.0,0.0,0.0,0.0,890.6931295910233
2025-12-16T08:45:00Z,2025-12-16T09:00:00Z,2025-12-16,2025-12-16_40,-1.6508533670513197e-12,0,0,87,64.3476909568361,64.34769095683649,1.0547118733938987e-15,0.0,0.0,True,True,True,False,-4.845254632295624e-11,890.693129591075,0.0,0.0,0.0,0.0,890.6931295910266
2025-12-16T09:00:00Z,2025-12-16T09:15:00Z,2025-12-16,2025-12-16_41,-1.6508533670513197e-12,0,0,87,64.34769095683649,64.34769095683687,1.0547118733938987e-15,0.0,0.0,True,True,True,False,-5.4189261773459577e-11,890.693129591075,0.0,0.0,0.0,0.0,890.6931295910208
2025-12-16T09:15:00Z,2025-12-16T09:30:00Z,2025-12-16,2025-12-16_42,-1.6508533670513197e-12,0,0,87,64.34769095683687,64.34769095683725,1.0547118733938987e-15,0.0,0.0,True,True,True,False,-5.168821892237682e-11,890.693129591075,0.0,0.0,0.0,0.0,890.6931295910233
2025-12-16T09:30:00Z,2025-12-16T09:45:00Z,2025-12-16,2025-12-16_43,-1.6508533670513193e-12,0,0,87,64.34769095683725,64.34769095683762,1.0547118733938985e-15,0.0,0.0,True,True,True,False,-5.0342773428229984e-11,890.693129591075,0.0,0.0,0.0,0.0,890.6931295910247
2025-12-16T09:45:00Z,2025-12-16T10:00:00Z,2025-12-16,2025-12-16_44,-1.6508533670513197e-12,0,0,87,64.34769095683762,64.34769095683801,1.0547118733938987e-15,0.0,0.0,True,True,True,False,-4.680994722274017e-11,890.693129591075,0.0,0.0,0.0,0.0,890.6931295910282
2025-12-16T10:00:00Z,2025-12-16T10:15:00Z,2025-12-16,2025-12-16_45,-1.6508533670513197e-12,0,13,87,64.34769095683801,64.34769095683839,1.0547118733938987e-15,0.0,0.0,True,True,True,False,-5.076374103682808e-11,890.693129591075,0.0,5.266233256078878,0.0,0.0,895.9593628471032
2025-12-16T10:15:00Z,2025-12-16T10:30:00Z,2025-12-16,2025-12-16_46,-1.6508533670513197e-12,0,13,87,64.34769095683839,64.34769095683878,1.0547118733938987e-15,0.0,0.0,True,True,True,False,-4.850207192396777e-11,890.693129591075,0.0,5.266233256078878,0.0,0.0,895.9593628471055
2025-12-16T10:30:00Z,2025-12-16T10:45:00Z,2025-12-16,2025-12-16_47,-1.6508533670513197e-12,0,13,87,64.34769095683878,64.34769095683916,1.0547118733938987e-15,0.0,0.0,True,True,True,False,-4.6772803021981517e-11,890.693129591075,0.0,5.266233256078878,0.0,0.0,895.9593628471072
2025-12-16T10:45:00Z,2025-12-16T11:00:00Z,2025-12-16,2025-12-16_48,-1.6508533670513199e-12,0,13,87,64.34769095683916,64.34769095683953,1.0547118733938987e-15,0.0,0.0,True,True,True,False,-4.6421996681483115e-11,890.693129591075,0.0,5.266233256078878,0.0,0.0,895.9593628471075
2025-12-16T11:00:00Z,2025-12-16T11:15:00Z,2025-12-16,2025-12-16_49,-1.6508533670513197e-12,0,0,87,64.34769095683953,64.34769095683991,1.0547118733938987e-15,0.0,0.0,True,True,True,False,-4.8815734063707524e-11,890.693129591075,0.0,0.0,0.0,0.0,890.6931295910263
2025-12-16T11:15:00Z,2025-12-16T11:30:00Z,2025-12-16,2025-12-16_50,-1.6508533670513197e-12,0,0,87,64.34769095683991,64.34769095684028,1.0547118733938987e-15,0.0,0.0,True,True,True,False,-4.65375564171767e-11,890.693129591075,0.0,0.0,0.0,0.0,890.6931295910285
2025-12-16T11:30:00Z,2025-12-16T11:45:00Z,2025-12-16,2025-12-16_51,-1.6508533670513197e-12,0,0,87,64.34769095684028,64.34769095684065,1.0547118733938987e-15,0.0,0.0,True,True,True,False,-4.865890299383765e-11,890.693129591075,0.0,0.0,0.0,0.0,890.6931295910264
2025-12-16T11:45:00Z,2025-12-16T12:00:00Z,2025-12-16,2025-12-16_52,-1.6508533670513197e-12,0,0,87,64.34769095684065,64.34769095684103,1.0547118733938987e-15,0.0,0.0,True,True,True,False,-4.9954822886972934e-11,890.693129591075,0.0,0.0,0.0,0.0,890.6931295910251
2025-12-16T12:00:00Z,2025-12-16T12:15:00Z,2025-12-16,2025-12-16_53,-1.6508533670513197e-12,0,0,87,64.34769095684103,64.34769095684142,1.0547118733938987e-15,0.0,0.0,True,False,True,False,-4.986815308520274e-11,890.693129591075,0.0,0.0,0.0,0.0,890.6931295910251
2025-12-16T12:15:00Z,2025-12-16T12:30:00Z,2025-12-16,2025-12-16_54,-1.6508533670513197e-12,0,0,87,64.34769095684142,64.3476909568418,1.0547118733938987e-15,0.0,0.0,True,False,True,False,-5.205553379654574e-11,890.693129591075,0.0,0.0,0.0,0.0,890.693129591023
2025-12-16T12:30:00Z,2025-12-16T12:45:00Z,2025-12-16,2025-12-16_55,-1.6508533670513197e-12,0,0,87,64.3476909568418,64.34769095684219,1.0547118733938987e-15,0.0,0.0,True,False,True,False,-5.406544777093072e-11,890.693129591075,0.0,0.0,0.0,0.0,890.6931295910209
2025-12-16T12:45:00Z,2025-12-16T13:00:00Z,2025-12-16,2025-12-16_56,-1.6508533670513197e-12,0,0,87,64.34769095684219,64.34769095684257,1.0547118733938987e-15,0.0,0.0,True,False,True,False,-5.7614782510091054e-11,890.693129591075,0.0,0.0,0.0,0.0,890.6931295910174
2025-12-16T13:00:00Z,2025-12-16T13:15:00Z,2025-12-16,2025-12-16_57,-1.6508533670513197e-12,0,1,99,64.34769095684257,64.34769095684295,1.0547118733938987e-15,0.0,0.0,True,True,True,False,-5.127137844719636e-11,1013.5473543622578,0.0,0.4050948658522214,0.0,0.0,1013.9524492280588
2025-12-16T13:15:00Z,2025-12-16T13:30:00Z,2025-12-16,2025-12-16_58,-1.6508533670513197e-12,0,1,99,64.34769095684295,64.34769095684332,1.0547118733938987e-15,0.0,0.0,True,True,True,False,-5.626108274910897e-11,1013.5473543622578,0.0,0.4050948658522214,0.0,0.0,1013.9524492280538
2025-12-16T13:30:00Z,2025-12-16T13:45:00Z,2025-12-16,2025-12-16_59,-1.6508533670513197e-12,0,1,99,64.34769095684332,64.3476909568437,1.0547118733938987e-15,0.0,0.0,True,True,True,False,-6.196890826568891e-11,1013.5473543622578,0.0,0.4050948658522214,0.0,0.0,1013.9524492280481
2025-12-16T13:45:00Z,2025-12-16T14:00:00Z,2025-12-16,2025-12-16_60,-1.6508533670513197e-12,0,1,99,64.3476909568437,64.34769095684408,1.0547118733938987e-15,0.0,0.0,True,True,True,False,-6.280258921604983e-11,1013.5473543622578,0.0,0.4050948658522214,0.0,0.0,1013.9524492280473
2025-12-16T14:00:00Z,2025-12-16T14:15:00Z,2025-12-16,2025-12-16_61,-1.6508533670513197e-12,0,0,99,64.34769095684408,64.34769095684446,1.0547118733938987e-15,0.0,0.0,True,False,True,False,-5.4131481905612773e-11,1013.5473543622578,0.0,0.0,0.0,0.0,1013.5473543622037
2025-12-16T14:15:00Z,2025-12-16T14:30:00Z,2025-12-16,2025-12-16_62,-1.6508533670513197e-12,0,0,99,64.34769095684446,64.34769095684484,1.0547118733938987e-15,0.0,0.0,True,False,True,False,-5.7379535905286246e-11,1013.5473543622578,0.0,0.0,0.0,0.0,1013.5473543622004
2025-12-16T14:30:00Z,2025-12-16T14:45:00Z,2025-12-16,2025-12-16_63,-1.6508533670513197e-12,0,0,99,64.34769095684484,64.34769095684523,1.0547118733938987e-15,0.0,0.0,True,False,True,False,-7.951335242402681e-11,1013.5473543622578,0.0,0.0,0.0,0.0,1013.5473543621783
2025-12-16T14:45:00Z,2025-12-16T15:00:00Z,2025-12-16,2025-12-16_64,-1.6508533670513197e-12,0,0,99,64.34769095684523,64.34769095684561,1.0547118733938987e-15,0.0,0.0,True,False,True,False,-9.101154612553925e-11,1013.5473543622578,0.0,0.0,0.0,0.0,1013.5473543621667
2025-12-16T15:00:00Z,2025-12-16T15:15:00Z,2025-12-16,2025-12-16_65,-1.6508533670513197e-12,0,0,99,64.34769095684561,64.34769095684598,1.0547118733938987e-15,0.0,0.0,True,True,True,False,-9.111472446097997e-11,1013.5473543622578,0.0,0.0,0.0,0.0,1013.5473543621667
2025-12-16T15:15:00Z,2025-12-16T15:30:00Z,2025-12-16,2025-12-16_66,-1.6508533670513197e-12,0,0,99,64.34769095684598,64.34769095684636,1.0547118733938987e-15,0.0,0.0,True,True,True,False,-9.083407938858124e-11,1013.5473543622578,0.0,0.0,0.0,0.0,1013.547354362167
2025-12-16T15:30:00Z,2025-12-16T15:45:00Z,2025-12-16,2025-12-16_67,-1.6508533670513199e-12,0,0,99,64.34769095684636,64.34769095684675,1.054711873393899e-15,0.0,0.0,True,True,True,False,-9.600125042745189e-11,1013.5473543622578,0.0,0.0,0.0,0.0,1013.5473543621619
2025-12-16T15:45:00Z,2025-12-16T16:00:00Z,2025-12-16,2025-12-16_68,-1.6508533670513197e-12,0,0,99,64.34769095684675,64.34769095684713,1.0547118733938987e-15,0.0,0.0,True,True,True,False,-1.0437107699840205e-10,1013.5473543622578,0.0,0.0,0.0,0.0,1013.5473543621534
2025-12-16T16:00:00Z,2025-12-16T16:15:00Z,2025-12-16,2025-12-16_69,-1.6508533670513197e-12,0,0,99,64.34769095684713,64.34769095684752,1.0547118733938987e-15,0.0,0.0,True,True,True,False,-1.0231576455642316e-10,1013.5473543622578,0.0,0.0,0.0,0.0,1013.5473543621555
2025-12-16T16:15:00Z,2025-12-16T16:30:00Z,2025-12-16,2025-12-16_70,-1.6508533670513197e-12,0,0,99,64.34769095684752,64.3476909568479,1.0547118733938987e-15,0.0,0.0,True,True,True,False,-8.409859765101186e-11,1013.5473543622578,0.0,0.0,0.0,0.0,1013.5473543621737
2025-12-16T16:30:00Z,2025-12-16T16:45:00Z,2025-12-16,2025-12-16_71,-1.6508533670513197e-12,0,0,99,64.3476909568479,64.34769095684828,1.0547118733938987e-15,0.0,0.0,True,True,True,False,-8.205153947586822e-11,1013.5473543622578,0.0,0.0,0.0,0.0,1013.5473543621757
2025-12-16T16:45:00Z,2025-12-16T17:00:00Z,2025-12-16,2025-12-16_72,-1.6508533670513193e-12,0,0,99,64.34769095684828,64.34769095684867,1.0547118733938987e-15,0.0,0.0,True,True,True,False,-7.821743253089152e-11,1013.5473543622578,0.0,0.0,0.0,0.0,1013.5473543621796
2025-12-16T17:00:00Z,2025-12-16T17:15:00Z,2025-12-16,2025-12-16_73,-1.6508533670513197e-12,0,0,99,64.34769095684867,64.34769095684905,1.054711873393899e-15,0.0,0.0,True,True,True,False,-7.28026334869632e-11,1013.5473543622578,0.0,0.0,0.0,0.0,1013.547354362185
2025-12-16T17:15:00Z,2025-12-16T17:30:00Z,2025-12-16,2025-12-16_74,-1.6508533670513197e-12,0,0,99,64.34769095684905,64.34769095684942,1.0547118733938985e-15,0.0,0.0,True,True,True,False,-9.597236049352847e-11,1013.5473543622578,0.0,0.0,0.0,0.0,1013.5473543621619
2025-12-16T17:30:00Z,2025-12-16T17:45:00Z,2025-12-16,2025-12-16_75,-1.6508533670513197e-12,0,0,99,64.34769095684942,64.3476909568498,1.0547118733938987e-15,0.0,0.0,True,True,True,False,-7.620751855650654e-11,1013.5473543622578,0.0,0.0,0.0,0.0,1013.5473543621816
2025-12-16T17:45:00Z,2025-12-16T18:00:00Z,2025-12-16,2025-12-16_76,-1.6508533670513197e-12,0,0,99,64.3476909568498,64.34769095685017,1.054711873393899e-15,0.0,0.0,True,True,True,False,-8.69917181767693e-11,1013.5473543622578,0.0,0.0,0.0,0.0,1013.5473543621708
2025-12-16T18:00:00Z,2025-12-16T18:15:00Z,2025-12-16,2025-12-16_77,-1.6508533670513197e-12,0,0,99,64.34769095685017,64.34769095685056,1.0547118733938987e-15,0.0,0.0,True,True,True,False,-7.895618941264699e-11,1013.5473543622578,0.0,0.0,0.0,0.0,1013.5473543621788
2025-12-16T18:15:00Z,2025-12-16T18:30:00Z,2025-12-16,2025-12-16_78,-1.6508533670513197e-12,0,0,99,64.34769095685056,64.34769095685093,1.0547118733938987e-15,0.0,0.0,True,True,True,False,-7.87539598751832e-11,1013.5473543622578,0.0,0.0,0.0,0.0,1013.547354362179
2025-12-16T18:30:00Z,2025-12-16T18:45:00Z,2025-12-16,2025-12-16_79,-1.6508533670513197e-12,0,0,99,64.34769095685093,64.34769095685131,1.054711873393899e-15,0.0,0.0,True,True,True,False,-6.799865018884385e-11,1013.5473543622578,0.0,0.0,0.0,0.0,1013.5473543621898
2025-12-16T18:45:00Z,2025-12-16T19:00:00Z,2025-12-16,2025-12-16_80,-1.6508533670513197e-12,0,0,99,64.34769095685131,64.34769095685168,1.0547118733938987e-15,0.0,0.0,True,True,True,False,-5.850211619488114e-11,1013.5473543622578,0.0,0.0,0.0,0.0,1013.5473543621993
2025-12-16T19:00:00Z,2025-12-16T19:15:00Z,2025-12-16,2025-12-16_81,-1.6508533670513197e-12,0,0,99,64.34769095685168,64.34769095685206,1.0547118733938987e-15,0.0,0.0,True,True,True,False,-6.776340358403904e-11,1013.5473543622578,0.0,0.0,0.0,0.0,1013.54735436219
2025-12-16T19:15:00Z,2025-12-16T19:30:00Z,2025-12-16,2025-12-16_82,-1.6508533670513197e-12,0,0,99,64.34769095685206,64.34769095685245,1.0547118733938987e-15,0.0,0.0,True,True,True,False,-5.791606324957793e-11,1013.5473543622578,0.0,0.0,0.0,0.0,1013.5473543621999
2025-12-16T19:30:00Z,2025-12-16T19:45:00Z,2025-12-16,2025-12-16_83,-1.6508533670513197e-12,0,0,99,64.34769095685245,64.34769095685282,1.0547118733938987e-15,0.0,0.0,True,True,True,False,-5.439561844434099e-11,1013.5473543622578,0.0,0.0,0.0,0.0,1013.5473543622035
2025-12-16T19:45:00Z,2025-12-16T20:00:00Z,2025-12-16,2025-12-16_84,-1.6508533670513197e-12,0,0,99,64.34769095685282,64.34769095685319,1.0547118733938987e-15,0.0,0.0,True,True,True,False,-4.941829554268125e-11,1013.5473543622578,0.0,0.0,0.0,0.0,1013.5473543622084
2025-12-16T20:00:00Z,2025-12-16T20:15:00Z,2025-12-16,2025-12-16_85,-1.6508533670513197e-12,0,0,99,64.34769095685319,64.34769095685357,1.0547118733938985e-15,0.0,0.0,True,True,True,False,-5.581122520658749e-11,1013.5473543622578,0.0,0.0,0.0,0.0,1013.547354362202
2025-12-16T20:15:00Z,2025-12-16T20:30:00Z,2025-12-16,2025-12-16_86,-1.6508533670513197e-12,0,0,99,64.34769095685357,64.34769095685395,1.0547118733938987e-15,0.0,0.0,True,True,True,False,-5.1238361379855334e-11,1013.5473543622578,0.0,0.0,0.0,0.0,1013.5473543622065
2025-12-16T20:30:00Z,2025-12-16T20:45:00Z,2025-12-16,2025-12-16_87,-1.6508533670513197e-12,0,0,99,64.34769095685395,64.34769095685432,1.0547118733938987e-15,0.0,0.0,True,True,True,False,-4.80687229151168e-11,1013.5473543622578,0.0,0.0,0.0,0.0,1013.5473543622097
2025-12-16T20:45:00Z,2025-12-16T21:00:00Z,2025-12-16,2025-12-16_88,-1.6508533670513197e-12,0,0,99,64.34769095685432,64.3476909568547,1.0547118733938987e-15,0.0,0.0,True,True,True,False,-4.2988221678016366e-11,1013.5473543622578,0.0,0.0,0.0,0.0,1013.5473543622148
2025-12-16T21:00:00Z,2025-12-16T21:15:00Z,2025-12-16,2025-12-16_89,-1.6508533670513197e-12,0,0,99,64.3476909568547,64.34769095685509,1.054711873393899e-15,0.0,0.0,True,True,True,False,-5.3739404230938085e-11,1013.5473543622578,0.0,0.0,0.0,0.0,1013.547354362204
2025-12-16T21:15:00Z,2025-12-16T21:30:00Z,2025-12-16,2025-12-16_90,-1.6508533670513193e-12,0,0,99,64.34769095685509,64.34769095685546,1.0547118733938985e-15,0.0,0.0,True,True,True,False,-4.8757954195860714e-11,1013.5473543622578,0.0,0.0,0.0,0.0,1013.547354362209
2025-12-16T21:30:00Z,2025-12-16T21:45:00Z,2025-12-16,2025-12-16_91,-1.6508533670513193e-12,0,0,99,64.34769095685546,64.34769095685583,1.0547118733938985e-15,0.0,0.0,True,True,True,False,-4.6979159692862916e-11,1013.5473543622578,0.0,0.0,0.0,0.0,1013.5473543622109
2025-12-16T21:45:00Z,2025-12-16T22:00:00Z,2025-12-16,2025-12-16_92,-1.6508533670513197e-12,0,0,99,64.34769095685583,64.3476909568562,1.0547118733938987e-15,0.0,0.0,True,True,True,False,-4.4098420567358375e-11,1013.5473543622578,0.0,0.0,0.0,0.0,1013.5473543622137
2025-12-16T22:00:00Z,2025-12-16T22:15:00Z,2025-12-17,2025-12-16_93,0.0,0,0,99,64.3476909568562,64.3476909568562,0.0,0.0,0.0,True,True,True,False,0.0,1013.4279261586804,0.0,0.0,0.0,0.0,1013.4279261586804
2025-12-16T22:15:00Z,2025-12-16T22:30:00Z,2025-12-17,2025-12-16_94,0.0,0,0,99,64.3476909568562,64.3476909568562,0.0,0.0,0.0,True,True,True,False,0.0,1013.4279261586804,0.0,0.0,0.0,0.0,1013.4279261586804
2025-12-16T22:30:00Z,2025-12-16T22:45:00Z,2025-12-17,2025-12-16_95,0.0,0,0,99,64.3476909568562,64.3476909568562,0.0,0.0,0.0,True,True,True,False,0.0,1013.4279261586804,0.0,0.0,0.0,0.0,1013.4279261586804
2025-12-16T22:45:00Z,2025-12-16T23:00:00Z,2025-12-17,2025-12-16_96,0.0,0,0,99,64.3476909568562,64.3476909568562,0.0,0.0,0.0,True,True,True,False,0.0,1013.4279261586804,0.0,0.0,0.0,0.0,1013.4279261586804
2025-12-16T23:00:00Z,2025-12-16T23:15:00Z,2025-12-17,2025-12-17_1,0.0,0,0,99,64.3476909568562,64.3476909568562,0.0,0.0,0.0,True,True,True,False,0.0,1013.4279261586804,0.0,0.0,0.0,0.0,1013.4279261586804
2025-12-16T23:15:00Z,2025-12-16T23:30:00Z,2025-12-17,2025-12-17_2,0.0,0,0,99,64.3476909568562,64.3476909568562,0.0,0.0,0.0,True,True,True,False,0.0,1013.4279261586804,0.0,0.0,0.0,0.0,1013.4279261586804
2025-12-16T23:30:00Z,2025-12-16T23:45:00Z,2025-12-17,2025-12-17_3,0.0,0,0,99,64.3476909568562,64.3476909568562,0.0,0.0,0.0,True,True,True,False,0.0,1013.4279261586804,0.0,0.0,0.0,0.0,1013.4279261586804
2025-12-16T23:45:00Z,2025-12-17T00:00:00Z,2025-12-17,2025-12-17_4,0.0,0,0,99,64.3476909568562,64.3476909568562,0.0,0.0,0.0,True,True,True,False,0.0,1013.4279261586804,0.0,0.0,0.0,0.0,1013.4279261586804
2025-12-17T00:00:00Z,2025-12-17T00:15:00Z,2025-12-17,2025-12-17_5,0.0,0,0,99,64.3476909568562,64.3476909568562,0.0,0.0,0.0,True,True,True,False,0.0,1013.4279261586804,0.0,0.0,0.0,0.0,1013.4279261586804
2025-12-17T00:15:00Z,2025-12-17T00:30:00Z,2025-12-17,2025-12-17_6,0.0,0,0,99,64.3476909568562,64.3476909568562,0.0,0.0,0.0,True,True,True,False,0.0,1013.4279261586804,0.0,0.0,0.0,0.0,1013.4279261586804
2025-12-17T00:30:00Z,2025-12-17T00:45:00Z,2025-12-17,2025-12-17_7,0.0,0,0,99,64.3476909568562,64.3476909568562,0.0,0.0,0.0,True,True,True,False,0.0,1013.4279261586804,0.0,0.0,0.0,0.0,1013.4279261586804
2025-12-17T00:45:00Z,2025-12-17T01:00:00Z,2025-12-17,2025-12-17_8,0.0,0,0,99,64.3476909568562,64.3476909568562,0.0,0.0,0.0,True,True,True,False,0.0,1013.4279261586804,0.0,0.0,0.0,0.0,1013.4279261586804
2025-12-17T01:00:00Z,2025-12-17T01:15:00Z,2025-12-17,2025-12-17_9,0.0,1,0,99,64.3476909568562,64.3476909568562,0.0,0.0,0.0,True,True,True,False,0.0,1013.4279261586804,1.0074626865671643,0.0,0.0,0.0,1014.4353888452475
2025-12-17T01:15:00Z,2025-12-17T01:30:00Z,2025-12-17,2025-12-17_10,0.0,1,0,99,64.3476909568562,64.3476909568562,0.0,0.0,0.0,True,True,True,False,0.0,1013.4279261586804,1.0074626865671643,0.0,0.0,0.0,1014.4353888452475
2025-12-17T01:30:00Z,2025-12-17T01:45:00Z,2025-12-17,2025-12-17_11,0.0,1,0,99,64.3476909568562,64.3476909568562,0.0,0.0,0.0,True,True,True,False,0.0,1013.4279261586804,1.0074626865671643,0.0,0.0,0.0,1014.4353888452475
2025-12-17T01:45:00Z,2025-12-17T02:00:00Z,2025-12-17,2025-12-17_12,0.0,1,0,99,64.3476909568562,64.3476909568562,0.0,0.0,0.0,True,True,True,False,0.0,1013.4279261586804,1.0074626865671643,0.0,0.0,0.0,1014.4353888452475
2025-12-17T02:00:00Z,2025-12-17T02:15:00Z,2025-12-17,2025-12-17_13,0.0,0,0,99,64.3476909568562,64.3476909568562,0.0,0.0,0.0,True,True,True,False,0.0,1013.4279261586804,0.0,0.0,0.0,0.0,1013.4279261586804
2025-12-17T02:15:00Z,2025-12-17T02:30:00Z,2025-12-17,2025-12-17_14,0.0,0,0,99,64.3476909568562,64.3476909568562,0.0,0.0,0.0,True,True,True,False,0.0,1013.4279261586804,0.0,0.0,0.0,0.0,1013.4279261586804
2025-12-17T02:30:00Z,2025-12-17T02:45:00Z,2025-12-17,2025-12-17_15,0.0,0,0,99,64.3476909568562,64.3476909568562,0.0,0.0,0.0,True,True,True,False,0.0,1013.4279261586804,0.0,0.0,0.0,0.0,1013.4279261586804
2025-12-17T02:45:00Z,2025-12-17T03:00:00Z,2025-12-17,2025-12-17_16,0.0,0,0,99,64.3476909568562,64.3476909568562,0.0,0.0,0.0,True,True,True,False,0.0,1013.4279261586804,0.0,0.0,0.0,0.0,1013.4279261586804
2025-12-17T03:00:00Z,2025-12-17T03:15:00Z,2025-12-17,2025-12-17_17,0.0,0,0,99,64.3476909568562,64.3476909568562,0.0,0.0,0.0,True,True,True,False,0.0,1013.4279261586804,0.0,0.0,0.0,0.0,1013.4279261586804
2025-12-17T03:15:00Z,2025-12-17T03:30:00Z,2025-12-17,2025-12-17_18,0.0,0,0,99,64.3476909568562,64.3476909568562,0.0,0.0,0.0,True,True,True,False,0.0,1013.4279261586804,0.0,0.0,0.0,0.0,1013.4279261586804
2025-12-17T03:30:00Z,2025-12-17T03:45:00Z,2025-12-17,2025-12-17_19,0.0,0,0,99,64.3476909568562,64.3476909568562,0.0,0.0,0.0,True,True,True,False,0.0,1013.4279261586804,0.0,0.0,0.0,0.0,1013.4279261586804
2025-12-17T03:45:00Z,2025-12-17T04:00:00Z,2025-12-17,2025-12-17_20,0.0,0,0,99,64.3476909568562,64.3476909568562,0.0,0.0,0.0,True,True,True,False,0.0,1013.4279261586804,0.0,0.0,0.0,0.0,1013.4279261586804
2025-12-17T04:00:00Z,2025-12-17T04:15:00Z,2025-12-17,2025-12-17_21,0.0,0,0,99,64.3476909568562,64.3476909568562,0.0,0.0,0.0,True,True,True,False,0.0,1013.4279261586804,0.0,0.0,0.0,0.0,1013.4279261586804
2025-12-17T04:15:00Z,2025-12-17T04:30:00Z,2025-12-17,2025-12-17_22,0.0,0,0,99,64.3476909568562,64.3476909568562,0.0,0.0,0.0,True,True,True,False,0.0,1013.4279261586804,0.0,0.0,0.0,0.0,1013.4279261586804
2025-12-17T04:30:00Z,2025-12-17T04:45:00Z,2025-12-17,2025-12-17_23,0.0,0,0,99,64.3476909568562,64.3476909568562,0.0,0.0,0.0,True,True,True,False,0.0,1013.4279261586804,0.0,0.0,0.0,0.0,1013.4279261586804
2025-12-17T04:45:00Z,2025-12-17T05:00:00Z,2025-12-17,2025-12-17_24,0.0,0,0,99,64.3476909568562,64.3476909568562,0.0,0.0,0.0,True,True,True,False,0.0,1013.4279261586804,0.0,0.0,0.0,0.0,1013.4279261586804
2025-12-17T05:00:00Z,2025-12-17T05:15:00Z,2025-12-17,2025-12-17_25,0.0,0,0,99,64.3476909568562,64.3476909568562,0.0,0.0,0.0,True,True,True,False,0.0,1013.4279261586804,0.0,0.0,0.0,0.0,1013.4279261586804
2025-12-17T05:15:00Z,2025-12-17T05:30:00Z,2025-12-17,2025-12-17_26,0.0,0,0,99,64.3476909568562,64.3476909568562,0.0,0.0,0.0,True,True,True,False,0.0,1013.4279261586804,0.0,0.0,0.0,0.0,1013.4279261586804
2025-12-17T05:30:00Z,2025-12-17T05:45:00Z,2025-12-17,2025-12-17_27,0.0,0,0,99,64.3476909568562,64.3476909568562,0.0,0.0,0.0,True,True,True,False,0.0,1013.4279261586804,0.0,0.0,0.0,0.0,1013.4279261586804
2025-12-17T05:45:00Z,2025-12-17T06:00:00Z,2025-12-17,2025-12-17_28,0.0,0,0,99,64.3476909568562,64.3476909568562,0.0,0.0,0.0,True,True,True,False,0.0,1013.4279261586804,0.0,0.0,0.0,0.0,1013.4279261586804
2025-12-17T06:00:00Z,2025-12-17T06:15:00Z,2025-12-17,2025-12-17_29,0.0,0,0,99,64.3476909568562,64.3476909568562,0.0,0.0,0.0,True,True,True,False,0.0,1013.4279261586804,0.0,0.0,0.0,0.0,1013.4279261586804
2025-12-17T06:15:00Z,2025-12-17T06:30:00Z,2025-12-17,2025-12-17_30,0.0,0,0,99,64.3476909568562,64.3476909568562,0.0,0.0,0.0,True,True,True,False,0.0,1013.4279261586804,0.0,0.0,0.0,0.0,1013.4279261586804
2025-12-17T06:30:00Z,2025-12-17T06:45:00Z,2025-12-17,2025-12-17_31,0.0,0,0,99,64.3476909568562,64.3476909568562,0.0,0.0,0.0,True,True,True,False,0.0,1013.4279261586804,0.0,0.0,0.0,0.0,1013.4279261586804
2025-12-17T06:45:00Z,2025-12-17T07:00:00Z,2025-12-17,2025-12-17_32,0.0,0,0,99,64.3476909568562,64.3476909568562,0.0,0.0,0.0,True,True,True,False,0.0,1013.4279261586804,0.0,0.0,0.0,0.0,1013.4279261586804
2025-12-17T07:00:00Z,2025-12-17T07:15:00Z,2025-12-17,2025-12-17_33,0.0,0,0,99,64.3476909568562,64.3476909568562,0.0,0.0,0.0,True,True,True,False,0.0,1013.4279261586804,0.0,0.0,0.0,0.0,1013.4279261586804
2025-12-17T07:15:00Z,2025-12-17T07:30:00Z,2025-12-17,2025-12-17_34,0.0,0,0,99,64.3476909568562,64.3476909568562,0.0,0.0,0.0,True,True,True,False,0.0,1013.4279261586804,0.0,0.0,0.0,0.0,1013.4279261586804
2025-12-17T07:30:00Z,2025-12-17T07:45:00Z,2025-12-17,2025-12-17_35,0.0,0,0,99,64.3476909568562,64.3476909568562,0.0,0.0,0.0,True,True,True,False,0.0,1013.4279261586804,0.0,0.0,0.0,0.0,1013.4279261586804
2025-12-17T07:45:00Z,2025-12-17T08:00:00Z,2025-12-17,2025-12-17_36,0.0,0,0,99,64.3476909568562,64.3476909568562,0.0,0.0,0.0,True,True,True,False,0.0,1013.4279261586804,0.0,0.0,0.0,0.0,1013.4279261586804
2025-12-17T08:00:00Z,2025-12-17T08:15:00Z,2025-12-17,2025-12-17_37,0.0,0,0,99,64.3476909568562,64.3476909568562,0.0,0.0,0.0,True,True,True,False,0.0,1013.4279261586804,0.0,0.0,0.0,0.0,1013.4279261586804
2025-12-17T08:15:00Z,2025-12-17T08:30:00Z,2025-12-17,2025-12-17_38,0.0,0,0,99,64.3476909568562,64.3476909568562,0.0,0.0,0.0,True,True,True,False,0.0,1013.4279261586804,0.0,0.0,0.0,0.0,1013.4279261586804
2025-12-17T08:30:00Z,2025-12-17T08:45:00Z,2025-12-17,2025-12-17_39,0.0,0,0,99,64.3476909568562,64.3476909568562,0.0,0.0,0.0,True,True,True,False,0.0,1013.4279261586804,0.0,0.0,0.0,0.0,1013.4279261586804
2025-12-17T08:45:00Z,2025-12-17T09:00:00Z,2025-12-17,2025-12-17_40,0.0,0,0,99,64.3476909568562,64.3476909568562,0.0,0.0,0.0,True,True,True,False,0.0,1013.4279261586804,0.0,0.0,0.0,0.0,1013.4279261586804
2025-12-17T09:00:00Z,2025-12-17T09:15:00Z,2025-12-17,2025-12-17_41,0.0,0,0,99,64.3476909568562,64.3476909568562,0.0,0.0,0.0,True,True,True,False,0.0,1013.4279261586804,0.0,0.0,0.0,0.0,1013.4279261586804
2025-12-17T09:15:00Z,2025-12-17T09:30:00Z,2025-12-17,2025-12-17_42,0.0,0,0,99,64.3476909568562,64.3476909568562,0.0,0.0,0.0,True,True,True,False,0.0,1013.4279261586804,0.0,0.0,0.0,0.0,1013.4279261586804
2025-12-17T09:30:00Z,2025-12-17T09:45:00Z,2025-12-17,2025-12-17_43,0.0,0,0,99,64.3476909568562,64.3476909568562,0.0,0.0,0.0,True,True,True,False,0.0,1013.4279261586804,0.0,0.0,0.0,0.0,1013.4279261586804
2025-12-17T09:45:00Z,2025-12-17T10:00:00Z,2025-12-17,2025-12-17_44,0.0,0,0,99,64.3476909568562,64.3476909568562,0.0,0.0,0.0,True,True,True,False,0.0,1013.4279261586804,0.0,0.0,0.0,0.0,1013.4279261586804
2025-12-17T10:00:00Z,2025-12-17T10:15:00Z,2025-12-17,2025-12-17_45,0.0,0,0,99,64.3476909568562,64.3476909568562,0.0,0.0,0.0,True,True,True,False,0.0,1013.4279261586804,0.0,0.0,0.0,0.0,1013.4279261586804
2025-12-17T10:15:00Z,2025-12-17T10:30:00Z,2025-12-17,2025-12-17_46,0.0,0,0,99,64.3476909568562,64.3476909568562,0.0,0.0,0.0,True,True,True,False,0.0,1013.4279261586804,0.0,0.0,0.0,0.0,1013.4279261586804
2025-12-17T10:30:00Z,2025-12-17T10:45:00Z,2025-12-17,2025-12-17_47,0.0,0,0,99,64.3476909568562,64.3476909568562,0.0,0.0,0.0,True,True,True,False,0.0,1013.4279261586804,0.0,0.0,0.0,0.0,1013.4279261586804
2025-12-17T10:45:00Z,2025-12-17T11:00:00Z,2025-12-17,2025-12-17_48,0.0,0,0,99,64.3476909568562,64.3476909568562,0.0,0.0,0.0,True,True,True,False,0.0,1013.4279261586804,0.0,0.0,0.0,0.0,1013.4279261586804
2025-12-17T11:00:00Z,2025-12-17T11:15:00Z,2025-12-17,2025-12-17_49,0.0,0,0,99,64.3476909568562,64.3476909568562,0.0,0.0,0.0,True,True,True,False,0.0,1013.4279261586804,0.0,0.0,0.0,0.0,1013.4279261586804
2025-12-17T11:15:00Z,2025-12-17T11:30:00Z,2025-12-17,2025-12-17_50,0.0,0,0,99,64.3476909568562,64.3476909568562,0.0,0.0,0.0,True,True,True,False,0.0,1013.4279261586804,0.0,0.0,0.0,0.0,1013.4279261586804
2025-12-17T11:30:00Z,2025-12-17T11:45:00Z,2025-12-17,2025-12-17_51,0.0,0,0,99,64.3476909568562,64.3476909568562,0.0,0.0,0.0,True,True,True,False,0.0,1013.4279261586804,0.0,0.0,0.0,0.0,1013.4279261586804
2025-12-17T11:45:00Z,2025-12-17T12:00:00Z,2025-12-17,2025-12-17_52,0.0,0,0,99,64.3476909568562,64.3476909568562,0.0,0.0,0.0,True,True,True,False,0.0,1013.4279261586804,0.0,0.0,0.0,0.0,1013.4279261586804
2025-12-17T12:00:00Z,2025-12-17T12:15:00Z,2025-12-17,2025-12-17_53,0.0,0,0,99,64.3476909568562,64.3476909568562,0.0,0.0,0.0,True,False,True,False,0.0,1013.4279261586804,0.0,0.0,0.0,0.0,1013.4279261586804
2025-12-17T12:15:00Z,2025-12-17T12:30:00Z,2025-12-17,2025-12-17_54,0.0,0,0,99,64.3476909568562,64.3476909568562,0.0,0.0,0.0,True,False,True,False,0.0,1013.4279261586804,0.0,0.0,0.0,0.0,1013.4279261586804
2025-12-17T12:30:00Z,2025-12-17T12:45:00Z,2025-12-17,2025-12-17_55,0.0,0,0,99,64.3476909568562,64.3476909568562,0.0,0.0,0.0,True,False,True,False,0.0,1013.4279261586804,0.0,0.0,0.0,0.0,1013.4279261586804
2025-12-17T12:45:00Z,2025-12-17T13:00:00Z,2025-12-17,2025-12-17_56,0.0,0,0,99,64.3476909568562,64.3476909568562,0.0,0.0,0.0,True,False,True,False,0.0,1013.4279261586804,0.0,0.0,0.0,0.0,1013.4279261586804
2025-12-17T13:00:00Z,2025-12-17T13:15:00Z,2025-12-17,2025-12-17_57,0.0,0,0,99,64.3476909568562,64.3476909568562,0.0,0.0,0.0,True,True,True,False,0.0,1013.4279261586804,0.0,0.0,0.0,0.0,1013.4279261586804
2025-12-17T13:15:00Z,2025-12-17T13:30:00Z,2025-12-17,2025-12-17_58,0.0,0,0,99,64.3476909568562,64.3476909568562,0.0,0.0,0.0,True,True,True,False,0.0,1013.4279261586804,0.0,0.0,0.0,0.0,1013.4279261586804
2025-12-17T13:30:00Z,2025-12-17T13:45:00Z,2025-12-17,2025-12-17_59,0.0,0,0,99,64.3476909568562,64.3476909568562,0.0,0.0,0.0,True,True,True,False,0.0,1013.4279261586804,0.0,0.0,0.0,0.0,1013.4279261586804
2025-12-17T13:45:00Z,2025-12-17T14:00:00Z,2025-12-17,2025-12-17_60,0.0,0,0,99,64.3476909568562,64.3476909568562,0.0,0.0,0.0,True,True,True,False,0.0,1013.4279261586804,0.0,0.0,0.0,0.0,1013.4279261586804
2025-12-17T14:00:00Z,2025-12-17T14:15:00Z,2025-12-17,2025-12-17_61,0.0,0,0,99,64.3476909568562,64.3476909568562,0.0,0.0,0.0,True,True,True,False,0.0,1013.4279261586804,0.0,0.0,0.0,0.0,1013.4279261586804
2025-12-17T14:15:00Z,2025-12-17T14:30:00Z,2025-12-17,2025-12-17_62,0.0,0,0,99,64.3476909568562,64.3476909568562,0.0,0.0,0.0,True,True,True,False,0.0,1013.4279261586804,0.0,0.0,0.0,0.0,1013.4279261586804
2025-12-17T14:30:00Z,2025-12-17T14:45:00Z,2025-12-17,2025-12-17_63,0.0,0,0,99,64.3476909568562,64.3476909568562,0.0,0.0,0.0,True,True,True,False,0.0,1013.4279261586804,0.0,0.0,0.0,0.0,1013.4279261586804
2025-12-17T14:45:00Z,2025-12-17T15:00:00Z,2025-12-17,2025-12-17_64,0.0,0,0,99,64.3476909568562,64.3476909568562,0.0,0.0,0.0,True,True,True,False,0.0,1013.4279261586804,0.0,0.0,0.0,0.0,1013.4279261586804
2025-12-17T15:00:00Z,2025-12-17T15:15:00Z,2025-12-17,2025-12-17_65,0.0,0,0,99,64.3476909568562,64.3476909568562,0.0,0.0,0.0,True,True,True,False,0.0,1013.4279261586804,0.0,0.0,0.0,0.0,1013.4279261586804
2025-12-17T15:15:00Z,2025-12-17T15:30:00Z,2025-12-17,2025-12-17_66,0.0,0,0,99,64.3476909568562,64.3476909568562,0.0,0.0,0.0,True,True,True,False,0.0,1013.4279261586804,0.0,0.0,0.0,0.0,1013.4279261586804
2025-12-17T15:30:00Z,2025-12-17T15:45:00Z,2025-12-17,2025-12-17_67,0.0,0,0,99,64.3476909568562,64.3476909568562,0.0,0.0,0.0,True,True,True,False,0.0,1013.4279261586804,0.0,0.0,0.0,0.0,1013.4279261586804
2025-12-17T15:45:00Z,2025-12-17T16:00:00Z,2025-12-17,2025-12-17_68,0.0,0,0,99,64.3476909568562,64.3476909568562,0.0,0.0,0.0,True,True,True,False,0.0,1013.4279261586804,0.0,0.0,0.0,0.0,1013.4279261586804
2025-12-17T16:00:00Z,2025-12-17T16:15:00Z,2025-12-17,2025-12-17_69,0.0,0,0,99,64.3476909568562,64.3476909568562,0.0,0.0,0.0,True,True,True,False,0.0,1013.4279261586804,0.0,0.0,0.0,0.0,1013.4279261586804
2025-12-17T16:15:00Z,2025-12-17T16:30:00Z,2025-12-17,2025-12-17_70,0.0,0,0,99,64.3476909568562,64.3476909568562,0.0,0.0,0.0,True,True,True,False,0.0,1013.4279261586804,0.0,0.0,0.0,0.0,1013.4279261586804
2025-12-17T16:30:00Z,2025-12-17T16:45:00Z,2025-12-17,2025-12-17_71,0.0,0,0,99,64.3476909568562,64.3476909568562,0.0,0.0,0.0,True,True,True,False,0.0,1013.4279261586804,0.0,0.0,0.0,0.0,1013.4279261586804
2025-12-17T16:45:00Z,2025-12-17T17:00:00Z,2025-12-17,2025-12-17_72,0.0,0,0,99,64.3476909568562,64.3476909568562,0.0,0.0,0.0,True,True,True,False,0.0,1013.4279261586804,0.0,0.0,0.0,0.0,1013.4279261586804
2025-12-17T17:00:00Z,2025-12-17T17:15:00Z,2025-12-17,2025-12-17_73,0.0,0,0,99,64.3476909568562,64.3476909568562,0.0,0.0,0.0,True,True,True,False,0.0,1013.4279261586804,0.0,0.0,0.0,0.0,1013.4279261586804
2025-12-17T17:15:00Z,2025-12-17T17:30:00Z,2025-12-17,2025-12-17_74,0.0,0,0,99,64.3476909568562,64.3476909568562,0.0,0.0,0.0,True,True,True,False,0.0,1013.4279261586804,0.0,0.0,0.0,0.0,1013.4279261586804
2025-12-17T17:30:00Z,2025-12-17T17:45:00Z,2025-12-17,2025-12-17_75,0.0,0,0,99,64.3476909568562,64.3476909568562,0.0,0.0,0.0,True,True,True,False,0.0,1013.4279261586804,0.0,0.0,0.0,0.0,1013.4279261586804
2025-12-17T17:45:00Z,2025-12-17T18:00:00Z,2025-12-17,2025-12-17_76,5.174927634854499e-06,0,0,99,64.3476909568562,64.34768955062586,3.906195376550799e-09,0.0,0.0,True,True,True,False,0.0002461971822282028,1013.4279261586804,0.0,0.0,0.0,0.0,1013.4281723558627
2025-12-17T18:00:00Z,2025-12-17T18:15:00Z,2025-12-17,2025-12-17_77,0.0,0,0,99,64.34768955062586,64.34768955062586,0.0,0.0,0.0,True,True,True,False,0.0,1013.4279261586804,0.0,0.0,0.0,0.0,1013.4279261586804
2025-12-17T18:15:00Z,2025-12-17T18:30:00Z,2025-12-17,2025-12-17_78,0.0,0,0,99,64.34768955062586,64.34768955062586,0.0,0.0,0.0,True,True,True,False,0.0,1013.4279261586804,0.0,0.0,0.0,0.0,1013.4279261586804
2025-12-17T18:30:00Z,2025-12-17T18:45:00Z,2025-12-17,2025-12-17_79,0.0,0,0,99,64.34768955062586,64.34768955062586,0.0,0.0,0.0,True,True,True,False,0.0,1013.4279261586804,0.0,0.0,0.0,0.0,1013.4279261586804
2025-12-17T18:45:00Z,2025-12-17T19:00:00Z,2025-12-17,2025-12-17_80,0.0,0,0,99,64.34768955062586,64.34768955062586,0.0,0.0,0.0,True,True,True,False,0.0,1013.4279261586804,0.0,0.0,0.0,0.0,1013.4279261586804
2025-12-17T19:00:00Z,2025-12-17T19:15:00Z,2025-12-17,2025-12-17_81,0.0,0,0,99,64.34768955062586,64.34768955062586,0.0,0.0,0.0,True,True,True,False,0.0,1013.4279261586804,0.0,0.0,0.0,0.0,1013.4279261586804
2025-12-17T19:15:00Z,2025-12-17T19:30:00Z,2025-12-17,2025-12-17_82,0.0,0,0,99,64.34768955062586,64.34768955062586,0.0,0.0,0.0,True,True,True,False,0.0,1013.4279261586804,0.0,0.0,0.0,0.0,1013.4279261586804
2025-12-17T19:30:00Z,2025-12-17T19:45:00Z,2025-12-17,2025-12-17_83,0.0,0,0,99,64.34768955062586,64.34768955062586,0.0,0.0,0.0,True,True,True,False,0.0,1013.4279261586804,0.0,0.0,0.0,0.0,1013.4279261586804
2025-12-17T19:45:00Z,2025-12-17T20:00:00Z,2025-12-17,2025-12-17_84,0.0,0,0,99,64.34768955062586,64.34768955062586,0.0,0.0,0.0,True,True,True,False,0.0,1013.4279261586804,0.0,0.0,0.0,0.0,1013.4279261586804
2025-12-17T20:00:00Z,2025-12-17T20:15:00Z,2025-12-17,2025-12-17_85,0.0,0,0,99,64.34768955062586,64.34768955062586,0.0,0.0,0.0,True,True,True,False,0.0,1013.4279261586804,0.0,0.0,0.0,0.0,1013.4279261586804
2025-12-17T20:15:00Z,2025-12-17T20:30:00Z,2025-12-17,2025-12-17_86,0.0,0,0,99,64.34768955062586,64.34768955062586,0.0,0.0,0.0,True,True,True,False,0.0,1013.4279261586804,0.0,0.0,0.0,0.0,1013.4279261586804
2025-12-17T20:30:00Z,2025-12-17T20:45:00Z,2025-12-17,2025-12-17_87,0.0,0,0,99,64.34768955062586,64.34768955062586,0.0,0.0,0.0,True,True,True,False,0.0,1013.4279261586804,0.0,0.0,0.0,0.0,1013.4279261586804
2025-12-17T20:45:00Z,2025-12-17T21:00:00Z,2025-12-17,2025-12-17_88,0.0,0,0,99,64.34768955062586,64.34768955062586,0.0,0.0,0.0,True,True,True,False,0.0,1013.4279261586804,0.0,0.0,0.0,0.0,1013.4279261586804
2025-12-17T21:00:00Z,2025-12-17T21:15:00Z,2025-12-17,2025-12-17_89,0.0,0,0,99,64.34768955062586,64.34768955062586,0.0,0.0,0.0,True,True,True,False,0.0,1013.4279261586804,0.0,0.0,0.0,0.0,1013.4279261586804
2025-12-17T21:15:00Z,2025-12-17T21:30:00Z,2025-12-17,2025-12-17_90,0.0,0,0,99,64.34768955062586,64.34768955062586,0.0,0.0,0.0,True,True,True,False,0.0,1013.4279261586804,0.0,0.0,0.0,0.0,1013.4279261586804
2025-12-17T21:30:00Z,2025-12-17T21:45:00Z,2025-12-17,2025-12-17_91,0.0,0,0,99,64.34768955062586,64.34768955062586,0.0,0.0,0.0,True,True,True,False,0.0,1013.4279261586804,0.0,0.0,0.0,0.0,1013.4279261586804
2025-12-17T21:45:00Z,2025-12-17T22:00:00Z,2025-12-17,2025-12-17_92,0.0,0,0,99,64.34768955062586,64.34768955062586,0.0,0.0,0.0,True,True,True,False,0.0,1013.4279261586804,0.0,0.0,0.0,0.0,1013.4279261586804
2025-12-17T22:00:00Z,2025-12-17T22:15:00Z,2025-12-18,2025-12-17_93,0.0,0,0,99,64.34768955062586,64.34768955062586,0.0,0.0,0.0,True,True,True,False,0.0,1013.3682226106081,0.0,0.0,0.0,0.0,1013.3682226106081
2025-12-17T22:15:00Z,2025-12-17T22:30:00Z,2025-12-18,2025-12-17_94,0.0,0,0,99,64.34768955062586,64.34768955062586,0.0,0.0,0.0,True,True,True,False,0.0,1013.3682226106081,0.0,0.0,0.0,0.0,1013.3682226106081
2025-12-17T22:30:00Z,2025-12-17T22:45:00Z,2025-12-18,2025-12-17_95,0.0,0,0,99,64.34768955062586,64.34768955062586,0.0,0.0,0.0,True,True,True,False,0.0,1013.3682226106081,0.0,0.0,0.0,0.0,1013.3682226106081
2025-12-17T22:45:00Z,2025-12-17T23:00:00Z,2025-12-18,2025-12-17_96,0.0,0,0,99,64.34768955062586,64.34768955062586,0.0,0.0,0.0,True,True,True,False,0.0,1013.3682226106081,0.0,0.0,0.0,0.0,1013.3682226106081
2025-12-17T23:00:00Z,2025-12-17T23:15:00Z,2025-12-18,2025-12-18_1,0.0,0,0,99,64.34768955062586,64.34768955062586,0.0,0.0,0.0,True,True,True,False,0.0,1013.3682226106081,0.0,0.0,0.0,0.0,1013.3682226106081
2025-12-17T23:15:00Z,2025-12-17T23:30:00Z,2025-12-18,2025-12-18_2,0.0,0,0,99,64.34768955062586,64.34768955062586,0.0,0.0,0.0,True,True,True,False,0.0,1013.3682226106081,0.0,0.0,0.0,0.0,1013.3682226106081
2025-12-17T23:30:00Z,2025-12-17T23:45:00Z,2025-12-18,2025-12-18_3,0.0,0,0,99,64.34768955062586,64.34768955062586,0.0,0.0,0.0,True,True,True,False,0.0,1013.3682226106081,0.0,0.0,0.0,0.0,1013.3682226106081
2025-12-17T23:45:00Z,2025-12-18T00:00:00Z,2025-12-18,2025-12-18_4,0.0,0,0,99,64.34768955062586,64.34768955062586,0.0,0.0,0.0,True,True,True,False,0.0,1013.3682226106081,0.0,0.0,0.0,0.0,1013.3682226106081
2025-12-18T00:00:00Z,2025-12-18T00:15:00Z,2025-12-18,2025-12-18_5,0.0,0,1,99,64.34768955062586,64.34768955062586,0.0,0.0,0.0,True,True,True,False,0.0,1013.3682226106081,0.0,0.3234294915853347,0.0,0.0,1013.6916521021934
2025-12-18T00:15:00Z,2025-12-18T00:30:00Z,2025-12-18,2025-12-18_6,0.0,0,1,99,64.34768955062586,64.34768955062586,0.0,0.0,0.0,True,True,True,False,0.0,1013.3682226106081,0.0,0.3234294915853347,0.0,0.0,1013.6916521021934
2025-12-18T00:30:00Z,2025-12-18T00:45:00Z,2025-12-18,2025-12-18_7,0.0,0,1,99,64.34768955062586,64.34768955062586,0.0,0.0,0.0,True,True,True,False,0.0,1013.3682226106081,0.0,0.3234294915853347,0.0,0.0,1013.6916521021934
2025-12-18T00:45:00Z,2025-12-18T01:00:00Z,2025-12-18,2025-12-18_8,0.0,0,1,99,64.34768955062586,64.34768955062586,0.0,0.0,0.0,True,True,True,False,0.0,1013.3682226106081,0.0,0.3234294915853347,0.0,0.0,1013.6916521021934
2025-12-18T01:00:00Z,2025-12-18T01:15:00Z,2025-12-18,2025-12-18_9,0.0,0,0,99,64.34768955062586,64.34768955062586,0.0,0.0,0.0,True,True,True,False,0.0,1013.3682226106081,0.0,0.0,0.0,0.0,1013.3682226106081
2025-12-18T01:15:00Z,2025-12-18T01:30:00Z,2025-12-18,2025-12-18_10,0.0,0,0,99,64.34768955062586,64.34768955062586,0.0,0.0,0.0,True,True,True,False,0.0,1013.3682226106081,0.0,0.0,0.0,0.0,1013.3682226106081
2025-12-18T01:30:00Z,2025-12-18T01:45:00Z,2025-12-18,2025-12-18_11,0.0,0,0,99,64.34768955062586,64.34768955062586,0.0,0.0,0.0,True,True,True,False,0.0,1013.3682226106081,0.0,0.0,0.0,0.0,1013.3682226106081
2025-12-18T01:45:00Z,2025-12-18T02:00:00Z,2025-12-18,2025-12-18_12,0.0,0,0,99,64.34768955062586,64.34768955062586,0.0,0.0,0.0,True,True,True,False,0.0,1013.3682226106081,0.0,0.0,0.0,0.0,1013.3682226106081
2025-12-18T02:00:00Z,2025-12-18T02:15:00Z,2025-12-18,2025-12-18_13,0.0,0,0,99,64.34768955062586,64.34768955062586,0.0,0.0,0.0,True,True,True,False,0.0,1013.3682226106081,0.0,0.0,0.0,0.0,1013.3682226106081
2025-12-18T02:15:00Z,2025-12-18T02:30:00Z,2025-12-18,2025-12-18_14,0.0,0,0,99,64.34768955062586,64.34768955062586,0.0,0.0,0.0,True,True,True,False,0.0,1013.3682226106081,0.0,0.0,0.0,0.0,1013.3682226106081
2025-12-18T02:30:00Z,2025-12-18T02:45:00Z,2025-12-18,2025-12-18_15,0.0,0,0,99,64.34768955062586,64.34768955062586,0.0,0.0,0.0,True,True,True,False,0.0,1013.3682226106081,0.0,0.0,0.0,0.0,1013.3682226106081
2025-12-18T02:45:00Z,2025-12-18T03:00:00Z,2025-12-18,2025-12-18_16,0.0,0,0,99,64.34768955062586,64.34768955062586,0.0,0.0,0.0,True,True,True,False,0.0,1013.3682226106081,0.0,0.0,0.0,0.0,1013.3682226106081
2025-12-18T03:00:00Z,2025-12-18T03:15:00Z,2025-12-18,2025-12-18_17,0.0,0,0,99,64.34768955062586,64.34768955062586,0.0,0.0,0.0,True,True,True,False,0.0,1013.3682226106081,0.0,0.0,0.0,0.0,1013.3682226106081
2025-12-18T03:15:00Z,2025-12-18T03:30:00Z,2025-12-18,2025-12-18_18,0.0,0,0,99,64.34768955062586,64.34768955062586,0.0,0.0,0.0,True,True,True,False,0.0,1013.3682226106081,0.0,0.0,0.0,0.0,1013.3682226106081
2025-12-18T03:30:00Z,2025-12-18T03:45:00Z,2025-12-18,2025-12-18_19,0.0,0,0,99,64.34768955062586,64.34768955062586,0.0,0.0,0.0,True,True,True,False,0.0,1013.3682226106081,0.0,0.0,0.0,0.0,1013.3682226106081
2025-12-18T03:45:00Z,2025-12-18T04:00:00Z,2025-12-18,2025-12-18_20,0.0,0,0,99,64.34768955062586,64.34768955062586,0.0,0.0,0.0,True,True,True,False,0.0,1013.3682226106081,0.0,0.0,0.0,0.0,1013.3682226106081
2025-12-18T04:00:00Z,2025-12-18T04:15:00Z,2025-12-18,2025-12-18_21,0.0,0,0,99,64.34768955062586,64.34768955062586,0.0,0.0,0.0,True,True,True,False,0.0,1013.3682226106081,0.0,0.0,0.0,0.0,1013.3682226106081
2025-12-18T04:15:00Z,2025-12-18T04:30:00Z,2025-12-18,2025-12-18_22,0.0,0,0,99,64.34768955062586,64.34768955062586,0.0,0.0,0.0,True,True,True,False,0.0,1013.3682226106081,0.0,0.0,0.0,0.0,1013.3682226106081
2025-12-18T04:30:00Z,2025-12-18T04:45:00Z,2025-12-18,2025-12-18_23,0.0,0,0,99,64.34768955062586,64.34768955062586,0.0,0.0,0.0,True,True,True,False,0.0,1013.3682226106081,0.0,0.0,0.0,0.0,1013.3682226106081
2025-12-18T04:45:00Z,2025-12-18T05:00:00Z,2025-12-18,2025-12-18_24,0.0,0,0,99,64.34768955062586,64.34768955062586,0.0,0.0,0.0,True,True,True,False,0.0,1013.3682226106081,0.0,0.0,0.0,0.0,1013.3682226106081
2025-12-18T05:00:00Z,2025-12-18T05:15:00Z,2025-12-18,2025-12-18_25,0.0,0,0,99,64.34768955062586,64.34768955062586,0.0,0.0,0.0,True,True,True,False,0.0,1013.3682226106081,0.0,0.0,0.0,0.0,1013.3682226106081
2025-12-18T05:15:00Z,2025-12-18T05:30:00Z,2025-12-18,2025-12-18_26,0.0,0,0,99,64.34768955062586,64.34768955062586,0.0,0.0,0.0,True,True,True,False,0.0,1013.3682226106081,0.0,0.0,0.0,0.0,1013.3682226106081
2025-12-18T05:30:00Z,2025-12-18T05:45:00Z,2025-12-18,2025-12-18_27,0.0,0,0,99,64.34768955062586,64.34768955062586,0.0,0.0,0.0,True,True,True,False,0.0,1013.3682226106081,0.0,0.0,0.0,0.0,1013.3682226106081
2025-12-18T05:45:00Z,2025-12-18T06:00:00Z,2025-12-18,2025-12-18_28,0.0,0,0,99,64.34768955062586,64.34768955062586,0.0,0.0,0.0,True,True,True,False,0.0,1013.3682226106081,0.0,0.0,0.0,0.0,1013.3682226106081
2025-12-18T06:00:00Z,2025-12-18T06:15:00Z,2025-12-18,2025-12-18_29,0.0,0,0,99,64.34768955062586,64.34768955062586,0.0,0.0,0.0,True,True,True,False,0.0,1013.3682226106081,0.0,0.0,0.0,0.0,1013.3682226106081
2025-12-18T06:15:00Z,2025-12-18T06:30:00Z,2025-12-18,2025-12-18_30,0.0,0,0,99,64.34768955062586,64.34768955062586,0.0,0.0,0.0,True,True,True,False,0.0,1013.3682226106081,0.0,0.0,0.0,0.0,1013.3682226106081
2025-12-18T06:30:00Z,2025-12-18T06:45:00Z,2025-12-18,2025-12-18_31,0.0,0,0,99,64.34768955062586,64.34768955062586,0.0,0.0,0.0,True,True,True,False,0.0,1013.3682226106081,0.0,0.0,0.0,0.0,1013.3682226106081
2025-12-18T06:45:00Z,2025-12-18T07:00:00Z,2025-12-18,2025-12-18_32,0.0,0,0,99,64.34768955062586,64.34768955062586,0.0,0.0,0.0,True,True,True,False,0.0,1013.3682226106081,0.0,0.0,0.0,0.0,1013.3682226106081
2025-12-18T07:00:00Z,2025-12-18T07:15:00Z,2025-12-18,2025-12-18_33,0.0,0,0,99,64.34768955062586,64.34768955062586,0.0,0.0,0.0,True,True,True,False,0.0,1013.3682226106081,0.0,0.0,0.0,0.0,1013.3682226106081
2025-12-18T07:15:00Z,2025-12-18T07:30:00Z,2025-12-18,2025-12-18_34,0.0,0,0,99,64.34768955062586,64.34768955062586,0.0,0.0,0.0,True,True,True,False,0.0,1013.3682226106081,0.0,0.0,0.0,0.0,1013.3682226106081
2025-12-18T07:30:00Z,2025-12-18T07:45:00Z,2025-12-18,2025-12-18_35,0.0,0,0,99,64.34768955062586,64.34768955062586,0.0,0.0,0.0,True,True,True,False,0.0,1013.3682226106081,0.0,0.0,0.0,0.0,1013.3682226106081
2025-12-18T07:45:00Z,2025-12-18T08:00:00Z,2025-12-18,2025-12-18_36,0.0,0,0,99,64.34768955062586,64.34768955062586,0.0,0.0,0.0,True,True,True,False,0.0,1013.3682226106081,0.0,0.0,0.0,0.0,1013.3682226106081
2025-12-18T08:00:00Z,2025-12-18T08:15:00Z,2025-12-18,2025-12-18_37,0.0,0,0,99,64.34768955062586,64.34768955062586,0.0,0.0,0.0,True,True,True,False,0.0,1013.3682226106081,0.0,0.0,0.0,0.0,1013.3682226106081
2025-12-18T08:15:00Z,2025-12-18T08:30:00Z,2025-12-18,2025-12-18_38,0.0,0,0,99,64.34768955062586,64.34768955062586,0.0,0.0,0.0,True,True,True,False,0.0,1013.3682226106081,0.0,0.0,0.0,0.0,1013.3682226106081
2025-12-18T08:30:00Z,2025-12-18T08:45:00Z,2025-12-18,2025-12-18_39,0.0,0,0,99,64.34768955062586,64.34768955062586,0.0,0.0,0.0,True,True,True,False,0.0,1013.3682226106081,0.0,0.0,0.0,0.0,1013.3682226106081
2025-12-18T08:45:00Z,2025-12-18T09:00:00Z,2025-12-18,2025-12-18_40,0.0,0,0,99,64.34768955062586,64.34768955062586,0.0,0.0,0.0,True,True,True,False,0.0,1013.3682226106081,0.0,0.0,0.0,0.0,1013.3682226106081
2025-12-18T09:00:00Z,2025-12-18T09:15:00Z,2025-12-18,2025-12-18_41,0.0,0,0,99,64.34768955062586,64.34768955062586,0.0,0.0,0.0,True,False,True,False,0.0,1013.3682226106081,0.0,0.0,0.0,0.0,1013.3682226106081
2025-12-18T09:15:00Z,2025-12-18T09:30:00Z,2025-12-18,2025-12-18_42,0.0,0,0,99,64.34768955062586,64.34768955062586,0.0,0.0,0.0,True,False,True,False,0.0,1013.3682226106081,0.0,0.0,0.0,0.0,1013.3682226106081
2025-12-18T09:30:00Z,2025-12-18T09:45:00Z,2025-12-18,2025-12-18_43,0.0,0,0,99,64.34768955062586,64.34768955062586,0.0,0.0,0.0,True,False,True,False,0.0,1013.3682226106081,0.0,0.0,0.0,0.0,1013.3682226106081
2025-12-18T09:45:00Z,2025-12-18T10:00:00Z,2025-12-18,2025-12-18_44,0.0,0,0,99,64.34768955062586,64.34768955062586,0.0,0.0,0.0,True,False,True,False,0.0,1013.3682226106081,0.0,0.0,0.0,0.0,1013.3682226106081
2025-12-18T10:00:00Z,2025-12-18T10:15:00Z,2025-12-18,2025-12-18_45,0.0,0,0,99,64.34768955062586,64.34768955062586,0.0,0.0,0.0,True,False,True,False,0.0,1013.3682226106081,0.0,0.0,0.0,0.0,1013.3682226106081
2025-12-18T10:15:00Z,2025-12-18T10:30:00Z,2025-12-18,2025-12-18_46,0.0,0,0,99,64.34768955062586,64.34768955062586,0.0,0.0,0.0,True,False,True,False,0.0,1013.3682226106081,0.0,0.0,0.0,0.0,1013.3682226106081
2025-12-18T10:30:00Z,2025-12-18T10:45:00Z,2025-12-18,2025-12-18_47,0.0,0,0,99,64.34768955062586,64.34768955062586,0.0,0.0,0.0,True,False,True,False,0.0,1013.3682226106081,0.0,0.0,0.0,0.0,1013.3682226106081
2025-12-18T10:45:00Z,2025-12-18T11:00:00Z,2025-12-18,2025-12-18_48,0.0,0,0,99,64.34768955062586,64.34768955062586,0.0,0.0,0.0,True,False,True,False,0.0,1013.3682226106081,0.0,0.0,0.0,0.0,1013.3682226106081
2025-12-18T11:00:00Z,2025-12-18T11:15:00Z,2025-12-18,2025-12-18_49,0.0,0,0,99,64.34768955062586,64.34768955062586,0.0,0.0,0.0,True,True,True,False,0.0,1013.3682226106081,0.0,0.0,0.0,0.0,1013.3682226106081
2025-12-18T11:15:00Z,2025-12-18T11:30:00Z,2025-12-18,2025-12-18_50,0.0,0,0,99,64.34768955062586,64.34768955062586,0.0,0.0,0.0,True,True,True,False,0.0,1013.3682226106081,0.0,0.0,0.0,0.0,1013.3682226106081
2025-12-18T11:30:00Z,2025-12-18T11:45:00Z,2025-12-18,2025-12-18_51,0.0,0,0,99,64.34768955062586,64.34768955062586,0.0,0.0,0.0,True,True,True,False,0.0,1013.3682226106081,0.0,0.0,0.0,0.0,1013.3682226106081
2025-12-18T11:45:00Z,2025-12-18T12:00:00Z,2025-12-18,2025-12-18_52,0.0,0,0,99,64.34768955062586,64.34768955062586,0.0,0.0,0.0,True,True,True,False,0.0,1013.3682226106081,0.0,0.0,0.0,0.0,1013.3682226106081
2025-12-18T12:00:00Z,2025-12-18T12:15:00Z,2025-12-18,2025-12-18_53,0.0,0,0,99,64.34768955062586,64.34768955062586,0.0,0.0,0.0,True,True,True,False,0.0,1013.3682226106081,0.0,0.0,0.0,0.0,1013.3682226106081
2025-12-18T12:15:00Z,2025-12-18T12:30:00Z,2025-12-18,2025-12-18_54,0.0,0,0,99,64.34768955062586,64.34768955062586,0.0,0.0,0.0,True,True,True,False,0.0,1013.3682226106081,0.0,0.0,0.0,0.0,1013.3682226106081
2025-12-18T12:30:00Z,2025-12-18T12:45:00Z,2025-12-18,2025-12-18_55,0.0,0,0,99,64.34768955062586,64.34768955062586,0.0,0.0,0.0,True,True,True,False,0.0,1013.3682226106081,0.0,0.0,0.0,0.0,1013.3682226106081
2025-12-18T12:45:00Z,2025-12-18T13:00:00Z,2025-12-18,2025-12-18_56,0.0,0,0,99,64.34768955062586,64.34768955062586,0.0,0.0,0.0,True,True,True,False,0.0,1013.3682226106081,0.0,0.0,0.0,0.0,1013.3682226106081
2025-12-18T13:00:00Z,2025-12-18T13:15:00Z,2025-12-18,2025-12-18_57,0.0,0,0,99,64.34768955062586,64.34768955062586,0.0,0.0,0.0,True,True,True,False,0.0,1013.3682226106081,0.0,0.0,0.0,0.0,1013.3682226106081
2025-12-18T13:15:00Z,2025-12-18T13:30:00Z,2025-12-18,2025-12-18_58,0.0,0,0,99,64.34768955062586,64.34768955062586,0.0,0.0,0.0,True,True,True,False,0.0,1013.3682226106081,0.0,0.0,0.0,0.0,1013.3682226106081
2025-12-18T13:30:00Z,2025-12-18T13:45:00Z,2025-12-18,2025-12-18_59,0.0,0,0,99,64.34768955062586,64.34768955062586,0.0,0.0,0.0,True,True,True,False,0.0,1013.3682226106081,0.0,0.0,0.0,0.0,1013.3682226106081
2025-12-18T13:45:00Z,2025-12-18T14:00:00Z,2025-12-18,2025-12-18_60,0.0,0,0,99,64.34768955062586,64.34768955062586,0.0,0.0,0.0,True,True,True,False,0.0,1013.3682226106081,0.0,0.0,0.0,0.0,1013.3682226106081
2025-12-18T14:00:00Z,2025-12-18T14:15:00Z,2025-12-18,2025-12-18_61,0.0,0,0,99,64.34768955062586,64.34768955062586,0.0,0.0,0.0,True,True,True,False,0.0,1013.3682226106081,0.0,0.0,0.0,0.0,1013.3682226106081
2025-12-18T14:15:00Z,2025-12-18T14:30:00Z,2025-12-18,2025-12-18_62,0.0,0,0,99,64.34768955062586,64.34768955062586,0.0,0.0,0.0,True,True,True,False,0.0,1013.3682226106081,0.0,0.0,0.0,0.0,1013.3682226106081
2025-12-18T14:30:00Z,2025-12-18T14:45:00Z,2025-12-18,2025-12-18_63,0.0,0,0,99,64.34768955062586,64.34768955062586,0.0,0.0,0.0,True,True,True,False,0.0,1013.3682226106081,0.0,0.0,0.0,0.0,1013.3682226106081
2025-12-18T14:45:00Z,2025-12-18T15:00:00Z,2025-12-18,2025-12-18_64,0.0,0,0,99,64.34768955062586,64.34768955062586,0.0,0.0,0.0,True,True,True,False,0.0,1013.3682226106081,0.0,0.0,0.0,0.0,1013.3682226106081
2025-12-18T15:00:00Z,2025-12-18T15:15:00Z,2025-12-18,2025-12-18_65,0.0,0,0,99,64.34768955062586,64.34768955062586,0.0,0.0,0.0,True,True,True,False,0.0,1013.3682226106081,0.0,0.0,0.0,0.0,1013.3682226106081
2025-12-18T15:15:00Z,2025-12-18T15:30:00Z,2025-12-18,2025-12-18_66,0.0,0,0,99,64.34768955062586,64.34768955062586,0.0,0.0,0.0,True,True,True,False,0.0,1013.3682226106081,0.0,0.0,0.0,0.0,1013.3682226106081
2025-12-18T15:30:00Z,2025-12-18T15:45:00Z,2025-12-18,2025-12-18_67,0.0,0,0,99,64.34768955062586,64.34768955062586,0.0,0.0,0.0,True,True,True,False,0.0,1013.3682226106081,0.0,0.0,0.0,0.0,1013.3682226106081
2025-12-18T15:45:00Z,2025-12-18T16:00:00Z,2025-12-18,2025-12-18_68,0.0,0,0,99,64.34768955062586,64.34768955062586,0.0,0.0,0.0,True,True,True,False,0.0,1013.3682226106081,0.0,0.0,0.0,0.0,1013.3682226106081
2025-12-18T16:00:00Z,2025-12-18T16:15:00Z,2025-12-18,2025-12-18_69,0.0,1,0,99,64.34768955062586,64.34768955062586,0.0,0.0,0.0,True,True,True,False,0.0,1013.3682226106081,1.1166859768670345,0.0,0.0,0.0,1014.4849085874752
2025-12-18T16:15:00Z,2025-12-18T16:30:00Z,2025-12-18,2025-12-18_70,0.0,1,0,99,64.34768955062586,64.34768955062586,0.0,0.0,0.0,True,True,True,False,0.0,1013.3682226106081,1.1166859768670345,0.0,0.0,0.0,1014.4849085874752
2025-12-18T16:30:00Z,2025-12-18T16:45:00Z,2025-12-18,2025-12-18_71,0.0,1,0,99,64.34768955062586,64.34768955062586,0.0,0.0,0.0,True,True,True,False,0.0,1013.3682226106081,1.1166859768670345,0.0,0.0,0.0,1014.4849085874752
2025-12-18T16:45:00Z,2025-12-18T17:00:00Z,2025-12-18,2025-12-18_72,0.0,1,0,99,64.34768955062586,64.34768955062586,0.0,0.0,0.0,True,True,True,False,0.0,1013.3682226106081,1.1166859768670345,0.0,0.0,0.0,1014.4849085874752
2025-12-18T17:00:00Z,2025-12-18T17:15:00Z,2025-12-18,2025-12-18_73,0.0,1,0,99,64.34768955062586,64.34768955062586,0.0,0.0,0.0,True,True,True,False,0.0,1013.3682226106081,1.109027355026216,0.0,0.0,0.0,1014.4772499656343
2025-12-18T17:15:00Z,2025-12-18T17:30:00Z,2025-12-18,2025-12-18_74,0.0,1,0,99,64.34768955062586,64.34768955062586,0.0,0.0,0.0,True,True,True,False,0.0,1013.3682226106081,1.109027355026216,0.0,0.0,0.0,1014.4772499656343
2025-12-18T17:30:00Z,2025-12-18T17:45:00Z,2025-12-18,2025-12-18_75,0.0,1,0,99,64.34768955062586,64.34768955062586,0.0,0.0,0.0,True,True,True,False,0.0,1013.3682226106081,1.109027355026216,0.0,0.0,0.0,1014.4772499656343
2025-12-18T17:45:00Z,2025-12-18T18:00:00Z,2025-12-18,2025-12-18_76,0.0,1,0,99,64.34768955062586,64.34768955062586,0.0,0.0,0.0,True,True,True,False,0.0,1013.3682226106081,1.109027355026216,0.0,0.0,0.0,1014.4772499656343
2025-12-18T18:00:00Z,2025-12-18T18:15:00Z,2025-12-18,2025-12-18_77,0.0,0,0,99,64.34768955062586,64.34768955062586,0.0,0.0,0.0,True,True,True,False,0.0,1013.3682226106081,0.0,0.0,0.0,0.0,1013.3682226106081
2025-12-18T18:15:00Z,2025-12-18T18:30:00Z,2025-12-18,2025-12-18_78,0.0,0,0,99,64.34768955062586,64.34768955062586,0.0,0.0,0.0,True,True,True,False,0.0,1013.3682226106081,0.0,0.0,0.0,0.0,1013.3682226106081
2025-12-18T18:30:00Z,2025-12-18T18:45:00Z,2025-12-18,2025-12-18_79,0.0,0,0,99,64.34768955062586,64.34768955062586,0.0,0.0,0.0,True,True,True,False,0.0,1013.3682226106081,0.0,0.0,0.0,0.0,1013.3682226106081
2025-12-18T18:45:00Z,2025-12-18T19:00:00Z,2025-12-18,2025-12-18_80,0.0,0,0,99,64.34768955062586,64.34768955062586,0.0,0.0,0.0,True,True,True,False,0.0,1013.3682226106081,0.0,0.0,0.0,0.0,1013.3682226106081
2025-12-18T19:00:00Z,2025-12-18T19:15:00Z,2025-12-18,2025-12-18_81,0.0,1,0,99,64.34768955062586,64.34768955062586,0.0,0.0,0.0,True,True,True,False,0.0,1013.3682226106081,1.044223631757752,0.0,0.0,0.0,1014.4124462423658
2025-12-18T19:15:00Z,2025-12-18T19:30:00Z,2025-12-18,2025-12-18_82,0.0,1,0,99,64.34768955062586,64.34768955062586,0.0,0.0,0.0,True,True,True,False,0.0,1013.3682226106081,1.044223631757752,0.0,0.0,0.0,1014.4124462423658
2025-12-18T19:30:00Z,2025-12-18T19:45:00Z,2025-12-18,2025-12-18_83,0.0,1,0,99,64.34768955062586,64.34768955062586,0.0,0.0,0.0,True,True,True,False,0.0,1013.3682226106081,1.044223631757752,0.0,0.0,0.0,1014.4124462423658
2025-12-18T19:45:00Z,2025-12-18T20:00:00Z,2025-12-18,2025-12-18_84,0.0,1,0,99,64.34768955062586,64.34768955062586,0.0,0.0,0.0,True,True,True,False,0.0,1013.3682226106081,1.044223631757752,0.0,0.0,0.0,1014.4124462423658
2025-12-18T20:00:00Z,2025-12-18T20:15:00Z,2025-12-18,2025-12-18_85,0.0,1,0,99,64.34768955062586,64.34768955062586,0.0,0.0,0.0,True,True,True,False,0.0,1013.3682226106081,1.044223631757752,0.0,0.0,0.0,1014.4124462423658
2025-12-18T20:15:00Z,2025-12-18T20:30:00Z,2025-12-18,2025-12-18_86,0.0,1,0,99,64.34768955062586,64.34768955062586,0.0,0.0,0.0,True,True,True,False,0.0,1013.3682226106081,1.044223631757752,0.0,0.0,0.0,1014.4124462423658
2025-12-18T20:30:00Z,2025-12-18T20:45:00Z,2025-12-18,2025-12-18_87,0.0,1,0,99,64.34768955062586,64.34768955062586,0.0,0.0,0.0,True,True,True,False,0.0,1013.3682226106081,1.044223631757752,0.0,0.0,0.0,1014.4124462423658
2025-12-18T20:45:00Z,2025-12-18T21:00:00Z,2025-12-18,2025-12-18_88,0.0,1,0,99,64.34768955062586,64.34768955062586,0.0,0.0,0.0,True,True,True,False,0.0,1013.3682226106081,1.044223631757752,0.0,0.0,0.0,1014.4124462423658
2025-12-18T21:00:00Z,2025-12-18T21:15:00Z,2025-12-18,2025-12-18_89,0.0,1,0,99,64.34768955062586,64.34768955062586,0.0,0.0,0.0,True,True,True,False,0.0,1013.3682226106081,1.044223631757752,0.0,0.0,0.0,1014.4124462423658
2025-12-18T21:15:00Z,2025-12-18T21:30:00Z,2025-12-18,2025-12-18_90,0.0,1,0,99,64.34768955062586,64.34768955062586,0.0,0.0,0.0,True,True,True,False,0.0,1013.3682226106081,1.044223631757752,0.0,0.0,0.0,1014.4124462423658
2025-12-18T21:30:00Z,2025-12-18T21:45:00Z,2025-12-18,2025-12-18_91,0.0,1,0,99,64.34768955062586,64.34768955062586,0.0,0.0,0.0,True,True,True,False,0.0,1013.3682226106081,1.044223631757752,0.0,0.0,0.0,1014.4124462423658
2025-12-18T21:45:00Z,2025-12-18T22:00:00Z,2025-12-18,2025-12-18_92,0.0,1,0,99,64.34768955062586,64.34768955062586,0.0,0.0,0.0,True,True,True,False,0.0,1013.3682226106081,1.044223631757752,0.0,0.0,0.0,1014.4124462423658
2025-12-18T22:00:00Z,2025-12-18T22:15:00Z,2025-12-19,2025-12-18_93,0.0,1,0,99,64.34768955062586,64.34768955062586,0.0,0.0,0.0,True,True,True,False,0.0,1013.6070790202509,1.0412288110624424,0.0,0.0,0.0,1014.6483078313133
2025-12-18T22:15:00Z,2025-12-18T22:30:00Z,2025-12-19,2025-12-18_94,0.0,1,0,99,64.34768955062586,64.34768955062586,0.0,0.0,0.0,True,True,True,False,0.0,1013.6070790202509,1.0412288110624424,0.0,0.0,0.0,1014.6483078313133
2025-12-18T22:30:00Z,2025-12-18T22:45:00Z,2025-12-19,2025-12-18_95,0.0,1,0,99,64.34768955062586,64.34768955062586,0.0,0.0,0.0,True,True,True,False,0.0,1013.6070790202509,1.0412288110624424,0.0,0.0,0.0,1014.6483078313133
2025-12-18T22:45:00Z,2025-12-18T23:00:00Z,2025-12-19,2025-12-18_96,0.0,1,0,99,64.34768955062586,64.34768955062586,0.0,0.0,0.0,True,True,True,False,0.0,1013.6070790202509,1.0412288110624424,0.0,0.0,0.0,1014.6483078313133
2025-12-18T23:00:00Z,2025-12-18T23:15:00Z,2025-12-19,2025-12-19_1,0.0,1,0,99,64.34768955062586,64.34768955062586,0.0,0.0,0.0,True,True,True,False,0.0,1013.6070790202509,1.0409341792539921,0.0,0.0,0.0,1014.6480131995049
2025-12-18T23:15:00Z,2025-12-18T23:30:00Z,2025-12-19,2025-12-19_2,0.0,1,0,99,64.34768955062586,64.34768955062586,0.0,0.0,0.0,True,True,True,False,0.0,1013.6070790202509,1.0409341792539921,0.0,0.0,0.0,1014.6480131995049
2025-12-18T23:30:00Z,2025-12-18T23:45:00Z,2025-12-19,2025-12-19_3,0.0,1,0,99,64.34768955062586,64.34768955062586,0.0,0.0,0.0,True,True,True,False,0.0,1013.6070790202509,1.0409341792539921,0.0,0.0,0.0,1014.6480131995049
2025-12-18T23:45:00Z,2025-12-19T00:00:00Z,2025-12-19,2025-12-19_4,0.0,1,0,99,64.34768955062586,64.34768955062586,0.0,0.0,0.0,True,True,True,False,0.0,1013.6070790202509,1.0409341792539921,0.0,0.0,0.0,1014.6480131995049
2025-12-19T00:00:00Z,2025-12-19T00:15:00Z,2025-12-19,2025-12-19_5,0.0,0,0,99,64.34768955062586,64.34768955062586,0.0,0.0,0.0,True,True,True,False,0.0,1013.6070790202509,0.0,0.0,0.0,0.0,1013.6070790202509
2025-12-19T00:15:00Z,2025-12-19T00:30:00Z,2025-12-19,2025-12-19_6,0.0,0,0,99,64.34768955062586,64.34768955062586,0.0,0.0,0.0,True,True,True,False,0.0,1013.6070790202509,0.0,0.0,0.0,0.0,1013.6070790202509
2025-12-19T00:30:00Z,2025-12-19T00:45:00Z,2025-12-19,2025-12-19_7,0.0,0,0,99,64.34768955062586,64.34768955062586,0.0,0.0,0.0,True,True,True,False,0.0,1013.6070790202509,0.0,0.0,0.0,0.0,1013.6070790202509
2025-12-19T00:45:00Z,2025-12-19T01:00:00Z,2025-12-19,2025-12-19_8,0.0,0,0,99,64.34768955062586,64.34768955062586,0.0,0.0,0.0,True,True,True,False,0.0,1013.6070790202509,0.0,0.0,0.0,0.0,1013.6070790202509
2025-12-19T01:00:00Z,2025-12-19T01:15:00Z,2025-12-19,2025-12-19_9,0.0,0,0,99,64.34768955062586,64.34768955062586,0.0,0.0,0.0,True,True,True,False,0.0,1013.6070790202509,0.0,0.0,0.0,0.0,1013.6070790202509
2025-12-19T01:15:00Z,2025-12-19T01:30:00Z,2025-12-19,2025-12-19_10,0.0,0,0,99,64.34768955062586,64.34768955062586,0.0,0.0,0.0,True,True,True,False,0.0,1013.6070790202509,0.0,0.0,0.0,0.0,1013.6070790202509
2025-12-19T01:30:00Z,2025-12-19T01:45:00Z,2025-12-19,2025-12-19_11,0.0,0,0,99,64.34768955062586,64.34768955062586,0.0,0.0,0.0,True,True,True,False,0.0,1013.6070790202509,0.0,0.0,0.0,0.0,1013.6070790202509
2025-12-19T01:45:00Z,2025-12-19T02:00:00Z,2025-12-19,2025-12-19_12,0.0,0,0,99,64.34768955062586,64.34768955062586,0.0,0.0,0.0,True,True,True,False,0.0,1013.6070790202509,0.0,0.0,0.0,0.0,1013.6070790202509
2025-12-19T02:00:00Z,2025-12-19T02:15:00Z,2025-12-19,2025-12-19_13,0.0,0,0,99,64.34768955062586,64.34768955062586,0.0,0.0,0.0,True,True,True,False,0.0,1013.6070790202509,0.0,0.0,0.0,0.0,1013.6070790202509
2025-12-19T02:15:00Z,2025-12-19T02:30:00Z,2025-12-19,2025-12-19_14,0.0,0,0,99,64.34768955062586,64.34768955062586,0.0,0.0,0.0,True,True,True,False,0.0,1013.6070790202509,0.0,0.0,0.0,0.0,1013.6070790202509
2025-12-19T02:30:00Z,2025-12-19T02:45:00Z,2025-12-19,2025-12-19_15,0.0,0,0,99,64.34768955062586,64.34768955062586,0.0,0.0,0.0,True,True,True,False,0.0,1013.6070790202509,0.0,0.0,0.0,0.0,1013.6070790202509
2025-12-19T02:45:00Z,2025-12-19T03:00:00Z,2025-12-19,2025-12-19_16,0.0,0,0,99,64.34768955062586,64.34768955062586,0.0,0.0,0.0,True,True,True,False,0.0,1013.6070790202509,0.0,0.0,0.0,0.0,1013.6070790202509
2025-12-19T03:00:00Z,2025-12-19T03:15:00Z,2025-12-19,2025-12-19_17,0.0,1,0,99,64.34768955062586,64.34768955062586,0.0,0.0,0.0,True,True,True,False,0.0,1013.6070790202509,1.0409341792539921,0.0,0.0,0.0,1014.6480131995049
2025-12-19T03:15:00Z,2025-12-19T03:30:00Z,2025-12-19,2025-12-19_18,0.0,1,0,99,64.34768955062586,64.34768955062586,0.0,0.0,0.0,True,True,True,False,0.0,1013.6070790202509,1.0409341792539921,0.0,0.0,0.0,1014.6480131995049
2025-12-19T03:30:00Z,2025-12-19T03:45:00Z,2025-12-19,2025-12-19_19,0.0,1,0,99,64.34768955062586,64.34768955062586,0.0,0.0,0.0,True,True,True,False,0.0,1013.6070790202509,1.0409341792539921,0.0,0.0,0.0,1014.6480131995049
2025-12-19T03:45:00Z,2025-12-19T04:00:00Z,2025-12-19,2025-12-19_20,0.0,1,0,99,64.34768955062586,64.34768955062586,0.0,0.0,0.0,True,True,True,False,0.0,1013.6070790202509,1.0409341792539921,0.0,0.0,0.0,1014.6480131995049
2025-12-19T04:00:00Z,2025-12-19T04:15:00Z,2025-12-19,2025-12-19_21,0.0,0,0,99,64.34768955062586,64.34768955062586,0.0,0.0,0.0,True,True,True,False,0.0,1013.6070790202509,0.0,0.0,0.0,0.0,1013.6070790202509
2025-12-19T04:15:00Z,2025-12-19T04:30:00Z,2025-12-19,2025-12-19_22,0.0,0,0,99,64.34768955062586,64.34768955062586,0.0,0.0,0.0,True,True,True,False,0.0,1013.6070790202509,0.0,0.0,0.0,0.0,1013.6070790202509
2025-12-19T04:30:00Z,2025-12-19T04:45:00Z,2025-12-19,2025-12-19_23,0.0,0,0,99,64.34768955062586,64.34768955062586,0.0,0.0,0.0,True,True,True,False,0.0,1013.6070790202509,0.0,0.0,0.0,0.0,1013.6070790202509
2025-12-19T04:45:00Z,2025-12-19T05:00:00Z,2025-12-19,2025-12-19_24,0.0,0,0,99,64.34768955062586,64.34768955062586,0.0,0.0,0.0,True,True,True,False,0.0,1013.6070790202509,0.0,0.0,0.0,0.0,1013.6070790202509
2025-12-19T05:00:00Z,2025-12-19T05:15:00Z,2025-12-19,2025-12-19_25,0.0,0,0,99,64.34768955062586,64.34768955062586,0.0,0.0,0.0,True,True,True,False,0.0,1013.6070790202509,0.0,0.0,0.0,0.0,1013.6070790202509
2025-12-19T05:15:00Z,2025-12-19T05:30:00Z,2025-12-19,2025-12-19_26,0.0,0,0,99,64.34768955062586,64.34768955062586,0.0,0.0,0.0,True,True,True,False,0.0,1013.6070790202509,0.0,0.0,0.0,0.0,1013.6070790202509
2025-12-19T05:30:00Z,2025-12-19T05:45:00Z,2025-12-19,2025-12-19_27,0.0,0,0,99,64.34768955062586,64.34768955062586,0.0,0.0,0.0,True,True,True,False,0.0,1013.6070790202509,0.0,0.0,0.0,0.0,1013.6070790202509
2025-12-19T05:45:00Z,2025-12-19T06:00:00Z,2025-12-19,2025-12-19_28,0.0,0,0,99,64.34768955062586,64.34768955062586,0.0,0.0,0.0,True,True,True,False,0.0,1013.6070790202509,0.0,0.0,0.0,0.0,1013.6070790202509
2025-12-19T06:00:00Z,2025-12-19T06:15:00Z,2025-12-19,2025-12-19_29,0.0,0,0,99,64.34768955062586,64.34768955062586,0.0,0.0,0.0,True,False,True,False,0.0,1013.6070790202509,0.0,0.0,0.0,0.0,1013.6070790202509
2025-12-19T06:15:00Z,2025-12-19T06:30:00Z,2025-12-19,2025-12-19_30,0.0,0,0,99,64.34768955062586,64.34768955062586,0.0,0.0,0.0,True,False,True,False,0.0,1013.6070790202509,0.0,0.0,0.0,0.0,1013.6070790202509
2025-12-19T06:30:00Z,2025-12-19T06:45:00Z,2025-12-19,2025-12-19_31,0.0,0,0,99,64.34768955062586,64.34768955062586,0.0,0.0,0.0,True,False,True,False,0.0,1013.6070790202509,0.0,0.0,0.0,0.0,1013.6070790202509
2025-12-19T06:45:00Z,2025-12-19T07:00:00Z,2025-12-19,2025-12-19_32,0.0,0,0,99,64.34768955062586,64.34768955062586,0.0,0.0,0.0,True,False,True,False,0.0,1013.6070790202509,0.0,0.0,0.0,0.0,1013.6070790202509
2025-12-19T07:00:00Z,2025-12-19T07:15:00Z,2025-12-19,2025-12-19_33,0.0,0,0,99,64.34768955062586,64.34768955062586,0.0,0.0,0.0,True,False,True,False,0.0,1013.6070790202509,0.0,0.0,0.0,0.0,1013.6070790202509
2025-12-19T07:15:00Z,2025-12-19T07:30:00Z,2025-12-19,2025-12-19_34,0.0,0,0,99,64.34768955062586,64.34768955062586,0.0,0.0,0.0,True,False,True,False,0.0,1013.6070790202509,0.0,0.0,0.0,0.0,1013.6070790202509
2025-12-19T07:30:00Z,2025-12-19T07:45:00Z,2025-12-19,2025-12-19_35,0.0,0,0,99,64.34768955062586,64.34768955062586,0.0,0.0,0.0,True,False,True,False,0.0,1013.6070790202509,0.0,0.0,0.0,0.0,1013.6070790202509
2025-12-19T07:45:00Z,2025-12-19T08:00:00Z,2025-12-19,2025-12-19_36,0.0,0,0,99,64.34768955062586,64.34768955062586,0.0,0.0,0.0,True,False,True,False,0.0,1013.6070790202509,0.0,0.0,0.0,0.0,1013.6070790202509
2025-12-19T08:00:00Z,2025-12-19T08:15:00Z,2025-12-19,2025-12-19_37,0.0,0,0,99,64.34768955062586,64.34768955062586,0.0,0.0,0.0,True,False,True,False,0.0,1013.6070790202509,0.0,0.0,0.0,0.0,1013.6070790202509
2025-12-19T08:15:00Z,2025-12-19T08:30:00Z,2025-12-19,2025-12-19_38,0.0,0,0,99,64.34768955062586,64.34768955062586,0.0,0.0,0.0,True,False,True,False,0.0,1013.6070790202509,0.0,0.0,0.0,0.0,1013.6070790202509
2025-12-19T08:30:00Z,2025-12-19T08:45:00Z,2025-12-19,2025-12-19_39,0.0,0,0,99,64.34768955062586,64.34768955062586,0.0,0.0,0.0,True,False,True,False,0.0,1013.6070790202509,0.0,0.0,0.0,0.0,1013.6070790202509
2025-12-19T08:45:00Z,2025-12-19T09:00:00Z,2025-12-19,2025-12-19_40,0.0,0,0,99,64.34768955062586,64.34768955062586,0.0,0.0,0.0,True,False,True,False,0.0,1013.6070790202509,0.0,0.0,0.0,0.0,1013.6070790202509
2025-12-19T09:00:00Z,2025-12-19T09:15:00Z,2025-12-19,2025-12-19_41,0.0,0,0,99,64.34768955062586,64.34768955062586,0.0,0.0,0.0,True,True,True,False,0.0,1013.6070790202509,0.0,0.0,0.0,0.0,1013.6070790202509
2025-12-19T09:15:00Z,2025-12-19T09:30:00Z,2025-12-19,2025-12-19_42,0.0,0,0,99,64.34768955062586,64.34768955062586,0.0,0.0,0.0,True,True,True,False,0.0,1013.6070790202509,0.0,0.0,0.0,0.0,1013.6070790202509
2025-12-19T09:30:00Z,2025-12-19T09:45:00Z,2025-12-19,2025-12-19_43,0.0,0,0,99,64.34768955062586,64.34768955062586,0.0,0.0,0.0,True,True,True,False,0.0,1013.6070790202509,0.0,0.0,0.0,0.0,1013.6070790202509
2025-12-19T09:45:00Z,2025-12-19T10:00:00Z,2025-12-19,2025-12-19_44,0.0,0,0,99,64.34768955062586,64.34768955062586,0.0,0.0,0.0,True,True,True,False,0.0,1013.6070790202509,0.0,0.0,0.0,0.0,1013.6070790202509
2025-12-19T10:00:00Z,2025-12-19T10:15:00Z,2025-12-19,2025-12-19_45,0.0,1,0,99,64.34768955062586,64.34768955062586,0.0,0.0,0.0,True,True,True,False,0.0,1013.6070790202509,1.0500677653159436,0.0,0.0,0.0,1014.6571467855669
2025-12-19T10:15:00Z,2025-12-19T10:30:00Z,2025-12-19,2025-12-19_46,0.0,1,0,99,64.34768955062586,64.34768955062586,0.0,0.0,0.0,True,True,True,False,0.0,1013.6070790202509,1.0500677653159436,0.0,0.0,0.0,1014.6571467855669
2025-12-19T10:30:00Z,2025-12-19T10:45:00Z,2025-12-19,2025-12-19_47,0.0,1,0,99,64.34768955062586,64.34768955062586,0.0,0.0,0.0,True,True,True,False,0.0,1013.6070790202509,1.0500677653159436,0.0,0.0,0.0,1014.6571467855669
2025-12-19T10:45:00Z,2025-12-19T11:00:00Z,2025-12-19,2025-12-19_48,0.0,1,0,99,64.34768955062586,64.34768955062586,0.0,0.0,0.0,True,True,True,False,0.0,1013.6070790202509,1.0500677653159436,0.0,0.0,0.0,1014.6571467855669
2025-12-19T11:00:00Z,2025-12-19T11:15:00Z,2025-12-19,2025-12-19_49,0.0,1,0,99,64.34768955062586,64.34768955062586,0.0,0.0,0.0,True,True,True,False,0.0,1013.6070790202509,1.0500677653159436,0.0,0.0,0.0,1014.6571467855669
2025-12-19T11:15:00Z,2025-12-19T11:30:00Z,2025-12-19,2025-12-19_50,0.0,1,0,99,64.34768955062586,64.34768955062586,0.0,0.0,0.0,True,True,True,False,0.0,1013.6070790202509,1.0500677653159436,0.0,0.0,0.0,1014.6571467855669
2025-12-19T11:30:00Z,2025-12-19T11:45:00Z,2025-12-19,2025-12-19_51,0.0,1,0,99,64.34768955062586,64.34768955062586,0.0,0.0,0.0,True,True,True,False,0.0,1013.6070790202509,1.0500677653159436,0.0,0.0,0.0,1014.6571467855669
2025-12-19T11:45:00Z,2025-12-19T12:00:00Z,2025-12-19,2025-12-19_52,0.0,1,0,99,64.34768955062586,64.34768955062586,0.0,0.0,0.0,True,True,True,False,0.0,1013.6070790202509,1.0500677653159436,0.0,0.0,0.0,1014.6571467855669
2025-12-19T12:00:00Z,2025-12-19T12:15:00Z,2025-12-19,2025-12-19_53,0.0,0,0,99,64.34768955062586,64.34768955062586,0.0,0.0,0.0,True,True,True,False,0.0,1013.6070790202509,0.0,0.0,0.0,0.0,1013.6070790202509
2025-12-19T12:15:00Z,2025-12-19T12:30:00Z,2025-12-19,2025-12-19_54,0.0,0,0,99,64.34768955062586,64.34768955062586,0.0,0.0,0.0,True,True,True,False,0.0,1013.6070790202509,0.0,0.0,0.0,0.0,1013.6070790202509
2025-12-19T12:30:00Z,2025-12-19T12:45:00Z,2025-12-19,2025-12-19_55,0.0,0,0,99,64.34768955062586,64.34768955062586,0.0,0.0,0.0,True,True,True,False,0.0,1013.6070790202509,0.0,0.0,0.0,0.0,1013.6070790202509
2025-12-19T12:45:00Z,2025-12-19T13:00:00Z,2025-12-19,2025-12-19_56,0.0,0,0,99,64.34768955062586,64.34768955062586,0.0,0.0,0.0,True,True,True,False,0.0,1013.6070790202509,0.0,0.0,0.0,0.0,1013.6070790202509
2025-12-19T13:00:00Z,2025-12-19T13:15:00Z,2025-12-19,2025-12-19_57,0.0,0,0,99,64.34768955062586,64.34768955062586,0.0,0.0,0.0,True,True,True,False,0.0,1013.6070790202509,0.0,0.0,0.0,0.0,1013.6070790202509
2025-12-19T13:15:00Z,2025-12-19T13:30:00Z,2025-12-19,2025-12-19_58,0.0,0,0,99,64.34768955062586,64.34768955062586,0.0,0.0,0.0,True,True,True,False,0.0,1013.6070790202509,0.0,0.0,0.0,0.0,1013.6070790202509
2025-12-19T13:30:00Z,2025-12-19T13:45:00Z,2025-12-19,2025-12-19_59,0.0,0,0,99,64.34768955062586,64.34768955062586,0.0,0.0,0.0,True,True,True,False,0.0,1013.6070790202509,0.0,0.0,0.0,0.0,1013.6070790202509
2025-12-19T13:45:00Z,2025-12-19T14:00:00Z,2025-12-19,2025-12-19_60,0.0,0,0,99,64.34768955062586,64.34768955062586,0.0,0.0,0.0,True,True,True,False,0.0,1013.6070790202509,0.0,0.0,0.0,0.0,1013.6070790202509
2025-12-19T14:00:00Z,2025-12-19T14:15:00Z,2025-12-19,2025-12-19_61,0.0,0,0,99,64.34768955062586,64.34768955062586,0.0,0.0,0.0,True,True,True,False,0.0,1013.6070790202509,0.0,0.0,0.0,0.0,1013.6070790202509
2025-12-19T14:15:00Z,2025-12-19T14:30:00Z,2025-12-19,2025-12-19_62,0.0,0,0,99,64.34768955062586,64.34768955062586,0.0,0.0,0.0,True,True,True,False,0.0,1013.6070790202509,0.0,0.0,0.0,0.0,1013.6070790202509
2025-12-19T14:30:00Z,2025-12-19T14:45:00Z,2025-12-19,2025-12-19_63,0.0,0,0,99,64.34768955062586,64.34768955062586,0.0,0.0,0.0,True,True,True,False,0.0,1013.6070790202509,0.0,0.0,0.0,0.0,1013.6070790202509
2025-12-19T14:45:00Z,2025-12-19T15:00:00Z,2025-12-19,2025-12-19_64,0.0,0,0,99,64.34768955062586,64.34768955062586,0.0,0.0,0.0,True,True,True,False,0.0,1013.6070790202509,0.0,0.0,0.0,0.0,1013.6070790202509
2025-12-19T15:00:00Z,2025-12-19T15:15:00Z,2025-12-19,2025-12-19_65,0.0,0,0,99,64.34768955062586,64.34768955062586,0.0,0.0,0.0,True,True,True,False,0.0,1013.6070790202509,0.0,0.0,0.0,0.0,1013.6070790202509
2025-12-19T15:15:00Z,2025-12-19T15:30:00Z,2025-12-19,2025-12-19_66,0.0,0,0,99,64.34768955062586,64.34768955062586,0.0,0.0,0.0,True,True,True,False,0.0,1013.6070790202509,0.0,0.0,0.0,0.0,1013.6070790202509
2025-12-19T15:30:00Z,2025-12-19T15:45:00Z,2025-12-19,2025-12-19_67,0.0,0,0,99,64.34768955062586,64.34768955062586,0.0,0.0,0.0,True,True,True,False,0.0,1013.6070790202509,0.0,0.0,0.0,0.0,1013.6070790202509
2025-12-19T15:45:00Z,2025-12-19T16:00:00Z,2025-12-19,2025-12-19_68,2.5875946777276234e-06,0,0,99,64.34768955062586,64.34768884747513,1.953196465676044e-09,0.0,0.0,True,True,True,False,0.00011950159120415596,1013.6070790202509,0.0,0.0,0.0,0.0,1013.6071985218422
2025-12-19T16:00:00Z,2025-12-19T16:15:00Z,2025-12-19,2025-12-19_69,0.0,0,0,99,64.34768884747513,64.34768884747513,0.0,0.0,0.0,True,True,True,False,0.0,1013.6070790202509,0.0,0.0,0.0,0.0,1013.6070790202509
2025-12-19T16:15:00Z,2025-12-19T16:30:00Z,2025-12-19,2025-12-19_70,0.0,0,0,99,64.34768884747513,64.34768884747513,0.0,0.0,0.0,True,True,True,False,0.0,1013.6070790202509,0.0,0.0,0.0,0.0,1013.6070790202509
2025-12-19T16:30:00Z,2025-12-19T16:45:00Z,2025-12-19,2025-12-19_71,0.0,0,0,99,64.34768884747513,64.34768884747513,0.0,0.0,0.0,True,True,True,False,0.0,1013.6070790202509,0.0,0.0,0.0,0.0,1013.6070790202509
2025-12-19T16:45:00Z,2025-12-19T17:00:00Z,2025-12-19,2025-12-19_72,0.0,0,0,99,64.34768884747513,64.34768884747513,0.0,0.0,0.0,True,True,True,False,0.0,1013.6070790202509,0.0,0.0,0.0,0.0,1013.6070790202509
2025-12-19T17:00:00Z,2025-12-19T17:15:00Z,2025-12-19,2025-12-19_73,0.0,1,0,99,64.34768884747513,64.34768884747513,0.0,0.0,0.0,True,True,True,False,0.0,1013.6070790202509,1.1022175954116005,0.0,0.0,0.0,1014.7092966156625
2025-12-19T17:15:00Z,2025-12-19T17:30:00Z,2025-12-19,2025-12-19_74,0.0,1,0,99,64.34768884747513,64.34768884747513,0.0,0.0,0.0,True,True,True,False,0.0,1013.6070790202509,1.1022175954116005,0.0,0.0,0.0,1014.7092966156625
2025-12-19T17:30:00Z,2025-12-19T17:45:00Z,2025-12-19,2025-12-19_75,0.0,1,0,99,64.34768884747513,64.34768884747513,0.0,0.0,0.0,True,True,True,False,0.0,1013.6070790202509,1.1022175954116005,0.0,0.0,0.0,1014.7092966156625
2025-12-19T17:45:00Z,2025-12-19T18:00:00Z,2025-12-19,2025-12-19_76,0.0,1,0,99,64.34768884747513,64.34768884747513,0.0,0.0,0.0,True,True,True,False,0.0,1013.6070790202509,1.1022175954116005,0.0,0.0,0.0,1014.7092966156625
2025-12-19T18:00:00Z,2025-12-19T18:15:00Z,2025-12-19,2025-12-19_77,0.0,1,0,99,64.34768884747513,64.34768884747513,0.0,0.0,0.0,True,True,True,False,0.0,1013.6070790202509,1.0550765060595944,0.0,0.0,0.0,1014.6621555263105
2025-12-19T18:15:00Z,2025-12-19T18:30:00Z,2025-12-19,2025-12-19_78,0.0,1,0,99,64.34768884747513,64.34768884747513,0.0,0.0,0.0,True,True,True,False,0.0,1013.6070790202509,1.0550765060595944,0.0,0.0,0.0,1014.6621555263105
2025-12-19T18:30:00Z,2025-12-19T18:45:00Z,2025-12-19,2025-12-19_79,0.0,1,0,99,64.34768884747513,64.34768884747513,0.0,0.0,0.0,True,True,True,False,0.0,1013.6070790202509,1.0550765060595944,0.0,0.0,0.0,1014.6621555263105
2025-12-19T18:45:00Z,2025-12-19T19:00:00Z,2025-12-19,2025-12-19_80,0.0,1,0,99,64.34768884747513,64.34768884747513,0.0,0.0,0.0,True,True,True,False,0.0,1013.6070790202509,1.0550765060595944,0.0,0.0,0.0,1014.6621555263105
2025-12-19T19:00:00Z,2025-12-19T19:15:00Z,2025-12-19,2025-12-19_81,0.0,1,0,99,64.34768884747513,64.34768884747513,0.0,0.0,0.0,True,True,True,False,0.0,1013.6070790202509,1.0424073382962424,0.0,0.0,0.0,1014.6494863585472
2025-12-19T19:15:00Z,2025-12-19T19:30:00Z,2025-12-19,2025-12-19_82,0.0,1,0,99,64.34768884747513,64.34768884747513,0.0,0.0,0.0,True,True,True,False,0.0,1013.6070790202509,1.0424073382962424,0.0,0.0,0.0,1014.6494863585472
2025-12-19T19:30:00Z,2025-12-19T19:45:00Z,2025-12-19,2025-12-19_83,0.0,1,0,99,64.34768884747513,64.34768884747513,0.0,0.0,0.0,True,True,True,False,0.0,1013.6070790202509,1.0424073382962424,0.0,0.0,0.0,1014.6494863585472
2025-12-19T19:45:00Z,2025-12-19T20:00:00Z,2025-12-19,2025-12-19_84,0.0,1,0,99,64.34768884747513,64.34768884747513,0.0,0.0,0.0,True,True,True,False,0.0,1013.6070790202509,1.0424073382962424,0.0,0.0,0.0,1014.6494863585472
2025-12-19T20:00:00Z,2025-12-19T20:15:00Z,2025-12-19,2025-12-19_85,0.0,0,0,99,64.34768884747513,64.34768884747513,0.0,0.0,0.0,True,True,True,False,0.0,1013.6070790202509,0.0,0.0,0.0,0.0,1013.6070790202509
2025-12-19T20:15:00Z,2025-12-19T20:30:00Z,2025-12-19,2025-12-19_86,0.0,0,0,99,64.34768884747513,64.34768884747513,0.0,0.0,0.0,True,True,True,False,0.0,1013.6070790202509,0.0,0.0,0.0,0.0,1013.6070790202509
2025-12-19T20:30:00Z,2025-12-19T20:45:00Z,2025-12-19,2025-12-19_87,0.0,0,0,99,64.34768884747513,64.34768884747513,0.0,0.0,0.0,True,True,True,False,0.0,1013.6070790202509,0.0,0.0,0.0,0.0,1013.6070790202509
2025-12-19T20:45:00Z,2025-12-19T21:00:00Z,2025-12-19,2025-12-19_88,0.0,0,0,99,64.34768884747513,64.34768884747513,0.0,0.0,0.0,True,True,True,False,0.0,1013.6070790202509,0.0,0.0,0.0,0.0,1013.6070790202509
2025-12-19T21:00:00Z,2025-12-19T21:15:00Z,2025-12-19,2025-12-19_89,0.0,1,0,99,64.34768884747513,64.34768884747513,0.0,0.0,0.0,True,True,True,False,0.0,1013.6070790202509,1.0424073382962424,0.0,0.0,0.0,1014.6494863585472
2025-12-19T21:15:00Z,2025-12-19T21:30:00Z,2025-12-19,2025-12-19_90,0.0,1,0,99,64.34768884747513,64.34768884747513,0.0,0.0,0.0,True,True,True,False,0.0,1013.6070790202509,1.0424073382962424,0.0,0.0,0.0,1014.6494863585472
2025-12-19T21:30:00Z,2025-12-19T21:45:00Z,2025-12-19,2025-12-19_91,0.0,1,0,99,64.34768884747513,64.34768884747513,0.0,0.0,0.0,True,True,True,False,0.0,1013.6070790202509,1.0424073382962424,0.0,0.0,0.0,1014.6494863585472
2025-12-19T21:45:00Z,2025-12-19T22:00:00Z,2025-12-19,2025-12-19_92,0.0,1,0,99,64.34768884747513,64.34768884747513,0.0,0.0,0.0,True,True,True,False,0.0,1013.6070790202509,1.0424073382962424,0.0,0.0,0.0,1014.6494863585472
2025-12-19T22:00:00Z,2025-12-19T22:15:00Z,2025-12-20,2025-12-19_93,0.0,0,0,99,64.34768884747513,64.34768884747513,0.0,0.0,0.0,True,True,True,False,0.0,1013.9058079220372,0.0,0.0,0.0,0.0,1013.9058079220372
2025-12-19T22:15:00Z,2025-12-19T22:30:00Z,2025-12-20,2025-12-19_94,0.0,0,0,99,64.34768884747513,64.34768884747513,0.0,0.0,0.0,True,True,True,False,0.0,1013.9058079220372,0.0,0.0,0.0,0.0,1013.9058079220372
2025-12-19T22:30:00Z,2025-12-19T22:45:00Z,2025-12-20,2025-12-19_95,0.0,0,0,99,64.34768884747513,64.34768884747513,0.0,0.0,0.0,True,True,True,False,0.0,1013.9058079220372,0.0,0.0,0.0,0.0,1013.9058079220372
2025-12-19T22:45:00Z,2025-12-19T23:00:00Z,2025-12-20,2025-12-19_96,0.0,0,0,99,64.34768884747513,64.34768884747513,0.0,0.0,0.0,True,True,True,False,0.0,1013.9058079220372,0.0,0.0,0.0,0.0,1013.9058079220372
2025-12-19T23:00:00Z,2025-12-19T23:15:00Z,2025-12-20,2025-12-20_1,-4.2745420634173494e-12,0,1,99,64.34768884747513,64.34768884747612,2.7309574294055288e-15,0.0,0.0,True,True,True,False,-1.1093505290083877e-10,1013.9058079220372,0.0,0.2764460861364351,0.0,0.0,1014.1822540080627
2025-12-19T23:15:00Z,2025-12-19T23:30:00Z,2025-12-20,2025-12-20_2,0.0,0,1,99,64.34768884747612,64.34768884747612,0.0,0.0,0.0,True,True,True,False,0.0,1013.9058079220372,0.0,0.2764460861364351,0.0,0.0,1014.1822540081736
2025-12-19T23:30:00Z,2025-12-19T23:45:00Z,2025-12-20,2025-12-20_3,0.0,0,1,99,64.34768884747612,64.34768884747612,0.0,0.0,0.0,True,True,True,False,0.0,1013.9058079220372,0.0,0.2764460861364351,0.0,0.0,1014.1822540081736
2025-12-19T23:45:00Z,2025-12-20T00:00:00Z,2025-12-20,2025-12-20_4,0.0,0,1,99,64.34768884747612,64.34768884747612,0.0,0.0,0.0,True,True,True,False,0.0,1013.9058079220372,0.0,0.2764460861364351,0.0,0.0,1014.1822540081736
2025-12-20T00:00:00Z,2025-12-20T00:15:00Z,2025-12-20,2025-12-20_5,0.0,0,1,99,64.34768884747612,64.34768884747612,0.0,0.0,0.0,True,True,True,False,0.0,1013.9058079220372,0.0,0.2764460861364351,0.0,0.0,1014.1822540081736
2025-12-20T00:15:00Z,2025-12-20T00:30:00Z,2025-12-20,2025-12-20_6,0.0,0,1,99,64.34768884747612,64.34768884747612,0.0,0.0,0.0,True,True,True,False,0.0,1013.9058079220372,0.0,0.2764460861364351,0.0,0.0,1014.1822540081736
2025-12-20T00:30:00Z,2025-12-20T00:45:00Z,2025-12-20,2025-12-20_7,0.0,0,1,99,64.34768884747612,64.34768884747612,0.0,0.0,0.0,True,True,True,False,0.0,1013.9058079220372,0.0,0.2764460861364351,0.0,0.0,1014.1822540081736
2025-12-20T00:45:00Z,2025-12-20T01:00:00Z,2025-12-20,2025-12-20_8,0.0,0,1,99,64.34768884747612,64.34768884747612,0.0,0.0,0.0,True,True,True,False,0.0,1013.9058079220372,0.0,0.2764460861364351,0.0,0.0,1014.1822540081736
2025-12-20T01:00:00Z,2025-12-20T01:15:00Z,2025-12-20,2025-12-20_9,0.0,0,0,99,64.34768884747612,64.34768884747612,0.0,0.0,0.0,True,True,True,False,0.0,1013.9058079220372,0.0,0.0,0.0,0.0,1013.9058079220372
2025-12-20T01:15:00Z,2025-12-20T01:30:00Z,2025-12-20,2025-12-20_10,0.0,0,0,99,64.34768884747612,64.34768884747612,0.0,0.0,0.0,True,True,True,False,0.0,1013.9058079220372,0.0,0.0,0.0,0.0,1013.9058079220372
2025-12-20T01:30:00Z,2025-12-20T01:45:00Z,2025-12-20,2025-12-20_11,0.0,0,0,99,64.34768884747612,64.34768884747612,0.0,0.0,0.0,True,True,True,False,0.0,1013.9058079220372,0.0,0.0,0.0,0.0,1013.9058079220372
2025-12-20T01:45:00Z,2025-12-20T02:00:00Z,2025-12-20,2025-12-20_12,0.0,0,0,99,64.34768884747612,64.34768884747612,0.0,0.0,0.0,True,True,True,False,0.0,1013.9058079220372,0.0,0.0,0.0,0.0,1013.9058079220372
2025-12-20T02:00:00Z,2025-12-20T02:15:00Z,2025-12-20,2025-12-20_13,0.0,0,0,99,64.34768884747612,64.34768884747612,0.0,0.0,0.0,True,True,True,False,0.0,1013.9058079220372,0.0,0.0,0.0,0.0,1013.9058079220372
2025-12-20T02:15:00Z,2025-12-20T02:30:00Z,2025-12-20,2025-12-20_14,0.0,0,0,99,64.34768884747612,64.34768884747612,0.0,0.0,0.0,True,True,True,False,0.0,1013.9058079220372,0.0,0.0,0.0,0.0,1013.9058079220372
2025-12-20T02:30:00Z,2025-12-20T02:45:00Z,2025-12-20,2025-12-20_15,0.0,0,0,99,64.34768884747612,64.34768884747612,0.0,0.0,0.0,True,True,True,False,0.0,1013.9058079220372,0.0,0.0,0.0,0.0,1013.9058079220372
2025-12-20T02:45:00Z,2025-12-20T03:00:00Z,2025-12-20,2025-12-20_16,0.0,0,0,99,64.34768884747612,64.34768884747612,0.0,0.0,0.0,True,True,True,False,0.0,1013.9058079220372,0.0,0.0,0.0,0.0,1013.9058079220372
2025-12-20T03:00:00Z,2025-12-20T03:15:00Z,2025-12-20,2025-12-20_17,0.0,0,0,99,64.34768884747612,64.34768884747612,0.0,0.0,0.0,True,False,True,False,0.0,1013.9058079220372,0.0,0.0,0.0,0.0,1013.9058079220372
2025-12-20T03:15:00Z,2025-12-20T03:30:00Z,2025-12-20,2025-12-20_18,0.0,0,0,99,64.34768884747612,64.34768884747612,0.0,0.0,0.0,True,False,True,False,0.0,1013.9058079220372,0.0,0.0,0.0,0.0,1013.9058079220372
2025-12-20T03:30:00Z,2025-12-20T03:45:00Z,2025-12-20,2025-12-20_19,0.0,0,0,99,64.34768884747612,64.34768884747612,0.0,0.0,0.0,True,False,True,False,0.0,1013.9058079220372,0.0,0.0,0.0,0.0,1013.9058079220372
2025-12-20T03:45:00Z,2025-12-20T04:00:00Z,2025-12-20,2025-12-20_20,0.0,0,0,99,64.34768884747612,64.34768884747612,0.0,0.0,0.0,True,False,True,False,0.0,1013.9058079220372,0.0,0.0,0.0,0.0,1013.9058079220372
2025-12-20T04:00:00Z,2025-12-20T04:15:00Z,2025-12-20,2025-12-20_21,0.0,0,0,99,64.34768884747612,64.34768884747612,0.0,0.0,0.0,True,True,True,False,0.0,1013.9058079220372,0.0,0.0,0.0,0.0,1013.9058079220372
2025-12-20T04:15:00Z,2025-12-20T04:30:00Z,2025-12-20,2025-12-20_22,0.0,0,0,99,64.34768884747612,64.34768884747612,0.0,0.0,0.0,True,True,True,False,0.0,1013.9058079220372,0.0,0.0,0.0,0.0,1013.9058079220372
2025-12-20T04:30:00Z,2025-12-20T04:45:00Z,2025-12-20,2025-12-20_23,0.0,0,0,99,64.34768884747612,64.34768884747612,0.0,0.0,0.0,True,True,True,False,0.0,1013.9058079220372,0.0,0.0,0.0,0.0,1013.9058079220372
2025-12-20T04:45:00Z,2025-12-20T05:00:00Z,2025-12-20,2025-12-20_24,0.0,0,0,99,64.34768884747612,64.34768884747612,0.0,0.0,0.0,True,True,True,False,0.0,1013.9058079220372,0.0,0.0,0.0,0.0,1013.9058079220372
2025-12-20T05:00:00Z,2025-12-20T05:15:00Z,2025-12-20,2025-12-20_25,0.0,0,0,99,64.34768884747612,64.34768884747612,0.0,0.0,0.0,True,True,True,False,0.0,1013.9058079220372,0.0,0.0,0.0,0.0,1013.9058079220372
2025-12-20T05:15:00Z,2025-12-20T05:30:00Z,2025-12-20,2025-12-20_26,0.0,0,0,99,64.34768884747612,64.34768884747612,0.0,0.0,0.0,True,True,True,False,0.0,1013.9058079220372,0.0,0.0,0.0,0.0,1013.9058079220372
2025-12-20T05:30:00Z,2025-12-20T05:45:00Z,2025-12-20,2025-12-20_27,0.0,0,0,99,64.34768884747612,64.34768884747612,0.0,0.0,0.0,True,True,True,False,0.0,1013.9058079220372,0.0,0.0,0.0,0.0,1013.9058079220372
2025-12-20T05:45:00Z,2025-12-20T06:00:00Z,2025-12-20,2025-12-20_28,0.0,0,0,99,64.34768884747612,64.34768884747612,0.0,0.0,0.0,True,True,True,False,0.0,1013.9058079220372,0.0,0.0,0.0,0.0,1013.9058079220372
2025-12-20T06:00:00Z,2025-12-20T06:15:00Z,2025-12-20,2025-12-20_29,0.0,0,0,99,64.34768884747612,64.34768884747612,0.0,0.0,0.0,True,True,True,False,0.0,1013.9058079220372,0.0,0.0,0.0,0.0,1013.9058079220372
2025-12-20T06:15:00Z,2025-12-20T06:30:00Z,2025-12-20,2025-12-20_30,0.0,0,0,99,64.34768884747612,64.34768884747612,0.0,0.0,0.0,True,True,True,False,0.0,1013.9058079220372,0.0,0.0,0.0,0.0,1013.9058079220372
2025-12-20T06:30:00Z,2025-12-20T06:45:00Z,2025-12-20,2025-12-20_31,0.0,0,0,99,64.34768884747612,64.34768884747612,0.0,0.0,0.0,True,True,True,False,0.0,1013.9058079220372,0.0,0.0,0.0,0.0,1013.9058079220372
2025-12-20T06:45:00Z,2025-12-20T07:00:00Z,2025-12-20,2025-12-20_32,0.0,0,0,99,64.34768884747612,64.34768884747612,0.0,0.0,0.0,True,True,True,False,0.0,1013.9058079220372,0.0,0.0,0.0,0.0,1013.9058079220372
2025-12-20T07:00:00Z,2025-12-20T07:15:00Z,2025-12-20,2025-12-20_33,0.0,0,1,99,64.34768884747612,64.34768884747612,0.0,0.0,0.0,True,True,True,False,0.0,1013.9058079220372,0.0,0.2746777742848161,0.0,0.0,1014.180485696322
2025-12-20T07:15:00Z,2025-12-20T07:30:00Z,2025-12-20,2025-12-20_34,0.0,0,1,99,64.34768884747612,64.34768884747612,0.0,0.0,0.0,True,True,True,False,0.0,1013.9058079220372,0.0,0.2746777742848161,0.0,0.0,1014.180485696322
2025-12-20T07:30:00Z,2025-12-20T07:45:00Z,2025-12-20,2025-12-20_35,0.0,0,1,99,64.34768884747612,64.34768884747612,0.0,0.0,0.0,True,True,True,False,0.0,1013.9058079220372,0.0,0.2746777742848161,0.0,0.0,1014.180485696322
2025-12-20T07:45:00Z,2025-12-20T08:00:00Z,2025-12-20,2025-12-20_36,0.0,0,1,99,64.34768884747612,64.34768884747612,0.0,0.0,0.0,True,True,True,False,0.0,1013.9058079220372,0.0,0.2746777742848161,0.0,0.0,1014.180485696322
2025-12-20T08:00:00Z,2025-12-20T08:15:00Z,2025-12-20,2025-12-20_37,0.0,0,0,99,64.34768884747612,64.34768884747612,0.0,0.0,0.0,True,False,True,False,0.0,1013.9058079220372,0.0,0.0,0.0,0.0,1013.9058079220372
2025-12-20T08:15:00Z,2025-12-20T08:30:00Z,2025-12-20,2025-12-20_38,0.0,0,0,99,64.34768884747612,64.34768884747612,0.0,0.0,0.0,True,False,True,False,0.0,1013.9058079220372,0.0,0.0,0.0,0.0,1013.9058079220372
2025-12-20T08:30:00Z,2025-12-20T08:45:00Z,2025-12-20,2025-12-20_39,0.0,0,0,99,64.34768884747612,64.34768884747612,0.0,0.0,0.0,True,False,True,False,0.0,1013.9058079220372,0.0,0.0,0.0,0.0,1013.9058079220372
2025-12-20T08:45:00Z,2025-12-20T09:00:00Z,2025-12-20,2025-12-20_40,0.0,0,0,99,64.34768884747612,64.34768884747612,0.0,0.0,0.0,True,False,True,False,0.0,1013.9058079220372,0.0,0.0,0.0,0.0,1013.9058079220372
2025-12-20T09:00:00Z,2025-12-20T09:15:00Z,2025-12-20,2025-12-20_41,0.0,0,0,99,64.34768884747612,64.34768884747612,0.0,0.0,0.0,True,True,True,False,0.0,1013.9058079220372,0.0,0.0,0.0,0.0,1013.9058079220372
2025-12-20T09:15:00Z,2025-12-20T09:30:00Z,2025-12-20,2025-12-20_42,0.0,0,0,99,64.34768884747612,64.34768884747612,0.0,0.0,0.0,True,True,True,False,0.0,1013.9058079220372,0.0,0.0,0.0,0.0,1013.9058079220372
2025-12-20T09:30:00Z,2025-12-20T09:45:00Z,2025-12-20,2025-12-20_43,0.0,0,0,99,64.34768884747612,64.34768884747612,0.0,0.0,0.0,True,True,True,False,0.0,1013.9058079220372,0.0,0.0,0.0,0.0,1013.9058079220372
2025-12-20T09:45:00Z,2025-12-20T10:00:00Z,2025-12-20,2025-12-20_44,0.0,0,0,99,64.34768884747612,64.34768884747612,0.0,0.0,0.0,True,True,True,False,0.0,1013.9058079220372,0.0,0.0,0.0,0.0,1013.9058079220372
2025-12-20T10:00:00Z,2025-12-20T10:15:00Z,2025-12-20,2025-12-20_45,0.0,0,0,99,64.34768884747612,64.34768884747612,0.0,0.0,0.0,True,True,True,False,0.0,1013.9058079220372,0.0,0.0,0.0,0.0,1013.9058079220372
2025-12-20T10:15:00Z,2025-12-20T10:30:00Z,2025-12-20,2025-12-20_46,0.0,0,0,99,64.34768884747612,64.34768884747612,0.0,0.0,0.0,True,True,True,False,0.0,1013.9058079220372,0.0,0.0,0.0,0.0,1013.9058079220372
2025-12-20T10:30:00Z,2025-12-20T10:45:00Z,2025-12-20,2025-12-20_47,0.0,0,0,99,64.34768884747612,64.34768884747612,0.0,0.0,0.0,True,True,True,False,0.0,1013.9058079220372,0.0,0.0,0.0,0.0,1013.9058079220372
2025-12-20T10:45:00Z,2025-12-20T11:00:00Z,2025-12-20,2025-12-20_48,0.0,0,0,99,64.34768884747612,64.34768884747612,0.0,0.0,0.0,True,True,True,False,0.0,1013.9058079220372,0.0,0.0,0.0,0.0,1013.9058079220372
2025-12-20T11:00:00Z,2025-12-20T11:15:00Z,2025-12-20,2025-12-20_49,0.0,0,1,99,64.34768884747612,64.34768884747612,0.0,0.0,0.0,True,True,True,False,0.0,1013.9058079220372,0.0,0.2764460861364351,0.0,0.0,1014.1822540081736
2025-12-20T11:15:00Z,2025-12-20T11:30:00Z,2025-12-20,2025-12-20_50,0.0,0,1,99,64.34768884747612,64.34768884747612,0.0,0.0,0.0,True,True,True,False,0.0,1013.9058079220372,0.0,0.2764460861364351,0.0,0.0,1014.1822540081736
2025-12-20T11:30:00Z,2025-12-20T11:45:00Z,2025-12-20,2025-12-20_51,0.0,0,1,99,64.34768884747612,64.34768884747612,0.0,0.0,0.0,True,True,True,False,0.0,1013.9058079220372,0.0,0.2764460861364351,0.0,0.0,1014.1822540081736
2025-12-20T11:45:00Z,2025-12-20T12:00:00Z,2025-12-20,2025-12-20_52,0.0,0,1,99,64.34768884747612,64.34768884747612,0.0,0.0,0.0,True,True,True,False,0.0,1013.9058079220372,0.0,0.2764460861364351,0.0,0.0,1014.1822540081736
2025-12-20T12:00:00Z,2025-12-20T12:15:00Z,2025-12-20,2025-12-20_53,0.0,0,0,99,64.34768884747612,64.34768884747612,0.0,0.0,0.0,True,True,True,False,0.0,1013.9058079220372,0.0,0.0,0.0,0.0,1013.9058079220372
2025-12-20T12:15:00Z,2025-12-20T12:30:00Z,2025-12-20,2025-12-20_54,0.0,0,0,99,64.34768884747612,64.34768884747612,0.0,0.0,0.0,True,True,True,False,0.0,1013.9058079220372,0.0,0.0,0.0,0.0,1013.9058079220372
2025-12-20T12:30:00Z,2025-12-20T12:45:00Z,2025-12-20,2025-12-20_55,0.0,0,0,99,64.34768884747612,64.34768884747612,0.0,0.0,0.0,True,True,True,False,0.0,1013.9058079220372,0.0,0.0,0.0,0.0,1013.9058079220372
2025-12-20T12:45:00Z,2025-12-20T13:00:00Z,2025-12-20,2025-12-20_56,0.0,0,0,99,64.34768884747612,64.34768884747612,0.0,0.0,0.0,True,True,True,False,0.0,1013.9058079220372,0.0,0.0,0.0,0.0,1013.9058079220372
2025-12-20T13:00:00Z,2025-12-20T13:15:00Z,2025-12-20,2025-12-20_57,0.0,0,1,99,64.34768884747612,64.34768884747612,0.0,0.0,0.0,True,True,True,False,0.0,1013.9058079220372,0.0,0.2764460861364351,0.0,0.0,1014.1822540081736
2025-12-20T13:15:00Z,2025-12-20T13:30:00Z,2025-12-20,2025-12-20_58,0.0,0,1,99,64.34768884747612,64.34768884747612,0.0,0.0,0.0,True,True,True,False,0.0,1013.9058079220372,0.0,0.2764460861364351,0.0,0.0,1014.1822540081736
2025-12-20T13:30:00Z,2025-12-20T13:45:00Z,2025-12-20,2025-12-20_59,0.0,0,1,99,64.34768884747612,64.34768884747612,0.0,0.0,0.0,True,True,True,False,0.0,1013.9058079220372,0.0,0.2764460861364351,0.0,0.0,1014.1822540081736
2025-12-20T13:45:00Z,2025-12-20T14:00:00Z,2025-12-20,2025-12-20_60,0.0,0,1,99,64.34768884747612,64.34768884747612,0.0,0.0,0.0,True,True,True,False,0.0,1013.9058079220372,0.0,0.2764460861364351,0.0,0.0,1014.1822540081736
2025-12-20T14:00:00Z,2025-12-20T14:15:00Z,2025-12-20,2025-12-20_61,0.0,0,1,99,64.34768884747612,64.34768884747612,0.0,0.0,0.0,True,True,True,False,0.0,1013.9058079220372,0.0,0.2764460861364351,0.0,0.0,1014.1822540081736
2025-12-20T14:15:00Z,2025-12-20T14:30:00Z,2025-12-20,2025-12-20_62,0.0,0,1,99,64.34768884747612,64.34768884747612,0.0,0.0,0.0,True,True,True,False,0.0,1013.9058079220372,0.0,0.2764460861364351,0.0,0.0,1014.1822540081736
2025-12-20T14:30:00Z,2025-12-20T14:45:00Z,2025-12-20,2025-12-20_63,0.0,0,1,99,64.34768884747612,64.34768884747612,0.0,0.0,0.0,True,True,True,False,0.0,1013.9058079220372,0.0,0.2764460861364351,0.0,0.0,1014.1822540081736
2025-12-20T14:45:00Z,2025-12-20T15:00:00Z,2025-12-20,2025-12-20_64,0.0,0,1,99,64.34768884747612,64.34768884747612,0.0,0.0,0.0,True,True,True,False,0.0,1013.9058079220372,0.0,0.2764460861364351,0.0,0.0,1014.1822540081736
2025-12-20T15:00:00Z,2025-12-20T15:15:00Z,2025-12-20,2025-12-20_65,0.0,0,1,99,64.34768884747612,64.34768884747612,0.0,0.0,0.0,True,True,True,False,0.0,1013.9058079220372,0.0,0.2746777742848161,0.0,0.0,1014.180485696322
2025-12-20T15:15:00Z,2025-12-20T15:30:00Z,2025-12-20,2025-12-20_66,0.0,0,1,99,64.34768884747612,64.34768884747612,0.0,0.0,0.0,True,True,True,False,0.0,1013.9058079220372,0.0,0.2746777742848161,0.0,0.0,1014.180485696322
2025-12-20T15:30:00Z,2025-12-20T15:45:00Z,2025-12-20,2025-12-20_67,0.0,0,1,99,64.34768884747612,64.34768884747612,0.0,0.0,0.0,True,True,True,False,0.0,1013.9058079220372,0.0,0.2746777742848161,0.0,0.0,1014.180485696322
2025-12-20T15:45:00Z,2025-12-20T16:00:00Z,2025-12-20,2025-12-20_68,0.0,0,1,99,64.34768884747612,64.34768884747612,0.0,0.0,0.0,True,True,True,False,0.0,1013.9058079220372,0.0,0.2746777742848161,0.0,0.0,1014.180485696322
2025-12-20T16:00:00Z,2025-12-20T16:15:00Z,2025-12-20,2025-12-20_69,0.0,0,1,99,64.34768884747612,64.34768884747612,0.0,0.0,0.0,True,True,True,False,0.0,1013.9058079220372,0.0,0.2746777742848161,0.0,0.0,1014.180485696322
2025-12-20T16:15:00Z,2025-12-20T16:30:00Z,2025-12-20,2025-12-20_70,0.0,0,1,99,64.34768884747612,64.34768884747612,0.0,0.0,0.0,True,True,True,False,0.0,1013.9058079220372,0.0,0.2746777742848161,0.0,0.0,1014.180485696322
2025-12-20T16:30:00Z,2025-12-20T16:45:00Z,2025-12-20,2025-12-20_71,0.0,0,1,99,64.34768884747612,64.34768884747612,0.0,0.0,0.0,True,True,True,False,0.0,1013.9058079220372,0.0,0.2746777742848161,0.0,0.0,1014.180485696322
2025-12-20T16:45:00Z,2025-12-20T17:00:00Z,2025-12-20,2025-12-20_72,0.0,0,1,99,64.34768884747612,64.34768884747612,0.0,0.0,0.0,True,True,True,False,0.0,1013.9058079220372,0.0,0.2746777742848161,0.0,0.0,1014.180485696322
2025-12-20T17:00:00Z,2025-12-20T17:15:00Z,2025-12-20,2025-12-20_73,0.0,0,0,99,64.34768884747612,64.34768884747612,0.0,0.0,0.0,True,True,True,False,0.0,1013.9058079220372,0.0,0.0,0.0,0.0,1013.9058079220372
2025-12-20T17:15:00Z,2025-12-20T17:30:00Z,2025-12-20,2025-12-20_74,0.0,0,0,99,64.34768884747612,64.34768884747612,0.0,0.0,0.0,True,True,True,False,0.0,1013.9058079220372,0.0,0.0,0.0,0.0,1013.9058079220372
2025-12-20T17:30:00Z,2025-12-20T17:45:00Z,2025-12-20,2025-12-20_75,0.0,0,0,99,64.34768884747612,64.34768884747612,0.0,0.0,0.0,True,True,True,False,0.0,1013.9058079220372,0.0,0.0,0.0,0.0,1013.9058079220372
2025-12-20T17:45:00Z,2025-12-20T18:00:00Z,2025-12-20,2025-12-20_76,0.0,0,0,99,64.34768884747612,64.34768884747612,0.0,0.0,0.0,True,True,True,False,0.0,1013.9058079220372,0.0,0.0,0.0,0.0,1013.9058079220372
2025-12-20T18:00:00Z,2025-12-20T18:15:00Z,2025-12-20,2025-12-20_77,0.0,0,1,99,64.34768884747612,64.34768884747612,0.0,0.0,0.0,True,True,True,False,0.0,1013.9058079220372,0.0,0.2746777742848161,0.0,0.0,1014.180485696322
2025-12-20T18:15:00Z,2025-12-20T18:30:00Z,2025-12-20,2025-12-20_78,0.0,0,1,99,64.34768884747612,64.34768884747612,0.0,0.0,0.0,True,True,True,False,0.0,1013.9058079220372,0.0,0.2746777742848161,0.0,0.0,1014.180485696322
2025-12-20T18:30:00Z,2025-12-20T18:45:00Z,2025-12-20,2025-12-20_79,0.0,0,1,99,64.34768884747612,64.34768884747612,0.0,0.0,0.0,True,True,True,False,0.0,1013.9058079220372,0.0,0.2746777742848161,0.0,0.0,1014.180485696322
2025-12-20T18:45:00Z,2025-12-20T19:00:00Z,2025-12-20,2025-12-20_80,0.0,0,1,99,64.34768884747612,64.34768884747612,0.0,0.0,0.0,True,True,True,False,0.0,1013.9058079220372,0.0,0.2746777742848161,0.0,0.0,1014.180485696322
2025-12-20T19:00:00Z,2025-12-20T19:15:00Z,2025-12-20,2025-12-20_81,0.0,0,0,99,64.34768884747612,64.34768884747612,0.0,0.0,0.0,True,True,True,False,0.0,1013.9058079220372,0.0,0.0,0.0,0.0,1013.9058079220372
2025-12-20T19:15:00Z,2025-12-20T19:30:00Z,2025-12-20,2025-12-20_82,0.0,0,0,99,64.34768884747612,64.34768884747612,0.0,0.0,0.0,True,True,True,False,0.0,1013.9058079220372,0.0,0.0,0.0,0.0,1013.9058079220372
2025-12-20T19:30:00Z,2025-12-20T19:45:00Z,2025-12-20,2025-12-20_83,0.0,0,0,99,64.34768884747612,64.34768884747612,0.0,0.0,0.0,True,True,True,False,0.0,1013.9058079220372,0.0,0.0,0.0,0.0,1013.9058079220372
2025-12-20T19:45:00Z,2025-12-20T20:00:00Z,2025-12-20,2025-12-20_84,0.0,0,0,99,64.34768884747612,64.34768884747612,0.0,0.0,0.0,True,True,True,False,0.0,1013.9058079220372,0.0,0.0,0.0,0.0,1013.9058079220372
2025-12-20T20:00:00Z,2025-12-20T20:15:00Z,2025-12-20,2025-12-20_85,0.0,0,0,99,64.34768884747612,64.34768884747612,0.0,0.0,0.0,True,True,True,False,0.0,1013.9058079220372,0.0,0.0,0.0,0.0,1013.9058079220372
2025-12-20T20:15:00Z,2025-12-20T20:30:00Z,2025-12-20,2025-12-20_86,0.0,0,0,99,64.34768884747612,64.34768884747612,0.0,0.0,0.0,True,True,True,False,0.0,1013.9058079220372,0.0,0.0,0.0,0.0,1013.9058079220372
2025-12-20T20:30:00Z,2025-12-20T20:45:00Z,2025-12-20,2025-12-20_87,0.0,0,0,99,64.34768884747612,64.34768884747612,0.0,0.0,0.0,True,True,True,False,0.0,1013.9058079220372,0.0,0.0,0.0,0.0,1013.9058079220372
2025-12-20T20:45:00Z,2025-12-20T21:00:00Z,2025-12-20,2025-12-20_88,0.0,0,0,99,64.34768884747612,64.34768884747612,0.0,0.0,0.0,True,True,True,False,0.0,1013.9058079220372,0.0,0.0,0.0,0.0,1013.9058079220372
2025-12-20T21:00:00Z,2025-12-20T21:15:00Z,2025-12-20,2025-12-20_89,0.0,0,0,99,64.34768884747612,64.34768884747612,0.0,0.0,0.0,True,True,True,False,0.0,1013.9058079220372,0.0,0.0,0.0,0.0,1013.9058079220372
2025-12-20T21:15:00Z,2025-12-20T21:30:00Z,2025-12-20,2025-12-20_90,0.0,0,0,99,64.34768884747612,64.34768884747612,0.0,0.0,0.0,True,True,True,False,0.0,1013.9058079220372,0.0,0.0,0.0,0.0,1013.9058079220372
2025-12-20T21:30:00Z,2025-12-20T21:45:00Z,2025-12-20,2025-12-20_91,0.0,0,0,99,64.34768884747612,64.34768884747612,0.0,0.0,0.0,True,True,True,False,0.0,1013.9058079220372,0.0,0.0,0.0,0.0,1013.9058079220372
2025-12-20T21:45:00Z,2025-12-20T22:00:00Z,2025-12-20,2025-12-20_92,0.0,0,0,99,64.34768884747612,64.34768884747612,0.0,0.0,0.0,True,True,True,False,0.0,1013.9058079220372,0.0,0.0,0.0,0.0,1013.9058079220372
2025-12-20T22:00:00Z,2025-12-20T22:15:00Z,2025-12-21,2025-12-20_93,0.0,0,0,99,64.34768884747612,64.34768884747612,0.0,0.0,0.0,True,True,True,False,0.0,1013.9058079220372,0.0,0.0,0.0,0.0,1013.9058079220372
2025-12-20T22:15:00Z,2025-12-20T22:30:00Z,2025-12-21,2025-12-20_94,0.0,0,0,99,64.34768884747612,64.34768884747612,0.0,0.0,0.0,True,True,True,False,0.0,1013.9058079220372,0.0,0.0,0.0,0.0,1013.9058079220372
2025-12-20T22:30:00Z,2025-12-20T22:45:00Z,2025-12-21,2025-12-20_95,0.0,0,0,99,64.34768884747612,64.34768884747612,0.0,0.0,0.0,True,True,True,False,0.0,1013.9058079220372,0.0,0.0,0.0,0.0,1013.9058079220372
2025-12-20T22:45:00Z,2025-12-20T23:00:00Z,2025-12-21,2025-12-20_96,-1.5286288949621098e-06,0,0,99,64.34768884747612,64.34768919906077,9.766240162257922e-10,0.0,0.0,True,True,True,False,-3.22426049669883e-05,1013.9058079220372,0.0,0.0,0.0,0.0,1013.9057756794322
2025-12-20T23:00:00Z,2025-12-20T23:15:00Z,2025-12-21,2025-12-21_1,0.0,1,0,99,64.34768919906077,64.34768919906077,0.0,0.0,0.0,True,True,True,False,0.0,1013.9058079220372,1.0256208739390127,0.0,0.0,0.0,1014.9314287959762
2025-12-20T23:15:00Z,2025-12-20T23:30:00Z,2025-12-21,2025-12-21_2,0.0,1,0,99,64.34768919906077,64.34768919906077,0.0,0.0,0.0,True,True,True,False,0.0,1013.9058079220372,1.0256208739390127,0.0,0.0,0.0,1014.9314287959762
2025-12-20T23:30:00Z,2025-12-20T23:45:00Z,2025-12-21,2025-12-21_3,0.0,1,0,99,64.34768919906077,64.34768919906077,0.0,0.0,0.0,True,True,True,False,0.0,1013.9058079220372,1.0256208739390127,0.0,0.0,0.0,1014.9314287959762
2025-12-20T23:45:00Z,2025-12-21T00:00:00Z,2025-12-21,2025-12-21_4,0.0,1,0,99,64.34768919906077,64.34768919906077,0.0,0.0,0.0,True,True,True,False,0.0,1013.9058079220372,1.0256208739390127,0.0,0.0,0.0,1014.9314287959762
2025-12-21T00:00:00Z,2025-12-21T00:15:00Z,2025-12-21,2025-12-21_5,0.0,0,0,99,64.34768919906077,64.34768919906077,0.0,0.0,0.0,True,True,True,False,0.0,1013.9058079220372,0.0,0.0,0.0,0.0,1013.9058079220372
2025-12-21T00:15:00Z,2025-12-21T00:30:00Z,2025-12-21,2025-12-21_6,0.0,0,0,99,64.34768919906077,64.34768919906077,0.0,0.0,0.0,True,True,True,False,0.0,1013.9058079220372,0.0,0.0,0.0,0.0,1013.9058079220372
2025-12-21T00:30:00Z,2025-12-21T00:45:00Z,2025-12-21,2025-12-21_7,0.0,0,0,99,64.34768919906077,64.34768919906077,0.0,0.0,0.0,True,True,True,False,0.0,1013.9058079220372,0.0,0.0,0.0,0.0,1013.9058079220372
2025-12-21T00:45:00Z,2025-12-21T01:00:00Z,2025-12-21,2025-12-21_8,0.0,0,0,99,64.34768919906077,64.34768919906077,0.0,0.0,0.0,True,True,True,False,0.0,1013.9058079220372,0.0,0.0,0.0,0.0,1013.9058079220372
2025-12-21T01:00:00Z,2025-12-21T01:15:00Z,2025-12-21,2025-12-21_9,0.0,0,0,99,64.34768919906077,64.34768919906077,0.0,0.0,0.0,True,True,True,False,0.0,1013.9058079220372,0.0,0.0,0.0,0.0,1013.9058079220372
2025-12-21T01:15:00Z,2025-12-21T01:30:00Z,2025-12-21,2025-12-21_10,0.0,0,0,99,64.34768919906077,64.34768919906077,0.0,0.0,0.0,True,True,True,False,0.0,1013.9058079220372,0.0,0.0,0.0,0.0,1013.9058079220372
2025-12-21T01:30:00Z,2025-12-21T01:45:00Z,2025-12-21,2025-12-21_11,0.0,0,0,99,64.34768919906077,64.34768919906077,0.0,0.0,0.0,True,True,True,False,0.0,1013.9058079220372,0.0,0.0,0.0,0.0,1013.9058079220372
2025-12-21T01:45:00Z,2025-12-21T02:00:00Z,2025-12-21,2025-12-21_12,0.0,0,0,99,64.34768919906077,64.34768919906077,0.0,0.0,0.0,True,True,True,False,0.0,1013.9058079220372,0.0,0.0,0.0,0.0,1013.9058079220372
2025-12-21T02:00:00Z,2025-12-21T02:15:00Z,2025-12-21,2025-12-21_13,0.0,0,0,99,64.34768919906077,64.34768919906077,0.0,0.0,0.0,True,True,True,False,0.0,1013.9058079220372,0.0,0.0,0.0,0.0,1013.9058079220372
2025-12-21T02:15:00Z,2025-12-21T02:30:00Z,2025-12-21,2025-12-21_14,0.0,0,0,99,64.34768919906077,64.34768919906077,0.0,0.0,0.0,True,True,True,False,0.0,1013.9058079220372,0.0,0.0,0.0,0.0,1013.9058079220372
2025-12-21T02:30:00Z,2025-12-21T02:45:00Z,2025-12-21,2025-12-21_15,0.0,0,0,99,64.34768919906077,64.34768919906077,0.0,0.0,0.0,True,True,True,False,0.0,1013.9058079220372,0.0,0.0,0.0,0.0,1013.9058079220372
2025-12-21T02:45:00Z,2025-12-21T03:00:00Z,2025-12-21,2025-12-21_16,0.0,0,0,99,64.34768919906077,64.34768919906077,0.0,0.0,0.0,True,True,True,False,0.0,1013.9058079220372,0.0,0.0,0.0,0.0,1013.9058079220372
2025-12-21T03:00:00Z,2025-12-21T03:15:00Z,2025-12-21,2025-12-21_17,0.0,0,0,99,64.34768919906077,64.34768919906077,0.0,0.0,0.0,True,True,True,False,0.0,1013.9058079220372,0.0,0.0,0.0,0.0,1013.9058079220372
2025-12-21T03:15:00Z,2025-12-21T03:30:00Z,2025-12-21,2025-12-21_18,0.0,0,0,99,64.34768919906077,64.34768919906077,0.0,0.0,0.0,True,True,True,False,0.0,1013.9058079220372,0.0,0.0,0.0,0.0,1013.9058079220372
2025-12-21T03:30:00Z,2025-12-21T03:45:00Z,2025-12-21,2025-12-21_19,0.0,0,0,99,64.34768919906077,64.34768919906077,0.0,0.0,0.0,True,True,True,False,0.0,1013.9058079220372,0.0,0.0,0.0,0.0,1013.9058079220372
2025-12-21T03:45:00Z,2025-12-21T04:00:00Z,2025-12-21,2025-12-21_20,0.0,0,0,99,64.34768919906077,64.34768919906077,0.0,0.0,0.0,True,True,True,False,0.0,1013.9058079220372,0.0,0.0,0.0,0.0,1013.9058079220372
2025-12-21T04:00:00Z,2025-12-21T04:15:00Z,2025-12-21,2025-12-21_21,0.0,0,0,99,64.34768919906077,64.34768919906077,0.0,0.0,0.0,True,True,True,False,0.0,1013.9058079220372,0.0,0.0,0.0,0.0,1013.9058079220372
2025-12-21T04:15:00Z,2025-12-21T04:30:00Z,2025-12-21,2025-12-21_22,0.0,0,0,99,64.34768919906077,64.34768919906077,0.0,0.0,0.0,True,True,True,False,0.0,1013.9058079220372,0.0,0.0,0.0,0.0,1013.9058079220372
2025-12-21T04:30:00Z,2025-12-21T04:45:00Z,2025-12-21,2025-12-21_23,0.0,0,0,99,64.34768919906077,64.34768919906077,0.0,0.0,0.0,True,True,True,False,0.0,1013.9058079220372,0.0,0.0,0.0,0.0,1013.9058079220372
2025-12-21T04:45:00Z,2025-12-21T05:00:00Z,2025-12-21,2025-12-21_24,0.0,0,0,99,64.34768919906077,64.34768919906077,0.0,0.0,0.0,True,True,True,False,0.0,1013.9058079220372,0.0,0.0,0.0,0.0,1013.9058079220372
2025-12-21T05:00:00Z,2025-12-21T05:15:00Z,2025-12-21,2025-12-21_25,0.0,0,0,99,64.34768919906077,64.34768919906077,0.0,0.0,0.0,True,True,True,False,0.0,1013.9058079220372,0.0,0.0,0.0,0.0,1013.9058079220372
2025-12-21T05:15:00Z,2025-12-21T05:30:00Z,2025-12-21,2025-12-21_26,0.0,0,0,99,64.34768919906077,64.34768919906077,0.0,0.0,0.0,True,True,True,False,0.0,1013.9058079220372,0.0,0.0,0.0,0.0,1013.9058079220372
2025-12-21T05:30:00Z,2025-12-21T05:45:00Z,2025-12-21,2025-12-21_27,0.0,0,0,99,64.34768919906077,64.34768919906077,0.0,0.0,0.0,True,True,True,False,0.0,1013.9058079220372,0.0,0.0,0.0,0.0,1013.9058079220372
2025-12-21T05:45:00Z,2025-12-21T06:00:00Z,2025-12-21,2025-12-21_28,0.0,0,0,99,64.34768919906077,64.34768919906077,0.0,0.0,0.0,True,True,True,False,0.0,1013.9058079220372,0.0,0.0,0.0,0.0,1013.9058079220372
2025-12-21T06:00:00Z,2025-12-21T06:15:00Z,2025-12-21,2025-12-21_29,0.0,0,0,99,64.34768919906077,64.34768919906077,0.0,0.0,0.0,True,True,True,False,0.0,1013.9058079220372,0.0,0.0,0.0,0.0,1013.9058079220372
2025-12-21T06:15:00Z,2025-12-21T06:30:00Z,2025-12-21,2025-12-21_30,0.0,0,0,99,64.34768919906077,64.34768919906077,0.0,0.0,0.0,True,True,True,False,0.0,1013.9058079220372,0.0,0.0,0.0,0.0,1013.9058079220372
2025-12-21T06:30:00Z,2025-12-21T06:45:00Z,2025-12-21,2025-12-21_31,0.0,0,0,99,64.34768919906077,64.34768919906077,0.0,0.0,0.0,True,True,True,False,0.0,1013.9058079220372,0.0,0.0,0.0,0.0,1013.9058079220372
2025-12-21T06:45:00Z,2025-12-21T07:00:00Z,2025-12-21,2025-12-21_32,0.0,0,0,99,64.34768919906077,64.34768919906077,0.0,0.0,0.0,True,True,True,False,0.0,1013.9058079220372,0.0,0.0,0.0,0.0,1013.9058079220372
2025-12-21T07:00:00Z,2025-12-21T07:15:00Z,2025-12-21,2025-12-21_33,0.0,0,0,99,64.34768919906077,64.34768919906077,0.0,0.0,0.0,True,True,True,False,0.0,1013.9058079220372,0.0,0.0,0.0,0.0,1013.9058079220372
2025-12-21T07:15:00Z,2025-12-21T07:30:00Z,2025-12-21,2025-12-21_34,0.0,0,0,99,64.34768919906077,64.34768919906077,0.0,0.0,0.0,True,True,True,False,0.0,1013.9058079220372,0.0,0.0,0.0,0.0,1013.9058079220372
2025-12-21T07:30:00Z,2025-12-21T07:45:00Z,2025-12-21,2025-12-21_35,0.0,0,0,99,64.34768919906077,64.34768919906077,0.0,0.0,0.0,True,True,True,False,0.0,1013.9058079220372,0.0,0.0,0.0,0.0,1013.9058079220372
2025-12-21T07:45:00Z,2025-12-21T08:00:00Z,2025-12-21,2025-12-21_36,0.0,0,0,99,64.34768919906077,64.34768919906077,0.0,0.0,0.0,True,True,True,False,0.0,1013.9058079220372,0.0,0.0,0.0,0.0,1013.9058079220372
2025-12-21T08:00:00Z,2025-12-21T08:15:00Z,2025-12-21,2025-12-21_37,0.0,0,0,99,64.34768919906077,64.34768919906077,0.0,0.0,0.0,True,True,True,False,0.0,1013.9058079220372,0.0,0.0,0.0,0.0,1013.9058079220372
2025-12-21T08:15:00Z,2025-12-21T08:30:00Z,2025-12-21,2025-12-21_38,0.0,0,0,99,64.34768919906077,64.34768919906077,0.0,0.0,0.0,True,True,True,False,0.0,1013.9058079220372,0.0,0.0,0.0,0.0,1013.9058079220372
2025-12-21T08:30:00Z,2025-12-21T08:45:00Z,2025-12-21,2025-12-21_39,0.0,0,0,99,64.34768919906077,64.34768919906077,0.0,0.0,0.0,True,True,True,False,0.0,1013.9058079220372,0.0,0.0,0.0,0.0,1013.9058079220372
2025-12-21T08:45:00Z,2025-12-21T09:00:00Z,2025-12-21,2025-12-21_40,0.0,0,0,99,64.34768919906077,64.34768919906077,0.0,0.0,0.0,True,True,True,False,0.0,1013.9058079220372,0.0,0.0,0.0,0.0,1013.9058079220372
2025-12-21T09:00:00Z,2025-12-21T09:15:00Z,2025-12-21,2025-12-21_41,0.0,0,0,99,64.34768919906077,64.34768919906077,0.0,0.0,0.0,True,True,True,False,0.0,1013.9058079220372,0.0,0.0,0.0,0.0,1013.9058079220372
2025-12-21T09:15:00Z,2025-12-21T09:30:00Z,2025-12-21,2025-12-21_42,0.0,0,0,99,64.34768919906077,64.34768919906077,0.0,0.0,0.0,True,True,True,False,0.0,1013.9058079220372,0.0,0.0,0.0,0.0,1013.9058079220372
2025-12-21T09:30:00Z,2025-12-21T09:45:00Z,2025-12-21,2025-12-21_43,0.0,0,0,99,64.34768919906077,64.34768919906077,0.0,0.0,0.0,True,True,True,False,0.0,1013.9058079220372,0.0,0.0,0.0,0.0,1013.9058079220372
2025-12-21T09:45:00Z,2025-12-21T10:00:00Z,2025-12-21,2025-12-21_44,0.0,0,0,99,64.34768919906077,64.34768919906077,0.0,0.0,0.0,True,True,True,False,0.0,1013.9058079220372,0.0,0.0,0.0,0.0,1013.9058079220372
2025-12-21T10:00:00Z,2025-12-21T10:15:00Z,2025-12-21,2025-12-21_45,0.0,0,0,99,64.34768919906077,64.34768919906077,0.0,0.0,0.0,True,True,True,False,0.0,1013.9058079220372,0.0,0.0,0.0,0.0,1013.9058079220372
2025-12-21T10:15:00Z,2025-12-21T10:30:00Z,2025-12-21,2025-12-21_46,0.0,0,0,99,64.34768919906077,64.34768919906077,0.0,0.0,0.0,True,True,True,False,0.0,1013.9058079220372,0.0,0.0,0.0,0.0,1013.9058079220372
2025-12-21T10:30:00Z,2025-12-21T10:45:00Z,2025-12-21,2025-12-21_47,0.0,0,0,99,64.34768919906077,64.34768919906077,0.0,0.0,0.0,True,True,True,False,0.0,1013.9058079220372,0.0,0.0,0.0,0.0,1013.9058079220372
2025-12-21T10:45:00Z,2025-12-21T11:00:00Z,2025-12-21,2025-12-21_48,0.0,0,0,99,64.34768919906077,64.34768919906077,0.0,0.0,0.0,True,True,True,False,0.0,1013.9058079220372,0.0,0.0,0.0,0.0,1013.9058079220372
2025-12-21T11:00:00Z,2025-12-21T11:15:00Z,2025-12-21,2025-12-21_49,0.0,0,0,99,64.34768919906077,64.34768919906077,0.0,0.0,0.0,True,True,True,False,0.0,1013.9058079220372,0.0,0.0,0.0,0.0,1013.9058079220372
2025-12-21T11:15:00Z,2025-12-21T11:30:00Z,2025-12-21,2025-12-21_50,0.0,0,0,99,64.34768919906077,64.34768919906077,0.0,0.0,0.0,True,True,True,False,0.0,1013.9058079220372,0.0,0.0,0.0,0.0,1013.9058079220372
2025-12-21T11:30:00Z,2025-12-21T11:45:00Z,2025-12-21,2025-12-21_51,0.0,0,0,99,64.34768919906077,64.34768919906077,0.0,0.0,0.0,True,True,True,False,0.0,1013.9058079220372,0.0,0.0,0.0,0.0,1013.9058079220372
2025-12-21T11:45:00Z,2025-12-21T12:00:00Z,2025-12-21,2025-12-21_52,0.0,0,0,99,64.34768919906077,64.34768919906077,0.0,0.0,0.0,True,True,True,False,0.0,1013.9058079220372,0.0,0.0,0.0,0.0,1013.9058079220372
2025-12-21T12:00:00Z,2025-12-21T12:15:00Z,2025-12-21,2025-12-21_53,0.0,0,1,99,64.34768919906077,64.34768919906077,0.0,0.0,0.0,True,True,True,False,0.0,1013.9058079220372,0.0,0.2764460861364351,0.0,0.0,1014.1822540081736
2025-12-21T12:15:00Z,2025-12-21T12:30:00Z,2025-12-21,2025-12-21_54,0.0,0,1,99,64.34768919906077,64.34768919906077,0.0,0.0,0.0,True,True,True,False,0.0,1013.9058079220372,0.0,0.2764460861364351,0.0,0.0,1014.1822540081736
2025-12-21T12:30:00Z,2025-12-21T12:45:00Z,2025-12-21,2025-12-21_55,0.0,0,1,99,64.34768919906077,64.34768919906077,0.0,0.0,0.0,True,True,True,False,0.0,1013.9058079220372,0.0,0.2764460861364351,0.0,0.0,1014.1822540081736
2025-12-21T12:45:00Z,2025-12-21T13:00:00Z,2025-12-21,2025-12-21_56,0.0,0,1,99,64.34768919906077,64.34768919906077,0.0,0.0,0.0,True,True,True,False,0.0,1013.9058079220372,0.0,0.2764460861364351,0.0,0.0,1014.1822540081736
2025-12-21T13:00:00Z,2025-12-21T13:15:00Z,2025-12-21,2025-12-21_57,0.0,0,1,99,64.34768919906077,64.34768919906077,0.0,0.0,0.0,True,True,True,False,0.0,1013.9058079220372,0.0,0.2764460861364351,0.0,0.0,1014.1822540081736
2025-12-21T13:15:00Z,2025-12-21T13:30:00Z,2025-12-21,2025-12-21_58,0.0,0,1,99,64.34768919906077,64.34768919906077,0.0,0.0,0.0,True,True,True,False,0.0,1013.9058079220372,0.0,0.2764460861364351,0.0,0.0,1014.1822540081736
2025-12-21T13:30:00Z,2025-12-21T13:45:00Z,2025-12-21,2025-12-21_59,0.0,0,1,99,64.34768919906077,64.34768919906077,0.0,0.0,0.0,True,True,True,False,0.0,1013.9058079220372,0.0,0.2764460861364351,0.0,0.0,1014.1822540081736
2025-12-21T13:45:00Z,2025-12-21T14:00:00Z,2025-12-21,2025-12-21_60,0.0,0,1,99,64.34768919906077,64.34768919906077,0.0,0.0,0.0,True,True,True,False,0.0,1013.9058079220372,0.0,0.2764460861364351,0.0,0.0,1014.1822540081736
2025-12-21T14:00:00Z,2025-12-21T14:15:00Z,2025-12-21,2025-12-21_61,0.0,0,1,99,64.34768919906077,64.34768919906077,0.0,0.0,0.0,True,True,True,False,0.0,1013.9058079220372,0.0,0.2764460861364351,0.0,0.0,1014.1822540081736
2025-12-21T14:15:00Z,2025-12-21T14:30:00Z,2025-12-21,2025-12-21_62,0.0,0,1,99,64.34768919906077,64.34768919906077,0.0,0.0,0.0,True,True,True,False,0.0,1013.9058079220372,0.0,0.2764460861364351,0.0,0.0,1014.1822540081736
2025-12-21T14:30:00Z,2025-12-21T14:45:00Z,2025-12-21,2025-12-21_63,0.0,0,1,99,64.34768919906077,64.34768919906077,0.0,0.0,0.0,True,True,True,False,0.0,1013.9058079220372,0.0,0.2764460861364351,0.0,0.0,1014.1822540081736
2025-12-21T14:45:00Z,2025-12-21T15:00:00Z,2025-12-21,2025-12-21_64,0.0,0,1,99,64.34768919906077,64.34768919906077,0.0,0.0,0.0,True,True,True,False,0.0,1013.9058079220372,0.0,0.2764460861364351,0.0,0.0,1014.1822540081736
2025-12-21T15:00:00Z,2025-12-21T15:15:00Z,2025-12-21,2025-12-21_65,0.0,0,1,99,64.34768919906077,64.34768919906077,0.0,0.0,0.0,True,True,True,False,0.0,1013.9058079220372,0.0,0.2746777742848161,0.0,0.0,1014.180485696322
2025-12-21T15:15:00Z,2025-12-21T15:30:00Z,2025-12-21,2025-12-21_66,0.0,0,1,99,64.34768919906077,64.34768919906077,0.0,0.0,0.0,True,True,True,False,0.0,1013.9058079220372,0.0,0.2746777742848161,0.0,0.0,1014.180485696322
2025-12-21T15:30:00Z,2025-12-21T15:45:00Z,2025-12-21,2025-12-21_67,0.0,0,1,99,64.34768919906077,64.34768919906077,0.0,0.0,0.0,True,True,True,False,0.0,1013.9058079220372,0.0,0.2746777742848161,0.0,0.0,1014.180485696322
2025-12-21T15:45:00Z,2025-12-21T16:00:00Z,2025-12-21,2025-12-21_68,0.0,0,1,99,64.34768919906077,64.34768919906077,0.0,0.0,0.0,True,True,True,False,0.0,1013.9058079220372,0.0,0.2746777742848161,0.0,0.0,1014.180485696322
2025-12-21T16:00:00Z,2025-12-21T16:15:00Z,2025-12-21,2025-12-21_69,0.0,0,1,99,64.34768919906077,64.34768919906077,0.0,0.0,0.0,True,True,True,False,0.0,1013.9058079220372,0.0,0.2746777742848161,0.0,0.0,1014.180485696322
2025-12-21T16:15:00Z,2025-12-21T16:30:00Z,2025-12-21,2025-12-21_70,0.0,0,1,99,64.34768919906077,64.34768919906077,0.0,0.0,0.0,True,True,True,False,0.0,1013.9058079220372,0.0,0.2746777742848161,0.0,0.0,1014.180485696322
2025-12-21T16:30:00Z,2025-12-21T16:45:00Z,2025-12-21,2025-12-21_71,0.0,0,1,99,64.34768919906077,64.34768919906077,0.0,0.0,0.0,True,True,True,False,0.0,1013.9058079220372,0.0,0.2746777742848161,0.0,0.0,1014.180485696322
2025-12-21T16:45:00Z,2025-12-21T17:00:00Z,2025-12-21,2025-12-21_72,0.0,0,1,99,64.34768919906077,64.34768919906077,0.0,0.0,0.0,True,True,True,False,0.0,1013.9058079220372,0.0,0.2746777742848161,0.0,0.0,1014.180485696322
2025-12-21T17:00:00Z,2025-12-21T17:15:00Z,2025-12-21,2025-12-21_73,0.0,0,0,99,64.34768919906077,64.34768919906077,0.0,0.0,0.0,True,True,True,False,0.0,1013.9058079220372,0.0,0.0,0.0,0.0,1013.9058079220372
2025-12-21T17:15:00Z,2025-12-21T17:30:00Z,2025-12-21,2025-12-21_74,0.0,0,0,99,64.34768919906077,64.34768919906077,0.0,0.0,0.0,True,True,True,False,0.0,1013.9058079220372,0.0,0.0,0.0,0.0,1013.9058079220372
2025-12-21T17:30:00Z,2025-12-21T17:45:00Z,2025-12-21,2025-12-21_75,0.0,0,0,99,64.34768919906077,64.34768919906077,0.0,0.0,0.0,True,True,True,False,0.0,1013.9058079220372,0.0,0.0,0.0,0.0,1013.9058079220372
2025-12-21T17:45:00Z,2025-12-21T18:00:00Z,2025-12-21,2025-12-21_76,0.0,0,0,99,64.34768919906077,64.34768919906077,0.0,0.0,0.0,True,True,True,False,0.0,1013.9058079220372,0.0,0.0,0.0,0.0,1013.9058079220372
2025-12-21T18:00:00Z,2025-12-21T18:15:00Z,2025-12-21,2025-12-21_77,0.0,0,0,99,64.34768919906077,64.34768919906077,0.0,0.0,0.0,True,True,True,False,0.0,1013.9058079220372,0.0,0.0,0.0,0.0,1013.9058079220372
2025-12-21T18:15:00Z,2025-12-21T18:30:00Z,2025-12-21,2025-12-21_78,0.0,0,0,99,64.34768919906077,64.34768919906077,0.0,0.0,0.0,True,True,True,False,0.0,1013.9058079220372,0.0,0.0,0.0,0.0,1013.9058079220372
2025-12-21T18:30:00Z,2025-12-21T18:45:00Z,2025-12-21,2025-12-21_79,0.0,0,0,99,64.34768919906077,64.34768919906077,0.0,0.0,0.0,True,True,True,False,0.0,1013.9058079220372,0.0,0.0,0.0,0.0,1013.9058079220372
2025-12-21T18:45:00Z,2025-12-21T19:00:00Z,2025-12-21,2025-12-21_80,0.0,0,0,99,64.34768919906077,64.34768919906077,0.0,0.0,0.0,True,True,True,False,0.0,1013.9058079220372,0.0,0.0,0.0,0.0,1013.9058079220372
2025-12-21T19:00:00Z,2025-12-21T19:15:00Z,2025-12-21,2025-12-21_81,0.0,0,0,99,64.34768919906077,64.34768919906077,0.0,0.0,0.0,True,True,True,False,0.0,1013.9058079220372,0.0,0.0,0.0,0.0,1013.9058079220372
2025-12-21T19:15:00Z,2025-12-21T19:30:00Z,2025-12-21,2025-12-21_82,0.0,0,0,99,64.34768919906077,64.34768919906077,0.0,0.0,0.0,True,True,True,False,0.0,1013.9058079220372,0.0,0.0,0.0,0.0,1013.9058079220372
2025-12-21T19:30:00Z,2025-12-21T19:45:00Z,2025-12-21,2025-12-21_83,0.0,0,0,99,64.34768919906077,64.34768919906077,0.0,0.0,0.0,True,True,True,False,0.0,1013.9058079220372,0.0,0.0,0.0,0.0,1013.9058079220372
2025-12-21T19:45:00Z,2025-12-21T20:00:00Z,2025-12-21,2025-12-21_84,0.0,0,0,99,64.34768919906077,64.34768919906077,0.0,0.0,0.0,True,True,True,False,0.0,1013.9058079220372,0.0,0.0,0.0,0.0,1013.9058079220372
2025-12-21T20:00:00Z,2025-12-21T20:15:00Z,2025-12-21,2025-12-21_85,0.0,1,0,99,64.34768919906077,64.34768919906077,0.0,0.0,0.0,True,True,True,False,0.0,1013.9058079220372,1.0368201823325998,0.0,0.0,0.0,1014.9426281043698
2025-12-21T20:15:00Z,2025-12-21T20:30:00Z,2025-12-21,2025-12-21_86,0.0,1,0,99,64.34768919906077,64.34768919906077,0.0,0.0,0.0,True,True,True,False,0.0,1013.9058079220372,1.0368201823325998,0.0,0.0,0.0,1014.9426281043698
2025-12-21T20:30:00Z,2025-12-21T20:45:00Z,2025-12-21,2025-12-21_87,0.0,1,0,99,64.34768919906077,64.34768919906077,0.0,0.0,0.0,True,True,True,False,0.0,1013.9058079220372,1.0368201823325998,0.0,0.0,0.0,1014.9426281043698
2025-12-21T20:45:00Z,2025-12-21T21:00:00Z,2025-12-21,2025-12-21_88,0.0,1,0,99,64.34768919906077,64.34768919906077,0.0,0.0,0.0,True,True,True,False,0.0,1013.9058079220372,1.0368201823325998,0.0,0.0,0.0,1014.9426281043698
2025-12-21T21:00:00Z,2025-12-21T21:15:00Z,2025-12-21,2025-12-21_89,0.0,1,0,99,64.34768919906077,64.34768919906077,0.0,0.0,0.0,True,True,True,False,0.0,1013.9058079220372,1.0368201823325998,0.0,0.0,0.0,1014.9426281043698
2025-12-21T21:15:00Z,2025-12-21T21:30:00Z,2025-12-21,2025-12-21_90,0.0,1,0,99,64.34768919906077,64.34768919906077,0.0,0.0,0.0,True,True,True,False,0.0,1013.9058079220372,1.0368201823325998,0.0,0.0,0.0,1014.9426281043698
2025-12-21T21:30:00Z,2025-12-21T21:45:00Z,2025-12-21,2025-12-21_91,0.0,1,0,99,64.34768919906077,64.34768919906077,0.0,0.0,0.0,True,True,True,False,0.0,1013.9058079220372,1.0368201823325998,0.0,0.0,0.0,1014.9426281043698
2025-12-21T21:45:00Z,2025-12-21T22:00:00Z,2025-12-21,2025-12-21_92,0.0,1,0,99,64.34768919906077,64.34768919906077,0.0,0.0,0.0,True,True,True,False,0.0,1013.9058079220372,1.0368201823325998,0.0,0.0,0.0,1014.9426281043698
2025-12-21T22:00:00Z,2025-12-21T22:15:00Z,2025-12-22,2025-12-21_93,0.0,0,0,99,64.34768919906077,64.34768919906077,0.0,0.0,0.0,True,True,True,False,0.0,1013.9058079220372,0.0,0.0,0.0,0.0,1013.9058079220372
2025-12-21T22:15:00Z,2025-12-21T22:30:00Z,2025-12-22,2025-12-21_94,0.0,0,0,99,64.34768919906077,64.34768919906077,0.0,0.0,0.0,True,True,True,False,0.0,1013.9058079220372,0.0,0.0,0.0,0.0,1013.9058079220372
2025-12-21T22:30:00Z,2025-12-21T22:45:00Z,2025-12-22,2025-12-21_95,0.0,0,0,99,64.34768919906077,64.34768919906077,0.0,0.0,0.0,True,True,True,False,0.0,1013.9058079220372,0.0,0.0,0.0,0.0,1013.9058079220372
2025-12-21T22:45:00Z,2025-12-21T23:00:00Z,2025-12-22,2025-12-21_96,0.0,0,0,99,64.34768919906077,64.34768919906077,0.0,0.0,0.0,True,True,True,False,0.0,1013.9058079220372,0.0,0.0,0.0,0.0,1013.9058079220372
2025-12-21T23:00:00Z,2025-12-21T23:15:00Z,2025-12-22,2025-12-22_1,0.0,0,0,99,64.34768919906077,64.34768919906077,0.0,0.0,0.0,True,True,True,False,0.0,1013.9058079220372,0.0,0.0,0.0,0.0,1013.9058079220372
2025-12-21T23:15:00Z,2025-12-21T23:30:00Z,2025-12-22,2025-12-22_2,0.0,0,0,99,64.34768919906077,64.34768919906077,0.0,0.0,0.0,True,True,True,False,0.0,1013.9058079220372,0.0,0.0,0.0,0.0,1013.9058079220372
2025-12-21T23:30:00Z,2025-12-21T23:45:00Z,2025-12-22,2025-12-22_3,0.0,0,0,99,64.34768919906077,64.34768919906077,0.0,0.0,0.0,True,True,True,False,0.0,1013.9058079220372,0.0,0.0,0.0,0.0,1013.9058079220372
2025-12-21T23:45:00Z,2025-12-22T00:00:00Z,2025-12-22,2025-12-22_4,0.0,0,0,99,64.34768919906077,64.34768919906077,0.0,0.0,0.0,True,True,True,False,0.0,1013.9058079220372,0.0,0.0,0.0,0.0,1013.9058079220372
2025-12-22T00:00:00Z,2025-12-22T00:15:00Z,2025-12-22,2025-12-22_5,0.0,1,0,99,64.34768919906077,64.34768919906077,0.0,0.0,0.0,True,True,True,False,0.0,1013.9058079220372,1.0256208739390127,0.0,0.0,0.0,1014.9314287959762
2025-12-22T00:15:00Z,2025-12-22T00:30:00Z,2025-12-22,2025-12-22_6,0.0,1,0,99,64.34768919906077,64.34768919906077,0.0,0.0,0.0,True,True,True,False,0.0,1013.9058079220372,1.0256208739390127,0.0,0.0,0.0,1014.9314287959762
2025-12-22T00:30:00Z,2025-12-22T00:45:00Z,2025-12-22,2025-12-22_7,0.0,1,0,99,64.34768919906077,64.34768919906077,0.0,0.0,0.0,True,True,True,False,0.0,1013.9058079220372,1.0256208739390127,0.0,0.0,0.0,1014.9314287959762
2025-12-22T00:45:00Z,2025-12-22T01:00:00Z,2025-12-22,2025-12-22_8,0.0,1,0,99,64.34768919906077,64.34768919906077,0.0,0.0,0.0,True,True,True,False,0.0,1013.9058079220372,1.0256208739390127,0.0,0.0,0.0,1014.9314287959762
2025-12-22T01:00:00Z,2025-12-22T01:15:00Z,2025-12-22,2025-12-22_9,0.0,1,0,99,64.34768919906077,64.34768919906077,0.0,0.0,0.0,True,True,True,False,0.0,1013.9058079220372,1.0256208739390127,0.0,0.0,0.0,1014.9314287959762
2025-12-22T01:15:00Z,2025-12-22T01:30:00Z,2025-12-22,2025-12-22_10,0.0,1,0,99,64.34768919906077,64.34768919906077,0.0,0.0,0.0,True,True,True,False,0.0,1013.9058079220372,1.0256208739390127,0.0,0.0,0.0,1014.9314287959762
2025-12-22T01:30:00Z,2025-12-22T01:45:00Z,2025-12-22,2025-12-22_11,0.0,1,0,99,64.34768919906077,64.34768919906077,0.0,0.0,0.0,True,True,True,False,0.0,1013.9058079220372,1.0256208739390127,0.0,0.0,0.0,1014.9314287959762
2025-12-22T01:45:00Z,2025-12-22T02:00:00Z,2025-12-22,2025-12-22_12,0.0,1,0,99,64.34768919906077,64.34768919906077,0.0,0.0,0.0,True,True,True,False,0.0,1013.9058079220372,1.0256208739390127,0.0,0.0,0.0,1014.9314287959762
2025-12-22T02:00:00Z,2025-12-22T02:15:00Z,2025-12-22,2025-12-22_13,0.0,1,0,99,64.34768919906077,64.34768919906077,0.0,0.0,0.0,True,True,True,False,0.0,1013.9058079220372,1.0256208739390127,0.0,0.0,0.0,1014.9314287959762
2025-12-22T02:15:00Z,2025-12-22T02:30:00Z,2025-12-22,2025-12-22_14,0.0,1,0,99,64.34768919906077,64.34768919906077,0.0,0.0,0.0,True,True,True,False,0.0,1013.9058079220372,1.0256208739390127,0.0,0.0,0.0,1014.9314287959762
2025-12-22T02:30:00Z,2025-12-22T02:45:00Z,2025-12-22,2025-12-22_15,0.0,1,0,99,64.34768919906077,64.34768919906077,0.0,0.0,0.0,True,True,True,False,0.0,1013.9058079220372,1.0256208739390127,0.0,0.0,0.0,1014.9314287959762
2025-12-22T02:45:00Z,2025-12-22T03:00:00Z,2025-12-22,2025-12-22_16,0.0,1,0,99,64.34768919906077,64.34768919906077,0.0,0.0,0.0,True,True,True,False,0.0,1013.9058079220372,1.0256208739390127,0.0,0.0,0.0,1014.9314287959762
2025-12-22T03:00:00Z,2025-12-22T03:15:00Z,2025-12-22,2025-12-22_17,0.0,0,0,99,64.34768919906077,64.34768919906077,0.0,0.0,0.0,True,True,True,False,0.0,1013.9058079220372,0.0,0.0,0.0,0.0,1013.9058079220372
2025-12-22T03:15:00Z,2025-12-22T03:30:00Z,2025-12-22,2025-12-22_18,0.0,0,0,99,64.34768919906077,64.34768919906077,0.0,0.0,0.0,True,True,True,False,0.0,1013.9058079220372,0.0,0.0,0.0,0.0,1013.9058079220372
2025-12-22T03:30:00Z,2025-12-22T03:45:00Z,2025-12-22,2025-12-22_19,0.0,0,0,99,64.34768919906077,64.34768919906077,0.0,0.0,0.0,True,True,True,False,0.0,1013.9058079220372,0.0,0.0,0.0,0.0,1013.9058079220372
2025-12-22T03:45:00Z,2025-12-22T04:00:00Z,2025-12-22,2025-12-22_20,0.0,0,0,99,64.34768919906077,64.34768919906077,0.0,0.0,0.0,True,True,True,False,0.0,1013.9058079220372,0.0,0.0,0.0,0.0,1013.9058079220372
2025-12-22T04:00:00Z,2025-12-22T04:15:00Z,2025-12-22,2025-12-22_21,0.0,1,0,99,64.34768919906077,64.34768919906077,0.0,0.0,0.0,True,True,True,False,0.0,1013.9058079220372,1.0256208739390127,0.0,0.0,0.0,1014.9314287959762
2025-12-22T04:15:00Z,2025-12-22T04:30:00Z,2025-12-22,2025-12-22_22,0.0,1,0,99,64.34768919906077,64.34768919906077,0.0,0.0,0.0,True,True,True,False,0.0,1013.9058079220372,1.0256208739390127,0.0,0.0,0.0,1014.9314287959762
2025-12-22T04:30:00Z,2025-12-22T04:45:00Z,2025-12-22,2025-12-22_23,0.0,1,0,99,64.34768919906077,64.34768919906077,0.0,0.0,0.0,True,True,True,False,0.0,1013.9058079220372,1.0256208739390127,0.0,0.0,0.0,1014.9314287959762
2025-12-22T04:45:00Z,2025-12-22T05:00:00Z,2025-12-22,2025-12-22_24,0.0,1,0,99,64.34768919906077,64.34768919906077,0.0,0.0,0.0,True,True,True,False,0.0,1013.9058079220372,1.0256208739390127,0.0,0.0,0.0,1014.9314287959762
2025-12-22T05:00:00Z,2025-12-22T05:15:00Z,2025-12-22,2025-12-22_25,0.0,0,0,99,64.34768919906077,64.34768919906077,0.0,0.0,0.0,True,False,True,False,0.0,1013.9058079220372,0.0,0.0,0.0,0.0,1013.9058079220372
2025-12-22T05:15:00Z,2025-12-22T05:30:00Z,2025-12-22,2025-12-22_26,0.0,0,0,99,64.34768919906077,64.34768919906077,0.0,0.0,0.0,True,False,True,False,0.0,1013.9058079220372,0.0,0.0,0.0,0.0,1013.9058079220372
2025-12-22T05:30:00Z,2025-12-22T05:45:00Z,2025-12-22,2025-12-22_27,0.0,0,0,99,64.34768919906077,64.34768919906077,0.0,0.0,0.0,True,False,True,False,0.0,1013.9058079220372,0.0,0.0,0.0,0.0,1013.9058079220372
2025-12-22T05:45:00Z,2025-12-22T06:00:00Z,2025-12-22,2025-12-22_28,0.0,0,0,99,64.34768919906077,64.34768919906077,0.0,0.0,0.0,True,False,True,False,0.0,1013.9058079220372,0.0,0.0,0.0,0.0,1013.9058079220372
2025-12-22T06:00:00Z,2025-12-22T06:15:00Z,2025-12-22,2025-12-22_29,0.0,0,0,99,64.34768919906077,64.34768919906077,0.0,0.0,0.0,True,True,True,False,0.0,1013.9058079220372,0.0,0.0,0.0,0.0,1013.9058079220372
2025-12-22T06:15:00Z,2025-12-22T06:30:00Z,2025-12-22,2025-12-22_30,0.0,0,0,99,64.34768919906077,64.34768919906077,0.0,0.0,0.0,True,True,True,False,0.0,1013.9058079220372,0.0,0.0,0.0,0.0,1013.9058079220372
2025-12-22T06:30:00Z,2025-12-22T06:45:00Z,2025-12-22,2025-12-22_31,0.0,0,0,99,64.34768919906077,64.34768919906077,0.0,0.0,0.0,True,True,True,False,0.0,1013.9058079220372,0.0,0.0,0.0,0.0,1013.9058079220372
2025-12-22T06:45:00Z,2025-12-22T07:00:00Z,2025-12-22,2025-12-22_32,0.0,0,0,99,64.34768919906077,64.34768919906077,0.0,0.0,0.0,True,True,True,False,0.0,1013.9058079220372,0.0,0.0,0.0,0.0,1013.9058079220372
2025-12-22T07:00:00Z,2025-12-22T07:15:00Z,2025-12-22,2025-12-22_33,0.0,0,0,99,64.34768919906077,64.34768919906077,0.0,0.0,0.0,True,False,True,False,0.0,1013.9058079220372,0.0,0.0,0.0,0.0,1013.9058079220372
2025-12-22T07:15:00Z,2025-12-22T07:30:00Z,2025-12-22,2025-12-22_34,0.0,0,0,99,64.34768919906077,64.34768919906077,0.0,0.0,0.0,True,False,True,False,0.0,1013.9058079220372,0.0,0.0,0.0,0.0,1013.9058079220372
2025-12-22T07:30:00Z,2025-12-22T07:45:00Z,2025-12-22,2025-12-22_35,0.0,0,0,99,64.34768919906077,64.34768919906077,0.0,0.0,0.0,True,False,True,False,0.0,1013.9058079220372,0.0,0.0,0.0,0.0,1013.9058079220372
2025-12-22T07:45:00Z,2025-12-22T08:00:00Z,2025-12-22,2025-12-22_36,0.0,0,0,99,64.34768919906077,64.34768919906077,0.0,0.0,0.0,True,False,True,False,0.0,1013.9058079220372,0.0,0.0,0.0,0.0,1013.9058079220372
2025-12-22T08:00:00Z,2025-12-22T08:15:00Z,2025-12-22,2025-12-22_37,0.0,0,0,99,64.34768919906077,64.34768919906077,0.0,0.0,0.0,True,False,True,False,0.0,1013.9058079220372,0.0,0.0,0.0,0.0,1013.9058079220372
2025-12-22T08:15:00Z,2025-12-22T08:30:00Z,2025-12-22,2025-12-22_38,0.0,0,0,99,64.34768919906077,64.34768919906077,0.0,0.0,0.0,True,False,True,False,0.0,1013.9058079220372,0.0,0.0,0.0,0.0,1013.9058079220372
2025-12-22T08:30:00Z,2025-12-22T08:45:00Z,2025-12-22,2025-12-22_39,0.0,0,0,99,64.34768919906077,64.34768919906077,0.0,0.0,0.0,True,False,True,False,0.0,1013.9058079220372,0.0,0.0,0.0,0.0,1013.9058079220372
2025-12-22T08:45:00Z,2025-12-22T09:00:00Z,2025-12-22,2025-12-22_40,0.0,0,0,99,64.34768919906077,64.34768919906077,0.0,0.0,0.0,True,False,True,False,0.0,1013.9058079220372,0.0,0.0,0.0,0.0,1013.9058079220372
2025-12-22T09:00:00Z,2025-12-22T09:15:00Z,2025-12-22,2025-12-22_41,0.0,0,0,99,64.34768919906077,64.34768919906077,0.0,0.0,0.0,True,False,True,False,0.0,1013.9058079220372,0.0,0.0,0.0,0.0,1013.9058079220372
2025-12-22T09:15:00Z,2025-12-22T09:30:00Z,2025-12-22,2025-12-22_42,0.0,0,0,99,64.34768919906077,64.34768919906077,0.0,0.0,0.0,True,False,True,False,0.0,1013.9058079220372,0.0,0.0,0.0,0.0,1013.9058079220372
2025-12-22T09:30:00Z,2025-12-22T09:45:00Z,2025-12-22,2025-12-22_43,0.0,0,0,99,64.34768919906077,64.34768919906077,0.0,0.0,0.0,True,False,True,False,0.0,1013.9058079220372,0.0,0.0,0.0,0.0,1013.9058079220372
2025-12-22T09:45:00Z,2025-12-22T10:00:00Z,2025-12-22,2025-12-22_44,0.0,0,0,99,64.34768919906077,64.34768919906077,0.0,0.0,0.0,True,False,True,False,0.0,1013.9058079220372,0.0,0.0,0.0,0.0,1013.9058079220372
2025-12-22T10:00:00Z,2025-12-22T10:15:00Z,2025-12-22,2025-12-22_45,0.0,0,0,99,64.34768919906077,64.34768919906077,0.0,0.0,0.0,True,True,True,False,0.0,1013.9058079220372,0.0,0.0,0.0,0.0,1013.9058079220372
2025-12-22T10:15:00Z,2025-12-22T10:30:00Z,2025-12-22,2025-12-22_46,0.0,0,0,99,64.34768919906077,64.34768919906077,0.0,0.0,0.0,True,True,True,False,0.0,1013.9058079220372,0.0,0.0,0.0,0.0,1013.9058079220372
2025-12-22T10:30:00Z,2025-12-22T10:45:00Z,2025-12-22,2025-12-22_47,0.0,0,0,99,64.34768919906077,64.34768919906077,0.0,0.0,0.0,True,True,True,False,0.0,1013.9058079220372,0.0,0.0,0.0,0.0,1013.9058079220372
2025-12-22T10:45:00Z,2025-12-22T11:00:00Z,2025-12-22,2025-12-22_48,0.0,0,0,99,64.34768919906077,64.34768919906077,0.0,0.0,0.0,True,True,True,False,0.0,1013.9058079220372,0.0,0.0,0.0,0.0,1013.9058079220372
2025-12-22T11:00:00Z,2025-12-22T11:15:00Z,2025-12-22,2025-12-22_49,0.0,0,0,99,64.34768919906077,64.34768919906077,0.0,0.0,0.0,True,True,True,False,0.0,1013.9058079220372,0.0,0.0,0.0,0.0,1013.9058079220372
2025-12-22T11:15:00Z,2025-12-22T11:30:00Z,2025-12-22,2025-12-22_50,0.0,0,0,99,64.34768919906077,64.34768919906077,0.0,0.0,0.0,True,True,True,False,0.0,1013.9058079220372,0.0,0.0,0.0,0.0,1013.9058079220372
2025-12-22T11:30:00Z,2025-12-22T11:45:00Z,2025-12-22,2025-12-22_51,0.0,0,0,99,64.34768919906077,64.34768919906077,0.0,0.0,0.0,True,True,True,False,0.0,1013.9058079220372,0.0,0.0,0.0,0.0,1013.9058079220372
2025-12-22T11:45:00Z,2025-12-22T12:00:00Z,2025-12-22,2025-12-22_52,0.0,0,0,99,64.34768919906077,64.34768919906077,0.0,0.0,0.0,True,True,True,False,0.0,1013.9058079220372,0.0,0.0,0.0,0.0,1013.9058079220372
2025-12-22T12:00:00Z,2025-12-22T12:15:00Z,2025-12-22,2025-12-22_53,0.0,0,0,99,64.34768919906077,64.34768919906077,0.0,0.0,0.0,True,True,True,False,0.0,1013.9058079220372,0.0,0.0,0.0,0.0,1013.9058079220372
2025-12-22T12:15:00Z,2025-12-22T12:30:00Z,2025-12-22,2025-12-22_54,0.0,0,0,99,64.34768919906077,64.34768919906077,0.0,0.0,0.0,True,True,True,False,0.0,1013.9058079220372,0.0,0.0,0.0,0.0,1013.9058079220372
2025-12-22T12:30:00Z,2025-12-22T12:45:00Z,2025-12-22,2025-12-22_55,0.0,0,0,99,64.34768919906077,64.34768919906077,0.0,0.0,0.0,True,True,True,False,0.0,1013.9058079220372,0.0,0.0,0.0,0.0,1013.9058079220372
2025-12-22T12:45:00Z,2025-12-22T13:00:00Z,2025-12-22,2025-12-22_56,0.0,0,0,99,64.34768919906077,64.34768919906077,0.0,0.0,0.0,True,True,True,False,0.0,1013.9058079220372,0.0,0.0,0.0,0.0,1013.9058079220372
2025-12-22T13:00:00Z,2025-12-22T13:15:00Z,2025-12-22,2025-12-22_57,0.0,0,0,99,64.34768919906077,64.34768919906077,0.0,0.0,0.0,True,True,True,False,0.0,1013.9058079220372,0.0,0.0,0.0,0.0,1013.9058079220372
2025-12-22T13:15:00Z,2025-12-22T13:30:00Z,2025-12-22,2025-12-22_58,0.0,0,0,99,64.34768919906077,64.34768919906077,0.0,0.0,0.0,True,True,True,False,0.0,1013.9058079220372,0.0,0.0,0.0,0.0,1013.9058079220372
2025-12-22T13:30:00Z,2025-12-22T13:45:00Z,2025-12-22,2025-12-22_59,0.0,0,0,99,64.34768919906077,64.34768919906077,0.0,0.0,0.0,True,True,True,False,0.0,1013.9058079220372,0.0,0.0,0.0,0.0,1013.9058079220372
2025-12-22T13:45:00Z,2025-12-22T14:00:00Z,2025-12-22,2025-12-22_60,0.0,0,0,99,64.34768919906077,64.34768919906077,0.0,0.0,0.0,True,True,True,False,0.0,1013.9058079220372,0.0,0.0,0.0,0.0,1013.9058079220372
2025-12-22T14:00:00Z,2025-12-22T14:15:00Z,2025-12-22,2025-12-22_61,0.0,0,0,99,64.34768919906077,64.34768919906077,0.0,0.0,0.0,True,True,True,False,0.0,1013.9058079220372,0.0,0.0,0.0,0.0,1013.9058079220372
2025-12-22T14:15:00Z,2025-12-22T14:30:00Z,2025-12-22,2025-12-22_62,0.0,0,0,99,64.34768919906077,64.34768919906077,0.0,0.0,0.0,True,True,True,False,0.0,1013.9058079220372,0.0,0.0,0.0,0.0,1013.9058079220372
2025-12-22T14:30:00Z,2025-12-22T14:45:00Z,2025-12-22,2025-12-22_63,0.0,0,0,99,64.34768919906077,64.34768919906077,0.0,0.0,0.0,True,True,True,False,0.0,1013.9058079220372,0.0,0.0,0.0,0.0,1013.9058079220372
2025-12-22T14:45:00Z,2025-12-22T15:00:00Z,2025-12-22,2025-12-22_64,0.0,0,0,99,64.34768919906077,64.34768919906077,0.0,0.0,0.0,True,True,True,False,0.0,1013.9058079220372,0.0,0.0,0.0,0.0,1013.9058079220372
2025-12-22T15:00:00Z,2025-12-22T15:15:00Z,2025-12-22,2025-12-22_65,0.0,0,0,99,64.34768919906077,64.34768919906077,0.0,0.0,0.0,True,True,True,False,0.0,1013.9058079220372,0.0,0.0,0.0,0.0,1013.9058079220372
2025-12-22T15:15:00Z,2025-12-22T15:30:00Z,2025-12-22,2025-12-22_66,0.0,0,0,99,64.34768919906077,64.34768919906077,0.0,0.0,0.0,True,True,True,False,0.0,1013.9058079220372,0.0,0.0,0.0,0.0,1013.9058079220372
2025-12-22T15:30:00Z,2025-12-22T15:45:00Z,2025-12-22,2025-12-22_67,0.0,0,0,99,64.34768919906077,64.34768919906077,0.0,0.0,0.0,True,True,True,False,0.0,1013.9058079220372,0.0,0.0,0.0,0.0,1013.9058079220372
2025-12-22T15:45:00Z,2025-12-22T16:00:00Z,2025-12-22,2025-12-22_68,0.0,0,0,99,64.34768919906077,64.34768919906077,0.0,0.0,0.0,True,True,True,False,0.0,1013.9058079220372,0.0,0.0,0.0,0.0,1013.9058079220372
2025-12-22T16:00:00Z,2025-12-22T16:15:00Z,2025-12-22,2025-12-22_69,0.0,0,0,99,64.34768919906077,64.34768919906077,0.0,0.0,0.0,True,True,True,False,0.0,1013.9058079220372,0.0,0.0,0.0,0.0,1013.9058079220372
2025-12-22T16:15:00Z,2025-12-22T16:30:00Z,2025-12-22,2025-12-22_70,0.0,0,0,99,64.34768919906077,64.34768919906077,0.0,0.0,0.0,True,True,True,False,0.0,1013.9058079220372,0.0,0.0,0.0,0.0,1013.9058079220372
2025-12-22T16:30:00Z,2025-12-22T16:45:00Z,2025-12-22,2025-12-22_71,0.0,0,0,99,64.34768919906077,64.34768919906077,0.0,0.0,0.0,True,True,True,False,0.0,1013.9058079220372,0.0,0.0,0.0,0.0,1013.9058079220372
2025-12-22T16:45:00Z,2025-12-22T17:00:00Z,2025-12-22,2025-12-22_72,0.0,0,0,99,64.34768919906077,64.34768919906077,0.0,0.0,0.0,True,True,True,False,0.0,1013.9058079220372,0.0,0.0,0.0,0.0,1013.9058079220372
2025-12-22T17:00:00Z,2025-12-22T17:15:00Z,2025-12-22,2025-12-22_73,0.0,1,0,99,64.34768919906077,64.34768919906077,0.0,0.0,0.0,True,True,True,False,0.0,1013.9058079220372,1.093111442942471,0.0,0.0,0.0,1014.9989193649797
2025-12-22T17:15:00Z,2025-12-22T17:30:00Z,2025-12-22,2025-12-22_74,-6.449253403627479e-12,1,0,99,64.34768919906077,64.34768919906224,4.120356341206446e-15,0.0,0.0,True,True,True,False,-2.2140286934653134e-10,1013.9058079220372,1.093111442942471,0.0,0.0,0.0,1014.9989193647583
2025-12-22T17:30:00Z,2025-12-22T17:45:00Z,2025-12-22,2025-12-22_75,0.0,1,0,99,64.34768919906224,64.34768919906224,0.0,0.0,0.0,True,True,True,False,0.0,1013.9058079220372,1.093111442942471,0.0,0.0,0.0,1014.9989193649797
2025-12-22T17:45:00Z,2025-12-22T18:00:00Z,2025-12-22,2025-12-22_76,0.0,1,0,99,64.34768919906224,64.34768919906224,0.0,0.0,0.0,True,True,True,False,0.0,1013.9058079220372,1.093111442942471,0.0,0.0,0.0,1014.9989193649797
2025-12-22T18:00:00Z,2025-12-22T18:15:00Z,2025-12-22,2025-12-22_77,0.0,1,0,99,64.34768919906224,64.34768919906224,0.0,0.0,0.0,True,True,True,False,0.0,1013.9058079220372,1.0379990569003457,0.0,0.0,0.0,1014.9438069789376
2025-12-22T18:15:00Z,2025-12-22T18:30:00Z,2025-12-22,2025-12-22_78,0.0,1,0,99,64.34768919906224,64.34768919906224,0.0,0.0,0.0,True,True,True,False,0.0,1013.9058079220372,1.0379990569003457,0.0,0.0,0.0,1014.9438069789376
2025-12-22T18:30:00Z,2025-12-22T18:45:00Z,2025-12-22,2025-12-22_79,0.0,1,0,99,64.34768919906224,64.34768919906224,0.0,0.0,0.0,True,True,True,False,0.0,1013.9058079220372,1.0379990569003457,0.0,0.0,0.0,1014.9438069789376
2025-12-22T18:45:00Z,2025-12-22T19:00:00Z,2025-12-22,2025-12-22_80,0.0,1,0,99,64.34768919906224,64.34768919906224,0.0,0.0,0.0,True,True,True,False,0.0,1013.9058079220372,1.0379990569003457,0.0,0.0,0.0,1014.9438069789376
2025-12-22T19:00:00Z,2025-12-22T19:15:00Z,2025-12-22,2025-12-22_81,0.0,0,0,99,64.34768919906224,64.34768919906224,0.0,0.0,0.0,True,True,True,False,0.0,1013.9058079220372,0.0,0.0,0.0,0.0,1013.9058079220372
2025-12-22T19:15:00Z,2025-12-22T19:30:00Z,2025-12-22,2025-12-22_82,0.0,0,0,99,64.34768919906224,64.34768919906224,0.0,0.0,0.0,True,True,True,False,0.0,1013.9058079220372,0.0,0.0,0.0,0.0,1013.9058079220372
2025-12-22T19:30:00Z,2025-12-22T19:45:00Z,2025-12-22,2025-12-22_83,0.0,0,0,99,64.34768919906224,64.34768919906224,0.0,0.0,0.0,True,True,True,False,0.0,1013.9058079220372,0.0,0.0,0.0,0.0,1013.9058079220372
2025-12-22T19:45:00Z,2025-12-22T20:00:00Z,2025-12-22,2025-12-22_84,0.0,0,0,99,64.34768919906224,64.34768919906224,0.0,0.0,0.0,True,True,True,False,0.0,1013.9058079220372,0.0,0.0,0.0,0.0,1013.9058079220372
2025-12-22T20:00:00Z,2025-12-22T20:15:00Z,2025-12-22,2025-12-22_85,0.0,0,0,99,64.34768919906224,64.34768919906224,0.0,0.0,0.0,True,True,True,False,0.0,1013.9058079220372,0.0,0.0,0.0,0.0,1013.9058079220372
2025-12-22T20:15:00Z,2025-12-22T20:30:00Z,2025-12-22,2025-12-22_86,0.0,0,0,99,64.34768919906224,64.34768919906224,0.0,0.0,0.0,True,True,True,False,0.0,1013.9058079220372,0.0,0.0,0.0,0.0,1013.9058079220372
2025-12-22T20:30:00Z,2025-12-22T20:45:00Z,2025-12-22,2025-12-22_87,0.0,0,0,99,64.34768919906224,64.34768919906224,0.0,0.0,0.0,True,True,True,False,0.0,1013.9058079220372,0.0,0.0,0.0,0.0,1013.9058079220372
2025-12-22T20:45:00Z,2025-12-22T21:00:00Z,2025-12-22,2025-12-22_88,0.0,0,0,99,64.34768919906224,64.34768919906224,0.0,0.0,0.0,True,True,True,False,0.0,1013.9058079220372,0.0,0.0,0.0,0.0,1013.9058079220372
2025-12-22T21:00:00Z,2025-12-22T21:15:00Z,2025-12-22,2025-12-22_89,0.0,0,0,99,64.34768919906224,64.34768919906224,0.0,0.0,0.0,True,True,True,False,0.0,1013.9058079220372,0.0,0.0,0.0,0.0,1013.9058079220372
2025-12-22T21:15:00Z,2025-12-22T21:30:00Z,2025-12-22,2025-12-22_90,0.0,0,0,99,64.34768919906224,64.34768919906224,0.0,0.0,0.0,True,True,True,False,0.0,1013.9058079220372,0.0,0.0,0.0,0.0,1013.9058079220372
2025-12-22T21:30:00Z,2025-12-22T21:45:00Z,2025-12-22,2025-12-22_91,0.0,0,0,99,64.34768919906224,64.34768919906224,0.0,0.0,0.0,True,True,True,False,0.0,1013.9058079220372,0.0,0.0,0.0,0.0,1013.9058079220372
2025-12-22T21:45:00Z,2025-12-22T22:00:00Z,2025-12-22,2025-12-22_92,0.0,0,0,99,64.34768919906224,64.34768919906224,0.0,0.0,0.0,True,True,True,False,0.0,1013.9058079220372,0.0,0.0,0.0,0.0,1013.9058079220372
2025-12-22T22:00:00Z,2025-12-22T22:15:00Z,2025-12-23,2025-12-22_93,0.0,0,0,99,64.34768919906224,64.34768919906224,0.0,0.0,0.0,True,True,True,False,0.0,1014.2047129576856,0.0,0.0,0.0,0.0,1014.2047129576856
2025-12-22T22:15:00Z,2025-12-22T22:30:00Z,2025-12-23,2025-12-22_94,0.0,0,0,99,64.34768919906224,64.34768919906224,0.0,0.0,0.0,True,True,True,False,0.0,1014.2047129576856,0.0,0.0,0.0,0.0,1014.2047129576856
2025-12-22T22:30:00Z,2025-12-22T22:45:00Z,2025-12-23,2025-12-22_95,0.0,0,0,99,64.34768919906224,64.34768919906224,0.0,0.0,0.0,True,True,True,False,0.0,1014.2047129576856,0.0,0.0,0.0,0.0,1014.2047129576856
2025-12-22T22:45:00Z,2025-12-22T23:00:00Z,2025-12-23,2025-12-22_96,0.0,0,0,99,64.34768919906224,64.34768919906224,0.0,0.0,0.0,True,True,True,False,0.0,1014.2047129576856,0.0,0.0,0.0,0.0,1014.2047129576856
2025-12-22T23:00:00Z,2025-12-22T23:15:00Z,2025-12-23,2025-12-23_1,0.0,0,0,99,64.34768919906224,64.34768919906224,0.0,0.0,0.0,True,True,True,False,0.0,1014.2047129576856,0.0,0.0,0.0,0.0,1014.2047129576856
2025-12-22T23:15:00Z,2025-12-22T23:30:00Z,2025-12-23,2025-12-23_2,0.0,0,0,99,64.34768919906224,64.34768919906224,0.0,0.0,0.0,True,True,True,False,0.0,1014.2047129576856,0.0,0.0,0.0,0.0,1014.2047129576856
2025-12-22T23:30:00Z,2025-12-22T23:45:00Z,2025-12-23,2025-12-23_3,0.0,0,0,99,64.34768919906224,64.34768919906224,0.0,0.0,0.0,True,True,True,False,0.0,1014.2047129576856,0.0,0.0,0.0,0.0,1014.2047129576856
2025-12-22T23:45:00Z,2025-12-23T00:00:00Z,2025-12-23,2025-12-23_4,0.0,0,0,99,64.34768919906224,64.34768919906224,0.0,0.0,0.0,True,True,True,False,0.0,1014.2047129576856,0.0,0.0,0.0,0.0,1014.2047129576856
2025-12-23T00:00:00Z,2025-12-23T00:15:00Z,2025-12-23,2025-12-23_5,0.0,0,0,99,64.34768919906224,64.34768919906224,0.0,0.0,0.0,True,True,True,False,0.0,1014.2047129576856,0.0,0.0,0.0,0.0,1014.2047129576856
2025-12-23T00:15:00Z,2025-12-23T00:30:00Z,2025-12-23,2025-12-23_6,-7.643546469029121e-07,0,0,99,64.34768919906224,64.34768937486382,4.883376910768606e-10,0.0,0.0,True,True,True,False,-1.5342508649958704e-05,1014.2047129576856,0.0,0.0,0.0,0.0,1014.204697615177
2025-12-23T00:30:00Z,2025-12-23T00:45:00Z,2025-12-23,2025-12-23_7,0.0,0,0,99,64.34768937486382,64.34768937486382,0.0,0.0,0.0,True,True,True,False,0.0,1014.2047129576856,0.0,0.0,0.0,0.0,1014.2047129576856
2025-12-23T00:45:00Z,2025-12-23T01:00:00Z,2025-12-23,2025-12-23_8,0.0,0,0,99,64.34768937486382,64.34768937486382,0.0,0.0,0.0,True,True,True,False,0.0,1014.2047129576856,0.0,0.0,0.0,0.0,1014.2047129576856
2025-12-23T01:00:00Z,2025-12-23T01:15:00Z,2025-12-23,2025-12-23_9,0.0,0,0,99,64.34768937486382,64.34768937486382,0.0,0.0,0.0,True,True,True,False,0.0,1014.2047129576856,0.0,0.0,0.0,0.0,1014.2047129576856
2025-12-23T01:15:00Z,2025-12-23T01:30:00Z,2025-12-23,2025-12-23_10,0.0,0,0,99,64.34768937486382,64.34768937486382,0.0,0.0,0.0,True,True,True,False,0.0,1014.2047129576856,0.0,0.0,0.0,0.0,1014.2047129576856
2025-12-23T01:30:00Z,2025-12-23T01:45:00Z,2025-12-23,2025-12-23_11,0.0,0,0,99,64.34768937486382,64.34768937486382,0.0,0.0,0.0,True,True,True,False,0.0,1014.2047129576856,0.0,0.0,0.0,0.0,1014.2047129576856
2025-12-23T01:45:00Z,2025-12-23T02:00:00Z,2025-12-23,2025-12-23_12,0.0,0,0,99,64.34768937486382,64.34768937486382,0.0,0.0,0.0,True,True,True,False,0.0,1014.2047129576856,0.0,0.0,0.0,0.0,1014.2047129576856
2025-12-23T02:00:00Z,2025-12-23T02:15:00Z,2025-12-23,2025-12-23_13,0.0,0,0,99,64.34768937486382,64.34768937486382,0.0,0.0,0.0,True,True,True,False,0.0,1014.2047129576856,0.0,0.0,0.0,0.0,1014.2047129576856
2025-12-23T02:15:00Z,2025-12-23T02:30:00Z,2025-12-23,2025-12-23_14,0.0,0,0,99,64.34768937486382,64.34768937486382,0.0,0.0,0.0,True,True,True,False,0.0,1014.2047129576856,0.0,0.0,0.0,0.0,1014.2047129576856
2025-12-23T02:30:00Z,2025-12-23T02:45:00Z,2025-12-23,2025-12-23_15,0.0,0,0,99,64.34768937486382,64.34768937486382,0.0,0.0,0.0,True,True,True,False,0.0,1014.2047129576856,0.0,0.0,0.0,0.0,1014.2047129576856
2025-12-23T02:45:00Z,2025-12-23T03:00:00Z,2025-12-23,2025-12-23_16,0.0,0,0,99,64.34768937486382,64.34768937486382,0.0,0.0,0.0,True,True,True,False,0.0,1014.2047129576856,0.0,0.0,0.0,0.0,1014.2047129576856
2025-12-23T03:00:00Z,2025-12-23T03:15:00Z,2025-12-23,2025-12-23_17,0.0,0,0,99,64.34768937486382,64.34768937486382,0.0,0.0,0.0,True,True,True,False,0.0,1014.2047129576856,0.0,0.0,0.0,0.0,1014.2047129576856
2025-12-23T03:15:00Z,2025-12-23T03:30:00Z,2025-12-23,2025-12-23_18,0.0,0,0,99,64.34768937486382,64.34768937486382,0.0,0.0,0.0,True,True,True,False,0.0,1014.2047129576856,0.0,0.0,0.0,0.0,1014.2047129576856
2025-12-23T03:30:00Z,2025-12-23T03:45:00Z,2025-12-23,2025-12-23_19,0.0,0,0,99,64.34768937486382,64.34768937486382,0.0,0.0,0.0,True,True,True,False,0.0,1014.2047129576856,0.0,0.0,0.0,0.0,1014.2047129576856
2025-12-23T03:45:00Z,2025-12-23T04:00:00Z,2025-12-23,2025-12-23_20,0.0,0,0,99,64.34768937486382,64.34768937486382,0.0,0.0,0.0,True,True,True,False,0.0,1014.2047129576856,0.0,0.0,0.0,0.0,1014.2047129576856
2025-12-23T04:00:00Z,2025-12-23T04:15:00Z,2025-12-23,2025-12-23_21,0.0,0,0,99,64.34768937486382,64.34768937486382,0.0,0.0,0.0,True,True,True,False,0.0,1014.2047129576856,0.0,0.0,0.0,0.0,1014.2047129576856
2025-12-23T04:15:00Z,2025-12-23T04:30:00Z,2025-12-23,2025-12-23_22,0.0,0,0,99,64.34768937486382,64.34768937486382,0.0,0.0,0.0,True,True,True,False,0.0,1014.2047129576856,0.0,0.0,0.0,0.0,1014.2047129576856
2025-12-23T04:30:00Z,2025-12-23T04:45:00Z,2025-12-23,2025-12-23_23,0.0,0,0,99,64.34768937486382,64.34768937486382,0.0,0.0,0.0,True,True,True,False,0.0,1014.2047129576856,0.0,0.0,0.0,0.0,1014.2047129576856
2025-12-23T04:45:00Z,2025-12-23T05:00:00Z,2025-12-23,2025-12-23_24,0.0,0,0,99,64.34768937486382,64.34768937486382,0.0,0.0,0.0,True,True,True,False,0.0,1014.2047129576856,0.0,0.0,0.0,0.0,1014.2047129576856
2025-12-23T05:00:00Z,2025-12-23T05:15:00Z,2025-12-23,2025-12-23_25,0.0,0,0,99,64.34768937486382,64.34768937486382,0.0,0.0,0.0,True,True,True,False,0.0,1014.2047129576856,0.0,0.0,0.0,0.0,1014.2047129576856
2025-12-23T05:15:00Z,2025-12-23T05:30:00Z,2025-12-23,2025-12-23_26,0.0,0,0,99,64.34768937486382,64.34768937486382,0.0,0.0,0.0,True,True,True,False,0.0,1014.2047129576856,0.0,0.0,0.0,0.0,1014.2047129576856
2025-12-23T05:30:00Z,2025-12-23T05:45:00Z,2025-12-23,2025-12-23_27,0.0,0,0,99,64.34768937486382,64.34768937486382,0.0,0.0,0.0,True,True,True,False,0.0,1014.2047129576856,0.0,0.0,0.0,0.0,1014.2047129576856
2025-12-23T05:45:00Z,2025-12-23T06:00:00Z,2025-12-23,2025-12-23_28,0.0,0,0,99,64.34768937486382,64.34768937486382,0.0,0.0,0.0,True,True,True,False,0.0,1014.2047129576856,0.0,0.0,0.0,0.0,1014.2047129576856
2025-12-23T06:00:00Z,2025-12-23T06:15:00Z,2025-12-23,2025-12-23_29,0.0,0,0,99,64.34768937486382,64.34768937486382,0.0,0.0,0.0,True,True,True,False,0.0,1014.2047129576856,0.0,0.0,0.0,0.0,1014.2047129576856
2025-12-23T06:15:00Z,2025-12-23T06:30:00Z,2025-12-23,2025-12-23_30,0.0,0,0,99,64.34768937486382,64.34768937486382,0.0,0.0,0.0,True,True,True,False,0.0,1014.2047129576856,0.0,0.0,0.0,0.0,1014.2047129576856
2025-12-23T06:30:00Z,2025-12-23T06:45:00Z,2025-12-23,2025-12-23_31,0.0,0,0,99,64.34768937486382,64.34768937486382,0.0,0.0,0.0,True,True,True,False,0.0,1014.2047129576856,0.0,0.0,0.0,0.0,1014.2047129576856
2025-12-23T06:45:00Z,2025-12-23T07:00:00Z,2025-12-23,2025-12-23_32,0.0,0,0,99,64.34768937486382,64.34768937486382,0.0,0.0,0.0,True,True,True,False,0.0,1014.2047129576856,0.0,0.0,0.0,0.0,1014.2047129576856
2025-12-23T07:00:00Z,2025-12-23T07:15:00Z,2025-12-23,2025-12-23_33,0.0,0,0,99,64.34768937486382,64.34768937486382,0.0,0.0,0.0,True,False,True,False,0.0,1014.2047129576856,0.0,0.0,0.0,0.0,1014.2047129576856
2025-12-23T07:15:00Z,2025-12-23T07:30:00Z,2025-12-23,2025-12-23_34,0.0,0,0,99,64.34768937486382,64.34768937486382,0.0,0.0,0.0,True,False,True,False,0.0,1014.2047129576856,0.0,0.0,0.0,0.0,1014.2047129576856
2025-12-23T07:30:00Z,2025-12-23T07:45:00Z,2025-12-23,2025-12-23_35,0.0,0,0,99,64.34768937486382,64.34768937486382,0.0,0.0,0.0,True,False,True,False,0.0,1014.2047129576856,0.0,0.0,0.0,0.0,1014.2047129576856
2025-12-23T07:45:00Z,2025-12-23T08:00:00Z,2025-12-23,2025-12-23_36,0.0,0,0,99,64.34768937486382,64.34768937486382,0.0,0.0,0.0,True,False,True,False,0.0,1014.2047129576856,0.0,0.0,0.0,0.0,1014.2047129576856
2025-12-23T08:00:00Z,2025-12-23T08:15:00Z,2025-12-23,2025-12-23_37,0.0,0,0,99,64.34768937486382,64.34768937486382,0.0,0.0,0.0,True,False,True,False,0.0,1014.2047129576856,0.0,0.0,0.0,0.0,1014.2047129576856
2025-12-23T08:15:00Z,2025-12-23T08:30:00Z,2025-12-23,2025-12-23_38,0.0,0,0,99,64.34768937486382,64.34768937486382,0.0,0.0,0.0,True,False,True,False,0.0,1014.2047129576856,0.0,0.0,0.0,0.0,1014.2047129576856
2025-12-23T08:30:00Z,2025-12-23T08:45:00Z,2025-12-23,2025-12-23_39,0.0,0,0,99,64.34768937486382,64.34768937486382,0.0,0.0,0.0,True,False,True,False,0.0,1014.2047129576856,0.0,0.0,0.0,0.0,1014.2047129576856
2025-12-23T08:45:00Z,2025-12-23T09:00:00Z,2025-12-23,2025-12-23_40,0.0,0,0,99,64.34768937486382,64.34768937486382,0.0,0.0,0.0,True,False,True,False,0.0,1014.2047129576856,0.0,0.0,0.0,0.0,1014.2047129576856
2025-12-23T09:00:00Z,2025-12-23T09:15:00Z,2025-12-23,2025-12-23_41,0.0,0,0,99,64.34768937486382,64.34768937486382,0.0,0.0,0.0,True,False,True,False,0.0,1014.2047129576856,0.0,0.0,0.0,0.0,1014.2047129576856
2025-12-23T09:15:00Z,2025-12-23T09:30:00Z,2025-12-23,2025-12-23_42,0.0,0,0,99,64.34768937486382,64.34768937486382,0.0,0.0,0.0,True,False,True,False,0.0,1014.2047129576856,0.0,0.0,0.0,0.0,1014.2047129576856
2025-12-23T09:30:00Z,2025-12-23T09:45:00Z,2025-12-23,2025-12-23_43,0.0,0,0,99,64.34768937486382,64.34768937486382,0.0,0.0,0.0,True,False,True,False,0.0,1014.2047129576856,0.0,0.0,0.0,0.0,1014.2047129576856
2025-12-23T09:45:00Z,2025-12-23T10:00:00Z,2025-12-23,2025-12-23_44,0.0,0,0,99,64.34768937486382,64.34768937486382,0.0,0.0,0.0,True,False,True,False,0.0,1014.2047129576856,0.0,0.0,0.0,0.0,1014.2047129576856
2025-12-23T10:00:00Z,2025-12-23T10:15:00Z,2025-12-23,2025-12-23_45,0.0,0,0,99,64.34768937486382,64.34768937486382,0.0,0.0,0.0,True,False,True,False,0.0,1014.2047129576856,0.0,0.0,0.0,0.0,1014.2047129576856
2025-12-23T10:15:00Z,2025-12-23T10:30:00Z,2025-12-23,2025-12-23_46,0.0,0,0,99,64.34768937486382,64.34768937486382,0.0,0.0,0.0,True,False,True,False,0.0,1014.2047129576856,0.0,0.0,0.0,0.0,1014.2047129576856
2025-12-23T10:30:00Z,2025-12-23T10:45:00Z,2025-12-23,2025-12-23_47,0.0,0,0,99,64.34768937486382,64.34768937486382,0.0,0.0,0.0,True,False,True,False,0.0,1014.2047129576856,0.0,0.0,0.0,0.0,1014.2047129576856
2025-12-23T10:45:00Z,2025-12-23T11:00:00Z,2025-12-23,2025-12-23_48,0.0,0,0,99,64.34768937486382,64.34768937486382,0.0,0.0,0.0,True,False,True,False,0.0,1014.2047129576856,0.0,0.0,0.0,0.0,1014.2047129576856
2025-12-23T11:00:00Z,2025-12-23T11:15:00Z,2025-12-23,2025-12-23_49,0.0,0,0,99,64.34768937486382,64.34768937486382,0.0,0.0,0.0,True,True,True,False,0.0,1014.2047129576856,0.0,0.0,0.0,0.0,1014.2047129576856
2025-12-23T11:15:00Z,2025-12-23T11:30:00Z,2025-12-23,2025-12-23_50,0.0,0,0,99,64.34768937486382,64.34768937486382,0.0,0.0,0.0,True,True,True,False,0.0,1014.2047129576856,0.0,0.0,0.0,0.0,1014.2047129576856
2025-12-23T11:30:00Z,2025-12-23T11:45:00Z,2025-12-23,2025-12-23_51,0.0,0,0,99,64.34768937486382,64.34768937486382,0.0,0.0,0.0,True,True,True,False,0.0,1014.2047129576856,0.0,0.0,0.0,0.0,1014.2047129576856
2025-12-23T11:45:00Z,2025-12-23T12:00:00Z,2025-12-23,2025-12-23_52,0.0,0,0,99,64.34768937486382,64.34768937486382,0.0,0.0,0.0,True,True,True,False,0.0,1014.2047129576856,0.0,0.0,0.0,0.0,1014.2047129576856
2025-12-23T12:00:00Z,2025-12-23T12:15:00Z,2025-12-23,2025-12-23_53,0.0,0,1,99,64.34768937486382,64.34768937486382,0.0,0.0,0.0,True,True,True,False,0.0,1014.2047129576856,0.0,0.25471197500049136,0.0,0.0,1014.4594249326861
2025-12-23T12:15:00Z,2025-12-23T12:30:00Z,2025-12-23,2025-12-23_54,0.0,0,1,99,64.34768937486382,64.34768937486382,0.0,0.0,0.0,True,True,True,False,0.0,1014.2047129576856,0.0,0.25471197500049136,0.0,0.0,1014.4594249326861
2025-12-23T12:30:00Z,2025-12-23T12:45:00Z,2025-12-23,2025-12-23_55,0.0,0,1,99,64.34768937486382,64.34768937486382,0.0,0.0,0.0,True,True,True,False,0.0,1014.2047129576856,0.0,0.25471197500049136,0.0,0.0,1014.4594249326861
2025-12-23T12:45:00Z,2025-12-23T13:00:00Z,2025-12-23,2025-12-23_56,0.0,0,1,99,64.34768937486382,64.34768937486382,0.0,0.0,0.0,True,True,True,False,0.0,1014.2047129576856,0.0,0.25471197500049136,0.0,0.0,1014.4594249326861
2025-12-23T13:00:00Z,2025-12-23T13:15:00Z,2025-12-23,2025-12-23_57,0.0,0,0,99,64.34768937486382,64.34768937486382,0.0,0.0,0.0,True,True,True,False,0.0,1014.2047129576856,0.0,0.0,0.0,0.0,1014.2047129576856
2025-12-23T13:15:00Z,2025-12-23T13:30:00Z,2025-12-23,2025-12-23_58,0.0,0,0,99,64.34768937486382,64.34768937486382,0.0,0.0,0.0,True,True,True,False,0.0,1014.2047129576856,0.0,0.0,0.0,0.0,1014.2047129576856
2025-12-23T13:30:00Z,2025-12-23T13:45:00Z,2025-12-23,2025-12-23_59,0.0,0,0,99,64.34768937486382,64.34768937486382,0.0,0.0,0.0,True,True,True,False,0.0,1014.2047129576856,0.0,0.0,0.0,0.0,1014.2047129576856
2025-12-23T13:45:00Z,2025-12-23T14:00:00Z,2025-12-23,2025-12-23_60,0.0,0,0,99,64.34768937486382,64.34768937486382,0.0,0.0,0.0,True,True,True,False,0.0,1014.2047129576856,0.0,0.0,0.0,0.0,1014.2047129576856
2025-12-23T14:00:00Z,2025-12-23T14:15:00Z,2025-12-23,2025-12-23_61,0.0,0,1,99,64.34768937486382,64.34768937486382,0.0,0.0,0.0,True,True,True,False,0.0,1014.2047129576856,0.0,0.25471197500049136,0.0,0.0,1014.4594249326861
2025-12-23T14:15:00Z,2025-12-23T14:30:00Z,2025-12-23,2025-12-23_62,0.0,0,1,99,64.34768937486382,64.34768937486382,0.0,0.0,0.0,True,True,True,False,0.0,1014.2047129576856,0.0,0.25471197500049136,0.0,0.0,1014.4594249326861
2025-12-23T14:30:00Z,2025-12-23T14:45:00Z,2025-12-23,2025-12-23_63,0.0,0,1,99,64.34768937486382,64.34768937486382,0.0,0.0,0.0,True,True,True,False,0.0,1014.2047129576856,0.0,0.25471197500049136,0.0,0.0,1014.4594249326861
2025-12-23T14:45:00Z,2025-12-23T15:00:00Z,2025-12-23,2025-12-23_64,0.0,0,1,99,64.34768937486382,64.34768937486382,0.0,0.0,0.0,True,True,True,False,0.0,1014.2047129576856,0.0,0.25471197500049136,0.0,0.0,1014.4594249326861
2025-12-23T15:00:00Z,2025-12-23T15:15:00Z,2025-12-23,2025-12-23_65,0.0,0,0,99,64.34768937486382,64.34768937486382,0.0,0.0,0.0,True,False,True,False,0.0,1014.2047129576856,0.0,0.0,0.0,0.0,1014.2047129576856
2025-12-23T15:15:00Z,2025-12-23T15:30:00Z,2025-12-23,2025-12-23_66,0.0,0,0,99,64.34768937486382,64.34768937486382,0.0,0.0,0.0,True,False,True,False,0.0,1014.2047129576856,0.0,0.0,0.0,0.0,1014.2047129576856
2025-12-23T15:30:00Z,2025-12-23T15:45:00Z,2025-12-23,2025-12-23_67,0.0,0,0,99,64.34768937486382,64.34768937486382,0.0,0.0,0.0,True,False,True,False,0.0,1014.2047129576856,0.0,0.0,0.0,0.0,1014.2047129576856
2025-12-23T15:45:00Z,2025-12-23T16:00:00Z,2025-12-23,2025-12-23_68,0.0,0,0,99,64.34768937486382,64.34768937486382,0.0,0.0,0.0,True,False,True,False,0.0,1014.2047129576856,0.0,0.0,0.0,0.0,1014.2047129576856
2025-12-23T16:00:00Z,2025-12-23T16:15:00Z,2025-12-23,2025-12-23_69,0.0,0,0,99,64.34768937486382,64.34768937486382,0.0,0.0,0.0,True,True,True,False,0.0,1014.2047129576856,0.0,0.0,0.0,0.0,1014.2047129576856
2025-12-23T16:15:00Z,2025-12-23T16:30:00Z,2025-12-23,2025-12-23_70,0.0,0,0,99,64.34768937486382,64.34768937486382,0.0,0.0,0.0,True,True,True,False,0.0,1014.2047129576856,0.0,0.0,0.0,0.0,1014.2047129576856
2025-12-23T16:30:00Z,2025-12-23T16:45:00Z,2025-12-23,2025-12-23_71,0.0,0,0,99,64.34768937486382,64.34768937486382,0.0,0.0,0.0,True,True,True,False,0.0,1014.2047129576856,0.0,0.0,0.0,0.0,1014.2047129576856
2025-12-23T16:45:00Z,2025-12-23T17:00:00Z,2025-12-23,2025-12-23_72,0.0,0,0,99,64.34768937486382,64.34768937486382,0.0,0.0,0.0,True,True,True,False,0.0,1014.2047129576856,0.0,0.0,0.0,0.0,1014.2047129576856
2025-12-23T17:00:00Z,2025-12-23T17:15:00Z,2025-12-23,2025-12-23_73,0.0,0,0,99,64.34768937486382,64.34768937486382,0.0,0.0,0.0,True,True,True,False,0.0,1014.2047129576856,0.0,0.0,0.0,0.0,1014.2047129576856
2025-12-23T17:15:00Z,2025-12-23T17:30:00Z,2025-12-23,2025-12-23_74,0.0,0,0,99,64.34768937486382,64.34768937486382,0.0,0.0,0.0,True,True,True,False,0.0,1014.2047129576856,0.0,0.0,0.0,0.0,1014.2047129576856
2025-12-23T17:30:00Z,2025-12-23T17:45:00Z,2025-12-23,2025-12-23_75,0.0,0,0,99,64.34768937486382,64.34768937486382,0.0,0.0,0.0,True,True,True,False,0.0,1014.2047129576856,0.0,0.0,0.0,0.0,1014.2047129576856
2025-12-23T17:45:00Z,2025-12-23T18:00:00Z,2025-12-23,2025-12-23_76,0.0,0,0,99,64.34768937486382,64.34768937486382,0.0,0.0,0.0,True,True,True,False,0.0,1014.2047129576856,0.0,0.0,0.0,0.0,1014.2047129576856
2025-12-23T18:00:00Z,2025-12-23T18:15:00Z,2025-12-23,2025-12-23_77,0.0,1,0,99,64.34768937486382,64.34768937486382,0.0,0.0,0.0,True,True,True,False,0.0,1014.2047129576856,1.0138362060494095,0.0,0.0,0.0,1015.218549163735
2025-12-23T18:15:00Z,2025-12-23T18:30:00Z,2025-12-23,2025-12-23_78,0.0,1,0,99,64.34768937486382,64.34768937486382,0.0,0.0,0.0,True,True,True,False,0.0,1014.2047129576856,1.0138362060494095,0.0,0.0,0.0,1015.218549163735
2025-12-23T18:30:00Z,2025-12-23T18:45:00Z,2025-12-23,2025-12-23_79,0.0,1,0,99,64.34768937486382,64.34768937486382,0.0,0.0,0.0,True,True,True,False,0.0,1014.2047129576856,1.0138362060494095,0.0,0.0,0.0,1015.218549163735
2025-12-23T18:45:00Z,2025-12-23T19:00:00Z,2025-12-23,2025-12-23_80,0.0,1,0,99,64.34768937486382,64.34768937486382,0.0,0.0,0.0,True,True,True,False,0.0,1014.2047129576856,1.0138362060494095,0.0,0.0,0.0,1015.218549163735
2025-12-23T19:00:00Z,2025-12-23T19:15:00Z,2025-12-23,2025-12-23_81,0.0,0,0,99,64.34768937486382,64.34768937486382,0.0,0.0,0.0,True,True,True,False,0.0,1014.2047129576856,0.0,0.0,0.0,0.0,1014.2047129576856
2025-12-23T19:15:00Z,2025-12-23T19:30:00Z,2025-12-23,2025-12-23_82,0.0,0,0,99,64.34768937486382,64.34768937486382,0.0,0.0,0.0,True,True,True,False,0.0,1014.2047129576856,0.0,0.0,0.0,0.0,1014.2047129576856
2025-12-23T19:30:00Z,2025-12-23T19:45:00Z,2025-12-23,2025-12-23_83,0.0,0,0,99,64.34768937486382,64.34768937486382,0.0,0.0,0.0,True,True,True,False,0.0,1014.2047129576856,0.0,0.0,0.0,0.0,1014.2047129576856
2025-12-23T19:45:00Z,2025-12-23T20:00:00Z,2025-12-23,2025-12-23_84,0.0,0,0,99,64.34768937486382,64.34768937486382,0.0,0.0,0.0,True,True,True,False,0.0,1014.2047129576856,0.0,0.0,0.0,0.0,1014.2047129576856
2025-12-23T20:00:00Z,2025-12-23T20:15:00Z,2025-12-23,2025-12-23_85,0.0,0,0,99,64.34768937486382,64.34768937486382,0.0,0.0,0.0,True,True,True,False,0.0,1014.2047129576856,0.0,0.0,0.0,0.0,1014.2047129576856
2025-12-23T20:15:00Z,2025-12-23T20:30:00Z,2025-12-23,2025-12-23_86,0.0,0,0,99,64.34768937486382,64.34768937486382,0.0,0.0,0.0,True,True,True,False,0.0,1014.2047129576856,0.0,0.0,0.0,0.0,1014.2047129576856
2025-12-23T20:30:00Z,2025-12-23T20:45:00Z,2025-12-23,2025-12-23_87,0.0,0,0,99,64.34768937486382,64.34768937486382,0.0,0.0,0.0,True,True,True,False,0.0,1014.2047129576856,0.0,0.0,0.0,0.0,1014.2047129576856
2025-12-23T20:45:00Z,2025-12-23T21:00:00Z,2025-12-23,2025-12-23_88,0.0,0,0,99,64.34768937486382,64.34768937486382,0.0,0.0,0.0,True,True,True,False,0.0,1014.2047129576856,0.0,0.0,0.0,0.0,1014.2047129576856
2025-12-23T21:00:00Z,2025-12-23T21:15:00Z,2025-12-23,2025-12-23_89,0.0,0,0,99,64.34768937486382,64.34768937486382,0.0,0.0,0.0,True,True,True,False,0.0,1014.2047129576856,0.0,0.0,0.0,0.0,1014.2047129576856
2025-12-23T21:15:00Z,2025-12-23T21:30:00Z,2025-12-23,2025-12-23_90,0.0,0,0,99,64.34768937486382,64.34768937486382,0.0,0.0,0.0,True,True,True,False,0.0,1014.2047129576856,0.0,0.0,0.0,0.0,1014.2047129576856
2025-12-23T21:30:00Z,2025-12-23T21:45:00Z,2025-12-23,2025-12-23_91,0.0,0,0,99,64.34768937486382,64.34768937486382,0.0,0.0,0.0,True,True,True,False,0.0,1014.2047129576856,0.0,0.0,0.0,0.0,1014.2047129576856
2025-12-23T21:45:00Z,2025-12-23T22:00:00Z,2025-12-23,2025-12-23_92,0.0,0,0,99,64.34768937486382,64.34768937486382,0.0,0.0,0.0,True,True,True,False,0.0,1014.2047129576856,0.0,0.0,0.0,0.0,1014.2047129576856
2025-12-23T22:00:00Z,2025-12-23T22:15:00Z,2025-12-24,2025-12-23_93,0.0,0,0,99,64.34768937486382,64.34768937486382,0.0,0.0,0.0,True,True,True,False,0.0,1013.6668107173725,0.0,0.0,0.0,0.0,1013.6668107173725
2025-12-23T22:15:00Z,2025-12-23T22:30:00Z,2025-12-24,2025-12-23_94,0.0,0,0,99,64.34768937486382,64.34768937486382,0.0,0.0,0.0,True,True,True,False,0.0,1013.6668107173725,0.0,0.0,0.0,0.0,1013.6668107173725
2025-12-23T22:30:00Z,2025-12-23T22:45:00Z,2025-12-24,2025-12-23_95,0.0,0,0,99,64.34768937486382,64.34768937486382,0.0,0.0,0.0,True,True,True,False,0.0,1013.6668107173725,0.0,0.0,0.0,0.0,1013.6668107173725
2025-12-23T22:45:00Z,2025-12-23T23:00:00Z,2025-12-24,2025-12-23_96,0.0,0,0,99,64.34768937486382,64.34768937486382,0.0,0.0,0.0,True,True,True,False,0.0,1013.6668107173725,0.0,0.0,0.0,0.0,1013.6668107173725
2025-12-23T23:00:00Z,2025-12-23T23:15:00Z,2025-12-24,2025-12-24_1,0.0,0,0,99,64.34768937486382,64.34768937486382,0.0,0.0,0.0,True,True,True,False,0.0,1013.6668107173725,0.0,0.0,0.0,0.0,1013.6668107173725
2025-12-23T23:15:00Z,2025-12-23T23:30:00Z,2025-12-24,2025-12-24_2,0.0,0,0,99,64.34768937486382,64.34768937486382,0.0,0.0,0.0,True,True,True,False,0.0,1013.6668107173725,0.0,0.0,0.0,0.0,1013.6668107173725
2025-12-23T23:30:00Z,2025-12-23T23:45:00Z,2025-12-24,2025-12-24_3,0.0,0,0,99,64.34768937486382,64.34768937486382,0.0,0.0,0.0,True,True,True,False,0.0,1013.6668107173725,0.0,0.0,0.0,0.0,1013.6668107173725
2025-12-23T23:45:00Z,2025-12-24T00:00:00Z,2025-12-24,2025-12-24_4,0.0,0,0,99,64.34768937486382,64.34768937486382,0.0,0.0,0.0,True,True,True,False,0.0,1013.6668107173725,0.0,0.0,0.0,0.0,1013.6668107173725
2025-12-24T00:00:00Z,2025-12-24T00:15:00Z,2025-12-24,2025-12-24_5,0.0,1,0,99,64.34768937486382,64.34768937486382,0.0,0.0,0.0,True,True,True,False,0.0,1013.6668107173725,0.9800031429244911,0.0,0.0,0.0,1014.646813860297
2025-12-24T00:15:00Z,2025-12-24T00:30:00Z,2025-12-24,2025-12-24_6,-9.213353147420558e-12,1,0,99,64.34768937486382,64.34768937486594,5.886308955296468e-15,0.0,0.0,True,True,True,False,-2.061027099077979e-10,1013.6668107173725,0.9800031429244911,0.0,0.0,0.0,1014.6468138600909
2025-12-24T00:30:00Z,2025-12-24T00:45:00Z,2025-12-24,2025-12-24_7,0.0,1,0,99,64.34768937486594,64.34768937486594,0.0,0.0,0.0,True,True,True,False,0.0,1013.6668107173725,0.9800031429244911,0.0,0.0,0.0,1014.646813860297
2025-12-24T00:45:00Z,2025-12-24T01:00:00Z,2025-12-24,2025-12-24_8,0.0,1,0,99,64.34768937486594,64.34768937486594,0.0,0.0,0.0,True,True,True,False,0.0,1013.6668107173725,0.9800031429244911,0.0,0.0,0.0,1014.646813860297
2025-12-24T01:00:00Z,2025-12-24T01:15:00Z,2025-12-24,2025-12-24_9,0.0,1,0,99,64.34768937486594,64.34768937486594,0.0,0.0,0.0,True,True,True,False,0.0,1013.6668107173725,0.9800031429244911,0.0,0.0,0.0,1014.646813860297
2025-12-24T01:15:00Z,2025-12-24T01:30:00Z,2025-12-24,2025-12-24_10,0.0,1,0,99,64.34768937486594,64.34768937486594,0.0,0.0,0.0,True,True,True,False,0.0,1013.6668107173725,0.9800031429244911,0.0,0.0,0.0,1014.646813860297
2025-12-24T01:30:00Z,2025-12-24T01:45:00Z,2025-12-24,2025-12-24_11,0.0,1,0,99,64.34768937486594,64.34768937486594,0.0,0.0,0.0,True,True,True,False,0.0,1013.6668107173725,0.9800031429244911,0.0,0.0,0.0,1014.646813860297
2025-12-24T01:45:00Z,2025-12-24T02:00:00Z,2025-12-24,2025-12-24_12,0.0,1,0,99,64.34768937486594,64.34768937486594,0.0,0.0,0.0,True,True,True,False,0.0,1013.6668107173725,0.9800031429244911,0.0,0.0,0.0,1014.646813860297
2025-12-24T02:00:00Z,2025-12-24T02:15:00Z,2025-12-24,2025-12-24_13,0.0,1,0,99,64.34768937486594,64.34768937486594,0.0,0.0,0.0,True,True,True,False,0.0,1013.6668107173725,0.9800031429244911,0.0,0.0,0.0,1014.646813860297
2025-12-24T02:15:00Z,2025-12-24T02:30:00Z,2025-12-24,2025-12-24_14,0.0,1,0,99,64.34768937486594,64.34768937486594,0.0,0.0,0.0,True,True,True,False,0.0,1013.6668107173725,0.9800031429244911,0.0,0.0,0.0,1014.646813860297
2025-12-24T02:30:00Z,2025-12-24T02:45:00Z,2025-12-24,2025-12-24_15,0.0,1,0,99,64.34768937486594,64.34768937486594,0.0,0.0,0.0,True,True,True,False,0.0,1013.6668107173725,0.9800031429244911,0.0,0.0,0.0,1014.646813860297
2025-12-24T02:45:00Z,2025-12-24T03:00:00Z,2025-12-24,2025-12-24_16,0.0,1,0,99,64.34768937486594,64.34768937486594,0.0,0.0,0.0,True,True,True,False,0.0,1013.6668107173725,0.9800031429244911,0.0,0.0,0.0,1014.646813860297
2025-12-24T03:00:00Z,2025-12-24T03:15:00Z,2025-12-24,2025-12-24_17,-6.178632484870437e-14,0,0,99,64.34768937486594,64.34768937486595,3.9474596431116685e-17,0.0,0.0,True,True,True,False,-1.2357264969740875e-12,1013.6668107173725,0.0,0.0,0.0,0.0,1013.6668107173713
2025-12-24T03:15:00Z,2025-12-24T03:30:00Z,2025-12-24,2025-12-24_18,0.0,0,0,99,64.34768937486595,64.34768937486595,0.0,0.0,0.0,True,True,True,False,0.0,1013.6668107173725,0.0,0.0,0.0,0.0,1013.6668107173725
2025-12-24T03:30:00Z,2025-12-24T03:45:00Z,2025-12-24,2025-12-24_19,0.0,0,0,99,64.34768937486595,64.34768937486595,0.0,0.0,0.0,True,True,True,False,0.0,1013.6668107173725,0.0,0.0,0.0,0.0,1013.6668107173725
2025-12-24T03:45:00Z,2025-12-24T04:00:00Z,2025-12-24,2025-12-24_20,0.0,0,0,99,64.34768937486595,64.34768937486595,0.0,0.0,0.0,True,True,True,False,0.0,1013.6668107173725,0.0,0.0,0.0,0.0,1013.6668107173725
2025-12-24T04:00:00Z,2025-12-24T04:15:00Z,2025-12-24,2025-12-24_21,0.0,0,0,99,64.34768937486595,64.34768937486595,0.0,0.0,0.0,True,True,True,False,0.0,1013.6668107173725,0.0,0.0,0.0,0.0,1013.6668107173725
2025-12-24T04:15:00Z,2025-12-24T04:30:00Z,2025-12-24,2025-12-24_22,0.0,0,0,99,64.34768937486595,64.34768937486595,0.0,0.0,0.0,True,True,True,False,0.0,1013.6668107173725,0.0,0.0,0.0,0.0,1013.6668107173725
2025-12-24T04:30:00Z,2025-12-24T04:45:00Z,2025-12-24,2025-12-24_23,0.0,0,0,99,64.34768937486595,64.34768937486595,0.0,0.0,0.0,True,True,True,False,0.0,1013.6668107173725,0.0,0.0,0.0,0.0,1013.6668107173725
2025-12-24T04:45:00Z,2025-12-24T05:00:00Z,2025-12-24,2025-12-24_24,0.0,0,0,99,64.34768937486595,64.34768937486595,0.0,0.0,0.0,True,True,True,False,0.0,1013.6668107173725,0.0,0.0,0.0,0.0,1013.6668107173725
2025-12-24T05:00:00Z,2025-12-24T05:15:00Z,2025-12-24,2025-12-24_25,0.0,0,0,99,64.34768937486595,64.34768937486595,0.0,0.0,0.0,True,False,True,False,0.0,1013.6668107173725,0.0,0.0,0.0,0.0,1013.6668107173725
2025-12-24T05:15:00Z,2025-12-24T05:30:00Z,2025-12-24,2025-12-24_26,0.0,0,0,99,64.34768937486595,64.34768937486595,0.0,0.0,0.0,True,False,True,False,0.0,1013.6668107173725,0.0,0.0,0.0,0.0,1013.6668107173725
2025-12-24T05:30:00Z,2025-12-24T05:45:00Z,2025-12-24,2025-12-24_27,0.0,0,0,99,64.34768937486595,64.34768937486595,0.0,0.0,0.0,True,False,True,False,0.0,1013.6668107173725,0.0,0.0,0.0,0.0,1013.6668107173725
2025-12-24T05:45:00Z,2025-12-24T06:00:00Z,2025-12-24,2025-12-24_28,0.0,0,0,99,64.34768937486595,64.34768937486595,0.0,0.0,0.0,True,False,True,False,0.0,1013.6668107173725,0.0,0.0,0.0,0.0,1013.6668107173725
2025-12-24T06:00:00Z,2025-12-24T06:15:00Z,2025-12-24,2025-12-24_29,0.0,0,0,99,64.34768937486595,64.34768937486595,0.0,0.0,0.0,True,True,True,False,0.0,1013.6668107173725,0.0,0.0,0.0,0.0,1013.6668107173725
2025-12-24T06:15:00Z,2025-12-24T06:30:00Z,2025-12-24,2025-12-24_30,0.0,0,0,99,64.34768937486595,64.34768937486595,0.0,0.0,0.0,True,True,True,False,0.0,1013.6668107173725,0.0,0.0,0.0,0.0,1013.6668107173725
2025-12-24T06:30:00Z,2025-12-24T06:45:00Z,2025-12-24,2025-12-24_31,0.0,0,0,99,64.34768937486595,64.34768937486595,0.0,0.0,0.0,True,True,True,False,0.0,1013.6668107173725,0.0,0.0,0.0,0.0,1013.6668107173725
2025-12-24T06:45:00Z,2025-12-24T07:00:00Z,2025-12-24,2025-12-24_32,0.0,0,0,99,64.34768937486595,64.34768937486595,0.0,0.0,0.0,True,True,True,False,0.0,1013.6668107173725,0.0,0.0,0.0,0.0,1013.6668107173725
2025-12-24T07:00:00Z,2025-12-24T07:15:00Z,2025-12-24,2025-12-24_33,0.0,0,1,99,64.34768937486595,64.34768937486595,0.0,0.0,0.0,True,True,True,False,0.0,1013.6668107173725,0.0,0.23896047772452267,0.0,0.0,1013.905771195097
2025-12-24T07:15:00Z,2025-12-24T07:30:00Z,2025-12-24,2025-12-24_34,0.0,0,1,99,64.34768937486595,64.34768937486595,0.0,0.0,0.0,True,True,True,False,0.0,1013.6668107173725,0.0,0.23896047772452267,0.0,0.0,1013.905771195097
2025-12-24T07:30:00Z,2025-12-24T07:45:00Z,2025-12-24,2025-12-24_35,0.0,0,1,99,64.34768937486595,64.34768937486595,0.0,0.0,0.0,True,True,True,False,0.0,1013.6668107173725,0.0,0.23896047772452267,0.0,0.0,1013.905771195097
2025-12-24T07:45:00Z,2025-12-24T08:00:00Z,2025-12-24,2025-12-24_36,0.0,0,1,99,64.34768937486595,64.34768937486595,0.0,0.0,0.0,True,True,True,False,0.0,1013.6668107173725,0.0,0.23896047772452267,0.0,0.0,1013.905771195097
2025-12-24T08:00:00Z,2025-12-24T08:15:00Z,2025-12-24,2025-12-24_37,0.0,0,0,99,64.34768937486595,64.34768937486595,0.0,0.0,0.0,True,False,True,False,0.0,1013.6668107173725,0.0,0.0,0.0,0.0,1013.6668107173725
2025-12-24T08:15:00Z,2025-12-24T08:30:00Z,2025-12-24,2025-12-24_38,0.0,0,0,99,64.34768937486595,64.34768937486595,0.0,0.0,0.0,True,False,True,False,0.0,1013.6668107173725,0.0,0.0,0.0,0.0,1013.6668107173725
2025-12-24T08:30:00Z,2025-12-24T08:45:00Z,2025-12-24,2025-12-24_39,0.0,0,0,99,64.34768937486595,64.34768937486595,0.0,0.0,0.0,True,False,True,False,0.0,1013.6668107173725,0.0,0.0,0.0,0.0,1013.6668107173725
2025-12-24T08:45:00Z,2025-12-24T09:00:00Z,2025-12-24,2025-12-24_40,0.0,0,0,99,64.34768937486595,64.34768937486595,0.0,0.0,0.0,True,False,True,False,0.0,1013.6668107173725,0.0,0.0,0.0,0.0,1013.6668107173725
2025-12-24T09:00:00Z,2025-12-24T09:15:00Z,2025-12-24,2025-12-24_41,0.0,0,0,99,64.34768937486595,64.34768937486595,0.0,0.0,0.0,True,True,True,False,0.0,1013.6668107173725,0.0,0.0,0.0,0.0,1013.6668107173725
2025-12-24T09:15:00Z,2025-12-24T09:30:00Z,2025-12-24,2025-12-24_42,0.0,0,0,99,64.34768937486595,64.34768937486595,0.0,0.0,0.0,True,True,True,False,0.0,1013.6668107173725,0.0,0.0,0.0,0.0,1013.6668107173725
2025-12-24T09:30:00Z,2025-12-24T09:45:00Z,2025-12-24,2025-12-24_43,0.0,0,0,99,64.34768937486595,64.34768937486595,0.0,0.0,0.0,True,True,True,False,0.0,1013.6668107173725,0.0,0.0,0.0,0.0,1013.6668107173725
2025-12-24T09:45:00Z,2025-12-24T10:00:00Z,2025-12-24,2025-12-24_44,0.0,0,0,99,64.34768937486595,64.34768937486595,0.0,0.0,0.0,True,True,True,False,0.0,1013.6668107173725,0.0,0.0,0.0,0.0,1013.6668107173725
2025-12-24T10:00:00Z,2025-12-24T10:15:00Z,2025-12-24,2025-12-24_45,0.0,0,0,99,64.34768937486595,64.34768937486595,0.0,0.0,0.0,True,True,True,False,0.0,1013.6668107173725,0.0,0.0,0.0,0.0,1013.6668107173725
2025-12-24T10:15:00Z,2025-12-24T10:30:00Z,2025-12-24,2025-12-24_46,0.0,0,0,99,64.34768937486595,64.34768937486595,0.0,0.0,0.0,True,True,True,False,0.0,1013.6668107173725,0.0,0.0,0.0,0.0,1013.6668107173725
2025-12-24T10:30:00Z,2025-12-24T10:45:00Z,2025-12-24,2025-12-24_47,0.0,0,0,99,64.34768937486595,64.34768937486595,0.0,0.0,0.0,True,True,True,False,0.0,1013.6668107173725,0.0,0.0,0.0,0.0,1013.6668107173725
2025-12-24T10:45:00Z,2025-12-24T11:00:00Z,2025-12-24,2025-12-24_48,0.0,0,0,99,64.34768937486595,64.34768937486595,0.0,0.0,0.0,True,True,True,False,0.0,1013.6668107173725,0.0,0.0,0.0,0.0,1013.6668107173725
2025-12-24T11:00:00Z,2025-12-24T11:15:00Z,2025-12-24,2025-12-24_49,0.0,0,0,99,64.34768937486595,64.34768937486595,0.0,0.0,0.0,True,True,True,False,0.0,1013.6668107173725,0.0,0.0,0.0,0.0,1013.6668107173725
2025-12-24T11:15:00Z,2025-12-24T11:30:00Z,2025-12-24,2025-12-24_50,0.0,0,0,99,64.34768937486595,64.34768937486595,0.0,0.0,0.0,True,True,True,False,0.0,1013.6668107173725,0.0,0.0,0.0,0.0,1013.6668107173725
2025-12-24T11:30:00Z,2025-12-24T11:45:00Z,2025-12-24,2025-12-24_51,0.0,0,0,99,64.34768937486595,64.34768937486595,0.0,0.0,0.0,True,True,True,False,0.0,1013.6668107173725,0.0,0.0,0.0,0.0,1013.6668107173725
2025-12-24T11:45:00Z,2025-12-24T12:00:00Z,2025-12-24,2025-12-24_52,0.0,0,0,99,64.34768937486595,64.34768937486595,0.0,0.0,0.0,True,True,True,False,0.0,1013.6668107173725,0.0,0.0,0.0,0.0,1013.6668107173725
2025-12-24T12:00:00Z,2025-12-24T12:15:00Z,2025-12-24,2025-12-24_53,0.0,0,1,99,64.34768937486595,64.34768937486595,0.0,0.0,0.0,True,True,True,False,0.0,1013.6668107173725,0.0,0.23896047772452267,0.0,0.0,1013.905771195097
2025-12-24T12:15:00Z,2025-12-24T12:30:00Z,2025-12-24,2025-12-24_54,0.0,0,1,99,64.34768937486595,64.34768937486595,0.0,0.0,0.0,True,True,True,False,0.0,1013.6668107173725,0.0,0.23896047772452267,0.0,0.0,1013.905771195097
2025-12-24T12:30:00Z,2025-12-24T12:45:00Z,2025-12-24,2025-12-24_55,0.0,0,1,99,64.34768937486595,64.34768937486595,0.0,0.0,0.0,True,True,True,False,0.0,1013.6668107173725,0.0,0.23896047772452267,0.0,0.0,1013.905771195097
2025-12-24T12:45:00Z,2025-12-24T13:00:00Z,2025-12-24,2025-12-24_56,0.0,0,1,99,64.34768937486595,64.34768937486595,0.0,0.0,0.0,True,True,True,False,0.0,1013.6668107173725,0.0,0.23896047772452267,0.0,0.0,1013.905771195097
2025-12-24T13:00:00Z,2025-12-24T13:15:00Z,2025-12-24,2025-12-24_57,0.0,0,0,99,64.34768937486595,64.34768937486595,0.0,0.0,0.0,True,False,True,False,0.0,1013.6668107173725,0.0,0.0,0.0,0.0,1013.6668107173725
2025-12-24T13:15:00Z,2025-12-24T13:30:00Z,2025-12-24,2025-12-24_58,0.0,0,0,99,64.34768937486595,64.34768937486595,0.0,0.0,0.0,True,False,True,False,0.0,1013.6668107173725,0.0,0.0,0.0,0.0,1013.6668107173725
2025-12-24T13:30:00Z,2025-12-24T13:45:00Z,2025-12-24,2025-12-24_59,0.0,0,0,99,64.34768937486595,64.34768937486595,0.0,0.0,0.0,True,False,True,False,0.0,1013.6668107173725,0.0,0.0,0.0,0.0,1013.6668107173725
2025-12-24T13:45:00Z,2025-12-24T14:00:00Z,2025-12-24,2025-12-24_60,0.0,0,0,99,64.34768937486595,64.34768937486595,0.0,0.0,0.0,True,False,True,False,0.0,1013.6668107173725,0.0,0.0,0.0,0.0,1013.6668107173725
2025-12-24T14:00:00Z,2025-12-24T14:15:00Z,2025-12-24,2025-12-24_61,0.0,0,0,99,64.34768937486595,64.34768937486595,0.0,0.0,0.0,True,False,True,False,0.0,1013.6668107173725,0.0,0.0,0.0,0.0,1013.6668107173725
2025-12-24T14:15:00Z,2025-12-24T14:30:00Z,2025-12-24,2025-12-24_62,0.0,0,0,99,64.34768937486595,64.34768937486595,0.0,0.0,0.0,True,False,True,False,0.0,1013.6668107173725,0.0,0.0,0.0,0.0,1013.6668107173725
2025-12-24T14:30:00Z,2025-12-24T14:45:00Z,2025-12-24,2025-12-24_63,0.0,0,0,99,64.34768937486595,64.34768937486595,0.0,0.0,0.0,True,False,True,False,0.0,1013.6668107173725,0.0,0.0,0.0,0.0,1013.6668107173725
2025-12-24T14:45:00Z,2025-12-24T15:00:00Z,2025-12-24,2025-12-24_64,0.0,0,0,99,64.34768937486595,64.34768937486595,0.0,0.0,0.0,True,False,True,False,0.0,1013.6668107173725,0.0,0.0,0.0,0.0,1013.6668107173725
2025-12-24T15:00:00Z,2025-12-24T15:15:00Z,2025-12-24,2025-12-24_65,0.0,0,0,99,64.34768937486595,64.34768937486595,0.0,0.0,0.0,True,True,True,False,0.0,1013.6668107173725,0.0,0.0,0.0,0.0,1013.6668107173725
2025-12-24T15:15:00Z,2025-12-24T15:30:00Z,2025-12-24,2025-12-24_66,0.0,0,0,99,64.34768937486595,64.34768937486595,0.0,0.0,0.0,True,True,True,False,0.0,1013.6668107173725,0.0,0.0,0.0,0.0,1013.6668107173725
2025-12-24T15:30:00Z,2025-12-24T15:45:00Z,2025-12-24,2025-12-24_67,0.0,0,0,99,64.34768937486595,64.34768937486595,0.0,0.0,0.0,True,True,True,False,0.0,1013.6668107173725,0.0,0.0,0.0,0.0,1013.6668107173725
2025-12-24T15:45:00Z,2025-12-24T16:00:00Z,2025-12-24,2025-12-24_68,0.0,0,0,99,64.34768937486595,64.34768937486595,0.0,0.0,0.0,True,True,True,False,0.0,1013.6668107173725,0.0,0.0,0.0,0.0,1013.6668107173725
2025-12-24T16:00:00Z,2025-12-24T16:15:00Z,2025-12-24,2025-12-24_69,0.0,0,0,99,64.34768937486595,64.34768937486595,0.0,0.0,0.0,True,True,True,False,0.0,1013.6668107173725,0.0,0.0,0.0,0.0,1013.6668107173725
2025-12-24T16:15:00Z,2025-12-24T16:30:00Z,2025-12-24,2025-12-24_70,0.0,0,0,99,64.34768937486595,64.34768937486595,0.0,0.0,0.0,True,True,True,False,0.0,1013.6668107173725,0.0,0.0,0.0,0.0,1013.6668107173725
2025-12-24T16:30:00Z,2025-12-24T16:45:00Z,2025-12-24,2025-12-24_71,0.0,0,0,99,64.34768937486595,64.34768937486595,0.0,0.0,0.0,True,True,True,False,0.0,1013.6668107173725,0.0,0.0,0.0,0.0,1013.6668107173725
2025-12-24T16:45:00Z,2025-12-24T17:00:00Z,2025-12-24,2025-12-24_72,0.0,0,0,99,64.34768937486595,64.34768937486595,0.0,0.0,0.0,True,True,True,False,0.0,1013.6668107173725,0.0,0.0,0.0,0.0,1013.6668107173725
2025-12-24T17:00:00Z,2025-12-24T17:15:00Z,2025-12-24,2025-12-24_73,0.0,1,0,99,64.34768937486595,64.34768937486595,0.0,0.0,0.0,True,True,True,False,0.0,1013.6668107173725,1.0902019328985622,0.0,0.0,0.0,1014.7570126502711
2025-12-24T17:15:00Z,2025-12-24T17:30:00Z,2025-12-24,2025-12-24_74,0.0,1,0,99,64.34768937486595,64.34768937486595,0.0,0.0,0.0,True,True,True,False,0.0,1013.6668107173725,1.0902019328985622,0.0,0.0,0.0,1014.7570126502711
2025-12-24T17:30:00Z,2025-12-24T17:45:00Z,2025-12-24,2025-12-24_75,0.0,1,0,99,64.34768937486595,64.34768937486595,0.0,0.0,0.0,True,True,True,False,0.0,1013.6668107173725,1.0902019328985622,0.0,0.0,0.0,1014.7570126502711
2025-12-24T17:45:00Z,2025-12-24T18:00:00Z,2025-12-24,2025-12-24_76,0.0,1,0,99,64.34768937486595,64.34768937486595,0.0,0.0,0.0,True,True,True,False,0.0,1013.6668107173725,1.0902019328985622,0.0,0.0,0.0,1014.7570126502711
2025-12-24T18:00:00Z,2025-12-24T18:15:00Z,2025-12-24,2025-12-24_77,0.0,0,0,99,64.34768937486595,64.34768937486595,0.0,0.0,0.0,True,True,True,False,0.0,1013.6668107173725,0.0,0.0,0.0,0.0,1013.6668107173725
2025-12-24T18:15:00Z,2025-12-24T18:30:00Z,2025-12-24,2025-12-24_78,0.0,0,0,99,64.34768937486595,64.34768937486595,0.0,0.0,0.0,True,True,True,False,0.0,1013.6668107173725,0.0,0.0,0.0,0.0,1013.6668107173725
2025-12-24T18:30:00Z,2025-12-24T18:45:00Z,2025-12-24,2025-12-24_79,0.0,0,0,99,64.34768937486595,64.34768937486595,0.0,0.0,0.0,True,True,True,False,0.0,1013.6668107173725,0.0,0.0,0.0,0.0,1013.6668107173725
2025-12-24T18:45:00Z,2025-12-24T19:00:00Z,2025-12-24,2025-12-24_80,0.0,0,0,99,64.34768937486595,64.34768937486595,0.0,0.0,0.0,True,True,True,False,0.0,1013.6668107173725,0.0,0.0,0.0,0.0,1013.6668107173725
2025-12-24T19:00:00Z,2025-12-24T19:15:00Z,2025-12-24,2025-12-24_81,0.0,0,0,99,64.34768937486595,64.34768937486595,0.0,0.0,0.0,True,True,True,False,0.0,1013.6668107173725,0.0,0.0,0.0,0.0,1013.6668107173725
2025-12-24T19:15:00Z,2025-12-24T19:30:00Z,2025-12-24,2025-12-24_82,0.0,0,0,99,64.34768937486595,64.34768937486595,0.0,0.0,0.0,True,True,True,False,0.0,1013.6668107173725,0.0,0.0,0.0,0.0,1013.6668107173725
2025-12-24T19:30:00Z,2025-12-24T19:45:00Z,2025-12-24,2025-12-24_83,0.0,0,0,99,64.34768937486595,64.34768937486595,0.0,0.0,0.0,True,True,True,False,0.0,1013.6668107173725,0.0,0.0,0.0,0.0,1013.6668107173725
2025-12-24T19:45:00Z,2025-12-24T20:00:00Z,2025-12-24,2025-12-24_84,0.0,0,0,99,64.34768937486595,64.34768937486595,0.0,0.0,0.0,True,True,True,False,0.0,1013.6668107173725,0.0,0.0,0.0,0.0,1013.6668107173725
2025-12-24T20:00:00Z,2025-12-24T20:15:00Z,2025-12-24,2025-12-24_85,0.0,1,0,99,64.34768937486595,64.34768937486595,0.0,0.0,0.0,True,True,True,False,0.0,1013.6668107173725,1.000628584898248,0.0,0.0,0.0,1014.6674393022707
2025-12-24T20:15:00Z,2025-12-24T20:30:00Z,2025-12-24,2025-12-24_86,0.0,1,0,99,64.34768937486595,64.34768937486595,0.0,0.0,0.0,True,True,True,False,0.0,1013.6668107173725,1.000628584898248,0.0,0.0,0.0,1014.6674393022707
2025-12-24T20:30:00Z,2025-12-24T20:45:00Z,2025-12-24,2025-12-24_87,0.0,1,0,99,64.34768937486595,64.34768937486595,0.0,0.0,0.0,True,True,True,False,0.0,1013.6668107173725,1.000628584898248,0.0,0.0,0.0,1014.6674393022707
2025-12-24T20:45:00Z,2025-12-24T21:00:00Z,2025-12-24,2025-12-24_88,0.0,1,0,99,64.34768937486595,64.34768937486595,0.0,0.0,0.0,True,True,True,False,0.0,1013.6668107173725,1.000628584898248,0.0,0.0,0.0,1014.6674393022707
2025-12-24T21:00:00Z,2025-12-24T21:15:00Z,2025-12-24,2025-12-24_89,0.0,0,0,99,64.34768937486595,64.34768937486595,0.0,0.0,0.0,True,True,True,False,0.0,1013.6668107173725,0.0,0.0,0.0,0.0,1013.6668107173725
2025-12-24T21:15:00Z,2025-12-24T21:30:00Z,2025-12-24,2025-12-24_90,0.0,0,0,99,64.34768937486595,64.34768937486595,0.0,0.0,0.0,True,True,True,False,0.0,1013.6668107173725,0.0,0.0,0.0,0.0,1013.6668107173725
2025-12-24T21:30:00Z,2025-12-24T21:45:00Z,2025-12-24,2025-12-24_91,0.0,0,0,99,64.34768937486595,64.34768937486595,0.0,0.0,0.0,True,True,True,False,0.0,1013.6668107173725,0.0,0.0,0.0,0.0,1013.6668107173725
2025-12-24T21:45:00Z,2025-12-24T22:00:00Z,2025-12-24,2025-12-24_92,0.0,0,0,99,64.34768937486595,64.34768937486595,0.0,0.0,0.0,True,True,True,False,0.0,1013.6668107173725,0.0,0.0,0.0,0.0,1013.6668107173725
2025-12-24T22:00:00Z,2025-12-24T22:15:00Z,2025-12-25,2025-12-24_93,0.0,0,0,99,64.34768937486595,64.34768937486595,0.0,0.0,0.0,True,True,True,False,0.0,1014.025348791511,0.0,0.0,0.0,0.0,1014.025348791511
2025-12-24T22:15:00Z,2025-12-24T22:30:00Z,2025-12-25,2025-12-24_94,0.0,0,0,99,64.34768937486595,64.34768937486595,0.0,0.0,0.0,True,True,True,False,0.0,1014.025348791511,0.0,0.0,0.0,0.0,1014.025348791511
2025-12-24T22:30:00Z,2025-12-24T22:45:00Z,2025-12-25,2025-12-24_95,0.0,0,0,99,64.34768937486595,64.34768937486595,0.0,0.0,0.0,True,True,True,False,0.0,1014.025348791511,0.0,0.0,0.0,0.0,1014.025348791511
2025-12-24T22:45:00Z,2025-12-24T23:00:00Z,2025-12-25,2025-12-24_96,0.0,0,0,99,64.34768937486595,64.34768937486595,0.0,0.0,0.0,True,True,True,False,0.0,1014.025348791511,0.0,0.0,0.0,0.0,1014.025348791511
2025-12-24T23:00:00Z,2025-12-24T23:15:00Z,2025-12-25,2025-12-25_1,0.0,0,0,99,64.34768937486595,64.34768937486595,0.0,0.0,0.0,True,True,True,False,0.0,1014.025348791511,0.0,0.0,0.0,0.0,1014.025348791511
2025-12-24T23:15:00Z,2025-12-24T23:30:00Z,2025-12-25,2025-12-25_2,0.0,0,0,99,64.34768937486595,64.34768937486595,0.0,0.0,0.0,True,True,True,False,0.0,1014.025348791511,0.0,0.0,0.0,0.0,1014.025348791511
2025-12-24T23:30:00Z,2025-12-24T23:45:00Z,2025-12-25,2025-12-25_3,0.0,0,0,99,64.34768937486595,64.34768937486595,0.0,0.0,0.0,True,True,True,False,0.0,1014.025348791511,0.0,0.0,0.0,0.0,1014.025348791511
2025-12-24T23:45:00Z,2025-12-25T00:00:00Z,2025-12-25,2025-12-25_4,0.0,0,0,99,64.34768937486595,64.34768937486595,0.0,0.0,0.0,True,True,True,False,0.0,1014.025348791511,0.0,0.0,0.0,0.0,1014.025348791511
2025-12-25T00:00:00Z,2025-12-25T00:15:00Z,2025-12-25,2025-12-25_5,0.0,0,0,99,64.34768937486595,64.34768937486595,0.0,0.0,0.0,True,True,True,False,0.0,1014.025348791511,0.0,0.0,0.0,0.0,1014.025348791511
2025-12-25T00:15:00Z,2025-12-25T00:30:00Z,2025-12-25,2025-12-25_6,0.0,0,0,99,64.34768937486595,64.34768937486595,0.0,0.0,0.0,True,True,True,False,0.0,1014.025348791511,0.0,0.0,0.0,0.0,1014.025348791511
2025-12-25T00:30:00Z,2025-12-25T00:45:00Z,2025-12-25,2025-12-25_7,0.0,0,0,99,64.34768937486595,64.34768937486595,0.0,0.0,0.0,True,True,True,False,0.0,1014.025348791511,0.0,0.0,0.0,0.0,1014.025348791511
2025-12-25T00:45:00Z,2025-12-25T01:00:00Z,2025-12-25,2025-12-25_8,0.0,0,0,99,64.34768937486595,64.34768937486595,0.0,0.0,0.0,True,True,True,False,0.0,1014.025348791511,0.0,0.0,0.0,0.0,1014.025348791511
2025-12-25T01:00:00Z,2025-12-25T01:15:00Z,2025-12-25,2025-12-25_9,0.0,0,0,99,64.34768937486595,64.34768937486595,0.0,0.0,0.0,True,True,True,False,0.0,1014.025348791511,0.0,0.0,0.0,0.0,1014.025348791511
2025-12-25T01:15:00Z,2025-12-25T01:30:00Z,2025-12-25,2025-12-25_10,0.0,0,0,99,64.34768937486595,64.34768937486595,0.0,0.0,0.0,True,True,True,False,0.0,1014.025348791511,0.0,0.0,0.0,0.0,1014.025348791511
2025-12-25T01:30:00Z,2025-12-25T01:45:00Z,2025-12-25,2025-12-25_11,0.0,0,0,99,64.34768937486595,64.34768937486595,0.0,0.0,0.0,True,True,True,False,0.0,1014.025348791511,0.0,0.0,0.0,0.0,1014.025348791511
2025-12-25T01:45:00Z,2025-12-25T02:00:00Z,2025-12-25,2025-12-25_12,0.0,0,0,99,64.34768937486595,64.34768937486595,0.0,0.0,0.0,True,True,True,False,0.0,1014.025348791511,0.0,0.0,0.0,0.0,1014.025348791511
2025-12-25T02:00:00Z,2025-12-25T02:15:00Z,2025-12-25,2025-12-25_13,0.0,0,0,99,64.34768937486595,64.34768937486595,0.0,0.0,0.0,True,True,True,False,0.0,1014.025348791511,0.0,0.0,0.0,0.0,1014.025348791511
2025-12-25T02:15:00Z,2025-12-25T02:30:00Z,2025-12-25,2025-12-25_14,0.0,0,0,99,64.34768937486595,64.34768937486595,0.0,0.0,0.0,True,True,True,False,0.0,1014.025348791511,0.0,0.0,0.0,0.0,1014.025348791511
2025-12-25T02:30:00Z,2025-12-25T02:45:00Z,2025-12-25,2025-12-25_15,0.0,0,0,99,64.34768937486595,64.34768937486595,0.0,0.0,0.0,True,True,True,False,0.0,1014.025348791511,0.0,0.0,0.0,0.0,1014.025348791511
2025-12-25T02:45:00Z,2025-12-25T03:00:00Z,2025-12-25,2025-12-25_16,0.0,0,0,99,64.34768937486595,64.34768937486595,0.0,0.0,0.0,True,True,True,False,0.0,1014.025348791511,0.0,0.0,0.0,0.0,1014.025348791511
2025-12-25T03:00:00Z,2025-12-25T03:15:00Z,2025-12-25,2025-12-25_17,0.0,0,1,99,64.34768937486595,64.34768937486595,0.0,0.0,0.0,True,True,True,False,0.0,1014.025348791511,0.0,0.2198860286893299,0.0,0.0,1014.2452348202003
2025-12-25T03:15:00Z,2025-12-25T03:30:00Z,2025-12-25,2025-12-25_18,0.0,0,1,99,64.34768937486595,64.34768937486595,0.0,0.0,0.0,True,True,True,False,0.0,1014.025348791511,0.0,0.2198860286893299,0.0,0.0,1014.2452348202003
2025-12-25T03:30:00Z,2025-12-25T03:45:00Z,2025-12-25,2025-12-25_19,0.0,0,1,99,64.34768937486595,64.34768937486595,0.0,0.0,0.0,True,True,True,False,0.0,1014.025348791511,0.0,0.2198860286893299,0.0,0.0,1014.2452348202003
2025-12-25T03:45:00Z,2025-12-25T04:00:00Z,2025-12-25,2025-12-25_20,0.0,0,1,99,64.34768937486595,64.34768937486595,0.0,0.0,0.0,True,True,True,False,0.0,1014.025348791511,0.0,0.2198860286893299,0.0,0.0,1014.2452348202003
2025-12-25T04:00:00Z,2025-12-25T04:15:00Z,2025-12-25,2025-12-25_21,0.0,0,0,99,64.34768937486595,64.34768937486595,0.0,0.0,0.0,True,False,True,False,0.0,1014.025348791511,0.0,0.0,0.0,0.0,1014.025348791511
2025-12-25T04:15:00Z,2025-12-25T04:30:00Z,2025-12-25,2025-12-25_22,0.0,0,0,99,64.34768937486595,64.34768937486595,0.0,0.0,0.0,True,False,True,False,0.0,1014.025348791511,0.0,0.0,0.0,0.0,1014.025348791511
2025-12-25T04:30:00Z,2025-12-25T04:45:00Z,2025-12-25,2025-12-25_23,0.0,0,0,99,64.34768937486595,64.34768937486595,0.0,0.0,0.0,True,False,True,False,0.0,1014.025348791511,0.0,0.0,0.0,0.0,1014.025348791511
2025-12-25T04:45:00Z,2025-12-25T05:00:00Z,2025-12-25,2025-12-25_24,0.0,0,0,99,64.34768937486595,64.34768937486595,0.0,0.0,0.0,True,False,True,False,0.0,1014.025348791511,0.0,0.0,0.0,0.0,1014.025348791511
2025-12-25T05:00:00Z,2025-12-25T05:15:00Z,2025-12-25,2025-12-25_25,0.0,0,1,99,64.34768937486595,64.34768937486595,0.0,0.0,0.0,True,True,True,False,0.0,1014.025348791511,0.0,0.2107486736097465,0.0,0.0,1014.2360974651207
2025-12-25T05:15:00Z,2025-12-25T05:30:00Z,2025-12-25,2025-12-25_26,0.0,0,1,99,64.34768937486595,64.34768937486595,0.0,0.0,0.0,True,True,True,False,0.0,1014.025348791511,0.0,0.2107486736097465,0.0,0.0,1014.2360974651207
2025-12-25T05:30:00Z,2025-12-25T05:45:00Z,2025-12-25,2025-12-25_27,0.0,0,1,99,64.34768937486595,64.34768937486595,0.0,0.0,0.0,True,True,True,False,0.0,1014.025348791511,0.0,0.2107486736097465,0.0,0.0,1014.2360974651207
2025-12-25T05:45:00Z,2025-12-25T06:00:00Z,2025-12-25,2025-12-25_28,0.0,0,1,99,64.34768937486595,64.34768937486595,0.0,0.0,0.0,True,True,True,False,0.0,1014.025348791511,0.0,0.2107486736097465,0.0,0.0,1014.2360974651207
2025-12-25T06:00:00Z,2025-12-25T06:15:00Z,2025-12-25,2025-12-25_29,-3.8221599798170836e-07,0,0,99,64.34768937486595,64.34768946277563,2.441935542660914e-10,0.0,0.0,True,True,True,False,-4.523526336113518e-06,1014.025348791511,0.0,0.0,0.0,0.0,1014.0253442679847
2025-12-25T06:15:00Z,2025-12-25T06:30:00Z,2025-12-25,2025-12-25_30,0.0,0,0,99,64.34768946277563,64.34768946277563,0.0,0.0,0.0,True,True,True,False,0.0,1014.025348791511,0.0,0.0,0.0,0.0,1014.025348791511
2025-12-25T06:30:00Z,2025-12-25T06:45:00Z,2025-12-25,2025-12-25_31,0.0,0,0,99,64.34768946277563,64.34768946277563,0.0,0.0,0.0,True,True,True,False,0.0,1014.025348791511,0.0,0.0,0.0,0.0,1014.025348791511
2025-12-25T06:45:00Z,2025-12-25T07:00:00Z,2025-12-25,2025-12-25_32,0.0,0,0,99,64.34768946277563,64.34768946277563,0.0,0.0,0.0,True,True,True,False,0.0,1014.025348791511,0.0,0.0,0.0,0.0,1014.025348791511
2025-12-25T07:00:00Z,2025-12-25T07:15:00Z,2025-12-25,2025-12-25_33,0.0,0,0,99,64.34768946277563,64.34768946277563,0.0,0.0,0.0,True,True,True,False,0.0,1014.025348791511,0.0,0.0,0.0,0.0,1014.025348791511
2025-12-25T07:15:00Z,2025-12-25T07:30:00Z,2025-12-25,2025-12-25_34,0.0,0,0,99,64.34768946277563,64.34768946277563,0.0,0.0,0.0,True,True,True,False,0.0,1014.025348791511,0.0,0.0,0.0,0.0,1014.025348791511
2025-12-25T07:30:00Z,2025-12-25T07:45:00Z,2025-12-25,2025-12-25_35,0.0,0,0,99,64.34768946277563,64.34768946277563,0.0,0.0,0.0,True,True,True,False,0.0,1014.025348791511,0.0,0.0,0.0,0.0,1014.025348791511
2025-12-25T07:45:00Z,2025-12-25T08:00:00Z,2025-12-25,2025-12-25_36,0.0,0,0,99,64.34768946277563,64.34768946277563,0.0,0.0,0.0,True,True,True,False,0.0,1014.025348791511,0.0,0.0,0.0,0.0,1014.025348791511
2025-12-25T08:00:00Z,2025-12-25T08:15:00Z,2025-12-25,2025-12-25_37,0.0,0,0,99,64.34768946277563,64.34768946277563,0.0,0.0,0.0,True,True,True,False,0.0,1014.025348791511,0.0,0.0,0.0,0.0,1014.025348791511
2025-12-25T08:15:00Z,2025-12-25T08:30:00Z,2025-12-25,2025-12-25_38,0.0,0,0,99,64.34768946277563,64.34768946277563,0.0,0.0,0.0,True,True,True,False,0.0,1014.025348791511,0.0,0.0,0.0,0.0,1014.025348791511
2025-12-25T08:30:00Z,2025-12-25T08:45:00Z,2025-12-25,2025-12-25_39,0.0,0,0,99,64.34768946277563,64.34768946277563,0.0,0.0,0.0,True,True,True,False,0.0,1014.025348791511,0.0,0.0,0.0,0.0,1014.025348791511
2025-12-25T08:45:00Z,2025-12-25T09:00:00Z,2025-12-25,2025-12-25_40,0.0,0,0,99,64.34768946277563,64.34768946277563,0.0,0.0,0.0,True,True,True,False,0.0,1014.025348791511,0.0,0.0,0.0,0.0,1014.025348791511
2025-12-25T09:00:00Z,2025-12-25T09:15:00Z,2025-12-25,2025-12-25_41,0.0,0,0,99,64.34768946277563,64.34768946277563,0.0,0.0,0.0,True,True,True,False,0.0,1014.025348791511,0.0,0.0,0.0,0.0,1014.025348791511
2025-12-25T09:15:00Z,2025-12-25T09:30:00Z,2025-12-25,2025-12-25_42,0.0,0,0,99,64.34768946277563,64.34768946277563,0.0,0.0,0.0,True,True,True,False,0.0,1014.025348791511,0.0,0.0,0.0,0.0,1014.025348791511
2025-12-25T09:30:00Z,2025-12-25T09:45:00Z,2025-12-25,2025-12-25_43,0.0,0,0,99,64.34768946277563,64.34768946277563,0.0,0.0,0.0,True,True,True,False,0.0,1014.025348791511,0.0,0.0,0.0,0.0,1014.025348791511
2025-12-25T09:45:00Z,2025-12-25T10:00:00Z,2025-12-25,2025-12-25_44,0.0,0,0,99,64.34768946277563,64.34768946277563,0.0,0.0,0.0,True,True,True,False,0.0,1014.025348791511,0.0,0.0,0.0,0.0,1014.025348791511
2025-12-25T10:00:00Z,2025-12-25T10:15:00Z,2025-12-25,2025-12-25_45,0.0,0,0,99,64.34768946277563,64.34768946277563,0.0,0.0,0.0,True,True,True,False,0.0,1014.025348791511,0.0,0.0,0.0,0.0,1014.025348791511
2025-12-25T10:15:00Z,2025-12-25T10:30:00Z,2025-12-25,2025-12-25_46,0.0,0,0,99,64.34768946277563,64.34768946277563,0.0,0.0,0.0,True,True,True,False,0.0,1014.025348791511,0.0,0.0,0.0,0.0,1014.025348791511
2025-12-25T10:30:00Z,2025-12-25T10:45:00Z,2025-12-25,2025-12-25_47,0.0,0,0,99,64.34768946277563,64.34768946277563,0.0,0.0,0.0,True,True,True,False,0.0,1014.025348791511,0.0,0.0,0.0,0.0,1014.025348791511
2025-12-25T10:45:00Z,2025-12-25T11:00:00Z,2025-12-25,2025-12-25_48,0.0,0,0,99,64.34768946277563,64.34768946277563,0.0,0.0,0.0,True,True,True,False,0.0,1014.025348791511,0.0,0.0,0.0,0.0,1014.025348791511
2025-12-25T11:00:00Z,2025-12-25T11:15:00Z,2025-12-25,2025-12-25_49,0.0,0,0,99,64.34768946277563,64.34768946277563,0.0,0.0,0.0,True,True,True,False,0.0,1014.025348791511,0.0,0.0,0.0,0.0,1014.025348791511
2025-12-25T11:15:00Z,2025-12-25T11:30:00Z,2025-12-25,2025-12-25_50,0.0,0,0,99,64.34768946277563,64.34768946277563,0.0,0.0,0.0,True,True,True,False,0.0,1014.025348791511,0.0,0.0,0.0,0.0,1014.025348791511
2025-12-25T11:30:00Z,2025-12-25T11:45:00Z,2025-12-25,2025-12-25_51,0.0,0,0,99,64.34768946277563,64.34768946277563,0.0,0.0,0.0,True,True,True,False,0.0,1014.025348791511,0.0,0.0,0.0,0.0,1014.025348791511
2025-12-25T11:45:00Z,2025-12-25T12:00:00Z,2025-12-25,2025-12-25_52,0.0,0,0,99,64.34768946277563,64.34768946277563,0.0,0.0,0.0,True,True,True,False,0.0,1014.025348791511,0.0,0.0,0.0,0.0,1014.025348791511
2025-12-25T12:00:00Z,2025-12-25T12:15:00Z,2025-12-25,2025-12-25_53,0.0,0,0,99,64.34768946277563,64.34768946277563,0.0,0.0,0.0,True,True,True,False,0.0,1014.025348791511,0.0,0.0,0.0,0.0,1014.025348791511
2025-12-25T12:15:00Z,2025-12-25T12:30:00Z,2025-12-25,2025-12-25_54,0.0,0,0,99,64.34768946277563,64.34768946277563,0.0,0.0,0.0,True,True,True,False,0.0,1014.025348791511,0.0,0.0,0.0,0.0,1014.025348791511
2025-12-25T12:30:00Z,2025-12-25T12:45:00Z,2025-12-25,2025-12-25_55,0.0,0,0,99,64.34768946277563,64.34768946277563,0.0,0.0,0.0,True,True,True,False,0.0,1014.025348791511,0.0,0.0,0.0,0.0,1014.025348791511
2025-12-25T12:45:00Z,2025-12-25T13:00:00Z,2025-12-25,2025-12-25_56,0.0,0,0,99,64.34768946277563,64.34768946277563,0.0,0.0,0.0,True,True,True,False,0.0,1014.025348791511,0.0,0.0,0.0,0.0,1014.025348791511
2025-12-25T13:00:00Z,2025-12-25T13:15:00Z,2025-12-25,2025-12-25_57,0.0,0,0,99,64.34768946277563,64.34768946277563,0.0,0.0,0.0,True,False,True,False,0.0,1014.025348791511,0.0,0.0,0.0,0.0,1014.025348791511
2025-12-25T13:15:00Z,2025-12-25T13:30:00Z,2025-12-25,2025-12-25_58,0.0,0,0,99,64.34768946277563,64.34768946277563,0.0,0.0,0.0,True,False,True,False,0.0,1014.025348791511,0.0,0.0,0.0,0.0,1014.025348791511
2025-12-25T13:30:00Z,2025-12-25T13:45:00Z,2025-12-25,2025-12-25_59,0.0,0,0,99,64.34768946277563,64.34768946277563,0.0,0.0,0.0,True,False,True,False,0.0,1014.025348791511,0.0,0.0,0.0,0.0,1014.025348791511
2025-12-25T13:45:00Z,2025-12-25T14:00:00Z,2025-12-25,2025-12-25_60,0.0,0,0,99,64.34768946277563,64.34768946277563,0.0,0.0,0.0,True,False,True,False,0.0,1014.025348791511,0.0,0.0,0.0,0.0,1014.025348791511
2025-12-25T14:00:00Z,2025-12-25T14:15:00Z,2025-12-25,2025-12-25_61,0.0,0,0,99,64.34768946277563,64.34768946277563,0.0,0.0,0.0,True,False,True,False,0.0,1014.025348791511,0.0,0.0,0.0,0.0,1014.025348791511
2025-12-25T14:15:00Z,2025-12-25T14:30:00Z,2025-12-25,2025-12-25_62,0.0,0,0,99,64.34768946277563,64.34768946277563,0.0,0.0,0.0,True,False,True,False,0.0,1014.025348791511,0.0,0.0,0.0,0.0,1014.025348791511
2025-12-25T14:30:00Z,2025-12-25T14:45:00Z,2025-12-25,2025-12-25_63,0.0,0,0,99,64.34768946277563,64.34768946277563,0.0,0.0,0.0,True,False,True,False,0.0,1014.025348791511,0.0,0.0,0.0,0.0,1014.025348791511
2025-12-25T14:45:00Z,2025-12-25T15:00:00Z,2025-12-25,2025-12-25_64,0.0,0,0,99,64.34768946277563,64.34768946277563,0.0,0.0,0.0,True,False,True,False,0.0,1014.025348791511,0.0,0.0,0.0,0.0,1014.025348791511
2025-12-25T15:00:00Z,2025-12-25T15:15:00Z,2025-12-25,2025-12-25_65,0.0,0,0,99,64.34768946277563,64.34768946277563,0.0,0.0,0.0,True,True,True,False,0.0,1014.025348791511,0.0,0.0,0.0,0.0,1014.025348791511
2025-12-25T15:15:00Z,2025-12-25T15:30:00Z,2025-12-25,2025-12-25_66,0.0,0,0,99,64.34768946277563,64.34768946277563,0.0,0.0,0.0,True,True,True,False,0.0,1014.025348791511,0.0,0.0,0.0,0.0,1014.025348791511
2025-12-25T15:30:00Z,2025-12-25T15:45:00Z,2025-12-25,2025-12-25_67,0.0,0,0,99,64.34768946277563,64.34768946277563,0.0,0.0,0.0,True,True,True,False,0.0,1014.025348791511,0.0,0.0,0.0,0.0,1014.025348791511
2025-12-25T15:45:00Z,2025-12-25T16:00:00Z,2025-12-25,2025-12-25_68,0.0,0,0,99,64.34768946277563,64.34768946277563,0.0,0.0,0.0,True,True,True,False,0.0,1014.025348791511,0.0,0.0,0.0,0.0,1014.025348791511
2025-12-25T16:00:00Z,2025-12-25T16:15:00Z,2025-12-25,2025-12-25_69,0.0,0,1,99,64.34768946277563,64.34768946277563,0.0,0.0,0.0,True,True,True,False,0.0,1014.025348791511,0.0,0.2107486736097465,0.0,0.0,1014.2360974651207
2025-12-25T16:15:00Z,2025-12-25T16:30:00Z,2025-12-25,2025-12-25_70,0.0,0,1,99,64.34768946277563,64.34768946277563,0.0,0.0,0.0,True,True,True,False,0.0,1014.025348791511,0.0,0.2107486736097465,0.0,0.0,1014.2360974651207
2025-12-25T16:30:00Z,2025-12-25T16:45:00Z,2025-12-25,2025-12-25_71,0.0,0,1,99,64.34768946277563,64.34768946277563,0.0,0.0,0.0,True,True,True,False,0.0,1014.025348791511,0.0,0.2107486736097465,0.0,0.0,1014.2360974651207
2025-12-25T16:45:00Z,2025-12-25T17:00:00Z,2025-12-25,2025-12-25_72,0.0,0,1,99,64.34768946277563,64.34768946277563,0.0,0.0,0.0,True,True,True,False,0.0,1014.025348791511,0.0,0.2107486736097465,0.0,0.0,1014.2360974651207
2025-12-25T17:00:00Z,2025-12-25T17:15:00Z,2025-12-25,2025-12-25_73,0.0,0,0,99,64.34768946277563,64.34768946277563,0.0,0.0,0.0,True,True,True,False,0.0,1014.025348791511,0.0,0.0,0.0,0.0,1014.025348791511
2025-12-25T17:15:00Z,2025-12-25T17:30:00Z,2025-12-25,2025-12-25_74,0.0,0,0,99,64.34768946277563,64.34768946277563,0.0,0.0,0.0,True,True,True,False,0.0,1014.025348791511,0.0,0.0,0.0,0.0,1014.025348791511
2025-12-25T17:30:00Z,2025-12-25T17:45:00Z,2025-12-25,2025-12-25_75,0.0,0,0,99,64.34768946277563,64.34768946277563,0.0,0.0,0.0,True,True,True,False,0.0,1014.025348791511,0.0,0.0,0.0,0.0,1014.025348791511
2025-12-25T17:45:00Z,2025-12-25T18:00:00Z,2025-12-25,2025-12-25_76,0.0,0,0,99,64.34768946277563,64.34768946277563,0.0,0.0,0.0,True,True,True,False,0.0,1014.025348791511,0.0,0.0,0.0,0.0,1014.025348791511
2025-12-25T18:00:00Z,2025-12-25T18:15:00Z,2025-12-25,2025-12-25_77,0.0,0,0,99,64.34768946277563,64.34768946277563,0.0,0.0,0.0,True,True,True,False,0.0,1014.025348791511,0.0,0.0,0.0,0.0,1014.025348791511
2025-12-25T18:15:00Z,2025-12-25T18:30:00Z,2025-12-25,2025-12-25_78,0.0,0,0,99,64.34768946277563,64.34768946277563,0.0,0.0,0.0,True,True,True,False,0.0,1014.025348791511,0.0,0.0,0.0,0.0,1014.025348791511
2025-12-25T18:30:00Z,2025-12-25T18:45:00Z,2025-12-25,2025-12-25_79,0.0,0,0,99,64.34768946277563,64.34768946277563,0.0,0.0,0.0,True,True,True,False,0.0,1014.025348791511,0.0,0.0,0.0,0.0,1014.025348791511
2025-12-25T18:45:00Z,2025-12-25T19:00:00Z,2025-12-25,2025-12-25_80,0.0,0,0,99,64.34768946277563,64.34768946277563,0.0,0.0,0.0,True,True,True,False,0.0,1014.025348791511,0.0,0.0,0.0,0.0,1014.025348791511
2025-12-25T19:00:00Z,2025-12-25T19:15:00Z,2025-12-25,2025-12-25_81,0.0,0,0,99,64.34768946277563,64.34768946277563,0.0,0.0,0.0,True,True,True,False,0.0,1014.025348791511,0.0,0.0,0.0,0.0,1014.025348791511
2025-12-25T19:15:00Z,2025-12-25T19:30:00Z,2025-12-25,2025-12-25_82,0.0,0,0,99,64.34768946277563,64.34768946277563,0.0,0.0,0.0,True,True,True,False,0.0,1014.025348791511,0.0,0.0,0.0,0.0,1014.025348791511
2025-12-25T19:30:00Z,2025-12-25T19:45:00Z,2025-12-25,2025-12-25_83,0.0,0,0,99,64.34768946277563,64.34768946277563,0.0,0.0,0.0,True,True,True,False,0.0,1014.025348791511,0.0,0.0,0.0,0.0,1014.025348791511
2025-12-25T19:45:00Z,2025-12-25T20:00:00Z,2025-12-25,2025-12-25_84,0.0,0,0,99,64.34768946277563,64.34768946277563,0.0,0.0,0.0,True,True,True,False,0.0,1014.025348791511,0.0,0.0,0.0,0.0,1014.025348791511
2025-12-25T20:00:00Z,2025-12-25T20:15:00Z,2025-12-25,2025-12-25_85,0.0,0,1,99,64.34768946277563,64.34768946277563,0.0,0.0,0.0,True,True,True,False,0.0,1014.025348791511,0.0,0.2107486736097465,0.0,0.0,1014.2360974651207
2025-12-25T20:15:00Z,2025-12-25T20:30:00Z,2025-12-25,2025-12-25_86,0.0,0,1,99,64.34768946277563,64.34768946277563,0.0,0.0,0.0,True,True,True,False,0.0,1014.025348791511,0.0,0.2107486736097465,0.0,0.0,1014.2360974651207
2025-12-25T20:30:00Z,2025-12-25T20:45:00Z,2025-12-25,2025-12-25_87,0.0,0,1,99,64.34768946277563,64.34768946277563,0.0,0.0,0.0,True,True,True,False,0.0,1014.025348791511,0.0,0.2107486736097465,0.0,0.0,1014.2360974651207
2025-12-25T20:45:00Z,2025-12-25T21:00:00Z,2025-12-25,2025-12-25_88,0.0,0,1,99,64.34768946277563,64.34768946277563,0.0,0.0,0.0,True,True,True,False,0.0,1014.025348791511,0.0,0.2107486736097465,0.0,0.0,1014.2360974651207
2025-12-25T21:00:00Z,2025-12-25T21:15:00Z,2025-12-25,2025-12-25_89,0.0,0,0,99,64.34768946277563,64.34768946277563,0.0,0.0,0.0,True,True,True,False,0.0,1014.025348791511,0.0,0.0,0.0,0.0,1014.025348791511
2025-12-25T21:15:00Z,2025-12-25T21:30:00Z,2025-12-25,2025-12-25_90,0.0,0,0,99,64.34768946277563,64.34768946277563,0.0,0.0,0.0,True,True,True,False,0.0,1014.025348791511,0.0,0.0,0.0,0.0,1014.025348791511
2025-12-25T21:30:00Z,2025-12-25T21:45:00Z,2025-12-25,2025-12-25_91,0.0,0,0,99,64.34768946277563,64.34768946277563,0.0,0.0,0.0,True,True,True,False,0.0,1014.025348791511,0.0,0.0,0.0,0.0,1014.025348791511
2025-12-25T21:45:00Z,2025-12-25T22:00:00Z,2025-12-25,2025-12-25_92,0.0,0,0,99,64.34768946277563,64.34768946277563,0.0,0.0,0.0,True,True,True,False,0.0,1014.025348791511,0.0,0.0,0.0,0.0,1014.025348791511
2025-12-25T22:00:00Z,2025-12-25T22:15:00Z,2025-12-26,2025-12-25_93,0.0,0,0,99,64.34768946277563,64.34768946277563,0.0,0.0,0.0,True,True,True,False,0.0,1014.025348791511,0.0,0.0,0.0,0.0,1014.025348791511
2025-12-25T22:15:00Z,2025-12-25T22:30:00Z,2025-12-26,2025-12-25_94,0.0,0,0,99,64.34768946277563,64.34768946277563,0.0,0.0,0.0,True,True,True,False,0.0,1014.025348791511,0.0,0.0,0.0,0.0,1014.025348791511
2025-12-25T22:30:00Z,2025-12-25T22:45:00Z,2025-12-26,2025-12-25_95,0.0,0,0,99,64.34768946277563,64.34768946277563,0.0,0.0,0.0,True,True,True,False,0.0,1014.025348791511,0.0,0.0,0.0,0.0,1014.025348791511
2025-12-25T22:45:00Z,2025-12-25T23:00:00Z,2025-12-26,2025-12-25_96,0.0,0,0,99,64.34768946277563,64.34768946277563,0.0,0.0,0.0,True,True,True,False,0.0,1014.025348791511,0.0,0.0,0.0,0.0,1014.025348791511
2025-12-25T23:00:00Z,2025-12-25T23:15:00Z,2025-12-26,2025-12-26_1,0.0,1,0,99,64.34768946277563,64.34768946277563,0.0,0.0,0.0,True,True,True,False,0.0,1014.025348791511,0.9762232265671054,0.0,0.0,0.0,1015.001572018078
2025-12-25T23:15:00Z,2025-12-25T23:30:00Z,2025-12-26,2025-12-26_2,0.0,1,0,99,64.34768946277563,64.34768946277563,0.0,0.0,0.0,True,True,True,False,0.0,1014.025348791511,0.9762232265671054,0.0,0.0,0.0,1015.001572018078
2025-12-25T23:30:00Z,2025-12-25T23:45:00Z,2025-12-26,2025-12-26_3,0.0,1,0,99,64.34768946277563,64.34768946277563,0.0,0.0,0.0,True,True,True,False,0.0,1014.025348791511,0.9762232265671054,0.0,0.0,0.0,1015.001572018078
2025-12-25T23:45:00Z,2025-12-26T00:00:00Z,2025-12-26,2025-12-26_4,0.0,1,0,99,64.34768946277563,64.34768946277563,0.0,0.0,0.0,True,True,True,False,0.0,1014.025348791511,0.9762232265671054,0.0,0.0,0.0,1015.001572018078
2025-12-26T00:00:00Z,2025-12-26T00:15:00Z,2025-12-26,2025-12-26_5,0.0,0,0,99,64.34768946277563,64.34768946277563,0.0,0.0,0.0,True,True,True,False,0.0,1014.025348791511,0.0,0.0,0.0,0.0,1014.025348791511
2025-12-26T00:15:00Z,2025-12-26T00:30:00Z,2025-12-26,2025-12-26_6,0.0,0,0,99,64.34768946277563,64.34768946277563,0.0,0.0,0.0,True,True,True,False,0.0,1014.025348791511,0.0,0.0,0.0,0.0,1014.025348791511
2025-12-26T00:30:00Z,2025-12-26T00:45:00Z,2025-12-26,2025-12-26_7,0.0,0,0,99,64.34768946277563,64.34768946277563,0.0,0.0,0.0,True,True,True,False,0.0,1014.025348791511,0.0,0.0,0.0,0.0,1014.025348791511
2025-12-26T00:45:00Z,2025-12-26T01:00:00Z,2025-12-26,2025-12-26_8,0.0,0,0,99,64.34768946277563,64.34768946277563,0.0,0.0,0.0,True,True,True,False,0.0,1014.025348791511,0.0,0.0,0.0,0.0,1014.025348791511
2025-12-26T01:00:00Z,2025-12-26T01:15:00Z,2025-12-26,2025-12-26_9,0.0,0,0,99,64.34768946277563,64.34768946277563,0.0,0.0,0.0,True,True,True,False,0.0,1014.025348791511,0.0,0.0,0.0,0.0,1014.025348791511
2025-12-26T01:15:00Z,2025-12-26T01:30:00Z,2025-12-26,2025-12-26_10,0.0,0,0,99,64.34768946277563,64.34768946277563,0.0,0.0,0.0,True,True,True,False,0.0,1014.025348791511,0.0,0.0,0.0,0.0,1014.025348791511
2025-12-26T01:30:00Z,2025-12-26T01:45:00Z,2025-12-26,2025-12-26_11,0.0,0,0,99,64.34768946277563,64.34768946277563,0.0,0.0,0.0,True,True,True,False,0.0,1014.025348791511,0.0,0.0,0.0,0.0,1014.025348791511
2025-12-26T01:45:00Z,2025-12-26T02:00:00Z,2025-12-26,2025-12-26_12,0.0,0,0,99,64.34768946277563,64.34768946277563,0.0,0.0,0.0,True,True,True,False,0.0,1014.025348791511,0.0,0.0,0.0,0.0,1014.025348791511
2025-12-26T02:00:00Z,2025-12-26T02:15:00Z,2025-12-26,2025-12-26_13,0.0,0,0,99,64.34768946277563,64.34768946277563,0.0,0.0,0.0,True,True,True,False,0.0,1014.025348791511,0.0,0.0,0.0,0.0,1014.025348791511
2025-12-26T02:15:00Z,2025-12-26T02:30:00Z,2025-12-26,2025-12-26_14,0.0,0,0,99,64.34768946277563,64.34768946277563,0.0,0.0,0.0,True,True,True,False,0.0,1014.025348791511,0.0,0.0,0.0,0.0,1014.025348791511
2025-12-26T02:30:00Z,2025-12-26T02:45:00Z,2025-12-26,2025-12-26_15,0.0,0,0,99,64.34768946277563,64.34768946277563,0.0,0.0,0.0,True,True,True,False,0.0,1014.025348791511,0.0,0.0,0.0,0.0,1014.025348791511
2025-12-26T02:45:00Z,2025-12-26T03:00:00Z,2025-12-26,2025-12-26_16,0.0,0,0,99,64.34768946277563,64.34768946277563,0.0,0.0,0.0,True,True,True,False,0.0,1014.025348791511,0.0,0.0,0.0,0.0,1014.025348791511
2025-12-26T03:00:00Z,2025-12-26T03:15:00Z,2025-12-26,2025-12-26_17,0.0,0,0,99,64.34768946277563,64.34768946277563,0.0,0.0,0.0,True,False,True,False,0.0,1014.025348791511,0.0,0.0,0.0,0.0,1014.025348791511
2025-12-26T03:15:00Z,2025-12-26T03:30:00Z,2025-12-26,2025-12-26_18,0.0,0,0,99,64.34768946277563,64.34768946277563,0.0,0.0,0.0,True,False,True,False,0.0,1014.025348791511,0.0,0.0,0.0,0.0,1014.025348791511
2025-12-26T03:30:00Z,2025-12-26T03:45:00Z,2025-12-26,2025-12-26_19,0.0,0,0,99,64.34768946277563,64.34768946277563,0.0,0.0,0.0,True,False,True,False,0.0,1014.025348791511,0.0,0.0,0.0,0.0,1014.025348791511
2025-12-26T03:45:00Z,2025-12-26T04:00:00Z,2025-12-26,2025-12-26_20,0.0,0,0,99,64.34768946277563,64.34768946277563,0.0,0.0,0.0,True,False,True,False,0.0,1014.025348791511,0.0,0.0,0.0,0.0,1014.025348791511
2025-12-26T04:00:00Z,2025-12-26T04:15:00Z,2025-12-26,2025-12-26_21,0.0,0,0,99,64.34768946277563,64.34768946277563,0.0,0.0,0.0,True,False,True,False,0.0,1014.025348791511,0.0,0.0,0.0,0.0,1014.025348791511
2025-12-26T04:15:00Z,2025-12-26T04:30:00Z,2025-12-26,2025-12-26_22,0.0,0,0,99,64.34768946277563,64.34768946277563,0.0,0.0,0.0,True,False,True,False,0.0,1014.025348791511,0.0,0.0,0.0,0.0,1014.025348791511
2025-12-26T04:30:00Z,2025-12-26T04:45:00Z,2025-12-26,2025-12-26_23,0.0,0,0,99,64.34768946277563,64.34768946277563,0.0,0.0,0.0,True,False,True,False,0.0,1014.025348791511,0.0,0.0,0.0,0.0,1014.025348791511
2025-12-26T04:45:00Z,2025-12-26T05:00:00Z,2025-12-26,2025-12-26_24,0.0,0,0,99,64.34768946277563,64.34768946277563,0.0,0.0,0.0,True,False,True,False,0.0,1014.025348791511,0.0,0.0,0.0,0.0,1014.025348791511
2025-12-26T05:00:00Z,2025-12-26T05:15:00Z,2025-12-26,2025-12-26_25,0.0,0,0,99,64.34768946277563,64.34768946277563,0.0,0.0,0.0,True,True,True,False,0.0,1014.025348791511,0.0,0.0,0.0,0.0,1014.025348791511
2025-12-26T05:15:00Z,2025-12-26T05:30:00Z,2025-12-26,2025-12-26_26,0.0,0,0,99,64.34768946277563,64.34768946277563,0.0,0.0,0.0,True,True,True,False,0.0,1014.025348791511,0.0,0.0,0.0,0.0,1014.025348791511
2025-12-26T05:30:00Z,2025-12-26T05:45:00Z,2025-12-26,2025-12-26_27,0.0,0,0,99,64.34768946277563,64.34768946277563,0.0,0.0,0.0,True,True,True,False,0.0,1014.025348791511,0.0,0.0,0.0,0.0,1014.025348791511
2025-12-26T05:45:00Z,2025-12-26T06:00:00Z,2025-12-26,2025-12-26_28,0.0,0,0,99,64.34768946277563,64.34768946277563,0.0,0.0,0.0,True,True,True,False,0.0,1014.025348791511,0.0,0.0,0.0,0.0,1014.025348791511
2025-12-26T06:00:00Z,2025-12-26T06:15:00Z,2025-12-26,2025-12-26_29,0.0,0,1,99,64.34768946277563,64.34768946277563,0.0,0.0,0.0,True,True,True,False,0.0,1014.025348791511,0.0,0.2107486736097465,0.0,0.0,1014.2360974651207
2025-12-26T06:15:00Z,2025-12-26T06:30:00Z,2025-12-26,2025-12-26_30,0.0,0,1,99,64.34768946277563,64.34768946277563,0.0,0.0,0.0,True,True,True,False,0.0,1014.025348791511,0.0,0.2107486736097465,0.0,0.0,1014.2360974651207
2025-12-26T06:30:00Z,2025-12-26T06:45:00Z,2025-12-26,2025-12-26_31,0.0,0,1,99,64.34768946277563,64.34768946277563,0.0,0.0,0.0,True,True,True,False,0.0,1014.025348791511,0.0,0.2107486736097465,0.0,0.0,1014.2360974651207
2025-12-26T06:45:00Z,2025-12-26T07:00:00Z,2025-12-26,2025-12-26_32,0.0,0,1,99,64.34768946277563,64.34768946277563,0.0,0.0,0.0,True,True,True,False,0.0,1014.025348791511,0.0,0.2107486736097465,0.0,0.0,1014.2360974651207
2025-12-26T07:00:00Z,2025-12-26T07:15:00Z,2025-12-26,2025-12-26_33,0.0,0,0,99,64.34768946277563,64.34768946277563,0.0,0.0,0.0,True,True,True,False,0.0,1014.025348791511,0.0,0.0,0.0,0.0,1014.025348791511
2025-12-26T07:15:00Z,2025-12-26T07:30:00Z,2025-12-26,2025-12-26_34,0.0,0,0,99,64.34768946277563,64.34768946277563,0.0,0.0,0.0,True,True,True,False,0.0,1014.025348791511,0.0,0.0,0.0,0.0,1014.025348791511
2025-12-26T07:30:00Z,2025-12-26T07:45:00Z,2025-12-26,2025-12-26_35,0.0,0,0,99,64.34768946277563,64.34768946277563,0.0,0.0,0.0,True,True,True,False,0.0,1014.025348791511,0.0,0.0,0.0,0.0,1014.025348791511
2025-12-26T07:45:00Z,2025-12-26T08:00:00Z,2025-12-26,2025-12-26_36,0.0,0,0,99,64.34768946277563,64.34768946277563,0.0,0.0,0.0,True,True,True,False,0.0,1014.025348791511,0.0,0.0,0.0,0.0,1014.025348791511
2025-12-26T08:00:00Z,2025-12-26T08:15:00Z,2025-12-26,2025-12-26_37,0.0,0,0,99,64.34768946277563,64.34768946277563,0.0,0.0,0.0,True,False,True,False,0.0,1014.025348791511,0.0,0.0,0.0,0.0,1014.025348791511
2025-12-26T08:15:00Z,2025-12-26T08:30:00Z,2025-12-26,2025-12-26_38,0.0,0,0,99,64.34768946277563,64.34768946277563,0.0,0.0,0.0,True,False,True,False,0.0,1014.025348791511,0.0,0.0,0.0,0.0,1014.025348791511
2025-12-26T08:30:00Z,2025-12-26T08:45:00Z,2025-12-26,2025-12-26_39,0.0,0,0,99,64.34768946277563,64.34768946277563,0.0,0.0,0.0,True,False,True,False,0.0,1014.025348791511,0.0,0.0,0.0,0.0,1014.025348791511
2025-12-26T08:45:00Z,2025-12-26T09:00:00Z,2025-12-26,2025-12-26_40,0.0,0,0,99,64.34768946277563,64.34768946277563,0.0,0.0,0.0,True,False,True,False,0.0,1014.025348791511,0.0,0.0,0.0,0.0,1014.025348791511
2025-12-26T09:00:00Z,2025-12-26T09:15:00Z,2025-12-26,2025-12-26_41,0.0,0,0,99,64.34768946277563,64.34768946277563,0.0,0.0,0.0,True,True,True,False,0.0,1014.025348791511,0.0,0.0,0.0,0.0,1014.025348791511
2025-12-26T09:15:00Z,2025-12-26T09:30:00Z,2025-12-26,2025-12-26_42,0.0,0,0,99,64.34768946277563,64.34768946277563,0.0,0.0,0.0,True,True,True,False,0.0,1014.025348791511,0.0,0.0,0.0,0.0,1014.025348791511
2025-12-26T09:30:00Z,2025-12-26T09:45:00Z,2025-12-26,2025-12-26_43,0.0,0,0,99,64.34768946277563,64.34768946277563,0.0,0.0,0.0,True,True,True,False,0.0,1014.025348791511,0.0,0.0,0.0,0.0,1014.025348791511
2025-12-26T09:45:00Z,2025-12-26T10:00:00Z,2025-12-26,2025-12-26_44,0.0,0,0,99,64.34768946277563,64.34768946277563,0.0,0.0,0.0,True,True,True,False,0.0,1014.025348791511,0.0,0.0,0.0,0.0,1014.025348791511
2025-12-26T10:00:00Z,2025-12-26T10:15:00Z,2025-12-26,2025-12-26_45,0.0,1,0,99,64.34768946277563,64.34768946277563,0.0,0.0,0.0,True,True,True,False,0.0,1014.025348791511,0.9936136765572803,0.0,0.0,0.0,1015.0189624680683
2025-12-26T10:15:00Z,2025-12-26T10:30:00Z,2025-12-26,2025-12-26_46,0.0,1,0,99,64.34768946277563,64.34768946277563,0.0,0.0,0.0,True,True,True,False,0.0,1014.025348791511,0.9936136765572803,0.0,0.0,0.0,1015.0189624680683
2025-12-26T10:30:00Z,2025-12-26T10:45:00Z,2025-12-26,2025-12-26_47,0.0,1,0,99,64.34768946277563,64.34768946277563,0.0,0.0,0.0,True,True,True,False,0.0,1014.025348791511,0.9936136765572803,0.0,0.0,0.0,1015.0189624680683
2025-12-26T10:45:00Z,2025-12-26T11:00:00Z,2025-12-26,2025-12-26_48,0.0,1,0,99,64.34768946277563,64.34768946277563,0.0,0.0,0.0,True,True,True,False,0.0,1014.025348791511,0.9936136765572803,0.0,0.0,0.0,1015.0189624680683
2025-12-26T11:00:00Z,2025-12-26T11:15:00Z,2025-12-26,2025-12-26_49,0.0,0,0,99,64.34768946277563,64.34768946277563,0.0,0.0,0.0,True,True,True,False,0.0,1014.025348791511,0.0,0.0,0.0,0.0,1014.025348791511
2025-12-26T11:15:00Z,2025-12-26T11:30:00Z,2025-12-26,2025-12-26_50,0.0,0,0,99,64.34768946277563,64.34768946277563,0.0,0.0,0.0,True,True,True,False,0.0,1014.025348791511,0.0,0.0,0.0,0.0,1014.025348791511
2025-12-26T11:30:00Z,2025-12-26T11:45:00Z,2025-12-26,2025-12-26_51,0.0,0,0,99,64.34768946277563,64.34768946277563,0.0,0.0,0.0,True,True,True,False,0.0,1014.025348791511,0.0,0.0,0.0,0.0,1014.025348791511
2025-12-26T11:45:00Z,2025-12-26T12:00:00Z,2025-12-26,2025-12-26_52,0.0,0,0,99,64.34768946277563,64.34768946277563,0.0,0.0,0.0,True,True,True,False,0.0,1014.025348791511,0.0,0.0,0.0,0.0,1014.025348791511
2025-12-26T12:00:00Z,2025-12-26T12:15:00Z,2025-12-26,2025-12-26_53,0.0,0,0,99,64.34768946277563,64.34768946277563,0.0,0.0,0.0,True,True,True,False,0.0,1014.025348791511,0.0,0.0,0.0,0.0,1014.025348791511
2025-12-26T12:15:00Z,2025-12-26T12:30:00Z,2025-12-26,2025-12-26_54,0.0,0,0,99,64.34768946277563,64.34768946277563,0.0,0.0,0.0,True,True,True,False,0.0,1014.025348791511,0.0,0.0,0.0,0.0,1014.025348791511
2025-12-26T12:30:00Z,2025-12-26T12:45:00Z,2025-12-26,2025-12-26_55,0.0,0,0,99,64.34768946277563,64.34768946277563,0.0,0.0,0.0,True,True,True,False,0.0,1014.025348791511,0.0,0.0,0.0,0.0,1014.025348791511
2025-12-26T12:45:00Z,2025-12-26T13:00:00Z,2025-12-26,2025-12-26_56,0.0,0,0,99,64.34768946277563,64.34768946277563,0.0,0.0,0.0,True,True,True,False,0.0,1014.025348791511,0.0,0.0,0.0,0.0,1014.025348791511
2025-12-26T13:00:00Z,2025-12-26T13:15:00Z,2025-12-26,2025-12-26_57,0.0,0,0,99,64.34768946277563,64.34768946277563,0.0,0.0,0.0,True,True,True,False,0.0,1014.025348791511,0.0,0.0,0.0,0.0,1014.025348791511
2025-12-26T13:15:00Z,2025-12-26T13:30:00Z,2025-12-26,2025-12-26_58,0.0,0,0,99,64.34768946277563,64.34768946277563,0.0,0.0,0.0,True,True,True,False,0.0,1014.025348791511,0.0,0.0,0.0,0.0,1014.025348791511
2025-12-26T13:30:00Z,2025-12-26T13:45:00Z,2025-12-26,2025-12-26_59,0.0,0,0,99,64.34768946277563,64.34768946277563,0.0,0.0,0.0,True,True,True,False,0.0,1014.025348791511,0.0,0.0,0.0,0.0,1014.025348791511
2025-12-26T13:45:00Z,2025-12-26T14:00:00Z,2025-12-26,2025-12-26_60,0.0,0,0,99,64.34768946277563,64.34768946277563,0.0,0.0,0.0,True,True,True,False,0.0,1014.025348791511,0.0,0.0,0.0,0.0,1014.025348791511
2025-12-26T14:00:00Z,2025-12-26T14:15:00Z,2025-12-26,2025-12-26_61,0.0,0,0,99,64.34768946277563,64.34768946277563,0.0,0.0,0.0,True,True,True,False,0.0,1014.025348791511,0.0,0.0,0.0,0.0,1014.025348791511
2025-12-26T14:15:00Z,2025-12-26T14:30:00Z,2025-12-26,2025-12-26_62,0.0,0,0,99,64.34768946277563,64.34768946277563,0.0,0.0,0.0,True,True,True,False,0.0,1014.025348791511,0.0,0.0,0.0,0.0,1014.025348791511
2025-12-26T14:30:00Z,2025-12-26T14:45:00Z,2025-12-26,2025-12-26_63,0.0,0,0,99,64.34768946277563,64.34768946277563,0.0,0.0,0.0,True,True,True,False,0.0,1014.025348791511,0.0,0.0,0.0,0.0,1014.025348791511
2025-12-26T14:45:00Z,2025-12-26T15:00:00Z,2025-12-26,2025-12-26_64,0.0,0,0,99,64.34768946277563,64.34768946277563,0.0,0.0,0.0,True,True,True,False,0.0,1014.025348791511,0.0,0.0,0.0,0.0,1014.025348791511
2025-12-26T15:00:00Z,2025-12-26T15:15:00Z,2025-12-26,2025-12-26_65,0.0,0,0,99,64.34768946277563,64.34768946277563,0.0,0.0,0.0,True,True,True,False,0.0,1014.025348791511,0.0,0.0,0.0,0.0,1014.025348791511
2025-12-26T15:15:00Z,2025-12-26T15:30:00Z,2025-12-26,2025-12-26_66,0.0,0,0,99,64.34768946277563,64.34768946277563,0.0,0.0,0.0,True,True,True,False,0.0,1014.025348791511,0.0,0.0,0.0,0.0,1014.025348791511
2025-12-26T15:30:00Z,2025-12-26T15:45:00Z,2025-12-26,2025-12-26_67,0.0,0,0,99,64.34768946277563,64.34768946277563,0.0,0.0,0.0,True,True,True,False,0.0,1014.025348791511,0.0,0.0,0.0,0.0,1014.025348791511
2025-12-26T15:45:00Z,2025-12-26T16:00:00Z,2025-12-26,2025-12-26_68,0.0,0,0,99,64.34768946277563,64.34768946277563,0.0,0.0,0.0,True,True,True,False,0.0,1014.025348791511,0.0,0.0,0.0,0.0,1014.025348791511
2025-12-26T16:00:00Z,2025-12-26T16:15:00Z,2025-12-26,2025-12-26_69,0.0,0,0,99,64.34768946277563,64.34768946277563,0.0,0.0,0.0,True,True,True,False,0.0,1014.025348791511,0.0,0.0,0.0,0.0,1014.025348791511
2025-12-26T16:15:00Z,2025-12-26T16:30:00Z,2025-12-26,2025-12-26_70,0.0,0,0,99,64.34768946277563,64.34768946277563,0.0,0.0,0.0,True,True,True,False,0.0,1014.025348791511,0.0,0.0,0.0,0.0,1014.025348791511
2025-12-26T16:30:00Z,2025-12-26T16:45:00Z,2025-12-26,2025-12-26_71,0.0,0,0,99,64.34768946277563,64.34768946277563,0.0,0.0,0.0,True,True,True,False,0.0,1014.025348791511,0.0,0.0,0.0,0.0,1014.025348791511
2025-12-26T16:45:00Z,2025-12-26T17:00:00Z,2025-12-26,2025-12-26_72,0.0,0,0,99,64.34768946277563,64.34768946277563,0.0,0.0,0.0,True,True,True,False,0.0,1014.025348791511,0.0,0.0,0.0,0.0,1014.025348791511
2025-12-26T17:00:00Z,2025-12-26T17:15:00Z,2025-12-26,2025-12-26_73,0.0,0,0,99,64.34768946277563,64.34768946277563,0.0,0.0,0.0,True,True,True,False,0.0,1014.025348791511,0.0,0.0,0.0,0.0,1014.025348791511
2025-12-26T17:15:00Z,2025-12-26T17:30:00Z,2025-12-26,2025-12-26_74,0.0,0,0,99,64.34768946277563,64.34768946277563,0.0,0.0,0.0,True,True,True,False,0.0,1014.025348791511,0.0,0.0,0.0,0.0,1014.025348791511
2025-12-26T17:30:00Z,2025-12-26T17:45:00Z,2025-12-26,2025-12-26_75,0.0,0,0,99,64.34768946277563,64.34768946277563,0.0,0.0,0.0,True,True,True,False,0.0,1014.025348791511,0.0,0.0,0.0,0.0,1014.025348791511
2025-12-26T17:45:00Z,2025-12-26T18:00:00Z,2025-12-26,2025-12-26_76,0.0,0,0,99,64.34768946277563,64.34768946277563,0.0,0.0,0.0,True,True,True,False,0.0,1014.025348791511,0.0,0.0,0.0,0.0,1014.025348791511
2025-12-26T18:00:00Z,2025-12-26T18:15:00Z,2025-12-26,2025-12-26_77,0.0,0,0,99,64.34768946277563,64.34768946277563,0.0,0.0,0.0,True,True,True,False,0.0,1014.025348791511,0.0,0.0,0.0,0.0,1014.025348791511
2025-12-26T18:15:00Z,2025-12-26T18:30:00Z,2025-12-26,2025-12-26_78,0.0,0,0,99,64.34768946277563,64.34768946277563,0.0,0.0,0.0,True,True,True,False,0.0,1014.025348791511,0.0,0.0,0.0,0.0,1014.025348791511
2025-12-26T18:30:00Z,2025-12-26T18:45:00Z,2025-12-26,2025-12-26_79,0.0,0,0,99,64.34768946277563,64.34768946277563,0.0,0.0,0.0,True,True,True,False,0.0,1014.025348791511,0.0,0.0,0.0,0.0,1014.025348791511
2025-12-26T18:45:00Z,2025-12-26T19:00:00Z,2025-12-26,2025-12-26_80,0.0,0,0,99,64.34768946277563,64.34768946277563,0.0,0.0,0.0,True,True,True,False,0.0,1014.025348791511,0.0,0.0,0.0,0.0,1014.025348791511
2025-12-26T19:00:00Z,2025-12-26T19:15:00Z,2025-12-26,2025-12-26_81,0.0,1,0,99,64.34768946277563,64.34768946277563,0.0,0.0,0.0,True,True,True,False,0.0,1014.025348791511,0.9762232265671054,0.0,0.0,0.0,1015.001572018078
2025-12-26T19:15:00Z,2025-12-26T19:30:00Z,2025-12-26,2025-12-26_82,0.0,1,0,99,64.34768946277563,64.34768946277563,0.0,0.0,0.0,True,True,True,False,0.0,1014.025348791511,0.9762232265671054,0.0,0.0,0.0,1015.001572018078
2025-12-26T19:30:00Z,2025-12-26T19:45:00Z,2025-12-26,2025-12-26_83,0.0,1,0,99,64.34768946277563,64.34768946277563,0.0,0.0,0.0,True,True,True,False,0.0,1014.025348791511,0.9762232265671054,0.0,0.0,0.0,1015.001572018078
2025-12-26T19:45:00Z,2025-12-26T20:00:00Z,2025-12-26,2025-12-26_84,0.0,1,0,99,64.34768946277563,64.34768946277563,0.0,0.0,0.0,True,True,True,False,0.0,1014.025348791511,0.9762232265671054,0.0,0.0,0.0,1015.001572018078
2025-12-26T20:00:00Z,2025-12-26T20:15:00Z,2025-12-26,2025-12-26_85,0.0,0,0,99,64.34768946277563,64.34768946277563,0.0,0.0,0.0,True,True,True,False,0.0,1014.025348791511,0.0,0.0,0.0,0.0,1014.025348791511
2025-12-26T20:15:00Z,2025-12-26T20:30:00Z,2025-12-26,2025-12-26_86,0.0,0,0,99,64.34768946277563,64.34768946277563,0.0,0.0,0.0,True,True,True,False,0.0,1014.025348791511,0.0,0.0,0.0,0.0,1014.025348791511
2025-12-26T20:30:00Z,2025-12-26T20:45:00Z,2025-12-26,2025-12-26_87,0.0,0,0,99,64.34768946277563,64.34768946277563,0.0,0.0,0.0,True,True,True,False,0.0,1014.025348791511,0.0,0.0,0.0,0.0,1014.025348791511
2025-12-26T20:45:00Z,2025-12-26T21:00:00Z,2025-12-26,2025-12-26_88,0.0,0,0,99,64.34768946277563,64.34768946277563,0.0,0.0,0.0,True,True,True,False,0.0,1014.025348791511,0.0,0.0,0.0,0.0,1014.025348791511
2025-12-26T21:00:00Z,2025-12-26T21:15:00Z,2025-12-26,2025-12-26_89,0.0,0,0,99,64.34768946277563,64.34768946277563,0.0,0.0,0.0,True,True,True,False,0.0,1014.025348791511,0.0,0.0,0.0,0.0,1014.025348791511
2025-12-26T21:15:00Z,2025-12-26T21:30:00Z,2025-12-26,2025-12-26_90,0.0,0,0,99,64.34768946277563,64.34768946277563,0.0,0.0,0.0,True,True,True,False,0.0,1014.025348791511,0.0,0.0,0.0,0.0,1014.025348791511
2025-12-26T21:30:00Z,2025-12-26T21:45:00Z,2025-12-26,2025-12-26_91,0.0,0,0,99,64.34768946277563,64.34768946277563,0.0,0.0,0.0,True,True,True,False,0.0,1014.025348791511,0.0,0.0,0.0,0.0,1014.025348791511
2025-12-26T21:45:00Z,2025-12-26T22:00:00Z,2025-12-26,2025-12-26_92,0.0,0,0,99,64.34768946277563,64.34768946277563,0.0,0.0,0.0,True,True,True,False,0.0,1014.025348791511,0.0,0.0,0.0,0.0,1014.025348791511
2025-12-26T22:00:00Z,2025-12-26T22:15:00Z,2025-12-27,2025-12-26_93,0.0,1,0,99,64.34768946277563,64.34768946277563,0.0,0.0,0.0,True,True,True,False,0.0,1014.025348791511,0.9844763214776968,0.0,0.0,0.0,1015.0098251129887
2025-12-26T22:15:00Z,2025-12-26T22:30:00Z,2025-12-27,2025-12-26_94,-3.59671760539525e-14,1,0,99,64.34768946277563,64.34768946277563,2.2979029145580765e-17,0.0,0.0,True,True,True,False,-9.422500946734207e-13,1014.025348791511,0.9844763214776968,0.0,0.0,0.0,1015.0098251129878
2025-12-26T22:30:00Z,2025-12-26T22:45:00Z,2025-12-27,2025-12-26_95,0.0,1,0,99,64.34768946277563,64.34768946277563,0.0,0.0,0.0,True,True,True,False,0.0,1014.025348791511,0.9844763214776968,0.0,0.0,0.0,1015.0098251129887
2025-12-26T22:45:00Z,2025-12-26T23:00:00Z,2025-12-27,2025-12-26_96,0.0,1,0,99,64.34768946277563,64.34768946277563,0.0,0.0,0.0,True,True,True,False,0.0,1014.025348791511,0.9844763214776968,0.0,0.0,0.0,1015.0098251129887
2025-12-26T23:00:00Z,2025-12-26T23:15:00Z,2025-12-27,2025-12-27_1,5.73544005330608e-14,0,0,99,64.34768946277563,64.34768946277562,4.329287479850603e-17,0.0,0.0,True,True,True,False,1.4874863778249317e-12,1014.025348791511,0.0,0.0,0.0,0.0,1014.0253487915124
2025-12-26T23:15:00Z,2025-12-26T23:30:00Z,2025-12-27,2025-12-27_2,0.0,0,0,99,64.34768946277562,64.34768946277562,0.0,0.0,0.0,True,True,True,False,0.0,1014.025348791511,0.0,0.0,0.0,0.0,1014.025348791511
2025-12-26T23:30:00Z,2025-12-26T23:45:00Z,2025-12-27,2025-12-27_3,0.0,0,0,99,64.34768946277562,64.34768946277562,0.0,0.0,0.0,True,True,True,False,0.0,1014.025348791511,0.0,0.0,0.0,0.0,1014.025348791511
2025-12-26T23:45:00Z,2025-12-27T00:00:00Z,2025-12-27,2025-12-27_4,0.0,0,0,99,64.34768946277562,64.34768946277562,0.0,0.0,0.0,True,True,True,False,0.0,1014.025348791511,0.0,0.0,0.0,0.0,1014.025348791511
2025-12-27T00:00:00Z,2025-12-27T00:15:00Z,2025-12-27,2025-12-27_5,0.0,0,0,99,64.34768946277562,64.34768946277562,0.0,0.0,0.0,True,True,True,False,0.0,1014.025348791511,0.0,0.0,0.0,0.0,1014.025348791511
2025-12-27T00:15:00Z,2025-12-27T00:30:00Z,2025-12-27,2025-12-27_6,0.0,0,0,99,64.34768946277562,64.34768946277562,0.0,0.0,0.0,True,True,True,False,0.0,1014.025348791511,0.0,0.0,0.0,0.0,1014.025348791511
2025-12-27T00:30:00Z,2025-12-27T00:45:00Z,2025-12-27,2025-12-27_7,0.0,0,0,99,64.34768946277562,64.34768946277562,0.0,0.0,0.0,True,True,True,False,0.0,1014.025348791511,0.0,0.0,0.0,0.0,1014.025348791511
2025-12-27T00:45:00Z,2025-12-27T01:00:00Z,2025-12-27,2025-12-27_8,0.0,0,0,99,64.34768946277562,64.34768946277562,0.0,0.0,0.0,True,True,True,False,0.0,1014.025348791511,0.0,0.0,0.0,0.0,1014.025348791511
2025-12-27T01:00:00Z,2025-12-27T01:15:00Z,2025-12-27,2025-12-27_9,0.0,0,0,99,64.34768946277562,64.34768946277562,0.0,0.0,0.0,True,True,True,False,0.0,1014.025348791511,0.0,0.0,0.0,0.0,1014.025348791511
2025-12-27T01:15:00Z,2025-12-27T01:30:00Z,2025-12-27,2025-12-27_10,0.0,0,0,99,64.34768946277562,64.34768946277562,0.0,0.0,0.0,True,True,True,False,0.0,1014.025348791511,0.0,0.0,0.0,0.0,1014.025348791511
2025-12-27T01:30:00Z,2025-12-27T01:45:00Z,2025-12-27,2025-12-27_11,0.0,0,0,99,64.34768946277562,64.34768946277562,0.0,0.0,0.0,True,True,True,False,0.0,1014.025348791511,0.0,0.0,0.0,0.0,1014.025348791511
2025-12-27T01:45:00Z,2025-12-27T02:00:00Z,2025-12-27,2025-12-27_12,0.0,0,0,99,64.34768946277562,64.34768946277562,0.0,0.0,0.0,True,True,True,False,0.0,1014.025348791511,0.0,0.0,0.0,0.0,1014.025348791511
2025-12-27T02:00:00Z,2025-12-27T02:15:00Z,2025-12-27,2025-12-27_13,0.0,0,0,99,64.34768946277562,64.34768946277562,0.0,0.0,0.0,True,True,True,False,0.0,1014.025348791511,0.0,0.0,0.0,0.0,1014.025348791511
2025-12-27T02:15:00Z,2025-12-27T02:30:00Z,2025-12-27,2025-12-27_14,0.0,0,0,99,64.34768946277562,64.34768946277562,0.0,0.0,0.0,True,True,True,False,0.0,1014.025348791511,0.0,0.0,0.0,0.0,1014.025348791511
2025-12-27T02:30:00Z,2025-12-27T02:45:00Z,2025-12-27,2025-12-27_15,0.0,0,0,99,64.34768946277562,64.34768946277562,0.0,0.0,0.0,True,True,True,False,0.0,1014.025348791511,0.0,0.0,0.0,0.0,1014.025348791511
2025-12-27T02:45:00Z,2025-12-27T03:00:00Z,2025-12-27,2025-12-27_16,0.0,0,0,99,64.34768946277562,64.34768946277562,0.0,0.0,0.0,True,True,True,False,0.0,1014.025348791511,0.0,0.0,0.0,0.0,1014.025348791511
2025-12-27T03:00:00Z,2025-12-27T03:15:00Z,2025-12-27,2025-12-27_17,0.0,0,0,99,64.34768946277562,64.34768946277562,0.0,0.0,0.0,True,True,True,False,0.0,1014.025348791511,0.0,0.0,0.0,0.0,1014.025348791511
2025-12-27T03:15:00Z,2025-12-27T03:30:00Z,2025-12-27,2025-12-27_18,0.0,0,0,99,64.34768946277562,64.34768946277562,0.0,0.0,0.0,True,True,True,False,0.0,1014.025348791511,0.0,0.0,0.0,0.0,1014.025348791511
2025-12-27T03:30:00Z,2025-12-27T03:45:00Z,2025-12-27,2025-12-27_19,0.0,0,0,99,64.34768946277562,64.34768946277562,0.0,0.0,0.0,True,True,True,False,0.0,1014.025348791511,0.0,0.0,0.0,0.0,1014.025348791511
2025-12-27T03:45:00Z,2025-12-27T04:00:00Z,2025-12-27,2025-12-27_20,0.0,0,0,99,64.34768946277562,64.34768946277562,0.0,0.0,0.0,True,True,True,False,0.0,1014.025348791511,0.0,0.0,0.0,0.0,1014.025348791511
2025-12-27T04:00:00Z,2025-12-27T04:15:00Z,2025-12-27,2025-12-27_21,0.0,1,0,99,64.34768946277562,64.34768946277562,0.0,0.0,0.0,True,True,True,False,0.0,1014.025348791511,0.9762232265671054,0.0,0.0,0.0,1015.001572018078
2025-12-27T04:15:00Z,2025-12-27T04:30:00Z,2025-12-27,2025-12-27_22,0.0,1,0,99,64.34768946277562,64.34768946277562,0.0,0.0,0.0,True,True,True,False,0.0,1014.025348791511,0.9762232265671054,0.0,0.0,0.0,1015.001572018078
2025-12-27T04:30:00Z,2025-12-27T04:45:00Z,2025-12-27,2025-12-27_23,0.0,1,0,99,64.34768946277562,64.34768946277562,0.0,0.0,0.0,True,True,True,False,0.0,1014.025348791511,0.9762232265671054,0.0,0.0,0.0,1015.001572018078
2025-12-27T04:45:00Z,2025-12-27T05:00:00Z,2025-12-27,2025-12-27_24,-2.842170943040401e-14,1,0,99,64.34768946277562,64.34768946277562,1.8158314358313672e-17,0.0,0.0,True,True,True,False,-6.38280539533298e-13,1014.025348791511,0.9762232265671054,0.0,0.0,0.0,1015.0015720180775
2025-12-27T05:00:00Z,2025-12-27T05:15:00Z,2025-12-27,2025-12-27_25,0.0,1,0,99,64.34768946277562,64.34768946277562,0.0,0.0,0.0,True,True,True,False,0.0,1014.025348791511,1.0690705443112596,0.0,0.0,0.0,1015.0944193358222
2025-12-27T05:15:00Z,2025-12-27T05:30:00Z,2025-12-27,2025-12-27_26,0.0,1,0,99,64.34768946277562,64.34768946277562,0.0,0.0,0.0,True,True,True,False,0.0,1014.025348791511,1.0690705443112596,0.0,0.0,0.0,1015.0944193358222
2025-12-27T05:30:00Z,2025-12-27T05:45:00Z,2025-12-27,2025-12-27_27,0.0,1,0,99,64.34768946277562,64.34768946277562,0.0,0.0,0.0,True,True,True,False,0.0,1014.025348791511,1.0690705443112596,0.0,0.0,0.0,1015.0944193358222
2025-12-27T05:45:00Z,2025-12-27T06:00:00Z,2025-12-27,2025-12-27_28,0.0,1,0,99,64.34768946277562,64.34768946277562,0.0,0.0,0.0,True,True,True,False,0.0,1014.025348791511,1.0690705443112596,0.0,0.0,0.0,1015.0944193358222
2025-12-27T06:00:00Z,2025-12-27T06:15:00Z,2025-12-27,2025-12-27_29,0.0,1,0,99,64.34768946277562,64.34768946277562,0.0,0.0,0.0,True,True,True,False,0.0,1014.025348791511,1.0902927883670661,0.0,0.0,0.0,1015.115641579878
2025-12-27T06:15:00Z,2025-12-27T06:30:00Z,2025-12-27,2025-12-27_30,0.0,1,0,99,64.34768946277562,64.34768946277562,0.0,0.0,0.0,True,True,True,False,0.0,1014.025348791511,1.0902927883670661,0.0,0.0,0.0,1015.115641579878
2025-12-27T06:30:00Z,2025-12-27T06:45:00Z,2025-12-27,2025-12-27_31,0.0,1,0,99,64.34768946277562,64.34768946277562,0.0,0.0,0.0,True,True,True,False,0.0,1014.025348791511,1.0902927883670661,0.0,0.0,0.0,1015.115641579878
2025-12-27T06:45:00Z,2025-12-27T07:00:00Z,2025-12-27,2025-12-27_32,0.0,1,0,99,64.34768946277562,64.34768946277562,0.0,0.0,0.0,True,True,True,False,0.0,1014.025348791511,1.0902927883670661,0.0,0.0,0.0,1015.115641579878
2025-12-27T07:00:00Z,2025-12-27T07:15:00Z,2025-12-27,2025-12-27_33,0.0,1,0,99,64.34768946277562,64.34768946277562,0.0,0.0,0.0,True,True,True,False,0.0,1014.025348791511,1.0902927883670661,0.0,0.0,0.0,1015.115641579878
2025-12-27T07:15:00Z,2025-12-27T07:30:00Z,2025-12-27,2025-12-27_34,0.0,1,0,99,64.34768946277562,64.34768946277562,0.0,0.0,0.0,True,True,True,False,0.0,1014.025348791511,1.0902927883670661,0.0,0.0,0.0,1015.115641579878
2025-12-27T07:30:00Z,2025-12-27T07:45:00Z,2025-12-27,2025-12-27_35,0.0,1,0,99,64.34768946277562,64.34768946277562,0.0,0.0,0.0,True,True,True,False,0.0,1014.025348791511,1.0902927883670661,0.0,0.0,0.0,1015.115641579878
2025-12-27T07:45:00Z,2025-12-27T08:00:00Z,2025-12-27,2025-12-27_36,0.0,1,0,99,64.34768946277562,64.34768946277562,0.0,0.0,0.0,True,True,True,False,0.0,1014.025348791511,1.0902927883670661,0.0,0.0,0.0,1015.115641579878
2025-12-27T08:00:00Z,2025-12-27T08:15:00Z,2025-12-27,2025-12-27_37,0.0,1,0,99,64.34768946277562,64.34768946277562,0.0,0.0,0.0,True,True,True,False,0.0,1014.025348791511,1.0166044409510708,0.0,0.0,0.0,1015.041953232462
2025-12-27T08:15:00Z,2025-12-27T08:30:00Z,2025-12-27,2025-12-27_38,0.0,1,0,99,64.34768946277562,64.34768946277562,0.0,0.0,0.0,True,True,True,False,0.0,1014.025348791511,1.0166044409510708,0.0,0.0,0.0,1015.041953232462
2025-12-27T08:30:00Z,2025-12-27T08:45:00Z,2025-12-27,2025-12-27_39,0.0,1,0,99,64.34768946277562,64.34768946277562,0.0,0.0,0.0,True,True,True,False,0.0,1014.025348791511,1.0166044409510708,0.0,0.0,0.0,1015.041953232462
2025-12-27T08:45:00Z,2025-12-27T09:00:00Z,2025-12-27,2025-12-27_40,0.0,1,0,99,64.34768946277562,64.34768946277562,0.0,0.0,0.0,True,True,True,False,0.0,1014.025348791511,1.0166044409510708,0.0,0.0,0.0,1015.041953232462
2025-12-27T09:00:00Z,2025-12-27T09:15:00Z,2025-12-27,2025-12-27_41,0.0,0,0,99,64.34768946277562,64.34768946277562,0.0,0.0,0.0,True,True,True,False,0.0,1014.025348791511,0.0,0.0,0.0,0.0,1014.025348791511
2025-12-27T09:15:00Z,2025-12-27T09:30:00Z,2025-12-27,2025-12-27_42,0.0,0,0,99,64.34768946277562,64.34768946277562,0.0,0.0,0.0,True,True,True,False,0.0,1014.025348791511,0.0,0.0,0.0,0.0,1014.025348791511
2025-12-27T09:30:00Z,2025-12-27T09:45:00Z,2025-12-27,2025-12-27_43,0.0,0,0,99,64.34768946277562,64.34768946277562,0.0,0.0,0.0,True,True,True,False,0.0,1014.025348791511,0.0,0.0,0.0,0.0,1014.025348791511
2025-12-27T09:45:00Z,2025-12-27T10:00:00Z,2025-12-27,2025-12-27_44,0.0,0,0,99,64.34768946277562,64.34768946277562,0.0,0.0,0.0,True,True,True,False,0.0,1014.025348791511,0.0,0.0,0.0,0.0,1014.025348791511
2025-12-27T10:00:00Z,2025-12-27T10:15:00Z,2025-12-27,2025-12-27_45,0.0,0,0,99,64.34768946277562,64.34768946277562,0.0,0.0,0.0,True,True,True,False,0.0,1014.025348791511,0.0,0.0,0.0,0.0,1014.025348791511
2025-12-27T10:15:00Z,2025-12-27T10:30:00Z,2025-12-27,2025-12-27_46,0.0,0,0,99,64.34768946277562,64.34768946277562,0.0,0.0,0.0,True,True,True,False,0.0,1014.025348791511,0.0,0.0,0.0,0.0,1014.025348791511
2025-12-27T10:30:00Z,2025-12-27T10:45:00Z,2025-12-27,2025-12-27_47,0.0,0,0,99,64.34768946277562,64.34768946277562,0.0,0.0,0.0,True,True,True,False,0.0,1014.025348791511,0.0,0.0,0.0,0.0,1014.025348791511
2025-12-27T10:45:00Z,2025-12-27T11:00:00Z,2025-12-27,2025-12-27_48,0.0,0,0,99,64.34768946277562,64.34768946277562,0.0,0.0,0.0,True,True,True,False,0.0,1014.025348791511,0.0,0.0,0.0,0.0,1014.025348791511
2025-12-27T11:00:00Z,2025-12-27T11:15:00Z,2025-12-27,2025-12-27_49,0.0,1,0,99,64.34768946277562,64.34768946277562,0.0,0.0,0.0,True,True,True,False,0.0,1014.025348791511,0.9936136765572803,0.0,0.0,0.0,1015.0189624680683
2025-12-27T11:15:00Z,2025-12-27T11:30:00Z,2025-12-27,2025-12-27_50,-1.73139494183873e-14,1,0,99,64.34768946277562,64.34768946277562,1.1061689906191886e-17,0.0,0.0,True,True,True,False,-3.0827486939438586e-13,1014.025348791511,0.9936136765572803,0.0,0.0,0.0,1015.0189624680679
2025-12-27T11:30:00Z,2025-12-27T11:45:00Z,2025-12-27,2025-12-27_51,0.0,1,0,99,64.34768946277562,64.34768946277562,0.0,0.0,0.0,True,True,True,False,0.0,1014.025348791511,0.9936136765572803,0.0,0.0,0.0,1015.0189624680683
2025-12-27T11:45:00Z,2025-12-27T12:00:00Z,2025-12-27,2025-12-27_52,0.0,1,0,99,64.34768946277562,64.34768946277562,0.0,0.0,0.0,True,True,True,False,0.0,1014.025348791511,0.9936136765572803,0.0,0.0,0.0,1015.0189624680683
2025-12-27T12:00:00Z,2025-12-27T12:15:00Z,2025-12-27,2025-12-27_53,0.0,0,0,99,64.34768946277562,64.34768946277562,0.0,0.0,0.0,True,False,True,False,0.0,1014.025348791511,0.0,0.0,0.0,0.0,1014.025348791511
2025-12-27T12:15:00Z,2025-12-27T12:30:00Z,2025-12-27,2025-12-27_54,0.0,0,0,99,64.34768946277562,64.34768946277562,0.0,0.0,0.0,True,False,True,False,0.0,1014.025348791511,0.0,0.0,0.0,0.0,1014.025348791511
2025-12-27T12:30:00Z,2025-12-27T12:45:00Z,2025-12-27,2025-12-27_55,0.0,0,0,99,64.34768946277562,64.34768946277562,0.0,0.0,0.0,True,False,True,False,0.0,1014.025348791511,0.0,0.0,0.0,0.0,1014.025348791511
2025-12-27T12:45:00Z,2025-12-27T13:00:00Z,2025-12-27,2025-12-27_56,0.0,0,0,99,64.34768946277562,64.34768946277562,0.0,0.0,0.0,True,False,True,False,0.0,1014.025348791511,0.0,0.0,0.0,0.0,1014.025348791511
2025-12-27T13:00:00Z,2025-12-27T13:15:00Z,2025-12-27,2025-12-27_57,0.0,0,0,99,64.34768946277562,64.34768946277562,0.0,0.0,0.0,True,True,True,False,0.0,1014.025348791511,0.0,0.0,0.0,0.0,1014.025348791511
2025-12-27T13:15:00Z,2025-12-27T13:30:00Z,2025-12-27,2025-12-27_58,0.0,0,0,99,64.34768946277562,64.34768946277562,0.0,0.0,0.0,True,True,True,False,0.0,1014.025348791511,0.0,0.0,0.0,0.0,1014.025348791511
2025-12-27T13:30:00Z,2025-12-27T13:45:00Z,2025-12-27,2025-12-27_59,0.0,0,0,99,64.34768946277562,64.34768946277562,0.0,0.0,0.0,True,True,True,False,0.0,1014.025348791511,0.0,0.0,0.0,0.0,1014.025348791511
2025-12-27T13:45:00Z,2025-12-27T14:00:00Z,2025-12-27,2025-12-27_60,0.0,0,0,99,64.34768946277562,64.34768946277562,0.0,0.0,0.0,True,True,True,False,0.0,1014.025348791511,0.0,0.0,0.0,0.0,1014.025348791511
2025-12-27T14:00:00Z,2025-12-27T14:15:00Z,2025-12-27,2025-12-27_61,0.0,0,0,99,64.34768946277562,64.34768946277562,0.0,0.0,0.0,True,True,True,False,0.0,1014.025348791511,0.0,0.0,0.0,0.0,1014.025348791511
2025-12-27T14:15:00Z,2025-12-27T14:30:00Z,2025-12-27,2025-12-27_62,0.0,0,0,99,64.34768946277562,64.34768946277562,0.0,0.0,0.0,True,True,True,False,0.0,1014.025348791511,0.0,0.0,0.0,0.0,1014.025348791511
2025-12-27T14:30:00Z,2025-12-27T14:45:00Z,2025-12-27,2025-12-27_63,0.0,0,0,99,64.34768946277562,64.34768946277562,0.0,0.0,0.0,True,True,True,False,0.0,1014.025348791511,0.0,0.0,0.0,0.0,1014.025348791511
2025-12-27T14:45:00Z,2025-12-27T15:00:00Z,2025-12-27,2025-12-27_64,0.0,0,0,99,64.34768946277562,64.34768946277562,0.0,0.0,0.0,True,True,True,False,0.0,1014.025348791511,0.0,0.0,0.0,0.0,1014.025348791511
2025-12-27T15:00:00Z,2025-12-27T15:15:00Z,2025-12-27,2025-12-27_65,0.0,0,0,99,64.34768946277562,64.34768946277562,0.0,0.0,0.0,True,True,True,False,0.0,1014.025348791511,0.0,0.0,0.0,0.0,1014.025348791511
2025-12-27T15:15:00Z,2025-12-27T15:30:00Z,2025-12-27,2025-12-27_66,0.0,0,0,99,64.34768946277562,64.34768946277562,0.0,0.0,0.0,True,True,True,False,0.0,1014.025348791511,0.0,0.0,0.0,0.0,1014.025348791511
2025-12-27T15:30:00Z,2025-12-27T15:45:00Z,2025-12-27,2025-12-27_67,0.0,0,0,99,64.34768946277562,64.34768946277562,0.0,0.0,0.0,True,True,True,False,0.0,1014.025348791511,0.0,0.0,0.0,0.0,1014.025348791511
2025-12-27T15:45:00Z,2025-12-27T16:00:00Z,2025-12-27,2025-12-27_68,0.0,0,0,99,64.34768946277562,64.34768946277562,0.0,0.0,0.0,True,True,True,False,0.0,1014.025348791511,0.0,0.0,0.0,0.0,1014.025348791511
2025-12-27T16:00:00Z,2025-12-27T16:15:00Z,2025-12-27,2025-12-27_69,0.0,0,0,99,64.34768946277562,64.34768946277562,0.0,0.0,0.0,True,True,True,False,0.0,1014.025348791511,0.0,0.0,0.0,0.0,1014.025348791511
2025-12-27T16:15:00Z,2025-12-27T16:30:00Z,2025-12-27,2025-12-27_70,0.0,0,0,99,64.34768946277562,64.34768946277562,0.0,0.0,0.0,True,True,True,False,0.0,1014.025348791511,0.0,0.0,0.0,0.0,1014.025348791511
2025-12-27T16:30:00Z,2025-12-27T16:45:00Z,2025-12-27,2025-12-27_71,0.0,0,0,99,64.34768946277562,64.34768946277562,0.0,0.0,0.0,True,True,True,False,0.0,1014.025348791511,0.0,0.0,0.0,0.0,1014.025348791511
2025-12-27T16:45:00Z,2025-12-27T17:00:00Z,2025-12-27,2025-12-27_72,0.0,0,0,99,64.34768946277562,64.34768946277562,0.0,0.0,0.0,True,True,True,False,0.0,1014.025348791511,0.0,0.0,0.0,0.0,1014.025348791511
2025-12-27T17:00:00Z,2025-12-27T17:15:00Z,2025-12-27,2025-12-27_73,0.0,0,0,99,64.34768946277562,64.34768946277562,0.0,0.0,0.0,True,True,True,False,0.0,1014.025348791511,0.0,0.0,0.0,0.0,1014.025348791511
2025-12-27T17:15:00Z,2025-12-27T17:30:00Z,2025-12-27,2025-12-27_74,0.0,0,0,99,64.34768946277562,64.34768946277562,0.0,0.0,0.0,True,True,True,False,0.0,1014.025348791511,0.0,0.0,0.0,0.0,1014.025348791511
2025-12-27T17:30:00Z,2025-12-27T17:45:00Z,2025-12-27,2025-12-27_75,0.0,0,0,99,64.34768946277562,64.34768946277562,0.0,0.0,0.0,True,True,True,False,0.0,1014.025348791511,0.0,0.0,0.0,0.0,1014.025348791511
2025-12-27T17:45:00Z,2025-12-27T18:00:00Z,2025-12-27,2025-12-27_76,0.0,0,0,99,64.34768946277562,64.34768946277562,0.0,0.0,0.0,True,True,True,False,0.0,1014.025348791511,0.0,0.0,0.0,0.0,1014.025348791511
2025-12-27T18:00:00Z,2025-12-27T18:15:00Z,2025-12-27,2025-12-27_77,0.0,0,0,99,64.34768946277562,64.34768946277562,0.0,0.0,0.0,True,True,True,False,0.0,1014.025348791511,0.0,0.0,0.0,0.0,1014.025348791511
2025-12-27T18:15:00Z,2025-12-27T18:30:00Z,2025-12-27,2025-12-27_78,0.0,0,0,99,64.34768946277562,64.34768946277562,0.0,0.0,0.0,True,True,True,False,0.0,1014.025348791511,0.0,0.0,0.0,0.0,1014.025348791511
2025-12-27T18:30:00Z,2025-12-27T18:45:00Z,2025-12-27,2025-12-27_79,0.0,0,0,99,64.34768946277562,64.34768946277562,0.0,0.0,0.0,True,True,True,False,0.0,1014.025348791511,0.0,0.0,0.0,0.0,1014.025348791511
2025-12-27T18:45:00Z,2025-12-27T19:00:00Z,2025-12-27,2025-12-27_80,0.0,0,0,99,64.34768946277562,64.34768946277562,0.0,0.0,0.0,True,True,True,False,0.0,1014.025348791511,0.0,0.0,0.0,0.0,1014.025348791511
2025-12-27T19:00:00Z,2025-12-27T19:15:00Z,2025-12-27,2025-12-27_81,1.6175739858681482e-07,0,0,99,64.34768946277562,64.34768941881981,1.2209948564825998e-10,0.0,0.0,True,True,True,False,6.1500162942706995e-06,1014.025348791511,0.0,0.0,0.0,0.0,1014.0253549415272
2025-12-27T19:15:00Z,2025-12-27T19:30:00Z,2025-12-27,2025-12-27_82,0.0,0,0,99,64.34768941881981,64.34768941881981,0.0,0.0,0.0,True,True,True,False,0.0,1014.025348791511,0.0,0.0,0.0,0.0,1014.025348791511
2025-12-27T19:30:00Z,2025-12-27T19:45:00Z,2025-12-27,2025-12-27_83,0.0,0,0,99,64.34768941881981,64.34768941881981,0.0,0.0,0.0,True,True,True,False,0.0,1014.025348791511,0.0,0.0,0.0,0.0,1014.025348791511
2025-12-27T19:45:00Z,2025-12-27T20:00:00Z,2025-12-27,2025-12-27_84,0.0,0,0,99,64.34768941881981,64.34768941881981,0.0,0.0,0.0,True,True,True,False,0.0,1014.025348791511,0.0,0.0,0.0,0.0,1014.025348791511
2025-12-27T20:00:00Z,2025-12-27T20:15:00Z,2025-12-27,2025-12-27_85,0.0,0,0,99,64.34768941881981,64.34768941881981,0.0,0.0,0.0,True,True,True,False,0.0,1014.025348791511,0.0,0.0,0.0,0.0,1014.025348791511
2025-12-27T20:15:00Z,2025-12-27T20:30:00Z,2025-12-27,2025-12-27_86,0.0,0,0,99,64.34768941881981,64.34768941881981,0.0,0.0,0.0,True,True,True,False,0.0,1014.025348791511,0.0,0.0,0.0,0.0,1014.025348791511
2025-12-27T20:30:00Z,2025-12-27T20:45:00Z,2025-12-27,2025-12-27_87,0.0,0,0,99,64.34768941881981,64.34768941881981,0.0,0.0,0.0,True,True,True,False,0.0,1014.025348791511,0.0,0.0,0.0,0.0,1014.025348791511
2025-12-27T20:45:00Z,2025-12-27T21:00:00Z,2025-12-27,2025-12-27_88,0.0,0,0,99,64.34768941881981,64.34768941881981,0.0,0.0,0.0,True,True,True,False,0.0,1014.025348791511,0.0,0.0,0.0,0.0,1014.025348791511
2025-12-27T21:00:00Z,2025-12-27T21:15:00Z,2025-12-27,2025-12-27_89,0.0,0,0,99,64.34768941881981,64.34768941881981,0.0,0.0,0.0,True,True,True,False,0.0,1014.025348791511,0.0,0.0,0.0,0.0,1014.025348791511
2025-12-27T21:15:00Z,2025-12-27T21:30:00Z,2025-12-27,2025-12-27_90,0.0,0,0,99,64.34768941881981,64.34768941881981,0.0,0.0,0.0,True,True,True,False,0.0,1014.025348791511,0.0,0.0,0.0,0.0,1014.025348791511
2025-12-27T21:30:00Z,2025-12-27T21:45:00Z,2025-12-27,2025-12-27_91,0.0,0,0,99,64.34768941881981,64.34768941881981,0.0,0.0,0.0,True,True,True,False,0.0,1014.025348791511,0.0,0.0,0.0,0.0,1014.025348791511
2025-12-27T21:45:00Z,2025-12-27T22:00:00Z,2025-12-27,2025-12-27_92,0.0,0,0,99,64.34768941881981,64.34768941881981,0.0,0.0,0.0,True,True,True,False,0.0,1014.025348791511,0.0,0.0,0.0,0.0,1014.025348791511
2025-12-27T22:00:00Z,2025-12-27T22:15:00Z,2025-12-28,2025-12-27_93,0.0,0,0,99,64.34768941881981,64.34768941881981,0.0,0.0,0.0,True,True,True,False,0.0,1014.025348791511,0.0,0.0,0.0,0.0,1014.025348791511
2025-12-27T22:15:00Z,2025-12-27T22:30:00Z,2025-12-28,2025-12-27_94,0.0,0,0,99,64.34768941881981,64.34768941881981,0.0,0.0,0.0,True,True,True,False,0.0,1014.025348791511,0.0,0.0,0.0,0.0,1014.025348791511
2025-12-27T22:30:00Z,2025-12-27T22:45:00Z,2025-12-28,2025-12-27_95,0.0,0,0,99,64.34768941881981,64.34768941881981,0.0,0.0,0.0,True,True,True,False,0.0,1014.025348791511,0.0,0.0,0.0,0.0,1014.025348791511
2025-12-27T22:45:00Z,2025-12-27T23:00:00Z,2025-12-28,2025-12-27_96,0.0,0,0,99,64.34768941881981,64.34768941881981,0.0,0.0,0.0,True,True,True,False,0.0,1014.025348791511,0.0,0.0,0.0,0.0,1014.025348791511
2025-12-27T23:00:00Z,2025-12-27T23:15:00Z,2025-12-28,2025-12-28_1,0.0,1,0,99,64.34768941881981,64.34768941881981,0.0,0.0,0.0,True,True,True,False,0.0,1014.025348791511,0.9762232265671054,0.0,0.0,0.0,1015.001572018078
2025-12-27T23:15:00Z,2025-12-27T23:30:00Z,2025-12-28,2025-12-28_2,0.0,1,0,99,64.34768941881981,64.34768941881981,0.0,0.0,0.0,True,True,True,False,0.0,1014.025348791511,0.9762232265671054,0.0,0.0,0.0,1015.001572018078
2025-12-27T23:30:00Z,2025-12-27T23:45:00Z,2025-12-28,2025-12-28_3,0.0,1,0,99,64.34768941881981,64.34768941881981,0.0,0.0,0.0,True,True,True,False,0.0,1014.025348791511,0.9762232265671054,0.0,0.0,0.0,1015.001572018078
2025-12-27T23:45:00Z,2025-12-28T00:00:00Z,2025-12-28,2025-12-28_4,0.0,1,0,99,64.34768941881981,64.34768941881981,0.0,0.0,0.0,True,True,True,False,0.0,1014.025348791511,0.9762232265671054,0.0,0.0,0.0,1015.001572018078
2025-12-28T00:00:00Z,2025-12-28T00:15:00Z,2025-12-28,2025-12-28_5,0.0,0,0,99,64.34768941881981,64.34768941881981,0.0,0.0,0.0,True,True,True,False,0.0,1014.025348791511,0.0,0.0,0.0,0.0,1014.025348791511
2025-12-28T00:15:00Z,2025-12-28T00:30:00Z,2025-12-28,2025-12-28_6,0.0,0,0,99,64.34768941881981,64.34768941881981,0.0,0.0,0.0,True,True,True,False,0.0,1014.025348791511,0.0,0.0,0.0,0.0,1014.025348791511
2025-12-28T00:30:00Z,2025-12-28T00:45:00Z,2025-12-28,2025-12-28_7,0.0,0,0,99,64.34768941881981,64.34768941881981,0.0,0.0,0.0,True,True,True,False,0.0,1014.025348791511,0.0,0.0,0.0,0.0,1014.025348791511
2025-12-28T00:45:00Z,2025-12-28T01:00:00Z,2025-12-28,2025-12-28_8,0.0,0,0,99,64.34768941881981,64.34768941881981,0.0,0.0,0.0,True,True,True,False,0.0,1014.025348791511,0.0,0.0,0.0,0.0,1014.025348791511
2025-12-28T01:00:00Z,2025-12-28T01:15:00Z,2025-12-28,2025-12-28_9,0.0,0,0,99,64.34768941881981,64.34768941881981,0.0,0.0,0.0,True,True,True,False,0.0,1014.025348791511,0.0,0.0,0.0,0.0,1014.025348791511
2025-12-28T01:15:00Z,2025-12-28T01:30:00Z,2025-12-28,2025-12-28_10,0.0,0,0,99,64.34768941881981,64.34768941881981,0.0,0.0,0.0,True,True,True,False,0.0,1014.025348791511,0.0,0.0,0.0,0.0,1014.025348791511
2025-12-28T01:30:00Z,2025-12-28T01:45:00Z,2025-12-28,2025-12-28_11,0.0,0,0,99,64.34768941881981,64.34768941881981,0.0,0.0,0.0,True,True,True,False,0.0,1014.025348791511,0.0,0.0,0.0,0.0,1014.025348791511
2025-12-28T01:45:00Z,2025-12-28T02:00:00Z,2025-12-28,2025-12-28_12,0.0,0,0,99,64.34768941881981,64.34768941881981,0.0,0.0,0.0,True,True,True,False,0.0,1014.025348791511,0.0,0.0,0.0,0.0,1014.025348791511
2025-12-28T02:00:00Z,2025-12-28T02:15:00Z,2025-12-28,2025-12-28_13,0.0,0,0,99,64.34768941881981,64.34768941881981,0.0,0.0,0.0,True,True,True,False,0.0,1014.025348791511,0.0,0.0,0.0,0.0,1014.025348791511
2025-12-28T02:15:00Z,2025-12-28T02:30:00Z,2025-12-28,2025-12-28_14,0.0,0,0,99,64.34768941881981,64.34768941881981,0.0,0.0,0.0,True,True,True,False,0.0,1014.025348791511,0.0,0.0,0.0,0.0,1014.025348791511
2025-12-28T02:30:00Z,2025-12-28T02:45:00Z,2025-12-28,2025-12-28_15,0.0,0,0,99,64.34768941881981,64.34768941881981,0.0,0.0,0.0,True,True,True,False,0.0,1014.025348791511,0.0,0.0,0.0,0.0,1014.025348791511
2025-12-28T02:45:00Z,2025-12-28T03:00:00Z,2025-12-28,2025-12-28_16,0.0,0,0,99,64.34768941881981,64.34768941881981,0.0,0.0,0.0,True,True,True,False,0.0,1014.025348791511,0.0,0.0,0.0,0.0,1014.025348791511
2025-12-28T03:00:00Z,2025-12-28T03:15:00Z,2025-12-28,2025-12-28_17,0.0,0,1,99,64.34768941881981,64.34768941881981,0.0,0.0,0.0,True,True,True,False,0.0,1014.025348791511,0.0,0.2136962075063863,0.0,0.0,1014.2390449990173
2025-12-28T03:15:00Z,2025-12-28T03:30:00Z,2025-12-28,2025-12-28_18,0.0,0,1,99,64.34768941881981,64.34768941881981,0.0,0.0,0.0,True,True,True,False,0.0,1014.025348791511,0.0,0.2136962075063863,0.0,0.0,1014.2390449990173
2025-12-28T03:30:00Z,2025-12-28T03:45:00Z,2025-12-28,2025-12-28_19,0.0,0,1,99,64.34768941881981,64.34768941881981,0.0,0.0,0.0,True,True,True,False,0.0,1014.025348791511,0.0,0.2136962075063863,0.0,0.0,1014.2390449990173
2025-12-28T03:45:00Z,2025-12-28T04:00:00Z,2025-12-28,2025-12-28_20,0.0,0,1,99,64.34768941881981,64.34768941881981,0.0,0.0,0.0,True,True,True,False,0.0,1014.025348791511,0.0,0.2136962075063863,0.0,0.0,1014.2390449990173
2025-12-28T04:00:00Z,2025-12-28T04:15:00Z,2025-12-28,2025-12-28_21,0.0,0,0,99,64.34768941881981,64.34768941881981,0.0,0.0,0.0,True,True,True,False,0.0,1014.025348791511,0.0,0.0,0.0,0.0,1014.025348791511
2025-12-28T04:15:00Z,2025-12-28T04:30:00Z,2025-12-28,2025-12-28_22,0.0,0,0,99,64.34768941881981,64.34768941881981,0.0,0.0,0.0,True,True,True,False,0.0,1014.025348791511,0.0,0.0,0.0,0.0,1014.025348791511
2025-12-28T04:30:00Z,2025-12-28T04:45:00Z,2025-12-28,2025-12-28_23,0.0,0,0,99,64.34768941881981,64.34768941881981,0.0,0.0,0.0,True,True,True,False,0.0,1014.025348791511,0.0,0.0,0.0,0.0,1014.025348791511
2025-12-28T04:45:00Z,2025-12-28T05:00:00Z,2025-12-28,2025-12-28_24,0.0,0,0,99,64.34768941881981,64.34768941881981,0.0,0.0,0.0,True,True,True,False,0.0,1014.025348791511,0.0,0.0,0.0,0.0,1014.025348791511
2025-12-28T05:00:00Z,2025-12-28T05:15:00Z,2025-12-28,2025-12-28_25,0.0,0,0,99,64.34768941881981,64.34768941881981,0.0,0.0,0.0,True,False,True,False,0.0,1014.025348791511,0.0,0.0,0.0,0.0,1014.025348791511
2025-12-28T05:15:00Z,2025-12-28T05:30:00Z,2025-12-28,2025-12-28_26,0.0,0,0,99,64.34768941881981,64.34768941881981,0.0,0.0,0.0,True,False,True,False,0.0,1014.025348791511,0.0,0.0,0.0,0.0,1014.025348791511
2025-12-28T05:30:00Z,2025-12-28T05:45:00Z,2025-12-28,2025-12-28_27,0.0,0,0,99,64.34768941881981,64.34768941881981,0.0,0.0,0.0,True,False,True,False,0.0,1014.025348791511,0.0,0.0,0.0,0.0,1014.025348791511
2025-12-28T05:45:00Z,2025-12-28T06:00:00Z,2025-12-28,2025-12-28_28,0.0,0,0,99,64.34768941881981,64.34768941881981,0.0,0.0,0.0,True,False,True,False,0.0,1014.025348791511,0.0,0.0,0.0,0.0,1014.025348791511
2025-12-28T06:00:00Z,2025-12-28T06:15:00Z,2025-12-28,2025-12-28_29,0.0,0,0,99,64.34768941881981,64.34768941881981,0.0,0.0,0.0,True,True,True,False,0.0,1014.025348791511,0.0,0.0,0.0,0.0,1014.025348791511
2025-12-28T06:15:00Z,2025-12-28T06:30:00Z,2025-12-28,2025-12-28_30,0.0,0,0,99,64.34768941881981,64.34768941881981,0.0,0.0,0.0,True,True,True,False,0.0,1014.025348791511,0.0,0.0,0.0,0.0,1014.025348791511
2025-12-28T06:30:00Z,2025-12-28T06:45:00Z,2025-12-28,2025-12-28_31,0.0,0,0,99,64.34768941881981,64.34768941881981,0.0,0.0,0.0,True,True,True,False,0.0,1014.025348791511,0.0,0.0,0.0,0.0,1014.025348791511
2025-12-28T06:45:00Z,2025-12-28T07:00:00Z,2025-12-28,2025-12-28_32,0.0,0,0,99,64.34768941881981,64.34768941881981,0.0,0.0,0.0,True,True,True,False,0.0,1014.025348791511,0.0,0.0,0.0,0.0,1014.025348791511
2025-12-28T07:00:00Z,2025-12-28T07:15:00Z,2025-12-28,2025-12-28_33,0.0,0,0,99,64.34768941881981,64.34768941881981,0.0,0.0,0.0,True,True,True,False,0.0,1014.025348791511,0.0,0.0,0.0,0.0,1014.025348791511
2025-12-28T07:15:00Z,2025-12-28T07:30:00Z,2025-12-28,2025-12-28_34,0.0,0,0,99,64.34768941881981,64.34768941881981,0.0,0.0,0.0,True,True,True,False,0.0,1014.025348791511,0.0,0.0,0.0,0.0,1014.025348791511
2025-12-28T07:30:00Z,2025-12-28T07:45:00Z,2025-12-28,2025-12-28_35,0.0,0,0,99,64.34768941881981,64.34768941881981,0.0,0.0,0.0,True,True,True,False,0.0,1014.025348791511,0.0,0.0,0.0,0.0,1014.025348791511
2025-12-28T07:45:00Z,2025-12-28T08:00:00Z,2025-12-28,2025-12-28_36,0.0,0,0,99,64.34768941881981,64.34768941881981,0.0,0.0,0.0,True,True,True,False,0.0,1014.025348791511,0.0,0.0,0.0,0.0,1014.025348791511
2025-12-28T08:00:00Z,2025-12-28T08:15:00Z,2025-12-28,2025-12-28_37,0.0,0,0,99,64.34768941881981,64.34768941881981,0.0,0.0,0.0,True,True,True,False,0.0,1014.025348791511,0.0,0.0,0.0,0.0,1014.025348791511
2025-12-28T08:15:00Z,2025-12-28T08:30:00Z,2025-12-28,2025-12-28_38,0.0,0,0,99,64.34768941881981,64.34768941881981,0.0,0.0,0.0,True,True,True,False,0.0,1014.025348791511,0.0,0.0,0.0,0.0,1014.025348791511
2025-12-28T08:30:00Z,2025-12-28T08:45:00Z,2025-12-28,2025-12-28_39,0.0,0,0,99,64.34768941881981,64.34768941881981,0.0,0.0,0.0,True,True,True,False,0.0,1014.025348791511,0.0,0.0,0.0,0.0,1014.025348791511
2025-12-28T08:45:00Z,2025-12-28T09:00:00Z,2025-12-28,2025-12-28_40,0.0,0,0,99,64.34768941881981,64.34768941881981,0.0,0.0,0.0,True,True,True,False,0.0,1014.025348791511,0.0,0.0,0.0,0.0,1014.025348791511
2025-12-28T09:00:00Z,2025-12-28T09:15:00Z,2025-12-28,2025-12-28_41,0.0,0,0,99,64.34768941881981,64.34768941881981,0.0,0.0,0.0,True,True,True,False,0.0,1014.025348791511,0.0,0.0,0.0,0.0,1014.025348791511
2025-12-28T09:15:00Z,2025-12-28T09:30:00Z,2025-12-28,2025-12-28_42,0.0,0,0,99,64.34768941881981,64.34768941881981,0.0,0.0,0.0,True,True,True,False,0.0,1014.025348791511,0.0,0.0,0.0,0.0,1014.025348791511
2025-12-28T09:30:00Z,2025-12-28T09:45:00Z,2025-12-28,2025-12-28_43,0.0,0,0,99,64.34768941881981,64.34768941881981,0.0,0.0,0.0,True,True,True,False,0.0,1014.025348791511,0.0,0.0,0.0,0.0,1014.025348791511
2025-12-28T09:45:00Z,2025-12-28T10:00:00Z,2025-12-28,2025-12-28_44,0.0,0,0,99,64.34768941881981,64.34768941881981,0.0,0.0,0.0,True,True,True,False,0.0,1014.025348791511,0.0,0.0,0.0,0.0,1014.025348791511
2025-12-28T10:00:00Z,2025-12-28T10:15:00Z,2025-12-28,2025-12-28_45,0.0,0,0,99,64.34768941881981,64.34768941881981,0.0,0.0,0.0,True,True,True,False,0.0,1014.025348791511,0.0,0.0,0.0,0.0,1014.025348791511
2025-12-28T10:15:00Z,2025-12-28T10:30:00Z,2025-12-28,2025-12-28_46,0.0,0,0,99,64.34768941881981,64.34768941881981,0.0,0.0,0.0,True,True,True,False,0.0,1014.025348791511,0.0,0.0,0.0,0.0,1014.025348791511
2025-12-28T10:30:00Z,2025-12-28T10:45:00Z,2025-12-28,2025-12-28_47,0.0,0,0,99,64.34768941881981,64.34768941881981,0.0,0.0,0.0,True,True,True,False,0.0,1014.025348791511,0.0,0.0,0.0,0.0,1014.025348791511
2025-12-28T10:45:00Z,2025-12-28T11:00:00Z,2025-12-28,2025-12-28_48,0.0,0,0,99,64.34768941881981,64.34768941881981,0.0,0.0,0.0,True,True,True,False,0.0,1014.025348791511,0.0,0.0,0.0,0.0,1014.025348791511
2025-12-28T11:00:00Z,2025-12-28T11:15:00Z,2025-12-28,2025-12-28_49,0.0,0,0,99,64.34768941881981,64.34768941881981,0.0,0.0,0.0,True,True,True,False,0.0,1014.025348791511,0.0,0.0,0.0,0.0,1014.025348791511
2025-12-28T11:15:00Z,2025-12-28T11:30:00Z,2025-12-28,2025-12-28_50,0.0,0,0,99,64.34768941881981,64.34768941881981,0.0,0.0,0.0,True,True,True,False,0.0,1014.025348791511,0.0,0.0,0.0,0.0,1014.025348791511
2025-12-28T11:30:00Z,2025-12-28T11:45:00Z,2025-12-28,2025-12-28_51,0.0,0,0,99,64.34768941881981,64.34768941881981,0.0,0.0,0.0,True,True,True,False,0.0,1014.025348791511,0.0,0.0,0.0,0.0,1014.025348791511
2025-12-28T11:45:00Z,2025-12-28T12:00:00Z,2025-12-28,2025-12-28_52,0.0,0,0,99,64.34768941881981,64.34768941881981,0.0,0.0,0.0,True,True,True,False,0.0,1014.025348791511,0.0,0.0,0.0,0.0,1014.025348791511
2025-12-28T12:00:00Z,2025-12-28T12:15:00Z,2025-12-28,2025-12-28_53,0.0,0,0,99,64.34768941881981,64.34768941881981,0.0,0.0,0.0,True,True,True,False,0.0,1014.025348791511,0.0,0.0,0.0,0.0,1014.025348791511
2025-12-28T12:15:00Z,2025-12-28T12:30:00Z,2025-12-28,2025-12-28_54,0.0,0,0,99,64.34768941881981,64.34768941881981,0.0,0.0,0.0,True,True,True,False,0.0,1014.025348791511,0.0,0.0,0.0,0.0,1014.025348791511
2025-12-28T12:30:00Z,2025-12-28T12:45:00Z,2025-12-28,2025-12-28_55,0.0,0,0,99,64.34768941881981,64.34768941881981,0.0,0.0,0.0,True,True,True,False,0.0,1014.025348791511,0.0,0.0,0.0,0.0,1014.025348791511
2025-12-28T12:45:00Z,2025-12-28T13:00:00Z,2025-12-28,2025-12-28_56,0.0,0,0,99,64.34768941881981,64.34768941881981,0.0,0.0,0.0,True,True,True,False,0.0,1014.025348791511,0.0,0.0,0.0,0.0,1014.025348791511
2025-12-28T13:00:00Z,2025-12-28T13:15:00Z,2025-12-28,2025-12-28_57,0.0,0,0,99,64.34768941881981,64.34768941881981,0.0,0.0,0.0,True,False,True,False,0.0,1014.025348791511,0.0,0.0,0.0,0.0,1014.025348791511
2025-12-28T13:15:00Z,2025-12-28T13:30:00Z,2025-12-28,2025-12-28_58,0.0,0,0,99,64.34768941881981,64.34768941881981,0.0,0.0,0.0,True,False,True,False,0.0,1014.025348791511,0.0,0.0,0.0,0.0,1014.025348791511
2025-12-28T13:30:00Z,2025-12-28T13:45:00Z,2025-12-28,2025-12-28_59,0.0,0,0,99,64.34768941881981,64.34768941881981,0.0,0.0,0.0,True,False,True,False,0.0,1014.025348791511,0.0,0.0,0.0,0.0,1014.025348791511
2025-12-28T13:45:00Z,2025-12-28T14:00:00Z,2025-12-28,2025-12-28_60,0.0,0,0,99,64.34768941881981,64.34768941881981,0.0,0.0,0.0,True,False,True,False,0.0,1014.025348791511,0.0,0.0,0.0,0.0,1014.025348791511
2025-12-28T14:00:00Z,2025-12-28T14:15:00Z,2025-12-28,2025-12-28_61,0.0,0,0,99,64.34768941881981,64.34768941881981,0.0,0.0,0.0,True,False,True,False,0.0,1014.025348791511,0.0,0.0,0.0,0.0,1014.025348791511
2025-12-28T14:15:00Z,2025-12-28T14:30:00Z,2025-12-28,2025-12-28_62,0.0,0,0,99,64.34768941881981,64.34768941881981,0.0,0.0,0.0,True,False,True,False,0.0,1014.025348791511,0.0,0.0,0.0,0.0,1014.025348791511
2025-12-28T14:30:00Z,2025-12-28T14:45:00Z,2025-12-28,2025-12-28_63,0.0,0,0,99,64.34768941881981,64.34768941881981,0.0,0.0,0.0,True,False,True,False,0.0,1014.025348791511,0.0,0.0,0.0,0.0,1014.025348791511
2025-12-28T14:45:00Z,2025-12-28T15:00:00Z,2025-12-28,2025-12-28_64,0.0,0,0,99,64.34768941881981,64.34768941881981,0.0,0.0,0.0,True,False,True,False,0.0,1014.025348791511,0.0,0.0,0.0,0.0,1014.025348791511
2025-12-28T15:00:00Z,2025-12-28T15:15:00Z,2025-12-28,2025-12-28_65,0.0,0,0,99,64.34768941881981,64.34768941881981,0.0,0.0,0.0,True,True,True,False,0.0,1014.025348791511,0.0,0.0,0.0,0.0,1014.025348791511
2025-12-28T15:15:00Z,2025-12-28T15:30:00Z,2025-12-28,2025-12-28_66,0.0,0,0,99,64.34768941881981,64.34768941881981,0.0,0.0,0.0,True,True,True,False,0.0,1014.025348791511,0.0,0.0,0.0,0.0,1014.025348791511
2025-12-28T15:30:00Z,2025-12-28T15:45:00Z,2025-12-28,2025-12-28_67,0.0,0,0,99,64.34768941881981,64.34768941881981,0.0,0.0,0.0,True,True,True,False,0.0,1014.025348791511,0.0,0.0,0.0,0.0,1014.025348791511
2025-12-28T15:45:00Z,2025-12-28T16:00:00Z,2025-12-28,2025-12-28_68,0.0,0,0,99,64.34768941881981,64.34768941881981,0.0,0.0,0.0,True,True,True,False,0.0,1014.025348791511,0.0,0.0,0.0,0.0,1014.025348791511
2025-12-28T16:00:00Z,2025-12-28T16:15:00Z,2025-12-28,2025-12-28_69,0.0,0,0,99,64.34768941881981,64.34768941881981,0.0,0.0,0.0,True,True,True,False,0.0,1014.025348791511,0.0,0.0,0.0,0.0,1014.025348791511
2025-12-28T16:15:00Z,2025-12-28T16:30:00Z,2025-12-28,2025-12-28_70,0.0,0,0,99,64.34768941881981,64.34768941881981,0.0,0.0,0.0,True,True,True,False,0.0,1014.025348791511,0.0,0.0,0.0,0.0,1014.025348791511
2025-12-28T16:30:00Z,2025-12-28T16:45:00Z,2025-12-28,2025-12-28_71,0.0,0,0,99,64.34768941881981,64.34768941881981,0.0,0.0,0.0,True,True,True,False,0.0,1014.025348791511,0.0,0.0,0.0,0.0,1014.025348791511
2025-12-28T16:45:00Z,2025-12-28T17:00:00Z,2025-12-28,2025-12-28_72,0.0,0,0,99,64.34768941881981,64.34768941881981,0.0,0.0,0.0,True,True,True,False,0.0,1014.025348791511,0.0,0.0,0.0,0.0,1014.025348791511
2025-12-28T17:00:00Z,2025-12-28T17:15:00Z,2025-12-28,2025-12-28_73,0.0,0,0,99,64.34768941881981,64.34768941881981,0.0,0.0,0.0,True,True,True,False,0.0,1014.025348791511,0.0,0.0,0.0,0.0,1014.025348791511
2025-12-28T17:15:00Z,2025-12-28T17:30:00Z,2025-12-28,2025-12-28_74,0.0,0,0,99,64.34768941881981,64.34768941881981,0.0,0.0,0.0,True,True,True,False,0.0,1014.025348791511,0.0,0.0,0.0,0.0,1014.025348791511
2025-12-28T17:30:00Z,2025-12-28T17:45:00Z,2025-12-28,2025-12-28_75,0.0,0,0,99,64.34768941881981,64.34768941881981,0.0,0.0,0.0,True,True,True,False,0.0,1014.025348791511,0.0,0.0,0.0,0.0,1014.025348791511
2025-12-28T17:45:00Z,2025-12-28T18:00:00Z,2025-12-28,2025-12-28_76,0.0,0,0,99,64.34768941881981,64.34768941881981,0.0,0.0,0.0,True,True,True,False,0.0,1014.025348791511,0.0,0.0,0.0,0.0,1014.025348791511
2025-12-28T18:00:00Z,2025-12-28T18:15:00Z,2025-12-28,2025-12-28_77,0.0,0,0,99,64.34768941881981,64.34768941881981,0.0,0.0,0.0,True,True,True,False,0.0,1014.025348791511,0.0,0.0,0.0,0.0,1014.025348791511
2025-12-28T18:15:00Z,2025-12-28T18:30:00Z,2025-12-28,2025-12-28_78,0.0,0,0,99,64.34768941881981,64.34768941881981,0.0,0.0,0.0,True,True,True,False,0.0,1014.025348791511,0.0,0.0,0.0,0.0,1014.025348791511
2025-12-28T18:30:00Z,2025-12-28T18:45:00Z,2025-12-28,2025-12-28_79,0.0,0,0,99,64.34768941881981,64.34768941881981,0.0,0.0,0.0,True,True,True,False,0.0,1014.025348791511,0.0,0.0,0.0,0.0,1014.025348791511
2025-12-28T18:45:00Z,2025-12-28T19:00:00Z,2025-12-28,2025-12-28_80,0.0,0,0,99,64.34768941881981,64.34768941881981,0.0,0.0,0.0,True,True,True,False,0.0,1014.025348791511,0.0,0.0,0.0,0.0,1014.025348791511
2025-12-28T19:00:00Z,2025-12-28T19:15:00Z,2025-12-28,2025-12-28_81,0.0,0,0,99,64.34768941881981,64.34768941881981,0.0,0.0,0.0,True,True,True,False,0.0,1014.025348791511,0.0,0.0,0.0,0.0,1014.025348791511
2025-12-28T19:15:00Z,2025-12-28T19:30:00Z,2025-12-28,2025-12-28_82,0.0,0,0,99,64.34768941881981,64.34768941881981,0.0,0.0,0.0,True,True,True,False,0.0,1014.025348791511,0.0,0.0,0.0,0.0,1014.025348791511
2025-12-28T19:30:00Z,2025-12-28T19:45:00Z,2025-12-28,2025-12-28_83,0.0,0,0,99,64.34768941881981,64.34768941881981,0.0,0.0,0.0,True,True,True,False,0.0,1014.025348791511,0.0,0.0,0.0,0.0,1014.025348791511
2025-12-28T19:45:00Z,2025-12-28T20:00:00Z,2025-12-28,2025-12-28_84,0.0,0,0,99,64.34768941881981,64.34768941881981,0.0,0.0,0.0,True,True,True,False,0.0,1014.025348791511,0.0,0.0,0.0,0.0,1014.025348791511
2025-12-28T20:00:00Z,2025-12-28T20:15:00Z,2025-12-28,2025-12-28_85,0.0,0,0,99,64.34768941881981,64.34768941881981,0.0,0.0,0.0,True,True,True,False,0.0,1014.025348791511,0.0,0.0,0.0,0.0,1014.025348791511
2025-12-28T20:15:00Z,2025-12-28T20:30:00Z,2025-12-28,2025-12-28_86,0.0,0,0,99,64.34768941881981,64.34768941881981,0.0,0.0,0.0,True,True,True,False,0.0,1014.025348791511,0.0,0.0,0.0,0.0,1014.025348791511
2025-12-28T20:30:00Z,2025-12-28T20:45:00Z,2025-12-28,2025-12-28_87,0.0,0,0,99,64.34768941881981,64.34768941881981,0.0,0.0,0.0,True,True,True,False,0.0,1014.025348791511,0.0,0.0,0.0,0.0,1014.025348791511
2025-12-28T20:45:00Z,2025-12-28T21:00:00Z,2025-12-28,2025-12-28_88,0.0,0,0,99,64.34768941881981,64.34768941881981,0.0,0.0,0.0,True,True,True,False,0.0,1014.025348791511,0.0,0.0,0.0,0.0,1014.025348791511
2025-12-28T21:00:00Z,2025-12-28T21:15:00Z,2025-12-28,2025-12-28_89,0.0,0,0,99,64.34768941881981,64.34768941881981,0.0,0.0,0.0,True,True,True,False,0.0,1014.025348791511,0.0,0.0,0.0,0.0,1014.025348791511
2025-12-28T21:15:00Z,2025-12-28T21:30:00Z,2025-12-28,2025-12-28_90,0.0,0,0,99,64.34768941881981,64.34768941881981,0.0,0.0,0.0,True,True,True,False,0.0,1014.025348791511,0.0,0.0,0.0,0.0,1014.025348791511
2025-12-28T21:30:00Z,2025-12-28T21:45:00Z,2025-12-28,2025-12-28_91,0.0,0,0,99,64.34768941881981,64.34768941881981,0.0,0.0,0.0,True,True,True,False,0.0,1014.025348791511,0.0,0.0,0.0,0.0,1014.025348791511
2025-12-28T21:45:00Z,2025-12-28T22:00:00Z,2025-12-28,2025-12-28_92,0.0,0,0,99,64.34768941881981,64.34768941881981,0.0,0.0,0.0,True,True,True,False,0.0,1014.025348791511,0.0,0.0,0.0,0.0,1014.025348791511
2025-12-28T22:00:00Z,2025-12-28T22:15:00Z,2025-12-29,2025-12-28_93,0.0,0,0,99,64.34768941881981,64.34768941881981,0.0,0.0,0.0,True,True,True,False,0.0,1014.025348791511,0.0,0.0,0.0,0.0,1014.025348791511
2025-12-28T22:15:00Z,2025-12-28T22:30:00Z,2025-12-29,2025-12-28_94,0.0,0,0,99,64.34768941881981,64.34768941881981,0.0,0.0,0.0,True,True,True,False,0.0,1014.025348791511,0.0,0.0,0.0,0.0,1014.025348791511
2025-12-28T22:30:00Z,2025-12-28T22:45:00Z,2025-12-29,2025-12-28_95,0.0,0,0,99,64.34768941881981,64.34768941881981,0.0,0.0,0.0,True,True,True,False,0.0,1014.025348791511,0.0,0.0,0.0,0.0,1014.025348791511
2025-12-28T22:45:00Z,2025-12-28T23:00:00Z,2025-12-29,2025-12-28_96,0.0,0,0,99,64.34768941881981,64.34768941881981,0.0,0.0,0.0,True,True,True,False,0.0,1014.025348791511,0.0,0.0,0.0,0.0,1014.025348791511
2025-12-28T23:00:00Z,2025-12-28T23:15:00Z,2025-12-29,2025-12-29_1,0.0,0,0,99,64.34768941881981,64.34768941881981,0.0,0.0,0.0,True,True,True,False,0.0,1014.025348791511,0.0,0.0,0.0,0.0,1014.025348791511
2025-12-28T23:15:00Z,2025-12-28T23:30:00Z,2025-12-29,2025-12-29_2,0.0,0,0,99,64.34768941881981,64.34768941881981,0.0,0.0,0.0,True,True,True,False,0.0,1014.025348791511,0.0,0.0,0.0,0.0,1014.025348791511
2025-12-28T23:30:00Z,2025-12-28T23:45:00Z,2025-12-29,2025-12-29_3,0.0,0,0,99,64.34768941881981,64.34768941881981,0.0,0.0,0.0,True,True,True,False,0.0,1014.025348791511,0.0,0.0,0.0,0.0,1014.025348791511
2025-12-28T23:45:00Z,2025-12-29T00:00:00Z,2025-12-29,2025-12-29_4,0.0,0,0,99,64.34768941881981,64.34768941881981,0.0,0.0,0.0,True,True,True,False,0.0,1014.025348791511,0.0,0.0,0.0,0.0,1014.025348791511
2025-12-29T00:00:00Z,2025-12-29T00:15:00Z,2025-12-29,2025-12-29_5,0.0,0,0,99,64.34768941881981,64.34768941881981,0.0,0.0,0.0,True,True,True,False,0.0,1014.025348791511,0.0,0.0,0.0,0.0,1014.025348791511
2025-12-29T00:15:00Z,2025-12-29T00:30:00Z,2025-12-29,2025-12-29_6,0.0,0,0,99,64.34768941881981,64.34768941881981,0.0,0.0,0.0,True,True,True,False,0.0,1014.025348791511,0.0,0.0,0.0,0.0,1014.025348791511
2025-12-29T00:30:00Z,2025-12-29T00:45:00Z,2025-12-29,2025-12-29_7,0.0,0,0,99,64.34768941881981,64.34768941881981,0.0,0.0,0.0,True,True,True,False,0.0,1014.025348791511,0.0,0.0,0.0,0.0,1014.025348791511
2025-12-29T00:45:00Z,2025-12-29T01:00:00Z,2025-12-29,2025-12-29_8,0.0,0,0,99,64.34768941881981,64.34768941881981,0.0,0.0,0.0,True,True,True,False,0.0,1014.025348791511,0.0,0.0,0.0,0.0,1014.025348791511
2025-12-29T01:00:00Z,2025-12-29T01:15:00Z,2025-12-29,2025-12-29_9,0.0,0,0,99,64.34768941881981,64.34768941881981,0.0,0.0,0.0,True,True,True,False,0.0,1014.025348791511,0.0,0.0,0.0,0.0,1014.025348791511
2025-12-29T01:15:00Z,2025-12-29T01:30:00Z,2025-12-29,2025-12-29_10,0.0,0,0,99,64.34768941881981,64.34768941881981,0.0,0.0,0.0,True,True,True,False,0.0,1014.025348791511,0.0,0.0,0.0,0.0,1014.025348791511
2025-12-29T01:30:00Z,2025-12-29T01:45:00Z,2025-12-29,2025-12-29_11,0.0,0,0,99,64.34768941881981,64.34768941881981,0.0,0.0,0.0,True,True,True,False,0.0,1014.025348791511,0.0,0.0,0.0,0.0,1014.025348791511
2025-12-29T01:45:00Z,2025-12-29T02:00:00Z,2025-12-29,2025-12-29_12,0.0,0,0,99,64.34768941881981,64.34768941881981,0.0,0.0,0.0,True,True,True,False,0.0,1014.025348791511,0.0,0.0,0.0,0.0,1014.025348791511
2025-12-29T02:00:00Z,2025-12-29T02:15:00Z,2025-12-29,2025-12-29_13,0.0,1,0,99,64.34768941881981,64.34768941881981,0.0,0.0,0.0,True,True,True,False,0.0,1014.025348791511,0.9762232265671054,0.0,0.0,0.0,1015.001572018078
2025-12-29T02:15:00Z,2025-12-29T02:30:00Z,2025-12-29,2025-12-29_14,0.0,1,0,99,64.34768941881981,64.34768941881981,0.0,0.0,0.0,True,True,True,False,0.0,1014.025348791511,0.9762232265671054,0.0,0.0,0.0,1015.001572018078
2025-12-29T02:30:00Z,2025-12-29T02:45:00Z,2025-12-29,2025-12-29_15,0.0,1,0,99,64.34768941881981,64.34768941881981,0.0,0.0,0.0,True,True,True,False,0.0,1014.025348791511,0.9762232265671054,0.0,0.0,0.0,1015.001572018078
2025-12-29T02:45:00Z,2025-12-29T03:00:00Z,2025-12-29,2025-12-29_16,0.0,1,0,99,64.34768941881981,64.34768941881981,0.0,0.0,0.0,True,True,True,False,0.0,1014.025348791511,0.9762232265671054,0.0,0.0,0.0,1015.001572018078
2025-12-29T03:00:00Z,2025-12-29T03:15:00Z,2025-12-29,2025-12-29_17,0.0,0,0,99,64.34768941881981,64.34768941881981,0.0,0.0,0.0,True,True,True,False,0.0,1014.025348791511,0.0,0.0,0.0,0.0,1014.025348791511
2025-12-29T03:15:00Z,2025-12-29T03:30:00Z,2025-12-29,2025-12-29_18,0.0,0,0,99,64.34768941881981,64.34768941881981,0.0,0.0,0.0,True,True,True,False,0.0,1014.025348791511,0.0,0.0,0.0,0.0,1014.025348791511
2025-12-29T03:30:00Z,2025-12-29T03:45:00Z,2025-12-29,2025-12-29_19,0.0,0,0,99,64.34768941881981,64.34768941881981,0.0,0.0,0.0,True,True,True,False,0.0,1014.025348791511,0.0,0.0,0.0,0.0,1014.025348791511
2025-12-29T03:45:00Z,2025-12-29T04:00:00Z,2025-12-29,2025-12-29_20,0.0,0,0,99,64.34768941881981,64.34768941881981,0.0,0.0,0.0,True,True,True,False,0.0,1014.025348791511,0.0,0.0,0.0,0.0,1014.025348791511
2025-12-29T04:00:00Z,2025-12-29T04:15:00Z,2025-12-29,2025-12-29_21,0.0,1,0,99,64.34768941881981,64.34768941881981,0.0,0.0,0.0,True,True,True,False,0.0,1014.025348791511,0.9762232265671054,0.0,0.0,0.0,1015.001572018078
2025-12-29T04:15:00Z,2025-12-29T04:30:00Z,2025-12-29,2025-12-29_22,0.0,1,0,99,64.34768941881981,64.34768941881981,0.0,0.0,0.0,True,True,True,False,0.0,1014.025348791511,0.9762232265671054,0.0,0.0,0.0,1015.001572018078
2025-12-29T04:30:00Z,2025-12-29T04:45:00Z,2025-12-29,2025-12-29_23,0.0,1,0,99,64.34768941881981,64.34768941881981,0.0,0.0,0.0,True,True,True,False,0.0,1014.025348791511,0.9762232265671054,0.0,0.0,0.0,1015.001572018078
2025-12-29T04:45:00Z,2025-12-29T05:00:00Z,2025-12-29,2025-12-29_24,0.0,1,0,99,64.34768941881981,64.34768941881981,0.0,0.0,0.0,True,True,True,False,0.0,1014.025348791511,0.9762232265671054,0.0,0.0,0.0,1015.001572018078
2025-12-29T05:00:00Z,2025-12-29T05:15:00Z,2025-12-29,2025-12-29_25,0.0,0,0,99,64.34768941881981,64.34768941881981,0.0,0.0,0.0,True,True,True,False,0.0,1014.025348791511,0.0,0.0,0.0,0.0,1014.025348791511
2025-12-29T05:15:00Z,2025-12-29T05:30:00Z,2025-12-29,2025-12-29_26,0.0,0,0,99,64.34768941881981,64.34768941881981,0.0,0.0,0.0,True,True,True,False,0.0,1014.025348791511,0.0,0.0,0.0,0.0,1014.025348791511
2025-12-29T05:30:00Z,2025-12-29T05:45:00Z,2025-12-29,2025-12-29_27,0.0,0,0,99,64.34768941881981,64.34768941881981,0.0,0.0,0.0,True,True,True,False,0.0,1014.025348791511,0.0,0.0,0.0,0.0,1014.025348791511
2025-12-29T05:45:00Z,2025-12-29T06:00:00Z,2025-12-29,2025-12-29_28,0.0,0,0,99,64.34768941881981,64.34768941881981,0.0,0.0,0.0,True,True,True,False,0.0,1014.025348791511,0.0,0.0,0.0,0.0,1014.025348791511
2025-12-29T06:00:00Z,2025-12-29T06:15:00Z,2025-12-29,2025-12-29_29,0.0,0,0,99,64.34768941881981,64.34768941881981,0.0,0.0,0.0,True,True,True,False,0.0,1014.025348791511,0.0,0.0,0.0,0.0,1014.025348791511
2025-12-29T06:15:00Z,2025-12-29T06:30:00Z,2025-12-29,2025-12-29_30,0.0,0,0,99,64.34768941881981,64.34768941881981,0.0,0.0,0.0,True,True,True,False,0.0,1014.025348791511,0.0,0.0,0.0,0.0,1014.025348791511
2025-12-29T06:30:00Z,2025-12-29T06:45:00Z,2025-12-29,2025-12-29_31,0.0,0,0,99,64.34768941881981,64.34768941881981,0.0,0.0,0.0,True,True,True,False,0.0,1014.025348791511,0.0,0.0,0.0,0.0,1014.025348791511
2025-12-29T06:45:00Z,2025-12-29T07:00:00Z,2025-12-29,2025-12-29_32,0.0,0,0,99,64.34768941881981,64.34768941881981,0.0,0.0,0.0,True,True,True,False,0.0,1014.025348791511,0.0,0.0,0.0,0.0,1014.025348791511
2025-12-29T07:00:00Z,2025-12-29T07:15:00Z,2025-12-29,2025-12-29_33,0.0,0,0,99,64.34768941881981,64.34768941881981,0.0,0.0,0.0,True,True,True,False,0.0,1014.025348791511,0.0,0.0,0.0,0.0,1014.025348791511
2025-12-29T07:15:00Z,2025-12-29T07:30:00Z,2025-12-29,2025-12-29_34,0.0,0,0,99,64.34768941881981,64.34768941881981,0.0,0.0,0.0,True,True,True,False,0.0,1014.025348791511,0.0,0.0,0.0,0.0,1014.025348791511
2025-12-29T07:30:00Z,2025-12-29T07:45:00Z,2025-12-29,2025-12-29_35,0.0,0,0,99,64.34768941881981,64.34768941881981,0.0,0.0,0.0,True,True,True,False,0.0,1014.025348791511,0.0,0.0,0.0,0.0,1014.025348791511
2025-12-29T07:45:00Z,2025-12-29T08:00:00Z,2025-12-29,2025-12-29_36,0.0,0,0,99,64.34768941881981,64.34768941881981,0.0,0.0,0.0,True,True,True,False,0.0,1014.025348791511,0.0,0.0,0.0,0.0,1014.025348791511
2025-12-29T08:00:00Z,2025-12-29T08:15:00Z,2025-12-29,2025-12-29_37,0.0,1,0,99,64.34768941881981,64.34768941881981,0.0,0.0,0.0,True,True,True,False,0.0,1014.025348791511,1.0166044409510708,0.0,0.0,0.0,1015.041953232462
2025-12-29T08:15:00Z,2025-12-29T08:30:00Z,2025-12-29,2025-12-29_38,0.0,1,0,99,64.34768941881981,64.34768941881981,0.0,0.0,0.0,True,True,True,False,0.0,1014.025348791511,1.0166044409510708,0.0,0.0,0.0,1015.041953232462
2025-12-29T08:30:00Z,2025-12-29T08:45:00Z,2025-12-29,2025-12-29_39,0.0,1,0,99,64.34768941881981,64.34768941881981,0.0,0.0,0.0,True,True,True,False,0.0,1014.025348791511,1.0166044409510708,0.0,0.0,0.0,1015.041953232462
2025-12-29T08:45:00Z,2025-12-29T09:00:00Z,2025-12-29,2025-12-29_40,0.0,1,0,99,64.34768941881981,64.34768941881981,0.0,0.0,0.0,True,True,True,False,0.0,1014.025348791511,1.0166044409510708,0.0,0.0,0.0,1015.041953232462
2025-12-29T09:00:00Z,2025-12-29T09:15:00Z,2025-12-29,2025-12-29_41,0.0,0,0,99,64.34768941881981,64.34768941881981,0.0,0.0,0.0,True,True,True,False,0.0,1014.025348791511,0.0,0.0,0.0,0.0,1014.025348791511
2025-12-29T09:15:00Z,2025-12-29T09:30:00Z,2025-12-29,2025-12-29_42,0.0,0,0,99,64.34768941881981,64.34768941881981,0.0,0.0,0.0,True,True,True,False,0.0,1014.025348791511,0.0,0.0,0.0,0.0,1014.025348791511
2025-12-29T09:30:00Z,2025-12-29T09:45:00Z,2025-12-29,2025-12-29_43,0.0,0,0,99,64.34768941881981,64.34768941881981,0.0,0.0,0.0,True,True,True,False,0.0,1014.025348791511,0.0,0.0,0.0,0.0,1014.025348791511
2025-12-29T09:45:00Z,2025-12-29T10:00:00Z,2025-12-29,2025-12-29_44,0.0,0,0,99,64.34768941881981,64.34768941881981,0.0,0.0,0.0,True,True,True,False,0.0,1014.025348791511,0.0,0.0,0.0,0.0,1014.025348791511
2025-12-29T10:00:00Z,2025-12-29T10:15:00Z,2025-12-29,2025-12-29_45,0.0,0,0,99,64.34768941881981,64.34768941881981,0.0,0.0,0.0,True,True,True,False,0.0,1014.025348791511,0.0,0.0,0.0,0.0,1014.025348791511
2025-12-29T10:15:00Z,2025-12-29T10:30:00Z,2025-12-29,2025-12-29_46,0.0,0,0,99,64.34768941881981,64.34768941881981,0.0,0.0,0.0,True,True,True,False,0.0,1014.025348791511,0.0,0.0,0.0,0.0,1014.025348791511
2025-12-29T10:30:00Z,2025-12-29T10:45:00Z,2025-12-29,2025-12-29_47,0.0,0,0,99,64.34768941881981,64.34768941881981,0.0,0.0,0.0,True,True,True,False,0.0,1014.025348791511,0.0,0.0,0.0,0.0,1014.025348791511
2025-12-29T10:45:00Z,2025-12-29T11:00:00Z,2025-12-29,2025-12-29_48,0.0,0,0,99,64.34768941881981,64.34768941881981,0.0,0.0,0.0,True,True,True,False,0.0,1014.025348791511,0.0,0.0,0.0,0.0,1014.025348791511
2025-12-29T11:00:00Z,2025-12-29T11:15:00Z,2025-12-29,2025-12-29_49,0.0,0,0,99,64.34768941881981,64.34768941881981,0.0,0.0,0.0,True,True,True,False,0.0,1014.025348791511,0.0,0.0,0.0,0.0,1014.025348791511
2025-12-29T11:15:00Z,2025-12-29T11:30:00Z,2025-12-29,2025-12-29_50,0.0,0,0,99,64.34768941881981,64.34768941881981,0.0,0.0,0.0,True,True,True,False,0.0,1014.025348791511,0.0,0.0,0.0,0.0,1014.025348791511
2025-12-29T11:30:00Z,2025-12-29T11:45:00Z,2025-12-29,2025-12-29_51,0.0,0,0,99,64.34768941881981,64.34768941881981,0.0,0.0,0.0,True,True,True,False,0.0,1014.025348791511,0.0,0.0,0.0,0.0,1014.025348791511
2025-12-29T11:45:00Z,2025-12-29T12:00:00Z,2025-12-29,2025-12-29_52,0.0,0,0,99,64.34768941881981,64.34768941881981,0.0,0.0,0.0,True,True,True,False,0.0,1014.025348791511,0.0,0.0,0.0,0.0,1014.025348791511
2025-12-29T12:00:00Z,2025-12-29T12:15:00Z,2025-12-29,2025-12-29_53,0.0,0,0,99,64.34768941881981,64.34768941881981,0.0,0.0,0.0,True,False,True,False,0.0,1014.025348791511,0.0,0.0,0.0,0.0,1014.025348791511
2025-12-29T12:15:00Z,2025-12-29T12:30:00Z,2025-12-29,2025-12-29_54,0.0,0,0,99,64.34768941881981,64.34768941881981,0.0,0.0,0.0,True,False,True,False,0.0,1014.025348791511,0.0,0.0,0.0,0.0,1014.025348791511
2025-12-29T12:30:00Z,2025-12-29T12:45:00Z,2025-12-29,2025-12-29_55,0.0,0,0,99,64.34768941881981,64.34768941881981,0.0,0.0,0.0,True,False,True,False,0.0,1014.025348791511,0.0,0.0,0.0,0.0,1014.025348791511
2025-12-29T12:45:00Z,2025-12-29T13:00:00Z,2025-12-29,2025-12-29_56,0.0,0,0,99,64.34768941881981,64.34768941881981,0.0,0.0,0.0,True,False,True,False,0.0,1014.025348791511,0.0,0.0,0.0,0.0,1014.025348791511
2025-12-29T13:00:00Z,2025-12-29T13:15:00Z,2025-12-29,2025-12-29_57,0.0,0,0,99,64.34768941881981,64.34768941881981,0.0,0.0,0.0,True,True,True,False,0.0,1014.025348791511,0.0,0.0,0.0,0.0,1014.025348791511
2025-12-29T13:15:00Z,2025-12-29T13:30:00Z,2025-12-29,2025-12-29_58,0.0,0,0,99,64.34768941881981,64.34768941881981,0.0,0.0,0.0,True,True,True,False,0.0,1014.025348791511,0.0,0.0,0.0,0.0,1014.025348791511
2025-12-29T13:30:00Z,2025-12-29T13:45:00Z,2025-12-29,2025-12-29_59,0.0,0,0,99,64.34768941881981,64.34768941881981,0.0,0.0,0.0,True,True,True,False,0.0,1014.025348791511,0.0,0.0,0.0,0.0,1014.025348791511
2025-12-29T13:45:00Z,2025-12-29T14:00:00Z,2025-12-29,2025-12-29_60,0.0,0,0,99,64.34768941881981,64.34768941881981,0.0,0.0,0.0,True,True,True,False,0.0,1014.025348791511,0.0,0.0,0.0,0.0,1014.025348791511
2025-12-29T14:00:00Z,2025-12-29T14:15:00Z,2025-12-29,2025-12-29_61,0.0,0,1,99,64.34768941881981,64.34768941881981,0.0,0.0,0.0,True,True,True,False,0.0,1014.025348791511,0.0,0.2107486736097465,0.0,0.0,1014.2360974651207
2025-12-29T14:15:00Z,2025-12-29T14:30:00Z,2025-12-29,2025-12-29_62,0.0,0,1,99,64.34768941881981,64.34768941881981,0.0,0.0,0.0,True,True,True,False,0.0,1014.025348791511,0.0,0.2107486736097465,0.0,0.0,1014.2360974651207
2025-12-29T14:30:00Z,2025-12-29T14:45:00Z,2025-12-29,2025-12-29_63,0.0,0,1,99,64.34768941881981,64.34768941881981,0.0,0.0,0.0,True,True,True,False,0.0,1014.025348791511,0.0,0.2107486736097465,0.0,0.0,1014.2360974651207
2025-12-29T14:45:00Z,2025-12-29T15:00:00Z,2025-12-29,2025-12-29_64,0.0,0,1,99,64.34768941881981,64.34768941881981,0.0,0.0,0.0,True,True,True,False,0.0,1014.025348791511,0.0,0.2107486736097465,0.0,0.0,1014.2360974651207
2025-12-29T15:00:00Z,2025-12-29T15:15:00Z,2025-12-29,2025-12-29_65,0.0,0,0,99,64.34768941881981,64.34768941881981,0.0,0.0,0.0,True,True,True,False,0.0,1014.025348791511,0.0,0.0,0.0,0.0,1014.025348791511
2025-12-29T15:15:00Z,2025-12-29T15:30:00Z,2025-12-29,2025-12-29_66,0.0,0,0,99,64.34768941881981,64.34768941881981,0.0,0.0,0.0,True,True,True,False,0.0,1014.025348791511,0.0,0.0,0.0,0.0,1014.025348791511
2025-12-29T15:30:00Z,2025-12-29T15:45:00Z,2025-12-29,2025-12-29_67,0.0,0,0,99,64.34768941881981,64.34768941881981,0.0,0.0,0.0,True,True,True,False,0.0,1014.025348791511,0.0,0.0,0.0,0.0,1014.025348791511
2025-12-29T15:45:00Z,2025-12-29T16:00:00Z,2025-12-29,2025-12-29_68,0.0,0,0,99,64.34768941881981,64.34768941881981,0.0,0.0,0.0,True,True,True,False,0.0,1014.025348791511,0.0,0.0,0.0,0.0,1014.025348791511
2025-12-29T16:00:00Z,2025-12-29T16:15:00Z,2025-12-29,2025-12-29_69,0.0,0,0,99,64.34768941881981,64.34768941881981,0.0,0.0,0.0,True,True,True,False,0.0,1014.025348791511,0.0,0.0,0.0,0.0,1014.025348791511
2025-12-29T16:15:00Z,2025-12-29T16:30:00Z,2025-12-29,2025-12-29_70,0.0,0,0,99,64.34768941881981,64.34768941881981,0.0,0.0,0.0,True,True,True,False,0.0,1014.025348791511,0.0,0.0,0.0,0.0,1014.025348791511
2025-12-29T16:30:00Z,2025-12-29T16:45:00Z,2025-12-29,2025-12-29_71,0.0,0,0,99,64.34768941881981,64.34768941881981,0.0,0.0,0.0,True,True,True,False,0.0,1014.025348791511,0.0,0.0,0.0,0.0,1014.025348791511
2025-12-29T16:45:00Z,2025-12-29T17:00:00Z,2025-12-29,2025-12-29_72,0.0,0,0,99,64.34768941881981,64.34768941881981,0.0,0.0,0.0,True,True,True,False,0.0,1014.025348791511,0.0,0.0,0.0,0.0,1014.025348791511
2025-12-29T17:00:00Z,2025-12-29T17:15:00Z,2025-12-29,2025-12-29_73,0.0,0,0,99,64.34768941881981,64.34768941881981,0.0,0.0,0.0,True,True,True,False,0.0,1014.025348791511,0.0,0.0,0.0,0.0,1014.025348791511
2025-12-29T17:15:00Z,2025-12-29T17:30:00Z,2025-12-29,2025-12-29_74,0.0,0,0,99,64.34768941881981,64.34768941881981,0.0,0.0,0.0,True,True,True,False,0.0,1014.025348791511,0.0,0.0,0.0,0.0,1014.025348791511
2025-12-29T17:30:00Z,2025-12-29T17:45:00Z,2025-12-29,2025-12-29_75,0.0,0,0,99,64.34768941881981,64.34768941881981,0.0,0.0,0.0,True,True,True,False,0.0,1014.025348791511,0.0,0.0,0.0,0.0,1014.025348791511
2025-12-29T17:45:00Z,2025-12-29T18:00:00Z,2025-12-29,2025-12-29_76,0.0,0,0,99,64.34768941881981,64.34768941881981,0.0,0.0,0.0,True,True,True,False,0.0,1014.025348791511,0.0,0.0,0.0,0.0,1014.025348791511
2025-12-29T18:00:00Z,2025-12-29T18:15:00Z,2025-12-29,2025-12-29_77,8.087896432584786e-08,0,0,99,64.34768941881981,64.34768939684183,6.104994287881028e-11,0.0,0.0,True,False,True,False,3.253558537418045e-06,1014.025348791511,0.0,0.0,0.0,0.0,1014.0253520450696
2025-12-29T18:15:00Z,2025-12-29T18:30:00Z,2025-12-29,2025-12-29_78,0.0,0,0,99,64.34768939684183,64.34768939684183,0.0,0.0,0.0,True,False,True,False,0.0,1014.025348791511,0.0,0.0,0.0,0.0,1014.025348791511
2025-12-29T18:30:00Z,2025-12-29T18:45:00Z,2025-12-29,2025-12-29_79,0.0,0,0,99,64.34768939684183,64.34768939684183,0.0,0.0,0.0,True,False,True,False,0.0,1014.025348791511,0.0,0.0,0.0,0.0,1014.025348791511
2025-12-29T18:45:00Z,2025-12-29T19:00:00Z,2025-12-29,2025-12-29_80,0.0,0,0,99,64.34768939684183,64.34768939684183,0.0,0.0,0.0,True,False,True,False,0.0,1014.025348791511,0.0,0.0,0.0,0.0,1014.025348791511
2025-12-29T19:00:00Z,2025-12-29T19:15:00Z,2025-12-29,2025-12-29_81,0.0,0,0,99,64.34768939684183,64.34768939684183,0.0,0.0,0.0,True,True,True,False,0.0,1014.025348791511,0.0,0.0,0.0,0.0,1014.025348791511
2025-12-29T19:15:00Z,2025-12-29T19:30:00Z,2025-12-29,2025-12-29_82,0.0,0,0,99,64.34768939684183,64.34768939684183,0.0,0.0,0.0,True,True,True,False,0.0,1014.025348791511,0.0,0.0,0.0,0.0,1014.025348791511
2025-12-29T19:30:00Z,2025-12-29T19:45:00Z,2025-12-29,2025-12-29_83,0.0,0,0,99,64.34768939684183,64.34768939684183,0.0,0.0,0.0,True,True,True,False,0.0,1014.025348791511,0.0,0.0,0.0,0.0,1014.025348791511
2025-12-29T19:45:00Z,2025-12-29T20:00:00Z,2025-12-29,2025-12-29_84,0.0,0,0,99,64.34768939684183,64.34768939684183,0.0,0.0,0.0,True,True,True,False,0.0,1014.025348791511,0.0,0.0,0.0,0.0,1014.025348791511
2025-12-29T20:00:00Z,2025-12-29T20:15:00Z,2025-12-29,2025-12-29_85,0.0,0,0,99,64.34768939684183,64.34768939684183,0.0,0.0,0.0,True,True,True,False,0.0,1014.025348791511,0.0,0.0,0.0,0.0,1014.025348791511
2025-12-29T20:15:00Z,2025-12-29T20:30:00Z,2025-12-29,2025-12-29_86,0.0,0,0,99,64.34768939684183,64.34768939684183,0.0,0.0,0.0,True,True,True,False,0.0,1014.025348791511,0.0,0.0,0.0,0.0,1014.025348791511
2025-12-29T20:30:00Z,2025-12-29T20:45:00Z,2025-12-29,2025-12-29_87,0.0,0,0,99,64.34768939684183,64.34768939684183,0.0,0.0,0.0,True,True,True,False,0.0,1014.025348791511,0.0,0.0,0.0,0.0,1014.025348791511
2025-12-29T20:45:00Z,2025-12-29T21:00:00Z,2025-12-29,2025-12-29_88,0.0,0,0,99,64.34768939684183,64.34768939684183,0.0,0.0,0.0,True,True,True,False,0.0,1014.025348791511,0.0,0.0,0.0,0.0,1014.025348791511
2025-12-29T21:00:00Z,2025-12-29T21:15:00Z,2025-12-29,2025-12-29_89,0.0,0,0,99,64.34768939684183,64.34768939684183,0.0,0.0,0.0,True,True,True,False,0.0,1014.025348791511,0.0,0.0,0.0,0.0,1014.025348791511
2025-12-29T21:15:00Z,2025-12-29T21:30:00Z,2025-12-29,2025-12-29_90,0.0,0,0,99,64.34768939684183,64.34768939684183,0.0,0.0,0.0,True,True,True,False,0.0,1014.025348791511,0.0,0.0,0.0,0.0,1014.025348791511
2025-12-29T21:30:00Z,2025-12-29T21:45:00Z,2025-12-29,2025-12-29_91,0.0,0,0,99,64.34768939684183,64.34768939684183,0.0,0.0,0.0,True,True,True,False,0.0,1014.025348791511,0.0,0.0,0.0,0.0,1014.025348791511
2025-12-29T21:45:00Z,2025-12-29T22:00:00Z,2025-12-29,2025-12-29_92,0.0,0,0,99,64.34768939684183,64.34768939684183,0.0,0.0,0.0,True,True,True,False,0.0,1014.025348791511,0.0,0.0,0.0,0.0,1014.025348791511
2025-12-29T22:00:00Z,2025-12-29T22:15:00Z,2025-12-30,2025-12-29_93,0.0,0,0,99,64.34768939684183,64.34768939684183,0.0,0.0,0.0,True,True,True,False,0.0,1013.4279261586804,0.0,0.0,0.0,0.0,1013.4279261586804
2025-12-29T22:15:00Z,2025-12-29T22:30:00Z,2025-12-30,2025-12-29_94,0.0,0,0,99,64.34768939684183,64.34768939684183,0.0,0.0,0.0,True,True,True,False,0.0,1013.4279261586804,0.0,0.0,0.0,0.0,1013.4279261586804
2025-12-29T22:30:00Z,2025-12-29T22:45:00Z,2025-12-30,2025-12-29_95,0.0,0,0,99,64.34768939684183,64.34768939684183,0.0,0.0,0.0,True,True,True,False,0.0,1013.4279261586804,0.0,0.0,0.0,0.0,1013.4279261586804
2025-12-29T22:45:00Z,2025-12-29T23:00:00Z,2025-12-30,2025-12-29_96,0.0,0,0,99,64.34768939684183,64.34768939684183,0.0,0.0,0.0,True,True,True,False,0.0,1013.4279261586804,0.0,0.0,0.0,0.0,1013.4279261586804
2025-12-29T23:00:00Z,2025-12-29T23:15:00Z,2025-12-30,2025-12-30_1,0.0,0,0,99,64.34768939684183,64.34768939684183,0.0,0.0,0.0,True,True,True,False,0.0,1013.4279261586804,0.0,0.0,0.0,0.0,1013.4279261586804
2025-12-29T23:15:00Z,2025-12-29T23:30:00Z,2025-12-30,2025-12-30_2,0.0,0,0,99,64.34768939684183,64.34768939684183,0.0,0.0,0.0,True,True,True,False,0.0,1013.4279261586804,0.0,0.0,0.0,0.0,1013.4279261586804
2025-12-29T23:30:00Z,2025-12-29T23:45:00Z,2025-12-30,2025-12-30_3,0.0,0,0,99,64.34768939684183,64.34768939684183,0.0,0.0,0.0,True,True,True,False,0.0,1013.4279261586804,0.0,0.0,0.0,0.0,1013.4279261586804
2025-12-29T23:45:00Z,2025-12-30T00:00:00Z,2025-12-30,2025-12-30_4,0.0,0,0,99,64.34768939684183,64.34768939684183,0.0,0.0,0.0,True,True,True,False,0.0,1013.4279261586804,0.0,0.0,0.0,0.0,1013.4279261586804
2025-12-30T00:00:00Z,2025-12-30T00:15:00Z,2025-12-30,2025-12-30_5,0.0,0,0,99,64.34768939684183,64.34768939684183,0.0,0.0,0.0,True,True,True,False,0.0,1013.4279261586804,0.0,0.0,0.0,0.0,1013.4279261586804
2025-12-30T00:15:00Z,2025-12-30T00:30:00Z,2025-12-30,2025-12-30_6,0.0,0,0,99,64.34768939684183,64.34768939684183,0.0,0.0,0.0,True,True,True,False,0.0,1013.4279261586804,0.0,0.0,0.0,0.0,1013.4279261586804
2025-12-30T00:30:00Z,2025-12-30T00:45:00Z,2025-12-30,2025-12-30_7,0.0,0,0,99,64.34768939684183,64.34768939684183,0.0,0.0,0.0,True,True,True,False,0.0,1013.4279261586804,0.0,0.0,0.0,0.0,1013.4279261586804
2025-12-30T00:45:00Z,2025-12-30T01:00:00Z,2025-12-30,2025-12-30_8,0.0,0,0,99,64.34768939684183,64.34768939684183,0.0,0.0,0.0,True,True,True,False,0.0,1013.4279261586804,0.0,0.0,0.0,0.0,1013.4279261586804
2025-12-30T01:00:00Z,2025-12-30T01:15:00Z,2025-12-30,2025-12-30_9,0.0,0,0,99,64.34768939684183,64.34768939684183,0.0,0.0,0.0,True,True,True,False,0.0,1013.4279261586804,0.0,0.0,0.0,0.0,1013.4279261586804
2025-12-30T01:15:00Z,2025-12-30T01:30:00Z,2025-12-30,2025-12-30_10,0.0,0,0,99,64.34768939684183,64.34768939684183,0.0,0.0,0.0,True,True,True,False,0.0,1013.4279261586804,0.0,0.0,0.0,0.0,1013.4279261586804
2025-12-30T01:30:00Z,2025-12-30T01:45:00Z,2025-12-30,2025-12-30_11,0.0,0,0,99,64.34768939684183,64.34768939684183,0.0,0.0,0.0,True,True,True,False,0.0,1013.4279261586804,0.0,0.0,0.0,0.0,1013.4279261586804
2025-12-30T01:45:00Z,2025-12-30T02:00:00Z,2025-12-30,2025-12-30_12,0.0,0,0,99,64.34768939684183,64.34768939684183,0.0,0.0,0.0,True,True,True,False,0.0,1013.4279261586804,0.0,0.0,0.0,0.0,1013.4279261586804
2025-12-30T02:00:00Z,2025-12-30T02:15:00Z,2025-12-30,2025-12-30_13,0.0,0,0,99,64.34768939684183,64.34768939684183,0.0,0.0,0.0,True,True,True,False,0.0,1013.4279261586804,0.0,0.0,0.0,0.0,1013.4279261586804
2025-12-30T02:15:00Z,2025-12-30T02:30:00Z,2025-12-30,2025-12-30_14,0.0,0,0,99,64.34768939684183,64.34768939684183,0.0,0.0,0.0,True,True,True,False,0.0,1013.4279261586804,0.0,0.0,0.0,0.0,1013.4279261586804
2025-12-30T02:30:00Z,2025-12-30T02:45:00Z,2025-12-30,2025-12-30_15,0.0,0,0,99,64.34768939684183,64.34768939684183,0.0,0.0,0.0,True,True,True,False,0.0,1013.4279261586804,0.0,0.0,0.0,0.0,1013.4279261586804
2025-12-30T02:45:00Z,2025-12-30T03:00:00Z,2025-12-30,2025-12-30_16,0.0,0,0,99,64.34768939684183,64.34768939684183,0.0,0.0,0.0,True,True,True,False,0.0,1013.4279261586804,0.0,0.0,0.0,0.0,1013.4279261586804
2025-12-30T03:00:00Z,2025-12-30T03:15:00Z,2025-12-30,2025-12-30_17,0.0,0,1,99,64.34768939684183,64.34768939684183,0.0,0.0,0.0,True,True,True,False,0.0,1013.4279261586804,0.0,0.19324430479183033,0.0,0.0,1013.6211704634723
2025-12-30T03:15:00Z,2025-12-30T03:30:00Z,2025-12-30,2025-12-30_18,3.714046942365878e-13,0,1,99,64.34768939684183,64.34768939684173,2.8034774625346297e-16,0.0,0.0,True,True,True,False,7.0938296599188274e-12,1013.4279261586804,0.0,0.19324430479183033,0.0,0.0,1013.6211704634793
2025-12-30T03:30:00Z,2025-12-30T03:45:00Z,2025-12-30,2025-12-30_19,0.0,0,1,99,64.34768939684173,64.34768939684173,0.0,0.0,0.0,True,True,True,False,0.0,1013.4279261586804,0.0,0.19324430479183033,0.0,0.0,1013.6211704634723
2025-12-30T03:45:00Z,2025-12-30T04:00:00Z,2025-12-30,2025-12-30_20,0.0,0,1,99,64.34768939684173,64.34768939684173,0.0,0.0,0.0,True,True,True,False,0.0,1013.4279261586804,0.0,0.19324430479183033,0.0,0.0,1013.6211704634723
2025-12-30T04:00:00Z,2025-12-30T04:15:00Z,2025-12-30,2025-12-30_21,0.0,0,0,99,64.34768939684173,64.34768939684173,0.0,0.0,0.0,True,True,True,False,0.0,1013.4279261586804,0.0,0.0,0.0,0.0,1013.4279261586804
2025-12-30T04:15:00Z,2025-12-30T04:30:00Z,2025-12-30,2025-12-30_22,0.0,0,0,99,64.34768939684173,64.34768939684173,0.0,0.0,0.0,True,True,True,False,0.0,1013.4279261586804,0.0,0.0,0.0,0.0,1013.4279261586804
2025-12-30T04:30:00Z,2025-12-30T04:45:00Z,2025-12-30,2025-12-30_23,0.0,0,0,99,64.34768939684173,64.34768939684173,0.0,0.0,0.0,True,True,True,False,0.0,1013.4279261586804,0.0,0.0,0.0,0.0,1013.4279261586804
2025-12-30T04:45:00Z,2025-12-30T05:00:00Z,2025-12-30,2025-12-30_24,0.0,0,0,99,64.34768939684173,64.34768939684173,0.0,0.0,0.0,True,True,True,False,0.0,1013.4279261586804,0.0,0.0,0.0,0.0,1013.4279261586804
2025-12-30T05:00:00Z,2025-12-30T05:15:00Z,2025-12-30,2025-12-30_25,0.0,0,0,99,64.34768939684173,64.34768939684173,0.0,0.0,0.0,True,True,True,False,0.0,1013.4279261586804,0.0,0.0,0.0,0.0,1013.4279261586804
2025-12-30T05:15:00Z,2025-12-30T05:30:00Z,2025-12-30,2025-12-30_26,0.0,0,0,99,64.34768939684173,64.34768939684173,0.0,0.0,0.0,True,True,True,False,0.0,1013.4279261586804,0.0,0.0,0.0,0.0,1013.4279261586804
2025-12-30T05:30:00Z,2025-12-30T05:45:00Z,2025-12-30,2025-12-30_27,0.0,0,0,99,64.34768939684173,64.34768939684173,0.0,0.0,0.0,True,True,True,False,0.0,1013.4279261586804,0.0,0.0,0.0,0.0,1013.4279261586804
2025-12-30T05:45:00Z,2025-12-30T06:00:00Z,2025-12-30,2025-12-30_28,0.0,0,0,99,64.34768939684173,64.34768939684173,0.0,0.0,0.0,True,True,True,False,0.0,1013.4279261586804,0.0,0.0,0.0,0.0,1013.4279261586804
2025-12-30T06:00:00Z,2025-12-30T06:15:00Z,2025-12-30,2025-12-30_29,0.0,0,0,99,64.34768939684173,64.34768939684173,0.0,0.0,0.0,True,True,True,False,0.0,1013.4279261586804,0.0,0.0,0.0,0.0,1013.4279261586804
2025-12-30T06:15:00Z,2025-12-30T06:30:00Z,2025-12-30,2025-12-30_30,0.0,0,0,99,64.34768939684173,64.34768939684173,0.0,0.0,0.0,True,True,True,False,0.0,1013.4279261586804,0.0,0.0,0.0,0.0,1013.4279261586804
2025-12-30T06:30:00Z,2025-12-30T06:45:00Z,2025-12-30,2025-12-30_31,0.0,0,0,99,64.34768939684173,64.34768939684173,0.0,0.0,0.0,True,True,True,False,0.0,1013.4279261586804,0.0,0.0,0.0,0.0,1013.4279261586804
2025-12-30T06:45:00Z,2025-12-30T07:00:00Z,2025-12-30,2025-12-30_32,0.0,0,0,99,64.34768939684173,64.34768939684173,0.0,0.0,0.0,True,True,True,False,0.0,1013.4279261586804,0.0,0.0,0.0,0.0,1013.4279261586804
2025-12-30T07:00:00Z,2025-12-30T07:15:00Z,2025-12-30,2025-12-30_33,0.0,0,0,99,64.34768939684173,64.34768939684173,0.0,0.0,0.0,True,True,True,False,0.0,1013.4279261586804,0.0,0.0,0.0,0.0,1013.4279261586804
2025-12-30T07:15:00Z,2025-12-30T07:30:00Z,2025-12-30,2025-12-30_34,0.0,0,0,99,64.34768939684173,64.34768939684173,0.0,0.0,0.0,True,True,True,False,0.0,1013.4279261586804,0.0,0.0,0.0,0.0,1013.4279261586804
2025-12-30T07:30:00Z,2025-12-30T07:45:00Z,2025-12-30,2025-12-30_35,0.0,0,0,99,64.34768939684173,64.34768939684173,0.0,0.0,0.0,True,True,True,False,0.0,1013.4279261586804,0.0,0.0,0.0,0.0,1013.4279261586804
2025-12-30T07:45:00Z,2025-12-30T08:00:00Z,2025-12-30,2025-12-30_36,0.0,0,0,99,64.34768939684173,64.34768939684173,0.0,0.0,0.0,True,True,True,False,0.0,1013.4279261586804,0.0,0.0,0.0,0.0,1013.4279261586804
2025-12-30T08:00:00Z,2025-12-30T08:15:00Z,2025-12-30,2025-12-30_37,0.0,0,0,99,64.34768939684173,64.34768939684173,0.0,0.0,0.0,True,True,True,False,0.0,1013.4279261586804,0.0,0.0,0.0,0.0,1013.4279261586804
2025-12-30T08:15:00Z,2025-12-30T08:30:00Z,2025-12-30,2025-12-30_38,0.0,0,0,99,64.34768939684173,64.34768939684173,0.0,0.0,0.0,True,True,True,False,0.0,1013.4279261586804,0.0,0.0,0.0,0.0,1013.4279261586804
2025-12-30T08:30:00Z,2025-12-30T08:45:00Z,2025-12-30,2025-12-30_39,0.0,0,0,99,64.34768939684173,64.34768939684173,0.0,0.0,0.0,True,True,True,False,0.0,1013.4279261586804,0.0,0.0,0.0,0.0,1013.4279261586804
2025-12-30T08:45:00Z,2025-12-30T09:00:00Z,2025-12-30,2025-12-30_40,0.0,0,0,99,64.34768939684173,64.34768939684173,0.0,0.0,0.0,True,True,True,False,0.0,1013.4279261586804,0.0,0.0,0.0,0.0,1013.4279261586804
2025-12-30T09:00:00Z,2025-12-30T09:15:00Z,2025-12-30,2025-12-30_41,0.0,0,0,99,64.34768939684173,64.34768939684173,0.0,0.0,0.0,True,True,True,False,0.0,1013.4279261586804,0.0,0.0,0.0,0.0,1013.4279261586804
2025-12-30T09:15:00Z,2025-12-30T09:30:00Z,2025-12-30,2025-12-30_42,0.0,0,0,99,64.34768939684173,64.34768939684173,0.0,0.0,0.0,True,True,True,False,0.0,1013.4279261586804,0.0,0.0,0.0,0.0,1013.4279261586804
2025-12-30T09:30:00Z,2025-12-30T09:45:00Z,2025-12-30,2025-12-30_43,0.0,0,0,99,64.34768939684173,64.34768939684173,0.0,0.0,0.0,True,True,True,False,0.0,1013.4279261586804,0.0,0.0,0.0,0.0,1013.4279261586804
2025-12-30T09:45:00Z,2025-12-30T10:00:00Z,2025-12-30,2025-12-30_44,0.0,0,0,99,64.34768939684173,64.34768939684173,0.0,0.0,0.0,True,True,True,False,0.0,1013.4279261586804,0.0,0.0,0.0,0.0,1013.4279261586804
2025-12-30T10:00:00Z,2025-12-30T10:15:00Z,2025-12-30,2025-12-30_45,0.0,0,0,99,64.34768939684173,64.34768939684173,0.0,0.0,0.0,True,True,True,False,0.0,1013.4279261586804,0.0,0.0,0.0,0.0,1013.4279261586804
2025-12-30T10:15:00Z,2025-12-30T10:30:00Z,2025-12-30,2025-12-30_46,0.0,0,0,99,64.34768939684173,64.34768939684173,0.0,0.0,0.0,True,True,True,False,0.0,1013.4279261586804,0.0,0.0,0.0,0.0,1013.4279261586804
2025-12-30T10:30:00Z,2025-12-30T10:45:00Z,2025-12-30,2025-12-30_47,0.0,0,0,99,64.34768939684173,64.34768939684173,0.0,0.0,0.0,True,True,True,False,0.0,1013.4279261586804,0.0,0.0,0.0,0.0,1013.4279261586804
2025-12-30T10:45:00Z,2025-12-30T11:00:00Z,2025-12-30,2025-12-30_48,0.0,0,0,99,64.34768939684173,64.34768939684173,0.0,0.0,0.0,True,True,True,False,0.0,1013.4279261586804,0.0,0.0,0.0,0.0,1013.4279261586804
2025-12-30T11:00:00Z,2025-12-30T11:15:00Z,2025-12-30,2025-12-30_49,0.0,0,0,99,64.34768939684173,64.34768939684173,0.0,0.0,0.0,True,True,True,False,0.0,1013.4279261586804,0.0,0.0,0.0,0.0,1013.4279261586804
2025-12-30T11:15:00Z,2025-12-30T11:30:00Z,2025-12-30,2025-12-30_50,0.0,0,0,99,64.34768939684173,64.34768939684173,0.0,0.0,0.0,True,True,True,False,0.0,1013.4279261586804,0.0,0.0,0.0,0.0,1013.4279261586804
2025-12-30T11:30:00Z,2025-12-30T11:45:00Z,2025-12-30,2025-12-30_51,0.0,0,0,99,64.34768939684173,64.34768939684173,0.0,0.0,0.0,True,True,True,False,0.0,1013.4279261586804,0.0,0.0,0.0,0.0,1013.4279261586804
2025-12-30T11:45:00Z,2025-12-30T12:00:00Z,2025-12-30,2025-12-30_52,0.0,0,0,99,64.34768939684173,64.34768939684173,0.0,0.0,0.0,True,True,True,False,0.0,1013.4279261586804,0.0,0.0,0.0,0.0,1013.4279261586804
2025-12-30T12:00:00Z,2025-12-30T12:15:00Z,2025-12-30,2025-12-30_53,0.0,1,0,99,64.34768939684173,64.34768939684173,0.0,0.0,0.0,True,True,True,False,0.0,1013.4279261586804,0.9668106834249803,0.0,0.0,0.0,1014.3947368421054
2025-12-30T12:15:00Z,2025-12-30T12:30:00Z,2025-12-30,2025-12-30_54,0.0,1,0,99,64.34768939684173,64.34768939684173,0.0,0.0,0.0,True,True,True,False,0.0,1013.4279261586804,0.9668106834249803,0.0,0.0,0.0,1014.3947368421054
2025-12-30T12:30:00Z,2025-12-30T12:45:00Z,2025-12-30,2025-12-30_55,0.0,1,0,99,64.34768939684173,64.34768939684173,0.0,0.0,0.0,True,True,True,False,0.0,1013.4279261586804,0.9668106834249803,0.0,0.0,0.0,1014.3947368421054
2025-12-30T12:45:00Z,2025-12-30T13:00:00Z,2025-12-30,2025-12-30_56,0.0,1,0,99,64.34768939684173,64.34768939684173,0.0,0.0,0.0,True,True,True,False,0.0,1013.4279261586804,0.9668106834249803,0.0,0.0,0.0,1014.3947368421054
2025-12-30T13:00:00Z,2025-12-30T13:15:00Z,2025-12-30,2025-12-30_57,0.0,0,0,99,64.34768939684173,64.34768939684173,0.0,0.0,0.0,True,False,True,False,0.0,1013.4279261586804,0.0,0.0,0.0,0.0,1013.4279261586804
2025-12-30T13:15:00Z,2025-12-30T13:30:00Z,2025-12-30,2025-12-30_58,0.0,0,0,99,64.34768939684173,64.34768939684173,0.0,0.0,0.0,True,False,True,False,0.0,1013.4279261586804,0.0,0.0,0.0,0.0,1013.4279261586804
2025-12-30T13:30:00Z,2025-12-30T13:45:00Z,2025-12-30,2025-12-30_59,0.0,0,0,99,64.34768939684173,64.34768939684173,0.0,0.0,0.0,True,False,True,False,0.0,1013.4279261586804,0.0,0.0,0.0,0.0,1013.4279261586804
2025-12-30T13:45:00Z,2025-12-30T14:00:00Z,2025-12-30,2025-12-30_60,0.0,0,0,99,64.34768939684173,64.34768939684173,0.0,0.0,0.0,True,False,True,False,0.0,1013.4279261586804,0.0,0.0,0.0,0.0,1013.4279261586804
2025-12-30T14:00:00Z,2025-12-30T14:15:00Z,2025-12-30,2025-12-30_61,0.0,0,0,99,64.34768939684173,64.34768939684173,0.0,0.0,0.0,True,False,True,False,0.0,1013.4279261586804,0.0,0.0,0.0,0.0,1013.4279261586804
2025-12-30T14:15:00Z,2025-12-30T14:30:00Z,2025-12-30,2025-12-30_62,0.0,0,0,99,64.34768939684173,64.34768939684173,0.0,0.0,0.0,True,False,True,False,0.0,1013.4279261586804,0.0,0.0,0.0,0.0,1013.4279261586804
2025-12-30T14:30:00Z,2025-12-30T14:45:00Z,2025-12-30,2025-12-30_63,0.0,0,0,99,64.34768939684173,64.34768939684173,0.0,0.0,0.0,True,False,True,False,0.0,1013.4279261586804,0.0,0.0,0.0,0.0,1013.4279261586804
2025-12-30T14:45:00Z,2025-12-30T15:00:00Z,2025-12-30,2025-12-30_64,0.0,0,0,99,64.34768939684173,64.34768939684173,0.0,0.0,0.0,True,False,True,False,0.0,1013.4279261586804,0.0,0.0,0.0,0.0,1013.4279261586804
2025-12-30T15:00:00Z,2025-12-30T15:15:00Z,2025-12-30,2025-12-30_65,0.0,0,0,99,64.34768939684173,64.34768939684173,0.0,0.0,0.0,True,False,True,False,0.0,1013.4279261586804,0.0,0.0,0.0,0.0,1013.4279261586804
2025-12-30T15:15:00Z,2025-12-30T15:30:00Z,2025-12-30,2025-12-30_66,0.0,0,0,99,64.34768939684173,64.34768939684173,0.0,0.0,0.0,True,False,True,False,0.0,1013.4279261586804,0.0,0.0,0.0,0.0,1013.4279261586804
2025-12-30T15:30:00Z,2025-12-30T15:45:00Z,2025-12-30,2025-12-30_67,0.0,0,0,99,64.34768939684173,64.34768939684173,0.0,0.0,0.0,True,False,True,False,0.0,1013.4279261586804,0.0,0.0,0.0,0.0,1013.4279261586804
2025-12-30T15:45:00Z,2025-12-30T16:00:00Z,2025-12-30,2025-12-30_68,0.0,0,0,99,64.34768939684173,64.34768939684173,0.0,0.0,0.0,True,False,True,False,0.0,1013.4279261586804,0.0,0.0,0.0,0.0,1013.4279261586804
2025-12-30T16:00:00Z,2025-12-30T16:15:00Z,2025-12-30,2025-12-30_69,0.0,0,1,99,64.34768939684173,64.34768939684173,0.0,0.0,0.0,True,True,True,False,0.0,1013.4279261586804,0.0,0.1902985074626866,0.0,0.0,1013.6182246661431
2025-12-30T16:15:00Z,2025-12-30T16:30:00Z,2025-12-30,2025-12-30_70,0.0,0,1,99,64.34768939684173,64.34768939684173,0.0,0.0,0.0,True,True,True,False,0.0,1013.4279261586804,0.0,0.1902985074626866,0.0,0.0,1013.6182246661431
2025-12-30T16:30:00Z,2025-12-30T16:45:00Z,2025-12-30,2025-12-30_71,0.0,0,1,99,64.34768939684173,64.34768939684173,0.0,0.0,0.0,True,True,True,False,0.0,1013.4279261586804,0.0,0.1902985074626866,0.0,0.0,1013.6182246661431
2025-12-30T16:45:00Z,2025-12-30T17:00:00Z,2025-12-30,2025-12-30_72,0.0,0,1,99,64.34768939684173,64.34768939684173,0.0,0.0,0.0,True,True,True,False,0.0,1013.4279261586804,0.0,0.1902985074626866,0.0,0.0,1013.6182246661431
2025-12-30T17:00:00Z,2025-12-30T17:15:00Z,2025-12-30,2025-12-30_73,0.0,0,0,99,64.34768939684173,64.34768939684173,0.0,0.0,0.0,True,False,True,False,0.0,1013.4279261586804,0.0,0.0,0.0,0.0,1013.4279261586804
2025-12-30T17:15:00Z,2025-12-30T17:30:00Z,2025-12-30,2025-12-30_74,0.0,0,0,99,64.34768939684173,64.34768939684173,0.0,0.0,0.0,True,False,True,False,0.0,1013.4279261586804,0.0,0.0,0.0,0.0,1013.4279261586804
2025-12-30T17:30:00Z,2025-12-30T17:45:00Z,2025-12-30,2025-12-30_75,0.0,0,0,99,64.34768939684173,64.34768939684173,0.0,0.0,0.0,True,False,True,False,0.0,1013.4279261586804,0.0,0.0,0.0,0.0,1013.4279261586804
2025-12-30T17:45:00Z,2025-12-30T18:00:00Z,2025-12-30,2025-12-30_76,0.0,0,0,99,64.34768939684173,64.34768939684173,0.0,0.0,0.0,True,False,True,False,0.0,1013.4279261586804,0.0,0.0,0.0,0.0,1013.4279261586804
2025-12-30T18:00:00Z,2025-12-30T18:15:00Z,2025-12-30,2025-12-30_77,0.0,0,0,99,64.34768939684173,64.34768939684173,0.0,0.0,0.0,True,True,True,False,0.0,1013.4279261586804,0.0,0.0,0.0,0.0,1013.4279261586804
2025-12-30T18:15:00Z,2025-12-30T18:30:00Z,2025-12-30,2025-12-30_78,0.0,0,0,99,64.34768939684173,64.34768939684173,0.0,0.0,0.0,True,True,True,False,0.0,1013.4279261586804,0.0,0.0,0.0,0.0,1013.4279261586804
2025-12-30T18:30:00Z,2025-12-30T18:45:00Z,2025-12-30,2025-12-30_79,0.0,0,0,99,64.34768939684173,64.34768939684173,0.0,0.0,0.0,True,True,True,False,0.0,1013.4279261586804,0.0,0.0,0.0,0.0,1013.4279261586804
2025-12-30T18:45:00Z,2025-12-30T19:00:00Z,2025-12-30,2025-12-30_80,0.0,0,0,99,64.34768939684173,64.34768939684173,0.0,0.0,0.0,True,True,True,False,0.0,1013.4279261586804,0.0,0.0,0.0,0.0,1013.4279261586804
2025-12-30T19:00:00Z,2025-12-30T19:15:00Z,2025-12-30,2025-12-30_81,0.0,1,0,99,64.34768939684173,64.34768939684173,0.0,0.0,0.0,True,True,True,False,0.0,1013.4279261586804,0.9750589159465829,0.0,0.0,0.0,1014.4029850746269
2025-12-30T19:15:00Z,2025-12-30T19:30:00Z,2025-12-30,2025-12-30_82,0.0,1,0,99,64.34768939684173,64.34768939684173,0.0,0.0,0.0,True,True,True,False,0.0,1013.4279261586804,0.9750589159465829,0.0,0.0,0.0,1014.4029850746269
2025-12-30T19:30:00Z,2025-12-30T19:45:00Z,2025-12-30,2025-12-30_83,0.0,1,0,99,64.34768939684173,64.34768939684173,0.0,0.0,0.0,True,True,True,False,0.0,1013.4279261586804,0.9750589159465829,0.0,0.0,0.0,1014.4029850746269
2025-12-30T19:45:00Z,2025-12-30T20:00:00Z,2025-12-30,2025-12-30_84,0.0,1,0,99,64.34768939684173,64.34768939684173,0.0,0.0,0.0,True,True,True,False,0.0,1013.4279261586804,0.9750589159465829,0.0,0.0,0.0,1014.4029850746269
2025-12-30T20:00:00Z,2025-12-30T20:15:00Z,2025-12-30,2025-12-30_85,0.0,0,0,99,64.34768939684173,64.34768939684173,0.0,0.0,0.0,True,True,True,False,0.0,1013.4279261586804,0.0,0.0,0.0,0.0,1013.4279261586804
2025-12-30T20:15:00Z,2025-12-30T20:30:00Z,2025-12-30,2025-12-30_86,0.0,0,0,99,64.34768939684173,64.34768939684173,0.0,0.0,0.0,True,True,True,False,0.0,1013.4279261586804,0.0,0.0,0.0,0.0,1013.4279261586804
2025-12-30T20:30:00Z,2025-12-30T20:45:00Z,2025-12-30,2025-12-30_87,0.0,0,0,99,64.34768939684173,64.34768939684173,0.0,0.0,0.0,True,True,True,False,0.0,1013.4279261586804,0.0,0.0,0.0,0.0,1013.4279261586804
2025-12-30T20:45:00Z,2025-12-30T21:00:00Z,2025-12-30,2025-12-30_88,0.0,0,0,99,64.34768939684173,64.34768939684173,0.0,0.0,0.0,True,True,True,False,0.0,1013.4279261586804,0.0,0.0,0.0,0.0,1013.4279261586804
2025-12-30T21:00:00Z,2025-12-30T21:15:00Z,2025-12-30,2025-12-30_89,0.0,0,0,99,64.34768939684173,64.34768939684173,0.0,0.0,0.0,True,True,True,False,0.0,1013.4279261586804,0.0,0.0,0.0,0.0,1013.4279261586804
2025-12-30T21:15:00Z,2025-12-30T21:30:00Z,2025-12-30,2025-12-30_90,0.0,0,0,99,64.34768939684173,64.34768939684173,0.0,0.0,0.0,True,True,True,False,0.0,1013.4279261586804,0.0,0.0,0.0,0.0,1013.4279261586804
2025-12-30T21:30:00Z,2025-12-30T21:45:00Z,2025-12-30,2025-12-30_91,0.0,0,0,99,64.34768939684173,64.34768939684173,0.0,0.0,0.0,True,True,True,False,0.0,1013.4279261586804,0.0,0.0,0.0,0.0,1013.4279261586804
2025-12-30T21:45:00Z,2025-12-30T22:00:00Z,2025-12-30,2025-12-30_92,0.0,0,0,99,64.34768939684173,64.34768939684173,0.0,0.0,0.0,True,True,True,False,0.0,1013.4279261586804,0.0,0.0,0.0,0.0,1013.4279261586804
2025-12-30T22:00:00Z,2025-12-30T22:15:00Z,2025-12-31,2025-12-30_93,0.0,1,0,99,64.34768939684173,64.34768939684173,0.0,0.0,0.0,True,True,True,False,0.0,1012.5728469674077,0.9751192041284854,0.0,0.0,0.0,1013.5479661715362
2025-12-30T22:15:00Z,2025-12-30T22:30:00Z,2025-12-31,2025-12-30_94,0.0,1,0,99,64.34768939684173,64.34768939684173,0.0,0.0,0.0,True,True,True,False,0.0,1012.5728469674077,0.9751192041284854,0.0,0.0,0.0,1013.5479661715362
2025-12-30T22:30:00Z,2025-12-30T22:45:00Z,2025-12-31,2025-12-30_95,0.0,1,0,99,64.34768939684173,64.34768939684173,0.0,0.0,0.0,True,True,True,False,0.0,1012.5728469674077,0.9751192041284854,0.0,0.0,0.0,1013.5479661715362
2025-12-30T22:45:00Z,2025-12-30T23:00:00Z,2025-12-31,2025-12-30_96,0.0,1,0,99,64.34768939684173,64.34768939684173,0.0,0.0,0.0,True,True,True,False,0.0,1012.5728469674077,0.9751192041284854,0.0,0.0,0.0,1013.5479661715362
2025-12-30T23:00:00Z,2025-12-30T23:15:00Z,2025-12-31,2025-12-31_1,0.0,0,0,99,64.34768939684173,64.34768939684173,0.0,0.0,0.0,True,True,True,False,0.0,1012.5728469674077,0.0,0.0,0.0,0.0,1012.5728469674077
2025-12-30T23:15:00Z,2025-12-30T23:30:00Z,2025-12-31,2025-12-31_2,0.0,0,0,99,64.34768939684173,64.34768939684173,0.0,0.0,0.0,True,True,True,False,0.0,1012.5728469674077,0.0,0.0,0.0,0.0,1012.5728469674077
2025-12-30T23:30:00Z,2025-12-30T23:45:00Z,2025-12-31,2025-12-31_3,0.0,0,0,99,64.34768939684173,64.34768939684173,0.0,0.0,0.0,True,True,True,False,0.0,1012.5728469674077,0.0,0.0,0.0,0.0,1012.5728469674077
2025-12-30T23:45:00Z,2025-12-31T00:00:00Z,2025-12-31,2025-12-31_4,0.0,0,0,99,64.34768939684173,64.34768939684173,0.0,0.0,0.0,True,True,True,False,0.0,1012.5728469674077,0.0,0.0,0.0,0.0,1012.5728469674077
2025-12-31T00:00:00Z,2025-12-31T00:15:00Z,2025-12-31,2025-12-31_5,0.0,0,0,99,64.34768939684173,64.34768939684173,0.0,0.0,0.0,True,True,True,False,0.0,1012.5728469674077,0.0,0.0,0.0,0.0,1012.5728469674077
2025-12-31T00:15:00Z,2025-12-31T00:30:00Z,2025-12-31,2025-12-31_6,0.0,0,0,99,64.34768939684173,64.34768939684173,0.0,0.0,0.0,True,True,True,False,0.0,1012.5728469674077,0.0,0.0,0.0,0.0,1012.5728469674077
2025-12-31T00:30:00Z,2025-12-31T00:45:00Z,2025-12-31,2025-12-31_7,0.0,0,0,99,64.34768939684173,64.34768939684173,0.0,0.0,0.0,True,True,True,False,0.0,1012.5728469674077,0.0,0.0,0.0,0.0,1012.5728469674077
2025-12-31T00:45:00Z,2025-12-31T01:00:00Z,2025-12-31,2025-12-31_8,0.0,0,0,99,64.34768939684173,64.34768939684173,0.0,0.0,0.0,True,True,True,False,0.0,1012.5728469674077,0.0,0.0,0.0,0.0,1012.5728469674077
2025-12-31T01:00:00Z,2025-12-31T01:15:00Z,2025-12-31,2025-12-31_9,0.0,0,1,99,64.34768939684173,64.34768939684173,0.0,0.0,0.0,True,True,True,False,0.0,1012.5728469674077,0.0,0.18542864431057823,0.0,0.0,1012.7582756117183
2025-12-31T01:15:00Z,2025-12-31T01:30:00Z,2025-12-31,2025-12-31_10,0.0,0,1,99,64.34768939684173,64.34768939684173,0.0,0.0,0.0,True,True,True,False,0.0,1012.5728469674077,0.0,0.18542864431057823,0.0,0.0,1012.7582756117183
2025-12-31T01:30:00Z,2025-12-31T01:45:00Z,2025-12-31,2025-12-31_11,0.0,0,1,99,64.34768939684173,64.34768939684173,0.0,0.0,0.0,True,True,True,False,0.0,1012.5728469674077,0.0,0.18542864431057823,0.0,0.0,1012.7582756117183
2025-12-31T01:45:00Z,2025-12-31T02:00:00Z,2025-12-31,2025-12-31_12,0.0,0,1,99,64.34768939684173,64.34768939684173,0.0,0.0,0.0,True,True,True,False,0.0,1012.5728469674077,0.0,0.18542864431057823,0.0,0.0,1012.7582756117183
2025-12-31T02:00:00Z,2025-12-31T02:15:00Z,2025-12-31,2025-12-31_13,0.0,0,0,99,64.34768939684173,64.34768939684173,0.0,0.0,0.0,True,True,True,False,0.0,1012.5728469674077,0.0,0.0,0.0,0.0,1012.5728469674077
2025-12-31T02:15:00Z,2025-12-31T02:30:00Z,2025-12-31,2025-12-31_14,0.0,0,0,99,64.34768939684173,64.34768939684173,0.0,0.0,0.0,True,True,True,False,0.0,1012.5728469674077,0.0,0.0,0.0,0.0,1012.5728469674077
2025-12-31T02:30:00Z,2025-12-31T02:45:00Z,2025-12-31,2025-12-31_15,0.0,0,0,99,64.34768939684173,64.34768939684173,0.0,0.0,0.0,True,True,True,False,0.0,1012.5728469674077,0.0,0.0,0.0,0.0,1012.5728469674077
2025-12-31T02:45:00Z,2025-12-31T03:00:00Z,2025-12-31,2025-12-31_16,0.0,0,0,99,64.34768939684173,64.34768939684173,0.0,0.0,0.0,True,True,True,False,0.0,1012.5728469674077,0.0,0.0,0.0,0.0,1012.5728469674077
2025-12-31T03:00:00Z,2025-12-31T03:15:00Z,2025-12-31,2025-12-31_17,6.178632484870436e-14,0,0,99,64.34768939684173,64.34768939684172,4.6638228297633116e-17,0.0,0.0,True,True,True,False,1.1493801079980228e-12,1012.5728469674077,0.0,0.0,0.0,0.0,1012.5728469674089
2025-12-31T03:15:00Z,2025-12-31T03:30:00Z,2025-12-31,2025-12-31_18,0.0,0,0,99,64.34768939684172,64.34768939684172,0.0,0.0,0.0,True,True,True,False,0.0,1012.5728469674077,0.0,0.0,0.0,0.0,1012.5728469674077
2025-12-31T03:30:00Z,2025-12-31T03:45:00Z,2025-12-31,2025-12-31_19,0.0,0,0,99,64.34768939684172,64.34768939684172,0.0,0.0,0.0,True,True,True,False,0.0,1012.5728469674077,0.0,0.0,0.0,0.0,1012.5728469674077
2025-12-31T03:45:00Z,2025-12-31T04:00:00Z,2025-12-31,2025-12-31_20,0.0,0,0,99,64.34768939684172,64.34768939684172,0.0,0.0,0.0,True,True,True,False,0.0,1012.5728469674077,0.0,0.0,0.0,0.0,1012.5728469674077
2025-12-31T04:00:00Z,2025-12-31T04:15:00Z,2025-12-31,2025-12-31_21,0.0,0,0,99,64.34768939684172,64.34768939684172,0.0,0.0,0.0,True,True,True,False,0.0,1012.5728469674077,0.0,0.0,0.0,0.0,1012.5728469674077
2025-12-31T04:15:00Z,2025-12-31T04:30:00Z,2025-12-31,2025-12-31_22,0.0,0,0,99,64.34768939684172,64.34768939684172,0.0,0.0,0.0,True,True,True,False,0.0,1012.5728469674077,0.0,0.0,0.0,0.0,1012.5728469674077
2025-12-31T04:30:00Z,2025-12-31T04:45:00Z,2025-12-31,2025-12-31_23,0.0,0,0,99,64.34768939684172,64.34768939684172,0.0,0.0,0.0,True,True,True,False,0.0,1012.5728469674077,0.0,0.0,0.0,0.0,1012.5728469674077
2025-12-31T04:45:00Z,2025-12-31T05:00:00Z,2025-12-31,2025-12-31_24,0.0,0,0,99,64.34768939684172,64.34768939684172,0.0,0.0,0.0,True,True,True,False,0.0,1012.5728469674077,0.0,0.0,0.0,0.0,1012.5728469674077
2025-12-31T05:00:00Z,2025-12-31T05:15:00Z,2025-12-31,2025-12-31_25,0.0,1,0,99,64.34768939684172,64.34768939684172,0.0,0.0,0.0,True,True,True,False,0.0,1012.5728469674077,1.0663618703765476,0.0,0.0,0.0,1013.6392088377843
2025-12-31T05:15:00Z,2025-12-31T05:30:00Z,2025-12-31,2025-12-31_26,0.0,1,0,99,64.34768939684172,64.34768939684172,0.0,0.0,0.0,True,True,True,False,0.0,1012.5728469674077,1.0663618703765476,0.0,0.0,0.0,1013.6392088377843
2025-12-31T05:30:00Z,2025-12-31T05:45:00Z,2025-12-31,2025-12-31_27,0.0,1,0,99,64.34768939684172,64.34768939684172,0.0,0.0,0.0,True,True,True,False,0.0,1012.5728469674077,1.0663618703765476,0.0,0.0,0.0,1013.6392088377843
2025-12-31T05:45:00Z,2025-12-31T06:00:00Z,2025-12-31,2025-12-31_28,2.842170943040401e-14,1,0,99,64.34768939684172,64.3476893968417,2.1453585016911237e-17,0.0,0.0,True,True,True,False,6.016165343680768e-13,1012.5728469674077,1.0663618703765476,0.0,0.0,0.0,1013.6392088377848
2025-12-31T06:00:00Z,2025-12-31T06:15:00Z,2025-12-31,2025-12-31_29,0.0,0,0,99,64.3476893968417,64.3476893968417,0.0,0.0,0.0,True,True,True,False,0.0,1012.5728469674077,0.0,0.0,0.0,0.0,1012.5728469674077
2025-12-31T06:15:00Z,2025-12-31T06:30:00Z,2025-12-31,2025-12-31_30,0.0,0,0,99,64.3476893968417,64.3476893968417,0.0,0.0,0.0,True,True,True,False,0.0,1012.5728469674077,0.0,0.0,0.0,0.0,1012.5728469674077
2025-12-31T06:30:00Z,2025-12-31T06:45:00Z,2025-12-31,2025-12-31_31,0.0,0,0,99,64.3476893968417,64.3476893968417,0.0,0.0,0.0,True,True,True,False,0.0,1012.5728469674077,0.0,0.0,0.0,0.0,1012.5728469674077
2025-12-31T06:45:00Z,2025-12-31T07:00:00Z,2025-12-31,2025-12-31_32,0.0,0,0,99,64.3476893968417,64.3476893968417,0.0,0.0,0.0,True,True,True,False,0.0,1012.5728469674077,0.0,0.0,0.0,0.0,1012.5728469674077
2025-12-31T07:00:00Z,2025-12-31T07:15:00Z,2025-12-31,2025-12-31_33,0.0,0,0,99,64.3476893968417,64.3476893968417,0.0,0.0,0.0,True,True,True,False,0.0,1012.5728469674077,0.0,0.0,0.0,0.0,1012.5728469674077
2025-12-31T07:15:00Z,2025-12-31T07:30:00Z,2025-12-31,2025-12-31_34,0.0,0,0,99,64.3476893968417,64.3476893968417,0.0,0.0,0.0,True,True,True,False,0.0,1012.5728469674077,0.0,0.0,0.0,0.0,1012.5728469674077
2025-12-31T07:30:00Z,2025-12-31T07:45:00Z,2025-12-31,2025-12-31_35,0.0,0,0,99,64.3476893968417,64.3476893968417,0.0,0.0,0.0,True,True,True,False,0.0,1012.5728469674077,0.0,0.0,0.0,0.0,1012.5728469674077
2025-12-31T07:45:00Z,2025-12-31T08:00:00Z,2025-12-31,2025-12-31_36,0.0,0,0,99,64.3476893968417,64.3476893968417,0.0,0.0,0.0,True,True,True,False,0.0,1012.5728469674077,0.0,0.0,0.0,0.0,1012.5728469674077
2025-12-31T08:00:00Z,2025-12-31T08:15:00Z,2025-12-31,2025-12-31_37,-4.679156507911446e-15,0,0,99,64.3476893968417,64.3476893968417,2.989461102276757e-18,0.0,0.0,True,True,True,False,-1.2161127764061846e-13,1012.5728469674077,0.0,0.0,0.0,0.0,1012.5728469674076
2025-12-31T08:15:00Z,2025-12-31T08:30:00Z,2025-12-31,2025-12-31_38,0.0,0,0,99,64.3476893968417,64.3476893968417,0.0,0.0,0.0,True,True,True,False,0.0,1012.5728469674077,0.0,0.0,0.0,0.0,1012.5728469674077
2025-12-31T08:30:00Z,2025-12-31T08:45:00Z,2025-12-31,2025-12-31_39,0.0,0,0,99,64.3476893968417,64.3476893968417,0.0,0.0,0.0,True,True,True,False,0.0,1012.5728469674077,0.0,0.0,0.0,0.0,1012.5728469674077
2025-12-31T08:45:00Z,2025-12-31T09:00:00Z,2025-12-31,2025-12-31_40,0.0,0,0,99,64.3476893968417,64.3476893968417,0.0,0.0,0.0,True,True,True,False,0.0,1012.5728469674077,0.0,0.0,0.0,0.0,1012.5728469674077
2025-12-31T09:00:00Z,2025-12-31T09:15:00Z,2025-12-31,2025-12-31_41,0.0,0,0,99,64.3476893968417,64.3476893968417,0.0,0.0,0.0,True,True,True,False,0.0,1012.5728469674077,0.0,0.0,0.0,0.0,1012.5728469674077
2025-12-31T09:15:00Z,2025-12-31T09:30:00Z,2025-12-31,2025-12-31_42,0.0,0,0,99,64.3476893968417,64.3476893968417,0.0,0.0,0.0,True,True,True,False,0.0,1012.5728469674077,0.0,0.0,0.0,0.0,1012.5728469674077
2025-12-31T09:30:00Z,2025-12-31T09:45:00Z,2025-12-31,2025-12-31_43,0.0,0,0,99,64.3476893968417,64.3476893968417,0.0,0.0,0.0,True,True,True,False,0.0,1012.5728469674077,0.0,0.0,0.0,0.0,1012.5728469674077
2025-12-31T09:45:00Z,2025-12-31T10:00:00Z,2025-12-31,2025-12-31_44,0.0,0,0,99,64.3476893968417,64.3476893968417,0.0,0.0,0.0,True,True,True,False,0.0,1012.5728469674077,0.0,0.0,0.0,0.0,1012.5728469674077
2025-12-31T10:00:00Z,2025-12-31T10:15:00Z,2025-12-31,2025-12-31_45,0.0,0,0,99,64.3476893968417,64.3476893968417,0.0,0.0,0.0,True,True,True,False,0.0,1012.5728469674077,0.0,0.0,0.0,0.0,1012.5728469674077
2025-12-31T10:15:00Z,2025-12-31T10:30:00Z,2025-12-31,2025-12-31_46,0.0,0,0,99,64.3476893968417,64.3476893968417,0.0,0.0,0.0,True,True,True,False,0.0,1012.5728469674077,0.0,0.0,0.0,0.0,1012.5728469674077
2025-12-31T10:30:00Z,2025-12-31T10:45:00Z,2025-12-31,2025-12-31_47,0.0,0,0,99,64.3476893968417,64.3476893968417,0.0,0.0,0.0,True,True,True,False,0.0,1012.5728469674077,0.0,0.0,0.0,0.0,1012.5728469674077
2025-12-31T10:45:00Z,2025-12-31T11:00:00Z,2025-12-31,2025-12-31_48,0.0,0,0,99,64.3476893968417,64.3476893968417,0.0,0.0,0.0,True,True,True,False,0.0,1012.5728469674077,0.0,0.0,0.0,0.0,1012.5728469674077
2025-12-31T11:00:00Z,2025-12-31T11:15:00Z,2025-12-31,2025-12-31_49,-3.224965084369052e-14,0,0,99,64.3476893968417,64.3476893968417,2.0603943594580054e-17,0.0,0.0,True,True,True,False,-6.71598978819855e-13,1012.5728469674077,0.0,0.0,0.0,0.0,1012.572846967407
2025-12-31T11:15:00Z,2025-12-31T11:30:00Z,2025-12-31,2025-12-31_50,0.0,0,0,99,64.3476893968417,64.3476893968417,0.0,0.0,0.0,True,True,True,False,0.0,1012.5728469674077,0.0,0.0,0.0,0.0,1012.5728469674077
2025-12-31T11:30:00Z,2025-12-31T11:45:00Z,2025-12-31,2025-12-31_51,0.0,0,0,99,64.3476893968417,64.3476893968417,0.0,0.0,0.0,True,True,True,False,0.0,1012.5728469674077,0.0,0.0,0.0,0.0,1012.5728469674077
2025-12-31T11:45:00Z,2025-12-31T12:00:00Z,2025-12-31,2025-12-31_52,0.0,0,0,99,64.3476893968417,64.3476893968417,0.0,0.0,0.0,True,True,True,False,0.0,1012.5728469674077,0.0,0.0,0.0,0.0,1012.5728469674077
2025-12-31T12:00:00Z,2025-12-31T12:15:00Z,2025-12-31,2025-12-31_53,0.0,0,0,99,64.3476893968417,64.3476893968417,0.0,0.0,0.0,True,True,True,False,0.0,1012.5728469674077,0.0,0.0,0.0,0.0,1012.5728469674077
2025-12-31T12:15:00Z,2025-12-31T12:30:00Z,2025-12-31,2025-12-31_54,0.0,0,0,99,64.3476893968417,64.3476893968417,0.0,0.0,0.0,True,True,True,False,0.0,1012.5728469674077,0.0,0.0,0.0,0.0,1012.5728469674077
2025-12-31T12:30:00Z,2025-12-31T12:45:00Z,2025-12-31,2025-12-31_55,0.0,0,0,99,64.3476893968417,64.3476893968417,0.0,0.0,0.0,True,True,True,False,0.0,1012.5728469674077,0.0,0.0,0.0,0.0,1012.5728469674077
2025-12-31T12:45:00Z,2025-12-31T13:00:00Z,2025-12-31,2025-12-31_56,0.0,0,0,99,64.3476893968417,64.3476893968417,0.0,0.0,0.0,True,True,True,False,0.0,1012.5728469674077,0.0,0.0,0.0,0.0,1012.5728469674077
2025-12-31T13:00:00Z,2025-12-31T13:15:00Z,2025-12-31,2025-12-31_57,0.0,0,0,99,64.3476893968417,64.3476893968417,0.0,0.0,0.0,True,True,True,False,0.0,1012.5728469674077,0.0,0.0,0.0,0.0,1012.5728469674077
2025-12-31T13:15:00Z,2025-12-31T13:30:00Z,2025-12-31,2025-12-31_58,0.0,0,0,99,64.3476893968417,64.3476893968417,0.0,0.0,0.0,True,True,True,False,0.0,1012.5728469674077,0.0,0.0,0.0,0.0,1012.5728469674077
2025-12-31T13:30:00Z,2025-12-31T13:45:00Z,2025-12-31,2025-12-31_59,0.0,0,0,99,64.3476893968417,64.3476893968417,0.0,0.0,0.0,True,True,True,False,0.0,1012.5728469674077,0.0,0.0,0.0,0.0,1012.5728469674077
2025-12-31T13:45:00Z,2025-12-31T14:00:00Z,2025-12-31,2025-12-31_60,0.0,0,0,99,64.3476893968417,64.3476893968417,0.0,0.0,0.0,True,True,True,False,0.0,1012.5728469674077,0.0,0.0,0.0,0.0,1012.5728469674077
2025-12-31T14:00:00Z,2025-12-31T14:15:00Z,2025-12-31,2025-12-31_61,0.0,0,0,99,64.3476893968417,64.3476893968417,0.0,0.0,0.0,True,False,True,False,0.0,1012.5728469674077,0.0,0.0,0.0,0.0,1012.5728469674077
2025-12-31T14:15:00Z,2025-12-31T14:30:00Z,2025-12-31,2025-12-31_62,0.0,0,0,99,64.3476893968417,64.3476893968417,0.0,0.0,0.0,True,False,True,False,0.0,1012.5728469674077,0.0,0.0,0.0,0.0,1012.5728469674077
2025-12-31T14:30:00Z,2025-12-31T14:45:00Z,2025-12-31,2025-12-31_63,0.0,0,0,99,64.3476893968417,64.3476893968417,0.0,0.0,0.0,True,False,True,False,0.0,1012.5728469674077,0.0,0.0,0.0,0.0,1012.5728469674077
2025-12-31T14:45:00Z,2025-12-31T15:00:00Z,2025-12-31,2025-12-31_64,0.0,0,0,99,64.3476893968417,64.3476893968417,0.0,0.0,0.0,True,False,True,False,0.0,1012.5728469674077,0.0,0.0,0.0,0.0,1012.5728469674077
2025-12-31T15:00:00Z,2025-12-31T15:15:00Z,2025-12-31,2025-12-31_65,0.0,0,0,99,64.3476893968417,64.3476893968417,0.0,0.0,0.0,True,True,True,False,0.0,1012.5728469674077,0.0,0.0,0.0,0.0,1012.5728469674077
2025-12-31T15:15:00Z,2025-12-31T15:30:00Z,2025-12-31,2025-12-31_66,0.0,0,0,99,64.3476893968417,64.3476893968417,0.0,0.0,0.0,True,True,True,False,0.0,1012.5728469674077,0.0,0.0,0.0,0.0,1012.5728469674077
2025-12-31T15:30:00Z,2025-12-31T15:45:00Z,2025-12-31,2025-12-31_67,0.0,0,0,99,64.3476893968417,64.3476893968417,0.0,0.0,0.0,True,True,True,False,0.0,1012.5728469674077,0.0,0.0,0.0,0.0,1012.5728469674077
2025-12-31T15:45:00Z,2025-12-31T16:00:00Z,2025-12-31,2025-12-31_68,4.0438901267575955e-08,0,0,99,64.3476893968417,64.34768938585287,3.052453296163643e-11,0.0,0.0,True,True,True,False,1.8430029252697742e-06,1012.5728469674077,0.0,0.0,0.0,0.0,1012.5728488104106
2025-12-31T16:00:00Z,2025-12-31T16:15:00Z,2025-12-31,2025-12-31_69,0.0,0,0,99,64.34768938585287,64.34768938585287,0.0,0.0,0.0,True,True,True,False,0.0,1012.5728469674077,0.0,0.0,0.0,0.0,1012.5728469674077
2025-12-31T16:15:00Z,2025-12-31T16:30:00Z,2025-12-31,2025-12-31_70,0.0,0,0,99,64.34768938585287,64.34768938585287,0.0,0.0,0.0,True,True,True,False,0.0,1012.5728469674077,0.0,0.0,0.0,0.0,1012.5728469674077
2025-12-31T16:30:00Z,2025-12-31T16:45:00Z,2025-12-31,2025-12-31_71,0.0,0,0,99,64.34768938585287,64.34768938585287,0.0,0.0,0.0,True,True,True,False,0.0,1012.5728469674077,0.0,0.0,0.0,0.0,1012.5728469674077
2025-12-31T16:45:00Z,2025-12-31T17:00:00Z,2025-12-31,2025-12-31_72,0.0,0,0,99,64.34768938585287,64.34768938585287,0.0,0.0,0.0,True,True,True,False,0.0,1012.5728469674077,0.0,0.0,0.0,0.0,1012.5728469674077
2025-12-31T17:00:00Z,2025-12-31T17:15:00Z,2025-12-31,2025-12-31_73,-1.309672370553016e-14,0,0,99,64.34768938585287,64.34768938585287,8.367351256310937e-18,0.0,0.0,True,False,True,False,-5.698057066183535e-13,1012.5728469674077,0.0,0.0,0.0,0.0,1012.5728469674071
2025-12-31T17:15:00Z,2025-12-31T17:30:00Z,2025-12-31,2025-12-31_74,0.0,0,0,99,64.34768938585287,64.34768938585287,0.0,0.0,0.0,True,False,True,False,0.0,1012.5728469674077,0.0,0.0,0.0,0.0,1012.5728469674077
2025-12-31T17:30:00Z,2025-12-31T17:45:00Z,2025-12-31,2025-12-31_75,0.0,0,0,99,64.34768938585287,64.34768938585287,0.0,0.0,0.0,True,False,True,False,0.0,1012.5728469674077,0.0,0.0,0.0,0.0,1012.5728469674077
2025-12-31T17:45:00Z,2025-12-31T18:00:00Z,2025-12-31,2025-12-31_76,0.0,0,0,99,64.34768938585287,64.34768938585287,0.0,0.0,0.0,True,False,True,False,0.0,1012.5728469674077,0.0,0.0,0.0,0.0,1012.5728469674077
2025-12-31T18:00:00Z,2025-12-31T18:15:00Z,2025-12-31,2025-12-31_77,0.0,0,0,99,64.34768938585287,64.34768938585287,0.0,0.0,0.0,True,False,True,False,0.0,1012.5728469674077,0.0,0.0,0.0,0.0,1012.5728469674077
2025-12-31T18:15:00Z,2025-12-31T18:30:00Z,2025-12-31,2025-12-31_78,0.0,0,0,99,64.34768938585287,64.34768938585287,0.0,0.0,0.0,True,False,True,False,0.0,1012.5728469674077,0.0,0.0,0.0,0.0,1012.5728469674077
2025-12-31T18:30:00Z,2025-12-31T18:45:00Z,2025-12-31,2025-12-31_79,0.0,0,0,99,64.34768938585287,64.34768938585287,0.0,0.0,0.0,True,False,True,False,0.0,1012.5728469674077,0.0,0.0,0.0,0.0,1012.5728469674077
2025-12-31T18:45:00Z,2025-12-31T19:00:00Z,2025-12-31,2025-12-31_80,0.0,0,0,99,64.34768938585287,64.34768938585287,0.0,0.0,0.0,True,False,True,False,0.0,1012.5728469674077,0.0,0.0,0.0,0.0,1012.5728469674077
2025-12-31T19:00:00Z,2025-12-31T19:15:00Z,2025-12-31,2025-12-31_81,0.0,1,0,99,64.34768938585287,64.34768938585287,0.0,0.0,0.0,True,True,True,False,0.0,1012.5728469674077,0.9742362105841492,0.0,0.0,0.0,1013.5470831779919
2025-12-31T19:15:00Z,2025-12-31T19:30:00Z,2025-12-31,2025-12-31_82,0.0,1,0,99,64.34768938585287,64.34768938585287,0.0,0.0,0.0,True,True,True,False,0.0,1012.5728469674077,0.9742362105841492,0.0,0.0,0.0,1013.5470831779919
2025-12-31T19:30:00Z,2025-12-31T19:45:00Z,2025-12-31,2025-12-31_83,0.0,1,0,99,64.34768938585287,64.34768938585287,0.0,0.0,0.0,True,True,True,False,0.0,1012.5728469674077,0.9742362105841492,0.0,0.0,0.0,1013.5470831779919
2025-12-31T19:45:00Z,2025-12-31T20:00:00Z,2025-12-31,2025-12-31_84,0.0,1,0,99,64.34768938585287,64.34768938585287,0.0,0.0,0.0,True,True,True,False,0.0,1012.5728469674077,0.9742362105841492,0.0,0.0,0.0,1013.5470831779919
2025-12-31T20:00:00Z,2025-12-31T20:15:00Z,2025-12-31,2025-12-31_85,0.0,0,0,99,64.34768938585287,64.34768938585287,0.0,0.0,0.0,True,False,True,False,0.0,1012.5728469674077,0.0,0.0,0.0,0.0,1012.5728469674077
2025-12-31T20:15:00Z,2025-12-31T20:30:00Z,2025-12-31,2025-12-31_86,0.0,0,0,99,64.34768938585287,64.34768938585287,0.0,0.0,0.0,True,False,True,False,0.0,1012.5728469674077,0.0,0.0,0.0,0.0,1012.5728469674077
2025-12-31T20:30:00Z,2025-12-31T20:45:00Z,2025-12-31,2025-12-31_87,0.0,0,0,99,64.34768938585287,64.34768938585287,0.0,0.0,0.0,True,False,True,False,0.0,1012.5728469674077,0.0,0.0,0.0,0.0,1012.5728469674077
2025-12-31T20:45:00Z,2025-12-31T21:00:00Z,2025-12-31,2025-12-31_88,0.0,0,0,99,64.34768938585287,64.34768938585287,0.0,0.0,0.0,True,False,True,False,0.0,1012.5728469674077,0.0,0.0,0.0,0.0,1012.5728469674077
2025-12-31T21:00:00Z,2025-12-31T21:15:00Z,2025-12-31,2025-12-31_89,0.0,0,0,99,64.34768938585287,64.34768938585287,0.0,0.0,0.0,True,True,True,False,0.0,1012.5728469674077,0.0,0.0,0.0,0.0,1012.5728469674077
2025-12-31T21:15:00Z,2025-12-31T21:30:00Z,2025-12-31,2025-12-31_90,0.0,0,0,99,64.34768938585287,64.34768938585287,0.0,0.0,0.0,True,True,True,False,0.0,1012.5728469674077,0.0,0.0,0.0,0.0,1012.5728469674077
2025-12-31T21:30:00Z,2025-12-31T21:45:00Z,2025-12-31,2025-12-31_91,0.0,0,0,99,64.34768938585287,64.34768938585287,0.0,0.0,0.0,True,True,True,False,0.0,1012.5728469674077,0.0,0.0,0.0,0.0,1012.5728469674077
2025-12-31T21:45:00Z,2025-12-31T22:00:00Z,2025-12-31,2025-12-31_92,0.0,0,0,99,64.34768938585287,64.34768938585287,0.0,0.0,0.0,True,True,True,False,0.0,1012.5728469674077,0.0,0.0,0.0,0.0,1012.5728469674077
2025-12-31T22:00:00Z,2025-12-31T22:15:00Z,2026-01-01,2025-12-31_93,0.0,1,0,99,64.34768938585287,64.3312608144243,4.563492063492063e-05,0.015114285714285714,0.0,True,True,True,False,0.0,1012.1359223300971,0.9746984407178583,0.0,2.0850362431527483,0.0,1015.1956570139677
2025-12-31T22:15:00Z,2025-12-31T22:30:00Z,2026-01-01,2025-12-31_94,0.0,1,0,99,64.3312608144243,64.31437261566653,4.691166321601104e-05,0.015537142857142857,0.0,True,True,True,False,0.0,1012.1359223300971,0.9746984407178583,0.0,2.1419925378612756,0.0,1015.2526133086762
2025-12-31T22:30:00Z,2025-12-31T22:45:00Z,2026-01-01,2025-12-31_95,0.0,1,0,99,64.31437261566653,64.31265211877212,4.779158040027606e-06,0.001582857142857143,0.0,True,True,True,False,0.0,1012.1359223300971,0.9746984407178583,0.0,0.2177491105227028,0.0,1013.3283698813376
2025-12-31T22:45:00Z,2025-12-31T23:00:00Z,2026-01-01,2025-12-31_96,-0.16256737051792494,1,0,99,64.31265211877212,64.34782608695652,0.00010828173848289283,0.0020914285714285713,0.0,True,True,True,False,-3.252973084063678,1012.1359223300971,0.9746984407178583,0.0,0.28761419240953223,0.0,1010.1452618791608
2025-12-31T23:00:00Z,2025-12-31T23:15:00Z,2026-01-01,2026-01-01_1,0.0,0,0,100,64.34782608695652,64.34782608695652,0.0,0.0,0.0,True,True,True,False,0.0,1022.3595175051486,0.0,0.0,0.0,0.0,1022.3595175051486
2025-12-31T23:15:00Z,2025-12-31T23:30:00Z,2026-01-01,2026-01-01_2,0.0,0,0,100,64.34782608695652,64.34782608695652,0.0,0.0,0.0,True,True,True,False,0.0,1022.3595175051486,0.0,0.0,0.0,0.0,1022.3595175051486
2025-12-31T23:30:00Z,2025-12-31T23:45:00Z,2026-01-01,2026-01-01_3,0.0,0,0,100,64.34782608695652,64.34782608695652,0.0,0.0,0.0,True,True,True,False,0.0,1022.3595175051486,0.0,0.0,0.0,0.0,1022.3595175051486
2025-12-31T23:45:00Z,2026-01-01T00:00:00Z,2026-01-01,2026-01-01_4,0.0,0,0,100,64.34782608695652,64.34782608695652,0.0,0.0,0.0,True,True,True,False,0.0,1022.3595175051486,0.0,0.0,0.0,0.0,1022.3595175051486
2026-01-01T00:00:00Z,2026-01-01T00:15:00Z,2026-01-01,2026-01-01_5,0.0,0,0,100,64.34782608695652,64.34782608695652,0.0,0.0,0.0,True,True,True,False,0.0,1022.3595175051486,0.0,0.0,0.0,0.0,1022.3595175051486
2026-01-01T00:15:00Z,2026-01-01T00:30:00Z,2026-01-01,2026-01-01_6,0.0,0,0,100,64.34782608695652,64.34782608695652,0.0,0.0,0.0,True,True,True,False,0.0,1022.3595175051486,0.0,0.0,0.0,0.0,1022.3595175051486
2026-01-01T00:30:00Z,2026-01-01T00:45:00Z,2026-01-01,2026-01-01_7,0.0,0,0,100,64.34782608695652,64.34782608695652,0.0,0.0,0.0,True,True,True,False,0.0,1022.3595175051486,0.0,0.0,0.0,0.0,1022.3595175051486
2026-01-01T00:45:00Z,2026-01-01T01:00:00Z,2026-01-01,2026-01-01_8,0.0,0,0,100,64.34782608695652,64.34782608695652,0.0,0.0,0.0,True,True,True,False,0.0,1022.3595175051486,0.0,0.0,0.0,0.0,1022.3595175051486
2026-01-01T01:00:00Z,2026-01-01T01:15:00Z,2026-01-01,2026-01-01_9,0.0,0,0,100,64.34782608695652,64.34782608695652,0.0,0.0,0.0,True,True,True,False,0.0,1022.3595175051486,0.0,0.0,0.0,0.0,1022.3595175051486
2026-01-01T01:15:00Z,2026-01-01T01:30:00Z,2026-01-01,2026-01-01_10,0.0,0,0,100,64.34782608695652,64.34782608695652,0.0,0.0,0.0,True,True,True,False,0.0,1022.3595175051486,0.0,0.0,0.0,0.0,1022.3595175051486
2026-01-01T01:30:00Z,2026-01-01T01:45:00Z,2026-01-01,2026-01-01_11,0.0,0,0,100,64.34782608695652,64.34782608695652,0.0,0.0,0.0,True,True,True,False,0.0,1022.3595175051486,0.0,0.0,0.0,0.0,1022.3595175051486
2026-01-01T01:45:00Z,2026-01-01T02:00:00Z,2026-01-01,2026-01-01_12,0.0,0,0,100,64.34782608695652,64.34782608695652,0.0,0.0,0.0,True,True,True,False,0.0,1022.3595175051486,0.0,0.0,0.0,0.0,1022.3595175051486
2026-01-01T02:00:00Z,2026-01-01T02:15:00Z,2026-01-01,2026-01-01_13,-32.79761584089336,100,66,0,64.34782608695652,57.843347478260874,0.03716178935532932,13.609714285714286,0.0,True,True,True,False,-677.3527611540501,0.0,97.3521624007061,12.737864077669904,11428.08656192998,0.0,10860.823827254306
2026-01-01T02:15:00Z,2026-01-01T02:30:00Z,2026-01-01,2026-01-01_14,-33.99999999999998,100,66,0,57.843347478260874,59.50574688198758,0.028439722291235328,5.977142857142858,0.0,True,True,True,False,-661.0449999999995,0.0,97.3521624007061,12.737864077669904,1212.6935283486741,0.0,661.7385548270506
2026-01-01T02:30:00Z,2026-01-01T02:45:00Z,2026-01-01,2026-01-01_15,-34.0,100,66,0,59.50574688198758,64.46770186335404,0.02484014409937888,2.7742857142857145,0.0,True,True,True,False,-636.99,0.0,97.3521624007061,12.737864077669904,426.84930918057137,0.0,-100.05066434105262
2026-01-01T02:45:00Z,2026-01-01T03:00:00Z,2026-01-01,2026-01-01_16,1.5642680387721298e-14,100,66,0,64.46770186335404,64.34782608695652,0.0003329882677708883,0.11028571428571428,0.0,True,True,True,False,2.997528629297094e-13,0.0,97.3521624007061,12.737864077669904,15.910106782106782,0.0,126.0001332604831
2026-01-01T03:00:00Z,2026-01-01T03:15:00Z,2026-01-01,2026-01-01_17,0.0,0,0,100,64.34782608695652,64.34782608695652,0.0,0.0,0.0,True,True,True,False,0.0,1022.3595175051486,0.0,0.0,0.0,0.0,1022.3595175051486
2026-01-01T03:15:00Z,2026-01-01T03:30:00Z,2026-01-01,2026-01-01_18,0.0,0,0,100,64.34782608695652,64.34782608695652,0.0,0.0,0.0,True,True,True,False,0.0,1022.3595175051486,0.0,0.0,0.0,0.0,1022.3595175051486
2026-01-01T03:30:00Z,2026-01-01T03:45:00Z,2026-01-01,2026-01-01_19,0.0,0,0,100,64.34782608695652,64.34782608695652,0.0,0.0,0.0,True,True,True,False,0.0,1022.3595175051486,0.0,0.0,0.0,0.0,1022.3595175051486
2026-01-01T03:45:00Z,2026-01-01T04:00:00Z,2026-01-01,2026-01-01_20,0.0,0,0,100,64.34782608695652,64.34782608695652,0.0,0.0,0.0,True,True,True,False,0.0,1022.3595175051486,0.0,0.0,0.0,0.0,1022.3595175051486
2026-01-01T04:00:00Z,2026-01-01T04:15:00Z,2026-01-01,2026-01-01_21,0.0,0,0,100,64.34782608695652,64.34782608695652,0.0,0.0,0.0,True,True,True,False,0.0,1022.3595175051486,0.0,0.0,0.0,0.0,1022.3595175051486
2026-01-01T04:15:00Z,2026-01-01T04:30:00Z,2026-01-01,2026-01-01_22,0.0,0,0,100,64.34782608695652,64.34782608695652,0.0,0.0,0.0,True,True,True,False,0.0,1022.3595175051486,0.0,0.0,0.0,0.0,1022.3595175051486
2026-01-01T04:30:00Z,2026-01-01T04:45:00Z,2026-01-01,2026-01-01_23,0.0,0,0,100,64.34782608695652,64.34782608695652,0.0,0.0,0.0,True,True,True,False,0.0,1022.3595175051486,0.0,0.0,0.0,0.0,1022.3595175051486
2026-01-01T04:45:00Z,2026-01-01T05:00:00Z,2026-01-01,2026-01-01_24,0.0,0,0,100,64.34782608695652,64.34782608695652,0.0,0.0,0.0,True,True,True,False,0.0,1022.3595175051486,0.0,0.0,0.0,0.0,1022.3595175051486
2026-01-01T05:00:00Z,2026-01-01T05:15:00Z,2026-01-01,2026-01-01_25,0.0,0,0,100,64.34782608695652,64.34782608695652,0.0,0.0,0.0,True,True,True,False,0.0,1022.3595175051486,0.0,0.0,0.0,0.0,1022.3595175051486
2026-01-01T05:15:00Z,2026-01-01T05:30:00Z,2026-01-01,2026-01-01_26,0.0,0,0,100,64.34782608695652,64.34782608695652,0.0,0.0,0.0,True,True,True,False,0.0,1022.3595175051486,0.0,0.0,0.0,0.0,1022.3595175051486
2026-01-01T05:30:00Z,2026-01-01T05:45:00Z,2026-01-01,2026-01-01_27,0.0,0,0,100,64.34782608695652,64.34782608695652,0.0,0.0,0.0,True,True,True,False,0.0,1022.3595175051486,0.0,0.0,0.0,0.0,1022.3595175051486
2026-01-01T05:45:00Z,2026-01-01T06:00:00Z,2026-01-01,2026-01-01_28,0.0,0,0,100,64.34782608695652,64.34782608695652,0.0,0.0,0.0,True,True,True,False,0.0,1022.3595175051486,0.0,0.0,0.0,0.0,1022.3595175051486
2026-01-01T06:00:00Z,2026-01-01T06:15:00Z,2026-01-01,2026-01-01_29,57.0,43,100,0,64.34782608695652,49.289719970186326,0.04430967762594893,0.6580228571428571,1.1291428571428572,True,True,True,False,1192.8674999999998,0.0,46.403059723448074,19.00558987937629,101.01492987012986,-45.79379100295606,1313.497288469998
2026-01-01T06:15:00Z,2026-01-01T06:30:00Z,2026-01-01,2026-01-01_30,57.0,43,100,0,49.289719970186326,37.23150816397515,0.04121362835058662,0.12359428571428571,3.512,True,True,True,False,1072.5974999999999,0.0,46.403059723448074,19.00558987937629,18.695790160131132,-120.79805903697165,1035.9038807259838
2026-01-01T06:30:00Z,2026-01-01T06:45:00Z,2026-01-01,2026-01-01_31,54.16612705340319,43,100,0,37.23150816397515,42.267300372670796,0.03181192064807635,0.0,19.550857142857144,True,True,True,False,827.5230060583672,0.0,46.403059723448074,19.00558987937629,0.0,851.2416741058295,1744.173329767021
2026-01-01T06:45:00Z,2026-01-01T07:00:00Z,2026-01-01,2026-01-01_32,0.0,43,100,0,42.267300372670796,64.3478260869565,0.06133479365079365,0.0,24.000571428571426,True,True,True,False,0.0,0.0,46.403059723448074,19.00558987937629,0.0,2026.2441827428236,2091.6528323456478
2026-01-01T07:00:00Z,2026-01-01T07:15:00Z,2026-01-01,2026-01-01_33,0.0,0,0,100,64.3478260869565,64.3478260869565,0.0,0.0,0.0,True,True,True,False,0.0,1022.3595175051486,0.0,0.0,0.0,0.0,1022.3595175051486
2026-01-01T07:15:00Z,2026-01-01T07:30:00Z,2026-01-01,2026-01-01_34,0.0,0,0,100,64.3478260869565,64.3478260869565,0.0,0.0,0.0,True,True,True,False,0.0,1022.3595175051486,0.0,0.0,0.0,0.0,1022.3595175051486
2026-01-01T07:30:00Z,2026-01-01T07:45:00Z,2026-01-01,2026-01-01_35,0.0,0,0,100,64.3478260869565,64.3478260869565,0.0,0.0,0.0,True,True,True,False,0.0,1022.3595175051486,0.0,0.0,0.0,0.0,1022.3595175051486
2026-01-01T07:45:00Z,2026-01-01T08:00:00Z,2026-01-01,2026-01-01_36,0.0,0,0,100,64.3478260869565,64.3478260869565,0.0,0.0,0.0,True,True,True,False,0.0,1022.3595175051486,0.0,0.0,0.0,0.0,1022.3595175051486
2026-01-01T08:00:00Z,2026-01-01T08:15:00Z,2026-01-01,2026-01-01_37,0.0,0,0,100,64.3478260869565,64.3478260869565,0.0,0.0,0.0,True,False,True,False,0.0,1022.3595175051486,0.0,0.0,0.0,0.0,1022.3595175051486
2026-01-01T08:15:00Z,2026-01-01T08:30:00Z,2026-01-01,2026-01-01_38,0.0,0,0,100,64.3478260869565,64.3478260869565,0.0,0.0,0.0,True,False,True,False,0.0,1022.3595175051486,0.0,0.0,0.0,0.0,1022.3595175051486
2026-01-01T08:30:00Z,2026-01-01T08:45:00Z,2026-01-01,2026-01-01_39,0.0,0,0,100,64.3478260869565,64.3478260869565,0.0,0.0,0.0,True,False,True,False,0.0,1022.3595175051486,0.0,0.0,0.0,0.0,1022.3595175051486
2026-01-01T08:45:00Z,2026-01-01T09:00:00Z,2026-01-01,2026-01-01_40,0.0,0,0,100,64.3478260869565,64.3478260869565,0.0,0.0,0.0,True,False,True,False,0.0,1022.3595175051486,0.0,0.0,0.0,0.0,1022.3595175051486
2026-01-01T09:00:00Z,2026-01-01T09:15:00Z,2026-01-01,2026-01-01_41,-35.00000000000004,35,0,65,64.3478260869565,69.19254608695651,0.013457555555555582,3.4840000000000004,0.0,True,True,True,False,-397.95000000000044,664.5336863783466,34.382171226831424,0.0,430.0568692752771,0.0,731.0227268804547
2026-01-01T09:15:00Z,2026-01-01T09:30:00Z,2026-01-01,2026-01-01_42,-34.99999999999998,35,0,65,69.19254608695651,76.12493008695651,0.019256622222222214,1.2148,0.0,True,True,True,False,-217.4374999999999,664.5336863783466,34.382171226831424,0.0,146.5801482789056,0.0,628.0585058840837
2026-01-01T09:30:00Z,2026-01-01T09:45:00Z,2026-01-01,2026-01-01_43,-34.612896576116725,35,0,65,76.12493008695651,84.0846057142857,0.02211030357915692,0.0014000000000000002,0.0,True,True,True,False,-192.70730168752985,664.5336863783466,34.382171226831424,0.0,0.14333627537511034,0.0,506.3518921930233
2026-01-01T09:45:00Z,2026-01-01T10:00:00Z,2026-01-01,2026-01-01_44,-35.0,35,0,65,84.0846057142857,92.13460571428571,0.02236111111111111,0.0,0.0,True,True,True,False,-89.5125,664.5336863783466,34.382171226831424,0.0,0.0,0.0,609.403357605178
2026-01-01T10:00:00Z,2026-01-01T10:15:00Z,2026-01-01,2026-01-01_45,0.0,100,100,0,92.13460571428571,101.73625142857142,0.026671238095238095,0.0,10.436571428571428,True,True,True,False,0.0,0.0,98.23477493380408,19.299794057075612,0.0,27.486963056361116,145.0215320472408
2026-01-01T10:15:00Z,2026-01-01T10:30:00Z,2026-01-01,2026-01-01_46,0.0,100,100,0,101.73625142857142,117.51346285714286,0.0438255873015873,0.0,17.149142857142856,True,True,True,False,0.0,0.0,98.23477493380408,19.299794057075612,0.0,391.1491267739812,508.6836957648609
2026-01-01T10:30:00Z,2026-01-01T10:45:00Z,2026-01-01,2026-01-01_47,0.0,100,100,0,117.51346285714286,135.71894857142857,0.05057079365079366,0.0,19.78857142857143,True,True,True,False,0.0,0.0,98.23477493380408,19.299794057075612,0.0,726.2174779697112,843.752046960591
2026-01-01T10:45:00Z,2026-01-01T11:00:00Z,2026-01-01,2026-01-01_48,0.0,100,100,0,135.71894857142857,144.0,0.023002920634920637,0.0,9.001142857142858,True,True,True,False,0.0,0.0,98.23477493380408,19.299794057075612,0.0,52.96524210201881,170.4998110928985
2026-01-01T11:00:00Z,2026-01-01T11:15:00Z,2026-01-01,2026-01-01_49,0.0,0,0,100,144.0,144.0,0.0,0.0,0.0,True,True,True,False,0.0,1022.3595175051486,0.0,0.0,0.0,0.0,1022.3595175051486
2026-01-01T11:15:00Z,2026-01-01T11:30:00Z,2026-01-01,2026-01-01_50,0.0,0,0,100,144.0,144.0,0.0,0.0,0.0,True,True,True,False,0.0,1022.3595175051486,0.0,0.0,0.0,0.0,1022.3595175051486
2026-01-01T11:30:00Z,2026-01-01T11:45:00Z,2026-01-01,2026-01-01_51,0.0,0,0,100,144.0,144.0,0.0,0.0,0.0,True,True,True,False,0.0,1022.3595175051486,0.0,0.0,0.0,0.0,1022.3595175051486
2026-01-01T11:45:00Z,2026-01-01T12:00:00Z,2026-01-01,2026-01-01_52,0.0,0,0,100,144.0,144.0,0.0,0.0,0.0,True,True,True,False,0.0,1022.3595175051486,0.0,0.0,0.0,0.0,1022.3595175051486
2026-01-01T12:00:00Z,2026-01-01T12:15:00Z,2026-01-01,2026-01-01_53,0.0,0,0,100,144.0,144.0,0.0,0.0,0.0,True,True,True,False,0.0,1022.3595175051486,0.0,0.0,0.0,0.0,1022.3595175051486
2026-01-01T12:15:00Z,2026-01-01T12:30:00Z,2026-01-01,2026-01-01_54,0.0,0,0,100,144.0,144.0,0.0,0.0,0.0,True,True,True,False,0.0,1022.3595175051486,0.0,0.0,0.0,0.0,1022.3595175051486
2026-01-01T12:30:00Z,2026-01-01T12:45:00Z,2026-01-01,2026-01-01_55,0.0,0,0,100,144.0,144.0,0.0,0.0,0.0,True,True,True,False,0.0,1022.3595175051486,0.0,0.0,0.0,0.0,1022.3595175051486
2026-01-01T12:45:00Z,2026-01-01T13:00:00Z,2026-01-01,2026-01-01_56,0.0,0,0,100,144.0,144.0,0.0,0.0,0.0,True,True,True,False,0.0,1022.3595175051486,0.0,0.0,0.0,0.0,1022.3595175051486
2026-01-01T13:00:00Z,2026-01-01T13:15:00Z,2026-01-01,2026-01-01_57,0.0,0,0,100,144.0,144.0,0.0,0.0,0.0,True,True,True,False,0.0,1022.3595175051486,0.0,0.0,0.0,0.0,1022.3595175051486
2026-01-01T13:15:00Z,2026-01-01T13:30:00Z,2026-01-01,2026-01-01_58,0.0,0,0,100,144.0,144.0,0.0,0.0,0.0,True,True,True,False,0.0,1022.3595175051486,0.0,0.0,0.0,0.0,1022.3595175051486
2026-01-01T13:30:00Z,2026-01-01T13:45:00Z,2026-01-01,2026-01-01_59,0.0,0,0,100,144.0,144.0,0.0,0.0,0.0,True,True,True,False,0.0,1022.3595175051486,0.0,0.0,0.0,0.0,1022.3595175051486
2026-01-01T13:45:00Z,2026-01-01T14:00:00Z,2026-01-01,2026-01-01_60,0.0,0,0,100,144.0,144.0,0.0,0.0,0.0,True,True,True,False,0.0,1022.3595175051486,0.0,0.0,0.0,0.0,1022.3595175051486
2026-01-01T14:00:00Z,2026-01-01T14:15:00Z,2026-01-01,2026-01-01_61,-100.0,100,0,0,144.0,165.49856,0.05971822222222223,1.6319999999999997,0.0,True,True,True,False,-1383.0,0.0,103.29508679023242,0.0,192.00271138570164,0.0,-1087.702201824066
2026-01-01T14:15:00Z,2026-01-01T14:30:00Z,2026-01-01,2026-01-01_62,-63.34700717918001,100,0,0,165.49856,173.11366459627328,0.036841257520685,7.088,0.0,True,True,True,False,-1042.691738169303,0.0,103.29508679023242,0.0,1482.9858789840148,0.0,543.5892276049441
2026-01-01T14:30:00Z,2026-01-01T14:45:00Z,2026-01-01,2026-01-01_63,0.0,100,0,0,173.11366459627328,161.89316770186335,0.031168046928916497,10.322857142857144,0.0,True,True,True,False,0.0,0.0,103.29508679023242,0.0,1936.6882662968103,0.0,2039.9833530870428
2026-01-01T14:45:00Z,2026-01-01T15:00:00Z,2026-01-01,2026-01-01_64,0.0,100,0,0,161.89316770186335,144.0,0.0497032436162871,16.461714285714287,0.0,True,True,True,False,0.0,0.0,103.29508679023242,0.0,12789.12633104975,0.0,12892.421417839983
2026-01-01T15:00:00Z,2026-01-01T15:15:00Z,2026-01-01,2026-01-01_65,0.0,0,0,100,144.0,144.0,0.0,0.0,0.0,True,True,True,False,0.0,1022.3595175051486,0.0,0.0,0.0,0.0,1022.3595175051486
2026-01-01T15:15:00Z,2026-01-01T15:30:00Z,2026-01-01,2026-01-01_66,0.0,0,0,100,144.0,144.0,0.0,0.0,0.0,True,True,True,False,0.0,1022.3595175051486,0.0,0.0,0.0,0.0,1022.3595175051486
2026-01-01T15:30:00Z,2026-01-01T15:45:00Z,2026-01-01,2026-01-01_67,0.0,0,0,100,144.0,144.0,0.0,0.0,0.0,True,True,True,False,0.0,1022.3595175051486,0.0,0.0,0.0,0.0,1022.3595175051486
2026-01-01T15:45:00Z,2026-01-01T16:00:00Z,2026-01-01,2026-01-01_68,0.0,0,0,100,144.0,144.0,0.0,0.0,0.0,True,True,True,False,0.0,1022.3595175051486,0.0,0.0,0.0,0.0,1022.3595175051486
2026-01-01T16:00:00Z,2026-01-01T16:15:00Z,2026-01-01,2026-01-01_69,0.0,0,0,100,144.0,144.0,0.0,0.0,0.0,True,True,True,False,0.0,1022.3595175051486,0.0,0.0,0.0,0.0,1022.3595175051486
2026-01-01T16:15:00Z,2026-01-01T16:30:00Z,2026-01-01,2026-01-01_70,0.0,0,0,100,144.0,144.0,0.0,0.0,0.0,True,True,True,False,0.0,1022.3595175051486,0.0,0.0,0.0,0.0,1022.3595175051486
2026-01-01T16:30:00Z,2026-01-01T16:45:00Z,2026-01-01,2026-01-01_71,0.0,0,0,100,144.0,144.0,0.0,0.0,0.0,True,True,True,False,0.0,1022.3595175051486,0.0,0.0,0.0,0.0,1022.3595175051486
2026-01-01T16:45:00Z,2026-01-01T17:00:00Z,2026-01-01,2026-01-01_72,0.0,0,0,100,144.0,144.0,0.0,0.0,0.0,True,True,True,False,0.0,1022.3595175051486,0.0,0.0,0.0,0.0,1022.3595175051486
2026-01-01T17:00:00Z,2026-01-01T17:15:00Z,2026-01-01,2026-01-01_73,0.0,0,0,100,144.0,144.0,0.0,0.0,0.0,True,True,True,False,0.0,1022.3595175051486,0.0,0.0,0.0,0.0,1022.3595175051486
2026-01-01T17:15:00Z,2026-01-01T17:30:00Z,2026-01-01,2026-01-01_74,0.0,0,0,100,144.0,144.0,0.0,0.0,0.0,True,True,True,False,0.0,1022.3595175051486,0.0,0.0,0.0,0.0,1022.3595175051486
2026-01-01T17:30:00Z,2026-01-01T17:45:00Z,2026-01-01,2026-01-01_75,0.0,0,0,100,144.0,144.0,0.0,0.0,0.0,True,True,True,False,0.0,1022.3595175051486,0.0,0.0,0.0,0.0,1022.3595175051486
2026-01-01T17:45:00Z,2026-01-01T18:00:00Z,2026-01-01,2026-01-01_76,0.0,0,0,100,144.0,144.0,0.0,0.0,0.0,True,True,True,False,0.0,1022.3595175051486,0.0,0.0,0.0,0.0,1022.3595175051486
2026-01-01T18:00:00Z,2026-01-01T18:15:00Z,2026-01-01,2026-01-01_77,0.0,0,0,100,144.0,144.0,0.0,0.0,0.0,True,True,True,False,0.0,1022.3595175051486,0.0,0.0,0.0,0.0,1022.3595175051486
2026-01-01T18:15:00Z,2026-01-01T18:30:00Z,2026-01-01,2026-01-01_78,0.0,0,0,100,144.0,144.0,0.0,0.0,0.0,True,True,True,False,0.0,1022.3595175051486,0.0,0.0,0.0,0.0,1022.3595175051486
2026-01-01T18:30:00Z,2026-01-01T18:45:00Z,2026-01-01,2026-01-01_79,0.0,0,0,100,144.0,144.0,0.0,0.0,0.0,True,True,True,False,0.0,1022.3595175051486,0.0,0.0,0.0,0.0,1022.3595175051486
2026-01-01T18:45:00Z,2026-01-01T19:00:00Z,2026-01-01,2026-01-01_80,0.0,0,0,100,144.0,144.0,0.0,0.0,0.0,True,True,True,False,0.0,1022.3595175051486,0.0,0.0,0.0,0.0,1022.3595175051486
2026-01-01T19:00:00Z,2026-01-01T19:15:00Z,2026-01-01,2026-01-01_81,0.0,100,100,0,144.0,144.70971428571428,0.001971428571428572,0.0,0.7714285714285716,True,True,True,False,0.0,0.0,97.38158281847603,19.299794057075612,0.0,-45.39150170218132,71.28987517337032
2026-01-01T19:15:00Z,2026-01-01T19:30:00Z,2026-01-01,2026-01-01_82,0.0,100,100,0,144.70971428571428,138.2247542857143,0.018732253968253967,6.0851428571428565,0.14057142857142857,True,True,True,False,0.0,0.0,97.38158281847603,19.299794057075612,5524.271355104443,-8.271340310175262,5632.681391669819
2026-01-01T19:30:00Z,2026-01-01T19:45:00Z,2026-01-01,2026-01-01_83,0.0,100,100,0,138.2247542857143,138.18502062111804,0.0004520855762594893,0.09314285714285714,0.06685714285714286,True,True,True,False,0.0,0.0,97.38158281847603,19.299794057075612,12.738767760826013,-4.733042491489095,124.68710214488857
2026-01-01T19:45:00Z,2026-01-01T20:00:00Z,2026-01-01,2026-01-01_84,0.0,100,100,0,138.18502062111804,139.50193490683233,0.003658095238095238,0.0,1.4314285714285713,True,True,True,False,0.0,0.0,97.38158281847603,19.299794057075612,0.0,-82.1339873071912,34.547389568360444
2026-01-01T20:00:00Z,2026-01-01T20:15:00Z,2026-01-01,2026-01-01_85,0.0,0,0,100,139.50193490683233,139.50193490683233,0.0,0.0,0.0,True,True,True,False,0.0,1022.3595175051486,0.0,0.0,0.0,0.0,1022.3595175051486
2026-01-01T20:15:00Z,2026-01-01T20:30:00Z,2026-01-01,2026-01-01_86,0.0,0,0,100,139.50193490683233,139.50193490683233,0.0,0.0,0.0,True,True,True,False,0.0,1022.3595175051486,0.0,0.0,0.0,0.0,1022.3595175051486
2026-01-01T20:30:00Z,2026-01-01T20:45:00Z,2026-01-01,2026-01-01_87,0.0,0,0,100,139.50193490683233,139.50193490683233,0.0,0.0,0.0,True,True,True,False,0.0,1022.3595175051486,0.0,0.0,0.0,0.0,1022.3595175051486
2026-01-01T20:45:00Z,2026-01-01T21:00:00Z,2026-01-01,2026-01-01_88,0.0,0,0,100,139.50193490683233,139.50193490683233,0.0,0.0,0.0,True,True,True,False,0.0,1022.3595175051486,0.0,0.0,0.0,0.0,1022.3595175051486
2026-01-01T21:00:00Z,2026-01-01T21:15:00Z,2026-01-01,2026-01-01_89,0.0,0,0,100,139.50193490683233,139.50193490683233,0.0,0.0,0.0,True,True,True,False,0.0,1022.3595175051486,0.0,0.0,0.0,0.0,1022.3595175051486
2026-01-01T21:15:00Z,2026-01-01T21:30:00Z,2026-01-01,2026-01-01_90,0.0,0,0,100,139.50193490683233,139.50193490683233,0.0,0.0,0.0,True,True,True,False,0.0,1022.3595175051486,0.0,0.0,0.0,0.0,1022.3595175051486
2026-01-01T21:30:00Z,2026-01-01T21:45:00Z,2026-01-01,2026-01-01_91,0.0,0,0,100,139.50193490683233,139.50193490683233,0.0,0.0,0.0,True,True,True,False,0.0,1022.3595175051486,0.0,0.0,0.0,0.0,1022.3595175051486
2026-01-01T21:45:00Z,2026-01-01T22:00:00Z,2026-01-01,2026-01-01_92,0.0,0,0,100,139.50193490683233,139.50193490683233,0.0,0.0,0.0,True,True,True,False,0.0,1022.3595175051486,0.0,0.0,0.0,0.0,1022.3595175051486
2026-01-01T22:00:00Z,2026-01-01T22:15:00Z,2026-01-02,2026-01-01_93,0.0,0,0,100,139.50193490683233,139.50193490683233,0.0,0.0,0.0,True,True,True,False,0.0,1022.3595175051486,0.0,0.0,0.0,0.0,1022.3595175051486
2026-01-01T22:15:00Z,2026-01-01T22:30:00Z,2026-01-02,2026-01-01_94,0.0,0,0,100,139.50193490683233,139.50193490683233,0.0,0.0,0.0,True,True,True,False,0.0,1022.3595175051486,0.0,0.0,0.0,0.0,1022.3595175051486
2026-01-01T22:30:00Z,2026-01-01T22:45:00Z,2026-01-02,2026-01-01_95,0.0,0,0,100,139.50193490683233,139.50193490683233,0.0,0.0,0.0,True,True,True,False,0.0,1022.3595175051486,0.0,0.0,0.0,0.0,1022.3595175051486
2026-01-01T22:45:00Z,2026-01-01T23:00:00Z,2026-01-02,2026-01-01_96,0.0,0,0,100,139.50193490683233,139.50193490683233,0.0,0.0,0.0,True,True,True,False,0.0,1022.3595175051486,0.0,0.0,0.0,0.0,1022.3595175051486
2026-01-01T23:00:00Z,2026-01-01T23:15:00Z,2026-01-02,2026-01-02_1,0.0,100,0,0,139.50193490683233,132.8652889440994,0.018435127674258107,6.105714285714286,0.0,True,True,True,False,0.0,0.0,97.3521624007061,0.0,964.3040726264028,0.0,1061.6562350271088
2026-01-01T23:15:00Z,2026-01-01T23:30:00Z,2026-01-02,2026-01-02_2,0.0,100,0,0,132.8652889440994,109.19075478260872,0.06576259489302967,21.78057142857143,0.0,True,True,True,False,0.0,0.0,97.3521624007061,0.0,19308.864251502546,0.0,19406.21641390325
2026-01-01T23:30:00Z,2026-01-01T23:45:00Z,2026-01-02,2026-01-02_3,-39.08478231054392,100,0,0,109.19075478260872,111.9793997515528,0.03007130597238481,6.069142857142857,0.0,True,True,True,False,-482.5993495794411,0.0,97.3521624007061,0.0,1140.050125779291,0.0,754.802938600556
2026-01-01T23:45:00Z,2026-01-02T00:00:00Z,2026-01-02,2026-01-02_4,-100.0,100,0,0,111.9793997515528,134.93313689440996,0.06376038095238096,0.05028571428571428,0.0,True,True,True,False,-409.5,0.0,97.3521624007061,0.0,5.424564647865619,0.0,-306.72327295142827
2026-01-02T00:00:00Z,2026-01-02T00:15:00Z,2026-01-02,2026-01-02_5,0.0,0,0,100,134.93313689440996,134.93313689440996,0.0,0.0,0.0,True,True,True,False,0.0,1022.3595175051486,0.0,0.0,0.0,0.0,1022.3595175051486
2026-01-02T00:15:00Z,2026-01-02T00:30:00Z,2026-01-02,2026-01-02_6,0.0,0,0,100,134.93313689440996,134.93313689440996,0.0,0.0,0.0,True,True,True,False,0.0,1022.3595175051486,0.0,0.0,0.0,0.0,1022.3595175051486
2026-01-02T00:30:00Z,2026-01-02T00:45:00Z,2026-01-02,2026-01-02_7,0.0,0,0,100,134.93313689440996,134.93313689440996,0.0,0.0,0.0,True,True,True,False,0.0,1022.3595175051486,0.0,0.0,0.0,0.0,1022.3595175051486
2026-01-02T00:45:00Z,2026-01-02T01:00:00Z,2026-01-02,2026-01-02_8,0.0,0,0,100,134.93313689440996,134.93313689440996,0.0,0.0,0.0,True,True,True,False,0.0,1022.3595175051486,0.0,0.0,0.0,0.0,1022.3595175051486
2026-01-02T01:00:00Z,2026-01-02T01:15:00Z,2026-01-02,2026-01-02_9,0.0,0,0,100,134.93313689440996,134.93313689440996,0.0,0.0,0.0,True,True,True,False,0.0,1022.3595175051486,0.0,0.0,0.0,0.0,1022.3595175051486
2026-01-02T01:15:00Z,2026-01-02T01:30:00Z,2026-01-02,2026-01-02_10,0.0,0,0,100,134.93313689440996,134.93313689440996,0.0,0.0,0.0,True,True,True,False,0.0,1022.3595175051486,0.0,0.0,0.0,0.0,1022.3595175051486
2026-01-02T01:30:00Z,2026-01-02T01:45:00Z,2026-01-02,2026-01-02_11,0.0,0,0,100,134.93313689440996,134.93313689440996,0.0,0.0,0.0,True,True,True,False,0.0,1022.3595175051486,0.0,0.0,0.0,0.0,1022.3595175051486
2026-01-02T01:45:00Z,2026-01-02T02:00:00Z,2026-01-02,2026-01-02_12,0.0,0,0,100,134.93313689440996,134.93313689440996,0.0,0.0,0.0,True,True,True,False,0.0,1022.3595175051486,0.0,0.0,0.0,0.0,1022.3595175051486
2026-01-02T02:00:00Z,2026-01-02T02:15:00Z,2026-01-02,2026-01-02_13,0.0,0,0,100,134.93313689440996,134.93313689440996,0.0,0.0,0.0,True,False,True,False,0.0,1022.3595175051486,0.0,0.0,0.0,0.0,1022.3595175051486
2026-01-02T02:15:00Z,2026-01-02T02:30:00Z,2026-01-02,2026-01-02_14,0.0,0,0,100,134.93313689440996,134.93313689440996,0.0,0.0,0.0,True,False,True,False,0.0,1022.3595175051486,0.0,0.0,0.0,0.0,1022.3595175051486
2026-01-02T02:30:00Z,2026-01-02T02:45:00Z,2026-01-02,2026-01-02_15,0.0,0,0,100,134.93313689440996,134.93313689440996,0.0,0.0,0.0,True,False,True,False,0.0,1022.3595175051486,0.0,0.0,0.0,0.0,1022.3595175051486
2026-01-02T02:45:00Z,2026-01-02T03:00:00Z,2026-01-02,2026-01-02_16,0.0,0,0,100,134.93313689440996,134.93313689440996,0.0,0.0,0.0,True,False,True,False,0.0,1022.3595175051486,0.0,0.0,0.0,0.0,1022.3595175051486
2026-01-02T03:00:00Z,2026-01-02T03:15:00Z,2026-01-02,2026-01-02_17,0.0,0,0,100,134.93313689440996,134.93313689440996,0.0,0.0,0.0,True,True,True,False,0.0,1022.3595175051486,0.0,0.0,0.0,0.0,1022.3595175051486
2026-01-02T03:15:00Z,2026-01-02T03:30:00Z,2026-01-02,2026-01-02_18,0.0,0,0,100,134.93313689440996,134.93313689440996,0.0,0.0,0.0,True,True,True,False,0.0,1022.3595175051486,0.0,0.0,0.0,0.0,1022.3595175051486
2026-01-02T03:30:00Z,2026-01-02T03:45:00Z,2026-01-02,2026-01-02_19,0.0,0,0,100,134.93313689440996,134.93313689440996,0.0,0.0,0.0,True,True,True,False,0.0,1022.3595175051486,0.0,0.0,0.0,0.0,1022.3595175051486
2026-01-02T03:45:00Z,2026-01-02T04:00:00Z,2026-01-02,2026-01-02_20,0.0,0,0,100,134.93313689440996,134.93313689440996,0.0,0.0,0.0,True,True,True,False,0.0,1022.3595175051486,0.0,0.0,0.0,0.0,1022.3595175051486
2026-01-02T04:00:00Z,2026-01-02T04:15:00Z,2026-01-02,2026-01-02_21,0.0,0,0,100,134.93313689440996,134.93313689440996,0.0,0.0,0.0,True,True,True,False,0.0,1022.3595175051486,0.0,0.0,0.0,0.0,1022.3595175051486
2026-01-02T04:15:00Z,2026-01-02T04:30:00Z,2026-01-02,2026-01-02_22,0.0,0,0,100,134.93313689440996,134.93313689440996,0.0,0.0,0.0,True,True,True,False,0.0,1022.3595175051486,0.0,0.0,0.0,0.0,1022.3595175051486
2026-01-02T04:30:00Z,2026-01-02T04:45:00Z,2026-01-02,2026-01-02_23,0.0,0,0,100,134.93313689440996,134.93313689440996,0.0,0.0,0.0,True,True,True,False,0.0,1022.3595175051486,0.0,0.0,0.0,0.0,1022.3595175051486
2026-01-02T04:45:00Z,2026-01-02T05:00:00Z,2026-01-02,2026-01-02_24,0.0,0,0,100,134.93313689440996,134.93313689440996,0.0,0.0,0.0,True,True,True,False,0.0,1022.3595175051486,0.0,0.0,0.0,0.0,1022.3595175051486
2026-01-02T05:00:00Z,2026-01-02T05:15:00Z,2026-01-02,2026-01-02_25,-100.0,100,0,0,134.93313689440996,151.10621118012423,0.04492520634920635,7.420571428571429,0.0,True,True,True,False,-426.25,0.0,106.59017358046484,0.0,4321.206070580984,0.0,4001.5462441614486
2026-01-02T05:15:00Z,2026-01-02T05:30:00Z,2026-01-02,2026-01-02_26,0.0,100,0,0,151.10621118012423,145.56459627329193,0.015393374741200828,5.098285714285715,0.0,True,True,True,False,0.0,0.0,106.59017358046484,0.0,1582.505485815156,0.0,1689.0956593956207
2026-01-02T05:30:00Z,2026-01-02T05:45:00Z,2026-01-02,2026-01-02_27,0.0,100,0,0,145.56459627329193,144.00310559006212,0.004337474120082815,1.4365714285714284,0.0,True,True,True,False,0.0,0.0,106.59017358046484,0.0,276.19251510948595,0.0,382.78268868995076
2026-01-02T05:45:00Z,2026-01-02T06:00:00Z,2026-01-02,2026-01-02_28,0.0,100,0,0,144.00310559006212,144.0,8.626639061421669e-06,0.002857142857142857,0.0,True,True,True,False,0.0,0.0,106.59017358046484,0.0,0.39003068129281726,0.0,106.98020426175765
2026-01-02T06:00:00Z,2026-01-02T06:15:00Z,2026-01-02,2026-01-02_29,0.0,0,0,100,144.0,144.0,0.0,0.0,0.0,True,True,True,False,0.0,1022.3595175051486,0.0,0.0,0.0,0.0,1022.3595175051486
2026-01-02T06:15:00Z,2026-01-02T06:30:00Z,2026-01-02,2026-01-02_30,0.0,0,0,100,144.0,144.0,0.0,0.0,0.0,True,True,True,False,0.0,1022.3595175051486,0.0,0.0,0.0,0.0,1022.3595175051486
2026-01-02T06:30:00Z,2026-01-02T06:45:00Z,2026-01-02,2026-01-02_31,0.0,0,0,100,144.0,144.0,0.0,0.0,0.0,True,True,True,False,0.0,1022.3595175051486,0.0,0.0,0.0,0.0,1022.3595175051486
2026-01-02T06:45:00Z,2026-01-02T07:00:00Z,2026-01-02,2026-01-02_32,0.0,0,0,100,144.0,144.0,0.0,0.0,0.0,True,True,True,False,0.0,1022.3595175051486,0.0,0.0,0.0,0.0,1022.3595175051486
2026-01-02T07:00:00Z,2026-01-02T07:15:00Z,2026-01-02,2026-01-02_33,0.0,0,0,100,144.0,144.0,0.0,0.0,0.0,True,True,True,False,0.0,1022.3595175051486,0.0,0.0,0.0,0.0,1022.3595175051486
2026-01-02T07:15:00Z,2026-01-02T07:30:00Z,2026-01-02,2026-01-02_34,0.0,0,0,100,144.0,144.0,0.0,0.0,0.0,True,True,True,False,0.0,1022.3595175051486,0.0,0.0,0.0,0.0,1022.3595175051486
2026-01-02T07:30:00Z,2026-01-02T07:45:00Z,2026-01-02,2026-01-02_35,0.0,0,0,100,144.0,144.0,0.0,0.0,0.0,True,True,True,False,0.0,1022.3595175051486,0.0,0.0,0.0,0.0,1022.3595175051486
2026-01-02T07:45:00Z,2026-01-02T08:00:00Z,2026-01-02,2026-01-02_36,0.0,0,0,100,144.0,144.0,0.0,0.0,0.0,True,True,True,False,0.0,1022.3595175051486,0.0,0.0,0.0,0.0,1022.3595175051486
2026-01-02T08:00:00Z,2026-01-02T08:15:00Z,2026-01-02,2026-01-02_37,0.0,0,0,100,144.0,144.0,0.0,0.0,0.0,True,True,True,False,0.0,1022.3595175051486,0.0,0.0,0.0,0.0,1022.3595175051486
2026-01-02T08:15:00Z,2026-01-02T08:30:00Z,2026-01-02,2026-01-02_38,0.0,0,0,100,144.0,144.0,0.0,0.0,0.0,True,True,True,False,0.0,1022.3595175051486,0.0,0.0,0.0,0.0,1022.3595175051486
2026-01-02T08:30:00Z,2026-01-02T08:45:00Z,2026-01-02,2026-01-02_39,0.0,0,0,100,144.0,144.0,0.0,0.0,0.0,True,True,True,False,0.0,1022.3595175051486,0.0,0.0,0.0,0.0,1022.3595175051486
2026-01-02T08:45:00Z,2026-01-02T09:00:00Z,2026-01-02,2026-01-02_40,0.0,0,0,100,144.0,144.0,0.0,0.0,0.0,True,True,True,False,0.0,1022.3595175051486,0.0,0.0,0.0,0.0,1022.3595175051486
2026-01-02T09:00:00Z,2026-01-02T09:15:00Z,2026-01-02,2026-01-02_41,0.0,100,0,0,144.0,142.97080745341614,0.0028588681849551416,0.9468571428571428,0.0,True,True,True,False,0.0,0.0,98.23477493380408,0.0,145.2430757505709,0.0,243.47785068437497
2026-01-02T09:15:00Z,2026-01-02T09:30:00Z,2026-01-02,2026-01-02_42,0.0,100,0,0,142.97080745341614,136.03726708074532,0.01925983436853002,6.378857142857143,0.0,True,True,True,False,0.0,0.0,98.23477493380408,0.0,1095.6495681923254,0.0,1193.8843431261296
2026-01-02T09:30:00Z,2026-01-02T09:45:00Z,2026-01-02,2026-01-02_43,-100.0,100,0,0,136.03726708074532,147.19187279503103,0.030985015873015876,12.875428571428571,0.0,True,True,True,False,-2043.4999999999998,0.0,98.23477493380408,0.0,3681.2260686196223,0.0,1735.9608435534267
2026-01-02T09:45:00Z,2026-01-02T10:00:00Z,2026-01-02,2026-01-02_44,-100.0,100,0,0,147.19187279503103,151.44752993788816,0.011821269841269839,20.374285714285715,0.0,True,True,True,False,-1994.7500000000002,0.0,98.23477493380408,0.0,18984.72226453159,0.0,17088.207039465393
2026-01-02T10:00:00Z,2026-01-02T10:15:00Z,2026-01-02,2026-01-02_45,0.0,100,100,0,151.44752993788816,128.35187776397512,0.06415458937198067,21.247999999999998,0.0,True,True,True,False,0.0,0.0,98.23477493380408,19.299794057075612,20541.28781092478,0.0,20658.82237991566
2026-01-02T10:15:00Z,2026-01-02T10:30:00Z,2026-01-02,2026-01-02_46,0.0,100,100,0,128.35187776397512,120.35560447204966,0.022211870255348515,7.356571428571429,0.0,True,True,True,False,0.0,0.0,98.23477493380408,19.299794057075612,1303.0907004020792,0.0,1420.625269392959
2026-01-02T10:30:00Z,2026-01-02T10:45:00Z,2026-01-02,2026-01-02_47,0.0,100,100,0,120.35560447204966,109.99960844720495,0.0287695762594893,9.528,0.0005714285714285715,True,True,True,False,0.0,0.0,98.23477493380408,19.299794057075612,5946.445636952045,-0.04483111279227785,6063.935374830132
2026-01-02T10:45:00Z,2026-01-02T11:00:00Z,2026-01-02,2026-01-02_48,0.0,100,100,0,109.99960844720495,107.36946385093165,0.007373131815044858,2.4308571428571426,0.013142857142857144,True,True,True,False,0.0,0.0,98.23477493380408,19.299794057075612,388.48467969570885,-0.9930081396489164,505.0262405469396
2026-01-02T11:00:00Z,2026-01-02T11:15:00Z,2026-01-02,2026-01-02_49,-32.0,100,68,0,107.36946385093165,99.09754152546581,0.03913755185645273,15.126857142857144,0.002331428571428571,True,True,True,False,-649.12,0.0,98.23477493380408,13.123859958811416,13471.762089354013,-0.18291094019249357,12933.817813306436
2026-01-02T11:15:00Z,2026-01-02T11:30:00Z,2026-01-02,2026-01-02_50,-32.0,100,68,0,99.09754152546581,93.4191121490683,0.036029069537612146,12.615428571428572,0.0,True,True,True,False,-643.28,0.0,98.23477493380408,13.123859958811416,9100.015744798891,0.0,8568.094379691507
2026-01-02T11:30:00Z,2026-01-02T11:45:00Z,2026-01-02,2026-01-02_51,-0.6263671697040434,100,68,0,93.4191121490683,90.35384490931676,0.009220373229754738,2.9554285714285715,0.0,True,True,True,False,-12.583716439354232,0.0,98.23477493380408,13.123859958811416,470.2728257890977,0.0,569.0477442423589
2026-01-02T11:45:00Z,2026-01-02T12:00:00Z,2026-01-02,2026-01-02_52,0.0,100,68,0,90.35384490931676,90.25199105590062,0.00042790768806073143,0.1177142857142857,0.028365714285714286,True,True,True,False,0.0,0.0,98.23477493380408,13.123859958811416,16.110060606060607,-2.225416439008672,125.24327905966743
2026-01-02T12:00:00Z,2026-01-02T12:15:00Z,2026-01-02,2026-01-02_53,0.0,100,100,0,90.25199105590062,78.69527850931676,0.03210782056590752,10.633142857142857,0.001142857142857143,True,True,True,False,0.0,0.0,98.23477493380408,19.299794057075612,8593.942349206349,-0.0896622255845557,8711.387255971644
2026-01-02T12:15:00Z,2026-01-02T12:30:00Z,2026-01-02,2026-01-02_54,0.0,100,100,0,78.69527850931676,78.17588968944098,0.0016179848171152516,0.5068571428571428,0.03428571428571429,True,True,True,False,0.0,0.0,98.23477493380408,19.299794057075612,74.2994812479861,-2.310709872651621,189.52334036621417
2026-01-02T12:30:00Z,2026-01-02T12:45:00Z,2026-01-02,2026-01-02_55,0.0,100,100,0,78.17588968944098,78.47809192546583,0.0010706445824706695,0.03828571428571429,0.3737142857142857,True,True,True,False,0.0,0.0,98.23477493380408,19.299794057075612,5.222821726278038,-20.827507250031523,101.9298834671262
2026-01-02T12:45:00Z,2026-01-02T13:00:00Z,2026-01-02,2026-01-02_56,0.0,100,100,0,78.47809192546583,77.18641987577638,0.0038654382332643207,1.2342857142857144,0.05428571428571429,True,True,True,False,0.0,0.0,98.23477493380408,19.299794057075612,194.77771781616445,-3.8743081298421114,308.437978677202
2026-01-02T13:00:00Z,2026-01-02T13:15:00Z,2026-01-02,2026-01-02_57,0.0,0,0,100,77.18641987577638,77.18641987577638,0.0,0.0,0.0,True,True,True,False,0.0,1022.3595175051486,0.0,0.0,0.0,0.0,1022.3595175051486
2026-01-02T13:15:00Z,2026-01-02T13:30:00Z,2026-01-02,2026-01-02_58,0.0,0,0,100,77.18641987577638,77.18641987577638,0.0,0.0,0.0,True,True,True,False,0.0,1022.3595175051486,0.0,0.0,0.0,0.0,1022.3595175051486
2026-01-02T13:30:00Z,2026-01-02T13:45:00Z,2026-01-02,2026-01-02_59,0.0,0,0,100,77.18641987577638,77.18641987577638,0.0,0.0,0.0,True,True,True,False,0.0,1022.3595175051486,0.0,0.0,0.0,0.0,1022.3595175051486
2026-01-02T13:45:00Z,2026-01-02T14:00:00Z,2026-01-02,2026-01-02_60,0.0,0,0,100,77.18641987577638,77.18641987577638,0.0,0.0,0.0,True,True,True,False,0.0,1022.3595175051486,0.0,0.0,0.0,0.0,1022.3595175051486
2026-01-02T14:00:00Z,2026-01-02T14:15:00Z,2026-01-02,2026-01-02_61,0.0,100,100,0,77.18641987577638,69.84610782608695,0.02063508902691511,6.793714285714285,0.048,True,True,True,False,0.0,0.0,103.29508679023242,19.299794057075612,3762.703687302988,-3.067236245954693,3882.231331904341
2026-01-02T14:15:00Z,2026-01-02T14:30:00Z,2026-01-02,2026-01-02_62,0.0,100,100,0,69.84610782608695,63.12995875776397,0.018655969634230503,6.178857142857143,0.0,True,True,True,False,0.0,0.0,103.29508679023242,19.299794057075612,973.4429798119896,0.0,1096.0378606592976
2026-01-02T14:30:00Z,2026-01-02T14:45:00Z,2026-01-02,2026-01-02_63,0.0,100,100,0,63.12995875776397,63.34666732919254,0.0036972063492063494,0.5125714285714286,0.8411428571428572,True,True,True,False,0.0,0.0,103.29508679023242,19.299794057075612,66.85495734039425,-50.651697558105326,138.79814062959696
2026-01-02T14:45:00Z,2026-01-02T15:00:00Z,2026-01-02,2026-01-02_64,0.0,100,100,0,63.34666732919254,64.34782608695652,0.0065767177363699105,0.6285714285714286,1.8308571428571432,True,True,True,False,0.0,0.0,103.29508679023242,19.299794057075612,81.98489751887811,-104.92461480267309,99.65516356351306
2026-01-02T15:00:00Z,2026-01-02T15:15:00Z,2026-01-02,2026-01-02_65,0.0,0,0,100,64.34782608695652,64.34782608695652,0.0,0.0,0.0,True,True,True,False,0.0,1022.3595175051486,0.0,0.0,0.0,0.0,1022.3595175051486
2026-01-02T15:15:00Z,2026-01-02T15:30:00Z,2026-01-02,2026-01-02_66,0.0,0,0,100,64.34782608695652,64.34782608695652,0.0,0.0,0.0,True,True,True,False,0.0,1022.3595175051486,0.0,0.0,0.0,0.0,1022.3595175051486
2026-01-02T15:30:00Z,2026-01-02T15:45:00Z,2026-01-02,2026-01-02_67,0.0,0,0,100,64.34782608695652,64.34782608695652,0.0,0.0,0.0,True,True,True,False,0.0,1022.3595175051486,0.0,0.0,0.0,0.0,1022.3595175051486
2026-01-02T15:45:00Z,2026-01-02T16:00:00Z,2026-01-02,2026-01-02_68,0.0,0,0,100,64.34782608695652,64.34782608695652,0.0,0.0,0.0,True,True,True,False,0.0,1022.3595175051486,0.0,0.0,0.0,0.0,1022.3595175051486
2026-01-02T16:00:00Z,2026-01-02T16:15:00Z,2026-01-02,2026-01-02_69,0.0,0,0,100,64.34782608695652,64.34782608695652,0.0,0.0,0.0,True,True,True,False,0.0,1022.3595175051486,0.0,0.0,0.0,0.0,1022.3595175051486
2026-01-02T16:15:00Z,2026-01-02T16:30:00Z,2026-01-02,2026-01-02_70,0.0,0,0,100,64.34782608695652,64.34782608695652,0.0,0.0,0.0,True,True,True,False,0.0,1022.3595175051486,0.0,0.0,0.0,0.0,1022.3595175051486
2026-01-02T16:30:00Z,2026-01-02T16:45:00Z,2026-01-02,2026-01-02_71,0.0,0,0,100,64.34782608695652,64.34782608695652,0.0,0.0,0.0,True,True,True,False,0.0,1022.3595175051486,0.0,0.0,0.0,0.0,1022.3595175051486
2026-01-02T16:45:00Z,2026-01-02T17:00:00Z,2026-01-02,2026-01-02_72,0.0,0,0,100,64.34782608695652,64.34782608695652,0.0,0.0,0.0,True,True,True,False,0.0,1022.3595175051486,0.0,0.0,0.0,0.0,1022.3595175051486
2026-01-02T17:00:00Z,2026-01-02T17:15:00Z,2026-01-02,2026-01-02_73,0.0,0,0,100,64.34782608695652,64.34782608695652,0.0,0.0,0.0,True,True,True,False,0.0,1022.3595175051486,0.0,0.0,0.0,0.0,1022.3595175051486
2026-01-02T17:15:00Z,2026-01-02T17:30:00Z,2026-01-02,2026-01-02_74,0.0,0,0,100,64.34782608695652,64.34782608695652,0.0,0.0,0.0,True,True,True,False,0.0,1022.3595175051486,0.0,0.0,0.0,0.0,1022.3595175051486
2026-01-02T17:30:00Z,2026-01-02T17:45:00Z,2026-01-02,2026-01-02_75,0.0,0,0,100,64.34782608695652,64.34782608695652,0.0,0.0,0.0,True,True,True,False,0.0,1022.3595175051486,0.0,0.0,0.0,0.0,1022.3595175051486
2026-01-02T17:45:00Z,2026-01-02T18:00:00Z,2026-01-02,2026-01-02_76,0.0,0,0,100,64.34782608695652,64.34782608695652,0.0,0.0,0.0,True,True,True,False,0.0,1022.3595175051486,0.0,0.0,0.0,0.0,1022.3595175051486
2026-01-02T18:00:00Z,2026-01-02T18:15:00Z,2026-01-02,2026-01-02_77,0.0,0,0,100,64.34782608695652,64.34782608695652,0.0,0.0,0.0,True,True,True,False,0.0,1022.3595175051486,0.0,0.0,0.0,0.0,1022.3595175051486
2026-01-02T18:15:00Z,2026-01-02T18:30:00Z,2026-01-02,2026-01-02_78,0.0,0,0,100,64.34782608695652,64.34782608695652,0.0,0.0,0.0,True,True,True,False,0.0,1022.3595175051486,0.0,0.0,0.0,0.0,1022.3595175051486
2026-01-02T18:30:00Z,2026-01-02T18:45:00Z,2026-01-02,2026-01-02_79,0.0,0,0,100,64.34782608695652,64.34782608695652,0.0,0.0,0.0,True,True,True,False,0.0,1022.3595175051486,0.0,0.0,0.0,0.0,1022.3595175051486
2026-01-02T18:45:00Z,2026-01-02T19:00:00Z,2026-01-02,2026-01-02_80,0.0,0,0,100,64.34782608695652,64.34782608695652,0.0,0.0,0.0,True,True,True,False,0.0,1022.3595175051486,0.0,0.0,0.0,0.0,1022.3595175051486
2026-01-02T19:00:00Z,2026-01-02T19:15:00Z,2026-01-02,2026-01-02_81,0.0,0,0,100,64.34782608695652,64.34782608695652,0.0,0.0,0.0,True,True,True,False,0.0,1022.3595175051486,0.0,0.0,0.0,0.0,1022.3595175051486
2026-01-02T19:15:00Z,2026-01-02T19:30:00Z,2026-01-02,2026-01-02_82,0.0,0,0,100,64.34782608695652,64.34782608695652,0.0,0.0,0.0,True,True,True,False,0.0,1022.3595175051486,0.0,0.0,0.0,0.0,1022.3595175051486
2026-01-02T19:30:00Z,2026-01-02T19:45:00Z,2026-01-02,2026-01-02_83,0.0,0,0,100,64.34782608695652,64.34782608695652,0.0,0.0,0.0,True,True,True,False,0.0,1022.3595175051486,0.0,0.0,0.0,0.0,1022.3595175051486
2026-01-02T19:45:00Z,2026-01-02T20:00:00Z,2026-01-02,2026-01-02_84,0.0,0,0,100,64.34782608695652,64.34782608695652,0.0,0.0,0.0,True,True,True,False,0.0,1022.3595175051486,0.0,0.0,0.0,0.0,1022.3595175051486
2026-01-02T20:00:00Z,2026-01-02T20:15:00Z,2026-01-02,2026-01-02_85,0.0,0,0,100,64.34782608695652,64.34782608695652,0.0,0.0,0.0,True,False,True,False,0.0,1022.3595175051486,0.0,0.0,0.0,0.0,1022.3595175051486
2026-01-02T20:15:00Z,2026-01-02T20:30:00Z,2026-01-02,2026-01-02_86,0.0,0,0,100,64.34782608695652,64.34782608695652,0.0,0.0,0.0,True,False,True,False,0.0,1022.3595175051486,0.0,0.0,0.0,0.0,1022.3595175051486
2026-01-02T20:30:00Z,2026-01-02T20:45:00Z,2026-01-02,2026-01-02_87,0.0,0,0,100,64.34782608695652,64.34782608695652,0.0,0.0,0.0,True,False,True,False,0.0,1022.3595175051486,0.0,0.0,0.0,0.0,1022.3595175051486
2026-01-02T20:45:00Z,2026-01-02T21:00:00Z,2026-01-02,2026-01-02_88,0.0,0,0,100,64.34782608695652,64.34782608695652,0.0,0.0,0.0,True,False,True,False,0.0,1022.3595175051486,0.0,0.0,0.0,0.0,1022.3595175051486
2026-01-02T21:00:00Z,2026-01-02T21:15:00Z,2026-01-02,2026-01-02_89,0.0,100,100,0,64.34782608695652,53.26832298136645,0.03077639751552795,10.193142857142858,0.0,True,True,True,False,0.0,0.0,97.38158281847603,19.299794057075612,3729.988551254571,0.0,3846.6699281301226
2026-01-02T21:15:00Z,2026-01-02T21:30:00Z,2026-01-02,2026-01-02_90,0.0,100,100,0,53.26832298136645,47.985093167701855,0.014675638371290543,4.860571428571428,0.0,True,True,True,False,0.0,0.0,97.38158281847603,19.299794057075612,964.4504367951358,0.0,1081.1318136706875
2026-01-02T21:30:00Z,2026-01-02T21:45:00Z,2026-01-02,2026-01-02_91,0.0,100,100,0,47.985093167701855,44.81242236024844,0.008812974465148378,2.918857142857143,0.0,True,True,True,False,0.0,0.0,97.38158281847603,19.299794057075612,449.11871200212954,0.0,565.8000888776812
2026-01-02T21:45:00Z,2026-01-02T22:00:00Z,2026-01-02,2026-01-02_92,0.0,100,100,0,44.81242236024844,41.28621118012422,0.01198550724637681,3.6068571428571428,0.4285714285714286,True,True,True,False,0.0,0.0,97.38158281847603,19.299794057075612,563.9678574370614,-26.490144160047077,654.159090152566
2026-01-02T22:00:00Z,2026-01-02T22:15:00Z,2026-01-03,2026-01-02_93,0.0,63,63,37,41.28621118012422,42.36885264099379,0.003176902608695653,0.02808,1.2099600000000001,True,True,True,False,0.0,378.27302147690494,61.3503971756399,10.713150926743161,4.092498217122683,-68.8743358164166,385.5547319799941
2026-01-02T22:15:00Z,2026-01-02T22:30:00Z,2026-01-03,2026-01-02_94,0.0,63,63,37,42.36885264099379,50.54021904099379,0.022698240000000005,0.0,8.881920000000001,True,True,True,False,0.0,378.27302147690494,61.3503971756399,10.713150926743161,0.0,483.03464388349516,933.3712134627832
2026-01-02T22:30:00Z,2026-01-02T22:45:00Z,2026-01-03,2026-01-02_95,0.0,63,63,37,50.54021904099379,56.82838224099379,0.01746712,0.0,6.83496,True,True,True,False,0.0,378.27302147690494,61.3503971756399,10.713150926743161,0.0,-99.10524427184467,351.23132530744334
2026-01-02T22:45:00Z,2026-01-02T23:00:00Z,2026-01-03,2026-01-02_96,0.0,63,63,37,56.82838224099379,64.40723184099379,0.021052359999999996,0.0,8.237879999999999,True,True,True,False,0.0,378.27302147690494,61.3503971756399,10.713150926743161,0.0,-209.1356743512798,241.20089522800822
2026-01-02T23:00:00Z,2026-01-02T23:15:00Z,2026-01-03,2026-01-03_1,0.0,0,0,100,64.40723184099379,64.40723184099379,0.0,0.0,0.0,True,True,True,False,0.0,1022.3595175051486,0.0,0.0,0.0,0.0,1022.3595175051486
2026-01-02T23:15:00Z,2026-01-02T23:30:00Z,2026-01-03,2026-01-03_2,0.0,0,0,100,64.40723184099379,64.40723184099379,0.0,0.0,0.0,True,True,True,False,0.0,1022.3595175051486,0.0,0.0,0.0,0.0,1022.3595175051486
2026-01-02T23:30:00Z,2026-01-02T23:45:00Z,2026-01-03,2026-01-03_3,0.0,0,0,100,64.40723184099379,64.40723184099379,0.0,0.0,0.0,True,True,True,False,0.0,1022.3595175051486,0.0,0.0,0.0,0.0,1022.3595175051486
2026-01-02T23:45:00Z,2026-01-03T00:00:00Z,2026-01-03,2026-01-03_4,0.0,0,0,100,64.40723184099379,64.40723184099379,0.0,0.0,0.0,True,True,True,False,0.0,1022.3595175051486,0.0,0.0,0.0,0.0,1022.3595175051486
2026-01-03T00:00:00Z,2026-01-03T00:15:00Z,2026-01-03,2026-01-03_5,0.0,100,100,0,64.40723184099379,75.9997575552795,0.032201460317460316,0.0,12.600571428571428,True,True,True,False,0.0,0.0,97.38158281847603,17.269785230950284,0.0,-45.75847406099834,68.89289398842797
2026-01-03T00:15:00Z,2026-01-03T00:30:00Z,2026-01-03,2026-01-03_6,0.0,100,100,0,75.9997575552795,92.49930041242236,0.0458320634920635,0.0,17.934285714285718,True,True,True,False,0.0,0.0,97.38158281847603,17.269785230950284,0.0,1303.1579282422003,1417.8092962916267
2026-01-03T00:30:00Z,2026-01-03T00:45:00Z,2026-01-03,2026-01-03_7,0.0,100,100,0,92.49930041242236,112.88544898385092,0.05662819047619047,0.0,22.15885714285714,True,True,True,False,0.0,0.0,97.38158281847603,17.269785230950284,0.0,2626.836138360022,2741.487506409448
2026-01-03T00:45:00Z,2026-01-03T01:00:00Z,2026-01-03,2026-01-03_8,0.0,100,100,0,112.88544898385092,115.75503904596272,0.008019392684610075,0.008,3.1285714285714286,True,True,True,False,0.0,0.0,97.38158281847603,17.269785230950284,0.9900951260174562,-49.54476526709537,66.0966979083484
2026-01-03T01:00:00Z,2026-01-03T01:15:00Z,2026-01-03,2026-01-03_9,0.0,0,0,100,115.75503904596272,115.75503904596272,0.0,0.0,0.0,True,True,True,False,0.0,1022.3595175051486,0.0,0.0,0.0,0.0,1022.3595175051486
2026-01-03T01:15:00Z,2026-01-03T01:30:00Z,2026-01-03,2026-01-03_10,0.0,0,0,100,115.75503904596272,115.75503904596272,0.0,0.0,0.0,True,True,True,False,0.0,1022.3595175051486,0.0,0.0,0.0,0.0,1022.3595175051486
2026-01-03T01:30:00Z,2026-01-03T01:45:00Z,2026-01-03,2026-01-03_11,0.0,0,0,100,115.75503904596272,115.75503904596272,0.0,0.0,0.0,True,True,True,False,0.0,1022.3595175051486,0.0,0.0,0.0,0.0,1022.3595175051486
2026-01-03T01:45:00Z,2026-01-03T02:00:00Z,2026-01-03,2026-01-03_12,0.0,0,0,100,115.75503904596272,115.75503904596272,0.0,0.0,0.0,True,True,True,False,0.0,1022.3595175051486,0.0,0.0,0.0,0.0,1022.3595175051486
2026-01-03T02:00:00Z,2026-01-03T02:15:00Z,2026-01-03,2026-01-03_13,43.0,57,100,0,115.75503904596272,118.47730029316769,0.0347580755831608,0.0,14.526285714285713,True,True,True,False,886.9825000000001,0.0,55.507502206531335,17.269785230950284,0.0,639.0824940668824,1598.842281504364
2026-01-03T02:15:00Z,2026-01-03T02:30:00Z,2026-01-03,2026-01-03_14,43.0,57,100,0,118.47730029316769,125.46823131428572,0.03543964621118013,0.0,18.830285714285715,True,True,True,False,871.8249999999999,0.0,55.507502206531335,17.269785230950284,0.0,1506.5927489037392,2451.1950363412207
2026-01-03T02:30:00Z,2026-01-03T02:45:00Z,2026-01-03,2026-01-03_15,43.0,57,100,0,125.46823131428572,135.22427649192548,0.035881146887508625,0.0,21.618285714285715,True,True,True,False,852.0450000000001,0.0,55.507502206531335,17.269785230950284,0.0,2120.0633239468193,3044.8856113843012
2026-01-03T02:45:00Z,2026-01-03T03:00:00Z,2026-01-03,2026-01-03_16,42.999999999999964,57,100,0,135.22427649192548,143.7680693267081,0.03568758879227055,0.0,20.395999999999997,True,True,True,False,820.7624999999992,0.0,55.507502206531335,17.269785230950284,0.0,1931.7214215945867,2825.2612090320677
2026-01-03T03:00:00Z,2026-01-03T03:15:00Z,2026-01-03,2026-01-03_17,0.0,0,0,100,143.7680693267081,143.7680693267081,0.0,0.0,0.0,True,True,True,False,0.0,1022.3595175051486,0.0,0.0,0.0,0.0,1022.3595175051486
2026-01-03T03:15:00Z,2026-01-03T03:30:00Z,2026-01-03,2026-01-03_18,0.0,0,0,100,143.7680693267081,143.7680693267081,0.0,0.0,0.0,True,True,True,False,0.0,1022.3595175051486,0.0,0.0,0.0,0.0,1022.3595175051486
2026-01-03T03:30:00Z,2026-01-03T03:45:00Z,2026-01-03,2026-01-03_19,0.0,0,0,100,143.7680693267081,143.7680693267081,0.0,0.0,0.0,True,True,True,False,0.0,1022.3595175051486,0.0,0.0,0.0,0.0,1022.3595175051486
2026-01-03T03:45:00Z,2026-01-03T04:00:00Z,2026-01-03,2026-01-03_20,0.0,0,0,100,143.7680693267081,143.7680693267081,0.0,0.0,0.0,True,True,True,False,0.0,1022.3595175051486,0.0,0.0,0.0,0.0,1022.3595175051486
2026-01-03T04:00:00Z,2026-01-03T04:15:00Z,2026-01-03,2026-01-03_21,-6.196733947228455e-14,100,0,0,143.7680693267081,143.3239699478261,0.001233609385783337,0.40857142857142853,0.0,True,True,True,False,-1.1621974518026967e-12,0.0,97.38158281847603,0.0,48.40191092618277,0.0,145.78349374465765
2026-01-03T04:15:00Z,2026-01-03T04:30:00Z,2026-01-03,2026-01-03_22,-100.0,100,0,0,143.3239699478261,162.03414137639754,0.05197269841269842,4.662857142857143,0.0,True,True,True,False,-1895.25,0.0,97.38158281847603,0.0,678.5456293867945,0.0,-1119.3227877947295
2026-01-03T04:30:00Z,2026-01-03T04:45:00Z,2026-01-03,2026-01-03_23,-100.0,100,0,0,162.03414137639754,172.65987851925468,0.029515936507936512,13.450285714285714,0.0,True,True,True,False,-1882.5,0.0,97.38158281847603,0.0,4412.136912873535,0.0,2627.018495692011
2026-01-03T04:45:00Z,2026-01-03T05:00:00Z,2026-01-03,2026-01-03_24,-26.29124231929836,100,0,0,172.65987851925468,168.53194756770193,0.03195251072350799,9.754857142857144,0.0,True,True,True,False,-519.6464044409321,0.0,97.38158281847603,0.0,1893.2917819526756,0.0,1471.0269603302195
2026-01-03T05:00:00Z,2026-01-03T05:15:00Z,2026-01-03,2026-01-03_25,0.0,100,100,0,168.53194756770193,157.1636245863355,0.03157867494824017,10.458857142857143,0.0,True,True,True,False,0.0,0.0,106.61959399823479,17.00500147102089,5570.021967133191,0.0,5693.6465626024465
2026-01-03T05:15:00Z,2026-01-03T05:30:00Z,2026-01-03,2026-01-03_26,0.0,100,100,0,157.1636245863355,156.1852703006212,0.0027585396825396823,0.9068571428571428,0.008,True,True,True,False,0.0,0.0,106.61959399823479,17.00500147102089,137.29231958979534,-0.5828051387663038,260.33410992028473
2026-01-03T05:30:00Z,2026-01-03T05:45:00Z,2026-01-03,2026-01-03_27,0.0,100,100,0,156.1852703006212,156.13009415155287,0.00030221946169772254,0.07542857142857143,0.029142857142857137,True,True,True,False,0.0,0.0,106.61959399823479,17.00500147102089,10.35598705501618,-2.1223042071197407,131.85827831715213
2026-01-03T05:45:00Z,2026-01-03T06:00:00Z,2026-01-03,2026-01-03_28,0.0,100,100,0,156.13009415155287,156.30095725714293,0.0005884913733609385,0.018857142857142857,0.208,True,True,True,False,0.0,0.0,106.61959399823479,17.00500147102089,2.626655570966251,-11.86813690301069,114.38311413721124
2026-01-03T06:00:00Z,2026-01-03T06:15:00Z,2026-01-03,2026-01-03_29,0.0,72,72,28,156.30095725714293,163.72324388571437,0.020617462857142863,0.0,8.067702857142859,True,True,True,False,0.0,286.2606649014416,77.65578111209179,12.24360105913504,0.0,330.3889281856009,706.5489752582694
2026-01-03T06:15:00Z,2026-01-03T06:30:00Z,2026-01-03,2026-01-03_30,0.0,72,72,28,163.72324388571437,167.56402834285723,0.010668845714285714,0.0,4.174765714285714,True,True,True,False,0.0,286.2606649014416,77.65578111209179,12.24360105913504,0.0,-161.38988374732062,214.7701633253478
2026-01-03T06:30:00Z,2026-01-03T06:45:00Z,2026-01-03,2026-01-03_31,0.0,72,72,28,167.56402834285723,168.83697188571438,0.0035359542857142856,0.0,1.3836342857142856,True,True,True,False,0.0,286.2606649014416,77.65578111209179,12.24360105913504,0.0,-67.56781351153701,308.5922335611314
2026-01-03T06:45:00Z,2026-01-03T07:00:00Z,2026-01-03,2026-01-03_32,0.0,72,72,28,168.83697188571438,177.1200000000001,0.02300841142857143,0.0,9.003291428571428,True,True,True,False,0.0,286.2606649014416,77.65578111209179,12.24360105913504,0.0,614.0038147421511,990.1638618148196
2026-01-03T07:00:00Z,2026-01-03T07:15:00Z,2026-01-03,2026-01-03_33,0.0,100,100,0,177.1200000000001,188.12950857142866,0.03058196825396825,0.0,11.966857142857142,True,True,True,False,0.0,0.0,107.85525154457193,17.00500147102089,0.0,160.90534952857286,285.7656025441657
2026-01-03T07:15:00Z,2026-01-03T07:30:00Z,2026-01-03,2026-01-03_34,0.0,100,100,0,188.12950857142866,189.87601391304355,0.0055139296066252595,0.10971428571428571,2.028,True,True,True,False,0.0,0.0,107.85525154457193,17.00500147102089,15.09015256588072,-92.95865136804943,46.99175421342411
2026-01-03T07:30:00Z,2026-01-03T07:45:00Z,2026-01-03,2026-01-03_35,0.0,100,100,0,189.87601391304355,189.59588968944107,0.0007781228433402346,0.25771428571428573,0.0,True,True,True,False,0.0,0.0,107.85525154457193,17.00500147102089,36.62479642471876,0.0,161.48504944031157
2026-01-03T07:45:00Z,2026-01-03T08:00:00Z,2026-01-03,2026-01-03_36,0.0,100,100,0,189.59588968944107,172.99588968944107,0.0461111111111111,15.272,0.0,True,True,True,False,0.0,0.0,107.85525154457193,17.00500147102089,13144.46377562028,0.0,13269.324028635872
2026-01-03T08:00:00Z,2026-01-03T08:15:00Z,2026-01-03,2026-01-03_37,0.0,100,100,0,172.99588968944107,146.33067229813673,0.07407004830917872,24.531999999999996,0.0,True,True,True,False,0.0,0.0,101.32391879964695,17.00500147102089,27798.891579876432,0.0,27917.2205001471
2026-01-03T08:15:00Z,2026-01-03T08:30:00Z,2026-01-03,2026-01-03_38,0.0,100,100,0,146.33067229813673,138.79402633540383,0.02093512767425811,6.933714285714286,0.0,True,True,True,False,0.0,0.0,101.32391879964695,17.00500147102089,3499.9719693467273,0.0,3618.300889617395
2026-01-03T08:30:00Z,2026-01-03T08:45:00Z,2026-01-03,2026-01-03_39,0.0,100,100,0,138.79402633540383,139.62504248447215,0.0024084472049689444,0.01657142857142857,0.9228571428571428,True,True,True,False,0.0,0.0,101.32391879964695,17.00500147102089,2.2797748357360006,-45.64563471048908,74.96306039591477
2026-01-03T08:45:00Z,2026-01-03T09:00:00Z,2026-01-03,2026-01-03_40,0.0,100,100,0,139.62504248447215,142.70047105590072,0.008542857142857142,0.0,3.3428571428571425,True,True,True,False,0.0,0.0,101.32391879964695,17.00500147102089,0.0,139.304400453915,257.63332072458286
2026-01-03T09:00:00Z,2026-01-03T09:15:00Z,2026-01-03,2026-01-03_41,100.0,0,100,0,142.70047105590072,135.62531577639763,0.01965320910973084,0.0,18.490857142857145,True,True,True,False,2473.5,0.0,0.0,17.00500147102089,0.0,3395.586512783873,5886.091514254894
2026-01-03T09:15:00Z,2026-01-03T09:30:00Z,2026-01-03,2026-01-03_42,100.0,0,100,0,135.62531577639763,124.9663095652175,0.029608350586611456,0.0,15.193714285714286,True,True,True,False,2375.0,0.0,0.0,17.00500147102089,0.0,-26.203457823729668,2365.801543647291
2026-01-03T09:30:00Z,2026-01-03T09:45:00Z,2026-01-03,2026-01-03_43,13.753484152023901,0,100,0,124.9663095652175,126.69382062111812,0.020748507086998588,0.0,5.7954285714285705,True,True,True,False,314.4390314256465,0.0,0.0,17.00500147102089,0.0,-200.32734042225303,131.11669247441432
2026-01-03T09:45:00Z,2026-01-03T10:00:00Z,2026-01-03,2026-01-03_44,0.0,0,100,0,126.69382062111812,127.09178633540384,0.0011054603174603175,0.0,0.4325714285714286,True,True,True,False,0.0,0.0,0.0,17.00500147102089,0.0,-21.76135053727287,-4.756349066251982
2026-01-03T10:00:00Z,2026-01-03T10:15:00Z,2026-01-03,2026-01-03_45,0.0,100,100,0,127.09178633540384,130.95526062111813,0.010731873015873016,0.0,4.199428571428571,True,True,True,False,0.0,0.0,98.1759340982642,17.00500147102089,0.0,-192.82036430883034,-77.63942873954525
2026-01-03T10:15:00Z,2026-01-03T10:30:00Z,2026-01-03,2026-01-03_46,0.0,100,100,0,130.95526062111813,137.23386633540383,0.01744057142857143,0.0,6.824571428571429,True,True,True,False,0.0,0.0,98.1759340982642,17.00500147102089,0.0,-274.6480070609003,-159.4670714916152
2026-01-03T10:30:00Z,2026-01-03T10:45:00Z,2026-01-03,2026-01-03_47,0.0,100,100,0,137.23386633540383,136.84627677018642,0.002674224982746722,0.6211428571428571,0.3125714285714286,True,True,True,False,0.0,0.0,98.1759340982642,17.00500147102089,81.27279967497442,-15.817886044915173,180.63584919934434
2026-01-03T10:45:00Z,2026-01-03T11:00:00Z,2026-01-03,2026-01-03_48,0.0,100,100,0,136.84627677018642,127.76491031055909,0.025226017943409246,8.354857142857144,0.0,True,True,True,False,0.0,0.0,98.1759340982642,17.00500147102089,6516.519826391517,0.0,6631.700761960802
2026-01-03T11:00:00Z,2026-01-03T11:15:00Z,2026-01-03,2026-01-03_49,-100.0,100,0,0,127.76491031055909,131.38603031055908,0.010058666666666662,21.064000000000004,0.0,True,True,True,False,-2196.25,0.0,98.1759340982642,0.0,24245.504742179077,0.0,22147.43067627734
2026-01-03T11:15:00Z,2026-01-03T11:30:00Z,2026-01-03,2026-01-03_50,2.7649983751873802e-14,100,0,0,131.38603031055908,131.28354583850938,0.0002846790890269359,0.09428571428571428,0.0,True,True,True,False,6.018018963595333e-13,0.0,98.1759340982642,0.0,11.705963938973648,0.0,109.88189803723844
2026-01-03T11:30:00Z,2026-01-03T11:45:00Z,2026-01-03,2026-01-03_51,0.0,100,0,0,131.28354583850938,131.20714832298142,0.0002122153209109731,0.07028571428571428,0.0,True,True,True,False,0.0,0.0,98.1759340982642,0.0,8.726264027234901,0.0,106.9021981254991
2026-01-03T11:45:00Z,2026-01-03T12:00:00Z,2026-01-03,2026-01-03_52,5.913144370286158e-14,100,0,0,131.20714832298142,128.2350986335404,0.008255693581780583,2.7342857142857144,0.0,True,True,True,False,1.2946829598741543e-12,0.0,98.1759340982642,0.0,412.2665742024966,0.0,510.4425083007621
2026-01-03T12:00:00Z,2026-01-03T12:15:00Z,2026-01-03,2026-01-03_53,0.0,100,100,0,128.2350986335404,135.0738802484472,0.019062178053830228,0.010857142857142857,7.446285714285715,True,True,True,False,0.0,0.0,98.1759340982642,17.00500147102089,1.5417419689264351,-157.83613679093293,-41.113459252721405
2026-01-03T12:15:00Z,2026-01-03T12:30:00Z,2026-01-03,2026-01-03_54,0.0,100,100,0,135.0738802484472,148.46329739130437,0.037192825396825405,0.0,14.553714285714287,True,True,True,False,0.0,0.0,98.1759340982642,17.00500147102089,0.0,3278.883177629275,3394.06411319856
2026-01-03T12:30:00Z,2026-01-03T12:45:00Z,2026-01-03,2026-01-03_55,0.0,100,100,0,148.46329739130437,152.28136645962735,0.0151192049689441,0.7474285714285714,5.033142857142857,True,True,True,False,0.0,0.0,98.1759340982642,17.00500147102089,111.53419846173246,24.77330979699912,251.48844382801667
2026-01-03T12:45:00Z,2026-01-03T13:00:00Z,2026-01-03,2026-01-03_56,0.0,100,100,0,152.28136645962735,144.00000000000003,0.023003795721187024,7.618857142857142,0.0,True,True,True,False,0.0,0.0,98.1759340982642,17.00500147102089,1248.0774380139817,0.0,1363.2583735832668
2026-01-03T13:00:00Z,2026-01-03T13:15:00Z,2026-01-03,2026-01-03_57,0.0,0,0,100,144.00000000000003,144.00000000000003,0.0,0.0,0.0,True,False,True,False,0.0,1022.3595175051486,0.0,0.0,0.0,0.0,1022.3595175051486
2026-01-03T13:15:00Z,2026-01-03T13:30:00Z,2026-01-03,2026-01-03_58,0.0,0,0,100,144.00000000000003,144.00000000000003,0.0,0.0,0.0,True,False,True,False,0.0,1022.3595175051486,0.0,0.0,0.0,0.0,1022.3595175051486
2026-01-03T13:30:00Z,2026-01-03T13:45:00Z,2026-01-03,2026-01-03_59,0.0,0,0,100,144.00000000000003,144.00000000000003,0.0,0.0,0.0,True,False,True,False,0.0,1022.3595175051486,0.0,0.0,0.0,0.0,1022.3595175051486
2026-01-03T13:45:00Z,2026-01-03T14:00:00Z,2026-01-03,2026-01-03_60,0.0,0,0,100,144.00000000000003,144.00000000000003,0.0,0.0,0.0,True,False,True,False,0.0,1022.3595175051486,0.0,0.0,0.0,0.0,1022.3595175051486
2026-01-03T14:00:00Z,2026-01-03T14:15:00Z,2026-01-03,2026-01-03_61,-71.0,100,29,0,144.00000000000003,158.10444067577643,0.04385222478951001,2.6685714285714286,0.3899257142857143,True,True,True,False,-1597.5,0.0,103.32450720800236,4.931450426596058,1277.8021300382466,-21.566941537426978,-233.008853864582
2026-01-03T14:15:00Z,2026-01-03T14:30:00Z,2026-01-03,2026-01-03_62,-0.10353861205904023,100,29,0,158.10444067577643,158.20993788819877,0.0006791210930106281,0.064,0.1643885714285714,True,True,True,False,-2.453606259269106,0.0,103.32450720800236,4.931450426596058,9.365214082573308,-9.502778244581739,105.66478721332088
2026-01-03T14:30:00Z,2026-01-03T14:45:00Z,2026-01-03,2026-01-03_63,0.0,100,29,0,158.20993788819877,151.12298136645964,0.01968599033816425,6.52,0.0,True,True,True,False,0.0,0.0,103.32450720800236,4.931450426596058,2324.2466843189172,0.0,2432.5026419535156
2026-01-03T14:45:00Z,2026-01-03T15:00:00Z,2026-01-03,2026-01-03_64,0.0,100,29,0,151.12298136645964,142.34782608695653,0.024375431331953076,8.073142857142859,0.0,True,True,True,False,0.0,0.0,103.32450720800236,4.931450426596058,6172.821459757072,0.0,6281.077417391671
2026-01-03T15:00:00Z,2026-01-03T15:15:00Z,2026-01-03,2026-01-03_65,0.0,0,0,100,142.34782608695653,142.34782608695653,0.0,0.0,0.0,True,True,True,False,0.0,1022.3595175051486,0.0,0.0,0.0,0.0,1022.3595175051486
2026-01-03T15:15:00Z,2026-01-03T15:30:00Z,2026-01-03,2026-01-03_66,0.0,0,0,100,142.34782608695653,142.34782608695653,0.0,0.0,0.0,True,True,True,False,0.0,1022.3595175051486,0.0,0.0,0.0,0.0,1022.3595175051486
2026-01-03T15:30:00Z,2026-01-03T15:45:00Z,2026-01-03,2026-01-03_67,0.0,0,0,100,142.34782608695653,142.34782608695653,0.0,0.0,0.0,True,True,True,False,0.0,1022.3595175051486,0.0,0.0,0.0,0.0,1022.3595175051486
2026-01-03T15:45:00Z,2026-01-03T16:00:00Z,2026-01-03,2026-01-03_68,0.0,0,0,100,142.34782608695653,142.34782608695653,0.0,0.0,0.0,True,True,True,False,0.0,1022.3595175051486,0.0,0.0,0.0,0.0,1022.3595175051486
2026-01-03T16:00:00Z,2026-01-03T16:15:00Z,2026-01-03,2026-01-03_69,100.0,0,100,0,142.34782608695653,134.08322981366462,0.02295721187025535,0.0,17.396571428571427,True,True,True,False,2846.75,0.0,0.0,17.00500147102089,0.0,1677.4170998192744,4541.172101290295
2026-01-03T16:15:00Z,2026-01-03T16:30:00Z,2026-01-03,2026-01-03_70,100.0,0,100,0,134.08322981366462,115.31801242236027,0.052125603864734305,0.0,7.736,True,True,True,False,2752.75,0.0,0.0,17.00500147102089,0.0,-118.81288222026089,2650.94211925076
2026-01-03T16:30:00Z,2026-01-03T16:45:00Z,2026-01-03,2026-01-03_71,100.0,0,100,0,115.31801242236027,91.14968944099381,0.06713423050379572,0.0,2.765142857142857,True,True,True,False,2775.25,0.0,0.0,17.00500147102089,0.0,-154.99443298449125,2637.26056848653
2026-01-03T16:45:00Z,2026-01-03T17:00:00Z,2026-01-03,2026-01-03_72,100.0,0,100,0,91.14968944099381,64.34782608695654,0.07444962042788128,0.0,0.3422857142857143,True,True,True,False,2797.75,0.0,0.0,17.00500147102089,0.0,-20.499010409224002,2794.255991061797
2026-01-03T17:00:00Z,2026-01-03T17:15:00Z,2026-01-03,2026-01-03_73,0.0,0,0,100,64.34782608695654,64.34782608695654,0.0,0.0,0.0,True,True,True,False,0.0,1022.3595175051486,0.0,0.0,0.0,0.0,1022.3595175051486
2026-01-03T17:15:00Z,2026-01-03T17:30:00Z,2026-01-03,2026-01-03_74,0.0,0,0,100,64.34782608695654,64.34782608695654,0.0,0.0,0.0,True,True,True,False,0.0,1022.3595175051486,0.0,0.0,0.0,0.0,1022.3595175051486
2026-01-03T17:30:00Z,2026-01-03T17:45:00Z,2026-01-03,2026-01-03_75,0.0,0,0,100,64.34782608695654,64.34782608695654,0.0,0.0,0.0,True,True,True,False,0.0,1022.3595175051486,0.0,0.0,0.0,0.0,1022.3595175051486
2026-01-03T17:45:00Z,2026-01-03T18:00:00Z,2026-01-03,2026-01-03_76,0.0,0,0,100,64.34782608695654,64.34782608695654,0.0,0.0,0.0,True,True,True,False,0.0,1022.3595175051486,0.0,0.0,0.0,0.0,1022.3595175051486
2026-01-03T18:00:00Z,2026-01-03T18:15:00Z,2026-01-03,2026-01-03_77,0.0,0,0,100,64.34782608695654,64.34782608695654,0.0,0.0,0.0,True,True,True,False,0.0,1022.3595175051486,0.0,0.0,0.0,0.0,1022.3595175051486
2026-01-03T18:15:00Z,2026-01-03T18:30:00Z,2026-01-03,2026-01-03_78,0.0,0,0,100,64.34782608695654,64.34782608695654,0.0,0.0,0.0,True,True,True,False,0.0,1022.3595175051486,0.0,0.0,0.0,0.0,1022.3595175051486
2026-01-03T18:30:00Z,2026-01-03T18:45:00Z,2026-01-03,2026-01-03_79,0.0,0,0,100,64.34782608695654,64.34782608695654,0.0,0.0,0.0,True,True,True,False,0.0,1022.3595175051486,0.0,0.0,0.0,0.0,1022.3595175051486
2026-01-03T18:45:00Z,2026-01-03T19:00:00Z,2026-01-03,2026-01-03_80,0.0,0,0,100,64.34782608695654,64.34782608695654,0.0,0.0,0.0,True,True,True,False,0.0,1022.3595175051486,0.0,0.0,0.0,0.0,1022.3595175051486
2026-01-03T19:00:00Z,2026-01-03T19:15:00Z,2026-01-03,2026-01-03_81,0.0,0,0,100,64.34782608695654,64.34782608695654,0.0,0.0,0.0,True,True,True,False,0.0,1022.3595175051486,0.0,0.0,0.0,0.0,1022.3595175051486
2026-01-03T19:15:00Z,2026-01-03T19:30:00Z,2026-01-03,2026-01-03_82,0.0,0,0,100,64.34782608695654,64.34782608695654,0.0,0.0,0.0,True,True,True,False,0.0,1022.3595175051486,0.0,0.0,0.0,0.0,1022.3595175051486
2026-01-03T19:30:00Z,2026-01-03T19:45:00Z,2026-01-03,2026-01-03_83,0.0,0,0,100,64.34782608695654,64.34782608695654,0.0,0.0,0.0,True,True,True,False,0.0,1022.3595175051486,0.0,0.0,0.0,0.0,1022.3595175051486
2026-01-03T19:45:00Z,2026-01-03T20:00:00Z,2026-01-03,2026-01-03_84,0.0,0,0,100,64.34782608695654,64.34782608695654,0.0,0.0,0.0,True,True,True,False,0.0,1022.3595175051486,0.0,0.0,0.0,0.0,1022.3595175051486
2026-01-03T20:00:00Z,2026-01-03T20:15:00Z,2026-01-03,2026-01-03_85,0.0,0,0,100,64.34782608695654,64.34782608695654,0.0,0.0,0.0,True,True,True,False,0.0,1022.3595175051486,0.0,0.0,0.0,0.0,1022.3595175051486
2026-01-03T20:15:00Z,2026-01-03T20:30:00Z,2026-01-03,2026-01-03_86,0.0,0,0,100,64.34782608695654,64.34782608695654,0.0,0.0,0.0,True,True,True,False,0.0,1022.3595175051486,0.0,0.0,0.0,0.0,1022.3595175051486
2026-01-03T20:30:00Z,2026-01-03T20:45:00Z,2026-01-03,2026-01-03_87,0.0,0,0,100,64.34782608695654,64.34782608695654,0.0,0.0,0.0,True,True,True,False,0.0,1022.3595175051486,0.0,0.0,0.0,0.0,1022.3595175051486
2026-01-03T20:45:00Z,2026-01-03T21:00:00Z,2026-01-03,2026-01-03_88,0.0,0,0,100,64.34782608695654,64.34782608695654,0.0,0.0,0.0,True,True,True,False,0.0,1022.3595175051486,0.0,0.0,0.0,0.0,1022.3595175051486
2026-01-03T21:00:00Z,2026-01-03T21:15:00Z,2026-01-03,2026-01-03_89,0.0,0,0,100,64.34782608695654,64.34782608695654,0.0,0.0,0.0,True,True,True,False,0.0,1022.3595175051486,0.0,0.0,0.0,0.0,1022.3595175051486
2026-01-03T21:15:00Z,2026-01-03T21:30:00Z,2026-01-03,2026-01-03_90,0.0,0,0,100,64.34782608695654,64.34782608695654,0.0,0.0,0.0,True,True,True,False,0.0,1022.3595175051486,0.0,0.0,0.0,0.0,1022.3595175051486
2026-01-03T21:30:00Z,2026-01-03T21:45:00Z,2026-01-03,2026-01-03_91,0.0,0,0,100,64.34782608695654,64.34782608695654,0.0,0.0,0.0,True,True,True,False,0.0,1022.3595175051486,0.0,0.0,0.0,0.0,1022.3595175051486
2026-01-03T21:45:00Z,2026-01-03T22:00:00Z,2026-01-03,2026-01-03_92,0.0,0,0,100,64.34782608695654,64.34782608695654,0.0,0.0,0.0,True,True,True,False,0.0,1022.3595175051486,0.0,0.0,0.0,0.0,1022.3595175051486
2026-01-03T22:00:00Z,2026-01-03T22:15:00Z,2026-01-04,2026-01-03_93,0.0,0,0,100,64.34782608695654,64.34782608695654,0.0,0.0,0.0,True,True,True,False,0.0,1022.3595175051486,0.0,0.0,0.0,0.0,1022.3595175051486
2026-01-03T22:15:00Z,2026-01-03T22:30:00Z,2026-01-04,2026-01-03_94,0.0,0,0,100,64.34782608695654,64.34782608695654,0.0,0.0,0.0,True,True,True,False,0.0,1022.3595175051486,0.0,0.0,0.0,0.0,1022.3595175051486
2026-01-03T22:30:00Z,2026-01-03T22:45:00Z,2026-01-04,2026-01-03_95,0.0,0,0,100,64.34782608695654,64.34782608695654,0.0,0.0,0.0,True,True,True,False,0.0,1022.3595175051486,0.0,0.0,0.0,0.0,1022.3595175051486
2026-01-03T22:45:00Z,2026-01-03T23:00:00Z,2026-01-04,2026-01-03_96,0.0,0,0,100,64.34782608695654,64.34782608695654,0.0,0.0,0.0,True,True,True,False,0.0,1022.3595175051486,0.0,0.0,0.0,0.0,1022.3595175051486
2026-01-03T23:00:00Z,2026-01-03T23:15:00Z,2026-01-04,2026-01-04_1,0.0,0,0,100,64.34782608695654,64.34782608695654,0.0,0.0,0.0,True,True,True,False,0.0,1022.3595175051486,0.0,0.0,0.0,0.0,1022.3595175051486
2026-01-03T23:15:00Z,2026-01-03T23:30:00Z,2026-01-04,2026-01-04_2,0.0,0,0,100,64.34782608695654,64.34782608695654,0.0,0.0,0.0,True,True,True,False,0.0,1022.3595175051486,0.0,0.0,0.0,0.0,1022.3595175051486
2026-01-03T23:30:00Z,2026-01-03T23:45:00Z,2026-01-04,2026-01-04_3,0.0,0,0,100,64.34782608695654,64.34782608695654,0.0,0.0,0.0,True,True,True,False,0.0,1022.3595175051486,0.0,0.0,0.0,0.0,1022.3595175051486
2026-01-03T23:45:00Z,2026-01-04T00:00:00Z,2026-01-04,2026-01-04_4,0.0,0,0,100,64.34782608695654,64.34782608695654,0.0,0.0,0.0,True,True,True,False,0.0,1022.3595175051486,0.0,0.0,0.0,0.0,1022.3595175051486
2026-01-04T00:00:00Z,2026-01-04T00:15:00Z,2026-01-04,2026-01-04_5,0.0,0,0,100,64.34782608695654,64.34782608695654,0.0,0.0,0.0,True,True,True,False,0.0,1022.3595175051486,0.0,0.0,0.0,0.0,1022.3595175051486
2026-01-04T00:15:00Z,2026-01-04T00:30:00Z,2026-01-04,2026-01-04_6,0.0,0,0,100,64.34782608695654,64.34782608695654,0.0,0.0,0.0,True,True,True,False,0.0,1022.3595175051486,0.0,0.0,0.0,0.0,1022.3595175051486
2026-01-04T00:30:00Z,2026-01-04T00:45:00Z,2026-01-04,2026-01-04_7,0.0,0,0,100,64.34782608695654,64.34782608695654,0.0,0.0,0.0,True,True,True,False,0.0,1022.3595175051486,0.0,0.0,0.0,0.0,1022.3595175051486
2026-01-04T00:45:00Z,2026-01-04T01:00:00Z,2026-01-04,2026-01-04_8,0.0,0,0,100,64.34782608695654,64.34782608695654,0.0,0.0,0.0,True,True,True,False,0.0,1022.3595175051486,0.0,0.0,0.0,0.0,1022.3595175051486
2026-01-04T01:00:00Z,2026-01-04T01:15:00Z,2026-01-04,2026-01-04_9,0.0,0,0,100,64.34782608695654,64.34782608695654,0.0,0.0,0.0,True,True,True,False,0.0,1022.3595175051486,0.0,0.0,0.0,0.0,1022.3595175051486
2026-01-04T01:15:00Z,2026-01-04T01:30:00Z,2026-01-04,2026-01-04_10,0.0,0,0,100,64.34782608695654,64.34782608695654,0.0,0.0,0.0,True,True,True,False,0.0,1022.3595175051486,0.0,0.0,0.0,0.0,1022.3595175051486
2026-01-04T01:30:00Z,2026-01-04T01:45:00Z,2026-01-04,2026-01-04_11,0.0,0,0,100,64.34782608695654,64.34782608695654,0.0,0.0,0.0,True,True,True,False,0.0,1022.3595175051486,0.0,0.0,0.0,0.0,1022.3595175051486
2026-01-04T01:45:00Z,2026-01-04T02:00:00Z,2026-01-04,2026-01-04_12,0.0,0,0,100,64.34782608695654,64.34782608695654,0.0,0.0,0.0,True,True,True,False,0.0,1022.3595175051486,0.0,0.0,0.0,0.0,1022.3595175051486
2026-01-04T02:00:00Z,2026-01-04T02:15:00Z,2026-01-04,2026-01-04_13,0.0,0,0,100,64.34782608695654,64.34782608695654,0.0,0.0,0.0,True,True,True,False,0.0,1022.3595175051486,0.0,0.0,0.0,0.0,1022.3595175051486
2026-01-04T02:15:00Z,2026-01-04T02:30:00Z,2026-01-04,2026-01-04_14,0.0,0,0,100,64.34782608695654,64.34782608695654,0.0,0.0,0.0,True,True,True,False,0.0,1022.3595175051486,0.0,0.0,0.0,0.0,1022.3595175051486
2026-01-04T02:30:00Z,2026-01-04T02:45:00Z,2026-01-04,2026-01-04_15,0.0,0,0,100,64.34782608695654,64.34782608695654,0.0,0.0,0.0,True,True,True,False,0.0,1022.3595175051486,0.0,0.0,0.0,0.0,1022.3595175051486
2026-01-04T02:45:00Z,2026-01-04T03:00:00Z,2026-01-04,2026-01-04_16,0.0,0,0,100,64.34782608695654,64.34782608695654,0.0,0.0,0.0,True,True,True,False,0.0,1022.3595175051486,0.0,0.0,0.0,0.0,1022.3595175051486
2026-01-04T03:00:00Z,2026-01-04T03:15:00Z,2026-01-04,2026-01-04_17,0.0,0,0,100,64.34782608695654,64.34782608695654,0.0,0.0,0.0,True,False,True,False,0.0,1022.3595175051486,0.0,0.0,0.0,0.0,1022.3595175051486
2026-01-04T03:15:00Z,2026-01-04T03:30:00Z,2026-01-04,2026-01-04_18,0.0,0,0,100,64.34782608695654,64.34782608695654,0.0,0.0,0.0,True,False,True,False,0.0,1022.3595175051486,0.0,0.0,0.0,0.0,1022.3595175051486
2026-01-04T03:30:00Z,2026-01-04T03:45:00Z,2026-01-04,2026-01-04_19,1.2357264969740872e-13,0,0,100,64.34782608695654,64.34782608695652,9.327645659526624e-17,0.0,0.0,True,False,True,False,2.545905515390863e-12,1022.3595175051486,0.0,0.0,0.0,0.0,1022.3595175051511
2026-01-04T03:45:00Z,2026-01-04T04:00:00Z,2026-01-04,2026-01-04_20,0.0,0,0,100,64.34782608695652,64.34782608695652,0.0,0.0,0.0,True,False,True,False,0.0,1022.3595175051486,0.0,0.0,0.0,0.0,1022.3595175051486
2026-01-04T04:00:00Z,2026-01-04T04:15:00Z,2026-01-04,2026-01-04_21,0.0,0,0,100,64.34782608695652,64.34782608695652,0.0,0.0,0.0,True,True,True,False,0.0,1022.3595175051486,0.0,0.0,0.0,0.0,1022.3595175051486
2026-01-04T04:15:00Z,2026-01-04T04:30:00Z,2026-01-04,2026-01-04_22,0.0,0,0,100,64.34782608695652,64.34782608695652,0.0,0.0,0.0,True,True,True,False,0.0,1022.3595175051486,0.0,0.0,0.0,0.0,1022.3595175051486
2026-01-04T04:30:00Z,2026-01-04T04:45:00Z,2026-01-04,2026-01-04_23,0.0,0,0,100,64.34782608695652,64.34782608695652,0.0,0.0,0.0,True,True,True,False,0.0,1022.3595175051486,0.0,0.0,0.0,0.0,1022.3595175051486
2026-01-04T04:45:00Z,2026-01-04T05:00:00Z,2026-01-04,2026-01-04_24,0.0,0,0,100,64.34782608695652,64.34782608695652,0.0,0.0,0.0,True,True,True,False,0.0,1022.3595175051486,0.0,0.0,0.0,0.0,1022.3595175051486
2026-01-04T05:00:00Z,2026-01-04T05:15:00Z,2026-01-04,2026-01-04_25,0.0,0,0,100,64.34782608695652,64.34782608695652,0.0,0.0,0.0,True,True,True,False,0.0,1022.3595175051486,0.0,0.0,0.0,0.0,1022.3595175051486
2026-01-04T05:15:00Z,2026-01-04T05:30:00Z,2026-01-04,2026-01-04_26,0.0,0,0,100,64.34782608695652,64.34782608695652,0.0,0.0,0.0,True,True,True,False,0.0,1022.3595175051486,0.0,0.0,0.0,0.0,1022.3595175051486
2026-01-04T05:30:00Z,2026-01-04T05:45:00Z,2026-01-04,2026-01-04_27,0.0,0,0,100,64.34782608695652,64.34782608695652,0.0,0.0,0.0,True,True,True,False,0.0,1022.3595175051486,0.0,0.0,0.0,0.0,1022.3595175051486
2026-01-04T05:45:00Z,2026-01-04T06:00:00Z,2026-01-04,2026-01-04_28,0.0,0,0,100,64.34782608695652,64.34782608695652,0.0,0.0,0.0,True,True,True,False,0.0,1022.3595175051486,0.0,0.0,0.0,0.0,1022.3595175051486
2026-01-04T06:00:00Z,2026-01-04T06:15:00Z,2026-01-04,2026-01-04_29,0.0,100,100,0,64.34782608695652,72.04007751552794,0.02136736507936508,0.0,8.361142857142857,True,True,True,False,0.0,0.0,107.85525154457193,17.00500147102089,0.0,-320.99179332857005,-196.13154031297722
2026-01-04T06:15:00Z,2026-01-04T06:30:00Z,2026-01-04,2026-01-04_30,0.0,100,100,0,72.04007751552794,84.6277803726708,0.034965841269841265,0.0,13.682285714285713,True,True,True,False,0.0,0.0,107.85525154457193,17.00500147102089,0.0,-268.5844627691618,-143.72420975356897
2026-01-04T06:30:00Z,2026-01-04T06:45:00Z,2026-01-04,2026-01-04_31,0.0,100,100,0,84.6277803726708,102.02839751552794,0.04833504761904762,0.0,18.913714285714285,True,True,True,False,0.0,0.0,107.85525154457193,17.00500147102089,0.0,807.1594969949145,932.0197500105073
2026-01-04T06:45:00Z,2026-01-04T07:00:00Z,2026-01-04,2026-01-04_32,0.0,100,100,0,102.02839751552794,115.69539180124222,0.03796387301587302,0.0,14.855428571428572,True,True,True,False,0.0,0.0,107.85525154457193,17.00500147102089,0.0,-378.35379458944516,-253.49354157385233
2026-01-04T07:00:00Z,2026-01-04T07:15:00Z,2026-01-04,2026-01-04_33,-16.999999999999986,100,83,0,115.69539180124222,126.5925499726708,0.0302698838095238,0.0,7.594737142857143,True,True,True,False,-369.57999999999964,0.0,107.85525154457193,14.114151220947338,0.0,-318.8836254551059,-566.4942226895863
2026-01-04T07:15:00Z,2026-01-04T07:30:00Z,2026-01-04,2026-01-04_34,-15.982803973590189,100,83,0,126.5925499726708,130.4789104099379,0.011198426689015602,0.07942857142857143,0.3201428571428572,True,True,True,False,-352.4208276176637,0.0,107.85525154457193,14.114151220947338,10.924002970061224,-16.495284579498176,-236.02270646158138
2026-01-04T07:30:00Z,2026-01-04T07:45:00Z,2026-01-04,2026-01-04_35,-17.0,100,83,0,130.4789104099379,127.8705147031056,0.023617396328502415,6.1577142857142855,0.0,True,True,True,False,-377.61249999999995,0.0,107.85525154457193,14.114151220947338,1041.183312739041,0.0,785.5402155045603
2026-01-04T07:45:00Z,2026-01-04T08:00:00Z,2026-01-04,2026-01-04_36,-17.0,100,83,0,127.8705147031056,107.11937192546584,0.05912215342995169,23.29657142857143,0.0,True,True,True,False,-380.7575,0.0,107.85525154457193,14.114151220947338,19685.41780052957,0.0,19426.62970329509
2026-01-04T08:00:00Z,2026-01-04T08:15:00Z,2026-01-04,2026-01-04_37,0.0,0,0,100,107.11937192546584,107.11937192546584,0.0,0.0,0.0,True,True,True,False,0.0,1022.3595175051486,0.0,0.0,0.0,0.0,1022.3595175051486
2026-01-04T08:15:00Z,2026-01-04T08:30:00Z,2026-01-04,2026-01-04_38,0.0,0,0,100,107.11937192546584,107.11937192546584,0.0,0.0,0.0,True,True,True,False,0.0,1022.3595175051486,0.0,0.0,0.0,0.0,1022.3595175051486
2026-01-04T08:30:00Z,2026-01-04T08:45:00Z,2026-01-04,2026-01-04_39,0.0,0,0,100,107.11937192546584,107.11937192546584,0.0,0.0,0.0,True,True,True,False,0.0,1022.3595175051486,0.0,0.0,0.0,0.0,1022.3595175051486
2026-01-04T08:45:00Z,2026-01-04T09:00:00Z,2026-01-04,2026-01-04_40,0.0,0,0,100,107.11937192546584,107.11937192546584,0.0,0.0,0.0,True,True,True,False,0.0,1022.3595175051486,0.0,0.0,0.0,0.0,1022.3595175051486
2026-01-04T09:00:00Z,2026-01-04T09:15:00Z,2026-01-04,2026-01-04_41,0.0,0,0,100,107.11937192546584,107.11937192546584,0.0,0.0,0.0,True,True,True,False,0.0,1022.3595175051486,0.0,0.0,0.0,0.0,1022.3595175051486
2026-01-04T09:15:00Z,2026-01-04T09:30:00Z,2026-01-04,2026-01-04_42,0.0,0,0,100,107.11937192546584,107.11937192546584,0.0,0.0,0.0,True,True,True,False,0.0,1022.3595175051486,0.0,0.0,0.0,0.0,1022.3595175051486
2026-01-04T09:30:00Z,2026-01-04T09:45:00Z,2026-01-04,2026-01-04_43,0.0,0,0,100,107.11937192546584,107.11937192546584,0.0,0.0,0.0,True,True,True,False,0.0,1022.3595175051486,0.0,0.0,0.0,0.0,1022.3595175051486
2026-01-04T09:45:00Z,2026-01-04T10:00:00Z,2026-01-04,2026-01-04_44,0.0,0,0,100,107.11937192546584,107.11937192546584,0.0,0.0,0.0,True,True,True,False,0.0,1022.3595175051486,0.0,0.0,0.0,0.0,1022.3595175051486
2026-01-04T10:00:00Z,2026-01-04T10:15:00Z,2026-01-04,2026-01-04_45,-100.0,100,0,0,107.11937192546584,113.25498335403728,0.01704336507936508,18.330857142857145,0.0,True,True,True,False,-2346.25,0.0,98.1759340982642,0.0,21673.440495607956,0.0,19425.36642970622
2026-01-04T10:15:00Z,2026-01-04T10:30:00Z,2026-01-04,2026-01-04_46,-100.0,100,0,0,113.25498335403728,124.70293763975157,0.03179987301587302,12.556571428571427,0.0,True,True,True,False,-2249.75,0.0,98.1759340982642,0.0,6202.64089886381,0.0,4051.066832962075
2026-01-04T10:30:00Z,2026-01-04T10:45:00Z,2026-01-04,2026-01-04_47,0.0,100,0,0,124.70293763975157,122.88678857142858,0.005044858523119392,1.6708571428571426,0.0,True,True,True,False,0.0,0.0,98.1759340982642,0.0,255.8435071379537,0.0,354.0194412362179
2026-01-04T10:45:00Z,2026-01-04T11:00:00Z,2026-01-04,2026-01-04_48,-100.0,100,0,0,122.88678857142858,144.0,0.058647809523809526,2.0508571428571427,0.0,True,True,True,False,-2242.75,0.0,98.1759340982642,0.0,315.3440741954917,0.0,-1829.2299917062442
2026-01-04T11:00:00Z,2026-01-04T11:15:00Z,2026-01-04,2026-01-04_49,0.0,0,0,100,144.0,144.0,0.0,0.0,0.0,True,True,True,False,0.0,1022.3595175051486,0.0,0.0,0.0,0.0,1022.3595175051486
2026-01-04T11:15:00Z,2026-01-04T11:30:00Z,2026-01-04,2026-01-04_50,0.0,0,0,100,144.0,144.0,0.0,0.0,0.0,True,True,True,False,0.0,1022.3595175051486,0.0,0.0,0.0,0.0,1022.3595175051486
2026-01-04T11:30:00Z,2026-01-04T11:45:00Z,2026-01-04,2026-01-04_51,0.0,0,0,100,144.0,144.0,0.0,0.0,0.0,True,True,True,False,0.0,1022.3595175051486,0.0,0.0,0.0,0.0,1022.3595175051486
2026-01-04T11:45:00Z,2026-01-04T12:00:00Z,2026-01-04,2026-01-04_52,0.0,0,0,100,144.0,144.0,0.0,0.0,0.0,True,True,True,False,0.0,1022.3595175051486,0.0,0.0,0.0,0.0,1022.3595175051486
2026-01-04T12:00:00Z,2026-01-04T12:15:00Z,2026-01-04,2026-01-04_53,0.0,0,0,100,144.0,144.0,0.0,0.0,0.0,True,True,True,False,0.0,1022.3595175051486,0.0,0.0,0.0,0.0,1022.3595175051486
2026-01-04T12:15:00Z,2026-01-04T12:30:00Z,2026-01-04,2026-01-04_54,0.0,0,0,100,144.0,144.0,0.0,0.0,0.0,True,True,True,False,0.0,1022.3595175051486,0.0,0.0,0.0,0.0,1022.3595175051486
2026-01-04T12:30:00Z,2026-01-04T12:45:00Z,2026-01-04,2026-01-04_55,0.0,0,0,100,144.0,144.0,0.0,0.0,0.0,True,True,True,False,0.0,1022.3595175051486,0.0,0.0,0.0,0.0,1022.3595175051486
2026-01-04T12:45:00Z,2026-01-04T13:00:00Z,2026-01-04,2026-01-04_56,0.0,0,0,100,144.0,144.0,0.0,0.0,0.0,True,True,True,False,0.0,1022.3595175051486,0.0,0.0,0.0,0.0,1022.3595175051486
2026-01-04T13:00:00Z,2026-01-04T13:15:00Z,2026-01-04,2026-01-04_57,0.0,0,0,100,144.0,144.0,0.0,0.0,0.0,True,True,True,False,0.0,1022.3595175051486,0.0,0.0,0.0,0.0,1022.3595175051486
2026-01-04T13:15:00Z,2026-01-04T13:30:00Z,2026-01-04,2026-01-04_58,0.0,0,0,100,144.0,144.0,0.0,0.0,0.0,True,True,True,False,0.0,1022.3595175051486,0.0,0.0,0.0,0.0,1022.3595175051486
2026-01-04T13:30:00Z,2026-01-04T13:45:00Z,2026-01-04,2026-01-04_59,0.0,0,0,100,144.0,144.0,0.0,0.0,0.0,True,True,True,False,0.0,1022.3595175051486,0.0,0.0,0.0,0.0,1022.3595175051486
2026-01-04T13:45:00Z,2026-01-04T14:00:00Z,2026-01-04,2026-01-04_60,0.0,0,0,100,144.0,144.0,0.0,0.0,0.0,True,True,True,False,0.0,1022.3595175051486,0.0,0.0,0.0,0.0,1022.3595175051486
2026-01-04T14:00:00Z,2026-01-04T14:15:00Z,2026-01-04,2026-01-04_61,0.0,0,0,100,144.0,144.0,0.0,0.0,0.0,True,True,True,False,0.0,1022.3595175051486,0.0,0.0,0.0,0.0,1022.3595175051486
2026-01-04T14:15:00Z,2026-01-04T14:30:00Z,2026-01-04,2026-01-04_62,0.0,0,0,100,144.0,144.0,0.0,0.0,0.0,True,True,True,False,0.0,1022.3595175051486,0.0,0.0,0.0,0.0,1022.3595175051486
2026-01-04T14:30:00Z,2026-01-04T14:45:00Z,2026-01-04,2026-01-04_63,0.0,0,0,100,144.0,144.0,0.0,0.0,0.0,True,True,True,False,0.0,1022.3595175051486,0.0,0.0,0.0,0.0,1022.3595175051486
2026-01-04T14:45:00Z,2026-01-04T15:00:00Z,2026-01-04,2026-01-04_64,0.0,0,0,100,144.0,144.0,0.0,0.0,0.0,True,True,True,False,0.0,1022.3595175051486,0.0,0.0,0.0,0.0,1022.3595175051486
2026-01-04T15:00:00Z,2026-01-04T15:15:00Z,2026-01-04,2026-01-04_65,0.0,0,0,100,144.0,144.0,0.0,0.0,0.0,True,True,True,False,0.0,1022.3595175051486,0.0,0.0,0.0,0.0,1022.3595175051486
2026-01-04T15:15:00Z,2026-01-04T15:30:00Z,2026-01-04,2026-01-04_66,0.0,0,0,100,144.0,144.0,0.0,0.0,0.0,True,True,True,False,0.0,1022.3595175051486,0.0,0.0,0.0,0.0,1022.3595175051486
2026-01-04T15:30:00Z,2026-01-04T15:45:00Z,2026-01-04,2026-01-04_67,0.0,0,0,100,144.0,144.0,0.0,0.0,0.0,True,True,True,False,0.0,1022.3595175051486,0.0,0.0,0.0,0.0,1022.3595175051486
2026-01-04T15:45:00Z,2026-01-04T16:00:00Z,2026-01-04,2026-01-04_68,0.0,0,0,100,144.0,144.0,0.0,0.0,0.0,True,True,True,False,0.0,1022.3595175051486,0.0,0.0,0.0,0.0,1022.3595175051486
2026-01-04T16:00:00Z,2026-01-04T16:15:00Z,2026-01-04,2026-01-04_69,0.0,100,100,0,144.0,130.34037267080745,0.037943409247757076,12.566857142857144,0.0,True,True,True,False,0.0,0.0,107.85525154457193,17.00500147102089,2291.5134681068666,0.0,2416.3737211224593
2026-01-04T16:15:00Z,2026-01-04T16:30:00Z,2026-01-04,2026-01-04_70,0.0,100,100,0,130.34037267080745,115.37391304347827,0.04157349896480331,13.769142857142857,0.0,True,True,True,False,0.0,0.0,107.85525154457193,17.00500147102089,2705.352330517379,0.0,2830.2125835329716
2026-01-04T16:30:00Z,2026-01-04T16:45:00Z,2026-01-04,2026-01-04_71,0.0,100,100,0,115.37391304347827,99.30745341614907,0.04462905452035886,14.781142857142857,0.0,True,True,True,False,0.0,0.0,107.85525154457193,17.00500147102089,2846.8159340982647,0.0,2971.6761871138574
2026-01-04T16:45:00Z,2026-01-04T17:00:00Z,2026-01-04,2026-01-04_72,0.0,100,100,0,99.30745341614907,90.26397515527951,0.025120772946859903,8.32,0.0,True,True,True,False,0.0,0.0,107.85525154457193,17.00500147102089,1287.7959870550164,0.0,1412.6562400706093
2026-01-04T17:00:00Z,2026-01-04T17:15:00Z,2026-01-04,2026-01-04_73,0.0,0,0,100,90.26397515527951,90.26397515527951,0.0,0.0,0.0,True,True,True,False,0.0,1022.3595175051486,0.0,0.0,0.0,0.0,1022.3595175051486
2026-01-04T17:15:00Z,2026-01-04T17:30:00Z,2026-01-04,2026-01-04_74,0.0,0,0,100,90.26397515527951,90.26397515527951,0.0,0.0,0.0,True,True,True,False,0.0,1022.3595175051486,0.0,0.0,0.0,0.0,1022.3595175051486
2026-01-04T17:30:00Z,2026-01-04T17:45:00Z,2026-01-04,2026-01-04_75,0.0,0,0,100,90.26397515527951,90.26397515527951,0.0,0.0,0.0,True,True,True,False,0.0,1022.3595175051486,0.0,0.0,0.0,0.0,1022.3595175051486
2026-01-04T17:45:00Z,2026-01-04T18:00:00Z,2026-01-04,2026-01-04_76,0.0,0,0,100,90.26397515527951,90.26397515527951,0.0,0.0,0.0,True,True,True,False,0.0,1022.3595175051486,0.0,0.0,0.0,0.0,1022.3595175051486
2026-01-04T18:00:00Z,2026-01-04T18:15:00Z,2026-01-04,2026-01-04_77,0.0,0,0,100,90.26397515527951,90.26397515527951,0.0,0.0,0.0,True,True,True,False,0.0,1022.3595175051486,0.0,0.0,0.0,0.0,1022.3595175051486
2026-01-04T18:15:00Z,2026-01-04T18:30:00Z,2026-01-04,2026-01-04_78,0.0,0,0,100,90.26397515527951,90.26397515527951,0.0,0.0,0.0,True,True,True,False,0.0,1022.3595175051486,0.0,0.0,0.0,0.0,1022.3595175051486
2026-01-04T18:30:00Z,2026-01-04T18:45:00Z,2026-01-04,2026-01-04_79,0.0,0,0,100,90.26397515527951,90.26397515527951,0.0,0.0,0.0,True,True,True,False,0.0,1022.3595175051486,0.0,0.0,0.0,0.0,1022.3595175051486
2026-01-04T18:45:00Z,2026-01-04T19:00:00Z,2026-01-04,2026-01-04_80,0.0,0,0,100,90.26397515527951,90.26397515527951,0.0,0.0,0.0,True,True,True,False,0.0,1022.3595175051486,0.0,0.0,0.0,0.0,1022.3595175051486
2026-01-04T19:00:00Z,2026-01-04T19:15:00Z,2026-01-04,2026-01-04_81,0.0,0,0,100,90.26397515527951,90.26397515527951,0.0,0.0,0.0,True,True,True,False,0.0,1022.3595175051486,0.0,0.0,0.0,0.0,1022.3595175051486
2026-01-04T19:15:00Z,2026-01-04T19:30:00Z,2026-01-04,2026-01-04_82,0.0,0,0,100,90.26397515527951,90.26397515527951,0.0,0.0,0.0,True,True,True,False,0.0,1022.3595175051486,0.0,0.0,0.0,0.0,1022.3595175051486
2026-01-04T19:30:00Z,2026-01-04T19:45:00Z,2026-01-04,2026-01-04_83,0.0,0,0,100,90.26397515527951,90.26397515527951,0.0,0.0,0.0,True,True,True,False,0.0,1022.3595175051486,0.0,0.0,0.0,0.0,1022.3595175051486
2026-01-04T19:45:00Z,2026-01-04T20:00:00Z,2026-01-04,2026-01-04_84,0.0,0,0,100,90.26397515527951,90.26397515527951,0.0,0.0,0.0,True,True,True,False,0.0,1022.3595175051486,0.0,0.0,0.0,0.0,1022.3595175051486
2026-01-04T20:00:00Z,2026-01-04T20:15:00Z,2026-01-04,2026-01-04_85,-0.22531520953699913,100,49,0,90.26397515527951,71.96128249440991,0.05093418557249395,16.892,0.0,True,True,True,False,-6.0198591108047745,0.0,97.38158281847603,8.332450720800235,16299.953373737373,0.0,16399.647548165845
2026-01-04T20:15:00Z,2026-01-04T20:30:00Z,2026-01-04,2026-01-04_86,0.0,100,49,0,71.96128249440991,61.11345640745339,0.030132850241545894,9.98,0.0,True,True,True,False,0.0,0.0,97.38158281847603,8.332450720800235,2673.0486025301566,0.0,2778.762636069433
2026-01-04T20:30:00Z,2026-01-04T20:45:00Z,2026-01-04,2026-01-04_87,-51.0,100,49,0,61.11345640745339,59.727776963975124,0.034889296231884054,13.092,0.0,True,True,True,False,-1255.875,0.0,97.38158281847603,8.332450720800235,11619.890172403651,0.0,10469.729205942927
2026-01-04T20:45:00Z,2026-01-04T21:00:00Z,2026-01-04,2026-01-04_88,-51.0,100,49,0,59.727776963975124,64.34782608695649,0.033840233071083504,7.099428571428572,0.0025199999999999997,True,True,True,False,-1185.6225,0.0,97.38158281847603,8.332450720800235,3726.0644534667063,-0.19770520741394526,2645.958281798569
2026-01-04T21:00:00Z,2026-01-04T21:15:00Z,2026-01-04,2026-01-04_89,0.0,0,0,100,64.34782608695649,64.34782608695649,0.0,0.0,0.0,True,True,True,False,0.0,1022.3595175051486,0.0,0.0,0.0,0.0,1022.3595175051486
2026-01-04T21:15:00Z,2026-01-04T21:30:00Z,2026-01-04,2026-01-04_90,0.0,0,0,100,64.34782608695649,64.34782608695649,0.0,0.0,0.0,True,True,True,False,0.0,1022.3595175051486,0.0,0.0,0.0,0.0,1022.3595175051486
2026-01-04T21:30:00Z,2026-01-04T21:45:00Z,2026-01-04,2026-01-04_91,0.0,0,0,100,64.34782608695649,64.34782608695649,0.0,0.0,0.0,True,True,True,False,0.0,1022.3595175051486,0.0,0.0,0.0,0.0,1022.3595175051486
2026-01-04T21:45:00Z,2026-01-04T22:00:00Z,2026-01-04,2026-01-04_92,0.0,0,0,100,64.34782608695649,64.34782608695649,0.0,0.0,0.0,True,True,True,False,0.0,1022.3595175051486,0.0,0.0,0.0,0.0,1022.3595175051486
2026-01-04T22:00:00Z,2026-01-04T22:15:00Z,2026-01-05,2026-01-04_93,-1.4210854715202004e-14,0,0,100,64.34782608695649,64.34782608695649,9.079157179156836e-18,0.0,0.0,True,True,True,False,-3.467803821877169e-13,1022.3595175051486,0.0,0.0,0.0,0.0,1022.3595175051482
2026-01-04T22:15:00Z,2026-01-04T22:30:00Z,2026-01-05,2026-01-04_94,-1.4210854715202004e-14,0,0,100,64.34782608695649,64.34782608695649,9.079157179156836e-18,0.0,0.0,True,True,True,False,-3.1878499839876896e-13,1022.3595175051486,0.0,0.0,0.0,0.0,1022.3595175051482
2026-01-04T22:30:00Z,2026-01-04T22:45:00Z,2026-01-05,2026-01-04_95,-1.4210854715202004e-14,0,0,100,64.34782608695649,64.34782608695649,9.079157179156836e-18,0.0,0.0,True,True,True,False,-3.0670577189084724e-13,1022.3595175051486,0.0,0.0,0.0,0.0,1022.3595175051482
2026-01-04T22:45:00Z,2026-01-04T23:00:00Z,2026-01-05,2026-01-04_96,-1.4210854715202004e-14,0,0,100,64.34782608695649,64.34782608695649,9.079157179156836e-18,0.0,0.0,True,True,True,False,-2.9547919666583767e-13,1022.3595175051486,0.0,0.0,0.0,0.0,1022.3595175051482
2026-01-04T23:00:00Z,2026-01-04T23:15:00Z,2026-01-05,2026-01-05_1,0.0,0,0,100,64.34782608695649,64.34782608695649,0.0,0.0,0.0,True,True,True,False,0.0,1022.3595175051486,0.0,0.0,0.0,0.0,1022.3595175051486
2026-01-04T23:15:00Z,2026-01-04T23:30:00Z,2026-01-05,2026-01-05_2,0.0,0,0,100,64.34782608695649,64.34782608695649,0.0,0.0,0.0,True,True,True,False,0.0,1022.3595175051486,0.0,0.0,0.0,0.0,1022.3595175051486
2026-01-04T23:30:00Z,2026-01-04T23:45:00Z,2026-01-05,2026-01-05_3,0.0,0,0,100,64.34782608695649,64.34782608695649,0.0,0.0,0.0,True,True,True,False,0.0,1022.3595175051486,0.0,0.0,0.0,0.0,1022.3595175051486
2026-01-04T23:45:00Z,2026-01-05T00:00:00Z,2026-01-05,2026-01-05_4,0.0,0,0,100,64.34782608695649,64.34782608695649,0.0,0.0,0.0,True,True,True,False,0.0,1022.3595175051486,0.0,0.0,0.0,0.0,1022.3595175051486
2026-01-05T00:00:00Z,2026-01-05T00:15:00Z,2026-01-05,2026-01-05_5,-2.842170943040401e-14,0,0,100,64.34782608695649,64.34782608695649,1.815831435831367e-17,0.0,0.0,True,True,True,False,-6.605205271625891e-13,1022.3595175051486,0.0,0.0,0.0,0.0,1022.3595175051479
2026-01-05T00:15:00Z,2026-01-05T00:30:00Z,2026-01-05,2026-01-05_6,-2.842170943040401e-14,0,0,100,64.34782608695649,64.34782608695649,1.8158314358313672e-17,0.0,0.0,True,True,True,False,-6.394884621840902e-13,1022.3595175051486,0.0,0.0,0.0,0.0,1022.3595175051479
2026-01-05T00:30:00Z,2026-01-05T00:45:00Z,2026-01-05,2026-01-05_7,-2.842170943040401e-14,0,0,100,64.34782608695649,64.34782608695649,1.8158314358313672e-17,0.0,0.0,True,True,True,False,-6.163247689983109e-13,1022.3595175051486,0.0,0.0,0.0,0.0,1022.359517505148
2026-01-05T00:45:00Z,2026-01-05T01:00:00Z,2026-01-05,2026-01-05_8,-2.796932049476085e-14,0,0,100,64.34782608695649,64.34782608695649,1.7869288093874988e-17,0.0,0.0,True,True,True,False,-5.991727682990142e-13,1022.3595175051486,0.0,0.0,0.0,0.0,1022.359517505148
2026-01-05T01:00:00Z,2026-01-05T01:15:00Z,2026-01-05,2026-01-05_9,-74.99999999999979,75,0,25,64.34782608695649,81.59782608695645,0.04791666666666654,0.0,0.0,True,True,True,False,-1635.1874999999952,255.58987937628714,73.03618711385703,0.0,0.0,0.0,-1306.561433509851
2026-01-05T01:15:00Z,2026-01-05T01:30:00Z,2026-01-05,2026-01-05_10,-74.99999999999979,75,0,25,81.59782608695645,97.38739180124212,0.04385990476190465,1.5874285714285716,0.0,True,True,True,False,-1623.9374999999955,255.58987937628714,73.03618711385703,0.0,219.78997049552396,0.0,-1075.5214630143273
2026-01-05T01:30:00Z,2026-01-05T01:45:00Z,2026-01-05,2026-01-05_11,-74.99999999999986,75,0,25,97.38739180124212,109.08821465838494,0.03250228571428569,6.031714285714286,0.0,True,True,True,False,-1629.937499999997,255.58987937628714,73.03618711385703,0.0,925.8388626907074,0.0,-375.47257081914546
2026-01-05T01:45:00Z,2026-01-05T02:00:00Z,2026-01-05,2026-01-05_12,-74.99999999999979,75,0,25,109.08821465838494,125.74560322981347,0.046270523809523685,0.6441428571428571,0.0,True,True,True,False,-1598.9999999999955,255.58987937628714,73.03618711385703,0.0,89.18267456815029,0.0,-1181.191258941701
2026-01-05T02:00:00Z,2026-01-05T02:15:00Z,2026-01-05,2026-01-05_13,0.0,0,0,100,125.74560322981347,125.74560322981347,0.0,0.0,0.0,True,True,True,False,0.0,1022.3595175051486,0.0,0.0,0.0,0.0,1022.3595175051486
2026-01-05T02:15:00Z,2026-01-05T02:30:00Z,2026-01-05,2026-01-05_14,0.0,0,0,100,125.74560322981347,125.74560322981347,0.0,0.0,0.0,True,True,True,False,0.0,1022.3595175051486,0.0,0.0,0.0,0.0,1022.3595175051486
2026-01-05T02:30:00Z,2026-01-05T02:45:00Z,2026-01-05,2026-01-05_15,0.0,0,0,100,125.74560322981347,125.74560322981347,0.0,0.0,0.0,True,True,True,False,0.0,1022.3595175051486,0.0,0.0,0.0,0.0,1022.3595175051486
2026-01-05T02:45:00Z,2026-01-05T03:00:00Z,2026-01-05,2026-01-05_16,0.0,0,0,100,125.74560322981347,125.74560322981347,0.0,0.0,0.0,True,True,True,False,0.0,1022.3595175051486,0.0,0.0,0.0,0.0,1022.3595175051486
2026-01-05T03:00:00Z,2026-01-05T03:15:00Z,2026-01-05,2026-01-05_17,0.0,0,0,100,125.74560322981347,125.74560322981347,0.0,0.0,0.0,True,True,True,False,0.0,1022.3595175051486,0.0,0.0,0.0,0.0,1022.3595175051486
2026-01-05T03:15:00Z,2026-01-05T03:30:00Z,2026-01-05,2026-01-05_18,0.0,0,0,100,125.74560322981347,125.74560322981347,0.0,0.0,0.0,True,True,True,False,0.0,1022.3595175051486,0.0,0.0,0.0,0.0,1022.3595175051486
2026-01-05T03:30:00Z,2026-01-05T03:45:00Z,2026-01-05,2026-01-05_19,0.0,0,0,100,125.74560322981347,125.74560322981347,0.0,0.0,0.0,True,True,True,False,0.0,1022.3595175051486,0.0,0.0,0.0,0.0,1022.3595175051486
2026-01-05T03:45:00Z,2026-01-05T04:00:00Z,2026-01-05,2026-01-05_20,0.0,0,0,100,125.74560322981347,125.74560322981347,0.0,0.0,0.0,True,True,True,False,0.0,1022.3595175051486,0.0,0.0,0.0,0.0,1022.3595175051486
2026-01-05T04:00:00Z,2026-01-05T04:15:00Z,2026-01-05,2026-01-05_21,0.0,0,0,100,125.74560322981347,125.74560322981347,0.0,0.0,0.0,True,True,True,False,0.0,1022.3595175051486,0.0,0.0,0.0,0.0,1022.3595175051486
2026-01-05T04:15:00Z,2026-01-05T04:30:00Z,2026-01-05,2026-01-05_22,0.0,0,0,100,125.74560322981347,125.74560322981347,0.0,0.0,0.0,True,True,True,False,0.0,1022.3595175051486,0.0,0.0,0.0,0.0,1022.3595175051486
2026-01-05T04:30:00Z,2026-01-05T04:45:00Z,2026-01-05,2026-01-05_23,0.0,0,0,100,125.74560322981347,125.74560322981347,0.0,0.0,0.0,True,True,True,False,0.0,1022.3595175051486,0.0,0.0,0.0,0.0,1022.3595175051486
2026-01-05T04:45:00Z,2026-01-05T05:00:00Z,2026-01-05,2026-01-05_24,0.0,0,0,100,125.74560322981347,125.74560322981347,0.0,0.0,0.0,True,True,True,False,0.0,1022.3595175051486,0.0,0.0,0.0,0.0,1022.3595175051486
2026-01-05T05:00:00Z,2026-01-05T05:15:00Z,2026-01-05,2026-01-05_25,0.0,100,100,0,125.74560322981347,142.01383180124205,0.04518952380952381,0.0,17.68285714285714,True,True,True,False,0.0,0.0,106.61959399823479,17.00500147102089,0.0,8108.307060059682,8231.931655528937
2026-01-05T05:15:00Z,2026-01-05T05:30:00Z,2026-01-05,2026-01-05_26,0.0,100,100,0,142.01383180124205,142.73367875776378,0.0020133775017253277,0.002285714285714286,0.7851428571428571,True,True,True,False,0.0,0.0,106.61959399823479,17.00500147102089,0.3138177895459449,-46.83061068381458,77.10780257498705
2026-01-05T05:30:00Z,2026-01-05T05:45:00Z,2026-01-05,2026-01-05_27,0.0,100,100,0,142.73367875776378,143.27984919254638,0.0015378440303657694,0.0034285714285714284,0.5977142857142858,True,True,True,False,0.0,0.0,106.61959399823479,17.00500147102089,0.47072668431891734,-35.56953927625773,88.52578287731687
2026-01-05T05:45:00Z,2026-01-05T06:00:00Z,2026-01-05,2026-01-05_28,0.0,100,100,0,143.27984919254638,143.54574037267062,0.0011802705314009664,0.07314285714285715,0.37542857142857144,True,True,True,False,0.0,0.0,106.61959399823479,17.00500147102089,10.042169265470237,-20.062031017526166,113.60473371719975
2026-01-05T06:00:00Z,2026-01-05T06:15:00Z,2026-01-05,2026-01-05_29,0.0,0,0,100,143.54574037267062,143.54574037267062,0.0,0.0,0.0,True,True,True,False,0.0,1022.3595175051486,0.0,0.0,0.0,0.0,1022.3595175051486
2026-01-05T06:15:00Z,2026-01-05T06:30:00Z,2026-01-05,2026-01-05_30,0.0,0,0,100,143.54574037267062,143.54574037267062,0.0,0.0,0.0,True,True,True,False,0.0,1022.3595175051486,0.0,0.0,0.0,0.0,1022.3595175051486
2026-01-05T06:30:00Z,2026-01-05T06:45:00Z,2026-01-05,2026-01-05_31,0.0,0,0,100,143.54574037267062,143.54574037267062,0.0,0.0,0.0,True,True,True,False,0.0,1022.3595175051486,0.0,0.0,0.0,0.0,1022.3595175051486
2026-01-05T06:45:00Z,2026-01-05T07:00:00Z,2026-01-05,2026-01-05_32,0.0,0,0,100,143.54574037267062,143.54574037267062,0.0,0.0,0.0,True,True,True,False,0.0,1022.3595175051486,0.0,0.0,0.0,0.0,1022.3595175051486
2026-01-05T07:00:00Z,2026-01-05T07:15:00Z,2026-01-05,2026-01-05_33,-41.77275125329849,100,0,0,143.54574037267062,148.2185311801242,0.03003826783504169,4.851428571428571,0.0,True,True,True,False,-1517.9173486667337,0.0,107.85525154457193,0.0,745.9867154205018,0.0,-664.0753817016599
2026-01-05T07:15:00Z,2026-01-05T07:30:00Z,2026-01-05,2026-01-05_34,0.0,100,0,0,148.2185311801242,136.58374857142854,0.032318840579710136,10.703999999999999,0.0,True,True,True,False,0.0,0.0,107.85525154457193,0.0,1648.0611944689615,0.0,1755.9164460135335
2026-01-05T07:30:00Z,2026-01-05T07:45:00Z,2026-01-05,2026-01-05_35,-100.0,100,0,0,136.58374857142854,143.46850285714282,0.01912431746031746,17.516571428571428,0.0,True,True,True,False,-3724.25,0.0,107.85525154457193,0.0,3581.066080948178,0.0,-35.32866750725023
2026-01-05T07:45:00Z,2026-01-05T08:00:00Z,2026-01-05,2026-01-05_36,-100.0,100,0,0,143.46850285714282,143.99999999999997,0.0014763809523809556,24.422285714285714,0.0,True,True,True,False,-3847.2499999999995,0.0,107.85525154457193,0.0,16351.511848470838,0.0,12612.11710001541
2026-01-05T08:00:00Z,2026-01-05T08:15:00Z,2026-01-05,2026-01-05_37,0.0,0,0,100,143.99999999999997,143.99999999999997,0.0,0.0,0.0,True,False,True,False,0.0,1022.3595175051486,0.0,0.0,0.0,0.0,1022.3595175051486
2026-01-05T08:15:00Z,2026-01-05T08:30:00Z,2026-01-05,2026-01-05_38,0.0,0,0,100,143.99999999999997,143.99999999999997,0.0,0.0,0.0,True,False,True,False,0.0,1022.3595175051486,0.0,0.0,0.0,0.0,1022.3595175051486
2026-01-05T08:30:00Z,2026-01-05T08:45:00Z,2026-01-05,2026-01-05_39,0.0,0,0,100,143.99999999999997,143.99999999999997,0.0,0.0,0.0,True,False,True,False,0.0,1022.3595175051486,0.0,0.0,0.0,0.0,1022.3595175051486
2026-01-05T08:45:00Z,2026-01-05T09:00:00Z,2026-01-05,2026-01-05_40,0.0,0,0,100,143.99999999999997,143.99999999999997,0.0,0.0,0.0,True,False,True,False,0.0,1022.3595175051486,0.0,0.0,0.0,0.0,1022.3595175051486
2026-01-05T09:00:00Z,2026-01-05T09:15:00Z,2026-01-05,2026-01-05_41,0.0,0,0,100,143.99999999999997,143.99999999999997,0.0,0.0,0.0,True,True,True,False,0.0,1022.3595175051486,0.0,0.0,0.0,0.0,1022.3595175051486
2026-01-05T09:15:00Z,2026-01-05T09:30:00Z,2026-01-05,2026-01-05_42,0.0,0,0,100,143.99999999999997,143.99999999999997,0.0,0.0,0.0,True,True,True,False,0.0,1022.3595175051486,0.0,0.0,0.0,0.0,1022.3595175051486
2026-01-05T09:30:00Z,2026-01-05T09:45:00Z,2026-01-05,2026-01-05_43,0.0,0,0,100,143.99999999999997,143.99999999999997,0.0,0.0,0.0,True,True,True,False,0.0,1022.3595175051486,0.0,0.0,0.0,0.0,1022.3595175051486
2026-01-05T09:45:00Z,2026-01-05T10:00:00Z,2026-01-05,2026-01-05_44,0.0,0,0,100,143.99999999999997,143.99999999999997,0.0,0.0,0.0,True,True,True,False,0.0,1022.3595175051486,0.0,0.0,0.0,0.0,1022.3595175051486
2026-01-05T10:00:00Z,2026-01-05T10:15:00Z,2026-01-05,2026-01-05_45,0.0,0,0,100,143.99999999999997,143.99999999999997,0.0,0.0,0.0,True,True,True,False,0.0,1022.3595175051486,0.0,0.0,0.0,0.0,1022.3595175051486
2026-01-05T10:15:00Z,2026-01-05T10:30:00Z,2026-01-05,2026-01-05_46,0.0,0,0,100,143.99999999999997,143.99999999999997,0.0,0.0,0.0,True,True,True,False,0.0,1022.3595175051486,0.0,0.0,0.0,0.0,1022.3595175051486
2026-01-05T10:30:00Z,2026-01-05T10:45:00Z,2026-01-05,2026-01-05_47,0.0,0,0,100,143.99999999999997,143.99999999999997,0.0,0.0,0.0,True,True,True,False,0.0,1022.3595175051486,0.0,0.0,0.0,0.0,1022.3595175051486
2026-01-05T10:45:00Z,2026-01-05T11:00:00Z,2026-01-05,2026-01-05_48,0.0,0,0,100,143.99999999999997,143.99999999999997,0.0,0.0,0.0,True,True,True,False,0.0,1022.3595175051486,0.0,0.0,0.0,0.0,1022.3595175051486
2026-01-05T11:00:00Z,2026-01-05T11:15:00Z,2026-01-05,2026-01-05_49,0.0,0,0,100,143.99999999999997,143.99999999999997,0.0,0.0,0.0,True,False,True,False,0.0,1022.3595175051486,0.0,0.0,0.0,0.0,1022.3595175051486
2026-01-05T11:15:00Z,2026-01-05T11:30:00Z,2026-01-05,2026-01-05_50,0.0,0,0,100,143.99999999999997,143.99999999999997,0.0,0.0,0.0,True,False,True,False,0.0,1022.3595175051486,0.0,0.0,0.0,0.0,1022.3595175051486
2026-01-05T11:30:00Z,2026-01-05T11:45:00Z,2026-01-05,2026-01-05_51,0.0,0,0,100,143.99999999999997,143.99999999999997,0.0,0.0,0.0,True,False,True,False,0.0,1022.3595175051486,0.0,0.0,0.0,0.0,1022.3595175051486
2026-01-05T11:45:00Z,2026-01-05T12:00:00Z,2026-01-05,2026-01-05_52,0.0,0,0,100,143.99999999999997,143.99999999999997,0.0,0.0,0.0,True,False,True,False,0.0,1022.3595175051486,0.0,0.0,0.0,0.0,1022.3595175051486
2026-01-05T12:00:00Z,2026-01-05T12:15:00Z,2026-01-05,2026-01-05_53,0.0,0,0,100,143.99999999999997,143.99999999999997,0.0,0.0,0.0,True,True,True,False,0.0,1022.3595175051486,0.0,0.0,0.0,0.0,1022.3595175051486
2026-01-05T12:15:00Z,2026-01-05T12:30:00Z,2026-01-05,2026-01-05_54,0.0,0,0,100,143.99999999999997,143.99999999999997,0.0,0.0,0.0,True,True,True,False,0.0,1022.3595175051486,0.0,0.0,0.0,0.0,1022.3595175051486
2026-01-05T12:30:00Z,2026-01-05T12:45:00Z,2026-01-05,2026-01-05_55,0.0,0,0,100,143.99999999999997,143.99999999999997,0.0,0.0,0.0,True,True,True,False,0.0,1022.3595175051486,0.0,0.0,0.0,0.0,1022.3595175051486
2026-01-05T12:45:00Z,2026-01-05T13:00:00Z,2026-01-05,2026-01-05_56,0.0,0,0,100,143.99999999999997,143.99999999999997,0.0,0.0,0.0,True,True,True,False,0.0,1022.3595175051486,0.0,0.0,0.0,0.0,1022.3595175051486
2026-01-05T13:00:00Z,2026-01-05T13:15:00Z,2026-01-05,2026-01-05_57,0.0,0,0,100,143.99999999999997,143.99999999999997,0.0,0.0,0.0,True,True,True,False,0.0,1022.3595175051486,0.0,0.0,0.0,0.0,1022.3595175051486
2026-01-05T13:15:00Z,2026-01-05T13:30:00Z,2026-01-05,2026-01-05_58,0.0,0,0,100,143.99999999999997,143.99999999999997,0.0,0.0,0.0,True,True,True,False,0.0,1022.3595175051486,0.0,0.0,0.0,0.0,1022.3595175051486
2026-01-05T13:30:00Z,2026-01-05T13:45:00Z,2026-01-05,2026-01-05_59,0.0,0,0,100,143.99999999999997,143.99999999999997,0.0,0.0,0.0,True,True,True,False,0.0,1022.3595175051486,0.0,0.0,0.0,0.0,1022.3595175051486
2026-01-05T13:45:00Z,2026-01-05T14:00:00Z,2026-01-05,2026-01-05_60,0.0,0,0,100,143.99999999999997,143.99999999999997,0.0,0.0,0.0,True,True,True,False,0.0,1022.3595175051486,0.0,0.0,0.0,0.0,1022.3595175051486
2026-01-05T14:00:00Z,2026-01-05T14:15:00Z,2026-01-05,2026-01-05_61,-100.0,100,0,0,143.99999999999997,152.0192457142857,0.02227568253968254,16.283428571428573,0.0,True,True,True,False,-4238.75,0.0,103.32450720800236,0.0,7614.579605093936,0.0,3479.1541123019383
2026-01-05T14:15:00Z,2026-01-05T14:30:00Z,2026-01-05,2026-01-05_62,-0.04801944824222094,100,0,0,152.0192457142857,133.2291925465841,0.05221349466055322,17.298285714285715,0.0,True,True,True,False,-2.194968979151919,0.0,103.32450720800236,0.0,3389.3850836800743,0.0,3490.5146219089247
2026-01-05T14:30:00Z,2026-01-05T14:45:00Z,2026-01-05,2026-01-05_63,0.0,100,0,0,133.2291925465841,115.99751552795055,0.04786576949620428,15.853142857142858,0.0,True,True,True,False,0.0,0.0,103.32450720800236,0.0,12614.316387845167,0.0,12717.64089505317
2026-01-05T14:45:00Z,2026-01-05T15:00:00Z,2026-01-05,2026-01-05_64,0.0,100,0,0,115.99751552795055,96.95652173913068,0.05289164941338853,17.517714285714284,0.0,True,True,True,False,0.0,0.0,103.32450720800236,0.0,11091.198985023608,0.0,11194.52349223161
2026-01-05T15:00:00Z,2026-01-05T15:15:00Z,2026-01-05,2026-01-05_65,0.0,0,0,100,96.95652173913068,96.95652173913068,0.0,0.0,0.0,True,False,True,False,0.0,1022.3595175051486,0.0,0.0,0.0,0.0,1022.3595175051486
2026-01-05T15:15:00Z,2026-01-05T15:30:00Z,2026-01-05,2026-01-05_66,0.0,0,0,100,96.95652173913068,96.95652173913068,0.0,0.0,0.0,True,False,True,False,0.0,1022.3595175051486,0.0,0.0,0.0,0.0,1022.3595175051486
2026-01-05T15:30:00Z,2026-01-05T15:45:00Z,2026-01-05,2026-01-05_67,0.0,0,0,100,96.95652173913068,96.95652173913068,0.0,0.0,0.0,True,False,True,False,0.0,1022.3595175051486,0.0,0.0,0.0,0.0,1022.3595175051486
2026-01-05T15:45:00Z,2026-01-05T16:00:00Z,2026-01-05,2026-01-05_68,0.0,0,0,100,96.95652173913068,96.95652173913068,0.0,0.0,0.0,True,False,True,False,0.0,1022.3595175051486,0.0,0.0,0.0,0.0,1022.3595175051486
2026-01-05T16:00:00Z,2026-01-05T16:15:00Z,2026-01-05,2026-01-05_69,30.00000000000027,0,0,70,96.95652173913068,88.80434782608712,0.02264492753623209,0.0,0.0,True,False,True,False,1518.4500000000137,715.651662253604,0.0,0.0,0.0,0.0,2234.1016622536176
2026-01-05T16:15:00Z,2026-01-05T16:30:00Z,2026-01-05,2026-01-05_70,30.00000000000027,0,0,70,88.80434782608712,80.65217391304357,0.02264492753623209,0.0,0.0,True,False,True,False,1560.000000000014,715.651662253604,0.0,0.0,0.0,0.0,2275.6516622536183
2026-01-05T16:30:00Z,2026-01-05T16:45:00Z,2026-01-05,2026-01-05_71,30.00000000000027,0,0,70,80.65217391304357,72.50000000000001,0.02264492753623209,0.0,0.0,True,False,True,False,1832.9250000000163,715.651662253604,0.0,0.0,0.0,0.0,2548.5766622536203
2026-01-05T16:45:00Z,2026-01-05T17:00:00Z,2026-01-05,2026-01-05_72,30.00000000000027,0,0,70,72.50000000000001,64.34782608695646,0.02264492753623209,0.0,0.0,True,False,True,False,1823.8500000000165,715.651662253604,0.0,0.0,0.0,0.0,2539.5016622536205
2026-01-05T17:00:00Z,2026-01-05T17:15:00Z,2026-01-05,2026-01-05_73,0.0,0,0,100,64.34782608695646,64.34782608695646,0.0,0.0,0.0,True,False,True,False,0.0,1022.3595175051486,0.0,0.0,0.0,0.0,1022.3595175051486
2026-01-05T17:15:00Z,2026-01-05T17:30:00Z,2026-01-05,2026-01-05_74,0.0,0,0,100,64.34782608695646,64.34782608695646,0.0,0.0,0.0,True,False,True,False,0.0,1022.3595175051486,0.0,0.0,0.0,0.0,1022.3595175051486
2026-01-05T17:30:00Z,2026-01-05T17:45:00Z,2026-01-05,2026-01-05_75,0.0,0,0,100,64.34782608695646,64.34782608695646,0.0,0.0,0.0,True,False,True,False,0.0,1022.3595175051486,0.0,0.0,0.0,0.0,1022.3595175051486
2026-01-05T17:45:00Z,2026-01-05T18:00:00Z,2026-01-05,2026-01-05_76,0.0,0,0,100,64.34782608695646,64.34782608695646,0.0,0.0,0.0,True,False,True,False,0.0,1022.3595175051486,0.0,0.0,0.0,0.0,1022.3595175051486
2026-01-05T18:00:00Z,2026-01-05T18:15:00Z,2026-01-05,2026-01-05_77,0.0,0,0,100,64.34782608695646,64.34782608695646,0.0,0.0,0.0,True,True,True,False,0.0,1022.3595175051486,0.0,0.0,0.0,0.0,1022.3595175051486
2026-01-05T18:15:00Z,2026-01-05T18:30:00Z,2026-01-05,2026-01-05_78,0.0,0,0,100,64.34782608695646,64.34782608695646,0.0,0.0,0.0,True,True,True,False,0.0,1022.3595175051486,0.0,0.0,0.0,0.0,1022.3595175051486
2026-01-05T18:30:00Z,2026-01-05T18:45:00Z,2026-01-05,2026-01-05_79,0.0,0,0,100,64.34782608695646,64.34782608695646,0.0,0.0,0.0,True,True,True,False,0.0,1022.3595175051486,0.0,0.0,0.0,0.0,1022.3595175051486
2026-01-05T18:45:00Z,2026-01-05T19:00:00Z,2026-01-05,2026-01-05_80,0.0,0,0,100,64.34782608695646,64.34782608695646,0.0,0.0,0.0,True,True,True,False,0.0,1022.3595175051486,0.0,0.0,0.0,0.0,1022.3595175051486
2026-01-05T19:00:00Z,2026-01-05T19:15:00Z,2026-01-05,2026-01-05_81,0.0,0,0,100,64.34782608695646,64.34782608695646,0.0,0.0,0.0,True,True,True,False,0.0,1022.3595175051486,0.0,0.0,0.0,0.0,1022.3595175051486
2026-01-05T19:15:00Z,2026-01-05T19:30:00Z,2026-01-05,2026-01-05_82,0.0,0,0,100,64.34782608695646,64.34782608695646,0.0,0.0,0.0,True,True,True,False,0.0,1022.3595175051486,0.0,0.0,0.0,0.0,1022.3595175051486
2026-01-05T19:30:00Z,2026-01-05T19:45:00Z,2026-01-05,2026-01-05_83,-6.178632484870436e-14,0,0,100,64.34782608695646,64.34782608695647,3.947459643111667e-17,0.0,0.0,True,True,True,False,-2.1330183995893965e-12,1022.3595175051486,0.0,0.0,0.0,0.0,1022.3595175051464
2026-01-05T19:45:00Z,2026-01-05T20:00:00Z,2026-01-05,2026-01-05_84,0.0,0,0,100,64.34782608695647,64.34782608695647,0.0,0.0,0.0,True,True,True,False,0.0,1022.3595175051486,0.0,0.0,0.0,0.0,1022.3595175051486
2026-01-05T20:00:00Z,2026-01-05T20:15:00Z,2026-01-05,2026-01-05_85,0.0,100,100,0,64.34782608695647,45.714285714285666,0.05175983436853001,17.142857142857142,0.0,True,True,True,False,0.0,0.0,97.38158281847603,17.00500147102089,13179.9235069138,0.0,13294.310091203297
2026-01-05T20:15:00Z,2026-01-05T20:30:00Z,2026-01-05,2026-01-05_86,0.0,100,100,0,45.714285714285666,32.24658385093163,0.03741028295376121,12.390285714285715,0.0,True,True,True,False,0.0,0.0,97.38158281847603,17.00500147102089,3648.7611319855982,0.0,3763.1477162750953
2026-01-05T20:30:00Z,2026-01-05T20:45:00Z,2026-01-05,2026-01-05_87,0.0,100,100,0,32.24658385093163,29.806727950310513,0.007522139406487232,2.368,0.1457142857142857,True,True,True,False,0.0,0.0,97.38158281847603,17.00500147102089,363.8810410905168,-10.714637078132224,467.5529883018815
2026-01-05T20:45:00Z,2026-01-05T21:00:00Z,2026-01-05,2026-01-05_88,0.0,100,100,0,29.806727950310513,31.557356521739084,0.004862857142857144,0.0,1.902857142857143,True,True,True,False,0.0,0.0,97.38158281847603,17.00500147102089,0.0,-121.32864960282438,-6.942065313327461
2026-01-05T21:00:00Z,2026-01-05T21:15:00Z,2026-01-05,2026-01-05_89,0.0,100,0,0,31.557356521739084,31.557356521739084,0.0,0.0,0.0,True,True,True,False,0.0,0.0,97.38158281847603,0.0,0.0,0.0,97.38158281847603
2026-01-05T21:15:00Z,2026-01-05T21:30:00Z,2026-01-05,2026-01-05_90,-1.544658121217609e-14,100,0,0,31.557356521739084,27.911393788819833,0.010127674258109048,3.3542857142857145,0.0,True,True,True,False,-4.729743167168319e-13,0.0,97.38158281847603,0.0,516.315920368736,0.0,613.6975031872115
2026-01-05T21:30:00Z,2026-01-05T21:45:00Z,2026-01-05,2026-01-05_91,-100.0,100,0,0,27.911393788819833,30.594113788819836,0.0074520000000000055,22.084,0.0,True,True,True,False,-3104.25,0.0,97.38158281847603,0.0,23724.79983446112,0.0,20717.931417279593
2026-01-05T21:45:00Z,2026-01-05T22:00:00Z,2026-01-05,2026-01-05_92,-100.0,100,0,0,30.594113788819836,36.11779378881983,0.01534355555555555,18.996000000000002,0.0,True,True,True,False,-3001.0,0.0,97.38158281847603,0.0,16815.515535157403,0.0,13911.89711797588
2026-01-05T22:00:00Z,2026-01-05T22:15:00Z,2026-01-06,2026-01-05_93,-51.99999999999997,0,0,48,36.11779378881983,48.077793788819825,0.0332222222222222,0.0,0.0,True,False,True,False,-1553.6299999999992,491.5037815538749,0.0,0.0,0.0,0.0,-1062.1262184461243
2026-01-05T22:15:00Z,2026-01-05T22:30:00Z,2026-01-06,2026-01-05_94,-52.0,0,0,48,48.077793788819825,60.037793788819826,0.03322222222222222,0.0,0.0,True,False,True,False,-1461.33,491.5037815538749,0.0,0.0,0.0,0.0,-969.826218446125
2026-01-05T22:30:00Z,2026-01-05T22:45:00Z,2026-01-06,2026-01-05_95,-52.0,0,0,48,60.037793788819826,71.99779378881982,0.03322222222222222,0.0,0.0,True,False,True,False,-1394.38,491.5037815538749,0.0,0.0,0.0,0.0,-902.8762184461252
2026-01-05T22:45:00Z,2026-01-05T23:00:00Z,2026-01-06,2026-01-05_96,-52.0,0,0,48,71.99779378881982,83.95779378881983,0.03322222222222222,0.0,0.0,True,False,True,False,-1378.26,491.5037815538749,0.0,0.0,0.0,0.0,-886.7562184461251
2026-01-05T23:00:00Z,2026-01-05T23:15:00Z,2026-01-06,2026-01-06_1,0.0,0,0,100,83.95779378881983,83.95779378881983,0.0,0.0,0.0,True,True,True,False,0.0,1023.9662115705728,0.0,0.0,0.0,0.0,1023.9662115705728
2026-01-05T23:15:00Z,2026-01-05T23:30:00Z,2026-01-06,2026-01-06_2,0.0,0,0,100,83.95779378881983,83.95779378881983,0.0,0.0,0.0,True,True,True,False,0.0,1023.9662115705728,0.0,0.0,0.0,0.0,1023.9662115705728
2026-01-05T23:30:00Z,2026-01-05T23:45:00Z,2026-01-06,2026-01-06_3,0.0,0,0,100,83.95779378881983,83.95779378881983,0.0,0.0,0.0,True,True,True,False,0.0,1023.9662115705728,0.0,0.0,0.0,0.0,1023.9662115705728
2026-01-05T23:45:00Z,2026-01-06T00:00:00Z,2026-01-06,2026-01-06_4,0.0,0,0,100,83.95779378881983,83.95779378881983,0.0,0.0,0.0,True,True,True,False,0.0,1023.9662115705728,0.0,0.0,0.0,0.0,1023.9662115705728
2026-01-06T00:00:00Z,2026-01-06T00:15:00Z,2026-01-06,2026-01-06_5,0.0,0,0,100,83.95779378881983,83.95779378881983,0.0,0.0,0.0,True,True,True,False,0.0,1023.9662115705728,0.0,0.0,0.0,0.0,1023.9662115705728
2026-01-06T00:15:00Z,2026-01-06T00:30:00Z,2026-01-06,2026-01-06_6,0.0,0,0,100,83.95779378881983,83.95779378881983,0.0,0.0,0.0,True,True,True,False,0.0,1023.9662115705728,0.0,0.0,0.0,0.0,1023.9662115705728
2026-01-06T00:30:00Z,2026-01-06T00:45:00Z,2026-01-06,2026-01-06_7,0.0,0,0,100,83.95779378881983,83.95779378881983,0.0,0.0,0.0,True,True,True,False,0.0,1023.9662115705728,0.0,0.0,0.0,0.0,1023.9662115705728
2026-01-06T00:45:00Z,2026-01-06T01:00:00Z,2026-01-06,2026-01-06_8,0.0,0,0,100,83.95779378881983,83.95779378881983,0.0,0.0,0.0,True,True,True,False,0.0,1023.9662115705728,0.0,0.0,0.0,0.0,1023.9662115705728
2026-01-06T01:00:00Z,2026-01-06T01:15:00Z,2026-01-06,2026-01-06_9,0.0,0,0,100,83.95779378881983,83.95779378881983,0.0,0.0,0.0,True,True,True,False,0.0,1023.9662115705728,0.0,0.0,0.0,0.0,1023.9662115705728
2026-01-06T01:15:00Z,2026-01-06T01:30:00Z,2026-01-06,2026-01-06_10,0.0,0,0,100,83.95779378881983,83.95779378881983,0.0,0.0,0.0,True,True,True,False,0.0,1023.9662115705728,0.0,0.0,0.0,0.0,1023.9662115705728
2026-01-06T01:30:00Z,2026-01-06T01:45:00Z,2026-01-06,2026-01-06_11,0.0,0,0,100,83.95779378881983,83.95779378881983,0.0,0.0,0.0,True,True,True,False,0.0,1023.9662115705728,0.0,0.0,0.0,0.0,1023.9662115705728
2026-01-06T01:45:00Z,2026-01-06T02:00:00Z,2026-01-06,2026-01-06_12,0.0,0,0,100,83.95779378881983,83.95779378881983,0.0,0.0,0.0,True,True,True,False,0.0,1023.9662115705728,0.0,0.0,0.0,0.0,1023.9662115705728
2026-01-06T02:00:00Z,2026-01-06T02:15:00Z,2026-01-06,2026-01-06_13,0.0,0,0,100,83.95779378881983,83.95779378881983,0.0,0.0,0.0,True,True,True,False,0.0,1023.9662115705728,0.0,0.0,0.0,0.0,1023.9662115705728
2026-01-06T02:15:00Z,2026-01-06T02:30:00Z,2026-01-06,2026-01-06_14,0.0,0,0,100,83.95779378881983,83.95779378881983,0.0,0.0,0.0,True,True,True,False,0.0,1023.9662115705728,0.0,0.0,0.0,0.0,1023.9662115705728
2026-01-06T02:30:00Z,2026-01-06T02:45:00Z,2026-01-06,2026-01-06_15,0.0,0,0,100,83.95779378881983,83.95779378881983,0.0,0.0,0.0,True,True,True,False,0.0,1023.9662115705728,0.0,0.0,0.0,0.0,1023.9662115705728
2026-01-06T02:45:00Z,2026-01-06T03:00:00Z,2026-01-06,2026-01-06_16,0.0,0,0,100,83.95779378881983,83.95779378881983,0.0,0.0,0.0,True,True,True,False,0.0,1023.9662115705728,0.0,0.0,0.0,0.0,1023.9662115705728
2026-01-06T03:00:00Z,2026-01-06T03:15:00Z,2026-01-06,2026-01-06_17,0.0,0,0,100,83.95779378881983,83.95779378881983,0.0,0.0,0.0,True,True,True,False,0.0,1023.9662115705728,0.0,0.0,0.0,0.0,1023.9662115705728
2026-01-06T03:15:00Z,2026-01-06T03:30:00Z,2026-01-06,2026-01-06_18,0.0,0,0,100,83.95779378881983,83.95779378881983,0.0,0.0,0.0,True,True,True,False,0.0,1023.9662115705728,0.0,0.0,0.0,0.0,1023.9662115705728
2026-01-06T03:30:00Z,2026-01-06T03:45:00Z,2026-01-06,2026-01-06_19,0.0,0,0,100,83.95779378881983,83.95779378881983,0.0,0.0,0.0,True,True,True,False,0.0,1023.9662115705728,0.0,0.0,0.0,0.0,1023.9662115705728
2026-01-06T03:45:00Z,2026-01-06T04:00:00Z,2026-01-06,2026-01-06_20,0.0,0,0,100,83.95779378881983,83.95779378881983,0.0,0.0,0.0,True,True,True,False,0.0,1023.9662115705728,0.0,0.0,0.0,0.0,1023.9662115705728
2026-01-06T04:00:00Z,2026-01-06T04:15:00Z,2026-01-06,2026-01-06_21,0.0,0,0,100,83.95779378881983,83.95779378881983,0.0,0.0,0.0,True,True,True,False,0.0,1023.9662115705728,0.0,0.0,0.0,0.0,1023.9662115705728
2026-01-06T04:15:00Z,2026-01-06T04:30:00Z,2026-01-06,2026-01-06_22,0.0,0,0,100,83.95779378881983,83.95779378881983,0.0,0.0,0.0,True,True,True,False,0.0,1023.9662115705728,0.0,0.0,0.0,0.0,1023.9662115705728
2026-01-06T04:30:00Z,2026-01-06T04:45:00Z,2026-01-06,2026-01-06_23,0.0,0,0,100,83.95779378881983,83.95779378881983,0.0,0.0,0.0,True,True,True,False,0.0,1023.9662115705728,0.0,0.0,0.0,0.0,1023.9662115705728
2026-01-06T04:45:00Z,2026-01-06T05:00:00Z,2026-01-06,2026-01-06_24,0.0,0,0,100,83.95779378881983,83.95779378881983,0.0,0.0,0.0,True,True,True,False,0.0,1023.9662115705728,0.0,0.0,0.0,0.0,1023.9662115705728
2026-01-06T05:00:00Z,2026-01-06T05:15:00Z,2026-01-06,2026-01-06_25,0.0,0,0,100,83.95779378881983,83.95779378881983,0.0,0.0,0.0,True,True,True,False,0.0,1023.9662115705728,0.0,0.0,0.0,0.0,1023.9662115705728
2026-01-06T05:15:00Z,2026-01-06T05:30:00Z,2026-01-06,2026-01-06_26,0.0,0,0,100,83.95779378881983,83.95779378881983,0.0,0.0,0.0,True,True,True,False,0.0,1023.9662115705728,0.0,0.0,0.0,0.0,1023.9662115705728
2026-01-06T05:30:00Z,2026-01-06T05:45:00Z,2026-01-06,2026-01-06_27,0.0,0,0,100,83.95779378881983,83.95779378881983,0.0,0.0,0.0,True,True,True,False,0.0,1023.9662115705728,0.0,0.0,0.0,0.0,1023.9662115705728
2026-01-06T05:45:00Z,2026-01-06T06:00:00Z,2026-01-06,2026-01-06_28,0.0,0,0,100,83.95779378881983,83.95779378881983,0.0,0.0,0.0,True,True,True,False,0.0,1023.9662115705728,0.0,0.0,0.0,0.0,1023.9662115705728
2026-01-06T06:00:00Z,2026-01-06T06:15:00Z,2026-01-06,2026-01-06_29,0.0,0,0,100,83.95779378881983,83.95779378881983,0.0,0.0,0.0,True,True,True,False,0.0,1023.9662115705728,0.0,0.0,0.0,0.0,1023.9662115705728
2026-01-06T06:15:00Z,2026-01-06T06:30:00Z,2026-01-06,2026-01-06_30,0.0,0,0,100,83.95779378881983,83.95779378881983,0.0,0.0,0.0,True,True,True,False,0.0,1023.9662115705728,0.0,0.0,0.0,0.0,1023.9662115705728
2026-01-06T06:30:00Z,2026-01-06T06:45:00Z,2026-01-06,2026-01-06_31,0.0,0,0,100,83.95779378881983,83.95779378881983,0.0,0.0,0.0,True,True,True,False,0.0,1023.9662115705728,0.0,0.0,0.0,0.0,1023.9662115705728
2026-01-06T06:45:00Z,2026-01-06T07:00:00Z,2026-01-06,2026-01-06_32,0.0,0,0,100,83.95779378881983,83.95779378881983,0.0,0.0,0.0,True,True,True,False,0.0,1023.9662115705728,0.0,0.0,0.0,0.0,1023.9662115705728
2026-01-06T07:00:00Z,2026-01-06T07:15:00Z,2026-01-06,2026-01-06_33,0.0,0,0,100,83.95779378881983,83.95779378881983,0.0,0.0,0.0,True,True,True,False,0.0,1023.9662115705728,0.0,0.0,0.0,0.0,1023.9662115705728
2026-01-06T07:15:00Z,2026-01-06T07:30:00Z,2026-01-06,2026-01-06_34,0.0,0,0,100,83.95779378881983,83.95779378881983,0.0,0.0,0.0,True,True,True,False,0.0,1023.9662115705728,0.0,0.0,0.0,0.0,1023.9662115705728
2026-01-06T07:30:00Z,2026-01-06T07:45:00Z,2026-01-06,2026-01-06_35,0.0,0,0,100,83.95779378881983,83.95779378881983,0.0,0.0,0.0,True,True,True,False,0.0,1023.9662115705728,0.0,0.0,0.0,0.0,1023.9662115705728
2026-01-06T07:45:00Z,2026-01-06T08:00:00Z,2026-01-06,2026-01-06_36,0.0,0,0,100,83.95779378881983,83.95779378881983,0.0,0.0,0.0,True,True,True,False,0.0,1023.9662115705728,0.0,0.0,0.0,0.0,1023.9662115705728
2026-01-06T08:00:00Z,2026-01-06T08:15:00Z,2026-01-06,2026-01-06_37,0.0,0,0,100,83.95779378881983,83.95779378881983,0.0,0.0,0.0,True,True,True,False,0.0,1023.9662115705728,0.0,0.0,0.0,0.0,1023.9662115705728
2026-01-06T08:15:00Z,2026-01-06T08:30:00Z,2026-01-06,2026-01-06_38,0.0,0,0,100,83.95779378881983,83.95779378881983,0.0,0.0,0.0,True,True,True,False,0.0,1023.9662115705728,0.0,0.0,0.0,0.0,1023.9662115705728
2026-01-06T08:30:00Z,2026-01-06T08:45:00Z,2026-01-06,2026-01-06_39,0.0,0,0,100,83.95779378881983,83.95779378881983,0.0,0.0,0.0,True,True,True,False,0.0,1023.9662115705728,0.0,0.0,0.0,0.0,1023.9662115705728
2026-01-06T08:45:00Z,2026-01-06T09:00:00Z,2026-01-06,2026-01-06_40,0.0,0,0,100,83.95779378881983,83.95779378881983,0.0,0.0,0.0,True,True,True,False,0.0,1023.9662115705728,0.0,0.0,0.0,0.0,1023.9662115705728
2026-01-06T09:00:00Z,2026-01-06T09:15:00Z,2026-01-06,2026-01-06_41,0.0,100,0,0,83.95779378881983,72.1292223602484,0.032857142857142856,10.882285714285715,0.0,True,True,True,False,0.0,0.0,98.00608977507122,0.0,2659.431389001923,0.0,2757.4374787769943
2026-01-06T09:15:00Z,2026-01-06T09:30:00Z,2026-01-06,2026-01-06_42,0.0,100,0,0,72.1292223602484,55.67766956521736,0.04569875776397515,15.13542857142857,0.0,True,True,True,False,0.0,0.0,98.00608977507122,0.0,7741.055899644997,0.0,7839.061989420068
2026-01-06T09:30:00Z,2026-01-06T09:45:00Z,2026-01-06,2026-01-06_43,-59.53642273316797,100,0,0,55.67766956521736,54.323506086956776,0.03346967314769148,15.237142857142857,0.0,True,True,True,False,-2232.913534607465,0.0,98.00608977507122,0.0,7374.69931833808,0.0,5239.791873505686
2026-01-06T09:45:00Z,2026-01-06T10:00:00Z,2026-01-06,2026-01-06_44,-100.0,100,0,0,54.323506086956776,64.34782608695677,0.027845333333333337,14.104,0.0,True,True,True,False,-3560.0,0.0,98.00608977507122,0.0,6948.050707789019,0.0,3486.05679756409
2026-01-06T10:00:00Z,2026-01-06T10:15:00Z,2026-01-06,2026-01-06_45,0.0,0,0,100,64.34782608695677,64.34782608695677,0.0,0.0,0.0,True,False,True,False,0.0,1023.9662115705728,0.0,0.0,0.0,0.0,1023.9662115705728
2026-01-06T10:15:00Z,2026-01-06T10:30:00Z,2026-01-06,2026-01-06_46,0.0,0,0,100,64.34782608695677,64.34782608695677,0.0,0.0,0.0,True,False,True,False,0.0,1023.9662115705728,0.0,0.0,0.0,0.0,1023.9662115705728
2026-01-06T10:30:00Z,2026-01-06T10:45:00Z,2026-01-06,2026-01-06_47,0.0,0,0,100,64.34782608695677,64.34782608695677,0.0,0.0,0.0,True,False,True,False,0.0,1023.9662115705728,0.0,0.0,0.0,0.0,1023.9662115705728
2026-01-06T10:45:00Z,2026-01-06T11:00:00Z,2026-01-06,2026-01-06_48,0.0,0,0,100,64.34782608695677,64.34782608695677,0.0,0.0,0.0,True,False,True,False,0.0,1023.9662115705728,0.0,0.0,0.0,0.0,1023.9662115705728
2026-01-06T11:00:00Z,2026-01-06T11:15:00Z,2026-01-06,2026-01-06_49,0.0,0,0,100,64.34782608695677,64.34782608695677,0.0,0.0,0.0,True,True,True,False,0.0,1023.9662115705728,0.0,0.0,0.0,0.0,1023.9662115705728
2026-01-06T11:15:00Z,2026-01-06T11:30:00Z,2026-01-06,2026-01-06_50,0.0,0,0,100,64.34782608695677,64.34782608695677,0.0,0.0,0.0,True,True,True,False,0.0,1023.9662115705728,0.0,0.0,0.0,0.0,1023.9662115705728
2026-01-06T11:30:00Z,2026-01-06T11:45:00Z,2026-01-06,2026-01-06_51,0.0,0,0,100,64.34782608695677,64.34782608695677,0.0,0.0,0.0,True,True,True,False,0.0,1023.9662115705728,0.0,0.0,0.0,0.0,1023.9662115705728
2026-01-06T11:45:00Z,2026-01-06T12:00:00Z,2026-01-06,2026-01-06_52,0.0,0,0,100,64.34782608695677,64.34782608695677,0.0,0.0,0.0,True,True,True,False,0.0,1023.9662115705728,0.0,0.0,0.0,0.0,1023.9662115705728
2026-01-06T12:00:00Z,2026-01-06T12:15:00Z,2026-01-06,2026-01-06_53,0.0,0,0,100,64.34782608695677,64.34782608695677,0.0,0.0,0.0,True,True,True,False,0.0,1023.9662115705728,0.0,0.0,0.0,0.0,1023.9662115705728
2026-01-06T12:15:00Z,2026-01-06T12:30:00Z,2026-01-06,2026-01-06_54,0.0,0,0,100,64.34782608695677,64.34782608695677,0.0,0.0,0.0,True,True,True,False,0.0,1023.9662115705728,0.0,0.0,0.0,0.0,1023.9662115705728
2026-01-06T12:30:00Z,2026-01-06T12:45:00Z,2026-01-06,2026-01-06_55,0.0,0,0,100,64.34782608695677,64.34782608695677,0.0,0.0,0.0,True,True,True,False,0.0,1023.9662115705728,0.0,0.0,0.0,0.0,1023.9662115705728
2026-01-06T12:45:00Z,2026-01-06T13:00:00Z,2026-01-06,2026-01-06_56,0.0,0,0,100,64.34782608695677,64.34782608695677,0.0,0.0,0.0,True,True,True,False,0.0,1023.9662115705728,0.0,0.0,0.0,0.0,1023.9662115705728
2026-01-06T13:00:00Z,2026-01-06T13:15:00Z,2026-01-06,2026-01-06_57,-100.0,100,0,0,64.34782608695677,82.65424894409963,0.0508511746031746,5.101714285714286,0.0,True,True,True,False,-3215.2500000000005,0.0,97.21049012867107,0.0,787.8127231958692,0.0,-2330.22678667546
2026-01-06T13:15:00Z,2026-01-06T13:30:00Z,2026-01-06,2026-01-06_58,-100.0,100,0,0,82.65424894409963,101.27610037267107,0.05172736507936508,4.758857142857142,0.0,True,True,True,False,-3272.2499999999995,0.0,97.21049012867107,0.0,733.8268961510937,0.0,-2441.212613720235
2026-01-06T13:30:00Z,2026-01-06T13:45:00Z,2026-01-06,2026-01-06_59,-100.0,100,0,0,101.27610037267107,116.67532322981393,0.04277561904761905,8.261714285714286,0.0,True,True,True,False,-3307.25,0.0,97.21049012867107,0.0,1689.893448131674,0.0,-1520.146061739655
2026-01-06T13:45:00Z,2026-01-06T14:00:00Z,2026-01-06,2026-01-06_60,-99.77076509855213,100,0,0,116.67532322981393,127.67971299378885,0.030747372054591424,12.975999999999999,0.0,True,True,True,False,-3564.560010058521,0.0,97.21049012867107,0.0,6092.9336293094975,0.0,2625.5841093796475
2026-01-06T14:00:00Z,2026-01-06T14:15:00Z,2026-01-06,2026-01-06_61,0.0,0,0,100,127.67971299378885,127.67971299378885,0.0,0.0,0.0,True,True,True,False,0.0,1023.9662115705728,0.0,0.0,0.0,0.0,1023.9662115705728
2026-01-06T14:15:00Z,2026-01-06T14:30:00Z,2026-01-06,2026-01-06_62,0.0,0,0,100,127.67971299378885,127.67971299378885,0.0,0.0,0.0,True,True,True,False,0.0,1023.9662115705728,0.0,0.0,0.0,0.0,1023.9662115705728
2026-01-06T14:30:00Z,2026-01-06T14:45:00Z,2026-01-06,2026-01-06_63,0.0,0,0,100,127.67971299378885,127.67971299378885,0.0,0.0,0.0,True,True,True,False,0.0,1023.9662115705728,0.0,0.0,0.0,0.0,1023.9662115705728
2026-01-06T14:45:00Z,2026-01-06T15:00:00Z,2026-01-06,2026-01-06_64,0.0,0,0,100,127.67971299378885,127.67971299378885,0.0,0.0,0.0,True,True,True,False,0.0,1023.9662115705728,0.0,0.0,0.0,0.0,1023.9662115705728
2026-01-06T15:00:00Z,2026-01-06T15:15:00Z,2026-01-06,2026-01-06_65,0.0,0,0,100,127.67971299378885,127.67971299378885,0.0,0.0,0.0,True,True,True,False,0.0,1023.9662115705728,0.0,0.0,0.0,0.0,1023.9662115705728
2026-01-06T15:15:00Z,2026-01-06T15:30:00Z,2026-01-06,2026-01-06_66,0.0,0,0,100,127.67971299378885,127.67971299378885,0.0,0.0,0.0,True,True,True,False,0.0,1023.9662115705728,0.0,0.0,0.0,0.0,1023.9662115705728
2026-01-06T15:30:00Z,2026-01-06T15:45:00Z,2026-01-06,2026-01-06_67,0.0,0,0,100,127.67971299378885,127.67971299378885,0.0,0.0,0.0,True,True,True,False,0.0,1023.9662115705728,0.0,0.0,0.0,0.0,1023.9662115705728
2026-01-06T15:45:00Z,2026-01-06T16:00:00Z,2026-01-06,2026-01-06_68,0.0,0,0,100,127.67971299378885,127.67971299378885,0.0,0.0,0.0,True,True,True,False,0.0,1023.9662115705728,0.0,0.0,0.0,0.0,1023.9662115705728
2026-01-06T16:00:00Z,2026-01-06T16:15:00Z,2026-01-06,2026-01-06_69,-15.0,100,85,0,127.67971299378885,117.54268730434787,0.03751568088336783,12.794857142857142,0.0,True,True,True,False,-533.1374999999999,0.0,107.73008545329536,11.471368234947452,5916.132821530302,0.0,5502.196775218545
2026-01-06T16:15:00Z,2026-01-06T16:30:00Z,2026-01-06,2026-01-06_70,-15.0,100,85,0,117.54268730434787,101.71987577639756,0.049204578053830224,18.149142857142856,0.0,True,True,True,False,-551.625,0.0,107.73008545329536,11.471368234947452,16836.32217525643,0.0,16403.898628944673
2026-01-06T16:30:00Z,2026-01-06T16:45:00Z,2026-01-06,2026-01-06_71,0.0,100,85,0,101.71987577639756,78.83043478260873,0.06358178053830227,21.058285714285713,0.0,True,True,True,False,0.0,0.0,107.73008545329536,11.471368234947452,20642.539183633377,0.0,20761.740637321618
2026-01-06T16:45:00Z,2026-01-06T17:00:00Z,2026-01-06,2026-01-06_72,0.0,100,85,0,78.83043478260873,64.34782608695656,0.04022946859903381,13.324,0.0,True,True,True,False,0.0,0.0,107.73008545329536,11.471368234947452,6717.185780571653,0.0,6836.387234259895
2026-01-06T17:00:00Z,2026-01-06T17:15:00Z,2026-01-06,2026-01-06_73,0.0,0,0,100,64.34782608695656,64.34782608695656,0.0,0.0,0.0,True,True,True,False,0.0,1023.9662115705728,0.0,0.0,0.0,0.0,1023.9662115705728
2026-01-06T17:15:00Z,2026-01-06T17:30:00Z,2026-01-06,2026-01-06_74,0.0,0,0,100,64.34782608695656,64.34782608695656,0.0,0.0,0.0,True,True,True,False,0.0,1023.9662115705728,0.0,0.0,0.0,0.0,1023.9662115705728
2026-01-06T17:30:00Z,2026-01-06T17:45:00Z,2026-01-06,2026-01-06_75,0.0,0,0,100,64.34782608695656,64.34782608695656,0.0,0.0,0.0,True,True,True,False,0.0,1023.9662115705728,0.0,0.0,0.0,0.0,1023.9662115705728
2026-01-06T17:45:00Z,2026-01-06T18:00:00Z,2026-01-06,2026-01-06_76,0.0,0,0,100,64.34782608695656,64.34782608695656,0.0,0.0,0.0,True,True,True,False,0.0,1023.9662115705728,0.0,0.0,0.0,0.0,1023.9662115705728
2026-01-06T18:00:00Z,2026-01-06T18:15:00Z,2026-01-06,2026-01-06_77,100.0,0,100,0,64.34782608695656,50.007453416149104,0.03983436853002071,0.0,11.806857142857142,True,True,True,False,3874.4999999999995,0.0,0.0,13.495727335232296,0.0,-406.0371329226711,3481.9585944125606
2026-01-06T18:15:00Z,2026-01-06T18:30:00Z,2026-01-06,2026-01-06_78,50.40302629774725,0,100,0,50.007453416149104,47.26999751552797,0.03526983441220725,0.0,10.913714285714287,True,True,True,False,1762.5938296322213,0.0,0.0,13.495727335232296,0.0,-549.7356123872199,1226.3539445802337
2026-01-06T18:30:00Z,2026-01-06T18:45:00Z,2026-01-06,2026-01-06_79,0.0,0,100,0,47.26999751552797,54.11427180124225,0.019011873015873017,0.0,7.4394285714285715,True,True,True,False,0.0,0.0,0.0,13.495727335232296,0.0,-392.883084288661,-379.3873569534287
2026-01-06T18:45:00Z,2026-01-06T19:00:00Z,2026-01-06,2026-01-06_80,0.0,0,100,0,54.11427180124225,64.34782608695654,0.02842653968253968,0.0,11.12342857142857,True,True,True,False,0.0,0.0,0.0,13.495727335232296,0.0,203.91677719000378,217.41250452523607
2026-01-06T19:00:00Z,2026-01-06T19:15:00Z,2026-01-06,2026-01-06_81,0.0,0,0,100,64.34782608695654,64.34782608695654,0.0,0.0,0.0,True,False,True,False,0.0,1023.9662115705728,0.0,0.0,0.0,0.0,1023.9662115705728
2026-01-06T19:15:00Z,2026-01-06T19:30:00Z,2026-01-06,2026-01-06_82,0.0,0,0,100,64.34782608695654,64.34782608695654,0.0,0.0,0.0,True,False,True,False,0.0,1023.9662115705728,0.0,0.0,0.0,0.0,1023.9662115705728
2026-01-06T19:30:00Z,2026-01-06T19:45:00Z,2026-01-06,2026-01-06_83,0.0,0,0,100,64.34782608695654,64.34782608695654,0.0,0.0,0.0,True,False,True,False,0.0,1023.9662115705728,0.0,0.0,0.0,0.0,1023.9662115705728
2026-01-06T19:45:00Z,2026-01-06T20:00:00Z,2026-01-06,2026-01-06_84,0.0,0,0,100,64.34782608695654,64.34782608695654,0.0,0.0,0.0,True,False,True,False,0.0,1023.9662115705728,0.0,0.0,0.0,0.0,1023.9662115705728
2026-01-06T20:00:00Z,2026-01-06T20:15:00Z,2026-01-06,2026-01-06_85,0.0,0,0,100,64.34782608695654,64.34782608695654,0.0,0.0,0.0,True,True,True,False,0.0,1023.9662115705728,0.0,0.0,0.0,0.0,1023.9662115705728
2026-01-06T20:15:00Z,2026-01-06T20:30:00Z,2026-01-06,2026-01-06_86,0.0,0,0,100,64.34782608695654,64.34782608695654,0.0,0.0,0.0,True,True,True,False,0.0,1023.9662115705728,0.0,0.0,0.0,0.0,1023.9662115705728
2026-01-06T20:30:00Z,2026-01-06T20:45:00Z,2026-01-06,2026-01-06_87,0.0,0,0,100,64.34782608695654,64.34782608695654,0.0,0.0,0.0,True,True,True,False,0.0,1023.9662115705728,0.0,0.0,0.0,0.0,1023.9662115705728
2026-01-06T20:45:00Z,2026-01-06T21:00:00Z,2026-01-06,2026-01-06_88,0.0,0,0,100,64.34782608695654,64.34782608695654,0.0,0.0,0.0,True,True,True,False,0.0,1023.9662115705728,0.0,0.0,0.0,0.0,1023.9662115705728
2026-01-06T21:00:00Z,2026-01-06T21:15:00Z,2026-01-06,2026-01-06_89,0.0,0,0,100,64.34782608695654,64.34782608695654,0.0,0.0,0.0,True,False,True,False,0.0,1023.9662115705728,0.0,0.0,0.0,0.0,1023.9662115705728
2026-01-06T21:15:00Z,2026-01-06T21:30:00Z,2026-01-06,2026-01-06_90,0.0,0,0,100,64.34782608695654,64.34782608695654,0.0,0.0,0.0,True,False,True,False,0.0,1023.9662115705728,0.0,0.0,0.0,0.0,1023.9662115705728
2026-01-06T21:30:00Z,2026-01-06T21:45:00Z,2026-01-06,2026-01-06_91,0.0,0,0,100,64.34782608695654,64.34782608695654,0.0,0.0,0.0,True,False,True,False,0.0,1023.9662115705728,0.0,0.0,0.0,0.0,1023.9662115705728
2026-01-06T21:45:00Z,2026-01-06T22:00:00Z,2026-01-06,2026-01-06_92,0.0,0,0,100,64.34782608695654,64.34782608695654,0.0,0.0,0.0,True,False,True,False,0.0,1023.9662115705728,0.0,0.0,0.0,0.0,1023.9662115705728
2026-01-06T22:00:00Z,2026-01-06T22:15:00Z,2026-01-07,2026-01-06_93,-99.50721373376278,100,0,0,64.34782608695654,75.91467977142858,0.03249596385595445,12.293142857142858,0.0,True,True,True,False,-2649.1307976270996,0.0,97.21049012867107,0.0,10760.23708644955,0.0,8208.31677895112
2026-01-06T22:15:00Z,2026-01-06T22:30:00Z,2026-01-07,2026-01-06_94,-100.0,100,0,0,75.91467977142858,93.3620854857143,0.04846501587301588,6.035428571428571,0.0,True,True,True,False,-2399.5,0.0,97.21049012867107,0.0,935.6947634108353,0.0,-1366.5947464604935
2026-01-06T22:30:00Z,2026-01-06T22:45:00Z,2026-01-07,2026-01-06_95,-100.0,100,0,0,93.3620854857143,111.04501120000002,0.0491192380952381,5.779428571428572,0.0,True,True,True,False,-2296.5,0.0,97.21049012867107,0.0,875.2033748018018,0.0,-1324.086135069527
2026-01-06T22:45:00Z,2026-01-06T23:00:00Z,2026-01-07,2026-01-06_96,-100.0,100,0,0,111.04501120000002,132.46944548571432,0.05951231746031747,1.7125714285714286,0.0,True,True,True,False,-2117.5,0.0,97.21049012867107,0.0,263.62565260218616,0.0,-1756.6638572691427
2026-01-06T23:00:00Z,2026-01-06T23:15:00Z,2026-01-07,2026-01-07_1,0.0,0,0,100,132.46944548571432,132.46944548571432,0.0,0.0,0.0,True,True,True,False,0.0,1023.9662115705728,0.0,0.0,0.0,0.0,1023.9662115705728
2026-01-06T23:15:00Z,2026-01-06T23:30:00Z,2026-01-07,2026-01-07_2,0.0,0,0,100,132.46944548571432,132.46944548571432,0.0,0.0,0.0,True,True,True,False,0.0,1023.9662115705728,0.0,0.0,0.0,0.0,1023.9662115705728
2026-01-06T23:30:00Z,2026-01-06T23:45:00Z,2026-01-07,2026-01-07_3,0.0,0,0,100,132.46944548571432,132.46944548571432,0.0,0.0,0.0,True,True,True,False,0.0,1023.9662115705728,0.0,0.0,0.0,0.0,1023.9662115705728
2026-01-06T23:45:00Z,2026-01-07T00:00:00Z,2026-01-07,2026-01-07_4,0.0,0,0,100,132.46944548571432,132.46944548571432,0.0,0.0,0.0,True,True,True,False,0.0,1023.9662115705728,0.0,0.0,0.0,0.0,1023.9662115705728
2026-01-07T00:00:00Z,2026-01-07T00:15:00Z,2026-01-07,2026-01-07_5,0.0,0,0,100,132.46944548571432,132.46944548571432,0.0,0.0,0.0,True,True,True,False,0.0,1023.9662115705728,0.0,0.0,0.0,0.0,1023.9662115705728
2026-01-07T00:15:00Z,2026-01-07T00:30:00Z,2026-01-07,2026-01-07_6,0.0,0,0,100,132.46944548571432,132.46944548571432,0.0,0.0,0.0,True,True,True,False,0.0,1023.9662115705728,0.0,0.0,0.0,0.0,1023.9662115705728
2026-01-07T00:30:00Z,2026-01-07T00:45:00Z,2026-01-07,2026-01-07_7,0.0,0,0,100,132.46944548571432,132.46944548571432,0.0,0.0,0.0,True,True,True,False,0.0,1023.9662115705728,0.0,0.0,0.0,0.0,1023.9662115705728
2026-01-07T00:45:00Z,2026-01-07T01:00:00Z,2026-01-07,2026-01-07_8,0.0,0,0,100,132.46944548571432,132.46944548571432,0.0,0.0,0.0,True,True,True,False,0.0,1023.9662115705728,0.0,0.0,0.0,0.0,1023.9662115705728
2026-01-07T01:00:00Z,2026-01-07T01:15:00Z,2026-01-07,2026-01-07_9,0.0,0,0,100,132.46944548571432,132.46944548571432,0.0,0.0,0.0,True,True,True,False,0.0,1023.9662115705728,0.0,0.0,0.0,0.0,1023.9662115705728
2026-01-07T01:15:00Z,2026-01-07T01:30:00Z,2026-01-07,2026-01-07_10,0.0,0,0,100,132.46944548571432,132.46944548571432,0.0,0.0,0.0,True,True,True,False,0.0,1023.9662115705728,0.0,0.0,0.0,0.0,1023.9662115705728
2026-01-07T01:30:00Z,2026-01-07T01:45:00Z,2026-01-07,2026-01-07_11,0.0,0,0,100,132.46944548571432,132.46944548571432,0.0,0.0,0.0,True,True,True,False,0.0,1023.9662115705728,0.0,0.0,0.0,0.0,1023.9662115705728
2026-01-07T01:45:00Z,2026-01-07T02:00:00Z,2026-01-07,2026-01-07_12,0.0,0,0,100,132.46944548571432,132.46944548571432,0.0,0.0,0.0,True,True,True,False,0.0,1023.9662115705728,0.0,0.0,0.0,0.0,1023.9662115705728
2026-01-07T02:00:00Z,2026-01-07T02:15:00Z,2026-01-07,2026-01-07_13,0.0,0,0,100,132.46944548571432,132.46944548571432,0.0,0.0,0.0,True,False,True,False,0.0,1023.9662115705728,0.0,0.0,0.0,0.0,1023.9662115705728
2026-01-07T02:15:00Z,2026-01-07T02:30:00Z,2026-01-07,2026-01-07_14,0.0,0,0,100,132.46944548571432,132.46944548571432,0.0,0.0,0.0,True,False,True,False,0.0,1023.9662115705728,0.0,0.0,0.0,0.0,1023.9662115705728
2026-01-07T02:30:00Z,2026-01-07T02:45:00Z,2026-01-07,2026-01-07_15,0.0,0,0,100,132.46944548571432,132.46944548571432,0.0,0.0,0.0,True,False,True,False,0.0,1023.9662115705728,0.0,0.0,0.0,0.0,1023.9662115705728
2026-01-07T02:45:00Z,2026-01-07T03:00:00Z,2026-01-07,2026-01-07_16,0.0,0,0,100,132.46944548571432,132.46944548571432,0.0,0.0,0.0,True,False,True,False,0.0,1023.9662115705728,0.0,0.0,0.0,0.0,1023.9662115705728
2026-01-07T03:00:00Z,2026-01-07T03:15:00Z,2026-01-07,2026-01-07_17,0.0,32,32,68,132.46944548571432,135.9297389714286,0.00961192634920635,0.0,3.7611885714285713,True,True,True,False,0.0,696.2970238679894,31.10735684117474,4.177192810136528,0.0,-56.64059614912934,674.9409773701714
2026-01-07T03:15:00Z,2026-01-07T03:30:00Z,2026-01-07,2026-01-07_18,0.0,32,32,68,135.9297389714286,138.61618102857148,0.007462339047619048,0.0,2.920045714285714,True,True,True,False,0.0,696.2970238679894,31.10735684117474,4.177192810136528,0.0,-128.37359601947605,603.2079774998247
2026-01-07T03:30:00Z,2026-01-07T03:45:00Z,2026-01-07,2026-01-07_19,0.0,32,32,68,138.61618102857148,140.02223542857146,0.0039057066666666673,0.0,1.5283200000000001,True,True,True,False,0.0,696.2970238679894,31.10735684117474,4.177192810136528,0.0,-73.48305469403792,658.0985188252628
2026-01-07T03:45:00Z,2026-01-07T04:00:00Z,2026-01-07,2026-01-07_20,0.0,32,32,68,140.02223542857146,144.00000000000003,0.011049346031746033,0.0,4.323657142857143,True,True,True,False,0.0,696.2970238679894,31.10735684117474,4.177192810136528,0.0,-38.066528990977595,693.5150445283231
2026-01-07T04:00:00Z,2026-01-07T04:15:00Z,2026-01-07,2026-01-07_21,0.0,0,0,100,144.00000000000003,144.00000000000003,0.0,0.0,0.0,True,True,True,False,0.0,1023.9662115705728,0.0,0.0,0.0,0.0,1023.9662115705728
2026-01-07T04:15:00Z,2026-01-07T04:30:00Z,2026-01-07,2026-01-07_22,0.0,0,0,100,144.00000000000003,144.00000000000003,0.0,0.0,0.0,True,True,True,False,0.0,1023.9662115705728,0.0,0.0,0.0,0.0,1023.9662115705728
2026-01-07T04:30:00Z,2026-01-07T04:45:00Z,2026-01-07,2026-01-07_23,0.0,0,0,100,144.00000000000003,144.00000000000003,0.0,0.0,0.0,True,True,True,False,0.0,1023.9662115705728,0.0,0.0,0.0,0.0,1023.9662115705728
2026-01-07T04:45:00Z,2026-01-07T05:00:00Z,2026-01-07,2026-01-07_24,0.0,0,0,100,144.00000000000003,144.00000000000003,0.0,0.0,0.0,True,True,True,False,0.0,1023.9662115705728,0.0,0.0,0.0,0.0,1023.9662115705728
2026-01-07T05:00:00Z,2026-01-07T05:15:00Z,2026-01-07,2026-01-07_25,0.0,0,0,100,144.00000000000003,144.00000000000003,0.0,0.0,0.0,True,True,True,False,0.0,1023.9662115705728,0.0,0.0,0.0,0.0,1023.9662115705728
2026-01-07T05:15:00Z,2026-01-07T05:30:00Z,2026-01-07,2026-01-07_26,0.0,0,0,100,144.00000000000003,144.00000000000003,0.0,0.0,0.0,True,True,True,False,0.0,1023.9662115705728,0.0,0.0,0.0,0.0,1023.9662115705728
2026-01-07T05:30:00Z,2026-01-07T05:45:00Z,2026-01-07,2026-01-07_27,0.0,0,0,100,144.00000000000003,144.00000000000003,0.0,0.0,0.0,True,True,True,False,0.0,1023.9662115705728,0.0,0.0,0.0,0.0,1023.9662115705728
2026-01-07T05:45:00Z,2026-01-07T06:00:00Z,2026-01-07,2026-01-07_28,0.0,0,0,100,144.00000000000003,144.00000000000003,0.0,0.0,0.0,True,True,True,False,0.0,1023.9662115705728,0.0,0.0,0.0,0.0,1023.9662115705728
2026-01-07T06:00:00Z,2026-01-07T06:15:00Z,2026-01-07,2026-01-07_29,0.0,0,0,100,144.00000000000003,144.00000000000003,0.0,0.0,0.0,True,True,True,False,0.0,1023.9662115705728,0.0,0.0,0.0,0.0,1023.9662115705728
2026-01-07T06:15:00Z,2026-01-07T06:30:00Z,2026-01-07,2026-01-07_30,0.0,0,0,100,144.00000000000003,144.00000000000003,0.0,0.0,0.0,True,True,True,False,0.0,1023.9662115705728,0.0,0.0,0.0,0.0,1023.9662115705728
2026-01-07T06:30:00Z,2026-01-07T06:45:00Z,2026-01-07,2026-01-07_31,0.0,0,0,100,144.00000000000003,144.00000000000003,0.0,0.0,0.0,True,True,True,False,0.0,1023.9662115705728,0.0,0.0,0.0,0.0,1023.9662115705728
2026-01-07T06:45:00Z,2026-01-07T07:00:00Z,2026-01-07,2026-01-07_32,0.0,0,0,100,144.00000000000003,144.00000000000003,0.0,0.0,0.0,True,True,True,False,0.0,1023.9662115705728,0.0,0.0,0.0,0.0,1023.9662115705728
2026-01-07T07:00:00Z,2026-01-07T07:15:00Z,2026-01-07,2026-01-07_33,0.0,0,0,100,144.00000000000003,144.00000000000003,0.0,0.0,0.0,True,True,True,False,0.0,1023.9662115705728,0.0,0.0,0.0,0.0,1023.9662115705728
2026-01-07T07:15:00Z,2026-01-07T07:30:00Z,2026-01-07,2026-01-07_34,0.0,0,0,100,144.00000000000003,144.00000000000003,0.0,0.0,0.0,True,True,True,False,0.0,1023.9662115705728,0.0,0.0,0.0,0.0,1023.9662115705728
2026-01-07T07:30:00Z,2026-01-07T07:45:00Z,2026-01-07,2026-01-07_35,0.0,0,0,100,144.00000000000003,144.00000000000003,0.0,0.0,0.0,True,True,True,False,0.0,1023.9662115705728,0.0,0.0,0.0,0.0,1023.9662115705728
2026-01-07T07:45:00Z,2026-01-07T08:00:00Z,2026-01-07,2026-01-07_36,0.0,0,0,100,144.00000000000003,144.00000000000003,0.0,0.0,0.0,True,True,True,False,0.0,1023.9662115705728,0.0,0.0,0.0,0.0,1023.9662115705728
2026-01-07T08:00:00Z,2026-01-07T08:15:00Z,2026-01-07,2026-01-07_37,0.0,0,0,100,144.00000000000003,144.00000000000003,0.0,0.0,0.0,True,True,True,False,0.0,1023.9662115705728,0.0,0.0,0.0,0.0,1023.9662115705728
2026-01-07T08:15:00Z,2026-01-07T08:30:00Z,2026-01-07,2026-01-07_38,0.0,0,0,100,144.00000000000003,144.00000000000003,0.0,0.0,0.0,True,True,True,False,0.0,1023.9662115705728,0.0,0.0,0.0,0.0,1023.9662115705728
2026-01-07T08:30:00Z,2026-01-07T08:45:00Z,2026-01-07,2026-01-07_39,0.0,0,0,100,144.00000000000003,144.00000000000003,0.0,0.0,0.0,True,True,True,False,0.0,1023.9662115705728,0.0,0.0,0.0,0.0,1023.9662115705728
2026-01-07T08:45:00Z,2026-01-07T09:00:00Z,2026-01-07,2026-01-07_40,0.0,0,0,100,144.00000000000003,144.00000000000003,0.0,0.0,0.0,True,True,True,False,0.0,1023.9662115705728,0.0,0.0,0.0,0.0,1023.9662115705728
2026-01-07T09:00:00Z,2026-01-07T09:15:00Z,2026-01-07,2026-01-07_41,0.0,0,0,100,144.00000000000003,144.00000000000003,0.0,0.0,0.0,True,True,True,False,0.0,1023.9662115705728,0.0,0.0,0.0,0.0,1023.9662115705728
2026-01-07T09:15:00Z,2026-01-07T09:30:00Z,2026-01-07,2026-01-07_42,0.0,0,0,100,144.00000000000003,144.00000000000003,0.0,0.0,0.0,True,True,True,False,0.0,1023.9662115705728,0.0,0.0,0.0,0.0,1023.9662115705728
2026-01-07T09:30:00Z,2026-01-07T09:45:00Z,2026-01-07,2026-01-07_43,0.0,0,0,100,144.00000000000003,144.00000000000003,0.0,0.0,0.0,True,True,True,False,0.0,1023.9662115705728,0.0,0.0,0.0,0.0,1023.9662115705728
2026-01-07T09:45:00Z,2026-01-07T10:00:00Z,2026-01-07,2026-01-07_44,0.0,0,0,100,144.00000000000003,144.00000000000003,0.0,0.0,0.0,True,True,True,False,0.0,1023.9662115705728,0.0,0.0,0.0,0.0,1023.9662115705728
2026-01-07T10:00:00Z,2026-01-07T10:15:00Z,2026-01-07,2026-01-07_45,0.0,0,0,100,144.00000000000003,144.00000000000003,0.0,0.0,0.0,True,True,True,False,0.0,1023.9662115705728,0.0,0.0,0.0,0.0,1023.9662115705728
2026-01-07T10:15:00Z,2026-01-07T10:30:00Z,2026-01-07,2026-01-07_46,0.0,0,0,100,144.00000000000003,144.00000000000003,0.0,0.0,0.0,True,True,True,False,0.0,1023.9662115705728,0.0,0.0,0.0,0.0,1023.9662115705728
2026-01-07T10:30:00Z,2026-01-07T10:45:00Z,2026-01-07,2026-01-07_47,0.0,0,0,100,144.00000000000003,144.00000000000003,0.0,0.0,0.0,True,True,True,False,0.0,1023.9662115705728,0.0,0.0,0.0,0.0,1023.9662115705728
2026-01-07T10:45:00Z,2026-01-07T11:00:00Z,2026-01-07,2026-01-07_48,0.0,0,0,100,144.00000000000003,144.00000000000003,0.0,0.0,0.0,True,True,True,False,0.0,1023.9662115705728,0.0,0.0,0.0,0.0,1023.9662115705728
2026-01-07T11:00:00Z,2026-01-07T11:15:00Z,2026-01-07,2026-01-07_49,0.0,0,0,100,144.00000000000003,144.00000000000003,0.0,0.0,0.0,True,True,True,False,0.0,1023.9662115705728,0.0,0.0,0.0,0.0,1023.9662115705728
2026-01-07T11:15:00Z,2026-01-07T11:30:00Z,2026-01-07,2026-01-07_50,0.0,0,0,100,144.00000000000003,144.00000000000003,0.0,0.0,0.0,True,True,True,False,0.0,1023.9662115705728,0.0,0.0,0.0,0.0,1023.9662115705728
2026-01-07T11:30:00Z,2026-01-07T11:45:00Z,2026-01-07,2026-01-07_51,0.0,0,0,100,144.00000000000003,144.00000000000003,0.0,0.0,0.0,True,True,True,False,0.0,1023.9662115705728,0.0,0.0,0.0,0.0,1023.9662115705728
2026-01-07T11:45:00Z,2026-01-07T12:00:00Z,2026-01-07,2026-01-07_52,0.0,0,0,100,144.00000000000003,144.00000000000003,0.0,0.0,0.0,True,True,True,False,0.0,1023.9662115705728,0.0,0.0,0.0,0.0,1023.9662115705728
2026-01-07T12:00:00Z,2026-01-07T12:15:00Z,2026-01-07,2026-01-07_53,0.0,0,0,100,144.00000000000003,144.00000000000003,0.0,0.0,0.0,True,True,True,False,0.0,1023.9662115705728,0.0,0.0,0.0,0.0,1023.9662115705728
2026-01-07T12:15:00Z,2026-01-07T12:30:00Z,2026-01-07,2026-01-07_54,0.0,0,0,100,144.00000000000003,144.00000000000003,0.0,0.0,0.0,True,True,True,False,0.0,1023.9662115705728,0.0,0.0,0.0,0.0,1023.9662115705728
2026-01-07T12:30:00Z,2026-01-07T12:45:00Z,2026-01-07,2026-01-07_55,0.0,0,0,100,144.00000000000003,144.00000000000003,0.0,0.0,0.0,True,True,True,False,0.0,1023.9662115705728,0.0,0.0,0.0,0.0,1023.9662115705728
2026-01-07T12:45:00Z,2026-01-07T13:00:00Z,2026-01-07,2026-01-07_56,0.0,0,0,100,144.00000000000003,144.00000000000003,0.0,0.0,0.0,True,True,True,False,0.0,1023.9662115705728,0.0,0.0,0.0,0.0,1023.9662115705728
2026-01-07T13:00:00Z,2026-01-07T13:15:00Z,2026-01-07,2026-01-07_57,0.0,0,0,100,144.00000000000003,144.00000000000003,0.0,0.0,0.0,True,True,True,False,0.0,1023.9662115705728,0.0,0.0,0.0,0.0,1023.9662115705728
2026-01-07T13:15:00Z,2026-01-07T13:30:00Z,2026-01-07,2026-01-07_58,0.0,0,0,100,144.00000000000003,144.00000000000003,0.0,0.0,0.0,True,True,True,False,0.0,1023.9662115705728,0.0,0.0,0.0,0.0,1023.9662115705728
2026-01-07T13:30:00Z,2026-01-07T13:45:00Z,2026-01-07,2026-01-07_59,0.0,0,0,100,144.00000000000003,144.00000000000003,0.0,0.0,0.0,True,True,True,False,0.0,1023.9662115705728,0.0,0.0,0.0,0.0,1023.9662115705728
2026-01-07T13:45:00Z,2026-01-07T14:00:00Z,2026-01-07,2026-01-07_60,0.0,0,0,100,144.00000000000003,144.00000000000003,0.0,0.0,0.0,True,True,True,False,0.0,1023.9662115705728,0.0,0.0,0.0,0.0,1023.9662115705728
2026-01-07T14:00:00Z,2026-01-07T14:15:00Z,2026-01-07,2026-01-07_61,0.0,0,0,100,144.00000000000003,144.00000000000003,0.0,0.0,0.0,True,True,True,False,0.0,1023.9662115705728,0.0,0.0,0.0,0.0,1023.9662115705728
2026-01-07T14:15:00Z,2026-01-07T14:30:00Z,2026-01-07,2026-01-07_62,0.0,0,0,100,144.00000000000003,144.00000000000003,0.0,0.0,0.0,True,True,True,False,0.0,1023.9662115705728,0.0,0.0,0.0,0.0,1023.9662115705728
2026-01-07T14:30:00Z,2026-01-07T14:45:00Z,2026-01-07,2026-01-07_63,0.0,0,0,100,144.00000000000003,144.00000000000003,0.0,0.0,0.0,True,True,True,False,0.0,1023.9662115705728,0.0,0.0,0.0,0.0,1023.9662115705728
2026-01-07T14:45:00Z,2026-01-07T15:00:00Z,2026-01-07,2026-01-07_64,0.0,0,0,100,144.00000000000003,144.00000000000003,0.0,0.0,0.0,True,True,True,False,0.0,1023.9662115705728,0.0,0.0,0.0,0.0,1023.9662115705728
2026-01-07T15:00:00Z,2026-01-07T15:15:00Z,2026-01-07,2026-01-07_65,27.858041205542218,0,100,0,144.00000000000003,137.25279503105588,0.02188167085390651,0.0,0.8514285714285714,True,True,True,False,1128.3203139274735,0.0,0.0,13.495727335232296,0.0,-57.620497565493146,1084.1955436972128
2026-01-07T15:15:00Z,2026-01-07T15:30:00Z,2026-01-07,2026-01-07_66,100.0,0,100,0,137.25279503105588,111.09813664596271,0.07265182884748102,0.0,0.9377142857142856,True,True,True,False,5421.75,0.0,0.0,13.495727335232296,0.0,-72.78932308080878,5362.456404254423
2026-01-07T15:30:00Z,2026-01-07T15:45:00Z,2026-01-07,2026-01-07_67,100.0,0,100,0,111.09813664596271,89.52360248447204,0.05992926155969633,0.0,5.151428571428572,True,True,True,False,5049.25,0.0,0.0,13.495727335232296,0.0,-327.80916609370405,4734.936561241529
2026-01-07T15:45:00Z,2026-01-07T16:00:00Z,2026-01-07,2026-01-07_68,99.99999999999997,0,100,0,89.52360248447204,64.34782608695652,0.0699327122153209,0.0,1.838285714285714,True,True,True,False,5595.499999999998,0.0,0.0,13.495727335232296,0.0,-146.25394642681746,5462.741780908413
2026-01-07T16:00:00Z,2026-01-07T16:15:00Z,2026-01-07,2026-01-07_69,0.0,0,0,100,64.34782608695652,64.34782608695652,0.0,0.0,0.0,True,True,True,False,0.0,1023.9662115705728,0.0,0.0,0.0,0.0,1023.9662115705728
2026-01-07T16:15:00Z,2026-01-07T16:30:00Z,2026-01-07,2026-01-07_70,0.0,0,0,100,64.34782608695652,64.34782608695652,0.0,0.0,0.0,True,True,True,False,0.0,1023.9662115705728,0.0,0.0,0.0,0.0,1023.9662115705728
2026-01-07T16:30:00Z,2026-01-07T16:45:00Z,2026-01-07,2026-01-07_71,0.0,0,0,100,64.34782608695652,64.34782608695652,0.0,0.0,0.0,True,True,True,False,0.0,1023.9662115705728,0.0,0.0,0.0,0.0,1023.9662115705728
2026-01-07T16:45:00Z,2026-01-07T17:00:00Z,2026-01-07,2026-01-07_72,0.0,0,0,100,64.34782608695652,64.34782608695652,0.0,0.0,0.0,True,True,True,False,0.0,1023.9662115705728,0.0,0.0,0.0,0.0,1023.9662115705728
2026-01-07T17:00:00Z,2026-01-07T17:15:00Z,2026-01-07,2026-01-07_73,0.0,0,0,100,64.34782608695652,64.34782608695652,0.0,0.0,0.0,True,True,True,False,0.0,1023.9662115705728,0.0,0.0,0.0,0.0,1023.9662115705728
2026-01-07T17:15:00Z,2026-01-07T17:30:00Z,2026-01-07,2026-01-07_74,0.0,0,0,100,64.34782608695652,64.34782608695652,0.0,0.0,0.0,True,True,True,False,0.0,1023.9662115705728,0.0,0.0,0.0,0.0,1023.9662115705728
2026-01-07T17:30:00Z,2026-01-07T17:45:00Z,2026-01-07,2026-01-07_75,0.0,0,0,100,64.34782608695652,64.34782608695652,0.0,0.0,0.0,True,True,True,False,0.0,1023.9662115705728,0.0,0.0,0.0,0.0,1023.9662115705728
2026-01-07T17:45:00Z,2026-01-07T18:00:00Z,2026-01-07,2026-01-07_76,0.0,0,0,100,64.34782608695652,64.34782608695652,0.0,0.0,0.0,True,True,True,False,0.0,1023.9662115705728,0.0,0.0,0.0,0.0,1023.9662115705728
2026-01-07T18:00:00Z,2026-01-07T18:15:00Z,2026-01-07,2026-01-07_77,0.0,0,0,100,64.34782608695652,64.34782608695652,0.0,0.0,0.0,True,True,True,False,0.0,1023.9662115705728,0.0,0.0,0.0,0.0,1023.9662115705728
2026-01-07T18:15:00Z,2026-01-07T18:30:00Z,2026-01-07,2026-01-07_78,0.0,0,0,100,64.34782608695652,64.34782608695652,0.0,0.0,0.0,True,True,True,False,0.0,1023.9662115705728,0.0,0.0,0.0,0.0,1023.9662115705728
2026-01-07T18:30:00Z,2026-01-07T18:45:00Z,2026-01-07,2026-01-07_79,0.0,0,0,100,64.34782608695652,64.34782608695652,0.0,0.0,0.0,True,True,True,False,0.0,1023.9662115705728,0.0,0.0,0.0,0.0,1023.9662115705728
2026-01-07T18:45:00Z,2026-01-07T19:00:00Z,2026-01-07,2026-01-07_80,0.0,0,0,100,64.34782608695652,64.34782608695652,0.0,0.0,0.0,True,True,True,False,0.0,1023.9662115705728,0.0,0.0,0.0,0.0,1023.9662115705728
2026-01-07T19:00:00Z,2026-01-07T19:15:00Z,2026-01-07,2026-01-07_81,0.0,100,0,0,64.34782608695652,47.30869565217391,0.04733091787439614,15.676000000000002,0.0,True,True,True,False,0.0,0.0,97.21049012867107,0.0,15047.552685983697,0.0,15144.763176112368
2026-01-07T19:15:00Z,2026-01-07T19:30:00Z,2026-01-07,2026-01-07_82,0.0,100,0,0,47.30869565217391,29.593788819875776,0.04920807453416148,16.297714285714285,0.0,True,True,True,False,0.0,0.0,97.21049012867107,0.0,13208.352157941265,0.0,13305.562648069936
2026-01-07T19:30:00Z,2026-01-07T19:45:00Z,2026-01-07,2026-01-07_83,-2.8076174168734154,100,0,0,29.593788819875776,16.140976894409945,0.039087073352226956,13.026857142857143,0.0,True,True,True,False,-96.09070609249264,0.0,97.21049012867107,0.0,3735.9122350597054,0.0,3737.0320190958837
2026-01-07T19:45:00Z,2026-01-07T20:00:00Z,2026-01-07,2026-01-07_84,-100.0,100,0,0,16.140976894409945,30.949822608695662,0.04113568253968255,8.90342857142857,0.0,True,True,True,False,-3200.25,0.0,97.21049012867107,0.0,1670.881717484951,0.0,-1432.1577923863779
2026-01-07T20:00:00Z,2026-01-07T20:15:00Z,2026-01-07,2026-01-07_85,-100.0,100,0,0,30.949822608695662,38.48435975155281,0.020929269841269846,16.810285714285715,0.0,True,True,True,False,-3494.75,0.0,97.21049012867107,0.0,13353.499201818515,0.0,9955.959691947186
2026-01-07T20:15:00Z,2026-01-07T20:30:00Z,2026-01-07,2026-01-07_86,0.0,100,0,0,38.48435975155281,29.625974658385104,0.024606625258799177,8.149714285714287,0.0,True,True,True,False,0.0,0.0,97.21049012867107,0.0,1353.6946792203967,0.0,1450.9051693490678
2026-01-07T20:30:00Z,2026-01-07T20:45:00Z,2026-01-07,2026-01-07_87,-100.0,100,0,0,29.625974658385104,45.04096894409939,0.04281942857142857,8.24457142857143,0.0,True,True,True,False,-3038.75,0.0,97.21049012867107,0.0,1932.3782157800952,0.0,-1009.1612940912338
2026-01-07T20:45:00Z,2026-01-07T21:00:00Z,2026-01-07,2026-01-07_88,-100.0,100,0,0,45.04096894409939,64.34782608695653,0.05363015873015873,4.014285714285714,0.0,True,True,True,False,-2908.25,0.0,97.21049012867107,0.0,618.372699847054,0.0,-2192.666810024275
2026-01-07T21:00:00Z,2026-01-07T21:15:00Z,2026-01-07,2026-01-07_89,0.0,0,0,100,64.34782608695653,64.34782608695653,0.0,0.0,0.0,True,True,True,False,0.0,1023.9662115705728,0.0,0.0,0.0,0.0,1023.9662115705728
2026-01-07T21:15:00Z,2026-01-07T21:30:00Z,2026-01-07,2026-01-07_90,0.0,0,0,100,64.34782608695653,64.34782608695653,0.0,0.0,0.0,True,True,True,False,0.0,1023.9662115705728,0.0,0.0,0.0,0.0,1023.9662115705728
2026-01-07T21:30:00Z,2026-01-07T21:45:00Z,2026-01-07,2026-01-07_91,0.0,0,0,100,64.34782608695653,64.34782608695653,0.0,0.0,0.0,True,True,True,False,0.0,1023.9662115705728,0.0,0.0,0.0,0.0,1023.9662115705728
2026-01-07T21:45:00Z,2026-01-07T22:00:00Z,2026-01-07,2026-01-07_92,0.0,0,0,100,64.34782608695653,64.34782608695653,0.0,0.0,0.0,True,True,True,False,0.0,1023.9662115705728,0.0,0.0,0.0,0.0,1023.9662115705728
2026-01-07T22:00:00Z,2026-01-07T22:15:00Z,2026-01-08,2026-01-07_93,0.0,0,0,100,64.34782608695653,64.34782608695653,0.0,0.0,0.0,True,True,True,False,0.0,1023.9662115705728,0.0,0.0,0.0,0.0,1023.9662115705728
2026-01-07T22:15:00Z,2026-01-07T22:30:00Z,2026-01-08,2026-01-07_94,0.0,0,0,100,64.34782608695653,64.34782608695653,0.0,0.0,0.0,True,True,True,False,0.0,1023.9662115705728,0.0,0.0,0.0,0.0,1023.9662115705728
2026-01-07T22:30:00Z,2026-01-07T22:45:00Z,2026-01-08,2026-01-07_95,0.0,0,0,100,64.34782608695653,64.34782608695653,0.0,0.0,0.0,True,True,True,False,0.0,1023.9662115705728,0.0,0.0,0.0,0.0,1023.9662115705728
2026-01-07T22:45:00Z,2026-01-07T23:00:00Z,2026-01-08,2026-01-07_96,0.0,0,0,100,64.34782608695653,64.34782608695653,0.0,0.0,0.0,True,True,True,False,0.0,1023.9662115705728,0.0,0.0,0.0,0.0,1023.9662115705728
2026-01-07T23:00:00Z,2026-01-07T23:15:00Z,2026-01-08,2026-01-08_1,0.0,0,0,100,64.34782608695653,64.34782608695653,0.0,0.0,0.0,True,True,True,False,0.0,1023.9662115705728,0.0,0.0,0.0,0.0,1023.9662115705728
2026-01-07T23:15:00Z,2026-01-07T23:30:00Z,2026-01-08,2026-01-08_2,0.0,0,0,100,64.34782608695653,64.34782608695653,0.0,0.0,0.0,True,True,True,False,0.0,1023.9662115705728,0.0,0.0,0.0,0.0,1023.9662115705728
2026-01-07T23:30:00Z,2026-01-07T23:45:00Z,2026-01-08,2026-01-08_3,0.0,0,0,100,64.34782608695653,64.34782608695653,0.0,0.0,0.0,True,True,True,False,0.0,1023.9662115705728,0.0,0.0,0.0,0.0,1023.9662115705728
2026-01-07T23:45:00Z,2026-01-08T00:00:00Z,2026-01-08,2026-01-08_4,0.0,0,0,100,64.34782608695653,64.34782608695653,0.0,0.0,0.0,True,True,True,False,0.0,1023.9662115705728,0.0,0.0,0.0,0.0,1023.9662115705728
2026-01-08T00:00:00Z,2026-01-08T00:15:00Z,2026-01-08,2026-01-08_5,0.0,0,0,100,64.34782608695653,64.34782608695653,0.0,0.0,0.0,True,True,True,False,0.0,1023.9662115705728,0.0,0.0,0.0,0.0,1023.9662115705728
2026-01-08T00:15:00Z,2026-01-08T00:30:00Z,2026-01-08,2026-01-08_6,0.0,0,0,100,64.34782608695653,64.34782608695653,0.0,0.0,0.0,True,True,True,False,0.0,1023.9662115705728,0.0,0.0,0.0,0.0,1023.9662115705728
2026-01-08T00:30:00Z,2026-01-08T00:45:00Z,2026-01-08,2026-01-08_7,0.0,0,0,100,64.34782608695653,64.34782608695653,0.0,0.0,0.0,True,True,True,False,0.0,1023.9662115705728,0.0,0.0,0.0,0.0,1023.9662115705728
2026-01-08T00:45:00Z,2026-01-08T01:00:00Z,2026-01-08,2026-01-08_8,0.0,0,0,100,64.34782608695653,64.34782608695653,0.0,0.0,0.0,True,True,True,False,0.0,1023.9662115705728,0.0,0.0,0.0,0.0,1023.9662115705728
2026-01-08T01:00:00Z,2026-01-08T01:15:00Z,2026-01-08,2026-01-08_9,0.0,0,0,100,64.34782608695653,64.34782608695653,0.0,0.0,0.0,True,True,True,False,0.0,1023.9662115705728,0.0,0.0,0.0,0.0,1023.9662115705728
2026-01-08T01:15:00Z,2026-01-08T01:30:00Z,2026-01-08,2026-01-08_10,0.0,0,0,100,64.34782608695653,64.34782608695653,0.0,0.0,0.0,True,True,True,False,0.0,1023.9662115705728,0.0,0.0,0.0,0.0,1023.9662115705728
2026-01-08T01:30:00Z,2026-01-08T01:45:00Z,2026-01-08,2026-01-08_11,0.0,0,0,100,64.34782608695653,64.34782608695653,0.0,0.0,0.0,True,True,True,False,0.0,1023.9662115705728,0.0,0.0,0.0,0.0,1023.9662115705728
2026-01-08T01:45:00Z,2026-01-08T02:00:00Z,2026-01-08,2026-01-08_12,0.0,0,0,100,64.34782608695653,64.34782608695653,0.0,0.0,0.0,True,True,True,False,0.0,1023.9662115705728,0.0,0.0,0.0,0.0,1023.9662115705728
2026-01-08T02:00:00Z,2026-01-08T02:15:00Z,2026-01-08,2026-01-08_13,0.0,0,0,100,64.34782608695653,64.34782608695653,0.0,0.0,0.0,True,True,True,False,0.0,1023.9662115705728,0.0,0.0,0.0,0.0,1023.9662115705728
2026-01-08T02:15:00Z,2026-01-08T02:30:00Z,2026-01-08,2026-01-08_14,0.0,0,0,100,64.34782608695653,64.34782608695653,0.0,0.0,0.0,True,True,True,False,0.0,1023.9662115705728,0.0,0.0,0.0,0.0,1023.9662115705728
2026-01-08T02:30:00Z,2026-01-08T02:45:00Z,2026-01-08,2026-01-08_15,0.0,0,0,100,64.34782608695653,64.34782608695653,0.0,0.0,0.0,True,True,True,False,0.0,1023.9662115705728,0.0,0.0,0.0,0.0,1023.9662115705728
2026-01-08T02:45:00Z,2026-01-08T03:00:00Z,2026-01-08,2026-01-08_16,0.0,0,0,100,64.34782608695653,64.34782608695653,0.0,0.0,0.0,True,True,True,False,0.0,1023.9662115705728,0.0,0.0,0.0,0.0,1023.9662115705728
2026-01-08T03:00:00Z,2026-01-08T03:15:00Z,2026-01-08,2026-01-08_17,-100.0,100,0,0,64.34782608695653,85.81011180124224,0.05961746031746032,1.6714285714285713,0.0,True,True,True,False,-2026.0000000000002,0.0,97.5346233179452,0.0,257.5802601484558,0.0,-1670.885116533599
2026-01-08T03:15:00Z,2026-01-08T03:30:00Z,2026-01-08,2026-01-08_18,-100.0,100,0,0,85.81011180124224,107.7818146583851,0.06103250793650794,1.1177142857142859,0.0,True,True,True,False,-2125.0,0.0,97.5346233179452,0.0,170.5203182398586,0.0,-1856.9450584421961
2026-01-08T03:30:00Z,2026-01-08T03:45:00Z,2026-01-08,2026-01-08_19,-99.99999999999997,100,0,0,107.7818146583851,128.1837346583851,0.05667199999999999,2.8240000000000003,0.0,True,True,True,False,-2206.4999999999995,0.0,97.5346233179452,0.0,458.464375601611,0.0,-1650.5010010804433
2026-01-08T03:45:00Z,2026-01-08T04:00:00Z,2026-01-08,2026-01-08_20,-100.0,100,0,0,128.1837346583851,136.60462608695653,0.023391365079365078,15.846857142857143,0.0,True,True,True,False,-2467.25,0.0,97.5346233179452,0.0,4248.641861169967,0.0,1878.9264844879126
2026-01-08T04:00:00Z,2026-01-08T04:15:00Z,2026-01-08,2026-01-08_21,-100.0,100,0,0,136.60462608695653,143.09299180124225,0.018023238095238096,17.947428571428574,0.0,True,True,True,False,-2131.5,0.0,97.5346233179452,0.0,7936.440703495307,0.0,5902.475326813253
2026-01-08T04:15:00Z,2026-01-08T04:30:00Z,2026-01-08,2026-01-08_22,-100.0,100,0,0,143.09299180124225,153.5599632298137,0.029074920634920638,13.622857142857143,0.0,True,True,True,False,-2385.75,0.0,97.5346233179452,0.0,2406.2373306018217,0.0,118.02195391976687
2026-01-08T04:30:00Z,2026-01-08T04:45:00Z,2026-01-08,2026-01-08_23,-99.96668027804957,100,0,0,153.5599632298137,163.95279503105593,0.028896530957092596,13.694285714285714,0.0,True,True,True,False,-2587.6375189973132,0.0,97.5346233179452,0.0,10384.774598060814,0.0,7894.671702381446
2026-01-08T04:45:00Z,2026-01-08T05:00:00Z,2026-01-08,2026-01-08_24,0.0,100,0,0,163.95279503105593,144.00000000000003,0.05542443064182195,18.35657142857143,0.0,True,True,True,False,0.0,0.0,97.5346233179452,0.0,13250.94918837611,0.0,13348.483811694054
2026-01-08T05:00:00Z,2026-01-08T05:15:00Z,2026-01-08,2026-01-08_25,0.0,0,0,100,144.00000000000003,144.00000000000003,0.0,0.0,0.0,True,False,True,False,0.0,1023.9662115705728,0.0,0.0,0.0,0.0,1023.9662115705728
2026-01-08T05:15:00Z,2026-01-08T05:30:00Z,2026-01-08,2026-01-08_26,0.0,0,0,100,144.00000000000003,144.00000000000003,0.0,0.0,0.0,True,False,True,False,0.0,1023.9662115705728,0.0,0.0,0.0,0.0,1023.9662115705728
2026-01-08T05:30:00Z,2026-01-08T05:45:00Z,2026-01-08,2026-01-08_27,0.0,0,0,100,144.00000000000003,144.00000000000003,0.0,0.0,0.0,True,False,True,False,0.0,1023.9662115705728,0.0,0.0,0.0,0.0,1023.9662115705728
2026-01-08T05:45:00Z,2026-01-08T06:00:00Z,2026-01-08,2026-01-08_28,0.0,0,0,100,144.00000000000003,144.00000000000003,0.0,0.0,0.0,True,False,True,False,0.0,1023.9662115705728,0.0,0.0,0.0,0.0,1023.9662115705728
2026-01-08T06:00:00Z,2026-01-08T06:15:00Z,2026-01-08,2026-01-08_29,0.0,0,0,100,144.00000000000003,144.00000000000003,0.0,0.0,0.0,True,False,True,False,0.0,1023.9662115705728,0.0,0.0,0.0,0.0,1023.9662115705728
2026-01-08T06:15:00Z,2026-01-08T06:30:00Z,2026-01-08,2026-01-08_30,0.0,0,0,100,144.00000000000003,144.00000000000003,0.0,0.0,0.0,True,False,True,False,0.0,1023.9662115705728,0.0,0.0,0.0,0.0,1023.9662115705728
2026-01-08T06:30:00Z,2026-01-08T06:45:00Z,2026-01-08,2026-01-08_31,0.0,0,0,100,144.00000000000003,144.00000000000003,0.0,0.0,0.0,True,False,True,False,0.0,1023.9662115705728,0.0,0.0,0.0,0.0,1023.9662115705728
2026-01-08T06:45:00Z,2026-01-08T07:00:00Z,2026-01-08,2026-01-08_32,0.0,0,0,100,144.00000000000003,144.00000000000003,0.0,0.0,0.0,True,False,True,False,0.0,1023.9662115705728,0.0,0.0,0.0,0.0,1023.9662115705728
2026-01-08T07:00:00Z,2026-01-08T07:15:00Z,2026-01-08,2026-01-08_33,0.0,0,0,100,144.00000000000003,144.00000000000003,0.0,0.0,0.0,True,False,True,False,0.0,1023.9662115705728,0.0,0.0,0.0,0.0,1023.9662115705728
2026-01-08T07:15:00Z,2026-01-08T07:30:00Z,2026-01-08,2026-01-08_34,0.0,0,0,100,144.00000000000003,144.00000000000003,0.0,0.0,0.0,True,False,True,False,0.0,1023.9662115705728,0.0,0.0,0.0,0.0,1023.9662115705728
2026-01-08T07:30:00Z,2026-01-08T07:45:00Z,2026-01-08,2026-01-08_35,0.0,0,0,100,144.00000000000003,144.00000000000003,0.0,0.0,0.0,True,False,True,False,0.0,1023.9662115705728,0.0,0.0,0.0,0.0,1023.9662115705728
2026-01-08T07:45:00Z,2026-01-08T08:00:00Z,2026-01-08,2026-01-08_36,0.0,0,0,100,144.00000000000003,144.00000000000003,0.0,0.0,0.0,True,False,True,False,0.0,1023.9662115705728,0.0,0.0,0.0,0.0,1023.9662115705728
2026-01-08T08:00:00Z,2026-01-08T08:15:00Z,2026-01-08,2026-01-08_37,0.0,0,0,100,144.00000000000003,144.00000000000003,0.0,0.0,0.0,True,False,True,False,0.0,1023.9662115705728,0.0,0.0,0.0,0.0,1023.9662115705728
2026-01-08T08:15:00Z,2026-01-08T08:30:00Z,2026-01-08,2026-01-08_38,0.0,0,0,100,144.00000000000003,144.00000000000003,0.0,0.0,0.0,True,False,True,False,0.0,1023.9662115705728,0.0,0.0,0.0,0.0,1023.9662115705728
2026-01-08T08:30:00Z,2026-01-08T08:45:00Z,2026-01-08,2026-01-08_39,0.0,0,0,100,144.00000000000003,144.00000000000003,0.0,0.0,0.0,True,False,True,False,0.0,1023.9662115705728,0.0,0.0,0.0,0.0,1023.9662115705728
2026-01-08T08:45:00Z,2026-01-08T09:00:00Z,2026-01-08,2026-01-08_40,0.0,0,0,100,144.00000000000003,144.00000000000003,0.0,0.0,0.0,True,False,True,False,0.0,1023.9662115705728,0.0,0.0,0.0,0.0,1023.9662115705728
2026-01-08T09:00:00Z,2026-01-08T09:15:00Z,2026-01-08,2026-01-08_41,0.0,0,0,100,144.00000000000003,144.00000000000003,0.0,0.0,0.0,True,False,True,False,0.0,1023.9662115705728,0.0,0.0,0.0,0.0,1023.9662115705728
2026-01-08T09:15:00Z,2026-01-08T09:30:00Z,2026-01-08,2026-01-08_42,0.0,0,0,100,144.00000000000003,144.00000000000003,0.0,0.0,0.0,True,False,True,False,0.0,1023.9662115705728,0.0,0.0,0.0,0.0,1023.9662115705728
2026-01-08T09:30:00Z,2026-01-08T09:45:00Z,2026-01-08,2026-01-08_43,0.0,0,0,100,144.00000000000003,144.00000000000003,0.0,0.0,0.0,True,False,True,False,0.0,1023.9662115705728,0.0,0.0,0.0,0.0,1023.9662115705728
2026-01-08T09:45:00Z,2026-01-08T10:00:00Z,2026-01-08,2026-01-08_44,0.0,0,0,100,144.00000000000003,144.00000000000003,0.0,0.0,0.0,True,False,True,False,0.0,1023.9662115705728,0.0,0.0,0.0,0.0,1023.9662115705728
2026-01-08T10:00:00Z,2026-01-08T10:15:00Z,2026-01-08,2026-01-08_45,1.5929286875056597e-14,100,0,0,144.00000000000003,139.8496894409938,0.011528640441683932,3.8182857142857145,0.0,True,True,True,False,8.656372720077632e-13,0.0,98.33022296434535,0.0,588.775081650694,0.0,687.1053046150403
2026-01-08T10:15:00Z,2026-01-08T10:30:00Z,2026-01-08,2026-01-08_46,-88.26242357520442,100,0,0,139.8496894409938,149.87408099378882,0.03559727381622363,10.93657142857143,0.0,True,True,True,False,-4396.351318280933,0.0,98.33022296434535,0.0,3362.641760814964,0.0,-935.3793345016235
2026-01-08T10:30:00Z,2026-01-08T10:45:00Z,2026-01-08,2026-01-08_47,0.0,100,0,0,149.87408099378882,137.51321142857142,0.034335748792270526,11.372,0.0,True,True,True,False,0.0,0.0,98.33022296434535,0.0,4135.864931146253,0.0,4234.195154110598
2026-01-08T10:45:00Z,2026-01-08T11:00:00Z,2026-01-08,2026-01-08_48,-100.0,100,0,0,137.51321142857142,144.0,0.018018857142857142,17.949142857142856,0.0,True,True,True,False,-5087.0,0.0,98.33022296434535,0.0,14418.953182146015,0.0,9430.28340511036
2026-01-08T11:00:00Z,2026-01-08T11:15:00Z,2026-01-08,2026-01-08_49,0.0,0,0,100,144.0,144.0,0.0,0.0,0.0,True,True,True,False,0.0,1023.9662115705728,0.0,0.0,0.0,0.0,1023.9662115705728
2026-01-08T11:15:00Z,2026-01-08T11:30:00Z,2026-01-08,2026-01-08_50,0.0,0,0,100,144.0,144.0,0.0,0.0,0.0,True,True,True,False,0.0,1023.9662115705728,0.0,0.0,0.0,0.0,1023.9662115705728
2026-01-08T11:30:00Z,2026-01-08T11:45:00Z,2026-01-08,2026-01-08_51,0.0,0,0,100,144.0,144.0,0.0,0.0,0.0,True,True,True,False,0.0,1023.9662115705728,0.0,0.0,0.0,0.0,1023.9662115705728
2026-01-08T11:45:00Z,2026-01-08T12:00:00Z,2026-01-08,2026-01-08_52,0.0,0,0,100,144.0,144.0,0.0,0.0,0.0,True,True,True,False,0.0,1023.9662115705728,0.0,0.0,0.0,0.0,1023.9662115705728
2026-01-08T12:00:00Z,2026-01-08T12:15:00Z,2026-01-08,2026-01-08_53,0.0,100,100,0,144.0,143.18352795031055,0.0024870255348516212,0.7874285714285714,0.04285714285714286,True,True,True,False,0.0,0.0,98.33022296434535,13.024260878106277,120.30247244867891,-3.198335835660264,228.45862045547028
2026-01-08T12:15:00Z,2026-01-08T12:30:00Z,2026-01-08,2026-01-08_54,0.0,100,100,0,143.18352795031055,143.12420869565216,0.0005736645962732919,0.12228571428571429,0.08,True,True,True,False,0.0,0.0,98.33022296434535,13.024260878106277,17.855660095135196,-5.892874963166683,123.31726897442014
2026-01-08T12:30:00Z,2026-01-08T12:45:00Z,2026-01-08,2026-01-08_55,0.0,100,100,0,143.12420869565216,129.76892919254658,0.03709799861973775,12.286857142857142,0.0,True,True,True,False,0.0,0.0,98.33022296434535,13.024260878106277,6003.4228453561955,0.0,6114.777329198647
2026-01-08T12:45:00Z,2026-01-08T13:00:00Z,2026-01-08,2026-01-08_56,0.0,100,100,0,129.76892919254658,107.11364968944099,0.06293133195307109,20.842857142857145,0.0,True,True,True,False,0.0,0.0,98.33022296434535,13.024260878106277,19480.547855248573,0.0,19591.902339091026
2026-01-08T13:00:00Z,2026-01-08T13:15:00Z,2026-01-08,2026-01-08_57,0.0,0,0,100,107.11364968944099,107.11364968944099,0.0,0.0,0.0,True,True,True,False,0.0,1023.9662115705728,0.0,0.0,0.0,0.0,1023.9662115705728
2026-01-08T13:15:00Z,2026-01-08T13:30:00Z,2026-01-08,2026-01-08_58,0.0,0,0,100,107.11364968944099,107.11364968944099,0.0,0.0,0.0,True,True,True,False,0.0,1023.9662115705728,0.0,0.0,0.0,0.0,1023.9662115705728
2026-01-08T13:30:00Z,2026-01-08T13:45:00Z,2026-01-08,2026-01-08_59,0.0,0,0,100,107.11364968944099,107.11364968944099,0.0,0.0,0.0,True,True,True,False,0.0,1023.9662115705728,0.0,0.0,0.0,0.0,1023.9662115705728
2026-01-08T13:45:00Z,2026-01-08T14:00:00Z,2026-01-08,2026-01-08_60,0.0,0,0,100,107.11364968944099,107.11364968944099,0.0,0.0,0.0,True,True,True,False,0.0,1023.9662115705728,0.0,0.0,0.0,0.0,1023.9662115705728
2026-01-08T14:00:00Z,2026-01-08T14:15:00Z,2026-01-08,2026-01-08_61,0.0,76,76,24,107.11364968944099,107.56869350559005,0.0012797455900621117,0.0026057142857142854,0.4976914285714285,True,True,True,False,0.0,245.75189077693744,78.6500343777625,9.89843826736077,0.3583145074157745,-36.85702978601597,297.8016481434605
2026-01-08T14:15:00Z,2026-01-08T14:30:00Z,2026-01-08,2026-01-08_62,0.0,76,76,24,107.56869350559005,101.86186728944098,0.015858954092477572,5.251382857142858,0.0013028571428571427,True,True,True,False,0.0,245.75189077693744,78.6500343777625,9.89843826736077,1669.5126642962384,-0.1039112071505746,2003.7091165111485
2026-01-08T14:30:00Z,2026-01-08T14:45:00Z,2026-01-08,2026-01-08_63,3.552713678800501e-15,76,76,24,101.86186728944098,100.54488566459626,0.003671600386473432,1.2138285714285713,0.0026057142857142854,True,True,True,False,2.183675462674728e-13,245.75189077693744,78.6500343777625,9.89843826736077,186.3346678153984,-0.2078224143011492,520.4272088231581
2026-01-08T14:45:00Z,2026-01-08T15:00:00Z,2026-01-08,2026-01-08_64,0.0,76,76,24,100.54488566459626,89.22324591304347,0.03144899930986887,10.415908571428572,0.0,True,True,True,False,0.0,245.75189077693744,78.6500343777625,9.89843826736077,4898.351864352366,0.0,5232.652227774426
2026-01-08T15:00:00Z,2026-01-08T15:15:00Z,2026-01-08,2026-01-08_65,0.0,0,0,100,89.22324591304347,89.22324591304347,0.0,0.0,0.0,True,False,True,False,0.0,1023.9662115705728,0.0,0.0,0.0,0.0,1023.9662115705728
2026-01-08T15:15:00Z,2026-01-08T15:30:00Z,2026-01-08,2026-01-08_66,0.0,0,0,100,89.22324591304347,89.22324591304347,0.0,0.0,0.0,True,False,True,False,0.0,1023.9662115705728,0.0,0.0,0.0,0.0,1023.9662115705728
2026-01-08T15:30:00Z,2026-01-08T15:45:00Z,2026-01-08,2026-01-08_67,0.0,0,0,100,89.22324591304347,89.22324591304347,0.0,0.0,0.0,True,False,True,False,0.0,1023.9662115705728,0.0,0.0,0.0,0.0,1023.9662115705728
2026-01-08T15:45:00Z,2026-01-08T16:00:00Z,2026-01-08,2026-01-08_68,0.0,0,0,100,89.22324591304347,89.22324591304347,0.0,0.0,0.0,True,False,True,False,0.0,1023.9662115705728,0.0,0.0,0.0,0.0,1023.9662115705728
2026-01-08T16:00:00Z,2026-01-08T16:15:00Z,2026-01-08,2026-01-08_69,0.0,0,0,100,89.22324591304347,89.22324591304347,0.0,0.0,0.0,True,False,True,False,0.0,1023.9662115705728,0.0,0.0,0.0,0.0,1023.9662115705728
2026-01-08T16:15:00Z,2026-01-08T16:30:00Z,2026-01-08,2026-01-08_70,0.0,0,0,100,89.22324591304347,89.22324591304347,0.0,0.0,0.0,True,False,True,False,0.0,1023.9662115705728,0.0,0.0,0.0,0.0,1023.9662115705728
2026-01-08T16:30:00Z,2026-01-08T16:45:00Z,2026-01-08,2026-01-08_71,0.0,0,0,100,89.22324591304347,89.22324591304347,0.0,0.0,0.0,True,False,True,False,0.0,1023.9662115705728,0.0,0.0,0.0,0.0,1023.9662115705728
2026-01-08T16:45:00Z,2026-01-08T17:00:00Z,2026-01-08,2026-01-08_72,0.0,0,0,100,89.22324591304347,89.22324591304347,0.0,0.0,0.0,True,False,True,False,0.0,1023.9662115705728,0.0,0.0,0.0,0.0,1023.9662115705728
2026-01-08T17:00:00Z,2026-01-08T17:15:00Z,2026-01-08,2026-01-08_73,100.00000000000001,0,100,0,89.22324591304347,76.54684839751552,0.03521221532091098,0.0,13.337714285714286,True,True,True,False,6384.500000000001,0.0,0.0,13.495727335232296,0.0,-706.9054074396284,5691.090319895605
2026-01-08T17:15:00Z,2026-01-08T17:30:00Z,2026-01-08,2026-01-08_74,99.3089670844337,0,100,0,76.54684839751552,62.15664894409937,0.040382502179533694,0.0,11.600571428571428,True,True,True,False,5650.680227104278,0.0,0.0,13.495727335232296,0.0,-648.9346667602116,5015.241287679299
2026-01-08T17:30:00Z,2026-01-08T17:45:00Z,2026-01-08,2026-01-08_75,0.0,0,100,0,62.15664894409937,64.17907180124223,0.00561784126984127,0.0,2.1982857142857144,True,True,True,False,0.0,0.0,0.0,13.495727335232296,0.0,-160.54632679921986,-147.05059946398757
2026-01-08T17:45:00Z,2026-01-08T18:00:00Z,2026-01-08,2026-01-08_76,0.0,0,100,0,64.17907180124223,64.34782608695652,0.0004687619047619049,0.0,0.18342857142857144,True,True,True,False,0.0,0.0,0.0,13.495727335232296,0.0,-14.629604164620375,-1.133876829388079
2026-01-08T18:00:00Z,2026-01-08T18:15:00Z,2026-01-08,2026-01-08_77,0.0,0,0,100,64.34782608695652,64.34782608695652,0.0,0.0,0.0,True,True,True,False,0.0,1023.9662115705728,0.0,0.0,0.0,0.0,1023.9662115705728
2026-01-08T18:15:00Z,2026-01-08T18:30:00Z,2026-01-08,2026-01-08_78,0.0,0,0,100,64.34782608695652,64.34782608695652,0.0,0.0,0.0,True,True,True,False,0.0,1023.9662115705728,0.0,0.0,0.0,0.0,1023.9662115705728
2026-01-08T18:30:00Z,2026-01-08T18:45:00Z,2026-01-08,2026-01-08_79,0.0,0,0,100,64.34782608695652,64.34782608695652,0.0,0.0,0.0,True,True,True,False,0.0,1023.9662115705728,0.0,0.0,0.0,0.0,1023.9662115705728
2026-01-08T18:45:00Z,2026-01-08T19:00:00Z,2026-01-08,2026-01-08_80,0.0,0,0,100,64.34782608695652,64.34782608695652,0.0,0.0,0.0,True,True,True,False,0.0,1023.9662115705728,0.0,0.0,0.0,0.0,1023.9662115705728
2026-01-08T19:00:00Z,2026-01-08T19:15:00Z,2026-01-08,2026-01-08_81,0.0,0,0,100,64.34782608695652,64.34782608695652,0.0,0.0,0.0,True,True,True,False,0.0,1023.9662115705728,0.0,0.0,0.0,0.0,1023.9662115705728
2026-01-08T19:15:00Z,2026-01-08T19:30:00Z,2026-01-08,2026-01-08_82,0.0,0,0,100,64.34782608695652,64.34782608695652,0.0,0.0,0.0,True,True,True,False,0.0,1023.9662115705728,0.0,0.0,0.0,0.0,1023.9662115705728
2026-01-08T19:30:00Z,2026-01-08T19:45:00Z,2026-01-08,2026-01-08_83,0.0,0,0,100,64.34782608695652,64.34782608695652,0.0,0.0,0.0,True,True,True,False,0.0,1023.9662115705728,0.0,0.0,0.0,0.0,1023.9662115705728
2026-01-08T19:45:00Z,2026-01-08T20:00:00Z,2026-01-08,2026-01-08_84,0.0,0,0,100,64.34782608695652,64.34782608695652,0.0,0.0,0.0,True,True,True,False,0.0,1023.9662115705728,0.0,0.0,0.0,0.0,1023.9662115705728
2026-01-08T20:00:00Z,2026-01-08T20:15:00Z,2026-01-08,2026-01-08_85,0.0,0,0,100,64.34782608695652,64.34782608695652,0.0,0.0,0.0,True,True,True,False,0.0,1023.9662115705728,0.0,0.0,0.0,0.0,1023.9662115705728
2026-01-08T20:15:00Z,2026-01-08T20:30:00Z,2026-01-08,2026-01-08_86,0.0,0,0,100,64.34782608695652,64.34782608695652,0.0,0.0,0.0,True,True,True,False,0.0,1023.9662115705728,0.0,0.0,0.0,0.0,1023.9662115705728
2026-01-08T20:30:00Z,2026-01-08T20:45:00Z,2026-01-08,2026-01-08_87,0.0,0,0,100,64.34782608695652,64.34782608695652,0.0,0.0,0.0,True,True,True,False,0.0,1023.9662115705728,0.0,0.0,0.0,0.0,1023.9662115705728
2026-01-08T20:45:00Z,2026-01-08T21:00:00Z,2026-01-08,2026-01-08_88,0.0,0,0,100,64.34782608695652,64.34782608695652,0.0,0.0,0.0,True,True,True,False,0.0,1023.9662115705728,0.0,0.0,0.0,0.0,1023.9662115705728
2026-01-08T21:00:00Z,2026-01-08T21:15:00Z,2026-01-08,2026-01-08_89,0.0,0,0,100,64.34782608695652,64.34782608695652,0.0,0.0,0.0,True,True,True,False,0.0,1023.9662115705728,0.0,0.0,0.0,0.0,1023.9662115705728
2026-01-08T21:15:00Z,2026-01-08T21:30:00Z,2026-01-08,2026-01-08_90,0.0,0,0,100,64.34782608695652,64.34782608695652,0.0,0.0,0.0,True,True,True,False,0.0,1023.9662115705728,0.0,0.0,0.0,0.0,1023.9662115705728
2026-01-08T21:30:00Z,2026-01-08T21:45:00Z,2026-01-08,2026-01-08_91,0.0,0,0,100,64.34782608695652,64.34782608695652,0.0,0.0,0.0,True,True,True,False,0.0,1023.9662115705728,0.0,0.0,0.0,0.0,1023.9662115705728
2026-01-08T21:45:00Z,2026-01-08T22:00:00Z,2026-01-08,2026-01-08_92,0.0,0,0,100,64.34782608695652,64.34782608695652,0.0,0.0,0.0,True,True,True,False,0.0,1023.9662115705728,0.0,0.0,0.0,0.0,1023.9662115705728
2026-01-08T22:00:00Z,2026-01-08T22:15:00Z,2026-01-09,2026-01-08_93,-100.0,100,0,0,64.34782608695652,70.84933465838509,0.018059746031746034,17.933142857142855,0.0,True,True,True,False,-2950.0,0.0,97.1870024178805,0.0,8648.346361468924,0.0,5795.533363886805
2026-01-08T22:15:00Z,2026-01-08T22:30:00Z,2026-01-09,2026-01-08_94,-100.0,100,0,0,70.84933465838509,76.36039751552795,0.015308507936507931,19.00971428571429,0.0,True,True,True,False,-2849.5,0.0,97.1870024178805,0.0,8681.338278502768,0.0,5929.025280920649
2026-01-08T22:30:00Z,2026-01-08T22:45:00Z,2026-01-09,2026-01-08_95,-100.0,100,0,0,76.36039751552795,98.6738146583851,0.0619817142857143,0.7462857142857143,0.0,True,True,True,False,-2549.25,0.0,97.1870024178805,0.0,110.19285374490657,0.0,-2341.8701438372127
2026-01-08T22:45:00Z,2026-01-08T23:00:00Z,2026-01-09,2026-01-08_96,-100.0,100,0,0,98.6738146583851,115.76741465838509,0.04748222222222223,6.419999999999999,0.0,True,True,True,False,-2242.0,0.0,97.1870024178805,0.0,990.018493837353,0.0,-1154.7945037447664
2026-01-08T23:00:00Z,2026-01-08T23:15:00Z,2026-01-09,2026-01-09_1,0.0,0,0,100,115.76741465838509,115.76741465838509,0.0,0.0,0.0,True,True,True,False,0.0,1024.6505867783214,0.0,0.0,0.0,0.0,1024.6505867783214
2026-01-08T23:15:00Z,2026-01-08T23:30:00Z,2026-01-09,2026-01-09_2,0.0,0,0,100,115.76741465838509,115.76741465838509,0.0,0.0,0.0,True,True,True,False,0.0,1024.6505867783214,0.0,0.0,0.0,0.0,1024.6505867783214
2026-01-08T23:30:00Z,2026-01-08T23:45:00Z,2026-01-09,2026-01-09_3,0.0,0,0,100,115.76741465838509,115.76741465838509,0.0,0.0,0.0,True,True,True,False,0.0,1024.6505867783214,0.0,0.0,0.0,0.0,1024.6505867783214
2026-01-08T23:45:00Z,2026-01-09T00:00:00Z,2026-01-09,2026-01-09_4,0.0,0,0,100,115.76741465838509,115.76741465838509,0.0,0.0,0.0,True,True,True,False,0.0,1024.6505867783214,0.0,0.0,0.0,0.0,1024.6505867783214
2026-01-09T00:00:00Z,2026-01-09T00:15:00Z,2026-01-09,2026-01-09_5,0.0,0,0,100,115.76741465838509,115.76741465838509,0.0,0.0,0.0,True,True,True,False,0.0,1024.6505867783214,0.0,0.0,0.0,0.0,1024.6505867783214
2026-01-09T00:15:00Z,2026-01-09T00:30:00Z,2026-01-09,2026-01-09_6,0.0,0,0,100,115.76741465838509,115.76741465838509,0.0,0.0,0.0,True,True,True,False,0.0,1024.6505867783214,0.0,0.0,0.0,0.0,1024.6505867783214
2026-01-09T00:30:00Z,2026-01-09T00:45:00Z,2026-01-09,2026-01-09_7,0.0,0,0,100,115.76741465838509,115.76741465838509,0.0,0.0,0.0,True,True,True,False,0.0,1024.6505867783214,0.0,0.0,0.0,0.0,1024.6505867783214
2026-01-09T00:45:00Z,2026-01-09T01:00:00Z,2026-01-09,2026-01-09_8,0.0,0,0,100,115.76741465838509,115.76741465838509,0.0,0.0,0.0,True,True,True,False,0.0,1024.6505867783214,0.0,0.0,0.0,0.0,1024.6505867783214
2026-01-09T01:00:00Z,2026-01-09T01:15:00Z,2026-01-09,2026-01-09_9,0.0,73,73,27,115.76741465838509,122.17486242981366,0.017798466031746032,0.0,6.964617142857143,True,True,True,False,0.0,276.6556584301468,70.92498673114348,9.879990564368695,0.0,-261.67251265582127,95.7881230698377
2026-01-09T01:15:00Z,2026-01-09T01:30:00Z,2026-01-09,2026-01-09_10,0.0,73,73,27,122.17486242981366,133.81119591552795,0.032323148571428574,0.0,12.648188571428573,True,True,True,False,0.0,276.6556584301468,70.92498673114348,9.879990564368695,0.0,-223.68977008399398,133.77086564166498
2026-01-09T01:30:00Z,2026-01-09T01:45:00Z,2026-01-09,2026-01-09_11,0.0,73,73,27,133.81119591552795,139.49293191552795,0.0157826,0.0,6.1758,True,True,True,False,0.0,276.6556584301468,70.92498673114348,9.879990564368695,0.0,-287.39182603054786,70.0688096951111
2026-01-09T01:45:00Z,2026-01-09T02:00:00Z,2026-01-09,2026-01-09_12,0.0,73,73,27,139.49293191552795,143.91359500124224,0.012279619682539683,0.0,4.8050685714285715,True,True,True,False,0.0,276.6556584301468,70.92498673114348,9.879990564368695,0.0,-237.27901074370183,120.18162498195713
2026-01-09T02:00:00Z,2026-01-09T02:15:00Z,2026-01-09,2026-01-09_13,0.0,0,0,100,143.91359500124224,143.91359500124224,0.0,0.0,0.0,True,True,True,False,0.0,1024.6505867783214,0.0,0.0,0.0,0.0,1024.6505867783214
2026-01-09T02:15:00Z,2026-01-09T02:30:00Z,2026-01-09,2026-01-09_14,0.0,0,0,100,143.91359500124224,143.91359500124224,0.0,0.0,0.0,True,True,True,False,0.0,1024.6505867783214,0.0,0.0,0.0,0.0,1024.6505867783214
2026-01-09T02:30:00Z,2026-01-09T02:45:00Z,2026-01-09,2026-01-09_15,0.0,0,0,100,143.91359500124224,143.91359500124224,0.0,0.0,0.0,True,True,True,False,0.0,1024.6505867783214,0.0,0.0,0.0,0.0,1024.6505867783214
2026-01-09T02:45:00Z,2026-01-09T03:00:00Z,2026-01-09,2026-01-09_16,0.0,0,0,100,143.91359500124224,143.91359500124224,0.0,0.0,0.0,True,True,True,False,0.0,1024.6505867783214,0.0,0.0,0.0,0.0,1024.6505867783214
2026-01-09T03:00:00Z,2026-01-09T03:15:00Z,2026-01-09,2026-01-09_17,0.0,0,0,100,143.91359500124224,143.91359500124224,0.0,0.0,0.0,True,True,True,False,0.0,1024.6505867783214,0.0,0.0,0.0,0.0,1024.6505867783214
2026-01-09T03:15:00Z,2026-01-09T03:30:00Z,2026-01-09,2026-01-09_18,0.0,0,0,100,143.91359500124224,143.91359500124224,0.0,0.0,0.0,True,True,True,False,0.0,1024.6505867783214,0.0,0.0,0.0,0.0,1024.6505867783214
2026-01-09T03:30:00Z,2026-01-09T03:45:00Z,2026-01-09,2026-01-09_19,0.0,0,0,100,143.91359500124224,143.91359500124224,0.0,0.0,0.0,True,True,True,False,0.0,1024.6505867783214,0.0,0.0,0.0,0.0,1024.6505867783214
2026-01-09T03:45:00Z,2026-01-09T04:00:00Z,2026-01-09,2026-01-09_20,0.0,0,0,100,143.91359500124224,143.91359500124224,0.0,0.0,0.0,True,True,True,False,0.0,1024.6505867783214,0.0,0.0,0.0,0.0,1024.6505867783214
2026-01-09T04:00:00Z,2026-01-09T04:15:00Z,2026-01-09,2026-01-09_21,0.0,0,0,100,143.91359500124224,143.91359500124224,0.0,0.0,0.0,True,True,True,False,0.0,1024.6505867783214,0.0,0.0,0.0,0.0,1024.6505867783214
2026-01-09T04:15:00Z,2026-01-09T04:30:00Z,2026-01-09,2026-01-09_22,0.0,0,0,100,143.91359500124224,143.91359500124224,0.0,0.0,0.0,True,True,True,False,0.0,1024.6505867783214,0.0,0.0,0.0,0.0,1024.6505867783214
2026-01-09T04:30:00Z,2026-01-09T04:45:00Z,2026-01-09,2026-01-09_23,0.0,0,0,100,143.91359500124224,143.91359500124224,0.0,0.0,0.0,True,True,True,False,0.0,1024.6505867783214,0.0,0.0,0.0,0.0,1024.6505867783214
2026-01-09T04:45:00Z,2026-01-09T05:00:00Z,2026-01-09,2026-01-09_24,0.0,0,0,100,143.91359500124224,143.91359500124224,0.0,0.0,0.0,True,True,True,False,0.0,1024.6505867783214,0.0,0.0,0.0,0.0,1024.6505867783214
2026-01-09T05:00:00Z,2026-01-09T05:15:00Z,2026-01-09,2026-01-09_25,0.0,0,0,100,143.91359500124224,143.91359500124224,0.0,0.0,0.0,True,True,True,False,0.0,1024.6505867783214,0.0,0.0,0.0,0.0,1024.6505867783214
2026-01-09T05:15:00Z,2026-01-09T05:30:00Z,2026-01-09,2026-01-09_26,0.0,0,0,100,143.91359500124224,143.91359500124224,0.0,0.0,0.0,True,True,True,False,0.0,1024.6505867783214,0.0,0.0,0.0,0.0,1024.6505867783214
2026-01-09T05:30:00Z,2026-01-09T05:45:00Z,2026-01-09,2026-01-09_27,0.0,0,0,100,143.91359500124224,143.91359500124224,0.0,0.0,0.0,True,True,True,False,0.0,1024.6505867783214,0.0,0.0,0.0,0.0,1024.6505867783214
2026-01-09T05:45:00Z,2026-01-09T06:00:00Z,2026-01-09,2026-01-09_28,0.0,0,0,100,143.91359500124224,143.91359500124224,0.0,0.0,0.0,True,True,True,False,0.0,1024.6505867783214,0.0,0.0,0.0,0.0,1024.6505867783214
2026-01-09T06:00:00Z,2026-01-09T06:15:00Z,2026-01-09,2026-01-09_29,100.00000000000004,0,100,0,143.91359500124224,117.9508620819876,0.0721187025534852,0.0,1.114285714285714,True,True,True,False,5039.750000000002,0.0,0.0,13.799610780208763,0.0,-82.5897943537856,4970.959816426425
2026-01-09T06:15:00Z,2026-01-09T06:30:00Z,2026-01-09,2026-01-09_30,100.0,0,100,0,117.9508620819876,91.06949562236026,0.07467046238785369,0.0,0.26914285714285713,True,True,True,False,5523.0,0.0,0.0,13.799610780208763,0.0,-21.427307727950527,5515.372303052258
2026-01-09T06:30:00Z,2026-01-09T06:45:00Z,2026-01-09,2026-01-09_31,99.99999999999997,0,100,0,91.06949562236026,82.56017885217393,0.023636991028295383,0.0,17.17142857142857,True,True,True,False,4793.499999999999,0.0,0.0,13.799610780208763,0.0,2863.7815314366585,7671.081142216866
2026-01-09T06:45:00Z,2026-01-09T07:00:00Z,2026-01-09,2026-01-09_32,100.0,0,100,0,82.56017885217393,60.426638479503126,0.061482056590752246,0.0,4.637142857142857,True,True,True,False,5108.0,0.0,0.0,13.799610780208763,0.0,-266.7302875340146,4855.0693232461945
2026-01-09T07:00:00Z,2026-01-09T07:15:00Z,2026-01-09,2026-01-09_33,0.0,20,0,80,60.426638479503126,60.39260121242238,9.454796411318149e-05,0.03131428571428571,0.0,True,True,True,False,0.0,819.7204694226573,22.04399363094887,0.0,4.398687323959482,0.0,846.1631503775657
2026-01-09T07:15:00Z,2026-01-09T07:30:00Z,2026-01-09,2026-01-09_34,0.0,20,0,80,60.39260121242238,60.06229065341616,0.0009175293305728088,0.30388571428571426,0.0,True,True,True,False,0.0,819.7204694226573,22.04399363094887,0.0,49.56136994133621,0.0,891.3258329949424
2026-01-09T07:30:00Z,2026-01-09T07:45:00Z,2026-01-09,2026-01-09_35,-20.00000000000013,20,0,80,60.06229065341616,62.076407224844765,0.0055947682539683385,2.8107428571428574,0.0,True,True,True,False,-632.1000000000041,819.7204694226573,22.04399363094887,0.0,691.2705765002232,0.0,900.9350395538253
2026-01-09T07:45:00Z,2026-01-09T08:00:00Z,2026-01-09,2026-01-09_36,-19.99999999999998,20,0,80,62.076407224844765,64.36084608198762,0.006345663492063495,2.516914285714286,0.0,True,True,True,False,-604.5999999999993,819.7204694226573,22.04399363094887,0.0,552.4194185966184,0.0,789.5838816502252
2026-01-09T08:00:00Z,2026-01-09T08:15:00Z,2026-01-09,2026-01-09_37,-6.178632484870436e-14,0,0,100,64.36084608198762,64.36084608198763,3.947459643111668e-17,0.0,0.0,True,False,True,False,-2.0136163268192755e-12,1024.6505867783214,0.0,0.0,0.0,0.0,1024.6505867783194
2026-01-09T08:15:00Z,2026-01-09T08:30:00Z,2026-01-09,2026-01-09_38,0.0,0,0,100,64.36084608198763,64.36084608198763,0.0,0.0,0.0,True,False,True,False,0.0,1024.6505867783214,0.0,0.0,0.0,0.0,1024.6505867783214
2026-01-09T08:30:00Z,2026-01-09T08:45:00Z,2026-01-09,2026-01-09_39,0.0,0,0,100,64.36084608198763,64.36084608198763,0.0,0.0,0.0,True,False,True,False,0.0,1024.6505867783214,0.0,0.0,0.0,0.0,1024.6505867783214
2026-01-09T08:45:00Z,2026-01-09T09:00:00Z,2026-01-09,2026-01-09_40,0.0,0,0,100,64.36084608198763,64.36084608198763,0.0,0.0,0.0,True,False,True,False,0.0,1024.6505867783214,0.0,0.0,0.0,0.0,1024.6505867783214
2026-01-09T09:00:00Z,2026-01-09T09:15:00Z,2026-01-09,2026-01-09_41,0.0,0,0,100,64.36084608198763,64.36084608198763,0.0,0.0,0.0,True,True,True,False,0.0,1024.6505867783214,0.0,0.0,0.0,0.0,1024.6505867783214
2026-01-09T09:15:00Z,2026-01-09T09:30:00Z,2026-01-09,2026-01-09_42,0.0,0,0,100,64.36084608198763,64.36084608198763,0.0,0.0,0.0,True,True,True,False,0.0,1024.6505867783214,0.0,0.0,0.0,0.0,1024.6505867783214
2026-01-09T09:30:00Z,2026-01-09T09:45:00Z,2026-01-09,2026-01-09_43,0.0,0,0,100,64.36084608198763,64.36084608198763,0.0,0.0,0.0,True,True,True,False,0.0,1024.6505867783214,0.0,0.0,0.0,0.0,1024.6505867783214
2026-01-09T09:45:00Z,2026-01-09T10:00:00Z,2026-01-09,2026-01-09_44,0.0,0,0,100,64.36084608198763,64.36084608198763,0.0,0.0,0.0,True,True,True,False,0.0,1024.6505867783214,0.0,0.0,0.0,0.0,1024.6505867783214
2026-01-09T10:00:00Z,2026-01-09T10:15:00Z,2026-01-09,2026-01-09_45,0.0,0,0,100,64.36084608198763,64.36084608198763,0.0,0.0,0.0,True,True,True,False,0.0,1024.6505867783214,0.0,0.0,0.0,0.0,1024.6505867783214
2026-01-09T10:15:00Z,2026-01-09T10:30:00Z,2026-01-09,2026-01-09_46,0.0,0,0,100,64.36084608198763,64.36084608198763,0.0,0.0,0.0,True,True,True,False,0.0,1024.6505867783214,0.0,0.0,0.0,0.0,1024.6505867783214
2026-01-09T10:30:00Z,2026-01-09T10:45:00Z,2026-01-09,2026-01-09_47,0.0,0,0,100,64.36084608198763,64.36084608198763,0.0,0.0,0.0,True,True,True,False,0.0,1024.6505867783214,0.0,0.0,0.0,0.0,1024.6505867783214
2026-01-09T10:45:00Z,2026-01-09T11:00:00Z,2026-01-09,2026-01-09_48,0.0,0,0,100,64.36084608198763,64.36084608198763,0.0,0.0,0.0,True,True,True,False,0.0,1024.6505867783214,0.0,0.0,0.0,0.0,1024.6505867783214
2026-01-09T11:00:00Z,2026-01-09T11:15:00Z,2026-01-09,2026-01-09_49,0.0,0,0,100,64.36084608198763,64.36084608198763,0.0,0.0,0.0,True,True,True,False,0.0,1024.6505867783214,0.0,0.0,0.0,0.0,1024.6505867783214
2026-01-09T11:15:00Z,2026-01-09T11:30:00Z,2026-01-09,2026-01-09_50,0.0,0,0,100,64.36084608198763,64.36084608198763,0.0,0.0,0.0,True,True,True,False,0.0,1024.6505867783214,0.0,0.0,0.0,0.0,1024.6505867783214
2026-01-09T11:30:00Z,2026-01-09T11:45:00Z,2026-01-09,2026-01-09_51,0.0,0,0,100,64.36084608198763,64.36084608198763,0.0,0.0,0.0,True,True,True,False,0.0,1024.6505867783214,0.0,0.0,0.0,0.0,1024.6505867783214
2026-01-09T11:45:00Z,2026-01-09T12:00:00Z,2026-01-09,2026-01-09_52,0.0,0,0,100,64.36084608198763,64.36084608198763,0.0,0.0,0.0,True,True,True,False,0.0,1024.6505867783214,0.0,0.0,0.0,0.0,1024.6505867783214
2026-01-09T12:00:00Z,2026-01-09T12:15:00Z,2026-01-09,2026-01-09_53,0.0,0,0,100,64.36084608198763,64.36084608198763,0.0,0.0,0.0,True,True,True,False,0.0,1024.6505867783214,0.0,0.0,0.0,0.0,1024.6505867783214
2026-01-09T12:15:00Z,2026-01-09T12:30:00Z,2026-01-09,2026-01-09_54,0.0,0,0,100,64.36084608198763,64.36084608198763,0.0,0.0,0.0,True,True,True,False,0.0,1024.6505867783214,0.0,0.0,0.0,0.0,1024.6505867783214
2026-01-09T12:30:00Z,2026-01-09T12:45:00Z,2026-01-09,2026-01-09_55,0.0,0,0,100,64.36084608198763,64.36084608198763,0.0,0.0,0.0,True,True,True,False,0.0,1024.6505867783214,0.0,0.0,0.0,0.0,1024.6505867783214
2026-01-09T12:45:00Z,2026-01-09T13:00:00Z,2026-01-09,2026-01-09_56,0.0,0,0,100,64.36084608198763,64.36084608198763,0.0,0.0,0.0,True,True,True,False,0.0,1024.6505867783214,0.0,0.0,0.0,0.0,1024.6505867783214
2026-01-09T13:00:00Z,2026-01-09T13:15:00Z,2026-01-09,2026-01-09_57,0.0,0,0,100,64.36084608198763,64.36084608198763,0.0,0.0,0.0,True,True,True,False,0.0,1024.6505867783214,0.0,0.0,0.0,0.0,1024.6505867783214
2026-01-09T13:15:00Z,2026-01-09T13:30:00Z,2026-01-09,2026-01-09_58,0.0,0,0,100,64.36084608198763,64.36084608198763,0.0,0.0,0.0,True,True,True,False,0.0,1024.6505867783214,0.0,0.0,0.0,0.0,1024.6505867783214
2026-01-09T13:30:00Z,2026-01-09T13:45:00Z,2026-01-09,2026-01-09_59,0.0,0,0,100,64.36084608198763,64.36084608198763,0.0,0.0,0.0,True,True,True,False,0.0,1024.6505867783214,0.0,0.0,0.0,0.0,1024.6505867783214
2026-01-09T13:45:00Z,2026-01-09T14:00:00Z,2026-01-09,2026-01-09_60,0.0,0,0,100,64.36084608198763,64.36084608198763,0.0,0.0,0.0,True,True,True,False,0.0,1024.6505867783214,0.0,0.0,0.0,0.0,1024.6505867783214
2026-01-09T14:00:00Z,2026-01-09T14:15:00Z,2026-01-09,2026-01-09_61,0.0,0,0,100,64.36084608198763,64.36084608198763,0.0,0.0,0.0,True,True,True,False,0.0,1024.6505867783214,0.0,0.0,0.0,0.0,1024.6505867783214
2026-01-09T14:15:00Z,2026-01-09T14:30:00Z,2026-01-09,2026-01-09_62,0.0,0,0,100,64.36084608198763,64.36084608198763,0.0,0.0,0.0,True,True,True,False,0.0,1024.6505867783214,0.0,0.0,0.0,0.0,1024.6505867783214
2026-01-09T14:30:00Z,2026-01-09T14:45:00Z,2026-01-09,2026-01-09_63,0.0,0,0,100,64.36084608198763,64.36084608198763,0.0,0.0,0.0,True,True,True,False,0.0,1024.6505867783214,0.0,0.0,0.0,0.0,1024.6505867783214
2026-01-09T14:45:00Z,2026-01-09T15:00:00Z,2026-01-09,2026-01-09_64,0.0,0,0,100,64.36084608198763,64.36084608198763,0.0,0.0,0.0,True,True,True,False,0.0,1024.6505867783214,0.0,0.0,0.0,0.0,1024.6505867783214
2026-01-09T15:00:00Z,2026-01-09T15:15:00Z,2026-01-09,2026-01-09_65,0.0,0,0,100,64.36084608198763,64.36084608198763,0.0,0.0,0.0,True,True,True,False,0.0,1024.6505867783214,0.0,0.0,0.0,0.0,1024.6505867783214
2026-01-09T15:15:00Z,2026-01-09T15:30:00Z,2026-01-09,2026-01-09_66,0.0,0,0,100,64.36084608198763,64.36084608198763,0.0,0.0,0.0,True,True,True,False,0.0,1024.6505867783214,0.0,0.0,0.0,0.0,1024.6505867783214
2026-01-09T15:30:00Z,2026-01-09T15:45:00Z,2026-01-09,2026-01-09_67,0.0,0,0,100,64.36084608198763,64.36084608198763,0.0,0.0,0.0,True,True,True,False,0.0,1024.6505867783214,0.0,0.0,0.0,0.0,1024.6505867783214
2026-01-09T15:45:00Z,2026-01-09T16:00:00Z,2026-01-09,2026-01-09_68,0.0,0,0,100,64.36084608198763,64.36084608198763,0.0,0.0,0.0,True,True,True,False,0.0,1024.6505867783214,0.0,0.0,0.0,0.0,1024.6505867783214
2026-01-09T16:00:00Z,2026-01-09T16:15:00Z,2026-01-09,2026-01-09_69,0.0,0,0,100,64.36084608198763,64.36084608198763,0.0,0.0,0.0,True,True,True,False,0.0,1024.6505867783214,0.0,0.0,0.0,0.0,1024.6505867783214
2026-01-09T16:15:00Z,2026-01-09T16:30:00Z,2026-01-09,2026-01-09_70,0.0,0,0,100,64.36084608198763,64.36084608198763,0.0,0.0,0.0,True,True,True,False,0.0,1024.6505867783214,0.0,0.0,0.0,0.0,1024.6505867783214
2026-01-09T16:30:00Z,2026-01-09T16:45:00Z,2026-01-09,2026-01-09_71,0.0,0,0,100,64.36084608198763,64.36084608198763,0.0,0.0,0.0,True,True,True,False,0.0,1024.6505867783214,0.0,0.0,0.0,0.0,1024.6505867783214
2026-01-09T16:45:00Z,2026-01-09T17:00:00Z,2026-01-09,2026-01-09_72,0.0,0,0,100,64.36084608198763,64.36084608198763,0.0,0.0,0.0,True,True,True,False,0.0,1024.6505867783214,0.0,0.0,0.0,0.0,1024.6505867783214
2026-01-09T17:00:00Z,2026-01-09T17:15:00Z,2026-01-09,2026-01-09_73,0.0,0,0,100,64.36084608198763,64.36084608198763,0.0,0.0,0.0,True,True,True,False,0.0,1024.6505867783214,0.0,0.0,0.0,0.0,1024.6505867783214
2026-01-09T17:15:00Z,2026-01-09T17:30:00Z,2026-01-09,2026-01-09_74,0.0,0,0,100,64.36084608198763,64.36084608198763,0.0,0.0,0.0,True,True,True,False,0.0,1024.6505867783214,0.0,0.0,0.0,0.0,1024.6505867783214
2026-01-09T17:30:00Z,2026-01-09T17:45:00Z,2026-01-09,2026-01-09_75,0.0,0,0,100,64.36084608198763,64.36084608198763,0.0,0.0,0.0,True,True,True,False,0.0,1024.6505867783214,0.0,0.0,0.0,0.0,1024.6505867783214
2026-01-09T17:45:00Z,2026-01-09T18:00:00Z,2026-01-09,2026-01-09_76,0.0,0,0,100,64.36084608198763,64.36084608198763,0.0,0.0,0.0,True,True,True,False,0.0,1024.6505867783214,0.0,0.0,0.0,0.0,1024.6505867783214
2026-01-09T18:00:00Z,2026-01-09T18:15:00Z,2026-01-09,2026-01-09_77,0.0,0,0,100,64.36084608198763,64.36084608198763,0.0,0.0,0.0,True,True,True,False,0.0,1024.6505867783214,0.0,0.0,0.0,0.0,1024.6505867783214
2026-01-09T18:15:00Z,2026-01-09T18:30:00Z,2026-01-09,2026-01-09_78,0.0,0,0,100,64.36084608198763,64.36084608198763,0.0,0.0,0.0,True,True,True,False,0.0,1024.6505867783214,0.0,0.0,0.0,0.0,1024.6505867783214
2026-01-09T18:30:00Z,2026-01-09T18:45:00Z,2026-01-09,2026-01-09_79,0.0,0,0,100,64.36084608198763,64.36084608198763,0.0,0.0,0.0,True,True,True,False,0.0,1024.6505867783214,0.0,0.0,0.0,0.0,1024.6505867783214
2026-01-09T18:45:00Z,2026-01-09T19:00:00Z,2026-01-09,2026-01-09_80,0.0,0,0,100,64.36084608198763,64.36084608198763,0.0,0.0,0.0,True,True,True,False,0.0,1024.6505867783214,0.0,0.0,0.0,0.0,1024.6505867783214
2026-01-09T19:00:00Z,2026-01-09T19:15:00Z,2026-01-09,2026-01-09_81,0.0,0,0,100,64.36084608198763,64.36084608198763,0.0,0.0,0.0,True,True,True,False,0.0,1024.6505867783214,0.0,0.0,0.0,0.0,1024.6505867783214
2026-01-09T19:15:00Z,2026-01-09T19:30:00Z,2026-01-09,2026-01-09_82,0.0,0,0,100,64.36084608198763,64.36084608198763,0.0,0.0,0.0,True,True,True,False,0.0,1024.6505867783214,0.0,0.0,0.0,0.0,1024.6505867783214
2026-01-09T19:30:00Z,2026-01-09T19:45:00Z,2026-01-09,2026-01-09_83,0.0,0,0,100,64.36084608198763,64.36084608198763,0.0,0.0,0.0,True,True,True,False,0.0,1024.6505867783214,0.0,0.0,0.0,0.0,1024.6505867783214
2026-01-09T19:45:00Z,2026-01-09T20:00:00Z,2026-01-09,2026-01-09_84,0.0,0,0,100,64.36084608198763,64.36084608198763,0.0,0.0,0.0,True,True,True,False,0.0,1024.6505867783214,0.0,0.0,0.0,0.0,1024.6505867783214
2026-01-09T20:00:00Z,2026-01-09T20:15:00Z,2026-01-09,2026-01-09_85,0.0,0,0,100,64.36084608198763,64.36084608198763,0.0,0.0,0.0,True,True,True,False,0.0,1024.6505867783214,0.0,0.0,0.0,0.0,1024.6505867783214
2026-01-09T20:15:00Z,2026-01-09T20:30:00Z,2026-01-09,2026-01-09_86,0.0,0,0,100,64.36084608198763,64.36084608198763,0.0,0.0,0.0,True,True,True,False,0.0,1024.6505867783214,0.0,0.0,0.0,0.0,1024.6505867783214
2026-01-09T20:30:00Z,2026-01-09T20:45:00Z,2026-01-09,2026-01-09_87,0.0,0,0,100,64.36084608198763,64.36084608198763,0.0,0.0,0.0,True,True,True,False,0.0,1024.6505867783214,0.0,0.0,0.0,0.0,1024.6505867783214
2026-01-09T20:45:00Z,2026-01-09T21:00:00Z,2026-01-09,2026-01-09_88,0.0,0,0,100,64.36084608198763,64.36084608198763,0.0,0.0,0.0,True,True,True,False,0.0,1024.6505867783214,0.0,0.0,0.0,0.0,1024.6505867783214
2026-01-09T21:00:00Z,2026-01-09T21:15:00Z,2026-01-09,2026-01-09_89,0.0,0,0,100,64.36084608198763,64.36084608198763,0.0,0.0,0.0,True,True,True,False,0.0,1024.6505867783214,0.0,0.0,0.0,0.0,1024.6505867783214
2026-01-09T21:15:00Z,2026-01-09T21:30:00Z,2026-01-09,2026-01-09_90,-4.263256414560601e-14,0,0,100,64.36084608198763,64.36084608198765,2.7237471537470512e-17,0.0,0.0,True,True,True,False,-1.3644552154801206e-12,1024.6505867783214,0.0,0.0,0.0,0.0,1024.65058677832
2026-01-09T21:30:00Z,2026-01-09T21:45:00Z,2026-01-09,2026-01-09_91,0.0,0,0,100,64.36084608198765,64.36084608198765,0.0,0.0,0.0,True,True,True,False,0.0,1024.6505867783214,0.0,0.0,0.0,0.0,1024.6505867783214
2026-01-09T21:45:00Z,2026-01-09T22:00:00Z,2026-01-09,2026-01-09_92,0.0,0,0,100,64.36084608198765,64.36084608198765,0.0,0.0,0.0,True,True,True,False,0.0,1024.6505867783214,0.0,0.0,0.0,0.0,1024.6505867783214
2026-01-09T22:00:00Z,2026-01-09T22:15:00Z,2026-01-10,2026-01-09_93,0.0,0,0,100,64.36084608198765,64.36084608198765,0.0,0.0,0.0,True,True,True,False,0.0,1024.3284139367618,0.0,0.0,0.0,0.0,1024.3284139367618
2026-01-09T22:15:00Z,2026-01-09T22:30:00Z,2026-01-10,2026-01-09_94,0.0,0,0,100,64.36084608198765,64.36084608198765,0.0,0.0,0.0,True,True,True,False,0.0,1024.3284139367618,0.0,0.0,0.0,0.0,1024.3284139367618
2026-01-09T22:30:00Z,2026-01-09T22:45:00Z,2026-01-10,2026-01-09_95,0.0,0,0,100,64.36084608198765,64.36084608198765,0.0,0.0,0.0,True,True,True,False,0.0,1024.3284139367618,0.0,0.0,0.0,0.0,1024.3284139367618
2026-01-09T22:45:00Z,2026-01-09T23:00:00Z,2026-01-10,2026-01-09_96,0.0,0,0,100,64.36084608198765,64.36084608198765,0.0,0.0,0.0,True,True,True,False,0.0,1024.3284139367618,0.0,0.0,0.0,0.0,1024.3284139367618
2026-01-09T23:00:00Z,2026-01-09T23:15:00Z,2026-01-10,2026-01-10_1,0.0,0,0,100,64.36084608198765,64.36084608198765,0.0,0.0,0.0,True,True,True,False,0.0,1024.3284139367618,0.0,0.0,0.0,0.0,1024.3284139367618
2026-01-09T23:15:00Z,2026-01-09T23:30:00Z,2026-01-10,2026-01-10_2,0.0,0,0,100,64.36084608198765,64.36084608198765,0.0,0.0,0.0,True,True,True,False,0.0,1024.3284139367618,0.0,0.0,0.0,0.0,1024.3284139367618
2026-01-09T23:30:00Z,2026-01-09T23:45:00Z,2026-01-10,2026-01-10_3,0.0,0,0,100,64.36084608198765,64.36084608198765,0.0,0.0,0.0,True,True,True,False,0.0,1024.3284139367618,0.0,0.0,0.0,0.0,1024.3284139367618
2026-01-09T23:45:00Z,2026-01-10T00:00:00Z,2026-01-10,2026-01-10_4,0.0,0,0,100,64.36084608198765,64.36084608198765,0.0,0.0,0.0,True,True,True,False,0.0,1024.3284139367618,0.0,0.0,0.0,0.0,1024.3284139367618
2026-01-10T00:00:00Z,2026-01-10T00:15:00Z,2026-01-10,2026-01-10_5,0.0,0,0,100,64.36084608198765,64.36084608198765,0.0,0.0,0.0,True,True,True,False,0.0,1024.3284139367618,0.0,0.0,0.0,0.0,1024.3284139367618
2026-01-10T00:15:00Z,2026-01-10T00:30:00Z,2026-01-10,2026-01-10_6,0.0,0,0,100,64.36084608198765,64.36084608198765,0.0,0.0,0.0,True,True,True,False,0.0,1024.3284139367618,0.0,0.0,0.0,0.0,1024.3284139367618
2026-01-10T00:30:00Z,2026-01-10T00:45:00Z,2026-01-10,2026-01-10_7,0.0,0,0,100,64.36084608198765,64.36084608198765,0.0,0.0,0.0,True,True,True,False,0.0,1024.3284139367618,0.0,0.0,0.0,0.0,1024.3284139367618
2026-01-10T00:45:00Z,2026-01-10T01:00:00Z,2026-01-10,2026-01-10_8,0.0,0,0,100,64.36084608198765,64.36084608198765,0.0,0.0,0.0,True,True,True,False,0.0,1024.3284139367618,0.0,0.0,0.0,0.0,1024.3284139367618
2026-01-10T01:00:00Z,2026-01-10T01:15:00Z,2026-01-10,2026-01-10_9,0.0,0,0,100,64.36084608198765,64.36084608198765,0.0,0.0,0.0,True,True,True,False,0.0,1024.3284139367618,0.0,0.0,0.0,0.0,1024.3284139367618
2026-01-10T01:15:00Z,2026-01-10T01:30:00Z,2026-01-10,2026-01-10_10,0.0,0,0,100,64.36084608198765,64.36084608198765,0.0,0.0,0.0,True,True,True,False,0.0,1024.3284139367618,0.0,0.0,0.0,0.0,1024.3284139367618
2026-01-10T01:30:00Z,2026-01-10T01:45:00Z,2026-01-10,2026-01-10_11,0.0,0,0,100,64.36084608198765,64.36084608198765,0.0,0.0,0.0,True,True,True,False,0.0,1024.3284139367618,0.0,0.0,0.0,0.0,1024.3284139367618
2026-01-10T01:45:00Z,2026-01-10T02:00:00Z,2026-01-10,2026-01-10_12,0.0,0,0,100,64.36084608198765,64.36084608198765,0.0,0.0,0.0,True,True,True,False,0.0,1024.3284139367618,0.0,0.0,0.0,0.0,1024.3284139367618
2026-01-10T02:00:00Z,2026-01-10T02:15:00Z,2026-01-10,2026-01-10_13,0.0,0,0,100,64.36084608198765,64.36084608198765,0.0,0.0,0.0,True,True,True,False,0.0,1024.3284139367618,0.0,0.0,0.0,0.0,1024.3284139367618
2026-01-10T02:15:00Z,2026-01-10T02:30:00Z,2026-01-10,2026-01-10_14,0.0,0,0,100,64.36084608198765,64.36084608198765,0.0,0.0,0.0,True,True,True,False,0.0,1024.3284139367618,0.0,0.0,0.0,0.0,1024.3284139367618
2026-01-10T02:30:00Z,2026-01-10T02:45:00Z,2026-01-10,2026-01-10_15,0.0,0,0,100,64.36084608198765,64.36084608198765,0.0,0.0,0.0,True,True,True,False,0.0,1024.3284139367618,0.0,0.0,0.0,0.0,1024.3284139367618
2026-01-10T02:45:00Z,2026-01-10T03:00:00Z,2026-01-10,2026-01-10_16,0.0,0,0,100,64.36084608198765,64.36084608198765,0.0,0.0,0.0,True,True,True,False,0.0,1024.3284139367618,0.0,0.0,0.0,0.0,1024.3284139367618
2026-01-10T03:00:00Z,2026-01-10T03:15:00Z,2026-01-10,2026-01-10_17,0.0,0,0,100,64.36084608198765,64.36084608198765,0.0,0.0,0.0,True,True,True,False,0.0,1024.3284139367618,0.0,0.0,0.0,0.0,1024.3284139367618
2026-01-10T03:15:00Z,2026-01-10T03:30:00Z,2026-01-10,2026-01-10_18,0.0,0,0,100,64.36084608198765,64.36084608198765,0.0,0.0,0.0,True,True,True,False,0.0,1024.3284139367618,0.0,0.0,0.0,0.0,1024.3284139367618
2026-01-10T03:30:00Z,2026-01-10T03:45:00Z,2026-01-10,2026-01-10_19,0.0,0,0,100,64.36084608198765,64.36084608198765,0.0,0.0,0.0,True,True,True,False,0.0,1024.3284139367618,0.0,0.0,0.0,0.0,1024.3284139367618
2026-01-10T03:45:00Z,2026-01-10T04:00:00Z,2026-01-10,2026-01-10_20,0.0,0,0,100,64.36084608198765,64.36084608198765,0.0,0.0,0.0,True,True,True,False,0.0,1024.3284139367618,0.0,0.0,0.0,0.0,1024.3284139367618
2026-01-10T04:00:00Z,2026-01-10T04:15:00Z,2026-01-10,2026-01-10_21,0.0,0,0,100,64.36084608198765,64.36084608198765,0.0,0.0,0.0,True,True,True,False,0.0,1024.3284139367618,0.0,0.0,0.0,0.0,1024.3284139367618
2026-01-10T04:15:00Z,2026-01-10T04:30:00Z,2026-01-10,2026-01-10_22,0.0,0,0,100,64.36084608198765,64.36084608198765,0.0,0.0,0.0,True,True,True,False,0.0,1024.3284139367618,0.0,0.0,0.0,0.0,1024.3284139367618
2026-01-10T04:30:00Z,2026-01-10T04:45:00Z,2026-01-10,2026-01-10_23,0.0,0,0,100,64.36084608198765,64.36084608198765,0.0,0.0,0.0,True,True,True,False,0.0,1024.3284139367618,0.0,0.0,0.0,0.0,1024.3284139367618
2026-01-10T04:45:00Z,2026-01-10T05:00:00Z,2026-01-10,2026-01-10_24,0.0,0,0,100,64.36084608198765,64.36084608198765,0.0,0.0,0.0,True,True,True,False,0.0,1024.3284139367618,0.0,0.0,0.0,0.0,1024.3284139367618
2026-01-10T05:00:00Z,2026-01-10T05:15:00Z,2026-01-10,2026-01-10_25,0.0,0,0,100,64.36084608198765,64.36084608198765,0.0,0.0,0.0,True,True,True,False,0.0,1024.3284139367618,0.0,0.0,0.0,0.0,1024.3284139367618
2026-01-10T05:15:00Z,2026-01-10T05:30:00Z,2026-01-10,2026-01-10_26,0.0,0,0,100,64.36084608198765,64.36084608198765,0.0,0.0,0.0,True,True,True,False,0.0,1024.3284139367618,0.0,0.0,0.0,0.0,1024.3284139367618
2026-01-10T05:30:00Z,2026-01-10T05:45:00Z,2026-01-10,2026-01-10_27,0.0,0,0,100,64.36084608198765,64.36084608198765,0.0,0.0,0.0,True,True,True,False,0.0,1024.3284139367618,0.0,0.0,0.0,0.0,1024.3284139367618
2026-01-10T05:45:00Z,2026-01-10T06:00:00Z,2026-01-10,2026-01-10_28,0.0,0,0,100,64.36084608198765,64.36084608198765,0.0,0.0,0.0,True,True,True,False,0.0,1024.3284139367618,0.0,0.0,0.0,0.0,1024.3284139367618
2026-01-10T06:00:00Z,2026-01-10T06:15:00Z,2026-01-10,2026-01-10_29,0.0,0,0,100,64.36084608198765,64.36084608198765,0.0,0.0,0.0,True,True,True,False,0.0,1024.3284139367618,0.0,0.0,0.0,0.0,1024.3284139367618
2026-01-10T06:15:00Z,2026-01-10T06:30:00Z,2026-01-10,2026-01-10_30,0.0,0,0,100,64.36084608198765,64.36084608198765,0.0,0.0,0.0,True,True,True,False,0.0,1024.3284139367618,0.0,0.0,0.0,0.0,1024.3284139367618
2026-01-10T06:30:00Z,2026-01-10T06:45:00Z,2026-01-10,2026-01-10_31,0.0,0,0,100,64.36084608198765,64.36084608198765,0.0,0.0,0.0,True,True,True,False,0.0,1024.3284139367618,0.0,0.0,0.0,0.0,1024.3284139367618
2026-01-10T06:45:00Z,2026-01-10T07:00:00Z,2026-01-10,2026-01-10_32,0.0,0,0,100,64.36084608198765,64.36084608198765,0.0,0.0,0.0,True,True,True,False,0.0,1024.3284139367618,0.0,0.0,0.0,0.0,1024.3284139367618
2026-01-10T07:00:00Z,2026-01-10T07:15:00Z,2026-01-10,2026-01-10_33,0.0,0,0,100,64.36084608198765,64.36084608198765,0.0,0.0,0.0,True,True,True,False,0.0,1024.3284139367618,0.0,0.0,0.0,0.0,1024.3284139367618
2026-01-10T07:15:00Z,2026-01-10T07:30:00Z,2026-01-10,2026-01-10_34,0.0,0,0,100,64.36084608198765,64.36084608198765,0.0,0.0,0.0,True,True,True,False,0.0,1024.3284139367618,0.0,0.0,0.0,0.0,1024.3284139367618
2026-01-10T07:30:00Z,2026-01-10T07:45:00Z,2026-01-10,2026-01-10_35,0.0,0,0,100,64.36084608198765,64.36084608198765,0.0,0.0,0.0,True,True,True,False,0.0,1024.3284139367618,0.0,0.0,0.0,0.0,1024.3284139367618
2026-01-10T07:45:00Z,2026-01-10T08:00:00Z,2026-01-10,2026-01-10_36,0.0,0,0,100,64.36084608198765,64.36084608198765,0.0,0.0,0.0,True,True,True,False,0.0,1024.3284139367618,0.0,0.0,0.0,0.0,1024.3284139367618
2026-01-10T08:00:00Z,2026-01-10T08:15:00Z,2026-01-10,2026-01-10_37,0.0,0,0,100,64.36084608198765,64.36084608198765,0.0,0.0,0.0,True,False,True,False,0.0,1024.3284139367618,0.0,0.0,0.0,0.0,1024.3284139367618
2026-01-10T08:15:00Z,2026-01-10T08:30:00Z,2026-01-10,2026-01-10_38,0.0,0,0,100,64.36084608198765,64.36084608198765,0.0,0.0,0.0,True,False,True,False,0.0,1024.3284139367618,0.0,0.0,0.0,0.0,1024.3284139367618
2026-01-10T08:30:00Z,2026-01-10T08:45:00Z,2026-01-10,2026-01-10_39,0.0,0,0,100,64.36084608198765,64.36084608198765,0.0,0.0,0.0,True,False,True,False,0.0,1024.3284139367618,0.0,0.0,0.0,0.0,1024.3284139367618
2026-01-10T08:45:00Z,2026-01-10T09:00:00Z,2026-01-10,2026-01-10_40,0.0,0,0,100,64.36084608198765,64.36084608198765,0.0,0.0,0.0,True,False,True,False,0.0,1024.3284139367618,0.0,0.0,0.0,0.0,1024.3284139367618
2026-01-10T09:00:00Z,2026-01-10T09:15:00Z,2026-01-10,2026-01-10_41,0.0,0,0,100,64.36084608198765,64.36084608198765,0.0,0.0,0.0,True,True,True,False,0.0,1024.3284139367618,0.0,0.0,0.0,0.0,1024.3284139367618
2026-01-10T09:15:00Z,2026-01-10T09:30:00Z,2026-01-10,2026-01-10_42,0.0,0,0,100,64.36084608198765,64.36084608198765,0.0,0.0,0.0,True,True,True,False,0.0,1024.3284139367618,0.0,0.0,0.0,0.0,1024.3284139367618
2026-01-10T09:30:00Z,2026-01-10T09:45:00Z,2026-01-10,2026-01-10_43,0.0,0,0,100,64.36084608198765,64.36084608198765,0.0,0.0,0.0,True,True,True,False,0.0,1024.3284139367618,0.0,0.0,0.0,0.0,1024.3284139367618
2026-01-10T09:45:00Z,2026-01-10T10:00:00Z,2026-01-10,2026-01-10_44,0.0,0,0,100,64.36084608198765,64.36084608198765,0.0,0.0,0.0,True,True,True,False,0.0,1024.3284139367618,0.0,0.0,0.0,0.0,1024.3284139367618
2026-01-10T10:00:00Z,2026-01-10T10:15:00Z,2026-01-10,2026-01-10_45,0.0,0,0,100,64.36084608198765,64.36084608198765,0.0,0.0,0.0,True,True,True,False,0.0,1024.3284139367618,0.0,0.0,0.0,0.0,1024.3284139367618
2026-01-10T10:15:00Z,2026-01-10T10:30:00Z,2026-01-10,2026-01-10_46,0.0,0,0,100,64.36084608198765,64.36084608198765,0.0,0.0,0.0,True,True,True,False,0.0,1024.3284139367618,0.0,0.0,0.0,0.0,1024.3284139367618
2026-01-10T10:30:00Z,2026-01-10T10:45:00Z,2026-01-10,2026-01-10_47,0.0,0,0,100,64.36084608198765,64.36084608198765,0.0,0.0,0.0,True,True,True,False,0.0,1024.3284139367618,0.0,0.0,0.0,0.0,1024.3284139367618
2026-01-10T10:45:00Z,2026-01-10T11:00:00Z,2026-01-10,2026-01-10_48,0.0,0,0,100,64.36084608198765,64.36084608198765,0.0,0.0,0.0,True,True,True,False,0.0,1024.3284139367618,0.0,0.0,0.0,0.0,1024.3284139367618
2026-01-10T11:00:00Z,2026-01-10T11:15:00Z,2026-01-10,2026-01-10_49,0.0,0,0,100,64.36084608198765,64.36084608198765,0.0,0.0,0.0,True,True,True,False,0.0,1024.3284139367618,0.0,0.0,0.0,0.0,1024.3284139367618
2026-01-10T11:15:00Z,2026-01-10T11:30:00Z,2026-01-10,2026-01-10_50,0.0,0,0,100,64.36084608198765,64.36084608198765,0.0,0.0,0.0,True,True,True,False,0.0,1024.3284139367618,0.0,0.0,0.0,0.0,1024.3284139367618
2026-01-10T11:30:00Z,2026-01-10T11:45:00Z,2026-01-10,2026-01-10_51,0.0,0,0,100,64.36084608198765,64.36084608198765,0.0,0.0,0.0,True,True,True,False,0.0,1024.3284139367618,0.0,0.0,0.0,0.0,1024.3284139367618
2026-01-10T11:45:00Z,2026-01-10T12:00:00Z,2026-01-10,2026-01-10_52,0.0,0,0,100,64.36084608198765,64.36084608198765,0.0,0.0,0.0,True,True,True,False,0.0,1024.3284139367618,0.0,0.0,0.0,0.0,1024.3284139367618
2026-01-10T12:00:00Z,2026-01-10T12:15:00Z,2026-01-10,2026-01-10_53,0.0,0,0,100,64.36084608198765,64.36084608198765,0.0,0.0,0.0,True,True,True,False,0.0,1024.3284139367618,0.0,0.0,0.0,0.0,1024.3284139367618
2026-01-10T12:15:00Z,2026-01-10T12:30:00Z,2026-01-10,2026-01-10_54,0.0,0,0,100,64.36084608198765,64.36084608198765,0.0,0.0,0.0,True,True,True,False,0.0,1024.3284139367618,0.0,0.0,0.0,0.0,1024.3284139367618
2026-01-10T12:30:00Z,2026-01-10T12:45:00Z,2026-01-10,2026-01-10_55,0.0,0,0,100,64.36084608198765,64.36084608198765,0.0,0.0,0.0,True,True,True,False,0.0,1024.3284139367618,0.0,0.0,0.0,0.0,1024.3284139367618
2026-01-10T12:45:00Z,2026-01-10T13:00:00Z,2026-01-10,2026-01-10_56,0.0,0,0,100,64.36084608198765,64.36084608198765,0.0,0.0,0.0,True,True,True,False,0.0,1024.3284139367618,0.0,0.0,0.0,0.0,1024.3284139367618
2026-01-10T13:00:00Z,2026-01-10T13:15:00Z,2026-01-10,2026-01-10_57,0.0,0,0,100,64.36084608198765,64.36084608198765,0.0,0.0,0.0,True,True,True,False,0.0,1024.3284139367618,0.0,0.0,0.0,0.0,1024.3284139367618
2026-01-10T13:15:00Z,2026-01-10T13:30:00Z,2026-01-10,2026-01-10_58,0.0,0,0,100,64.36084608198765,64.36084608198765,0.0,0.0,0.0,True,True,True,False,0.0,1024.3284139367618,0.0,0.0,0.0,0.0,1024.3284139367618
2026-01-10T13:30:00Z,2026-01-10T13:45:00Z,2026-01-10,2026-01-10_59,0.0,0,0,100,64.36084608198765,64.36084608198765,0.0,0.0,0.0,True,True,True,False,0.0,1024.3284139367618,0.0,0.0,0.0,0.0,1024.3284139367618
2026-01-10T13:45:00Z,2026-01-10T14:00:00Z,2026-01-10,2026-01-10_60,0.0,0,0,100,64.36084608198765,64.36084608198765,0.0,0.0,0.0,True,True,True,False,0.0,1024.3284139367618,0.0,0.0,0.0,0.0,1024.3284139367618
2026-01-10T14:00:00Z,2026-01-10T14:15:00Z,2026-01-10,2026-01-10_61,0.0,0,0,100,64.36084608198765,64.36084608198765,0.0,0.0,0.0,True,True,True,False,0.0,1024.3284139367618,0.0,0.0,0.0,0.0,1024.3284139367618
2026-01-10T14:15:00Z,2026-01-10T14:30:00Z,2026-01-10,2026-01-10_62,0.0,0,0,100,64.36084608198765,64.36084608198765,0.0,0.0,0.0,True,True,True,False,0.0,1024.3284139367618,0.0,0.0,0.0,0.0,1024.3284139367618
2026-01-10T14:30:00Z,2026-01-10T14:45:00Z,2026-01-10,2026-01-10_63,0.0,0,0,100,64.36084608198765,64.36084608198765,0.0,0.0,0.0,True,True,True,False,0.0,1024.3284139367618,0.0,0.0,0.0,0.0,1024.3284139367618
2026-01-10T14:45:00Z,2026-01-10T15:00:00Z,2026-01-10,2026-01-10_64,0.0,0,0,100,64.36084608198765,64.36084608198765,0.0,0.0,0.0,True,True,True,False,0.0,1024.3284139367618,0.0,0.0,0.0,0.0,1024.3284139367618
2026-01-10T15:00:00Z,2026-01-10T15:15:00Z,2026-01-10,2026-01-10_65,0.0,0,0,100,64.36084608198765,64.36084608198765,0.0,0.0,0.0,True,True,True,False,0.0,1024.3284139367618,0.0,0.0,0.0,0.0,1024.3284139367618
2026-01-10T15:15:00Z,2026-01-10T15:30:00Z,2026-01-10,2026-01-10_66,0.0,0,0,100,64.36084608198765,64.36084608198765,0.0,0.0,0.0,True,True,True,False,0.0,1024.3284139367618,0.0,0.0,0.0,0.0,1024.3284139367618
2026-01-10T15:30:00Z,2026-01-10T15:45:00Z,2026-01-10,2026-01-10_67,0.0,0,0,100,64.36084608198765,64.36084608198765,0.0,0.0,0.0,True,True,True,False,0.0,1024.3284139367618,0.0,0.0,0.0,0.0,1024.3284139367618
2026-01-10T15:45:00Z,2026-01-10T16:00:00Z,2026-01-10,2026-01-10_68,0.0,0,0,100,64.36084608198765,64.36084608198765,0.0,0.0,0.0,True,True,True,False,0.0,1024.3284139367618,0.0,0.0,0.0,0.0,1024.3284139367618
2026-01-10T16:00:00Z,2026-01-10T16:15:00Z,2026-01-10,2026-01-10_69,1.4210854715202004e-14,0,0,100,64.36084608198765,64.36084608198765,1.0726792508455617e-17,0.0,0.0,True,True,True,False,4.869704639531846e-13,1024.3284139367618,0.0,0.0,0.0,0.0,1024.3284139367622
2026-01-10T16:15:00Z,2026-01-10T16:30:00Z,2026-01-10,2026-01-10_70,1.4210854715202004e-14,0,0,100,64.36084608198765,64.36084608198765,1.0726792508455617e-17,0.0,0.0,True,True,True,False,5.044853423896711e-13,1024.3284139367618,0.0,0.0,0.0,0.0,1024.3284139367622
2026-01-10T16:30:00Z,2026-01-10T16:45:00Z,2026-01-10,2026-01-10_71,1.4210854715202004e-14,0,0,100,64.36084608198765,64.36084608198765,1.0726792508455619e-17,0.0,0.0,True,True,True,False,5.153566462468007e-13,1024.3284139367618,0.0,0.0,0.0,0.0,1024.3284139367622
2026-01-10T16:45:00Z,2026-01-10T17:00:00Z,2026-01-10,2026-01-10_72,1.4210854715202004e-14,0,0,100,64.36084608198765,64.36084608198765,1.0726792508455617e-17,0.0,0.0,True,True,True,False,5.170619488126249e-13,1024.3284139367618,0.0,0.0,0.0,0.0,1024.3284139367622
2026-01-10T17:00:00Z,2026-01-10T17:15:00Z,2026-01-10,2026-01-10_73,0.0,0,0,100,64.36084608198765,64.36084608198765,0.0,0.0,0.0,True,False,True,False,0.0,1024.3284139367618,0.0,0.0,0.0,0.0,1024.3284139367618
2026-01-10T17:15:00Z,2026-01-10T17:30:00Z,2026-01-10,2026-01-10_74,6.178632484870436e-14,0,0,100,64.36084608198765,64.36084608198763,4.663822829763312e-17,0.0,0.0,True,False,True,False,2.15356235260159e-12,1024.3284139367618,0.0,0.0,0.0,0.0,1024.3284139367638
2026-01-10T17:30:00Z,2026-01-10T17:45:00Z,2026-01-10,2026-01-10_75,0.0,0,0,100,64.36084608198763,64.36084608198763,0.0,0.0,0.0,True,False,True,False,0.0,1024.3284139367618,0.0,0.0,0.0,0.0,1024.3284139367618
2026-01-10T17:45:00Z,2026-01-10T18:00:00Z,2026-01-10,2026-01-10_76,0.0,0,0,100,64.36084608198763,64.36084608198763,0.0,0.0,0.0,True,False,True,False,0.0,1024.3284139367618,0.0,0.0,0.0,0.0,1024.3284139367618
2026-01-10T18:00:00Z,2026-01-10T18:15:00Z,2026-01-10,2026-01-10_77,0.0,0,0,100,64.36084608198763,64.36084608198763,0.0,0.0,0.0,True,True,True,False,0.0,1024.3284139367618,0.0,0.0,0.0,0.0,1024.3284139367618
2026-01-10T18:15:00Z,2026-01-10T18:30:00Z,2026-01-10,2026-01-10_78,0.0,0,0,100,64.36084608198763,64.36084608198763,0.0,0.0,0.0,True,True,True,False,0.0,1024.3284139367618,0.0,0.0,0.0,0.0,1024.3284139367618
2026-01-10T18:30:00Z,2026-01-10T18:45:00Z,2026-01-10,2026-01-10_79,0.0,0,0,100,64.36084608198763,64.36084608198763,0.0,0.0,0.0,True,True,True,False,0.0,1024.3284139367618,0.0,0.0,0.0,0.0,1024.3284139367618
2026-01-10T18:45:00Z,2026-01-10T19:00:00Z,2026-01-10,2026-01-10_80,0.0,0,0,100,64.36084608198763,64.36084608198763,0.0,0.0,0.0,True,True,True,False,0.0,1024.3284139367618,0.0,0.0,0.0,0.0,1024.3284139367618
2026-01-10T19:00:00Z,2026-01-10T19:15:00Z,2026-01-10,2026-01-10_81,0.0,0,0,100,64.36084608198763,64.36084608198763,0.0,0.0,0.0,True,True,True,False,0.0,1024.3284139367618,0.0,0.0,0.0,0.0,1024.3284139367618
2026-01-10T19:15:00Z,2026-01-10T19:30:00Z,2026-01-10,2026-01-10_82,0.0,0,0,100,64.36084608198763,64.36084608198763,0.0,0.0,0.0,True,True,True,False,0.0,1024.3284139367618,0.0,0.0,0.0,0.0,1024.3284139367618
2026-01-10T19:30:00Z,2026-01-10T19:45:00Z,2026-01-10,2026-01-10_83,0.0,0,0,100,64.36084608198763,64.36084608198763,0.0,0.0,0.0,True,True,True,False,0.0,1024.3284139367618,0.0,0.0,0.0,0.0,1024.3284139367618
2026-01-10T19:45:00Z,2026-01-10T20:00:00Z,2026-01-10,2026-01-10_84,0.0,0,0,100,64.36084608198763,64.36084608198763,0.0,0.0,0.0,True,True,True,False,0.0,1024.3284139367618,0.0,0.0,0.0,0.0,1024.3284139367618
2026-01-10T20:00:00Z,2026-01-10T20:15:00Z,2026-01-10,2026-01-10_85,0.0,0,0,100,64.36084608198763,64.36084608198763,0.0,0.0,0.0,True,True,True,False,0.0,1024.3284139367618,0.0,0.0,0.0,0.0,1024.3284139367618
2026-01-10T20:15:00Z,2026-01-10T20:30:00Z,2026-01-10,2026-01-10_86,0.0,0,0,100,64.36084608198763,64.36084608198763,0.0,0.0,0.0,True,True,True,False,0.0,1024.3284139367618,0.0,0.0,0.0,0.0,1024.3284139367618
2026-01-10T20:30:00Z,2026-01-10T20:45:00Z,2026-01-10,2026-01-10_87,0.0,0,0,100,64.36084608198763,64.36084608198763,0.0,0.0,0.0,True,True,True,False,0.0,1024.3284139367618,0.0,0.0,0.0,0.0,1024.3284139367618
2026-01-10T20:45:00Z,2026-01-10T21:00:00Z,2026-01-10,2026-01-10_88,0.0,0,0,100,64.36084608198763,64.36084608198763,0.0,0.0,0.0,True,True,True,False,0.0,1024.3284139367618,0.0,0.0,0.0,0.0,1024.3284139367618
2026-01-10T21:00:00Z,2026-01-10T21:15:00Z,2026-01-10,2026-01-10_89,0.0,100,0,0,64.36084608198763,55.55836160993794,0.024451345755693583,8.098285714285716,0.0,True,True,True,False,0.0,0.0,94.79827853872304,0.0,1384.5352008511857,0.0,1479.3334793899087
2026-01-10T21:15:00Z,2026-01-10T21:30:00Z,2026-01-10,2026-01-10_90,-100.0,100,0,0,55.55836160993794,61.9047844670808,0.017628952380952384,18.101714285714284,0.0,True,True,True,False,-2866.5,0.0,94.79827853872304,0.0,14439.577445600753,0.0,11667.875724139476
2026-01-10T21:30:00Z,2026-01-10T21:45:00Z,2026-01-10,2026-01-10_91,-100.0,100,0,0,61.9047844670808,66.5415844670808,0.01288,19.96,0.0,True,True,True,False,-2586.75,0.0,94.79827853872304,0.0,15455.344107532377,0.0,12963.3923860711
2026-01-10T21:45:00Z,2026-01-10T22:00:00Z,2026-01-10,2026-01-10_92,-100.0,100,0,0,66.5415844670808,81.77100160993794,0.042303936507936506,8.446285714285715,0.0,True,True,True,False,-2478.0,0.0,94.79827853872304,0.0,1321.3149811487076,0.0,-1061.8867403125694
2026-01-10T22:00:00Z,2026-01-10T22:15:00Z,2026-01-11,2026-01-10_93,0.0,0,0,100,81.77100160993794,81.77100160993794,0.0,0.0,0.0,True,True,True,False,0.0,1024.3284139367618,0.0,0.0,0.0,0.0,1024.3284139367618
2026-01-10T22:15:00Z,2026-01-10T22:30:00Z,2026-01-11,2026-01-10_94,0.0,0,0,100,81.77100160993794,81.77100160993794,0.0,0.0,0.0,True,True,True,False,0.0,1024.3284139367618,0.0,0.0,0.0,0.0,1024.3284139367618
2026-01-10T22:30:00Z,2026-01-10T22:45:00Z,2026-01-11,2026-01-10_95,0.0,0,0,100,81.77100160993794,81.77100160993794,0.0,0.0,0.0,True,True,True,False,0.0,1024.3284139367618,0.0,0.0,0.0,0.0,1024.3284139367618
2026-01-10T22:45:00Z,2026-01-10T23:00:00Z,2026-01-11,2026-01-10_96,0.0,0,0,100,81.77100160993794,81.77100160993794,0.0,0.0,0.0,True,True,True,False,0.0,1024.3284139367618,0.0,0.0,0.0,0.0,1024.3284139367618
2026-01-10T23:00:00Z,2026-01-10T23:15:00Z,2026-01-11,2026-01-11_1,0.0,0,0,100,81.77100160993794,81.77100160993794,0.0,0.0,0.0,True,True,True,False,0.0,1024.3284139367618,0.0,0.0,0.0,0.0,1024.3284139367618
2026-01-10T23:15:00Z,2026-01-10T23:30:00Z,2026-01-11,2026-01-11_2,0.0,0,0,100,81.77100160993794,81.77100160993794,0.0,0.0,0.0,True,True,True,False,0.0,1024.3284139367618,0.0,0.0,0.0,0.0,1024.3284139367618
2026-01-10T23:30:00Z,2026-01-10T23:45:00Z,2026-01-11,2026-01-11_3,0.0,0,0,100,81.77100160993794,81.77100160993794,0.0,0.0,0.0,True,True,True,False,0.0,1024.3284139367618,0.0,0.0,0.0,0.0,1024.3284139367618
2026-01-10T23:45:00Z,2026-01-11T00:00:00Z,2026-01-11,2026-01-11_4,0.0,0,0,100,81.77100160993794,81.77100160993794,0.0,0.0,0.0,True,True,True,False,0.0,1024.3284139367618,0.0,0.0,0.0,0.0,1024.3284139367618
2026-01-11T00:00:00Z,2026-01-11T00:15:00Z,2026-01-11,2026-01-11_5,0.0,0,0,100,81.77100160993794,81.77100160993794,0.0,0.0,0.0,True,True,True,False,0.0,1024.3284139367618,0.0,0.0,0.0,0.0,1024.3284139367618
2026-01-11T00:15:00Z,2026-01-11T00:30:00Z,2026-01-11,2026-01-11_6,0.0,0,0,100,81.77100160993794,81.77100160993794,0.0,0.0,0.0,True,True,True,False,0.0,1024.3284139367618,0.0,0.0,0.0,0.0,1024.3284139367618
2026-01-11T00:30:00Z,2026-01-11T00:45:00Z,2026-01-11,2026-01-11_7,0.0,0,0,100,81.77100160993794,81.77100160993794,0.0,0.0,0.0,True,True,True,False,0.0,1024.3284139367618,0.0,0.0,0.0,0.0,1024.3284139367618
2026-01-11T00:45:00Z,2026-01-11T01:00:00Z,2026-01-11,2026-01-11_8,0.0,0,0,100,81.77100160993794,81.77100160993794,0.0,0.0,0.0,True,True,True,False,0.0,1024.3284139367618,0.0,0.0,0.0,0.0,1024.3284139367618
2026-01-11T01:00:00Z,2026-01-11T01:15:00Z,2026-01-11,2026-01-11_9,0.0,0,0,100,81.77100160993794,81.77100160993794,0.0,0.0,0.0,True,True,True,False,0.0,1024.3284139367618,0.0,0.0,0.0,0.0,1024.3284139367618
2026-01-11T01:15:00Z,2026-01-11T01:30:00Z,2026-01-11,2026-01-11_10,0.0,0,0,100,81.77100160993794,81.77100160993794,0.0,0.0,0.0,True,True,True,False,0.0,1024.3284139367618,0.0,0.0,0.0,0.0,1024.3284139367618
2026-01-11T01:30:00Z,2026-01-11T01:45:00Z,2026-01-11,2026-01-11_11,0.0,0,0,100,81.77100160993794,81.77100160993794,0.0,0.0,0.0,True,True,True,False,0.0,1024.3284139367618,0.0,0.0,0.0,0.0,1024.3284139367618
2026-01-11T01:45:00Z,2026-01-11T02:00:00Z,2026-01-11,2026-01-11_12,0.0,0,0,100,81.77100160993794,81.77100160993794,0.0,0.0,0.0,True,True,True,False,0.0,1024.3284139367618,0.0,0.0,0.0,0.0,1024.3284139367618
2026-01-11T02:00:00Z,2026-01-11T02:15:00Z,2026-01-11,2026-01-11_13,0.0,0,0,100,81.77100160993794,81.77100160993794,0.0,0.0,0.0,True,True,True,False,0.0,1024.3284139367618,0.0,0.0,0.0,0.0,1024.3284139367618
2026-01-11T02:15:00Z,2026-01-11T02:30:00Z,2026-01-11,2026-01-11_14,0.0,0,0,100,81.77100160993794,81.77100160993794,0.0,0.0,0.0,True,True,True,False,0.0,1024.3284139367618,0.0,0.0,0.0,0.0,1024.3284139367618
2026-01-11T02:30:00Z,2026-01-11T02:45:00Z,2026-01-11,2026-01-11_15,0.0,0,0,100,81.77100160993794,81.77100160993794,0.0,0.0,0.0,True,True,True,False,0.0,1024.3284139367618,0.0,0.0,0.0,0.0,1024.3284139367618
2026-01-11T02:45:00Z,2026-01-11T03:00:00Z,2026-01-11,2026-01-11_16,0.0,0,0,100,81.77100160993794,81.77100160993794,0.0,0.0,0.0,True,True,True,False,0.0,1024.3284139367618,0.0,0.0,0.0,0.0,1024.3284139367618
2026-01-11T03:00:00Z,2026-01-11T03:15:00Z,2026-01-11,2026-01-11_17,0.0,0,0,100,81.77100160993794,81.77100160993794,0.0,0.0,0.0,True,True,True,False,0.0,1024.3284139367618,0.0,0.0,0.0,0.0,1024.3284139367618
2026-01-11T03:15:00Z,2026-01-11T03:30:00Z,2026-01-11,2026-01-11_18,0.0,0,0,100,81.77100160993794,81.77100160993794,0.0,0.0,0.0,True,True,True,False,0.0,1024.3284139367618,0.0,0.0,0.0,0.0,1024.3284139367618
2026-01-11T03:30:00Z,2026-01-11T03:45:00Z,2026-01-11,2026-01-11_19,0.0,0,0,100,81.77100160993794,81.77100160993794,0.0,0.0,0.0,True,True,True,False,0.0,1024.3284139367618,0.0,0.0,0.0,0.0,1024.3284139367618
2026-01-11T03:45:00Z,2026-01-11T04:00:00Z,2026-01-11,2026-01-11_20,0.0,0,0,100,81.77100160993794,81.77100160993794,0.0,0.0,0.0,True,True,True,False,0.0,1024.3284139367618,0.0,0.0,0.0,0.0,1024.3284139367618
2026-01-11T04:00:00Z,2026-01-11T04:15:00Z,2026-01-11,2026-01-11_21,0.0,0,0,100,81.77100160993794,81.77100160993794,0.0,0.0,0.0,True,True,True,False,0.0,1024.3284139367618,0.0,0.0,0.0,0.0,1024.3284139367618
2026-01-11T04:15:00Z,2026-01-11T04:30:00Z,2026-01-11,2026-01-11_22,0.0,0,0,100,81.77100160993794,81.77100160993794,0.0,0.0,0.0,True,True,True,False,0.0,1024.3284139367618,0.0,0.0,0.0,0.0,1024.3284139367618
2026-01-11T04:30:00Z,2026-01-11T04:45:00Z,2026-01-11,2026-01-11_23,0.0,0,0,100,81.77100160993794,81.77100160993794,0.0,0.0,0.0,True,True,True,False,0.0,1024.3284139367618,0.0,0.0,0.0,0.0,1024.3284139367618
2026-01-11T04:45:00Z,2026-01-11T05:00:00Z,2026-01-11,2026-01-11_24,0.0,0,0,100,81.77100160993794,81.77100160993794,0.0,0.0,0.0,True,True,True,False,0.0,1024.3284139367618,0.0,0.0,0.0,0.0,1024.3284139367618
2026-01-11T05:00:00Z,2026-01-11T05:15:00Z,2026-01-11,2026-01-11_25,0.0,0,0,100,81.77100160993794,81.77100160993794,0.0,0.0,0.0,True,True,True,False,0.0,1024.3284139367618,0.0,0.0,0.0,0.0,1024.3284139367618
2026-01-11T05:15:00Z,2026-01-11T05:30:00Z,2026-01-11,2026-01-11_26,0.0,0,0,100,81.77100160993794,81.77100160993794,0.0,0.0,0.0,True,True,True,False,0.0,1024.3284139367618,0.0,0.0,0.0,0.0,1024.3284139367618
2026-01-11T05:30:00Z,2026-01-11T05:45:00Z,2026-01-11,2026-01-11_27,0.0,0,0,100,81.77100160993794,81.77100160993794,0.0,0.0,0.0,True,True,True,False,0.0,1024.3284139367618,0.0,0.0,0.0,0.0,1024.3284139367618
2026-01-11T05:45:00Z,2026-01-11T06:00:00Z,2026-01-11,2026-01-11_28,0.0,0,0,100,81.77100160993794,81.77100160993794,0.0,0.0,0.0,True,True,True,False,0.0,1024.3284139367618,0.0,0.0,0.0,0.0,1024.3284139367618
2026-01-11T06:00:00Z,2026-01-11T06:15:00Z,2026-01-11,2026-01-11_29,0.0,0,0,100,81.77100160993794,81.77100160993794,0.0,0.0,0.0,True,True,True,False,0.0,1024.3284139367618,0.0,0.0,0.0,0.0,1024.3284139367618
2026-01-11T06:15:00Z,2026-01-11T06:30:00Z,2026-01-11,2026-01-11_30,0.0,0,0,100,81.77100160993794,81.77100160993794,0.0,0.0,0.0,True,True,True,False,0.0,1024.3284139367618,0.0,0.0,0.0,0.0,1024.3284139367618
2026-01-11T06:30:00Z,2026-01-11T06:45:00Z,2026-01-11,2026-01-11_31,0.0,0,0,100,81.77100160993794,81.77100160993794,0.0,0.0,0.0,True,True,True,False,0.0,1024.3284139367618,0.0,0.0,0.0,0.0,1024.3284139367618
2026-01-11T06:45:00Z,2026-01-11T07:00:00Z,2026-01-11,2026-01-11_32,0.0,0,0,100,81.77100160993794,81.77100160993794,0.0,0.0,0.0,True,True,True,False,0.0,1024.3284139367618,0.0,0.0,0.0,0.0,1024.3284139367618
2026-01-11T07:00:00Z,2026-01-11T07:15:00Z,2026-01-11,2026-01-11_33,0.0,0,0,100,81.77100160993794,81.77100160993794,0.0,0.0,0.0,True,True,True,False,0.0,1024.3284139367618,0.0,0.0,0.0,0.0,1024.3284139367618
2026-01-11T07:15:00Z,2026-01-11T07:30:00Z,2026-01-11,2026-01-11_34,0.0,0,0,100,81.77100160993794,81.77100160993794,0.0,0.0,0.0,True,True,True,False,0.0,1024.3284139367618,0.0,0.0,0.0,0.0,1024.3284139367618
2026-01-11T07:30:00Z,2026-01-11T07:45:00Z,2026-01-11,2026-01-11_35,0.0,0,0,100,81.77100160993794,81.77100160993794,0.0,0.0,0.0,True,True,True,False,0.0,1024.3284139367618,0.0,0.0,0.0,0.0,1024.3284139367618
2026-01-11T07:45:00Z,2026-01-11T08:00:00Z,2026-01-11,2026-01-11_36,0.0,0,0,100,81.77100160993794,81.77100160993794,0.0,0.0,0.0,True,True,True,False,0.0,1024.3284139367618,0.0,0.0,0.0,0.0,1024.3284139367618
2026-01-11T08:00:00Z,2026-01-11T08:15:00Z,2026-01-11,2026-01-11_37,0.0,0,0,100,81.77100160993794,81.77100160993794,0.0,0.0,0.0,True,False,True,False,0.0,1024.3284139367618,0.0,0.0,0.0,0.0,1024.3284139367618
2026-01-11T08:15:00Z,2026-01-11T08:30:00Z,2026-01-11,2026-01-11_38,0.0,0,0,100,81.77100160993794,81.77100160993794,0.0,0.0,0.0,True,False,True,False,0.0,1024.3284139367618,0.0,0.0,0.0,0.0,1024.3284139367618
2026-01-11T08:30:00Z,2026-01-11T08:45:00Z,2026-01-11,2026-01-11_39,0.0,0,0,100,81.77100160993794,81.77100160993794,0.0,0.0,0.0,True,False,True,False,0.0,1024.3284139367618,0.0,0.0,0.0,0.0,1024.3284139367618
2026-01-11T08:45:00Z,2026-01-11T09:00:00Z,2026-01-11,2026-01-11_40,0.0,0,0,100,81.77100160993794,81.77100160993794,0.0,0.0,0.0,True,False,True,False,0.0,1024.3284139367618,0.0,0.0,0.0,0.0,1024.3284139367618
2026-01-11T09:00:00Z,2026-01-11T09:15:00Z,2026-01-11,2026-01-11_41,0.0,0,0,100,81.77100160993794,81.77100160993794,0.0,0.0,0.0,True,False,True,False,0.0,1024.3284139367618,0.0,0.0,0.0,0.0,1024.3284139367618
2026-01-11T09:15:00Z,2026-01-11T09:30:00Z,2026-01-11,2026-01-11_42,0.0,0,0,100,81.77100160993794,81.77100160993794,0.0,0.0,0.0,True,False,True,False,0.0,1024.3284139367618,0.0,0.0,0.0,0.0,1024.3284139367618
2026-01-11T09:30:00Z,2026-01-11T09:45:00Z,2026-01-11,2026-01-11_43,0.0,0,0,100,81.77100160993794,81.77100160993794,0.0,0.0,0.0,True,False,True,False,0.0,1024.3284139367618,0.0,0.0,0.0,0.0,1024.3284139367618
2026-01-11T09:45:00Z,2026-01-11T10:00:00Z,2026-01-11,2026-01-11_44,0.0,0,0,100,81.77100160993794,81.77100160993794,0.0,0.0,0.0,True,False,True,False,0.0,1024.3284139367618,0.0,0.0,0.0,0.0,1024.3284139367618
2026-01-11T10:00:00Z,2026-01-11T10:15:00Z,2026-01-11,2026-01-11_45,0.0,0,0,100,81.77100160993794,81.77100160993794,0.0,0.0,0.0,True,True,True,False,0.0,1024.3284139367618,0.0,0.0,0.0,0.0,1024.3284139367618
2026-01-11T10:15:00Z,2026-01-11T10:30:00Z,2026-01-11,2026-01-11_46,0.0,0,0,100,81.77100160993794,81.77100160993794,0.0,0.0,0.0,True,True,True,False,0.0,1024.3284139367618,0.0,0.0,0.0,0.0,1024.3284139367618
2026-01-11T10:30:00Z,2026-01-11T10:45:00Z,2026-01-11,2026-01-11_47,0.0,0,0,100,81.77100160993794,81.77100160993794,0.0,0.0,0.0,True,True,True,False,0.0,1024.3284139367618,0.0,0.0,0.0,0.0,1024.3284139367618
2026-01-11T10:45:00Z,2026-01-11T11:00:00Z,2026-01-11,2026-01-11_48,0.0,0,0,100,81.77100160993794,81.77100160993794,0.0,0.0,0.0,True,True,True,False,0.0,1024.3284139367618,0.0,0.0,0.0,0.0,1024.3284139367618
2026-01-11T11:00:00Z,2026-01-11T11:15:00Z,2026-01-11,2026-01-11_49,0.0,0,0,100,81.77100160993794,81.77100160993794,0.0,0.0,0.0,True,True,True,False,0.0,1024.3284139367618,0.0,0.0,0.0,0.0,1024.3284139367618
2026-01-11T11:15:00Z,2026-01-11T11:30:00Z,2026-01-11,2026-01-11_50,0.0,0,0,100,81.77100160993794,81.77100160993794,0.0,0.0,0.0,True,True,True,False,0.0,1024.3284139367618,0.0,0.0,0.0,0.0,1024.3284139367618
2026-01-11T11:30:00Z,2026-01-11T11:45:00Z,2026-01-11,2026-01-11_51,0.0,0,0,100,81.77100160993794,81.77100160993794,0.0,0.0,0.0,True,True,True,False,0.0,1024.3284139367618,0.0,0.0,0.0,0.0,1024.3284139367618
2026-01-11T11:45:00Z,2026-01-11T12:00:00Z,2026-01-11,2026-01-11_52,0.0,0,0,100,81.77100160993794,81.77100160993794,0.0,0.0,0.0,True,True,True,False,0.0,1024.3284139367618,0.0,0.0,0.0,0.0,1024.3284139367618
2026-01-11T12:00:00Z,2026-01-11T12:15:00Z,2026-01-11,2026-01-11_53,0.0,0,0,100,81.77100160993794,81.77100160993794,0.0,0.0,0.0,True,True,True,False,0.0,1024.3284139367618,0.0,0.0,0.0,0.0,1024.3284139367618
2026-01-11T12:15:00Z,2026-01-11T12:30:00Z,2026-01-11,2026-01-11_54,0.0,0,0,100,81.77100160993794,81.77100160993794,0.0,0.0,0.0,True,True,True,False,0.0,1024.3284139367618,0.0,0.0,0.0,0.0,1024.3284139367618
2026-01-11T12:30:00Z,2026-01-11T12:45:00Z,2026-01-11,2026-01-11_55,0.0,0,0,100,81.77100160993794,81.77100160993794,0.0,0.0,0.0,True,True,True,False,0.0,1024.3284139367618,0.0,0.0,0.0,0.0,1024.3284139367618
2026-01-11T12:45:00Z,2026-01-11T13:00:00Z,2026-01-11,2026-01-11_56,0.0,0,0,100,81.77100160993794,81.77100160993794,0.0,0.0,0.0,True,True,True,False,0.0,1024.3284139367618,0.0,0.0,0.0,0.0,1024.3284139367618
2026-01-11T13:00:00Z,2026-01-11T13:15:00Z,2026-01-11,2026-01-11_57,0.0,0,0,100,81.77100160993794,81.77100160993794,0.0,0.0,0.0,True,True,True,False,0.0,1024.3284139367618,0.0,0.0,0.0,0.0,1024.3284139367618
2026-01-11T13:15:00Z,2026-01-11T13:30:00Z,2026-01-11,2026-01-11_58,0.0,0,0,100,81.77100160993794,81.77100160993794,0.0,0.0,0.0,True,True,True,False,0.0,1024.3284139367618,0.0,0.0,0.0,0.0,1024.3284139367618
2026-01-11T13:30:00Z,2026-01-11T13:45:00Z,2026-01-11,2026-01-11_59,0.0,0,0,100,81.77100160993794,81.77100160993794,0.0,0.0,0.0,True,True,True,False,0.0,1024.3284139367618,0.0,0.0,0.0,0.0,1024.3284139367618
2026-01-11T13:45:00Z,2026-01-11T14:00:00Z,2026-01-11,2026-01-11_60,0.0,0,0,100,81.77100160993794,81.77100160993794,0.0,0.0,0.0,True,True,True,False,0.0,1024.3284139367618,0.0,0.0,0.0,0.0,1024.3284139367618
2026-01-11T14:00:00Z,2026-01-11T14:15:00Z,2026-01-11,2026-01-11_61,-42.0,100,58,0,81.77100160993794,84.83784487950315,0.031228670917874395,6.483999999999999,0.0,True,True,True,False,-952.035,0.0,101.99068524377543,7.060938943148543,962.0279977204393,0.0,119.04462190736332
2026-01-11T14:15:00Z,2026-01-11T14:30:00Z,2026-01-11,2026-01-11_62,-42.0,100,58,0,84.83784487950315,69.77597659627334,0.04331420300897171,24.312571428571427,0.0,True,True,True,False,-1055.88,0.0,101.99068524377543,7.060938943148543,20456.888183173363,0.0,19510.05980736029
2026-01-11T14:30:00Z,2026-01-11T14:45:00Z,2026-01-11,2026-01-11_63,-0.9294208564030303,100,58,0,69.77597659627334,65.8962167453416,0.01178554707894188,3.7714285714285714,0.0,True,True,True,False,-25.47774922614807,0.0,101.99068524377543,7.060938943148543,730.7345743650496,0.0,814.3084493258256
2026-01-11T14:45:00Z,2026-01-11T15:00:00Z,2026-01-11,2026-01-11_64,0.0,100,58,0,65.8962167453416,64.3478260869565,0.004377313733609386,1.437142857142857,0.014914285714285715,True,True,True,False,0.0,0.0,101.99068524377543,7.060938943148543,220.476754938814,-1.113077524711616,328.41530160102633
2026-01-11T15:00:00Z,2026-01-11T15:15:00Z,2026-01-11,2026-01-11_65,0.0,0,0,100,64.3478260869565,64.3478260869565,0.0,0.0,0.0,True,True,True,False,0.0,1024.3284139367618,0.0,0.0,0.0,0.0,1024.3284139367618
2026-01-11T15:15:00Z,2026-01-11T15:30:00Z,2026-01-11,2026-01-11_66,0.0,0,0,100,64.3478260869565,64.3478260869565,0.0,0.0,0.0,True,True,True,False,0.0,1024.3284139367618,0.0,0.0,0.0,0.0,1024.3284139367618
2026-01-11T15:30:00Z,2026-01-11T15:45:00Z,2026-01-11,2026-01-11_67,0.0,0,0,100,64.3478260869565,64.3478260869565,0.0,0.0,0.0,True,True,True,False,0.0,1024.3284139367618,0.0,0.0,0.0,0.0,1024.3284139367618
2026-01-11T15:45:00Z,2026-01-11T16:00:00Z,2026-01-11,2026-01-11_68,0.0,0,0,100,64.3478260869565,64.3478260869565,0.0,0.0,0.0,True,True,True,False,0.0,1024.3284139367618,0.0,0.0,0.0,0.0,1024.3284139367618
2026-01-11T16:00:00Z,2026-01-11T16:15:00Z,2026-01-11,2026-01-11_69,0.0,0,0,100,64.3478260869565,64.3478260869565,0.0,0.0,0.0,True,True,True,False,0.0,1024.3284139367618,0.0,0.0,0.0,0.0,1024.3284139367618
2026-01-11T16:15:00Z,2026-01-11T16:30:00Z,2026-01-11,2026-01-11_70,0.0,0,0,100,64.3478260869565,64.3478260869565,0.0,0.0,0.0,True,True,True,False,0.0,1024.3284139367618,0.0,0.0,0.0,0.0,1024.3284139367618
2026-01-11T16:30:00Z,2026-01-11T16:45:00Z,2026-01-11,2026-01-11_71,0.0,0,0,100,64.3478260869565,64.3478260869565,0.0,0.0,0.0,True,True,True,False,0.0,1024.3284139367618,0.0,0.0,0.0,0.0,1024.3284139367618
2026-01-11T16:45:00Z,2026-01-11T17:00:00Z,2026-01-11,2026-01-11_72,0.0,0,0,100,64.3478260869565,64.3478260869565,0.0,0.0,0.0,True,True,True,False,0.0,1024.3284139367618,0.0,0.0,0.0,0.0,1024.3284139367618
2026-01-11T17:00:00Z,2026-01-11T17:15:00Z,2026-01-11,2026-01-11_73,0.0,0,0,100,64.3478260869565,64.3478260869565,0.0,0.0,0.0,True,True,True,False,0.0,1024.3284139367618,0.0,0.0,0.0,0.0,1024.3284139367618
2026-01-11T17:15:00Z,2026-01-11T17:30:00Z,2026-01-11,2026-01-11_74,0.0,0,0,100,64.3478260869565,64.3478260869565,0.0,0.0,0.0,True,True,True,False,0.0,1024.3284139367618,0.0,0.0,0.0,0.0,1024.3284139367618
2026-01-11T17:30:00Z,2026-01-11T17:45:00Z,2026-01-11,2026-01-11_75,0.0,0,0,100,64.3478260869565,64.3478260869565,0.0,0.0,0.0,True,True,True,False,0.0,1024.3284139367618,0.0,0.0,0.0,0.0,1024.3284139367618
2026-01-11T17:45:00Z,2026-01-11T18:00:00Z,2026-01-11,2026-01-11_76,0.0,0,0,100,64.3478260869565,64.3478260869565,0.0,0.0,0.0,True,True,True,False,0.0,1024.3284139367618,0.0,0.0,0.0,0.0,1024.3284139367618
2026-01-11T18:00:00Z,2026-01-11T18:15:00Z,2026-01-11,2026-01-11_77,0.0,0,0,100,64.3478260869565,64.3478260869565,0.0,0.0,0.0,True,True,True,False,0.0,1024.3284139367618,0.0,0.0,0.0,0.0,1024.3284139367618
2026-01-11T18:15:00Z,2026-01-11T18:30:00Z,2026-01-11,2026-01-11_78,0.0,0,0,100,64.3478260869565,64.3478260869565,0.0,0.0,0.0,True,True,True,False,0.0,1024.3284139367618,0.0,0.0,0.0,0.0,1024.3284139367618
2026-01-11T18:30:00Z,2026-01-11T18:45:00Z,2026-01-11,2026-01-11_79,0.0,0,0,100,64.3478260869565,64.3478260869565,0.0,0.0,0.0,True,True,True,False,0.0,1024.3284139367618,0.0,0.0,0.0,0.0,1024.3284139367618
2026-01-11T18:45:00Z,2026-01-11T19:00:00Z,2026-01-11,2026-01-11_80,0.0,0,0,100,64.3478260869565,64.3478260869565,0.0,0.0,0.0,True,True,True,False,0.0,1024.3284139367618,0.0,0.0,0.0,0.0,1024.3284139367618
2026-01-11T19:00:00Z,2026-01-11T19:15:00Z,2026-01-11,2026-01-11_81,0.0,0,0,100,64.3478260869565,64.3478260869565,0.0,0.0,0.0,True,True,True,False,0.0,1024.3284139367618,0.0,0.0,0.0,0.0,1024.3284139367618
2026-01-11T19:15:00Z,2026-01-11T19:30:00Z,2026-01-11,2026-01-11_82,0.0,0,0,100,64.3478260869565,64.3478260869565,0.0,0.0,0.0,True,True,True,False,0.0,1024.3284139367618,0.0,0.0,0.0,0.0,1024.3284139367618
2026-01-11T19:30:00Z,2026-01-11T19:45:00Z,2026-01-11,2026-01-11_83,0.0,0,0,100,64.3478260869565,64.3478260869565,0.0,0.0,0.0,True,True,True,False,0.0,1024.3284139367618,0.0,0.0,0.0,0.0,1024.3284139367618
2026-01-11T19:45:00Z,2026-01-11T20:00:00Z,2026-01-11,2026-01-11_84,0.0,0,0,100,64.3478260869565,64.3478260869565,0.0,0.0,0.0,True,True,True,False,0.0,1024.3284139367618,0.0,0.0,0.0,0.0,1024.3284139367618
2026-01-11T20:00:00Z,2026-01-11T20:15:00Z,2026-01-11,2026-01-11_85,0.0,0,0,100,64.3478260869565,64.3478260869565,0.0,0.0,0.0,True,True,True,False,0.0,1024.3284139367618,0.0,0.0,0.0,0.0,1024.3284139367618
2026-01-11T20:15:00Z,2026-01-11T20:30:00Z,2026-01-11,2026-01-11_86,0.0,0,0,100,64.3478260869565,64.3478260869565,0.0,0.0,0.0,True,True,True,False,0.0,1024.3284139367618,0.0,0.0,0.0,0.0,1024.3284139367618
2026-01-11T20:30:00Z,2026-01-11T20:45:00Z,2026-01-11,2026-01-11_87,0.0,0,0,100,64.3478260869565,64.3478260869565,0.0,0.0,0.0,True,True,True,False,0.0,1024.3284139367618,0.0,0.0,0.0,0.0,1024.3284139367618
2026-01-11T20:45:00Z,2026-01-11T21:00:00Z,2026-01-11,2026-01-11_88,0.0,0,0,100,64.3478260869565,64.3478260869565,0.0,0.0,0.0,True,True,True,False,0.0,1024.3284139367618,0.0,0.0,0.0,0.0,1024.3284139367618
2026-01-11T21:00:00Z,2026-01-11T21:15:00Z,2026-01-11,2026-01-11_89,0.0,0,0,100,64.3478260869565,64.3478260869565,0.0,0.0,0.0,True,False,True,False,0.0,1024.3284139367618,0.0,0.0,0.0,0.0,1024.3284139367618
2026-01-11T21:15:00Z,2026-01-11T21:30:00Z,2026-01-11,2026-01-11_90,0.0,0,0,100,64.3478260869565,64.3478260869565,0.0,0.0,0.0,True,False,True,False,0.0,1024.3284139367618,0.0,0.0,0.0,0.0,1024.3284139367618
2026-01-11T21:30:00Z,2026-01-11T21:45:00Z,2026-01-11,2026-01-11_91,0.0,0,0,100,64.3478260869565,64.3478260869565,0.0,0.0,0.0,True,False,True,False,0.0,1024.3284139367618,0.0,0.0,0.0,0.0,1024.3284139367618
2026-01-11T21:45:00Z,2026-01-11T22:00:00Z,2026-01-11,2026-01-11_92,0.0,0,0,100,64.3478260869565,64.3478260869565,0.0,0.0,0.0,True,False,True,False,0.0,1024.3284139367618,0.0,0.0,0.0,0.0,1024.3284139367618
2026-01-11T22:00:00Z,2026-01-11T22:15:00Z,2026-01-12,2026-01-11_93,0.0,0,0,100,64.3478260869565,64.3478260869565,0.0,0.0,0.0,True,True,True,False,0.0,1024.3284139367618,0.0,0.0,0.0,0.0,1024.3284139367618
2026-01-11T22:15:00Z,2026-01-11T22:30:00Z,2026-01-12,2026-01-11_94,0.0,0,0,100,64.3478260869565,64.3478260869565,0.0,0.0,0.0,True,True,True,False,0.0,1024.3284139367618,0.0,0.0,0.0,0.0,1024.3284139367618
2026-01-11T22:30:00Z,2026-01-11T22:45:00Z,2026-01-12,2026-01-11_95,0.0,0,0,100,64.3478260869565,64.3478260869565,0.0,0.0,0.0,True,True,True,False,0.0,1024.3284139367618,0.0,0.0,0.0,0.0,1024.3284139367618
2026-01-11T22:45:00Z,2026-01-11T23:00:00Z,2026-01-12,2026-01-11_96,0.0,0,0,100,64.3478260869565,64.3478260869565,0.0,0.0,0.0,True,True,True,False,0.0,1024.3284139367618,0.0,0.0,0.0,0.0,1024.3284139367618
2026-01-11T23:00:00Z,2026-01-11T23:15:00Z,2026-01-12,2026-01-12_1,-3.0,3,0,97,64.3478260869565,64.95994677267079,0.0017003352380952385,0.08465142857142856,0.0,True,True,True,False,-63.5775,993.5985615186588,2.843948356161691,0.0,10.520668585016097,0.0,943.3856784598366
2026-01-11T23:15:00Z,2026-01-11T23:30:00Z,2026-01-12,2026-01-12_2,-3.0,3,0,97,64.95994677267079,65.55834631552793,0.0016622209523809526,0.09956571428571429,0.0,True,True,True,False,-62.137499999999996,993.5985615186588,2.843948356161691,0.0,11.737042053401234,0.0,946.0420519282218
2026-01-11T23:30:00Z,2026-01-11T23:45:00Z,2026-01-12,2026-01-12_3,-3.0,3,0,97,65.55834631552793,66.17015157267079,0.0016994590476190478,0.08499428571428572,0.0,True,True,True,False,-64.3725,993.5985615186588,2.843948356161691,0.0,10.007084593595332,0.0,942.0770944684158
2026-01-11T23:45:00Z,2026-01-12T00:00:00Z,2026-01-12,2026-01-12_4,-3.0000000000000533,3,0,97,66.17015157267079,66.80783774409937,0.0017713504761905105,0.056862857142857146,0.0,True,True,True,False,-69.49500000000123,993.5985615186588,2.843948356161691,0.0,6.69455746598205,0.0,933.6420673408013
2026-01-12T00:00:00Z,2026-01-12T00:15:00Z,2026-01-12,2026-01-12_5,-100.0,100,0,0,66.80783774409937,89.3452091726708,0.06260380952380953,0.5028571428571428,0.0,True,True,True,False,-2139.25,0.0,94.79827853872304,0.0,56.22766409607841,0.0,-1988.2240573651986
2026-01-12T00:15:00Z,2026-01-12T00:30:00Z,2026-01-12,2026-01-12_6,-99.99999999999994,100,0,0,89.3452091726708,110.48155202981366,0.05871206349206346,2.0257142857142854,0.0,True,True,True,False,-2112.749999999999,0.0,94.79827853872304,0.0,264.9164709482354,0.0,-1753.0352505130406
2026-01-12T00:30:00Z,2026-01-12T00:45:00Z,2026-01-12,2026-01-12_7,-100.0,100,0,0,110.48155202981366,126.62991774409937,0.04485657142857143,7.4474285714285715,0.0,True,True,True,False,-2192.75,0.0,94.79827853872304,0.0,1183.959226970683,0.0,-913.992494490594
2026-01-12T00:45:00Z,2026-01-12T01:00:00Z,2026-01-12,2026-01-12_8,-100.0,100,0,0,126.62991774409937,143.87387202981367,0.04789987301587302,6.256571428571428,0.0,True,True,True,False,-2191.75,0.0,94.79827853872304,0.0,978.4027555732728,0.0,-1118.5489658880042
2026-01-12T01:00:00Z,2026-01-12T01:15:00Z,2026-01-12,2026-01-12_9,0.0,0,0,100,143.87387202981367,143.87387202981367,0.0,0.0,0.0,True,True,True,False,0.0,1024.3284139367618,0.0,0.0,0.0,0.0,1024.3284139367618
2026-01-12T01:15:00Z,2026-01-12T01:30:00Z,2026-01-12,2026-01-12_10,0.0,0,0,100,143.87387202981367,143.87387202981367,0.0,0.0,0.0,True,True,True,False,0.0,1024.3284139367618,0.0,0.0,0.0,0.0,1024.3284139367618
2026-01-12T01:30:00Z,2026-01-12T01:45:00Z,2026-01-12,2026-01-12_11,0.0,0,0,100,143.87387202981367,143.87387202981367,0.0,0.0,0.0,True,True,True,False,0.0,1024.3284139367618,0.0,0.0,0.0,0.0,1024.3284139367618
2026-01-12T01:45:00Z,2026-01-12T02:00:00Z,2026-01-12,2026-01-12_12,0.0,0,0,100,143.87387202981367,143.87387202981367,0.0,0.0,0.0,True,True,True,False,0.0,1024.3284139367618,0.0,0.0,0.0,0.0,1024.3284139367618
2026-01-12T02:00:00Z,2026-01-12T02:15:00Z,2026-01-12,2026-01-12_13,0.0,0,0,100,143.87387202981367,143.87387202981367,0.0,0.0,0.0,True,True,True,False,0.0,1024.3284139367618,0.0,0.0,0.0,0.0,1024.3284139367618
2026-01-12T02:15:00Z,2026-01-12T02:30:00Z,2026-01-12,2026-01-12_14,0.0,0,0,100,143.87387202981367,143.87387202981367,0.0,0.0,0.0,True,True,True,False,0.0,1024.3284139367618,0.0,0.0,0.0,0.0,1024.3284139367618
2026-01-12T02:30:00Z,2026-01-12T02:45:00Z,2026-01-12,2026-01-12_15,0.0,0,0,100,143.87387202981367,143.87387202981367,0.0,0.0,0.0,True,True,True,False,0.0,1024.3284139367618,0.0,0.0,0.0,0.0,1024.3284139367618
2026-01-12T02:45:00Z,2026-01-12T03:00:00Z,2026-01-12,2026-01-12_16,0.0,0,0,100,143.87387202981367,143.87387202981367,0.0,0.0,0.0,True,True,True,False,0.0,1024.3284139367618,0.0,0.0,0.0,0.0,1024.3284139367618
2026-01-12T03:00:00Z,2026-01-12T03:15:00Z,2026-01-12,2026-01-12_17,0.0,0,0,100,143.87387202981367,143.87387202981367,0.0,0.0,0.0,True,True,True,False,0.0,1024.3284139367618,0.0,0.0,0.0,0.0,1024.3284139367618
2026-01-12T03:15:00Z,2026-01-12T03:30:00Z,2026-01-12,2026-01-12_18,0.0,0,0,100,143.87387202981367,143.87387202981367,0.0,0.0,0.0,True,True,True,False,0.0,1024.3284139367618,0.0,0.0,0.0,0.0,1024.3284139367618
2026-01-12T03:30:00Z,2026-01-12T03:45:00Z,2026-01-12,2026-01-12_19,0.0,0,0,100,143.87387202981367,143.87387202981367,0.0,0.0,0.0,True,True,True,False,0.0,1024.3284139367618,0.0,0.0,0.0,0.0,1024.3284139367618
2026-01-12T03:45:00Z,2026-01-12T04:00:00Z,2026-01-12,2026-01-12_20,0.0,0,0,100,143.87387202981367,143.87387202981367,0.0,0.0,0.0,True,True,True,False,0.0,1024.3284139367618,0.0,0.0,0.0,0.0,1024.3284139367618
2026-01-12T04:00:00Z,2026-01-12T04:15:00Z,2026-01-12,2026-01-12_21,0.0,0,0,100,143.87387202981367,143.87387202981367,0.0,0.0,0.0,True,True,True,False,0.0,1024.3284139367618,0.0,0.0,0.0,0.0,1024.3284139367618
2026-01-12T04:15:00Z,2026-01-12T04:30:00Z,2026-01-12,2026-01-12_22,0.0,0,0,100,143.87387202981367,143.87387202981367,0.0,0.0,0.0,True,True,True,False,0.0,1024.3284139367618,0.0,0.0,0.0,0.0,1024.3284139367618
2026-01-12T04:30:00Z,2026-01-12T04:45:00Z,2026-01-12,2026-01-12_23,0.0,0,0,100,143.87387202981367,143.87387202981367,0.0,0.0,0.0,True,True,True,False,0.0,1024.3284139367618,0.0,0.0,0.0,0.0,1024.3284139367618
2026-01-12T04:45:00Z,2026-01-12T05:00:00Z,2026-01-12,2026-01-12_24,0.0,0,0,100,143.87387202981367,143.87387202981367,0.0,0.0,0.0,True,True,True,False,0.0,1024.3284139367618,0.0,0.0,0.0,0.0,1024.3284139367618
2026-01-12T05:00:00Z,2026-01-12T05:15:00Z,2026-01-12,2026-01-12_25,0.0,0,0,100,143.87387202981367,143.87387202981367,0.0,0.0,0.0,True,True,True,False,0.0,1024.3284139367618,0.0,0.0,0.0,0.0,1024.3284139367618
2026-01-12T05:15:00Z,2026-01-12T05:30:00Z,2026-01-12,2026-01-12_26,0.0,0,0,100,143.87387202981367,143.87387202981367,0.0,0.0,0.0,True,True,True,False,0.0,1024.3284139367618,0.0,0.0,0.0,0.0,1024.3284139367618
2026-01-12T05:30:00Z,2026-01-12T05:45:00Z,2026-01-12,2026-01-12_27,0.0,0,0,100,143.87387202981367,143.87387202981367,0.0,0.0,0.0,True,True,True,False,0.0,1024.3284139367618,0.0,0.0,0.0,0.0,1024.3284139367618
2026-01-12T05:45:00Z,2026-01-12T06:00:00Z,2026-01-12,2026-01-12_28,0.0,0,0,100,143.87387202981367,143.87387202981367,0.0,0.0,0.0,True,True,True,False,0.0,1024.3284139367618,0.0,0.0,0.0,0.0,1024.3284139367618
2026-01-12T06:00:00Z,2026-01-12T06:15:00Z,2026-01-12,2026-01-12_29,0.0,0,0,100,143.87387202981367,143.87387202981367,0.0,0.0,0.0,True,True,True,False,0.0,1024.3284139367618,0.0,0.0,0.0,0.0,1024.3284139367618
2026-01-12T06:15:00Z,2026-01-12T06:30:00Z,2026-01-12,2026-01-12_30,0.0,0,0,100,143.87387202981367,143.87387202981367,0.0,0.0,0.0,True,True,True,False,0.0,1024.3284139367618,0.0,0.0,0.0,0.0,1024.3284139367618
2026-01-12T06:30:00Z,2026-01-12T06:45:00Z,2026-01-12,2026-01-12_31,0.0,0,0,100,143.87387202981367,143.87387202981367,0.0,0.0,0.0,True,True,True,False,0.0,1024.3284139367618,0.0,0.0,0.0,0.0,1024.3284139367618
2026-01-12T06:45:00Z,2026-01-12T07:00:00Z,2026-01-12,2026-01-12_32,0.0,0,0,100,143.87387202981367,143.87387202981367,0.0,0.0,0.0,True,True,True,False,0.0,1024.3284139367618,0.0,0.0,0.0,0.0,1024.3284139367618
2026-01-12T07:00:00Z,2026-01-12T07:15:00Z,2026-01-12,2026-01-12_33,0.0,100,0,0,143.87387202981367,131.9328782409938,0.03316942719116632,10.985714285714286,0.0,True,True,True,False,0.0,0.0,109.09466071884763,0.0,2698.547549331993,0.0,2807.6422100508407
2026-01-12T07:15:00Z,2026-01-12T07:30:00Z,2026-01-12,2026-01-12_34,0.0,100,0,0,131.9328782409938,118.1192136447205,0.038371290545203586,12.708571428571428,0.0,True,True,True,False,0.0,0.0,109.09466071884763,0.0,6784.0600456473585,0.0,6893.1547063662065
2026-01-12T07:30:00Z,2026-01-12T07:45:00Z,2026-01-12,2026-01-12_35,0.0,100,0,0,118.1192136447205,91.93225712298138,0.0727415458937198,24.092,0.0,True,True,True,False,0.0,0.0,109.09466071884763,0.0,26173.77283235404,0.0,26282.86749307289
2026-01-12T07:45:00Z,2026-01-12T08:00:00Z,2026-01-12,2026-01-12_36,-100.0,100,0,0,91.93225712298138,98.72921712298138,0.018880444444444446,17.612,0.0,True,True,True,False,-5866.5,0.0,109.09466071884763,0.0,13617.647407785877,0.0,7860.242068504725
2026-01-12T08:00:00Z,2026-01-12T08:15:00Z,2026-01-12,2026-01-12_37,0.0,0,0,100,98.72921712298138,98.72921712298138,0.0,0.0,0.0,True,True,True,False,0.0,1024.3284139367618,0.0,0.0,0.0,0.0,1024.3284139367618
2026-01-12T08:15:00Z,2026-01-12T08:30:00Z,2026-01-12,2026-01-12_38,0.0,0,0,100,98.72921712298138,98.72921712298138,0.0,0.0,0.0,True,True,True,False,0.0,1024.3284139367618,0.0,0.0,0.0,0.0,1024.3284139367618
2026-01-12T08:30:00Z,2026-01-12T08:45:00Z,2026-01-12,2026-01-12_39,0.0,0,0,100,98.72921712298138,98.72921712298138,0.0,0.0,0.0,True,True,True,False,0.0,1024.3284139367618,0.0,0.0,0.0,0.0,1024.3284139367618
2026-01-12T08:45:00Z,2026-01-12T09:00:00Z,2026-01-12,2026-01-12_40,0.0,0,0,100,98.72921712298138,98.72921712298138,0.0,0.0,0.0,True,True,True,False,0.0,1024.3284139367618,0.0,0.0,0.0,0.0,1024.3284139367618
2026-01-12T09:00:00Z,2026-01-12T09:15:00Z,2026-01-12,2026-01-12_41,1.6653345369377348e-14,100,0,0,98.72921712298138,96.47331650186337,0.006266390614216713,2.0754285714285716,0.0,True,True,True,False,9.81464909344254e-13,0.0,96.507948985006,0.0,324.5641231973364,0.0,421.0720721823434
2026-01-12T09:15:00Z,2026-01-12T09:30:00Z,2026-01-12,2026-01-12_42,-1.0390239393502823e-13,100,0,0,96.47331650186337,96.12486929689445,0.000967908902691576,0.3205714285714286,0.0,True,True,True,False,-5.747101164531249e-12,0.0,96.507948985006,0.0,46.4558630466945,0.0,142.96381203169474
2026-01-12T09:30:00Z,2026-01-12T09:45:00Z,2026-01-12,2026-01-12_43,-7.562098292694639,100,0,0,96.12486929689445,87.6223999999999,0.029596022628811728,9.533142857142856,0.0,True,True,True,False,-435.2176619903082,0.0,96.507948985006,0.0,3032.9321100814404,0.0,2694.2223970761383
2026-01-12T09:45:00Z,2026-01-12T10:00:00Z,2026-01-12,2026-01-12_44,-100.0,100,0,0,87.6223999999999,90.50541714285704,0.008008380952380956,21.866285714285713,0.0,True,True,True,False,-5401.5,0.0,96.507948985006,0.0,23181.287964762254,0.0,17876.29591374726
2026-01-12T10:00:00Z,2026-01-12T10:15:00Z,2026-01-12,2026-01-12_45,-100.0,100,0,0,90.50541714285704,91.17254857142846,0.001853142857142858,24.274857142857144,0.0,True,True,True,False,-5607.5,0.0,96.507948985006,0.0,27553.272316982442,0.0,22042.28026596745
2026-01-12T10:15:00Z,2026-01-12T10:30:00Z,2026-01-12,2026-01-12_46,-100.0,100,0,0,91.17254857142846,108.97060571428561,0.04943904761904762,5.654285714285714,0.0,True,True,True,False,-5455.5,0.0,96.507948985006,0.0,2514.5265369488134,0.0,-2844.4655140661807
2026-01-12T10:30:00Z,2026-01-12T10:45:00Z,2026-01-12,2026-01-12_47,-100.0,100,0,0,108.97060571428561,125.71513142857133,0.04651257142857142,6.799428571428572,0.0,True,True,True,False,-5507.25,0.0,96.507948985006,0.0,1903.2854845329566,0.0,-3507.4565664820375
2026-01-12T10:45:00Z,2026-01-12T11:00:00Z,2026-01-12,2026-01-12_48,-100.0,100,0,0,125.71513142857133,143.9999999999999,0.0507913015873016,5.125142857142857,0.0,True,True,True,False,-5267.0,0.0,96.507948985006,0.0,809.4275178897781,0.0,-4361.064533125216
2026-01-12T11:00:00Z,2026-01-12T11:15:00Z,2026-01-12,2026-01-12_49,0.0,0,0,100,143.9999999999999,143.9999999999999,0.0,0.0,0.0,True,True,True,False,0.0,1024.3284139367618,0.0,0.0,0.0,0.0,1024.3284139367618
2026-01-12T11:15:00Z,2026-01-12T11:30:00Z,2026-01-12,2026-01-12_50,0.0,0,0,100,143.9999999999999,143.9999999999999,0.0,0.0,0.0,True,True,True,False,0.0,1024.3284139367618,0.0,0.0,0.0,0.0,1024.3284139367618
2026-01-12T11:30:00Z,2026-01-12T11:45:00Z,2026-01-12,2026-01-12_51,0.0,0,0,100,143.9999999999999,143.9999999999999,0.0,0.0,0.0,True,True,True,False,0.0,1024.3284139367618,0.0,0.0,0.0,0.0,1024.3284139367618
2026-01-12T11:45:00Z,2026-01-12T12:00:00Z,2026-01-12,2026-01-12_52,0.0,0,0,100,143.9999999999999,143.9999999999999,0.0,0.0,0.0,True,True,True,False,0.0,1024.3284139367618,0.0,0.0,0.0,0.0,1024.3284139367618
2026-01-12T12:00:00Z,2026-01-12T12:15:00Z,2026-01-12,2026-01-12_53,2.4049392456679856e-14,0,0,100,143.9999999999999,143.9999999999999,1.8153224982397236e-17,0.0,0.0,True,True,True,False,1.5026661641744992e-12,1024.3284139367618,0.0,0.0,0.0,0.0,1024.3284139367634
2026-01-12T12:15:00Z,2026-01-12T12:30:00Z,2026-01-12,2026-01-12_54,-1.4210854715202004e-14,0,0,100,143.9999999999999,143.9999999999999,9.079157179156836e-18,0.0,0.0,True,True,True,False,-8.809308837953722e-13,1024.3284139367618,0.0,0.0,0.0,0.0,1024.3284139367609
2026-01-12T12:30:00Z,2026-01-12T12:45:00Z,2026-01-12,2026-01-12_55,0.0,0,0,100,143.9999999999999,143.9999999999999,0.0,0.0,0.0,True,True,True,False,0.0,1024.3284139367618,0.0,0.0,0.0,0.0,1024.3284139367618
2026-01-12T12:45:00Z,2026-01-12T13:00:00Z,2026-01-12,2026-01-12_56,-1.4210854715202004e-14,0,0,100,143.9999999999999,143.9999999999999,9.079157179156836e-18,0.0,0.0,True,True,True,False,-8.235545578827441e-13,1024.3284139367618,0.0,0.0,0.0,0.0,1024.3284139367609
2026-01-12T13:00:00Z,2026-01-12T13:15:00Z,2026-01-12,2026-01-12_57,0.0,0,0,100,143.9999999999999,143.9999999999999,0.0,0.0,0.0,True,False,True,False,0.0,1024.3284139367618,0.0,0.0,0.0,0.0,1024.3284139367618
2026-01-12T13:15:00Z,2026-01-12T13:30:00Z,2026-01-12,2026-01-12_58,0.0,0,0,100,143.9999999999999,143.9999999999999,0.0,0.0,0.0,True,False,True,False,0.0,1024.3284139367618,0.0,0.0,0.0,0.0,1024.3284139367618
2026-01-12T13:30:00Z,2026-01-12T13:45:00Z,2026-01-12,2026-01-12_59,0.0,0,0,100,143.9999999999999,143.9999999999999,0.0,0.0,0.0,True,False,True,False,0.0,1024.3284139367618,0.0,0.0,0.0,0.0,1024.3284139367618
2026-01-12T13:45:00Z,2026-01-12T14:00:00Z,2026-01-12,2026-01-12_60,0.0,0,0,100,143.9999999999999,143.9999999999999,0.0,0.0,0.0,True,False,True,False,0.0,1024.3284139367618,0.0,0.0,0.0,0.0,1024.3284139367618
2026-01-12T14:00:00Z,2026-01-12T14:15:00Z,2026-01-12,2026-01-12_61,0.0,0,0,100,143.9999999999999,143.9999999999999,0.0,0.0,0.0,True,True,True,False,0.0,1024.3284139367618,0.0,0.0,0.0,0.0,1024.3284139367618
2026-01-12T14:15:00Z,2026-01-12T14:30:00Z,2026-01-12,2026-01-12_62,0.0,0,0,100,143.9999999999999,143.9999999999999,0.0,0.0,0.0,True,True,True,False,0.0,1024.3284139367618,0.0,0.0,0.0,0.0,1024.3284139367618
2026-01-12T14:30:00Z,2026-01-12T14:45:00Z,2026-01-12,2026-01-12_63,0.0,0,0,100,143.9999999999999,143.9999999999999,0.0,0.0,0.0,True,True,True,False,0.0,1024.3284139367618,0.0,0.0,0.0,0.0,1024.3284139367618
2026-01-12T14:45:00Z,2026-01-12T15:00:00Z,2026-01-12,2026-01-12_64,0.0,0,0,100,143.9999999999999,143.9999999999999,0.0,0.0,0.0,True,True,True,False,0.0,1024.3284139367618,0.0,0.0,0.0,0.0,1024.3284139367618
2026-01-12T15:00:00Z,2026-01-12T15:15:00Z,2026-01-12,2026-01-12_65,0.0,0,71,29,143.9999999999999,144.0033593142856,9.33142857142857e-06,0.0,0.003651428571428571,True,True,True,False,0.0,297.0552400416609,0.0,8.748206811169846,0.0,-0.2906102877804884,305.5128365650503
2026-01-12T15:15:00Z,2026-01-12T15:30:00Z,2026-01-12,2026-01-12_66,71.0,0,71,29,144.0033593142856,124.70988105341604,0.05359299516908212,0.0,0.0,True,True,True,False,6229.3625,297.0552400416609,0.0,8.748206811169846,0.0,0.0,6535.1659468528305
2026-01-12T15:30:00Z,2026-01-12T15:45:00Z,2026-01-12,2026-01-12_67,71.0,0,71,29,124.70988105341604,105.41640279254646,0.05359299516908213,0.0,0.0,True,True,True,False,6976.282499999999,297.0552400416609,0.0,8.748206811169846,0.0,0.0,7282.08594685283
2026-01-12T15:45:00Z,2026-01-12T16:00:00Z,2026-01-12,2026-01-12_68,70.9999999999999,0,71,29,105.41640279254646,86.12292453167693,0.05359299516908205,0.0,0.0,True,True,True,False,7182.35999999999,297.0552400416609,0.0,8.748206811169846,0.0,0.0,7488.16344685282
2026-01-12T16:00:00Z,2026-01-12T16:15:00Z,2026-01-12,2026-01-12_69,0.0,0,0,100,86.12292453167693,86.12292453167693,0.0,0.0,0.0,True,True,True,False,0.0,1024.3284139367618,0.0,0.0,0.0,0.0,1024.3284139367618
2026-01-12T16:15:00Z,2026-01-12T16:30:00Z,2026-01-12,2026-01-12_70,0.0,0,0,100,86.12292453167693,86.12292453167693,0.0,0.0,0.0,True,True,True,False,0.0,1024.3284139367618,0.0,0.0,0.0,0.0,1024.3284139367618
2026-01-12T16:30:00Z,2026-01-12T16:45:00Z,2026-01-12,2026-01-12_71,0.0,0,0,100,86.12292453167693,86.12292453167693,0.0,0.0,0.0,True,True,True,False,0.0,1024.3284139367618,0.0,0.0,0.0,0.0,1024.3284139367618
2026-01-12T16:45:00Z,2026-01-12T17:00:00Z,2026-01-12,2026-01-12_72,0.0,0,0,100,86.12292453167693,86.12292453167693,0.0,0.0,0.0,True,True,True,False,0.0,1024.3284139367618,0.0,0.0,0.0,0.0,1024.3284139367618
2026-01-12T17:00:00Z,2026-01-12T17:15:00Z,2026-01-12,2026-01-12_73,0.0,0,0,100,86.12292453167693,86.12292453167693,0.0,0.0,0.0,True,True,True,False,0.0,1024.3284139367618,0.0,0.0,0.0,0.0,1024.3284139367618
2026-01-12T17:15:00Z,2026-01-12T17:30:00Z,2026-01-12,2026-01-12_74,0.0,0,0,100,86.12292453167693,86.12292453167693,0.0,0.0,0.0,True,True,True,False,0.0,1024.3284139367618,0.0,0.0,0.0,0.0,1024.3284139367618
2026-01-12T17:30:00Z,2026-01-12T17:45:00Z,2026-01-12,2026-01-12_75,0.0,0,0,100,86.12292453167693,86.12292453167693,0.0,0.0,0.0,True,True,True,False,0.0,1024.3284139367618,0.0,0.0,0.0,0.0,1024.3284139367618
2026-01-12T17:45:00Z,2026-01-12T18:00:00Z,2026-01-12,2026-01-12_76,0.0,0,0,100,86.12292453167693,86.12292453167693,0.0,0.0,0.0,True,True,True,False,0.0,1024.3284139367618,0.0,0.0,0.0,0.0,1024.3284139367618
2026-01-12T18:00:00Z,2026-01-12T18:15:00Z,2026-01-12,2026-01-12_77,79.99999999999999,0,0,20,86.12292453167693,64.38379409689432,0.060386473429951674,0.0,0.0,True,False,True,False,7074.4,204.86568278735234,0.0,0.0,0.0,0.0,7279.265682787352
2026-01-12T18:15:00Z,2026-01-12T18:30:00Z,2026-01-12,2026-01-12_78,80.0000000000004,0,0,20,64.38379409689432,42.644663662111604,0.06038647342995199,0.0,0.0,True,False,True,False,7074.400000000036,204.86568278735234,0.0,0.0,0.0,0.0,7279.265682787388
2026-01-12T18:30:00Z,2026-01-12T18:45:00Z,2026-01-12,2026-01-12_79,80.0,0,0,20,42.644663662111604,20.905533227328995,0.060386473429951695,0.0,0.0,True,False,True,False,6681.4,204.86568278735234,0.0,0.0,0.0,0.0,6886.265682787352
2026-01-12T18:45:00Z,2026-01-12T19:00:00Z,2026-01-12,2026-01-12_80,-79.99999999999999,0,0,20,20.905533227328995,39.30553322732899,0.05111111111111111,0.0,0.0,True,False,True,False,-4351.799999999999,204.86568278735234,0.0,0.0,0.0,0.0,-4146.934317212647
2026-01-12T19:00:00Z,2026-01-12T19:15:00Z,2026-01-12,2026-01-12_81,100.0,0,100,0,39.30553322732899,18.368266146583654,0.05815907522429261,0.0,5.737714285714286,True,True,True,False,8597.25,0.0,0.0,12.262463890581092,0.0,-352.4036980536707,8257.10876583691
2026-01-12T19:15:00Z,2026-01-12T19:30:00Z,2026-01-12,2026-01-12_82,99.4937587927721,0,100,0,18.368266146583654,9.999999999999863,0.023689915516079782,0.0,17.188,True,True,True,False,7331.943819836358,0.0,0.0,12.262463890581092,0.0,9065.426169355631,16409.63245308257
2026-01-12T19:30:00Z,2026-01-12T19:45:00Z,2026-01-12,2026-01-12_83,9.485425223661446,0,100,0,9.999999999999863,9.999999999999863,0.012742153345657006,0.0,2.7542857142857144,True,True,True,False,485.7723392667618,0.0,0.0,12.262463890581092,0.0,-165.48284630652228,332.5519568508206
2026-01-12T19:45:00Z,2026-01-12T20:00:00Z,2026-01-12,2026-01-12_84,0.0,0,100,0,9.999999999999863,10.111977142857006,0.0003110476190476191,0.0,0.12171428571428572,True,True,True,False,0.0,0.0,0.0,12.262463890581092,0.0,-9.806602303703725,2.4558615868773668
2026-01-12T20:00:00Z,2026-01-12T20:15:00Z,2026-01-12,2026-01-12_85,-98.99077873886033,100,0,0,10.111977142857006,22.597012153946295,0.03536057123171768,11.15657142857143,0.0,True,True,True,False,-4631.28358329758,0.0,94.56246192544263,0.0,6829.986949010273,0.0,2293.2658276381358
2026-01-12T20:15:00Z,2026-01-12T20:30:00Z,2026-01-12,2026-01-12_86,-100.0,100,0,0,22.597012153946295,40.86610929680344,0.05074749206349206,5.142285714285714,0.0,True,True,True,False,-4110.0,0.0,94.56246192544263,0.0,1013.0900080570675,0.0,-3002.34753001749
2026-01-12T20:30:00Z,2026-01-12T20:45:00Z,2026-01-12,2026-01-12_87,-100.0,100,0,0,40.86610929680344,63.79618929680343,0.06369466666666668,0.076,0.0,True,True,True,False,-3751.75,0.0,94.56246192544263,0.0,11.058226266040442,0.0,-3646.129311808517
2026-01-12T20:45:00Z,2026-01-12T21:00:00Z,2026-01-12,2026-01-12_88,-99.99999999999997,100,0,0,63.79618929680343,81.63840643966057,0.049561714285714285,5.606285714285715,0.0,True,True,True,False,-3325.2499999999986,0.0,94.56246192544263,0.0,1043.7318194655386,0.0,-2186.9557186090174
2026-01-12T21:00:00Z,2026-01-12T21:15:00Z,2026-01-12,2026-01-12_89,-100.0,100,0,0,81.63840643966057,94.62828072537485,0.03608298412698413,10.880571428571429,0.0,True,True,True,False,-3415.0,0.0,94.79827853872304,0.0,2257.8548805897663,0.0,-1062.3468408715107
2026-01-12T21:15:00Z,2026-01-12T21:30:00Z,2026-01-12,2026-01-12_90,-100.0,100,0,0,94.62828072537485,107.73013215394629,0.03639403174603175,10.758857142857142,0.0,True,True,True,False,-3243.0,0.0,94.79827853872304,0.0,2490.347611879542,0.0,-657.854109581735
2026-01-12T21:30:00Z,2026-01-12T21:45:00Z,2026-01-12,2026-01-12_91,-100.0,100,0,0,107.73013215394629,129.2213321539463,0.05969777777777779,1.6400000000000001,0.0,True,True,True,False,-3173.5,0.0,94.79827853872304,0.0,256.76875429874036,0.0,-2821.9329671625364
2026-01-12T21:45:00Z,2026-01-12T22:00:00Z,2026-01-12,2026-01-12_92,-100.0,100,0,0,129.2213321539463,152.12092072537484,0.06360996825396825,0.10914285714285715,0.0,True,True,True,False,-2972.75,0.0,94.79827853872304,0.0,15.711685555390236,0.0,-2862.2400359058865
2026-01-12T22:00:00Z,2026-01-12T22:15:00Z,2026-01-13,2026-01-12_93,10.0,8,18,82,152.12092072537484,148.96661016636864,0.008761973775017253,0.40196571428571426,0.0,True,True,True,False,305.79999999999995,839.8007701980509,7.106255894372839,1.994655768626218,71.28470528584901,0.0,1225.986387146899
2026-01-12T22:15:00Z,2026-01-12T22:30:00Z,2026-01-13,2026-01-12_94,10.0,8,18,82,148.96661016636864,146.27851728686554,0.007536318951000689,0.0015085714285714286,0.03054857142857143,True,True,True,False,291.975,839.8007701980509,7.106255894372839,1.994655768626218,0.20838002425113394,-2.0925675394080927,1138.992494345893
2026-01-12T22:30:00Z,2026-01-12T22:45:00Z,2026-01-13,2026-01-12_95,10.0,8,18,82,146.27851728686554,143.85700173903948,0.007401449220151829,0.004662857142857142,0.2971542857142857,True,True,True,False,278.9,839.8007701980509,7.106255894372839,1.994655768626218,0.6763369111240849,-18.022043108636097,1110.4559756635379
2026-01-12T22:45:00Z,2026-01-12T23:00:00Z,2026-01-13,2026-01-12_96,7.943662370814934,8,18,82,143.85700173903948,144.00000000000003,0.0062168135197410235,0.0,2.3162399999999996,True,True,True,False,201.51085519164783,839.8007701980509,7.106255894372839,1.994655768626218,0.0,69.03392763281987,1119.4464646855176
2026-01-12T23:00:00Z,2026-01-12T23:15:00Z,2026-01-13,2026-01-13_1,0.0,0,0,100,144.00000000000003,144.00000000000003,0.0,0.0,0.0,True,True,True,False,0.0,1024.1472807293305,0.0,0.0,0.0,0.0,1024.1472807293305
2026-01-12T23:15:00Z,2026-01-12T23:30:00Z,2026-01-13,2026-01-13_2,0.0,0,0,100,144.00000000000003,144.00000000000003,0.0,0.0,0.0,True,True,True,False,0.0,1024.1472807293305,0.0,0.0,0.0,0.0,1024.1472807293305
2026-01-12T23:30:00Z,2026-01-12T23:45:00Z,2026-01-13,2026-01-13_3,0.0,0,0,100,144.00000000000003,144.00000000000003,0.0,0.0,0.0,True,True,True,False,0.0,1024.1472807293305,0.0,0.0,0.0,0.0,1024.1472807293305
2026-01-12T23:45:00Z,2026-01-13T00:00:00Z,2026-01-13,2026-01-13_4,0.0,0,0,100,144.00000000000003,144.00000000000003,0.0,0.0,0.0,True,True,True,False,0.0,1024.1472807293305,0.0,0.0,0.0,0.0,1024.1472807293305
2026-01-13T00:00:00Z,2026-01-13T00:15:00Z,2026-01-13,2026-01-13_5,0.0,0,0,100,144.00000000000003,144.00000000000003,0.0,0.0,0.0,True,True,True,False,0.0,1024.1472807293305,0.0,0.0,0.0,0.0,1024.1472807293305
2026-01-13T00:15:00Z,2026-01-13T00:30:00Z,2026-01-13,2026-01-13_6,0.0,0,0,100,144.00000000000003,144.00000000000003,0.0,0.0,0.0,True,True,True,False,0.0,1024.1472807293305,0.0,0.0,0.0,0.0,1024.1472807293305
2026-01-13T00:30:00Z,2026-01-13T00:45:00Z,2026-01-13,2026-01-13_7,0.0,0,0,100,144.00000000000003,144.00000000000003,0.0,0.0,0.0,True,True,True,False,0.0,1024.1472807293305,0.0,0.0,0.0,0.0,1024.1472807293305
2026-01-13T00:45:00Z,2026-01-13T01:00:00Z,2026-01-13,2026-01-13_8,0.0,0,0,100,144.00000000000003,144.00000000000003,0.0,0.0,0.0,True,True,True,False,0.0,1024.1472807293305,0.0,0.0,0.0,0.0,1024.1472807293305
2026-01-13T01:00:00Z,2026-01-13T01:15:00Z,2026-01-13,2026-01-13_9,0.0,0,0,100,144.00000000000003,144.00000000000003,0.0,0.0,0.0,True,True,True,False,0.0,1024.1472807293305,0.0,0.0,0.0,0.0,1024.1472807293305
2026-01-13T01:15:00Z,2026-01-13T01:30:00Z,2026-01-13,2026-01-13_10,0.0,0,0,100,144.00000000000003,144.00000000000003,0.0,0.0,0.0,True,True,True,False,0.0,1024.1472807293305,0.0,0.0,0.0,0.0,1024.1472807293305
2026-01-13T01:30:00Z,2026-01-13T01:45:00Z,2026-01-13,2026-01-13_11,0.0,0,0,100,144.00000000000003,144.00000000000003,0.0,0.0,0.0,True,True,True,False,0.0,1024.1472807293305,0.0,0.0,0.0,0.0,1024.1472807293305
2026-01-13T01:45:00Z,2026-01-13T02:00:00Z,2026-01-13,2026-01-13_12,0.0,0,0,100,144.00000000000003,144.00000000000003,0.0,0.0,0.0,True,True,True,False,0.0,1024.1472807293305,0.0,0.0,0.0,0.0,1024.1472807293305
2026-01-13T02:00:00Z,2026-01-13T02:15:00Z,2026-01-13,2026-01-13_13,0.0,0,0,100,144.00000000000003,144.00000000000003,0.0,0.0,0.0,True,True,True,False,0.0,1024.1472807293305,0.0,0.0,0.0,0.0,1024.1472807293305
2026-01-13T02:15:00Z,2026-01-13T02:30:00Z,2026-01-13,2026-01-13_14,0.0,0,0,100,144.00000000000003,144.00000000000003,0.0,0.0,0.0,True,True,True,False,0.0,1024.1472807293305,0.0,0.0,0.0,0.0,1024.1472807293305
2026-01-13T02:30:00Z,2026-01-13T02:45:00Z,2026-01-13,2026-01-13_15,0.0,0,0,100,144.00000000000003,144.00000000000003,0.0,0.0,0.0,True,True,True,False,0.0,1024.1472807293305,0.0,0.0,0.0,0.0,1024.1472807293305
2026-01-13T02:45:00Z,2026-01-13T03:00:00Z,2026-01-13,2026-01-13_16,0.0,0,0,100,144.00000000000003,144.00000000000003,0.0,0.0,0.0,True,True,True,False,0.0,1024.1472807293305,0.0,0.0,0.0,0.0,1024.1472807293305
2026-01-13T03:00:00Z,2026-01-13T03:15:00Z,2026-01-13,2026-01-13_17,0.0,0,0,100,144.00000000000003,144.00000000000003,0.0,0.0,0.0,True,True,True,False,0.0,1024.1472807293305,0.0,0.0,0.0,0.0,1024.1472807293305
2026-01-13T03:15:00Z,2026-01-13T03:30:00Z,2026-01-13,2026-01-13_18,0.0,0,0,100,144.00000000000003,144.00000000000003,0.0,0.0,0.0,True,True,True,False,0.0,1024.1472807293305,0.0,0.0,0.0,0.0,1024.1472807293305
2026-01-13T03:30:00Z,2026-01-13T03:45:00Z,2026-01-13,2026-01-13_19,0.0,0,0,100,144.00000000000003,144.00000000000003,0.0,0.0,0.0,True,True,True,False,0.0,1024.1472807293305,0.0,0.0,0.0,0.0,1024.1472807293305
2026-01-13T03:45:00Z,2026-01-13T04:00:00Z,2026-01-13,2026-01-13_20,0.0,0,0,100,144.00000000000003,144.00000000000003,0.0,0.0,0.0,True,True,True,False,0.0,1024.1472807293305,0.0,0.0,0.0,0.0,1024.1472807293305
2026-01-13T04:00:00Z,2026-01-13T04:15:00Z,2026-01-13,2026-01-13_21,-100.0,100,0,0,144.00000000000003,161.47632000000004,0.048545333333333336,6.004,0.0,True,True,True,False,-2730.0,0.0,88.82819867966049,0.0,1070.9748247406476,0.0,-1570.1969765796919
2026-01-13T04:15:00Z,2026-01-13T04:30:00Z,2026-01-13,2026-01-13_22,-100.00000000000001,100,0,0,161.47632000000004,179.51620571428577,0.050110793650793656,5.391428571428572,0.0,True,True,True,False,-2889.5000000000005,0.0,88.82819867966049,0.0,880.2500769075315,0.0,-1920.4217244128085
2026-01-13T04:30:00Z,2026-01-13T04:45:00Z,2026-01-13,2026-01-13_23,-61.35493937295673,100,0,0,179.51620571428577,182.00993788819878,0.03446530666007826,11.800571428571429,0.0,True,True,True,False,-2451.743377343351,0.0,88.82819867966049,0.0,2291.0349425158306,0.0,-71.88023614785976
2026-01-13T04:45:00Z,2026-01-13T05:00:00Z,2026-01-13,2026-01-13_24,0.0,100,0,0,182.00993788819878,167.00000000000003,0.04169427191166322,13.80914285714286,0.0,True,True,True,False,0.0,0.0,88.82819867966049,0.0,8521.499528674722,0.0,8610.327727354383
2026-01-13T05:00:00Z,2026-01-13T05:15:00Z,2026-01-13,2026-01-13_25,-100.0,0,0,0,167.00000000000003,190.00000000000003,0.06388888888888888,0.0,0.0,True,False,True,False,-3202.7500000000005,0.0,0.0,0.0,0.0,0.0,-3202.7500000000005
2026-01-13T05:15:00Z,2026-01-13T05:30:00Z,2026-01-13,2026-01-13_26,0.0,0,0,0,190.00000000000003,190.00000000000003,0.0,0.0,0.0,True,False,True,False,0.0,0.0,0.0,0.0,0.0,0.0,0.0
2026-01-13T05:30:00Z,2026-01-13T05:45:00Z,2026-01-13,2026-01-13_27,69.27999999999997,0,0,0,190.00000000000003,171.1739130434783,0.052294685990338145,0.0,0.0,True,False,True,False,4407.420399999998,0.0,0.0,0.0,0.0,0.0,4407.420399999998
2026-01-13T05:45:00Z,2026-01-13T06:00:00Z,2026-01-13,2026-01-13_28,100.0,0,0,0,171.1739130434783,144.00000000000006,0.0754830917874396,0.0,0.0,True,False,True,False,9214.5,0.0,0.0,0.0,0.0,0.0,9214.5
2026-01-13T06:00:00Z,2026-01-13T06:15:00Z,2026-01-13,2026-01-13_29,0.0,0,0,100,144.00000000000006,144.00000000000006,0.0,0.0,0.0,True,True,True,False,0.0,1024.1472807293305,0.0,0.0,0.0,0.0,1024.1472807293305
2026-01-13T06:15:00Z,2026-01-13T06:30:00Z,2026-01-13,2026-01-13_30,0.0,0,0,100,144.00000000000006,144.00000000000006,0.0,0.0,0.0,True,True,True,False,0.0,1024.1472807293305,0.0,0.0,0.0,0.0,1024.1472807293305
2026-01-13T06:30:00Z,2026-01-13T06:45:00Z,2026-01-13,2026-01-13_31,0.0,0,0,100,144.00000000000006,144.00000000000006,0.0,0.0,0.0,True,True,True,False,0.0,1024.1472807293305,0.0,0.0,0.0,0.0,1024.1472807293305
2026-01-13T06:45:00Z,2026-01-13T07:00:00Z,2026-01-13,2026-01-13_32,0.0,0,0,100,144.00000000000006,144.00000000000006,0.0,0.0,0.0,True,True,True,False,0.0,1024.1472807293305,0.0,0.0,0.0,0.0,1024.1472807293305
2026-01-13T07:00:00Z,2026-01-13T07:15:00Z,2026-01-13,2026-01-13_33,0.0,0,0,100,144.00000000000006,144.00000000000006,0.0,0.0,0.0,True,True,True,False,0.0,1024.1472807293305,0.0,0.0,0.0,0.0,1024.1472807293305
2026-01-13T07:15:00Z,2026-01-13T07:30:00Z,2026-01-13,2026-01-13_34,0.0,0,0,100,144.00000000000006,144.00000000000006,0.0,0.0,0.0,True,True,True,False,0.0,1024.1472807293305,0.0,0.0,0.0,0.0,1024.1472807293305
2026-01-13T07:30:00Z,2026-01-13T07:45:00Z,2026-01-13,2026-01-13_35,0.0,0,0,100,144.00000000000006,144.00000000000006,0.0,0.0,0.0,True,True,True,False,0.0,1024.1472807293305,0.0,0.0,0.0,0.0,1024.1472807293305
2026-01-13T07:45:00Z,2026-01-13T08:00:00Z,2026-01-13,2026-01-13_36,0.0,0,0,100,144.00000000000006,144.00000000000006,0.0,0.0,0.0,True,True,True,False,0.0,1024.1472807293305,0.0,0.0,0.0,0.0,1024.1472807293305
2026-01-13T08:00:00Z,2026-01-13T08:15:00Z,2026-01-13,2026-01-13_37,0.0,0,0,100,144.00000000000006,144.00000000000006,0.0,0.0,0.0,True,True,True,False,0.0,1024.1472807293305,0.0,0.0,0.0,0.0,1024.1472807293305
2026-01-13T08:15:00Z,2026-01-13T08:30:00Z,2026-01-13,2026-01-13_38,0.0,0,0,100,144.00000000000006,144.00000000000006,0.0,0.0,0.0,True,True,True,False,0.0,1024.1472807293305,0.0,0.0,0.0,0.0,1024.1472807293305
2026-01-13T08:30:00Z,2026-01-13T08:45:00Z,2026-01-13,2026-01-13_39,0.0,0,0,100,144.00000000000006,144.00000000000006,0.0,0.0,0.0,True,True,True,False,0.0,1024.1472807293305,0.0,0.0,0.0,0.0,1024.1472807293305
2026-01-13T08:45:00Z,2026-01-13T09:00:00Z,2026-01-13,2026-01-13_40,0.0,0,0,100,144.00000000000006,144.00000000000006,0.0,0.0,0.0,True,True,True,False,0.0,1024.1472807293305,0.0,0.0,0.0,0.0,1024.1472807293305
2026-01-13T09:00:00Z,2026-01-13T09:15:00Z,2026-01-13,2026-01-13_41,0.0,0,0,100,144.00000000000006,144.00000000000006,0.0,0.0,0.0,True,True,True,False,0.0,1024.1472807293305,0.0,0.0,0.0,0.0,1024.1472807293305
2026-01-13T09:15:00Z,2026-01-13T09:30:00Z,2026-01-13,2026-01-13_42,0.0,0,0,100,144.00000000000006,144.00000000000006,0.0,0.0,0.0,True,True,True,False,0.0,1024.1472807293305,0.0,0.0,0.0,0.0,1024.1472807293305
2026-01-13T09:30:00Z,2026-01-13T09:45:00Z,2026-01-13,2026-01-13_43,0.0,0,0,100,144.00000000000006,144.00000000000006,0.0,0.0,0.0,True,True,True,False,0.0,1024.1472807293305,0.0,0.0,0.0,0.0,1024.1472807293305
2026-01-13T09:45:00Z,2026-01-13T10:00:00Z,2026-01-13,2026-01-13_44,0.0,0,0,100,144.00000000000006,144.00000000000006,0.0,0.0,0.0,True,True,True,False,0.0,1024.1472807293305,0.0,0.0,0.0,0.0,1024.1472807293305
2026-01-13T10:00:00Z,2026-01-13T10:15:00Z,2026-01-13,2026-01-13_45,0.0,0,0,100,144.00000000000006,144.00000000000006,0.0,0.0,0.0,True,True,True,False,0.0,1024.1472807293305,0.0,0.0,0.0,0.0,1024.1472807293305
2026-01-13T10:15:00Z,2026-01-13T10:30:00Z,2026-01-13,2026-01-13_46,0.0,0,0,100,144.00000000000006,144.00000000000006,0.0,0.0,0.0,True,True,True,False,0.0,1024.1472807293305,0.0,0.0,0.0,0.0,1024.1472807293305
2026-01-13T10:30:00Z,2026-01-13T10:45:00Z,2026-01-13,2026-01-13_47,0.0,0,0,100,144.00000000000006,144.00000000000006,0.0,0.0,0.0,True,True,True,False,0.0,1024.1472807293305,0.0,0.0,0.0,0.0,1024.1472807293305
2026-01-13T10:45:00Z,2026-01-13T11:00:00Z,2026-01-13,2026-01-13_48,0.0,0,0,100,144.00000000000006,144.00000000000006,0.0,0.0,0.0,True,True,True,False,0.0,1024.1472807293305,0.0,0.0,0.0,0.0,1024.1472807293305
2026-01-13T11:00:00Z,2026-01-13T11:15:00Z,2026-01-13,2026-01-13_49,0.0,0,0,100,144.00000000000006,144.00000000000006,0.0,0.0,0.0,True,True,True,False,0.0,1024.1472807293305,0.0,0.0,0.0,0.0,1024.1472807293305
2026-01-13T11:15:00Z,2026-01-13T11:30:00Z,2026-01-13,2026-01-13_50,0.0,0,0,100,144.00000000000006,144.00000000000006,0.0,0.0,0.0,True,True,True,False,0.0,1024.1472807293305,0.0,0.0,0.0,0.0,1024.1472807293305
2026-01-13T11:30:00Z,2026-01-13T11:45:00Z,2026-01-13,2026-01-13_51,0.0,0,0,100,144.00000000000006,144.00000000000006,0.0,0.0,0.0,True,True,True,False,0.0,1024.1472807293305,0.0,0.0,0.0,0.0,1024.1472807293305
2026-01-13T11:45:00Z,2026-01-13T12:00:00Z,2026-01-13,2026-01-13_52,0.0,0,0,100,144.00000000000006,144.00000000000006,0.0,0.0,0.0,True,True,True,False,0.0,1024.1472807293305,0.0,0.0,0.0,0.0,1024.1472807293305
2026-01-13T12:00:00Z,2026-01-13T12:15:00Z,2026-01-13,2026-01-13_53,0.0,100,0,0,144.00000000000006,133.2428571428572,0.02988095238095238,9.896571428571429,0.0,True,True,True,False,0.0,0.0,90.41967934611758,0.0,3204.190002245475,0.0,3294.6096815915926
2026-01-13T12:15:00Z,2026-01-13T12:30:00Z,2026-01-13,2026-01-13_54,-55.59349891166512,100,0,0,133.2428571428572,133.1277028571429,0.03448054265759745,12.977714285714285,0.0,True,True,True,False,-4149.776726261242,0.0,90.41967934611758,0.0,4771.20453821799,0.0,711.8474913028656
2026-01-13T12:30:00Z,2026-01-13T12:45:00Z,2026-01-13,2026-01-13_55,-100.0,100,0,0,133.1277028571429,137.86176000000006,0.013150158730158732,19.854285714285712,0.0,True,True,True,False,-7369.25,0.0,90.41967934611758,0.0,15583.039657340458,0.0,8304.209336686576
2026-01-13T12:45:00Z,2026-01-13T13:00:00Z,2026-01-13,2026-01-13_56,-100.0,100,0,0,137.86176000000006,144.00000000000006,0.01705066666666667,18.328,0.0,True,True,True,False,-7162.25,0.0,90.41967934611758,0.0,12926.879273813267,0.0,5855.048953159385
2026-01-13T13:00:00Z,2026-01-13T13:15:00Z,2026-01-13,2026-01-13_57,0.0,0,0,100,144.00000000000006,144.00000000000006,0.0,0.0,0.0,True,False,True,False,0.0,1024.1472807293305,0.0,0.0,0.0,0.0,1024.1472807293305
2026-01-13T13:15:00Z,2026-01-13T13:30:00Z,2026-01-13,2026-01-13_58,0.0,0,0,100,144.00000000000006,144.00000000000006,0.0,0.0,0.0,True,False,True,False,0.0,1024.1472807293305,0.0,0.0,0.0,0.0,1024.1472807293305
2026-01-13T13:30:00Z,2026-01-13T13:45:00Z,2026-01-13,2026-01-13_59,0.0,0,0,100,144.00000000000006,144.00000000000006,0.0,0.0,0.0,True,False,True,False,0.0,1024.1472807293305,0.0,0.0,0.0,0.0,1024.1472807293305
2026-01-13T13:45:00Z,2026-01-13T14:00:00Z,2026-01-13,2026-01-13_60,0.0,0,0,100,144.00000000000006,144.00000000000006,0.0,0.0,0.0,True,False,True,False,0.0,1024.1472807293305,0.0,0.0,0.0,0.0,1024.1472807293305
2026-01-13T14:00:00Z,2026-01-13T14:15:00Z,2026-01-13,2026-01-13_61,0.0,0,0,100,144.00000000000006,144.00000000000006,0.0,0.0,0.0,True,True,True,False,0.0,1024.1472807293305,0.0,0.0,0.0,0.0,1024.1472807293305
2026-01-13T14:15:00Z,2026-01-13T14:30:00Z,2026-01-13,2026-01-13_62,0.0,0,0,100,144.00000000000006,144.00000000000006,0.0,0.0,0.0,True,True,True,False,0.0,1024.1472807293305,0.0,0.0,0.0,0.0,1024.1472807293305
2026-01-13T14:30:00Z,2026-01-13T14:45:00Z,2026-01-13,2026-01-13_63,0.0,0,0,100,144.00000000000006,144.00000000000006,0.0,0.0,0.0,True,True,True,False,0.0,1024.1472807293305,0.0,0.0,0.0,0.0,1024.1472807293305
2026-01-13T14:45:00Z,2026-01-13T15:00:00Z,2026-01-13,2026-01-13_64,0.0,0,0,100,144.00000000000006,144.00000000000006,0.0,0.0,0.0,True,True,True,False,0.0,1024.1472807293305,0.0,0.0,0.0,0.0,1024.1472807293305
2026-01-13T15:00:00Z,2026-01-13T15:15:00Z,2026-01-13,2026-01-13_65,0.0,0,0,100,144.00000000000006,144.00000000000006,0.0,0.0,0.0,True,True,True,False,0.0,1024.1472807293305,0.0,0.0,0.0,0.0,1024.1472807293305
2026-01-13T15:15:00Z,2026-01-13T15:30:00Z,2026-01-13,2026-01-13_66,0.0,0,0,100,144.00000000000006,144.00000000000006,0.0,0.0,0.0,True,True,True,False,0.0,1024.1472807293305,0.0,0.0,0.0,0.0,1024.1472807293305
2026-01-13T15:30:00Z,2026-01-13T15:45:00Z,2026-01-13,2026-01-13_67,0.0,0,0,100,144.00000000000006,144.00000000000006,0.0,0.0,0.0,True,True,True,False,0.0,1024.1472807293305,0.0,0.0,0.0,0.0,1024.1472807293305
2026-01-13T15:45:00Z,2026-01-13T16:00:00Z,2026-01-13,2026-01-13_68,0.0,0,0,100,144.00000000000006,144.00000000000006,0.0,0.0,0.0,True,True,True,False,0.0,1024.1472807293305,0.0,0.0,0.0,0.0,1024.1472807293305
2026-01-13T16:00:00Z,2026-01-13T16:15:00Z,2026-01-13,2026-01-13_69,56.99999999999999,0,57,43,144.00000000000006,128.9346521739131,0.0418481884057971,0.0,0.38988000000000006,True,True,True,False,5098.7925,440.3833307136121,0.0,6.232415121031122,0.0,-31.177530650738763,5514.230715183904
2026-01-13T16:15:00Z,2026-01-13T16:30:00Z,2026-01-13,2026-01-13_70,56.99999999999999,0,57,43,128.9346521739131,113.66254658385098,0.04242251552795031,0.0,0.19966285714285714,True,True,True,False,6004.664999999999,440.3833307136121,0.0,6.232415121031122,0.0,-15.966438002425113,6435.314307832217
2026-01-13T16:30:00Z,2026-01-13T16:45:00Z,2026-01-13,2026-01-13_71,56.99999999999999,0,57,43,113.66254658385098,98.31042857142863,0.042644772256728775,0.0,0.1260514285714286,True,True,True,False,5439.794999999999,440.3833307136121,0.0,6.232415121031122,0.0,-10.04015380046706,5876.370592034175
2026-01-13T16:45:00Z,2026-01-13T17:00:00Z,2026-01-13,2026-01-13_72,56.99999999999999,0,57,43,98.31042857142863,82.87227950310566,0.042883747412008275,0.0,0.046902857142857135,True,True,True,False,5030.392499999999,440.3833307136121,0.0,6.232415121031122,0.0,-3.744155853954281,5473.264089980688
2026-01-13T17:00:00Z,2026-01-13T17:15:00Z,2026-01-13,2026-01-13_73,0.0,0,0,100,82.87227950310566,82.87227950310566,0.0,0.0,0.0,True,True,True,False,0.0,1024.1472807293305,0.0,0.0,0.0,0.0,1024.1472807293305
2026-01-13T17:15:00Z,2026-01-13T17:30:00Z,2026-01-13,2026-01-13_74,0.0,0,0,100,82.87227950310566,82.87227950310566,0.0,0.0,0.0,True,True,True,False,0.0,1024.1472807293305,0.0,0.0,0.0,0.0,1024.1472807293305
2026-01-13T17:30:00Z,2026-01-13T17:45:00Z,2026-01-13,2026-01-13_75,0.0,0,0,100,82.87227950310566,82.87227950310566,0.0,0.0,0.0,True,True,True,False,0.0,1024.1472807293305,0.0,0.0,0.0,0.0,1024.1472807293305
2026-01-13T17:45:00Z,2026-01-13T18:00:00Z,2026-01-13,2026-01-13_76,0.0,0,0,100,82.87227950310566,82.87227950310566,0.0,0.0,0.0,True,True,True,False,0.0,1024.1472807293305,0.0,0.0,0.0,0.0,1024.1472807293305
2026-01-13T18:00:00Z,2026-01-13T18:15:00Z,2026-01-13,2026-01-13_77,35.0,0,35,65,82.87227950310566,73.61945341614914,0.025702294685990338,0.0,0.23740000000000003,True,True,True,False,3132.9375,665.6957324740648,0.0,3.8888124803520907,0.0,-18.849828670229492,3783.6722162841875
2026-01-13T18:15:00Z,2026-01-13T18:30:00Z,2026-01-13,2026-01-13_78,35.0,0,35,65,73.61945341614914,64.10858385093175,0.026419082125603864,0.0,0.0,True,True,True,False,3418.1875,665.6957324740648,0.0,3.8888124803520907,0.0,0.0,4087.7720449544167
2026-01-13T18:30:00Z,2026-01-13T18:45:00Z,2026-01-13,2026-01-13_79,35.0,0,35,65,64.10858385093175,54.59771428571436,0.026419082125603864,0.0,0.0,True,True,True,False,3421.5125,665.6957324740648,0.0,3.8888124803520907,0.0,0.0,4091.0970449544166
2026-01-13T18:45:00Z,2026-01-13T19:00:00Z,2026-01-13,2026-01-13_80,32.55158857142861,0,35,65,54.59771428571436,45.75217391304355,0.024570945479641157,0.0,0.0,True,True,True,False,2866.8997844571463,665.6957324740648,0.0,3.8888124803520907,0.0,0.0,3536.484329411563
2026-01-13T19:00:00Z,2026-01-13T19:15:00Z,2026-01-13,2026-01-13_81,0.0,100,0,0,45.75217391304355,27.34844720496902,0.051121463077984805,16.93142857142857,0.0,True,True,True,False,0.0,0.0,88.7692549512732,0.0,13105.92571181569,0.0,13194.694966766963
2026-01-13T19:15:00Z,2026-01-13T19:30:00Z,2026-01-13,2026-01-13_82,0.0,100,0,0,27.34844720496902,10.000000000000075,0.048190131124913736,15.960571428571429,0.0,True,True,True,False,0.0,0.0,88.7692549512732,0.0,8752.634248102573,0.0,8841.403503053847
2026-01-13T19:30:00Z,2026-01-13T19:45:00Z,2026-01-13,2026-01-13_83,-100.0,100,0,0,10.000000000000075,23.262720000000076,0.036840888888888895,10.584,0.0,True,True,True,False,-5704.75,0.0,88.7692549512732,0.0,6189.1050471549825,0.0,573.1243021062556
2026-01-13T19:45:00Z,2026-01-13T20:00:00Z,2026-01-13,2026-01-13_84,-100.0,100,0,0,23.262720000000076,40.21910857142865,0.04710107936507937,6.5691428571428565,0.0,True,True,True,False,-4834.5,0.0,88.7692549512732,0.0,1997.8320528135803,0.0,-2747.8986922351464
2026-01-13T20:00:00Z,2026-01-13T20:15:00Z,2026-01-13,2026-01-13_85,0.0,100,0,0,40.21910857142865,15.798611677018712,0.06783471359558316,22.466857142857144,0.0,True,True,True,False,0.0,0.0,88.7692549512732,0.0,24355.223501032917,0.0,24443.99275598419
2026-01-13T20:15:00Z,2026-01-13T20:30:00Z,2026-01-13,2026-01-13_86,-100.0,100,0,0,15.798611677018712,30.063868819875857,0.03962571428571429,9.494285714285713,0.0,True,True,True,False,-4912.75,0.0,88.7692549512732,0.0,5537.18360746845,0.0,713.2028624197229
2026-01-13T20:30:00Z,2026-01-13T20:45:00Z,2026-01-13,2026-01-13_87,-100.0,100,0,0,30.063868819875857,40.26009739130443,0.028322857142857143,13.917142857142858,0.0,True,True,True,False,-4406.75,0.0,88.7692549512732,0.0,10211.668023869404,0.0,5893.687278820677
2026-01-13T20:45:00Z,2026-01-13T21:00:00Z,2026-01-13,2026-01-13_88,-100.0,100,0,0,40.26009739130443,58.37358310559014,0.050315238095238086,5.311428571428571,0.0,True,True,True,False,-3627.7500000000005,0.0,88.7692549512732,0.0,1127.7790014371044,0.0,-2411.201743611623
2026-01-13T21:00:00Z,2026-01-13T21:15:00Z,2026-01-13,2026-01-13_89,-100.0,100,0,0,58.37358310559014,81.30418881987586,0.063696126984127,0.07542857142857143,0.0,True,True,True,False,-4025.0,0.0,88.82819867966049,0.0,10.86809583688867,0.0,-3925.303705483451
2026-01-13T21:15:00Z,2026-01-13T21:30:00Z,2026-01-13,2026-01-13_90,-100.0,100,0,0,81.30418881987586,104.02556024844729,0.06311492063492063,0.3028571428571429,0.0,True,True,True,False,-3453.0,0.0,88.82819867966049,0.0,45.616845556204254,0.0,-3318.5549557641352
2026-01-13T21:30:00Z,2026-01-13T21:45:00Z,2026-01-13,2026-01-13_91,-100.0,100,0,0,104.02556024844729,126.10450881987587,0.06133041269841271,1.0011428571428571,0.0,True,True,True,False,-3297.2499999999995,0.0,88.82819867966049,0.0,155.33076840167064,0.0,-3053.0910329186686
2026-01-13T21:45:00Z,2026-01-13T22:00:00Z,2026-01-13,2026-01-13_92,-100.0,100,0,0,126.10450881987587,149.02985739130443,0.06368152380952381,0.08114285714285713,0.0,True,True,True,False,-3110.25,0.0,88.82819867966049,0.0,11.317193380338615,0.0,-3010.1046079400007
2026-01-13T22:00:00Z,2026-01-13T22:15:00Z,2026-01-14,2026-01-13_93,10.999999999999996,0,11,89,149.02985739130443,146.9083604968945,0.005893046928916493,0.0,0.7982228571428571,True,True,True,False,344.1624999999999,911.4910798491042,0.0,1.0503772398616786,0.0,-40.19360107895091,1216.510356010015
2026-01-13T22:15:00Z,2026-01-13T22:30:00Z,2026-01-14,2026-01-13_94,10.999999999999996,0,11,89,146.9083604968945,144.22989465838515,0.0074401828847481,0.0,0.28581142857142855,True,True,True,False,340.83499999999987,911.4910798491042,0.0,1.0503772398616786,0.0,-17.09595525778057,1236.2805018311851
2026-01-13T22:30:00Z,2026-01-13T22:45:00Z,2026-01-14,2026-01-13_95,0.8543958899625088,0,11,89,144.22989465838515,143.99936388571425,0.0006486601070025088,0.0,0.00176,True,True,True,False,25.02098363755207,911.4910798491042,0.0,1.0503772398616786,0.0,-0.12473605784344546,937.4377046686744
2026-01-13T22:45:00Z,2026-01-13T23:00:00Z,2026-01-14,2026-01-13_96,0.0,0,11,89,143.99936388571425,143.99999999999997,1.766984126984127e-06,0.0,0.0006914285714285714,True,True,True,False,0.0,911.4910798491042,0.0,1.0503772398616786,0.0,-0.05520506130147751,912.4862520276644
2026-01-13T23:00:00Z,2026-01-13T23:15:00Z,2026-01-14,2026-01-14_1,0.0,0,0,100,143.99999999999997,143.99999999999997,0.0,0.0,0.0,True,True,True,False,0.0,1024.1472807293305,0.0,0.0,0.0,0.0,1024.1472807293305
2026-01-13T23:15:00Z,2026-01-13T23:30:00Z,2026-01-14,2026-01-14_2,0.0,0,0,100,143.99999999999997,143.99999999999997,0.0,0.0,0.0,True,True,True,False,0.0,1024.1472807293305,0.0,0.0,0.0,0.0,1024.1472807293305
2026-01-13T23:30:00Z,2026-01-13T23:45:00Z,2026-01-14,2026-01-14_3,0.0,0,0,100,143.99999999999997,143.99999999999997,0.0,0.0,0.0,True,True,True,False,0.0,1024.1472807293305,0.0,0.0,0.0,0.0,1024.1472807293305
2026-01-13T23:45:00Z,2026-01-14T00:00:00Z,2026-01-14,2026-01-14_4,0.0,0,0,100,143.99999999999997,143.99999999999997,0.0,0.0,0.0,True,True,True,False,0.0,1024.1472807293305,0.0,0.0,0.0,0.0,1024.1472807293305
2026-01-14T00:00:00Z,2026-01-14T00:15:00Z,2026-01-14,2026-01-14_5,0.0,0,0,100,143.99999999999997,143.99999999999997,0.0,0.0,0.0,True,True,True,False,0.0,1024.1472807293305,0.0,0.0,0.0,0.0,1024.1472807293305
2026-01-14T00:15:00Z,2026-01-14T00:30:00Z,2026-01-14,2026-01-14_6,0.0,0,0,100,143.99999999999997,143.99999999999997,0.0,0.0,0.0,True,True,True,False,0.0,1024.1472807293305,0.0,0.0,0.0,0.0,1024.1472807293305
2026-01-14T00:30:00Z,2026-01-14T00:45:00Z,2026-01-14,2026-01-14_7,0.0,0,0,100,143.99999999999997,143.99999999999997,0.0,0.0,0.0,True,True,True,False,0.0,1024.1472807293305,0.0,0.0,0.0,0.0,1024.1472807293305
2026-01-14T00:45:00Z,2026-01-14T01:00:00Z,2026-01-14,2026-01-14_8,0.0,0,0,100,143.99999999999997,143.99999999999997,0.0,0.0,0.0,True,True,True,False,0.0,1024.1472807293305,0.0,0.0,0.0,0.0,1024.1472807293305
2026-01-14T01:00:00Z,2026-01-14T01:15:00Z,2026-01-14,2026-01-14_9,0.0,0,0,100,143.99999999999997,143.99999999999997,0.0,0.0,0.0,True,True,True,False,0.0,1024.1472807293305,0.0,0.0,0.0,0.0,1024.1472807293305
2026-01-14T01:15:00Z,2026-01-14T01:30:00Z,2026-01-14,2026-01-14_10,0.0,0,0,100,143.99999999999997,143.99999999999997,0.0,0.0,0.0,True,True,True,False,0.0,1024.1472807293305,0.0,0.0,0.0,0.0,1024.1472807293305
2026-01-14T01:30:00Z,2026-01-14T01:45:00Z,2026-01-14,2026-01-14_11,0.0,0,0,100,143.99999999999997,143.99999999999997,0.0,0.0,0.0,True,True,True,False,0.0,1024.1472807293305,0.0,0.0,0.0,0.0,1024.1472807293305
2026-01-14T01:45:00Z,2026-01-14T02:00:00Z,2026-01-14,2026-01-14_12,0.0,0,0,100,143.99999999999997,143.99999999999997,0.0,0.0,0.0,True,True,True,False,0.0,1024.1472807293305,0.0,0.0,0.0,0.0,1024.1472807293305
2026-01-14T02:00:00Z,2026-01-14T02:15:00Z,2026-01-14,2026-01-14_13,0.0,0,0,100,143.99999999999997,143.99999999999997,0.0,0.0,0.0,True,True,True,False,0.0,1024.1472807293305,0.0,0.0,0.0,0.0,1024.1472807293305
2026-01-14T02:15:00Z,2026-01-14T02:30:00Z,2026-01-14,2026-01-14_14,0.0,0,0,100,143.99999999999997,143.99999999999997,0.0,0.0,0.0,True,True,True,False,0.0,1024.1472807293305,0.0,0.0,0.0,0.0,1024.1472807293305
2026-01-14T02:30:00Z,2026-01-14T02:45:00Z,2026-01-14,2026-01-14_15,0.0,0,0,100,143.99999999999997,143.99999999999997,0.0,0.0,0.0,True,True,True,False,0.0,1024.1472807293305,0.0,0.0,0.0,0.0,1024.1472807293305
2026-01-14T02:45:00Z,2026-01-14T03:00:00Z,2026-01-14,2026-01-14_16,0.0,0,0,100,143.99999999999997,143.99999999999997,0.0,0.0,0.0,True,True,True,False,0.0,1024.1472807293305,0.0,0.0,0.0,0.0,1024.1472807293305
2026-01-14T03:00:00Z,2026-01-14T03:15:00Z,2026-01-14,2026-01-14_17,0.0,0,0,100,143.99999999999997,143.99999999999997,0.0,0.0,0.0,True,True,True,False,0.0,1024.1472807293305,0.0,0.0,0.0,0.0,1024.1472807293305
2026-01-14T03:15:00Z,2026-01-14T03:30:00Z,2026-01-14,2026-01-14_18,0.0,0,0,100,143.99999999999997,143.99999999999997,0.0,0.0,0.0,True,True,True,False,0.0,1024.1472807293305,0.0,0.0,0.0,0.0,1024.1472807293305
2026-01-14T03:30:00Z,2026-01-14T03:45:00Z,2026-01-14,2026-01-14_19,0.0,0,0,100,143.99999999999997,143.99999999999997,0.0,0.0,0.0,True,True,True,False,0.0,1024.1472807293305,0.0,0.0,0.0,0.0,1024.1472807293305
2026-01-14T03:45:00Z,2026-01-14T04:00:00Z,2026-01-14,2026-01-14_20,0.0,0,0,100,143.99999999999997,143.99999999999997,0.0,0.0,0.0,True,True,True,False,0.0,1024.1472807293305,0.0,0.0,0.0,0.0,1024.1472807293305
2026-01-14T04:00:00Z,2026-01-14T04:15:00Z,2026-01-14,2026-01-14_21,0.0,0,0,100,143.99999999999997,143.99999999999997,0.0,0.0,0.0,True,True,True,False,0.0,1024.1472807293305,0.0,0.0,0.0,0.0,1024.1472807293305
2026-01-14T04:15:00Z,2026-01-14T04:30:00Z,2026-01-14,2026-01-14_22,0.0,0,0,100,143.99999999999997,143.99999999999997,0.0,0.0,0.0,True,True,True,False,0.0,1024.1472807293305,0.0,0.0,0.0,0.0,1024.1472807293305
2026-01-14T04:30:00Z,2026-01-14T04:45:00Z,2026-01-14,2026-01-14_23,0.0,0,0,100,143.99999999999997,143.99999999999997,0.0,0.0,0.0,True,True,True,False,0.0,1024.1472807293305,0.0,0.0,0.0,0.0,1024.1472807293305
2026-01-14T04:45:00Z,2026-01-14T05:00:00Z,2026-01-14,2026-01-14_24,0.0,0,0,100,143.99999999999997,143.99999999999997,0.0,0.0,0.0,True,True,True,False,0.0,1024.1472807293305,0.0,0.0,0.0,0.0,1024.1472807293305
2026-01-14T05:00:00Z,2026-01-14T05:15:00Z,2026-01-14,2026-01-14_25,-100.0,0,0,0,143.99999999999997,166.99999999999997,0.06388888888888888,0.0,0.0,True,False,True,False,-3125.0,0.0,0.0,0.0,0.0,0.0,-3125.0
2026-01-14T05:15:00Z,2026-01-14T05:30:00Z,2026-01-14,2026-01-14_26,-100.0,0,0,0,166.99999999999997,189.99999999999997,0.06388888888888888,0.0,0.0,True,False,True,False,-3711.9999999999995,0.0,0.0,0.0,0.0,0.0,-3711.9999999999995
2026-01-14T05:30:00Z,2026-01-14T05:45:00Z,2026-01-14,2026-01-14_27,76.09894948571451,0,0,0,189.99999999999997,169.32093763975146,0.05744183988957919,0.0,0.0,True,False,True,False,4359.899063410298,0.0,0.0,0.0,0.0,0.0,4359.899063410298
2026-01-14T05:45:00Z,2026-01-14T06:00:00Z,2026-01-14,2026-01-14_28,100.0,0,0,0,169.32093763975146,142.1470245962732,0.0754830917874396,0.0,0.0,True,False,True,False,9824.0,0.0,0.0,0.0,0.0,0.0,9824.0
2026-01-14T06:00:00Z,2026-01-14T06:15:00Z,2026-01-14,2026-01-14_29,0.0,0,0,0,142.1470245962732,142.1470245962732,0.0,0.0,0.0,True,False,True,False,0.0,0.0,0.0,0.0,0.0,0.0,0.0
2026-01-14T06:15:00Z,2026-01-14T06:30:00Z,2026-01-14,2026-01-14_30,0.0,0,0,0,142.1470245962732,142.1470245962732,0.0,0.0,0.0,True,False,True,False,0.0,0.0,0.0,0.0,0.0,0.0,0.0
2026-01-14T06:30:00Z,2026-01-14T06:45:00Z,2026-01-14,2026-01-14_31,100.0,0,0,0,142.1470245962732,114.97311155279496,0.0754830917874396,0.0,0.0,True,False,True,False,9824.0,0.0,0.0,0.0,0.0,0.0,9824.0
2026-01-14T06:45:00Z,2026-01-14T07:00:00Z,2026-01-14,2026-01-14_32,100.0,0,0,0,114.97311155279496,87.79919850931671,0.0754830917874396,0.0,0.0,True,False,True,False,7557.250000000001,0.0,0.0,0.0,0.0,0.0,7557.250000000001
2026-01-14T07:00:00Z,2026-01-14T07:15:00Z,2026-01-14,2026-01-14_33,0.0,100,0,0,87.79919850931671,76.42528546583844,0.03159420289855072,10.464,0.0,True,True,True,False,0.0,0.0,110.99104055328512,0.0,8785.841345488841,0.0,8896.832386042126
2026-01-14T07:15:00Z,2026-01-14T07:30:00Z,2026-01-14,2026-01-14_34,-100.0,100,0,0,76.42528546583844,79.39662260869558,0.008253714285714284,21.770285714285713,0.0,True,True,True,False,-5279.25,0.0,110.99104055328512,0.0,19818.077603628688,0.0,14649.818644181973
2026-01-14T07:30:00Z,2026-01-14T07:45:00Z,2026-01-14,2026-01-14_35,0.0,100,0,0,79.39662260869558,78.21711950310552,0.0032763975155279505,1.0851428571428572,0.0,True,True,True,False,0.0,0.0,110.99104055328512,0.0,167.7483402568824,0.0,278.7393808101675
2026-01-14T07:45:00Z,2026-01-14T08:00:00Z,2026-01-14,2026-01-14_36,0.0,100,0,0,78.21711950310552,78.16121888198751,0.00015527950310559004,0.05142857142857143,0.0,True,True,True,False,0.0,0.0,110.99104055328512,0.0,7.073247406475951,0.0,118.06428795976107
2026-01-14T08:00:00Z,2026-01-14T08:15:00Z,2026-01-14,2026-01-14_37,0.0,100,0,0,78.16121888198751,62.67550459627323,0.043015873015873014,14.246857142857142,0.0,True,True,True,False,0.0,0.0,96.13722099968562,0.0,5958.366747653477,0.0,6054.503968653163
2026-01-14T08:15:00Z,2026-01-14T08:30:00Z,2026-01-14,2026-01-14_38,-100.0,100,0,0,62.67550459627323,70.76099031055894,0.022459682539682536,16.21142857142857,0.0,True,True,True,False,-5266.5,0.0,96.13722099968562,0.0,5004.023599946108,0.0,-166.33917905420606
2026-01-14T08:30:00Z,2026-01-14T08:45:00Z,2026-01-14,2026-01-14_39,0.0,100,0,0,70.76099031055894,69.0709281987577,0.004694616977225673,1.554857142857143,0.0,True,True,True,False,0.0,0.0,96.13722099968562,0.0,243.73522162841874,0.0,339.87244262810435
2026-01-14T08:45:00Z,2026-01-14T09:00:00Z,2026-01-14,2026-01-14_40,0.0,100,0,0,69.0709281987577,68.8653381366459,0.0005710835058661145,0.18914285714285714,0.0,True,True,True,False,0.0,0.0,96.13722099968562,0.0,28.31546166973548,0.0,124.45268266942111
2026-01-14T09:00:00Z,2026-01-14T09:15:00Z,2026-01-14,2026-01-14_41,0.0,100,100,0,68.8653381366459,59.63241888198752,0.025646997929606626,8.494285714285715,0.0,True,True,True,False,0.0,0.0,94.86993083935869,9.96149009745363,4567.763089437285,0.0,4672.594510374098
2026-01-14T09:15:00Z,2026-01-14T09:30:00Z,2026-01-14,2026-01-14_42,0.0,100,100,0,59.63241888198752,57.22310211180118,0.006692546583850931,2.2165714285714286,0.0,True,True,True,False,0.0,0.0,94.86993083935869,9.96149009745363,362.10518132213593,0.0,466.93660225894826
2026-01-14T09:30:00Z,2026-01-14T09:45:00Z,2026-01-14,2026-01-14_43,0.0,100,100,0,57.22310211180118,57.3408780124223,0.009757797101449275,1.5617142857142858,1.973142857142857,True,True,True,False,0.0,0.0,94.86993083935869,9.96149009745363,254.8838242690978,-121.38185891678268,238.33338628912745
2026-01-14T09:45:00Z,2026-01-14T10:00:00Z,2026-01-14,2026-01-14_44,0.0,100,100,0,57.3408780124223,72.13342658385088,0.04109041269841271,0.0,16.078857142857146,True,True,True,False,0.0,0.0,94.86993083935869,9.96149009745363,0.0,-776.2623034086317,-671.4308824718195
2026-01-14T10:00:00Z,2026-01-14T10:15:00Z,2026-01-14,2026-01-14_45,0.0,0,0,100,72.13342658385088,72.13342658385088,0.0,0.0,0.0,True,True,True,False,0.0,1024.1472807293305,0.0,0.0,0.0,0.0,1024.1472807293305
2026-01-14T10:15:00Z,2026-01-14T10:30:00Z,2026-01-14,2026-01-14_46,0.0,0,0,100,72.13342658385088,72.13342658385088,0.0,0.0,0.0,True,True,True,False,0.0,1024.1472807293305,0.0,0.0,0.0,0.0,1024.1472807293305
2026-01-14T10:30:00Z,2026-01-14T10:45:00Z,2026-01-14,2026-01-14_47,0.0,0,0,100,72.13342658385088,72.13342658385088,0.0,0.0,0.0,True,True,True,False,0.0,1024.1472807293305,0.0,0.0,0.0,0.0,1024.1472807293305
2026-01-14T10:45:00Z,2026-01-14T11:00:00Z,2026-01-14,2026-01-14_48,0.0,0,0,100,72.13342658385088,72.13342658385088,0.0,0.0,0.0,True,True,True,False,0.0,1024.1472807293305,0.0,0.0,0.0,0.0,1024.1472807293305
2026-01-14T11:00:00Z,2026-01-14T11:15:00Z,2026-01-14,2026-01-14_49,0.0,100,100,0,72.13342658385088,90.89984944099373,0.05212895238095239,0.0,20.398285714285716,True,True,True,False,0.0,0.0,93.30792203709525,9.784658912291732,0.0,3456.9715768850774,3560.0641578344644
2026-01-14T11:15:00Z,2026-01-14T11:30:00Z,2026-01-14,2026-01-14_50,0.0,100,100,0,90.89984944099373,96.03607801242231,0.014267301587301587,0.0,5.582857142857143,True,True,True,False,0.0,0.0,93.30792203709525,9.784658912291732,0.0,-328.60712938429066,-225.51454843490367
2026-01-14T11:30:00Z,2026-01-14T11:45:00Z,2026-01-14,2026-01-14_51,0.0,100,100,0,96.03607801242231,109.4791180124223,0.03734177777777778,0.0,14.612,True,True,True,False,0.0,0.0,93.30792203709525,9.784658912291732,0.0,265.3965938384156,368.48917478780254
2026-01-14T11:45:00Z,2026-01-14T12:00:00Z,2026-01-14,2026-01-14_52,0.0,100,100,0,109.4791180124223,129.2365122981366,0.0548816507936508,0.0,21.475428571428573,True,True,True,False,0.0,0.0,93.30792203709525,9.784658912291732,0.0,1000.0234836304846,1103.1160645798716
2026-01-14T12:00:00Z,2026-01-14T12:15:00Z,2026-01-14,2026-01-14_53,0.0,100,100,0,129.2365122981366,138.4843522981366,0.02568844444444445,0.0,10.052000000000001,True,True,True,False,0.0,0.0,93.30792203709525,9.784658912291732,0.0,-503.20040238918585,-400.10782143979884
2026-01-14T12:15:00Z,2026-01-14T12:30:00Z,2026-01-14,2026-01-14_54,0.0,100,100,0,138.4843522981366,145.65719801242233,0.01992457142857143,0.0,7.796571428571429,True,True,True,False,0.0,0.0,93.30792203709525,9.784658912291732,0.0,-163.1970561817937,-60.10447523240671
2026-01-14T12:30:00Z,2026-01-14T12:45:00Z,2026-01-14,2026-01-14_55,0.0,100,100,0,145.65719801242233,150.4175408695652,0.013223174603174601,0.0,5.1742857142857135,True,True,True,False,0.0,0.0,93.30792203709525,9.784658912291732,0.0,-284.7412600485022,-181.64867909911524
2026-01-14T12:45:00Z,2026-01-14T13:00:00Z,2026-01-14,2026-01-14_56,0.0,100,100,0,150.4175408695652,159.2505922981366,0.024536253968253968,0.0,9.601142857142857,True,True,True,False,0.0,0.0,93.30792203709525,9.784658912291732,0.0,-143.07959020074549,-39.9870092513585
2026-01-14T13:00:00Z,2026-01-14T13:15:00Z,2026-01-14,2026-01-14_57,0.0,50,50,50,159.2505922981366,164.99244372670805,0.015949587301587305,0.0,6.241142857142858,True,True,True,False,0.0,512.0736403646653,48.34859320968249,4.892329456145866,0.0,265.8396259038039,831.1541889342975
2026-01-14T13:15:00Z,2026-01-14T13:30:00Z,2026-01-14,2026-01-14_58,0.0,50,50,50,164.99244372670805,164.85290285714282,0.0007614547964113182,0.1902857142857143,0.07314285714285715,True,True,True,False,0.0,512.0736403646653,48.34859320968249,4.892329456145866,22.394911752818075,-5.820272151614497,581.8892026316972
2026-01-14T13:30:00Z,2026-01-14T13:45:00Z,2026-01-14,2026-01-14_59,0.0,50,50,50,164.85290285714282,165.28196571428566,0.0013505714285714288,0.026285714285714287,0.4974285714285715,True,True,True,False,0.0,512.0736403646653,48.34859320968249,4.892329456145866,3.0935914133021964,-36.50875123501145,531.8994032087844
2026-01-14T13:45:00Z,2026-01-14T14:00:00Z,2026-01-14,2026-01-14_60,0.0,50,50,50,165.28196571428566,166.99999999999994,0.00477231746031746,0.0,1.8674285714285712,True,True,True,False,0.0,512.0736403646653,48.34859320968249,4.892329456145866,0.0,-115.72839673058786,449.58616629990576
2026-01-14T14:00:00Z,2026-01-14T14:15:00Z,2026-01-14,2026-01-14_61,-100.0,0,0,0,166.99999999999994,189.99999999999994,0.0638888888888889,0.0,0.0,True,True,True,False,-4343.25,0.0,0.0,0.0,0.0,0.0,-4343.25
2026-01-14T14:15:00Z,2026-01-14T14:30:00Z,2026-01-14,2026-01-14_62,100.0,0,0,0,189.99999999999994,162.82608695652166,0.07548309178743962,0.0,0.0,True,True,True,False,7037.5,0.0,0.0,0.0,0.0,0.0,7037.5
2026-01-14T14:30:00Z,2026-01-14T14:45:00Z,2026-01-14,2026-01-14_63,100.0,0,0,0,162.82608695652166,135.6521739130434,0.0754830917874396,0.0,0.0,True,True,True,False,9824.0,0.0,0.0,0.0,0.0,0.0,9824.0
2026-01-14T14:45:00Z,2026-01-14T15:00:00Z,2026-01-14,2026-01-14_64,100.0,0,0,0,135.6521739130434,108.47826086956515,0.0754830917874396,0.0,0.0,True,True,True,False,9484.0,0.0,0.0,0.0,0.0,0.0,9484.0
2026-01-14T15:00:00Z,2026-01-14T15:15:00Z,2026-01-14,2026-01-14_65,-100.0,100,0,0,108.47826086956515,126.37725515527943,0.04971942857142857,5.5445714285714285,0.0,True,True,True,False,-4759.75,0.0,111.31523105941528,0.0,831.0691182018235,0.0,-3817.3656507387614
2026-01-14T15:15:00Z,2026-01-14T15:30:00Z,2026-01-14,2026-01-14_66,-100.0,100,0,0,126.37725515527943,144.301483726708,0.04978952380952381,5.517142857142857,0.0,True,True,True,False,-5260.0,0.0,111.31523105941528,0.0,1158.2346909103157,0.0,-3990.4500780302687
2026-01-14T15:30:00Z,2026-01-14T15:45:00Z,2026-01-14,2026-01-14_67,0.0,100,0,0,144.301483726708,128.46980670807446,0.04397688060731539,14.565142857142858,0.0,True,True,True,False,0.0,0.0,111.31523105941528,0.0,8739.795427313962,0.0,8851.110658373378
2026-01-14T15:45:00Z,2026-01-14T16:00:00Z,2026-01-14,2026-01-14_68,0.0,100,0,0,128.46980670807446,118.54434086956515,0.027570738440303656,9.131428571428572,0.0,True,True,True,False,0.0,0.0,111.31523105941528,0.0,2204.652600260475,0.0,2315.96783131989
2026-01-14T16:00:00Z,2026-01-14T16:15:00Z,2026-01-14,2026-01-14_69,15.978724571428648,0,17,83,118.54434086956515,114.20229614906823,0.012061235334713653,0.0,0.0,True,True,True,False,981.2934227428618,850.0422430053443,0.0,1.5581774599182647,0.0,0.0,1832.8938432081243
2026-01-14T16:15:00Z,2026-01-14T16:30:00Z,2026-01-14,2026-01-14_70,17.0,0,17,83,114.20229614906823,109.58273093167692,0.012832125603864734,0.0,0.0,True,True,True,False,1146.99,850.0422430053443,0.0,1.5581774599182647,0.0,0.0,1998.5904204652625
2026-01-14T16:30:00Z,2026-01-14T16:45:00Z,2026-01-14,2026-01-14_71,17.0,0,17,83,109.58273093167692,104.96316571428562,0.012832125603864734,0.0,0.0,True,True,True,False,1283.6274999999998,850.0422430053443,0.0,1.5581774599182647,0.0,0.0,2135.2279204652623
2026-01-14T16:45:00Z,2026-01-14T17:00:00Z,2026-01-14,2026-01-14_72,17.0,0,17,83,104.96316571428562,100.36978683229805,0.012759385783298827,0.0,0.02409142857142857,True,True,True,False,1336.37,850.0422430053443,0.0,1.5581774599182647,0.0,-1.9170521399380247,2186.0533683253243
2026-01-14T17:00:00Z,2026-01-14T17:15:00Z,2026-01-14,2026-01-14_73,0.0,0,0,100,100.36978683229805,100.36978683229805,0.0,0.0,0.0,True,True,True,False,0.0,1024.1472807293305,0.0,0.0,0.0,0.0,1024.1472807293305
2026-01-14T17:15:00Z,2026-01-14T17:30:00Z,2026-01-14,2026-01-14_74,0.0,0,0,100,100.36978683229805,100.36978683229805,0.0,0.0,0.0,True,True,True,False,0.0,1024.1472807293305,0.0,0.0,0.0,0.0,1024.1472807293305
2026-01-14T17:30:00Z,2026-01-14T17:45:00Z,2026-01-14,2026-01-14_75,0.0,0,0,100,100.36978683229805,100.36978683229805,0.0,0.0,0.0,True,True,True,False,0.0,1024.1472807293305,0.0,0.0,0.0,0.0,1024.1472807293305
2026-01-14T17:45:00Z,2026-01-14T18:00:00Z,2026-01-14,2026-01-14_76,0.0,0,0,100,100.36978683229805,100.36978683229805,0.0,0.0,0.0,True,True,True,False,0.0,1024.1472807293305,0.0,0.0,0.0,0.0,1024.1472807293305
2026-01-14T18:00:00Z,2026-01-14T18:15:00Z,2026-01-14,2026-01-14_77,100.0,0,100,0,100.36978683229805,73.30581167701855,0.07517770876466527,0.0,0.10114285714285713,True,True,True,False,7055.500000000001,0.0,0.0,9.372052813580636,0.0,-8.04834508465442,7056.823707728927
2026-01-14T18:15:00Z,2026-01-14T18:30:00Z,2026-01-14,2026-01-14_78,0.0,0,100,0,73.30581167701855,74.46501167701855,0.00322,0.0,1.26,True,True,True,False,0.0,0.0,0.0,9.372052813580636,0.0,-94.45197265011004,-85.0799198365294
2026-01-14T18:30:00Z,2026-01-14T18:45:00Z,2026-01-14,2026-01-14_79,100.0,0,100,0,74.46501167701855,59.533334658385016,0.041476880607315386,0.0,11.262857142857143,True,True,True,False,6253.5,0.0,0.0,9.372052813580636,0.0,-94.92081780212871,6167.951235011452
2026-01-14T18:45:00Z,2026-01-14T19:00:00Z,2026-01-14,2026-01-14_80,0.0,0,100,0,59.533334658385016,64.34782608695645,0.013373587301587301,0.0,5.233142857142857,True,True,True,False,0.0,0.0,0.0,9.372052813580636,0.0,-317.890602461041,-308.51854964746036
2026-01-14T19:00:00Z,2026-01-14T19:15:00Z,2026-01-14,2026-01-14_81,0.0,0,0,100,64.34782608695645,64.34782608695645,0.0,0.0,0.0,True,True,True,False,0.0,1024.1472807293305,0.0,0.0,0.0,0.0,1024.1472807293305
2026-01-14T19:15:00Z,2026-01-14T19:30:00Z,2026-01-14,2026-01-14_82,0.0,0,0,100,64.34782608695645,64.34782608695645,0.0,0.0,0.0,True,True,True,False,0.0,1024.1472807293305,0.0,0.0,0.0,0.0,1024.1472807293305
2026-01-14T19:30:00Z,2026-01-14T19:45:00Z,2026-01-14,2026-01-14_83,0.0,0,0,100,64.34782608695645,64.34782608695645,0.0,0.0,0.0,True,True,True,False,0.0,1024.1472807293305,0.0,0.0,0.0,0.0,1024.1472807293305
2026-01-14T19:45:00Z,2026-01-14T20:00:00Z,2026-01-14,2026-01-14_84,0.0,0,0,100,64.34782608695645,64.34782608695645,0.0,0.0,0.0,True,True,True,False,0.0,1024.1472807293305,0.0,0.0,0.0,0.0,1024.1472807293305
2026-01-14T20:00:00Z,2026-01-14T20:15:00Z,2026-01-14,2026-01-14_85,0.0,0,0,100,64.34782608695645,64.34782608695645,0.0,0.0,0.0,True,True,True,False,0.0,1024.1472807293305,0.0,0.0,0.0,0.0,1024.1472807293305
2026-01-14T20:15:00Z,2026-01-14T20:30:00Z,2026-01-14,2026-01-14_86,0.0,0,0,100,64.34782608695645,64.34782608695645,0.0,0.0,0.0,True,True,True,False,0.0,1024.1472807293305,0.0,0.0,0.0,0.0,1024.1472807293305
2026-01-14T20:30:00Z,2026-01-14T20:45:00Z,2026-01-14,2026-01-14_87,0.0,0,0,100,64.34782608695645,64.34782608695645,0.0,0.0,0.0,True,True,True,False,0.0,1024.1472807293305,0.0,0.0,0.0,0.0,1024.1472807293305
2026-01-14T20:45:00Z,2026-01-14T21:00:00Z,2026-01-14,2026-01-14_88,0.0,0,0,100,64.34782608695645,64.34782608695645,0.0,0.0,0.0,True,True,True,False,0.0,1024.1472807293305,0.0,0.0,0.0,0.0,1024.1472807293305
2026-01-14T21:00:00Z,2026-01-14T21:15:00Z,2026-01-14,2026-01-14_89,0.0,0,0,100,64.34782608695645,64.34782608695645,0.0,0.0,0.0,True,True,True,False,0.0,1024.1472807293305,0.0,0.0,0.0,0.0,1024.1472807293305
2026-01-14T21:15:00Z,2026-01-14T21:30:00Z,2026-01-14,2026-01-14_90,0.0,0,0,100,64.34782608695645,64.34782608695645,0.0,0.0,0.0,True,True,True,False,0.0,1024.1472807293305,0.0,0.0,0.0,0.0,1024.1472807293305
2026-01-14T21:30:00Z,2026-01-14T21:45:00Z,2026-01-14,2026-01-14_91,0.0,0,0,100,64.34782608695645,64.34782608695645,0.0,0.0,0.0,True,True,True,False,0.0,1024.1472807293305,0.0,0.0,0.0,0.0,1024.1472807293305
2026-01-14T21:45:00Z,2026-01-14T22:00:00Z,2026-01-14,2026-01-14_92,0.0,0,0,100,64.34782608695645,64.34782608695645,0.0,0.0,0.0,True,True,True,False,0.0,1024.1472807293305,0.0,0.0,0.0,0.0,1024.1472807293305
2026-01-14T22:00:00Z,2026-01-14T22:15:00Z,2026-01-15,2026-01-14_93,0.0,0,0,100,64.34782608695645,64.34782608695645,0.0,0.0,0.0,True,True,True,False,0.0,1024.127158771637,0.0,0.0,0.0,0.0,1024.127158771637
2026-01-14T22:15:00Z,2026-01-14T22:30:00Z,2026-01-15,2026-01-14_94,0.0,0,0,100,64.34782608695645,64.34782608695645,0.0,0.0,0.0,True,True,True,False,0.0,1024.127158771637,0.0,0.0,0.0,0.0,1024.127158771637
2026-01-14T22:30:00Z,2026-01-14T22:45:00Z,2026-01-15,2026-01-14_95,0.0,0,0,100,64.34782608695645,64.34782608695645,0.0,0.0,0.0,True,True,True,False,0.0,1024.127158771637,0.0,0.0,0.0,0.0,1024.127158771637
2026-01-14T22:45:00Z,2026-01-14T23:00:00Z,2026-01-15,2026-01-14_96,0.0,0,0,100,64.34782608695645,64.34782608695645,0.0,0.0,0.0,True,True,True,False,0.0,1024.127158771637,0.0,0.0,0.0,0.0,1024.127158771637
2026-01-14T23:00:00Z,2026-01-14T23:15:00Z,2026-01-15,2026-01-15_1,0.0,0,0,100,64.34782608695645,64.34782608695645,0.0,0.0,0.0,True,True,True,False,0.0,1024.127158771637,0.0,0.0,0.0,0.0,1024.127158771637
2026-01-14T23:15:00Z,2026-01-14T23:30:00Z,2026-01-15,2026-01-15_2,0.0,0,0,100,64.34782608695645,64.34782608695645,0.0,0.0,0.0,True,True,True,False,0.0,1024.127158771637,0.0,0.0,0.0,0.0,1024.127158771637
2026-01-14T23:30:00Z,2026-01-14T23:45:00Z,2026-01-15,2026-01-15_3,0.0,0,0,100,64.34782608695645,64.34782608695645,0.0,0.0,0.0,True,True,True,False,0.0,1024.127158771637,0.0,0.0,0.0,0.0,1024.127158771637
2026-01-14T23:45:00Z,2026-01-15T00:00:00Z,2026-01-15,2026-01-15_4,0.0,0,0,100,64.34782608695645,64.34782608695645,0.0,0.0,0.0,True,True,True,False,0.0,1024.127158771637,0.0,0.0,0.0,0.0,1024.127158771637
2026-01-15T00:00:00Z,2026-01-15T00:15:00Z,2026-01-15,2026-01-15_5,0.0,0,0,100,64.34782608695645,64.34782608695645,0.0,0.0,0.0,True,True,True,False,0.0,1024.127158771637,0.0,0.0,0.0,0.0,1024.127158771637
2026-01-15T00:15:00Z,2026-01-15T00:30:00Z,2026-01-15,2026-01-15_6,0.0,0,0,100,64.34782608695645,64.34782608695645,0.0,0.0,0.0,True,True,True,False,0.0,1024.127158771637,0.0,0.0,0.0,0.0,1024.127158771637
2026-01-15T00:30:00Z,2026-01-15T00:45:00Z,2026-01-15,2026-01-15_7,-2.842170943040401e-14,0,0,100,64.34782608695645,64.34782608695645,1.8158314358313672e-17,0.0,0.0,True,True,True,False,-8.142819751810748e-13,1024.127158771637,0.0,0.0,0.0,0.0,1024.127158771636
2026-01-15T00:45:00Z,2026-01-15T01:00:00Z,2026-01-15,2026-01-15_8,-2.842170943040401e-14,0,0,100,64.34782608695645,64.34782608695645,1.8158314358313672e-17,0.0,0.0,True,True,True,False,-7.875655683164951e-13,1024.127158771637,0.0,0.0,0.0,0.0,1024.1271587716362
2026-01-15T01:00:00Z,2026-01-15T01:15:00Z,2026-01-15,2026-01-15_9,-59.00000000000004,59,0,41,64.34782608695645,73.63001625838503,0.02578386158730162,4.6606628571428566,0.0,True,True,True,False,-1706.2800000000013,419.8921350963711,50.47753305695817,0.0,830.4408032940476,0.0,-405.4695285526245
2026-01-15T01:15:00Z,2026-01-15T01:30:00Z,2026-01-15,2026-01-15_10,-59.0,59,0,41,73.63001625838503,87.20001625838502,0.03769444444444445,0.0,0.0,True,True,True,False,-1701.56,419.8921350963711,50.47753305695817,0.0,0.0,0.0,-1231.1903318466707
2026-01-15T01:30:00Z,2026-01-15T01:45:00Z,2026-01-15,2026-01-15_11,-58.999999999999986,59,0,41,87.20001625838502,100.47411271552787,0.03687249015873015,0.3216342857142857,0.0,True,True,True,False,-1695.2174999999997,419.8921350963711,50.47753305695817,0.0,49.57415844997881,0.0,-1175.2736733966917
2026-01-15T01:45:00Z,2026-01-15T02:00:00Z,2026-01-15,2026-01-15_12,-59.0,59,0,41,100.47411271552787,112.47371477267072,0.03333222793650793,1.7069542857142856,0.0,True,True,True,False,-1672.7975,419.8921350963711,50.47753305695817,0.0,275.3848462120978,0.0,-927.0429856345729
2026-01-15T02:00:00Z,2026-01-15T02:15:00Z,2026-01-15,2026-01-15_13,0.0,0,0,100,112.47371477267072,112.47371477267072,0.0,0.0,0.0,True,True,True,False,0.0,1024.127158771637,0.0,0.0,0.0,0.0,1024.127158771637
2026-01-15T02:15:00Z,2026-01-15T02:30:00Z,2026-01-15,2026-01-15_14,0.0,0,0,100,112.47371477267072,112.47371477267072,0.0,0.0,0.0,True,True,True,False,0.0,1024.127158771637,0.0,0.0,0.0,0.0,1024.127158771637
2026-01-15T02:30:00Z,2026-01-15T02:45:00Z,2026-01-15,2026-01-15_15,0.0,0,0,100,112.47371477267072,112.47371477267072,0.0,0.0,0.0,True,True,True,False,0.0,1024.127158771637,0.0,0.0,0.0,0.0,1024.127158771637
2026-01-15T02:45:00Z,2026-01-15T03:00:00Z,2026-01-15,2026-01-15_16,0.0,0,0,100,112.47371477267072,112.47371477267072,0.0,0.0,0.0,True,True,True,False,0.0,1024.127158771637,0.0,0.0,0.0,0.0,1024.127158771637
2026-01-15T03:00:00Z,2026-01-15T03:15:00Z,2026-01-15,2026-01-15_17,0.0,100,100,0,112.47371477267072,113.77768297142848,0.0037291042097998615,0.017714285714285714,1.4382857142857142,True,True,True,False,0.0,0.0,85.55514077450538,9.283454820519873,2.4362929052792897,-88.44198215443514,8.8329063458694
2026-01-15T03:15:00Z,2026-01-15T03:30:00Z,2026-01-15,2026-01-15_18,0.0,100,100,0,113.77768297142848,122.34104297142848,0.023787111111111113,0.0,9.308000000000002,True,True,True,False,0.0,0.0,85.55514077450538,9.283454820519873,0.0,-368.00770968819387,-273.1691140931686
2026-01-15T03:30:00Z,2026-01-15T03:45:00Z,2026-01-15,2026-01-15_19,0.0,100,100,0,122.34104297142848,134.87512297142848,0.03481688888888889,0.0,13.624,True,True,True,False,0.0,0.0,85.55514077450538,9.283454820519873,0.0,-6.611643122384424,88.22695247264082
2026-01-15T03:45:00Z,2026-01-15T04:00:00Z,2026-01-15,2026-01-15_20,0.0,100,100,0,134.87512297142848,143.97471154285705,0.025276634920634925,0.0,9.890857142857143,True,True,True,False,0.0,0.0,85.55514077450538,9.283454820519873,0.0,-247.82818644938376,-152.9895908543585
2026-01-15T04:00:00Z,2026-01-15T04:15:00Z,2026-01-15,2026-01-15_21,-3.3628946242225905e-14,0,0,100,143.97471154285705,143.97471154285705,2.1485160099199883e-17,0.0,0.0,True,True,True,False,-9.701950990882174e-13,1024.127158771637,0.0,0.0,0.0,0.0,1024.127158771636
2026-01-15T04:15:00Z,2026-01-15T04:30:00Z,2026-01-15,2026-01-15_22,0.0,0,0,100,143.97471154285705,143.97471154285705,0.0,0.0,0.0,True,True,True,False,0.0,1024.127158771637,0.0,0.0,0.0,0.0,1024.127158771637
2026-01-15T04:30:00Z,2026-01-15T04:45:00Z,2026-01-15,2026-01-15_23,0.0,0,0,100,143.97471154285705,143.97471154285705,0.0,0.0,0.0,True,True,True,False,0.0,1024.127158771637,0.0,0.0,0.0,0.0,1024.127158771637
2026-01-15T04:45:00Z,2026-01-15T05:00:00Z,2026-01-15,2026-01-15_24,0.0,0,0,100,143.97471154285705,143.97471154285705,0.0,0.0,0.0,True,True,True,False,0.0,1024.127158771637,0.0,0.0,0.0,0.0,1024.127158771637
2026-01-15T05:00:00Z,2026-01-15T05:15:00Z,2026-01-15,2026-01-15_25,-45.999999999999986,0,54,0,143.97471154285705,159.3529478857142,0.042717323174603174,0.0,5.215474285714286,True,True,True,False,-1445.4349999999995,0.0,0.0,5.013065603080731,0.0,-82.44316632751301,-1522.8651007244318
2026-01-15T05:15:00Z,2026-01-15T05:30:00Z,2026-01-15,2026-01-15_26,-45.999999999999986,0,54,0,159.3529478857142,170.31590971428562,0.030452671746031737,0.0,0.41626285714285716,True,True,True,False,-1567.7949999999996,0.0,0.0,5.013065603080731,0.0,-26.501640561470083,-1589.283574958389
2026-01-15T05:30:00Z,2026-01-15T05:45:00Z,2026-01-15,2026-01-15_27,-0.9580662165810289,0,54,0,170.31590971428562,171.13668322981357,0.002279926432022007,0.0,0.6526285714285714,True,True,True,False,-41.9010259821713,0.0,0.0,5.013065603080731,0.0,-47.59725046943547,-84.48521084852604
2026-01-15T05:45:00Z,2026-01-15T06:00:00Z,2026-01-15,2026-01-15_28,99.99999999999999,0,54,0,171.13668322981357,143.99999999999991,0.07537967563837128,0.0,0.03425142857142857,True,True,True,False,7663.249999999998,0.0,0.0,5.013065603080731,0.0,-2.725470768695321,7665.5375948343835
2026-01-15T06:00:00Z,2026-01-15T06:15:00Z,2026-01-15,2026-01-15_29,0.0,0,0,100,143.99999999999991,143.99999999999991,0.0,0.0,0.0,True,True,True,False,0.0,1024.127158771637,0.0,0.0,0.0,0.0,1024.127158771637
2026-01-15T06:15:00Z,2026-01-15T06:30:00Z,2026-01-15,2026-01-15_30,0.0,0,0,100,143.99999999999991,143.99999999999991,0.0,0.0,0.0,True,True,True,False,0.0,1024.127158771637,0.0,0.0,0.0,0.0,1024.127158771637
2026-01-15T06:30:00Z,2026-01-15T06:45:00Z,2026-01-15,2026-01-15_31,0.0,0,0,100,143.99999999999991,143.99999999999991,0.0,0.0,0.0,True,True,True,False,0.0,1024.127158771637,0.0,0.0,0.0,0.0,1024.127158771637
2026-01-15T06:45:00Z,2026-01-15T07:00:00Z,2026-01-15,2026-01-15_32,0.0,0,0,100,143.99999999999991,143.99999999999991,0.0,0.0,0.0,True,True,True,False,0.0,1024.127158771637,0.0,0.0,0.0,0.0,1024.127158771637
2026-01-15T07:00:00Z,2026-01-15T07:15:00Z,2026-01-15,2026-01-15_33,0.0,0,0,100,143.99999999999991,143.99999999999991,0.0,0.0,0.0,True,True,True,False,0.0,1024.127158771637,0.0,0.0,0.0,0.0,1024.127158771637
2026-01-15T07:15:00Z,2026-01-15T07:30:00Z,2026-01-15,2026-01-15_34,0.0,0,0,100,143.99999999999991,143.99999999999991,0.0,0.0,0.0,True,True,True,False,0.0,1024.127158771637,0.0,0.0,0.0,0.0,1024.127158771637
2026-01-15T07:30:00Z,2026-01-15T07:45:00Z,2026-01-15,2026-01-15_35,0.0,0,0,100,143.99999999999991,143.99999999999991,0.0,0.0,0.0,True,True,True,False,0.0,1024.127158771637,0.0,0.0,0.0,0.0,1024.127158771637
2026-01-15T07:45:00Z,2026-01-15T08:00:00Z,2026-01-15,2026-01-15_36,0.0,0,0,100,143.99999999999991,143.99999999999991,0.0,0.0,0.0,True,True,True,False,0.0,1024.127158771637,0.0,0.0,0.0,0.0,1024.127158771637
2026-01-15T08:00:00Z,2026-01-15T08:15:00Z,2026-01-15,2026-01-15_37,0.0,0,0,100,143.99999999999991,143.99999999999991,0.0,0.0,0.0,True,True,True,False,0.0,1024.127158771637,0.0,0.0,0.0,0.0,1024.127158771637
2026-01-15T08:15:00Z,2026-01-15T08:30:00Z,2026-01-15,2026-01-15_38,0.0,0,0,100,143.99999999999991,143.99999999999991,0.0,0.0,0.0,True,True,True,False,0.0,1024.127158771637,0.0,0.0,0.0,0.0,1024.127158771637
2026-01-15T08:30:00Z,2026-01-15T08:45:00Z,2026-01-15,2026-01-15_39,0.0,0,0,100,143.99999999999991,143.99999999999991,0.0,0.0,0.0,True,True,True,False,0.0,1024.127158771637,0.0,0.0,0.0,0.0,1024.127158771637
2026-01-15T08:45:00Z,2026-01-15T09:00:00Z,2026-01-15,2026-01-15_40,0.0,0,0,100,143.99999999999991,143.99999999999991,0.0,0.0,0.0,True,True,True,False,0.0,1024.127158771637,0.0,0.0,0.0,0.0,1024.127158771637
2026-01-15T09:00:00Z,2026-01-15T09:15:00Z,2026-01-15,2026-01-15_41,0.0,0,0,100,143.99999999999991,143.99999999999991,0.0,0.0,0.0,True,True,True,False,0.0,1024.127158771637,0.0,0.0,0.0,0.0,1024.127158771637
2026-01-15T09:15:00Z,2026-01-15T09:30:00Z,2026-01-15,2026-01-15_42,0.0,0,0,100,143.99999999999991,143.99999999999991,0.0,0.0,0.0,True,True,True,False,0.0,1024.127158771637,0.0,0.0,0.0,0.0,1024.127158771637
2026-01-15T09:30:00Z,2026-01-15T09:45:00Z,2026-01-15,2026-01-15_43,0.0,0,0,100,143.99999999999991,143.99999999999991,0.0,0.0,0.0,True,True,True,False,0.0,1024.127158771637,0.0,0.0,0.0,0.0,1024.127158771637
2026-01-15T09:45:00Z,2026-01-15T10:00:00Z,2026-01-15,2026-01-15_44,0.0,0,0,100,143.99999999999991,143.99999999999991,0.0,0.0,0.0,True,True,True,False,0.0,1024.127158771637,0.0,0.0,0.0,0.0,1024.127158771637
2026-01-15T10:00:00Z,2026-01-15T10:15:00Z,2026-01-15,2026-01-15_45,0.0,0,0,100,143.99999999999991,143.99999999999991,0.0,0.0,0.0,True,False,True,False,0.0,1024.127158771637,0.0,0.0,0.0,0.0,1024.127158771637
2026-01-15T10:15:00Z,2026-01-15T10:30:00Z,2026-01-15,2026-01-15_46,0.0,0,0,100,143.99999999999991,143.99999999999991,0.0,0.0,0.0,True,False,True,False,0.0,1024.127158771637,0.0,0.0,0.0,0.0,1024.127158771637
2026-01-15T10:30:00Z,2026-01-15T10:45:00Z,2026-01-15,2026-01-15_47,0.0,0,0,100,143.99999999999991,143.99999999999991,0.0,0.0,0.0,True,False,True,False,0.0,1024.127158771637,0.0,0.0,0.0,0.0,1024.127158771637
2026-01-15T10:45:00Z,2026-01-15T11:00:00Z,2026-01-15,2026-01-15_48,0.0,0,0,100,143.99999999999991,143.99999999999991,0.0,0.0,0.0,True,False,True,False,0.0,1024.127158771637,0.0,0.0,0.0,0.0,1024.127158771637
2026-01-15T11:00:00Z,2026-01-15T11:15:00Z,2026-01-15,2026-01-15_49,0.0,0,0,100,143.99999999999991,143.99999999999991,0.0,0.0,0.0,True,False,True,False,0.0,1024.127158771637,0.0,0.0,0.0,0.0,1024.127158771637
2026-01-15T11:15:00Z,2026-01-15T11:30:00Z,2026-01-15,2026-01-15_50,0.0,0,0,100,143.99999999999991,143.99999999999991,0.0,0.0,0.0,True,False,True,False,0.0,1024.127158771637,0.0,0.0,0.0,0.0,1024.127158771637
2026-01-15T11:30:00Z,2026-01-15T11:45:00Z,2026-01-15,2026-01-15_51,0.0,0,0,100,143.99999999999991,143.99999999999991,0.0,0.0,0.0,True,False,True,False,0.0,1024.127158771637,0.0,0.0,0.0,0.0,1024.127158771637
2026-01-15T11:45:00Z,2026-01-15T12:00:00Z,2026-01-15,2026-01-15_52,0.0,0,0,100,143.99999999999991,143.99999999999991,0.0,0.0,0.0,True,False,True,False,0.0,1024.127158771637,0.0,0.0,0.0,0.0,1024.127158771637
2026-01-15T12:00:00Z,2026-01-15T12:15:00Z,2026-01-15,2026-01-15_53,0.0,0,0,100,143.99999999999991,143.99999999999991,0.0,0.0,0.0,True,True,True,False,0.0,1024.127158771637,0.0,0.0,0.0,0.0,1024.127158771637
2026-01-15T12:15:00Z,2026-01-15T12:30:00Z,2026-01-15,2026-01-15_54,0.0,0,0,100,143.99999999999991,143.99999999999991,0.0,0.0,0.0,True,True,True,False,0.0,1024.127158771637,0.0,0.0,0.0,0.0,1024.127158771637
2026-01-15T12:30:00Z,2026-01-15T12:45:00Z,2026-01-15,2026-01-15_55,0.0,0,0,100,143.99999999999991,143.99999999999991,0.0,0.0,0.0,True,True,True,False,0.0,1024.127158771637,0.0,0.0,0.0,0.0,1024.127158771637
2026-01-15T12:45:00Z,2026-01-15T13:00:00Z,2026-01-15,2026-01-15_56,0.0,0,0,100,143.99999999999991,143.99999999999991,0.0,0.0,0.0,True,True,True,False,0.0,1024.127158771637,0.0,0.0,0.0,0.0,1024.127158771637
2026-01-15T13:00:00Z,2026-01-15T13:15:00Z,2026-01-15,2026-01-15_57,0.0,0,0,100,143.99999999999991,143.99999999999991,0.0,0.0,0.0,True,True,True,False,0.0,1024.127158771637,0.0,0.0,0.0,0.0,1024.127158771637
2026-01-15T13:15:00Z,2026-01-15T13:30:00Z,2026-01-15,2026-01-15_58,0.0,0,0,100,143.99999999999991,143.99999999999991,0.0,0.0,0.0,True,True,True,False,0.0,1024.127158771637,0.0,0.0,0.0,0.0,1024.127158771637
2026-01-15T13:30:00Z,2026-01-15T13:45:00Z,2026-01-15,2026-01-15_59,0.0,0,0,100,143.99999999999991,143.99999999999991,0.0,0.0,0.0,True,True,True,False,0.0,1024.127158771637,0.0,0.0,0.0,0.0,1024.127158771637
2026-01-15T13:45:00Z,2026-01-15T14:00:00Z,2026-01-15,2026-01-15_60,0.0,0,0,100,143.99999999999991,143.99999999999991,0.0,0.0,0.0,True,True,True,False,0.0,1024.127158771637,0.0,0.0,0.0,0.0,1024.127158771637
2026-01-15T14:00:00Z,2026-01-15T14:15:00Z,2026-01-15,2026-01-15_61,-55.00000000000002,0,0,45,143.99999999999991,156.6499999999999,0.0351388888888889,0.0,0.0,True,True,True,False,-2234.5125000000007,460.85722144723655,0.0,0.0,0.0,0.0,-1773.6552785527642
2026-01-15T14:15:00Z,2026-01-15T14:30:00Z,2026-01-15,2026-01-15_62,-55.00000000000002,0,0,45,156.6499999999999,169.2999999999999,0.03513888888888891,0.0,0.0,True,True,True,False,-2448.875000000001,460.85722144723655,0.0,0.0,0.0,0.0,-1988.0177785527644
2026-01-15T14:30:00Z,2026-01-15T14:45:00Z,2026-01-15,2026-01-15_63,55.00000000000002,0,0,45,169.2999999999999,154.35434782608684,0.041515700483091805,0.0,0.0,True,True,True,False,4566.925000000002,460.85722144723655,0.0,0.0,0.0,0.0,5027.782221447239
2026-01-15T14:45:00Z,2026-01-15T15:00:00Z,2026-01-15,2026-01-15_64,-54.981096408317605,0,0,45,154.35434782608684,166.9999999999999,0.03512681159420292,0.0,0.0,True,True,True,False,-2655.4495037807196,460.85722144723655,0.0,0.0,0.0,0.0,-2194.592282333483
2026-01-15T15:00:00Z,2026-01-15T15:15:00Z,2026-01-15,2026-01-15_65,-100.0,0,0,0,166.9999999999999,189.9999999999999,0.06388888888888888,0.0,0.0,True,True,True,False,-4804.75,0.0,0.0,0.0,0.0,0.0,-4804.75
2026-01-15T15:15:00Z,2026-01-15T15:30:00Z,2026-01-15,2026-01-15_66,100.0,0,0,0,189.9999999999999,162.8260869565216,0.0754830917874396,0.0,0.0,True,True,True,False,10588.5,0.0,0.0,0.0,0.0,0.0,10588.5
2026-01-15T15:30:00Z,2026-01-15T15:45:00Z,2026-01-15,2026-01-15_67,0.0,0,0,0,162.8260869565216,162.8260869565216,0.0,0.0,0.0,True,True,True,False,0.0,0.0,0.0,0.0,0.0,0.0,0.0
2026-01-15T15:45:00Z,2026-01-15T16:00:00Z,2026-01-15,2026-01-15_68,100.0,0,0,0,162.8260869565216,135.65217391304336,0.0754830917874396,0.0,0.0,True,True,True,False,10487.0,0.0,0.0,0.0,0.0,0.0,10487.0
2026-01-15T16:00:00Z,2026-01-15T16:15:00Z,2026-01-15,2026-01-15_69,0.0,0,0,100,135.65217391304336,135.65217391304336,0.0,0.0,0.0,True,True,True,False,0.0,1024.127158771637,0.0,0.0,0.0,0.0,1024.127158771637
2026-01-15T16:15:00Z,2026-01-15T16:30:00Z,2026-01-15,2026-01-15_70,0.0,0,0,100,135.65217391304336,135.65217391304336,0.0,0.0,0.0,True,True,True,False,0.0,1024.127158771637,0.0,0.0,0.0,0.0,1024.127158771637
2026-01-15T16:30:00Z,2026-01-15T16:45:00Z,2026-01-15,2026-01-15_71,0.0,0,0,100,135.65217391304336,135.65217391304336,0.0,0.0,0.0,True,True,True,False,0.0,1024.127158771637,0.0,0.0,0.0,0.0,1024.127158771637
2026-01-15T16:45:00Z,2026-01-15T17:00:00Z,2026-01-15,2026-01-15_72,0.0,0,0,100,135.65217391304336,135.65217391304336,0.0,0.0,0.0,True,True,True,False,0.0,1024.127158771637,0.0,0.0,0.0,0.0,1024.127158771637
2026-01-15T17:00:00Z,2026-01-15T17:15:00Z,2026-01-15,2026-01-15_73,99.97529337605073,0,100,0,135.65217391304336,108.75515070807438,0.07471426723891078,0.0,0.24857142857142855,True,True,True,False,7665.605619608689,0.0,0.0,8.458258836473664,0.0,-18.734404216919884,7655.329474228243
2026-01-15T17:15:00Z,2026-01-15T17:30:00Z,2026-01-15,2026-01-15_74,0.0,0,100,0,108.75515070807438,108.75515070807438,0.0,0.0,0.0,True,True,True,False,0.0,0.0,0.0,8.458258836473664,0.0,0.0,8.458258836473664
2026-01-15T17:30:00Z,2026-01-15T17:45:00Z,2026-01-15,2026-01-15_75,100.0,0,100,0,108.75515070807438,81.66446747826072,0.07525189786059351,0.0,0.07657142857142858,True,True,True,False,11794.5,0.0,0.0,8.458258836473664,0.0,-6.092977694447331,11796.865281142027
2026-01-15T17:45:00Z,2026-01-15T18:00:00Z,2026-01-15,2026-01-15_76,100.0,0,100,0,81.66446747826072,54.58372213664581,0.07522429261559696,0.0,0.08571428571428572,True,True,True,False,8724.0,0.0,0.0,8.458258836473664,0.0,-6.8204974191574586,8725.637761417316
2026-01-15T18:00:00Z,2026-01-15T18:15:00Z,2026-01-15,2026-01-15_77,0.0,0,33,67,54.58372213664581,54.624838250931525,0.00011421142857142856,0.0,0.04469142857142856,True,True,True,False,0.0,686.1651963769966,0.0,2.7912254160363092,0.0,-3.5562073543486985,685.4002144386842
2026-01-15T18:15:00Z,2026-01-15T18:30:00Z,2026-01-15,2026-01-15_78,0.0,0,33,67,54.624838250931525,55.174440993788664,0.001526674285714286,0.0,0.5973942857142858,True,True,True,False,0.0,686.1651963769966,0.0,2.7912254160363092,0.0,-44.593710506653494,644.3627112863794
2026-01-15T18:30:00Z,2026-01-15T18:45:00Z,2026-01-15,2026-01-15_79,33.0,0,33,67,55.174440993788664,46.41304347826072,0.02433721532091097,0.0,0.1895142857142857,True,True,True,False,2701.2975,686.1651963769966,0.0,2.7912254160363092,0.0,-15.063364105097408,3375.190557687936
2026-01-15T18:45:00Z,2026-01-15T19:00:00Z,2026-01-15,2026-01-15_80,0.0,0,33,67,46.41304347826072,47.09831204968929,0.0019035238095238096,0.0,0.7448571428571429,True,True,True,False,0.0,686.1651963769966,0.0,2.7912254160363092,0.0,-47.92494303621601,641.0314787568169
2026-01-15T19:00:00Z,2026-01-15T19:15:00Z,2026-01-15,2026-01-15_81,100.0,0,64,0,47.09831204968929,20.601765465838362,0.07360151828847482,0.0,0.6231771428571429,True,True,True,False,9280.5,0.0,0.0,5.941411085132718,0.0,-47.150231309731986,9239.2911797754
2026-01-15T19:15:00Z,2026-01-15T19:30:00Z,2026-01-15,2026-01-15_82,39.23051243093426,0,64,0,20.601765465838362,9.999999999999858,0.02956292644588397,0.0,0.057417142857142854,True,True,True,False,2458.4781377655727,0.0,0.0,5.941411085132718,0.0,-4.568823871179609,2459.8507249795257
2026-01-15T19:30:00Z,2026-01-15T19:45:00Z,2026-01-15,2026-01-15_83,-0.42084156629750047,0,64,0,9.999999999999858,12.315055503105427,0.0064307097308488,0.0,2.411154285714286,True,True,True,False,-22.27724831195819,0.0,0.0,5.941411085132718,0.0,-147.82478668234728,-164.16062390917276
2026-01-15T19:45:00Z,2026-01-15T20:00:00Z,2026-01-15,2026-01-15_84,-36.00000000000014,0,64,0,12.315055503105427,21.76087950310546,0.0262384000000001,0.0,1.2671999999999999,True,True,True,False,-1501.5600000000059,0.0,0.0,5.941411085132718,0.0,-90.00986557164468,-1585.6284544865177
2026-01-15T20:00:00Z,2026-01-15T20:15:00Z,2026-01-15,2026-01-15_85,0.0,100,100,0,21.76087950310546,20.44048795031043,0.0038546749482401663,1.2457142857142858,0.036571428571428574,True,True,True,False,0.0,0.0,96.54793013340668,9.283454820519873,200.97321481198725,-2.910078898840516,303.8945208670733
2026-01-15T20:15:00Z,2026-01-15T20:30:00Z,2026-01-15,2026-01-15_86,0.0,100,100,0,20.44048795031043,10.154726956521612,0.028592002760524492,9.466285714285712,0.004,True,True,True,False,0.0,0.0,96.54793013340668,9.283454820519873,5851.582552101021,-0.31828987956068144,5957.095647175387
2026-01-15T20:30:00Z,2026-01-15T20:45:00Z,2026-01-15,2026-01-15_87,0.0,100,100,0,10.154726956521612,15.90682236024832,0.016292052449965493,0.052,6.313714285714285,True,True,True,False,0.0,0.0,96.54793013340668,9.283454820519873,7.1516985284004955,-378.8824005905484,-265.89931710822134
2026-01-15T20:45:00Z,2026-01-15T21:00:00Z,2026-01-15,2026-01-15_88,0.0,100,100,0,15.90682236024832,20.869565217391177,0.013785396825396827,0.0,5.394285714285714,True,True,True,False,0.0,0.0,96.54793013340668,9.283454820519873,0.0,-211.39427471167258,-105.56288975774602
2026-01-15T21:00:00Z,2026-01-15T21:15:00Z,2026-01-15,2026-01-15_89,-80.0,80,0,20,20.869565217391177,39.25358350310546,0.05106671746031746,0.01737142857142857,0.0,True,True,True,False,-3208.8,204.82543175432738,73.489596636344,0.0,2.389138849048077,0.0,-2928.0958327602807
2026-01-15T21:15:00Z,2026-01-15T21:30:00Z,2026-01-15,2026-01-15_90,-80.0,80,0,20,39.25358350310546,57.565263503105456,0.05086577777777778,0.09599999999999999,0.0,True,True,True,False,-3143.8,204.82543175432738,73.489596636344,0.0,13.840847201210284,0.0,-2851.6441244081184
2026-01-15T21:30:00Z,2026-01-15T21:45:00Z,2026-01-15,2026-01-15_91,-80.0,80,0,20,57.565263503105456,75.9248886459626,0.050998958730158736,0.043885714285714285,0.0,True,True,True,False,-2765.6,204.82543175432738,73.489596636344,0.0,6.035719197595143,0.0,-2481.2492524117333
2026-01-15T21:45:00Z,2026-01-15T22:00:00Z,2026-01-15,2026-01-15_92,-80.0,80,0,20,75.9248886459626,93.18177550310544,0.047935796825396816,1.2425142857142857,0.0,True,True,True,False,-2615.4,204.82543175432738,73.489596636344,0.0,190.7423113234291,0.0,-2146.3426602858995
2026-01-15T22:00:00Z,2026-01-15T22:15:00Z,2026-01-16,2026-01-15_93,0.0,100,100,0,93.18177550310544,95.18250395031042,0.005619690821256039,0.010285714285714285,2.186857142857143,True,True,True,False,0.0,0.0,96.32351496335305,12.379399107897271,1.3440490460002747,-94.03945508186965,16.007508035380948
2026-01-15T22:15:00Z,2026-01-15T22:30:00Z,2026-01-16,2026-01-15_94,0.0,100,100,0,95.18250395031042,96.56596432298123,0.00421216563146998,0.061142857142857145,1.576,True,True,True,False,0.0,0.0,96.32351496335305,12.379399107897271,7.98962488455719,-93.27482187420173,23.417717081605776
2026-01-15T22:30:00Z,2026-01-15T22:45:00Z,2026-01-16,2026-01-15_95,0.0,100,100,0,96.56596432298123,101.50925575155266,0.013731365079365081,0.0,5.373142857142858,True,True,True,False,0.0,0.0,96.32351496335305,12.379399107897271,0.0,-262.00129161204484,-153.29837754079452
2026-01-15T22:45:00Z,2026-01-15T23:00:00Z,2026-01-16,2026-01-15_96,0.0,100,100,0,101.50925575155266,119.82882146583837,0.050887682539682545,0.0,19.91257142857143,True,True,True,False,0.0,0.0,96.32351496335305,12.379399107897271,0.0,7911.611184239706,8020.314098310956
2026-01-15T23:00:00Z,2026-01-15T23:15:00Z,2026-01-16,2026-01-16_1,0.0,100,100,0,119.82882146583837,128.29860432298122,0.023527174603174605,0.0,9.206285714285714,True,True,True,False,0.0,0.0,81.43876127409561,12.379399107897271,0.0,2301.068520900412,2394.886681282405
2026-01-15T23:15:00Z,2026-01-15T23:30:00Z,2026-01-16,2026-01-16_2,0.0,100,100,0,128.29860432298122,129.5857923975154,0.0035858743961352654,0.0017142857142857142,1.401142857142857,True,True,True,False,0.0,0.0,81.43876127409561,12.379399107897271,0.21255512481858985,-83.92650510755479,10.104210399256683
2026-01-15T23:30:00Z,2026-01-15T23:45:00Z,2026-01-16,2026-01-16_3,0.0,100,100,0,129.5857923975154,130.62828382608683,0.002895809523809524,0.0,1.1331428571428572,True,True,True,False,0.0,0.0,81.43876127409561,12.379399107897271,0.0,-68.50603502724312,25.312125354749767
2026-01-15T23:45:00Z,2026-01-16T00:00:00Z,2026-01-16,2026-01-16_4,0.0,100,100,0,130.62828382608683,142.76597525465826,0.03371580952380953,0.0,13.19314285714286,True,True,True,False,0.0,0.0,81.43876127409561,12.379399107897271,0.0,1048.4259393605944,1142.2440997425872
2026-01-16T00:00:00Z,2026-01-16T00:15:00Z,2026-01-16,2026-01-16_5,0.0,2,2,98,142.76597525465826,142.83189982608684,0.00018312380952380952,0.0,0.07165714285714285,True,True,True,False,0.0,1003.7629443320036,1.6287752254819121,0.24758798215794542,0.0,-2.0556423729146602,1003.5836651667288
2026-01-16T00:15:00Z,2026-01-16T00:30:00Z,2026-01-16,2026-01-16_6,0.0,2,2,98,142.83189982608684,143.02588839751542,0.0005388571428571429,0.0,0.21085714285714285,True,True,True,False,0.0,1003.7629443320036,1.6287752254819121,0.24758798215794542,0.0,-2.699283005414934,1002.9400245342285
2026-01-16T00:30:00Z,2026-01-16T00:45:00Z,2026-01-16,2026-01-16_7,0.0,2,2,98,143.02588839751542,143.279492968944,0.0007044571428571429,0.0,0.2756571428571429,True,True,True,False,0.0,1003.7629443320036,1.6287752254819121,0.24758798215794542,0.0,-1.2688429332158087,1004.3704646064276
2026-01-16T00:45:00Z,2026-01-16T01:00:00Z,2026-01-16,2026-01-16_8,0.0,2,2,98,143.279492968944,143.30230547080737,6.95792408557626e-05,0.0010285714285714286,0.02601142857142857,True,True,True,False,0.0,1003.7629443320036,1.6287752254819121,0.24758798215794542,0.11500209130438444,-1.3816862369714542,1004.3726233939764
2026-01-16T01:00:00Z,2026-01-16T01:15:00Z,2026-01-16,2026-01-16_9,0.0,0,0,100,143.30230547080737,143.30230547080737,0.0,0.0,0.0,True,True,True,False,0.0,1024.2479023795956,0.0,0.0,0.0,0.0,1024.2479023795956
2026-01-16T01:15:00Z,2026-01-16T01:30:00Z,2026-01-16,2026-01-16_10,0.0,0,0,100,143.30230547080737,143.30230547080737,0.0,0.0,0.0,True,True,True,False,0.0,1024.2479023795956,0.0,0.0,0.0,0.0,1024.2479023795956
2026-01-16T01:30:00Z,2026-01-16T01:45:00Z,2026-01-16,2026-01-16_11,0.0,0,0,100,143.30230547080737,143.30230547080737,0.0,0.0,0.0,True,True,True,False,0.0,1024.2479023795956,0.0,0.0,0.0,0.0,1024.2479023795956
2026-01-16T01:45:00Z,2026-01-16T02:00:00Z,2026-01-16,2026-01-16_12,0.0,0,0,100,143.30230547080737,143.30230547080737,0.0,0.0,0.0,True,True,True,False,0.0,1024.2479023795956,0.0,0.0,0.0,0.0,1024.2479023795956
2026-01-16T02:00:00Z,2026-01-16T02:15:00Z,2026-01-16,2026-01-16_13,0.0,0,0,100,143.30230547080737,143.30230547080737,0.0,0.0,0.0,True,True,True,False,0.0,1024.2479023795956,0.0,0.0,0.0,0.0,1024.2479023795956
2026-01-16T02:15:00Z,2026-01-16T02:30:00Z,2026-01-16,2026-01-16_14,0.0,0,0,100,143.30230547080737,143.30230547080737,0.0,0.0,0.0,True,True,True,False,0.0,1024.2479023795956,0.0,0.0,0.0,0.0,1024.2479023795956
2026-01-16T02:30:00Z,2026-01-16T02:45:00Z,2026-01-16,2026-01-16_15,0.0,0,0,100,143.30230547080737,143.30230547080737,0.0,0.0,0.0,True,True,True,False,0.0,1024.2479023795956,0.0,0.0,0.0,0.0,1024.2479023795956
2026-01-16T02:45:00Z,2026-01-16T03:00:00Z,2026-01-16,2026-01-16_16,0.0,0,0,100,143.30230547080737,143.30230547080737,0.0,0.0,0.0,True,True,True,False,0.0,1024.2479023795956,0.0,0.0,0.0,0.0,1024.2479023795956
2026-01-16T03:00:00Z,2026-01-16T03:15:00Z,2026-01-16,2026-01-16_17,0.0,0,0,100,143.30230547080737,143.30230547080737,0.0,0.0,0.0,True,True,True,False,0.0,1024.2479023795956,0.0,0.0,0.0,0.0,1024.2479023795956
2026-01-16T03:15:00Z,2026-01-16T03:30:00Z,2026-01-16,2026-01-16_18,0.0,0,0,100,143.30230547080737,143.30230547080737,0.0,0.0,0.0,True,True,True,False,0.0,1024.2479023795956,0.0,0.0,0.0,0.0,1024.2479023795956
2026-01-16T03:30:00Z,2026-01-16T03:45:00Z,2026-01-16,2026-01-16_19,0.0,0,0,100,143.30230547080737,143.30230547080737,0.0,0.0,0.0,True,True,True,False,0.0,1024.2479023795956,0.0,0.0,0.0,0.0,1024.2479023795956
2026-01-16T03:45:00Z,2026-01-16T04:00:00Z,2026-01-16,2026-01-16_20,0.0,0,0,100,143.30230547080737,143.30230547080737,0.0,0.0,0.0,True,True,True,False,0.0,1024.2479023795956,0.0,0.0,0.0,0.0,1024.2479023795956
2026-01-16T04:00:00Z,2026-01-16T04:15:00Z,2026-01-16,2026-01-16_21,0.0,0,0,100,143.30230547080737,143.30230547080737,0.0,0.0,0.0,True,True,True,False,0.0,1024.2479023795956,0.0,0.0,0.0,0.0,1024.2479023795956
2026-01-16T04:15:00Z,2026-01-16T04:30:00Z,2026-01-16,2026-01-16_22,0.0,0,0,100,143.30230547080737,143.30230547080737,0.0,0.0,0.0,True,True,True,False,0.0,1024.2479023795956,0.0,0.0,0.0,0.0,1024.2479023795956
2026-01-16T04:30:00Z,2026-01-16T04:45:00Z,2026-01-16,2026-01-16_23,0.0,0,0,100,143.30230547080737,143.30230547080737,0.0,0.0,0.0,True,True,True,False,0.0,1024.2479023795956,0.0,0.0,0.0,0.0,1024.2479023795956
2026-01-16T04:45:00Z,2026-01-16T05:00:00Z,2026-01-16,2026-01-16_24,0.0,0,0,100,143.30230547080737,143.30230547080737,0.0,0.0,0.0,True,True,True,False,0.0,1024.2479023795956,0.0,0.0,0.0,0.0,1024.2479023795956
2026-01-16T05:00:00Z,2026-01-16T05:15:00Z,2026-01-16,2026-01-16_25,0.0,0,0,100,143.30230547080737,143.30230547080737,0.0,0.0,0.0,True,False,True,False,0.0,1024.2479023795956,0.0,0.0,0.0,0.0,1024.2479023795956
2026-01-16T05:15:00Z,2026-01-16T05:30:00Z,2026-01-16,2026-01-16_26,0.0,0,0,100,143.30230547080737,143.30230547080737,0.0,0.0,0.0,True,False,True,False,0.0,1024.2479023795956,0.0,0.0,0.0,0.0,1024.2479023795956
2026-01-16T05:30:00Z,2026-01-16T05:45:00Z,2026-01-16,2026-01-16_27,0.0,0,0,100,143.30230547080737,143.30230547080737,0.0,0.0,0.0,True,False,True,False,0.0,1024.2479023795956,0.0,0.0,0.0,0.0,1024.2479023795956
2026-01-16T05:45:00Z,2026-01-16T06:00:00Z,2026-01-16,2026-01-16_28,0.0,0,0,100,143.30230547080737,143.30230547080737,0.0,0.0,0.0,True,False,True,False,0.0,1024.2479023795956,0.0,0.0,0.0,0.0,1024.2479023795956
2026-01-16T06:00:00Z,2026-01-16T06:15:00Z,2026-01-16,2026-01-16_29,-100.0,100,0,0,143.30230547080737,149.86637404223595,0.01823352380952381,17.865142857142857,0.0,True,True,True,False,-3872.5,0.0,106.31545852901299,0.0,12988.00554641994,0.0,9221.821004948952
2026-01-16T06:15:00Z,2026-01-16T06:30:00Z,2026-01-16,2026-01-16_30,0.0,100,0,0,149.86637404223595,144.2129578931676,0.01570393374741201,5.201142857142858,0.0,True,True,True,False,0.0,0.0,106.31545852901299,0.0,1863.504557022432,0.0,1969.820015551445
2026-01-16T06:30:00Z,2026-01-16T06:45:00Z,2026-01-16,2026-01-16_31,0.0,100,0,0,144.2129578931676,143.97444857639744,0.0006625258799171842,0.21942857142857142,0.0,True,True,True,False,0.0,0.0,106.31545852901299,0.0,32.034863981001415,0.0,138.3503225100144
2026-01-16T06:45:00Z,2026-01-16T07:00:00Z,2026-01-16,2026-01-16_32,0.0,100,0,0,143.97444857639744,143.9235168993788,0.0001414768806073154,0.04685714285714286,0.0,True,True,True,False,0.0,0.0,106.31545852901299,0.0,6.445147472048103,0.0,112.76060600106109
2026-01-16T07:00:00Z,2026-01-16T07:15:00Z,2026-01-16,2026-01-16_33,0.0,0,0,100,143.9235168993788,143.9235168993788,0.0,0.0,0.0,True,True,True,False,0.0,1024.2479023795956,0.0,0.0,0.0,0.0,1024.2479023795956
2026-01-16T07:15:00Z,2026-01-16T07:30:00Z,2026-01-16,2026-01-16_34,0.0,0,0,100,143.9235168993788,143.9235168993788,0.0,0.0,0.0,True,True,True,False,0.0,1024.2479023795956,0.0,0.0,0.0,0.0,1024.2479023795956
2026-01-16T07:30:00Z,2026-01-16T07:45:00Z,2026-01-16,2026-01-16_35,0.0,0,0,100,143.9235168993788,143.9235168993788,0.0,0.0,0.0,True,True,True,False,0.0,1024.2479023795956,0.0,0.0,0.0,0.0,1024.2479023795956
2026-01-16T07:45:00Z,2026-01-16T08:00:00Z,2026-01-16,2026-01-16_36,0.0,0,0,100,143.9235168993788,143.9235168993788,0.0,0.0,0.0,True,True,True,False,0.0,1024.2479023795956,0.0,0.0,0.0,0.0,1024.2479023795956
2026-01-16T08:00:00Z,2026-01-16T08:15:00Z,2026-01-16,2026-01-16_37,0.0,0,0,100,143.9235168993788,143.9235168993788,0.0,0.0,0.0,True,True,True,False,0.0,1024.2479023795956,0.0,0.0,0.0,0.0,1024.2479023795956
2026-01-16T08:15:00Z,2026-01-16T08:30:00Z,2026-01-16,2026-01-16_38,0.0,0,0,100,143.9235168993788,143.9235168993788,0.0,0.0,0.0,True,True,True,False,0.0,1024.2479023795956,0.0,0.0,0.0,0.0,1024.2479023795956
2026-01-16T08:30:00Z,2026-01-16T08:45:00Z,2026-01-16,2026-01-16_39,0.0,0,0,100,143.9235168993788,143.9235168993788,0.0,0.0,0.0,True,True,True,False,0.0,1024.2479023795956,0.0,0.0,0.0,0.0,1024.2479023795956
2026-01-16T08:45:00Z,2026-01-16T09:00:00Z,2026-01-16,2026-01-16_40,0.0,0,0,100,143.9235168993788,143.9235168993788,0.0,0.0,0.0,True,True,True,False,0.0,1024.2479023795956,0.0,0.0,0.0,0.0,1024.2479023795956
2026-01-16T09:00:00Z,2026-01-16T09:15:00Z,2026-01-16,2026-01-16_41,0.0,100,100,0,143.9235168993788,125.43718149565208,0.05135093167701864,17.007428571428573,0.0,True,True,True,False,0.0,0.0,82.1756302686133,13.234167141537796,9747.688495692475,0.0,9843.098293102626
2026-01-16T09:15:00Z,2026-01-16T09:30:00Z,2026-01-16,2026-01-16_42,0.0,100,100,0,125.43718149565208,114.58873429068313,0.030134575569358175,9.980571428571428,0.0,True,True,True,False,0.0,0.0,82.1756302686133,13.234167141537796,1648.2092672013293,0.0,1743.6190646114806
2026-01-16T09:30:00Z,2026-01-16T09:45:00Z,2026-01-16,2026-01-16_43,0.0,100,100,0,114.58873429068313,112.15767839006202,0.006752933057280883,2.2365714285714287,0.0,True,True,True,False,0.0,0.0,82.1756302686133,13.234167141537796,293.8790077392298,0.0,389.2888051493809
2026-01-16T09:45:00Z,2026-01-16T10:00:00Z,2026-01-16,2026-01-16_44,0.0,100,100,0,112.15767839006202,114.53137478757753,0.007521827467218772,0.15371428571428572,2.7617142857142856,True,True,True,False,0.0,0.0,82.1756302686133,13.234167141537796,19.059109525400224,-151.28676392401687,-36.81785698846554
2026-01-16T10:00:00Z,2026-01-16T10:15:00Z,2026-01-16,2026-01-16_45,0.0,0,0,100,114.53137478757753,114.53137478757753,0.0,0.0,0.0,True,True,True,False,0.0,1024.2479023795956,0.0,0.0,0.0,0.0,1024.2479023795956
2026-01-16T10:15:00Z,2026-01-16T10:30:00Z,2026-01-16,2026-01-16_46,0.0,0,0,100,114.53137478757753,114.53137478757753,0.0,0.0,0.0,True,True,True,False,0.0,1024.2479023795956,0.0,0.0,0.0,0.0,1024.2479023795956
2026-01-16T10:30:00Z,2026-01-16T10:45:00Z,2026-01-16,2026-01-16_47,0.0,0,0,100,114.53137478757753,114.53137478757753,0.0,0.0,0.0,True,True,True,False,0.0,1024.2479023795956,0.0,0.0,0.0,0.0,1024.2479023795956
2026-01-16T10:45:00Z,2026-01-16T11:00:00Z,2026-01-16,2026-01-16_48,0.0,0,0,100,114.53137478757753,114.53137478757753,0.0,0.0,0.0,True,True,True,False,0.0,1024.2479023795956,0.0,0.0,0.0,0.0,1024.2479023795956
2026-01-16T11:00:00Z,2026-01-16T11:15:00Z,2026-01-16,2026-01-16_49,0.0,0,0,100,114.53137478757753,114.53137478757753,0.0,0.0,0.0,True,True,True,False,0.0,1024.2479023795956,0.0,0.0,0.0,0.0,1024.2479023795956
2026-01-16T11:15:00Z,2026-01-16T11:30:00Z,2026-01-16,2026-01-16_50,0.0,0,0,100,114.53137478757753,114.53137478757753,0.0,0.0,0.0,True,True,True,False,0.0,1024.2479023795956,0.0,0.0,0.0,0.0,1024.2479023795956
2026-01-16T11:30:00Z,2026-01-16T11:45:00Z,2026-01-16,2026-01-16_51,0.0,0,0,100,114.53137478757753,114.53137478757753,0.0,0.0,0.0,True,True,True,False,0.0,1024.2479023795956,0.0,0.0,0.0,0.0,1024.2479023795956
2026-01-16T11:45:00Z,2026-01-16T12:00:00Z,2026-01-16,2026-01-16_52,0.0,0,0,100,114.53137478757753,114.53137478757753,0.0,0.0,0.0,True,True,True,False,0.0,1024.2479023795956,0.0,0.0,0.0,0.0,1024.2479023795956
2026-01-16T12:00:00Z,2026-01-16T12:15:00Z,2026-01-16,2026-01-16_53,0.0,0,0,100,114.53137478757753,114.53137478757753,0.0,0.0,0.0,True,True,True,False,0.0,1024.2479023795956,0.0,0.0,0.0,0.0,1024.2479023795956
2026-01-16T12:15:00Z,2026-01-16T12:30:00Z,2026-01-16,2026-01-16_54,0.0,0,0,100,114.53137478757753,114.53137478757753,0.0,0.0,0.0,True,True,True,False,0.0,1024.2479023795956,0.0,0.0,0.0,0.0,1024.2479023795956
2026-01-16T12:30:00Z,2026-01-16T12:45:00Z,2026-01-16,2026-01-16_55,0.0,0,0,100,114.53137478757753,114.53137478757753,0.0,0.0,0.0,True,True,True,False,0.0,1024.2479023795956,0.0,0.0,0.0,0.0,1024.2479023795956
2026-01-16T12:45:00Z,2026-01-16T13:00:00Z,2026-01-16,2026-01-16_56,0.0,0,0,100,114.53137478757753,114.53137478757753,0.0,0.0,0.0,True,True,True,False,0.0,1024.2479023795956,0.0,0.0,0.0,0.0,1024.2479023795956
2026-01-16T13:00:00Z,2026-01-16T13:15:00Z,2026-01-16,2026-01-16_57,49.56200201938399,0,100,0,114.53137478757753,116.80427527950322,0.03415418635174495,0.0,15.697714285714287,True,True,True,False,1858.5750757268995,0.0,0.0,13.234167141537796,0.0,3121.9175914910584,4993.726834359496
2026-01-16T13:15:00Z,2026-01-16T13:30:00Z,2026-01-16,2026-01-16_58,0.0,0,100,0,116.80427527950322,116.87472099378893,0.0001956825396825397,0.0,0.07657142857142858,True,True,True,False,0.0,0.0,0.0,13.234167141537796,0.0,-5.254812273851397,7.979354867686399
2026-01-16T13:30:00Z,2026-01-16T13:45:00Z,2026-01-16,2026-01-16_59,0.0,0,100,0,116.87472099378893,116.87472099378893,0.0,0.0,0.0,True,True,True,False,0.0,0.0,0.0,13.234167141537796,0.0,0.0,13.234167141537796
2026-01-16T13:45:00Z,2026-01-16T14:00:00Z,2026-01-16,2026-01-16_60,100.0,0,100,0,116.87472099378893,89.87347875776408,0.07500345065562457,0.0,0.15885714285714286,True,True,True,False,5200.25,0.0,0.0,13.234167141537796,0.0,-12.648669509343499,5200.835497632194
2026-01-16T14:00:00Z,2026-01-16T14:15:00Z,2026-01-16,2026-01-16_61,0.0,0,0,100,89.87347875776408,89.87347875776408,0.0,0.0,0.0,True,True,True,False,0.0,1024.2479023795956,0.0,0.0,0.0,0.0,1024.2479023795956
2026-01-16T14:15:00Z,2026-01-16T14:30:00Z,2026-01-16,2026-01-16_62,0.0,0,0,100,89.87347875776408,89.87347875776408,0.0,0.0,0.0,True,True,True,False,0.0,1024.2479023795956,0.0,0.0,0.0,0.0,1024.2479023795956
2026-01-16T14:30:00Z,2026-01-16T14:45:00Z,2026-01-16,2026-01-16_63,0.0,0,0,100,89.87347875776408,89.87347875776408,0.0,0.0,0.0,True,True,True,False,0.0,1024.2479023795956,0.0,0.0,0.0,0.0,1024.2479023795956
2026-01-16T14:45:00Z,2026-01-16T15:00:00Z,2026-01-16,2026-01-16_64,0.0,0,0,100,89.87347875776408,89.87347875776408,0.0,0.0,0.0,True,True,True,False,0.0,1024.2479023795956,0.0,0.0,0.0,0.0,1024.2479023795956
2026-01-16T15:00:00Z,2026-01-16T15:15:00Z,2026-01-16,2026-01-16_65,0.0,0,0,100,89.87347875776408,89.87347875776408,0.0,0.0,0.0,True,True,True,False,0.0,1024.2479023795956,0.0,0.0,0.0,0.0,1024.2479023795956
2026-01-16T15:15:00Z,2026-01-16T15:30:00Z,2026-01-16,2026-01-16_66,0.0,0,0,100,89.87347875776408,89.87347875776408,0.0,0.0,0.0,True,True,True,False,0.0,1024.2479023795956,0.0,0.0,0.0,0.0,1024.2479023795956
2026-01-16T15:30:00Z,2026-01-16T15:45:00Z,2026-01-16,2026-01-16_67,0.0,0,0,100,89.87347875776408,89.87347875776408,0.0,0.0,0.0,True,True,True,False,0.0,1024.2479023795956,0.0,0.0,0.0,0.0,1024.2479023795956
2026-01-16T15:45:00Z,2026-01-16T16:00:00Z,2026-01-16,2026-01-16_68,0.0,0,0,100,89.87347875776408,89.87347875776408,0.0,0.0,0.0,True,True,True,False,0.0,1024.2479023795956,0.0,0.0,0.0,0.0,1024.2479023795956
2026-01-16T16:00:00Z,2026-01-16T16:15:00Z,2026-01-16,2026-01-16_69,0.0,0,0,100,89.87347875776408,89.87347875776408,0.0,0.0,0.0,True,True,True,False,0.0,1024.2479023795956,0.0,0.0,0.0,0.0,1024.2479023795956
2026-01-16T16:15:00Z,2026-01-16T16:30:00Z,2026-01-16,2026-01-16_70,0.0,0,0,100,89.87347875776408,89.87347875776408,0.0,0.0,0.0,True,True,True,False,0.0,1024.2479023795956,0.0,0.0,0.0,0.0,1024.2479023795956
2026-01-16T16:30:00Z,2026-01-16T16:45:00Z,2026-01-16,2026-01-16_71,0.0,0,0,100,89.87347875776408,89.87347875776408,0.0,0.0,0.0,True,True,True,False,0.0,1024.2479023795956,0.0,0.0,0.0,0.0,1024.2479023795956
2026-01-16T16:45:00Z,2026-01-16T17:00:00Z,2026-01-16,2026-01-16_72,0.0,0,0,100,89.87347875776408,89.87347875776408,0.0,0.0,0.0,True,True,True,False,0.0,1024.2479023795956,0.0,0.0,0.0,0.0,1024.2479023795956
2026-01-16T17:00:00Z,2026-01-16T17:15:00Z,2026-01-16,2026-01-16_73,0.0,0,0,100,89.87347875776408,89.87347875776408,0.0,0.0,0.0,True,True,True,False,0.0,1024.2479023795956,0.0,0.0,0.0,0.0,1024.2479023795956
2026-01-16T17:15:00Z,2026-01-16T17:30:00Z,2026-01-16,2026-01-16_74,0.0,0,0,100,89.87347875776408,89.87347875776408,0.0,0.0,0.0,True,True,True,False,0.0,1024.2479023795956,0.0,0.0,0.0,0.0,1024.2479023795956
2026-01-16T17:30:00Z,2026-01-16T17:45:00Z,2026-01-16,2026-01-16_75,0.0,0,0,100,89.87347875776408,89.87347875776408,0.0,0.0,0.0,True,True,True,False,0.0,1024.2479023795956,0.0,0.0,0.0,0.0,1024.2479023795956
2026-01-16T17:45:00Z,2026-01-16T18:00:00Z,2026-01-16,2026-01-16_76,0.0,0,0,100,89.87347875776408,89.87347875776408,0.0,0.0,0.0,True,True,True,False,0.0,1024.2479023795956,0.0,0.0,0.0,0.0,1024.2479023795956
2026-01-16T18:00:00Z,2026-01-16T18:15:00Z,2026-01-16,2026-01-16_77,0.0,100,100,0,89.87347875776408,89.08841838509326,0.003719897860593513,0.9771428571428572,0.30114285714285716,True,True,True,False,0.0,0.0,97.82672771216914,7.3981647049576535,151.79785929030393,-21.814232098294113,235.20851960913663
2026-01-16T18:15:00Z,2026-01-16T18:30:00Z,2026-01-16,2026-01-16_78,0.0,100,100,0,89.08841838509326,77.58932770186345,0.031971124913733606,10.584,0.005714285714285714,True,True,True,False,0.0,0.0,97.82672771216914,7.3981647049576535,5601.567077872314,-0.454865721415799,5706.337104568025
2026-01-16T18:30:00Z,2026-01-16T18:45:00Z,2026-01-16,2026-01-16_79,0.0,100,100,0,77.58932770186345,64.79864447204979,0.03552967563837128,11.767428571428571,0.0,True,True,True,False,0.0,0.0,97.82672771216914,7.3981647049576535,9051.74024494929,0.0,9156.965137366416
2026-01-16T18:45:00Z,2026-01-16T19:00:00Z,2026-01-16,2026-01-16_80,0.0,100,100,0,64.79864447204979,64.34782608695663,0.0015910669427191162,0.4708571428571428,0.06628571428571428,True,True,True,False,0.0,0.0,97.82672771216914,7.3981647049576535,71.70507274651425,-4.448388685060787,172.48157647858025
2026-01-16T19:00:00Z,2026-01-16T19:15:00Z,2026-01-16,2026-01-16_81,0.0,0,0,100,64.34782608695663,64.34782608695663,0.0,0.0,0.0,True,True,True,False,0.0,1024.2479023795956,0.0,0.0,0.0,0.0,1024.2479023795956
2026-01-16T19:15:00Z,2026-01-16T19:30:00Z,2026-01-16,2026-01-16_82,0.0,0,0,100,64.34782608695663,64.34782608695663,0.0,0.0,0.0,True,True,True,False,0.0,1024.2479023795956,0.0,0.0,0.0,0.0,1024.2479023795956
2026-01-16T19:30:00Z,2026-01-16T19:45:00Z,2026-01-16,2026-01-16_83,0.0,0,0,100,64.34782608695663,64.34782608695663,0.0,0.0,0.0,True,True,True,False,0.0,1024.2479023795956,0.0,0.0,0.0,0.0,1024.2479023795956
2026-01-16T19:45:00Z,2026-01-16T20:00:00Z,2026-01-16,2026-01-16_84,0.0,0,0,100,64.34782608695663,64.34782608695663,0.0,0.0,0.0,True,True,True,False,0.0,1024.2479023795956,0.0,0.0,0.0,0.0,1024.2479023795956
2026-01-16T20:00:00Z,2026-01-16T20:15:00Z,2026-01-16,2026-01-16_85,0.0,0,0,100,64.34782608695663,64.34782608695663,0.0,0.0,0.0,True,True,True,False,0.0,1024.2479023795956,0.0,0.0,0.0,0.0,1024.2479023795956
2026-01-16T20:15:00Z,2026-01-16T20:30:00Z,2026-01-16,2026-01-16_86,0.0,0,0,100,64.34782608695663,64.34782608695663,0.0,0.0,0.0,True,True,True,False,0.0,1024.2479023795956,0.0,0.0,0.0,0.0,1024.2479023795956
2026-01-16T20:30:00Z,2026-01-16T20:45:00Z,2026-01-16,2026-01-16_87,0.0,0,0,100,64.34782608695663,64.34782608695663,0.0,0.0,0.0,True,True,True,False,0.0,1024.2479023795956,0.0,0.0,0.0,0.0,1024.2479023795956
2026-01-16T20:45:00Z,2026-01-16T21:00:00Z,2026-01-16,2026-01-16_88,0.0,0,0,100,64.34782608695663,64.34782608695663,0.0,0.0,0.0,True,True,True,False,0.0,1024.2479023795956,0.0,0.0,0.0,0.0,1024.2479023795956
2026-01-16T21:00:00Z,2026-01-16T21:15:00Z,2026-01-16,2026-01-16_89,0.0,0,0,100,64.34782608695663,64.34782608695663,0.0,0.0,0.0,True,True,True,False,0.0,1024.2479023795956,0.0,0.0,0.0,0.0,1024.2479023795956
2026-01-16T21:15:00Z,2026-01-16T21:30:00Z,2026-01-16,2026-01-16_90,0.0,0,0,100,64.34782608695663,64.34782608695663,0.0,0.0,0.0,True,True,True,False,0.0,1024.2479023795956,0.0,0.0,0.0,0.0,1024.2479023795956
2026-01-16T21:30:00Z,2026-01-16T21:45:00Z,2026-01-16,2026-01-16_91,0.0,0,0,100,64.34782608695663,64.34782608695663,0.0,0.0,0.0,True,True,True,False,0.0,1024.2479023795956,0.0,0.0,0.0,0.0,1024.2479023795956
2026-01-16T21:45:00Z,2026-01-16T22:00:00Z,2026-01-16,2026-01-16_92,0.0,0,0,100,64.34782608695663,64.34782608695663,0.0,0.0,0.0,True,True,True,False,0.0,1024.2479023795956,0.0,0.0,0.0,0.0,1024.2479023795956
2026-01-16T22:00:00Z,2026-01-16T22:15:00Z,2026-01-17,2026-01-16_93,0.0,0,0,100,64.34782608695663,64.34782608695663,0.0,0.0,0.0,True,False,True,False,0.0,1024.187527016937,0.0,0.0,0.0,0.0,1024.187527016937
2026-01-16T22:15:00Z,2026-01-16T22:30:00Z,2026-01-17,2026-01-16_94,0.0,0,0,100,64.34782608695663,64.34782608695663,0.0,0.0,0.0,True,False,True,False,0.0,1024.187527016937,0.0,0.0,0.0,0.0,1024.187527016937
2026-01-16T22:30:00Z,2026-01-16T22:45:00Z,2026-01-17,2026-01-16_95,0.0,0,0,100,64.34782608695663,64.34782608695663,0.0,0.0,0.0,True,False,True,False,0.0,1024.187527016937,0.0,0.0,0.0,0.0,1024.187527016937
2026-01-16T22:45:00Z,2026-01-16T23:00:00Z,2026-01-17,2026-01-16_96,0.0,0,0,100,64.34782608695663,64.34782608695663,0.0,0.0,0.0,True,False,True,False,0.0,1024.187527016937,0.0,0.0,0.0,0.0,1024.187527016937
2026-01-16T23:00:00Z,2026-01-16T23:15:00Z,2026-01-17,2026-01-17_1,0.0,0,0,100,64.34782608695663,64.34782608695663,0.0,0.0,0.0,True,False,True,False,0.0,1024.187527016937,0.0,0.0,0.0,0.0,1024.187527016937
2026-01-16T23:15:00Z,2026-01-16T23:30:00Z,2026-01-17,2026-01-17_2,0.0,0,0,100,64.34782608695663,64.34782608695663,0.0,0.0,0.0,True,False,True,False,0.0,1024.187527016937,0.0,0.0,0.0,0.0,1024.187527016937
2026-01-16T23:30:00Z,2026-01-16T23:45:00Z,2026-01-17,2026-01-17_3,0.0,0,0,100,64.34782608695663,64.34782608695663,0.0,0.0,0.0,True,False,True,False,0.0,1024.187527016937,0.0,0.0,0.0,0.0,1024.187527016937
2026-01-16T23:45:00Z,2026-01-17T00:00:00Z,2026-01-17,2026-01-17_4,0.0,0,0,100,64.34782608695663,64.34782608695663,0.0,0.0,0.0,True,False,True,False,0.0,1024.187527016937,0.0,0.0,0.0,0.0,1024.187527016937
2026-01-17T00:00:00Z,2026-01-17T00:15:00Z,2026-01-17,2026-01-17_5,0.0,0,0,100,64.34782608695663,64.34782608695663,0.0,0.0,0.0,True,True,True,False,0.0,1024.187527016937,0.0,0.0,0.0,0.0,1024.187527016937
2026-01-17T00:15:00Z,2026-01-17T00:30:00Z,2026-01-17,2026-01-17_6,0.0,0,0,100,64.34782608695663,64.34782608695663,0.0,0.0,0.0,True,True,True,False,0.0,1024.187527016937,0.0,0.0,0.0,0.0,1024.187527016937
2026-01-17T00:30:00Z,2026-01-17T00:45:00Z,2026-01-17,2026-01-17_7,0.0,0,0,100,64.34782608695663,64.34782608695663,0.0,0.0,0.0,True,True,True,False,0.0,1024.187527016937,0.0,0.0,0.0,0.0,1024.187527016937
2026-01-17T00:45:00Z,2026-01-17T01:00:00Z,2026-01-17,2026-01-17_8,0.0,0,0,100,64.34782608695663,64.34782608695663,0.0,0.0,0.0,True,True,True,False,0.0,1024.187527016937,0.0,0.0,0.0,0.0,1024.187527016937
2026-01-17T01:00:00Z,2026-01-17T01:15:00Z,2026-01-17,2026-01-17_9,-100.0,100,0,0,64.34782608695663,80.52563180124235,0.0449383492063492,7.4154285714285715,0.0,True,True,True,False,-2555.75,0.0,71.2657680669627,0.0,2123.271461918048,0.0,-361.2127700149894
2026-01-17T01:15:00Z,2026-01-17T01:30:00Z,2026-01-17,2026-01-17_10,-100.0,100,0,0,80.52563180124235,91.61347180124235,0.03079955555555556,12.947999999999999,0.0,True,True,True,False,-2646.25,0.0,71.2657680669627,0.0,8833.052634888198,0.0,6258.06840295516
2026-01-17T01:30:00Z,2026-01-17T01:45:00Z,2026-01-17,2026-01-17_11,-100.0,100,0,0,91.61347180124235,94.9564889440995,0.009286158730158735,21.366285714285713,0.0,True,True,True,False,-2698.5,0.0,71.2657680669627,0.0,19304.93914769633,0.0,16677.70491576329
2026-01-17T01:45:00Z,2026-01-17T02:00:00Z,2026-01-17,2026-01-17_12,-99.99999999999997,100,0,0,94.9564889440995,113.60410037267093,0.051798920634920635,4.730857142857143,0.0,True,True,True,False,-2428.7499999999995,0.0,71.2657680669627,0.0,1120.8814790404706,0.0,-1236.6027528925663
2026-01-17T02:00:00Z,2026-01-17T02:15:00Z,2026-01-17,2026-01-17_13,0.0,0,0,100,113.60410037267093,113.60410037267093,0.0,0.0,0.0,True,True,True,False,0.0,1024.187527016937,0.0,0.0,0.0,0.0,1024.187527016937
2026-01-17T02:15:00Z,2026-01-17T02:30:00Z,2026-01-17,2026-01-17_14,0.0,0,0,100,113.60410037267093,113.60410037267093,0.0,0.0,0.0,True,True,True,False,0.0,1024.187527016937,0.0,0.0,0.0,0.0,1024.187527016937
2026-01-17T02:30:00Z,2026-01-17T02:45:00Z,2026-01-17,2026-01-17_15,0.0,0,0,100,113.60410037267093,113.60410037267093,0.0,0.0,0.0,True,True,True,False,0.0,1024.187527016937,0.0,0.0,0.0,0.0,1024.187527016937
2026-01-17T02:45:00Z,2026-01-17T03:00:00Z,2026-01-17,2026-01-17_16,0.0,0,0,100,113.60410037267093,113.60410037267093,0.0,0.0,0.0,True,True,True,False,0.0,1024.187527016937,0.0,0.0,0.0,0.0,1024.187527016937
2026-01-17T03:00:00Z,2026-01-17T03:15:00Z,2026-01-17,2026-01-17_17,0.0,0,0,100,113.60410037267093,113.60410037267093,0.0,0.0,0.0,True,True,True,False,0.0,1024.187527016937,0.0,0.0,0.0,0.0,1024.187527016937
2026-01-17T03:15:00Z,2026-01-17T03:30:00Z,2026-01-17,2026-01-17_18,0.0,0,0,100,113.60410037267093,113.60410037267093,0.0,0.0,0.0,True,True,True,False,0.0,1024.187527016937,0.0,0.0,0.0,0.0,1024.187527016937
2026-01-17T03:30:00Z,2026-01-17T03:45:00Z,2026-01-17,2026-01-17_19,0.0,0,0,100,113.60410037267093,113.60410037267093,0.0,0.0,0.0,True,True,True,False,0.0,1024.187527016937,0.0,0.0,0.0,0.0,1024.187527016937
2026-01-17T03:45:00Z,2026-01-17T04:00:00Z,2026-01-17,2026-01-17_20,0.0,0,0,100,113.60410037267093,113.60410037267093,0.0,0.0,0.0,True,True,True,False,0.0,1024.187527016937,0.0,0.0,0.0,0.0,1024.187527016937
2026-01-17T04:00:00Z,2026-01-17T04:15:00Z,2026-01-17,2026-01-17_21,0.0,0,0,100,113.60410037267093,113.60410037267093,0.0,0.0,0.0,True,True,True,False,0.0,1024.187527016937,0.0,0.0,0.0,0.0,1024.187527016937
2026-01-17T04:15:00Z,2026-01-17T04:30:00Z,2026-01-17,2026-01-17_22,0.0,0,0,100,113.60410037267093,113.60410037267093,0.0,0.0,0.0,True,True,True,False,0.0,1024.187527016937,0.0,0.0,0.0,0.0,1024.187527016937
2026-01-17T04:30:00Z,2026-01-17T04:45:00Z,2026-01-17,2026-01-17_23,0.0,0,0,100,113.60410037267093,113.60410037267093,0.0,0.0,0.0,True,True,True,False,0.0,1024.187527016937,0.0,0.0,0.0,0.0,1024.187527016937
2026-01-17T04:45:00Z,2026-01-17T05:00:00Z,2026-01-17,2026-01-17_24,0.0,0,0,100,113.60410037267093,113.60410037267093,0.0,0.0,0.0,True,True,True,False,0.0,1024.187527016937,0.0,0.0,0.0,0.0,1024.187527016937
2026-01-17T05:00:00Z,2026-01-17T05:15:00Z,2026-01-17,2026-01-17_25,0.0,100,100,0,113.60410037267093,117.15441590062123,0.014875790200138028,0.8302857142857143,4.840000000000001,True,True,True,False,0.0,0.0,104.30502613274649,16.593311588792393,129.30296178612127,3287.7887766730855,3537.9900761807457
2026-01-17T05:15:00Z,2026-01-17T05:30:00Z,2026-01-17,2026-01-17_26,0.0,100,100,0,117.15441590062123,104.51839105590074,0.035100069013112495,11.625142857142858,0.0,True,True,True,False,0.0,0.0,104.30502613274649,16.593311588792393,2322.2761257291068,0.0,2443.174463450646
2026-01-17T05:30:00Z,2026-01-17T05:45:00Z,2026-01-17,2026-01-17_27,0.0,100,100,0,104.51839105590074,100.99354633540383,0.009791235334713594,3.2428571428571424,0.0,True,True,True,False,0.0,0.0,104.30502613274649,16.593311588792393,509.5231124634393,0.0,630.4214501849782
2026-01-17T05:45:00Z,2026-01-17T06:00:00Z,2026-01-17,2026-01-17_28,0.0,100,100,0,100.99354633540383,94.9954096894411,0.016661490683229814,5.518285714285715,0.0,True,True,True,False,0.0,0.0,104.30502613274649,16.593311588792393,904.1448857850211,0.0,1025.04322350656
2026-01-17T06:00:00Z,2026-01-17T06:15:00Z,2026-01-17,2026-01-17_29,0.0,0,0,100,94.9954096894411,94.9954096894411,0.0,0.0,0.0,True,False,True,False,0.0,1024.187527016937,0.0,0.0,0.0,0.0,1024.187527016937
2026-01-17T06:15:00Z,2026-01-17T06:30:00Z,2026-01-17,2026-01-17_30,0.0,0,0,100,94.9954096894411,94.9954096894411,0.0,0.0,0.0,True,False,True,False,0.0,1024.187527016937,0.0,0.0,0.0,0.0,1024.187527016937
2026-01-17T06:30:00Z,2026-01-17T06:45:00Z,2026-01-17,2026-01-17_31,0.0,0,0,100,94.9954096894411,94.9954096894411,0.0,0.0,0.0,True,False,True,False,0.0,1024.187527016937,0.0,0.0,0.0,0.0,1024.187527016937
2026-01-17T06:45:00Z,2026-01-17T07:00:00Z,2026-01-17,2026-01-17_32,0.0,0,0,100,94.9954096894411,94.9954096894411,0.0,0.0,0.0,True,False,True,False,0.0,1024.187527016937,0.0,0.0,0.0,0.0,1024.187527016937
2026-01-17T07:00:00Z,2026-01-17T07:15:00Z,2026-01-17,2026-01-17_33,-100.0,100,0,0,94.9954096894411,103.86420968944111,0.024635555555555556,15.36,0.0,True,True,True,False,-2949.75,0.0,105.80815027311667,0.0,10954.854371831649,0.0,8110.912522104765
2026-01-17T07:15:00Z,2026-01-17T07:30:00Z,2026-01-17,2026-01-17_34,-100.0,100,0,0,103.86420968944111,110.46928397515539,0.018347428571428574,17.820571428571427,0.0,True,True,True,False,-3036.75,0.0,105.80815027311667,0.0,15355.366703231924,0.0,12424.424853505041
2026-01-17T07:30:00Z,2026-01-17T07:45:00Z,2026-01-17,2026-01-17_35,0.0,100,0,0,110.46928397515539,101.87301068322992,0.023878536922015182,7.908571428571428,0.0,True,True,True,False,0.0,0.0,105.80815027311667,0.0,4968.675690089765,0.0,5074.483840362882
2026-01-17T07:45:00Z,2026-01-17T08:00:00Z,2026-01-17,2026-01-17_36,0.0,100,0,0,101.87301068322992,101.6419547826088,0.0006418219461697722,0.21257142857142858,0.0,True,True,True,False,0.0,0.0,105.80815027311667,0.0,31.06915999079319,0.0,136.87731026390986
2026-01-17T08:00:00Z,2026-01-17T08:15:00Z,2026-01-17,2026-01-17_37,-90.07179803968772,100,0,0,101.6419547826088,113.26886658385109,0.038115492825878096,9.705142857142858,0.0,True,True,True,False,-2868.3364085738554,0.0,99.76618068927574,0.0,5701.219371579025,0.0,2932.6491436944457
2026-01-17T08:15:00Z,2026-01-17T08:30:00Z,2026-01-17,2026-01-17_38,3.360838177805501e-14,100,0,0,113.26886658385109,112.94029515527966,0.000912698412698438,0.3022857142857143,0.0,True,True,True,False,1.0675702471799173e-12,0.0,99.76618068927574,0.0,44.79564955734328,0.0,144.5618302466201
2026-01-17T08:30:00Z,2026-01-17T08:45:00Z,2026-01-17,2026-01-17_39,0.0,100,0,0,112.94029515527966,106.3943324223604,0.018183229813664596,6.022285714285714,0.0,True,True,True,False,0.0,0.0,99.76618068927574,0.0,1087.4003990366532,0.0,1187.1665797259288
2026-01-17T08:45:00Z,2026-01-17T09:00:00Z,2026-01-17,2026-01-17_40,-99.99999999999991,100,0,0,106.3943324223604,126.20324670807467,0.05502476190476187,3.4685714285714284,0.0,True,True,True,False,-3009.4999999999973,0.0,99.76618068927574,0.0,597.8273071762599,0.0,-2311.9065121344615
2026-01-17T09:00:00Z,2026-01-17T09:15:00Z,2026-01-17,2026-01-17_41,0.0,0,0,100,126.20324670807467,126.20324670807467,0.0,0.0,0.0,True,True,True,False,0.0,1024.187527016937,0.0,0.0,0.0,0.0,1024.187527016937
2026-01-17T09:15:00Z,2026-01-17T09:30:00Z,2026-01-17,2026-01-17_42,0.0,0,0,100,126.20324670807467,126.20324670807467,0.0,0.0,0.0,True,True,True,False,0.0,1024.187527016937,0.0,0.0,0.0,0.0,1024.187527016937
2026-01-17T09:30:00Z,2026-01-17T09:45:00Z,2026-01-17,2026-01-17_43,0.0,0,0,100,126.20324670807467,126.20324670807467,0.0,0.0,0.0,True,True,True,False,0.0,1024.187527016937,0.0,0.0,0.0,0.0,1024.187527016937
2026-01-17T09:45:00Z,2026-01-17T10:00:00Z,2026-01-17,2026-01-17_44,0.0,0,0,100,126.20324670807467,126.20324670807467,0.0,0.0,0.0,True,True,True,False,0.0,1024.187527016937,0.0,0.0,0.0,0.0,1024.187527016937
2026-01-17T10:00:00Z,2026-01-17T10:15:00Z,2026-01-17,2026-01-17_45,0.0,0,0,100,126.20324670807467,126.20324670807467,0.0,0.0,0.0,True,True,True,False,0.0,1024.187527016937,0.0,0.0,0.0,0.0,1024.187527016937
2026-01-17T10:15:00Z,2026-01-17T10:30:00Z,2026-01-17,2026-01-17_46,0.0,0,0,100,126.20324670807467,126.20324670807467,0.0,0.0,0.0,True,True,True,False,0.0,1024.187527016937,0.0,0.0,0.0,0.0,1024.187527016937
2026-01-17T10:30:00Z,2026-01-17T10:45:00Z,2026-01-17,2026-01-17_47,0.0,0,0,100,126.20324670807467,126.20324670807467,0.0,0.0,0.0,True,True,True,False,0.0,1024.187527016937,0.0,0.0,0.0,0.0,1024.187527016937
2026-01-17T10:45:00Z,2026-01-17T11:00:00Z,2026-01-17,2026-01-17_48,0.0,0,0,100,126.20324670807467,126.20324670807467,0.0,0.0,0.0,True,True,True,False,0.0,1024.187527016937,0.0,0.0,0.0,0.0,1024.187527016937
2026-01-17T11:00:00Z,2026-01-17T11:15:00Z,2026-01-17,2026-01-17_49,0.0,0,0,100,126.20324670807467,126.20324670807467,0.0,0.0,0.0,True,True,True,False,0.0,1024.187527016937,0.0,0.0,0.0,0.0,1024.187527016937
2026-01-17T11:15:00Z,2026-01-17T11:30:00Z,2026-01-17,2026-01-17_50,0.0,0,0,100,126.20324670807467,126.20324670807467,0.0,0.0,0.0,True,True,True,False,0.0,1024.187527016937,0.0,0.0,0.0,0.0,1024.187527016937
2026-01-17T11:30:00Z,2026-01-17T11:45:00Z,2026-01-17,2026-01-17_51,0.0,0,0,100,126.20324670807467,126.20324670807467,0.0,0.0,0.0,True,True,True,False,0.0,1024.187527016937,0.0,0.0,0.0,0.0,1024.187527016937
2026-01-17T11:45:00Z,2026-01-17T12:00:00Z,2026-01-17,2026-01-17_52,0.0,0,0,100,126.20324670807467,126.20324670807467,0.0,0.0,0.0,True,True,True,False,0.0,1024.187527016937,0.0,0.0,0.0,0.0,1024.187527016937
2026-01-17T12:00:00Z,2026-01-17T12:15:00Z,2026-01-17,2026-01-17_53,0.0,0,0,100,126.20324670807467,126.20324670807467,0.0,0.0,0.0,True,True,True,False,0.0,1024.187527016937,0.0,0.0,0.0,0.0,1024.187527016937
2026-01-17T12:15:00Z,2026-01-17T12:30:00Z,2026-01-17,2026-01-17_54,0.0,0,0,100,126.20324670807467,126.20324670807467,0.0,0.0,0.0,True,True,True,False,0.0,1024.187527016937,0.0,0.0,0.0,0.0,1024.187527016937
2026-01-17T12:30:00Z,2026-01-17T12:45:00Z,2026-01-17,2026-01-17_55,0.0,0,0,100,126.20324670807467,126.20324670807467,0.0,0.0,0.0,True,True,True,False,0.0,1024.187527016937,0.0,0.0,0.0,0.0,1024.187527016937
2026-01-17T12:45:00Z,2026-01-17T13:00:00Z,2026-01-17,2026-01-17_56,0.0,0,0,100,126.20324670807467,126.20324670807467,0.0,0.0,0.0,True,True,True,False,0.0,1024.187527016937,0.0,0.0,0.0,0.0,1024.187527016937
2026-01-17T13:00:00Z,2026-01-17T13:15:00Z,2026-01-17,2026-01-17_57,0.0,0,0,100,126.20324670807467,126.20324670807467,0.0,0.0,0.0,True,True,True,False,0.0,1024.187527016937,0.0,0.0,0.0,0.0,1024.187527016937
2026-01-17T13:15:00Z,2026-01-17T13:30:00Z,2026-01-17,2026-01-17_58,0.0,0,0,100,126.20324670807467,126.20324670807467,0.0,0.0,0.0,True,True,True,False,0.0,1024.187527016937,0.0,0.0,0.0,0.0,1024.187527016937
2026-01-17T13:30:00Z,2026-01-17T13:45:00Z,2026-01-17,2026-01-17_59,0.0,0,0,100,126.20324670807467,126.20324670807467,0.0,0.0,0.0,True,True,True,False,0.0,1024.187527016937,0.0,0.0,0.0,0.0,1024.187527016937
2026-01-17T13:45:00Z,2026-01-17T14:00:00Z,2026-01-17,2026-01-17_60,0.0,0,0,100,126.20324670807467,126.20324670807467,0.0,0.0,0.0,True,True,True,False,0.0,1024.187527016937,0.0,0.0,0.0,0.0,1024.187527016937
2026-01-17T14:00:00Z,2026-01-17T14:15:00Z,2026-01-17,2026-01-17_61,0.0,0,0,100,126.20324670807467,126.20324670807467,0.0,0.0,0.0,True,False,True,False,0.0,1024.187527016937,0.0,0.0,0.0,0.0,1024.187527016937
2026-01-17T14:15:00Z,2026-01-17T14:30:00Z,2026-01-17,2026-01-17_62,0.0,0,0,100,126.20324670807467,126.20324670807467,0.0,0.0,0.0,True,False,True,False,0.0,1024.187527016937,0.0,0.0,0.0,0.0,1024.187527016937
2026-01-17T14:30:00Z,2026-01-17T14:45:00Z,2026-01-17,2026-01-17_63,0.0,0,0,100,126.20324670807467,126.20324670807467,0.0,0.0,0.0,True,False,True,False,0.0,1024.187527016937,0.0,0.0,0.0,0.0,1024.187527016937
2026-01-17T14:45:00Z,2026-01-17T15:00:00Z,2026-01-17,2026-01-17_64,0.0,0,0,100,126.20324670807467,126.20324670807467,0.0,0.0,0.0,True,False,True,False,0.0,1024.187527016937,0.0,0.0,0.0,0.0,1024.187527016937
2026-01-17T15:00:00Z,2026-01-17T15:15:00Z,2026-01-17,2026-01-17_65,-100.0,100,0,0,126.20324670807467,131.12025242236038,0.013658349206349207,19.655428571428573,0.0,True,True,True,False,-3189.5,0.0,107.28180139112663,0.0,14087.90310561447,0.0,11005.684907005598
2026-01-17T15:15:00Z,2026-01-17T15:30:00Z,2026-01-17,2026-01-17_66,0.0,100,0,0,131.12025242236038,106.27615304347839,0.06901138716356107,22.856571428571428,0.0,True,True,True,False,0.0,0.0,107.28180139112663,0.0,24541.137658999938,0.0,24648.419460391066
2026-01-17T15:30:00Z,2026-01-17T15:45:00Z,2026-01-17,2026-01-17_67,0.0,100,0,0,106.27615304347839,88.84944496894423,0.04840752242926155,16.032571428571426,0.0,True,True,True,False,0.0,0.0,107.28180139112663,0.0,9184.240303263363,0.0,9291.52210465449
2026-01-17T15:45:00Z,2026-01-17T16:00:00Z,2026-01-17,2026-01-17_68,0.0,100,0,0,88.84944496894423,86.68298534161504,0.006017943409247758,1.9931428571428573,0.0,True,True,True,False,0.0,0.0,107.28180139112663,0.0,330.58546109841745,0.0,437.8672624895441
2026-01-17T16:00:00Z,2026-01-17T16:15:00Z,2026-01-17,2026-01-17_69,0.0,100,100,0,86.68298534161504,86.53098931677032,0.0010822746721877157,0.24914285714285717,0.12914285714285714,True,True,True,False,0.0,0.0,107.28180139112663,4.77462962235234,37.53527522188975,-9.032996536218134,140.5587096991506
2026-01-17T16:15:00Z,2026-01-17T16:30:00Z,2026-01-17,2026-01-17_70,0.0,100,100,0,86.53098931677032,85.33782161490696,0.0033143547273982053,1.0977142857142856,0.0,True,True,True,False,0.0,0.0,107.28180139112663,4.77462962235234,169.60994930640152,0.0,281.6663803198805
2026-01-17T16:30:00Z,2026-01-17T16:45:00Z,2026-01-17,2026-01-17_71,0.0,100,100,0,85.33782161490696,67.3303681987579,0.05002070393374741,16.566857142857145,0.0,True,True,True,False,0.0,0.0,107.28180139112663,4.77462962235234,15900.094364870405,0.0,16012.150795883885
2026-01-17T16:45:00Z,2026-01-17T17:00:00Z,2026-01-17,2026-01-17_72,0.0,100,100,0,67.3303681987579,64.34782608695666,0.017771061421670117,4.314857142857143,1.856,True,True,True,False,0.0,0.0,107.28180139112663,4.77462962235234,2512.4551595753637,-90.79316854639053,2533.718422042452
2026-01-17T17:00:00Z,2026-01-17T17:15:00Z,2026-01-17,2026-01-17_73,0.0,0,0,100,64.34782608695666,64.34782608695666,0.0,0.0,0.0,True,False,True,False,0.0,1024.187527016937,0.0,0.0,0.0,0.0,1024.187527016937
2026-01-17T17:15:00Z,2026-01-17T17:30:00Z,2026-01-17,2026-01-17_74,0.0,0,0,100,64.34782608695666,64.34782608695666,0.0,0.0,0.0,True,False,True,False,0.0,1024.187527016937,0.0,0.0,0.0,0.0,1024.187527016937
2026-01-17T17:30:00Z,2026-01-17T17:45:00Z,2026-01-17,2026-01-17_75,0.0,0,0,100,64.34782608695666,64.34782608695666,0.0,0.0,0.0,True,False,True,False,0.0,1024.187527016937,0.0,0.0,0.0,0.0,1024.187527016937
2026-01-17T17:45:00Z,2026-01-17T18:00:00Z,2026-01-17,2026-01-17_76,0.0,0,0,100,64.34782608695666,64.34782608695666,0.0,0.0,0.0,True,False,True,False,0.0,1024.187527016937,0.0,0.0,0.0,0.0,1024.187527016937
2026-01-17T18:00:00Z,2026-01-17T18:15:00Z,2026-01-17,2026-01-17_77,0.0,0,0,100,64.34782608695666,64.34782608695666,0.0,0.0,0.0,True,True,True,False,0.0,1024.187527016937,0.0,0.0,0.0,0.0,1024.187527016937
2026-01-17T18:15:00Z,2026-01-17T18:30:00Z,2026-01-17,2026-01-17_78,0.0,0,0,100,64.34782608695666,64.34782608695666,0.0,0.0,0.0,True,True,True,False,0.0,1024.187527016937,0.0,0.0,0.0,0.0,1024.187527016937
2026-01-17T18:30:00Z,2026-01-17T18:45:00Z,2026-01-17,2026-01-17_79,0.0,0,0,100,64.34782608695666,64.34782608695666,0.0,0.0,0.0,True,True,True,False,0.0,1024.187527016937,0.0,0.0,0.0,0.0,1024.187527016937
2026-01-17T18:45:00Z,2026-01-17T19:00:00Z,2026-01-17,2026-01-17_80,0.0,0,0,100,64.34782608695666,64.34782608695666,0.0,0.0,0.0,True,True,True,False,0.0,1024.187527016937,0.0,0.0,0.0,0.0,1024.187527016937
2026-01-17T19:00:00Z,2026-01-17T19:15:00Z,2026-01-17,2026-01-17_81,0.0,0,0,100,64.34782608695666,64.34782608695666,0.0,0.0,0.0,True,True,True,False,0.0,1024.187527016937,0.0,0.0,0.0,0.0,1024.187527016937
2026-01-17T19:15:00Z,2026-01-17T19:30:00Z,2026-01-17,2026-01-17_82,0.0,0,0,100,64.34782608695666,64.34782608695666,0.0,0.0,0.0,True,True,True,False,0.0,1024.187527016937,0.0,0.0,0.0,0.0,1024.187527016937
2026-01-17T19:30:00Z,2026-01-17T19:45:00Z,2026-01-17,2026-01-17_83,0.0,0,0,100,64.34782608695666,64.34782608695666,0.0,0.0,0.0,True,True,True,False,0.0,1024.187527016937,0.0,0.0,0.0,0.0,1024.187527016937
2026-01-17T19:45:00Z,2026-01-17T20:00:00Z,2026-01-17,2026-01-17_84,0.0,0,0,100,64.34782608695666,64.34782608695666,0.0,0.0,0.0,True,True,True,False,0.0,1024.187527016937,0.0,0.0,0.0,0.0,1024.187527016937
2026-01-17T20:00:00Z,2026-01-17T20:15:00Z,2026-01-17,2026-01-17_85,0.0,0,0,100,64.34782608695666,64.34782608695666,0.0,0.0,0.0,True,True,True,False,0.0,1024.187527016937,0.0,0.0,0.0,0.0,1024.187527016937
2026-01-17T20:15:00Z,2026-01-17T20:30:00Z,2026-01-17,2026-01-17_86,0.0,0,0,100,64.34782608695666,64.34782608695666,0.0,0.0,0.0,True,True,True,False,0.0,1024.187527016937,0.0,0.0,0.0,0.0,1024.187527016937
2026-01-17T20:30:00Z,2026-01-17T20:45:00Z,2026-01-17,2026-01-17_87,0.0,0,0,100,64.34782608695666,64.34782608695666,0.0,0.0,0.0,True,True,True,False,0.0,1024.187527016937,0.0,0.0,0.0,0.0,1024.187527016937
2026-01-17T20:45:00Z,2026-01-17T21:00:00Z,2026-01-17,2026-01-17_88,0.0,0,0,100,64.34782608695666,64.34782608695666,0.0,0.0,0.0,True,True,True,False,0.0,1024.187527016937,0.0,0.0,0.0,0.0,1024.187527016937
2026-01-17T21:00:00Z,2026-01-17T21:15:00Z,2026-01-17,2026-01-17_89,0.0,0,0,100,64.34782608695666,64.34782608695666,0.0,0.0,0.0,True,True,True,False,0.0,1024.187527016937,0.0,0.0,0.0,0.0,1024.187527016937
2026-01-17T21:15:00Z,2026-01-17T21:30:00Z,2026-01-17,2026-01-17_90,0.0,0,0,100,64.34782608695666,64.34782608695666,0.0,0.0,0.0,True,True,True,False,0.0,1024.187527016937,0.0,0.0,0.0,0.0,1024.187527016937
2026-01-17T21:30:00Z,2026-01-17T21:45:00Z,2026-01-17,2026-01-17_91,0.0,0,0,100,64.34782608695666,64.34782608695666,0.0,0.0,0.0,True,True,True,False,0.0,1024.187527016937,0.0,0.0,0.0,0.0,1024.187527016937
2026-01-17T21:45:00Z,2026-01-17T22:00:00Z,2026-01-17,2026-01-17_92,0.0,0,0,100,64.34782608695666,64.34782608695666,0.0,0.0,0.0,True,True,True,False,0.0,1024.187527016937,0.0,0.0,0.0,0.0,1024.187527016937
2026-01-17T22:00:00Z,2026-01-17T22:15:00Z,2026-01-18,2026-01-17_93,0.0,0,0,100,64.34782608695666,64.34782608695666,0.0,0.0,0.0,True,True,True,False,0.0,1024.187527016937,0.0,0.0,0.0,0.0,1024.187527016937
2026-01-17T22:15:00Z,2026-01-17T22:30:00Z,2026-01-18,2026-01-17_94,0.0,0,0,100,64.34782608695666,64.34782608695666,0.0,0.0,0.0,True,True,True,False,0.0,1024.187527016937,0.0,0.0,0.0,0.0,1024.187527016937
2026-01-17T22:30:00Z,2026-01-17T22:45:00Z,2026-01-18,2026-01-17_95,0.0,0,0,100,64.34782608695666,64.34782608695666,0.0,0.0,0.0,True,True,True,False,0.0,1024.187527016937,0.0,0.0,0.0,0.0,1024.187527016937
2026-01-17T22:45:00Z,2026-01-17T23:00:00Z,2026-01-18,2026-01-17_96,0.0,0,0,100,64.34782608695666,64.34782608695666,0.0,0.0,0.0,True,True,True,False,0.0,1024.187527016937,0.0,0.0,0.0,0.0,1024.187527016937
2026-01-17T23:00:00Z,2026-01-17T23:15:00Z,2026-01-18,2026-01-18_1,0.0,0,0,100,64.34782608695666,64.34782608695666,0.0,0.0,0.0,True,True,True,False,0.0,1024.187527016937,0.0,0.0,0.0,0.0,1024.187527016937
2026-01-17T23:15:00Z,2026-01-17T23:30:00Z,2026-01-18,2026-01-18_2,0.0,0,0,100,64.34782608695666,64.34782608695666,0.0,0.0,0.0,True,True,True,False,0.0,1024.187527016937,0.0,0.0,0.0,0.0,1024.187527016937
2026-01-17T23:30:00Z,2026-01-17T23:45:00Z,2026-01-18,2026-01-18_3,0.0,0,0,100,64.34782608695666,64.34782608695666,0.0,0.0,0.0,True,True,True,False,0.0,1024.187527016937,0.0,0.0,0.0,0.0,1024.187527016937
2026-01-17T23:45:00Z,2026-01-18T00:00:00Z,2026-01-18,2026-01-18_4,0.0,0,0,100,64.34782608695666,64.34782608695666,0.0,0.0,0.0,True,True,True,False,0.0,1024.187527016937,0.0,0.0,0.0,0.0,1024.187527016937
2026-01-18T00:00:00Z,2026-01-18T00:15:00Z,2026-01-18,2026-01-18_5,0.0,0,0,100,64.34782608695666,64.34782608695666,0.0,0.0,0.0,True,True,True,False,0.0,1024.187527016937,0.0,0.0,0.0,0.0,1024.187527016937
2026-01-18T00:15:00Z,2026-01-18T00:30:00Z,2026-01-18,2026-01-18_6,0.0,0,0,100,64.34782608695666,64.34782608695666,0.0,0.0,0.0,True,True,True,False,0.0,1024.187527016937,0.0,0.0,0.0,0.0,1024.187527016937
2026-01-18T00:30:00Z,2026-01-18T00:45:00Z,2026-01-18,2026-01-18_7,0.0,0,0,100,64.34782608695666,64.34782608695666,0.0,0.0,0.0,True,True,True,False,0.0,1024.187527016937,0.0,0.0,0.0,0.0,1024.187527016937
2026-01-18T00:45:00Z,2026-01-18T01:00:00Z,2026-01-18,2026-01-18_8,0.0,0,0,100,64.34782608695666,64.34782608695666,0.0,0.0,0.0,True,True,True,False,0.0,1024.187527016937,0.0,0.0,0.0,0.0,1024.187527016937
2026-01-18T01:00:00Z,2026-01-18T01:15:00Z,2026-01-18,2026-01-18_9,0.0,100,0,0,64.34782608695666,57.191925465838644,0.01987750172532781,6.583428571428572,0.0,True,True,True,False,0.0,0.0,71.2657680669627,0.0,1277.3072546300714,0.0,1348.573022697034
2026-01-18T01:15:00Z,2026-01-18T01:30:00Z,2026-01-18,2026-01-18_10,0.0,100,0,0,57.191925465838644,49.496273291925604,0.021376811594202898,7.08,0.0,True,True,True,False,0.0,0.0,71.2657680669627,0.0,1317.9589578339292,0.0,1389.2247259008918
2026-01-18T01:30:00Z,2026-01-18T01:45:00Z,2026-01-18,2026-01-18_11,-100.0,100,0,0,49.496273291925604,61.10299329192561,0.03224088888888889,12.384,0.0,True,True,True,False,-2623.5,0.0,71.2657680669627,0.0,2409.478090148151,0.0,-142.75614178488644
2026-01-18T01:45:00Z,2026-01-18T02:00:00Z,2026-01-18,2026-01-18_12,-99.99999999999997,100,0,0,61.10299329192561,69.18269614906846,0.02244361904761906,16.217714285714287,0.0,True,True,True,False,-2605.499999999999,0.0,71.2657680669627,0.0,4876.983494209252,0.0,2342.7492622762156
2026-01-18T02:00:00Z,2026-01-18T02:15:00Z,2026-01-18,2026-01-18_13,0.0,15,0,85,69.18269614906846,69.15809987577654,6.832298136645963e-05,0.02262857142857143,0.0,True,True,True,False,0.0,789.1401736943451,10.689865210044406,0.0,2.956733603175227,0.0,802.7867725075647
2026-01-18T02:15:00Z,2026-01-18T02:30:00Z,2026-01-18,2026-01-18_14,0.0,15,0,85,69.15809987577654,68.8246526708076,0.0009262422360248447,0.3067714285714286,0.0,True,True,True,False,0.0,789.1401736943451,10.689865210044406,0.0,47.86662603506447,0.0,847.696664939454
2026-01-18T02:30:00Z,2026-01-18T02:45:00Z,2026-01-18,2026-01-18_15,-15.0,15,0,85,68.8246526708076,70.8560126708076,0.005642666666666667,1.5419999999999998,0.0,True,True,True,False,-381.4875,789.1401736943451,10.689865210044406,0.0,290.9551668173065,0.0,709.297705721696
2026-01-18T02:45:00Z,2026-01-18T03:00:00Z,2026-01-18,2026-01-18_16,-15.0,15,0,85,70.8560126708076,72.77271438509331,0.005324171428571429,1.6666285714285713,0.0,True,True,True,False,-381.0,789.1401736943451,10.689865210044406,0.0,320.022223557085,0.0,738.8522624614745
2026-01-18T03:00:00Z,2026-01-18T03:15:00Z,2026-01-18,2026-01-18_17,-100.0,100,0,0,72.77271438509331,81.47696581366473,0.02417847619047619,15.538857142857143,0.0,True,True,True,False,-2574.75,0.0,71.2657680669627,0.0,5202.225814213295,0.0,2698.7415822802577
2026-01-18T03:15:00Z,2026-01-18T03:30:00Z,2026-01-18,2026-01-18_18,0.0,100,0,0,81.47696581366473,79.48131363975169,0.005543478260869566,1.836,0.0,True,True,True,False,0.0,0.0,71.2657680669627,0.0,283.73800998153024,0.0,355.00377804849296
2026-01-18T03:30:00Z,2026-01-18T03:45:00Z,2026-01-18,2026-01-18_19,0.0,100,0,0,79.48131363975169,78.90243165217404,0.0016080055210489993,0.5325714285714286,0.0,True,True,True,False,0.0,0.0,71.2657680669627,0.0,80.57541803973524,0.0,151.84118610669793
2026-01-18T03:45:00Z,2026-01-18T04:00:00Z,2026-01-18,2026-01-18_20,-100.0,100,0,0,78.90243165217404,96.8518945093169,0.04985961904761905,5.489714285714285,0.0,True,True,True,False,-2540.0,0.0,71.2657680669627,0.0,992.7026590841467,0.0,-1476.0315728488906
2026-01-18T04:00:00Z,2026-01-18T04:15:00Z,2026-01-18,2026-01-18_21,0.0,15,15,85,96.8518945093169,96.1949690434784,0.001824792960662526,0.6043714285714287,0.0,True,True,True,False,0.0,789.1401736943451,10.689865210044406,4.151275199434118,102.15591907550149,0.0,906.1372331793251
2026-01-18T04:15:00Z,2026-01-18T04:30:00Z,2026-01-18,2026-01-18_22,0.0,15,15,85,96.1949690434784,95.51624233540386,0.001885351966873706,0.6244285714285714,0.0,True,True,True,False,0.0,789.1401736943451,10.689865210044406,4.151275199434118,98.14597842013372,0.0,902.1272925239573
2026-01-18T04:30:00Z,2026-01-18T04:45:00Z,2026-01-18,2026-01-18_23,0.0,15,15,85,95.51624233540386,94.90664606211193,0.0016933229813664596,0.5608285714285715,0.0,True,True,True,False,0.0,789.1401736943451,10.689865210044406,4.151275199434118,94.51284875567706,0.0,898.4941628595006
2026-01-18T04:45:00Z,2026-01-18T05:00:00Z,2026-01-18,2026-01-18_24,0.0,15,15,85,94.90664606211193,94.59520134161504,0.0008760766045548653,0.2883428571428571,0.002142857142857143,True,True,True,False,0.0,789.1401736943451,10.689865210044406,4.151275199434118,45.11239407395763,-0.17053932823964657,848.9231688495416
2026-01-18T05:00:00Z,2026-01-18T05:15:00Z,2026-01-18,2026-01-18_25,0.0,19,19,81,94.59520134161504,94.5324950161492,0.0012845804278812972,0.24157142857142858,0.21725142857142854,True,True,True,False,0.0,752.0041655204935,19.817954965221833,5.258281919283216,37.955298070499474,-9.451465900555213,805.5842345749428
2026-01-18T05:15:00Z,2026-01-18T05:30:00Z,2026-01-18,2026-01-18_26,0.0,19,19,81,94.5324950161492,94.0304701714287,0.0013945134575569355,0.4618628571428571,0.0,True,True,True,False,0.0,752.0041655204935,19.817954965221833,5.258281919283216,74.36832344649102,0.0,851.4487258514896
2026-01-18T05:30:00Z,2026-01-18T05:45:00Z,2026-01-18,2026-01-18_27,0.0,19,19,81,94.0304701714287,93.44099812173926,0.0016374223602484473,0.5423142857142857,0.0,True,True,True,False,0.0,752.0041655204935,19.817954965221833,5.258281919283216,87.56254152327807,0.0,864.6429439282766
2026-01-18T05:45:00Z,2026-01-18T06:00:00Z,2026-01-18,2026-01-18_28,0.0,19,19,81,93.44099812173926,92.94499191055912,0.0013777950310559007,0.45632571428571433,0.0,True,True,True,False,0.0,752.0041655204935,19.817954965221833,5.258281919283216,71.38699077971582,0.0,848.4673931847144
2026-01-18T06:00:00Z,2026-01-18T06:15:00Z,2026-01-18,2026-01-18_29,0.0,100,100,0,92.94499191055912,92.07771340124236,0.005020154589371981,1.2302857142857144,0.5108571428571429,True,True,True,False,0.0,0.0,104.30502613274649,19.71745195897355,201.7954785576745,-32.807720696798384,293.01023595259613
2026-01-18T06:15:00Z,2026-01-18T06:30:00Z,2026-01-18,2026-01-18_30,0.0,100,100,0,92.07771340124236,90.3038003577641,0.004927536231884057,1.6319999999999997,0.0,True,True,True,False,0.0,0.0,104.30502613274649,19.71745195897355,251.26463630290402,0.0,375.28711439462404
2026-01-18T06:30:00Z,2026-01-18T06:45:00Z,2026-01-18,2026-01-18_31,0.0,100,100,0,90.3038003577641,84.0316552645964,0.017425545893719804,5.7708571428571425,0.0005714285714285715,True,True,True,False,0.0,0.0,104.30502613274649,19.71745195897355,1080.1052540574526,-0.04491127216792325,1204.0828208770047
2026-01-18T06:45:00Z,2026-01-18T07:00:00Z,2026-01-18,2026-01-18_32,0.0,100,100,0,84.0316552645964,64.28507141366472,0.05485162180814355,18.166857142857143,0.0,True,True,True,False,0.0,0.0,104.30502613274649,19.71745195897355,10877.697524827512,0.0,11001.720002919232
2026-01-18T07:00:00Z,2026-01-18T07:15:00Z,2026-01-18,2026-01-18_33,0.0,19,19,81,64.28507141366472,63.25671116521752,0.0028565562456866803,0.9460914285714286,0.0,True,True,True,False,0.0,752.0041655204935,20.103548551892167,0.9519786222344481,172.48796731133052,0.0,945.5476600059507
2026-01-18T07:15:00Z,2026-01-18T07:30:00Z,2026-01-18,2026-01-18_34,0.0,19,19,81,63.25671116521752,62.83882917763988,0.0011607832988267772,0.3844514285714286,0.0,True,True,True,False,0.0,752.0041655204935,20.103548551892167,0.9519786222344481,60.615422000909454,0.0,833.6751146955296
2026-01-18T07:30:00Z,2026-01-18T07:45:00Z,2026-01-18,2026-01-18_35,3.1496544502952806e-14,19,19,81,62.83882917763988,61.866642842236146,0.0027005175983437087,0.8944114285714285,0.0,True,True,True,False,9.521405403242633e-13,752.0041655204935,20.103548551892167,0.9519786222344481,155.63785179055628,0.0,928.6975444851773
2026-01-18T07:45:00Z,2026-01-18T08:00:00Z,2026-01-18,2026-01-18_36,8.447349100408798e-15,19,19,81,61.866642842236146,61.40432832795043,0.0013546819047619112,0.43700000000000006,0.013788571428571428,True,True,True,False,2.4334700921002645e-13,752.0041655204935,20.103548551892167,0.9519786222344481,76.43533049082407,-0.9493128260979402,848.5457103593466
2026-01-18T08:00:00Z,2026-01-18T08:15:00Z,2026-01-18,2026-01-18_37,0.0,100,100,0,61.40432832795043,61.04825081242248,0.0012607232574189094,0.37257142857142855,0.053142857142857144,True,True,True,False,0.0,0.0,99.76618068927574,5.010413801233937,55.991203229120465,-3.8286894329390493,156.9391082866911
2026-01-18T08:15:00Z,2026-01-18T08:30:00Z,2026-01-18,2026-01-18_38,0.0,100,100,0,61.04825081242248,61.648858017391426,0.0017166625258799172,0.008,0.6622857142857143,True,True,True,False,0.0,0.0,99.76618068927574,5.010413801233937,1.0453098597084136,-25.626711989625495,80.1951923605926
2026-01-18T08:30:00Z,2026-01-18T08:45:00Z,2026-01-18,2026-01-18_39,0.0,100,100,0,61.648858017391426,69.62657230310572,0.02216031746031746,0.0,8.67142857142857,True,True,True,False,0.0,0.0,99.76618068927574,5.010413801233937,0.0,2647.0841693379516,2751.860763828461
2026-01-18T08:45:00Z,2026-01-18T09:00:00Z,2026-01-18,2026-01-18_40,0.0,100,100,0,69.62657230310572,89.24780658882,0.05450342857142858,0.0,21.327428571428573,True,True,True,False,0.0,0.0,99.76618068927574,5.010413801233937,0.0,19866.75491930006,19971.53151379057
2026-01-18T09:00:00Z,2026-01-18T09:15:00Z,2026-01-18,2026-01-18_41,0.0,100,100,0,89.24780658882,108.56990944596285,0.053672507936507935,0.0,21.002285714285712,True,True,True,False,0.0,0.0,75.00884190670806,14.913349314261012,0.0,20693.920130916355,20783.842322137323
2026-01-18T09:15:00Z,2026-01-18T09:30:00Z,2026-01-18,2026-01-18_42,0.0,100,100,0,108.56990944596285,122.20536087453428,0.037876253968253976,0.0,14.821142857142858,True,True,True,False,0.0,0.0,75.00884190670806,14.913349314261012,0.0,9736.221738178512,9826.14392939948
2026-01-18T09:30:00Z,2026-01-18T09:45:00Z,2026-01-18,2026-01-18_43,0.0,100,100,0,122.20536087453428,124.16934000496906,0.005572819875776398,0.01942857142857143,2.157714285714286,True,True,True,False,0.0,0.0,75.00884190670806,14.913349314261012,2.5386096592918617,134.41855374475801,226.87935462501895
2026-01-18T09:45:00Z,2026-01-18T10:00:00Z,2026-01-18,2026-01-18_44,0.0,100,100,0,124.16934000496906,126.10057876273304,0.005430114561766736,0.010857142857142857,2.112,True,True,True,False,0.0,0.0,75.00884190670806,14.913349314261012,1.3461031050530794,943.9171800212206,1035.1854743472427
2026-01-18T10:00:00Z,2026-01-18T10:15:00Z,2026-01-18,2026-01-18_45,0.0,19,19,81,126.10057876273304,126.66188247453428,0.0015683557211870257,0.00152,0.6119085714285715,True,True,True,False,0.0,752.0041655204935,13.596494675207293,5.280681416276967,0.18845443470743112,294.18862591492683,1065.2584219616122
2026-01-18T10:15:00Z,2026-01-18T10:30:00Z,2026-01-18,2026-01-18_46,0.0,19,19,81,126.66188247453428,126.6181827577641,0.00014413984817115253,0.04397142857142858,0.0044514285714285715,True,True,True,False,0.0,752.0041655204935,13.596494675207293,5.280681416276967,5.451717575464972,-0.31465951529509506,776.0183996721477
2026-01-18T10:30:00Z,2026-01-18T10:45:00Z,2026-01-18,2026-01-18_47,0.0,19,19,81,126.6181827577641,126.54183948322994,0.0002442500483091787,0.07556571428571428,0.006297142857142857,True,True,True,False,0.0,752.0041655204935,13.596494675207293,5.280681416276967,9.368877611169431,-0.44692342515817185,779.803295797989
2026-01-18T10:45:00Z,2026-01-18T11:00:00Z,2026-01-18,2026-01-18_48,0.0,19,19,81,126.54183948322994,126.50435817142869,0.00012797634230503796,0.03843428571428571,0.004668571428571428,True,True,True,False,0.0,752.0041655204935,13.596494675207293,5.280681416276967,4.52354641860674,-0.3306591346720634,775.0742288959125
2026-01-18T11:00:00Z,2026-01-18T11:15:00Z,2026-01-18,2026-01-18_49,0.0,19,19,81,126.50435817142869,124.75628132173925,0.00494844077294686,1.623577142857143,0.018131428571428573,True,True,True,False,0.0,752.0041655204935,13.596494675207293,5.280681416276967,550.8349289761915,-1.0002745830269073,1320.7159960051424
2026-01-18T11:15:00Z,2026-01-18T11:30:00Z,2026-01-18,2026-01-18_50,0.0,19,19,81,124.75628132173925,124.86125573167713,0.00036043616287094547,0.011399999999999999,0.12757142857142856,True,True,True,False,0.0,752.0041655204935,13.596494675207293,5.280681416276967,1.4860901481510589,-7.723768953960332,764.6436628061685
2026-01-18T11:30:00Z,2026-01-18T11:45:00Z,2026-01-18,2026-01-18_51,0.0,19,19,81,124.86125573167713,124.85782714037278,6.390608695652174e-05,0.01216,0.010640000000000002,True,True,True,False,0.0,752.0041655204935,13.596494675207293,5.280681416276967,1.4311785279207765,-0.7477164145085865,771.56480372539
2026-01-18T11:45:00Z,2026-01-18T12:00:00Z,2026-01-18,2026-01-18_52,0.0,19,19,81,124.85782714037278,125.45584291180135,0.0016611549206349207,0.0,0.6500171428571428,True,True,True,False,0.0,752.0041655204935,13.596494675207293,5.280681416276967,0.0,9.630966850990012,780.5123084629678
2026-01-18T12:00:00Z,2026-01-18T12:15:00Z,2026-01-18,2026-01-18_53,0.0,100,100,0,125.45584291180135,131.82171719751565,0.017682984126984127,0.0,6.919428571428571,True,True,True,False,0.0,0.0,71.5604982905647,27.793060085668248,0.0,718.3308771732845,817.6844355495175
2026-01-18T12:15:00Z,2026-01-18T12:30:00Z,2026-01-18,2026-01-18_54,0.0,100,100,0,131.82171719751565,143.7691000546585,0.0331871746031746,0.0,12.986285714285714,True,True,True,False,0.0,0.0,71.5604982905647,27.793060085668248,0.0,7180.683170735814,7280.036729112047
2026-01-18T12:30:00Z,2026-01-18T12:45:00Z,2026-01-18,2026-01-18_55,0.0,100,100,0,143.7691000546585,156.82048291180138,0.036253841269841276,0.0,14.186285714285715,True,True,True,False,0.0,0.0,71.5604982905647,27.793060085668248,0.0,8532.707725973873,8632.061284350106
2026-01-18T12:45:00Z,2026-01-18T13:00:00Z,2026-01-18,2026-01-18_56,0.0,100,100,0,156.82048291180138,165.3260143403728,0.02362647619047619,0.0,9.245142857142856,True,True,True,False,0.0,0.0,71.5604982905647,27.793060085668248,0.0,600.1404539406833,699.4940123169163
2026-01-18T13:00:00Z,2026-01-18T13:15:00Z,2026-01-18,2026-01-18_57,-48.99999999999997,100,51,0,165.3260143403728,175.9638156919256,0.03223319561076603,0.8714285714285714,0.26490857142857144,True,True,True,False,-1200.4999999999993,0.0,96.64204031909459,14.174460643690805,92.46108157571199,-16.40190783982395,-1013.6243253013259
2026-01-18T13:15:00Z,2026-01-18T13:30:00Z,2026-01-18,2026-01-18_58,-48.999999999999936,100,51,0,175.9638156919256,182.6606802683231,0.03261420284334021,4.549714285714286,0.0,True,True,True,False,-1229.5324999999984,0.0,96.64204031909459,14.174460643690805,482.7377911513566,0.0,-635.9782078858565
2026-01-18T13:30:00Z,2026-01-18T13:45:00Z,2026-01-18,2026-01-18_59,-49.0,100,51,0,182.6606802683231,187.31278698136657,0.033199330241545894,6.584,0.0,True,True,True,False,-1261.3825,0.0,96.64204031909459,14.174460643690805,943.2167972649033,0.0,-207.3492017723112
2026-01-18T13:45:00Z,2026-01-18T14:00:00Z,2026-01-18,2026-01-18_60,-0.33269154589766037,100,51,0,187.31278698136657,164.698422857143,0.06288762868550368,20.886285714285716,0.0,True,True,True,False,-9.605636658930198,0.0,96.64204031909459,14.174460643690805,11701.273382885438,0.0,11802.484247189293
2026-01-18T14:00:00Z,2026-01-18T14:15:00Z,2026-01-18,2026-01-18_61,-100.0,100,0,0,164.698422857143,180.93195428571443,0.04509314285714286,7.354857142857144,0.0,True,True,True,False,-2536.5,0.0,103.3324163948599,0.0,1637.2281375856824,0.0,-795.9394460194577
2026-01-18T14:15:00Z,2026-01-18T14:30:00Z,2026-01-18,2026-01-18_62,-100.0,100,0,0,180.93195428571443,190.00000000000014,0.025189015873015873,15.143428571428572,0.0,True,True,True,False,-2601.5,0.0,103.3324163948599,0.0,7177.075834928619,0.0,4678.908251323479
2026-01-18T14:30:00Z,2026-01-18T14:45:00Z,2026-01-18,2026-01-18_63,-0.34163539073797056,100,0,0,190.00000000000014,173.37368207185514,0.0463522546602816,15.376571428571427,0.0,True,True,True,False,-10.886211725865431,0.0,103.3324163948599,0.0,6739.919794530929,0.0,6832.365999199923
2026-01-18T14:45:00Z,2026-01-18T15:00:00Z,2026-01-18,2026-01-18_64,0.0,100,0,0,173.37368207185514,164.0581541215446,0.025876466528640434,8.570285714285713,0.0,True,True,True,False,0.0,0.0,103.3324163948599,0.0,4546.698735635409,0.0,4650.031152030269
2026-01-18T15:00:00Z,2026-01-18T15:15:00Z,2026-01-18,2026-01-18_65,0.0,1,44,56,164.0581541215446,163.92535287930858,0.0003688923395445135,0.12217714285714286,0.0,True,True,True,False,0.0,519.9041144339214,1.0728180139112664,2.1008370338350297,28.73481855846044,0.0,551.8125880401282
2026-01-18T15:15:00Z,2026-01-18T15:30:00Z,2026-01-18,2026-01-18_66,0.5665061833286588,1,44,56,163.92535287930858,164.0755527950312,0.0013308175712792155,0.014125714285714285,0.3464685714285714,True,True,True,False,20.602413622205,519.9041144339214,1.0728180139112664,2.1008370338350297,1.9465253159227303,-22.250942254209022,523.3757661655865
2026-01-18T15:30:00Z,2026-01-18T15:45:00Z,2026-01-18,2026-01-18_67,43.0,1,44,56,164.0755527950312,154.96000582360264,0.02559649650793651,0.0,2.371977142857143,True,True,True,False,2071.4175,519.9041144339214,1.0728180139112664,2.1008370338350297,0.0,175.34286647541947,2769.838135957087
2026-01-18T15:45:00Z,2026-01-18T16:00:00Z,2026-01-18,2026-01-18_68,43.0,1,44,56,154.96000582360264,143.34007403726724,0.032284627025534855,0.00072,0.06059428571428571,True,True,True,False,1771.385,519.9041144339214,1.0728180139112664,2.1008370338350297,0.09407788737375723,-4.2189667353434865,2290.337880633698
2026-01-18T16:00:00Z,2026-01-18T16:15:00Z,2026-01-18,2026-01-18_69,11.0,0,11,89,143.34007403726724,140.3519684472051,0.008300293305728089,0.0,0.0009428571428571429,True,True,True,False,490.04999999999995,826.2761818681965,0.0,0.5252092584587574,0.0,-0.06545811743174891,1316.7859330092235
2026-01-18T16:15:00Z,2026-01-18T16:30:00Z,2026-01-18,2026-01-18_70,11.0,0,11,89,140.3519684472051,137.36283801242251,0.008303140096618358,0.0,0.0,True,True,True,False,446.49,826.2761818681965,0.0,0.5252092584587574,0.0,0.0,1273.2913911266553
2026-01-18T16:30:00Z,2026-01-18T16:45:00Z,2026-01-18,2026-01-18_71,11.0,0,11,89,137.36283801242251,134.4246081987579,0.008161749482401656,0.0,0.04682857142857143,True,True,True,False,451.6875,826.2761818681965,0.0,0.5252092584587574,0.0,-3.122232937927008,1275.3666581887283
2026-01-18T16:45:00Z,2026-01-18T17:00:00Z,2026-01-18,2026-01-18_72,11.0,0,11,89,134.4246081987579,131.43568273291942,0.008302570738440302,0.0,0.00018857142857142857,True,True,True,False,444.895,826.2761818681965,0.0,0.5252092584587574,0.0,-0.014820719815414671,1271.68157040684
2026-01-18T17:00:00Z,2026-01-18T17:15:00Z,2026-01-18,2026-01-18_73,11.0,0,11,89,131.43568273291942,128.44655229813682,0.008303140096618358,0.0,0.0,True,True,True,False,448.1675,826.2761818681965,0.0,0.713247141116831,0.0,0.0,1275.1569290093134
2026-01-18T17:15:00Z,2026-01-18T17:30:00Z,2026-01-18,2026-01-18_74,11.0,0,11,89,128.44655229813682,125.45817341614925,0.008301052449965492,0.0,0.0006914285714285714,True,True,True,False,435.76500000000004,826.2761818681965,0.0,0.713247141116831,0.0,-0.05187249465275164,1262.7025565146607
2026-01-18T17:30:00Z,2026-01-18T17:45:00Z,2026-01-18,2026-01-18_75,11.0,0,11,89,125.45817341614925,122.46904298136664,0.008303140096618356,0.0,0.0,True,True,True,False,419.6225,826.2761818681965,0.0,0.713247141116831,0.0,0.0,1246.6119290093134
2026-01-18T17:45:00Z,2026-01-18T18:00:00Z,2026-01-18,2026-01-18_76,11.0,0,11,89,122.46904298136664,119.47991254658403,0.008303140096618358,0.0,0.0,True,True,True,False,443.1625,826.2761818681965,0.0,0.713247141116831,0.0,0.0,1270.1519290093133
2026-01-18T18:00:00Z,2026-01-18T18:15:00Z,2026-01-18,2026-01-18_77,100.0,0,100,0,119.47991254658403,93.3258752795033,0.07265010351966875,0.0,0.9382857142857143,True,True,True,False,3816.7499999999995,0.0,0.0,6.484064919243918,0.0,1.6802640782803473,3824.9143289975236
2026-01-18T18:15:00Z,2026-01-18T18:30:00Z,2026-01-18,2026-01-18_78,100.0,0,100,0,93.3258752795033,76.76997465838528,0.04598861283643892,0.0,9.768571428571429,True,True,True,False,3718.5,0.0,0.0,6.484064919243918,0.0,2612.7003407642774,6337.684405683522
2026-01-18T18:30:00Z,2026-01-18T18:45:00Z,2026-01-18,2026-01-18_79,100.00000000000003,0,100,0,76.76997465838528,57.54140322981385,0.053412698412698426,0.0,7.309714285714286,True,True,True,False,3972.5000000000014,0.0,0.0,6.484064919243918,0.0,2209.021969471563,6188.006034390808
2026-01-18T18:45:00Z,2026-01-18T19:00:00Z,2026-01-18,2026-01-18_80,0.0,0,100,0,57.54140322981385,64.34782608695672,0.01890673015873016,0.0,7.398285714285715,True,True,True,False,0.0,0.0,0.0,6.484064919243918,0.0,974.7700060068826,981.2540709261265
2026-01-18T19:00:00Z,2026-01-18T19:15:00Z,2026-01-18,2026-01-18_81,0.0,0,0,100,64.34782608695672,64.34782608695672,0.0,0.0,0.0,True,True,True,False,0.0,1024.187527016937,0.0,0.0,0.0,0.0,1024.187527016937
2026-01-18T19:15:00Z,2026-01-18T19:30:00Z,2026-01-18,2026-01-18_82,0.0,0,0,100,64.34782608695672,64.34782608695672,0.0,0.0,0.0,True,True,True,False,0.0,1024.187527016937,0.0,0.0,0.0,0.0,1024.187527016937
2026-01-18T19:30:00Z,2026-01-18T19:45:00Z,2026-01-18,2026-01-18_83,0.0,0,0,100,64.34782608695672,64.34782608695672,0.0,0.0,0.0,True,True,True,False,0.0,1024.187527016937,0.0,0.0,0.0,0.0,1024.187527016937
2026-01-18T19:45:00Z,2026-01-18T20:00:00Z,2026-01-18,2026-01-18_84,0.0,0,0,100,64.34782608695672,64.34782608695672,0.0,0.0,0.0,True,True,True,False,0.0,1024.187527016937,0.0,0.0,0.0,0.0,1024.187527016937
2026-01-18T20:00:00Z,2026-01-18T20:15:00Z,2026-01-18,2026-01-18_85,0.0,0,0,100,64.34782608695672,64.34782608695672,0.0,0.0,0.0,True,True,True,False,0.0,1024.187527016937,0.0,0.0,0.0,0.0,1024.187527016937
2026-01-18T20:15:00Z,2026-01-18T20:30:00Z,2026-01-18,2026-01-18_86,0.0,0,0,100,64.34782608695672,64.34782608695672,0.0,0.0,0.0,True,True,True,False,0.0,1024.187527016937,0.0,0.0,0.0,0.0,1024.187527016937
2026-01-18T20:30:00Z,2026-01-18T20:45:00Z,2026-01-18,2026-01-18_87,0.0,0,0,100,64.34782608695672,64.34782608695672,0.0,0.0,0.0,True,True,True,False,0.0,1024.187527016937,0.0,0.0,0.0,0.0,1024.187527016937
2026-01-18T20:45:00Z,2026-01-18T21:00:00Z,2026-01-18,2026-01-18_88,0.0,0,0,100,64.34782608695672,64.34782608695672,0.0,0.0,0.0,True,True,True,False,0.0,1024.187527016937,0.0,0.0,0.0,0.0,1024.187527016937
2026-01-18T21:00:00Z,2026-01-18T21:15:00Z,2026-01-18,2026-01-18_89,0.0,0,0,100,64.34782608695672,64.34782608695672,0.0,0.0,0.0,True,True,True,False,0.0,1024.187527016937,0.0,0.0,0.0,0.0,1024.187527016937
2026-01-18T21:15:00Z,2026-01-18T21:30:00Z,2026-01-18,2026-01-18_90,0.0,0,0,100,64.34782608695672,64.34782608695672,0.0,0.0,0.0,True,True,True,False,0.0,1024.187527016937,0.0,0.0,0.0,0.0,1024.187527016937
2026-01-18T21:30:00Z,2026-01-18T21:45:00Z,2026-01-18,2026-01-18_91,0.0,0,0,100,64.34782608695672,64.34782608695672,0.0,0.0,0.0,True,True,True,False,0.0,1024.187527016937,0.0,0.0,0.0,0.0,1024.187527016937
2026-01-18T21:45:00Z,2026-01-18T22:00:00Z,2026-01-18,2026-01-18_92,0.0,0,0,100,64.34782608695672,64.34782608695672,0.0,0.0,0.0,True,True,True,False,0.0,1024.187527016937,0.0,0.0,0.0,0.0,1024.187527016937
2026-01-18T22:00:00Z,2026-01-18T22:15:00Z,2026-01-19,2026-01-18_93,0.0,0,0,100,64.34782608695672,64.34782608695672,0.0,0.0,0.0,True,True,True,False,0.0,1024.187527016937,0.0,0.0,0.0,0.0,1024.187527016937
2026-01-18T22:15:00Z,2026-01-18T22:30:00Z,2026-01-19,2026-01-18_94,0.0,0,0,100,64.34782608695672,64.34782608695672,0.0,0.0,0.0,True,True,True,False,0.0,1024.187527016937,0.0,0.0,0.0,0.0,1024.187527016937
2026-01-18T22:30:00Z,2026-01-18T22:45:00Z,2026-01-19,2026-01-18_95,0.0,0,0,100,64.34782608695672,64.34782608695672,0.0,0.0,0.0,True,True,True,False,0.0,1024.187527016937,0.0,0.0,0.0,0.0,1024.187527016937
2026-01-18T22:45:00Z,2026-01-18T23:00:00Z,2026-01-19,2026-01-18_96,0.0,0,0,100,64.34782608695672,64.34782608695672,0.0,0.0,0.0,True,True,True,False,0.0,1024.187527016937,0.0,0.0,0.0,0.0,1024.187527016937
2026-01-18T23:00:00Z,2026-01-18T23:15:00Z,2026-01-19,2026-01-19_1,0.0,0,0,100,64.34782608695672,64.34782608695672,0.0,0.0,0.0,True,True,True,False,0.0,1024.187527016937,0.0,0.0,0.0,0.0,1024.187527016937
2026-01-18T23:15:00Z,2026-01-18T23:30:00Z,2026-01-19,2026-01-19_2,0.0,0,0,100,64.34782608695672,64.34782608695672,0.0,0.0,0.0,True,True,True,False,0.0,1024.187527016937,0.0,0.0,0.0,0.0,1024.187527016937
2026-01-18T23:30:00Z,2026-01-18T23:45:00Z,2026-01-19,2026-01-19_3,0.0,0,0,100,64.34782608695672,64.34782608695672,0.0,0.0,0.0,True,True,True,False,0.0,1024.187527016937,0.0,0.0,0.0,0.0,1024.187527016937
2026-01-18T23:45:00Z,2026-01-19T00:00:00Z,2026-01-19,2026-01-19_4,0.0,0,0,100,64.34782608695672,64.34782608695672,0.0,0.0,0.0,True,True,True,False,0.0,1024.187527016937,0.0,0.0,0.0,0.0,1024.187527016937
2026-01-19T00:00:00Z,2026-01-19T00:15:00Z,2026-01-19,2026-01-19_5,0.0,0,0,100,64.34782608695672,64.34782608695672,0.0,0.0,0.0,True,True,True,False,0.0,1024.187527016937,0.0,0.0,0.0,0.0,1024.187527016937
2026-01-19T00:15:00Z,2026-01-19T00:30:00Z,2026-01-19,2026-01-19_6,0.0,0,0,100,64.34782608695672,64.34782608695672,0.0,0.0,0.0,True,True,True,False,0.0,1024.187527016937,0.0,0.0,0.0,0.0,1024.187527016937
2026-01-19T00:30:00Z,2026-01-19T00:45:00Z,2026-01-19,2026-01-19_7,0.0,0,0,100,64.34782608695672,64.34782608695672,0.0,0.0,0.0,True,True,True,False,0.0,1024.187527016937,0.0,0.0,0.0,0.0,1024.187527016937
2026-01-19T00:45:00Z,2026-01-19T01:00:00Z,2026-01-19,2026-01-19_8,0.0,0,0,100,64.34782608695672,64.34782608695672,0.0,0.0,0.0,True,True,True,False,0.0,1024.187527016937,0.0,0.0,0.0,0.0,1024.187527016937
2026-01-19T01:00:00Z,2026-01-19T01:15:00Z,2026-01-19,2026-01-19_9,0.0,0,0,100,64.34782608695672,64.34782608695672,0.0,0.0,0.0,True,True,True,False,0.0,1024.187527016937,0.0,0.0,0.0,0.0,1024.187527016937
2026-01-19T01:15:00Z,2026-01-19T01:30:00Z,2026-01-19,2026-01-19_10,0.0,0,0,100,64.34782608695672,64.34782608695672,0.0,0.0,0.0,True,True,True,False,0.0,1024.187527016937,0.0,0.0,0.0,0.0,1024.187527016937
2026-01-19T01:30:00Z,2026-01-19T01:45:00Z,2026-01-19,2026-01-19_11,0.0,0,0,100,64.34782608695672,64.34782608695672,0.0,0.0,0.0,True,True,True,False,0.0,1024.187527016937,0.0,0.0,0.0,0.0,1024.187527016937
2026-01-19T01:45:00Z,2026-01-19T02:00:00Z,2026-01-19,2026-01-19_12,0.0,0,0,100,64.34782608695672,64.34782608695672,0.0,0.0,0.0,True,True,True,False,0.0,1024.187527016937,0.0,0.0,0.0,0.0,1024.187527016937
2026-01-19T02:00:00Z,2026-01-19T02:15:00Z,2026-01-19,2026-01-19_13,0.0,0,0,100,64.34782608695672,64.34782608695672,0.0,0.0,0.0,True,True,True,False,0.0,1024.187527016937,0.0,0.0,0.0,0.0,1024.187527016937
2026-01-19T02:15:00Z,2026-01-19T02:30:00Z,2026-01-19,2026-01-19_14,0.0,0,0,100,64.34782608695672,64.34782608695672,0.0,0.0,0.0,True,True,True,False,0.0,1024.187527016937,0.0,0.0,0.0,0.0,1024.187527016937
2026-01-19T02:30:00Z,2026-01-19T02:45:00Z,2026-01-19,2026-01-19_15,0.0,0,0,100,64.34782608695672,64.34782608695672,0.0,0.0,0.0,True,True,True,False,0.0,1024.187527016937,0.0,0.0,0.0,0.0,1024.187527016937
2026-01-19T02:45:00Z,2026-01-19T03:00:00Z,2026-01-19,2026-01-19_16,0.0,0,0,100,64.34782608695672,64.34782608695672,0.0,0.0,0.0,True,True,True,False,0.0,1024.187527016937,0.0,0.0,0.0,0.0,1024.187527016937
2026-01-19T03:00:00Z,2026-01-19T03:15:00Z,2026-01-19,2026-01-19_17,-89.0,89,0,11,64.34782608695672,84.75138631552814,0.056676556190476186,0.07221714285714285,0.0,True,True,True,False,-2212.7625000000003,112.66062797186308,63.42653357959681,0.0,9.932801509018743,0.0,-2026.7425369395216
2026-01-19T03:15:00Z,2026-01-19T03:30:00Z,2026-01-19,2026-01-19_18,-89.0,89,0,11,84.75138631552814,105.10254334409957,0.05653099174603175,0.12917714285714285,0.0,True,True,True,False,-2229.895,112.66062797186308,63.42653357959681,0.0,18.53656719568403,0.0,-2035.271271252856
2026-01-19T03:30:00Z,2026-01-19T03:45:00Z,2026-01-19,2026-01-19_19,-89.0,89,0,11,105.10254334409957,119.33188368695671,0.0395259453968254,6.783325714285715,0.0,True,True,True,False,-2236.5699999999997,112.66062797186308,63.42653357959681,0.0,1292.7957342375469,0.0,-767.687104210993
2026-01-19T03:45:00Z,2026-01-19T04:00:00Z,2026-01-19,2026-01-19_20,-89.0,89,0,11,119.33188368695671,133.10877854409958,0.03826915238095238,7.275114285714286,0.0,True,True,True,False,-2232.7875,112.66062797186308,63.42653357959681,0.0,1509.7198691734643,0.0,-546.9804692750757
2026-01-19T04:00:00Z,2026-01-19T04:15:00Z,2026-01-19,2026-01-19_21,-34.0,34,0,66,133.10877854409958,140.04936368695672,0.01927940317460318,0.9558857142857142,0.0,True,True,True,False,-830.45,675.9637678311785,24.23036114276732,0.0,166.8868949581483,0.0,36.63102393209411
2026-01-19T04:15:00Z,2026-01-19T04:30:00Z,2026-01-19,2026-01-19_22,-34.0,34,0,66,140.04936368695672,147.72047088695672,0.021308631111111115,0.16183999999999998,0.0,True,True,True,False,-882.98,675.9637678311785,24.23036114276732,0.0,25.710122324832,0.0,-157.07574870122218
2026-01-19T04:30:00Z,2026-01-19T04:45:00Z,2026-01-19,2026-01-19_23,-34.0,34,0,66,147.72047088695672,153.93786242981386,0.017270532063492064,1.7419657142857141,0.0,True,True,True,False,-994.075,675.9637678311785,24.23036114276732,0.0,323.7255063914354,0.0,29.844635365381176
2026-01-19T04:45:00Z,2026-01-19T05:00:00Z,2026-01-19,2026-01-19_24,-32.955207502383466,34,0,66,153.93786242981386,159.64000000000016,0.016215872216359572,2.0295085714285714,0.0,True,True,True,False,-1074.9988687277487,675.9637678311785,24.23036114276732,0.0,618.4916803979139,0.0,243.68694064411108
2026-01-19T05:00:00Z,2026-01-19T05:15:00Z,2026-01-19,2026-01-19_25,0.0,100,100,0,159.64000000000016,166.2696526708076,0.01866759972394755,0.04171428571428571,7.255428571428571,True,True,True,False,0.0,0.0,104.83554053523008,16.593311588792393,6.018113951125306,-44.35029332674634,83.09667274840145
2026-01-19T05:15:00Z,2026-01-19T05:30:00Z,2026-01-19,2026-01-19_26,0.0,100,100,0,166.2696526708076,165.81247105590077,0.0014422663906142167,0.4491428571428572,0.03371428571428572,True,True,True,False,0.0,0.0,104.83554053523008,16.593311588792393,68.10796849474258,-2.3690688209106887,187.16775179785435
2026-01-19T05:30:00Z,2026-01-19T05:45:00Z,2026-01-19,2026-01-19_27,0.0,100,100,0,165.81247105590077,165.39442186335418,0.0013715334713595585,0.4194285714285715,0.04114285714285714,True,True,True,False,0.0,0.0,104.83554053523008,16.593311588792393,63.34736174345559,-2.908003076422143,181.86821079105593
2026-01-19T05:45:00Z,2026-01-19T06:00:00Z,2026-01-19,2026-01-19_28,0.0,100,100,0,165.39442186335418,151.5310678260871,0.03850931677018633,12.754285714285714,0.0,True,True,True,False,0.0,0.0,104.83554053523008,16.593311588792393,11562.626842344593,0.0,11684.055694468616
2026-01-19T06:00:00Z,2026-01-19T06:15:00Z,2026-01-19,2026-01-19_29,-100.0,100,0,0,151.5310678260871,164.34693068322997,0.03559961904761905,11.069714285714285,0.0,True,True,True,False,-3557.25,0.0,108.37230321845404,0.0,4219.41559296914,0.0,770.5378961875937
2026-01-19T06:15:00Z,2026-01-19T06:30:00Z,2026-01-19,2026-01-19_30,-4.102998134484274e-14,100,0,0,164.34693068322997,160.38419776397532,0.011007591442374069,3.6457142857142855,0.0,True,True,True,False,-1.6142220410594754e-12,0.0,108.37230321845404,0.0,747.0949233420722,0.0,855.4672265605246
2026-01-19T06:30:00Z,2026-01-19T06:45:00Z,2026-01-19,2026-01-19_31,-2.668491321607503e-14,100,0,0,160.38419776397532,140.2829555279505,0.05583678398895789,18.493142857142857,0.0,True,True,True,False,-1.1436486681579357e-12,0.0,108.37230321845404,0.0,17113.79509355579,0.0,17222.167396774243
2026-01-19T06:45:00Z,2026-01-19T07:00:00Z,2026-01-19,2026-01-19_32,0.0,100,0,0,140.2829555279505,120.32022260869583,0.0554520358868185,18.365714285714287,0.0,True,True,True,False,0.0,0.0,108.37230321845404,0.0,16147.141485103492,0.0,16255.513788321945
2026-01-19T07:00:00Z,2026-01-19T07:15:00Z,2026-01-19,2026-01-19_33,0.0,100,100,0,120.32022260869583,106.73761391304366,0.03772946859903381,12.495999999999999,0.0,True,True,True,False,0.0,0.0,108.37230321845404,4.597791488191143,8075.255799111879,0.0,8188.225893818524
2026-01-19T07:15:00Z,2026-01-19T07:30:00Z,2026-01-19,2026-01-19_34,0.0,100,100,0,106.73761391304366,83.83947726708092,0.06360593512767426,21.066285714285716,0.0,True,True,True,False,0.0,0.0,108.37230321845404,4.597791488191143,24206.058018851505,0.0,24319.02811355815
2026-01-19T07:30:00Z,2026-01-19T07:45:00Z,2026-01-19,2026-01-19_35,0.0,100,100,0,83.83947726708092,58.42953937888217,0.07058316080055209,23.377142857142854,0.0,True,True,True,False,0.0,0.0,108.37230321845404,4.597791488191143,38906.8111862751,0.0,39019.78128098175
2026-01-19T07:45:00Z,2026-01-19T08:00:00Z,2026-01-19,2026-01-19_36,0.0,100,100,0,58.42953937888217,57.17292223602502,0.0034935238095238096,1.1565714285714286,0.0005714285714285715,True,True,True,False,0.0,0.0,108.37230321845404,4.597791488191143,198.394473218847,-0.04491127216792325,311.3196566533243
2026-01-19T08:00:00Z,2026-01-19T08:15:00Z,2026-01-19,2026-01-19_37,0.0,100,100,0,57.17292223602502,38.18223900621136,0.05275189786059352,17.47142857142857,0.0,True,True,True,False,0.0,0.0,103.8039847526231,4.597791488191143,19394.157672248766,0.0,19502.55944848958
2026-01-19T08:15:00Z,2026-01-19T08:30:00Z,2026-01-19,2026-01-19_38,0.0,100,100,0,38.18223900621136,30.01859875776416,0.022685540372670808,7.5120000000000005,0.0017142857142857142,True,True,True,False,0.0,0.0,103.8039847526231,4.597791488191143,4834.265873383896,-0.13641798921006684,4942.5312316355
2026-01-19T08:30:00Z,2026-01-19T08:45:00Z,2026-01-19,2026-01-19_39,0.0,100,100,0,30.01859875776416,36.2172959006213,0.017218603174603175,0.0,6.7377142857142855,True,True,True,False,0.0,0.0,103.8039847526231,4.597791488191143,0.0,-148.10156347366234,-39.6997872328481
2026-01-19T08:45:00Z,2026-01-19T09:00:00Z,2026-01-19,2026-01-19_40,0.0,100,100,0,36.2172959006213,42.76243875776416,0.018180952380952378,0.0,7.114285714285713,True,True,True,False,0.0,0.0,103.8039847526231,4.597791488191143,0.0,-390.63990141975745,-282.2381251789432
2026-01-19T09:00:00Z,2026-01-19T09:15:00Z,2026-01-19,2026-01-19_41,0.0,100,100,0,42.76243875776416,45.019480248447394,0.0063972339544513465,0.021142857142857144,2.478285714285714,True,True,True,False,0.0,0.0,72.73941918497269,17.41855621487798,2.90800487287303,-137.2411461356657,-44.175165862942
2026-01-19T09:15:00Z,2026-01-19T09:30:00Z,2026-01-19,2026-01-19_42,0.0,100,100,0,45.019480248447394,51.12565167701882,0.016961587301587304,0.0,6.637142857142857,True,True,True,False,0.0,0.0,72.73941918497269,17.41855621487798,0.0,305.4541102234897,395.61208562334036
2026-01-19T09:30:00Z,2026-01-19T09:45:00Z,2026-01-19,2026-01-19_43,0.0,100,100,0,51.12565167701882,70.73269167701882,0.054464000000000005,0.0,21.312,True,True,True,False,0.0,0.0,72.73941918497269,17.41855621487798,0.0,9530.166611388375,9620.324586788225
2026-01-19T09:45:00Z,2026-01-19T10:00:00Z,2026-01-19,2026-01-19_44,0.0,100,100,0,70.73269167701882,83.78933167701882,0.03626844444444444,0.0,14.191999999999998,True,True,True,False,0.0,0.0,72.73941918497269,17.41855621487798,0.0,2074.353739144103,2164.511714543954
2026-01-19T10:00:00Z,2026-01-19T10:15:00Z,2026-01-19,2026-01-19_45,0.0,100,100,0,83.78933167701882,87.79842881987597,0.011136380952380951,0.0,4.357714285714286,True,True,True,False,0.0,0.0,72.82783825205328,17.41855621487798,0.0,75.79463714499042,166.04103161192168
2026-01-19T10:15:00Z,2026-01-19T10:30:00Z,2026-01-19,2026-01-19_46,0.0,100,100,0,87.79842881987597,88.87786434782628,0.0030122346445824707,0.002285714285714286,1.176,True,True,True,False,0.0,0.0,72.82783825205328,17.41855621487798,0.3143789051754627,-72.13242111054348,18.42835226156325
2026-01-19T10:30:00Z,2026-01-19T10:45:00Z,2026-01-19,2026-01-19_47,0.0,100,100,0,88.87786434782628,90.97967006211199,0.0058383492063492064,0.0,2.2845714285714287,True,True,True,False,0.0,0.0,72.82783825205328,17.41855621487798,0.0,-136.59442426556035,-46.348029798629085
2026-01-19T10:45:00Z,2026-01-19T11:00:00Z,2026-01-19,2026-01-19_48,0.0,100,100,0,90.97967006211199,103.31765863354056,0.03427219047619048,0.0,13.410857142857143,True,True,True,False,0.0,0.0,72.82783825205328,17.41855621487798,0.0,2983.598189963453,3073.844584430384
2026-01-19T11:00:00Z,2026-01-19T11:15:00Z,2026-01-19,2026-01-19_49,0.0,0,0,100,103.31765863354056,103.31765863354056,0.0,0.0,0.0,True,False,True,False,0.0,1024.187527016937,0.0,0.0,0.0,0.0,1024.187527016937
2026-01-19T11:15:00Z,2026-01-19T11:30:00Z,2026-01-19,2026-01-19_50,0.0,0,0,100,103.31765863354056,103.31765863354056,0.0,0.0,0.0,True,False,True,False,0.0,1024.187527016937,0.0,0.0,0.0,0.0,1024.187527016937
2026-01-19T11:30:00Z,2026-01-19T11:45:00Z,2026-01-19,2026-01-19_51,0.0,0,0,100,103.31765863354056,103.31765863354056,0.0,0.0,0.0,True,False,True,False,0.0,1024.187527016937,0.0,0.0,0.0,0.0,1024.187527016937
2026-01-19T11:45:00Z,2026-01-19T12:00:00Z,2026-01-19,2026-01-19_52,0.0,0,0,100,103.31765863354056,103.31765863354056,0.0,0.0,0.0,True,False,True,False,0.0,1024.187527016937,0.0,0.0,0.0,0.0,1024.187527016937
2026-01-19T12:00:00Z,2026-01-19T12:15:00Z,2026-01-19,2026-01-19_53,0.0,100,100,0,103.31765863354056,115.66248149068342,0.034291174603174594,0.0,13.418285714285712,True,True,True,False,0.0,0.0,72.73941918497269,17.41855621487798,0.0,1310.8758708576365,1401.0338462574873
2026-01-19T12:15:00Z,2026-01-19T12:30:00Z,2026-01-19,2026-01-19_54,0.0,100,100,0,115.66248149068342,128.14346434782627,0.034669396825396825,0.0,13.566285714285714,True,True,True,False,0.0,0.0,72.73941918497269,17.41855621487798,0.0,1376.3006719849097,1466.4586473847603
2026-01-19T12:30:00Z,2026-01-19T12:45:00Z,2026-01-19,2026-01-19_55,0.0,100,100,0,128.14346434782627,146.15391006211198,0.05002901587301588,0.0,19.57657142857143,True,True,True,False,0.0,0.0,72.73941918497269,17.41855621487798,0.0,7771.641908392232,7861.799883792082
2026-01-19T12:45:00Z,2026-01-19T13:00:00Z,2026-01-19,2026-01-19_56,0.0,100,100,0,146.15391006211198,151.5897957763977,0.01509968253968254,0.0,5.908571428571428,True,True,True,False,0.0,0.0,72.73941918497269,17.41855621487798,0.0,147.59586816296053,237.7538435628112
2026-01-19T13:00:00Z,2026-01-19T13:15:00Z,2026-01-19,2026-01-19_57,0.0,100,100,0,151.5897957763977,162.32593291925483,0.02982260317460318,0.0,11.669714285714287,True,True,True,False,0.0,0.0,100.41458718120015,17.41855621487798,0.0,526.3592825424272,644.1924259385053
2026-01-19T13:15:00Z,2026-01-19T13:30:00Z,2026-01-19,2026-01-19_58,0.0,100,100,0,162.32593291925483,170.87877863354055,0.023757904761904758,0.0,9.296571428571427,True,True,True,False,0.0,0.0,100.41458718120015,17.41855621487798,0.0,421.129534550803,538.9626779468811
2026-01-19T13:30:00Z,2026-01-19T13:45:00Z,2026-01-19,2026-01-19_59,0.0,100,100,0,170.87877863354055,170.75030360248465,0.0012856369910282952,0.27199999999999996,0.18171428571428572,True,True,True,False,0.0,0.0,100.41458718120015,17.41855621487798,39.409643572916245,-11.683213850636335,145.55957311835803
2026-01-19T13:45:00Z,2026-01-19T14:00:00Z,2026-01-19,2026-01-19_60,0.0,100,100,0,170.75030360248465,167.42937838509334,0.009256919254658385,3.0605714285714285,0.006285714285714285,True,True,True,False,0.0,0.0,100.41458718120015,17.41855621487798,570.6100890927361,-0.4322709946162611,688.0109614941979
2026-01-19T14:00:00Z,2026-01-19T14:15:00Z,2026-01-19,2026-01-19_61,-99.06658328334531,100,0,0,167.42937838509334,189.9898322906424,0.06268168075689133,0.244,0.0,True,True,True,False,-3343.4971858129043,0.0,106.45655676504106,0.0,37.51215939010492,0.0,-3199.5284696577583
2026-01-19T14:15:00Z,2026-01-19T14:30:00Z,2026-01-19,2026-01-19_62,-21.731181456013772,100,0,0,189.9898322906424,190.0000000000002,0.022466385268003465,4.747428571428571,0.0,True,True,True,False,-880.6018005513181,0.0,106.45655676504106,0.0,1188.2582191557804,0.0,414.1129753695033
2026-01-19T14:30:00Z,2026-01-19T14:45:00Z,2026-01-19,2026-01-19_63,-41.434358468484945,100,0,0,190.0000000000002,190.0000000000002,0.03311444451812993,9.363428571428571,0.0,True,True,True,False,-1851.0799645795648,0.0,106.45655676504106,0.0,2582.302018200293,0.0,837.6786103857692
2026-01-19T14:45:00Z,2026-01-19T15:00:00Z,2026-01-19,2026-01-19_64,-48.49501156462193,100,0,0,190.0000000000002,190.00000000000023,0.03448417151869019,11.087428571428571,0.0,True,True,True,False,-2587.572579559315,0.0,106.45655676504106,0.0,3360.268157908032,0.0,879.1521351137585
2026-01-19T15:00:00Z,2026-01-19T15:15:00Z,2026-01-19,2026-01-19_65,100.0,0,100,0,190.00000000000023,167.10745341614927,0.0635904071773637,0.0,3.9388571428571426,True,True,True,False,6592.749999999999,0.0,0.0,4.597791488191143,0.0,-185.5273380527595,6411.820453435431
2026-01-19T15:15:00Z,2026-01-19T15:30:00Z,2026-01-19,2026-01-19_66,0.0,0,100,0,167.10745341614927,167.1090305590064,4.380952380952381e-06,0.0,0.0017142857142857142,True,True,True,False,0.0,0.0,0.0,4.597791488191143,0.0,-0.13641798921006684,4.461373498981076
2026-01-19T15:30:00Z,2026-01-19T15:45:00Z,2026-01-19,2026-01-19_67,1.342946742857306,0,100,0,167.1090305590064,166.74409937888214,0.0010136977225674109,0.0,0.0,True,True,True,False,81.70152246858136,0.0,0.0,4.597791488191143,0.0,0.0,86.29931395677251
2026-01-19T15:45:00Z,2026-01-19T16:00:00Z,2026-01-19,2026-01-19_68,100.0,0,100,0,166.74409937888214,139.5869565217393,0.07543650793650793,0.0,0.015428571428571429,True,True,True,False,10537.25,0.0,0.0,4.597791488191143,0.0,-1.2277619028906017,10540.620029585301
2026-01-19T16:00:00Z,2026-01-19T16:15:00Z,2026-01-19,2026-01-19_69,0.0,0,0,100,139.5869565217393,139.5869565217393,0.0,0.0,0.0,True,True,True,False,0.0,1024.187527016937,0.0,0.0,0.0,0.0,1024.187527016937
2026-01-19T16:15:00Z,2026-01-19T16:30:00Z,2026-01-19,2026-01-19_70,0.0,0,0,100,139.5869565217393,139.5869565217393,0.0,0.0,0.0,True,True,True,False,0.0,1024.187527016937,0.0,0.0,0.0,0.0,1024.187527016937
2026-01-19T16:30:00Z,2026-01-19T16:45:00Z,2026-01-19,2026-01-19_71,0.0,0,0,100,139.5869565217393,139.5869565217393,0.0,0.0,0.0,True,True,True,False,0.0,1024.187527016937,0.0,0.0,0.0,0.0,1024.187527016937
2026-01-19T16:45:00Z,2026-01-19T17:00:00Z,2026-01-19,2026-01-19_72,0.0,0,0,100,139.5869565217393,139.5869565217393,0.0,0.0,0.0,True,True,True,False,0.0,1024.187527016937,0.0,0.0,0.0,0.0,1024.187527016937
2026-01-19T17:00:00Z,2026-01-19T17:15:00Z,2026-01-19,2026-01-19_73,74.99999999999986,0,0,25,139.5869565217393,119.20652173913065,0.056612318840579594,0.0,0.0,True,True,True,False,6371.812499999987,256.0468817542343,0.0,0.0,0.0,0.0,6627.859381754221
2026-01-19T17:15:00Z,2026-01-19T17:30:00Z,2026-01-19,2026-01-19_74,74.99999999999986,0,0,25,119.20652173913065,98.82608695652199,0.0566123188405796,0.0,0.0,True,True,True,False,5241.74999999999,256.0468817542343,0.0,0.0,0.0,0.0,5497.796881754224
2026-01-19T17:30:00Z,2026-01-19T17:45:00Z,2026-01-19,2026-01-19_75,-74.99999999999986,0,0,25,98.82608695652199,116.07608695652195,0.04791666666666657,0.0,0.0,True,True,True,False,-3787.1249999999927,256.0468817542343,0.0,0.0,0.0,0.0,-3531.0781182457586
2026-01-19T17:45:00Z,2026-01-19T18:00:00Z,2026-01-19,2026-01-19_76,74.99999999999986,0,0,25,116.07608695652195,95.69565217391329,0.0566123188405796,0.0,0.0,True,True,True,False,5270.81249999999,256.0468817542343,0.0,0.0,0.0,0.0,5526.859381754224
2026-01-19T18:00:00Z,2026-01-19T18:15:00Z,2026-01-19,2026-01-19_77,100.0,0,0,0,95.69565217391329,68.52173913043502,0.07548309178743962,0.0,0.0,True,True,True,False,6833.499999999999,0.0,0.0,0.0,0.0,0.0,6833.499999999999
2026-01-19T18:15:00Z,2026-01-19T18:30:00Z,2026-01-19,2026-01-19_78,100.0,0,0,0,68.52173913043502,41.347826086956765,0.0754830917874396,0.0,0.0,True,True,True,False,10503.75,0.0,0.0,0.0,0.0,0.0,10503.75
2026-01-19T18:30:00Z,2026-01-19T18:45:00Z,2026-01-19,2026-01-19_79,0.0,0,0,0,41.347826086956765,41.347826086956765,0.0,0.0,0.0,True,True,True,False,0.0,0.0,0.0,0.0,0.0,0.0,0.0
2026-01-19T18:45:00Z,2026-01-19T19:00:00Z,2026-01-19,2026-01-19_80,-100.0,0,0,0,41.347826086956765,64.34782608695676,0.06388888888888888,0.0,0.0,True,True,True,False,-4553.0,0.0,0.0,0.0,0.0,0.0,-4553.0
2026-01-19T19:00:00Z,2026-01-19T19:15:00Z,2026-01-19,2026-01-19_81,100.0,0,0,0,64.34782608695676,37.1739130434785,0.07548309178743962,0.0,0.0,True,True,True,False,6927.249999999999,0.0,0.0,0.0,0.0,0.0,6927.249999999999
2026-01-19T19:15:00Z,2026-01-19T19:30:00Z,2026-01-19,2026-01-19_82,100.0,0,0,0,37.1739130434785,10.000000000000238,0.07548309178743962,0.0,0.0,True,True,True,False,8842.0,0.0,0.0,0.0,0.0,0.0,8842.0
2026-01-19T19:30:00Z,2026-01-19T19:45:00Z,2026-01-19,2026-01-19_83,0.0,0,0,0,10.000000000000238,10.000000000000238,0.0,0.0,0.0,True,True,True,False,0.0,0.0,0.0,0.0,0.0,0.0,0.0
2026-01-19T19:45:00Z,2026-01-19T20:00:00Z,2026-01-19,2026-01-19_84,-100.0,0,0,0,10.000000000000238,33.00000000000024,0.06388888888888888,0.0,0.0,True,True,True,False,-3631.0,0.0,0.0,0.0,0.0,0.0,-3631.0
2026-01-19T20:00:00Z,2026-01-19T20:15:00Z,2026-01-19,2026-01-19_85,20.0,69,20,11,33.00000000000024,25.719360248447448,0.020223999309868877,1.6981885714285714,0.0,True,True,True,False,1326.3,112.66062797186308,66.72368059103235,3.3186623177584784,333.57523380583734,0.0,1842.5782046864913
2026-01-19T20:15:00Z,2026-01-19T20:30:00Z,2026-01-19,2026-01-19_86,20.0,69,20,11,25.719360248447448,16.00914906832322,0.0269728088336784,3.9333942857142863,0.0,True,True,True,False,1164.6,112.66062797186308,66.72368059103235,3.3186623177584784,853.4377412953535,0.0,2200.7407121760075
2026-01-19T20:30:00Z,2026-01-19T20:45:00Z,2026-01-19,2026-01-19_87,-68.76032579883368,69,20,11,16.00914906832322,24.292728031868634,0.02318154266961372,8.181034285714285,0.0,True,True,True,False,-2815.563440647742,112.66062797186308,66.72368059103235,3.3186623177584784,2193.4282999466673,0.0,-439.4321698204209
2026-01-19T20:45:00Z,2026-01-19T21:00:00Z,2026-01-19,2026-01-19_88,1.1322584885943985,69,20,11,24.292728031868634,16.665217391304584,0.02121508244948823,6.7391314285714286,0.005714285714285715,True,True,True,False,45.82250103341531,112.66062797186308,66.72368059103235,3.3186623177584784,1925.3505430289283,-0.40307866770711115,2153.4729362752905
2026-01-19T21:00:00Z,2026-01-19T21:15:00Z,2026-01-19,2026-01-19_89,0.0,100,0,0,16.665217391304584,10.000000000000236,0.01851449275362319,6.132,0.0,True,True,True,False,0.0,0.0,96.40625614021299,0.0,1172.511558926396,0.0,1268.917815066609
2026-01-19T21:15:00Z,2026-01-19T21:30:00Z,2026-01-19,2026-01-19_90,-100.0,100,0,0,10.000000000000236,22.385302857143095,0.03440361904761905,11.537714285714284,0.0,True,True,True,False,-3331.5,0.0,96.40625614021299,0.0,2683.546659892549,0.0,-551.5470839672379
2026-01-19T21:30:00Z,2026-01-19T21:45:00Z,2026-01-19,2026-01-19_91,-100.0,100,0,0,22.385302857143095,40.80475428571452,0.051165142857142853,4.978857142857143,0.0,True,True,True,False,-3161.75,0.0,96.40625614021299,0.0,839.6722145186914,0.0,-2225.6715293410957
2026-01-19T21:45:00Z,2026-01-19T22:00:00Z,2026-01-19,2026-01-19_92,-100.0,100,0,0,40.80475428571452,54.360297142857384,0.03765428571428572,10.265714285714285,0.0,True,True,True,False,-2998.0,0.0,96.40625614021299,0.0,2663.343094611208,0.0,-238.250649248579
2026-01-19T22:00:00Z,2026-01-19T22:15:00Z,2026-01-20,2026-01-19_93,0.0,100,0,0,54.360297142857384,40.08203627329217,0.03966183574879227,13.136000000000001,0.0,True,True,True,False,0.0,0.0,99.18304825121265,0.0,6387.945917794231,0.0,6487.128966045443
2026-01-19T22:15:00Z,2026-01-19T22:30:00Z,2026-01-20,2026-01-19_94,-54.2937503539648,100,0,0,40.08203627329217,41.75650881987569,0.03460641268209524,10.853142857142856,0.0,True,True,True,False,-1673.1976515333104,0.0,99.18304825121265,0.0,3114.816406141726,0.0,1540.8018028596284
2026-01-19T22:30:00Z,2026-01-19T22:45:00Z,2026-01-20,2026-01-19_95,0.0,100,0,0,41.75650881987569,41.467688944099294,0.0008022774327122153,0.26571428571428574,0.0,True,True,True,False,0.0,0.0,99.18304825121265,0.0,39.175545873580084,0.0,138.35859412479275
2026-01-19T22:45:00Z,2026-01-19T23:00:00Z,2026-01-20,2026-01-19_96,-100.0,100,0,0,41.467688944099294,64.34782608695645,0.06355593650793652,0.13028571428571428,0.0,True,True,True,False,-2607.25,0.0,99.18304825121265,0.0,17.91009603110701,0.0,-2490.15685571768
2026-01-19T23:00:00Z,2026-01-19T23:15:00Z,2026-01-20,2026-01-20_1,0.0,0,0,100,64.34782608695645,64.34782608695645,0.0,0.0,0.0,True,True,True,False,0.0,1023.644468883172,0.0,0.0,0.0,0.0,1023.644468883172
2026-01-19T23:15:00Z,2026-01-19T23:30:00Z,2026-01-20,2026-01-20_2,0.0,0,0,100,64.34782608695645,64.34782608695645,0.0,0.0,0.0,True,True,True,False,0.0,1023.644468883172,0.0,0.0,0.0,0.0,1023.644468883172
2026-01-19T23:30:00Z,2026-01-19T23:45:00Z,2026-01-20,2026-01-20_3,0.0,0,0,100,64.34782608695645,64.34782608695645,0.0,0.0,0.0,True,True,True,False,0.0,1023.644468883172,0.0,0.0,0.0,0.0,1023.644468883172
2026-01-19T23:45:00Z,2026-01-20T00:00:00Z,2026-01-20,2026-01-20_4,0.0,0,0,100,64.34782608695645,64.34782608695645,0.0,0.0,0.0,True,True,True,False,0.0,1023.644468883172,0.0,0.0,0.0,0.0,1023.644468883172
2026-01-20T00:00:00Z,2026-01-20T00:15:00Z,2026-01-20,2026-01-20_5,-100.0,100,0,0,64.34782608695645,79.51678608695644,0.042136,8.512,0.0,True,True,True,False,-2888.75,0.0,67.66363582804736,0.0,1505.203633864221,0.0,-1315.8827303077317
2026-01-20T00:15:00Z,2026-01-20T00:30:00Z,2026-01-20,2026-01-20_6,-100.0,100,0,0,79.51678608695644,97.36478608695644,0.04957777777777778,5.6000000000000005,0.0,True,True,True,False,-2897.5,0.0,67.66363582804736,0.0,969.8301290233892,0.0,-1860.0062351485635
2026-01-20T00:30:00Z,2026-01-20T00:45:00Z,2026-01-20,2026-01-20_7,-100.0,100,0,0,97.36478608695644,110.38883180124216,0.03617790476190476,10.843428571428571,0.0,True,True,True,False,-2898.5,0.0,67.66363582804736,0.0,3366.196649038987,0.0,535.3602848670342
2026-01-20T00:45:00Z,2026-01-20T01:00:00Z,2026-01-20,2026-01-20_8,-100.0,100,0,0,110.38883180124216,120.78430608695645,0.02887631746031746,13.700571428571429,0.0,True,True,True,False,-2845.25,0.0,67.66363582804736,0.0,8823.688891307824,0.0,6046.102527135871
2026-01-20T01:00:00Z,2026-01-20T01:15:00Z,2026-01-20,2026-01-20_9,-46.0,46,0,54,120.78430608695645,126.57948597267074,0.016097721904761907,5.2008914285714285,0.0,True,True,True,False,-1299.155,552.7680131969129,30.935566858467027,0.0,1021.4985458550639,0.0,306.0471259104438
2026-01-20T01:15:00Z,2026-01-20T01:30:00Z,2026-01-20,2026-01-20_10,-46.0,46,0,54,126.57948597267074,130.67557831552787,0.011378034285714284,7.047725714285715,0.0,True,True,True,False,-1335.84,552.7680131969129,30.935566858467027,0.0,1847.3218344292418,0.0,1095.1854144846218
2026-01-20T01:30:00Z,2026-01-20T01:45:00Z,2026-01-20,2026-01-20_11,-46.0,46,0,54,130.67557831552787,137.26975980124215,0.018317170793650795,4.332411428571429,0.0,True,True,True,False,-1299.96,552.7680131969129,30.935566858467027,0.0,793.2887721585537,0.0,77.03235221393355
2026-01-20T01:45:00Z,2026-01-20T02:00:00Z,2026-01-20,2026-01-20_12,-44.78682293960649,46,0,54,137.26975980124215,147.40695652173903,0.028187095146263174,0.1771657142857143,0.0,True,True,True,False,-1259.6293951764324,552.7680131969129,30.935566858467027,0.0,26.19743060595264,0.0,-649.7283845150998
2026-01-20T02:00:00Z,2026-01-20T02:15:00Z,2026-01-20,2026-01-20_13,-100.0,100,0,0,147.40695652173903,157.37344795031046,0.027684698412698407,14.166857142857145,0.0,True,True,True,False,-2758.75,0.0,67.25123230101528,0.0,4678.100937306248,0.0,1986.6021696072632
2026-01-20T02:15:00Z,2026-01-20T02:30:00Z,2026-01-20,2026-01-20_14,-100.0,100,0,0,157.37344795031046,164.74816795031046,0.02048533333333333,16.984,0.0,True,True,True,False,-2751.25,0.0,67.25123230101528,0.0,8277.222659413601,0.0,5593.223891714616
2026-01-20T02:30:00Z,2026-01-20T02:45:00Z,2026-01-20,2026-01-20_15,-100.0,100,0,0,164.74816795031046,168.21052223602476,0.009617650793650791,21.23657142857143,0.0,True,True,True,False,-2836.75,0.0,67.25123230101528,0.0,16440.45352403022,0.0,13670.954756331237
2026-01-20T02:45:00Z,2026-01-20T03:00:00Z,2026-01-20,2026-01-20_16,-100.0,100,0,0,168.21052223602476,173.81253366459617,0.015561142857142858,18.910857142857143,0.0,True,True,True,False,-2806.75,0.0,67.25123230101528,0.0,13441.712177574787,0.0,10702.213409875803
2026-01-20T03:00:00Z,2026-01-20T03:15:00Z,2026-01-20,2026-01-20_17,-4.1512687007723245e-14,100,0,0,173.81253366459617,169.35414857142848,0.012384403036576964,4.101714285714285,0.0,True,True,True,False,-1.591907765028667e-12,0.0,67.25123230101528,0.0,644.4043574500556,0.0,711.6555897510693
2026-01-20T03:15:00Z,2026-01-20T03:30:00Z,2026-01-20,2026-01-20_18,-100.0,100,0,0,169.35414857142848,182.72726857142848,0.03714755555555556,10.464,0.0,True,True,True,False,-2843.5,0.0,67.25123230101528,0.0,2828.5350374108916,0.0,52.2862697119069
2026-01-20T03:30:00Z,2026-01-20T03:45:00Z,2026-01-20,2026-01-20_19,-100.0,100,0,0,182.72726857142848,189.99999999999991,0.02020203174603175,17.09485714285714,0.0,True,True,True,False,-2916.5,0.0,67.25123230101528,0.0,6008.539640170908,0.0,3159.2908724719227
2026-01-20T03:45:00Z,2026-01-20T04:00:00Z,2026-01-20,2026-01-20_20,0.0,100,0,0,189.99999999999991,177.2937888198757,0.03529503105590062,11.689714285714286,0.0,True,True,True,False,0.0,0.0,67.25123230101528,0.0,2322.6331215580435,0.0,2389.8843538590586
2026-01-20T04:00:00Z,2026-01-20T04:15:00Z,2026-01-20,2026-01-20_21,-100.0,100,0,0,177.2937888198757,183.36789167701855,0.016872507936507943,18.397714285714283,0.0,True,True,True,False,-3086.5,0.0,67.66363582804736,0.0,12037.638800719318,0.0,9018.802436547365
2026-01-20T04:15:00Z,2026-01-20T04:30:00Z,2026-01-20,2026-01-20_22,-100.0,100,0,0,183.36789167701855,188.24441739130427,0.013545904761904764,19.69942857142857,0.0,True,True,True,False,-2786.25,0.0,67.66363582804736,0.0,10668.85320802251,0.0,7950.266843850558
2026-01-20T04:30:00Z,2026-01-20T04:45:00Z,2026-01-20,2026-01-20_23,-59.60098688827775,100,0,0,188.24441739130427,189.99999999999991,0.03440637317962774,12.104571428571429,0.0,True,True,True,False,-1927.6449184341234,0.0,67.66363582804736,0.0,2498.1067501199336,0.0,638.1254675138576
2026-01-20T04:45:00Z,2026-01-20T05:00:00Z,2026-01-20,2026-01-20_24,-37.92766550727273,100,0,0,189.99999999999991,182.87341714285705,0.03824306859038748,15.484,0.0,True,True,True,False,-1363.0254791676136,0.0,67.66363582804736,0.0,11560.050746843148,0.0,10264.688903503582
2026-01-20T05:00:00Z,2026-01-20T05:15:00Z,2026-01-20,2026-01-20_25,0.0,0,100,0,182.87341714285705,189.7818285714285,0.019190031746031747,0.0,7.509142857142857,True,True,True,False,0.0,0.0,0.0,18.116297794623044,0.0,2553.045160823348,2571.1614586179708
2026-01-20T05:15:00Z,2026-01-20T05:30:00Z,2026-01-20,2026-01-20_26,0.0,0,100,0,189.7818285714285,189.92324571428563,0.0003928253968253969,0.0,0.15371428571428572,True,True,True,False,0.0,0.0,0.0,18.116297794623044,0.0,-10.135374403487756,7.980923391135288
2026-01-20T05:30:00Z,2026-01-20T05:45:00Z,2026-01-20,2026-01-20_27,0.0,0,100,0,189.92324571428563,189.99999999999991,0.00021320634920634919,0.0,0.08342857142857142,True,True,True,False,0.0,0.0,0.0,18.116297794623044,0.0,-5.77364511414039,12.342652680482654
2026-01-20T05:45:00Z,2026-01-20T06:00:00Z,2026-01-20,2026-01-20_28,100.0,0,100,0,189.99999999999991,162.85900621118006,0.07539164941338855,0.0,0.030285714285714284,True,True,True,False,9824.25,0.0,0.0,18.116297794623044,0.0,-2.2163211922109034,9840.149976602412
2026-01-20T06:00:00Z,2026-01-20T06:15:00Z,2026-01-20,2026-01-20_29,0.0,56,100,0,162.85900621118006,162.92361639751545,0.001035511387163561,0.14176,0.2377142857142857,True,True,True,False,0.0,0.0,60.30989179316981,4.448066612988748,22.773218813456136,-15.297211422736057,72.23396579687864
2026-01-20T06:15:00Z,2026-01-20T06:30:00Z,2026-01-20,2026-01-20_30,43.99999999999994,56,100,0,162.92361639751545,151.03952806956514,0.03344150757763971,0.07072,0.1502857142857143,True,True,True,False,2295.149999999997,0.0,60.30989179316981,4.448066612988748,11.4928159305591,-10.272057051960038,2361.1287172847547
2026-01-20T06:30:00Z,2026-01-20T06:45:00Z,2026-01-20,2026-01-20_31,43.99999999999994,56,100,0,151.03952806956514,136.0416708770186,0.041668892201518246,2.80064,0.002857142857142857,True,True,True,False,2767.3799999999965,0.0,60.30989179316981,4.448066612988748,794.1159967793247,-0.20760449660117775,3626.0463506888786
2026-01-20T06:45:00Z,2026-01-20T07:00:00Z,2026-01-20,2026-01-20_32,43.99999999999994,56,100,0,136.0416708770186,115.90601870310557,0.05593236714975841,7.524800000000001,0.0,True,True,True,False,3062.839999999996,0.0,60.30989179316981,4.448066612988748,3248.6503793719685,0.0,6376.248337778123
2026-01-20T07:00:00Z,2026-01-20T07:15:00Z,2026-01-20,2026-01-20_33,100.0,0,100,0,115.90601870310557,88.73645348571426,0.07547101449275362,0.0,0.004,True,True,True,False,7642.25,0.0,0.0,4.5953535869287725,0.0,-0.2690999783979105,7646.576253608531
2026-01-20T07:15:00Z,2026-01-20T07:30:00Z,2026-01-20,2026-01-20_34,100.0,0,100,0,88.73645348571426,61.573099448447195,0.07545376121463077,0.0,0.009714285714285715,True,True,True,False,7156.999999999999,0.0,0.0,4.5953535869287725,0.0,-0.7013664303528997,7160.893987156575
2026-01-20T07:30:00Z,2026-01-20T07:45:00Z,2026-01-20,2026-01-20_35,100.0,0,100,0,61.573099448447195,37.64639137391303,0.0664630779848171,0.0,2.9874285714285715,True,True,True,False,5661.75,0.0,0.0,4.5953535869287725,0.0,-149.47116401596872,5516.87418957096
2026-01-20T07:45:00Z,2026-01-20T08:00:00Z,2026-01-20,2026-01-20_36,100.0,0,100,0,37.64639137391303,32.18676404472049,0.015165631469979296,0.0,19.97714285714286,True,True,True,False,4505.0,0.0,0.0,4.5953535869287725,0.0,1988.8322426616019,6498.427596248531
2026-01-20T08:00:00Z,2026-01-20T08:15:00Z,2026-01-20,2026-01-20_37,100.0,0,100,0,32.18676404472049,10.175583920496887,0.06114216701173224,0.0,4.749714285714286,True,True,True,False,6011.75,0.0,0.0,4.5953535869287725,0.0,-129.25181336916847,5887.09354021776
2026-01-20T08:15:00Z,2026-01-20T08:30:00Z,2026-01-20,2026-01-20_38,3.69022327302113,0,100,0,10.175583920496887,9.99999999999998,0.004884228558279552,0.0,0.8931428571428571,True,True,True,False,173.4312682738106,0.0,0.0,4.5953535869287725,0.0,-55.01999242524134,123.00662943549801
2026-01-20T08:30:00Z,2026-01-20T08:45:00Z,2026-01-20,2026-01-20_39,0.0,0,100,0,9.99999999999998,11.803725714285696,0.005010349206349207,0.0,1.9605714285714286,True,True,True,False,0.0,0.0,0.0,4.5953535869287725,0.0,-112.61244145693469,-108.01708787000592
2026-01-20T08:45:00Z,2026-01-20T09:00:00Z,2026-01-20,2026-01-20_40,1.544658121217609e-14,0,100,0,11.803725714285696,22.655519999999978,0.03014387301587302,0.0,11.795428571428571,True,True,True,False,4.2091933803179843e-13,0.0,0.0,4.5953535869287725,0.0,774.4037864815807,778.9991400685099
2026-01-20T09:00:00Z,2026-01-20T09:15:00Z,2026-01-20,2026-01-20_41,0.0,100,100,0,22.655519999999978,25.87973962732917,0.009221866114561767,0.044000000000000004,3.5565714285714285,True,True,True,False,0.0,0.0,68.01712456550342,18.617073506019125,6.3852406669154185,-0.3918298092002458,92.62760892923772
2026-01-20T09:15:00Z,2026-01-20T09:30:00Z,2026-01-20,2026-01-20_42,0.0,100,100,0,25.87973962732917,34.26120248447202,0.02328184126984127,0.0,9.110285714285714,True,True,True,False,0.0,0.0,68.01712456550342,18.617073506019125,0.0,620.7127974705916,707.3469955421141
2026-01-20T09:30:00Z,2026-01-20T09:45:00Z,2026-01-20,2026-01-20_43,0.0,100,100,0,34.26120248447202,40.81423105590059,0.018202857142857146,0.0,7.122857142857144,True,True,True,False,0.0,0.0,68.01712456550342,18.617073506019125,0.0,-129.54896632598957,-42.91476825446702
2026-01-20T09:45:00Z,2026-01-20T10:00:00Z,2026-01-20,2026-01-20_44,0.0,100,100,0,40.81423105590059,50.344905341614876,0.026474095238095238,0.0,10.359428571428571,True,True,True,False,0.0,0.0,68.01712456550342,18.617073506019125,0.0,3175.3059436045187,3261.940141676041
2026-01-20T10:00:00Z,2026-01-20T10:15:00Z,2026-01-20,2026-01-20_45,-58.0,58,0,42,50.344905341614876,60.61624797018631,0.0285315073015873,3.3354971428571427,0.0,True,True,True,False,-1822.94,429.93067693093224,39.244908780267465,0.0,670.81674486249,0.0,-682.9476694263103
2026-01-20T10:15:00Z,2026-01-20T10:30:00Z,2026-01-20,2026-01-20_46,-58.0,58,0,42,60.61624797018631,71.69683311304345,0.03077940317460318,2.455885714285714,0.0,True,True,True,False,-1621.8249999999998,429.93067693093224,39.244908780267465,0.0,390.66721908165863,0.0,-761.9821952071414
2026-01-20T10:30:00Z,2026-01-20T10:45:00Z,2026-01-20,2026-01-20_47,-58.0,58,0,42,71.69683311304345,84.87034991304346,0.03659310222222222,0.18096,0.0,True,True,True,False,-1603.1200000000001,429.93067693093224,39.244908780267465,0.0,27.369022823589482,0.0,-1106.575391465211
2026-01-20T10:45:00Z,2026-01-20T11:00:00Z,2026-01-20,2026-01-20_48,-58.0,58,0,42,84.87034991304346,98.20852042732918,0.03705047365079365,0.0019885714285714285,0.0,True,True,True,False,-1568.32,429.93067693093224,39.244908780267465,0.0,0.27336462363268593,0.0,-1098.8710496651674
2026-01-20T11:00:00Z,2026-01-20T11:15:00Z,2026-01-20,2026-01-20_49,0.0,100,100,0,98.20852042732918,111.4281318559006,0.03672114285714286,0.0,14.369142857142858,True,True,True,False,0.0,0.0,67.66363582804736,18.617073506019125,0.0,926.9580025080867,1013.2387118421532
2026-01-20T11:15:00Z,2026-01-20T11:30:00Z,2026-01-20,2026-01-20_50,0.0,100,100,0,111.4281318559006,116.93814328447203,0.015305587301587301,0.0,5.989142857142856,True,True,True,False,0.0,0.0,67.66363582804736,18.617073506019125,0.0,-224.8189746021147,-138.53826526804824
2026-01-20T11:30:00Z,2026-01-20T11:45:00Z,2026-01-20,2026-01-20_51,0.0,100,100,0,116.93814328447203,128.9296861416149,0.033309841269841274,0.0,13.034285714285716,True,True,True,False,0.0,0.0,67.66363582804736,18.617073506019125,0.0,655.7611830089746,742.0418923430411
2026-01-20T11:45:00Z,2026-01-20T12:00:00Z,2026-01-20,2026-01-20_52,0.0,100,100,0,128.9296861416149,143.62655471304348,0.04082463492063492,0.0,15.974857142857143,True,True,True,False,0.0,0.0,67.66363582804736,18.617073506019125,0.0,1123.0618525615307,1209.342561895597
2026-01-20T12:00:00Z,2026-01-20T12:15:00Z,2026-01-20,2026-01-20_53,0.0,0,0,100,143.62655471304348,143.62655471304348,0.0,0.0,0.0,True,False,True,False,0.0,1023.644468883172,0.0,0.0,0.0,0.0,1023.644468883172
2026-01-20T12:15:00Z,2026-01-20T12:30:00Z,2026-01-20,2026-01-20_54,0.0,0,0,100,143.62655471304348,143.62655471304348,0.0,0.0,0.0,True,False,True,False,0.0,1023.644468883172,0.0,0.0,0.0,0.0,1023.644468883172
2026-01-20T12:30:00Z,2026-01-20T12:45:00Z,2026-01-20,2026-01-20_55,0.0,0,0,100,143.62655471304348,143.62655471304348,0.0,0.0,0.0,True,False,True,False,0.0,1023.644468883172,0.0,0.0,0.0,0.0,1023.644468883172
2026-01-20T12:45:00Z,2026-01-20T13:00:00Z,2026-01-20,2026-01-20_56,0.0,0,0,100,143.62655471304348,143.62655471304348,0.0,0.0,0.0,True,False,True,False,0.0,1023.644468883172,0.0,0.0,0.0,0.0,1023.644468883172
2026-01-20T13:00:00Z,2026-01-20T13:15:00Z,2026-01-20,2026-01-20_57,-33.999999999999986,0,0,66,143.62655471304348,151.44655471304347,0.021722222222222212,0.0,0.0,True,False,True,False,-900.3199999999996,675.6053494628935,0.0,0.0,0.0,0.0,-224.71465053710608
2026-01-20T13:15:00Z,2026-01-20T13:30:00Z,2026-01-20,2026-01-20_58,-33.999999999999986,0,0,66,151.44655471304347,159.26655471304346,0.021722222222222212,0.0,0.0,True,False,True,False,-1055.6149999999996,675.6053494628935,0.0,0.0,0.0,0.0,-380.00965053710604
2026-01-20T13:30:00Z,2026-01-20T13:45:00Z,2026-01-20,2026-01-20_59,-1.6236751606805415,0,0,66,159.26655471304346,159.64,0.0010373480193236794,0.0,0.0,True,False,True,False,-60.98117984725943,675.6053494628935,0.0,0.0,0.0,0.0,614.6241696156341
2026-01-20T13:45:00Z,2026-01-20T14:00:00Z,2026-01-20,2026-01-20_60,0.0,0,0,66,159.64,159.64,0.0,0.0,0.0,True,False,True,False,0.0,675.6053494628935,0.0,0.0,0.0,0.0,675.6053494628935
2026-01-20T14:00:00Z,2026-01-20T14:15:00Z,2026-01-20,2026-01-20_61,-100.0,100,0,0,159.64,167.6992,0.022386666666666662,16.240000000000002,0.0,True,True,True,False,-3392.4999999999995,0.0,107.7551501345221,0.0,19765.685151509202,0.0,16480.940301643725
2026-01-20T14:15:00Z,2026-01-20T14:30:00Z,2026-01-20,2026-01-20_62,-100.0,100,0,0,167.6992,181.9528914285714,0.039593587301587296,9.506857142857143,0.0,True,True,True,False,-4012.75,0.0,107.7551501345221,0.0,4013.937685770956,0.0,108.94283590547789
2026-01-20T14:30:00Z,2026-01-20T14:45:00Z,2026-01-20,2026-01-20_63,-99.20969057741581,100,0,0,181.9528914285714,189.99999999999997,0.023118217787075405,16.032571428571426,0.0,True,True,True,False,-5179.241896593992,0.0,107.7551501345221,0.0,13968.903266179821,0.0,8897.416519720351
2026-01-20T14:45:00Z,2026-01-20T15:00:00Z,2026-01-20,2026-01-20_64,0.0,100,0,0,189.99999999999997,176.46149068322978,0.03760697032436163,12.455428571428572,0.0,True,True,True,False,0.0,0.0,107.7551501345221,0.0,7726.115478037407,0.0,7833.87062817193
2026-01-20T15:00:00Z,2026-01-20T15:15:00Z,2026-01-20,2026-01-20_65,0.0,0,100,0,176.46149068322978,176.57346782608693,0.0003110476190476191,0.0,0.12171428571428572,True,True,True,False,0.0,0.0,0.0,4.5953535869287725,0.0,-9.680541567189511,-5.085187980260739
2026-01-20T15:15:00Z,2026-01-20T15:30:00Z,2026-01-20,2026-01-20_66,100.0,0,100,0,176.57346782608693,149.4945858385093,0.07521911663216012,0.0,0.08742857142857142,True,True,True,False,11250.0,0.0,0.0,4.5953535869287725,0.0,-6.9536284496713385,11247.641725137257
2026-01-20T15:30:00Z,2026-01-20T15:45:00Z,2026-01-20,2026-01-20_67,0.0,0,100,0,149.4945858385093,149.4945858385093,0.0,0.0,0.0,True,True,True,False,0.0,0.0,0.0,4.5953535869287725,0.0,0.0,4.5953535869287725
2026-01-20T15:45:00Z,2026-01-20T16:00:00Z,2026-01-20,2026-01-20_68,100.0,0,100,0,149.4945858385093,122.32067279503103,0.07548309178743962,0.0,0.0,True,True,True,False,9333.0,0.0,0.0,4.5953535869287725,0.0,0.0,9337.595353586928
2026-01-20T16:00:00Z,2026-01-20T16:15:00Z,2026-01-20,2026-01-20_69,0.0,100,0,0,122.32067279503103,112.60390260869562,0.02699102829537612,8.939428571428572,0.0,True,True,True,False,0.0,0.0,110.22957129671451,0.0,3237.3543421602644,0.0,3347.5839134569787
2026-01-20T16:15:00Z,2026-01-20T16:30:00Z,2026-01-20,2026-01-20_70,-34.779800460534425,100,0,0,112.60390260869562,108.81159652173905,0.03460233547148095,11.460571428571429,0.0,True,True,True,False,-2542.316464163915,0.0,110.22957129671451,0.0,4572.567916576659,0.0,2140.481023709458
2026-01-20T16:30:00Z,2026-01-20T16:45:00Z,2026-01-20,2026-01-20_71,0.0,100,0,0,108.81159652173905,99.3966896894409,0.026152518978605935,8.661714285714286,0.0,True,True,True,False,0.0,0.0,110.22957129671451,0.0,2908.65778328896,0.0,3018.8873545856745
2026-01-20T16:45:00Z,2026-01-20T17:00:00Z,2026-01-20,2026-01-20_72,-100.0,100,0,0,99.3966896894409,104.04347826086948,0.012907746031746032,19.949142857142856,0.0,True,True,True,False,-7466.0,0.0,110.22957129671451,0.0,14325.624400149249,0.0,6969.853971445963
2026-01-20T17:00:00Z,2026-01-20T17:15:00Z,2026-01-20,2026-01-20_73,-100.0,0,0,0,104.04347826086948,127.04347826086948,0.06388888888888888,0.0,0.0,True,False,True,False,-5972.0,0.0,0.0,0.0,0.0,0.0,-5972.0
2026-01-20T17:15:00Z,2026-01-20T17:30:00Z,2026-01-20,2026-01-20_74,100.00000000000003,0,0,0,127.04347826086948,99.86956521739121,0.07548309178743963,0.0,0.0,True,False,True,False,9999.750000000004,0.0,0.0,0.0,0.0,0.0,9999.750000000004
2026-01-20T17:30:00Z,2026-01-20T17:45:00Z,2026-01-20,2026-01-20_75,100.0,0,0,0,99.86956521739121,72.69565217391295,0.0754830917874396,0.0,0.0,True,False,True,False,10146.75,0.0,0.0,0.0,0.0,0.0,10146.75
2026-01-20T17:45:00Z,2026-01-20T18:00:00Z,2026-01-20,2026-01-20_76,100.0,0,0,0,72.69565217391295,45.52173913043469,0.0754830917874396,0.0,0.0,True,False,True,False,8882.25,0.0,0.0,0.0,0.0,0.0,8882.25
2026-01-20T18:00:00Z,2026-01-20T18:15:00Z,2026-01-20,2026-01-20_77,100.0,0,0,0,45.52173913043469,18.347826086956434,0.07548309178743962,0.0,0.0,True,True,True,False,8631.25,0.0,0.0,0.0,0.0,0.0,8631.25
2026-01-20T18:15:00Z,2026-01-20T18:30:00Z,2026-01-20,2026-01-20_78,-100.0,0,0,0,18.347826086956434,41.34782608695643,0.06388888888888888,0.0,0.0,True,True,True,False,-4489.5,0.0,0.0,0.0,0.0,0.0,-4489.5
2026-01-20T18:30:00Z,2026-01-20T18:45:00Z,2026-01-20,2026-01-20_79,100.0,0,0,0,41.34782608695643,14.173913043478173,0.07548309178743962,0.0,0.0,True,True,True,False,8993.0,0.0,0.0,0.0,0.0,0.0,8993.0
2026-01-20T18:45:00Z,2026-01-20T19:00:00Z,2026-01-20,2026-01-20_80,-100.0,0,0,0,14.173913043478173,37.17391304347817,0.0638888888888889,0.0,0.0,True,True,True,False,-5806.25,0.0,0.0,0.0,0.0,0.0,-5806.25
2026-01-20T19:00:00Z,2026-01-20T19:15:00Z,2026-01-20,2026-01-20_81,0.0,0,0,0,37.17391304347817,37.17391304347817,0.0,0.0,0.0,True,True,True,False,0.0,0.0,0.0,0.0,0.0,0.0,0.0
2026-01-20T19:15:00Z,2026-01-20T19:30:00Z,2026-01-20,2026-01-20_82,100.0,0,0,0,37.17391304347817,9.999999999999911,0.07548309178743962,0.0,0.0,True,True,True,False,11795.0,0.0,0.0,0.0,0.0,0.0,11795.0
2026-01-20T19:30:00Z,2026-01-20T19:45:00Z,2026-01-20,2026-01-20_83,0.0,0,0,0,9.999999999999911,9.999999999999911,0.0,0.0,0.0,True,True,True,False,0.0,0.0,0.0,0.0,0.0,0.0,0.0
2026-01-20T19:45:00Z,2026-01-20T20:00:00Z,2026-01-20,2026-01-20_84,-99.49749284364022,0,0,0,9.999999999999911,32.88442335403717,0.06356784265010347,0.0,0.0,True,True,True,False,-3959.253983980553,0.0,0.0,0.0,0.0,0.0,-3959.253983980553
2026-01-20T20:00:00Z,2026-01-20T20:15:00Z,2026-01-20,2026-01-20_85,0.0,100,0,0,32.88442335403717,17.78504447204959,0.04194271911663216,13.891428571428571,0.0,True,True,True,False,0.0,0.0,98.12258203884448,0.0,8983.139268390532,0.0,9081.261850429377
2026-01-20T20:15:00Z,2026-01-20T20:30:00Z,2026-01-20,2026-01-20_86,9.654113257610045e-16,100,0,0,17.78504447204959,14.86889540372661,0.008100414078674949,2.6828571428571433,0.0,True,True,True,False,6.686921547883597e-14,0.0,98.12258203884448,0.0,683.1594004157702,0.0,781.2819824546148
2026-01-20T20:30:00Z,2026-01-20T20:45:00Z,2026-01-20,2026-01-20_87,-100.00000000000001,100,0,0,14.86889540372661,37.54505540372662,0.06298933333333336,0.35200000000000004,0.0,True,True,True,False,-3868.7500000000005,0.0,98.12258203884448,0.0,63.49721647257517,0.0,-3707.130201488581
2026-01-20T20:45:00Z,2026-01-20T21:00:00Z,2026-01-20,2026-01-20_88,-99.99999999999999,100,0,0,37.54505540372662,60.54347826086948,0.06388450793650793,0.0017142857142857142,0.0,True,True,True,False,-3386.999999999999,0.0,98.12258203884448,0.0,0.23565915830403958,0.0,-3288.6417588028507
2026-01-20T21:00:00Z,2026-01-20T21:15:00Z,2026-01-20,2026-01-20_89,0.0,7,7,93,60.54347826086948,60.68454643478252,0.00039934396135265696,0.00124,0.1548,True,True,True,False,0.0,951.9893560613499,6.8644567074487925,1.2681408456236132,0.17046012450658865,-5.19393656840989,955.098477170519
2026-01-20T21:15:00Z,2026-01-20T21:30:00Z,2026-01-20,2026-01-20_90,0.0,7,7,93,60.68454643478252,60.81672563478252,0.00037272,0.00092,0.14476,True,True,True,False,0.0,951.9893560613499,6.8644567074487925,1.2681408456236132,0.12647041495650124,-9.202683254452975,951.0457407749258
2026-01-20T21:30:00Z,2026-01-20T21:45:00Z,2026-01-20,2026-01-20_91,0.0,7,7,93,60.81672563478252,61.11263443478252,0.0008219688888888888,0.0,0.32164,True,True,True,False,0.0,951.9893560613499,6.8644567074487925,1.2681408456236132,0.0,9.626902928065041,969.7488565424874
2026-01-20T21:45:00Z,2026-01-20T22:00:00Z,2026-01-20,2026-01-20_92,0.0,7,7,93,61.11263443478252,61.36913043478252,0.0007124888888888889,0.0,0.2788,True,True,True,False,0.0,951.9893560613499,6.8644567074487925,1.2681408456236132,0.0,-0.809445847489248,959.3125077669331
2026-01-20T22:00:00Z,2026-01-20T22:15:00Z,2026-01-21,2026-01-20_93,-6.0,6,0,94,61.36913043478252,62.642736377639665,0.0035377942857142855,0.1156457142857143,0.0,True,True,True,False,-215.29500000000002,962.074652948222,5.812209153920162,0.0,19.141342379727522,0.0,771.7332044818697
2026-01-20T22:15:00Z,2026-01-20T22:30:00Z,2026-01-21,2026-01-20_94,-6.0,6,0,94,62.642736377639665,63.99592494906824,0.003758857142857143,0.02914285714285714,0.0,True,True,True,False,-187.92000000000002,962.074652948222,5.812209153920162,0.0,4.430367766891162,0.0,784.3972298690334
2026-01-20T22:30:00Z,2026-01-20T22:45:00Z,2026-01-21,2026-01-20_95,-6.0,6,0,94,63.99592494906824,65.26924700621109,0.003537005714285714,0.11595428571428572,0.0,True,True,True,False,-179.20499999999998,962.074652948222,5.812209153920162,0.0,18.132801377828518,0.0,806.8146634799707
2026-01-20T22:45:00Z,2026-01-20T23:00:00Z,2026-01-21,2026-01-20_96,-6.0,6,0,94,65.26924700621109,66.57360723478251,0.003623222857142857,0.08221714285714286,0.0,True,True,True,False,-168.0,962.074652948222,5.812209153920162,0.0,12.861609498938298,0.0,812.7484716010805
2026-01-20T23:00:00Z,2026-01-20T23:15:00Z,2026-01-21,2026-01-21_1,0.0,0,0,100,66.57360723478251,66.57360723478251,0.0,0.0,0.0,True,True,True,False,0.0,1023.4836733491724,0.0,0.0,0.0,0.0,1023.4836733491724
2026-01-20T23:15:00Z,2026-01-20T23:30:00Z,2026-01-21,2026-01-21_2,0.0,0,0,100,66.57360723478251,66.57360723478251,0.0,0.0,0.0,True,True,True,False,0.0,1023.4836733491724,0.0,0.0,0.0,0.0,1023.4836733491724
2026-01-20T23:30:00Z,2026-01-20T23:45:00Z,2026-01-21,2026-01-21_3,0.0,0,0,100,66.57360723478251,66.57360723478251,0.0,0.0,0.0,True,True,True,False,0.0,1023.4836733491724,0.0,0.0,0.0,0.0,1023.4836733491724
2026-01-20T23:45:00Z,2026-01-21T00:00:00Z,2026-01-21,2026-01-21_4,0.0,0,0,100,66.57360723478251,66.57360723478251,0.0,0.0,0.0,True,True,True,False,0.0,1023.4836733491724,0.0,0.0,0.0,0.0,1023.4836733491724
2026-01-21T00:00:00Z,2026-01-21T00:15:00Z,2026-01-21,2026-01-21_5,0.0,0,0,100,66.57360723478251,66.57360723478251,0.0,0.0,0.0,True,True,True,False,0.0,1023.4836733491724,0.0,0.0,0.0,0.0,1023.4836733491724
2026-01-21T00:15:00Z,2026-01-21T00:30:00Z,2026-01-21,2026-01-21_6,0.0,0,0,100,66.57360723478251,66.57360723478251,0.0,0.0,0.0,True,True,True,False,0.0,1023.4836733491724,0.0,0.0,0.0,0.0,1023.4836733491724
2026-01-21T00:30:00Z,2026-01-21T00:45:00Z,2026-01-21,2026-01-21_7,0.0,0,0,100,66.57360723478251,66.57360723478251,0.0,0.0,0.0,True,True,True,False,0.0,1023.4836733491724,0.0,0.0,0.0,0.0,1023.4836733491724
2026-01-21T00:45:00Z,2026-01-21T01:00:00Z,2026-01-21,2026-01-21_8,0.0,0,0,100,66.57360723478251,66.57360723478251,0.0,0.0,0.0,True,True,True,False,0.0,1023.4836733491724,0.0,0.0,0.0,0.0,1023.4836733491724
2026-01-21T01:00:00Z,2026-01-21T01:15:00Z,2026-01-21,2026-01-21_9,0.0,0,0,100,66.57360723478251,66.57360723478251,0.0,0.0,0.0,True,True,True,False,0.0,1023.4836733491724,0.0,0.0,0.0,0.0,1023.4836733491724
2026-01-21T01:15:00Z,2026-01-21T01:30:00Z,2026-01-21,2026-01-21_10,0.0,0,0,100,66.57360723478251,66.57360723478251,0.0,0.0,0.0,True,True,True,False,0.0,1023.4836733491724,0.0,0.0,0.0,0.0,1023.4836733491724
2026-01-21T01:30:00Z,2026-01-21T01:45:00Z,2026-01-21,2026-01-21_11,0.0,0,0,100,66.57360723478251,66.57360723478251,0.0,0.0,0.0,True,True,True,False,0.0,1023.4836733491724,0.0,0.0,0.0,0.0,1023.4836733491724
2026-01-21T01:45:00Z,2026-01-21T02:00:00Z,2026-01-21,2026-01-21_12,0.0,0,0,100,66.57360723478251,66.57360723478251,0.0,0.0,0.0,True,True,True,False,0.0,1023.4836733491724,0.0,0.0,0.0,0.0,1023.4836733491724
2026-01-21T02:00:00Z,2026-01-21T02:15:00Z,2026-01-21,2026-01-21_13,0.0,0,0,100,66.57360723478251,66.57360723478251,0.0,0.0,0.0,True,True,True,False,0.0,1023.4836733491724,0.0,0.0,0.0,0.0,1023.4836733491724
2026-01-21T02:15:00Z,2026-01-21T02:30:00Z,2026-01-21,2026-01-21_14,0.0,0,0,100,66.57360723478251,66.57360723478251,0.0,0.0,0.0,True,True,True,False,0.0,1023.4836733491724,0.0,0.0,0.0,0.0,1023.4836733491724
2026-01-21T02:30:00Z,2026-01-21T02:45:00Z,2026-01-21,2026-01-21_15,0.0,0,0,100,66.57360723478251,66.57360723478251,0.0,0.0,0.0,True,True,True,False,0.0,1023.4836733491724,0.0,0.0,0.0,0.0,1023.4836733491724
2026-01-21T02:45:00Z,2026-01-21T03:00:00Z,2026-01-21,2026-01-21_16,0.0,0,0,100,66.57360723478251,66.57360723478251,0.0,0.0,0.0,True,True,True,False,0.0,1023.4836733491724,0.0,0.0,0.0,0.0,1023.4836733491724
2026-01-21T03:00:00Z,2026-01-21T03:15:00Z,2026-01-21,2026-01-21_17,0.0,0,0,100,66.57360723478251,66.57360723478251,0.0,0.0,0.0,True,True,True,False,0.0,1023.4836733491724,0.0,0.0,0.0,0.0,1023.4836733491724
2026-01-21T03:15:00Z,2026-01-21T03:30:00Z,2026-01-21,2026-01-21_18,0.0,0,0,100,66.57360723478251,66.57360723478251,0.0,0.0,0.0,True,True,True,False,0.0,1023.4836733491724,0.0,0.0,0.0,0.0,1023.4836733491724
2026-01-21T03:30:00Z,2026-01-21T03:45:00Z,2026-01-21,2026-01-21_19,0.0,0,0,100,66.57360723478251,66.57360723478251,0.0,0.0,0.0,True,True,True,False,0.0,1023.4836733491724,0.0,0.0,0.0,0.0,1023.4836733491724
2026-01-21T03:45:00Z,2026-01-21T04:00:00Z,2026-01-21,2026-01-21_20,0.0,0,0,100,66.57360723478251,66.57360723478251,0.0,0.0,0.0,True,True,True,False,0.0,1023.4836733491724,0.0,0.0,0.0,0.0,1023.4836733491724
2026-01-21T04:00:00Z,2026-01-21T04:15:00Z,2026-01-21,2026-01-21_21,0.0,0,0,100,66.57360723478251,66.57360723478251,0.0,0.0,0.0,True,False,True,False,0.0,1023.4836733491724,0.0,0.0,0.0,0.0,1023.4836733491724
2026-01-21T04:15:00Z,2026-01-21T04:30:00Z,2026-01-21,2026-01-21_22,0.0,0,0,100,66.57360723478251,66.57360723478251,0.0,0.0,0.0,True,False,True,False,0.0,1023.4836733491724,0.0,0.0,0.0,0.0,1023.4836733491724
2026-01-21T04:30:00Z,2026-01-21T04:45:00Z,2026-01-21,2026-01-21_23,0.0,0,0,100,66.57360723478251,66.57360723478251,0.0,0.0,0.0,True,False,True,False,0.0,1023.4836733491724,0.0,0.0,0.0,0.0,1023.4836733491724
2026-01-21T04:45:00Z,2026-01-21T05:00:00Z,2026-01-21,2026-01-21_24,0.0,0,0,100,66.57360723478251,66.57360723478251,0.0,0.0,0.0,True,False,True,False,0.0,1023.4836733491724,0.0,0.0,0.0,0.0,1023.4836733491724
2026-01-21T05:00:00Z,2026-01-21T05:15:00Z,2026-01-21,2026-01-21_25,-100.0,100,0,0,66.57360723478251,68.34947009192537,0.004932952380952383,23.069714285714284,0.0,True,True,True,False,-3388.0000000000005,0.0,98.54896031730448,0.0,21635.66308547193,0.0,18346.212045789234
2026-01-21T05:15:00Z,2026-01-21T05:30:00Z,2026-01-21,2026-01-21_26,-90.66195966086501,100,0,0,68.34947009192537,71.67142857142849,0.019793374752251132,18.737142857142857,0.0,True,True,True,False,-3667.502923181142,0.0,98.54896031730448,0.0,8525.284109250131,0.0,4956.330146386294
2026-01-21T05:30:00Z,2026-01-21T05:45:00Z,2026-01-21,2026-01-21_27,0.0,100,0,0,71.67142857142849,66.00248447204962,0.015747066942719115,5.215428571428571,0.0,True,True,True,False,0.0,0.0,98.54896031730448,0.0,989.2806459412684,0.0,1087.8296062585728
2026-01-21T05:45:00Z,2026-01-21T06:00:00Z,2026-01-21,2026-01-21_28,1.3757111392094319e-14,100,0,0,66.00248447204962,64.34782608695645,0.0045962732919254765,1.5222857142857145,0.0,True,True,True,False,6.290439184035128e-13,0.0,98.54896031730448,0.0,236.60963167210375,0.0,335.1585919894089
2026-01-21T06:00:00Z,2026-01-21T06:15:00Z,2026-01-21,2026-01-21_29,0.0,0,0,100,64.34782608695645,64.34782608695645,0.0,0.0,0.0,True,False,True,False,0.0,1023.4836733491724,0.0,0.0,0.0,0.0,1023.4836733491724
2026-01-21T06:15:00Z,2026-01-21T06:30:00Z,2026-01-21,2026-01-21_30,0.0,0,0,100,64.34782608695645,64.34782608695645,0.0,0.0,0.0,True,False,True,False,0.0,1023.4836733491724,0.0,0.0,0.0,0.0,1023.4836733491724
2026-01-21T06:30:00Z,2026-01-21T06:45:00Z,2026-01-21,2026-01-21_31,0.0,0,0,100,64.34782608695645,64.34782608695645,0.0,0.0,0.0,True,False,True,False,0.0,1023.4836733491724,0.0,0.0,0.0,0.0,1023.4836733491724
2026-01-21T06:45:00Z,2026-01-21T07:00:00Z,2026-01-21,2026-01-21_32,0.0,0,0,100,64.34782608695645,64.34782608695645,0.0,0.0,0.0,True,False,True,False,0.0,1023.4836733491724,0.0,0.0,0.0,0.0,1023.4836733491724
2026-01-21T07:00:00Z,2026-01-21T07:15:00Z,2026-01-21,2026-01-21_33,0.0,0,0,100,64.34782608695645,64.34782608695645,0.0,0.0,0.0,True,False,True,False,0.0,1023.4836733491724,0.0,0.0,0.0,0.0,1023.4836733491724
2026-01-21T07:15:00Z,2026-01-21T07:30:00Z,2026-01-21,2026-01-21_34,0.0,0,0,100,64.34782608695645,64.34782608695645,0.0,0.0,0.0,True,False,True,False,0.0,1023.4836733491724,0.0,0.0,0.0,0.0,1023.4836733491724
2026-01-21T07:30:00Z,2026-01-21T07:45:00Z,2026-01-21,2026-01-21_35,0.0,0,0,100,64.34782608695645,64.34782608695645,0.0,0.0,0.0,True,False,True,False,0.0,1023.4836733491724,0.0,0.0,0.0,0.0,1023.4836733491724
2026-01-21T07:45:00Z,2026-01-21T08:00:00Z,2026-01-21,2026-01-21_36,0.0,0,0,100,64.34782608695645,64.34782608695645,0.0,0.0,0.0,True,False,True,False,0.0,1023.4836733491724,0.0,0.0,0.0,0.0,1023.4836733491724
2026-01-21T08:00:00Z,2026-01-21T08:15:00Z,2026-01-21,2026-01-21_37,0.0,0,0,100,64.34782608695645,64.34782608695645,0.0,0.0,0.0,True,False,True,False,0.0,1023.4836733491724,0.0,0.0,0.0,0.0,1023.4836733491724
2026-01-21T08:15:00Z,2026-01-21T08:30:00Z,2026-01-21,2026-01-21_38,0.0,0,0,100,64.34782608695645,64.34782608695645,0.0,0.0,0.0,True,False,True,False,0.0,1023.4836733491724,0.0,0.0,0.0,0.0,1023.4836733491724
2026-01-21T08:30:00Z,2026-01-21T08:45:00Z,2026-01-21,2026-01-21_39,0.0,0,0,100,64.34782608695645,64.34782608695645,0.0,0.0,0.0,True,False,True,False,0.0,1023.4836733491724,0.0,0.0,0.0,0.0,1023.4836733491724
2026-01-21T08:45:00Z,2026-01-21T09:00:00Z,2026-01-21,2026-01-21_40,0.0,0,0,100,64.34782608695645,64.34782608695645,0.0,0.0,0.0,True,False,True,False,0.0,1023.4836733491724,0.0,0.0,0.0,0.0,1023.4836733491724
2026-01-21T09:00:00Z,2026-01-21T09:15:00Z,2026-01-21,2026-01-21_41,0.0,100,0,0,64.34782608695645,64.05900621118005,0.0008022774327122153,0.26571428571428574,0.0,True,True,True,False,0.0,0.0,64.67827760215202,0.0,47.012213080955846,0.0,111.69049068310787
2026-01-21T09:15:00Z,2026-01-21T09:30:00Z,2026-01-21,2026-01-21_42,0.0,100,0,0,64.05900621118005,57.245341614906756,0.01892684610075914,6.268571428571429,0.0,True,True,True,False,0.0,0.0,64.67827760215202,0.0,7132.403194363022,0.0,7197.0814719651735
2026-01-21T09:30:00Z,2026-01-21T09:45:00Z,2026-01-21,2026-01-21_43,-2.775557561562891e-15,100,0,0,57.245341614906756,56.626708074534086,0.0017184265010351985,0.5691428571428572,0.0,True,True,True,False,-9.921924393196945e-14,0.0,64.67827760215202,0.0,119.48289826453072,0.0,184.16117586668264
2026-01-21T09:45:00Z,2026-01-21T10:00:00Z,2026-01-21,2026-01-21_44,-100.0,100,0,0,56.626708074534086,79.60462807453409,0.06382755555555555,0.024,0.0,True,True,True,False,-3338.25,0.0,64.67827760215202,0.0,3.298709968780066,0.0,-3270.273012429068
2026-01-21T10:00:00Z,2026-01-21T10:15:00Z,2026-01-21,2026-01-21_45,0.0,100,0,0,79.60462807453409,79.19220571428565,0.0011456176673567977,0.37942857142857145,0.0,True,True,True,False,0.0,0.0,64.00086394784897,0.0,99.69266121182712,0.0,163.69352515967608
2026-01-21T10:15:00Z,2026-01-21T10:30:00Z,2026-01-21,2026-01-21_46,-77.33839789456812,100,0,0,79.19220571428565,96.77095552795025,0.04912857460332214,0.2182857142857143,0.0,True,True,True,False,-2623.89849456796,0.0,64.00086394784897,0.0,43.15730033127351,0.0,-2516.7403302888374
2026-01-21T10:30:00Z,2026-01-21T10:45:00Z,2026-01-21,2026-01-21_47,-100.0,100,0,0,96.77095552795025,108.1989326708074,0.031744380952380954,12.578285714285714,0.0,True,True,True,False,-3334.0000000000005,0.0,64.00086394784897,0.0,21043.005954620297,0.0,17773.006818568145
2026-01-21T10:45:00Z,2026-01-21T11:00:00Z,2026-01-21,2026-01-21_48,-100.0,100,0,0,108.1989326708074,125.07593838509311,0.04688057142857143,6.655428571428572,0.0,True,True,True,False,-3233.0,0.0,64.00086394784897,0.0,6643.9312986426485,0.0,3474.9321625904972
2026-01-21T11:00:00Z,2026-01-21T11:15:00Z,2026-01-21,2026-01-21_49,-3.47548077273962e-14,100,0,0,125.07593838509311,119.09270857142852,0.016620082815735,5.5045714285714284,0.0,True,True,True,False,-1.2280611310475447e-12,0.0,64.00086394784897,0.0,1494.8074484646693,0.0,1558.8083124125171
2026-01-21T11:15:00Z,2026-01-21T11:30:00Z,2026-01-21,2026-01-21_50,-100.0,100,0,0,119.09270857142852,127.85478857142851,0.02433911111111112,15.475999999999997,0.0,True,True,True,False,-3241.7499999999995,0.0,64.00086394784897,0.0,7924.991917375168,0.0,4747.242781323017
2026-01-21T11:30:00Z,2026-01-21T11:45:00Z,2026-01-21,2026-01-21_51,-100.0,100,0,0,127.85478857142851,135.61695999999995,0.021561587301587304,16.562857142857144,0.0,True,True,True,False,-3724.0,0.0,64.00086394784897,0.0,9060.958342005537,0.0,5400.959205953386
2026-01-21T11:45:00Z,2026-01-21T12:00:00Z,2026-01-21,2026-01-21_52,-100.0,100,0,0,135.61695999999995,143.99999999999994,0.023286222222222226,15.888,0.0,True,True,True,False,-3336.9999999999995,0.0,64.00086394784897,0.0,7814.622408450981,0.0,4541.6232723988305
2026-01-21T12:00:00Z,2026-01-21T12:15:00Z,2026-01-21,2026-01-21_53,0.0,0,0,100,143.99999999999994,143.99999999999994,0.0,0.0,0.0,True,False,True,False,0.0,1023.4836733491724,0.0,0.0,0.0,0.0,1023.4836733491724
2026-01-21T12:15:00Z,2026-01-21T12:30:00Z,2026-01-21,2026-01-21_54,0.0,0,0,100,143.99999999999994,143.99999999999994,0.0,0.0,0.0,True,False,True,False,0.0,1023.4836733491724,0.0,0.0,0.0,0.0,1023.4836733491724
2026-01-21T12:30:00Z,2026-01-21T12:45:00Z,2026-01-21,2026-01-21_55,0.0,0,0,100,143.99999999999994,143.99999999999994,0.0,0.0,0.0,True,False,True,False,0.0,1023.4836733491724,0.0,0.0,0.0,0.0,1023.4836733491724
2026-01-21T12:45:00Z,2026-01-21T13:00:00Z,2026-01-21,2026-01-21_56,0.0,0,0,100,143.99999999999994,143.99999999999994,0.0,0.0,0.0,True,False,True,False,0.0,1023.4836733491724,0.0,0.0,0.0,0.0,1023.4836733491724
2026-01-21T13:00:00Z,2026-01-21T13:15:00Z,2026-01-21,2026-01-21_57,0.0,0,0,100,143.99999999999994,143.99999999999994,0.0,0.0,0.0,True,True,True,False,0.0,1023.4836733491724,0.0,0.0,0.0,0.0,1023.4836733491724
2026-01-21T13:15:00Z,2026-01-21T13:30:00Z,2026-01-21,2026-01-21_58,0.0,0,0,100,143.99999999999994,143.99999999999994,0.0,0.0,0.0,True,True,True,False,0.0,1023.4836733491724,0.0,0.0,0.0,0.0,1023.4836733491724
2026-01-21T13:30:00Z,2026-01-21T13:45:00Z,2026-01-21,2026-01-21_59,0.0,0,0,100,143.99999999999994,143.99999999999994,0.0,0.0,0.0,True,True,True,False,0.0,1023.4836733491724,0.0,0.0,0.0,0.0,1023.4836733491724
2026-01-21T13:45:00Z,2026-01-21T14:00:00Z,2026-01-21,2026-01-21_60,0.0,0,0,100,143.99999999999994,143.99999999999994,0.0,0.0,0.0,True,True,True,False,0.0,1023.4836733491724,0.0,0.0,0.0,0.0,1023.4836733491724
2026-01-21T14:00:00Z,2026-01-21T14:15:00Z,2026-01-21,2026-01-21_61,0.0,0,0,100,143.99999999999994,143.99999999999994,0.0,0.0,0.0,True,True,True,False,0.0,1023.4836733491724,0.0,0.0,0.0,0.0,1023.4836733491724
2026-01-21T14:15:00Z,2026-01-21T14:30:00Z,2026-01-21,2026-01-21_62,0.0,0,0,100,143.99999999999994,143.99999999999994,0.0,0.0,0.0,True,True,True,False,0.0,1023.4836733491724,0.0,0.0,0.0,0.0,1023.4836733491724
2026-01-21T14:30:00Z,2026-01-21T14:45:00Z,2026-01-21,2026-01-21_63,0.0,0,0,100,143.99999999999994,143.99999999999994,0.0,0.0,0.0,True,True,True,False,0.0,1023.4836733491724,0.0,0.0,0.0,0.0,1023.4836733491724
2026-01-21T14:45:00Z,2026-01-21T15:00:00Z,2026-01-21,2026-01-21_64,0.0,0,0,100,143.99999999999994,143.99999999999994,0.0,0.0,0.0,True,True,True,False,0.0,1023.4836733491724,0.0,0.0,0.0,0.0,1023.4836733491724
2026-01-21T15:00:00Z,2026-01-21T15:15:00Z,2026-01-21,2026-01-21_65,0.0,0,0,100,143.99999999999994,143.99999999999994,0.0,0.0,0.0,True,True,True,False,0.0,1023.4836733491724,0.0,0.0,0.0,0.0,1023.4836733491724
2026-01-21T15:15:00Z,2026-01-21T15:30:00Z,2026-01-21,2026-01-21_66,0.0,0,0,100,143.99999999999994,143.99999999999994,0.0,0.0,0.0,True,True,True,False,0.0,1023.4836733491724,0.0,0.0,0.0,0.0,1023.4836733491724
2026-01-21T15:30:00Z,2026-01-21T15:45:00Z,2026-01-21,2026-01-21_67,0.0,0,0,100,143.99999999999994,143.99999999999994,0.0,0.0,0.0,True,True,True,False,0.0,1023.4836733491724,0.0,0.0,0.0,0.0,1023.4836733491724
2026-01-21T15:45:00Z,2026-01-21T16:00:00Z,2026-01-21,2026-01-21_68,0.0,0,0,100,143.99999999999994,143.99999999999994,0.0,0.0,0.0,True,True,True,False,0.0,1023.4836733491724,0.0,0.0,0.0,0.0,1023.4836733491724
2026-01-21T16:00:00Z,2026-01-21T16:15:00Z,2026-01-21,2026-01-21_69,18.00000000000003,82,100,0,143.99999999999994,134.0608571428571,0.02760873015873018,4.644011428571429,0.0,True,True,True,False,1081.7550000000017,0.0,91.07443696125978,3.445973806672033,1319.7357860124598,0.0,2496.011196780393
2026-01-21T16:15:00Z,2026-01-21T16:30:00Z,2026-01-21,2026-01-21_70,18.00000000000003,82,100,0,134.0608571428571,120.72813664596266,0.0370353347135956,7.766102857142857,0.0,True,True,True,False,1154.8350000000019,0.0,91.07443696125978,3.445973806672033,2332.7479681730583,0.0,3582.103378940992
2026-01-21T16:30:00Z,2026-01-21T16:45:00Z,2026-01-21,2026-01-21_71,18.00000000000003,82,100,0,120.72813664596266,106.9986583850931,0.03813743961352659,8.131120000000001,0.0,True,True,True,False,1125.5400000000018,0.0,91.07443696125978,3.445973806672033,2892.278451821163,0.0,4112.338862589097
2026-01-21T16:45:00Z,2026-01-21T17:00:00Z,2026-01-21,2026-01-21_72,17.699415771428612,82,100,0,106.9986583850931,95.81340720496885,0.031070142167011764,5.865577142857143,0.0,True,True,True,False,1030.1059978971452,0.0,91.07443696125978,3.445973806672033,2260.517809149432,0.0,3385.1442178145094
2026-01-21T17:00:00Z,2026-01-21T17:15:00Z,2026-01-21,2026-01-21_73,0.0,100,100,0,95.81340720496885,81.65502211180115,0.039328847481021396,13.025714285714288,0.0,True,True,True,False,0.0,0.0,109.94718137014274,7.6282668028039025,7409.421387197304,0.0,7526.996835370251
2026-01-21T17:15:00Z,2026-01-21T17:30:00Z,2026-01-21,2026-01-21_74,0.0,100,100,0,81.65502211180115,67.31775503105581,0.039825741890959276,13.190285714285713,0.0,True,True,True,False,0.0,0.0,109.94718137014274,7.6282668028039025,5973.480487962232,0.0,6091.055936135178
2026-01-21T17:30:00Z,2026-01-21T17:45:00Z,2026-01-21,2026-01-21_75,0.0,100,100,0,67.31775503105581,64.43209142857133,0.008071224292615597,2.664,0.010857142857142857,True,True,True,False,0.0,0.0,109.94718137014274,7.6282668028039025,688.4323352117653,-0.785407023222806,805.2223763614892
2026-01-21T17:45:00Z,2026-01-21T18:00:00Z,2026-01-21,2026-01-21_76,0.0,100,100,0,64.43209142857133,64.34782608695642,0.0005319751552795031,0.12685714285714286,0.058285714285714274,True,True,True,False,0.0,0.0,109.94718137014274,7.6282668028039025,21.587484425096005,-4.274854124649721,134.88807847339294
2026-01-21T18:00:00Z,2026-01-21T18:15:00Z,2026-01-21,2026-01-21_77,0.0,0,0,100,64.34782608695642,64.34782608695642,0.0,0.0,0.0,True,True,True,False,0.0,1023.4836733491724,0.0,0.0,0.0,0.0,1023.4836733491724
2026-01-21T18:15:00Z,2026-01-21T18:30:00Z,2026-01-21,2026-01-21_78,0.0,0,0,100,64.34782608695642,64.34782608695642,0.0,0.0,0.0,True,True,True,False,0.0,1023.4836733491724,0.0,0.0,0.0,0.0,1023.4836733491724
2026-01-21T18:30:00Z,2026-01-21T18:45:00Z,2026-01-21,2026-01-21_79,0.0,0,0,100,64.34782608695642,64.34782608695642,0.0,0.0,0.0,True,True,True,False,0.0,1023.4836733491724,0.0,0.0,0.0,0.0,1023.4836733491724
2026-01-21T18:45:00Z,2026-01-21T19:00:00Z,2026-01-21,2026-01-21_80,0.0,0,0,100,64.34782608695642,64.34782608695642,0.0,0.0,0.0,True,True,True,False,0.0,1023.4836733491724,0.0,0.0,0.0,0.0,1023.4836733491724
2026-01-21T19:00:00Z,2026-01-21T19:15:00Z,2026-01-21,2026-01-21_81,0.0,0,0,100,64.34782608695642,64.34782608695642,0.0,0.0,0.0,True,True,True,False,0.0,1023.4836733491724,0.0,0.0,0.0,0.0,1023.4836733491724
2026-01-21T19:15:00Z,2026-01-21T19:30:00Z,2026-01-21,2026-01-21_82,0.0,0,0,100,64.34782608695642,64.34782608695642,0.0,0.0,0.0,True,True,True,False,0.0,1023.4836733491724,0.0,0.0,0.0,0.0,1023.4836733491724
2026-01-21T19:30:00Z,2026-01-21T19:45:00Z,2026-01-21,2026-01-21_83,0.0,0,0,100,64.34782608695642,64.34782608695642,0.0,0.0,0.0,True,True,True,False,0.0,1023.4836733491724,0.0,0.0,0.0,0.0,1023.4836733491724
2026-01-21T19:45:00Z,2026-01-21T20:00:00Z,2026-01-21,2026-01-21_84,0.0,0,0,100,64.34782608695642,64.34782608695642,0.0,0.0,0.0,True,True,True,False,0.0,1023.4836733491724,0.0,0.0,0.0,0.0,1023.4836733491724
2026-01-21T20:00:00Z,2026-01-21T20:15:00Z,2026-01-21,2026-01-21_85,0.0,0,0,100,64.34782608695642,64.34782608695642,0.0,0.0,0.0,True,True,True,False,0.0,1023.4836733491724,0.0,0.0,0.0,0.0,1023.4836733491724
2026-01-21T20:15:00Z,2026-01-21T20:30:00Z,2026-01-21,2026-01-21_86,0.0,0,0,100,64.34782608695642,64.34782608695642,0.0,0.0,0.0,True,True,True,False,0.0,1023.4836733491724,0.0,0.0,0.0,0.0,1023.4836733491724
2026-01-21T20:30:00Z,2026-01-21T20:45:00Z,2026-01-21,2026-01-21_87,0.0,0,0,100,64.34782608695642,64.34782608695642,0.0,0.0,0.0,True,True,True,False,0.0,1023.4836733491724,0.0,0.0,0.0,0.0,1023.4836733491724
2026-01-21T20:45:00Z,2026-01-21T21:00:00Z,2026-01-21,2026-01-21_88,0.0,0,0,100,64.34782608695642,64.34782608695642,0.0,0.0,0.0,True,True,True,False,0.0,1023.4836733491724,0.0,0.0,0.0,0.0,1023.4836733491724
2026-01-21T21:00:00Z,2026-01-21T21:15:00Z,2026-01-21,2026-01-21_89,0.0,0,0,100,64.34782608695642,64.34782608695642,0.0,0.0,0.0,True,True,True,False,0.0,1023.4836733491724,0.0,0.0,0.0,0.0,1023.4836733491724
2026-01-21T21:15:00Z,2026-01-21T21:30:00Z,2026-01-21,2026-01-21_90,0.0,0,0,100,64.34782608695642,64.34782608695642,0.0,0.0,0.0,True,True,True,False,0.0,1023.4836733491724,0.0,0.0,0.0,0.0,1023.4836733491724
2026-01-21T21:30:00Z,2026-01-21T21:45:00Z,2026-01-21,2026-01-21_91,0.0,0,0,100,64.34782608695642,64.34782608695642,0.0,0.0,0.0,True,True,True,False,0.0,1023.4836733491724,0.0,0.0,0.0,0.0,1023.4836733491724
2026-01-21T21:45:00Z,2026-01-21T22:00:00Z,2026-01-21,2026-01-21_92,0.0,0,0,100,64.34782608695642,64.34782608695642,0.0,0.0,0.0,True,True,True,False,0.0,1023.4836733491724,0.0,0.0,0.0,0.0,1023.4836733491724
2026-01-21T22:00:00Z,2026-01-21T22:15:00Z,2026-01-22,2026-01-21_93,0.0,0,0,100,64.34782608695642,64.34782608695642,0.0,0.0,0.0,True,True,True,False,0.0,1022.8409960558075,0.0,0.0,0.0,0.0,1022.8409960558075
2026-01-21T22:15:00Z,2026-01-21T22:30:00Z,2026-01-22,2026-01-21_94,0.0,0,0,100,64.34782608695642,64.34782608695642,0.0,0.0,0.0,True,True,True,False,0.0,1022.8409960558075,0.0,0.0,0.0,0.0,1022.8409960558075
2026-01-21T22:30:00Z,2026-01-21T22:45:00Z,2026-01-22,2026-01-21_95,0.0,0,0,100,64.34782608695642,64.34782608695642,0.0,0.0,0.0,True,True,True,False,0.0,1022.8409960558075,0.0,0.0,0.0,0.0,1022.8409960558075
2026-01-21T22:45:00Z,2026-01-21T23:00:00Z,2026-01-22,2026-01-21_96,0.0,0,0,100,64.34782608695642,64.34782608695642,0.0,0.0,0.0,True,True,True,False,0.0,1022.8409960558075,0.0,0.0,0.0,0.0,1022.8409960558075
2026-01-21T23:00:00Z,2026-01-21T23:15:00Z,2026-01-22,2026-01-22_1,0.0,0,0,100,64.34782608695642,64.34782608695642,0.0,0.0,0.0,True,True,True,False,0.0,1022.8409960558075,0.0,0.0,0.0,0.0,1022.8409960558075
2026-01-21T23:15:00Z,2026-01-21T23:30:00Z,2026-01-22,2026-01-22_2,0.0,0,0,100,64.34782608695642,64.34782608695642,0.0,0.0,0.0,True,True,True,False,0.0,1022.8409960558075,0.0,0.0,0.0,0.0,1022.8409960558075
2026-01-21T23:30:00Z,2026-01-21T23:45:00Z,2026-01-22,2026-01-22_3,0.0,0,0,100,64.34782608695642,64.34782608695642,0.0,0.0,0.0,True,True,True,False,0.0,1022.8409960558075,0.0,0.0,0.0,0.0,1022.8409960558075
2026-01-21T23:45:00Z,2026-01-22T00:00:00Z,2026-01-22,2026-01-22_4,0.0,0,0,100,64.34782608695642,64.34782608695642,0.0,0.0,0.0,True,True,True,False,0.0,1022.8409960558075,0.0,0.0,0.0,0.0,1022.8409960558075
2026-01-22T00:00:00Z,2026-01-22T00:15:00Z,2026-01-22,2026-01-22_5,-100.0,100,0,0,64.34782608695642,64.85408894409927,0.0014062857142857143,24.449714285714286,0.0,True,True,True,False,-3213.5,0.0,56.95531877317949,0.0,26597.1016836965,0.0,23440.55700246968
2026-01-22T00:15:00Z,2026-01-22T00:30:00Z,2026-01-22,2026-01-22_6,-100.0,100,0,0,64.85408894409927,76.67635180124213,0.03283961904761905,12.149714285714285,0.0,True,True,True,False,-3114.75,0.0,56.95531877317949,0.0,3422.821580648507,0.0,365.0268994216863
2026-01-22T00:30:00Z,2026-01-22T00:45:00Z,2026-01-22,2026-01-22_7,0.0,100,0,0,76.67635180124213,73.56082385093157,0.008654244306418219,2.866285714285714,0.0,True,True,True,False,0.0,0.0,56.95531877317949,0.0,540.0755872137516,0.0,597.0309059869311
2026-01-22T00:45:00Z,2026-01-22T01:00:00Z,2026-01-22,2026-01-22_8,0.0,100,0,0,73.56082385093157,73.35274931677007,0.0005779848171152519,0.19142857142857145,0.0,True,True,True,False,0.0,0.0,56.95531877317949,0.0,28.77551460921097,0.0,85.73083338239046
2026-01-22T01:00:00Z,2026-01-22T01:15:00Z,2026-01-22,2026-01-22_9,0.0,100,100,0,73.35274931677007,72.97960745341604,0.0011650131124913735,0.3645714285714286,0.02514285714285714,True,True,True,False,0.0,0.0,56.925884499911696,15.452993465591335,62.168009710506915,-2.022835389527566,132.52405228648237
2026-01-22T01:15:00Z,2026-01-22T01:30:00Z,2026-01-22,2026-01-22_10,0.0,100,100,0,72.97960745341604,74.38350409937877,0.0039100648723257424,0.0017142857142857142,1.528,True,True,True,False,0.0,0.0,56.925884499911696,15.452993465591335,0.23547418614234417,-103.9343435175919,-31.31999136594652
2026-01-22T01:30:00Z,2026-01-22T01:45:00Z,2026-01-22,2026-01-22_11,0.0,100,100,0,74.38350409937877,84.82313838509306,0.028998984126984133,0.0,11.347428571428573,True,True,True,False,0.0,0.0,56.925884499911696,15.452993465591335,0.0,183.8020233960424,256.1809013615454
2026-01-22T01:45:00Z,2026-01-22T02:00:00Z,2026-01-22,2026-01-22_12,0.0,100,100,0,84.82313838509306,100.83218981366448,0.0444695873015873,0.0,17.401142857142858,True,True,True,False,0.0,0.0,56.925884499911696,15.452993465591335,0.0,1467.7828658890414,1540.1617438545445
2026-01-22T02:00:00Z,2026-01-22T02:15:00Z,2026-01-22,2026-01-22_13,47.000000000000114,53,100,0,100.83218981366448,106.3541247801241,0.03429278001380259,0.0,18.32171428571429,True,True,True,False,1503.1775000000036,0.0,30.1707187849532,15.452993465591335,0.0,1615.180579546825,3163.9817917973733
2026-01-22T02:15:00Z,2026-01-22T02:30:00Z,2026-01-22,2026-01-22_14,47.00000000000006,53,100,0,106.3541247801241,113.2351194633539,0.03420479889579018,0.0,19.682857142857145,True,True,True,False,1531.9650000000017,0.0,30.1707187849532,15.452993465591335,0.0,2878.84332108307,4456.432033333616
2026-01-22T02:30:00Z,2026-01-22T02:45:00Z,2026-01-22,2026-01-22_15,0.0,53,100,0,113.2351194633539,130.31978232049676,0.04745739682539682,0.0,18.570285714285713,True,True,True,False,0.0,0.0,30.1707187849532,15.452993465591335,0.0,2183.2010766776834,2228.824788928228
2026-01-22T02:45:00Z,2026-01-22T03:00:00Z,2026-01-22,2026-01-22_16,1.0769942265157264,53,100,0,130.31978232049676,143.9999999999999,0.03864066924649006,0.0,15.158285714285716,True,True,True,False,34.19725917744061,0.0,30.1707187849532,15.452993465591335,0.0,1229.641231754255,1309.46220318224
2026-01-22T03:00:00Z,2026-01-22T03:15:00Z,2026-01-22,2026-01-22_17,0.0,0,0,100,143.9999999999999,143.9999999999999,0.0,0.0,0.0,True,False,True,False,0.0,1022.8409960558075,0.0,0.0,0.0,0.0,1022.8409960558075
2026-01-22T03:15:00Z,2026-01-22T03:30:00Z,2026-01-22,2026-01-22_18,0.0,0,0,100,143.9999999999999,143.9999999999999,0.0,0.0,0.0,True,False,True,False,0.0,1022.8409960558075,0.0,0.0,0.0,0.0,1022.8409960558075
2026-01-22T03:30:00Z,2026-01-22T03:45:00Z,2026-01-22,2026-01-22_19,0.0,0,0,100,143.9999999999999,143.9999999999999,0.0,0.0,0.0,True,False,True,False,0.0,1022.8409960558075,0.0,0.0,0.0,0.0,1022.8409960558075
2026-01-22T03:45:00Z,2026-01-22T04:00:00Z,2026-01-22,2026-01-22_20,0.0,0,0,100,143.9999999999999,143.9999999999999,0.0,0.0,0.0,True,False,True,False,0.0,1022.8409960558075,0.0,0.0,0.0,0.0,1022.8409960558075
2026-01-22T04:00:00Z,2026-01-22T04:15:00Z,2026-01-22,2026-01-22_21,-100.0,100,0,0,143.9999999999999,160.36495999999988,0.04545822222222222,7.212000000000001,0.0,True,True,True,False,-3311.9999999999995,0.0,56.95531877317949,0.0,2341.3406110555134,0.0,-913.7040701713067
2026-01-22T04:15:00Z,2026-01-22T04:30:00Z,2026-01-22,2026-01-22_22,-99.99999999999994,100,0,0,160.36495999999988,174.42255999999986,0.03904888888888888,9.72,0.0,True,True,True,False,-3570.999999999998,0.0,56.95531877317949,0.0,2221.567692941662,0.0,-1292.476988285157
2026-01-22T04:30:00Z,2026-01-22T04:45:00Z,2026-01-22,2026-01-22_23,-100.0,100,0,0,174.42255999999986,184.47526857142844,0.02792419047619048,14.073142857142857,0.0,True,True,True,False,-3586.9999999999995,0.0,56.95531877317949,0.0,4996.991630686772,0.0,1466.9469494599516
2026-01-22T04:45:00Z,2026-01-22T05:00:00Z,2026-01-22,2026-01-22_24,-8.046091071103739,100,0,0,184.47526857142844,177.31686409937876,0.026714408092814692,8.392,0.0,True,True,True,False,-308.68828394289494,0.0,56.95531877317949,0.0,2047.8070759992936,0.0,1796.074110829578
2026-01-22T05:00:00Z,2026-01-22T05:15:00Z,2026-01-22,2026-01-22_25,0.0,15,100,0,177.31686409937876,189.4145209937887,0.03366930227743271,0.010714285714285714,13.162285714285712,True,True,True,False,0.0,0.0,14.221169129334196,15.452993465591335,2.472008006122329,2831.9202300919183,2864.066400692966
2026-01-22T05:15:00Z,2026-01-22T05:30:00Z,2026-01-22,2026-01-22_26,0.0,15,100,0,189.4145209937887,189.94532571428562,0.0015308757763975156,0.009342857142857142,0.588,True,True,True,False,0.0,0.0,14.221169129334196,15.452993465591335,1.1622333885576366,-43.93633013480897,-13.099934151325801
2026-01-22T05:30:00Z,2026-01-22T05:45:00Z,2026-01-22,2026-01-22_27,0.0,15,100,0,189.94532571428562,189.98024844720487,0.0002067384403036577,0.01817142857142857,0.05942857142857143,True,True,True,False,0.0,0.0,14.221169129334196,15.452993465591335,2.623855015179675,-4.74626254811102,27.551755061994186
2026-01-22T05:45:00Z,2026-01-22T06:00:00Z,2026-01-22,2026-01-22_28,84.76695370264349,15,100,0,189.98024844720487,166.99999999999986,0.06388741166481479,0.017057142857142858,0.06857142857142857,True,True,True,False,7169.165109401073,0.0,14.221169129334196,15.452993465591335,2.356423483504192,-5.476456786281947,7195.719238693221
2026-01-22T06:00:00Z,2026-01-22T06:15:00Z,2026-01-22,2026-01-22_29,-100.0,0,0,0,166.99999999999986,189.99999999999983,0.06388888888888888,0.0,0.0,True,True,True,False,-4855.0,0.0,0.0,0.0,0.0,0.0,-4855.0
2026-01-22T06:15:00Z,2026-01-22T06:30:00Z,2026-01-22,2026-01-22_30,0.0,0,0,0,189.99999999999983,189.99999999999983,0.0,0.0,0.0,True,True,True,False,0.0,0.0,0.0,0.0,0.0,0.0,0.0
2026-01-22T06:30:00Z,2026-01-22T06:45:00Z,2026-01-22,2026-01-22_31,100.0,0,0,0,189.99999999999983,162.82608695652158,0.07548309178743962,0.0,0.0,True,True,True,False,10200.5,0.0,0.0,0.0,0.0,0.0,10200.5
2026-01-22T06:45:00Z,2026-01-22T07:00:00Z,2026-01-22,2026-01-22_32,100.0,0,0,0,162.82608695652158,135.65217391304333,0.0754830917874396,0.0,0.0,True,True,True,False,11250.0,0.0,0.0,0.0,0.0,0.0,11250.0
2026-01-22T07:00:00Z,2026-01-22T07:15:00Z,2026-01-22,2026-01-22_33,59.0,0,59,41,135.65217391304333,120.14580124223588,0.04307325741890959,0.0,0.4841371428571428,True,True,True,False,6018.295,419.36480838288105,0.0,1.5282274680638135,0.0,-38.61383457938423,6400.574201271561
2026-01-22T07:15:00Z,2026-01-22T07:30:00Z,2026-01-22,2026-01-22_34,59.0,0,59,41,120.14580124223588,104.4144223602483,0.04369827467218772,0.0,0.2771314285714286,True,True,True,False,6018.295,419.36480838288105,0.0,1.5282274680638135,0.0,-21.915630157515412,6417.272405693429
2026-01-22T07:30:00Z,2026-01-22T07:45:00Z,2026-01-22,2026-01-22_35,59.0,0,59,41,104.4144223602483,88.62587577639736,0.04385707384403037,0.0,0.22453714285714288,True,True,True,False,5919.9125,419.36480838288105,0.0,1.5282274680638135,0.0,-16.22707253445913,6324.578463316486
2026-01-22T07:45:00Z,2026-01-22T08:00:00Z,2026-01-22,2026-01-22_36,0.0,0,59,41,88.62587577639736,88.62804697639737,6.031111111111112e-06,0.0,0.00236,True,True,True,False,0.0,419.36480838288105,0.0,1.5282274680638135,0.0,-0.2315496163733051,420.66148623457156
2026-01-22T08:00:00Z,2026-01-22T08:15:00Z,2026-01-22,2026-01-22_37,29.980742887819787,0,0,70,88.62804697639737,80.48110597427242,0.022630391672569285,0.0,0.0,True,False,True,False,2943.3594330117076,715.9886972390652,0.0,0.0,0.0,0.0,3659.3481302507726
2026-01-22T08:15:00Z,2026-01-22T08:30:00Z,2026-01-22,2026-01-22_38,30.000000000000032,0,0,70,80.48110597427242,72.32893206122894,0.02264492753623191,0.0,0.0,True,False,True,False,3375.0000000000036,715.9886972390652,0.0,0.0,0.0,0.0,4090.9886972390686
2026-01-22T08:30:00Z,2026-01-22T08:45:00Z,2026-01-22,2026-01-22_39,30.0,0,0,70,72.32893206122894,64.17675814818546,0.022644927536231884,0.0,0.0,True,False,True,False,2945.25,715.9886972390652,0.0,0.0,0.0,0.0,3661.238697239065
2026-01-22T08:45:00Z,2026-01-22T09:00:00Z,2026-01-22,2026-01-22_40,-3.572021905315721e-14,0,0,70,64.17675814818546,64.17675814818547,2.2821251061739328e-17,0.0,0.0,True,False,True,False,-2.9953189687024983e-12,715.9886972390652,0.0,0.0,0.0,0.0,715.9886972390623
2026-01-22T09:00:00Z,2026-01-22T09:15:00Z,2026-01-22,2026-01-22_41,100.0,0,100,0,64.17675814818547,37.01402522893082,0.07545203588681848,0.0,0.010285714285714285,True,True,True,False,9966.0,0.0,0.0,15.452993465591335,0.0,-1.412845116854065,9980.040148348737
2026-01-22T09:15:00Z,2026-01-22T09:30:00Z,2026-01-22,2026-01-22_42,100.0,0,100,0,37.01402522893082,10.011540756881132,0.07500690131124912,0.0,0.15771428571428572,True,True,True,False,9817.5,0.0,0.0,15.452993465591335,0.0,-16.73796668040266,9816.215026785188
2026-01-22T09:30:00Z,2026-01-22T09:45:00Z,2026-01-22,2026-01-22_43,0.0,0,100,0,10.011540756881132,11.26379218545256,0.003478476190476191,0.0,1.3611428571428572,True,True,True,False,0.0,0.0,0.0,15.452993465591335,0.0,-141.916924707129,-126.46393124153767
2026-01-22T09:45:00Z,2026-01-22T10:00:00Z,2026-01-22,2026-01-22_44,0.0,0,100,0,11.26379218545256,15.280775042595419,0.011158285714285716,0.0,4.3662857142857145,True,True,True,False,0.0,0.0,0.0,15.452993465591335,0.0,-267.69621374328267,-252.24322027769134
2026-01-22T10:00:00Z,2026-01-22T10:15:00Z,2026-01-22,2026-01-22_45,-100.0,100,0,0,15.280775042595419,38.27919789973828,0.06388450793650793,0.0017142857142857142,0.0,True,True,True,False,-5098.0,0.0,62.78330488020251,0.0,0.23547418614234417,0.0,-5034.981220933655
2026-01-22T10:15:00Z,2026-01-22T10:30:00Z,2026-01-22,2026-01-22_46,-100.0,100,0,0,38.27919789973828,61.20191789973828,0.06367422222222222,0.08399999999999999,0.0,True,True,True,False,-5500.5,0.0,62.78330488020251,0.0,11.87462412433037,0.0,-5425.842070995467
2026-01-22T10:30:00Z,2026-01-22T10:45:00Z,2026-01-22,2026-01-22_47,-100.0,100,0,0,61.20191789973828,83.94221504259542,0.06316749206349208,0.2822857142857143,0.0,True,True,True,False,-6053.75,0.0,62.78330488020251,0.0,64.65279544301384,0.0,-5926.313899676784
2026-01-22T10:45:00Z,2026-01-22T11:00:00Z,2026-01-22,2026-01-22_48,-100.0,100,0,0,83.94221504259542,104.383563614024,0.056781523809523816,2.781142857142857,0.0,True,True,True,False,-5631.0,0.0,62.78330488020251,0.0,836.8592617884265,0.0,-4731.357433331371
2026-01-22T11:00:00Z,2026-01-22T11:15:00Z,2026-01-22,2026-01-22_49,-63.0,63,0,37,104.383563614024,116.615442014024,0.033977440000000005,2.4544799999999998,0.0,True,True,True,False,-3970.1025,378.4511685406488,39.55348207452757,0.0,770.9844329899335,0.0,-2781.11341639489
2026-01-22T11:15:00Z,2026-01-22T11:30:00Z,2026-01-22,2026-01-22_50,-63.0,63,0,37,116.615442014024,130.438736414024,0.03839804,0.72468,0.0,True,True,True,False,-4080.3525,378.4511685406488,39.55348207452757,0.0,176.2948593159475,0.0,-3486.052990068876
2026-01-22T11:30:00Z,2026-01-22T11:45:00Z,2026-01-22,2026-01-22_51,-63.0,63,0,37,130.438736414024,142.57887241402398,0.0337226,2.5542000000000002,0.0,True,True,True,False,-3930.4125000000004,378.4511685406488,39.55348207452757,0.0,826.5586871136752,0.0,-2685.849162271149
2026-01-22T11:45:00Z,2026-01-22T12:00:00Z,2026-01-22,2026-01-22_52,-63.0,63,0,37,142.57887241402398,155.909672414024,0.03703,1.26,0.0,True,True,True,False,-3807.09,378.4511685406488,39.55348207452757,0.0,348.8798846176489,0.0,-3040.205464767175
2026-01-22T12:00:00Z,2026-01-22T12:15:00Z,2026-01-22,2026-01-22_53,-100.0,100,0,0,155.909672414024,165.91769527116685,0.02780006349206349,14.121714285714287,0.0,True,True,True,False,-7500.0,0.0,62.78330488020251,0.0,8461.317976155437,0.0,1024.101281035639
2026-01-22T12:15:00Z,2026-01-22T12:30:00Z,2026-01-22,2026-01-22_54,-100.0,100,0,0,165.91769527116685,170.24379812830972,0.012016952380952382,20.297714285714285,0.0,True,True,True,False,-7500.0,0.0,62.78330488020251,0.0,14085.389343223247,0.0,6648.172648103449
2026-01-22T12:30:00Z,2026-01-22T12:45:00Z,2026-01-22,2026-01-22_55,-100.0,100,0,0,170.24379812830972,179.09577527116687,0.0245888253968254,15.378285714285713,0.0,True,True,True,False,-7500.0,0.0,62.78330488020251,0.0,6034.319694332081,0.0,-1402.8970007877167
2026-01-22T12:45:00Z,2026-01-22T13:00:00Z,2026-01-22,2026-01-22_56,-100.0,100,0,0,179.09577527116687,189.9491466997383,0.030148253968253966,13.202857142857145,0.0,True,True,True,False,-7854.000000000001,0.0,62.78330488020251,0.0,6195.723303254311,0.0,-1595.4933918654876
2026-01-22T13:00:00Z,2026-01-22T13:15:00Z,2026-01-22,2026-01-22_57,-46.999999999999886,100,53,0,189.9491466997383,189.98912596930347,0.034339762981366456,10.694857142857144,0.016960000000000003,True,True,True,False,-3563.304999999991,0.0,84.7707070112439,8.190086536763408,7896.381066305607,-2.3296246149015922,4423.707235238722
2026-01-22T13:15:00Z,2026-01-22T13:30:00Z,2026-01-22,2026-01-22_58,-0.0366603086958714,100,53,0,189.98912596930347,186.95518014409924,0.008529576914889956,2.809142857142857,0.011811428571428572,True,True,True,False,-3.5991258062171743,0.0,84.7707070112439,8.190086536763408,1404.561506362008,-1.6224171425207514,1492.3007569612773
2026-01-22T13:30:00Z,2026-01-22T13:45:00Z,2026-01-22,2026-01-22_59,0.0,100,53,0,186.95518014409924,187.46367565714272,0.0020750134161490684,0.10971428571428571,0.6823371428571429,True,True,True,False,0.0,0.0,84.7707070112439,8.190086536763408,18.51108057422062,-122.67849030098647,-11.206616178758539
2026-01-22T13:45:00Z,2026-01-22T14:00:00Z,2026-01-22,2026-01-22_60,0.0,100,53,0,187.46367565714272,188.83424959999985,0.0038071498412698412,0.0,1.4897542857142856,True,True,True,False,0.0,0.0,84.7707070112439,8.190086536763408,0.0,-216.0914009716113,-123.130607423604
2026-01-22T14:00:00Z,2026-01-22T14:15:00Z,2026-01-22,2026-01-22_61,0.0,27,98,2,188.83424959999985,188.93795652173898,0.0010772052173913045,0.13068,0.26712,True,True,True,False,0.0,20.45681992111615,25.168952728557134,15.143933596279508,43.847408300465055,-48.44631438158592,56.170800164831924
2026-01-22T14:15:00Z,2026-01-22T14:30:00Z,2026-01-22,2026-01-22_62,71.0,27,98,2,188.93795652173898,168.07713664596258,0.05794672187715666,1.4419542857142857,0.0,True,True,True,False,8287.83,20.45681992111615,25.168952728557134,15.143933596279508,568.8519701956959,0.0,8917.45167644165
2026-01-22T14:30:00Z,2026-01-22T14:45:00Z,2026-01-22,2026-01-22_63,71.0,27,98,2,168.07713664596258,145.92853416149055,0.06152389579020014,2.626714285714286,0.0,True,True,True,False,8431.25,20.45681992111615,25.168952728557134,15.143933596279508,1614.4182576592184,0.0,10106.437963905171
2026-01-22T14:45:00Z,2026-01-22T15:00:00Z,2026-01-22,2026-01-22_64,71.0,27,98,2,145.92853416149055,126.09891304347812,0.055082280883367835,0.49325142857142856,0.0,True,True,True,False,8431.4275,20.45681992111615,25.168952728557134,15.143933596279508,182.75352104550538,0.0,8674.950727291458
2026-01-22T15:00:00Z,2026-01-22T15:15:00Z,2026-01-22,2026-01-22_65,-100.0,0,0,0,126.09891304347812,149.09891304347812,0.0638888888888889,0.0,0.0,True,True,True,False,-7174.75,0.0,0.0,0.0,0.0,0.0,-7174.75
2026-01-22T15:15:00Z,2026-01-22T15:30:00Z,2026-01-22,2026-01-22_66,-0.2641609505809089,0,0,0,149.09891304347812,149.15967006211173,0.00016876949620446959,0.0,0.0,True,True,True,False,-25.93400132328073,0.0,0.0,0.0,0.0,0.0,-25.93400132328073
2026-01-22T15:30:00Z,2026-01-22T15:45:00Z,2026-01-22,2026-01-22_67,100.0,0,0,0,149.15967006211173,121.98575701863346,0.07548309178743962,0.0,0.0,True,True,True,False,13119.0,0.0,0.0,0.0,0.0,0.0,13119.0
2026-01-22T15:45:00Z,2026-01-22T16:00:00Z,2026-01-22,2026-01-22_68,100.0,0,0,0,121.98575701863346,94.8118439751552,0.07548309178743962,0.0,0.0,True,True,True,False,12501.0,0.0,0.0,0.0,0.0,0.0,12501.0
2026-01-22T16:00:00Z,2026-01-22T16:15:00Z,2026-01-22,2026-01-22_69,0.0,0,0,100,94.8118439751552,94.8118439751552,0.0,0.0,0.0,True,True,True,False,0.0,1022.8409960558075,0.0,0.0,0.0,0.0,1022.8409960558075
2026-01-22T16:15:00Z,2026-01-22T16:30:00Z,2026-01-22,2026-01-22_70,0.0,0,0,100,94.8118439751552,94.8118439751552,0.0,0.0,0.0,True,True,True,False,0.0,1022.8409960558075,0.0,0.0,0.0,0.0,1022.8409960558075
2026-01-22T16:30:00Z,2026-01-22T16:45:00Z,2026-01-22,2026-01-22_71,0.0,0,0,100,94.8118439751552,94.8118439751552,0.0,0.0,0.0,True,True,True,False,0.0,1022.8409960558075,0.0,0.0,0.0,0.0,1022.8409960558075
2026-01-22T16:45:00Z,2026-01-22T17:00:00Z,2026-01-22,2026-01-22_72,0.0,0,0,100,94.8118439751552,94.8118439751552,0.0,0.0,0.0,True,True,True,False,0.0,1022.8409960558075,0.0,0.0,0.0,0.0,1022.8409960558075
2026-01-22T17:00:00Z,2026-01-22T17:15:00Z,2026-01-22,2026-01-22_73,100.0,0,100,0,94.8118439751552,78.33047751552786,0.045781573498964806,0.0,9.837142857142856,True,True,True,False,11571.0,0.0,0.0,5.680814740684053,0.0,-508.1896453029908,11068.491169437693
2026-01-22T17:15:00Z,2026-01-22T17:30:00Z,2026-01-22,2026-01-22_74,100.0,0,100,0,78.33047751552786,58.85842782608687,0.05408902691511387,0.0,7.085714285714285,True,True,True,False,11673.0,0.0,0.0,5.680814740684053,0.0,-436.0006391442195,11242.680175596464
2026-01-22T17:30:00Z,2026-01-22T17:45:00Z,2026-01-22,2026-01-22_75,0.0,0,100,0,58.85842782608687,63.13090782608687,0.011868000000000002,0.0,4.644,True,True,True,False,0.0,0.0,0.0,5.680814740684053,0.0,-328.7296968269854,-323.0488820863013
2026-01-22T17:45:00Z,2026-01-22T18:00:00Z,2026-01-22,2026-01-22_76,0.0,0,100,0,63.13090782608687,63.80434782608687,0.0018706666666666665,0.0,0.7319999999999999,True,True,True,False,0.0,0.0,0.0,5.680814740684053,0.0,-58.40616235945134,-52.72534761876729
2026-01-22T18:00:00Z,2026-01-22T18:15:00Z,2026-01-22,2026-01-22_77,0.0,0,0,98,63.80434782608687,63.80434782608687,0.0,0.0,0.0,True,True,True,False,0.0,1002.3841761346913,0.0,0.0,0.0,0.0,1002.3841761346913
2026-01-22T18:15:00Z,2026-01-22T18:30:00Z,2026-01-22,2026-01-22_78,2.0,0,0,98,63.80434782608687,63.260869565217305,0.0015096618357487923,0.0,0.0,True,True,True,False,233.46,1002.3841761346913,0.0,0.0,0.0,0.0,1235.8441761346912
2026-01-22T18:30:00Z,2026-01-22T18:45:00Z,2026-01-22,2026-01-22_79,-3.089316242435218e-14,0,0,98,63.260869565217305,63.26086956521731,1.973729821555834e-17,0.0,0.0,True,True,True,False,-3.0329362210107753e-12,1002.3841761346913,0.0,0.0,0.0,0.0,1002.3841761346882
2026-01-22T18:45:00Z,2026-01-22T19:00:00Z,2026-01-22,2026-01-22_80,-2.0,0,0,98,63.26086956521731,63.720869565217306,0.0012777777777777779,0.0,0.0,True,True,True,False,-147.265,1002.3841761346913,0.0,0.0,0.0,0.0,855.1191761346913
2026-01-22T19:00:00Z,2026-01-22T19:15:00Z,2026-01-22,2026-01-22_81,100.0,0,100,0,63.720869565217306,36.87739130434774,0.07456521739130435,0.0,0.304,True,True,True,False,11673.0,0.0,0.0,15.452993465591335,0.0,-24.239945056023235,11664.213048409569
2026-01-22T19:15:00Z,2026-01-22T19:30:00Z,2026-01-22,2026-01-22_82,100.0,0,100,0,36.87739130434774,10.281118012422276,0.07387853692201518,0.0,0.5314285714285715,True,True,True,False,11673.0,0.0,0.0,15.452993465591335,0.0,-42.44931838632904,11646.003675079262
2026-01-22T19:30:00Z,2026-01-22T19:45:00Z,2026-01-22,2026-01-22_83,0.0,0,100,0,10.281118012422276,10.521895155279418,0.0006688253968253969,0.0,0.26171428571428573,True,True,True,False,0.0,0.0,0.0,15.452993465591335,0.0,-20.91167038099163,-5.458676915400295
2026-01-22T19:45:00Z,2026-01-22T20:00:00Z,2026-01-22,2026-01-22_84,-3.8616453030440225e-15,0,100,0,10.521895155279418,16.959266583850848,0.017881587301587305,0.0,6.997142857142857,True,True,True,False,-2.3930615942963807e-13,0.0,0.0,15.452993465591335,0.0,-397.64163800329106,-382.1886445377
2026-01-22T20:00:00Z,2026-01-22T20:15:00Z,2026-01-22,2026-01-22_85,38.44579917765418,61,100,0,16.959266583850848,9.999999999999918,0.030481087216099365,0.0,3.544,True,True,True,False,3774.416334266199,0.0,50.93807028904457,15.452993465591335,0.0,-255.8354773257982,3584.9719206950367
2026-01-22T20:15:00Z,2026-01-22T20:30:00Z,2026-01-22,2026-01-22_86,5.36956568782637,61,100,0,9.999999999999918,9.999999999999938,0.007608767581222196,0.0020914285714285713,1.5731428571428574,True,True,True,False,454.2115615332326,0.0,50.93807028904457,15.452993465591335,0.2872785070936599,-125.59428526576347,395.2956185291987
2026-01-22T20:30:00Z,2026-01-22T20:45:00Z,2026-01-22,2026-01-22_87,0.0,61,100,0,9.999999999999938,13.198739378881926,0.008889596963423053,0.0006971428571428572,3.477714285714286,True,True,True,False,0.0,0.0,50.93807028904457,15.452993465591335,0.0957595023645533,-218.98319488011845,-152.496371623118
2026-01-22T20:45:00Z,2026-01-22T21:00:00Z,2026-01-22,2026-01-22_88,0.0,61,100,0,13.198739378881926,23.762967950310497,0.029345079365079366,0.0,11.482857142857142,True,True,True,False,0.0,0.0,50.93807028904457,15.452993465591335,0.0,-596.3329980629445,-529.9419343083086
2026-01-22T21:00:00Z,2026-01-22T21:15:00Z,2026-01-22,2026-01-22_89,0.0,100,100,0,23.762967950310497,26.76637565217385,0.008380756383712905,0.006285714285714285,3.272,True,True,True,False,0.0,0.0,83.5050332607288,15.452993465591335,0.8634053491885952,-206.62698298699004,-106.80555091148132
2026-01-22T21:15:00Z,2026-01-22T21:30:00Z,2026-01-22,2026-01-22_90,0.0,100,100,0,26.76637565217385,27.273847950310497,0.0016891483781918564,0.04628571428571429,0.6062857142857142,True,True,True,False,0.0,0.0,83.5050332607288,15.452993465591335,7.7033684582327675,-44.733870775130555,61.92752440942234
2026-01-22T21:30:00Z,2026-01-22T21:45:00Z,2026-01-22,2026-01-22_91,0.0,100,100,0,27.273847950310497,32.81813118012416,0.01640492753623189,0.1662857142857143,6.222857142857143,True,True,True,False,0.0,0.0,83.5050332607288,15.452993465591335,33.493384016348635,-322.7311137088026,-190.2797029661338
2026-01-22T21:45:00Z,2026-01-22T22:00:00Z,2026-01-22,2026-01-22_92,0.0,100,100,0,32.81813118012416,47.13648546583845,0.03977320634920635,0.0,15.563428571428572,True,True,True,False,0.0,0.0,83.5050332607288,15.452993465591335,0.0,2253.4675504797788,2352.4255772060988
2026-01-22T22:00:00Z,2026-01-22T22:15:00Z,2026-01-23,2026-01-22_93,0.0,100,100,0,47.13648546583845,60.95646260869559,0.03838882539682539,0.0,15.021714285714285,True,True,True,False,0.0,0.0,92.26283964190355,12.692398303753729,0.0,1584.4965334649642,1689.4517714106214
2026-01-22T22:15:00Z,2026-01-22T22:30:00Z,2026-01-23,2026-01-22_94,0.0,100,100,0,60.95646260869559,63.384736894409876,0.006745206349206349,0.0,2.6394285714285712,True,True,True,False,0.0,0.0,92.26283964190355,12.692398303753729,0.0,-99.28637348829903,5.668864457358248
2026-01-22T22:30:00Z,2026-01-22T22:45:00Z,2026-01-23,2026-01-22_95,0.0,100,100,0,63.384736894409876,70.12123975155274,0.018712507936507937,0.0,7.322285714285714,True,True,True,False,0.0,0.0,92.26283964190355,12.692398303753729,0.0,-38.2142926697929,66.74094527586439
2026-01-22T22:45:00Z,2026-01-22T23:00:00Z,2026-01-23,2026-01-22_96,0.0,100,100,0,70.12123975155274,89.71250832298131,0.054420190476190476,0.0,21.294857142857143,True,True,True,False,0.0,0.0,92.26283964190355,12.692398303753729,0.0,3557.231134645157,3662.1863725908142
2026-01-22T23:00:00Z,2026-01-22T23:15:00Z,2026-01-23,2026-01-23_1,0.0,0,0,100,89.71250832298131,89.71250832298131,0.0,0.0,0.0,True,True,True,False,0.0,1023.343018690121,0.0,0.0,0.0,0.0,1023.343018690121
2026-01-22T23:15:00Z,2026-01-22T23:30:00Z,2026-01-23,2026-01-23_2,0.0,0,0,100,89.71250832298131,89.71250832298131,0.0,0.0,0.0,True,True,True,False,0.0,1023.343018690121,0.0,0.0,0.0,0.0,1023.343018690121
2026-01-22T23:30:00Z,2026-01-22T23:45:00Z,2026-01-23,2026-01-23_3,0.0,0,0,100,89.71250832298131,89.71250832298131,0.0,0.0,0.0,True,True,True,False,0.0,1023.343018690121,0.0,0.0,0.0,0.0,1023.343018690121
2026-01-22T23:45:00Z,2026-01-23T00:00:00Z,2026-01-23,2026-01-23_4,0.0,0,0,100,89.71250832298131,89.71250832298131,0.0,0.0,0.0,True,True,True,False,0.0,1023.343018690121,0.0,0.0,0.0,0.0,1023.343018690121
2026-01-23T00:00:00Z,2026-01-23T00:15:00Z,2026-01-23,2026-01-23_5,0.0,0,0,100,89.71250832298131,89.71250832298131,0.0,0.0,0.0,True,True,True,False,0.0,1023.343018690121,0.0,0.0,0.0,0.0,1023.343018690121
2026-01-23T00:15:00Z,2026-01-23T00:30:00Z,2026-01-23,2026-01-23_6,0.0,0,0,100,89.71250832298131,89.71250832298131,0.0,0.0,0.0,True,True,True,False,0.0,1023.343018690121,0.0,0.0,0.0,0.0,1023.343018690121
2026-01-23T00:30:00Z,2026-01-23T00:45:00Z,2026-01-23,2026-01-23_7,0.0,0,0,100,89.71250832298131,89.71250832298131,0.0,0.0,0.0,True,True,True,False,0.0,1023.343018690121,0.0,0.0,0.0,0.0,1023.343018690121
2026-01-23T00:45:00Z,2026-01-23T01:00:00Z,2026-01-23,2026-01-23_8,0.0,0,0,100,89.71250832298131,89.71250832298131,0.0,0.0,0.0,True,True,True,False,0.0,1023.343018690121,0.0,0.0,0.0,0.0,1023.343018690121
2026-01-23T01:00:00Z,2026-01-23T01:15:00Z,2026-01-23,2026-01-23_9,0.0,100,100,0,89.71250832298131,99.97655403726702,0.0285112380952381,0.0,11.15657142857143,True,True,True,False,0.0,0.0,54.68627297000157,13.487513742735981,0.0,463.9890493392268,532.1628360519644
2026-01-23T01:15:00Z,2026-01-23T01:30:00Z,2026-01-23,2026-01-23_10,0.0,100,100,0,99.97655403726702,111.54279403726702,0.032128444444444446,0.0,12.572,True,True,True,False,0.0,0.0,54.68627297000157,13.487513742735981,0.0,270.2279032511386,338.40168996387615
2026-01-23T01:30:00Z,2026-01-23T01:45:00Z,2026-01-23,2026-01-23_11,0.0,100,100,0,111.54279403726702,114.05517565217384,0.007758685990338164,0.12914285714285714,2.8834285714285715,True,True,True,False,0.0,0.0,54.68627297000157,13.487513742735981,21.155408243397876,-82.71629091969754,6.612904036437882
2026-01-23T01:45:00Z,2026-01-23T02:00:00Z,2026-01-23,2026-01-23_12,0.0,100,100,0,114.05517565217384,112.72738931677011,0.007733374741200828,1.8914285714285712,0.7914285714285714,True,True,True,False,0.0,0.0,54.68627297000157,13.487513742735981,351.84002557831667,-44.68861652718256,375.32519576387165
2026-01-23T02:00:00Z,2026-01-23T02:15:00Z,2026-01-23,2026-01-23_13,-7.0,7,0,93,112.72738931677011,114.33738931677011,0.004472222222222222,0.0,0.0,True,True,True,False,-245.385,951.7090073818124,3.82803910790011,0.0,0.0,0.0,710.1520464897125
2026-01-23T02:15:00Z,2026-01-23T02:30:00Z,2026-01-23,2026-01-23_14,-7.0,7,0,93,114.33738931677011,115.94716851677012,0.004471608888888889,0.00023999999999999998,0.0,True,True,True,False,-240.92249999999999,951.7090073818124,3.82803910790011,0.0,0.029841353855819062,0.0,714.6443878435683
2026-01-23T02:30:00Z,2026-01-23T02:45:00Z,2026-01-23,2026-01-23_15,-7.0,7,0,93,115.94716851677012,117.55716851677012,0.004472222222222222,0.0,0.0,True,True,True,False,-243.21499999999997,951.7090073818124,3.82803910790011,0.0,0.0,0.0,712.3220464897125
2026-01-23T02:45:00Z,2026-01-23T03:00:00Z,2026-01-23,2026-01-23_16,-7.0,7,0,93,117.55716851677012,119.16577011677012,0.004468337777777777,0.0015199999999999999,0.0,True,True,True,False,-240.31,951.7090073818124,3.82803910790011,0.0,0.18375987121093135,0.0,715.4108063609234
2026-01-23T03:00:00Z,2026-01-23T03:15:00Z,2026-01-23,2026-01-23_17,0.0,0,0,100,119.16577011677012,119.16577011677012,0.0,0.0,0.0,True,True,True,False,0.0,1023.343018690121,0.0,0.0,0.0,0.0,1023.343018690121
2026-01-23T03:15:00Z,2026-01-23T03:30:00Z,2026-01-23,2026-01-23_18,0.0,0,0,100,119.16577011677012,119.16577011677012,0.0,0.0,0.0,True,True,True,False,0.0,1023.343018690121,0.0,0.0,0.0,0.0,1023.343018690121
2026-01-23T03:30:00Z,2026-01-23T03:45:00Z,2026-01-23,2026-01-23_19,0.0,0,0,100,119.16577011677012,119.16577011677012,0.0,0.0,0.0,True,True,True,False,0.0,1023.343018690121,0.0,0.0,0.0,0.0,1023.343018690121
2026-01-23T03:45:00Z,2026-01-23T04:00:00Z,2026-01-23,2026-01-23_20,0.0,0,0,100,119.16577011677012,119.16577011677012,0.0,0.0,0.0,True,True,True,False,0.0,1023.343018690121,0.0,0.0,0.0,0.0,1023.343018690121
2026-01-23T04:00:00Z,2026-01-23T04:15:00Z,2026-01-23,2026-01-23_21,-100.0,100,0,0,119.16577011677012,138.962592973913,0.054991174603174604,3.4817142857142858,0.0,True,True,True,False,-3579.9999999999995,0.0,54.715721689963864,0.0,821.4544895555206,0.0,-2703.829788754515
2026-01-23T04:15:00Z,2026-01-23T04:30:00Z,2026-01-23,2026-01-23_22,-100.0,100,0,0,138.962592973913,158.82618154534157,0.055176634920634925,3.4091428571428573,0.0,True,True,True,False,-3636.2499999999995,0.0,54.715721689963864,0.0,748.6052307657789,0.0,-2832.9290475442567
2026-01-23T04:30:00Z,2026-01-23T04:45:00Z,2026-01-23,2026-01-23_23,-98.34480668316418,100,0,0,158.82618154534157,177.9975155279502,0.053627180631428135,3.7365714285714287,0.0,True,True,True,False,-4439.776297711447,0.0,54.715721689963864,0.0,910.1716099755434,0.0,-3474.88896604594
2026-01-23T04:45:00Z,2026-01-23T05:00:00Z,2026-01-23,2026-01-23_24,0.0,100,0,0,177.9975155279502,166.99999999999991,0.030548654244306413,10.117714285714285,0.0,True,True,True,False,0.0,0.0,54.715721689963864,0.0,5087.901672911665,0.0,5142.617394601629
2026-01-23T05:00:00Z,2026-01-23T05:15:00Z,2026-01-23,2026-01-23_25,-100.0,0,0,0,166.99999999999991,189.99999999999991,0.0638888888888889,0.0,0.0,True,True,True,False,-3715.5,0.0,0.0,0.0,0.0,0.0,-3715.5
2026-01-23T05:15:00Z,2026-01-23T05:30:00Z,2026-01-23,2026-01-23_26,0.0,0,0,0,189.99999999999991,189.99999999999991,0.0,0.0,0.0,True,True,True,False,0.0,0.0,0.0,0.0,0.0,0.0,0.0
2026-01-23T05:30:00Z,2026-01-23T05:45:00Z,2026-01-23,2026-01-23_27,0.0,0,0,0,189.99999999999991,189.99999999999991,0.0,0.0,0.0,True,True,True,False,0.0,0.0,0.0,0.0,0.0,0.0,0.0
2026-01-23T05:45:00Z,2026-01-23T06:00:00Z,2026-01-23,2026-01-23_28,100.0,0,0,0,189.99999999999991,162.82608695652164,0.07548309178743962,0.0,0.0,True,True,True,False,11651.5,0.0,0.0,0.0,0.0,0.0,11651.5
2026-01-23T06:00:00Z,2026-01-23T06:15:00Z,2026-01-23,2026-01-23_29,-100.0,0,0,0,162.82608695652164,185.82608695652164,0.0638888888888889,0.0,0.0,True,True,True,False,-5396.25,0.0,0.0,0.0,0.0,0.0,-5396.25
2026-01-23T06:15:00Z,2026-01-23T06:30:00Z,2026-01-23,2026-01-23_30,-17.830304898730706,0,0,0,185.82608695652164,189.92705708322967,0.011391583685300173,0.0,0.0,True,True,True,False,-1312.3995920710736,0.0,0.0,0.0,0.0,0.0,-1312.3995920710736
2026-01-23T06:30:00Z,2026-01-23T06:45:00Z,2026-01-23,2026-01-23_31,100.0,0,0,0,189.92705708322967,162.7531440397514,0.07548309178743962,0.0,0.0,True,True,True,False,10792.5,0.0,0.0,0.0,0.0,0.0,10792.5
2026-01-23T06:45:00Z,2026-01-23T07:00:00Z,2026-01-23,2026-01-23_32,100.0,0,0,0,162.7531440397514,135.5792309962731,0.07548309178743962,0.0,0.0,True,True,True,False,11779.75,0.0,0.0,0.0,0.0,0.0,11779.75
2026-01-23T07:00:00Z,2026-01-23T07:15:00Z,2026-01-23,2026-01-23_33,0.0,0,0,100,135.5792309962731,135.5792309962731,0.0,0.0,0.0,True,True,True,False,0.0,1023.343018690121,0.0,0.0,0.0,0.0,1023.343018690121
2026-01-23T07:15:00Z,2026-01-23T07:30:00Z,2026-01-23,2026-01-23_34,0.0,0,0,100,135.5792309962731,135.5792309962731,0.0,0.0,0.0,True,True,True,False,0.0,1023.343018690121,0.0,0.0,0.0,0.0,1023.343018690121
2026-01-23T07:30:00Z,2026-01-23T07:45:00Z,2026-01-23,2026-01-23_35,0.0,0,0,100,135.5792309962731,135.5792309962731,0.0,0.0,0.0,True,True,True,False,0.0,1023.343018690121,0.0,0.0,0.0,0.0,1023.343018690121
2026-01-23T07:45:00Z,2026-01-23T08:00:00Z,2026-01-23,2026-01-23_36,0.0,0,0,100,135.5792309962731,135.5792309962731,0.0,0.0,0.0,True,True,True,False,0.0,1023.343018690121,0.0,0.0,0.0,0.0,1023.343018690121
2026-01-23T08:00:00Z,2026-01-23T08:15:00Z,2026-01-23,2026-01-23_37,100.0,0,100,0,135.5792309962731,108.65190180372652,0.07479813664596273,0.0,0.22685714285714287,True,True,True,False,9811.5,0.0,0.0,2.5620386367205903,0.0,-30.617563889699113,9783.44447474702
2026-01-23T08:15:00Z,2026-01-23T08:30:00Z,2026-01-23,2026-01-23_38,100.0,0,100,0,108.65190180372652,81.49413782857124,0.07543823326432021,0.0,0.014857142857142857,True,True,True,False,9783.0,0.0,0.0,2.5620386367205903,0.0,-2.0417779173865243,9783.520260719333
2026-01-23T08:30:00Z,2026-01-23T08:45:00Z,2026-01-23,2026-01-23_39,100.0,0,100,0,81.49413782857124,57.42146702111782,0.06686853002070393,0.0,2.853142857142857,True,True,True,False,9811.5,0.0,0.0,2.5620386367205903,0.0,-189.2778197850524,9624.784218851668
2026-01-23T08:45:00Z,2026-01-23T09:00:00Z,2026-01-23,2026-01-23_40,0.0,0,100,0,57.42146702111782,63.98448416397496,0.018230603174603177,0.0,7.133714285714286,True,True,True,False,0.0,0.0,0.0,2.5620386367205903,0.0,-359.5035706432722,-356.9415320065516
2026-01-23T09:00:00Z,2026-01-23T09:15:00Z,2026-01-23,2026-01-23_41,0.0,1,0,99,63.98448416397496,63.984266772670615,6.038647342995169e-07,0.0002,0.0,True,True,True,False,0.0,1013.1095885032197,0.5845570912517669,0.0,0.027485471964818597,0.0,1013.7216310664363
2026-01-23T09:15:00Z,2026-01-23T09:30:00Z,2026-01-23,2026-01-23_42,0.0,1,0,99,63.984266772670615,63.98040962981347,1.0714285714285714e-05,0.0035485714285714287,0.0,True,True,True,False,0.0,1013.1095885032197,0.5845570912517669,0.0,0.7087013237900782,0.0,1014.4028469182615
2026-01-23T09:30:00Z,2026-01-23T09:45:00Z,2026-01-23,2026-01-23_43,-1.0000000000000242,1,0,99,63.98040962981347,64.1418354583849,0.0004484050793650949,0.07453714285714286,0.0,True,True,True,False,-76.10750000000185,1013.1095885032197,0.5845570912517669,0.0,29.169300747156093,0.0,966.7559463416258
2026-01-23T09:45:00Z,2026-01-23T10:00:00Z,2026-01-23,2026-01-23_44,-0.9999999999999987,1,0,99,64.1418354583849,64.34782608695633,0.0005721961904761899,0.026097142857142857,0.0,True,True,True,False,-50.374999999999936,1013.1095885032197,0.5845570912517669,0.0,8.37522259978909,0.0,971.6943681942606
2026-01-23T10:00:00Z,2026-01-23T10:15:00Z,2026-01-23,2026-01-23_45,0.0,0,0,100,64.34782608695633,64.34782608695633,0.0,0.0,0.0,True,True,True,False,0.0,1023.343018690121,0.0,0.0,0.0,0.0,1023.343018690121
2026-01-23T10:15:00Z,2026-01-23T10:30:00Z,2026-01-23,2026-01-23_46,0.0,0,0,100,64.34782608695633,64.34782608695633,0.0,0.0,0.0,True,True,True,False,0.0,1023.343018690121,0.0,0.0,0.0,0.0,1023.343018690121
2026-01-23T10:30:00Z,2026-01-23T10:45:00Z,2026-01-23,2026-01-23_47,0.0,0,0,100,64.34782608695633,64.34782608695633,0.0,0.0,0.0,True,True,True,False,0.0,1023.343018690121,0.0,0.0,0.0,0.0,1023.343018690121
2026-01-23T10:45:00Z,2026-01-23T11:00:00Z,2026-01-23,2026-01-23_48,6.14937534125386e-14,0,0,100,64.34782608695633,64.34782608695632,4.6417386331928283e-17,0.0,0.0,True,True,True,False,3.2757722442859312e-12,1023.343018690121,0.0,0.0,0.0,0.0,1023.3430186901243
2026-01-23T11:00:00Z,2026-01-23T11:15:00Z,2026-01-23,2026-01-23_49,0.0,0,0,100,64.34782608695632,64.34782608695632,0.0,0.0,0.0,True,True,True,False,0.0,1023.343018690121,0.0,0.0,0.0,0.0,1023.343018690121
2026-01-23T11:15:00Z,2026-01-23T11:30:00Z,2026-01-23,2026-01-23_50,0.0,0,0,100,64.34782608695632,64.34782608695632,0.0,0.0,0.0,True,True,True,False,0.0,1023.343018690121,0.0,0.0,0.0,0.0,1023.343018690121
2026-01-23T11:30:00Z,2026-01-23T11:45:00Z,2026-01-23,2026-01-23_51,0.0,0,0,100,64.34782608695632,64.34782608695632,0.0,0.0,0.0,True,True,True,False,0.0,1023.343018690121,0.0,0.0,0.0,0.0,1023.343018690121
2026-01-23T11:45:00Z,2026-01-23T12:00:00Z,2026-01-23,2026-01-23_52,0.0,0,0,100,64.34782608695632,64.34782608695632,0.0,0.0,0.0,True,True,True,False,0.0,1023.343018690121,0.0,0.0,0.0,0.0,1023.343018690121
2026-01-23T12:00:00Z,2026-01-23T12:15:00Z,2026-01-23,2026-01-23_53,0.0,0,0,100,64.34782608695632,64.34782608695632,0.0,0.0,0.0,True,True,True,False,0.0,1023.343018690121,0.0,0.0,0.0,0.0,1023.343018690121
2026-01-23T12:15:00Z,2026-01-23T12:30:00Z,2026-01-23,2026-01-23_54,0.0,0,0,100,64.34782608695632,64.34782608695632,0.0,0.0,0.0,True,True,True,False,0.0,1023.343018690121,0.0,0.0,0.0,0.0,1023.343018690121
2026-01-23T12:30:00Z,2026-01-23T12:45:00Z,2026-01-23,2026-01-23_55,0.0,0,0,100,64.34782608695632,64.34782608695632,0.0,0.0,0.0,True,True,True,False,0.0,1023.343018690121,0.0,0.0,0.0,0.0,1023.343018690121
2026-01-23T12:45:00Z,2026-01-23T13:00:00Z,2026-01-23,2026-01-23_56,0.0,0,0,100,64.34782608695632,64.34782608695632,0.0,0.0,0.0,True,True,True,False,0.0,1023.343018690121,0.0,0.0,0.0,0.0,1023.343018690121
2026-01-23T13:00:00Z,2026-01-23T13:15:00Z,2026-01-23,2026-01-23_57,0.0,0,0,100,64.34782608695632,64.34782608695632,0.0,0.0,0.0,True,True,True,False,0.0,1023.343018690121,0.0,0.0,0.0,0.0,1023.343018690121
2026-01-23T13:15:00Z,2026-01-23T13:30:00Z,2026-01-23,2026-01-23_58,0.0,0,0,100,64.34782608695632,64.34782608695632,0.0,0.0,0.0,True,True,True,False,0.0,1023.343018690121,0.0,0.0,0.0,0.0,1023.343018690121
2026-01-23T13:30:00Z,2026-01-23T13:45:00Z,2026-01-23,2026-01-23_59,0.0,0,0,100,64.34782608695632,64.34782608695632,0.0,0.0,0.0,True,True,True,False,0.0,1023.343018690121,0.0,0.0,0.0,0.0,1023.343018690121
2026-01-23T13:45:00Z,2026-01-23T14:00:00Z,2026-01-23,2026-01-23_60,0.0,0,0,100,64.34782608695632,64.34782608695632,0.0,0.0,0.0,True,True,True,False,0.0,1023.343018690121,0.0,0.0,0.0,0.0,1023.343018690121
2026-01-23T14:00:00Z,2026-01-23T14:15:00Z,2026-01-23,2026-01-23_61,0.0,0,0,100,64.34782608695632,64.34782608695632,0.0,0.0,0.0,True,True,True,False,0.0,1023.343018690121,0.0,0.0,0.0,0.0,1023.343018690121
2026-01-23T14:15:00Z,2026-01-23T14:30:00Z,2026-01-23,2026-01-23_62,0.0,0,0,100,64.34782608695632,64.34782608695632,0.0,0.0,0.0,True,True,True,False,0.0,1023.343018690121,0.0,0.0,0.0,0.0,1023.343018690121
2026-01-23T14:30:00Z,2026-01-23T14:45:00Z,2026-01-23,2026-01-23_63,0.0,0,0,100,64.34782608695632,64.34782608695632,0.0,0.0,0.0,True,True,True,False,0.0,1023.343018690121,0.0,0.0,0.0,0.0,1023.343018690121
2026-01-23T14:45:00Z,2026-01-23T15:00:00Z,2026-01-23,2026-01-23_64,0.0,0,0,100,64.34782608695632,64.34782608695632,0.0,0.0,0.0,True,True,True,False,0.0,1023.343018690121,0.0,0.0,0.0,0.0,1023.343018690121
2026-01-23T15:00:00Z,2026-01-23T15:15:00Z,2026-01-23,2026-01-23_65,0.0,0,0,100,64.34782608695632,64.34782608695632,0.0,0.0,0.0,True,True,True,False,0.0,1023.343018690121,0.0,0.0,0.0,0.0,1023.343018690121
2026-01-23T15:15:00Z,2026-01-23T15:30:00Z,2026-01-23,2026-01-23_66,0.0,0,0,100,64.34782608695632,64.34782608695632,0.0,0.0,0.0,True,True,True,False,0.0,1023.343018690121,0.0,0.0,0.0,0.0,1023.343018690121
2026-01-23T15:30:00Z,2026-01-23T15:45:00Z,2026-01-23,2026-01-23_67,0.0,0,0,100,64.34782608695632,64.34782608695632,0.0,0.0,0.0,True,True,True,False,0.0,1023.343018690121,0.0,0.0,0.0,0.0,1023.343018690121
2026-01-23T15:45:00Z,2026-01-23T16:00:00Z,2026-01-23,2026-01-23_68,0.0,0,0,100,64.34782608695632,64.34782608695632,0.0,0.0,0.0,True,True,True,False,0.0,1023.343018690121,0.0,0.0,0.0,0.0,1023.343018690121
2026-01-23T16:00:00Z,2026-01-23T16:15:00Z,2026-01-23,2026-01-23_69,0.0,0,0,100,64.34782608695632,64.34782608695632,0.0,0.0,0.0,True,True,True,False,0.0,1023.343018690121,0.0,0.0,0.0,0.0,1023.343018690121
2026-01-23T16:15:00Z,2026-01-23T16:30:00Z,2026-01-23,2026-01-23_70,0.0,0,0,100,64.34782608695632,64.34782608695632,0.0,0.0,0.0,True,True,True,False,0.0,1023.343018690121,0.0,0.0,0.0,0.0,1023.343018690121
2026-01-23T16:30:00Z,2026-01-23T16:45:00Z,2026-01-23,2026-01-23_71,0.0,0,0,100,64.34782608695632,64.34782608695632,0.0,0.0,0.0,True,True,True,False,0.0,1023.343018690121,0.0,0.0,0.0,0.0,1023.343018690121
2026-01-23T16:45:00Z,2026-01-23T17:00:00Z,2026-01-23,2026-01-23_72,0.0,0,0,100,64.34782608695632,64.34782608695632,0.0,0.0,0.0,True,True,True,False,0.0,1023.343018690121,0.0,0.0,0.0,0.0,1023.343018690121
2026-01-23T17:00:00Z,2026-01-23T17:15:00Z,2026-01-23,2026-01-23_73,0.0,0,0,100,64.34782608695632,64.34782608695632,0.0,0.0,0.0,True,True,True,False,0.0,1023.343018690121,0.0,0.0,0.0,0.0,1023.343018690121
2026-01-23T17:15:00Z,2026-01-23T17:30:00Z,2026-01-23,2026-01-23_74,0.0,0,0,100,64.34782608695632,64.34782608695632,0.0,0.0,0.0,True,True,True,False,0.0,1023.343018690121,0.0,0.0,0.0,0.0,1023.343018690121
2026-01-23T17:30:00Z,2026-01-23T17:45:00Z,2026-01-23,2026-01-23_75,0.0,0,0,100,64.34782608695632,64.34782608695632,0.0,0.0,0.0,True,True,True,False,0.0,1023.343018690121,0.0,0.0,0.0,0.0,1023.343018690121
2026-01-23T17:45:00Z,2026-01-23T18:00:00Z,2026-01-23,2026-01-23_76,0.0,0,0,100,64.34782608695632,64.34782608695632,0.0,0.0,0.0,True,True,True,False,0.0,1023.343018690121,0.0,0.0,0.0,0.0,1023.343018690121
2026-01-23T18:00:00Z,2026-01-23T18:15:00Z,2026-01-23,2026-01-23_77,0.0,0,0,100,64.34782608695632,64.34782608695632,0.0,0.0,0.0,True,True,True,False,0.0,1023.343018690121,0.0,0.0,0.0,0.0,1023.343018690121
2026-01-23T18:15:00Z,2026-01-23T18:30:00Z,2026-01-23,2026-01-23_78,0.0,0,0,100,64.34782608695632,64.34782608695632,0.0,0.0,0.0,True,True,True,False,0.0,1023.343018690121,0.0,0.0,0.0,0.0,1023.343018690121
2026-01-23T18:30:00Z,2026-01-23T18:45:00Z,2026-01-23,2026-01-23_79,0.0,0,0,100,64.34782608695632,64.34782608695632,0.0,0.0,0.0,True,True,True,False,0.0,1023.343018690121,0.0,0.0,0.0,0.0,1023.343018690121
2026-01-23T18:45:00Z,2026-01-23T19:00:00Z,2026-01-23,2026-01-23_80,0.0,0,0,100,64.34782608695632,64.34782608695632,0.0,0.0,0.0,True,True,True,False,0.0,1023.343018690121,0.0,0.0,0.0,0.0,1023.343018690121
2026-01-23T19:00:00Z,2026-01-23T19:15:00Z,2026-01-23,2026-01-23_81,0.0,0,0,100,64.34782608695632,64.34782608695632,0.0,0.0,0.0,True,True,True,False,0.0,1023.343018690121,0.0,0.0,0.0,0.0,1023.343018690121
2026-01-23T19:15:00Z,2026-01-23T19:30:00Z,2026-01-23,2026-01-23_82,0.0,0,0,100,64.34782608695632,64.34782608695632,0.0,0.0,0.0,True,True,True,False,0.0,1023.343018690121,0.0,0.0,0.0,0.0,1023.343018690121
2026-01-23T19:30:00Z,2026-01-23T19:45:00Z,2026-01-23,2026-01-23_83,0.0,0,0,100,64.34782608695632,64.34782608695632,0.0,0.0,0.0,True,True,True,False,0.0,1023.343018690121,0.0,0.0,0.0,0.0,1023.343018690121
2026-01-23T19:45:00Z,2026-01-23T20:00:00Z,2026-01-23,2026-01-23_84,0.0,0,0,100,64.34782608695632,64.34782608695632,0.0,0.0,0.0,True,True,True,False,0.0,1023.343018690121,0.0,0.0,0.0,0.0,1023.343018690121
2026-01-23T20:00:00Z,2026-01-23T20:15:00Z,2026-01-23,2026-01-23_85,0.0,0,0,100,64.34782608695632,64.34782608695632,0.0,0.0,0.0,True,True,True,False,0.0,1023.343018690121,0.0,0.0,0.0,0.0,1023.343018690121
2026-01-23T20:15:00Z,2026-01-23T20:30:00Z,2026-01-23,2026-01-23_86,0.0,0,0,100,64.34782608695632,64.34782608695632,0.0,0.0,0.0,True,True,True,False,0.0,1023.343018690121,0.0,0.0,0.0,0.0,1023.343018690121
2026-01-23T20:30:00Z,2026-01-23T20:45:00Z,2026-01-23,2026-01-23_87,0.0,0,0,100,64.34782608695632,64.34782608695632,0.0,0.0,0.0,True,True,True,False,0.0,1023.343018690121,0.0,0.0,0.0,0.0,1023.343018690121
2026-01-23T20:45:00Z,2026-01-23T21:00:00Z,2026-01-23,2026-01-23_88,0.0,0,0,100,64.34782608695632,64.34782608695632,0.0,0.0,0.0,True,True,True,False,0.0,1023.343018690121,0.0,0.0,0.0,0.0,1023.343018690121
2026-01-23T21:00:00Z,2026-01-23T21:15:00Z,2026-01-23,2026-01-23_89,-100.0,100,0,0,64.34782608695632,86.39575751552775,0.061244253968253975,1.0348571428571427,0.0,True,True,True,False,-3895.7500000000005,0.0,76.77281294173079,0.0,158.66414436042987,0.0,-3660.3130426978396
2026-01-23T21:15:00Z,2026-01-23T21:30:00Z,2026-01-23,2026-01-23_90,-100.0,100,0,0,86.39575751552775,107.21982608695632,0.05784463492063492,2.365142857142857,0.0,True,True,True,False,-3660.25,0.0,76.77281294173079,0.0,440.0263405057326,0.0,-3143.4508465525364
2026-01-23T21:30:00Z,2026-01-23T21:45:00Z,2026-01-23,2026-01-23_91,-100.00000000000009,100,0,0,107.21982608695632,130.10522037267063,0.06357053968253974,0.12457142857142858,0.0,True,True,True,False,-3444.500000000003,0.0,76.77281294173079,0.0,17.11952253808701,0.0,-3350.6076645201856
2026-01-23T21:45:00Z,2026-01-23T22:00:00Z,2026-01-23,2026-01-23_92,-100.0,100,0,0,130.10522037267063,151.1132889440992,0.058355746031746036,2.165142857142857,0.0,True,True,True,False,-3369.0,0.0,76.77281294173079,0.0,375.68688651304717,0.0,-2916.540300545222
2026-01-23T22:00:00Z,2026-01-23T22:15:00Z,2026-01-24,2026-01-23_93,8.0,8,16,84,151.1132889440992,148.709532342857,0.006690186114561767,0.21618285714285715,0.00512,True,True,True,False,289.96,859.4900182556975,6.6662740710205535,1.5970790883929098,39.132733927274465,-0.3580472292562276,1196.4880581131292
2026-01-23T22:15:00Z,2026-01-23T22:30:00Z,2026-01-24,2026-01-23_94,8.0,8,16,84,148.709532342857,146.141532342857,0.007133333333333333,0.36256,0.0,True,True,True,False,285.98,859.4900182556975,6.6662740710205535,1.5970790883929098,67.24885548161672,0.0,1220.9822268967278
2026-01-23T22:30:00Z,2026-01-23T22:45:00Z,2026-01-24,2026-01-23_95,8.0,8,16,84,146.141532342857,143.92652931180112,0.0062135354037267075,0.05974857142857143,0.023771428571428572,True,True,True,False,267.62,859.4900182556975,6.6662740710205535,1.5970790883929098,9.231161909248714,-1.7764153437595522,1142.8281179806002
2026-01-23T22:45:00Z,2026-01-23T23:00:00Z,2026-01-24,2026-01-23_96,0.4357527148676281,8,16,84,143.92652931180112,144.00000000000006,0.0010119024555969934,0.031497142857142855,0.24457142857142855,True,True,True,False,13.275206458442291,859.4900182556975,6.6662740710205535,1.5970790883929098,4.870875511846574,-13.2016625864762,872.6977907989236
2026-01-23T23:00:00Z,2026-01-23T23:15:00Z,2026-01-24,2026-01-24_1,0.0,0,0,100,144.00000000000006,144.00000000000006,0.0,0.0,0.0,True,True,True,False,0.0,1023.2024026853542,0.0,0.0,0.0,0.0,1023.2024026853542
2026-01-23T23:15:00Z,2026-01-23T23:30:00Z,2026-01-24,2026-01-24_2,0.0,0,0,100,144.00000000000006,144.00000000000006,0.0,0.0,0.0,True,True,True,False,0.0,1023.2024026853542,0.0,0.0,0.0,0.0,1023.2024026853542
2026-01-23T23:30:00Z,2026-01-23T23:45:00Z,2026-01-24,2026-01-24_3,0.0,0,0,100,144.00000000000006,144.00000000000006,0.0,0.0,0.0,True,True,True,False,0.0,1023.2024026853542,0.0,0.0,0.0,0.0,1023.2024026853542
2026-01-23T23:45:00Z,2026-01-24T00:00:00Z,2026-01-24,2026-01-24_4,0.0,0,0,100,144.00000000000006,144.00000000000006,0.0,0.0,0.0,True,True,True,False,0.0,1023.2024026853542,0.0,0.0,0.0,0.0,1023.2024026853542
2026-01-24T00:00:00Z,2026-01-24T00:15:00Z,2026-01-24,2026-01-24_5,0.0,100,100,0,144.00000000000006,126.73354037267086,0.047962387853692195,15.885142857142856,0.0,True,True,True,False,0.0,0.0,49.58483010423414,12.602320240268538,9771.269648038005,0.0,9833.456798382507
2026-01-24T00:15:00Z,2026-01-24T00:30:00Z,2026-01-24,2026-01-24_6,0.0,100,100,0,126.73354037267086,112.53416149068327,0.03944271911663216,13.063428571428574,0.0,True,True,True,False,0.0,0.0,49.58483010423414,12.602320240268538,7689.323868300989,0.0,7751.511018645491
2026-01-24T00:30:00Z,2026-01-24T00:45:00Z,2026-01-24,2026-01-24_7,0.0,100,100,0,112.53416149068327,110.28633540372675,0.006243961352657005,2.068,0.0,True,True,True,False,0.0,0.0,49.58483010423414,12.602320240268538,404.4544899201069,0.0,466.6416402646096
2026-01-24T00:45:00Z,2026-01-24T01:00:00Z,2026-01-24,2026-01-24_8,0.0,100,100,0,110.28633540372675,110.74504149068328,0.007595784679089028,1.046857142857143,1.7354285714285715,True,True,True,False,0.0,0.0,49.58483010423414,12.602320240268538,204.7650352074167,-101.56462601058327,165.38755954133612
2026-01-24T01:00:00Z,2026-01-24T01:15:00Z,2026-01-24,2026-01-24_9,0.0,0,0,100,110.74504149068328,110.74504149068328,0.0,0.0,0.0,True,True,True,False,0.0,1023.2024026853542,0.0,0.0,0.0,0.0,1023.2024026853542
2026-01-24T01:15:00Z,2026-01-24T01:30:00Z,2026-01-24,2026-01-24_10,0.0,0,0,100,110.74504149068328,110.74504149068328,0.0,0.0,0.0,True,True,True,False,0.0,1023.2024026853542,0.0,0.0,0.0,0.0,1023.2024026853542
2026-01-24T01:30:00Z,2026-01-24T01:45:00Z,2026-01-24,2026-01-24_11,0.0,0,0,100,110.74504149068328,110.74504149068328,0.0,0.0,0.0,True,True,True,False,0.0,1023.2024026853542,0.0,0.0,0.0,0.0,1023.2024026853542
2026-01-24T01:45:00Z,2026-01-24T02:00:00Z,2026-01-24,2026-01-24_12,0.0,0,0,100,110.74504149068328,110.74504149068328,0.0,0.0,0.0,True,True,True,False,0.0,1023.2024026853542,0.0,0.0,0.0,0.0,1023.2024026853542
2026-01-24T02:00:00Z,2026-01-24T02:15:00Z,2026-01-24,2026-01-24_13,-100.0,100,0,0,110.74504149068328,122.77338434782614,0.03341206349206349,11.925714285714287,0.0,True,True,True,False,-3171.75,0.0,49.58483010423414,0.0,3385.0904613279276,0.0,262.92529143216177
2026-01-24T02:15:00Z,2026-01-24T02:30:00Z,2026-01-24,2026-01-24_14,-100.0,100,0,0,122.77338434782614,133.43487006211186,0.0296152380952381,13.411428571428571,0.0,True,True,True,False,-3239.0,0.0,49.58483010423414,0.0,4208.8897552166145,0.0,1019.4745853208486
2026-01-24T02:30:00Z,2026-01-24T02:45:00Z,2026-01-24,2026-01-24_15,-99.81637731565675,100,0,0,133.43487006211186,151.42298136645962,0.05002685280769633,5.4,0.0,True,True,True,False,-3121.5076596038757,0.0,49.58483010423414,0.0,1128.1604145810024,0.0,-1943.762414918639
2026-01-24T02:45:00Z,2026-01-24T03:00:00Z,2026-01-24,2026-01-24_16,0.0,100,0,0,151.42298136645962,144.0,0.020619392684610074,6.829142857142857,0.0,True,True,True,False,0.0,0.0,49.58483010423414,0.0,1362.3270655999283,0.0,1411.9118957041626
2026-01-24T03:00:00Z,2026-01-24T03:15:00Z,2026-01-24,2026-01-24_17,0.0,0,0,100,144.0,144.0,0.0,0.0,0.0,True,True,True,False,0.0,1023.2024026853542,0.0,0.0,0.0,0.0,1023.2024026853542
2026-01-24T03:15:00Z,2026-01-24T03:30:00Z,2026-01-24,2026-01-24_18,0.0,0,0,100,144.0,144.0,0.0,0.0,0.0,True,True,True,False,0.0,1023.2024026853542,0.0,0.0,0.0,0.0,1023.2024026853542
2026-01-24T03:30:00Z,2026-01-24T03:45:00Z,2026-01-24,2026-01-24_19,0.0,0,0,100,144.0,144.0,0.0,0.0,0.0,True,True,True,False,0.0,1023.2024026853542,0.0,0.0,0.0,0.0,1023.2024026853542
2026-01-24T03:45:00Z,2026-01-24T04:00:00Z,2026-01-24,2026-01-24_20,0.0,0,0,100,144.0,144.0,0.0,0.0,0.0,True,True,True,False,0.0,1023.2024026853542,0.0,0.0,0.0,0.0,1023.2024026853542
2026-01-24T04:00:00Z,2026-01-24T04:15:00Z,2026-01-24,2026-01-24_21,0.0,0,0,100,144.0,144.0,0.0,0.0,0.0,True,True,True,False,0.0,1023.2024026853542,0.0,0.0,0.0,0.0,1023.2024026853542
2026-01-24T04:15:00Z,2026-01-24T04:30:00Z,2026-01-24,2026-01-24_22,0.0,0,0,100,144.0,144.0,0.0,0.0,0.0,True,True,True,False,0.0,1023.2024026853542,0.0,0.0,0.0,0.0,1023.2024026853542
2026-01-24T04:30:00Z,2026-01-24T04:45:00Z,2026-01-24,2026-01-24_23,0.0,0,0,100,144.0,144.0,0.0,0.0,0.0,True,True,True,False,0.0,1023.2024026853542,0.0,0.0,0.0,0.0,1023.2024026853542
2026-01-24T04:45:00Z,2026-01-24T05:00:00Z,2026-01-24,2026-01-24_24,0.0,0,0,100,144.0,144.0,0.0,0.0,0.0,True,True,True,False,0.0,1023.2024026853542,0.0,0.0,0.0,0.0,1023.2024026853542
2026-01-24T05:00:00Z,2026-01-24T05:15:00Z,2026-01-24,2026-01-24_25,0.0,0,0,100,144.0,144.0,0.0,0.0,0.0,True,True,True,False,0.0,1023.2024026853542,0.0,0.0,0.0,0.0,1023.2024026853542
2026-01-24T05:15:00Z,2026-01-24T05:30:00Z,2026-01-24,2026-01-24_26,0.0,0,0,100,144.0,144.0,0.0,0.0,0.0,True,True,True,False,0.0,1023.2024026853542,0.0,0.0,0.0,0.0,1023.2024026853542
2026-01-24T05:30:00Z,2026-01-24T05:45:00Z,2026-01-24,2026-01-24_27,0.0,0,0,100,144.0,144.0,0.0,0.0,0.0,True,True,True,False,0.0,1023.2024026853542,0.0,0.0,0.0,0.0,1023.2024026853542
2026-01-24T05:45:00Z,2026-01-24T06:00:00Z,2026-01-24,2026-01-24_28,0.0,0,0,100,144.0,144.0,0.0,0.0,0.0,True,True,True,False,0.0,1023.2024026853542,0.0,0.0,0.0,0.0,1023.2024026853542
2026-01-24T06:00:00Z,2026-01-24T06:15:00Z,2026-01-24,2026-01-24_29,0.0,0,0,100,144.0,144.0,0.0,0.0,0.0,True,True,True,False,0.0,1023.2024026853542,0.0,0.0,0.0,0.0,1023.2024026853542
2026-01-24T06:15:00Z,2026-01-24T06:30:00Z,2026-01-24,2026-01-24_30,0.0,0,0,100,144.0,144.0,0.0,0.0,0.0,True,True,True,False,0.0,1023.2024026853542,0.0,0.0,0.0,0.0,1023.2024026853542
2026-01-24T06:30:00Z,2026-01-24T06:45:00Z,2026-01-24,2026-01-24_31,0.0,0,0,100,144.0,144.0,0.0,0.0,0.0,True,True,True,False,0.0,1023.2024026853542,0.0,0.0,0.0,0.0,1023.2024026853542
2026-01-24T06:45:00Z,2026-01-24T07:00:00Z,2026-01-24,2026-01-24_32,0.0,0,0,100,144.0,144.0,0.0,0.0,0.0,True,True,True,False,0.0,1023.2024026853542,0.0,0.0,0.0,0.0,1023.2024026853542
2026-01-24T07:00:00Z,2026-01-24T07:15:00Z,2026-01-24,2026-01-24_33,0.0,18,18,82,144.0,141.39816149068324,0.007227329192546582,2.393691428571428,0.0,True,True,True,False,0.0,839.0259702019904,18.72504563924386,0.4611035863612272,719.6486232175455,0.0,1577.860742645141
2026-01-24T07:15:00Z,2026-01-24T07:30:00Z,2026-01-24,2026-01-24_34,0.0,18,18,82,141.39816149068324,139.364049689441,0.005650310559006211,1.8713828571428572,0.0,True,True,True,False,0.0,839.0259702019904,18.72504563924386,0.4611035863612272,433.4332526538064,0.0,1291.6453720814018
2026-01-24T07:30:00Z,2026-01-24T07:45:00Z,2026-01-24,2026-01-24_35,0.0,18,18,82,139.364049689441,137.7225838509317,0.004559627329192547,1.5101485714285716,0.0,True,True,True,False,0.0,839.0259702019904,18.72504563924386,0.4611035863612272,330.29693984705597,0.0,1188.5090592746515
2026-01-24T07:45:00Z,2026-01-24T08:00:00Z,2026-01-24,2026-01-24_36,0.0,18,18,82,137.7225838509317,136.11566459627332,0.004463664596273291,1.478365714285714,0.0,True,True,True,False,0.0,839.0259702019904,18.72504563924386,0.4611035863612272,334.3678266432231,0.0,1192.5799460708186
2026-01-24T08:00:00Z,2026-01-24T08:15:00Z,2026-01-24,2026-01-24_37,0.0,100,100,0,136.11566459627332,126.28398757763978,0.027310213940648722,9.045142857142856,0.0,True,True,True,False,0.0,0.0,99.19910488192686,2.561686590895707,3810.4424291575174,0.0,3912.2032206303397
2026-01-24T08:15:00Z,2026-01-24T08:30:00Z,2026-01-24,2026-01-24_38,0.0,100,100,0,126.28398757763978,119.50510559006214,0.018830227743271217,6.236571428571428,0.0,True,True,True,False,0.0,0.0,99.19910488192686,2.561686590895707,1276.0982731960933,0.0,1377.8590646689158
2026-01-24T08:30:00Z,2026-01-24T08:45:00Z,2026-01-24,2026-01-24_39,0.0,100,100,0,119.50510559006214,109.93057142857145,0.026595928226363006,8.808571428571428,0.0,True,True,True,False,0.0,0.0,99.19910488192686,2.561686590895707,2002.3847291510679,0.0,2104.14552062389
2026-01-24T08:45:00Z,2026-01-24T09:00:00Z,2026-01-24,2026-01-24_40,0.0,100,100,0,109.93057142857145,94.82560248447209,0.04195824706694271,13.896571428571427,0.0,True,True,True,False,0.0,0.0,99.19910488192686,2.561686590895707,8733.89816719527,0.0,8835.658958668093
2026-01-24T09:00:00Z,2026-01-24T09:15:00Z,2026-01-24,2026-01-24_41,0.0,100,100,0,94.82560248447209,82.57094409937892,0.03404071773636991,11.274285714285714,0.0,True,True,True,False,0.0,0.0,52.97096755196984,10.128967669748542,3660.5011718980036,0.0,3723.6011071197217
2026-01-24T09:15:00Z,2026-01-24T09:30:00Z,2026-01-24,2026-01-24_42,0.0,100,100,0,82.57094409937892,67.58088198757768,0.041639061421670114,13.790857142857144,0.0,True,True,True,False,0.0,0.0,52.97096755196984,10.128967669748542,8122.2607106542055,0.0,8185.360645875924
2026-01-24T09:30:00Z,2026-01-24T09:45:00Z,2026-01-24,2026-01-24_43,0.0,100,100,0,67.58088198757768,66.33182559006215,0.0036974106280193235,1.1868571428571428,0.044571428571428574,True,True,True,False,0.0,0.0,52.97096755196984,10.128967669748542,230.22251479945373,-3.4211937711896496,289.90125624998245
2026-01-24T09:45:00Z,2026-01-24T10:00:00Z,2026-01-24,2026-01-24_44,0.0,100,100,0,66.33182559006215,64.67090931677023,0.004634100759144237,1.5314285714285716,0.004,True,True,True,False,0.0,0.0,52.97096755196984,10.128967669748542,296.5436485035096,-0.3140765168914277,359.32950720833657
2026-01-24T10:00:00Z,2026-01-24T10:15:00Z,2026-01-24,2026-01-24_45,0.0,0,0,100,64.67090931677023,64.67090931677023,0.0,0.0,0.0,True,True,True,False,0.0,1023.2024026853542,0.0,0.0,0.0,0.0,1023.2024026853542
2026-01-24T10:15:00Z,2026-01-24T10:30:00Z,2026-01-24,2026-01-24_46,0.0,0,0,100,64.67090931677023,64.67090931677023,0.0,0.0,0.0,True,True,True,False,0.0,1023.2024026853542,0.0,0.0,0.0,0.0,1023.2024026853542
2026-01-24T10:30:00Z,2026-01-24T10:45:00Z,2026-01-24,2026-01-24_47,0.0,0,0,100,64.67090931677023,64.67090931677023,0.0,0.0,0.0,True,True,True,False,0.0,1023.2024026853542,0.0,0.0,0.0,0.0,1023.2024026853542
2026-01-24T10:45:00Z,2026-01-24T11:00:00Z,2026-01-24,2026-01-24_48,0.0,0,0,100,64.67090931677023,64.67090931677023,0.0,0.0,0.0,True,True,True,False,0.0,1023.2024026853542,0.0,0.0,0.0,0.0,1023.2024026853542
2026-01-24T11:00:00Z,2026-01-24T11:15:00Z,2026-01-24,2026-01-24_49,0.0,0,0,100,64.67090931677023,64.67090931677023,0.0,0.0,0.0,True,True,True,False,0.0,1023.2024026853542,0.0,0.0,0.0,0.0,1023.2024026853542
2026-01-24T11:15:00Z,2026-01-24T11:30:00Z,2026-01-24,2026-01-24_50,0.0,0,0,100,64.67090931677023,64.67090931677023,0.0,0.0,0.0,True,True,True,False,0.0,1023.2024026853542,0.0,0.0,0.0,0.0,1023.2024026853542
2026-01-24T11:30:00Z,2026-01-24T11:45:00Z,2026-01-24,2026-01-24_51,0.0,0,0,100,64.67090931677023,64.67090931677023,0.0,0.0,0.0,True,True,True,False,0.0,1023.2024026853542,0.0,0.0,0.0,0.0,1023.2024026853542
2026-01-24T11:45:00Z,2026-01-24T12:00:00Z,2026-01-24,2026-01-24_52,0.0,0,0,100,64.67090931677023,64.67090931677023,0.0,0.0,0.0,True,True,True,False,0.0,1023.2024026853542,0.0,0.0,0.0,0.0,1023.2024026853542
2026-01-24T12:00:00Z,2026-01-24T12:15:00Z,2026-01-24,2026-01-24_53,0.0,100,0,0,64.67090931677023,58.77898385093172,0.016366459627329192,5.420571428571429,0.0,True,True,True,False,0.0,0.0,53.55986102114128,0.0,1113.3968418484526,0.0,1166.956702869594
2026-01-24T12:15:00Z,2026-01-24T12:30:00Z,2026-01-24,2026-01-24_54,-100.0,100,0,0,58.77898385093172,72.839738136646,0.03905765079365079,9.71657142857143,0.0,True,True,True,False,-3474.25,0.0,53.55986102114128,0.0,2052.4199597869897,0.0,-1368.270179191869
2026-01-24T12:30:00Z,2026-01-24T12:45:00Z,2026-01-24,2026-01-24_55,-100.0,100,0,0,72.839738136646,81.84732670807458,0.02502107936507936,15.209142857142858,0.0,True,True,True,False,-3421.25,0.0,53.55986102114128,0.0,5999.2445041937635,0.0,2631.554365214905
2026-01-24T12:45:00Z,2026-01-24T13:00:00Z,2026-01-24,2026-01-24_56,-100.0,100,0,0,81.84732670807458,89.92650385093172,0.02244215873015873,16.218285714285717,0.0,True,True,True,False,-3340.5,0.0,53.55986102114128,0.0,6226.111476748524,0.0,2939.1713377696656
2026-01-24T13:00:00Z,2026-01-24T13:15:00Z,2026-01-24,2026-01-24_57,-100.0,100,0,0,89.92650385093172,98.94986385093172,0.02506488888888889,15.192,0.0,True,True,True,False,-3120.5,0.0,70.34332489252695,0.0,7085.413052234851,0.0,4035.2563771273785
2026-01-24T13:15:00Z,2026-01-24T13:30:00Z,2026-01-24,2026-01-24_58,-100.0,100,0,0,98.94986385093172,108.16090385093172,0.02558622222222223,14.987999999999998,0.0,True,True,True,False,-3246.5000000000005,0.0,70.34332489252695,0.0,7414.418818679701,0.0,4238.262143572228
2026-01-24T13:30:00Z,2026-01-24T13:45:00Z,2026-01-24,2026-01-24_59,-100.0,100,0,0,108.16090385093172,122.72897242236029,0.040466857142857145,9.165142857142857,0.0,True,True,True,False,-3429.0,0.0,70.34332489252695,0.0,2114.017030462618,0.0,-1244.639644644855
2026-01-24T13:45:00Z,2026-01-24T14:00:00Z,2026-01-24,2026-01-24_60,0.0,100,0,0,122.72897242236029,104.35816496894414,0.05103002070393375,16.901142857142858,0.0,True,True,True,False,0.0,0.0,70.34332489252695,0.0,13468.485343451088,0.0,13538.828668343614
2026-01-24T14:00:00Z,2026-01-24T14:15:00Z,2026-01-24,2026-01-24_61,-100.0,100,0,0,104.35816496894414,108.18641639751556,0.010634031746031742,20.838857142857144,0.0,True,True,True,False,-3193.25,0.0,70.28443554560981,0.0,16943.206181025853,0.0,13820.240616571462
2026-01-24T14:15:00Z,2026-01-24T14:30:00Z,2026-01-24,2026-01-24_62,-100.0,100,0,0,108.18641639751556,109.28515925465842,0.003052063492063499,23.805714285714284,0.0,True,True,True,False,-3500.0,0.0,70.28443554560981,0.0,21817.928030487856,0.0,18388.212466033467
2026-01-24T14:30:00Z,2026-01-24T14:45:00Z,2026-01-24,2026-01-24_63,-100.0,100,0,0,109.28515925465842,113.73059925465843,0.01234844444444445,20.167999999999996,0.0,True,True,True,False,-3518.2499999999995,0.0,70.28443554560981,0.0,14740.728371709554,0.0,11292.762807255165
2026-01-24T14:45:00Z,2026-01-24T15:00:00Z,2026-01-24,2026-01-24_64,-70.46411436234507,100,0,0,113.73059925465843,107.00009821614906,0.0235094971201147,23.66342857142857,0.0,True,True,True,False,-2698.2470992200983,0.0,70.28443554560981,0.0,22878.92109220109,0.0,20250.958428526603
2026-01-24T15:00:00Z,2026-01-24T15:15:00Z,2026-01-24,2026-01-24_65,0.0,100,0,0,107.00009821614906,96.00817275031055,0.030533126293995853,10.112571428571428,0.0,True,True,True,False,0.0,0.0,104.26358871680112,0.0,3714.523383277108,0.0,3818.7869719939094
2026-01-24T15:15:00Z,2026-01-24T15:30:00Z,2026-01-24,2026-01-24_66,-100.0,100,0,0,96.00817275031055,107.34677846459627,0.03149612698412699,12.67542857142857,0.0,True,True,True,False,-3545.25,0.0,104.26358871680112,0.0,4381.439055078365,0.0,940.4526437951657
2026-01-24T15:30:00Z,2026-01-24T15:45:00Z,2026-01-24,2026-01-24_67,0.0,100,0,0,107.34677846459627,84.25112629068323,0.06415458937198067,21.247999999999998,0.0,True,True,True,False,0.0,0.0,104.26358871680112,0.0,17903.69751918811,0.0,18007.96110790491
2026-01-24T15:45:00Z,2026-01-24T16:00:00Z,2026-01-24,2026-01-24_68,0.0,100,0,0,84.25112629068323,64.41944927204969,0.055087991718426495,18.245142857142856,0.0,True,True,True,False,0.0,0.0,104.26358871680112,0.0,11692.191518924512,0.0,11796.455107641314
2026-01-24T16:00:00Z,2026-01-24T16:15:00Z,2026-01-24,2026-01-24_69,0.0,0,0,100,64.41944927204969,64.41944927204969,0.0,0.0,0.0,True,True,True,False,0.0,1023.2024026853542,0.0,0.0,0.0,0.0,1023.2024026853542
2026-01-24T16:15:00Z,2026-01-24T16:30:00Z,2026-01-24,2026-01-24_70,0.0,0,0,100,64.41944927204969,64.41944927204969,0.0,0.0,0.0,True,True,True,False,0.0,1023.2024026853542,0.0,0.0,0.0,0.0,1023.2024026853542
2026-01-24T16:30:00Z,2026-01-24T16:45:00Z,2026-01-24,2026-01-24_71,0.0,0,0,100,64.41944927204969,64.41944927204969,0.0,0.0,0.0,True,True,True,False,0.0,1023.2024026853542,0.0,0.0,0.0,0.0,1023.2024026853542
2026-01-24T16:45:00Z,2026-01-24T17:00:00Z,2026-01-24,2026-01-24_72,0.0,0,0,100,64.41944927204969,64.41944927204969,0.0,0.0,0.0,True,True,True,False,0.0,1023.2024026853542,0.0,0.0,0.0,0.0,1023.2024026853542
2026-01-24T17:00:00Z,2026-01-24T17:15:00Z,2026-01-24,2026-01-24_73,0.0,0,0,100,64.41944927204969,64.41944927204969,0.0,0.0,0.0,True,True,True,False,0.0,1023.2024026853542,0.0,0.0,0.0,0.0,1023.2024026853542
2026-01-24T17:15:00Z,2026-01-24T17:30:00Z,2026-01-24,2026-01-24_74,0.0,0,0,100,64.41944927204969,64.41944927204969,0.0,0.0,0.0,True,True,True,False,0.0,1023.2024026853542,0.0,0.0,0.0,0.0,1023.2024026853542
2026-01-24T17:30:00Z,2026-01-24T17:45:00Z,2026-01-24,2026-01-24_75,0.0,0,0,100,64.41944927204969,64.41944927204969,0.0,0.0,0.0,True,True,True,False,0.0,1023.2024026853542,0.0,0.0,0.0,0.0,1023.2024026853542
2026-01-24T17:45:00Z,2026-01-24T18:00:00Z,2026-01-24,2026-01-24_76,0.0,0,0,100,64.41944927204969,64.41944927204969,0.0,0.0,0.0,True,True,True,False,0.0,1023.2024026853542,0.0,0.0,0.0,0.0,1023.2024026853542
2026-01-24T18:00:00Z,2026-01-24T18:15:00Z,2026-01-24,2026-01-24_77,0.0,0,0,100,64.41944927204969,64.41944927204969,0.0,0.0,0.0,True,True,True,False,0.0,1023.2024026853542,0.0,0.0,0.0,0.0,1023.2024026853542
2026-01-24T18:15:00Z,2026-01-24T18:30:00Z,2026-01-24,2026-01-24_78,0.0,0,0,100,64.41944927204969,64.41944927204969,0.0,0.0,0.0,True,True,True,False,0.0,1023.2024026853542,0.0,0.0,0.0,0.0,1023.2024026853542
2026-01-24T18:30:00Z,2026-01-24T18:45:00Z,2026-01-24,2026-01-24_79,0.0,0,0,100,64.41944927204969,64.41944927204969,0.0,0.0,0.0,True,True,True,False,0.0,1023.2024026853542,0.0,0.0,0.0,0.0,1023.2024026853542
2026-01-24T18:45:00Z,2026-01-24T19:00:00Z,2026-01-24,2026-01-24_80,0.0,0,0,100,64.41944927204969,64.41944927204969,0.0,0.0,0.0,True,True,True,False,0.0,1023.2024026853542,0.0,0.0,0.0,0.0,1023.2024026853542
2026-01-24T19:00:00Z,2026-01-24T19:15:00Z,2026-01-24,2026-01-24_81,0.0,0,0,100,64.41944927204969,64.41944927204969,0.0,0.0,0.0,True,True,True,False,0.0,1023.2024026853542,0.0,0.0,0.0,0.0,1023.2024026853542
2026-01-24T19:15:00Z,2026-01-24T19:30:00Z,2026-01-24,2026-01-24_82,0.0,0,0,100,64.41944927204969,64.41944927204969,0.0,0.0,0.0,True,True,True,False,0.0,1023.2024026853542,0.0,0.0,0.0,0.0,1023.2024026853542
2026-01-24T19:30:00Z,2026-01-24T19:45:00Z,2026-01-24,2026-01-24_83,0.0,0,0,100,64.41944927204969,64.41944927204969,0.0,0.0,0.0,True,True,True,False,0.0,1023.2024026853542,0.0,0.0,0.0,0.0,1023.2024026853542
2026-01-24T19:45:00Z,2026-01-24T20:00:00Z,2026-01-24,2026-01-24_84,0.0,0,0,100,64.41944927204969,64.41944927204969,0.0,0.0,0.0,True,True,True,False,0.0,1023.2024026853542,0.0,0.0,0.0,0.0,1023.2024026853542
2026-01-24T20:00:00Z,2026-01-24T20:15:00Z,2026-01-24,2026-01-24_85,-49.0,100,51,0,64.41944927204969,60.8380513689441,0.03572465385783299,14.830285714285715,0.060034285714285714,True,True,True,False,-1725.1675000000002,0.0,72.11000530004122,5.0906895942523995,9894.906480351992,-4.831685833746961,8242.10798941254
2026-01-24T20:15:00Z,2026-01-24T20:30:00Z,2026-01-24,2026-01-24_86,-49.0,100,51,0,60.8380513689441,60.155407791304356,0.03472592104899931,11.891428571428571,0.0,True,True,True,False,-1689.8874999999998,0.0,72.11000530004122,5.0906895942523995,6021.689830370638,0.0,4409.003025264932
2026-01-24T20:30:00Z,2026-01-24T20:45:00Z,2026-01-24,2026-01-24_87,0.0,100,51,0,60.155407791304356,56.96099785341616,0.00887336093857833,2.9388571428571426,0.0,True,True,True,False,0.0,0.0,72.11000530004122,5.0906895942523995,572.5599598430739,0.0,649.7606547373675
2026-01-24T20:45:00Z,2026-01-24T21:00:00Z,2026-01-24,2026-01-24_88,-49.0,100,51,0,56.96099785341616,64.34782608695653,0.03610933998619738,5.062285714285714,1.3099714285714286,True,True,True,False,-1521.3274999999999,0.0,72.11000530004122,5.0906895942523995,1885.0965041601119,-6.520156948522299,434.4495421058833
2026-01-24T21:00:00Z,2026-01-24T21:15:00Z,2026-01-24,2026-01-24_89,0.0,0,0,100,64.34782608695653,64.34782608695653,0.0,0.0,0.0,True,True,True,False,0.0,1023.2024026853542,0.0,0.0,0.0,0.0,1023.2024026853542
2026-01-24T21:15:00Z,2026-01-24T21:30:00Z,2026-01-24,2026-01-24_90,0.0,0,0,100,64.34782608695653,64.34782608695653,0.0,0.0,0.0,True,True,True,False,0.0,1023.2024026853542,0.0,0.0,0.0,0.0,1023.2024026853542
2026-01-24T21:30:00Z,2026-01-24T21:45:00Z,2026-01-24,2026-01-24_91,0.0,0,0,100,64.34782608695653,64.34782608695653,0.0,0.0,0.0,True,True,True,False,0.0,1023.2024026853542,0.0,0.0,0.0,0.0,1023.2024026853542
2026-01-24T21:45:00Z,2026-01-24T22:00:00Z,2026-01-24,2026-01-24_92,0.0,0,0,100,64.34782608695653,64.34782608695653,0.0,0.0,0.0,True,True,True,False,0.0,1023.2024026853542,0.0,0.0,0.0,0.0,1023.2024026853542
2026-01-24T22:00:00Z,2026-01-24T22:15:00Z,2026-01-25,2026-01-24_93,0.0,0,0,100,64.34782608695653,64.34782608695653,0.0,0.0,0.0,True,True,True,False,0.0,1023.2024026853542,0.0,0.0,0.0,0.0,1023.2024026853542
2026-01-24T22:15:00Z,2026-01-24T22:30:00Z,2026-01-25,2026-01-24_94,0.0,0,0,100,64.34782608695653,64.34782608695653,0.0,0.0,0.0,True,True,True,False,0.0,1023.2024026853542,0.0,0.0,0.0,0.0,1023.2024026853542
2026-01-24T22:30:00Z,2026-01-24T22:45:00Z,2026-01-25,2026-01-24_95,0.0,0,0,100,64.34782608695653,64.34782608695653,0.0,0.0,0.0,True,True,True,False,0.0,1023.2024026853542,0.0,0.0,0.0,0.0,1023.2024026853542
2026-01-24T22:45:00Z,2026-01-24T23:00:00Z,2026-01-25,2026-01-24_96,0.0,0,0,100,64.34782608695653,64.34782608695653,0.0,0.0,0.0,True,True,True,False,0.0,1023.2024026853542,0.0,0.0,0.0,0.0,1023.2024026853542
2026-01-24T23:00:00Z,2026-01-24T23:15:00Z,2026-01-25,2026-01-25_1,-100.0,100,0,0,64.34782608695653,77.71411180124224,0.03712857142857143,10.47142857142857,0.0,True,True,True,False,-2537.5,0.0,50.055944879571285,0.0,4621.01554959184,0.0,2133.571494471411
2026-01-24T23:15:00Z,2026-01-24T23:30:00Z,2026-01-25,2026-01-25_2,-100.0,100,0,0,77.71411180124224,90.04736894409939,0.034259047619047626,11.594285714285714,0.0,True,True,True,False,-2583.25,0.0,50.055944879571285,0.0,7940.475491655941,0.0,5407.2814365355125
2026-01-24T23:30:00Z,2026-01-24T23:45:00Z,2026-01-25,2026-01-25_3,0.0,100,0,0,90.04736894409939,84.01382857142858,0.01675983436853002,5.550857142857143,0.0,True,True,True,False,0.0,0.0,50.055944879571285,0.0,1382.0961989450395,0.0,1432.152143824611
2026-01-24T23:45:00Z,2026-01-25T00:00:00Z,2026-01-25,2026-01-25_4,0.0,100,0,0,84.01382857142858,82.56041242236026,0.004037267080745341,1.337142857142857,0.0,True,True,True,False,0.0,0.0,50.055944879571285,0.0,260.0104116365349,0.0,310.0663565161062
2026-01-25T00:00:00Z,2026-01-25T00:15:00Z,2026-01-25,2026-01-25_5,-100.0,100,0,0,82.56041242236026,92.79133813664598,0.028419238095238095,13.879428571428573,0.0,True,True,True,False,-2555.25,0.0,49.58483010423414,0.0,8428.77429575352,0.0,5923.1091258577535
2026-01-25T00:15:00Z,2026-01-25T00:30:00Z,2026-01-25,2026-01-25_6,0.0,100,0,0,92.79133813664598,89.67394683229816,0.008659420289855072,2.868,0.0,True,True,True,False,0.0,0.0,49.58483010423414,0.0,562.4191743713562,0.0,612.0040044755904
2026-01-25T00:30:00Z,2026-01-25T00:45:00Z,2026-01-25,2026-01-25_7,-100.0,100,0,0,89.67394683229816,104.22571826086958,0.040421587301587306,9.182857142857143,0.0,True,True,True,False,-2553.25,0.0,49.58483010423414,0.0,2270.7035594403833,0.0,-232.96161045538258
2026-01-25T00:45:00Z,2026-01-25T01:00:00Z,2026-01-25,2026-01-25_8,-2.617108845523687,100,0,0,104.22571826086958,97.93806906832299,0.019958505824271954,6.364,0.0,True,True,True,False,-66.82787437044735,0.0,49.58483010423414,0.0,1399.905106491569,0.0,1382.6620622253558
2026-01-25T01:00:00Z,2026-01-25T01:15:00Z,2026-01-25,2026-01-25_9,-100.0,100,0,0,97.93806906832299,108.78040049689442,0.030117587301587298,13.214857142857145,0.0,True,True,True,False,-2561.25,0.0,49.58483010423414,0.0,8156.20474423796,0.0,5644.539574342194
2026-01-25T01:15:00Z,2026-01-25T01:30:00Z,2026-01-25,2026-01-25_10,-100.0,100,0,0,108.78040049689442,117.41368049689441,0.023981333333333337,15.616,0.0,True,True,True,False,-2551.5,0.0,49.58483010423414,0.0,11575.642398759399,0.0,9073.727228863632
2026-01-25T01:30:00Z,2026-01-25T01:45:00Z,2026-01-25,2026-01-25_11,0.0,100,0,0,117.41368049689441,116.02113391304349,0.003868184955141477,1.2811428571428571,0.0,True,True,True,False,0.0,0.0,49.58483010423414,0.0,249.13542138131973,0.0,298.7202514855539
2026-01-25T01:45:00Z,2026-01-25T02:00:00Z,2026-01-25,2026-01-25_12,0.0,100,0,0,116.02113391304349,114.4354196273292,0.004404761904761904,1.4588571428571429,0.0,True,True,True,False,0.0,0.0,49.58483010423414,0.0,283.08409365088716,0.0,332.6689237551213
2026-01-25T02:00:00Z,2026-01-25T02:15:00Z,2026-01-25,2026-01-25_13,0.0,0,0,100,114.4354196273292,114.4354196273292,0.0,0.0,0.0,True,True,True,False,0.0,1023.2024026853542,0.0,0.0,0.0,0.0,1023.2024026853542
2026-01-25T02:15:00Z,2026-01-25T02:30:00Z,2026-01-25,2026-01-25_14,0.0,0,0,100,114.4354196273292,114.4354196273292,0.0,0.0,0.0,True,True,True,False,0.0,1023.2024026853542,0.0,0.0,0.0,0.0,1023.2024026853542
2026-01-25T02:30:00Z,2026-01-25T02:45:00Z,2026-01-25,2026-01-25_15,0.0,0,0,100,114.4354196273292,114.4354196273292,0.0,0.0,0.0,True,True,True,False,0.0,1023.2024026853542,0.0,0.0,0.0,0.0,1023.2024026853542
2026-01-25T02:45:00Z,2026-01-25T03:00:00Z,2026-01-25,2026-01-25_16,0.0,0,0,100,114.4354196273292,114.4354196273292,0.0,0.0,0.0,True,True,True,False,0.0,1023.2024026853542,0.0,0.0,0.0,0.0,1023.2024026853542
2026-01-25T03:00:00Z,2026-01-25T03:15:00Z,2026-01-25,2026-01-25_17,-100.0,100,0,0,114.4354196273292,127.81537391304349,0.03716653968253968,10.45657142857143,0.0,True,True,True,False,-2560.75,0.0,49.58483010423414,0.0,3455.442924164543,0.0,944.2777542687771
2026-01-25T03:15:00Z,2026-01-25T03:30:00Z,2026-01-25,2026-01-25_18,0.0,100,0,0,127.81537391304349,124.5824546583851,0.008980331262939957,2.974285714285714,0.0,True,True,True,False,0.0,0.0,49.58483010423414,0.0,582.8258322326634,0.0,632.4106623368975
2026-01-25T03:30:00Z,2026-01-25T03:45:00Z,2026-01-25,2026-01-25_19,-100.0,100,0,0,124.5824546583851,139.11740322981368,0.04037485714285714,9.201142857142857,0.0,True,True,True,False,-2597.25,0.0,49.58483010423414,0.0,3955.7454827103684,0.0,1408.0803128146026
2026-01-25T03:45:00Z,2026-01-25T04:00:00Z,2026-01-25,2026-01-25_20,0.0,100,0,0,139.11740322981368,132.58945291925468,0.01813319530710835,6.005714285714285,0.0,True,True,True,False,0.0,0.0,49.58483010423414,0.0,1643.1251376187952,0.0,1692.7099677230294
2026-01-25T04:00:00Z,2026-01-25T04:15:00Z,2026-01-25,2026-01-25_21,-100.0,100,0,0,132.58945291925468,135.6049500621118,0.008376380952380948,21.722285714285718,0.0,True,True,True,False,-2533.75,0.0,49.58483010423414,0.0,19241.967648772723,0.0,16757.802478876958
2026-01-25T04:15:00Z,2026-01-25T04:30:00Z,2026-01-25,2026-01-25_22,-100.0,100,0,0,135.6049500621118,146.34844720496895,0.029843047619047623,13.322285714285714,0.0,True,True,True,False,-2642.75,0.0,49.58483010423414,0.0,6863.230082248789,0.0,4270.064912353023
2026-01-25T04:30:00Z,2026-01-25T04:45:00Z,2026-01-25,2026-01-25_23,0.0,100,0,0,146.34844720496895,144.70372670807453,0.004568668046928916,1.5131428571428571,0.0,True,True,True,False,0.0,0.0,49.58483010423414,0.0,301.466900204991,0.0,351.05173030922515
2026-01-25T04:45:00Z,2026-01-25T05:00:00Z,2026-01-25,2026-01-25_24,0.0,100,0,0,144.70372670807453,144.0,0.0019547964113181505,0.6474285714285715,0.0,True,True,True,False,0.0,0.0,49.58483010423414,0.0,122.28587850286456,0.0,171.87070860709872
2026-01-25T05:00:00Z,2026-01-25T05:15:00Z,2026-01-25,2026-01-25_25,0.0,0,0,100,144.0,144.0,0.0,0.0,0.0,True,True,True,False,0.0,1023.2024026853542,0.0,0.0,0.0,0.0,1023.2024026853542
2026-01-25T05:15:00Z,2026-01-25T05:30:00Z,2026-01-25,2026-01-25_26,0.0,0,0,100,144.0,144.0,0.0,0.0,0.0,True,True,True,False,0.0,1023.2024026853542,0.0,0.0,0.0,0.0,1023.2024026853542
2026-01-25T05:30:00Z,2026-01-25T05:45:00Z,2026-01-25,2026-01-25_27,0.0,0,0,100,144.0,144.0,0.0,0.0,0.0,True,True,True,False,0.0,1023.2024026853542,0.0,0.0,0.0,0.0,1023.2024026853542
2026-01-25T05:45:00Z,2026-01-25T06:00:00Z,2026-01-25,2026-01-25_28,0.0,0,0,100,144.0,144.0,0.0,0.0,0.0,True,True,True,False,0.0,1023.2024026853542,0.0,0.0,0.0,0.0,1023.2024026853542
2026-01-25T06:00:00Z,2026-01-25T06:15:00Z,2026-01-25,2026-01-25_29,0.0,0,0,100,144.0,144.0,0.0,0.0,0.0,True,True,True,False,0.0,1023.2024026853542,0.0,0.0,0.0,0.0,1023.2024026853542
2026-01-25T06:15:00Z,2026-01-25T06:30:00Z,2026-01-25,2026-01-25_30,0.0,0,0,100,144.0,144.0,0.0,0.0,0.0,True,True,True,False,0.0,1023.2024026853542,0.0,0.0,0.0,0.0,1023.2024026853542
2026-01-25T06:30:00Z,2026-01-25T06:45:00Z,2026-01-25,2026-01-25_31,0.0,0,0,100,144.0,144.0,0.0,0.0,0.0,True,True,True,False,0.0,1023.2024026853542,0.0,0.0,0.0,0.0,1023.2024026853542
2026-01-25T06:45:00Z,2026-01-25T07:00:00Z,2026-01-25,2026-01-25_32,0.0,0,0,100,144.0,144.0,0.0,0.0,0.0,True,True,True,False,0.0,1023.2024026853542,0.0,0.0,0.0,0.0,1023.2024026853542
2026-01-25T07:00:00Z,2026-01-25T07:15:00Z,2026-01-25,2026-01-25_33,0.0,0,0,100,144.0,144.0,0.0,0.0,0.0,True,True,True,False,0.0,1023.2024026853542,0.0,0.0,0.0,0.0,1023.2024026853542
2026-01-25T07:15:00Z,2026-01-25T07:30:00Z,2026-01-25,2026-01-25_34,0.0,0,0,100,144.0,144.0,0.0,0.0,0.0,True,True,True,False,0.0,1023.2024026853542,0.0,0.0,0.0,0.0,1023.2024026853542
2026-01-25T07:30:00Z,2026-01-25T07:45:00Z,2026-01-25,2026-01-25_35,0.0,0,0,100,144.0,144.0,0.0,0.0,0.0,True,True,True,False,0.0,1023.2024026853542,0.0,0.0,0.0,0.0,1023.2024026853542
2026-01-25T07:45:00Z,2026-01-25T08:00:00Z,2026-01-25,2026-01-25_36,0.0,0,0,100,144.0,144.0,0.0,0.0,0.0,True,True,True,False,0.0,1023.2024026853542,0.0,0.0,0.0,0.0,1023.2024026853542
2026-01-25T08:00:00Z,2026-01-25T08:15:00Z,2026-01-25,2026-01-25_37,0.0,0,0,100,144.0,144.0,0.0,0.0,0.0,True,True,True,False,0.0,1023.2024026853542,0.0,0.0,0.0,0.0,1023.2024026853542
2026-01-25T08:15:00Z,2026-01-25T08:30:00Z,2026-01-25,2026-01-25_38,0.0,0,0,100,144.0,144.0,0.0,0.0,0.0,True,True,True,False,0.0,1023.2024026853542,0.0,0.0,0.0,0.0,1023.2024026853542
2026-01-25T08:30:00Z,2026-01-25T08:45:00Z,2026-01-25,2026-01-25_39,0.0,0,0,100,144.0,144.0,0.0,0.0,0.0,True,True,True,False,0.0,1023.2024026853542,0.0,0.0,0.0,0.0,1023.2024026853542
2026-01-25T08:45:00Z,2026-01-25T09:00:00Z,2026-01-25,2026-01-25_40,0.0,0,0,100,144.0,144.0,0.0,0.0,0.0,True,True,True,False,0.0,1023.2024026853542,0.0,0.0,0.0,0.0,1023.2024026853542
2026-01-25T09:00:00Z,2026-01-25T09:15:00Z,2026-01-25,2026-01-25_41,0.0,0,0,100,144.0,144.0,0.0,0.0,0.0,True,False,True,False,0.0,1023.2024026853542,0.0,0.0,0.0,0.0,1023.2024026853542
2026-01-25T09:15:00Z,2026-01-25T09:30:00Z,2026-01-25,2026-01-25_42,0.0,0,0,100,144.0,144.0,0.0,0.0,0.0,True,False,True,False,0.0,1023.2024026853542,0.0,0.0,0.0,0.0,1023.2024026853542
2026-01-25T09:30:00Z,2026-01-25T09:45:00Z,2026-01-25,2026-01-25_43,0.0,0,0,100,144.0,144.0,0.0,0.0,0.0,True,False,True,False,0.0,1023.2024026853542,0.0,0.0,0.0,0.0,1023.2024026853542
2026-01-25T09:45:00Z,2026-01-25T10:00:00Z,2026-01-25,2026-01-25_44,0.0,0,0,100,144.0,144.0,0.0,0.0,0.0,True,False,True,False,0.0,1023.2024026853542,0.0,0.0,0.0,0.0,1023.2024026853542
2026-01-25T10:00:00Z,2026-01-25T10:15:00Z,2026-01-25,2026-01-25_45,0.0,0,0,100,144.0,144.0,0.0,0.0,0.0,True,True,True,False,0.0,1023.2024026853542,0.0,0.0,0.0,0.0,1023.2024026853542
2026-01-25T10:15:00Z,2026-01-25T10:30:00Z,2026-01-25,2026-01-25_46,0.0,0,0,100,144.0,144.0,0.0,0.0,0.0,True,True,True,False,0.0,1023.2024026853542,0.0,0.0,0.0,0.0,1023.2024026853542
2026-01-25T10:30:00Z,2026-01-25T10:45:00Z,2026-01-25,2026-01-25_47,0.0,0,0,100,144.0,144.0,0.0,0.0,0.0,True,True,True,False,0.0,1023.2024026853542,0.0,0.0,0.0,0.0,1023.2024026853542
2026-01-25T10:45:00Z,2026-01-25T11:00:00Z,2026-01-25,2026-01-25_48,0.0,0,0,100,144.0,144.0,0.0,0.0,0.0,True,True,True,False,0.0,1023.2024026853542,0.0,0.0,0.0,0.0,1023.2024026853542
2026-01-25T11:00:00Z,2026-01-25T11:15:00Z,2026-01-25,2026-01-25_49,0.0,0,0,100,144.0,144.0,0.0,0.0,0.0,True,True,True,False,0.0,1023.2024026853542,0.0,0.0,0.0,0.0,1023.2024026853542
2026-01-25T11:15:00Z,2026-01-25T11:30:00Z,2026-01-25,2026-01-25_50,0.0,0,0,100,144.0,144.0,0.0,0.0,0.0,True,True,True,False,0.0,1023.2024026853542,0.0,0.0,0.0,0.0,1023.2024026853542
2026-01-25T11:30:00Z,2026-01-25T11:45:00Z,2026-01-25,2026-01-25_51,0.0,0,0,100,144.0,144.0,0.0,0.0,0.0,True,True,True,False,0.0,1023.2024026853542,0.0,0.0,0.0,0.0,1023.2024026853542
2026-01-25T11:45:00Z,2026-01-25T12:00:00Z,2026-01-25,2026-01-25_52,0.0,0,0,100,144.0,144.0,0.0,0.0,0.0,True,True,True,False,0.0,1023.2024026853542,0.0,0.0,0.0,0.0,1023.2024026853542
2026-01-25T12:00:00Z,2026-01-25T12:15:00Z,2026-01-25,2026-01-25_53,0.0,0,0,100,144.0,144.0,0.0,0.0,0.0,True,True,True,False,0.0,1023.2024026853542,0.0,0.0,0.0,0.0,1023.2024026853542
2026-01-25T12:15:00Z,2026-01-25T12:30:00Z,2026-01-25,2026-01-25_54,0.0,0,0,100,144.0,144.0,0.0,0.0,0.0,True,True,True,False,0.0,1023.2024026853542,0.0,0.0,0.0,0.0,1023.2024026853542
2026-01-25T12:30:00Z,2026-01-25T12:45:00Z,2026-01-25,2026-01-25_55,0.0,0,0,100,144.0,144.0,0.0,0.0,0.0,True,True,True,False,0.0,1023.2024026853542,0.0,0.0,0.0,0.0,1023.2024026853542
2026-01-25T12:45:00Z,2026-01-25T13:00:00Z,2026-01-25,2026-01-25_56,0.0,0,0,100,144.0,144.0,0.0,0.0,0.0,True,True,True,False,0.0,1023.2024026853542,0.0,0.0,0.0,0.0,1023.2024026853542
2026-01-25T13:00:00Z,2026-01-25T13:15:00Z,2026-01-25,2026-01-25_57,0.0,0,0,100,144.0,144.0,0.0,0.0,0.0,True,True,True,False,0.0,1023.2024026853542,0.0,0.0,0.0,0.0,1023.2024026853542
2026-01-25T13:15:00Z,2026-01-25T13:30:00Z,2026-01-25,2026-01-25_58,0.0,0,0,100,144.0,144.0,0.0,0.0,0.0,True,True,True,False,0.0,1023.2024026853542,0.0,0.0,0.0,0.0,1023.2024026853542
2026-01-25T13:30:00Z,2026-01-25T13:45:00Z,2026-01-25,2026-01-25_59,0.0,0,0,100,144.0,144.0,0.0,0.0,0.0,True,True,True,False,0.0,1023.2024026853542,0.0,0.0,0.0,0.0,1023.2024026853542
2026-01-25T13:45:00Z,2026-01-25T14:00:00Z,2026-01-25,2026-01-25_60,0.0,0,0,100,144.0,144.0,0.0,0.0,0.0,True,True,True,False,0.0,1023.2024026853542,0.0,0.0,0.0,0.0,1023.2024026853542
2026-01-25T14:00:00Z,2026-01-25T14:15:00Z,2026-01-25,2026-01-25_61,0.0,0,0,100,144.0,144.0,0.0,0.0,0.0,True,True,True,False,0.0,1023.2024026853542,0.0,0.0,0.0,0.0,1023.2024026853542
2026-01-25T14:15:00Z,2026-01-25T14:30:00Z,2026-01-25,2026-01-25_62,0.0,0,0,100,144.0,144.0,0.0,0.0,0.0,True,True,True,False,0.0,1023.2024026853542,0.0,0.0,0.0,0.0,1023.2024026853542
2026-01-25T14:30:00Z,2026-01-25T14:45:00Z,2026-01-25,2026-01-25_63,0.0,0,0,100,144.0,144.0,0.0,0.0,0.0,True,True,True,False,0.0,1023.2024026853542,0.0,0.0,0.0,0.0,1023.2024026853542
2026-01-25T14:45:00Z,2026-01-25T15:00:00Z,2026-01-25,2026-01-25_64,0.0,0,0,100,144.0,144.0,0.0,0.0,0.0,True,True,True,False,0.0,1023.2024026853542,0.0,0.0,0.0,0.0,1023.2024026853542
2026-01-25T15:00:00Z,2026-01-25T15:15:00Z,2026-01-25,2026-01-25_65,0.0,0,0,100,144.0,144.0,0.0,0.0,0.0,True,True,True,False,0.0,1023.2024026853542,0.0,0.0,0.0,0.0,1023.2024026853542
2026-01-25T15:15:00Z,2026-01-25T15:30:00Z,2026-01-25,2026-01-25_66,0.0,0,0,100,144.0,144.0,0.0,0.0,0.0,True,True,True,False,0.0,1023.2024026853542,0.0,0.0,0.0,0.0,1023.2024026853542
2026-01-25T15:30:00Z,2026-01-25T15:45:00Z,2026-01-25,2026-01-25_67,0.0,0,0,100,144.0,144.0,0.0,0.0,0.0,True,True,True,False,0.0,1023.2024026853542,0.0,0.0,0.0,0.0,1023.2024026853542
2026-01-25T15:45:00Z,2026-01-25T16:00:00Z,2026-01-25,2026-01-25_68,0.0,0,0,100,144.0,144.0,0.0,0.0,0.0,True,True,True,False,0.0,1023.2024026853542,0.0,0.0,0.0,0.0,1023.2024026853542
2026-01-25T16:00:00Z,2026-01-25T16:15:00Z,2026-01-25,2026-01-25_69,0.0,0,0,100,144.0,144.0,0.0,0.0,0.0,True,True,True,False,0.0,1023.2024026853542,0.0,0.0,0.0,0.0,1023.2024026853542
2026-01-25T16:15:00Z,2026-01-25T16:30:00Z,2026-01-25,2026-01-25_70,0.0,0,0,100,144.0,144.0,0.0,0.0,0.0,True,True,True,False,0.0,1023.2024026853542,0.0,0.0,0.0,0.0,1023.2024026853542
2026-01-25T16:30:00Z,2026-01-25T16:45:00Z,2026-01-25,2026-01-25_71,0.0,0,0,100,144.0,144.0,0.0,0.0,0.0,True,True,True,False,0.0,1023.2024026853542,0.0,0.0,0.0,0.0,1023.2024026853542
2026-01-25T16:45:00Z,2026-01-25T17:00:00Z,2026-01-25,2026-01-25_72,0.0,0,0,100,144.0,144.0,0.0,0.0,0.0,True,True,True,False,0.0,1023.2024026853542,0.0,0.0,0.0,0.0,1023.2024026853542
2026-01-25T17:00:00Z,2026-01-25T17:15:00Z,2026-01-25,2026-01-25_73,0.0,0,0,100,144.0,144.0,0.0,0.0,0.0,True,False,True,False,0.0,1023.2024026853542,0.0,0.0,0.0,0.0,1023.2024026853542
2026-01-25T17:15:00Z,2026-01-25T17:30:00Z,2026-01-25,2026-01-25_74,0.0,0,0,100,144.0,144.0,0.0,0.0,0.0,True,False,True,False,0.0,1023.2024026853542,0.0,0.0,0.0,0.0,1023.2024026853542
2026-01-25T17:30:00Z,2026-01-25T17:45:00Z,2026-01-25,2026-01-25_75,0.0,0,0,100,144.0,144.0,0.0,0.0,0.0,True,False,True,False,0.0,1023.2024026853542,0.0,0.0,0.0,0.0,1023.2024026853542
2026-01-25T17:45:00Z,2026-01-25T18:00:00Z,2026-01-25,2026-01-25_76,0.0,0,0,100,144.0,144.0,0.0,0.0,0.0,True,False,True,False,0.0,1023.2024026853542,0.0,0.0,0.0,0.0,1023.2024026853542
2026-01-25T18:00:00Z,2026-01-25T18:15:00Z,2026-01-25,2026-01-25_77,0.0,0,0,100,144.0,144.0,0.0,0.0,0.0,True,True,True,False,0.0,1023.2024026853542,0.0,0.0,0.0,0.0,1023.2024026853542
2026-01-25T18:15:00Z,2026-01-25T18:30:00Z,2026-01-25,2026-01-25_78,0.0,0,0,100,144.0,144.0,0.0,0.0,0.0,True,True,True,False,0.0,1023.2024026853542,0.0,0.0,0.0,0.0,1023.2024026853542
2026-01-25T18:30:00Z,2026-01-25T18:45:00Z,2026-01-25,2026-01-25_79,0.0,0,0,100,144.0,144.0,0.0,0.0,0.0,True,True,True,False,0.0,1023.2024026853542,0.0,0.0,0.0,0.0,1023.2024026853542
2026-01-25T18:45:00Z,2026-01-25T19:00:00Z,2026-01-25,2026-01-25_80,0.0,0,0,100,144.0,144.0,0.0,0.0,0.0,True,True,True,False,0.0,1023.2024026853542,0.0,0.0,0.0,0.0,1023.2024026853542
2026-01-25T19:00:00Z,2026-01-25T19:15:00Z,2026-01-25,2026-01-25_81,0.0,0,0,100,144.0,144.0,0.0,0.0,0.0,True,False,True,False,0.0,1023.2024026853542,0.0,0.0,0.0,0.0,1023.2024026853542
2026-01-25T19:15:00Z,2026-01-25T19:30:00Z,2026-01-25,2026-01-25_82,0.0,0,0,100,144.0,144.0,0.0,0.0,0.0,True,False,True,False,0.0,1023.2024026853542,0.0,0.0,0.0,0.0,1023.2024026853542
2026-01-25T19:30:00Z,2026-01-25T19:45:00Z,2026-01-25,2026-01-25_83,0.0,0,0,100,144.0,144.0,0.0,0.0,0.0,True,False,True,False,0.0,1023.2024026853542,0.0,0.0,0.0,0.0,1023.2024026853542
2026-01-25T19:45:00Z,2026-01-25T20:00:00Z,2026-01-25,2026-01-25_84,0.0,0,0,100,144.0,144.0,0.0,0.0,0.0,True,False,True,False,0.0,1023.2024026853542,0.0,0.0,0.0,0.0,1023.2024026853542
2026-01-25T20:00:00Z,2026-01-25T20:15:00Z,2026-01-25,2026-01-25_85,0.0,100,100,0,144.0,153.61426683229814,0.026782211180124225,0.01257142857142857,10.465142857142858,True,True,True,False,0.0,0.0,72.11000530004122,9.981744302455686,1.8115487056962822,2028.5363556467876,2112.4396539549807
2026-01-25T20:15:00Z,2026-01-25T20:30:00Z,2026-01-25,2026-01-25_86,0.0,100,100,0,153.61426683229814,150.72627279503104,0.013758332643202207,3.6068571428571428,1.122285714285714,True,True,True,False,0.0,0.0,72.11000530004122,9.981744302455686,1249.7547948547538,-78.19606069528689,1253.6504837619639
2026-01-25T20:30:00Z,2026-01-25T20:45:00Z,2026-01-25,2026-01-25_87,0.0,100,100,0,150.72627279503104,150.48618832298135,0.0006961076604554865,0.22571428571428573,0.005714285714285714,True,True,True,False,0.0,0.0,72.11000530004122,9.981744302455686,32.209667387360106,-0.4610194587227742,113.84039753113424
2026-01-25T20:45:00Z,2026-01-25T21:00:00Z,2026-01-25,2026-01-25_88,0.0,100,100,0,150.48618832298135,140.71475975155278,0.02714285714285714,8.989714285714285,0.0,True,True,True,False,0.0,0.0,72.11000530004122,9.981744302455686,3311.621712333953,0.0,3393.7134619364497
2026-01-25T21:00:00Z,2026-01-25T21:15:00Z,2026-01-25,2026-01-25_89,0.0,0,0,100,140.71475975155278,140.71475975155278,0.0,0.0,0.0,True,False,True,False,0.0,1023.2024026853542,0.0,0.0,0.0,0.0,1023.2024026853542
2026-01-25T21:15:00Z,2026-01-25T21:30:00Z,2026-01-25,2026-01-25_90,0.0,0,0,100,140.71475975155278,140.71475975155278,0.0,0.0,0.0,True,False,True,False,0.0,1023.2024026853542,0.0,0.0,0.0,0.0,1023.2024026853542
2026-01-25T21:30:00Z,2026-01-25T21:45:00Z,2026-01-25,2026-01-25_91,0.0,0,0,100,140.71475975155278,140.71475975155278,0.0,0.0,0.0,True,False,True,False,0.0,1023.2024026853542,0.0,0.0,0.0,0.0,1023.2024026853542
2026-01-25T21:45:00Z,2026-01-25T22:00:00Z,2026-01-25,2026-01-25_92,0.0,0,0,100,140.71475975155278,140.71475975155278,0.0,0.0,0.0,True,False,True,False,0.0,1023.2024026853542,0.0,0.0,0.0,0.0,1023.2024026853542
2026-01-25T22:00:00Z,2026-01-25T22:15:00Z,2026-01-26,2026-01-25_93,0.0,0,0,100,140.71475975155278,140.71475975155278,0.0,0.0,0.0,True,True,True,False,0.0,1023.2024026853542,0.0,0.0,0.0,0.0,1023.2024026853542
2026-01-25T22:15:00Z,2026-01-25T22:30:00Z,2026-01-26,2026-01-25_94,0.0,0,0,100,140.71475975155278,140.71475975155278,0.0,0.0,0.0,True,True,True,False,0.0,1023.2024026853542,0.0,0.0,0.0,0.0,1023.2024026853542
2026-01-25T22:30:00Z,2026-01-25T22:45:00Z,2026-01-26,2026-01-25_95,0.0,0,0,100,140.71475975155278,140.71475975155278,0.0,0.0,0.0,True,True,True,False,0.0,1023.2024026853542,0.0,0.0,0.0,0.0,1023.2024026853542
2026-01-25T22:45:00Z,2026-01-25T23:00:00Z,2026-01-26,2026-01-25_96,0.0,0,0,100,140.71475975155278,140.71475975155278,0.0,0.0,0.0,True,True,True,False,0.0,1023.2024026853542,0.0,0.0,0.0,0.0,1023.2024026853542
2026-01-25T23:00:00Z,2026-01-25T23:15:00Z,2026-01-26,2026-01-26_1,0.0,0,0,100,140.71475975155278,140.71475975155278,0.0,0.0,0.0,True,True,True,False,0.0,1023.2024026853542,0.0,0.0,0.0,0.0,1023.2024026853542
2026-01-25T23:15:00Z,2026-01-25T23:30:00Z,2026-01-26,2026-01-26_2,0.0,0,0,100,140.71475975155278,140.71475975155278,0.0,0.0,0.0,True,True,True,False,0.0,1023.2024026853542,0.0,0.0,0.0,0.0,1023.2024026853542
2026-01-25T23:30:00Z,2026-01-25T23:45:00Z,2026-01-26,2026-01-26_3,0.0,0,0,100,140.71475975155278,140.71475975155278,0.0,0.0,0.0,True,True,True,False,0.0,1023.2024026853542,0.0,0.0,0.0,0.0,1023.2024026853542
2026-01-25T23:45:00Z,2026-01-26T00:00:00Z,2026-01-26,2026-01-26_4,0.0,0,0,100,140.71475975155278,140.71475975155278,0.0,0.0,0.0,True,True,True,False,0.0,1023.2024026853542,0.0,0.0,0.0,0.0,1023.2024026853542
2026-01-26T00:00:00Z,2026-01-26T00:15:00Z,2026-01-26,2026-01-26_5,0.0,0,0,100,140.71475975155278,140.71475975155278,0.0,0.0,0.0,True,True,True,False,0.0,1023.2024026853542,0.0,0.0,0.0,0.0,1023.2024026853542
2026-01-26T00:15:00Z,2026-01-26T00:30:00Z,2026-01-26,2026-01-26_6,0.0,0,0,100,140.71475975155278,140.71475975155278,0.0,0.0,0.0,True,True,True,False,0.0,1023.2024026853542,0.0,0.0,0.0,0.0,1023.2024026853542
2026-01-26T00:30:00Z,2026-01-26T00:45:00Z,2026-01-26,2026-01-26_7,0.0,0,0,100,140.71475975155278,140.71475975155278,0.0,0.0,0.0,True,True,True,False,0.0,1023.2024026853542,0.0,0.0,0.0,0.0,1023.2024026853542
2026-01-26T00:45:00Z,2026-01-26T01:00:00Z,2026-01-26,2026-01-26_8,0.0,0,0,100,140.71475975155278,140.71475975155278,0.0,0.0,0.0,True,True,True,False,0.0,1023.2024026853542,0.0,0.0,0.0,0.0,1023.2024026853542
2026-01-26T01:00:00Z,2026-01-26T01:15:00Z,2026-01-26,2026-01-26_9,0.0,0,0,100,140.71475975155278,140.71475975155278,0.0,0.0,0.0,True,True,True,False,0.0,1023.2024026853542,0.0,0.0,0.0,0.0,1023.2024026853542
2026-01-26T01:15:00Z,2026-01-26T01:30:00Z,2026-01-26,2026-01-26_10,0.0,0,0,100,140.71475975155278,140.71475975155278,0.0,0.0,0.0,True,True,True,False,0.0,1023.2024026853542,0.0,0.0,0.0,0.0,1023.2024026853542
2026-01-26T01:30:00Z,2026-01-26T01:45:00Z,2026-01-26,2026-01-26_11,0.0,0,0,100,140.71475975155278,140.71475975155278,0.0,0.0,0.0,True,True,True,False,0.0,1023.2024026853542,0.0,0.0,0.0,0.0,1023.2024026853542
2026-01-26T01:45:00Z,2026-01-26T02:00:00Z,2026-01-26,2026-01-26_12,0.0,0,0,100,140.71475975155278,140.71475975155278,0.0,0.0,0.0,True,True,True,False,0.0,1023.2024026853542,0.0,0.0,0.0,0.0,1023.2024026853542
2026-01-26T02:00:00Z,2026-01-26T02:15:00Z,2026-01-26,2026-01-26_13,0.0,0,0,100,140.71475975155278,140.71475975155278,0.0,0.0,0.0,True,True,True,False,0.0,1023.2024026853542,0.0,0.0,0.0,0.0,1023.2024026853542
2026-01-26T02:15:00Z,2026-01-26T02:30:00Z,2026-01-26,2026-01-26_14,0.0,0,0,100,140.71475975155278,140.71475975155278,0.0,0.0,0.0,True,True,True,False,0.0,1023.2024026853542,0.0,0.0,0.0,0.0,1023.2024026853542
2026-01-26T02:30:00Z,2026-01-26T02:45:00Z,2026-01-26,2026-01-26_15,0.0,0,0,100,140.71475975155278,140.71475975155278,0.0,0.0,0.0,True,True,True,False,0.0,1023.2024026853542,0.0,0.0,0.0,0.0,1023.2024026853542
2026-01-26T02:45:00Z,2026-01-26T03:00:00Z,2026-01-26,2026-01-26_16,0.0,0,0,100,140.71475975155278,140.71475975155278,0.0,0.0,0.0,True,True,True,False,0.0,1023.2024026853542,0.0,0.0,0.0,0.0,1023.2024026853542
2026-01-26T03:00:00Z,2026-01-26T03:15:00Z,2026-01-26,2026-01-26_17,0.0,0,0,100,140.71475975155278,140.71475975155278,0.0,0.0,0.0,True,True,True,False,0.0,1023.2024026853542,0.0,0.0,0.0,0.0,1023.2024026853542
2026-01-26T03:15:00Z,2026-01-26T03:30:00Z,2026-01-26,2026-01-26_18,0.0,0,0,100,140.71475975155278,140.71475975155278,0.0,0.0,0.0,True,True,True,False,0.0,1023.2024026853542,0.0,0.0,0.0,0.0,1023.2024026853542
2026-01-26T03:30:00Z,2026-01-26T03:45:00Z,2026-01-26,2026-01-26_19,0.0,0,0,100,140.71475975155278,140.71475975155278,0.0,0.0,0.0,True,True,True,False,0.0,1023.2024026853542,0.0,0.0,0.0,0.0,1023.2024026853542
2026-01-26T03:45:00Z,2026-01-26T04:00:00Z,2026-01-26,2026-01-26_20,0.0,0,0,100,140.71475975155278,140.71475975155278,0.0,0.0,0.0,True,True,True,False,0.0,1023.2024026853542,0.0,0.0,0.0,0.0,1023.2024026853542
2026-01-26T04:00:00Z,2026-01-26T04:15:00Z,2026-01-26,2026-01-26_21,0.0,0,0,100,140.71475975155278,140.71475975155278,0.0,0.0,0.0,True,True,True,False,0.0,1023.2024026853542,0.0,0.0,0.0,0.0,1023.2024026853542
2026-01-26T04:15:00Z,2026-01-26T04:30:00Z,2026-01-26,2026-01-26_22,0.0,0,0,100,140.71475975155278,140.71475975155278,0.0,0.0,0.0,True,True,True,False,0.0,1023.2024026853542,0.0,0.0,0.0,0.0,1023.2024026853542
2026-01-26T04:30:00Z,2026-01-26T04:45:00Z,2026-01-26,2026-01-26_23,0.0,0,0,100,140.71475975155278,140.71475975155278,0.0,0.0,0.0,True,True,True,False,0.0,1023.2024026853542,0.0,0.0,0.0,0.0,1023.2024026853542
2026-01-26T04:45:00Z,2026-01-26T05:00:00Z,2026-01-26,2026-01-26_24,0.0,0,0,100,140.71475975155278,140.71475975155278,0.0,0.0,0.0,True,True,True,False,0.0,1023.2024026853542,0.0,0.0,0.0,0.0,1023.2024026853542
2026-01-26T05:00:00Z,2026-01-26T05:15:00Z,2026-01-26,2026-01-26_25,0.0,0,100,0,140.71475975155278,155.4762911801242,0.04100425396825397,0.0,16.045142857142856,True,True,True,False,0.0,0.0,0.0,9.981744302455686,0.0,816.1942406218715,826.1759849243272
2026-01-26T05:15:00Z,2026-01-26T05:30:00Z,2026-01-26,2026-01-26_26,31.900763341988206,0,100,0,155.4762911801242,162.988198757764,0.03699952199931614,0.0,16.62514285714286,True,True,True,False,1068.1173085981202,0.0,0.0,9.981744302455686,0.0,-346.17683562300726,731.9222172775686
2026-01-26T05:30:00Z,2026-01-26T05:45:00Z,2026-01-26,2026-01-26_27,100.0,0,100,0,162.988198757764,146.12732919254663,0.04683574879227053,0.0,9.488,True,True,True,False,3671.75,0.0,0.0,9.981744302455686,0.0,-107.00656655477691,3574.7251777476786
2026-01-26T05:45:00Z,2026-01-26T06:00:00Z,2026-01-26,2026-01-26_28,100.0,0,100,0,146.12732919254663,144.00000000000006,0.005909247757073836,0.0,23.042857142857144,True,True,True,False,4130.0,0.0,0.0,9.981744302455686,0.0,20332.898090583036,24472.87983488549
2026-01-26T06:00:00Z,2026-01-26T06:15:00Z,2026-01-26,2026-01-26_29,0.0,0,0,100,144.00000000000006,144.00000000000006,0.0,0.0,0.0,True,False,True,False,0.0,1023.2024026853542,0.0,0.0,0.0,0.0,1023.2024026853542
2026-01-26T06:15:00Z,2026-01-26T06:30:00Z,2026-01-26,2026-01-26_30,0.0,0,0,100,144.00000000000006,144.00000000000006,0.0,0.0,0.0,True,False,True,False,0.0,1023.2024026853542,0.0,0.0,0.0,0.0,1023.2024026853542
2026-01-26T06:30:00Z,2026-01-26T06:45:00Z,2026-01-26,2026-01-26_31,0.0,0,0,100,144.00000000000006,144.00000000000006,0.0,0.0,0.0,True,False,True,False,0.0,1023.2024026853542,0.0,0.0,0.0,0.0,1023.2024026853542
2026-01-26T06:45:00Z,2026-01-26T07:00:00Z,2026-01-26,2026-01-26_32,0.0,0,0,100,144.00000000000006,144.00000000000006,0.0,0.0,0.0,True,False,True,False,0.0,1023.2024026853542,0.0,0.0,0.0,0.0,1023.2024026853542
2026-01-26T07:00:00Z,2026-01-26T07:15:00Z,2026-01-26,2026-01-26_33,0.0,0,0,100,144.00000000000006,144.00000000000006,0.0,0.0,0.0,True,False,True,False,0.0,1023.2024026853542,0.0,0.0,0.0,0.0,1023.2024026853542
2026-01-26T07:15:00Z,2026-01-26T07:30:00Z,2026-01-26,2026-01-26_34,0.0,0,0,100,144.00000000000006,144.00000000000006,0.0,0.0,0.0,True,False,True,False,0.0,1023.2024026853542,0.0,0.0,0.0,0.0,1023.2024026853542
2026-01-26T07:30:00Z,2026-01-26T07:45:00Z,2026-01-26,2026-01-26_35,0.0,0,0,100,144.00000000000006,144.00000000000006,0.0,0.0,0.0,True,False,True,False,0.0,1023.2024026853542,0.0,0.0,0.0,0.0,1023.2024026853542
2026-01-26T07:45:00Z,2026-01-26T08:00:00Z,2026-01-26,2026-01-26_36,0.0,0,0,100,144.00000000000006,144.00000000000006,0.0,0.0,0.0,True,False,True,False,0.0,1023.2024026853542,0.0,0.0,0.0,0.0,1023.2024026853542
2026-01-26T08:00:00Z,2026-01-26T08:15:00Z,2026-01-26,2026-01-26_37,0.0,100,0,0,144.00000000000006,118.4149068322982,0.07106970324361628,23.538285714285713,0.0,True,True,True,False,0.0,0.0,97.57964784170544,0.0,26600.309744953047,0.0,26697.889392794754
2026-01-26T08:15:00Z,2026-01-26T08:30:00Z,2026-01-26,2026-01-26_38,0.0,100,0,0,118.4149068322982,106.55403726708082,0.03294685990338164,10.911999999999999,0.0,True,True,True,False,0.0,0.0,97.57964784170544,0.0,4884.90803604028,0.0,4982.4876838819855
2026-01-26T08:30:00Z,2026-01-26T08:45:00Z,2026-01-26,2026-01-26_39,-99.95636126336773,100,0,0,106.55403726708082,112.36492571428577,0.016190559548635568,18.67142857142857,0.0,True,True,True,False,-4731.434360401511,0.0,97.57964784170544,0.0,16000.69921284573,0.0,11366.844500285924
2026-01-26T08:45:00Z,2026-01-26T09:00:00Z,2026-01-26,2026-01-26_40,0.0,100,0,0,112.36492571428577,108.02020521739136,0.012068668046928917,3.9971428571428573,0.0,True,True,True,False,0.0,0.0,97.57964784170544,0.0,898.4701181432471,0.0,996.0497659849525
2026-01-26T09:00:00Z,2026-01-26T09:15:00Z,2026-01-26,2026-01-26_41,0.0,0,0,100,108.02020521739136,108.02020521739136,0.0,0.0,0.0,True,True,True,False,0.0,1023.2024026853542,0.0,0.0,0.0,0.0,1023.2024026853542
2026-01-26T09:15:00Z,2026-01-26T09:30:00Z,2026-01-26,2026-01-26_42,0.0,0,0,100,108.02020521739136,108.02020521739136,0.0,0.0,0.0,True,True,True,False,0.0,1023.2024026853542,0.0,0.0,0.0,0.0,1023.2024026853542
2026-01-26T09:30:00Z,2026-01-26T09:45:00Z,2026-01-26,2026-01-26_43,0.0,0,0,100,108.02020521739136,108.02020521739136,0.0,0.0,0.0,True,True,True,False,0.0,1023.2024026853542,0.0,0.0,0.0,0.0,1023.2024026853542
2026-01-26T09:45:00Z,2026-01-26T10:00:00Z,2026-01-26,2026-01-26_44,0.0,0,0,100,108.02020521739136,108.02020521739136,0.0,0.0,0.0,True,True,True,False,0.0,1023.2024026853542,0.0,0.0,0.0,0.0,1023.2024026853542
2026-01-26T10:00:00Z,2026-01-26T10:15:00Z,2026-01-26,2026-01-26_45,0.0,0,0,100,108.02020521739136,108.02020521739136,0.0,0.0,0.0,True,True,True,False,0.0,1023.2024026853542,0.0,0.0,0.0,0.0,1023.2024026853542
2026-01-26T10:15:00Z,2026-01-26T10:30:00Z,2026-01-26,2026-01-26_46,0.0,0,0,100,108.02020521739136,108.02020521739136,0.0,0.0,0.0,True,True,True,False,0.0,1023.2024026853542,0.0,0.0,0.0,0.0,1023.2024026853542
2026-01-26T10:30:00Z,2026-01-26T10:45:00Z,2026-01-26,2026-01-26_47,0.0,0,0,100,108.02020521739136,108.02020521739136,0.0,0.0,0.0,True,True,True,False,0.0,1023.2024026853542,0.0,0.0,0.0,0.0,1023.2024026853542
2026-01-26T10:45:00Z,2026-01-26T11:00:00Z,2026-01-26,2026-01-26_48,0.0,0,0,100,108.02020521739136,108.02020521739136,0.0,0.0,0.0,True,True,True,False,0.0,1023.2024026853542,0.0,0.0,0.0,0.0,1023.2024026853542
2026-01-26T11:00:00Z,2026-01-26T11:15:00Z,2026-01-26,2026-01-26_49,0.0,0,0,100,108.02020521739136,108.02020521739136,0.0,0.0,0.0,True,True,True,False,0.0,1023.2024026853542,0.0,0.0,0.0,0.0,1023.2024026853542
2026-01-26T11:15:00Z,2026-01-26T11:30:00Z,2026-01-26,2026-01-26_50,0.0,0,0,100,108.02020521739136,108.02020521739136,0.0,0.0,0.0,True,True,True,False,0.0,1023.2024026853542,0.0,0.0,0.0,0.0,1023.2024026853542
2026-01-26T11:30:00Z,2026-01-26T11:45:00Z,2026-01-26,2026-01-26_51,0.0,0,0,100,108.02020521739136,108.02020521739136,0.0,0.0,0.0,True,True,True,False,0.0,1023.2024026853542,0.0,0.0,0.0,0.0,1023.2024026853542
2026-01-26T11:45:00Z,2026-01-26T12:00:00Z,2026-01-26,2026-01-26_52,0.0,0,0,100,108.02020521739136,108.02020521739136,0.0,0.0,0.0,True,True,True,False,0.0,1023.2024026853542,0.0,0.0,0.0,0.0,1023.2024026853542
2026-01-26T12:00:00Z,2026-01-26T12:15:00Z,2026-01-26,2026-01-26_53,0.0,100,100,0,108.02020521739136,95.3351120496895,0.03523636991028295,11.670285714285713,0.0,True,True,True,False,0.0,0.0,53.55986102114128,10.364525057417113,7423.394908707492,0.0,7487.31929478605
2026-01-26T12:15:00Z,2026-01-26T12:30:00Z,2026-01-26,2026-01-26_54,0.0,100,100,0,95.3351120496895,95.16465142857149,0.000710073153899241,0.19600000000000004,0.04628571428571429,True,True,True,False,0.0,0.0,53.55986102114128,10.364525057417113,32.70321732131991,-3.725171830701541,92.90243156917677
2026-01-26T12:30:00Z,2026-01-26T12:45:00Z,2026-01-26,2026-01-26_55,0.0,100,100,0,95.16465142857149,95.27197565217398,0.0008847342995169083,0.09714285714285716,0.23142857142857146,True,True,True,False,0.0,0.0,53.55986102114128,10.364525057417113,16.208591675289753,-18.625859153507704,61.50711860034044
2026-01-26T12:45:00Z,2026-01-26T13:00:00Z,2026-01-26,2026-01-26_56,0.0,100,100,0,95.27197565217398,96.64705739130441,0.0039024872325741896,0.013714285714285714,1.510857142857143,True,True,True,False,0.0,0.0,53.55986102114128,10.364525057417113,2.2882717659232585,-121.59696691820831,-55.384309073726655
2026-01-26T13:00:00Z,2026-01-26T13:15:00Z,2026-01-26,2026-01-26_57,0.0,2,100,0,96.64705739130441,101.41148173913051,0.013235202208419602,0.00011428571428571428,5.178857142857144,True,True,True,False,0.0,0.0,1.3974442023437963,9.981744302455686,0.019068931382693822,-286.57603439137864,-275.17777695519646
2026-01-26T13:15:00Z,2026-01-26T13:30:00Z,2026-01-26,2026-01-26_58,98.0,2,100,0,101.41148173913051,90.92013477763982,0.0306650990200138,0.0,14.893714285714285,True,True,True,False,4538.134999999999,0.0,1.3974442023437963,9.981744302455686,0.0,-254.57571504286304,4294.938473461936
2026-01-26T13:30:00Z,2026-01-26T13:45:00Z,2026-01-26,2026-01-26_59,98.0,2,100,0,90.92013477763982,85.1217799354038,0.01807171964113181,0.0,19.22457142857143,True,True,True,False,4479.825,0.0,1.3974442023437963,9.981744302455686,0.0,142.09268947647374,4633.296877981273
2026-01-26T13:45:00Z,2026-01-26T14:00:00Z,2026-01-26,2026-01-26_60,98.0,2,100,0,85.1217799354038,64.34782608695659,0.05825847878536923,0.005702857142857143,5.410285714285714,True,True,True,False,4938.465,0.0,1.3974442023437963,9.981744302455686,0.9515396759964219,85.68117711391724,5036.476905294713
2026-01-26T14:00:00Z,2026-01-26T14:15:00Z,2026-01-26,2026-01-26_61,0.0,0,0,100,64.34782608695659,64.34782608695659,0.0,0.0,0.0,True,True,True,False,0.0,1023.2024026853542,0.0,0.0,0.0,0.0,1023.2024026853542
2026-01-26T14:15:00Z,2026-01-26T14:30:00Z,2026-01-26,2026-01-26_62,0.0,0,0,100,64.34782608695659,64.34782608695659,0.0,0.0,0.0,True,True,True,False,0.0,1023.2024026853542,0.0,0.0,0.0,0.0,1023.2024026853542
2026-01-26T14:30:00Z,2026-01-26T14:45:00Z,2026-01-26,2026-01-26_63,0.0,0,0,100,64.34782608695659,64.34782608695659,0.0,0.0,0.0,True,True,True,False,0.0,1023.2024026853542,0.0,0.0,0.0,0.0,1023.2024026853542
2026-01-26T14:45:00Z,2026-01-26T15:00:00Z,2026-01-26,2026-01-26_64,0.0,0,0,100,64.34782608695659,64.34782608695659,0.0,0.0,0.0,True,True,True,False,0.0,1023.2024026853542,0.0,0.0,0.0,0.0,1023.2024026853542
2026-01-26T15:00:00Z,2026-01-26T15:15:00Z,2026-01-26,2026-01-26_65,0.0,0,0,100,64.34782608695659,64.34782608695659,0.0,0.0,0.0,True,False,True,False,0.0,1023.2024026853542,0.0,0.0,0.0,0.0,1023.2024026853542
2026-01-26T15:15:00Z,2026-01-26T15:30:00Z,2026-01-26,2026-01-26_66,0.0,0,0,100,64.34782608695659,64.34782608695659,0.0,0.0,0.0,True,False,True,False,0.0,1023.2024026853542,0.0,0.0,0.0,0.0,1023.2024026853542
2026-01-26T15:30:00Z,2026-01-26T15:45:00Z,2026-01-26,2026-01-26_67,0.0,0,0,100,64.34782608695659,64.34782608695659,0.0,0.0,0.0,True,False,True,False,0.0,1023.2024026853542,0.0,0.0,0.0,0.0,1023.2024026853542
2026-01-26T15:45:00Z,2026-01-26T16:00:00Z,2026-01-26,2026-01-26_68,0.0,0,0,100,64.34782608695659,64.34782608695659,0.0,0.0,0.0,True,False,True,False,0.0,1023.2024026853542,0.0,0.0,0.0,0.0,1023.2024026853542
2026-01-26T16:00:00Z,2026-01-26T16:15:00Z,2026-01-26,2026-01-26_69,-100.0,100,0,0,64.34782608695659,81.26794037267086,0.047000317460317444,6.6085714285714285,0.0,True,True,True,False,-3023.0,0.0,108.73917908250398,0.0,3191.8908342937907,0.0,277.6300133762947
2026-01-26T16:15:00Z,2026-01-26T16:30:00Z,2026-01-26,2026-01-26_70,-100.0,100,0,0,81.26794037267086,97.77852322981371,0.04586273015873016,7.053714285714285,0.0,True,True,True,False,-3023.25,0.0,108.73917908250398,0.0,1883.0148034357728,0.0,-1031.4960174817231
2026-01-26T16:30:00Z,2026-01-26T16:45:00Z,2026-01-26,2026-01-26_71,-90.2241901955786,100,0,0,97.77852322981371,117.96133863354044,0.05642195741277089,0.6074285714285714,0.0,True,True,True,False,-3001.533247331411,0.0,108.73917908250398,0.0,121.77176362376998,0.0,-2771.022304625137
2026-01-26T16:45:00Z,2026-01-26T17:00:00Z,2026-01-26,2026-01-26_72,0.0,100,0,0,117.96133863354044,117.96133863354044,0.0,0.0,0.0,True,True,True,False,0.0,0.0,108.73917908250398,0.0,0.0,0.0,108.73917908250398
2026-01-26T17:00:00Z,2026-01-26T17:15:00Z,2026-01-26,2026-01-26_73,0.0,0,0,100,117.96133863354044,117.96133863354044,0.0,0.0,0.0,True,True,True,False,0.0,1023.2024026853542,0.0,0.0,0.0,0.0,1023.2024026853542
2026-01-26T17:15:00Z,2026-01-26T17:30:00Z,2026-01-26,2026-01-26_74,0.0,0,0,100,117.96133863354044,117.96133863354044,0.0,0.0,0.0,True,True,True,False,0.0,1023.2024026853542,0.0,0.0,0.0,0.0,1023.2024026853542
2026-01-26T17:30:00Z,2026-01-26T17:45:00Z,2026-01-26,2026-01-26_75,0.0,0,0,100,117.96133863354044,117.96133863354044,0.0,0.0,0.0,True,True,True,False,0.0,1023.2024026853542,0.0,0.0,0.0,0.0,1023.2024026853542
2026-01-26T17:45:00Z,2026-01-26T18:00:00Z,2026-01-26,2026-01-26_76,0.0,0,0,100,117.96133863354044,117.96133863354044,0.0,0.0,0.0,True,True,True,False,0.0,1023.2024026853542,0.0,0.0,0.0,0.0,1023.2024026853542
2026-01-26T18:00:00Z,2026-01-26T18:15:00Z,2026-01-26,2026-01-26_77,0.0,0,0,100,117.96133863354044,117.96133863354044,0.0,0.0,0.0,True,True,True,False,0.0,1023.2024026853542,0.0,0.0,0.0,0.0,1023.2024026853542
2026-01-26T18:15:00Z,2026-01-26T18:30:00Z,2026-01-26,2026-01-26_78,0.0,0,0,100,117.96133863354044,117.96133863354044,0.0,0.0,0.0,True,True,True,False,0.0,1023.2024026853542,0.0,0.0,0.0,0.0,1023.2024026853542
2026-01-26T18:30:00Z,2026-01-26T18:45:00Z,2026-01-26,2026-01-26_79,0.0,0,0,100,117.96133863354044,117.96133863354044,0.0,0.0,0.0,True,True,True,False,0.0,1023.2024026853542,0.0,0.0,0.0,0.0,1023.2024026853542
2026-01-26T18:45:00Z,2026-01-26T19:00:00Z,2026-01-26,2026-01-26_80,0.0,0,0,100,117.96133863354044,117.96133863354044,0.0,0.0,0.0,True,True,True,False,0.0,1023.2024026853542,0.0,0.0,0.0,0.0,1023.2024026853542
2026-01-26T19:00:00Z,2026-01-26T19:15:00Z,2026-01-26,2026-01-26_81,100.0,0,100,0,117.96133863354044,92.63214608695658,0.07035886818495514,0.0,1.697142857142857,True,True,True,False,5474.0,0.0,0.0,9.981744302455686,0.0,-90.27142268249388,5393.710321619962
2026-01-26T19:15:00Z,2026-01-26T19:30:00Z,2026-01-26,2026-01-26_82,100.0,0,100,0,92.63214608695658,68.0743821118013,0.06821601104209798,0.0,2.406857142857143,True,True,True,False,4876.5,0.0,0.0,9.981744302455686,0.0,-142.53434174329294,4743.947402559163
2026-01-26T19:30:00Z,2026-01-26T19:45:00Z,2026-01-26,2026-01-26_83,100.0,0,100,0,68.0743821118013,48.51786037267087,0.05432367149758454,0.0,7.007999999999999,True,True,True,False,4269.75,0.0,0.0,9.981744302455686,0.0,-217.14716447794592,4062.5845798245095
2026-01-26T19:45:00Z,2026-01-26T20:00:00Z,2026-01-26,2026-01-26_84,0.0,0,100,0,48.51786037267087,57.1190718012423,0.02389225396825397,0.0,9.349142857142857,True,True,True,False,0.0,0.0,0.0,9.981744302455686,0.0,-418.57431908491566,-408.59257478245996
2026-01-26T20:00:00Z,2026-01-26T20:15:00Z,2026-01-26,2026-01-26_85,0.0,100,100,0,57.1190718012423,52.697165714285774,0.014569929606625258,4.446857142857143,0.44742857142857145,True,True,True,False,0.0,0.0,72.08056062658265,9.981744302455686,1185.494247520338,-26.649855048078948,1240.9066974012974
2026-01-26T20:15:00Z,2026-01-26T20:30:00Z,2026-01-26,2026-01-26_86,0.0,100,100,0,52.697165714285774,44.494060124223665,0.022786404416839195,7.546857142857142,0.0,True,True,True,False,0.0,0.0,72.08056062658265,9.981744302455686,3363.826059152947,0.0,3445.8883640819854
2026-01-26T20:30:00Z,2026-01-26T20:45:00Z,2026-01-26,2026-01-26_87,0.0,100,100,0,44.494060124223665,47.243186086956584,0.008067792960662528,0.07142857142857142,3.0725714285714285,True,True,True,False,0.0,0.0,72.08056062658265,9.981744302455686,9.814891152857115,-160.50134127498242,-68.62414519308697
2026-01-26T20:45:00Z,2026-01-26T21:00:00Z,2026-01-26,2026-01-26_88,0.0,100,100,0,47.243186086956584,64.34782608695659,0.04751288888888889,0.0,18.592,True,True,True,False,0.0,0.0,72.08056062658265,9.981744302455686,0.0,5544.279433877078,5626.341738806116
2026-01-26T21:00:00Z,2026-01-26T21:15:00Z,2026-01-26,2026-01-26_89,0.0,0,0,100,64.34782608695659,64.34782608695659,0.0,0.0,0.0,True,False,True,False,0.0,1023.2024026853542,0.0,0.0,0.0,0.0,1023.2024026853542
2026-01-26T21:15:00Z,2026-01-26T21:30:00Z,2026-01-26,2026-01-26_90,0.0,0,0,100,64.34782608695659,64.34782608695659,0.0,0.0,0.0,True,False,True,False,0.0,1023.2024026853542,0.0,0.0,0.0,0.0,1023.2024026853542
2026-01-26T21:30:00Z,2026-01-26T21:45:00Z,2026-01-26,2026-01-26_91,0.0,0,0,100,64.34782608695659,64.34782608695659,0.0,0.0,0.0,True,False,True,False,0.0,1023.2024026853542,0.0,0.0,0.0,0.0,1023.2024026853542
2026-01-26T21:45:00Z,2026-01-26T22:00:00Z,2026-01-26,2026-01-26_92,0.0,0,0,100,64.34782608695659,64.34782608695659,0.0,0.0,0.0,True,False,True,False,0.0,1023.2024026853542,0.0,0.0,0.0,0.0,1023.2024026853542
2026-01-26T22:00:00Z,2026-01-26T22:15:00Z,2026-01-27,2026-01-26_93,0.0,0,0,100,64.34782608695659,64.34782608695659,0.0,0.0,0.0,True,False,True,False,0.0,1022.8610675039247,0.0,0.0,0.0,0.0,1022.8610675039247
2026-01-26T22:15:00Z,2026-01-26T22:30:00Z,2026-01-27,2026-01-26_94,0.0,0,0,100,64.34782608695659,64.34782608695659,0.0,0.0,0.0,True,False,True,False,0.0,1022.8610675039247,0.0,0.0,0.0,0.0,1022.8610675039247
2026-01-26T22:30:00Z,2026-01-26T22:45:00Z,2026-01-27,2026-01-26_95,0.0,0,0,100,64.34782608695659,64.34782608695659,0.0,0.0,0.0,True,False,True,False,0.0,1022.8610675039247,0.0,0.0,0.0,0.0,1022.8610675039247
2026-01-26T22:45:00Z,2026-01-26T23:00:00Z,2026-01-27,2026-01-26_96,0.0,0,0,100,64.34782608695659,64.34782608695659,0.0,0.0,0.0,True,False,True,False,0.0,1022.8610675039247,0.0,0.0,0.0,0.0,1022.8610675039247
2026-01-26T23:00:00Z,2026-01-26T23:15:00Z,2026-01-27,2026-01-27_1,0.0,0,0,100,64.34782608695659,64.34782608695659,0.0,0.0,0.0,True,False,True,False,0.0,1022.8610675039247,0.0,0.0,0.0,0.0,1022.8610675039247
2026-01-26T23:15:00Z,2026-01-26T23:30:00Z,2026-01-27,2026-01-27_2,0.0,0,0,100,64.34782608695659,64.34782608695659,0.0,0.0,0.0,True,False,True,False,0.0,1022.8610675039247,0.0,0.0,0.0,0.0,1022.8610675039247
2026-01-26T23:30:00Z,2026-01-26T23:45:00Z,2026-01-27,2026-01-27_3,0.0,0,0,100,64.34782608695659,64.34782608695659,0.0,0.0,0.0,True,False,True,False,0.0,1022.8610675039247,0.0,0.0,0.0,0.0,1022.8610675039247
2026-01-26T23:45:00Z,2026-01-27T00:00:00Z,2026-01-27,2026-01-27_4,0.0,0,0,100,64.34782608695659,64.34782608695659,0.0,0.0,0.0,True,False,True,False,0.0,1022.8610675039247,0.0,0.0,0.0,0.0,1022.8610675039247
2026-01-27T00:00:00Z,2026-01-27T00:15:00Z,2026-01-27,2026-01-27_5,-23.0,23,0,77,64.34782608695659,69.6378260869566,0.014694444444444444,0.0,0.0,True,True,True,False,-675.97,787.603021978022,12.998430141287283,0.0,0.0,0.0,124.63145211930922
2026-01-27T00:15:00Z,2026-01-27T00:30:00Z,2026-01-27,2026-01-27_6,-23.0,23,0,77,69.6378260869566,74.92661694409945,0.014691085714285715,0.0013142857142857142,0.0,True,True,True,False,-678.27,787.603021978022,12.998430141287283,0.0,0.1805337519623234,0.0,122.51198587127158
2026-01-27T00:30:00Z,2026-01-27T00:45:00Z,2026-01-27,2026-01-27_7,-23.0,23,0,77,74.92661694409945,80.21661694409944,0.014694444444444444,0.0,0.0,True,True,True,False,-666.31,787.603021978022,12.998430141287283,0.0,0.0,0.0,134.2914521193093
2026-01-27T00:45:00Z,2026-01-27T01:00:00Z,2026-01-27,2026-01-27_8,-23.0,23,0,77,80.21661694409944,85.50661694409945,0.014694444444444446,0.0,0.0,True,True,True,False,-671.485,787.603021978022,12.998430141287283,0.0,0.0,0.0,129.11645211930923
2026-01-27T01:00:00Z,2026-01-27T01:15:00Z,2026-01-27,2026-01-27_9,0.0,0,0,100,85.50661694409945,85.50661694409945,0.0,0.0,0.0,True,False,True,False,0.0,1022.8610675039247,0.0,0.0,0.0,0.0,1022.8610675039247
2026-01-27T01:15:00Z,2026-01-27T01:30:00Z,2026-01-27,2026-01-27_10,0.0,0,0,100,85.50661694409945,85.50661694409945,0.0,0.0,0.0,True,False,True,False,0.0,1022.8610675039247,0.0,0.0,0.0,0.0,1022.8610675039247
2026-01-27T01:30:00Z,2026-01-27T01:45:00Z,2026-01-27,2026-01-27_11,0.0,0,0,100,85.50661694409945,85.50661694409945,0.0,0.0,0.0,True,False,True,False,0.0,1022.8610675039247,0.0,0.0,0.0,0.0,1022.8610675039247
2026-01-27T01:45:00Z,2026-01-27T02:00:00Z,2026-01-27,2026-01-27_12,0.0,0,0,100,85.50661694409945,85.50661694409945,0.0,0.0,0.0,True,False,True,False,0.0,1022.8610675039247,0.0,0.0,0.0,0.0,1022.8610675039247
2026-01-27T02:00:00Z,2026-01-27T02:15:00Z,2026-01-27,2026-01-27_13,0.0,0,0,100,85.50661694409945,85.50661694409945,0.0,0.0,0.0,True,True,True,False,0.0,1022.8610675039247,0.0,0.0,0.0,0.0,1022.8610675039247
2026-01-27T02:15:00Z,2026-01-27T02:30:00Z,2026-01-27,2026-01-27_14,0.0,0,0,100,85.50661694409945,85.50661694409945,0.0,0.0,0.0,True,True,True,False,0.0,1022.8610675039247,0.0,0.0,0.0,0.0,1022.8610675039247
2026-01-27T02:30:00Z,2026-01-27T02:45:00Z,2026-01-27,2026-01-27_15,0.0,0,0,100,85.50661694409945,85.50661694409945,0.0,0.0,0.0,True,True,True,False,0.0,1022.8610675039247,0.0,0.0,0.0,0.0,1022.8610675039247
2026-01-27T02:45:00Z,2026-01-27T03:00:00Z,2026-01-27,2026-01-27_16,0.0,0,0,100,85.50661694409945,85.50661694409945,0.0,0.0,0.0,True,True,True,False,0.0,1022.8610675039247,0.0,0.0,0.0,0.0,1022.8610675039247
2026-01-27T03:00:00Z,2026-01-27T03:15:00Z,2026-01-27,2026-01-27_17,0.0,100,100,0,85.50661694409945,96.47722265838516,0.03047390476190476,0.0,11.924571428571427,True,True,True,False,0.0,0.0,56.5149136577708,9.860675039246468,0.0,-181.60635568513118,-115.23076698811391
2026-01-27T03:15:00Z,2026-01-27T03:30:00Z,2026-01-27,2026-01-27_18,0.0,100,100,0,96.47722265838516,113.20282265838516,0.04646000000000001,0.0,18.180000000000003,True,True,True,False,0.0,0.0,56.5149136577708,9.860675039246468,0.0,1299.852162480377,1366.2277511773943
2026-01-27T03:30:00Z,2026-01-27T03:45:00Z,2026-01-27,2026-01-27_19,0.0,100,100,0,113.20282265838516,132.42083408695657,0.05338336507936508,0.0,20.889142857142858,True,True,True,False,0.0,0.0,56.5149136577708,9.860675039246468,0.0,1931.721026239067,1998.0966149360843
2026-01-27T03:45:00Z,2026-01-27T04:00:00Z,2026-01-27,2026-01-27_20,0.0,100,100,0,132.42083408695657,143.35726837267086,0.03037898412698413,0.0,11.887428571428572,True,True,True,False,0.0,0.0,56.5149136577708,9.860675039246468,0.0,-368.1860407041938,-301.8104520071765
2026-01-27T04:00:00Z,2026-01-27T04:15:00Z,2026-01-27,2026-01-27_21,-1.0,0,0,99,143.35726837267086,143.58726837267085,0.0006388888888888889,0.0,0.0,True,False,True,False,-30.2875,1012.6324568288854,0.0,0.0,0.0,0.0,982.3449568288854
2026-01-27T04:15:00Z,2026-01-27T04:30:00Z,2026-01-27,2026-01-27_22,-1.0,0,0,99,143.58726837267085,143.81726837267084,0.0006388888888888889,0.0,0.0,True,False,True,False,-31.2075,1012.6324568288854,0.0,0.0,0.0,0.0,981.4249568288855
2026-01-27T04:30:00Z,2026-01-27T04:45:00Z,2026-01-27,2026-01-27_23,-1.0,0,0,99,143.81726837267084,144.04726837267083,0.0006388888888888889,0.0,0.0,True,False,True,False,-32.0625,1012.6324568288854,0.0,0.0,0.0,0.0,980.5699568288854
2026-01-27T04:45:00Z,2026-01-27T05:00:00Z,2026-01-27,2026-01-27_24,-1.0,0,0,99,144.04726837267083,144.27726837267082,0.0006388888888888889,0.0,0.0,True,False,True,False,-34.71,1012.6324568288854,0.0,0.0,0.0,0.0,977.9224568288854
2026-01-27T05:00:00Z,2026-01-27T05:15:00Z,2026-01-27,2026-01-27_25,0.0,1,1,99,144.27726837267082,144.3437659726708,0.00018471555555555556,0.0,0.07228,True,True,True,False,0.0,1012.6324568288854,0.907476452119309,0.3055337519623234,0.0,13.70352775510204,1027.5489947880692
2026-01-27T05:15:00Z,2026-01-27T05:30:00Z,2026-01-27,2026-01-27_26,0.0,1,1,99,144.3437659726708,144.34337578136646,4.092118702553485e-06,0.0008571428571428571,0.0005885714285714285,True,True,True,False,0.0,1012.6324568288854,0.907476452119309,0.3055337519623234,0.10921725723256334,-0.04735366674142184,1013.9073306234582
2026-01-27T05:30:00Z,2026-01-27T05:45:00Z,2026-01-27,2026-01-27_27,0.0,1,1,99,144.34337578136646,144.3255354236025,5.0754009661835746e-05,0.016611428571428572,0.0002342857142857143,True,True,True,False,0.0,1012.6324568288854,0.907476452119309,0.3055337519623234,3.006942386185244,-0.018849517829109666,1016.8335599013232
2026-01-27T05:45:00Z,2026-01-27T06:00:00Z,2026-01-27,2026-01-27_28,0.0,1,1,99,144.3255354236025,144.26873418136648,0.00015778122843340233,0.052257142857142856,0.0,True,True,True,False,0.0,1012.6324568288854,0.907476452119309,0.3055337519623234,11.454538063467146,0.0,1025.3000050964342
2026-01-27T06:00:00Z,2026-01-27T06:15:00Z,2026-01-27,2026-01-27_29,0.5221898741634577,0,98,2,144.26873418136648,144.1758260869565,0.0005285402814562459,0.0,0.053200000000000004,True,True,True,False,28.045512666633908,20.457221350078495,0.0,26.249999999999996,0.0,-4.280219780219781,70.47251423649261
2026-01-27T06:15:00Z,2026-01-27T06:30:00Z,2026-01-27,2026-01-27_30,98.0,0,98,2,144.1758260869565,117.55756521739127,0.07393961352657005,0.0,0.0112,True,True,True,False,7026.6,20.457221350078495,0.0,26.249999999999996,0.0,-0.9010989010989011,7072.40612244898
2026-01-27T06:30:00Z,2026-01-27T06:45:00Z,2026-01-27,2026-01-27_31,98.0,0,98,2,117.55756521739127,90.92713043478258,0.07397342995169082,0.0,0.0,True,True,True,False,7564.865,20.457221350078495,0.0,26.249999999999996,0.0,0.0,7611.5722213500785
2026-01-27T06:45:00Z,2026-01-27T07:00:00Z,2026-01-27,2026-01-27_32,98.0,0,98,2,90.92713043478258,64.3478260869565,0.07383140096618357,0.0,0.04704,True,True,True,False,6514.795000000001,20.457221350078495,0.0,26.249999999999996,0.0,-3.7846153846153845,6557.717605965464
2026-01-27T07:00:00Z,2026-01-27T07:15:00Z,2026-01-27,2026-01-27_33,0.0,0,0,100,64.3478260869565,64.3478260869565,0.0,0.0,0.0,True,True,True,False,0.0,1022.8610675039247,0.0,0.0,0.0,0.0,1022.8610675039247
2026-01-27T07:15:00Z,2026-01-27T07:30:00Z,2026-01-27,2026-01-27_34,0.0,0,0,100,64.3478260869565,64.3478260869565,0.0,0.0,0.0,True,True,True,False,0.0,1022.8610675039247,0.0,0.0,0.0,0.0,1022.8610675039247
2026-01-27T07:30:00Z,2026-01-27T07:45:00Z,2026-01-27,2026-01-27_35,0.0,0,0,100,64.3478260869565,64.3478260869565,0.0,0.0,0.0,True,True,True,False,0.0,1022.8610675039247,0.0,0.0,0.0,0.0,1022.8610675039247
2026-01-27T07:45:00Z,2026-01-27T08:00:00Z,2026-01-27,2026-01-27_36,0.0,0,0,100,64.3478260869565,64.3478260869565,0.0,0.0,0.0,True,True,True,False,0.0,1022.8610675039247,0.0,0.0,0.0,0.0,1022.8610675039247
2026-01-27T08:00:00Z,2026-01-27T08:15:00Z,2026-01-27,2026-01-27_37,0.0,0,0,100,64.3478260869565,64.3478260869565,0.0,0.0,0.0,True,True,True,False,0.0,1022.8610675039247,0.0,0.0,0.0,0.0,1022.8610675039247
2026-01-27T08:15:00Z,2026-01-27T08:30:00Z,2026-01-27,2026-01-27_38,0.0,0,0,100,64.3478260869565,64.3478260869565,0.0,0.0,0.0,True,True,True,False,0.0,1022.8610675039247,0.0,0.0,0.0,0.0,1022.8610675039247
2026-01-27T08:30:00Z,2026-01-27T08:45:00Z,2026-01-27,2026-01-27_39,0.0,0,0,100,64.3478260869565,64.3478260869565,0.0,0.0,0.0,True,True,True,False,0.0,1022.8610675039247,0.0,0.0,0.0,0.0,1022.8610675039247
2026-01-27T08:45:00Z,2026-01-27T09:00:00Z,2026-01-27,2026-01-27_40,0.0,0,0,100,64.3478260869565,64.3478260869565,0.0,0.0,0.0,True,True,True,False,0.0,1022.8610675039247,0.0,0.0,0.0,0.0,1022.8610675039247
2026-01-27T09:00:00Z,2026-01-27T09:15:00Z,2026-01-27,2026-01-27_41,0.0,0,0,100,64.3478260869565,64.3478260869565,0.0,0.0,0.0,True,True,True,False,0.0,1022.8610675039247,0.0,0.0,0.0,0.0,1022.8610675039247
2026-01-27T09:15:00Z,2026-01-27T09:30:00Z,2026-01-27,2026-01-27_42,0.0,0,0,100,64.3478260869565,64.3478260869565,0.0,0.0,0.0,True,True,True,False,0.0,1022.8610675039247,0.0,0.0,0.0,0.0,1022.8610675039247
2026-01-27T09:30:00Z,2026-01-27T09:45:00Z,2026-01-27,2026-01-27_43,0.0,0,0,100,64.3478260869565,64.3478260869565,0.0,0.0,0.0,True,True,True,False,0.0,1022.8610675039247,0.0,0.0,0.0,0.0,1022.8610675039247
2026-01-27T09:45:00Z,2026-01-27T10:00:00Z,2026-01-27,2026-01-27_44,0.0,0,0,100,64.3478260869565,64.3478260869565,0.0,0.0,0.0,True,True,True,False,0.0,1022.8610675039247,0.0,0.0,0.0,0.0,1022.8610675039247
2026-01-27T10:00:00Z,2026-01-27T10:15:00Z,2026-01-27,2026-01-27_45,-100.0,100,0,0,64.3478260869565,77.70727751552793,0.037109587301587296,10.478857142857144,0.0,True,True,True,False,-4144.5,0.0,78.67935635792779,0.0,7688.238372505047,0.0,3622.4177288629744
2026-01-27T10:15:00Z,2026-01-27T10:30:00Z,2026-01-27,2026-01-27_46,-94.66972212744666,100,0,0,77.70727751552793,98.28966857142858,0.0575862302906792,1.282857142857143,0.0,True,True,True,False,-3914.119661359282,0.0,78.67935635792779,0.0,264.5384346265979,0.0,-3570.901870374756
2026-01-27T10:30:00Z,2026-01-27T10:45:00Z,2026-01-27,2026-01-27_47,-100.0,100,0,0,98.28966857142858,121.24918857142859,0.06377644444444444,0.044000000000000004,0.0,True,True,True,False,-4017.0,0.0,78.67935635792779,0.0,7.417583202511774,0.0,-3930.9030604395602
2026-01-27T10:45:00Z,2026-01-27T11:00:00Z,2026-01-27,2026-01-27_48,-100.0,100,0,0,121.24918857142859,144.00000000000003,0.06319669841269843,0.2708571428571428,0.0,True,True,True,False,-3704.5,0.0,78.67935635792779,0.0,50.93969253195783,0.0,-3574.8809511101144
2026-01-27T11:00:00Z,2026-01-27T11:15:00Z,2026-01-27,2026-01-27_49,0.0,0,0,100,144.00000000000003,144.00000000000003,0.0,0.0,0.0,True,True,True,False,0.0,1022.8610675039247,0.0,0.0,0.0,0.0,1022.8610675039247
2026-01-27T11:15:00Z,2026-01-27T11:30:00Z,2026-01-27,2026-01-27_50,0.0,0,0,100,144.00000000000003,144.00000000000003,0.0,0.0,0.0,True,True,True,False,0.0,1022.8610675039247,0.0,0.0,0.0,0.0,1022.8610675039247
2026-01-27T11:30:00Z,2026-01-27T11:45:00Z,2026-01-27,2026-01-27_51,0.0,0,0,100,144.00000000000003,144.00000000000003,0.0,0.0,0.0,True,True,True,False,0.0,1022.8610675039247,0.0,0.0,0.0,0.0,1022.8610675039247
2026-01-27T11:45:00Z,2026-01-27T12:00:00Z,2026-01-27,2026-01-27_52,0.0,0,0,100,144.00000000000003,144.00000000000003,0.0,0.0,0.0,True,True,True,False,0.0,1022.8610675039247,0.0,0.0,0.0,0.0,1022.8610675039247
2026-01-27T12:00:00Z,2026-01-27T12:15:00Z,2026-01-27,2026-01-27_53,0.0,0,0,100,144.00000000000003,144.00000000000003,0.0,0.0,0.0,True,True,True,False,0.0,1022.8610675039247,0.0,0.0,0.0,0.0,1022.8610675039247
2026-01-27T12:15:00Z,2026-01-27T12:30:00Z,2026-01-27,2026-01-27_54,0.0,0,0,100,144.00000000000003,144.00000000000003,0.0,0.0,0.0,True,True,True,False,0.0,1022.8610675039247,0.0,0.0,0.0,0.0,1022.8610675039247
2026-01-27T12:30:00Z,2026-01-27T12:45:00Z,2026-01-27,2026-01-27_55,0.0,0,0,100,144.00000000000003,144.00000000000003,0.0,0.0,0.0,True,True,True,False,0.0,1022.8610675039247,0.0,0.0,0.0,0.0,1022.8610675039247
2026-01-27T12:45:00Z,2026-01-27T13:00:00Z,2026-01-27,2026-01-27_56,0.0,0,0,100,144.00000000000003,144.00000000000003,0.0,0.0,0.0,True,True,True,False,0.0,1022.8610675039247,0.0,0.0,0.0,0.0,1022.8610675039247
2026-01-27T13:00:00Z,2026-01-27T13:15:00Z,2026-01-27,2026-01-27_57,0.0,0,0,100,144.00000000000003,144.00000000000003,0.0,0.0,0.0,True,True,True,False,0.0,1022.8610675039247,0.0,0.0,0.0,0.0,1022.8610675039247
2026-01-27T13:15:00Z,2026-01-27T13:30:00Z,2026-01-27,2026-01-27_58,0.0,0,0,100,144.00000000000003,144.00000000000003,0.0,0.0,0.0,True,True,True,False,0.0,1022.8610675039247,0.0,0.0,0.0,0.0,1022.8610675039247
2026-01-27T13:30:00Z,2026-01-27T13:45:00Z,2026-01-27,2026-01-27_59,0.0,0,0,100,144.00000000000003,144.00000000000003,0.0,0.0,0.0,True,True,True,False,0.0,1022.8610675039247,0.0,0.0,0.0,0.0,1022.8610675039247
2026-01-27T13:45:00Z,2026-01-27T14:00:00Z,2026-01-27,2026-01-27_60,0.0,0,0,100,144.00000000000003,144.00000000000003,0.0,0.0,0.0,True,True,True,False,0.0,1022.8610675039247,0.0,0.0,0.0,0.0,1022.8610675039247
2026-01-27T14:00:00Z,2026-01-27T14:15:00Z,2026-01-27,2026-01-27_61,0.0,0,100,0,144.00000000000003,150.62032000000002,0.01838977777777778,0.0,7.196,True,True,True,False,0.0,0.0,0.0,30.55337519623234,0.0,-210.7851868131868,-180.23181161695447
2026-01-27T14:15:00Z,2026-01-27T14:30:00Z,2026-01-27,2026-01-27_62,0.0,0,100,0,150.62032000000002,152.06235428571432,0.004005650793650794,0.0,1.5674285714285714,True,True,True,False,0.0,0.0,0.0,30.55337519623234,0.0,-74.67000874635568,-44.11663355012334
2026-01-27T14:30:00Z,2026-01-27T14:45:00Z,2026-01-27,2026-01-27_63,100.0,0,100,0,152.06235428571432,124.92136049689444,0.07539164941338855,0.0,0.030285714285714284,True,True,True,False,7500.25,0.0,0.0,30.55337519623234,0.0,-2.0800627943485086,7528.723312401884
2026-01-27T14:45:00Z,2026-01-27T15:00:00Z,2026-01-27,2026-01-27_64,100.0,0,100,0,124.92136049689444,100.0840934161491,0.06899240855762595,0.0,2.149714285714286,True,True,True,False,7782.75,0.0,0.0,30.55337519623234,0.0,-115.92511459968603,7697.378260596546
2026-01-27T15:00:00Z,2026-01-27T15:15:00Z,2026-01-27,2026-01-27_65,-80.32773655954625,0,19,0,100.0840934161491,118.56666459627331,0.05134047550034503,0.0,0.007817142857142856,True,True,True,False,-4004.3376674933806,0.0,0.0,5.089285714285714,0.0,-0.5224048082529714,-3999.770786587348
2026-01-27T15:15:00Z,2026-01-27T15:30:00Z,2026-01-27,2026-01-27_66,0.0,0,19,0,118.56666459627331,118.56666459627331,0.0,0.0,0.0,True,True,True,False,0.0,0.0,0.0,5.089285714285714,0.0,0.0,5.089285714285714
2026-01-27T15:30:00Z,2026-01-27T15:45:00Z,2026-01-27,2026-01-27_67,100.0,0,19,0,118.56666459627331,91.5217391304348,0.07512479296066252,0.0,0.11866857142857143,True,True,True,False,7637.75,0.0,0.0,5.089285714285714,0.0,-7.047203905584213,7635.792081808701
2026-01-27T15:45:00Z,2026-01-27T16:00:00Z,2026-01-27,2026-01-27_68,100.0,0,19,0,91.5217391304348,64.34782608695654,0.0754830917874396,0.0,0.0,True,True,True,False,8621.75,0.0,0.0,5.089285714285714,0.0,0.0,8626.839285714286
2026-01-27T16:00:00Z,2026-01-27T16:15:00Z,2026-01-27,2026-01-27_69,0.0,0,0,100,64.34782608695654,64.34782608695654,0.0,0.0,0.0,True,True,True,False,0.0,1022.8610675039247,0.0,0.0,0.0,0.0,1022.8610675039247
2026-01-27T16:15:00Z,2026-01-27T16:30:00Z,2026-01-27,2026-01-27_70,0.0,0,0,100,64.34782608695654,64.34782608695654,0.0,0.0,0.0,True,True,True,False,0.0,1022.8610675039247,0.0,0.0,0.0,0.0,1022.8610675039247
2026-01-27T16:30:00Z,2026-01-27T16:45:00Z,2026-01-27,2026-01-27_71,0.0,0,0,100,64.34782608695654,64.34782608695654,0.0,0.0,0.0,True,True,True,False,0.0,1022.8610675039247,0.0,0.0,0.0,0.0,1022.8610675039247
2026-01-27T16:45:00Z,2026-01-27T17:00:00Z,2026-01-27,2026-01-27_72,0.0,0,0,100,64.34782608695654,64.34782608695654,0.0,0.0,0.0,True,True,True,False,0.0,1022.8610675039247,0.0,0.0,0.0,0.0,1022.8610675039247
2026-01-27T17:00:00Z,2026-01-27T17:15:00Z,2026-01-27,2026-01-27_73,0.0,0,0,100,64.34782608695654,64.34782608695654,0.0,0.0,0.0,True,True,True,False,0.0,1022.8610675039247,0.0,0.0,0.0,0.0,1022.8610675039247
2026-01-27T17:15:00Z,2026-01-27T17:30:00Z,2026-01-27,2026-01-27_74,0.0,0,0,100,64.34782608695654,64.34782608695654,0.0,0.0,0.0,True,True,True,False,0.0,1022.8610675039247,0.0,0.0,0.0,0.0,1022.8610675039247
2026-01-27T17:30:00Z,2026-01-27T17:45:00Z,2026-01-27,2026-01-27_75,0.0,0,0,100,64.34782608695654,64.34782608695654,0.0,0.0,0.0,True,True,True,False,0.0,1022.8610675039247,0.0,0.0,0.0,0.0,1022.8610675039247
2026-01-27T17:45:00Z,2026-01-27T18:00:00Z,2026-01-27,2026-01-27_76,0.0,0,0,100,64.34782608695654,64.34782608695654,0.0,0.0,0.0,True,True,True,False,0.0,1022.8610675039247,0.0,0.0,0.0,0.0,1022.8610675039247
2026-01-27T18:00:00Z,2026-01-27T18:15:00Z,2026-01-27,2026-01-27_77,0.0,0,0,100,64.34782608695654,64.34782608695654,0.0,0.0,0.0,True,True,True,False,0.0,1022.8610675039247,0.0,0.0,0.0,0.0,1022.8610675039247
2026-01-27T18:15:00Z,2026-01-27T18:30:00Z,2026-01-27,2026-01-27_78,0.0,0,0,100,64.34782608695654,64.34782608695654,0.0,0.0,0.0,True,True,True,False,0.0,1022.8610675039247,0.0,0.0,0.0,0.0,1022.8610675039247
2026-01-27T18:30:00Z,2026-01-27T18:45:00Z,2026-01-27,2026-01-27_79,0.0,0,0,100,64.34782608695654,64.34782608695654,0.0,0.0,0.0,True,True,True,False,0.0,1022.8610675039247,0.0,0.0,0.0,0.0,1022.8610675039247
2026-01-27T18:45:00Z,2026-01-27T19:00:00Z,2026-01-27,2026-01-27_80,0.0,0,0,100,64.34782608695654,64.34782608695654,0.0,0.0,0.0,True,True,True,False,0.0,1022.8610675039247,0.0,0.0,0.0,0.0,1022.8610675039247
2026-01-27T19:00:00Z,2026-01-27T19:15:00Z,2026-01-27,2026-01-27_81,0.0,0,0,100,64.34782608695654,64.34782608695654,0.0,0.0,0.0,True,True,True,False,0.0,1022.8610675039247,0.0,0.0,0.0,0.0,1022.8610675039247
2026-01-27T19:15:00Z,2026-01-27T19:30:00Z,2026-01-27,2026-01-27_82,0.0,0,0,100,64.34782608695654,64.34782608695654,0.0,0.0,0.0,True,True,True,False,0.0,1022.8610675039247,0.0,0.0,0.0,0.0,1022.8610675039247
2026-01-27T19:30:00Z,2026-01-27T19:45:00Z,2026-01-27,2026-01-27_83,0.0,0,0,100,64.34782608695654,64.34782608695654,0.0,0.0,0.0,True,True,True,False,0.0,1022.8610675039247,0.0,0.0,0.0,0.0,1022.8610675039247
2026-01-27T19:45:00Z,2026-01-27T20:00:00Z,2026-01-27,2026-01-27_84,0.0,0,0,100,64.34782608695654,64.34782608695654,0.0,0.0,0.0,True,True,True,False,0.0,1022.8610675039247,0.0,0.0,0.0,0.0,1022.8610675039247
2026-01-27T20:00:00Z,2026-01-27T20:15:00Z,2026-01-27,2026-01-27_85,0.0,0,0,100,64.34782608695654,64.34782608695654,0.0,0.0,0.0,True,True,True,False,0.0,1022.8610675039247,0.0,0.0,0.0,0.0,1022.8610675039247
2026-01-27T20:15:00Z,2026-01-27T20:30:00Z,2026-01-27,2026-01-27_86,0.0,0,0,100,64.34782608695654,64.34782608695654,0.0,0.0,0.0,True,True,True,False,0.0,1022.8610675039247,0.0,0.0,0.0,0.0,1022.8610675039247
2026-01-27T20:30:00Z,2026-01-27T20:45:00Z,2026-01-27,2026-01-27_87,0.0,0,0,100,64.34782608695654,64.34782608695654,0.0,0.0,0.0,True,True,True,False,0.0,1022.8610675039247,0.0,0.0,0.0,0.0,1022.8610675039247
2026-01-27T20:45:00Z,2026-01-27T21:00:00Z,2026-01-27,2026-01-27_88,0.0,0,0,100,64.34782608695654,64.34782608695654,0.0,0.0,0.0,True,True,True,False,0.0,1022.8610675039247,0.0,0.0,0.0,0.0,1022.8610675039247
2026-01-27T21:00:00Z,2026-01-27T21:15:00Z,2026-01-27,2026-01-27_89,0.0,0,0,100,64.34782608695654,64.34782608695654,0.0,0.0,0.0,True,True,True,False,0.0,1022.8610675039247,0.0,0.0,0.0,0.0,1022.8610675039247
2026-01-27T21:15:00Z,2026-01-27T21:30:00Z,2026-01-27,2026-01-27_90,0.0,0,0,100,64.34782608695654,64.34782608695654,0.0,0.0,0.0,True,True,True,False,0.0,1022.8610675039247,0.0,0.0,0.0,0.0,1022.8610675039247
2026-01-27T21:30:00Z,2026-01-27T21:45:00Z,2026-01-27,2026-01-27_91,0.0,0,0,100,64.34782608695654,64.34782608695654,0.0,0.0,0.0,True,True,True,False,0.0,1022.8610675039247,0.0,0.0,0.0,0.0,1022.8610675039247
2026-01-27T21:45:00Z,2026-01-27T22:00:00Z,2026-01-27,2026-01-27_92,0.0,0,0,100,64.34782608695654,64.34782608695654,0.0,0.0,0.0,True,True,True,False,0.0,1022.8610675039247,0.0,0.0,0.0,0.0,1022.8610675039247
2026-01-27T22:00:00Z,2026-01-27T22:15:00Z,2026-01-28,2026-01-27_93,1.2357264969740875e-13,0,0,100,64.34782608695654,64.34782608695652,9.327645659526626e-17,0.0,0.0,True,True,True,False,4.133505132378323e-12,1022.8811397397907,0.0,0.0,0.0,0.0,1022.8811397397948
2026-01-27T22:15:00Z,2026-01-27T22:30:00Z,2026-01-28,2026-01-27_94,0.0,0,0,100,64.34782608695652,64.34782608695652,0.0,0.0,0.0,True,True,True,False,0.0,1022.8811397397907,0.0,0.0,0.0,0.0,1022.8811397397907
2026-01-27T22:30:00Z,2026-01-27T22:45:00Z,2026-01-28,2026-01-27_95,0.0,0,0,100,64.34782608695652,64.34782608695652,0.0,0.0,0.0,True,True,True,False,0.0,1022.8811397397907,0.0,0.0,0.0,0.0,1022.8811397397907
2026-01-27T22:45:00Z,2026-01-27T23:00:00Z,2026-01-28,2026-01-27_96,0.0,0,0,100,64.34782608695652,64.34782608695652,0.0,0.0,0.0,True,True,True,False,0.0,1022.8811397397907,0.0,0.0,0.0,0.0,1022.8811397397907
2026-01-27T23:00:00Z,2026-01-27T23:15:00Z,2026-01-28,2026-01-28_1,-100.0,100,0,0,64.34782608695652,80.37212322981365,0.044511936507936514,7.582285714285715,0.0,True,True,True,False,-3046.25,0.0,63.521654663553036,0.0,1566.3887239321248,0.0,-1416.339621404322
2026-01-27T23:15:00Z,2026-01-27T23:30:00Z,2026-01-28,2026-01-28_2,-99.98600821011576,100,0,0,80.37212322981365,100.2371456,0.05518349378510497,3.404,0.0,True,True,True,False,-3022.5770281917994,0.0,63.521654663553036,0.0,672.8582907827861,0.0,-2286.19708274546
2026-01-27T23:30:00Z,2026-01-27T23:45:00Z,2026-01-28,2026-01-28_3,-100.0,100,0,0,100.2371456,120.70688274285715,0.05686038095238096,2.750285714285714,0.0,True,True,True,False,-2939.25,0.0,63.521654663553036,0.0,532.7191007897104,0.0,-2343.0092445467367
2026-01-27T23:45:00Z,2026-01-28T00:00:00Z,2026-01-28,2026-01-28_4,-100.0,100,0,0,120.70688274285715,134.0594998857143,0.03709060317460318,10.486285714285714,0.0,True,True,True,False,-2879.75,0.0,63.521654663553036,0.0,2333.392518018687,0.0,-482.83582731775994
2026-01-28T00:00:00Z,2026-01-28T00:15:00Z,2026-01-28,2026-01-28_5,-3.0,3,0,97,134.0594998857143,134.6896630857143,0.0017504533333333335,0.06504,0.0,True,True,True,False,-89.1675,992.1947055475969,1.905649639906591,0.0,12.636858855158067,0.0,917.5697140426615
2026-01-28T00:15:00Z,2026-01-28T00:30:00Z,2026-01-28,2026-01-28_6,-3.0,3,0,97,134.6896630857143,135.3050957714286,0.0017095352380952383,0.08105142857142857,0.0,True,True,True,False,-87.3075,992.1947055475969,1.905649639906591,0.0,15.794904896653609,0.0,922.587760084157
2026-01-28T00:30:00Z,2026-01-28T00:45:00Z,2026-01-28,2026-01-28_7,-3.0,3,0,97,135.3050957714286,135.95804868571432,0.0018137580952380954,0.04026857142857143,0.0,True,True,True,False,-82.4175,992.1947055475969,1.905649639906591,0.0,7.805736884273912,0.0,919.4885920717774
2026-01-28T00:45:00Z,2026-01-28T01:00:00Z,2026-01-28,2026-01-28_8,-3.0,3,0,97,135.95804868571432,136.64349074285715,0.0019040057142857142,0.004954285714285714,0.0,True,True,True,False,-82.30499999999999,992.1947055475969,1.905649639906591,0.0,0.8626060962174072,0.0,912.6579612837209
2026-01-28T01:00:00Z,2026-01-28T01:15:00Z,2026-01-28,2026-01-28_9,-8.0,8,0,92,136.64349074285715,138.48349074285716,0.005111111111111111,0.0,0.0,True,True,True,False,-229.84,941.0506485606073,5.081732373084243,0.0,0.0,0.0,716.2923809336916
2026-01-28T01:15:00Z,2026-01-28T01:30:00Z,2026-01-28,2026-01-28_10,-8.0,8,0,92,138.48349074285716,140.32349074285716,0.005111111111111111,0.0,0.0,True,True,True,False,-213.92,941.0506485606073,5.081732373084243,0.0,0.0,0.0,732.2123809336916
2026-01-28T01:30:00Z,2026-01-28T01:45:00Z,2026-01-28,2026-01-28_11,-8.0,8,0,92,140.32349074285716,142.16349074285714,0.005111111111111111,0.0,0.0,True,True,True,False,-221.68,941.0506485606073,5.081732373084243,0.0,0.0,0.0,724.4523809336915
2026-01-28T01:45:00Z,2026-01-28T02:00:00Z,2026-01-28,2026-01-28_12,-8.0,8,0,92,142.16349074285714,144.0,0.0051014146031746034,0.0037942857142857144,0.0,True,True,True,False,-216.58,941.0506485606073,5.081732373084243,0.0,0.529249955005845,0.0,730.0816308886974
2026-01-28T02:00:00Z,2026-01-28T02:15:00Z,2026-01-28,2026-01-28_13,0.0,0,0,100,144.0,144.0,0.0,0.0,0.0,True,True,True,False,0.0,1022.8811397397907,0.0,0.0,0.0,0.0,1022.8811397397907
2026-01-28T02:15:00Z,2026-01-28T02:30:00Z,2026-01-28,2026-01-28_14,0.0,0,0,100,144.0,144.0,0.0,0.0,0.0,True,True,True,False,0.0,1022.8811397397907,0.0,0.0,0.0,0.0,1022.8811397397907
2026-01-28T02:30:00Z,2026-01-28T02:45:00Z,2026-01-28,2026-01-28_15,0.0,0,0,100,144.0,144.0,0.0,0.0,0.0,True,True,True,False,0.0,1022.8811397397907,0.0,0.0,0.0,0.0,1022.8811397397907
2026-01-28T02:45:00Z,2026-01-28T03:00:00Z,2026-01-28,2026-01-28_16,0.0,0,0,100,144.0,144.0,0.0,0.0,0.0,True,True,True,False,0.0,1022.8811397397907,0.0,0.0,0.0,0.0,1022.8811397397907
2026-01-28T03:00:00Z,2026-01-28T03:15:00Z,2026-01-28,2026-01-28_17,0.0,0,0,100,144.0,144.0,0.0,0.0,0.0,True,True,True,False,0.0,1022.8811397397907,0.0,0.0,0.0,0.0,1022.8811397397907
2026-01-28T03:15:00Z,2026-01-28T03:30:00Z,2026-01-28,2026-01-28_18,0.0,0,0,100,144.0,144.0,0.0,0.0,0.0,True,True,True,False,0.0,1022.8811397397907,0.0,0.0,0.0,0.0,1022.8811397397907
2026-01-28T03:30:00Z,2026-01-28T03:45:00Z,2026-01-28,2026-01-28_19,0.0,0,0,100,144.0,144.0,0.0,0.0,0.0,True,True,True,False,0.0,1022.8811397397907,0.0,0.0,0.0,0.0,1022.8811397397907
2026-01-28T03:45:00Z,2026-01-28T04:00:00Z,2026-01-28,2026-01-28_20,0.0,0,0,100,144.0,144.0,0.0,0.0,0.0,True,True,True,False,0.0,1022.8811397397907,0.0,0.0,0.0,0.0,1022.8811397397907
2026-01-28T04:00:00Z,2026-01-28T04:15:00Z,2026-01-28,2026-01-28_21,0.0,0,0,100,144.0,144.0,0.0,0.0,0.0,True,True,True,False,0.0,1022.8811397397907,0.0,0.0,0.0,0.0,1022.8811397397907
2026-01-28T04:15:00Z,2026-01-28T04:30:00Z,2026-01-28,2026-01-28_22,0.0,0,0,100,144.0,144.0,0.0,0.0,0.0,True,True,True,False,0.0,1022.8811397397907,0.0,0.0,0.0,0.0,1022.8811397397907
2026-01-28T04:30:00Z,2026-01-28T04:45:00Z,2026-01-28,2026-01-28_23,0.0,0,0,100,144.0,144.0,0.0,0.0,0.0,True,True,True,False,0.0,1022.8811397397907,0.0,0.0,0.0,0.0,1022.8811397397907
2026-01-28T04:45:00Z,2026-01-28T05:00:00Z,2026-01-28,2026-01-28_24,-4.94290598789635e-13,0,0,100,144.0,144.0000000000001,3.157967714489335e-16,0.0,0.0,True,True,True,False,-1.6794758820374824e-11,1022.8811397397907,0.0,0.0,0.0,0.0,1022.8811397397739
2026-01-28T05:00:00Z,2026-01-28T05:15:00Z,2026-01-28,2026-01-28_25,0.0,0,0,100,144.0000000000001,144.0000000000001,0.0,0.0,0.0,True,True,True,False,0.0,1022.8811397397907,0.0,0.0,0.0,0.0,1022.8811397397907
2026-01-28T05:15:00Z,2026-01-28T05:30:00Z,2026-01-28,2026-01-28_26,0.0,0,0,100,144.0000000000001,144.0000000000001,0.0,0.0,0.0,True,True,True,False,0.0,1022.8811397397907,0.0,0.0,0.0,0.0,1022.8811397397907
2026-01-28T05:30:00Z,2026-01-28T05:45:00Z,2026-01-28,2026-01-28_27,0.0,0,0,100,144.0000000000001,144.0000000000001,0.0,0.0,0.0,True,True,True,False,0.0,1022.8811397397907,0.0,0.0,0.0,0.0,1022.8811397397907
2026-01-28T05:45:00Z,2026-01-28T06:00:00Z,2026-01-28,2026-01-28_28,0.0,0,0,100,144.0000000000001,144.0000000000001,0.0,0.0,0.0,True,True,True,False,0.0,1022.8811397397907,0.0,0.0,0.0,0.0,1022.8811397397907
2026-01-28T06:00:00Z,2026-01-28T06:15:00Z,2026-01-28,2026-01-28_29,0.0,0,0,100,144.0000000000001,144.0000000000001,0.0,0.0,0.0,True,True,True,False,0.0,1022.8811397397907,0.0,0.0,0.0,0.0,1022.8811397397907
2026-01-28T06:15:00Z,2026-01-28T06:30:00Z,2026-01-28,2026-01-28_30,0.0,0,0,100,144.0000000000001,144.0000000000001,0.0,0.0,0.0,True,True,True,False,0.0,1022.8811397397907,0.0,0.0,0.0,0.0,1022.8811397397907
2026-01-28T06:30:00Z,2026-01-28T06:45:00Z,2026-01-28,2026-01-28_31,0.0,0,0,100,144.0000000000001,144.0000000000001,0.0,0.0,0.0,True,True,True,False,0.0,1022.8811397397907,0.0,0.0,0.0,0.0,1022.8811397397907
2026-01-28T06:45:00Z,2026-01-28T07:00:00Z,2026-01-28,2026-01-28_32,0.0,0,0,100,144.0000000000001,144.0000000000001,0.0,0.0,0.0,True,True,True,False,0.0,1022.8811397397907,0.0,0.0,0.0,0.0,1022.8811397397907
2026-01-28T07:00:00Z,2026-01-28T07:15:00Z,2026-01-28,2026-01-28_33,78.0,0,78,22,144.0000000000001,122.88719254658398,0.05864668737060041,0.0,0.07621714285714286,True,True,True,False,4407.0,225.03385074275394,0.0,23.556584705351355,0.0,-5.2892833555267105,4650.301152092578
2026-01-28T07:15:00Z,2026-01-28T07:30:00Z,2026-01-28,2026-01-28_34,78.0,0,78,22,122.88719254658398,101.73611180124237,0.05875300207039338,0.0,0.041005714285714284,True,True,True,False,4669.47,225.03385074275394,0.0,23.556584705351355,0.0,-2.7553306865743608,4915.305104761531
2026-01-28T07:30:00Z,2026-01-28T07:45:00Z,2026-01-28,2026-01-28_35,78.0,0,78,22,101.73611180124237,80.59956521739144,0.058712629399585915,0.0,0.05437714285714285,True,True,True,False,4678.44,225.03385074275394,0.0,23.556584705351355,0.0,-3.5065728919327297,4923.523862556172
2026-01-28T07:45:00Z,2026-01-28T08:00:00Z,2026-01-28,2026-01-28_36,78.0,0,78,22,80.59956521739144,59.53278260869578,0.058518840579710144,0.0,0.11856000000000001,True,True,True,False,4068.09,225.03385074275394,0.0,23.556584705351355,0.0,-7.179860892089719,4309.500574556016
2026-01-28T08:00:00Z,2026-01-28T08:15:00Z,2026-01-28,2026-01-28_37,100.0,0,100,0,59.53278260869578,35.26197515527963,0.06741890959282262,0.0,2.6708571428571433,True,True,True,False,6013.25,0.0,0.0,30.20074962224533,0.0,-118.6243387821582,5924.826410840087
2026-01-28T08:15:00Z,2026-01-28T08:30:00Z,2026-01-28,2026-01-28_38,100.0,0,100,0,35.26197515527963,10.584335403726833,0.06854899930986888,0.0,2.2965714285714287,True,True,True,False,5712.75,0.0,0.0,30.20074962224533,0.0,-118.9220109163389,5624.028738705906
2026-01-28T08:30:00Z,2026-01-28T08:45:00Z,2026-01-28,2026-01-28_39,0.0,0,100,0,10.584335403726833,11.911763975155404,0.003687301587301587,0.0,1.4428571428571428,True,True,True,False,0.0,0.0,0.0,30.20074962224533,0.0,-84.97706279277737,-54.77631317053205
2026-01-28T08:45:00Z,2026-01-28T09:00:00Z,2026-01-28,2026-01-28_40,1.594210790797126,0,100,0,11.911763975155404,20.86228700621114,0.026290202292710615,0.0,10.170285714285713,True,True,True,False,69.25650227920414,0.0,0.0,30.20074962224533,0.0,301.32457611581293,400.7818280172624
2026-01-28T09:00:00Z,2026-01-28T09:15:00Z,2026-01-28,2026-01-28_41,-95.0,100,5,0,20.86228700621114,42.86369272049686,0.06111501587301587,0.0,0.1645714285714286,True,True,True,False,-3487.2125,0.0,89.86636315469299,1.8514884515002255,0.0,-9.426904878712017,-3404.921553272519
2026-01-28T09:15:00Z,2026-01-28T09:30:00Z,2026-01-28,2026-01-28_42,-95.0,100,5,0,42.86369272049686,65.29463329192544,0.06230816825396826,0.0,0.6314571428571427,True,True,True,False,-3194.8500000000004,0.0,89.86636315469299,1.8514884515002255,0.0,31.090704874787285,-3072.04144351902
2026-01-28T09:30:00Z,2026-01-28T09:45:00Z,2026-01-28,2026-01-28_43,-95.0,100,5,0,65.29463329192544,87.54102186335402,0.061795523809523814,0.0,0.4308571428571428,True,True,True,False,-1889.55,0.0,89.86636315469299,1.8514884515002255,0.0,-14.930642841724296,-1812.762791235531
2026-01-28T09:45:00Z,2026-01-28T10:00:00Z,2026-01-28,2026-01-28_44,-95.0,100,5,0,87.54102186335402,109.73181614906831,0.061641095238095245,0.0,0.37042857142857144,True,True,True,False,-1700.0249999999999,0.0,89.86636315469299,1.8514884515002255,0.0,-15.341030436233051,-1623.6481788300398
2026-01-28T10:00:00Z,2026-01-28T10:15:00Z,2026-01-28,2026-01-28_45,100.0,0,100,0,109.73181614906831,99.94982857142855,0.02717218771566598,0.0,16.000571428571426,True,True,True,False,5024.75,0.0,0.0,57.57569811024548,0.0,64.01610123544698,5146.341799345692
2026-01-28T10:15:00Z,2026-01-28T10:30:00Z,2026-01-28,2026-01-28_46,100.0,0,100,0,99.94982857142855,82.92436273291923,0.047292960662525876,0.0,9.336571428571428,True,True,True,False,4793.75,0.0,0.0,57.57569811024548,0.0,-432.3580647747629,4418.967633335483
2026-01-28T10:30:00Z,2026-01-28T10:45:00Z,2026-01-28,2026-01-28_47,100.0,0,100,0,82.92436273291923,64.16908322981365,0.052097998619737754,0.0,7.7451428571428576,True,True,True,False,4605.5,0.0,0.0,57.57569811024548,0.0,-279.8945285425538,4383.1811695676915
2026-01-28T10:45:00Z,2026-01-28T11:00:00Z,2026-01-28,2026-01-28_48,0.0,0,100,0,64.16908322981365,64.3478260869565,0.0004965079365079366,0.0,0.1942857142857143,True,True,True,False,0.0,0.0,0.0,57.57569811024548,0.0,-11.444476652098466,46.13122145814702
2026-01-28T11:00:00Z,2026-01-28T11:15:00Z,2026-01-28,2026-01-28_49,0.0,0,0,100,64.3478260869565,64.3478260869565,0.0,0.0,0.0,True,True,True,False,0.0,1022.8811397397907,0.0,0.0,0.0,0.0,1022.8811397397907
2026-01-28T11:15:00Z,2026-01-28T11:30:00Z,2026-01-28,2026-01-28_50,0.0,0,0,100,64.3478260869565,64.3478260869565,0.0,0.0,0.0,True,True,True,False,0.0,1022.8811397397907,0.0,0.0,0.0,0.0,1022.8811397397907
2026-01-28T11:30:00Z,2026-01-28T11:45:00Z,2026-01-28,2026-01-28_51,0.0,0,0,100,64.3478260869565,64.3478260869565,0.0,0.0,0.0,True,True,True,False,0.0,1022.8811397397907,0.0,0.0,0.0,0.0,1022.8811397397907
2026-01-28T11:45:00Z,2026-01-28T12:00:00Z,2026-01-28,2026-01-28_52,0.0,0,0,100,64.3478260869565,64.3478260869565,0.0,0.0,0.0,True,True,True,False,0.0,1022.8811397397907,0.0,0.0,0.0,0.0,1022.8811397397907
2026-01-28T12:00:00Z,2026-01-28T12:15:00Z,2026-01-28,2026-01-28_53,100.0,0,100,0,64.3478260869565,56.33043478260868,0.02227053140096619,0.0,17.624,True,True,True,False,4213.25,0.0,0.0,62.226495810357335,0.0,835.0917231499832,5110.56821896034
2026-01-28T12:15:00Z,2026-01-28T12:30:00Z,2026-01-28,2026-01-28_54,0.0,0,100,0,56.33043478260868,58.592583354037245,0.006283746031746032,0.0,2.4588571428571426,True,True,True,False,0.0,0.0,0.0,62.226495810357335,0.0,-121.80170501215261,-59.575209201795275
2026-01-28T12:30:00Z,2026-01-28T12:45:00Z,2026-01-28,2026-01-28_55,100.0,0,100,0,58.592583354037245,32.314943602484455,0.07299344375431331,0.0,0.8245714285714287,True,True,True,False,4595.0,0.0,0.0,62.226495810357335,0.0,-48.54322662756895,4608.6832691827885
2026-01-28T12:45:00Z,2026-01-28T13:00:00Z,2026-01-28,2026-01-28_56,0.0,0,100,0,32.314943602484455,34.2926807453416,0.005493714285714287,0.0,2.149714285714286,True,True,True,False,0.0,0.0,0.0,62.226495810357335,0.0,-111.14865295069146,-48.92215714033412
2026-01-28T13:00:00Z,2026-01-28T13:15:00Z,2026-01-28,2026-01-28_57,-100.0,100,0,0,34.2926807453416,57.2926807453416,0.06388888888888888,0.0,0.0,True,True,True,False,-3367.25,0.0,92.72159971741988,0.0,0.0,0.0,-3274.52840028258
2026-01-28T13:15:00Z,2026-01-28T13:30:00Z,2026-01-28,2026-01-28_58,-100.0,100,0,0,57.2926807453416,80.20120645962731,0.06363479365079366,0.09942857142857142,0.0,True,True,True,False,-3023.0,0.0,92.72159971741988,0.0,18.153074993061647,0.0,-2912.1253252895185
2026-01-28T13:30:00Z,2026-01-28T13:45:00Z,2026-01-28,2026-01-28_59,-100.0,100,0,0,80.20120645962731,98.70687503105589,0.05140463492063492,4.885142857142856,0.0,True,True,True,False,-3023.25,0.0,92.72159971741988,0.0,1084.876734966205,0.0,-1845.651665316375
2026-01-28T13:45:00Z,2026-01-28T14:00:00Z,2026-01-28,2026-01-28_60,0.0,100,0,0,98.70687503105589,81.68203031055899,0.04729123533471359,15.662857142857142,0.0,True,True,True,False,0.0,0.0,92.72159971741988,0.0,5821.518147081827,0.0,5914.239746799247
2026-01-28T14:00:00Z,2026-01-28T14:15:00Z,2026-01-28,2026-01-28_61,0.0,0,0,100,81.68203031055899,81.68203031055899,0.0,0.0,0.0,True,True,True,False,0.0,1022.8811397397907,0.0,0.0,0.0,0.0,1022.8811397397907
2026-01-28T14:15:00Z,2026-01-28T14:30:00Z,2026-01-28,2026-01-28_62,0.0,0,0,100,81.68203031055899,81.68203031055899,0.0,0.0,0.0,True,True,True,False,0.0,1022.8811397397907,0.0,0.0,0.0,0.0,1022.8811397397907
2026-01-28T14:30:00Z,2026-01-28T14:45:00Z,2026-01-28,2026-01-28_63,0.0,0,0,100,81.68203031055899,81.68203031055899,0.0,0.0,0.0,True,True,True,False,0.0,1022.8811397397907,0.0,0.0,0.0,0.0,1022.8811397397907
2026-01-28T14:45:00Z,2026-01-28T15:00:00Z,2026-01-28,2026-01-28_64,0.0,0,0,100,81.68203031055899,81.68203031055899,0.0,0.0,0.0,True,True,True,False,0.0,1022.8811397397907,0.0,0.0,0.0,0.0,1022.8811397397907
2026-01-28T15:00:00Z,2026-01-28T15:15:00Z,2026-01-28,2026-01-28_65,0.0,0,0,100,81.68203031055899,81.68203031055899,0.0,0.0,0.0,True,True,True,False,0.0,1022.8811397397907,0.0,0.0,0.0,0.0,1022.8811397397907
2026-01-28T15:15:00Z,2026-01-28T15:30:00Z,2026-01-28,2026-01-28_66,0.0,0,0,100,81.68203031055899,81.68203031055899,0.0,0.0,0.0,True,True,True,False,0.0,1022.8811397397907,0.0,0.0,0.0,0.0,1022.8811397397907
2026-01-28T15:30:00Z,2026-01-28T15:45:00Z,2026-01-28,2026-01-28_67,0.0,0,0,100,81.68203031055899,81.68203031055899,0.0,0.0,0.0,True,True,True,False,0.0,1022.8811397397907,0.0,0.0,0.0,0.0,1022.8811397397907
2026-01-28T15:45:00Z,2026-01-28T16:00:00Z,2026-01-28,2026-01-28_68,0.0,0,0,100,81.68203031055899,81.68203031055899,0.0,0.0,0.0,True,True,True,False,0.0,1022.8811397397907,0.0,0.0,0.0,0.0,1022.8811397397907
2026-01-28T16:00:00Z,2026-01-28T16:15:00Z,2026-01-28,2026-01-28_69,0.0,0,0,100,81.68203031055899,81.68203031055899,0.0,0.0,0.0,True,True,True,False,0.0,1022.8811397397907,0.0,0.0,0.0,0.0,1022.8811397397907
2026-01-28T16:15:00Z,2026-01-28T16:30:00Z,2026-01-28,2026-01-28_70,0.0,0,0,100,81.68203031055899,81.68203031055899,0.0,0.0,0.0,True,True,True,False,0.0,1022.8811397397907,0.0,0.0,0.0,0.0,1022.8811397397907
2026-01-28T16:30:00Z,2026-01-28T16:45:00Z,2026-01-28,2026-01-28_71,0.0,0,0,100,81.68203031055899,81.68203031055899,0.0,0.0,0.0,True,True,True,False,0.0,1022.8811397397907,0.0,0.0,0.0,0.0,1022.8811397397907
2026-01-28T16:45:00Z,2026-01-28T17:00:00Z,2026-01-28,2026-01-28_72,0.0,0,0,100,81.68203031055899,81.68203031055899,0.0,0.0,0.0,True,True,True,False,0.0,1022.8811397397907,0.0,0.0,0.0,0.0,1022.8811397397907
2026-01-28T17:00:00Z,2026-01-28T17:15:00Z,2026-01-28,2026-01-28_73,5.551115123125783e-14,100,0,0,81.68203031055899,77.93606757763972,0.01040545203588686,3.446285714285714,0.0,True,True,True,False,2.408628851924277e-12,0.0,107.02721795953609,0.0,676.1473391774339,0.0,783.1745571369723
2026-01-28T17:15:00Z,2026-01-28T17:30:00Z,2026-01-28,2026-01-28_74,0.0,100,0,0,77.93606757763972,59.82426633540369,0.050310559006211175,16.662857142857142,0.0,True,True,True,False,0.0,0.0,107.02721795953609,0.0,7564.117717044233,0.0,7671.144935003769
2026-01-28T17:30:00Z,2026-01-28T17:45:00Z,2026-01-28,2026-01-28_75,-100.0,100,0,0,59.82426633540369,64.09569490683226,0.011865079365079367,20.357142857142858,0.0,True,True,True,False,-4210.0,0.0,107.02721795953609,0.0,17262.95621409929,0.0,13159.983432058825
2026-01-28T17:45:00Z,2026-01-28T18:00:00Z,2026-01-28,2026-01-28_76,0.0,100,0,0,64.09569490683226,62.69693714285711,0.0038854382332643195,1.2868571428571427,0.0,True,True,True,False,0.0,0.0,107.02721795953609,0.0,250.7678228716082,0.0,357.79504083114426
2026-01-28T18:00:00Z,2026-01-28T18:15:00Z,2026-01-28,2026-01-28_77,0.0,100,0,0,62.69693714285711,53.71867627329189,0.02493961352657005,8.260000000000002,0.0,True,True,True,False,0.0,0.0,101.14013226319197,0.0,2014.3530171314198,0.0,2115.493149394612
2026-01-28T18:15:00Z,2026-01-28T18:30:00Z,2026-01-28,2026-01-28_78,0.0,100,0,0,53.71867627329189,41.314328447204936,0.03445652173913043,11.411999999999999,0.0,True,True,True,False,0.0,0.0,101.14013226319197,0.0,4908.445442806962,0.0,5009.585575070154
2026-01-28T18:30:00Z,2026-01-28T18:45:00Z,2026-01-28,2026-01-28_79,-37.551643750225395,100,0,0,41.314328447204936,41.351506086956455,0.031764889523048165,8.395999999999999,0.0,True,True,True,False,-1513.3312431340833,0.0,101.14013226319197,0.0,2046.2274024215542,0.0,634.0362915506629
2026-01-28T18:45:00Z,2026-01-28T19:00:00Z,2026-01-28,2026-01-28_80,-100.0,100,0,0,41.351506086956455,64.34782608695646,0.06387866666666665,0.004,0.0,True,True,True,False,-3679.2499999999995,0.0,101.14013226319197,0.0,0.5494613316587845,0.0,-3577.5604064051486
2026-01-28T19:00:00Z,2026-01-28T19:15:00Z,2026-01-28,2026-01-28_81,0.0,0,0,100,64.34782608695646,64.34782608695646,0.0,0.0,0.0,True,True,True,False,0.0,1022.8811397397907,0.0,0.0,0.0,0.0,1022.8811397397907
2026-01-28T19:15:00Z,2026-01-28T19:30:00Z,2026-01-28,2026-01-28_82,0.0,0,0,100,64.34782608695646,64.34782608695646,0.0,0.0,0.0,True,True,True,False,0.0,1022.8811397397907,0.0,0.0,0.0,0.0,1022.8811397397907
2026-01-28T19:30:00Z,2026-01-28T19:45:00Z,2026-01-28,2026-01-28_83,0.0,0,0,100,64.34782608695646,64.34782608695646,0.0,0.0,0.0,True,True,True,False,0.0,1022.8811397397907,0.0,0.0,0.0,0.0,1022.8811397397907
2026-01-28T19:45:00Z,2026-01-28T20:00:00Z,2026-01-28,2026-01-28_84,0.0,0,0,100,64.34782608695646,64.34782608695646,0.0,0.0,0.0,True,True,True,False,0.0,1022.8811397397907,0.0,0.0,0.0,0.0,1022.8811397397907
2026-01-28T20:00:00Z,2026-01-28T20:15:00Z,2026-01-28,2026-01-28_85,0.0,100,100,0,64.34782608695646,68.10037465838504,0.010423746031746034,0.0,4.078857142857143,True,True,True,False,0.0,0.0,75.26639062775956,61.34343295590572,0.0,-170.27081446428923,-33.66099088062395
2026-01-28T20:15:00Z,2026-01-28T20:30:00Z,2026-01-28,2026-01-28_86,0.0,100,100,0,68.10037465838504,71.69994037267075,0.009998793650793654,0.0,3.9125714285714293,True,True,True,False,0.0,0.0,75.26639062775956,61.34343295590572,0.0,-210.35014064528067,-73.7403170616154
2026-01-28T20:30:00Z,2026-01-28T20:45:00Z,2026-01-28,2026-01-28_87,0.0,100,100,0,71.69994037267075,76.57804322981362,0.013550285714285714,0.0,5.3022857142857145,True,True,True,False,0.0,0.0,75.26639062775956,61.34343295590572,0.0,-292.0174626660649,-155.4076390823996
2026-01-28T20:45:00Z,2026-01-28T21:00:00Z,2026-01-28,2026-01-28_88,0.0,100,100,0,76.57804322981362,87.23216894409933,0.02959479365079365,0.0,11.580571428571428,True,True,True,False,0.0,0.0,75.26639062775956,61.34343295590572,0.0,985.304169121955,1121.9139927056203
2026-01-28T21:00:00Z,2026-01-28T21:15:00Z,2026-01-28,2026-01-28_89,0.0,100,100,0,87.23216894409933,98.96636322981361,0.03283307936507937,0.03942857142857143,12.801142857142858,True,True,True,False,0.0,0.0,75.26639062775956,61.34343295590572,6.489028771028811,138.71023887551058,281.8090912302047
2026-01-28T21:15:00Z,2026-01-28T21:30:00Z,2026-01-28,2026-01-28_90,0.0,100,100,0,98.96636322981361,102.70051180124219,0.010372634920634921,0.0,4.058857142857143,True,True,True,False,0.0,0.0,75.26639062775956,61.34343295590572,0.0,-158.61792925965693,-22.00810567599165
2026-01-28T21:30:00Z,2026-01-28T21:45:00Z,2026-01-28,2026-01-28_91,0.0,100,100,0,102.70051180124219,108.29148322981362,0.01553047619047619,0.0,6.077142857142857,True,True,True,False,0.0,0.0,75.26639062775956,61.34343295590572,0.0,-152.4300409572962,-15.820217373630918
2026-01-28T21:45:00Z,2026-01-28T22:00:00Z,2026-01-28,2026-01-28_92,0.0,100,100,0,108.29148322981362,117.6965118012422,0.026125079365079365,0.0,10.222857142857142,True,True,True,False,0.0,0.0,75.26639062775956,61.34343295590572,0.0,1046.334775575883,1182.9445991595483
2026-01-28T22:00:00Z,2026-01-28T22:15:00Z,2026-01-29,2026-01-28_93,0.0,0,0,100,117.6965118012422,117.6965118012422,0.0,0.0,0.0,True,True,True,False,0.0,1022.8610675039247,0.0,0.0,0.0,0.0,1022.8610675039247
2026-01-28T22:15:00Z,2026-01-28T22:30:00Z,2026-01-29,2026-01-28_94,0.0,0,0,100,117.6965118012422,117.6965118012422,0.0,0.0,0.0,True,True,True,False,0.0,1022.8610675039247,0.0,0.0,0.0,0.0,1022.8610675039247
2026-01-28T22:30:00Z,2026-01-28T22:45:00Z,2026-01-29,2026-01-28_95,0.0,0,0,100,117.6965118012422,117.6965118012422,0.0,0.0,0.0,True,True,True,False,0.0,1022.8610675039247,0.0,0.0,0.0,0.0,1022.8610675039247
2026-01-28T22:45:00Z,2026-01-28T23:00:00Z,2026-01-29,2026-01-28_96,0.0,0,0,100,117.6965118012422,117.6965118012422,0.0,0.0,0.0,True,True,True,False,0.0,1022.8610675039247,0.0,0.0,0.0,0.0,1022.8610675039247
2026-01-28T23:00:00Z,2026-01-28T23:15:00Z,2026-01-29,2026-01-29_1,0.0,100,100,0,117.6965118012422,106.84615652173909,0.030198288474810216,9.992,0.011428571428571429,True,True,True,False,0.0,0.0,86.45015698587127,67.11145996860283,4018.033,-0.8972863870823056,4170.697330567392
2026-01-28T23:15:00Z,2026-01-28T23:30:00Z,2026-01-29,2026-01-29_2,0.0,100,100,0,106.84615652173909,95.84988322981363,0.03054520358868185,10.11657142857143,0.0,True,True,True,False,0.0,0.0,86.45015698587127,67.11145996860283,2537.770529715183,0.0,2691.332146669657
2026-01-28T23:30:00Z,2026-01-28T23:45:00Z,2026-01-29,2026-01-29_3,0.0,100,100,0,95.84988322981363,94.7520367701863,0.003116748102139406,1.0211428571428571,0.013142857142857144,True,True,True,False,0.0,0.0,86.45015698587127,67.11145996860283,190.91263612917692,-0.8210365552814533,343.65321652836957
2026-01-28T23:45:00Z,2026-01-29T00:00:00Z,2026-01-29,2026-01-29_4,0.0,100,100,0,94.7520367701863,94.19451627329188,0.0016362870945479642,0.5274285714285715,0.017142857142857144,True,True,True,False,0.0,0.0,86.45015698587127,67.11145996860283,90.55780903790088,-1.1568737385063916,242.96255225386858
2026-01-29T00:00:00Z,2026-01-29T00:15:00Z,2026-01-29,2026-01-29_5,-100.0,100,0,0,94.19451627329188,101.9009619875776,0.02140679365079365,16.623428571428573,0.0,True,True,True,False,-2645.0,0.0,86.45015698587127,0.0,16651.214749719667,0.0,14092.664906705539
2026-01-29T00:15:00Z,2026-01-29T00:30:00Z,2026-01-29,2026-01-29_6,-100.0,100,0,0,101.9009619875776,114.61693913043474,0.035322158730158724,11.178285714285716,0.0,True,True,True,False,-2600.75,0.0,86.45015698587127,0.0,2996.271924646782,0.0,481.9720816326531
2026-01-29T00:30:00Z,2026-01-29T00:45:00Z,2026-01-29,2026-01-29_7,0.0,100,0,0,114.61693913043474,111.18401987577636,0.009535886818495515,3.1582857142857144,0.0,True,True,True,False,0.0,0.0,86.45015698587127,0.0,609.8664588472751,0.0,696.3166158331464
2026-01-29T00:45:00Z,2026-01-29T01:00:00Z,2026-01-29,2026-01-29_8,-100.00000000000001,100,0,0,111.18401987577636,129.02465987577636,0.04955733333333334,5.608,0.0,True,True,True,False,-2560.7500000000005,0.0,86.45015698587127,0.0,1095.1886970172684,0.0,-1379.1111459968608
2026-01-29T01:00:00Z,2026-01-29T01:15:00Z,2026-01-29,2026-01-29_9,0.0,0,0,100,129.02465987577636,129.02465987577636,0.0,0.0,0.0,True,True,True,False,0.0,1022.8610675039247,0.0,0.0,0.0,0.0,1022.8610675039247
2026-01-29T01:15:00Z,2026-01-29T01:30:00Z,2026-01-29,2026-01-29_10,0.0,0,0,100,129.02465987577636,129.02465987577636,0.0,0.0,0.0,True,True,True,False,0.0,1022.8610675039247,0.0,0.0,0.0,0.0,1022.8610675039247
2026-01-29T01:30:00Z,2026-01-29T01:45:00Z,2026-01-29,2026-01-29_11,0.0,0,0,100,129.02465987577636,129.02465987577636,0.0,0.0,0.0,True,True,True,False,0.0,1022.8610675039247,0.0,0.0,0.0,0.0,1022.8610675039247
2026-01-29T01:45:00Z,2026-01-29T02:00:00Z,2026-01-29,2026-01-29_12,0.0,0,0,100,129.02465987577636,129.02465987577636,0.0,0.0,0.0,True,True,True,False,0.0,1022.8610675039247,0.0,0.0,0.0,0.0,1022.8610675039247
2026-01-29T02:00:00Z,2026-01-29T02:15:00Z,2026-01-29,2026-01-29_13,-100.0,100,0,0,129.02465987577636,136.85464844720494,0.021749968253968254,16.48914285714286,0.0,True,True,True,False,-2500.75,0.0,86.45015698587127,0.0,10555.678819466248,0.0,8141.378976452119
2026-01-29T02:15:00Z,2026-01-29T02:30:00Z,2026-01-29,2026-01-29_14,-100.0,100,0,0,136.85464844720494,143.6279513043478,0.018814730158730163,17.637714285714285,0.0,True,True,True,False,-2500.0,0.0,86.45015698587127,0.0,9593.725956492488,0.0,7180.176113478359
2026-01-29T02:30:00Z,2026-01-29T02:45:00Z,2026-01-29,2026-01-29_15,-8.285490766099784,100,0,0,143.6279513043478,145.00931677018633,0.0065429891440644365,0.4885714285714286,0.0,True,True,True,False,-208.4422339481553,0.0,86.45015698587127,0.0,89.57021417358152,0.0,-32.4218627887025
2026-01-29T02:45:00Z,2026-01-29T03:00:00Z,2026-01-29,2026-01-29_16,0.0,100,0,0,145.00931677018633,144.0,0.002803657694962043,0.9285714285714286,0.0,True,True,True,False,0.0,0.0,86.45015698587127,0.0,172.2037172011662,0.0,258.65387418703745
2026-01-29T03:00:00Z,2026-01-29T03:15:00Z,2026-01-29,2026-01-29_17,0.0,0,0,100,144.0,144.0,0.0,0.0,0.0,True,True,True,False,0.0,1022.8610675039247,0.0,0.0,0.0,0.0,1022.8610675039247
2026-01-29T03:15:00Z,2026-01-29T03:30:00Z,2026-01-29,2026-01-29_18,0.0,0,0,100,144.0,144.0,0.0,0.0,0.0,True,True,True,False,0.0,1022.8610675039247,0.0,0.0,0.0,0.0,1022.8610675039247
2026-01-29T03:30:00Z,2026-01-29T03:45:00Z,2026-01-29,2026-01-29_19,0.0,0,0,100,144.0,144.0,0.0,0.0,0.0,True,True,True,False,0.0,1022.8610675039247,0.0,0.0,0.0,0.0,1022.8610675039247
2026-01-29T03:45:00Z,2026-01-29T04:00:00Z,2026-01-29,2026-01-29_20,0.0,0,0,100,144.0,144.0,0.0,0.0,0.0,True,True,True,False,0.0,1022.8610675039247,0.0,0.0,0.0,0.0,1022.8610675039247
2026-01-29T04:00:00Z,2026-01-29T04:15:00Z,2026-01-29,2026-01-29_21,0.0,0,0,100,144.0,144.0,0.0,0.0,0.0,True,True,True,False,0.0,1022.8610675039247,0.0,0.0,0.0,0.0,1022.8610675039247
2026-01-29T04:15:00Z,2026-01-29T04:30:00Z,2026-01-29,2026-01-29_22,0.0,0,0,100,144.0,144.0,0.0,0.0,0.0,True,True,True,False,0.0,1022.8610675039247,0.0,0.0,0.0,0.0,1022.8610675039247
2026-01-29T04:30:00Z,2026-01-29T04:45:00Z,2026-01-29,2026-01-29_23,0.0,0,0,100,144.0,144.0,0.0,0.0,0.0,True,True,True,False,0.0,1022.8610675039247,0.0,0.0,0.0,0.0,1022.8610675039247
2026-01-29T04:45:00Z,2026-01-29T05:00:00Z,2026-01-29,2026-01-29_24,0.0,0,0,100,144.0,144.0,0.0,0.0,0.0,True,True,True,False,0.0,1022.8610675039247,0.0,0.0,0.0,0.0,1022.8610675039247
2026-01-29T05:00:00Z,2026-01-29T05:15:00Z,2026-01-29,2026-01-29_25,0.0,0,0,100,144.0,144.0,0.0,0.0,0.0,True,False,True,False,0.0,1022.8610675039247,0.0,0.0,0.0,0.0,1022.8610675039247
2026-01-29T05:15:00Z,2026-01-29T05:30:00Z,2026-01-29,2026-01-29_26,0.0,0,0,100,144.0,144.0,0.0,0.0,0.0,True,False,True,False,0.0,1022.8610675039247,0.0,0.0,0.0,0.0,1022.8610675039247
2026-01-29T05:30:00Z,2026-01-29T05:45:00Z,2026-01-29,2026-01-29_27,0.0,0,0,100,144.0,144.0,0.0,0.0,0.0,True,False,True,False,0.0,1022.8610675039247,0.0,0.0,0.0,0.0,1022.8610675039247
2026-01-29T05:45:00Z,2026-01-29T06:00:00Z,2026-01-29,2026-01-29_28,0.0,0,0,100,144.0,144.0,0.0,0.0,0.0,True,False,True,False,0.0,1022.8610675039247,0.0,0.0,0.0,0.0,1022.8610675039247
2026-01-29T06:00:00Z,2026-01-29T06:15:00Z,2026-01-29,2026-01-29_29,0.0,0,0,100,144.0,144.0,0.0,0.0,0.0,True,True,True,False,0.0,1022.8610675039247,0.0,0.0,0.0,0.0,1022.8610675039247
2026-01-29T06:15:00Z,2026-01-29T06:30:00Z,2026-01-29,2026-01-29_30,0.0,0,0,100,144.0,144.0,0.0,0.0,0.0,True,True,True,False,0.0,1022.8610675039247,0.0,0.0,0.0,0.0,1022.8610675039247
2026-01-29T06:30:00Z,2026-01-29T06:45:00Z,2026-01-29,2026-01-29_31,0.0,0,0,100,144.0,144.0,0.0,0.0,0.0,True,True,True,False,0.0,1022.8610675039247,0.0,0.0,0.0,0.0,1022.8610675039247
2026-01-29T06:45:00Z,2026-01-29T07:00:00Z,2026-01-29,2026-01-29_32,0.0,0,0,100,144.0,144.0,0.0,0.0,0.0,True,True,True,False,0.0,1022.8610675039247,0.0,0.0,0.0,0.0,1022.8610675039247
2026-01-29T07:00:00Z,2026-01-29T07:15:00Z,2026-01-29,2026-01-29_33,0.0,0,0,100,144.0,144.0,0.0,0.0,0.0,True,True,True,False,0.0,1022.8610675039247,0.0,0.0,0.0,0.0,1022.8610675039247
2026-01-29T07:15:00Z,2026-01-29T07:30:00Z,2026-01-29,2026-01-29_34,0.0,0,0,100,144.0,144.0,0.0,0.0,0.0,True,True,True,False,0.0,1022.8610675039247,0.0,0.0,0.0,0.0,1022.8610675039247
2026-01-29T07:30:00Z,2026-01-29T07:45:00Z,2026-01-29,2026-01-29_35,0.0,0,0,100,144.0,144.0,0.0,0.0,0.0,True,True,True,False,0.0,1022.8610675039247,0.0,0.0,0.0,0.0,1022.8610675039247
2026-01-29T07:45:00Z,2026-01-29T08:00:00Z,2026-01-29,2026-01-29_36,0.0,0,0,100,144.0,144.0,0.0,0.0,0.0,True,True,True,False,0.0,1022.8610675039247,0.0,0.0,0.0,0.0,1022.8610675039247
2026-01-29T08:00:00Z,2026-01-29T08:15:00Z,2026-01-29,2026-01-29_37,0.0,0,0,100,144.0,144.0,0.0,0.0,0.0,True,False,True,False,0.0,1022.8610675039247,0.0,0.0,0.0,0.0,1022.8610675039247
2026-01-29T08:15:00Z,2026-01-29T08:30:00Z,2026-01-29,2026-01-29_38,0.0,0,0,100,144.0,144.0,0.0,0.0,0.0,True,False,True,False,0.0,1022.8610675039247,0.0,0.0,0.0,0.0,1022.8610675039247
2026-01-29T08:30:00Z,2026-01-29T08:45:00Z,2026-01-29,2026-01-29_39,0.0,0,0,100,144.0,144.0,0.0,0.0,0.0,True,False,True,False,0.0,1022.8610675039247,0.0,0.0,0.0,0.0,1022.8610675039247
2026-01-29T08:45:00Z,2026-01-29T09:00:00Z,2026-01-29,2026-01-29_40,0.0,0,0,100,144.0,144.0,0.0,0.0,0.0,True,False,True,False,0.0,1022.8610675039247,0.0,0.0,0.0,0.0,1022.8610675039247
2026-01-29T09:00:00Z,2026-01-29T09:15:00Z,2026-01-29,2026-01-29_41,100.0,0,100,0,144.0,120.02546583850932,0.066595928226363,0.0,2.943428571428571,True,True,True,False,4705.5,0.0,0.0,48.891287284144425,0.0,-151.81645458623007,4602.574832697915
2026-01-29T09:15:00Z,2026-01-29T09:30:00Z,2026-01-29,2026-01-29_42,100.0,0,100,0,120.02546583850932,105.32670807453417,0.04082988267770876,0.0,11.477142857142859,True,True,True,False,4467.0,0.0,0.0,48.891287284144425,0.0,91.72705539358603,4607.618342677731
2026-01-29T09:30:00Z,2026-01-29T09:45:00Z,2026-01-29,2026-01-29_43,100.0,0,100,0,105.32670807453417,83.81055900621118,0.059767080745341615,0.0,5.205142857142857,True,True,True,False,4498.75,0.0,0.0,48.891287284144425,0.0,-166.65547757344692,4380.985809710697
2026-01-29T09:45:00Z,2026-01-29T10:00:00Z,2026-01-29,2026-01-29_44,99.99999999999999,0,100,0,83.81055900621118,80.86459627329192,0.008183229813664606,0.0,22.289714285714286,True,True,True,False,4276.25,0.0,0.0,48.891287284144425,0.0,1803.3848508634221,6128.526138147567
2026-01-29T10:00:00Z,2026-01-29T10:15:00Z,2026-01-29,2026-01-29_45,0.0,100,100,0,80.86459627329192,91.54500770186336,0.029667809523809523,0.0,11.609142857142857,True,True,True,False,0.0,0.0,96.57574568288854,69.70172684458399,0.0,1987.0975263511998,2153.374998878672
2026-01-29T10:15:00Z,2026-01-29T10:30:00Z,2026-01-29,2026-01-29_46,0.0,100,100,0,91.54500770186336,94.70843329192547,0.009008135265700485,0.036571428571428574,3.4817142857142858,True,True,True,False,0.0,0.0,96.57574568288854,69.70172684458399,5.270239964117516,-39.285433953801295,132.26227853778875
2026-01-29T10:30:00Z,2026-01-29T10:45:00Z,2026-01-29,2026-01-29_47,0.0,100,100,0,94.70843329192547,90.0146444720497,0.013038302277432714,4.3182857142857145,0.0,True,True,True,False,0.0,0.0,96.57574568288854,69.70172684458399,984.5411790760261,0.0,1150.8186516034987
2026-01-29T10:45:00Z,2026-01-29T11:00:00Z,2026-01-29,2026-01-29_48,0.0,100,100,0,90.0146444720497,87.4009798757764,0.0072601794340924775,2.404571428571429,0.0,True,True,True,False,0.0,0.0,96.57574568288854,69.70172684458399,478.2921892801077,0.0,644.5696618075802
2026-01-29T11:00:00Z,2026-01-29T11:15:00Z,2026-01-29,2026-01-29_49,0.0,0,0,100,87.4009798757764,87.4009798757764,0.0,0.0,0.0,True,True,True,False,0.0,1022.8610675039247,0.0,0.0,0.0,0.0,1022.8610675039247
2026-01-29T11:15:00Z,2026-01-29T11:30:00Z,2026-01-29,2026-01-29_50,0.0,0,0,100,87.4009798757764,87.4009798757764,0.0,0.0,0.0,True,True,True,False,0.0,1022.8610675039247,0.0,0.0,0.0,0.0,1022.8610675039247
2026-01-29T11:30:00Z,2026-01-29T11:45:00Z,2026-01-29,2026-01-29_51,0.0,0,0,100,87.4009798757764,87.4009798757764,0.0,0.0,0.0,True,True,True,False,0.0,1022.8610675039247,0.0,0.0,0.0,0.0,1022.8610675039247
2026-01-29T11:45:00Z,2026-01-29T12:00:00Z,2026-01-29,2026-01-29_52,0.0,0,0,100,87.4009798757764,87.4009798757764,0.0,0.0,0.0,True,True,True,False,0.0,1022.8610675039247,0.0,0.0,0.0,0.0,1022.8610675039247
2026-01-29T12:00:00Z,2026-01-29T12:15:00Z,2026-01-29,2026-01-29_53,0.0,0,0,100,87.4009798757764,87.4009798757764,0.0,0.0,0.0,True,True,True,False,0.0,1022.8610675039247,0.0,0.0,0.0,0.0,1022.8610675039247
2026-01-29T12:15:00Z,2026-01-29T12:30:00Z,2026-01-29,2026-01-29_54,0.0,0,0,100,87.4009798757764,87.4009798757764,0.0,0.0,0.0,True,True,True,False,0.0,1022.8610675039247,0.0,0.0,0.0,0.0,1022.8610675039247
2026-01-29T12:30:00Z,2026-01-29T12:45:00Z,2026-01-29,2026-01-29_55,0.0,0,0,100,87.4009798757764,87.4009798757764,0.0,0.0,0.0,True,True,True,False,0.0,1022.8610675039247,0.0,0.0,0.0,0.0,1022.8610675039247
2026-01-29T12:45:00Z,2026-01-29T13:00:00Z,2026-01-29,2026-01-29_56,0.0,0,0,100,87.4009798757764,87.4009798757764,0.0,0.0,0.0,True,True,True,False,0.0,1022.8610675039247,0.0,0.0,0.0,0.0,1022.8610675039247
2026-01-29T13:00:00Z,2026-01-29T13:15:00Z,2026-01-29,2026-01-29_57,0.0,0,0,100,87.4009798757764,87.4009798757764,0.0,0.0,0.0,True,True,True,False,0.0,1022.8610675039247,0.0,0.0,0.0,0.0,1022.8610675039247
2026-01-29T13:15:00Z,2026-01-29T13:30:00Z,2026-01-29,2026-01-29_58,0.0,0,0,100,87.4009798757764,87.4009798757764,0.0,0.0,0.0,True,True,True,False,0.0,1022.8610675039247,0.0,0.0,0.0,0.0,1022.8610675039247
2026-01-29T13:30:00Z,2026-01-29T13:45:00Z,2026-01-29,2026-01-29_59,0.0,0,0,100,87.4009798757764,87.4009798757764,0.0,0.0,0.0,True,True,True,False,0.0,1022.8610675039247,0.0,0.0,0.0,0.0,1022.8610675039247
2026-01-29T13:45:00Z,2026-01-29T14:00:00Z,2026-01-29,2026-01-29_60,0.0,0,0,100,87.4009798757764,87.4009798757764,0.0,0.0,0.0,True,True,True,False,0.0,1022.8610675039247,0.0,0.0,0.0,0.0,1022.8610675039247
2026-01-29T14:00:00Z,2026-01-29T14:15:00Z,2026-01-29,2026-01-29_61,0.0,100,57,0,87.4009798757764,86.70629710310558,0.002066184844720497,0.6617142857142857,0.02670857142857143,True,True,True,False,0.0,0.0,98.10635792778649,44.83045525902668,122.16068961650593,-3.9308140838753083,261.1666887194438
2026-01-29T14:15:00Z,2026-01-29T14:30:00Z,2026-01-29,2026-01-29_62,-42.89489091504135,100,57,0,86.70629710310558,88.45577852422358,0.0324250043267593,7.993714285714286,0.0,True,True,True,False,-1696.385698462598,0.0,98.10635792778649,44.83045525902668,1916.8679014352995,0.0,363.41901615951474
2026-01-29T14:30:00Z,2026-01-29T14:45:00Z,2026-01-29,2026-01-29_63,-43.0,100,57,0,88.45577852422358,74.11987577639749,0.04231862763285024,23.864,0.0,True,True,True,False,-1826.425,0.0,98.10635792778649,44.83045525902668,23564.224890109886,0.0,21880.7367032967
2026-01-29T14:45:00Z,2026-01-29T15:00:00Z,2026-01-29,2026-01-29_64,0.0,100,57,0,74.11987577639749,64.3478260869565,0.027144582470669427,8.990285714285715,0.0,True,True,True,False,0.0,0.0,98.10635792778649,44.83045525902668,4003.162879233012,0.0,4146.099692419825
2026-01-29T15:00:00Z,2026-01-29T15:15:00Z,2026-01-29,2026-01-29_65,0.0,0,0,100,64.3478260869565,64.3478260869565,0.0,0.0,0.0,True,True,True,False,0.0,1022.8610675039247,0.0,0.0,0.0,0.0,1022.8610675039247
2026-01-29T15:15:00Z,2026-01-29T15:30:00Z,2026-01-29,2026-01-29_66,0.0,0,0,100,64.3478260869565,64.3478260869565,0.0,0.0,0.0,True,True,True,False,0.0,1022.8610675039247,0.0,0.0,0.0,0.0,1022.8610675039247
2026-01-29T15:30:00Z,2026-01-29T15:45:00Z,2026-01-29,2026-01-29_67,0.0,0,0,100,64.3478260869565,64.3478260869565,0.0,0.0,0.0,True,True,True,False,0.0,1022.8610675039247,0.0,0.0,0.0,0.0,1022.8610675039247
2026-01-29T15:45:00Z,2026-01-29T16:00:00Z,2026-01-29,2026-01-29_68,0.0,0,0,100,64.3478260869565,64.3478260869565,0.0,0.0,0.0,True,True,True,False,0.0,1022.8610675039247,0.0,0.0,0.0,0.0,1022.8610675039247
2026-01-29T16:00:00Z,2026-01-29T16:15:00Z,2026-01-29,2026-01-29_69,-89.0,100,11,0,64.3478260869565,64.93145419130433,0.015698380345065557,21.19257142857143,0.0,True,True,True,False,-3645.885,0.0,109.26216640502355,5.099587912087912,14527.291463556852,0.0,10995.768217873963
2026-01-29T16:15:00Z,2026-01-29T16:30:00Z,2026-01-29,2026-01-29_70,-87.75711894815292,100,11,0,64.93145419130433,66.44543355031054,0.018882591853114954,19.852571428571427,0.0,True,True,True,False,-3691.7226013514232,0.0,109.26216640502355,5.099587912087912,10347.081535097555,0.0,6769.720688063244
2026-01-29T16:30:00Z,2026-01-29T16:45:00Z,2026-01-29,2026-01-29_71,0.0,100,11,0,66.44543355031054,64.3609615006211,0.005790200138026225,1.9177142857142857,0.0,True,True,True,False,0.0,0.0,109.26216640502355,5.099587912087912,406.0037470284817,0.0,520.3655013455932
2026-01-29T16:45:00Z,2026-01-29T17:00:00Z,2026-01-29,2026-01-29_72,0.0,100,11,0,64.3609615006211,64.3478260869565,0.00018780535541752932,0.037142857142857144,0.029605714285714284,True,True,True,False,0.0,0.0,109.26216640502355,5.099587912087912,5.102040816326531,-4.357198923525454,115.10659620991254
2026-01-29T17:00:00Z,2026-01-29T17:15:00Z,2026-01-29,2026-01-29_73,0.0,0,0,100,64.3478260869565,64.3478260869565,0.0,0.0,0.0,True,True,True,False,0.0,1022.8610675039247,0.0,0.0,0.0,0.0,1022.8610675039247
2026-01-29T17:15:00Z,2026-01-29T17:30:00Z,2026-01-29,2026-01-29_74,0.0,0,0,100,64.3478260869565,64.3478260869565,0.0,0.0,0.0,True,True,True,False,0.0,1022.8610675039247,0.0,0.0,0.0,0.0,1022.8610675039247
2026-01-29T17:30:00Z,2026-01-29T17:45:00Z,2026-01-29,2026-01-29_75,0.0,0,0,100,64.3478260869565,64.3478260869565,0.0,0.0,0.0,True,True,True,False,0.0,1022.8610675039247,0.0,0.0,0.0,0.0,1022.8610675039247
2026-01-29T17:45:00Z,2026-01-29T18:00:00Z,2026-01-29,2026-01-29_76,0.0,0,0,100,64.3478260869565,64.3478260869565,0.0,0.0,0.0,True,True,True,False,0.0,1022.8610675039247,0.0,0.0,0.0,0.0,1022.8610675039247
2026-01-29T18:00:00Z,2026-01-29T18:15:00Z,2026-01-29,2026-01-29_77,0.0,0,0,100,64.3478260869565,64.3478260869565,0.0,0.0,0.0,True,True,True,False,0.0,1022.8610675039247,0.0,0.0,0.0,0.0,1022.8610675039247
2026-01-29T18:15:00Z,2026-01-29T18:30:00Z,2026-01-29,2026-01-29_78,0.0,0,0,100,64.3478260869565,64.3478260869565,0.0,0.0,0.0,True,True,True,False,0.0,1022.8610675039247,0.0,0.0,0.0,0.0,1022.8610675039247
2026-01-29T18:30:00Z,2026-01-29T18:45:00Z,2026-01-29,2026-01-29_79,0.0,0,0,100,64.3478260869565,64.3478260869565,0.0,0.0,0.0,True,True,True,False,0.0,1022.8610675039247,0.0,0.0,0.0,0.0,1022.8610675039247
2026-01-29T18:45:00Z,2026-01-29T19:00:00Z,2026-01-29,2026-01-29_80,0.0,0,0,100,64.3478260869565,64.3478260869565,0.0,0.0,0.0,True,True,True,False,0.0,1022.8610675039247,0.0,0.0,0.0,0.0,1022.8610675039247
2026-01-29T19:00:00Z,2026-01-29T19:15:00Z,2026-01-29,2026-01-29_81,0.0,0,0,100,64.3478260869565,64.3478260869565,0.0,0.0,0.0,True,True,True,False,0.0,1022.8610675039247,0.0,0.0,0.0,0.0,1022.8610675039247
2026-01-29T19:15:00Z,2026-01-29T19:30:00Z,2026-01-29,2026-01-29_82,0.0,0,0,100,64.3478260869565,64.3478260869565,0.0,0.0,0.0,True,True,True,False,0.0,1022.8610675039247,0.0,0.0,0.0,0.0,1022.8610675039247
2026-01-29T19:30:00Z,2026-01-29T19:45:00Z,2026-01-29,2026-01-29_83,0.0,0,0,100,64.3478260869565,64.3478260869565,0.0,0.0,0.0,True,True,True,False,0.0,1022.8610675039247,0.0,0.0,0.0,0.0,1022.8610675039247
2026-01-29T19:45:00Z,2026-01-29T20:00:00Z,2026-01-29,2026-01-29_84,0.0,0,0,100,64.3478260869565,64.3478260869565,0.0,0.0,0.0,True,True,True,False,0.0,1022.8610675039247,0.0,0.0,0.0,0.0,1022.8610675039247
2026-01-29T20:00:00Z,2026-01-29T20:15:00Z,2026-01-29,2026-01-29_85,0.0,0,0,100,64.3478260869565,64.3478260869565,0.0,0.0,0.0,True,True,True,False,0.0,1022.8610675039247,0.0,0.0,0.0,0.0,1022.8610675039247
2026-01-29T20:15:00Z,2026-01-29T20:30:00Z,2026-01-29,2026-01-29_86,0.0,0,0,100,64.3478260869565,64.3478260869565,0.0,0.0,0.0,True,True,True,False,0.0,1022.8610675039247,0.0,0.0,0.0,0.0,1022.8610675039247
2026-01-29T20:30:00Z,2026-01-29T20:45:00Z,2026-01-29,2026-01-29_87,0.0,0,0,100,64.3478260869565,64.3478260869565,0.0,0.0,0.0,True,True,True,False,0.0,1022.8610675039247,0.0,0.0,0.0,0.0,1022.8610675039247
2026-01-29T20:45:00Z,2026-01-29T21:00:00Z,2026-01-29,2026-01-29_88,0.0,0,0,100,64.3478260869565,64.3478260869565,0.0,0.0,0.0,True,True,True,False,0.0,1022.8610675039247,0.0,0.0,0.0,0.0,1022.8610675039247
2026-01-29T21:00:00Z,2026-01-29T21:15:00Z,2026-01-29,2026-01-29_89,0.0,100,0,0,64.3478260869565,53.01242236024843,0.031487232574189096,10.428571428571429,0.0,True,True,True,False,0.0,0.0,90.74764521193092,0.0,2182.7249663601706,0.0,2273.4726115721014
2026-01-29T21:15:00Z,2026-01-29T21:30:00Z,2026-01-29,2026-01-29_90,-100.0,100,0,0,53.01242236024843,61.347096645962715,0.023151873015873015,15.94057142857143,0.0,True,True,True,False,-3113.5,0.0,90.74764521193092,0.0,4014.11178021978,0.0,991.359425431711
2026-01-29T21:30:00Z,2026-01-29T21:45:00Z,2026-01-29,2026-01-29_91,-100.0,100,0,0,61.347096645962715,63.255965217391285,0.005302412698412697,22.92514285714286,0.0,True,True,True,False,-3088.25,0.0,90.74764521193092,0.0,17704.04054182552,0.0,14706.538187037453
2026-01-29T21:45:00Z,2026-01-29T22:00:00Z,2026-01-29,2026-01-29_92,-100.0,100,0,0,63.255965217391285,69.608170931677,0.017645015873015868,18.095428571428574,0.0,True,True,True,False,-2637.0,0.0,90.74764521193092,0.0,15210.20907041938,0.0,12663.956715631311
2026-01-29T22:00:00Z,2026-01-29T22:15:00Z,2026-01-30,2026-01-29_93,-87.25658058405463,100,10,0,69.608170931677,82.64281778881985,0.041959040647362514,7.474285714285714,0.0010857142857142856,True,True,True,False,-2420.7156868531356,0.0,99.43678003022156,8.080342249347488,4847.837819562152,-0.08532691148559428,2534.5539280770995
2026-01-29T22:15:00Z,2026-01-29T22:30:00Z,2026-01-30,2026-01-29_94,-90.0,100,10,0,82.64281778881985,103.3030851180124,0.05742344789510008,0.05600000000000001,0.01382857142857143,True,True,True,False,-2288.925,0.0,99.43678003022156,8.080342249347488,8.251276959004652,-0.941095657683369,-2174.09769641911
2026-01-29T22:30:00Z,2026-01-29T22:45:00Z,2026-01-30,2026-01-29_95,-90.0,100,10,0,103.3030851180124,123.08642345341613,0.055547920496894415,0.984,0.005485714285714286,True,True,True,False,-2320.2000000000003,0.0,99.43678003022156,8.080342249347488,187.7455470298487,-0.4316917064527795,-2025.3690223970352
2026-01-29T22:45:00Z,2026-01-29T23:00:00Z,2026-01-30,2026-01-29_96,-90.0,100,10,0,123.08642345341613,144.0,0.058145373084886126,0.08628571428571429,0.32,True,True,True,False,-2196.225,0.0,99.43678003022156,8.080342249347488,15.173226950454024,-17.552242086465057,-2091.086892856442
2026-01-29T23:00:00Z,2026-01-29T23:15:00Z,2026-01-30,2026-01-30_1,0.0,0,0,100,144.0,144.0,0.0,0.0,0.0,True,True,True,False,0.0,1022.9212865749553,0.0,0.0,0.0,0.0,1022.9212865749553
2026-01-29T23:15:00Z,2026-01-29T23:30:00Z,2026-01-30,2026-01-30_2,0.0,0,0,100,144.0,144.0,0.0,0.0,0.0,True,True,True,False,0.0,1022.9212865749553,0.0,0.0,0.0,0.0,1022.9212865749553
2026-01-29T23:30:00Z,2026-01-29T23:45:00Z,2026-01-30,2026-01-30_3,0.0,0,0,100,144.0,144.0,0.0,0.0,0.0,True,True,True,False,0.0,1022.9212865749553,0.0,0.0,0.0,0.0,1022.9212865749553
2026-01-29T23:45:00Z,2026-01-30T00:00:00Z,2026-01-30,2026-01-30_4,0.0,0,0,100,144.0,144.0,0.0,0.0,0.0,True,True,True,False,0.0,1022.9212865749553,0.0,0.0,0.0,0.0,1022.9212865749553
2026-01-30T00:00:00Z,2026-01-30T00:15:00Z,2026-01-30,2026-01-30_5,0.0,0,0,100,144.0,144.0,0.0,0.0,0.0,True,True,True,False,0.0,1022.9212865749553,0.0,0.0,0.0,0.0,1022.9212865749553
2026-01-30T00:15:00Z,2026-01-30T00:30:00Z,2026-01-30,2026-01-30_6,0.0,0,0,100,144.0,144.0,0.0,0.0,0.0,True,True,True,False,0.0,1022.9212865749553,0.0,0.0,0.0,0.0,1022.9212865749553
2026-01-30T00:30:00Z,2026-01-30T00:45:00Z,2026-01-30,2026-01-30_7,0.0,0,0,100,144.0,144.0,0.0,0.0,0.0,True,True,True,False,0.0,1022.9212865749553,0.0,0.0,0.0,0.0,1022.9212865749553
2026-01-30T00:45:00Z,2026-01-30T01:00:00Z,2026-01-30,2026-01-30_8,0.0,0,0,100,144.0,144.0,0.0,0.0,0.0,True,True,True,False,0.0,1022.9212865749553,0.0,0.0,0.0,0.0,1022.9212865749553
2026-01-30T01:00:00Z,2026-01-30T01:15:00Z,2026-01-30,2026-01-30_9,0.0,0,0,100,144.0,144.0,0.0,0.0,0.0,True,True,True,False,0.0,1022.9212865749553,0.0,0.0,0.0,0.0,1022.9212865749553
2026-01-30T01:15:00Z,2026-01-30T01:30:00Z,2026-01-30,2026-01-30_10,0.0,0,0,100,144.0,144.0,0.0,0.0,0.0,True,True,True,False,0.0,1022.9212865749553,0.0,0.0,0.0,0.0,1022.9212865749553
2026-01-30T01:30:00Z,2026-01-30T01:45:00Z,2026-01-30,2026-01-30_11,0.0,0,0,100,144.0,144.0,0.0,0.0,0.0,True,True,True,False,0.0,1022.9212865749553,0.0,0.0,0.0,0.0,1022.9212865749553
2026-01-30T01:45:00Z,2026-01-30T02:00:00Z,2026-01-30,2026-01-30_12,0.0,0,0,100,144.0,144.0,0.0,0.0,0.0,True,True,True,False,0.0,1022.9212865749553,0.0,0.0,0.0,0.0,1022.9212865749553
2026-01-30T02:00:00Z,2026-01-30T02:15:00Z,2026-01-30,2026-01-30_13,0.0,0,0,100,144.0,144.0,0.0,0.0,0.0,True,True,True,False,0.0,1022.9212865749553,0.0,0.0,0.0,0.0,1022.9212865749553
2026-01-30T02:15:00Z,2026-01-30T02:30:00Z,2026-01-30,2026-01-30_14,0.0,0,0,100,144.0,144.0,0.0,0.0,0.0,True,True,True,False,0.0,1022.9212865749553,0.0,0.0,0.0,0.0,1022.9212865749553
2026-01-30T02:30:00Z,2026-01-30T02:45:00Z,2026-01-30,2026-01-30_15,0.0,0,0,100,144.0,144.0,0.0,0.0,0.0,True,True,True,False,0.0,1022.9212865749553,0.0,0.0,0.0,0.0,1022.9212865749553
2026-01-30T02:45:00Z,2026-01-30T03:00:00Z,2026-01-30,2026-01-30_16,0.0,0,0,100,144.0,144.0,0.0,0.0,0.0,True,True,True,False,0.0,1022.9212865749553,0.0,0.0,0.0,0.0,1022.9212865749553
2026-01-30T03:00:00Z,2026-01-30T03:15:00Z,2026-01-30,2026-01-30_17,0.0,0,0,100,144.0,144.0,0.0,0.0,0.0,True,True,True,False,0.0,1022.9212865749553,0.0,0.0,0.0,0.0,1022.9212865749553
2026-01-30T03:15:00Z,2026-01-30T03:30:00Z,2026-01-30,2026-01-30_18,0.0,0,0,100,144.0,144.0,0.0,0.0,0.0,True,True,True,False,0.0,1022.9212865749553,0.0,0.0,0.0,0.0,1022.9212865749553
2026-01-30T03:30:00Z,2026-01-30T03:45:00Z,2026-01-30,2026-01-30_19,0.0,0,0,100,144.0,144.0,0.0,0.0,0.0,True,True,True,False,0.0,1022.9212865749553,0.0,0.0,0.0,0.0,1022.9212865749553
2026-01-30T03:45:00Z,2026-01-30T04:00:00Z,2026-01-30,2026-01-30_20,0.0,0,0,100,144.0,144.0,0.0,0.0,0.0,True,True,True,False,0.0,1022.9212865749553,0.0,0.0,0.0,0.0,1022.9212865749553
2026-01-30T04:00:00Z,2026-01-30T04:15:00Z,2026-01-30,2026-01-30_21,0.0,0,0,100,144.0,144.0,0.0,0.0,0.0,True,True,True,False,0.0,1022.9212865749553,0.0,0.0,0.0,0.0,1022.9212865749553
2026-01-30T04:15:00Z,2026-01-30T04:30:00Z,2026-01-30,2026-01-30_22,0.0,0,0,100,144.0,144.0,0.0,0.0,0.0,True,True,True,False,0.0,1022.9212865749553,0.0,0.0,0.0,0.0,1022.9212865749553
2026-01-30T04:30:00Z,2026-01-30T04:45:00Z,2026-01-30,2026-01-30_23,0.0,0,0,100,144.0,144.0,0.0,0.0,0.0,True,True,True,False,0.0,1022.9212865749553,0.0,0.0,0.0,0.0,1022.9212865749553
2026-01-30T04:45:00Z,2026-01-30T05:00:00Z,2026-01-30,2026-01-30_24,0.0,0,0,100,144.0,144.0,0.0,0.0,0.0,True,True,True,False,0.0,1022.9212865749553,0.0,0.0,0.0,0.0,1022.9212865749553
2026-01-30T05:00:00Z,2026-01-30T05:15:00Z,2026-01-30,2026-01-30_25,0.0,0,0,100,144.0,144.0,0.0,0.0,0.0,True,True,True,False,0.0,1022.9212865749553,0.0,0.0,0.0,0.0,1022.9212865749553
2026-01-30T05:15:00Z,2026-01-30T05:30:00Z,2026-01-30,2026-01-30_26,0.0,0,0,100,144.0,144.0,0.0,0.0,0.0,True,True,True,False,0.0,1022.9212865749553,0.0,0.0,0.0,0.0,1022.9212865749553
2026-01-30T05:30:00Z,2026-01-30T05:45:00Z,2026-01-30,2026-01-30_27,0.0,0,0,100,144.0,144.0,0.0,0.0,0.0,True,True,True,False,0.0,1022.9212865749553,0.0,0.0,0.0,0.0,1022.9212865749553
2026-01-30T05:45:00Z,2026-01-30T06:00:00Z,2026-01-30,2026-01-30_28,0.0,0,0,100,144.0,144.0,0.0,0.0,0.0,True,True,True,False,0.0,1022.9212865749553,0.0,0.0,0.0,0.0,1022.9212865749553
2026-01-30T06:00:00Z,2026-01-30T06:15:00Z,2026-01-30,2026-01-30_29,0.0,0,0,100,144.0,144.0,0.0,0.0,0.0,True,True,True,False,0.0,1022.9212865749553,0.0,0.0,0.0,0.0,1022.9212865749553
2026-01-30T06:15:00Z,2026-01-30T06:30:00Z,2026-01-30,2026-01-30_30,0.0,0,0,100,144.0,144.0,0.0,0.0,0.0,True,True,True,False,0.0,1022.9212865749553,0.0,0.0,0.0,0.0,1022.9212865749553
2026-01-30T06:30:00Z,2026-01-30T06:45:00Z,2026-01-30,2026-01-30_31,0.0,0,0,100,144.0,144.0,0.0,0.0,0.0,True,True,True,False,0.0,1022.9212865749553,0.0,0.0,0.0,0.0,1022.9212865749553
2026-01-30T06:45:00Z,2026-01-30T07:00:00Z,2026-01-30,2026-01-30_32,0.0,0,0,100,144.0,144.0,0.0,0.0,0.0,True,True,True,False,0.0,1022.9212865749553,0.0,0.0,0.0,0.0,1022.9212865749553
2026-01-30T07:00:00Z,2026-01-30T07:15:00Z,2026-01-30,2026-01-30_33,0.0,0,0,100,144.0,144.0,0.0,0.0,0.0,True,True,True,False,0.0,1022.9212865749553,0.0,0.0,0.0,0.0,1022.9212865749553
2026-01-30T07:15:00Z,2026-01-30T07:30:00Z,2026-01-30,2026-01-30_34,0.0,0,0,100,144.0,144.0,0.0,0.0,0.0,True,True,True,False,0.0,1022.9212865749553,0.0,0.0,0.0,0.0,1022.9212865749553
2026-01-30T07:30:00Z,2026-01-30T07:45:00Z,2026-01-30,2026-01-30_35,0.0,0,0,100,144.0,144.0,0.0,0.0,0.0,True,True,True,False,0.0,1022.9212865749553,0.0,0.0,0.0,0.0,1022.9212865749553
2026-01-30T07:45:00Z,2026-01-30T08:00:00Z,2026-01-30,2026-01-30_36,0.0,0,0,100,144.0,144.0,0.0,0.0,0.0,True,True,True,False,0.0,1022.9212865749553,0.0,0.0,0.0,0.0,1022.9212865749553
2026-01-30T08:00:00Z,2026-01-30T08:15:00Z,2026-01-30,2026-01-30_37,0.0,0,0,100,144.0,144.0,0.0,0.0,0.0,True,True,True,False,0.0,1022.9212865749553,0.0,0.0,0.0,0.0,1022.9212865749553
2026-01-30T08:15:00Z,2026-01-30T08:30:00Z,2026-01-30,2026-01-30_38,0.0,0,0,100,144.0,144.0,0.0,0.0,0.0,True,True,True,False,0.0,1022.9212865749553,0.0,0.0,0.0,0.0,1022.9212865749553
2026-01-30T08:30:00Z,2026-01-30T08:45:00Z,2026-01-30,2026-01-30_39,0.0,0,0,100,144.0,144.0,0.0,0.0,0.0,True,True,True,False,0.0,1022.9212865749553,0.0,0.0,0.0,0.0,1022.9212865749553
2026-01-30T08:45:00Z,2026-01-30T09:00:00Z,2026-01-30,2026-01-30_40,0.0,0,0,100,144.0,144.0,0.0,0.0,0.0,True,True,True,False,0.0,1022.9212865749553,0.0,0.0,0.0,0.0,1022.9212865749553
2026-01-30T09:00:00Z,2026-01-30T09:15:00Z,2026-01-30,2026-01-30_41,0.0,100,100,0,144.0,122.42298136645962,0.05993616287094547,19.85085714285714,0.0,True,True,True,False,0.0,0.0,95.78664364071669,59.403026080813234,10429.30617747737,0.0,10584.495847198901
2026-01-30T09:15:00Z,2026-01-30T09:30:00Z,2026-01-30,2026-01-30_42,0.0,100,100,0,122.42298136645962,95.62857142857142,0.07442891649413388,24.650857142857145,0.0,True,True,True,False,0.0,0.0,95.78664364071669,59.403026080813234,10694.868970308302,0.0,10850.058640029833
2026-01-30T09:30:00Z,2026-01-30T09:45:00Z,2026-01-30,2026-01-30_43,0.0,100,100,0,95.62857142857142,69.00621118012421,0.07395100069013112,24.49257142857143,0.0,True,True,True,False,0.0,0.0,95.78664364071669,59.403026080813234,10248.66337903947,0.0,10403.853048761
2026-01-30T09:45:00Z,2026-01-30T10:00:00Z,2026-01-30,2026-01-30_44,0.0,100,100,0,69.00621118012421,67.29021217391303,0.015847552795031056,3.4137142857142857,2.168,True,True,True,False,0.0,0.0,95.78664364071669,59.403026080813234,858.7845864440327,-126.69761877661557,887.276637388947
2026-01-30T10:00:00Z,2026-01-30T10:15:00Z,2026-01-30,2026-01-30_45,0.0,0,0,100,67.29021217391303,67.29021217391303,0.0,0.0,0.0,True,True,True,False,0.0,1022.9212865749553,0.0,0.0,0.0,0.0,1022.9212865749553
2026-01-30T10:15:00Z,2026-01-30T10:30:00Z,2026-01-30,2026-01-30_46,0.0,0,0,100,67.29021217391303,67.29021217391303,0.0,0.0,0.0,True,True,True,False,0.0,1022.9212865749553,0.0,0.0,0.0,0.0,1022.9212865749553
2026-01-30T10:30:00Z,2026-01-30T10:45:00Z,2026-01-30,2026-01-30_47,0.0,0,0,100,67.29021217391303,67.29021217391303,0.0,0.0,0.0,True,True,True,False,0.0,1022.9212865749553,0.0,0.0,0.0,0.0,1022.9212865749553
2026-01-30T10:45:00Z,2026-01-30T11:00:00Z,2026-01-30,2026-01-30_48,0.0,0,0,100,67.29021217391303,67.29021217391303,0.0,0.0,0.0,True,True,True,False,0.0,1022.9212865749553,0.0,0.0,0.0,0.0,1022.9212865749553
2026-01-30T11:00:00Z,2026-01-30T11:15:00Z,2026-01-30,2026-01-30_49,0.0,0,0,100,67.29021217391303,67.29021217391303,0.0,0.0,0.0,True,True,True,False,0.0,1022.9212865749553,0.0,0.0,0.0,0.0,1022.9212865749553
2026-01-30T11:15:00Z,2026-01-30T11:30:00Z,2026-01-30,2026-01-30_50,0.0,0,0,100,67.29021217391303,67.29021217391303,0.0,0.0,0.0,True,True,True,False,0.0,1022.9212865749553,0.0,0.0,0.0,0.0,1022.9212865749553
2026-01-30T11:30:00Z,2026-01-30T11:45:00Z,2026-01-30,2026-01-30_51,0.0,0,0,100,67.29021217391303,67.29021217391303,0.0,0.0,0.0,True,True,True,False,0.0,1022.9212865749553,0.0,0.0,0.0,0.0,1022.9212865749553
2026-01-30T11:45:00Z,2026-01-30T12:00:00Z,2026-01-30,2026-01-30_52,0.0,0,0,100,67.29021217391303,67.29021217391303,0.0,0.0,0.0,True,True,True,False,0.0,1022.9212865749553,0.0,0.0,0.0,0.0,1022.9212865749553
2026-01-30T12:00:00Z,2026-01-30T12:15:00Z,2026-01-30,2026-01-30_53,0.0,0,0,100,67.29021217391303,67.29021217391303,0.0,0.0,0.0,True,True,True,False,0.0,1022.9212865749553,0.0,0.0,0.0,0.0,1022.9212865749553
2026-01-30T12:15:00Z,2026-01-30T12:30:00Z,2026-01-30,2026-01-30_54,0.0,0,0,100,67.29021217391303,67.29021217391303,0.0,0.0,0.0,True,True,True,False,0.0,1022.9212865749553,0.0,0.0,0.0,0.0,1022.9212865749553
2026-01-30T12:30:00Z,2026-01-30T12:45:00Z,2026-01-30,2026-01-30_55,0.0,0,0,100,67.29021217391303,67.29021217391303,0.0,0.0,0.0,True,True,True,False,0.0,1022.9212865749553,0.0,0.0,0.0,0.0,1022.9212865749553
2026-01-30T12:45:00Z,2026-01-30T13:00:00Z,2026-01-30,2026-01-30_56,0.0,0,0,100,67.29021217391303,67.29021217391303,0.0,0.0,0.0,True,True,True,False,0.0,1022.9212865749553,0.0,0.0,0.0,0.0,1022.9212865749553
2026-01-30T13:00:00Z,2026-01-30T13:15:00Z,2026-01-30,2026-01-30_57,0.0,0,0,100,67.29021217391303,67.29021217391303,0.0,0.0,0.0,True,True,True,False,0.0,1022.9212865749553,0.0,0.0,0.0,0.0,1022.9212865749553
2026-01-30T13:15:00Z,2026-01-30T13:30:00Z,2026-01-30,2026-01-30_58,0.0,0,0,100,67.29021217391303,67.29021217391303,0.0,0.0,0.0,True,True,True,False,0.0,1022.9212865749553,0.0,0.0,0.0,0.0,1022.9212865749553
2026-01-30T13:30:00Z,2026-01-30T13:45:00Z,2026-01-30,2026-01-30_59,0.0,0,0,100,67.29021217391303,67.29021217391303,0.0,0.0,0.0,True,True,True,False,0.0,1022.9212865749553,0.0,0.0,0.0,0.0,1022.9212865749553
2026-01-30T13:45:00Z,2026-01-30T14:00:00Z,2026-01-30,2026-01-30_60,0.0,0,0,100,67.29021217391303,67.29021217391303,0.0,0.0,0.0,True,True,True,False,0.0,1022.9212865749553,0.0,0.0,0.0,0.0,1022.9212865749553
2026-01-30T14:00:00Z,2026-01-30T14:15:00Z,2026-01-30,2026-01-30_61,0.0,0,0,100,67.29021217391303,67.29021217391303,0.0,0.0,0.0,True,True,True,False,0.0,1022.9212865749553,0.0,0.0,0.0,0.0,1022.9212865749553
2026-01-30T14:15:00Z,2026-01-30T14:30:00Z,2026-01-30,2026-01-30_62,0.0,0,0,100,67.29021217391303,67.29021217391303,0.0,0.0,0.0,True,True,True,False,0.0,1022.9212865749553,0.0,0.0,0.0,0.0,1022.9212865749553
2026-01-30T14:30:00Z,2026-01-30T14:45:00Z,2026-01-30,2026-01-30_63,0.0,0,0,100,67.29021217391303,67.29021217391303,0.0,0.0,0.0,True,True,True,False,0.0,1022.9212865749553,0.0,0.0,0.0,0.0,1022.9212865749553
2026-01-30T14:45:00Z,2026-01-30T15:00:00Z,2026-01-30,2026-01-30_64,0.0,0,0,100,67.29021217391303,67.29021217391303,0.0,0.0,0.0,True,True,True,False,0.0,1022.9212865749553,0.0,0.0,0.0,0.0,1022.9212865749553
2026-01-30T15:00:00Z,2026-01-30T15:15:00Z,2026-01-30,2026-01-30_65,0.0,0,0,100,67.29021217391303,67.29021217391303,0.0,0.0,0.0,True,True,True,False,0.0,1022.9212865749553,0.0,0.0,0.0,0.0,1022.9212865749553
2026-01-30T15:15:00Z,2026-01-30T15:30:00Z,2026-01-30,2026-01-30_66,0.0,0,0,100,67.29021217391303,67.29021217391303,0.0,0.0,0.0,True,True,True,False,0.0,1022.9212865749553,0.0,0.0,0.0,0.0,1022.9212865749553
2026-01-30T15:30:00Z,2026-01-30T15:45:00Z,2026-01-30,2026-01-30_67,0.0,0,0,100,67.29021217391303,67.29021217391303,0.0,0.0,0.0,True,True,True,False,0.0,1022.9212865749553,0.0,0.0,0.0,0.0,1022.9212865749553
2026-01-30T15:45:00Z,2026-01-30T16:00:00Z,2026-01-30,2026-01-30_68,0.0,0,0,100,67.29021217391303,67.29021217391303,0.0,0.0,0.0,True,True,True,False,0.0,1022.9212865749553,0.0,0.0,0.0,0.0,1022.9212865749553
2026-01-30T16:00:00Z,2026-01-30T16:15:00Z,2026-01-30,2026-01-30_69,0.0,0,0,100,67.29021217391303,67.29021217391303,0.0,0.0,0.0,True,True,True,False,0.0,1022.9212865749553,0.0,0.0,0.0,0.0,1022.9212865749553
2026-01-30T16:15:00Z,2026-01-30T16:30:00Z,2026-01-30,2026-01-30_70,0.0,0,0,100,67.29021217391303,67.29021217391303,0.0,0.0,0.0,True,True,True,False,0.0,1022.9212865749553,0.0,0.0,0.0,0.0,1022.9212865749553
2026-01-30T16:30:00Z,2026-01-30T16:45:00Z,2026-01-30,2026-01-30_71,0.0,0,0,100,67.29021217391303,67.29021217391303,0.0,0.0,0.0,True,True,True,False,0.0,1022.9212865749553,0.0,0.0,0.0,0.0,1022.9212865749553
2026-01-30T16:45:00Z,2026-01-30T17:00:00Z,2026-01-30,2026-01-30_72,0.0,0,0,100,67.29021217391303,67.29021217391303,0.0,0.0,0.0,True,True,True,False,0.0,1022.9212865749553,0.0,0.0,0.0,0.0,1022.9212865749553
2026-01-30T17:00:00Z,2026-01-30T17:15:00Z,2026-01-30,2026-01-30_73,0.0,0,0,100,67.29021217391303,67.29021217391303,0.0,0.0,0.0,True,True,True,False,0.0,1022.9212865749553,0.0,0.0,0.0,0.0,1022.9212865749553
2026-01-30T17:15:00Z,2026-01-30T17:30:00Z,2026-01-30,2026-01-30_74,0.0,0,0,100,67.29021217391303,67.29021217391303,0.0,0.0,0.0,True,True,True,False,0.0,1022.9212865749553,0.0,0.0,0.0,0.0,1022.9212865749553
2026-01-30T17:30:00Z,2026-01-30T17:45:00Z,2026-01-30,2026-01-30_75,0.0,0,0,100,67.29021217391303,67.29021217391303,0.0,0.0,0.0,True,True,True,False,0.0,1022.9212865749553,0.0,0.0,0.0,0.0,1022.9212865749553
2026-01-30T17:45:00Z,2026-01-30T18:00:00Z,2026-01-30,2026-01-30_76,0.0,0,0,100,67.29021217391303,67.29021217391303,0.0,0.0,0.0,True,True,True,False,0.0,1022.9212865749553,0.0,0.0,0.0,0.0,1022.9212865749553
2026-01-30T18:00:00Z,2026-01-30T18:15:00Z,2026-01-30,2026-01-30_77,0.0,0,0,100,67.29021217391303,67.29021217391303,0.0,0.0,0.0,True,True,True,False,0.0,1022.9212865749553,0.0,0.0,0.0,0.0,1022.9212865749553
2026-01-30T18:15:00Z,2026-01-30T18:30:00Z,2026-01-30,2026-01-30_78,0.0,0,0,100,67.29021217391303,67.29021217391303,0.0,0.0,0.0,True,True,True,False,0.0,1022.9212865749553,0.0,0.0,0.0,0.0,1022.9212865749553
2026-01-30T18:30:00Z,2026-01-30T18:45:00Z,2026-01-30,2026-01-30_79,0.0,0,0,100,67.29021217391303,67.29021217391303,0.0,0.0,0.0,True,True,True,False,0.0,1022.9212865749553,0.0,0.0,0.0,0.0,1022.9212865749553
2026-01-30T18:45:00Z,2026-01-30T19:00:00Z,2026-01-30,2026-01-30_80,0.0,0,0,100,67.29021217391303,67.29021217391303,0.0,0.0,0.0,True,True,True,False,0.0,1022.9212865749553,0.0,0.0,0.0,0.0,1022.9212865749553
2026-01-30T19:00:00Z,2026-01-30T19:15:00Z,2026-01-30,2026-01-30_81,-1.570301859558136e-14,100,63,0,67.29021217391303,67.25573999503105,0.0007047960524499754,0.13257142857142856,0.11916,True,True,True,False,-6.372677521551806e-13,0.0,95.75720705693035,39.612222069588086,22.905586166487712,-7.176959773927036,151.09805551907849
2026-01-30T19:15:00Z,2026-01-30T19:30:00Z,2026-01-30,2026-01-30_82,-5.864873803998108e-14,100,63,0,67.25573999503105,64.08050120745342,0.00884034774327125,2.924571428571429,0.003959999999999999,True,True,True,False,-2.2075384998248878e-12,0.0,95.75720705693035,39.612222069588086,607.153471358204,-0.29304714955746997,742.2298533351627
2026-01-30T19:30:00Z,2026-01-30T19:45:00Z,2026-01-30,2026-01-30_83,-35.500762047344715,100,63,0,64.08050120745342,59.15824610186335,0.03592782888243182,12.734857142857145,0.0,True,True,True,False,-1267.0221974697329,0.0,95.75720705693035,39.612222069588086,5052.434675286447,0.0,3920.781906943232
2026-01-30T19:45:00Z,2026-01-30T20:00:00Z,2026-01-30,2026-01-30_84,-37.000000000000014,100,63,0,59.15824610186335,64.34782608695652,0.02673723908902692,3.2388571428571424,0.0,True,True,True,False,-1150.8850000000004,0.0,95.75720705693035,39.612222069588086,759.4562891401433,0.0,-256.0592817333387
2026-01-30T20:00:00Z,2026-01-30T20:15:00Z,2026-01-30,2026-01-30_85,0.0,0,0,100,64.34782608695652,64.34782608695652,0.0,0.0,0.0,True,True,True,False,0.0,1022.9212865749553,0.0,0.0,0.0,0.0,1022.9212865749553
2026-01-30T20:15:00Z,2026-01-30T20:30:00Z,2026-01-30,2026-01-30_86,0.0,0,0,100,64.34782608695652,64.34782608695652,0.0,0.0,0.0,True,True,True,False,0.0,1022.9212865749553,0.0,0.0,0.0,0.0,1022.9212865749553
2026-01-30T20:30:00Z,2026-01-30T20:45:00Z,2026-01-30,2026-01-30_87,0.0,0,0,100,64.34782608695652,64.34782608695652,0.0,0.0,0.0,True,True,True,False,0.0,1022.9212865749553,0.0,0.0,0.0,0.0,1022.9212865749553
2026-01-30T20:45:00Z,2026-01-30T21:00:00Z,2026-01-30,2026-01-30_88,0.0,0,0,100,64.34782608695652,64.34782608695652,0.0,0.0,0.0,True,True,True,False,0.0,1022.9212865749553,0.0,0.0,0.0,0.0,1022.9212865749553
2026-01-30T21:00:00Z,2026-01-30T21:15:00Z,2026-01-30,2026-01-30_89,0.0,0,0,100,64.34782608695652,64.34782608695652,0.0,0.0,0.0,True,True,True,False,0.0,1022.9212865749553,0.0,0.0,0.0,0.0,1022.9212865749553
2026-01-30T21:15:00Z,2026-01-30T21:30:00Z,2026-01-30,2026-01-30_90,0.0,0,0,100,64.34782608695652,64.34782608695652,0.0,0.0,0.0,True,True,True,False,0.0,1022.9212865749553,0.0,0.0,0.0,0.0,1022.9212865749553
2026-01-30T21:30:00Z,2026-01-30T21:45:00Z,2026-01-30,2026-01-30_91,0.0,0,0,100,64.34782608695652,64.34782608695652,0.0,0.0,0.0,True,True,True,False,0.0,1022.9212865749553,0.0,0.0,0.0,0.0,1022.9212865749553
2026-01-30T21:45:00Z,2026-01-30T22:00:00Z,2026-01-30,2026-01-30_92,0.0,0,0,100,64.34782608695652,64.34782608695652,0.0,0.0,0.0,True,True,True,False,0.0,1022.9212865749553,0.0,0.0,0.0,0.0,1022.9212865749553
2026-01-30T22:00:00Z,2026-01-30T22:15:00Z,2026-01-31,2026-01-30_93,0.0,0,0,100,64.34782608695652,64.34782608695652,0.0,0.0,0.0,True,True,True,False,0.0,1022.8409960558075,0.0,0.0,0.0,0.0,1022.8409960558075
2026-01-30T22:15:00Z,2026-01-30T22:30:00Z,2026-01-31,2026-01-30_94,0.0,0,0,100,64.34782608695652,64.34782608695652,0.0,0.0,0.0,True,True,True,False,0.0,1022.8409960558075,0.0,0.0,0.0,0.0,1022.8409960558075
2026-01-30T22:30:00Z,2026-01-30T22:45:00Z,2026-01-31,2026-01-30_95,0.0,0,0,100,64.34782608695652,64.34782608695652,0.0,0.0,0.0,True,True,True,False,0.0,1022.8409960558075,0.0,0.0,0.0,0.0,1022.8409960558075
2026-01-30T22:45:00Z,2026-01-30T23:00:00Z,2026-01-31,2026-01-30_96,0.0,0,0,100,64.34782608695652,64.34782608695652,0.0,0.0,0.0,True,True,True,False,0.0,1022.8409960558075,0.0,0.0,0.0,0.0,1022.8409960558075
2026-01-30T23:00:00Z,2026-01-30T23:15:00Z,2026-01-31,2026-01-31_1,0.0,0,0,100,64.34782608695652,64.34782608695652,0.0,0.0,0.0,True,True,True,False,0.0,1022.8409960558075,0.0,0.0,0.0,0.0,1022.8409960558075
2026-01-30T23:15:00Z,2026-01-30T23:30:00Z,2026-01-31,2026-01-31_2,0.0,0,0,100,64.34782608695652,64.34782608695652,0.0,0.0,0.0,True,True,True,False,0.0,1022.8409960558075,0.0,0.0,0.0,0.0,1022.8409960558075
2026-01-30T23:30:00Z,2026-01-30T23:45:00Z,2026-01-31,2026-01-31_3,0.0,0,0,100,64.34782608695652,64.34782608695652,0.0,0.0,0.0,True,True,True,False,0.0,1022.8409960558075,0.0,0.0,0.0,0.0,1022.8409960558075
2026-01-30T23:45:00Z,2026-01-31T00:00:00Z,2026-01-31,2026-01-31_4,0.0,0,0,100,64.34782608695652,64.34782608695652,0.0,0.0,0.0,True,True,True,False,0.0,1022.8409960558075,0.0,0.0,0.0,0.0,1022.8409960558075
2026-01-31T00:00:00Z,2026-01-31T00:15:00Z,2026-01-31,2026-01-31_5,0.0,100,0,0,64.34782608695652,62.205590062111796,0.005950655624568667,1.9708571428571426,0.0,True,True,True,False,0.0,0.0,101.28333431447577,0.0,367.15350293081264,0.0,468.4368372452884
2026-01-31T00:15:00Z,2026-01-31T00:30:00Z,2026-01-31,2026-01-31_6,-100.0,100,0,0,62.205590062111796,79.57834434782609,0.0482576507936508,6.1165714285714285,0.0,True,True,True,False,-2404.5,0.0,101.28333431447577,0.0,1193.3405531961416,0.0,-1109.8761124893826
2026-01-31T00:30:00Z,2026-01-31T00:45:00Z,2026-01-31,2026-01-31_7,-100.0,100,0,0,79.57834434782609,88.78675577639751,0.02557892063492063,14.990857142857145,0.0,True,True,True,False,-2477.25,0.0,101.28333431447577,0.0,7269.255216678302,0.0,4893.288550992777
2026-01-31T00:45:00Z,2026-01-31T01:00:00Z,2026-01-31,2026-01-31_8,-100.0,100,0,0,88.78675577639751,101.34817291925465,0.0348928253968254,11.346285714285715,0.0,True,True,True,False,-2420.75,0.0,101.28333431447577,0.0,3045.9281115250606,0.0,726.4614458395363
2026-01-31T01:00:00Z,2026-01-31T01:15:00Z,2026-01-31,2026-01-31_9,-100.0,100,0,0,101.34817291925465,118.79978434782608,0.048476698412698416,6.030857142857142,0.0,True,True,True,False,-2413.25,0.0,101.28333431447577,0.0,1249.07772094627,0.0,-1062.8889447392544
2026-01-31T01:15:00Z,2026-01-31T01:30:00Z,2026-01-31,2026-01-31_10,-100.0,100,0,0,118.79978434782608,138.25752149068322,0.05404926984126985,3.8502857142857145,0.0,True,True,True,False,-2394.75,0.0,101.28333431447577,0.0,740.7340450260284,0.0,-1552.7326206594958
2026-01-31T01:30:00Z,2026-01-31T01:45:00Z,2026-01-31,2026-01-31_11,-100.0,100,0,0,138.25752149068322,143.38796720496893,0.014251238095238095,19.423428571428573,0.0,True,True,True,False,-2474.25,0.0,101.28333431447577,0.0,13820.069959829227,0.0,11447.103294143702
2026-01-31T01:45:00Z,2026-01-31T02:00:00Z,2026-01-31,2026-01-31_12,-20.58763128717422,100,0,0,143.38796720496893,144.0,0.02048448680215398,3.9171428571428573,0.0,True,True,True,False,-499.9191567308079,0.0,101.28333431447577,0.0,751.4886493032487,0.0,352.8528268869166
2026-01-31T02:00:00Z,2026-01-31T02:15:00Z,2026-01-31,2026-01-31_13,0.0,0,0,100,144.0,144.0,0.0,0.0,0.0,True,True,True,False,0.0,1022.8409960558075,0.0,0.0,0.0,0.0,1022.8409960558075
2026-01-31T02:15:00Z,2026-01-31T02:30:00Z,2026-01-31,2026-01-31_14,0.0,0,0,100,144.0,144.0,0.0,0.0,0.0,True,True,True,False,0.0,1022.8409960558075,0.0,0.0,0.0,0.0,1022.8409960558075
2026-01-31T02:30:00Z,2026-01-31T02:45:00Z,2026-01-31,2026-01-31_15,0.0,0,0,100,144.0,144.0,0.0,0.0,0.0,True,True,True,False,0.0,1022.8409960558075,0.0,0.0,0.0,0.0,1022.8409960558075
2026-01-31T02:45:00Z,2026-01-31T03:00:00Z,2026-01-31,2026-01-31_16,0.0,0,0,100,144.0,144.0,0.0,0.0,0.0,True,True,True,False,0.0,1022.8409960558075,0.0,0.0,0.0,0.0,1022.8409960558075
2026-01-31T03:00:00Z,2026-01-31T03:15:00Z,2026-01-31,2026-01-31_17,0.0,0,0,100,144.0,144.0,0.0,0.0,0.0,True,True,True,False,0.0,1022.8409960558075,0.0,0.0,0.0,0.0,1022.8409960558075
2026-01-31T03:15:00Z,2026-01-31T03:30:00Z,2026-01-31,2026-01-31_18,0.0,0,0,100,144.0,144.0,0.0,0.0,0.0,True,True,True,False,0.0,1022.8409960558075,0.0,0.0,0.0,0.0,1022.8409960558075
2026-01-31T03:30:00Z,2026-01-31T03:45:00Z,2026-01-31,2026-01-31_19,0.0,0,0,100,144.0,144.0,0.0,0.0,0.0,True,True,True,False,0.0,1022.8409960558075,0.0,0.0,0.0,0.0,1022.8409960558075
2026-01-31T03:45:00Z,2026-01-31T04:00:00Z,2026-01-31,2026-01-31_20,0.0,0,0,100,144.0,144.0,0.0,0.0,0.0,True,True,True,False,0.0,1022.8409960558075,0.0,0.0,0.0,0.0,1022.8409960558075
2026-01-31T04:00:00Z,2026-01-31T04:15:00Z,2026-01-31,2026-01-31_21,0.0,0,0,100,144.0,144.0,0.0,0.0,0.0,True,True,True,False,0.0,1022.8409960558075,0.0,0.0,0.0,0.0,1022.8409960558075
2026-01-31T04:15:00Z,2026-01-31T04:30:00Z,2026-01-31,2026-01-31_22,0.0,0,0,100,144.0,144.0,0.0,0.0,0.0,True,True,True,False,0.0,1022.8409960558075,0.0,0.0,0.0,0.0,1022.8409960558075
2026-01-31T04:30:00Z,2026-01-31T04:45:00Z,2026-01-31,2026-01-31_23,0.0,0,0,100,144.0,144.0,0.0,0.0,0.0,True,True,True,False,0.0,1022.8409960558075,0.0,0.0,0.0,0.0,1022.8409960558075
2026-01-31T04:45:00Z,2026-01-31T05:00:00Z,2026-01-31,2026-01-31_24,0.0,0,0,100,144.0,144.0,0.0,0.0,0.0,True,True,True,False,0.0,1022.8409960558075,0.0,0.0,0.0,0.0,1022.8409960558075
2026-01-31T05:00:00Z,2026-01-31T05:15:00Z,2026-01-31,2026-01-31_25,0.0,0,0,100,144.0,144.0,0.0,0.0,0.0,True,True,True,False,0.0,1022.8409960558075,0.0,0.0,0.0,0.0,1022.8409960558075
2026-01-31T05:15:00Z,2026-01-31T05:30:00Z,2026-01-31,2026-01-31_26,0.0,0,0,100,144.0,144.0,0.0,0.0,0.0,True,True,True,False,0.0,1022.8409960558075,0.0,0.0,0.0,0.0,1022.8409960558075
2026-01-31T05:30:00Z,2026-01-31T05:45:00Z,2026-01-31,2026-01-31_27,0.0,0,0,100,144.0,144.0,0.0,0.0,0.0,True,True,True,False,0.0,1022.8409960558075,0.0,0.0,0.0,0.0,1022.8409960558075
2026-01-31T05:45:00Z,2026-01-31T06:00:00Z,2026-01-31,2026-01-31_28,0.0,0,0,100,144.0,144.0,0.0,0.0,0.0,True,True,True,False,0.0,1022.8409960558075,0.0,0.0,0.0,0.0,1022.8409960558075
2026-01-31T06:00:00Z,2026-01-31T06:15:00Z,2026-01-31,2026-01-31_29,0.0,0,0,100,144.0,144.0,0.0,0.0,0.0,True,True,True,False,0.0,1022.8409960558075,0.0,0.0,0.0,0.0,1022.8409960558075
2026-01-31T06:15:00Z,2026-01-31T06:30:00Z,2026-01-31,2026-01-31_30,0.0,0,0,100,144.0,144.0,0.0,0.0,0.0,True,True,True,False,0.0,1022.8409960558075,0.0,0.0,0.0,0.0,1022.8409960558075
2026-01-31T06:30:00Z,2026-01-31T06:45:00Z,2026-01-31,2026-01-31_31,0.0,0,0,100,144.0,144.0,0.0,0.0,0.0,True,True,True,False,0.0,1022.8409960558075,0.0,0.0,0.0,0.0,1022.8409960558075
2026-01-31T06:45:00Z,2026-01-31T07:00:00Z,2026-01-31,2026-01-31_32,0.0,0,0,100,144.0,144.0,0.0,0.0,0.0,True,True,True,False,0.0,1022.8409960558075,0.0,0.0,0.0,0.0,1022.8409960558075
2026-01-31T07:00:00Z,2026-01-31T07:15:00Z,2026-01-31,2026-01-31_33,0.0,0,0,100,144.0,144.0,0.0,0.0,0.0,True,True,True,False,0.0,1022.8409960558075,0.0,0.0,0.0,0.0,1022.8409960558075
2026-01-31T07:15:00Z,2026-01-31T07:30:00Z,2026-01-31,2026-01-31_34,0.0,0,0,100,144.0,144.0,0.0,0.0,0.0,True,True,True,False,0.0,1022.8409960558075,0.0,0.0,0.0,0.0,1022.8409960558075
2026-01-31T07:30:00Z,2026-01-31T07:45:00Z,2026-01-31,2026-01-31_35,0.0,0,0,100,144.0,144.0,0.0,0.0,0.0,True,True,True,False,0.0,1022.8409960558075,0.0,0.0,0.0,0.0,1022.8409960558075
2026-01-31T07:45:00Z,2026-01-31T08:00:00Z,2026-01-31,2026-01-31_36,0.0,0,0,100,144.0,144.0,0.0,0.0,0.0,True,True,True,False,0.0,1022.8409960558075,0.0,0.0,0.0,0.0,1022.8409960558075
2026-01-31T08:00:00Z,2026-01-31T08:15:00Z,2026-01-31,2026-01-31_37,0.0,100,81,0,144.0,136.21801242236026,0.021616632160110418,7.15942857142857,0.0,True,True,True,False,0.0,0.0,99.84105492435393,42.12839229999412,2068.837572261141,0.0,2210.807019485489
2026-01-31T08:15:00Z,2026-01-31T08:30:00Z,2026-01-31,2026-01-31_38,-19.0,100,81,0,136.21801242236026,120.69472630062114,0.04909063033816424,18.852,0.0,True,True,True,False,-605.4825,0.0,99.84105492435393,42.12839229999412,13757.073225407665,0.0,13293.560172632013
2026-01-31T08:30:00Z,2026-01-31T08:45:00Z,2026-01-31,2026-01-31_39,-19.0,100,81,0,120.69472630062114,105.55614863105592,0.04837603511387163,18.48742857142857,0.0,True,True,True,False,-602.1575,0.0,99.84105492435393,42.12839229999412,11705.232995427874,0.0,11245.044942652223
2026-01-31T08:45:00Z,2026-01-31T09:00:00Z,2026-01-31,2026-01-31_40,-19.0,100,81,0,105.55614863105592,94.54142849192549,0.04071597752933057,14.57942857142857,0.0,True,True,True,False,-566.7225,0.0,99.84105492435393,42.12839229999412,5408.083696047678,0.0,4983.3306432720265
2026-01-31T09:00:00Z,2026-01-31T09:15:00Z,2026-01-31,2026-01-31_41,0.0,100,100,0,94.54142849192549,80.95447197018636,0.0377415458937198,12.5,0.0,True,True,True,False,0.0,0.0,98.6342497203744,56.248896214752456,4061.1938541237423,0.0,4216.077000058869
2026-01-31T09:15:00Z,2026-01-31T09:30:00Z,2026-01-31,2026-01-31_42,0.0,100,100,0,80.95447197018636,74.87993780869567,0.016873706004140784,5.588571428571428,0.0,True,True,True,False,0.0,0.0,98.6342497203744,56.248896214752456,1774.258749127484,0.0,1929.1418950626107
2026-01-31T09:30:00Z,2026-01-31T09:45:00Z,2026-01-31,2026-01-31_43,0.0,100,100,0,74.87993780869567,66.39484464099381,0.023569703243616284,7.806285714285714,0.0,True,True,True,False,0.0,0.0,98.6342497203744,56.248896214752456,2084.1225000630734,0.0,2239.0056459982
2026-01-31T09:45:00Z,2026-01-31T10:00:00Z,2026-01-31,2026-01-31_44,0.0,100,100,0,66.39484464099381,64.63306575900624,0.010340814354727399,2.522857142857143,1.0657142857142856,True,True,True,False,0.0,0.0,98.6342497203744,56.248896214752456,586.8681266066209,-64.95104155278405,676.8002309889637
2026-01-31T10:00:00Z,2026-01-31T10:15:00Z,2026-01-31,2026-01-31_45,0.0,0,0,100,64.63306575900624,64.63306575900624,0.0,0.0,0.0,True,True,True,False,0.0,1022.8409960558075,0.0,0.0,0.0,0.0,1022.8409960558075
2026-01-31T10:15:00Z,2026-01-31T10:30:00Z,2026-01-31,2026-01-31_46,0.0,0,0,100,64.63306575900624,64.63306575900624,0.0,0.0,0.0,True,True,True,False,0.0,1022.8409960558075,0.0,0.0,0.0,0.0,1022.8409960558075
2026-01-31T10:30:00Z,2026-01-31T10:45:00Z,2026-01-31,2026-01-31_47,0.0,0,0,100,64.63306575900624,64.63306575900624,0.0,0.0,0.0,True,True,True,False,0.0,1022.8409960558075,0.0,0.0,0.0,0.0,1022.8409960558075
2026-01-31T10:45:00Z,2026-01-31T11:00:00Z,2026-01-31,2026-01-31_48,0.0,0,0,100,64.63306575900624,64.63306575900624,0.0,0.0,0.0,True,True,True,False,0.0,1022.8409960558075,0.0,0.0,0.0,0.0,1022.8409960558075
2026-01-31T11:00:00Z,2026-01-31T11:15:00Z,2026-01-31,2026-01-31_49,0.0,0,0,100,64.63306575900624,64.63306575900624,0.0,0.0,0.0,True,True,True,False,0.0,1022.8409960558075,0.0,0.0,0.0,0.0,1022.8409960558075
2026-01-31T11:15:00Z,2026-01-31T11:30:00Z,2026-01-31,2026-01-31_50,0.0,0,0,100,64.63306575900624,64.63306575900624,0.0,0.0,0.0,True,True,True,False,0.0,1022.8409960558075,0.0,0.0,0.0,0.0,1022.8409960558075
2026-01-31T11:30:00Z,2026-01-31T11:45:00Z,2026-01-31,2026-01-31_51,0.0,0,0,100,64.63306575900624,64.63306575900624,0.0,0.0,0.0,True,True,True,False,0.0,1022.8409960558075,0.0,0.0,0.0,0.0,1022.8409960558075
2026-01-31T11:45:00Z,2026-01-31T12:00:00Z,2026-01-31,2026-01-31_52,0.0,0,0,100,64.63306575900624,64.63306575900624,0.0,0.0,0.0,True,True,True,False,0.0,1022.8409960558075,0.0,0.0,0.0,0.0,1022.8409960558075
2026-01-31T12:00:00Z,2026-01-31T12:15:00Z,2026-01-31,2026-01-31_53,0.0,0,0,100,64.63306575900624,64.63306575900624,0.0,0.0,0.0,True,True,True,False,0.0,1022.8409960558075,0.0,0.0,0.0,0.0,1022.8409960558075
2026-01-31T12:15:00Z,2026-01-31T12:30:00Z,2026-01-31,2026-01-31_54,0.0,0,0,100,64.63306575900624,64.63306575900624,0.0,0.0,0.0,True,True,True,False,0.0,1022.8409960558075,0.0,0.0,0.0,0.0,1022.8409960558075
2026-01-31T12:30:00Z,2026-01-31T12:45:00Z,2026-01-31,2026-01-31_55,0.0,0,0,100,64.63306575900624,64.63306575900624,0.0,0.0,0.0,True,True,True,False,0.0,1022.8409960558075,0.0,0.0,0.0,0.0,1022.8409960558075
2026-01-31T12:45:00Z,2026-01-31T13:00:00Z,2026-01-31,2026-01-31_56,0.0,0,0,100,64.63306575900624,64.63306575900624,0.0,0.0,0.0,True,True,True,False,0.0,1022.8409960558075,0.0,0.0,0.0,0.0,1022.8409960558075
2026-01-31T13:00:00Z,2026-01-31T13:15:00Z,2026-01-31,2026-01-31_57,-38.0,100,62,0,64.63306575900624,73.04425613913047,0.024583879420289858,0.3257142857142857,0.00496,True,True,True,False,-1044.145,0.0,101.51880850061814,40.67757697062459,58.18443011042058,-0.4866466513608446,-844.2508310696975
2026-01-31T13:15:00Z,2026-01-31T13:30:00Z,2026-01-31,2026-01-31_58,-38.0,100,62,0,73.04425613913047,72.52351012173916,0.032428845603864734,9.047999999999998,0.0,True,True,True,False,-1065.9,0.0,101.51880850061814,40.67757697062459,3877.6115617825394,0.0,2953.907947253782
2026-01-31T13:30:00Z,2026-01-31T13:45:00Z,2026-01-31,2026-01-31_59,-38.0,100,62,0,72.52351012173916,71.22255473291929,0.033115565603864736,9.810285714285714,0.0,True,True,True,False,-1120.145,0.0,101.51880850061814,40.67757697062459,5862.595248915838,0.0,4884.646634387081
2026-01-31T13:45:00Z,2026-01-31T14:00:00Z,2026-01-31,2026-01-31_60,-0.5819886363213544,100,62,0,71.22255473291929,64.34782608695654,0.019689592148990662,6.460571428571428,0.008148571428571429,True,True,True,False,-17.32580170328672,0.0,101.51880850061814,40.67757697062459,2592.9240560989215,-0.7994909272356733,2716.9951489396417
2026-01-31T14:00:00Z,2026-01-31T14:15:00Z,2026-01-31,2026-01-31_61,0.0,0,0,100,64.34782608695654,64.34782608695654,0.0,0.0,0.0,True,True,True,False,0.0,1022.8409960558075,0.0,0.0,0.0,0.0,1022.8409960558075
2026-01-31T14:15:00Z,2026-01-31T14:30:00Z,2026-01-31,2026-01-31_62,0.0,0,0,100,64.34782608695654,64.34782608695654,0.0,0.0,0.0,True,True,True,False,0.0,1022.8409960558075,0.0,0.0,0.0,0.0,1022.8409960558075
2026-01-31T14:30:00Z,2026-01-31T14:45:00Z,2026-01-31,2026-01-31_63,0.0,0,0,100,64.34782608695654,64.34782608695654,0.0,0.0,0.0,True,True,True,False,0.0,1022.8409960558075,0.0,0.0,0.0,0.0,1022.8409960558075
2026-01-31T14:45:00Z,2026-01-31T15:00:00Z,2026-01-31,2026-01-31_64,0.0,0,0,100,64.34782608695654,64.34782608695654,0.0,0.0,0.0,True,True,True,False,0.0,1022.8409960558075,0.0,0.0,0.0,0.0,1022.8409960558075
2026-01-31T15:00:00Z,2026-01-31T15:15:00Z,2026-01-31,2026-01-31_65,0.0,100,100,0,64.34782608695654,75.4414489440994,0.03081561904761905,0.0,12.058285714285715,True,True,True,False,0.0,0.0,106.11055513039382,52.186966503797024,0.0,191.83797694034936,350.1354985745402
2026-01-31T15:15:00Z,2026-01-31T15:30:00Z,2026-01-31,2026-01-31_66,0.0,100,100,0,75.4414489440994,97.76485465838512,0.062009460317460324,0.0,24.26457142857143,True,True,True,False,0.0,0.0,106.11055513039382,52.186966503797024,0.0,2714.978947822845,2873.276469457036
2026-01-31T15:30:00Z,2026-01-31T15:45:00Z,2026-01-31,2026-01-31_67,0.0,100,100,0,97.76485465838512,98.63073987577643,0.006701302967563838,0.7114285714285714,1.7817142857142858,True,True,True,False,0.0,0.0,106.11055513039382,52.186966503797024,140.6025263016256,-92.05960838400233,206.84043955181411
2026-01-31T15:45:00Z,2026-01-31T16:00:00Z,2026-01-31,2026-01-31_68,0.0,100,100,0,98.63073987577643,74.37483925465841,0.06737750172532782,22.315428571428573,0.0,True,True,True,False,0.0,0.0,106.11055513039382,52.186966503797024,29576.177421501598,0.0,29734.47494313579
2026-01-31T16:00:00Z,2026-01-31T16:15:00Z,2026-01-31,2026-01-31_69,0.0,0,0,100,74.37483925465841,74.37483925465841,0.0,0.0,0.0,True,True,True,False,0.0,1022.8409960558075,0.0,0.0,0.0,0.0,1022.8409960558075
2026-01-31T16:15:00Z,2026-01-31T16:30:00Z,2026-01-31,2026-01-31_70,0.0,0,0,100,74.37483925465841,74.37483925465841,0.0,0.0,0.0,True,True,True,False,0.0,1022.8409960558075,0.0,0.0,0.0,0.0,1022.8409960558075
2026-01-31T16:30:00Z,2026-01-31T16:45:00Z,2026-01-31,2026-01-31_71,0.0,0,0,100,74.37483925465841,74.37483925465841,0.0,0.0,0.0,True,True,True,False,0.0,1022.8409960558075,0.0,0.0,0.0,0.0,1022.8409960558075
2026-01-31T16:45:00Z,2026-01-31T17:00:00Z,2026-01-31,2026-01-31_72,0.0,0,0,100,74.37483925465841,74.37483925465841,0.0,0.0,0.0,True,True,True,False,0.0,1022.8409960558075,0.0,0.0,0.0,0.0,1022.8409960558075
2026-01-31T17:00:00Z,2026-01-31T17:15:00Z,2026-01-31,2026-01-31_73,0.0,0,0,100,74.37483925465841,74.37483925465841,0.0,0.0,0.0,True,True,True,False,0.0,1022.8409960558075,0.0,0.0,0.0,0.0,1022.8409960558075
2026-01-31T17:15:00Z,2026-01-31T17:30:00Z,2026-01-31,2026-01-31_74,0.0,0,0,100,74.37483925465841,74.37483925465841,0.0,0.0,0.0,True,True,True,False,0.0,1022.8409960558075,0.0,0.0,0.0,0.0,1022.8409960558075
2026-01-31T17:30:00Z,2026-01-31T17:45:00Z,2026-01-31,2026-01-31_75,0.0,0,0,100,74.37483925465841,74.37483925465841,0.0,0.0,0.0,True,True,True,False,0.0,1022.8409960558075,0.0,0.0,0.0,0.0,1022.8409960558075
2026-01-31T17:45:00Z,2026-01-31T18:00:00Z,2026-01-31,2026-01-31_76,0.0,0,0,100,74.37483925465841,74.37483925465841,0.0,0.0,0.0,True,True,True,False,0.0,1022.8409960558075,0.0,0.0,0.0,0.0,1022.8409960558075
2026-01-31T18:00:00Z,2026-01-31T18:15:00Z,2026-01-31,2026-01-31_77,0.0,0,0,100,74.37483925465841,74.37483925465841,0.0,0.0,0.0,True,True,True,False,0.0,1022.8409960558075,0.0,0.0,0.0,0.0,1022.8409960558075
2026-01-31T18:15:00Z,2026-01-31T18:30:00Z,2026-01-31,2026-01-31_78,0.0,0,0,100,74.37483925465841,74.37483925465841,0.0,0.0,0.0,True,True,True,False,0.0,1022.8409960558075,0.0,0.0,0.0,0.0,1022.8409960558075
2026-01-31T18:30:00Z,2026-01-31T18:45:00Z,2026-01-31,2026-01-31_79,0.0,0,0,100,74.37483925465841,74.37483925465841,0.0,0.0,0.0,True,True,True,False,0.0,1022.8409960558075,0.0,0.0,0.0,0.0,1022.8409960558075
2026-01-31T18:45:00Z,2026-01-31T19:00:00Z,2026-01-31,2026-01-31_80,0.0,0,0,100,74.37483925465841,74.37483925465841,0.0,0.0,0.0,True,True,True,False,0.0,1022.8409960558075,0.0,0.0,0.0,0.0,1022.8409960558075
2026-01-31T19:00:00Z,2026-01-31T19:15:00Z,2026-01-31,2026-01-31_81,0.0,0,0,100,74.37483925465841,74.37483925465841,0.0,0.0,0.0,True,True,True,False,0.0,1022.8409960558075,0.0,0.0,0.0,0.0,1022.8409960558075
2026-01-31T19:15:00Z,2026-01-31T19:30:00Z,2026-01-31,2026-01-31_82,0.0,0,0,100,74.37483925465841,74.37483925465841,0.0,0.0,0.0,True,True,True,False,0.0,1022.8409960558075,0.0,0.0,0.0,0.0,1022.8409960558075
2026-01-31T19:30:00Z,2026-01-31T19:45:00Z,2026-01-31,2026-01-31_83,0.0,0,0,100,74.37483925465841,74.37483925465841,0.0,0.0,0.0,True,True,True,False,0.0,1022.8409960558075,0.0,0.0,0.0,0.0,1022.8409960558075
2026-01-31T19:45:00Z,2026-01-31T20:00:00Z,2026-01-31,2026-01-31_84,0.0,0,0,100,74.37483925465841,74.37483925465841,0.0,0.0,0.0,True,True,True,False,0.0,1022.8409960558075,0.0,0.0,0.0,0.0,1022.8409960558075
2026-01-31T20:00:00Z,2026-01-31T20:15:00Z,2026-01-31,2026-01-31_85,0.0,0,0,100,74.37483925465841,74.37483925465841,0.0,0.0,0.0,True,True,True,False,0.0,1022.8409960558075,0.0,0.0,0.0,0.0,1022.8409960558075
2026-01-31T20:15:00Z,2026-01-31T20:30:00Z,2026-01-31,2026-01-31_86,0.0,0,0,100,74.37483925465841,74.37483925465841,0.0,0.0,0.0,True,True,True,False,0.0,1022.8409960558075,0.0,0.0,0.0,0.0,1022.8409960558075
2026-01-31T20:30:00Z,2026-01-31T20:45:00Z,2026-01-31,2026-01-31_87,0.0,0,0,100,74.37483925465841,74.37483925465841,0.0,0.0,0.0,True,True,True,False,0.0,1022.8409960558075,0.0,0.0,0.0,0.0,1022.8409960558075
2026-01-31T20:45:00Z,2026-01-31T21:00:00Z,2026-01-31,2026-01-31_88,0.0,0,0,100,74.37483925465841,74.37483925465841,0.0,0.0,0.0,True,True,True,False,0.0,1022.8409960558075,0.0,0.0,0.0,0.0,1022.8409960558075
2026-01-31T21:00:00Z,2026-01-31T21:15:00Z,2026-01-31,2026-01-31_89,0.0,100,0,0,74.37483925465841,62.35682683229816,0.03338336783988958,11.056571428571429,0.0,True,True,True,False,0.0,0.0,101.69541414022487,0.0,3593.6059301370524,0.0,3695.301344277277
2026-01-31T21:15:00Z,2026-01-31T21:30:00Z,2026-01-31,2026-01-31_90,0.0,100,0,0,62.35682683229816,39.98353490683232,0.062148033126293994,20.583428571428573,0.0,True,True,True,False,0.0,0.0,101.69541414022487,0.0,16349.048831291157,0.0,16450.744245431382
2026-01-31T21:30:00Z,2026-01-31T21:45:00Z,2026-01-31,2026-01-31_91,0.0,100,0,0,39.98353490683232,17.404652919254683,0.0627191166321601,20.772571428571425,0.0,True,True,True,False,0.0,0.0,101.69541414022487,0.0,16860.332476543685,0.0,16962.02789068391
2026-01-31T21:45:00Z,2026-01-31T22:00:00Z,2026-01-31,2026-01-31_92,-100.0,100,0,0,17.404652919254683,19.08431006211183,0.004665714285714287,23.174285714285713,0.0,True,True,True,False,-2670.75,0.0,101.69541414022487,0.0,28526.66760071427,0.0,25957.613014854494
2026-01-31T22:00:00Z,2026-01-31T22:15:00Z,2026-02-01,2026-01-31_93,-100.0,100,0,0,19.08431006211183,28.082435776397542,0.024994793650793646,15.219428571428573,0.0,True,True,True,False,-2757.75,0.0,102.4312709719197,0.0,11714.402623182434,0.0,9059.083894154353
2026-01-31T22:15:00Z,2026-01-31T22:30:00Z,2026-02-01,2026-01-31_94,-11.218637844512228,100,0,0,28.082435776397542,24.16485465838506,0.0217292035936909,6.082857142857143,0.0,True,True,True,False,-307.6991894803591,0.0,102.4312709719197,0.0,1331.366393348415,0.0,1126.0984748399756
2026-01-31T22:30:00Z,2026-01-31T22:45:00Z,2026-02-01,2026-01-31_95,-100.00000000000003,100,0,0,24.16485465838506,43.97114037267078,0.05501746031746033,3.471428571428572,0.0,True,True,True,False,-2664.2500000000005,0.0,102.4312709719197,0.0,680.2013640683213,0.0,-1881.6173649597595
2026-01-31T22:45:00Z,2026-01-31T23:00:00Z,2026-02-01,2026-01-31_96,-100.0,100,0,0,43.97114037267078,64.3478260869565,0.05660190476190477,2.8514285714285714,0.0,True,True,True,False,-2513.5,0.0,102.4312709719197,0.0,557.8680312956407,0.0,-1853.2006977324397
2026-01-31T23:00:00Z,2026-01-31T23:15:00Z,2026-02-01,2026-02-01_1,0.0,0,0,100,64.3478260869565,64.3478260869565,0.0,0.0,0.0,True,True,True,False,0.0,1022.8409960558075,0.0,0.0,0.0,0.0,1022.8409960558075
2026-01-31T23:15:00Z,2026-01-31T23:30:00Z,2026-02-01,2026-02-01_2,0.0,0,0,100,64.3478260869565,64.3478260869565,0.0,0.0,0.0,True,True,True,False,0.0,1022.8409960558075,0.0,0.0,0.0,0.0,1022.8409960558075
2026-01-31T23:30:00Z,2026-01-31T23:45:00Z,2026-02-01,2026-02-01_3,0.0,0,0,100,64.3478260869565,64.3478260869565,0.0,0.0,0.0,True,True,True,False,0.0,1022.8409960558075,0.0,0.0,0.0,0.0,1022.8409960558075
2026-01-31T23:45:00Z,2026-02-01T00:00:00Z,2026-02-01,2026-02-01_4,0.0,0,0,100,64.3478260869565,64.3478260869565,0.0,0.0,0.0,True,True,True,False,0.0,1022.8409960558075,0.0,0.0,0.0,0.0,1022.8409960558075
2026-02-01T00:00:00Z,2026-02-01T00:15:00Z,2026-02-01,2026-02-01_5,0.0,0,0,100,64.3478260869565,64.3478260869565,0.0,0.0,0.0,True,True,True,False,0.0,1022.8409960558075,0.0,0.0,0.0,0.0,1022.8409960558075
2026-02-01T00:15:00Z,2026-02-01T00:30:00Z,2026-02-01,2026-02-01_6,0.0,0,0,100,64.3478260869565,64.3478260869565,0.0,0.0,0.0,True,True,True,False,0.0,1022.8409960558075,0.0,0.0,0.0,0.0,1022.8409960558075
2026-02-01T00:30:00Z,2026-02-01T00:45:00Z,2026-02-01,2026-02-01_7,0.0,0,0,100,64.3478260869565,64.3478260869565,0.0,0.0,0.0,True,True,True,False,0.0,1022.8409960558075,0.0,0.0,0.0,0.0,1022.8409960558075
2026-02-01T00:45:00Z,2026-02-01T01:00:00Z,2026-02-01,2026-02-01_8,0.0,0,0,100,64.3478260869565,64.3478260869565,0.0,0.0,0.0,True,True,True,False,0.0,1022.8409960558075,0.0,0.0,0.0,0.0,1022.8409960558075
2026-02-01T01:00:00Z,2026-02-01T01:15:00Z,2026-02-01,2026-02-01_9,0.0,0,0,100,64.3478260869565,64.3478260869565,0.0,0.0,0.0,True,True,True,False,0.0,1022.8409960558075,0.0,0.0,0.0,0.0,1022.8409960558075
2026-02-01T01:15:00Z,2026-02-01T01:30:00Z,2026-02-01,2026-02-01_10,0.0,0,0,100,64.3478260869565,64.3478260869565,0.0,0.0,0.0,True,True,True,False,0.0,1022.8409960558075,0.0,0.0,0.0,0.0,1022.8409960558075
2026-02-01T01:30:00Z,2026-02-01T01:45:00Z,2026-02-01,2026-02-01_11,0.0,0,0,100,64.3478260869565,64.3478260869565,0.0,0.0,0.0,True,True,True,False,0.0,1022.8409960558075,0.0,0.0,0.0,0.0,1022.8409960558075
2026-02-01T01:45:00Z,2026-02-01T02:00:00Z,2026-02-01,2026-02-01_12,0.0,0,0,100,64.3478260869565,64.3478260869565,0.0,0.0,0.0,True,True,True,False,0.0,1022.8409960558075,0.0,0.0,0.0,0.0,1022.8409960558075
2026-02-01T02:00:00Z,2026-02-01T02:15:00Z,2026-02-01,2026-02-01_13,0.0,0,0,100,64.3478260869565,64.3478260869565,0.0,0.0,0.0,True,True,True,False,0.0,1022.8409960558075,0.0,0.0,0.0,0.0,1022.8409960558075
2026-02-01T02:15:00Z,2026-02-01T02:30:00Z,2026-02-01,2026-02-01_14,0.0,0,0,100,64.3478260869565,64.3478260869565,0.0,0.0,0.0,True,True,True,False,0.0,1022.8409960558075,0.0,0.0,0.0,0.0,1022.8409960558075
2026-02-01T02:30:00Z,2026-02-01T02:45:00Z,2026-02-01,2026-02-01_15,0.0,0,0,100,64.3478260869565,64.3478260869565,0.0,0.0,0.0,True,True,True,False,0.0,1022.8409960558075,0.0,0.0,0.0,0.0,1022.8409960558075
2026-02-01T02:45:00Z,2026-02-01T03:00:00Z,2026-02-01,2026-02-01_16,0.0,0,0,100,64.3478260869565,64.3478260869565,0.0,0.0,0.0,True,True,True,False,0.0,1022.8409960558075,0.0,0.0,0.0,0.0,1022.8409960558075
2026-02-01T03:00:00Z,2026-02-01T03:15:00Z,2026-02-01,2026-02-01_17,0.0,100,100,0,64.3478260869565,66.41125465838508,0.005731746031746031,0.0,2.2428571428571424,True,True,True,False,0.0,0.0,100.90068876199447,64.40218990993112,0.0,-124.41803395874155,40.88484471318405
2026-02-01T03:15:00Z,2026-02-01T03:30:00Z,2026-02-01,2026-02-01_18,0.0,100,100,0,66.41125465838508,74.54300322981365,0.022588190476190474,0.0,8.838857142857142,True,True,True,False,0.0,0.0,100.90068876199447,64.40218990993112,0.0,-228.293348358829,-62.99046968690341
2026-02-01T03:30:00Z,2026-02-01T03:45:00Z,2026-02-01,2026-02-01_19,0.0,100,100,0,74.54300322981365,84.83596322981364,0.028591555555555558,0.0,11.188,True,True,True,False,0.0,0.0,100.90068876199447,64.40218990993112,0.0,115.53754361178159,280.8404222837072
2026-02-01T03:45:00Z,2026-02-01T04:00:00Z,2026-02-01,2026-02-01_20,0.0,100,100,0,84.83596322981364,104.45772322981364,0.054504888888888894,0.0,21.328,True,True,True,False,0.0,0.0,100.90068876199447,64.40218990993112,0.0,2072.7513070779614,2238.054185749887
2026-02-01T04:00:00Z,2026-02-01T04:15:00Z,2026-02-01,2026-02-01_21,0.0,100,100,0,104.45772322981364,124.4679860869565,0.0555840634920635,0.0,21.750285714285717,True,True,True,False,0.0,0.0,99.81162065108612,64.40218990993112,0.0,2131.046566702268,2295.2603772632856
2026-02-01T04:15:00Z,2026-02-01T04:30:00Z,2026-02-01,2026-02-01_22,0.0,100,100,0,124.4679860869565,137.13139180124222,0.03517612698412699,0.0,13.76457142857143,True,True,True,False,0.0,0.0,99.81162065108612,64.40218990993112,0.0,281.4632159606646,445.67702652168185
2026-02-01T04:30:00Z,2026-02-01T04:45:00Z,2026-02-01,2026-02-01_23,0.0,100,100,0,137.13139180124222,137.69807701863354,0.0018225728088336784,0.04114285714285714,0.6645714285714286,True,True,True,False,0.0,0.0,99.81162065108612,64.40218990993112,5.65138046741626,-38.68001065240366,131.18518037602985
2026-02-01T04:45:00Z,2026-02-01T05:00:00Z,2026-02-01,2026-02-01_24,0.0,100,100,0,137.69807701863354,137.59421813664596,0.0005017032436162871,0.13085714285714287,0.04171428571428571,True,True,True,False,0.0,0.0,99.81162065108612,64.40218990993112,18.551126772013337,-3.033132227165311,179.73180510586528
2026-02-01T05:00:00Z,2026-02-01T05:15:00Z,2026-02-01,2026-02-01_25,-81.0000000000011,100,19,0,137.59421813664596,149.29121080248476,0.04085872703933773,7.292571428571429,0.008142857142857143,True,True,True,False,-1913.0175000000258,0.0,101.96032259963502,12.303526225937482,2405.4295213987166,-0.5773597456878791,606.0985104785753
2026-02-01T05:15:00Z,2026-02-01T05:30:00Z,2026-02-01,2026-02-01_26,0.0,100,19,0,149.29121080248476,146.51605552298165,0.007708764665286405,2.5531428571428574,0.0,True,True,True,False,0.0,0.0,101.96032259963502,12.303526225937482,518.6936591847548,0.0,632.9575080103273
2026-02-01T05:30:00Z,2026-02-01T05:45:00Z,2026-02-01,2026-02-01_27,-81.0000000000011,100,19,0,146.51605552298165,149.3143003527956,0.026858789123533157,16.634857142857143,0.0,True,True,True,False,-1948.4550000000263,0.0,101.96032259963502,12.303526225937482,9660.653870102347,0.0,7826.462718927894
2026-02-01T05:45:00Z,2026-02-01T06:00:00Z,2026-02-01,2026-02-01_28,0.0,100,19,0,149.3143003527956,143.99007675031115,0.014789510006901308,4.898285714285714,0.0,True,True,True,False,0.0,0.0,101.96032259963502,12.303526225937482,956.7780991065996,0.0,1071.0419479321722
2026-02-01T06:00:00Z,2026-02-01T06:15:00Z,2026-02-01,2026-02-01_29,0.0,0,0,100,143.99007675031115,143.99007675031115,0.0,0.0,0.0,True,True,True,False,0.0,1022.8409960558075,0.0,0.0,0.0,0.0,1022.8409960558075
2026-02-01T06:15:00Z,2026-02-01T06:30:00Z,2026-02-01,2026-02-01_30,0.0,0,0,100,143.99007675031115,143.99007675031115,0.0,0.0,0.0,True,True,True,False,0.0,1022.8409960558075,0.0,0.0,0.0,0.0,1022.8409960558075
2026-02-01T06:30:00Z,2026-02-01T06:45:00Z,2026-02-01,2026-02-01_31,0.0,0,0,100,143.99007675031115,143.99007675031115,0.0,0.0,0.0,True,True,True,False,0.0,1022.8409960558075,0.0,0.0,0.0,0.0,1022.8409960558075
2026-02-01T06:45:00Z,2026-02-01T07:00:00Z,2026-02-01,2026-02-01_32,0.0,0,0,100,143.99007675031115,143.99007675031115,0.0,0.0,0.0,True,True,True,False,0.0,1022.8409960558075,0.0,0.0,0.0,0.0,1022.8409960558075
2026-02-01T07:00:00Z,2026-02-01T07:15:00Z,2026-02-01,2026-02-01_33,0.0,0,0,100,143.99007675031115,143.99007675031115,0.0,0.0,0.0,True,True,True,False,0.0,1022.8409960558075,0.0,0.0,0.0,0.0,1022.8409960558075
2026-02-01T07:15:00Z,2026-02-01T07:30:00Z,2026-02-01,2026-02-01_34,0.0,0,0,100,143.99007675031115,143.99007675031115,0.0,0.0,0.0,True,True,True,False,0.0,1022.8409960558075,0.0,0.0,0.0,0.0,1022.8409960558075
2026-02-01T07:30:00Z,2026-02-01T07:45:00Z,2026-02-01,2026-02-01_35,0.0,0,0,100,143.99007675031115,143.99007675031115,0.0,0.0,0.0,True,True,True,False,0.0,1022.8409960558075,0.0,0.0,0.0,0.0,1022.8409960558075
2026-02-01T07:45:00Z,2026-02-01T08:00:00Z,2026-02-01,2026-02-01_36,0.0,0,0,100,143.99007675031115,143.99007675031115,0.0,0.0,0.0,True,True,True,False,0.0,1022.8409960558075,0.0,0.0,0.0,0.0,1022.8409960558075
2026-02-01T08:00:00Z,2026-02-01T08:15:00Z,2026-02-01,2026-02-01_37,0.0,0,0,100,143.99007675031115,143.99007675031115,0.0,0.0,0.0,True,True,True,False,0.0,1022.8409960558075,0.0,0.0,0.0,0.0,1022.8409960558075
2026-02-01T08:15:00Z,2026-02-01T08:30:00Z,2026-02-01,2026-02-01_38,0.0,0,0,100,143.99007675031115,143.99007675031115,0.0,0.0,0.0,True,True,True,False,0.0,1022.8409960558075,0.0,0.0,0.0,0.0,1022.8409960558075
2026-02-01T08:30:00Z,2026-02-01T08:45:00Z,2026-02-01,2026-02-01_39,0.0,0,0,100,143.99007675031115,143.99007675031115,0.0,0.0,0.0,True,True,True,False,0.0,1022.8409960558075,0.0,0.0,0.0,0.0,1022.8409960558075
2026-02-01T08:45:00Z,2026-02-01T09:00:00Z,2026-02-01,2026-02-01_40,0.0,0,0,100,143.99007675031115,143.99007675031115,0.0,0.0,0.0,True,True,True,False,0.0,1022.8409960558075,0.0,0.0,0.0,0.0,1022.8409960558075
2026-02-01T09:00:00Z,2026-02-01T09:15:00Z,2026-02-01,2026-02-01_41,0.0,0,0,100,143.99007675031115,143.99007675031115,0.0,0.0,0.0,True,True,True,False,0.0,1022.8409960558075,0.0,0.0,0.0,0.0,1022.8409960558075
2026-02-01T09:15:00Z,2026-02-01T09:30:00Z,2026-02-01,2026-02-01_42,0.0,0,0,100,143.99007675031115,143.99007675031115,0.0,0.0,0.0,True,True,True,False,0.0,1022.8409960558075,0.0,0.0,0.0,0.0,1022.8409960558075
2026-02-01T09:30:00Z,2026-02-01T09:45:00Z,2026-02-01,2026-02-01_43,0.0,0,0,100,143.99007675031115,143.99007675031115,0.0,0.0,0.0,True,True,True,False,0.0,1022.8409960558075,0.0,0.0,0.0,0.0,1022.8409960558075
2026-02-01T09:45:00Z,2026-02-01T10:00:00Z,2026-02-01,2026-02-01_44,0.0,0,0,100,143.99007675031115,143.99007675031115,0.0,0.0,0.0,True,True,True,False,0.0,1022.8409960558075,0.0,0.0,0.0,0.0,1022.8409960558075
2026-02-01T10:00:00Z,2026-02-01T10:15:00Z,2026-02-01,2026-02-01_45,0.0,0,0,100,143.99007675031115,143.99007675031115,0.0,0.0,0.0,True,True,True,False,0.0,1022.8409960558075,0.0,0.0,0.0,0.0,1022.8409960558075
2026-02-01T10:15:00Z,2026-02-01T10:30:00Z,2026-02-01,2026-02-01_46,0.0,0,0,100,143.99007675031115,143.99007675031115,0.0,0.0,0.0,True,True,True,False,0.0,1022.8409960558075,0.0,0.0,0.0,0.0,1022.8409960558075
2026-02-01T10:30:00Z,2026-02-01T10:45:00Z,2026-02-01,2026-02-01_47,0.0,0,0,100,143.99007675031115,143.99007675031115,0.0,0.0,0.0,True,True,True,False,0.0,1022.8409960558075,0.0,0.0,0.0,0.0,1022.8409960558075
2026-02-01T10:45:00Z,2026-02-01T11:00:00Z,2026-02-01,2026-02-01_48,0.0,0,0,100,143.99007675031115,143.99007675031115,0.0,0.0,0.0,True,True,True,False,0.0,1022.8409960558075,0.0,0.0,0.0,0.0,1022.8409960558075
2026-02-01T11:00:00Z,2026-02-01T11:15:00Z,2026-02-01,2026-02-01_49,0.0,100,100,0,143.99007675031115,119.24407525962792,0.06891121048999309,22.794857142857143,0.03371428571428572,True,True,True,False,0.0,0.0,100.3120032966386,65.60899511391064,26000.62519102843,-2.0486253073078293,26164.49756413167
2026-02-01T11:15:00Z,2026-02-01T11:30:00Z,2026-02-01,2026-02-01_50,0.0,100,100,0,119.24407525962792,106.77078333416208,0.034648033126294,11.475428571428573,0.0,True,True,True,False,0.0,0.0,100.3120032966386,65.60899511391064,4363.169117224097,0.0,4529.090115634646
2026-02-01T11:30:00Z,2026-02-01T11:45:00Z,2026-02-01,2026-02-01_51,0.0,100,100,0,106.77078333416208,102.12668395528009,0.012900276052449967,4.272571428571429,0.0,True,True,True,False,0.0,0.0,100.3120032966386,65.60899511391064,837.2306649062169,0.0,1003.1516633167662
2026-02-01T11:45:00Z,2026-02-01T12:00:00Z,2026-02-01,2026-02-01_52,0.0,100,100,0,102.12668395528009,95.38134234037325,0.018737060041407867,6.2057142857142855,0.0,True,True,True,False,0.0,0.0,100.3120032966386,65.60899511391064,1586.2668359838196,0.0,1752.1878343943688
2026-02-01T12:00:00Z,2026-02-01T12:15:00Z,2026-02-01,2026-02-01_53,-1.9790932178100615e-14,100,0,0,95.38134234037325,88.93227401739189,0.01791407867494825,5.933142857142857,0.0,True,True,True,False,-5.086764343076311e-13,0.0,100.3120032966386,0.0,1158.2254880622997,0.0,1258.5374913589378
2026-02-01T12:15:00Z,2026-02-01T12:30:00Z,2026-02-01,2026-02-01_54,-100.0,100,0,0,88.93227401739189,106.49901687453475,0.048796507936507943,5.905714285714287,0.0,True,True,True,False,-2222.75,0.0,100.3120032966386,0.0,1153.4690561690036,0.0,-968.9689405343578
2026-02-01T12:30:00Z,2026-02-01T12:45:00Z,2026-02-01,2026-02-01_55,-100.0,100,0,0,106.49901687453475,115.44772544596331,0.024857523809523805,15.273142857142858,0.0,True,True,True,False,-2492.75,0.0,100.3120032966386,0.0,5549.790360471734,0.0,3157.3523637683725
2026-02-01T12:45:00Z,2026-02-01T13:00:00Z,2026-02-01,2026-02-01_56,-100.0,100,0,0,115.44772544596331,121.4314054459633,0.016621333333333328,18.496000000000002,0.0,True,True,True,False,-2497.5,0.0,100.3120032966386,0.0,6545.662573340398,0.0,4148.474576637037
2026-02-01T13:00:00Z,2026-02-01T13:15:00Z,2026-02-01,2026-02-01_57,0.0,100,4,0,121.4314054459633,119.47503090683287,0.005435191497584541,1.7999999999999998,0.00016,True,True,True,False,0.0,0.0,101.51880850061814,2.6243598045564256,353.9742155766174,-0.015698279076156278,458.1016856027158
2026-02-01T13:15:00Z,2026-02-01T13:30:00Z,2026-02-01,2026-02-01_58,-95.85947087013474,100,4,0,119.47503090683287,132.3981787826087,0.03835894752657498,9.844,0.0,True,True,True,False,-2430.5168839122666,0.0,101.51880850061814,2.6243598045564256,2611.5700657365433,0.0,285.1963501294512
2026-02-01T13:30:00Z,2026-02-01T13:45:00Z,2026-02-01,2026-02-01_59,-96.00000000000011,100,4,0,132.3981787826087,138.9205746086957,0.022172976673567945,16.788571428571426,0.0,True,True,True,False,-2497.4400000000032,0.0,101.51880850061814,2.6243598045564256,5022.78108693763,0.0,2629.4842552428013
2026-02-01T13:45:00Z,2026-02-01T14:00:00Z,2026-02-01,2026-02-01_60,-96.00000000000001,100,4,0,138.9205746086957,144.00000000000003,0.018540846928916492,18.345714285714283,0.0,True,True,True,False,-2497.4400000000005,0.0,101.51880850061814,2.6243598045564256,6763.909807219526,0.0,4370.612975524699
2026-02-01T14:00:00Z,2026-02-01T14:15:00Z,2026-02-01,2026-02-01_61,0.0,0,0,100,144.00000000000003,144.00000000000003,0.0,0.0,0.0,True,True,True,False,0.0,1022.8409960558075,0.0,0.0,0.0,0.0,1022.8409960558075
2026-02-01T14:15:00Z,2026-02-01T14:30:00Z,2026-02-01,2026-02-01_62,0.0,0,0,100,144.00000000000003,144.00000000000003,0.0,0.0,0.0,True,True,True,False,0.0,1022.8409960558075,0.0,0.0,0.0,0.0,1022.8409960558075
2026-02-01T14:30:00Z,2026-02-01T14:45:00Z,2026-02-01,2026-02-01_63,0.0,0,0,100,144.00000000000003,144.00000000000003,0.0,0.0,0.0,True,True,True,False,0.0,1022.8409960558075,0.0,0.0,0.0,0.0,1022.8409960558075
2026-02-01T14:45:00Z,2026-02-01T15:00:00Z,2026-02-01,2026-02-01_64,0.0,0,0,100,144.00000000000003,144.00000000000003,0.0,0.0,0.0,True,True,True,False,0.0,1022.8409960558075,0.0,0.0,0.0,0.0,1022.8409960558075
2026-02-01T15:00:00Z,2026-02-01T15:15:00Z,2026-02-01,2026-02-01_65,0.0,100,100,0,144.00000000000003,140.36645962732922,0.010093167701863352,3.3428571428571425,0.0,True,True,True,False,0.0,0.0,106.11055513039382,52.186966503797024,655.3078404494192,0.0,813.6053620836101
2026-02-01T15:15:00Z,2026-02-01T15:30:00Z,2026-02-01,2026-02-01_66,0.0,100,100,0,140.36645962732922,136.7329192546584,0.010093167701863352,3.3428571428571425,0.0,True,True,True,False,0.0,0.0,106.11055513039382,52.186966503797024,655.3078404494192,0.0,813.6053620836101
2026-02-01T15:30:00Z,2026-02-01T15:45:00Z,2026-02-01,2026-02-01_67,0.0,100,100,0,136.7329192546584,128.13478260869567,0.023883712905452034,7.910285714285714,0.0,True,True,True,False,0.0,0.0,106.11055513039382,52.186966503797024,10077.268756556134,0.0,10235.566278190325
2026-02-01T15:45:00Z,2026-02-01T16:00:00Z,2026-02-01,2026-02-01_68,0.0,100,100,0,128.13478260869567,114.1134529192547,0.039468011042097996,12.985714285714286,0.1017142857142857,True,True,True,False,0.0,0.0,106.11055513039382,52.186966503797024,19016.321178380105,-7.313724388678176,19167.30497562562
2026-02-01T16:00:00Z,2026-02-01T16:15:00Z,2026-02-01,2026-02-01_69,0.0,0,0,100,114.1134529192547,114.1134529192547,0.0,0.0,0.0,True,False,True,False,0.0,1022.8409960558075,0.0,0.0,0.0,0.0,1022.8409960558075
2026-02-01T16:15:00Z,2026-02-01T16:30:00Z,2026-02-01,2026-02-01_70,0.0,0,0,100,114.1134529192547,114.1134529192547,0.0,0.0,0.0,True,False,True,False,0.0,1022.8409960558075,0.0,0.0,0.0,0.0,1022.8409960558075
2026-02-01T16:30:00Z,2026-02-01T16:45:00Z,2026-02-01,2026-02-01_71,0.0,0,0,100,114.1134529192547,114.1134529192547,0.0,0.0,0.0,True,False,True,False,0.0,1022.8409960558075,0.0,0.0,0.0,0.0,1022.8409960558075
2026-02-01T16:45:00Z,2026-02-01T17:00:00Z,2026-02-01,2026-02-01_72,0.0,0,0,100,114.1134529192547,114.1134529192547,0.0,0.0,0.0,True,False,True,False,0.0,1022.8409960558075,0.0,0.0,0.0,0.0,1022.8409960558075
2026-02-01T17:00:00Z,2026-02-01T17:15:00Z,2026-02-01,2026-02-01_73,100.0,0,100,0,114.1134529192547,93.35568894409943,0.05766045548654244,0.0,5.902857142857143,True,True,True,False,3023.0,0.0,0.0,57.485135691999766,0.0,-362.9085513572004,2717.5765843347995
2026-02-01T17:15:00Z,2026-02-01T17:30:00Z,2026-02-01,2026-02-01_74,100.0,0,100,0,93.35568894409943,87.08736596273297,0.0174120082815735,0.0,19.233142857142855,True,True,True,False,3023.0,0.0,0.0,57.485135691999766,0.0,-21.474575235404103,3059.0105604565956
2026-02-01T17:30:00Z,2026-02-01T17:45:00Z,2026-02-01,2026-02-01_75,100.0,0,100,0,87.08736596273297,84.3016516770187,0.007738095238095235,0.0,22.43714285714286,True,True,True,False,3023.0,0.0,0.0,57.485135691999766,0.0,794.9399451120886,3875.4250808040883
2026-02-01T17:45:00Z,2026-02-01T18:00:00Z,2026-02-01,2026-02-01_76,91.70625010398543,0,100,0,84.3016516770187,64.34782608695656,0.05738911533668676,0.0,4.628,True,True,True,False,2752.3338312458627,0.0,0.0,57.485135691999766,0.0,-71.4755872137517,2738.343379724111
2026-02-01T18:00:00Z,2026-02-01T18:15:00Z,2026-02-01,2026-02-01_77,0.0,0,0,100,64.34782608695656,64.34782608695656,0.0,0.0,0.0,True,True,True,False,0.0,1022.8409960558075,0.0,0.0,0.0,0.0,1022.8409960558075
2026-02-01T18:15:00Z,2026-02-01T18:30:00Z,2026-02-01,2026-02-01_78,0.0,0,0,100,64.34782608695656,64.34782608695656,0.0,0.0,0.0,True,True,True,False,0.0,1022.8409960558075,0.0,0.0,0.0,0.0,1022.8409960558075
2026-02-01T18:30:00Z,2026-02-01T18:45:00Z,2026-02-01,2026-02-01_79,0.0,0,0,100,64.34782608695656,64.34782608695656,0.0,0.0,0.0,True,True,True,False,0.0,1022.8409960558075,0.0,0.0,0.0,0.0,1022.8409960558075
2026-02-01T18:45:00Z,2026-02-01T19:00:00Z,2026-02-01,2026-02-01_80,0.0,0,0,100,64.34782608695656,64.34782608695656,0.0,0.0,0.0,True,True,True,False,0.0,1022.8409960558075,0.0,0.0,0.0,0.0,1022.8409960558075
2026-02-01T19:00:00Z,2026-02-01T19:15:00Z,2026-02-01,2026-02-01_81,0.0,0,0,100,64.34782608695656,64.34782608695656,0.0,0.0,0.0,True,False,True,False,0.0,1022.8409960558075,0.0,0.0,0.0,0.0,1022.8409960558075
2026-02-01T19:15:00Z,2026-02-01T19:30:00Z,2026-02-01,2026-02-01_82,0.0,0,0,100,64.34782608695656,64.34782608695656,0.0,0.0,0.0,True,False,True,False,0.0,1022.8409960558075,0.0,0.0,0.0,0.0,1022.8409960558075
2026-02-01T19:30:00Z,2026-02-01T19:45:00Z,2026-02-01,2026-02-01_83,0.0,0,0,100,64.34782608695656,64.34782608695656,0.0,0.0,0.0,True,False,True,False,0.0,1022.8409960558075,0.0,0.0,0.0,0.0,1022.8409960558075
2026-02-01T19:45:00Z,2026-02-01T20:00:00Z,2026-02-01,2026-02-01_84,0.0,0,0,100,64.34782608695656,64.34782608695656,0.0,0.0,0.0,True,False,True,False,0.0,1022.8409960558075,0.0,0.0,0.0,0.0,1022.8409960558075
2026-02-01T20:00:00Z,2026-02-01T20:15:00Z,2026-02-01,2026-02-01_85,0.0,0,0,100,64.34782608695656,64.34782608695656,0.0,0.0,0.0,True,True,True,False,0.0,1022.8409960558075,0.0,0.0,0.0,0.0,1022.8409960558075
2026-02-01T20:15:00Z,2026-02-01T20:30:00Z,2026-02-01,2026-02-01_86,0.0,0,0,100,64.34782608695656,64.34782608695656,0.0,0.0,0.0,True,True,True,False,0.0,1022.8409960558075,0.0,0.0,0.0,0.0,1022.8409960558075
2026-02-01T20:30:00Z,2026-02-01T20:45:00Z,2026-02-01,2026-02-01_87,0.0,0,0,100,64.34782608695656,64.34782608695656,0.0,0.0,0.0,True,True,True,False,0.0,1022.8409960558075,0.0,0.0,0.0,0.0,1022.8409960558075
2026-02-01T20:45:00Z,2026-02-01T21:00:00Z,2026-02-01,2026-02-01_88,0.0,0,0,100,64.34782608695656,64.34782608695656,0.0,0.0,0.0,True,True,True,False,0.0,1022.8409960558075,0.0,0.0,0.0,0.0,1022.8409960558075
2026-02-01T21:00:00Z,2026-02-01T21:15:00Z,2026-02-01,2026-02-01_89,0.0,0,0,100,64.34782608695656,64.34782608695656,0.0,0.0,0.0,True,True,True,False,0.0,1022.8409960558075,0.0,0.0,0.0,0.0,1022.8409960558075
2026-02-01T21:15:00Z,2026-02-01T21:30:00Z,2026-02-01,2026-02-01_90,0.0,0,0,100,64.34782608695656,64.34782608695656,0.0,0.0,0.0,True,True,True,False,0.0,1022.8409960558075,0.0,0.0,0.0,0.0,1022.8409960558075
2026-02-01T21:30:00Z,2026-02-01T21:45:00Z,2026-02-01,2026-02-01_91,0.0,0,0,100,64.34782608695656,64.34782608695656,0.0,0.0,0.0,True,True,True,False,0.0,1022.8409960558075,0.0,0.0,0.0,0.0,1022.8409960558075
2026-02-01T21:45:00Z,2026-02-01T22:00:00Z,2026-02-01,2026-02-01_92,0.0,0,0,100,64.34782608695656,64.34782608695656,0.0,0.0,0.0,True,True,True,False,0.0,1022.8409960558075,0.0,0.0,0.0,0.0,1022.8409960558075
2026-02-01T22:00:00Z,2026-02-01T22:15:00Z,2026-02-02,2026-02-01_93,-100.00000000000001,100,0,0,64.34782608695656,78.8228432298137,0.04020838095238096,9.266285714285715,0.0,True,True,True,False,-2490.5000000000005,0.0,103.25543062341791,0.0,2499.1114931025686,0.0,111.86692372598606
2026-02-01T22:15:00Z,2026-02-01T22:30:00Z,2026-02-02,2026-02-01_94,-100.0,100,0,0,78.8228432298137,94.3561232298137,0.043148000000000006,8.116,0.0,True,True,True,False,-2415.5,0.0,103.25543062341791,0.0,1953.417251623791,0.0,-358.8273177527912
2026-02-01T22:30:00Z,2026-02-01T22:45:00Z,2026-02-02,2026-02-01_95,-100.0,100,0,0,94.3561232298137,108.89159751552799,0.04037631746031746,9.200571428571427,0.0,True,True,True,False,-2341.75,0.0,103.25543062341791,0.0,1959.589377423071,0.0,-278.90519195351106
2026-02-01T22:45:00Z,2026-02-01T23:00:00Z,2026-02-02,2026-02-01_96,-100.0,100,0,0,108.89159751552799,128.53438608695654,0.05456330158730159,3.649142857142857,0.0,True,True,True,False,-2302.5,0.0,103.25543062341791,0.0,706.0745210763413,0.0,-1493.1700483002408
2026-02-01T23:00:00Z,2026-02-01T23:15:00Z,2026-02-02,2026-02-02_1,0.0,0,0,100,128.53438608695654,128.53438608695654,0.0,0.0,0.0,True,True,True,False,0.0,1022.8409960558075,0.0,0.0,0.0,0.0,1022.8409960558075
2026-02-01T23:15:00Z,2026-02-01T23:30:00Z,2026-02-02,2026-02-02_2,0.0,0,0,100,128.53438608695654,128.53438608695654,0.0,0.0,0.0,True,True,True,False,0.0,1022.8409960558075,0.0,0.0,0.0,0.0,1022.8409960558075
2026-02-01T23:30:00Z,2026-02-01T23:45:00Z,2026-02-02,2026-02-02_3,0.0,0,0,100,128.53438608695654,128.53438608695654,0.0,0.0,0.0,True,True,True,False,0.0,1022.8409960558075,0.0,0.0,0.0,0.0,1022.8409960558075
2026-02-01T23:45:00Z,2026-02-02T00:00:00Z,2026-02-02,2026-02-02_4,0.0,0,0,100,128.53438608695654,128.53438608695654,0.0,0.0,0.0,True,True,True,False,0.0,1022.8409960558075,0.0,0.0,0.0,0.0,1022.8409960558075
2026-02-02T00:00:00Z,2026-02-02T00:15:00Z,2026-02-02,2026-02-02_5,0.0,0,0,100,128.53438608695654,128.53438608695654,0.0,0.0,0.0,True,True,True,False,0.0,1022.8409960558075,0.0,0.0,0.0,0.0,1022.8409960558075
2026-02-02T00:15:00Z,2026-02-02T00:30:00Z,2026-02-02,2026-02-02_6,0.0,0,0,100,128.53438608695654,128.53438608695654,0.0,0.0,0.0,True,True,True,False,0.0,1022.8409960558075,0.0,0.0,0.0,0.0,1022.8409960558075
2026-02-02T00:30:00Z,2026-02-02T00:45:00Z,2026-02-02,2026-02-02_7,0.0,0,0,100,128.53438608695654,128.53438608695654,0.0,0.0,0.0,True,True,True,False,0.0,1022.8409960558075,0.0,0.0,0.0,0.0,1022.8409960558075
2026-02-02T00:45:00Z,2026-02-02T01:00:00Z,2026-02-02,2026-02-02_8,0.0,0,0,100,128.53438608695654,128.53438608695654,0.0,0.0,0.0,True,True,True,False,0.0,1022.8409960558075,0.0,0.0,0.0,0.0,1022.8409960558075
2026-02-02T01:00:00Z,2026-02-02T01:15:00Z,2026-02-02,2026-02-02_9,0.0,0,0,100,128.53438608695654,128.53438608695654,0.0,0.0,0.0,True,True,True,False,0.0,1022.8409960558075,0.0,0.0,0.0,0.0,1022.8409960558075
2026-02-02T01:15:00Z,2026-02-02T01:30:00Z,2026-02-02,2026-02-02_10,0.0,0,0,100,128.53438608695654,128.53438608695654,0.0,0.0,0.0,True,True,True,False,0.0,1022.8409960558075,0.0,0.0,0.0,0.0,1022.8409960558075
2026-02-02T01:30:00Z,2026-02-02T01:45:00Z,2026-02-02,2026-02-02_11,0.0,0,0,100,128.53438608695654,128.53438608695654,0.0,0.0,0.0,True,True,True,False,0.0,1022.8409960558075,0.0,0.0,0.0,0.0,1022.8409960558075
2026-02-02T01:45:00Z,2026-02-02T02:00:00Z,2026-02-02,2026-02-02_12,0.0,0,0,100,128.53438608695654,128.53438608695654,0.0,0.0,0.0,True,True,True,False,0.0,1022.8409960558075,0.0,0.0,0.0,0.0,1022.8409960558075
2026-02-02T02:00:00Z,2026-02-02T02:15:00Z,2026-02-02,2026-02-02_13,0.0,0,0,100,128.53438608695654,128.53438608695654,0.0,0.0,0.0,True,True,True,False,0.0,1022.8409960558075,0.0,0.0,0.0,0.0,1022.8409960558075
2026-02-02T02:15:00Z,2026-02-02T02:30:00Z,2026-02-02,2026-02-02_14,0.0,0,0,100,128.53438608695654,128.53438608695654,0.0,0.0,0.0,True,True,True,False,0.0,1022.8409960558075,0.0,0.0,0.0,0.0,1022.8409960558075
2026-02-02T02:30:00Z,2026-02-02T02:45:00Z,2026-02-02,2026-02-02_15,0.0,0,0,100,128.53438608695654,128.53438608695654,0.0,0.0,0.0,True,True,True,False,0.0,1022.8409960558075,0.0,0.0,0.0,0.0,1022.8409960558075
2026-02-02T02:45:00Z,2026-02-02T03:00:00Z,2026-02-02,2026-02-02_16,0.0,0,0,100,128.53438608695654,128.53438608695654,0.0,0.0,0.0,True,True,True,False,0.0,1022.8409960558075,0.0,0.0,0.0,0.0,1022.8409960558075
2026-02-02T03:00:00Z,2026-02-02T03:15:00Z,2026-02-02,2026-02-02_17,0.0,0,0,100,128.53438608695654,128.53438608695654,0.0,0.0,0.0,True,True,True,False,0.0,1022.8409960558075,0.0,0.0,0.0,0.0,1022.8409960558075
2026-02-02T03:15:00Z,2026-02-02T03:30:00Z,2026-02-02,2026-02-02_18,0.0,0,0,100,128.53438608695654,128.53438608695654,0.0,0.0,0.0,True,True,True,False,0.0,1022.8409960558075,0.0,0.0,0.0,0.0,1022.8409960558075
2026-02-02T03:30:00Z,2026-02-02T03:45:00Z,2026-02-02,2026-02-02_19,0.0,0,0,100,128.53438608695654,128.53438608695654,0.0,0.0,0.0,True,True,True,False,0.0,1022.8409960558075,0.0,0.0,0.0,0.0,1022.8409960558075
2026-02-02T03:45:00Z,2026-02-02T04:00:00Z,2026-02-02,2026-02-02_20,0.0,0,0,100,128.53438608695654,128.53438608695654,0.0,0.0,0.0,True,True,True,False,0.0,1022.8409960558075,0.0,0.0,0.0,0.0,1022.8409960558075
2026-02-02T04:00:00Z,2026-02-02T04:15:00Z,2026-02-02,2026-02-02_21,-62.0,100,38,0,128.53438608695654,144.7559417440994,0.04505987682539683,0.0,2.1321257142857144,True,True,True,False,-1553.875,0.0,100.98899158179786,24.472832165773827,0.0,-63.54162216821267,-1491.954798420641
2026-02-02T04:15:00Z,2026-02-02T04:30:00Z,2026-02-02,2026-02-02_22,-62.00000000000007,100,38,0,144.7559417440994,153.43944673788823,0.037157286128364414,5.6811428571428575,0.011508571428571429,True,True,True,False,-1635.0950000000018,0.0,100.98899158179786,24.472832165773827,1492.8793958405167,-0.8291835268987209,-17.582963938812142
2026-02-02T04:30:00Z,2026-02-02T04:45:00Z,2026-02-02,2026-02-02_23,-61.56259891320705,100,38,0,153.43944673788823,153.18322981366452,0.033286419587914284,14.64742857142857,0.0,True,True,True,False,-1729.1394969747028,0.0,100.98899158179786,24.472832165773827,10931.981172156857,0.0,9328.303498929725
2026-02-02T04:45:00Z,2026-02-02T05:00:00Z,2026-02-02,2026-02-02_24,0.0,100,38,0,153.18322981366452,143.99999999999994,0.02550897170462388,8.448571428571428,0.0,True,True,True,False,0.0,0.0,100.98899158179786,24.472832165773827,3448.4515150240945,0.0,3573.913338771666
2026-02-02T05:00:00Z,2026-02-02T05:15:00Z,2026-02-02,2026-02-02_25,0.0,0,0,100,143.99999999999994,143.99999999999994,0.0,0.0,0.0,True,True,True,False,0.0,1022.8409960558075,0.0,0.0,0.0,0.0,1022.8409960558075
2026-02-02T05:15:00Z,2026-02-02T05:30:00Z,2026-02-02,2026-02-02_26,0.0,0,0,100,143.99999999999994,143.99999999999994,0.0,0.0,0.0,True,True,True,False,0.0,1022.8409960558075,0.0,0.0,0.0,0.0,1022.8409960558075
2026-02-02T05:30:00Z,2026-02-02T05:45:00Z,2026-02-02,2026-02-02_27,0.0,0,0,100,143.99999999999994,143.99999999999994,0.0,0.0,0.0,True,True,True,False,0.0,1022.8409960558075,0.0,0.0,0.0,0.0,1022.8409960558075
2026-02-02T05:45:00Z,2026-02-02T06:00:00Z,2026-02-02,2026-02-02_28,0.0,0,0,100,143.99999999999994,143.99999999999994,0.0,0.0,0.0,True,True,True,False,0.0,1022.8409960558075,0.0,0.0,0.0,0.0,1022.8409960558075
2026-02-02T06:00:00Z,2026-02-02T06:15:00Z,2026-02-02,2026-02-02_29,0.0,0,0,100,143.99999999999994,143.99999999999994,0.0,0.0,0.0,True,True,True,False,0.0,1022.8409960558075,0.0,0.0,0.0,0.0,1022.8409960558075
2026-02-02T06:15:00Z,2026-02-02T06:30:00Z,2026-02-02,2026-02-02_30,0.0,0,0,100,143.99999999999994,143.99999999999994,0.0,0.0,0.0,True,True,True,False,0.0,1022.8409960558075,0.0,0.0,0.0,0.0,1022.8409960558075
2026-02-02T06:30:00Z,2026-02-02T06:45:00Z,2026-02-02,2026-02-02_31,0.0,0,0,100,143.99999999999994,143.99999999999994,0.0,0.0,0.0,True,True,True,False,0.0,1022.8409960558075,0.0,0.0,0.0,0.0,1022.8409960558075
2026-02-02T06:45:00Z,2026-02-02T07:00:00Z,2026-02-02,2026-02-02_32,0.0,0,0,100,143.99999999999994,143.99999999999994,0.0,0.0,0.0,True,True,True,False,0.0,1022.8409960558075,0.0,0.0,0.0,0.0,1022.8409960558075
2026-02-02T07:00:00Z,2026-02-02T07:15:00Z,2026-02-02,2026-02-02_33,-1.167544322092216e-13,100,0,0,143.99999999999994,143.74161490683227,0.0007177363699103561,0.2377142857142857,0.0,True,True,True,False,-5.442215971352342e-12,0.0,101.54824277388592,0.0,37.81770687388395,0.0,139.36594964776444
2026-02-02T07:15:00Z,2026-02-02T07:30:00Z,2026-02-02,2026-02-02_34,-26.16247640803091,100,0,0,143.74161490683227,132.44715130434773,0.042614338426058884,16.593714285714288,0.0,True,True,True,False,-1188.6267094078642,0.0,101.54824277388592,0.0,9021.847561636772,0.0,7934.769095002794
2026-02-02T07:30:00Z,2026-02-02T07:45:00Z,2026-02-02,2026-02-02_35,-100.0,100,0,0,132.44715130434773,136.85736844720486,0.012250603174603178,20.206285714285713,0.0,True,True,True,False,-4270.75,0.0,101.54824277388592,0.0,10936.187736504386,0.0,6766.985979278272
2026-02-02T07:45:00Z,2026-02-02T08:00:00Z,2026-02-02,2026-02-02_36,-100.0,100,0,0,136.85736844720486,143.75789416149058,0.019168126984126985,17.49942857142857,0.0,True,True,True,False,-4020.5,0.0,101.54824277388592,0.0,11526.00458636436,0.0,7607.052829138247
2026-02-02T08:00:00Z,2026-02-02T08:15:00Z,2026-02-02,2026-02-02_37,0.0,0,0,100,143.75789416149058,143.75789416149058,0.0,0.0,0.0,True,True,True,False,0.0,1022.8409960558075,0.0,0.0,0.0,0.0,1022.8409960558075
2026-02-02T08:15:00Z,2026-02-02T08:30:00Z,2026-02-02,2026-02-02_38,0.0,0,0,100,143.75789416149058,143.75789416149058,0.0,0.0,0.0,True,True,True,False,0.0,1022.8409960558075,0.0,0.0,0.0,0.0,1022.8409960558075
2026-02-02T08:30:00Z,2026-02-02T08:45:00Z,2026-02-02,2026-02-02_39,0.0,0,0,100,143.75789416149058,143.75789416149058,0.0,0.0,0.0,True,True,True,False,0.0,1022.8409960558075,0.0,0.0,0.0,0.0,1022.8409960558075
2026-02-02T08:45:00Z,2026-02-02T09:00:00Z,2026-02-02,2026-02-02_40,0.0,0,0,100,143.75789416149058,143.75789416149058,0.0,0.0,0.0,True,True,True,False,0.0,1022.8409960558075,0.0,0.0,0.0,0.0,1022.8409960558075
2026-02-02T09:00:00Z,2026-02-02T09:15:00Z,2026-02-02,2026-02-02_41,0.0,0,0,100,143.75789416149058,143.75789416149058,0.0,0.0,0.0,True,True,True,False,0.0,1022.8409960558075,0.0,0.0,0.0,0.0,1022.8409960558075
2026-02-02T09:15:00Z,2026-02-02T09:30:00Z,2026-02-02,2026-02-02_42,0.0,0,0,100,143.75789416149058,143.75789416149058,0.0,0.0,0.0,True,True,True,False,0.0,1022.8409960558075,0.0,0.0,0.0,0.0,1022.8409960558075
2026-02-02T09:30:00Z,2026-02-02T09:45:00Z,2026-02-02,2026-02-02_43,0.0,0,0,100,143.75789416149058,143.75789416149058,0.0,0.0,0.0,True,True,True,False,0.0,1022.8409960558075,0.0,0.0,0.0,0.0,1022.8409960558075
2026-02-02T09:45:00Z,2026-02-02T10:00:00Z,2026-02-02,2026-02-02_44,0.0,0,0,100,143.75789416149058,143.75789416149058,0.0,0.0,0.0,True,True,True,False,0.0,1022.8409960558075,0.0,0.0,0.0,0.0,1022.8409960558075
2026-02-02T10:00:00Z,2026-02-02T10:15:00Z,2026-02-02,2026-02-02_45,0.0,0,0,100,143.75789416149058,143.75789416149058,0.0,0.0,0.0,True,True,True,False,0.0,1022.8409960558075,0.0,0.0,0.0,0.0,1022.8409960558075
2026-02-02T10:15:00Z,2026-02-02T10:30:00Z,2026-02-02,2026-02-02_46,0.0,0,0,100,143.75789416149058,143.75789416149058,0.0,0.0,0.0,True,True,True,False,0.0,1022.8409960558075,0.0,0.0,0.0,0.0,1022.8409960558075
2026-02-02T10:30:00Z,2026-02-02T10:45:00Z,2026-02-02,2026-02-02_47,0.0,0,0,100,143.75789416149058,143.75789416149058,0.0,0.0,0.0,True,True,True,False,0.0,1022.8409960558075,0.0,0.0,0.0,0.0,1022.8409960558075
2026-02-02T10:45:00Z,2026-02-02T11:00:00Z,2026-02-02,2026-02-02_48,0.0,0,0,100,143.75789416149058,143.75789416149058,0.0,0.0,0.0,True,True,True,False,0.0,1022.8409960558075,0.0,0.0,0.0,0.0,1022.8409960558075
2026-02-02T11:00:00Z,2026-02-02T11:15:00Z,2026-02-02,2026-02-02_49,0.0,0,0,100,143.75789416149058,143.75789416149058,0.0,0.0,0.0,True,True,True,False,0.0,1022.8409960558075,0.0,0.0,0.0,0.0,1022.8409960558075
2026-02-02T11:15:00Z,2026-02-02T11:30:00Z,2026-02-02,2026-02-02_50,0.0,0,0,100,143.75789416149058,143.75789416149058,0.0,0.0,0.0,True,True,True,False,0.0,1022.8409960558075,0.0,0.0,0.0,0.0,1022.8409960558075
2026-02-02T11:30:00Z,2026-02-02T11:45:00Z,2026-02-02,2026-02-02_51,0.0,0,0,100,143.75789416149058,143.75789416149058,0.0,0.0,0.0,True,True,True,False,0.0,1022.8409960558075,0.0,0.0,0.0,0.0,1022.8409960558075
2026-02-02T11:45:00Z,2026-02-02T12:00:00Z,2026-02-02,2026-02-02_52,0.0,0,0,100,143.75789416149058,143.75789416149058,0.0,0.0,0.0,True,True,True,False,0.0,1022.8409960558075,0.0,0.0,0.0,0.0,1022.8409960558075
2026-02-02T12:00:00Z,2026-02-02T12:15:00Z,2026-02-02,2026-02-02_53,0.0,0,0,100,143.75789416149058,143.75789416149058,0.0,0.0,0.0,True,True,True,False,0.0,1022.8409960558075,0.0,0.0,0.0,0.0,1022.8409960558075
2026-02-02T12:15:00Z,2026-02-02T12:30:00Z,2026-02-02,2026-02-02_54,0.0,0,0,100,143.75789416149058,143.75789416149058,0.0,0.0,0.0,True,True,True,False,0.0,1022.8409960558075,0.0,0.0,0.0,0.0,1022.8409960558075
2026-02-02T12:30:00Z,2026-02-02T12:45:00Z,2026-02-02,2026-02-02_55,0.0,0,0,100,143.75789416149058,143.75789416149058,0.0,0.0,0.0,True,True,True,False,0.0,1022.8409960558075,0.0,0.0,0.0,0.0,1022.8409960558075
2026-02-02T12:45:00Z,2026-02-02T13:00:00Z,2026-02-02,2026-02-02_56,0.0,0,0,100,143.75789416149058,143.75789416149058,0.0,0.0,0.0,True,True,True,False,0.0,1022.8409960558075,0.0,0.0,0.0,0.0,1022.8409960558075
2026-02-02T13:00:00Z,2026-02-02T13:15:00Z,2026-02-02,2026-02-02_57,0.0,0,0,100,143.75789416149058,143.75789416149058,0.0,0.0,0.0,True,True,True,False,0.0,1022.8409960558075,0.0,0.0,0.0,0.0,1022.8409960558075
2026-02-02T13:15:00Z,2026-02-02T13:30:00Z,2026-02-02,2026-02-02_58,0.0,0,0,100,143.75789416149058,143.75789416149058,0.0,0.0,0.0,True,True,True,False,0.0,1022.8409960558075,0.0,0.0,0.0,0.0,1022.8409960558075
2026-02-02T13:30:00Z,2026-02-02T13:45:00Z,2026-02-02,2026-02-02_59,0.0,0,0,100,143.75789416149058,143.75789416149058,0.0,0.0,0.0,True,True,True,False,0.0,1022.8409960558075,0.0,0.0,0.0,0.0,1022.8409960558075
2026-02-02T13:45:00Z,2026-02-02T14:00:00Z,2026-02-02,2026-02-02_60,0.0,0,0,100,143.75789416149058,143.75789416149058,0.0,0.0,0.0,True,True,True,False,0.0,1022.8409960558075,0.0,0.0,0.0,0.0,1022.8409960558075
2026-02-02T14:00:00Z,2026-02-02T14:15:00Z,2026-02-02,2026-02-02_61,0.0,0,0,100,143.75789416149058,143.75789416149058,0.0,0.0,0.0,True,True,True,False,0.0,1022.8409960558075,0.0,0.0,0.0,0.0,1022.8409960558075
2026-02-02T14:15:00Z,2026-02-02T14:30:00Z,2026-02-02,2026-02-02_62,0.0,0,0,100,143.75789416149058,143.75789416149058,0.0,0.0,0.0,True,True,True,False,0.0,1022.8409960558075,0.0,0.0,0.0,0.0,1022.8409960558075
2026-02-02T14:30:00Z,2026-02-02T14:45:00Z,2026-02-02,2026-02-02_63,0.0,0,0,100,143.75789416149058,143.75789416149058,0.0,0.0,0.0,True,True,True,False,0.0,1022.8409960558075,0.0,0.0,0.0,0.0,1022.8409960558075
2026-02-02T14:45:00Z,2026-02-02T15:00:00Z,2026-02-02,2026-02-02_64,0.0,0,0,100,143.75789416149058,143.75789416149058,0.0,0.0,0.0,True,True,True,False,0.0,1022.8409960558075,0.0,0.0,0.0,0.0,1022.8409960558075
2026-02-02T15:00:00Z,2026-02-02T15:15:00Z,2026-02-02,2026-02-02_65,0.0,0,100,0,143.75789416149058,143.8467398757763,0.00024679365079365083,0.0,0.09657142857142857,True,True,True,False,0.0,0.0,0.0,52.186966503797024,0.0,-7.674776509767974,44.51218999402905
2026-02-02T15:15:00Z,2026-02-02T15:30:00Z,2026-02-02,2026-02-02_66,0.0,0,100,0,143.8467398757763,144.01286559006203,0.0004614603174603175,0.0,0.18057142857142858,True,True,True,False,0.0,0.0,0.0,52.186966503797024,0.0,-14.35046968690343,37.83649681689359
2026-02-02T15:30:00Z,2026-02-02T15:45:00Z,2026-02-02,2026-02-02_67,100.0,0,100,0,144.01286559006203,119.42342459627322,0.0683040027605245,0.0,2.3777142857142852,True,True,True,False,5304.75,0.0,0.0,52.186966503797024,0.0,-146.11504764147372,5210.821918862323
2026-02-02T15:45:00Z,2026-02-02T16:00:00Z,2026-02-02,2026-02-02_68,100.0,0,100,0,119.42342459627322,93.33149913043471,0.0724775707384403,0.0,0.9954285714285714,True,True,True,False,8480.75,0.0,0.0,52.186966503797024,0.0,-68.84593473440474,8464.091031769392
2026-02-02T16:00:00Z,2026-02-02T16:15:00Z,2026-02-02,2026-02-02_69,8.0,0,8,92,93.33149913043471,91.16384695652167,0.006021256038647342,0.0,0.00576,True,True,True,False,424.18,941.0137163713429,0.0,4.174957320303761,0.0,-0.45776181786071707,1368.9109118737858
2026-02-02T16:15:00Z,2026-02-02T16:30:00Z,2026-02-02,2026-02-02_70,8.0,0,8,92,91.16384695652167,88.99092770186328,0.006035886818495514,0.0,0.0009142857142857143,True,True,True,False,435.32,941.0137163713429,0.0,4.174957320303761,0.0,-0.07041799471304387,1380.4382556969335
2026-02-02T16:30:00Z,2026-02-02T16:45:00Z,2026-02-02,2026-02-02_71,8.0,0,8,92,88.99092770186328,86.81701465838502,0.006038647342995168,0.0,0.0,True,True,True,False,480.32,941.0137163713429,0.0,4.174957320303761,0.0,0.0,1425.5086736916467
2026-02-02T16:45:00Z,2026-02-02T17:00:00Z,2026-02-02,2026-02-02_72,8.0,0,8,92,86.81701465838502,84.64702708074526,0.006027743271221531,0.0,0.0036114285714285714,True,True,True,False,544.06,941.0137163713429,0.0,4.174957320303761,0.0,-0.2578556173208083,1488.9908180743257
2026-02-02T17:00:00Z,2026-02-02T17:15:00Z,2026-02-02,2026-02-02_73,0.0,0,0,100,84.64702708074526,84.64702708074526,0.0,0.0,0.0,True,True,True,False,0.0,1022.8409960558075,0.0,0.0,0.0,0.0,1022.8409960558075
2026-02-02T17:15:00Z,2026-02-02T17:30:00Z,2026-02-02,2026-02-02_74,0.0,0,0,100,84.64702708074526,84.64702708074526,0.0,0.0,0.0,True,True,True,False,0.0,1022.8409960558075,0.0,0.0,0.0,0.0,1022.8409960558075
2026-02-02T17:30:00Z,2026-02-02T17:45:00Z,2026-02-02,2026-02-02_75,0.0,0,0,100,84.64702708074526,84.64702708074526,0.0,0.0,0.0,True,True,True,False,0.0,1022.8409960558075,0.0,0.0,0.0,0.0,1022.8409960558075
2026-02-02T17:45:00Z,2026-02-02T18:00:00Z,2026-02-02,2026-02-02_76,0.0,0,0,100,84.64702708074526,84.64702708074526,0.0,0.0,0.0,True,True,True,False,0.0,1022.8409960558075,0.0,0.0,0.0,0.0,1022.8409960558075
2026-02-02T18:00:00Z,2026-02-02T18:15:00Z,2026-02-02,2026-02-02_77,0.0,0,0,100,84.64702708074526,84.64702708074526,0.0,0.0,0.0,True,True,True,False,0.0,1022.8409960558075,0.0,0.0,0.0,0.0,1022.8409960558075
2026-02-02T18:15:00Z,2026-02-02T18:30:00Z,2026-02-02,2026-02-02_78,0.0,0,0,100,84.64702708074526,84.64702708074526,0.0,0.0,0.0,True,True,True,False,0.0,1022.8409960558075,0.0,0.0,0.0,0.0,1022.8409960558075
2026-02-02T18:30:00Z,2026-02-02T18:45:00Z,2026-02-02,2026-02-02_79,0.0,0,0,100,84.64702708074526,84.64702708074526,0.0,0.0,0.0,True,True,True,False,0.0,1022.8409960558075,0.0,0.0,0.0,0.0,1022.8409960558075
2026-02-02T18:45:00Z,2026-02-02T19:00:00Z,2026-02-02,2026-02-02_80,0.0,0,0,100,84.64702708074526,84.64702708074526,0.0,0.0,0.0,True,True,True,False,0.0,1022.8409960558075,0.0,0.0,0.0,0.0,1022.8409960558075
2026-02-02T19:00:00Z,2026-02-02T19:15:00Z,2026-02-02,2026-02-02_81,0.0,100,100,0,84.64702708074526,71.66814509316762,0.03605244996549344,11.94057142857143,0.0,True,True,True,False,0.0,0.0,101.69541414022487,58.397598163301346,6183.780160402774,0.0,6343.8731727063
2026-02-02T19:15:00Z,2026-02-02T19:30:00Z,2026-02-02,2026-02-02_82,0.0,100,100,0,71.66814509316762,69.3923686956521,0.0063216011042098,2.093714285714286,0.0,True,True,True,False,0.0,0.0,101.69541414022487,58.397598163301346,492.85708073680996,0.0,652.9500930403361
2026-02-02T19:30:00Z,2026-02-02T19:45:00Z,2026-02-02,2026-02-02_83,0.0,100,100,0,69.3923686956521,66.36690285714278,0.008404071773636992,2.783428571428572,0.0,True,True,True,False,0.0,0.0,101.69541414022487,58.397598163301346,709.0235503340091,0.0,869.1165626375353
2026-02-02T19:45:00Z,2026-02-02T20:00:00Z,2026-02-02,2026-02-02_84,0.0,100,100,0,66.36690285714278,64.34782608695645,0.006268610075914424,1.966857142857143,0.12914285714285714,True,True,True,False,0.0,0.0,101.69541414022487,58.397598163301346,500.88106501610486,-8.985591783072207,651.9884855365589
2026-02-02T20:00:00Z,2026-02-02T20:15:00Z,2026-02-02,2026-02-02_85,0.0,0,0,100,64.34782608695645,64.34782608695645,0.0,0.0,0.0,True,True,True,False,0.0,1022.8409960558075,0.0,0.0,0.0,0.0,1022.8409960558075
2026-02-02T20:15:00Z,2026-02-02T20:30:00Z,2026-02-02,2026-02-02_86,0.0,0,0,100,64.34782608695645,64.34782608695645,0.0,0.0,0.0,True,True,True,False,0.0,1022.8409960558075,0.0,0.0,0.0,0.0,1022.8409960558075
2026-02-02T20:30:00Z,2026-02-02T20:45:00Z,2026-02-02,2026-02-02_87,0.0,0,0,100,64.34782608695645,64.34782608695645,0.0,0.0,0.0,True,True,True,False,0.0,1022.8409960558075,0.0,0.0,0.0,0.0,1022.8409960558075
2026-02-02T20:45:00Z,2026-02-02T21:00:00Z,2026-02-02,2026-02-02_88,0.0,0,0,100,64.34782608695645,64.34782608695645,0.0,0.0,0.0,True,True,True,False,0.0,1022.8409960558075,0.0,0.0,0.0,0.0,1022.8409960558075
2026-02-02T21:00:00Z,2026-02-02T21:15:00Z,2026-02-02,2026-02-02_89,0.0,0,0,100,64.34782608695645,64.34782608695645,0.0,0.0,0.0,True,True,True,False,0.0,1022.8409960558075,0.0,0.0,0.0,0.0,1022.8409960558075
2026-02-02T21:15:00Z,2026-02-02T21:30:00Z,2026-02-02,2026-02-02_90,0.0,0,0,100,64.34782608695645,64.34782608695645,0.0,0.0,0.0,True,True,True,False,0.0,1022.8409960558075,0.0,0.0,0.0,0.0,1022.8409960558075
2026-02-02T21:30:00Z,2026-02-02T21:45:00Z,2026-02-02,2026-02-02_91,0.0,0,0,100,64.34782608695645,64.34782608695645,0.0,0.0,0.0,True,True,True,False,0.0,1022.8409960558075,0.0,0.0,0.0,0.0,1022.8409960558075
2026-02-02T21:45:00Z,2026-02-02T22:00:00Z,2026-02-02,2026-02-02_92,0.0,0,0,100,64.34782608695645,64.34782608695645,0.0,0.0,0.0,True,True,True,False,0.0,1022.8409960558075,0.0,0.0,0.0,0.0,1022.8409960558075
2026-02-02T22:00:00Z,2026-02-02T22:15:00Z,2026-02-03,2026-02-02_93,0.0,0,0,100,64.34782608695645,64.34782608695645,0.0,0.0,0.0,True,True,True,False,0.0,1022.8811397397907,0.0,0.0,0.0,0.0,1022.8811397397907
2026-02-02T22:15:00Z,2026-02-02T22:30:00Z,2026-02-03,2026-02-02_94,0.0,0,0,100,64.34782608695645,64.34782608695645,0.0,0.0,0.0,True,True,True,False,0.0,1022.8811397397907,0.0,0.0,0.0,0.0,1022.8811397397907
2026-02-02T22:30:00Z,2026-02-02T22:45:00Z,2026-02-03,2026-02-02_95,0.0,0,0,100,64.34782608695645,64.34782608695645,0.0,0.0,0.0,True,True,True,False,0.0,1022.8811397397907,0.0,0.0,0.0,0.0,1022.8811397397907
2026-02-02T22:45:00Z,2026-02-02T23:00:00Z,2026-02-03,2026-02-02_96,0.0,0,0,100,64.34782608695645,64.34782608695645,0.0,0.0,0.0,True,True,True,False,0.0,1022.8811397397907,0.0,0.0,0.0,0.0,1022.8811397397907
2026-02-02T23:00:00Z,2026-02-02T23:15:00Z,2026-02-03,2026-02-03_1,0.0,0,0,100,64.34782608695645,64.34782608695645,0.0,0.0,0.0,True,True,True,False,0.0,1022.8811397397907,0.0,0.0,0.0,0.0,1022.8811397397907
2026-02-02T23:15:00Z,2026-02-02T23:30:00Z,2026-02-03,2026-02-03_2,0.0,0,0,100,64.34782608695645,64.34782608695645,0.0,0.0,0.0,True,True,True,False,0.0,1022.8811397397907,0.0,0.0,0.0,0.0,1022.8811397397907
2026-02-02T23:30:00Z,2026-02-02T23:45:00Z,2026-02-03,2026-02-03_3,0.0,0,0,100,64.34782608695645,64.34782608695645,0.0,0.0,0.0,True,True,True,False,0.0,1022.8811397397907,0.0,0.0,0.0,0.0,1022.8811397397907
2026-02-02T23:45:00Z,2026-02-03T00:00:00Z,2026-02-03,2026-02-03_4,0.0,0,0,100,64.34782608695645,64.34782608695645,0.0,0.0,0.0,True,True,True,False,0.0,1022.8811397397907,0.0,0.0,0.0,0.0,1022.8811397397907
2026-02-03T00:00:00Z,2026-02-03T00:15:00Z,2026-02-03,2026-02-03_5,0.0,0,0,100,64.34782608695645,64.34782608695645,0.0,0.0,0.0,True,True,True,False,0.0,1022.8811397397907,0.0,0.0,0.0,0.0,1022.8811397397907
2026-02-03T00:15:00Z,2026-02-03T00:30:00Z,2026-02-03,2026-02-03_6,0.0,0,0,100,64.34782608695645,64.34782608695645,0.0,0.0,0.0,True,True,True,False,0.0,1022.8811397397907,0.0,0.0,0.0,0.0,1022.8811397397907
2026-02-03T00:30:00Z,2026-02-03T00:45:00Z,2026-02-03,2026-02-03_7,0.0,0,0,100,64.34782608695645,64.34782608695645,0.0,0.0,0.0,True,True,True,False,0.0,1022.8811397397907,0.0,0.0,0.0,0.0,1022.8811397397907
2026-02-03T00:45:00Z,2026-02-03T01:00:00Z,2026-02-03,2026-02-03_8,0.0,0,0,100,64.34782608695645,64.34782608695645,0.0,0.0,0.0,True,True,True,False,0.0,1022.8811397397907,0.0,0.0,0.0,0.0,1022.8811397397907
2026-02-03T01:00:00Z,2026-02-03T01:15:00Z,2026-02-03,2026-02-03_9,0.0,0,0,100,64.34782608695645,64.34782608695645,0.0,0.0,0.0,True,True,True,False,0.0,1022.8811397397907,0.0,0.0,0.0,0.0,1022.8811397397907
2026-02-03T01:15:00Z,2026-02-03T01:30:00Z,2026-02-03,2026-02-03_10,0.0,0,0,100,64.34782608695645,64.34782608695645,0.0,0.0,0.0,True,True,True,False,0.0,1022.8811397397907,0.0,0.0,0.0,0.0,1022.8811397397907
2026-02-03T01:30:00Z,2026-02-03T01:45:00Z,2026-02-03,2026-02-03_11,0.0,0,0,100,64.34782608695645,64.34782608695645,0.0,0.0,0.0,True,True,True,False,0.0,1022.8811397397907,0.0,0.0,0.0,0.0,1022.8811397397907
2026-02-03T01:45:00Z,2026-02-03T02:00:00Z,2026-02-03,2026-02-03_12,0.0,0,0,100,64.34782608695645,64.34782608695645,0.0,0.0,0.0,True,True,True,False,0.0,1022.8811397397907,0.0,0.0,0.0,0.0,1022.8811397397907
2026-02-03T02:00:00Z,2026-02-03T02:15:00Z,2026-02-03,2026-02-03_13,0.0,0,0,100,64.34782608695645,64.34782608695645,0.0,0.0,0.0,True,True,True,False,0.0,1022.8811397397907,0.0,0.0,0.0,0.0,1022.8811397397907
2026-02-03T02:15:00Z,2026-02-03T02:30:00Z,2026-02-03,2026-02-03_14,0.0,0,0,100,64.34782608695645,64.34782608695645,0.0,0.0,0.0,True,True,True,False,0.0,1022.8811397397907,0.0,0.0,0.0,0.0,1022.8811397397907
2026-02-03T02:30:00Z,2026-02-03T02:45:00Z,2026-02-03,2026-02-03_15,0.0,0,0,100,64.34782608695645,64.34782608695645,0.0,0.0,0.0,True,True,True,False,0.0,1022.8811397397907,0.0,0.0,0.0,0.0,1022.8811397397907
2026-02-03T02:45:00Z,2026-02-03T03:00:00Z,2026-02-03,2026-02-03_16,0.0,0,0,100,64.34782608695645,64.34782608695645,0.0,0.0,0.0,True,True,True,False,0.0,1022.8811397397907,0.0,0.0,0.0,0.0,1022.8811397397907
2026-02-03T03:00:00Z,2026-02-03T03:15:00Z,2026-02-03,2026-02-03_17,-100.0,100,0,0,64.34782608695645,83.24830608695645,0.05250133333333334,4.456,0.0,True,True,True,False,-2425.25,0.0,100.34537569418552,0.0,747.5296548205421,0.0,-1577.3749694852725
2026-02-03T03:15:00Z,2026-02-03T03:30:00Z,2026-02-03,2026-02-03_18,-100.0,100,0,0,83.24830608695645,101.19198608695645,0.049843555555555544,5.496,0.0,True,True,True,False,-2489.0,0.0,100.34537569418552,0.0,1145.5081598932475,0.0,-1243.146464412567
2026-02-03T03:30:00Z,2026-02-03T03:45:00Z,2026-02-03,2026-02-03_19,-100.0,100,0,0,101.19198608695645,117.80823751552788,0.046156253968253964,6.9388571428571435,0.0,True,True,True,False,-2453.75,0.0,100.34537569418552,0.0,1744.936228957173,0.0,-608.4683953486415
2026-02-03T03:45:00Z,2026-02-03T04:00:00Z,2026-02-03,2026-02-03_20,-100.0,100,0,0,117.80823751552788,128.323574658385,0.029209269841269838,13.570285714285715,0.0,True,True,True,False,-2739.25,0.0,100.34537569418552,0.0,3847.400622461194,0.0,1208.4959981553795
2026-02-03T04:00:00Z,2026-02-03T04:15:00Z,2026-02-03,2026-02-03_21,-99.99999999999991,100,0,0,128.323574658385,146.94542608695645,0.05172736507936505,4.758857142857142,0.0,True,True,True,False,-2601.2499999999977,0.0,99.78610255303282,0.0,1343.0793109306358,0.0,-1158.3845865163291
2026-02-03T04:15:00Z,2026-02-03T04:30:00Z,2026-02-03,2026-02-03_22,-100.0000000000001,100,0,0,146.94542608695645,167.54606608695647,0.057224000000000066,2.608,0.0,True,True,True,False,-2728.0000000000027,0.0,99.78610255303282,0.0,508.55974410800843,0.0,-2119.6541533389614
2026-02-03T04:30:00Z,2026-02-03T04:45:00Z,2026-02-03,2026-02-03_23,-97.83691080329612,100,0,0,167.54606608695647,189.99999999999994,0.06237890559717379,0.052571428571428575,0.0,True,True,True,False,-2789.819511555989,0.0,99.78610255303282,0.0,7.445760373185165,0.0,-2682.5876486297707
2026-02-03T04:45:00Z,2026-02-03T05:00:00Z,2026-02-03,2026-02-03_24,-29.00912204199461,100,0,0,189.99999999999994,180.93282327453412,0.039783034465224944,15.155428571428569,0.0,True,True,True,False,-981.3785986806776,0.0,99.78610255303282,0.0,14470.982186800029,0.0,13589.389690672384
2026-02-03T05:00:00Z,2026-02-03T05:15:00Z,2026-02-03,2026-02-03_25,-58.99999999999995,100,41,0,180.93282327453412,189.99999999999994,0.03646513893719805,4.555428571428571,0.0,True,True,True,False,-1796.2549999999985,0.0,102.49416197335111,24.740477638886162,1186.2806569987638,0.0,-482.73970338899744
2026-02-03T05:15:00Z,2026-02-03T05:30:00Z,2026-02-03,2026-02-03_26,-58.76332656629287,100,41,0,189.99999999999994,189.99999999999994,0.03403519640651624,13.668,0.0,True,True,True,False,-2052.6029969606097,0.0,102.49416197335111,24.740477638886162,5349.64109185816,0.0,3424.272734509787
2026-02-03T05:30:00Z,2026-02-03T05:45:00Z,2026-02-03,2026-02-03_27,-0.6239308496780464,100,41,0,189.99999999999994,167.77676124223592,0.06187162500080574,20.59714285714286,0.0,True,True,True,False,-25.28011820183024,0.0,102.49416197335111,24.740477638886162,10021.599899639206,0.0,10123.554421049614
2026-02-03T05:45:00Z,2026-02-03T06:00:00Z,2026-02-03,2026-02-03_28,0.0,100,41,0,167.77676124223592,153.49166807453406,0.039680814354727395,13.142285714285714,0.0,True,True,True,False,0.0,0.0,102.49416197335111,24.740477638886162,3613.6346944462352,0.0,3740.8693340584723
2026-02-03T06:00:00Z,2026-02-03T06:15:00Z,2026-02-03,2026-02-03_29,0.0,100,100,0,153.49166807453406,137.75688546583842,0.04370772946859903,14.475999999999999,0.0,True,True,True,False,0.0,0.0,97.872799701721,52.77772326772503,9082.879686022094,0.0,9233.53020899154
2026-02-03T06:15:00Z,2026-02-03T06:30:00Z,2026-02-03,2026-02-03_30,0.0,100,100,0,137.75688546583842,132.66371776397506,0.014147688060731538,4.685714285714285,0.0,True,True,True,False,0.0,0.0,97.872799701721,52.77772326772503,1521.6328196617446,0.0,1672.2833426311906
2026-02-03T06:30:00Z,2026-02-03T06:45:00Z,2026-02-03,2026-02-03_31,0.0,100,100,0,132.66371776397506,131.04508422360237,0.004496204278812974,1.489142857142857,0.0,True,True,True,False,0.0,0.0,97.872799701721,52.77772326772503,231.45784336427323,0.0,382.10836633371923
2026-02-03T06:45:00Z,2026-02-03T07:00:00Z,2026-02-03,2026-02-03_32,0.0,100,100,0,131.04508422360237,128.11843279503094,0.008298984126984127,2.7205714285714286,0.03314285714285714,True,True,True,False,0.0,0.0,97.872799701721,52.77772326772503,462.3882324445703,-2.359322144132678,610.6794332698836
2026-02-03T07:00:00Z,2026-02-03T07:15:00Z,2026-02-03,2026-02-03_33,0.0,0,0,100,128.11843279503094,128.11843279503094,0.0,0.0,0.0,True,True,True,False,0.0,1022.8811397397907,0.0,0.0,0.0,0.0,1022.8811397397907
2026-02-03T07:15:00Z,2026-02-03T07:30:00Z,2026-02-03,2026-02-03_34,0.0,0,0,100,128.11843279503094,128.11843279503094,0.0,0.0,0.0,True,True,True,False,0.0,1022.8811397397907,0.0,0.0,0.0,0.0,1022.8811397397907
2026-02-03T07:30:00Z,2026-02-03T07:45:00Z,2026-02-03,2026-02-03_35,0.0,0,0,100,128.11843279503094,128.11843279503094,0.0,0.0,0.0,True,True,True,False,0.0,1022.8811397397907,0.0,0.0,0.0,0.0,1022.8811397397907
2026-02-03T07:45:00Z,2026-02-03T08:00:00Z,2026-02-03,2026-02-03_36,0.0,0,0,100,128.11843279503094,128.11843279503094,0.0,0.0,0.0,True,True,True,False,0.0,1022.8811397397907,0.0,0.0,0.0,0.0,1022.8811397397907
2026-02-03T08:00:00Z,2026-02-03T08:15:00Z,2026-02-03,2026-02-03_37,0.0,100,100,0,128.11843279503094,112.35436223602473,0.043792005521049004,14.503428571428573,0.0005714285714285715,True,True,True,False,0.0,0.0,96.57764084852529,52.8660295531702,7963.141909153858,-0.04485398625785996,8112.540725569296
2026-02-03T08:15:00Z,2026-02-03T08:30:00Z,2026-02-03,2026-02-03_38,0.0,100,100,0,112.35436223602473,110.40591503105578,0.005412353347135955,1.7925714285714285,0.0,True,True,True,False,0.0,0.0,96.57764084852529,52.8660295531702,352.09277206045186,0.0,501.53644246214736
2026-02-03T08:30:00Z,2026-02-03T08:45:00Z,2026-02-03,2026-02-03_39,0.0,100,100,0,110.40591503105578,110.33836521739119,0.00035411456176673566,0.0897142857142857,0.03257142857142857,True,True,True,False,0.0,0.0,96.57764084852529,52.8660295531702,12.3797052532428,-2.4355738086360743,159.3878018463022
2026-02-03T08:45:00Z,2026-02-03T09:00:00Z,2026-02-03,2026-02-03_40,0.0,100,100,0,110.33836521739119,110.44371875776386,0.0006653195307108351,0.061714285714285715,0.18742857142857144,True,True,True,False,0.0,0.0,96.57764084852529,52.8660295531702,8.589535228601145,-18.42691463445403,139.6062909958426
2026-02-03T09:00:00Z,2026-02-03T09:15:00Z,2026-02-03,2026-02-03_41,0.0,0,0,100,110.44371875776386,110.44371875776386,0.0,0.0,0.0,True,True,True,False,0.0,1022.8811397397907,0.0,0.0,0.0,0.0,1022.8811397397907
2026-02-03T09:15:00Z,2026-02-03T09:30:00Z,2026-02-03,2026-02-03_42,0.0,0,0,100,110.44371875776386,110.44371875776386,0.0,0.0,0.0,True,True,True,False,0.0,1022.8811397397907,0.0,0.0,0.0,0.0,1022.8811397397907
2026-02-03T09:30:00Z,2026-02-03T09:45:00Z,2026-02-03,2026-02-03_43,0.0,0,0,100,110.44371875776386,110.44371875776386,0.0,0.0,0.0,True,True,True,False,0.0,1022.8811397397907,0.0,0.0,0.0,0.0,1022.8811397397907
2026-02-03T09:45:00Z,2026-02-03T10:00:00Z,2026-02-03,2026-02-03_44,0.0,0,0,100,110.44371875776386,110.44371875776386,0.0,0.0,0.0,True,True,True,False,0.0,1022.8811397397907,0.0,0.0,0.0,0.0,1022.8811397397907
2026-02-03T10:00:00Z,2026-02-03T10:15:00Z,2026-02-03,2026-02-03_45,0.0,0,0,100,110.44371875776386,110.44371875776386,0.0,0.0,0.0,True,True,True,False,0.0,1022.8811397397907,0.0,0.0,0.0,0.0,1022.8811397397907
2026-02-03T10:15:00Z,2026-02-03T10:30:00Z,2026-02-03,2026-02-03_46,0.0,0,0,100,110.44371875776386,110.44371875776386,0.0,0.0,0.0,True,True,True,False,0.0,1022.8811397397907,0.0,0.0,0.0,0.0,1022.8811397397907
2026-02-03T10:30:00Z,2026-02-03T10:45:00Z,2026-02-03,2026-02-03_47,0.0,0,0,100,110.44371875776386,110.44371875776386,0.0,0.0,0.0,True,True,True,False,0.0,1022.8811397397907,0.0,0.0,0.0,0.0,1022.8811397397907
2026-02-03T10:45:00Z,2026-02-03T11:00:00Z,2026-02-03,2026-02-03_48,0.0,0,0,100,110.44371875776386,110.44371875776386,0.0,0.0,0.0,True,True,True,False,0.0,1022.8811397397907,0.0,0.0,0.0,0.0,1022.8811397397907
2026-02-03T11:00:00Z,2026-02-03T11:15:00Z,2026-02-03,2026-02-03_49,-10.0,10,0,90,110.44371875776386,111.76662618633529,0.0036747428571428566,1.0620571428571428,0.0,True,True,True,False,-314.25,920.5930257658116,10.022763398025862,0.0,303.78848340262334,0.0,920.1542725664608
2026-02-03T11:15:00Z,2026-02-03T11:30:00Z,2026-02-03,2026-02-03_50,-10.0,10,0,90,111.76662618633529,113.60610047204958,0.005109650793650794,0.5005714285714286,0.0,True,True,True,False,-311.825,920.5930257658116,10.022763398025862,0.0,129.11518940997382,0.0,747.9059785738114
2026-02-03T11:30:00Z,2026-02-03T11:45:00Z,2026-02-03,2026-02-03_51,-10.0,10,0,90,113.60610047204958,115.90589018633528,0.006388304761904763,0.00022857142857142857,0.0,True,True,True,False,-300.15,920.5930257658116,10.022763398025862,0.0,0.03139779038050197,0.0,630.497186954218
2026-02-03T11:45:00Z,2026-02-03T12:00:00Z,2026-02-03,2026-02-03_52,-10.0,10,0,90,115.90589018633528,118.20589018633528,0.00638888888888889,0.0,0.0,True,True,True,False,-310.85,920.5930257658116,10.022763398025862,0.0,0.0,0.0,619.7657891638374
2026-02-03T12:00:00Z,2026-02-03T12:15:00Z,2026-02-03,2026-02-03_53,0.0,0,0,100,118.20589018633528,118.20589018633528,0.0,0.0,0.0,True,True,True,False,0.0,1022.8811397397907,0.0,0.0,0.0,0.0,1022.8811397397907
2026-02-03T12:15:00Z,2026-02-03T12:30:00Z,2026-02-03,2026-02-03_54,0.0,0,0,100,118.20589018633528,118.20589018633528,0.0,0.0,0.0,True,True,True,False,0.0,1022.8811397397907,0.0,0.0,0.0,0.0,1022.8811397397907
2026-02-03T12:30:00Z,2026-02-03T12:45:00Z,2026-02-03,2026-02-03_55,0.0,0,0,100,118.20589018633528,118.20589018633528,0.0,0.0,0.0,True,True,True,False,0.0,1022.8811397397907,0.0,0.0,0.0,0.0,1022.8811397397907
2026-02-03T12:45:00Z,2026-02-03T13:00:00Z,2026-02-03,2026-02-03_56,0.0,0,0,100,118.20589018633528,118.20589018633528,0.0,0.0,0.0,True,True,True,False,0.0,1022.8811397397907,0.0,0.0,0.0,0.0,1022.8811397397907
2026-02-03T13:00:00Z,2026-02-03T13:15:00Z,2026-02-03,2026-02-03_57,0.0,0,0,100,118.20589018633528,118.20589018633528,0.0,0.0,0.0,True,True,True,False,0.0,1022.8811397397907,0.0,0.0,0.0,0.0,1022.8811397397907
2026-02-03T13:15:00Z,2026-02-03T13:30:00Z,2026-02-03,2026-02-03_58,0.0,0,0,100,118.20589018633528,118.20589018633528,0.0,0.0,0.0,True,True,True,False,0.0,1022.8811397397907,0.0,0.0,0.0,0.0,1022.8811397397907
2026-02-03T13:30:00Z,2026-02-03T13:45:00Z,2026-02-03,2026-02-03_59,0.0,0,0,100,118.20589018633528,118.20589018633528,0.0,0.0,0.0,True,True,True,False,0.0,1022.8811397397907,0.0,0.0,0.0,0.0,1022.8811397397907
2026-02-03T13:45:00Z,2026-02-03T14:00:00Z,2026-02-03,2026-02-03_60,0.0,0,0,100,118.20589018633528,118.20589018633528,0.0,0.0,0.0,True,True,True,False,0.0,1022.8811397397907,0.0,0.0,0.0,0.0,1022.8811397397907
2026-02-03T14:00:00Z,2026-02-03T14:15:00Z,2026-02-03,2026-02-03_61,0.0,0,0,100,118.20589018633528,118.20589018633528,0.0,0.0,0.0,True,True,True,False,0.0,1022.8811397397907,0.0,0.0,0.0,0.0,1022.8811397397907
2026-02-03T14:15:00Z,2026-02-03T14:30:00Z,2026-02-03,2026-02-03_62,0.0,0,0,100,118.20589018633528,118.20589018633528,0.0,0.0,0.0,True,True,True,False,0.0,1022.8811397397907,0.0,0.0,0.0,0.0,1022.8811397397907
2026-02-03T14:30:00Z,2026-02-03T14:45:00Z,2026-02-03,2026-02-03_63,0.0,0,0,100,118.20589018633528,118.20589018633528,0.0,0.0,0.0,True,True,True,False,0.0,1022.8811397397907,0.0,0.0,0.0,0.0,1022.8811397397907
2026-02-03T14:45:00Z,2026-02-03T15:00:00Z,2026-02-03,2026-02-03_64,0.0,0,0,100,118.20589018633528,118.20589018633528,0.0,0.0,0.0,True,True,True,False,0.0,1022.8811397397907,0.0,0.0,0.0,0.0,1022.8811397397907
2026-02-03T15:00:00Z,2026-02-03T15:15:00Z,2026-02-03,2026-02-03_65,0.0,0,0,100,118.20589018633528,118.20589018633528,0.0,0.0,0.0,True,True,True,False,0.0,1022.8811397397907,0.0,0.0,0.0,0.0,1022.8811397397907
2026-02-03T15:15:00Z,2026-02-03T15:30:00Z,2026-02-03,2026-02-03_66,0.0,0,0,100,118.20589018633528,118.20589018633528,0.0,0.0,0.0,True,True,True,False,0.0,1022.8811397397907,0.0,0.0,0.0,0.0,1022.8811397397907
2026-02-03T15:30:00Z,2026-02-03T15:45:00Z,2026-02-03,2026-02-03_67,0.0,0,0,100,118.20589018633528,118.20589018633528,0.0,0.0,0.0,True,True,True,False,0.0,1022.8811397397907,0.0,0.0,0.0,0.0,1022.8811397397907
2026-02-03T15:45:00Z,2026-02-03T16:00:00Z,2026-02-03,2026-02-03_68,0.0,0,0,100,118.20589018633528,118.20589018633528,0.0,0.0,0.0,True,True,True,False,0.0,1022.8811397397907,0.0,0.0,0.0,0.0,1022.8811397397907
2026-02-03T16:00:00Z,2026-02-03T16:15:00Z,2026-02-03,2026-02-03_69,0.0,0,0,100,118.20589018633528,118.20589018633528,0.0,0.0,0.0,True,True,True,False,0.0,1022.8811397397907,0.0,0.0,0.0,0.0,1022.8811397397907
2026-02-03T16:15:00Z,2026-02-03T16:30:00Z,2026-02-03,2026-02-03_70,0.0,0,0,100,118.20589018633528,118.20589018633528,0.0,0.0,0.0,True,True,True,False,0.0,1022.8811397397907,0.0,0.0,0.0,0.0,1022.8811397397907
2026-02-03T16:30:00Z,2026-02-03T16:45:00Z,2026-02-03,2026-02-03_71,0.0,0,0,100,118.20589018633528,118.20589018633528,0.0,0.0,0.0,True,True,True,False,0.0,1022.8811397397907,0.0,0.0,0.0,0.0,1022.8811397397907
2026-02-03T16:45:00Z,2026-02-03T17:00:00Z,2026-02-03,2026-02-03_72,0.0,0,0,100,118.20589018633528,118.20589018633528,0.0,0.0,0.0,True,True,True,False,0.0,1022.8811397397907,0.0,0.0,0.0,0.0,1022.8811397397907
2026-02-03T17:00:00Z,2026-02-03T17:15:00Z,2026-02-03,2026-02-03_73,0.0,0,0,100,118.20589018633528,118.20589018633528,0.0,0.0,0.0,True,True,True,False,0.0,1022.8811397397907,0.0,0.0,0.0,0.0,1022.8811397397907
2026-02-03T17:15:00Z,2026-02-03T17:30:00Z,2026-02-03,2026-02-03_74,0.0,0,0,100,118.20589018633528,118.20589018633528,0.0,0.0,0.0,True,True,True,False,0.0,1022.8811397397907,0.0,0.0,0.0,0.0,1022.8811397397907
2026-02-03T17:30:00Z,2026-02-03T17:45:00Z,2026-02-03,2026-02-03_75,0.0,0,0,100,118.20589018633528,118.20589018633528,0.0,0.0,0.0,True,True,True,False,0.0,1022.8811397397907,0.0,0.0,0.0,0.0,1022.8811397397907
2026-02-03T17:45:00Z,2026-02-03T18:00:00Z,2026-02-03,2026-02-03_76,0.0,0,0,100,118.20589018633528,118.20589018633528,0.0,0.0,0.0,True,True,True,False,0.0,1022.8811397397907,0.0,0.0,0.0,0.0,1022.8811397397907
2026-02-03T18:00:00Z,2026-02-03T18:15:00Z,2026-02-03,2026-02-03_77,100.0,0,100,0,118.20589018633528,91.05682186335392,0.07541407867494823,0.0,0.022857142857142857,True,True,True,False,5010.25,0.0,0.0,56.251103828568056,0.0,-1.71678632401959,5064.784317504548
2026-02-03T18:15:00Z,2026-02-03T18:30:00Z,2026-02-03,2026-02-03_78,100.0,0,100,0,91.05682186335392,64.66303304347815,0.0733160800552105,0.0,0.7177142857142856,True,True,True,False,4900.0,0.0,0.0,56.251103828568056,0.0,-47.804145966084775,4908.446957862483
2026-02-03T18:30:00Z,2026-02-03T18:45:00Z,2026-02-03,2026-02-03_79,100.0,0,100,0,64.66303304347815,52.23694608695641,0.034516908212560385,0.0,13.568,True,True,True,False,4439.0,0.0,0.0,56.251103828568056,0.0,-426.35933672167823,4068.89176710689
2026-02-03T18:45:00Z,2026-02-03T19:00:00Z,2026-02-03,2026-02-03_80,0.0,0,100,0,52.23694608695641,64.34782608695642,0.033641333333333336,0.0,13.164000000000001,True,True,True,False,0.0,0.0,0.0,56.251103828568056,0.0,-609.69942110324,-553.4483172746719
2026-02-03T19:00:00Z,2026-02-03T19:15:00Z,2026-02-03,2026-02-03_81,0.0,0,0,100,64.34782608695642,64.34782608695642,0.0,0.0,0.0,True,True,True,False,0.0,1022.8811397397907,0.0,0.0,0.0,0.0,1022.8811397397907
2026-02-03T19:15:00Z,2026-02-03T19:30:00Z,2026-02-03,2026-02-03_82,0.0,0,0,100,64.34782608695642,64.34782608695642,0.0,0.0,0.0,True,True,True,False,0.0,1022.8811397397907,0.0,0.0,0.0,0.0,1022.8811397397907
2026-02-03T19:30:00Z,2026-02-03T19:45:00Z,2026-02-03,2026-02-03_83,0.0,0,0,100,64.34782608695642,64.34782608695642,0.0,0.0,0.0,True,True,True,False,0.0,1022.8811397397907,0.0,0.0,0.0,0.0,1022.8811397397907
2026-02-03T19:45:00Z,2026-02-03T20:00:00Z,2026-02-03,2026-02-03_84,0.0,0,0,100,64.34782608695642,64.34782608695642,0.0,0.0,0.0,True,True,True,False,0.0,1022.8811397397907,0.0,0.0,0.0,0.0,1022.8811397397907
2026-02-03T20:00:00Z,2026-02-03T20:15:00Z,2026-02-03,2026-02-03_85,0.0,0,0,100,64.34782608695642,64.34782608695642,0.0,0.0,0.0,True,True,True,False,0.0,1022.8811397397907,0.0,0.0,0.0,0.0,1022.8811397397907
2026-02-03T20:15:00Z,2026-02-03T20:30:00Z,2026-02-03,2026-02-03_86,0.0,0,0,100,64.34782608695642,64.34782608695642,0.0,0.0,0.0,True,True,True,False,0.0,1022.8811397397907,0.0,0.0,0.0,0.0,1022.8811397397907
2026-02-03T20:30:00Z,2026-02-03T20:45:00Z,2026-02-03,2026-02-03_87,0.0,0,0,100,64.34782608695642,64.34782608695642,0.0,0.0,0.0,True,True,True,False,0.0,1022.8811397397907,0.0,0.0,0.0,0.0,1022.8811397397907
2026-02-03T20:45:00Z,2026-02-03T21:00:00Z,2026-02-03,2026-02-03_88,0.0,0,0,100,64.34782608695642,64.34782608695642,0.0,0.0,0.0,True,True,True,False,0.0,1022.8811397397907,0.0,0.0,0.0,0.0,1022.8811397397907
2026-02-03T21:00:00Z,2026-02-03T21:15:00Z,2026-02-03,2026-02-03_89,0.0,0,0,100,64.34782608695642,64.34782608695642,0.0,0.0,0.0,True,True,True,False,0.0,1022.8811397397907,0.0,0.0,0.0,0.0,1022.8811397397907
2026-02-03T21:15:00Z,2026-02-03T21:30:00Z,2026-02-03,2026-02-03_90,0.0,0,0,100,64.34782608695642,64.34782608695642,0.0,0.0,0.0,True,True,True,False,0.0,1022.8811397397907,0.0,0.0,0.0,0.0,1022.8811397397907
2026-02-03T21:30:00Z,2026-02-03T21:45:00Z,2026-02-03,2026-02-03_91,0.0,0,0,100,64.34782608695642,64.34782608695642,0.0,0.0,0.0,True,True,True,False,0.0,1022.8811397397907,0.0,0.0,0.0,0.0,1022.8811397397907
2026-02-03T21:45:00Z,2026-02-03T22:00:00Z,2026-02-03,2026-02-03_92,0.0,0,0,100,64.34782608695642,64.34782608695642,0.0,0.0,0.0,True,True,True,False,0.0,1022.8811397397907,0.0,0.0,0.0,0.0,1022.8811397397907
2026-02-03T22:00:00Z,2026-02-03T22:15:00Z,2026-02-04,2026-02-03_93,64.50188257018245,35,100,0,64.34782608695642,53.921772819875784,0.041498923689588484,0.0,6.910285714285715,True,True,True,False,1847.1726621035998,0.0,34.4676153091266,57.90971540726203,0.0,417.02997863451566,2356.579971454504
2026-02-03T22:15:00Z,2026-02-03T22:30:00Z,2026-02-04,2026-02-03_94,65.0,35,100,0,53.921772819875784,59.852430310559015,0.024562040303657696,0.0,22.93942857142857,True,True,True,False,1750.2875,0.0,34.4676153091266,57.90971540726203,0.0,7145.944912715548,8988.609743431936
2026-02-03T22:30:00Z,2026-02-03T22:45:00Z,2026-02-04,2026-02-03_95,0.0,35,100,0,59.852430310559015,66.65885316770188,0.01890673015873016,0.0,7.398285714285715,True,True,True,False,0.0,0.0,34.4676153091266,57.90971540726203,0.0,174.0317843263704,266.409115042759
2026-02-03T22:45:00Z,2026-02-03T23:00:00Z,2026-02-04,2026-02-03_96,0.0,35,100,0,66.65885316770188,74.09560745341616,0.020657650793650797,0.0,8.083428571428572,True,True,True,False,0.0,0.0,34.4676153091266,57.90971540726203,0.0,154.78615471751016,247.16348543389879
2026-02-03T23:00:00Z,2026-02-03T23:15:00Z,2026-02-04,2026-02-04_1,0.0,0,0,100,74.09560745341616,74.09560745341616,0.0,0.0,0.0,True,True,True,False,0.0,1023.0618253189401,0.0,0.0,0.0,0.0,1023.0618253189401
2026-02-03T23:15:00Z,2026-02-03T23:30:00Z,2026-02-04,2026-02-04_2,0.0,0,0,100,74.09560745341616,74.09560745341616,0.0,0.0,0.0,True,True,True,False,0.0,1023.0618253189401,0.0,0.0,0.0,0.0,1023.0618253189401
2026-02-03T23:30:00Z,2026-02-03T23:45:00Z,2026-02-04,2026-02-04_3,0.0,0,0,100,74.09560745341616,74.09560745341616,0.0,0.0,0.0,True,True,True,False,0.0,1023.0618253189401,0.0,0.0,0.0,0.0,1023.0618253189401
2026-02-03T23:45:00Z,2026-02-04T00:00:00Z,2026-02-04,2026-02-04_4,0.0,0,0,100,74.09560745341616,74.09560745341616,0.0,0.0,0.0,True,True,True,False,0.0,1023.0618253189401,0.0,0.0,0.0,0.0,1023.0618253189401
2026-02-04T00:00:00Z,2026-02-04T00:15:00Z,2026-02-04,2026-02-04_5,0.0,0,0,100,74.09560745341616,74.09560745341616,0.0,0.0,0.0,True,True,True,False,0.0,1023.0618253189401,0.0,0.0,0.0,0.0,1023.0618253189401
2026-02-04T00:15:00Z,2026-02-04T00:30:00Z,2026-02-04,2026-02-04_6,0.0,0,0,100,74.09560745341616,74.09560745341616,0.0,0.0,0.0,True,True,True,False,0.0,1023.0618253189401,0.0,0.0,0.0,0.0,1023.0618253189401
2026-02-04T00:30:00Z,2026-02-04T00:45:00Z,2026-02-04,2026-02-04_7,0.0,0,0,100,74.09560745341616,74.09560745341616,0.0,0.0,0.0,True,True,True,False,0.0,1023.0618253189401,0.0,0.0,0.0,0.0,1023.0618253189401
2026-02-04T00:45:00Z,2026-02-04T01:00:00Z,2026-02-04,2026-02-04_8,0.0,0,0,100,74.09560745341616,74.09560745341616,0.0,0.0,0.0,True,True,True,False,0.0,1023.0618253189401,0.0,0.0,0.0,0.0,1023.0618253189401
2026-02-04T01:00:00Z,2026-02-04T01:15:00Z,2026-02-04,2026-02-04_9,0.0,100,100,0,74.09560745341616,79.58932173913045,0.01526031746031746,0.0,5.9714285714285715,True,True,True,False,0.0,0.0,98.30225711481846,57.79195289499509,0.0,-114.85535959624282,41.23885041357073
2026-02-04T01:15:00Z,2026-02-04T01:30:00Z,2026-02-04,2026-02-04_10,0.0,100,100,0,79.58932173913045,90.16511602484474,0.029377206349206354,0.0,11.495428571428572,True,True,True,False,0.0,0.0,98.30225711481846,57.79195289499509,0.0,-14.48717308285434,141.6070369269592
2026-02-04T01:30:00Z,2026-02-04T01:45:00Z,2026-02-04,2026-02-04_11,0.0,100,100,0,90.16511602484474,99.71997316770188,0.02654126984126984,0.0,10.385714285714286,True,True,True,False,0.0,0.0,98.30225711481846,57.79195289499509,0.0,274.24808635917566,430.3422963689892
2026-02-04T01:45:00Z,2026-02-04T02:00:00Z,2026-02-04,2026-02-04_12,0.0,100,100,0,99.71997316770188,119.6329788819876,0.05531390476190476,0.0,21.644571428571428,True,True,True,False,0.0,0.0,98.30225711481846,57.79195289499509,0.0,7843.627340642086,7999.7215506519
2026-02-04T02:00:00Z,2026-02-04T02:15:00Z,2026-02-04,2026-02-04_13,0.0,100,100,0,119.6329788819876,139.2100531677019,0.0543807619047619,0.0,21.279428571428568,True,True,True,False,0.0,0.0,98.36113837095192,57.79195289499509,0.0,3020.292248647133,3176.44533991308
2026-02-04T02:15:00Z,2026-02-04T02:30:00Z,2026-02-04,2026-02-04_14,0.0,100,100,0,139.2100531677019,144.3307885714286,0.01771287784679089,0.5777142857142856,6.248571428571429,True,True,True,False,0.0,0.0,98.36113837095192,57.79195289499509,89.97058090564978,354.61225403056227,600.735926202159
2026-02-04T02:30:00Z,2026-02-04T02:45:00Z,2026-02-04,2026-02-04_15,0.0,100,100,0,144.3307885714286,144.01684571428572,0.0010326984126984126,0.31542857142857145,0.031428571428571424,True,True,True,False,0.0,0.0,98.36113837095192,57.79195289499509,45.64700271975326,-3.084256273657647,198.71583771204263
2026-02-04T02:45:00Z,2026-02-04T03:00:00Z,2026-02-04,2026-02-04_16,0.0,100,100,0,144.01684571428572,144.0,0.0004293968253968254,0.07885714285714286,0.07485714285714286,True,True,True,False,0.0,0.0,98.36113837095192,57.79195289499509,10.83415112855741,-7.346137669984579,159.64110472451983
2026-02-04T03:00:00Z,2026-02-04T03:15:00Z,2026-02-04,2026-02-04_17,0.0,0,0,100,144.0,144.0,0.0,0.0,0.0,True,True,True,False,0.0,1023.0618253189401,0.0,0.0,0.0,0.0,1023.0618253189401
2026-02-04T03:15:00Z,2026-02-04T03:30:00Z,2026-02-04,2026-02-04_18,0.0,0,0,100,144.0,144.0,0.0,0.0,0.0,True,True,True,False,0.0,1023.0618253189401,0.0,0.0,0.0,0.0,1023.0618253189401
2026-02-04T03:30:00Z,2026-02-04T03:45:00Z,2026-02-04,2026-02-04_19,0.0,0,0,100,144.0,144.0,0.0,0.0,0.0,True,True,True,False,0.0,1023.0618253189401,0.0,0.0,0.0,0.0,1023.0618253189401
2026-02-04T03:45:00Z,2026-02-04T04:00:00Z,2026-02-04,2026-02-04_20,0.0,0,0,100,144.0,144.0,0.0,0.0,0.0,True,True,True,False,0.0,1023.0618253189401,0.0,0.0,0.0,0.0,1023.0618253189401
2026-02-04T04:00:00Z,2026-02-04T04:15:00Z,2026-02-04,2026-02-04_21,0.0,0,0,100,144.0,144.0,0.0,0.0,0.0,True,True,True,False,0.0,1023.0618253189401,0.0,0.0,0.0,0.0,1023.0618253189401
2026-02-04T04:15:00Z,2026-02-04T04:30:00Z,2026-02-04,2026-02-04_22,0.0,0,0,100,144.0,144.0,0.0,0.0,0.0,True,True,True,False,0.0,1023.0618253189401,0.0,0.0,0.0,0.0,1023.0618253189401
2026-02-04T04:30:00Z,2026-02-04T04:45:00Z,2026-02-04,2026-02-04_23,0.0,0,0,100,144.0,144.0,0.0,0.0,0.0,True,True,True,False,0.0,1023.0618253189401,0.0,0.0,0.0,0.0,1023.0618253189401
2026-02-04T04:45:00Z,2026-02-04T05:00:00Z,2026-02-04,2026-02-04_24,0.0,0,0,100,144.0,144.0,0.0,0.0,0.0,True,True,True,False,0.0,1023.0618253189401,0.0,0.0,0.0,0.0,1023.0618253189401
2026-02-04T05:00:00Z,2026-02-04T05:15:00Z,2026-02-04,2026-02-04_25,0.0,0,0,100,144.0,144.0,0.0,0.0,0.0,True,True,True,False,0.0,1023.0618253189401,0.0,0.0,0.0,0.0,1023.0618253189401
2026-02-04T05:15:00Z,2026-02-04T05:30:00Z,2026-02-04,2026-02-04_26,0.0,0,0,100,144.0,144.0,0.0,0.0,0.0,True,True,True,False,0.0,1023.0618253189401,0.0,0.0,0.0,0.0,1023.0618253189401
2026-02-04T05:30:00Z,2026-02-04T05:45:00Z,2026-02-04,2026-02-04_27,0.0,0,0,100,144.0,144.0,0.0,0.0,0.0,True,True,True,False,0.0,1023.0618253189401,0.0,0.0,0.0,0.0,1023.0618253189401
2026-02-04T05:45:00Z,2026-02-04T06:00:00Z,2026-02-04,2026-02-04_28,0.0,0,0,100,144.0,144.0,0.0,0.0,0.0,True,True,True,False,0.0,1023.0618253189401,0.0,0.0,0.0,0.0,1023.0618253189401
2026-02-04T06:00:00Z,2026-02-04T06:15:00Z,2026-02-04,2026-02-04_29,0.0,0,0,100,144.0,144.0,0.0,0.0,0.0,True,True,True,False,0.0,1023.0618253189401,0.0,0.0,0.0,0.0,1023.0618253189401
2026-02-04T06:15:00Z,2026-02-04T06:30:00Z,2026-02-04,2026-02-04_30,0.0,0,0,100,144.0,144.0,0.0,0.0,0.0,True,True,True,False,0.0,1023.0618253189401,0.0,0.0,0.0,0.0,1023.0618253189401
2026-02-04T06:30:00Z,2026-02-04T06:45:00Z,2026-02-04,2026-02-04_31,0.0,0,0,100,144.0,144.0,0.0,0.0,0.0,True,True,True,False,0.0,1023.0618253189401,0.0,0.0,0.0,0.0,1023.0618253189401
2026-02-04T06:45:00Z,2026-02-04T07:00:00Z,2026-02-04,2026-02-04_32,0.0,0,0,100,144.0,144.0,0.0,0.0,0.0,True,True,True,False,0.0,1023.0618253189401,0.0,0.0,0.0,0.0,1023.0618253189401
2026-02-04T07:00:00Z,2026-02-04T07:15:00Z,2026-02-04,2026-02-04_33,0.0,0,0,100,144.0,144.0,0.0,0.0,0.0,True,True,True,False,0.0,1023.0618253189401,0.0,0.0,0.0,0.0,1023.0618253189401
2026-02-04T07:15:00Z,2026-02-04T07:30:00Z,2026-02-04,2026-02-04_34,0.0,0,0,100,144.0,144.0,0.0,0.0,0.0,True,True,True,False,0.0,1023.0618253189401,0.0,0.0,0.0,0.0,1023.0618253189401
2026-02-04T07:30:00Z,2026-02-04T07:45:00Z,2026-02-04,2026-02-04_35,0.0,0,0,100,144.0,144.0,0.0,0.0,0.0,True,True,True,False,0.0,1023.0618253189401,0.0,0.0,0.0,0.0,1023.0618253189401
2026-02-04T07:45:00Z,2026-02-04T08:00:00Z,2026-02-04,2026-02-04_36,0.0,0,0,100,144.0,144.0,0.0,0.0,0.0,True,True,True,False,0.0,1023.0618253189401,0.0,0.0,0.0,0.0,1023.0618253189401
2026-02-04T08:00:00Z,2026-02-04T08:15:00Z,2026-02-04,2026-02-04_37,34.0,0,34,66,144.0,138.37331677018634,0.015629675638371292,0.0,3.323451428571429,True,True,True,False,1389.155,675.2208047105005,0.0,17.847497546614328,0.0,29.369656638160667,2111.5929588952754
2026-02-04T08:15:00Z,2026-02-04T08:30:00Z,2026-02-04,2026-02-04_38,34.0,0,34,66,138.37331677018634,129.25878260869567,0.02531815044858523,0.0,0.11462857142857143,True,True,True,False,1439.985,675.2208047105005,0.0,17.847497546614328,0.0,-7.319714857703631,2125.733587399411
2026-02-04T08:30:00Z,2026-02-04T08:45:00Z,2026-02-04,2026-02-04_39,34.0,0,34,66,129.25878260869567,120.01965217391306,0.02566425120772947,0.0,0.0,True,True,True,False,1342.32,675.2208047105005,0.0,17.847497546614328,0.0,0.0,2035.3883022571147
2026-02-04T08:45:00Z,2026-02-04T09:00:00Z,2026-02-04,2026-02-04_40,34.0,0,34,66,120.01965217391306,110.78052173913045,0.02566425120772947,0.0,0.0,True,True,True,False,1316.14,675.2208047105005,0.0,17.847497546614328,0.0,0.0,2009.2083022571148
2026-02-04T09:00:00Z,2026-02-04T09:15:00Z,2026-02-04,2026-02-04_41,0.0,100,100,0,110.78052173913045,91.85070807453418,0.052582815734989644,17.41542857142857,0.0,True,True,True,False,0.0,0.0,97.36015701668303,53.96467124631992,7872.306944287116,0.0,8023.6317725501185
2026-02-04T09:15:00Z,2026-02-04T09:30:00Z,2026-02-04,2026-02-04_42,0.0,100,100,0,91.85070807453418,86.43083229813666,0.015055210489993098,4.986285714285715,0.0,True,True,True,False,0.0,0.0,97.36015701668303,53.96467124631992,871.9325521379504,0.0,1023.2573804009534
2026-02-04T09:30:00Z,2026-02-04T09:45:00Z,2026-02-04,2026-02-04_43,0.0,100,100,0,86.43083229813666,85.56759552795033,0.0028126100759144233,0.8628571428571428,0.08114285714285713,True,True,True,False,0.0,0.0,97.36015701668303,53.96467124631992,133.81178410206084,-7.9629889247161065,277.1736234403477
2026-02-04T09:45:00Z,2026-02-04T10:00:00Z,2026-02-04,2026-02-04_44,0.0,100,100,0,85.56759552795033,88.96783006211183,0.009638332643202208,0.032,3.7337142857142855,True,True,True,False,0.0,0.0,97.36015701668303,53.96467124631992,4.48619273797841,1555.990070040656,1711.8010910416374
2026-02-04T10:00:00Z,2026-02-04T10:15:00Z,2026-02-04,2026-02-04_45,0.0,0,0,100,88.96783006211183,88.96783006211183,0.0,0.0,0.0,True,False,True,False,0.0,1023.0618253189401,0.0,0.0,0.0,0.0,1023.0618253189401
2026-02-04T10:15:00Z,2026-02-04T10:30:00Z,2026-02-04,2026-02-04_46,0.0,0,0,100,88.96783006211183,88.96783006211183,0.0,0.0,0.0,True,False,True,False,0.0,1023.0618253189401,0.0,0.0,0.0,0.0,1023.0618253189401
2026-02-04T10:30:00Z,2026-02-04T10:45:00Z,2026-02-04,2026-02-04_47,0.0,0,0,100,88.96783006211183,88.96783006211183,0.0,0.0,0.0,True,False,True,False,0.0,1023.0618253189401,0.0,0.0,0.0,0.0,1023.0618253189401
2026-02-04T10:45:00Z,2026-02-04T11:00:00Z,2026-02-04,2026-02-04_48,0.0,0,0,100,88.96783006211183,88.96783006211183,0.0,0.0,0.0,True,False,True,False,0.0,1023.0618253189401,0.0,0.0,0.0,0.0,1023.0618253189401
2026-02-04T11:00:00Z,2026-02-04T11:15:00Z,2026-02-04,2026-02-04_49,0.0,0,0,100,88.96783006211183,88.96783006211183,0.0,0.0,0.0,True,True,True,False,0.0,1023.0618253189401,0.0,0.0,0.0,0.0,1023.0618253189401
2026-02-04T11:15:00Z,2026-02-04T11:30:00Z,2026-02-04,2026-02-04_50,0.0,0,0,100,88.96783006211183,88.96783006211183,0.0,0.0,0.0,True,True,True,False,0.0,1023.0618253189401,0.0,0.0,0.0,0.0,1023.0618253189401
2026-02-04T11:30:00Z,2026-02-04T11:45:00Z,2026-02-04,2026-02-04_51,0.0,0,0,100,88.96783006211183,88.96783006211183,0.0,0.0,0.0,True,True,True,False,0.0,1023.0618253189401,0.0,0.0,0.0,0.0,1023.0618253189401
2026-02-04T11:45:00Z,2026-02-04T12:00:00Z,2026-02-04,2026-02-04_52,0.0,0,0,100,88.96783006211183,88.96783006211183,0.0,0.0,0.0,True,True,True,False,0.0,1023.0618253189401,0.0,0.0,0.0,0.0,1023.0618253189401
2026-02-04T12:00:00Z,2026-02-04T12:15:00Z,2026-02-04,2026-02-04_53,0.0,0,0,100,88.96783006211183,88.96783006211183,0.0,0.0,0.0,True,True,True,False,0.0,1023.0618253189401,0.0,0.0,0.0,0.0,1023.0618253189401
2026-02-04T12:15:00Z,2026-02-04T12:30:00Z,2026-02-04,2026-02-04_54,0.0,0,0,100,88.96783006211183,88.96783006211183,0.0,0.0,0.0,True,True,True,False,0.0,1023.0618253189401,0.0,0.0,0.0,0.0,1023.0618253189401
2026-02-04T12:30:00Z,2026-02-04T12:45:00Z,2026-02-04,2026-02-04_55,0.0,0,0,100,88.96783006211183,88.96783006211183,0.0,0.0,0.0,True,True,True,False,0.0,1023.0618253189401,0.0,0.0,0.0,0.0,1023.0618253189401
2026-02-04T12:45:00Z,2026-02-04T13:00:00Z,2026-02-04,2026-02-04_56,0.0,0,0,100,88.96783006211183,88.96783006211183,0.0,0.0,0.0,True,True,True,False,0.0,1023.0618253189401,0.0,0.0,0.0,0.0,1023.0618253189401
2026-02-04T13:00:00Z,2026-02-04T13:15:00Z,2026-02-04,2026-02-04_57,0.0,0,0,100,88.96783006211183,88.96783006211183,0.0,0.0,0.0,True,True,True,False,0.0,1023.0618253189401,0.0,0.0,0.0,0.0,1023.0618253189401
2026-02-04T13:15:00Z,2026-02-04T13:30:00Z,2026-02-04,2026-02-04_58,0.0,0,0,100,88.96783006211183,88.96783006211183,0.0,0.0,0.0,True,True,True,False,0.0,1023.0618253189401,0.0,0.0,0.0,0.0,1023.0618253189401
2026-02-04T13:30:00Z,2026-02-04T13:45:00Z,2026-02-04,2026-02-04_59,0.0,0,0,100,88.96783006211183,88.96783006211183,0.0,0.0,0.0,True,True,True,False,0.0,1023.0618253189401,0.0,0.0,0.0,0.0,1023.0618253189401
2026-02-04T13:45:00Z,2026-02-04T14:00:00Z,2026-02-04,2026-02-04_60,0.0,0,0,100,88.96783006211183,88.96783006211183,0.0,0.0,0.0,True,True,True,False,0.0,1023.0618253189401,0.0,0.0,0.0,0.0,1023.0618253189401
2026-02-04T14:00:00Z,2026-02-04T14:15:00Z,2026-02-04,2026-02-04_61,0.0,0,0,100,88.96783006211183,88.96783006211183,0.0,0.0,0.0,True,True,True,False,0.0,1023.0618253189401,0.0,0.0,0.0,0.0,1023.0618253189401
2026-02-04T14:15:00Z,2026-02-04T14:30:00Z,2026-02-04,2026-02-04_62,0.0,0,0,100,88.96783006211183,88.96783006211183,0.0,0.0,0.0,True,True,True,False,0.0,1023.0618253189401,0.0,0.0,0.0,0.0,1023.0618253189401
2026-02-04T14:30:00Z,2026-02-04T14:45:00Z,2026-02-04,2026-02-04_63,0.0,0,0,100,88.96783006211183,88.96783006211183,0.0,0.0,0.0,True,True,True,False,0.0,1023.0618253189401,0.0,0.0,0.0,0.0,1023.0618253189401
2026-02-04T14:45:00Z,2026-02-04T15:00:00Z,2026-02-04,2026-02-04_64,0.0,0,0,100,88.96783006211183,88.96783006211183,0.0,0.0,0.0,True,True,True,False,0.0,1023.0618253189401,0.0,0.0,0.0,0.0,1023.0618253189401
2026-02-04T15:00:00Z,2026-02-04T15:15:00Z,2026-02-04,2026-02-04_65,0.0,100,100,0,88.96783006211183,90.53149714285716,0.004374575569358178,0.005142857142857143,1.7057142857142857,True,True,True,False,0.0,0.0,97.12463199214918,53.43473994111874,0.7065750736015701,-119.40100434599749,31.864942660871996
2026-02-04T15:15:00Z,2026-02-04T15:30:00Z,2026-02-04,2026-02-04_66,0.0,100,100,0,90.53149714285716,90.34445118012424,0.0006363975155279503,0.19142857142857145,0.022857142857142857,True,True,True,False,0.0,0.0,97.12463199214918,53.43473994111874,27.365756904528254,-2.2430954717510163,175.68203336604515
2026-02-04T15:30:00Z,2026-02-04T15:45:00Z,2026-02-04,2026-02-04_67,0.0,100,100,0,90.34445118012424,89.50041639751555,0.0026658109040717734,0.8297142857142857,0.06285714285714285,True,True,True,False,0.0,0.0,97.12463199214918,53.43473994111874,178.8688123370251,-6.168512547315294,323.2596717229777
2026-02-04T15:45:00Z,2026-02-04T16:00:00Z,2026-02-04,2026-02-04_68,0.0,100,100,0,89.50041639751555,64.86687602484474,0.06842650103519668,22.662857142857142,0.0,True,True,True,False,0.0,0.0,97.12463199214918,53.43473994111874,22880.598493761394,0.0,23031.157865694662
2026-02-04T16:00:00Z,2026-02-04T16:15:00Z,2026-02-04,2026-02-04_69,0.0,0,0,100,64.86687602484474,64.86687602484474,0.0,0.0,0.0,True,True,True,False,0.0,1023.0618253189401,0.0,0.0,0.0,0.0,1023.0618253189401
2026-02-04T16:15:00Z,2026-02-04T16:30:00Z,2026-02-04,2026-02-04_70,0.0,0,0,100,64.86687602484474,64.86687602484474,0.0,0.0,0.0,True,True,True,False,0.0,1023.0618253189401,0.0,0.0,0.0,0.0,1023.0618253189401
2026-02-04T16:30:00Z,2026-02-04T16:45:00Z,2026-02-04,2026-02-04_71,0.0,0,0,100,64.86687602484474,64.86687602484474,0.0,0.0,0.0,True,True,True,False,0.0,1023.0618253189401,0.0,0.0,0.0,0.0,1023.0618253189401
2026-02-04T16:45:00Z,2026-02-04T17:00:00Z,2026-02-04,2026-02-04_72,0.0,0,0,100,64.86687602484474,64.86687602484474,0.0,0.0,0.0,True,True,True,False,0.0,1023.0618253189401,0.0,0.0,0.0,0.0,1023.0618253189401
2026-02-04T17:00:00Z,2026-02-04T17:15:00Z,2026-02-04,2026-02-04_73,0.0,0,0,100,64.86687602484474,64.86687602484474,0.0,0.0,0.0,True,True,True,False,0.0,1023.0618253189401,0.0,0.0,0.0,0.0,1023.0618253189401
2026-02-04T17:15:00Z,2026-02-04T17:30:00Z,2026-02-04,2026-02-04_74,0.0,0,0,100,64.86687602484474,64.86687602484474,0.0,0.0,0.0,True,True,True,False,0.0,1023.0618253189401,0.0,0.0,0.0,0.0,1023.0618253189401
2026-02-04T17:30:00Z,2026-02-04T17:45:00Z,2026-02-04,2026-02-04_75,0.0,0,0,100,64.86687602484474,64.86687602484474,0.0,0.0,0.0,True,True,True,False,0.0,1023.0618253189401,0.0,0.0,0.0,0.0,1023.0618253189401
2026-02-04T17:45:00Z,2026-02-04T18:00:00Z,2026-02-04,2026-02-04_76,0.0,0,0,100,64.86687602484474,64.86687602484474,0.0,0.0,0.0,True,True,True,False,0.0,1023.0618253189401,0.0,0.0,0.0,0.0,1023.0618253189401
2026-02-04T18:00:00Z,2026-02-04T18:15:00Z,2026-02-04,2026-02-04_77,100.0,0,100,0,64.86687602484474,57.91097540372673,0.01932194616977225,0.0,18.60057142857143,True,True,True,False,3721.0,0.0,0.0,55.52502453385672,0.0,-498.64134428711634,3277.8836802467404
2026-02-04T18:15:00Z,2026-02-04T18:30:00Z,2026-02-04,2026-02-04_78,100.0,0,100,0,57.91097540372673,48.91656546583853,0.02498447204968945,0.0,16.725142857142856,True,True,True,False,3095.0,0.0,0.0,55.52502453385672,0.0,-563.9934826861069,2586.53154184775
2026-02-04T18:30:00Z,2026-02-04T18:45:00Z,2026-02-04,2026-02-04_79,0.0,0,100,0,48.91656546583853,57.63185689440996,0.024209142857142856,0.0,9.473142857142856,True,True,True,False,0.0,0.0,0.0,55.52502453385672,0.0,-478.18640213094056,-422.66137759708386
2026-02-04T18:45:00Z,2026-02-04T19:00:00Z,2026-02-04,2026-02-04_80,0.0,0,100,0,57.63185689440996,71.2310340372671,0.03777549206349206,0.0,14.781714285714283,True,True,True,False,0.0,0.0,0.0,55.52502453385672,0.0,-549.943598261601,-494.4185737277443
2026-02-04T19:00:00Z,2026-02-04T19:15:00Z,2026-02-04,2026-02-04_81,0.0,0,0,100,71.2310340372671,71.2310340372671,0.0,0.0,0.0,True,False,True,False,0.0,1023.0618253189401,0.0,0.0,0.0,0.0,1023.0618253189401
2026-02-04T19:15:00Z,2026-02-04T19:30:00Z,2026-02-04,2026-02-04_82,0.0,0,0,100,71.2310340372671,71.2310340372671,0.0,0.0,0.0,True,False,True,False,0.0,1023.0618253189401,0.0,0.0,0.0,0.0,1023.0618253189401
2026-02-04T19:30:00Z,2026-02-04T19:45:00Z,2026-02-04,2026-02-04_83,0.0,0,0,100,71.2310340372671,71.2310340372671,0.0,0.0,0.0,True,False,True,False,0.0,1023.0618253189401,0.0,0.0,0.0,0.0,1023.0618253189401
2026-02-04T19:45:00Z,2026-02-04T20:00:00Z,2026-02-04,2026-02-04_84,0.0,0,0,100,71.2310340372671,71.2310340372671,0.0,0.0,0.0,True,False,True,False,0.0,1023.0618253189401,0.0,0.0,0.0,0.0,1023.0618253189401
2026-02-04T20:00:00Z,2026-02-04T20:15:00Z,2026-02-04,2026-02-04_85,0.0,100,100,0,71.2310340372671,78.31555975155281,0.019679238095238097,0.0,7.700571428571429,True,True,True,False,0.0,0.0,99.450441609421,55.55446516192346,0.0,25.654465049768685,180.65937182111315
2026-02-04T20:15:00Z,2026-02-04T20:30:00Z,2026-02-04,2026-02-04_86,0.0,100,100,0,78.31555975155281,85.26707975155281,0.01930977777777778,0.0,7.556,True,True,True,False,0.0,0.0,99.450441609421,55.55446516192346,0.0,-80.78023945044161,74.22466732090285
2026-02-04T20:30:00Z,2026-02-04T20:45:00Z,2026-02-04,2026-02-04_87,0.0,100,100,0,85.26707975155281,92.29430260869567,0.01952006349206349,0.0,7.638285714285714,True,True,True,False,0.0,0.0,99.450441609421,55.55446516192346,0.0,-184.69959534557688,-29.694688574232416
2026-02-04T20:45:00Z,2026-02-04T21:00:00Z,2026-02-04,2026-02-04_88,0.0,100,100,0,92.29430260869567,108.37274832298138,0.044662349206349206,0.0,17.47657142857143,True,True,True,False,0.0,0.0,99.450441609421,55.55446516192346,0.0,2298.047372830506,2453.0522796018504
2026-02-04T21:00:00Z,2026-02-04T21:15:00Z,2026-02-04,2026-02-04_89,0.0,100,100,0,108.37274832298138,116.96922832298138,0.02387911111111111,0.0,9.344,True,True,True,False,0.0,0.0,99.450441609421,55.96663395485771,0.0,1123.5504361138371,1278.967511678116
2026-02-04T21:15:00Z,2026-02-04T21:30:00Z,2026-02-04,2026-02-04_90,0.0,100,100,0,116.96922832298138,125.79386832298138,0.02451288888888889,0.0,9.592,True,True,True,False,0.0,0.0,99.450441609421,55.96663395485771,0.0,299.4586630029441,454.8757385672228
2026-02-04T21:30:00Z,2026-02-04T21:45:00Z,2026-02-04,2026-02-04_91,0.0,100,100,0,125.79386832298138,136.03793689440997,0.028455746031746033,0.0,11.134857142857143,True,True,True,False,0.0,0.0,99.450441609421,55.96663395485771,0.0,15.536349249964953,170.95342481424368
2026-02-04T21:45:00Z,2026-02-04T22:00:00Z,2026-02-04,2026-02-04_92,0.0,100,100,0,136.03793689440997,147.25299975155284,0.03115295238095238,0.0,12.190285714285713,True,True,True,False,0.0,0.0,99.450441609421,55.96663395485771,0.0,4618.86217187719,4774.279247441469
2026-02-04T22:00:00Z,2026-02-04T22:15:00Z,2026-02-05,2026-02-04_93,20.0,80,100,0,147.25299975155284,149.4611466335404,0.02664512850241546,0.0,8.016571428571428,True,True,True,False,509.4,0.0,82.8690889818032,57.88822801955126,0.0,2808.165174186275,3458.3224911876296
2026-02-04T22:15:00Z,2026-02-04T22:30:00Z,2026-02-05,2026-02-04_94,19.14499907698738,80,100,0,149.4611466335404,147.01286857142858,0.018756942556639376,0.0,2.893142857142857,True,True,True,False,436.2188039691574,0.0,82.8690889818032,57.88822801955126,0.0,-92.31444522028822,484.66167575022365
2026-02-04T22:30:00Z,2026-02-04T22:45:00Z,2026-02-05,2026-02-04_95,0.0,80,100,0,147.01286857142858,151.46672,0.012371809523809523,0.0,4.841142857142857,True,True,True,False,0.0,0.0,82.8690889818032,57.88822801955126,0.0,-104.8766988314671,35.88061816988737
2026-02-04T22:45:00Z,2026-02-04T23:00:00Z,2026-02-05,2026-02-04_96,0.0,80,100,0,151.46672,160.52477714285715,0.025161269841269842,0.0,9.845714285714285,True,True,True,False,0.0,0.0,82.8690889818032,57.88822801955126,0.0,192.7377376956318,333.49505469698624
2026-02-04T23:00:00Z,2026-02-04T23:15:00Z,2026-02-05,2026-02-05_1,-100.0,100,0,0,160.52477714285715,177.88596571428573,0.048225523809523815,6.129142857142857,0.0,True,True,True,False,-1312.5,0.0,101.73134679936399,0.0,1022.1807225442442,0.0,-188.58793065639182
2026-02-04T23:15:00Z,2026-02-04T23:30:00Z,2026-02-05,2026-02-05_2,-100.0,100,0,0,177.88596571428573,190.00000000000003,0.03365009523809524,11.832571428571429,0.0,True,True,True,False,-1500.0,0.0,101.73134679936399,0.0,3046.068968959706,0.0,1647.8003157590701
2026-02-04T23:30:00Z,2026-02-04T23:45:00Z,2026-02-05,2026-02-05_3,-35.31092076327618,100,0,0,190.00000000000003,189.43283349068324,0.031440968495182166,8.452,0.0,True,True,True,False,-778.4292482264234,0.0,101.73134679936399,0.0,1808.6944859941505,0.0,1131.996584567091
2026-02-04T23:45:00Z,2026-02-05T00:00:00Z,2026-02-05,2026-02-05_4,0.0,100,0,0,189.43283349068324,187.42724342857144,0.005571083505866115,1.8451428571428574,0.0,True,True,True,False,0.0,0.0,101.73134679936399,0.0,252.7729448879841,0.0,354.5042916873481
2026-02-05T00:00:00Z,2026-02-05T00:15:00Z,2026-02-05,2026-02-05_5,-77.0,100,23,0,187.42724342857144,190.00000000000003,0.02908305396825397,15.794285714285714,0.0,True,True,True,False,-1698.235,0.0,101.73134679936399,13.544549790942819,6195.1778127374855,0.0,4612.218709327793
2026-02-05T00:15:00Z,2026-02-05T00:30:00Z,2026-02-05,2026-02-05_6,0.0,100,23,0,190.00000000000003,177.93354037267085,0.033517943409247755,11.101142857142857,0.0,True,True,True,False,0.0,0.0,101.73134679936399,13.544549790942819,1933.7601184517152,0.0,2049.036015042022
2026-02-05T00:30:00Z,2026-02-05T00:45:00Z,2026-02-05,2026-02-05_7,-77.0,100,23,0,177.93354037267085,179.62018768695657,0.027905766349206346,16.718857142857143,0.0,True,True,True,False,-1757.7175,0.0,101.73134679936399,13.544549790942819,4587.1459718845435,0.0,2944.7043684748505
2026-02-05T00:45:00Z,2026-02-05T01:00:00Z,2026-02-05,2026-02-05_8,-72.33171244010985,100,23,0,179.62018768695657,189.32417755031062,0.038943209199516306,7.174857142857142,0.0,True,True,True,False,-1618.6028951285584,0.0,101.73134679936399,13.544549790942819,1389.3488410856953,0.0,-113.9781574525563
2026-02-05T01:00:00Z,2026-02-05T01:15:00Z,2026-02-05,2026-02-05_9,-9.0,100,91,0,189.32417755031062,176.51762071055907,0.040689757570738436,13.878285714285713,0.0,True,True,True,False,-202.90500000000003,0.0,101.73134679936399,53.58930569459985,3656.6393761094337,0.0,3609.0550286033977
2026-02-05T01:15:00Z,2026-02-05T01:30:00Z,2026-02-05,2026-02-05_10,-9.0,100,91,0,176.51762071055907,165.2491309118013,0.03707738340924776,12.443428571428573,0.0,True,True,True,False,-203.6925,0.0,101.73134679936399,53.58930569459985,2497.806449673445,0.0,2449.4346021674087
2026-02-05T01:30:00Z,2026-02-05T01:45:00Z,2026-02-05,2026-02-05_11,-9.0,100,91,0,165.2491309118013,155.30248447204977,0.03397284201518288,11.210285714285712,0.0,True,True,True,False,-205.8525,0.0,101.73134679936399,53.58930569459985,2490.6538052333,0.0,2440.1219577272636
2026-02-05T01:45:00Z,2026-02-05T02:00:00Z,2026-02-05,2026-02-05_12,0.0,100,91,0,155.30248447204977,144.00000000000009,0.031395790200138024,10.398285714285715,0.0,True,True,True,False,0.0,0.0,101.73134679936399,53.58930569459985,2910.481049127737,0.0,3065.801701621701
2026-02-05T02:00:00Z,2026-02-05T02:15:00Z,2026-02-05,2026-02-05_13,0.0,0,0,100,144.00000000000009,144.00000000000009,0.0,0.0,0.0,True,True,True,False,0.0,1023.2024026853542,0.0,0.0,0.0,0.0,1023.2024026853542
2026-02-05T02:15:00Z,2026-02-05T02:30:00Z,2026-02-05,2026-02-05_14,0.0,0,0,100,144.00000000000009,144.00000000000009,0.0,0.0,0.0,True,True,True,False,0.0,1023.2024026853542,0.0,0.0,0.0,0.0,1023.2024026853542
2026-02-05T02:30:00Z,2026-02-05T02:45:00Z,2026-02-05,2026-02-05_15,0.0,0,0,100,144.00000000000009,144.00000000000009,0.0,0.0,0.0,True,True,True,False,0.0,1023.2024026853542,0.0,0.0,0.0,0.0,1023.2024026853542
2026-02-05T02:45:00Z,2026-02-05T03:00:00Z,2026-02-05,2026-02-05_16,0.0,0,0,100,144.00000000000009,144.00000000000009,0.0,0.0,0.0,True,True,True,False,0.0,1023.2024026853542,0.0,0.0,0.0,0.0,1023.2024026853542
2026-02-05T03:00:00Z,2026-02-05T03:15:00Z,2026-02-05,2026-02-05_17,0.0,0,0,100,144.00000000000009,144.00000000000009,0.0,0.0,0.0,True,True,True,False,0.0,1023.2024026853542,0.0,0.0,0.0,0.0,1023.2024026853542
2026-02-05T03:15:00Z,2026-02-05T03:30:00Z,2026-02-05,2026-02-05_18,0.0,0,0,100,144.00000000000009,144.00000000000009,0.0,0.0,0.0,True,True,True,False,0.0,1023.2024026853542,0.0,0.0,0.0,0.0,1023.2024026853542
2026-02-05T03:30:00Z,2026-02-05T03:45:00Z,2026-02-05,2026-02-05_19,0.0,0,0,100,144.00000000000009,144.00000000000009,0.0,0.0,0.0,True,True,True,False,0.0,1023.2024026853542,0.0,0.0,0.0,0.0,1023.2024026853542
2026-02-05T03:45:00Z,2026-02-05T04:00:00Z,2026-02-05,2026-02-05_20,0.0,0,0,100,144.00000000000009,144.00000000000009,0.0,0.0,0.0,True,True,True,False,0.0,1023.2024026853542,0.0,0.0,0.0,0.0,1023.2024026853542
2026-02-05T04:00:00Z,2026-02-05T04:15:00Z,2026-02-05,2026-02-05_21,0.0,0,0,100,144.00000000000009,144.00000000000009,0.0,0.0,0.0,True,True,True,False,0.0,1023.2024026853542,0.0,0.0,0.0,0.0,1023.2024026853542
2026-02-05T04:15:00Z,2026-02-05T04:30:00Z,2026-02-05,2026-02-05_22,0.0,0,0,100,144.00000000000009,144.00000000000009,0.0,0.0,0.0,True,True,True,False,0.0,1023.2024026853542,0.0,0.0,0.0,0.0,1023.2024026853542
2026-02-05T04:30:00Z,2026-02-05T04:45:00Z,2026-02-05,2026-02-05_23,0.0,0,0,100,144.00000000000009,144.00000000000009,0.0,0.0,0.0,True,True,True,False,0.0,1023.2024026853542,0.0,0.0,0.0,0.0,1023.2024026853542
2026-02-05T04:45:00Z,2026-02-05T05:00:00Z,2026-02-05,2026-02-05_24,0.0,0,0,100,144.00000000000009,144.00000000000009,0.0,0.0,0.0,True,True,True,False,0.0,1023.2024026853542,0.0,0.0,0.0,0.0,1023.2024026853542
2026-02-05T05:00:00Z,2026-02-05T05:15:00Z,2026-02-05,2026-02-05_25,0.0,0,0,100,144.00000000000009,144.00000000000009,0.0,0.0,0.0,True,True,True,False,0.0,1023.2024026853542,0.0,0.0,0.0,0.0,1023.2024026853542
2026-02-05T05:15:00Z,2026-02-05T05:30:00Z,2026-02-05,2026-02-05_26,0.0,0,0,100,144.00000000000009,144.00000000000009,0.0,0.0,0.0,True,True,True,False,0.0,1023.2024026853542,0.0,0.0,0.0,0.0,1023.2024026853542
2026-02-05T05:30:00Z,2026-02-05T05:45:00Z,2026-02-05,2026-02-05_27,0.0,0,0,100,144.00000000000009,144.00000000000009,0.0,0.0,0.0,True,True,True,False,0.0,1023.2024026853542,0.0,0.0,0.0,0.0,1023.2024026853542
2026-02-05T05:45:00Z,2026-02-05T06:00:00Z,2026-02-05,2026-02-05_28,0.0,0,0,100,144.00000000000009,144.00000000000009,0.0,0.0,0.0,True,True,True,False,0.0,1023.2024026853542,0.0,0.0,0.0,0.0,1023.2024026853542
2026-02-05T06:00:00Z,2026-02-05T06:15:00Z,2026-02-05,2026-02-05_29,0.0,100,100,0,144.00000000000009,143.41898534161498,0.010159707384403036,1.9497142857142855,1.6720000000000002,True,True,True,False,0.0,0.0,87.83346092691832,50.64483834874271,365.48636801355013,-114.03523781481265,389.9294294743985
2026-02-05T06:15:00Z,2026-02-05T06:30:00Z,2026-02-05,2026-02-05_30,0.0,100,100,0,143.41898534161498,134.55438906832305,0.02462387853692202,8.155428571428573,0.0,True,True,True,False,0.0,0.0,87.83346092691832,50.64483834874271,1571.300369881184,0.0,1709.7786691568451
2026-02-05T06:30:00Z,2026-02-05T06:45:00Z,2026-02-05,2026-02-05_31,0.0,100,100,0,134.55438906832305,117.87861267080751,0.0463216011042098,15.341714285714286,0.0,True,True,True,False,0.0,0.0,87.83346092691832,50.64483834874271,7710.377649417698,0.0,7848.855948693359
2026-02-05T06:45:00Z,2026-02-05T07:00:00Z,2026-02-05,2026-02-05_32,0.0,100,100,0,117.87861267080751,97.5171219875777,0.05655969634230503,18.732571428571426,0.0,True,True,True,False,0.0,0.0,87.83346092691832,50.64483834874271,12723.770864131058,0.0,12862.24916340672
2026-02-05T07:00:00Z,2026-02-05T07:15:00Z,2026-02-05,2026-02-05_33,0.0,0,0,100,97.5171219875777,97.5171219875777,0.0,0.0,0.0,True,True,True,False,0.0,1023.2024026853542,0.0,0.0,0.0,0.0,1023.2024026853542
2026-02-05T07:15:00Z,2026-02-05T07:30:00Z,2026-02-05,2026-02-05_34,0.0,0,0,100,97.5171219875777,97.5171219875777,0.0,0.0,0.0,True,True,True,False,0.0,1023.2024026853542,0.0,0.0,0.0,0.0,1023.2024026853542
2026-02-05T07:30:00Z,2026-02-05T07:45:00Z,2026-02-05,2026-02-05_35,0.0,0,0,100,97.5171219875777,97.5171219875777,0.0,0.0,0.0,True,True,True,False,0.0,1023.2024026853542,0.0,0.0,0.0,0.0,1023.2024026853542
2026-02-05T07:45:00Z,2026-02-05T08:00:00Z,2026-02-05,2026-02-05_36,0.0,0,0,100,97.5171219875777,97.5171219875777,0.0,0.0,0.0,True,True,True,False,0.0,1023.2024026853542,0.0,0.0,0.0,0.0,1023.2024026853542
2026-02-05T08:00:00Z,2026-02-05T08:15:00Z,2026-02-05,2026-02-05_37,0.0,0,0,100,97.5171219875777,97.5171219875777,0.0,0.0,0.0,True,True,True,False,0.0,1023.2024026853542,0.0,0.0,0.0,0.0,1023.2024026853542
2026-02-05T08:15:00Z,2026-02-05T08:30:00Z,2026-02-05,2026-02-05_38,0.0,0,0,100,97.5171219875777,97.5171219875777,0.0,0.0,0.0,True,True,True,False,0.0,1023.2024026853542,0.0,0.0,0.0,0.0,1023.2024026853542
2026-02-05T08:30:00Z,2026-02-05T08:45:00Z,2026-02-05,2026-02-05_39,0.0,0,0,100,97.5171219875777,97.5171219875777,0.0,0.0,0.0,True,True,True,False,0.0,1023.2024026853542,0.0,0.0,0.0,0.0,1023.2024026853542
2026-02-05T08:45:00Z,2026-02-05T09:00:00Z,2026-02-05,2026-02-05_40,0.0,0,0,100,97.5171219875777,97.5171219875777,0.0,0.0,0.0,True,True,True,False,0.0,1023.2024026853542,0.0,0.0,0.0,0.0,1023.2024026853542
2026-02-05T09:00:00Z,2026-02-05T09:15:00Z,2026-02-05,2026-02-05_41,0.0,0,0,100,97.5171219875777,97.5171219875777,0.0,0.0,0.0,True,True,True,False,0.0,1023.2024026853542,0.0,0.0,0.0,0.0,1023.2024026853542
2026-02-05T09:15:00Z,2026-02-05T09:30:00Z,2026-02-05,2026-02-05_42,0.0,0,0,100,97.5171219875777,97.5171219875777,0.0,0.0,0.0,True,True,True,False,0.0,1023.2024026853542,0.0,0.0,0.0,0.0,1023.2024026853542
2026-02-05T09:30:00Z,2026-02-05T09:45:00Z,2026-02-05,2026-02-05_43,0.0,0,0,100,97.5171219875777,97.5171219875777,0.0,0.0,0.0,True,True,True,False,0.0,1023.2024026853542,0.0,0.0,0.0,0.0,1023.2024026853542
2026-02-05T09:45:00Z,2026-02-05T10:00:00Z,2026-02-05,2026-02-05_44,0.0,0,0,100,97.5171219875777,97.5171219875777,0.0,0.0,0.0,True,True,True,False,0.0,1023.2024026853542,0.0,0.0,0.0,0.0,1023.2024026853542
2026-02-05T10:00:00Z,2026-02-05T10:15:00Z,2026-02-05,2026-02-05_45,0.0,100,73,0,97.5171219875777,97.45321608944106,0.0054159963837129045,0.9262857142857142,1.0249199999999998,True,True,True,False,0.0,0.0,102.761910370414,41.50609504740592,213.9648541647387,-73.84361191920381,284.3892476633548
2026-02-05T10:15:00Z,2026-02-05T10:30:00Z,2026-02-05,2026-02-05_46,-27.0,100,73,0,97.45321608944106,87.46647432546591,0.04078786363008972,15.545714285714284,0.0,True,True,True,False,-880.5374999999999,0.0,102.761910370414,41.50609504740592,7515.324318776448,0.0,6779.054824194268
2026-02-05T10:30:00Z,2026-02-05T10:45:00Z,2026-02-05,2026-02-05_47,-0.11326988111610732,100,73,0,87.46647432546591,76.8602150658386,0.029549925326618775,9.783428571428571,0.0,True,True,True,False,-3.8916699404466573,0.0,102.761910370414,41.50609504740592,2144.643615805901,0.0,2285.019951283274
2026-02-05T10:45:00Z,2026-02-05T11:00:00Z,2026-02-05,2026-02-05_48,0.0,100,73,0,76.8602150658386,73.06112795031066,0.010823791828847481,3.54,0.052977142857142855,True,True,True,False,0.0,0.0,102.761910370414,41.50609504740592,598.9620517048467,-5.19964890732219,738.0304082153444
2026-02-05T11:00:00Z,2026-02-05T11:15:00Z,2026-02-05,2026-02-05_49,0.0,0,0,100,73.06112795031066,73.06112795031066,0.0,0.0,0.0,True,True,True,False,0.0,1023.2024026853542,0.0,0.0,0.0,0.0,1023.2024026853542
2026-02-05T11:15:00Z,2026-02-05T11:30:00Z,2026-02-05,2026-02-05_50,0.0,0,0,100,73.06112795031066,73.06112795031066,0.0,0.0,0.0,True,True,True,False,0.0,1023.2024026853542,0.0,0.0,0.0,0.0,1023.2024026853542
2026-02-05T11:30:00Z,2026-02-05T11:45:00Z,2026-02-05,2026-02-05_51,0.0,0,0,100,73.06112795031066,73.06112795031066,0.0,0.0,0.0,True,True,True,False,0.0,1023.2024026853542,0.0,0.0,0.0,0.0,1023.2024026853542
2026-02-05T11:45:00Z,2026-02-05T12:00:00Z,2026-02-05,2026-02-05_52,0.0,0,0,100,73.06112795031066,73.06112795031066,0.0,0.0,0.0,True,True,True,False,0.0,1023.2024026853542,0.0,0.0,0.0,0.0,1023.2024026853542
2026-02-05T12:00:00Z,2026-02-05T12:15:00Z,2026-02-05,2026-02-05_53,0.0,0,0,100,73.06112795031066,73.06112795031066,0.0,0.0,0.0,True,True,True,False,0.0,1023.2024026853542,0.0,0.0,0.0,0.0,1023.2024026853542
2026-02-05T12:15:00Z,2026-02-05T12:30:00Z,2026-02-05,2026-02-05_54,0.0,0,0,100,73.06112795031066,73.06112795031066,0.0,0.0,0.0,True,True,True,False,0.0,1023.2024026853542,0.0,0.0,0.0,0.0,1023.2024026853542
2026-02-05T12:30:00Z,2026-02-05T12:45:00Z,2026-02-05,2026-02-05_55,0.0,0,0,100,73.06112795031066,73.06112795031066,0.0,0.0,0.0,True,True,True,False,0.0,1023.2024026853542,0.0,0.0,0.0,0.0,1023.2024026853542
2026-02-05T12:45:00Z,2026-02-05T13:00:00Z,2026-02-05,2026-02-05_56,0.0,0,0,100,73.06112795031066,73.06112795031066,0.0,0.0,0.0,True,True,True,False,0.0,1023.2024026853542,0.0,0.0,0.0,0.0,1023.2024026853542
2026-02-05T13:00:00Z,2026-02-05T13:15:00Z,2026-02-05,2026-02-05_57,0.0,100,100,0,73.06112795031066,79.01063652173923,0.016526412698412703,0.0,6.466857142857144,True,True,True,False,0.0,0.0,102.70302102349687,56.79877510158412,0.0,6641.50658882056,6801.0083849456405
2026-02-05T13:15:00Z,2026-02-05T13:30:00Z,2026-02-05,2026-02-05_58,0.0,100,100,0,79.01063652173923,80.52114881987588,0.004951561076604555,0.12514285714285714,1.7897142857142858,True,True,True,False,0.0,0.0,102.70302102349687,56.79877510158412,19.326923031623583,-108.47580438641509,70.35291477028949
2026-02-05T13:30:00Z,2026-02-05T13:45:00Z,2026-02-05,2026-02-05_59,0.0,100,100,0,80.52114881987588,80.42647652173923,0.0007273595583160801,0.164,0.09085714285714286,True,True,True,False,0.0,0.0,102.70302102349687,56.79877510158412,24.06051233731818,-8.917529676024465,174.6447787863747
2026-02-05T13:45:00Z,2026-02-05T14:00:00Z,2026-02-05,2026-02-05_60,0.0,100,100,0,80.42647652173923,80.182334409938,0.0007745534851621808,0.24057142857142857,0.018857142857142857,True,True,True,False,0.0,0.0,102.70302102349687,56.79877510158412,36.713316563890736,-1.4301711997442519,194.78494148922746
2026-02-05T14:00:00Z,2026-02-05T14:15:00Z,2026-02-05,2026-02-05_61,-100.0,100,0,0,80.182334409938,93.65271155279514,0.03741771428571429,10.358285714285714,0.0,True,True,True,False,-3272.2499999999995,0.0,102.70302102349687,0.0,3355.3013408263014,0.0,185.75436184979873
2026-02-05T14:15:00Z,2026-02-05T14:30:00Z,2026-02-05,2026-02-05_62,-100.0,100,0,0,93.65271155279514,102.078334409938,0.023404507936507942,15.841714285714284,0.0,True,True,True,False,-3525.75,0.0,102.70302102349687,0.0,8621.141579748795,0.0,5198.094600772292
2026-02-05T14:30:00Z,2026-02-05T14:45:00Z,2026-02-05,2026-02-05_63,0.0,100,0,0,102.078334409938,91.75659527950322,0.028671497584541055,9.495999999999999,0.0,True,True,True,False,0.0,0.0,102.70302102349687,0.0,4625.80072316118,0.0,4728.503744184677
2026-02-05T14:45:00Z,2026-02-05T15:00:00Z,2026-02-05,2026-02-05_64,-100.0,100,0,0,91.75659527950322,97.47584099378894,0.015886793650793648,18.783428571428573,0.0,True,True,True,False,-3227.7500000000005,0.0,102.70302102349687,0.0,13980.618380542963,0.0,10855.57140156646
2026-02-05T15:00:00Z,2026-02-05T15:15:00Z,2026-02-05,2026-02-05_65,0.0,0,0,100,97.47584099378894,97.47584099378894,0.0,0.0,0.0,True,False,True,False,0.0,1023.2024026853542,0.0,0.0,0.0,0.0,1023.2024026853542
2026-02-05T15:15:00Z,2026-02-05T15:30:00Z,2026-02-05,2026-02-05_66,0.0,0,0,100,97.47584099378894,97.47584099378894,0.0,0.0,0.0,True,False,True,False,0.0,1023.2024026853542,0.0,0.0,0.0,0.0,1023.2024026853542
2026-02-05T15:30:00Z,2026-02-05T15:45:00Z,2026-02-05,2026-02-05_67,0.0,0,0,100,97.47584099378894,97.47584099378894,0.0,0.0,0.0,True,False,True,False,0.0,1023.2024026853542,0.0,0.0,0.0,0.0,1023.2024026853542
2026-02-05T15:45:00Z,2026-02-05T16:00:00Z,2026-02-05,2026-02-05_68,0.0,0,0,100,97.47584099378894,97.47584099378894,0.0,0.0,0.0,True,False,True,False,0.0,1023.2024026853542,0.0,0.0,0.0,0.0,1023.2024026853542
2026-02-05T16:00:00Z,2026-02-05T16:15:00Z,2026-02-05,2026-02-05_69,0.0,100,100,0,97.47584099378894,81.48950559006222,0.04440648723257419,14.707428571428572,0.0,True,True,True,False,0.0,0.0,99.11077086155115,51.969848654378424,8932.085852815893,0.0,9083.166472331823
2026-02-05T16:15:00Z,2026-02-05T16:30:00Z,2026-02-05,2026-02-05_70,0.0,100,100,0,81.48950559006222,78.52170832298148,0.008246801932367149,2.730857142857143,0.0005714285714285715,True,True,True,False,0.0,0.0,99.11077086155115,51.969848654378424,563.2862580867693,-0.056085092302040666,714.3107925103968
2026-02-05T16:30:00Z,2026-02-05T16:45:00Z,2026-02-05,2026-02-05_71,0.0,100,100,0,78.52170832298148,78.54297142857155,0.0008872215320910974,0.13714285714285715,0.18514285714285716,True,True,True,False,0.0,0.0,99.11077086155115,51.969848654378424,20.930956447121577,-18.171569905861176,153.84000605718998
2026-02-05T16:45:00Z,2026-02-05T17:00:00Z,2026-02-05,2026-02-05_72,0.0,100,100,0,78.54297142857155,78.63938782608707,0.0006404941338854382,0.061714285714285715,0.1777142857142857,True,True,True,False,0.0,0.0,99.11077086155115,51.969848654378424,9.17551616512573,-16.791859809703283,143.46427587135202
2026-02-05T17:00:00Z,2026-02-05T17:15:00Z,2026-02-05,2026-02-05_73,0.0,0,0,100,78.63938782608707,78.63938782608707,0.0,0.0,0.0,True,True,True,False,0.0,1023.2024026853542,0.0,0.0,0.0,0.0,1023.2024026853542
2026-02-05T17:15:00Z,2026-02-05T17:30:00Z,2026-02-05,2026-02-05_74,0.0,0,0,100,78.63938782608707,78.63938782608707,0.0,0.0,0.0,True,True,True,False,0.0,1023.2024026853542,0.0,0.0,0.0,0.0,1023.2024026853542
2026-02-05T17:30:00Z,2026-02-05T17:45:00Z,2026-02-05,2026-02-05_75,0.0,0,0,100,78.63938782608707,78.63938782608707,0.0,0.0,0.0,True,True,True,False,0.0,1023.2024026853542,0.0,0.0,0.0,0.0,1023.2024026853542
2026-02-05T17:45:00Z,2026-02-05T18:00:00Z,2026-02-05,2026-02-05_76,0.0,0,0,100,78.63938782608707,78.63938782608707,0.0,0.0,0.0,True,True,True,False,0.0,1023.2024026853542,0.0,0.0,0.0,0.0,1023.2024026853542
2026-02-05T18:00:00Z,2026-02-05T18:15:00Z,2026-02-05,2026-02-05_77,0.0,100,100,0,78.63938782608707,55.102120745341736,0.06538129744651483,21.654285714285713,0.0,True,True,True,False,0.0,0.0,95.3712973323126,53.70708438843413,25183.30560878966,0.0,25332.383990510407
2026-02-05T18:15:00Z,2026-02-05T18:30:00Z,2026-02-05,2026-02-05_78,0.0,100,100,0,55.102120745341736,48.42758658385105,0.01854037267080745,6.140571428571429,0.0,True,True,True,False,0.0,0.0,95.3712973323126,53.70708438843413,1188.4054258961698,0.0,1337.4838076169165
2026-02-05T18:30:00Z,2026-02-05T18:45:00Z,2026-02-05,2026-02-05_79,0.0,100,100,0,48.42758658385105,49.77660322981379,0.004392541062801933,0.10685714285714284,1.5925714285714285,True,True,True,False,0.0,0.0,95.3712973323126,53.70708438843413,16.118851377309653,-106.16111216738035,59.03612093067603
2026-02-05T18:45:00Z,2026-02-05T19:00:00Z,2026-02-05,2026-02-05_80,0.0,100,100,0,49.77660322981379,64.34782608695664,0.040475619047619045,0.0,15.838285714285712,True,True,True,False,0.0,0.0,95.3712973323126,53.70708438843413,0.0,-574.3139054573599,-425.2355237366131
2026-02-05T19:00:00Z,2026-02-05T19:15:00Z,2026-02-05,2026-02-05_81,0.0,0,0,100,64.34782608695664,64.34782608695664,0.0,0.0,0.0,True,False,True,False,0.0,1023.2024026853542,0.0,0.0,0.0,0.0,1023.2024026853542
2026-02-05T19:15:00Z,2026-02-05T19:30:00Z,2026-02-05,2026-02-05_82,0.0,0,0,100,64.34782608695664,64.34782608695664,0.0,0.0,0.0,True,False,True,False,0.0,1023.2024026853542,0.0,0.0,0.0,0.0,1023.2024026853542
2026-02-05T19:30:00Z,2026-02-05T19:45:00Z,2026-02-05,2026-02-05_83,0.0,0,0,100,64.34782608695664,64.34782608695664,0.0,0.0,0.0,True,False,True,False,0.0,1023.2024026853542,0.0,0.0,0.0,0.0,1023.2024026853542
2026-02-05T19:45:00Z,2026-02-05T20:00:00Z,2026-02-05,2026-02-05_84,0.0,0,0,100,64.34782608695664,64.34782608695664,0.0,0.0,0.0,True,False,True,False,0.0,1023.2024026853542,0.0,0.0,0.0,0.0,1023.2024026853542
2026-02-05T20:00:00Z,2026-02-05T20:15:00Z,2026-02-05,2026-02-05_85,100.0,0,100,0,64.34782608695664,55.198136645962855,0.025415804002760525,0.0,16.582285714285714,True,True,True,False,3246.75,0.0,0.0,54.060420469936986,0.0,1100.2352918808417,4401.045712350779
2026-02-05T20:15:00Z,2026-02-05T20:30:00Z,2026-02-05,2026-02-05_86,100.0,0,100,0,55.198136645962855,37.1881987577641,0.05002760524499655,0.0,8.430857142857143,True,True,True,False,3249.75,0.0,0.0,54.060420469936986,0.0,-161.575292722118,3142.235127747819
2026-02-05T20:30:00Z,2026-02-05T20:45:00Z,2026-02-05,2026-02-05_87,100.0,0,100,0,37.1881987577641,13.170807453416273,0.06671497584541061,0.0,2.904,True,True,True,False,3128.5,0.0,0.0,54.060420469936986,0.0,-200.40182321418058,2982.1585972557564
2026-02-05T20:45:00Z,2026-02-05T21:00:00Z,2026-02-05,2026-02-05_88,0.0,0,100,0,13.170807453416273,20.234304596273418,0.0196208253968254,0.0,7.677714285714286,True,True,True,False,0.0,0.0,0.0,54.060420469936986,0.0,-286.2003150860486,-232.1398946161116
2026-02-05T21:00:00Z,2026-02-05T21:15:00Z,2026-02-05,2026-02-05_89,0.0,100,100,0,20.234304596273418,21.323734658385217,0.003153868875086267,0.021142857142857144,1.2091428571428573,True,True,True,False,0.0,0.0,104.44025675755256,54.61986926564985,3.1407661784459386,-110.5365393815497,51.66435282009864
2026-02-05T21:15:00Z,2026-02-05T21:30:00Z,2026-02-05,2026-02-05_90,0.0,100,100,0,21.323734658385217,22.26377043478273,0.0028182498274672185,0.03428571428571429,1.0622857142857143,True,True,True,False,0.0,0.0,104.44025675755256,54.61986926564985,4.913054085658762,-87.12231721167356,76.85086289718761
2026-02-05T21:30:00Z,2026-02-05T21:45:00Z,2026-02-05,2026-02-05_91,0.0,100,100,0,22.26377043478273,29.907656149068444,0.021233015873015872,0.0,8.308571428571428,True,True,True,False,0.0,0.0,104.44025675755256,54.61986926564985,0.0,5.758900283510142,164.81902630671254
2026-02-05T21:45:00Z,2026-02-05T22:00:00Z,2026-02-05,2026-02-05_92,0.0,100,100,0,29.907656149068444,48.49218186335416,0.05162368253968254,0.0,20.20057142857143,True,True,True,False,0.0,0.0,104.44025675755256,54.61986926564985,0.0,2381.833860813627,2540.8939868368293
2026-02-05T22:00:00Z,2026-02-05T22:15:00Z,2026-02-06,2026-02-05_93,0.0,100,100,0,48.49218186335416,56.732231552795156,0.02479033816425121,0.3148571428571429,9.328571428571427,True,True,True,False,0.0,0.0,99.16576700363136,54.23495926980077,49.37537243245517,1079.8766737237636,1282.652772429651
2026-02-05T22:15:00Z,2026-02-05T22:30:00Z,2026-02-06,2026-02-05_94,0.0,100,100,0,56.732231552795156,68.33737440993801,0.03223650793650794,0.0,12.614285714285714,True,True,True,False,0.0,0.0,99.16576700363136,54.23495926980077,0.0,884.0944183503217,1037.4951446237537
2026-02-05T22:30:00Z,2026-02-05T22:45:00Z,2026-02-06,2026-02-05_95,0.0,100,100,0,68.33737440993801,71.943774409938,0.010017777777777778,0.0,3.92,True,True,True,False,0.0,0.0,99.16576700363136,54.23495926980077,0.0,-95.31343998429678,58.08728628913535
2026-02-05T22:45:00Z,2026-02-05T23:00:00Z,2026-02-06,2026-02-05_96,0.0,100,100,0,71.943774409938,77.45063155279514,0.015296825396825395,0.0,5.985714285714285,True,True,True,False,0.0,0.0,99.16576700363136,54.23495926980077,0.0,293.024477377564,446.4252036509961
2026-02-05T23:00:00Z,2026-02-05T23:15:00Z,2026-02-06,2026-02-06_1,0.0,0,0,100,77.45063155279514,77.45063155279514,0.0,0.0,0.0,True,True,True,False,0.0,1023.162233781529,0.0,0.0,0.0,0.0,1023.162233781529
2026-02-05T23:15:00Z,2026-02-05T23:30:00Z,2026-02-06,2026-02-06_2,0.0,0,0,100,77.45063155279514,77.45063155279514,0.0,0.0,0.0,True,True,True,False,0.0,1023.162233781529,0.0,0.0,0.0,0.0,1023.162233781529
2026-02-05T23:30:00Z,2026-02-05T23:45:00Z,2026-02-06,2026-02-06_3,0.0,0,0,100,77.45063155279514,77.45063155279514,0.0,0.0,0.0,True,True,True,False,0.0,1023.162233781529,0.0,0.0,0.0,0.0,1023.162233781529
2026-02-05T23:45:00Z,2026-02-06T00:00:00Z,2026-02-06,2026-02-06_4,0.0,0,0,100,77.45063155279514,77.45063155279514,0.0,0.0,0.0,True,True,True,False,0.0,1023.162233781529,0.0,0.0,0.0,0.0,1023.162233781529
2026-02-06T00:00:00Z,2026-02-06T00:15:00Z,2026-02-06,2026-02-06_5,0.0,0,0,100,77.45063155279514,77.45063155279514,0.0,0.0,0.0,True,True,True,False,0.0,1023.162233781529,0.0,0.0,0.0,0.0,1023.162233781529
2026-02-06T00:15:00Z,2026-02-06T00:30:00Z,2026-02-06,2026-02-06_6,0.0,0,0,100,77.45063155279514,77.45063155279514,0.0,0.0,0.0,True,True,True,False,0.0,1023.162233781529,0.0,0.0,0.0,0.0,1023.162233781529
2026-02-06T00:30:00Z,2026-02-06T00:45:00Z,2026-02-06,2026-02-06_7,0.0,0,0,100,77.45063155279514,77.45063155279514,0.0,0.0,0.0,True,True,True,False,0.0,1023.162233781529,0.0,0.0,0.0,0.0,1023.162233781529
2026-02-06T00:45:00Z,2026-02-06T01:00:00Z,2026-02-06,2026-02-06_8,0.0,0,0,100,77.45063155279514,77.45063155279514,0.0,0.0,0.0,True,True,True,False,0.0,1023.162233781529,0.0,0.0,0.0,0.0,1023.162233781529
2026-02-06T01:00:00Z,2026-02-06T01:15:00Z,2026-02-06,2026-02-06_9,0.0,0,0,100,77.45063155279514,77.45063155279514,0.0,0.0,0.0,True,True,True,False,0.0,1023.162233781529,0.0,0.0,0.0,0.0,1023.162233781529
2026-02-06T01:15:00Z,2026-02-06T01:30:00Z,2026-02-06,2026-02-06_10,0.0,0,0,100,77.45063155279514,77.45063155279514,0.0,0.0,0.0,True,True,True,False,0.0,1023.162233781529,0.0,0.0,0.0,0.0,1023.162233781529
2026-02-06T01:30:00Z,2026-02-06T01:45:00Z,2026-02-06,2026-02-06_11,0.0,0,0,100,77.45063155279514,77.45063155279514,0.0,0.0,0.0,True,True,True,False,0.0,1023.162233781529,0.0,0.0,0.0,0.0,1023.162233781529
2026-02-06T01:45:00Z,2026-02-06T02:00:00Z,2026-02-06,2026-02-06_12,0.0,0,0,100,77.45063155279514,77.45063155279514,0.0,0.0,0.0,True,True,True,False,0.0,1023.162233781529,0.0,0.0,0.0,0.0,1023.162233781529
2026-02-06T02:00:00Z,2026-02-06T02:15:00Z,2026-02-06,2026-02-06_13,0.0,0,0,100,77.45063155279514,77.45063155279514,0.0,0.0,0.0,True,True,True,False,0.0,1023.162233781529,0.0,0.0,0.0,0.0,1023.162233781529
2026-02-06T02:15:00Z,2026-02-06T02:30:00Z,2026-02-06,2026-02-06_14,0.0,0,0,100,77.45063155279514,77.45063155279514,0.0,0.0,0.0,True,True,True,False,0.0,1023.162233781529,0.0,0.0,0.0,0.0,1023.162233781529
2026-02-06T02:30:00Z,2026-02-06T02:45:00Z,2026-02-06,2026-02-06_15,0.0,0,0,100,77.45063155279514,77.45063155279514,0.0,0.0,0.0,True,True,True,False,0.0,1023.162233781529,0.0,0.0,0.0,0.0,1023.162233781529
2026-02-06T02:45:00Z,2026-02-06T03:00:00Z,2026-02-06,2026-02-06_16,0.0,0,0,100,77.45063155279514,77.45063155279514,0.0,0.0,0.0,True,True,True,False,0.0,1023.162233781529,0.0,0.0,0.0,0.0,1023.162233781529
2026-02-06T03:00:00Z,2026-02-06T03:15:00Z,2026-02-06,2026-02-06_17,0.0,0,0,100,77.45063155279514,77.45063155279514,0.0,0.0,0.0,True,False,True,False,0.0,1023.162233781529,0.0,0.0,0.0,0.0,1023.162233781529
2026-02-06T03:15:00Z,2026-02-06T03:30:00Z,2026-02-06,2026-02-06_18,0.0,0,0,100,77.45063155279514,77.45063155279514,0.0,0.0,0.0,True,False,True,False,0.0,1023.162233781529,0.0,0.0,0.0,0.0,1023.162233781529
2026-02-06T03:30:00Z,2026-02-06T03:45:00Z,2026-02-06,2026-02-06_19,0.0,0,0,100,77.45063155279514,77.45063155279514,0.0,0.0,0.0,True,False,True,False,0.0,1023.162233781529,0.0,0.0,0.0,0.0,1023.162233781529
2026-02-06T03:45:00Z,2026-02-06T04:00:00Z,2026-02-06,2026-02-06_20,0.0,0,0,100,77.45063155279514,77.45063155279514,0.0,0.0,0.0,True,False,True,False,0.0,1023.162233781529,0.0,0.0,0.0,0.0,1023.162233781529
2026-02-06T04:00:00Z,2026-02-06T04:15:00Z,2026-02-06,2026-02-06_21,0.0,100,100,0,77.45063155279514,91.42779726708086,0.03882546031746032,0.0,15.192571428571428,True,True,True,False,0.0,0.0,96.66306801452546,54.23495926980077,0.0,8397.249889320416,8548.147916604741
2026-02-06T04:15:00Z,2026-02-06T04:30:00Z,2026-02-06,2026-02-06_22,0.0,100,100,0,91.42779726708086,98.99966012422372,0.021032952380952385,0.0,8.230285714285715,True,True,True,False,0.0,0.0,96.66306801452546,54.23495926980077,0.0,-297.3161432917853,-146.41811600745905
2026-02-06T04:30:00Z,2026-02-06T04:45:00Z,2026-02-06,2026-02-06_23,0.0,100,100,0,98.99966012422372,114.64439155279516,0.0434575873015873,0.0,17.005142857142857,True,True,True,False,0.0,0.0,96.66306801452546,54.23495926980077,0.0,2260.3838717945123,2411.2818990788387
2026-02-06T04:45:00Z,2026-02-06T05:00:00Z,2026-02-06,2026-02-06_24,0.0,100,100,0,114.64439155279516,118.98054658385107,0.013259505866114562,0.20114285714285712,4.950857142857143,True,True,True,False,0.0,0.0,96.66306801452546,54.23495926980077,31.346976206833695,-109.69532879996636,72.54967469119356
2026-02-06T05:00:00Z,2026-02-06T05:15:00Z,2026-02-06,2026-02-06_25,-100.0,100,0,0,118.98054658385107,141.8943294409939,0.06364939682539682,0.09371428571428572,0.0,True,True,True,False,-2646.75,0.0,98.81244479340465,0.0,13.302866564782752,0.0,-2534.6346886418128
2026-02-06T05:15:00Z,2026-02-06T05:30:00Z,2026-02-06,2026-02-06_26,-12.147794234095151,100,0,0,141.8943294409939,137.28255006211182,0.024021948242088836,6.942857142857144,0.0,True,True,True,False,-382.56440991724156,0.0,98.81244479340465,0.0,1514.0198421266634,0.0,1230.2678770028265
2026-02-06T05:30:00Z,2026-02-06T05:45:00Z,2026-02-06,2026-02-06_27,-100.0,100,0,0,137.28255006211182,145.86273291925468,0.023833841269841276,15.673714285714285,0.0,True,True,True,False,-3322.5,0.0,98.81244479340465,0.0,7228.294304389888,0.0,4004.6067491832923
2026-02-06T05:45:00Z,2026-02-06T06:00:00Z,2026-02-06,2026-02-06_28,0.0,100,0,0,145.86273291925468,144.00000000000003,0.005174258109040718,1.7137142857142857,0.0,True,True,True,False,0.0,0.0,98.81244479340465,0.0,302.8785225523324,0.0,401.6909673457371
2026-02-06T06:00:00Z,2026-02-06T06:15:00Z,2026-02-06,2026-02-06_29,0.0,0,0,100,144.00000000000003,144.00000000000003,0.0,0.0,0.0,True,True,True,False,0.0,1023.162233781529,0.0,0.0,0.0,0.0,1023.162233781529
2026-02-06T06:15:00Z,2026-02-06T06:30:00Z,2026-02-06,2026-02-06_30,0.0,0,0,100,144.00000000000003,144.00000000000003,0.0,0.0,0.0,True,True,True,False,0.0,1023.162233781529,0.0,0.0,0.0,0.0,1023.162233781529
2026-02-06T06:30:00Z,2026-02-06T06:45:00Z,2026-02-06,2026-02-06_31,0.0,0,0,100,144.00000000000003,144.00000000000003,0.0,0.0,0.0,True,True,True,False,0.0,1023.162233781529,0.0,0.0,0.0,0.0,1023.162233781529
2026-02-06T06:45:00Z,2026-02-06T07:00:00Z,2026-02-06,2026-02-06_32,0.0,0,0,100,144.00000000000003,144.00000000000003,0.0,0.0,0.0,True,True,True,False,0.0,1023.162233781529,0.0,0.0,0.0,0.0,1023.162233781529
2026-02-06T07:00:00Z,2026-02-06T07:15:00Z,2026-02-06,2026-02-06_33,0.0,0,0,100,144.00000000000003,144.00000000000003,0.0,0.0,0.0,True,True,True,False,0.0,1023.162233781529,0.0,0.0,0.0,0.0,1023.162233781529
2026-02-06T07:15:00Z,2026-02-06T07:30:00Z,2026-02-06,2026-02-06_34,0.0,0,0,100,144.00000000000003,144.00000000000003,0.0,0.0,0.0,True,True,True,False,0.0,1023.162233781529,0.0,0.0,0.0,0.0,1023.162233781529
2026-02-06T07:30:00Z,2026-02-06T07:45:00Z,2026-02-06,2026-02-06_35,0.0,0,0,100,144.00000000000003,144.00000000000003,0.0,0.0,0.0,True,True,True,False,0.0,1023.162233781529,0.0,0.0,0.0,0.0,1023.162233781529
2026-02-06T07:45:00Z,2026-02-06T08:00:00Z,2026-02-06,2026-02-06_36,0.0,0,0,100,144.00000000000003,144.00000000000003,0.0,0.0,0.0,True,True,True,False,0.0,1023.162233781529,0.0,0.0,0.0,0.0,1023.162233781529
2026-02-06T08:00:00Z,2026-02-06T08:15:00Z,2026-02-06,2026-02-06_37,0.0,0,0,100,144.00000000000003,144.00000000000003,0.0,0.0,0.0,True,True,True,False,0.0,1023.162233781529,0.0,0.0,0.0,0.0,1023.162233781529
2026-02-06T08:15:00Z,2026-02-06T08:30:00Z,2026-02-06,2026-02-06_38,0.0,0,0,100,144.00000000000003,144.00000000000003,0.0,0.0,0.0,True,True,True,False,0.0,1023.162233781529,0.0,0.0,0.0,0.0,1023.162233781529
2026-02-06T08:30:00Z,2026-02-06T08:45:00Z,2026-02-06,2026-02-06_39,0.0,0,0,100,144.00000000000003,144.00000000000003,0.0,0.0,0.0,True,True,True,False,0.0,1023.162233781529,0.0,0.0,0.0,0.0,1023.162233781529
2026-02-06T08:45:00Z,2026-02-06T09:00:00Z,2026-02-06,2026-02-06_40,0.0,0,0,100,144.00000000000003,144.00000000000003,0.0,0.0,0.0,True,True,True,False,0.0,1023.162233781529,0.0,0.0,0.0,0.0,1023.162233781529
2026-02-06T09:00:00Z,2026-02-06T09:15:00Z,2026-02-06,2026-02-06_41,-34.0,100,66,0,144.00000000000003,136.61933143850933,0.03837888822636301,14.773714285714284,0.020742857142857143,True,True,True,False,-1310.615,0.0,98.10580037295122,32.8218667190107,9101.324283723343,-2.035808925592025,7919.601141889712
2026-02-06T09:15:00Z,2026-02-06T09:30:00Z,2026-02-06,2026-02-06_42,-34.0,100,66,0,136.61933143850933,133.00244191801247,0.03419904739820566,11.101714285714285,0.0,True,True,True,False,-1279.505,0.0,98.10580037295122,32.8218667190107,2412.895330594619,0.0,1264.3179976865806
2026-02-06T09:30:00Z,2026-02-06T09:45:00Z,2026-02-06,2026-02-06_43,-34.0,100,66,0,133.00244191801247,135.65462064099384,0.028100910531400965,5.202285714285714,0.20818285714285717,True,True,True,False,-1243.635,0.0,98.10580037295122,32.8218667190107,1281.1367634003057,-27.983135040309584,140.446295451958
2026-02-06T09:45:00Z,2026-02-06T10:00:00Z,2026-02-06,2026-02-06_44,-0.11286922993782302,100,66,0,135.65462064099384,136.63726708074537,0.0028812309231843803,0.02514285714285714,1.0695771428571428,True,True,True,False,-4.055109258591137,0.0,98.10580037295122,32.8218667190107,3.4547060555501026,-131.75985301796055,-1.432589129039664
2026-02-06T10:00:00Z,2026-02-06T10:15:00Z,2026-02-06,2026-02-06_45,0.0,0,0,100,136.63726708074537,136.63726708074537,0.0,0.0,0.0,True,True,True,False,0.0,1023.162233781529,0.0,0.0,0.0,0.0,1023.162233781529
2026-02-06T10:15:00Z,2026-02-06T10:30:00Z,2026-02-06,2026-02-06_46,0.0,0,0,100,136.63726708074537,136.63726708074537,0.0,0.0,0.0,True,True,True,False,0.0,1023.162233781529,0.0,0.0,0.0,0.0,1023.162233781529
2026-02-06T10:30:00Z,2026-02-06T10:45:00Z,2026-02-06,2026-02-06_47,0.0,0,0,100,136.63726708074537,136.63726708074537,0.0,0.0,0.0,True,True,True,False,0.0,1023.162233781529,0.0,0.0,0.0,0.0,1023.162233781529
2026-02-06T10:45:00Z,2026-02-06T11:00:00Z,2026-02-06,2026-02-06_48,0.0,0,0,100,136.63726708074537,136.63726708074537,0.0,0.0,0.0,True,True,True,False,0.0,1023.162233781529,0.0,0.0,0.0,0.0,1023.162233781529
2026-02-06T11:00:00Z,2026-02-06T11:15:00Z,2026-02-06,2026-02-06_49,0.0,0,0,100,136.63726708074537,136.63726708074537,0.0,0.0,0.0,True,True,True,False,0.0,1023.162233781529,0.0,0.0,0.0,0.0,1023.162233781529
2026-02-06T11:15:00Z,2026-02-06T11:30:00Z,2026-02-06,2026-02-06_50,0.0,0,0,100,136.63726708074537,136.63726708074537,0.0,0.0,0.0,True,True,True,False,0.0,1023.162233781529,0.0,0.0,0.0,0.0,1023.162233781529
2026-02-06T11:30:00Z,2026-02-06T11:45:00Z,2026-02-06,2026-02-06_51,0.0,0,0,100,136.63726708074537,136.63726708074537,0.0,0.0,0.0,True,True,True,False,0.0,1023.162233781529,0.0,0.0,0.0,0.0,1023.162233781529
2026-02-06T11:45:00Z,2026-02-06T12:00:00Z,2026-02-06,2026-02-06_52,0.0,0,0,100,136.63726708074537,136.63726708074537,0.0,0.0,0.0,True,True,True,False,0.0,1023.162233781529,0.0,0.0,0.0,0.0,1023.162233781529
2026-02-06T12:00:00Z,2026-02-06T12:15:00Z,2026-02-06,2026-02-06_53,0.0,0,0,100,136.63726708074537,136.63726708074537,0.0,0.0,0.0,True,True,True,False,0.0,1023.162233781529,0.0,0.0,0.0,0.0,1023.162233781529
2026-02-06T12:15:00Z,2026-02-06T12:30:00Z,2026-02-06,2026-02-06_54,0.0,0,0,100,136.63726708074537,136.63726708074537,0.0,0.0,0.0,True,True,True,False,0.0,1023.162233781529,0.0,0.0,0.0,0.0,1023.162233781529
2026-02-06T12:30:00Z,2026-02-06T12:45:00Z,2026-02-06,2026-02-06_55,0.0,0,0,100,136.63726708074537,136.63726708074537,0.0,0.0,0.0,True,True,True,False,0.0,1023.162233781529,0.0,0.0,0.0,0.0,1023.162233781529
2026-02-06T12:45:00Z,2026-02-06T13:00:00Z,2026-02-06,2026-02-06_56,0.0,0,0,100,136.63726708074537,136.63726708074537,0.0,0.0,0.0,True,True,True,False,0.0,1023.162233781529,0.0,0.0,0.0,0.0,1023.162233781529
2026-02-06T13:00:00Z,2026-02-06T13:15:00Z,2026-02-06,2026-02-06_57,0.0,0,0,100,136.63726708074537,136.63726708074537,0.0,0.0,0.0,True,True,True,False,0.0,1023.162233781529,0.0,0.0,0.0,0.0,1023.162233781529
2026-02-06T13:15:00Z,2026-02-06T13:30:00Z,2026-02-06,2026-02-06_58,0.0,0,0,100,136.63726708074537,136.63726708074537,0.0,0.0,0.0,True,True,True,False,0.0,1023.162233781529,0.0,0.0,0.0,0.0,1023.162233781529
2026-02-06T13:30:00Z,2026-02-06T13:45:00Z,2026-02-06,2026-02-06_59,0.0,0,0,100,136.63726708074537,136.63726708074537,0.0,0.0,0.0,True,True,True,False,0.0,1023.162233781529,0.0,0.0,0.0,0.0,1023.162233781529
2026-02-06T13:45:00Z,2026-02-06T14:00:00Z,2026-02-06,2026-02-06_60,0.0,0,0,100,136.63726708074537,136.63726708074537,0.0,0.0,0.0,True,True,True,False,0.0,1023.162233781529,0.0,0.0,0.0,0.0,1023.162233781529
2026-02-06T14:00:00Z,2026-02-06T14:15:00Z,2026-02-06,2026-02-06_61,0.0,0,0,100,136.63726708074537,136.63726708074537,0.0,0.0,0.0,True,True,True,False,0.0,1023.162233781529,0.0,0.0,0.0,0.0,1023.162233781529
2026-02-06T14:15:00Z,2026-02-06T14:30:00Z,2026-02-06,2026-02-06_62,0.0,0,0,100,136.63726708074537,136.63726708074537,0.0,0.0,0.0,True,True,True,False,0.0,1023.162233781529,0.0,0.0,0.0,0.0,1023.162233781529
2026-02-06T14:30:00Z,2026-02-06T14:45:00Z,2026-02-06,2026-02-06_63,0.0,0,0,100,136.63726708074537,136.63726708074537,0.0,0.0,0.0,True,True,True,False,0.0,1023.162233781529,0.0,0.0,0.0,0.0,1023.162233781529
2026-02-06T14:45:00Z,2026-02-06T15:00:00Z,2026-02-06,2026-02-06_64,0.0,0,0,100,136.63726708074537,136.63726708074537,0.0,0.0,0.0,True,True,True,False,0.0,1023.162233781529,0.0,0.0,0.0,0.0,1023.162233781529
2026-02-06T15:00:00Z,2026-02-06T15:15:00Z,2026-02-06,2026-02-06_65,0.0,100,100,0,136.63726708074537,127.07329192546587,0.026566597653554173,8.798857142857143,0.0,True,True,True,False,0.0,0.0,94.95534399842968,50.878398272646976,3563.4326515710222,0.0,3709.2663938420988
2026-02-06T15:15:00Z,2026-02-06T15:30:00Z,2026-02-06,2026-02-06_66,0.0,100,100,0,127.07329192546587,125.30434782608698,0.004913733609385782,1.6274285714285712,0.0,True,True,True,False,0.0,0.0,94.95534399842968,50.878398272646976,283.53258948726216,0.0,429.3663317583388
2026-02-06T15:30:00Z,2026-02-06T15:45:00Z,2026-02-06,2026-02-06_67,0.0,100,100,0,125.30434782608698,114.54285714285717,0.029893029675638373,9.90057142857143,0.0,True,True,True,False,0.0,0.0,94.95534399842968,50.878398272646976,2401.6945900761325,0.0,2547.528332347209
2026-02-06T15:45:00Z,2026-02-06T16:00:00Z,2026-02-06,2026-02-06_68,0.0,100,100,0,114.54285714285717,106.95900621118015,0.02106625258799172,6.977142857142858,0.0,True,True,True,False,0.0,0.0,94.95534399842968,50.878398272646976,2595.280754875707,0.0,2741.1144971467834
2026-02-06T16:00:00Z,2026-02-06T16:15:00Z,2026-02-06,2026-02-06_69,0.0,100,100,0,106.95900621118015,95.432298136646,0.03201863354037267,10.604571428571429,0.0,True,True,True,False,0.0,0.0,98.84188831092355,49.700657571891256,3001.9128130897466,0.0,3150.4553589725615
2026-02-06T16:15:00Z,2026-02-06T16:30:00Z,2026-02-06,2026-02-06_70,0.0,100,100,0,95.432298136646,81.1875776397516,0.03956866804692891,13.105142857142857,0.0,True,True,True,False,0.0,0.0,98.84188831092355,49.700657571891256,3722.4753774238325,0.0,3871.0179233066474
2026-02-06T16:30:00Z,2026-02-06T16:45:00Z,2026-02-06,2026-02-06_71,0.0,100,100,0,81.1875776397516,69.95093167701867,0.031212905452035884,10.337714285714286,0.0,True,True,True,False,0.0,0.0,98.84188831092355,49.700657571891256,2644.7523657726124,0.0,2793.2949116554273
2026-02-06T16:45:00Z,2026-02-06T17:00:00Z,2026-02-06,2026-02-06_72,0.0,100,100,0,69.95093167701867,64.34782608695656,0.015564182194616976,5.154857142857143,0.0,True,True,True,False,0.0,0.0,98.84188831092355,49.700657571891256,986.3064557576097,0.0,1134.8490016404244
2026-02-06T17:00:00Z,2026-02-06T17:15:00Z,2026-02-06,2026-02-06_73,0.0,0,0,100,64.34782608695656,64.34782608695656,0.0,0.0,0.0,True,True,True,False,0.0,1023.162233781529,0.0,0.0,0.0,0.0,1023.162233781529
2026-02-06T17:15:00Z,2026-02-06T17:30:00Z,2026-02-06,2026-02-06_74,0.0,0,0,100,64.34782608695656,64.34782608695656,0.0,0.0,0.0,True,True,True,False,0.0,1023.162233781529,0.0,0.0,0.0,0.0,1023.162233781529
2026-02-06T17:30:00Z,2026-02-06T17:45:00Z,2026-02-06,2026-02-06_75,0.0,0,0,100,64.34782608695656,64.34782608695656,0.0,0.0,0.0,True,True,True,False,0.0,1023.162233781529,0.0,0.0,0.0,0.0,1023.162233781529
2026-02-06T17:45:00Z,2026-02-06T18:00:00Z,2026-02-06,2026-02-06_76,0.0,0,0,100,64.34782608695656,64.34782608695656,0.0,0.0,0.0,True,True,True,False,0.0,1023.162233781529,0.0,0.0,0.0,0.0,1023.162233781529
2026-02-06T18:00:00Z,2026-02-06T18:15:00Z,2026-02-06,2026-02-06_77,0.0,0,0,100,64.34782608695656,64.34782608695656,0.0,0.0,0.0,True,True,True,False,0.0,1023.162233781529,0.0,0.0,0.0,0.0,1023.162233781529
2026-02-06T18:15:00Z,2026-02-06T18:30:00Z,2026-02-06,2026-02-06_78,0.0,0,0,100,64.34782608695656,64.34782608695656,0.0,0.0,0.0,True,True,True,False,0.0,1023.162233781529,0.0,0.0,0.0,0.0,1023.162233781529
2026-02-06T18:30:00Z,2026-02-06T18:45:00Z,2026-02-06,2026-02-06_79,0.0,0,0,100,64.34782608695656,64.34782608695656,0.0,0.0,0.0,True,True,True,False,0.0,1023.162233781529,0.0,0.0,0.0,0.0,1023.162233781529
2026-02-06T18:45:00Z,2026-02-06T19:00:00Z,2026-02-06,2026-02-06_80,0.0,0,0,100,64.34782608695656,64.34782608695656,0.0,0.0,0.0,True,True,True,False,0.0,1023.162233781529,0.0,0.0,0.0,0.0,1023.162233781529
2026-02-06T19:00:00Z,2026-02-06T19:15:00Z,2026-02-06,2026-02-06_81,0.0,0,0,100,64.34782608695656,64.34782608695656,0.0,0.0,0.0,True,True,True,False,0.0,1023.162233781529,0.0,0.0,0.0,0.0,1023.162233781529
2026-02-06T19:15:00Z,2026-02-06T19:30:00Z,2026-02-06,2026-02-06_82,0.0,0,0,100,64.34782608695656,64.34782608695656,0.0,0.0,0.0,True,True,True,False,0.0,1023.162233781529,0.0,0.0,0.0,0.0,1023.162233781529
2026-02-06T19:30:00Z,2026-02-06T19:45:00Z,2026-02-06,2026-02-06_83,0.0,0,0,100,64.34782608695656,64.34782608695656,0.0,0.0,0.0,True,True,True,False,0.0,1023.162233781529,0.0,0.0,0.0,0.0,1023.162233781529
2026-02-06T19:45:00Z,2026-02-06T20:00:00Z,2026-02-06,2026-02-06_84,0.0,0,0,100,64.34782608695656,64.34782608695656,0.0,0.0,0.0,True,True,True,False,0.0,1023.162233781529,0.0,0.0,0.0,0.0,1023.162233781529
2026-02-06T20:00:00Z,2026-02-06T20:15:00Z,2026-02-06,2026-02-06_85,0.0,0,0,100,64.34782608695656,64.34782608695656,0.0,0.0,0.0,True,True,True,False,0.0,1023.162233781529,0.0,0.0,0.0,0.0,1023.162233781529
2026-02-06T20:15:00Z,2026-02-06T20:30:00Z,2026-02-06,2026-02-06_86,0.0,0,0,100,64.34782608695656,64.34782608695656,0.0,0.0,0.0,True,True,True,False,0.0,1023.162233781529,0.0,0.0,0.0,0.0,1023.162233781529
2026-02-06T20:30:00Z,2026-02-06T20:45:00Z,2026-02-06,2026-02-06_87,0.0,0,0,100,64.34782608695656,64.34782608695656,0.0,0.0,0.0,True,True,True,False,0.0,1023.162233781529,0.0,0.0,0.0,0.0,1023.162233781529
2026-02-06T20:45:00Z,2026-02-06T21:00:00Z,2026-02-06,2026-02-06_88,0.0,0,0,100,64.34782608695656,64.34782608695656,0.0,0.0,0.0,True,True,True,False,0.0,1023.162233781529,0.0,0.0,0.0,0.0,1023.162233781529
2026-02-06T21:00:00Z,2026-02-06T21:15:00Z,2026-02-06,2026-02-06_89,0.0,0,0,100,64.34782608695656,64.34782608695656,0.0,0.0,0.0,True,True,True,False,0.0,1023.162233781529,0.0,0.0,0.0,0.0,1023.162233781529
2026-02-06T21:15:00Z,2026-02-06T21:30:00Z,2026-02-06,2026-02-06_90,0.0,0,0,100,64.34782608695656,64.34782608695656,0.0,0.0,0.0,True,True,True,False,0.0,1023.162233781529,0.0,0.0,0.0,0.0,1023.162233781529
2026-02-06T21:30:00Z,2026-02-06T21:45:00Z,2026-02-06,2026-02-06_91,0.0,0,0,100,64.34782608695656,64.34782608695656,0.0,0.0,0.0,True,True,True,False,0.0,1023.162233781529,0.0,0.0,0.0,0.0,1023.162233781529
2026-02-06T21:45:00Z,2026-02-06T22:00:00Z,2026-02-06,2026-02-06_92,0.0,0,0,100,64.34782608695656,64.34782608695656,0.0,0.0,0.0,True,True,True,False,0.0,1023.162233781529,0.0,0.0,0.0,0.0,1023.162233781529
2026-02-06T22:00:00Z,2026-02-06T22:15:00Z,2026-02-07,2026-02-06_93,0.0,0,0,100,64.34782608695656,64.34782608695656,0.0,0.0,0.0,True,True,True,False,0.0,1023.6042652632406,0.0,0.0,0.0,0.0,1023.6042652632406
2026-02-06T22:15:00Z,2026-02-06T22:30:00Z,2026-02-07,2026-02-06_94,0.0,0,0,100,64.34782608695656,64.34782608695656,0.0,0.0,0.0,True,True,True,False,0.0,1023.6042652632406,0.0,0.0,0.0,0.0,1023.6042652632406
2026-02-06T22:30:00Z,2026-02-06T22:45:00Z,2026-02-07,2026-02-06_95,0.0,0,0,100,64.34782608695656,64.34782608695656,0.0,0.0,0.0,True,True,True,False,0.0,1023.6042652632406,0.0,0.0,0.0,0.0,1023.6042652632406
2026-02-06T22:45:00Z,2026-02-06T23:00:00Z,2026-02-07,2026-02-06_96,0.0,0,0,100,64.34782608695656,64.34782608695656,0.0,0.0,0.0,True,True,True,False,0.0,1023.6042652632406,0.0,0.0,0.0,0.0,1023.6042652632406
2026-02-06T23:00:00Z,2026-02-06T23:15:00Z,2026-02-07,2026-02-07_1,0.0,0,0,100,64.34782608695656,64.34782608695656,0.0,0.0,0.0,True,True,True,False,0.0,1023.6042652632406,0.0,0.0,0.0,0.0,1023.6042652632406
2026-02-06T23:15:00Z,2026-02-06T23:30:00Z,2026-02-07,2026-02-07_2,0.0,0,0,100,64.34782608695656,64.34782608695656,0.0,0.0,0.0,True,True,True,False,0.0,1023.6042652632406,0.0,0.0,0.0,0.0,1023.6042652632406
2026-02-06T23:30:00Z,2026-02-06T23:45:00Z,2026-02-07,2026-02-07_3,0.0,0,0,100,64.34782608695656,64.34782608695656,0.0,0.0,0.0,True,True,True,False,0.0,1023.6042652632406,0.0,0.0,0.0,0.0,1023.6042652632406
2026-02-06T23:45:00Z,2026-02-07T00:00:00Z,2026-02-07,2026-02-07_4,0.0,0,0,100,64.34782608695656,64.34782608695656,0.0,0.0,0.0,True,True,True,False,0.0,1023.6042652632406,0.0,0.0,0.0,0.0,1023.6042652632406
2026-02-07T00:00:00Z,2026-02-07T00:15:00Z,2026-02-07,2026-02-07_5,0.0,0,0,100,64.34782608695656,64.34782608695656,0.0,0.0,0.0,True,True,True,False,0.0,1023.6042652632406,0.0,0.0,0.0,0.0,1023.6042652632406
2026-02-07T00:15:00Z,2026-02-07T00:30:00Z,2026-02-07,2026-02-07_6,0.0,0,0,100,64.34782608695656,64.34782608695656,0.0,0.0,0.0,True,True,True,False,0.0,1023.6042652632406,0.0,0.0,0.0,0.0,1023.6042652632406
2026-02-07T00:30:00Z,2026-02-07T00:45:00Z,2026-02-07,2026-02-07_7,0.0,0,0,100,64.34782608695656,64.34782608695656,0.0,0.0,0.0,True,True,True,False,0.0,1023.6042652632406,0.0,0.0,0.0,0.0,1023.6042652632406
2026-02-07T00:45:00Z,2026-02-07T01:00:00Z,2026-02-07,2026-02-07_8,0.0,0,0,100,64.34782608695656,64.34782608695656,0.0,0.0,0.0,True,True,True,False,0.0,1023.6042652632406,0.0,0.0,0.0,0.0,1023.6042652632406
2026-02-07T01:00:00Z,2026-02-07T01:15:00Z,2026-02-07,2026-02-07_9,0.0,0,0,100,64.34782608695656,64.34782608695656,0.0,0.0,0.0,True,True,True,False,0.0,1023.6042652632406,0.0,0.0,0.0,0.0,1023.6042652632406
2026-02-07T01:15:00Z,2026-02-07T01:30:00Z,2026-02-07,2026-02-07_10,0.0,0,0,100,64.34782608695656,64.34782608695656,0.0,0.0,0.0,True,True,True,False,0.0,1023.6042652632406,0.0,0.0,0.0,0.0,1023.6042652632406
2026-02-07T01:30:00Z,2026-02-07T01:45:00Z,2026-02-07,2026-02-07_11,0.0,0,0,100,64.34782608695656,64.34782608695656,0.0,0.0,0.0,True,True,True,False,0.0,1023.6042652632406,0.0,0.0,0.0,0.0,1023.6042652632406
2026-02-07T01:45:00Z,2026-02-07T02:00:00Z,2026-02-07,2026-02-07_12,0.0,0,0,100,64.34782608695656,64.34782608695656,0.0,0.0,0.0,True,True,True,False,0.0,1023.6042652632406,0.0,0.0,0.0,0.0,1023.6042652632406
2026-02-07T02:00:00Z,2026-02-07T02:15:00Z,2026-02-07,2026-02-07_13,0.0,0,0,100,64.34782608695656,64.34782608695656,0.0,0.0,0.0,True,True,True,False,0.0,1023.6042652632406,0.0,0.0,0.0,0.0,1023.6042652632406
2026-02-07T02:15:00Z,2026-02-07T02:30:00Z,2026-02-07,2026-02-07_14,0.0,0,0,100,64.34782608695656,64.34782608695656,0.0,0.0,0.0,True,True,True,False,0.0,1023.6042652632406,0.0,0.0,0.0,0.0,1023.6042652632406
2026-02-07T02:30:00Z,2026-02-07T02:45:00Z,2026-02-07,2026-02-07_15,0.0,0,0,100,64.34782608695656,64.34782608695656,0.0,0.0,0.0,True,True,True,False,0.0,1023.6042652632406,0.0,0.0,0.0,0.0,1023.6042652632406
2026-02-07T02:45:00Z,2026-02-07T03:00:00Z,2026-02-07,2026-02-07_16,0.0,0,0,100,64.34782608695656,64.34782608695656,0.0,0.0,0.0,True,True,True,False,0.0,1023.6042652632406,0.0,0.0,0.0,0.0,1023.6042652632406
2026-02-07T03:00:00Z,2026-02-07T03:15:00Z,2026-02-07,2026-02-07_17,0.0,0,0,100,64.34782608695656,64.34782608695656,0.0,0.0,0.0,True,True,True,False,0.0,1023.6042652632406,0.0,0.0,0.0,0.0,1023.6042652632406
2026-02-07T03:15:00Z,2026-02-07T03:30:00Z,2026-02-07,2026-02-07_18,0.0,0,0,100,64.34782608695656,64.34782608695656,0.0,0.0,0.0,True,True,True,False,0.0,1023.6042652632406,0.0,0.0,0.0,0.0,1023.6042652632406
2026-02-07T03:30:00Z,2026-02-07T03:45:00Z,2026-02-07,2026-02-07_19,0.0,0,0,100,64.34782608695656,64.34782608695656,0.0,0.0,0.0,True,True,True,False,0.0,1023.6042652632406,0.0,0.0,0.0,0.0,1023.6042652632406
2026-02-07T03:45:00Z,2026-02-07T04:00:00Z,2026-02-07,2026-02-07_20,0.0,0,0,100,64.34782608695656,64.34782608695656,0.0,0.0,0.0,True,True,True,False,0.0,1023.6042652632406,0.0,0.0,0.0,0.0,1023.6042652632406
2026-02-07T04:00:00Z,2026-02-07T04:15:00Z,2026-02-07,2026-02-07_21,0.0,0,0,100,64.34782608695656,64.34782608695656,0.0,0.0,0.0,True,True,True,False,0.0,1023.6042652632406,0.0,0.0,0.0,0.0,1023.6042652632406
2026-02-07T04:15:00Z,2026-02-07T04:30:00Z,2026-02-07,2026-02-07_22,0.0,0,0,100,64.34782608695656,64.34782608695656,0.0,0.0,0.0,True,True,True,False,0.0,1023.6042652632406,0.0,0.0,0.0,0.0,1023.6042652632406
2026-02-07T04:30:00Z,2026-02-07T04:45:00Z,2026-02-07,2026-02-07_23,0.0,0,0,100,64.34782608695656,64.34782608695656,0.0,0.0,0.0,True,True,True,False,0.0,1023.6042652632406,0.0,0.0,0.0,0.0,1023.6042652632406
2026-02-07T04:45:00Z,2026-02-07T05:00:00Z,2026-02-07,2026-02-07_24,0.0,0,0,100,64.34782608695656,64.34782608695656,0.0,0.0,0.0,True,True,True,False,0.0,1023.6042652632406,0.0,0.0,0.0,0.0,1023.6042652632406
2026-02-07T05:00:00Z,2026-02-07T05:15:00Z,2026-02-07,2026-02-07_25,0.0,0,0,100,64.34782608695656,64.34782608695656,0.0,0.0,0.0,True,True,True,False,0.0,1023.6042652632406,0.0,0.0,0.0,0.0,1023.6042652632406
2026-02-07T05:15:00Z,2026-02-07T05:30:00Z,2026-02-07,2026-02-07_26,0.0,0,0,100,64.34782608695656,64.34782608695656,0.0,0.0,0.0,True,True,True,False,0.0,1023.6042652632406,0.0,0.0,0.0,0.0,1023.6042652632406
2026-02-07T05:30:00Z,2026-02-07T05:45:00Z,2026-02-07,2026-02-07_27,0.0,0,0,100,64.34782608695656,64.34782608695656,0.0,0.0,0.0,True,True,True,False,0.0,1023.6042652632406,0.0,0.0,0.0,0.0,1023.6042652632406
2026-02-07T05:45:00Z,2026-02-07T06:00:00Z,2026-02-07,2026-02-07_28,0.0,0,0,100,64.34782608695656,64.34782608695656,0.0,0.0,0.0,True,True,True,False,0.0,1023.6042652632406,0.0,0.0,0.0,0.0,1023.6042652632406
2026-02-07T06:00:00Z,2026-02-07T06:15:00Z,2026-02-07,2026-02-07_29,0.0,0,0,100,64.34782608695656,64.34782608695656,0.0,0.0,0.0,True,True,True,False,0.0,1023.6042652632406,0.0,0.0,0.0,0.0,1023.6042652632406
2026-02-07T06:15:00Z,2026-02-07T06:30:00Z,2026-02-07,2026-02-07_30,0.0,0,0,100,64.34782608695656,64.34782608695656,0.0,0.0,0.0,True,True,True,False,0.0,1023.6042652632406,0.0,0.0,0.0,0.0,1023.6042652632406
2026-02-07T06:30:00Z,2026-02-07T06:45:00Z,2026-02-07,2026-02-07_31,0.0,0,0,100,64.34782608695656,64.34782608695656,0.0,0.0,0.0,True,True,True,False,0.0,1023.6042652632406,0.0,0.0,0.0,0.0,1023.6042652632406
2026-02-07T06:45:00Z,2026-02-07T07:00:00Z,2026-02-07,2026-02-07_32,0.0,0,0,100,64.34782608695656,64.34782608695656,0.0,0.0,0.0,True,True,True,False,0.0,1023.6042652632406,0.0,0.0,0.0,0.0,1023.6042652632406
2026-02-07T07:00:00Z,2026-02-07T07:15:00Z,2026-02-07,2026-02-07_33,0.0,0,0,100,64.34782608695656,64.34782608695656,0.0,0.0,0.0,True,True,True,False,0.0,1023.6042652632406,0.0,0.0,0.0,0.0,1023.6042652632406
2026-02-07T07:15:00Z,2026-02-07T07:30:00Z,2026-02-07,2026-02-07_34,0.0,0,0,100,64.34782608695656,64.34782608695656,0.0,0.0,0.0,True,True,True,False,0.0,1023.6042652632406,0.0,0.0,0.0,0.0,1023.6042652632406
2026-02-07T07:30:00Z,2026-02-07T07:45:00Z,2026-02-07,2026-02-07_35,0.0,0,0,100,64.34782608695656,64.34782608695656,0.0,0.0,0.0,True,True,True,False,0.0,1023.6042652632406,0.0,0.0,0.0,0.0,1023.6042652632406
2026-02-07T07:45:00Z,2026-02-07T08:00:00Z,2026-02-07,2026-02-07_36,0.0,0,0,100,64.34782608695656,64.34782608695656,0.0,0.0,0.0,True,True,True,False,0.0,1023.6042652632406,0.0,0.0,0.0,0.0,1023.6042652632406
2026-02-07T08:00:00Z,2026-02-07T08:15:00Z,2026-02-07,2026-02-07_37,0.0,0,0,100,64.34782608695656,64.34782608695656,0.0,0.0,0.0,True,True,True,False,0.0,1023.6042652632406,0.0,0.0,0.0,0.0,1023.6042652632406
2026-02-07T08:15:00Z,2026-02-07T08:30:00Z,2026-02-07,2026-02-07_38,0.0,0,0,100,64.34782608695656,64.34782608695656,0.0,0.0,0.0,True,True,True,False,0.0,1023.6042652632406,0.0,0.0,0.0,0.0,1023.6042652632406
2026-02-07T08:30:00Z,2026-02-07T08:45:00Z,2026-02-07,2026-02-07_39,0.0,0,0,100,64.34782608695656,64.34782608695656,0.0,0.0,0.0,True,True,True,False,0.0,1023.6042652632406,0.0,0.0,0.0,0.0,1023.6042652632406
2026-02-07T08:45:00Z,2026-02-07T09:00:00Z,2026-02-07,2026-02-07_40,0.0,0,0,100,64.34782608695656,64.34782608695656,0.0,0.0,0.0,True,True,True,False,0.0,1023.6042652632406,0.0,0.0,0.0,0.0,1023.6042652632406
2026-02-07T09:00:00Z,2026-02-07T09:15:00Z,2026-02-07,2026-02-07_41,0.0,0,0,100,64.34782608695656,64.34782608695656,0.0,0.0,0.0,True,True,True,False,0.0,1023.6042652632406,0.0,0.0,0.0,0.0,1023.6042652632406
2026-02-07T09:15:00Z,2026-02-07T09:30:00Z,2026-02-07,2026-02-07_42,0.0,0,0,100,64.34782608695656,64.34782608695656,0.0,0.0,0.0,True,True,True,False,0.0,1023.6042652632406,0.0,0.0,0.0,0.0,1023.6042652632406
2026-02-07T09:30:00Z,2026-02-07T09:45:00Z,2026-02-07,2026-02-07_43,0.0,0,0,100,64.34782608695656,64.34782608695656,0.0,0.0,0.0,True,True,True,False,0.0,1023.6042652632406,0.0,0.0,0.0,0.0,1023.6042652632406
2026-02-07T09:45:00Z,2026-02-07T10:00:00Z,2026-02-07,2026-02-07_44,0.0,0,0,100,64.34782608695656,64.34782608695656,0.0,0.0,0.0,True,True,True,False,0.0,1023.6042652632406,0.0,0.0,0.0,0.0,1023.6042652632406
2026-02-07T10:00:00Z,2026-02-07T10:15:00Z,2026-02-07,2026-02-07_45,0.0,0,0,100,64.34782608695656,64.34782608695656,0.0,0.0,0.0,True,True,True,False,0.0,1023.6042652632406,0.0,0.0,0.0,0.0,1023.6042652632406
2026-02-07T10:15:00Z,2026-02-07T10:30:00Z,2026-02-07,2026-02-07_46,0.0,0,0,100,64.34782608695656,64.34782608695656,0.0,0.0,0.0,True,True,True,False,0.0,1023.6042652632406,0.0,0.0,0.0,0.0,1023.6042652632406
2026-02-07T10:30:00Z,2026-02-07T10:45:00Z,2026-02-07,2026-02-07_47,0.0,0,0,100,64.34782608695656,64.34782608695656,0.0,0.0,0.0,True,True,True,False,0.0,1023.6042652632406,0.0,0.0,0.0,0.0,1023.6042652632406
2026-02-07T10:45:00Z,2026-02-07T11:00:00Z,2026-02-07,2026-02-07_48,0.0,0,0,100,64.34782608695656,64.34782608695656,0.0,0.0,0.0,True,True,True,False,0.0,1023.6042652632406,0.0,0.0,0.0,0.0,1023.6042652632406
2026-02-07T11:00:00Z,2026-02-07T11:15:00Z,2026-02-07,2026-02-07_49,0.0,100,0,0,64.34782608695656,63.43291925465842,0.002541407867494824,0.8417142857142857,0.0,True,True,True,False,0.0,0.0,98.53111560591483,0.0,142.36612914175745,0.0,240.8972447476723
2026-02-07T11:15:00Z,2026-02-07T11:30:00Z,2026-02-07,2026-02-07_50,-15.476874476963502,100,0,0,63.43291925465842,56.16981465838512,0.03188313828366727,10.199428571428571,0.0,True,True,True,False,-419.69414362905775,0.0,98.53111560591483,0.0,2519.979705157086,0.0,2198.816677133943
2026-02-07T11:30:00Z,2026-02-07T11:45:00Z,2026-02-07,2026-02-07_51,-100.0,100,0,0,56.16981465838512,62.530431801242266,0.017668380952380956,18.08628571428571,0.0,True,True,True,False,-1919.5,0.0,98.53111560591483,0.0,6746.774507617944,0.0,4925.80562322386
2026-02-07T11:45:00Z,2026-02-07T12:00:00Z,2026-02-07,2026-02-07_52,-100.0,100,0,0,62.530431801242266,64.34782608695656,0.005048317460317463,23.024571428571427,0.0,True,True,True,False,-1789.75,0.0,98.53111560591483,0.0,16204.047979891207,0.0,14512.829095497122
2026-02-07T12:00:00Z,2026-02-07T12:15:00Z,2026-02-07,2026-02-07_53,0.0,0,0,100,64.34782608695656,64.34782608695656,0.0,0.0,0.0,True,True,True,False,0.0,1023.6042652632406,0.0,0.0,0.0,0.0,1023.6042652632406
2026-02-07T12:15:00Z,2026-02-07T12:30:00Z,2026-02-07,2026-02-07_54,0.0,0,0,100,64.34782608695656,64.34782608695656,0.0,0.0,0.0,True,True,True,False,0.0,1023.6042652632406,0.0,0.0,0.0,0.0,1023.6042652632406
2026-02-07T12:30:00Z,2026-02-07T12:45:00Z,2026-02-07,2026-02-07_55,0.0,0,0,100,64.34782608695656,64.34782608695656,0.0,0.0,0.0,True,True,True,False,0.0,1023.6042652632406,0.0,0.0,0.0,0.0,1023.6042652632406
2026-02-07T12:45:00Z,2026-02-07T13:00:00Z,2026-02-07,2026-02-07_56,0.0,0,0,100,64.34782608695656,64.34782608695656,0.0,0.0,0.0,True,True,True,False,0.0,1023.6042652632406,0.0,0.0,0.0,0.0,1023.6042652632406
2026-02-07T13:00:00Z,2026-02-07T13:15:00Z,2026-02-07,2026-02-07_57,-62.0,100,38,0,64.34782608695656,76.02349682484476,0.038784109537612146,2.7680000000000002,0.14982857142857142,True,True,True,False,-1461.4950000000001,0.0,98.5016593680655,19.420497614044738,521.7209543821064,-11.311008228109104,-833.1628968638926
2026-02-07T13:15:00Z,2026-02-07T13:30:00Z,2026-02-07,2026-02-07_58,0.0,100,38,0,76.02349682484476,75.11398735900625,0.0025874564527260174,0.8468571428571428,0.011942857142857142,True,True,True,False,0.0,0.0,98.5016593680655,19.420497614044738,140.58197760764853,-1.1726388020007799,257.331495787758
2026-02-07T13:30:00Z,2026-02-07T13:45:00Z,2026-02-07,2026-02-07_59,0.0,100,38,0,75.11398735900625,74.41647183105593,0.001937543133195307,0.6417142857142857,0.0,True,True,True,False,0.0,0.0,98.5016593680655,19.420497614044738,104.05630966641512,0.0,221.97846664852537
2026-02-07T13:45:00Z,2026-02-07T14:00:00Z,2026-02-07,2026-02-07_60,0.0,100,38,0,74.41647183105593,64.4462854956522,0.027694962042788127,9.172571428571429,0.0,True,True,True,False,0.0,0.0,98.5016593680655,19.420497614044738,4737.139686866165,0.0,4855.061843848275
2026-02-07T14:00:00Z,2026-02-07T14:15:00Z,2026-02-07,2026-02-07_61,0.0,0,0,100,64.4462854956522,64.4462854956522,0.0,0.0,0.0,True,True,True,False,0.0,1023.6042652632406,0.0,0.0,0.0,0.0,1023.6042652632406
2026-02-07T14:15:00Z,2026-02-07T14:30:00Z,2026-02-07,2026-02-07_62,0.0,0,0,100,64.4462854956522,64.4462854956522,0.0,0.0,0.0,True,True,True,False,0.0,1023.6042652632406,0.0,0.0,0.0,0.0,1023.6042652632406
2026-02-07T14:30:00Z,2026-02-07T14:45:00Z,2026-02-07,2026-02-07_63,0.0,0,0,100,64.4462854956522,64.4462854956522,0.0,0.0,0.0,True,True,True,False,0.0,1023.6042652632406,0.0,0.0,0.0,0.0,1023.6042652632406
2026-02-07T14:45:00Z,2026-02-07T15:00:00Z,2026-02-07,2026-02-07_64,0.0,0,0,100,64.4462854956522,64.4462854956522,0.0,0.0,0.0,True,True,True,False,0.0,1023.6042652632406,0.0,0.0,0.0,0.0,1023.6042652632406
2026-02-07T15:00:00Z,2026-02-07T15:15:00Z,2026-02-07,2026-02-07_65,0.0,0,0,100,64.4462854956522,64.4462854956522,0.0,0.0,0.0,True,True,True,False,0.0,1023.6042652632406,0.0,0.0,0.0,0.0,1023.6042652632406
2026-02-07T15:15:00Z,2026-02-07T15:30:00Z,2026-02-07,2026-02-07_66,0.0,0,0,100,64.4462854956522,64.4462854956522,0.0,0.0,0.0,True,True,True,False,0.0,1023.6042652632406,0.0,0.0,0.0,0.0,1023.6042652632406
2026-02-07T15:30:00Z,2026-02-07T15:45:00Z,2026-02-07,2026-02-07_67,0.0,0,0,100,64.4462854956522,64.4462854956522,0.0,0.0,0.0,True,True,True,False,0.0,1023.6042652632406,0.0,0.0,0.0,0.0,1023.6042652632406
2026-02-07T15:45:00Z,2026-02-07T16:00:00Z,2026-02-07,2026-02-07_68,0.0,0,0,100,64.4462854956522,64.4462854956522,0.0,0.0,0.0,True,True,True,False,0.0,1023.6042652632406,0.0,0.0,0.0,0.0,1023.6042652632406
2026-02-07T16:00:00Z,2026-02-07T16:15:00Z,2026-02-07,2026-02-07_69,0.0,0,0,100,64.4462854956522,64.4462854956522,0.0,0.0,0.0,True,True,True,False,0.0,1023.6042652632406,0.0,0.0,0.0,0.0,1023.6042652632406
2026-02-07T16:15:00Z,2026-02-07T16:30:00Z,2026-02-07,2026-02-07_70,0.0,0,0,100,64.4462854956522,64.4462854956522,0.0,0.0,0.0,True,True,True,False,0.0,1023.6042652632406,0.0,0.0,0.0,0.0,1023.6042652632406
2026-02-07T16:30:00Z,2026-02-07T16:45:00Z,2026-02-07,2026-02-07_71,0.0,0,0,100,64.4462854956522,64.4462854956522,0.0,0.0,0.0,True,True,True,False,0.0,1023.6042652632406,0.0,0.0,0.0,0.0,1023.6042652632406
2026-02-07T16:45:00Z,2026-02-07T17:00:00Z,2026-02-07,2026-02-07_72,0.0,0,0,100,64.4462854956522,64.4462854956522,0.0,0.0,0.0,True,True,True,False,0.0,1023.6042652632406,0.0,0.0,0.0,0.0,1023.6042652632406
2026-02-07T17:00:00Z,2026-02-07T17:15:00Z,2026-02-07,2026-02-07_73,0.0,0,0,100,64.4462854956522,64.4462854956522,0.0,0.0,0.0,True,True,True,False,0.0,1023.6042652632406,0.0,0.0,0.0,0.0,1023.6042652632406
2026-02-07T17:15:00Z,2026-02-07T17:30:00Z,2026-02-07,2026-02-07_74,0.0,0,0,100,64.4462854956522,64.4462854956522,0.0,0.0,0.0,True,True,True,False,0.0,1023.6042652632406,0.0,0.0,0.0,0.0,1023.6042652632406
2026-02-07T17:30:00Z,2026-02-07T17:45:00Z,2026-02-07,2026-02-07_75,0.0,0,0,100,64.4462854956522,64.4462854956522,0.0,0.0,0.0,True,True,True,False,0.0,1023.6042652632406,0.0,0.0,0.0,0.0,1023.6042652632406
2026-02-07T17:45:00Z,2026-02-07T18:00:00Z,2026-02-07,2026-02-07_76,0.0,0,0,100,64.4462854956522,64.4462854956522,0.0,0.0,0.0,True,True,True,False,0.0,1023.6042652632406,0.0,0.0,0.0,0.0,1023.6042652632406
2026-02-07T18:00:00Z,2026-02-07T18:15:00Z,2026-02-07,2026-02-07_77,0.0,0,0,100,64.4462854956522,64.4462854956522,0.0,0.0,0.0,True,True,True,False,0.0,1023.6042652632406,0.0,0.0,0.0,0.0,1023.6042652632406
2026-02-07T18:15:00Z,2026-02-07T18:30:00Z,2026-02-07,2026-02-07_78,0.0,0,0,100,64.4462854956522,64.4462854956522,0.0,0.0,0.0,True,True,True,False,0.0,1023.6042652632406,0.0,0.0,0.0,0.0,1023.6042652632406
2026-02-07T18:30:00Z,2026-02-07T18:45:00Z,2026-02-07,2026-02-07_79,0.0,0,0,100,64.4462854956522,64.4462854956522,0.0,0.0,0.0,True,True,True,False,0.0,1023.6042652632406,0.0,0.0,0.0,0.0,1023.6042652632406
2026-02-07T18:45:00Z,2026-02-07T19:00:00Z,2026-02-07,2026-02-07_80,0.0,0,0,100,64.4462854956522,64.4462854956522,0.0,0.0,0.0,True,True,True,False,0.0,1023.6042652632406,0.0,0.0,0.0,0.0,1023.6042652632406
2026-02-07T19:00:00Z,2026-02-07T19:15:00Z,2026-02-07,2026-02-07_81,0.0,0,0,100,64.4462854956522,64.4462854956522,0.0,0.0,0.0,True,True,True,False,0.0,1023.6042652632406,0.0,0.0,0.0,0.0,1023.6042652632406
2026-02-07T19:15:00Z,2026-02-07T19:30:00Z,2026-02-07,2026-02-07_82,0.0,0,0,100,64.4462854956522,64.4462854956522,0.0,0.0,0.0,True,True,True,False,0.0,1023.6042652632406,0.0,0.0,0.0,0.0,1023.6042652632406
2026-02-07T19:30:00Z,2026-02-07T19:45:00Z,2026-02-07,2026-02-07_83,0.0,0,0,100,64.4462854956522,64.4462854956522,0.0,0.0,0.0,True,True,True,False,0.0,1023.6042652632406,0.0,0.0,0.0,0.0,1023.6042652632406
2026-02-07T19:45:00Z,2026-02-07T20:00:00Z,2026-02-07,2026-02-07_84,0.0,0,0,100,64.4462854956522,64.4462854956522,0.0,0.0,0.0,True,True,True,False,0.0,1023.6042652632406,0.0,0.0,0.0,0.0,1023.6042652632406
2026-02-07T20:00:00Z,2026-02-07T20:15:00Z,2026-02-07,2026-02-07_85,0.0,0,0,100,64.4462854956522,64.4462854956522,0.0,0.0,0.0,True,True,True,False,0.0,1023.6042652632406,0.0,0.0,0.0,0.0,1023.6042652632406
2026-02-07T20:15:00Z,2026-02-07T20:30:00Z,2026-02-07,2026-02-07_86,0.0,0,0,100,64.4462854956522,64.4462854956522,0.0,0.0,0.0,True,True,True,False,0.0,1023.6042652632406,0.0,0.0,0.0,0.0,1023.6042652632406
2026-02-07T20:30:00Z,2026-02-07T20:45:00Z,2026-02-07,2026-02-07_87,0.0,0,0,100,64.4462854956522,64.4462854956522,0.0,0.0,0.0,True,True,True,False,0.0,1023.6042652632406,0.0,0.0,0.0,0.0,1023.6042652632406
2026-02-07T20:45:00Z,2026-02-07T21:00:00Z,2026-02-07,2026-02-07_88,0.0,0,0,100,64.4462854956522,64.4462854956522,0.0,0.0,0.0,True,True,True,False,0.0,1023.6042652632406,0.0,0.0,0.0,0.0,1023.6042652632406
2026-02-07T21:00:00Z,2026-02-07T21:15:00Z,2026-02-07,2026-02-07_89,0.0,0,0,100,64.4462854956522,64.4462854956522,0.0,0.0,0.0,True,True,True,False,0.0,1023.6042652632406,0.0,0.0,0.0,0.0,1023.6042652632406
2026-02-07T21:15:00Z,2026-02-07T21:30:00Z,2026-02-07,2026-02-07_90,0.0,0,0,100,64.4462854956522,64.4462854956522,0.0,0.0,0.0,True,True,True,False,0.0,1023.6042652632406,0.0,0.0,0.0,0.0,1023.6042652632406
2026-02-07T21:30:00Z,2026-02-07T21:45:00Z,2026-02-07,2026-02-07_91,0.0,0,0,100,64.4462854956522,64.4462854956522,0.0,0.0,0.0,True,True,True,False,0.0,1023.6042652632406,0.0,0.0,0.0,0.0,1023.6042652632406
2026-02-07T21:45:00Z,2026-02-07T22:00:00Z,2026-02-07,2026-02-07_92,0.0,0,0,100,64.4462854956522,64.4462854956522,0.0,0.0,0.0,True,True,True,False,0.0,1023.6042652632406,0.0,0.0,0.0,0.0,1023.6042652632406
2026-02-07T22:00:00Z,2026-02-07T22:15:00Z,2026-02-08,2026-02-07_93,13.00000000000003,87,100,0,64.4462854956522,67.37861167701865,0.022381651400966193,0.0,6.865142857142857,True,True,True,False,352.30000000000086,0.0,86.49087838501265,51.401135047031794,0.0,106.2848089412306,596.4768223732759
2026-02-07T22:15:00Z,2026-02-07T22:30:00Z,2026-02-08,2026-02-07_94,13.0,87,100,0,67.37861167701865,74.5130917167702,0.030551298937198067,0.0,11.327428571428571,True,True,True,False,331.5975,0.0,86.49087838501265,51.401135047031794,0.0,643.0606313734181,1112.5501448054627
2026-02-07T22:30:00Z,2026-02-07T22:45:00Z,2026-02-08,2026-02-07_95,13.0,87,100,0,74.5130917167702,83.7090971031056,0.03455922821256039,0.0,13.516571428571428,True,True,True,False,312.3575,0.0,86.49087838501265,51.401135047031794,0.0,73.75812243134592,524.0076358633904
2026-02-07T22:45:00Z,2026-02-07T23:00:00Z,2026-02-08,2026-02-07_96,0.0,87,100,0,83.7090971031056,97.52959996024846,0.03839028571428572,0.0,15.022285714285715,True,True,True,False,0.0,0.0,86.49087838501265,51.401135047031794,0.0,2.616650124417538,140.50866355646198
2026-02-07T23:00:00Z,2026-02-07T23:15:00Z,2026-02-08,2026-02-08_1,100.0,0,100,0,97.52959996024846,88.1028918857143,0.026185300207039342,0.0,16.32742857142857,True,True,True,False,2770.0,0.0,0.0,51.4895037605797,0.0,-136.4375759479999,2685.05192781258
2026-02-07T23:15:00Z,2026-02-07T23:30:00Z,2026-02-08,2026-02-08_2,100.0,0,100,0,88.1028918857143,78.061276978882,0.027893374741200832,0.0,15.761714285714284,True,True,True,False,2528.25,0.0,0.0,51.4895037605797,0.0,621.1458128659236,3200.8853166265035
2026-02-07T23:30:00Z,2026-02-07T23:45:00Z,2026-02-08,2026-02-08_3,100.0,0,100,0,78.061276978882,63.0277366062112,0.04175983436853002,0.0,11.169142857142857,True,True,True,False,2535.5,0.0,0.0,51.4895037605797,0.0,522.0235800269876,3109.013083787567
2026-02-07T23:45:00Z,2026-02-08T00:00:00Z,2026-02-08,2026-02-08_4,0.0,0,100,0,63.0277366062112,64.45610232049691,0.00396768253968254,0.0,1.5525714285714287,True,True,True,False,0.0,0.0,0.0,51.4895037605797,0.0,-89.55236146450805,-38.06285770392835
2026-02-08T00:00:00Z,2026-02-08T00:15:00Z,2026-02-08,2026-02-08_5,0.0,0,0,100,64.45610232049691,64.45610232049691,0.0,0.0,0.0,True,True,True,False,0.0,1023.6042652632406,0.0,0.0,0.0,0.0,1023.6042652632406
2026-02-08T00:15:00Z,2026-02-08T00:30:00Z,2026-02-08,2026-02-08_6,0.0,0,0,100,64.45610232049691,64.45610232049691,0.0,0.0,0.0,True,True,True,False,0.0,1023.6042652632406,0.0,0.0,0.0,0.0,1023.6042652632406
2026-02-08T00:30:00Z,2026-02-08T00:45:00Z,2026-02-08,2026-02-08_7,0.0,0,0,100,64.45610232049691,64.45610232049691,0.0,0.0,0.0,True,True,True,False,0.0,1023.6042652632406,0.0,0.0,0.0,0.0,1023.6042652632406
2026-02-08T00:45:00Z,2026-02-08T01:00:00Z,2026-02-08,2026-02-08_8,0.0,0,0,100,64.45610232049691,64.45610232049691,0.0,0.0,0.0,True,True,True,False,0.0,1023.6042652632406,0.0,0.0,0.0,0.0,1023.6042652632406
2026-02-08T01:00:00Z,2026-02-08T01:15:00Z,2026-02-08,2026-02-08_9,25.99999999999993,74,100,0,64.45610232049691,61.9453307229814,0.024854550945479607,0.0,4.727428571428572,True,True,True,False,657.9949999999982,0.0,72.3462875321564,51.4895037605797,0.0,-169.8506237709034,611.9801675218308
2026-02-08T01:15:00Z,2026-02-08T01:30:00Z,2026-02-08,2026-02-08_10,25.99999999999993,74,100,0,61.9453307229814,63.338291160248495,0.02933641529330571,0.0,8.779428571428571,True,True,True,False,644.2799999999983,0.0,72.3462875321564,51.4895037605797,0.0,134.2438987715346,902.359690064269
2026-02-08T01:30:00Z,2026-02-08T01:45:00Z,2026-02-08,2026-02-08_11,24.027885725272526,74,100,0,63.338291160248495,63.74265870310559,0.02691881186627587,0.0,7.2217142857142855,True,True,True,False,597.5134482732145,0.0,72.3462875321564,51.4895037605797,0.0,-183.5812725655822,537.7679670003685
2026-02-08T01:45:00Z,2026-02-08T02:00:00Z,2026-02-08,2026-02-08_12,25.99999999999993,74,100,0,63.74265870310559,64.34782608695653,0.028431952187715645,0.0,7.961714285714286,True,True,True,False,647.2699999999983,0.0,72.3462875321564,51.4895037605797,0.0,4271.750599925377,5042.856391218112
2026-02-08T02:00:00Z,2026-02-08T02:15:00Z,2026-02-08,2026-02-08_13,0.0,0,0,100,64.34782608695653,64.34782608695653,0.0,0.0,0.0,True,True,True,False,0.0,1023.6042652632406,0.0,0.0,0.0,0.0,1023.6042652632406
2026-02-08T02:15:00Z,2026-02-08T02:30:00Z,2026-02-08,2026-02-08_14,0.0,0,0,100,64.34782608695653,64.34782608695653,0.0,0.0,0.0,True,True,True,False,0.0,1023.6042652632406,0.0,0.0,0.0,0.0,1023.6042652632406
2026-02-08T02:30:00Z,2026-02-08T02:45:00Z,2026-02-08,2026-02-08_15,0.0,0,0,100,64.34782608695653,64.34782608695653,0.0,0.0,0.0,True,True,True,False,0.0,1023.6042652632406,0.0,0.0,0.0,0.0,1023.6042652632406
2026-02-08T02:45:00Z,2026-02-08T03:00:00Z,2026-02-08,2026-02-08_16,0.0,0,0,100,64.34782608695653,64.34782608695653,0.0,0.0,0.0,True,True,True,False,0.0,1023.6042652632406,0.0,0.0,0.0,0.0,1023.6042652632406
2026-02-08T03:00:00Z,2026-02-08T03:15:00Z,2026-02-08,2026-02-08_17,0.0,0,0,100,64.34782608695653,64.34782608695653,0.0,0.0,0.0,True,True,True,False,0.0,1023.6042652632406,0.0,0.0,0.0,0.0,1023.6042652632406
2026-02-08T03:15:00Z,2026-02-08T03:30:00Z,2026-02-08,2026-02-08_18,0.0,0,0,100,64.34782608695653,64.34782608695653,0.0,0.0,0.0,True,True,True,False,0.0,1023.6042652632406,0.0,0.0,0.0,0.0,1023.6042652632406
2026-02-08T03:30:00Z,2026-02-08T03:45:00Z,2026-02-08,2026-02-08_19,0.0,0,0,100,64.34782608695653,64.34782608695653,0.0,0.0,0.0,True,True,True,False,0.0,1023.6042652632406,0.0,0.0,0.0,0.0,1023.6042652632406
2026-02-08T03:45:00Z,2026-02-08T04:00:00Z,2026-02-08,2026-02-08_20,0.0,0,0,100,64.34782608695653,64.34782608695653,0.0,0.0,0.0,True,True,True,False,0.0,1023.6042652632406,0.0,0.0,0.0,0.0,1023.6042652632406
2026-02-08T04:00:00Z,2026-02-08T04:15:00Z,2026-02-08,2026-02-08_21,0.0,0,0,100,64.34782608695653,64.34782608695653,0.0,0.0,0.0,True,True,True,False,0.0,1023.6042652632406,0.0,0.0,0.0,0.0,1023.6042652632406
2026-02-08T04:15:00Z,2026-02-08T04:30:00Z,2026-02-08,2026-02-08_22,0.0,0,0,100,64.34782608695653,64.34782608695653,0.0,0.0,0.0,True,True,True,False,0.0,1023.6042652632406,0.0,0.0,0.0,0.0,1023.6042652632406
2026-02-08T04:30:00Z,2026-02-08T04:45:00Z,2026-02-08,2026-02-08_23,0.0,0,0,100,64.34782608695653,64.34782608695653,0.0,0.0,0.0,True,True,True,False,0.0,1023.6042652632406,0.0,0.0,0.0,0.0,1023.6042652632406
2026-02-08T04:45:00Z,2026-02-08T05:00:00Z,2026-02-08,2026-02-08_24,0.0,0,0,100,64.34782608695653,64.34782608695653,0.0,0.0,0.0,True,True,True,False,0.0,1023.6042652632406,0.0,0.0,0.0,0.0,1023.6042652632406
2026-02-08T05:00:00Z,2026-02-08T05:15:00Z,2026-02-08,2026-02-08_25,0.0,0,0,100,64.34782608695653,64.34782608695653,0.0,0.0,0.0,True,True,True,False,0.0,1023.6042652632406,0.0,0.0,0.0,0.0,1023.6042652632406
2026-02-08T05:15:00Z,2026-02-08T05:30:00Z,2026-02-08,2026-02-08_26,0.0,0,0,100,64.34782608695653,64.34782608695653,0.0,0.0,0.0,True,True,True,False,0.0,1023.6042652632406,0.0,0.0,0.0,0.0,1023.6042652632406
2026-02-08T05:30:00Z,2026-02-08T05:45:00Z,2026-02-08,2026-02-08_27,0.0,0,0,100,64.34782608695653,64.34782608695653,0.0,0.0,0.0,True,True,True,False,0.0,1023.6042652632406,0.0,0.0,0.0,0.0,1023.6042652632406
2026-02-08T05:45:00Z,2026-02-08T06:00:00Z,2026-02-08,2026-02-08_28,0.0,0,0,100,64.34782608695653,64.34782608695653,0.0,0.0,0.0,True,True,True,False,0.0,1023.6042652632406,0.0,0.0,0.0,0.0,1023.6042652632406
2026-02-08T06:00:00Z,2026-02-08T06:15:00Z,2026-02-08,2026-02-08_29,0.0,0,0,100,64.34782608695653,64.34782608695653,0.0,0.0,0.0,True,True,True,False,0.0,1023.6042652632406,0.0,0.0,0.0,0.0,1023.6042652632406
2026-02-08T06:15:00Z,2026-02-08T06:30:00Z,2026-02-08,2026-02-08_30,0.0,0,0,100,64.34782608695653,64.34782608695653,0.0,0.0,0.0,True,True,True,False,0.0,1023.6042652632406,0.0,0.0,0.0,0.0,1023.6042652632406
2026-02-08T06:30:00Z,2026-02-08T06:45:00Z,2026-02-08,2026-02-08_31,0.0,0,0,100,64.34782608695653,64.34782608695653,0.0,0.0,0.0,True,True,True,False,0.0,1023.6042652632406,0.0,0.0,0.0,0.0,1023.6042652632406
2026-02-08T06:45:00Z,2026-02-08T07:00:00Z,2026-02-08,2026-02-08_32,0.0,0,0,100,64.34782608695653,64.34782608695653,0.0,0.0,0.0,True,True,True,False,0.0,1023.6042652632406,0.0,0.0,0.0,0.0,1023.6042652632406
2026-02-08T07:00:00Z,2026-02-08T07:15:00Z,2026-02-08,2026-02-08_33,0.0,0,0,100,64.34782608695653,64.34782608695653,0.0,0.0,0.0,True,True,True,False,0.0,1023.6042652632406,0.0,0.0,0.0,0.0,1023.6042652632406
2026-02-08T07:15:00Z,2026-02-08T07:30:00Z,2026-02-08,2026-02-08_34,0.0,0,0,100,64.34782608695653,64.34782608695653,0.0,0.0,0.0,True,True,True,False,0.0,1023.6042652632406,0.0,0.0,0.0,0.0,1023.6042652632406
2026-02-08T07:30:00Z,2026-02-08T07:45:00Z,2026-02-08,2026-02-08_35,0.0,0,0,100,64.34782608695653,64.34782608695653,0.0,0.0,0.0,True,True,True,False,0.0,1023.6042652632406,0.0,0.0,0.0,0.0,1023.6042652632406
2026-02-08T07:45:00Z,2026-02-08T08:00:00Z,2026-02-08,2026-02-08_36,0.0,0,0,100,64.34782608695653,64.34782608695653,0.0,0.0,0.0,True,True,True,False,0.0,1023.6042652632406,0.0,0.0,0.0,0.0,1023.6042652632406
2026-02-08T08:00:00Z,2026-02-08T08:15:00Z,2026-02-08,2026-02-08_37,0.0,0,0,100,64.34782608695653,64.34782608695653,0.0,0.0,0.0,True,True,True,False,0.0,1023.6042652632406,0.0,0.0,0.0,0.0,1023.6042652632406
2026-02-08T08:15:00Z,2026-02-08T08:30:00Z,2026-02-08,2026-02-08_38,0.0,0,0,100,64.34782608695653,64.34782608695653,0.0,0.0,0.0,True,True,True,False,0.0,1023.6042652632406,0.0,0.0,0.0,0.0,1023.6042652632406
2026-02-08T08:30:00Z,2026-02-08T08:45:00Z,2026-02-08,2026-02-08_39,0.0,0,0,100,64.34782608695653,64.34782608695653,0.0,0.0,0.0,True,True,True,False,0.0,1023.6042652632406,0.0,0.0,0.0,0.0,1023.6042652632406
2026-02-08T08:45:00Z,2026-02-08T09:00:00Z,2026-02-08,2026-02-08_40,0.0,0,0,100,64.34782608695653,64.34782608695653,0.0,0.0,0.0,True,True,True,False,0.0,1023.6042652632406,0.0,0.0,0.0,0.0,1023.6042652632406
2026-02-08T09:00:00Z,2026-02-08T09:15:00Z,2026-02-08,2026-02-08_41,0.0,0,0,100,64.34782608695653,64.34782608695653,0.0,0.0,0.0,True,True,True,False,0.0,1023.6042652632406,0.0,0.0,0.0,0.0,1023.6042652632406
2026-02-08T09:15:00Z,2026-02-08T09:30:00Z,2026-02-08,2026-02-08_42,0.0,0,0,100,64.34782608695653,64.34782608695653,0.0,0.0,0.0,True,True,True,False,0.0,1023.6042652632406,0.0,0.0,0.0,0.0,1023.6042652632406
2026-02-08T09:30:00Z,2026-02-08T09:45:00Z,2026-02-08,2026-02-08_43,0.0,0,0,100,64.34782608695653,64.34782608695653,0.0,0.0,0.0,True,True,True,False,0.0,1023.6042652632406,0.0,0.0,0.0,0.0,1023.6042652632406
2026-02-08T09:45:00Z,2026-02-08T10:00:00Z,2026-02-08,2026-02-08_44,0.0,0,0,100,64.34782608695653,64.34782608695653,0.0,0.0,0.0,True,True,True,False,0.0,1023.6042652632406,0.0,0.0,0.0,0.0,1023.6042652632406
2026-02-08T10:00:00Z,2026-02-08T10:15:00Z,2026-02-08,2026-02-08_45,-18.817446075667903,100,0,0,64.34782608695653,66.32530285714286,0.016409775453523866,2.2268571428571424,0.0,True,True,True,False,-127.01776101075833,0.0,98.53111560591483,0.0,371.7783981978392,0.0,343.2917527929957
2026-02-08T10:15:00Z,2026-02-08T10:30:00Z,2026-02-08,2026-02-08_46,-100.0,100,0,0,66.32530285714286,79.13643428571429,0.035586476190476196,11.074857142857143,0.0,True,True,True,False,-345.0,0.0,98.53111560591483,0.0,3020.313169968103,0.0,2773.8442855740177
2026-02-08T10:30:00Z,2026-02-08T10:45:00Z,2026-02-08,2026-02-08_47,-100.0,100,0,0,79.13643428571429,100.69755428571429,0.05989200000000001,1.564,0.0,True,True,True,False,-319.25,0.0,98.53111560591483,0.0,227.50006716022227,0.0,6.781182766137107
2026-02-08T10:45:00Z,2026-02-08T11:00:00Z,2026-02-08,2026-02-08_48,-100.0,100,0,0,100.69755428571429,123.51460571428572,0.0633806984126984,0.19885714285714284,0.0,True,True,True,False,-211.0,0.0,98.53111560591483,0.0,20.655400731075773,0.0,-91.8134836630094
2026-02-08T11:00:00Z,2026-02-08T11:15:00Z,2026-02-08,2026-02-08_49,0.0,0,100,0,123.51460571428572,126.10585142857144,0.007197904761904762,0.0,2.8165714285714287,True,True,True,False,0.0,0.0,0.0,51.224397619935985,0.0,-20.538963420963306,30.68543419897268
2026-02-08T11:15:00Z,2026-02-08T11:30:00Z,2026-02-08,2026-02-08_50,-3.089316242435218e-14,0,100,0,126.10585142857144,139.50788571428572,0.03722787301587303,0.0,14.56742857142857,True,True,True,False,-6.703816246084422e-14,0.0,0.0,51.224397619935985,0.0,3083.0924288491588,3134.316826469095
2026-02-08T11:30:00Z,2026-02-08T11:45:00Z,2026-02-08,2026-02-08_51,0.0,0,100,0,139.50788571428572,152.31428571428572,0.03557333333333333,0.0,13.919999999999998,True,True,True,False,0.0,0.0,0.0,51.224397619935985,0.0,1156.71064155686,1207.9350391767962
2026-02-08T11:45:00Z,2026-02-08T12:00:00Z,2026-02-08,2026-02-08_52,99.9999999999999,0,100,0,152.31428571428572,144.00000000000003,0.023095238095238117,0.0,17.350857142857144,True,True,True,False,1789.4999999999982,0.0,0.0,51.224397619935985,0.0,946.2474600026371,2786.9718576225714
2026-02-08T12:00:00Z,2026-02-08T12:15:00Z,2026-02-08,2026-02-08_53,-2.5717482360117933e-14,0,0,100,144.00000000000003,144.00000000000003,1.6430613730075346e-17,0.0,0.0,True,True,True,False,-3.2854083715050665e-14,1023.6042652632406,0.0,0.0,0.0,0.0,1023.6042652632406
2026-02-08T12:15:00Z,2026-02-08T12:30:00Z,2026-02-08,2026-02-08_54,-2.842170943040401e-14,0,0,100,144.00000000000003,144.00000000000003,1.8158314358313672e-17,0.0,0.0,True,True,True,False,-5.996980689815245e-14,1023.6042652632406,0.0,0.0,0.0,0.0,1023.6042652632404
2026-02-08T12:30:00Z,2026-02-08T12:45:00Z,2026-02-08,2026-02-08_55,0.0,0,0,100,144.00000000000003,144.00000000000003,0.0,0.0,0.0,True,True,True,False,0.0,1023.6042652632406,0.0,0.0,0.0,0.0,1023.6042652632406
2026-02-08T12:45:00Z,2026-02-08T13:00:00Z,2026-02-08,2026-02-08_56,-2.842170943040401e-14,0,0,100,144.00000000000003,144.00000000000003,1.8158314358313672e-17,0.0,0.0,True,True,True,False,-2.753353101070388e-13,1023.6042652632406,0.0,0.0,0.0,0.0,1023.6042652632403
2026-02-08T13:00:00Z,2026-02-08T13:15:00Z,2026-02-08,2026-02-08_57,0.0,0,0,100,144.00000000000003,144.00000000000003,0.0,0.0,0.0,True,True,True,False,0.0,1023.6042652632406,0.0,0.0,0.0,0.0,1023.6042652632406
2026-02-08T13:15:00Z,2026-02-08T13:30:00Z,2026-02-08,2026-02-08_58,0.0,0,0,100,144.00000000000003,144.00000000000003,0.0,0.0,0.0,True,True,True,False,0.0,1023.6042652632406,0.0,0.0,0.0,0.0,1023.6042652632406
2026-02-08T13:30:00Z,2026-02-08T13:45:00Z,2026-02-08,2026-02-08_59,0.0,0,0,100,144.00000000000003,144.00000000000003,0.0,0.0,0.0,True,True,True,False,0.0,1023.6042652632406,0.0,0.0,0.0,0.0,1023.6042652632406
2026-02-08T13:45:00Z,2026-02-08T14:00:00Z,2026-02-08,2026-02-08_60,0.0,0,0,100,144.00000000000003,144.00000000000003,0.0,0.0,0.0,True,True,True,False,0.0,1023.6042652632406,0.0,0.0,0.0,0.0,1023.6042652632406
2026-02-08T14:00:00Z,2026-02-08T14:15:00Z,2026-02-08,2026-02-08_61,72.00000000000003,28,100,0,144.00000000000003,150.3478672298137,0.01801805769496203,0.0,24.91142857142857,True,True,True,False,1840.3200000000006,0.0,27.580464623058344,51.10657266853878,0.0,6181.006652621184,8100.013689912782
2026-02-08T14:15:00Z,2026-02-08T14:30:00Z,2026-02-08,2026-02-08_62,72.0,28,100,0,150.3478672298137,148.26350557018637,0.029839920165631473,0.0,16.805142857142858,True,True,True,False,1866.2400000000002,0.0,27.580464623058344,51.10657266853878,0.0,1299.8698632388957,3244.796900530493
2026-02-08T14:30:00Z,2026-02-08T14:45:00Z,2026-02-08,2026-02-08_63,0.0,28,100,0,148.26350557018637,150.40143550807457,0.00595705175983437,0.0030399999999999997,2.3274285714285714,True,True,True,False,0.0,0.0,27.580464623058344,51.10657266853878,0.4178858276220961,-127.10932831361636,-48.00440519439714
2026-02-08T14:45:00Z,2026-02-08T15:00:00Z,2026-02-08,2026-02-08_64,70.6403176672585,28,100,0,150.40143550807457,131.11863354037266,0.05376056130017546,0.20559999999999998,0.13142857142857145,True,True,True,False,2033.381544052036,0.0,27.580464623058344,51.10657266853878,34.98111014669207,-8.555877922128932,2138.493813568196
2026-02-08T15:00:00Z,2026-02-08T15:15:00Z,2026-02-08,2026-02-08_65,0.0,0,0,100,131.11863354037266,131.11863354037266,0.0,0.0,0.0,True,True,True,False,0.0,1023.6042652632406,0.0,0.0,0.0,0.0,1023.6042652632406
2026-02-08T15:15:00Z,2026-02-08T15:30:00Z,2026-02-08,2026-02-08_66,0.0,0,0,100,131.11863354037266,131.11863354037266,0.0,0.0,0.0,True,True,True,False,0.0,1023.6042652632406,0.0,0.0,0.0,0.0,1023.6042652632406
2026-02-08T15:30:00Z,2026-02-08T15:45:00Z,2026-02-08,2026-02-08_67,0.0,0,0,100,131.11863354037266,131.11863354037266,0.0,0.0,0.0,True,True,True,False,0.0,1023.6042652632406,0.0,0.0,0.0,0.0,1023.6042652632406
2026-02-08T15:45:00Z,2026-02-08T16:00:00Z,2026-02-08,2026-02-08_68,0.0,0,0,100,131.11863354037266,131.11863354037266,0.0,0.0,0.0,True,True,True,False,0.0,1023.6042652632406,0.0,0.0,0.0,0.0,1023.6042652632406
2026-02-08T16:00:00Z,2026-02-08T16:15:00Z,2026-02-08,2026-02-08_69,0.0,0,0,100,131.11863354037266,131.11863354037266,0.0,0.0,0.0,True,True,True,False,0.0,1023.6042652632406,0.0,0.0,0.0,0.0,1023.6042652632406
2026-02-08T16:15:00Z,2026-02-08T16:30:00Z,2026-02-08,2026-02-08_70,0.0,0,0,100,131.11863354037266,131.11863354037266,0.0,0.0,0.0,True,True,True,False,0.0,1023.6042652632406,0.0,0.0,0.0,0.0,1023.6042652632406
2026-02-08T16:30:00Z,2026-02-08T16:45:00Z,2026-02-08,2026-02-08_71,0.0,0,0,100,131.11863354037266,131.11863354037266,0.0,0.0,0.0,True,True,True,False,0.0,1023.6042652632406,0.0,0.0,0.0,0.0,1023.6042652632406
2026-02-08T16:45:00Z,2026-02-08T17:00:00Z,2026-02-08,2026-02-08_72,0.0,0,0,100,131.11863354037266,131.11863354037266,0.0,0.0,0.0,True,True,True,False,0.0,1023.6042652632406,0.0,0.0,0.0,0.0,1023.6042652632406
2026-02-08T17:00:00Z,2026-02-08T17:15:00Z,2026-02-08,2026-02-08_73,0.0,0,0,100,131.11863354037266,131.11863354037266,0.0,0.0,0.0,True,True,True,False,0.0,1023.6042652632406,0.0,0.0,0.0,0.0,1023.6042652632406
2026-02-08T17:15:00Z,2026-02-08T17:30:00Z,2026-02-08,2026-02-08_74,0.0,0,0,100,131.11863354037266,131.11863354037266,0.0,0.0,0.0,True,True,True,False,0.0,1023.6042652632406,0.0,0.0,0.0,0.0,1023.6042652632406
2026-02-08T17:30:00Z,2026-02-08T17:45:00Z,2026-02-08,2026-02-08_75,0.0,0,0,100,131.11863354037266,131.11863354037266,0.0,0.0,0.0,True,True,True,False,0.0,1023.6042652632406,0.0,0.0,0.0,0.0,1023.6042652632406
2026-02-08T17:45:00Z,2026-02-08T18:00:00Z,2026-02-08,2026-02-08_76,0.0,0,0,100,131.11863354037266,131.11863354037266,0.0,0.0,0.0,True,True,True,False,0.0,1023.6042652632406,0.0,0.0,0.0,0.0,1023.6042652632406
2026-02-08T18:00:00Z,2026-02-08T18:15:00Z,2026-02-08,2026-02-08_77,0.0,0,0,100,131.11863354037266,131.11863354037266,0.0,0.0,0.0,True,True,True,False,0.0,1023.6042652632406,0.0,0.0,0.0,0.0,1023.6042652632406
2026-02-08T18:15:00Z,2026-02-08T18:30:00Z,2026-02-08,2026-02-08_78,0.0,0,0,100,131.11863354037266,131.11863354037266,0.0,0.0,0.0,True,True,True,False,0.0,1023.6042652632406,0.0,0.0,0.0,0.0,1023.6042652632406
2026-02-08T18:30:00Z,2026-02-08T18:45:00Z,2026-02-08,2026-02-08_79,0.0,0,0,100,131.11863354037266,131.11863354037266,0.0,0.0,0.0,True,True,True,False,0.0,1023.6042652632406,0.0,0.0,0.0,0.0,1023.6042652632406
2026-02-08T18:45:00Z,2026-02-08T19:00:00Z,2026-02-08,2026-02-08_80,0.0,0,0,100,131.11863354037266,131.11863354037266,0.0,0.0,0.0,True,True,True,False,0.0,1023.6042652632406,0.0,0.0,0.0,0.0,1023.6042652632406
2026-02-08T19:00:00Z,2026-02-08T19:15:00Z,2026-02-08,2026-02-08_81,100.0,0,100,0,131.11863354037266,104.71863354037265,0.07333333333333335,0.0,0.712,True,True,True,False,3220.5,0.0,0.0,50.105060581662514,0.0,-52.92244840249003,3217.6826121791723
2026-02-08T19:15:00Z,2026-02-08T19:30:00Z,2026-02-08,2026-02-08_82,100.0,0,100,0,104.71863354037265,86.88136645962732,0.049547964113181506,0.0,8.589714285714285,True,True,True,False,3157.5,0.0,0.0,50.105060581662514,0.0,247.92145721411316,3455.526517795776
2026-02-08T19:30:00Z,2026-02-08T19:45:00Z,2026-02-08,2026-02-08_83,99.99999999999996,0,100,0,86.88136645962732,81.26024844720497,0.015614216701173229,0.0,19.828571428571433,True,True,True,False,3059.4999999999986,0.0,0.0,50.105060581662514,0.0,944.0445041673565,4053.649564749018
2026-02-08T19:45:00Z,2026-02-08T20:00:00Z,2026-02-08,2026-02-08_84,100.0,0,100,0,81.26024844720497,64.34782608695653,0.046978951000690126,0.0,9.44057142857143,True,True,True,False,2846.5,0.0,0.0,50.105060581662514,0.0,-268.1894987670461,2628.4155618146165
2026-02-08T20:00:00Z,2026-02-08T20:15:00Z,2026-02-08,2026-02-08_85,0.0,0,0,100,64.34782608695653,64.34782608695653,0.0,0.0,0.0,True,True,True,False,0.0,1023.6042652632406,0.0,0.0,0.0,0.0,1023.6042652632406
2026-02-08T20:15:00Z,2026-02-08T20:30:00Z,2026-02-08,2026-02-08_86,0.0,0,0,100,64.34782608695653,64.34782608695653,0.0,0.0,0.0,True,True,True,False,0.0,1023.6042652632406,0.0,0.0,0.0,0.0,1023.6042652632406
2026-02-08T20:30:00Z,2026-02-08T20:45:00Z,2026-02-08,2026-02-08_87,0.0,0,0,100,64.34782608695653,64.34782608695653,0.0,0.0,0.0,True,True,True,False,0.0,1023.6042652632406,0.0,0.0,0.0,0.0,1023.6042652632406
2026-02-08T20:45:00Z,2026-02-08T21:00:00Z,2026-02-08,2026-02-08_88,0.0,0,0,100,64.34782608695653,64.34782608695653,0.0,0.0,0.0,True,True,True,False,0.0,1023.6042652632406,0.0,0.0,0.0,0.0,1023.6042652632406
2026-02-08T21:00:00Z,2026-02-08T21:15:00Z,2026-02-08,2026-02-08_89,0.0,0,0,100,64.34782608695653,64.34782608695653,0.0,0.0,0.0,True,True,True,False,0.0,1023.6042652632406,0.0,0.0,0.0,0.0,1023.6042652632406
2026-02-08T21:15:00Z,2026-02-08T21:30:00Z,2026-02-08,2026-02-08_90,0.0,0,0,100,64.34782608695653,64.34782608695653,0.0,0.0,0.0,True,True,True,False,0.0,1023.6042652632406,0.0,0.0,0.0,0.0,1023.6042652632406
2026-02-08T21:30:00Z,2026-02-08T21:45:00Z,2026-02-08,2026-02-08_91,0.0,0,0,100,64.34782608695653,64.34782608695653,0.0,0.0,0.0,True,True,True,False,0.0,1023.6042652632406,0.0,0.0,0.0,0.0,1023.6042652632406
2026-02-08T21:45:00Z,2026-02-08T22:00:00Z,2026-02-08,2026-02-08_92,0.0,0,0,100,64.34782608695653,64.34782608695653,0.0,0.0,0.0,True,True,True,False,0.0,1023.6042652632406,0.0,0.0,0.0,0.0,1023.6042652632406
2026-02-08T22:00:00Z,2026-02-08T22:15:00Z,2026-02-09,2026-02-08_93,0.0,100,100,0,64.34782608695653,68.13402037267082,0.01051720634920635,0.0,4.115428571428572,True,True,True,False,0.0,0.0,99.41480274139387,51.07711643068947,0.0,31.975125469546462,182.4670446416298
2026-02-08T22:15:00Z,2026-02-08T22:30:00Z,2026-02-09,2026-02-08_94,0.0,100,100,0,68.13402037267082,79.46736894409939,0.031481523809523806,0.0,12.318857142857143,True,True,True,False,0.0,0.0,99.41480274139387,51.07711643068947,0.0,68.10533258897888,218.59725176106224
2026-02-08T22:30:00Z,2026-02-08T22:45:00Z,2026-02-09,2026-02-08_95,0.0,100,100,0,79.46736894409939,92.95194037267082,0.03745714285714286,0.0,14.657142857142858,True,True,True,False,0.0,0.0,99.41480274139387,51.07711643068947,0.0,602.7553196562877,753.2472388283711
2026-02-08T22:45:00Z,2026-02-08T23:00:00Z,2026-02-09,2026-02-08_96,0.0,100,100,0,92.95194037267082,102.86375751552796,0.027532825396825396,0.0,10.773714285714284,True,True,True,False,0.0,0.0,99.41480274139387,51.07711643068947,0.0,-149.0480524938212,1.4438666782621539
2026-02-08T23:00:00Z,2026-02-08T23:15:00Z,2026-02-09,2026-02-09_1,0.0,0,0,100,102.86375751552796,102.86375751552796,0.0,0.0,0.0,True,False,True,False,0.0,1023.6042652632406,0.0,0.0,0.0,0.0,1023.6042652632406
2026-02-08T23:15:00Z,2026-02-08T23:30:00Z,2026-02-09,2026-02-09_2,0.0,0,0,100,102.86375751552796,102.86375751552796,0.0,0.0,0.0,True,False,True,False,0.0,1023.6042652632406,0.0,0.0,0.0,0.0,1023.6042652632406
2026-02-08T23:30:00Z,2026-02-08T23:45:00Z,2026-02-09,2026-02-09_3,0.0,0,0,100,102.86375751552796,102.86375751552796,0.0,0.0,0.0,True,False,True,False,0.0,1023.6042652632406,0.0,0.0,0.0,0.0,1023.6042652632406
2026-02-08T23:45:00Z,2026-02-09T00:00:00Z,2026-02-09,2026-02-09_4,0.0,0,0,100,102.86375751552796,102.86375751552796,0.0,0.0,0.0,True,False,True,False,0.0,1023.6042652632406,0.0,0.0,0.0,0.0,1023.6042652632406
2026-02-09T00:00:00Z,2026-02-09T00:15:00Z,2026-02-09,2026-02-09_5,33.0,67,100,0,102.86375751552796,105.11665258136648,0.033146551166321606,0.0,11.506857142857143,True,True,True,False,859.2375000000001,0.0,66.84474598904227,52.10808475541504,0.0,17.453599468104507,995.6439302125618
2026-02-09T00:15:00Z,2026-02-09T00:30:00Z,2026-02-09,2026-02-09_6,33.0,67,100,0,105.11665258136648,118.9341820819876,0.041636477736369915,0.0,23.366857142857146,True,True,True,False,809.49,0.0,66.84474598904227,52.10808475541504,0.0,10065.94721554392,10994.390046288378
2026-02-09T00:30:00Z,2026-02-09T00:45:00Z,2026-02-09,2026-02-09_7,33.0,67,100,0,118.9341820819876,131.90978613664598,0.04101839635610766,0.0,22.50342857142857,True,True,True,False,799.26,0.0,66.84474598904227,52.10808475541504,0.0,3189.434445507363,4107.647276251821
2026-02-09T00:45:00Z,2026-02-09T01:00:00Z,2026-02-09,2026-02-09_8,0.6332481228787925,67,100,0,131.90978613664598,143.6419780474056,0.03305118178567371,0.0,12.924571428571427,True,True,True,False,15.207453670934202,0.0,66.84474598904227,52.10808475541504,0.0,203.53731735028515,337.69760176567667
2026-02-09T01:00:00Z,2026-02-09T01:15:00Z,2026-02-09,2026-02-09_9,0.0,0,0,100,143.6419780474056,143.6419780474056,0.0,0.0,0.0,True,True,True,False,0.0,1023.6042652632406,0.0,0.0,0.0,0.0,1023.6042652632406
2026-02-09T01:15:00Z,2026-02-09T01:30:00Z,2026-02-09,2026-02-09_10,0.0,0,0,100,143.6419780474056,143.6419780474056,0.0,0.0,0.0,True,True,True,False,0.0,1023.6042652632406,0.0,0.0,0.0,0.0,1023.6042652632406
2026-02-09T01:30:00Z,2026-02-09T01:45:00Z,2026-02-09,2026-02-09_11,0.0,0,0,100,143.6419780474056,143.6419780474056,0.0,0.0,0.0,True,True,True,False,0.0,1023.6042652632406,0.0,0.0,0.0,0.0,1023.6042652632406
2026-02-09T01:45:00Z,2026-02-09T02:00:00Z,2026-02-09,2026-02-09_12,0.0,0,0,100,143.6419780474056,143.6419780474056,0.0,0.0,0.0,True,True,True,False,0.0,1023.6042652632406,0.0,0.0,0.0,0.0,1023.6042652632406
2026-02-09T02:00:00Z,2026-02-09T02:15:00Z,2026-02-09,2026-02-09_13,0.0,0,0,100,143.6419780474056,143.6419780474056,0.0,0.0,0.0,True,True,True,False,0.0,1023.6042652632406,0.0,0.0,0.0,0.0,1023.6042652632406
2026-02-09T02:15:00Z,2026-02-09T02:30:00Z,2026-02-09,2026-02-09_14,0.0,0,0,100,143.6419780474056,143.6419780474056,0.0,0.0,0.0,True,True,True,False,0.0,1023.6042652632406,0.0,0.0,0.0,0.0,1023.6042652632406
2026-02-09T02:30:00Z,2026-02-09T02:45:00Z,2026-02-09,2026-02-09_15,0.0,0,0,100,143.6419780474056,143.6419780474056,0.0,0.0,0.0,True,True,True,False,0.0,1023.6042652632406,0.0,0.0,0.0,0.0,1023.6042652632406
2026-02-09T02:45:00Z,2026-02-09T03:00:00Z,2026-02-09,2026-02-09_16,0.0,0,0,100,143.6419780474056,143.6419780474056,0.0,0.0,0.0,True,True,True,False,0.0,1023.6042652632406,0.0,0.0,0.0,0.0,1023.6042652632406
2026-02-09T03:00:00Z,2026-02-09T03:15:00Z,2026-02-09,2026-02-09_17,0.0,6,100,0,143.6419780474056,152.55283519026273,0.024752380952380953,0.0,9.685714285714285,True,True,True,False,0.0,0.0,5.926005930522553,52.019716041867134,0.0,-235.20900182628674,-177.26327985389705
2026-02-09T03:15:00Z,2026-02-09T03:30:00Z,2026-02-09,2026-02-09_18,94.00000000000006,6,100,0,152.55283519026273,145.61455734678444,0.024570967342995156,0.0,17.276,True,True,True,False,2339.6600000000017,0.0,5.926005930522553,52.019716041867134,0.0,125.7830402764959,2523.3887622488874
2026-02-09T03:30:00Z,2026-02-09T03:45:00Z,2026-02-09,2026-02-09_19,94.0,6,100,0,145.61455734678444,140.03383820144282,0.0211865461973775,0.0,18.536571428571428,True,True,True,False,2392.535,0.0,5.926005930522553,52.019716041867134,0.0,700.5734148756807,3151.0541368480704
2026-02-09T03:45:00Z,2026-02-09T04:00:00Z,2026-02-09,2026-02-09_20,94.0,6,100,0,140.03383820144282,133.0407903107596,0.024707510172532785,0.0,17.225142857142856,True,True,True,False,2471.73,0.0,5.926005930522553,52.019716041867134,0.0,1654.0744225034434,4183.750144475833
2026-02-09T04:00:00Z,2026-02-09T04:15:00Z,2026-02-09,2026-02-09_21,0.0,100,100,0,133.0407903107596,139.2693150312565,0.01740152657004831,0.01657142857142857,6.789714285714285,True,True,True,False,0.0,0.0,98.3838344166683,51.401135047031794,2.3547029268279,-144.63559424453166,7.504078145996326
2026-02-09T04:15:00Z,2026-02-09T04:30:00Z,2026-02-09,2026-02-09_22,0.0,100,100,0,139.2693150312565,147.08377167721923,0.021717175983436855,0.0017142857142857142,8.496,True,True,True,False,0.0,0.0,98.3838344166683,51.401135047031794,0.2356499027944151,-420.9176301474776,-270.8970107809831
2026-02-09T04:30:00Z,2026-02-09T04:45:00Z,2026-02-09,2026-02-09_23,0.0,100,100,0,147.08377167721923,153.93933639771612,0.02382584403036577,0.792,8.387428571428572,True,True,True,False,0.0,0.0,98.3838344166683,51.401135047031794,124.51522180547101,48.29734461834535,322.59753588751647
2026-02-09T04:45:00Z,2026-02-09T05:00:00Z,2026-02-09,2026-02-09_24,0.0,100,100,0,153.93933639771612,148.78177316790246,0.014510564527260178,4.775428571428571,0.036000000000000004,True,True,True,False,0.0,0.0,98.3838344166683,51.401135047031794,2412.3543080449194,-2.5544425897924325,2559.5848349188273
2026-02-09T05:00:00Z,2026-02-09T05:15:00Z,2026-02-09,2026-02-09_25,-1.7970348375513652,11,8,89,148.78177316790246,149.05999999999983,0.0025000754831744788,0.34188,0.24694857142857143,True,True,True,False,-49.75090947760954,911.0077960842841,10.854623647467745,4.107377805706655,90.12679996072502,-11.388158753973086,954.9575292666009
2026-02-09T05:15:00Z,2026-02-09T05:30:00Z,2026-02-09,2026-02-09_26,-2.8392108049999214,11,8,89,149.05999999999983,149.05936914285695,0.0028035541049203226,0.626182857142857,0.0,True,True,True,False,-88.61176922404755,911.0077960842841,10.854623647467745,4.107377805706655,165.50702879922346,0.0,1002.8650571126344
2026-02-09T05:30:00Z,2026-02-09T05:45:00Z,2026-02-09,2026-02-09_27,0.0,11,8,89,149.05936914285695,148.96817391304327,0.0002568248447204969,0.08448,0.0006857142857142857,True,True,True,False,0.0,911.0077960842841,10.854623647467745,4.107377805706655,14.027515550929834,-0.05296507612333467,939.944348012265
2026-02-09T05:45:00Z,2026-02-09T06:00:00Z,2026-02-09,2026-02-09_28,0.0,11,8,89,148.96817391304327,148.63811090683208,0.0009180099378881985,0.30385142857142855,0.00022857142857142857,True,True,True,False,0.0,911.0077960842841,10.854623647467745,4.107377805706655,57.252213285604874,-0.017954278308145912,983.2040565447552
2026-02-09T06:00:00Z,2026-02-09T06:15:00Z,2026-02-09,2026-02-09_29,0.0,0,11,89,148.63811090683208,148.70305239254637,0.0001803930158730159,0.0,0.07058857142857143,True,True,True,False,0.0,911.0077960842841,0.0,5.258822143235865,0.0,-4.2649924530313275,912.0016257744886
2026-02-09T06:15:00Z,2026-02-09T06:30:00Z,2026-02-09,2026-02-09_30,11.0,0,11,89,148.70305239254637,145.71467351055878,0.008301052449965493,0.0,0.0006914285714285714,True,True,True,False,448.7725,911.0077960842841,0.0,5.258822143235865,0.0,-0.05233678298607701,1364.9867814445338
2026-02-09T06:30:00Z,2026-02-09T06:45:00Z,2026-02-09,2026-02-09_31,11.0,0,11,89,145.71467351055878,142.72738779627306,0.008298015873015874,0.0,0.0016971428571428571,True,True,True,False,476.8775,911.0077960842841,0.0,5.258822143235865,0.0,-0.11430143662280028,1393.0298167908973
2026-02-09T06:45:00Z,2026-02-09T07:00:00Z,2026-02-09,2026-02-09_32,11.0,0,11,89,142.72738779627306,139.74392816894388,0.008287387853692202,0.0,0.005217142857142858,True,True,True,False,478.16999999999996,911.0077960842841,0.0,5.258822143235865,0.0,-0.33169627757314274,1394.1049219499469
2026-02-09T07:00:00Z,2026-02-09T07:15:00Z,2026-02-09,2026-02-09_33,0.0,100,100,0,139.74392816894388,137.81313562236005,0.005830614216701174,1.8537142857142859,0.09142857142857143,True,True,True,False,0.0,0.0,93.67083636078,47.807474029416966,323.4173199312127,-6.038131520699319,458.85749880071035
2026-02-09T07:15:00Z,2026-02-09T07:30:00Z,2026-02-09,2026-02-09_34,0.0,100,100,0,137.81313562236005,127.1727629515526,0.029556590752242925,9.789142857142858,0.0,True,True,True,False,0.0,0.0,93.67083636078,47.807474029416966,2157.77522163715,0.0,2299.253532027347
2026-02-09T07:30:00Z,2026-02-09T07:45:00Z,2026-02-09,2026-02-09_35,0.0,100,100,0,127.1727629515526,110.37648965962714,0.046656314699792964,15.45257142857143,0.0,True,True,True,False,0.0,0.0,93.67083636078,47.807474029416966,4503.56444312281,0.0,4645.0427535130075
2026-02-09T07:45:00Z,2026-02-09T08:00:00Z,2026-02-09,2026-02-09_36,0.0,100,100,0,110.37648965962714,85.06841512546565,0.07030020703933748,23.283428571428573,0.0,True,True,True,False,0.0,0.0,93.67083636078,47.807474029416966,20232.395488538725,0.0,20373.873798928922
2026-02-09T08:00:00Z,2026-02-09T08:15:00Z,2026-02-09,2026-02-09_37,11.0,0,0,89,85.06841512546565,82.07928469068304,0.008303140096618356,0.0,0.0,True,False,True,False,508.31,911.0077960842841,0.0,0.0,0.0,0.0,1419.317796084284
2026-02-09T08:15:00Z,2026-02-09T08:30:00Z,2026-02-09,2026-02-09_38,11.0,0,0,89,82.07928469068304,79.09015425590043,0.008303140096618356,0.0,0.0,True,False,True,False,486.64000000000004,911.0077960842841,0.0,0.0,0.0,0.0,1397.6477960842842
2026-02-09T08:30:00Z,2026-02-09T08:45:00Z,2026-02-09,2026-02-09_39,11.0,0,0,89,79.09015425590043,76.10102382111782,0.008303140096618356,0.0,0.0,True,False,True,False,454.2725,911.0077960842841,0.0,0.0,0.0,0.0,1365.2802960842841
2026-02-09T08:45:00Z,2026-02-09T09:00:00Z,2026-02-09,2026-02-09_40,11.0,0,0,89,76.10102382111782,73.11189338633521,0.008303140096618356,0.0,0.0,True,False,True,False,451.7425,911.0077960842841,0.0,0.0,0.0,0.0,1362.7502960842842
2026-02-09T09:00:00Z,2026-02-09T09:15:00Z,2026-02-09,2026-02-09_41,11.0,0,11,89,73.11189338633521,70.67433438012402,0.006770997239475499,0.0,0.5074457142857143,True,True,True,False,470.1675,911.0077960842841,0.0,5.365748286628832,0.0,-29.411981296130573,1357.1290630747824
2026-02-09T09:15:00Z,2026-02-09T09:30:00Z,2026-02-09,2026-02-09_42,11.0,0,11,89,70.67433438012402,67.78939649192527,0.00801371635610766,0.0,0.09585714285714286,True,True,True,False,466.95000000000005,911.0077960842841,0.0,5.365748286628832,0.0,-7.4017609219521905,1375.9217834489607
2026-02-09T09:30:00Z,2026-02-09T09:45:00Z,2026-02-09,2026-02-09_43,0.10259434057146394,0,11,89,67.78939649192527,67.76151759503085,7.744138026227652e-05,0.0,0.0,True,True,True,False,4.076073150904262,911.0077960842841,0.0,5.365748286628832,0.0,0.0,920.4496175218172
2026-02-09T09:45:00Z,2026-02-09T10:00:00Z,2026-02-09,2026-02-09_44,0.0,0,11,89,67.76151759503085,67.76683782360229,1.4778412698412699e-05,0.0,0.0057828571428571425,True,True,True,False,0.0,911.0077960842841,0.0,5.365748286628832,0.0,-0.5689396595981047,915.8046047113148
2026-02-09T10:00:00Z,2026-02-09T10:15:00Z,2026-02-09,2026-02-09_45,0.0,11,11,89,67.76683782360229,66.74206142608676,0.0028466011042098,0.9427942857142857,0.0,True,True,True,False,0.0,911.0077960842841,11.052275003436561,5.508316477819452,225.4909991825193,0.0,1153.0593867480595
2026-02-09T10:15:00Z,2026-02-09T10:30:00Z,2026-02-09,2026-02-09_46,0.0,11,11,89,66.74206142608676,66.59319658136626,0.0004215452035886819,0.1382857142857143,0.0015714285714285715,True,True,True,False,0.0,911.0077960842841,11.052275003436561,5.508316477819452,23.42313913724082,-0.11405455295249693,950.8774721498285
2026-02-09T10:30:00Z,2026-02-09T10:45:00Z,2026-02-09,2026-02-09_47,0.0,11,11,89,66.59319658136626,66.53015032049669,0.00017673485162180813,0.058268571428571427,0.00031428571428571427,True,True,True,False,0.0,911.0077960842841,11.052275003436561,5.508316477819452,10.89310935670382,-0.024687132673700627,938.4368097895702
2026-02-09T10:45:00Z,2026-02-09T11:00:00Z,2026-02-09,2026-02-09_48,0.0,11,11,89,66.53015032049669,66.25331675031036,0.000781190393374741,0.2567085714285714,0.0023885714285714283,True,True,True,False,0.0,911.0077960842841,11.052275003436561,5.508316477819452,50.04055274041199,-0.17034126482279968,977.4385990411294
2026-02-09T11:00:00Z,2026-02-09T11:15:00Z,2026-02-09,2026-02-09_49,0.0,0,0,89,66.25331675031036,66.25331675031036,0.0,0.0,0.0,True,False,True,False,0.0,911.0077960842841,0.0,0.0,0.0,0.0,911.0077960842841
2026-02-09T11:15:00Z,2026-02-09T11:30:00Z,2026-02-09,2026-02-09_50,0.0,0,0,89,66.25331675031036,66.25331675031036,0.0,0.0,0.0,True,False,True,False,0.0,911.0077960842841,0.0,0.0,0.0,0.0,911.0077960842841
2026-02-09T11:30:00Z,2026-02-09T11:45:00Z,2026-02-09,2026-02-09_51,0.0,0,0,89,66.25331675031036,66.25331675031036,0.0,0.0,0.0,True,False,True,False,0.0,911.0077960842841,0.0,0.0,0.0,0.0,911.0077960842841
2026-02-09T11:45:00Z,2026-02-09T12:00:00Z,2026-02-09,2026-02-09_52,0.0,0,0,89,66.25331675031036,66.25331675031036,0.0,0.0,0.0,True,False,True,False,0.0,911.0077960842841,0.0,0.0,0.0,0.0,911.0077960842841
2026-02-09T12:00:00Z,2026-02-09T12:15:00Z,2026-02-09,2026-02-09_53,-100.0,100,0,0,66.25331675031036,79.44401389316751,0.0366408253968254,10.662285714285712,0.0,True,True,True,False,-3500.75,0.0,100.47522730396874,0.0,3755.139649835465,0.0,354.86487713943393
2026-02-09T12:15:00Z,2026-02-09T12:30:00Z,2026-02-09,2026-02-09_54,-99.99999999999997,100,0,0,79.44401389316751,92.7246081788818,0.03689053968253968,10.564571428571428,0.0,True,True,True,False,-3581.249999999999,0.0,100.47522730396874,0.0,5766.746093850379,0.0,2285.971321154349
2026-02-09T12:30:00Z,2026-02-09T12:45:00Z,2026-02-09,2026-02-09_55,0.0,100,0,0,92.7246081788818,92.08361439006192,0.0017805383022774324,0.5897142857142856,0.0,True,True,True,False,0.0,0.0,100.47522730396874,0.0,105.75321283394257,0.0,206.22844013791132
2026-02-09T12:45:00Z,2026-02-09T13:00:00Z,2026-02-09,2026-02-09_56,0.0,100,0,0,92.08361439006192,92.03765165714267,0.00012767425810904072,0.04228571428571429,0.0,True,True,True,False,0.0,0.0,100.47522730396874,0.0,5.81269760226224,0.0,106.28792490623098
2026-02-09T13:00:00Z,2026-02-09T13:15:00Z,2026-02-09,2026-02-09_57,0.0,11,11,89,92.03765165714267,92.05015979130417,6.131486542443063e-05,0.0044,0.01879428571428571,True,True,True,False,0.0,911.0077960842841,11.049034817273139,5.621722993539266,0.6048347505056655,-1.3701341723217966,926.9132544732804
2026-02-09T13:15:00Z,2026-02-09T13:30:00Z,2026-02-09,2026-02-09_58,0.0,11,11,89,92.05015979130417,92.05449398260852,5.6069786059351285e-05,0.007291428571428572,0.013325714285714286,True,True,True,False,0.0,911.0077960842841,11.049034817273139,5.621722993539266,1.0022975865522457,-0.9682293434625389,927.7126221381862
2026-02-09T13:30:00Z,2026-02-09T13:45:00Z,2026-02-09,2026-02-09_59,0.0,11,11,89,92.05449398260852,91.76213994534145,0.0008120945479641132,0.2689657142857143,0.0,True,True,True,False,0.0,911.0077960842841,11.049034817273139,5.621722993539266,52.760284513593355,0.0,980.4388384086899
2026-02-09T13:45:00Z,2026-02-09T14:00:00Z,2026-02-09,2026-02-09_60,0.0,11,11,89,91.76213994534145,91.59758672298119,0.00045805609385783294,0.15154857142857142,0.00018857142857142857,True,True,True,False,0.0,911.0077960842841,11.049034817273139,5.621722993539266,29.387352116500825,-0.018700503000328227,957.047205508597
2026-02-09T14:00:00Z,2026-02-09T14:15:00Z,2026-02-09,2026-02-09_61,0.0,11,11,89,91.59758672298119,91.58422012422344,0.00010748753623188406,0.023948571428571427,0.013765714285714287,True,True,True,False,0.0,911.0077960842841,11.049034817273139,5.621722993539266,4.044935018417163,-1.3590625364345612,930.3644263770791
2026-02-09T14:15:00Z,2026-02-09T14:30:00Z,2026-02-09,2026-02-09_62,0.0,11,11,89,91.58422012422344,91.32226981366443,0.000727639751552795,0.24099428571428572,0.0,True,True,True,False,0.0,911.0077960842841,11.049034817273139,5.621722993539266,47.20408073814527,0.0,974.8826346332418
2026-02-09T14:30:00Z,2026-02-09T14:45:00Z,2026-02-09,2026-02-09_63,0.0,11,11,89,91.32226981366443,90.09368596273276,0.0034127329192546584,1.130297142857143,0.0,True,True,True,False,0.0,911.0077960842841,11.049034817273139,5.621722993539266,291.31403985288716,0.0,1218.9925937479836
2026-02-09T14:45:00Z,2026-02-09T15:00:00Z,2026-02-09,2026-02-09_64,6.082091352294336e-14,11,11,89,90.09368596273276,88.87466732919238,0.003386162870945525,1.1214971428571427,0.0,True,True,True,False,2.723712559841211e-12,911.0077960842841,11.049034817273139,5.621722993539266,233.07641060985634,0.0,1160.7549645049555
2026-02-09T15:00:00Z,2026-02-09T15:15:00Z,2026-02-09,2026-02-09_65,0.0,0,0,100,88.87466732919238,88.87466732919238,0.0,0.0,0.0,True,True,True,False,0.0,1023.6042652632406,0.0,0.0,0.0,0.0,1023.6042652632406
2026-02-09T15:15:00Z,2026-02-09T15:30:00Z,2026-02-09,2026-02-09_66,0.0,0,0,100,88.87466732919238,88.87466732919238,0.0,0.0,0.0,True,True,True,False,0.0,1023.6042652632406,0.0,0.0,0.0,0.0,1023.6042652632406
2026-02-09T15:30:00Z,2026-02-09T15:45:00Z,2026-02-09,2026-02-09_67,0.0,0,0,100,88.87466732919238,88.87466732919238,0.0,0.0,0.0,True,True,True,False,0.0,1023.6042652632406,0.0,0.0,0.0,0.0,1023.6042652632406
2026-02-09T15:45:00Z,2026-02-09T16:00:00Z,2026-02-09,2026-02-09_68,0.0,0,0,100,88.87466732919238,88.87466732919238,0.0,0.0,0.0,True,True,True,False,0.0,1023.6042652632406,0.0,0.0,0.0,0.0,1023.6042652632406
2026-02-09T16:00:00Z,2026-02-09T16:15:00Z,2026-02-09,2026-02-09_69,0.0,0,0,100,88.87466732919238,88.87466732919238,0.0,0.0,0.0,True,False,True,False,0.0,1023.6042652632406,0.0,0.0,0.0,0.0,1023.6042652632406
2026-02-09T16:15:00Z,2026-02-09T16:30:00Z,2026-02-09,2026-02-09_70,0.0,0,0,100,88.87466732919238,88.87466732919238,0.0,0.0,0.0,True,False,True,False,0.0,1023.6042652632406,0.0,0.0,0.0,0.0,1023.6042652632406
2026-02-09T16:30:00Z,2026-02-09T16:45:00Z,2026-02-09,2026-02-09_71,0.0,0,0,100,88.87466732919238,88.87466732919238,0.0,0.0,0.0,True,False,True,False,0.0,1023.6042652632406,0.0,0.0,0.0,0.0,1023.6042652632406
2026-02-09T16:45:00Z,2026-02-09T17:00:00Z,2026-02-09,2026-02-09_72,0.0,0,0,100,88.87466732919238,88.87466732919238,0.0,0.0,0.0,True,False,True,False,0.0,1023.6042652632406,0.0,0.0,0.0,0.0,1023.6042652632406
2026-02-09T17:00:00Z,2026-02-09T17:15:00Z,2026-02-09,2026-02-09_73,0.0,0,0,100,88.87466732919238,88.87466732919238,0.0,0.0,0.0,True,True,True,False,0.0,1023.6042652632406,0.0,0.0,0.0,0.0,1023.6042652632406
2026-02-09T17:15:00Z,2026-02-09T17:30:00Z,2026-02-09,2026-02-09_74,0.0,0,0,100,88.87466732919238,88.87466732919238,0.0,0.0,0.0,True,True,True,False,0.0,1023.6042652632406,0.0,0.0,0.0,0.0,1023.6042652632406
2026-02-09T17:30:00Z,2026-02-09T17:45:00Z,2026-02-09,2026-02-09_75,0.0,0,0,100,88.87466732919238,88.87466732919238,0.0,0.0,0.0,True,True,True,False,0.0,1023.6042652632406,0.0,0.0,0.0,0.0,1023.6042652632406
2026-02-09T17:45:00Z,2026-02-09T18:00:00Z,2026-02-09,2026-02-09_76,0.0,0,0,100,88.87466732919238,88.87466732919238,0.0,0.0,0.0,True,True,True,False,0.0,1023.6042652632406,0.0,0.0,0.0,0.0,1023.6042652632406
2026-02-09T18:00:00Z,2026-02-09T18:15:00Z,2026-02-09,2026-02-09_77,0.0,0,0,100,88.87466732919238,88.87466732919238,0.0,0.0,0.0,True,True,True,False,0.0,1023.6042652632406,0.0,0.0,0.0,0.0,1023.6042652632406
2026-02-09T18:15:00Z,2026-02-09T18:30:00Z,2026-02-09,2026-02-09_78,0.0,0,0,100,88.87466732919238,88.87466732919238,0.0,0.0,0.0,True,True,True,False,0.0,1023.6042652632406,0.0,0.0,0.0,0.0,1023.6042652632406
2026-02-09T18:30:00Z,2026-02-09T18:45:00Z,2026-02-09,2026-02-09_79,0.0,0,0,100,88.87466732919238,88.87466732919238,0.0,0.0,0.0,True,True,True,False,0.0,1023.6042652632406,0.0,0.0,0.0,0.0,1023.6042652632406
2026-02-09T18:45:00Z,2026-02-09T19:00:00Z,2026-02-09,2026-02-09_80,0.0,0,0,100,88.87466732919238,88.87466732919238,0.0,0.0,0.0,True,True,True,False,0.0,1023.6042652632406,0.0,0.0,0.0,0.0,1023.6042652632406
2026-02-09T19:00:00Z,2026-02-09T19:15:00Z,2026-02-09,2026-02-09_81,0.0,100,100,0,88.87466732919238,77.597648695652,0.03132505175983437,10.374857142857143,0.0,True,True,True,False,0.0,0.0,101.83021424503663,50.105060581662514,2437.8398143976483,0.0,2589.7750892243475
2026-02-09T19:15:00Z,2026-02-09T19:30:00Z,2026-02-09,2026-02-09_82,0.0,100,100,0,77.597648695652,61.39454310558989,0.045008626639061425,14.906857142857143,0.0,True,True,True,False,0.0,0.0,101.83021424503663,50.105060581662514,4960.069877265676,0.0,5112.005152092375
2026-02-09T19:30:00Z,2026-02-09T19:45:00Z,2026-02-09,2026-02-09_83,0.0,100,100,0,61.39454310558989,61.058569937888024,0.0037458302277432716,0.7748571428571429,0.5502857142857143,True,True,True,False,0.0,0.0,101.83021424503663,50.105060581662514,113.27068442269983,-36.6911534221135,228.51480582728547
2026-02-09T19:45:00Z,2026-02-09T20:00:00Z,2026-02-09,2026-02-09_84,0.0,100,100,0,61.058569937888024,64.34782608695635,0.00923689164941339,0.01657142857142857,3.594857142857143,True,True,True,False,0.0,0.0,101.83021424503663,50.105060581662514,1.9492735530675165,-219.09123455300863,-65.20668617324198
2026-02-09T20:00:00Z,2026-02-09T20:15:00Z,2026-02-09,2026-02-09_85,0.0,0,0,100,64.34782608695635,64.34782608695635,0.0,0.0,0.0,True,True,True,False,0.0,1023.6042652632406,0.0,0.0,0.0,0.0,1023.6042652632406
2026-02-09T20:15:00Z,2026-02-09T20:30:00Z,2026-02-09,2026-02-09_86,0.0,0,0,100,64.34782608695635,64.34782608695635,0.0,0.0,0.0,True,True,True,False,0.0,1023.6042652632406,0.0,0.0,0.0,0.0,1023.6042652632406
2026-02-09T20:30:00Z,2026-02-09T20:45:00Z,2026-02-09,2026-02-09_87,0.0,0,0,100,64.34782608695635,64.34782608695635,0.0,0.0,0.0,True,True,True,False,0.0,1023.6042652632406,0.0,0.0,0.0,0.0,1023.6042652632406
2026-02-09T20:45:00Z,2026-02-09T21:00:00Z,2026-02-09,2026-02-09_88,0.0,0,0,100,64.34782608695635,64.34782608695635,0.0,0.0,0.0,True,True,True,False,0.0,1023.6042652632406,0.0,0.0,0.0,0.0,1023.6042652632406
2026-02-09T21:00:00Z,2026-02-09T21:15:00Z,2026-02-09,2026-02-09_89,0.0,0,0,100,64.34782608695635,64.34782608695635,0.0,0.0,0.0,True,True,True,False,0.0,1023.6042652632406,0.0,0.0,0.0,0.0,1023.6042652632406
2026-02-09T21:15:00Z,2026-02-09T21:30:00Z,2026-02-09,2026-02-09_90,0.0,0,0,100,64.34782608695635,64.34782608695635,0.0,0.0,0.0,True,True,True,False,0.0,1023.6042652632406,0.0,0.0,0.0,0.0,1023.6042652632406
2026-02-09T21:30:00Z,2026-02-09T21:45:00Z,2026-02-09,2026-02-09_91,0.0,0,0,100,64.34782608695635,64.34782608695635,0.0,0.0,0.0,True,True,True,False,0.0,1023.6042652632406,0.0,0.0,0.0,0.0,1023.6042652632406
2026-02-09T21:45:00Z,2026-02-09T22:00:00Z,2026-02-09,2026-02-09_92,0.0,0,0,100,64.34782608695635,64.34782608695635,0.0,0.0,0.0,True,True,True,False,0.0,1023.6042652632406,0.0,0.0,0.0,0.0,1023.6042652632406
2026-02-09T22:00:00Z,2026-02-09T22:15:00Z,2026-02-10,2026-02-09_93,0.0,0,0,100,64.34782608695635,64.34782608695635,0.0,0.0,0.0,True,True,True,False,0.0,1023.3832017905524,0.0,0.0,0.0,0.0,1023.3832017905524
2026-02-09T22:15:00Z,2026-02-09T22:30:00Z,2026-02-10,2026-02-09_94,0.0,0,0,100,64.34782608695635,64.34782608695635,0.0,0.0,0.0,True,True,True,False,0.0,1023.3832017905524,0.0,0.0,0.0,0.0,1023.3832017905524
2026-02-09T22:30:00Z,2026-02-09T22:45:00Z,2026-02-10,2026-02-09_95,0.0,0,0,100,64.34782608695635,64.34782608695635,0.0,0.0,0.0,True,True,True,False,0.0,1023.3832017905524,0.0,0.0,0.0,0.0,1023.3832017905524
2026-02-09T22:45:00Z,2026-02-09T23:00:00Z,2026-02-10,2026-02-09_96,0.0,0,0,100,64.34782608695635,64.34782608695635,0.0,0.0,0.0,True,True,True,False,0.0,1023.3832017905524,0.0,0.0,0.0,0.0,1023.3832017905524
2026-02-09T23:00:00Z,2026-02-09T23:15:00Z,2026-02-10,2026-02-10_1,-100.0,100,0,0,64.34782608695635,67.46163180124206,0.008649460317460318,21.61542857142857,0.0,True,True,True,False,-2705.5,0.0,103.84026387089173,0.0,14029.30179694731,0.0,11427.642060818202
2026-02-09T23:15:00Z,2026-02-09T23:30:00Z,2026-02-10,2026-02-10_2,-100.0,100,0,0,67.46163180124206,78.01271751552778,0.029308571428571427,13.531428571428572,0.0,True,True,True,False,-2754.25,0.0,103.84026387089173,0.0,3254.3199950636404,0.0,603.9102589345321
2026-02-09T23:30:00Z,2026-02-09T23:45:00Z,2026-02-10,2026-02-10_3,-100.0,100,0,0,78.01271751552778,85.71863751552779,0.021405333333333332,16.624,0.0,True,True,True,False,-2783.75,0.0,103.84026387089173,0.0,4673.487031845133,0.0,1993.5772957160248
2026-02-09T23:45:00Z,2026-02-10T00:00:00Z,2026-02-10,2026-02-10_4,-100.0,100,0,0,85.71863751552779,100.65891180124207,0.04150076190476191,8.760571428571428,0.0,True,True,True,False,-2809.25,0.0,103.84026387089173,0.0,1506.1220357998304,0.0,-1199.2877003292779
2026-02-10T00:00:00Z,2026-02-10T00:15:00Z,2026-02-10,2026-02-10_5,0.0,0,0,100,100.65891180124207,100.65891180124207,0.0,0.0,0.0,True,True,True,False,0.0,1023.3832017905524,0.0,0.0,0.0,0.0,1023.3832017905524
2026-02-10T00:15:00Z,2026-02-10T00:30:00Z,2026-02-10,2026-02-10_6,0.0,0,0,100,100.65891180124207,100.65891180124207,0.0,0.0,0.0,True,True,True,False,0.0,1023.3832017905524,0.0,0.0,0.0,0.0,1023.3832017905524
2026-02-10T00:30:00Z,2026-02-10T00:45:00Z,2026-02-10,2026-02-10_7,0.0,0,0,100,100.65891180124207,100.65891180124207,0.0,0.0,0.0,True,True,True,False,0.0,1023.3832017905524,0.0,0.0,0.0,0.0,1023.3832017905524
2026-02-10T00:45:00Z,2026-02-10T01:00:00Z,2026-02-10,2026-02-10_8,0.0,0,0,100,100.65891180124207,100.65891180124207,0.0,0.0,0.0,True,True,True,False,0.0,1023.3832017905524,0.0,0.0,0.0,0.0,1023.3832017905524
2026-02-10T01:00:00Z,2026-02-10T01:15:00Z,2026-02-10,2026-02-10_9,0.0,0,0,100,100.65891180124207,100.65891180124207,0.0,0.0,0.0,True,True,True,False,0.0,1023.3832017905524,0.0,0.0,0.0,0.0,1023.3832017905524
2026-02-10T01:15:00Z,2026-02-10T01:30:00Z,2026-02-10,2026-02-10_10,0.0,0,0,100,100.65891180124207,100.65891180124207,0.0,0.0,0.0,True,True,True,False,0.0,1023.3832017905524,0.0,0.0,0.0,0.0,1023.3832017905524
2026-02-10T01:30:00Z,2026-02-10T01:45:00Z,2026-02-10,2026-02-10_11,0.0,0,0,100,100.65891180124207,100.65891180124207,0.0,0.0,0.0,True,True,True,False,0.0,1023.3832017905524,0.0,0.0,0.0,0.0,1023.3832017905524
2026-02-10T01:45:00Z,2026-02-10T02:00:00Z,2026-02-10,2026-02-10_12,0.0,0,0,100,100.65891180124207,100.65891180124207,0.0,0.0,0.0,True,True,True,False,0.0,1023.3832017905524,0.0,0.0,0.0,0.0,1023.3832017905524
2026-02-10T02:00:00Z,2026-02-10T02:15:00Z,2026-02-10,2026-02-10_13,-20.0,20,0,80,100.65891180124207,105.23367751552777,0.01270768253968254,0.027428571428571427,0.0,True,True,True,False,-551.5,818.706561432442,20.644363293674164,0.0,3.3480638809888426,0.0,291.198988607105
2026-02-10T02:15:00Z,2026-02-10T02:30:00Z,2026-02-10,2026-02-10_14,-20.0,20,0,80,105.23367751552777,108.68026037267063,0.00957384126984127,1.2537142857142858,0.0,True,True,True,False,-553.4000000000001,818.706561432442,20.644363293674164,0.0,213.66679366575232,0.0,499.6177183918684
2026-02-10T02:30:00Z,2026-02-10T02:45:00Z,2026-02-10,2026-02-10_15,-20.0,20,0,80,108.68026037267063,111.16594265838492,0.006904673015873015,2.298171428571429,0.0,True,True,True,False,-555.55,818.706561432442,20.644363293674164,0.0,473.1627880786902,0.0,756.9637128048064
2026-02-10T02:45:00Z,2026-02-10T03:00:00Z,2026-02-10,2026-02-10_16,-20.0,20,0,80,111.16594265838492,113.4654169440992,0.006387428571428571,2.500571428571429,0.0,True,True,True,False,-551.4,818.706561432442,20.644363293674164,0.0,603.1476081651887,0.0,891.0985328913048
2026-02-10T03:00:00Z,2026-02-10T03:15:00Z,2026-02-10,2026-02-10_17,-100.0,100,0,0,113.4654169440992,119.87860551552778,0.0178144126984127,18.02914285714286,0.0,True,True,True,False,-2768.5,0.0,103.22181646837082,0.0,4339.953152483045,0.0,1674.6749689514163
2026-02-10T03:15:00Z,2026-02-10T03:30:00Z,2026-02-10,2026-02-10_18,-100.0,100,0,0,119.87860551552778,121.67707408695635,0.004995746031746028,23.04514285714286,0.0,True,True,True,False,-2740.5,0.0,103.22181646837082,0.0,8931.347948100905,0.0,6294.069764569276
2026-02-10T03:30:00Z,2026-02-10T03:45:00Z,2026-02-10,2026-02-10_19,-100.0,100,0,0,121.67707408695635,125.78132551552778,0.011400698412698416,20.538857142857143,0.0,True,True,True,False,-2774.5,0.0,103.22181646837082,0.0,5987.217589485553,0.0,3315.9394059539236
2026-02-10T03:45:00Z,2026-02-10T04:00:00Z,2026-02-10,2026-02-10_20,-100.0,100,0,0,125.78132551552778,143.89796551552777,0.050324,5.308,0.0,True,True,True,False,-2824.5,0.0,103.22181646837082,0.0,926.017460242667,0.0,-1795.2607232889623
2026-02-10T04:00:00Z,2026-02-10T04:15:00Z,2026-02-10,2026-02-10_21,0.0,0,0,100,143.89796551552777,143.89796551552777,0.0,0.0,0.0,True,True,True,False,0.0,1023.3832017905524,0.0,0.0,0.0,0.0,1023.3832017905524
2026-02-10T04:15:00Z,2026-02-10T04:30:00Z,2026-02-10,2026-02-10_22,0.0,0,0,100,143.89796551552777,143.89796551552777,0.0,0.0,0.0,True,True,True,False,0.0,1023.3832017905524,0.0,0.0,0.0,0.0,1023.3832017905524
2026-02-10T04:30:00Z,2026-02-10T04:45:00Z,2026-02-10,2026-02-10_23,0.0,0,0,100,143.89796551552777,143.89796551552777,0.0,0.0,0.0,True,True,True,False,0.0,1023.3832017905524,0.0,0.0,0.0,0.0,1023.3832017905524
2026-02-10T04:45:00Z,2026-02-10T05:00:00Z,2026-02-10,2026-02-10_24,-1.008693728538781e-13,0,0,100,143.89796551552777,143.8979655155278,6.444432154553323e-17,0.0,0.0,True,True,True,False,-2.9920377722781595e-12,1023.3832017905524,0.0,0.0,0.0,0.0,1023.3832017905495
2026-02-10T05:00:00Z,2026-02-10T05:15:00Z,2026-02-10,2026-02-10_25,0.0,0,0,100,143.8979655155278,143.8979655155278,0.0,0.0,0.0,True,True,True,False,0.0,1023.3832017905524,0.0,0.0,0.0,0.0,1023.3832017905524
2026-02-10T05:15:00Z,2026-02-10T05:30:00Z,2026-02-10,2026-02-10_26,0.0,0,0,100,143.8979655155278,143.8979655155278,0.0,0.0,0.0,True,True,True,False,0.0,1023.3832017905524,0.0,0.0,0.0,0.0,1023.3832017905524
2026-02-10T05:30:00Z,2026-02-10T05:45:00Z,2026-02-10,2026-02-10_27,0.0,0,0,100,143.8979655155278,143.8979655155278,0.0,0.0,0.0,True,True,True,False,0.0,1023.3832017905524,0.0,0.0,0.0,0.0,1023.3832017905524
2026-02-10T05:45:00Z,2026-02-10T06:00:00Z,2026-02-10,2026-02-10_28,0.0,0,0,100,143.8979655155278,143.8979655155278,0.0,0.0,0.0,True,True,True,False,0.0,1023.3832017905524,0.0,0.0,0.0,0.0,1023.3832017905524
2026-02-10T06:00:00Z,2026-02-10T06:15:00Z,2026-02-10,2026-02-10_29,0.0,0,0,100,143.8979655155278,143.8979655155278,0.0,0.0,0.0,True,True,True,False,0.0,1023.3832017905524,0.0,0.0,0.0,0.0,1023.3832017905524
2026-02-10T06:15:00Z,2026-02-10T06:30:00Z,2026-02-10,2026-02-10_30,0.0,0,0,100,143.8979655155278,143.8979655155278,0.0,0.0,0.0,True,True,True,False,0.0,1023.3832017905524,0.0,0.0,0.0,0.0,1023.3832017905524
2026-02-10T06:30:00Z,2026-02-10T06:45:00Z,2026-02-10,2026-02-10_31,0.0,0,0,100,143.8979655155278,143.8979655155278,0.0,0.0,0.0,True,True,True,False,0.0,1023.3832017905524,0.0,0.0,0.0,0.0,1023.3832017905524
2026-02-10T06:45:00Z,2026-02-10T07:00:00Z,2026-02-10,2026-02-10_32,0.0,0,0,100,143.8979655155278,143.8979655155278,0.0,0.0,0.0,True,True,True,False,0.0,1023.3832017905524,0.0,0.0,0.0,0.0,1023.3832017905524
2026-02-10T07:00:00Z,2026-02-10T07:15:00Z,2026-02-10,2026-02-10_33,100.0,0,100,0,143.8979655155278,133.3954810434781,0.02917356797791581,0.0,15.337714285714284,True,True,True,False,4260.75,0.0,0.0,47.64989987042055,0.0,1424.0128492334618,5732.412749103883
2026-02-10T07:15:00Z,2026-02-10T07:30:00Z,2026-02-10,2026-02-10_34,100.0,0,100,0,133.3954810434781,125.83585371428555,0.02099896480331263,0.0,18.045142857142856,True,True,True,False,4328.5,0.0,0.0,47.64989987042055,0.0,-177.67737845615335,4198.472521414267
2026-02-10T07:30:00Z,2026-02-10T07:45:00Z,2026-02-10,2026-02-10_35,100.0,0,100,0,125.83585371428555,115.5234313540371,0.0286456176673568,0.0,15.512571428571428,True,True,True,False,4002.7500000000005,0.0,0.0,47.64989987042055,0.0,-295.22128367803714,3755.1786161923837
2026-02-10T07:45:00Z,2026-02-10T08:00:00Z,2026-02-10,2026-02-10_36,100.00000000000007,0,100,0,115.5234313540371,109.24951831055883,0.01742753623188411,0.0,19.228,True,True,True,False,3799.2500000000027,0.0,0.0,47.64989987042055,0.0,602.6577822279813,4449.557682098404
2026-02-10T08:00:00Z,2026-02-10T08:15:00Z,2026-02-10,2026-02-10_37,0.0,0,0,100,109.24951831055883,109.24951831055883,0.0,0.0,0.0,True,True,True,False,0.0,1023.3832017905524,0.0,0.0,0.0,0.0,1023.3832017905524
2026-02-10T08:15:00Z,2026-02-10T08:30:00Z,2026-02-10,2026-02-10_38,0.0,0,0,100,109.24951831055883,109.24951831055883,0.0,0.0,0.0,True,True,True,False,0.0,1023.3832017905524,0.0,0.0,0.0,0.0,1023.3832017905524
2026-02-10T08:30:00Z,2026-02-10T08:45:00Z,2026-02-10,2026-02-10_39,0.0,0,0,100,109.24951831055883,109.24951831055883,0.0,0.0,0.0,True,True,True,False,0.0,1023.3832017905524,0.0,0.0,0.0,0.0,1023.3832017905524
2026-02-10T08:45:00Z,2026-02-10T09:00:00Z,2026-02-10,2026-02-10_40,0.0,0,0,100,109.24951831055883,109.24951831055883,0.0,0.0,0.0,True,True,True,False,0.0,1023.3832017905524,0.0,0.0,0.0,0.0,1023.3832017905524
2026-02-10T09:00:00Z,2026-02-10T09:15:00Z,2026-02-10,2026-02-10_41,0.0,0,0,100,109.24951831055883,109.24951831055883,0.0,0.0,0.0,True,True,True,False,0.0,1023.3832017905524,0.0,0.0,0.0,0.0,1023.3832017905524
2026-02-10T09:15:00Z,2026-02-10T09:30:00Z,2026-02-10,2026-02-10_42,0.0,0,0,100,109.24951831055883,109.24951831055883,0.0,0.0,0.0,True,True,True,False,0.0,1023.3832017905524,0.0,0.0,0.0,0.0,1023.3832017905524
2026-02-10T09:30:00Z,2026-02-10T09:45:00Z,2026-02-10,2026-02-10_43,0.0,0,0,100,109.24951831055883,109.24951831055883,0.0,0.0,0.0,True,True,True,False,0.0,1023.3832017905524,0.0,0.0,0.0,0.0,1023.3832017905524
2026-02-10T09:45:00Z,2026-02-10T10:00:00Z,2026-02-10,2026-02-10_44,0.0,0,0,100,109.24951831055883,109.24951831055883,0.0,0.0,0.0,True,True,True,False,0.0,1023.3832017905524,0.0,0.0,0.0,0.0,1023.3832017905524
2026-02-10T10:00:00Z,2026-02-10T10:15:00Z,2026-02-10,2026-02-10_45,-68.78070563865548,100,0,0,109.24951831055883,118.6686250931677,0.038576494328206534,6.584,0.0,True,True,True,False,-2319.113442371366,0.0,103.66356461302863,0.0,1103.7112844072722,0.0,-1111.7385933510652
2026-02-10T10:15:00Z,2026-02-10T10:30:00Z,2026-02-10,2026-02-10_46,0.0,100,0,0,118.6686250931677,116.58166857142858,0.005797101449275362,1.92,0.0,True,True,True,False,0.0,0.0,103.66356461302863,0.0,287.717281187419,0.0,391.3808458004477
2026-02-10T10:30:00Z,2026-02-10T10:45:00Z,2026-02-10,2026-02-10_47,-100.0,100,0,0,116.58166857142858,131.20861714285715,0.04063041269841269,9.101142857142856,0.0,True,True,True,False,-3132.75,0.0,103.66356461302863,0.0,2837.9023055046023,0.0,-191.1841298823691
2026-02-10T10:45:00Z,2026-02-10T11:00:00Z,2026-02-10,2026-02-10_48,-100.0,100,0,0,131.20861714285715,136.42633142857144,0.014493650793650786,19.328571428571433,0.0,True,True,True,False,-3091.0,0.0,103.66356461302863,0.0,10798.935168200867,0.0,7811.598732813896
2026-02-10T11:00:00Z,2026-02-10T11:15:00Z,2026-02-10,2026-02-10_49,0.0,0,0,100,136.42633142857144,136.42633142857144,0.0,0.0,0.0,True,True,True,False,0.0,1023.3832017905524,0.0,0.0,0.0,0.0,1023.3832017905524
2026-02-10T11:15:00Z,2026-02-10T11:30:00Z,2026-02-10,2026-02-10_50,0.0,0,0,100,136.42633142857144,136.42633142857144,0.0,0.0,0.0,True,True,True,False,0.0,1023.3832017905524,0.0,0.0,0.0,0.0,1023.3832017905524
2026-02-10T11:30:00Z,2026-02-10T11:45:00Z,2026-02-10,2026-02-10_51,0.0,0,0,100,136.42633142857144,136.42633142857144,0.0,0.0,0.0,True,True,True,False,0.0,1023.3832017905524,0.0,0.0,0.0,0.0,1023.3832017905524
2026-02-10T11:45:00Z,2026-02-10T12:00:00Z,2026-02-10,2026-02-10_52,0.0,0,0,100,136.42633142857144,136.42633142857144,0.0,0.0,0.0,True,True,True,False,0.0,1023.3832017905524,0.0,0.0,0.0,0.0,1023.3832017905524
2026-02-10T12:00:00Z,2026-02-10T12:15:00Z,2026-02-10,2026-02-10_53,0.0,0,0,100,136.42633142857144,136.42633142857144,0.0,0.0,0.0,True,True,True,False,0.0,1023.3832017905524,0.0,0.0,0.0,0.0,1023.3832017905524
2026-02-10T12:15:00Z,2026-02-10T12:30:00Z,2026-02-10,2026-02-10_54,0.0,0,0,100,136.42633142857144,136.42633142857144,0.0,0.0,0.0,True,True,True,False,0.0,1023.3832017905524,0.0,0.0,0.0,0.0,1023.3832017905524
2026-02-10T12:30:00Z,2026-02-10T12:45:00Z,2026-02-10,2026-02-10_55,0.0,0,0,100,136.42633142857144,136.42633142857144,0.0,0.0,0.0,True,True,True,False,0.0,1023.3832017905524,0.0,0.0,0.0,0.0,1023.3832017905524
2026-02-10T12:45:00Z,2026-02-10T13:00:00Z,2026-02-10,2026-02-10_56,0.0,0,0,100,136.42633142857144,136.42633142857144,0.0,0.0,0.0,True,True,True,False,0.0,1023.3832017905524,0.0,0.0,0.0,0.0,1023.3832017905524
2026-02-10T13:00:00Z,2026-02-10T13:15:00Z,2026-02-10,2026-02-10_57,-100.0,100,0,0,136.42633142857144,151.79033142857145,0.04267777777777778,8.3,0.0,True,True,True,False,-3122.25,0.0,106.57910236777005,0.0,1447.7644991557704,0.0,-1567.9063984764596
2026-02-10T13:15:00Z,2026-02-10T13:30:00Z,2026-02-10,2026-02-10_58,-100.0,100,0,0,151.79033142857145,158.66299428571432,0.019090730158730165,17.529714285714284,0.0,True,True,True,False,-3250.75,0.0,106.57910236777005,0.0,5135.228167993313,0.0,1991.057270361083
2026-02-10T13:30:00Z,2026-02-10T13:45:00Z,2026-02-10,2026-02-10_59,-100.0,100,0,0,158.66299428571432,165.89945142857147,0.020101269841269843,17.134285714285713,0.0,True,True,True,False,-3480.25,0.0,106.57910236777005,0.0,5099.581104959359,0.0,1725.9102073271295
2026-02-10T13:45:00Z,2026-02-10T14:00:00Z,2026-02-10,2026-02-10_60,-1.6411992537937098e-14,100,0,0,165.89945142857147,161.26094211180128,0.012884748102139411,4.267428571428571,0.0,True,True,True,False,-6.297281536806464e-13,0.0,106.57910236777005,0.0,790.3121206715692,0.0,896.8912230393387
2026-02-10T14:00:00Z,2026-02-10T14:15:00Z,2026-02-10,2026-02-10_61,-5.647656255701883e-14,100,100,0,161.26094211180128,157.319327204969,0.010948930296756408,3.6262857142857143,0.0,True,True,True,False,-1.83817091982457e-12,0.0,106.57910236777005,51.920131935445866,629.5892412029012,0.0,788.0884755061153
2026-02-10T14:15:00Z,2026-02-10T14:30:00Z,2026-02-10,2026-02-10_62,0.0,100,100,0,157.319327204969,147.72553838509322,0.026649413388543822,8.826285714285714,0.0,True,True,True,False,0.0,0.0,106.57910236777005,51.920131935445866,1905.0699170354915,0.0,2063.5691513387073
2026-02-10T14:30:00Z,2026-02-10T14:45:00Z,2026-02-10,2026-02-10_63,0.0,100,100,0,147.72553838509322,134.2106315527951,0.037541407867494825,12.433714285714286,0.0,True,True,True,False,0.0,0.0,106.57910236777005,51.920131935445866,2971.133845144136,0.0,3129.633079447352
2026-02-10T14:45:00Z,2026-02-10T15:00:00Z,2026-02-10,2026-02-10_64,0.0,100,100,0,134.2106315527951,107.43237068322988,0.0743840579710145,24.636,0.0,True,True,True,False,0.0,0.0,106.57910236777005,51.920131935445866,12021.38515255036,0.0,12179.884386853575
2026-02-10T15:00:00Z,2026-02-10T15:15:00Z,2026-02-10,2026-02-10_65,0.0,0,0,100,107.43237068322988,107.43237068322988,0.0,0.0,0.0,True,True,True,False,0.0,1023.3832017905524,0.0,0.0,0.0,0.0,1023.3832017905524
2026-02-10T15:15:00Z,2026-02-10T15:30:00Z,2026-02-10,2026-02-10_66,0.0,0,0,100,107.43237068322988,107.43237068322988,0.0,0.0,0.0,True,True,True,False,0.0,1023.3832017905524,0.0,0.0,0.0,0.0,1023.3832017905524
2026-02-10T15:30:00Z,2026-02-10T15:45:00Z,2026-02-10,2026-02-10_67,0.0,0,0,100,107.43237068322988,107.43237068322988,0.0,0.0,0.0,True,True,True,False,0.0,1023.3832017905524,0.0,0.0,0.0,0.0,1023.3832017905524
2026-02-10T15:45:00Z,2026-02-10T16:00:00Z,2026-02-10,2026-02-10_68,0.0,0,0,100,107.43237068322988,107.43237068322988,0.0,0.0,0.0,True,True,True,False,0.0,1023.3832017905524,0.0,0.0,0.0,0.0,1023.3832017905524
2026-02-10T16:00:00Z,2026-02-10T16:15:00Z,2026-02-10,2026-02-10_69,0.0,100,100,0,107.43237068322988,87.40690484472057,0.0556262939958592,18.42342857142857,0.0,True,True,True,False,0.0,0.0,102.1027211685711,48.73954529390977,6330.3506800397145,0.0,6481.192946502195
2026-02-10T16:15:00Z,2026-02-10T16:30:00Z,2026-02-10,2026-02-10_70,0.0,100,100,0,87.40690484472057,72.36653217391311,0.041778812974465146,13.837142857142856,0.0,True,True,True,False,0.0,0.0,102.1027211685711,48.73954529390977,3325.2093583292663,0.0,3476.051624791747
2026-02-10T16:30:00Z,2026-02-10T16:45:00Z,2026-02-10,2026-02-10_71,0.0,100,100,0,72.36653217391311,64.98081788819883,0.020515873015873015,6.7948571428571425,0.0,True,True,True,False,0.0,0.0,102.1027211685711,48.73954529390977,1240.7237850663885,0.0,1391.5660515288694
2026-02-10T16:45:00Z,2026-02-10T17:00:00Z,2026-02-10,2026-02-10_72,0.0,100,100,0,64.98081788819883,64.34782608695659,0.0031105645272601797,0.8062857142857143,0.26457142857142857,True,True,True,False,0.0,0.0,102.1027211685711,48.73954529390977,115.53105172520179,-20.829532896914216,245.54378529076843
2026-02-10T17:00:00Z,2026-02-10T17:15:00Z,2026-02-10,2026-02-10_73,0.0,0,0,100,64.34782608695659,64.34782608695659,0.0,0.0,0.0,True,True,True,False,0.0,1023.3832017905524,0.0,0.0,0.0,0.0,1023.3832017905524
2026-02-10T17:15:00Z,2026-02-10T17:30:00Z,2026-02-10,2026-02-10_74,0.0,0,0,100,64.34782608695659,64.34782608695659,0.0,0.0,0.0,True,True,True,False,0.0,1023.3832017905524,0.0,0.0,0.0,0.0,1023.3832017905524
2026-02-10T17:30:00Z,2026-02-10T17:45:00Z,2026-02-10,2026-02-10_75,0.0,0,0,100,64.34782608695659,64.34782608695659,0.0,0.0,0.0,True,True,True,False,0.0,1023.3832017905524,0.0,0.0,0.0,0.0,1023.3832017905524
2026-02-10T17:45:00Z,2026-02-10T18:00:00Z,2026-02-10,2026-02-10_76,0.0,0,0,100,64.34782608695659,64.34782608695659,0.0,0.0,0.0,True,True,True,False,0.0,1023.3832017905524,0.0,0.0,0.0,0.0,1023.3832017905524
2026-02-10T18:00:00Z,2026-02-10T18:15:00Z,2026-02-10,2026-02-10_77,0.0,0,0,100,64.34782608695659,64.34782608695659,0.0,0.0,0.0,True,True,True,False,0.0,1023.3832017905524,0.0,0.0,0.0,0.0,1023.3832017905524
2026-02-10T18:15:00Z,2026-02-10T18:30:00Z,2026-02-10,2026-02-10_78,0.0,0,0,100,64.34782608695659,64.34782608695659,0.0,0.0,0.0,True,True,True,False,0.0,1023.3832017905524,0.0,0.0,0.0,0.0,1023.3832017905524
2026-02-10T18:30:00Z,2026-02-10T18:45:00Z,2026-02-10,2026-02-10_79,0.0,0,0,100,64.34782608695659,64.34782608695659,0.0,0.0,0.0,True,True,True,False,0.0,1023.3832017905524,0.0,0.0,0.0,0.0,1023.3832017905524
2026-02-10T18:45:00Z,2026-02-10T19:00:00Z,2026-02-10,2026-02-10_80,0.0,0,0,100,64.34782608695659,64.34782608695659,0.0,0.0,0.0,True,True,True,False,0.0,1023.3832017905524,0.0,0.0,0.0,0.0,1023.3832017905524
2026-02-10T19:00:00Z,2026-02-10T19:15:00Z,2026-02-10,2026-02-10_81,0.0,0,0,100,64.34782608695659,64.34782608695659,0.0,0.0,0.0,True,True,True,False,0.0,1023.3832017905524,0.0,0.0,0.0,0.0,1023.3832017905524
2026-02-10T19:15:00Z,2026-02-10T19:30:00Z,2026-02-10,2026-02-10_82,0.0,0,0,100,64.34782608695659,64.34782608695659,0.0,0.0,0.0,True,True,True,False,0.0,1023.3832017905524,0.0,0.0,0.0,0.0,1023.3832017905524
2026-02-10T19:30:00Z,2026-02-10T19:45:00Z,2026-02-10,2026-02-10_83,0.0,0,0,100,64.34782608695659,64.34782608695659,0.0,0.0,0.0,True,True,True,False,0.0,1023.3832017905524,0.0,0.0,0.0,0.0,1023.3832017905524
2026-02-10T19:45:00Z,2026-02-10T20:00:00Z,2026-02-10,2026-02-10_84,0.0,0,0,100,64.34782608695659,64.34782608695659,0.0,0.0,0.0,True,True,True,False,0.0,1023.3832017905524,0.0,0.0,0.0,0.0,1023.3832017905524
2026-02-10T20:00:00Z,2026-02-10T20:15:00Z,2026-02-10,2026-02-10_85,-45.999999999999986,100,54,0,64.34782608695659,62.173301227329254,0.03513232397515528,12.626285714285714,0.0,True,True,True,False,-1465.5599999999995,0.0,105.10660855224408,26.939568853810815,6061.8938022875545,0.0,4728.37997969361
2026-02-10T20:15:00Z,2026-02-10T20:30:00Z,2026-02-10,2026-02-10_86,-46.0,100,54,0,62.173301227329254,59.1525538186336,0.035513382801932364,13.464,0.0,True,True,True,False,-1428.53,0.0,105.10660855224408,26.939568853810815,3417.855987748852,0.0,2121.3721651549067
2026-02-10T20:30:00Z,2026-02-10T20:45:00Z,2026-02-10,2026-02-10_87,-46.0,100,54,0,59.1525538186336,64.06172911304354,0.031960821642512086,5.619428571428571,0.006171428571428572,True,True,True,False,-1387.705,0.0,105.10660855224408,26.939568853810815,954.5426996280901,-0.48587247362132513,-301.6019954394763
2026-02-10T20:45:00Z,2026-02-10T21:00:00Z,2026-02-10,2026-02-10_88,-1.9696540417032575,100,54,0,64.06172911304354,64.34782608695659,0.0031828927069205556,0.4034285714285714,0.29375999999999997,True,True,True,False,-58.34607685035474,0.0,105.10660855224408,26.939568853810815,53.22739971615929,-21.399943644716686,105.52755662714276
2026-02-10T21:00:00Z,2026-02-10T21:15:00Z,2026-02-10,2026-02-10_89,0.0,0,0,100,64.34782608695659,64.34782608695659,0.0,0.0,0.0,True,True,True,False,0.0,1023.3832017905524,0.0,0.0,0.0,0.0,1023.3832017905524
2026-02-10T21:15:00Z,2026-02-10T21:30:00Z,2026-02-10,2026-02-10_90,0.0,0,0,100,64.34782608695659,64.34782608695659,0.0,0.0,0.0,True,True,True,False,0.0,1023.3832017905524,0.0,0.0,0.0,0.0,1023.3832017905524
2026-02-10T21:30:00Z,2026-02-10T21:45:00Z,2026-02-10,2026-02-10_91,0.0,0,0,100,64.34782608695659,64.34782608695659,0.0,0.0,0.0,True,True,True,False,0.0,1023.3832017905524,0.0,0.0,0.0,0.0,1023.3832017905524
2026-02-10T21:45:00Z,2026-02-10T22:00:00Z,2026-02-10,2026-02-10_92,0.0,0,0,100,64.34782608695659,64.34782608695659,0.0,0.0,0.0,True,True,True,False,0.0,1023.3832017905524,0.0,0.0,0.0,0.0,1023.3832017905524
2026-02-10T22:00:00Z,2026-02-10T22:15:00Z,2026-02-11,2026-02-10_93,0.0,0,0,100,64.34782608695659,64.34782608695659,0.0,0.0,0.0,True,True,True,False,0.0,1023.8656452563348,0.0,0.0,0.0,0.0,1023.8656452563348
2026-02-10T22:15:00Z,2026-02-10T22:30:00Z,2026-02-11,2026-02-10_94,0.0,0,0,100,64.34782608695659,64.34782608695659,0.0,0.0,0.0,True,True,True,False,0.0,1023.8656452563348,0.0,0.0,0.0,0.0,1023.8656452563348
2026-02-10T22:30:00Z,2026-02-10T22:45:00Z,2026-02-11,2026-02-10_95,0.0,0,0,100,64.34782608695659,64.34782608695659,0.0,0.0,0.0,True,True,True,False,0.0,1023.8656452563348,0.0,0.0,0.0,0.0,1023.8656452563348
2026-02-10T22:45:00Z,2026-02-10T23:00:00Z,2026-02-11,2026-02-10_96,0.0,0,0,100,64.34782608695659,64.34782608695659,0.0,0.0,0.0,True,True,True,False,0.0,1023.8656452563348,0.0,0.0,0.0,0.0,1023.8656452563348
2026-02-10T23:00:00Z,2026-02-10T23:15:00Z,2026-02-11,2026-02-11_1,0.0,0,0,100,64.34782608695659,64.34782608695659,0.0,0.0,0.0,True,True,True,False,0.0,1023.8656452563348,0.0,0.0,0.0,0.0,1023.8656452563348
2026-02-10T23:15:00Z,2026-02-10T23:30:00Z,2026-02-11,2026-02-11_2,0.0,0,0,100,64.34782608695659,64.34782608695659,0.0,0.0,0.0,True,True,True,False,0.0,1023.8656452563348,0.0,0.0,0.0,0.0,1023.8656452563348
2026-02-10T23:30:00Z,2026-02-10T23:45:00Z,2026-02-11,2026-02-11_3,0.0,0,0,100,64.34782608695659,64.34782608695659,0.0,0.0,0.0,True,True,True,False,0.0,1023.8656452563348,0.0,0.0,0.0,0.0,1023.8656452563348
2026-02-10T23:45:00Z,2026-02-11T00:00:00Z,2026-02-11,2026-02-11_4,0.0,0,0,100,64.34782608695659,64.34782608695659,0.0,0.0,0.0,True,True,True,False,0.0,1023.8656452563348,0.0,0.0,0.0,0.0,1023.8656452563348
2026-02-11T00:00:00Z,2026-02-11T00:15:00Z,2026-02-11,2026-02-11_5,-100.0,100,0,0,64.34782608695659,69.9193460869566,0.015476444444444445,18.944,0.0,True,True,True,False,-2577.75,0.0,107.66057748968768,0.0,5886.404261638185,0.0,3416.3148391278723
2026-02-11T00:15:00Z,2026-02-11T00:30:00Z,2026-02-11,2026-02-11_6,-100.0,100,0,0,69.9193460869566,80.27749465838517,0.02877263492063492,13.741142857142858,0.0,True,True,True,False,-2576.25,0.0,107.66057748968768,0.0,3584.0765689592276,0.0,1115.4871464489154
2026-02-11T00:30:00Z,2026-02-11T00:45:00Z,2026-02-11,2026-02-11_7,-0.3401784128200902,100,0,0,80.27749465838517,71.08356443229819,0.025824972809734892,8.534857142857142,0.0,True,True,True,False,-8.759594130117323,0.0,107.66057748968768,0.0,1556.7807427112268,0.0,1655.6817260707971
2026-02-11T00:45:00Z,2026-02-11T01:00:00Z,2026-02-11,2026-02-11_8,0.0,100,0,0,71.08356443229819,70.43511722732924,0.0018012422360248448,0.5965714285714286,0.0,True,True,True,False,0.0,0.0,107.66057748968768,0.0,89.77433251957237,0.0,197.43491000926005
2026-02-11T01:00:00Z,2026-02-11T01:15:00Z,2026-02-11,2026-02-11_9,0.0,0,0,100,70.43511722732924,70.43511722732924,0.0,0.0,0.0,True,True,True,False,0.0,1023.8656452563348,0.0,0.0,0.0,0.0,1023.8656452563348
2026-02-11T01:15:00Z,2026-02-11T01:30:00Z,2026-02-11,2026-02-11_10,0.0,0,0,100,70.43511722732924,70.43511722732924,0.0,0.0,0.0,True,True,True,False,0.0,1023.8656452563348,0.0,0.0,0.0,0.0,1023.8656452563348
2026-02-11T01:30:00Z,2026-02-11T01:45:00Z,2026-02-11,2026-02-11_11,0.0,0,0,100,70.43511722732924,70.43511722732924,0.0,0.0,0.0,True,True,True,False,0.0,1023.8656452563348,0.0,0.0,0.0,0.0,1023.8656452563348
2026-02-11T01:45:00Z,2026-02-11T02:00:00Z,2026-02-11,2026-02-11_12,0.0,0,0,100,70.43511722732924,70.43511722732924,0.0,0.0,0.0,True,True,True,False,0.0,1023.8656452563348,0.0,0.0,0.0,0.0,1023.8656452563348
2026-02-11T02:00:00Z,2026-02-11T02:15:00Z,2026-02-11,2026-02-11_13,0.0,0,0,100,70.43511722732924,70.43511722732924,0.0,0.0,0.0,True,True,True,False,0.0,1023.8656452563348,0.0,0.0,0.0,0.0,1023.8656452563348
2026-02-11T02:15:00Z,2026-02-11T02:30:00Z,2026-02-11,2026-02-11_14,0.0,0,0,100,70.43511722732924,70.43511722732924,0.0,0.0,0.0,True,True,True,False,0.0,1023.8656452563348,0.0,0.0,0.0,0.0,1023.8656452563348
2026-02-11T02:30:00Z,2026-02-11T02:45:00Z,2026-02-11,2026-02-11_15,0.0,0,0,100,70.43511722732924,70.43511722732924,0.0,0.0,0.0,True,True,True,False,0.0,1023.8656452563348,0.0,0.0,0.0,0.0,1023.8656452563348
2026-02-11T02:45:00Z,2026-02-11T03:00:00Z,2026-02-11,2026-02-11_16,0.0,0,0,100,70.43511722732924,70.43511722732924,0.0,0.0,0.0,True,True,True,False,0.0,1023.8656452563348,0.0,0.0,0.0,0.0,1023.8656452563348
2026-02-11T03:00:00Z,2026-02-11T03:15:00Z,2026-02-11,2026-02-11_17,0.0,0,0,100,70.43511722732924,70.43511722732924,0.0,0.0,0.0,True,True,True,False,0.0,1023.8656452563348,0.0,0.0,0.0,0.0,1023.8656452563348
2026-02-11T03:15:00Z,2026-02-11T03:30:00Z,2026-02-11,2026-02-11_18,0.0,0,0,100,70.43511722732924,70.43511722732924,0.0,0.0,0.0,True,True,True,False,0.0,1023.8656452563348,0.0,0.0,0.0,0.0,1023.8656452563348
2026-02-11T03:30:00Z,2026-02-11T03:45:00Z,2026-02-11,2026-02-11_19,0.0,0,0,100,70.43511722732924,70.43511722732924,0.0,0.0,0.0,True,True,True,False,0.0,1023.8656452563348,0.0,0.0,0.0,0.0,1023.8656452563348
2026-02-11T03:45:00Z,2026-02-11T04:00:00Z,2026-02-11,2026-02-11_20,0.0,0,0,100,70.43511722732924,70.43511722732924,0.0,0.0,0.0,True,True,True,False,0.0,1023.8656452563348,0.0,0.0,0.0,0.0,1023.8656452563348
2026-02-11T04:00:00Z,2026-02-11T04:15:00Z,2026-02-11,2026-02-11_21,0.0,0,0,100,70.43511722732924,70.43511722732924,0.0,0.0,0.0,True,True,True,False,0.0,1023.8656452563348,0.0,0.0,0.0,0.0,1023.8656452563348
2026-02-11T04:15:00Z,2026-02-11T04:30:00Z,2026-02-11,2026-02-11_22,0.0,0,0,100,70.43511722732924,70.43511722732924,0.0,0.0,0.0,True,True,True,False,0.0,1023.8656452563348,0.0,0.0,0.0,0.0,1023.8656452563348
2026-02-11T04:30:00Z,2026-02-11T04:45:00Z,2026-02-11,2026-02-11_23,0.0,0,0,100,70.43511722732924,70.43511722732924,0.0,0.0,0.0,True,True,True,False,0.0,1023.8656452563348,0.0,0.0,0.0,0.0,1023.8656452563348
2026-02-11T04:45:00Z,2026-02-11T05:00:00Z,2026-02-11,2026-02-11_24,0.0,0,0,100,70.43511722732924,70.43511722732924,0.0,0.0,0.0,True,True,True,False,0.0,1023.8656452563348,0.0,0.0,0.0,0.0,1023.8656452563348
2026-02-11T05:00:00Z,2026-02-11T05:15:00Z,2026-02-11,2026-02-11_25,0.0,0,0,100,70.43511722732924,70.43511722732924,0.0,0.0,0.0,True,True,True,False,0.0,1023.8656452563348,0.0,0.0,0.0,0.0,1023.8656452563348
2026-02-11T05:15:00Z,2026-02-11T05:30:00Z,2026-02-11,2026-02-11_26,0.0,0,0,100,70.43511722732924,70.43511722732924,0.0,0.0,0.0,True,True,True,False,0.0,1023.8656452563348,0.0,0.0,0.0,0.0,1023.8656452563348
2026-02-11T05:30:00Z,2026-02-11T05:45:00Z,2026-02-11,2026-02-11_27,0.0,0,0,100,70.43511722732924,70.43511722732924,0.0,0.0,0.0,True,True,True,False,0.0,1023.8656452563348,0.0,0.0,0.0,0.0,1023.8656452563348
2026-02-11T05:45:00Z,2026-02-11T06:00:00Z,2026-02-11,2026-02-11_28,0.0,0,0,100,70.43511722732924,70.43511722732924,0.0,0.0,0.0,True,True,True,False,0.0,1023.8656452563348,0.0,0.0,0.0,0.0,1023.8656452563348
2026-02-11T06:00:00Z,2026-02-11T06:15:00Z,2026-02-11,2026-02-11_29,0.0,0,0,100,70.43511722732924,70.43511722732924,0.0,0.0,0.0,True,True,True,False,0.0,1023.8656452563348,0.0,0.0,0.0,0.0,1023.8656452563348
2026-02-11T06:15:00Z,2026-02-11T06:30:00Z,2026-02-11,2026-02-11_30,0.0,0,0,100,70.43511722732924,70.43511722732924,0.0,0.0,0.0,True,True,True,False,0.0,1023.8656452563348,0.0,0.0,0.0,0.0,1023.8656452563348
2026-02-11T06:30:00Z,2026-02-11T06:45:00Z,2026-02-11,2026-02-11_31,0.0,0,0,100,70.43511722732924,70.43511722732924,0.0,0.0,0.0,True,True,True,False,0.0,1023.8656452563348,0.0,0.0,0.0,0.0,1023.8656452563348
2026-02-11T06:45:00Z,2026-02-11T07:00:00Z,2026-02-11,2026-02-11_32,0.0,0,0,100,70.43511722732924,70.43511722732924,0.0,0.0,0.0,True,True,True,False,0.0,1023.8656452563348,0.0,0.0,0.0,0.0,1023.8656452563348
2026-02-11T07:00:00Z,2026-02-11T07:15:00Z,2026-02-11,2026-02-11_33,2.99999999999997,8,11,89,70.43511722732924,69.61332456149073,0.0025652412146307583,0.07355428571428571,0.07599428571428572,True,True,True,False,102.27749999999898,911.2404242781379,7.754861520329992,5.240718915733648,11.195335041670173,-4.899713285630104,1032.8091264702405
2026-02-11T07:15:00Z,2026-02-11T07:30:00Z,2026-02-11,2026-02-11_34,2.99999999999997,8,11,89,69.61332456149073,68.63378418881993,0.0027209454796411087,0.15117714285714284,0.0,True,True,True,False,90.6974999999991,911.2404242781379,7.754861520329992,5.240718915733648,24.077491497039592,0.0,1039.0109962112401
2026-02-11T07:30:00Z,2026-02-11T07:45:00Z,2026-02-11,2026-02-11_35,0.0,8,11,89,68.63378418881993,68.71772950062118,0.0003010903243616287,0.011245714285714286,0.10453142857142857,True,True,True,False,0.0,911.2404242781379,7.754861520329992,5.240718915733648,1.6923883289839212,-7.221518118809102,918.7068749243764
2026-02-11T07:45:00Z,2026-02-11T08:00:00Z,2026-02-11,2026-02-11_36,0.0,8,11,89,68.71772950062118,68.32938254906838,0.001095447563837129,0.3600457142857143,0.003268571428571429,True,True,True,False,0.0,911.2404242781379,7.754861520329992,5.240718915733648,61.92277087296911,-0.25681174060667283,985.901963846564
2026-02-11T08:00:00Z,2026-02-11T08:15:00Z,2026-02-11,2026-02-11_37,0.0,11,11,89,68.32938254906838,67.94155518012428,0.0010801896756383713,0.35728000000000004,0.0005657142857142856,True,True,True,False,0.0,911.2404242781379,10.66293459045374,5.269888037713613,58.89954844234924,-0.04444818587423183,986.0283471627803
2026-02-11T08:15:00Z,2026-02-11T08:30:00Z,2026-02-11,2026-02-11_38,0.0,11,11,89,67.94155518012428,66.41282847204975,0.004246463077984818,1.4064285714285716,0.0,True,True,True,False,0.0,911.2404242781379,10.66293459045374,5.269888037713613,328.5539801330078,0.0,1255.727227039313
2026-02-11T08:30:00Z,2026-02-11T08:45:00Z,2026-02-11,2026-02-11_39,0.0,11,11,89,66.41282847204975,66.2445085217392,0.0004980760524499655,0.15990857142857143,0.005971428571428572,True,True,True,False,0.0,911.2404242781379,10.66293459045374,5.269888037713613,25.032742985099755,-0.46917529533911384,951.7368145960659
2026-02-11T08:45:00Z,2026-02-11T09:00:00Z,2026-02-11,2026-02-11_40,0.0,11,11,89,66.2445085217392,66.00959596521746,0.0009082656728778469,0.25846857142857144,0.05003428571428572,True,True,True,False,0.0,911.2404242781379,10.66293459045374,5.269888037713613,42.07676433369813,-2.8945487846900697,966.3554624553133
2026-02-11T09:00:00Z,2026-02-11T09:15:00Z,2026-02-11,2026-02-11_41,0.0,100,100,0,66.00959596521746,72.67766851180131,0.01867770324361629,0.025714285714285714,7.278285714285715,True,True,True,False,0.0,0.0,105.59811431938715,48.67413081909251,3.2862463170300527,-327.6815469315599,-170.1230554760502
2026-02-11T09:15:00Z,2026-02-11T09:30:00Z,2026-02-11,2026-02-11_42,0.0,100,100,0,72.67766851180131,78.32804565465845,0.015695492063492064,0.0,6.1417142857142855,True,True,True,False,0.0,0.0,105.59811431938715,48.67413081909251,0.0,-309.9050398181665,-155.6327946796868
2026-02-11T09:30:00Z,2026-02-11T09:45:00Z,2026-02-11,2026-02-11_43,0.0,100,100,0,78.32804565465845,100.02532565465845,0.06027022222222222,0.0,23.584,True,True,True,False,0.0,0.0,105.59811431938715,48.67413081909251,0.0,1543.5869290905518,1697.8591742290314
2026-02-11T09:45:00Z,2026-02-11T10:00:00Z,2026-02-11,2026-02-11_44,0.0,100,100,0,100.02532565465845,119.99090279751559,0.05545993650793651,0.0,21.701714285714285,True,True,True,False,0.0,0.0,105.59811431938715,48.67413081909251,0.0,2127.1175463703453,2281.389791508825
2026-02-11T10:00:00Z,2026-02-11T10:15:00Z,2026-02-11,2026-02-11_45,-11.0,11,0,89,119.99090279751559,122.51991971180131,0.007025046984126985,0.0010685714285714287,0.0,True,True,True,False,-195.88250000000002,911.2404242781379,11.615792575132586,0.0,0.11670118135645538,0.0,727.0904180346269
2026-02-11T10:15:00Z,2026-02-11T10:30:00Z,2026-02-11,2026-02-11_46,-11.0,11,0,89,122.51991971180131,125.03216634037274,0.006978462857142856,0.019297142857142856,0.0,True,True,True,False,-151.25,911.2404242781379,11.615792575132586,0.0,2.232494834020821,0.0,773.8387116872913
2026-02-11T10:30:00Z,2026-02-11T10:45:00Z,2026-02-11,2026-02-11_47,-11.0,11,0,89,125.03216634037274,127.54736222608703,0.006986655238095237,0.016091428571428572,0.0,True,True,True,False,-151.25,911.2404242781379,11.615792575132586,0.0,1.817904725987036,0.0,773.4241215792575
2026-02-11T10:45:00Z,2026-02-11T11:00:00Z,2026-02-11,2026-02-11_48,-11.0,11,0,89,127.54736222608703,130.02843925465845,0.006891880634920635,0.05317714285714285,0.0,True,True,True,False,-161.59,911.2404242781379,11.615792575132586,0.0,6.405584301708898,0.0,767.6718011549793
2026-02-11T11:00:00Z,2026-02-11T11:15:00Z,2026-02-11,2026-02-11_49,0.0,0,0,100,130.02843925465845,130.02843925465845,0.0,0.0,0.0,True,True,True,False,0.0,1023.8656452563348,0.0,0.0,0.0,0.0,1023.8656452563348
2026-02-11T11:15:00Z,2026-02-11T11:30:00Z,2026-02-11,2026-02-11_50,0.0,0,0,100,130.02843925465845,130.02843925465845,0.0,0.0,0.0,True,True,True,False,0.0,1023.8656452563348,0.0,0.0,0.0,0.0,1023.8656452563348
2026-02-11T11:30:00Z,2026-02-11T11:45:00Z,2026-02-11,2026-02-11_51,0.0,0,0,100,130.02843925465845,130.02843925465845,0.0,0.0,0.0,True,True,True,False,0.0,1023.8656452563348,0.0,0.0,0.0,0.0,1023.8656452563348
2026-02-11T11:45:00Z,2026-02-11T12:00:00Z,2026-02-11,2026-02-11_52,0.0,0,0,100,130.02843925465845,130.02843925465845,0.0,0.0,0.0,True,True,True,False,0.0,1023.8656452563348,0.0,0.0,0.0,0.0,1023.8656452563348
2026-02-11T12:00:00Z,2026-02-11T12:15:00Z,2026-02-11,2026-02-11_53,0.0,0,0,100,130.02843925465845,130.02843925465845,0.0,0.0,0.0,True,False,True,False,0.0,1023.8656452563348,0.0,0.0,0.0,0.0,1023.8656452563348
2026-02-11T12:15:00Z,2026-02-11T12:30:00Z,2026-02-11,2026-02-11_54,0.0,0,0,100,130.02843925465845,130.02843925465845,0.0,0.0,0.0,True,False,True,False,0.0,1023.8656452563348,0.0,0.0,0.0,0.0,1023.8656452563348
2026-02-11T12:30:00Z,2026-02-11T12:45:00Z,2026-02-11,2026-02-11_55,0.0,0,0,100,130.02843925465845,130.02843925465845,0.0,0.0,0.0,True,False,True,False,0.0,1023.8656452563348,0.0,0.0,0.0,0.0,1023.8656452563348
2026-02-11T12:45:00Z,2026-02-11T13:00:00Z,2026-02-11,2026-02-11_56,0.0,0,0,100,130.02843925465845,130.02843925465845,0.0,0.0,0.0,True,False,True,False,0.0,1023.8656452563348,0.0,0.0,0.0,0.0,1023.8656452563348
2026-02-11T13:00:00Z,2026-02-11T13:15:00Z,2026-02-11,2026-02-11_57,0.0,100,100,0,130.02843925465845,150.27895354037275,0.05625142857142858,0.0,22.011428571428574,True,True,True,False,0.0,0.0,107.45433117265763,51.149086623453144,0.0,17329.778008249854,17488.381426045966
2026-02-11T13:15:00Z,2026-02-11T13:30:00Z,2026-02-11,2026-02-11_58,0.0,100,100,0,150.27895354037275,158.84862211180132,0.023804634920634917,0.0,9.314857142857141,True,True,True,False,0.0,0.0,107.45433117265763,51.149086623453144,0.0,657.7943165810814,816.3977343771921
2026-02-11T13:30:00Z,2026-02-11T13:45:00Z,2026-02-11,2026-02-11_59,0.0,100,100,0,158.84862211180132,161.9923667080746,0.009132899930986888,0.06628571428571428,3.4954285714285716,True,True,True,False,0.0,0.0,107.45433117265763,51.149086623453144,8.325725285517859,-39.68900883912787,127.24013424250076
2026-02-11T13:45:00Z,2026-02-11T14:00:00Z,2026-02-11,2026-02-11_60,0.0,100,100,0,161.9923667080746,165.35953391304355,0.009639646652864044,0.04742857142857143,3.7159999999999997,True,True,True,False,0.0,0.0,107.45433117265763,51.149086623453144,6.0268848668518675,84.38553525829896,249.0158379212616
2026-02-11T14:00:00Z,2026-02-11T14:15:00Z,2026-02-11,2026-02-11_61,0.0,100,100,0,165.35953391304355,166.5218514285715,0.0034391497584541062,0.03485714285714286,1.3045714285714285,True,True,True,False,0.0,0.0,107.45433117265763,50.14731879787861,4.101243090046862,-75.77968684232678,85.92320621825633
2026-02-11T14:15:00Z,2026-02-11T14:30:00Z,2026-02-11,2026-02-11_62,0.0,100,100,0,166.5218514285715,166.14542906832304,0.001483712905452036,0.4188571428571429,0.08571428571428572,True,True,True,False,0.0,0.0,107.45433117265763,50.14731879787861,52.55904335381766,-5.50113645929792,204.65955686505598
2026-02-11T14:30:00Z,2026-02-11T14:45:00Z,2026-02-11,2026-02-11_63,0.0,100,100,0,166.14542906832304,158.53540372670813,0.021293752933057276,7.026857142857143,0.030285714285714284,True,True,True,False,0.0,0.0,107.45433117265763,50.14731879787861,1754.496222577658,-1.8252928136487356,1910.2725797345456
2026-02-11T14:45:00Z,2026-02-11T15:00:00Z,2026-02-11,2026-02-11_64,0.0,100,100,0,158.53540372670813,144.00000000000006,0.04037612146307798,13.372571428571428,0.0,True,True,True,False,0.0,0.0,107.45433117265763,50.14731879787861,5089.583349440188,0.0,5247.184999410724
2026-02-11T15:00:00Z,2026-02-11T15:15:00Z,2026-02-11,2026-02-11_65,0.0,0,0,100,144.00000000000006,144.00000000000006,0.0,0.0,0.0,True,True,True,False,0.0,1023.8656452563348,0.0,0.0,0.0,0.0,1023.8656452563348
2026-02-11T15:15:00Z,2026-02-11T15:30:00Z,2026-02-11,2026-02-11_66,0.0,0,0,100,144.00000000000006,144.00000000000006,0.0,0.0,0.0,True,True,True,False,0.0,1023.8656452563348,0.0,0.0,0.0,0.0,1023.8656452563348
2026-02-11T15:30:00Z,2026-02-11T15:45:00Z,2026-02-11,2026-02-11_67,0.0,0,0,100,144.00000000000006,144.00000000000006,0.0,0.0,0.0,True,True,True,False,0.0,1023.8656452563348,0.0,0.0,0.0,0.0,1023.8656452563348
2026-02-11T15:45:00Z,2026-02-11T16:00:00Z,2026-02-11,2026-02-11_68,0.0,0,0,100,144.00000000000006,144.00000000000006,0.0,0.0,0.0,True,True,True,False,0.0,1023.8656452563348,0.0,0.0,0.0,0.0,1023.8656452563348
2026-02-11T16:00:00Z,2026-02-11T16:15:00Z,2026-02-11,2026-02-11_69,53.51815197994257,43,100,0,144.00000000000006,146.89910434782615,0.03304042749101539,0.01548,17.29714285714286,True,True,True,False,1617.9875297336139,0.0,44.647024160282854,47.55450795521509,2.02609209192693,6328.651176024919,8040.866329965957
2026-02-11T16:15:00Z,2026-02-11T16:30:00Z,2026-02-11,2026-02-11_70,57.0,43,100,0,146.89910434782615,139.89153428074542,0.037827591773636995,0.0,8.354857142857144,True,True,True,False,1926.6,0.0,44.647024160282854,47.55450795521509,0.0,467.41905547605023,2486.220587591548
2026-02-11T16:30:00Z,2026-02-11T16:45:00Z,2026-02-11,2026-02-11_71,57.0,43,100,0,139.89153428074542,125.5746453664597,0.042311022857142846,0.0017200000000000002,1.1565714285714286,True,True,True,False,1960.9425,0.0,44.647024160282854,47.55450795521509,0.2023728147711648,-69.66349356006397,1983.6829113702051
2026-02-11T16:45:00Z,2026-02-11T17:00:00Z,2026-02-11,2026-02-11_72,57.0,43,100,0,125.5746453664597,110.21680000000008,0.042949532367149754,0.001965714285714286,0.13142857142857145,True,True,True,False,2003.9775,0.0,44.647024160282854,47.55450795521509,0.23128321688133122,-9.020295760024695,2087.3900195723545
2026-02-11T17:00:00Z,2026-02-11T17:15:00Z,2026-02-11,2026-02-11_73,0.0,0,0,100,110.21680000000008,110.21680000000008,0.0,0.0,0.0,True,True,True,False,0.0,1023.8656452563348,0.0,0.0,0.0,0.0,1023.8656452563348
2026-02-11T17:15:00Z,2026-02-11T17:30:00Z,2026-02-11,2026-02-11_74,0.0,0,0,100,110.21680000000008,110.21680000000008,0.0,0.0,0.0,True,True,True,False,0.0,1023.8656452563348,0.0,0.0,0.0,0.0,1023.8656452563348
2026-02-11T17:30:00Z,2026-02-11T17:45:00Z,2026-02-11,2026-02-11_75,0.0,0,0,100,110.21680000000008,110.21680000000008,0.0,0.0,0.0,True,True,True,False,0.0,1023.8656452563348,0.0,0.0,0.0,0.0,1023.8656452563348
2026-02-11T17:45:00Z,2026-02-11T18:00:00Z,2026-02-11,2026-02-11_76,0.0,0,0,100,110.21680000000008,110.21680000000008,0.0,0.0,0.0,True,True,True,False,0.0,1023.8656452563348,0.0,0.0,0.0,0.0,1023.8656452563348
2026-02-11T18:00:00Z,2026-02-11T18:15:00Z,2026-02-11,2026-02-11_77,0.0,100,100,0,110.21680000000008,109.35173664596282,0.002607398205659075,0.8297142857142857,0.04,True,True,True,False,0.0,0.0,101.11962286387742,47.64289923394226,115.83877296068692,-2.4419563936358277,262.1593386648708
2026-02-11T18:15:00Z,2026-02-11T18:30:00Z,2026-02-11,2026-02-11_78,0.0,100,100,0,109.35173664596282,89.6206807453417,0.05480848861283643,18.152571428571427,0.0,True,True,True,False,0.0,0.0,101.11962286387742,47.64289923394226,14749.8467766647,0.0,14898.60929876252
2026-02-11T18:30:00Z,2026-02-11T18:45:00Z,2026-02-11,2026-02-11_79,0.0,100,100,0,89.6206807453417,85.6175751552796,0.011119737750172533,3.6828571428571433,0.0,True,True,True,False,0.0,0.0,101.11962286387742,47.64289923394226,602.9700165558269,0.0,751.7325386536465
2026-02-11T18:45:00Z,2026-02-11T19:00:00Z,2026-02-11,2026-02-11_80,0.0,100,100,0,85.6175751552796,82.69707826086966,0.008112491373360937,2.686857142857143,0.0,True,True,True,False,0.0,0.0,101.11962286387742,47.64289923394226,409.75706125655915,0.0,558.5195833543788
2026-02-11T19:00:00Z,2026-02-11T19:15:00Z,2026-02-11,2026-02-11_81,0.0,100,100,0,82.69707826086966,66.11633291925475,0.0460576259489303,15.254285714285714,0.0,True,True,True,False,0.0,0.0,107.07130229817326,47.8491455509723,7621.782433425933,0.0,7776.702881275079
2026-02-11T19:15:00Z,2026-02-11T19:30:00Z,2026-02-11,2026-02-11_82,0.0,100,100,0,66.11633291925475,64.1397058385094,0.005668789510006901,1.848,0.03485714285714286,True,True,True,False,0.0,0.0,107.07130229817326,47.8491455509723,296.40526104890984,-2.397173162724135,448.92853573533125
2026-02-11T19:30:00Z,2026-02-11T19:45:00Z,2026-02-11,2026-02-11_83,0.0,100,100,0,64.1397058385094,62.489395279503185,0.004584195997239476,1.5182857142857145,0.0,True,True,True,False,0.0,0.0,107.07130229817326,47.8491455509723,224.42117843814012,0.0,379.3416262872857
2026-02-11T19:45:00Z,2026-02-11T20:00:00Z,2026-02-11,2026-02-11_84,0.0,100,100,0,62.489395279503185,64.3478260869566,0.01213953347135956,1.1554285714285712,3.3851428571428572,True,True,True,False,0.0,0.0,107.07130229817326,47.8491455509723,173.68036434043267,41.9582173583635,370.55902954794175
2026-02-11T20:00:00Z,2026-02-11T20:15:00Z,2026-02-11,2026-02-11_85,0.0,0,0,100,64.3478260869566,64.3478260869566,0.0,0.0,0.0,True,True,True,False,0.0,1023.8656452563348,0.0,0.0,0.0,0.0,1023.8656452563348
2026-02-11T20:15:00Z,2026-02-11T20:30:00Z,2026-02-11,2026-02-11_86,0.0,0,0,100,64.3478260869566,64.3478260869566,0.0,0.0,0.0,True,True,True,False,0.0,1023.8656452563348,0.0,0.0,0.0,0.0,1023.8656452563348
2026-02-11T20:30:00Z,2026-02-11T20:45:00Z,2026-02-11,2026-02-11_87,0.0,0,0,100,64.3478260869566,64.3478260869566,0.0,0.0,0.0,True,True,True,False,0.0,1023.8656452563348,0.0,0.0,0.0,0.0,1023.8656452563348
2026-02-11T20:45:00Z,2026-02-11T21:00:00Z,2026-02-11,2026-02-11_88,0.0,0,0,100,64.3478260869566,64.3478260869566,0.0,0.0,0.0,True,True,True,False,0.0,1023.8656452563348,0.0,0.0,0.0,0.0,1023.8656452563348
2026-02-11T21:00:00Z,2026-02-11T21:15:00Z,2026-02-11,2026-02-11_89,0.0,0,0,100,64.3478260869566,64.3478260869566,0.0,0.0,0.0,True,True,True,False,0.0,1023.8656452563348,0.0,0.0,0.0,0.0,1023.8656452563348
2026-02-11T21:15:00Z,2026-02-11T21:30:00Z,2026-02-11,2026-02-11_90,0.0,0,0,100,64.3478260869566,64.3478260869566,0.0,0.0,0.0,True,True,True,False,0.0,1023.8656452563348,0.0,0.0,0.0,0.0,1023.8656452563348
2026-02-11T21:30:00Z,2026-02-11T21:45:00Z,2026-02-11,2026-02-11_91,0.0,0,0,100,64.3478260869566,64.3478260869566,0.0,0.0,0.0,True,True,True,False,0.0,1023.8656452563348,0.0,0.0,0.0,0.0,1023.8656452563348
2026-02-11T21:45:00Z,2026-02-11T22:00:00Z,2026-02-11,2026-02-11_92,0.0,0,0,100,64.3478260869566,64.3478260869566,0.0,0.0,0.0,True,True,True,False,0.0,1023.8656452563348,0.0,0.0,0.0,0.0,1023.8656452563348
2026-02-11T22:00:00Z,2026-02-11T22:15:00Z,2026-02-12,2026-02-11_93,0.0,0,0,100,64.3478260869566,64.3478260869566,0.0,0.0,0.0,True,True,True,False,0.0,1023.7852064265231,0.0,0.0,0.0,0.0,1023.7852064265231
2026-02-11T22:15:00Z,2026-02-11T22:30:00Z,2026-02-12,2026-02-11_94,0.0,0,0,100,64.3478260869566,64.3478260869566,0.0,0.0,0.0,True,True,True,False,0.0,1023.7852064265231,0.0,0.0,0.0,0.0,1023.7852064265231
2026-02-11T22:30:00Z,2026-02-11T22:45:00Z,2026-02-12,2026-02-11_95,0.0,0,0,100,64.3478260869566,64.3478260869566,0.0,0.0,0.0,True,True,True,False,0.0,1023.7852064265231,0.0,0.0,0.0,0.0,1023.7852064265231
2026-02-11T22:45:00Z,2026-02-11T23:00:00Z,2026-02-12,2026-02-11_96,0.0,0,0,100,64.3478260869566,64.3478260869566,0.0,0.0,0.0,True,True,True,False,0.0,1023.7852064265231,0.0,0.0,0.0,0.0,1023.7852064265231
2026-02-11T23:00:00Z,2026-02-11T23:15:00Z,2026-02-12,2026-02-12_1,0.0,0,0,100,64.3478260869566,64.3478260869566,0.0,0.0,0.0,True,True,True,False,0.0,1023.7852064265231,0.0,0.0,0.0,0.0,1023.7852064265231
2026-02-11T23:15:00Z,2026-02-11T23:30:00Z,2026-02-12,2026-02-12_2,0.0,0,0,100,64.3478260869566,64.3478260869566,0.0,0.0,0.0,True,True,True,False,0.0,1023.7852064265231,0.0,0.0,0.0,0.0,1023.7852064265231
2026-02-11T23:30:00Z,2026-02-11T23:45:00Z,2026-02-12,2026-02-12_3,0.0,0,0,100,64.3478260869566,64.3478260869566,0.0,0.0,0.0,True,True,True,False,0.0,1023.7852064265231,0.0,0.0,0.0,0.0,1023.7852064265231
2026-02-11T23:45:00Z,2026-02-12T00:00:00Z,2026-02-12,2026-02-12_4,0.0,0,0,100,64.3478260869566,64.3478260869566,0.0,0.0,0.0,True,True,True,False,0.0,1023.7852064265231,0.0,0.0,0.0,0.0,1023.7852064265231
2026-02-12T00:00:00Z,2026-02-12T00:15:00Z,2026-02-12,2026-02-12_5,0.0,0,0,100,64.3478260869566,64.3478260869566,0.0,0.0,0.0,True,True,True,False,0.0,1023.7852064265231,0.0,0.0,0.0,0.0,1023.7852064265231
2026-02-12T00:15:00Z,2026-02-12T00:30:00Z,2026-02-12,2026-02-12_6,0.0,0,0,100,64.3478260869566,64.3478260869566,0.0,0.0,0.0,True,True,True,False,0.0,1023.7852064265231,0.0,0.0,0.0,0.0,1023.7852064265231
2026-02-12T00:30:00Z,2026-02-12T00:45:00Z,2026-02-12,2026-02-12_7,0.0,0,0,100,64.3478260869566,64.3478260869566,0.0,0.0,0.0,True,True,True,False,0.0,1023.7852064265231,0.0,0.0,0.0,0.0,1023.7852064265231
2026-02-12T00:45:00Z,2026-02-12T01:00:00Z,2026-02-12,2026-02-12_8,0.0,0,0,100,64.3478260869566,64.3478260869566,0.0,0.0,0.0,True,True,True,False,0.0,1023.7852064265231,0.0,0.0,0.0,0.0,1023.7852064265231
2026-02-12T01:00:00Z,2026-02-12T01:15:00Z,2026-02-12,2026-02-12_9,0.0,100,0,0,64.3478260869566,63.14409937888207,0.0033436853002070392,1.1074285714285714,0.0,True,True,True,False,0.0,0.0,105.1184350080528,0.0,160.7289645845375,0.0,265.8473995925903
2026-02-12T01:15:00Z,2026-02-12T01:30:00Z,2026-02-12,2026-02-12_10,0.0,100,0,0,63.14409937888207,61.60496894409946,0.004275362318840579,1.4160000000000001,0.0,True,True,True,False,0.0,0.0,105.1184350080528,0.0,211.4288187924736,0.0,316.5472538005264
2026-02-12T01:30:00Z,2026-02-12T01:45:00Z,2026-02-12,2026-02-12_11,-100.0,100,0,0,61.60496894409946,75.16103751552804,0.03765574603174604,10.265142857142855,0.0,True,True,True,False,-2348.25,0.0,105.1184350080528,0.0,1865.6373945981736,0.0,-377.4941703937736
2026-02-12T01:45:00Z,2026-02-12T02:00:00Z,2026-02-12,2026-02-12_12,-100.0,100,0,0,75.16103751552804,75.24725465838517,0.00023949206349206388,24.906285714285715,0.0,True,True,True,False,-2328.25,0.0,105.1184350080528,0.0,15437.81735295933,0.0,13214.685787967383
2026-02-12T02:00:00Z,2026-02-12T02:15:00Z,2026-02-12,2026-02-12_13,-100.0,100,0,0,75.24725465838517,75.86076322981374,0.0017041904761904792,24.333142857142857,0.0,True,True,True,False,-2367.0,0.0,104.6175904466355,0.0,13260.234221853098,0.0,10997.851812299734
2026-02-12T02:15:00Z,2026-02-12T02:30:00Z,2026-02-12,2026-02-12_14,-100.0,100,0,0,75.86076322981374,80.12903751552803,0.011856317460317463,20.36057142857143,0.0,True,True,True,False,-2332.25,0.0,104.6175904466355,0.0,10821.291401298547,0.0,8593.658991745184
2026-02-12T02:30:00Z,2026-02-12T02:45:00Z,2026-02-12,2026-02-12_15,-100.0,100,0,0,80.12903751552803,93.46903751552803,0.03705555555555556,10.5,0.0,True,True,True,False,-2364.75,0.0,104.6175904466355,0.0,4003.598813685823,0.0,1743.4664041324586
2026-02-12T02:45:00Z,2026-02-12T03:00:00Z,2026-02-12,2026-02-12_16,-99.99999999999999,100,0,0,93.46903751552803,111.63824894409944,0.05047003174603174,5.250857142857143,0.0,True,True,True,False,-2390.9999999999995,0.0,104.6175904466355,0.0,1064.3417505148739,0.0,-1222.0406590384903
2026-02-12T03:00:00Z,2026-02-12T03:15:00Z,2026-02-12,2026-02-12_17,-100.0,100,0,0,111.63824894409944,127.22567751552802,0.043298412698412704,8.057142857142857,0.0,True,True,True,False,-2369.75,0.0,104.6175904466355,0.0,1451.8128272324761,0.0,-813.3195823208883
2026-02-12T03:15:00Z,2026-02-12T03:30:00Z,2026-02-12,2026-02-12_18,3.0410456761471673e-14,100,0,0,127.22567751552802,123.94865888198763,0.00910282953761217,3.0148571428571427,0.0,True,True,True,False,7.262017074639435e-13,0.0,104.6175904466355,0.0,460.91832838568115,0.0,565.5359188323174
2026-02-12T03:30:00Z,2026-02-12T03:45:00Z,2026-02-12,2026-02-12_19,-100.0,100,0,0,123.94865888198763,128.92612173913048,0.013826285714285725,19.589714285714283,0.0,True,True,True,False,-2399.0,0.0,104.6175904466355,0.0,13108.156008058404,0.0,10813.77359850504
2026-02-12T03:45:00Z,2026-02-12T04:00:00Z,2026-02-12,2026-02-12_20,-88.69665804285201,100,0,0,128.92612173913048,144.00000000000009,0.04574419527089602,5.6731428571428575,0.0,True,True,True,False,-2155.1070487961965,0.0,104.6175904466355,0.0,982.2457302229532,0.0,-1068.243728126608
2026-02-12T04:00:00Z,2026-02-12T04:15:00Z,2026-02-12,2026-02-12_21,0.0,0,0,100,144.00000000000009,144.00000000000009,0.0,0.0,0.0,True,True,True,False,0.0,1023.7852064265231,0.0,0.0,0.0,0.0,1023.7852064265231
2026-02-12T04:15:00Z,2026-02-12T04:30:00Z,2026-02-12,2026-02-12_22,0.0,0,0,100,144.00000000000009,144.00000000000009,0.0,0.0,0.0,True,True,True,False,0.0,1023.7852064265231,0.0,0.0,0.0,0.0,1023.7852064265231
2026-02-12T04:30:00Z,2026-02-12T04:45:00Z,2026-02-12,2026-02-12_23,0.0,0,0,100,144.00000000000009,144.00000000000009,0.0,0.0,0.0,True,True,True,False,0.0,1023.7852064265231,0.0,0.0,0.0,0.0,1023.7852064265231
2026-02-12T04:45:00Z,2026-02-12T05:00:00Z,2026-02-12,2026-02-12_24,0.0,0,0,100,144.00000000000009,144.00000000000009,0.0,0.0,0.0,True,True,True,False,0.0,1023.7852064265231,0.0,0.0,0.0,0.0,1023.7852064265231
2026-02-12T05:00:00Z,2026-02-12T05:15:00Z,2026-02-12,2026-02-12_25,0.0,0,100,0,144.00000000000009,153.6784000000001,0.026884444444444443,0.0,10.52,True,True,True,False,0.0,0.0,0.0,48.434615233531055,0.0,46.62446478375299,95.05908001728405
2026-02-12T05:15:00Z,2026-02-12T05:30:00Z,2026-02-12,2026-02-12_26,0.0,0,100,0,153.6784000000001,160.12733714285724,0.017913714285714286,0.0,7.009714285714286,True,True,True,False,0.0,0.0,0.0,48.434615233531055,0.0,9.36757984051538,57.80219507404644
2026-02-12T05:30:00Z,2026-02-12T05:45:00Z,2026-02-12,2026-02-12_27,100.0,0,100,0,160.12733714285724,150.8962812422361,0.02564182194616977,0.0,16.507428571428573,True,True,True,False,3235.25,0.0,0.0,48.434615233531055,0.0,127.11439772389298,3410.799012957424
2026-02-12T05:45:00Z,2026-02-12T06:00:00Z,2026-02-12,2026-02-12_28,100.0,0,100,0,150.8962812422361,127.52112596273302,0.0649309868875086,0.0,3.4948571428571427,True,True,True,False,3274.25,0.0,0.0,48.434615233531055,0.0,-181.05864073311298,3141.625974500418
2026-02-12T06:00:00Z,2026-02-12T06:15:00Z,2026-02-12,2026-02-12_29,0.0,0,0,100,127.52112596273302,127.52112596273302,0.0,0.0,0.0,True,True,True,False,0.0,1023.7852064265231,0.0,0.0,0.0,0.0,1023.7852064265231
2026-02-12T06:15:00Z,2026-02-12T06:30:00Z,2026-02-12,2026-02-12_30,0.0,0,0,100,127.52112596273302,127.52112596273302,0.0,0.0,0.0,True,True,True,False,0.0,1023.7852064265231,0.0,0.0,0.0,0.0,1023.7852064265231
2026-02-12T06:30:00Z,2026-02-12T06:45:00Z,2026-02-12,2026-02-12_31,0.0,0,0,100,127.52112596273302,127.52112596273302,0.0,0.0,0.0,True,True,True,False,0.0,1023.7852064265231,0.0,0.0,0.0,0.0,1023.7852064265231
2026-02-12T06:45:00Z,2026-02-12T07:00:00Z,2026-02-12,2026-02-12_32,0.0,0,0,100,127.52112596273302,127.52112596273302,0.0,0.0,0.0,True,True,True,False,0.0,1023.7852064265231,0.0,0.0,0.0,0.0,1023.7852064265231
2026-02-12T07:00:00Z,2026-02-12T07:15:00Z,2026-02-12,2026-02-12_33,0.0,0,0,100,127.52112596273302,127.52112596273302,0.0,0.0,0.0,True,False,True,False,0.0,1023.7852064265231,0.0,0.0,0.0,0.0,1023.7852064265231
2026-02-12T07:15:00Z,2026-02-12T07:30:00Z,2026-02-12,2026-02-12_34,0.0,0,0,100,127.52112596273302,127.52112596273302,0.0,0.0,0.0,True,False,True,False,0.0,1023.7852064265231,0.0,0.0,0.0,0.0,1023.7852064265231
2026-02-12T07:30:00Z,2026-02-12T07:45:00Z,2026-02-12,2026-02-12_35,0.0,0,0,100,127.52112596273302,127.52112596273302,0.0,0.0,0.0,True,False,True,False,0.0,1023.7852064265231,0.0,0.0,0.0,0.0,1023.7852064265231
2026-02-12T07:45:00Z,2026-02-12T08:00:00Z,2026-02-12,2026-02-12_36,0.0,0,0,100,127.52112596273302,127.52112596273302,0.0,0.0,0.0,True,False,True,False,0.0,1023.7852064265231,0.0,0.0,0.0,0.0,1023.7852064265231
2026-02-12T08:00:00Z,2026-02-12T08:15:00Z,2026-02-12,2026-02-12_37,100.0,0,100,0,127.52112596273302,105.88758559006222,0.060093167701863355,0.0,5.097142857142857,True,True,True,False,3504.0,0.0,0.0,47.108850218014695,0.0,-251.16698522438392,3299.9418649936306
2026-02-12T08:15:00Z,2026-02-12T08:30:00Z,2026-02-12,2026-02-12_38,100.0,0,100,0,105.88758559006222,86.55280298136657,0.05370772946859902,0.0,7.212000000000001,True,True,True,False,3278.75,0.0,0.0,47.108850218014695,0.0,-368.59192834976625,2957.2669218682486
2026-02-12T08:30:00Z,2026-02-12T08:45:00Z,2026-02-12,2026-02-12_39,0.0,0,100,0,86.55280298136657,89.36695155279514,0.007817079365079365,0.0,3.0588571428571427,True,True,True,False,0.0,0.0,0.0,47.108850218014695,0.0,-167.78174479093596,-120.67289457292127
2026-02-12T08:45:00Z,2026-02-12T09:00:00Z,2026-02-12,2026-02-12_40,100.0,0,100,0,89.36695155279514,78.22533664596284,0.030948930296756386,0.0,14.749714285714285,True,True,True,False,3071.5,0.0,0.0,47.108850218014695,0.0,1478.447811716115,4597.05666193413
2026-02-12T09:00:00Z,2026-02-12T09:15:00Z,2026-02-12,2026-02-12_41,0.0,100,100,0,78.22533664596284,86.10894807453427,0.021898920634920636,0.0,8.569142857142857,True,True,True,False,0.0,0.0,109.00734572023411,47.31508033153945,0.0,1693.832109495564,1850.1545355473377
2026-02-12T09:15:00Z,2026-02-12T09:30:00Z,2026-02-12,2026-02-12_42,0.0,100,100,0,86.10894807453427,89.3667995031057,0.009049587301587303,0.0,3.5411428571428574,True,True,True,False,0.0,0.0,109.00734572023411,47.31508033153945,0.0,-178.68742899791806,-22.3650029461445
2026-02-12T09:30:00Z,2026-02-12T09:45:00Z,2026-02-12,2026-02-12_43,0.0,100,100,0,89.3667995031057,99.74913093167713,0.02883980952380952,0.0,11.285142857142857,True,True,True,False,0.0,0.0,109.00734572023411,47.31508033153945,0.0,5528.924272639016,5685.246698690789
2026-02-12T09:45:00Z,2026-02-12T10:00:00Z,2026-02-12,2026-02-12_44,0.0,100,100,0,99.74913093167713,117.78428521739141,0.05009765079365079,0.0,19.60342857142857,True,True,True,False,0.0,0.0,109.00734572023411,47.31508033153945,0.0,9007.839728618004,9164.162154669777
2026-02-12T10:00:00Z,2026-02-12T10:15:00Z,2026-02-12,2026-02-12_45,0.0,0,0,100,117.78428521739141,117.78428521739141,0.0,0.0,0.0,True,True,True,False,0.0,1023.7852064265231,0.0,0.0,0.0,0.0,1023.7852064265231
2026-02-12T10:15:00Z,2026-02-12T10:30:00Z,2026-02-12,2026-02-12_46,0.0,0,0,100,117.78428521739141,117.78428521739141,0.0,0.0,0.0,True,True,True,False,0.0,1023.7852064265231,0.0,0.0,0.0,0.0,1023.7852064265231
2026-02-12T10:30:00Z,2026-02-12T10:45:00Z,2026-02-12,2026-02-12_47,0.0,0,0,100,117.78428521739141,117.78428521739141,0.0,0.0,0.0,True,True,True,False,0.0,1023.7852064265231,0.0,0.0,0.0,0.0,1023.7852064265231
2026-02-12T10:45:00Z,2026-02-12T11:00:00Z,2026-02-12,2026-02-12_48,0.0,0,0,100,117.78428521739141,117.78428521739141,0.0,0.0,0.0,True,True,True,False,0.0,1023.7852064265231,0.0,0.0,0.0,0.0,1023.7852064265231
2026-02-12T11:00:00Z,2026-02-12T11:15:00Z,2026-02-12,2026-02-12_49,0.0,0,0,100,117.78428521739141,117.78428521739141,0.0,0.0,0.0,True,True,True,False,0.0,1023.7852064265231,0.0,0.0,0.0,0.0,1023.7852064265231
2026-02-12T11:15:00Z,2026-02-12T11:30:00Z,2026-02-12,2026-02-12_50,0.0,0,0,100,117.78428521739141,117.78428521739141,0.0,0.0,0.0,True,True,True,False,0.0,1023.7852064265231,0.0,0.0,0.0,0.0,1023.7852064265231
2026-02-12T11:30:00Z,2026-02-12T11:45:00Z,2026-02-12,2026-02-12_51,0.0,0,0,100,117.78428521739141,117.78428521739141,0.0,0.0,0.0,True,True,True,False,0.0,1023.7852064265231,0.0,0.0,0.0,0.0,1023.7852064265231
2026-02-12T11:45:00Z,2026-02-12T12:00:00Z,2026-02-12,2026-02-12_52,0.0,0,0,100,117.78428521739141,117.78428521739141,0.0,0.0,0.0,True,True,True,False,0.0,1023.7852064265231,0.0,0.0,0.0,0.0,1023.7852064265231
2026-02-12T12:00:00Z,2026-02-12T12:15:00Z,2026-02-12,2026-02-12_53,0.0,0,0,100,117.78428521739141,117.78428521739141,0.0,0.0,0.0,True,True,True,False,0.0,1023.7852064265231,0.0,0.0,0.0,0.0,1023.7852064265231
2026-02-12T12:15:00Z,2026-02-12T12:30:00Z,2026-02-12,2026-02-12_54,0.0,0,0,100,117.78428521739141,117.78428521739141,0.0,0.0,0.0,True,True,True,False,0.0,1023.7852064265231,0.0,0.0,0.0,0.0,1023.7852064265231
2026-02-12T12:30:00Z,2026-02-12T12:45:00Z,2026-02-12,2026-02-12_55,0.0,0,0,100,117.78428521739141,117.78428521739141,0.0,0.0,0.0,True,True,True,False,0.0,1023.7852064265231,0.0,0.0,0.0,0.0,1023.7852064265231
2026-02-12T12:45:00Z,2026-02-12T13:00:00Z,2026-02-12,2026-02-12_56,0.0,0,0,100,117.78428521739141,117.78428521739141,0.0,0.0,0.0,True,True,True,False,0.0,1023.7852064265231,0.0,0.0,0.0,0.0,1023.7852064265231
2026-02-12T13:00:00Z,2026-02-12T13:15:00Z,2026-02-12,2026-02-12_57,0.0,5,100,0,117.78428521739141,133.5420452173914,0.04377155555555556,0.0,17.128,True,True,True,False,0.0,0.0,5.272125545036728,49.406842911576376,0.0,3700.1647264013827,3754.8436948579956
2026-02-12T13:15:00Z,2026-02-12T13:30:00Z,2026-02-12,2026-02-12_58,95.0,5,100,0,133.5420452173914,131.9764166956523,0.01009444113181504,0.0,22.482285714285716,True,True,True,False,2744.55,0.0,5.272125545036728,49.406842911576376,0.0,5380.589344721351,8179.818313177964
2026-02-12T13:30:00Z,2026-02-12T13:45:00Z,2026-02-12,2026-02-12_59,95.0,5,100,0,131.9764166956523,122.13570226086969,0.031120168668046927,0.0,14.810285714285715,True,True,True,False,2872.0875,0.0,5.272125545036728,49.406842911576376,0.0,270.83734768433044,3197.6038161409438
2026-02-12T13:45:00Z,2026-02-12T14:00:00Z,2026-02-12,2026-02-12_60,95.0,5,100,0,122.13570226086969,110.7251499130436,0.035108886680469284,0.0,13.354857142857144,True,True,True,False,3077.7625000000003,0.0,5.272125545036728,49.406842911576376,0.0,3502.902383851761,6635.343852308374
2026-02-12T14:00:00Z,2026-02-12T14:15:00Z,2026-02-12,2026-02-12_61,100.0,0,100,0,110.7251499130436,103.90527413664609,0.018944099378881984,0.0,18.725714285714286,True,True,True,False,2900.5,0.0,0.0,49.200612798051615,0.0,7545.6198800217735,10495.320492819825
2026-02-12T14:15:00Z,2026-02-12T14:30:00Z,2026-02-12,2026-02-12_62,7.723290606088046e-14,0,100,0,103.90527413664609,111.54179985093178,0.021212571428571452,0.0,8.300571428571429,True,True,True,False,2.338419313258308e-12,0.0,0.0,49.200612798051615,0.0,-346.809788607119,-297.60917580906505
2026-02-12T14:30:00Z,2026-02-12T14:45:00Z,2026-02-12,2026-02-12_63,100.0,0,100,0,111.54179985093178,90.28527811180135,0.059045893719806765,0.0,5.444,True,True,True,False,3477.0000000000005,0.0,0.0,49.200612798051615,0.0,-282.04462191145853,3244.1559908865934
2026-02-12T14:45:00Z,2026-02-12T15:00:00Z,2026-02-12,2026-02-12_64,100.0,0,100,0,90.28527811180135,64.37471910559017,0.07197377501725327,0.0,1.1622857142857141,True,True,True,False,3746.25,0.0,0.0,49.200612798051615,0.0,-68.83564890936537,3726.6149638886864
2026-02-12T15:00:00Z,2026-02-12T15:15:00Z,2026-02-12,2026-02-12_65,0.0,0,0,100,64.37471910559017,64.37471910559017,0.0,0.0,0.0,True,True,True,False,0.0,1023.7852064265231,0.0,0.0,0.0,0.0,1023.7852064265231
2026-02-12T15:15:00Z,2026-02-12T15:30:00Z,2026-02-12,2026-02-12_66,0.0,0,0,100,64.37471910559017,64.37471910559017,0.0,0.0,0.0,True,True,True,False,0.0,1023.7852064265231,0.0,0.0,0.0,0.0,1023.7852064265231
2026-02-12T15:30:00Z,2026-02-12T15:45:00Z,2026-02-12,2026-02-12_67,0.0,0,0,100,64.37471910559017,64.37471910559017,0.0,0.0,0.0,True,True,True,False,0.0,1023.7852064265231,0.0,0.0,0.0,0.0,1023.7852064265231
2026-02-12T15:45:00Z,2026-02-12T16:00:00Z,2026-02-12,2026-02-12_68,0.0,0,0,100,64.37471910559017,64.37471910559017,0.0,0.0,0.0,True,True,True,False,0.0,1023.7852064265231,0.0,0.0,0.0,0.0,1023.7852064265231
2026-02-12T16:00:00Z,2026-02-12T16:15:00Z,2026-02-12,2026-02-12_69,0.0,0,0,100,64.37471910559017,64.37471910559017,0.0,0.0,0.0,True,True,True,False,0.0,1023.7852064265231,0.0,0.0,0.0,0.0,1023.7852064265231
2026-02-12T16:15:00Z,2026-02-12T16:30:00Z,2026-02-12,2026-02-12_70,0.0,0,0,100,64.37471910559017,64.37471910559017,0.0,0.0,0.0,True,True,True,False,0.0,1023.7852064265231,0.0,0.0,0.0,0.0,1023.7852064265231
2026-02-12T16:30:00Z,2026-02-12T16:45:00Z,2026-02-12,2026-02-12_71,0.0,0,0,100,64.37471910559017,64.37471910559017,0.0,0.0,0.0,True,True,True,False,0.0,1023.7852064265231,0.0,0.0,0.0,0.0,1023.7852064265231
2026-02-12T16:45:00Z,2026-02-12T17:00:00Z,2026-02-12,2026-02-12_72,0.0,0,0,100,64.37471910559017,64.37471910559017,0.0,0.0,0.0,True,True,True,False,0.0,1023.7852064265231,0.0,0.0,0.0,0.0,1023.7852064265231
2026-02-12T17:00:00Z,2026-02-12T17:15:00Z,2026-02-12,2026-02-12_73,0.0,0,0,100,64.37471910559017,64.37471910559017,0.0,0.0,0.0,True,True,True,False,0.0,1023.7852064265231,0.0,0.0,0.0,0.0,1023.7852064265231
2026-02-12T17:15:00Z,2026-02-12T17:30:00Z,2026-02-12,2026-02-12_74,0.0,0,0,100,64.37471910559017,64.37471910559017,0.0,0.0,0.0,True,True,True,False,0.0,1023.7852064265231,0.0,0.0,0.0,0.0,1023.7852064265231
2026-02-12T17:30:00Z,2026-02-12T17:45:00Z,2026-02-12,2026-02-12_75,0.0,0,0,100,64.37471910559017,64.37471910559017,0.0,0.0,0.0,True,True,True,False,0.0,1023.7852064265231,0.0,0.0,0.0,0.0,1023.7852064265231
2026-02-12T17:45:00Z,2026-02-12T18:00:00Z,2026-02-12,2026-02-12_76,0.0,0,0,100,64.37471910559017,64.37471910559017,0.0,0.0,0.0,True,True,True,False,0.0,1023.7852064265231,0.0,0.0,0.0,0.0,1023.7852064265231
2026-02-12T18:00:00Z,2026-02-12T18:15:00Z,2026-02-12,2026-02-12_77,0.0,0,0,100,64.37471910559017,64.37471910559017,0.0,0.0,0.0,True,True,True,False,0.0,1023.7852064265231,0.0,0.0,0.0,0.0,1023.7852064265231
2026-02-12T18:15:00Z,2026-02-12T18:30:00Z,2026-02-12,2026-02-12_78,0.0,0,0,100,64.37471910559017,64.37471910559017,0.0,0.0,0.0,True,True,True,False,0.0,1023.7852064265231,0.0,0.0,0.0,0.0,1023.7852064265231
2026-02-12T18:30:00Z,2026-02-12T18:45:00Z,2026-02-12,2026-02-12_79,0.0,0,0,100,64.37471910559017,64.37471910559017,0.0,0.0,0.0,True,True,True,False,0.0,1023.7852064265231,0.0,0.0,0.0,0.0,1023.7852064265231
2026-02-12T18:45:00Z,2026-02-12T19:00:00Z,2026-02-12,2026-02-12_80,0.0,0,0,100,64.37471910559017,64.37471910559017,0.0,0.0,0.0,True,True,True,False,0.0,1023.7852064265231,0.0,0.0,0.0,0.0,1023.7852064265231
2026-02-12T19:00:00Z,2026-02-12T19:15:00Z,2026-02-12,2026-02-12_81,100.0,0,100,0,64.37471910559017,43.918197366459744,0.05682367149758454,0.0,6.18,True,True,True,False,3680.5,0.0,0.0,47.81592489295675,0.0,-312.0102525827866,3416.30567231017
2026-02-12T19:15:00Z,2026-02-12T19:30:00Z,2026-02-12,2026-02-12_82,100.0,0,100,0,43.918197366459744,20.784035875776514,0.0642615596963423,0.0,3.716571428571428,True,True,True,False,3353.0,0.0,0.0,47.81592489295675,0.0,-193.71152206241337,3207.104402830543
2026-02-12T19:30:00Z,2026-02-12T19:45:00Z,2026-02-12,2026-02-12_83,38.07863539110214,0,100,0,20.784035875776514,13.309743006211347,0.030006961291974065,0.0,2.9211428571428573,True,True,True,False,1195.6691512806071,0.0,0.0,47.81592489295675,0.0,-153.65633701648156,1089.8287391570823
2026-02-12T19:45:00Z,2026-02-12T20:00:00Z,2026-02-12,2026-02-12_84,100.0,0,100,0,13.309743006211347,11.72154424844737,0.004411663216011045,0.0,23.538857142857143,True,True,True,False,2993.25,0.0,0.0,47.81592489295675,0.0,2391.509790066162,5432.575714959119
2026-02-12T20:00:00Z,2026-02-12T20:15:00Z,2026-02-12,2026-02-12_85,65.0,35,100,0,11.72154424844737,10.000000000000165,0.03250882291235335,0.0,15.49942857142857,True,True,True,False,1969.9875,0.0,36.863632792552146,47.81592489295675,0.0,405.94292358542975,2460.6099812709385
2026-02-12T20:15:00Z,2026-02-12T20:30:00Z,2026-02-12,2026-02-12_86,65.0,35,100,0,10.000000000000165,10.011074086956686,0.030709505314009664,0.0,17.183999999999997,True,True,True,False,1983.3125,0.0,36.863632792552146,47.81592489295675,0.0,615.0011643162981,2682.9932220018068
2026-02-12T20:30:00Z,2026-02-12T20:45:00Z,2026-02-12,2026-02-12_87,27.882197687464124,35,100,0,10.011074086956686,10.000000000000163,0.02888282749840137,0.0,7.827428571428571,True,True,True,False,809.4201988670835,0.0,36.863632792552146,47.81592489295675,0.0,-269.98279182262525,624.1169647299672
2026-02-12T20:45:00Z,2026-02-12T21:00:00Z,2026-02-12,2026-02-12_88,-1.544658121217609e-14,35,100,0,10.000000000000163,27.52468571428588,0.048679682539682544,0.0,19.048571428571428,True,True,True,False,-3.808740762392319e-13,0.0,36.863632792552146,47.81592489295675,0.0,7023.147751109715,7107.827308795223
2026-02-12T21:00:00Z,2026-02-12T21:15:00Z,2026-02-12,2026-02-12_89,0.0,100,100,0,27.52468571428588,39.80116571428588,0.03410133333333334,0.0,13.344000000000001,True,True,True,False,0.0,0.0,105.32466512157757,47.81592489295675,0.0,1059.353306359744,1212.4938963742784
2026-02-12T21:15:00Z,2026-02-12T21:30:00Z,2026-02-12,2026-02-12_90,0.0,100,100,0,39.80116571428588,43.437531428571596,0.010101015873015873,0.0,3.9525714285714284,True,True,True,False,0.0,0.0,105.32466512157757,47.81592489295675,0.0,-193.28271471781548,-40.14212470328116
2026-02-12T21:30:00Z,2026-02-12T21:45:00Z,2026-02-12,2026-02-12_91,0.0,100,100,0,43.437531428571596,56.205554285714456,0.035466730158730156,0.0,13.878285714285713,True,True,True,False,0.0,0.0,105.32466512157757,47.81592489295675,0.0,308.10862810677946,461.2492181213138
2026-02-12T21:45:00Z,2026-02-12T22:00:00Z,2026-02-12,2026-02-12_92,0.0,100,100,0,56.205554285714456,67.02160000000018,0.030044571428571434,0.0,11.75657142857143,True,True,True,False,0.0,0.0,105.32466512157757,47.81592489295675,0.0,2854.437999988777,3007.578590003311
2026-02-12T22:00:00Z,2026-02-12T22:15:00Z,2026-02-13,2026-02-12_93,0.0,0,0,100,67.02160000000018,67.02160000000018,0.0,0.0,0.0,True,True,True,False,0.0,1023.3832017905524,0.0,0.0,0.0,0.0,1023.3832017905524
2026-02-12T22:15:00Z,2026-02-12T22:30:00Z,2026-02-13,2026-02-12_94,0.0,0,0,100,67.02160000000018,67.02160000000018,0.0,0.0,0.0,True,True,True,False,0.0,1023.3832017905524,0.0,0.0,0.0,0.0,1023.3832017905524
2026-02-12T22:30:00Z,2026-02-12T22:45:00Z,2026-02-13,2026-02-12_95,0.0,0,0,100,67.02160000000018,67.02160000000018,0.0,0.0,0.0,True,True,True,False,0.0,1023.3832017905524,0.0,0.0,0.0,0.0,1023.3832017905524
2026-02-12T22:45:00Z,2026-02-12T23:00:00Z,2026-02-13,2026-02-12_96,0.0,0,0,100,67.02160000000018,67.02160000000018,0.0,0.0,0.0,True,True,True,False,0.0,1023.3832017905524,0.0,0.0,0.0,0.0,1023.3832017905524
2026-02-12T23:00:00Z,2026-02-12T23:15:00Z,2026-02-13,2026-02-13_1,0.0,0,0,100,67.02160000000018,67.02160000000018,0.0,0.0,0.0,True,True,True,False,0.0,1023.3832017905524,0.0,0.0,0.0,0.0,1023.3832017905524
2026-02-12T23:15:00Z,2026-02-12T23:30:00Z,2026-02-13,2026-02-13_2,0.0,0,0,100,67.02160000000018,67.02160000000018,0.0,0.0,0.0,True,True,True,False,0.0,1023.3832017905524,0.0,0.0,0.0,0.0,1023.3832017905524
2026-02-12T23:30:00Z,2026-02-12T23:45:00Z,2026-02-13,2026-02-13_3,0.0,0,0,100,67.02160000000018,67.02160000000018,0.0,0.0,0.0,True,True,True,False,0.0,1023.3832017905524,0.0,0.0,0.0,0.0,1023.3832017905524
2026-02-12T23:45:00Z,2026-02-13T00:00:00Z,2026-02-13,2026-02-13_4,0.0,0,0,100,67.02160000000018,67.02160000000018,0.0,0.0,0.0,True,True,True,False,0.0,1023.3832017905524,0.0,0.0,0.0,0.0,1023.3832017905524
2026-02-13T00:00:00Z,2026-02-13T00:15:00Z,2026-02-13,2026-02-13_5,0.0,0,0,100,67.02160000000018,67.02160000000018,0.0,0.0,0.0,True,True,True,False,0.0,1023.3832017905524,0.0,0.0,0.0,0.0,1023.3832017905524
2026-02-13T00:15:00Z,2026-02-13T00:30:00Z,2026-02-13,2026-02-13_6,0.0,0,0,100,67.02160000000018,67.02160000000018,0.0,0.0,0.0,True,True,True,False,0.0,1023.3832017905524,0.0,0.0,0.0,0.0,1023.3832017905524
2026-02-13T00:30:00Z,2026-02-13T00:45:00Z,2026-02-13,2026-02-13_7,0.0,0,0,100,67.02160000000018,67.02160000000018,0.0,0.0,0.0,True,True,True,False,0.0,1023.3832017905524,0.0,0.0,0.0,0.0,1023.3832017905524
2026-02-13T00:45:00Z,2026-02-13T01:00:00Z,2026-02-13,2026-02-13_8,0.0,0,0,100,67.02160000000018,67.02160000000018,0.0,0.0,0.0,True,True,True,False,0.0,1023.3832017905524,0.0,0.0,0.0,0.0,1023.3832017905524
2026-02-13T01:00:00Z,2026-02-13T01:15:00Z,2026-02-13,2026-02-13_9,-99.99999999999999,100,0,0,67.02160000000018,89.75821714285732,0.06315726984126983,0.28628571428571425,0.0,True,True,True,False,-2228.75,0.0,106.57910236777005,0.0,34.11000925567541,0.0,-2088.0608883765544
2026-02-13T01:15:00Z,2026-02-13T01:30:00Z,2026-02-13,2026-02-13_10,-100.0,100,0,0,89.75821714285732,106.65730285714304,0.04694190476190477,6.631428571428572,0.0,True,True,True,False,-2252.75,0.0,106.57910236777005,0.0,2991.388292412029,0.0,845.217394779799
2026-02-13T01:30:00Z,2026-02-13T01:45:00Z,2026-02-13,2026-02-13_11,-100.0,100,0,0,106.65730285714304,121.89828571428589,0.042336063492063494,8.433714285714286,0.0,True,True,True,False,-2270.0,0.0,106.57910236777005,0.0,1454.7784585093316,0.0,-708.6424391228984
2026-02-13T01:45:00Z,2026-02-13T02:00:00Z,2026-02-13,2026-02-13_12,-100.0,100,0,0,121.89828571428589,136.95526857142875,0.04182495238095238,8.633714285714285,0.0,True,True,True,False,-2281.0,0.0,106.57910236777005,0.0,1583.079844841223,0.0,-591.3410527910071
2026-02-13T02:00:00Z,2026-02-13T02:15:00Z,2026-02-13,2026-02-13_13,0.0,0,0,100,136.95526857142875,136.95526857142875,0.0,0.0,0.0,True,True,True,False,0.0,1023.3832017905524,0.0,0.0,0.0,0.0,1023.3832017905524
2026-02-13T02:15:00Z,2026-02-13T02:30:00Z,2026-02-13,2026-02-13_14,0.0,0,0,100,136.95526857142875,136.95526857142875,0.0,0.0,0.0,True,True,True,False,0.0,1023.3832017905524,0.0,0.0,0.0,0.0,1023.3832017905524
2026-02-13T02:30:00Z,2026-02-13T02:45:00Z,2026-02-13,2026-02-13_15,0.0,0,0,100,136.95526857142875,136.95526857142875,0.0,0.0,0.0,True,True,True,False,0.0,1023.3832017905524,0.0,0.0,0.0,0.0,1023.3832017905524
2026-02-13T02:45:00Z,2026-02-13T03:00:00Z,2026-02-13,2026-02-13_16,0.0,0,0,100,136.95526857142875,136.95526857142875,0.0,0.0,0.0,True,True,True,False,0.0,1023.3832017905524,0.0,0.0,0.0,0.0,1023.3832017905524
2026-02-13T03:00:00Z,2026-02-13T03:15:00Z,2026-02-13,2026-02-13_17,0.0,23,23,77,136.95526857142875,139.57076548571447,0.007265269206349207,0.0,2.8429314285714287,True,True,True,False,0.0,788.0050653787254,24.411591471315816,11.210095417599245,0.0,-54.57463842619861,769.0521138414418
2026-02-13T03:15:00Z,2026-02-13T03:30:00Z,2026-02-13,2026-02-13_18,0.0,23,23,77,139.57076548571447,142.00126354285734,0.006751383492063492,0.0,2.641845714285714,True,True,True,False,0.0,788.0050653787254,24.411591471315816,11.210095417599245,0.0,39.50994530961636,863.1366975772568
2026-02-13T03:30:00Z,2026-02-13T03:45:00Z,2026-02-13,2026-02-13_19,0.0,23,23,77,142.00126354285734,142.92649965714307,0.0025701003174603172,0.0,1.0056914285714285,True,True,True,False,0.0,788.0050653787254,24.411591471315816,11.210095417599245,0.0,-43.19967335655666,780.4270789110838
2026-02-13T03:45:00Z,2026-02-13T04:00:00Z,2026-02-13,2026-02-13_20,0.0,23,23,77,142.92649965714307,143.9980425142859,0.003824920634920635,0.14049714285714285,1.3307142857142857,True,True,True,False,0.0,788.0050653787254,24.411591471315816,11.210095417599245,19.57192450173614,-39.39028196153005,803.8083948078465
2026-02-13T04:00:00Z,2026-02-13T04:15:00Z,2026-02-13,2026-02-13_21,0.0,0,0,100,143.9980425142859,143.9980425142859,0.0,0.0,0.0,True,True,True,False,0.0,1023.3832017905524,0.0,0.0,0.0,0.0,1023.3832017905524
2026-02-13T04:15:00Z,2026-02-13T04:30:00Z,2026-02-13,2026-02-13_22,0.0,0,0,100,143.9980425142859,143.9980425142859,0.0,0.0,0.0,True,True,True,False,0.0,1023.3832017905524,0.0,0.0,0.0,0.0,1023.3832017905524
2026-02-13T04:30:00Z,2026-02-13T04:45:00Z,2026-02-13,2026-02-13_23,0.0,0,0,100,143.9980425142859,143.9980425142859,0.0,0.0,0.0,True,True,True,False,0.0,1023.3832017905524,0.0,0.0,0.0,0.0,1023.3832017905524
2026-02-13T04:45:00Z,2026-02-13T05:00:00Z,2026-02-13,2026-02-13_24,0.0,0,0,100,143.9980425142859,143.9980425142859,0.0,0.0,0.0,True,True,True,False,0.0,1023.3832017905524,0.0,0.0,0.0,0.0,1023.3832017905524
2026-02-13T05:00:00Z,2026-02-13T05:15:00Z,2026-02-13,2026-02-13_25,0.0,0,0,100,143.9980425142859,143.9980425142859,0.0,0.0,0.0,True,True,True,False,0.0,1023.3832017905524,0.0,0.0,0.0,0.0,1023.3832017905524
2026-02-13T05:15:00Z,2026-02-13T05:30:00Z,2026-02-13,2026-02-13_26,0.0,0,0,100,143.9980425142859,143.9980425142859,0.0,0.0,0.0,True,True,True,False,0.0,1023.3832017905524,0.0,0.0,0.0,0.0,1023.3832017905524
2026-02-13T05:30:00Z,2026-02-13T05:45:00Z,2026-02-13,2026-02-13_27,0.0,0,0,100,143.9980425142859,143.9980425142859,0.0,0.0,0.0,True,True,True,False,0.0,1023.3832017905524,0.0,0.0,0.0,0.0,1023.3832017905524
2026-02-13T05:45:00Z,2026-02-13T06:00:00Z,2026-02-13,2026-02-13_28,0.0,0,0,100,143.9980425142859,143.9980425142859,0.0,0.0,0.0,True,True,True,False,0.0,1023.3832017905524,0.0,0.0,0.0,0.0,1023.3832017905524
2026-02-13T06:00:00Z,2026-02-13T06:15:00Z,2026-02-13,2026-02-13_29,0.0,0,0,100,143.9980425142859,143.9980425142859,0.0,0.0,0.0,True,True,True,False,0.0,1023.3832017905524,0.0,0.0,0.0,0.0,1023.3832017905524
2026-02-13T06:15:00Z,2026-02-13T06:30:00Z,2026-02-13,2026-02-13_30,2.842170943040401e-14,0,0,100,143.9980425142859,143.9980425142859,2.1453585016911237e-17,0.0,0.0,True,True,True,False,8.72688588060555e-13,1023.3832017905524,0.0,0.0,0.0,0.0,1023.3832017905534
2026-02-13T06:30:00Z,2026-02-13T06:45:00Z,2026-02-13,2026-02-13_31,2.842170943040401e-14,0,0,100,143.9980425142859,143.9980425142859,2.1453585016911237e-17,0.0,0.0,True,True,True,False,8.988365607365267e-13,1023.3832017905524,0.0,0.0,0.0,0.0,1023.3832017905534
2026-02-13T06:45:00Z,2026-02-13T07:00:00Z,2026-02-13,2026-02-13_32,-1.1368683772161603e-13,0,0,100,143.9980425142859,143.99804251428594,7.263325743325469e-17,0.0,0.0,True,True,True,False,-3.641673629317665e-12,1023.3832017905524,0.0,0.0,0.0,0.0,1023.3832017905488
2026-02-13T07:00:00Z,2026-02-13T07:15:00Z,2026-02-13,2026-02-13_33,0.0,0,0,100,143.99804251428594,143.99804251428594,0.0,0.0,0.0,True,True,True,False,0.0,1023.3832017905524,0.0,0.0,0.0,0.0,1023.3832017905524
2026-02-13T07:15:00Z,2026-02-13T07:30:00Z,2026-02-13,2026-02-13_34,0.0,0,0,100,143.99804251428594,143.99804251428594,0.0,0.0,0.0,True,True,True,False,0.0,1023.3832017905524,0.0,0.0,0.0,0.0,1023.3832017905524
2026-02-13T07:30:00Z,2026-02-13T07:45:00Z,2026-02-13,2026-02-13_35,0.0,0,0,100,143.99804251428594,143.99804251428594,0.0,0.0,0.0,True,True,True,False,0.0,1023.3832017905524,0.0,0.0,0.0,0.0,1023.3832017905524
2026-02-13T07:45:00Z,2026-02-13T08:00:00Z,2026-02-13,2026-02-13_36,0.0,0,0,100,143.99804251428594,143.99804251428594,0.0,0.0,0.0,True,True,True,False,0.0,1023.3832017905524,0.0,0.0,0.0,0.0,1023.3832017905524
2026-02-13T08:00:00Z,2026-02-13T08:15:00Z,2026-02-13,2026-02-13_37,0.0,0,0,100,143.99804251428594,143.99804251428594,0.0,0.0,0.0,True,True,True,False,0.0,1023.3832017905524,0.0,0.0,0.0,0.0,1023.3832017905524
2026-02-13T08:15:00Z,2026-02-13T08:30:00Z,2026-02-13,2026-02-13_38,0.0,0,0,100,143.99804251428594,143.99804251428594,0.0,0.0,0.0,True,True,True,False,0.0,1023.3832017905524,0.0,0.0,0.0,0.0,1023.3832017905524
2026-02-13T08:30:00Z,2026-02-13T08:45:00Z,2026-02-13,2026-02-13_39,0.0,0,0,100,143.99804251428594,143.99804251428594,0.0,0.0,0.0,True,True,True,False,0.0,1023.3832017905524,0.0,0.0,0.0,0.0,1023.3832017905524
2026-02-13T08:45:00Z,2026-02-13T09:00:00Z,2026-02-13,2026-02-13_40,0.0,0,0,100,143.99804251428594,143.99804251428594,0.0,0.0,0.0,True,True,True,False,0.0,1023.3832017905524,0.0,0.0,0.0,0.0,1023.3832017905524
2026-02-13T09:00:00Z,2026-02-13T09:15:00Z,2026-02-13,2026-02-13_41,0.0,0,0,100,143.99804251428594,143.99804251428594,0.0,0.0,0.0,True,True,True,False,0.0,1023.3832017905524,0.0,0.0,0.0,0.0,1023.3832017905524
2026-02-13T09:15:00Z,2026-02-13T09:30:00Z,2026-02-13,2026-02-13_42,0.0,0,0,100,143.99804251428594,143.99804251428594,0.0,0.0,0.0,True,True,True,False,0.0,1023.3832017905524,0.0,0.0,0.0,0.0,1023.3832017905524
2026-02-13T09:30:00Z,2026-02-13T09:45:00Z,2026-02-13,2026-02-13_43,0.0,0,0,100,143.99804251428594,143.99804251428594,0.0,0.0,0.0,True,True,True,False,0.0,1023.3832017905524,0.0,0.0,0.0,0.0,1023.3832017905524
2026-02-13T09:45:00Z,2026-02-13T10:00:00Z,2026-02-13,2026-02-13_44,0.0,0,0,100,143.99804251428594,143.99804251428594,0.0,0.0,0.0,True,True,True,False,0.0,1023.3832017905524,0.0,0.0,0.0,0.0,1023.3832017905524
2026-02-13T10:00:00Z,2026-02-13T10:15:00Z,2026-02-13,2026-02-13_45,7.598961466745726e-14,0,0,100,143.99804251428594,143.9980425142859,5.735931058835843e-17,0.0,0.0,True,True,True,False,2.0291126856577775e-12,1023.3832017905524,0.0,0.0,0.0,0.0,1023.3832017905545
2026-02-13T10:15:00Z,2026-02-13T10:30:00Z,2026-02-13,2026-02-13_46,-1.4210854715202004e-14,0,0,100,143.9980425142859,143.9980425142859,9.079157179156836e-18,0.0,0.0,True,True,True,False,-3.7083225379319627e-13,1023.3832017905524,0.0,0.0,0.0,0.0,1023.3832017905521
2026-02-13T10:30:00Z,2026-02-13T10:45:00Z,2026-02-13,2026-02-13_47,-1.4210854715202004e-14,0,0,100,143.9980425142859,143.9980425142859,9.079157179156836e-18,0.0,0.0,True,True,True,False,-3.603162213039468e-13,1023.3832017905524,0.0,0.0,0.0,0.0,1023.3832017905521
2026-02-13T10:45:00Z,2026-02-13T11:00:00Z,2026-02-13,2026-02-13_48,-1.4210854715202004e-14,0,0,100,143.9980425142859,143.9980425142859,9.079157179156836e-18,0.0,0.0,True,True,True,False,-3.559463834790222e-13,1023.3832017905524,0.0,0.0,0.0,0.0,1023.3832017905521
2026-02-13T11:00:00Z,2026-02-13T11:15:00Z,2026-02-13,2026-02-13_49,0.0,0,0,100,143.9980425142859,143.9980425142859,0.0,0.0,0.0,True,True,True,False,0.0,1023.3832017905524,0.0,0.0,0.0,0.0,1023.3832017905524
2026-02-13T11:15:00Z,2026-02-13T11:30:00Z,2026-02-13,2026-02-13_50,0.0,0,0,100,143.9980425142859,143.9980425142859,0.0,0.0,0.0,True,True,True,False,0.0,1023.3832017905524,0.0,0.0,0.0,0.0,1023.3832017905524
2026-02-13T11:30:00Z,2026-02-13T11:45:00Z,2026-02-13,2026-02-13_51,0.0,0,0,100,143.9980425142859,143.9980425142859,0.0,0.0,0.0,True,True,True,False,0.0,1023.3832017905524,0.0,0.0,0.0,0.0,1023.3832017905524
2026-02-13T11:45:00Z,2026-02-13T12:00:00Z,2026-02-13,2026-02-13_52,0.0,0,0,100,143.9980425142859,143.9980425142859,0.0,0.0,0.0,True,True,True,False,0.0,1023.3832017905524,0.0,0.0,0.0,0.0,1023.3832017905524
2026-02-13T12:00:00Z,2026-02-13T12:15:00Z,2026-02-13,2026-02-13_53,0.0,0,0,100,143.9980425142859,143.9980425142859,0.0,0.0,0.0,True,True,True,False,0.0,1023.3832017905524,0.0,0.0,0.0,0.0,1023.3832017905524
2026-02-13T12:15:00Z,2026-02-13T12:30:00Z,2026-02-13,2026-02-13_54,0.0,0,0,100,143.9980425142859,143.9980425142859,0.0,0.0,0.0,True,True,True,False,0.0,1023.3832017905524,0.0,0.0,0.0,0.0,1023.3832017905524
2026-02-13T12:30:00Z,2026-02-13T12:45:00Z,2026-02-13,2026-02-13_55,0.0,0,0,100,143.9980425142859,143.9980425142859,0.0,0.0,0.0,True,True,True,False,0.0,1023.3832017905524,0.0,0.0,0.0,0.0,1023.3832017905524
2026-02-13T12:45:00Z,2026-02-13T13:00:00Z,2026-02-13,2026-02-13_56,0.0,0,0,100,143.9980425142859,143.9980425142859,0.0,0.0,0.0,True,True,True,False,0.0,1023.3832017905524,0.0,0.0,0.0,0.0,1023.3832017905524
2026-02-13T13:00:00Z,2026-02-13T13:15:00Z,2026-02-13,2026-02-13_57,0.0,0,0,100,143.9980425142859,143.9980425142859,0.0,0.0,0.0,True,False,True,False,0.0,1023.3832017905524,0.0,0.0,0.0,0.0,1023.3832017905524
2026-02-13T13:15:00Z,2026-02-13T13:30:00Z,2026-02-13,2026-02-13_58,0.0,0,0,100,143.9980425142859,143.9980425142859,0.0,0.0,0.0,True,False,True,False,0.0,1023.3832017905524,0.0,0.0,0.0,0.0,1023.3832017905524
2026-02-13T13:30:00Z,2026-02-13T13:45:00Z,2026-02-13,2026-02-13_59,0.0,0,0,100,143.9980425142859,143.9980425142859,0.0,0.0,0.0,True,False,True,False,0.0,1023.3832017905524,0.0,0.0,0.0,0.0,1023.3832017905524
2026-02-13T13:45:00Z,2026-02-13T14:00:00Z,2026-02-13,2026-02-13_60,0.0,0,0,100,143.9980425142859,143.9980425142859,0.0,0.0,0.0,True,False,True,False,0.0,1023.3832017905524,0.0,0.0,0.0,0.0,1023.3832017905524
2026-02-13T14:00:00Z,2026-02-13T14:15:00Z,2026-02-13,2026-02-13_61,0.0,0,100,0,143.9980425142859,155.26304822857162,0.03129168253968254,0.0,12.24457142857143,True,True,True,False,0.0,0.0,0.0,47.5910001177995,0.0,-492.0931082801834,-444.5021081623839
2026-02-13T14:15:00Z,2026-02-13T14:30:00Z,2026-02-13,2026-02-13_62,99.81281033446724,0,100,0,155.26304822857162,136.82259794285702,0.05129991984907045,0.0,7.990285714285715,True,True,True,False,3605.987305358465,0.0,0.0,47.5910001177995,0.0,-283.24616899180455,3370.33213648446
2026-02-13T14:30:00Z,2026-02-13T14:45:00Z,2026-02-13,2026-02-13_63,100.0,0,100,0,136.82259794285702,110.0331569490682,0.07441511387163562,0.0,0.3537142857142857,True,True,True,False,4231.75,0.0,0.0,47.5910001177995,0.0,-24.001167785761965,4255.339832332038
2026-02-13T14:45:00Z,2026-02-13T15:00:00Z,2026-02-13,2026-02-13_64,100.0,0,100,0,110.0331569490682,82.87042402981355,0.0754520358868185,0.0,0.010285714285714285,True,True,True,False,5401.25,0.0,0.0,47.5910001177995,0.0,-0.7124069804621107,5448.128593137338
2026-02-13T15:00:00Z,2026-02-13T15:15:00Z,2026-02-13,2026-02-13_65,0.0,0,0,100,82.87042402981355,82.87042402981355,0.0,0.0,0.0,True,True,True,False,0.0,1023.3832017905524,0.0,0.0,0.0,0.0,1023.3832017905524
2026-02-13T15:15:00Z,2026-02-13T15:30:00Z,2026-02-13,2026-02-13_66,0.0,0,0,100,82.87042402981355,82.87042402981355,0.0,0.0,0.0,True,True,True,False,0.0,1023.3832017905524,0.0,0.0,0.0,0.0,1023.3832017905524
2026-02-13T15:30:00Z,2026-02-13T15:45:00Z,2026-02-13,2026-02-13_67,0.0,0,0,100,82.87042402981355,82.87042402981355,0.0,0.0,0.0,True,True,True,False,0.0,1023.3832017905524,0.0,0.0,0.0,0.0,1023.3832017905524
2026-02-13T15:45:00Z,2026-02-13T16:00:00Z,2026-02-13,2026-02-13_68,0.0,0,0,100,82.87042402981355,82.87042402981355,0.0,0.0,0.0,True,True,True,False,0.0,1023.3832017905524,0.0,0.0,0.0,0.0,1023.3832017905524
2026-02-13T16:00:00Z,2026-02-13T16:15:00Z,2026-02-13,2026-02-13_69,0.0,0,23,77,82.87042402981355,82.93039751552783,0.00016659301587301588,0.0,0.06518857142857143,True,True,True,False,0.0,788.0050653787254,0.0,10.803687124514076,0.0,-4.022956785531977,794.7857957177075
2026-02-13T16:15:00Z,2026-02-13T16:30:00Z,2026-02-13,2026-02-13_70,23.0,0,23,77,82.93039751552783,76.70239751552782,0.0173,0.0,0.02024,True,True,True,False,1209.2825,788.0050653787254,0.0,10.803687124514076,0.0,-1.381115545608042,2006.7101369576314
2026-02-13T16:30:00Z,2026-02-13T16:45:00Z,2026-02-13,2026-02-13_71,23.0,0,23,77,76.70239751552782,70.45239751552782,0.017361111111111112,0.0,0.0,True,True,True,False,1150.4025,788.0050653787254,0.0,10.803687124514076,0.0,0.0,1949.2112525032394
2026-02-13T16:45:00Z,2026-02-13T17:00:00Z,2026-02-13,2026-02-13_72,23.0,0,23,77,70.45239751552782,64.34782608695639,0.016957142857142855,0.0,0.13379428571428573,True,True,True,False,1135.74,788.0050653787254,0.0,10.803687124514076,0.0,-8.26323007140894,1926.2855224318305
2026-02-13T17:00:00Z,2026-02-13T17:15:00Z,2026-02-13,2026-02-13_73,0.0,0,0,100,64.34782608695639,64.34782608695639,0.0,0.0,0.0,True,True,True,False,0.0,1023.3832017905524,0.0,0.0,0.0,0.0,1023.3832017905524
2026-02-13T17:15:00Z,2026-02-13T17:30:00Z,2026-02-13,2026-02-13_74,0.0,0,0,100,64.34782608695639,64.34782608695639,0.0,0.0,0.0,True,True,True,False,0.0,1023.3832017905524,0.0,0.0,0.0,0.0,1023.3832017905524
2026-02-13T17:30:00Z,2026-02-13T17:45:00Z,2026-02-13,2026-02-13_75,0.0,0,0,100,64.34782608695639,64.34782608695639,0.0,0.0,0.0,True,True,True,False,0.0,1023.3832017905524,0.0,0.0,0.0,0.0,1023.3832017905524
2026-02-13T17:45:00Z,2026-02-13T18:00:00Z,2026-02-13,2026-02-13_76,0.0,0,0,100,64.34782608695639,64.34782608695639,0.0,0.0,0.0,True,True,True,False,0.0,1023.3832017905524,0.0,0.0,0.0,0.0,1023.3832017905524
2026-02-13T18:00:00Z,2026-02-13T18:15:00Z,2026-02-13,2026-02-13_77,0.0,0,0,100,64.34782608695639,64.34782608695639,0.0,0.0,0.0,True,True,True,False,0.0,1023.3832017905524,0.0,0.0,0.0,0.0,1023.3832017905524
2026-02-13T18:15:00Z,2026-02-13T18:30:00Z,2026-02-13,2026-02-13_78,0.0,0,0,100,64.34782608695639,64.34782608695639,0.0,0.0,0.0,True,True,True,False,0.0,1023.3832017905524,0.0,0.0,0.0,0.0,1023.3832017905524
2026-02-13T18:30:00Z,2026-02-13T18:45:00Z,2026-02-13,2026-02-13_79,0.0,0,0,100,64.34782608695639,64.34782608695639,0.0,0.0,0.0,True,True,True,False,0.0,1023.3832017905524,0.0,0.0,0.0,0.0,1023.3832017905524
2026-02-13T18:45:00Z,2026-02-13T19:00:00Z,2026-02-13,2026-02-13_80,0.0,0,0,100,64.34782608695639,64.34782608695639,0.0,0.0,0.0,True,True,True,False,0.0,1023.3832017905524,0.0,0.0,0.0,0.0,1023.3832017905524
2026-02-13T19:00:00Z,2026-02-13T19:15:00Z,2026-02-13,2026-02-13_81,0.0,0,0,100,64.34782608695639,64.34782608695639,0.0,0.0,0.0,True,True,True,False,0.0,1023.3832017905524,0.0,0.0,0.0,0.0,1023.3832017905524
2026-02-13T19:15:00Z,2026-02-13T19:30:00Z,2026-02-13,2026-02-13_82,0.0,0,0,100,64.34782608695639,64.34782608695639,0.0,0.0,0.0,True,True,True,False,0.0,1023.3832017905524,0.0,0.0,0.0,0.0,1023.3832017905524
2026-02-13T19:30:00Z,2026-02-13T19:45:00Z,2026-02-13,2026-02-13_83,0.0,0,0,100,64.34782608695639,64.34782608695639,0.0,0.0,0.0,True,True,True,False,0.0,1023.3832017905524,0.0,0.0,0.0,0.0,1023.3832017905524
2026-02-13T19:45:00Z,2026-02-13T20:00:00Z,2026-02-13,2026-02-13_84,0.0,0,0,100,64.34782608695639,64.34782608695639,0.0,0.0,0.0,True,True,True,False,0.0,1023.3832017905524,0.0,0.0,0.0,0.0,1023.3832017905524
2026-02-13T20:00:00Z,2026-02-13T20:15:00Z,2026-02-13,2026-02-13_85,0.0,0,0,100,64.34782608695639,64.34782608695639,0.0,0.0,0.0,True,True,True,False,0.0,1023.3832017905524,0.0,0.0,0.0,0.0,1023.3832017905524
2026-02-13T20:15:00Z,2026-02-13T20:30:00Z,2026-02-13,2026-02-13_86,0.0,0,0,100,64.34782608695639,64.34782608695639,0.0,0.0,0.0,True,True,True,False,0.0,1023.3832017905524,0.0,0.0,0.0,0.0,1023.3832017905524
2026-02-13T20:30:00Z,2026-02-13T20:45:00Z,2026-02-13,2026-02-13_87,0.0,0,0,100,64.34782608695639,64.34782608695639,0.0,0.0,0.0,True,True,True,False,0.0,1023.3832017905524,0.0,0.0,0.0,0.0,1023.3832017905524
2026-02-13T20:45:00Z,2026-02-13T21:00:00Z,2026-02-13,2026-02-13_88,0.0,0,0,100,64.34782608695639,64.34782608695639,0.0,0.0,0.0,True,True,True,False,0.0,1023.3832017905524,0.0,0.0,0.0,0.0,1023.3832017905524
2026-02-13T21:00:00Z,2026-02-13T21:15:00Z,2026-02-13,2026-02-13_89,0.0,0,0,100,64.34782608695639,64.34782608695639,0.0,0.0,0.0,True,True,True,False,0.0,1023.3832017905524,0.0,0.0,0.0,0.0,1023.3832017905524
2026-02-13T21:15:00Z,2026-02-13T21:30:00Z,2026-02-13,2026-02-13_90,0.0,0,0,100,64.34782608695639,64.34782608695639,0.0,0.0,0.0,True,True,True,False,0.0,1023.3832017905524,0.0,0.0,0.0,0.0,1023.3832017905524
2026-02-13T21:30:00Z,2026-02-13T21:45:00Z,2026-02-13,2026-02-13_91,0.0,0,0,100,64.34782608695639,64.34782608695639,0.0,0.0,0.0,True,True,True,False,0.0,1023.3832017905524,0.0,0.0,0.0,0.0,1023.3832017905524
2026-02-13T21:45:00Z,2026-02-13T22:00:00Z,2026-02-13,2026-02-13_92,0.0,0,0,100,64.34782608695639,64.34782608695639,0.0,0.0,0.0,True,True,True,False,0.0,1023.3832017905524,0.0,0.0,0.0,0.0,1023.3832017905524
2026-02-13T22:00:00Z,2026-02-13T22:15:00Z,2026-02-14,2026-02-13_93,0.0,0,0,100,64.34782608695639,64.34782608695639,0.0,0.0,0.0,True,True,True,False,0.0,1023.2024026853542,0.0,0.0,0.0,0.0,1023.2024026853542
2026-02-13T22:15:00Z,2026-02-13T22:30:00Z,2026-02-14,2026-02-13_94,0.0,0,0,100,64.34782608695639,64.34782608695639,0.0,0.0,0.0,True,True,True,False,0.0,1023.2024026853542,0.0,0.0,0.0,0.0,1023.2024026853542
2026-02-13T22:30:00Z,2026-02-13T22:45:00Z,2026-02-14,2026-02-13_95,0.0,0,0,100,64.34782608695639,64.34782608695639,0.0,0.0,0.0,True,True,True,False,0.0,1023.2024026853542,0.0,0.0,0.0,0.0,1023.2024026853542
2026-02-13T22:45:00Z,2026-02-13T23:00:00Z,2026-02-14,2026-02-13_96,0.0,0,0,100,64.34782608695639,64.34782608695639,0.0,0.0,0.0,True,True,True,False,0.0,1023.2024026853542,0.0,0.0,0.0,0.0,1023.2024026853542
2026-02-13T23:00:00Z,2026-02-13T23:15:00Z,2026-02-14,2026-02-14_1,0.0,0,0,100,64.34782608695639,64.34782608695639,0.0,0.0,0.0,True,True,True,False,0.0,1023.2024026853542,0.0,0.0,0.0,0.0,1023.2024026853542
2026-02-13T23:15:00Z,2026-02-13T23:30:00Z,2026-02-14,2026-02-14_2,0.0,0,0,100,64.34782608695639,64.34782608695639,0.0,0.0,0.0,True,True,True,False,0.0,1023.2024026853542,0.0,0.0,0.0,0.0,1023.2024026853542
2026-02-13T23:30:00Z,2026-02-13T23:45:00Z,2026-02-14,2026-02-14_3,0.0,0,0,100,64.34782608695639,64.34782608695639,0.0,0.0,0.0,True,True,True,False,0.0,1023.2024026853542,0.0,0.0,0.0,0.0,1023.2024026853542
2026-02-13T23:45:00Z,2026-02-14T00:00:00Z,2026-02-14,2026-02-14_4,0.0,0,0,100,64.34782608695639,64.34782608695639,0.0,0.0,0.0,True,True,True,False,0.0,1023.2024026853542,0.0,0.0,0.0,0.0,1023.2024026853542
2026-02-14T00:00:00Z,2026-02-14T00:15:00Z,2026-02-14,2026-02-14_5,0.0,0,0,100,64.34782608695639,64.34782608695639,0.0,0.0,0.0,True,True,True,False,0.0,1023.2024026853542,0.0,0.0,0.0,0.0,1023.2024026853542
2026-02-14T00:15:00Z,2026-02-14T00:30:00Z,2026-02-14,2026-02-14_6,0.0,0,0,100,64.34782608695639,64.34782608695639,0.0,0.0,0.0,True,True,True,False,0.0,1023.2024026853542,0.0,0.0,0.0,0.0,1023.2024026853542
2026-02-14T00:30:00Z,2026-02-14T00:45:00Z,2026-02-14,2026-02-14_7,0.0,0,0,100,64.34782608695639,64.34782608695639,0.0,0.0,0.0,True,True,True,False,0.0,1023.2024026853542,0.0,0.0,0.0,0.0,1023.2024026853542
2026-02-14T00:45:00Z,2026-02-14T01:00:00Z,2026-02-14,2026-02-14_8,0.0,0,0,100,64.34782608695639,64.34782608695639,0.0,0.0,0.0,True,True,True,False,0.0,1023.2024026853542,0.0,0.0,0.0,0.0,1023.2024026853542
2026-02-14T01:00:00Z,2026-02-14T01:15:00Z,2026-02-14,2026-02-14_9,0.0,0,0,100,64.34782608695639,64.34782608695639,0.0,0.0,0.0,True,True,True,False,0.0,1023.2024026853542,0.0,0.0,0.0,0.0,1023.2024026853542
2026-02-14T01:15:00Z,2026-02-14T01:30:00Z,2026-02-14,2026-02-14_10,0.0,0,0,100,64.34782608695639,64.34782608695639,0.0,0.0,0.0,True,True,True,False,0.0,1023.2024026853542,0.0,0.0,0.0,0.0,1023.2024026853542
2026-02-14T01:30:00Z,2026-02-14T01:45:00Z,2026-02-14,2026-02-14_11,0.0,0,0,100,64.34782608695639,64.34782608695639,0.0,0.0,0.0,True,True,True,False,0.0,1023.2024026853542,0.0,0.0,0.0,0.0,1023.2024026853542
2026-02-14T01:45:00Z,2026-02-14T02:00:00Z,2026-02-14,2026-02-14_12,0.0,0,0,100,64.34782608695639,64.34782608695639,0.0,0.0,0.0,True,True,True,False,0.0,1023.2024026853542,0.0,0.0,0.0,0.0,1023.2024026853542
2026-02-14T02:00:00Z,2026-02-14T02:15:00Z,2026-02-14,2026-02-14_13,0.0,0,0,100,64.34782608695639,64.34782608695639,0.0,0.0,0.0,True,True,True,False,0.0,1023.2024026853542,0.0,0.0,0.0,0.0,1023.2024026853542
2026-02-14T02:15:00Z,2026-02-14T02:30:00Z,2026-02-14,2026-02-14_14,0.0,0,0,100,64.34782608695639,64.34782608695639,0.0,0.0,0.0,True,True,True,False,0.0,1023.2024026853542,0.0,0.0,0.0,0.0,1023.2024026853542
2026-02-14T02:30:00Z,2026-02-14T02:45:00Z,2026-02-14,2026-02-14_15,0.0,0,0,100,64.34782608695639,64.34782608695639,0.0,0.0,0.0,True,True,True,False,0.0,1023.2024026853542,0.0,0.0,0.0,0.0,1023.2024026853542
2026-02-14T02:45:00Z,2026-02-14T03:00:00Z,2026-02-14,2026-02-14_16,0.0,0,0,100,64.34782608695639,64.34782608695639,0.0,0.0,0.0,True,True,True,False,0.0,1023.2024026853542,0.0,0.0,0.0,0.0,1023.2024026853542
2026-02-14T03:00:00Z,2026-02-14T03:15:00Z,2026-02-14,2026-02-14_17,0.0,0,0,100,64.34782608695639,64.34782608695639,0.0,0.0,0.0,True,True,True,False,0.0,1023.2024026853542,0.0,0.0,0.0,0.0,1023.2024026853542
2026-02-14T03:15:00Z,2026-02-14T03:30:00Z,2026-02-14,2026-02-14_18,0.0,0,0,100,64.34782608695639,64.34782608695639,0.0,0.0,0.0,True,True,True,False,0.0,1023.2024026853542,0.0,0.0,0.0,0.0,1023.2024026853542
2026-02-14T03:30:00Z,2026-02-14T03:45:00Z,2026-02-14,2026-02-14_19,0.0,0,0,100,64.34782608695639,64.34782608695639,0.0,0.0,0.0,True,True,True,False,0.0,1023.2024026853542,0.0,0.0,0.0,0.0,1023.2024026853542
2026-02-14T03:45:00Z,2026-02-14T04:00:00Z,2026-02-14,2026-02-14_20,0.0,0,0,100,64.34782608695639,64.34782608695639,0.0,0.0,0.0,True,True,True,False,0.0,1023.2024026853542,0.0,0.0,0.0,0.0,1023.2024026853542
2026-02-14T04:00:00Z,2026-02-14T04:15:00Z,2026-02-14,2026-02-14_21,0.0,0,0,100,64.34782608695639,64.34782608695639,0.0,0.0,0.0,True,True,True,False,0.0,1023.2024026853542,0.0,0.0,0.0,0.0,1023.2024026853542
2026-02-14T04:15:00Z,2026-02-14T04:30:00Z,2026-02-14,2026-02-14_22,0.0,0,0,100,64.34782608695639,64.34782608695639,0.0,0.0,0.0,True,True,True,False,0.0,1023.2024026853542,0.0,0.0,0.0,0.0,1023.2024026853542
2026-02-14T04:30:00Z,2026-02-14T04:45:00Z,2026-02-14,2026-02-14_23,0.0,0,0,100,64.34782608695639,64.34782608695639,0.0,0.0,0.0,True,True,True,False,0.0,1023.2024026853542,0.0,0.0,0.0,0.0,1023.2024026853542
2026-02-14T04:45:00Z,2026-02-14T05:00:00Z,2026-02-14,2026-02-14_24,0.0,0,0,100,64.34782608695639,64.34782608695639,0.0,0.0,0.0,True,True,True,False,0.0,1023.2024026853542,0.0,0.0,0.0,0.0,1023.2024026853542
2026-02-14T05:00:00Z,2026-02-14T05:15:00Z,2026-02-14,2026-02-14_25,0.0,0,0,100,64.34782608695639,64.34782608695639,0.0,0.0,0.0,True,True,True,False,0.0,1023.2024026853542,0.0,0.0,0.0,0.0,1023.2024026853542
2026-02-14T05:15:00Z,2026-02-14T05:30:00Z,2026-02-14,2026-02-14_26,0.0,0,0,100,64.34782608695639,64.34782608695639,0.0,0.0,0.0,True,True,True,False,0.0,1023.2024026853542,0.0,0.0,0.0,0.0,1023.2024026853542
2026-02-14T05:30:00Z,2026-02-14T05:45:00Z,2026-02-14,2026-02-14_27,0.0,0,0,100,64.34782608695639,64.34782608695639,0.0,0.0,0.0,True,True,True,False,0.0,1023.2024026853542,0.0,0.0,0.0,0.0,1023.2024026853542
2026-02-14T05:45:00Z,2026-02-14T06:00:00Z,2026-02-14,2026-02-14_28,0.0,0,0,100,64.34782608695639,64.34782608695639,0.0,0.0,0.0,True,True,True,False,0.0,1023.2024026853542,0.0,0.0,0.0,0.0,1023.2024026853542
2026-02-14T06:00:00Z,2026-02-14T06:15:00Z,2026-02-14,2026-02-14_29,0.0,0,0,100,64.34782608695639,64.34782608695639,0.0,0.0,0.0,True,False,True,False,0.0,1023.2024026853542,0.0,0.0,0.0,0.0,1023.2024026853542
2026-02-14T06:15:00Z,2026-02-14T06:30:00Z,2026-02-14,2026-02-14_30,0.0,0,0,100,64.34782608695639,64.34782608695639,0.0,0.0,0.0,True,False,True,False,0.0,1023.2024026853542,0.0,0.0,0.0,0.0,1023.2024026853542
2026-02-14T06:30:00Z,2026-02-14T06:45:00Z,2026-02-14,2026-02-14_31,0.0,0,0,100,64.34782608695639,64.34782608695639,0.0,0.0,0.0,True,False,True,False,0.0,1023.2024026853542,0.0,0.0,0.0,0.0,1023.2024026853542
2026-02-14T06:45:00Z,2026-02-14T07:00:00Z,2026-02-14,2026-02-14_32,0.0,0,0,100,64.34782608695639,64.34782608695639,0.0,0.0,0.0,True,False,True,False,0.0,1023.2024026853542,0.0,0.0,0.0,0.0,1023.2024026853542
2026-02-14T07:00:00Z,2026-02-14T07:15:00Z,2026-02-14,2026-02-14_33,0.0,0,0,100,64.34782608695639,64.34782608695639,0.0,0.0,0.0,True,True,True,False,0.0,1023.2024026853542,0.0,0.0,0.0,0.0,1023.2024026853542
2026-02-14T07:15:00Z,2026-02-14T07:30:00Z,2026-02-14,2026-02-14_34,0.0,0,0,100,64.34782608695639,64.34782608695639,0.0,0.0,0.0,True,True,True,False,0.0,1023.2024026853542,0.0,0.0,0.0,0.0,1023.2024026853542
2026-02-14T07:30:00Z,2026-02-14T07:45:00Z,2026-02-14,2026-02-14_35,0.0,0,0,100,64.34782608695639,64.34782608695639,0.0,0.0,0.0,True,True,True,False,0.0,1023.2024026853542,0.0,0.0,0.0,0.0,1023.2024026853542
2026-02-14T07:45:00Z,2026-02-14T08:00:00Z,2026-02-14,2026-02-14_36,0.0,0,0,100,64.34782608695639,64.34782608695639,0.0,0.0,0.0,True,True,True,False,0.0,1023.2024026853542,0.0,0.0,0.0,0.0,1023.2024026853542
2026-02-14T08:00:00Z,2026-02-14T08:15:00Z,2026-02-14,2026-02-14_37,0.0,0,0,100,64.34782608695639,64.34782608695639,0.0,0.0,0.0,True,True,True,False,0.0,1023.2024026853542,0.0,0.0,0.0,0.0,1023.2024026853542
2026-02-14T08:15:00Z,2026-02-14T08:30:00Z,2026-02-14,2026-02-14_38,0.0,0,0,100,64.34782608695639,64.34782608695639,0.0,0.0,0.0,True,True,True,False,0.0,1023.2024026853542,0.0,0.0,0.0,0.0,1023.2024026853542
2026-02-14T08:30:00Z,2026-02-14T08:45:00Z,2026-02-14,2026-02-14_39,0.0,0,0,100,64.34782608695639,64.34782608695639,0.0,0.0,0.0,True,True,True,False,0.0,1023.2024026853542,0.0,0.0,0.0,0.0,1023.2024026853542
2026-02-14T08:45:00Z,2026-02-14T09:00:00Z,2026-02-14,2026-02-14_40,0.0,0,0,100,64.34782608695639,64.34782608695639,0.0,0.0,0.0,True,True,True,False,0.0,1023.2024026853542,0.0,0.0,0.0,0.0,1023.2024026853542
2026-02-14T09:00:00Z,2026-02-14T09:15:00Z,2026-02-14,2026-02-14_41,0.0,0,0,100,64.34782608695639,64.34782608695639,0.0,0.0,0.0,True,True,True,False,0.0,1023.2024026853542,0.0,0.0,0.0,0.0,1023.2024026853542
2026-02-14T09:15:00Z,2026-02-14T09:30:00Z,2026-02-14,2026-02-14_42,0.0,0,0,100,64.34782608695639,64.34782608695639,0.0,0.0,0.0,True,True,True,False,0.0,1023.2024026853542,0.0,0.0,0.0,0.0,1023.2024026853542
2026-02-14T09:30:00Z,2026-02-14T09:45:00Z,2026-02-14,2026-02-14_43,0.0,0,0,100,64.34782608695639,64.34782608695639,0.0,0.0,0.0,True,True,True,False,0.0,1023.2024026853542,0.0,0.0,0.0,0.0,1023.2024026853542
2026-02-14T09:45:00Z,2026-02-14T10:00:00Z,2026-02-14,2026-02-14_44,0.0,0,0,100,64.34782608695639,64.34782608695639,0.0,0.0,0.0,True,True,True,False,0.0,1023.2024026853542,0.0,0.0,0.0,0.0,1023.2024026853542
2026-02-14T10:00:00Z,2026-02-14T10:15:00Z,2026-02-14,2026-02-14_45,-91.94706164731294,94,0,6,64.34782608695639,85.49565026583838,0.05874395605244993,0.0,0.0,True,True,True,False,-193.778432421712,61.392144161121244,99.44702903244804,0.0,0.0,0.0,-32.939259228142724
2026-02-14T10:15:00Z,2026-02-14T10:30:00Z,2026-02-14,2026-02-14_46,-94.0,94,0,6,85.49565026583838,103.43555563726696,0.04983307047619048,4.000102857142857,0.0,True,True,True,False,-119.85,61.392144161121244,99.44702903244804,0.0,442.7108713637932,0.0,483.7000445573625
2026-02-14T10:30:00Z,2026-02-14T10:45:00Z,2026-02-14,2026-02-14_47,-94.0,94,0,6,103.43555563726696,120.1617759801241,0.046461723174603176,5.319325714285714,0.0,True,True,True,False,-120.08500000000001,61.392144161121244,99.44702903244804,0.0,614.357425330832,0.0,655.1115985244013
2026-02-14T10:45:00Z,2026-02-14T11:00:00Z,2026-02-14,2026-02-14_48,-94.00000000000001,94,0,6,120.1617759801241,137.19438260869555,0.0473127961904762,4.9862971428571425,0.0,True,True,True,False,-119.85000000000001,61.392144161121244,99.44702903244804,0.0,613.9606539723669,0.0,654.9498271659362
2026-02-14T11:00:00Z,2026-02-14T11:15:00Z,2026-02-14,2026-02-14_49,0.0,0,0,100,137.19438260869555,137.19438260869555,0.0,0.0,0.0,True,True,True,False,0.0,1023.2024026853542,0.0,0.0,0.0,0.0,1023.2024026853542
2026-02-14T11:15:00Z,2026-02-14T11:30:00Z,2026-02-14,2026-02-14_50,0.0,0,0,100,137.19438260869555,137.19438260869555,0.0,0.0,0.0,True,True,True,False,0.0,1023.2024026853542,0.0,0.0,0.0,0.0,1023.2024026853542
2026-02-14T11:30:00Z,2026-02-14T11:45:00Z,2026-02-14,2026-02-14_51,0.0,0,0,100,137.19438260869555,137.19438260869555,0.0,0.0,0.0,True,True,True,False,0.0,1023.2024026853542,0.0,0.0,0.0,0.0,1023.2024026853542
2026-02-14T11:45:00Z,2026-02-14T12:00:00Z,2026-02-14,2026-02-14_52,0.0,0,0,100,137.19438260869555,137.19438260869555,0.0,0.0,0.0,True,True,True,False,0.0,1023.2024026853542,0.0,0.0,0.0,0.0,1023.2024026853542
2026-02-14T12:00:00Z,2026-02-14T12:15:00Z,2026-02-14,2026-02-14_53,0.0,100,100,0,137.19438260869555,152.4059254658384,0.04225428571428571,0.0,16.534285714285712,True,True,True,False,0.0,0.0,103.64525057417116,43.43089335139273,0.0,1971.4984663531507,2118.5746102787148
2026-02-14T12:15:00Z,2026-02-14T12:30:00Z,2026-02-14,2026-02-14_54,0.0,100,100,0,152.4059254658384,162.89813118012412,0.02914501587301587,0.0,11.404571428571428,True,True,True,False,0.0,0.0,103.64525057417116,43.43089335139273,0.0,709.4953959186878,856.5715398442517
2026-02-14T12:30:00Z,2026-02-14T12:45:00Z,2026-02-14,2026-02-14_55,0.0,100,100,0,162.89813118012412,164.39012422360238,0.00444808281573499,0.05028571428571428,1.681142857142857,True,True,True,False,0.0,0.0,103.64525057417116,43.43089335139273,5.073681790011806,-55.46322708012597,96.68659863544973
2026-02-14T12:45:00Z,2026-02-14T13:00:00Z,2026-02-14,2026-02-14_56,0.0,100,100,0,164.39012422360238,161.7099999999999,0.0074447895100069016,2.465714285714286,0.0,True,True,True,False,0.0,0.0,103.64525057417116,43.43089335139273,277.57254746902004,0.0,424.6486913945839
2026-02-14T13:00:00Z,2026-02-14T13:15:00Z,2026-02-14,2026-02-14_57,-77.00000000000003,0,0,23,161.7099999999999,179.4199999999999,0.049194444444444464,0.0,0.0,True,False,True,False,-162.27750000000006,235.33655261763144,0.0,0.0,0.0,0.0,73.05905261763138
2026-02-14T13:15:00Z,2026-02-14T13:30:00Z,2026-02-14,2026-02-14_58,0.0,0,0,23,179.4199999999999,179.4199999999999,0.0,0.0,0.0,True,False,True,False,0.0,235.33655261763144,0.0,0.0,0.0,0.0,235.33655261763144
2026-02-14T13:30:00Z,2026-02-14T13:45:00Z,2026-02-14,2026-02-14_59,0.0,0,0,23,179.4199999999999,179.4199999999999,0.0,0.0,0.0,True,False,True,False,0.0,235.33655261763144,0.0,0.0,0.0,0.0,235.33655261763144
2026-02-14T13:45:00Z,2026-02-14T14:00:00Z,2026-02-14,2026-02-14_60,0.0,0,0,23,179.4199999999999,179.4199999999999,0.0,0.0,0.0,True,False,True,False,0.0,235.33655261763144,0.0,0.0,0.0,0.0,235.33655261763144
2026-02-14T14:00:00Z,2026-02-14T14:15:00Z,2026-02-14,2026-02-14_61,-100.0,100,0,0,179.4199999999999,189.70349714285703,0.028565269841269843,13.822285714285714,0.0,True,True,True,False,-1789.5,0.0,106.03026912431541,0.0,4947.229481016599,0.0,3263.759750140914
2026-02-14T14:15:00Z,2026-02-14T14:30:00Z,2026-02-14,2026-02-14_62,-40.15012021040299,100,0,0,189.70349714285703,189.9999999999999,0.03249572934621328,8.763428571428571,0.0,True,True,True,False,-1095.3956546403194,0.0,106.03026912431541,0.0,1713.9458655472085,0.0,724.5804800312045
2026-02-14T14:30:00Z,2026-02-14T14:45:00Z,2026-02-14,2026-02-14_63,-58.841376142092265,100,0,0,189.9999999999999,189.97792385903253,0.0340145525491687,13.710285714285714,0.0,True,True,True,False,-1685.8054264709433,0.0,106.03026912431541,0.0,2934.754168384273,0.0,1354.979011037645
2026-02-14T14:45:00Z,2026-02-14T15:00:00Z,2026-02-14,2026-02-14_64,-6.940935446070482,100,0,0,189.97792385903253,189.99999999999972,0.008288283393203172,1.4639999999999997,0.0,True,True,True,False,-213.6072883528191,0.0,106.03026912431541,0.0,234.18712207761612,0.0,126.61010284911244
2026-02-14T15:00:00Z,2026-02-14T15:15:00Z,2026-02-14,2026-02-14_65,100.0,0,100,0,189.99999999999972,174.96770186335374,0.04175638371290545,0.0,11.170285714285713,True,True,True,False,3581.7500000000005,0.0,0.0,42.51810847417702,0.0,198.34750704568972,3822.6156155198673
2026-02-14T15:15:00Z,2026-02-14T15:30:00Z,2026-02-14,2026-02-14_66,98.23254901363185,0,100,0,174.96770186335374,148.55467701863333,0.07339289767574966,0.0,0.2588571428571429,True,True,True,False,3899.0954517235828,0.0,0.0,42.51810847417702,0.0,-16.786918488731107,3924.8266417090285
2026-02-14T15:30:00Z,2026-02-14T15:45:00Z,2026-02-14,2026-02-14_67,100.0,0,100,0,148.55467701863333,126.55219254658364,0.06111801242236024,0.0,4.757714285714286,True,True,True,False,4348.25,0.0,0.0,42.51810847417702,0.0,-249.76529061892705,4141.00281785525
2026-02-14T15:45:00Z,2026-02-14T16:00:00Z,2026-02-14,2026-02-14_68,100.0,0,100,0,126.55219254658364,104.20188198757742,0.06208419599723947,0.0,4.437714285714286,True,True,True,False,4149.5,0.0,0.0,42.51810847417702,0.0,-81.31410399858666,4110.70400447559
2026-02-14T16:00:00Z,2026-02-14T16:15:00Z,2026-02-14,2026-02-14_69,43.0,0,43,57,104.20188198757742,97.835211180124,0.0176851966873706,0.0,4.892662857142857,True,True,True,False,1882.7549999999999,583.2253695306518,0.0,17.864966727518993,0.0,-11.01600670777704,2472.8293295503936
2026-02-14T16:15:00Z,2026-02-14T16:30:00Z,2026-02-14,2026-02-14_70,43.0,0,43,57,97.835211180124,86.54330434782587,0.031366407867494825,0.0,0.36144571428571426,True,True,True,False,1964.7775000000001,583.2253695306518,0.0,17.864966727518993,0.0,-22.273862438972408,2543.5939738191987
2026-02-14T16:30:00Z,2026-02-14T16:45:00Z,2026-02-14,2026-02-14_71,43.0,0,43,57,86.54330434782587,74.99419875776375,0.03208084886128364,0.0,0.12482285714285714,True,True,True,False,1883.0774999999999,583.2253695306518,0.0,17.864966727518993,0.0,-8.49399659114809,2475.6738396670225
2026-02-14T16:45:00Z,2026-02-14T17:00:00Z,2026-02-14,2026-02-14_72,43.0,0,43,57,74.99419875776375,64.3478260869563,0.029573257418909593,0.0,0.9553371428571428,True,True,True,False,1738.7050000000002,583.2253695306518,0.0,17.864966727518993,0.0,-52.158823828312315,2287.6365124298586
2026-02-14T17:00:00Z,2026-02-14T17:15:00Z,2026-02-14,2026-02-14_73,0.0,0,0,100,64.3478260869563,64.3478260869563,0.0,0.0,0.0,True,True,True,False,0.0,1023.2024026853542,0.0,0.0,0.0,0.0,1023.2024026853542
2026-02-14T17:15:00Z,2026-02-14T17:30:00Z,2026-02-14,2026-02-14_74,0.0,0,0,100,64.3478260869563,64.3478260869563,0.0,0.0,0.0,True,True,True,False,0.0,1023.2024026853542,0.0,0.0,0.0,0.0,1023.2024026853542
2026-02-14T17:30:00Z,2026-02-14T17:45:00Z,2026-02-14,2026-02-14_75,0.0,0,0,100,64.3478260869563,64.3478260869563,0.0,0.0,0.0,True,True,True,False,0.0,1023.2024026853542,0.0,0.0,0.0,0.0,1023.2024026853542
2026-02-14T17:45:00Z,2026-02-14T18:00:00Z,2026-02-14,2026-02-14_76,0.0,0,0,100,64.3478260869563,64.3478260869563,0.0,0.0,0.0,True,True,True,False,0.0,1023.2024026853542,0.0,0.0,0.0,0.0,1023.2024026853542
2026-02-14T18:00:00Z,2026-02-14T18:15:00Z,2026-02-14,2026-02-14_77,0.0,0,0,100,64.3478260869563,64.3478260869563,0.0,0.0,0.0,True,False,True,False,0.0,1023.2024026853542,0.0,0.0,0.0,0.0,1023.2024026853542
2026-02-14T18:15:00Z,2026-02-14T18:30:00Z,2026-02-14,2026-02-14_78,0.0,0,0,100,64.3478260869563,64.3478260869563,0.0,0.0,0.0,True,False,True,False,0.0,1023.2024026853542,0.0,0.0,0.0,0.0,1023.2024026853542
2026-02-14T18:30:00Z,2026-02-14T18:45:00Z,2026-02-14,2026-02-14_79,0.0,0,0,100,64.3478260869563,64.3478260869563,0.0,0.0,0.0,True,False,True,False,0.0,1023.2024026853542,0.0,0.0,0.0,0.0,1023.2024026853542
2026-02-14T18:45:00Z,2026-02-14T19:00:00Z,2026-02-14,2026-02-14_80,0.0,0,0,100,64.3478260869563,64.3478260869563,0.0,0.0,0.0,True,False,True,False,0.0,1023.2024026853542,0.0,0.0,0.0,0.0,1023.2024026853542
2026-02-14T19:00:00Z,2026-02-14T19:15:00Z,2026-02-14,2026-02-14_81,0.0,0,0,100,64.3478260869563,64.3478260869563,0.0,0.0,0.0,True,True,True,False,0.0,1023.2024026853542,0.0,0.0,0.0,0.0,1023.2024026853542
2026-02-14T19:15:00Z,2026-02-14T19:30:00Z,2026-02-14,2026-02-14_82,0.0,0,0,100,64.3478260869563,64.3478260869563,0.0,0.0,0.0,True,True,True,False,0.0,1023.2024026853542,0.0,0.0,0.0,0.0,1023.2024026853542
2026-02-14T19:30:00Z,2026-02-14T19:45:00Z,2026-02-14,2026-02-14_83,0.0,0,0,100,64.3478260869563,64.3478260869563,0.0,0.0,0.0,True,True,True,False,0.0,1023.2024026853542,0.0,0.0,0.0,0.0,1023.2024026853542
2026-02-14T19:45:00Z,2026-02-14T20:00:00Z,2026-02-14,2026-02-14_84,0.0,0,0,100,64.3478260869563,64.3478260869563,0.0,0.0,0.0,True,True,True,False,0.0,1023.2024026853542,0.0,0.0,0.0,0.0,1023.2024026853542
2026-02-14T20:00:00Z,2026-02-14T20:15:00Z,2026-02-14,2026-02-14_85,0.0,0,0,100,64.3478260869563,64.3478260869563,0.0,0.0,0.0,True,True,True,False,0.0,1023.2024026853542,0.0,0.0,0.0,0.0,1023.2024026853542
2026-02-14T20:15:00Z,2026-02-14T20:30:00Z,2026-02-14,2026-02-14_86,0.0,0,0,100,64.3478260869563,64.3478260869563,0.0,0.0,0.0,True,True,True,False,0.0,1023.2024026853542,0.0,0.0,0.0,0.0,1023.2024026853542
2026-02-14T20:30:00Z,2026-02-14T20:45:00Z,2026-02-14,2026-02-14_87,0.0,0,0,100,64.3478260869563,64.3478260869563,0.0,0.0,0.0,True,True,True,False,0.0,1023.2024026853542,0.0,0.0,0.0,0.0,1023.2024026853542
2026-02-14T20:45:00Z,2026-02-14T21:00:00Z,2026-02-14,2026-02-14_88,0.0,0,0,100,64.3478260869563,64.3478260869563,0.0,0.0,0.0,True,True,True,False,0.0,1023.2024026853542,0.0,0.0,0.0,0.0,1023.2024026853542
2026-02-14T21:00:00Z,2026-02-14T21:15:00Z,2026-02-14,2026-02-14_89,0.0,0,0,100,64.3478260869563,64.3478260869563,0.0,0.0,0.0,True,True,True,False,0.0,1023.2024026853542,0.0,0.0,0.0,0.0,1023.2024026853542
2026-02-14T21:15:00Z,2026-02-14T21:30:00Z,2026-02-14,2026-02-14_90,0.0,0,0,100,64.3478260869563,64.3478260869563,0.0,0.0,0.0,True,True,True,False,0.0,1023.2024026853542,0.0,0.0,0.0,0.0,1023.2024026853542
2026-02-14T21:30:00Z,2026-02-14T21:45:00Z,2026-02-14,2026-02-14_91,0.0,0,0,100,64.3478260869563,64.3478260869563,0.0,0.0,0.0,True,True,True,False,0.0,1023.2024026853542,0.0,0.0,0.0,0.0,1023.2024026853542
2026-02-14T21:45:00Z,2026-02-14T22:00:00Z,2026-02-14,2026-02-14_92,0.0,0,0,100,64.3478260869563,64.3478260869563,0.0,0.0,0.0,True,True,True,False,0.0,1023.2024026853542,0.0,0.0,0.0,0.0,1023.2024026853542
2026-02-14T22:00:00Z,2026-02-14T22:15:00Z,2026-02-15,2026-02-14_93,0.0,0,0,100,64.3478260869563,64.3478260869563,0.0,0.0,0.0,True,True,True,False,0.0,1023.2024026853542,0.0,0.0,0.0,0.0,1023.2024026853542
2026-02-14T22:15:00Z,2026-02-14T22:30:00Z,2026-02-15,2026-02-14_94,0.0,0,0,100,64.3478260869563,64.3478260869563,0.0,0.0,0.0,True,True,True,False,0.0,1023.2024026853542,0.0,0.0,0.0,0.0,1023.2024026853542
2026-02-14T22:30:00Z,2026-02-14T22:45:00Z,2026-02-15,2026-02-14_95,0.0,0,0,100,64.3478260869563,64.3478260869563,0.0,0.0,0.0,True,True,True,False,0.0,1023.2024026853542,0.0,0.0,0.0,0.0,1023.2024026853542
2026-02-14T22:45:00Z,2026-02-14T23:00:00Z,2026-02-15,2026-02-14_96,0.0,0,0,100,64.3478260869563,64.3478260869563,0.0,0.0,0.0,True,True,True,False,0.0,1023.2024026853542,0.0,0.0,0.0,0.0,1023.2024026853542
2026-02-14T23:00:00Z,2026-02-14T23:15:00Z,2026-02-15,2026-02-15_1,-9.8858119757927e-13,0,0,100,64.3478260869563,64.34782608695653,6.315935428978669e-16,0.0,0.0,True,True,True,False,-8.70692889767942e-12,1023.2024026853542,0.0,0.0,0.0,0.0,1023.2024026853454
2026-02-14T23:15:00Z,2026-02-14T23:30:00Z,2026-02-15,2026-02-15_2,0.0,0,0,100,64.34782608695653,64.34782608695653,0.0,0.0,0.0,True,True,True,False,0.0,1023.2024026853542,0.0,0.0,0.0,0.0,1023.2024026853542
2026-02-14T23:30:00Z,2026-02-14T23:45:00Z,2026-02-15,2026-02-15_3,0.0,0,0,100,64.34782608695653,64.34782608695653,0.0,0.0,0.0,True,True,True,False,0.0,1023.2024026853542,0.0,0.0,0.0,0.0,1023.2024026853542
2026-02-14T23:45:00Z,2026-02-15T00:00:00Z,2026-02-15,2026-02-15_4,0.0,0,0,100,64.34782608695653,64.34782608695653,0.0,0.0,0.0,True,True,True,False,0.0,1023.2024026853542,0.0,0.0,0.0,0.0,1023.2024026853542
2026-02-15T00:00:00Z,2026-02-15T00:15:00Z,2026-02-15,2026-02-15_5,40.99999999999999,59,100,0,64.34782608695653,55.46358167453417,0.03156426241545893,0.0,2.2834285714285714,True,True,True,False,361.1074999999999,0.0,60.52529297450092,45.96313526882987,0.0,-72.02192702768642,395.5740012156443
2026-02-15T00:15:00Z,2026-02-15T00:30:00Z,2026-02-15,2026-02-15_6,40.83670491609877,59,100,0,55.46358167453417,45.38741465838508,0.032869066273162766,0.5279657142857143,1.6137142857142857,True,True,True,False,202.44796462155963,0.0,60.52529297450092,45.96313526882987,54.58122674922392,-1.5185886747373114,361.99903093937706
2026-02-15T00:30:00Z,2026-02-15T00:45:00Z,2026-02-15,2026-02-15_7,0.0,59,100,0,45.38741465838508,53.43767751552794,0.02236184126984127,0.0,8.750285714285715,True,True,True,False,0.0,0.0,60.52529297450092,45.96313526882987,0.0,173.77243294326155,280.26086118659236
2026-02-15T00:45:00Z,2026-02-15T01:00:00Z,2026-02-15,2026-02-15_8,0.0,59,100,0,53.43767751552794,64.34782608695652,0.03030596825396826,0.0,11.858857142857143,True,True,True,False,0.0,0.0,60.52529297450092,45.96313526882987,0.0,3197.0797257438994,3303.5681539872303
2026-02-15T01:00:00Z,2026-02-15T01:15:00Z,2026-02-15,2026-02-15_9,0.0,0,0,100,64.34782608695652,64.34782608695652,0.0,0.0,0.0,True,False,True,False,0.0,1023.2024026853542,0.0,0.0,0.0,0.0,1023.2024026853542
2026-02-15T01:15:00Z,2026-02-15T01:30:00Z,2026-02-15,2026-02-15_10,0.0,0,0,100,64.34782608695652,64.34782608695652,0.0,0.0,0.0,True,False,True,False,0.0,1023.2024026853542,0.0,0.0,0.0,0.0,1023.2024026853542
2026-02-15T01:30:00Z,2026-02-15T01:45:00Z,2026-02-15,2026-02-15_11,0.0,0,0,100,64.34782608695652,64.34782608695652,0.0,0.0,0.0,True,False,True,False,0.0,1023.2024026853542,0.0,0.0,0.0,0.0,1023.2024026853542
2026-02-15T01:45:00Z,2026-02-15T02:00:00Z,2026-02-15,2026-02-15_12,0.0,0,0,100,64.34782608695652,64.34782608695652,0.0,0.0,0.0,True,False,True,False,0.0,1023.2024026853542,0.0,0.0,0.0,0.0,1023.2024026853542
2026-02-15T02:00:00Z,2026-02-15T02:15:00Z,2026-02-15,2026-02-15_13,0.0,0,0,100,64.34782608695652,64.34782608695652,0.0,0.0,0.0,True,True,True,False,0.0,1023.2024026853542,0.0,0.0,0.0,0.0,1023.2024026853542
2026-02-15T02:15:00Z,2026-02-15T02:30:00Z,2026-02-15,2026-02-15_14,0.0,0,0,100,64.34782608695652,64.34782608695652,0.0,0.0,0.0,True,True,True,False,0.0,1023.2024026853542,0.0,0.0,0.0,0.0,1023.2024026853542
2026-02-15T02:30:00Z,2026-02-15T02:45:00Z,2026-02-15,2026-02-15_15,0.0,0,0,100,64.34782608695652,64.34782608695652,0.0,0.0,0.0,True,True,True,False,0.0,1023.2024026853542,0.0,0.0,0.0,0.0,1023.2024026853542
2026-02-15T02:45:00Z,2026-02-15T03:00:00Z,2026-02-15,2026-02-15_16,0.0,0,0,100,64.34782608695652,64.34782608695652,0.0,0.0,0.0,True,True,True,False,0.0,1023.2024026853542,0.0,0.0,0.0,0.0,1023.2024026853542
2026-02-15T03:00:00Z,2026-02-15T03:15:00Z,2026-02-15,2026-02-15_17,-100.0,100,0,0,64.34782608695652,79.38956322981366,0.041782603174603174,8.650285714285715,0.0,True,True,True,False,-127.49999999999999,0.0,101.90801484011543,0.0,1360.7249393019092,0.0,1335.1329541420246
2026-02-15T03:15:00Z,2026-02-15T03:30:00Z,2026-02-15,2026-02-15_18,-100.0,100,0,0,79.38956322981366,82.36720894409937,0.0082712380952381,21.76342857142857,0.0,True,True,True,False,-0.5,0.0,101.90801484011543,0.0,4287.048960154346,0.0,4388.456974994461
2026-02-15T03:30:00Z,2026-02-15T03:45:00Z,2026-02-15,2026-02-15_19,-100.0,100,0,0,82.36720894409937,98.73322037267081,0.04546114285714287,7.210857142857143,0.0,True,True,True,False,-0.5,0.0,101.90801484011543,0.0,1060.6894414766084,0.0,1162.0974563167238
2026-02-15T03:45:00Z,2026-02-15T04:00:00Z,2026-02-15,2026-02-15_20,-100.0,100,0,0,98.73322037267081,121.6696089440994,0.06371219047619048,0.06914285714285714,0.0,True,True,True,False,-0.5,0.0,101.90801484011543,0.0,6.196974209270305,0.0,107.60498904938574
2026-02-15T04:00:00Z,2026-02-15T04:15:00Z,2026-02-15,2026-02-15_21,0.0,0,0,100,121.6696089440994,121.6696089440994,0.0,0.0,0.0,True,True,True,False,0.0,1023.2024026853542,0.0,0.0,0.0,0.0,1023.2024026853542
2026-02-15T04:15:00Z,2026-02-15T04:30:00Z,2026-02-15,2026-02-15_22,0.0,0,0,100,121.6696089440994,121.6696089440994,0.0,0.0,0.0,True,True,True,False,0.0,1023.2024026853542,0.0,0.0,0.0,0.0,1023.2024026853542
2026-02-15T04:30:00Z,2026-02-15T04:45:00Z,2026-02-15,2026-02-15_23,0.0,0,0,100,121.6696089440994,121.6696089440994,0.0,0.0,0.0,True,True,True,False,0.0,1023.2024026853542,0.0,0.0,0.0,0.0,1023.2024026853542
2026-02-15T04:45:00Z,2026-02-15T05:00:00Z,2026-02-15,2026-02-15_24,0.0,0,0,100,121.6696089440994,121.6696089440994,0.0,0.0,0.0,True,True,True,False,0.0,1023.2024026853542,0.0,0.0,0.0,0.0,1023.2024026853542
2026-02-15T05:00:00Z,2026-02-15T05:15:00Z,2026-02-15,2026-02-15_25,0.0,0,0,100,121.6696089440994,121.6696089440994,0.0,0.0,0.0,True,True,True,False,0.0,1023.2024026853542,0.0,0.0,0.0,0.0,1023.2024026853542
2026-02-15T05:15:00Z,2026-02-15T05:30:00Z,2026-02-15,2026-02-15_26,0.0,0,0,100,121.6696089440994,121.6696089440994,0.0,0.0,0.0,True,True,True,False,0.0,1023.2024026853542,0.0,0.0,0.0,0.0,1023.2024026853542
2026-02-15T05:30:00Z,2026-02-15T05:45:00Z,2026-02-15,2026-02-15_27,0.0,0,0,100,121.6696089440994,121.6696089440994,0.0,0.0,0.0,True,True,True,False,0.0,1023.2024026853542,0.0,0.0,0.0,0.0,1023.2024026853542
2026-02-15T05:45:00Z,2026-02-15T06:00:00Z,2026-02-15,2026-02-15_28,0.0,0,0,100,121.6696089440994,121.6696089440994,0.0,0.0,0.0,True,True,True,False,0.0,1023.2024026853542,0.0,0.0,0.0,0.0,1023.2024026853542
2026-02-15T06:00:00Z,2026-02-15T06:15:00Z,2026-02-15,2026-02-15_29,0.0,0,0,100,121.6696089440994,121.6696089440994,0.0,0.0,0.0,True,True,True,False,0.0,1023.2024026853542,0.0,0.0,0.0,0.0,1023.2024026853542
2026-02-15T06:15:00Z,2026-02-15T06:30:00Z,2026-02-15,2026-02-15_30,0.0,0,0,100,121.6696089440994,121.6696089440994,0.0,0.0,0.0,True,True,True,False,0.0,1023.2024026853542,0.0,0.0,0.0,0.0,1023.2024026853542
2026-02-15T06:30:00Z,2026-02-15T06:45:00Z,2026-02-15,2026-02-15_31,0.0,0,0,100,121.6696089440994,121.6696089440994,0.0,0.0,0.0,True,True,True,False,0.0,1023.2024026853542,0.0,0.0,0.0,0.0,1023.2024026853542
2026-02-15T06:45:00Z,2026-02-15T07:00:00Z,2026-02-15,2026-02-15_32,0.0,0,0,100,121.6696089440994,121.6696089440994,0.0,0.0,0.0,True,True,True,False,0.0,1023.2024026853542,0.0,0.0,0.0,0.0,1023.2024026853542
2026-02-15T07:00:00Z,2026-02-15T07:15:00Z,2026-02-15,2026-02-15_33,0.0,0,0,100,121.6696089440994,121.6696089440994,0.0,0.0,0.0,True,True,True,False,0.0,1023.2024026853542,0.0,0.0,0.0,0.0,1023.2024026853542
2026-02-15T07:15:00Z,2026-02-15T07:30:00Z,2026-02-15,2026-02-15_34,0.0,0,0,100,121.6696089440994,121.6696089440994,0.0,0.0,0.0,True,True,True,False,0.0,1023.2024026853542,0.0,0.0,0.0,0.0,1023.2024026853542
2026-02-15T07:30:00Z,2026-02-15T07:45:00Z,2026-02-15,2026-02-15_35,0.0,0,0,100,121.6696089440994,121.6696089440994,0.0,0.0,0.0,True,True,True,False,0.0,1023.2024026853542,0.0,0.0,0.0,0.0,1023.2024026853542
2026-02-15T07:45:00Z,2026-02-15T08:00:00Z,2026-02-15,2026-02-15_36,0.0,0,0,100,121.6696089440994,121.6696089440994,0.0,0.0,0.0,True,True,True,False,0.0,1023.2024026853542,0.0,0.0,0.0,0.0,1023.2024026853542
2026-02-15T08:00:00Z,2026-02-15T08:15:00Z,2026-02-15,2026-02-15_37,0.0,0,0,100,121.6696089440994,121.6696089440994,0.0,0.0,0.0,True,True,True,False,0.0,1023.2024026853542,0.0,0.0,0.0,0.0,1023.2024026853542
2026-02-15T08:15:00Z,2026-02-15T08:30:00Z,2026-02-15,2026-02-15_38,0.0,0,0,100,121.6696089440994,121.6696089440994,0.0,0.0,0.0,True,True,True,False,0.0,1023.2024026853542,0.0,0.0,0.0,0.0,1023.2024026853542
2026-02-15T08:30:00Z,2026-02-15T08:45:00Z,2026-02-15,2026-02-15_39,0.0,0,0,100,121.6696089440994,121.6696089440994,0.0,0.0,0.0,True,True,True,False,0.0,1023.2024026853542,0.0,0.0,0.0,0.0,1023.2024026853542
2026-02-15T08:45:00Z,2026-02-15T09:00:00Z,2026-02-15,2026-02-15_40,0.0,0,0,100,121.6696089440994,121.6696089440994,0.0,0.0,0.0,True,True,True,False,0.0,1023.2024026853542,0.0,0.0,0.0,0.0,1023.2024026853542
2026-02-15T09:00:00Z,2026-02-15T09:15:00Z,2026-02-15,2026-02-15_41,9.750654390186157e-14,100,100,0,121.6696089440994,117.71184496894408,0.01099378881987585,3.6411428571428575,0.0,True,True,True,False,1.947693214439685e-13,0.0,105.647488369354,44.66756963665273,436.70985286076046,0.0,587.0249108667674
2026-02-15T09:15:00Z,2026-02-15T09:30:00Z,2026-02-15,2026-02-15_42,0.0,100,100,0,117.71184496894408,98.86712447204967,0.0523464458247067,17.337142857142858,0.0,True,True,True,False,0.0,0.0,105.647488369354,44.66756963665273,4192.59167528975,0.0,4342.906733295757
2026-02-15T09:30:00Z,2026-02-15T09:45:00Z,2026-02-15,2026-02-15_43,-3.378939640163517e-15,100,100,0,98.86712447204967,92.52426732919253,0.017619047619047618,5.835428571428571,0.0,True,True,True,False,-1.8432115737091985e-14,0.0,105.647488369354,44.66756963665273,700.2789201376329,0.0,850.5939781436396
2026-02-15T09:45:00Z,2026-02-15T10:00:00Z,2026-02-15,2026-02-15_44,0.0,100,100,0,92.52426732919253,91.84476422360247,0.0018875086266390618,0.6251428571428572,0.0,True,True,True,False,0.0,0.0,105.647488369354,44.66756963665273,63.075089525828595,0.0,213.3901475318353
2026-02-15T10:00:00Z,2026-02-15T10:15:00Z,2026-02-15,2026-02-15_45,0.0,0,0,100,91.84476422360247,91.84476422360247,0.0,0.0,0.0,True,True,True,False,0.0,1023.2024026853542,0.0,0.0,0.0,0.0,1023.2024026853542
2026-02-15T10:15:00Z,2026-02-15T10:30:00Z,2026-02-15,2026-02-15_46,0.0,0,0,100,91.84476422360247,91.84476422360247,0.0,0.0,0.0,True,True,True,False,0.0,1023.2024026853542,0.0,0.0,0.0,0.0,1023.2024026853542
2026-02-15T10:30:00Z,2026-02-15T10:45:00Z,2026-02-15,2026-02-15_47,0.0,0,0,100,91.84476422360247,91.84476422360247,0.0,0.0,0.0,True,True,True,False,0.0,1023.2024026853542,0.0,0.0,0.0,0.0,1023.2024026853542
2026-02-15T10:45:00Z,2026-02-15T11:00:00Z,2026-02-15,2026-02-15_48,0.0,0,0,100,91.84476422360247,91.84476422360247,0.0,0.0,0.0,True,True,True,False,0.0,1023.2024026853542,0.0,0.0,0.0,0.0,1023.2024026853542
2026-02-15T11:00:00Z,2026-02-15T11:15:00Z,2026-02-15,2026-02-15_49,0.0,0,0,100,91.84476422360247,91.84476422360247,0.0,0.0,0.0,True,True,True,False,0.0,1023.2024026853542,0.0,0.0,0.0,0.0,1023.2024026853542
2026-02-15T11:15:00Z,2026-02-15T11:30:00Z,2026-02-15,2026-02-15_50,0.0,0,0,100,91.84476422360247,91.84476422360247,0.0,0.0,0.0,True,True,True,False,0.0,1023.2024026853542,0.0,0.0,0.0,0.0,1023.2024026853542
2026-02-15T11:30:00Z,2026-02-15T11:45:00Z,2026-02-15,2026-02-15_51,0.0,0,0,100,91.84476422360247,91.84476422360247,0.0,0.0,0.0,True,True,True,False,0.0,1023.2024026853542,0.0,0.0,0.0,0.0,1023.2024026853542
2026-02-15T11:45:00Z,2026-02-15T12:00:00Z,2026-02-15,2026-02-15_52,0.0,0,0,100,91.84476422360247,91.84476422360247,0.0,0.0,0.0,True,True,True,False,0.0,1023.2024026853542,0.0,0.0,0.0,0.0,1023.2024026853542
2026-02-15T12:00:00Z,2026-02-15T12:15:00Z,2026-02-15,2026-02-15_53,0.0,0,0,100,91.84476422360247,91.84476422360247,0.0,0.0,0.0,True,True,True,False,0.0,1023.2024026853542,0.0,0.0,0.0,0.0,1023.2024026853542
2026-02-15T12:15:00Z,2026-02-15T12:30:00Z,2026-02-15,2026-02-15_54,0.0,0,0,100,91.84476422360247,91.84476422360247,0.0,0.0,0.0,True,True,True,False,0.0,1023.2024026853542,0.0,0.0,0.0,0.0,1023.2024026853542
2026-02-15T12:30:00Z,2026-02-15T12:45:00Z,2026-02-15,2026-02-15_55,0.0,0,0,100,91.84476422360247,91.84476422360247,0.0,0.0,0.0,True,True,True,False,0.0,1023.2024026853542,0.0,0.0,0.0,0.0,1023.2024026853542
2026-02-15T12:45:00Z,2026-02-15T13:00:00Z,2026-02-15,2026-02-15_56,0.0,0,0,100,91.84476422360247,91.84476422360247,0.0,0.0,0.0,True,True,True,False,0.0,1023.2024026853542,0.0,0.0,0.0,0.0,1023.2024026853542
2026-02-15T13:00:00Z,2026-02-15T13:15:00Z,2026-02-15,2026-02-15_57,0.0,0,0,100,91.84476422360247,91.84476422360247,0.0,0.0,0.0,True,False,True,False,0.0,1023.2024026853542,0.0,0.0,0.0,0.0,1023.2024026853542
2026-02-15T13:15:00Z,2026-02-15T13:30:00Z,2026-02-15,2026-02-15_58,0.0,0,0,100,91.84476422360247,91.84476422360247,0.0,0.0,0.0,True,False,True,False,0.0,1023.2024026853542,0.0,0.0,0.0,0.0,1023.2024026853542
2026-02-15T13:30:00Z,2026-02-15T13:45:00Z,2026-02-15,2026-02-15_59,0.0,0,0,100,91.84476422360247,91.84476422360247,0.0,0.0,0.0,True,False,True,False,0.0,1023.2024026853542,0.0,0.0,0.0,0.0,1023.2024026853542
2026-02-15T13:45:00Z,2026-02-15T14:00:00Z,2026-02-15,2026-02-15_60,0.0,0,0,100,91.84476422360247,91.84476422360247,0.0,0.0,0.0,True,False,True,False,0.0,1023.2024026853542,0.0,0.0,0.0,0.0,1023.2024026853542
2026-02-15T14:00:00Z,2026-02-15T14:15:00Z,2026-02-15,2026-02-15_61,-100.0,100,0,0,91.84476422360247,99.02286708074533,0.019939174603174604,17.197714285714287,0.0,True,True,True,False,-0.25,0.0,105.91249043048113,0.0,2930.9370748820115,0.0,3036.599565312493
2026-02-15T14:15:00Z,2026-02-15T14:30:00Z,2026-02-15,2026-02-15_62,-100.0,100,0,0,99.02286708074533,116.01395279503105,0.047197460317460325,6.531428571428571,0.0,True,True,True,False,-0.25,0.0,105.91249043048113,0.0,829.6400245652704,0.0,935.3025149957516
2026-02-15T14:30:00Z,2026-02-15T14:45:00Z,2026-02-15,2026-02-15_63,-100.0,100,0,0,116.01395279503105,133.44295850931675,0.048413904761904755,6.055428571428571,0.0,True,True,True,False,-0.5,0.0,105.91249043048113,0.0,781.4216584922644,0.0,886.8341489227456
2026-02-15T14:45:00Z,2026-02-15T15:00:00Z,2026-02-15,2026-02-15_64,-100.0,100,0,0,133.44295850931675,156.4408556521739,0.06388304761904762,0.002285714285714286,0.0,True,True,True,False,-0.5,0.0,105.91249043048113,0.0,0.2019422267464197,0.0,105.61443265722755
2026-02-15T15:00:00Z,2026-02-15T15:15:00Z,2026-02-15,2026-02-15_65,-73.00000000000007,100,27,0,156.4408556521739,173.83372430310558,0.04832377247757079,0.006285714285714285,0.6618857142857143,True,True,True,False,-37.23000000000004,0.0,97.90353924974973,12.068193863730052,0.6786296168546919,-2.9136068042433982,70.50675592609103
2026-02-15T15:15:00Z,2026-02-15T15:30:00Z,2026-02-15,2026-02-15_66,-72.17436021158711,100,27,0,173.83372430310558,177.45403726708076,0.03262323000507483,13.430285714285715,0.0,True,True,True,False,-46.01115463488678,0.0,97.90353924974973,12.068193863730052,2367.62204469421,0.0,2431.5826231728033
2026-02-15T15:30:00Z,2026-02-15T15:45:00Z,2026-02-15,2026-02-15_67,0.0,100,27,0,177.45403726708076,155.16459627329195,0.06191511387163562,20.506285714285717,0.0,True,True,True,False,0.0,0.0,97.90353924974973,12.068193863730052,3566.438494788293,0.0,3676.410227901773
2026-02-15T15:45:00Z,2026-02-15T16:00:00Z,2026-02-15,2026-02-15_68,0.0,100,27,0,155.16459627329195,144.00000000000003,0.031012767425810904,10.271428571428572,0.0,True,True,True,False,0.0,0.0,97.90353924974973,12.068193863730052,1381.1172991662954,0.0,1491.0890322797752
2026-02-15T16:00:00Z,2026-02-15T16:15:00Z,2026-02-15,2026-02-15_69,0.0,0,0,100,144.00000000000003,144.00000000000003,0.0,0.0,0.0,True,False,True,False,0.0,1023.2024026853542,0.0,0.0,0.0,0.0,1023.2024026853542
2026-02-15T16:15:00Z,2026-02-15T16:30:00Z,2026-02-15,2026-02-15_70,0.0,0,0,100,144.00000000000003,144.00000000000003,0.0,0.0,0.0,True,False,True,False,0.0,1023.2024026853542,0.0,0.0,0.0,0.0,1023.2024026853542
2026-02-15T16:30:00Z,2026-02-15T16:45:00Z,2026-02-15,2026-02-15_71,0.0,0,0,100,144.00000000000003,144.00000000000003,0.0,0.0,0.0,True,False,True,False,0.0,1023.2024026853542,0.0,0.0,0.0,0.0,1023.2024026853542
2026-02-15T16:45:00Z,2026-02-15T17:00:00Z,2026-02-15,2026-02-15_72,0.0,0,0,100,144.00000000000003,144.00000000000003,0.0,0.0,0.0,True,False,True,False,0.0,1023.2024026853542,0.0,0.0,0.0,0.0,1023.2024026853542
2026-02-15T17:00:00Z,2026-02-15T17:15:00Z,2026-02-15,2026-02-15_73,0.0,0,0,100,144.00000000000003,144.00000000000003,0.0,0.0,0.0,True,False,True,False,0.0,1023.2024026853542,0.0,0.0,0.0,0.0,1023.2024026853542
2026-02-15T17:15:00Z,2026-02-15T17:30:00Z,2026-02-15,2026-02-15_74,0.0,0,0,100,144.00000000000003,144.00000000000003,0.0,0.0,0.0,True,False,True,False,0.0,1023.2024026853542,0.0,0.0,0.0,0.0,1023.2024026853542
2026-02-15T17:30:00Z,2026-02-15T17:45:00Z,2026-02-15,2026-02-15_75,0.0,0,0,100,144.00000000000003,144.00000000000003,0.0,0.0,0.0,True,False,True,False,0.0,1023.2024026853542,0.0,0.0,0.0,0.0,1023.2024026853542
2026-02-15T17:45:00Z,2026-02-15T18:00:00Z,2026-02-15,2026-02-15_76,0.0,0,0,100,144.00000000000003,144.00000000000003,0.0,0.0,0.0,True,False,True,False,0.0,1023.2024026853542,0.0,0.0,0.0,0.0,1023.2024026853542
2026-02-15T18:00:00Z,2026-02-15T18:15:00Z,2026-02-15,2026-02-15_77,35.00000000000006,0,0,65,144.00000000000003,134.48913043478262,0.026419082125603906,0.0,0.0,True,False,True,False,748.0375000000012,665.0815617454803,0.0,0.0,0.0,0.0,1413.1190617454813
2026-02-15T18:15:00Z,2026-02-15T18:30:00Z,2026-02-15,2026-02-15_78,35.00000000000006,0,0,65,134.48913043478262,124.97826086956522,0.026419082125603906,0.0,0.0,True,False,True,False,750.0500000000012,665.0815617454803,0.0,0.0,0.0,0.0,1415.1315617454816
2026-02-15T18:30:00Z,2026-02-15T18:45:00Z,2026-02-15,2026-02-15_79,35.00000000000006,0,0,65,124.97826086956522,115.46739130434781,0.026419082125603906,0.0,0.0,True,False,True,False,669.5500000000011,665.0815617454803,0.0,0.0,0.0,0.0,1334.6315617454813
2026-02-15T18:45:00Z,2026-02-15T19:00:00Z,2026-02-15,2026-02-15_80,35.00000000000006,0,0,65,115.46739130434781,105.95652173913041,0.026419082125603906,0.0,0.0,True,False,True,False,669.5500000000011,665.0815617454803,0.0,0.0,0.0,0.0,1334.6315617454813
2026-02-15T19:00:00Z,2026-02-15T19:15:00Z,2026-02-15,2026-02-15_81,0.0,0,0,100,105.95652173913041,105.95652173913041,0.0,0.0,0.0,True,False,True,False,0.0,1023.2024026853542,0.0,0.0,0.0,0.0,1023.2024026853542
2026-02-15T19:15:00Z,2026-02-15T19:30:00Z,2026-02-15,2026-02-15_82,0.0,0,0,100,105.95652173913041,105.95652173913041,0.0,0.0,0.0,True,False,True,False,0.0,1023.2024026853542,0.0,0.0,0.0,0.0,1023.2024026853542
2026-02-15T19:30:00Z,2026-02-15T19:45:00Z,2026-02-15,2026-02-15_83,0.0,0,0,100,105.95652173913041,105.95652173913041,0.0,0.0,0.0,True,False,True,False,0.0,1023.2024026853542,0.0,0.0,0.0,0.0,1023.2024026853542
2026-02-15T19:45:00Z,2026-02-15T20:00:00Z,2026-02-15,2026-02-15_84,0.0,0,0,100,105.95652173913041,105.95652173913041,0.0,0.0,0.0,True,False,True,False,0.0,1023.2024026853542,0.0,0.0,0.0,0.0,1023.2024026853542
2026-02-15T20:00:00Z,2026-02-15T20:15:00Z,2026-02-15,2026-02-15_85,0.0,0,0,100,105.95652173913041,105.95652173913041,0.0,0.0,0.0,True,False,True,False,0.0,1023.2024026853542,0.0,0.0,0.0,0.0,1023.2024026853542
2026-02-15T20:15:00Z,2026-02-15T20:30:00Z,2026-02-15,2026-02-15_86,0.0,0,0,100,105.95652173913041,105.95652173913041,0.0,0.0,0.0,True,False,True,False,0.0,1023.2024026853542,0.0,0.0,0.0,0.0,1023.2024026853542
2026-02-15T20:30:00Z,2026-02-15T20:45:00Z,2026-02-15,2026-02-15_87,0.0,0,0,100,105.95652173913041,105.95652173913041,0.0,0.0,0.0,True,False,True,False,0.0,1023.2024026853542,0.0,0.0,0.0,0.0,1023.2024026853542
2026-02-15T20:45:00Z,2026-02-15T21:00:00Z,2026-02-15,2026-02-15_88,0.0,0,0,100,105.95652173913041,105.95652173913041,0.0,0.0,0.0,True,False,True,False,0.0,1023.2024026853542,0.0,0.0,0.0,0.0,1023.2024026853542
2026-02-15T21:00:00Z,2026-02-15T21:15:00Z,2026-02-15,2026-02-15_89,100.0,0,100,0,105.95652173913041,80.79130434782606,0.06990338164251207,0.0,1.848,True,True,True,False,2407.5,0.0,0.0,44.6970143101113,0.0,15.299697308756848,2467.496711618868
2026-02-15T21:15:00Z,2026-02-15T21:30:00Z,2026-02-15,2026-02-15_90,100.0,0,100,0,80.79130434782606,53.6173913043478,0.0754830917874396,0.0,0.0,True,True,True,False,2328.75,0.0,0.0,44.6970143101113,0.0,0.0,2373.447014310111
2026-02-15T21:30:00Z,2026-02-15T21:45:00Z,2026-02-15,2026-02-15_91,100.0,0,100,0,53.6173913043478,26.58944099378879,0.0750776397515528,0.0,0.13428571428571429,True,True,True,False,1919.25,0.0,0.0,44.6970143101113,0.0,-9.455935905956519,1954.4910784041547
2026-02-15T21:45:00Z,2026-02-15T22:00:00Z,2026-02-15,2026-02-15_92,100.0,0,100,0,26.58944099378879,10.736645962732895,0.04403554175293305,0.0,10.41542857142857,True,True,True,False,1789.5,0.0,0.0,44.6970143101113,0.0,747.9530190885612,2582.1500333986723
2026-02-15T22:00:00Z,2026-02-15T22:15:00Z,2026-02-16,2026-02-15_93,-99.0,0,0,1,10.736645962732895,33.5066459627329,0.06325,0.0,0.0,True,False,True,False,-2315.1150000000002,10.232024026853543,0.0,0.0,0.0,0.0,-2304.8829759731466
2026-02-15T22:15:00Z,2026-02-15T22:30:00Z,2026-02-16,2026-02-15_94,-99.0,0,0,1,33.5066459627329,56.2766459627329,0.06325,0.0,0.0,True,False,True,False,-2268.09,10.232024026853543,0.0,0.0,0.0,0.0,-2257.8579759731465
2026-02-15T22:30:00Z,2026-02-15T22:45:00Z,2026-02-16,2026-02-15_95,-99.0,0,0,1,56.2766459627329,79.0466459627329,0.06325,0.0,0.0,True,False,True,False,-2128.995,10.232024026853543,0.0,0.0,0.0,0.0,-2118.7629759731462
2026-02-15T22:45:00Z,2026-02-15T23:00:00Z,2026-02-16,2026-02-15_96,-99.0,0,0,1,79.0466459627329,101.81664596273289,0.06325,0.0,0.0,True,False,True,False,-1568.16,10.232024026853543,0.0,0.0,0.0,0.0,-1557.9279759731464
2026-02-15T23:00:00Z,2026-02-15T23:15:00Z,2026-02-16,2026-02-16_1,0.0,0,0,100,101.81664596273289,101.81664596273289,0.0,0.0,0.0,True,True,True,False,0.0,1023.2024026853542,0.0,0.0,0.0,0.0,1023.2024026853542
2026-02-15T23:15:00Z,2026-02-15T23:30:00Z,2026-02-16,2026-02-16_2,0.0,0,0,100,101.81664596273289,101.81664596273289,0.0,0.0,0.0,True,True,True,False,0.0,1023.2024026853542,0.0,0.0,0.0,0.0,1023.2024026853542
2026-02-15T23:30:00Z,2026-02-15T23:45:00Z,2026-02-16,2026-02-16_3,0.0,0,0,100,101.81664596273289,101.81664596273289,0.0,0.0,0.0,True,True,True,False,0.0,1023.2024026853542,0.0,0.0,0.0,0.0,1023.2024026853542
2026-02-15T23:45:00Z,2026-02-16T00:00:00Z,2026-02-16,2026-02-16_4,0.0,0,0,100,101.81664596273289,101.81664596273289,0.0,0.0,0.0,True,True,True,False,0.0,1023.2024026853542,0.0,0.0,0.0,0.0,1023.2024026853542
2026-02-16T00:00:00Z,2026-02-16T00:15:00Z,2026-02-16,2026-02-16_5,0.0,0,0,100,101.81664596273289,101.81664596273289,0.0,0.0,0.0,True,True,True,False,0.0,1023.2024026853542,0.0,0.0,0.0,0.0,1023.2024026853542
2026-02-16T00:15:00Z,2026-02-16T00:30:00Z,2026-02-16,2026-02-16_6,0.0,0,0,100,101.81664596273289,101.81664596273289,0.0,0.0,0.0,True,True,True,False,0.0,1023.2024026853542,0.0,0.0,0.0,0.0,1023.2024026853542
2026-02-16T00:30:00Z,2026-02-16T00:45:00Z,2026-02-16,2026-02-16_7,0.0,0,0,100,101.81664596273289,101.81664596273289,0.0,0.0,0.0,True,True,True,False,0.0,1023.2024026853542,0.0,0.0,0.0,0.0,1023.2024026853542
2026-02-16T00:45:00Z,2026-02-16T01:00:00Z,2026-02-16,2026-02-16_8,0.0,0,0,100,101.81664596273289,101.81664596273289,0.0,0.0,0.0,True,True,True,False,0.0,1023.2024026853542,0.0,0.0,0.0,0.0,1023.2024026853542
2026-02-16T01:00:00Z,2026-02-16T01:15:00Z,2026-02-16,2026-02-16_9,0.0,0,0,100,101.81664596273289,101.81664596273289,0.0,0.0,0.0,True,True,True,False,0.0,1023.2024026853542,0.0,0.0,0.0,0.0,1023.2024026853542
2026-02-16T01:15:00Z,2026-02-16T01:30:00Z,2026-02-16,2026-02-16_10,0.0,0,0,100,101.81664596273289,101.81664596273289,0.0,0.0,0.0,True,True,True,False,0.0,1023.2024026853542,0.0,0.0,0.0,0.0,1023.2024026853542
2026-02-16T01:30:00Z,2026-02-16T01:45:00Z,2026-02-16,2026-02-16_11,0.0,0,0,100,101.81664596273289,101.81664596273289,0.0,0.0,0.0,True,True,True,False,0.0,1023.2024026853542,0.0,0.0,0.0,0.0,1023.2024026853542
2026-02-16T01:45:00Z,2026-02-16T02:00:00Z,2026-02-16,2026-02-16_12,0.0,0,0,100,101.81664596273289,101.81664596273289,0.0,0.0,0.0,True,True,True,False,0.0,1023.2024026853542,0.0,0.0,0.0,0.0,1023.2024026853542
2026-02-16T02:00:00Z,2026-02-16T02:15:00Z,2026-02-16,2026-02-16_13,0.0,85,85,15,101.81664596273289,108.92390881987575,0.019742396825396823,0.0,7.725285714285714,True,True,True,False,0.0,153.48036040280314,89.8003651139509,39.06866497850539,0.0,-163.98508554378705,118.36430495147238
2026-02-16T02:15:00Z,2026-02-16T02:30:00Z,2026-02-16,2026-02-16_14,0.0,85,85,15,108.92390881987575,116.58482767701861,0.021280330158730158,0.0,8.327085714285714,True,True,True,False,0.0,153.48036040280314,89.8003651139509,39.06866497850539,0.0,-200.13251408717306,82.21687640808636
2026-02-16T02:30:00Z,2026-02-16T02:45:00Z,2026-02-16,2026-02-16_15,0.0,85,85,15,116.58482767701861,123.38241853416147,0.018882196825396828,0.0,7.388685714285715,True,True,True,False,0.0,153.48036040280314,89.8003651139509,39.06866497850539,0.0,72.79761956921041,355.14701006446984
2026-02-16T02:45:00Z,2026-02-16T03:00:00Z,2026-02-16,2026-02-16_16,0.0,85,85,15,123.38241853416147,130.70327910559004,0.02033572380952381,0.0,7.957457142857143,True,True,True,False,0.0,153.48036040280314,89.8003651139509,39.06866497850539,0.0,-121.69943730387745,160.649953191382
2026-02-16T03:00:00Z,2026-02-16T03:15:00Z,2026-02-16,2026-02-16_17,0.0,0,0,100,130.70327910559004,130.70327910559004,0.0,0.0,0.0,True,True,True,False,0.0,1023.2024026853542,0.0,0.0,0.0,0.0,1023.2024026853542
2026-02-16T03:15:00Z,2026-02-16T03:30:00Z,2026-02-16,2026-02-16_18,0.0,0,0,100,130.70327910559004,130.70327910559004,0.0,0.0,0.0,True,True,True,False,0.0,1023.2024026853542,0.0,0.0,0.0,0.0,1023.2024026853542
2026-02-16T03:30:00Z,2026-02-16T03:45:00Z,2026-02-16,2026-02-16_19,0.0,0,0,100,130.70327910559004,130.70327910559004,0.0,0.0,0.0,True,True,True,False,0.0,1023.2024026853542,0.0,0.0,0.0,0.0,1023.2024026853542
2026-02-16T03:45:00Z,2026-02-16T04:00:00Z,2026-02-16,2026-02-16_20,0.0,0,0,100,130.70327910559004,130.70327910559004,0.0,0.0,0.0,True,True,True,False,0.0,1023.2024026853542,0.0,0.0,0.0,0.0,1023.2024026853542
2026-02-16T04:00:00Z,2026-02-16T04:15:00Z,2026-02-16,2026-02-16_21,0.0,100,100,0,130.70327910559004,137.09911910559003,0.017766222222222225,0.0,6.952,True,True,True,False,0.0,0.0,104.26358871680112,45.96313526882987,0.0,295.4589765031506,445.6857004887816
2026-02-16T04:15:00Z,2026-02-16T04:30:00Z,2026-02-16,2026-02-16_22,0.0,100,100,0,137.09911910559003,152.98199910559003,0.04411911111111111,0.0,17.264,True,True,True,False,0.0,0.0,104.26358871680112,45.96313526882987,0.0,1926.6221400388667,2076.8488640244977
2026-02-16T04:30:00Z,2026-02-16T04:45:00Z,2026-02-16,2026-02-16_23,0.0,100,100,0,152.98199910559003,174.1041476770186,0.05867263492063492,0.0,22.95885714285714,True,True,True,False,0.0,0.0,104.26358871680112,45.96313526882987,0.0,4892.814896649195,5043.041620634826
2026-02-16T04:45:00Z,2026-02-16T05:00:00Z,2026-02-16,2026-02-16_24,0.0,100,100,0,174.1041476770186,172.46760009937887,0.016465076604554867,3.4794285714285715,2.3320000000000003,True,True,True,False,0.0,0.0,104.26358871680112,45.96313526882987,580.2148458361025,-70.64848085114737,659.7930889705862
2026-02-16T05:00:00Z,2026-02-16T05:15:00Z,2026-02-16,2026-02-16_25,0.5449443159666154,0,100,0,172.46760009937887,187.4066514285715,0.041780931410793094,0.0,16.382857142857144,True,True,True,False,13.983271147703352,0.0,0.0,45.757022554619866,0.0,13258.083532014774,13317.823825717098
2026-02-16T05:15:00Z,2026-02-16T05:30:00Z,2026-02-16,2026-02-16_26,9.596188578064395e-13,0,100,0,187.4066514285715,189.99999999999983,0.007203746031746605,0.0,2.818857142857143,True,True,True,False,2.9443505604646084e-11,0.0,0.0,45.757022554619866,0.0,-160.12091295313252,-114.3638903984832
2026-02-16T05:30:00Z,2026-02-16T05:45:00Z,2026-02-16,2026-02-16_27,100.0,0,100,0,189.99999999999983,173.8906832298135,0.04474810213940648,0.0,10.179428571428572,True,True,True,False,3529.2499999999995,0.0,0.0,45.757022554619866,0.0,354.3867058140612,3929.3937283686805
2026-02-16T05:45:00Z,2026-02-16T06:00:00Z,2026-02-16,2026-02-16_28,100.0,0,100,0,173.8906832298135,147.2937888198756,0.07388026224982745,0.0,0.5308571428571429,True,True,True,False,5068.5,0.0,0.0,45.757022554619866,0.0,-31.624363476266197,5082.632659078354
2026-02-16T06:00:00Z,2026-02-16T06:15:00Z,2026-02-16,2026-02-16_29,100.0,0,100,0,147.2937888198756,120.46956521739114,0.07451173222912354,0.0,0.3217142857142857,True,True,True,False,6798.25,0.0,0.0,43.54867204522702,0.0,-20.630434575337702,6821.168237469889
2026-02-16T06:15:00Z,2026-02-16T06:30:00Z,2026-02-16,2026-02-16_30,100.0,0,100,0,120.46956521739114,94.86397515527935,0.07112663906142168,0.0,1.4428571428571428,True,True,True,False,3492.0,0.0,0.0,43.54867204522702,0.0,-77.83294213981453,3457.7157299054124
2026-02-16T06:30:00Z,2026-02-16T06:45:00Z,2026-02-16,2026-02-16_31,100.0,0,100,0,94.86397515527935,79.21987577639736,0.04345583160800552,0.0,10.60742857142857,True,True,True,False,3584.25,0.0,0.0,43.54867204522702,0.0,-326.3018518736627,3301.496820171564
2026-02-16T06:45:00Z,2026-02-16T07:00:00Z,2026-02-16,2026-02-16_32,61.21866009391683,0,100,0,79.21987577639736,64.34782608695657,0.044730753771060845,0.0,1.7251428571428573,True,True,True,False,2128.725858115723,0.0,0.0,43.54867204522702,0.0,-88.03602816593337,2084.2385019950166
2026-02-16T07:00:00Z,2026-02-16T07:15:00Z,2026-02-16,2026-02-16_33,0.0,0,0,100,64.34782608695657,64.34782608695657,0.0,0.0,0.0,True,True,True,False,0.0,1023.2024026853542,0.0,0.0,0.0,0.0,1023.2024026853542
2026-02-16T07:15:00Z,2026-02-16T07:30:00Z,2026-02-16,2026-02-16_34,0.0,0,0,100,64.34782608695657,64.34782608695657,0.0,0.0,0.0,True,True,True,False,0.0,1023.2024026853542,0.0,0.0,0.0,0.0,1023.2024026853542
2026-02-16T07:30:00Z,2026-02-16T07:45:00Z,2026-02-16,2026-02-16_35,0.0,0,0,100,64.34782608695657,64.34782608695657,0.0,0.0,0.0,True,True,True,False,0.0,1023.2024026853542,0.0,0.0,0.0,0.0,1023.2024026853542
2026-02-16T07:45:00Z,2026-02-16T08:00:00Z,2026-02-16,2026-02-16_36,0.0,0,0,100,64.34782608695657,64.34782608695657,0.0,0.0,0.0,True,True,True,False,0.0,1023.2024026853542,0.0,0.0,0.0,0.0,1023.2024026853542
2026-02-16T08:00:00Z,2026-02-16T08:15:00Z,2026-02-16,2026-02-16_37,100.0,0,100,0,64.34782608695657,39.61614906832303,0.06869910282953762,0.0,2.246857142857143,True,True,True,False,7361.25,0.0,0.0,43.57811671868559,0.0,-126.1442928090499,7278.683823909636
2026-02-16T08:15:00Z,2026-02-16T08:30:00Z,2026-02-16,2026-02-16_38,0.0,0,100,0,39.61614906832303,43.76666335403732,0.011529206349206348,0.0,4.511428571428571,True,True,True,False,0.0,0.0,0.0,43.57811671868559,0.0,-192.37444146258701,-148.79632474390144
2026-02-16T08:30:00Z,2026-02-16T08:45:00Z,2026-02-16,2026-02-16_39,42.605229720025385,0,100,0,43.76666335403732,53.50076322981372,0.03603801418620689,0.0,21.502285714285712,True,True,True,False,1264.7362442389535,0.0,0.0,43.57811671868559,0.0,1747.4242351535747,3055.738596111214
2026-02-16T08:45:00Z,2026-02-16T09:00:00Z,2026-02-16,2026-02-16_40,0.0,0,100,0,53.50076322981372,64.34782608695657,0.03013073015873016,0.0,11.790285714285714,True,True,True,False,0.0,0.0,0.0,43.57811671868559,0.0,-169.64606380800953,-126.06794708932394
2026-02-16T09:00:00Z,2026-02-16T09:15:00Z,2026-02-16,2026-02-16_41,0.0,0,0,100,64.34782608695657,64.34782608695657,0.0,0.0,0.0,True,True,True,False,0.0,1023.2024026853542,0.0,0.0,0.0,0.0,1023.2024026853542
2026-02-16T09:15:00Z,2026-02-16T09:30:00Z,2026-02-16,2026-02-16_42,0.0,0,0,100,64.34782608695657,64.34782608695657,0.0,0.0,0.0,True,True,True,False,0.0,1023.2024026853542,0.0,0.0,0.0,0.0,1023.2024026853542
2026-02-16T09:30:00Z,2026-02-16T09:45:00Z,2026-02-16,2026-02-16_43,0.0,0,0,100,64.34782608695657,64.34782608695657,0.0,0.0,0.0,True,True,True,False,0.0,1023.2024026853542,0.0,0.0,0.0,0.0,1023.2024026853542
2026-02-16T09:45:00Z,2026-02-16T10:00:00Z,2026-02-16,2026-02-16_44,0.0,0,0,100,64.34782608695657,64.34782608695657,0.0,0.0,0.0,True,True,True,False,0.0,1023.2024026853542,0.0,0.0,0.0,0.0,1023.2024026853542
2026-02-16T10:00:00Z,2026-02-16T10:15:00Z,2026-02-16,2026-02-16_45,0.0,100,100,0,64.34782608695657,63.89285267080751,0.010761719806763284,1.9914285714285713,1.858285714285714,True,True,True,False,0.0,0.0,107.76750485837113,45.757022554619866,339.5987134079826,74.25956741568307,567.3828082366566
2026-02-16T10:15:00Z,2026-02-16T10:30:00Z,2026-02-16,2026-02-16_46,0.0,100,100,0,63.89285267080751,84.49244124223608,0.05722107936507936,0.0,22.39085714285714,True,True,True,False,0.0,0.0,107.76750485837113,45.757022554619866,0.0,3851.1896291934117,4004.714156606403
2026-02-16T10:30:00Z,2026-02-16T10:45:00Z,2026-02-16,2026-02-16_47,0.0,100,100,0,84.49244124223608,99.64983552795037,0.042103873015873025,0.0,16.475428571428573,True,True,True,False,0.0,0.0,107.76750485837113,45.757022554619866,0.0,923.7856854018919,1077.3102128148828
2026-02-16T10:45:00Z,2026-02-16T11:00:00Z,2026-02-16,2026-02-16_48,0.0,100,100,0,99.64983552795037,118.08505838509323,0.05120895238095238,0.0,20.038285714285713,True,True,True,False,0.0,0.0,107.76750485837113,45.757022554619866,0.0,2317.0706032792955,2470.5951306922866
2026-02-16T11:00:00Z,2026-02-16T11:15:00Z,2026-02-16,2026-02-16_49,0.0,0,0,100,118.08505838509323,118.08505838509323,0.0,0.0,0.0,True,False,True,False,0.0,1023.2024026853542,0.0,0.0,0.0,0.0,1023.2024026853542
2026-02-16T11:15:00Z,2026-02-16T11:30:00Z,2026-02-16,2026-02-16_50,0.0,0,0,100,118.08505838509323,118.08505838509323,0.0,0.0,0.0,True,False,True,False,0.0,1023.2024026853542,0.0,0.0,0.0,0.0,1023.2024026853542
2026-02-16T11:30:00Z,2026-02-16T11:45:00Z,2026-02-16,2026-02-16_51,0.0,0,0,100,118.08505838509323,118.08505838509323,0.0,0.0,0.0,True,False,True,False,0.0,1023.2024026853542,0.0,0.0,0.0,0.0,1023.2024026853542
2026-02-16T11:45:00Z,2026-02-16T12:00:00Z,2026-02-16,2026-02-16_52,0.0,0,0,100,118.08505838509323,118.08505838509323,0.0,0.0,0.0,True,False,True,False,0.0,1023.2024026853542,0.0,0.0,0.0,0.0,1023.2024026853542
2026-02-16T12:00:00Z,2026-02-16T12:15:00Z,2026-02-16,2026-02-16_53,0.0,100,100,0,118.08505838509323,140.74229267080753,0.0629367619047619,0.0,24.62742857142857,True,True,True,False,0.0,0.0,106.64860726694542,45.757022554619866,0.0,12667.991904902117,12820.397534723683
2026-02-16T12:15:00Z,2026-02-16T12:30:00Z,2026-02-16,2026-02-16_54,0.0,100,100,0,140.74229267080753,146.72281838509323,0.016612571428571428,0.0,6.500571428571428,True,True,True,False,0.0,0.0,106.64860726694542,45.757022554619866,0.0,-308.5509633455879,-156.1453335240226
2026-02-16T12:30:00Z,2026-02-16T12:45:00Z,2026-02-16,2026-02-16_55,0.0,100,100,0,146.72281838509323,147.4665719254659,0.0022799227053140097,0.03542857142857143,0.8502857142857143,True,True,True,False,0.0,0.0,106.64860726694542,45.757022554619866,4.165776315826371,-47.40138810603448,109.17001803135717
2026-02-16T12:45:00Z,2026-02-16T13:00:00Z,2026-02-16,2026-02-16_56,0.0,100,100,0,147.4665719254659,159.19683478260876,0.03258406349206349,0.0,12.750285714285713,True,True,True,False,0.0,0.0,106.64860726694542,45.757022554619866,0.0,484.775158454407,637.1807882759723
2026-02-16T13:00:00Z,2026-02-16T13:15:00Z,2026-02-16,2026-02-16_57,0.0,79,100,0,159.19683478260876,167.6108919254659,0.023372380952380947,0.0,9.145714285714284,True,True,True,False,0.0,0.0,85.15959013014546,45.78646722807845,0.0,55.99669714891433,186.94275450713823
2026-02-16T13:15:00Z,2026-02-16T13:30:00Z,2026-02-16,2026-02-16_58,18.784433813769624,79,100,0,167.6108919254659,173.21821686813342,0.03116218610664742,0.0,11.259428571428572,True,True,True,False,533.0083094657131,0.0,85.15959013014546,45.78646722807845,0.0,-167.92446549504913,496.02990132888783
2026-02-16T13:30:00Z,2026-02-16T13:45:00Z,2026-02-16,2026-02-16_59,20.99999999999999,79,100,0,173.21821686813342,186.1201011116117,0.04283349487922706,0.0,19.484,True,True,True,False,620.0774999999996,0.0,85.15959013014546,45.78646722807845,0.0,2710.357766130774,3461.3813234889976
2026-02-16T13:45:00Z,2026-02-16T14:00:00Z,2026-02-16,2026-02-16_60,21.0,79,100,0,186.1201011116117,184.45266822713964,0.021708097060041405,0.0,4.229142857142857,True,True,True,False,636.93,0.0,85.15959013014546,45.78646722807845,0.0,-215.74746935650765,552.1285880017163
2026-02-16T14:00:00Z,2026-02-16T14:15:00Z,2026-02-16,2026-02-16_61,0.0,0,100,0,184.45266822713964,188.1016510842825,0.010136063492063491,0.0,3.9662857142857137,True,True,True,False,0.0,0.0,0.0,45.757022554619866,0.0,-202.3013593343821,-156.54433677976226
2026-02-16T14:15:00Z,2026-02-16T14:30:00Z,2026-02-16,2026-02-16_62,2.7211803520415394,0,100,0,188.1016510842825,189.32328808114886,0.007152946762690789,0.0,2.121142857142857,True,True,True,False,82.26808499309584,0.0,0.0,45.757022554619866,0.0,-109.6821099211724,18.34299762654331
2026-02-16T14:30:00Z,2026-02-16T14:45:00Z,2026-02-16,2026-02-16_63,63.81153335157869,0,100,0,189.32328808114886,174.0697083229814,0.0461305655440829,0.0,2.0325714285714285,True,True,True,False,2464.720475704727,0.0,0.0,45.757022554619866,0.0,-106.98620037520926,2403.4912978841376
2026-02-16T14:45:00Z,2026-02-16T15:00:00Z,2026-02-16,2026-02-16_64,100.0,0,100,0,174.0697083229814,147.44921142857146,0.07394582470669425,0.0,0.5091428571428571,True,True,True,False,8291.0,0.0,0.0,45.757022554619866,0.0,-31.089966096561703,8305.667056458058
2026-02-16T15:00:00Z,2026-02-16T15:15:00Z,2026-02-16,2026-02-16_65,-100.0,100,0,0,147.44921142857146,170.38770285714287,0.06371803174603174,0.06685714285714286,0.0,True,True,True,False,-3001.5,0.0,96.43130557682116,0.0,7.87434695920651,0.0,-2897.1943474639725
2026-02-16T15:15:00Z,2026-02-16T15:30:00Z,2026-02-16,2026-02-16_66,-100.0,100,0,0,170.38770285714287,190.00000000000003,0.05447860317460317,3.6822857142857144,0.0,True,True,True,False,-3393.5,0.0,96.43130557682116,0.0,768.239743578958,0.0,-2528.828950844221
2026-02-16T15:30:00Z,2026-02-16T15:45:00Z,2026-02-16,2026-02-16_67,-2.349694956899419,100,0,0,190.00000000000003,179.6723428571429,0.030485183121528262,10.034857142857142,0.0,True,True,True,False,-119.65234144271068,0.0,96.43130557682116,0.0,2274.0731940740493,0.0,2250.85215820816
2026-02-16T15:45:00Z,2026-02-16T16:00:00Z,2026-02-16,2026-02-16_68,-100.00000000000009,100,0,0,179.6723428571429,190.00000000000006,0.028687936507936565,13.774285714285714,0.0,True,True,True,False,-4251.250000000004,0.0,96.43130557682116,0.0,3580.043470433342,0.0,-574.7752239898405
2026-02-16T16:00:00Z,2026-02-16T16:15:00Z,2026-02-16,2026-02-16_69,0.0,100,100,0,190.00000000000006,169.464596273292,0.057042788129744657,18.89257142857143,0.0,True,True,True,False,0.0,0.0,97.75631588245689,44.6970143101113,7440.130716178587,0.0,7582.584046371156
2026-02-16T16:15:00Z,2026-02-16T16:30:00Z,2026-02-16,2026-02-16_70,0.0,100,100,0,169.464596273292,149.05527950310565,0.056692546583850936,18.77657142857143,0.0,True,True,True,False,0.0,0.0,97.75631588245689,44.6970143101113,6132.404713166818,0.0,6274.858043359386
2026-02-16T16:30:00Z,2026-02-16T16:45:00Z,2026-02-16,2026-02-16_71,0.0,100,100,0,149.05527950310565,134.29627329192553,0.040997239475500345,13.578285714285714,0.0,True,True,True,False,0.0,0.0,97.75631588245689,44.6970143101113,3659.481669204517,0.0,3801.934999397085
2026-02-16T16:45:00Z,2026-02-16T17:00:00Z,2026-02-16,2026-02-16_72,0.0,100,100,0,134.29627329192553,125.9149068322982,0.0232815734989648,7.710857142857143,0.0,True,True,True,False,0.0,0.0,97.75631588245689,44.6970143101113,1667.5646206264146,0.0,1810.0179508189829
2026-02-16T17:00:00Z,2026-02-16T17:15:00Z,2026-02-16,2026-02-16_73,88.0,0,88,12,125.9149068322982,102.06417391304355,0.0662520358868185,0.0,0.057325714285714285,True,True,True,False,6299.48,122.78428832224249,0.0,39.333372592897945,0.0,-4.501165167792575,6457.096495747347
2026-02-16T17:15:00Z,2026-02-16T17:30:00Z,2026-02-16,2026-02-16_74,88.0,0,88,12,102.06417391304355,78.31565217391312,0.06596811594202898,0.0,0.15136,True,True,True,False,5614.18,122.78428832224249,0.0,39.333372592897945,0.0,-11.884655399171622,5764.413005515969
2026-02-16T17:30:00Z,2026-02-16T17:45:00Z,2026-02-16,2026-02-16_75,88.0,0,88,12,78.31565217391312,54.402608695652255,0.06642512077294686,0.0,0.0,True,True,True,False,6303.66,122.78428832224249,0.0,39.333372592897945,0.0,0.0,6465.777660915141
2026-02-16T17:45:00Z,2026-02-16T18:00:00Z,2026-02-16,2026-02-16_76,87.22391832083456,0,88,12,54.402608695652255,30.729932523798887,0.06575865780238065,0.0,0.027154285714285714,True,True,True,False,4970.454985512757,122.78428832224249,0.0,39.333372592897945,0.0,-2.1321308689543774,5130.440515558943
2026-02-16T18:00:00Z,2026-02-16T18:15:00Z,2026-02-16,2026-02-16_77,-100.0,100,0,0,30.729932523798887,45.45886966665603,0.04091371428571429,8.990285714285715,0.0,True,True,True,False,-4236.25,0.0,96.40186090336259,0.0,2301.762328877373,0.0,-1838.0858102192644
2026-02-16T18:15:00Z,2026-02-16T18:30:00Z,2026-02-16,2026-02-16_78,-100.00000000000004,100,0,0,45.45886966665603,65.67100680951319,0.05614482539682542,3.0302857142857142,0.0,True,True,True,False,-3991.250000000002,0.0,96.40186090336259,0.0,531.3406699364276,0.0,-3363.5074691602117
2026-02-16T18:30:00Z,2026-02-16T18:45:00Z,2026-02-16,2026-02-16_79,0.0,100,0,0,65.67100680951319,44.879081343674684,0.05775534851621807,19.128571428571426,0.0,True,True,True,False,0.0,0.0,96.40186090336259,0.0,9151.49863012162,0.0,9247.900491024982
2026-02-16T18:45:00Z,2026-02-16T19:00:00Z,2026-02-16,2026-02-16_80,0.0,100,0,0,44.879081343674684,32.19398817597282,0.03523636991028295,11.670285714285713,0.0,True,True,True,False,0.0,0.0,96.40186090336259,0.0,2868.2883363759493,0.0,2964.6901972793116
2026-02-16T19:00:00Z,2026-02-16T19:15:00Z,2026-02-16,2026-02-16_81,0.0,100,0,0,32.19398817597282,10.256099977215055,0.060938578329882684,20.182857142857145,0.0,True,True,True,False,0.0,0.0,107.7969495318297,0.0,10080.331427001049,0.0,10188.128376532879
2026-02-16T19:15:00Z,2026-02-16T19:30:00Z,2026-02-16,2026-02-16_82,-98.11182413648339,100,0,0,10.256099977215055,21.302459714963156,0.03210711025605019,12.478285714285715,0.0,True,True,True,False,-4719.669300085533,0.0,107.7969495318297,0.0,3515.313586445355,0.0,-1096.558764108348
2026-02-16T19:30:00Z,2026-02-16T19:45:00Z,2026-02-16,2026-02-16_83,0.0,100,0,0,21.302459714963156,11.722335491360672,0.026611456176673567,8.813714285714285,0.0,True,True,True,False,0.0,0.0,107.7969495318297,0.0,2357.630076415938,0.0,2465.427025947768
2026-02-16T19:45:00Z,2026-02-16T20:00:00Z,2026-02-16,2026-02-16_84,-100.0,100,0,0,11.722335491360672,34.01577549136067,0.06192622222222223,0.768,0.0,True,True,True,False,-2844.5,0.0,107.7969495318297,0.0,134.05288263353162,0.0,-2602.6501678346385
2026-02-16T20:00:00Z,2026-02-16T20:15:00Z,2026-02-16,2026-02-16_85,0.0,56,13,44,34.01577549136067,33.91643954105011,0.001096047481021394,0.2272,0.16045714285714285,True,True,True,False,0.0,450.2090571815558,60.36629173782463,5.810611860314469,37.81925807274798,-8.404573986051638,545.8006448663913
2026-02-16T20:15:00Z,2026-02-16T20:30:00Z,2026-02-16,2026-02-16_86,-42.42372683507913,56,13,44,33.91643954105011,43.32168549565224,0.02669815407705331,0.39104,0.02540571428571429,True,True,True,False,-1298.4842191046846,450.2090571815558,60.36629173782463,5.810611860314469,66.18204044520347,-1.5451090849436768,-717.4613269647299
2026-02-16T20:30:00Z,2026-02-16T20:45:00Z,2026-02-16,2026-02-16_87,-43.0,56,13,44,43.32168549565224,53.41972115279509,0.028050099047619046,0.0,0.22612571428571426,True,True,True,False,-1271.51,450.2090571815558,60.36629173782463,5.810611860314469,0.0,-13.405571098230235,-768.5296103185353
2026-02-16T20:45:00Z,2026-02-16T21:00:00Z,2026-02-16,2026-02-16_88,-43.0,56,13,44,53.41972115279509,64.34782608695659,0.03036257581780539,0.0048,1.1333771428571429,True,True,True,False,-1104.7775,450.2090571815558,60.36629173782463,5.810611860314469,0.6595606854719981,-4.3129869248824315,-592.0449654597154
2026-02-16T21:00:00Z,2026-02-16T21:15:00Z,2026-02-16,2026-02-16_89,0.0,0,0,100,64.34782608695659,64.34782608695659,0.0,0.0,0.0,True,True,True,False,0.0,1023.2024026853542,0.0,0.0,0.0,0.0,1023.2024026853542
2026-02-16T21:15:00Z,2026-02-16T21:30:00Z,2026-02-16,2026-02-16_90,0.0,0,0,100,64.34782608695659,64.34782608695659,0.0,0.0,0.0,True,True,True,False,0.0,1023.2024026853542,0.0,0.0,0.0,0.0,1023.2024026853542
2026-02-16T21:30:00Z,2026-02-16T21:45:00Z,2026-02-16,2026-02-16_91,0.0,0,0,100,64.34782608695659,64.34782608695659,0.0,0.0,0.0,True,True,True,False,0.0,1023.2024026853542,0.0,0.0,0.0,0.0,1023.2024026853542
2026-02-16T21:45:00Z,2026-02-16T22:00:00Z,2026-02-16,2026-02-16_92,0.0,0,0,100,64.34782608695659,64.34782608695659,0.0,0.0,0.0,True,True,True,False,0.0,1023.2024026853542,0.0,0.0,0.0,0.0,1023.2024026853542
2026-02-16T22:00:00Z,2026-02-16T22:15:00Z,2026-02-17,2026-02-16_93,0.0,0,0,100,64.34782608695659,64.34782608695659,0.0,0.0,0.0,True,True,True,False,0.0,1023.0015897003121,0.0,0.0,0.0,0.0,1023.0015897003121
2026-02-16T22:15:00Z,2026-02-16T22:30:00Z,2026-02-17,2026-02-16_94,0.0,0,0,100,64.34782608695659,64.34782608695659,0.0,0.0,0.0,True,True,True,False,0.0,1023.0015897003121,0.0,0.0,0.0,0.0,1023.0015897003121
2026-02-16T22:30:00Z,2026-02-16T22:45:00Z,2026-02-17,2026-02-16_95,0.0,0,0,100,64.34782608695659,64.34782608695659,0.0,0.0,0.0,True,True,True,False,0.0,1023.0015897003121,0.0,0.0,0.0,0.0,1023.0015897003121
2026-02-16T22:45:00Z,2026-02-16T23:00:00Z,2026-02-17,2026-02-16_96,0.0,0,0,100,64.34782608695659,64.34782608695659,0.0,0.0,0.0,True,True,True,False,0.0,1023.0015897003121,0.0,0.0,0.0,0.0,1023.0015897003121
2026-02-16T23:00:00Z,2026-02-16T23:15:00Z,2026-02-17,2026-02-17_1,0.0,0,0,100,64.34782608695659,64.34782608695659,0.0,0.0,0.0,True,False,True,False,0.0,1023.0015897003121,0.0,0.0,0.0,0.0,1023.0015897003121
2026-02-16T23:15:00Z,2026-02-16T23:30:00Z,2026-02-17,2026-02-17_2,0.0,0,0,100,64.34782608695659,64.34782608695659,0.0,0.0,0.0,True,False,True,False,0.0,1023.0015897003121,0.0,0.0,0.0,0.0,1023.0015897003121
2026-02-16T23:30:00Z,2026-02-16T23:45:00Z,2026-02-17,2026-02-17_3,0.0,0,0,100,64.34782608695659,64.34782608695659,0.0,0.0,0.0,True,False,True,False,0.0,1023.0015897003121,0.0,0.0,0.0,0.0,1023.0015897003121
2026-02-16T23:45:00Z,2026-02-17T00:00:00Z,2026-02-17,2026-02-17_4,0.0,0,0,100,64.34782608695659,64.34782608695659,0.0,0.0,0.0,True,False,True,False,0.0,1023.0015897003121,0.0,0.0,0.0,0.0,1023.0015897003121
2026-02-17T00:00:00Z,2026-02-17T00:15:00Z,2026-02-17,2026-02-17_5,-100.0,100,0,0,64.34782608695659,78.30343751552802,0.03876558730158731,9.830857142857143,0.0,True,True,True,False,-2335.25,0.0,104.1548093340922,0.0,1737.4124591009643,0.0,-493.68273156494354
2026-02-17T00:15:00Z,2026-02-17T00:30:00Z,2026-02-17,2026-02-17_6,-100.0,100,0,0,78.30343751552802,82.95022608695659,0.012907746031746032,19.949142857142856,0.0,True,True,True,False,-2288.25,0.0,104.1548093340922,0.0,5881.812123777934,0.0,3697.7169331120263
2026-02-17T00:30:00Z,2026-02-17T00:45:00Z,2026-02-17,2026-02-17_7,-100.0,100,0,0,82.95022608695659,99.08912894409946,0.04483028571428572,7.457714285714285,0.0,True,True,True,False,-2292.0,0.0,104.1548093340922,0.0,1249.9622684210378,0.0,-937.88292224487
2026-02-17T00:45:00Z,2026-02-17T01:00:00Z,2026-02-17,2026-02-17_8,-100.0,100,0,0,99.08912894409946,119.23660322981374,0.055965206349206355,3.1005714285714285,0.0,True,True,True,False,-2279.0,0.0,104.1548093340922,0.0,491.9516944186659,0.0,-1682.893496247242
2026-02-17T01:00:00Z,2026-02-17T01:15:00Z,2026-02-17,2026-02-17_9,0.0,0,0,100,119.23660322981374,119.23660322981374,0.0,0.0,0.0,True,True,True,False,0.0,1023.0015897003121,0.0,0.0,0.0,0.0,1023.0015897003121
2026-02-17T01:15:00Z,2026-02-17T01:30:00Z,2026-02-17,2026-02-17_10,0.0,0,0,100,119.23660322981374,119.23660322981374,0.0,0.0,0.0,True,True,True,False,0.0,1023.0015897003121,0.0,0.0,0.0,0.0,1023.0015897003121
2026-02-17T01:30:00Z,2026-02-17T01:45:00Z,2026-02-17,2026-02-17_11,0.0,0,0,100,119.23660322981374,119.23660322981374,0.0,0.0,0.0,True,True,True,False,0.0,1023.0015897003121,0.0,0.0,0.0,0.0,1023.0015897003121
2026-02-17T01:45:00Z,2026-02-17T02:00:00Z,2026-02-17,2026-02-17_12,0.0,0,0,100,119.23660322981374,119.23660322981374,0.0,0.0,0.0,True,True,True,False,0.0,1023.0015897003121,0.0,0.0,0.0,0.0,1023.0015897003121
2026-02-17T02:00:00Z,2026-02-17T02:15:00Z,2026-02-17,2026-02-17_13,0.0,0,0,100,119.23660322981374,119.23660322981374,0.0,0.0,0.0,True,True,True,False,0.0,1023.0015897003121,0.0,0.0,0.0,0.0,1023.0015897003121
2026-02-17T02:15:00Z,2026-02-17T02:30:00Z,2026-02-17,2026-02-17_14,0.0,0,0,100,119.23660322981374,119.23660322981374,0.0,0.0,0.0,True,True,True,False,0.0,1023.0015897003121,0.0,0.0,0.0,0.0,1023.0015897003121
2026-02-17T02:30:00Z,2026-02-17T02:45:00Z,2026-02-17,2026-02-17_15,0.0,0,0,100,119.23660322981374,119.23660322981374,0.0,0.0,0.0,True,True,True,False,0.0,1023.0015897003121,0.0,0.0,0.0,0.0,1023.0015897003121
2026-02-17T02:45:00Z,2026-02-17T03:00:00Z,2026-02-17,2026-02-17_16,0.0,0,0,100,119.23660322981374,119.23660322981374,0.0,0.0,0.0,True,True,True,False,0.0,1023.0015897003121,0.0,0.0,0.0,0.0,1023.0015897003121
2026-02-17T03:00:00Z,2026-02-17T03:15:00Z,2026-02-17,2026-02-17_17,0.0,100,100,0,119.23660322981374,101.12169639751559,0.05031918564527261,16.665714285714287,0.0,True,True,True,False,0.0,0.0,103.09500912605735,41.97986379604734,7791.614742437709,0.0,7936.689615359814
2026-02-17T03:15:00Z,2026-02-17T03:30:00Z,2026-02-17,2026-02-17_18,0.0,100,100,0,101.12169639751559,86.36144795031062,0.04100069013112491,13.57942857142857,0.0,True,True,True,False,0.0,0.0,103.09500912605735,41.97986379604734,3787.803212260038,0.0,3932.8780851821425
2026-02-17T03:30:00Z,2026-02-17T03:45:00Z,2026-02-17,2026-02-17_19,0.0,100,100,0,86.36144795031062,84.86876919254665,0.004359536231884057,1.4085714285714284,0.04171428571428571,True,True,True,False,0.0,0.0,103.09500912605735,41.97986379604734,207.15451662736805,-2.571560906269363,349.6578286432034
2026-02-17T03:45:00Z,2026-02-17T04:00:00Z,2026-02-17,2026-02-17_20,0.0,100,100,0,84.86876919254665,92.8282563975156,0.02358656728778468,0.24457142857142858,8.94057142857143,True,True,True,False,0.0,0.0,103.09500912605735,41.97986379604734,33.45324155874742,5191.909655004192,5370.437769485045
2026-02-17T04:00:00Z,2026-02-17T04:15:00Z,2026-02-17,2026-02-17_21,0.0,100,100,0,92.8282563975156,99.98102956521747,0.019872265010351966,0.0005714285714285715,7.775428571428571,True,True,True,False,0.0,0.0,104.4197593861009,41.97986379604734,0.06717675392728874,3319.4745573371533,3465.9413572732287
2026-02-17T04:15:00Z,2026-02-17T04:30:00Z,2026-02-17,2026-02-17_22,0.0,100,100,0,99.98102956521747,111.52150956521747,0.0320568888888889,0.0,12.544000000000002,True,True,True,False,0.0,0.0,104.4197593861009,41.97986379604734,0.0,3519.365890919083,3665.7655141012315
2026-02-17T04:30:00Z,2026-02-17T04:45:00Z,2026-02-17,2026-02-17_23,0.0,100,100,0,111.52150956521747,104.72532968944107,0.02248818219461698,6.8502857142857145,0.7062857142857143,True,True,True,False,0.0,0.0,104.4197593861009,41.97986379604734,1740.9120606945896,-35.8666670404939,1851.445016836244
2026-02-17T04:45:00Z,2026-02-17T05:00:00Z,2026-02-17,2026-02-17_24,0.0,100,100,0,104.72532968944107,92.2042116770187,0.03478088336783989,11.519428571428572,0.0,True,True,True,False,0.0,0.0,104.4197593861009,41.97986379604734,2275.768207339537,0.0,2422.1678305216856
2026-02-17T05:00:00Z,2026-02-17T05:15:00Z,2026-02-17,2026-02-17_25,0.0,0,0,100,92.2042116770187,92.2042116770187,0.0,0.0,0.0,True,True,True,False,0.0,1023.0015897003121,0.0,0.0,0.0,0.0,1023.0015897003121
2026-02-17T05:15:00Z,2026-02-17T05:30:00Z,2026-02-17,2026-02-17_26,0.0,0,0,100,92.2042116770187,92.2042116770187,0.0,0.0,0.0,True,True,True,False,0.0,1023.0015897003121,0.0,0.0,0.0,0.0,1023.0015897003121
2026-02-17T05:30:00Z,2026-02-17T05:45:00Z,2026-02-17,2026-02-17_27,0.0,0,0,100,92.2042116770187,92.2042116770187,0.0,0.0,0.0,True,True,True,False,0.0,1023.0015897003121,0.0,0.0,0.0,0.0,1023.0015897003121
2026-02-17T05:45:00Z,2026-02-17T06:00:00Z,2026-02-17,2026-02-17_28,0.0,0,0,100,92.2042116770187,92.2042116770187,0.0,0.0,0.0,True,True,True,False,0.0,1023.0015897003121,0.0,0.0,0.0,0.0,1023.0015897003121
2026-02-17T06:00:00Z,2026-02-17T06:15:00Z,2026-02-17,2026-02-17_29,-100.0,100,0,0,92.2042116770187,103.83406310559013,0.03230514285714286,12.358857142857142,0.0,True,True,True,False,-2453.75,0.0,93.14466272839677,0.0,7628.817648084649,0.0,5268.212310813045
2026-02-17T06:15:00Z,2026-02-17T06:30:00Z,2026-02-17,2026-02-17_30,0.0,100,0,0,103.83406310559013,92.83095751552803,0.030564182194616974,10.122857142857143,0.0,True,True,True,False,0.0,0.0,93.14466272839677,0.0,1930.103613694413,0.0,2023.2482764228098
2026-02-17T06:30:00Z,2026-02-17T06:45:00Z,2026-02-17,2026-02-17_31,0.0,100,0,0,92.83095751552803,77.29803826086965,0.04314699792960663,14.290285714285714,0.0,True,True,True,False,0.0,0.0,93.14466272839677,0.0,3044.9782195917246,0.0,3138.1228823201213
2026-02-17T06:45:00Z,2026-02-17T07:00:00Z,2026-02-17,2026-02-17_32,0.0,100,0,0,77.29803826086965,75.33716869565225,0.005446859903381642,1.804,0.0,True,True,True,False,0.0,0.0,93.14466272839677,0.0,294.6365748827351,0.0,387.78123761113187
2026-02-17T07:00:00Z,2026-02-17T07:15:00Z,2026-02-17,2026-02-17_33,0.0,0,0,100,75.33716869565225,75.33716869565225,0.0,0.0,0.0,True,True,True,False,0.0,1023.0015897003121,0.0,0.0,0.0,0.0,1023.0015897003121
2026-02-17T07:15:00Z,2026-02-17T07:30:00Z,2026-02-17,2026-02-17_34,0.0,0,0,100,75.33716869565225,75.33716869565225,0.0,0.0,0.0,True,True,True,False,0.0,1023.0015897003121,0.0,0.0,0.0,0.0,1023.0015897003121
2026-02-17T07:30:00Z,2026-02-17T07:45:00Z,2026-02-17,2026-02-17_35,0.0,0,0,100,75.33716869565225,75.33716869565225,0.0,0.0,0.0,True,True,True,False,0.0,1023.0015897003121,0.0,0.0,0.0,0.0,1023.0015897003121
2026-02-17T07:45:00Z,2026-02-17T08:00:00Z,2026-02-17,2026-02-17_36,0.0,0,0,100,75.33716869565225,75.33716869565225,0.0,0.0,0.0,True,True,True,False,0.0,1023.0015897003121,0.0,0.0,0.0,0.0,1023.0015897003121
2026-02-17T08:00:00Z,2026-02-17T08:15:00Z,2026-02-17,2026-02-17_37,0.0,0,0,100,75.33716869565225,75.33716869565225,0.0,0.0,0.0,True,False,True,False,0.0,1023.0015897003121,0.0,0.0,0.0,0.0,1023.0015897003121
2026-02-17T08:15:00Z,2026-02-17T08:30:00Z,2026-02-17,2026-02-17_38,0.0,0,0,100,75.33716869565225,75.33716869565225,0.0,0.0,0.0,True,False,True,False,0.0,1023.0015897003121,0.0,0.0,0.0,0.0,1023.0015897003121
2026-02-17T08:30:00Z,2026-02-17T08:45:00Z,2026-02-17,2026-02-17_39,0.0,0,0,100,75.33716869565225,75.33716869565225,0.0,0.0,0.0,True,False,True,False,0.0,1023.0015897003121,0.0,0.0,0.0,0.0,1023.0015897003121
2026-02-17T08:45:00Z,2026-02-17T09:00:00Z,2026-02-17,2026-02-17_40,0.0,0,0,100,75.33716869565225,75.33716869565225,0.0,0.0,0.0,True,False,True,False,0.0,1023.0015897003121,0.0,0.0,0.0,0.0,1023.0015897003121
2026-02-17T09:00:00Z,2026-02-17T09:15:00Z,2026-02-17,2026-02-17_41,0.0,100,15,0,75.33716869565225,69.30487055900629,0.016756383712905453,5.549714285714286,0.0,True,True,True,False,0.0,0.0,107.15757659019096,6.049692854198968,1009.0398521887117,0.0,1122.2471216331016
2026-02-17T09:15:00Z,2026-02-17T09:30:00Z,2026-02-17,2026-02-17_42,0.0,100,15,0,69.30487055900629,65.47452437267088,0.010643793374741202,3.524571428571429,0.0007714285714285713,True,True,True,False,0.0,0.0,107.15757659019096,6.049692854198968,567.2953111410797,-0.06056001188770603,680.4420205735819
2026-02-17T09:30:00Z,2026-02-17T09:45:00Z,2026-02-17,2026-02-17_43,0.0,100,15,0,65.47452437267088,62.253406360248526,0.008947550034506556,2.9634285714285715,0.0,True,True,True,False,0.0,0.0,107.15757659019096,6.049692854198968,474.5789557323136,0.0,587.7862251767035
2026-02-17T09:45:00Z,2026-02-17T10:00:00Z,2026-02-17,2026-02-17_44,-85.0,100,15,0,62.253406360248526,64.35736372670816,0.022565858109040722,18.460571428571427,0.0,True,True,True,False,-2313.4875,0.0,107.15757659019096,6.049692854198968,9930.177341247256,0.0,7729.897110691645
2026-02-17T10:00:00Z,2026-02-17T10:15:00Z,2026-02-17,2026-02-17_45,0.0,0,0,100,64.35736372670816,64.35736372670816,0.0,0.0,0.0,True,True,True,False,0.0,1023.0015897003121,0.0,0.0,0.0,0.0,1023.0015897003121
2026-02-17T10:15:00Z,2026-02-17T10:30:00Z,2026-02-17,2026-02-17_46,0.0,0,0,100,64.35736372670816,64.35736372670816,0.0,0.0,0.0,True,True,True,False,0.0,1023.0015897003121,0.0,0.0,0.0,0.0,1023.0015897003121
2026-02-17T10:30:00Z,2026-02-17T10:45:00Z,2026-02-17,2026-02-17_47,0.0,0,0,100,64.35736372670816,64.35736372670816,0.0,0.0,0.0,True,True,True,False,0.0,1023.0015897003121,0.0,0.0,0.0,0.0,1023.0015897003121
2026-02-17T10:45:00Z,2026-02-17T11:00:00Z,2026-02-17,2026-02-17_48,0.0,0,0,100,64.35736372670816,64.35736372670816,0.0,0.0,0.0,True,True,True,False,0.0,1023.0015897003121,0.0,0.0,0.0,0.0,1023.0015897003121
2026-02-17T11:00:00Z,2026-02-17T11:15:00Z,2026-02-17,2026-02-17_49,0.0,0,0,100,64.35736372670816,64.35736372670816,0.0,0.0,0.0,True,True,True,False,0.0,1023.0015897003121,0.0,0.0,0.0,0.0,1023.0015897003121
2026-02-17T11:15:00Z,2026-02-17T11:30:00Z,2026-02-17,2026-02-17_50,0.0,0,0,100,64.35736372670816,64.35736372670816,0.0,0.0,0.0,True,True,True,False,0.0,1023.0015897003121,0.0,0.0,0.0,0.0,1023.0015897003121
2026-02-17T11:30:00Z,2026-02-17T11:45:00Z,2026-02-17,2026-02-17_51,0.0,0,0,100,64.35736372670816,64.35736372670816,0.0,0.0,0.0,True,True,True,False,0.0,1023.0015897003121,0.0,0.0,0.0,0.0,1023.0015897003121
2026-02-17T11:45:00Z,2026-02-17T12:00:00Z,2026-02-17,2026-02-17_52,0.0,0,0,100,64.35736372670816,64.35736372670816,0.0,0.0,0.0,True,True,True,False,0.0,1023.0015897003121,0.0,0.0,0.0,0.0,1023.0015897003121
2026-02-17T12:00:00Z,2026-02-17T12:15:00Z,2026-02-17,2026-02-17_53,0.0,0,0,100,64.35736372670816,64.35736372670816,0.0,0.0,0.0,True,True,True,False,0.0,1023.0015897003121,0.0,0.0,0.0,0.0,1023.0015897003121
2026-02-17T12:15:00Z,2026-02-17T12:30:00Z,2026-02-17,2026-02-17_54,0.0,0,0,100,64.35736372670816,64.35736372670816,0.0,0.0,0.0,True,True,True,False,0.0,1023.0015897003121,0.0,0.0,0.0,0.0,1023.0015897003121
2026-02-17T12:30:00Z,2026-02-17T12:45:00Z,2026-02-17,2026-02-17_55,0.0,0,0,100,64.35736372670816,64.35736372670816,0.0,0.0,0.0,True,True,True,False,0.0,1023.0015897003121,0.0,0.0,0.0,0.0,1023.0015897003121
2026-02-17T12:45:00Z,2026-02-17T13:00:00Z,2026-02-17,2026-02-17_56,0.0,0,0,100,64.35736372670816,64.35736372670816,0.0,0.0,0.0,True,True,True,False,0.0,1023.0015897003121,0.0,0.0,0.0,0.0,1023.0015897003121
2026-02-17T13:00:00Z,2026-02-17T13:15:00Z,2026-02-17,2026-02-17_57,-100.0,100,0,0,64.35736372670816,70.22012944099387,0.016285460317460324,18.62742857142857,0.0,True,True,True,False,-2465.75,0.0,108.09962121955527,0.0,13107.779265709856,0.0,10750.128886929411
2026-02-17T13:15:00Z,2026-02-17T13:30:00Z,2026-02-17,2026-02-17_58,-43.75095759406144,100,0,0,70.22012944099387,67.99192546583859,0.03498608576948172,12.122285714285713,0.0,True,True,True,False,-1147.150108116291,0.0,108.09962121955527,0.0,3170.320425265861,0.0,2131.269938369125
2026-02-17T13:30:00Z,2026-02-17T13:45:00Z,2026-02-17,2026-02-17_59,0.0,100,0,0,67.99192546583859,67.13416149068331,0.002382677708764665,0.7891428571428571,0.0,True,True,True,False,0.0,0.0,108.09962121955527,0.0,110.19069046824664,0.0,218.29031168780193
2026-02-17T13:45:00Z,2026-02-17T14:00:00Z,2026-02-17,2026-02-17_60,0.0,100,0,0,67.13416149068331,64.3478260869566,0.007739820565907522,2.563428571428571,0.0,True,True,True,False,0.0,0.0,108.09962121955527,0.0,431.25045905049745,0.0,539.3500802700528
2026-02-17T14:00:00Z,2026-02-17T14:15:00Z,2026-02-17,2026-02-17_61,0.0,0,0,100,64.3478260869566,64.3478260869566,0.0,0.0,0.0,True,True,True,False,0.0,1023.0015897003121,0.0,0.0,0.0,0.0,1023.0015897003121
2026-02-17T14:15:00Z,2026-02-17T14:30:00Z,2026-02-17,2026-02-17_62,0.0,0,0,100,64.3478260869566,64.3478260869566,0.0,0.0,0.0,True,True,True,False,0.0,1023.0015897003121,0.0,0.0,0.0,0.0,1023.0015897003121
2026-02-17T14:30:00Z,2026-02-17T14:45:00Z,2026-02-17,2026-02-17_63,0.0,0,0,100,64.3478260869566,64.3478260869566,0.0,0.0,0.0,True,True,True,False,0.0,1023.0015897003121,0.0,0.0,0.0,0.0,1023.0015897003121
2026-02-17T14:45:00Z,2026-02-17T15:00:00Z,2026-02-17,2026-02-17_64,0.0,0,0,100,64.3478260869566,64.3478260869566,0.0,0.0,0.0,True,True,True,False,0.0,1023.0015897003121,0.0,0.0,0.0,0.0,1023.0015897003121
2026-02-17T15:00:00Z,2026-02-17T15:15:00Z,2026-02-17,2026-02-17_65,0.0,0,0,100,64.3478260869566,64.3478260869566,0.0,0.0,0.0,True,True,True,False,0.0,1023.0015897003121,0.0,0.0,0.0,0.0,1023.0015897003121
2026-02-17T15:15:00Z,2026-02-17T15:30:00Z,2026-02-17,2026-02-17_66,0.0,0,0,100,64.3478260869566,64.3478260869566,0.0,0.0,0.0,True,True,True,False,0.0,1023.0015897003121,0.0,0.0,0.0,0.0,1023.0015897003121
2026-02-17T15:30:00Z,2026-02-17T15:45:00Z,2026-02-17,2026-02-17_67,0.0,0,0,100,64.3478260869566,64.3478260869566,0.0,0.0,0.0,True,True,True,False,0.0,1023.0015897003121,0.0,0.0,0.0,0.0,1023.0015897003121
2026-02-17T15:45:00Z,2026-02-17T16:00:00Z,2026-02-17,2026-02-17_68,0.0,0,0,100,64.3478260869566,64.3478260869566,0.0,0.0,0.0,True,True,True,False,0.0,1023.0015897003121,0.0,0.0,0.0,0.0,1023.0015897003121
2026-02-17T16:00:00Z,2026-02-17T16:15:00Z,2026-02-17,2026-02-17_69,0.0,0,0,100,64.3478260869566,64.3478260869566,0.0,0.0,0.0,True,True,True,False,0.0,1023.0015897003121,0.0,0.0,0.0,0.0,1023.0015897003121
2026-02-17T16:15:00Z,2026-02-17T16:30:00Z,2026-02-17,2026-02-17_70,0.0,0,0,100,64.3478260869566,64.3478260869566,0.0,0.0,0.0,True,True,True,False,0.0,1023.0015897003121,0.0,0.0,0.0,0.0,1023.0015897003121
2026-02-17T16:30:00Z,2026-02-17T16:45:00Z,2026-02-17,2026-02-17_71,0.0,0,0,100,64.3478260869566,64.3478260869566,0.0,0.0,0.0,True,True,True,False,0.0,1023.0015897003121,0.0,0.0,0.0,0.0,1023.0015897003121
2026-02-17T16:45:00Z,2026-02-17T17:00:00Z,2026-02-17,2026-02-17_72,0.0,0,0,100,64.3478260869566,64.3478260869566,0.0,0.0,0.0,True,True,True,False,0.0,1023.0015897003121,0.0,0.0,0.0,0.0,1023.0015897003121
2026-02-17T17:00:00Z,2026-02-17T17:15:00Z,2026-02-17,2026-02-17_73,0.0,0,0,100,64.3478260869566,64.3478260869566,0.0,0.0,0.0,True,True,True,False,0.0,1023.0015897003121,0.0,0.0,0.0,0.0,1023.0015897003121
2026-02-17T17:15:00Z,2026-02-17T17:30:00Z,2026-02-17,2026-02-17_74,0.0,0,0,100,64.3478260869566,64.3478260869566,0.0,0.0,0.0,True,True,True,False,0.0,1023.0015897003121,0.0,0.0,0.0,0.0,1023.0015897003121
2026-02-17T17:30:00Z,2026-02-17T17:45:00Z,2026-02-17,2026-02-17_75,0.0,0,0,100,64.3478260869566,64.3478260869566,0.0,0.0,0.0,True,True,True,False,0.0,1023.0015897003121,0.0,0.0,0.0,0.0,1023.0015897003121
2026-02-17T17:45:00Z,2026-02-17T18:00:00Z,2026-02-17,2026-02-17_76,0.0,0,0,100,64.3478260869566,64.3478260869566,0.0,0.0,0.0,True,True,True,False,0.0,1023.0015897003121,0.0,0.0,0.0,0.0,1023.0015897003121
2026-02-17T18:00:00Z,2026-02-17T18:15:00Z,2026-02-17,2026-02-17_77,0.0,0,0,100,64.3478260869566,64.3478260869566,0.0,0.0,0.0,True,True,True,False,0.0,1023.0015897003121,0.0,0.0,0.0,0.0,1023.0015897003121
2026-02-17T18:15:00Z,2026-02-17T18:30:00Z,2026-02-17,2026-02-17_78,0.0,0,0,100,64.3478260869566,64.3478260869566,0.0,0.0,0.0,True,True,True,False,0.0,1023.0015897003121,0.0,0.0,0.0,0.0,1023.0015897003121
2026-02-17T18:30:00Z,2026-02-17T18:45:00Z,2026-02-17,2026-02-17_79,0.0,0,0,100,64.3478260869566,64.3478260869566,0.0,0.0,0.0,True,True,True,False,0.0,1023.0015897003121,0.0,0.0,0.0,0.0,1023.0015897003121
2026-02-17T18:45:00Z,2026-02-17T19:00:00Z,2026-02-17,2026-02-17_80,0.0,0,0,100,64.3478260869566,64.3478260869566,0.0,0.0,0.0,True,True,True,False,0.0,1023.0015897003121,0.0,0.0,0.0,0.0,1023.0015897003121
2026-02-17T19:00:00Z,2026-02-17T19:15:00Z,2026-02-17,2026-02-17_81,0.0,0,0,100,64.3478260869566,64.3478260869566,0.0,0.0,0.0,True,True,True,False,0.0,1023.0015897003121,0.0,0.0,0.0,0.0,1023.0015897003121
2026-02-17T19:15:00Z,2026-02-17T19:30:00Z,2026-02-17,2026-02-17_82,0.0,0,0,100,64.3478260869566,64.3478260869566,0.0,0.0,0.0,True,True,True,False,0.0,1023.0015897003121,0.0,0.0,0.0,0.0,1023.0015897003121
2026-02-17T19:30:00Z,2026-02-17T19:45:00Z,2026-02-17,2026-02-17_83,0.0,0,0,100,64.3478260869566,64.3478260869566,0.0,0.0,0.0,True,True,True,False,0.0,1023.0015897003121,0.0,0.0,0.0,0.0,1023.0015897003121
2026-02-17T19:45:00Z,2026-02-17T20:00:00Z,2026-02-17,2026-02-17_84,0.0,0,0,100,64.3478260869566,64.3478260869566,0.0,0.0,0.0,True,True,True,False,0.0,1023.0015897003121,0.0,0.0,0.0,0.0,1023.0015897003121
2026-02-17T20:00:00Z,2026-02-17T20:15:00Z,2026-02-17,2026-02-17_85,0.0,0,0,100,64.3478260869566,64.3478260869566,0.0,0.0,0.0,True,True,True,False,0.0,1023.0015897003121,0.0,0.0,0.0,0.0,1023.0015897003121
2026-02-17T20:15:00Z,2026-02-17T20:30:00Z,2026-02-17,2026-02-17_86,0.0,0,0,100,64.3478260869566,64.3478260869566,0.0,0.0,0.0,True,True,True,False,0.0,1023.0015897003121,0.0,0.0,0.0,0.0,1023.0015897003121
2026-02-17T20:30:00Z,2026-02-17T20:45:00Z,2026-02-17,2026-02-17_87,0.0,0,0,100,64.3478260869566,64.3478260869566,0.0,0.0,0.0,True,True,True,False,0.0,1023.0015897003121,0.0,0.0,0.0,0.0,1023.0015897003121
2026-02-17T20:45:00Z,2026-02-17T21:00:00Z,2026-02-17,2026-02-17_88,0.0,0,0,100,64.3478260869566,64.3478260869566,0.0,0.0,0.0,True,True,True,False,0.0,1023.0015897003121,0.0,0.0,0.0,0.0,1023.0015897003121
2026-02-17T21:00:00Z,2026-02-17T21:15:00Z,2026-02-17,2026-02-17_89,0.0,100,0,0,64.3478260869566,48.62422360248455,0.04367667356797792,14.465714285714288,0.0,True,True,True,False,0.0,0.0,108.09962121955527,0.0,6517.69389605547,0.0,6625.793517275025
2026-02-17T21:15:00Z,2026-02-17T21:30:00Z,2026-02-17,2026-02-17_90,-100.0,100,0,0,48.62422360248455,61.401709316770265,0.03549301587301587,11.111428571428572,0.0,True,True,True,False,-2214.5,0.0,108.09962121955527,0.0,2618.987244267126,0.0,512.5868654866811
2026-02-17T21:30:00Z,2026-02-17T21:45:00Z,2026-02-17,2026-02-17_91,-100.0,100,0,0,61.401709316770265,83.79293217391313,0.06219784126984128,0.6617142857142857,0.0,True,True,True,False,-2081.5,0.0,108.09962121955527,0.0,95.43578928480308,0.0,-1877.9645894956416
2026-02-17T21:45:00Z,2026-02-17T22:00:00Z,2026-02-17,2026-02-17_92,-100.00000000000034,100,0,0,83.79293217391313,105.0628064596275,0.059082984126984345,1.8805714285714288,0.0,True,True,True,False,-511.00000000000176,0.0,108.09962121955527,0.0,284.37880601450644,0.0,-118.52157276594005
2026-02-17T22:00:00Z,2026-02-17T22:15:00Z,2026-02-18,2026-02-17_93,0.0,100,100,0,105.0628064596275,93.1742370186337,0.03415701035196688,11.125142857142858,0.22171428571428572,True,True,True,False,0.0,0.0,105.69017953497497,39.82144609045423,2945.225767039005,-11.305666690025367,3079.431725974409
2026-02-17T22:15:00Z,2026-02-17T22:30:00Z,2026-02-18,2026-02-17_94,0.0,100,100,0,93.1742370186337,88.63137987577656,0.012619047619047618,4.179428571428572,0.0,True,True,True,False,0.0,0.0,105.69017953497497,39.82144609045423,630.3741128785862,0.0,775.8857385040154
2026-02-17T22:30:00Z,2026-02-17T22:45:00Z,2026-02-18,2026-02-17_95,0.0,100,100,0,88.63137987577656,76.56678360248463,0.033512767425810906,11.099428571428572,0.0,True,True,True,False,0.0,0.0,105.69017953497497,39.82144609045423,2357.6000802791837,0.0,2503.111705904613
2026-02-17T22:45:00Z,2026-02-17T23:00:00Z,2026-02-18,2026-02-17_96,0.0,100,100,0,76.56678360248463,74.47299478260885,0.00581608005521049,1.9262857142857144,0.0,True,True,True,False,0.0,0.0,105.69017953497497,39.82144609045423,275.82491379237854,0.0,421.3365394178077
2026-02-17T23:00:00Z,2026-02-17T23:15:00Z,2026-02-18,2026-02-18_1,0.0,0,0,100,74.47299478260885,74.47299478260885,0.0,0.0,0.0,True,True,True,False,0.0,1022.7607181399,0.0,0.0,0.0,0.0,1022.7607181399
2026-02-17T23:15:00Z,2026-02-17T23:30:00Z,2026-02-18,2026-02-18_2,0.0,0,0,100,74.47299478260885,74.47299478260885,0.0,0.0,0.0,True,True,True,False,0.0,1022.7607181399,0.0,0.0,0.0,0.0,1022.7607181399
2026-02-17T23:30:00Z,2026-02-17T23:45:00Z,2026-02-18,2026-02-18_3,0.0,0,0,100,74.47299478260885,74.47299478260885,0.0,0.0,0.0,True,True,True,False,0.0,1022.7607181399,0.0,0.0,0.0,0.0,1022.7607181399
2026-02-17T23:45:00Z,2026-02-18T00:00:00Z,2026-02-18,2026-02-18_4,0.0,0,0,100,74.47299478260885,74.47299478260885,0.0,0.0,0.0,True,True,True,False,0.0,1022.7607181399,0.0,0.0,0.0,0.0,1022.7607181399
2026-02-18T00:00:00Z,2026-02-18T00:15:00Z,2026-02-18,2026-02-18_5,0.0,0,0,100,74.47299478260885,74.47299478260885,0.0,0.0,0.0,True,True,True,False,0.0,1022.7607181399,0.0,0.0,0.0,0.0,1022.7607181399
2026-02-18T00:15:00Z,2026-02-18T00:30:00Z,2026-02-18,2026-02-18_6,0.0,0,0,100,74.47299478260885,74.47299478260885,0.0,0.0,0.0,True,True,True,False,0.0,1022.7607181399,0.0,0.0,0.0,0.0,1022.7607181399
2026-02-18T00:30:00Z,2026-02-18T00:45:00Z,2026-02-18,2026-02-18_7,0.0,0,0,100,74.47299478260885,74.47299478260885,0.0,0.0,0.0,True,True,True,False,0.0,1022.7607181399,0.0,0.0,0.0,0.0,1022.7607181399
2026-02-18T00:45:00Z,2026-02-18T01:00:00Z,2026-02-18,2026-02-18_8,0.0,0,0,100,74.47299478260885,74.47299478260885,0.0,0.0,0.0,True,True,True,False,0.0,1022.7607181399,0.0,0.0,0.0,0.0,1022.7607181399
2026-02-18T01:00:00Z,2026-02-18T01:15:00Z,2026-02-18,2026-02-18_9,0.0,0,0,100,74.47299478260885,74.47299478260885,0.0,0.0,0.0,True,True,True,False,0.0,1022.7607181399,0.0,0.0,0.0,0.0,1022.7607181399
2026-02-18T01:15:00Z,2026-02-18T01:30:00Z,2026-02-18,2026-02-18_10,0.0,0,0,100,74.47299478260885,74.47299478260885,0.0,0.0,0.0,True,True,True,False,0.0,1022.7607181399,0.0,0.0,0.0,0.0,1022.7607181399
2026-02-18T01:30:00Z,2026-02-18T01:45:00Z,2026-02-18,2026-02-18_11,0.0,0,0,100,74.47299478260885,74.47299478260885,0.0,0.0,0.0,True,True,True,False,0.0,1022.7607181399,0.0,0.0,0.0,0.0,1022.7607181399
2026-02-18T01:45:00Z,2026-02-18T02:00:00Z,2026-02-18,2026-02-18_12,0.0,0,0,100,74.47299478260885,74.47299478260885,0.0,0.0,0.0,True,True,True,False,0.0,1022.7607181399,0.0,0.0,0.0,0.0,1022.7607181399
2026-02-18T02:00:00Z,2026-02-18T02:15:00Z,2026-02-18,2026-02-18_13,-99.74815307820218,100,0,0,74.47299478260885,92.01088691677016,0.048805660590802526,5.871428571428572,0.0,True,True,True,False,-510.46117337769965,0.0,104.54233297360935,0.0,842.3648077812504,0.0,436.4459673771601
2026-02-18T02:15:00Z,2026-02-18T02:30:00Z,2026-02-18,2026-02-18_14,-100.0,100,0,0,92.01088691677016,101.08050977391302,0.025193396825396824,15.141714285714286,0.0,True,True,True,False,-256.0,0.0,104.54233297360935,0.0,2757.1348931339435,0.0,2605.677226107553
2026-02-18T02:30:00Z,2026-02-18T02:45:00Z,2026-02-18,2026-02-18_15,-100.0,100,0,0,101.08050977391302,103.82473834534159,0.007622857142857142,22.017142857142858,0.0,True,True,True,False,-383.25,0.0,104.54233297360935,0.0,4457.373055458228,0.0,4178.6653884318375
2026-02-18T02:45:00Z,2026-02-18T03:00:00Z,2026-02-18,2026-02-18_16,-100.0,100,0,0,103.82473834534159,121.19749263105587,0.0482576507936508,6.1165714285714285,0.0,True,True,True,False,-511.25,0.0,104.54233297360935,0.0,845.6302517974519,0.0,438.9225847710613
2026-02-18T03:00:00Z,2026-02-18T03:15:00Z,2026-02-18,2026-02-18_17,-100.0,100,0,0,121.19749263105587,144.19696691677015,0.06388742857142857,0.0005714285714285715,0.0,True,True,True,False,-0.5,0.0,104.54233297360935,0.0,0.05905901809364971,0.0,104.101391991703
2026-02-18T03:15:00Z,2026-02-18T03:30:00Z,2026-02-18,2026-02-18_18,-99.99999999999994,100,0,0,144.19696691677015,167.14176691677014,0.06373555555555553,0.06,0.0,True,True,True,False,-0.4999999999999997,0.0,104.54233297360935,0.0,6.255963896791916,0.0,110.29829687040126
2026-02-18T03:30:00Z,2026-02-18T03:45:00Z,2026-02-18,2026-02-18_19,-100.0,100,0,0,167.14176691677014,172.71276120248442,0.015474984126984132,18.94457142857143,0.0,True,True,True,False,-206.75,0.0,104.54233297360935,0.0,7364.247253829659,0.0,7262.039586803268
2026-02-18T03:45:00Z,2026-02-18T04:00:00Z,2026-02-18,2026-02-18_20,0.0,100,0,0,172.71276120248442,156.23139474285708,0.0457815734989648,15.162857142857142,0.0,True,True,True,False,0.0,0.0,104.54233297360935,0.0,2692.4878664629787,0.0,2797.030199436588
2026-02-18T04:00:00Z,2026-02-18T04:15:00Z,2026-02-18,2026-02-18_21,-52.0,27,0,48,156.23139474285708,167.91999999999993,0.03246834793650794,0.2949942857142857,0.0,True,True,True,False,-35.1,490.9251447071519,28.194643382713625,0.0,37.785778408151245,0.0,521.8055664980168
2026-02-18T04:15:00Z,2026-02-18T04:30:00Z,2026-02-18,2026-02-18_22,23.842895542857132,27,0,48,167.91999999999993,161.39550509316763,0.01812359696342304,0.041811428571428576,0.0,True,True,True,False,512.6222541714284,490.9251447071519,28.194643382713625,0.0,5.021153449285926,0.0,1036.7631957105798
2026-02-18T04:30:00Z,2026-02-18T04:45:00Z,2026-02-18,2026-02-18_23,25.0,27,0,48,161.39550509316763,153.32279701863345,0.022424189095928228,1.1768914285714285,0.0,True,True,True,False,613.3125,490.9251447071519,28.194643382713625,0.0,172.237419764264,0.0,1304.6697078541295
2026-02-18T04:45:00Z,2026-02-18T05:00:00Z,2026-02-18,2026-02-18_24,25.0,27,0,48,153.32279701863345,144.56251130434774,0.024334126984126982,1.8094628571428573,0.0,True,True,True,False,730.3125,490.9251447071519,28.194643382713625,0.0,264.85899402334934,0.0,1514.291282113215
2026-02-18T05:00:00Z,2026-02-18T05:15:00Z,2026-02-18,2026-02-18_25,100.0,0,100,0,144.56251130434774,140.89853614906824,0.010177708764665285,0.0,21.62914285714286,True,True,True,False,2329.75,0.0,0.0,39.40939860688708,0.0,12289.792284116553,14658.95168272344
2026-02-18T05:15:00Z,2026-02-18T05:30:00Z,2026-02-18,2026-02-18_26,100.0,0,100,0,140.89853614906824,114.09729391304339,0.07444789510006902,0.0,0.34285714285714286,True,True,True,False,2932.0,0.0,0.0,39.40939860688708,0.0,-21.328385026138385,2950.0810135807487
2026-02-18T05:30:00Z,2026-02-18T05:45:00Z,2026-02-18,2026-02-18_27,100.0,0,100,0,114.09729391304339,87.06002683229805,0.07510351966873706,0.0,0.1257142857142857,True,True,True,False,3023.0,0.0,0.0,39.40939860688708,0.0,-8.703454191251698,3053.7059444156353
2026-02-18T05:45:00Z,2026-02-18T06:00:00Z,2026-02-18,2026-02-18_28,100.0,0,100,0,87.06002683229805,61.662511304347746,0.07054865424430642,0.0,1.6342857142857141,True,True,True,False,2529.25,0.0,0.0,39.40939860688708,0.0,-97.70023909966223,2470.9591595072247
2026-02-18T06:00:00Z,2026-02-18T06:15:00Z,2026-02-18,2026-02-18_29,0.0,100,0,0,61.662511304347746,49.598536149068245,0.033511042097998614,11.098857142857142,0.0,True,True,True,False,0.0,0.0,93.91739429019916,0.0,2717.274188392594,0.0,2811.1915826827935
2026-02-18T06:15:00Z,2026-02-18T06:30:00Z,2026-02-18,2026-02-18_30,0.0,100,0,0,49.598536149068245,40.59977838509309,0.024996549344375424,8.278857142857142,0.0,True,True,True,False,0.0,0.0,93.91739429019916,0.0,1404.6003407380413,0.0,1498.5177350282404
2026-02-18T06:30:00Z,2026-02-18T06:45:00Z,2026-02-18,2026-02-18_31,-100.0,100,0,0,40.59977838509309,53.04816695652166,0.03457885714285714,11.469142857142858,0.0,True,True,True,False,-1523.5,0.0,93.91739429019916,0.0,1999.481284579053,0.0,569.8986788692521
2026-02-18T06:45:00Z,2026-02-18T07:00:00Z,2026-02-18,2026-02-18_32,-100.0,100,0,0,53.04816695652166,67.2208983850931,0.03936869841269841,9.594857142857142,0.0,True,True,True,False,-1727.4999999999998,0.0,93.91739429019916,0.0,1666.4703327493658,0.0,32.887727039565135
2026-02-18T07:00:00Z,2026-02-18T07:15:00Z,2026-02-18,2026-02-18_33,0.0,0,0,100,67.2208983850931,67.2208983850931,0.0,0.0,0.0,True,True,True,False,0.0,1022.7607181399,0.0,0.0,0.0,0.0,1022.7607181399
2026-02-18T07:15:00Z,2026-02-18T07:30:00Z,2026-02-18,2026-02-18_34,0.0,0,0,100,67.2208983850931,67.2208983850931,0.0,0.0,0.0,True,True,True,False,0.0,1022.7607181399,0.0,0.0,0.0,0.0,1022.7607181399
2026-02-18T07:30:00Z,2026-02-18T07:45:00Z,2026-02-18,2026-02-18_35,0.0,0,0,100,67.2208983850931,67.2208983850931,0.0,0.0,0.0,True,True,True,False,0.0,1022.7607181399,0.0,0.0,0.0,0.0,1022.7607181399
2026-02-18T07:45:00Z,2026-02-18T08:00:00Z,2026-02-18,2026-02-18_36,0.0,0,0,100,67.2208983850931,67.2208983850931,0.0,0.0,0.0,True,True,True,False,0.0,1022.7607181399,0.0,0.0,0.0,0.0,1022.7607181399
2026-02-18T08:00:00Z,2026-02-18T08:15:00Z,2026-02-18,2026-02-18_37,100.0,0,100,0,67.2208983850931,43.81282385093161,0.0650224292615597,0.0,3.464571428571429,True,True,True,False,3625.0,0.0,0.0,36.819385853036394,0.0,-113.8227109360766,3547.99667491696
2026-02-18T08:15:00Z,2026-02-18T08:30:00Z,2026-02-18,2026-02-18_38,100.0,0,100,0,43.81282385093161,19.736426335403657,0.06687888198757765,0.0,2.8497142857142856,True,True,True,False,2453.25,0.0,0.0,36.819385853036394,0.0,-108.8594771201525,2381.209908732884
2026-02-18T08:30:00Z,2026-02-18T08:45:00Z,2026-02-18,2026-02-18_39,100.0,0,100,0,19.736426335403657,10.243879751552724,0.02636818495514148,0.0,16.26685714285714,True,True,True,False,2470.0,0.0,0.0,36.819385853036394,0.0,470.4190601393112,2977.238445992348
2026-02-18T08:45:00Z,2026-02-18T09:00:00Z,2026-02-18,2026-02-18_40,0.0,0,100,0,10.243879751552724,15.434782608695581,0.014419174603174604,0.0,5.642285714285714,True,True,True,False,0.0,0.0,0.0,36.819385853036394,0.0,285.3259546747768,322.14534052781323
2026-02-18T09:00:00Z,2026-02-18T09:15:00Z,2026-02-18,2026-02-18_41,-0.12645176343502718,90,0,10,15.434782608695581,15.463866514285638,8.078862663904514e-05,0.0,0.0,True,True,True,False,-1.9663249214146727,102.27607181399,96.33964485431179,0.0,0.0,0.0,196.64939174688712
2026-02-18T09:15:00Z,2026-02-18T09:30:00Z,2026-02-18,2026-02-18_42,-90.0,90,0,10,15.463866514285638,36.16386651428564,0.057499999999999996,0.0,0.0,True,True,True,False,-315.0,102.27607181399,96.33964485431179,0.0,0.0,0.0,-116.38428333169821
2026-02-18T09:30:00Z,2026-02-18T09:45:00Z,2026-02-18,2026-02-18_43,-90.0,90,0,10,36.16386651428564,56.86386651428564,0.05750000000000001,0.0,0.0,True,True,True,False,-230.4,102.27607181399,96.33964485431179,0.0,0.0,0.0,-31.78428333169822
2026-02-18T09:45:00Z,2026-02-18T10:00:00Z,2026-02-18,2026-02-18_44,-90.0,90,0,10,56.86386651428564,76.90477851428564,0.0556692,0.7164,0.0,True,True,True,False,-345.15,102.27607181399,96.33964485431179,0.0,90.4384540763269,0.0,-56.095829255371285
2026-02-18T10:00:00Z,2026-02-18T10:15:00Z,2026-02-18,2026-02-18_45,0.0,0,0,100,76.90477851428564,76.90477851428564,0.0,0.0,0.0,True,True,True,False,0.0,1022.7607181399,0.0,0.0,0.0,0.0,1022.7607181399
2026-02-18T10:15:00Z,2026-02-18T10:30:00Z,2026-02-18,2026-02-18_46,0.0,0,0,100,76.90477851428564,76.90477851428564,0.0,0.0,0.0,True,True,True,False,0.0,1022.7607181399,0.0,0.0,0.0,0.0,1022.7607181399
2026-02-18T10:30:00Z,2026-02-18T10:45:00Z,2026-02-18,2026-02-18_47,0.0,0,0,100,76.90477851428564,76.90477851428564,0.0,0.0,0.0,True,True,True,False,0.0,1022.7607181399,0.0,0.0,0.0,0.0,1022.7607181399
2026-02-18T10:45:00Z,2026-02-18T11:00:00Z,2026-02-18,2026-02-18_48,0.0,0,0,100,76.90477851428564,76.90477851428564,0.0,0.0,0.0,True,True,True,False,0.0,1022.7607181399,0.0,0.0,0.0,0.0,1022.7607181399
2026-02-18T11:00:00Z,2026-02-18T11:15:00Z,2026-02-18,2026-02-18_49,-2.0000000000000333,2,0,98,76.90477851428564,77.35931108571421,0.0012625904761904975,0.005942857142857143,0.0,True,True,True,False,-6.375000000000107,1002.3055037771019,2.132640047091141,0.0,0.6404771005311769,0.0,998.7036209247241
2026-02-18T11:15:00Z,2026-02-18T11:30:00Z,2026-02-18,2026-02-18_50,-2.0000000000000284,2,0,98,77.35931108571421,77.81713462857137,0.0012717320634920816,0.0023657142857142857,0.0,True,True,True,False,-14.920000000000211,1002.3055037771019,2.132640047091141,0.0,0.24449040938459168,0.0,989.7626342335774
2026-02-18T11:30:00Z,2026-02-18T11:45:00Z,2026-02-18,2026-02-18_51,-2.0000000000000284,2,0,98,77.81713462857137,78.27703999999994,0.001277514920634939,0.00010285714285714284,0.0,True,True,True,False,-4.5950000000000655,1002.3055037771019,2.132640047091141,0.0,0.010630017799330073,0.0,999.8537738419923
2026-02-18T11:45:00Z,2026-02-18T12:00:00Z,2026-02-18,2026-02-18_52,-2.0000000000000284,2,0,98,78.27703999999994,78.73703999999995,0.001277777777777796,0.0,0.0,True,True,True,False,-4.22000000000006,1002.3055037771019,2.132640047091141,0.0,0.0,0.0,1000.2181438241929
2026-02-18T12:00:00Z,2026-02-18T12:15:00Z,2026-02-18,2026-02-18_53,0.0,0,0,100,78.73703999999995,78.73703999999995,0.0,0.0,0.0,True,True,True,False,0.0,1022.7607181399,0.0,0.0,0.0,0.0,1022.7607181399
2026-02-18T12:15:00Z,2026-02-18T12:30:00Z,2026-02-18,2026-02-18_54,0.0,0,0,100,78.73703999999995,78.73703999999995,0.0,0.0,0.0,True,True,True,False,0.0,1022.7607181399,0.0,0.0,0.0,0.0,1022.7607181399
2026-02-18T12:30:00Z,2026-02-18T12:45:00Z,2026-02-18,2026-02-18_55,0.0,0,0,100,78.73703999999995,78.73703999999995,0.0,0.0,0.0,True,True,True,False,0.0,1022.7607181399,0.0,0.0,0.0,0.0,1022.7607181399
2026-02-18T12:45:00Z,2026-02-18T13:00:00Z,2026-02-18,2026-02-18_56,0.0,0,0,100,78.73703999999995,78.73703999999995,0.0,0.0,0.0,True,True,True,False,0.0,1022.7607181399,0.0,0.0,0.0,0.0,1022.7607181399
2026-02-18T13:00:00Z,2026-02-18T13:15:00Z,2026-02-18,2026-02-18_57,0.0,100,100,0,78.73703999999995,88.29767999999996,0.026557333333333332,0.0,10.392,True,True,True,False,0.0,0.0,107.95644069459433,39.321102717551256,0.0,415.77175708819783,563.0493005003434
2026-02-18T13:15:00Z,2026-02-18T13:30:00Z,2026-02-18,2026-02-18_58,0.0,100,100,0,88.29767999999996,102.95406857142854,0.040712190476190485,0.0,15.930857142857144,True,True,True,False,0.0,0.0,107.95644069459433,39.321102717551256,0.0,1434.3054102675505,1581.5829536796962
2026-02-18T13:30:00Z,2026-02-18T13:45:00Z,2026-02-18,2026-02-18_59,0.0,100,100,0,102.95406857142854,124.5288571428571,0.05992996825396825,0.0,23.450857142857142,True,True,True,False,0.0,0.0,107.95644069459433,39.321102717551256,0.0,3972.5333275777493,4119.810870989895
2026-02-18T13:45:00Z,2026-02-18T14:00:00Z,2026-02-18,2026-02-18_60,0.0,100,100,0,124.5288571428571,144.22999999999996,0.05472539682539683,0.0,21.414285714285715,True,True,True,False,0.0,0.0,107.95644069459433,39.321102717551256,0.0,2914.6370198035065,3061.914563215652
2026-02-18T14:00:00Z,2026-02-18T14:15:00Z,2026-02-18,2026-02-18_61,-1.0,0,0,99,144.22999999999996,144.45999999999995,0.0006388888888888889,0.0,0.0,True,False,True,False,-2.5,1012.5331109585009,0.0,0.0,0.0,0.0,1010.0331109585009
2026-02-18T14:15:00Z,2026-02-18T14:30:00Z,2026-02-18,2026-02-18_62,4.4529597400726387e-14,0,0,99,144.45999999999995,144.45999999999995,3.361231687856762e-17,0.0,0.0,True,False,True,False,7.329571732159563e-13,1012.5331109585009,0.0,0.0,0.0,0.0,1012.5331109585015
2026-02-18T14:30:00Z,2026-02-18T14:45:00Z,2026-02-18,2026-02-18_63,0.0,0,0,99,144.45999999999995,144.45999999999995,0.0,0.0,0.0,True,False,True,False,0.0,1012.5331109585009,0.0,0.0,0.0,0.0,1012.5331109585009
2026-02-18T14:45:00Z,2026-02-18T15:00:00Z,2026-02-18,2026-02-18_64,0.9999999999999947,0,0,99,144.45999999999995,144.18826086956517,0.0007548309178743921,0.0,0.0,True,False,True,False,36.7999999999998,1012.5331109585009,0.0,0.0,0.0,0.0,1049.3331109585006
2026-02-18T15:00:00Z,2026-02-18T15:15:00Z,2026-02-18,2026-02-18_65,0.0,100,100,0,144.18826086956517,156.38107776397513,0.038834429261559694,0.8222857142857143,14.224571428571428,True,True,True,False,0.0,0.0,95.8893358186991,39.173942901991566,134.04830239239814,1404.725620776163,1673.8372018892517
2026-02-18T15:15:00Z,2026-02-18T15:30:00Z,2026-02-18,2026-02-18_66,0.0,100,100,0,156.38107776397513,157.5033356521739,0.003141537612146308,0.004,1.2245714285714284,True,True,True,False,0.0,0.0,95.8893358186991,39.173942901991566,0.4701265574413814,-72.77075483174728,62.76265044638476
2026-02-18T15:30:00Z,2026-02-18T15:45:00Z,2026-02-18,2026-02-18_67,0.0,100,100,0,157.5033356521739,153.3103518012422,0.01972273291925466,5.194857142857143,1.58,True,True,True,False,0.0,0.0,95.8893358186991,39.173942901991566,890.1089314515564,-76.04585107426665,949.1263590979804
2026-02-18T15:45:00Z,2026-02-18T16:00:00Z,2026-02-18,2026-02-18_68,0.0,100,100,0,153.3103518012422,143.9488611180124,0.026004140786749477,8.612571428571428,0.0,True,True,True,False,0.0,0.0,95.8893358186991,39.173942901991566,1508.458129977155,0.0,1643.5214086978458
2026-02-18T16:00:00Z,2026-02-18T16:15:00Z,2026-02-18,2026-02-18_69,0.0,0,0,100,143.9488611180124,143.9488611180124,0.0,0.0,0.0,True,True,True,False,0.0,1022.7607181399,0.0,0.0,0.0,0.0,1022.7607181399
2026-02-18T16:15:00Z,2026-02-18T16:30:00Z,2026-02-18,2026-02-18_70,0.0,0,0,100,143.9488611180124,143.9488611180124,0.0,0.0,0.0,True,True,True,False,0.0,1022.7607181399,0.0,0.0,0.0,0.0,1022.7607181399
2026-02-18T16:30:00Z,2026-02-18T16:45:00Z,2026-02-18,2026-02-18_71,0.0,0,0,100,143.9488611180124,143.9488611180124,0.0,0.0,0.0,True,True,True,False,0.0,1022.7607181399,0.0,0.0,0.0,0.0,1022.7607181399
2026-02-18T16:45:00Z,2026-02-18T17:00:00Z,2026-02-18,2026-02-18_72,0.0,0,0,100,143.9488611180124,143.9488611180124,0.0,0.0,0.0,True,True,True,False,0.0,1022.7607181399,0.0,0.0,0.0,0.0,1022.7607181399
2026-02-18T17:00:00Z,2026-02-18T17:15:00Z,2026-02-18,2026-02-18_73,0.0,0,0,100,143.9488611180124,143.9488611180124,0.0,0.0,0.0,True,True,True,False,0.0,1022.7607181399,0.0,0.0,0.0,0.0,1022.7607181399
2026-02-18T17:15:00Z,2026-02-18T17:30:00Z,2026-02-18,2026-02-18_74,0.0,0,0,100,143.9488611180124,143.9488611180124,0.0,0.0,0.0,True,True,True,False,0.0,1022.7607181399,0.0,0.0,0.0,0.0,1022.7607181399
2026-02-18T17:30:00Z,2026-02-18T17:45:00Z,2026-02-18,2026-02-18_75,0.0,0,0,100,143.9488611180124,143.9488611180124,0.0,0.0,0.0,True,True,True,False,0.0,1022.7607181399,0.0,0.0,0.0,0.0,1022.7607181399
2026-02-18T17:45:00Z,2026-02-18T18:00:00Z,2026-02-18,2026-02-18_76,0.0,0,0,100,143.9488611180124,143.9488611180124,0.0,0.0,0.0,True,True,True,False,0.0,1022.7607181399,0.0,0.0,0.0,0.0,1022.7607181399
2026-02-18T18:00:00Z,2026-02-18T18:15:00Z,2026-02-18,2026-02-18_77,0.0,100,65,0,143.9488611180124,118.7991716770186,0.06986024844720497,23.137714285714285,0.0,True,True,True,False,0.0,0.0,95.8893358186991,25.501324438340035,13792.851606845034,0.0,13914.242267102072
2026-02-18T18:15:00Z,2026-02-18T18:30:00Z,2026-02-18,2026-02-18_78,-0.24439116036242226,100,65,0,118.7991716770186,92.74468998757756,0.07238566591242629,24.030857142857144,0.0,True,True,True,False,-8.231094281006381,0.0,95.8893358186991,25.501324438340035,13563.635344592229,0.0,13676.794910568262
2026-02-18T18:30:00Z,2026-02-18T18:45:00Z,2026-02-18,2026-02-18_79,-35.0,100,65,0,92.74468998757756,75.20683229813656,0.04893400469289165,24.878285714285713,0.0,True,True,True,False,-1123.4125,0.0,95.8893358186991,25.501324438340035,17687.44336152261,0.0,16685.42152177965
2026-02-18T18:45:00Z,2026-02-18T19:00:00Z,2026-02-18,2026-02-18_80,0.0,100,65,0,75.20683229813656,64.34782608695645,0.030163906142167008,9.990285714285713,0.0,True,True,True,False,0.0,0.0,95.8893358186991,25.501324438340035,1743.2416398929238,0.0,1864.632300149963
2026-02-18T19:00:00Z,2026-02-18T19:15:00Z,2026-02-18,2026-02-18_81,0.0,0,0,100,64.34782608695645,64.34782608695645,0.0,0.0,0.0,True,True,True,False,0.0,1022.7607181399,0.0,0.0,0.0,0.0,1022.7607181399
2026-02-18T19:15:00Z,2026-02-18T19:30:00Z,2026-02-18,2026-02-18_82,0.0,0,0,100,64.34782608695645,64.34782608695645,0.0,0.0,0.0,True,True,True,False,0.0,1022.7607181399,0.0,0.0,0.0,0.0,1022.7607181399
2026-02-18T19:30:00Z,2026-02-18T19:45:00Z,2026-02-18,2026-02-18_83,0.0,0,0,100,64.34782608695645,64.34782608695645,0.0,0.0,0.0,True,True,True,False,0.0,1022.7607181399,0.0,0.0,0.0,0.0,1022.7607181399
2026-02-18T19:45:00Z,2026-02-18T20:00:00Z,2026-02-18,2026-02-18_84,0.0,0,0,100,64.34782608695645,64.34782608695645,0.0,0.0,0.0,True,True,True,False,0.0,1022.7607181399,0.0,0.0,0.0,0.0,1022.7607181399
2026-02-18T20:00:00Z,2026-02-18T20:15:00Z,2026-02-18,2026-02-18_85,0.0,0,0,100,64.34782608695645,64.34782608695645,0.0,0.0,0.0,True,True,True,False,0.0,1022.7607181399,0.0,0.0,0.0,0.0,1022.7607181399
2026-02-18T20:15:00Z,2026-02-18T20:30:00Z,2026-02-18,2026-02-18_86,0.0,0,0,100,64.34782608695645,64.34782608695645,0.0,0.0,0.0,True,True,True,False,0.0,1022.7607181399,0.0,0.0,0.0,0.0,1022.7607181399
2026-02-18T20:30:00Z,2026-02-18T20:45:00Z,2026-02-18,2026-02-18_87,0.0,0,0,100,64.34782608695645,64.34782608695645,0.0,0.0,0.0,True,True,True,False,0.0,1022.7607181399,0.0,0.0,0.0,0.0,1022.7607181399
2026-02-18T20:45:00Z,2026-02-18T21:00:00Z,2026-02-18,2026-02-18_88,0.0,0,0,100,64.34782608695645,64.34782608695645,0.0,0.0,0.0,True,True,True,False,0.0,1022.7607181399,0.0,0.0,0.0,0.0,1022.7607181399
2026-02-18T21:00:00Z,2026-02-18T21:15:00Z,2026-02-18,2026-02-18_89,0.0,0,0,100,64.34782608695645,64.34782608695645,0.0,0.0,0.0,True,True,True,False,0.0,1022.7607181399,0.0,0.0,0.0,0.0,1022.7607181399
2026-02-18T21:15:00Z,2026-02-18T21:30:00Z,2026-02-18,2026-02-18_90,0.0,0,0,100,64.34782608695645,64.34782608695645,0.0,0.0,0.0,True,True,True,False,0.0,1022.7607181399,0.0,0.0,0.0,0.0,1022.7607181399
2026-02-18T21:30:00Z,2026-02-18T21:45:00Z,2026-02-18,2026-02-18_91,0.0,0,0,100,64.34782608695645,64.34782608695645,0.0,0.0,0.0,True,True,True,False,0.0,1022.7607181399,0.0,0.0,0.0,0.0,1022.7607181399
2026-02-18T21:45:00Z,2026-02-18T22:00:00Z,2026-02-18,2026-02-18_92,0.0,0,0,100,64.34782608695645,64.34782608695645,0.0,0.0,0.0,True,True,True,False,0.0,1022.7607181399,0.0,0.0,0.0,0.0,1022.7607181399
2026-02-18T22:00:00Z,2026-02-18T22:15:00Z,2026-02-19,2026-02-18_93,0.0,0,0,100,64.34782608695645,64.34782608695645,0.0,0.0,0.0,True,True,True,False,0.0,1023.2425747433305,0.0,0.0,0.0,0.0,1023.2425747433305
2026-02-18T22:15:00Z,2026-02-18T22:30:00Z,2026-02-19,2026-02-18_94,0.0,0,0,100,64.34782608695645,64.34782608695645,0.0,0.0,0.0,True,True,True,False,0.0,1023.2425747433305,0.0,0.0,0.0,0.0,1023.2425747433305
2026-02-18T22:30:00Z,2026-02-18T22:45:00Z,2026-02-19,2026-02-18_95,0.0,0,0,100,64.34782608695645,64.34782608695645,0.0,0.0,0.0,True,True,True,False,0.0,1023.2425747433305,0.0,0.0,0.0,0.0,1023.2425747433305
2026-02-18T22:45:00Z,2026-02-18T23:00:00Z,2026-02-19,2026-02-18_96,0.0,0,0,100,64.34782608695645,64.34782608695645,0.0,0.0,0.0,True,True,True,False,0.0,1023.2425747433305,0.0,0.0,0.0,0.0,1023.2425747433305
2026-02-18T23:00:00Z,2026-02-18T23:15:00Z,2026-02-19,2026-02-19_1,-31.0,100,69,0,64.34782608695645,64.66379614409931,0.029134837460317455,6.781714285714285,0.22434857142857142,True,True,True,False,-765.0024999999999,0.0,104.97438212834454,26.148779961131503,1493.698498262696,-13.843056873077257,845.9761034790947
2026-02-18T23:15:00Z,2026-02-18T23:30:00Z,2026-02-19,2026-02-19_2,-31.0,100,69,0,64.66379614409931,49.806739686956455,0.04722801777777777,21.23942857142857,0.0,True,True,True,False,-733.2275,0.0,104.97438212834454,26.148779961131503,5719.031246568158,0.0,5116.926908657634
2026-02-18T23:30:00Z,2026-02-18T23:45:00Z,2026-02-19,2026-02-19_3,-31.0,100,69,0,49.806739686956455,52.98276825838503,0.027127063492063494,4.393142857142857,0.6454457142857143,True,True,True,False,-741.6750000000001,0.0,104.97438212834454,26.148779961131503,684.2647064531237,-35.777187335488954,37.93568120711075
2026-02-18T23:45:00Z,2026-02-19T00:00:00Z,2026-02-19,2026-02-19_4,-28.651786335403774,100,69,0,52.98276825838503,64.34782608695647,0.03156960507936511,0.0,5.190377142857143,True,True,True,False,-677.6863762981377,0.0,104.97438212834454,26.148779961131503,0.0,-246.46675153048201,-793.0299657391437
2026-02-19T00:00:00Z,2026-02-19T00:15:00Z,2026-02-19,2026-02-19_5,0.0,0,0,100,64.34782608695647,64.34782608695647,0.0,0.0,0.0,True,True,True,False,0.0,1023.2425747433305,0.0,0.0,0.0,0.0,1023.2425747433305
2026-02-19T00:15:00Z,2026-02-19T00:30:00Z,2026-02-19,2026-02-19_6,0.0,0,0,100,64.34782608695647,64.34782608695647,0.0,0.0,0.0,True,True,True,False,0.0,1023.2425747433305,0.0,0.0,0.0,0.0,1023.2425747433305
2026-02-19T00:30:00Z,2026-02-19T00:45:00Z,2026-02-19,2026-02-19_7,0.0,0,0,100,64.34782608695647,64.34782608695647,0.0,0.0,0.0,True,True,True,False,0.0,1023.2425747433305,0.0,0.0,0.0,0.0,1023.2425747433305
2026-02-19T00:45:00Z,2026-02-19T01:00:00Z,2026-02-19,2026-02-19_8,0.0,0,0,100,64.34782608695647,64.34782608695647,0.0,0.0,0.0,True,True,True,False,0.0,1023.2425747433305,0.0,0.0,0.0,0.0,1023.2425747433305
2026-02-19T01:00:00Z,2026-02-19T01:15:00Z,2026-02-19,2026-02-19_9,0.0,0,0,100,64.34782608695647,64.34782608695647,0.0,0.0,0.0,True,True,True,False,0.0,1023.2425747433305,0.0,0.0,0.0,0.0,1023.2425747433305
2026-02-19T01:15:00Z,2026-02-19T01:30:00Z,2026-02-19,2026-02-19_10,0.0,0,0,100,64.34782608695647,64.34782608695647,0.0,0.0,0.0,True,True,True,False,0.0,1023.2425747433305,0.0,0.0,0.0,0.0,1023.2425747433305
2026-02-19T01:30:00Z,2026-02-19T01:45:00Z,2026-02-19,2026-02-19_11,0.0,0,0,100,64.34782608695647,64.34782608695647,0.0,0.0,0.0,True,True,True,False,0.0,1023.2425747433305,0.0,0.0,0.0,0.0,1023.2425747433305
2026-02-19T01:45:00Z,2026-02-19T02:00:00Z,2026-02-19,2026-02-19_12,0.0,0,0,100,64.34782608695647,64.34782608695647,0.0,0.0,0.0,True,True,True,False,0.0,1023.2425747433305,0.0,0.0,0.0,0.0,1023.2425747433305
2026-02-19T02:00:00Z,2026-02-19T02:15:00Z,2026-02-19,2026-02-19_13,0.0,0,0,100,64.34782608695647,64.34782608695647,0.0,0.0,0.0,True,True,True,False,0.0,1023.2425747433305,0.0,0.0,0.0,0.0,1023.2425747433305
2026-02-19T02:15:00Z,2026-02-19T02:30:00Z,2026-02-19,2026-02-19_14,0.0,0,0,100,64.34782608695647,64.34782608695647,0.0,0.0,0.0,True,True,True,False,0.0,1023.2425747433305,0.0,0.0,0.0,0.0,1023.2425747433305
2026-02-19T02:30:00Z,2026-02-19T02:45:00Z,2026-02-19,2026-02-19_15,0.0,0,0,100,64.34782608695647,64.34782608695647,0.0,0.0,0.0,True,True,True,False,0.0,1023.2425747433305,0.0,0.0,0.0,0.0,1023.2425747433305
2026-02-19T02:45:00Z,2026-02-19T03:00:00Z,2026-02-19,2026-02-19_16,0.0,0,0,100,64.34782608695647,64.34782608695647,0.0,0.0,0.0,True,True,True,False,0.0,1023.2425747433305,0.0,0.0,0.0,0.0,1023.2425747433305
2026-02-19T03:00:00Z,2026-02-19T03:15:00Z,2026-02-19,2026-02-19_17,0.0,0,0,100,64.34782608695647,64.34782608695647,0.0,0.0,0.0,True,True,True,False,0.0,1023.2425747433305,0.0,0.0,0.0,0.0,1023.2425747433305
2026-02-19T03:15:00Z,2026-02-19T03:30:00Z,2026-02-19,2026-02-19_18,0.0,0,0,100,64.34782608695647,64.34782608695647,0.0,0.0,0.0,True,True,True,False,0.0,1023.2425747433305,0.0,0.0,0.0,0.0,1023.2425747433305
2026-02-19T03:30:00Z,2026-02-19T03:45:00Z,2026-02-19,2026-02-19_19,0.0,0,0,100,64.34782608695647,64.34782608695647,0.0,0.0,0.0,True,True,True,False,0.0,1023.2425747433305,0.0,0.0,0.0,0.0,1023.2425747433305
2026-02-19T03:45:00Z,2026-02-19T04:00:00Z,2026-02-19,2026-02-19_20,0.0,0,0,100,64.34782608695647,64.34782608695647,0.0,0.0,0.0,True,True,True,False,0.0,1023.2425747433305,0.0,0.0,0.0,0.0,1023.2425747433305
2026-02-19T04:00:00Z,2026-02-19T04:15:00Z,2026-02-19,2026-02-19_21,0.0,0,0,100,64.34782608695647,64.34782608695647,0.0,0.0,0.0,True,True,True,False,0.0,1023.2425747433305,0.0,0.0,0.0,0.0,1023.2425747433305
2026-02-19T04:15:00Z,2026-02-19T04:30:00Z,2026-02-19,2026-02-19_22,0.0,0,0,100,64.34782608695647,64.34782608695647,0.0,0.0,0.0,True,True,True,False,0.0,1023.2425747433305,0.0,0.0,0.0,0.0,1023.2425747433305
2026-02-19T04:30:00Z,2026-02-19T04:45:00Z,2026-02-19,2026-02-19_23,0.0,0,0,100,64.34782608695647,64.34782608695647,0.0,0.0,0.0,True,True,True,False,0.0,1023.2425747433305,0.0,0.0,0.0,0.0,1023.2425747433305
2026-02-19T04:45:00Z,2026-02-19T05:00:00Z,2026-02-19,2026-02-19_24,0.0,0,0,100,64.34782608695647,64.34782608695647,0.0,0.0,0.0,True,True,True,False,0.0,1023.2425747433305,0.0,0.0,0.0,0.0,1023.2425747433305
2026-02-19T05:00:00Z,2026-02-19T05:15:00Z,2026-02-19,2026-02-19_25,0.0,0,0,100,64.34782608695647,64.34782608695647,0.0,0.0,0.0,True,True,True,False,0.0,1023.2425747433305,0.0,0.0,0.0,0.0,1023.2425747433305
2026-02-19T05:15:00Z,2026-02-19T05:30:00Z,2026-02-19,2026-02-19_26,0.0,0,0,100,64.34782608695647,64.34782608695647,0.0,0.0,0.0,True,True,True,False,0.0,1023.2425747433305,0.0,0.0,0.0,0.0,1023.2425747433305
2026-02-19T05:30:00Z,2026-02-19T05:45:00Z,2026-02-19,2026-02-19_27,0.0,0,0,100,64.34782608695647,64.34782608695647,0.0,0.0,0.0,True,True,True,False,0.0,1023.2425747433305,0.0,0.0,0.0,0.0,1023.2425747433305
2026-02-19T05:45:00Z,2026-02-19T06:00:00Z,2026-02-19,2026-02-19_28,0.0,0,0,100,64.34782608695647,64.34782608695647,0.0,0.0,0.0,True,True,True,False,0.0,1023.2425747433305,0.0,0.0,0.0,0.0,1023.2425747433305
2026-02-19T06:00:00Z,2026-02-19T06:15:00Z,2026-02-19,2026-02-19_29,100.00000000000001,0,0,0,64.34782608695647,37.17391304347821,0.07548309178743963,0.0,0.0,True,False,True,False,3533.0000000000005,0.0,0.0,0.0,0.0,0.0,3533.0000000000005
2026-02-19T06:15:00Z,2026-02-19T06:30:00Z,2026-02-19,2026-02-19_30,100.0,0,0,0,37.17391304347821,9.99999999999995,0.0754830917874396,0.0,0.0,True,False,True,False,2873.75,0.0,0.0,0.0,0.0,0.0,2873.75
2026-02-19T06:30:00Z,2026-02-19T06:45:00Z,2026-02-19,2026-02-19_31,7.723290606088045e-15,0,0,0,9.99999999999995,9.999999999999948,5.82977853720414e-18,0.0,0.0,True,False,True,False,1.602389718498117e-13,0.0,0.0,0.0,0.0,0.0,1.602389718498117e-13
2026-02-19T06:45:00Z,2026-02-19T07:00:00Z,2026-02-19,2026-02-19_32,-100.0,0,0,0,9.999999999999948,32.99999999999995,0.06388888888888888,0.0,0.0,True,False,True,False,-348.0,0.0,0.0,0.0,0.0,0.0,-348.0
2026-02-19T07:00:00Z,2026-02-19T07:15:00Z,2026-02-19,2026-02-19_33,0.0,100,0,0,32.99999999999995,32.99999999999995,0.0,0.0,0.0,True,True,True,False,0.0,0.0,99.29133703696432,0.0,0.0,0.0,99.29133703696432
2026-02-19T07:15:00Z,2026-02-19T07:30:00Z,2026-02-19,2026-02-19_34,-100.0,100,0,0,32.99999999999995,55.99999999999995,0.06388888888888888,0.0,0.0,True,True,True,False,-344.75,0.0,99.29133703696432,0.0,0.0,0.0,-245.4586629630357
2026-02-19T07:30:00Z,2026-02-19T07:45:00Z,2026-02-19,2026-02-19_35,-100.0,100,0,0,55.99999999999995,78.99999999999996,0.0638888888888889,0.0,0.0,True,True,True,False,-250.0,0.0,99.29133703696432,0.0,0.0,0.0,-150.7086629630357
2026-02-19T07:45:00Z,2026-02-19T08:00:00Z,2026-02-19,2026-02-19_36,-100.0,100,0,0,78.99999999999996,88.60585142857138,0.026682920634920636,14.558857142857143,0.0,True,True,True,False,-210.75,0.0,99.29133703696432,0.0,19520.337661888963,0.0,19408.878998925928
2026-02-19T08:00:00Z,2026-02-19T08:15:00Z,2026-02-19,2026-02-19_37,0.0,100,100,0,88.60585142857138,86.71842385093163,0.03822850517598344,7.198857142857143,6.453714285714287,True,True,True,False,0.0,0.0,97.37735812017824,35.0699829214189,5182.059321063303,582.3647006761324,5896.871362781033
2026-02-19T08:15:00Z,2026-02-19T08:30:00Z,2026-02-19,2026-02-19_38,0.0,100,100,0,86.71842385093163,96.27748670807449,0.026552952380952382,0.0,10.390285714285714,True,True,True,False,0.0,0.0,97.37735812017824,35.0699829214189,0.0,731.3809840515777,863.8283250931748
2026-02-19T08:30:00Z,2026-02-19T08:45:00Z,2026-02-19,2026-02-19_39,0.0,100,100,0,96.27748670807449,103.49922385093163,0.020060380952380955,0.0,7.8497142857142865,True,True,True,False,0.0,0.0,97.37735812017824,35.0699829214189,0.0,504.34425842781707,636.7915994694142
2026-02-19T08:45:00Z,2026-02-19T09:00:00Z,2026-02-19,2026-02-19_40,0.0,100,100,0,103.49922385093163,107.7816924223602,0.011895746031746033,0.0,4.654857142857143,True,True,True,False,0.0,0.0,97.37735812017824,35.0699829214189,0.0,143.97517643660592,276.4225174782031
2026-02-19T09:00:00Z,2026-02-19T09:15:00Z,2026-02-19,2026-02-19_41,0.0,100,100,0,107.7816924223602,100.4979428571428,0.020343621808143548,6.719428571428572,0.021714285714285714,True,True,True,False,0.0,0.0,107.38894014644393,35.09942875090792,1086.075244470494,-0.9615607972248006,1227.602052570621
2026-02-19T09:15:00Z,2026-02-19T09:30:00Z,2026-02-19,2026-02-19_42,0.0,100,100,0,100.4979428571428,106.44650236024839,0.017565874396135266,0.17257142857142857,6.669714285714286,True,True,True,False,0.0,0.0,107.38894014644393,35.09942875090792,18.63108122281519,484.4180975750659,645.5375476952329
2026-02-19T09:30:00Z,2026-02-19T09:45:00Z,2026-02-19,2026-02-19_43,0.0,100,100,0,106.44650236024839,119.3159880745341,0.03574857142857143,0.0,13.988571428571428,True,True,True,False,0.0,0.0,107.38894014644393,35.09942875090792,0.0,1734.6009809667764,1877.0893498641283
2026-02-19T09:45:00Z,2026-02-19T10:00:00Z,2026-02-19,2026-02-19_44,0.0,100,100,0,119.3159880745341,135.9937480745341,0.04632711111111111,0.0,18.128,True,True,True,False,0.0,0.0,107.38894014644393,35.09942875090792,0.0,1726.9872770459945,1869.4756459433463
2026-02-19T10:00:00Z,2026-02-19T10:15:00Z,2026-02-19,2026-02-19_45,0.0,0,0,100,135.9937480745341,135.9937480745341,0.0,0.0,0.0,True,True,True,False,0.0,1023.2425747433305,0.0,0.0,0.0,0.0,1023.2425747433305
2026-02-19T10:15:00Z,2026-02-19T10:30:00Z,2026-02-19,2026-02-19_46,0.0,0,0,100,135.9937480745341,135.9937480745341,0.0,0.0,0.0,True,True,True,False,0.0,1023.2425747433305,0.0,0.0,0.0,0.0,1023.2425747433305
2026-02-19T10:30:00Z,2026-02-19T10:45:00Z,2026-02-19,2026-02-19_47,0.0,0,0,100,135.9937480745341,135.9937480745341,0.0,0.0,0.0,True,True,True,False,0.0,1023.2425747433305,0.0,0.0,0.0,0.0,1023.2425747433305
2026-02-19T10:45:00Z,2026-02-19T11:00:00Z,2026-02-19,2026-02-19_48,0.0,0,0,100,135.9937480745341,135.9937480745341,0.0,0.0,0.0,True,True,True,False,0.0,1023.2425747433305,0.0,0.0,0.0,0.0,1023.2425747433305
2026-02-19T11:00:00Z,2026-02-19T11:15:00Z,2026-02-19,2026-02-19_49,0.0,0,0,100,135.9937480745341,135.9937480745341,0.0,0.0,0.0,True,True,True,False,0.0,1023.2425747433305,0.0,0.0,0.0,0.0,1023.2425747433305
2026-02-19T11:15:00Z,2026-02-19T11:30:00Z,2026-02-19,2026-02-19_50,0.0,0,0,100,135.9937480745341,135.9937480745341,0.0,0.0,0.0,True,True,True,False,0.0,1023.2425747433305,0.0,0.0,0.0,0.0,1023.2425747433305
2026-02-19T11:30:00Z,2026-02-19T11:45:00Z,2026-02-19,2026-02-19_51,0.0,0,0,100,135.9937480745341,135.9937480745341,0.0,0.0,0.0,True,True,True,False,0.0,1023.2425747433305,0.0,0.0,0.0,0.0,1023.2425747433305
2026-02-19T11:45:00Z,2026-02-19T12:00:00Z,2026-02-19,2026-02-19_52,0.0,0,0,100,135.9937480745341,135.9937480745341,0.0,0.0,0.0,True,True,True,False,0.0,1023.2425747433305,0.0,0.0,0.0,0.0,1023.2425747433305
2026-02-19T12:00:00Z,2026-02-19T12:15:00Z,2026-02-19,2026-02-19_53,0.0,0,0,100,135.9937480745341,135.9937480745341,0.0,0.0,0.0,True,True,True,False,0.0,1023.2425747433305,0.0,0.0,0.0,0.0,1023.2425747433305
2026-02-19T12:15:00Z,2026-02-19T12:30:00Z,2026-02-19,2026-02-19_54,0.0,0,0,100,135.9937480745341,135.9937480745341,0.0,0.0,0.0,True,True,True,False,0.0,1023.2425747433305,0.0,0.0,0.0,0.0,1023.2425747433305
2026-02-19T12:30:00Z,2026-02-19T12:45:00Z,2026-02-19,2026-02-19_55,0.0,0,0,100,135.9937480745341,135.9937480745341,0.0,0.0,0.0,True,True,True,False,0.0,1023.2425747433305,0.0,0.0,0.0,0.0,1023.2425747433305
2026-02-19T12:45:00Z,2026-02-19T13:00:00Z,2026-02-19,2026-02-19_56,0.0,0,0,100,135.9937480745341,135.9937480745341,0.0,0.0,0.0,True,True,True,False,0.0,1023.2425747433305,0.0,0.0,0.0,0.0,1023.2425747433305
2026-02-19T13:00:00Z,2026-02-19T13:15:00Z,2026-02-19,2026-02-19_57,-100.0,100,0,0,135.9937480745341,158.26721093167694,0.06187073015873016,0.7897142857142856,0.0,True,True,True,False,-275.0,0.0,107.68339844133409,0.0,107.06324975391698,0.0,-60.25335180474893
2026-02-19T13:15:00Z,2026-02-19T13:30:00Z,2026-02-19,2026-02-19_58,-100.0,100,0,0,158.26721093167694,178.1702280745341,0.055286158730158734,3.366285714285714,0.0,True,True,True,False,-275.0,0.0,107.68339844133409,0.0,392.4606347399092,0.0,225.1440331812433
2026-02-19T13:30:00Z,2026-02-19T13:45:00Z,2026-02-19,2026-02-19_59,-57.829132738646166,100,0,0,178.1702280745341,177.21925465838507,0.03400253344980726,14.389714285714286,0.0,True,True,True,False,-509.3300865956261,0.0,107.68339844133409,0.0,2408.444566515325,0.0,2006.7978783610329
2026-02-19T13:45:00Z,2026-02-19T14:00:00Z,2026-02-19,2026-02-19_60,0.0,100,0,0,177.21925465838507,166.99999999999997,0.028386818495514148,9.401714285714286,0.0,True,True,True,False,0.0,0.0,107.68339844133409,0.0,1488.8948300414766,0.0,1596.5782284828106
2026-02-19T14:00:00Z,2026-02-19T14:15:00Z,2026-02-19,2026-02-19_61,-100.0,0,0,0,166.99999999999997,190.0,0.0638888888888889,0.0,0.0,True,True,True,False,-229.75,0.0,0.0,0.0,0.0,0.0,-229.75
2026-02-19T14:15:00Z,2026-02-19T14:30:00Z,2026-02-19,2026-02-19_62,0.0,0,0,0,190.0,190.0,0.0,0.0,0.0,True,True,True,False,0.0,0.0,0.0,0.0,0.0,0.0,0.0
2026-02-19T14:30:00Z,2026-02-19T14:45:00Z,2026-02-19,2026-02-19_63,100.0,0,0,0,190.0,162.82608695652175,0.07548309178743962,0.0,0.0,True,True,True,False,3320.5,0.0,0.0,0.0,0.0,0.0,3320.5
2026-02-19T14:45:00Z,2026-02-19T15:00:00Z,2026-02-19,2026-02-19_64,100.0,0,0,0,162.82608695652175,135.65217391304347,0.07548309178743962,0.0,0.0,True,True,True,False,3446.75,0.0,0.0,0.0,0.0,0.0,3446.75
2026-02-19T15:00:00Z,2026-02-19T15:15:00Z,2026-02-19,2026-02-19_65,65.89079960693728,0,68,32,135.65217391304347,119.2956273291925,0.04566179354905267,0.0,1.4314971428571428,True,True,True,False,1991.8788721177139,327.4376239178657,0.0,25.209163542136977,0.0,-101.33305838294721,2243.1926011947694
2026-02-19T15:15:00Z,2026-02-19T15:30:00Z,2026-02-19,2026-02-19_66,68.0,0,68,32,119.2956273291925,100.87142857142852,0.0511783298826777,0.0,0.04973714285714286,True,True,True,False,2603.3799999999997,327.4376239178657,0.0,25.209163542136977,0.0,-3.915234150431732,2952.111553309571
2026-02-19T15:30:00Z,2026-02-19T15:45:00Z,2026-02-19,2026-02-19_67,68.0,0,68,32,100.87142857142852,82.77751552795026,0.050260869565217386,0.0,0.35359999999999997,True,True,True,False,2693.6499999999996,327.4376239178657,0.0,25.209163542136977,0.0,-27.19494348363793,3019.1018439763643
2026-02-19T15:45:00Z,2026-02-19T16:00:00Z,2026-02-19,2026-02-19_68,68.0,0,68,32,82.77751552795026,64.34782608695646,0.0511935817805383,0.0,0.044685714285714294,True,True,True,False,2748.22,327.4376239178657,0.0,25.209163542136977,0.0,-3.5175931820285093,3097.3491942779738
2026-02-19T16:00:00Z,2026-02-19T16:15:00Z,2026-02-19,2026-02-19_69,0.0,0,0,100,64.34782608695646,64.34782608695646,0.0,0.0,0.0,True,True,True,False,0.0,1023.2425747433305,0.0,0.0,0.0,0.0,1023.2425747433305
2026-02-19T16:15:00Z,2026-02-19T16:30:00Z,2026-02-19,2026-02-19_70,0.0,0,0,100,64.34782608695646,64.34782608695646,0.0,0.0,0.0,True,True,True,False,0.0,1023.2425747433305,0.0,0.0,0.0,0.0,1023.2425747433305
2026-02-19T16:30:00Z,2026-02-19T16:45:00Z,2026-02-19,2026-02-19_71,0.0,0,0,100,64.34782608695646,64.34782608695646,0.0,0.0,0.0,True,True,True,False,0.0,1023.2425747433305,0.0,0.0,0.0,0.0,1023.2425747433305
2026-02-19T16:45:00Z,2026-02-19T17:00:00Z,2026-02-19,2026-02-19_72,0.0,0,0,100,64.34782608695646,64.34782608695646,0.0,0.0,0.0,True,True,True,False,0.0,1023.2425747433305,0.0,0.0,0.0,0.0,1023.2425747433305
2026-02-19T17:00:00Z,2026-02-19T17:15:00Z,2026-02-19,2026-02-19_73,0.0,0,0,100,64.34782608695646,64.34782608695646,0.0,0.0,0.0,True,False,True,False,0.0,1023.2425747433305,0.0,0.0,0.0,0.0,1023.2425747433305
2026-02-19T17:15:00Z,2026-02-19T17:30:00Z,2026-02-19,2026-02-19_74,0.0,0,0,100,64.34782608695646,64.34782608695646,0.0,0.0,0.0,True,False,True,False,0.0,1023.2425747433305,0.0,0.0,0.0,0.0,1023.2425747433305
2026-02-19T17:30:00Z,2026-02-19T17:45:00Z,2026-02-19,2026-02-19_75,0.0,0,0,100,64.34782608695646,64.34782608695646,0.0,0.0,0.0,True,False,True,False,0.0,1023.2425747433305,0.0,0.0,0.0,0.0,1023.2425747433305
2026-02-19T17:45:00Z,2026-02-19T18:00:00Z,2026-02-19,2026-02-19_76,0.0,0,0,100,64.34782608695646,64.34782608695646,0.0,0.0,0.0,True,False,True,False,0.0,1023.2425747433305,0.0,0.0,0.0,0.0,1023.2425747433305
2026-02-19T18:00:00Z,2026-02-19T18:15:00Z,2026-02-19,2026-02-19_77,0.0,0,0,100,64.34782608695646,64.34782608695646,0.0,0.0,0.0,True,False,True,False,0.0,1023.2425747433305,0.0,0.0,0.0,0.0,1023.2425747433305
2026-02-19T18:15:00Z,2026-02-19T18:30:00Z,2026-02-19,2026-02-19_78,0.0,0,0,100,64.34782608695646,64.34782608695646,0.0,0.0,0.0,True,False,True,False,0.0,1023.2425747433305,0.0,0.0,0.0,0.0,1023.2425747433305
2026-02-19T18:30:00Z,2026-02-19T18:45:00Z,2026-02-19,2026-02-19_79,0.0,0,0,100,64.34782608695646,64.34782608695646,0.0,0.0,0.0,True,False,True,False,0.0,1023.2425747433305,0.0,0.0,0.0,0.0,1023.2425747433305
2026-02-19T18:45:00Z,2026-02-19T19:00:00Z,2026-02-19,2026-02-19_80,0.0,0,0,100,64.34782608695646,64.34782608695646,0.0,0.0,0.0,True,False,True,False,0.0,1023.2425747433305,0.0,0.0,0.0,0.0,1023.2425747433305
2026-02-19T19:00:00Z,2026-02-19T19:15:00Z,2026-02-19,2026-02-19_81,0.0,0,0,100,64.34782608695646,64.34782608695646,0.0,0.0,0.0,True,True,True,False,0.0,1023.2425747433305,0.0,0.0,0.0,0.0,1023.2425747433305
2026-02-19T19:15:00Z,2026-02-19T19:30:00Z,2026-02-19,2026-02-19_82,0.0,0,0,100,64.34782608695646,64.34782608695646,0.0,0.0,0.0,True,True,True,False,0.0,1023.2425747433305,0.0,0.0,0.0,0.0,1023.2425747433305
2026-02-19T19:30:00Z,2026-02-19T19:45:00Z,2026-02-19,2026-02-19_83,0.0,0,0,100,64.34782608695646,64.34782608695646,0.0,0.0,0.0,True,True,True,False,0.0,1023.2425747433305,0.0,0.0,0.0,0.0,1023.2425747433305
2026-02-19T19:45:00Z,2026-02-19T20:00:00Z,2026-02-19,2026-02-19_84,0.0,0,0,100,64.34782608695646,64.34782608695646,0.0,0.0,0.0,True,True,True,False,0.0,1023.2425747433305,0.0,0.0,0.0,0.0,1023.2425747433305
2026-02-19T20:00:00Z,2026-02-19T20:15:00Z,2026-02-19,2026-02-19_85,0.0,0,0,100,64.34782608695646,64.34782608695646,0.0,0.0,0.0,True,True,True,False,0.0,1023.2425747433305,0.0,0.0,0.0,0.0,1023.2425747433305
2026-02-19T20:15:00Z,2026-02-19T20:30:00Z,2026-02-19,2026-02-19_86,0.0,0,0,100,64.34782608695646,64.34782608695646,0.0,0.0,0.0,True,True,True,False,0.0,1023.2425747433305,0.0,0.0,0.0,0.0,1023.2425747433305
2026-02-19T20:30:00Z,2026-02-19T20:45:00Z,2026-02-19,2026-02-19_87,0.0,0,0,100,64.34782608695646,64.34782608695646,0.0,0.0,0.0,True,True,True,False,0.0,1023.2425747433305,0.0,0.0,0.0,0.0,1023.2425747433305
2026-02-19T20:45:00Z,2026-02-19T21:00:00Z,2026-02-19,2026-02-19_88,0.0,0,0,100,64.34782608695646,64.34782608695646,0.0,0.0,0.0,True,True,True,False,0.0,1023.2425747433305,0.0,0.0,0.0,0.0,1023.2425747433305
2026-02-19T21:00:00Z,2026-02-19T21:15:00Z,2026-02-19,2026-02-19_89,0.0,0,0,100,64.34782608695646,64.34782608695646,0.0,0.0,0.0,True,True,True,False,0.0,1023.2425747433305,0.0,0.0,0.0,0.0,1023.2425747433305
2026-02-19T21:15:00Z,2026-02-19T21:30:00Z,2026-02-19,2026-02-19_90,0.0,0,0,100,64.34782608695646,64.34782608695646,0.0,0.0,0.0,True,True,True,False,0.0,1023.2425747433305,0.0,0.0,0.0,0.0,1023.2425747433305
2026-02-19T21:30:00Z,2026-02-19T21:45:00Z,2026-02-19,2026-02-19_91,0.0,0,0,100,64.34782608695646,64.34782608695646,0.0,0.0,0.0,True,True,True,False,0.0,1023.2425747433305,0.0,0.0,0.0,0.0,1023.2425747433305
2026-02-19T21:45:00Z,2026-02-19T22:00:00Z,2026-02-19,2026-02-19_92,0.0,0,0,100,64.34782608695646,64.34782608695646,0.0,0.0,0.0,True,True,True,False,0.0,1023.2425747433305,0.0,0.0,0.0,0.0,1023.2425747433305
2026-02-19T22:00:00Z,2026-02-19T22:15:00Z,2026-02-20,2026-02-19_93,0.0,100,0,0,64.34782608695646,48.32236024844714,0.0445151828847481,14.743428571428572,0.0,True,True,True,False,0.0,0.0,106.97464479158491,0.0,4592.382987227075,0.0,4699.35763201866
2026-02-19T22:15:00Z,2026-02-19T22:30:00Z,2026-02-20,2026-02-19_94,0.0,100,0,0,48.32236024844714,47.77080745341608,0.0015320910973084887,0.5074285714285715,0.0,True,True,True,False,0.0,0.0,106.97464479158491,0.0,71.07823937739002,0.0,178.0528841689749
2026-02-19T22:30:00Z,2026-02-19T22:45:00Z,2026-02-20,2026-02-19_95,-99.04589975518054,100,0,0,47.77080745341608,59.19207322236026,0.032435881182911026,12.325714285714286,0.0,True,True,True,False,-2115.620418770656,0.0,106.97464479158491,0.0,2494.3316463503525,0.0,485.68587237128116
2026-02-19T22:45:00Z,2026-02-19T23:00:00Z,2026-02-20,2026-02-19_96,-100.0,100,0,0,59.19207322236026,76.96594750807455,0.04937187301587302,5.6805714285714295,0.0,True,True,True,False,-1924.7499999999998,0.0,106.97464479158491,0.0,948.7354711627961,0.0,-869.0398840456188
2026-02-19T23:00:00Z,2026-02-19T23:15:00Z,2026-02-20,2026-02-20_1,0.0,0,0,100,76.96594750807455,76.96594750807455,0.0,0.0,0.0,True,True,True,False,0.0,1022.9413611743465,0.0,0.0,0.0,0.0,1022.9413611743465
2026-02-19T23:15:00Z,2026-02-19T23:30:00Z,2026-02-20,2026-02-20_2,0.0,0,0,100,76.96594750807455,76.96594750807455,0.0,0.0,0.0,True,True,True,False,0.0,1022.9413611743465,0.0,0.0,0.0,0.0,1022.9413611743465
2026-02-19T23:30:00Z,2026-02-19T23:45:00Z,2026-02-20,2026-02-20_3,0.0,0,0,100,76.96594750807455,76.96594750807455,0.0,0.0,0.0,True,True,True,False,0.0,1022.9413611743465,0.0,0.0,0.0,0.0,1022.9413611743465
2026-02-19T23:45:00Z,2026-02-20T00:00:00Z,2026-02-20,2026-02-20_4,0.0,0,0,100,76.96594750807455,76.96594750807455,0.0,0.0,0.0,True,True,True,False,0.0,1022.9413611743465,0.0,0.0,0.0,0.0,1022.9413611743465
2026-02-20T00:00:00Z,2026-02-20T00:15:00Z,2026-02-20,2026-02-20_5,0.0,0,0,100,76.96594750807455,76.96594750807455,0.0,0.0,0.0,True,True,True,False,0.0,1022.9413611743465,0.0,0.0,0.0,0.0,1022.9413611743465
2026-02-20T00:15:00Z,2026-02-20T00:30:00Z,2026-02-20,2026-02-20_6,0.0,0,0,100,76.96594750807455,76.96594750807455,0.0,0.0,0.0,True,True,True,False,0.0,1022.9413611743465,0.0,0.0,0.0,0.0,1022.9413611743465
2026-02-20T00:30:00Z,2026-02-20T00:45:00Z,2026-02-20,2026-02-20_7,0.0,0,0,100,76.96594750807455,76.96594750807455,0.0,0.0,0.0,True,True,True,False,0.0,1022.9413611743465,0.0,0.0,0.0,0.0,1022.9413611743465
2026-02-20T00:45:00Z,2026-02-20T01:00:00Z,2026-02-20,2026-02-20_8,0.0,0,0,100,76.96594750807455,76.96594750807455,0.0,0.0,0.0,True,True,True,False,0.0,1022.9413611743465,0.0,0.0,0.0,0.0,1022.9413611743465
2026-02-20T01:00:00Z,2026-02-20T01:15:00Z,2026-02-20,2026-02-20_9,0.0,100,100,0,76.96594750807455,79.80217607950313,0.007878412698412699,0.0,3.0828571428571427,True,True,True,False,0.0,0.0,104.85516916555459,35.35403092864432,0.0,-62.23310643356173,77.97609366063718
2026-02-20T01:15:00Z,2026-02-20T01:30:00Z,2026-02-20,2026-02-20_10,0.0,100,100,0,79.80217607950313,95.7323703652174,0.044250539682539676,0.0,17.31542857142857,True,True,True,False,0.0,0.0,104.85516916555459,35.35403092864432,0.0,1233.8415206396553,1374.0507207338542
2026-02-20T01:30:00Z,2026-02-20T01:45:00Z,2026-02-20,2026-02-20_11,0.0,100,100,0,95.7323703652174,111.29561607950312,0.04323123809523809,0.0,16.916571428571427,True,True,True,False,0.0,0.0,104.85516916555459,35.35403092864432,0.0,526.7190104628081,666.928210557007
2026-02-20T01:45:00Z,2026-02-20T02:00:00Z,2026-02-20,2026-02-20_12,0.0,100,100,0,111.29561607950312,119.10615322236026,0.021695936507936508,0.0,8.489714285714285,True,True,True,False,0.0,0.0,104.85516916555459,35.35403092864432,0.0,-127.72058392114205,12.488616173056855
2026-02-20T02:00:00Z,2026-02-20T02:15:00Z,2026-02-20,2026-02-20_13,0.0,44,44,56,119.10615322236026,123.75441379378883,0.012911834920634921,0.0,5.0524571428571425,True,True,True,False,0.0,572.8471622576341,45.92903681607661,15.5557736086035,0.0,13.267707243223844,647.599679925538
2026-02-20T02:15:00Z,2026-02-20T02:30:00Z,2026-02-20,2026-02-20_14,0.0,44,44,56,123.75441379378883,130.12133950807456,0.01768590476190476,0.0,6.920571428571428,True,True,True,False,0.0,572.8471622576341,45.92903681607661,15.5557736086035,0.0,345.40382402745223,979.7357967097664
2026-02-20T02:30:00Z,2026-02-20T02:45:00Z,2026-02-20,2026-02-20_15,0.0,44,44,56,130.12133950807456,132.78029722236028,0.00738599365079365,0.0,2.890171428571428,True,True,True,False,0.0,572.8471622576341,45.92903681607661,15.5557736086035,0.0,-11.154918260011437,623.1770544223027
2026-02-20T02:45:00Z,2026-02-20T03:00:00Z,2026-02-20,2026-02-20_16,0.0,44,44,56,132.78029722236028,132.89308720496896,0.0005759694133885437,0.04349714285714285,0.1739885714285714,True,True,True,False,0.0,572.8471622576341,45.92903681607661,15.5557736086035,4.694918865575903,-9.044086833458557,629.9828047144315
2026-02-20T03:00:00Z,2026-02-20T03:15:00Z,2026-02-20,2026-02-20_17,-100.0,100,0,0,132.89308720496896,155.6770186335404,0.06328869841269841,0.23485714285714285,0.0,True,True,True,False,-907.0,0.0,104.3841745819923,0.0,28.196776378500218,0.0,-774.4190490395075
2026-02-20T03:15:00Z,2026-02-20T03:30:00Z,2026-02-20,2026-02-20_18,0.0,100,0,0,155.6770186335404,155.6236024844721,0.0001483781918564527,0.049142857142857134,0.0,True,True,True,False,0.0,0.0,104.3841745819923,0.0,5.900219348906059,0.0,110.28439393089836
2026-02-20T03:30:00Z,2026-02-20T03:45:00Z,2026-02-20,2026-02-20_19,0.0,100,0,0,155.6236024844721,155.17639751552798,0.0012422360248447203,0.4114285714285714,0.0,True,True,True,False,0.0,0.0,104.3841745819923,0.0,51.145490226862385,0.0,155.52966480885468
2026-02-20T03:45:00Z,2026-02-20T04:00:00Z,2026-02-20,2026-02-20_20,0.0,100,0,0,155.17639751552798,144.00000000000003,0.031045548654244307,10.282285714285715,0.0,True,True,True,False,0.0,0.0,104.3841745819923,0.0,3696.919189665033,0.0,3801.3033642470255
2026-02-20T04:00:00Z,2026-02-20T04:15:00Z,2026-02-20,2026-02-20_21,0.0,0,0,100,144.00000000000003,144.00000000000003,0.0,0.0,0.0,True,False,True,False,0.0,1022.9413611743465,0.0,0.0,0.0,0.0,1022.9413611743465
2026-02-20T04:15:00Z,2026-02-20T04:30:00Z,2026-02-20,2026-02-20_22,0.0,0,0,100,144.00000000000003,144.00000000000003,0.0,0.0,0.0,True,False,True,False,0.0,1022.9413611743465,0.0,0.0,0.0,0.0,1022.9413611743465
2026-02-20T04:30:00Z,2026-02-20T04:45:00Z,2026-02-20,2026-02-20_23,0.0,0,0,100,144.00000000000003,144.00000000000003,0.0,0.0,0.0,True,False,True,False,0.0,1022.9413611743465,0.0,0.0,0.0,0.0,1022.9413611743465
2026-02-20T04:45:00Z,2026-02-20T05:00:00Z,2026-02-20,2026-02-20_24,0.0,0,0,100,144.00000000000003,144.00000000000003,0.0,0.0,0.0,True,False,True,False,0.0,1022.9413611743465,0.0,0.0,0.0,0.0,1022.9413611743465
2026-02-20T05:00:00Z,2026-02-20T05:15:00Z,2026-02-20,2026-02-20_25,0.0,0,0,100,144.00000000000003,144.00000000000003,0.0,0.0,0.0,True,True,True,False,0.0,1022.9413611743465,0.0,0.0,0.0,0.0,1022.9413611743465
2026-02-20T05:15:00Z,2026-02-20T05:30:00Z,2026-02-20,2026-02-20_26,0.0,0,0,100,144.00000000000003,144.00000000000003,0.0,0.0,0.0,True,True,True,False,0.0,1022.9413611743465,0.0,0.0,0.0,0.0,1022.9413611743465
2026-02-20T05:30:00Z,2026-02-20T05:45:00Z,2026-02-20,2026-02-20_27,0.0,0,0,100,144.00000000000003,144.00000000000003,0.0,0.0,0.0,True,True,True,False,0.0,1022.9413611743465,0.0,0.0,0.0,0.0,1022.9413611743465
2026-02-20T05:45:00Z,2026-02-20T06:00:00Z,2026-02-20,2026-02-20_28,0.0,0,0,100,144.00000000000003,144.00000000000003,0.0,0.0,0.0,True,True,True,False,0.0,1022.9413611743465,0.0,0.0,0.0,0.0,1022.9413611743465
2026-02-20T06:00:00Z,2026-02-20T06:15:00Z,2026-02-20,2026-02-20_29,100.0,0,100,0,144.00000000000003,119.0378881987578,0.06933919944789509,0.0,2.0348571428571427,True,True,True,False,4620.25,0.0,0.0,32.55750058874323,0.0,-82.93212911980083,4569.875371468943
2026-02-20T06:15:00Z,2026-02-20T06:30:00Z,2026-02-20,2026-02-20_30,100.0,0,100,0,119.0378881987578,91.86397515527955,0.0754830917874396,0.0,0.0,True,True,True,False,6614.5,0.0,0.0,32.55750058874323,0.0,0.0,6647.057500588743
2026-02-20T06:30:00Z,2026-02-20T06:45:00Z,2026-02-20,2026-02-20_31,100.0,0,100,0,91.86397515527955,65.54720496894414,0.07310213940648723,0.0,0.7885714285714286,True,True,True,False,3315.2500000000005,0.0,0.0,32.55750058874323,0.0,-47.298810177968676,3300.508690410775
2026-02-20T06:45:00Z,2026-02-20T07:00:00Z,2026-02-20,2026-02-20_32,0.0,0,100,0,65.54720496894414,73.71627925465843,0.022691873015873016,0.0,8.879428571428571,True,True,True,False,0.0,0.0,0.0,32.55750058874323,0.0,-258.99436959617816,-226.43686900743492
2026-02-20T07:00:00Z,2026-02-20T07:15:00Z,2026-02-20,2026-02-20_33,0.0,0,100,0,73.71627925465843,74.77349068322987,0.002936698412698413,0.0,1.1491428571428572,True,True,True,False,0.0,0.0,0.0,33.55836407881309,0.0,-69.0750862929362,-35.516722214123114
2026-02-20T07:15:00Z,2026-02-20T07:30:00Z,2026-02-20,2026-02-20_34,100.0,0,100,0,74.77349068322987,49.36355279503112,0.07058316080055209,0.0,1.622857142857143,True,True,True,False,4203.75,0.0,0.0,33.55836407881309,0.0,-86.72680295605171,4150.581561122762
2026-02-20T07:30:00Z,2026-02-20T07:45:00Z,2026-02-20,2026-02-20_35,0.0,0,100,0,49.36355279503112,59.14867279503112,0.027180888888888886,0.0,10.636,True,True,True,False,0.0,0.0,0.0,33.55836407881309,0.0,375.1300251197111,408.6883891985242
2026-02-20T07:45:00Z,2026-02-20T08:00:00Z,2026-02-20,2026-02-20_36,0.0,0,100,0,59.14867279503112,70.61082136645969,0.03183930158730159,0.0,12.458857142857143,True,True,True,False,0.0,0.0,0.0,33.55836407881309,0.0,3003.0232084823883,3036.5815725612015
2026-02-20T08:00:00Z,2026-02-20T08:15:00Z,2026-02-20,2026-02-20_37,0.0,0,0,100,70.61082136645969,70.61082136645969,0.0,0.0,0.0,True,True,True,False,0.0,1022.9413611743465,0.0,0.0,0.0,0.0,1022.9413611743465
2026-02-20T08:15:00Z,2026-02-20T08:30:00Z,2026-02-20,2026-02-20_38,0.0,0,0,100,70.61082136645969,70.61082136645969,0.0,0.0,0.0,True,True,True,False,0.0,1022.9413611743465,0.0,0.0,0.0,0.0,1022.9413611743465
2026-02-20T08:30:00Z,2026-02-20T08:45:00Z,2026-02-20,2026-02-20_39,0.0,0,0,100,70.61082136645969,70.61082136645969,0.0,0.0,0.0,True,True,True,False,0.0,1022.9413611743465,0.0,0.0,0.0,0.0,1022.9413611743465
2026-02-20T08:45:00Z,2026-02-20T09:00:00Z,2026-02-20,2026-02-20_40,0.0,0,0,100,70.61082136645969,70.61082136645969,0.0,0.0,0.0,True,True,True,False,0.0,1022.9413611743465,0.0,0.0,0.0,0.0,1022.9413611743465
2026-02-20T09:00:00Z,2026-02-20T09:15:00Z,2026-02-20,2026-02-20_41,0.0,0,0,100,70.61082136645969,70.61082136645969,0.0,0.0,0.0,True,True,True,False,0.0,1022.9413611743465,0.0,0.0,0.0,0.0,1022.9413611743465
2026-02-20T09:15:00Z,2026-02-20T09:30:00Z,2026-02-20,2026-02-20_42,0.0,0,0,100,70.61082136645969,70.61082136645969,0.0,0.0,0.0,True,True,True,False,0.0,1022.9413611743465,0.0,0.0,0.0,0.0,1022.9413611743465
2026-02-20T09:30:00Z,2026-02-20T09:45:00Z,2026-02-20,2026-02-20_43,0.0,0,0,100,70.61082136645969,70.61082136645969,0.0,0.0,0.0,True,True,True,False,0.0,1022.9413611743465,0.0,0.0,0.0,0.0,1022.9413611743465
2026-02-20T09:45:00Z,2026-02-20T10:00:00Z,2026-02-20,2026-02-20_44,0.0,0,0,100,70.61082136645969,70.61082136645969,0.0,0.0,0.0,True,True,True,False,0.0,1022.9413611743465,0.0,0.0,0.0,0.0,1022.9413611743465
2026-02-20T10:00:00Z,2026-02-20T10:15:00Z,2026-02-20,2026-02-20_45,0.0,0,0,100,70.61082136645969,70.61082136645969,0.0,0.0,0.0,True,False,True,False,0.0,1022.9413611743465,0.0,0.0,0.0,0.0,1022.9413611743465
2026-02-20T10:15:00Z,2026-02-20T10:30:00Z,2026-02-20,2026-02-20_46,0.0,0,0,100,70.61082136645969,70.61082136645969,0.0,0.0,0.0,True,False,True,False,0.0,1022.9413611743465,0.0,0.0,0.0,0.0,1022.9413611743465
2026-02-20T10:30:00Z,2026-02-20T10:45:00Z,2026-02-20,2026-02-20_47,0.0,0,0,100,70.61082136645969,70.61082136645969,0.0,0.0,0.0,True,False,True,False,0.0,1022.9413611743465,0.0,0.0,0.0,0.0,1022.9413611743465
2026-02-20T10:45:00Z,2026-02-20T11:00:00Z,2026-02-20,2026-02-20_48,0.0,0,0,100,70.61082136645969,70.61082136645969,0.0,0.0,0.0,True,False,True,False,0.0,1022.9413611743465,0.0,0.0,0.0,0.0,1022.9413611743465
2026-02-20T11:00:00Z,2026-02-20T11:15:00Z,2026-02-20,2026-02-20_49,0.0,0,0,100,70.61082136645969,70.61082136645969,0.0,0.0,0.0,True,False,True,False,0.0,1022.9413611743465,0.0,0.0,0.0,0.0,1022.9413611743465
2026-02-20T11:15:00Z,2026-02-20T11:30:00Z,2026-02-20,2026-02-20_50,0.0,0,0,100,70.61082136645969,70.61082136645969,0.0,0.0,0.0,True,False,True,False,0.0,1022.9413611743465,0.0,0.0,0.0,0.0,1022.9413611743465
2026-02-20T11:30:00Z,2026-02-20T11:45:00Z,2026-02-20,2026-02-20_51,0.0,0,0,100,70.61082136645969,70.61082136645969,0.0,0.0,0.0,True,False,True,False,0.0,1022.9413611743465,0.0,0.0,0.0,0.0,1022.9413611743465
2026-02-20T11:45:00Z,2026-02-20T12:00:00Z,2026-02-20,2026-02-20_52,0.0,0,0,100,70.61082136645969,70.61082136645969,0.0,0.0,0.0,True,False,True,False,0.0,1022.9413611743465,0.0,0.0,0.0,0.0,1022.9413611743465
2026-02-20T12:00:00Z,2026-02-20T12:15:00Z,2026-02-20,2026-02-20_53,0.0,0,0,100,70.61082136645969,70.61082136645969,0.0,0.0,0.0,True,True,True,False,0.0,1022.9413611743465,0.0,0.0,0.0,0.0,1022.9413611743465
2026-02-20T12:15:00Z,2026-02-20T12:30:00Z,2026-02-20,2026-02-20_54,0.0,0,0,100,70.61082136645969,70.61082136645969,0.0,0.0,0.0,True,True,True,False,0.0,1022.9413611743465,0.0,0.0,0.0,0.0,1022.9413611743465
2026-02-20T12:30:00Z,2026-02-20T12:45:00Z,2026-02-20,2026-02-20_55,0.0,0,0,100,70.61082136645969,70.61082136645969,0.0,0.0,0.0,True,True,True,False,0.0,1022.9413611743465,0.0,0.0,0.0,0.0,1022.9413611743465
2026-02-20T12:45:00Z,2026-02-20T13:00:00Z,2026-02-20,2026-02-20_56,0.0,0,0,100,70.61082136645969,70.61082136645969,0.0,0.0,0.0,True,True,True,False,0.0,1022.9413611743465,0.0,0.0,0.0,0.0,1022.9413611743465
2026-02-20T13:00:00Z,2026-02-20T13:15:00Z,2026-02-20,2026-02-20_57,0.0,0,0,100,70.61082136645969,70.61082136645969,0.0,0.0,0.0,True,True,True,False,0.0,1022.9413611743465,0.0,0.0,0.0,0.0,1022.9413611743465
2026-02-20T13:15:00Z,2026-02-20T13:30:00Z,2026-02-20,2026-02-20_58,0.0,0,0,100,70.61082136645969,70.61082136645969,0.0,0.0,0.0,True,True,True,False,0.0,1022.9413611743465,0.0,0.0,0.0,0.0,1022.9413611743465
2026-02-20T13:30:00Z,2026-02-20T13:45:00Z,2026-02-20,2026-02-20_59,0.0,0,0,100,70.61082136645969,70.61082136645969,0.0,0.0,0.0,True,True,True,False,0.0,1022.9413611743465,0.0,0.0,0.0,0.0,1022.9413611743465
2026-02-20T13:45:00Z,2026-02-20T14:00:00Z,2026-02-20,2026-02-20_60,0.0,0,0,100,70.61082136645969,70.61082136645969,0.0,0.0,0.0,True,True,True,False,0.0,1022.9413611743465,0.0,0.0,0.0,0.0,1022.9413611743465
2026-02-20T14:00:00Z,2026-02-20T14:15:00Z,2026-02-20,2026-02-20_61,0.0,100,100,0,70.61082136645969,85.35237565217398,0.040948761904761904,0.0,16.02342857142857,True,True,True,False,0.0,0.0,106.38590156213203,35.23628228275375,0.0,6744.201213259618,6885.823397104504
2026-02-20T14:15:00Z,2026-02-20T14:30:00Z,2026-02-20,2026-02-20_62,0.0,100,100,0,85.35237565217398,80.69152795031061,0.015189846790890268,4.659428571428571,0.43885714285714283,True,True,True,False,0.0,0.0,106.38590156213203,35.23628228275375,709.1455335135074,-23.536853531898668,827.2308638264946
2026-02-20T14:30:00Z,2026-02-20T14:45:00Z,2026-02-20,2026-02-20_63,0.0,100,100,0,80.69152795031061,80.09329987577645,0.00356599861973775,0.8657142857142857,0.37257142857142855,True,True,True,False,0.0,0.0,106.38590156213203,35.23628228275375,127.40318706334875,-21.923338230181777,247.10203267805275
2026-02-20T14:45:00Z,2026-02-20T15:00:00Z,2026-02-20,2026-02-20_64,0.0,100,100,0,80.09329987577645,89.6229227329193,0.026471174603174604,0.0,10.358285714285714,True,True,True,False,0.0,0.0,106.38590156213203,35.23628228275375,0.0,-121.60557500588743,20.01660883899835
2026-02-20T15:00:00Z,2026-02-20T15:15:00Z,2026-02-20,2026-02-20_65,0.0,100,100,0,89.6229227329193,106.28806559006216,0.046292063492063495,0.0,18.114285714285714,True,True,True,False,0.0,0.0,103.7659941910668,35.23628228275375,0.0,1768.5601807722066,1907.5624572460272
2026-02-20T15:15:00Z,2026-02-20T15:30:00Z,2026-02-20,2026-02-20_66,0.0,100,100,0,106.28806559006216,105.19315975155284,0.009084198757763973,2.0079999999999996,1.1822857142857142,True,True,True,False,0.0,0.0,103.7659941910668,35.23628228275375,297.75823220032964,-60.83796900407073,375.92253967007946
2026-02-20T15:30:00Z,2026-02-20T15:45:00Z,2026-02-20,2026-02-20_67,0.0,100,100,0,105.19315975155284,96.4254578881988,0.02435472739820566,8.066285714285716,0.0,True,True,True,False,0.0,0.0,103.7659941910668,35.23628228275375,1497.7510847453827,0.0,1636.7533612192033
2026-02-20T15:45:00Z,2026-02-20T16:00:00Z,2026-02-20,2026-02-20_68,0.0,100,100,0,96.4254578881988,86.36458832298142,0.02794685990338164,9.256,0.0,True,True,True,False,0.0,0.0,103.7659941910668,35.23628228275375,1588.763808776199,0.0,1727.7660852500196
2026-02-20T16:00:00Z,2026-02-20T16:15:00Z,2026-02-20,2026-02-20_69,0.0,0,0,100,86.36458832298142,86.36458832298142,0.0,0.0,0.0,True,True,True,False,0.0,1022.9413611743465,0.0,0.0,0.0,0.0,1022.9413611743465
2026-02-20T16:15:00Z,2026-02-20T16:30:00Z,2026-02-20,2026-02-20_70,0.0,0,0,100,86.36458832298142,86.36458832298142,0.0,0.0,0.0,True,True,True,False,0.0,1022.9413611743465,0.0,0.0,0.0,0.0,1022.9413611743465
2026-02-20T16:30:00Z,2026-02-20T16:45:00Z,2026-02-20,2026-02-20_71,0.0,0,0,100,86.36458832298142,86.36458832298142,0.0,0.0,0.0,True,True,True,False,0.0,1022.9413611743465,0.0,0.0,0.0,0.0,1022.9413611743465
2026-02-20T16:45:00Z,2026-02-20T17:00:00Z,2026-02-20,2026-02-20_72,0.0,0,0,100,86.36458832298142,86.36458832298142,0.0,0.0,0.0,True,True,True,False,0.0,1022.9413611743465,0.0,0.0,0.0,0.0,1022.9413611743465
2026-02-20T17:00:00Z,2026-02-20T17:15:00Z,2026-02-20,2026-02-20_73,0.0,0,0,100,86.36458832298142,86.36458832298142,0.0,0.0,0.0,True,False,True,False,0.0,1022.9413611743465,0.0,0.0,0.0,0.0,1022.9413611743465
2026-02-20T17:15:00Z,2026-02-20T17:30:00Z,2026-02-20,2026-02-20_74,0.0,0,0,100,86.36458832298142,86.36458832298142,0.0,0.0,0.0,True,False,True,False,0.0,1022.9413611743465,0.0,0.0,0.0,0.0,1022.9413611743465
2026-02-20T17:30:00Z,2026-02-20T17:45:00Z,2026-02-20,2026-02-20_75,0.0,0,0,100,86.36458832298142,86.36458832298142,0.0,0.0,0.0,True,False,True,False,0.0,1022.9413611743465,0.0,0.0,0.0,0.0,1022.9413611743465
2026-02-20T17:45:00Z,2026-02-20T18:00:00Z,2026-02-20,2026-02-20_76,0.0,0,0,100,86.36458832298142,86.36458832298142,0.0,0.0,0.0,True,False,True,False,0.0,1022.9413611743465,0.0,0.0,0.0,0.0,1022.9413611743465
2026-02-20T18:00:00Z,2026-02-20T18:15:00Z,2026-02-20,2026-02-20_77,100.0,0,100,0,86.36458832298142,78.96334608695658,0.020559006211180123,0.0,18.19085714285714,True,True,True,False,3176.0,0.0,0.0,35.23628228275375,0.0,1505.2830758189136,4716.519358101667
2026-02-20T18:15:00Z,2026-02-20T18:30:00Z,2026-02-20,2026-02-20_78,100.0,0,100,0,78.96334608695658,67.79502310559012,0.031023119392684612,0.0,14.725142857142856,True,True,True,False,3115.5,0.0,0.0,35.23628228275375,0.0,127.55471499220614,3278.29099727496
2026-02-20T18:30:00Z,2026-02-20T18:45:00Z,2026-02-20,2026-02-20_79,77.87060000007932,0,100,0,67.79502310559012,59.846660372670854,0.03631072939964536,0.0,12.582857142857144,True,True,True,False,2281.413903502324,0.0,0.0,35.23628228275375,0.0,-60.42270418175905,2256.2274816033187
2026-02-20T18:45:00Z,2026-02-20T19:00:00Z,2026-02-20,2026-02-20_80,0.0,0,100,0,59.846660372670854,64.34782608695657,0.012503238095238095,0.0,4.892571428571428,True,True,True,False,0.0,0.0,0.0,35.23628228275375,0.0,-253.28053805524092,-218.0442557724872
2026-02-20T19:00:00Z,2026-02-20T19:15:00Z,2026-02-20,2026-02-20_81,0.0,0,0,100,64.34782608695657,64.34782608695657,0.0,0.0,0.0,True,True,True,False,0.0,1022.9413611743465,0.0,0.0,0.0,0.0,1022.9413611743465
2026-02-20T19:15:00Z,2026-02-20T19:30:00Z,2026-02-20,2026-02-20_82,0.0,0,0,100,64.34782608695657,64.34782608695657,0.0,0.0,0.0,True,True,True,False,0.0,1022.9413611743465,0.0,0.0,0.0,0.0,1022.9413611743465
2026-02-20T19:30:00Z,2026-02-20T19:45:00Z,2026-02-20,2026-02-20_83,0.0,0,0,100,64.34782608695657,64.34782608695657,0.0,0.0,0.0,True,True,True,False,0.0,1022.9413611743465,0.0,0.0,0.0,0.0,1022.9413611743465
2026-02-20T19:45:00Z,2026-02-20T20:00:00Z,2026-02-20,2026-02-20_84,0.0,0,0,100,64.34782608695657,64.34782608695657,0.0,0.0,0.0,True,True,True,False,0.0,1022.9413611743465,0.0,0.0,0.0,0.0,1022.9413611743465
2026-02-20T20:00:00Z,2026-02-20T20:15:00Z,2026-02-20,2026-02-20_85,0.0,0,0,100,64.34782608695657,64.34782608695657,0.0,0.0,0.0,True,True,True,False,0.0,1022.9413611743465,0.0,0.0,0.0,0.0,1022.9413611743465
2026-02-20T20:15:00Z,2026-02-20T20:30:00Z,2026-02-20,2026-02-20_86,0.0,0,0,100,64.34782608695657,64.34782608695657,0.0,0.0,0.0,True,True,True,False,0.0,1022.9413611743465,0.0,0.0,0.0,0.0,1022.9413611743465
2026-02-20T20:30:00Z,2026-02-20T20:45:00Z,2026-02-20,2026-02-20_87,0.0,0,0,100,64.34782608695657,64.34782608695657,0.0,0.0,0.0,True,True,True,False,0.0,1022.9413611743465,0.0,0.0,0.0,0.0,1022.9413611743465
2026-02-20T20:45:00Z,2026-02-20T21:00:00Z,2026-02-20,2026-02-20_88,0.0,0,0,100,64.34782608695657,64.34782608695657,0.0,0.0,0.0,True,True,True,False,0.0,1022.9413611743465,0.0,0.0,0.0,0.0,1022.9413611743465
2026-02-20T21:00:00Z,2026-02-20T21:15:00Z,2026-02-20,2026-02-20_89,0.0,0,0,100,64.34782608695657,64.34782608695657,0.0,0.0,0.0,True,True,True,False,0.0,1022.9413611743465,0.0,0.0,0.0,0.0,1022.9413611743465
2026-02-20T21:15:00Z,2026-02-20T21:30:00Z,2026-02-20,2026-02-20_90,0.0,0,0,100,64.34782608695657,64.34782608695657,0.0,0.0,0.0,True,True,True,False,0.0,1022.9413611743465,0.0,0.0,0.0,0.0,1022.9413611743465
2026-02-20T21:30:00Z,2026-02-20T21:45:00Z,2026-02-20,2026-02-20_91,0.0,0,0,100,64.34782608695657,64.34782608695657,0.0,0.0,0.0,True,True,True,False,0.0,1022.9413611743465,0.0,0.0,0.0,0.0,1022.9413611743465
2026-02-20T21:45:00Z,2026-02-20T22:00:00Z,2026-02-20,2026-02-20_92,0.0,0,0,100,64.34782608695657,64.34782608695657,0.0,0.0,0.0,True,True,True,False,0.0,1022.9413611743465,0.0,0.0,0.0,0.0,1022.9413611743465
2026-02-20T22:00:00Z,2026-02-20T22:15:00Z,2026-02-21,2026-02-20_93,2.471452993948175e-13,0,0,100,64.34782608695657,64.3478260869565,1.865529131905325e-16,0.0,0.0,True,True,True,False,5.047942740139147e-12,1022.5801388943381,0.0,0.0,0.0,0.0,1022.5801388943431
2026-02-20T22:15:00Z,2026-02-20T22:30:00Z,2026-02-21,2026-02-20_94,0.0,0,0,100,64.3478260869565,64.3478260869565,0.0,0.0,0.0,True,True,True,False,0.0,1022.5801388943381,0.0,0.0,0.0,0.0,1022.5801388943381
2026-02-20T22:30:00Z,2026-02-20T22:45:00Z,2026-02-21,2026-02-20_95,0.0,0,0,100,64.3478260869565,64.3478260869565,0.0,0.0,0.0,True,True,True,False,0.0,1022.5801388943381,0.0,0.0,0.0,0.0,1022.5801388943381
2026-02-20T22:45:00Z,2026-02-20T23:00:00Z,2026-02-21,2026-02-20_96,0.0,0,0,100,64.3478260869565,64.3478260869565,0.0,0.0,0.0,True,True,True,False,0.0,1022.5801388943381,0.0,0.0,0.0,0.0,1022.5801388943381
2026-02-20T23:00:00Z,2026-02-20T23:15:00Z,2026-02-21,2026-02-21_1,0.0,0,0,100,64.3478260869565,64.3478260869565,0.0,0.0,0.0,True,True,True,False,0.0,1022.5801388943381,0.0,0.0,0.0,0.0,1022.5801388943381
2026-02-20T23:15:00Z,2026-02-20T23:30:00Z,2026-02-21,2026-02-21_2,0.0,0,0,100,64.3478260869565,64.3478260869565,0.0,0.0,0.0,True,True,True,False,0.0,1022.5801388943381,0.0,0.0,0.0,0.0,1022.5801388943381
2026-02-20T23:30:00Z,2026-02-20T23:45:00Z,2026-02-21,2026-02-21_3,0.0,0,0,100,64.3478260869565,64.3478260869565,0.0,0.0,0.0,True,True,True,False,0.0,1022.5801388943381,0.0,0.0,0.0,0.0,1022.5801388943381
2026-02-20T23:45:00Z,2026-02-21T00:00:00Z,2026-02-21,2026-02-21_4,0.0,0,0,100,64.3478260869565,64.3478260869565,0.0,0.0,0.0,True,True,True,False,0.0,1022.5801388943381,0.0,0.0,0.0,0.0,1022.5801388943381
2026-02-21T00:00:00Z,2026-02-21T00:15:00Z,2026-02-21,2026-02-21_5,0.0,0,0,100,64.3478260869565,64.3478260869565,0.0,0.0,0.0,True,True,True,False,0.0,1022.5801388943381,0.0,0.0,0.0,0.0,1022.5801388943381
2026-02-21T00:15:00Z,2026-02-21T00:30:00Z,2026-02-21,2026-02-21_6,0.0,0,0,100,64.3478260869565,64.3478260869565,0.0,0.0,0.0,True,True,True,False,0.0,1022.5801388943381,0.0,0.0,0.0,0.0,1022.5801388943381
2026-02-21T00:30:00Z,2026-02-21T00:45:00Z,2026-02-21,2026-02-21_7,0.0,0,0,100,64.3478260869565,64.3478260869565,0.0,0.0,0.0,True,True,True,False,0.0,1022.5801388943381,0.0,0.0,0.0,0.0,1022.5801388943381
2026-02-21T00:45:00Z,2026-02-21T01:00:00Z,2026-02-21,2026-02-21_8,0.0,0,0,100,64.3478260869565,64.3478260869565,0.0,0.0,0.0,True,True,True,False,0.0,1022.5801388943381,0.0,0.0,0.0,0.0,1022.5801388943381
2026-02-21T01:00:00Z,2026-02-21T01:15:00Z,2026-02-21,2026-02-21_9,0.0,100,100,0,64.3478260869565,71.71939180124221,0.02047657142857143,0.0,8.012571428571428,True,True,True,False,0.0,0.0,105.3772511476439,33.34052654294346,0.0,-23.138276656446706,115.57950103414066
2026-02-21T01:15:00Z,2026-02-21T01:30:00Z,2026-02-21,2026-02-21_10,0.0,100,100,0,71.71939180124221,86.23488894409935,0.040320825396825404,0.0,15.777714285714287,True,True,True,False,0.0,0.0,105.3772511476439,33.34052654294346,0.0,883.5971906125812,1022.3149683031686
2026-02-21T01:30:00Z,2026-02-21T01:45:00Z,2026-02-21,2026-02-21_11,0.0,100,100,0,86.23488894409935,94.07591751552792,0.02178063492063492,0.0,8.522857142857141,True,True,True,False,0.0,0.0,105.3772511476439,33.34052654294346,0.0,-49.3507771468928,89.36700054369456
2026-02-21T01:45:00Z,2026-02-21T02:00:00Z,2026-02-21,2026-02-21_12,0.0,100,100,0,94.07591751552792,105.5717118012422,0.03193276190476191,0.0,12.495428571428572,True,True,True,False,0.0,0.0,105.3772511476439,33.34052654294346,0.0,57.500935378820586,196.21871306940795
2026-02-21T02:00:00Z,2026-02-21T02:15:00Z,2026-02-21,2026-02-21_13,0.0,100,100,0,105.5717118012422,114.51200894409935,0.024834158730158734,0.0,9.717714285714287,True,True,True,False,0.0,0.0,104.93584964884056,33.34052654294346,0.0,13.92820272519884,152.20457891698285
2026-02-21T02:15:00Z,2026-02-21T02:30:00Z,2026-02-21,2026-02-21_14,0.0,100,100,0,114.51200894409935,129.56373465838507,0.04181034920634921,0.0,16.36057142857143,True,True,True,False,0.0,0.0,104.93584964884056,33.34052654294346,0.0,1115.8497711438324,1254.1261473356165
2026-02-21T02:30:00Z,2026-02-21T02:45:00Z,2026-02-21,2026-02-21_15,0.0,100,100,0,129.56373465838507,139.11648894409936,0.026535428571428574,0.0,10.38342857142857,True,True,True,False,0.0,0.0,104.93584964884056,33.34052654294346,0.0,-22.847046505501396,115.42932968628261
2026-02-21T02:45:00Z,2026-02-21T03:00:00Z,2026-02-21,2026-02-21_16,0.0,100,100,0,139.11648894409936,143.15239751552792,0.011210857142857142,0.0,4.386857142857142,True,True,True,False,0.0,0.0,104.93584964884056,33.34052654294346,0.0,-78.22657702245961,60.04979916932441
2026-02-21T03:00:00Z,2026-02-21T03:15:00Z,2026-02-21,2026-02-21_17,0.0,0,0,100,143.15239751552792,143.15239751552792,0.0,0.0,0.0,True,True,True,False,0.0,1022.5801388943381,0.0,0.0,0.0,0.0,1022.5801388943381
2026-02-21T03:15:00Z,2026-02-21T03:30:00Z,2026-02-21,2026-02-21_18,0.0,0,0,100,143.15239751552792,143.15239751552792,0.0,0.0,0.0,True,True,True,False,0.0,1022.5801388943381,0.0,0.0,0.0,0.0,1022.5801388943381
2026-02-21T03:30:00Z,2026-02-21T03:45:00Z,2026-02-21,2026-02-21_19,0.0,0,0,100,143.15239751552792,143.15239751552792,0.0,0.0,0.0,True,True,True,False,0.0,1022.5801388943381,0.0,0.0,0.0,0.0,1022.5801388943381
2026-02-21T03:45:00Z,2026-02-21T04:00:00Z,2026-02-21,2026-02-21_20,0.0,0,0,100,143.15239751552792,143.15239751552792,0.0,0.0,0.0,True,True,True,False,0.0,1022.5801388943381,0.0,0.0,0.0,0.0,1022.5801388943381
2026-02-21T04:00:00Z,2026-02-21T04:15:00Z,2026-02-21,2026-02-21_21,-100.0,100,0,0,143.15239751552792,145.18323180124221,0.005641206349206349,22.792571428571428,0.0,True,True,True,False,-1314.25,0.0,104.64158198297172,0.0,12562.018384274335,0.0,11352.409966257306
2026-02-21T04:15:00Z,2026-02-21T04:30:00Z,2026-02-21,2026-02-21_22,-100.0,100,0,0,145.18323180124221,154.3711403726708,0.02552196825396825,15.013142857142858,0.0,True,True,True,False,-1553.25,0.0,104.64158198297172,0.0,4130.537537231867,0.0,2681.9291192148385
2026-02-21T04:30:00Z,2026-02-21T04:45:00Z,2026-02-21,2026-02-21_23,0.0,100,0,0,154.3711403726708,154.3077863354037,0.00017598343685300204,0.058285714285714274,0.0,True,True,True,False,0.0,0.0,104.64158198297172,0.0,6.859291179256649,0.0,111.50087316222836
2026-02-21T04:45:00Z,2026-02-21T05:00:00Z,2026-02-21,2026-02-21_24,0.0,100,0,0,154.3077863354037,153.27300372670805,0.0028743961352657,0.9519999999999998,0.0,True,True,True,False,0.0,0.0,104.64158198297172,0.0,133.48543806646524,0.0,238.12702004943696
2026-02-21T05:00:00Z,2026-02-21T05:15:00Z,2026-02-21,2026-02-21_25,-100.0,100,0,0,153.27300372670805,175.21999801242234,0.06096387301587303,1.1445714285714286,0.0,True,True,True,False,-1113.75,0.0,103.17024365362734,0.0,148.05487469802532,0.0,-862.5248816483473
2026-02-21T05:15:00Z,2026-02-21T05:30:00Z,2026-02-21,2026-02-21_26,0.0,100,0,0,175.21999801242234,154.97092968944096,0.05624741200828158,18.62914285714286,0.0,True,True,True,False,0.0,0.0,103.17024365362734,0.0,13491.831634390643,0.0,13595.00187804427
2026-02-21T05:30:00Z,2026-02-21T05:45:00Z,2026-02-21,2026-02-21_27,0.0,100,0,0,154.97092968944096,137.58210981366457,0.04830227743271221,15.997714285714284,0.0,True,True,True,False,0.0,0.0,103.17024365362734,0.0,3122.1277792039637,0.0,3225.298022857591
2026-02-21T05:45:00Z,2026-02-21T06:00:00Z,2026-02-21,2026-02-21_28,0.0,100,0,0,137.58210981366457,134.54173714285713,0.008445479641131815,2.797142857142857,0.0,True,True,True,False,0.0,0.0,103.17024365362734,0.0,391.9720451322523,0.0,495.1422887858796
2026-02-21T06:00:00Z,2026-02-21T06:15:00Z,2026-02-21,2026-02-21_29,0.0,0,0,100,134.54173714285713,134.54173714285713,0.0,0.0,0.0,True,True,True,False,0.0,1022.5801388943381,0.0,0.0,0.0,0.0,1022.5801388943381
2026-02-21T06:15:00Z,2026-02-21T06:30:00Z,2026-02-21,2026-02-21_30,0.0,0,0,100,134.54173714285713,134.54173714285713,0.0,0.0,0.0,True,True,True,False,0.0,1022.5801388943381,0.0,0.0,0.0,0.0,1022.5801388943381
2026-02-21T06:30:00Z,2026-02-21T06:45:00Z,2026-02-21,2026-02-21_31,0.0,0,0,100,134.54173714285713,134.54173714285713,0.0,0.0,0.0,True,True,True,False,0.0,1022.5801388943381,0.0,0.0,0.0,0.0,1022.5801388943381
2026-02-21T06:45:00Z,2026-02-21T07:00:00Z,2026-02-21,2026-02-21_32,0.0,0,0,100,134.54173714285713,134.54173714285713,0.0,0.0,0.0,True,True,True,False,0.0,1022.5801388943381,0.0,0.0,0.0,0.0,1022.5801388943381
2026-02-21T07:00:00Z,2026-02-21T07:15:00Z,2026-02-21,2026-02-21_33,0.0,0,0,100,134.54173714285713,134.54173714285713,0.0,0.0,0.0,True,True,True,False,0.0,1022.5801388943381,0.0,0.0,0.0,0.0,1022.5801388943381
2026-02-21T07:15:00Z,2026-02-21T07:30:00Z,2026-02-21,2026-02-21_34,0.0,0,0,100,134.54173714285713,134.54173714285713,0.0,0.0,0.0,True,True,True,False,0.0,1022.5801388943381,0.0,0.0,0.0,0.0,1022.5801388943381
2026-02-21T07:30:00Z,2026-02-21T07:45:00Z,2026-02-21,2026-02-21_35,0.0,0,0,100,134.54173714285713,134.54173714285713,0.0,0.0,0.0,True,True,True,False,0.0,1022.5801388943381,0.0,0.0,0.0,0.0,1022.5801388943381
2026-02-21T07:45:00Z,2026-02-21T08:00:00Z,2026-02-21,2026-02-21_36,0.0,0,0,100,134.54173714285713,134.54173714285713,0.0,0.0,0.0,True,True,True,False,0.0,1022.5801388943381,0.0,0.0,0.0,0.0,1022.5801388943381
2026-02-21T08:00:00Z,2026-02-21T08:15:00Z,2026-02-21,2026-02-21_37,0.0,0,0,100,134.54173714285713,134.54173714285713,0.0,0.0,0.0,True,True,True,False,0.0,1022.5801388943381,0.0,0.0,0.0,0.0,1022.5801388943381
2026-02-21T08:15:00Z,2026-02-21T08:30:00Z,2026-02-21,2026-02-21_38,0.0,0,0,100,134.54173714285713,134.54173714285713,0.0,0.0,0.0,True,True,True,False,0.0,1022.5801388943381,0.0,0.0,0.0,0.0,1022.5801388943381
2026-02-21T08:30:00Z,2026-02-21T08:45:00Z,2026-02-21,2026-02-21_39,0.0,0,0,100,134.54173714285713,134.54173714285713,0.0,0.0,0.0,True,True,True,False,0.0,1022.5801388943381,0.0,0.0,0.0,0.0,1022.5801388943381
2026-02-21T08:45:00Z,2026-02-21T09:00:00Z,2026-02-21,2026-02-21_40,0.0,0,0,100,134.54173714285713,134.54173714285713,0.0,0.0,0.0,True,True,True,False,0.0,1022.5801388943381,0.0,0.0,0.0,0.0,1022.5801388943381
2026-02-21T09:00:00Z,2026-02-21T09:15:00Z,2026-02-21,2026-02-21_41,0.0,0,0,100,134.54173714285713,134.54173714285713,0.0,0.0,0.0,True,True,True,False,0.0,1022.5801388943381,0.0,0.0,0.0,0.0,1022.5801388943381
2026-02-21T09:15:00Z,2026-02-21T09:30:00Z,2026-02-21,2026-02-21_42,0.0,0,0,100,134.54173714285713,134.54173714285713,0.0,0.0,0.0,True,True,True,False,0.0,1022.5801388943381,0.0,0.0,0.0,0.0,1022.5801388943381
2026-02-21T09:30:00Z,2026-02-21T09:45:00Z,2026-02-21,2026-02-21_43,0.0,0,0,100,134.54173714285713,134.54173714285713,0.0,0.0,0.0,True,True,True,False,0.0,1022.5801388943381,0.0,0.0,0.0,0.0,1022.5801388943381
2026-02-21T09:45:00Z,2026-02-21T10:00:00Z,2026-02-21,2026-02-21_44,0.0,0,0,100,134.54173714285713,134.54173714285713,0.0,0.0,0.0,True,True,True,False,0.0,1022.5801388943381,0.0,0.0,0.0,0.0,1022.5801388943381
2026-02-21T10:00:00Z,2026-02-21T10:15:00Z,2026-02-21,2026-02-21_45,0.0,0,0,100,134.54173714285713,134.54173714285713,0.0,0.0,0.0,True,False,True,False,0.0,1022.5801388943381,0.0,0.0,0.0,0.0,1022.5801388943381
2026-02-21T10:15:00Z,2026-02-21T10:30:00Z,2026-02-21,2026-02-21_46,0.0,0,0,100,134.54173714285713,134.54173714285713,0.0,0.0,0.0,True,False,True,False,0.0,1022.5801388943381,0.0,0.0,0.0,0.0,1022.5801388943381
2026-02-21T10:30:00Z,2026-02-21T10:45:00Z,2026-02-21,2026-02-21_47,0.0,0,0,100,134.54173714285713,134.54173714285713,0.0,0.0,0.0,True,False,True,False,0.0,1022.5801388943381,0.0,0.0,0.0,0.0,1022.5801388943381
2026-02-21T10:45:00Z,2026-02-21T11:00:00Z,2026-02-21,2026-02-21_48,0.0,0,0,100,134.54173714285713,134.54173714285713,0.0,0.0,0.0,True,False,True,False,0.0,1022.5801388943381,0.0,0.0,0.0,0.0,1022.5801388943381
2026-02-21T11:00:00Z,2026-02-21T11:15:00Z,2026-02-21,2026-02-21_49,0.0,0,0,100,134.54173714285713,134.54173714285713,0.0,0.0,0.0,True,True,True,False,0.0,1022.5801388943381,0.0,0.0,0.0,0.0,1022.5801388943381
2026-02-21T11:15:00Z,2026-02-21T11:30:00Z,2026-02-21,2026-02-21_50,0.0,0,0,100,134.54173714285713,134.54173714285713,0.0,0.0,0.0,True,True,True,False,0.0,1022.5801388943381,0.0,0.0,0.0,0.0,1022.5801388943381
2026-02-21T11:30:00Z,2026-02-21T11:45:00Z,2026-02-21,2026-02-21_51,0.0,0,0,100,134.54173714285713,134.54173714285713,0.0,0.0,0.0,True,True,True,False,0.0,1022.5801388943381,0.0,0.0,0.0,0.0,1022.5801388943381
2026-02-21T11:45:00Z,2026-02-21T12:00:00Z,2026-02-21,2026-02-21_52,0.0,0,0,100,134.54173714285713,134.54173714285713,0.0,0.0,0.0,True,True,True,False,0.0,1022.5801388943381,0.0,0.0,0.0,0.0,1022.5801388943381
2026-02-21T12:00:00Z,2026-02-21T12:15:00Z,2026-02-21,2026-02-21_53,0.0,0,0,100,134.54173714285713,134.54173714285713,0.0,0.0,0.0,True,True,True,False,0.0,1022.5801388943381,0.0,0.0,0.0,0.0,1022.5801388943381
2026-02-21T12:15:00Z,2026-02-21T12:30:00Z,2026-02-21,2026-02-21_54,0.0,0,0,100,134.54173714285713,134.54173714285713,0.0,0.0,0.0,True,True,True,False,0.0,1022.5801388943381,0.0,0.0,0.0,0.0,1022.5801388943381
2026-02-21T12:30:00Z,2026-02-21T12:45:00Z,2026-02-21,2026-02-21_55,0.0,0,0,100,134.54173714285713,134.54173714285713,0.0,0.0,0.0,True,True,True,False,0.0,1022.5801388943381,0.0,0.0,0.0,0.0,1022.5801388943381
2026-02-21T12:45:00Z,2026-02-21T13:00:00Z,2026-02-21,2026-02-21_56,0.0,0,0,100,134.54173714285713,134.54173714285713,0.0,0.0,0.0,True,True,True,False,0.0,1022.5801388943381,0.0,0.0,0.0,0.0,1022.5801388943381
2026-02-21T13:00:00Z,2026-02-21T13:15:00Z,2026-02-21,2026-02-21_57,0.0,0,0,100,134.54173714285713,134.54173714285713,0.0,0.0,0.0,True,True,True,False,0.0,1022.5801388943381,0.0,0.0,0.0,0.0,1022.5801388943381
2026-02-21T13:15:00Z,2026-02-21T13:30:00Z,2026-02-21,2026-02-21_58,0.0,0,0,100,134.54173714285713,134.54173714285713,0.0,0.0,0.0,True,True,True,False,0.0,1022.5801388943381,0.0,0.0,0.0,0.0,1022.5801388943381
2026-02-21T13:30:00Z,2026-02-21T13:45:00Z,2026-02-21,2026-02-21_59,0.0,0,0,100,134.54173714285713,134.54173714285713,0.0,0.0,0.0,True,True,True,False,0.0,1022.5801388943381,0.0,0.0,0.0,0.0,1022.5801388943381
2026-02-21T13:45:00Z,2026-02-21T14:00:00Z,2026-02-21,2026-02-21_60,0.0,0,0,100,134.54173714285713,134.54173714285713,0.0,0.0,0.0,True,True,True,False,0.0,1022.5801388943381,0.0,0.0,0.0,0.0,1022.5801388943381
2026-02-21T14:00:00Z,2026-02-21T14:15:00Z,2026-02-21,2026-02-21_61,-100.0,100,0,0,134.54173714285713,147.11366857142855,0.034922031746031756,11.334857142857143,0.0,True,True,True,False,-1628.5,0.0,106.73088241064073,0.0,1910.0103734677061,0.0,388.24125587834686
2026-02-21T14:15:00Z,2026-02-21T14:30:00Z,2026-02-21,2026-02-21_62,0.0,100,0,0,147.11366857142855,126.01304745341612,0.0586128364389234,19.41257142857143,0.0,True,True,True,False,0.0,0.0,106.73088241064073,0.0,3427.1525001541395,0.0,3533.8833825647803
2026-02-21T14:30:00Z,2026-02-21T14:45:00Z,2026-02-21,2026-02-21_63,0.0,100,0,0,126.01304745341612,108.74410335403724,0.04796928916494134,15.887428571428572,0.0,True,True,True,False,0.0,0.0,106.73088241064073,0.0,2692.7654860461075,0.0,2799.4963684567483
2026-02-21T14:45:00Z,2026-02-21T15:00:00Z,2026-02-21,2026-02-21_64,0.0,100,0,0,108.74410335403724,97.6124263354037,0.030921325051759832,10.241142857142856,0.0,True,True,True,False,0.0,0.0,106.73088241064073,0.0,1595.6204451569147,0.0,1702.3513275675555
2026-02-21T15:00:00Z,2026-02-21T15:15:00Z,2026-02-21,2026-02-21_65,0.0,0,0,100,97.6124263354037,97.6124263354037,0.0,0.0,0.0,True,True,True,False,0.0,1022.5801388943381,0.0,0.0,0.0,0.0,1022.5801388943381
2026-02-21T15:15:00Z,2026-02-21T15:30:00Z,2026-02-21,2026-02-21_66,0.0,0,0,100,97.6124263354037,97.6124263354037,0.0,0.0,0.0,True,True,True,False,0.0,1022.5801388943381,0.0,0.0,0.0,0.0,1022.5801388943381
2026-02-21T15:30:00Z,2026-02-21T15:45:00Z,2026-02-21,2026-02-21_67,0.0,0,0,100,97.6124263354037,97.6124263354037,0.0,0.0,0.0,True,True,True,False,0.0,1022.5801388943381,0.0,0.0,0.0,0.0,1022.5801388943381
2026-02-21T15:45:00Z,2026-02-21T16:00:00Z,2026-02-21,2026-02-21_68,0.0,0,0,100,97.6124263354037,97.6124263354037,0.0,0.0,0.0,True,True,True,False,0.0,1022.5801388943381,0.0,0.0,0.0,0.0,1022.5801388943381
2026-02-21T16:00:00Z,2026-02-21T16:15:00Z,2026-02-21,2026-02-21_69,0.0,0,0,100,97.6124263354037,97.6124263354037,0.0,0.0,0.0,True,True,True,False,0.0,1022.5801388943381,0.0,0.0,0.0,0.0,1022.5801388943381
2026-02-21T16:15:00Z,2026-02-21T16:30:00Z,2026-02-21,2026-02-21_70,0.0,0,0,100,97.6124263354037,97.6124263354037,0.0,0.0,0.0,True,True,True,False,0.0,1022.5801388943381,0.0,0.0,0.0,0.0,1022.5801388943381
2026-02-21T16:30:00Z,2026-02-21T16:45:00Z,2026-02-21,2026-02-21_71,0.0,0,0,100,97.6124263354037,97.6124263354037,0.0,0.0,0.0,True,True,True,False,0.0,1022.5801388943381,0.0,0.0,0.0,0.0,1022.5801388943381
2026-02-21T16:45:00Z,2026-02-21T17:00:00Z,2026-02-21,2026-02-21_72,0.0,0,0,100,97.6124263354037,97.6124263354037,0.0,0.0,0.0,True,True,True,False,0.0,1022.5801388943381,0.0,0.0,0.0,0.0,1022.5801388943381
2026-02-21T17:00:00Z,2026-02-21T17:15:00Z,2026-02-21,2026-02-21_73,0.0,0,0,100,97.6124263354037,97.6124263354037,0.0,0.0,0.0,True,True,True,False,0.0,1022.5801388943381,0.0,0.0,0.0,0.0,1022.5801388943381
2026-02-21T17:15:00Z,2026-02-21T17:30:00Z,2026-02-21,2026-02-21_74,0.0,0,0,100,97.6124263354037,97.6124263354037,0.0,0.0,0.0,True,True,True,False,0.0,1022.5801388943381,0.0,0.0,0.0,0.0,1022.5801388943381
2026-02-21T17:30:00Z,2026-02-21T17:45:00Z,2026-02-21,2026-02-21_75,0.0,0,0,100,97.6124263354037,97.6124263354037,0.0,0.0,0.0,True,True,True,False,0.0,1022.5801388943381,0.0,0.0,0.0,0.0,1022.5801388943381
2026-02-21T17:45:00Z,2026-02-21T18:00:00Z,2026-02-21,2026-02-21_76,0.0,0,0,100,97.6124263354037,97.6124263354037,0.0,0.0,0.0,True,True,True,False,0.0,1022.5801388943381,0.0,0.0,0.0,0.0,1022.5801388943381
2026-02-21T18:00:00Z,2026-02-21T18:15:00Z,2026-02-21,2026-02-21_77,0.0,0,0,100,97.6124263354037,97.6124263354037,0.0,0.0,0.0,True,True,True,False,0.0,1022.5801388943381,0.0,0.0,0.0,0.0,1022.5801388943381
2026-02-21T18:15:00Z,2026-02-21T18:30:00Z,2026-02-21,2026-02-21_78,0.0,0,0,100,97.6124263354037,97.6124263354037,0.0,0.0,0.0,True,True,True,False,0.0,1022.5801388943381,0.0,0.0,0.0,0.0,1022.5801388943381
2026-02-21T18:30:00Z,2026-02-21T18:45:00Z,2026-02-21,2026-02-21_79,0.0,0,0,100,97.6124263354037,97.6124263354037,0.0,0.0,0.0,True,True,True,False,0.0,1022.5801388943381,0.0,0.0,0.0,0.0,1022.5801388943381
2026-02-21T18:45:00Z,2026-02-21T19:00:00Z,2026-02-21,2026-02-21_80,0.0,0,0,100,97.6124263354037,97.6124263354037,0.0,0.0,0.0,True,True,True,False,0.0,1022.5801388943381,0.0,0.0,0.0,0.0,1022.5801388943381
2026-02-21T19:00:00Z,2026-02-21T19:15:00Z,2026-02-21,2026-02-21_81,0.0,0,0,100,97.6124263354037,97.6124263354037,0.0,0.0,0.0,True,True,True,False,0.0,1022.5801388943381,0.0,0.0,0.0,0.0,1022.5801388943381
2026-02-21T19:15:00Z,2026-02-21T19:30:00Z,2026-02-21,2026-02-21_82,0.0,0,0,100,97.6124263354037,97.6124263354037,0.0,0.0,0.0,True,True,True,False,0.0,1022.5801388943381,0.0,0.0,0.0,0.0,1022.5801388943381
2026-02-21T19:30:00Z,2026-02-21T19:45:00Z,2026-02-21,2026-02-21_83,0.0,0,0,100,97.6124263354037,97.6124263354037,0.0,0.0,0.0,True,True,True,False,0.0,1022.5801388943381,0.0,0.0,0.0,0.0,1022.5801388943381
2026-02-21T19:45:00Z,2026-02-21T20:00:00Z,2026-02-21,2026-02-21_84,0.0,0,0,100,97.6124263354037,97.6124263354037,0.0,0.0,0.0,True,True,True,False,0.0,1022.5801388943381,0.0,0.0,0.0,0.0,1022.5801388943381
2026-02-21T20:00:00Z,2026-02-21T20:15:00Z,2026-02-21,2026-02-21_85,0.0,0,0,100,97.6124263354037,97.6124263354037,0.0,0.0,0.0,True,True,True,False,0.0,1022.5801388943381,0.0,0.0,0.0,0.0,1022.5801388943381
2026-02-21T20:15:00Z,2026-02-21T20:30:00Z,2026-02-21,2026-02-21_86,0.0,0,0,100,97.6124263354037,97.6124263354037,0.0,0.0,0.0,True,True,True,False,0.0,1022.5801388943381,0.0,0.0,0.0,0.0,1022.5801388943381
2026-02-21T20:30:00Z,2026-02-21T20:45:00Z,2026-02-21,2026-02-21_87,0.0,0,0,100,97.6124263354037,97.6124263354037,0.0,0.0,0.0,True,True,True,False,0.0,1022.5801388943381,0.0,0.0,0.0,0.0,1022.5801388943381
2026-02-21T20:45:00Z,2026-02-21T21:00:00Z,2026-02-21,2026-02-21_88,0.0,0,0,100,97.6124263354037,97.6124263354037,0.0,0.0,0.0,True,True,True,False,0.0,1022.5801388943381,0.0,0.0,0.0,0.0,1022.5801388943381
2026-02-21T21:00:00Z,2026-02-21T21:15:00Z,2026-02-21,2026-02-21_89,0.0,0,0,100,97.6124263354037,97.6124263354037,0.0,0.0,0.0,True,True,True,False,0.0,1022.5801388943381,0.0,0.0,0.0,0.0,1022.5801388943381
2026-02-21T21:15:00Z,2026-02-21T21:30:00Z,2026-02-21,2026-02-21_90,0.0,0,0,100,97.6124263354037,97.6124263354037,0.0,0.0,0.0,True,True,True,False,0.0,1022.5801388943381,0.0,0.0,0.0,0.0,1022.5801388943381
2026-02-21T21:30:00Z,2026-02-21T21:45:00Z,2026-02-21,2026-02-21_91,0.0,0,0,100,97.6124263354037,97.6124263354037,0.0,0.0,0.0,True,True,True,False,0.0,1022.5801388943381,0.0,0.0,0.0,0.0,1022.5801388943381
2026-02-21T21:45:00Z,2026-02-21T22:00:00Z,2026-02-21,2026-02-21_92,0.0,0,0,100,97.6124263354037,97.6124263354037,0.0,0.0,0.0,True,True,True,False,0.0,1022.5801388943381,0.0,0.0,0.0,0.0,1022.5801388943381
2026-02-21T22:00:00Z,2026-02-21T22:15:00Z,2026-02-22,2026-02-21_93,0.0,100,100,0,97.6124263354037,83.61626434782606,0.04100444996549344,13.228571428571428,0.416,True,True,True,False,0.0,0.0,104.67100874955858,33.28167300976968,4736.487223178202,-15.598163769764977,4858.841741167766
2026-02-21T22:15:00Z,2026-02-21T22:30:00Z,2026-02-22,2026-02-21_94,0.0,100,100,0,83.61626434782606,79.77498434782606,0.010678984126984125,3.535428571428571,0.0017142857142857142,True,True,True,False,0.0,0.0,104.67100874955858,33.28167300976968,464.7333133418156,-0.1345223615400568,602.5514727396038
2026-02-21T22:30:00Z,2026-02-21T22:45:00Z,2026-02-22,2026-02-21_95,0.0,100,100,0,79.77498434782606,79.78474732919251,0.009409452035886817,1.5537142857142856,1.846285714285714,True,True,True,False,0.0,0.0,104.67100874955858,33.28167300976968,188.04411302120405,-57.4907886933955,268.5060060871368
2026-02-21T22:45:00Z,2026-02-21T23:00:00Z,2026-02-22,2026-02-21_96,0.0,100,100,0,79.78474732919251,83.64559304347823,0.010724571428571429,0.0,4.196571428571429,True,True,True,False,0.0,0.0,104.67100874955858,33.28167300976968,0.0,-141.15493276684472,-3.202251007516459
2026-02-21T23:00:00Z,2026-02-21T23:15:00Z,2026-02-22,2026-02-22_1,0.0,0,0,100,83.64559304347823,83.64559304347823,0.0,0.0,0.0,True,True,True,False,0.0,1022.5801388943381,0.0,0.0,0.0,0.0,1022.5801388943381
2026-02-21T23:15:00Z,2026-02-21T23:30:00Z,2026-02-22,2026-02-22_2,0.0,0,0,100,83.64559304347823,83.64559304347823,0.0,0.0,0.0,True,True,True,False,0.0,1022.5801388943381,0.0,0.0,0.0,0.0,1022.5801388943381
2026-02-21T23:30:00Z,2026-02-21T23:45:00Z,2026-02-22,2026-02-22_3,0.0,0,0,100,83.64559304347823,83.64559304347823,0.0,0.0,0.0,True,True,True,False,0.0,1022.5801388943381,0.0,0.0,0.0,0.0,1022.5801388943381
2026-02-21T23:45:00Z,2026-02-22T00:00:00Z,2026-02-22,2026-02-22_4,0.0,0,0,100,83.64559304347823,83.64559304347823,0.0,0.0,0.0,True,True,True,False,0.0,1022.5801388943381,0.0,0.0,0.0,0.0,1022.5801388943381
2026-02-22T00:00:00Z,2026-02-22T00:15:00Z,2026-02-22,2026-02-22_5,0.0,100,0,0,83.64559304347823,73.43441291925463,0.028364389233954453,9.394285714285715,0.0,True,True,True,False,0.0,0.0,103.4645113194962,0.0,1355.813229153238,0.0,1459.2777404727342
2026-02-22T00:15:00Z,2026-02-22T00:30:00Z,2026-02-22,2026-02-22_6,-1.2281816465525748,100,0,0,73.43441291925463,56.45511043975148,0.04773528849666621,15.910857142857143,0.0,True,True,True,False,-18.625374669969794,0.0,103.4645113194962,0.0,3028.9591197753475,0.0,3113.798256424874
2026-02-22T00:30:00Z,2026-02-22T00:45:00Z,2026-02-22,2026-02-22_7,-100.0,100,0,0,56.45511043975148,59.23140758260862,0.007711936507936506,21.982285714285716,0.0,True,True,True,False,-1344.0,0.0,103.4645113194962,0.0,5531.343206340487,0.0,4290.807717659984
2026-02-22T00:45:00Z,2026-02-22T01:00:00Z,2026-02-22,2026-02-22_8,-100.0,100,0,0,59.23140758260862,73.35629901118004,0.03923580952380953,9.646857142857144,0.0,True,True,True,False,-1128.25,0.0,103.4645113194962,0.0,1419.2182042385753,0.0,394.43271555807144
2026-02-22T01:00:00Z,2026-02-22T01:15:00Z,2026-02-22,2026-02-22_9,0.0,0,0,100,73.35629901118004,73.35629901118004,0.0,0.0,0.0,True,True,True,False,0.0,1022.5801388943381,0.0,0.0,0.0,0.0,1022.5801388943381
2026-02-22T01:15:00Z,2026-02-22T01:30:00Z,2026-02-22,2026-02-22_10,0.0,0,0,100,73.35629901118004,73.35629901118004,0.0,0.0,0.0,True,True,True,False,0.0,1022.5801388943381,0.0,0.0,0.0,0.0,1022.5801388943381
2026-02-22T01:30:00Z,2026-02-22T01:45:00Z,2026-02-22,2026-02-22_11,0.0,0,0,100,73.35629901118004,73.35629901118004,0.0,0.0,0.0,True,True,True,False,0.0,1022.5801388943381,0.0,0.0,0.0,0.0,1022.5801388943381
2026-02-22T01:45:00Z,2026-02-22T02:00:00Z,2026-02-22,2026-02-22_12,0.0,0,0,100,73.35629901118004,73.35629901118004,0.0,0.0,0.0,True,True,True,False,0.0,1022.5801388943381,0.0,0.0,0.0,0.0,1022.5801388943381
2026-02-22T02:00:00Z,2026-02-22T02:15:00Z,2026-02-22,2026-02-22_13,0.0,0,0,100,73.35629901118004,73.35629901118004,0.0,0.0,0.0,True,True,True,False,0.0,1022.5801388943381,0.0,0.0,0.0,0.0,1022.5801388943381
2026-02-22T02:15:00Z,2026-02-22T02:30:00Z,2026-02-22,2026-02-22_14,0.0,0,0,100,73.35629901118004,73.35629901118004,0.0,0.0,0.0,True,True,True,False,0.0,1022.5801388943381,0.0,0.0,0.0,0.0,1022.5801388943381
2026-02-22T02:30:00Z,2026-02-22T02:45:00Z,2026-02-22,2026-02-22_15,0.0,0,0,100,73.35629901118004,73.35629901118004,0.0,0.0,0.0,True,True,True,False,0.0,1022.5801388943381,0.0,0.0,0.0,0.0,1022.5801388943381
2026-02-22T02:45:00Z,2026-02-22T03:00:00Z,2026-02-22,2026-02-22_16,0.0,0,0,100,73.35629901118004,73.35629901118004,0.0,0.0,0.0,True,True,True,False,0.0,1022.5801388943381,0.0,0.0,0.0,0.0,1022.5801388943381
2026-02-22T03:00:00Z,2026-02-22T03:15:00Z,2026-02-22,2026-02-22_17,0.0,0,0,100,73.35629901118004,73.35629901118004,0.0,0.0,0.0,True,True,True,False,0.0,1022.5801388943381,0.0,0.0,0.0,0.0,1022.5801388943381
2026-02-22T03:15:00Z,2026-02-22T03:30:00Z,2026-02-22,2026-02-22_18,0.0,0,0,100,73.35629901118004,73.35629901118004,0.0,0.0,0.0,True,True,True,False,0.0,1022.5801388943381,0.0,0.0,0.0,0.0,1022.5801388943381
2026-02-22T03:30:00Z,2026-02-22T03:45:00Z,2026-02-22,2026-02-22_19,0.0,0,0,100,73.35629901118004,73.35629901118004,0.0,0.0,0.0,True,True,True,False,0.0,1022.5801388943381,0.0,0.0,0.0,0.0,1022.5801388943381
2026-02-22T03:45:00Z,2026-02-22T04:00:00Z,2026-02-22,2026-02-22_20,0.0,0,0,100,73.35629901118004,73.35629901118004,0.0,0.0,0.0,True,True,True,False,0.0,1022.5801388943381,0.0,0.0,0.0,0.0,1022.5801388943381
2026-02-22T04:00:00Z,2026-02-22T04:15:00Z,2026-02-22,2026-02-22_21,0.0,0,0,100,73.35629901118004,73.35629901118004,0.0,0.0,0.0,True,True,True,False,0.0,1022.5801388943381,0.0,0.0,0.0,0.0,1022.5801388943381
2026-02-22T04:15:00Z,2026-02-22T04:30:00Z,2026-02-22,2026-02-22_22,0.0,0,0,100,73.35629901118004,73.35629901118004,0.0,0.0,0.0,True,True,True,False,0.0,1022.5801388943381,0.0,0.0,0.0,0.0,1022.5801388943381
2026-02-22T04:30:00Z,2026-02-22T04:45:00Z,2026-02-22,2026-02-22_23,0.0,0,0,100,73.35629901118004,73.35629901118004,0.0,0.0,0.0,True,True,True,False,0.0,1022.5801388943381,0.0,0.0,0.0,0.0,1022.5801388943381
2026-02-22T04:45:00Z,2026-02-22T05:00:00Z,2026-02-22,2026-02-22_24,0.0,0,0,100,73.35629901118004,73.35629901118004,0.0,0.0,0.0,True,True,True,False,0.0,1022.5801388943381,0.0,0.0,0.0,0.0,1022.5801388943381
2026-02-22T05:00:00Z,2026-02-22T05:15:00Z,2026-02-22,2026-02-22_25,0.0,36,100,0,73.35629901118004,80.55963615403718,0.02000926984126984,0.0,7.829714285714286,True,True,True,False,0.0,0.0,37.098913171420726,31.869188213599088,0.0,2726.018233833495,2794.986335218515
2026-02-22T05:15:00Z,2026-02-22T05:30:00Z,2026-02-22,2026-02-22_26,64.00000000000003,36,100,0,80.55963615403718,79.835022747826,0.031877592160110414,0.0,16.230857142857143,True,True,True,False,999.8400000000005,0.0,37.098913171420726,31.869188213599088,0.0,2262.652937912325,3331.461039297345
2026-02-22T05:30:00Z,2026-02-22T05:45:00Z,2026-02-22,2026-02-22_27,0.0,36,100,0,79.835022747826,82.3874133068322,0.0071247563837129055,0.00576,2.781142857142857,True,True,True,False,0.0,0.0,37.098913171420726,31.869188213599088,0.6339231765213638,-36.782733942794366,32.81929061874681
2026-02-22T05:45:00Z,2026-02-22T06:00:00Z,2026-02-22,2026-02-22_28,63.99999999999997,36,100,0,82.3874133068322,65.01973763975147,0.048342377805382995,0.029005714285714284,0.053714285714285714,True,True,True,False,1174.8799999999997,0.0,37.098913171420726,31.869188213599088,3.1922559960540102,-4.09810895190265,1242.9422484291708
2026-02-22T06:00:00Z,2026-02-22T06:15:00Z,2026-02-22,2026-02-22_29,0.0,0,0,100,65.01973763975147,65.01973763975147,0.0,0.0,0.0,True,True,True,False,0.0,1022.5801388943381,0.0,0.0,0.0,0.0,1022.5801388943381
2026-02-22T06:15:00Z,2026-02-22T06:30:00Z,2026-02-22,2026-02-22_30,0.0,0,0,100,65.01973763975147,65.01973763975147,0.0,0.0,0.0,True,True,True,False,0.0,1022.5801388943381,0.0,0.0,0.0,0.0,1022.5801388943381
2026-02-22T06:30:00Z,2026-02-22T06:45:00Z,2026-02-22,2026-02-22_31,0.0,0,0,100,65.01973763975147,65.01973763975147,0.0,0.0,0.0,True,True,True,False,0.0,1022.5801388943381,0.0,0.0,0.0,0.0,1022.5801388943381
2026-02-22T06:45:00Z,2026-02-22T07:00:00Z,2026-02-22,2026-02-22_32,0.0,0,0,100,65.01973763975147,65.01973763975147,0.0,0.0,0.0,True,True,True,False,0.0,1022.5801388943381,0.0,0.0,0.0,0.0,1022.5801388943381
2026-02-22T07:00:00Z,2026-02-22T07:15:00Z,2026-02-22,2026-02-22_33,0.0,0,0,100,65.01973763975147,65.01973763975147,0.0,0.0,0.0,True,True,True,False,0.0,1022.5801388943381,0.0,0.0,0.0,0.0,1022.5801388943381
2026-02-22T07:15:00Z,2026-02-22T07:30:00Z,2026-02-22,2026-02-22_34,0.0,0,0,100,65.01973763975147,65.01973763975147,0.0,0.0,0.0,True,True,True,False,0.0,1022.5801388943381,0.0,0.0,0.0,0.0,1022.5801388943381
2026-02-22T07:30:00Z,2026-02-22T07:45:00Z,2026-02-22,2026-02-22_35,0.0,0,0,100,65.01973763975147,65.01973763975147,0.0,0.0,0.0,True,True,True,False,0.0,1022.5801388943381,0.0,0.0,0.0,0.0,1022.5801388943381
2026-02-22T07:45:00Z,2026-02-22T08:00:00Z,2026-02-22,2026-02-22_36,0.0,0,0,100,65.01973763975147,65.01973763975147,0.0,0.0,0.0,True,True,True,False,0.0,1022.5801388943381,0.0,0.0,0.0,0.0,1022.5801388943381
2026-02-22T08:00:00Z,2026-02-22T08:15:00Z,2026-02-22,2026-02-22_37,0.0,0,0,100,65.01973763975147,65.01973763975147,0.0,0.0,0.0,True,False,True,False,0.0,1022.5801388943381,0.0,0.0,0.0,0.0,1022.5801388943381
2026-02-22T08:15:00Z,2026-02-22T08:30:00Z,2026-02-22,2026-02-22_38,0.0,0,0,100,65.01973763975147,65.01973763975147,0.0,0.0,0.0,True,False,True,False,0.0,1022.5801388943381,0.0,0.0,0.0,0.0,1022.5801388943381
2026-02-22T08:30:00Z,2026-02-22T08:45:00Z,2026-02-22,2026-02-22_39,0.0,0,0,100,65.01973763975147,65.01973763975147,0.0,0.0,0.0,True,False,True,False,0.0,1022.5801388943381,0.0,0.0,0.0,0.0,1022.5801388943381
2026-02-22T08:45:00Z,2026-02-22T09:00:00Z,2026-02-22,2026-02-22_40,0.0,0,0,100,65.01973763975147,65.01973763975147,0.0,0.0,0.0,True,False,True,False,0.0,1022.5801388943381,0.0,0.0,0.0,0.0,1022.5801388943381
2026-02-22T09:00:00Z,2026-02-22T09:15:00Z,2026-02-22,2026-02-22_41,0.0,0,0,100,65.01973763975147,65.01973763975147,0.0,0.0,0.0,True,True,True,False,0.0,1022.5801388943381,0.0,0.0,0.0,0.0,1022.5801388943381
2026-02-22T09:15:00Z,2026-02-22T09:30:00Z,2026-02-22,2026-02-22_42,0.0,0,0,100,65.01973763975147,65.01973763975147,0.0,0.0,0.0,True,True,True,False,0.0,1022.5801388943381,0.0,0.0,0.0,0.0,1022.5801388943381
2026-02-22T09:30:00Z,2026-02-22T09:45:00Z,2026-02-22,2026-02-22_43,0.0,0,0,100,65.01973763975147,65.01973763975147,0.0,0.0,0.0,True,True,True,False,0.0,1022.5801388943381,0.0,0.0,0.0,0.0,1022.5801388943381
2026-02-22T09:45:00Z,2026-02-22T10:00:00Z,2026-02-22,2026-02-22_44,0.0,0,0,100,65.01973763975147,65.01973763975147,0.0,0.0,0.0,True,True,True,False,0.0,1022.5801388943381,0.0,0.0,0.0,0.0,1022.5801388943381
2026-02-22T10:00:00Z,2026-02-22T10:15:00Z,2026-02-22,2026-02-22_45,0.0,0,0,100,65.01973763975147,65.01973763975147,0.0,0.0,0.0,True,True,True,False,0.0,1022.5801388943381,0.0,0.0,0.0,0.0,1022.5801388943381
2026-02-22T10:15:00Z,2026-02-22T10:30:00Z,2026-02-22,2026-02-22_46,0.0,0,0,100,65.01973763975147,65.01973763975147,0.0,0.0,0.0,True,True,True,False,0.0,1022.5801388943381,0.0,0.0,0.0,0.0,1022.5801388943381
2026-02-22T10:30:00Z,2026-02-22T10:45:00Z,2026-02-22,2026-02-22_47,0.0,0,0,100,65.01973763975147,65.01973763975147,0.0,0.0,0.0,True,True,True,False,0.0,1022.5801388943381,0.0,0.0,0.0,0.0,1022.5801388943381
2026-02-22T10:45:00Z,2026-02-22T11:00:00Z,2026-02-22,2026-02-22_48,0.0,0,0,100,65.01973763975147,65.01973763975147,0.0,0.0,0.0,True,True,True,False,0.0,1022.5801388943381,0.0,0.0,0.0,0.0,1022.5801388943381
2026-02-22T11:00:00Z,2026-02-22T11:15:00Z,2026-02-22,2026-02-22_49,-9.999999999999957,10,0,90,65.01973763975147,67.31842335403717,0.00638523809523807,0.0014285714285714288,0.0,True,True,True,False,-21.09999999999991,920.3221250049044,10.287597598775847,0.0,0.12611471394380327,0.0,909.6358373176241
2026-02-22T11:15:00Z,2026-02-22T11:30:00Z,2026-02-22,2026-02-22_50,-9.999999999999957,10,0,90,67.31842335403717,69.61842335403715,0.006388888888888862,0.0,0.0,True,True,True,False,-21.09999999999991,920.3221250049044,10.287597598775847,0.0,0.0,0.0,909.5097226036803
2026-02-22T11:30:00Z,2026-02-22T11:45:00Z,2026-02-22,2026-02-22_51,-9.999999999999957,10,0,90,69.61842335403715,71.91842335403713,0.006388888888888862,0.0,0.0,True,True,True,False,-21.07499999999991,920.3221250049044,10.287597598775847,0.0,0.0,0.0,909.5347226036803
2026-02-22T11:45:00Z,2026-02-22T12:00:00Z,2026-02-22,2026-02-22_52,-9.999999999999957,10,0,90,71.91842335403713,74.21842335403713,0.0063888888888888615,0.0,0.0,True,True,True,False,-21.07499999999991,920.3221250049044,10.287597598775847,0.0,0.0,0.0,909.5347226036803
2026-02-22T12:00:00Z,2026-02-22T12:15:00Z,2026-02-22,2026-02-22_53,0.0,100,100,0,74.21842335403713,78.26589763975142,0.011242984126984129,0.0,4.3994285714285715,True,True,True,False,0.0,0.0,102.96425628751912,32.36944324557618,0.0,-9.917572431884041,125.41612710121126
2026-02-22T12:15:00Z,2026-02-22T12:30:00Z,2026-02-22,2026-02-22_54,0.0,100,100,0,78.26589763975142,90.00720049689427,0.03261473015873016,0.0,12.762285714285715,True,True,True,False,0.0,0.0,102.96425628751912,32.36944324557618,0.0,999.3510156998806,1134.6847152329758
2026-02-22T12:30:00Z,2026-02-22T12:45:00Z,2026-02-22,2026-02-22_55,0.0,100,100,0,90.00720049689427,107.53714335403713,0.04869428571428571,0.0,19.05428571428571,True,True,True,False,0.0,0.0,102.96425628751912,32.36944324557618,0.0,2526.2235845725268,2661.557284105622
2026-02-22T12:45:00Z,2026-02-22T13:00:00Z,2026-02-22,2026-02-22_56,0.0,100,100,0,107.53714335403713,129.1602976397514,0.06006431746031746,0.0,23.50342857142857,True,True,True,False,0.0,0.0,102.96425628751912,32.36944324557618,0.0,6652.635912650146,6787.969612183241
2026-02-22T13:00:00Z,2026-02-22T13:15:00Z,2026-02-22,2026-02-22_57,0.0,100,100,0,129.1602976397514,144.54217192546568,0.042727428571428576,0.0,16.719428571428573,True,True,True,False,0.0,0.0,105.25954408129635,32.36944324557618,0.0,3391.3012711242145,3528.930258451087
2026-02-22T13:15:00Z,2026-02-22T13:30:00Z,2026-02-22,2026-02-22_58,0.0,100,100,0,144.54217192546568,149.95244173913025,0.015042329882677709,0.002285714285714286,5.8834285714285715,True,True,True,False,0.0,0.0,105.25954408129635,32.36944324557618,0.1569427551300663,76.61938220605461,214.40531228805722
2026-02-22T13:30:00Z,2026-02-22T13:45:00Z,2026-02-22,2026-02-22_59,0.0,100,100,0,149.95244173913025,147.43777639751536,0.007034832298136646,2.3217142857142856,0.009714285714285715,True,True,True,False,0.0,0.0,105.25954408129635,32.36944324557618,243.6351604459416,-0.7622933820603222,380.5018543907538
2026-02-22T13:45:00Z,2026-02-22T14:00:00Z,2026-02-22,2026-02-22_60,0.0,100,100,0,147.43777639751536,143.99926708074517,0.009551414768806072,3.1634285714285713,0.0,True,True,True,False,0.0,0.0,105.25954408129635,32.36944324557618,327.5427620803883,0.0,465.1717494072608
2026-02-22T14:00:00Z,2026-02-22T14:15:00Z,2026-02-22,2026-02-22_61,0.0,0,0,100,143.99926708074517,143.99926708074517,0.0,0.0,0.0,True,False,True,False,0.0,1022.5801388943381,0.0,0.0,0.0,0.0,1022.5801388943381
2026-02-22T14:15:00Z,2026-02-22T14:30:00Z,2026-02-22,2026-02-22_62,0.0,0,0,100,143.99926708074517,143.99926708074517,0.0,0.0,0.0,True,False,True,False,0.0,1022.5801388943381,0.0,0.0,0.0,0.0,1022.5801388943381
2026-02-22T14:30:00Z,2026-02-22T14:45:00Z,2026-02-22,2026-02-22_63,0.0,0,0,100,143.99926708074517,143.99926708074517,0.0,0.0,0.0,True,False,True,False,0.0,1022.5801388943381,0.0,0.0,0.0,0.0,1022.5801388943381
2026-02-22T14:45:00Z,2026-02-22T15:00:00Z,2026-02-22,2026-02-22_64,0.0,0,0,100,143.99926708074517,143.99926708074517,0.0,0.0,0.0,True,False,True,False,0.0,1022.5801388943381,0.0,0.0,0.0,0.0,1022.5801388943381
2026-02-22T15:00:00Z,2026-02-22T15:15:00Z,2026-02-22,2026-02-22_65,0.0,0,0,100,143.99926708074517,143.99926708074517,0.0,0.0,0.0,True,True,True,False,0.0,1022.5801388943381,0.0,0.0,0.0,0.0,1022.5801388943381
2026-02-22T15:15:00Z,2026-02-22T15:30:00Z,2026-02-22,2026-02-22_66,0.0,0,0,100,143.99926708074517,143.99926708074517,0.0,0.0,0.0,True,True,True,False,0.0,1022.5801388943381,0.0,0.0,0.0,0.0,1022.5801388943381
2026-02-22T15:30:00Z,2026-02-22T15:45:00Z,2026-02-22,2026-02-22_67,0.0,0,0,100,143.99926708074517,143.99926708074517,0.0,0.0,0.0,True,True,True,False,0.0,1022.5801388943381,0.0,0.0,0.0,0.0,1022.5801388943381
2026-02-22T15:45:00Z,2026-02-22T16:00:00Z,2026-02-22,2026-02-22_68,0.0,0,0,100,143.99926708074517,143.99926708074517,0.0,0.0,0.0,True,True,True,False,0.0,1022.5801388943381,0.0,0.0,0.0,0.0,1022.5801388943381
2026-02-22T16:00:00Z,2026-02-22T16:15:00Z,2026-02-22,2026-02-22_69,0.0,0,0,100,143.99926708074517,143.99926708074517,0.0,0.0,0.0,True,True,True,False,0.0,1022.5801388943381,0.0,0.0,0.0,0.0,1022.5801388943381
2026-02-22T16:15:00Z,2026-02-22T16:30:00Z,2026-02-22,2026-02-22_70,0.0,0,0,100,143.99926708074517,143.99926708074517,0.0,0.0,0.0,True,True,True,False,0.0,1022.5801388943381,0.0,0.0,0.0,0.0,1022.5801388943381
2026-02-22T16:30:00Z,2026-02-22T16:45:00Z,2026-02-22,2026-02-22_71,0.0,0,0,100,143.99926708074517,143.99926708074517,0.0,0.0,0.0,True,True,True,False,0.0,1022.5801388943381,0.0,0.0,0.0,0.0,1022.5801388943381
2026-02-22T16:45:00Z,2026-02-22T17:00:00Z,2026-02-22,2026-02-22_72,0.0,0,0,100,143.99926708074517,143.99926708074517,0.0,0.0,0.0,True,True,True,False,0.0,1022.5801388943381,0.0,0.0,0.0,0.0,1022.5801388943381
2026-02-22T17:00:00Z,2026-02-22T17:15:00Z,2026-02-22,2026-02-22_73,0.0,0,0,100,143.99926708074517,143.99926708074517,0.0,0.0,0.0,True,True,True,False,0.0,1022.5801388943381,0.0,0.0,0.0,0.0,1022.5801388943381
2026-02-22T17:15:00Z,2026-02-22T17:30:00Z,2026-02-22,2026-02-22_74,0.0,0,0,100,143.99926708074517,143.99926708074517,0.0,0.0,0.0,True,True,True,False,0.0,1022.5801388943381,0.0,0.0,0.0,0.0,1022.5801388943381
2026-02-22T17:30:00Z,2026-02-22T17:45:00Z,2026-02-22,2026-02-22_75,0.0,0,0,100,143.99926708074517,143.99926708074517,0.0,0.0,0.0,True,True,True,False,0.0,1022.5801388943381,0.0,0.0,0.0,0.0,1022.5801388943381
2026-02-22T17:45:00Z,2026-02-22T18:00:00Z,2026-02-22,2026-02-22_76,0.0,0,0,100,143.99926708074517,143.99926708074517,0.0,0.0,0.0,True,True,True,False,0.0,1022.5801388943381,0.0,0.0,0.0,0.0,1022.5801388943381
2026-02-22T18:00:00Z,2026-02-22T18:15:00Z,2026-02-22,2026-02-22_77,100.0,0,100,0,143.99926708074517,121.37007453416133,0.06285886818495513,0.0,4.1811428571428575,True,True,True,False,2493.5,0.0,0.0,32.39887001216306,0.0,-179.82671031169951,2346.0721597004635
2026-02-22T18:15:00Z,2026-02-22T18:30:00Z,2026-02-22,2026-02-22_78,100.0,0,100,0,121.37007453416133,101.27504347826071,0.05581953071083506,0.0,6.5125714285714285,True,True,True,False,2421.25,0.0,0.0,32.39887001216306,0.0,-255.7155920385182,2197.933277973645
2026-02-22T18:30:00Z,2026-02-22T18:45:00Z,2026-02-22,2026-02-22_79,99.99999999999996,0,100,0,101.27504347826071,96.5408819875775,0.013150448585231208,0.0,20.644571428571428,True,True,True,False,2435.499999999999,0.0,0.0,32.39887001216306,0.0,1724.7576738841647,4192.656543896327
2026-02-22T18:45:00Z,2026-02-22T19:00:00Z,2026-02-22,2026-02-22_80,100.0,0,100,0,96.5408819875775,80.96137888198744,0.04327639751552794,0.0,10.666857142857143,True,True,True,False,2302.5,0.0,0.0,32.39887001216306,0.0,-295.8674875146433,2039.0313824975196
2026-02-22T19:00:00Z,2026-02-22T19:15:00Z,2026-02-22,2026-02-22_81,22.0,0,22,78,80.96137888198744,76.06439751552782,0.013602726017943411,0.0,0.9947771428571429,True,True,True,False,524.04,797.6125083375837,0.0,7.134225291324988,0.0,-30.42116478204575,1298.365568846863
2026-02-22T19:15:00Z,2026-02-22T19:30:00Z,2026-02-22,2026-02-22_82,22.0,0,22,78,76.06439751552782,73.0773167701862,0.008297446514837818,0.0,2.7518857142857147,True,True,True,False,526.24,797.6125083375837,0.0,7.134225291324988,0.0,88.23050693630927,1419.217240565218
2026-02-22T19:30:00Z,2026-02-22T19:45:00Z,2026-02-22,2026-02-22_83,22.0,0,22,78,73.0773167701862,69.77308074534147,0.009178433402346446,0.0,2.460102857142857,True,True,True,False,517.11,797.6125083375837,0.0,7.134225291324988,0.0,-50.53794695110672,1271.3187866778019
2026-02-22T19:45:00Z,2026-02-22T20:00:00Z,2026-02-22,2026-02-22_84,22.0,0,22,78,69.77308074534147,64.34782608695637,0.015070151828847477,0.0,0.5087657142857143,True,True,True,False,479.71,797.6125083375837,0.0,7.134225291324988,0.0,-17.823268462913866,1266.6334651659947
2026-02-22T20:00:00Z,2026-02-22T20:15:00Z,2026-02-22,2026-02-22_85,0.0,0,0,100,64.34782608695637,64.34782608695637,0.0,0.0,0.0,True,True,True,False,0.0,1022.5801388943381,0.0,0.0,0.0,0.0,1022.5801388943381
2026-02-22T20:15:00Z,2026-02-22T20:30:00Z,2026-02-22,2026-02-22_86,0.0,0,0,100,64.34782608695637,64.34782608695637,0.0,0.0,0.0,True,True,True,False,0.0,1022.5801388943381,0.0,0.0,0.0,0.0,1022.5801388943381
2026-02-22T20:30:00Z,2026-02-22T20:45:00Z,2026-02-22,2026-02-22_87,0.0,0,0,100,64.34782608695637,64.34782608695637,0.0,0.0,0.0,True,True,True,False,0.0,1022.5801388943381,0.0,0.0,0.0,0.0,1022.5801388943381
2026-02-22T20:45:00Z,2026-02-22T21:00:00Z,2026-02-22,2026-02-22_88,0.0,0,0,100,64.34782608695637,64.34782608695637,0.0,0.0,0.0,True,True,True,False,0.0,1022.5801388943381,0.0,0.0,0.0,0.0,1022.5801388943381
2026-02-22T21:00:00Z,2026-02-22T21:15:00Z,2026-02-22,2026-02-22_89,0.0,0,0,100,64.34782608695637,64.34782608695637,0.0,0.0,0.0,True,True,True,False,0.0,1022.5801388943381,0.0,0.0,0.0,0.0,1022.5801388943381
2026-02-22T21:15:00Z,2026-02-22T21:30:00Z,2026-02-22,2026-02-22_90,0.0,0,0,100,64.34782608695637,64.34782608695637,0.0,0.0,0.0,True,True,True,False,0.0,1022.5801388943381,0.0,0.0,0.0,0.0,1022.5801388943381
2026-02-22T21:30:00Z,2026-02-22T21:45:00Z,2026-02-22,2026-02-22_91,0.0,0,0,100,64.34782608695637,64.34782608695637,0.0,0.0,0.0,True,True,True,False,0.0,1022.5801388943381,0.0,0.0,0.0,0.0,1022.5801388943381
2026-02-22T21:45:00Z,2026-02-22T22:00:00Z,2026-02-22,2026-02-22_92,0.0,0,0,100,64.34782608695637,64.34782608695637,0.0,0.0,0.0,True,True,True,False,0.0,1022.5801388943381,0.0,0.0,0.0,0.0,1022.5801388943381
2026-02-22T22:00:00Z,2026-02-22T22:15:00Z,2026-02-23,2026-02-22_93,0.0,0,0,100,64.34782608695637,64.34782608695637,0.0,0.0,0.0,True,True,True,False,0.0,1022.5801388943381,0.0,0.0,0.0,0.0,1022.5801388943381
2026-02-22T22:15:00Z,2026-02-22T22:30:00Z,2026-02-23,2026-02-22_94,0.0,0,0,100,64.34782608695637,64.34782608695637,0.0,0.0,0.0,True,True,True,False,0.0,1022.5801388943381,0.0,0.0,0.0,0.0,1022.5801388943381
2026-02-22T22:30:00Z,2026-02-22T22:45:00Z,2026-02-23,2026-02-22_95,0.0,0,0,100,64.34782608695637,64.34782608695637,0.0,0.0,0.0,True,True,True,False,0.0,1022.5801388943381,0.0,0.0,0.0,0.0,1022.5801388943381
2026-02-22T22:45:00Z,2026-02-22T23:00:00Z,2026-02-23,2026-02-22_96,0.0,0,0,100,64.34782608695637,64.34782608695637,0.0,0.0,0.0,True,True,True,False,0.0,1022.5801388943381,0.0,0.0,0.0,0.0,1022.5801388943381
2026-02-22T23:00:00Z,2026-02-22T23:15:00Z,2026-02-23,2026-02-23_1,0.0,0,0,100,64.34782608695637,64.34782608695637,0.0,0.0,0.0,True,True,True,False,0.0,1022.5801388943381,0.0,0.0,0.0,0.0,1022.5801388943381
2026-02-22T23:15:00Z,2026-02-22T23:30:00Z,2026-02-23,2026-02-23_2,0.0,0,0,100,64.34782608695637,64.34782608695637,0.0,0.0,0.0,True,True,True,False,0.0,1022.5801388943381,0.0,0.0,0.0,0.0,1022.5801388943381
2026-02-22T23:30:00Z,2026-02-22T23:45:00Z,2026-02-23,2026-02-23_3,0.0,0,0,100,64.34782608695637,64.34782608695637,0.0,0.0,0.0,True,True,True,False,0.0,1022.5801388943381,0.0,0.0,0.0,0.0,1022.5801388943381
2026-02-22T23:45:00Z,2026-02-23T00:00:00Z,2026-02-23,2026-02-23_4,0.0,0,0,100,64.34782608695637,64.34782608695637,0.0,0.0,0.0,True,True,True,False,0.0,1022.5801388943381,0.0,0.0,0.0,0.0,1022.5801388943381
2026-02-23T00:00:00Z,2026-02-23T00:15:00Z,2026-02-23,2026-02-23_5,0.0,100,100,0,64.34782608695637,69.66858037267066,0.014779873015873017,0.0,5.783428571428572,True,True,True,False,0.0,0.0,103.4645113194962,32.98740534390082,0.0,-72.96963650936891,63.4822801540281
2026-02-23T00:15:00Z,2026-02-23T00:30:00Z,2026-02-23,2026-02-23_6,0.0,100,100,0,69.66858037267066,83.74563180124208,0.039102920634920636,0.0,15.301142857142857,True,True,True,False,0.0,0.0,103.4645113194962,32.98740534390082,0.0,967.2253014141662,1103.6772180775633
2026-02-23T00:30:00Z,2026-02-23T00:45:00Z,2026-02-23,2026-02-23_7,0.0,100,100,0,83.74563180124208,103.46938037267066,0.054788190476190476,0.0,21.43885714285714,True,True,True,False,0.0,0.0,103.4645113194962,32.98740534390082,0.0,2422.173637652809,2558.625554316206
2026-02-23T00:45:00Z,2026-02-23T01:00:00Z,2026-02-23,2026-02-23_8,0.0,100,100,0,103.46938037267066,125.62087751552781,0.06153193650793653,0.0,24.07771428571429,True,True,True,False,0.0,0.0,103.4645113194962,32.98740534390082,0.0,5946.988538022185,6083.440454685582
2026-02-23T01:00:00Z,2026-02-23T01:15:00Z,2026-02-23,2026-02-23_9,0.0,0,0,100,125.62087751552781,125.62087751552781,0.0,0.0,0.0,True,True,True,False,0.0,1022.5801388943381,0.0,0.0,0.0,0.0,1022.5801388943381
2026-02-23T01:15:00Z,2026-02-23T01:30:00Z,2026-02-23,2026-02-23_10,0.0,0,0,100,125.62087751552781,125.62087751552781,0.0,0.0,0.0,True,True,True,False,0.0,1022.5801388943381,0.0,0.0,0.0,0.0,1022.5801388943381
2026-02-23T01:30:00Z,2026-02-23T01:45:00Z,2026-02-23,2026-02-23_11,0.0,0,0,100,125.62087751552781,125.62087751552781,0.0,0.0,0.0,True,True,True,False,0.0,1022.5801388943381,0.0,0.0,0.0,0.0,1022.5801388943381
2026-02-23T01:45:00Z,2026-02-23T02:00:00Z,2026-02-23,2026-02-23_12,0.0,0,0,100,125.62087751552781,125.62087751552781,0.0,0.0,0.0,True,True,True,False,0.0,1022.5801388943381,0.0,0.0,0.0,0.0,1022.5801388943381
2026-02-23T02:00:00Z,2026-02-23T02:15:00Z,2026-02-23,2026-02-23_13,0.0,0,0,100,125.62087751552781,125.62087751552781,0.0,0.0,0.0,True,True,True,False,0.0,1022.5801388943381,0.0,0.0,0.0,0.0,1022.5801388943381
2026-02-23T02:15:00Z,2026-02-23T02:30:00Z,2026-02-23,2026-02-23_14,0.0,0,0,100,125.62087751552781,125.62087751552781,0.0,0.0,0.0,True,True,True,False,0.0,1022.5801388943381,0.0,0.0,0.0,0.0,1022.5801388943381
2026-02-23T02:30:00Z,2026-02-23T02:45:00Z,2026-02-23,2026-02-23_15,0.0,0,0,100,125.62087751552781,125.62087751552781,0.0,0.0,0.0,True,True,True,False,0.0,1022.5801388943381,0.0,0.0,0.0,0.0,1022.5801388943381
2026-02-23T02:45:00Z,2026-02-23T03:00:00Z,2026-02-23,2026-02-23_16,0.0,0,0,100,125.62087751552781,125.62087751552781,0.0,0.0,0.0,True,True,True,False,0.0,1022.5801388943381,0.0,0.0,0.0,0.0,1022.5801388943381
2026-02-23T03:00:00Z,2026-02-23T03:15:00Z,2026-02-23,2026-02-23_17,0.0,34,100,0,125.62087751552781,136.02318608695637,0.028895301587301588,0.0,11.306857142857142,True,True,True,False,0.0,0.0,35.0078471377565,32.98740534390082,0.0,659.6568719066862,727.6521243883435
2026-02-23T03:15:00Z,2026-02-23T03:30:00Z,2026-02-23,2026-02-23_18,64.85822040315726,34,100,0,136.02318608695637,136.99182576894404,0.029786541367185424,0.0,18.081714285714288,True,True,True,False,768.0834751243898,0.0,35.0078471377565,32.98740534390082,0.0,1714.6235474667758,2550.702275072823
2026-02-23T03:30:00Z,2026-02-23T03:45:00Z,2026-02-23,2026-02-23_19,66.00000000000026,34,100,0,136.99182576894404,141.50167393788809,0.025333360165631355,0.0,21.786857142857144,True,True,True,False,827.3100000000032,0.0,35.0078471377565,32.98740534390082,0.0,2648.162695155513,3543.467947637174
2026-02-23T03:45:00Z,2026-02-23T04:00:00Z,2026-02-23,2026-02-23_20,66.00000000000026,34,100,0,141.50167393788809,143.99999999999983,0.027527786335403637,0.0,19.834285714285716,True,True,True,False,868.2300000000033,0.0,35.0078471377565,32.98740534390082,0.0,2444.7369986940125,3380.9622511756734
2026-02-23T04:00:00Z,2026-02-23T04:15:00Z,2026-02-23,2026-02-23_21,0.0,0,0,100,143.99999999999983,143.99999999999983,0.0,0.0,0.0,True,True,True,False,0.0,1022.5801388943381,0.0,0.0,0.0,0.0,1022.5801388943381
2026-02-23T04:15:00Z,2026-02-23T04:30:00Z,2026-02-23,2026-02-23_22,0.0,0,0,100,143.99999999999983,143.99999999999983,0.0,0.0,0.0,True,True,True,False,0.0,1022.5801388943381,0.0,0.0,0.0,0.0,1022.5801388943381
2026-02-23T04:30:00Z,2026-02-23T04:45:00Z,2026-02-23,2026-02-23_23,0.0,0,0,100,143.99999999999983,143.99999999999983,0.0,0.0,0.0,True,True,True,False,0.0,1022.5801388943381,0.0,0.0,0.0,0.0,1022.5801388943381
2026-02-23T04:45:00Z,2026-02-23T05:00:00Z,2026-02-23,2026-02-23_24,0.0,0,0,100,143.99999999999983,143.99999999999983,0.0,0.0,0.0,True,True,True,False,0.0,1022.5801388943381,0.0,0.0,0.0,0.0,1022.5801388943381
2026-02-23T05:00:00Z,2026-02-23T05:15:00Z,2026-02-23,2026-02-23_25,0.0,0,100,0,143.99999999999983,156.87631999999982,0.03576755555555556,0.0,13.996,True,True,True,False,0.0,0.0,0.0,31.869188213599088,0.0,5254.340132616628,5286.209320830227
2026-02-23T05:15:00Z,2026-02-23T05:30:00Z,2026-02-23,2026-02-23_26,0.0,0,100,0,156.87631999999982,157.6927542857141,0.002267873015873016,0.0,0.8874285714285715,True,True,True,False,0.0,0.0,0.0,31.869188213599088,0.0,-36.78161101738141,-4.91242280378232
2026-02-23T05:30:00Z,2026-02-23T05:45:00Z,2026-02-23,2026-02-23_27,100.0,0,100,0,157.6927542857141,139.3648039751551,0.050910973084886124,0.0,8.138285714285715,True,True,True,False,2493.75,0.0,0.0,31.869188213599088,0.0,-24.10480592346799,2501.514382290131
2026-02-23T05:45:00Z,2026-02-23T06:00:00Z,2026-02-23,2026-02-23_28,100.0,0,100,0,139.3648039751551,117.82629465838491,0.05982919254658385,0.0,5.184571428571429,True,True,True,False,2604.25,0.0,0.0,31.869188213599088,0.0,-119.46666748874776,2516.6525207248515
2026-02-23T06:00:00Z,2026-02-23T06:15:00Z,2026-02-23,2026-02-23_29,0.0,0,0,100,117.82629465838491,117.82629465838491,0.0,0.0,0.0,True,True,True,False,0.0,1022.5801388943381,0.0,0.0,0.0,0.0,1022.5801388943381
2026-02-23T06:15:00Z,2026-02-23T06:30:00Z,2026-02-23,2026-02-23_30,0.0,0,0,100,117.82629465838491,117.82629465838491,0.0,0.0,0.0,True,True,True,False,0.0,1022.5801388943381,0.0,0.0,0.0,0.0,1022.5801388943381
2026-02-23T06:30:00Z,2026-02-23T06:45:00Z,2026-02-23,2026-02-23_31,0.0,0,0,100,117.82629465838491,117.82629465838491,0.0,0.0,0.0,True,True,True,False,0.0,1022.5801388943381,0.0,0.0,0.0,0.0,1022.5801388943381
2026-02-23T06:45:00Z,2026-02-23T07:00:00Z,2026-02-23,2026-02-23_32,0.0,0,0,100,117.82629465838491,117.82629465838491,0.0,0.0,0.0,True,True,True,False,0.0,1022.5801388943381,0.0,0.0,0.0,0.0,1022.5801388943381
2026-02-23T07:00:00Z,2026-02-23T07:15:00Z,2026-02-23,2026-02-23_33,100.0,0,100,0,117.82629465838491,98.2623195031054,0.05434437543133196,0.0,7.001142857142857,True,True,True,False,2987.5,0.0,0.0,31.162945815513787,0.0,-130.7230693518825,2887.939876463631
2026-02-23T07:15:00Z,2026-02-23T07:30:00Z,2026-02-23,2026-02-23_34,100.0,0,100,0,98.2623195031054,87.34182260869547,0.030334713595583162,0.0,14.953142857142856,True,True,True,False,2874.75,0.0,0.0,31.162945815513787,0.0,523.1047868661334,3429.017732681647
2026-02-23T07:30:00Z,2026-02-23T07:45:00Z,2026-02-23,2026-02-23_35,88.34862863398435,0,100,0,87.34182260869547,74.94177438012399,0.04092003333542867,0.0,10.873714285714286,True,True,True,False,1972.1622626821156,0.0,0.0,31.162945815513787,0.0,-109.7973374661592,1893.52787103147
2026-02-23T07:45:00Z,2026-02-23T08:00:00Z,2026-02-23,2026-02-23_36,100.0,0,100,0,74.94177438012399,58.69705388322958,0.04512422360248447,0.0,10.054857142857143,True,True,True,False,2674.25,0.0,0.0,31.162945815513787,0.0,2756.3631148652817,5461.776060680795
2026-02-23T08:00:00Z,2026-02-23T08:15:00Z,2026-02-23,2026-02-23_37,100.0,0,100,0,58.69705388322958,52.03183649192523,0.018514492753623192,0.0,18.868,True,True,True,False,2944.25,0.0,0.0,31.162945815513787,0.0,2450.730147918546,5426.14309373406
2026-02-23T08:15:00Z,2026-02-23T08:30:00Z,2026-02-23,2026-02-23_38,100.0,0,100,0,52.03183649192523,34.23680543602461,0.04943064182194616,0.0,8.628571428571428,True,True,True,False,2867.25,0.0,0.0,31.162945815513787,0.0,41.660017151601096,2940.072962967115
2026-02-23T08:30:00Z,2026-02-23T08:45:00Z,2026-02-23,2026-02-23_39,100.0,0,100,0,34.23680543602461,10.220656367701629,0.06671152518978606,0.0,2.905142857142857,True,True,True,False,2607.25,0.0,0.0,31.162945815513787,0.0,-126.96592481321008,2511.4470210023037
2026-02-23T08:45:00Z,2026-02-23T09:00:00Z,2026-02-23,2026-02-23_40,0.0,0,100,0,10.220656367701629,13.433822081987344,0.008925460317460318,0.0,3.492571428571429,True,True,True,False,0.0,0.0,0.0,31.162945815513787,0.0,-137.5260808591495,-106.36313504363571
2026-02-23T09:00:00Z,2026-02-23T09:15:00Z,2026-02-23,2026-02-23_41,-100.0,100,0,0,13.433822081987344,36.415422081987344,0.06383777777777778,0.02,0.0,True,True,True,False,-1419.5,0.0,104.75928904931926,0.0,1.9617844391258288,0.0,-1312.7789265115548
2026-02-23T09:15:00Z,2026-02-23T09:30:00Z,2026-02-23,2026-02-23_42,-100.0,100,0,0,36.415422081987344,57.52442779627306,0.05863612698412699,2.055428571428571,0.0,True,True,True,False,-319.25,0.0,104.75928904931926,0.0,251.40753560638748,0.0,36.91682465570675
2026-02-23T09:30:00Z,2026-02-23T09:45:00Z,2026-02-23,2026-02-23_43,-100.0,100,0,0,57.52442779627306,80.52442779627306,0.0638888888888889,0.0,0.0,True,True,True,False,-275.25,0.0,104.75928904931926,0.0,0.0,0.0,-170.49071095068075
2026-02-23T09:45:00Z,2026-02-23T10:00:00Z,2026-02-23,2026-02-23_44,-100.0,100,0,0,80.52442779627306,103.52442779627307,0.0638888888888889,0.0,0.0,True,True,True,False,-275.0,0.0,104.75928904931926,0.0,0.0,0.0,-170.24071095068075
2026-02-23T10:00:00Z,2026-02-23T10:15:00Z,2026-02-23,2026-02-23_45,-1.0000000000000284,1,0,99,103.52442779627307,103.75442779627308,0.000638888888888907,0.0,0.0,True,True,True,False,-3.1950000000000904,1012.3543375053947,1.0470043551614547,0.0,0.0,0.0,1010.2063418605561
2026-02-23T10:15:00Z,2026-02-23T10:30:00Z,2026-02-23,2026-02-23_46,-1.0000000000000284,1,0,99,103.75442779627308,103.98442779627308,0.000638888888888907,0.0,0.0,True,True,True,False,-2.555000000000073,1012.3543375053947,1.0470043551614547,0.0,0.0,0.0,1010.8463418605561
2026-02-23T10:30:00Z,2026-02-23T10:45:00Z,2026-02-23,2026-02-23_47,-1.0000000000000284,1,0,99,103.98442779627308,104.21442779627309,0.000638888888888907,0.0,0.0,True,True,True,False,-8.45750000000024,1012.3543375053947,1.0470043551614547,0.0,0.0,0.0,1004.943841860556
2026-02-23T10:45:00Z,2026-02-23T11:00:00Z,2026-02-23,2026-02-23_48,-1.0000000000000544,1,0,99,104.21442779627309,104.44420173913025,0.0006382609523809871,0.0002457142857142857,0.0,True,True,True,False,-13.347500000000727,1012.3543375053947,1.0470043551614547,0.0,0.0004820384621852036,0.0,1000.0543238990176
2026-02-23T11:00:00Z,2026-02-23T11:15:00Z,2026-02-23,2026-02-23_49,0.0,0,0,100,104.44420173913025,104.44420173913025,0.0,0.0,0.0,True,True,True,False,0.0,1022.5801388943381,0.0,0.0,0.0,0.0,1022.5801388943381
2026-02-23T11:15:00Z,2026-02-23T11:30:00Z,2026-02-23,2026-02-23_50,0.0,0,0,100,104.44420173913025,104.44420173913025,0.0,0.0,0.0,True,True,True,False,0.0,1022.5801388943381,0.0,0.0,0.0,0.0,1022.5801388943381
2026-02-23T11:30:00Z,2026-02-23T11:45:00Z,2026-02-23,2026-02-23_51,0.0,0,0,100,104.44420173913025,104.44420173913025,0.0,0.0,0.0,True,True,True,False,0.0,1022.5801388943381,0.0,0.0,0.0,0.0,1022.5801388943381
2026-02-23T11:45:00Z,2026-02-23T12:00:00Z,2026-02-23,2026-02-23_52,0.0,0,0,100,104.44420173913025,104.44420173913025,0.0,0.0,0.0,True,True,True,False,0.0,1022.5801388943381,0.0,0.0,0.0,0.0,1022.5801388943381
2026-02-23T12:00:00Z,2026-02-23T12:15:00Z,2026-02-23,2026-02-23_53,0.0,100,100,0,104.44420173913025,105.0272188819874,0.0016194920634920635,0.0,0.6337142857142857,True,True,True,False,0.0,0.0,104.4355946168635,31.8397614470122,0.0,-32.84152738931331,103.43382867456239
2026-02-23T12:15:00Z,2026-02-23T12:30:00Z,2026-02-23,2026-02-23_54,0.0,100,100,0,105.0272188819874,107.7362285714284,0.007600941338854384,0.01257142857142857,2.9594285714285715,True,True,True,False,0.0,0.0,104.4355946168635,31.8397614470122,0.024662432949010417,-14.403512266757843,121.89650623006686
2026-02-23T12:30:00Z,2026-02-23T12:45:00Z,2026-02-23,2026-02-23_55,0.0,100,100,0,107.7362285714284,128.04457142857126,0.05641206349206349,0.0,22.074285714285715,True,True,True,False,0.0,0.0,104.4355946168635,31.8397614470122,0.0,7141.118471601769,7277.3938276656445
2026-02-23T12:45:00Z,2026-02-23T13:00:00Z,2026-02-23,2026-02-23_56,0.0,100,100,0,128.04457142857126,143.99999999999983,0.04432063492063492,0.0,17.34285714285714,True,True,True,False,0.0,0.0,104.4355946168635,31.8397614470122,0.0,2386.873061336591,2523.1484174004668
2026-02-23T13:00:00Z,2026-02-23T13:15:00Z,2026-02-23,2026-02-23_57,0.0,0,0,100,143.99999999999983,143.99999999999983,0.0,0.0,0.0,True,False,True,False,0.0,1022.5801388943381,0.0,0.0,0.0,0.0,1022.5801388943381
2026-02-23T13:15:00Z,2026-02-23T13:30:00Z,2026-02-23,2026-02-23_58,0.0,0,0,100,143.99999999999983,143.99999999999983,0.0,0.0,0.0,True,False,True,False,0.0,1022.5801388943381,0.0,0.0,0.0,0.0,1022.5801388943381
2026-02-23T13:30:00Z,2026-02-23T13:45:00Z,2026-02-23,2026-02-23_59,0.0,0,0,100,143.99999999999983,143.99999999999983,0.0,0.0,0.0,True,False,True,False,0.0,1022.5801388943381,0.0,0.0,0.0,0.0,1022.5801388943381
2026-02-23T13:45:00Z,2026-02-23T14:00:00Z,2026-02-23,2026-02-23_60,0.0,0,0,100,143.99999999999983,143.99999999999983,0.0,0.0,0.0,True,False,True,False,0.0,1022.5801388943381,0.0,0.0,0.0,0.0,1022.5801388943381
2026-02-23T14:00:00Z,2026-02-23T14:15:00Z,2026-02-23,2026-02-23_61,0.0,0,100,0,143.99999999999983,164.00500571428555,0.05556946031746031,0.0,21.744571428571426,True,True,True,False,0.0,0.0,0.0,31.8397614470122,0.0,14908.157344976988,14939.997106424
2026-02-23T14:15:00Z,2026-02-23T14:30:00Z,2026-02-23,2026-02-23_62,0.0,0,100,0,164.00500571428555,186.56603428571412,0.06266952380952383,0.0,24.522857142857145,True,True,True,False,0.0,0.0,0.0,31.8397614470122,0.0,7280.205774932879,7312.045536379891
2026-02-23T14:30:00Z,2026-02-23T14:45:00Z,2026-02-23,2026-02-23_63,99.2814817444525,0,100,0,186.56603428571412,170.64347826086936,0.04460328024960837,0.0,10.182857142857143,True,True,True,False,2489.4831547421463,0.0,0.0,31.8397614470122,0.0,12.41144336888834,2533.734359558047
2026-02-23T14:45:00Z,2026-02-23T15:00:00Z,2026-02-23,2026-02-23_64,100.0,0,100,0,170.64347826086936,143.9999999999998,0.07400966183574878,0.0,0.488,True,True,True,False,2857.0,0.0,0.0,31.8397614470122,0.0,-26.31786087024758,2862.5219005767644
2026-02-23T15:00:00Z,2026-02-23T15:15:00Z,2026-02-23,2026-02-23_65,0.0,0,0,100,143.9999999999998,143.9999999999998,0.0,0.0,0.0,True,True,True,False,0.0,1022.5801388943381,0.0,0.0,0.0,0.0,1022.5801388943381
2026-02-23T15:15:00Z,2026-02-23T15:30:00Z,2026-02-23,2026-02-23_66,0.0,0,0,100,143.9999999999998,143.9999999999998,0.0,0.0,0.0,True,True,True,False,0.0,1022.5801388943381,0.0,0.0,0.0,0.0,1022.5801388943381
2026-02-23T15:30:00Z,2026-02-23T15:45:00Z,2026-02-23,2026-02-23_67,0.0,0,0,100,143.9999999999998,143.9999999999998,0.0,0.0,0.0,True,True,True,False,0.0,1022.5801388943381,0.0,0.0,0.0,0.0,1022.5801388943381
2026-02-23T15:45:00Z,2026-02-23T16:00:00Z,2026-02-23,2026-02-23_68,0.0,0,0,100,143.9999999999998,143.9999999999998,0.0,0.0,0.0,True,True,True,False,0.0,1022.5801388943381,0.0,0.0,0.0,0.0,1022.5801388943381
2026-02-23T16:00:00Z,2026-02-23T16:15:00Z,2026-02-23,2026-02-23_69,0.0,0,0,100,143.9999999999998,143.9999999999998,0.0,0.0,0.0,True,True,True,False,0.0,1022.5801388943381,0.0,0.0,0.0,0.0,1022.5801388943381
2026-02-23T16:15:00Z,2026-02-23T16:30:00Z,2026-02-23,2026-02-23_70,0.0,0,0,100,143.9999999999998,143.9999999999998,0.0,0.0,0.0,True,True,True,False,0.0,1022.5801388943381,0.0,0.0,0.0,0.0,1022.5801388943381
2026-02-23T16:30:00Z,2026-02-23T16:45:00Z,2026-02-23,2026-02-23_71,0.0,0,0,100,143.9999999999998,143.9999999999998,0.0,0.0,0.0,True,True,True,False,0.0,1022.5801388943381,0.0,0.0,0.0,0.0,1022.5801388943381
2026-02-23T16:45:00Z,2026-02-23T17:00:00Z,2026-02-23,2026-02-23_72,0.0,0,0,100,143.9999999999998,143.9999999999998,0.0,0.0,0.0,True,True,True,False,0.0,1022.5801388943381,0.0,0.0,0.0,0.0,1022.5801388943381
2026-02-23T17:00:00Z,2026-02-23T17:15:00Z,2026-02-23,2026-02-23_73,96.93816542247289,0,100,0,143.9999999999998,117.97524223602449,0.07233686881889048,0.0,0.29314285714285715,True,True,True,False,3340.731525871972,0.0,0.0,31.368933181621998,0.0,-19.285469118710378,3352.8149899348837
2026-02-23T17:15:00Z,2026-02-23T17:30:00Z,2026-02-23,2026-02-23_74,99.99999999999996,0,100,0,117.97524223602449,107.89387577639717,0.028003795721187028,0.0,15.725142857142856,True,True,True,False,3908.2499999999986,0.0,0.0,31.368933181621998,0.0,773.6027433593596,4713.22167654098
2026-02-23T17:30:00Z,2026-02-23T17:45:00Z,2026-02-23,2026-02-23_75,100.0,0,100,0,107.89387577639717,90.41623602484438,0.04854899930986887,0.0,8.92057142857143,True,True,True,False,4097.25,0.0,0.0,31.368933181621998,0.0,-318.83509004590576,3809.7838431357163
2026-02-23T17:45:00Z,2026-02-23T18:00:00Z,2026-02-23,2026-02-23_76,99.99999999999997,0,100,0,90.41623602484438,86.55039751552762,0.010738440303657698,0.0,21.443428571428573,True,True,True,False,4000.2499999999986,0.0,0.0,31.368933181621998,0.0,1339.497036808681,5371.115969990302
2026-02-23T18:00:00Z,2026-02-23T18:15:00Z,2026-02-23,2026-02-23_77,22.999999999999815,0,23,77,86.55039751552762,81.96511180124196,0.012736904761904689,0.0,1.531537142857143,True,True,True,False,999.004999999992,787.3867069486403,0.0,7.32991328912779,0.0,-31.490343391869242,1762.2312768458908
2026-02-23T18:15:00Z,2026-02-23T18:30:00Z,2026-02-23,2026-02-23_78,22.999999999999815,0,23,77,81.96511180124196,76.1438260869563,0.01617023809523797,0.0,0.3944171428571428,True,True,True,False,958.5249999999922,787.3867069486403,0.0,7.32991328912779,0.0,-22.851727949823157,1730.389892287937
2026-02-23T18:30:00Z,2026-02-23T18:45:00Z,2026-02-23,2026-02-23_79,22.999999999999815,0,23,77,76.1438260869563,70.31168322981348,0.016200396825396705,0.0,0.3844285714285714,True,True,True,False,919.5399999999926,787.3867069486403,0.0,7.32991328912779,0.0,-12.207006120767447,1702.049614116993
2026-02-23T18:45:00Z,2026-02-23T19:00:00Z,2026-02-23,2026-02-23_80,22.999999999999815,0,23,77,70.31168322981348,64.34782608695639,0.01656626984126971,0.0,0.2632514285714286,True,True,True,False,895.0449999999928,787.3867069486403,0.0,7.32991328912779,0.0,-13.946376296038878,1675.815243941722
2026-02-23T19:00:00Z,2026-02-23T19:15:00Z,2026-02-23,2026-02-23_81,0.0,0,0,100,64.34782608695639,64.34782608695639,0.0,0.0,0.0,True,True,True,False,0.0,1022.5801388943381,0.0,0.0,0.0,0.0,1022.5801388943381
2026-02-23T19:15:00Z,2026-02-23T19:30:00Z,2026-02-23,2026-02-23_82,0.0,0,0,100,64.34782608695639,64.34782608695639,0.0,0.0,0.0,True,True,True,False,0.0,1022.5801388943381,0.0,0.0,0.0,0.0,1022.5801388943381
2026-02-23T19:30:00Z,2026-02-23T19:45:00Z,2026-02-23,2026-02-23_83,0.0,0,0,100,64.34782608695639,64.34782608695639,0.0,0.0,0.0,True,True,True,False,0.0,1022.5801388943381,0.0,0.0,0.0,0.0,1022.5801388943381
2026-02-23T19:45:00Z,2026-02-23T20:00:00Z,2026-02-23,2026-02-23_84,0.0,0,0,100,64.34782608695639,64.34782608695639,0.0,0.0,0.0,True,True,True,False,0.0,1022.5801388943381,0.0,0.0,0.0,0.0,1022.5801388943381
2026-02-23T20:00:00Z,2026-02-23T20:15:00Z,2026-02-23,2026-02-23_85,0.0,0,0,100,64.34782608695639,64.34782608695639,0.0,0.0,0.0,True,True,True,False,0.0,1022.5801388943381,0.0,0.0,0.0,0.0,1022.5801388943381
2026-02-23T20:15:00Z,2026-02-23T20:30:00Z,2026-02-23,2026-02-23_86,0.0,0,0,100,64.34782608695639,64.34782608695639,0.0,0.0,0.0,True,True,True,False,0.0,1022.5801388943381,0.0,0.0,0.0,0.0,1022.5801388943381
2026-02-23T20:30:00Z,2026-02-23T20:45:00Z,2026-02-23,2026-02-23_87,0.0,0,0,100,64.34782608695639,64.34782608695639,0.0,0.0,0.0,True,True,True,False,0.0,1022.5801388943381,0.0,0.0,0.0,0.0,1022.5801388943381
2026-02-23T20:45:00Z,2026-02-23T21:00:00Z,2026-02-23,2026-02-23_88,0.0,0,0,100,64.34782608695639,64.34782608695639,0.0,0.0,0.0,True,True,True,False,0.0,1022.5801388943381,0.0,0.0,0.0,0.0,1022.5801388943381
2026-02-23T21:00:00Z,2026-02-23T21:15:00Z,2026-02-23,2026-02-23_89,0.0,0,0,100,64.34782608695639,64.34782608695639,0.0,0.0,0.0,True,True,True,False,0.0,1022.5801388943381,0.0,0.0,0.0,0.0,1022.5801388943381
2026-02-23T21:15:00Z,2026-02-23T21:30:00Z,2026-02-23,2026-02-23_90,0.0,0,0,100,64.34782608695639,64.34782608695639,0.0,0.0,0.0,True,True,True,False,0.0,1022.5801388943381,0.0,0.0,0.0,0.0,1022.5801388943381
2026-02-23T21:30:00Z,2026-02-23T21:45:00Z,2026-02-23,2026-02-23_91,0.0,0,0,100,64.34782608695639,64.34782608695639,0.0,0.0,0.0,True,True,True,False,0.0,1022.5801388943381,0.0,0.0,0.0,0.0,1022.5801388943381
2026-02-23T21:45:00Z,2026-02-23T22:00:00Z,2026-02-23,2026-02-23_92,0.0,0,0,100,64.34782608695639,64.34782608695639,0.0,0.0,0.0,True,True,True,False,0.0,1022.5801388943381,0.0,0.0,0.0,0.0,1022.5801388943381
2026-02-23T22:00:00Z,2026-02-23T22:15:00Z,2026-02-24,2026-02-23_93,0.0,0,0,100,64.34782608695639,64.34782608695639,0.0,0.0,0.0,True,True,True,False,0.0,1022.7005179720609,0.0,0.0,0.0,0.0,1022.7005179720609
2026-02-23T22:15:00Z,2026-02-23T22:30:00Z,2026-02-24,2026-02-23_94,0.0,0,0,100,64.34782608695639,64.34782608695639,0.0,0.0,0.0,True,True,True,False,0.0,1022.7005179720609,0.0,0.0,0.0,0.0,1022.7005179720609
2026-02-23T22:30:00Z,2026-02-23T22:45:00Z,2026-02-24,2026-02-23_95,0.0,0,0,100,64.34782608695639,64.34782608695639,0.0,0.0,0.0,True,True,True,False,0.0,1022.7005179720609,0.0,0.0,0.0,0.0,1022.7005179720609
2026-02-23T22:45:00Z,2026-02-23T23:00:00Z,2026-02-24,2026-02-23_96,0.0,0,0,100,64.34782608695639,64.34782608695639,0.0,0.0,0.0,True,True,True,False,0.0,1022.7005179720609,0.0,0.0,0.0,0.0,1022.7005179720609
2026-02-23T23:00:00Z,2026-02-23T23:15:00Z,2026-02-24,2026-02-24_1,0.0,0,0,100,64.34782608695639,64.34782608695639,0.0,0.0,0.0,True,True,True,False,0.0,1022.7005179720609,0.0,0.0,0.0,0.0,1022.7005179720609
2026-02-23T23:15:00Z,2026-02-23T23:30:00Z,2026-02-24,2026-02-24_2,0.0,0,0,100,64.34782608695639,64.34782608695639,0.0,0.0,0.0,True,True,True,False,0.0,1022.7005179720609,0.0,0.0,0.0,0.0,1022.7005179720609
2026-02-23T23:30:00Z,2026-02-23T23:45:00Z,2026-02-24,2026-02-24_3,0.0,0,0,100,64.34782608695639,64.34782608695639,0.0,0.0,0.0,True,True,True,False,0.0,1022.7005179720609,0.0,0.0,0.0,0.0,1022.7005179720609
2026-02-23T23:45:00Z,2026-02-24T00:00:00Z,2026-02-24,2026-02-24_4,0.0,0,0,100,64.34782608695639,64.34782608695639,0.0,0.0,0.0,True,True,True,False,0.0,1022.7005179720609,0.0,0.0,0.0,0.0,1022.7005179720609
2026-02-24T00:00:00Z,2026-02-24T00:15:00Z,2026-02-24,2026-02-24_5,0.0,0,0,100,64.34782608695639,64.34782608695639,0.0,0.0,0.0,True,True,True,False,0.0,1022.7005179720609,0.0,0.0,0.0,0.0,1022.7005179720609
2026-02-24T00:15:00Z,2026-02-24T00:30:00Z,2026-02-24,2026-02-24_6,0.0,0,0,100,64.34782608695639,64.34782608695639,0.0,0.0,0.0,True,True,True,False,0.0,1022.7005179720609,0.0,0.0,0.0,0.0,1022.7005179720609
2026-02-24T00:30:00Z,2026-02-24T00:45:00Z,2026-02-24,2026-02-24_7,0.0,0,0,100,64.34782608695639,64.34782608695639,0.0,0.0,0.0,True,True,True,False,0.0,1022.7005179720609,0.0,0.0,0.0,0.0,1022.7005179720609
2026-02-24T00:45:00Z,2026-02-24T01:00:00Z,2026-02-24,2026-02-24_8,0.0,0,0,100,64.34782608695639,64.34782608695639,0.0,0.0,0.0,True,True,True,False,0.0,1022.7005179720609,0.0,0.0,0.0,0.0,1022.7005179720609
2026-02-24T01:00:00Z,2026-02-24T01:15:00Z,2026-02-24,2026-02-24_9,0.0,0,0,100,64.34782608695639,64.34782608695639,0.0,0.0,0.0,True,True,True,False,0.0,1022.7005179720609,0.0,0.0,0.0,0.0,1022.7005179720609
2026-02-24T01:15:00Z,2026-02-24T01:30:00Z,2026-02-24,2026-02-24_10,0.0,0,0,100,64.34782608695639,64.34782608695639,0.0,0.0,0.0,True,True,True,False,0.0,1022.7005179720609,0.0,0.0,0.0,0.0,1022.7005179720609
2026-02-24T01:30:00Z,2026-02-24T01:45:00Z,2026-02-24,2026-02-24_11,0.0,0,0,100,64.34782608695639,64.34782608695639,0.0,0.0,0.0,True,True,True,False,0.0,1022.7005179720609,0.0,0.0,0.0,0.0,1022.7005179720609
2026-02-24T01:45:00Z,2026-02-24T02:00:00Z,2026-02-24,2026-02-24_12,0.0,0,0,100,64.34782608695639,64.34782608695639,0.0,0.0,0.0,True,True,True,False,0.0,1022.7005179720609,0.0,0.0,0.0,0.0,1022.7005179720609
2026-02-24T02:00:00Z,2026-02-24T02:15:00Z,2026-02-24,2026-02-24_13,-28.0,28,0,72,64.34782608695639,69.35100688695638,0.013897724444444447,1.5617599999999998,0.0,True,True,True,False,-623.84,736.3443729398838,27.39130434782609,0.0,214.19963710563485,0.0,354.09531439334467
2026-02-24T02:15:00Z,2026-02-24T02:30:00Z,2026-02-24,2026-02-24_14,-28.0,28,0,72,69.35100688695638,74.08731408695638,0.013156408888888891,1.85184,0.0,True,True,True,False,-635.6700000000001,736.3443729398838,27.39130434782609,0.0,259.8363908334641,0.0,387.9020681211739
2026-02-24T02:30:00Z,2026-02-24T02:45:00Z,2026-02-24,2026-02-24_15,-28.0,28,0,72,74.08731408695638,78.19360528695638,0.011406364444444445,2.53664,0.0,True,True,True,False,-643.65,736.3443729398838,27.39130434782609,0.0,379.956003453147,0.0,500.04168074085686
2026-02-24T02:45:00Z,2026-02-24T03:00:00Z,2026-02-24,2026-02-24_16,-28.0,28,0,72,78.19360528695638,79.87404048695639,0.004667875555555554,5.173440000000001,0.0,True,True,True,False,-664.79,736.3443729398838,27.39130434782609,0.0,904.9388799874433,0.0,1003.8845572751533
2026-02-24T03:00:00Z,2026-02-24T03:15:00Z,2026-02-24,2026-02-24_17,0.0,0,0,100,79.87404048695639,79.87404048695639,0.0,0.0,0.0,True,True,True,False,0.0,1022.7005179720609,0.0,0.0,0.0,0.0,1022.7005179720609
2026-02-24T03:15:00Z,2026-02-24T03:30:00Z,2026-02-24,2026-02-24_18,0.0,0,0,100,79.87404048695639,79.87404048695639,0.0,0.0,0.0,True,True,True,False,0.0,1022.7005179720609,0.0,0.0,0.0,0.0,1022.7005179720609
2026-02-24T03:30:00Z,2026-02-24T03:45:00Z,2026-02-24,2026-02-24_19,0.0,0,0,100,79.87404048695639,79.87404048695639,0.0,0.0,0.0,True,True,True,False,0.0,1022.7005179720609,0.0,0.0,0.0,0.0,1022.7005179720609
2026-02-24T03:45:00Z,2026-02-24T04:00:00Z,2026-02-24,2026-02-24_20,0.0,0,0,100,79.87404048695639,79.87404048695639,0.0,0.0,0.0,True,True,True,False,0.0,1022.7005179720609,0.0,0.0,0.0,0.0,1022.7005179720609
2026-02-24T04:00:00Z,2026-02-24T04:15:00Z,2026-02-24,2026-02-24_21,0.0,0,0,100,79.87404048695639,79.87404048695639,0.0,0.0,0.0,True,True,True,False,0.0,1022.7005179720609,0.0,0.0,0.0,0.0,1022.7005179720609
2026-02-24T04:15:00Z,2026-02-24T04:30:00Z,2026-02-24,2026-02-24_22,0.0,0,0,100,79.87404048695639,79.87404048695639,0.0,0.0,0.0,True,True,True,False,0.0,1022.7005179720609,0.0,0.0,0.0,0.0,1022.7005179720609
2026-02-24T04:30:00Z,2026-02-24T04:45:00Z,2026-02-24,2026-02-24_23,0.0,0,0,100,79.87404048695639,79.87404048695639,0.0,0.0,0.0,True,True,True,False,0.0,1022.7005179720609,0.0,0.0,0.0,0.0,1022.7005179720609
2026-02-24T04:45:00Z,2026-02-24T05:00:00Z,2026-02-24,2026-02-24_24,0.0,0,0,100,79.87404048695639,79.87404048695639,0.0,0.0,0.0,True,True,True,False,0.0,1022.7005179720609,0.0,0.0,0.0,0.0,1022.7005179720609
2026-02-24T05:00:00Z,2026-02-24T05:15:00Z,2026-02-24,2026-02-24_25,0.0,0,0,100,79.87404048695639,79.87404048695639,0.0,0.0,0.0,True,True,True,False,0.0,1022.7005179720609,0.0,0.0,0.0,0.0,1022.7005179720609
2026-02-24T05:15:00Z,2026-02-24T05:30:00Z,2026-02-24,2026-02-24_26,0.0,0,0,100,79.87404048695639,79.87404048695639,0.0,0.0,0.0,True,True,True,False,0.0,1022.7005179720609,0.0,0.0,0.0,0.0,1022.7005179720609
2026-02-24T05:30:00Z,2026-02-24T05:45:00Z,2026-02-24,2026-02-24_27,0.0,0,0,100,79.87404048695639,79.87404048695639,0.0,0.0,0.0,True,True,True,False,0.0,1022.7005179720609,0.0,0.0,0.0,0.0,1022.7005179720609
2026-02-24T05:45:00Z,2026-02-24T06:00:00Z,2026-02-24,2026-02-24_28,0.0,0,0,100,79.87404048695639,79.87404048695639,0.0,0.0,0.0,True,True,True,False,0.0,1022.7005179720609,0.0,0.0,0.0,0.0,1022.7005179720609
2026-02-24T06:00:00Z,2026-02-24T06:15:00Z,2026-02-24,2026-02-24_29,0.0,0,0,100,79.87404048695639,79.87404048695639,0.0,0.0,0.0,True,True,True,False,0.0,1022.7005179720609,0.0,0.0,0.0,0.0,1022.7005179720609
2026-02-24T06:15:00Z,2026-02-24T06:30:00Z,2026-02-24,2026-02-24_30,0.0,0,0,100,79.87404048695639,79.87404048695639,0.0,0.0,0.0,True,True,True,False,0.0,1022.7005179720609,0.0,0.0,0.0,0.0,1022.7005179720609
2026-02-24T06:30:00Z,2026-02-24T06:45:00Z,2026-02-24,2026-02-24_31,0.0,0,0,100,79.87404048695639,79.87404048695639,0.0,0.0,0.0,True,True,True,False,0.0,1022.7005179720609,0.0,0.0,0.0,0.0,1022.7005179720609
2026-02-24T06:45:00Z,2026-02-24T07:00:00Z,2026-02-24,2026-02-24_32,0.0,0,0,100,79.87404048695639,79.87404048695639,0.0,0.0,0.0,True,True,True,False,0.0,1022.7005179720609,0.0,0.0,0.0,0.0,1022.7005179720609
2026-02-24T07:00:00Z,2026-02-24T07:15:00Z,2026-02-24,2026-02-24_33,0.0,0,0,100,79.87404048695639,79.87404048695639,0.0,0.0,0.0,True,True,True,False,0.0,1022.7005179720609,0.0,0.0,0.0,0.0,1022.7005179720609
2026-02-24T07:15:00Z,2026-02-24T07:30:00Z,2026-02-24,2026-02-24_34,0.0,0,0,100,79.87404048695639,79.87404048695639,0.0,0.0,0.0,True,True,True,False,0.0,1022.7005179720609,0.0,0.0,0.0,0.0,1022.7005179720609
2026-02-24T07:30:00Z,2026-02-24T07:45:00Z,2026-02-24,2026-02-24_35,0.0,0,0,100,79.87404048695639,79.87404048695639,0.0,0.0,0.0,True,True,True,False,0.0,1022.7005179720609,0.0,0.0,0.0,0.0,1022.7005179720609
2026-02-24T07:45:00Z,2026-02-24T08:00:00Z,2026-02-24,2026-02-24_36,0.0,0,0,100,79.87404048695639,79.87404048695639,0.0,0.0,0.0,True,True,True,False,0.0,1022.7005179720609,0.0,0.0,0.0,0.0,1022.7005179720609
2026-02-24T08:00:00Z,2026-02-24T08:15:00Z,2026-02-24,2026-02-24_37,0.0,0,0,100,79.87404048695639,79.87404048695639,0.0,0.0,0.0,True,True,True,False,0.0,1022.7005179720609,0.0,0.0,0.0,0.0,1022.7005179720609
2026-02-24T08:15:00Z,2026-02-24T08:30:00Z,2026-02-24,2026-02-24_38,0.0,0,0,100,79.87404048695639,79.87404048695639,0.0,0.0,0.0,True,True,True,False,0.0,1022.7005179720609,0.0,0.0,0.0,0.0,1022.7005179720609
2026-02-24T08:30:00Z,2026-02-24T08:45:00Z,2026-02-24,2026-02-24_39,0.0,0,0,100,79.87404048695639,79.87404048695639,0.0,0.0,0.0,True,True,True,False,0.0,1022.7005179720609,0.0,0.0,0.0,0.0,1022.7005179720609
2026-02-24T08:45:00Z,2026-02-24T09:00:00Z,2026-02-24,2026-02-24_40,0.0,0,0,100,79.87404048695639,79.87404048695639,0.0,0.0,0.0,True,True,True,False,0.0,1022.7005179720609,0.0,0.0,0.0,0.0,1022.7005179720609
2026-02-24T09:00:00Z,2026-02-24T09:15:00Z,2026-02-24,2026-02-24_41,0.0,0,0,100,79.87404048695639,79.87404048695639,0.0,0.0,0.0,True,True,True,False,0.0,1022.7005179720609,0.0,0.0,0.0,0.0,1022.7005179720609
2026-02-24T09:15:00Z,2026-02-24T09:30:00Z,2026-02-24,2026-02-24_42,0.0,0,0,100,79.87404048695639,79.87404048695639,0.0,0.0,0.0,True,True,True,False,0.0,1022.7005179720609,0.0,0.0,0.0,0.0,1022.7005179720609
2026-02-24T09:30:00Z,2026-02-24T09:45:00Z,2026-02-24,2026-02-24_43,0.0,0,0,100,79.87404048695639,79.87404048695639,0.0,0.0,0.0,True,True,True,False,0.0,1022.7005179720609,0.0,0.0,0.0,0.0,1022.7005179720609
2026-02-24T09:45:00Z,2026-02-24T10:00:00Z,2026-02-24,2026-02-24_44,0.0,0,0,100,79.87404048695639,79.87404048695639,0.0,0.0,0.0,True,True,True,False,0.0,1022.7005179720609,0.0,0.0,0.0,0.0,1022.7005179720609
2026-02-24T10:00:00Z,2026-02-24T10:15:00Z,2026-02-24,2026-02-24_45,0.0,0,0,100,79.87404048695639,79.87404048695639,0.0,0.0,0.0,True,True,True,False,0.0,1022.7005179720609,0.0,0.0,0.0,0.0,1022.7005179720609
2026-02-24T10:15:00Z,2026-02-24T10:30:00Z,2026-02-24,2026-02-24_46,0.0,0,0,100,79.87404048695639,79.87404048695639,0.0,0.0,0.0,True,True,True,False,0.0,1022.7005179720609,0.0,0.0,0.0,0.0,1022.7005179720609
2026-02-24T10:30:00Z,2026-02-24T10:45:00Z,2026-02-24,2026-02-24_47,0.0,0,0,100,79.87404048695639,79.87404048695639,0.0,0.0,0.0,True,True,True,False,0.0,1022.7005179720609,0.0,0.0,0.0,0.0,1022.7005179720609
2026-02-24T10:45:00Z,2026-02-24T11:00:00Z,2026-02-24,2026-02-24_48,0.0,0,0,100,79.87404048695639,79.87404048695639,0.0,0.0,0.0,True,True,True,False,0.0,1022.7005179720609,0.0,0.0,0.0,0.0,1022.7005179720609
2026-02-24T11:00:00Z,2026-02-24T11:15:00Z,2026-02-24,2026-02-24_49,0.0,0,0,100,79.87404048695639,79.87404048695639,0.0,0.0,0.0,True,True,True,False,0.0,1022.7005179720609,0.0,0.0,0.0,0.0,1022.7005179720609
2026-02-24T11:15:00Z,2026-02-24T11:30:00Z,2026-02-24,2026-02-24_50,0.0,0,0,100,79.87404048695639,79.87404048695639,0.0,0.0,0.0,True,True,True,False,0.0,1022.7005179720609,0.0,0.0,0.0,0.0,1022.7005179720609
2026-02-24T11:30:00Z,2026-02-24T11:45:00Z,2026-02-24,2026-02-24_51,0.0,0,0,100,79.87404048695639,79.87404048695639,0.0,0.0,0.0,True,True,True,False,0.0,1022.7005179720609,0.0,0.0,0.0,0.0,1022.7005179720609
2026-02-24T11:45:00Z,2026-02-24T12:00:00Z,2026-02-24,2026-02-24_52,0.0,0,0,100,79.87404048695639,79.87404048695639,0.0,0.0,0.0,True,True,True,False,0.0,1022.7005179720609,0.0,0.0,0.0,0.0,1022.7005179720609
2026-02-24T12:00:00Z,2026-02-24T12:15:00Z,2026-02-24,2026-02-24_53,0.0,0,0,100,79.87404048695639,79.87404048695639,0.0,0.0,0.0,True,True,True,False,0.0,1022.7005179720609,0.0,0.0,0.0,0.0,1022.7005179720609
2026-02-24T12:15:00Z,2026-02-24T12:30:00Z,2026-02-24,2026-02-24_54,0.0,0,0,100,79.87404048695639,79.87404048695639,0.0,0.0,0.0,True,True,True,False,0.0,1022.7005179720609,0.0,0.0,0.0,0.0,1022.7005179720609
2026-02-24T12:30:00Z,2026-02-24T12:45:00Z,2026-02-24,2026-02-24_55,0.0,0,0,100,79.87404048695639,79.87404048695639,0.0,0.0,0.0,True,True,True,False,0.0,1022.7005179720609,0.0,0.0,0.0,0.0,1022.7005179720609
2026-02-24T12:45:00Z,2026-02-24T13:00:00Z,2026-02-24,2026-02-24_56,0.0,0,0,100,79.87404048695639,79.87404048695639,0.0,0.0,0.0,True,True,True,False,0.0,1022.7005179720609,0.0,0.0,0.0,0.0,1022.7005179720609
2026-02-24T13:00:00Z,2026-02-24T13:15:00Z,2026-02-24,2026-02-24_57,0.0,0,0,100,79.87404048695639,79.87404048695639,0.0,0.0,0.0,True,True,True,False,0.0,1022.7005179720609,0.0,0.0,0.0,0.0,1022.7005179720609
2026-02-24T13:15:00Z,2026-02-24T13:30:00Z,2026-02-24,2026-02-24_58,0.0,0,0,100,79.87404048695639,79.87404048695639,0.0,0.0,0.0,True,True,True,False,0.0,1022.7005179720609,0.0,0.0,0.0,0.0,1022.7005179720609
2026-02-24T13:30:00Z,2026-02-24T13:45:00Z,2026-02-24,2026-02-24_59,0.0,0,0,100,79.87404048695639,79.87404048695639,0.0,0.0,0.0,True,True,True,False,0.0,1022.7005179720609,0.0,0.0,0.0,0.0,1022.7005179720609
2026-02-24T13:45:00Z,2026-02-24T14:00:00Z,2026-02-24,2026-02-24_60,0.0,0,0,100,79.87404048695639,79.87404048695639,0.0,0.0,0.0,True,True,True,False,0.0,1022.7005179720609,0.0,0.0,0.0,0.0,1022.7005179720609
2026-02-24T14:00:00Z,2026-02-24T14:15:00Z,2026-02-24,2026-02-24_61,0.0,0,0,100,79.87404048695639,79.87404048695639,0.0,0.0,0.0,True,True,True,False,0.0,1022.7005179720609,0.0,0.0,0.0,0.0,1022.7005179720609
2026-02-24T14:15:00Z,2026-02-24T14:30:00Z,2026-02-24,2026-02-24_62,0.0,0,0,100,79.87404048695639,79.87404048695639,0.0,0.0,0.0,True,True,True,False,0.0,1022.7005179720609,0.0,0.0,0.0,0.0,1022.7005179720609
2026-02-24T14:30:00Z,2026-02-24T14:45:00Z,2026-02-24,2026-02-24_63,0.0,0,0,100,79.87404048695639,79.87404048695639,0.0,0.0,0.0,True,True,True,False,0.0,1022.7005179720609,0.0,0.0,0.0,0.0,1022.7005179720609
2026-02-24T14:45:00Z,2026-02-24T15:00:00Z,2026-02-24,2026-02-24_64,0.0,0,0,100,79.87404048695639,79.87404048695639,0.0,0.0,0.0,True,True,True,False,0.0,1022.7005179720609,0.0,0.0,0.0,0.0,1022.7005179720609
2026-02-24T15:00:00Z,2026-02-24T15:15:00Z,2026-02-24,2026-02-24_65,0.0,100,100,0,79.87404048695639,85.1139808596272,0.014607149758454107,0.008571428571428572,5.7057142857142855,True,True,True,False,0.0,0.0,105.56623763930308,29.10649819494585,1.0073547548041348,-213.91279009798865,-78.23269950893558
2026-02-24T15:15:00Z,2026-02-24T15:30:00Z,2026-02-24,2026-02-24_66,0.0,100,100,0,85.1139808596272,82.9957507975154,0.0062899406487232565,2.016,0.07942857142857143,True,True,True,False,0.0,0.0,105.56623763930308,29.10649819494585,355.641180348454,-5.190939525080162,485.12297665762276
2026-02-24T15:30:00Z,2026-02-24T15:45:00Z,2026-02-24,2026-02-24_67,0.0,100,100,0,82.9957507975154,69.28705514534148,0.03807971014492754,12.612000000000002,0.0,True,True,True,False,0.0,0.0,105.56623763930308,29.10649819494585,6063.185346884321,0.0,6197.85808271857
2026-02-24T15:45:00Z,2026-02-24T16:00:00Z,2026-02-24,2026-02-24_68,0.0,100,100,0,69.28705514534148,64.39885638757751,0.013578329882677709,4.497142857142857,0.0,True,True,True,False,0.0,0.0,105.56623763930308,29.10649819494585,1161.0354396035607,0.0,1295.7081754378096
2026-02-24T16:00:00Z,2026-02-24T16:15:00Z,2026-02-24,2026-02-24_69,0.0,0,0,100,64.39885638757751,64.39885638757751,0.0,0.0,0.0,True,True,True,False,0.0,1022.7005179720609,0.0,0.0,0.0,0.0,1022.7005179720609
2026-02-24T16:15:00Z,2026-02-24T16:30:00Z,2026-02-24,2026-02-24_70,0.0,0,0,100,64.39885638757751,64.39885638757751,0.0,0.0,0.0,True,True,True,False,0.0,1022.7005179720609,0.0,0.0,0.0,0.0,1022.7005179720609
2026-02-24T16:30:00Z,2026-02-24T16:45:00Z,2026-02-24,2026-02-24_71,0.0,0,0,100,64.39885638757751,64.39885638757751,0.0,0.0,0.0,True,True,True,False,0.0,1022.7005179720609,0.0,0.0,0.0,0.0,1022.7005179720609
2026-02-24T16:45:00Z,2026-02-24T17:00:00Z,2026-02-24,2026-02-24_72,0.0,0,0,100,64.39885638757751,64.39885638757751,0.0,0.0,0.0,True,True,True,False,0.0,1022.7005179720609,0.0,0.0,0.0,0.0,1022.7005179720609
2026-02-24T17:00:00Z,2026-02-24T17:15:00Z,2026-02-24,2026-02-24_73,0.0,0,0,100,64.39885638757751,64.39885638757751,0.0,0.0,0.0,True,True,True,False,0.0,1022.7005179720609,0.0,0.0,0.0,0.0,1022.7005179720609
2026-02-24T17:15:00Z,2026-02-24T17:30:00Z,2026-02-24,2026-02-24_74,0.0,0,0,100,64.39885638757751,64.39885638757751,0.0,0.0,0.0,True,True,True,False,0.0,1022.7005179720609,0.0,0.0,0.0,0.0,1022.7005179720609
2026-02-24T17:30:00Z,2026-02-24T17:45:00Z,2026-02-24,2026-02-24_75,0.0,0,0,100,64.39885638757751,64.39885638757751,0.0,0.0,0.0,True,True,True,False,0.0,1022.7005179720609,0.0,0.0,0.0,0.0,1022.7005179720609
2026-02-24T17:45:00Z,2026-02-24T18:00:00Z,2026-02-24,2026-02-24_76,0.0,0,0,100,64.39885638757751,64.39885638757751,0.0,0.0,0.0,True,True,True,False,0.0,1022.7005179720609,0.0,0.0,0.0,0.0,1022.7005179720609
2026-02-24T18:00:00Z,2026-02-24T18:15:00Z,2026-02-24,2026-02-24_77,0.0,0,0,100,64.39885638757751,64.39885638757751,0.0,0.0,0.0,True,True,True,False,0.0,1022.7005179720609,0.0,0.0,0.0,0.0,1022.7005179720609
2026-02-24T18:15:00Z,2026-02-24T18:30:00Z,2026-02-24,2026-02-24_78,0.0,0,0,100,64.39885638757751,64.39885638757751,0.0,0.0,0.0,True,True,True,False,0.0,1022.7005179720609,0.0,0.0,0.0,0.0,1022.7005179720609
2026-02-24T18:30:00Z,2026-02-24T18:45:00Z,2026-02-24,2026-02-24_79,0.0,0,0,100,64.39885638757751,64.39885638757751,0.0,0.0,0.0,True,True,True,False,0.0,1022.7005179720609,0.0,0.0,0.0,0.0,1022.7005179720609
2026-02-24T18:45:00Z,2026-02-24T19:00:00Z,2026-02-24,2026-02-24_80,0.0,0,0,100,64.39885638757751,64.39885638757751,0.0,0.0,0.0,True,True,True,False,0.0,1022.7005179720609,0.0,0.0,0.0,0.0,1022.7005179720609
2026-02-24T19:00:00Z,2026-02-24T19:15:00Z,2026-02-24,2026-02-24_81,0.0,0,0,100,64.39885638757751,64.39885638757751,0.0,0.0,0.0,True,True,True,False,0.0,1022.7005179720609,0.0,0.0,0.0,0.0,1022.7005179720609
2026-02-24T19:15:00Z,2026-02-24T19:30:00Z,2026-02-24,2026-02-24_82,0.0,0,0,100,64.39885638757751,64.39885638757751,0.0,0.0,0.0,True,True,True,False,0.0,1022.7005179720609,0.0,0.0,0.0,0.0,1022.7005179720609
2026-02-24T19:30:00Z,2026-02-24T19:45:00Z,2026-02-24,2026-02-24_83,0.0,0,0,100,64.39885638757751,64.39885638757751,0.0,0.0,0.0,True,True,True,False,0.0,1022.7005179720609,0.0,0.0,0.0,0.0,1022.7005179720609
2026-02-24T19:45:00Z,2026-02-24T20:00:00Z,2026-02-24,2026-02-24_84,0.0,0,0,100,64.39885638757751,64.39885638757751,0.0,0.0,0.0,True,True,True,False,0.0,1022.7005179720609,0.0,0.0,0.0,0.0,1022.7005179720609
2026-02-24T20:00:00Z,2026-02-24T20:15:00Z,2026-02-24,2026-02-24_85,0.0,0,0,100,64.39885638757751,64.39885638757751,0.0,0.0,0.0,True,True,True,False,0.0,1022.7005179720609,0.0,0.0,0.0,0.0,1022.7005179720609
2026-02-24T20:15:00Z,2026-02-24T20:30:00Z,2026-02-24,2026-02-24_86,0.0,0,0,100,64.39885638757751,64.39885638757751,0.0,0.0,0.0,True,True,True,False,0.0,1022.7005179720609,0.0,0.0,0.0,0.0,1022.7005179720609
2026-02-24T20:30:00Z,2026-02-24T20:45:00Z,2026-02-24,2026-02-24_87,0.0,0,0,100,64.39885638757751,64.39885638757751,0.0,0.0,0.0,True,True,True,False,0.0,1022.7005179720609,0.0,0.0,0.0,0.0,1022.7005179720609
2026-02-24T20:45:00Z,2026-02-24T21:00:00Z,2026-02-24,2026-02-24_88,0.0,0,0,100,64.39885638757751,64.39885638757751,0.0,0.0,0.0,True,True,True,False,0.0,1022.7005179720609,0.0,0.0,0.0,0.0,1022.7005179720609
2026-02-24T21:00:00Z,2026-02-24T21:15:00Z,2026-02-24,2026-02-24_89,0.0,0,0,100,64.39885638757751,64.39885638757751,0.0,0.0,0.0,True,True,True,False,0.0,1022.7005179720609,0.0,0.0,0.0,0.0,1022.7005179720609
2026-02-24T21:15:00Z,2026-02-24T21:30:00Z,2026-02-24,2026-02-24_90,0.0,0,0,100,64.39885638757751,64.39885638757751,0.0,0.0,0.0,True,True,True,False,0.0,1022.7005179720609,0.0,0.0,0.0,0.0,1022.7005179720609
2026-02-24T21:30:00Z,2026-02-24T21:45:00Z,2026-02-24,2026-02-24_91,0.0,0,0,100,64.39885638757751,64.39885638757751,0.0,0.0,0.0,True,True,True,False,0.0,1022.7005179720609,0.0,0.0,0.0,0.0,1022.7005179720609
2026-02-24T21:45:00Z,2026-02-24T22:00:00Z,2026-02-24,2026-02-24_92,0.0,0,0,100,64.39885638757751,64.39885638757751,0.0,0.0,0.0,True,True,True,False,0.0,1022.7005179720609,0.0,0.0,0.0,0.0,1022.7005179720609
2026-02-24T22:00:00Z,2026-02-24T22:15:00Z,2026-02-25,2026-02-24_93,0.0,0,0,100,64.39885638757751,64.39885638757751,0.0,0.0,0.0,True,True,True,False,0.0,1022.9815127369785,0.0,0.0,0.0,0.0,1022.9815127369785
2026-02-24T22:15:00Z,2026-02-24T22:30:00Z,2026-02-25,2026-02-24_94,0.0,0,0,100,64.39885638757751,64.39885638757751,0.0,0.0,0.0,True,True,True,False,0.0,1022.9815127369785,0.0,0.0,0.0,0.0,1022.9815127369785
2026-02-24T22:30:00Z,2026-02-24T22:45:00Z,2026-02-25,2026-02-24_95,0.0,0,0,100,64.39885638757751,64.39885638757751,0.0,0.0,0.0,True,True,True,False,0.0,1022.9815127369785,0.0,0.0,0.0,0.0,1022.9815127369785
2026-02-24T22:45:00Z,2026-02-24T23:00:00Z,2026-02-25,2026-02-24_96,0.0,0,0,100,64.39885638757751,64.39885638757751,0.0,0.0,0.0,True,True,True,False,0.0,1022.9815127369785,0.0,0.0,0.0,0.0,1022.9815127369785
2026-02-24T23:00:00Z,2026-02-24T23:15:00Z,2026-02-25,2026-02-25_1,100.0,0,100,0,64.39885638757751,37.35351477267068,0.07512594893029674,0.0,0.11828571428571429,True,True,True,False,2227.25,0.0,0.0,26.582800172704793,0.0,-7.364059908376743,2246.468740264328
2026-02-24T23:15:00Z,2026-02-24T23:30:00Z,2026-02-25,2026-02-25_2,0.3103888071862009,0,100,0,37.35351477267068,37.279690196273286,0.0002632996597053919,0.0,0.011428571428571429,True,True,True,False,2.733749419292464,0.0,0.0,26.582800172704793,0.0,-0.8971677535480181,28.41938183844924
2026-02-24T23:30:00Z,2026-02-24T23:45:00Z,2026-02-25,2026-02-25_3,0.0,0,100,0,37.279690196273286,40.681061624844716,0.009448253968253969,0.0,3.697142857142857,True,True,True,False,0.0,0.0,0.0,26.582800172704793,0.0,-38.729519622740966,-12.146719450036173
2026-02-24T23:45:00Z,2026-02-25T00:00:00Z,2026-02-25,2026-02-25_4,4.6339743636528264e-14,0,100,0,40.681061624844716,60.453701624844705,0.05492399999999997,0.0,21.491999999999997,True,True,True,False,3.08159295182913e-14,0.0,0.0,26.582800172704793,0.0,3098.48975389567,3125.072554068375
2026-02-25T00:00:00Z,2026-02-25T00:15:00Z,2026-02-25,2026-02-25_5,-100.0,0,0,0,60.453701624844705,83.45370162484471,0.06388888888888888,0.0,0.0,True,False,True,False,-67.25,0.0,0.0,0.0,0.0,0.0,-67.25
2026-02-25T00:15:00Z,2026-02-25T00:30:00Z,2026-02-25,2026-02-25_6,-100.0,0,0,0,83.45370162484471,106.45370162484471,0.06388888888888888,0.0,0.0,True,False,True,False,-66.0,0.0,0.0,0.0,0.0,0.0,-66.0
2026-02-25T00:30:00Z,2026-02-25T00:45:00Z,2026-02-25,2026-02-25_7,-100.0,0,0,0,106.45370162484471,129.4537016248447,0.06388888888888888,0.0,0.0,True,False,True,False,-302.25,0.0,0.0,0.0,0.0,0.0,-302.25
2026-02-25T00:45:00Z,2026-02-25T01:00:00Z,2026-02-25,2026-02-25_8,100.0,0,0,0,129.4537016248447,102.27978858136646,0.0754830917874396,0.0,0.0,True,False,True,False,2226.5,0.0,0.0,0.0,0.0,0.0,2226.5
2026-02-25T01:00:00Z,2026-02-25T01:15:00Z,2026-02-25,2026-02-25_9,0.0,0,0,100,102.27978858136646,102.27978858136646,0.0,0.0,0.0,True,True,True,False,0.0,1022.9815127369785,0.0,0.0,0.0,0.0,1022.9815127369785
2026-02-25T01:15:00Z,2026-02-25T01:30:00Z,2026-02-25,2026-02-25_10,0.0,0,0,100,102.27978858136646,102.27978858136646,0.0,0.0,0.0,True,True,True,False,0.0,1022.9815127369785,0.0,0.0,0.0,0.0,1022.9815127369785
2026-02-25T01:30:00Z,2026-02-25T01:45:00Z,2026-02-25,2026-02-25_11,0.0,0,0,100,102.27978858136646,102.27978858136646,0.0,0.0,0.0,True,True,True,False,0.0,1022.9815127369785,0.0,0.0,0.0,0.0,1022.9815127369785
2026-02-25T01:45:00Z,2026-02-25T02:00:00Z,2026-02-25,2026-02-25_12,0.0,0,0,100,102.27978858136646,102.27978858136646,0.0,0.0,0.0,True,True,True,False,0.0,1022.9815127369785,0.0,0.0,0.0,0.0,1022.9815127369785
2026-02-25T02:00:00Z,2026-02-25T02:15:00Z,2026-02-25,2026-02-25_13,0.0,0,0,100,102.27978858136646,102.27978858136646,0.0,0.0,0.0,True,True,True,False,0.0,1022.9815127369785,0.0,0.0,0.0,0.0,1022.9815127369785
2026-02-25T02:15:00Z,2026-02-25T02:30:00Z,2026-02-25,2026-02-25_14,0.0,0,0,100,102.27978858136646,102.27978858136646,0.0,0.0,0.0,True,True,True,False,0.0,1022.9815127369785,0.0,0.0,0.0,0.0,1022.9815127369785
2026-02-25T02:30:00Z,2026-02-25T02:45:00Z,2026-02-25,2026-02-25_15,0.0,0,0,100,102.27978858136646,102.27978858136646,0.0,0.0,0.0,True,True,True,False,0.0,1022.9815127369785,0.0,0.0,0.0,0.0,1022.9815127369785
2026-02-25T02:45:00Z,2026-02-25T03:00:00Z,2026-02-25,2026-02-25_16,0.0,0,0,100,102.27978858136646,102.27978858136646,0.0,0.0,0.0,True,True,True,False,0.0,1022.9815127369785,0.0,0.0,0.0,0.0,1022.9815127369785
2026-02-25T03:00:00Z,2026-02-25T03:15:00Z,2026-02-25,2026-02-25_17,1.0,13,0,86,102.27978858136646,101.83008671801242,0.0012491718426501036,0.1637257142857143,0.0,True,True,True,False,21.47,879.7641009538015,13.06148683125957,0.0,19.945592580422684,0.0,934.2411803654837
2026-02-25T03:15:00Z,2026-02-25T03:30:00Z,2026-02-25,2026-02-25_18,-14.0,13,0,86,101.83008671801242,104.92624946086956,0.008600452063492066,0.1346057142857143,0.0,True,True,True,False,-8.61,879.7641009538015,13.06148683125957,0.0,16.419762640813286,0.0,900.6353504258743
2026-02-25T03:30:00Z,2026-02-25T03:45:00Z,2026-02-25,2026-02-25_19,-14.0,13,0,86,104.92624946086956,107.91039826086956,0.008289302222222223,0.25636000000000003,0.0,True,True,True,False,-8.924999999999999,879.7641009538015,13.06148683125957,0.0,32.297616783765754,0.0,916.1982045688269
2026-02-25T03:45:00Z,2026-02-25T04:00:00Z,2026-02-25,2026-02-25_20,-14.0,13,0,86,107.91039826086956,111.12014683229813,0.008915968253968254,0.011142857142857142,0.0,True,True,True,False,-89.46,879.7641009538015,13.06148683125957,0.0,1.3085651483971537,0.0,804.6741529334582
2026-02-25T04:00:00Z,2026-02-25T04:15:00Z,2026-02-25,2026-02-25_21,0.0,0,100,0,111.12014683229813,114.60247826086956,0.009673142857142858,0.0,3.785142857142857,True,True,True,False,0.0,0.0,0.0,26.612238489618086,0.0,-60.83015919120328,-34.21792070158519
2026-02-25T04:15:00Z,2026-02-25T04:30:00Z,2026-02-25,2026-02-25_22,100.00000000000001,0,100,0,114.60247826086956,109.21676397515529,0.014960317460317464,0.0,20.04514285714286,True,True,True,False,1899.7500000000002,0.0,0.0,26.612238489618086,0.0,2066.6709872770402,3993.0332257666587
2026-02-25T04:30:00Z,2026-02-25T04:45:00Z,2026-02-25,2026-02-25_23,100.00000000000007,0,100,0,109.21676397515529,93.78819254658384,0.04285714285714291,0.0,10.805714285714284,True,True,True,False,2067.2500000000014,0.0,0.0,26.612238489618086,0.0,457.88456142515093,2551.7467999147702
2026-02-25T04:45:00Z,2026-02-25T05:00:00Z,2026-02-25,2026-02-25_24,100.0,0,100,0,93.78819254658384,67.9788757763975,0.07169254658385094,0.0,1.2554285714285713,True,True,True,False,2202.0,0.0,0.0,26.612238489618086,0.0,-61.042300786703976,2167.569937702914
2026-02-25T05:00:00Z,2026-02-25T05:15:00Z,2026-02-25,2026-02-25_25,11.0,0,11,89,67.9788757763975,65.79472670807452,0.006067080745341614,0.0,0.7405828571428571,True,True,True,False,240.10250000000002,910.4535463359108,0.0,2.742767986811634,0.0,28.646751853492503,1181.945566176215
2026-02-25T05:15:00Z,2026-02-25T05:30:00Z,2026-02-25,2026-02-25_26,11.0,0,11,89,65.79472670807452,63.27777639751552,0.0069915286404416835,0.0,0.43440571428571423,True,True,True,False,245.3275,910.4535463359108,0.0,2.742767986811634,0.0,-20.302333082500184,1138.2214812402221
2026-02-25T05:30:00Z,2026-02-25T05:45:00Z,2026-02-25,2026-02-25_27,11.0,0,11,89,63.27777639751552,61.050242236024836,0.006187594893029675,0.0,0.7006685714285714,True,True,True,False,244.69500000000002,910.4535463359108,0.0,2.742767986811634,0.0,-31.62097983951912,1126.2703344832034
2026-02-25T05:45:00Z,2026-02-25T06:00:00Z,2026-02-25,2026-02-25_28,11.0,0,11,89,61.050242236024836,58.46086956521738,0.007192701863354037,0.0,0.36777714285714286,True,True,True,False,225.61,910.4535463359108,0.0,2.742767986811634,0.0,-17.358007130240722,1121.4483071924817
2026-02-25T06:00:00Z,2026-02-25T06:15:00Z,2026-02-25,2026-02-25_29,100.0,0,100,0,58.46086956521738,32.0391304347826,0.07339371980676328,0.0,0.6920000000000001,True,True,True,False,2077.5,0.0,0.0,24.90481610864702,0.0,-35.60865172508538,2066.7961643835615
2026-02-25T06:15:00Z,2026-02-25T06:30:00Z,2026-02-25,2026-02-25_30,100.0,0,100,0,32.0391304347826,9.99999999999999,0.06121980676328502,0.0,4.723999999999999,True,True,True,False,1875.0,0.0,0.0,24.90481610864702,0.0,48.50921458570475,1948.4140306943518
2026-02-25T06:30:00Z,2026-02-25T06:45:00Z,2026-02-25,2026-02-25_31,15.41245202798567,0,100,0,9.99999999999999,18.86780034782609,0.035051872866813945,0.0,13.805142857142858,True,True,True,False,38.492598939894215,0.0,0.0,24.90481610864702,0.0,122.8981208821402,186.29553593068144
2026-02-25T06:45:00Z,2026-02-25T07:00:00Z,2026-02-25,2026-02-25_32,0.0,0,100,0,18.86780034782609,39.046291776397524,0.05605136507936508,0.0,21.933142857142858,True,True,True,False,0.0,0.0,0.0,24.90481610864702,0.0,6772.00528622455,6796.910102333197
2026-02-25T07:00:00Z,2026-02-25T07:15:00Z,2026-02-25,2026-02-25_33,100.0,0,100,0,39.046291776397524,19.55374519254659,0.05414596273291926,0.0,7.066857142857143,True,True,True,False,916.75,0.0,0.0,24.963692742473608,0.0,2871.968579278789,3813.6822720212626
2026-02-25T07:15:00Z,2026-02-25T07:30:00Z,2026-02-25,2026-02-25_34,0.0,0,100,0,19.55374519254659,19.61893376397516,0.00018107936507936507,0.0,0.07085714285714285,True,True,True,False,0.0,0.0,0.0,24.963692742473608,0.0,-4.543150741004491,20.420542001469116
2026-02-25T07:30:00Z,2026-02-25T07:45:00Z,2026-02-25,2026-02-25_35,0.0,0,100,0,19.61893376397516,36.608968049689445,0.04719453968253968,0.0,18.46742857142857,True,True,True,False,0.0,0.0,0.0,24.963692742473608,0.0,1683.832693690107,1708.7963864325804
2026-02-25T07:45:00Z,2026-02-25T08:00:00Z,2026-02-25,2026-02-25_36,-3.089316242435218e-14,0,100,0,36.608968049689445,58.24999662111802,0.060113968253968274,0.0,23.52285714285714,True,True,True,False,-7.723290606088045e-17,0.0,0.0,24.963692742473608,0.0,2751.5473665322784,2776.511059274752
2026-02-25T08:00:00Z,2026-02-25T08:15:00Z,2026-02-25,2026-02-25_37,0.0,100,100,0,58.24999662111802,51.09250693167703,0.028772328502415456,8.057142857142857,1.7394285714285713,True,True,True,False,0.0,0.0,99.08937473014876,24.93425442556031,1309.0635475134434,174.04287923561307,1607.1300559047654
2026-02-25T08:15:00Z,2026-02-25T08:30:00Z,2026-02-25,2026-02-25_38,0.0,100,100,0,51.09250693167703,50.409406310559014,0.009841628709454799,1.9440000000000002,1.5542857142857145,True,True,True,False,0.0,0.0,99.08937473014876,24.93425442556031,254.03395690230406,45.74792950504377,423.80551556305693
2026-02-25T08:30:00Z,2026-02-25T08:45:00Z,2026-02-25,2026-02-25_39,0.0,100,100,0,50.409406310559014,63.4544805962733,0.03623631746031746,0.0,14.17942857142857,True,True,True,False,0.0,0.0,99.08937473014876,24.93425442556031,0.0,1715.389723167675,1839.413352323384
2026-02-25T08:45:00Z,2026-02-25T09:00:00Z,2026-02-25,2026-02-25_40,0.0,100,100,0,63.4544805962733,78.23178345341616,0.0410480634920635,0.0,16.062285714285714,True,True,True,False,0.0,0.0,99.08937473014876,24.93425442556031,0.0,2414.3613363313693,2538.3849654870783
2026-02-25T09:00:00Z,2026-02-25T09:15:00Z,2026-02-25,2026-02-25_41,0.0,0,0,100,78.23178345341616,78.23178345341616,0.0,0.0,0.0,True,True,True,False,0.0,1022.9815127369785,0.0,0.0,0.0,0.0,1022.9815127369785
2026-02-25T09:15:00Z,2026-02-25T09:30:00Z,2026-02-25,2026-02-25_42,0.0,0,0,100,78.23178345341616,78.23178345341616,0.0,0.0,0.0,True,True,True,False,0.0,1022.9815127369785,0.0,0.0,0.0,0.0,1022.9815127369785
2026-02-25T09:30:00Z,2026-02-25T09:45:00Z,2026-02-25,2026-02-25_43,0.0,0,0,100,78.23178345341616,78.23178345341616,0.0,0.0,0.0,True,True,True,False,0.0,1022.9815127369785,0.0,0.0,0.0,0.0,1022.9815127369785
2026-02-25T09:45:00Z,2026-02-25T10:00:00Z,2026-02-25,2026-02-25_44,0.0,0,0,100,78.23178345341616,78.23178345341616,0.0,0.0,0.0,True,True,True,False,0.0,1022.9815127369785,0.0,0.0,0.0,0.0,1022.9815127369785
2026-02-25T10:00:00Z,2026-02-25T10:15:00Z,2026-02-25,2026-02-25_45,-100.0,100,0,0,78.23178345341616,95.50044631055901,0.047968507936507934,6.229714285714285,0.0,True,True,True,False,-127.49999999999999,0.0,99.4720728500216,0.0,742.5945602476181,0.0,714.5666330976397
2026-02-25T10:15:00Z,2026-02-25T10:30:00Z,2026-02-25,2026-02-25_46,-100.0,100,0,0,95.50044631055901,113.83893773913044,0.050940253968253975,5.066857142857143,0.0,True,True,True,False,-64.75,0.0,99.4720728500216,0.0,597.1023749151897,0.0,631.8244477652113
2026-02-25T10:30:00Z,2026-02-25T10:45:00Z,2026-02-25,2026-02-25_47,-100.0,100,0,0,113.83893773913044,131.29054916770187,0.048476698412698416,6.030857142857142,0.0,True,True,True,False,-49.0,0.0,99.4720728500216,0.0,795.8851889939946,0.0,846.3572618440162
2026-02-25T10:45:00Z,2026-02-25T11:00:00Z,2026-02-25,2026-02-25_48,-99.99999999999997,100,0,0,131.29054916770187,143.8913948819876,0.03500234920634921,11.30342857142857,0.0,True,True,True,False,-1.9999999999999996,0.0,99.4720728500216,0.0,3314.104740297972,0.0,3411.5768131479936
2026-02-25T11:00:00Z,2026-02-25T11:15:00Z,2026-02-25,2026-02-25_49,0.0,0,0,100,143.8913948819876,143.8913948819876,0.0,0.0,0.0,True,True,True,False,0.0,1022.9815127369785,0.0,0.0,0.0,0.0,1022.9815127369785
2026-02-25T11:15:00Z,2026-02-25T11:30:00Z,2026-02-25,2026-02-25_50,0.0,0,0,100,143.8913948819876,143.8913948819876,0.0,0.0,0.0,True,True,True,False,0.0,1022.9815127369785,0.0,0.0,0.0,0.0,1022.9815127369785
2026-02-25T11:30:00Z,2026-02-25T11:45:00Z,2026-02-25,2026-02-25_51,0.0,0,0,100,143.8913948819876,143.8913948819876,0.0,0.0,0.0,True,True,True,False,0.0,1022.9815127369785,0.0,0.0,0.0,0.0,1022.9815127369785
2026-02-25T11:45:00Z,2026-02-25T12:00:00Z,2026-02-25,2026-02-25_52,0.0,0,0,100,143.8913948819876,143.8913948819876,0.0,0.0,0.0,True,True,True,False,0.0,1022.9815127369785,0.0,0.0,0.0,0.0,1022.9815127369785
2026-02-25T12:00:00Z,2026-02-25T12:15:00Z,2026-02-25,2026-02-25_53,0.0,0,0,100,143.8913948819876,143.8913948819876,0.0,0.0,0.0,True,True,True,False,0.0,1022.9815127369785,0.0,0.0,0.0,0.0,1022.9815127369785
2026-02-25T12:15:00Z,2026-02-25T12:30:00Z,2026-02-25,2026-02-25_54,0.0,0,0,100,143.8913948819876,143.8913948819876,0.0,0.0,0.0,True,True,True,False,0.0,1022.9815127369785,0.0,0.0,0.0,0.0,1022.9815127369785
2026-02-25T12:30:00Z,2026-02-25T12:45:00Z,2026-02-25,2026-02-25_55,0.0,0,0,100,143.8913948819876,143.8913948819876,0.0,0.0,0.0,True,True,True,False,0.0,1022.9815127369785,0.0,0.0,0.0,0.0,1022.9815127369785
2026-02-25T12:45:00Z,2026-02-25T13:00:00Z,2026-02-25,2026-02-25_56,0.0,0,0,100,143.8913948819876,143.8913948819876,0.0,0.0,0.0,True,True,True,False,0.0,1022.9815127369785,0.0,0.0,0.0,0.0,1022.9815127369785
2026-02-25T13:00:00Z,2026-02-25T13:15:00Z,2026-02-25,2026-02-25_57,0.0,10,100,0,143.8913948819876,164.52305202484473,0.05731015873015873,0.0,22.425714285714285,True,True,True,False,0.0,0.0,10.20626447383915,25.316952545433136,0.0,3973.647849320676,4009.171066339948
2026-02-25T13:15:00Z,2026-02-25T13:30:00Z,2026-02-25,2026-02-25_58,0.0,10,100,0,164.52305202484473,168.1968497888199,0.010227768115942028,0.0037714285714285714,3.9977142857142858,True,True,True,False,0.0,0.0,10.20626447383915,25.316952545433136,0.296065358670846,71.65036296042929,107.46964533837242
2026-02-25T13:30:00Z,2026-02-25T13:45:00Z,2026-02-25,2026-02-25_59,0.0,10,100,0,168.1968497888199,168.23520655900623,0.0001738343685300207,0.011142857142857144,0.054857142857142854,True,True,True,False,0.0,0.0,10.20626447383915,25.316952545433136,0.8747385597093177,-4.113962733894438,32.28399284508716
2026-02-25T13:45:00Z,2026-02-25T14:00:00Z,2026-02-25,2026-02-25_60,90.00000000000009,10,100,0,168.23520655900623,144.0,0.06743567536231888,0.019200000000000002,0.22628571428571428,True,True,True,False,825.0750000000008,0.0,10.20626447383915,25.316952545433136,1.5072418259606706,-14.93963563774609,847.1658232074877
2026-02-25T14:00:00Z,2026-02-25T14:15:00Z,2026-02-25,2026-02-25_61,0.0,0,0,100,144.0,144.0,0.0,0.0,0.0,True,True,True,False,0.0,1022.9815127369785,0.0,0.0,0.0,0.0,1022.9815127369785
2026-02-25T14:15:00Z,2026-02-25T14:30:00Z,2026-02-25,2026-02-25_62,0.0,0,0,100,144.0,144.0,0.0,0.0,0.0,True,True,True,False,0.0,1022.9815127369785,0.0,0.0,0.0,0.0,1022.9815127369785
2026-02-25T14:30:00Z,2026-02-25T14:45:00Z,2026-02-25,2026-02-25_63,0.0,0,0,100,144.0,144.0,0.0,0.0,0.0,True,True,True,False,0.0,1022.9815127369785,0.0,0.0,0.0,0.0,1022.9815127369785
2026-02-25T14:45:00Z,2026-02-25T15:00:00Z,2026-02-25,2026-02-25_64,0.0,0,0,100,144.0,144.0,0.0,0.0,0.0,True,True,True,False,0.0,1022.9815127369785,0.0,0.0,0.0,0.0,1022.9815127369785
2026-02-25T15:00:00Z,2026-02-25T15:15:00Z,2026-02-25,2026-02-25_65,0.0,0,0,100,144.0,144.0,0.0,0.0,0.0,True,True,True,False,0.0,1022.9815127369785,0.0,0.0,0.0,0.0,1022.9815127369785
2026-02-25T15:15:00Z,2026-02-25T15:30:00Z,2026-02-25,2026-02-25_66,0.0,0,0,100,144.0,144.0,0.0,0.0,0.0,True,True,True,False,0.0,1022.9815127369785,0.0,0.0,0.0,0.0,1022.9815127369785
2026-02-25T15:30:00Z,2026-02-25T15:45:00Z,2026-02-25,2026-02-25_67,0.0,0,0,100,144.0,144.0,0.0,0.0,0.0,True,True,True,False,0.0,1022.9815127369785,0.0,0.0,0.0,0.0,1022.9815127369785
2026-02-25T15:45:00Z,2026-02-25T16:00:00Z,2026-02-25,2026-02-25_68,0.0,0,0,100,144.0,144.0,0.0,0.0,0.0,True,True,True,False,0.0,1022.9815127369785,0.0,0.0,0.0,0.0,1022.9815127369785
2026-02-25T16:00:00Z,2026-02-25T16:15:00Z,2026-02-25,2026-02-25_69,0.0,100,100,0,144.0,148.8546643478261,0.014009678398895789,0.08685714285714285,5.379428571428571,True,True,True,False,0.0,0.0,105.41861286650706,24.90481610864702,10.202364709906416,-264.5447017197584,-124.0189080346979
2026-02-25T16:15:00Z,2026-02-25T16:30:00Z,2026-02-25,2026-02-25_70,0.0,100,100,0,148.8546643478261,147.17316571428572,0.004884035886818495,1.5822857142857143,0.04171428571428571,True,True,True,False,0.0,0.0,105.41861286650706,24.90481610864702,231.81786844156355,-3.0690953745395,359.0722020421781
2026-02-25T16:30:00Z,2026-02-25T16:45:00Z,2026-02-25,2026-02-25_71,0.0,100,100,0,147.17316571428572,133.930929689441,0.036783988957902,12.182857142857143,0.0,True,True,True,False,0.0,0.0,105.41861286650706,24.90481610864702,2979.434703570167,0.0,3109.758132545321
2026-02-25T16:45:00Z,2026-02-25T17:00:00Z,2026-02-25,2026-02-25_72,0.0,100,100,0,133.930929689441,113.28745142857144,0.05734299516908211,18.991999999999997,0.0,True,True,True,False,0.0,0.0,105.41861286650706,24.90481610864702,8891.702991718019,0.0,9022.026420693173
2026-02-25T17:00:00Z,2026-02-25T17:15:00Z,2026-02-25,2026-02-25_73,45.0,0,45,55,113.28745142857144,101.05919055900624,0.033967391304347824,0.0,0.0,True,True,True,False,1785.6,562.6398320053381,0.0,11.207167248891158,0.0,0.0,2359.446999254229
2026-02-25T17:15:00Z,2026-02-25T17:30:00Z,2026-02-25,2026-02-25_74,45.0,0,45,55,101.05919055900624,88.83428372670811,0.03395807453416149,0.0,0.0030857142857142854,True,True,True,False,1739.1375,562.6398320053381,0.0,11.207167248891158,0.0,-0.24223529345796485,2312.742263960771
2026-02-25T17:30:00Z,2026-02-25T17:45:00Z,2026-02-25,2026-02-25_75,45.0,0,45,55,88.83428372670811,76.6255880745342,0.033913043478260865,0.0,0.018000000000000002,True,True,True,False,1625.9625,562.6398320053381,0.0,11.207167248891158,0.0,-1.4130392118381288,2198.396460042391
2026-02-25T17:45:00Z,2026-02-25T18:00:00Z,2026-02-25,2026-02-25_76,45.0,0,45,55,76.6255880745342,64.47502906832302,0.03375155279503105,0.0,0.07148571428571429,True,True,True,False,1647.225,562.6398320053381,0.0,11.207167248891158,0.0,-5.611784298442854,2215.4602149557863
2026-02-25T18:00:00Z,2026-02-25T18:15:00Z,2026-02-25,2026-02-25_77,0.0,0,0,100,64.47502906832302,64.47502906832302,0.0,0.0,0.0,True,True,True,False,0.0,1022.9815127369785,0.0,0.0,0.0,0.0,1022.9815127369785
2026-02-25T18:15:00Z,2026-02-25T18:30:00Z,2026-02-25,2026-02-25_78,0.0,0,0,100,64.47502906832302,64.47502906832302,0.0,0.0,0.0,True,True,True,False,0.0,1022.9815127369785,0.0,0.0,0.0,0.0,1022.9815127369785
2026-02-25T18:30:00Z,2026-02-25T18:45:00Z,2026-02-25,2026-02-25_79,0.0,0,0,100,64.47502906832302,64.47502906832302,0.0,0.0,0.0,True,True,True,False,0.0,1022.9815127369785,0.0,0.0,0.0,0.0,1022.9815127369785
2026-02-25T18:45:00Z,2026-02-25T19:00:00Z,2026-02-25,2026-02-25_80,0.0,0,0,100,64.47502906832302,64.47502906832302,0.0,0.0,0.0,True,True,True,False,0.0,1022.9815127369785,0.0,0.0,0.0,0.0,1022.9815127369785
2026-02-25T19:00:00Z,2026-02-25T19:15:00Z,2026-02-25,2026-02-25_81,0.0,0,0,100,64.47502906832302,64.47502906832302,0.0,0.0,0.0,True,True,True,False,0.0,1022.9815127369785,0.0,0.0,0.0,0.0,1022.9815127369785
2026-02-25T19:15:00Z,2026-02-25T19:30:00Z,2026-02-25,2026-02-25_82,0.0,0,0,100,64.47502906832302,64.47502906832302,0.0,0.0,0.0,True,True,True,False,0.0,1022.9815127369785,0.0,0.0,0.0,0.0,1022.9815127369785
2026-02-25T19:30:00Z,2026-02-25T19:45:00Z,2026-02-25,2026-02-25_83,0.0,0,0,100,64.47502906832302,64.47502906832302,0.0,0.0,0.0,True,True,True,False,0.0,1022.9815127369785,0.0,0.0,0.0,0.0,1022.9815127369785
2026-02-25T19:45:00Z,2026-02-25T20:00:00Z,2026-02-25,2026-02-25_84,0.0,0,0,100,64.47502906832302,64.47502906832302,0.0,0.0,0.0,True,True,True,False,0.0,1022.9815127369785,0.0,0.0,0.0,0.0,1022.9815127369785
2026-02-25T20:00:00Z,2026-02-25T20:15:00Z,2026-02-25,2026-02-25_85,0.0,0,0,100,64.47502906832302,64.47502906832302,0.0,0.0,0.0,True,True,True,False,0.0,1022.9815127369785,0.0,0.0,0.0,0.0,1022.9815127369785
2026-02-25T20:15:00Z,2026-02-25T20:30:00Z,2026-02-25,2026-02-25_86,0.0,0,0,100,64.47502906832302,64.47502906832302,0.0,0.0,0.0,True,True,True,False,0.0,1022.9815127369785,0.0,0.0,0.0,0.0,1022.9815127369785
2026-02-25T20:30:00Z,2026-02-25T20:45:00Z,2026-02-25,2026-02-25_87,0.0,0,0,100,64.47502906832302,64.47502906832302,0.0,0.0,0.0,True,True,True,False,0.0,1022.9815127369785,0.0,0.0,0.0,0.0,1022.9815127369785
2026-02-25T20:45:00Z,2026-02-25T21:00:00Z,2026-02-25,2026-02-25_88,0.0,0,0,100,64.47502906832302,64.47502906832302,0.0,0.0,0.0,True,True,True,False,0.0,1022.9815127369785,0.0,0.0,0.0,0.0,1022.9815127369785
2026-02-25T21:00:00Z,2026-02-25T21:15:00Z,2026-02-25,2026-02-25_89,0.0,0,0,100,64.47502906832302,64.47502906832302,0.0,0.0,0.0,True,True,True,False,0.0,1022.9815127369785,0.0,0.0,0.0,0.0,1022.9815127369785
2026-02-25T21:15:00Z,2026-02-25T21:30:00Z,2026-02-25,2026-02-25_90,0.0,0,0,100,64.47502906832302,64.47502906832302,0.0,0.0,0.0,True,True,True,False,0.0,1022.9815127369785,0.0,0.0,0.0,0.0,1022.9815127369785
2026-02-25T21:30:00Z,2026-02-25T21:45:00Z,2026-02-25,2026-02-25_91,0.0,0,0,100,64.47502906832302,64.47502906832302,0.0,0.0,0.0,True,True,True,False,0.0,1022.9815127369785,0.0,0.0,0.0,0.0,1022.9815127369785
2026-02-25T21:45:00Z,2026-02-25T22:00:00Z,2026-02-25,2026-02-25_92,0.0,0,0,100,64.47502906832302,64.47502906832302,0.0,0.0,0.0,True,True,True,False,0.0,1022.9815127369785,0.0,0.0,0.0,0.0,1022.9815127369785
2026-02-25T22:00:00Z,2026-02-25T22:15:00Z,2026-02-26,2026-02-25_93,0.0,0,0,100,64.47502906832302,64.47502906832302,0.0,0.0,0.0,True,True,True,False,0.0,1023.0015897003121,0.0,0.0,0.0,0.0,1023.0015897003121
2026-02-25T22:15:00Z,2026-02-25T22:30:00Z,2026-02-26,2026-02-25_94,0.0,0,0,100,64.47502906832302,64.47502906832302,0.0,0.0,0.0,True,True,True,False,0.0,1023.0015897003121,0.0,0.0,0.0,0.0,1023.0015897003121
2026-02-25T22:30:00Z,2026-02-25T22:45:00Z,2026-02-26,2026-02-25_95,0.0,0,0,100,64.47502906832302,64.47502906832302,0.0,0.0,0.0,True,True,True,False,0.0,1023.0015897003121,0.0,0.0,0.0,0.0,1023.0015897003121
2026-02-25T22:45:00Z,2026-02-25T23:00:00Z,2026-02-26,2026-02-25_96,0.0,0,0,100,64.47502906832302,64.47502906832302,0.0,0.0,0.0,True,True,True,False,0.0,1023.0015897003121,0.0,0.0,0.0,0.0,1023.0015897003121
2026-02-25T23:00:00Z,2026-02-25T23:15:00Z,2026-02-26,2026-02-26_1,0.0,0,0,100,64.47502906832302,64.47502906832302,0.0,0.0,0.0,True,True,True,False,0.0,1023.0015897003121,0.0,0.0,0.0,0.0,1023.0015897003121
2026-02-25T23:15:00Z,2026-02-25T23:30:00Z,2026-02-26,2026-02-26_2,0.0,0,0,100,64.47502906832302,64.47502906832302,0.0,0.0,0.0,True,True,True,False,0.0,1023.0015897003121,0.0,0.0,0.0,0.0,1023.0015897003121
2026-02-25T23:30:00Z,2026-02-25T23:45:00Z,2026-02-26,2026-02-26_3,0.0,0,0,100,64.47502906832302,64.47502906832302,0.0,0.0,0.0,True,True,True,False,0.0,1023.0015897003121,0.0,0.0,0.0,0.0,1023.0015897003121
2026-02-25T23:45:00Z,2026-02-26T00:00:00Z,2026-02-26,2026-02-26_4,0.0,0,0,100,64.47502906832302,64.47502906832302,0.0,0.0,0.0,True,True,True,False,0.0,1023.0015897003121,0.0,0.0,0.0,0.0,1023.0015897003121
2026-02-26T00:00:00Z,2026-02-26T00:15:00Z,2026-02-26,2026-02-26_5,0.0,0,0,100,64.47502906832302,64.47502906832302,0.0,0.0,0.0,True,True,True,False,0.0,1023.0015897003121,0.0,0.0,0.0,0.0,1023.0015897003121
2026-02-26T00:15:00Z,2026-02-26T00:30:00Z,2026-02-26,2026-02-26_6,0.0,0,0,100,64.47502906832302,64.47502906832302,0.0,0.0,0.0,True,True,True,False,0.0,1023.0015897003121,0.0,0.0,0.0,0.0,1023.0015897003121
2026-02-26T00:30:00Z,2026-02-26T00:45:00Z,2026-02-26,2026-02-26_7,0.0,0,0,100,64.47502906832302,64.47502906832302,0.0,0.0,0.0,True,True,True,False,0.0,1023.0015897003121,0.0,0.0,0.0,0.0,1023.0015897003121
2026-02-26T00:45:00Z,2026-02-26T01:00:00Z,2026-02-26,2026-02-26_8,0.0,0,0,100,64.47502906832302,64.47502906832302,0.0,0.0,0.0,True,True,True,False,0.0,1023.0015897003121,0.0,0.0,0.0,0.0,1023.0015897003121
2026-02-26T01:00:00Z,2026-02-26T01:15:00Z,2026-02-26,2026-02-26_9,0.0,0,0,100,64.47502906832302,64.47502906832302,0.0,0.0,0.0,True,True,True,False,0.0,1023.0015897003121,0.0,0.0,0.0,0.0,1023.0015897003121
2026-02-26T01:15:00Z,2026-02-26T01:30:00Z,2026-02-26,2026-02-26_10,0.0,0,0,100,64.47502906832302,64.47502906832302,0.0,0.0,0.0,True,True,True,False,0.0,1023.0015897003121,0.0,0.0,0.0,0.0,1023.0015897003121
2026-02-26T01:30:00Z,2026-02-26T01:45:00Z,2026-02-26,2026-02-26_11,0.0,0,0,100,64.47502906832302,64.47502906832302,0.0,0.0,0.0,True,True,True,False,0.0,1023.0015897003121,0.0,0.0,0.0,0.0,1023.0015897003121
2026-02-26T01:45:00Z,2026-02-26T02:00:00Z,2026-02-26,2026-02-26_12,0.0,0,0,100,64.47502906832302,64.47502906832302,0.0,0.0,0.0,True,True,True,False,0.0,1023.0015897003121,0.0,0.0,0.0,0.0,1023.0015897003121
2026-02-26T02:00:00Z,2026-02-26T02:15:00Z,2026-02-26,2026-02-26_13,0.0,0,0,100,64.47502906832302,64.47502906832302,0.0,0.0,0.0,True,True,True,False,0.0,1023.0015897003121,0.0,0.0,0.0,0.0,1023.0015897003121
2026-02-26T02:15:00Z,2026-02-26T02:30:00Z,2026-02-26,2026-02-26_14,0.0,0,0,100,64.47502906832302,64.47502906832302,0.0,0.0,0.0,True,True,True,False,0.0,1023.0015897003121,0.0,0.0,0.0,0.0,1023.0015897003121
2026-02-26T02:30:00Z,2026-02-26T02:45:00Z,2026-02-26,2026-02-26_15,0.0,0,0,100,64.47502906832302,64.47502906832302,0.0,0.0,0.0,True,True,True,False,0.0,1023.0015897003121,0.0,0.0,0.0,0.0,1023.0015897003121
2026-02-26T02:45:00Z,2026-02-26T03:00:00Z,2026-02-26,2026-02-26_16,0.0,0,0,100,64.47502906832302,64.47502906832302,0.0,0.0,0.0,True,True,True,False,0.0,1023.0015897003121,0.0,0.0,0.0,0.0,1023.0015897003121
2026-02-26T03:00:00Z,2026-02-26T03:15:00Z,2026-02-26,2026-02-26_17,24.0,76,100,0,64.47502906832302,72.32635424596278,0.03634422625258799,0.0,14.970857142857144,True,True,True,False,420.59999999999997,0.0,72.96017898847958,23.521676839440268,0.0,366.55726347249987,883.6391193004197
2026-02-26T03:15:00Z,2026-02-26T03:30:00Z,2026-02-26,2026-02-26_18,24.0,76,100,0,72.32635424596278,84.7701036124224,0.04216845493443755,0.0,19.754285714285714,True,True,True,False,429.78,0.0,72.96017898847958,23.521676839440268,0.0,1144.1303273885458,1670.3921832164656
2026-02-26T03:30:00Z,2026-02-26T03:45:00Z,2026-02-26,2026-02-26_19,23.803090866804936,76,100,0,84.7701036124224,80.81218802484551,0.021460423888067355,0.06340571428571429,2.6874285714285717,True,True,True,False,441.7853664878996,0.0,72.96017898847958,23.521676839440268,7.815491901500262,-45.709440016149344,500.3732742011704
2026-02-26T03:45:00Z,2026-02-26T04:00:00Z,2026-02-26,2026-02-26_20,24.0,76,100,0,80.81218802484551,64.72672218633619,0.04468184955141477,8.798628571428573,0.0,True,True,True,False,459.65999999999997,0.0,72.96017898847958,23.521676839440268,1624.6216181971624,0.0,2180.7634740250824
2026-02-26T04:00:00Z,2026-02-26T04:15:00Z,2026-02-26,2026-02-26_21,0.0,0,0,100,64.72672218633619,64.72672218633619,0.0,0.0,0.0,True,True,True,False,0.0,1023.0015897003121,0.0,0.0,0.0,0.0,1023.0015897003121
2026-02-26T04:15:00Z,2026-02-26T04:30:00Z,2026-02-26,2026-02-26_22,0.0,0,0,100,64.72672218633619,64.72672218633619,0.0,0.0,0.0,True,True,True,False,0.0,1023.0015897003121,0.0,0.0,0.0,0.0,1023.0015897003121
2026-02-26T04:30:00Z,2026-02-26T04:45:00Z,2026-02-26,2026-02-26_23,0.0,0,0,100,64.72672218633619,64.72672218633619,0.0,0.0,0.0,True,True,True,False,0.0,1023.0015897003121,0.0,0.0,0.0,0.0,1023.0015897003121
2026-02-26T04:45:00Z,2026-02-26T05:00:00Z,2026-02-26,2026-02-26_24,0.0,0,0,100,64.72672218633619,64.72672218633619,0.0,0.0,0.0,True,True,True,False,0.0,1023.0015897003121,0.0,0.0,0.0,0.0,1023.0015897003121
2026-02-26T05:00:00Z,2026-02-26T05:15:00Z,2026-02-26,2026-02-26_25,0.0,0,0,100,64.72672218633619,64.72672218633619,0.0,0.0,0.0,True,True,True,False,0.0,1023.0015897003121,0.0,0.0,0.0,0.0,1023.0015897003121
2026-02-26T05:15:00Z,2026-02-26T05:30:00Z,2026-02-26,2026-02-26_26,0.0,0,0,100,64.72672218633619,64.72672218633619,0.0,0.0,0.0,True,True,True,False,0.0,1023.0015897003121,0.0,0.0,0.0,0.0,1023.0015897003121
2026-02-26T05:30:00Z,2026-02-26T05:45:00Z,2026-02-26,2026-02-26_27,0.0,0,0,100,64.72672218633619,64.72672218633619,0.0,0.0,0.0,True,True,True,False,0.0,1023.0015897003121,0.0,0.0,0.0,0.0,1023.0015897003121
2026-02-26T05:45:00Z,2026-02-26T06:00:00Z,2026-02-26,2026-02-26_28,0.0,0,0,100,64.72672218633619,64.72672218633619,0.0,0.0,0.0,True,True,True,False,0.0,1023.0015897003121,0.0,0.0,0.0,0.0,1023.0015897003121
2026-02-26T06:00:00Z,2026-02-26T06:15:00Z,2026-02-26,2026-02-26_29,0.0,0,0,100,64.72672218633619,64.72672218633619,0.0,0.0,0.0,True,False,True,False,0.0,1023.0015897003121,0.0,0.0,0.0,0.0,1023.0015897003121
2026-02-26T06:15:00Z,2026-02-26T06:30:00Z,2026-02-26,2026-02-26_30,0.0,0,0,100,64.72672218633619,64.72672218633619,0.0,0.0,0.0,True,False,True,False,0.0,1023.0015897003121,0.0,0.0,0.0,0.0,1023.0015897003121
2026-02-26T06:30:00Z,2026-02-26T06:45:00Z,2026-02-26,2026-02-26_31,0.0,0,0,100,64.72672218633619,64.72672218633619,0.0,0.0,0.0,True,False,True,False,0.0,1023.0015897003121,0.0,0.0,0.0,0.0,1023.0015897003121
2026-02-26T06:45:00Z,2026-02-26T07:00:00Z,2026-02-26,2026-02-26_32,0.0,0,0,100,64.72672218633619,64.72672218633619,0.0,0.0,0.0,True,False,True,False,0.0,1023.0015897003121,0.0,0.0,0.0,0.0,1023.0015897003121
2026-02-26T07:00:00Z,2026-02-26T07:15:00Z,2026-02-26,2026-02-26_33,100.00000000000003,0,0,0,64.72672218633619,37.552809142857924,0.07548309178743963,0.0,0.0,True,False,True,False,2802.000000000001,0.0,0.0,0.0,0.0,0.0,2802.000000000001
2026-02-26T07:15:00Z,2026-02-26T07:30:00Z,2026-02-26,2026-02-26_34,100.0,0,0,0,37.552809142857924,10.378896099379666,0.0754830917874396,0.0,0.0,True,False,True,False,2679.25,0.0,0.0,0.0,0.0,0.0,2679.25
2026-02-26T07:30:00Z,2026-02-26T07:45:00Z,2026-02-26,2026-02-26_35,-100.0,0,0,0,10.378896099379666,33.378896099379666,0.06388888888888888,0.0,0.0,True,False,True,False,-249.75,0.0,0.0,0.0,0.0,0.0,-249.75
2026-02-26T07:45:00Z,2026-02-26T08:00:00Z,2026-02-26,2026-02-26_36,-100.0,0,0,0,33.378896099379666,56.378896099379666,0.06388888888888888,0.0,0.0,True,False,True,False,-210.75,0.0,0.0,0.0,0.0,0.0,-210.75
2026-02-26T08:00:00Z,2026-02-26T08:15:00Z,2026-02-26,2026-02-26_37,0.0,100,100,0,56.378896099379666,56.66852889441073,0.029327654934437543,4.723428571428571,5.895428571428572,True,True,True,False,0.0,0.0,96.26518556316607,23.080093419425744,710.3998378337459,2560.866197139661,3390.6113139559984
2026-02-26T08:15:00Z,2026-02-26T08:30:00Z,2026-02-26,2026-02-26_38,0.0,100,100,0,56.66852889441073,55.9549676521747,0.002131066942719116,0.681142857142857,0.029142857142857137,True,True,True,False,0.0,0.0,96.26518556316607,23.080093419425744,77.47032486521191,-1.43560872624912,195.3799951215546
2026-02-26T08:30:00Z,2026-02-26T08:45:00Z,2026-02-26,2026-02-26_39,0.0,100,100,0,55.9549676521747,61.232136347826874,0.014676055210489992,0.002857142857142857,5.739428571428571,True,True,True,False,0.0,0.0,96.26518556316607,23.080093419425744,0.2882207973174158,213.17652267776188,332.8100224576711
2026-02-26T08:45:00Z,2026-02-26T09:00:00Z,2026-02-26,2026-02-26_40,0.0,100,100,0,61.232136347826874,75.71135920496974,0.0402200634920635,0.0,15.738285714285716,True,True,True,False,0.0,0.0,96.26518556316607,23.080093419425744,0.0,1357.7032030078144,1477.0484819904061
2026-02-26T09:00:00Z,2026-02-26T09:15:00Z,2026-02-26,2026-02-26_41,0.0,0,0,100,75.71135920496974,75.71135920496974,0.0,0.0,0.0,True,True,True,False,0.0,1023.0015897003121,0.0,0.0,0.0,0.0,1023.0015897003121
2026-02-26T09:15:00Z,2026-02-26T09:30:00Z,2026-02-26,2026-02-26_42,0.0,0,0,100,75.71135920496974,75.71135920496974,0.0,0.0,0.0,True,True,True,False,0.0,1023.0015897003121,0.0,0.0,0.0,0.0,1023.0015897003121
2026-02-26T09:30:00Z,2026-02-26T09:45:00Z,2026-02-26,2026-02-26_43,0.0,0,0,100,75.71135920496974,75.71135920496974,0.0,0.0,0.0,True,True,True,False,0.0,1023.0015897003121,0.0,0.0,0.0,0.0,1023.0015897003121
2026-02-26T09:45:00Z,2026-02-26T10:00:00Z,2026-02-26,2026-02-26_44,0.0,0,0,100,75.71135920496974,75.71135920496974,0.0,0.0,0.0,True,True,True,False,0.0,1023.0015897003121,0.0,0.0,0.0,0.0,1023.0015897003121
2026-02-26T10:00:00Z,2026-02-26T10:15:00Z,2026-02-26,2026-02-26_45,0.0,100,100,0,75.71135920496974,79.51304467080826,0.010684461007591442,0.02057142857142857,4.156571428571429,True,True,True,False,0.0,0.0,98.56141934724157,23.16841010342865,1.937920380406593,41.17006787768,164.8378177087568
2026-02-26T10:15:00Z,2026-02-26T10:30:00Z,2026-02-26,2026-02-26_46,0.0,100,100,0,79.51304467080826,91.6249760993797,0.033644253968253976,0.0,13.16514285714286,True,True,True,False,0.0,0.0,98.56141934724157,23.16841010342865,0.0,875.997593636713,997.7274230873832
2026-02-26T10:30:00Z,2026-02-26T10:45:00Z,2026-02-26,2026-02-26_47,0.0,100,100,0,91.6249760993797,107.00211895652255,0.04271428571428572,0.0,16.714285714285715,True,True,True,False,0.0,0.0,98.56141934724157,23.16841010342865,0.0,1654.8300815036828,1776.559910954353
2026-02-26T10:45:00Z,2026-02-26T11:00:00Z,2026-02-26,2026-02-26_48,0.0,100,100,0,107.00211895652255,127.46554752795112,0.05684285714285713,0.0,22.24285714285714,True,True,True,False,0.0,0.0,98.56141934724157,23.16841010342865,0.0,7880.488049210616,8002.217878661286
2026-02-26T11:00:00Z,2026-02-26T11:15:00Z,2026-02-26,2026-02-26_49,0.0,0,0,100,127.46554752795112,127.46554752795112,0.0,0.0,0.0,True,False,True,False,0.0,1023.0015897003121,0.0,0.0,0.0,0.0,1023.0015897003121
2026-02-26T11:15:00Z,2026-02-26T11:30:00Z,2026-02-26,2026-02-26_50,0.0,0,0,100,127.46554752795112,127.46554752795112,0.0,0.0,0.0,True,False,True,False,0.0,1023.0015897003121,0.0,0.0,0.0,0.0,1023.0015897003121
2026-02-26T11:30:00Z,2026-02-26T11:45:00Z,2026-02-26,2026-02-26_51,0.0,0,0,100,127.46554752795112,127.46554752795112,0.0,0.0,0.0,True,False,True,False,0.0,1023.0015897003121,0.0,0.0,0.0,0.0,1023.0015897003121
2026-02-26T11:45:00Z,2026-02-26T12:00:00Z,2026-02-26,2026-02-26_52,0.0,0,0,100,127.46554752795112,127.46554752795112,0.0,0.0,0.0,True,False,True,False,0.0,1023.0015897003121,0.0,0.0,0.0,0.0,1023.0015897003121
2026-02-26T12:00:00Z,2026-02-26T12:15:00Z,2026-02-26,2026-02-26_53,0.0,0,0,100,127.46554752795112,127.46554752795112,0.0,0.0,0.0,True,True,True,False,0.0,1023.0015897003121,0.0,0.0,0.0,0.0,1023.0015897003121
2026-02-26T12:15:00Z,2026-02-26T12:30:00Z,2026-02-26,2026-02-26_54,0.0,0,0,100,127.46554752795112,127.46554752795112,0.0,0.0,0.0,True,True,True,False,0.0,1023.0015897003121,0.0,0.0,0.0,0.0,1023.0015897003121
2026-02-26T12:30:00Z,2026-02-26T12:45:00Z,2026-02-26,2026-02-26_55,0.0,0,0,100,127.46554752795112,127.46554752795112,0.0,0.0,0.0,True,True,True,False,0.0,1023.0015897003121,0.0,0.0,0.0,0.0,1023.0015897003121
2026-02-26T12:45:00Z,2026-02-26T13:00:00Z,2026-02-26,2026-02-26_56,0.0,0,0,100,127.46554752795112,127.46554752795112,0.0,0.0,0.0,True,True,True,False,0.0,1023.0015897003121,0.0,0.0,0.0,0.0,1023.0015897003121
2026-02-26T13:00:00Z,2026-02-26T13:15:00Z,2026-02-26,2026-02-26_57,0.0,0,0,100,127.46554752795112,127.46554752795112,0.0,0.0,0.0,True,True,True,False,0.0,1023.0015897003121,0.0,0.0,0.0,0.0,1023.0015897003121
2026-02-26T13:15:00Z,2026-02-26T13:30:00Z,2026-02-26,2026-02-26_58,0.0,0,0,100,127.46554752795112,127.46554752795112,0.0,0.0,0.0,True,True,True,False,0.0,1023.0015897003121,0.0,0.0,0.0,0.0,1023.0015897003121
2026-02-26T13:30:00Z,2026-02-26T13:45:00Z,2026-02-26,2026-02-26_59,0.0,0,0,100,127.46554752795112,127.46554752795112,0.0,0.0,0.0,True,True,True,False,0.0,1023.0015897003121,0.0,0.0,0.0,0.0,1023.0015897003121
2026-02-26T13:45:00Z,2026-02-26T14:00:00Z,2026-02-26,2026-02-26_60,0.0,0,0,100,127.46554752795112,127.46554752795112,0.0,0.0,0.0,True,True,True,False,0.0,1023.0015897003121,0.0,0.0,0.0,0.0,1023.0015897003121
2026-02-26T14:00:00Z,2026-02-26T14:15:00Z,2026-02-26,2026-02-26_61,-100.0,100,0,0,127.46554752795112,149.99608467080827,0.0625848253968254,0.5102857142857143,0.0,True,True,True,False,-0.25,0.0,103.80154259808057,0.0,47.215123853635426,0.0,150.766666451716
2026-02-26T14:15:00Z,2026-02-26T14:30:00Z,2026-02-26,2026-02-26_62,-100.0,100,0,0,149.99608467080827,172.39361609937973,0.062215365079365086,0.6548571428571428,0.0,True,True,True,False,-127.49999999999999,0.0,103.80154259808057,0.0,53.49835719752938,0.0,29.799899795609967
2026-02-26T14:30:00Z,2026-02-26T14:45:00Z,2026-02-26,2026-02-26_63,-100.0,100,0,0,172.39361609937973,187.85907895652258,0.04295961904761905,8.189714285714286,0.0,True,True,True,False,-420.5,0.0,103.80154259808057,0.0,1330.2913288717054,0.0,1013.592871469786
2026-02-26T14:45:00Z,2026-02-26T15:00:00Z,2026-02-26,2026-02-26_64,0.0,100,0,0,187.85907895652258,177.1795758509325,0.02966528640441684,9.825142857142858,0.0,True,True,True,False,0.0,0.0,103.80154259808057,0.0,1533.8063622778416,0.0,1637.607904875922
2026-02-26T15:00:00Z,2026-02-26T15:15:00Z,2026-02-26,2026-02-26_65,4.122266318312186e-12,47,85,15,177.1795758509325,182.82874499378858,0.017146898412699788,0.24090857142857142,6.42502857142857,True,True,True,False,7.21190492388717e-11,153.45023845504682,49.69991953368791,18.6171569878123,24.13558454037474,168.77096030795886,414.67385982495273
2026-02-26T15:15:00Z,2026-02-26T15:30:00Z,2026-02-26,2026-02-26_66,38.0,47,85,15,182.82874499378858,172.16343750558985,0.030405546832298135,0.5645371428571428,0.27588571428571423,True,True,True,False,925.395,153.45023845504682,49.69991953368791,18.6171569878123,67.71930652730387,-14.257984663737728,1200.6236368401132
2026-02-26T15:30:00Z,2026-02-26T15:45:00Z,2026-02-26,2026-02-26_67,38.0,47,85,15,172.16343750558985,159.7881242236023,0.03437861562456866,1.8861771428571428,0.0009714285714285714,True,True,True,False,1118.815,153.45023845504682,49.69991953368791,18.6171569878123,302.0282193685497,-0.07626075571044463,1642.5342735893864
2026-02-26T15:45:00Z,2026-02-26T16:00:00Z,2026-02-26,2026-02-26_68,38.0,47,85,15,159.7881242236023,143.2250496894408,0.046008540372670804,5.738028571428571,0.0,True,True,True,False,1182.845,153.45023845504682,49.69991953368791,18.6171569878123,1065.0978342169674,0.0,2469.7101491935146
2026-02-26T16:00:00Z,2026-02-26T16:15:00Z,2026-02-26,2026-02-26_69,0.0,0,0,100,143.2250496894408,143.2250496894408,0.0,0.0,0.0,True,True,True,False,0.0,1023.0015897003121,0.0,0.0,0.0,0.0,1023.0015897003121
2026-02-26T16:15:00Z,2026-02-26T16:30:00Z,2026-02-26,2026-02-26_70,0.0,0,0,100,143.2250496894408,143.2250496894408,0.0,0.0,0.0,True,True,True,False,0.0,1023.0015897003121,0.0,0.0,0.0,0.0,1023.0015897003121
2026-02-26T16:30:00Z,2026-02-26T16:45:00Z,2026-02-26,2026-02-26_71,0.0,0,0,100,143.2250496894408,143.2250496894408,0.0,0.0,0.0,True,True,True,False,0.0,1023.0015897003121,0.0,0.0,0.0,0.0,1023.0015897003121
2026-02-26T16:45:00Z,2026-02-26T17:00:00Z,2026-02-26,2026-02-26_72,0.0,0,0,100,143.2250496894408,143.2250496894408,0.0,0.0,0.0,True,True,True,False,0.0,1023.0015897003121,0.0,0.0,0.0,0.0,1023.0015897003121
2026-02-26T17:00:00Z,2026-02-26T17:15:00Z,2026-02-26,2026-02-26_73,0.0,0,0,100,143.2250496894408,143.2250496894408,0.0,0.0,0.0,True,True,True,False,0.0,1023.0015897003121,0.0,0.0,0.0,0.0,1023.0015897003121
2026-02-26T17:15:00Z,2026-02-26T17:30:00Z,2026-02-26,2026-02-26_74,0.0,0,0,100,143.2250496894408,143.2250496894408,0.0,0.0,0.0,True,True,True,False,0.0,1023.0015897003121,0.0,0.0,0.0,0.0,1023.0015897003121
2026-02-26T17:30:00Z,2026-02-26T17:45:00Z,2026-02-26,2026-02-26_75,0.0,0,0,100,143.2250496894408,143.2250496894408,0.0,0.0,0.0,True,True,True,False,0.0,1023.0015897003121,0.0,0.0,0.0,0.0,1023.0015897003121
2026-02-26T17:45:00Z,2026-02-26T18:00:00Z,2026-02-26,2026-02-26_76,0.0,0,0,100,143.2250496894408,143.2250496894408,0.0,0.0,0.0,True,True,True,False,0.0,1023.0015897003121,0.0,0.0,0.0,0.0,1023.0015897003121
2026-02-26T18:00:00Z,2026-02-26T18:15:00Z,2026-02-26,2026-02-26_77,0.0,0,0,100,143.2250496894408,143.2250496894408,0.0,0.0,0.0,True,True,True,False,0.0,1023.0015897003121,0.0,0.0,0.0,0.0,1023.0015897003121
2026-02-26T18:15:00Z,2026-02-26T18:30:00Z,2026-02-26,2026-02-26_78,0.0,0,0,100,143.2250496894408,143.2250496894408,0.0,0.0,0.0,True,True,True,False,0.0,1023.0015897003121,0.0,0.0,0.0,0.0,1023.0015897003121
2026-02-26T18:30:00Z,2026-02-26T18:45:00Z,2026-02-26,2026-02-26_79,0.0,0,0,100,143.2250496894408,143.2250496894408,0.0,0.0,0.0,True,True,True,False,0.0,1023.0015897003121,0.0,0.0,0.0,0.0,1023.0015897003121
2026-02-26T18:45:00Z,2026-02-26T19:00:00Z,2026-02-26,2026-02-26_80,0.0,0,0,100,143.2250496894408,143.2250496894408,0.0,0.0,0.0,True,True,True,False,0.0,1023.0015897003121,0.0,0.0,0.0,0.0,1023.0015897003121
2026-02-26T19:00:00Z,2026-02-26T19:15:00Z,2026-02-26,2026-02-26_81,67.0,0,67,33,143.2250496894408,125.83626086956502,0.048302191166321604,0.0,0.7523142857142858,True,True,True,False,2171.6375000000003,337.590524601103,0.0,14.714148332777265,0.0,-17.337645477204486,2506.604527456676
2026-02-26T19:15:00Z,2026-02-26T19:30:00Z,2026-02-26,2026-02-26_82,67.0,0,67,33,125.83626086956502,107.62973913043459,0.050573671497584544,0.0,0.0,True,True,True,False,2362.42,337.590524601103,0.0,14.714148332777265,0.0,0.0,2714.7246729338804
2026-02-26T19:30:00Z,2026-02-26T19:45:00Z,2026-02-26,2026-02-26_83,67.0,0,67,33,107.62973913043459,89.42321739130415,0.05057367149758454,0.0,0.0,True,True,True,False,2376.3225,337.590524601103,0.0,14.714148332777265,0.0,0.0,2728.6271729338805
2026-02-26T19:45:00Z,2026-02-26T20:00:00Z,2026-02-26,2026-02-26_84,67.00000000000007,0,67,33,89.42321739130415,71.2166956521737,0.05057367149758459,0.0,0.0,True,True,True,False,1743.005000000002,337.590524601103,0.0,14.714148332777265,0.0,0.0,2095.309672933882
2026-02-26T20:00:00Z,2026-02-26T20:15:00Z,2026-02-26,2026-02-26_85,0.0,100,100,0,71.2166956521737,68.81980124223581,0.006658040027605245,2.205142857142857,0.0,True,True,True,False,0.0,0.0,107.62859890487313,21.961415422055623,317.6846005422364,0.0,447.27461486916513
2026-02-26T20:15:00Z,2026-02-26T20:30:00Z,2026-02-26,2026-02-26_86,0.0,100,100,0,68.81980124223581,53.78874534161469,0.04175293305728088,13.82857142857143,0.0,True,True,True,False,0.0,0.0,107.62859890487313,21.961415422055623,7962.771674736662,0.0,8092.361689063591
2026-02-26T20:30:00Z,2026-02-26T20:45:00Z,2026-02-26,2026-02-26_87,0.0,100,100,0,53.78874534161469,43.18129192546563,0.029465148378191853,9.758857142857142,0.0,True,True,True,False,0.0,0.0,107.62859890487313,21.961415422055623,3134.4503767337405,0.0,3264.040391060669
2026-02-26T20:45:00Z,2026-02-26T21:00:00Z,2026-02-26,2026-02-26_88,0.0,100,100,0,43.18129192546563,42.16734906832277,0.0029771428571428575,0.9594285714285715,0.031428571428571424,True,True,True,False,0.0,0.0,107.62859890487313,21.961415422055623,141.0258131443263,-2.454140089886758,268.16168738136827
2026-02-26T21:00:00Z,2026-02-26T21:15:00Z,2026-02-26,2026-02-26_89,0.0,100,100,0,42.16734906832277,34.686603726707865,0.02077984817115252,6.882285714285715,0.0,True,True,True,False,0.0,0.0,107.62859890487313,21.961415422055623,1176.261280563881,0.0,1305.8512948908096
2026-02-26T21:15:00Z,2026-02-26T21:30:00Z,2026-02-26,2026-02-26_90,0.0,100,100,0,34.686603726707865,28.012069565217182,0.01854037267080745,6.140571428571429,0.0,True,True,True,False,0.0,0.0,107.62859890487313,21.961415422055623,1105.0112122376083,0.0,1234.601226564537
2026-02-26T21:30:00Z,2026-02-26T21:45:00Z,2026-02-26,2026-02-26_91,0.0,100,100,0,28.012069565217182,22.839751552794823,0.014718026224982746,4.816571428571429,0.06857142857142857,True,True,True,False,0.0,0.0,107.62859890487313,21.961415422055623,829.3704377423453,-4.280812289196486,954.6796397800775
2026-02-26T21:45:00Z,2026-02-26T22:00:00Z,2026-02-26,2026-02-26_92,0.0,100,100,0,22.839751552794823,9.999999999999792,0.03566597653554175,11.81257142857143,0.0,True,True,True,False,0.0,0.0,107.62859890487313,21.961415422055623,2602.076285204012,0.0,2731.6662995309407
2026-02-26T22:00:00Z,2026-02-26T22:15:00Z,2026-02-27,2026-02-26_93,-100.00000000000423,100,0,0,9.999999999999792,27.37328000000077,0.04825911111111381,6.116,0.0,True,True,True,False,-2221.500000000094,0.0,100.85369443626729,0.0,998.5421740751642,0.0,-1122.1041314886627
2026-02-26T22:15:00Z,2026-02-26T22:30:00Z,2026-02-27,2026-02-26_94,-99.99999999999999,100,0,0,27.37328000000077,47.24843428571505,0.05520876190476189,3.396571428571429,0.0,True,True,True,False,-1992.0,0.0,100.85369443626729,0.0,556.0831680614548,0.0,-1335.0631375022779
2026-02-26T22:30:00Z,2026-02-26T22:45:00Z,2026-02-27,2026-02-26_95,-100.00000000000047,100,0,0,47.24843428571505,68.30749714285801,0.058497396825397126,2.109714285714286,0.0,True,True,True,False,-1809.5000000000084,0.0,100.85369443626729,0.0,318.6912745980347,0.0,-1389.9550309657066
2026-02-26T22:45:00Z,2026-02-26T23:00:00Z,2026-02-27,2026-02-26_96,-100.0,100,0,0,68.30749714285801,91.30644571428658,0.06388596825396825,0.001142857142857143,0.0,True,True,True,False,-1735.7500000000002,0.0,100.85369443626729,0.0,0.13434823443654767,0.0,-1634.7619573292964
2026-02-26T23:00:00Z,2026-02-26T23:15:00Z,2026-02-27,2026-02-27_1,-4.0,4,0,96,91.30644571428658,92.22644571428658,0.0025555555555555557,0.0,0.0,True,True,True,False,-61.73,982.042979099205,3.92581689726229,0.0,0.0,0.0,924.2387959964673
2026-02-26T23:15:00Z,2026-02-26T23:30:00Z,2026-02-27,2026-02-27_2,-4.0,4,0,96,92.22644571428658,93.14644571428659,0.0025555555555555557,0.0,0.0,True,True,True,False,-61.57,982.042979099205,3.92581689726229,0.0,0.0,0.0,924.3987959964674
2026-02-26T23:30:00Z,2026-02-26T23:45:00Z,2026-02-27,2026-02-27_3,-4.0,4,0,96,93.14644571428659,94.06644571428657,0.002555555555555556,0.0,0.0,True,True,True,False,-56.1,982.042979099205,3.92581689726229,0.0,0.0,0.0,929.8687959964673
2026-02-26T23:45:00Z,2026-02-27T00:00:00Z,2026-02-27,2026-02-27_4,-4.0,4,0,96,94.06644571428657,94.98644571428657,0.0025555555555555553,0.0,0.0,True,True,True,False,-58.99,982.042979099205,3.92581689726229,0.0,0.0,0.0,926.9787959964673
2026-02-27T00:00:00Z,2026-02-27T00:15:00Z,2026-02-27,2026-02-27_5,0.0,0,0,100,94.98644571428657,94.98644571428657,0.0,0.0,0.0,True,True,True,False,0.0,1022.9614365616719,0.0,0.0,0.0,0.0,1022.9614365616719
2026-02-27T00:15:00Z,2026-02-27T00:30:00Z,2026-02-27,2026-02-27_6,0.0,0,0,100,94.98644571428657,94.98644571428657,0.0,0.0,0.0,True,True,True,False,0.0,1022.9614365616719,0.0,0.0,0.0,0.0,1022.9614365616719
2026-02-27T00:30:00Z,2026-02-27T00:45:00Z,2026-02-27,2026-02-27_7,0.0,0,0,100,94.98644571428657,94.98644571428657,0.0,0.0,0.0,True,True,True,False,0.0,1022.9614365616719,0.0,0.0,0.0,0.0,1022.9614365616719
2026-02-27T00:45:00Z,2026-02-27T01:00:00Z,2026-02-27,2026-02-27_8,0.0,0,0,100,94.98644571428657,94.98644571428657,0.0,0.0,0.0,True,True,True,False,0.0,1022.9614365616719,0.0,0.0,0.0,0.0,1022.9614365616719
2026-02-27T01:00:00Z,2026-02-27T01:15:00Z,2026-02-27,2026-02-27_9,0.0,0,0,100,94.98644571428657,94.98644571428657,0.0,0.0,0.0,True,True,True,False,0.0,1022.9614365616719,0.0,0.0,0.0,0.0,1022.9614365616719
2026-02-27T01:15:00Z,2026-02-27T01:30:00Z,2026-02-27,2026-02-27_10,0.0,0,0,100,94.98644571428657,94.98644571428657,0.0,0.0,0.0,True,True,True,False,0.0,1022.9614365616719,0.0,0.0,0.0,0.0,1022.9614365616719
2026-02-27T01:30:00Z,2026-02-27T01:45:00Z,2026-02-27,2026-02-27_11,0.0,0,0,100,94.98644571428657,94.98644571428657,0.0,0.0,0.0,True,True,True,False,0.0,1022.9614365616719,0.0,0.0,0.0,0.0,1022.9614365616719
2026-02-27T01:45:00Z,2026-02-27T02:00:00Z,2026-02-27,2026-02-27_12,0.0,0,0,100,94.98644571428657,94.98644571428657,0.0,0.0,0.0,True,True,True,False,0.0,1022.9614365616719,0.0,0.0,0.0,0.0,1022.9614365616719
2026-02-27T02:00:00Z,2026-02-27T02:15:00Z,2026-02-27,2026-02-27_13,0.0,0,0,100,94.98644571428657,94.98644571428657,0.0,0.0,0.0,True,True,True,False,0.0,1022.9614365616719,0.0,0.0,0.0,0.0,1022.9614365616719
2026-02-27T02:15:00Z,2026-02-27T02:30:00Z,2026-02-27,2026-02-27_14,0.0,0,0,100,94.98644571428657,94.98644571428657,0.0,0.0,0.0,True,True,True,False,0.0,1022.9614365616719,0.0,0.0,0.0,0.0,1022.9614365616719
2026-02-27T02:30:00Z,2026-02-27T02:45:00Z,2026-02-27,2026-02-27_15,0.0,0,0,100,94.98644571428657,94.98644571428657,0.0,0.0,0.0,True,True,True,False,0.0,1022.9614365616719,0.0,0.0,0.0,0.0,1022.9614365616719
2026-02-27T02:45:00Z,2026-02-27T03:00:00Z,2026-02-27,2026-02-27_16,0.0,0,0,100,94.98644571428657,94.98644571428657,0.0,0.0,0.0,True,True,True,False,0.0,1022.9614365616719,0.0,0.0,0.0,0.0,1022.9614365616719
2026-02-27T03:00:00Z,2026-02-27T03:15:00Z,2026-02-27,2026-02-27_17,0.0,0,0,100,94.98644571428657,94.98644571428657,0.0,0.0,0.0,True,True,True,False,0.0,1022.9614365616719,0.0,0.0,0.0,0.0,1022.9614365616719
2026-02-27T03:15:00Z,2026-02-27T03:30:00Z,2026-02-27,2026-02-27_18,0.0,0,0,100,94.98644571428657,94.98644571428657,0.0,0.0,0.0,True,True,True,False,0.0,1022.9614365616719,0.0,0.0,0.0,0.0,1022.9614365616719
2026-02-27T03:30:00Z,2026-02-27T03:45:00Z,2026-02-27,2026-02-27_19,0.0,0,0,100,94.98644571428657,94.98644571428657,0.0,0.0,0.0,True,True,True,False,0.0,1022.9614365616719,0.0,0.0,0.0,0.0,1022.9614365616719
2026-02-27T03:45:00Z,2026-02-27T04:00:00Z,2026-02-27,2026-02-27_20,0.0,0,0,100,94.98644571428657,94.98644571428657,0.0,0.0,0.0,True,True,True,False,0.0,1022.9614365616719,0.0,0.0,0.0,0.0,1022.9614365616719
2026-02-27T04:00:00Z,2026-02-27T04:15:00Z,2026-02-27,2026-02-27_21,0.0,100,100,0,94.98644571428657,93.34925416149154,0.04980007177363699,9.0,8.853714285714286,True,True,True,False,0.0,0.0,100.02943773918162,20.135413600235502,2897.1910509272884,3013.9551626785537,6031.311064945259
2026-02-27T04:15:00Z,2026-02-27T04:30:00Z,2026-02-27,2026-02-27_22,0.0,100,100,0,93.34925416149154,72.74552745341701,0.05723257418909592,18.95542857142857,0.0,True,True,True,False,0.0,0.0,100.02943773918162,20.135413600235502,5022.308783604581,0.0,5142.473634943998
2026-02-27T04:30:00Z,2026-02-27T04:45:00Z,2026-02-27,2026-02-27_23,0.0,100,100,0,72.74552745341701,63.60329142857229,0.02539510006901311,8.410857142857143,0.0,True,True,True,False,0.0,0.0,100.02943773918162,20.135413600235502,1452.5602281004246,0.0,1572.7250794398417
2026-02-27T04:45:00Z,2026-02-27T05:00:00Z,2026-02-27,2026-02-27_24,0.0,100,100,0,63.60329142857229,52.9008069565226,0.02972912353347136,9.846285714285715,0.0,True,True,True,False,0.0,0.0,100.02943773918162,20.135413600235502,1983.7536270939345,0.0,2103.9184784333515
2026-02-27T05:00:00Z,2026-02-27T05:15:00Z,2026-02-27,2026-02-27_25,0.2256306505079186,27,55,45,52.9008069565226,52.21340259378883,0.002144621188889856,0.6151371428571428,0.0462,True,True,True,False,5.515541251666071,460.3326464527524,26.59464233146894,10.702090079481897,145.72816816855206,-2.628889255225199,646.2441990286961
2026-02-27T05:15:00Z,2026-02-27T05:30:00Z,2026-02-27,2026-02-27_26,27.999999999999993,27,55,45,52.21340259378883,42.91511066832299,0.025828588681849545,1.5544285714285713,0.0,True,True,True,False,859.5299999999999,460.3326464527524,26.59464233146894,10.702090079481897,294.857909920518,0.0,1652.0172887842211
2026-02-27T05:30:00Z,2026-02-27T05:45:00Z,2026-02-27,2026-02-27_27,27.999999999999993,27,55,45,42.91511066832299,34.50719734658386,0.023441269068322973,0.7669542857142858,0.03425714285714286,True,True,True,False,910.4899999999997,460.3326464527524,26.59464233146894,10.702090079481897,130.22885276588588,-2.3697095364256975,1535.978522093163
2026-02-27T05:45:00Z,2026-02-27T06:00:00Z,2026-02-27,2026-02-27_28,27.999999999999993,27,55,45,34.50719734658386,34.747204968944104,0.01892852358868185,0.0,7.809685714285714,True,True,True,False,787.7099999999998,460.3326464527524,26.59464233146894,10.702090079481897,0.0,159.9012267462887,1445.2406056099917
2026-02-27T06:00:00Z,2026-02-27T06:15:00Z,2026-02-27,2026-02-27_29,100.0,0,100,0,34.747204968944104,15.410559006211184,0.053712905452035886,0.0,7.210285714285715,True,True,True,False,3193.5,0.0,0.0,19.546658816602882,0.0,-74.32869944068297,3138.7179593759197
2026-02-27T06:15:00Z,2026-02-27T06:30:00Z,2026-02-27,2026-02-27_30,99.99999999999999,0,100,0,15.410559006211184,10.537888198757773,0.0135351966873706,0.0,20.517142857142858,True,True,True,False,2374.9999999999995,0.0,0.0,19.546658816602882,0.0,8558.364460518384,10952.911119334985
2026-02-27T06:30:00Z,2026-02-27T06:45:00Z,2026-02-27,2026-02-27_31,100.00000000000003,0,100,0,10.537888198757773,10.000000000000004,0.0014941338854382502,0.0,24.505142857142857,True,True,True,False,2168.0000000000005,0.0,0.0,19.546658816602882,0.0,3832.622617715912,6020.169276532515
2026-02-27T06:45:00Z,2026-02-27T07:00:00Z,2026-02-27,2026-02-27_32,0.3090076069550058,0,100,0,10.000000000000004,29.450956144099436,0.05410093609031024,0.0,21.221714285714285,True,True,True,False,1.8069219816693964,0.0,0.0,19.546658816602882,0.0,12534.859283008815,12556.212863807086
2026-02-27T07:00:00Z,2026-02-27T07:15:00Z,2026-02-27,2026-02-27_33,100.0,0,100,0,29.450956144099436,18.77331639254664,0.029660110420979983,0.0,15.176571428571428,True,True,True,False,1884.0,0.0,0.0,18.810715337062113,0.0,6948.391663568695,8851.202378905757
2026-02-27T07:15:00Z,2026-02-27T07:30:00Z,2026-02-27,2026-02-27_34,0.0,0,100,0,18.77331639254664,23.78179639254664,0.013912444444444446,0.0,5.444,True,True,True,False,0.0,0.0,0.0,18.810715337062113,0.0,111.91958002158766,130.73029535864978
2026-02-27T07:30:00Z,2026-02-27T07:45:00Z,2026-02-27,2026-02-27_35,0.0,0,100,0,23.78179639254664,36.73119067826093,0.03597053968253969,0.0,14.075428571428573,True,True,True,False,0.0,0.0,0.0,18.810715337062113,0.0,2014.4119141539454,2033.2226294910076
2026-02-27T07:45:00Z,2026-02-27T08:00:00Z,2026-02-27,2026-02-27_36,0.0,0,100,0,36.73119067826093,54.70431067826093,0.049925333333333335,0.0,19.536,True,True,True,False,0.0,0.0,0.0,18.810715337062113,0.0,10397.998139534884,10416.808854871946
2026-02-27T08:00:00Z,2026-02-27T08:15:00Z,2026-02-27,2026-02-27_37,0.0,100,100,0,54.70431067826093,60.4588090633541,0.01655407591442374,0.09428571428571428,6.3662857142857145,True,True,True,False,0.0,0.0,90.10891963497203,20.312040035325285,9.360200176626433,5308.802615529108,5428.583775376032
2026-02-27T08:15:00Z,2026-02-27T08:30:00Z,2026-02-27,2026-02-27_38,0.0,100,100,0,60.4588090633541,59.500804591304416,0.0035431552795031056,1.0274285714285716,0.17257142857142857,True,True,True,False,0.0,0.0,90.10891963497203,20.312040035325285,117.66703595609573,-10.405594852601034,217.682400773792
2026-02-27T08:30:00Z,2026-02-27T08:45:00Z,2026-02-27,2026-02-27_39,0.0,100,100,0,59.500804591304416,69.18446173416156,0.026899047619047625,0.0,10.525714285714287,True,True,True,False,0.0,0.0,90.10891963497203,20.312040035325285,0.0,4903.353029143362,5013.773988813659
2026-02-27T08:45:00Z,2026-02-27T09:00:00Z,2026-02-27,2026-02-27_40,0.0,100,100,0,69.18446173416156,83.38768459130442,0.03945339682539682,0.0,15.438285714285712,True,True,True,False,0.0,0.0,90.10891963497203,20.312040035325285,0.0,7517.755866044267,7628.176825714565
2026-02-27T09:00:00Z,2026-02-27T09:15:00Z,2026-02-27,2026-02-27_41,0.0,100,100,0,83.38768459130442,87.14215515031064,0.010625772256728777,0.03257142857142857,4.119428571428571,True,True,True,False,0.0,0.0,94.31851633794523,20.341477774506917,2.8145728584044742,1840.3420823415615,1957.8166493124181
2026-02-27T09:15:00Z,2026-02-27T09:30:00Z,2026-02-27,2026-02-27_42,0.0,100,100,0,87.14215515031064,86.41379639254667,0.0024350282953761212,0.7382857142857143,0.08057142857142857,True,True,True,False,0.0,0.0,94.31851633794523,20.341477774506917,60.283553275298935,-5.188670339375079,169.754877048376
2026-02-27T09:30:00Z,2026-02-27T09:45:00Z,2026-02-27,2026-02-27_43,0.0,100,100,0,86.41379639254667,78.83367216894419,0.021055900621118014,6.973714285714286,0.0,True,True,True,False,0.0,0.0,94.31851633794523,20.341477774506917,1175.3709232516087,0.0,1290.0309173640608
2026-02-27T09:45:00Z,2026-02-27T10:00:00Z,2026-02-27,2026-02-27_44,0.0,100,100,0,78.83367216894419,89.53386993291934,0.029729672877846794,0.001142857142857143,11.632000000000001,True,True,True,False,0.0,0.0,94.31851633794523,20.341477774506917,0.022428753662194933,7126.104934942597,7240.787357808711
2026-02-27T10:00:00Z,2026-02-27T10:15:00Z,2026-02-27,2026-02-27_45,0.0,44,44,56,89.53386993291934,91.83521576149077,0.0063926273015873026,0.0,2.501462857142857,True,True,True,False,0.0,572.8584044745363,41.5001471886959,8.950250220783042,0.0,436.8892876706337,1060.198089554649
2026-02-27T10:15:00Z,2026-02-27T10:30:00Z,2026-02-27,2026-02-27_46,0.0,44,44,56,91.83521576149077,94.40303564720506,0.007132833015873016,0.0,2.7911085714285715,True,True,True,False,0.0,572.8584044745363,41.5001471886959,8.950250220783042,0.0,565.7128733128671,1189.0216751968824
2026-02-27T10:30:00Z,2026-02-27T10:45:00Z,2026-02-27,2026-02-27_47,0.0,44,44,56,94.40303564720506,95.4643055900622,0.002947972063492064,0.0,1.1535542857142858,True,True,True,False,0.0,572.8584044745363,41.5001471886959,8.950250220783042,0.0,12.773879024909933,636.0826809089252
2026-02-27T10:45:00Z,2026-02-27T11:00:00Z,2026-02-27,2026-02-27_48,0.0,44,44,56,95.4643055900622,98.32741018633548,0.007981915804002761,0.0047771428571428565,3.1177142857142854,True,True,True,False,0.0,572.8584044745363,41.5001471886959,8.950250220783042,0.0937521903079748,347.09145111232596,970.4940051866491
2026-02-27T11:00:00Z,2026-02-27T11:15:00Z,2026-02-27,2026-02-27_49,0.0,100,100,0,98.32741018633548,99.25461714285723,0.005129060041407868,0.4228571428571429,1.5074285714285713,True,True,True,False,0.0,0.0,93.93582572858404,20.16485133941713,27.091155501352734,191.1838331300727,332.37566569942663
2026-02-27T11:15:00Z,2026-02-27T11:30:00Z,2026-02-27,2026-02-27_50,0.0,100,100,0,99.25461714285723,101.60666285714294,0.006533460317460318,0.0,2.5565714285714285,True,True,True,False,0.0,0.0,93.93582572858404,20.16485133941713,0.0,8.126038829779779,122.22671589778095
2026-02-27T11:30:00Z,2026-02-27T11:45:00Z,2026-02-27,2026-02-27_51,0.0,100,100,0,101.60666285714294,108.41939428571436,0.018924253968253972,0.0,7.405142857142858,True,True,True,False,0.0,0.0,93.93582572858404,20.16485133941713,0.0,784.0891661830467,898.1898432510478
2026-02-27T11:45:00Z,2026-02-27T12:00:00Z,2026-02-27,2026-02-27_52,0.0,100,100,0,108.41939428571436,129.05000000000007,0.05730723809523809,0.0,22.42457142857143,True,True,True,False,0.0,0.0,93.93582572858404,20.16485133941713,0.0,20961.50621977375,21075.60689684175
2026-02-27T12:00:00Z,2026-02-27T12:15:00Z,2026-02-27,2026-02-27_53,0.0,0,0,100,129.05000000000007,129.05000000000007,0.0,0.0,0.0,True,False,True,False,0.0,1022.9614365616719,0.0,0.0,0.0,0.0,1022.9614365616719
2026-02-27T12:15:00Z,2026-02-27T12:30:00Z,2026-02-27,2026-02-27_54,0.0,0,0,100,129.05000000000007,129.05000000000007,0.0,0.0,0.0,True,False,True,False,0.0,1022.9614365616719,0.0,0.0,0.0,0.0,1022.9614365616719
2026-02-27T12:30:00Z,2026-02-27T12:45:00Z,2026-02-27,2026-02-27_55,0.0,0,0,100,129.05000000000007,129.05000000000007,0.0,0.0,0.0,True,False,True,False,0.0,1022.9614365616719,0.0,0.0,0.0,0.0,1022.9614365616719
2026-02-27T12:45:00Z,2026-02-27T13:00:00Z,2026-02-27,2026-02-27_56,0.0,0,0,100,129.05000000000007,129.05000000000007,0.0,0.0,0.0,True,False,True,False,0.0,1022.9614365616719,0.0,0.0,0.0,0.0,1022.9614365616719
2026-02-27T13:00:00Z,2026-02-27T13:15:00Z,2026-02-27,2026-02-27_57,-65.0,0,0,35,129.05000000000007,144.00000000000006,0.04152777777777778,0.0,0.0,True,False,True,False,-41.6,358.0365027965852,0.0,0.0,0.0,0.0,316.43650279658516
2026-02-27T13:15:00Z,2026-02-27T13:30:00Z,2026-02-27,2026-02-27_58,-65.0,0,0,35,144.00000000000006,158.95000000000005,0.04152777777777778,0.0,0.0,True,False,True,False,-78.325,358.0365027965852,0.0,0.0,0.0,0.0,279.7115027965852
2026-02-27T13:30:00Z,2026-02-27T13:45:00Z,2026-02-27,2026-02-27_59,-65.0,0,0,35,158.95000000000005,173.90000000000003,0.04152777777777778,0.0,0.0,True,False,True,False,-105.7875,358.0365027965852,0.0,0.0,0.0,0.0,252.2490027965852
2026-02-27T13:45:00Z,2026-02-27T14:00:00Z,2026-02-27,2026-02-27_60,1.2357264969740872e-13,0,0,35,173.90000000000003,173.9,9.327645659526624e-17,0.0,0.0,True,False,True,False,1.1229664541252018e-12,358.0365027965852,0.0,0.0,0.0,0.0,358.0365027965863
2026-02-27T14:00:00Z,2026-02-27T14:15:00Z,2026-02-27,2026-02-27_61,0.0,100,100,0,173.9,182.6541952795031,0.027074282953761214,0.4565714285714286,10.054857142857143,True,True,True,False,0.0,0.0,98.43979982337356,19.664409773329407,43.518591137838705,3825.745372864011,3987.368173598553
2026-02-27T14:15:00Z,2026-02-27T14:30:00Z,2026-02-27,2026-02-27_62,0.0,100,100,0,182.6541952795031,172.09394683229814,0.029334023464458243,9.715428571428571,0.0,True,True,True,False,0.0,0.0,98.43979982337356,19.664409773329407,1485.195496979127,0.0,1603.29970657583
2026-02-27T14:30:00Z,2026-02-27T14:45:00Z,2026-02-27,2026-02-27_63,0.0,100,100,0,172.09394683229814,159.5591642236025,0.034818840579710145,11.532,0.0,True,True,True,False,0.0,0.0,98.43979982337356,19.664409773329407,2370.649229319988,0.0,2488.7534389166913
2026-02-27T14:45:00Z,2026-02-27T15:00:00Z,2026-02-27,2026-02-27_64,0.0,100,100,0,159.5591642236025,143.8287294409938,0.043695652173913045,14.472000000000001,0.0,True,True,True,False,0.0,0.0,98.43979982337356,19.664409773329407,4239.368690020607,0.0,4357.47289961731
2026-02-27T15:00:00Z,2026-02-27T15:15:00Z,2026-02-27,2026-02-27_65,0.0,0,0,100,143.8287294409938,143.8287294409938,0.0,0.0,0.0,True,False,True,False,0.0,1022.9614365616719,0.0,0.0,0.0,0.0,1022.9614365616719
2026-02-27T15:15:00Z,2026-02-27T15:30:00Z,2026-02-27,2026-02-27_66,0.0,0,0,100,143.8287294409938,143.8287294409938,0.0,0.0,0.0,True,False,True,False,0.0,1022.9614365616719,0.0,0.0,0.0,0.0,1022.9614365616719
2026-02-27T15:30:00Z,2026-02-27T15:45:00Z,2026-02-27,2026-02-27_67,0.0,0,0,100,143.8287294409938,143.8287294409938,0.0,0.0,0.0,True,False,True,False,0.0,1022.9614365616719,0.0,0.0,0.0,0.0,1022.9614365616719
2026-02-27T15:45:00Z,2026-02-27T16:00:00Z,2026-02-27,2026-02-27_68,0.0,0,0,100,143.8287294409938,143.8287294409938,0.0,0.0,0.0,True,False,True,False,0.0,1022.9614365616719,0.0,0.0,0.0,0.0,1022.9614365616719
2026-02-27T16:00:00Z,2026-02-27T16:15:00Z,2026-02-27,2026-02-27_69,73.0000000000001,0,73,27,143.8287294409938,123.99177291925466,0.05510265700483099,0.0,0.0,True,True,True,False,2109.882500000003,276.19958787165143,0.0,14.333529584927875,0.0,0.0,2400.4156174565824
2026-02-27T16:15:00Z,2026-02-27T16:30:00Z,2026-02-27,2026-02-27_70,73.0,0,73,27,123.99177291925466,104.15481639751552,0.05510265700483092,0.0,0.0,True,True,True,False,2833.3125,276.19958787165143,0.0,14.333529584927875,0.0,0.0,3123.8456174565795
2026-02-27T16:30:00Z,2026-02-27T16:45:00Z,2026-02-27,2026-02-27_71,73.0,0,73,27,104.15481639751552,84.31876670807453,0.05510013802622498,0.0,0.0008342857142857143,True,True,True,False,2595.1499999999996,276.19958787165143,0.0,14.333529584927875,0.0,-0.0654919606936092,2885.6176254958855
2026-02-27T16:45:00Z,2026-02-27T17:00:00Z,2026-02-27,2026-02-27_72,73.0,0,73,27,84.31876670807453,64.52352447204969,0.05498678398895789,0.0,0.03837714285714286,True,True,True,False,2982.05,276.19958787165143,0.0,14.333529584927875,0.0,-2.5278226782735467,3270.055294778306
2026-02-27T17:00:00Z,2026-02-27T17:15:00Z,2026-02-27,2026-02-27_73,0.0,0,0,100,64.52352447204969,64.52352447204969,0.0,0.0,0.0,True,True,True,False,0.0,1022.9614365616719,0.0,0.0,0.0,0.0,1022.9614365616719
2026-02-27T17:15:00Z,2026-02-27T17:30:00Z,2026-02-27,2026-02-27_74,0.0,0,0,100,64.52352447204969,64.52352447204969,0.0,0.0,0.0,True,True,True,False,0.0,1022.9614365616719,0.0,0.0,0.0,0.0,1022.9614365616719
2026-02-27T17:30:00Z,2026-02-27T17:45:00Z,2026-02-27,2026-02-27_75,0.0,0,0,100,64.52352447204969,64.52352447204969,0.0,0.0,0.0,True,True,True,False,0.0,1022.9614365616719,0.0,0.0,0.0,0.0,1022.9614365616719
2026-02-27T17:45:00Z,2026-02-27T18:00:00Z,2026-02-27,2026-02-27_76,0.0,0,0,100,64.52352447204969,64.52352447204969,0.0,0.0,0.0,True,True,True,False,0.0,1022.9614365616719,0.0,0.0,0.0,0.0,1022.9614365616719
2026-02-27T18:00:00Z,2026-02-27T18:15:00Z,2026-02-27,2026-02-27_77,0.0,0,0,100,64.52352447204969,64.52352447204969,0.0,0.0,0.0,True,True,True,False,0.0,1022.9614365616719,0.0,0.0,0.0,0.0,1022.9614365616719
2026-02-27T18:15:00Z,2026-02-27T18:30:00Z,2026-02-27,2026-02-27_78,0.0,0,0,100,64.52352447204969,64.52352447204969,0.0,0.0,0.0,True,True,True,False,0.0,1022.9614365616719,0.0,0.0,0.0,0.0,1022.9614365616719
2026-02-27T18:30:00Z,2026-02-27T18:45:00Z,2026-02-27,2026-02-27_79,0.0,0,0,100,64.52352447204969,64.52352447204969,0.0,0.0,0.0,True,True,True,False,0.0,1022.9614365616719,0.0,0.0,0.0,0.0,1022.9614365616719
2026-02-27T18:45:00Z,2026-02-27T19:00:00Z,2026-02-27,2026-02-27_80,0.0,0,0,100,64.52352447204969,64.52352447204969,0.0,0.0,0.0,True,True,True,False,0.0,1022.9614365616719,0.0,0.0,0.0,0.0,1022.9614365616719
2026-02-27T19:00:00Z,2026-02-27T19:15:00Z,2026-02-27,2026-02-27_81,0.0,0,0,100,64.52352447204969,64.52352447204969,0.0,0.0,0.0,True,True,True,False,0.0,1022.9614365616719,0.0,0.0,0.0,0.0,1022.9614365616719
2026-02-27T19:15:00Z,2026-02-27T19:30:00Z,2026-02-27,2026-02-27_82,0.0,0,0,100,64.52352447204969,64.52352447204969,0.0,0.0,0.0,True,True,True,False,0.0,1022.9614365616719,0.0,0.0,0.0,0.0,1022.9614365616719
2026-02-27T19:30:00Z,2026-02-27T19:45:00Z,2026-02-27,2026-02-27_83,0.0,0,0,100,64.52352447204969,64.52352447204969,0.0,0.0,0.0,True,True,True,False,0.0,1022.9614365616719,0.0,0.0,0.0,0.0,1022.9614365616719
2026-02-27T19:45:00Z,2026-02-27T20:00:00Z,2026-02-27,2026-02-27_84,0.0,0,0,100,64.52352447204969,64.52352447204969,0.0,0.0,0.0,True,True,True,False,0.0,1022.9614365616719,0.0,0.0,0.0,0.0,1022.9614365616719
2026-02-27T20:00:00Z,2026-02-27T20:15:00Z,2026-02-27,2026-02-27_85,0.0,0,0,100,64.52352447204969,64.52352447204969,0.0,0.0,0.0,True,True,True,False,0.0,1022.9614365616719,0.0,0.0,0.0,0.0,1022.9614365616719
2026-02-27T20:15:00Z,2026-02-27T20:30:00Z,2026-02-27,2026-02-27_86,0.0,0,0,100,64.52352447204969,64.52352447204969,0.0,0.0,0.0,True,True,True,False,0.0,1022.9614365616719,0.0,0.0,0.0,0.0,1022.9614365616719
2026-02-27T20:30:00Z,2026-02-27T20:45:00Z,2026-02-27,2026-02-27_87,0.0,0,0,100,64.52352447204969,64.52352447204969,0.0,0.0,0.0,True,True,True,False,0.0,1022.9614365616719,0.0,0.0,0.0,0.0,1022.9614365616719
2026-02-27T20:45:00Z,2026-02-27T21:00:00Z,2026-02-27,2026-02-27_88,0.0,0,0,100,64.52352447204969,64.52352447204969,0.0,0.0,0.0,True,True,True,False,0.0,1022.9614365616719,0.0,0.0,0.0,0.0,1022.9614365616719
2026-02-27T21:00:00Z,2026-02-27T21:15:00Z,2026-02-27,2026-02-27_89,0.0,0,0,100,64.52352447204969,64.52352447204969,0.0,0.0,0.0,True,True,True,False,0.0,1022.9614365616719,0.0,0.0,0.0,0.0,1022.9614365616719
2026-02-27T21:15:00Z,2026-02-27T21:30:00Z,2026-02-27,2026-02-27_90,0.0,0,0,100,64.52352447204969,64.52352447204969,0.0,0.0,0.0,True,True,True,False,0.0,1022.9614365616719,0.0,0.0,0.0,0.0,1022.9614365616719
2026-02-27T21:30:00Z,2026-02-27T21:45:00Z,2026-02-27,2026-02-27_91,0.0,0,0,100,64.52352447204969,64.52352447204969,0.0,0.0,0.0,True,True,True,False,0.0,1022.9614365616719,0.0,0.0,0.0,0.0,1022.9614365616719
2026-02-27T21:45:00Z,2026-02-27T22:00:00Z,2026-02-27,2026-02-27_92,0.0,0,0,100,64.52352447204969,64.52352447204969,0.0,0.0,0.0,True,True,True,False,0.0,1022.9614365616719,0.0,0.0,0.0,0.0,1022.9614365616719
2026-02-27T22:00:00Z,2026-02-27T22:15:00Z,2026-02-28,2026-02-27_93,0.0,0,0,100,64.52352447204969,64.52352447204969,0.0,0.0,0.0,True,True,True,False,0.0,1023.0015897003121,0.0,0.0,0.0,0.0,1023.0015897003121
2026-02-27T22:15:00Z,2026-02-27T22:30:00Z,2026-02-28,2026-02-27_94,0.0,0,0,100,64.52352447204969,64.52352447204969,0.0,0.0,0.0,True,True,True,False,0.0,1023.0015897003121,0.0,0.0,0.0,0.0,1023.0015897003121
2026-02-27T22:30:00Z,2026-02-27T22:45:00Z,2026-02-28,2026-02-27_95,0.0,0,0,100,64.52352447204969,64.52352447204969,0.0,0.0,0.0,True,True,True,False,0.0,1023.0015897003121,0.0,0.0,0.0,0.0,1023.0015897003121
2026-02-27T22:45:00Z,2026-02-27T23:00:00Z,2026-02-28,2026-02-27_96,0.0,0,0,100,64.52352447204969,64.52352447204969,0.0,0.0,0.0,True,True,True,False,0.0,1023.0015897003121,0.0,0.0,0.0,0.0,1023.0015897003121
2026-02-27T23:00:00Z,2026-02-27T23:15:00Z,2026-02-28,2026-02-28_1,0.0,0,0,100,64.52352447204969,64.52352447204969,0.0,0.0,0.0,True,True,True,False,0.0,1023.0015897003121,0.0,0.0,0.0,0.0,1023.0015897003121
2026-02-27T23:15:00Z,2026-02-27T23:30:00Z,2026-02-28,2026-02-28_2,0.0,0,0,100,64.52352447204969,64.52352447204969,0.0,0.0,0.0,True,True,True,False,0.0,1023.0015897003121,0.0,0.0,0.0,0.0,1023.0015897003121
2026-02-27T23:30:00Z,2026-02-27T23:45:00Z,2026-02-28,2026-02-28_3,0.0,0,0,100,64.52352447204969,64.52352447204969,0.0,0.0,0.0,True,True,True,False,0.0,1023.0015897003121,0.0,0.0,0.0,0.0,1023.0015897003121
2026-02-27T23:45:00Z,2026-02-28T00:00:00Z,2026-02-28,2026-02-28_4,0.0,0,0,100,64.52352447204969,64.52352447204969,0.0,0.0,0.0,True,True,True,False,0.0,1023.0015897003121,0.0,0.0,0.0,0.0,1023.0015897003121
2026-02-28T00:00:00Z,2026-02-28T00:15:00Z,2026-02-28,2026-02-28_5,0.0,0,0,100,64.52352447204969,64.52352447204969,0.0,0.0,0.0,True,True,True,False,0.0,1023.0015897003121,0.0,0.0,0.0,0.0,1023.0015897003121
2026-02-28T00:15:00Z,2026-02-28T00:30:00Z,2026-02-28,2026-02-28_6,0.0,0,0,100,64.52352447204969,64.52352447204969,0.0,0.0,0.0,True,True,True,False,0.0,1023.0015897003121,0.0,0.0,0.0,0.0,1023.0015897003121
2026-02-28T00:30:00Z,2026-02-28T00:45:00Z,2026-02-28,2026-02-28_7,0.0,0,0,100,64.52352447204969,64.52352447204969,0.0,0.0,0.0,True,True,True,False,0.0,1023.0015897003121,0.0,0.0,0.0,0.0,1023.0015897003121
2026-02-28T00:45:00Z,2026-02-28T01:00:00Z,2026-02-28,2026-02-28_8,0.0,0,0,100,64.52352447204969,64.52352447204969,0.0,0.0,0.0,True,True,True,False,0.0,1023.0015897003121,0.0,0.0,0.0,0.0,1023.0015897003121
2026-02-28T01:00:00Z,2026-02-28T01:15:00Z,2026-02-28,2026-02-28_9,0.0,0,0,100,64.52352447204969,64.52352447204969,0.0,0.0,0.0,True,True,True,False,0.0,1023.0015897003121,0.0,0.0,0.0,0.0,1023.0015897003121
2026-02-28T01:15:00Z,2026-02-28T01:30:00Z,2026-02-28,2026-02-28_10,0.0,0,0,100,64.52352447204969,64.52352447204969,0.0,0.0,0.0,True,True,True,False,0.0,1023.0015897003121,0.0,0.0,0.0,0.0,1023.0015897003121
2026-02-28T01:30:00Z,2026-02-28T01:45:00Z,2026-02-28,2026-02-28_11,0.0,0,0,100,64.52352447204969,64.52352447204969,0.0,0.0,0.0,True,True,True,False,0.0,1023.0015897003121,0.0,0.0,0.0,0.0,1023.0015897003121
2026-02-28T01:45:00Z,2026-02-28T02:00:00Z,2026-02-28,2026-02-28_12,0.0,0,0,100,64.52352447204969,64.52352447204969,0.0,0.0,0.0,True,True,True,False,0.0,1023.0015897003121,0.0,0.0,0.0,0.0,1023.0015897003121
2026-02-28T02:00:00Z,2026-02-28T02:15:00Z,2026-02-28,2026-02-28_13,0.0,0,0,100,64.52352447204969,64.52352447204969,0.0,0.0,0.0,True,True,True,False,0.0,1023.0015897003121,0.0,0.0,0.0,0.0,1023.0015897003121
2026-02-28T02:15:00Z,2026-02-28T02:30:00Z,2026-02-28,2026-02-28_14,0.0,0,0,100,64.52352447204969,64.52352447204969,0.0,0.0,0.0,True,True,True,False,0.0,1023.0015897003121,0.0,0.0,0.0,0.0,1023.0015897003121
2026-02-28T02:30:00Z,2026-02-28T02:45:00Z,2026-02-28,2026-02-28_15,0.0,0,0,100,64.52352447204969,64.52352447204969,0.0,0.0,0.0,True,True,True,False,0.0,1023.0015897003121,0.0,0.0,0.0,0.0,1023.0015897003121
2026-02-28T02:45:00Z,2026-02-28T03:00:00Z,2026-02-28,2026-02-28_16,0.0,0,0,100,64.52352447204969,64.52352447204969,0.0,0.0,0.0,True,True,True,False,0.0,1023.0015897003121,0.0,0.0,0.0,0.0,1023.0015897003121
2026-02-28T03:00:00Z,2026-02-28T03:15:00Z,2026-02-28,2026-02-28_17,0.0,0,0,100,64.52352447204969,64.52352447204969,0.0,0.0,0.0,True,True,True,False,0.0,1023.0015897003121,0.0,0.0,0.0,0.0,1023.0015897003121
2026-02-28T03:15:00Z,2026-02-28T03:30:00Z,2026-02-28,2026-02-28_18,0.0,0,0,100,64.52352447204969,64.52352447204969,0.0,0.0,0.0,True,True,True,False,0.0,1023.0015897003121,0.0,0.0,0.0,0.0,1023.0015897003121
2026-02-28T03:30:00Z,2026-02-28T03:45:00Z,2026-02-28,2026-02-28_19,0.0,0,0,100,64.52352447204969,64.52352447204969,0.0,0.0,0.0,True,True,True,False,0.0,1023.0015897003121,0.0,0.0,0.0,0.0,1023.0015897003121
2026-02-28T03:45:00Z,2026-02-28T04:00:00Z,2026-02-28,2026-02-28_20,0.0,0,0,100,64.52352447204969,64.52352447204969,0.0,0.0,0.0,True,True,True,False,0.0,1023.0015897003121,0.0,0.0,0.0,0.0,1023.0015897003121
2026-02-28T04:00:00Z,2026-02-28T04:15:00Z,2026-02-28,2026-02-28_21,0.0,0,0,100,64.52352447204969,64.52352447204969,0.0,0.0,0.0,True,True,True,False,0.0,1023.0015897003121,0.0,0.0,0.0,0.0,1023.0015897003121
2026-02-28T04:15:00Z,2026-02-28T04:30:00Z,2026-02-28,2026-02-28_22,0.0,0,0,100,64.52352447204969,64.52352447204969,0.0,0.0,0.0,True,True,True,False,0.0,1023.0015897003121,0.0,0.0,0.0,0.0,1023.0015897003121
2026-02-28T04:30:00Z,2026-02-28T04:45:00Z,2026-02-28,2026-02-28_23,0.0,0,0,100,64.52352447204969,64.52352447204969,0.0,0.0,0.0,True,True,True,False,0.0,1023.0015897003121,0.0,0.0,0.0,0.0,1023.0015897003121
2026-02-28T04:45:00Z,2026-02-28T05:00:00Z,2026-02-28,2026-02-28_24,0.0,0,0,100,64.52352447204969,64.52352447204969,0.0,0.0,0.0,True,True,True,False,0.0,1023.0015897003121,0.0,0.0,0.0,0.0,1023.0015897003121
2026-02-28T05:00:00Z,2026-02-28T05:15:00Z,2026-02-28,2026-02-28_25,-1.0,100,99,0,64.52352447204969,55.83194819378882,0.026460148709454793,8.464571428571428,0.28794857142857144,True,True,True,False,-18.9325,0.0,97.53105803387436,18.44847212136675,1590.273902279692,-14.47123400668964,1672.8496984282435
2026-02-28T05:15:00Z,2026-02-28T05:30:00Z,2026-02-28,2026-02-28_26,-0.3466045129034355,100,99,0,55.83194819378882,40.10207607453416,0.04387916898791883,14.55257142857143,0.0,True,True,True,False,-6.861036332923507,0.0,97.53105803387436,18.44847212136675,2820.1594195210714,0.0,2929.277913343389
2026-02-28T05:30:00Z,2026-02-28T05:45:00Z,2026-02-28,2026-02-28_27,0.0,100,99,0,40.10207607453416,27.645554335403727,0.034601449275362316,11.459999999999999,0.0,True,True,True,False,0.0,0.0,97.53105803387436,18.44847212136675,2017.3405530587008,0.0,2133.320083213942
2026-02-28T05:45:00Z,2026-02-28T06:00:00Z,2026-02-28,2026-02-28_28,0.0,100,99,0,27.645554335403727,24.67592276273292,0.008286565162180815,2.7382857142857144,0.007354285714285714,True,True,True,False,0.0,0.0,97.53105803387436,18.44847212136675,390.69570152885996,-0.5773387799961309,506.0978929041049
2026-02-28T06:00:00Z,2026-02-28T06:15:00Z,2026-02-28,2026-02-28_29,0.0,76,76,24,24.67592276273292,23.28476287204969,0.003995294299516908,1.3015542857142857,0.02562285714285714,True,True,True,False,0.0,245.5203815280749,72.2442250701627,14.18483700665319,181.71693342492097,-1.72135735173311,511.94501967807867
2026-02-28T06:15:00Z,2026-02-28T06:30:00Z,2026-02-28,2026-02-28_30,0.0,76,76,24,23.28476287204969,23.374385093167703,0.0005479154175293306,0.04950857142857143,0.15590857142857142,True,True,True,False,0.0,245.5203815280749,72.2442250701627,14.18483700665319,5.820193960260296,-9.1741054899333,328.59553207521776
2026-02-28T06:30:00Z,2026-02-28T06:45:00Z,2026-02-28,2026-02-28_31,-1.055164409952849e-14,76,76,24,23.374385093167703,23.04347826086957,0.000919185645272608,0.30443428571428566,0.0,True,True,True,False,-1.7370644098848776e-13,245.5203815280749,72.2442250701627,14.18483700665319,36.95985064106697,0.0,368.9092942459576
2026-02-28T06:45:00Z,2026-02-28T07:00:00Z,2026-02-28,2026-02-28_32,0.0,76,76,24,23.04347826086957,23.226556501863357,0.0007944029813664595,0.047337142857142855,0.25492571428571426,True,True,True,False,0.0,245.5203815280749,72.2442250701627,14.18483700665319,5.969517230164493,-20.01261666914327,317.906344165912
2026-02-28T07:00:00Z,2026-02-28T07:15:00Z,2026-02-28,2026-02-28_33,0.0,100,0,0,23.226556501863357,12.604817371428574,0.029504830917874397,9.772,0.0,True,True,True,False,0.0,0.0,89.58255647361294,0.0,2645.95220222558,0.0,2735.534758699193
2026-02-28T07:15:00Z,2026-02-28T07:30:00Z,2026-02-28,2026-02-28_34,-100.0,100,0,0,12.604817371428574,17.527080228571428,0.013672952380952378,19.649714285714285,0.0,True,True,True,False,-249.75,0.0,89.58255647361294,0.0,13378.866600985222,0.0,13218.699157458836
2026-02-28T07:30:00Z,2026-02-28T07:45:00Z,2026-02-28,2026-02-28_35,-100.0,100,0,0,17.527080228571428,32.81012022857143,0.04245288888888889,8.388,0.0,True,True,True,False,-64.0,0.0,89.58255647361294,0.0,1293.5230066924419,0.0,1319.1055631660547
2026-02-28T07:45:00Z,2026-02-28T08:00:00Z,2026-02-28,2026-02-28_36,-100.0,100,0,0,32.81012022857143,43.95368594285714,0.030954349206349208,12.887428571428572,0.0,True,True,True,False,-0.5,0.0,89.58255647361294,0.0,2812.86535389757,0.0,2901.947910371183
2026-02-28T08:00:00Z,2026-02-28T08:15:00Z,2026-02-28,2026-02-28_37,0.0,100,100,0,43.95368594285714,31.577909545341612,0.03437715665976536,11.385714285714286,0.0,True,True,True,False,0.0,0.0,88.1106117402312,20.136203952662257,2672.470910166512,0.0,2780.7177258594056
2026-02-28T08:15:00Z,2026-02-28T08:30:00Z,2026-02-28,2026-02-28_38,0.0,100,100,0,31.577909545341612,24.276046191304346,0.02028295376121463,6.717714285714285,0.0,True,True,True,False,0.0,0.0,88.1106117402312,20.136203952662257,1001.7915194675204,0.0,1110.038335160414
2026-02-28T08:30:00Z,2026-02-28T08:45:00Z,2026-02-28,2026-02-28_39,0.0,100,100,0,24.276046191304346,37.23055749565218,0.03604686542443065,0.010285714285714285,14.093142857142857,True,True,True,False,0.0,0.0,88.1106117402312,20.136203952662257,0.951498720109008,10716.563792178225,10825.762106591228
2026-02-28T08:45:00Z,2026-02-28T09:00:00Z,2026-02-28,2026-02-28_40,0.0,100,100,0,37.23055749565218,53.08347178136647,0.04403587301587302,0.0,17.231428571428573,True,True,True,False,0.0,0.0,88.1106117402312,20.136203952662257,0.0,11433.287725102406,11541.5345407953
2026-02-28T09:00:00Z,2026-02-28T09:15:00Z,2026-02-28,2026-02-28_41,0.0,100,100,0,53.08347178136647,57.483174638509325,0.012221396825396824,0.0,4.782285714285714,True,True,True,False,0.0,0.0,92.05542362569426,32.35334523973073,0.0,1960.054803894906,2084.463572760331
2026-02-28T09:15:00Z,2026-02-28T09:30:00Z,2026-02-28,2026-02-28_42,0.0,100,100,0,57.483174638509325,64.97279053913046,0.020870051069703247,0.010857142857142857,8.153714285714287,True,True,True,False,0.0,0.0,92.05542362569426,32.35334523973073,0.960209268485523,6628.166552705436,6753.535530839346
2026-02-28T09:30:00Z,2026-02-28T09:45:00Z,2026-02-28,2026-02-28_43,0.0,100,100,0,64.97279053913046,71.53738482484475,0.01823498412698413,0.0,7.135428571428572,True,True,True,False,0.0,0.0,92.05542362569426,32.35334523973073,0.0,2192.083255549232,2316.492024414657
2026-02-28T09:45:00Z,2026-02-28T10:00:00Z,2026-02-28,2026-02-28_44,0.0,100,100,0,71.53738482484475,85.23697339627333,0.038054412698412705,0.0,14.890857142857145,True,True,True,False,0.0,0.0,92.05542362569426,32.35334523973073,0.0,14425.28150244904,14549.690271314465
2026-02-28T10:00:00Z,2026-02-28T10:15:00Z,2026-02-28,2026-02-28_45,0.0,0,0,100,85.23697339627333,85.23697339627333,0.0,0.0,0.0,True,False,True,False,0.0,1023.0015897003121,0.0,0.0,0.0,0.0,1023.0015897003121
2026-02-28T10:15:00Z,2026-02-28T10:30:00Z,2026-02-28,2026-02-28_46,0.0,0,0,100,85.23697339627333,85.23697339627333,0.0,0.0,0.0,True,False,True,False,0.0,1023.0015897003121,0.0,0.0,0.0,0.0,1023.0015897003121
2026-02-28T10:30:00Z,2026-02-28T10:45:00Z,2026-02-28,2026-02-28_47,0.0,0,0,100,85.23697339627333,85.23697339627333,0.0,0.0,0.0,True,False,True,False,0.0,1023.0015897003121,0.0,0.0,0.0,0.0,1023.0015897003121
2026-02-28T10:45:00Z,2026-02-28T11:00:00Z,2026-02-28,2026-02-28_48,0.0,0,0,100,85.23697339627333,85.23697339627333,0.0,0.0,0.0,True,False,True,False,0.0,1023.0015897003121,0.0,0.0,0.0,0.0,1023.0015897003121
2026-02-28T11:00:00Z,2026-02-28T11:15:00Z,2026-02-28,2026-02-28_49,0.0,0,0,100,85.23697339627333,85.23697339627333,0.0,0.0,0.0,True,True,True,False,0.0,1023.0015897003121,0.0,0.0,0.0,0.0,1023.0015897003121
2026-02-28T11:15:00Z,2026-02-28T11:30:00Z,2026-02-28,2026-02-28_50,0.0,0,0,100,85.23697339627333,85.23697339627333,0.0,0.0,0.0,True,True,True,False,0.0,1023.0015897003121,0.0,0.0,0.0,0.0,1023.0015897003121
2026-02-28T11:30:00Z,2026-02-28T11:45:00Z,2026-02-28,2026-02-28_51,0.0,0,0,100,85.23697339627333,85.23697339627333,0.0,0.0,0.0,True,True,True,False,0.0,1023.0015897003121,0.0,0.0,0.0,0.0,1023.0015897003121
2026-02-28T11:45:00Z,2026-02-28T12:00:00Z,2026-02-28,2026-02-28_52,0.0,0,0,100,85.23697339627333,85.23697339627333,0.0,0.0,0.0,True,True,True,False,0.0,1023.0015897003121,0.0,0.0,0.0,0.0,1023.0015897003121
2026-02-28T12:00:00Z,2026-02-28T12:15:00Z,2026-02-28,2026-02-28_53,0.0,100,100,0,85.23697339627333,87.71413911055905,0.006881015873015873,0.0,2.6925714285714286,True,True,True,False,0.0,0.0,91.37832904833867,21.04880968735894,0.0,-79.13791522159077,33.28922351410684
2026-02-28T12:15:00Z,2026-02-28T12:30:00Z,2026-02-28,2026-02-28_54,0.0,100,100,0,87.71413911055905,96.05775053913048,0.023176698412698416,0.0,9.069142857142857,True,True,True,False,0.0,0.0,91.37832904833867,21.04880968735894,0.0,8624.937653243465,8737.364791979164
2026-02-28T12:30:00Z,2026-02-28T12:45:00Z,2026-02-28,2026-02-28_55,0.0,100,100,0,96.05775053913048,103.61121339627334,0.02098184126984127,0.0,8.210285714285714,True,True,True,False,0.0,0.0,91.37832904833867,21.04880968735894,0.0,2500.7476788412846,2613.174817576982
2026-02-28T12:45:00Z,2026-02-28T13:00:00Z,2026-02-28,2026-02-28_56,0.0,100,100,0,103.61121339627334,96.64561439006216,0.023011362318840576,7.014857142857142,0.7165714285714285,True,True,True,False,0.0,0.0,91.37832904833867,21.04880968735894,1034.8556037356554,16.020440574086482,1163.3031830454395
2026-02-28T13:00:00Z,2026-02-28T13:15:00Z,2026-02-28,2026-02-28_57,-52.0,52,0,48,96.64561439006216,107.76089667577645,0.030875784126984128,0.9181714285714286,0.0,True,True,True,False,0.13,491.0407630561498,48.20560124035876,0.0,101.83336186008955,0.0,641.2097261565981
2026-02-28T13:15:00Z,2026-02-28T13:30:00Z,2026-02-28,2026-02-28_58,-52.0,52,0,48,107.76089667577645,117.94644273291931,0.028293183492063497,1.9287542857142854,0.0,True,True,True,False,-0.0,491.0407630561498,48.20560124035876,0.0,303.63315828873107,0.0,842.8795225852396
2026-02-28T13:30:00Z,2026-02-28T13:45:00Z,2026-02-28,2026-02-28_59,-52.0,52,0,48,117.94644273291931,128.54231930434787,0.029432990476190482,1.4827428571428571,0.0,True,True,True,False,-0.0,491.0407630561498,48.20560124035876,0.0,180.379962307,0.0,719.6263266035086
2026-02-28T13:45:00Z,2026-02-28T14:00:00Z,2026-02-28,2026-02-28_60,-52.0,52,0,48,128.54231930434787,136.7475627329193,0.02279234285714286,4.081257142857143,0.0,True,True,True,False,-0.13,491.0407630561498,48.20560124035876,0.0,852.5488494663149,0.0,1391.6652137628234
2026-02-28T14:00:00Z,2026-02-28T14:15:00Z,2026-02-28,2026-02-28_61,-90.0,90,0,10,136.7475627329193,155.26306216149075,0.05143194285714286,2.3744571428571426,0.0,True,True,True,False,-0.0,102.30015897003122,85.55237179361373,0.0,368.15852448895475,0.0,556.0110552525997
2026-02-28T14:15:00Z,2026-02-28T14:30:00Z,2026-02-28,2026-02-28_62,-90.00000000000007,90,0,10,155.26306216149075,170.77788959006222,0.043096742857142906,5.636057142857143,0.0,True,True,True,False,-1.5750000000000013,102.30015897003122,85.55237179361373,0.0,1026.124546509248,0.0,1212.402077272893
2026-02-28T14:30:00Z,2026-02-28T14:45:00Z,2026-02-28,2026-02-28_63,-89.99462011377994,90,0,10,170.77788959006222,185.10808027413196,0.03980858396605021,6.922285714285714,0.0,True,True,True,False,-227.23641578729436,102.30015897003122,85.55237179361373,0.0,1003.5038692800928,0.0,964.1199842564433
2026-02-28T14:45:00Z,2026-02-28T15:00:00Z,2026-02-28,2026-02-28_64,0.0,90,0,10,185.10808027413196,181.5656579138835,0.00984006211180124,3.259028571428571,0.0,True,True,True,False,0.0,102.30015897003122,85.55237179361373,0.0,377.9457434778829,0.0,565.7982742415279
2026-02-28T15:00:00Z,2026-02-28T15:15:00Z,2026-02-28,2026-02-28_65,0.7817842307008696,0,100,0,181.5656579138835,189.86607696221915,0.023800736455270876,0.0,9.24,True,True,True,False,7.321409320513643,0.0,0.0,18.664259219280513,0.0,592.3298255254842,618.3154940652784
2026-02-28T15:15:00Z,2026-02-28T15:30:00Z,2026-02-28,2026-02-28_66,98.25886877983449,0,100,0,189.86607696221915,172.2285714285715,0.049737087803359725,0.0,8.36057142857143,True,True,True,False,1580.7395514955872,0.0,0.0,18.664259219280513,0.0,542.5847265407057,2141.988537255573
2026-02-28T15:30:00Z,2026-02-28T15:45:00Z,2026-02-28,2026-02-28_67,100.0,0,100,0,172.2285714285715,145.11242236024853,0.07532263630089717,0.0,0.053142857142857144,True,True,True,False,2405.5,0.0,0.0,18.664259219280513,0.0,-4.171911930041971,2419.9923472892388
2026-02-28T15:45:00Z,2026-02-28T16:00:00Z,2026-02-28,2026-02-28_68,100.00000000000003,0,100,0,145.11242236024853,117.93850931677028,0.07548309178743964,0.0,0.0,True,True,True,False,2511.0000000000005,0.0,0.0,18.664259219280513,0.0,0.0,2529.664259219281
2026-02-28T16:00:00Z,2026-02-28T16:15:00Z,2026-02-28,2026-02-28_69,0.0,0,0,100,117.93850931677028,117.93850931677028,0.0,0.0,0.0,True,True,True,False,0.0,1023.0015897003121,0.0,0.0,0.0,0.0,1023.0015897003121
2026-02-28T16:15:00Z,2026-02-28T16:30:00Z,2026-02-28,2026-02-28_70,0.0,0,0,100,117.93850931677028,117.93850931677028,0.0,0.0,0.0,True,True,True,False,0.0,1023.0015897003121,0.0,0.0,0.0,0.0,1023.0015897003121
2026-02-28T16:30:00Z,2026-02-28T16:45:00Z,2026-02-28,2026-02-28_71,0.0,0,0,100,117.93850931677028,117.93850931677028,0.0,0.0,0.0,True,True,True,False,0.0,1023.0015897003121,0.0,0.0,0.0,0.0,1023.0015897003121
2026-02-28T16:45:00Z,2026-02-28T17:00:00Z,2026-02-28,2026-02-28_72,0.0,0,0,100,117.93850931677028,117.93850931677028,0.0,0.0,0.0,True,True,True,False,0.0,1023.0015897003121,0.0,0.0,0.0,0.0,1023.0015897003121
2026-02-28T17:00:00Z,2026-02-28T17:15:00Z,2026-02-28,2026-02-28_73,0.0,100,100,0,117.93850931677028,104.5503105590063,0.03718944099378881,12.317142857142857,0.0,True,True,True,False,0.0,0.0,105.21460954212706,18.104920220595453,3328.5994992584206,0.0,3451.919029021143
2026-02-28T17:15:00Z,2026-02-28T17:30:00Z,2026-02-28,2026-02-28_74,0.0,100,100,0,104.5503105590063,86.63167701863364,0.049773982056590754,16.485142857142858,0.0,True,True,True,False,0.0,0.0,105.21460954212706,18.104920220595453,4054.514301751474,0.0,4177.833831514196
2026-02-28T17:30:00Z,2026-02-28T17:45:00Z,2026-02-28,2026-02-28_75,0.0,100,100,0,86.63167701863364,80.11739130434792,0.01809523809523809,5.993142857142857,0.0,True,True,True,False,0.0,0.0,105.21460954212706,18.104920220595453,1319.869946701582,0.0,1443.1894764643046
2026-02-28T17:45:00Z,2026-02-28T18:00:00Z,2026-02-28,2026-02-28_76,0.0,100,100,0,80.11739130434792,64.34782608695662,0.043804347826086956,14.508,0.0,True,True,True,False,0.0,0.0,105.21460954212706,18.104920220595453,3824.7242823778774,0.0,3948.0438121406
2026-02-28T18:00:00Z,2026-02-28T18:15:00Z,2026-02-28,2026-02-28_77,0.0,0,0,100,64.34782608695662,64.34782608695662,0.0,0.0,0.0,True,True,True,False,0.0,1023.0015897003121,0.0,0.0,0.0,0.0,1023.0015897003121
2026-02-28T18:15:00Z,2026-02-28T18:30:00Z,2026-02-28,2026-02-28_78,0.0,0,0,100,64.34782608695662,64.34782608695662,0.0,0.0,0.0,True,True,True,False,0.0,1023.0015897003121,0.0,0.0,0.0,0.0,1023.0015897003121
2026-02-28T18:30:00Z,2026-02-28T18:45:00Z,2026-02-28,2026-02-28_79,0.0,0,0,100,64.34782608695662,64.34782608695662,0.0,0.0,0.0,True,True,True,False,0.0,1023.0015897003121,0.0,0.0,0.0,0.0,1023.0015897003121
2026-02-28T18:45:00Z,2026-02-28T19:00:00Z,2026-02-28,2026-02-28_80,0.0,0,0,100,64.34782608695662,64.34782608695662,0.0,0.0,0.0,True,True,True,False,0.0,1023.0015897003121,0.0,0.0,0.0,0.0,1023.0015897003121
2026-02-28T19:00:00Z,2026-02-28T19:15:00Z,2026-02-28,2026-02-28_81,0.0,0,0,100,64.34782608695662,64.34782608695662,0.0,0.0,0.0,True,True,True,False,0.0,1023.0015897003121,0.0,0.0,0.0,0.0,1023.0015897003121
2026-02-28T19:15:00Z,2026-02-28T19:30:00Z,2026-02-28,2026-02-28_82,0.0,0,0,100,64.34782608695662,64.34782608695662,0.0,0.0,0.0,True,True,True,False,0.0,1023.0015897003121,0.0,0.0,0.0,0.0,1023.0015897003121
2026-02-28T19:30:00Z,2026-02-28T19:45:00Z,2026-02-28,2026-02-28_83,0.0,0,0,100,64.34782608695662,64.34782608695662,0.0,0.0,0.0,True,True,True,False,0.0,1023.0015897003121,0.0,0.0,0.0,0.0,1023.0015897003121
2026-02-28T19:45:00Z,2026-02-28T20:00:00Z,2026-02-28,2026-02-28_84,0.0,0,0,100,64.34782608695662,64.34782608695662,0.0,0.0,0.0,True,True,True,False,0.0,1023.0015897003121,0.0,0.0,0.0,0.0,1023.0015897003121
2026-02-28T20:00:00Z,2026-02-28T20:15:00Z,2026-02-28,2026-02-28_85,0.0,0,0,100,64.34782608695662,64.34782608695662,0.0,0.0,0.0,True,True,True,False,0.0,1023.0015897003121,0.0,0.0,0.0,0.0,1023.0015897003121
2026-02-28T20:15:00Z,2026-02-28T20:30:00Z,2026-02-28,2026-02-28_86,0.0,0,0,100,64.34782608695662,64.34782608695662,0.0,0.0,0.0,True,True,True,False,0.0,1023.0015897003121,0.0,0.0,0.0,0.0,1023.0015897003121
2026-02-28T20:30:00Z,2026-02-28T20:45:00Z,2026-02-28,2026-02-28_87,0.0,0,0,100,64.34782608695662,64.34782608695662,0.0,0.0,0.0,True,True,True,False,0.0,1023.0015897003121,0.0,0.0,0.0,0.0,1023.0015897003121
2026-02-28T20:45:00Z,2026-02-28T21:00:00Z,2026-02-28,2026-02-28_88,0.0,0,0,100,64.34782608695662,64.34782608695662,0.0,0.0,0.0,True,True,True,False,0.0,1023.0015897003121,0.0,0.0,0.0,0.0,1023.0015897003121
2026-02-28T21:00:00Z,2026-02-28T21:15:00Z,2026-02-28,2026-02-28_89,0.0,0,0,100,64.34782608695662,64.34782608695662,0.0,0.0,0.0,True,True,True,False,0.0,1023.0015897003121,0.0,0.0,0.0,0.0,1023.0015897003121
2026-02-28T21:15:00Z,2026-02-28T21:30:00Z,2026-02-28,2026-02-28_90,0.0,0,0,100,64.34782608695662,64.34782608695662,0.0,0.0,0.0,True,True,True,False,0.0,1023.0015897003121,0.0,0.0,0.0,0.0,1023.0015897003121
2026-02-28T21:30:00Z,2026-02-28T21:45:00Z,2026-02-28,2026-02-28_91,0.0,0,0,100,64.34782608695662,64.34782608695662,0.0,0.0,0.0,True,True,True,False,0.0,1023.0015897003121,0.0,0.0,0.0,0.0,1023.0015897003121
2026-02-28T21:45:00Z,2026-02-28T22:00:00Z,2026-02-28,2026-02-28_92,0.0,0,0,100,64.34782608695662,64.34782608695662,0.0,0.0,0.0,True,True,True,False,0.0,1023.0015897003121,0.0,0.0,0.0,0.0,1023.0015897003121
2026-02-28T22:00:00Z,2026-02-28T22:15:00Z,2026-03-01,2026-02-28_93,3.0893162424352183e-13,0,0,100,64.34782608695662,64.34782608695653,2.3319114148816563e-16,0.0,0.0,True,True,True,False,6.08595299759738e-12,1023.0015897003121,0.0,0.0,0.0,0.0,1023.0015897003183
2026-02-28T22:15:00Z,2026-02-28T22:30:00Z,2026-03-01,2026-02-28_94,0.0,0,0,100,64.34782608695653,64.34782608695653,0.0,0.0,0.0,True,True,True,False,0.0,1023.0015897003121,0.0,0.0,0.0,0.0,1023.0015897003121
2026-02-28T22:30:00Z,2026-02-28T22:45:00Z,2026-03-01,2026-02-28_95,0.0,0,0,100,64.34782608695653,64.34782608695653,0.0,0.0,0.0,True,True,True,False,0.0,1023.0015897003121,0.0,0.0,0.0,0.0,1023.0015897003121
2026-02-28T22:45:00Z,2026-02-28T23:00:00Z,2026-03-01,2026-02-28_96,0.0,0,0,100,64.34782608695653,64.34782608695653,0.0,0.0,0.0,True,True,True,False,0.0,1023.0015897003121,0.0,0.0,0.0,0.0,1023.0015897003121
2026-02-28T23:00:00Z,2026-02-28T23:15:00Z,2026-03-01,2026-03-01_1,0.0,0,0,100,64.34782608695653,64.34782608695653,0.0,0.0,0.0,True,True,True,False,0.0,1023.0015897003121,0.0,0.0,0.0,0.0,1023.0015897003121
2026-02-28T23:15:00Z,2026-02-28T23:30:00Z,2026-03-01,2026-03-01_2,0.0,0,0,100,64.34782608695653,64.34782608695653,0.0,0.0,0.0,True,True,True,False,0.0,1023.0015897003121,0.0,0.0,0.0,0.0,1023.0015897003121
2026-02-28T23:30:00Z,2026-02-28T23:45:00Z,2026-03-01,2026-03-01_3,0.0,0,0,100,64.34782608695653,64.34782608695653,0.0,0.0,0.0,True,True,True,False,0.0,1023.0015897003121,0.0,0.0,0.0,0.0,1023.0015897003121
2026-02-28T23:45:00Z,2026-03-01T00:00:00Z,2026-03-01,2026-03-01_4,0.0,0,0,100,64.34782608695653,64.34782608695653,0.0,0.0,0.0,True,True,True,False,0.0,1023.0015897003121,0.0,0.0,0.0,0.0,1023.0015897003121
2026-03-01T00:00:00Z,2026-03-01T00:15:00Z,2026-03-01,2026-03-01_5,0.0,0,0,100,64.34782608695653,64.34782608695653,0.0,0.0,0.0,True,True,True,False,0.0,1023.0015897003121,0.0,0.0,0.0,0.0,1023.0015897003121
2026-03-01T00:15:00Z,2026-03-01T00:30:00Z,2026-03-01,2026-03-01_6,0.0,0,0,100,64.34782608695653,64.34782608695653,0.0,0.0,0.0,True,True,True,False,0.0,1023.0015897003121,0.0,0.0,0.0,0.0,1023.0015897003121
2026-03-01T00:30:00Z,2026-03-01T00:45:00Z,2026-03-01,2026-03-01_7,0.0,0,0,100,64.34782608695653,64.34782608695653,0.0,0.0,0.0,True,True,True,False,0.0,1023.0015897003121,0.0,0.0,0.0,0.0,1023.0015897003121
2026-03-01T00:45:00Z,2026-03-01T01:00:00Z,2026-03-01,2026-03-01_8,0.0,0,0,100,64.34782608695653,64.34782608695653,0.0,0.0,0.0,True,True,True,False,0.0,1023.0015897003121,0.0,0.0,0.0,0.0,1023.0015897003121
2026-03-01T01:00:00Z,2026-03-01T01:15:00Z,2026-03-01,2026-03-01_9,0.0,0,0,100,64.34782608695653,64.34782608695653,0.0,0.0,0.0,True,True,True,False,0.0,1023.0015897003121,0.0,0.0,0.0,0.0,1023.0015897003121
2026-03-01T01:15:00Z,2026-03-01T01:30:00Z,2026-03-01,2026-03-01_10,0.0,0,0,100,64.34782608695653,64.34782608695653,0.0,0.0,0.0,True,True,True,False,0.0,1023.0015897003121,0.0,0.0,0.0,0.0,1023.0015897003121
2026-03-01T01:30:00Z,2026-03-01T01:45:00Z,2026-03-01,2026-03-01_11,0.0,0,0,100,64.34782608695653,64.34782608695653,0.0,0.0,0.0,True,True,True,False,0.0,1023.0015897003121,0.0,0.0,0.0,0.0,1023.0015897003121
2026-03-01T01:45:00Z,2026-03-01T02:00:00Z,2026-03-01,2026-03-01_12,0.0,0,0,100,64.34782608695653,64.34782608695653,0.0,0.0,0.0,True,True,True,False,0.0,1023.0015897003121,0.0,0.0,0.0,0.0,1023.0015897003121
2026-03-01T02:00:00Z,2026-03-01T02:15:00Z,2026-03-01,2026-03-01_13,0.0,0,0,100,64.34782608695653,64.34782608695653,0.0,0.0,0.0,True,True,True,False,0.0,1023.0015897003121,0.0,0.0,0.0,0.0,1023.0015897003121
2026-03-01T02:15:00Z,2026-03-01T02:30:00Z,2026-03-01,2026-03-01_14,0.0,0,0,100,64.34782608695653,64.34782608695653,0.0,0.0,0.0,True,True,True,False,0.0,1023.0015897003121,0.0,0.0,0.0,0.0,1023.0015897003121
2026-03-01T02:30:00Z,2026-03-01T02:45:00Z,2026-03-01,2026-03-01_15,0.0,0,0,100,64.34782608695653,64.34782608695653,0.0,0.0,0.0,True,True,True,False,0.0,1023.0015897003121,0.0,0.0,0.0,0.0,1023.0015897003121
2026-03-01T02:45:00Z,2026-03-01T03:00:00Z,2026-03-01,2026-03-01_16,0.0,0,0,100,64.34782608695653,64.34782608695653,0.0,0.0,0.0,True,True,True,False,0.0,1023.0015897003121,0.0,0.0,0.0,0.0,1023.0015897003121
2026-03-01T03:00:00Z,2026-03-01T03:15:00Z,2026-03-01,2026-03-01_17,0.0,0,0,100,64.34782608695653,64.34782608695653,0.0,0.0,0.0,True,True,True,False,0.0,1023.0015897003121,0.0,0.0,0.0,0.0,1023.0015897003121
2026-03-01T03:15:00Z,2026-03-01T03:30:00Z,2026-03-01,2026-03-01_18,0.0,0,0,100,64.34782608695653,64.34782608695653,0.0,0.0,0.0,True,True,True,False,0.0,1023.0015897003121,0.0,0.0,0.0,0.0,1023.0015897003121
2026-03-01T03:30:00Z,2026-03-01T03:45:00Z,2026-03-01,2026-03-01_19,0.0,0,0,100,64.34782608695653,64.34782608695653,0.0,0.0,0.0,True,True,True,False,0.0,1023.0015897003121,0.0,0.0,0.0,0.0,1023.0015897003121
2026-03-01T03:45:00Z,2026-03-01T04:00:00Z,2026-03-01,2026-03-01_20,0.0,0,0,100,64.34782608695653,64.34782608695653,0.0,0.0,0.0,True,True,True,False,0.0,1023.0015897003121,0.0,0.0,0.0,0.0,1023.0015897003121
2026-03-01T04:00:00Z,2026-03-01T04:15:00Z,2026-03-01,2026-03-01_21,0.0,0,0,100,64.34782608695653,64.34782608695653,0.0,0.0,0.0,True,True,True,False,0.0,1023.0015897003121,0.0,0.0,0.0,0.0,1023.0015897003121
2026-03-01T04:15:00Z,2026-03-01T04:30:00Z,2026-03-01,2026-03-01_22,0.0,0,0,100,64.34782608695653,64.34782608695653,0.0,0.0,0.0,True,True,True,False,0.0,1023.0015897003121,0.0,0.0,0.0,0.0,1023.0015897003121
2026-03-01T04:30:00Z,2026-03-01T04:45:00Z,2026-03-01,2026-03-01_23,0.0,0,0,100,64.34782608695653,64.34782608695653,0.0,0.0,0.0,True,True,True,False,0.0,1023.0015897003121,0.0,0.0,0.0,0.0,1023.0015897003121
2026-03-01T04:45:00Z,2026-03-01T05:00:00Z,2026-03-01,2026-03-01_24,0.0,0,0,100,64.34782608695653,64.34782608695653,0.0,0.0,0.0,True,True,True,False,0.0,1023.0015897003121,0.0,0.0,0.0,0.0,1023.0015897003121
2026-03-01T05:00:00Z,2026-03-01T05:15:00Z,2026-03-01,2026-03-01_25,0.0,0,0,100,64.34782608695653,64.34782608695653,0.0,0.0,0.0,True,True,True,False,0.0,1023.0015897003121,0.0,0.0,0.0,0.0,1023.0015897003121
2026-03-01T05:15:00Z,2026-03-01T05:30:00Z,2026-03-01,2026-03-01_26,0.0,0,0,100,64.34782608695653,64.34782608695653,0.0,0.0,0.0,True,True,True,False,0.0,1023.0015897003121,0.0,0.0,0.0,0.0,1023.0015897003121
2026-03-01T05:30:00Z,2026-03-01T05:45:00Z,2026-03-01,2026-03-01_27,0.0,0,0,100,64.34782608695653,64.34782608695653,0.0,0.0,0.0,True,True,True,False,0.0,1023.0015897003121,0.0,0.0,0.0,0.0,1023.0015897003121
2026-03-01T05:45:00Z,2026-03-01T06:00:00Z,2026-03-01,2026-03-01_28,0.0,0,0,100,64.34782608695653,64.34782608695653,0.0,0.0,0.0,True,True,True,False,0.0,1023.0015897003121,0.0,0.0,0.0,0.0,1023.0015897003121
2026-03-01T06:00:00Z,2026-03-01T06:15:00Z,2026-03-01,2026-03-01_29,-1.7428200868573411,100,0,0,64.34782608695653,40.64133290931624,0.06609737646237855,22.238285714285716,0.0,True,True,True,False,-19.092594051522173,0.0,95.05819088179302,0.0,9176.49528725352,0.0,9252.46088408379
2026-03-01T06:15:00Z,2026-03-01T06:30:00Z,2026-03-01,2026-03-01_30,-100.0,100,0,0,40.64133290931624,47.340510052173386,0.018608825396825398,17.718285714285713,0.0,True,True,True,False,-125.0,0.0,95.05819088179302,0.0,3778.178490990296,0.0,3748.236681872089
2026-03-01T06:30:00Z,2026-03-01T06:45:00Z,2026-03-01,2026-03-01_31,-100.0,100,0,0,47.340510052173386,60.8834357664591,0.037619238095238094,10.279428571428571,0.0,True,True,True,False,-0.25,0.0,95.05819088179302,0.0,1543.2357046129348,0.0,1638.0438954947278
2026-03-01T06:45:00Z,2026-03-01T07:00:00Z,2026-03-01,2026-03-01_32,-100.0,100,0,0,60.8834357664591,76.91036148074481,0.04451923809523809,7.579428571428572,0.0,True,True,True,False,-0.25,0.0,95.05819088179302,0.0,1119.8567410302492,0.0,1214.6649319120422
2026-03-01T07:00:00Z,2026-03-01T07:15:00Z,2026-03-01,2026-03-01_33,0.0,0,0,100,76.91036148074481,76.91036148074481,0.0,0.0,0.0,True,False,True,False,0.0,1023.0015897003121,0.0,0.0,0.0,0.0,1023.0015897003121
2026-03-01T07:15:00Z,2026-03-01T07:30:00Z,2026-03-01,2026-03-01_34,0.0,0,0,100,76.91036148074481,76.91036148074481,0.0,0.0,0.0,True,False,True,False,0.0,1023.0015897003121,0.0,0.0,0.0,0.0,1023.0015897003121
2026-03-01T07:30:00Z,2026-03-01T07:45:00Z,2026-03-01,2026-03-01_35,0.0,0,0,100,76.91036148074481,76.91036148074481,0.0,0.0,0.0,True,False,True,False,0.0,1023.0015897003121,0.0,0.0,0.0,0.0,1023.0015897003121
2026-03-01T07:45:00Z,2026-03-01T08:00:00Z,2026-03-01,2026-03-01_36,0.0,0,0,100,76.91036148074481,76.91036148074481,0.0,0.0,0.0,True,False,True,False,0.0,1023.0015897003121,0.0,0.0,0.0,0.0,1023.0015897003121
2026-03-01T08:00:00Z,2026-03-01T08:15:00Z,2026-03-01,2026-03-01_37,0.0,0,0,100,76.91036148074481,76.91036148074481,0.0,0.0,0.0,True,False,True,False,0.0,1023.0015897003121,0.0,0.0,0.0,0.0,1023.0015897003121
2026-03-01T08:15:00Z,2026-03-01T08:30:00Z,2026-03-01,2026-03-01_38,0.0,0,0,100,76.91036148074481,76.91036148074481,0.0,0.0,0.0,True,False,True,False,0.0,1023.0015897003121,0.0,0.0,0.0,0.0,1023.0015897003121
2026-03-01T08:30:00Z,2026-03-01T08:45:00Z,2026-03-01,2026-03-01_39,0.0,0,0,100,76.91036148074481,76.91036148074481,0.0,0.0,0.0,True,False,True,False,0.0,1023.0015897003121,0.0,0.0,0.0,0.0,1023.0015897003121
2026-03-01T08:45:00Z,2026-03-01T09:00:00Z,2026-03-01,2026-03-01_40,0.0,0,0,100,76.91036148074481,76.91036148074481,0.0,0.0,0.0,True,False,True,False,0.0,1023.0015897003121,0.0,0.0,0.0,0.0,1023.0015897003121
2026-03-01T09:00:00Z,2026-03-01T09:15:00Z,2026-03-01,2026-03-01_41,0.0,0,0,100,76.91036148074481,76.91036148074481,0.0,0.0,0.0,True,False,True,False,0.0,1023.0015897003121,0.0,0.0,0.0,0.0,1023.0015897003121
2026-03-01T09:15:00Z,2026-03-01T09:30:00Z,2026-03-01,2026-03-01_42,0.0,0,0,100,76.91036148074481,76.91036148074481,0.0,0.0,0.0,True,False,True,False,0.0,1023.0015897003121,0.0,0.0,0.0,0.0,1023.0015897003121
2026-03-01T09:30:00Z,2026-03-01T09:45:00Z,2026-03-01,2026-03-01_43,0.0,0,0,100,76.91036148074481,76.91036148074481,0.0,0.0,0.0,True,False,True,False,0.0,1023.0015897003121,0.0,0.0,0.0,0.0,1023.0015897003121
2026-03-01T09:45:00Z,2026-03-01T10:00:00Z,2026-03-01,2026-03-01_44,0.0,0,0,100,76.91036148074481,76.91036148074481,0.0,0.0,0.0,True,False,True,False,0.0,1023.0015897003121,0.0,0.0,0.0,0.0,1023.0015897003121
2026-03-01T10:00:00Z,2026-03-01T10:15:00Z,2026-03-01,2026-03-01_45,-4.000000000000654,4,0,96,76.91036148074481,77.6483802236021,0.0020500520634924814,0.19780571428571428,0.0,True,True,True,False,-0.0,982.0815261122996,3.68221694502777,0.0,28.02681769585977,0.0,1013.7905607531872
2026-03-01T10:15:00Z,2026-03-01T10:30:00Z,2026-03-01,2026-03-01_46,-4.000000000000649,4,0,96,77.6483802236021,78.54451279503083,0.0024892571428575577,0.025942857142857143,0.0,True,True,True,False,-0.0,982.0815261122996,3.68221694502777,0.0,2.743029581883585,0.0,988.5067726392109
2026-03-01T10:30:00Z,2026-03-01T10:45:00Z,2026-03-01,2026-03-01_47,-4.000000000000654,4,0,96,78.54451279503083,79.46451279503098,0.0025555555555559738,0.0,0.0,True,True,True,False,0.010000000000001634,982.0815261122996,3.68221694502777,0.0,0.0,0.0,985.7737430573274
2026-03-01T10:45:00Z,2026-03-01T11:00:00Z,2026-03-01,2026-03-01_48,-4.000000000000654,4,0,96,79.46451279503098,80.38451279503113,0.0025555555555559733,0.0,0.0,True,True,True,False,0.10000000000001635,982.0815261122996,3.68221694502777,0.0,0.0,0.0,985.8637430573274
2026-03-01T11:00:00Z,2026-03-01T11:15:00Z,2026-03-01,2026-03-01_49,0.0,100,100,0,80.38451279503113,80.77289341614913,0.0014825617667356796,0.06685714285714286,0.5011428571428571,True,True,True,False,0.0,0.0,91.37832904833867,20.10676505799462,6.022352027498732,-26.865871909967446,90.64157422386458
2026-03-01T11:15:00Z,2026-03-01T11:30:00Z,2026-03-01,2026-03-01_50,0.0,100,100,0,80.77289341614913,82.83995527950316,0.0057625424430641815,0.0034285714285714284,2.250857142857143,True,True,True,False,0.0,0.0,91.37832904833867,20.10676505799462,0.30280005943853017,-32.11004337330481,79.67785079246701
2026-03-01T11:30:00Z,2026-03-01T11:45:00Z,2026-03-01,2026-03-01_51,0.0,100,100,0,82.83995527950316,86.79805813664602,0.010994730158730159,0.0,4.3022857142857145,True,True,True,False,0.0,0.0,91.37832904833867,20.10676505799462,0.0,166.210436284419,277.6955303907523
2026-03-01T11:45:00Z,2026-03-01T12:00:00Z,2026-03-01,2026-03-01_52,0.0,100,100,0,86.79805813664602,96.65467527950317,0.027379492063492064,0.0,10.713714285714286,True,True,True,False,0.0,0.0,91.37832904833867,20.10676505799462,0.0,5289.418334880043,5400.903428986377
2026-03-01T12:00:00Z,2026-03-01T12:15:00Z,2026-03-01,2026-03-01_53,0.0,0,0,100,96.65467527950317,96.65467527950317,0.0,0.0,0.0,True,True,True,False,0.0,1023.0015897003121,0.0,0.0,0.0,0.0,1023.0015897003121
2026-03-01T12:15:00Z,2026-03-01T12:30:00Z,2026-03-01,2026-03-01_54,0.0,0,0,100,96.65467527950317,96.65467527950317,0.0,0.0,0.0,True,True,True,False,0.0,1023.0015897003121,0.0,0.0,0.0,0.0,1023.0015897003121
2026-03-01T12:30:00Z,2026-03-01T12:45:00Z,2026-03-01,2026-03-01_55,0.0,0,0,100,96.65467527950317,96.65467527950317,0.0,0.0,0.0,True,True,True,False,0.0,1023.0015897003121,0.0,0.0,0.0,0.0,1023.0015897003121
2026-03-01T12:45:00Z,2026-03-01T13:00:00Z,2026-03-01,2026-03-01_56,0.0,0,0,100,96.65467527950317,96.65467527950317,0.0,0.0,0.0,True,True,True,False,0.0,1023.0015897003121,0.0,0.0,0.0,0.0,1023.0015897003121
2026-03-01T13:00:00Z,2026-03-01T13:15:00Z,2026-03-01,2026-03-01_57,0.0,100,100,0,96.65467527950317,108.98950956521746,0.03426342857142858,0.0,13.407428571428573,True,True,True,False,0.0,0.0,92.70307930838224,21.04880968735894,0.0,12606.366750759105,12720.118639754846
2026-03-01T13:15:00Z,2026-03-01T13:30:00Z,2026-03-01,2026-03-01_58,0.0,100,100,0,108.98950956521746,117.16278956521747,0.022703555555555557,0.0,8.884,True,True,True,False,0.0,0.0,92.70307930838224,21.04880968735894,0.0,6136.77211861912,6250.524007614861
2026-03-01T13:30:00Z,2026-03-01T13:45:00Z,2026-03-01,2026-03-01_59,0.0,100,100,0,117.16278956521747,122.24802385093176,0.014125650793650794,0.0,5.527428571428572,True,True,True,False,0.0,0.0,92.70307930838224,21.04880968735894,0.0,1997.424558094154,2111.176447089895
2026-03-01T13:45:00Z,2026-03-01T14:00:00Z,2026-03-01,2026-03-01_60,0.0,100,100,0,122.24802385093176,120.55085018633548,0.00576872049689441,1.736,0.20628571428571427,True,True,True,False,0.0,0.0,92.70307930838224,21.04880968735894,237.65582085451297,-11.816135430130286,339.5915744201239
2026-03-01T14:00:00Z,2026-03-01T14:15:00Z,2026-03-01,2026-03-01_61,-100.0,100,0,0,120.55085018633548,143.43466732919262,0.06356615873015872,0.12628571428571428,0.0,True,True,True,False,-0.0,0.0,95.05819088179302,0.0,16.122799218327255,0.0,111.18099010012028
2026-03-01T14:15:00Z,2026-03-01T14:30:00Z,2026-03-01,2026-03-01_62,-100.0,100,0,0,143.43466732919262,163.4859359006212,0.055697968253968264,3.205142857142857,0.0,True,True,True,False,-0.25,0.0,95.05819088179302,0.0,457.05350981717044,0.0,551.8617006989634
2026-03-01T14:30:00Z,2026-03-01T14:45:00Z,2026-03-01,2026-03-01_63,-100.0,100,0,0,163.4859359006212,173.91347875776407,0.028965396825396825,13.665714285714287,0.0,True,True,True,False,-16.25,0.0,95.05819088179302,0.0,2564.3792110936974,0.0,2643.1874019754905
2026-03-01T14:45:00Z,2026-03-01T15:00:00Z,2026-03-01,2026-03-01_64,0.0,100,0,0,173.91347875776407,171.1252800000001,0.007744996549344374,2.565142857142857,0.0,True,True,True,False,0.0,0.0,95.05819088179302,0.0,348.44319005470027,0.0,443.5013809364933
2026-03-01T15:00:00Z,2026-03-01T15:15:00Z,2026-03-01,2026-03-01_65,-100.0,100,0,0,171.1252800000001,190.00000000000009,0.052429777777777783,4.484000000000001,0.0,True,True,True,False,-0.25,0.0,99.47402508193825,0.0,680.085507035896,0.0,779.3095321178342
2026-03-01T15:15:00Z,2026-03-01T15:30:00Z,2026-03-01,2026-03-01_66,-18.278373347817695,100,0,0,190.00000000000009,190.00000000000009,0.019638005797301482,3.979428571428572,0.0,True,True,True,False,-311.417785913444,0.0,99.47402508193825,0.0,575.5875226188842,0.0,363.6437617873785
2026-03-01T15:30:00Z,2026-03-01T15:45:00Z,2026-03-01,2026-03-01_67,0.0,100,0,0,190.00000000000009,178.5838509316771,0.03171152518978606,10.502857142857144,0.0,True,True,True,False,0.0,0.0,99.47402508193825,0.0,1691.590134325471,0.0,1791.064159407409
2026-03-01T15:45:00Z,2026-03-01T16:00:00Z,2026-03-01,2026-03-01_68,0.0,100,0,0,178.5838509316771,163.29316770186344,0.04247412008281573,14.06742857142857,0.0,True,True,True,False,0.0,0.0,99.47402508193825,0.0,2864.788082686846,0.0,2964.262107768784
2026-03-01T16:00:00Z,2026-03-01T16:15:00Z,2026-03-01,2026-03-01_69,0.0,100,100,0,163.29316770186344,151.8422360248448,0.03180814354727398,10.534857142857144,0.0,True,True,True,False,0.0,0.0,105.21460954212706,17.545581221910385,2465.121009333531,0.0,2587.8812000975686
2026-03-01T16:15:00Z,2026-03-01T16:30:00Z,2026-03-01,2026-03-01_70,0.0,100,100,0,151.8422360248448,142.70186335403733,0.02538992408557626,8.409142857142857,0.0,True,True,True,False,0.0,0.0,105.21460954212706,17.545581221910385,1571.5638858219481,0.0,1694.3240765859855
2026-03-01T16:30:00Z,2026-03-01T16:45:00Z,2026-03-01,2026-03-01_71,0.0,100,100,0,142.70186335403733,128.8677018633541,0.038428226363008966,12.72742857142857,0.0,True,True,True,False,0.0,0.0,105.21460954212706,17.545581221910385,2799.112569398689,0.0,2921.8727601627265
2026-03-01T16:45:00Z,2026-03-01T17:00:00Z,2026-03-01,2026-03-01_72,0.0,100,100,0,128.8677018633541,113.94099378881995,0.04146307798481711,13.732571428571427,0.0,True,True,True,False,0.0,0.0,105.21460954212706,17.545581221910385,2905.0507897754514,0.0,3027.810980539489
2026-03-01T17:00:00Z,2026-03-01T17:15:00Z,2026-03-01,2026-03-01_73,0.0,100,100,0,113.94099378881995,100.33913043478269,0.03778295376121463,12.513714285714286,0.0,True,True,True,False,0.0,0.0,105.21460954212706,18.104920220595453,2695.0595852199926,0.0,2818.3791149827152
2026-03-01T17:15:00Z,2026-03-01T17:30:00Z,2026-03-01,2026-03-01_74,0.0,100,100,0,100.33913043478269,86.09068322981375,0.039579020013802625,13.10857142857143,0.0,True,True,True,False,0.0,0.0,105.21460954212706,18.104920220595453,2727.888749015199,0.0,2851.208278777922
2026-03-01T17:30:00Z,2026-03-01T17:45:00Z,2026-03-01,2026-03-01_75,0.0,100,100,0,86.09068322981375,73.01242236024854,0.03632850241545894,12.032000000000002,0.0,True,True,True,False,0.0,0.0,105.21460954212706,18.104920220595453,2503.854642513689,0.0,2627.174172276412
2026-03-01T17:45:00Z,2026-03-01T18:00:00Z,2026-03-01,2026-03-01_76,0.0,100,100,0,73.01242236024854,55.83602484472058,0.04771221532091097,15.802285714285713,0.0,True,True,True,False,0.0,0.0,105.21460954212706,18.104920220595453,3503.8877378872967,0.0,3627.2072676500193
2026-03-01T18:00:00Z,2026-03-01T18:15:00Z,2026-03-01,2026-03-01_77,-100.0,100,0,0,55.83602484472058,59.97760198757773,0.011504380952380955,20.498285714285714,0.0,True,True,True,False,-2318.25,0.0,104.12537043942456,0.0,10278.937040802308,0.0,8064.812411241733
2026-03-01T18:15:00Z,2026-03-01T18:30:00Z,2026-03-01,2026-03-01_78,-100.0,100,0,0,59.97760198757773,65.07597913043487,0.014162158730158731,19.458285714285715,0.0,True,True,True,False,-2537.0,0.0,104.12537043942456,0.0,8979.101613756095,0.0,6546.226984195519
2026-03-01T18:30:00Z,2026-03-01T18:45:00Z,2026-03-01,2026-03-01_79,-98.49483587294128,100,0,0,65.07597913043487,75.15093167701869,0.029225324582466277,13.635428571428571,0.0,True,True,True,False,-2593.122791444862,0.0,104.12537043942456,0.0,3175.2434188369675,0.0,686.2459978315303
2026-03-01T18:45:00Z,2026-03-01T19:00:00Z,2026-03-01,2026-03-01_80,0.0,100,0,0,75.15093167701869,64.34782608695657,0.030008626639061422,9.938857142857144,0.0,True,True,True,False,0.0,0.0,104.12537043942456,0.0,2110.8889653490196,0.0,2215.014335788444
2026-03-01T19:00:00Z,2026-03-01T19:15:00Z,2026-03-01,2026-03-01_81,0.0,0,0,100,64.34782608695657,64.34782608695657,0.0,0.0,0.0,True,True,True,False,0.0,1023.0015897003121,0.0,0.0,0.0,0.0,1023.0015897003121
2026-03-01T19:15:00Z,2026-03-01T19:30:00Z,2026-03-01,2026-03-01_82,0.0,0,0,100,64.34782608695657,64.34782608695657,0.0,0.0,0.0,True,True,True,False,0.0,1023.0015897003121,0.0,0.0,0.0,0.0,1023.0015897003121
2026-03-01T19:30:00Z,2026-03-01T19:45:00Z,2026-03-01,2026-03-01_83,0.0,0,0,100,64.34782608695657,64.34782608695657,0.0,0.0,0.0,True,True,True,False,0.0,1023.0015897003121,0.0,0.0,0.0,0.0,1023.0015897003121
2026-03-01T19:45:00Z,2026-03-01T20:00:00Z,2026-03-01,2026-03-01_84,0.0,0,0,100,64.34782608695657,64.34782608695657,0.0,0.0,0.0,True,True,True,False,0.0,1023.0015897003121,0.0,0.0,0.0,0.0,1023.0015897003121
2026-03-01T20:00:00Z,2026-03-01T20:15:00Z,2026-03-01,2026-03-01_85,0.0,0,0,100,64.34782608695657,64.34782608695657,0.0,0.0,0.0,True,True,True,False,0.0,1023.0015897003121,0.0,0.0,0.0,0.0,1023.0015897003121
2026-03-01T20:15:00Z,2026-03-01T20:30:00Z,2026-03-01,2026-03-01_86,0.0,0,0,100,64.34782608695657,64.34782608695657,0.0,0.0,0.0,True,True,True,False,0.0,1023.0015897003121,0.0,0.0,0.0,0.0,1023.0015897003121
2026-03-01T20:30:00Z,2026-03-01T20:45:00Z,2026-03-01,2026-03-01_87,0.0,0,0,100,64.34782608695657,64.34782608695657,0.0,0.0,0.0,True,True,True,False,0.0,1023.0015897003121,0.0,0.0,0.0,0.0,1023.0015897003121
2026-03-01T20:45:00Z,2026-03-01T21:00:00Z,2026-03-01,2026-03-01_88,0.0,0,0,100,64.34782608695657,64.34782608695657,0.0,0.0,0.0,True,True,True,False,0.0,1023.0015897003121,0.0,0.0,0.0,0.0,1023.0015897003121
2026-03-01T21:00:00Z,2026-03-01T21:15:00Z,2026-03-01,2026-03-01_89,0.0,100,100,0,64.34782608695657,52.68260869565223,0.03240338164251207,10.732,0.0,True,True,True,False,0.0,0.0,105.39124291013286,18.16379800993072,2755.30562047377,0.0,2878.8606613938337
2026-03-01T21:15:00Z,2026-03-01T21:30:00Z,2026-03-01,2026-03-01_90,0.0,100,100,0,52.68260869565223,42.619254658385145,0.02795376121463078,9.258285714285714,0.0,True,True,True,False,0.0,0.0,105.39124291013286,18.16379800993072,2396.95714336181,0.0,2520.5121842818735
2026-03-01T21:30:00Z,2026-03-01T21:45:00Z,2026-03-01,2026-03-01_91,0.0,100,100,0,42.619254658385145,34.72828521739136,0.021928121463077984,7.261142857142858,0.0017142857142857142,True,True,True,False,0.0,0.0,105.39124291013286,18.16379800993072,1669.9987291369357,-0.13457780419490228,1793.4191922528044
2026-03-01T21:45:00Z,2026-03-01T22:00:00Z,2026-03-01,2026-03-01_92,0.0,100,100,0,34.72828521739136,34.680237515528006,0.0004634975845410628,0.09885714285714285,0.06457142857142857,True,True,True,False,0.0,0.0,105.39124291013286,18.16379800993072,11.62157842942095,-4.900879297728158,130.27574005175637
2026-03-01T22:00:00Z,2026-03-01T22:15:00Z,2026-03-02,2026-03-01_93,-17.0,100,83,0,34.680237515528006,37.410743532919305,0.013198265507246378,1.1199999999999999,0.006640000000000001,True,True,True,False,-373.15,0.0,99.47402508193825,15.564637999725237,152.8040664926501,-0.5212646949149217,-105.82853512060132
2026-03-01T22:15:00Z,2026-03-01T22:30:00Z,2026-03-02,2026-03-01_94,-17.0,100,83,0,37.410743532919305,41.34917648695657,0.011057517349896481,0.02342857142857143,0.05786285714285714,True,True,True,False,-365.7125,0.0,99.47402508193825,15.564637999725237,2.7542469110188383,-4.505212754611392,-252.42480276192904
2026-03-01T22:30:00Z,2026-03-01T22:45:00Z,2026-03-02,2026-03-01_95,-17.0,100,83,0,41.34917648695657,48.721557058385145,0.020478834920634924,0.0,3.763457142857143,True,True,True,False,-342.5075,0.0,99.47402508193825,15.564637999725237,0.0,37.94552769358877,-189.52330922474772
2026-03-01T22:45:00Z,2026-03-01T23:00:00Z,2026-03-02,2026-03-01_96,-17.0,100,83,0,48.721557058385145,64.79461420124228,0.04464738095238095,0.0,13.220714285714285,True,True,True,False,-271.745,0.0,99.47402508193825,15.564637999725237,0.0,1054.8289328260496,898.122595907713
2026-03-01T23:00:00Z,2026-03-01T23:15:00Z,2026-03-02,2026-03-02_1,0.0,0,0,100,64.79461420124228,64.79461420124228,0.0,0.0,0.0,True,True,True,False,0.0,1023.0015897003121,0.0,0.0,0.0,0.0,1023.0015897003121
2026-03-01T23:15:00Z,2026-03-01T23:30:00Z,2026-03-02,2026-03-02_2,0.0,0,0,100,64.79461420124228,64.79461420124228,0.0,0.0,0.0,True,True,True,False,0.0,1023.0015897003121,0.0,0.0,0.0,0.0,1023.0015897003121
2026-03-01T23:30:00Z,2026-03-01T23:45:00Z,2026-03-02,2026-03-02_3,0.0,0,0,100,64.79461420124228,64.79461420124228,0.0,0.0,0.0,True,True,True,False,0.0,1023.0015897003121,0.0,0.0,0.0,0.0,1023.0015897003121
2026-03-01T23:45:00Z,2026-03-02T00:00:00Z,2026-03-02,2026-03-02_4,0.0,0,0,100,64.79461420124228,64.79461420124228,0.0,0.0,0.0,True,True,True,False,0.0,1023.0015897003121,0.0,0.0,0.0,0.0,1023.0015897003121
2026-03-02T00:00:00Z,2026-03-02T00:15:00Z,2026-03-02,2026-03-02_5,-23.0,23,0,77,64.79461420124228,68.248893515528,0.009595220317460318,1.9953485714285715,0.0,True,True,True,False,-453.215,787.7112240692403,20.549820422742528,0.0,302.3736492936067,0.0,657.4196937855895
2026-03-02T00:15:00Z,2026-03-02T00:30:00Z,2026-03-02,2026-03-02_6,-23.0,23,0,77,68.248893515528,72.02601397267085,0.010492001269841268,1.6444342857142857,0.0,True,True,True,False,-451.605,787.7112240692403,20.549820422742528,0.0,241.76408127826488,0.0,598.4201257702478
2026-03-02T00:30:00Z,2026-03-02T00:45:00Z,2026-03-02,2026-03-02_7,-22.99999999999999,23,0,77,72.02601397267085,76.30335682981371,0.011881507936507933,1.1007142857142858,0.0,True,True,True,False,-431.19249999999977,787.7112240692403,20.549820422742528,0.0,157.14271793894093,0.0,534.211262430924
2026-03-02T00:45:00Z,2026-03-02T01:00:00Z,2026-03-02,2026-03-02_8,-22.999999999999957,23,0,77,76.30335682981371,81.04343865838513,0.013166893968253948,0.5977371428571429,0.0,True,True,True,False,-436.59749999999923,787.7112240692403,20.549820422742528,0.0,82.34690502339693,0.0,454.0104495153805
2026-03-02T01:00:00Z,2026-03-02T01:15:00Z,2026-03-02,2026-03-02_9,0.0,0,0,100,81.04343865838513,81.04343865838513,0.0,0.0,0.0,True,True,True,False,0.0,1023.0015897003121,0.0,0.0,0.0,0.0,1023.0015897003121
2026-03-02T01:15:00Z,2026-03-02T01:30:00Z,2026-03-02,2026-03-02_10,0.0,0,0,100,81.04343865838513,81.04343865838513,0.0,0.0,0.0,True,True,True,False,0.0,1023.0015897003121,0.0,0.0,0.0,0.0,1023.0015897003121
2026-03-02T01:30:00Z,2026-03-02T01:45:00Z,2026-03-02,2026-03-02_11,0.0,0,0,100,81.04343865838513,81.04343865838513,0.0,0.0,0.0,True,True,True,False,0.0,1023.0015897003121,0.0,0.0,0.0,0.0,1023.0015897003121
2026-03-02T01:45:00Z,2026-03-02T02:00:00Z,2026-03-02,2026-03-02_12,0.0,0,0,100,81.04343865838513,81.04343865838513,0.0,0.0,0.0,True,True,True,False,0.0,1023.0015897003121,0.0,0.0,0.0,0.0,1023.0015897003121
2026-03-02T02:00:00Z,2026-03-02T02:15:00Z,2026-03-02,2026-03-02_13,0.0,0,0,100,81.04343865838513,81.04343865838513,0.0,0.0,0.0,True,True,True,False,0.0,1023.0015897003121,0.0,0.0,0.0,0.0,1023.0015897003121
2026-03-02T02:15:00Z,2026-03-02T02:30:00Z,2026-03-02,2026-03-02_14,0.0,0,0,100,81.04343865838513,81.04343865838513,0.0,0.0,0.0,True,True,True,False,0.0,1023.0015897003121,0.0,0.0,0.0,0.0,1023.0015897003121
2026-03-02T02:30:00Z,2026-03-02T02:45:00Z,2026-03-02,2026-03-02_15,0.0,0,0,100,81.04343865838513,81.04343865838513,0.0,0.0,0.0,True,True,True,False,0.0,1023.0015897003121,0.0,0.0,0.0,0.0,1023.0015897003121
2026-03-02T02:45:00Z,2026-03-02T03:00:00Z,2026-03-02,2026-03-02_16,0.0,0,0,100,81.04343865838513,81.04343865838513,0.0,0.0,0.0,True,True,True,False,0.0,1023.0015897003121,0.0,0.0,0.0,0.0,1023.0015897003121
2026-03-02T03:00:00Z,2026-03-02T03:15:00Z,2026-03-02,2026-03-02_17,0.0,0,0,100,81.04343865838513,81.04343865838513,0.0,0.0,0.0,True,True,True,False,0.0,1023.0015897003121,0.0,0.0,0.0,0.0,1023.0015897003121
2026-03-02T03:15:00Z,2026-03-02T03:30:00Z,2026-03-02,2026-03-02_18,0.0,0,0,100,81.04343865838513,81.04343865838513,0.0,0.0,0.0,True,True,True,False,0.0,1023.0015897003121,0.0,0.0,0.0,0.0,1023.0015897003121
2026-03-02T03:30:00Z,2026-03-02T03:45:00Z,2026-03-02,2026-03-02_19,0.0,0,0,100,81.04343865838513,81.04343865838513,0.0,0.0,0.0,True,True,True,False,0.0,1023.0015897003121,0.0,0.0,0.0,0.0,1023.0015897003121
2026-03-02T03:45:00Z,2026-03-02T04:00:00Z,2026-03-02,2026-03-02_20,0.0,0,0,100,81.04343865838513,81.04343865838513,0.0,0.0,0.0,True,True,True,False,0.0,1023.0015897003121,0.0,0.0,0.0,0.0,1023.0015897003121
2026-03-02T04:00:00Z,2026-03-02T04:15:00Z,2026-03-02,2026-03-02_21,0.0,0,0,100,81.04343865838513,81.04343865838513,0.0,0.0,0.0,True,True,True,False,0.0,1023.0015897003121,0.0,0.0,0.0,0.0,1023.0015897003121
2026-03-02T04:15:00Z,2026-03-02T04:30:00Z,2026-03-02,2026-03-02_22,0.0,0,0,100,81.04343865838513,81.04343865838513,0.0,0.0,0.0,True,True,True,False,0.0,1023.0015897003121,0.0,0.0,0.0,0.0,1023.0015897003121
2026-03-02T04:30:00Z,2026-03-02T04:45:00Z,2026-03-02,2026-03-02_23,0.0,0,0,100,81.04343865838513,81.04343865838513,0.0,0.0,0.0,True,True,True,False,0.0,1023.0015897003121,0.0,0.0,0.0,0.0,1023.0015897003121
2026-03-02T04:45:00Z,2026-03-02T05:00:00Z,2026-03-02,2026-03-02_24,0.0,0,0,100,81.04343865838513,81.04343865838513,0.0,0.0,0.0,True,True,True,False,0.0,1023.0015897003121,0.0,0.0,0.0,0.0,1023.0015897003121
2026-03-02T05:00:00Z,2026-03-02T05:15:00Z,2026-03-02,2026-03-02_25,0.0,0,0,100,81.04343865838513,81.04343865838513,0.0,0.0,0.0,True,True,True,False,0.0,1023.0015897003121,0.0,0.0,0.0,0.0,1023.0015897003121
2026-03-02T05:15:00Z,2026-03-02T05:30:00Z,2026-03-02,2026-03-02_26,0.0,0,0,100,81.04343865838513,81.04343865838513,0.0,0.0,0.0,True,True,True,False,0.0,1023.0015897003121,0.0,0.0,0.0,0.0,1023.0015897003121
2026-03-02T05:30:00Z,2026-03-02T05:45:00Z,2026-03-02,2026-03-02_27,0.0,0,0,100,81.04343865838513,81.04343865838513,0.0,0.0,0.0,True,True,True,False,0.0,1023.0015897003121,0.0,0.0,0.0,0.0,1023.0015897003121
2026-03-02T05:45:00Z,2026-03-02T06:00:00Z,2026-03-02,2026-03-02_28,0.0,0,0,100,81.04343865838513,81.04343865838513,0.0,0.0,0.0,True,True,True,False,0.0,1023.0015897003121,0.0,0.0,0.0,0.0,1023.0015897003121
2026-03-02T06:00:00Z,2026-03-02T06:15:00Z,2026-03-02,2026-03-02_29,0.0,100,100,0,81.04343865838513,80.47898648447209,0.0015825258799171845,0.5217142857142858,0.002857142857142857,True,True,True,False,0.0,0.0,101.18148097266108,17.545581221910385,78.31100067008532,-0.22429634032483717,196.81376652433195
2026-03-02T06:15:00Z,2026-03-02T06:30:00Z,2026-03-02,2026-03-02_30,0.0,100,100,0,80.47898648447209,60.08333431055904,0.05665458937198068,18.764000000000003,0.0,True,True,True,False,0.0,0.0,101.18148097266108,17.545581221910385,6935.613072439309,0.0,7054.340134633881
2026-03-02T06:30:00Z,2026-03-02T06:45:00Z,2026-03-02,2026-03-02_31,0.0,100,100,0,60.08333431055904,52.71128462111805,0.02047791580400276,6.782285714285714,0.0,True,True,True,False,0.0,0.0,101.18148097266108,17.545581221910385,2038.7654948117454,0.0,2157.492557006317
2026-03-02T06:45:00Z,2026-03-02T07:00:00Z,2026-03-02,2026-03-02_32,0.0,100,100,0,52.71128462111805,56.27610847204972,0.009960949620427881,0.009714285714285715,3.886285714285714,True,True,True,False,0.0,0.0,101.18148097266108,17.545581221910385,1.1420048167639085,-62.0991129640481,57.76995404728727
2026-03-02T07:00:00Z,2026-03-02T07:15:00Z,2026-03-02,2026-03-02_33,0.0,100,0,0,56.27610847204972,46.17797182608699,0.0280503795721187,9.290285714285714,0.0,True,True,True,False,0.0,0.0,88.40500068690754,0.0,2008.5691432160168,0.0,2096.9741439029244
2026-03-02T07:15:00Z,2026-03-02T07:30:00Z,2026-03-02,2026-03-02_34,-4.827056628805027e-15,100,0,0,46.17797182608699,40.461201639751586,0.015879917184265013,5.259428571428572,0.0,True,True,True,False,-1.5407964759145646e-13,0.0,88.40500068690754,0.0,871.7647624841942,0.0,960.1697631711016
2026-03-02T07:30:00Z,2026-03-02T07:45:00Z,2026-03-02,2026-03-02_35,-100.0,100,0,0,40.461201639751586,44.94291592546587,0.012449206349206349,20.12857142857143,0.0,True,True,True,False,-2838.75,0.0,88.40500068690754,0.0,8096.060408611859,0.0,5345.715409298767
2026-03-02T07:45:00Z,2026-03-02T08:00:00Z,2026-03-02,2026-03-02_36,-98.54591423414774,100,0,0,44.94291592546587,64.34782608695646,0.05421291382151673,3.534857142857143,0.0,True,True,True,False,-2229.847674333178,0.0,88.40500068690754,0.0,493.33432816236814,0.0,-1648.1083454839024
2026-03-02T08:00:00Z,2026-03-02T08:15:00Z,2026-03-02,2026-03-02_37,0.0,0,0,100,64.34782608695646,64.34782608695646,0.0,0.0,0.0,True,False,True,False,0.0,1023.0015897003121,0.0,0.0,0.0,0.0,1023.0015897003121
2026-03-02T08:15:00Z,2026-03-02T08:30:00Z,2026-03-02,2026-03-02_38,0.0,0,0,100,64.34782608695646,64.34782608695646,0.0,0.0,0.0,True,False,True,False,0.0,1023.0015897003121,0.0,0.0,0.0,0.0,1023.0015897003121
2026-03-02T08:30:00Z,2026-03-02T08:45:00Z,2026-03-02,2026-03-02_39,0.0,0,0,100,64.34782608695646,64.34782608695646,0.0,0.0,0.0,True,False,True,False,0.0,1023.0015897003121,0.0,0.0,0.0,0.0,1023.0015897003121
2026-03-02T08:45:00Z,2026-03-02T09:00:00Z,2026-03-02,2026-03-02_40,0.0,0,0,100,64.34782608695646,64.34782608695646,0.0,0.0,0.0,True,False,True,False,0.0,1023.0015897003121,0.0,0.0,0.0,0.0,1023.0015897003121
2026-03-02T09:00:00Z,2026-03-02T09:15:00Z,2026-03-02,2026-03-02_41,0.0,100,93,0,64.34782608695646,55.92987377888192,0.023700995141476878,7.797142857142856,0.06217714285714286,True,True,True,False,0.0,0.0,91.58440131101212,18.7266696759759,3878.8356423707,-4.881136958149106,3984.265576399539
2026-03-02T09:15:00Z,2026-03-02T09:30:00Z,2026-03-02,2026-03-02_42,-7.0,100,93,0,55.92987377888192,57.31082743850925,0.005491883008971705,0.2948571428571428,0.09565714285714286,True,True,True,False,-22.3475,0.0,91.58440131101212,18.7266696759759,34.94942240888662,-7.509441474075548,115.40355192179908
2026-03-02T09:30:00Z,2026-03-02T09:45:00Z,2026-03-02,2026-03-02_43,-7.0,100,93,0,57.31082743850925,58.95953860372664,0.005090001683919945,0.09085714285714286,0.14826857142857144,True,True,True,False,-22.224999999999998,0.0,91.58440131101212,18.7266696759759,10.681103874438909,-11.342707214211417,87.42446764721551
2026-03-02T09:45:00Z,2026-03-02T10:00:00Z,2026-03-02,2026-03-02_44,-7.0,100,93,0,58.95953860372664,65.66516202732913,0.018710168585231196,0.014857142857142857,5.5560857142857145,True,True,True,False,-19.2675,0.0,91.58440131101212,18.7266696759759,1.746595602109507,3436.9569156673797,3529.7470822564774
2026-03-02T10:00:00Z,2026-03-02T10:15:00Z,2026-03-02,2026-03-02_45,0.0,100,100,0,65.66516202732913,83.10783631304342,0.04845187301587302,0.0,18.95942857142857,True,True,True,False,0.0,0.0,91.58440131101212,20.136203952662257,0.0,11340.374960902343,11452.095566166017
2026-03-02T10:15:00Z,2026-03-02T10:30:00Z,2026-03-02,2026-03-02_46,0.0,100,100,0,83.10783631304342,92.8961105987577,0.027189650793650797,0.0,10.639428571428573,True,True,True,False,0.0,0.0,91.58440131101212,20.136203952662257,0.0,950.4532525492682,1062.1738578129425
2026-03-02T10:30:00Z,2026-03-02T10:45:00Z,2026-03-02,2026-03-02_47,0.0,100,100,0,92.8961105987577,106.30760774161485,0.037254158730158735,0.0,14.577714285714286,True,True,True,False,0.0,0.0,91.58440131101212,20.136203952662257,0.0,6152.68062567464,6264.401230938315
2026-03-02T10:45:00Z,2026-03-02T11:00:00Z,2026-03-02,2026-03-02_48,0.0,100,100,0,106.30760774161485,122.42285345590057,0.044764571428571424,0.0,17.516571428571428,True,True,True,False,0.0,0.0,91.58440131101212,20.136203952662257,0.0,10167.404898519924,10279.125503783598
2026-03-02T11:00:00Z,2026-03-02T11:15:00Z,2026-03-02,2026-03-02_49,0.0,0,0,100,122.42285345590057,122.42285345590057,0.0,0.0,0.0,True,False,True,False,0.0,1023.0015897003121,0.0,0.0,0.0,0.0,1023.0015897003121
2026-03-02T11:15:00Z,2026-03-02T11:30:00Z,2026-03-02,2026-03-02_50,0.0,0,0,100,122.42285345590057,122.42285345590057,0.0,0.0,0.0,True,False,True,False,0.0,1023.0015897003121,0.0,0.0,0.0,0.0,1023.0015897003121
2026-03-02T11:30:00Z,2026-03-02T11:45:00Z,2026-03-02,2026-03-02_51,0.0,0,0,100,122.42285345590057,122.42285345590057,0.0,0.0,0.0,True,False,True,False,0.0,1023.0015897003121,0.0,0.0,0.0,0.0,1023.0015897003121
2026-03-02T11:45:00Z,2026-03-02T12:00:00Z,2026-03-02,2026-03-02_52,0.0,0,0,100,122.42285345590057,122.42285345590057,0.0,0.0,0.0,True,False,True,False,0.0,1023.0015897003121,0.0,0.0,0.0,0.0,1023.0015897003121
2026-03-02T12:00:00Z,2026-03-02T12:15:00Z,2026-03-02,2026-03-02_53,-100.0,100,0,0,122.42285345590057,134.49009917018628,0.03352012698412698,11.88342857142857,0.0,True,True,True,False,-491.0,0.0,90.64235668164778,0.0,2693.3377002335487,0.0,2292.9800569151967
2026-03-02T12:15:00Z,2026-03-02T12:30:00Z,2026-03-02,2026-03-02_54,-100.0,100,0,0,134.49009917018628,151.47487631304344,0.04717993650793651,6.538285714285714,0.0,True,True,True,False,-835.0,0.0,90.64235668164778,0.0,1311.2193042888264,0.0,566.8616609704742
2026-03-02T12:30:00Z,2026-03-02T12:45:00Z,2026-03-02,2026-03-02_55,-100.0,100,0,0,151.47487631304344,173.69892202732916,0.06173346031746032,0.8434285714285714,0.0,True,True,True,False,-1226.0,0.0,90.64235668164778,0.0,109.59671719876299,0.0,-1025.7609261195892
2026-03-02T12:45:00Z,2026-03-02T13:00:00Z,2026-03-02,2026-03-02_56,-1.561290961480785,100,0,0,173.69892202732916,173.99853461413434,0.0011583481471882466,0.054857142857142854,0.0,True,True,True,False,-26.979107814387966,0.0,90.64235668164778,0.0,6.449861973639572,0.0,70.1131108408994
2026-03-02T13:00:00Z,2026-03-02T13:15:00Z,2026-03-02,2026-03-02_57,0.0,0,100,0,173.99853461413434,184.86872889984863,0.030194984126984126,0.0,11.815428571428571,True,True,True,False,0.0,0.0,0.0,21.04880968735894,0.0,4736.054528010407,4757.103337697766
2026-03-02T13:15:00Z,2026-03-02T13:30:00Z,2026-03-02,2026-03-02_58,0.0,0,100,0,184.86872889984863,189.97656889984864,0.014188444444444443,0.0,5.552,True,True,True,False,0.0,0.0,0.0,21.04880968735894,0.0,89.90986359978803,110.95867328714696
2026-03-02T13:30:00Z,2026-03-02T13:45:00Z,2026-03-02,2026-03-02_59,99.19183993723013,0,100,0,189.97656889984864,166.4434782608696,0.06549986899800478,0.0,3.151428571428571,True,True,True,False,2179.492703020789,0.0,0.0,21.04880968735894,0.0,-74.1695607436545,2126.3719519644937
2026-03-02T13:45:00Z,2026-03-02T14:00:00Z,2026-03-02,2026-03-02_60,100.0,0,100,0,166.4434782608696,144.00000000000003,0.062342995169082135,0.0,4.351999999999999,True,True,True,False,2405.5,0.0,0.0,21.04880968735894,0.0,-111.93077856063431,2314.6180311267244
2026-03-02T14:00:00Z,2026-03-02T14:15:00Z,2026-03-02,2026-03-02_61,0.0,0,0,100,144.00000000000003,144.00000000000003,0.0,0.0,0.0,True,True,True,False,0.0,1023.0015897003121,0.0,0.0,0.0,0.0,1023.0015897003121
2026-03-02T14:15:00Z,2026-03-02T14:30:00Z,2026-03-02,2026-03-02_62,0.0,0,0,100,144.00000000000003,144.00000000000003,0.0,0.0,0.0,True,True,True,False,0.0,1023.0015897003121,0.0,0.0,0.0,0.0,1023.0015897003121
2026-03-02T14:30:00Z,2026-03-02T14:45:00Z,2026-03-02,2026-03-02_63,0.0,0,0,100,144.00000000000003,144.00000000000003,0.0,0.0,0.0,True,True,True,False,0.0,1023.0015897003121,0.0,0.0,0.0,0.0,1023.0015897003121
2026-03-02T14:45:00Z,2026-03-02T15:00:00Z,2026-03-02,2026-03-02_64,0.0,0,0,100,144.00000000000003,144.00000000000003,0.0,0.0,0.0,True,True,True,False,0.0,1023.0015897003121,0.0,0.0,0.0,0.0,1023.0015897003121
2026-03-02T15:00:00Z,2026-03-02T15:15:00Z,2026-03-02,2026-03-02_65,0.0,0,0,100,144.00000000000003,144.00000000000003,0.0,0.0,0.0,True,True,True,False,0.0,1023.0015897003121,0.0,0.0,0.0,0.0,1023.0015897003121
2026-03-02T15:15:00Z,2026-03-02T15:30:00Z,2026-03-02,2026-03-02_66,0.0,0,0,100,144.00000000000003,144.00000000000003,0.0,0.0,0.0,True,True,True,False,0.0,1023.0015897003121,0.0,0.0,0.0,0.0,1023.0015897003121
2026-03-02T15:30:00Z,2026-03-02T15:45:00Z,2026-03-02,2026-03-02_67,0.0,0,0,100,144.00000000000003,144.00000000000003,0.0,0.0,0.0,True,True,True,False,0.0,1023.0015897003121,0.0,0.0,0.0,0.0,1023.0015897003121
2026-03-02T15:45:00Z,2026-03-02T16:00:00Z,2026-03-02,2026-03-02_68,0.0,0,0,100,144.00000000000003,144.00000000000003,0.0,0.0,0.0,True,True,True,False,0.0,1023.0015897003121,0.0,0.0,0.0,0.0,1023.0015897003121
2026-03-02T16:00:00Z,2026-03-02T16:15:00Z,2026-03-02,2026-03-02_69,-100.0,100,0,0,144.00000000000003,154.10948571428574,0.028081904761904763,14.011428571428572,0.0,True,True,True,False,-3507.25,0.0,105.1557317527918,0.0,8527.571073622472,0.0,5125.476805375264
2026-03-02T16:15:00Z,2026-03-02T16:30:00Z,2026-03-02,2026-03-02_70,-100.0,100,0,0,154.10948571428574,156.5771885714286,0.00685473015873016,22.317714285714285,0.0,True,True,True,False,-3844.2500000000005,0.0,105.1557317527918,0.0,15605.681315049442,0.0,11866.587046802233
2026-03-02T16:30:00Z,2026-03-02T16:45:00Z,2026-03-02,2026-03-02_71,0.0,100,0,0,156.5771885714286,149.88464198757765,0.0185904071773637,6.1571428571428575,0.0,True,True,True,False,0.0,0.0,105.1557317527918,0.0,1426.8335412747324,0.0,1531.9892730275242
2026-03-02T16:45:00Z,2026-03-02T17:00:00Z,2026-03-02,2026-03-02_72,0.0,100,0,0,149.88464198757765,139.9132134161491,0.027698412698412694,9.173714285714285,0.0,True,True,True,False,0.0,0.0,105.1557317527918,0.0,2533.6829147309422,0.0,2638.838646483734
2026-03-02T17:00:00Z,2026-03-02T17:15:00Z,2026-03-02,2026-03-02_73,70.0,0,70,30,139.9132134161491,120.91538732919258,0.052771739130434786,0.0,0.022,True,True,True,False,4302.725,306.90047691009363,0.0,12.240692402802583,0.0,-2.1588522756265576,4619.70731703727
2026-03-02T17:15:00Z,2026-03-02T17:30:00Z,2026-03-02,2026-03-02_74,70.0,0,70,30,120.91538732919258,101.90625689440998,0.05280314009661835,0.0,0.011600000000000001,True,True,True,False,3994.375,306.90047691009363,0.0,12.240692402802583,0.0,-1.1383039271485487,4312.377865385748
2026-03-02T17:30:00Z,2026-03-02T17:45:00Z,2026-03-02,2026-03-02_75,68.5936526231996,0,70,30,101.90625689440998,83.31695652173914,0.051641710095261896,0.0,0.046400000000000004,True,True,True,False,3020.1785249994787,306.90047691009363,0.0,12.240692402802583,0.0,-4.553215708594195,3334.766478603781
2026-03-02T17:45:00Z,2026-03-02T18:00:00Z,2026-03-02,2026-03-02_76,70.0,0,70,30,83.31695652173914,64.34782608695653,0.05269202898550725,0.0,0.048400000000000006,True,True,True,False,3250.4500000000003,306.90047691009363,0.0,12.240692402802583,0.0,-4.749475006378428,3564.841694306518
2026-03-02T18:00:00Z,2026-03-02T18:15:00Z,2026-03-02,2026-03-02_77,0.0,0,0,100,64.34782608695653,64.34782608695653,0.0,0.0,0.0,True,True,True,False,0.0,1023.0015897003121,0.0,0.0,0.0,0.0,1023.0015897003121
2026-03-02T18:15:00Z,2026-03-02T18:30:00Z,2026-03-02,2026-03-02_78,0.0,0,0,100,64.34782608695653,64.34782608695653,0.0,0.0,0.0,True,True,True,False,0.0,1023.0015897003121,0.0,0.0,0.0,0.0,1023.0015897003121
2026-03-02T18:30:00Z,2026-03-02T18:45:00Z,2026-03-02,2026-03-02_79,0.0,0,0,100,64.34782608695653,64.34782608695653,0.0,0.0,0.0,True,True,True,False,0.0,1023.0015897003121,0.0,0.0,0.0,0.0,1023.0015897003121
2026-03-02T18:45:00Z,2026-03-02T19:00:00Z,2026-03-02,2026-03-02_80,0.0,0,0,100,64.34782608695653,64.34782608695653,0.0,0.0,0.0,True,True,True,False,0.0,1023.0015897003121,0.0,0.0,0.0,0.0,1023.0015897003121
2026-03-02T19:00:00Z,2026-03-02T19:15:00Z,2026-03-02,2026-03-02_81,0.0,0,0,100,64.34782608695653,64.34782608695653,0.0,0.0,0.0,True,True,True,False,0.0,1023.0015897003121,0.0,0.0,0.0,0.0,1023.0015897003121
2026-03-02T19:15:00Z,2026-03-02T19:30:00Z,2026-03-02,2026-03-02_82,0.0,0,0,100,64.34782608695653,64.34782608695653,0.0,0.0,0.0,True,True,True,False,0.0,1023.0015897003121,0.0,0.0,0.0,0.0,1023.0015897003121
2026-03-02T19:30:00Z,2026-03-02T19:45:00Z,2026-03-02,2026-03-02_83,0.0,0,0,100,64.34782608695653,64.34782608695653,0.0,0.0,0.0,True,True,True,False,0.0,1023.0015897003121,0.0,0.0,0.0,0.0,1023.0015897003121
2026-03-02T19:45:00Z,2026-03-02T20:00:00Z,2026-03-02,2026-03-02_84,0.0,0,0,100,64.34782608695653,64.34782608695653,0.0,0.0,0.0,True,True,True,False,0.0,1023.0015897003121,0.0,0.0,0.0,0.0,1023.0015897003121
2026-03-02T20:00:00Z,2026-03-02T20:15:00Z,2026-03-02,2026-03-02_85,0.0,0,0,100,64.34782608695653,64.34782608695653,0.0,0.0,0.0,True,False,True,False,0.0,1023.0015897003121,0.0,0.0,0.0,0.0,1023.0015897003121
2026-03-02T20:15:00Z,2026-03-02T20:30:00Z,2026-03-02,2026-03-02_86,0.0,0,0,100,64.34782608695653,64.34782608695653,0.0,0.0,0.0,True,False,True,False,0.0,1023.0015897003121,0.0,0.0,0.0,0.0,1023.0015897003121
2026-03-02T20:30:00Z,2026-03-02T20:45:00Z,2026-03-02,2026-03-02_87,0.0,0,0,100,64.34782608695653,64.34782608695653,0.0,0.0,0.0,True,False,True,False,0.0,1023.0015897003121,0.0,0.0,0.0,0.0,1023.0015897003121
2026-03-02T20:45:00Z,2026-03-02T21:00:00Z,2026-03-02,2026-03-02_88,0.0,0,0,100,64.34782608695653,64.34782608695653,0.0,0.0,0.0,True,False,True,False,0.0,1023.0015897003121,0.0,0.0,0.0,0.0,1023.0015897003121
2026-03-02T21:00:00Z,2026-03-02T21:15:00Z,2026-03-02,2026-03-02_89,100.0,0,100,0,64.34782608695653,44.295652173913055,0.05570048309178744,0.0,6.552,True,True,True,False,2919.0,0.0,0.0,17.575020116578024,0.0,1530.5303805467784,4467.105400663357
2026-03-02T21:15:00Z,2026-03-02T21:30:00Z,2026-03-02,2026-03-02_90,100.0,0,100,0,44.295652173913055,24.497515527950323,0.054994824016563144,0.0,6.785714285714286,True,True,True,False,2806.75,0.0,0.0,17.575020116578024,0.0,146.23918120620965,2970.5642013227875
2026-03-02T21:30:00Z,2026-03-02T21:45:00Z,2026-03-02,2026-03-02_91,90.99905681187491,0,100,0,24.497515527950323,10.00000000000003,0.04466157655788796,0.0,9.544,True,True,True,False,2356.6480737855304,0.0,0.0,17.575020116578024,0.0,478.35570192137857,2852.578795823487
2026-03-02T21:45:00Z,2026-03-02T22:00:00Z,2026-03-02,2026-03-02_92,0.0,0,100,0,10.00000000000003,12.314194285714317,0.0064283174603174615,0.0,2.5154285714285716,True,True,True,False,0.0,0.0,0.0,17.575020116578024,0.0,-103.30076692526167,-85.72574680868365
2026-03-02T22:00:00Z,2026-03-02T22:15:00Z,2026-03-03,2026-03-02_93,-11.0,100,89,0,12.314194285714317,14.791016854658416,0.008185273181504485,0.24285714285714283,0.22428,True,True,True,False,-272.8,0.0,95.46417641057836,28.757553166444325,31.37879900449546,-13.207052436631876,-130.40652385511373
2026-03-02T22:15:00Z,2026-03-02T22:30:00Z,2026-03-03,2026-03-02_94,-11.0,100,89,0,14.791016854658416,12.136901813664627,0.018719383685300205,4.854857142857143,0.004068571428571428,True,True,True,False,-257.45500000000004,0.0,95.46417641057836,28.757553166444325,949.850723646596,-0.3192789318505398,816.2981742917681
2026-03-02T22:30:00Z,2026-03-02T22:45:00Z,2026-03-03,2026-03-02_95,-11.0,100,89,0,12.136901813664627,23.311090385093202,0.031039412698412705,0.0,9.395857142857144,True,True,True,False,-253.605,0.0,95.46417641057836,28.757553166444325,0.0,705.9925249436666,576.6092545206893
2026-03-02T22:45:00Z,2026-03-02T23:00:00Z,2026-03-03,2026-03-02_96,-11.0,100,89,0,23.311090385093202,37.40582158509321,0.03915203111111112,0.0,12.57036,True,True,True,False,-253.63250000000002,0.0,95.46417641057836,28.757553166444325,0.0,698.1171328415602,568.7063624185829
2026-03-02T23:00:00Z,2026-03-02T23:15:00Z,2026-03-03,2026-03-03_1,-49.999999999999986,50,0,50,37.40582158509321,48.8911015850932,0.03190355555555555,0.016,0.0,True,True,True,False,-1241.8749999999995,511.3101310523424,46.922820371968925,0.0,1.8802479792827436,0.0,-681.7618005964055
2026-03-02T23:15:00Z,2026-03-02T23:30:00Z,2026-03-03,2026-03-03_2,-49.999999999999986,50,0,50,48.8911015850932,60.3911015850932,0.031944444444444435,0.0,0.0,True,True,True,False,-1173.6249999999998,511.3101310523424,46.922820371968925,0.0,0.0,0.0,-615.3920485756885
2026-03-02T23:30:00Z,2026-03-02T23:45:00Z,2026-03-03,2026-03-03_3,-49.999999999999986,50,0,50,60.3911015850932,71.74337587080748,0.031534095238095236,0.1605714285714286,0.0,True,True,True,False,-1154.6249999999998,511.3101310523424,46.922820371968925,0.0,22.239199560543046,0.0,-574.1528490151454
2026-03-02T23:45:00Z,2026-03-03T00:00:00Z,2026-03-03,2026-03-03_4,-49.999999999999986,50,0,50,71.74337587080748,83.22918158509319,0.03190501587301586,0.015428571428571429,0.0,True,True,True,False,-1151.4999999999998,511.3101310523424,46.922820371968925,0.0,2.101209067162924,0.0,-591.1658395085256
2026-03-03T00:00:00Z,2026-03-03T00:15:00Z,2026-03-03,2026-03-03_5,0.0,0,0,100,83.22918158509319,83.22918158509319,0.0,0.0,0.0,True,True,True,False,0.0,1022.6202621046848,0.0,0.0,0.0,0.0,1022.6202621046848
2026-03-03T00:15:00Z,2026-03-03T00:30:00Z,2026-03-03,2026-03-03_6,0.0,0,0,100,83.22918158509319,83.22918158509319,0.0,0.0,0.0,True,True,True,False,0.0,1022.6202621046848,0.0,0.0,0.0,0.0,1022.6202621046848
2026-03-03T00:30:00Z,2026-03-03T00:45:00Z,2026-03-03,2026-03-03_7,0.0,0,0,100,83.22918158509319,83.22918158509319,0.0,0.0,0.0,True,True,True,False,0.0,1022.6202621046848,0.0,0.0,0.0,0.0,1022.6202621046848
2026-03-03T00:45:00Z,2026-03-03T01:00:00Z,2026-03-03,2026-03-03_8,0.0,0,0,100,83.22918158509319,83.22918158509319,0.0,0.0,0.0,True,True,True,False,0.0,1022.6202621046848,0.0,0.0,0.0,0.0,1022.6202621046848
2026-03-03T01:00:00Z,2026-03-03T01:15:00Z,2026-03-03,2026-03-03_9,0.0,100,100,0,83.22918158509319,85.82664046708076,0.007218614216701174,0.0005714285714285715,2.8240000000000003,True,True,True,False,0.0,0.0,91.66797457427606,39.69826571450993,0.06715171354581227,-141.6886541630699,-10.255262160738113
2026-03-03T01:15:00Z,2026-03-03T01:30:00Z,2026-03-03,2026-03-03_10,0.0,100,100,0,85.82664046708076,94.38297537391306,0.023774498274672182,0.001142857142857143,9.301714285714285,True,True,True,False,0.0,0.0,91.66797457427606,39.69826571450993,0.13430342709162454,208.832354570016,340.33289828589363
2026-03-03T01:30:00Z,2026-03-03T01:45:00Z,2026-03-03,2026-03-03_11,0.0,100,100,0,94.38297537391306,102.46740965962734,0.022456761904761906,0.0,8.78742857142857,True,True,True,False,0.0,0.0,91.66797457427606,39.69826571450993,0.0,-13.00564253763971,118.36059775114627
2026-03-03T01:45:00Z,2026-03-03T02:00:00Z,2026-03-03,2026-03-03_12,0.0,100,100,0,102.46740965962734,109.72910108819876,0.02017136507936508,0.0,7.893142857142857,True,True,True,False,0.0,0.0,91.66797457427606,39.69826571450993,0.0,188.17678725574825,319.54302754453425
2026-03-03T02:00:00Z,2026-03-03T02:15:00Z,2026-03-03,2026-03-03_13,0.0,100,100,0,109.72910108819876,125.22242680248448,0.04303701587301588,0.0,16.84057142857143,True,True,True,False,0.0,0.0,91.63854665306444,39.69826571450993,0.0,2617.553818342844,2748.8906307104185
2026-03-03T02:15:00Z,2026-03-03T02:30:00Z,2026-03-03,2026-03-03_14,0.0,100,100,0,125.22242680248448,132.18656394534162,0.0193448253968254,0.0,7.569714285714285,True,True,True,False,0.0,0.0,91.63854665306444,39.69826571450993,0.0,-26.03481541686752,105.30199695070685
2026-03-03T02:30:00Z,2026-03-03T02:45:00Z,2026-03-03,2026-03-03_15,0.0,100,100,0,132.18656394534162,134.5344039453416,0.006521777777777778,0.0,2.552,True,True,True,False,0.0,0.0,91.63854665306444,39.69826571450993,0.0,-125.66742525308014,5.669387114494228
2026-03-03T02:45:00Z,2026-03-03T03:00:00Z,2026-03-03,2026-03-03_16,0.0,100,100,0,134.5344039453416,135.51369338633538,0.0032378467908902695,0.08571428571428572,1.1657142857142857,True,True,True,False,0.0,0.0,91.63854665306444,39.69826571450993,10.96724812502102,-54.91586417192632,87.38819632066907
2026-03-03T03:00:00Z,2026-03-03T03:15:00Z,2026-03-03,2026-03-03_17,0.0,0,0,100,135.51369338633538,135.51369338633538,0.0,0.0,0.0,True,True,True,False,0.0,1022.6202621046848,0.0,0.0,0.0,0.0,1022.6202621046848
2026-03-03T03:15:00Z,2026-03-03T03:30:00Z,2026-03-03,2026-03-03_18,0.0,0,0,100,135.51369338633538,135.51369338633538,0.0,0.0,0.0,True,True,True,False,0.0,1022.6202621046848,0.0,0.0,0.0,0.0,1022.6202621046848
2026-03-03T03:30:00Z,2026-03-03T03:45:00Z,2026-03-03,2026-03-03_19,0.0,0,0,100,135.51369338633538,135.51369338633538,0.0,0.0,0.0,True,True,True,False,0.0,1022.6202621046848,0.0,0.0,0.0,0.0,1022.6202621046848
2026-03-03T03:45:00Z,2026-03-03T04:00:00Z,2026-03-03,2026-03-03_20,0.0,0,0,100,135.51369338633538,135.51369338633538,0.0,0.0,0.0,True,True,True,False,0.0,1022.6202621046848,0.0,0.0,0.0,0.0,1022.6202621046848
2026-03-03T04:00:00Z,2026-03-03T04:15:00Z,2026-03-03,2026-03-03_21,0.0,0,0,100,135.51369338633538,135.51369338633538,0.0,0.0,0.0,True,True,True,False,0.0,1022.6202621046848,0.0,0.0,0.0,0.0,1022.6202621046848
2026-03-03T04:15:00Z,2026-03-03T04:30:00Z,2026-03-03,2026-03-03_22,0.0,0,0,100,135.51369338633538,135.51369338633538,0.0,0.0,0.0,True,True,True,False,0.0,1022.6202621046848,0.0,0.0,0.0,0.0,1022.6202621046848
2026-03-03T04:30:00Z,2026-03-03T04:45:00Z,2026-03-03,2026-03-03_23,0.0,0,0,100,135.51369338633538,135.51369338633538,0.0,0.0,0.0,True,True,True,False,0.0,1022.6202621046848,0.0,0.0,0.0,0.0,1022.6202621046848
2026-03-03T04:45:00Z,2026-03-03T05:00:00Z,2026-03-03,2026-03-03_24,0.0,0,0,100,135.51369338633538,135.51369338633538,0.0,0.0,0.0,True,True,True,False,0.0,1022.6202621046848,0.0,0.0,0.0,0.0,1022.6202621046848
2026-03-03T05:00:00Z,2026-03-03T05:15:00Z,2026-03-03,2026-03-03_25,0.0,0,100,0,135.51369338633538,145.16055052919253,0.026796825396825406,0.0,10.485714285714288,True,True,True,False,0.0,0.0,0.0,13.772267127050146,0.0,4813.661214560376,4827.433481687426
2026-03-03T05:15:00Z,2026-03-03T05:30:00Z,2026-03-03,2026-03-03_26,0.0,0,100,0,145.16055052919253,145.33088195776395,0.00047314285714285725,0.0,0.18514285714285716,True,True,True,False,0.0,0.0,0.0,13.772267127050146,0.0,-12.963414311498754,0.8088528155513917
2026-03-03T05:30:00Z,2026-03-03T05:45:00Z,2026-03-03,2026-03-03_27,100.0,0,100,0,145.33088195776395,129.34144096397512,0.04441511387163561,0.0,10.289714285714286,True,True,True,False,3378.4999999999995,0.0,0.0,13.772267127050146,0.0,220.91434378538358,3613.1866109124335
2026-03-03T05:45:00Z,2026-03-03T06:00:00Z,2026-03-03,2026-03-03_28,100.0,0,100,0,129.34144096397512,107.28988816894406,0.06125431331953071,0.0,4.712571428571429,True,True,True,False,4587.0,0.0,0.0,13.772267127050146,0.0,93.04860046412036,4693.82086759117
2026-03-03T06:00:00Z,2026-03-03T06:15:00Z,2026-03-03,2026-03-03_29,100.0,0,100,0,107.28988816894406,92.04268319999997,0.04235334713595582,0.0,10.97257142857143,True,True,True,False,4256.25,0.0,0.0,13.801695048261791,0.0,138.47888005739844,4408.53057510566
2026-03-03T06:15:00Z,2026-03-03T06:30:00Z,2026-03-03,2026-03-03_30,100.0,0,100,0,92.04268319999997,69.33895649192544,0.06306590752242926,0.0,4.112571428571429,True,True,True,False,4106.25,0.0,0.0,13.801695048261791,0.0,-77.09982208719634,4042.9518729610654
2026-03-03T06:30:00Z,2026-03-03T06:45:00Z,2026-03-03,2026-03-03_31,100.0,0,100,0,69.33895649192544,60.154484442236004,0.02551242236024845,0.0,16.550285714285714,True,True,True,False,4021.0,0.0,0.0,13.801695048261791,0.0,1777.041958498223,5811.843653546485
2026-03-03T06:45:00Z,2026-03-03T07:00:00Z,2026-03-03,2026-03-03_32,100.0,0,100,0,60.154484442236004,47.47498133664594,0.035220841959972396,0.0,13.334857142857143,True,True,True,False,3323.25,0.0,0.0,13.801695048261791,0.0,1195.6321942579118,4532.683889306174
2026-03-03T07:00:00Z,2026-03-03T07:15:00Z,2026-03-03,2026-03-03_33,100.0,0,100,0,47.47498133664594,27.291751522981343,0.056064527260179436,0.0,6.4314285714285715,True,True,True,False,4858.5,0.0,0.0,16.862198854272936,0.0,672.0295254537506,5547.391724308023
2026-03-03T07:15:00Z,2026-03-03T07:30:00Z,2026-03-03,2026-03-03_34,74.21443661198997,0,100,0,27.291751522981343,9.999999999999972,0.05166259557297339,0.0,2.7542857142857144,True,True,True,False,2547.0394645234956,0.0,0.0,16.862198854272936,0.0,-133.05428414479658,2430.847379232972
2026-03-03T07:30:00Z,2026-03-03T07:45:00Z,2026-03-03,2026-03-03_35,16.256098234754795,0,100,0,9.999999999999972,10.14779977142853,0.020220220523131972,0.0,4.82,True,True,True,False,478.5795320311812,0.0,0.0,16.862198854272936,0.0,187.85347641842583,683.2952073038799
2026-03-03T07:45:00Z,2026-03-03T08:00:00Z,2026-03-03,2026-03-03_36,-7.723290606088045e-15,0,100,0,10.14779977142853,31.12222262857139,0.05826228571428572,0.0,22.79828571428571,True,True,True,False,-1.7701782069153801e-13,0.0,0.0,16.862198854272936,0.0,9697.085248932186,9713.947447786459
2026-03-03T08:00:00Z,2026-03-03T08:15:00Z,2026-03-03,2026-03-03_37,35.99999999999993,64,100,0,31.12222262857139,27.28496894409936,0.031468912298136614,0.2666057142857143,6.361714285714286,True,True,True,False,1160.9999999999977,0.0,53.4316879855607,16.509063799733187,34.91111132834834,1239.9302149079049,2505.7820780215447
2026-03-03T08:15:00Z,2026-03-03T08:30:00Z,2026-03-03,2026-03-03_38,0.0,64,100,0,27.28496894409936,32.47219180124222,0.014408952380952383,0.0,5.638285714285715,True,True,True,False,0.0,0.0,53.4316879855607,16.509063799733187,0.0,166.76038598221996,236.70113776751384
2026-03-03T08:30:00Z,2026-03-03T08:45:00Z,2026-03-03,2026-03-03_39,0.0,64,100,0,32.47219180124222,43.983757515527934,0.03197657142857143,0.0,12.512571428571428,True,True,True,False,0.0,0.0,53.4316879855607,16.509063799733187,0.0,613.5558989248999,683.4966507101938
2026-03-03T08:45:00Z,2026-03-03T09:00:00Z,2026-03-03,2026-03-03_40,0.0,64,100,0,43.983757515527934,64.3478260869565,0.05656685714285714,0.0,22.134857142857143,True,True,True,False,0.0,0.0,53.4316879855607,16.509063799733187,0.0,10686.86032309055,10756.801074875844
2026-03-03T09:00:00Z,2026-03-03T09:15:00Z,2026-03-03,2026-03-03_41,0.0,0,0,100,64.3478260869565,64.3478260869565,0.0,0.0,0.0,True,False,True,False,0.0,1022.6202621046848,0.0,0.0,0.0,0.0,1022.6202621046848
2026-03-03T09:15:00Z,2026-03-03T09:30:00Z,2026-03-03,2026-03-03_42,0.0,0,0,100,64.3478260869565,64.3478260869565,0.0,0.0,0.0,True,False,True,False,0.0,1022.6202621046848,0.0,0.0,0.0,0.0,1022.6202621046848
2026-03-03T09:30:00Z,2026-03-03T09:45:00Z,2026-03-03,2026-03-03_43,0.0,0,0,100,64.3478260869565,64.3478260869565,0.0,0.0,0.0,True,False,True,False,0.0,1022.6202621046848,0.0,0.0,0.0,0.0,1022.6202621046848
2026-03-03T09:45:00Z,2026-03-03T10:00:00Z,2026-03-03,2026-03-03_44,0.0,0,0,100,64.3478260869565,64.3478260869565,0.0,0.0,0.0,True,False,True,False,0.0,1022.6202621046848,0.0,0.0,0.0,0.0,1022.6202621046848
2026-03-03T10:00:00Z,2026-03-03T10:15:00Z,2026-03-03,2026-03-03_45,0.0,100,100,0,64.3478260869565,85.4342260869565,0.058573333333333324,0.0,22.919999999999998,True,True,True,False,0.0,0.0,88.69575453189987,17.0976222239661,0.0,6325.082735619555,6430.876112375421
2026-03-03T10:15:00Z,2026-03-03T10:30:00Z,2026-03-03,2026-03-03_46,0.0,100,100,0,85.4342260869565,100.33770037267078,0.04139853968253968,0.0,16.19942857142857,True,True,True,False,0.0,0.0,88.69575453189987,17.0976222239661,0.0,1720.262868577706,1826.056245333572
2026-03-03T10:30:00Z,2026-03-03T10:45:00Z,2026-03-03,2026-03-03_47,0.0,100,100,0,100.33770037267078,116.98759751552792,0.04624971428571428,0.0,18.097714285714286,True,True,True,False,0.0,0.0,88.69575453189987,17.0976222239661,0.0,2775.207723456015,2881.0011002118813
2026-03-03T10:45:00Z,2026-03-03T11:00:00Z,2026-03-03,2026-03-03_48,0.0,100,100,0,116.98759751552792,126.89573465838507,0.02752260317460318,0.0,10.769714285714286,True,True,True,False,0.0,0.0,88.69575453189987,17.0976222239661,0.0,941.2491954126075,1047.0425721684735
2026-03-03T11:00:00Z,2026-03-03T11:15:00Z,2026-03-03,2026-03-03_49,-2.0000000000000036,0,0,98,126.89573465838507,127.35573465838507,0.0012777777777777802,0.0,0.0,True,False,True,False,-23.730000000000043,1002.1678568625911,0.0,0.0,0.0,0.0,978.437856862591
2026-03-03T11:15:00Z,2026-03-03T11:30:00Z,2026-03-03,2026-03-03_50,-2.0,0,0,98,127.35573465838507,127.81573465838507,0.0012777777777777779,0.0,0.0,True,False,True,False,-17.71,1002.1678568625911,0.0,0.0,0.0,0.0,984.457856862591
2026-03-03T11:30:00Z,2026-03-03T11:45:00Z,2026-03-03,2026-03-03_51,-2.0,0,0,98,127.81573465838507,128.27573465838506,0.0012777777777777779,0.0,0.0,True,False,True,False,-12.98,1002.1678568625911,0.0,0.0,0.0,0.0,989.187856862591
2026-03-03T11:45:00Z,2026-03-03T12:00:00Z,2026-03-03,2026-03-03_52,-2.0,0,0,98,128.27573465838506,128.73573465838507,0.0012777777777777779,0.0,0.0,True,False,True,False,-11.4,1002.1678568625911,0.0,0.0,0.0,0.0,990.7678568625911
2026-03-03T12:00:00Z,2026-03-03T12:15:00Z,2026-03-03,2026-03-03_53,-33.0,33,0,67,128.73573465838507,136.32573465838507,0.021083333333333336,0.0,0.0,True,True,True,False,-191.9775,685.1555756101387,28.910284077532765,0.0,0.0,0.0,522.0883596876715
2026-03-03T12:15:00Z,2026-03-03T12:30:00Z,2026-03-03,2026-03-03_54,-33.0,33,0,67,136.32573465838507,143.8933550012422,0.021021167619047623,0.024325714285714284,0.0,True,True,True,False,-206.74499999999998,685.1555756101387,28.910284077532765,0.0,2.826019765473481,0.0,510.146879453145
2026-03-03T12:30:00Z,2026-03-03T12:45:00Z,2026-03-03,2026-03-03_55,-33.0,33,0,67,143.8933550012422,151.47901785838505,0.021071285714285716,0.004714285714285714,0.0,True,True,True,False,-349.63500000000005,685.1555756101387,28.910284077532765,0.0,0.5456777390388,0.0,364.97653742671025
2026-03-03T12:45:00Z,2026-03-03T13:00:00Z,2026-03-03,2026-03-03_56,-33.0,33,0,67,151.47901785838505,159.06901785838505,0.021083333333333332,0.0,0.0,True,True,True,False,-492.9375,685.1555756101387,28.910284077532765,0.0,0.0,0.0,221.1283596876715
2026-03-03T13:00:00Z,2026-03-03T13:15:00Z,2026-03-03,2026-03-03_57,0.0,100,100,0,159.06901785838505,170.47754357267075,0.03169034920634921,0.0,12.400571428571428,True,True,True,False,0.0,0.0,88.04834026524367,17.627324805775718,0.0,1214.08435376285,1319.7600188338695
2026-03-03T13:15:00Z,2026-03-03T13:30:00Z,2026-03-03,2026-03-03_58,0.0,100,100,0,170.47754357267075,184.35377214409934,0.038545079365079365,0.0,15.082857142857142,True,True,True,False,0.0,0.0,88.04834026524367,17.627324805775718,0.0,10606.208802591898,10711.884467662918
2026-03-03T13:30:00Z,2026-03-03T13:45:00Z,2026-03-03,2026-03-03_59,0.0,100,100,0,184.35377214409934,184.36602257888194,0.004896002760524499,0.8051428571428573,0.9645714285714285,True,True,True,False,0.0,0.0,88.04834026524367,17.627324805775718,70.92308382193026,-48.01587067409558,128.58287821885406
2026-03-03T13:45:00Z,2026-03-03T14:00:00Z,2026-03-03,2026-03-03_60,0.0,100,100,0,184.36602257888194,183.72568369689435,0.0024241794340924775,0.696,0.12628571428571428,True,True,True,False,0.0,0.0,88.04834026524367,17.627324805775718,61.30895393549399,-6.958002937186802,160.02661606932656
2026-03-03T14:00:00Z,2026-03-03T14:15:00Z,2026-03-03,2026-03-03_61,-69.0,100,31,0,183.72568369689435,189.70115654161486,0.035677762732919255,10.192,0.010451428571428572,True,True,True,False,-1135.9125,0.0,91.13827199246646,5.227281644824609,2433.7229098328494,-0.6544670956603625,1393.5214963744802
2026-03-03T14:15:00Z,2026-03-03T14:30:00Z,2026-03-03,2026-03-03_62,-69.00000000000081,100,31,0,189.70115654161486,189.8975567801244,0.030738999972394546,16.129142857142856,0.0,True,True,True,False,-1442.617500000017,0.0,91.13827199246646,5.227281644824609,4470.448315601842,0.0,3124.1963692391164
2026-03-03T14:30:00Z,2026-03-03T14:45:00Z,2026-03-03,2026-03-03_63,-8.176527992948268,100,31,0,189.8975567801244,174.858573863354,0.04563478252099785,15.764,0.0,True,True,True,False,-196.543291630494,0.0,91.13827199246646,5.227281644824609,4458.408177823119,0.0,4358.230439829917
2026-03-03T14:45:00Z,2026-03-03T15:00:00Z,2026-03-03,2026-03-03_64,0.0,100,31,0,174.858573863354,172.66246857142855,0.009355194064872325,2.5594285714285716,0.6368285714285714,True,True,True,False,0.0,0.0,91.13827199246646,5.227281644824609,424.2288507976369,76.29299238797772,596.8873968229057
2026-03-03T15:00:00Z,2026-03-03T15:15:00Z,2026-03-03,2026-03-03_65,0.0,100,100,0,172.66246857142855,187.30466285714283,0.04067276190476191,0.0,15.915428571428572,True,True,True,False,0.0,0.0,105.41081378011457,13.7428392058385,0.0,2572.2594840865013,2691.4131370724544
2026-03-03T15:15:00Z,2026-03-03T15:30:00Z,2026-03-03,2026-03-03_66,0.0,100,100,0,187.30466285714283,187.24968944099376,0.01512679917184265,2.5302857142857142,2.9297142857142857,True,True,True,False,0.0,0.0,105.41081378011457,13.7428392058385,530.8372834385265,-19.930701673748054,630.0602347507315
2026-03-03T15:30:00Z,2026-03-03T15:45:00Z,2026-03-03,2026-03-03_67,0.0,100,100,0,187.24968944099376,174.19068322981363,0.03627501725327812,12.014285714285714,0.0,True,True,True,False,0.0,0.0,105.41081378011457,13.7428392058385,3738.002743803321,0.0,3857.1563967892744
2026-03-03T15:45:00Z,2026-03-03T16:00:00Z,2026-03-03,2026-03-03_68,0.0,100,100,0,174.19068322981363,167.6509316770186,0.018165976535541754,6.016571428571429,0.0,True,True,True,False,0.0,0.0,105.41081378011457,13.7428392058385,1224.9091170502572,0.0,1344.0627700362104
2026-03-03T16:00:00Z,2026-03-03T16:15:00Z,2026-03-03,2026-03-03_69,-97.16986227383201,0,0,0,167.6509316770186,189.99999999999997,0.062080745341614896,0.0,0.0,True,True,True,False,-3374.2234674588167,0.0,0.0,0.0,0.0,0.0,-3374.2234674588167
2026-03-03T16:15:00Z,2026-03-03T16:30:00Z,2026-03-03,2026-03-03_70,100.0,0,0,0,189.99999999999997,162.82608695652175,0.07548309178743962,0.0,0.0,True,True,True,False,6493.75,0.0,0.0,0.0,0.0,0.0,6493.75
2026-03-03T16:30:00Z,2026-03-03T16:45:00Z,2026-03-03,2026-03-03_71,-100.0,0,0,0,162.82608695652175,185.82608695652175,0.06388888888888888,0.0,0.0,True,True,True,False,-4032.25,0.0,0.0,0.0,0.0,0.0,-4032.25
2026-03-03T16:45:00Z,2026-03-03T17:00:00Z,2026-03-03,2026-03-03_72,100.0,0,0,0,185.82608695652175,158.6521739130435,0.07548309178743962,0.0,0.0,True,True,True,False,6001.5,0.0,0.0,0.0,0.0,0.0,6001.5
2026-03-03T17:00:00Z,2026-03-03T17:15:00Z,2026-03-03,2026-03-03_73,100.0,0,100,0,158.6521739130435,131.98509316770188,0.0740752242926156,0.0,0.4662857142857142,True,True,True,False,5397.5,0.0,0.0,13.7428392058385,0.0,-24.54769430835977,5386.695144897479
2026-03-03T17:15:00Z,2026-03-03T17:30:00Z,2026-03-03,2026-03-03_74,100.0,0,100,0,131.98509316770188,114.75900621118014,0.04785024154589372,0.0,9.152,True,True,True,False,5558.25,0.0,0.0,13.7428392058385,0.0,98.68941379580947,5670.682253001648
2026-03-03T17:30:00Z,2026-03-03T17:45:00Z,2026-03-03,2026-03-03_75,100.0,0,100,0,114.75900621118014,98.68757763975157,0.04464285714285714,0.0,10.214285714285715,True,True,True,False,5381.75,0.0,0.0,13.7428392058385,0.0,66.64975728971649,5462.142596495555
2026-03-03T17:45:00Z,2026-03-03T18:00:00Z,2026-03-03,2026-03-03_76,56.49406666107301,0,100,0,98.68757763975157,83.6460213664596,0.0424618982318243,0.0,0.3057142857142857,True,True,True,False,2830.635210053063,0.0,0.0,13.7428392058385,0.0,-15.41370500330714,2828.9643442555944
2026-03-03T18:00:00Z,2026-03-03T18:15:00Z,2026-03-03,2026-03-03_77,100.0,0,100,0,83.6460213664596,58.724282236024834,0.06922705314009661,0.0,2.072,True,True,True,False,6787.0,0.0,0.0,14.390253472494702,0.0,-61.10676449815585,6740.283488974339
2026-03-03T18:15:00Z,2026-03-03T18:30:00Z,2026-03-03,2026-03-03_78,0.0,0,100,0,58.724282236024834,60.1069108074534,0.00384063492063492,0.0,1.5028571428571427,True,True,True,False,0.0,0.0,0.0,14.390253472494702,0.0,-75.07563368123675,-60.685380208742046
2026-03-03T18:30:00Z,2026-03-03T18:45:00Z,2026-03-03,2026-03-03_79,0.0,0,100,0,60.1069108074534,60.226247950310544,0.00033149206349206357,0.0,0.12971428571428573,True,True,True,False,0.0,0.0,0.0,14.390253472494702,0.0,-8.23466351274089,6.155589959753813
2026-03-03T18:45:00Z,2026-03-03T19:00:00Z,2026-03-03,2026-03-03_80,100.0,0,100,0,60.226247950310544,42.37531627329191,0.04958592132505177,0.0,8.577142857142857,True,True,True,False,5248.5,0.0,0.0,14.390253472494702,0.0,114.84877075369108,5377.739024226185
2026-03-03T19:00:00Z,2026-03-03T19:15:00Z,2026-03-03,2026-03-03_81,0.0,100,100,0,42.37531627329191,44.177122981366445,0.005777965493443755,0.128,2.109714285714286,True,True,True,False,0.0,0.0,105.67566507101938,14.360825551283057,15.137936121792357,-94.08203226421229,41.09239447988251
2026-03-03T19:15:00Z,2026-03-03T19:30:00Z,2026-03-03,2026-03-03_82,0.0,100,100,0,44.177122981366445,57.24900869565216,0.036310793650793656,0.0,14.208571428571428,True,True,True,False,0.0,0.0,105.67566507101938,14.360825551283057,0.0,660.0356980302912,780.0721886525937
2026-03-03T19:30:00Z,2026-03-03T19:45:00Z,2026-03-03,2026-03-03_83,0.0,100,100,0,57.24900869565216,60.42800298136645,0.008830539682539681,0.0,3.455428571428571,True,True,True,False,0.0,0.0,105.67566507101938,14.360825551283057,0.0,-72.88858196656987,47.147908655732564
2026-03-03T19:45:00Z,2026-03-03T20:00:00Z,2026-03-03,2026-03-03_84,0.0,100,100,0,60.42800298136645,64.3478260869565,0.010922904071773636,0.005714285714285714,4.267428571428571,True,True,True,False,0.0,0.0,105.67566507101938,14.360825551283057,0.6715171354581226,253.40096680530485,374.10897456306543
2026-03-03T20:00:00Z,2026-03-03T20:15:00Z,2026-03-03,2026-03-03_85,0.0,0,0,100,64.3478260869565,64.3478260869565,0.0,0.0,0.0,True,True,True,False,0.0,1022.6202621046848,0.0,0.0,0.0,0.0,1022.6202621046848
2026-03-03T20:15:00Z,2026-03-03T20:30:00Z,2026-03-03,2026-03-03_86,0.0,0,0,100,64.3478260869565,64.3478260869565,0.0,0.0,0.0,True,True,True,False,0.0,1022.6202621046848,0.0,0.0,0.0,0.0,1022.6202621046848
2026-03-03T20:30:00Z,2026-03-03T20:45:00Z,2026-03-03,2026-03-03_87,0.0,0,0,100,64.3478260869565,64.3478260869565,0.0,0.0,0.0,True,True,True,False,0.0,1022.6202621046848,0.0,0.0,0.0,0.0,1022.6202621046848
2026-03-03T20:45:00Z,2026-03-03T21:00:00Z,2026-03-03,2026-03-03_88,0.0,0,0,100,64.3478260869565,64.3478260869565,0.0,0.0,0.0,True,True,True,False,0.0,1022.6202621046848,0.0,0.0,0.0,0.0,1022.6202621046848
2026-03-03T21:00:00Z,2026-03-03T21:15:00Z,2026-03-03,2026-03-03_89,0.0,0,0,100,64.3478260869565,64.3478260869565,0.0,0.0,0.0,True,True,True,False,0.0,1022.6202621046848,0.0,0.0,0.0,0.0,1022.6202621046848
2026-03-03T21:15:00Z,2026-03-03T21:30:00Z,2026-03-03,2026-03-03_90,0.0,0,0,100,64.3478260869565,64.3478260869565,0.0,0.0,0.0,True,True,True,False,0.0,1022.6202621046848,0.0,0.0,0.0,0.0,1022.6202621046848
2026-03-03T21:30:00Z,2026-03-03T21:45:00Z,2026-03-03,2026-03-03_91,0.0,0,0,100,64.3478260869565,64.3478260869565,0.0,0.0,0.0,True,True,True,False,0.0,1022.6202621046848,0.0,0.0,0.0,0.0,1022.6202621046848
2026-03-03T21:45:00Z,2026-03-03T22:00:00Z,2026-03-03,2026-03-03_92,0.0,0,0,100,64.3478260869565,64.3478260869565,0.0,0.0,0.0,True,True,True,False,0.0,1022.6202621046848,0.0,0.0,0.0,0.0,1022.6202621046848
2026-03-03T22:00:00Z,2026-03-03T22:15:00Z,2026-03-04,2026-03-03_93,-28.00000000000017,28,0,72,64.3478260869565,70.78341008695655,0.017876622222222333,0.0048,0.0,True,True,True,False,-828.730000000005,736.1566073635277,28.29053961279693,0.0,0.640238520233028,0.0,-63.642614503447405
2026-03-03T22:15:00Z,2026-03-03T22:30:00Z,2026-03-04,2026-03-03_94,-28.000000000000238,28,0,72,70.78341008695655,77.21560848695661,0.017867217777777934,0.00848,0.0,True,True,True,False,-783.4400000000066,736.1566073635277,28.29053961279693,0.0,1.1329709813459916,0.0,-17.85988204233607
2026-03-03T22:30:00Z,2026-03-03T22:45:00Z,2026-03-04,2026-03-03_95,-28.00000000000017,28,0,72,77.21560848695661,83.60188048695665,0.017739644444444553,0.0584,0.0,True,True,True,False,-759.1500000000046,736.1566073635277,28.29053961279693,0.0,8.270780722229851,0.0,13.567927698549799
2026-03-03T22:45:00Z,2026-03-03T23:00:00Z,2026-03-04,2026-03-03_96,-28.00000000000017,28,0,72,83.60188048695665,90.02686608695669,0.017847182222222334,0.016319999999999998,0.0,True,True,True,False,-732.8300000000045,736.1566073635277,28.29053961279693,0.0,2.213624683705694,0.0,33.8307716600258
2026-03-03T23:00:00Z,2026-03-03T23:15:00Z,2026-03-04,2026-03-04_1,0.0,100,100,0,90.02686608695669,100.67100322981383,0.02956704761904762,0.0,11.569714285714285,True,True,True,False,0.0,0.0,100.12553696475157,58.40411133559562,0.0,199.51578655353399,358.0454348538812
2026-03-03T23:15:00Z,2026-03-03T23:30:00Z,2026-03-04,2026-03-04_2,0.0,100,100,0,100.67100322981383,107.47637465838527,0.018903809523809524,0.0,7.397142857142858,True,True,True,False,0.0,0.0,100.12553696475157,58.40411133559562,0.0,-149.75945996687844,8.77018833346876
2026-03-03T23:30:00Z,2026-03-03T23:45:00Z,2026-03-04,2026-03-04_3,0.0,100,100,0,107.47637465838527,117.18263751552813,0.026961841269841275,0.0,10.550285714285716,True,True,True,False,0.0,0.0,100.12553696475157,58.40411133559562,0.0,134.36139940089728,292.8910477012445
2026-03-03T23:45:00Z,2026-03-04T00:00:00Z,2026-03-04,2026-03-04_4,0.0,100,100,0,117.18263751552813,118.8297411180126,0.006266109040717736,0.27999999999999997,2.121142857142857,True,True,True,False,0.0,0.0,100.12553696475157,58.40411133559562,41.890210078264445,-31.52984971992367,168.89000865868798
2026-03-04T00:00:00Z,2026-03-04T00:15:00Z,2026-03-04,2026-03-04_5,0.0,0,0,100,118.8297411180126,118.8297411180126,0.0,0.0,0.0,True,True,True,False,0.0,1022.439732449344,0.0,0.0,0.0,0.0,1022.439732449344
2026-03-04T00:15:00Z,2026-03-04T00:30:00Z,2026-03-04,2026-03-04_6,0.0,0,0,100,118.8297411180126,118.8297411180126,0.0,0.0,0.0,True,True,True,False,0.0,1022.439732449344,0.0,0.0,0.0,0.0,1022.439732449344
2026-03-04T00:30:00Z,2026-03-04T00:45:00Z,2026-03-04,2026-03-04_7,0.0,0,0,100,118.8297411180126,118.8297411180126,0.0,0.0,0.0,True,True,True,False,0.0,1022.439732449344,0.0,0.0,0.0,0.0,1022.439732449344
2026-03-04T00:45:00Z,2026-03-04T01:00:00Z,2026-03-04,2026-03-04_8,0.0,0,0,100,118.8297411180126,118.8297411180126,0.0,0.0,0.0,True,True,True,False,0.0,1022.439732449344,0.0,0.0,0.0,0.0,1022.439732449344
2026-03-04T01:00:00Z,2026-03-04T01:15:00Z,2026-03-04,2026-03-04_9,0.0,0,0,100,118.8297411180126,118.8297411180126,0.0,0.0,0.0,True,True,True,False,0.0,1022.439732449344,0.0,0.0,0.0,0.0,1022.439732449344
2026-03-04T01:15:00Z,2026-03-04T01:30:00Z,2026-03-04,2026-03-04_10,0.0,0,0,100,118.8297411180126,118.8297411180126,0.0,0.0,0.0,True,True,True,False,0.0,1022.439732449344,0.0,0.0,0.0,0.0,1022.439732449344
2026-03-04T01:30:00Z,2026-03-04T01:45:00Z,2026-03-04,2026-03-04_11,0.0,0,0,100,118.8297411180126,118.8297411180126,0.0,0.0,0.0,True,True,True,False,0.0,1022.439732449344,0.0,0.0,0.0,0.0,1022.439732449344
2026-03-04T01:45:00Z,2026-03-04T02:00:00Z,2026-03-04,2026-03-04_12,0.0,0,0,100,118.8297411180126,118.8297411180126,0.0,0.0,0.0,True,True,True,False,0.0,1022.439732449344,0.0,0.0,0.0,0.0,1022.439732449344
2026-03-04T02:00:00Z,2026-03-04T02:15:00Z,2026-03-04,2026-03-04_13,0.0,0,0,100,118.8297411180126,118.8297411180126,0.0,0.0,0.0,True,True,True,False,0.0,1022.439732449344,0.0,0.0,0.0,0.0,1022.439732449344
2026-03-04T02:15:00Z,2026-03-04T02:30:00Z,2026-03-04,2026-03-04_14,0.0,0,0,100,118.8297411180126,118.8297411180126,0.0,0.0,0.0,True,True,True,False,0.0,1022.439732449344,0.0,0.0,0.0,0.0,1022.439732449344
2026-03-04T02:30:00Z,2026-03-04T02:45:00Z,2026-03-04,2026-03-04_15,0.0,0,0,100,118.8297411180126,118.8297411180126,0.0,0.0,0.0,True,True,True,False,0.0,1022.439732449344,0.0,0.0,0.0,0.0,1022.439732449344
2026-03-04T02:45:00Z,2026-03-04T03:00:00Z,2026-03-04,2026-03-04_16,0.0,0,0,100,118.8297411180126,118.8297411180126,0.0,0.0,0.0,True,True,True,False,0.0,1022.439732449344,0.0,0.0,0.0,0.0,1022.439732449344
2026-03-04T03:00:00Z,2026-03-04T03:15:00Z,2026-03-04,2026-03-04_17,0.0,0,0,100,118.8297411180126,118.8297411180126,0.0,0.0,0.0,True,True,True,False,0.0,1022.439732449344,0.0,0.0,0.0,0.0,1022.439732449344
2026-03-04T03:15:00Z,2026-03-04T03:30:00Z,2026-03-04,2026-03-04_18,0.0,0,0,100,118.8297411180126,118.8297411180126,0.0,0.0,0.0,True,True,True,False,0.0,1022.439732449344,0.0,0.0,0.0,0.0,1022.439732449344
2026-03-04T03:30:00Z,2026-03-04T03:45:00Z,2026-03-04,2026-03-04_19,0.0,0,0,100,118.8297411180126,118.8297411180126,0.0,0.0,0.0,True,True,True,False,0.0,1022.439732449344,0.0,0.0,0.0,0.0,1022.439732449344
2026-03-04T03:45:00Z,2026-03-04T04:00:00Z,2026-03-04,2026-03-04_20,0.0,0,0,100,118.8297411180126,118.8297411180126,0.0,0.0,0.0,True,True,True,False,0.0,1022.439732449344,0.0,0.0,0.0,0.0,1022.439732449344
2026-03-04T04:00:00Z,2026-03-04T04:15:00Z,2026-03-04,2026-03-04_21,0.0,0,0,100,118.8297411180126,118.8297411180126,0.0,0.0,0.0,True,True,True,False,0.0,1022.439732449344,0.0,0.0,0.0,0.0,1022.439732449344
2026-03-04T04:15:00Z,2026-03-04T04:30:00Z,2026-03-04,2026-03-04_22,0.0,0,0,100,118.8297411180126,118.8297411180126,0.0,0.0,0.0,True,True,True,False,0.0,1022.439732449344,0.0,0.0,0.0,0.0,1022.439732449344
2026-03-04T04:30:00Z,2026-03-04T04:45:00Z,2026-03-04,2026-03-04_23,0.0,0,0,100,118.8297411180126,118.8297411180126,0.0,0.0,0.0,True,True,True,False,0.0,1022.439732449344,0.0,0.0,0.0,0.0,1022.439732449344
2026-03-04T04:45:00Z,2026-03-04T05:00:00Z,2026-03-04,2026-03-04_24,0.0,0,0,100,118.8297411180126,118.8297411180126,0.0,0.0,0.0,True,True,True,False,0.0,1022.439732449344,0.0,0.0,0.0,0.0,1022.439732449344
2026-03-04T05:00:00Z,2026-03-04T05:15:00Z,2026-03-04,2026-03-04_25,1.9120056991211174,0,100,0,118.8297411180126,118.84562583850929,0.002863639874117474,0.0,0.58,True,True,True,False,69.21460630818446,0.0,0.0,12.68119495498323,0.0,-31.668766795472827,50.227034467694864
2026-03-04T05:15:00Z,2026-03-04T05:30:00Z,2026-03-04,2026-03-04_26,0.0,0,100,0,118.84562583850929,118.85403726708073,2.336507936507937e-05,0.0,0.009142857142857144,True,True,True,False,0.0,0.0,0.0,12.68119495498323,0.0,-0.7173540842947094,11.96384087068852
2026-03-04T05:30:00Z,2026-03-04T05:45:00Z,2026-03-04,2026-03-04_27,100.0,0,100,0,118.85403726708073,97.11552795031054,0.060384748102139396,0.0,5.000571428571429,True,True,True,False,5610.5,0.0,0.0,12.68119495498323,0.0,-28.049928628872948,5595.131266326111
2026-03-04T05:45:00Z,2026-03-04T06:00:00Z,2026-03-04,2026-03-04_28,100.00000000000003,0,100,0,97.11552795031054,91.52173913043475,0.015538302277432733,0.0,19.853714285714286,True,True,True,False,7964.250000000002,0.0,0.0,12.68119495498323,0.0,1751.7813675122666,9728.712562467252
2026-03-04T06:00:00Z,2026-03-04T06:15:00Z,2026-03-04,2026-03-04_29,100.0,0,0,0,91.52173913043475,64.3478260869565,0.0754830917874396,0.0,0.0,True,False,True,False,7835.250000000001,0.0,0.0,0.0,0.0,0.0,7835.250000000001
2026-03-04T06:15:00Z,2026-03-04T06:30:00Z,2026-03-04,2026-03-04_30,100.0,0,0,0,64.3478260869565,37.173913043478244,0.0754830917874396,0.0,0.0,True,False,True,False,7847.499999999999,0.0,0.0,0.0,0.0,0.0,7847.499999999999
2026-03-04T06:30:00Z,2026-03-04T06:45:00Z,2026-03-04,2026-03-04_31,100.0,0,0,0,37.173913043478244,9.999999999999986,0.0754830917874396,0.0,0.0,True,False,True,False,5395.0,0.0,0.0,0.0,0.0,0.0,5395.0
2026-03-04T06:45:00Z,2026-03-04T07:00:00Z,2026-03-04,2026-03-04_32,-2.3629489602996663,0,0,0,9.999999999999986,10.543478260868909,0.001509661835747009,0.0,0.0,True,False,True,False,-63.97093572771272,0.0,0.0,0.0,0.0,0.0,-63.97093572771272
2026-03-04T07:00:00Z,2026-03-04T07:15:00Z,2026-03-04,2026-03-04_33,0.0,0,0,1,10.543478260868909,10.543478260868909,0.0,0.0,0.0,True,False,True,False,0.0,10.22439732449344,0.0,0.0,0.0,0.0,10.22439732449344
2026-03-04T07:15:00Z,2026-03-04T07:30:00Z,2026-03-04,2026-03-04_34,-3.8616453030440225e-15,0,0,1,10.543478260868909,10.543478260868909,2.4671622769447924e-18,0.0,0.0,True,False,True,False,-8.67808240726568e-14,10.22439732449344,0.0,0.0,0.0,0.0,10.224397324493353
2026-03-04T07:30:00Z,2026-03-04T07:45:00Z,2026-03-04,2026-03-04_35,-0.27690629219065566,0,0,1,10.543478260868909,10.60716670807276,0.00017691235334403002,0.0,0.0,True,False,True,False,-4.95593036448226,10.22439732449344,0.0,0.0,0.0,0.0,5.26846696001118
2026-03-04T07:45:00Z,2026-03-04T08:00:00Z,2026-03-04,2026-03-04_36,-99.00000000000118,0,0,1,10.60716670807276,33.377166708073034,0.06325000000000076,0.0,0.0,True,False,True,False,-227.4525000000027,10.22439732449344,0.0,0.0,0.0,0.0,-217.22810267550923
2026-03-04T08:00:00Z,2026-03-04T08:15:00Z,2026-03-04,2026-03-04_37,99.99999999999334,0,100,0,33.377166708073034,12.890210186335644,0.05690821256038373,0.0,6.152,True,True,True,False,2224.7499999998518,0.0,0.0,45.22273003668033,0.0,992.6608767972382,3262.6336068337705
2026-03-04T08:15:00Z,2026-03-04T08:30:00Z,2026-03-04,2026-03-04_38,0.0,0,100,0,12.890210186335644,26.661821614907076,0.0382544761904762,0.0,14.96914285714286,True,True,True,False,0.0,0.0,0.0,45.22273003668033,0.0,6331.829098907998,6377.051828944678
2026-03-04T08:30:00Z,2026-03-04T08:45:00Z,2026-03-04,2026-03-04_39,0.0,0,100,0,26.661821614907076,33.25743304347851,0.01832114285714286,0.0,7.169142857142857,True,True,True,False,0.0,0.0,0.0,45.22273003668033,0.0,725.6990556145568,770.9217856512371
2026-03-04T08:45:00Z,2026-03-04T09:00:00Z,2026-03-04,2026-03-04_40,0.0,0,100,0,33.25743304347851,49.67391304347851,0.04560133333333334,0.0,17.844,True,True,True,False,0.0,0.0,0.0,45.22273003668033,0.0,7142.363673525432,7187.5864035621125
2026-03-04T09:00:00Z,2026-03-04T09:15:00Z,2026-03-04,2026-03-04_41,-27.0,0,0,73,49.67391304347851,55.88391304347851,0.01725,0.0,0.0,True,False,True,False,-62.099999999999994,746.3810046880211,0.0,0.0,0.0,0.0,684.2810046880211
2026-03-04T09:15:00Z,2026-03-04T09:30:00Z,2026-03-04,2026-03-04_42,-27.0,0,0,73,55.88391304347851,62.09391304347851,0.01725,0.0,0.0,True,False,True,False,-82.82249999999999,746.3810046880211,0.0,0.0,0.0,0.0,663.5585046880211
2026-03-04T09:30:00Z,2026-03-04T09:45:00Z,2026-03-04,2026-03-04_43,-27.0,0,0,73,62.09391304347851,68.3039130434785,0.01725,0.0,0.0,True,False,True,False,-67.5,746.3810046880211,0.0,0.0,0.0,0.0,678.8810046880211
2026-03-04T09:45:00Z,2026-03-04T10:00:00Z,2026-03-04,2026-03-04_44,-26.829421550093727,0,0,73,68.3039130434785,74.47468000000006,0.017141019323670993,0.0,0.0,True,False,True,False,-85.45170763704853,746.3810046880211,0.0,0.0,0.0,0.0,660.9292970509725
2026-03-04T10:00:00Z,2026-03-04T10:15:00Z,2026-03-04,2026-03-04_45,0.0,0,0,100,74.47468000000006,74.47468000000006,0.0,0.0,0.0,True,False,True,False,0.0,1022.439732449344,0.0,0.0,0.0,0.0,1022.439732449344
2026-03-04T10:15:00Z,2026-03-04T10:30:00Z,2026-03-04,2026-03-04_46,0.0,0,0,100,74.47468000000006,74.47468000000006,0.0,0.0,0.0,True,False,True,False,0.0,1022.439732449344,0.0,0.0,0.0,0.0,1022.439732449344
2026-03-04T10:30:00Z,2026-03-04T10:45:00Z,2026-03-04,2026-03-04_47,0.0,0,0,100,74.47468000000006,74.47468000000006,0.0,0.0,0.0,True,False,True,False,0.0,1022.439732449344,0.0,0.0,0.0,0.0,1022.439732449344
2026-03-04T10:45:00Z,2026-03-04T11:00:00Z,2026-03-04,2026-03-04_48,0.0,0,0,100,74.47468000000006,74.47468000000006,0.0,0.0,0.0,True,False,True,False,0.0,1022.439732449344,0.0,0.0,0.0,0.0,1022.439732449344
2026-03-04T11:00:00Z,2026-03-04T11:15:00Z,2026-03-04,2026-03-04_49,0.0,100,100,0,74.47468000000006,82.81356000000007,0.023163555555555555,0.0,9.064,True,True,True,False,0.0,0.0,88.68009650654166,54.37319785802554,0.0,1321.4352280261273,1464.4885223906945
2026-03-04T11:15:00Z,2026-03-04T11:30:00Z,2026-03-04,2026-03-04_50,0.0,100,100,0,82.81356000000007,94.06542285714292,0.031255174603174604,0.0,12.230285714285714,True,True,True,False,0.0,0.0,88.68009650654166,54.37319785802554,0.0,889.674658850496,1032.7279532150633
2026-03-04T11:30:00Z,2026-03-04T11:45:00Z,2026-03-04,2026-03-04_51,0.0,100,100,0,94.06542285714292,103.03463428571435,0.024914476190476192,0.0,9.749142857142857,True,True,True,False,0.0,0.0,88.68009650654166,54.37319785802554,0.0,318.1259995460494,461.1792939106166
2026-03-04T11:45:00Z,2026-03-04T12:00:00Z,2026-03-04,2026-03-04_52,0.0,100,100,0,103.03463428571435,109.59344571428578,0.018218920634920636,0.0,7.129142857142858,True,True,True,False,0.0,0.0,88.68009650654166,54.37319785802554,0.0,92.91616428529397,235.96945864986117
2026-03-04T12:00:00Z,2026-03-04T12:15:00Z,2026-03-04,2026-03-04_53,0.0,0,0,100,109.59344571428578,109.59344571428578,0.0,0.0,0.0,True,True,True,False,0.0,1022.439732449344,0.0,0.0,0.0,0.0,1022.439732449344
2026-03-04T12:15:00Z,2026-03-04T12:30:00Z,2026-03-04,2026-03-04_54,0.0,0,0,100,109.59344571428578,109.59344571428578,0.0,0.0,0.0,True,True,True,False,0.0,1022.439732449344,0.0,0.0,0.0,0.0,1022.439732449344
2026-03-04T12:30:00Z,2026-03-04T12:45:00Z,2026-03-04,2026-03-04_55,0.0,0,0,100,109.59344571428578,109.59344571428578,0.0,0.0,0.0,True,True,True,False,0.0,1022.439732449344,0.0,0.0,0.0,0.0,1022.439732449344
2026-03-04T12:45:00Z,2026-03-04T13:00:00Z,2026-03-04,2026-03-04_56,0.0,0,0,100,109.59344571428578,109.59344571428578,0.0,0.0,0.0,True,True,True,False,0.0,1022.439732449344,0.0,0.0,0.0,0.0,1022.439732449344
2026-03-04T13:00:00Z,2026-03-04T13:15:00Z,2026-03-04,2026-03-04_57,-100.0,100,0,0,109.59344571428578,130.98633714285722,0.05942469841269842,1.7468571428571427,0.0,True,True,True,False,-211.0,0.0,82.64843765324338,0.0,187.88488338792882,0.0,59.5333210411722
2026-03-04T13:15:00Z,2026-03-04T13:30:00Z,2026-03-04,2026-03-04_58,-100.0,100,0,0,130.98633714285722,153.1751600000001,0.06163561904761905,0.8817142857142857,0.0,True,True,True,False,-49.0,0.0,82.64843765324338,0.0,77.65436423093198,0.0,111.30280188417535
2026-03-04T13:30:00Z,2026-03-04T13:45:00Z,2026-03-04,2026-03-04_59,-100.0,100,0,0,153.1751600000001,172.49989142857152,0.05367980952380953,3.994857142857142,0.0,True,True,True,False,-211.0,0.0,82.64843765324338,0.0,632.1216332134941,0.0,503.77007086673746
2026-03-04T13:45:00Z,2026-03-04T14:00:00Z,2026-03-04,2026-03-04_60,-100.0,100,0,0,172.49989142857152,184.69804000000008,0.033883746031746036,11.741142857142856,0.0,True,True,True,False,-909.2499999999999,0.0,82.64843765324338,0.0,2177.808005111148,0.0,1351.2064427643913
2026-03-04T14:00:00Z,2026-03-04T14:15:00Z,2026-03-04,2026-03-04_61,9.999999999999892,87,97,3,184.69804000000008,185.82513664596283,0.018657842650103465,0.5612742857142857,4.752999999999999,True,True,True,False,187.39999999999796,30.673191973480318,85.34297091073145,43.7804280025892,113.98048299450497,147.71583001510365,608.8929038964076
2026-03-04T14:15:00Z,2026-03-04T14:30:00Z,2026-03-04,2026-03-04_62,2.201209654586123,87,97,3,185.82513664596283,188.08608982207943,0.009246593144327419,0.011434285714285715,3.1084342857142855,True,True,True,False,52.73548029974704,30.673191973480318,85.34297091073145,43.7804280025892,1.0816402312346058,-7.610575852628569,206.00313556515405
2026-03-04T14:30:00Z,2026-03-04T14:45:00Z,2026-03-04,2026-03-04_63,4.932256733275805,87,97,3,188.08608982207943,186.91841829140665,0.005026314273550518,0.15510857142857143,0.3674914285714286,True,True,True,False,132.2954562282903,30.673191973480318,85.34297091073145,43.7804280025892,20.462824776737556,-18.903091299559783,293.65178059226906
2026-03-04T14:45:00Z,2026-03-04T15:00:00Z,2026-03-04,2026-03-04_64,10.0,87,97,3,186.91841829140665,179.7477740280526,0.019923538191856452,4.097948571428572,0.0011085714285714286,True,True,True,False,342.55,30.673191973480318,85.34297091073145,43.7804280025892,850.898456141924,-0.0869791827207335,1353.1580678460043
2026-03-04T15:00:00Z,2026-03-04T15:15:00Z,2026-03-04,2026-03-04_65,0.0,16,100,0,179.7477740280526,187.52912359327,0.021689394064872324,0.012342857142857143,8.472571428571428,True,True,True,False,0.0,0.0,16.90512151585885,12.651772228869579,1.7780507808231079,737.729118691277,769.0640632168286
2026-03-04T15:15:00Z,2026-03-04T15:30:00Z,2026-03-04,2026-03-04_66,0.8640235554373397,16,100,0,187.52912359327,189.78926276475758,0.007448926783257605,0.00128,2.7091428571428566,True,True,True,False,25.50813541539886,0.0,16.90512151585885,12.651772228869579,0.15222260842274574,-25.38987790969745,29.827373858852585
2026-03-04T15:30:00Z,2026-03-04T15:45:00Z,2026-03-04,2026-03-04_67,0.03519416826211621,16,100,0,189.78926276475758,189.98485942857155,0.0006274383518641069,0.005211428571428572,0.22914285714285715,True,True,True,False,1.2556399381716512,0.0,16.90512151585885,12.651772228869579,0.6920136409362593,-14.037264190861023,17.467283132975314
2026-03-04T15:45:00Z,2026-03-04T16:00:00Z,2026-03-04,2026-03-04_68,84.0,16,100,0,189.98485942857155,167.18285714285727,0.06342300952380953,0.07817142857142857,0.10285714285714286,True,True,True,False,4405.38,0.0,16.90512151585885,12.651772228869579,11.367295042690976,-5.639741416269927,4440.664447371149
2026-03-04T16:00:00Z,2026-03-04T16:15:00Z,2026-03-04,2026-03-04_69,-99.0,0,1,0,167.18285714285727,189.97455862857157,0.06331028190476191,0.0,0.023588571428571427,True,True,True,False,-3130.1325,0.0,0.0,0.1259292677664228,0.0,-0.3747076103982716,-3130.381278342632
2026-03-04T16:15:00Z,2026-03-04T16:30:00Z,2026-03-04,2026-03-04_70,-0.012306086956493306,0,1,0,189.97455862857157,189.98253051428586,2.214412698410882e-05,0.0,0.005588571428571429,True,True,True,False,-0.5353147826074588,0.0,0.0,0.1259292677664228,0.0,-0.29759271661431297,-0.706978231455349
2026-03-04T16:30:00Z,2026-03-04T16:45:00Z,2026-03-04,2026-03-04_71,0.0,0,1,0,189.98253051428586,190.00000000000014,4.8526349206349204e-05,0.0,0.018988571428571428,True,True,True,False,0.0,0.0,0.0,0.1259292677664228,0.0,-0.8636948790445741,-0.7377656112781513
2026-03-04T16:45:00Z,2026-03-04T17:00:00Z,2026-03-04,2026-03-04_72,99.99999999999999,0,1,0,190.00000000000014,162.83722981366475,0.07545213940648723,0.0,0.010251428571428571,True,True,True,False,9489.749999999998,0.0,0.0,0.1259292677664228,0.0,-0.5230297718757968,9489.352899495889
2026-03-04T17:00:00Z,2026-03-04T17:15:00Z,2026-03-04,2026-03-04_73,100.0,0,100,0,162.83722981366475,144.6241863354039,0.05059178743961352,0.0,8.244,True,True,True,False,6393.0,0.0,0.0,12.651772228869579,0.0,-7.972170024126635,6397.679602204743
2026-03-04T17:15:00Z,2026-03-04T17:30:00Z,2026-03-04,2026-03-04_74,100.0,0,100,0,144.6241863354039,118.16331677018651,0.07350241545893718,0.0,0.656,True,True,True,False,7567.749999999999,0.0,0.0,12.651772228869579,0.0,-36.26638630077873,7544.13538592809
2026-03-04T17:30:00Z,2026-03-04T17:45:00Z,2026-03-04,2026-03-04_75,100.0,0,100,0,118.16331677018651,93.88132919254676,0.06744996549344374,0.0,2.6605714285714286,True,True,True,False,7752.249999999999,0.0,0.0,12.651772228869579,0.0,-131.89088371858423,7633.0108885102845
2026-03-04T17:45:00Z,2026-03-04T18:00:00Z,2026-03-04,2026-03-04_76,99.76610882093505,0,100,0,93.88132919254676,68.75038638509322,0.06982995203570588,0.0,1.8217142857142858,True,True,True,False,6482.552335912307,0.0,0.0,12.651772228869579,0.0,-89.39196059036,6405.812147550817
2026-03-04T18:00:00Z,2026-03-04T18:15:00Z,2026-03-04,2026-03-04_77,25.9999999999998,0,26,74,68.75038638509322,61.832125515528055,0.019217391304347683,0.0,0.1352,True,True,True,False,1965.469999999985,756.6054020125146,0.0,3.3277103234538354,0.0,-7.298933014260213,2718.104179321693
2026-03-04T18:15:00Z,2026-03-04T18:30:00Z,2026-03-04,2026-03-04_78,0.0,0,26,74,61.832125515528055,62.3455170583852,0.001426087619047619,0.0,0.5580342857142857,True,True,True,False,0.0,756.6054020125146,0.0,3.3277103234538354,0.0,8.722371097355598,768.655483433324
2026-03-04T18:30:00Z,2026-03-04T18:45:00Z,2026-03-04,2026-03-04_79,-8.654232732576283e-14,0,26,74,62.3455170583852,64.10739591552807,0.004894107936507993,0.0,1.9150857142857145,True,True,True,False,-4.7221820905302485e-12,756.6054020125146,0.0,3.3277103234538354,0.0,32.22524922730317,792.1583615632668
2026-03-04T18:45:00Z,2026-03-04T19:00:00Z,2026-03-04,2026-03-04_80,0.0,0,26,74,64.10739591552807,64.34782608695664,0.0006678615873015872,0.0,0.2613371428571428,True,True,True,False,0.0,756.6054020125146,0.0,3.3277103234538354,0.0,-13.713164335172484,746.219948000796
2026-03-04T19:00:00Z,2026-03-04T19:15:00Z,2026-03-04,2026-03-04_81,0.0,0,0,100,64.34782608695664,64.34782608695664,0.0,0.0,0.0,True,True,True,False,0.0,1022.439732449344,0.0,0.0,0.0,0.0,1022.439732449344
2026-03-04T19:15:00Z,2026-03-04T19:30:00Z,2026-03-04,2026-03-04_82,-9.947598300641403e-14,0,0,100,64.34782608695664,64.34782608695666,6.355410025409785e-17,0.0,0.0,True,True,True,False,-4.277467269275803e-12,1022.439732449344,0.0,0.0,0.0,0.0,1022.4397324493397
2026-03-04T19:30:00Z,2026-03-04T19:45:00Z,2026-03-04,2026-03-04_83,-9.947598300641403e-14,0,0,100,64.34782608695666,64.34782608695667,6.355410025409786e-17,0.0,0.0,True,True,True,False,-3.9613823332729225e-12,1022.439732449344,0.0,0.0,0.0,0.0,1022.43973244934
2026-03-04T19:45:00Z,2026-03-04T20:00:00Z,2026-03-04,2026-03-04_84,-9.947598300641403e-14,0,0,100,64.34782608695667,64.34782608695669,6.355410025409786e-17,0.0,0.0,True,True,True,False,-3.7621816773025786e-12,1022.439732449344,0.0,0.0,0.0,0.0,1022.4397324493402
2026-03-04T20:00:00Z,2026-03-04T20:15:00Z,2026-03-04,2026-03-04_85,0.0,0,0,100,64.34782608695669,64.34782608695669,0.0,0.0,0.0,True,True,True,False,0.0,1022.439732449344,0.0,0.0,0.0,0.0,1022.439732449344
2026-03-04T20:15:00Z,2026-03-04T20:30:00Z,2026-03-04,2026-03-04_86,0.0,0,0,100,64.34782608695669,64.34782608695669,0.0,0.0,0.0,True,True,True,False,0.0,1022.439732449344,0.0,0.0,0.0,0.0,1022.439732449344
2026-03-04T20:30:00Z,2026-03-04T20:45:00Z,2026-03-04,2026-03-04_87,0.0,0,0,100,64.34782608695669,64.34782608695669,0.0,0.0,0.0,True,True,True,False,0.0,1022.439732449344,0.0,0.0,0.0,0.0,1022.439732449344
2026-03-04T20:45:00Z,2026-03-04T21:00:00Z,2026-03-04,2026-03-04_88,0.0,0,0,100,64.34782608695669,64.34782608695669,0.0,0.0,0.0,True,True,True,False,0.0,1022.439732449344,0.0,0.0,0.0,0.0,1022.439732449344
2026-03-04T21:00:00Z,2026-03-04T21:15:00Z,2026-03-04,2026-03-04_89,0.0,0,0,100,64.34782608695669,64.34782608695669,0.0,0.0,0.0,True,True,True,False,0.0,1022.439732449344,0.0,0.0,0.0,0.0,1022.439732449344
2026-03-04T21:15:00Z,2026-03-04T21:30:00Z,2026-03-04,2026-03-04_90,0.0,0,0,100,64.34782608695669,64.34782608695669,0.0,0.0,0.0,True,True,True,False,0.0,1022.439732449344,0.0,0.0,0.0,0.0,1022.439732449344
2026-03-04T21:30:00Z,2026-03-04T21:45:00Z,2026-03-04,2026-03-04_91,0.0,0,0,100,64.34782608695669,64.34782608695669,0.0,0.0,0.0,True,True,True,False,0.0,1022.439732449344,0.0,0.0,0.0,0.0,1022.439732449344
2026-03-04T21:45:00Z,2026-03-04T22:00:00Z,2026-03-04,2026-03-04_92,0.0,0,0,100,64.34782608695669,64.34782608695669,0.0,0.0,0.0,True,True,True,False,0.0,1022.439732449344,0.0,0.0,0.0,0.0,1022.439732449344
2026-03-04T22:00:00Z,2026-03-04T22:15:00Z,2026-03-05,2026-03-04_93,100.0,0,100,0,64.34782608695669,43.333540372670974,0.05837301587301587,0.0,5.666857142857143,True,True,True,False,3650.25,0.0,0.0,64.25754037559607,0.0,-111.46779949146793,3603.039740884128
2026-03-04T22:15:00Z,2026-03-04T22:30:00Z,2026-03-05,2026-03-04_94,100.0,0,100,0,43.333540372670974,21.28509316770203,0.06124568668046929,0.0,4.715428571428572,True,True,True,False,3433.2500000000005,0.0,0.0,64.25754037559607,0.0,98.77240066944576,3596.2799410450425
2026-03-04T22:30:00Z,2026-03-04T22:45:00Z,2026-03-05,2026-03-04_95,100.0,0,100,0,21.28509316770203,12.623602484472217,0.024059696342305037,0.0,17.031428571428574,True,True,True,False,3098.75,0.0,0.0,64.25754037559607,0.0,1227.095729059496,4390.103269435092
2026-03-04T22:45:00Z,2026-03-04T23:00:00Z,2026-03-05,2026-03-04_96,0.4869652800766662,0,100,0,12.623602484472217,21.420530365217385,0.024885908371305693,0.0,9.697142857142858,True,True,True,False,13.760421401766395,0.0,0.0,64.25754037559607,0.0,576.2282473585207,654.2462091358831
2026-03-04T23:00:00Z,2026-03-04T23:15:00Z,2026-03-05,2026-03-05_1,11.999999999999886,88,100,0,21.420530365217385,21.86124919254661,0.016486744844720437,0.0,3.937714285714286,True,True,True,False,405.71999999999616,0.0,90.79063560901899,68.43737122000039,0.0,-102.61826073061536,462.32974609840016
2026-03-04T23:15:00Z,2026-03-04T23:30:00Z,2026-03-05,2026-03-05_2,0.0,88,100,0,21.86124919254661,26.11900919254661,0.011827111111111111,0.0,4.628,True,True,True,False,0.0,0.0,90.79063560901899,68.43737122000039,0.0,74.94128691693321,234.1692937459526
2026-03-04T23:30:00Z,2026-03-04T23:45:00Z,2026-03-05,2026-03-05_3,0.0,88,100,0,26.11900919254661,28.963123478260897,0.00790031746031746,0.0,3.091428571428571,True,True,True,False,0.0,0.0,90.79063560901899,68.43737122000039,0.0,-65.13602812344938,94.09197870557
2026-03-04T23:45:00Z,2026-03-05T00:00:00Z,2026-03-05,2026-03-05_4,0.0,88,100,0,28.963123478260897,36.470323478260894,0.02085333333333333,0.0,8.159999999999998,True,True,True,False,0.0,0.0,90.79063560901899,68.43737122000039,0.0,2265.781510626189,2425.0095174552084
2026-03-05T00:00:00Z,2026-03-05T00:15:00Z,2026-03-05,2026-03-05_5,0.0,100,100,0,36.470323478260894,43.99171776397518,0.020892761904761904,0.0,8.17542857142857,True,True,True,False,0.0,0.0,102.49416197335111,68.43737122000039,0.0,1040.618038479113,1211.5495716724645
2026-03-05T00:15:00Z,2026-03-05T00:30:00Z,2026-03-05,2026-03-05_6,0.0,100,100,0,43.99171776397518,52.801112049689465,0.024470539682539687,0.0,9.575428571428573,True,True,True,False,0.0,0.0,102.49416197335111,68.43737122000039,0.0,63.318200233801406,234.2497334271529
2026-03-05T00:30:00Z,2026-03-05T00:45:00Z,2026-03-05,2026-03-05_7,0.0,100,100,0,52.801112049689465,61.550574906832324,0.02430406349206349,0.0,9.510285714285715,True,True,True,False,0.0,0.0,102.49416197335111,68.43737122000039,0.0,155.64813651310715,326.5796697064586
2026-03-05T00:45:00Z,2026-03-05T01:00:00Z,2026-03-05,2026-03-05_8,0.0,100,100,0,61.550574906832324,78.57057490683232,0.04727777777777778,0.0,18.5,True,True,True,False,0.0,0.0,102.49416197335111,68.43737122000039,0.0,960.0040228418925,1130.935556035244
2026-03-05T01:00:00Z,2026-03-05T01:15:00Z,2026-03-05,2026-03-05_9,0.0,100,100,0,78.57057490683232,96.13731776397518,0.048796507936507943,0.0,19.094285714285714,True,True,True,False,0.0,0.0,102.49416197335111,68.43737122000039,0.0,1866.2744890149784,2037.2060222083298
2026-03-05T01:15:00Z,2026-03-05T01:30:00Z,2026-03-05,2026-03-05_10,0.0,100,100,0,96.13731776397518,105.22218633540375,0.02523574603174603,0.0,9.874857142857142,True,True,True,False,0.0,0.0,102.49416197335111,68.43737122000039,0.0,561.3625396327018,732.2940728260533
2026-03-05T01:30:00Z,2026-03-05T01:45:00Z,2026-03-05,2026-03-05_11,0.0,100,100,0,105.22218633540375,105.39205863354039,0.0008307356797791582,0.05942857142857143,0.2548571428571429,True,True,True,False,0.0,0.0,102.49416197335111,68.43737122000039,7.670028061775152,-13.594564818215204,165.00699643691144
2026-03-05T01:45:00Z,2026-03-05T02:00:00Z,2026-03-05,2026-03-05_12,0.0,100,100,0,105.39205863354039,105.61181714285715,0.0008002263630089716,0.031428571428571424,0.27599999999999997,True,True,True,False,0.0,0.0,102.49416197335111,68.43737122000039,4.2050600903247135,-15.854333876253456,159.28225940742274
2026-03-05T02:00:00Z,2026-03-05T02:15:00Z,2026-03-05,2026-03-05_13,0.0,100,100,0,105.61181714285715,107.72308571428572,0.005864634920634921,0.0,2.294857142857143,True,True,True,False,0.0,0.0,102.49416197335111,68.43737122000039,0.0,-113.3981597530788,57.5333734402727
2026-03-05T02:15:00Z,2026-03-05T02:30:00Z,2026-03-05,2026-03-05_14,0.0,100,100,0,107.72308571428572,116.84685714285715,0.02534380952380953,0.0,9.917142857142858,True,True,True,False,0.0,0.0,102.49416197335111,68.43737122000039,0.0,591.1227440547443,762.0542772480958
2026-03-05T02:30:00Z,2026-03-05T02:45:00Z,2026-03-05,2026-03-05_15,0.0,100,100,0,116.84685714285715,136.15634285714287,0.05363746031746031,0.0,20.988571428571426,True,True,True,False,0.0,0.0,102.49416197335111,68.43737122000039,0.0,2775.109334394877,2946.0408675882286
2026-03-05T02:45:00Z,2026-03-05T03:00:00Z,2026-03-05,2026-03-05_16,0.0,100,100,0,136.15634285714287,144.00000000000003,0.021787936507936506,0.0,8.525714285714285,True,True,True,False,0.0,0.0,102.49416197335111,68.43737122000039,0.0,208.75861995497777,379.6901531483293
2026-03-05T03:00:00Z,2026-03-05T03:15:00Z,2026-03-05,2026-03-05_17,0.0,0,0,100,144.00000000000003,144.00000000000003,0.0,0.0,0.0,True,False,True,False,0.0,1022.8811397397907,0.0,0.0,0.0,0.0,1022.8811397397907
2026-03-05T03:15:00Z,2026-03-05T03:30:00Z,2026-03-05,2026-03-05_18,0.0,0,0,100,144.00000000000003,144.00000000000003,0.0,0.0,0.0,True,False,True,False,0.0,1022.8811397397907,0.0,0.0,0.0,0.0,1022.8811397397907
2026-03-05T03:30:00Z,2026-03-05T03:45:00Z,2026-03-05,2026-03-05_19,0.0,0,0,100,144.00000000000003,144.00000000000003,0.0,0.0,0.0,True,False,True,False,0.0,1022.8811397397907,0.0,0.0,0.0,0.0,1022.8811397397907
2026-03-05T03:45:00Z,2026-03-05T04:00:00Z,2026-03-05,2026-03-05_20,0.0,0,0,100,144.00000000000003,144.00000000000003,0.0,0.0,0.0,True,False,True,False,0.0,1022.8811397397907,0.0,0.0,0.0,0.0,1022.8811397397907
2026-03-05T04:00:00Z,2026-03-05T04:15:00Z,2026-03-05,2026-03-05_21,0.0,0,100,0,144.00000000000003,151.27536000000003,0.020209333333333333,0.0,7.9079999999999995,True,True,True,False,0.0,0.0,0.0,60.372063816008946,0.0,12.33399085539355,72.7060546714025
2026-03-05T04:15:00Z,2026-03-05T04:30:00Z,2026-03-05,2026-03-05_22,0.0,0,100,0,151.27536000000003,164.76781714285718,0.03747904761904762,0.0,14.665714285714285,True,True,True,False,0.0,0.0,0.0,60.372063816008946,0.0,265.0068295800825,325.3788933960915
2026-03-05T04:30:00Z,2026-03-05T04:45:00Z,2026-03-05,2026-03-05_23,100.0,0,100,0,164.76781714285718,150.04421465838513,0.040898895790200125,0.0,11.454285714285716,True,True,True,False,3571.0,0.0,0.0,60.372063816008946,0.0,126.43343023663283,3757.8054940526417
2026-03-05T04:45:00Z,2026-03-05T05:00:00Z,2026-03-05,2026-03-05_24,100.00000000000003,0,100,0,150.04421465838513,144.81688546583854,0.014520358868184972,0.0,20.190857142857144,True,True,True,False,3872.5000000000014,0.0,0.0,60.372063816008946,0.0,1336.909797175881,5269.781860991891
2026-03-05T05:00:00Z,2026-03-05T05:15:00Z,2026-03-05,2026-03-05_25,0.39795405308059806,0,100,0,144.81688546583854,157.24714285714285,0.03480199347395456,0.0,13.618857142857141,True,True,True,False,12.966337934498588,0.0,0.0,30.848329048843187,0.0,5656.437134839492,5700.251801822833
2026-03-05T05:15:00Z,2026-03-05T05:30:00Z,2026-03-05,2026-03-05_26,100.0,0,100,0,157.24714285714285,135.706149068323,0.059836093857832985,0.0,5.182285714285715,True,True,True,False,3979.0,0.0,0.0,30.848329048843187,0.0,42.24113536652716,4052.0894644153705
2026-03-05T05:30:00Z,2026-03-05T05:45:00Z,2026-03-05,2026-03-05_27,100.0,0,100,0,135.706149068323,118.64155279503106,0.04740165631469979,0.0,9.300571428571429,True,True,True,False,4319.0,0.0,0.0,30.848329048843187,0.0,531.4917298780813,4881.340058926924
2026-03-05T05:45:00Z,2026-03-05T06:00:00Z,2026-03-05,2026-03-05_28,100.0,0,100,0,118.64155279503106,94.76577639751554,0.0663216011042098,0.0,3.034285714285714,True,True,True,False,4323.5,0.0,0.0,30.848329048843187,0.0,-70.60449829414682,4283.743830754696
2026-03-05T06:00:00Z,2026-03-05T06:15:00Z,2026-03-05,2026-03-05_29,30.0,0,30,70,94.76577639751554,86.70472049689442,0.02239182194616977,0.0,0.08382857142857143,True,True,True,False,1538.325,716.0167978178534,0.0,10.305343511450381,0.0,-4.333969549750079,2260.3131717795536
2026-03-05T06:15:00Z,2026-03-05T06:30:00Z,2026-03-05,2026-03-05_30,30.0,0,30,70,86.70472049689442,78.92913043478262,0.021598861283643894,0.0,0.34645714285714285,True,True,True,False,1429.3500000000001,716.0167978178534,0.0,10.305343511450381,0.0,-4.493901113780546,2151.1782402155236
2026-03-05T06:30:00Z,2026-03-05T06:45:00Z,2026-03-05,2026-03-05_31,30.0,0,30,70,78.92913043478262,71.61956521739131,0.020304347826086956,0.0,0.7752000000000001,True,True,True,False,1200.0,716.0167978178534,0.0,10.305343511450381,0.0,-15.814937969740381,1910.5072033595634
2026-03-05T06:45:00Z,2026-03-05T07:00:00Z,2026-03-05,2026-03-05_32,30.0,0,30,70,71.61956521739131,64.34782608695653,0.02019927536231884,0.0,0.8099999999999999,True,True,True,False,1098.75,716.0167978178534,0.0,10.305343511450381,0.0,-26.356830000588708,1798.7153113287152
2026-03-05T07:00:00Z,2026-03-05T07:15:00Z,2026-03-05,2026-03-05_33,0.0,0,0,100,64.34782608695653,64.34782608695653,0.0,0.0,0.0,True,False,True,False,0.0,1022.8811397397907,0.0,0.0,0.0,0.0,1022.8811397397907
2026-03-05T07:15:00Z,2026-03-05T07:30:00Z,2026-03-05,2026-03-05_34,0.0,0,0,100,64.34782608695653,64.34782608695653,0.0,0.0,0.0,True,False,True,False,0.0,1022.8811397397907,0.0,0.0,0.0,0.0,1022.8811397397907
2026-03-05T07:30:00Z,2026-03-05T07:45:00Z,2026-03-05,2026-03-05_35,0.0,0,0,100,64.34782608695653,64.34782608695653,0.0,0.0,0.0,True,False,True,False,0.0,1022.8811397397907,0.0,0.0,0.0,0.0,1022.8811397397907
2026-03-05T07:45:00Z,2026-03-05T08:00:00Z,2026-03-05,2026-03-05_36,0.0,0,0,100,64.34782608695653,64.34782608695653,0.0,0.0,0.0,True,False,True,False,0.0,1022.8811397397907,0.0,0.0,0.0,0.0,1022.8811397397907
2026-03-05T08:00:00Z,2026-03-05T08:15:00Z,2026-03-05,2026-03-05_37,100.0,0,100,0,64.34782608695653,45.47888198757765,0.05241373360938579,0.0,7.640571428571429,True,True,True,False,3356.7500000000005,0.0,0.0,77.44461233540689,0.0,6261.85153767875,9696.046150014157
2026-03-05T08:15:00Z,2026-03-05T08:30:00Z,2026-03-05,2026-03-05_38,80.45493116874178,0,100,0,45.47888198757765,32.67669465838511,0.04414649581731353,0.0,8.593714285714285,True,True,True,False,1993.4720570334994,0.0,0.0,77.44461233540689,0.0,5018.014784770949,7088.931454139855
2026-03-05T08:30:00Z,2026-03-05T08:45:00Z,2026-03-05,2026-03-05_39,0.0,0,100,0,32.67669465838511,49.385471801242254,0.046413269841269846,0.0,18.161714285714286,True,True,True,False,0.0,0.0,0.0,77.44461233540689,0.0,12080.00806003706,12157.452672372467
2026-03-05T08:45:00Z,2026-03-05T09:00:00Z,2026-03-05,2026-03-05_40,0.0,0,100,0,49.385471801242254,64.34782608695654,0.04156209523809524,0.0,16.26342857142857,True,True,True,False,0.0,0.0,0.0,77.44461233540689,0.0,9807.49625508462,9884.940867420026
2026-03-05T09:00:00Z,2026-03-05T09:15:00Z,2026-03-05,2026-03-05_41,0.0,0,0,100,64.34782608695654,64.34782608695654,0.0,0.0,0.0,True,True,True,False,0.0,1022.8811397397907,0.0,0.0,0.0,0.0,1022.8811397397907
2026-03-05T09:15:00Z,2026-03-05T09:30:00Z,2026-03-05,2026-03-05_42,0.0,0,0,100,64.34782608695654,64.34782608695654,0.0,0.0,0.0,True,True,True,False,0.0,1022.8811397397907,0.0,0.0,0.0,0.0,1022.8811397397907
2026-03-05T09:30:00Z,2026-03-05T09:45:00Z,2026-03-05,2026-03-05_43,0.0,0,0,100,64.34782608695654,64.34782608695654,0.0,0.0,0.0,True,True,True,False,0.0,1022.8811397397907,0.0,0.0,0.0,0.0,1022.8811397397907
2026-03-05T09:45:00Z,2026-03-05T10:00:00Z,2026-03-05,2026-03-05_44,0.0,0,0,100,64.34782608695654,64.34782608695654,0.0,0.0,0.0,True,True,True,False,0.0,1022.8811397397907,0.0,0.0,0.0,0.0,1022.8811397397907
2026-03-05T10:00:00Z,2026-03-05T10:15:00Z,2026-03-05,2026-03-05_45,-5.00000000000003,0,0,95,64.34782608695654,65.49782608695655,0.003194444444444464,0.0,0.0,True,False,True,False,-67.48750000000041,971.7370827528011,0.0,0.0,0.0,0.0,904.2495827528007
2026-03-05T10:15:00Z,2026-03-05T10:30:00Z,2026-03-05,2026-03-05_46,-5.000000000000028,0,0,95,65.49782608695655,66.64782608695656,0.003194444444444463,0.0,0.0,True,False,True,False,-21.16250000000012,971.7370827528011,0.0,0.0,0.0,0.0,950.574582752801
2026-03-05T10:30:00Z,2026-03-05T10:45:00Z,2026-03-05,2026-03-05_47,-5.000000000000028,0,0,95,66.64782608695656,67.79782608695656,0.003194444444444463,0.0,0.0,True,False,True,False,-18.187500000000103,971.7370827528011,0.0,0.0,0.0,0.0,953.549582752801
2026-03-05T10:45:00Z,2026-03-05T11:00:00Z,2026-03-05,2026-03-05_48,-5.000000000000028,0,0,95,67.79782608695656,68.94782608695657,0.003194444444444463,0.0,0.0,True,False,True,False,-13.750000000000078,971.7370827528011,0.0,0.0,0.0,0.0,957.987082752801
2026-03-05T11:00:00Z,2026-03-05T11:15:00Z,2026-03-05,2026-03-05_49,-100.0,0,0,0,68.94782608695657,91.94782608695657,0.06388888888888888,0.0,0.0,True,False,True,False,-319.5,0.0,0.0,0.0,0.0,0.0,-319.5
2026-03-05T11:15:00Z,2026-03-05T11:30:00Z,2026-03-05,2026-03-05_50,-100.0,0,0,0,91.94782608695657,114.94782608695657,0.06388888888888888,0.0,0.0,True,False,True,False,-275.0,0.0,0.0,0.0,0.0,0.0,-275.0
2026-03-05T11:30:00Z,2026-03-05T11:45:00Z,2026-03-05,2026-03-05_51,-100.0,0,0,0,114.94782608695657,137.94782608695658,0.06388888888888888,0.0,0.0,True,False,True,False,-250.0,0.0,0.0,0.0,0.0,0.0,-250.0
2026-03-05T11:45:00Z,2026-03-05T12:00:00Z,2026-03-05,2026-03-05_52,-100.0,0,0,0,137.94782608695658,160.94782608695658,0.06388888888888888,0.0,0.0,True,False,True,False,-250.0,0.0,0.0,0.0,0.0,0.0,-250.0
2026-03-05T12:00:00Z,2026-03-05T12:15:00Z,2026-03-05,2026-03-05_53,0.0,100,100,0,160.94782608695658,160.10880298136652,0.002555508626639061,0.809142857142857,0.044000000000000004,True,True,True,False,0.0,0.0,82.62524774818972,73.20591063403913,93.31207104871422,-3.453756941855217,245.68947248908785
2026-03-05T12:15:00Z,2026-03-05T12:30:00Z,2026-03-05,2026-03-05_54,0.0,100,100,0,160.10880298136652,179.24204024844727,0.053323864734299516,0.029142857142857137,20.83142857142857,True,True,True,False,0.0,0.0,82.62524774818972,73.20591063403913,2.8537227406906944,8198.223246699727,8356.908127822646
2026-03-05T12:30:00Z,2026-03-05T12:45:00Z,2026-03-05,2026-03-05_55,0.0,100,100,0,179.24204024844727,181.8886409937889,0.008486934437543133,0.18800000000000003,3.0988571428571428,True,True,True,False,0.0,0.0,82.62524774818972,73.20591063403913,18.40930944484782,21.641344610373043,195.88181243744972
2026-03-05T12:45:00Z,2026-03-05T13:00:00Z,2026-03-05,2026-03-05_56,0.0,100,100,0,181.8886409937889,181.49168397515538,0.0026447536231884055,0.6205714285714286,0.3017142857142857,True,True,True,False,0.0,0.0,82.62524774818972,73.20591063403913,63.31621152018568,-16.53185165665395,202.6155182457606
2026-03-05T13:00:00Z,2026-03-05T13:15:00Z,2026-03-05,2026-03-05_57,0.0,100,100,0,181.49168397515538,189.57898832298147,0.022513043478260875,0.008,8.8,True,True,True,False,0.0,0.0,79.82888204242626,80.47646146902412,0.7048803940422692,3719.324947506819,3880.335171412312
2026-03-05T13:15:00Z,2026-03-05T13:30:00Z,2026-03-05,2026-03-05_58,0.0,100,100,0,189.57898832298147,189.6088804968945,0.0005040138026224983,0.06971428571428571,0.11485714285714287,True,True,True,False,0.0,0.0,79.82888204242626,80.47646146902412,6.142529148082632,-8.514403568134608,157.9334690913984
2026-03-05T13:30:00Z,2026-03-05T13:45:00Z,2026-03-05,2026-03-05_59,0.0,100,100,0,189.6088804968945,174.0672655900622,0.0431711525189786,14.298285714285713,0.0,True,True,True,False,0.0,0.0,79.82888204242626,80.47646146902412,3801.1318748685912,0.0,3961.4372183800415
2026-03-05T13:45:00Z,2026-03-05T14:00:00Z,2026-03-05,2026-03-05_60,0.0,100,100,0,174.0672655900622,163.544905341615,0.029228778467908903,9.68057142857143,0.0,True,True,True,False,0.0,0.0,79.82888204242626,80.47646146902412,2381.944122810214,0.0,2542.2494663216644
2026-03-05T14:00:00Z,2026-03-05T14:15:00Z,2026-03-05,2026-03-05_61,0.0,86,100,0,163.544905341615,158.61803378881996,0.014158897170462386,4.6110742857142855,0.09257142857142858,True,True,True,False,0.0,0.0,88.06903589159913,52.24788555505406,2050.0780715903256,-5.361618556094116,2185.0333744808845
2026-03-05T14:15:00Z,2026-03-05T14:30:00Z,2026-03-05,2026-03-05_62,13.677097608987872,86,100,0,158.61803378881996,167.0338294669883,0.03339717085676238,0.0,12.867999999999999,True,True,True,False,305.75151704892386,0.0,88.06903589159913,52.24788555505406,0.0,794.8469082988282,1240.9153467944052
2026-03-05T14:30:00Z,2026-03-05T14:45:00Z,2026-03-05,2026-03-05_63,14.0,86,100,0,167.0338294669883,173.74459681108766,0.030353097694962042,0.0,11.146285714285714,True,True,True,False,350.84,0.0,88.06903589159913,52.24788555505406,0.0,571.0505588526349,1062.2074802992881
2026-03-05T14:45:00Z,2026-03-05T15:00:00Z,2026-03-05,2026-03-05_64,14.0,86,100,0,173.74459681108766,184.2293988781684,0.03745440187715666,0.0,15.146857142857142,True,True,True,False,428.33,0.0,88.06903589159913,52.24788555505406,0.0,9160.434814206377,9729.08173565303
2026-03-05T15:00:00Z,2026-03-05T15:15:00Z,2026-03-05,2026-03-05_65,61.32245624902139,0,100,0,184.2293988781684,184.14580029473643,0.03229111340859844,0.0,16.217142857142857,True,True,True,False,1426.3603323522377,0.0,0.0,30.818893620361465,0.0,139.52872140908795,1596.707947381687
2026-03-05T15:15:00Z,2026-03-05T15:30:00Z,2026-03-05,2026-03-05_66,0.07442604899984347,0,100,0,184.14580029473643,189.9849271071201,0.016303534994843806,0.0,6.368,True,True,True,False,2.299764914095163,0.0,0.0,30.818893620361465,0.0,-45.48910614415511,-12.37044760969848
2026-03-05T15:30:00Z,2026-03-05T15:45:00Z,2026-03-05,2026-03-05_67,70.74360854027314,0,100,0,189.9849271071201,170.81925465838523,0.05332171731804162,0.0,0.05600000000000001,True,True,True,False,2632.5465328049145,0.0,0.0,30.818893620361465,0.0,-3.850152475519536,2659.515273949756
2026-03-05T15:45:00Z,2026-03-05T16:00:00Z,2026-03-05,2026-03-05_68,100.0,0,100,0,170.81925465838523,144.00000000000014,0.07449792960662525,0.0,0.32628571428571423,True,True,True,False,5239.0,0.0,0.0,30.818893620361465,0.0,-17.724525879348377,5252.094367741013
2026-03-05T16:00:00Z,2026-03-05T16:15:00Z,2026-03-05,2026-03-05_69,0.0,0,0,100,144.00000000000014,144.00000000000014,0.0,0.0,0.0,True,True,True,False,0.0,1022.8811397397907,0.0,0.0,0.0,0.0,1022.8811397397907
2026-03-05T16:15:00Z,2026-03-05T16:30:00Z,2026-03-05,2026-03-05_70,0.0,0,0,100,144.00000000000014,144.00000000000014,0.0,0.0,0.0,True,True,True,False,0.0,1022.8811397397907,0.0,0.0,0.0,0.0,1022.8811397397907
2026-03-05T16:30:00Z,2026-03-05T16:45:00Z,2026-03-05,2026-03-05_71,0.0,0,0,100,144.00000000000014,144.00000000000014,0.0,0.0,0.0,True,True,True,False,0.0,1022.8811397397907,0.0,0.0,0.0,0.0,1022.8811397397907
2026-03-05T16:45:00Z,2026-03-05T17:00:00Z,2026-03-05,2026-03-05_72,0.0,0,0,100,144.00000000000014,144.00000000000014,0.0,0.0,0.0,True,True,True,False,0.0,1022.8811397397907,0.0,0.0,0.0,0.0,1022.8811397397907
2026-03-05T17:00:00Z,2026-03-05T17:15:00Z,2026-03-05,2026-03-05_73,0.0,0,0,100,144.00000000000014,144.00000000000014,0.0,0.0,0.0,True,True,True,False,0.0,1022.8811397397907,0.0,0.0,0.0,0.0,1022.8811397397907
2026-03-05T17:15:00Z,2026-03-05T17:30:00Z,2026-03-05,2026-03-05_74,0.0,0,0,100,144.00000000000014,144.00000000000014,0.0,0.0,0.0,True,True,True,False,0.0,1022.8811397397907,0.0,0.0,0.0,0.0,1022.8811397397907
2026-03-05T17:30:00Z,2026-03-05T17:45:00Z,2026-03-05,2026-03-05_75,0.0,0,0,100,144.00000000000014,144.00000000000014,0.0,0.0,0.0,True,True,True,False,0.0,1022.8811397397907,0.0,0.0,0.0,0.0,1022.8811397397907
2026-03-05T17:45:00Z,2026-03-05T18:00:00Z,2026-03-05,2026-03-05_76,0.0,0,0,100,144.00000000000014,144.00000000000014,0.0,0.0,0.0,True,True,True,False,0.0,1022.8811397397907,0.0,0.0,0.0,0.0,1022.8811397397907
2026-03-05T18:00:00Z,2026-03-05T18:15:00Z,2026-03-05,2026-03-05_77,84.99999999999999,0,85,15,144.00000000000014,122.78959627329206,0.05891778812974464,0.0,1.7364285714285714,True,True,True,False,4343.924999999999,153.4321709609686,0.0,36.779567887909884,0.0,-85.78111843414733,4448.355620414731
2026-03-05T18:15:00Z,2026-03-05T18:30:00Z,2026-03-05,2026-03-05_78,83.63989176897019,0,85,15,122.78959627329206,100.19934782608703,0.06276109776566498,0.0,0.12725714285714287,True,True,True,False,4303.690630972361,153.4321709609686,0.0,36.779567887909884,0.0,-7.2067513771575475,4486.695618444081
2026-03-05T18:30:00Z,2026-03-05T18:45:00Z,2026-03-05,2026-03-05_79,85.0,0,85,15,100.19934782608703,82.03680124223611,0.05045151828847481,0.0,4.540457142857144,True,True,True,False,4455.275,153.4321709609686,0.0,36.779567887909884,0.0,-67.81238097854579,4577.674357870333
2026-03-05T18:45:00Z,2026-03-05T19:00:00Z,2026-03-05,2026-03-05_80,85.0,0,85,15,82.03680124223611,64.34782608695662,0.049136042097998614,0.0,4.9761428571428565,True,True,True,False,5107.8625,153.4321709609686,0.0,36.779567887909884,0.0,-120.05473173111154,5178.019507117767
2026-03-05T19:00:00Z,2026-03-05T19:15:00Z,2026-03-05,2026-03-05_81,0.0,0,0,100,64.34782608695662,64.34782608695662,0.0,0.0,0.0,True,True,True,False,0.0,1022.8811397397907,0.0,0.0,0.0,0.0,1022.8811397397907
2026-03-05T19:15:00Z,2026-03-05T19:30:00Z,2026-03-05,2026-03-05_82,0.0,0,0,100,64.34782608695662,64.34782608695662,0.0,0.0,0.0,True,True,True,False,0.0,1022.8811397397907,0.0,0.0,0.0,0.0,1022.8811397397907
2026-03-05T19:30:00Z,2026-03-05T19:45:00Z,2026-03-05,2026-03-05_83,0.0,0,0,100,64.34782608695662,64.34782608695662,0.0,0.0,0.0,True,True,True,False,0.0,1022.8811397397907,0.0,0.0,0.0,0.0,1022.8811397397907
2026-03-05T19:45:00Z,2026-03-05T20:00:00Z,2026-03-05,2026-03-05_84,0.0,0,0,100,64.34782608695662,64.34782608695662,0.0,0.0,0.0,True,True,True,False,0.0,1022.8811397397907,0.0,0.0,0.0,0.0,1022.8811397397907
2026-03-05T20:00:00Z,2026-03-05T20:15:00Z,2026-03-05,2026-03-05_85,100.0,0,100,0,64.34782608695662,37.652173913043576,0.07415458937198068,0.0,0.44,True,True,True,False,4086.9999999999995,0.0,0.0,43.27007986812927,0.0,-23.015059165211248,4107.255020702917
2026-03-05T20:15:00Z,2026-03-05T20:30:00Z,2026-03-05,2026-03-05_86,100.0,0,100,0,37.652173913043576,10.5304347826088,0.07533816425120772,0.0,0.048,True,True,True,False,4292.25,0.0,0.0,43.27007986812927,0.0,-3.5027594733020666,4332.017320394827
2026-03-05T20:30:00Z,2026-03-05T20:45:00Z,2026-03-05,2026-03-05_87,11.065934550786748,0,100,0,10.5304347826088,10.112506633540477,0.013701348812481773,0.0,2.758857142857143,True,True,True,False,378.78693967343037,0.0,0.0,43.27007986812927,0.0,-121.68011460193487,300.37690493962475
2026-03-05T20:45:00Z,2026-03-05T21:00:00Z,2026-03-05,2026-03-05_88,0.0,0,100,0,10.112506633540477,20.249329490683333,0.02815784126984127,0.0,11.018285714285714,True,True,True,False,0.0,0.0,0.0,43.27007986812927,0.0,1154.1448337458962,1197.4149136140254
2026-03-05T21:00:00Z,2026-03-05T21:15:00Z,2026-03-05,2026-03-05_89,40.00000000000001,60,100,0,20.249329490683333,15.29425729192557,0.0321448132505176,0.0,5.993714285714287,True,True,True,False,1422.2000000000003,0.0,63.45689672089327,43.27007986812927,0.0,-27.743820045807137,1501.1831565432158
2026-03-05T21:15:00Z,2026-03-05T21:30:00Z,2026-03-05,2026-03-05_90,40.00000000000001,60,100,0,15.29425729192557,13.973928347826192,0.03334415182884748,0.0,9.677142857142856,True,True,True,False,1364.7000000000003,0.0,63.45689672089327,43.27007986812927,0.0,202.3010711692593,1673.7280477582822
2026-03-05T21:30:00Z,2026-03-05T21:45:00Z,2026-03-05,2026-03-05_91,40.00000000000001,60,100,0,13.973928347826192,10.000000000000103,0.032468556521739134,0.0,6.9879999999999995,True,True,True,False,1339.1000000000001,0.0,63.45689672089327,43.27007986812927,0.0,-121.40105575070154,1324.4259208383212
2026-03-05T21:45:00Z,2026-03-05T22:00:00Z,2026-03-05,2026-03-05_92,19.464831499754155,60,100,0,10.000000000000103,10.000000000000103,0.02285807955830343,0.0,5.553142857142857,True,True,True,False,637.2299212232016,0.0,63.45689672089327,43.27007986812927,0.0,-172.0374750569786,571.9194227552455
2026-03-05T22:00:00Z,2026-03-05T22:15:00Z,2026-03-06,2026-03-05_93,-6.537773752236379e-14,100,22,0,10.000000000000103,10.230530563975273,0.0008059941476881025,0.027428571428571427,0.28298285714285715,True,True,True,False,-2.2385337327657363e-12,0.0,102.9801519524118,16.131692090229105,3.9100401336104262,-10.173427325071026,112.84845685117807
2026-03-05T22:15:00Z,2026-03-05T22:30:00Z,2026-03-06,2026-03-05_94,-77.13263298758024,100,22,0,10.230530563975273,28.255739408695636,0.05012525975468801,0.04,0.35112000000000004,True,True,True,False,-2464.5804555356576,0.0,102.9801519524118,16.131692090229105,5.225506017236979,-17.390286966252432,-2357.6333924420323
2026-03-05T22:30:00Z,2026-03-05T22:45:00Z,2026-03-06,2026-03-05_95,-78.00000000000011,100,22,0,28.255739408695636,46.39642677267082,0.050413572560386546,0.017142857142857144,0.2359657142857143,True,True,True,False,-2424.2400000000034,0.0,102.9801519524118,16.131692090229105,2.3423893380899097,-12.318515600503705,-2315.1042822197765
2026-03-05T22:45:00Z,2026-03-05T23:00:00Z,2026-03-06,2026-03-05_96,-78.00000000000001,100,22,0,46.39642677267082,64.34782608695653,0.04989991873015874,0.026285714285714287,0.03972571428571429,True,True,True,False,-2296.5150000000003,0.0,102.9801519524118,16.131692090229105,3.3812055788803534,-2.556984591049448,-2176.5789349695283
2026-03-05T23:00:00Z,2026-03-05T23:15:00Z,2026-03-06,2026-03-06_1,0.0,0,0,100,64.34782608695653,64.34782608695653,0.0,0.0,0.0,True,True,True,False,0.0,1023.3229283232228,0.0,0.0,0.0,0.0,1023.3229283232228
2026-03-05T23:15:00Z,2026-03-05T23:30:00Z,2026-03-06,2026-03-06_2,6.178632484870435e-14,0,0,100,64.34782608695653,64.34782608695652,4.663822829763311e-17,0.0,0.0,True,True,True,False,1.6983516042787608e-12,1023.3229283232228,0.0,0.0,0.0,0.0,1023.3229283232245
2026-03-05T23:30:00Z,2026-03-05T23:45:00Z,2026-03-06,2026-03-06_3,0.0,0,0,100,64.34782608695652,64.34782608695652,0.0,0.0,0.0,True,True,True,False,0.0,1023.3229283232228,0.0,0.0,0.0,0.0,1023.3229283232228
2026-03-05T23:45:00Z,2026-03-06T00:00:00Z,2026-03-06,2026-03-06_4,0.0,0,0,100,64.34782608695652,64.34782608695652,0.0,0.0,0.0,True,True,True,False,0.0,1023.3229283232228,0.0,0.0,0.0,0.0,1023.3229283232228
2026-03-06T00:00:00Z,2026-03-06T00:15:00Z,2026-03-06,2026-03-06_5,-68.0,100,32,0,64.34782608695652,75.19968222608695,0.03964908278812975,4.918857142857143,0.0,True,True,True,False,-1880.03,0.0,102.12615583956651,24.45373696919724,914.4833042497876,0.0,-838.9668029414487
2026-03-06T00:15:00Z,2026-03-06T00:30:00Z,2026-03-06,2026-03-06_6,-0.15453048919928644,100,32,0,75.19968222608695,71.79691011180125,0.009624610403081582,3.164,0.0,True,True,True,False,-4.294788621071168,0.0,102.12615583956651,24.45373696919724,583.2252625792646,0.0,705.5103667669572
2026-03-06T00:30:00Z,2026-03-06T00:45:00Z,2026-03-06,2026-03-06_7,-68.0,100,32,0,71.79691011180125,73.37173752049691,0.032295569579020016,14.449142857142858,0.0,True,True,True,False,-1897.54,0.0,102.12615583956651,24.45373696919724,4690.679621829768,0.0,2919.7195146385316
2026-03-06T00:45:00Z,2026-03-06T01:00:00Z,2026-03-06,2026-03-06_8,-68.0,100,32,0,73.37173752049691,81.31944645962734,0.03734708659765355,7.902285714285714,0.0,True,True,True,False,-1891.59,0.0,102.12615583956651,24.45373696919724,2103.4365145740258,0.0,338.4264073827896
2026-03-06T01:00:00Z,2026-03-06T01:15:00Z,2026-03-06,2026-03-06_9,0.0,0,0,100,81.31944645962734,81.31944645962734,0.0,0.0,0.0,True,True,True,False,0.0,1023.3229283232228,0.0,0.0,0.0,0.0,1023.3229283232228
2026-03-06T01:15:00Z,2026-03-06T01:30:00Z,2026-03-06,2026-03-06_10,0.0,0,0,100,81.31944645962734,81.31944645962734,0.0,0.0,0.0,True,True,True,False,0.0,1023.3229283232228,0.0,0.0,0.0,0.0,1023.3229283232228
2026-03-06T01:30:00Z,2026-03-06T01:45:00Z,2026-03-06,2026-03-06_11,0.0,0,0,100,81.31944645962734,81.31944645962734,0.0,0.0,0.0,True,True,True,False,0.0,1023.3229283232228,0.0,0.0,0.0,0.0,1023.3229283232228
2026-03-06T01:45:00Z,2026-03-06T02:00:00Z,2026-03-06,2026-03-06_12,0.0,0,0,100,81.31944645962734,81.31944645962734,0.0,0.0,0.0,True,True,True,False,0.0,1023.3229283232228,0.0,0.0,0.0,0.0,1023.3229283232228
2026-03-06T02:00:00Z,2026-03-06T02:15:00Z,2026-03-06,2026-03-06_13,0.0,0,0,100,81.31944645962734,81.31944645962734,0.0,0.0,0.0,True,True,True,False,0.0,1023.3229283232228,0.0,0.0,0.0,0.0,1023.3229283232228
2026-03-06T02:15:00Z,2026-03-06T02:30:00Z,2026-03-06,2026-03-06_14,0.0,0,0,100,81.31944645962734,81.31944645962734,0.0,0.0,0.0,True,True,True,False,0.0,1023.3229283232228,0.0,0.0,0.0,0.0,1023.3229283232228
2026-03-06T02:30:00Z,2026-03-06T02:45:00Z,2026-03-06,2026-03-06_15,0.0,0,0,100,81.31944645962734,81.31944645962734,0.0,0.0,0.0,True,True,True,False,0.0,1023.3229283232228,0.0,0.0,0.0,0.0,1023.3229283232228
2026-03-06T02:45:00Z,2026-03-06T03:00:00Z,2026-03-06,2026-03-06_16,0.0,0,0,100,81.31944645962734,81.31944645962734,0.0,0.0,0.0,True,True,True,False,0.0,1023.3229283232228,0.0,0.0,0.0,0.0,1023.3229283232228
2026-03-06T03:00:00Z,2026-03-06T03:15:00Z,2026-03-06,2026-03-06_17,0.0,0,0,100,81.31944645962734,81.31944645962734,0.0,0.0,0.0,True,True,True,False,0.0,1023.3229283232228,0.0,0.0,0.0,0.0,1023.3229283232228
2026-03-06T03:15:00Z,2026-03-06T03:30:00Z,2026-03-06,2026-03-06_18,0.0,0,0,100,81.31944645962734,81.31944645962734,0.0,0.0,0.0,True,True,True,False,0.0,1023.3229283232228,0.0,0.0,0.0,0.0,1023.3229283232228
2026-03-06T03:30:00Z,2026-03-06T03:45:00Z,2026-03-06,2026-03-06_19,0.0,0,0,100,81.31944645962734,81.31944645962734,0.0,0.0,0.0,True,True,True,False,0.0,1023.3229283232228,0.0,0.0,0.0,0.0,1023.3229283232228
2026-03-06T03:45:00Z,2026-03-06T04:00:00Z,2026-03-06,2026-03-06_20,0.0,0,0,100,81.31944645962734,81.31944645962734,0.0,0.0,0.0,True,True,True,False,0.0,1023.3229283232228,0.0,0.0,0.0,0.0,1023.3229283232228
2026-03-06T04:00:00Z,2026-03-06T04:15:00Z,2026-03-06,2026-03-06_21,0.0,0,0,100,81.31944645962734,81.31944645962734,0.0,0.0,0.0,True,True,True,False,0.0,1023.3229283232228,0.0,0.0,0.0,0.0,1023.3229283232228
2026-03-06T04:15:00Z,2026-03-06T04:30:00Z,2026-03-06,2026-03-06_22,0.0,0,0,100,81.31944645962734,81.31944645962734,0.0,0.0,0.0,True,True,True,False,0.0,1023.3229283232228,0.0,0.0,0.0,0.0,1023.3229283232228
2026-03-06T04:30:00Z,2026-03-06T04:45:00Z,2026-03-06,2026-03-06_23,0.0,0,0,100,81.31944645962734,81.31944645962734,0.0,0.0,0.0,True,True,True,False,0.0,1023.3229283232228,0.0,0.0,0.0,0.0,1023.3229283232228
2026-03-06T04:45:00Z,2026-03-06T05:00:00Z,2026-03-06,2026-03-06_24,0.0,0,0,100,81.31944645962734,81.31944645962734,0.0,0.0,0.0,True,True,True,False,0.0,1023.3229283232228,0.0,0.0,0.0,0.0,1023.3229283232228
2026-03-06T05:00:00Z,2026-03-06T05:15:00Z,2026-03-06,2026-03-06_25,100.0,0,100,0,81.31944645962734,55.31944645962735,0.07222222222222222,0.0,1.0799999999999998,True,True,True,False,3356.25,0.0,0.0,54.68519936392014,0.0,-54.763931915896094,3356.171267448024
2026-03-06T05:15:00Z,2026-03-06T05:30:00Z,2026-03-06,2026-03-06_26,100.0,0,100,0,55.31944645962735,28.33994335403729,0.07494306418219462,0.0,0.17885714285714285,True,True,True,False,3928.75,0.0,0.0,54.68519936392014,0.0,-11.129368772068576,3972.3058305918516
2026-03-06T05:30:00Z,2026-03-06T05:45:00Z,2026-03-06,2026-03-06_27,100.0,0,100,0,28.33994335403729,10.042427826086978,0.05082643202208419,0.0,8.166285714285715,True,True,True,False,4185.25,0.0,0.0,54.68519936392014,0.0,196.86973847245477,4436.804937836375
2026-03-06T05:45:00Z,2026-03-06T06:00:00Z,2026-03-06,2026-03-06_28,0.0,0,100,0,10.042427826086978,26.30434782608698,0.045172,0.0,17.676,True,True,True,False,0.0,0.0,0.0,54.68519936392014,0.0,2027.2866293656864,2081.9718287296064
2026-03-06T06:00:00Z,2026-03-06T06:15:00Z,2026-03-06,2026-03-06_29,0.0,0,0,30,26.30434782608698,26.30434782608698,0.0,0.0,0.0,True,False,True,False,0.0,306.9968784969668,0.0,0.0,0.0,0.0,306.9968784969668
2026-03-06T06:15:00Z,2026-03-06T06:30:00Z,2026-03-06,2026-03-06_30,0.0,0,0,30,26.30434782608698,26.30434782608698,0.0,0.0,0.0,True,False,True,False,0.0,306.9968784969668,0.0,0.0,0.0,0.0,306.9968784969668
2026-03-06T06:30:00Z,2026-03-06T06:45:00Z,2026-03-06,2026-03-06_31,-70.0,0,0,30,26.30434782608698,42.404347826086976,0.044722222222222226,0.0,0.0,True,False,True,False,-812.35,306.9968784969668,0.0,0.0,0.0,0.0,-505.3531215030332
2026-03-06T06:45:00Z,2026-03-06T07:00:00Z,2026-03-06,2026-03-06_32,-70.0,0,0,30,42.404347826086976,58.50434782608698,0.044722222222222226,0.0,0.0,True,False,True,False,-174.82500000000002,306.9968784969668,0.0,0.0,0.0,0.0,132.1718784969668
2026-03-06T07:00:00Z,2026-03-06T07:15:00Z,2026-03-06,2026-03-06_33,0.49600000000007644,0,0,89,58.50434782608698,58.369565217391305,0.00037439613526575816,0.0,0.0,True,False,True,False,8.875920000001367,910.7574062076682,0.0,0.0,0.0,0.0,919.6333262076695
2026-03-06T07:15:00Z,2026-03-06T07:30:00Z,2026-03-06,2026-03-06_34,-5.489808436403226,0,0,89,58.369565217391305,59.63222115776405,0.0035073776121465057,0.0,0.0,True,False,True,False,-17.539937954308304,910.7574062076682,0.0,0.0,0.0,0.0,893.2174682533598
2026-03-06T07:30:00Z,2026-03-06T07:45:00Z,2026-03-06,2026-03-06_35,-11.000000000000043,0,0,89,59.63222115776405,62.16222115776406,0.0070277777777778055,0.0,0.0,True,False,True,False,-14.052500000000055,910.7574062076682,0.0,0.0,0.0,0.0,896.7049062076682
2026-03-06T07:45:00Z,2026-03-06T08:00:00Z,2026-03-06,2026-03-06_36,-11.000000000000043,0,0,89,62.16222115776406,64.69222115776407,0.0070277777777778055,0.0,0.0,True,False,True,False,-0.027500000000000108,910.7574062076682,0.0,0.0,0.0,0.0,910.7299062076681
2026-03-06T08:00:00Z,2026-03-06T08:15:00Z,2026-03-06,2026-03-06_37,0.0,0,0,100,64.69222115776407,64.69222115776407,0.0,0.0,0.0,True,False,True,False,0.0,1023.3229283232228,0.0,0.0,0.0,0.0,1023.3229283232228
2026-03-06T08:15:00Z,2026-03-06T08:30:00Z,2026-03-06,2026-03-06_38,0.0,0,0,100,64.69222115776407,64.69222115776407,0.0,0.0,0.0,True,False,True,False,0.0,1023.3229283232228,0.0,0.0,0.0,0.0,1023.3229283232228
2026-03-06T08:30:00Z,2026-03-06T08:45:00Z,2026-03-06,2026-03-06_39,0.0,0,0,100,64.69222115776407,64.69222115776407,0.0,0.0,0.0,True,False,True,False,0.0,1023.3229283232228,0.0,0.0,0.0,0.0,1023.3229283232228
2026-03-06T08:45:00Z,2026-03-06T09:00:00Z,2026-03-06,2026-03-06_40,0.0,0,0,100,64.69222115776407,64.69222115776407,0.0,0.0,0.0,True,False,True,False,0.0,1023.3229283232228,0.0,0.0,0.0,0.0,1023.3229283232228
2026-03-06T09:00:00Z,2026-03-06T09:15:00Z,2026-03-06,2026-03-06_41,0.0,0,0,100,64.69222115776407,64.69222115776407,0.0,0.0,0.0,True,False,True,False,0.0,1023.3229283232228,0.0,0.0,0.0,0.0,1023.3229283232228
2026-03-06T09:15:00Z,2026-03-06T09:30:00Z,2026-03-06,2026-03-06_42,0.0,0,0,100,64.69222115776407,64.69222115776407,0.0,0.0,0.0,True,False,True,False,0.0,1023.3229283232228,0.0,0.0,0.0,0.0,1023.3229283232228
2026-03-06T09:30:00Z,2026-03-06T09:45:00Z,2026-03-06,2026-03-06_43,0.0,0,0,100,64.69222115776407,64.69222115776407,0.0,0.0,0.0,True,False,True,False,0.0,1023.3229283232228,0.0,0.0,0.0,0.0,1023.3229283232228
2026-03-06T09:45:00Z,2026-03-06T10:00:00Z,2026-03-06,2026-03-06_44,0.0,0,0,100,64.69222115776407,64.69222115776407,0.0,0.0,0.0,True,False,True,False,0.0,1023.3229283232228,0.0,0.0,0.0,0.0,1023.3229283232228
2026-03-06T10:00:00Z,2026-03-06T10:15:00Z,2026-03-06,2026-03-06_45,-78.0,78,0,22,64.69222115776407,77.16533932919265,0.03464755047619048,5.9422628571428575,0.0,True,True,True,False,-0.0,225.131044231109,72.69862771659108,0.0,917.6483811902098,0.0,1215.47805313791
2026-03-06T10:15:00Z,2026-03-06T10:30:00Z,2026-03-06,2026-03-06_46,-78.0,78,0,22,77.16533932919265,88.77200675776407,0.03224074285714286,6.884057142857142,0.0,True,True,True,False,-0.0,225.131044231109,72.69862771659108,0.0,1239.3857163050152,0.0,1537.2153882527152
2026-03-06T10:30:00Z,2026-03-06T10:45:00Z,2026-03-06,2026-03-06_47,-78.0,78,0,22,88.77200675776407,105.20873727204979,0.04565758476190477,1.6339885714285713,0.0,True,True,True,False,-0.0,225.131044231109,72.69862771659108,0.0,227.96381262904595,0.0,525.793484576746
2026-03-06T10:45:00Z,2026-03-06T11:00:00Z,2026-03-06,2026-03-06_48,-78.00000000000001,78,0,22,105.20873727204979,123.13889590062122,0.049805996190476196,0.010697142857142856,0.0,True,True,True,False,-0.0,225.131044231109,72.69862771659108,0.0,0.9450539405820635,0.0,298.77472588828215
2026-03-06T11:00:00Z,2026-03-06T11:15:00Z,2026-03-06,2026-03-06_49,0.0,0,0,100,123.13889590062122,123.13889590062122,0.0,0.0,0.0,True,True,True,False,0.0,1023.3229283232228,0.0,0.0,0.0,0.0,1023.3229283232228
2026-03-06T11:15:00Z,2026-03-06T11:30:00Z,2026-03-06,2026-03-06_50,0.0,0,0,100,123.13889590062122,123.13889590062122,0.0,0.0,0.0,True,True,True,False,0.0,1023.3229283232228,0.0,0.0,0.0,0.0,1023.3229283232228
2026-03-06T11:30:00Z,2026-03-06T11:45:00Z,2026-03-06,2026-03-06_51,0.0,0,0,100,123.13889590062122,123.13889590062122,0.0,0.0,0.0,True,True,True,False,0.0,1023.3229283232228,0.0,0.0,0.0,0.0,1023.3229283232228
2026-03-06T11:45:00Z,2026-03-06T12:00:00Z,2026-03-06,2026-03-06_52,0.0,0,0,100,123.13889590062122,123.13889590062122,0.0,0.0,0.0,True,True,True,False,0.0,1023.3229283232228,0.0,0.0,0.0,0.0,1023.3229283232228
2026-03-06T12:00:00Z,2026-03-06T12:15:00Z,2026-03-06,2026-03-06_53,0.0,0,0,100,123.13889590062122,123.13889590062122,0.0,0.0,0.0,True,True,True,False,0.0,1023.3229283232228,0.0,0.0,0.0,0.0,1023.3229283232228
2026-03-06T12:15:00Z,2026-03-06T12:30:00Z,2026-03-06,2026-03-06_54,0.0,0,0,100,123.13889590062122,123.13889590062122,0.0,0.0,0.0,True,True,True,False,0.0,1023.3229283232228,0.0,0.0,0.0,0.0,1023.3229283232228
2026-03-06T12:30:00Z,2026-03-06T12:45:00Z,2026-03-06,2026-03-06_55,0.0,0,0,100,123.13889590062122,123.13889590062122,0.0,0.0,0.0,True,True,True,False,0.0,1023.3229283232228,0.0,0.0,0.0,0.0,1023.3229283232228
2026-03-06T12:45:00Z,2026-03-06T13:00:00Z,2026-03-06,2026-03-06_56,0.0,0,0,100,123.13889590062122,123.13889590062122,0.0,0.0,0.0,True,True,True,False,0.0,1023.3229283232228,0.0,0.0,0.0,0.0,1023.3229283232228
2026-03-06T13:00:00Z,2026-03-06T13:15:00Z,2026-03-06,2026-03-06_57,0.0,100,100,0,123.13889590062122,133.09171875776408,0.02764673015873016,0.0,10.818285714285715,True,True,True,False,0.0,0.0,83.22044878968138,83.83885976794863,0.0,71.0111280321069,238.07043658973691
2026-03-06T13:15:00Z,2026-03-06T13:30:00Z,2026-03-06,2026-03-06_58,0.0,100,100,0,133.09171875776408,145.84813118012434,0.03549314009661836,0.009714285714285715,13.877142857142857,True,True,True,False,0.0,0.0,83.22044878968138,83.83885976794863,0.8598240403411498,7817.685990256871,7985.605122854842
2026-03-06T13:30:00Z,2026-03-06T13:45:00Z,2026-03-06,2026-03-06_59,0.0,100,100,0,145.84813118012434,145.30176596273301,0.0020433954451345754,0.5897142857142856,0.10285714285714286,True,True,True,False,0.0,0.0,83.22044878968138,83.83885976794863,59.271281330719454,-6.8235618789597225,219.50702800938976
2026-03-06T13:45:00Z,2026-03-06T14:00:00Z,2026-03-06,2026-03-06_60,0.0,100,100,0,145.30176596273301,144.0000000000001,0.0036510641821946173,1.2034285714285715,0.006857142857142857,True,True,True,False,0.0,0.0,83.22044878968138,83.83885976794863,150.29543991317007,-0.5384803076068757,316.81626816319323
2026-03-06T14:00:00Z,2026-03-06T14:15:00Z,2026-03-06,2026-03-06_61,0.0,0,0,100,144.0000000000001,144.0000000000001,0.0,0.0,0.0,True,False,True,False,0.0,1023.3229283232228,0.0,0.0,0.0,0.0,1023.3229283232228
2026-03-06T14:15:00Z,2026-03-06T14:30:00Z,2026-03-06,2026-03-06_62,0.0,0,0,100,144.0000000000001,144.0000000000001,0.0,0.0,0.0,True,False,True,False,0.0,1023.3229283232228,0.0,0.0,0.0,0.0,1023.3229283232228
2026-03-06T14:30:00Z,2026-03-06T14:45:00Z,2026-03-06,2026-03-06_63,0.0,0,0,100,144.0000000000001,144.0000000000001,0.0,0.0,0.0,True,False,True,False,0.0,1023.3229283232228,0.0,0.0,0.0,0.0,1023.3229283232228
2026-03-06T14:45:00Z,2026-03-06T15:00:00Z,2026-03-06,2026-03-06_64,0.0,0,0,100,144.0000000000001,144.0000000000001,0.0,0.0,0.0,True,False,True,False,0.0,1023.3229283232228,0.0,0.0,0.0,0.0,1023.3229283232228
2026-03-06T15:00:00Z,2026-03-06T15:15:00Z,2026-03-06,2026-03-06_65,0.0,0,0,100,144.0000000000001,144.0000000000001,0.0,0.0,0.0,True,False,True,False,0.0,1023.3229283232228,0.0,0.0,0.0,0.0,1023.3229283232228
2026-03-06T15:15:00Z,2026-03-06T15:30:00Z,2026-03-06,2026-03-06_66,0.0,0,0,100,144.0000000000001,144.0000000000001,0.0,0.0,0.0,True,False,True,False,0.0,1023.3229283232228,0.0,0.0,0.0,0.0,1023.3229283232228
2026-03-06T15:30:00Z,2026-03-06T15:45:00Z,2026-03-06,2026-03-06_67,0.0,0,0,100,144.0000000000001,144.0000000000001,0.0,0.0,0.0,True,False,True,False,0.0,1023.3229283232228,0.0,0.0,0.0,0.0,1023.3229283232228
2026-03-06T15:45:00Z,2026-03-06T16:00:00Z,2026-03-06,2026-03-06_68,0.0,0,0,100,144.0000000000001,144.0000000000001,0.0,0.0,0.0,True,False,True,False,0.0,1023.3229283232228,0.0,0.0,0.0,0.0,1023.3229283232228
2026-03-06T16:00:00Z,2026-03-06T16:15:00Z,2026-03-06,2026-03-06_69,0.0,0,0,100,144.0000000000001,144.0000000000001,0.0,0.0,0.0,True,False,True,False,0.0,1023.3229283232228,0.0,0.0,0.0,0.0,1023.3229283232228
2026-03-06T16:15:00Z,2026-03-06T16:30:00Z,2026-03-06,2026-03-06_70,0.0,0,0,100,144.0000000000001,144.0000000000001,0.0,0.0,0.0,True,False,True,False,0.0,1023.3229283232228,0.0,0.0,0.0,0.0,1023.3229283232228
2026-03-06T16:30:00Z,2026-03-06T16:45:00Z,2026-03-06,2026-03-06_71,0.0,0,0,100,144.0000000000001,144.0000000000001,0.0,0.0,0.0,True,False,True,False,0.0,1023.3229283232228,0.0,0.0,0.0,0.0,1023.3229283232228
2026-03-06T16:45:00Z,2026-03-06T17:00:00Z,2026-03-06,2026-03-06_72,0.0,0,0,100,144.0000000000001,144.0000000000001,0.0,0.0,0.0,True,False,True,False,0.0,1023.3229283232228,0.0,0.0,0.0,0.0,1023.3229283232228
2026-03-06T17:00:00Z,2026-03-06T17:15:00Z,2026-03-06,2026-03-06_73,0.0,0,7,93,144.0000000000001,144.12166080000011,0.00033794666666666674,0.0,0.13224000000000002,True,True,True,False,0.0,951.690323340597,0.0,3.82796395547441,0.0,-6.6105201955356625,948.9077671005358
2026-03-06T17:15:00Z,2026-03-06T17:30:00Z,2026-03-06,2026-03-06_74,7.0,0,7,93,144.12166080000011,142.26561732173926,0.005155676328502415,0.0,0.04244,True,True,True,False,279.8075,951.690323340597,0.0,3.82796395547441,0.0,-2.3099667824960246,1233.0158205135754
2026-03-06T17:30:00Z,2026-03-06T17:45:00Z,2026-03-06,2026-03-06_75,7.0,0,7,93,142.26561732173926,140.36796514782623,0.005271256038647343,0.0,0.0041600000000000005,True,True,True,False,355.425,951.690323340597,0.0,3.82796395547441,0.0,-0.28629084555431217,1310.6569964505172
2026-03-06T17:45:00Z,2026-03-06T18:00:00Z,2026-03-06,2026-03-06_76,7.0,0,7,93,140.36796514782623,138.46579123478276,0.005283816425120774,0.0,0.0,True,True,True,False,354.5325,951.690323340597,0.0,3.82796395547441,0.0,0.0,1310.0507872960716
2026-03-06T18:00:00Z,2026-03-06T18:15:00Z,2026-03-06,2026-03-06_77,100.0,0,100,0,138.46579123478276,115.58442477515543,0.06355935127674259,0.0,3.9491428571428564,True,True,True,False,4628.25,0.0,0.0,61.48772012486012,0.0,-87.55146676987538,4602.186253354985
2026-03-06T18:15:00Z,2026-03-06T18:30:00Z,2026-03-06,2026-03-06_78,100.00000000000058,0,100,0,115.58442477515543,98.72355520993789,0.04683574879227097,0.0,9.488,True,True,True,False,4476.0000000000255,0.0,0.0,61.48772012486012,0.0,-151.91752635608694,4385.570193768799
2026-03-06T18:30:00Z,2026-03-06T18:45:00Z,2026-03-06,2026-03-06_79,100.0,0,100,0,98.72355520993789,80.6682757068323,0.0501535541752933,0.0,8.389142857142856,True,True,True,False,4064.0,0.0,0.0,61.48772012486012,0.0,-73.55178570727423,4051.935934417586
2026-03-06T18:45:00Z,2026-03-06T19:00:00Z,2026-03-06,2026-03-06_80,100.0,0,100,0,80.6682757068323,64.44902104844721,0.045053485162180815,0.0,10.078285714285714,True,True,True,False,3896.0,0.0,0.0,61.48772012486012,0.0,-167.96944999284833,3789.518270132012
2026-03-06T19:00:00Z,2026-03-06T19:15:00Z,2026-03-06,2026-03-06_81,0.0,0,0,100,64.44902104844721,64.44902104844721,0.0,0.0,0.0,True,True,True,False,0.0,1023.3229283232228,0.0,0.0,0.0,0.0,1023.3229283232228
2026-03-06T19:15:00Z,2026-03-06T19:30:00Z,2026-03-06,2026-03-06_82,0.0,0,0,100,64.44902104844721,64.44902104844721,0.0,0.0,0.0,True,True,True,False,0.0,1023.3229283232228,0.0,0.0,0.0,0.0,1023.3229283232228
2026-03-06T19:30:00Z,2026-03-06T19:45:00Z,2026-03-06,2026-03-06_83,0.0,0,0,100,64.44902104844721,64.44902104844721,0.0,0.0,0.0,True,True,True,False,0.0,1023.3229283232228,0.0,0.0,0.0,0.0,1023.3229283232228
2026-03-06T19:45:00Z,2026-03-06T20:00:00Z,2026-03-06,2026-03-06_84,0.0,0,0,100,64.44902104844721,64.44902104844721,0.0,0.0,0.0,True,True,True,False,0.0,1023.3229283232228,0.0,0.0,0.0,0.0,1023.3229283232228
2026-03-06T20:00:00Z,2026-03-06T20:15:00Z,2026-03-06,2026-03-06_85,0.0,0,0,100,64.44902104844721,64.44902104844721,0.0,0.0,0.0,True,True,True,False,0.0,1023.3229283232228,0.0,0.0,0.0,0.0,1023.3229283232228
2026-03-06T20:15:00Z,2026-03-06T20:30:00Z,2026-03-06,2026-03-06_86,0.0,0,0,100,64.44902104844721,64.44902104844721,0.0,0.0,0.0,True,True,True,False,0.0,1023.3229283232228,0.0,0.0,0.0,0.0,1023.3229283232228
2026-03-06T20:30:00Z,2026-03-06T20:45:00Z,2026-03-06,2026-03-06_87,0.0,0,0,100,64.44902104844721,64.44902104844721,0.0,0.0,0.0,True,True,True,False,0.0,1023.3229283232228,0.0,0.0,0.0,0.0,1023.3229283232228
2026-03-06T20:45:00Z,2026-03-06T21:00:00Z,2026-03-06,2026-03-06_88,0.0,0,0,100,64.44902104844721,64.44902104844721,0.0,0.0,0.0,True,True,True,False,0.0,1023.3229283232228,0.0,0.0,0.0,0.0,1023.3229283232228
2026-03-06T21:00:00Z,2026-03-06T21:15:00Z,2026-03-06,2026-03-06_89,0.0,0,0,100,64.44902104844721,64.44902104844721,0.0,0.0,0.0,True,True,True,False,0.0,1023.3229283232228,0.0,0.0,0.0,0.0,1023.3229283232228
2026-03-06T21:15:00Z,2026-03-06T21:30:00Z,2026-03-06,2026-03-06_90,0.0,0,0,100,64.44902104844721,64.44902104844721,0.0,0.0,0.0,True,True,True,False,0.0,1023.3229283232228,0.0,0.0,0.0,0.0,1023.3229283232228
2026-03-06T21:30:00Z,2026-03-06T21:45:00Z,2026-03-06,2026-03-06_91,0.0,0,0,100,64.44902104844721,64.44902104844721,0.0,0.0,0.0,True,True,True,False,0.0,1023.3229283232228,0.0,0.0,0.0,0.0,1023.3229283232228
2026-03-06T21:45:00Z,2026-03-06T22:00:00Z,2026-03-06,2026-03-06_92,0.0,0,0,100,64.44902104844721,64.44902104844721,0.0,0.0,0.0,True,True,True,False,0.0,1023.3229283232228,0.0,0.0,0.0,0.0,1023.3229283232228
2026-03-06T22:00:00Z,2026-03-06T22:15:00Z,2026-03-07,2026-03-06_93,0.0,0,0,100,64.44902104844721,64.44902104844721,0.0,0.0,0.0,True,True,True,False,0.0,1023.2425747433305,0.0,0.0,0.0,0.0,1023.2425747433305
2026-03-06T22:15:00Z,2026-03-06T22:30:00Z,2026-03-07,2026-03-06_94,0.0,0,0,100,64.44902104844721,64.44902104844721,0.0,0.0,0.0,True,True,True,False,0.0,1023.2425747433305,0.0,0.0,0.0,0.0,1023.2425747433305
2026-03-06T22:30:00Z,2026-03-06T22:45:00Z,2026-03-07,2026-03-06_95,0.0,0,0,100,64.44902104844721,64.44902104844721,0.0,0.0,0.0,True,True,True,False,0.0,1023.2425747433305,0.0,0.0,0.0,0.0,1023.2425747433305
2026-03-06T22:45:00Z,2026-03-06T23:00:00Z,2026-03-07,2026-03-06_96,0.0,0,0,100,64.44902104844721,64.44902104844721,0.0,0.0,0.0,True,True,True,False,0.0,1023.2425747433305,0.0,0.0,0.0,0.0,1023.2425747433305
2026-03-06T23:00:00Z,2026-03-06T23:15:00Z,2026-03-07,2026-03-07_1,0.0,0,0,100,64.44902104844721,64.44902104844721,0.0,0.0,0.0,True,True,True,False,0.0,1023.2425747433305,0.0,0.0,0.0,0.0,1023.2425747433305
2026-03-06T23:15:00Z,2026-03-06T23:30:00Z,2026-03-07,2026-03-07_2,0.0,0,0,100,64.44902104844721,64.44902104844721,0.0,0.0,0.0,True,True,True,False,0.0,1023.2425747433305,0.0,0.0,0.0,0.0,1023.2425747433305
2026-03-06T23:30:00Z,2026-03-06T23:45:00Z,2026-03-07,2026-03-07_3,0.0,0,0,100,64.44902104844721,64.44902104844721,0.0,0.0,0.0,True,True,True,False,0.0,1023.2425747433305,0.0,0.0,0.0,0.0,1023.2425747433305
2026-03-06T23:45:00Z,2026-03-07T00:00:00Z,2026-03-07,2026-03-07_4,0.0,0,0,100,64.44902104844721,64.44902104844721,0.0,0.0,0.0,True,True,True,False,0.0,1023.2425747433305,0.0,0.0,0.0,0.0,1023.2425747433305
2026-03-07T00:00:00Z,2026-03-07T00:15:00Z,2026-03-07,2026-03-07_5,0.0,0,0,100,64.44902104844721,64.44902104844721,0.0,0.0,0.0,True,True,True,False,0.0,1023.2425747433305,0.0,0.0,0.0,0.0,1023.2425747433305
2026-03-07T00:15:00Z,2026-03-07T00:30:00Z,2026-03-07,2026-03-07_6,0.0,0,0,100,64.44902104844721,64.44902104844721,0.0,0.0,0.0,True,True,True,False,0.0,1023.2425747433305,0.0,0.0,0.0,0.0,1023.2425747433305
2026-03-07T00:30:00Z,2026-03-07T00:45:00Z,2026-03-07,2026-03-07_7,0.0,0,0,100,64.44902104844721,64.44902104844721,0.0,0.0,0.0,True,True,True,False,0.0,1023.2425747433305,0.0,0.0,0.0,0.0,1023.2425747433305
2026-03-07T00:45:00Z,2026-03-07T01:00:00Z,2026-03-07,2026-03-07_8,0.0,0,0,100,64.44902104844721,64.44902104844721,0.0,0.0,0.0,True,True,True,False,0.0,1023.2425747433305,0.0,0.0,0.0,0.0,1023.2425747433305
2026-03-07T01:00:00Z,2026-03-07T01:15:00Z,2026-03-07,2026-03-07_9,0.0,0,0,100,64.44902104844721,64.44902104844721,0.0,0.0,0.0,True,True,True,False,0.0,1023.2425747433305,0.0,0.0,0.0,0.0,1023.2425747433305
2026-03-07T01:15:00Z,2026-03-07T01:30:00Z,2026-03-07,2026-03-07_10,0.0,0,0,100,64.44902104844721,64.44902104844721,0.0,0.0,0.0,True,True,True,False,0.0,1023.2425747433305,0.0,0.0,0.0,0.0,1023.2425747433305
2026-03-07T01:30:00Z,2026-03-07T01:45:00Z,2026-03-07,2026-03-07_11,0.0,0,0,100,64.44902104844721,64.44902104844721,0.0,0.0,0.0,True,True,True,False,0.0,1023.2425747433305,0.0,0.0,0.0,0.0,1023.2425747433305
2026-03-07T01:45:00Z,2026-03-07T02:00:00Z,2026-03-07,2026-03-07_12,0.0,0,0,100,64.44902104844721,64.44902104844721,0.0,0.0,0.0,True,True,True,False,0.0,1023.2425747433305,0.0,0.0,0.0,0.0,1023.2425747433305
2026-03-07T02:00:00Z,2026-03-07T02:15:00Z,2026-03-07,2026-03-07_13,-100.0,100,0,0,64.44902104844721,74.2231010484472,0.027150222222222225,14.376,0.0,True,True,True,False,-3359.7499999999995,0.0,102.02979917944288,0.0,4329.066516950982,0.0,1071.3463161304253
2026-03-07T02:15:00Z,2026-03-07T02:30:00Z,2026-03-07,2026-03-07_14,-100.00000000000007,100,0,0,74.2231010484472,92.03903247701865,0.049488698412698456,5.634857142857143,0.0,True,True,True,False,-3315.5000000000023,0.0,102.02979917944288,0.0,1205.1178631862633,0.0,-2008.352337634296
2026-03-07T02:30:00Z,2026-03-07T02:45:00Z,2026-03-07,2026-03-07_15,-100.0,100,0,0,92.03903247701865,102.96390104844723,0.03034685714285714,13.125142857142858,0.0,True,True,True,False,-3277.25,0.0,102.02979917944288,0.0,3233.269349808041,0.0,58.049148987484045
2026-03-07T02:45:00Z,2026-03-07T03:00:00Z,2026-03-07,2026-03-07_16,-0.5650443694137687,100,0,0,102.96390104844723,99.13456762236025,0.011253750038755655,3.6457142857142855,0.0,True,True,True,False,-18.524979651230403,0.0,102.02979917944288,0.0,603.2357836937409,0.0,686.7406032219534
2026-03-07T03:00:00Z,2026-03-07T03:15:00Z,2026-03-07,2026-03-07_17,-0.9999999999999708,100,99,0,99.13456762236025,84.48001205465837,0.04128389498964803,13.714857142857143,0.0,True,True,True,False,-32.77999999999904,0.0,102.20647415637698,80.10796804145973,4076.1133735105323,0.0,4225.64781570837
2026-03-07T03:15:00Z,2026-03-07T03:30:00Z,2026-03-07,2026-03-07_18,0.0,100,99,0,84.48001205465837,79.89119217888198,0.012746721877156659,4.2217142857142855,0.0,True,True,True,False,0.0,0.0,102.20647415637698,80.10796804145973,803.1865089865867,0.0,985.5009511844233
2026-03-07T03:30:00Z,2026-03-07T03:45:00Z,2026-03-07,2026-03-07_19,-0.9999999999999707,100,99,0,79.89119217888198,69.0835137490683,0.030779292146307792,10.170285714285713,0.0,True,True,True,False,-33.20249999999903,0.0,102.20647415637698,80.10796804145973,2892.2095641175924,0.0,3041.3215063154303
2026-03-07T03:45:00Z,2026-03-07T04:00:00Z,2026-03-07,2026-03-07_20,0.0,100,99,0,69.0835137490683,64.3478260869565,0.0140192250931677,4.5,0.16914857142857143,True,True,True,False,0.0,0.0,102.20647415637698,80.10796804145973,974.487937025186,-8.726321041428879,1148.076058181594
2026-03-07T04:00:00Z,2026-03-07T04:15:00Z,2026-03-07,2026-03-07_21,0.0,0,0,100,64.3478260869565,64.3478260869565,0.0,0.0,0.0,True,True,True,False,0.0,1023.2425747433305,0.0,0.0,0.0,0.0,1023.2425747433305
2026-03-07T04:15:00Z,2026-03-07T04:30:00Z,2026-03-07,2026-03-07_22,0.0,0,0,100,64.3478260869565,64.3478260869565,0.0,0.0,0.0,True,True,True,False,0.0,1023.2425747433305,0.0,0.0,0.0,0.0,1023.2425747433305
2026-03-07T04:30:00Z,2026-03-07T04:45:00Z,2026-03-07,2026-03-07_23,0.0,0,0,100,64.3478260869565,64.3478260869565,0.0,0.0,0.0,True,True,True,False,0.0,1023.2425747433305,0.0,0.0,0.0,0.0,1023.2425747433305
2026-03-07T04:45:00Z,2026-03-07T05:00:00Z,2026-03-07,2026-03-07_24,0.0,0,0,100,64.3478260869565,64.3478260869565,0.0,0.0,0.0,True,True,True,False,0.0,1023.2425747433305,0.0,0.0,0.0,0.0,1023.2425747433305
2026-03-07T05:00:00Z,2026-03-07T05:15:00Z,2026-03-07,2026-03-07_25,56.5400713142857,43,100,0,64.3478260869565,45.1951359006211,0.053201917184264993,3.485457142857143,0.0,True,True,True,False,1974.5206404731423,0.0,45.3415716220726,66.19422469130956,806.213379932527,0.0,2892.2698167190515
2026-03-07T05:15:00Z,2026-03-07T05:30:00Z,2026-03-07,2026-03-07_26,57.000000000000036,43,100,0,45.1951359006211,31.18472965962731,0.04252968590752246,0.17445714285714287,1.6434285714285715,True,True,True,False,2100.3075000000013,0.0,45.3415716220726,66.19422469130956,26.586897335012218,-82.43403646235,2155.996157186046
2026-03-07T05:30:00Z,2026-03-07T05:45:00Z,2026-03-07,2026-03-07_27,57.000000000000036,43,100,0,31.18472965962731,16.29832248447202,0.04269993866114564,0.018674285714285713,0.6137142857142858,True,True,True,False,2139.3525000000013,0.0,45.3415716220726,66.19422469130956,2.691856073272441,-32.298158485867404,2221.2819939007886
2026-03-07T05:45:00Z,2026-03-07T06:00:00Z,2026-03-07,2026-03-07_28,0.0,43,100,0,16.29832248447202,28.309316770186307,0.03336387301587302,0.0,13.055428571428573,True,True,True,False,0.0,0.0,45.3415716220726,66.19422469130956,0.0,1087.0468396211866,1198.5826359345688
2026-03-07T06:00:00Z,2026-03-07T06:15:00Z,2026-03-07,2026-03-07_29,100.0,0,100,0,28.309316770186307,9.999999999999972,0.0508592132505176,0.0,8.155428571428573,True,True,True,False,3785.25,0.0,0.0,78.03144814589427,0.0,3876.555799510358,7739.837247656253
2026-03-07T06:15:00Z,2026-03-07T06:30:00Z,2026-03-07,2026-03-07_30,41.319380532372044,0,100,0,9.999999999999972,9.999999999999972,0.03405070551670494,0.0,11.353142857142856,True,True,True,False,956.8535546784055,0.0,0.0,78.03144814589427,0.0,1690.5732554467775,2725.4582582710773
2026-03-07T06:30:00Z,2026-03-07T06:45:00Z,2026-03-07,2026-03-07_31,53.684926016686106,0,100,0,9.999999999999972,9.999999999999975,0.03420422615500664,0.0,14.449142857142858,True,True,True,False,883.788094549695,0.0,0.0,78.03144814589427,0.0,3935.459099294142,4897.278641989731
2026-03-07T06:45:00Z,2026-03-07T07:00:00Z,2026-03-07,2026-03-07_32,0.3631169553513712,0,100,0,9.999999999999975,27.878925714285693,0.049783669011885606,0.0,19.528000000000002,True,True,True,False,1.1592508799592525,0.0,0.0,78.03144814589427,0.0,14394.161213953399,14473.351912979253
2026-03-07T07:00:00Z,2026-03-07T07:15:00Z,2026-03-07,2026-03-07_33,0.0,100,100,0,27.878925714285693,36.20991999999998,0.023141650793650794,0.0,9.055428571428571,True,True,True,False,0.0,0.0,90.36925070179228,88.39638012602815,0.0,6561.590456186007,6740.356087013827
2026-03-07T07:15:00Z,2026-03-07T07:30:00Z,2026-03-07,2026-03-07_34,0.0,100,100,0,36.20991999999998,37.58914981366458,0.006464044168391994,0.436,2.0142857142857142,True,True,True,False,0.0,0.0,90.36925070179228,88.39638012602815,52.32855892110481,102.28645744236327,333.3806471912885
2026-03-07T07:30:00Z,2026-03-07T07:45:00Z,2026-03-07,2026-03-07_35,0.0,100,100,0,37.58914981366458,42.13184695652172,0.012618603174603176,0.0,4.937714285714286,True,True,True,False,0.0,0.0,90.36925070179228,88.39638012602815,0.0,-38.95813049830756,139.80750032951286
2026-03-07T07:45:00Z,2026-03-07T08:00:00Z,2026-03-07,2026-03-07_36,0.0,100,100,0,42.13184695652172,45.32608695652172,0.00887288888888889,0.0,3.472,True,True,True,False,0.0,0.0,90.36925070179228,88.39638012602815,0.0,70.25720578708702,249.02283661490745
2026-03-07T08:00:00Z,2026-03-07T08:15:00Z,2026-03-07,2026-03-07_37,-16.183993815948746,35,17,65,45.32608695652172,48.45556417874879,0.01182444838560932,0.9646,0.41431428571428564,True,True,True,False,-11.814315485642584,665.1076735831648,30.547103511905927,15.047407785477317,142.20242610078324,32.00218165552866,873.0924771512174
2026-03-07T08:15:00Z,2026-03-07T08:30:00Z,2026-03-07,2026-03-07_38,-18.0,35,17,65,48.45556417874879,51.353270265705305,0.011882689440993788,1.307,0.07188571428571429,True,True,True,False,-0.045,665.1076735831648,30.547103511905927,15.047407785477317,187.47846508706147,-3.5605731897124686,894.575076777897
2026-03-07T08:30:00Z,2026-03-07T08:45:00Z,2026-03-07,2026-03-07_39,-18.0,35,17,65,51.353270265705305,55.62489584582953,0.011958897832988268,0.0318,0.17767428571428573,True,True,True,False,-0.045,665.1076735831648,30.547103511905927,15.047407785477317,2.832541567695962,-9.051514483702435,704.4382119645416
2026-03-07T08:45:00Z,2026-03-07T09:00:00Z,2026-03-07,2026-03-07_40,-18.0,35,17,65,55.62489584582953,60.60686407440095,0.013838800634920635,0.0,0.9151828571428571,True,True,True,False,-0.0,665.1076735831648,30.547103511905927,15.047407785477317,0.0,53.71284919416579,764.4150340747138
2026-03-07T09:00:00Z,2026-03-07T09:15:00Z,2026-03-07,2026-03-07_41,-7.0,7,0,93,60.60686407440095,62.11205767440095,0.0041810933333333335,0.11392,0.0,True,True,True,False,-0.0,951.6155945112972,6.59174338941128,0.0,15.080976533636953,0.0,973.2883144343455
2026-03-07T09:15:00Z,2026-03-07T09:30:00Z,2026-03-07,2026-03-07_42,-7.0,7,0,93,62.11205767440095,63.50335527440095,0.003864715555555556,0.23772,0.0,True,True,True,False,-0.0,951.6155945112972,6.59174338941128,0.0,34.71404519738521,0.0,992.9213830980937
2026-03-07T09:30:00Z,2026-03-07T09:45:00Z,2026-03-07,2026-03-07_43,-7.0,7,0,93,63.50335527440095,65.06511047440095,0.004338208888888888,0.052439999999999994,0.0,True,True,True,False,-0.0,951.6155945112972,6.59174338941128,0.0,6.886789211048075,0.0,965.0941271117566
2026-03-07T09:45:00Z,2026-03-07T10:00:00Z,2026-03-07,2026-03-07_44,-7.0,7,0,93,65.06511047440095,66.67500007440094,0.0044719155555555555,0.00011999999999999999,0.0,True,True,True,False,-0.0,951.6155945112972,6.59174338941128,0.0,0.010600498616046014,0.0,958.2179383993246
2026-03-07T10:00:00Z,2026-03-07T10:15:00Z,2026-03-07,2026-03-07_45,0.0,7,7,93,66.67500007440094,67.29423367440094,0.0017200933333333334,0.0,0.67308,True,True,True,False,0.0,951.6155945112972,6.59174338941128,6.270194931391218,0.0,49.41359323923755,1013.8911260713372
2026-03-07T10:15:00Z,2026-03-07T10:30:00Z,2026-03-07,2026-03-07_46,0.0,7,7,93,67.29423367440094,68.18825287440094,0.0024833866666666665,0.0,0.97176,True,True,True,False,0.0,951.6155945112972,6.59174338941128,6.270194931391218,0.0,109.19476033843073,1073.6722931705303
2026-03-07T10:30:00Z,2026-03-07T10:45:00Z,2026-03-07,2026-03-07_47,0.0,7,7,93,68.18825287440094,68.47661767440094,0.0008010133333333334,0.0,0.31344,True,True,True,False,0.0,951.6155945112972,6.59174338941128,6.270194931391218,0.0,3.6363617832394337,968.1138946153392
2026-03-07T10:45:00Z,2026-03-07T11:00:00Z,2026-03-07,2026-03-07_48,0.0,7,7,93,68.47661767440094,68.68924807440094,0.00059064,0.0,0.23112,True,True,True,False,0.0,951.6155945112972,6.59174338941128,6.270194931391218,0.0,-11.389083276731906,953.0884495553678
2026-03-07T11:00:00Z,2026-03-07T11:15:00Z,2026-03-07,2026-03-07_49,-7.0,7,0,93,68.68924807440094,70.29924807440094,0.004472222222222222,0.0,0.0,True,True,True,False,3.5174999999999996,951.6155945112972,6.571131308768968,0.0,0.0,0.0,961.7042258200662
2026-03-07T11:15:00Z,2026-03-07T11:30:00Z,2026-03-07,2026-03-07_50,-7.0,7,0,93,70.29924807440094,71.90924807440094,0.004472222222222222,0.0,0.0,True,True,True,False,4.672499999999999,951.6155945112972,6.571131308768968,0.0,0.0,0.0,962.8592258200662
2026-03-07T11:30:00Z,2026-03-07T11:45:00Z,2026-03-07,2026-03-07_51,-7.0,7,0,93,71.90924807440094,73.51924807440093,0.004472222222222223,0.0,0.0,True,True,True,False,5.4425,951.6155945112972,6.571131308768968,0.0,0.0,0.0,963.6292258200662
2026-03-07T11:45:00Z,2026-03-07T12:00:00Z,2026-03-07,2026-03-07_52,-7.0,7,0,93,73.51924807440093,75.12924807440093,0.004472222222222221,0.0,0.0,True,True,True,False,6.055,951.6155945112972,6.571131308768968,0.0,0.0,0.0,964.2417258200662
2026-03-07T12:00:00Z,2026-03-07T12:15:00Z,2026-03-07,2026-03-07_53,-45.0,45,0,55,75.12924807440093,85.47924807440093,0.028750000000000005,0.0,0.0,True,True,True,False,11.3625,562.7834161088317,39.857874796333014,0.0,0.0,0.0,614.0037909051647
2026-03-07T12:15:00Z,2026-03-07T12:30:00Z,2026-03-07,2026-03-07_54,-45.0,45,0,55,85.47924807440093,95.81505378868664,0.02871057142857143,0.015428571428571429,0.0,True,True,True,False,4.3875,562.7834161088317,39.857874796333014,0.0,1.3629212506344877,0.0,608.3917121557993
2026-03-07T12:30:00Z,2026-03-07T12:45:00Z,2026-03-07,2026-03-07_55,-45.00000000000002,45,0,55,95.81505378868664,102.85636578868665,0.019559200000000016,3.5964,0.0,True,True,True,False,0.11250000000000006,562.7834161088317,39.857874796333014,0.0,571.657526236234,0.0,1174.4113171413987
2026-03-07T12:45:00Z,2026-03-07T13:00:00Z,2026-03-07,2026-03-07_56,-45.000000000000036,45,0,55,102.85636578868665,109.10232464582951,0.01734988571428574,4.460914285714286,0.0,True,True,True,False,-0.0,562.7834161088317,39.857874796333014,0.0,757.5095003014692,0.0,1360.1507912066338
2026-03-07T13:00:00Z,2026-03-07T13:15:00Z,2026-03-07,2026-03-07_57,-99.99999999999994,100,0,0,109.10232464582951,127.29361607440093,0.05053136507936506,5.226857142857143,0.0,True,True,True,False,-0.0,0.0,78.82648554209771,0.0,1476.4145081004076,0.0,1555.2409936425054
2026-03-07T13:15:00Z,2026-03-07T13:30:00Z,2026-03-07,2026-03-07_58,-100.0,100,0,0,127.29361607440093,142.99775321725807,0.043622603174603175,7.930285714285715,0.0,True,True,True,False,-0.0,0.0,78.82648554209771,0.0,2080.1303977991347,0.0,2158.9568833412322
2026-03-07T13:30:00Z,2026-03-07T13:45:00Z,2026-03-07,2026-03-07_59,-100.0,100,0,0,142.99775321725807,165.80586750297235,0.06335587301587302,0.20857142857142857,0.0,True,True,True,False,-0.0,0.0,78.82648554209771,0.0,26.753776217304615,0.0,105.58026175940233
2026-03-07T13:45:00Z,2026-03-07T14:00:00Z,2026-03-07,2026-03-07_60,-100.0,100,0,0,165.80586750297235,188.3958103601152,0.06274984126984127,0.44571428571428573,0.0,True,True,True,False,-0.25,0.0,78.82648554209771,0.0,53.87244739712889,0.0,132.4489329392266
2026-03-07T14:00:00Z,2026-03-07T14:15:00Z,2026-03-07,2026-03-07_61,0.40967086934208596,0,100,0,188.3958103601152,189.89647286341577,0.004743657712413644,0.0,1.750857142857143,True,True,True,False,0.5745633942522756,0.0,0.0,88.39638012602815,0.0,-76.60588591283472,12.365057607445703
2026-03-07T14:15:00Z,2026-03-07T14:30:00Z,2026-03-07,2026-03-07_62,0.03724949109139416,0,100,0,189.89647286341577,189.98992343425152,0.00031556583981296273,0.0,0.11257142857142857,True,True,True,False,0.4131899799312897,0.0,0.0,88.39638012602815,0.0,-6.426036170696071,82.38353393526337
2026-03-07T14:30:00Z,2026-03-07T14:45:00Z,2026-03-07,2026-03-07_63,78.46361741600069,0,100,0,189.98992343425152,168.7217391304347,0.05913427065364915,0.0,0.05085714285714285,True,True,True,False,1997.2913813242974,0.0,0.0,88.39638012602815,0.0,-3.2592359227902303,2082.4285255275354
2026-03-07T14:45:00Z,2026-03-07T15:00:00Z,2026-03-07,2026-03-07_64,100.0,0,100,0,168.7217391304347,143.99999999999994,0.06867149758454105,0.0,2.2560000000000002,True,True,True,False,3377.0000000000005,0.0,0.0,88.39638012602815,0.0,-38.30297481400052,3427.093405312028
2026-03-07T15:00:00Z,2026-03-07T15:15:00Z,2026-03-07,2026-03-07_65,0.0,0,0,100,143.99999999999994,143.99999999999994,0.0,0.0,0.0,True,True,True,False,0.0,1023.2425747433305,0.0,0.0,0.0,0.0,1023.2425747433305
2026-03-07T15:15:00Z,2026-03-07T15:30:00Z,2026-03-07,2026-03-07_66,0.0,0,0,100,143.99999999999994,143.99999999999994,0.0,0.0,0.0,True,True,True,False,0.0,1023.2425747433305,0.0,0.0,0.0,0.0,1023.2425747433305
2026-03-07T15:30:00Z,2026-03-07T15:45:00Z,2026-03-07,2026-03-07_67,0.0,0,0,100,143.99999999999994,143.99999999999994,0.0,0.0,0.0,True,True,True,False,0.0,1023.2425747433305,0.0,0.0,0.0,0.0,1023.2425747433305
2026-03-07T15:45:00Z,2026-03-07T16:00:00Z,2026-03-07,2026-03-07_68,0.0,0,0,100,143.99999999999994,143.99999999999994,0.0,0.0,0.0,True,True,True,False,0.0,1023.2425747433305,0.0,0.0,0.0,0.0,1023.2425747433305
2026-03-07T16:00:00Z,2026-03-07T16:15:00Z,2026-03-07,2026-03-07_69,0.0,0,0,100,143.99999999999994,143.99999999999994,0.0,0.0,0.0,True,True,True,False,0.0,1023.2425747433305,0.0,0.0,0.0,0.0,1023.2425747433305
2026-03-07T16:15:00Z,2026-03-07T16:30:00Z,2026-03-07,2026-03-07_70,0.0,0,0,100,143.99999999999994,143.99999999999994,0.0,0.0,0.0,True,True,True,False,0.0,1023.2425747433305,0.0,0.0,0.0,0.0,1023.2425747433305
2026-03-07T16:30:00Z,2026-03-07T16:45:00Z,2026-03-07,2026-03-07_71,0.0,0,0,100,143.99999999999994,143.99999999999994,0.0,0.0,0.0,True,True,True,False,0.0,1023.2425747433305,0.0,0.0,0.0,0.0,1023.2425747433305
2026-03-07T16:45:00Z,2026-03-07T17:00:00Z,2026-03-07,2026-03-07_72,0.0,0,0,100,143.99999999999994,143.99999999999994,0.0,0.0,0.0,True,True,True,False,0.0,1023.2425747433305,0.0,0.0,0.0,0.0,1023.2425747433305
2026-03-07T17:00:00Z,2026-03-07T17:15:00Z,2026-03-07,2026-03-07_73,100.0,0,100,0,143.99999999999994,130.7708074534161,0.03674775707384403,0.0,12.829142857142859,True,True,True,False,3879.75,0.0,0.0,66.22367052079856,0.0,385.59455717679003,4331.568227697589
2026-03-07T17:15:00Z,2026-03-07T17:30:00Z,2026-03-07,2026-03-07_74,100.0,0,100,0,130.7708074534161,118.37701863354032,0.0344271911663216,0.0,13.597714285714286,True,True,True,False,4076.75,0.0,0.0,66.22367052079856,0.0,312.77599015107114,4455.74966067187
2026-03-07T17:30:00Z,2026-03-07T17:45:00Z,2026-03-07,2026-03-07_75,100.0,0,100,0,118.37701863354032,106.13291925465833,0.03401138716356108,0.0,13.73542857142857,True,True,True,False,4473.5,0.0,0.0,66.22367052079856,0.0,337.3984900178638,4877.122160538663
2026-03-07T17:45:00Z,2026-03-07T18:00:00Z,2026-03-07,2026-03-07_76,99.99999999999991,0,100,0,106.13291925465833,84.30559006211178,0.06063146997929603,0.0,4.918857142857143,True,True,True,False,4333.499999999996,0.0,0.0,66.22367052079856,0.0,-127.85784159265482,4271.86582892814
2026-03-07T18:00:00Z,2026-03-07T18:15:00Z,2026-03-07,2026-03-07_77,0.0,100,100,0,84.30559006211178,88.40422658385091,0.011854390614216703,0.07771428571428572,4.546857142857143,True,True,True,False,0.0,0.0,105.44551540016883,70.19885750181584,11.800882477487965,-119.13085255491647,68.31440282455615
2026-03-07T18:15:00Z,2026-03-07T18:30:00Z,2026-03-07,2026-03-07_78,0.0,100,100,0,88.40422658385091,99.54411229813662,0.03094412698412699,0.0,12.10857142857143,True,True,True,False,0.0,0.0,105.44551540016883,70.19885750181584,0.0,179.25991132598782,354.9042842279725
2026-03-07T18:30:00Z,2026-03-07T18:45:00Z,2026-03-07,2026-03-07_79,0.0,100,100,0,99.54411229813662,106.12815801242233,0.01828901587301587,0.0,7.156571428571428,True,True,True,False,0.0,0.0,105.44551540016883,70.19885750181584,0.0,-111.28011284763603,64.36426005434863
2026-03-07T18:45:00Z,2026-03-07T19:00:00Z,2026-03-07,2026-03-07_80,0.0,100,100,0,106.12815801242233,122.59090086956519,0.04572984126984128,0.0,17.894285714285715,True,True,True,False,0.0,0.0,105.44551540016883,70.19885750181584,0.0,1133.6443274712763,1309.288700373261
2026-03-07T19:00:00Z,2026-03-07T19:15:00Z,2026-03-07,2026-03-07_81,100.0,0,100,0,122.59090086956519,102.75177043478257,0.05510869565217392,0.0,6.748,True,True,True,False,3989.5000000000005,0.0,0.0,70.22830333130484,0.0,-49.81155532871361,4009.9167480025917
2026-03-07T19:15:00Z,2026-03-07T19:30:00Z,2026-03-07,2026-03-07_82,100.0,0,100,0,102.75177043478257,83.44493813664593,0.053630089717046234,0.0,7.237714285714286,True,True,True,False,3843.0,0.0,0.0,70.22830333130484,0.0,17.25707734718316,3930.485380678488
2026-03-07T19:30:00Z,2026-03-07T19:45:00Z,2026-03-07,2026-03-07_83,100.0,0,100,0,83.44493813664593,68.61015552795028,0.04120772946859903,0.0,11.352,True,True,True,False,3672.75,0.0,0.0,70.22830333130484,0.0,29.041295616497518,3772.0195989478025
2026-03-07T19:45:00Z,2026-03-07T20:00:00Z,2026-03-07,2026-03-07_84,44.75449446855051,0,100,0,68.61015552795028,64.34782608695649,0.03426288486437673,0.0,7.941142857142857,True,True,True,False,1564.5052403843547,0.0,0.0,70.22830333130484,0.0,-11.139829775061907,1623.5937139405976
2026-03-07T20:00:00Z,2026-03-07T20:15:00Z,2026-03-07,2026-03-07_85,0.0,0,0,100,64.34782608695649,64.34782608695649,0.0,0.0,0.0,True,True,True,False,0.0,1023.2425747433305,0.0,0.0,0.0,0.0,1023.2425747433305
2026-03-07T20:15:00Z,2026-03-07T20:30:00Z,2026-03-07,2026-03-07_86,0.0,0,0,100,64.34782608695649,64.34782608695649,0.0,0.0,0.0,True,True,True,False,0.0,1023.2425747433305,0.0,0.0,0.0,0.0,1023.2425747433305
2026-03-07T20:30:00Z,2026-03-07T20:45:00Z,2026-03-07,2026-03-07_87,0.0,0,0,100,64.34782608695649,64.34782608695649,0.0,0.0,0.0,True,True,True,False,0.0,1023.2425747433305,0.0,0.0,0.0,0.0,1023.2425747433305
2026-03-07T20:45:00Z,2026-03-07T21:00:00Z,2026-03-07,2026-03-07_88,0.0,0,0,100,64.34782608695649,64.34782608695649,0.0,0.0,0.0,True,True,True,False,0.0,1023.2425747433305,0.0,0.0,0.0,0.0,1023.2425747433305
2026-03-07T21:00:00Z,2026-03-07T21:15:00Z,2026-03-07,2026-03-07_89,0.0,0,0,100,64.34782608695649,64.34782608695649,0.0,0.0,0.0,True,True,True,False,0.0,1023.2425747433305,0.0,0.0,0.0,0.0,1023.2425747433305
2026-03-07T21:15:00Z,2026-03-07T21:30:00Z,2026-03-07,2026-03-07_90,0.0,0,0,100,64.34782608695649,64.34782608695649,0.0,0.0,0.0,True,True,True,False,0.0,1023.2425747433305,0.0,0.0,0.0,0.0,1023.2425747433305
2026-03-07T21:30:00Z,2026-03-07T21:45:00Z,2026-03-07,2026-03-07_91,0.0,0,0,100,64.34782608695649,64.34782608695649,0.0,0.0,0.0,True,True,True,False,0.0,1023.2425747433305,0.0,0.0,0.0,0.0,1023.2425747433305
2026-03-07T21:45:00Z,2026-03-07T22:00:00Z,2026-03-07,2026-03-07_92,0.0,0,0,100,64.34782608695649,64.34782608695649,0.0,0.0,0.0,True,True,True,False,0.0,1023.2425747433305,0.0,0.0,0.0,0.0,1023.2425747433305
2026-03-07T22:00:00Z,2026-03-07T22:15:00Z,2026-03-08,2026-03-07_93,0.0,0,0,100,64.34782608695649,64.34782608695649,0.0,0.0,0.0,True,True,True,False,0.0,1023.2425747433305,0.0,0.0,0.0,0.0,1023.2425747433305
2026-03-07T22:15:00Z,2026-03-07T22:30:00Z,2026-03-08,2026-03-07_94,0.0,0,0,100,64.34782608695649,64.34782608695649,0.0,0.0,0.0,True,True,True,False,0.0,1023.2425747433305,0.0,0.0,0.0,0.0,1023.2425747433305
2026-03-07T22:30:00Z,2026-03-07T22:45:00Z,2026-03-08,2026-03-07_95,0.0,0,0,100,64.34782608695649,64.34782608695649,0.0,0.0,0.0,True,True,True,False,0.0,1023.2425747433305,0.0,0.0,0.0,0.0,1023.2425747433305
2026-03-07T22:45:00Z,2026-03-07T23:00:00Z,2026-03-08,2026-03-07_96,0.0,0,0,100,64.34782608695649,64.34782608695649,0.0,0.0,0.0,True,True,True,False,0.0,1023.2425747433305,0.0,0.0,0.0,0.0,1023.2425747433305
2026-03-07T23:00:00Z,2026-03-07T23:15:00Z,2026-03-08,2026-03-08_1,0.0,0,0,100,64.34782608695649,64.34782608695649,0.0,0.0,0.0,True,True,True,False,0.0,1023.2425747433305,0.0,0.0,0.0,0.0,1023.2425747433305
2026-03-07T23:15:00Z,2026-03-07T23:30:00Z,2026-03-08,2026-03-08_2,0.0,0,0,100,64.34782608695649,64.34782608695649,0.0,0.0,0.0,True,True,True,False,0.0,1023.2425747433305,0.0,0.0,0.0,0.0,1023.2425747433305
2026-03-07T23:30:00Z,2026-03-07T23:45:00Z,2026-03-08,2026-03-08_3,6.178632484870436e-14,0,0,100,64.34782608695649,64.34782608695647,4.663822829763312e-17,0.0,0.0,True,True,True,False,2.0758660491043446e-12,1023.2425747433305,0.0,0.0,0.0,0.0,1023.2425747433325
2026-03-07T23:45:00Z,2026-03-08T00:00:00Z,2026-03-08,2026-03-08_4,0.0,0,0,100,64.34782608695647,64.34782608695647,0.0,0.0,0.0,True,True,True,False,0.0,1023.2425747433305,0.0,0.0,0.0,0.0,1023.2425747433305
2026-03-08T00:00:00Z,2026-03-08T00:15:00Z,2026-03-08,2026-03-08_5,0.0,100,100,0,64.34782608695647,67.68926608695648,0.009281777777777778,0.0,3.6319999999999997,True,True,True,False,0.0,0.0,102.02979917944288,80.91713943581792,0.0,-125.28728057949391,57.65965803576688
2026-03-08T00:15:00Z,2026-03-08T00:30:00Z,2026-03-08,2026-03-08_6,0.0,100,100,0,67.68926608695648,69.40668124223599,0.004812005521049,0.006857142857142857,1.874857142857143,True,True,True,False,0.0,0.0,102.02979917944288,80.91713943581792,0.9086141670896583,-45.78109577746805,138.0744570048824
2026-03-08T00:30:00Z,2026-03-08T00:45:00Z,2026-03-08,2026-03-08_7,0.0,100,100,0,69.40668124223599,80.23481838509313,0.030078158730158736,0.0,11.769714285714286,True,True,True,False,0.0,0.0,102.02979917944288,80.91713943581792,0.0,506.39276002770714,689.339698642968
2026-03-08T00:45:00Z,2026-03-08T01:00:00Z,2026-03-08,2026-03-08_8,0.0,100,100,0,80.23481838509313,91.24853267080742,0.03059365079365079,0.0,11.97142857142857,True,True,True,False,0.0,0.0,102.02979917944288,80.91713943581792,0.0,195.0148322849683,377.9617709002291
2026-03-08T01:00:00Z,2026-03-08T01:15:00Z,2026-03-08,2026-03-08_9,0.0,0,0,100,91.24853267080742,91.24853267080742,0.0,0.0,0.0,True,True,True,False,0.0,1023.2425747433305,0.0,0.0,0.0,0.0,1023.2425747433305
2026-03-08T01:15:00Z,2026-03-08T01:30:00Z,2026-03-08,2026-03-08_10,0.0,0,0,100,91.24853267080742,91.24853267080742,0.0,0.0,0.0,True,True,True,False,0.0,1023.2425747433305,0.0,0.0,0.0,0.0,1023.2425747433305
2026-03-08T01:30:00Z,2026-03-08T01:45:00Z,2026-03-08,2026-03-08_11,0.0,0,0,100,91.24853267080742,91.24853267080742,0.0,0.0,0.0,True,True,True,False,0.0,1023.2425747433305,0.0,0.0,0.0,0.0,1023.2425747433305
2026-03-08T01:45:00Z,2026-03-08T02:00:00Z,2026-03-08,2026-03-08_12,0.0,0,0,100,91.24853267080742,91.24853267080742,0.0,0.0,0.0,True,True,True,False,0.0,1023.2425747433305,0.0,0.0,0.0,0.0,1023.2425747433305
2026-03-08T02:00:00Z,2026-03-08T02:15:00Z,2026-03-08,2026-03-08_13,-4.682244929940878e-14,100,100,0,91.24853267080742,88.19946434782607,0.008469634230503818,2.805142857142857,0.0,True,True,True,False,-1.6063611793394665e-12,0.0,102.02979917944288,80.91713943581792,438.5083499959337,0.0,621.4552886111929
2026-03-08T02:15:00Z,2026-03-08T02:30:00Z,2026-03-08,2026-03-08_14,0.0,100,100,0,88.19946434782607,79.22865689440992,0.024918909592822634,8.253142857142857,0.0,True,True,True,False,0.0,0.0,102.02979917944288,80.91713943581792,1918.3644075639324,0.0,2101.311346179193
2026-03-08T02:30:00Z,2026-03-08T02:45:00Z,2026-03-08,2026-03-08_15,0.0,100,100,0,79.22865689440992,68.18393639751551,0.030679779158040026,10.161142857142858,0.0,True,True,True,False,0.0,0.0,102.02979917944288,80.91713943581792,2761.5226035722003,0.0,2944.4695421874612
2026-03-08T02:45:00Z,2026-03-08T03:00:00Z,2026-03-08,2026-03-08_16,0.0,100,100,0,68.18393639751551,48.12182459627327,0.055728088336783985,18.457142857142856,0.0,True,True,True,False,0.0,0.0,102.02979917944288,80.91713943581792,9649.251240230293,0.0,9832.198178845554
2026-03-08T03:00:00Z,2026-03-08T03:15:00Z,2026-03-08,2026-03-08_17,-100.0,100,0,0,48.12182459627327,58.47629316770184,0.0287624126984127,13.745142857142856,0.0,True,True,True,False,-3350.5000000000005,0.0,102.20647415637698,0.0,4039.678624963893,0.0,791.3850991202696
2026-03-08T03:15:00Z,2026-03-08T03:30:00Z,2026-03-08,2026-03-08_18,-100.0,100,0,0,58.47629316770184,66.16065888198756,0.02134546031746032,16.64742857142857,0.0,True,True,True,False,-3341.7499999999995,0.0,102.20647415637698,0.0,5140.699537560258,0.0,1901.1560117166357
2026-03-08T03:30:00Z,2026-03-08T03:45:00Z,2026-03-08,2026-03-08_19,-100.0,100,0,0,66.16065888198756,75.01841888198756,0.02460488888888889,15.372,0.0,True,True,True,False,-3352.0000000000005,0.0,102.20647415637698,0.0,4545.98210086178,0.0,1296.1885750181566
2026-03-08T03:45:00Z,2026-03-08T04:00:00Z,2026-03-08,2026-03-08_20,-100.0,100,0,0,75.01841888198756,79.71357316770184,0.013042095238095233,19.89657142857143,0.0,True,True,True,False,-3375.5000000000005,0.0,102.20647415637698,0.0,8073.795196571946,0.0,4800.501670728322
2026-03-08T04:00:00Z,2026-03-08T04:15:00Z,2026-03-08,2026-03-08_21,-42.000000000000256,100,58,0,79.71357316770184,70.96189102111806,0.039107508184955043,18.106857142857145,0.0,True,True,True,False,-1413.3000000000086,0.0,104.17934473214112,44.96790404585696,8603.35013323537,0.0,7339.197382013359
2026-03-08T04:15:00Z,2026-03-08T04:30:00Z,2026-03-08,2026-03-08_22,-42.000000000000256,100,58,0,70.96189102111806,60.98361560248459,0.03992521838509305,19.31314285714286,0.0,True,True,True,False,-1383.7950000000083,0.0,104.17934473214112,44.96790404585696,10580.175729793855,0.0,9345.527978571845
2026-03-08T04:30:00Z,2026-03-08T04:45:00Z,2026-03-08,2026-03-08_23,-5.792467954566034e-15,100,58,0,60.98361560248459,56.181752248447324,0.01333850931677019,4.417714285714286,0.0,True,True,True,False,-1.948731031614878e-13,0.0,104.17934473214112,44.96790404585696,824.8024595400282,0.0,973.9497083180261
2026-03-08T04:45:00Z,2026-03-08T05:00:00Z,2026-03-08,2026-03-08_24,-1.248463836107826e-14,100,58,0,56.181752248447324,55.12249816645975,0.0034827483229813733,1.064,0.1057257142857143,True,True,True,False,-4.251955709824228e-13,0.0,104.17934473214112,44.96790404585696,164.17465067430953,-5.4350127649073015,307.8868866873999
2026-03-08T05:00:00Z,2026-03-08T05:15:00Z,2026-03-08,2026-03-08_25,0.0,12,17,83,55.12249816645975,55.175548859627455,0.0001912553761214631,0.007268571428571428,0.06625142857142857,True,True,True,False,0.0,849.2913370369643,12.653461848020259,11.253018197522623,1.0849392669951512,-3.6776104142887993,870.6051459352135
2026-03-08T05:15:00Z,2026-03-08T05:30:00Z,2026-03-08,2026-03-08_26,2.997974883252704,12,17,83,55.175548859627455,55.1086956521739,0.003501454023080817,0.0,0.7876342857142857,True,True,True,False,104.95160572546904,849.2913370369643,12.653461848020259,11.253018197522623,0.0,-31.277620637880794,946.8718021700954
2026-03-08T05:30:00Z,2026-03-08T05:45:00Z,2026-03-08,2026-03-08_27,3.2635660108769593,12,17,83,55.1086956521739,55.10869565217389,0.0038470213422211077,0.0,0.9315028571428572,True,True,True,False,109.38657376956847,849.2913370369643,12.653461848020259,11.253018197522623,0.0,-42.12892233311926,940.4554685189563
2026-03-08T05:45:00Z,2026-03-08T06:00:00Z,2026-03-08,2026-03-08_28,5.0,12,17,83,55.10869565217389,55.54198563975154,0.005467730986887509,0.0,1.8491142857142857,True,True,True,False,164.025,849.2913370369643,12.653461848020259,11.253018197522623,0.0,81.25924579415403,1118.482062876661
2026-03-08T06:00:00Z,2026-03-08T06:15:00Z,2026-03-08,2026-03-08_29,100.0,0,100,0,55.54198563975154,32.503476322981356,0.0639958592132505,0.0,3.8045714285714287,True,True,True,False,3575.5000000000005,0.0,0.0,78.03144814589427,0.0,781.0510821762991,4434.582530322194
2026-03-08T06:15:00Z,2026-03-08T06:30:00Z,2026-03-08,2026-03-08_30,99.4525021004497,0,100,0,32.503476322981356,9.999999999999993,0.06262616261527947,0.0,4.163428571428572,True,True,True,False,3262.04206889475,0.0,0.0,78.03144814589427,0.0,-92.2482910481874,3247.825225992457
2026-03-08T06:30:00Z,2026-03-08T06:45:00Z,2026-03-08,2026-03-08_31,10.145801963880075,0,100,0,9.999999999999993,22.096953043478248,0.03920629490109952,0.0,15.853714285714284,True,True,True,False,227.5957025547398,0.0,0.0,78.03144814589427,0.0,6560.296288086777,6865.923438787411
2026-03-08T06:45:00Z,2026-03-08T07:00:00Z,2026-03-08,2026-03-08_32,0.0,0,100,0,22.096953043478248,37.17391304347825,0.04188044444444444,0.0,16.387999999999998,True,True,True,False,0.0,0.0,0.0,78.03144814589427,0.0,11662.13651793251,11740.167966078403
2026-03-08T07:00:00Z,2026-03-08T07:15:00Z,2026-03-08,2026-03-08_33,100.0,0,0,0,37.17391304347825,9.999999999999993,0.0754830917874396,0.0,0.0,True,False,True,False,3050.75,0.0,0.0,0.0,0.0,0.0,3050.75
2026-03-08T07:15:00Z,2026-03-08T07:30:00Z,2026-03-08,2026-03-08_34,-0.40077204428800367,0,0,0,9.999999999999993,10.092177570186234,0.00025604880607289125,0.0,0.0,True,False,True,False,-6.206957035910457,0.0,0.0,0.0,0.0,0.0,-6.206957035910457
2026-03-08T07:30:00Z,2026-03-08T07:45:00Z,2026-03-08,2026-03-08_35,-100.0,0,0,0,10.092177570186234,33.09217757018624,0.06388888888888888,0.0,0.0,True,False,True,False,-255.50000000000003,0.0,0.0,0.0,0.0,0.0,-255.50000000000003
2026-03-08T07:45:00Z,2026-03-08T08:00:00Z,2026-03-08,2026-03-08_36,-100.0,0,0,0,33.09217757018624,56.09217757018624,0.06388888888888888,0.0,0.0,True,False,True,False,-127.49999999999999,0.0,0.0,0.0,0.0,0.0,-127.49999999999999
2026-03-08T08:00:00Z,2026-03-08T08:15:00Z,2026-03-08,2026-03-08_37,-2.0,16,14,84,56.09217757018624,56.29528626086947,0.001868055541752933,0.24676571428571428,0.00672,True,True,True,False,-12.23,859.5237627843976,13.964390176871282,12.39198288215779,36.95367556080283,-0.43361485640250486,910.170196547827
2026-03-08T08:15:00Z,2026-03-08T08:30:00Z,2026-03-08,2026-03-08_38,-2.0,16,14,84,56.29528626086947,57.53375346086946,0.0034401866666666668,0.0,0.84616,True,True,True,False,-5.5,859.5237627843976,13.964390176871282,12.39198288215779,0.0,69.12828707720696,949.5084229206336
2026-03-08T08:30:00Z,2026-03-08T08:45:00Z,2026-03-08,2026-03-08_39,-2.0,16,14,84,57.53375346086946,59.50056626086946,0.005463368888888889,0.0,1.63784,True,True,True,False,-4.22,859.5237627843976,13.964390176871282,12.39198288215779,0.0,154.50662554720165,1036.1667613906284
2026-03-08T08:45:00Z,2026-03-08T09:00:00Z,2026-03-08,2026-03-08_40,-2.0,16,14,84,59.50056626086946,60.54347826086946,0.002896977777777778,0.0,0.6335999999999999,True,True,True,False,-2.47,859.5237627843976,13.964390176871282,12.39198288215779,0.0,-5.587486072122651,877.822649771304
2026-03-08T09:00:00Z,2026-03-08T09:15:00Z,2026-03-08,2026-03-08_41,-7.0,7,0,93,60.54347826086946,62.14276946086947,0.004442475555555556,0.01164,0.0,True,True,True,False,-8.9425,951.6155945112972,6.59174338941128,0.0,1.1154552521544532,0.0,950.3802931528629
2026-03-08T09:15:00Z,2026-03-08T09:30:00Z,2026-03-08,2026-03-08_42,-7.0,7,0,93,62.14276946086947,63.752769460869466,0.004472222222222222,0.0,0.0,True,True,True,False,-3.8325,951.6155945112972,6.59174338941128,0.0,0.0,0.0,954.3748379007085
2026-03-08T09:30:00Z,2026-03-08T09:45:00Z,2026-03-08,2026-03-08_43,-7.0,7,0,93,63.752769460869466,65.36243826086947,0.004471302222222222,0.00035999999999999997,0.0,True,True,True,False,-1.1725,951.6155945112972,6.59174338941128,0.0,0.03251808955458275,0.0,957.0673559902631
2026-03-08T09:45:00Z,2026-03-08T10:00:00Z,2026-03-08,2026-03-08_44,-7.0,7,0,93,65.36243826086947,66.96287026086947,0.004445644444444444,0.0104,0.0,True,True,True,False,-0.0175,951.6155945112972,6.59174338941128,0.0,0.9394114760212794,0.0,959.1292493767298
2026-03-08T10:00:00Z,2026-03-08T10:15:00Z,2026-03-08,2026-03-08_45,0.0,100,100,0,66.96287026086947,66.79653585093158,0.0010286432022084196,0.24685714285714286,0.11085714285714286,True,True,True,False,0.0,0.0,94.16776270587543,89.57421330558883,27.723150872017207,-8.055134483309825,203.40999240017163
2026-03-08T10:15:00Z,2026-03-08T10:30:00Z,2026-03-08,2026-03-08_46,0.0,100,100,0,66.79653585093158,70.80310976397504,0.011315707384403037,0.030857142857142857,4.3914285714285715,True,True,True,False,0.0,0.0,94.16776270587543,89.57421330558883,2.7258425012689753,3144.0528589096066,3330.5206774223398
2026-03-08T10:30:00Z,2026-03-08T10:45:00Z,2026-03-08,2026-03-08_47,0.0,100,100,0,70.80310976397504,77.22786404968933,0.017846539682539683,0.0,6.983428571428571,True,True,True,False,0.0,0.0,94.16776270587543,89.57421330558883,0.0,2149.0592874109266,2332.801263422391
2026-03-08T10:45:00Z,2026-03-08T11:00:00Z,2026-03-08,2026-03-08_48,0.0,100,100,0,77.22786404968933,80.06093833540362,0.007869650793650793,0.0,3.0794285714285716,True,True,True,False,0.0,0.0,94.16776270587543,89.57421330558883,0.0,77.29008449550881,261.03206050697304
2026-03-08T11:00:00Z,2026-03-08T11:15:00Z,2026-03-08,2026-03-08_49,-7.0,0,0,93,80.06093833540362,81.67093833540362,0.004472222222222223,0.0,0.0,True,False,True,False,1.47,951.6155945112972,0.0,0.0,0.0,0.0,953.0855945112972
2026-03-08T11:15:00Z,2026-03-08T11:30:00Z,2026-03-08,2026-03-08_50,-6.9999999999999325,0,0,93,81.67093833540362,83.2809383354036,0.0044722222222221795,0.0,0.0,True,False,True,False,3.202499999999969,951.6155945112972,0.0,0.0,0.0,0.0,954.8180945112972
2026-03-08T11:30:00Z,2026-03-08T11:45:00Z,2026-03-08,2026-03-08_51,-7.0,0,0,93,83.2809383354036,84.8909383354036,0.004472222222222223,0.0,0.0,True,False,True,False,3.185,951.6155945112972,0.0,0.0,0.0,0.0,954.8005945112972
2026-03-08T11:45:00Z,2026-03-08T12:00:00Z,2026-03-08,2026-03-08_52,-6.9999999999999325,0,0,93,84.8909383354036,86.50093833540359,0.0044722222222221795,0.0,0.0,True,False,True,False,3.0799999999999703,951.6155945112972,0.0,0.0,0.0,0.0,954.6955945112971
2026-03-08T12:00:00Z,2026-03-08T12:15:00Z,2026-03-08,2026-03-08_53,0.0,100,100,0,86.50093833540359,91.44562007453402,0.013818042788129745,0.013714285714285714,5.390857142857143,True,True,True,False,0.0,0.0,88.57305510296226,88.13136766062699,1.2114855561195446,247.61157910972634,425.52748742943515
2026-03-08T12:15:00Z,2026-03-08T12:30:00Z,2026-03-08,2026-03-08_54,0.0,100,100,0,91.44562007453402,96.66018007453403,0.014484888888888891,0.0,5.668,True,True,True,False,0.0,0.0,88.57305510296226,88.13136766062699,0.0,421.6935921948921,598.3980149584813
2026-03-08T12:30:00Z,2026-03-08T12:45:00Z,2026-03-08,2026-03-08_55,0.0,100,100,0,96.66018007453403,108.87410007453403,0.03392755555555556,0.0,13.276000000000002,True,True,True,False,0.0,0.0,88.57305510296226,88.13136766062699,0.0,5891.960260693745,6068.664683457334
2026-03-08T12:45:00Z,2026-03-08T13:00:00Z,2026-03-08,2026-03-08_56,0.0,100,100,0,108.87410007453403,131.43723150310547,0.06267536507936508,0.0,24.525142857142857,True,True,True,False,0.0,0.0,88.57305510296226,88.13136766062699,0.0,23993.317823139936,24170.022245903525
2026-03-08T13:00:00Z,2026-03-08T13:15:00Z,2026-03-08,2026-03-08_57,0.0,100,100,0,131.43723150310547,146.20402007453404,0.04101885714285714,0.0,16.05085714285714,True,True,True,False,0.0,0.0,78.82648554209771,89.57421330558883,0.0,7508.383076892876,7676.783775740562
2026-03-08T13:15:00Z,2026-03-08T13:30:00Z,2026-03-08,2026-03-08_58,0.0,100,100,0,146.20402007453404,156.93542578881977,0.029809460317460314,0.0,11.664571428571428,True,True,True,False,0.0,0.0,78.82648554209771,89.57421330558883,0.0,3357.109499336768,3525.5101981844546
2026-03-08T13:30:00Z,2026-03-08T13:45:00Z,2026-03-08,2026-03-08_59,0.0,100,100,0,156.93542578881977,160.34358877018624,0.009563737750172533,0.016,3.7234285714285713,True,True,True,False,0.0,0.0,78.82648554209771,89.57421330558883,1.5076578787224435,199.49627552322434,369.4046322496333
2026-03-08T13:45:00Z,2026-03-08T14:00:00Z,2026-03-08,2026-03-08_60,0.0,100,100,0,160.34358877018624,160.41108293167693,0.0004083257418909592,0.036571428571428574,0.11657142857142855,True,True,True,False,0.0,0.0,78.82648554209771,89.57421330558883,3.4460751513655854,-8.935159610417651,162.91161438863446
2026-03-08T14:00:00Z,2026-03-08T14:15:00Z,2026-03-08,2026-03-08_61,-1.0000000000000289,37,36,63,160.41108293167693,160.85062601739122,0.001249524444444463,0.004862857142857143,0.2334857142857143,True,True,True,False,-3.8925000000001124,644.6428220882981,33.38214797510846,31.82269684537013,0.6267196751423917,-12.576309399950082,694.0055771839689
2026-03-08T14:15:00Z,2026-03-08T14:30:00Z,2026-03-08,2026-03-08_62,-0.06419830038030802,37,36,63,160.85062601739122,160.98688000000007,0.0006410359127030267,0.04355428571428571,0.18349714285714286,True,True,True,False,-0.6675018282042527,644.6428220882981,33.38214797510846,31.82269684537013,5.818948672834399,-9.49703347345809,705.5020802799487
2026-03-08T14:30:00Z,2026-03-08T14:45:00Z,2026-03-08,2026-03-08_63,0.0,37,36,63,160.98688000000007,159.02797515527956,0.005625402346445824,1.832662857142857,0.036000000000000004,True,True,True,False,0.0,644.6428220882981,33.38214797510846,31.82269684537013,470.6159927445476,-1.984816159871224,1178.478843493453
2026-03-08T14:45:00Z,2026-03-08T15:00:00Z,2026-03-08,2026-03-08_64,-2.842170943040401e-14,37,36,63,159.02797515527956,158.03281430062117,0.0028495014216701315,0.9296514285714286,0.016662857142857146,True,True,True,False,-8.804335038803401e-13,644.6428220882981,33.38214797510846,31.82269684537013,175.48861080858248,-0.8874122006691215,884.4488655166891
2026-03-08T15:00:00Z,2026-03-08T15:15:00Z,2026-03-08,2026-03-08_65,0.0,0,33,67,158.03281430062117,158.90249818633546,0.0024157885714285714,0.0,0.9453085714285714,True,True,True,False,0.0,685.5725250780313,0.0,21.844094148132154,0.0,30.37713771169448,737.7937569378579
2026-03-08T15:15:00Z,2026-03-08T15:30:00Z,2026-03-08,2026-03-08_66,0.0,0,33,67,158.90249818633546,158.96668790062117,0.0001783047619047619,0.0,0.06977142857142857,True,True,True,False,0.0,685.5725250780313,0.0,21.844094148132154,0.0,-3.9709901594842214,703.4456290666792
2026-03-08T15:30:00Z,2026-03-08T15:45:00Z,2026-03-08,2026-03-08_67,33.0,0,33,67,158.96668790062117,150.0072903850932,0.024887215320910972,0.0,0.007354285714285714,True,True,True,False,1205.16,685.5725250780313,0.0,21.844094148132154,0.0,-0.5208750347040133,1912.0557441914596
2026-03-08T15:45:00Z,2026-03-08T16:00:00Z,2026-03-08,2026-03-08_68,33.0,0,33,67,150.0072903850932,141.0690046708075,0.02482857142857143,0.0,0.026777142857142854,True,True,True,False,1372.305,685.5725250780313,0.0,21.844094148132154,0.0,-1.9482380726162198,2077.7733811535472
2026-03-08T16:00:00Z,2026-03-08T16:15:00Z,2026-03-08,2026-03-08_69,0.0,0,0,100,141.0690046708075,141.0690046708075,0.0,0.0,0.0,True,True,True,False,0.0,1023.2425747433305,0.0,0.0,0.0,0.0,1023.2425747433305
2026-03-08T16:15:00Z,2026-03-08T16:30:00Z,2026-03-08,2026-03-08_70,0.0,0,0,100,141.0690046708075,141.0690046708075,0.0,0.0,0.0,True,True,True,False,0.0,1023.2425747433305,0.0,0.0,0.0,0.0,1023.2425747433305
2026-03-08T16:30:00Z,2026-03-08T16:45:00Z,2026-03-08,2026-03-08_71,0.0,0,0,100,141.0690046708075,141.0690046708075,0.0,0.0,0.0,True,True,True,False,0.0,1023.2425747433305,0.0,0.0,0.0,0.0,1023.2425747433305
2026-03-08T16:45:00Z,2026-03-08T17:00:00Z,2026-03-08,2026-03-08_72,0.0,0,0,100,141.0690046708075,141.0690046708075,0.0,0.0,0.0,True,True,True,False,0.0,1023.2425747433305,0.0,0.0,0.0,0.0,1023.2425747433305
2026-03-08T17:00:00Z,2026-03-08T17:15:00Z,2026-03-08,2026-03-08_73,0.0,0,0,100,141.0690046708075,141.0690046708075,0.0,0.0,0.0,True,True,True,False,0.0,1023.2425747433305,0.0,0.0,0.0,0.0,1023.2425747433305
2026-03-08T17:15:00Z,2026-03-08T17:30:00Z,2026-03-08,2026-03-08_74,0.0,0,0,100,141.0690046708075,141.0690046708075,0.0,0.0,0.0,True,True,True,False,0.0,1023.2425747433305,0.0,0.0,0.0,0.0,1023.2425747433305
2026-03-08T17:30:00Z,2026-03-08T17:45:00Z,2026-03-08,2026-03-08_75,0.0,0,0,100,141.0690046708075,141.0690046708075,0.0,0.0,0.0,True,True,True,False,0.0,1023.2425747433305,0.0,0.0,0.0,0.0,1023.2425747433305
2026-03-08T17:45:00Z,2026-03-08T18:00:00Z,2026-03-08,2026-03-08_76,0.0,0,0,100,141.0690046708075,141.0690046708075,0.0,0.0,0.0,True,True,True,False,0.0,1023.2425747433305,0.0,0.0,0.0,0.0,1023.2425747433305
2026-03-08T18:00:00Z,2026-03-08T18:15:00Z,2026-03-08,2026-03-08_77,75.0,0,75,25,141.0690046708075,121.06683075776401,0.05556159420289855,0.0,0.348,True,True,True,False,3003.75,255.81064368583262,0.0,52.64914312636187,0.0,-18.462765944916665,3293.747020867278
2026-03-08T18:15:00Z,2026-03-08T18:30:00Z,2026-03-08,2026-03-08_78,75.0,0,75,25,121.06683075776401,101.42009162732923,0.05457427536231883,0.0,0.6749999999999999,True,True,True,False,2828.8125,255.81064368583262,0.0,52.64914312636187,0.0,-35.0412732376671,3102.2310135745274
2026-03-08T18:30:00Z,2026-03-08T18:45:00Z,2026-03-08,2026-03-08_79,75.0,0,75,25,101.42009162732923,82.11248293167705,0.0536322463768116,0.0,0.987,True,True,True,False,2908.8749999999995,255.81064368583262,0.0,52.64914312636187,0.0,-50.61462947331227,3166.7201573388816
2026-03-08T18:45:00Z,2026-03-08T19:00:00Z,2026-03-08,2026-03-08_80,75.0,0,75,25,82.11248293167705,64.53127175155282,0.04883669772256729,0.0,2.575285714285714,True,True,True,False,2812.5,255.81064368583262,0.0,52.64914312636187,0.0,-82.477290030203,3038.4824967819914
2026-03-08T19:00:00Z,2026-03-08T19:15:00Z,2026-03-08,2026-03-08_81,0.0,0,0,100,64.53127175155282,64.53127175155282,0.0,0.0,0.0,True,True,True,False,0.0,1023.2425747433305,0.0,0.0,0.0,0.0,1023.2425747433305
2026-03-08T19:15:00Z,2026-03-08T19:30:00Z,2026-03-08,2026-03-08_82,0.0,0,0,100,64.53127175155282,64.53127175155282,0.0,0.0,0.0,True,True,True,False,0.0,1023.2425747433305,0.0,0.0,0.0,0.0,1023.2425747433305
2026-03-08T19:30:00Z,2026-03-08T19:45:00Z,2026-03-08,2026-03-08_83,0.0,0,0,100,64.53127175155282,64.53127175155282,0.0,0.0,0.0,True,True,True,False,0.0,1023.2425747433305,0.0,0.0,0.0,0.0,1023.2425747433305
2026-03-08T19:45:00Z,2026-03-08T20:00:00Z,2026-03-08,2026-03-08_84,0.0,0,0,100,64.53127175155282,64.53127175155282,0.0,0.0,0.0,True,True,True,False,0.0,1023.2425747433305,0.0,0.0,0.0,0.0,1023.2425747433305
2026-03-08T20:00:00Z,2026-03-08T20:15:00Z,2026-03-08,2026-03-08_85,0.0,0,0,100,64.53127175155282,64.53127175155282,0.0,0.0,0.0,True,True,True,False,0.0,1023.2425747433305,0.0,0.0,0.0,0.0,1023.2425747433305
2026-03-08T20:15:00Z,2026-03-08T20:30:00Z,2026-03-08,2026-03-08_86,0.0,0,0,100,64.53127175155282,64.53127175155282,0.0,0.0,0.0,True,True,True,False,0.0,1023.2425747433305,0.0,0.0,0.0,0.0,1023.2425747433305
2026-03-08T20:30:00Z,2026-03-08T20:45:00Z,2026-03-08,2026-03-08_87,0.0,0,0,100,64.53127175155282,64.53127175155282,0.0,0.0,0.0,True,True,True,False,0.0,1023.2425747433305,0.0,0.0,0.0,0.0,1023.2425747433305
2026-03-08T20:45:00Z,2026-03-08T21:00:00Z,2026-03-08,2026-03-08_88,0.0,0,0,100,64.53127175155282,64.53127175155282,0.0,0.0,0.0,True,True,True,False,0.0,1023.2425747433305,0.0,0.0,0.0,0.0,1023.2425747433305
2026-03-08T21:00:00Z,2026-03-08T21:15:00Z,2026-03-08,2026-03-08_89,0.0,0,0,100,64.53127175155282,64.53127175155282,0.0,0.0,0.0,True,True,True,False,0.0,1023.2425747433305,0.0,0.0,0.0,0.0,1023.2425747433305
2026-03-08T21:15:00Z,2026-03-08T21:30:00Z,2026-03-08,2026-03-08_90,0.0,0,0,100,64.53127175155282,64.53127175155282,0.0,0.0,0.0,True,True,True,False,0.0,1023.2425747433305,0.0,0.0,0.0,0.0,1023.2425747433305
2026-03-08T21:30:00Z,2026-03-08T21:45:00Z,2026-03-08,2026-03-08_91,0.0,0,0,100,64.53127175155282,64.53127175155282,0.0,0.0,0.0,True,True,True,False,0.0,1023.2425747433305,0.0,0.0,0.0,0.0,1023.2425747433305
2026-03-08T21:45:00Z,2026-03-08T22:00:00Z,2026-03-08,2026-03-08_92,0.0,0,0,100,64.53127175155282,64.53127175155282,0.0,0.0,0.0,True,True,True,False,0.0,1023.2425747433305,0.0,0.0,0.0,0.0,1023.2425747433305
2026-03-08T22:00:00Z,2026-03-08T22:15:00Z,2026-03-09,2026-03-08_93,0.0,0,0,100,64.53127175155282,64.53127175155282,0.0,0.0,0.0,True,True,True,False,0.0,1023.2425747433305,0.0,0.0,0.0,0.0,1023.2425747433305
2026-03-08T22:15:00Z,2026-03-08T22:30:00Z,2026-03-09,2026-03-08_94,0.0,0,0,100,64.53127175155282,64.53127175155282,0.0,0.0,0.0,True,True,True,False,0.0,1023.2425747433305,0.0,0.0,0.0,0.0,1023.2425747433305
2026-03-08T22:30:00Z,2026-03-08T22:45:00Z,2026-03-09,2026-03-08_95,0.0,0,0,100,64.53127175155282,64.53127175155282,0.0,0.0,0.0,True,True,True,False,0.0,1023.2425747433305,0.0,0.0,0.0,0.0,1023.2425747433305
2026-03-08T22:45:00Z,2026-03-08T23:00:00Z,2026-03-09,2026-03-08_96,0.0,0,0,100,64.53127175155282,64.53127175155282,0.0,0.0,0.0,True,True,True,False,0.0,1023.2425747433305,0.0,0.0,0.0,0.0,1023.2425747433305
2026-03-08T23:00:00Z,2026-03-08T23:15:00Z,2026-03-09,2026-03-09_1,0.0,0,0,100,64.53127175155282,64.53127175155282,0.0,0.0,0.0,True,True,True,False,0.0,1023.2425747433305,0.0,0.0,0.0,0.0,1023.2425747433305
2026-03-08T23:15:00Z,2026-03-08T23:30:00Z,2026-03-09,2026-03-09_2,0.0,0,0,100,64.53127175155282,64.53127175155282,0.0,0.0,0.0,True,True,True,False,0.0,1023.2425747433305,0.0,0.0,0.0,0.0,1023.2425747433305
2026-03-08T23:30:00Z,2026-03-08T23:45:00Z,2026-03-09,2026-03-09_3,0.0,0,0,100,64.53127175155282,64.53127175155282,0.0,0.0,0.0,True,True,True,False,0.0,1023.2425747433305,0.0,0.0,0.0,0.0,1023.2425747433305
2026-03-08T23:45:00Z,2026-03-09T00:00:00Z,2026-03-09,2026-03-09_4,0.0,0,0,100,64.53127175155282,64.53127175155282,0.0,0.0,0.0,True,True,True,False,0.0,1023.2425747433305,0.0,0.0,0.0,0.0,1023.2425747433305
2026-03-09T00:00:00Z,2026-03-09T00:15:00Z,2026-03-09,2026-03-09_5,0.0,0,0,100,64.53127175155282,64.53127175155282,0.0,0.0,0.0,True,True,True,False,0.0,1023.2425747433305,0.0,0.0,0.0,0.0,1023.2425747433305
2026-03-09T00:15:00Z,2026-03-09T00:30:00Z,2026-03-09,2026-03-09_6,0.0,0,0,100,64.53127175155282,64.53127175155282,0.0,0.0,0.0,True,True,True,False,0.0,1023.2425747433305,0.0,0.0,0.0,0.0,1023.2425747433305
2026-03-09T00:30:00Z,2026-03-09T00:45:00Z,2026-03-09,2026-03-09_7,0.0,0,0,100,64.53127175155282,64.53127175155282,0.0,0.0,0.0,True,True,True,False,0.0,1023.2425747433305,0.0,0.0,0.0,0.0,1023.2425747433305
2026-03-09T00:45:00Z,2026-03-09T01:00:00Z,2026-03-09,2026-03-09_8,0.0,0,0,100,64.53127175155282,64.53127175155282,0.0,0.0,0.0,True,True,True,False,0.0,1023.2425747433305,0.0,0.0,0.0,0.0,1023.2425747433305
2026-03-09T01:00:00Z,2026-03-09T01:15:00Z,2026-03-09,2026-03-09_9,0.0,0,0,100,64.53127175155282,64.53127175155282,0.0,0.0,0.0,True,True,True,False,0.0,1023.2425747433305,0.0,0.0,0.0,0.0,1023.2425747433305
2026-03-09T01:15:00Z,2026-03-09T01:30:00Z,2026-03-09,2026-03-09_10,0.0,0,0,100,64.53127175155282,64.53127175155282,0.0,0.0,0.0,True,True,True,False,0.0,1023.2425747433305,0.0,0.0,0.0,0.0,1023.2425747433305
2026-03-09T01:30:00Z,2026-03-09T01:45:00Z,2026-03-09,2026-03-09_11,0.0,0,0,100,64.53127175155282,64.53127175155282,0.0,0.0,0.0,True,True,True,False,0.0,1023.2425747433305,0.0,0.0,0.0,0.0,1023.2425747433305
2026-03-09T01:45:00Z,2026-03-09T02:00:00Z,2026-03-09,2026-03-09_12,0.0,0,0,100,64.53127175155282,64.53127175155282,0.0,0.0,0.0,True,True,True,False,0.0,1023.2425747433305,0.0,0.0,0.0,0.0,1023.2425747433305
2026-03-09T02:00:00Z,2026-03-09T02:15:00Z,2026-03-09,2026-03-09_13,-38.0,38,0,62,64.53127175155282,73.22472500869569,0.02414848126984127,0.05059428571428572,0.0,True,True,True,False,-932.4250000000001,634.4103963408648,38.771323688188296,0.0,6.808105179381189,0.0,-252.43517479156574
2026-03-09T02:15:00Z,2026-03-09T02:30:00Z,2026-03-09,2026-03-09_14,-38.0,38,0,62,73.22472500869569,81.94834375155283,0.024232274285714284,0.017805714285714286,0.0,True,True,True,False,-1005.385,634.4103963408648,38.771323688188296,0.0,2.3913366847361233,0.0,-329.81194328621075
2026-03-09T02:30:00Z,2026-03-09T02:45:00Z,2026-03-09,2026-03-09_15,-38.0,38,0,62,81.94834375155283,90.68095220869569,0.024257245714285714,0.008034285714285714,0.0,True,True,True,False,-1034.645,634.4103963408648,38.771323688188296,0.0,1.0997591970542953,0.0,-360.36352077389256
2026-03-09T02:45:00Z,2026-03-09T03:00:00Z,2026-03-09,2026-03-09_16,-38.0,38,0,62,90.68095220869569,99.31527312298141,0.023984224761904763,0.11486857142857143,0.0,True,True,True,False,-1064.76,634.4103963408648,38.771323688188296,0.0,16.855403006839847,0.0,-374.722876964107
2026-03-09T03:00:00Z,2026-03-09T03:15:00Z,2026-03-09,2026-03-09_17,0.0,0,0,100,99.31527312298141,99.31527312298141,0.0,0.0,0.0,True,True,True,False,0.0,1023.2425747433305,0.0,0.0,0.0,0.0,1023.2425747433305
2026-03-09T03:15:00Z,2026-03-09T03:30:00Z,2026-03-09,2026-03-09_18,0.0,0,0,100,99.31527312298141,99.31527312298141,0.0,0.0,0.0,True,True,True,False,0.0,1023.2425747433305,0.0,0.0,0.0,0.0,1023.2425747433305
2026-03-09T03:30:00Z,2026-03-09T03:45:00Z,2026-03-09,2026-03-09_19,0.0,0,0,100,99.31527312298141,99.31527312298141,0.0,0.0,0.0,True,True,True,False,0.0,1023.2425747433305,0.0,0.0,0.0,0.0,1023.2425747433305
2026-03-09T03:45:00Z,2026-03-09T04:00:00Z,2026-03-09,2026-03-09_20,0.0,0,0,100,99.31527312298141,99.31527312298141,0.0,0.0,0.0,True,True,True,False,0.0,1023.2425747433305,0.0,0.0,0.0,0.0,1023.2425747433305
2026-03-09T04:00:00Z,2026-03-09T04:15:00Z,2026-03-09,2026-03-09_21,0.0,0,0,100,99.31527312298141,99.31527312298141,0.0,0.0,0.0,True,True,True,False,0.0,1023.2425747433305,0.0,0.0,0.0,0.0,1023.2425747433305
2026-03-09T04:15:00Z,2026-03-09T04:30:00Z,2026-03-09,2026-03-09_22,0.0,0,0,100,99.31527312298141,99.31527312298141,0.0,0.0,0.0,True,True,True,False,0.0,1023.2425747433305,0.0,0.0,0.0,0.0,1023.2425747433305
2026-03-09T04:30:00Z,2026-03-09T04:45:00Z,2026-03-09,2026-03-09_23,0.0,0,0,100,99.31527312298141,99.31527312298141,0.0,0.0,0.0,True,True,True,False,0.0,1023.2425747433305,0.0,0.0,0.0,0.0,1023.2425747433305
2026-03-09T04:45:00Z,2026-03-09T05:00:00Z,2026-03-09,2026-03-09_24,0.0,0,0,100,99.31527312298141,99.31527312298141,0.0,0.0,0.0,True,True,True,False,0.0,1023.2425747433305,0.0,0.0,0.0,0.0,1023.2425747433305
2026-03-09T05:00:00Z,2026-03-09T05:15:00Z,2026-03-09,2026-03-09_25,0.0,0,100,0,99.31527312298141,99.36416455155283,0.0001358095238095238,0.0,0.053142857142857144,True,True,True,False,0.0,0.0,0.0,66.19422469130956,0.0,-2.987886490533867,63.20633820077569
2026-03-09T05:15:00Z,2026-03-09T05:30:00Z,2026-03-09,2026-03-09_26,1.5018782471529812,0,100,0,99.36416455155283,99.19378881987582,0.0017706894349025695,0.0,0.25771428571428573,True,True,True,False,58.97500407007969,0.0,0.0,66.19422469130956,0.0,-13.03986426874788,112.12936449264137
2026-03-09T05:30:00Z,2026-03-09T05:45:00Z,2026-03-09,2026-03-09_27,100.0,0,100,0,99.19378881987582,80.53416149068327,0.05183229813664596,0.0,7.833142857142857,True,True,True,False,4623.5,0.0,0.0,66.19422469130956,0.0,1.8513778685145559,4691.545602559824
2026-03-09T05:45:00Z,2026-03-09T06:00:00Z,2026-03-09,2026-03-09_28,99.99999999999999,0,100,0,80.53416149068327,77.9347826086957,0.007220496894409946,0.0,22.608571428571427,True,True,True,False,4659.499999999999,0.0,0.0,66.19422469130956,0.0,2370.5158819586804,7096.210106649989
2026-03-09T06:00:00Z,2026-03-09T06:15:00Z,2026-03-09,2026-03-09_29,50.0,0,0,50,77.9347826086957,64.34782608695657,0.0377415458937198,0.0,0.0,True,False,True,False,2601.375,511.62128737166523,0.0,0.0,0.0,0.0,3112.9962873716654
2026-03-09T06:15:00Z,2026-03-09T06:30:00Z,2026-03-09,2026-03-09_30,50.00000000000006,0,0,50,64.34782608695657,50.760869565217426,0.03774154589371985,0.0,0.0,True,False,True,False,2586.0000000000027,511.62128737166523,0.0,0.0,0.0,0.0,3097.621287371668
2026-03-09T06:30:00Z,2026-03-09T06:45:00Z,2026-03-09,2026-03-09_31,50.0,0,0,50,50.760869565217426,37.173913043478294,0.0377415458937198,0.0,0.0,True,False,True,False,2246.0,511.62128737166523,0.0,0.0,0.0,0.0,2757.6212873716654
2026-03-09T06:45:00Z,2026-03-09T07:00:00Z,2026-03-09,2026-03-09_32,-1.544658121217609e-14,0,0,50,37.173913043478294,37.173913043478294,9.86864910777917e-18,0.0,0.0,True,False,True,False,-5.792467954566034e-13,511.62128737166523,0.0,0.0,0.0,0.0,511.62128737166466
2026-03-09T07:00:00Z,2026-03-09T07:15:00Z,2026-03-09,2026-03-09_33,100.0,0,0,0,37.173913043478294,10.000000000000036,0.0754830917874396,0.0,0.0,True,False,True,False,5407.5,0.0,0.0,0.0,0.0,0.0,5407.5
2026-03-09T07:15:00Z,2026-03-09T07:30:00Z,2026-03-09,2026-03-09_34,0.0,0,0,0,10.000000000000036,10.000000000000036,0.0,0.0,0.0,True,False,True,False,0.0,0.0,0.0,0.0,0.0,0.0,0.0
2026-03-09T07:30:00Z,2026-03-09T07:45:00Z,2026-03-09,2026-03-09_35,-46.105860113421585,0,0,0,10.000000000000036,20.604347826087,0.029456521739130458,0.0,0.0,True,False,True,False,-148.11507561436684,0.0,0.0,0.0,0.0,0.0,-148.11507561436684
2026-03-09T07:45:00Z,2026-03-09T08:00:00Z,2026-03-09,2026-03-09_36,-100.0,0,0,0,20.604347826087,43.604347826087,0.06388888888888888,0.0,0.0,True,False,True,False,-210.75,0.0,0.0,0.0,0.0,0.0,-210.75
2026-03-09T08:00:00Z,2026-03-09T08:15:00Z,2026-03-09,2026-03-09_37,100.0,0,100,0,43.604347826087,28.296894409937934,0.042520703933747406,0.0,10.917142857142856,True,True,True,False,4334.75,0.0,0.0,88.51416344398422,0.0,6009.471275172678,10432.735438616663
2026-03-09T08:15:00Z,2026-03-09T08:30:00Z,2026-03-09,2026-03-09_38,100.0,0,100,0,28.296894409937934,10.000000000000046,0.05082470669427191,0.0,8.166857142857143,True,True,True,False,1646.0,0.0,0.0,88.51416344398422,0.0,1701.5266337808166,3436.040797224801
2026-03-09T08:30:00Z,2026-03-09T08:45:00Z,2026-03-09,2026-03-09_39,7.723290606088045e-15,0,100,0,10.000000000000046,22.344297142857187,0.034289714285714284,0.0,13.417714285714286,True,True,True,False,2.1258357393257342e-14,0.0,0.0,88.51416344398422,0.0,6529.997307249002,6618.511470692986
2026-03-09T08:45:00Z,2026-03-09T09:00:00Z,2026-03-09,2026-03-09_40,-7.723290606088047e-15,0,100,0,22.344297142857187,36.36194285714291,0.03893790476190477,0.0,15.23657142857143,True,True,True,False,-1.7744260167487286e-14,0.0,0.0,88.51416344398422,0.0,7455.7116377209495,7544.225801164934
2026-03-09T09:00:00Z,2026-03-09T09:15:00Z,2026-03-09,2026-03-09_41,100.0,0,100,0,36.36194285714291,22.96504844720502,0.0372135955831608,0.0,12.674857142857142,True,True,True,False,1646.0,0.0,0.0,89.57421330558883,0.0,1937.9187509359565,3673.4929642415455
2026-03-09T09:15:00Z,2026-03-09T09:30:00Z,2026-03-09,2026-03-09_42,10.81707183128554,0,100,0,22.96504844720502,25.88662442732925,0.02036438563200368,0.0,6.247999999999999,True,True,True,False,34.885056655895866,0.0,0.0,89.57421330558883,0.0,-19.066206003023105,105.3930639584616
2026-03-09T09:30:00Z,2026-03-09T09:45:00Z,2026-03-09,2026-03-09_43,7.723290606088045e-15,0,100,0,25.88662442732925,39.11622442732924,0.03674888888888888,0.0,14.379999999999999,True,True,True,False,2.1258357393257342e-14,0.0,0.0,89.57421330558883,0.0,4784.623827565222,4874.198040870811
2026-03-09T09:45:00Z,2026-03-09T10:00:00Z,2026-03-09,2026-03-09_44,7.723290606088047e-15,0,100,0,39.11622442732924,47.26111585590067,0.022624698412698412,0.0,8.853142857142856,True,True,True,False,1.9713699272039742e-14,0.0,0.0,89.57421330558883,0.0,674.1499446698841,763.724157975473
2026-03-09T10:00:00Z,2026-03-09T10:15:00Z,2026-03-09,2026-03-09_45,0.0,100,100,0,47.26111585590067,59.94765299875782,0.035240380952380954,0.0,13.789714285714286,True,True,True,False,0.0,0.0,94.16776270587543,89.57421330558883,0.0,4128.823071171972,4312.565047183436
2026-03-09T10:15:00Z,2026-03-09T10:30:00Z,2026-03-09,2026-03-09_46,0.0,100,100,0,59.94765299875782,80.31329871304354,0.0565712380952381,0.0,22.13657142857143,True,True,True,False,0.0,0.0,94.16776270587543,89.57421330558883,0.0,16358.07065058457,16541.812626596035
2026-03-09T10:30:00Z,2026-03-09T10:45:00Z,2026-03-09,2026-03-09_47,0.0,100,100,0,80.31329871304354,100.60534442732924,0.05636679365079364,0.0,22.056571428571424,True,True,True,False,0.0,0.0,94.16776270587543,89.57421330558883,0.0,16402.44959619952,16586.191572210984
2026-03-09T10:45:00Z,2026-03-09T11:00:00Z,2026-03-09,2026-03-09_48,0.0,100,100,0,100.60534442732924,121.1050472844721,0.05694361904761905,0.0,22.282285714285713,True,True,True,False,0.0,0.0,94.16776270587543,89.57421330558883,0.0,18897.889914551008,19081.631890562472
2026-03-09T11:00:00Z,2026-03-09T11:15:00Z,2026-03-09,2026-03-09_49,0.0,100,100,0,121.1050472844721,132.55195014161495,0.031796952380952384,0.0,12.442285714285715,True,True,True,False,0.0,0.0,93.87330441098526,89.57421330558883,0.0,4843.666714041735,5027.114231758309
2026-03-09T11:15:00Z,2026-03-09T11:30:00Z,2026-03-09,2026-03-09_50,0.0,100,100,0,132.55195014161495,143.08411014161496,0.029256000000000004,0.0,11.448,True,True,True,False,0.0,0.0,93.87330441098526,89.57421330558883,0.0,2803.561062405528,2987.008580122102
2026-03-09T11:30:00Z,2026-03-09T11:45:00Z,2026-03-09,2026-03-09_51,0.0,100,100,0,143.08411014161496,147.17574442732925,0.011365650793650794,0.0,4.4474285714285715,True,True,True,False,0.0,0.0,93.87330441098526,89.57421330558883,0.0,-65.9488151839523,117.49870253262178
2026-03-09T11:45:00Z,2026-03-09T12:00:00Z,2026-03-09,2026-03-09_52,0.0,100,100,0,147.17574442732925,154.54941299875782,0.020482412698412698,0.0,8.014857142857142,True,True,True,False,0.0,0.0,93.87330441098526,89.57421330558883,0.0,977.2946210602179,1160.742138776792
2026-03-09T12:00:00Z,2026-03-09T12:15:00Z,2026-03-09,2026-03-09_53,0.0,47,47,53,154.54941299875782,157.6179704844721,0.008523770793650794,0.0,3.3353885714285716,True,True,True,False,0.0,542.3185646139651,42.33515243124398,41.421742800494684,0.0,341.36972958632816,967.445189432032
2026-03-09T12:15:00Z,2026-03-09T12:30:00Z,2026-03-09,2026-03-09_54,0.0,47,47,53,157.6179704844721,162.92463037018638,0.014740721904761908,0.0,5.768108571428572,True,True,True,False,0.0,542.3185646139651,42.33515243124398,41.421742800494684,0.0,954.9700977758583,1581.0455576215622
2026-03-09T12:30:00Z,2026-03-09T12:45:00Z,2026-03-09,2026-03-09_55,0.0,47,47,53,162.92463037018638,164.8714187130435,0.0054077453968253975,0.0,2.116074285714286,True,True,True,False,0.0,542.3185646139651,42.33515243124398,41.421742800494684,0.0,58.57348122954566,684.6489410752495
2026-03-09T12:45:00Z,2026-03-09T13:00:00Z,2026-03-09,2026-03-09_56,0.0,47,47,53,164.8714187130435,165.40288000000004,0.0015216919806763287,0.007520000000000001,0.5865600000000001,True,True,True,False,0.0,542.3185646139651,42.33515243124398,41.421742800494684,0.7381087925246855,-16.566482793820306,610.2470858444082
2026-03-09T13:00:00Z,2026-03-09T13:15:00Z,2026-03-09,2026-03-09_57,0.0,0,100,0,165.40288000000004,178.54521142857146,0.03650647619047619,0.0,14.285142857142857,True,True,True,False,0.0,0.0,0.0,89.57421330558883,0.0,7810.437821681665,7900.012034987254
2026-03-09T13:15:00Z,2026-03-09T13:30:00Z,2026-03-09,2026-03-09_58,3.089316242435218e-14,0,100,0,178.54521142857146,190.00000000000003,0.03181885714285715,0.0,12.450857142857144,True,True,True,False,9.831748941550082e-14,0.0,0.0,89.57421330558883,0.0,5664.297982708287,5753.872196013876
2026-03-09T13:30:00Z,2026-03-09T13:45:00Z,2026-03-09,2026-03-09_59,99.99999999999966,0,100,0,190.00000000000003,175.64534161490693,0.03987405106970321,0.0,11.793714285714286,True,True,True,False,2037.499999999993,0.0,0.0,89.57421330558883,0.0,5194.336923331473,7321.411136637055
2026-03-09T13:45:00Z,2026-03-09T14:00:00Z,2026-03-09,2026-03-09_60,99.3597030167374,0,100,0,175.64534161490693,162.86000000000007,0.035943234309000684,0.0,13.090285714285715,True,True,True,False,2423.631555835767,0.0,0.0,89.57421330558883,0.0,8825.413529937996,11338.619299079352
2026-03-09T14:00:00Z,2026-03-09T14:15:00Z,2026-03-09,2026-03-09_61,0.0,0,0,59,162.86000000000007,162.86000000000007,0.0,0.0,0.0,True,False,True,False,0.0,603.7131190985649,0.0,0.0,0.0,0.0,603.7131190985649
2026-03-09T14:15:00Z,2026-03-09T14:30:00Z,2026-03-09,2026-03-09_62,0.0,0,0,59,162.86000000000007,162.86000000000007,0.0,0.0,0.0,True,False,True,False,0.0,603.7131190985649,0.0,0.0,0.0,0.0,603.7131190985649
2026-03-09T14:30:00Z,2026-03-09T14:45:00Z,2026-03-09,2026-03-09_63,0.0,0,0,59,162.86000000000007,162.86000000000007,0.0,0.0,0.0,True,False,True,False,0.0,603.7131190985649,0.0,0.0,0.0,0.0,603.7131190985649
2026-03-09T14:45:00Z,2026-03-09T15:00:00Z,2026-03-09,2026-03-09_64,0.0,0,0,59,162.86000000000007,162.86000000000007,0.0,0.0,0.0,True,False,True,False,0.0,603.7131190985649,0.0,0.0,0.0,0.0,603.7131190985649
2026-03-09T15:00:00Z,2026-03-09T15:15:00Z,2026-03-09,2026-03-09_65,0.0,100,100,0,162.86000000000007,175.38772869565224,0.034895864734299516,0.016,13.636000000000001,True,True,True,False,0.0,0.0,104.47380302703125,66.19422469130956,2.3581350974656954,7832.767237392278,8005.793400208085
2026-03-09T15:15:00Z,2026-03-09T15:30:00Z,2026-03-09,2026-03-09_66,0.0,100,100,0,175.38772869565224,184.38900869565225,0.025003555555555553,0.0,9.783999999999999,True,True,True,False,0.0,0.0,104.47380302703125,66.19422469130956,0.0,431.033014664023,601.7010423823639
2026-03-09T15:30:00Z,2026-03-09T15:45:00Z,2026-03-09,2026-03-09_67,0.0,100,100,0,184.38900869565225,179.3637217391305,0.022852463768115942,6.095999999999999,1.7399999999999998,True,True,True,False,0.0,0.0,104.47380302703125,66.19422469130956,1566.8410906735241,-12.878616438625075,1724.63050195324
2026-03-09T15:45:00Z,2026-03-09T16:00:00Z,2026-03-09,2026-03-09_68,0.0,100,100,0,179.3637217391305,169.19539875776405,0.028245341614906827,9.354857142857142,0.0,True,True,True,False,0.0,0.0,104.47380302703125,66.19422469130956,2872.0592240322835,0.0,3042.7272517506244
2026-03-09T16:00:00Z,2026-03-09T16:15:00Z,2026-03-09,2026-03-09_69,0.0,0,72,28,169.19539875776405,172.4237471006212,0.008967634285714286,0.0,3.5090742857142856,True,True,True,False,0.0,286.50792092813253,0.0,47.68104277497496,0.0,0.858307956263128,335.0472716593706
2026-03-09T16:15:00Z,2026-03-09T16:30:00Z,2026-03-09,2026-03-09_70,0.04353040734183317,0,72,28,172.4237471006212,176.96632320000003,0.012665911559367603,0.0,4.949897142857143,True,True,True,False,1.74818115884802,286.50792092813253,0.0,47.68104277497496,0.0,159.25646181380702,495.19360667576257
2026-03-09T16:30:00Z,2026-03-09T16:45:00Z,2026-03-09,2026-03-09_71,0.0,0,72,28,176.96632320000003,177.12000000000003,0.00042688000000000003,0.0,0.16704,True,True,True,False,0.0,286.50792092813253,0.0,47.68104277497496,0.0,-9.952424271215719,324.2365394318918
2026-03-09T16:45:00Z,2026-03-09T17:00:00Z,2026-03-09,2026-03-09_72,72.0,0,72,28,177.12000000000003,157.57401242236028,0.054294409937888186,0.0,0.01769142857142857,True,True,True,False,4577.76,286.50792092813253,0.0,47.68104277497496,0.0,-1.3891701043504108,4910.559793598757
2026-03-09T17:00:00Z,2026-03-09T17:15:00Z,2026-03-09,2026-03-09_73,85.0,0,85,15,157.57401242236028,134.75863975155283,0.06337603519668737,0.0,0.25985714285714284,True,True,True,False,4448.900000000001,153.48638621149956,0.0,56.29011994267878,0.0,-15.644786489692557,4643.031719664486
2026-03-09T17:15:00Z,2026-03-09T17:30:00Z,2026-03-09,2026-03-09_74,85.0,0,85,15,134.75863975155283,114.03500621118016,0.057565648723257416,0.0,2.1842571428571427,True,True,True,False,4832.8875,153.48638621149956,0.0,56.29011994267878,0.0,-112.79275602307429,4929.871250131104
2026-03-09T17:30:00Z,2026-03-09T17:45:00Z,2026-03-09,2026-03-09_75,85.0,0,85,15,114.03500621118016,91.13621739130438,0.06360774672187715,0.0,0.18311428571428573,True,True,True,False,5232.175,153.48638621149956,0.0,56.29011994267878,0.0,-11.651576989626655,5430.299929164552
2026-03-09T17:45:00Z,2026-03-09T18:00:00Z,2026-03-09,2026-03-09_76,85.0,0,85,15,91.13621739130438,68.40690062111804,0.06313699102829538,0.0,0.3390285714285714,True,True,True,False,5258.95,153.48638621149956,0.0,56.29011994267878,0.0,-19.7294915518513,5448.997014602327
2026-03-09T18:00:00Z,2026-03-09T18:15:00Z,2026-03-09,2026-03-09_77,9.0,0,9,91,68.40690062111804,66.15997515527953,0.006241459627329191,0.0,0.18282857142857145,True,True,True,False,551.9250000000001,931.1507430164307,0.0,6.317897175163424,0.0,-9.522726689419414,1479.8709135021747
2026-03-09T18:15:00Z,2026-03-09T18:30:00Z,2026-03-09,2026-03-09_78,9.0,0,9,91,66.15997515527953,63.88655279503108,0.006315062111801241,0.0,0.15845142857142858,True,True,True,False,490.5675,931.1507430164307,0.0,6.317897175163424,0.0,-8.121673840044645,1419.9144663515494
2026-03-09T18:30:00Z,2026-03-09T18:45:00Z,2026-03-09,2026-03-09_79,9.0,0,9,91,63.88655279503108,61.80554037267083,0.0057805900621118005,0.0,0.3354685714285714,True,True,True,False,489.9825,931.1507430164307,0.0,6.317897175163424,0.0,-8.367847018539655,1419.0832931730545
2026-03-09T18:45:00Z,2026-03-09T19:00:00Z,2026-03-09,2026-03-09_80,9.0,0,9,91,61.80554037267083,59.531614906832324,0.006316459627329192,0.0,0.15798857142857142,True,True,True,False,469.26,931.1507430164307,0.0,6.317897175163424,0.0,-7.366700574053456,1399.3619396175407
2026-03-09T19:00:00Z,2026-03-09T19:15:00Z,2026-03-09,2026-03-09_81,100.0,0,100,0,59.531614906832324,32.55832298136649,0.07492581090407177,0.0,0.18457142857142858,True,True,True,False,5444.25,0.0,0.0,70.22830333130484,0.0,-10.121301337401531,5504.357001993903
2026-03-09T19:15:00Z,2026-03-09T19:30:00Z,2026-03-09,2026-03-09_82,0.0,0,100,0,32.55832298136649,33.510391552795056,0.0026446349206349206,0.0,1.0348571428571427,True,True,True,False,0.0,0.0,0.0,70.22830333130484,0.0,-51.67906861439143,18.54923471691341
2026-03-09T19:30:00Z,2026-03-09T19:45:00Z,2026-03-09,2026-03-09_83,99.2440181425053,0,100,0,33.510391552795056,10.000000000000007,0.06542971416867771,0.0,3.185142857142857,True,True,True,False,4911.586457872588,0.0,0.0,70.22830333130484,0.0,-85.27686808548825,4896.537893118404
2026-03-09T19:45:00Z,2026-03-09T20:00:00Z,2026-03-09,2026-03-09_84,17.979265194356042,0,100,0,10.000000000000007,16.0569037515528,0.03146188943169227,0.0,11.518285714285714,True,True,True,False,758.8148875277967,0.0,0.0,70.22830333130484,0.0,63.738237568952314,892.7814284280539
2026-03-09T20:00:00Z,2026-03-09T20:15:00Z,2026-03-09,2026-03-09_85,24.0,76,100,0,16.0569037515528,10.000000000000004,0.020187551690821252,0.3370057142857143,0.8657142857142857,True,True,True,False,1116.78,0.0,79.40009030054375,70.19885750181584,50.875551209662724,-43.576659272491696,1273.6778397395306
2026-03-09T20:15:00Z,2026-03-09T20:30:00Z,2026-03-09,2026-03-09_86,0.8580241937942996,76,100,0,10.000000000000004,10.000000000000004,0.003761352141158104,0.4147428571428571,0.7422857142857142,True,True,True,False,35.79247924412921,0.0,79.40009030054375,70.19885750181584,62.28511033772963,-21.2217563736199,226.45478101059854
2026-03-09T20:30:00Z,2026-03-09T20:45:00Z,2026-03-09,2026-03-09_87,23.745839582646827,76,100,0,10.000000000000004,10.208909187577646,0.02647457598657023,0.0,6.941714285714286,True,True,True,False,909.4062914164168,0.0,79.40009030054375,70.19885750181584,0.0,-69.78234562673346,989.222893592043
2026-03-09T20:45:00Z,2026-03-09T21:00:00Z,2026-03-09,2026-03-09_88,24.0,76,100,0,10.208909187577646,22.5127627031056,0.04199103547273982,0.0,19.608571428571427,True,True,True,False,880.5,0.0,79.40009030054375,70.19885750181584,0.0,1600.299777053005,2630.398724855365
2026-03-09T21:00:00Z,2026-03-09T21:15:00Z,2026-03-09,2026-03-09_89,0.0,87,87,13,22.5127627031056,27.069554245962742,0.012657754285714282,0.0,4.953034285714285,True,True,True,False,0.0,133.02153471663294,90.89220863351719,61.07300602657977,0.0,44.065971783603985,329.0527211603339
2026-03-09T21:15:00Z,2026-03-09T21:30:00Z,2026-03-09,2026-03-09_90,0.0,87,87,13,27.069554245962742,25.83001455900622,0.004086026749482402,1.2468342857142858,0.12577714285714284,True,True,True,False,0.0,133.02153471663294,90.89220863351719,61.07300602657977,203.3423440293673,-7.282314106795815,481.04677929930136
2026-03-09T21:30:00Z,2026-03-09T21:45:00Z,2026-03-09,2026-03-09_91,0.0,87,87,13,25.83001455900622,17.93841207453417,0.021921118012422358,7.260274285714285,0.0,True,True,True,False,0.0,133.02153471663294,90.89220863351719,61.07300602657977,1683.9144479142535,0.0,1968.9011972909834
2026-03-09T21:45:00Z,2026-03-09T22:00:00Z,2026-03-09,2026-03-09_92,0.0,87,87,13,17.93841207453417,17.06521739130436,0.004127978881987578,1.085262857142857,0.3330857142857143,True,True,True,False,0.0,133.02153471663294,90.89220863351719,61.07300602657977,167.10674699862864,-17.12101503419923,434.9724813411593
2026-03-09T22:00:00Z,2026-03-09T22:15:00Z,2026-03-10,2026-03-09_93,-81.50916341110603,88,6,12,17.06521739130436,28.891402093710923,0.03615864475368159,7.4272,0.0038742857142857142,True,True,True,False,-3180.8951021184125,122.69758135702936,89.7192961807803,4.674866121344082,2760.629880068263,-0.2001900480029592,-203.37366843899875
2026-03-09T22:15:00Z,2026-03-09T22:30:00Z,2026-03-10,2026-03-09_94,-8.526512829121202e-14,88,6,12,28.891402093710923,27.737505745884857,0.0033051533471360047,1.0781257142857144,0.01954285714285714,True,True,True,False,-3.2049030096459316e-12,122.69758135702936,89.7192961807803,4.674866121344082,166.53308530739548,-1.019035468386142,382.60579349815987
2026-03-09T22:30:00Z,2026-03-09T22:45:00Z,2026-03-10,2026-03-09_95,-80.37227114535627,88,6,12,27.737505745884857,46.34299096645965,0.051681903390485555,0.0,0.13028571428571428,True,True,True,False,-2882.7524353060658,122.69758135702936,89.7192961807803,4.674866121344082,0.0,-6.525096216088978,-2672.1857878630008
2026-03-09T22:45:00Z,2026-03-09T23:00:00Z,2026-03-10,2026-03-09_96,-82.0,88,6,12,46.34299096645965,65.28153268074537,0.05260706031746032,0.0,0.08537142857142857,True,True,True,False,-2642.04,122.69758135702936,89.7192961807803,4.674866121344082,0.0,-4.357327302838984,-2429.305583643685
2026-03-09T23:00:00Z,2026-03-09T23:15:00Z,2026-03-10,2026-03-10_1,0.0,0,0,100,65.28153268074537,65.28153268074537,0.0,0.0,0.0,True,True,True,False,0.0,1022.4798446419114,0.0,0.0,0.0,0.0,1022.4798446419114
2026-03-09T23:15:00Z,2026-03-09T23:30:00Z,2026-03-10,2026-03-10_2,0.0,0,0,100,65.28153268074537,65.28153268074537,0.0,0.0,0.0,True,True,True,False,0.0,1022.4798446419114,0.0,0.0,0.0,0.0,1022.4798446419114
2026-03-09T23:30:00Z,2026-03-09T23:45:00Z,2026-03-10,2026-03-10_3,0.0,0,0,100,65.28153268074537,65.28153268074537,0.0,0.0,0.0,True,True,True,False,0.0,1022.4798446419114,0.0,0.0,0.0,0.0,1022.4798446419114
2026-03-09T23:45:00Z,2026-03-10T00:00:00Z,2026-03-10,2026-03-10_4,0.0,0,0,100,65.28153268074537,65.28153268074537,0.0,0.0,0.0,True,True,True,False,0.0,1022.4798446419114,0.0,0.0,0.0,0.0,1022.4798446419114
2026-03-10T00:00:00Z,2026-03-10T00:15:00Z,2026-03-10,2026-03-10_5,0.0,0,0,100,65.28153268074537,65.28153268074537,0.0,0.0,0.0,True,True,True,False,0.0,1022.4798446419114,0.0,0.0,0.0,0.0,1022.4798446419114
2026-03-10T00:15:00Z,2026-03-10T00:30:00Z,2026-03-10,2026-03-10_6,0.0,0,0,100,65.28153268074537,65.28153268074537,0.0,0.0,0.0,True,True,True,False,0.0,1022.4798446419114,0.0,0.0,0.0,0.0,1022.4798446419114
2026-03-10T00:30:00Z,2026-03-10T00:45:00Z,2026-03-10,2026-03-10_7,0.0,0,0,100,65.28153268074537,65.28153268074537,0.0,0.0,0.0,True,True,True,False,0.0,1022.4798446419114,0.0,0.0,0.0,0.0,1022.4798446419114
2026-03-10T00:45:00Z,2026-03-10T01:00:00Z,2026-03-10,2026-03-10_8,0.0,0,0,100,65.28153268074537,65.28153268074537,0.0,0.0,0.0,True,True,True,False,0.0,1022.4798446419114,0.0,0.0,0.0,0.0,1022.4798446419114
2026-03-10T01:00:00Z,2026-03-10T01:15:00Z,2026-03-10,2026-03-10_9,0.0,0,0,100,65.28153268074537,65.28153268074537,0.0,0.0,0.0,True,True,True,False,0.0,1022.4798446419114,0.0,0.0,0.0,0.0,1022.4798446419114
2026-03-10T01:15:00Z,2026-03-10T01:30:00Z,2026-03-10,2026-03-10_10,0.0,0,0,100,65.28153268074537,65.28153268074537,0.0,0.0,0.0,True,True,True,False,0.0,1022.4798446419114,0.0,0.0,0.0,0.0,1022.4798446419114
2026-03-10T01:30:00Z,2026-03-10T01:45:00Z,2026-03-10,2026-03-10_11,0.0,0,0,100,65.28153268074537,65.28153268074537,0.0,0.0,0.0,True,True,True,False,0.0,1022.4798446419114,0.0,0.0,0.0,0.0,1022.4798446419114
2026-03-10T01:45:00Z,2026-03-10T02:00:00Z,2026-03-10,2026-03-10_12,0.0,0,0,100,65.28153268074537,65.28153268074537,0.0,0.0,0.0,True,True,True,False,0.0,1022.4798446419114,0.0,0.0,0.0,0.0,1022.4798446419114
2026-03-10T02:00:00Z,2026-03-10T02:15:00Z,2026-03-10,2026-03-10_13,0.0,0,0,100,65.28153268074537,65.28153268074537,0.0,0.0,0.0,True,True,True,False,0.0,1022.4798446419114,0.0,0.0,0.0,0.0,1022.4798446419114
2026-03-10T02:15:00Z,2026-03-10T02:30:00Z,2026-03-10,2026-03-10_14,0.0,0,0,100,65.28153268074537,65.28153268074537,0.0,0.0,0.0,True,True,True,False,0.0,1022.4798446419114,0.0,0.0,0.0,0.0,1022.4798446419114
2026-03-10T02:30:00Z,2026-03-10T02:45:00Z,2026-03-10,2026-03-10_15,0.0,0,0,100,65.28153268074537,65.28153268074537,0.0,0.0,0.0,True,True,True,False,0.0,1022.4798446419114,0.0,0.0,0.0,0.0,1022.4798446419114
2026-03-10T02:45:00Z,2026-03-10T03:00:00Z,2026-03-10,2026-03-10_16,0.0,0,0,100,65.28153268074537,65.28153268074537,0.0,0.0,0.0,True,True,True,False,0.0,1022.4798446419114,0.0,0.0,0.0,0.0,1022.4798446419114
2026-03-10T03:00:00Z,2026-03-10T03:15:00Z,2026-03-10,2026-03-10_17,0.0,0,0,100,65.28153268074537,65.28153268074537,0.0,0.0,0.0,True,True,True,False,0.0,1022.4798446419114,0.0,0.0,0.0,0.0,1022.4798446419114
2026-03-10T03:15:00Z,2026-03-10T03:30:00Z,2026-03-10,2026-03-10_18,0.0,0,0,100,65.28153268074537,65.28153268074537,0.0,0.0,0.0,True,True,True,False,0.0,1022.4798446419114,0.0,0.0,0.0,0.0,1022.4798446419114
2026-03-10T03:30:00Z,2026-03-10T03:45:00Z,2026-03-10,2026-03-10_19,0.0,0,0,100,65.28153268074537,65.28153268074537,0.0,0.0,0.0,True,True,True,False,0.0,1022.4798446419114,0.0,0.0,0.0,0.0,1022.4798446419114
2026-03-10T03:45:00Z,2026-03-10T04:00:00Z,2026-03-10,2026-03-10_20,0.0,0,0,100,65.28153268074537,65.28153268074537,0.0,0.0,0.0,True,True,True,False,0.0,1022.4798446419114,0.0,0.0,0.0,0.0,1022.4798446419114
2026-03-10T04:00:00Z,2026-03-10T04:15:00Z,2026-03-10,2026-03-10_21,-61.0,100,39,0,65.28153268074537,73.88164590310562,0.03824707089026915,6.096571428571429,0.6260057142857143,True,True,True,False,-2139.5750000000003,0.0,104.04284116989348,29.973518507620785,1456.3820470613953,-13.433231155685954,-562.6098244167767
2026-03-10T04:15:00Z,2026-03-10T04:30:00Z,2026-03-10,2026-03-10_22,-61.0,100,39,0,73.88164590310562,71.62069077267084,0.03266573885438233,16.537142857142857,0.0,True,True,True,False,-2296.3450000000003,0.0,104.04284116989348,29.973518507620785,4406.70950783656,0.0,2244.380867514074
2026-03-10T04:30:00Z,2026-03-10T04:45:00Z,2026-03-10,2026-03-10_23,1.496387554929559e-14,100,39,0,71.62069077267084,67.01758518260873,0.012786404416839207,4.234857142857142,0.0,True,True,True,False,6.100772061447812e-13,0.0,104.04284116989348,29.973518507620785,928.8441703446515,0.0,1062.8605300221664
2026-03-10T04:45:00Z,2026-03-10T05:00:00Z,2026-03-10,2026-03-10_24,0.0,100,39,0,67.01758518260873,49.43124977888202,0.04885093167701864,16.179428571428573,0.0,True,True,True,False,0.0,0.0,104.04284116989348,29.973518507620785,14151.593527418854,0.0,14285.609887096369
2026-03-10T05:00:00Z,2026-03-10T05:15:00Z,2026-03-10,2026-03-10_25,0.0,30,37,63,49.43124977888202,46.698641083229845,0.0075905797101449264,2.514,0.0,True,True,True,False,0.0,644.1623021244042,31.29229682810569,25.67115871241099,592.8264391219914,0.0,1293.9521967869123
2026-03-10T05:15:00Z,2026-03-10T05:30:00Z,2026-03-10,2026-03-10_26,0.0,30,37,63,46.698641083229845,45.772774608695684,0.0028225586197377505,0.8933142857142858,0.04905142857142857,True,True,True,False,0.0,644.1623021244042,31.29229682810569,25.67115871241099,194.68079763936413,-2.996891318273911,892.8096639860111
2026-03-10T05:30:00Z,2026-03-10T05:45:00Z,2026-03-10,2026-03-10_27,7.000000000000064,30,37,63,45.772774608695684,44.30361162732921,0.005969198757764018,0.0005142857142857143,0.4556285714285714,True,True,True,False,297.8150000000027,644.1623021244042,31.29229682810569,25.67115871241099,0.07061731301123991,-24.837785536341293,974.1735894415935
2026-03-10T05:45:00Z,2026-03-10T06:00:00Z,2026-03-10,2026-03-10_28,7.000000000000055,30,37,63,44.30361162732921,44.239130434782616,0.008182238233264345,0.0,1.9311885714285715,True,True,True,False,317.2400000000025,644.1623021244042,31.29229682810569,25.67115871241099,0.0,20.324093851529906,1038.6898515164532
2026-03-10T06:00:00Z,2026-03-10T06:15:00Z,2026-03-10,2026-03-10_29,0.0,100,100,0,44.239130434782616,34.52920049689442,0.034425487922705306,10.16742857142857,1.4582857142857144,True,True,True,False,0.0,0.0,104.33707997410698,70.88212793503207,3198.2255970946017,25.226434862534436,3398.6712398662753
2026-03-10T06:15:00Z,2026-03-10T06:30:00Z,2026-03-10,2026-03-10_30,0.0,100,100,0,34.52920049689442,11.268330931677024,0.06461352657004832,21.400000000000002,0.0,True,True,True,False,0.0,0.0,104.33707997410698,70.88212793503207,20221.675591910396,0.0,20396.894799819536
2026-03-10T06:30:00Z,2026-03-10T06:45:00Z,2026-03-10,2026-03-10_31,0.0,100,100,0,11.268330931677024,10.244655900621124,0.015148176673567977,2.9794285714285715,2.4074285714285715,True,True,True,False,0.0,0.0,104.33707997410698,70.88212793503207,588.3756303015527,9.434396123894153,773.0292343345859
2026-03-10T06:45:00Z,2026-03-10T07:00:00Z,2026-03-10,2026-03-10_32,0.0,100,100,0,10.244655900621124,24.31382161490684,0.03908101587301587,0.0,15.292571428571428,True,True,True,False,0.0,0.0,104.33707997410698,70.88212793503207,0.0,2606.219664455672,2781.4388723648112
2026-03-10T07:00:00Z,2026-03-10T07:15:00Z,2026-03-10,2026-03-10_33,52.67486354285717,0,0,0,24.31382161490684,10.0,0.03976061559696344,0.0,0.0,True,False,True,False,1592.4928120594293,0.0,0.0,0.0,0.0,0.0,1592.4928120594293
2026-03-10T07:15:00Z,2026-03-10T07:30:00Z,2026-03-10,2026-03-10_34,5.792467954566033e-15,0,0,0,10.0,9.999999999999998,4.3723339029031046e-18,0.0,0.0,True,False,True,False,1.5943768044943005e-14,0.0,0.0,0.0,0.0,0.0,1.5943768044943005e-14
2026-03-10T07:30:00Z,2026-03-10T07:45:00Z,2026-03-10,2026-03-10_35,-74.64069565217392,0,0,0,9.999999999999998,27.167360000000002,0.04768711111111112,0.0,0.0,True,False,True,False,-157.30526608695652,0.0,0.0,0.0,0.0,0.0,-157.30526608695652
2026-03-10T07:45:00Z,2026-03-10T08:00:00Z,2026-03-10,2026-03-10_36,-100.0,0,0,0,27.167360000000002,50.16736,0.06388888888888888,0.0,0.0,True,False,True,False,-64.75,0.0,0.0,0.0,0.0,0.0,-64.75
2026-03-10T08:00:00Z,2026-03-10T08:15:00Z,2026-03-10,2026-03-10_37,0.0,100,100,0,50.16736,55.61533714285714,0.015133269841269842,0.0,5.921714285714286,True,True,True,False,0.0,0.0,82.563408462308,91.86135467545459,0.0,1200.1103986235228,1374.5351617612853
2026-03-10T08:15:00Z,2026-03-10T08:30:00Z,2026-03-10,2026-03-10_38,0.0,100,100,0,55.61533714285714,60.04237714285714,0.012297333333333334,0.0,4.811999999999999,True,True,True,False,0.0,0.0,82.563408462308,91.86135467545459,0.0,280.95816159595125,455.3829247337138
2026-03-10T08:30:00Z,2026-03-10T08:45:00Z,2026-03-10,2026-03-10_39,0.0,100,100,0,60.04237714285714,71.49033142857142,0.03179987301587302,0.0,12.443428571428573,True,True,True,False,0.0,0.0,82.563408462308,91.86135467545459,0.0,1042.6811568909327,1217.1059200286952
2026-03-10T08:45:00Z,2026-03-10T09:00:00Z,2026-03-10,2026-03-10_40,0.0,100,100,0,71.49033142857142,87.8363657142857,0.04540565079365079,0.0,17.76742857142857,True,True,True,False,0.0,0.0,82.563408462308,91.86135467545459,0.0,6576.189583722148,6750.614346859911
2026-03-10T09:00:00Z,2026-03-10T09:15:00Z,2026-03-10,2026-03-10_41,0.0,100,100,0,87.8363657142857,100.26425142857141,0.03452190476190476,0.0,13.508571428571429,True,True,True,False,0.0,0.0,89.56629200258931,92.00847407756135,0.0,2374.9557246261065,2556.5304907062573
2026-03-10T09:15:00Z,2026-03-10T09:30:00Z,2026-03-10,2026-03-10_42,0.0,100,100,0,100.26425142857141,119.07430857142856,0.05225015873015873,0.0,20.445714285714285,True,True,True,False,0.0,0.0,89.56629200258931,92.00847407756135,0.0,6548.828982241987,6730.403748322138
2026-03-10T09:30:00Z,2026-03-10T09:45:00Z,2026-03-10,2026-03-10_43,0.0,100,100,0,119.07430857142856,129.0854857142857,0.027808825396825398,0.0,10.881714285714285,True,True,True,False,0.0,0.0,89.56629200258931,92.00847407756135,0.0,611.1553595458072,792.7301256259578
2026-03-10T09:45:00Z,2026-03-10T10:00:00Z,2026-03-10,2026-03-10_44,0.0,100,100,0,129.0854857142857,144.0,0.04142920634920635,0.0,16.21142857142857,True,True,True,False,0.0,0.0,89.56629200258931,92.00847407756135,0.0,2068.272876506572,2249.847642586723
2026-03-10T10:00:00Z,2026-03-10T10:15:00Z,2026-03-10,2026-03-10_45,0.0,0,0,100,144.0,144.0,0.0,0.0,0.0,True,True,True,False,0.0,1022.4798446419114,0.0,0.0,0.0,0.0,1022.4798446419114
2026-03-10T10:15:00Z,2026-03-10T10:30:00Z,2026-03-10,2026-03-10_46,0.0,0,0,100,144.0,144.0,0.0,0.0,0.0,True,True,True,False,0.0,1022.4798446419114,0.0,0.0,0.0,0.0,1022.4798446419114
2026-03-10T10:30:00Z,2026-03-10T10:45:00Z,2026-03-10,2026-03-10_47,0.0,0,0,100,144.0,144.0,0.0,0.0,0.0,True,True,True,False,0.0,1022.4798446419114,0.0,0.0,0.0,0.0,1022.4798446419114
2026-03-10T10:45:00Z,2026-03-10T11:00:00Z,2026-03-10,2026-03-10_48,0.0,0,0,100,144.0,144.0,0.0,0.0,0.0,True,True,True,False,0.0,1022.4798446419114,0.0,0.0,0.0,0.0,1022.4798446419114
2026-03-10T11:00:00Z,2026-03-10T11:15:00Z,2026-03-10,2026-03-10_49,0.0,0,0,100,144.0,144.0,0.0,0.0,0.0,True,True,True,False,0.0,1022.4798446419114,0.0,0.0,0.0,0.0,1022.4798446419114
2026-03-10T11:15:00Z,2026-03-10T11:30:00Z,2026-03-10,2026-03-10_50,0.0,0,0,100,144.0,144.0,0.0,0.0,0.0,True,True,True,False,0.0,1022.4798446419114,0.0,0.0,0.0,0.0,1022.4798446419114
2026-03-10T11:30:00Z,2026-03-10T11:45:00Z,2026-03-10,2026-03-10_51,0.0,0,0,100,144.0,144.0,0.0,0.0,0.0,True,True,True,False,0.0,1022.4798446419114,0.0,0.0,0.0,0.0,1022.4798446419114
2026-03-10T11:45:00Z,2026-03-10T12:00:00Z,2026-03-10,2026-03-10_52,0.0,0,0,100,144.0,144.0,0.0,0.0,0.0,True,True,True,False,0.0,1022.4798446419114,0.0,0.0,0.0,0.0,1022.4798446419114
2026-03-10T12:00:00Z,2026-03-10T12:15:00Z,2026-03-10,2026-03-10_53,0.0,0,0,100,144.0,144.0,0.0,0.0,0.0,True,True,True,False,0.0,1022.4798446419114,0.0,0.0,0.0,0.0,1022.4798446419114
2026-03-10T12:15:00Z,2026-03-10T12:30:00Z,2026-03-10,2026-03-10_54,0.0,0,0,100,144.0,144.0,0.0,0.0,0.0,True,True,True,False,0.0,1022.4798446419114,0.0,0.0,0.0,0.0,1022.4798446419114
2026-03-10T12:30:00Z,2026-03-10T12:45:00Z,2026-03-10,2026-03-10_55,0.0,0,0,100,144.0,144.0,0.0,0.0,0.0,True,True,True,False,0.0,1022.4798446419114,0.0,0.0,0.0,0.0,1022.4798446419114
2026-03-10T12:45:00Z,2026-03-10T13:00:00Z,2026-03-10,2026-03-10_56,0.0,0,0,100,144.0,144.0,0.0,0.0,0.0,True,True,True,False,0.0,1022.4798446419114,0.0,0.0,0.0,0.0,1022.4798446419114
2026-03-10T13:00:00Z,2026-03-10T13:15:00Z,2026-03-10,2026-03-10_57,0.0,0,0,100,144.0,144.0,0.0,0.0,0.0,True,True,True,False,0.0,1022.4798446419114,0.0,0.0,0.0,0.0,1022.4798446419114
2026-03-10T13:15:00Z,2026-03-10T13:30:00Z,2026-03-10,2026-03-10_58,0.0,0,0,100,144.0,144.0,0.0,0.0,0.0,True,True,True,False,0.0,1022.4798446419114,0.0,0.0,0.0,0.0,1022.4798446419114
2026-03-10T13:30:00Z,2026-03-10T13:45:00Z,2026-03-10,2026-03-10_59,0.0,0,0,100,144.0,144.0,0.0,0.0,0.0,True,True,True,False,0.0,1022.4798446419114,0.0,0.0,0.0,0.0,1022.4798446419114
2026-03-10T13:45:00Z,2026-03-10T14:00:00Z,2026-03-10,2026-03-10_60,0.0,0,0,100,144.0,144.0,0.0,0.0,0.0,True,True,True,False,0.0,1022.4798446419114,0.0,0.0,0.0,0.0,1022.4798446419114
2026-03-10T14:00:00Z,2026-03-10T14:15:00Z,2026-03-10,2026-03-10_61,-70.0,83,30,0,144.0,163.77562812422363,0.05497177584541063,0.04173714285714285,4.038171428571429,True,True,True,False,-44.1,0.0,79.4441828988407,25.642911787206497,5.717028221704735,280.5998023387782,347.3039252465301
2026-03-10T14:15:00Z,2026-03-10T14:30:00Z,2026-03-10,2026-03-10_62,-70.0,83,30,0,163.77562812422363,177.57436616149073,0.040634210213940654,2.436405714285714,0.004285714285714286,True,True,True,False,-147.525,0.0,79.4441828988407,25.642911787206497,481.96998008367575,-0.3362729191011425,439.1958018506218
2026-03-10T14:30:00Z,2026-03-10T14:45:00Z,2026-03-10,2026-03-10_63,-69.30439254733443,83,30,0,177.57436616149073,189.9707866633541,0.038160859736517234,3.7397428571428573,0.0,True,True,True,False,-571.761238515509,0.0,79.4441828988407,25.642911787206497,793.5056657054865,0.0,326.8315218760247
2026-03-10T14:45:00Z,2026-03-10T15:00:00Z,2026-03-10,2026-03-10_64,16.999999999999957,83,30,0,189.9707866633541,182.39592248447212,0.021144183354037234,2.76224,0.046457142857142864,True,True,True,False,647.5299999999984,0.0,79.4441828988407,25.642911787206497,577.1563909531376,-2.317425797176989,1327.4560598420062
2026-03-10T15:00:00Z,2026-03-10T15:15:00Z,2026-03-10,2026-03-10_65,0.0,100,100,0,182.39592248447212,189.43643428571437,0.01960873706004141,0.008571428571428572,7.662857142857144,True,True,True,False,0.0,0.0,104.10168893073619,69.38151003354321,1.1657455590957622,349.00504577515113,523.6539902985263
2026-03-10T15:15:00Z,2026-03-10T15:30:00Z,2026-03-10,2026-03-10_66,0.0,100,100,0,189.43643428571437,189.4639751552796,0.0030544182194616977,0.4931428571428571,0.6125714285714287,True,True,True,False,0.0,0.0,104.10168893073619,69.38151003354321,74.98520623337899,-31.254612963881492,217.2137922337769
2026-03-10T15:30:00Z,2026-03-10T15:45:00Z,2026-03-10,2026-03-10_67,0.0,100,100,0,189.4639751552796,186.65494062111813,0.009543572118702553,2.8725714285714283,0.3405714285714285,True,True,True,False,0.0,0.0,104.10168893073619,69.38151003354321,641.596737031775,-17.71821203688914,797.3617239591653
2026-03-10T15:45:00Z,2026-03-10T16:00:00Z,2026-03-10,2026-03-10_68,0.0,100,100,0,186.65494062111813,174.50773565217403,0.03374223602484471,11.17542857142857,0.0,True,True,True,False,0.0,0.0,104.10168893073619,69.38151003354321,3246.9487698295934,0.0,3420.431968793873
2026-03-10T16:00:00Z,2026-03-10T16:15:00Z,2026-03-10,2026-03-10_69,0.0,100,100,0,174.50773565217403,173.44215453416163,0.005138741200828157,1.341142857142857,0.42628571428571427,True,True,True,False,0.0,0.0,105.24922026716884,69.44035779438593,258.1942689006397,-21.828380649735323,411.05546631245915
2026-03-10T16:15:00Z,2026-03-10T16:30:00Z,2026-03-10,2026-03-10_70,0.0,100,100,0,173.44215453416163,167.4415334161492,0.016668391994478948,5.5205714285714285,0.0,True,True,True,False,0.0,0.0,105.24922026716884,69.44035779438593,1443.9133136613675,0.0,1618.6028917229223
2026-03-10T16:30:00Z,2026-03-10T16:45:00Z,2026-03-10,2026-03-10_71,0.0,100,100,0,167.4415334161492,151.67072596273306,0.04380779848171153,14.509142857142857,0.0,True,True,True,False,0.0,0.0,105.24922026716884,69.44035779438593,7437.60424152242,0.0,7612.293819583975
2026-03-10T16:45:00Z,2026-03-10T17:00:00Z,2026-03-10,2026-03-10_72,0.0,100,100,0,151.67072596273306,127.28066385093182,0.06775017253278123,22.438857142857145,0.0,True,True,True,False,0.0,0.0,105.24922026716884,69.44035779438593,14915.138581768966,0.0,15089.82815983052
2026-03-10T17:00:00Z,2026-03-10T17:15:00Z,2026-03-10,2026-03-10_73,0.5928429714286526,0,77,23,127.28066385093182,127.11956521739141,0.0004474962042788742,0.0,0.0,True,True,True,False,24.99722389028914,235.1703642676396,0.0,53.46907550167716,0.0,0.0,313.6366636596059
2026-03-10T17:15:00Z,2026-03-10T17:30:00Z,2026-03-10,2026-03-10_74,76.99999999999999,0,77,23,127.11956521739141,106.19565217391316,0.05812198067632849,0.0,0.0,True,True,True,False,3860.394999999999,235.1703642676396,0.0,53.46907550167716,0.0,0.0,4149.034439769316
2026-03-10T17:30:00Z,2026-03-10T17:45:00Z,2026-03-10,2026-03-10_75,77.0,0,77,23,106.19565217391316,85.2717391304349,0.0581219806763285,0.0,0.0,True,True,True,False,4670.2425,235.1703642676396,0.0,53.46907550167716,0.0,0.0,4958.881939769317
2026-03-10T17:45:00Z,2026-03-10T18:00:00Z,2026-03-10,2026-03-10_76,77.0,0,77,23,85.2717391304349,64.34782608695663,0.0581219806763285,0.0,0.0,True,True,True,False,4809.42,235.1703642676396,0.0,53.46907550167716,0.0,0.0,5098.059439769317
2026-03-10T18:00:00Z,2026-03-10T18:15:00Z,2026-03-10,2026-03-10_77,0.0,0,0,100,64.34782608695663,64.34782608695663,0.0,0.0,0.0,True,True,True,False,0.0,1022.4798446419114,0.0,0.0,0.0,0.0,1022.4798446419114
2026-03-10T18:15:00Z,2026-03-10T18:30:00Z,2026-03-10,2026-03-10_78,0.0,0,0,100,64.34782608695663,64.34782608695663,0.0,0.0,0.0,True,True,True,False,0.0,1022.4798446419114,0.0,0.0,0.0,0.0,1022.4798446419114
2026-03-10T18:30:00Z,2026-03-10T18:45:00Z,2026-03-10,2026-03-10_79,0.0,0,0,100,64.34782608695663,64.34782608695663,0.0,0.0,0.0,True,True,True,False,0.0,1022.4798446419114,0.0,0.0,0.0,0.0,1022.4798446419114
2026-03-10T18:45:00Z,2026-03-10T19:00:00Z,2026-03-10,2026-03-10_80,0.0,0,0,100,64.34782608695663,64.34782608695663,0.0,0.0,0.0,True,True,True,False,0.0,1022.4798446419114,0.0,0.0,0.0,0.0,1022.4798446419114
2026-03-10T19:00:00Z,2026-03-10T19:15:00Z,2026-03-10,2026-03-10_81,0.0,0,0,100,64.34782608695663,64.34782608695663,0.0,0.0,0.0,True,True,True,False,0.0,1022.4798446419114,0.0,0.0,0.0,0.0,1022.4798446419114
2026-03-10T19:15:00Z,2026-03-10T19:30:00Z,2026-03-10,2026-03-10_82,0.0,0,0,100,64.34782608695663,64.34782608695663,0.0,0.0,0.0,True,True,True,False,0.0,1022.4798446419114,0.0,0.0,0.0,0.0,1022.4798446419114
2026-03-10T19:30:00Z,2026-03-10T19:45:00Z,2026-03-10,2026-03-10_83,0.0,0,0,100,64.34782608695663,64.34782608695663,0.0,0.0,0.0,True,True,True,False,0.0,1022.4798446419114,0.0,0.0,0.0,0.0,1022.4798446419114
2026-03-10T19:45:00Z,2026-03-10T20:00:00Z,2026-03-10,2026-03-10_84,0.0,0,0,100,64.34782608695663,64.34782608695663,0.0,0.0,0.0,True,True,True,False,0.0,1022.4798446419114,0.0,0.0,0.0,0.0,1022.4798446419114
2026-03-10T20:00:00Z,2026-03-10T20:15:00Z,2026-03-10,2026-03-10_85,0.0,0,0,100,64.34782608695663,64.34782608695663,0.0,0.0,0.0,True,True,True,False,0.0,1022.4798446419114,0.0,0.0,0.0,0.0,1022.4798446419114
2026-03-10T20:15:00Z,2026-03-10T20:30:00Z,2026-03-10,2026-03-10_86,0.0,0,0,100,64.34782608695663,64.34782608695663,0.0,0.0,0.0,True,True,True,False,0.0,1022.4798446419114,0.0,0.0,0.0,0.0,1022.4798446419114
2026-03-10T20:30:00Z,2026-03-10T20:45:00Z,2026-03-10,2026-03-10_87,0.0,0,0,100,64.34782608695663,64.34782608695663,0.0,0.0,0.0,True,True,True,False,0.0,1022.4798446419114,0.0,0.0,0.0,0.0,1022.4798446419114
2026-03-10T20:45:00Z,2026-03-10T21:00:00Z,2026-03-10,2026-03-10_88,0.0,0,0,100,64.34782608695663,64.34782608695663,0.0,0.0,0.0,True,True,True,False,0.0,1022.4798446419114,0.0,0.0,0.0,0.0,1022.4798446419114
2026-03-10T21:00:00Z,2026-03-10T21:15:00Z,2026-03-10,2026-03-10_89,0.0,100,100,0,64.34782608695663,47.66583850931688,0.046338854382332643,15.347428571428573,0.0,True,True,True,False,0.0,0.0,104.10168893073619,71.67657270640852,5786.611881531051,0.0,5962.390143168196
2026-03-10T21:15:00Z,2026-03-10T21:30:00Z,2026-03-10,2026-03-10_90,0.0,100,100,0,47.66583850931688,35.87018633540384,0.032765700483091784,10.851999999999999,0.0,True,True,True,False,0.0,0.0,104.10168893073619,71.67657270640852,3985.4421820749712,0.0,4161.220443712116
2026-03-10T21:30:00Z,2026-03-10T21:45:00Z,2026-03-10,2026-03-10_91,0.0,100,100,0,35.87018633540384,25.346583850931786,0.029232229123533474,9.681714285714287,0.0,True,True,True,False,0.0,0.0,104.10168893073619,71.67657270640852,2328.158011281957,0.0,2503.9362729191016
2026-03-10T21:45:00Z,2026-03-10T22:00:00Z,2026-03-10,2026-03-10_92,0.0,100,100,0,25.346583850931786,14.655900621118123,0.029696342305037954,9.83542857142857,0.0,True,True,True,False,0.0,0.0,104.10168893073619,71.67657270640852,3115.322175573695,0.0,3291.1004372108396
2026-03-10T22:00:00Z,2026-03-10T22:15:00Z,2026-03-11,2026-03-10_93,-88.67139021557,100,0,0,14.655900621118123,24.244763229813675,0.03450868326633582,11.508571428571429,0.0,True,True,True,False,-3095.9615893766263,0.0,103.56196644097733,0.0,2690.7674659713753,0.0,-301.6321569642737
2026-03-10T22:15:00Z,2026-03-10T22:30:00Z,2026-03-11,2026-03-10_94,-100.0,100,0,0,24.244763229813675,38.323391801242245,0.039107301587301586,9.697142857142858,0.0,True,True,True,False,-2809.75,0.0,103.56196644097733,0.0,2226.8392873263524,0.0,-479.34874623267024
2026-03-10T22:30:00Z,2026-03-10T22:45:00Z,2026-03-11,2026-03-10_95,-100.0,100,0,0,38.323391801242245,49.72350608695653,0.03166698412698413,12.60857142857143,0.0,True,True,True,False,-2546.75,0.0,103.56196644097733,0.0,3854.8279086589014,0.0,1411.6398750998787
2026-03-10T22:45:00Z,2026-03-10T23:00:00Z,2026-03-11,2026-03-10_96,-100.0,100,0,0,49.72350608695653,64.34782608695653,0.04062311111111111,9.104,0.0,True,True,True,False,-1932.9999999999998,0.0,103.56196644097733,0.0,2103.467988617407,0.0,274.02995505838476
2026-03-10T23:00:00Z,2026-03-10T23:15:00Z,2026-03-11,2026-03-11_1,0.0,0,0,100,64.34782608695653,64.34782608695653,0.0,0.0,0.0,True,True,True,False,0.0,1022.9614365616719,0.0,0.0,0.0,0.0,1022.9614365616719
2026-03-10T23:15:00Z,2026-03-10T23:30:00Z,2026-03-11,2026-03-11_2,0.0,0,0,100,64.34782608695653,64.34782608695653,0.0,0.0,0.0,True,True,True,False,0.0,1022.9614365616719,0.0,0.0,0.0,0.0,1022.9614365616719
2026-03-10T23:30:00Z,2026-03-10T23:45:00Z,2026-03-11,2026-03-11_3,0.0,0,0,100,64.34782608695653,64.34782608695653,0.0,0.0,0.0,True,True,True,False,0.0,1022.9614365616719,0.0,0.0,0.0,0.0,1022.9614365616719
2026-03-10T23:45:00Z,2026-03-11T00:00:00Z,2026-03-11,2026-03-11_4,0.0,0,0,100,64.34782608695653,64.34782608695653,0.0,0.0,0.0,True,True,True,False,0.0,1022.9614365616719,0.0,0.0,0.0,0.0,1022.9614365616719
2026-03-11T00:00:00Z,2026-03-11T00:15:00Z,2026-03-11,2026-03-11_5,0.0,100,0,0,64.34782608695653,56.264596273291936,0.022453416149068324,7.436571428571429,0.0,True,True,True,False,0.0,0.0,103.56196644097733,0.0,1528.5040326338367,0.0,1632.065999074814
2026-03-11T00:15:00Z,2026-03-11T00:30:00Z,2026-03-11,2026-03-11_6,-100.0,100,0,0,56.264596273291936,68.67355627329194,0.03446933333333334,11.512,0.0,True,True,True,False,-2347.25,0.0,103.56196644097733,0.0,2675.2776449808653,0.0,431.5896114218426
2026-03-11T00:30:00Z,2026-03-11T00:45:00Z,2026-03-11,2026-03-11_7,-100.00000000000003,100,0,0,68.67355627329194,82.76217341614908,0.03913504761904764,9.686285714285713,0.0,True,True,True,False,-2172.500000000001,0.0,103.56196644097733,0.0,2212.993599618711,0.0,144.05556605968738
2026-03-11T00:45:00Z,2026-03-11T01:00:00Z,2026-03-11,2026-03-11_8,-100.0,100,0,0,82.76217341614908,104.17924770186337,0.059491873015873026,1.7205714285714286,0.0,True,True,True,False,-1946.5,0.0,103.56196644097733,0.0,269.14187566059684,0.0,-1573.796157898426
2026-03-11T01:00:00Z,2026-03-11T01:15:00Z,2026-03-11,2026-03-11_9,0.0,0,0,100,104.17924770186337,104.17924770186337,0.0,0.0,0.0,True,True,True,False,0.0,1022.9614365616719,0.0,0.0,0.0,0.0,1022.9614365616719
2026-03-11T01:15:00Z,2026-03-11T01:30:00Z,2026-03-11,2026-03-11_10,0.0,0,0,100,104.17924770186337,104.17924770186337,0.0,0.0,0.0,True,True,True,False,0.0,1022.9614365616719,0.0,0.0,0.0,0.0,1022.9614365616719
2026-03-11T01:30:00Z,2026-03-11T01:45:00Z,2026-03-11,2026-03-11_11,0.0,0,0,100,104.17924770186337,104.17924770186337,0.0,0.0,0.0,True,True,True,False,0.0,1022.9614365616719,0.0,0.0,0.0,0.0,1022.9614365616719
2026-03-11T01:45:00Z,2026-03-11T02:00:00Z,2026-03-11,2026-03-11_12,0.0,0,0,100,104.17924770186337,104.17924770186337,0.0,0.0,0.0,True,True,True,False,0.0,1022.9614365616719,0.0,0.0,0.0,0.0,1022.9614365616719
2026-03-11T02:00:00Z,2026-03-11T02:15:00Z,2026-03-11,2026-03-11_13,0.0,0,0,100,104.17924770186337,104.17924770186337,0.0,0.0,0.0,True,True,True,False,0.0,1022.9614365616719,0.0,0.0,0.0,0.0,1022.9614365616719
2026-03-11T02:15:00Z,2026-03-11T02:30:00Z,2026-03-11,2026-03-11_14,0.0,0,0,100,104.17924770186337,104.17924770186337,0.0,0.0,0.0,True,True,True,False,0.0,1022.9614365616719,0.0,0.0,0.0,0.0,1022.9614365616719
2026-03-11T02:30:00Z,2026-03-11T02:45:00Z,2026-03-11,2026-03-11_15,0.0,0,0,100,104.17924770186337,104.17924770186337,0.0,0.0,0.0,True,True,True,False,0.0,1022.9614365616719,0.0,0.0,0.0,0.0,1022.9614365616719
2026-03-11T02:45:00Z,2026-03-11T03:00:00Z,2026-03-11,2026-03-11_16,0.0,0,0,100,104.17924770186337,104.17924770186337,0.0,0.0,0.0,True,True,True,False,0.0,1022.9614365616719,0.0,0.0,0.0,0.0,1022.9614365616719
2026-03-11T03:00:00Z,2026-03-11T03:15:00Z,2026-03-11,2026-03-11_17,-6.000000000000057,100,94,0,104.17924770186337,99.69267124472054,0.021183319365079382,5.927428571428571,0.5618514285714286,True,True,True,False,-140.91000000000133,0.0,103.56196644097733,76.78834265528405,1365.6176570363205,-27.931806168467972,1377.1261599641125
2026-03-11T03:15:00Z,2026-03-11T03:30:00Z,2026-03-11,2026-03-11_18,-6.000000000000057,100,94,0,99.69267124472054,96.87630099875783,0.01429496877846793,3.8965714285714284,0.0,True,True,True,False,-133.95000000000127,0.0,103.56196644097733,76.78834265528405,806.8024922831069,0.0,853.202801379367
2026-03-11T03:30:00Z,2026-03-11T03:45:00Z,2026-03-11,2026-03-11_19,-6.000000000000057,100,94,0,96.87630099875783,85.38472451180131,0.03592243246376811,11.952,0.0,True,True,True,False,-142.33500000000134,0.0,103.56196644097733,76.78834265528405,2892.5927583161615,0.0,2930.6080674124214
2026-03-11T03:45:00Z,2026-03-11T04:00:00Z,2026-03-11,2026-03-11_20,-2.9112303012933096,100,94,0,85.38472451180131,76.75322832298137,0.026417316446098734,8.595428571428572,0.0,True,True,True,False,-71.52165042702337,0.0,103.56196644097733,76.78834265528405,2085.619889145885,0.0,2194.4485478151228
2026-03-11T04:00:00Z,2026-03-11T04:15:00Z,2026-03-11,2026-03-11_21,0.0,100,100,0,76.75322832298137,81.65860770186336,0.017031850931677018,0.5640000000000001,5.998285714285714,True,True,True,False,0.0,0.0,104.09184574624668,76.89137474241977,125.45737533117456,210.0794950166113,516.5200908364523
2026-03-11T04:15:00Z,2026-03-11T04:30:00Z,2026-03-11,2026-03-11_22,0.0,100,100,0,81.65860770186336,82.3078648447205,0.0018034920634920635,0.0,0.7057142857142857,True,True,True,False,0.0,0.0,104.09184574624668,76.89137474241977,0.0,-38.34277079215554,142.6404496965109
2026-03-11T04:30:00Z,2026-03-11T04:45:00Z,2026-03-11,2026-03-11_23,0.0,100,100,0,82.3078648447205,84.4888198757764,0.006161728088336784,0.017142857142857144,2.390857142857143,True,True,True,False,0.0,0.0,104.09184574624668,76.89137474241977,2.355019134530468,-107.71220813883399,75.62603148436293
2026-03-11T04:45:00Z,2026-03-11T05:00:00Z,2026-03-11,2026-03-11_24,0.0,100,100,0,84.4888198757764,69.81180124223603,0.040769496204278804,13.502857142857142,0.0,True,True,True,False,0.0,0.0,104.09184574624668,76.89137474241977,3929.979343117877,0.0,4110.962563606543
2026-03-11T05:00:00Z,2026-03-11T05:15:00Z,2026-03-11,2026-03-11_25,100.0,0,100,0,69.81180124223603,42.66770186335404,0.07540027605244996,0.0,0.027428571428571427,True,True,True,False,3513.7500000000005,0.0,0.0,72.15189873417721,0.0,-1.6543430758232052,3584.2475556583545
2026-03-11T05:15:00Z,2026-03-11T05:30:00Z,2026-03-11,2026-03-11_26,100.0,0,100,0,42.66770186335404,17.224844720496904,0.07067460317460315,0.0,1.5925714285714285,True,True,True,False,4282.75,0.0,0.0,72.15189873417721,0.0,-80.10020135413599,4274.801697380041
2026-03-11T05:30:00Z,2026-03-11T05:45:00Z,2026-03-11,2026-03-11_27,100.0,0,100,0,17.224844720496904,12.226086956521748,0.013885438233264321,0.0,20.401142857142858,True,True,True,False,3463.0000000000005,0.0,0.0,72.15189873417721,0.0,1741.3419408161265,5276.493839550304
2026-03-11T05:45:00Z,2026-03-11T06:00:00Z,2026-03-11,2026-03-11_28,100.0,0,100,0,12.226086956521748,10.000000000000005,0.006183574879227061,0.0,22.951999999999998,True,True,True,False,2398.0,0.0,0.0,72.15189873417721,0.0,7284.295000686879,9754.446899421057
2026-03-11T06:00:00Z,2026-03-11T06:15:00Z,2026-03-11,2026-03-11_29,24.150201678245804,64,100,0,10.000000000000005,10.000000000000004,0.026492721240618092,0.0,6.833714285714286,True,True,True,False,575.74080800938,0.0,67.52310862525758,74.4186046511628,0.0,764.6383799711228,1482.3209012569232
2026-03-11T06:15:00Z,2026-03-11T06:30:00Z,2026-03-11,2026-03-11_30,34.02816418825092,64,100,0,10.000000000000004,10.000000000000005,0.03191931039659811,0.0,9.466285714285712,True,True,True,False,762.6562298691738,0.0,67.52310862525758,74.4186046511628,0.0,155.70186870768322,1060.2998118532773
2026-03-11T06:30:00Z,2026-03-11T06:45:00Z,2026-03-11,2026-03-11_31,35.999999999999915,64,100,0,10.000000000000005,10.13828754285717,0.03272698920634919,0.0,10.122285714285713,True,True,True,False,760.7699999999982,0.0,67.52310862525758,74.4186046511628,0.0,357.63820312040025,1260.3499163968188
2026-03-11T06:45:00Z,2026-03-11T07:00:00Z,2026-03-11,2026-03-11_32,0.0,64,100,0,10.13828754285717,21.701898971428598,0.032121142857142855,0.0,12.569142857142857,True,True,True,False,0.0,0.0,67.52310862525758,74.4186046511628,0.0,306.29931822196056,448.24103149838095
2026-03-11T07:00:00Z,2026-03-11T07:15:00Z,2026-03-11,2026-03-11_33,0.0,100,100,0,21.701898971428598,27.08731611428574,0.014959492063492065,0.0,5.853714285714286,True,True,True,False,0.0,0.0,80.30615248748896,93.2293199882249,0.0,100.00080878085707,273.53628125657093
2026-03-11T07:15:00Z,2026-03-11T07:30:00Z,2026-03-11,2026-03-11_34,0.0,100,100,0,27.08731611428574,25.944647791304373,0.015908046928916494,3.16,2.4914285714285715,True,True,True,False,0.0,0.0,80.30615248748896,93.2293199882249,432.42604651162793,33.97935993944237,639.9408789267842
2026-03-11T07:30:00Z,2026-03-11T07:45:00Z,2026-03-11,2026-03-11_35,0.0,100,100,0,25.944647791304373,39.47968779130437,0.03759733333333334,0.0,14.712,True,True,True,False,0.0,0.0,80.30615248748896,93.2293199882249,0.0,6065.952056520459,6239.487528996173
2026-03-11T07:45:00Z,2026-03-11T08:00:00Z,2026-03-11,2026-03-11_36,0.0,100,100,0,39.47968779130437,56.3829792198758,0.0469535873015873,0.0,18.373142857142856,True,True,True,False,0.0,0.0,80.30615248748896,93.2293199882249,0.0,5410.703973421926,5584.23944589764
2026-03-11T08:00:00Z,2026-03-11T08:15:00Z,2026-03-11,2026-03-11_37,-15.0,15,0,85,56.3829792198758,59.49728436273295,0.00865084761904762,0.36488571428571426,0.0,True,True,True,False,-9.5625,869.5172210774211,12.01501324698263,0.0,47.3414061482821,0.0,919.3111404726859
2026-03-11T08:15:00Z,2026-03-11T08:30:00Z,2026-03-11,2026-03-11_38,-15.0,15,0,85,59.49728436273295,62.860620362732945,0.0093426,0.0942,0.0,True,True,True,False,-0.0375,869.5172210774211,12.01501324698263,0.0,8.240036620547542,0.0,889.7347709449513
2026-03-11T08:30:00Z,2026-03-11T08:45:00Z,2026-03-11,2026-03-11_39,-15.0,15,0,85,62.860620362732945,66.23002836273295,0.009359466666666667,0.0876,0.0,True,True,True,False,-0.0375,869.5172210774211,12.01501324698263,0.0,6.952058404474537,0.0,888.4467927288783
2026-03-11T08:45:00Z,2026-03-11T09:00:00Z,2026-03-11,2026-03-11_40,-15.0,15,0,85,66.23002836273295,69.64659293416153,0.009490457142857144,0.03634285714285714,0.0,True,True,True,False,-0.0,869.5172210774211,12.01501324698263,0.0,2.348552386559569,0.0,883.8807867109633
2026-03-11T09:00:00Z,2026-03-11T09:15:00Z,2026-03-11,2026-03-11_41,0.0,7,7,93,69.64659293416153,69.63268469068326,6.643845410628018e-05,0.0174,0.00544,True,True,True,False,0.0,951.3541360023548,6.192228436856049,6.528113040918457,1.0244333235207534,-0.41885597880482783,964.6800548248452
2026-03-11T09:15:00Z,2026-03-11T09:30:00Z,2026-03-11,2026-03-11_42,0.0,7,7,93,69.63268469068326,69.64971780372673,7.412579710144928e-05,0.00444,0.02376,True,True,True,False,0.0,951.3541360023548,6.192228436856049,6.528113040918457,0.2720054400942008,-1.4733391580806594,962.8731437621428
2026-03-11T09:30:00Z,2026-03-11T09:45:00Z,2026-03-11,2026-03-11_43,0.0,7,7,93,69.64971780372673,70.08627620372673,0.0012126622222222222,0.0,0.47451999999999994,True,True,True,False,0.0,951.3541360023548,6.192228436856049,6.528113040918457,0.0,6.867060111863408,970.9415375919928
2026-03-11T09:45:00Z,2026-03-11T10:00:00Z,2026-03-11,2026-03-11_44,0.0,7,7,93,70.08627620372673,71.14504900372673,0.002941035555555556,0.0,1.15084,True,True,True,False,0.0,951.3541360023548,6.192228436856049,6.528113040918457,0.0,157.479766641154,1121.5542441212833
2026-03-11T10:00:00Z,2026-03-11T10:15:00Z,2026-03-11,2026-03-11_45,0.0,7,7,93,71.14504900372673,71.54296740372672,0.001105328888888889,0.0,0.43252,True,True,True,False,0.0,951.3541360023548,6.192228436856049,6.2416838386811895,0.0,13.784956922774999,977.5730052006671
2026-03-11T10:15:00Z,2026-03-11T10:30:00Z,2026-03-11,2026-03-11_46,0.0,7,7,93,71.54296740372672,72.22258980372672,0.0018878399999999998,0.0,0.7387199999999999,True,True,True,False,0.0,951.3541360023548,6.192228436856049,6.2416838386811895,0.0,61.094630320871346,1024.8826785987635
2026-03-11T10:30:00Z,2026-03-11T10:45:00Z,2026-03-11,2026-03-11_47,0.0,7,7,93,72.22258980372672,72.39654340372672,0.0004832044444444445,0.0,0.18908,True,True,True,False,0.0,951.3541360023548,6.192228436856049,6.2416838386811895,0.0,1.6556142400157,965.4436625179078
2026-03-11T10:45:00Z,2026-03-11T11:00:00Z,2026-03-11,2026-03-11_48,0.0,7,7,93,72.39654340372672,73.11682980372673,0.0020007955555555556,0.0,0.78292,True,True,True,False,0.0,951.3541360023548,6.192228436856049,6.2416838386811895,0.0,61.2630482582671,1025.051096536159
2026-03-11T11:00:00Z,2026-03-11T11:15:00Z,2026-03-11,2026-03-11_49,-7.0,7,0,93,73.11682980372673,74.72682980372673,0.004472222222222222,0.0,0.0,True,True,True,False,-0.0,951.3541360023548,6.194289078598763,0.0,0.0,0.0,957.5484250809536
2026-03-11T11:15:00Z,2026-03-11T11:30:00Z,2026-03-11,2026-03-11_50,-7.0,7,0,93,74.72682980372673,76.33682980372673,0.004472222222222222,0.0,0.0,True,True,True,False,-0.0,951.3541360023548,6.194289078598763,0.0,0.0,0.0,957.5484250809536
2026-03-11T11:30:00Z,2026-03-11T11:45:00Z,2026-03-11,2026-03-11_51,-7.0,7,0,93,76.33682980372673,77.94682980372673,0.004472222222222223,0.0,0.0,True,True,True,False,-0.0,951.3541360023548,6.194289078598763,0.0,0.0,0.0,957.5484250809536
2026-03-11T11:45:00Z,2026-03-11T12:00:00Z,2026-03-11,2026-03-11_52,-7.0,7,0,93,77.94682980372673,79.55646180372673,0.0044712,0.00039999999999999996,0.0,True,True,True,False,-0.0,951.3541360023548,6.194289078598763,0.0,0.02252968305367481,0.0,957.5709547640073
2026-03-11T12:00:00Z,2026-03-11T12:15:00Z,2026-03-11,2026-03-11_53,-7.0,7,0,93,79.55646180372673,81.08436100372674,0.004244164444444444,0.08924,0.0,True,True,True,False,-0.0,951.3541360023548,5.9531939947012065,0.0,11.508150815425374,0.0,968.8154808124814
2026-03-11T12:15:00Z,2026-03-11T12:30:00Z,2026-03-11,2026-03-11_54,-7.0,7,0,93,81.08436100372674,82.67419460372673,0.004416204444444444,0.021920000000000002,0.0,True,True,True,False,-0.0,951.3541360023548,5.9531939947012065,0.0,2.061447912864292,0.0,959.3687779099204
2026-03-11T12:30:00Z,2026-03-11T12:45:00Z,2026-03-11,2026-03-11_55,-7.0,7,0,93,82.67419460372673,84.27260260372674,0.0044400222222222225,0.0126,0.0,True,True,True,False,-0.0,951.3541360023548,5.9531939947012065,0.0,1.1127959964674712,0.0,958.4201259935235
2026-03-11T12:45:00Z,2026-03-11T13:00:00Z,2026-03-11,2026-03-11_56,-7.0,7,0,93,84.27260260372674,85.87583140372675,0.004453413333333333,0.00736,0.0,True,True,True,False,-0.0,951.3541360023548,5.9531939947012065,0.0,0.43332352075360614,0.0,957.7406535178096
2026-03-11T13:00:00Z,2026-03-11T13:15:00Z,2026-03-11,2026-03-11_57,-68.0,68,0,32,85.87583140372675,101.51583140372675,0.04344444444444444,0.0,0.0,True,True,True,False,-0.17,327.347659699735,51.34530468060052,0.0,0.0,0.0,378.5229643803355
2026-03-11T13:15:00Z,2026-03-11T13:30:00Z,2026-03-11,2026-03-11_58,-68.0,68,0,32,101.51583140372675,116.53452123229818,0.04171858285714286,0.6753371428571429,0.0,True,True,True,False,-0.34,327.347659699735,51.34530468060052,0.0,77.28147136212624,0.0,455.6344357424618
2026-03-11T13:30:00Z,2026-03-11T13:45:00Z,2026-03-11,2026-03-11_59,-68.00000000000004,68,0,32,116.53452123229818,128.52208968944103,0.0332988012698413,3.970034285714286,0.0,True,True,True,False,-143.3100000000001,327.347659699735,51.34530468060052,0.0,794.6317158411484,0.0,1030.0146802214838
2026-03-11T13:45:00Z,2026-03-11T14:00:00Z,2026-03-11,2026-03-11_60,-67.80843872152514,68,0,32,128.52208968944103,144.0,0.04299637664671818,0.12822857142857141,0.0,True,True,True,False,-216.478440618469,327.347659699735,51.34530468060052,0.0,15.535424298750996,0.0,177.74994806061753
2026-03-11T14:00:00Z,2026-03-11T14:15:00Z,2026-03-11,2026-03-11_61,0.0,0,0,100,144.0,144.0,0.0,0.0,0.0,True,False,True,False,0.0,1022.9614365616719,0.0,0.0,0.0,0.0,1022.9614365616719
2026-03-11T14:15:00Z,2026-03-11T14:30:00Z,2026-03-11,2026-03-11_62,0.0,0,0,100,144.0,144.0,0.0,0.0,0.0,True,False,True,False,0.0,1022.9614365616719,0.0,0.0,0.0,0.0,1022.9614365616719
2026-03-11T14:30:00Z,2026-03-11T14:45:00Z,2026-03-11,2026-03-11_63,0.0,0,0,100,144.0,144.0,0.0,0.0,0.0,True,False,True,False,0.0,1022.9614365616719,0.0,0.0,0.0,0.0,1022.9614365616719
2026-03-11T14:45:00Z,2026-03-11T15:00:00Z,2026-03-11,2026-03-11_64,0.0,0,0,100,144.0,144.0,0.0,0.0,0.0,True,False,True,False,0.0,1022.9614365616719,0.0,0.0,0.0,0.0,1022.9614365616719
2026-03-11T15:00:00Z,2026-03-11T15:15:00Z,2026-03-11,2026-03-11_65,0.0,0,0,100,144.0,144.0,0.0,0.0,0.0,True,True,True,False,0.0,1022.9614365616719,0.0,0.0,0.0,0.0,1022.9614365616719
2026-03-11T15:15:00Z,2026-03-11T15:30:00Z,2026-03-11,2026-03-11_66,0.0,0,0,100,144.0,144.0,0.0,0.0,0.0,True,True,True,False,0.0,1022.9614365616719,0.0,0.0,0.0,0.0,1022.9614365616719
2026-03-11T15:30:00Z,2026-03-11T15:45:00Z,2026-03-11,2026-03-11_67,0.0,0,0,100,144.0,144.0,0.0,0.0,0.0,True,True,True,False,0.0,1022.9614365616719,0.0,0.0,0.0,0.0,1022.9614365616719
2026-03-11T15:45:00Z,2026-03-11T16:00:00Z,2026-03-11,2026-03-11_68,0.0,0,0,100,144.0,144.0,0.0,0.0,0.0,True,True,True,False,0.0,1022.9614365616719,0.0,0.0,0.0,0.0,1022.9614365616719
2026-03-11T16:00:00Z,2026-03-11T16:15:00Z,2026-03-11,2026-03-11_69,0.0,0,0,100,144.0,144.0,0.0,0.0,0.0,True,True,True,False,0.0,1022.9614365616719,0.0,0.0,0.0,0.0,1022.9614365616719
2026-03-11T16:15:00Z,2026-03-11T16:30:00Z,2026-03-11,2026-03-11_70,0.0,0,0,100,144.0,144.0,0.0,0.0,0.0,True,True,True,False,0.0,1022.9614365616719,0.0,0.0,0.0,0.0,1022.9614365616719
2026-03-11T16:30:00Z,2026-03-11T16:45:00Z,2026-03-11,2026-03-11_71,0.0,0,0,100,144.0,144.0,0.0,0.0,0.0,True,True,True,False,0.0,1022.9614365616719,0.0,0.0,0.0,0.0,1022.9614365616719
2026-03-11T16:45:00Z,2026-03-11T17:00:00Z,2026-03-11,2026-03-11_72,0.0,0,0,100,144.0,144.0,0.0,0.0,0.0,True,True,True,False,0.0,1022.9614365616719,0.0,0.0,0.0,0.0,1022.9614365616719
2026-03-11T17:00:00Z,2026-03-11T17:15:00Z,2026-03-11,2026-03-11_73,27.419275339619638,0,28,72,144.0,138.07900322981368,0.01659689272726766,0.0,1.412,True,True,True,False,1237.7746370187795,736.5322343244037,0.0,20.342655284074183,0.0,-27.935182023353935,1966.7143446039033
2026-03-11T17:15:00Z,2026-03-11T17:30:00Z,2026-03-11,2026-03-11_74,28.0,0,28,72,138.07900322981368,130.51117714285718,0.021021739130434782,0.0,0.0376,True,True,True,False,1407.28,736.5322343244037,0.0,20.342655284074183,0.0,-2.6853801197134723,2161.4695094887643
2026-03-11T17:30:00Z,2026-03-11T17:45:00Z,2026-03-11,2026-03-11_75,28.0,0,28,72,130.51117714285718,122.9134380124224,0.021104830917874396,0.0,0.01008,True,True,True,False,1681.61,736.5322343244037,0.0,20.342655284074183,0.0,-0.7912864292022372,2437.6936031792757
2026-03-11T17:45:00Z,2026-03-11T18:00:00Z,2026-03-11,2026-03-11_76,28.0,0,28,72,122.9134380124224,115.31135105590066,0.021116908212560383,0.0,0.0060799999999999995,True,True,True,False,1683.43,736.5322343244037,0.0,20.342655284074183,0.0,-0.4641895947404572,2439.8407000137377
2026-03-11T18:00:00Z,2026-03-11T18:15:00Z,2026-03-11,2026-03-11_77,0.0,0,0,100,115.31135105590066,115.31135105590066,0.0,0.0,0.0,True,True,True,False,0.0,1022.9614365616719,0.0,0.0,0.0,0.0,1022.9614365616719
2026-03-11T18:15:00Z,2026-03-11T18:30:00Z,2026-03-11,2026-03-11_78,0.0,0,0,100,115.31135105590066,115.31135105590066,0.0,0.0,0.0,True,True,True,False,0.0,1022.9614365616719,0.0,0.0,0.0,0.0,1022.9614365616719
2026-03-11T18:30:00Z,2026-03-11T18:45:00Z,2026-03-11,2026-03-11_79,0.0,0,0,100,115.31135105590066,115.31135105590066,0.0,0.0,0.0,True,True,True,False,0.0,1022.9614365616719,0.0,0.0,0.0,0.0,1022.9614365616719
2026-03-11T18:45:00Z,2026-03-11T19:00:00Z,2026-03-11,2026-03-11_80,0.0,0,0,100,115.31135105590066,115.31135105590066,0.0,0.0,0.0,True,True,True,False,0.0,1022.9614365616719,0.0,0.0,0.0,0.0,1022.9614365616719
2026-03-11T19:00:00Z,2026-03-11T19:15:00Z,2026-03-11,2026-03-11_81,100.0,0,100,0,115.31135105590066,89.10327652173916,0.07280020703933748,0.0,0.8885714285714285,True,True,True,False,5497.25,0.0,0.0,74.50691786870767,0.0,-35.94829891921442,5535.808618949493
2026-03-11T19:15:00Z,2026-03-11T19:30:00Z,2026-03-11,2026-03-11_82,100.0,0,100,0,89.10327652173916,62.30638211180128,0.07443581780538303,0.0,0.34685714285714286,True,True,True,False,5564.5,0.0,0.0,74.50691786870767,0.0,-18.109407684651725,5620.897510184056
2026-03-11T19:30:00Z,2026-03-11T19:45:00Z,2026-03-11,2026-03-11_83,100.00000000000001,0,100,0,62.30638211180128,43.485885217391335,0.05227915804002762,0.0,7.685142857142857,True,True,True,False,5153.750000000001,0.0,0.0,74.50691786870767,0.0,-378.74459312839053,4849.512324740318
2026-03-11T19:45:00Z,2026-03-11T20:00:00Z,2026-03-11,2026-03-11_84,100.0,0,100,0,43.485885217391335,24.1070032298137,0.05383022774327121,0.0,7.171428571428572,True,True,True,False,4752.75,0.0,0.0,74.50691786870767,0.0,-246.83900920980696,4580.417908658901
2026-03-11T20:00:00Z,2026-03-11T20:15:00Z,2026-03-11,2026-03-11_85,0.0,28,100,0,24.1070032298137,25.939347080745375,0.005129457556935818,0.006560000000000001,1.9994285714285716,True,True,True,False,0.0,0.0,29.52487488960848,74.50691786870767,0.9106073044843489,-99.99104812369457,4.951351939105934
2026-03-11T20:15:00Z,2026-03-11T20:30:00Z,2026-03-11,2026-03-11_86,72.0,28,100,0,25.939347080745375,10.000000000000036,0.04926440855762594,0.0,3.4857142857142858,True,True,True,False,3297.96,0.0,29.52487488960848,74.50691786870767,0.0,8.30674684946101,3410.298539607777
2026-03-11T20:30:00Z,2026-03-11T20:45:00Z,2026-03-11,2026-03-11_87,71.8253513860532,28,100,0,10.000000000000036,10.000000000000034,0.027027448477050034,0.0,18.76857142857143,True,True,True,False,2784.6688732372827,0.0,29.52487488960848,74.50691786870767,0.0,783.1932769810899,3671.893942976689
2026-03-11T20:45:00Z,2026-03-11T21:00:00Z,2026-03-11,2026-03-11_88,39.748942826430444,28,100,0,10.000000000000034,12.408599831055989,0.034551848241314215,0.0,13.39257142857143,True,True,True,False,1330.5958611147591,0.0,29.52487488960848,74.50691786870767,0.0,577.0909097943563,2011.7185636674317
2026-03-11T21:00:00Z,2026-03-11T21:15:00Z,2026-03-11,2026-03-11_89,29.00000000000001,71,100,0,12.408599831055989,10.000000000000087,0.027194814133885442,0.0,5.650285714285714,True,True,True,False,1035.0825000000004,0.0,74.8666470415072,74.50691786870767,0.0,-76.40831860044577,1108.0477463097695
2026-03-11T21:15:00Z,2026-03-11T21:30:00Z,2026-03-11,2026-03-11_90,0.9686054376635771,71,100,0,10.000000000000087,10.000000000000012,0.0014722038554176946,0.0044628571428571425,0.29085714285714287,True,True,True,False,34.458138444881754,0.0,74.8666470415072,74.50691786870767,0.6130899813560985,-18.26517784599857,166.17961549045415
2026-03-11T21:30:00Z,2026-03-11T21:45:00Z,2026-03-11,2026-03-11_91,9.38529861025898,71,100,0,10.000000000000012,10.00000000000001,0.012872695712854744,0.046251428571428575,2.7794285714285714,True,True,True,False,320.15599884245944,0.0,74.8666470415072,74.50691786870767,6.210526188653854,3.8542718645303276,479.5943618058585
2026-03-11T21:45:00Z,2026-03-11T22:00:00Z,2026-03-11,2026-03-11_92,28.88316763974166,71,100,0,10.00000000000001,10.000000000000032,0.02946521629059089,0.0,8.106285714285715,True,True,True,False,942.168928408373,0.0,74.8666470415072,74.50691786870767,0.0,-79.97788278172618,1011.5646105368617
2026-03-11T22:00:00Z,2026-03-11T22:15:00Z,2026-03-12,2026-03-11_93,-1.1076043424247461,100,26,0,10.000000000000032,11.598096198757723,0.004439156107660254,0.0,1.46016,True,True,True,False,-38.33972431303259,0.0,103.00960009423403,18.345014429589494,0.0,-20.40904477295482,62.60584543783611
2026-03-11T22:15:00Z,2026-03-11T22:30:00Z,2026-03-12,2026-03-11_94,-74.0,100,26,0,11.598096198757723,29.34020682732915,0.049283640634920634,0.0,0.7849028571428571,True,True,True,False,-2118.065,0.0,103.00960009423403,18.345014429589494,0.0,-20.869259801603658,-2017.5796452777802
2026-03-11T22:30:00Z,2026-03-11T22:45:00Z,2026-03-12,2026-03-11_95,-74.00000000000018,100,26,0,29.34020682732915,46.79186031304348,0.048476815238095355,0.0,0.46918857142857145,True,True,True,False,-2053.130000000005,0.0,103.00960009423403,18.345014429589494,0.0,-9.925018860833692,-1941.7004043370152
2026-03-11T22:45:00Z,2026-03-11T23:00:00Z,2026-03-12,2026-03-11_96,-73.99999999999997,100,26,0,46.79186031304348,64.34782608695652,0.04885898015182884,0.05885714285714285,0.6442057142857143,True,True,True,False,-1926.404999999999,0.0,103.00960009423403,18.345014429589494,7.998676123727067,-14.794586343354114,-1811.8462956958026
2026-03-11T23:00:00Z,2026-03-11T23:15:00Z,2026-03-12,2026-03-12_1,0.0,0,0,100,64.34782608695652,64.34782608695652,0.0,0.0,0.0,True,True,True,False,0.0,1023.3229283232228,0.0,0.0,0.0,0.0,1023.3229283232228
2026-03-11T23:15:00Z,2026-03-11T23:30:00Z,2026-03-12,2026-03-12_2,0.0,0,0,100,64.34782608695652,64.34782608695652,0.0,0.0,0.0,True,True,True,False,0.0,1023.3229283232228,0.0,0.0,0.0,0.0,1023.3229283232228
2026-03-11T23:30:00Z,2026-03-11T23:45:00Z,2026-03-12,2026-03-12_3,0.0,0,0,100,64.34782608695652,64.34782608695652,0.0,0.0,0.0,True,True,True,False,0.0,1023.3229283232228,0.0,0.0,0.0,0.0,1023.3229283232228
2026-03-11T23:45:00Z,2026-03-12T00:00:00Z,2026-03-12,2026-03-12_4,0.0,0,0,100,64.34782608695652,64.34782608695652,0.0,0.0,0.0,True,True,True,False,0.0,1023.3229283232228,0.0,0.0,0.0,0.0,1023.3229283232228
2026-03-12T00:00:00Z,2026-03-12T00:15:00Z,2026-03-12,2026-03-12_5,0.0,0,0,100,64.34782608695652,64.34782608695652,0.0,0.0,0.0,True,True,True,False,0.0,1023.3229283232228,0.0,0.0,0.0,0.0,1023.3229283232228
2026-03-12T00:15:00Z,2026-03-12T00:30:00Z,2026-03-12,2026-03-12_6,0.0,0,0,100,64.34782608695652,64.34782608695652,0.0,0.0,0.0,True,True,True,False,0.0,1023.3229283232228,0.0,0.0,0.0,0.0,1023.3229283232228
2026-03-12T00:30:00Z,2026-03-12T00:45:00Z,2026-03-12,2026-03-12_7,0.0,0,0,100,64.34782608695652,64.34782608695652,0.0,0.0,0.0,True,True,True,False,0.0,1023.3229283232228,0.0,0.0,0.0,0.0,1023.3229283232228
2026-03-12T00:45:00Z,2026-03-12T01:00:00Z,2026-03-12,2026-03-12_8,0.0,0,0,100,64.34782608695652,64.34782608695652,0.0,0.0,0.0,True,True,True,False,0.0,1023.3229283232228,0.0,0.0,0.0,0.0,1023.3229283232228
2026-03-12T01:00:00Z,2026-03-12T01:15:00Z,2026-03-12,2026-03-12_9,0.0,0,0,100,64.34782608695652,64.34782608695652,0.0,0.0,0.0,True,True,True,False,0.0,1023.3229283232228,0.0,0.0,0.0,0.0,1023.3229283232228
2026-03-12T01:15:00Z,2026-03-12T01:30:00Z,2026-03-12,2026-03-12_10,0.0,0,0,100,64.34782608695652,64.34782608695652,0.0,0.0,0.0,True,True,True,False,0.0,1023.3229283232228,0.0,0.0,0.0,0.0,1023.3229283232228
2026-03-12T01:30:00Z,2026-03-12T01:45:00Z,2026-03-12,2026-03-12_11,0.0,0,0,100,64.34782608695652,64.34782608695652,0.0,0.0,0.0,True,True,True,False,0.0,1023.3229283232228,0.0,0.0,0.0,0.0,1023.3229283232228
2026-03-12T01:45:00Z,2026-03-12T02:00:00Z,2026-03-12,2026-03-12_12,0.0,0,0,100,64.34782608695652,64.34782608695652,0.0,0.0,0.0,True,True,True,False,0.0,1023.3229283232228,0.0,0.0,0.0,0.0,1023.3229283232228
2026-03-12T02:00:00Z,2026-03-12T02:15:00Z,2026-03-12,2026-03-12_13,0.0,0,0,100,64.34782608695652,64.34782608695652,0.0,0.0,0.0,True,True,True,False,0.0,1023.3229283232228,0.0,0.0,0.0,0.0,1023.3229283232228
2026-03-12T02:15:00Z,2026-03-12T02:30:00Z,2026-03-12,2026-03-12_14,0.0,0,0,100,64.34782608695652,64.34782608695652,0.0,0.0,0.0,True,True,True,False,0.0,1023.3229283232228,0.0,0.0,0.0,0.0,1023.3229283232228
2026-03-12T02:30:00Z,2026-03-12T02:45:00Z,2026-03-12,2026-03-12_15,0.0,0,0,100,64.34782608695652,64.34782608695652,0.0,0.0,0.0,True,True,True,False,0.0,1023.3229283232228,0.0,0.0,0.0,0.0,1023.3229283232228
2026-03-12T02:45:00Z,2026-03-12T03:00:00Z,2026-03-12,2026-03-12_16,0.0,0,0,100,64.34782608695652,64.34782608695652,0.0,0.0,0.0,True,True,True,False,0.0,1023.3229283232228,0.0,0.0,0.0,0.0,1023.3229283232228
2026-03-12T03:00:00Z,2026-03-12T03:15:00Z,2026-03-12,2026-03-12_17,-100.0,100,0,0,64.34782608695652,75.21223751552795,0.03017892063492064,13.190857142857142,0.0,True,True,True,False,-2702.25,0.0,103.00960009423403,0.0,3041.471844379191,0.0,442.23144447342526
2026-03-12T03:15:00Z,2026-03-12T03:30:00Z,2026-03-12,2026-03-12_18,-4.296080399636475e-14,100,0,0,75.21223751552795,73.08615055900623,0.005905797101449298,1.9560000000000002,0.0,True,True,True,False,-1.295375642500388e-12,0.0,103.00960009423403,0.0,323.90948347959244,0.0,426.91908357382516
2026-03-12T03:30:00Z,2026-03-12T03:45:00Z,2026-03-12,2026-03-12_19,0.0,100,0,0,73.08615055900623,64.41969093167704,0.02407349896480331,7.973142857142856,0.0,True,True,True,False,0.0,0.0,103.00960009423403,0.0,1769.8570792491562,0.0,1872.8666793433902
2026-03-12T03:45:00Z,2026-03-12T04:00:00Z,2026-03-12,2026-03-12_20,-99.99275540109875,100,0,0,64.41969093167704,65.15057763975155,0.002040829269532751,24.203428571428574,0.0,True,True,True,False,-3390.5043537627557,0.0,103.00960009423403,0.0,13796.415194792447,0.0,10508.920441123926
2026-03-12T04:00:00Z,2026-03-12T04:15:00Z,2026-03-12,2026-03-12_21,0.0,0,0,100,65.15057763975155,65.15057763975155,0.0,0.0,0.0,True,True,True,False,0.0,1023.3229283232228,0.0,0.0,0.0,0.0,1023.3229283232228
2026-03-12T04:15:00Z,2026-03-12T04:30:00Z,2026-03-12,2026-03-12_22,0.0,0,0,100,65.15057763975155,65.15057763975155,0.0,0.0,0.0,True,True,True,False,0.0,1023.3229283232228,0.0,0.0,0.0,0.0,1023.3229283232228
2026-03-12T04:30:00Z,2026-03-12T04:45:00Z,2026-03-12,2026-03-12_23,0.0,0,0,100,65.15057763975155,65.15057763975155,0.0,0.0,0.0,True,True,True,False,0.0,1023.3229283232228,0.0,0.0,0.0,0.0,1023.3229283232228
2026-03-12T04:45:00Z,2026-03-12T05:00:00Z,2026-03-12,2026-03-12_24,0.0,0,0,100,65.15057763975155,65.15057763975155,0.0,0.0,0.0,True,True,True,False,0.0,1023.3229283232228,0.0,0.0,0.0,0.0,1023.3229283232228
2026-03-12T05:00:00Z,2026-03-12T05:15:00Z,2026-03-12,2026-03-12_25,0.0,0,0,100,65.15057763975155,65.15057763975155,0.0,0.0,0.0,True,True,True,False,0.0,1023.3229283232228,0.0,0.0,0.0,0.0,1023.3229283232228
2026-03-12T05:15:00Z,2026-03-12T05:30:00Z,2026-03-12,2026-03-12_26,0.0,0,0,100,65.15057763975155,65.15057763975155,0.0,0.0,0.0,True,True,True,False,0.0,1023.3229283232228,0.0,0.0,0.0,0.0,1023.3229283232228
2026-03-12T05:30:00Z,2026-03-12T05:45:00Z,2026-03-12,2026-03-12_27,0.0,0,0,100,65.15057763975155,65.15057763975155,0.0,0.0,0.0,True,True,True,False,0.0,1023.3229283232228,0.0,0.0,0.0,0.0,1023.3229283232228
2026-03-12T05:45:00Z,2026-03-12T06:00:00Z,2026-03-12,2026-03-12_28,0.0,0,0,100,65.15057763975155,65.15057763975155,0.0,0.0,0.0,True,True,True,False,0.0,1023.3229283232228,0.0,0.0,0.0,0.0,1023.3229283232228
2026-03-12T06:00:00Z,2026-03-12T06:15:00Z,2026-03-12,2026-03-12_29,3.0,0,3,97,65.15057763975155,64.33606832298136,0.002262525879917184,0.0,0.0006514285714285714,True,True,True,False,130.91250000000002,992.623240473526,0.0,2.3216915012662698,0.0,-0.03210015733721488,1125.8253318174552
2026-03-12T06:15:00Z,2026-03-12T06:30:00Z,2026-03-12,2026-03-12_30,3.0,0,3,97,64.33606832298136,63.52085093167702,0.002264492753623188,0.0,0.0,True,True,True,False,115.095,992.623240473526,0.0,2.3216915012662698,0.0,0.0,1110.0399319747924
2026-03-12T06:30:00Z,2026-03-12T06:45:00Z,2026-03-12,2026-03-12_31,3.0,0,3,97,63.52085093167702,62.71739130434782,0.0022318322981366456,0.0,0.010817142857142859,True,True,True,False,116.42249999999999,992.623240473526,0.0,2.3216915012662698,0.0,-0.5435626496596637,1110.8238693251326
2026-03-12T06:45:00Z,2026-03-12T07:00:00Z,2026-03-12,2026-03-12_32,0.22776384693922042,0,3,97,62.71739130434782,62.71739130434782,0.00031342285894027106,0.0,0.06636,True,True,True,False,6.885301092972633,992.623240473526,0.0,2.3216915012662698,0.0,-2.0726410035926732,999.7575920641723
2026-03-12T07:00:00Z,2026-03-12T07:15:00Z,2026-03-12,2026-03-12_33,0.0,4,0,96,62.71739130434782,62.59388819875776,0.000343064182194617,0.11362285714285715,0.0,True,True,True,False,0.0,982.3900111902938,3.342953059661935,0.0,19.213498664737116,0.0,1004.9464629146928
2026-03-12T07:15:00Z,2026-03-12T07:30:00Z,2026-03-12,2026-03-12_34,0.0,4,0,96,62.59388819875776,62.451130434782606,0.0003965493443754314,0.13133714285714287,0.0,True,True,True,False,0.0,982.3900111902938,3.342953059661935,0.0,22.230262436230753,0.0,1007.9632266861864
2026-03-12T07:30:00Z,2026-03-12T07:45:00Z,2026-03-12,2026-03-12_35,0.0,4,0,96,62.451130434782606,62.19674534161491,0.0007066252587991719,0.23403428571428572,0.0,True,True,True,False,0.0,982.3900111902938,3.342953059661935,0.0,52.90520151111036,0.0,1038.6381657610661
2026-03-12T07:45:00Z,2026-03-12T08:00:00Z,2026-03-12,2026-03-12_36,-4.0,4,0,96,62.19674534161491,63.10846008447205,0.0025325409523809525,0.009005714285714285,0.0,True,True,True,False,-12.78,982.3900111902938,3.342953059661935,0.0,1.23583922997316,0.0,974.1888034799289
2026-03-12T08:00:00Z,2026-03-12T08:15:00Z,2026-03-12,2026-03-12_37,100.0,0,100,0,63.10846008447205,37.61218679254659,0.07082298136645962,0.0,1.5434285714285714,True,True,True,False,2937.5,0.0,0.0,101.68443371223276,0.0,-9.21990784133902,3029.964525870894
2026-03-12T08:15:00Z,2026-03-12T08:30:00Z,2026-03-12,2026-03-12_38,100.0,0,100,0,37.61218679254659,14.532062568944102,0.06411145617667358,0.0,3.7662857142857145,True,True,True,False,2277.5,0.0,0.0,101.68443371223276,0.0,-185.7256436101739,2193.4587901020586
2026-03-12T08:30:00Z,2026-03-12T08:45:00Z,2026-03-12,2026-03-12_39,0.0,0,100,0,14.532062568944102,21.483056854658386,0.01930831746031746,0.0,7.555428571428571,True,True,True,False,0.0,0.0,0.0,101.68443371223276,0.0,-122.74957131919261,-21.06513760695985
2026-03-12T08:45:00Z,2026-03-12T09:00:00Z,2026-03-12,2026-03-12_40,0.0,0,100,0,21.483056854658386,33.63546828322981,0.03375669841269842,0.0,13.209142857142858,True,True,True,False,0.0,0.0,0.0,101.68443371223276,0.0,2007.4437772149913,2109.1282109272242
2026-03-12T09:00:00Z,2026-03-12T09:15:00Z,2026-03-12,2026-03-12_41,-0.6419040586477139,58,0,42,33.63546828322981,32.96025894161493,0.0026528975677645116,0.7583085714285714,0.0,True,True,True,False,-11.328001874985532,429.79562989575356,49.036456799575944,0.0,102.09170361819504,0.0,569.595788438539
2026-03-12T09:15:00Z,2026-03-12T09:30:00Z,2026-03-12,2026-03-12_42,-58.0,58,0,42,32.96025894161493,46.30025894161493,0.037055555555555564,0.0,0.0,True,True,True,False,-185.165,429.79562989575356,49.036456799575944,0.0,0.0,0.0,293.66708669532954
2026-03-12T09:30:00Z,2026-03-12T09:45:00Z,2026-03-12,2026-03-12_43,-58.0,58,0,42,46.30025894161493,59.64025894161493,0.03705555555555556,0.0,0.0,True,True,True,False,-159.5,429.79562989575356,49.036456799575944,0.0,0.0,0.0,319.3320866953295
2026-03-12T09:45:00Z,2026-03-12T10:00:00Z,2026-03-12,2026-03-12_44,-58.0,58,0,42,59.64025894161493,72.93208248447208,0.036921732063492065,0.052365714285714286,0.0,True,True,True,False,-114.55000000000001,429.79562989575356,49.036456799575944,0.0,5.9655607290798995,0.0,370.2476474244094
2026-03-12T10:00:00Z,2026-03-12T10:15:00Z,2026-03-12,2026-03-12_45,0.0,100,100,0,72.93208248447208,87.70412819875779,0.041033460317460316,0.0,16.056571428571427,True,True,True,False,0.0,0.0,84.54561517168267,92.02544319453443,0.0,2044.5720670071432,2221.1431253733604
2026-03-12T10:15:00Z,2026-03-12T10:30:00Z,2026-03-12,2026-03-12_46,0.0,100,100,0,87.70412819875779,100.62723677018636,0.03589752380952382,0.0,14.046857142857144,True,True,True,False,0.0,0.0,84.54561517168267,92.02544319453443,0.0,959.0316118230085,1135.6026701892256
2026-03-12T10:30:00Z,2026-03-12T10:45:00Z,2026-03-12,2026-03-12_47,0.0,100,100,0,100.62723677018636,117.37071105590064,0.046509650793650804,0.0,18.199428571428573,True,True,True,False,0.0,0.0,84.54561517168267,92.02544319453443,0.0,3931.5939315513,4108.164989917517
2026-03-12T10:45:00Z,2026-03-12T11:00:00Z,2026-03-12,2026-03-12_48,0.0,100,100,0,117.37071105590064,132.81935105590065,0.04291288888888889,0.0,16.791999999999998,True,True,True,False,0.0,0.0,84.54561517168267,92.02544319453443,0.0,2896.8136765023455,3073.3847348685626
2026-03-12T11:00:00Z,2026-03-12T11:15:00Z,2026-03-12,2026-03-12_49,-7.0,0,0,93,132.81935105590065,134.42935105590067,0.004472222222222223,0.0,0.0,True,False,True,False,-14.7525,951.690323340597,0.0,0.0,0.0,0.0,936.937823340597
2026-03-12T11:15:00Z,2026-03-12T11:30:00Z,2026-03-12,2026-03-12_50,-7.0,0,0,93,134.42935105590067,136.03935105590068,0.004472222222222223,0.0,0.0,True,False,True,False,-14.77,951.690323340597,0.0,0.0,0.0,0.0,936.9203233405971
2026-03-12T11:30:00Z,2026-03-12T11:45:00Z,2026-03-12,2026-03-12_51,-7.0,0,0,93,136.03935105590068,137.6493510559007,0.004472222222222223,0.0,0.0,True,False,True,False,-14.77,951.690323340597,0.0,0.0,0.0,0.0,936.9203233405971
2026-03-12T11:45:00Z,2026-03-12T12:00:00Z,2026-03-12,2026-03-12_52,-7.0,0,0,93,137.6493510559007,139.2593510559007,0.004472222222222223,0.0,0.0,True,False,True,False,-14.77,951.690323340597,0.0,0.0,0.0,0.0,936.9203233405971
2026-03-12T12:00:00Z,2026-03-12T12:15:00Z,2026-03-12,2026-03-12_53,-9.0,0,0,91,139.2593510559007,141.3293510559007,0.005750000000000001,0.0,0.0,True,False,True,False,-13.7925,931.2238647741327,0.0,0.0,0.0,0.0,917.4313647741327
2026-03-12T12:15:00Z,2026-03-12T12:30:00Z,2026-03-12,2026-03-12_54,-9.0,0,0,91,141.3293510559007,143.3993510559007,0.005750000000000001,0.0,0.0,True,False,True,False,-18.9675,931.2238647741327,0.0,0.0,0.0,0.0,912.2563647741327
2026-03-12T12:30:00Z,2026-03-12T12:45:00Z,2026-03-12,2026-03-12_55,-9.0,0,0,91,143.3993510559007,145.4693510559007,0.005750000000000001,0.0,0.0,True,False,True,False,-18.99,931.2238647741327,0.0,0.0,0.0,0.0,912.2338647741327
2026-03-12T12:45:00Z,2026-03-12T13:00:00Z,2026-03-12,2026-03-12_56,-9.0,0,0,91,145.4693510559007,147.53935105590068,0.005750000000000001,0.0,0.0,True,False,True,False,-18.99,931.2238647741327,0.0,0.0,0.0,0.0,912.2338647741327
2026-03-12T13:00:00Z,2026-03-12T13:15:00Z,2026-03-12,2026-03-12_57,0.0,0,100,0,147.53935105590068,154.22380819875784,0.018567936507936506,0.0,7.265714285714285,True,True,True,False,0.0,0.0,0.0,93.4684021438247,0.0,3.0439629906971915,96.5123651345219
2026-03-12T13:15:00Z,2026-03-12T13:30:00Z,2026-03-12,2026-03-12_58,0.0,0,100,0,154.22380819875784,168.78399105590069,0.04044495238095239,0.0,15.826285714285715,True,True,True,False,0.0,0.0,0.0,93.4684021438247,0.0,924.8389590502555,1018.3073611940803
2026-03-12T13:30:00Z,2026-03-12T13:45:00Z,2026-03-12,2026-03-12_59,0.0,0,100,0,168.78399105590069,183.91877962732926,0.04204107936507937,0.0,16.450857142857146,True,True,True,False,0.0,0.0,0.0,93.4684021438247,0.0,948.7478053281507,1042.2162074719754
2026-03-12T13:45:00Z,2026-03-12T14:00:00Z,2026-03-12,2026-03-12_60,100.0,0,100,0,183.91877962732926,167.00946285714292,0.046970324361628714,0.0,9.443428571428571,True,True,True,False,2225.0,0.0,0.0,93.4684021438247,0.0,256.76551953533635,2575.233921679161
2026-03-12T14:00:00Z,2026-03-12T14:15:00Z,2026-03-12,2026-03-12_61,-99.99999999999996,100,0,0,167.00946285714292,190.00000000000006,0.06386260317460314,0.010285714285714285,0.0,True,True,True,False,-275.2499999999999,0.0,88.10884033217503,0.0,1.2564536023491202,0.0,-185.88470606547574
2026-03-12T14:15:00Z,2026-03-12T14:30:00Z,2026-03-12,2026-03-12_62,2.011072467975895e-13,100,0,0,190.00000000000006,189.40496894409938,0.0016528640441685436,0.5474285714285714,0.0,True,True,True,False,4.8723258217886e-12,0.0,88.10884033217503,0.0,79.2013729004176,0.0,167.3102132325975
2026-03-12T14:30:00Z,2026-03-12T14:45:00Z,2026-03-12,2026-03-12_63,0.0,100,0,0,189.40496894409938,189.17080745341616,0.0006504485852311939,0.21542857142857144,0.0,True,True,True,False,0.0,0.0,88.10884033217503,0.0,28.438499995793123,0.0,116.54734032796816
2026-03-12T14:45:00Z,2026-03-12T15:00:00Z,2026-03-12,2026-03-12_64,0.0,100,0,0,189.17080745341616,182.23105590062113,0.01927708764665286,6.384571428571428,0.0,True,True,True,False,0.0,0.0,88.10884033217503,0.0,1684.3664361858764,0.0,1772.4752765180515
2026-03-12T15:00:00Z,2026-03-12T15:15:00Z,2026-03-12,2026-03-12_65,-40.136790682307826,100,53,0,182.23105590062113,189.99342121545683,0.02891385679109524,2.033714285714286,0.6578057142857143,True,True,True,False,-965.390157886209,0.0,104.4231109017021,35.569527062842326,382.45782437128213,-32.48529941356129,-475.4249949639437
2026-03-12T15:15:00Z,2026-03-12T15:30:00Z,2026-03-12,2026-03-12_66,-20.611719632812807,100,53,0,189.99342121545683,190.00000000000003,0.021602134339847943,4.502285714285714,0.0051485714285714294,True,True,True,False,-634.7894353915524,0.0,104.4231109017021,35.569527062842326,1006.3183543817432,-0.40430896429482927,511.11724799044043
2026-03-12T15:30:00Z,2026-03-12T15:45:00Z,2026-03-12,2026-03-12_67,-47.0,100,53,0,190.00000000000003,189.94196827826087,0.03432903541752933,10.77657142857143,0.0,True,True,True,False,-1938.1625,0.0,104.4231109017021,35.569527062842326,2550.4488910951627,0.0,752.2790290597072
2026-03-12T15:45:00Z,2026-03-12T16:00:00Z,2026-03-12,2026-03-12_68,2.5100694469786147e-14,100,53,0,189.94196827826087,166.50718566956522,0.06509661835748794,21.56,0.0,True,True,True,False,1.600985045019135e-12,0.0,104.4231109017021,35.569527062842326,5433.905585330898,0.0,5573.898223295444
2026-03-12T16:00:00Z,2026-03-12T16:15:00Z,2026-03-12,2026-03-12_69,0.0,100,100,0,166.50718566956522,163.7353287751553,0.007731729468599034,2.5554285714285716,0.006285714285714285,True,True,True,False,0.0,0.0,105.04152187996938,67.11231521291006,532.2281895562867,-0.49360694863963606,703.8884197005265
2026-03-12T16:15:00Z,2026-03-12T16:30:00Z,2026-03-12,2026-03-12_70,0.0,100,100,0,163.7353287751553,162.77666343354036,0.002785625948930297,0.9022857142857144,0.024,True,True,True,False,0.0,0.0,105.04152187996938,67.11231521291006,136.7317929431034,-1.8846810766240651,307.00094895935877
2026-03-12T16:30:00Z,2026-03-12T16:45:00Z,2026-03-12,2026-03-12_71,0.0,100,100,0,162.77666343354036,155.72821622857143,0.01957902001380262,6.484571428571428,0.0,True,True,True,False,0.0,0.0,105.04152187996938,67.11231521291006,1578.5030794903507,0.0,1750.6569165832302
2026-03-12T16:45:00Z,2026-03-12T17:00:00Z,2026-03-12,2026-03-12_72,0.0,100,100,0,155.72821622857143,136.7499553590062,0.05271739130434783,17.46,0.0,True,True,True,False,0.0,0.0,105.04152187996938,67.11231521291006,7707.64547971023,0.0,7879.799316803109
2026-03-12T17:00:00Z,2026-03-12T17:15:00Z,2026-03-12,2026-03-12_73,0.0,0,0,100,136.7499553590062,136.7499553590062,0.0,0.0,0.0,True,True,True,False,0.0,1023.3229283232228,0.0,0.0,0.0,0.0,1023.3229283232228
2026-03-12T17:15:00Z,2026-03-12T17:30:00Z,2026-03-12,2026-03-12_74,0.0,0,0,100,136.7499553590062,136.7499553590062,0.0,0.0,0.0,True,True,True,False,0.0,1023.3229283232228,0.0,0.0,0.0,0.0,1023.3229283232228
2026-03-12T17:30:00Z,2026-03-12T17:45:00Z,2026-03-12,2026-03-12_75,0.0,0,0,100,136.7499553590062,136.7499553590062,0.0,0.0,0.0,True,True,True,False,0.0,1023.3229283232228,0.0,0.0,0.0,0.0,1023.3229283232228
2026-03-12T17:45:00Z,2026-03-12T18:00:00Z,2026-03-12,2026-03-12_76,0.0,0,0,100,136.7499553590062,136.7499553590062,0.0,0.0,0.0,True,True,True,False,0.0,1023.3229283232228,0.0,0.0,0.0,0.0,1023.3229283232228
2026-03-12T18:00:00Z,2026-03-12T18:15:00Z,2026-03-12,2026-03-12_77,76.0,0,76,24,136.7499553590062,123.1941044273292,0.03765514147688061,0.0,6.528617142857143,True,True,True,False,4112.74,245.59750279757344,0.0,52.25867247776665,0.0,-222.42568081243212,4188.170494462907
2026-03-12T18:15:00Z,2026-03-12T18:30:00Z,2026-03-12,2026-03-12_78,74.50693754213027,0,76,24,123.1941044273292,103.83478260869565,0.05385809295380549,0.0,0.8186285714285714,True,True,True,False,3931.91736144207,245.59750279757344,0.0,52.25867247776665,0.0,-48.39803728415213,4181.3754994332585
2026-03-12T18:30:00Z,2026-03-12T18:45:00Z,2026-03-12,2026-03-12_79,76.0,0,76,24,103.83478260869565,83.44412422360249,0.0566407177363699,0.0,0.24059428571428573,True,True,True,False,4038.07,245.59750279757344,0.0,52.25867247776665,0.0,-17.412088600203614,4318.514086675136
2026-03-12T18:45:00Z,2026-03-12T19:00:00Z,2026-03-12,2026-03-12_80,76.0,0,76,24,83.44412422360249,64.34782608695653,0.05304527260179434,0.0,1.4314057142857142,True,True,True,False,4702.88,245.59750279757344,0.0,52.25867247776665,0.0,-81.69609644182309,4919.040078833517
2026-03-12T19:00:00Z,2026-03-12T19:15:00Z,2026-03-12,2026-03-12_81,0.0,0,0,100,64.34782608695653,64.34782608695653,0.0,0.0,0.0,True,True,True,False,0.0,1023.3229283232228,0.0,0.0,0.0,0.0,1023.3229283232228
2026-03-12T19:15:00Z,2026-03-12T19:30:00Z,2026-03-12,2026-03-12_82,0.0,0,0,100,64.34782608695653,64.34782608695653,0.0,0.0,0.0,True,True,True,False,0.0,1023.3229283232228,0.0,0.0,0.0,0.0,1023.3229283232228
2026-03-12T19:30:00Z,2026-03-12T19:45:00Z,2026-03-12,2026-03-12_83,0.0,0,0,100,64.34782608695653,64.34782608695653,0.0,0.0,0.0,True,True,True,False,0.0,1023.3229283232228,0.0,0.0,0.0,0.0,1023.3229283232228
2026-03-12T19:45:00Z,2026-03-12T20:00:00Z,2026-03-12,2026-03-12_84,0.0,0,0,100,64.34782608695653,64.34782608695653,0.0,0.0,0.0,True,True,True,False,0.0,1023.3229283232228,0.0,0.0,0.0,0.0,1023.3229283232228
2026-03-12T20:00:00Z,2026-03-12T20:15:00Z,2026-03-12,2026-03-12_85,100.0,0,0,0,64.34782608695653,37.17391304347827,0.07548309178743962,0.0,0.0,True,True,True,False,6717.0,0.0,0.0,0.0,0.0,0.0,6717.0
2026-03-12T20:15:00Z,2026-03-12T20:30:00Z,2026-03-12,2026-03-12_86,100.0,0,0,0,37.17391304347827,10.000000000000014,0.07548309178743962,0.0,0.0,True,True,True,False,6132.25,0.0,0.0,0.0,0.0,0.0,6132.25
2026-03-12T20:30:00Z,2026-03-12T20:45:00Z,2026-03-12,2026-03-12_87,0.0,0,0,0,10.000000000000014,10.000000000000014,0.0,0.0,0.0,True,True,True,False,0.0,0.0,0.0,0.0,0.0,0.0,0.0
2026-03-12T20:45:00Z,2026-03-12T21:00:00Z,2026-03-12,2026-03-12_88,-100.0,0,0,0,10.000000000000014,33.000000000000014,0.06388888888888888,0.0,0.0,True,True,True,False,-3123.5,0.0,0.0,0.0,0.0,0.0,-3123.5
2026-03-12T21:00:00Z,2026-03-12T21:15:00Z,2026-03-12,2026-03-12_89,-0.024782922930963916,100,20,0,33.000000000000014,18.337008703479928,0.04074685567827294,13.496,0.00034285714285714285,True,True,True,False,-1.051849206497436,0.0,104.4231109017021,13.752282230991224,5183.993318805583,-0.026924015380343787,5301.089938716398
2026-03-12T21:15:00Z,2026-03-12T21:30:00Z,2026-03-12,2026-03-12_90,-80.00000000000003,100,20,0,18.337008703479928,16.441214616523418,0.02044405024154588,21.288,0.0,True,True,True,False,-3135.6000000000013,0.0,104.4231109017021,13.752282230991224,9164.054161022439,0.0,6146.629554155131
2026-03-12T21:30:00Z,2026-03-12T21:45:00Z,2026-03-12,2026-03-12_91,-5.146295320564694,100,20,0,16.441214616523418,10.887857689441018,0.020358534183234408,6.247428571428571,0.0,True,True,True,False,-165.35046864974365,0.0,104.4231109017021,13.752282230991224,1384.9932335462013,0.0,1337.818158029151
2026-03-12T21:45:00Z,2026-03-12T22:00:00Z,2026-03-12,2026-03-12_92,-1.8045484528461178e-14,100,20,0,10.887857689441018,10.000000000000028,0.0027752745341615014,0.868,0.06045714285714286,True,True,True,False,-5.334245226613124e-13,0.0,104.4231109017021,13.752282230991224,132.28594695408054,-3.1198150320143374,247.341525054759
2026-03-12T22:00:00Z,2026-03-12T22:15:00Z,2026-03-13,2026-03-12_93,-6.6253053450884725,57,93,0,10.000000000000028,11.472410888603479,0.005696179930770045,0.30096,0.29334857142857146,True,True,True,False,-243.23152248156055,0.0,59.15073226275079,60.96175743060191,45.61696415249912,-15.27015858606822,-92.77222722177694
2026-03-12T22:15:00Z,2026-03-12T22:30:00Z,2026-03-13,2026-03-12_94,-7.000000000000122,57,93,0,11.472410888603479,11.539693929597295,0.009117194092477628,1.6858971428571428,0.2774057142857143,True,True,True,False,-201.8275000000035,0.0,59.15073226275079,60.96175743060191,325.651728723434,-14.16779786967911,229.7689205471041
2026-03-12T22:30:00Z,2026-03-12T22:45:00Z,2026-03-13,2026-03-12_95,-6.999999999999999,57,93,0,11.539693929597295,17.520587643883008,0.01661359365079365,0.0,4.750971428571428,True,True,True,False,-217.20999999999998,0.0,59.15073226275079,60.96175743060191,0.0,-152.66475998272406,-249.76227028937134
2026-03-12T22:45:00Z,2026-03-12T23:00:00Z,2026-03-13,2026-03-12_96,-7.0,57,93,0,17.520587643883008,25.83751381531158,0.0231025726984127,0.0,7.2901371428571435,True,True,True,False,-188.9475,0.0,59.15073226275079,60.96175743060191,0.0,-242.26417507446033,-311.09918538110765
2026-03-12T23:00:00Z,2026-03-12T23:15:00Z,2026-03-13,2026-03-13_1,-74.0,74,0,26,25.83751381531158,35.65620592959729,0.027274144761904758,7.827508571428571,0.0,True,True,True,False,-2598.51,266.0587380737367,76.79217872707999,0.0,1810.731789155444,0.0,-444.92729404373955
2026-03-12T23:15:00Z,2026-03-12T23:30:00Z,2026-03-13,2026-03-13_2,-73.99999999999997,74,0,26,35.65620592959729,45.58810535816872,0.027588609523809524,7.704457142857142,0.0,True,True,True,False,-2322.304999999999,266.0587380737367,76.79217872707999,0.0,1763.1375952165938,0.0,-216.3164879825884
2026-03-12T23:30:00Z,2026-03-12T23:45:00Z,2026-03-13,2026-03-13_3,-74.0,74,0,26,45.58810535816872,59.35621552959729,0.03824475047619048,3.534662857142857,0.0,True,True,True,False,-1982.275,266.0587380737367,76.79217872707999,0.0,679.9989650566796,0.0,-959.4251181425038
2026-03-12T23:45:00Z,2026-03-13T00:00:00Z,2026-03-13,2026-03-13_4,-74.0,74,0,26,59.35621552959729,75.81212410102586,0.04571085714285715,0.6131428571428571,0.0,True,True,True,False,-1918.2649999999999,266.0587380737367,76.79217872707999,0.0,93.34882731387738,0.0,-1482.0652558853058
2026-03-13T00:00:00Z,2026-03-13T00:15:00Z,2026-03-13,2026-03-13_5,0.0,0,0,100,75.81212410102586,75.81212410102586,0.0,0.0,0.0,True,True,True,False,0.0,1023.3028387451412,0.0,0.0,0.0,0.0,1023.3028387451412
2026-03-13T00:15:00Z,2026-03-13T00:30:00Z,2026-03-13,2026-03-13_6,0.0,0,0,100,75.81212410102586,75.81212410102586,0.0,0.0,0.0,True,True,True,False,0.0,1023.3028387451412,0.0,0.0,0.0,0.0,1023.3028387451412
2026-03-13T00:30:00Z,2026-03-13T00:45:00Z,2026-03-13,2026-03-13_7,0.0,0,0,100,75.81212410102586,75.81212410102586,0.0,0.0,0.0,True,True,True,False,0.0,1023.3028387451412,0.0,0.0,0.0,0.0,1023.3028387451412
2026-03-13T00:45:00Z,2026-03-13T01:00:00Z,2026-03-13,2026-03-13_8,0.0,0,0,100,75.81212410102586,75.81212410102586,0.0,0.0,0.0,True,True,True,False,0.0,1023.3028387451412,0.0,0.0,0.0,0.0,1023.3028387451412
2026-03-13T01:00:00Z,2026-03-13T01:15:00Z,2026-03-13,2026-03-13_9,0.0,0,0,100,75.81212410102586,75.81212410102586,0.0,0.0,0.0,True,True,True,False,0.0,1023.3028387451412,0.0,0.0,0.0,0.0,1023.3028387451412
2026-03-13T01:15:00Z,2026-03-13T01:30:00Z,2026-03-13,2026-03-13_10,0.0,0,0,100,75.81212410102586,75.81212410102586,0.0,0.0,0.0,True,True,True,False,0.0,1023.3028387451412,0.0,0.0,0.0,0.0,1023.3028387451412
2026-03-13T01:30:00Z,2026-03-13T01:45:00Z,2026-03-13,2026-03-13_11,0.0,0,0,100,75.81212410102586,75.81212410102586,0.0,0.0,0.0,True,True,True,False,0.0,1023.3028387451412,0.0,0.0,0.0,0.0,1023.3028387451412
2026-03-13T01:45:00Z,2026-03-13T02:00:00Z,2026-03-13,2026-03-13_12,0.0,0,0,100,75.81212410102586,75.81212410102586,0.0,0.0,0.0,True,True,True,False,0.0,1023.3028387451412,0.0,0.0,0.0,0.0,1023.3028387451412
2026-03-13T02:00:00Z,2026-03-13T02:15:00Z,2026-03-13,2026-03-13_13,0.0,0,0,100,75.81212410102586,75.81212410102586,0.0,0.0,0.0,True,True,True,False,0.0,1023.3028387451412,0.0,0.0,0.0,0.0,1023.3028387451412
2026-03-13T02:15:00Z,2026-03-13T02:30:00Z,2026-03-13,2026-03-13_14,0.0,0,0,100,75.81212410102586,75.81212410102586,0.0,0.0,0.0,True,True,True,False,0.0,1023.3028387451412,0.0,0.0,0.0,0.0,1023.3028387451412
2026-03-13T02:30:00Z,2026-03-13T02:45:00Z,2026-03-13,2026-03-13_15,0.0,0,0,100,75.81212410102586,75.81212410102586,0.0,0.0,0.0,True,True,True,False,0.0,1023.3028387451412,0.0,0.0,0.0,0.0,1023.3028387451412
2026-03-13T02:45:00Z,2026-03-13T03:00:00Z,2026-03-13,2026-03-13_16,0.0,0,0,100,75.81212410102586,75.81212410102586,0.0,0.0,0.0,True,True,True,False,0.0,1023.3028387451412,0.0,0.0,0.0,0.0,1023.3028387451412
2026-03-13T03:00:00Z,2026-03-13T03:15:00Z,2026-03-13,2026-03-13_17,0.0,0,0,100,75.81212410102586,75.81212410102586,0.0,0.0,0.0,True,True,True,False,0.0,1023.3028387451412,0.0,0.0,0.0,0.0,1023.3028387451412
2026-03-13T03:15:00Z,2026-03-13T03:30:00Z,2026-03-13,2026-03-13_18,0.0,0,0,100,75.81212410102586,75.81212410102586,0.0,0.0,0.0,True,True,True,False,0.0,1023.3028387451412,0.0,0.0,0.0,0.0,1023.3028387451412
2026-03-13T03:30:00Z,2026-03-13T03:45:00Z,2026-03-13,2026-03-13_19,0.0,0,0,100,75.81212410102586,75.81212410102586,0.0,0.0,0.0,True,True,True,False,0.0,1023.3028387451412,0.0,0.0,0.0,0.0,1023.3028387451412
2026-03-13T03:45:00Z,2026-03-13T04:00:00Z,2026-03-13,2026-03-13_20,0.0,0,0,100,75.81212410102586,75.81212410102586,0.0,0.0,0.0,True,True,True,False,0.0,1023.3028387451412,0.0,0.0,0.0,0.0,1023.3028387451412
2026-03-13T04:00:00Z,2026-03-13T04:15:00Z,2026-03-13,2026-03-13_21,0.0,0,0,100,75.81212410102586,75.81212410102586,0.0,0.0,0.0,True,True,True,False,0.0,1023.3028387451412,0.0,0.0,0.0,0.0,1023.3028387451412
2026-03-13T04:15:00Z,2026-03-13T04:30:00Z,2026-03-13,2026-03-13_22,0.0,0,0,100,75.81212410102586,75.81212410102586,0.0,0.0,0.0,True,True,True,False,0.0,1023.3028387451412,0.0,0.0,0.0,0.0,1023.3028387451412
2026-03-13T04:30:00Z,2026-03-13T04:45:00Z,2026-03-13,2026-03-13_23,0.0,0,0,100,75.81212410102586,75.81212410102586,0.0,0.0,0.0,True,True,True,False,0.0,1023.3028387451412,0.0,0.0,0.0,0.0,1023.3028387451412
2026-03-13T04:45:00Z,2026-03-13T05:00:00Z,2026-03-13,2026-03-13_24,0.0,0,0,100,75.81212410102586,75.81212410102586,0.0,0.0,0.0,True,True,True,False,0.0,1023.3028387451412,0.0,0.0,0.0,0.0,1023.3028387451412
2026-03-13T05:00:00Z,2026-03-13T05:15:00Z,2026-03-13,2026-03-13_25,42.18861669177513,0,0,57,75.81212410102586,64.34782608695653,0.03184527226130369,0.0,0.0,True,False,True,False,1677.2084565815205,583.2826180847304,0.0,0.0,0.0,0.0,2260.491074666251
2026-03-13T05:15:00Z,2026-03-13T05:30:00Z,2026-03-13,2026-03-13_26,43.00000000000049,0,0,57,64.34782608695653,52.66304347826075,0.03245772946859941,0.0,0.0,True,False,True,False,1843.9475000000211,583.2826180847304,0.0,0.0,0.0,0.0,2427.2301180847517
2026-03-13T05:30:00Z,2026-03-13T05:45:00Z,2026-03-13,2026-03-13_27,43.00000000000049,0,0,57,52.66304347826075,40.97826086956496,0.03245772946859941,0.0,0.0,True,False,True,False,1717.3125000000196,583.2826180847304,0.0,0.0,0.0,0.0,2300.59511808475
2026-03-13T05:45:00Z,2026-03-13T06:00:00Z,2026-03-13,2026-03-13_28,0.0,0,0,57,40.97826086956496,40.97826086956496,0.0,0.0,0.0,True,False,True,False,0.0,583.2826180847304,0.0,0.0,0.0,0.0,583.2826180847304
2026-03-13T06:00:00Z,2026-03-13T06:15:00Z,2026-03-13,2026-03-13_29,100.0,0,100,0,40.97826086956496,33.0571428571426,0.022003105590062112,0.0,17.712571428571426,True,True,True,False,4167.0,0.0,0.0,75.09128744748519,0.0,3805.7896244734493,8047.8809119209345
2026-03-13T06:15:00Z,2026-03-13T06:30:00Z,2026-03-13,2026-03-13_30,100.0,0,100,0,33.0571428571426,17.220496894409685,0.04399068322981366,0.0,10.430285714285715,True,True,True,False,4049.4999999999995,0.0,0.0,75.09128744748519,0.0,646.6109611123887,4771.202248559874
2026-03-13T06:30:00Z,2026-03-13T06:45:00Z,2026-03-13,2026-03-13_31,100.0,0,100,0,17.220496894409685,10.114285714285458,0.01973947550034507,0.0,18.462285714285713,True,True,True,False,3721.5000000000005,0.0,0.0,75.09128744748519,0.0,2695.711906912044,6492.30319435953
2026-03-13T06:45:00Z,2026-03-13T07:00:00Z,2026-03-13,2026-03-13_32,71.24347143029351,0,100,0,10.114285714285458,15.847855081187884,0.01957233961928124,0.0,24.15257142857143,True,True,True,False,1275.0800299236782,0.0,0.0,75.09128744748519,0.0,10475.647987525452,11825.819304896615
2026-03-13T07:00:00Z,2026-03-13T07:15:00Z,2026-03-13,2026-03-13_33,0.0,100,8,0,15.847855081187884,10.5198332575854,0.016756185065562455,5.225714285714286,0.38272,True,True,True,False,0.0,0.0,78.12438650908948,6.643370371824571,734.8777410072751,112.44994017825593,932.095438066445
2026-03-13T07:15:00Z,2026-03-13T07:30:00Z,2026-03-13,2026-03-13_34,-91.31633591292302,100,8,0,10.5198332575854,26.375909843478297,0.04693261972517688,5.507428571428571,0.0,True,True,True,False,-913.1633591292302,0.0,78.12438650908948,6.643370371824571,766.2427051373378,0.0,-62.15289711097839
2026-03-13T07:30:00Z,2026-03-13T07:45:00Z,2026-03-13,2026-03-13_35,-92.0,100,8,0,26.375909843478297,39.819451468323024,0.04133709802622499,8.267428571428571,0.0,True,True,True,False,-117.53,0.0,78.12438650908948,6.643370371824571,1364.7684371476807,0.0,1332.0061940285948
2026-03-13T07:45:00Z,2026-03-13T08:00:00Z,2026-03-13,2026-03-13_36,-92.0,100,8,0,39.819451468323024,60.543478260869605,0.05801808684610076,0.9342857142857143,0.4739657142857143,True,True,True,False,-0.0,0.0,78.12438650908948,6.643370371824571,119.44983537409624,11.869148084786548,216.08674033979685
2026-03-13T08:00:00Z,2026-03-13T08:15:00Z,2026-03-13,2026-03-13_37,-6.999999999999943,7,0,93,60.543478260869605,62.05717266086959,0.004204706666666636,0.10468000000000001,0.0,True,True,True,False,-22.34749999999982,951.6716400329813,5.077054458361146,0.0,13.862568251599987,0.0,948.2637627429426
2026-03-13T08:15:00Z,2026-03-13T08:30:00Z,2026-03-13,2026-03-13_38,-6.999999999999943,7,0,93,62.05717266086959,63.65977586086958,0.004451675555555521,0.00804,0.0,True,True,True,False,-24.114999999999803,951.6716400329813,5.077054458361146,0.0,0.7927744944834897,0.0,933.4264689858261
2026-03-13T08:30:00Z,2026-03-13T08:45:00Z,2026-03-13,2026-03-13_39,-6.999999999999943,7,0,93,63.65977586086958,65.25523986086957,0.00443184444444441,0.0158,0.0,True,True,True,False,-14.769999999999879,951.6716400329813,5.077054458361146,0.0,1.5659705131728772,0.0,943.5446650045154
2026-03-13T08:45:00Z,2026-03-13T09:00:00Z,2026-03-13,2026-03-13_40,-6.999999999999943,7,0,93,65.25523986086957,66.86005106086955,0.004457808888888853,0.00564,0.0,True,True,True,False,-14.75249999999988,951.6716400329813,5.077054458361146,0.0,0.5584417134555735,0.0,942.554636204798
2026-03-13T09:00:00Z,2026-03-13T09:15:00Z,2026-03-13,2026-03-13_41,-7.0,7,0,93,66.86005106086955,68.39560466086955,0.004265426666666666,0.08092,0.0,True,True,True,False,-8.7325,951.6716400329813,5.79027445129373,0.0,10.60049140523774,0.0,959.3299058895127
2026-03-13T09:15:00Z,2026-03-13T09:30:00Z,2026-03-13,2026-03-13_42,-7.0,7,0,93,68.39560466086955,70.00560466086955,0.004472222222222222,0.0,0.0,True,True,True,False,-0.0175,951.6716400329813,5.79027445129373,0.0,0.0,0.0,957.444414484275
2026-03-13T09:30:00Z,2026-03-13T09:45:00Z,2026-03-13,2026-03-13_43,-7.0,7,0,93,70.00560466086955,71.61560466086955,0.004472222222222222,0.0,0.0,True,True,True,False,-0.0175,951.6716400329813,5.79027445129373,0.0,0.0,0.0,957.444414484275
2026-03-13T09:45:00Z,2026-03-13T10:00:00Z,2026-03-13,2026-03-13_44,-7.0,7,0,93,71.61560466086955,73.22369106086954,0.004466906666666667,0.0020800000000000003,0.0,True,True,True,False,-0.0175,951.6716400329813,5.79027445129373,0.0,0.1863620872433154,0.0,957.6307765715183
2026-03-13T10:00:00Z,2026-03-13T10:15:00Z,2026-03-13,2026-03-13_45,-7.0,7,0,93,73.22369106086954,74.83369106086954,0.004472222222222222,0.0,0.0,True,True,True,False,-0.0,951.6716400329813,5.79027445129373,0.0,0.0,0.0,957.461914484275
2026-03-13T10:15:00Z,2026-03-13T10:30:00Z,2026-03-13,2026-03-13_46,-7.0,7,0,93,74.83369106086954,76.44369106086954,0.004472222222222223,0.0,0.0,True,True,True,False,-0.0175,951.6716400329813,5.79027445129373,0.0,0.0,0.0,957.444414484275
2026-03-13T10:30:00Z,2026-03-13T10:45:00Z,2026-03-13,2026-03-13_47,-7.0,7,0,93,76.44369106086954,78.05369106086954,0.004472222222222223,0.0,0.0,True,True,True,False,-0.0,951.6716400329813,5.79027445129373,0.0,0.0,0.0,957.461914484275
2026-03-13T10:45:00Z,2026-03-13T11:00:00Z,2026-03-13,2026-03-13_48,-7.0,7,0,93,78.05369106086954,79.64963346086954,0.0044331733333333335,0.015280000000000002,0.0,True,True,True,False,-0.0,951.6716400329813,5.79027445129373,0.0,1.3993897836585656,0.0,958.8613042679335
2026-03-13T11:00:00Z,2026-03-13T11:15:00Z,2026-03-13,2026-03-13_49,-7.0,7,0,93,79.64963346086954,81.25926546086954,0.0044712,0.00039999999999999996,0.0,True,True,True,False,-0.0175,951.6716400329813,5.79027445129373,0.0,0.03533943225097177,0.0,957.479753916526
2026-03-13T11:15:00Z,2026-03-13T11:30:00Z,2026-03-13,2026-03-13_50,-7.0,7,0,93,81.25926546086954,82.86860306086953,0.004470382222222223,0.0007199999999999999,0.0,True,True,True,False,-0.0175,951.6716400329813,5.79027445129373,0.0,0.06361097805174919,0.0,957.5080254623267
2026-03-13T11:30:00Z,2026-03-13T11:45:00Z,2026-03-13,2026-03-13_51,-7.0,7,0,93,82.86860306086953,84.47587986086953,0.004464657777777778,0.00296,0.0,True,True,True,False,-0.0175,951.6716400329813,5.79027445129373,0.0,0.2615117986571911,0.0,957.7059262829322
2026-03-13T11:45:00Z,2026-03-13T12:00:00Z,2026-03-13,2026-03-13_52,-7.0,7,0,93,84.47587986086953,86.01805746086953,0.004283826666666667,0.07372000000000001,0.0,True,True,True,False,-0.0175,951.6716400329813,5.79027445129373,0.0,7.638293925949194,0.0,965.0827084102242
2026-03-13T12:00:00Z,2026-03-13T12:15:00Z,2026-03-13,2026-03-13_53,-8.000000000000275,8,0,92,86.01805746086953,87.85645928944102,0.005106671746031922,0.001737142857142857,0.0,True,True,True,False,-0.020000000000000687,941.4386116455298,6.1274490557147905,0.0,0.1551997217906362,0.0,947.7012604230353
2026-03-13T12:15:00Z,2026-03-13T12:30:00Z,2026-03-13,2026-03-13_54,-8.000000000000213,8,0,92,87.85645928944102,89.6292940322982,0.004924540952381089,0.07300571428571428,0.0,True,True,True,False,-1.3000000000000347,941.4386116455298,6.1274490557147905,0.0,7.014699981490104,0.0,953.2807606827347
2026-03-13T12:30:00Z,2026-03-13T12:45:00Z,2026-03-13,2026-03-13_55,-8.000000000000213,8,0,92,89.6292940322982,91.23061974658397,0.00444812698412712,0.2594285714285714,0.0,True,True,True,False,-4.580000000000122,941.4386116455298,6.1274490557147905,0.0,33.963456751344765,0.0,976.9495174525892
2026-03-13T12:45:00Z,2026-03-13T13:00:00Z,2026-03-13,2026-03-13_56,-8.000000000000213,8,0,92,91.23061974658397,93.02271666086973,0.00497804698412712,0.05206857142857143,0.0,True,True,True,False,-2.1200000000000565,941.4386116455298,6.1274490557147905,0.0,6.083961826982944,0.0,951.5300225282275
2026-03-13T13:00:00Z,2026-03-13T13:15:00Z,2026-03-13,2026-03-13_57,0.0,100,100,0,93.02271666086973,106.13560808944116,0.036424698412698416,0.0,14.253142857142858,True,True,True,False,0.0,0.0,69.26066983391574,83.01268208410225,0.0,2925.14012295059,3077.413474868608
2026-03-13T13:15:00Z,2026-03-13T13:30:00Z,2026-03-13,2026-03-13_58,0.0,100,100,0,106.13560808944116,113.55869380372688,0.02061968253968254,0.0,8.068571428571428,True,True,True,False,0.0,0.0,69.26066983391574,83.01268208410225,0.0,662.6515057520907,814.9248576701086
2026-03-13T13:30:00Z,2026-03-13T13:45:00Z,2026-03-13,2026-03-13_59,0.0,100,100,0,113.55869380372688,133.02011094658403,0.05405949206349206,0.0,21.153714285714283,True,True,True,False,0.0,0.0,69.26066983391574,83.01268208410225,0.0,10857.613750497801,11009.88710241582
2026-03-13T13:45:00Z,2026-03-13T14:00:00Z,2026-03-13,2026-03-13_60,0.0,100,100,0,133.02011094658403,144.49119666086975,0.03186412698412699,0.0,12.46857142857143,True,True,True,False,0.0,0.0,69.26066983391574,83.01268208410225,0.0,1383.45871675931,1535.732068677328
2026-03-13T14:00:00Z,2026-03-13T14:15:00Z,2026-03-13,2026-03-13_61,-100.0,0,0,0,144.49119666086975,167.49119666086975,0.06388888888888888,0.0,0.0,True,False,True,False,-324.75,0.0,0.0,0.0,0.0,0.0,-324.75
2026-03-13T14:15:00Z,2026-03-13T14:30:00Z,2026-03-13,2026-03-13_62,-97.86436234404474,0,0,0,167.49119666086975,190.00000000000003,0.06252445371980636,0.0,0.0,True,False,True,False,-626.0872580960262,0.0,0.0,0.0,0.0,0.0,-626.0872580960262
2026-03-13T14:30:00Z,2026-03-13T14:45:00Z,2026-03-13,2026-03-13_63,69.28000000000004,0,0,0,190.00000000000003,171.17391304347828,0.052294685990338194,0.0,0.0,True,False,True,False,1541.480000000001,0.0,0.0,0.0,0.0,0.0,1541.480000000001
2026-03-13T14:45:00Z,2026-03-13T15:00:00Z,2026-03-13,2026-03-13_64,100.0,0,0,0,171.17391304347828,144.00000000000003,0.0754830917874396,0.0,0.0,True,False,True,False,3572.75,0.0,0.0,0.0,0.0,0.0,3572.75
2026-03-13T15:00:00Z,2026-03-13T15:15:00Z,2026-03-13,2026-03-13_65,0.0,0,0,100,144.00000000000003,144.00000000000003,0.0,0.0,0.0,True,True,True,False,0.0,1023.3028387451412,0.0,0.0,0.0,0.0,1023.3028387451412
2026-03-13T15:15:00Z,2026-03-13T15:30:00Z,2026-03-13,2026-03-13_66,0.0,0,0,100,144.00000000000003,144.00000000000003,0.0,0.0,0.0,True,True,True,False,0.0,1023.3028387451412,0.0,0.0,0.0,0.0,1023.3028387451412
2026-03-13T15:30:00Z,2026-03-13T15:45:00Z,2026-03-13,2026-03-13_67,0.0,0,0,100,144.00000000000003,144.00000000000003,0.0,0.0,0.0,True,True,True,False,0.0,1023.3028387451412,0.0,0.0,0.0,0.0,1023.3028387451412
2026-03-13T15:45:00Z,2026-03-13T16:00:00Z,2026-03-13,2026-03-13_68,0.0,0,0,100,144.00000000000003,144.00000000000003,0.0,0.0,0.0,True,True,True,False,0.0,1023.3028387451412,0.0,0.0,0.0,0.0,1023.3028387451412
2026-03-13T16:00:00Z,2026-03-13T16:15:00Z,2026-03-13,2026-03-13_69,0.0,0,0,100,144.00000000000003,144.00000000000003,0.0,0.0,0.0,True,True,True,False,0.0,1023.3028387451412,0.0,0.0,0.0,0.0,1023.3028387451412
2026-03-13T16:15:00Z,2026-03-13T16:30:00Z,2026-03-13,2026-03-13_70,0.0,0,0,100,144.00000000000003,144.00000000000003,0.0,0.0,0.0,True,True,True,False,0.0,1023.3028387451412,0.0,0.0,0.0,0.0,1023.3028387451412
2026-03-13T16:30:00Z,2026-03-13T16:45:00Z,2026-03-13,2026-03-13_71,0.0,0,0,100,144.00000000000003,144.00000000000003,0.0,0.0,0.0,True,True,True,False,0.0,1023.3028387451412,0.0,0.0,0.0,0.0,1023.3028387451412
2026-03-13T16:45:00Z,2026-03-13T17:00:00Z,2026-03-13,2026-03-13_72,0.0,0,0,100,144.00000000000003,144.00000000000003,0.0,0.0,0.0,True,True,True,False,0.0,1023.3028387451412,0.0,0.0,0.0,0.0,1023.3028387451412
2026-03-13T17:00:00Z,2026-03-13T17:15:00Z,2026-03-13,2026-03-13_73,0.7318034652202631,0,99,1,144.00000000000003,145.00761490683226,0.00384524763910962,0.0,1.3096285714285714,True,True,True,False,30.159450310390092,10.233028387451412,0.0,63.378813459499774,0.0,-66.25067916739117,37.52061298995011
2026-03-13T17:15:00Z,2026-03-13T17:30:00Z,2026-03-13,2026-03-13_74,98.99999999999997,0,99,1,145.00761490683226,118.12265838509313,0.07468043478260869,0.0,0.01584,True,True,True,False,4774.027499999998,10.233028387451412,0.0,63.378813459499774,0.0,-1.2438650908948132,4846.395476756054
2026-03-13T17:30:00Z,2026-03-13T17:45:00Z,2026-03-13,2026-03-13_75,98.99999999999997,0,99,1,118.12265838509313,91.22048447204965,0.0747282608695652,0.0,0.0,True,True,True,False,5652.652499999998,10.233028387451412,0.0,63.378813459499774,0.0,0.0,5726.26434184695
2026-03-13T17:45:00Z,2026-03-13T18:00:00Z,2026-03-13,2026-03-13_76,98.99999999999997,0,99,1,91.22048447204965,64.3478260869565,0.07464627329192543,0.0,0.027154285714285714,True,True,True,False,5980.094999999998,10.233028387451412,0.0,63.378813459499774,0.0,-1.4067900944004756,6052.300051752549
2026-03-13T18:00:00Z,2026-03-13T18:15:00Z,2026-03-13,2026-03-13_77,0.0,0,0,100,64.3478260869565,64.3478260869565,0.0,0.0,0.0,True,True,True,False,0.0,1023.3028387451412,0.0,0.0,0.0,0.0,1023.3028387451412
2026-03-13T18:15:00Z,2026-03-13T18:30:00Z,2026-03-13,2026-03-13_78,0.0,0,0,100,64.3478260869565,64.3478260869565,0.0,0.0,0.0,True,True,True,False,0.0,1023.3028387451412,0.0,0.0,0.0,0.0,1023.3028387451412
2026-03-13T18:30:00Z,2026-03-13T18:45:00Z,2026-03-13,2026-03-13_79,0.0,0,0,100,64.3478260869565,64.3478260869565,0.0,0.0,0.0,True,True,True,False,0.0,1023.3028387451412,0.0,0.0,0.0,0.0,1023.3028387451412
2026-03-13T18:45:00Z,2026-03-13T19:00:00Z,2026-03-13,2026-03-13_80,0.0,0,0,100,64.3478260869565,64.3478260869565,0.0,0.0,0.0,True,True,True,False,0.0,1023.3028387451412,0.0,0.0,0.0,0.0,1023.3028387451412
2026-03-13T19:00:00Z,2026-03-13T19:15:00Z,2026-03-13,2026-03-13_81,0.0,0,0,100,64.3478260869565,64.3478260869565,0.0,0.0,0.0,True,True,True,False,0.0,1023.3028387451412,0.0,0.0,0.0,0.0,1023.3028387451412
2026-03-13T19:15:00Z,2026-03-13T19:30:00Z,2026-03-13,2026-03-13_82,0.0,0,0,100,64.3478260869565,64.3478260869565,0.0,0.0,0.0,True,True,True,False,0.0,1023.3028387451412,0.0,0.0,0.0,0.0,1023.3028387451412
2026-03-13T19:30:00Z,2026-03-13T19:45:00Z,2026-03-13,2026-03-13_83,0.0,0,0,100,64.3478260869565,64.3478260869565,0.0,0.0,0.0,True,True,True,False,0.0,1023.3028387451412,0.0,0.0,0.0,0.0,1023.3028387451412
2026-03-13T19:45:00Z,2026-03-13T20:00:00Z,2026-03-13,2026-03-13_84,0.0,0,0,100,64.3478260869565,64.3478260869565,0.0,0.0,0.0,True,True,True,False,0.0,1023.3028387451412,0.0,0.0,0.0,0.0,1023.3028387451412
2026-03-13T20:00:00Z,2026-03-13T20:15:00Z,2026-03-13,2026-03-13_85,0.0,0,0,100,64.3478260869565,64.3478260869565,0.0,0.0,0.0,True,True,True,False,0.0,1023.3028387451412,0.0,0.0,0.0,0.0,1023.3028387451412
2026-03-13T20:15:00Z,2026-03-13T20:30:00Z,2026-03-13,2026-03-13_86,0.0,0,0,100,64.3478260869565,64.3478260869565,0.0,0.0,0.0,True,True,True,False,0.0,1023.3028387451412,0.0,0.0,0.0,0.0,1023.3028387451412
2026-03-13T20:30:00Z,2026-03-13T20:45:00Z,2026-03-13,2026-03-13_87,0.0,0,0,100,64.3478260869565,64.3478260869565,0.0,0.0,0.0,True,True,True,False,0.0,1023.3028387451412,0.0,0.0,0.0,0.0,1023.3028387451412
2026-03-13T20:45:00Z,2026-03-13T21:00:00Z,2026-03-13,2026-03-13_88,0.0,0,0,100,64.3478260869565,64.3478260869565,0.0,0.0,0.0,True,True,True,False,0.0,1023.3028387451412,0.0,0.0,0.0,0.0,1023.3028387451412
2026-03-13T21:00:00Z,2026-03-13T21:15:00Z,2026-03-13,2026-03-13_89,0.0,0,0,100,64.3478260869565,64.3478260869565,0.0,0.0,0.0,True,True,True,False,0.0,1023.3028387451412,0.0,0.0,0.0,0.0,1023.3028387451412
2026-03-13T21:15:00Z,2026-03-13T21:30:00Z,2026-03-13,2026-03-13_90,0.0,0,0,100,64.3478260869565,64.3478260869565,0.0,0.0,0.0,True,True,True,False,0.0,1023.3028387451412,0.0,0.0,0.0,0.0,1023.3028387451412
2026-03-13T21:30:00Z,2026-03-13T21:45:00Z,2026-03-13,2026-03-13_91,0.0,0,0,100,64.3478260869565,64.3478260869565,0.0,0.0,0.0,True,True,True,False,0.0,1023.3028387451412,0.0,0.0,0.0,0.0,1023.3028387451412
2026-03-13T21:45:00Z,2026-03-13T22:00:00Z,2026-03-13,2026-03-13_92,0.0,0,0,100,64.3478260869565,64.3478260869565,0.0,0.0,0.0,True,True,True,False,0.0,1023.3028387451412,0.0,0.0,0.0,0.0,1023.3028387451412
2026-03-13T22:00:00Z,2026-03-13T22:15:00Z,2026-03-14,2026-03-13_93,0.0,100,0,0,64.3478260869565,52.42608695652172,0.033115942028985504,10.968,0.0,True,True,True,False,0.0,0.0,104.22596031169647,0.0,2851.3398535733213,0.0,2955.5658138850176
2026-03-13T22:15:00Z,2026-03-13T22:30:00Z,2026-03-14,2026-03-13_94,-19.346923209972953,100,0,0,52.42608695652172,51.54233540372674,0.022175214961757866,5.057142857142857,0.0,True,True,True,False,-558.8358769200688,0.0,104.22596031169647,0.0,1008.760386844592,0.0,554.1504702362196
2026-03-13T22:30:00Z,2026-03-13T22:45:00Z,2026-03-14,2026-03-13_95,0.0,100,0,0,51.54233540372674,47.27525465838512,0.011853002070393375,3.9257142857142857,0.0,True,True,True,False,0.0,0.0,104.22596031169647,0.0,806.0347431083845,0.0,910.260703420081
2026-03-13T22:45:00Z,2026-03-13T23:00:00Z,2026-03-14,2026-03-13_96,-100.0,100,0,0,47.27525465838512,64.34782608695656,0.04742380952380953,6.442857142857143,0.0,True,True,True,False,-2583.75,0.0,104.22596031169647,0.0,2340.2100642404293,0.0,-139.31397544787418
2026-03-13T23:00:00Z,2026-03-13T23:15:00Z,2026-03-14,2026-03-14_1,0.0,0,0,100,64.34782608695656,64.34782608695656,0.0,0.0,0.0,True,True,True,False,0.0,1023.1220680314839,0.0,0.0,0.0,0.0,1023.1220680314839
2026-03-13T23:15:00Z,2026-03-13T23:30:00Z,2026-03-14,2026-03-14_2,0.0,0,0,100,64.34782608695656,64.34782608695656,0.0,0.0,0.0,True,True,True,False,0.0,1023.1220680314839,0.0,0.0,0.0,0.0,1023.1220680314839
2026-03-13T23:30:00Z,2026-03-13T23:45:00Z,2026-03-14,2026-03-14_3,0.0,0,0,100,64.34782608695656,64.34782608695656,0.0,0.0,0.0,True,True,True,False,0.0,1023.1220680314839,0.0,0.0,0.0,0.0,1023.1220680314839
2026-03-13T23:45:00Z,2026-03-14T00:00:00Z,2026-03-14,2026-03-14_4,0.0,0,0,100,64.34782608695656,64.34782608695656,0.0,0.0,0.0,True,True,True,False,0.0,1023.1220680314839,0.0,0.0,0.0,0.0,1023.1220680314839
2026-03-14T00:00:00Z,2026-03-14T00:15:00Z,2026-03-14,2026-03-14_5,0.0,0,0,100,64.34782608695656,64.34782608695656,0.0,0.0,0.0,True,True,True,False,0.0,1023.1220680314839,0.0,0.0,0.0,0.0,1023.1220680314839
2026-03-14T00:15:00Z,2026-03-14T00:30:00Z,2026-03-14,2026-03-14_6,0.0,0,0,100,64.34782608695656,64.34782608695656,0.0,0.0,0.0,True,True,True,False,0.0,1023.1220680314839,0.0,0.0,0.0,0.0,1023.1220680314839
2026-03-14T00:30:00Z,2026-03-14T00:45:00Z,2026-03-14,2026-03-14_7,0.0,0,0,100,64.34782608695656,64.34782608695656,0.0,0.0,0.0,True,True,True,False,0.0,1023.1220680314839,0.0,0.0,0.0,0.0,1023.1220680314839
2026-03-14T00:45:00Z,2026-03-14T01:00:00Z,2026-03-14,2026-03-14_8,0.0,0,0,100,64.34782608695656,64.34782608695656,0.0,0.0,0.0,True,True,True,False,0.0,1023.1220680314839,0.0,0.0,0.0,0.0,1023.1220680314839
2026-03-14T01:00:00Z,2026-03-14T01:15:00Z,2026-03-14,2026-03-14_9,0.0,0,0,100,64.34782608695656,64.34782608695656,0.0,0.0,0.0,True,True,True,False,0.0,1023.1220680314839,0.0,0.0,0.0,0.0,1023.1220680314839
2026-03-14T01:15:00Z,2026-03-14T01:30:00Z,2026-03-14,2026-03-14_10,0.0,0,0,100,64.34782608695656,64.34782608695656,0.0,0.0,0.0,True,True,True,False,0.0,1023.1220680314839,0.0,0.0,0.0,0.0,1023.1220680314839
2026-03-14T01:30:00Z,2026-03-14T01:45:00Z,2026-03-14,2026-03-14_11,0.0,0,0,100,64.34782608695656,64.34782608695656,0.0,0.0,0.0,True,True,True,False,0.0,1023.1220680314839,0.0,0.0,0.0,0.0,1023.1220680314839
2026-03-14T01:45:00Z,2026-03-14T02:00:00Z,2026-03-14,2026-03-14_12,0.0,0,0,100,64.34782608695656,64.34782608695656,0.0,0.0,0.0,True,True,True,False,0.0,1023.1220680314839,0.0,0.0,0.0,0.0,1023.1220680314839
2026-03-14T02:00:00Z,2026-03-14T02:15:00Z,2026-03-14,2026-03-14_13,0.0,0,0,100,64.34782608695656,64.34782608695656,0.0,0.0,0.0,True,True,True,False,0.0,1023.1220680314839,0.0,0.0,0.0,0.0,1023.1220680314839
2026-03-14T02:15:00Z,2026-03-14T02:30:00Z,2026-03-14,2026-03-14_14,0.0,0,0,100,64.34782608695656,64.34782608695656,0.0,0.0,0.0,True,True,True,False,0.0,1023.1220680314839,0.0,0.0,0.0,0.0,1023.1220680314839
2026-03-14T02:30:00Z,2026-03-14T02:45:00Z,2026-03-14,2026-03-14_15,0.0,0,0,100,64.34782608695656,64.34782608695656,0.0,0.0,0.0,True,True,True,False,0.0,1023.1220680314839,0.0,0.0,0.0,0.0,1023.1220680314839
2026-03-14T02:45:00Z,2026-03-14T03:00:00Z,2026-03-14,2026-03-14_16,0.0,0,0,100,64.34782608695656,64.34782608695656,0.0,0.0,0.0,True,True,True,False,0.0,1023.1220680314839,0.0,0.0,0.0,0.0,1023.1220680314839
2026-03-14T03:00:00Z,2026-03-14T03:15:00Z,2026-03-14,2026-03-14_17,0.0,0,0,100,64.34782608695656,64.34782608695656,0.0,0.0,0.0,True,True,True,False,0.0,1023.1220680314839,0.0,0.0,0.0,0.0,1023.1220680314839
2026-03-14T03:15:00Z,2026-03-14T03:30:00Z,2026-03-14,2026-03-14_18,0.0,0,0,100,64.34782608695656,64.34782608695656,0.0,0.0,0.0,True,True,True,False,0.0,1023.1220680314839,0.0,0.0,0.0,0.0,1023.1220680314839
2026-03-14T03:30:00Z,2026-03-14T03:45:00Z,2026-03-14,2026-03-14_19,0.0,0,0,100,64.34782608695656,64.34782608695656,0.0,0.0,0.0,True,True,True,False,0.0,1023.1220680314839,0.0,0.0,0.0,0.0,1023.1220680314839
2026-03-14T03:45:00Z,2026-03-14T04:00:00Z,2026-03-14,2026-03-14_20,0.0,0,0,100,64.34782608695656,64.34782608695656,0.0,0.0,0.0,True,True,True,False,0.0,1023.1220680314839,0.0,0.0,0.0,0.0,1023.1220680314839
2026-03-14T04:00:00Z,2026-03-14T04:15:00Z,2026-03-14,2026-03-14_21,0.0,0,0,100,64.34782608695656,64.34782608695656,0.0,0.0,0.0,True,True,True,False,0.0,1023.1220680314839,0.0,0.0,0.0,0.0,1023.1220680314839
2026-03-14T04:15:00Z,2026-03-14T04:30:00Z,2026-03-14,2026-03-14_22,0.0,0,0,100,64.34782608695656,64.34782608695656,0.0,0.0,0.0,True,True,True,False,0.0,1023.1220680314839,0.0,0.0,0.0,0.0,1023.1220680314839
2026-03-14T04:30:00Z,2026-03-14T04:45:00Z,2026-03-14,2026-03-14_23,0.0,0,0,100,64.34782608695656,64.34782608695656,0.0,0.0,0.0,True,True,True,False,0.0,1023.1220680314839,0.0,0.0,0.0,0.0,1023.1220680314839
2026-03-14T04:45:00Z,2026-03-14T05:00:00Z,2026-03-14,2026-03-14_24,0.0,0,0,100,64.34782608695656,64.34782608695656,0.0,0.0,0.0,True,True,True,False,0.0,1023.1220680314839,0.0,0.0,0.0,0.0,1023.1220680314839
2026-03-14T05:00:00Z,2026-03-14T05:15:00Z,2026-03-14,2026-03-14_25,0.0,0,0,100,64.34782608695656,64.34782608695656,0.0,0.0,0.0,True,True,True,False,0.0,1023.1220680314839,0.0,0.0,0.0,0.0,1023.1220680314839
2026-03-14T05:15:00Z,2026-03-14T05:30:00Z,2026-03-14,2026-03-14_26,0.0,0,0,100,64.34782608695656,64.34782608695656,0.0,0.0,0.0,True,True,True,False,0.0,1023.1220680314839,0.0,0.0,0.0,0.0,1023.1220680314839
2026-03-14T05:30:00Z,2026-03-14T05:45:00Z,2026-03-14,2026-03-14_27,0.0,0,0,100,64.34782608695656,64.34782608695656,0.0,0.0,0.0,True,True,True,False,0.0,1023.1220680314839,0.0,0.0,0.0,0.0,1023.1220680314839
2026-03-14T05:45:00Z,2026-03-14T06:00:00Z,2026-03-14,2026-03-14_28,0.0,0,0,100,64.34782608695656,64.34782608695656,0.0,0.0,0.0,True,True,True,False,0.0,1023.1220680314839,0.0,0.0,0.0,0.0,1023.1220680314839
2026-03-14T06:00:00Z,2026-03-14T06:15:00Z,2026-03-14,2026-03-14_29,12.0,0,0,88,64.34782608695656,61.086956521739154,0.00905797101449275,0.0,0.0,True,True,True,False,382.17,900.3474198677058,0.0,0.0,0.0,0.0,1282.5174198677057
2026-03-14T06:15:00Z,2026-03-14T06:30:00Z,2026-03-14,2026-03-14_30,11.999999999999998,0,0,88,61.086956521739154,57.82608695652176,0.00905797101449275,0.0,0.0,True,True,True,False,363.84,900.3474198677058,0.0,0.0,0.0,0.0,1264.1874198677058
2026-03-14T06:30:00Z,2026-03-14T06:45:00Z,2026-03-14,2026-03-14_31,0.0,0,0,88,57.82608695652176,57.82608695652176,0.0,0.0,0.0,True,True,True,False,0.0,900.3474198677058,0.0,0.0,0.0,0.0,900.3474198677058
2026-03-14T06:45:00Z,2026-03-14T07:00:00Z,2026-03-14,2026-03-14_32,-12.0,0,0,88,57.82608695652176,60.58608695652176,0.007666666666666667,0.0,0.0,True,True,True,False,-15.0,900.3474198677058,0.0,0.0,0.0,0.0,885.3474198677058
2026-03-14T07:00:00Z,2026-03-14T07:15:00Z,2026-03-14,2026-03-14_33,0.15679999999998956,0,0,93,60.58608695652176,60.54347826086959,0.00011835748792269744,0.0,0.0,True,False,True,False,2.310447999999846,951.50352326928,0.0,0.0,0.0,0.0,953.8139712692798
2026-03-14T07:15:00Z,2026-03-14T07:30:00Z,2026-03-14,2026-03-14_34,-1.1564385201187184,0,0,93,60.54347826086959,60.809459120496896,0.000738835721186959,0.0,0.0,True,False,True,False,-2.4400852774504957,951.50352326928,0.0,0.0,0.0,0.0,949.0634379918295
2026-03-14T07:30:00Z,2026-03-14T07:45:00Z,2026-03-14,2026-03-14_35,-7.0,0,0,93,60.809459120496896,62.419459120496896,0.004472222222222223,0.0,0.0,True,False,True,False,-8.7325,951.50352326928,0.0,0.0,0.0,0.0,942.77102326928
2026-03-14T07:45:00Z,2026-03-14T08:00:00Z,2026-03-14,2026-03-14_36,-7.0,0,0,93,62.419459120496896,64.0294591204969,0.004472222222222223,0.0,0.0,True,False,True,False,-2.73,951.50352326928,0.0,0.0,0.0,0.0,948.77352326928
2026-03-14T08:00:00Z,2026-03-14T08:15:00Z,2026-03-14,2026-03-14_37,-7.0,0,0,93,64.0294591204969,65.6394591204969,0.004472222222222223,0.0,0.0,True,False,True,False,-2.5549999999999997,951.50352326928,0.0,0.0,0.0,0.0,948.94852326928
2026-03-14T08:15:00Z,2026-03-14T08:30:00Z,2026-03-14,2026-03-14_38,-7.0,0,0,93,65.6394591204969,67.2494591204969,0.004472222222222223,0.0,0.0,True,False,True,False,-0.0,951.50352326928,0.0,0.0,0.0,0.0,951.50352326928
2026-03-14T08:30:00Z,2026-03-14T08:45:00Z,2026-03-14,2026-03-14_39,-7.0,0,0,93,67.2494591204969,68.8594591204969,0.004472222222222223,0.0,0.0,True,False,True,False,-0.0,951.50352326928,0.0,0.0,0.0,0.0,951.50352326928
2026-03-14T08:45:00Z,2026-03-14T09:00:00Z,2026-03-14,2026-03-14_40,-7.0,0,0,93,68.8594591204969,70.4694591204969,0.004472222222222223,0.0,0.0,True,False,True,False,0.3325,951.50352326928,0.0,0.0,0.0,0.0,951.83602326928
2026-03-14T09:00:00Z,2026-03-14T09:15:00Z,2026-03-14,2026-03-14_41,0.0,7,7,93,70.4694591204969,71.2110895204969,0.0020600844444444446,0.0,0.80612,True,True,True,False,0.0,951.50352326928,5.896421771645043,5.966494592419574,0.0,7.134305195595423,970.50074482894
2026-03-14T09:15:00Z,2026-03-14T09:30:00Z,2026-03-14,2026-03-14_42,0.0,7,7,93,71.2110895204969,72.5241871204969,0.0036474933333333335,0.0,1.42728,True,True,True,False,0.0,951.50352326928,5.896421771645043,5.966494592419574,0.0,66.66868667438712,1030.0351263077316
2026-03-14T09:30:00Z,2026-03-14T09:45:00Z,2026-03-14,2026-03-14_43,0.0,7,7,93,72.5241871204969,72.66278628571429,0.0003912778743961353,0.0010400000000000001,0.15188000000000001,True,True,True,False,0.0,951.50352326928,5.896421771645043,5.966494592419574,0.09186016841030877,-4.049874968104109,959.4084248336508
2026-03-14T09:45:00Z,2026-03-14T10:00:00Z,2026-03-14,2026-03-14_44,0.0,7,7,93,72.66278628571429,72.74905299875778,0.0002553302415458937,0.0026,0.09684,True,True,True,False,0.0,951.50352326928,5.896421771645043,5.966494592419574,0.22965042102577188,-5.209006245706322,958.3870838086641
2026-03-14T10:00:00Z,2026-03-14T10:15:00Z,2026-03-14,2026-03-14_45,-77.99999999999997,78,0,22,72.74905299875778,88.68059311304349,0.04425427809523809,2.183108571428571,0.0,True,True,True,False,52.649999999999984,225.08685496692644,65.70298545547332,0.0,291.08442806838474,0.0,634.5242684907845
2026-03-14T10:15:00Z,2026-03-14T10:30:00Z,2026-03-14,2026-03-14_46,-77.99999999999997,78,0,22,88.68059311304349,102.87759151304348,0.039436106666666665,4.06848,0.0,True,True,True,False,54.59999999999998,225.08685496692644,65.70298545547332,0.0,565.3483847920389,0.0,910.7382252144387
2026-03-14T10:30:00Z,2026-03-14T10:45:00Z,2026-03-14,2026-03-14_47,-77.99999999999997,78,0,22,102.87759151304348,113.50258214161491,0.029513862857142862,7.951097142857142,0.0,True,True,True,False,76.43999999999997,225.08685496692644,65.70298545547332,0.0,1151.300825050122,0.0,1518.5306654725218
2026-03-14T10:45:00Z,2026-03-14T11:00:00Z,2026-03-14,2026-03-14_48,-77.99999999999997,78,0,22,113.50258214161491,130.33009711304348,0.04674309714285712,1.2092228571428572,0.0,True,True,True,False,76.63499999999998,225.08685496692644,65.70298545547332,0.0,160.02437604345135,0.0,527.4492164658511
2026-03-14T11:00:00Z,2026-03-14T11:15:00Z,2026-03-14,2026-03-14_49,0.0,7,7,93,130.33009711304348,130.8625931130435,0.0014791555555555558,0.0,0.5788000000000001,True,True,True,False,0.0,951.50352326928,5.896421771645043,5.964433627102676,0.0,4.977745892790548,968.3421245608182
2026-03-14T11:15:00Z,2026-03-14T11:30:00Z,2026-03-14,2026-03-14_50,0.0,7,7,93,130.8625931130435,131.05885106086959,0.0005490257004830919,0.00064,0.21408000000000002,True,True,True,False,0.0,951.50352326928,5.896421771645043,5.964433627102676,0.043967260093823,-3.9699786523249654,959.4383672757965
2026-03-14T11:30:00Z,2026-03-14T11:45:00Z,2026-03-14,2026-03-14_51,0.0,7,7,93,131.05885106086959,131.25759520000003,0.0005658351690821256,0.00228,0.21872,True,True,True,False,0.0,951.50352326928,5.896421771645043,5.964433627102676,0.15663336408424441,0.3522908748307064,963.8733029069426
2026-03-14T11:45:00Z,2026-03-14T12:00:00Z,2026-03-14,2026-03-14_52,0.0,7,7,93,131.25759520000003,132.28166560000003,0.0028446400000000003,0.0,1.1131199999999999,True,True,True,False,0.0,951.50352326928,5.896421771645043,5.964433627102676,0.0,44.873503460458906,1008.2378821284866
2026-03-14T12:00:00Z,2026-03-14T12:15:00Z,2026-03-14,2026-03-14_53,-7.0,7,0,93,132.28166560000003,133.89166560000004,0.004472222222222222,0.0,0.0,True,True,True,False,11.025,951.50352326928,5.624374349814513,0.0,0.0,0.0,968.1528976190945
2026-03-14T12:15:00Z,2026-03-14T12:30:00Z,2026-03-14,2026-03-14_54,-7.0,7,0,93,133.89166560000004,135.50063520000003,0.00446936,0.0011200000000000001,0.0,True,True,True,False,8.75,951.50352326928,5.624374349814513,0.0,0.07694270516419026,0.0,965.9548403242587
2026-03-14T12:30:00Z,2026-03-14T12:45:00Z,2026-03-14,2026-03-14_55,-7.0,7,0,93,135.50063520000003,137.10621920000003,0.004459955555555555,0.0048,0.0,True,True,True,False,4.7425,951.50352326928,5.624374349814513,0.0,0.2826466720317192,0.0,962.1530442911262
2026-03-14T12:45:00Z,2026-03-14T13:00:00Z,2026-03-14,2026-03-14_56,-7.0,7,0,93,137.10621920000003,138.64652,0.004278613333333334,0.07576,0.0,True,True,True,False,3.4299999999999997,951.50352326928,5.624374349814513,0.0,7.1459939309478475,0.0,967.7038915500424
2026-03-14T13:00:00Z,2026-03-14T13:15:00Z,2026-03-14,2026-03-14_57,-7.0,7,0,93,138.64652,140.2518832,0.004459342222222223,0.00504,0.0,True,True,True,False,3.6750000000000003,951.50352326928,5.111193985906923,0.0,0.34624217323885614,0.0,960.6359594284257
2026-03-14T13:15:00Z,2026-03-14T13:30:00Z,2026-03-14,2026-03-14_58,-7.0,7,0,93,140.2518832,141.7151984,0.004064764444444444,0.15944,0.0,True,True,True,False,0.6825,951.50352326928,5.111193985906923,0.0,20.065711928082123,0.0,977.362929183269
2026-03-14T13:30:00Z,2026-03-14T13:45:00Z,2026-03-14,2026-03-14_59,-7.0,7,0,93,141.7151984,143.072824,0.003771182222222222,0.27432,0.0,True,True,True,False,0.0175,951.50352326928,5.111193985906923,0.0,35.443638714742775,0.0,992.0758559699296
2026-03-14T13:45:00Z,2026-03-14T14:00:00Z,2026-03-14,2026-03-14_60,-7.0,7,0,93,143.072824,144.0,0.002575488888888889,0.7422,0.0,True,True,True,False,-0.0,951.50352326928,5.111193985906923,0.0,132.72672263332484,0.0,1089.3414398885118
2026-03-14T14:00:00Z,2026-03-14T14:15:00Z,2026-03-14,2026-03-14_61,-100.0,0,0,0,144.0,167.0,0.06388888888888888,0.0,0.0,True,False,True,False,-0.25,0.0,0.0,0.0,0.0,0.0,-0.25
2026-03-14T14:15:00Z,2026-03-14T14:30:00Z,2026-03-14,2026-03-14_62,-100.0,0,0,0,167.0,190.0,0.06388888888888888,0.0,0.0,True,False,True,False,-62.25000000000001,0.0,0.0,0.0,0.0,0.0,-62.25000000000001
2026-03-14T14:30:00Z,2026-03-14T14:45:00Z,2026-03-14,2026-03-14_63,0.0,0,0,0,190.0,190.0,0.0,0.0,0.0,True,False,True,False,0.0,0.0,0.0,0.0,0.0,0.0,0.0
2026-03-14T14:45:00Z,2026-03-14T15:00:00Z,2026-03-14,2026-03-14_64,81.91991222857136,0,0,0,190.0,167.7391542857143,0.06183568253968249,0.0,0.0,True,False,True,False,2478.691744255998,0.0,0.0,0.0,0.0,0.0,2478.691744255998
2026-03-14T15:00:00Z,2026-03-14T15:15:00Z,2026-03-14,2026-03-14_65,-99.9999999999999,100,0,0,167.7391542857143,190.0,0.06183568253968248,0.8034285714285714,0.0,True,True,True,False,-1548.9999999999984,0.0,105.75696311853496,0.0,164.7445685011595,0.0,-1278.4984683803038
2026-03-14T15:15:00Z,2026-03-14T15:30:00Z,2026-03-14,2026-03-14_66,-10.57481159459148,100,0,0,190.0,184.9782608695652,0.0236938534629944,6.970857142857143,0.0,True,True,True,False,-325.0168343597691,0.0,105.75696311853496,0.0,5740.7218990042875,0.0,5521.462027763053
2026-03-14T15:30:00Z,2026-03-14T15:45:00Z,2026-03-14,2026-03-14_67,0.0,100,0,0,184.9782608695652,165.8757763975155,0.05306245686680469,17.574285714285715,0.0,True,True,True,False,0.0,0.0,105.75696311853496,0.0,13612.456606164953,0.0,13718.213569283487
2026-03-14T15:45:00Z,2026-03-14T16:00:00Z,2026-03-14,2026-03-14_68,0.0,100,0,0,165.8757763975155,143.99999999999997,0.06076604554865424,20.125714285714285,0.0,True,True,True,False,0.0,0.0,105.75696311853496,0.0,17278.39205000154,0.0,17384.149013120077
2026-03-14T16:00:00Z,2026-03-14T16:15:00Z,2026-03-14,2026-03-14_69,0.0,0,0,100,143.99999999999997,143.99999999999997,0.0,0.0,0.0,True,False,True,False,0.0,1023.1220680314839,0.0,0.0,0.0,0.0,1023.1220680314839
2026-03-14T16:15:00Z,2026-03-14T16:30:00Z,2026-03-14,2026-03-14_70,0.0,0,0,100,143.99999999999997,143.99999999999997,0.0,0.0,0.0,True,False,True,False,0.0,1023.1220680314839,0.0,0.0,0.0,0.0,1023.1220680314839
2026-03-14T16:30:00Z,2026-03-14T16:45:00Z,2026-03-14,2026-03-14_71,0.0,0,0,100,143.99999999999997,143.99999999999997,0.0,0.0,0.0,True,False,True,False,0.0,1023.1220680314839,0.0,0.0,0.0,0.0,1023.1220680314839
2026-03-14T16:45:00Z,2026-03-14T17:00:00Z,2026-03-14,2026-03-14_72,0.0,0,0,100,143.99999999999997,143.99999999999997,0.0,0.0,0.0,True,False,True,False,0.0,1023.1220680314839,0.0,0.0,0.0,0.0,1023.1220680314839
2026-03-14T17:00:00Z,2026-03-14T17:15:00Z,2026-03-14,2026-03-14_73,0.0,100,100,0,143.99999999999997,132.13167701863352,0.03296756383712905,10.918857142857142,0.0,True,True,True,False,0.0,0.0,106.90521522366382,60.47461087011993,7592.121600430699,0.0,7759.501426524483
2026-03-14T17:15:00Z,2026-03-14T17:30:00Z,2026-03-14,2026-03-14_74,0.0,100,100,0,132.13167701863352,125.07845366459627,0.019624414078674948,6.494285714285715,0.006285714285714285,True,True,True,False,0.0,0.0,106.90521522366382,60.47461087011993,2533.4712465895936,-0.3999676975231964,2700.4511049858543
2026-03-14T17:30:00Z,2026-03-14T17:45:00Z,2026-03-14,2026-03-14_75,0.0,100,100,0,125.07845366459627,126.51088695652174,0.004079050379572119,0.01657142857142857,1.5765714285714285,True,True,True,False,0.0,0.0,106.90521522366382,60.47461087011993,2.35662192362371,-79.74114903723478,89.99529898017268
2026-03-14T17:45:00Z,2026-03-14T18:00:00Z,2026-03-14,2026-03-14_76,0.0,100,100,0,126.51088695652174,127.14542409937889,0.0017626031746031748,0.0,0.6897142857142857,True,True,True,False,0.0,0.0,106.90521522366382,60.47461087011993,0.0,-37.500870540533725,129.87895555325002
2026-03-14T18:00:00Z,2026-03-14T18:15:00Z,2026-03-14,2026-03-14_77,100.0,0,100,0,127.14542409937889,103.11685267080745,0.06674603174603173,0.0,2.893714285714286,True,True,True,False,4587.0,0.0,0.0,64.5376567805759,0.0,-147.4637299826991,4504.073926797877
2026-03-14T18:15:00Z,2026-03-14T18:30:00Z,2026-03-14,2026-03-14_78,100.0,0,100,0,103.11685267080745,90.85349863354037,0.034064872325741895,0.0,13.717714285714285,True,True,True,False,4458.5,0.0,0.0,64.5376567805759,0.0,19.065918475502553,4542.103575256078
2026-03-14T18:30:00Z,2026-03-14T18:45:00Z,2026-03-14,2026-03-14_79,100.0,0,100,0,90.85349863354037,71.32741167701863,0.0542391304347826,0.0,7.0360000000000005,True,True,True,False,4137.75,0.0,0.0,64.5376567805759,0.0,-288.34797730975333,3913.9396794708227
2026-03-14T18:45:00Z,2026-03-14T19:00:00Z,2026-03-14,2026-03-14_80,65.95887979295532,0,100,0,71.32741167701863,64.3478260869565,0.03787221731646543,0.0,10.623999999999999,True,True,True,False,2506.6023293317844,0.0,0.0,64.5376567805759,0.0,-27.74705949319881,2543.3929266191617
2026-03-14T19:00:00Z,2026-03-14T19:15:00Z,2026-03-14,2026-03-14_81,0.0,0,0,100,64.3478260869565,64.3478260869565,0.0,0.0,0.0,True,True,True,False,0.0,1023.1220680314839,0.0,0.0,0.0,0.0,1023.1220680314839
2026-03-14T19:15:00Z,2026-03-14T19:30:00Z,2026-03-14,2026-03-14_82,0.0,0,0,100,64.3478260869565,64.3478260869565,0.0,0.0,0.0,True,True,True,False,0.0,1023.1220680314839,0.0,0.0,0.0,0.0,1023.1220680314839
2026-03-14T19:30:00Z,2026-03-14T19:45:00Z,2026-03-14,2026-03-14_83,0.0,0,0,100,64.3478260869565,64.3478260869565,0.0,0.0,0.0,True,True,True,False,0.0,1023.1220680314839,0.0,0.0,0.0,0.0,1023.1220680314839
2026-03-14T19:45:00Z,2026-03-14T20:00:00Z,2026-03-14,2026-03-14_84,0.0,0,0,100,64.3478260869565,64.3478260869565,0.0,0.0,0.0,True,True,True,False,0.0,1023.1220680314839,0.0,0.0,0.0,0.0,1023.1220680314839
2026-03-14T20:00:00Z,2026-03-14T20:15:00Z,2026-03-14,2026-03-14_85,0.0,0,0,100,64.3478260869565,64.3478260869565,0.0,0.0,0.0,True,True,True,False,0.0,1023.1220680314839,0.0,0.0,0.0,0.0,1023.1220680314839
2026-03-14T20:15:00Z,2026-03-14T20:30:00Z,2026-03-14,2026-03-14_86,0.0,0,0,100,64.3478260869565,64.3478260869565,0.0,0.0,0.0,True,True,True,False,0.0,1023.1220680314839,0.0,0.0,0.0,0.0,1023.1220680314839
2026-03-14T20:30:00Z,2026-03-14T20:45:00Z,2026-03-14,2026-03-14_87,0.0,0,0,100,64.3478260869565,64.3478260869565,0.0,0.0,0.0,True,True,True,False,0.0,1023.1220680314839,0.0,0.0,0.0,0.0,1023.1220680314839
2026-03-14T20:45:00Z,2026-03-14T21:00:00Z,2026-03-14,2026-03-14_88,0.0,0,0,100,64.3478260869565,64.3478260869565,0.0,0.0,0.0,True,True,True,False,0.0,1023.1220680314839,0.0,0.0,0.0,0.0,1023.1220680314839
2026-03-14T21:00:00Z,2026-03-14T21:15:00Z,2026-03-14,2026-03-14_89,39.000000000000014,61,100,0,64.3478260869565,47.742068322981346,0.04612710489993099,5.527297142857142,0.0,True,True,True,False,1360.4175000000005,0.0,64.51174750230633,64.5376567805759,1706.39391775094,0.0,3195.860822033823
2026-03-14T21:15:00Z,2026-03-14T21:30:00Z,2026-03-14,2026-03-14_90,39.000000000000014,61,100,0,47.742068322981346,35.925378881987555,0.032824137336093864,1.1213542857142857,0.0,True,True,True,False,1296.6525000000006,0.0,64.51174750230633,64.5376567805759,192.2228875329825,0.0,1617.9247918158653
2026-03-14T21:30:00Z,2026-03-14T21:45:00Z,2026-03-14,2026-03-14_91,39.000000000000014,61,100,0,35.925378881987555,24.359509316770158,0.03212741545893721,0.8906000000000001,0.0,True,True,True,False,1363.1475000000005,0.0,64.51174750230633,64.5376567805759,151.35864733939195,0.0,1643.5555516222746
2026-03-14T21:45:00Z,2026-03-14T22:00:00Z,2026-03-14,2026-03-14_92,39.000000000000014,61,100,0,24.359509316770158,10.330484740372636,0.03898376541062803,3.1608457142857143,0.004571428571428572,True,True,True,False,1254.0450000000005,0.0,64.51174750230633,64.5376567805759,677.5837710561958,-0.3589164089291673,2060.3192589301493
2026-03-14T22:00:00Z,2026-03-14T22:15:00Z,2026-03-15,2026-03-14_93,0.0,100,100,0,10.330484740372636,10.82508647950307,0.001377344375431332,0.0005714285714285715,0.5382857142857143,True,True,True,False,0.0,0.0,104.22596031169647,62.97721161206746,0.07851296445325535,-30.236427884440133,137.04525700377704
2026-03-14T22:15:00Z,2026-03-14T22:30:00Z,2026-03-15,2026-03-14_94,0.0,100,100,0,10.82508647950307,14.373132193788786,0.009855682539682541,0.0,3.8565714285714288,True,True,True,False,0.0,0.0,104.22596031169647,62.97721161206746,0.0,-175.6618438769702,-8.458671953206284
2026-03-14T22:30:00Z,2026-03-14T22:45:00Z,2026-03-15,2026-03-14_95,-3.3571183707536215e-13,100,100,0,14.373132193788786,15.149612193788863,0.002156888888889104,0.0,0.8440000000000001,True,True,True,False,-1.0688225612886841e-11,0.0,104.22596031169647,62.97721161206746,0.0,-45.07705811922194,122.1261138045313
2026-03-14T22:45:00Z,2026-03-14T23:00:00Z,2026-03-15,2026-03-14_96,0.0,100,100,0,15.149612193788863,18.892172193788863,0.010396,0.0,4.0680000000000005,True,True,True,False,0.0,0.0,104.22596031169647,62.97721161206746,0.0,-39.57251261114492,127.630659312619
2026-03-14T23:00:00Z,2026-03-14T23:15:00Z,2026-03-15,2026-03-15_1,0.0,100,27,0,18.892172193788863,15.210781505590106,0.011971982387853691,3.676,0.3415885714285714,True,True,True,False,0.0,0.0,104.22596031169647,16.956150509352856,752.6943168390682,4.941626097709384,878.8180537578269
2026-03-14T23:15:00Z,2026-03-14T23:30:00Z,2026-03-15,2026-03-15_2,-72.65824027608224,100,27,0,15.210781505590106,15.282667567701939,0.028650020444263034,17.231428571428573,0.0,True,True,True,False,-2423.1523132073426,0.0,104.22596031169647,16.956150509352856,7298.235656662809,0.0,4996.265454276516
2026-03-14T23:30:00Z,2026-03-14T23:45:00Z,2026-03-15,2026-03-15_3,-73.0,100,27,0,15.282667567701939,22.651849321739206,0.03638578782608696,9.761714285714284,0.0,True,True,True,False,-2288.0025,0.0,104.22596031169647,16.956150509352856,3744.6799756609803,0.0,1577.8595864820295
2026-03-14T23:45:00Z,2026-03-15T00:00:00Z,2026-03-15,2026-03-15_4,-73.0,100,27,0,22.651849321739206,38.24854260869573,0.045344955472739826,1.2394285714285715,0.003085714285714286,True,True,True,False,-2134.885,0.0,104.22596031169647,16.956150509352856,189.07057485510154,-0.2170120769763536,-1824.8493264008257
2026-03-15T00:00:00Z,2026-03-15T00:15:00Z,2026-03-15,2026-03-15_5,-100.0,100,0,0,38.24854260869573,51.04022260869573,0.03553244444444445,11.095999999999998,0.0,True,True,True,False,-3165.0,0.0,104.22596031169647,0.0,3012.415790527411,0.0,-48.35824916089254
2026-03-15T00:15:00Z,2026-03-15T00:30:00Z,2026-03-15,2026-03-15_6,-100.0,100,0,0,51.04022260869573,60.29331975155287,0.025703047619047622,14.942285714285713,0.0,True,True,True,False,-3239.25,0.0,104.22596031169647,0.0,5039.636119664974,0.0,1904.6120799766707
2026-03-15T00:30:00Z,2026-03-15T00:45:00Z,2026-03-15,2026-03-15_7,-100.0,100,0,0,60.29331975155287,73.12915975155288,0.03565511111111112,11.048,0.0,True,True,True,False,-3185.25,0.0,104.22596031169647,0.0,3096.2504123893455,0.0,15.226372701041925
2026-03-15T00:45:00Z,2026-03-15T01:00:00Z,2026-03-15,2026-03-15_8,-100.0,100,0,0,73.12915975155288,88.55624546583859,0.04285301587301587,8.231428571428571,0.0,True,True,True,False,-3076.0,0.0,104.22596031169647,0.0,1839.4909000670164,0.0,-1132.283139621287
2026-03-15T01:00:00Z,2026-03-15T01:15:00Z,2026-03-15,2026-03-15_9,0.0,100,100,0,88.55624546583859,72.31152496894418,0.04512422360248447,14.945142857142857,0.0,True,True,True,False,0.0,0.0,104.22596031169647,64.47877205723596,4844.919796651423,0.0,5013.624529020355
2026-03-15T01:15:00Z,2026-03-15T01:30:00Z,2026-03-15,2026-03-15_10,0.0,100,100,0,72.31152496894418,60.630779627329275,0.032446514837819185,10.746285714285715,0.0,True,True,True,False,0.0,0.0,104.22596031169647,64.47877205723596,2939.2663916843558,0.0,3107.9711240532883
2026-03-15T01:30:00Z,2026-03-15T01:45:00Z,2026-03-15,2026-03-15_11,0.0,100,100,0,60.630779627329275,60.56487950310568,0.0008314368530020703,0.16799999999999998,0.12685714285714286,True,True,True,False,0.0,0.0,104.22596031169647,64.47877205723596,24.403049443539363,-6.748301007489576,186.3594808049822
2026-03-15T01:45:00Z,2026-03-15T02:00:00Z,2026-03-15,2026-03-15_12,0.0,100,100,0,60.56487950310568,64.34782608695662,0.010549592822636301,0.006857142857142857,4.12,True,True,True,False,0.0,0.0,104.22596031169647,64.47877205723596,0.9421555734390642,1.3771880581781069,171.0240760005496
2026-03-15T02:00:00Z,2026-03-15T02:15:00Z,2026-03-15,2026-03-15_13,0.0,0,0,100,64.34782608695662,64.34782608695662,0.0,0.0,0.0,True,True,True,False,0.0,1023.1220680314839,0.0,0.0,0.0,0.0,1023.1220680314839
2026-03-15T02:15:00Z,2026-03-15T02:30:00Z,2026-03-15,2026-03-15_14,0.0,0,0,100,64.34782608695662,64.34782608695662,0.0,0.0,0.0,True,True,True,False,0.0,1023.1220680314839,0.0,0.0,0.0,0.0,1023.1220680314839
2026-03-15T02:30:00Z,2026-03-15T02:45:00Z,2026-03-15,2026-03-15_15,0.0,0,0,100,64.34782608695662,64.34782608695662,0.0,0.0,0.0,True,True,True,False,0.0,1023.1220680314839,0.0,0.0,0.0,0.0,1023.1220680314839
2026-03-15T02:45:00Z,2026-03-15T03:00:00Z,2026-03-15,2026-03-15_16,0.0,0,0,100,64.34782608695662,64.34782608695662,0.0,0.0,0.0,True,True,True,False,0.0,1023.1220680314839,0.0,0.0,0.0,0.0,1023.1220680314839
2026-03-15T03:00:00Z,2026-03-15T03:15:00Z,2026-03-15,2026-03-15_17,0.0,0,0,100,64.34782608695662,64.34782608695662,0.0,0.0,0.0,True,True,True,False,0.0,1023.1220680314839,0.0,0.0,0.0,0.0,1023.1220680314839
2026-03-15T03:15:00Z,2026-03-15T03:30:00Z,2026-03-15,2026-03-15_18,0.0,0,0,100,64.34782608695662,64.34782608695662,0.0,0.0,0.0,True,True,True,False,0.0,1023.1220680314839,0.0,0.0,0.0,0.0,1023.1220680314839
2026-03-15T03:30:00Z,2026-03-15T03:45:00Z,2026-03-15,2026-03-15_19,0.0,0,0,100,64.34782608695662,64.34782608695662,0.0,0.0,0.0,True,True,True,False,0.0,1023.1220680314839,0.0,0.0,0.0,0.0,1023.1220680314839
2026-03-15T03:45:00Z,2026-03-15T04:00:00Z,2026-03-15,2026-03-15_20,0.0,0,0,100,64.34782608695662,64.34782608695662,0.0,0.0,0.0,True,True,True,False,0.0,1023.1220680314839,0.0,0.0,0.0,0.0,1023.1220680314839
2026-03-15T04:00:00Z,2026-03-15T04:15:00Z,2026-03-15,2026-03-15_21,0.0,43,100,0,64.34782608695662,64.5849252173914,0.0008425976535541755,0.030468571428571428,0.29371428571428576,True,True,True,False,0.0,0.0,44.84248336506566,64.09602135552633,4.277752263556806,-15.801490736872216,97.41476624727659
2026-03-15T04:15:00Z,2026-03-15T04:30:00Z,2026-03-15,2026-03-15_22,0.8550342005229477,43,100,0,64.5849252173914,68.64870523229823,0.012577772449695237,0.04005142857142857,4.709714285714287,True,True,True,False,26.0186907219133,0.0,44.84248336506566,64.09602135552633,5.944948940215182,94.11385994969565,235.01600433241612
2026-03-15T04:30:00Z,2026-03-15T04:45:00Z,2026-03-15,2026-03-15_23,57.0,43,100,0,68.64870523229823,64.20341217391314,0.0362573467494824,0.0,10.878857142857143,True,True,True,False,1812.315,0.0,44.84248336506566,64.09602135552633,0.0,363.635734614964,2284.889239335556
2026-03-15T04:45:00Z,2026-03-15T05:00:00Z,2026-03-15,2026-03-15_24,57.0,43,100,0,64.20341217391314,64.34782608695662,0.03344462801932367,0.0,15.4,True,True,True,False,1852.215,0.0,44.84248336506566,64.09602135552633,0.0,817.6203898168686,2778.7738945374604
2026-03-15T05:00:00Z,2026-03-15T05:15:00Z,2026-03-15,2026-03-15_25,0.0,0,0,100,64.34782608695662,64.34782608695662,0.0,0.0,0.0,True,True,True,False,0.0,1023.1220680314839,0.0,0.0,0.0,0.0,1023.1220680314839
2026-03-15T05:15:00Z,2026-03-15T05:30:00Z,2026-03-15,2026-03-15_26,0.0,0,0,100,64.34782608695662,64.34782608695662,0.0,0.0,0.0,True,True,True,False,0.0,1023.1220680314839,0.0,0.0,0.0,0.0,1023.1220680314839
2026-03-15T05:30:00Z,2026-03-15T05:45:00Z,2026-03-15,2026-03-15_27,0.0,0,0,100,64.34782608695662,64.34782608695662,0.0,0.0,0.0,True,True,True,False,0.0,1023.1220680314839,0.0,0.0,0.0,0.0,1023.1220680314839
2026-03-15T05:45:00Z,2026-03-15T06:00:00Z,2026-03-15,2026-03-15_28,0.0,0,0,100,64.34782608695662,64.34782608695662,0.0,0.0,0.0,True,True,True,False,0.0,1023.1220680314839,0.0,0.0,0.0,0.0,1023.1220680314839
2026-03-15T06:00:00Z,2026-03-15T06:15:00Z,2026-03-15,2026-03-15_29,0.0,100,0,0,64.34782608695662,45.88695652173922,0.05128019323671498,16.984,0.0,True,True,True,False,0.0,0.0,98.66135395607199,0.0,3670.2168308241908,0.0,3768.878184780263
2026-03-15T06:15:00Z,2026-03-15T06:30:00Z,2026-03-15,2026-03-15_30,0.0,100,0,0,45.88695652173922,36.13167701863363,0.027097998619737752,8.974857142857143,0.0,True,True,True,False,0.0,0.0,98.66135395607199,0.0,1651.4040139192273,0.0,1750.0653678752992
2026-03-15T06:30:00Z,2026-03-15T06:45:00Z,2026-03-15,2026-03-15_31,-1.4071607819772864,100,0,0,36.13167701863363,36.11754633540381,0.001814892248924164,0.31142857142857144,0.0,True,True,True,False,-32.111409044721675,0.0,98.66135395607199,0.0,42.728437676128415,0.0,109.27838258747873
2026-03-15T06:45:00Z,2026-03-15T07:00:00Z,2026-03-15,2026-03-15_32,-100.0,100,0,0,36.11754633540381,58.913043478260946,0.06332082539682539,0.22228571428571428,0.0,True,True,True,False,-275.0,0.0,98.66135395607199,0.0,30.50432612042207,0.0,-145.83431992350594
2026-03-15T07:00:00Z,2026-03-15T07:15:00Z,2026-03-15,2026-03-15_33,0.0,0,0,90,58.913043478260946,58.913043478260946,0.0,0.0,0.0,True,False,True,False,0.0,920.8098612283354,0.0,0.0,0.0,0.0,920.8098612283354
2026-03-15T07:15:00Z,2026-03-15T07:30:00Z,2026-03-15,2026-03-15_34,-9.468445779097964,0,0,90,58.913043478260946,61.090786007453474,0.006049284803312589,0.0,0.0,True,False,True,False,-26.0382258925194,920.8098612283354,0.0,0.0,0.0,0.0,894.771635335816
2026-03-15T07:30:00Z,2026-03-15T07:45:00Z,2026-03-15,2026-03-15_35,-10.0,0,0,90,61.090786007453474,63.39078600745347,0.006388888888888889,0.0,0.0,True,False,True,False,-21.075,920.8098612283354,0.0,0.0,0.0,0.0,899.7348612283354
2026-03-15T07:45:00Z,2026-03-15T08:00:00Z,2026-03-15,2026-03-15_36,-10.0,0,0,90,63.39078600745347,65.69078600745347,0.006388888888888889,0.0,0.0,True,False,True,False,-12.8,920.8098612283354,0.0,0.0,0.0,0.0,908.0098612283355
2026-03-15T08:00:00Z,2026-03-15T08:15:00Z,2026-03-15,2026-03-15_37,0.0,7,7,93,65.69078600745347,65.88344520745346,0.0005573866666666667,0.00368,0.21376,True,True,True,False,0.0,951.50352326928,5.391485269005045,5.972677488370269,0.35527995760299924,-7.591758965199129,955.6312070190592
2026-03-15T08:15:00Z,2026-03-15T08:30:00Z,2026-03-15,2026-03-15_38,0.0,7,7,93,65.88344520745346,66.21890030310564,0.0009895491787439614,0.009559999999999999,0.37592,True,True,True,False,0.0,951.50352326928,5.391485269005045,5.972677488370269,0.9229555420338783,5.851194394174339,969.6418359628635
2026-03-15T08:30:00Z,2026-03-15T08:45:00Z,2026-03-15,2026-03-15_39,0.0,7,7,93,66.21890030310564,66.85307470310565,0.0017615955555555557,0.0,0.68932,True,True,True,False,0.0,951.50352326928,5.391485269005045,5.972677488370269,0.0,6.388255206390957,969.2559412330462
2026-03-15T08:45:00Z,2026-03-15T09:00:00Z,2026-03-15,2026-03-15_40,0.0,7,7,93,66.85307470310565,67.39624270310564,0.0015088,0.0,0.5903999999999999,True,True,True,False,0.0,951.50352326928,5.391485269005045,5.972677488370269,0.0,11.888887824602037,974.7565738512574
2026-03-15T09:00:00Z,2026-03-15T09:15:00Z,2026-03-15,2026-03-15_41,0.0,7,7,93,67.39624270310564,67.7534837465839,0.0009928193236714976,8e-05,0.3884,True,True,True,False,0.0,951.50352326928,5.937641077983002,5.966494592419574,0.007172630380591596,0.5580481677036923,963.9728797377668
2026-03-15T09:15:00Z,2026-03-15T09:30:00Z,2026-03-15,2026-03-15_42,0.0,7,7,93,67.7534837465839,68.0447557465839,0.0008090888888888889,0.0,0.3166,True,True,True,False,0.0,951.50352326928,5.937641077983002,5.966494592419574,0.0,-1.1367821068954012,962.2708768327872
2026-03-15T09:30:00Z,2026-03-15T09:45:00Z,2026-03-15,2026-03-15_43,0.0,7,7,93,68.0447557465839,68.4484885465839,0.0011214800000000002,0.0,0.43884000000000006,True,True,True,False,0.0,951.50352326928,5.937641077983002,5.966494592419574,0.0,-0.6167378648399319,962.7909210748426
2026-03-15T09:45:00Z,2026-03-15T10:00:00Z,2026-03-15,2026-03-15_44,0.0,7,7,93,68.4484885465839,69.8154245465839,0.003797044444444445,0.0,1.4858,True,True,True,False,0.0,951.50352326928,5.937641077983002,5.966494592419574,0.0,103.96283781184368,1067.3704967515262
2026-03-15T10:00:00Z,2026-03-15T10:15:00Z,2026-03-15,2026-03-15_45,-7.0,0,0,93,69.8154245465839,71.4254245465839,0.004472222222222223,0.0,0.0,True,False,True,False,-0.0175,951.50352326928,0.0,0.0,0.0,0.0,951.4860232692799
2026-03-15T10:15:00Z,2026-03-15T10:30:00Z,2026-03-15,2026-03-15_46,-7.0,0,0,93,71.4254245465839,73.0354245465839,0.004472222222222223,0.0,0.0,True,False,True,False,-0.0175,951.50352326928,0.0,0.0,0.0,0.0,951.4860232692799
2026-03-15T10:30:00Z,2026-03-15T10:45:00Z,2026-03-15,2026-03-15_47,-7.0,0,0,93,73.0354245465839,74.6454245465839,0.004472222222222223,0.0,0.0,True,False,True,False,-0.0175,951.50352326928,0.0,0.0,0.0,0.0,951.4860232692799
2026-03-15T10:45:00Z,2026-03-15T11:00:00Z,2026-03-15,2026-03-15_48,-7.0,0,0,93,74.6454245465839,76.2554245465839,0.004472222222222223,0.0,0.0,True,False,True,False,-0.0,951.50352326928,0.0,0.0,0.0,0.0,951.50352326928
2026-03-15T11:00:00Z,2026-03-15T11:15:00Z,2026-03-15,2026-03-15_49,-21.0,21,0,79,76.2554245465839,78.6546373465839,0.006664480000000001,2.6421599999999996,0.0,True,True,True,False,-0.0,808.2664337448722,17.812923233949004,0.0,496.7905950262037,0.0,1322.869952005025
2026-03-15T11:15:00Z,2026-03-15T11:30:00Z,2026-03-15,2026-03-15_50,-21.0,21,0,79,78.6546373465839,83.4584725465839,0.013343986666666667,0.028439999999999997,0.0,True,True,True,False,-0.0,808.2664337448722,17.812923233949004,0.0,3.4398237776512848,0.0,829.5191807564725
2026-03-15T11:30:00Z,2026-03-15T11:45:00Z,2026-03-15,2026-03-15_51,-21.0,21,0,79,83.4584725465839,88.28847254658392,0.013416666666666667,0.0,0.0,True,True,True,False,-0.0,808.2664337448722,17.812923233949004,0.0,0.0,0.0,826.0793569788212
2026-03-15T11:45:00Z,2026-03-15T12:00:00Z,2026-03-15,2026-03-15_52,-21.0,21,0,79,88.28847254658392,93.11847254658392,0.013416666666666667,0.0,0.0,True,True,True,False,-0.0,808.2664337448722,17.812923233949004,0.0,0.0,0.0,826.0793569788212
2026-03-15T12:00:00Z,2026-03-15T12:15:00Z,2026-03-15,2026-03-15_53,0.0,100,100,0,93.11847254658392,108.84679254658391,0.04368977777777778,0.0,17.096,True,True,True,False,0.0,0.0,80.11266610399043,85.23563703456534,0.0,1030.521658978939,1195.8699621174949
2026-03-15T12:15:00Z,2026-03-15T12:30:00Z,2026-03-15,2026-03-15_54,0.0,100,100,0,108.84679254658391,116.89496447204975,0.022583776397515534,0.037714285714285714,8.79257142857143,True,True,True,False,0.0,0.0,80.11266610399043,85.23563703456534,0.8216942536922124,524.9154960477136,691.0854934399616
2026-03-15T12:30:00Z,2026-03-15T12:45:00Z,2026-03-15,2026-03-15_55,0.0,100,100,0,116.89496447204975,107.26501068322987,0.026811204968944097,8.869714285714286,0.012,True,True,True,False,0.0,0.0,80.11266610399043,85.23563703456534,1581.3916961323955,-0.9421555734390642,1745.7978436975122
2026-03-15T12:45:00Z,2026-03-15T13:00:00Z,2026-03-15,2026-03-15_56,0.0,100,100,0,107.26501068322987,92.36066285714293,0.041400966183574875,13.712,0.0,True,True,True,False,0.0,0.0,80.11266610399043,85.23563703456534,2244.7529330480697,0.0,2410.1012361866256
2026-03-15T13:00:00Z,2026-03-15T13:15:00Z,2026-03-15,2026-03-15_57,-100.0,100,0,0,92.36066285714293,112.88034285714292,0.05699911111111111,2.696,0.0,True,True,True,False,-0.25,0.0,68.83624158439163,0.0,363.65969183661457,0.0,432.2459334210062
2026-03-15T13:15:00Z,2026-03-15T13:30:00Z,2026-03-15,2026-03-15_58,-100.0,100,0,0,112.88034285714292,125.91648000000006,0.036211492063492064,10.830285714285715,0.0,True,True,True,False,-0.25,0.0,68.83624158439163,0.0,1801.84262939918,0.0,1870.4288709835716
2026-03-15T13:30:00Z,2026-03-15T13:45:00Z,2026-03-15,2026-03-15_59,-100.0,100,0,0,125.91648000000006,142.4265371428572,0.04586126984126985,7.054285714285714,0.0,True,True,True,False,-0.5,0.0,68.83624158439163,0.0,1015.3203368206175,0.0,1083.6565784050092
2026-03-15T13:45:00Z,2026-03-15T14:00:00Z,2026-03-15,2026-03-15_60,-100.0,100,0,0,142.4265371428572,154.75664000000006,0.03425028571428572,11.597714285714284,0.0,True,True,True,False,-127.75000000000001,0.0,68.83624158439163,0.0,2182.791038530237,0.0,2123.877280114629
2026-03-15T14:00:00Z,2026-03-15T14:15:00Z,2026-03-15,2026-03-15_61,-100.0,100,0,0,154.75664000000006,176.96018285714294,0.061676507936507946,0.8657142857142857,0.0,True,True,True,False,-0.25,0.0,77.90448897874263,0.0,117.72317506428249,0.0,195.3776640430251
2026-03-15T14:15:00Z,2026-03-15T14:30:00Z,2026-03-15,2026-03-15_62,-100.0,100,0,0,176.96018285714294,190.00000000000009,0.03622171428571429,10.826285714285715,0.0,True,True,True,False,-0.5,0.0,77.90448897874263,0.0,2104.8749989484872,0.0,2182.27948792723
2026-03-15T14:30:00Z,2026-03-15T14:45:00Z,2026-03-15,2026-03-15_63,-53.84830751930663,100,0,0,190.00000000000009,190.0000000000001,0.034618546968437365,12.421714285714286,0.0,True,True,True,False,-310.30087208000447,0.0,77.90448897874263,0.0,2700.9737312445145,0.0,2468.5773481432525
2026-03-15T14:45:00Z,2026-03-15T15:00:00Z,2026-03-15,2026-03-15_64,0.0,100,0,0,190.0000000000001,175.09565217391315,0.041400966183574875,13.712,0.0,True,True,True,False,0.0,0.0,77.90448897874263,0.0,3055.1192949535794,0.0,3133.023783932322
2026-03-15T15:00:00Z,2026-03-15T15:15:00Z,2026-03-15,2026-03-15_65,0.0,59,72,28,175.09565217391315,176.02236856645973,0.00604539922705314,0.5748285714285715,1.6864457142857143,True,True,True,False,0.0,286.4741790488155,62.396608239935624,45.74636386833375,104.348868527237,-25.237267690513114,473.7287519938087
2026-03-15T15:15:00Z,2026-03-15T15:30:00Z,2026-03-15,2026-03-15_66,11.278452868334512,59,72,28,176.02236856645973,174.20797927950323,0.01094025406130735,0.04113142857142857,1.3688228571428571,True,True,True,False,261.88567560272736,286.4741790488155,62.396608239935624,45.74636386833375,5.965029984661931,-59.59391576568367,602.8739409787904
2026-03-15T15:30:00Z,2026-03-15T15:45:00Z,2026-03-15,2026-03-15_67,13.0,59,72,28,174.20797927950323,174.30581462857157,0.01573135768115942,0.0,3.820937142857143,True,True,True,False,350.805,286.4741790488155,62.396608239935624,45.74636386833375,0.0,-16.71936556140976,728.7027855956751
2026-03-15T15:45:00Z,2026-03-15T16:00:00Z,2026-03-15,2026-03-15_68,13.0,59,72,28,174.30581462857157,174.21152173913057,0.015896287867494825,0.09979428571428571,3.7328914285714285,True,True,True,False,438.425,286.4741790488155,62.396608239935624,45.74636386833375,15.509709112831544,-27.645538793536144,820.9063214763803
2026-03-15T16:00:00Z,2026-03-15T16:15:00Z,2026-03-15,2026-03-15_69,13.838942524327866,34,100,0,174.21152173913057,185.2905622459629,0.038517852825722974,0.0,15.734857142857145,True,True,True,False,380.7093088442596,0.0,35.95736746030188,60.47461087011993,0.0,1271.5810377731484,1748.7223249478297
2026-03-15T16:15:00Z,2026-03-15T16:30:00Z,2026-03-15,2026-03-15_70,66.0,34,100,0,185.2905622459629,182.64087519006227,0.03314389896480331,0.0,14.837142857142856,True,True,True,False,2136.75,0.0,35.95736746030188,60.47461087011993,0.0,2925.3520919498974,5158.53407028032
2026-03-15T16:30:00Z,2026-03-15T16:45:00Z,2026-03-15,2026-03-15_71,66.0,34,100,0,182.64087519006227,164.19715527950328,0.051325898799171835,0.5191314285714286,0.053714285714285714,True,True,True,False,2410.815,0.0,35.95736746030188,60.47461087011993,105.86737187160888,-3.2974289808176005,2609.8169212212133
2026-03-15T16:45:00Z,2026-03-15T17:00:00Z,2026-03-15,2026-03-15_72,66.0,34,100,0,164.19715527950328,144.00000000000017,0.05610320910973085,2.0813828571428568,0.0,True,True,True,False,2693.46,0.0,35.95736746030188,60.47461087011993,556.3412549018727,0.0,3346.2332332322944
2026-03-15T17:00:00Z,2026-03-15T17:15:00Z,2026-03-15,2026-03-15_73,0.0,0,0,100,144.00000000000017,144.00000000000017,0.0,0.0,0.0,True,True,True,False,0.0,1023.1220680314839,0.0,0.0,0.0,0.0,1023.1220680314839
2026-03-15T17:15:00Z,2026-03-15T17:30:00Z,2026-03-15,2026-03-15_74,0.0,0,0,100,144.00000000000017,144.00000000000017,0.0,0.0,0.0,True,True,True,False,0.0,1023.1220680314839,0.0,0.0,0.0,0.0,1023.1220680314839
2026-03-15T17:30:00Z,2026-03-15T17:45:00Z,2026-03-15,2026-03-15_75,0.0,0,0,100,144.00000000000017,144.00000000000017,0.0,0.0,0.0,True,True,True,False,0.0,1023.1220680314839,0.0,0.0,0.0,0.0,1023.1220680314839
2026-03-15T17:45:00Z,2026-03-15T18:00:00Z,2026-03-15,2026-03-15_76,0.0,0,0,100,144.00000000000017,144.00000000000017,0.0,0.0,0.0,True,True,True,False,0.0,1023.1220680314839,0.0,0.0,0.0,0.0,1023.1220680314839
2026-03-15T18:00:00Z,2026-03-15T18:15:00Z,2026-03-15,2026-03-15_77,5.0,0,5,95,144.00000000000017,142.71068322981384,0.0035814354727398204,0.0,0.06382857142857143,True,True,True,False,197.41250000000002,971.9659646299096,0.0,3.2268828390287947,0.0,-2.815688550286152,1169.7896589186523
2026-03-15T18:15:00Z,2026-03-15T18:30:00Z,2026-03-15,2026-03-15_78,5.0,0,5,95,142.71068322981384,141.4700310559008,0.0034462560386473427,0.0,0.1086,True,True,True,False,192.39999999999998,971.9659646299096,0.0,3.2268828390287947,0.0,-3.6823003513455164,1163.9105471175928
2026-03-15T18:30:00Z,2026-03-15T18:45:00Z,2026-03-15,2026-03-15_79,5.0,0,5,95,141.4700310559008,140.45602484472067,0.0028166839199447896,0.0,0.3171142857142857,True,True,True,False,191.4125,971.9659646299096,0.0,3.2268828390287947,0.0,-4.303173695913681,1162.3021737730248
2026-03-15T18:45:00Z,2026-03-15T19:00:00Z,2026-03-15,2026-03-15_80,5.0,0,5,95,140.45602484472067,139.61798136645982,0.0023278985507246375,0.0,0.47900000000000004,True,True,True,False,178.6875,971.9659646299096,0.0,3.2268828390287947,0.0,0.6115013641627575,1154.4918488331011
2026-03-15T19:00:00Z,2026-03-15T19:15:00Z,2026-03-15,2026-03-15_81,100.0,0,100,0,139.61798136645982,119.42170807453435,0.0561007591442374,0.0,6.419428571428572,True,True,True,False,4100.75,0.0,0.0,64.5376567805759,0.0,-127.5393173297741,4037.7483394508017
2026-03-15T19:15:00Z,2026-03-15T19:30:00Z,2026-03-15,2026-03-15_82,100.0,0,100,0,119.42170807453435,107.60059006211199,0.032836438923395446,0.0,14.124571428571429,True,True,True,False,4091.5,0.0,0.0,64.5376567805759,0.0,175.14113703596735,4331.1787938165435
2026-03-15T19:30:00Z,2026-03-15T19:45:00Z,2026-03-15,2026-03-15_83,100.0,0,100,0,107.60059006211199,96.80866459627347,0.029977570738440304,0.0,15.071428571428571,True,True,True,False,3871.25,0.0,0.0,64.5376567805759,0.0,472.32112363268277,4408.1087804132585
2026-03-15T19:45:00Z,2026-03-15T20:00:00Z,2026-03-15,2026-03-15_84,100.0,0,100,0,96.80866459627347,90.22357142857162,0.018291925465838504,0.0,18.941714285714287,True,True,True,False,3428.75,0.0,0.0,64.5376567805759,0.0,916.7920585258071,4410.079715306383
2026-03-15T20:00:00Z,2026-03-15T20:15:00Z,2026-03-15,2026-03-15_85,100.0,0,100,0,90.22357142857162,71.29996894409956,0.052565562456866805,0.0,7.590285714285713,True,True,True,False,3909.25,0.0,0.0,64.5376567805759,0.0,-62.80716722420217,3910.980489556374
2026-03-15T20:15:00Z,2026-03-15T20:30:00Z,2026-03-15,2026-03-15_86,98.92986814428549,0,100,0,71.29996894409956,51.76748322981385,0.05462739731988027,0.0,6.773714285714286,True,True,True,False,3576.06740874556,0.0,0.0,64.5376567805759,0.0,9.635328366453654,3650.2403938925895
2026-03-15T20:30:00Z,2026-03-15T20:45:00Z,2026-03-15,2026-03-15_87,0.0,0,100,0,51.76748322981385,58.14965465838527,0.01772825396825397,0.0,6.937142857142857,True,True,True,False,0.0,0.0,0.0,64.5376567805759,0.0,3.1835122774648164,67.72116905804072
2026-03-15T20:45:00Z,2026-03-15T21:00:00Z,2026-03-15,2026-03-15_88,0.0,0,100,0,58.14965465838527,64.3478260869567,0.017217142857142858,0.0,6.737142857142857,True,True,True,False,0.0,0.0,0.0,64.5376567805759,0.0,272.86572432415755,337.40338110473346
2026-03-15T21:00:00Z,2026-03-15T21:15:00Z,2026-03-15,2026-03-15_89,0.0,0,0,100,64.3478260869567,64.3478260869567,0.0,0.0,0.0,True,False,True,False,0.0,1023.1220680314839,0.0,0.0,0.0,0.0,1023.1220680314839
2026-03-15T21:15:00Z,2026-03-15T21:30:00Z,2026-03-15,2026-03-15_90,0.0,0,0,100,64.3478260869567,64.3478260869567,0.0,0.0,0.0,True,False,True,False,0.0,1023.1220680314839,0.0,0.0,0.0,0.0,1023.1220680314839
2026-03-15T21:30:00Z,2026-03-15T21:45:00Z,2026-03-15,2026-03-15_91,0.0,0,0,100,64.3478260869567,64.3478260869567,0.0,0.0,0.0,True,False,True,False,0.0,1023.1220680314839,0.0,0.0,0.0,0.0,1023.1220680314839
2026-03-15T21:45:00Z,2026-03-15T22:00:00Z,2026-03-15,2026-03-15_92,0.0,0,0,100,64.3478260869567,64.3478260869567,0.0,0.0,0.0,True,False,True,False,0.0,1023.1220680314839,0.0,0.0,0.0,0.0,1023.1220680314839
2026-03-15T22:00:00Z,2026-03-15T22:15:00Z,2026-03-16,2026-03-15_93,0.0,0,0,100,64.3478260869567,64.3478260869567,0.0,0.0,0.0,True,False,True,False,0.0,1023.1220680314839,0.0,0.0,0.0,0.0,1023.1220680314839
2026-03-15T22:15:00Z,2026-03-15T22:30:00Z,2026-03-16,2026-03-15_94,9.267948727305655e-13,0,0,100,64.3478260869567,64.34782608695645,6.995734244644969e-16,0.0,0.0,True,False,True,False,2.442799585799588e-11,1023.1220680314839,0.0,0.0,0.0,0.0,1023.1220680315083
2026-03-15T22:30:00Z,2026-03-15T22:45:00Z,2026-03-16,2026-03-15_95,0.0,0,0,100,64.34782608695645,64.34782608695645,0.0,0.0,0.0,True,False,True,False,0.0,1023.1220680314839,0.0,0.0,0.0,0.0,1023.1220680314839
2026-03-15T22:45:00Z,2026-03-15T23:00:00Z,2026-03-16,2026-03-15_96,0.0,0,0,100,64.34782608695645,64.34782608695645,0.0,0.0,0.0,True,False,True,False,0.0,1023.1220680314839,0.0,0.0,0.0,0.0,1023.1220680314839
2026-03-15T23:00:00Z,2026-03-15T23:15:00Z,2026-03-16,2026-03-16_1,92.99999999999991,7,100,0,64.34782608695645,59.391922901863296,0.020526148847481045,0.0,18.893714285714285,True,True,True,False,2009.4974999999984,0.0,7.295817221818753,62.80055744204761,0.0,5248.960644254954,7328.554518918819
2026-03-15T23:15:00Z,2026-03-15T23:30:00Z,2026-03-16,2026-03-16_2,92.99999999999993,7,100,0,59.391922901863296,54.05875370931673,0.021448581090407193,0.0,18.542857142857144,True,True,True,False,1925.7974999999985,0.0,7.295817221818753,62.80055744204761,0.0,1817.3033656825444,3813.197240346409
2026-03-15T23:30:00Z,2026-03-15T23:45:00Z,2026-03-16,2026-03-16_3,0.0,7,100,0,54.05875370931673,64.91002228074531,0.0301424126984127,0.0,11.794857142857142,True,True,True,False,0.0,0.0,7.295817221818753,62.80055744204761,0.0,585.0315818399513,655.1279565038177
2026-03-15T23:45:00Z,2026-03-16T00:00:00Z,2026-03-16,2026-03-16_4,1.1656106235478558,7,100,0,64.91002228074531,65.43778285714282,0.003161204877524892,0.0,0.9159999999999999,True,True,True,False,24.384574244621145,0.0,7.295817221818753,62.80055744204761,0.0,-47.545806426286134,46.93514248220138
2026-03-16T00:00:00Z,2026-03-16T00:15:00Z,2026-03-16,2026-03-16_5,0.0,0,0,100,65.43778285714282,65.43778285714282,0.0,0.0,0.0,True,True,True,False,0.0,1023.1220680314839,0.0,0.0,0.0,0.0,1023.1220680314839
2026-03-16T00:15:00Z,2026-03-16T00:30:00Z,2026-03-16,2026-03-16_6,0.0,0,0,100,65.43778285714282,65.43778285714282,0.0,0.0,0.0,True,True,True,False,0.0,1023.1220680314839,0.0,0.0,0.0,0.0,1023.1220680314839
2026-03-16T00:30:00Z,2026-03-16T00:45:00Z,2026-03-16,2026-03-16_7,0.0,0,0,100,65.43778285714282,65.43778285714282,0.0,0.0,0.0,True,True,True,False,0.0,1023.1220680314839,0.0,0.0,0.0,0.0,1023.1220680314839
2026-03-16T00:45:00Z,2026-03-16T01:00:00Z,2026-03-16,2026-03-16_8,0.0,0,0,100,65.43778285714282,65.43778285714282,0.0,0.0,0.0,True,True,True,False,0.0,1023.1220680314839,0.0,0.0,0.0,0.0,1023.1220680314839
2026-03-16T01:00:00Z,2026-03-16T01:15:00Z,2026-03-16,2026-03-16_9,0.0,100,100,0,65.43778285714282,73.52694857142853,0.022469904761904767,0.0,8.79257142857143,True,True,True,False,0.0,0.0,104.22596031169647,64.47877205723596,0.0,175.37855194053208,344.0832843094645
2026-03-16T01:15:00Z,2026-03-16T01:30:00Z,2026-03-16,2026-03-16_10,0.0,100,100,0,73.52694857142853,85.53583999999996,0.03335803174603175,0.0,13.053142857142857,True,True,True,False,0.0,0.0,104.22596031169647,64.47877205723596,0.0,504.14744207565843,672.8521744445909
2026-03-16T01:30:00Z,2026-03-16T01:45:00Z,2026-03-16,2026-03-16_11,0.0,100,100,0,85.53583999999996,93.19707428571425,0.021281206349206352,0.0,8.327428571428571,True,True,True,False,0.0,0.0,104.22596031169647,64.47877205723596,0.0,-11.346891699777641,157.3578406691548
2026-03-16T01:45:00Z,2026-03-16T02:00:00Z,2026-03-16,2026-03-16_12,0.0,100,100,0,93.19707428571425,103.39961142857139,0.028340380952380957,0.0,11.089714285714287,True,True,True,False,0.0,0.0,104.22596031169647,64.47877205723596,0.0,866.1544210930689,1034.8591534620014
2026-03-16T02:00:00Z,2026-03-16T02:15:00Z,2026-03-16,2026-03-16_13,0.0,100,100,0,103.39961142857139,114.47220571428568,0.03075720634920635,0.0,12.035428571428572,True,True,True,False,0.0,0.0,104.22596031169647,64.47877205723596,0.0,810.1678732800755,978.8726056490079
2026-03-16T02:15:00Z,2026-03-16T02:30:00Z,2026-03-16,2026-03-16_14,0.0,100,100,0,114.47220571428568,131.53689142857138,0.04740190476190476,0.0,18.548571428571428,True,True,True,False,0.0,0.0,104.22596031169647,64.47877205723596,0.0,1745.2557542992859,1913.9604866682182
2026-03-16T02:30:00Z,2026-03-16T02:45:00Z,2026-03-16,2026-03-16_15,0.0,100,100,0,131.53689142857138,139.90731428571425,0.023251174603174603,0.0,9.098285714285714,True,True,True,False,0.0,0.0,104.22596031169647,64.47877205723596,0.0,350.4591009704763,519.1638333394087
2026-03-16T02:45:00Z,2026-03-16T03:00:00Z,2026-03-16,2026-03-16_16,0.0,100,100,0,139.90731428571425,143.99999999999997,0.01136857142857143,0.0,4.448571428571428,True,True,True,False,0.0,0.0,104.22596031169647,64.47877205723596,0.0,204.75373623569592,373.45846860462837
2026-03-16T03:00:00Z,2026-03-16T03:15:00Z,2026-03-16,2026-03-16_17,0.0,0,0,100,143.99999999999997,143.99999999999997,0.0,0.0,0.0,True,False,True,False,0.0,1023.1220680314839,0.0,0.0,0.0,0.0,1023.1220680314839
2026-03-16T03:15:00Z,2026-03-16T03:30:00Z,2026-03-16,2026-03-16_18,0.0,0,0,100,143.99999999999997,143.99999999999997,0.0,0.0,0.0,True,False,True,False,0.0,1023.1220680314839,0.0,0.0,0.0,0.0,1023.1220680314839
2026-03-16T03:30:00Z,2026-03-16T03:45:00Z,2026-03-16,2026-03-16_19,0.0,0,0,100,143.99999999999997,143.99999999999997,0.0,0.0,0.0,True,False,True,False,0.0,1023.1220680314839,0.0,0.0,0.0,0.0,1023.1220680314839
2026-03-16T03:45:00Z,2026-03-16T04:00:00Z,2026-03-16,2026-03-16_20,0.0,0,0,100,143.99999999999997,143.99999999999997,0.0,0.0,0.0,True,False,True,False,0.0,1023.1220680314839,0.0,0.0,0.0,0.0,1023.1220680314839
2026-03-16T04:00:00Z,2026-03-16T04:15:00Z,2026-03-16,2026-03-16_21,0.0,0,0,100,143.99999999999997,143.99999999999997,0.0,0.0,0.0,True,False,True,False,0.0,1023.1220680314839,0.0,0.0,0.0,0.0,1023.1220680314839
2026-03-16T04:15:00Z,2026-03-16T04:30:00Z,2026-03-16,2026-03-16_22,0.0,0,0,100,143.99999999999997,143.99999999999997,0.0,0.0,0.0,True,False,True,False,0.0,1023.1220680314839,0.0,0.0,0.0,0.0,1023.1220680314839
2026-03-16T04:30:00Z,2026-03-16T04:45:00Z,2026-03-16,2026-03-16_23,0.0,0,0,100,143.99999999999997,143.99999999999997,0.0,0.0,0.0,True,False,True,False,0.0,1023.1220680314839,0.0,0.0,0.0,0.0,1023.1220680314839
2026-03-16T04:45:00Z,2026-03-16T05:00:00Z,2026-03-16,2026-03-16_24,0.0,0,0,100,143.99999999999997,143.99999999999997,0.0,0.0,0.0,True,False,True,False,0.0,1023.1220680314839,0.0,0.0,0.0,0.0,1023.1220680314839
2026-03-16T05:00:00Z,2026-03-16T05:15:00Z,2026-03-16,2026-03-16_25,35.0,0,35,65,143.99999999999997,135.71913043478258,0.0230024154589372,0.0,1.1316000000000002,True,True,True,False,1155.35,665.0293442204645,0.0,22.124462676899523,0.0,-41.567592517714495,1800.9362143796495
2026-03-16T05:15:00Z,2026-03-16T05:30:00Z,2026-03-16,2026-03-16_26,35.0,0,35,65,135.71913043478258,127.11347826086954,0.023904589371980676,0.0,0.8328,True,True,True,False,1335.8625,665.0293442204645,0.0,22.124462676899523,0.0,-41.26811941821894,1981.7481874791451
2026-03-16T05:30:00Z,2026-03-16T05:45:00Z,2026-03-16,2026-03-16_27,35.0,0,35,65,127.11347826086954,118.02565217391302,0.025243961352657,0.0,0.3892,True,True,True,False,1354.7625,665.0293442204645,0.0,22.124462676899523,0.0,-20.141197401220875,2021.7751094961432
2026-03-16T05:45:00Z,2026-03-16T06:00:00Z,2026-03-16,2026-03-16_28,35.0,0,35,65,118.02565217391302,108.6265217391304,0.026108695652173917,0.0,0.1028,True,True,True,False,1337.7875,665.0293442204645,0.0,22.124462676899523,0.0,-5.7302217598680985,2019.2110851374957
2026-03-16T06:00:00Z,2026-03-16T06:15:00Z,2026-03-16,2026-03-16_29,100.0,0,100,0,108.6265217391304,81.45260869565213,0.07548309178743962,0.0,0.0,True,True,True,False,4101.75,0.0,0.0,65.36204290733508,0.0,0.0,4167.112042907335
2026-03-16T06:15:00Z,2026-03-16T06:30:00Z,2026-03-16,2026-03-16_30,100.0,0,100,0,81.45260869565213,54.74453416149065,0.07418909592822635,0.0,0.4285714285714286,True,True,True,False,3979.5,0.0,0.0,65.36204290733508,0.0,-23.935546464252766,4020.926496443082
2026-03-16T06:30:00Z,2026-03-16T06:45:00Z,2026-03-16,2026-03-16_31,100.0,0,100,0,54.74453416149065,28.01782608695649,0.0742408557625949,0.0,0.4114285714285714,True,True,True,False,3023.25,0.0,0.0,65.36204290733508,0.0,-22.23104907340682,3066.380993833928
2026-03-16T06:45:00Z,2026-03-16T07:00:00Z,2026-03-16,2026-03-16_32,0.43735646115903,0,100,0,28.01782608695649,31.57453416149063,0.01043457463554344,0.0,3.9919999999999995,True,True,True,False,11.32643895286598,0.0,0.0,65.36204290733508,0.0,1949.5897776120282,2026.2782594722294
2026-03-16T07:00:00Z,2026-03-16T07:15:00Z,2026-03-16,2026-03-16_33,100.0,0,100,0,31.57453416149063,9.999999999999947,0.059929261559696335,0.0,5.151428571428572,True,True,True,False,3320.5,0.0,0.0,85.23563703456534,0.0,806.7460503772829,4212.481687411848
2026-03-16T07:15:00Z,2026-03-16T07:30:00Z,2026-03-16,2026-03-16_34,9.189314480132127,0,100,0,9.999999999999947,9.999999999999948,0.012391305426314817,0.0,2.6697142857142855,True,True,True,False,239.08298948683762,0.0,0.0,85.23563703456534,0.0,56.699790987272486,381.01841750867544
2026-03-16T07:30:00Z,2026-03-16T07:45:00Z,2026-03-16,2026-03-16_35,40.531249914115705,0,100,0,9.999999999999948,9.999999999999943,0.033894922072760306,0.0,11.151428571428571,True,True,True,False,905.7721074557007,0.0,0.0,85.23563703456534,0.0,268.77510353897185,1259.7828480292378
2026-03-16T07:45:00Z,2026-03-16T08:00:00Z,2026-03-16,2026-03-16_36,27.222291116989712,0,100,0,9.999999999999943,23.40559006211174,0.042913287885743674,0.0,21.54742857142857,True,True,True,False,523.0082680851648,0.0,0.0,85.23563703456534,0.0,1914.387121630602,2522.6310267503322
2026-03-16T08:00:00Z,2026-03-16T08:15:00Z,2026-03-16,2026-03-16_37,100.0,0,100,0,23.40559006211174,9.999999999999941,0.03723775017253278,0.0,12.666857142857143,True,True,True,False,2491.0,0.0,0.0,85.32396411957525,0.0,235.95803683940457,2812.28200095898
2026-03-16T08:15:00Z,2026-03-16T08:30:00Z,2026-03-16,2026-03-16_38,8.757713913678177,0,100,0,9.999999999999941,9.999999999999941,0.011874589735130099,0.0,2.5462857142857143,True,True,True,False,181.35036086749085,0.0,0.0,85.32396411957525,0.0,-73.21439815606696,193.45992683099914
2026-03-16T08:30:00Z,2026-03-16T08:45:00Z,2026-03-16,2026-03-16_39,0.0,0,100,0,9.999999999999941,16.140342857142798,0.01705650793650794,0.0,6.674285714285714,True,True,True,False,0.0,0.0,0.0,85.32396411957525,0.0,202.47660846425836,287.8005725838336
2026-03-16T08:45:00Z,2026-03-16T09:00:00Z,2026-03-16,2026-03-16_40,0.0,0,100,0,16.140342857142798,35.24164571428566,0.053059174603174615,0.0,20.762285714285717,True,True,True,False,0.0,0.0,0.0,85.32396411957525,0.0,1658.3380059389456,1743.6619700585209
2026-03-16T09:00:00Z,2026-03-16T09:15:00Z,2026-03-16,2026-03-16_41,-53.999999999999964,54,0,46,35.24164571428566,47.607139657142795,0.03434859428571427,0.059245714285714283,0.0,True,True,True,False,-630.7199999999996,470.63615129448254,45.48668223840461,0.0,6.628584529020355,0.0,-107.96858193809206
2026-03-16T09:15:00Z,2026-03-16T09:30:00Z,2026-03-16,2026-03-16_42,-54.0,54,0,46,47.607139657142795,59.874976914285654,0.03407732571428572,0.16539428571428574,0.0,True,True,True,False,-172.53,470.63615129448254,45.48668223840461,0.0,20.856554781579742,0.0,364.4493883144669
2026-03-16T09:30:00Z,2026-03-16T09:45:00Z,2026-03-16,2026-03-16_43,-54.0,54,0,46,59.874976914285654,72.19561691428567,0.034224000000000004,0.108,0.0,True,True,True,False,-199.125,470.63615129448254,45.48668223840461,0.0,12.486679883015682,0.0,329.4845134159028
2026-03-16T09:45:00Z,2026-03-16T10:00:00Z,2026-03-16,2026-03-16_44,-54.0,54,0,46,72.19561691428567,84.61561691428567,0.0345,0.0,0.0,True,True,True,False,-269.59499999999997,470.63615129448254,45.48668223840461,0.0,0.0,0.0,246.5278335328872
2026-03-16T10:00:00Z,2026-03-16T10:15:00Z,2026-03-16,2026-03-16_45,-56.0,0,0,44,84.61561691428567,97.49561691428566,0.03577777777777778,0.0,0.0,True,False,True,False,-238.28,450.1737099338529,0.0,0.0,0.0,0.0,211.89370993385288
2026-03-16T10:15:00Z,2026-03-16T10:30:00Z,2026-03-16,2026-03-16_46,-56.0,0,0,44,97.49561691428566,110.37561691428566,0.03577777777777778,0.0,0.0,True,False,True,False,-218.67999999999998,450.1737099338529,0.0,0.0,0.0,0.0,231.4937099338529
2026-03-16T10:30:00Z,2026-03-16T10:45:00Z,2026-03-16,2026-03-16_47,-56.0,0,0,44,110.37561691428566,123.25561691428565,0.03577777777777778,0.0,0.0,True,False,True,False,-201.04,450.1737099338529,0.0,0.0,0.0,0.0,249.13370993385288
2026-03-16T10:45:00Z,2026-03-16T11:00:00Z,2026-03-16,2026-03-16_48,-56.0,0,0,44,123.25561691428565,136.13561691428566,0.03577777777777778,0.0,0.0,True,False,True,False,-237.57999999999998,450.1737099338529,0.0,0.0,0.0,0.0,212.5937099338529
2026-03-16T11:00:00Z,2026-03-16T11:15:00Z,2026-03-16,2026-03-16_49,-7.0,7,0,93,136.13561691428566,137.74101691428567,0.004459444444444444,0.005,0.0,True,True,True,False,-31.604999999999997,951.50352326928,5.896421771645043,0.0,0.39256482226627676,0.0,926.1875098631913
2026-03-16T11:15:00Z,2026-03-16T11:30:00Z,2026-03-16,2026-03-16_50,-7.0,7,0,93,137.74101691428567,139.34255291428568,0.004448711111111112,0.009200000000000002,0.0,True,True,True,False,-29.172500000000003,951.50352326928,5.896421771645043,0.0,0.7836622372269223,0.0,929.0111072781519
2026-03-16T11:30:00Z,2026-03-16T11:45:00Z,2026-03-16,2026-03-16_51,-7.0,7,0,93,139.34255291428568,140.9472537142857,0.004457502222222223,0.0057599999999999995,0.0,True,True,True,False,-42.91,951.50352326928,5.896421771645043,0.0,0.5078708461734744,0.0,914.9978158870985
2026-03-16T11:45:00Z,2026-03-16T12:00:00Z,2026-03-16,2026-03-16_52,-7.000000000000104,7,0,93,140.9472537142857,142.54639771428572,0.004442066666666734,0.0118,0.0,True,True,True,False,-77.26250000000114,951.50352326928,5.896421771645043,0.0,1.0919360119339707,0.0,881.2293810528579
2026-03-16T12:00:00Z,2026-03-16T12:15:00Z,2026-03-16,2026-03-16_53,-7.0,5,0,93,142.54639771428572,144.1480388571429,0.004449003174603176,0.009085714285714286,0.0,True,True,True,False,-42.28,951.50352326928,4.01741024986751,0.0,0.8987094151064553,0.0,914.139642934254
2026-03-16T12:15:00Z,2026-03-16T12:30:00Z,2026-03-16,2026-03-16_54,-6.999999999999921,5,0,93,144.1480388571429,145.74208342857148,0.004427901587301537,0.017342857142857142,0.0,True,True,True,False,-82.65249999999907,951.50352326928,4.01741024986751,0.0,1.956566493470806,0.0,874.8250000126193
2026-03-16T12:30:00Z,2026-03-16T12:45:00Z,2026-03-16,2026-03-16_55,-6.4257242236023995,5,0,93,145.74208342857148,147.22000000000006,0.004105323809523756,0.0,0.0,True,True,True,False,-84.98020285714173,951.50352326928,4.01741024986751,0.0,0.0,0.0,870.5407306620058
2026-03-16T12:45:00Z,2026-03-16T13:00:00Z,2026-03-16,2026-03-16_56,1.8614206902858117,5,0,93,147.22000000000006,146.68914810434785,0.0014745885990338898,0.02302857142857143,0.0,True,True,True,False,43.23614908361369,951.50352326928,4.01741024986751,0.0,2.9399386140779358,0.0,1001.6970212168391
2026-03-16T13:00:00Z,2026-03-16T13:15:00Z,2026-03-16,2026-03-16_57,0.0,7,7,93,146.68914810434785,146.85073690434785,0.00044885777777777777,0.0,0.17564,True,True,True,False,0.0,951.50352326928,5.111193985906923,5.966494592419574,0.0,-9.072590134846017,953.5086217127605
2026-03-16T13:15:00Z,2026-03-16T13:30:00Z,2026-03-16,2026-03-16_58,4.669705896119958e-14,7,7,93,146.85073690434785,146.86281906086958,6.641178743964804e-05,0.00544,0.01956,True,True,True,False,8.970505026446439e-13,951.50352326928,5.111193985906923,5.966494592419574,0.5511605079788802,-1.3327268023632404,961.7996455532231
2026-03-16T13:30:00Z,2026-03-16T13:45:00Z,2026-03-16,2026-03-16_59,-4.535064485025969e-14,7,7,93,146.86281906086958,147.04722400000003,0.0005148929468599322,0.00043999999999999996,0.20096,True,True,True,False,-8.270823854566112e-13,951.50352326928,5.111193985906923,5.966494592419574,0.04318213044929044,-2.443099597621057,960.1812943804339
2026-03-16T13:45:00Z,2026-03-16T14:00:00Z,2026-03-16,2026-03-16_60,-1.1665591122920013e-13,7,7,93,147.04722400000003,147.218347826087,0.0004845227053140841,0.0015199999999999999,0.18780000000000002,True,True,True,False,-3.034511890849568e-12,951.50352326928,5.111193985906923,5.966494592419574,0.14917463246118515,-3.68164967515261,959.048736804912
2026-03-16T14:00:00Z,2026-03-16T14:15:00Z,2026-03-16,2026-03-16_61,0.0,23,100,0,147.218347826087,164.300907826087,0.04745155555555556,0.0,18.568,True,True,True,False,0.0,0.0,21.69666516183485,71.54493885802894,0.0,1420.114694878992,1513.3562988988558
2026-03-16T14:15:00Z,2026-03-16T14:30:00Z,2026-03-16,2026-03-16_62,0.0,23,100,0,164.300907826087,181.52961639751558,0.047857523809523815,0.0,18.726857142857142,True,True,True,False,0.0,0.0,21.69666516183485,71.54493885802894,0.0,1481.5488723575481,1574.790476377412
2026-03-16T14:30:00Z,2026-03-16T14:45:00Z,2026-03-16,2026-03-16_63,76.48812645366088,23,100,0,181.52961639751558,166.2814844720496,0.049034727207016834,0.2632514285714286,5.557714285714286,True,True,True,False,2343.978635172438,0.0,21.69666516183485,71.54493885802894,40.22465500337887,-13.406934377181889,2464.0379598184986
2026-03-16T14:45:00Z,2026-03-16T15:00:00Z,2026-03-16,2026-03-16_64,76.9999999999999,23,100,0,166.2814844720496,143.99999999999994,0.061893012422360165,1.2489657142857145,0.0,True,True,True,False,2632.8224999999966,0.0,21.69666516183485,71.54493885802894,237.49617361571833,0.0,2963.5602776355786
2026-03-16T15:00:00Z,2026-03-16T15:15:00Z,2026-03-16,2026-03-16_65,-1.6601542467385526e-13,0,0,100,143.99999999999994,143.99999999999997,1.0606541020829642e-16,0.0,0.0,True,True,True,False,-4.2968942291210585e-12,1023.1220680314839,0.0,0.0,0.0,0.0,1023.1220680314796
2026-03-16T15:15:00Z,2026-03-16T15:30:00Z,2026-03-16,2026-03-16_66,-1.6601542467385526e-13,0,0,100,143.99999999999997,144.0,1.0606541020829642e-16,0.0,0.0,True,True,True,False,-5.523748217460849e-12,1023.1220680314839,0.0,0.0,0.0,0.0,1023.1220680314783
2026-03-16T15:30:00Z,2026-03-16T15:45:00Z,2026-03-16,2026-03-16_67,0.0,0,0,100,144.0,144.0,0.0,0.0,0.0,True,True,True,False,0.0,1023.1220680314839,0.0,0.0,0.0,0.0,1023.1220680314839
2026-03-16T15:45:00Z,2026-03-16T16:00:00Z,2026-03-16,2026-03-16_68,0.0,0,0,100,144.0,144.0,0.0,0.0,0.0,True,True,True,False,0.0,1023.1220680314839,0.0,0.0,0.0,0.0,1023.1220680314839
2026-03-16T16:00:00Z,2026-03-16T16:15:00Z,2026-03-16,2026-03-16_69,0.0,0,0,100,144.0,144.0,0.0,0.0,0.0,True,True,True,False,0.0,1023.1220680314839,0.0,0.0,0.0,0.0,1023.1220680314839
2026-03-16T16:15:00Z,2026-03-16T16:30:00Z,2026-03-16,2026-03-16_70,0.0,0,0,100,144.0,144.0,0.0,0.0,0.0,True,True,True,False,0.0,1023.1220680314839,0.0,0.0,0.0,0.0,1023.1220680314839
2026-03-16T16:30:00Z,2026-03-16T16:45:00Z,2026-03-16,2026-03-16_71,0.0,0,0,100,144.0,144.0,0.0,0.0,0.0,True,True,True,False,0.0,1023.1220680314839,0.0,0.0,0.0,0.0,1023.1220680314839
2026-03-16T16:45:00Z,2026-03-16T17:00:00Z,2026-03-16,2026-03-16_72,0.0,0,0,100,144.0,144.0,0.0,0.0,0.0,True,True,True,False,0.0,1023.1220680314839,0.0,0.0,0.0,0.0,1023.1220680314839
2026-03-16T17:00:00Z,2026-03-16T17:15:00Z,2026-03-16,2026-03-16_73,0.0,0,0,100,144.0,144.0,0.0,0.0,0.0,True,True,True,False,0.0,1023.1220680314839,0.0,0.0,0.0,0.0,1023.1220680314839
2026-03-16T17:15:00Z,2026-03-16T17:30:00Z,2026-03-16,2026-03-16_74,0.0,0,0,100,144.0,144.0,0.0,0.0,0.0,True,True,True,False,0.0,1023.1220680314839,0.0,0.0,0.0,0.0,1023.1220680314839
2026-03-16T17:30:00Z,2026-03-16T17:45:00Z,2026-03-16,2026-03-16_75,0.0,0,0,100,144.0,144.0,0.0,0.0,0.0,True,True,True,False,0.0,1023.1220680314839,0.0,0.0,0.0,0.0,1023.1220680314839
2026-03-16T17:45:00Z,2026-03-16T18:00:00Z,2026-03-16,2026-03-16_76,0.0,0,0,100,144.0,144.0,0.0,0.0,0.0,True,True,True,False,0.0,1023.1220680314839,0.0,0.0,0.0,0.0,1023.1220680314839
2026-03-16T18:00:00Z,2026-03-16T18:15:00Z,2026-03-16,2026-03-16_77,74.9999999999999,0,75,25,144.0,123.61956521739134,0.05661231884057963,0.0,0.0,True,True,True,False,3764.624999999995,255.78051700787097,0.0,48.403242585431926,0.0,0.0,4068.808759593298
2026-03-16T18:15:00Z,2026-03-16T18:30:00Z,2026-03-16,2026-03-16_78,74.9999999999999,0,75,25,123.61956521739134,103.23913043478268,0.05661231884057964,0.0,0.0,True,True,True,False,3775.4999999999955,255.78051700787097,0.0,48.403242585431926,0.0,0.0,4079.6837595932984
2026-03-16T18:30:00Z,2026-03-16T18:45:00Z,2026-03-16,2026-03-16_79,72.90800000000031,0,75,25,103.23913043478268,83.42717391304348,0.0550332125603867,0.0,0.0,True,True,True,False,3435.9717700000147,255.78051700787097,0.0,48.403242585431926,0.0,0.0,3740.1555295933176
2026-03-16T18:45:00Z,2026-03-16T19:00:00Z,2026-03-16,2026-03-16_80,74.9999999999999,0,75,25,83.42717391304348,64.34782608695654,0.052998188405797036,0.0,1.197,True,True,True,False,3735.187499999995,255.78051700787097,0.0,48.403242585431926,0.0,-14.949166584882331,4024.4220930084157
2026-03-16T19:00:00Z,2026-03-16T19:15:00Z,2026-03-16,2026-03-16_81,0.0,0,0,100,64.34782608695654,64.34782608695654,0.0,0.0,0.0,True,True,True,False,0.0,1023.1220680314839,0.0,0.0,0.0,0.0,1023.1220680314839
2026-03-16T19:15:00Z,2026-03-16T19:30:00Z,2026-03-16,2026-03-16_82,0.0,0,0,100,64.34782608695654,64.34782608695654,0.0,0.0,0.0,True,True,True,False,0.0,1023.1220680314839,0.0,0.0,0.0,0.0,1023.1220680314839
2026-03-16T19:30:00Z,2026-03-16T19:45:00Z,2026-03-16,2026-03-16_83,0.0,0,0,100,64.34782608695654,64.34782608695654,0.0,0.0,0.0,True,True,True,False,0.0,1023.1220680314839,0.0,0.0,0.0,0.0,1023.1220680314839
2026-03-16T19:45:00Z,2026-03-16T20:00:00Z,2026-03-16,2026-03-16_84,0.0,0,0,100,64.34782608695654,64.34782608695654,0.0,0.0,0.0,True,True,True,False,0.0,1023.1220680314839,0.0,0.0,0.0,0.0,1023.1220680314839
2026-03-16T20:00:00Z,2026-03-16T20:15:00Z,2026-03-16,2026-03-16_85,0.0,0,0,100,64.34782608695654,64.34782608695654,0.0,0.0,0.0,True,True,True,False,0.0,1023.1220680314839,0.0,0.0,0.0,0.0,1023.1220680314839
2026-03-16T20:15:00Z,2026-03-16T20:30:00Z,2026-03-16,2026-03-16_86,0.0,0,0,100,64.34782608695654,64.34782608695654,0.0,0.0,0.0,True,True,True,False,0.0,1023.1220680314839,0.0,0.0,0.0,0.0,1023.1220680314839
2026-03-16T20:30:00Z,2026-03-16T20:45:00Z,2026-03-16,2026-03-16_87,0.0,0,0,100,64.34782608695654,64.34782608695654,0.0,0.0,0.0,True,True,True,False,0.0,1023.1220680314839,0.0,0.0,0.0,0.0,1023.1220680314839
2026-03-16T20:45:00Z,2026-03-16T21:00:00Z,2026-03-16,2026-03-16_88,0.0,0,0,100,64.34782608695654,64.34782608695654,0.0,0.0,0.0,True,True,True,False,0.0,1023.1220680314839,0.0,0.0,0.0,0.0,1023.1220680314839
2026-03-16T21:00:00Z,2026-03-16T21:15:00Z,2026-03-16,2026-03-16_89,0.0,0,0,100,64.34782608695654,64.34782608695654,0.0,0.0,0.0,True,True,True,False,0.0,1023.1220680314839,0.0,0.0,0.0,0.0,1023.1220680314839
2026-03-16T21:15:00Z,2026-03-16T21:30:00Z,2026-03-16,2026-03-16_90,0.0,0,0,100,64.34782608695654,64.34782608695654,0.0,0.0,0.0,True,True,True,False,0.0,1023.1220680314839,0.0,0.0,0.0,0.0,1023.1220680314839
2026-03-16T21:30:00Z,2026-03-16T21:45:00Z,2026-03-16,2026-03-16_91,0.0,0,0,100,64.34782608695654,64.34782608695654,0.0,0.0,0.0,True,True,True,False,0.0,1023.1220680314839,0.0,0.0,0.0,0.0,1023.1220680314839
2026-03-16T21:45:00Z,2026-03-16T22:00:00Z,2026-03-16,2026-03-16_92,0.0,0,0,100,64.34782608695654,64.34782608695654,0.0,0.0,0.0,True,True,True,False,0.0,1023.1220680314839,0.0,0.0,0.0,0.0,1023.1220680314839
2026-03-16T22:00:00Z,2026-03-16T22:15:00Z,2026-03-17,2026-03-16_93,0.0,0,0,100,64.34782608695654,64.34782608695654,0.0,0.0,0.0,True,True,True,False,0.0,1023.0819054348466,0.0,0.0,0.0,0.0,1023.0819054348466
2026-03-16T22:15:00Z,2026-03-16T22:30:00Z,2026-03-17,2026-03-16_94,0.0,0,0,100,64.34782608695654,64.34782608695654,0.0,0.0,0.0,True,True,True,False,0.0,1023.0819054348466,0.0,0.0,0.0,0.0,1023.0819054348466
2026-03-16T22:30:00Z,2026-03-16T22:45:00Z,2026-03-17,2026-03-16_95,0.0,0,0,100,64.34782608695654,64.34782608695654,0.0,0.0,0.0,True,True,True,False,0.0,1023.0819054348466,0.0,0.0,0.0,0.0,1023.0819054348466
2026-03-16T22:45:00Z,2026-03-16T23:00:00Z,2026-03-17,2026-03-16_96,0.0,0,0,100,64.34782608695654,64.34782608695654,0.0,0.0,0.0,True,True,True,False,0.0,1023.0819054348466,0.0,0.0,0.0,0.0,1023.0819054348466
2026-03-16T23:00:00Z,2026-03-16T23:15:00Z,2026-03-17,2026-03-17_1,0.0,0,0,100,64.34782608695654,64.34782608695654,0.0,0.0,0.0,True,True,True,False,0.0,1023.0819054348466,0.0,0.0,0.0,0.0,1023.0819054348466
2026-03-16T23:15:00Z,2026-03-16T23:30:00Z,2026-03-17,2026-03-17_2,0.0,0,0,100,64.34782608695654,64.34782608695654,0.0,0.0,0.0,True,True,True,False,0.0,1023.0819054348466,0.0,0.0,0.0,0.0,1023.0819054348466
2026-03-16T23:30:00Z,2026-03-16T23:45:00Z,2026-03-17,2026-03-17_3,0.0,0,0,100,64.34782608695654,64.34782608695654,0.0,0.0,0.0,True,True,True,False,0.0,1023.0819054348466,0.0,0.0,0.0,0.0,1023.0819054348466
2026-03-16T23:45:00Z,2026-03-17T00:00:00Z,2026-03-17,2026-03-17_4,0.0,0,0,100,64.34782608695654,64.34782608695654,0.0,0.0,0.0,True,True,True,False,0.0,1023.0819054348466,0.0,0.0,0.0,0.0,1023.0819054348466
2026-03-17T00:00:00Z,2026-03-17T00:15:00Z,2026-03-17,2026-03-17_5,0.0,0,0,100,64.34782608695654,64.34782608695654,0.0,0.0,0.0,True,True,True,False,0.0,1023.0819054348466,0.0,0.0,0.0,0.0,1023.0819054348466
2026-03-17T00:15:00Z,2026-03-17T00:30:00Z,2026-03-17,2026-03-17_6,0.0,0,0,100,64.34782608695654,64.34782608695654,0.0,0.0,0.0,True,True,True,False,0.0,1023.0819054348466,0.0,0.0,0.0,0.0,1023.0819054348466
2026-03-17T00:30:00Z,2026-03-17T00:45:00Z,2026-03-17,2026-03-17_7,0.0,0,0,100,64.34782608695654,64.34782608695654,0.0,0.0,0.0,True,True,True,False,0.0,1023.0819054348466,0.0,0.0,0.0,0.0,1023.0819054348466
2026-03-17T00:45:00Z,2026-03-17T01:00:00Z,2026-03-17,2026-03-17_8,0.0,0,0,100,64.34782608695654,64.34782608695654,0.0,0.0,0.0,True,True,True,False,0.0,1023.0819054348466,0.0,0.0,0.0,0.0,1023.0819054348466
2026-03-17T01:00:00Z,2026-03-17T01:15:00Z,2026-03-17,2026-03-17_9,0.0,0,0,100,64.34782608695654,64.34782608695654,0.0,0.0,0.0,True,True,True,False,0.0,1023.0819054348466,0.0,0.0,0.0,0.0,1023.0819054348466
2026-03-17T01:15:00Z,2026-03-17T01:30:00Z,2026-03-17,2026-03-17_10,0.0,0,0,100,64.34782608695654,64.34782608695654,0.0,0.0,0.0,True,True,True,False,0.0,1023.0819054348466,0.0,0.0,0.0,0.0,1023.0819054348466
2026-03-17T01:30:00Z,2026-03-17T01:45:00Z,2026-03-17,2026-03-17_11,0.0,0,0,100,64.34782608695654,64.34782608695654,0.0,0.0,0.0,True,True,True,False,0.0,1023.0819054348466,0.0,0.0,0.0,0.0,1023.0819054348466
2026-03-17T01:45:00Z,2026-03-17T02:00:00Z,2026-03-17,2026-03-17_12,0.0,0,0,100,64.34782608695654,64.34782608695654,0.0,0.0,0.0,True,True,True,False,0.0,1023.0819054348466,0.0,0.0,0.0,0.0,1023.0819054348466
2026-03-17T02:00:00Z,2026-03-17T02:15:00Z,2026-03-17,2026-03-17_13,0.0,0,0,100,64.34782608695654,64.34782608695654,0.0,0.0,0.0,True,True,True,False,0.0,1023.0819054348466,0.0,0.0,0.0,0.0,1023.0819054348466
2026-03-17T02:15:00Z,2026-03-17T02:30:00Z,2026-03-17,2026-03-17_14,0.0,0,0,100,64.34782608695654,64.34782608695654,0.0,0.0,0.0,True,True,True,False,0.0,1023.0819054348466,0.0,0.0,0.0,0.0,1023.0819054348466
2026-03-17T02:30:00Z,2026-03-17T02:45:00Z,2026-03-17,2026-03-17_15,0.0,0,0,100,64.34782608695654,64.34782608695654,0.0,0.0,0.0,True,True,True,False,0.0,1023.0819054348466,0.0,0.0,0.0,0.0,1023.0819054348466
2026-03-17T02:45:00Z,2026-03-17T03:00:00Z,2026-03-17,2026-03-17_16,0.0,0,0,100,64.34782608695654,64.34782608695654,0.0,0.0,0.0,True,True,True,False,0.0,1023.0819054348466,0.0,0.0,0.0,0.0,1023.0819054348466
2026-03-17T03:00:00Z,2026-03-17T03:15:00Z,2026-03-17,2026-03-17_17,0.0,0,0,100,64.34782608695654,64.34782608695654,0.0,0.0,0.0,True,True,True,False,0.0,1023.0819054348466,0.0,0.0,0.0,0.0,1023.0819054348466
2026-03-17T03:15:00Z,2026-03-17T03:30:00Z,2026-03-17,2026-03-17_18,0.0,0,0,100,64.34782608695654,64.34782608695654,0.0,0.0,0.0,True,True,True,False,0.0,1023.0819054348466,0.0,0.0,0.0,0.0,1023.0819054348466
2026-03-17T03:30:00Z,2026-03-17T03:45:00Z,2026-03-17,2026-03-17_19,0.0,0,0,100,64.34782608695654,64.34782608695654,0.0,0.0,0.0,True,True,True,False,0.0,1023.0819054348466,0.0,0.0,0.0,0.0,1023.0819054348466
2026-03-17T03:45:00Z,2026-03-17T04:00:00Z,2026-03-17,2026-03-17_20,0.0,0,0,100,64.34782608695654,64.34782608695654,0.0,0.0,0.0,True,True,True,False,0.0,1023.0819054348466,0.0,0.0,0.0,0.0,1023.0819054348466
2026-03-17T04:00:00Z,2026-03-17T04:15:00Z,2026-03-17,2026-03-17_21,0.0,0,0,100,64.34782608695654,64.34782608695654,0.0,0.0,0.0,True,True,True,False,0.0,1023.0819054348466,0.0,0.0,0.0,0.0,1023.0819054348466
2026-03-17T04:15:00Z,2026-03-17T04:30:00Z,2026-03-17,2026-03-17_22,0.0,0,0,100,64.34782608695654,64.34782608695654,0.0,0.0,0.0,True,True,True,False,0.0,1023.0819054348466,0.0,0.0,0.0,0.0,1023.0819054348466
2026-03-17T04:30:00Z,2026-03-17T04:45:00Z,2026-03-17,2026-03-17_23,0.0,0,0,100,64.34782608695654,64.34782608695654,0.0,0.0,0.0,True,True,True,False,0.0,1023.0819054348466,0.0,0.0,0.0,0.0,1023.0819054348466
2026-03-17T04:45:00Z,2026-03-17T05:00:00Z,2026-03-17,2026-03-17_24,0.0,0,0,100,64.34782608695654,64.34782608695654,0.0,0.0,0.0,True,True,True,False,0.0,1023.0819054348466,0.0,0.0,0.0,0.0,1023.0819054348466
2026-03-17T05:00:00Z,2026-03-17T05:15:00Z,2026-03-17,2026-03-17_25,0.0,0,0,100,64.34782608695654,64.34782608695654,0.0,0.0,0.0,True,False,True,False,0.0,1023.0819054348466,0.0,0.0,0.0,0.0,1023.0819054348466
2026-03-17T05:15:00Z,2026-03-17T05:30:00Z,2026-03-17,2026-03-17_26,0.0,0,0,100,64.34782608695654,64.34782608695654,0.0,0.0,0.0,True,False,True,False,0.0,1023.0819054348466,0.0,0.0,0.0,0.0,1023.0819054348466
2026-03-17T05:30:00Z,2026-03-17T05:45:00Z,2026-03-17,2026-03-17_27,0.0,0,0,100,64.34782608695654,64.34782608695654,0.0,0.0,0.0,True,False,True,False,0.0,1023.0819054348466,0.0,0.0,0.0,0.0,1023.0819054348466
2026-03-17T05:45:00Z,2026-03-17T06:00:00Z,2026-03-17,2026-03-17_28,0.0,0,0,100,64.34782608695654,64.34782608695654,0.0,0.0,0.0,True,False,True,False,0.0,1023.0819054348466,0.0,0.0,0.0,0.0,1023.0819054348466
2026-03-17T06:00:00Z,2026-03-17T06:15:00Z,2026-03-17,2026-03-17_29,0.0,0,0,100,64.34782608695654,64.34782608695654,0.0,0.0,0.0,True,False,True,False,0.0,1023.0819054348466,0.0,0.0,0.0,0.0,1023.0819054348466
2026-03-17T06:15:00Z,2026-03-17T06:30:00Z,2026-03-17,2026-03-17_30,0.0,0,0,100,64.34782608695654,64.34782608695654,0.0,0.0,0.0,True,False,True,False,0.0,1023.0819054348466,0.0,0.0,0.0,0.0,1023.0819054348466
2026-03-17T06:30:00Z,2026-03-17T06:45:00Z,2026-03-17,2026-03-17_31,0.0,0,0,100,64.34782608695654,64.34782608695654,0.0,0.0,0.0,True,False,True,False,0.0,1023.0819054348466,0.0,0.0,0.0,0.0,1023.0819054348466
2026-03-17T06:45:00Z,2026-03-17T07:00:00Z,2026-03-17,2026-03-17_32,0.0,0,0,100,64.34782608695654,64.34782608695654,0.0,0.0,0.0,True,False,True,False,0.0,1023.0819054348466,0.0,0.0,0.0,0.0,1023.0819054348466
2026-03-17T07:00:00Z,2026-03-17T07:15:00Z,2026-03-17,2026-03-17_33,100.0,0,100,0,64.34782608695654,51.285714285714306,0.03628364389233954,0.0,12.982857142857144,True,True,True,False,4816.5,0.0,0.0,80.72778661013956,0.0,111.17570006981771,5008.4034866799575
2026-03-17T07:15:00Z,2026-03-17T07:30:00Z,2026-03-17,2026-03-17_34,0.0,0,100,0,51.285714285714306,69.98221714285717,0.051934730158730166,0.0,20.322285714285716,True,True,True,False,0.0,0.0,0.0,80.72778661013956,0.0,1776.8009457076125,1857.5287323177522
2026-03-17T07:30:00Z,2026-03-17T07:45:00Z,2026-03-17,2026-03-17_35,0.0,0,100,0,69.98221714285717,79.93504000000003,0.02764673015873016,0.0,10.818285714285715,True,True,True,False,0.0,0.0,0.0,80.72778661013956,0.0,62.14637898402605,142.87416559416562
2026-03-17T07:45:00Z,2026-03-17T08:00:00Z,2026-03-17,2026-03-17_36,0.0,0,100,0,79.93504000000003,97.02128000000003,0.047461777777777776,0.0,18.572,True,True,True,False,0.0,0.0,0.0,80.72778661013956,0.0,4259.468825688433,4340.196612298572
2026-03-17T08:00:00Z,2026-03-17T08:15:00Z,2026-03-17,2026-03-17_37,0.0,0,0,66,97.02128000000003,97.02128000000003,0.0,0.0,0.0,True,False,True,False,0.0,675.2340575869988,0.0,0.0,0.0,0.0,675.2340575869988
2026-03-17T08:15:00Z,2026-03-17T08:30:00Z,2026-03-17,2026-03-17_38,-34.0,0,0,66,97.02128000000003,104.84128000000004,0.021722222222222223,0.0,0.0,True,False,True,False,-1103.725,675.2340575869988,0.0,0.0,0.0,0.0,-428.4909424130011
2026-03-17T08:30:00Z,2026-03-17T08:45:00Z,2026-03-17,2026-03-17_39,-34.0,0,0,66,104.84128000000004,112.66128000000003,0.021722222222222223,0.0,0.0,True,False,True,False,-648.465,675.2340575869988,0.0,0.0,0.0,0.0,26.76905758699877
2026-03-17T08:45:00Z,2026-03-17T09:00:00Z,2026-03-17,2026-03-17_40,-34.0,0,0,66,112.66128000000003,120.48128000000003,0.021722222222222223,0.0,0.0,True,False,True,False,-343.4,675.2340575869988,0.0,0.0,0.0,0.0,331.8340575869988
2026-03-17T09:00:00Z,2026-03-17T09:15:00Z,2026-03-17,2026-03-17_41,0.0,0,0,100,120.48128000000003,120.48128000000003,0.0,0.0,0.0,True,True,True,False,0.0,1023.0819054348466,0.0,0.0,0.0,0.0,1023.0819054348466
2026-03-17T09:15:00Z,2026-03-17T09:30:00Z,2026-03-17,2026-03-17_42,0.0,0,0,100,120.48128000000003,120.48128000000003,0.0,0.0,0.0,True,True,True,False,0.0,1023.0819054348466,0.0,0.0,0.0,0.0,1023.0819054348466
2026-03-17T09:30:00Z,2026-03-17T09:45:00Z,2026-03-17,2026-03-17_43,0.0,0,0,100,120.48128000000003,120.48128000000003,0.0,0.0,0.0,True,True,True,False,0.0,1023.0819054348466,0.0,0.0,0.0,0.0,1023.0819054348466
2026-03-17T09:45:00Z,2026-03-17T10:00:00Z,2026-03-17,2026-03-17_44,0.0,0,0,100,120.48128000000003,120.48128000000003,0.0,0.0,0.0,True,True,True,False,0.0,1023.0819054348466,0.0,0.0,0.0,0.0,1023.0819054348466
2026-03-17T10:00:00Z,2026-03-17T10:15:00Z,2026-03-17,2026-03-17_45,0.0,0,0,100,120.48128000000003,120.48128000000003,0.0,0.0,0.0,True,True,True,False,0.0,1023.0819054348466,0.0,0.0,0.0,0.0,1023.0819054348466
2026-03-17T10:15:00Z,2026-03-17T10:30:00Z,2026-03-17,2026-03-17_46,0.0,0,0,100,120.48128000000003,120.48128000000003,0.0,0.0,0.0,True,True,True,False,0.0,1023.0819054348466,0.0,0.0,0.0,0.0,1023.0819054348466
2026-03-17T10:30:00Z,2026-03-17T10:45:00Z,2026-03-17,2026-03-17_47,0.0,0,0,100,120.48128000000003,120.48128000000003,0.0,0.0,0.0,True,True,True,False,0.0,1023.0819054348466,0.0,0.0,0.0,0.0,1023.0819054348466
2026-03-17T10:45:00Z,2026-03-17T11:00:00Z,2026-03-17,2026-03-17_48,0.0,0,0,100,120.48128000000003,120.48128000000003,0.0,0.0,0.0,True,True,True,False,0.0,1023.0819054348466,0.0,0.0,0.0,0.0,1023.0819054348466
2026-03-17T11:00:00Z,2026-03-17T11:15:00Z,2026-03-17,2026-03-17_49,0.0,100,100,0,120.48128000000003,135.3952685714286,0.04142774603174604,0.0,16.210857142857144,True,True,True,False,0.0,0.0,77.87198963669552,83.93687805452512,0.0,469.9968130595582,631.8056807507788
2026-03-17T11:15:00Z,2026-03-17T11:30:00Z,2026-03-17,2026-03-17_50,0.0,100,100,0,135.3952685714286,143.5017828571429,0.02251809523809524,0.0,8.811428571428571,True,True,True,False,0.0,0.0,77.87198963669552,83.93687805452512,0.0,25.60812240812241,187.41699009934305
2026-03-17T11:30:00Z,2026-03-17T11:45:00Z,2026-03-17,2026-03-17_51,0.0,100,100,0,143.5017828571429,145.08209987577644,0.004769341614906833,0.06285714285714285,1.7920000000000003,True,True,True,False,0.0,0.0,77.87198963669552,83.93687805452512,7.278987671144533,-49.678591532709184,119.40926382965598
2026-03-17T11:45:00Z,2026-03-17T12:00:00Z,2026-03-17,2026-03-17_52,0.0,100,100,0,145.08209987577644,143.67556571428577,0.004126086956521739,1.3302857142857143,0.04285714285714286,True,True,True,False,0.0,0.0,77.87198963669552,83.93687805452512,191.86412496530144,-3.3647092470621884,350.3082834094599
2026-03-17T12:00:00Z,2026-03-17T12:15:00Z,2026-03-17,2026-03-17_53,0.0,0,0,100,143.67556571428577,143.67556571428577,0.0,0.0,0.0,True,True,True,False,0.0,1023.0819054348466,0.0,0.0,0.0,0.0,1023.0819054348466
2026-03-17T12:15:00Z,2026-03-17T12:30:00Z,2026-03-17,2026-03-17_54,0.0,0,0,100,143.67556571428577,143.67556571428577,0.0,0.0,0.0,True,True,True,False,0.0,1023.0819054348466,0.0,0.0,0.0,0.0,1023.0819054348466
2026-03-17T12:30:00Z,2026-03-17T12:45:00Z,2026-03-17,2026-03-17_55,0.0,0,0,100,143.67556571428577,143.67556571428577,0.0,0.0,0.0,True,True,True,False,0.0,1023.0819054348466,0.0,0.0,0.0,0.0,1023.0819054348466
2026-03-17T12:45:00Z,2026-03-17T13:00:00Z,2026-03-17,2026-03-17_56,0.0,0,0,100,143.67556571428577,143.67556571428577,0.0,0.0,0.0,True,True,True,False,0.0,1023.0819054348466,0.0,0.0,0.0,0.0,1023.0819054348466
2026-03-17T13:00:00Z,2026-03-17T13:15:00Z,2026-03-17,2026-03-17_57,0.0,0,0,100,143.67556571428577,143.67556571428577,0.0,0.0,0.0,True,True,True,False,0.0,1023.0819054348466,0.0,0.0,0.0,0.0,1023.0819054348466
2026-03-17T13:15:00Z,2026-03-17T13:30:00Z,2026-03-17,2026-03-17_58,0.0,0,0,100,143.67556571428577,143.67556571428577,0.0,0.0,0.0,True,True,True,False,0.0,1023.0819054348466,0.0,0.0,0.0,0.0,1023.0819054348466
2026-03-17T13:30:00Z,2026-03-17T13:45:00Z,2026-03-17,2026-03-17_59,0.0,0,0,100,143.67556571428577,143.67556571428577,0.0,0.0,0.0,True,True,True,False,0.0,1023.0819054348466,0.0,0.0,0.0,0.0,1023.0819054348466
2026-03-17T13:45:00Z,2026-03-17T14:00:00Z,2026-03-17,2026-03-17_60,0.0,0,0,100,143.67556571428577,143.67556571428577,0.0,0.0,0.0,True,True,True,False,0.0,1023.0819054348466,0.0,0.0,0.0,0.0,1023.0819054348466
2026-03-17T14:00:00Z,2026-03-17T14:15:00Z,2026-03-17,2026-03-17_61,0.0,100,100,0,143.67556571428577,162.50822857142862,0.05231295238095239,0.0,20.470285714285716,True,True,True,False,0.0,0.0,98.80468703998116,73.51469116174998,0.0,2151.4471577459817,2323.766535947713
2026-03-17T14:15:00Z,2026-03-17T14:30:00Z,2026-03-17,2026-03-17_62,0.0,100,100,0,162.50822857142862,164.75695602484478,0.010059439613526571,0.6314285714285715,3.1902857142857144,True,True,True,False,0.0,0.0,98.80468703998116,73.51469116174998,91.33833833833833,-38.29106787459729,225.36664866547218
2026-03-17T14:30:00Z,2026-03-17T14:45:00Z,2026-03-17,2026-03-17_63,0.0,100,100,0,164.75695602484478,162.8367383850932,0.006104985507246377,1.8942857142857144,0.15085714285714286,True,True,True,False,0.0,0.0,98.80468703998116,73.51469116174998,368.66274846274854,-7.91658751188163,533.065539152598
2026-03-17T14:45:00Z,2026-03-17T15:00:00Z,2026-03-17,2026-03-17_64,0.0,100,100,0,162.8367383850932,156.55102409937894,0.017460317460317457,5.782857142857142,0.0,True,True,True,False,0.0,0.0,98.80468703998116,73.51469116174998,1192.6244765774175,0.0,1364.9438547791485
2026-03-17T15:00:00Z,2026-03-17T15:15:00Z,2026-03-17,2026-03-17_65,-100.0,100,0,0,156.55102409937894,174.01209838509322,0.04850298412698414,6.0205714285714285,0.0,True,True,True,False,-3076.0,0.0,105.78225284107637,0.0,1429.8221986692574,0.0,-1540.3955484896662
2026-03-17T15:15:00Z,2026-03-17T15:30:00Z,2026-03-17,2026-03-17_66,-100.0,100,0,0,174.01209838509322,184.6168069565218,0.029457523809523812,13.473142857142856,0.0,True,True,True,False,-3426.0,0.0,105.78225284107637,0.0,8646.161808643375,0.0,5325.944061484452
2026-03-17T15:30:00Z,2026-03-17T15:45:00Z,2026-03-17,2026-03-17_67,-0.6421892983125546,100,0,0,184.6168069565218,178.73630111801248,0.016973099067180572,5.551428571428571,0.0,True,True,True,False,-24.128657410848454,0.0,105.78225284107637,0.0,2178.5802306508185,0.0,2260.2338260810466
2026-03-17T15:45:00Z,2026-03-17T16:00:00Z,2026-03-17,2026-03-17_68,1.0812606848523265e-13,100,0,0,178.73630111801248,172.87791602484475,0.016273291925465918,5.389714285714286,0.0,True,True,True,False,4.532644790900953e-12,0.0,105.78225284107637,0.0,1547.1195538395536,0.0,1652.9018066806345
2026-03-17T16:00:00Z,2026-03-17T16:15:00Z,2026-03-17,2026-03-17_69,0.0,100,100,0,172.87791602484475,170.80942012422364,0.009744171152518978,2.565142857142857,0.7822857142857144,True,True,True,False,0.0,0.0,105.78225284107637,66.03662486015428,575.1893199642219,-39.19781305114638,707.8103846143061
2026-03-17T16:15:00Z,2026-03-17T16:30:00Z,2026-03-17,2026-03-17_70,0.0,100,100,0,170.80942012422364,160.17774310559008,0.029532436162870948,9.781142857142857,0.0,True,True,True,False,0.0,0.0,105.78225284107637,66.03662486015428,2338.577974501112,0.0,2510.3968522023424
2026-03-17T16:30:00Z,2026-03-17T16:45:00Z,2026-03-17,2026-03-17_71,0.0,100,100,0,160.17774310559008,144.1087990062112,0.044635955831607996,14.78342857142857,0.0,True,True,True,False,0.0,0.0,105.78225284107637,66.03662486015428,4731.048238041963,0.0,4902.867115743194
2026-03-17T16:45:00Z,2026-03-17T17:00:00Z,2026-03-17,2026-03-17_72,0.0,100,100,0,144.1087990062112,121.15165614906834,0.06376984126984127,21.120571428571427,0.0,True,True,True,False,0.0,0.0,105.78225284107637,66.03662486015428,8118.554645738174,0.0,8290.373523439404
2026-03-17T17:00:00Z,2026-03-17T17:15:00Z,2026-03-17,2026-03-17_73,69.0,0,0,31,121.15165614906834,102.40165614906834,0.052083333333333336,0.0,0.0,True,False,True,False,3020.13,317.1553906848024,0.0,0.0,0.0,0.0,3337.2853906848027
2026-03-17T17:15:00Z,2026-03-17T17:30:00Z,2026-03-17,2026-03-17_74,69.0,0,0,31,102.40165614906834,83.65165614906834,0.052083333333333336,0.0,0.0,True,False,True,False,3520.8975,317.1553906848024,0.0,0.0,0.0,0.0,3838.0528906848026
2026-03-17T17:30:00Z,2026-03-17T17:45:00Z,2026-03-17,2026-03-17_75,69.0,0,0,31,83.65165614906834,64.90165614906834,0.052083333333333336,0.0,0.0,True,False,True,False,3906.2625,317.1553906848024,0.0,0.0,0.0,0.0,4223.417890684802
2026-03-17T17:45:00Z,2026-03-17T18:00:00Z,2026-03-17,2026-03-17_76,69.0,0,0,31,64.90165614906834,46.151656149068344,0.052083333333333336,0.0,0.0,True,False,True,False,3797.07,317.1553906848024,0.0,0.0,0.0,0.0,4114.225390684803
2026-03-17T18:00:00Z,2026-03-17T18:15:00Z,2026-03-17,2026-03-17_77,0.0,100,100,0,46.151656149068344,54.27252472049692,0.024700825396825398,0.35485714285714287,9.246285714285715,True,True,True,False,0.0,0.0,106.69493022434199,68.09750927397987,54.35933075933076,114.86489660528878,344.0166668629414
2026-03-17T18:15:00Z,2026-03-17T18:30:00Z,2026-03-17,2026-03-17_78,0.0,100,100,0,54.27252472049692,66.00383900621121,0.03258698412698413,0.0,12.751428571428573,True,True,True,False,0.0,0.0,106.69493022434199,68.09750927397987,0.0,155.06992538757245,329.8623648858943
2026-03-17T18:30:00Z,2026-03-17T18:45:00Z,2026-03-17,2026-03-17_79,0.0,100,100,0,66.00383900621121,67.28198757763978,0.004344063492063492,0.13142857142857145,1.5445714285714285,True,True,True,False,0.0,0.0,106.69493022434199,68.09750927397987,19.14710677063619,-25.588548548548548,168.3509977204095
2026-03-17T18:45:00Z,2026-03-17T19:00:00Z,2026-03-17,2026-03-17_80,0.0,100,100,0,67.28198757763978,64.34782608695656,0.008150448585231193,2.6994285714285713,0.0,True,True,True,False,0.0,0.0,106.69493022434199,68.09750927397987,517.5608163906203,0.0,692.3532558889422
2026-03-17T19:00:00Z,2026-03-17T19:15:00Z,2026-03-17,2026-03-17_81,0.0,0,0,100,64.34782608695656,64.34782608695656,0.0,0.0,0.0,True,True,True,False,0.0,1023.0819054348466,0.0,0.0,0.0,0.0,1023.0819054348466
2026-03-17T19:15:00Z,2026-03-17T19:30:00Z,2026-03-17,2026-03-17_82,0.0,0,0,100,64.34782608695656,64.34782608695656,0.0,0.0,0.0,True,True,True,False,0.0,1023.0819054348466,0.0,0.0,0.0,0.0,1023.0819054348466
2026-03-17T19:30:00Z,2026-03-17T19:45:00Z,2026-03-17,2026-03-17_83,0.0,0,0,100,64.34782608695656,64.34782608695656,0.0,0.0,0.0,True,True,True,False,0.0,1023.0819054348466,0.0,0.0,0.0,0.0,1023.0819054348466
2026-03-17T19:45:00Z,2026-03-17T20:00:00Z,2026-03-17,2026-03-17_84,0.0,0,0,100,64.34782608695656,64.34782608695656,0.0,0.0,0.0,True,True,True,False,0.0,1023.0819054348466,0.0,0.0,0.0,0.0,1023.0819054348466
2026-03-17T20:00:00Z,2026-03-17T20:15:00Z,2026-03-17,2026-03-17_85,82.0,18,100,0,64.34782608695656,41.76105437018637,0.06280306683229814,0.34539428571428576,0.06742857142857143,True,True,True,False,3056.96,0.0,19.040805511393746,68.09750927397987,60.82258532818533,-4.405190400484519,3200.5157097130746
2026-03-17T20:15:00Z,2026-03-17T20:30:00Z,2026-03-17,2026-03-17_86,81.85869560318096,18,100,0,41.76105437018637,21.252754921739164,0.05849556069425786,0.00504,1.648,True,True,True,False,2854.41271568292,0.0,19.040805511393746,68.09750927397987,0.6954851792969441,-31.39768474356709,2910.8488309040235
2026-03-17T20:30:00Z,2026-03-17T20:45:00Z,2026-03-17,2026-03-17_87,82.0,18,100,0,21.252754921739164,10.000000000000037,0.040858772560386475,0.0,10.436,True,True,True,False,2708.87,0.0,19.040805511393746,68.09750927397987,0.0,200.68647785039943,2996.694792635773
2026-03-17T20:45:00Z,2026-03-17T21:00:00Z,2026-03-17,2026-03-17_88,82.0,18,100,0,10.000000000000037,12.89828837763979,0.013868330379572118,0.0,23.825142857142858,True,True,True,False,2429.66,0.0,19.040805511393746,68.09750927397987,0.0,2452.5835590212064,4969.38187380658
2026-03-17T21:00:00Z,2026-03-17T21:15:00Z,2026-03-17,2026-03-17_89,47.0,53,100,0,12.89828837763979,10.314932690683268,0.034817490241545894,0.0,10.203999999999999,True,True,True,False,1629.3725,0.0,56.06459400577047,68.09750927397987,0.0,125.1381436338299,1878.67274691358
2026-03-17T21:15:00Z,2026-03-17T21:30:00Z,2026-03-17,2026-03-17_90,47.0,53,100,0,10.314932690683268,10.071419110559043,0.03466601645272602,0.0,12.54742857142857,True,True,True,False,1476.6225,0.0,56.06459400577047,68.09750927397987,0.0,174.95078966922102,1775.7353929489714
2026-03-17T21:30:00Z,2026-03-17T21:45:00Z,2026-03-17,2026-03-17_91,47.0,53,100,0,10.071419110559043,21.01704075527954,0.03394166812974465,0.0,23.753714285714285,True,True,True,False,1287.565,0.0,56.06459400577047,68.09750927397987,0.0,2366.2800346565054,3778.0071379362557
2026-03-17T21:45:00Z,2026-03-17T22:00:00Z,2026-03-17,2026-03-17_92,0.0,53,100,0,21.01704075527954,43.8351436124224,0.06338361904761906,0.0,24.802285714285716,True,True,True,False,0.0,0.0,56.06459400577047,68.09750927397987,0.0,4842.299558045441,4966.461661325191
2026-03-17T22:00:00Z,2026-03-17T22:15:00Z,2026-03-18,2026-03-17_93,0.0,100,100,0,43.8351436124224,62.21358932670812,0.051051238095238094,0.0,19.97657142857143,True,True,True,False,0.0,0.0,105.39489958183638,62.6950939395724,0.0,2037.8165734142176,2205.9065669356264
2026-03-17T22:15:00Z,2026-03-17T22:30:00Z,2026-03-18,2026-03-17_94,0.0,100,100,0,62.21358932670812,74.62990932670812,0.03448977777777778,0.0,13.496,True,True,True,False,0.0,0.0,105.39489958183638,62.6950939395724,0.0,483.9318986198638,652.0218921412726
2026-03-17T22:30:00Z,2026-03-17T22:45:00Z,2026-03-18,2026-03-17_95,0.0,100,100,0,74.62990932670812,83.53813789813668,0.024745079365079366,0.0,9.682857142857143,True,True,True,False,0.0,0.0,105.39489958183638,62.6950939395724,0.0,160.96844673672518,329.05844025813394
2026-03-17T22:45:00Z,2026-03-17T23:00:00Z,2026-03-18,2026-03-17_96,0.0,100,100,0,83.53813789813668,94.59390932670811,0.03071047619047619,0.0,12.017142857142858,True,True,True,False,0.0,0.0,105.39489958183638,62.6950939395724,0.0,1034.5920826567271,1202.682076178136
2026-03-17T23:00:00Z,2026-03-17T23:15:00Z,2026-03-18,2026-03-18_1,0.0,0,0,100,94.59390932670811,94.59390932670811,0.0,0.0,0.0,True,True,True,False,0.0,1023.3229283232228,0.0,0.0,0.0,0.0,1023.3229283232228
2026-03-17T23:15:00Z,2026-03-17T23:30:00Z,2026-03-18,2026-03-18_2,0.0,0,0,100,94.59390932670811,94.59390932670811,0.0,0.0,0.0,True,True,True,False,0.0,1023.3229283232228,0.0,0.0,0.0,0.0,1023.3229283232228
2026-03-17T23:30:00Z,2026-03-17T23:45:00Z,2026-03-18,2026-03-18_3,0.0,0,0,100,94.59390932670811,94.59390932670811,0.0,0.0,0.0,True,True,True,False,0.0,1023.3229283232228,0.0,0.0,0.0,0.0,1023.3229283232228
2026-03-17T23:45:00Z,2026-03-18T00:00:00Z,2026-03-18,2026-03-18_4,0.0,0,0,100,94.59390932670811,94.59390932670811,0.0,0.0,0.0,True,True,True,False,0.0,1023.3229283232228,0.0,0.0,0.0,0.0,1023.3229283232228
2026-03-18T00:00:00Z,2026-03-18T00:15:00Z,2026-03-18,2026-03-18_5,0.0,0,0,100,94.59390932670811,94.59390932670811,0.0,0.0,0.0,True,True,True,False,0.0,1023.3229283232228,0.0,0.0,0.0,0.0,1023.3229283232228
2026-03-18T00:15:00Z,2026-03-18T00:30:00Z,2026-03-18,2026-03-18_6,0.0,0,0,100,94.59390932670811,94.59390932670811,0.0,0.0,0.0,True,True,True,False,0.0,1023.3229283232228,0.0,0.0,0.0,0.0,1023.3229283232228
2026-03-18T00:30:00Z,2026-03-18T00:45:00Z,2026-03-18,2026-03-18_7,0.0,0,0,100,94.59390932670811,94.59390932670811,0.0,0.0,0.0,True,True,True,False,0.0,1023.3229283232228,0.0,0.0,0.0,0.0,1023.3229283232228
2026-03-18T00:45:00Z,2026-03-18T01:00:00Z,2026-03-18,2026-03-18_8,0.0,0,0,100,94.59390932670811,94.59390932670811,0.0,0.0,0.0,True,True,True,False,0.0,1023.3229283232228,0.0,0.0,0.0,0.0,1023.3229283232228
2026-03-18T01:00:00Z,2026-03-18T01:15:00Z,2026-03-18,2026-03-18_9,0.0,0,0,100,94.59390932670811,94.59390932670811,0.0,0.0,0.0,True,True,True,False,0.0,1023.3229283232228,0.0,0.0,0.0,0.0,1023.3229283232228
2026-03-18T01:15:00Z,2026-03-18T01:30:00Z,2026-03-18,2026-03-18_10,0.0,0,0,100,94.59390932670811,94.59390932670811,0.0,0.0,0.0,True,True,True,False,0.0,1023.3229283232228,0.0,0.0,0.0,0.0,1023.3229283232228
2026-03-18T01:30:00Z,2026-03-18T01:45:00Z,2026-03-18,2026-03-18_11,0.0,0,0,100,94.59390932670811,94.59390932670811,0.0,0.0,0.0,True,True,True,False,0.0,1023.3229283232228,0.0,0.0,0.0,0.0,1023.3229283232228
2026-03-18T01:45:00Z,2026-03-18T02:00:00Z,2026-03-18,2026-03-18_12,0.0,0,0,100,94.59390932670811,94.59390932670811,0.0,0.0,0.0,True,True,True,False,0.0,1023.3229283232228,0.0,0.0,0.0,0.0,1023.3229283232228
2026-03-18T02:00:00Z,2026-03-18T02:15:00Z,2026-03-18,2026-03-18_13,0.0,0,0,100,94.59390932670811,94.59390932670811,0.0,0.0,0.0,True,True,True,False,0.0,1023.3229283232228,0.0,0.0,0.0,0.0,1023.3229283232228
2026-03-18T02:15:00Z,2026-03-18T02:30:00Z,2026-03-18,2026-03-18_14,0.0,0,0,100,94.59390932670811,94.59390932670811,0.0,0.0,0.0,True,True,True,False,0.0,1023.3229283232228,0.0,0.0,0.0,0.0,1023.3229283232228
2026-03-18T02:30:00Z,2026-03-18T02:45:00Z,2026-03-18,2026-03-18_15,0.0,0,0,100,94.59390932670811,94.59390932670811,0.0,0.0,0.0,True,True,True,False,0.0,1023.3229283232228,0.0,0.0,0.0,0.0,1023.3229283232228
2026-03-18T02:45:00Z,2026-03-18T03:00:00Z,2026-03-18,2026-03-18_16,0.0,0,0,100,94.59390932670811,94.59390932670811,0.0,0.0,0.0,True,True,True,False,0.0,1023.3229283232228,0.0,0.0,0.0,0.0,1023.3229283232228
2026-03-18T03:00:00Z,2026-03-18T03:15:00Z,2026-03-18,2026-03-18_17,0.0,0,0,100,94.59390932670811,94.59390932670811,0.0,0.0,0.0,True,True,True,False,0.0,1023.3229283232228,0.0,0.0,0.0,0.0,1023.3229283232228
2026-03-18T03:15:00Z,2026-03-18T03:30:00Z,2026-03-18,2026-03-18_18,0.0,0,0,100,94.59390932670811,94.59390932670811,0.0,0.0,0.0,True,True,True,False,0.0,1023.3229283232228,0.0,0.0,0.0,0.0,1023.3229283232228
2026-03-18T03:30:00Z,2026-03-18T03:45:00Z,2026-03-18,2026-03-18_19,0.0,0,0,100,94.59390932670811,94.59390932670811,0.0,0.0,0.0,True,True,True,False,0.0,1023.3229283232228,0.0,0.0,0.0,0.0,1023.3229283232228
2026-03-18T03:45:00Z,2026-03-18T04:00:00Z,2026-03-18,2026-03-18_20,0.0,0,0,100,94.59390932670811,94.59390932670811,0.0,0.0,0.0,True,True,True,False,0.0,1023.3229283232228,0.0,0.0,0.0,0.0,1023.3229283232228
2026-03-18T04:00:00Z,2026-03-18T04:15:00Z,2026-03-18,2026-03-18_21,0.0,0,0,100,94.59390932670811,94.59390932670811,0.0,0.0,0.0,True,True,True,False,0.0,1023.3229283232228,0.0,0.0,0.0,0.0,1023.3229283232228
2026-03-18T04:15:00Z,2026-03-18T04:30:00Z,2026-03-18,2026-03-18_22,0.0,0,0,100,94.59390932670811,94.59390932670811,0.0,0.0,0.0,True,True,True,False,0.0,1023.3229283232228,0.0,0.0,0.0,0.0,1023.3229283232228
2026-03-18T04:30:00Z,2026-03-18T04:45:00Z,2026-03-18,2026-03-18_23,0.0,0,0,100,94.59390932670811,94.59390932670811,0.0,0.0,0.0,True,True,True,False,0.0,1023.3229283232228,0.0,0.0,0.0,0.0,1023.3229283232228
2026-03-18T04:45:00Z,2026-03-18T05:00:00Z,2026-03-18,2026-03-18_24,0.0,0,0,100,94.59390932670811,94.59390932670811,0.0,0.0,0.0,True,True,True,False,0.0,1023.3229283232228,0.0,0.0,0.0,0.0,1023.3229283232228
2026-03-18T05:00:00Z,2026-03-18T05:15:00Z,2026-03-18,2026-03-18_25,0.0,0,100,0,94.59390932670811,96.30353218385098,0.004748952380952381,0.0,1.858285714285714,True,True,True,False,0.0,0.0,0.0,62.72454208139466,0.0,-68.7412854534593,-6.016743372064639
2026-03-18T05:15:00Z,2026-03-18T05:30:00Z,2026-03-18,2026-03-18_26,100.0,0,100,0,96.30353218385098,71.01098560000004,0.07025707384403036,0.0,1.7308571428571426,True,True,True,False,3506.5,0.0,0.0,62.72454208139466,0.0,-80.9999822750232,3488.2245598063714
2026-03-18T05:30:00Z,2026-03-18T05:45:00Z,2026-03-18,2026-03-18_27,100.00000000000003,0,100,0,71.01098560000004,52.373718519254695,0.05177018633540375,0.0,7.853714285714286,True,True,True,False,3670.500000000001,0.0,0.0,62.72454208139466,0.0,-31.171553431549896,3702.0529886498457
2026-03-18T05:45:00Z,2026-03-18T06:00:00Z,2026-03-18,2026-03-18_28,100.0,0,100,0,52.373718519254695,36.73707255652178,0.043435127674258105,0.0,10.614285714285714,True,True,True,False,3689.75,0.0,0.0,62.72454208139466,0.0,295.9526333650252,4048.42717544642
2026-03-18T06:00:00Z,2026-03-18T06:15:00Z,2026-03-18,2026-03-18_29,100.0,0,100,0,36.73707255652178,20.745147090683272,0.04442201518288475,0.0,10.28742857142857,True,True,True,False,3901.5,0.0,0.0,64.75646386712998,0.0,539.7441370432382,4506.000600910368
2026-03-18T06:15:00Z,2026-03-18T06:30:00Z,2026-03-18,2026-03-18_30,100.0,0,100,0,20.745147090683272,11.643283736646007,0.025282953761214626,0.0,16.626285714285714,True,True,True,False,3903.4999999999995,0.0,0.0,64.75646386712998,0.0,2653.106322600187,6621.362786467316
2026-03-18T06:30:00Z,2026-03-18T06:45:00Z,2026-03-18,2026-03-18_31,32.05250078729481,0,100,0,11.643283736646007,10.018319900621147,0.029788359924677703,0.0,7.277714285714286,True,True,True,False,968.9470987999222,0.0,0.0,64.75646386712998,0.0,70.40967469619333,1104.1132373632454
2026-03-18T06:45:00Z,2026-03-18T07:00:00Z,2026-03-18,2026-03-18_32,0.0,0,100,0,10.018319900621147,16.122914186335432,0.01695720634920635,0.0,6.635428571428571,True,True,True,False,0.0,0.0,0.0,64.75646386712998,0.0,28.64579270190908,93.40225656903905
2026-03-18T07:00:00Z,2026-03-18T07:15:00Z,2026-03-18,2026-03-18_33,40.0,60,100,0,16.122914186335432,10.601146832298165,0.031957823602484475,0.0,5.419428571428572,True,True,True,False,1366.2,0.0,58.34265857824372,70.61664408975793,0.0,-9.854280273390941,1485.3050223946107
2026-03-18T07:15:00Z,2026-03-18T07:30:00Z,2026-03-18,2026-03-18_34,0.0,60,100,0,10.601146832298165,19.77223254658388,0.025475238095238103,0.0,9.96857142857143,True,True,True,False,0.0,0.0,58.34265857824372,70.61664408975793,0.0,233.35737423540004,362.3166769034017
2026-03-18T07:30:00Z,2026-03-18T07:45:00Z,2026-03-18,2026-03-18_35,0.0,60,100,0,19.77223254658388,39.31881540372673,0.054296063492063486,0.0,21.246285714285712,True,True,True,False,0.0,0.0,58.34265857824372,70.61664408975793,0.0,3130.366180183363,3259.325482851365
2026-03-18T07:45:00Z,2026-03-18T08:00:00Z,2026-03-18,2026-03-18_36,0.0,60,100,0,39.31881540372673,60.54347826086959,0.05895739682539682,0.0,23.070285714285713,True,True,True,False,0.0,0.0,58.34265857824372,70.61664408975793,0.0,2589.2644420698957,2718.2237447378975
2026-03-18T08:00:00Z,2026-03-18T08:15:00Z,2026-03-18,2026-03-18_37,0.0,0,0,93,60.54347826086959,60.54347826086959,0.0,0.0,0.0,True,False,True,False,0.0,951.690323340597,0.0,0.0,0.0,0.0,951.690323340597
2026-03-18T08:15:00Z,2026-03-18T08:30:00Z,2026-03-18,2026-03-18_38,0.0,0,0,93,60.54347826086959,60.54347826086959,0.0,0.0,0.0,True,False,True,False,0.0,951.690323340597,0.0,0.0,0.0,0.0,951.690323340597
2026-03-18T08:30:00Z,2026-03-18T08:45:00Z,2026-03-18,2026-03-18_39,0.0,0,0,93,60.54347826086959,60.54347826086959,0.0,0.0,0.0,True,False,True,False,0.0,951.690323340597,0.0,0.0,0.0,0.0,951.690323340597
2026-03-18T08:45:00Z,2026-03-18T09:00:00Z,2026-03-18,2026-03-18_40,-6.936120896570292,0,0,93,60.54347826086959,62.13878606708076,0.004431410572808798,0.0,0.0,True,False,True,False,-51.882184306345785,951.690323340597,0.0,0.0,0.0,0.0,899.8081390342512
2026-03-18T09:00:00Z,2026-03-18T09:15:00Z,2026-03-18,2026-03-18_41,100.0,0,100,0,62.13878606708076,51.049966191304364,0.030802277432712216,0.0,14.798285714285713,True,True,True,False,2543.5,0.0,0.0,98.38624182814063,0.0,9572.530128590219,12214.41637041836
2026-03-18T09:15:00Z,2026-03-18T09:30:00Z,2026-03-18,2026-03-18_42,0.0,0,100,0,51.049966191304364,51.51049190559008,0.0012792380952380952,0.0,0.5005714285714286,True,True,True,False,0.0,0.0,0.0,98.38624182814063,0.0,-28.781407621179103,69.60483420696153
2026-03-18T09:30:00Z,2026-03-18T09:45:00Z,2026-03-18,2026-03-18_43,-7.723290606088047e-15,0,100,0,51.51049190559008,59.040297619875794,0.02091612698412699,0.0,8.184571428571429,True,True,True,False,-2.9618819474347656e-14,0.0,0.0,98.38624182814063,0.0,985.8538586881834,1084.240100516324
2026-03-18T09:45:00Z,2026-03-18T10:00:00Z,2026-03-18,2026-03-18_44,0.0,0,100,0,59.040297619875794,59.54866333416151,0.0014121269841269842,0.0,0.5525714285714286,True,True,True,False,0.0,0.0,0.0,98.38624182814063,0.0,-27.84726982070289,70.53897200743774
2026-03-18T10:00:00Z,2026-03-18T10:15:00Z,2026-03-18,2026-03-18_45,-9.0,9,0,91,59.54866333416151,61.58516481987579,0.005656948571428572,0.03641142857142857,0.0,True,True,True,False,-18.99,931.2238647741327,7.439484068555274,0.0,3.5406802823656105,0.0,923.2140291250536
2026-03-18T10:15:00Z,2026-03-18T10:30:00Z,2026-03-18,2026-03-18_46,-9.0,9,0,91,61.58516481987579,63.64172756273293,0.0057126742857142865,0.014605714285714284,0.0,True,True,True,False,-17.505,931.2238647741327,7.439484068555274,0.0,1.4164133509461265,0.0,922.5747621936341
2026-03-18T10:30:00Z,2026-03-18T10:45:00Z,2026-03-18,2026-03-18_47,-9.0,9,0,91,63.64172756273293,65.69019956273293,0.005690199999999999,0.023399999999999997,0.0,True,True,True,False,-20.1825,931.2238647741327,7.439484068555274,0.0,2.292806761293362,0.0,920.7736556039814
2026-03-18T10:45:00Z,2026-03-18T11:00:00Z,2026-03-18,2026-03-18_48,-9.0,9,0,91,65.69019956273293,67.75598859130434,0.005738302857142857,0.004577142857142857,0.0,True,True,True,False,-21.015,931.2238647741327,7.439484068555274,0.0,0.4438760149091735,0.0,918.0922248575972
2026-03-18T11:00:00Z,2026-03-18T11:15:00Z,2026-03-18,2026-03-18_49,-61.0,61,0,39,67.75598859130434,81.78598859130435,0.03897222222222222,0.0,0.0,True,True,True,False,-128.70999999999998,399.09594204605685,50.42316979798575,0.0,0.0,0.0,320.8091118440426
2026-03-18T11:15:00Z,2026-03-18T11:30:00Z,2026-03-18,2026-03-18_50,-61.0,61,0,39,81.78598859130435,95.80027499130433,0.038928573333333334,0.01708,0.0,True,True,True,False,-152.3475,399.09594204605685,50.42316979798575,0.0,1.5089227869721422,0.0,298.6805346310147
2026-03-18T11:30:00Z,2026-03-18T11:45:00Z,2026-03-18,2026-03-18_51,-61.0,61,0,39,95.80027499130433,108.4237474484472,0.03506520126984127,1.5288342857142858,0.0,True,True,True,False,-117.425,399.09594204605685,50.42316979798575,0.0,198.75896211959312,0.0,530.8530739636358
2026-03-18T11:45:00Z,2026-03-18T12:00:00Z,2026-03-18,2026-03-18_52,-61.0,61,0,39,108.4237474484472,122.4537474484472,0.03897222222222223,0.0,0.0,True,True,True,False,-77.77499999999999,399.09594204605685,50.42316979798575,0.0,0.0,0.0,371.7441118440426
2026-03-18T12:00:00Z,2026-03-18T12:15:00Z,2026-03-18,2026-03-18_53,-11.0,11,0,89,122.4537474484472,124.9837474484472,0.007027777777777779,0.0,0.0,True,True,True,False,-32.6425,910.7574062076682,8.67807291359915,0.0,0.0,0.0,886.7929791212673
2026-03-18T12:15:00Z,2026-03-18T12:30:00Z,2026-03-18,2026-03-18_54,-11.0,11,0,89,124.9837474484472,127.50594059130435,0.007006092063492064,0.008485714285714286,0.0,True,True,True,False,-35.1175,910.7574062076682,8.67807291359915,0.0,0.7902307892943384,0.0,885.1082099105616
2026-03-18T12:30:00Z,2026-03-18T12:45:00Z,2026-03-18,2026-03-18_55,-11.0,11,0,89,127.50594059130435,129.97845899130434,0.006868106666666668,0.06248,0.0,True,True,True,False,-35.089999999999996,910.7574062076682,8.67807291359915,0.0,7.267217496122662,0.0,891.6126966173899
2026-03-18T12:45:00Z,2026-03-18T13:00:00Z,2026-03-18,2026-03-18_56,-11.0,11,0,89,129.97845899130434,131.9420859627329,0.005454519365079365,0.6156228571428571,0.0,True,True,True,False,-23.869999999999997,910.7574062076682,8.67807291359915,0.0,83.62678807378303,0.0,979.1922671950504
2026-03-18T13:00:00Z,2026-03-18T13:15:00Z,2026-03-18,2026-03-18_57,-100.0,100,0,0,131.9420859627329,153.61623453416146,0.060205968253968255,1.441142857142857,0.0,True,True,True,False,-97.0,0.0,88.55056245950881,0.0,179.24923370325806,0.0,170.79979616276688
2026-03-18T13:15:00Z,2026-03-18T13:30:00Z,2026-03-18,2026-03-18_58,-100.0,100,0,0,153.61623453416146,160.6907716770186,0.019651492063492065,17.310285714285715,0.0,True,True,True,False,-210.75,0.0,88.55056245950881,0.0,3817.346704584655,0.0,3695.147267044164
2026-03-18T13:30:00Z,2026-03-18T13:45:00Z,2026-03-18,2026-03-18_59,-100.0,100,0,0,160.6907716770186,172.64236024844718,0.03319885714285715,12.009142857142855,0.0,True,True,True,False,-447.25,0.0,88.55056245950881,0.0,2099.2317443116003,0.0,1740.5323067711092
2026-03-18T13:45:00Z,2026-03-18T14:00:00Z,2026-03-18,2026-03-18_60,0.0,100,0,0,172.64236024844718,163.31999999999996,0.025895445134575566,8.576571428571429,0.0,True,True,True,False,0.0,0.0,88.55056245950881,0.0,1238.9817761436398,0.0,1327.5323386031487
2026-03-18T14:00:00Z,2026-03-18T14:15:00Z,2026-03-18,2026-03-18_61,-84.0,0,0,16,163.31999999999996,182.63999999999996,0.05366666666666667,0.0,0.0,True,False,True,False,-121.8,163.73166853171563,0.0,0.0,0.0,0.0,41.93166853171563
2026-03-18T14:15:00Z,2026-03-18T14:30:00Z,2026-03-18,2026-03-18_62,0.0,0,0,16,182.63999999999996,182.63999999999996,0.0,0.0,0.0,True,False,True,False,0.0,163.73166853171563,0.0,0.0,0.0,0.0,163.73166853171563
2026-03-18T14:30:00Z,2026-03-18T14:45:00Z,2026-03-18,2026-03-18_63,0.0,0,0,16,182.63999999999996,182.63999999999996,0.0,0.0,0.0,True,False,True,False,0.0,163.73166853171563,0.0,0.0,0.0,0.0,163.73166853171563
2026-03-18T14:45:00Z,2026-03-18T15:00:00Z,2026-03-18,2026-03-18_64,0.050300342857134694,0,0,16,182.63999999999996,182.62633142857138,3.7968253968247806e-05,0.0,0.0,True,False,True,False,1.32943806171407,163.73166853171563,0.0,0.0,0.0,0.0,165.06110659342968
2026-03-18T15:00:00Z,2026-03-18T15:15:00Z,2026-03-18,2026-03-18_65,-100.00000000000014,100,0,0,182.62633142857138,186.84624,0.011721968253968346,20.41314285714286,0.0,True,True,True,False,-1783.7500000000025,0.0,107.2501325166382,0.0,14835.73457868123,0.0,13159.234711197865
2026-03-18T15:15:00Z,2026-03-18T15:30:00Z,2026-03-18,2026-03-18_66,-100.0,100,0,0,186.84624,190.0,0.008760444444444446,21.572,0.0,True,True,True,False,-2522.0,0.0,107.2501325166382,0.0,19405.012833107565,0.0,16990.262965624202
2026-03-18T15:30:00Z,2026-03-18T15:45:00Z,2026-03-18,2026-03-18_67,0.0,100,0,0,190.0,175.61987577639752,0.0399447895100069,13.229714285714286,0.0,True,True,True,False,0.0,0.0,107.2501325166382,0.0,10194.895175272535,0.0,10302.145307789173
2026-03-18T15:45:00Z,2026-03-18T16:00:00Z,2026-03-18,2026-03-18_68,0.0,100,0,0,175.61987577639752,156.9055900621118,0.05198412698412698,17.217142857142857,0.0,True,True,True,False,0.0,0.0,107.2501325166382,0.0,13188.567358557772,0.0,13295.81749107441
2026-03-18T16:00:00Z,2026-03-18T16:15:00Z,2026-03-18,2026-03-18_69,-74.0000000000002,100,26,0,156.9055900621118,168.2789140670808,0.040794844113181565,5.861142857142857,0.0,True,True,True,False,-1978.5750000000053,0.0,107.2501325166382,16.50745037988103,1572.7152607001929,0.0,-282.1021564032932
2026-03-18T16:15:00Z,2026-03-18T16:30:00Z,2026-03-18,2026-03-18_70,0.0,100,26,0,168.2789140670808,156.82301344596277,0.031821946169772256,10.539428571428571,0.0,True,True,True,False,0.0,0.0,107.2501325166382,16.50745037988103,7999.711202241424,0.0,8123.468785137943
2026-03-18T16:30:00Z,2026-03-18T16:45:00Z,2026-03-18,2026-03-18_71,1.3998464223534582e-14,100,26,0,156.82301344596277,151.5907153093168,0.01453416149068324,4.813714285714286,0.0,True,True,True,False,5.848208390987161e-13,0.0,107.2501325166382,16.50745037988103,1858.5036695750216,0.0,1982.2612524715414
2026-03-18T16:45:00Z,2026-03-18T17:00:00Z,2026-03-18,2026-03-18_72,0.0,100,26,0,151.5907153093168,143.88823083726712,0.021395790200138026,7.086285714285714,0.0,True,True,True,False,0.0,0.0,107.2501325166382,16.50745037988103,3396.951434797607,0.0,3520.709017694126
2026-03-18T17:00:00Z,2026-03-18T17:15:00Z,2026-03-18,2026-03-18_73,0.0,0,0,100,143.88823083726712,143.88823083726712,0.0,0.0,0.0,True,True,True,False,0.0,1023.3229283232228,0.0,0.0,0.0,0.0,1023.3229283232228
2026-03-18T17:15:00Z,2026-03-18T17:30:00Z,2026-03-18,2026-03-18_74,0.0,0,0,100,143.88823083726712,143.88823083726712,0.0,0.0,0.0,True,True,True,False,0.0,1023.3229283232228,0.0,0.0,0.0,0.0,1023.3229283232228
2026-03-18T17:30:00Z,2026-03-18T17:45:00Z,2026-03-18,2026-03-18_75,0.0,0,0,100,143.88823083726712,143.88823083726712,0.0,0.0,0.0,True,True,True,False,0.0,1023.3229283232228,0.0,0.0,0.0,0.0,1023.3229283232228
2026-03-18T17:45:00Z,2026-03-18T18:00:00Z,2026-03-18,2026-03-18_76,0.0,0,0,100,143.88823083726712,143.88823083726712,0.0,0.0,0.0,True,True,True,False,0.0,1023.3229283232228,0.0,0.0,0.0,0.0,1023.3229283232228
2026-03-18T18:00:00Z,2026-03-18T18:15:00Z,2026-03-18,2026-03-18_77,0.0,100,100,0,143.88823083726712,131.3670253714286,0.03493591994478951,11.545142857142858,0.030285714285714284,True,True,True,False,0.0,0.0,109.28205430237351,64.49143059072972,3526.1133292386394,-2.9728600315796263,3696.913954100163
2026-03-18T18:15:00Z,2026-03-18T18:30:00Z,2026-03-18,2026-03-18_78,0.0,100,100,0,131.3670253714286,117.43969617888203,0.03868702553485162,12.813142857142857,0.0,True,True,True,False,0.0,0.0,109.28205430237351,64.49143059072972,3334.795443671314,0.0,3508.568928564417
2026-03-18T18:30:00Z,2026-03-18T18:45:00Z,2026-03-18,2026-03-18_79,0.0,100,100,0,117.43969617888203,105.8167148124224,0.03228605935127674,10.693142857142858,0.0,True,True,True,False,0.0,0.0,109.28205430237351,64.49143059072972,2660.7865540345356,0.0,2834.5600389276387
2026-03-18T18:45:00Z,2026-03-18T19:00:00Z,2026-03-18,2026-03-18_80,0.0,100,100,0,105.8167148124224,93.79870239006216,0.03338336783988958,11.056571428571429,0.0,True,True,True,False,0.0,0.0,109.28205430237351,64.49143059072972,3335.9102325281374,0.0,3509.6837174212405
2026-03-18T19:00:00Z,2026-03-18T19:15:00Z,2026-03-18,2026-03-18_81,-7.0,100,93,0,93.79870239006216,81.5119185291926,0.038450479613526566,12.924,0.0,True,True,True,False,-201.775,0.0,108.16302491312797,60.278284940220274,7756.394279992932,0.0,7723.06058984628
2026-03-18T19:15:00Z,2026-03-18T19:30:00Z,2026-03-18,2026-03-18_82,-7.0,100,93,0,81.5119185291926,69.7031687950311,0.03728166481711525,12.47942857142857,0.0,True,True,True,False,-211.61,0.0,108.16302491312797,60.278284940220274,7313.608595604092,0.0,7270.439905457441
2026-03-18T19:30:00Z,2026-03-18T19:45:00Z,2026-03-18,2026-03-18_83,-0.45782346226294146,100,93,0,69.7031687950311,64.65060715527959,0.014508774155576167,4.748571428571429,0.0,True,True,True,False,-13.841147822864379,0.0,108.16302491312797,60.278284940220274,1091.6820004543429,0.0,1246.2821624848268
2026-03-18T19:45:00Z,2026-03-18T20:00:00Z,2026-03-18,2026-03-18_84,8.161685397571314e-14,100,93,0,64.65060715527959,64.34782608695657,0.0011534204278813587,0.33028571428571424,0.061114285714285725,True,True,True,False,2.467277495685808e-12,0.0,108.16302491312797,60.278284940220274,50.127342964277986,-5.999007176932851,212.56964564069585
2026-03-18T20:00:00Z,2026-03-18T20:15:00Z,2026-03-18,2026-03-18_85,0.0,0,0,100,64.34782608695657,64.34782608695657,0.0,0.0,0.0,True,True,True,False,0.0,1023.3229283232228,0.0,0.0,0.0,0.0,1023.3229283232228
2026-03-18T20:15:00Z,2026-03-18T20:30:00Z,2026-03-18,2026-03-18_86,0.0,0,0,100,64.34782608695657,64.34782608695657,0.0,0.0,0.0,True,True,True,False,0.0,1023.3229283232228,0.0,0.0,0.0,0.0,1023.3229283232228
2026-03-18T20:30:00Z,2026-03-18T20:45:00Z,2026-03-18,2026-03-18_87,0.0,0,0,100,64.34782608695657,64.34782608695657,0.0,0.0,0.0,True,True,True,False,0.0,1023.3229283232228,0.0,0.0,0.0,0.0,1023.3229283232228
2026-03-18T20:45:00Z,2026-03-18T21:00:00Z,2026-03-18,2026-03-18_88,0.0,0,0,100,64.34782608695657,64.34782608695657,0.0,0.0,0.0,True,True,True,False,0.0,1023.3229283232228,0.0,0.0,0.0,0.0,1023.3229283232228
2026-03-18T21:00:00Z,2026-03-18T21:15:00Z,2026-03-18,2026-03-18_89,0.0,0,0,100,64.34782608695657,64.34782608695657,0.0,0.0,0.0,True,True,True,False,0.0,1023.3229283232228,0.0,0.0,0.0,0.0,1023.3229283232228
2026-03-18T21:15:00Z,2026-03-18T21:30:00Z,2026-03-18,2026-03-18_90,0.0,0,0,100,64.34782608695657,64.34782608695657,0.0,0.0,0.0,True,True,True,False,0.0,1023.3229283232228,0.0,0.0,0.0,0.0,1023.3229283232228
2026-03-18T21:30:00Z,2026-03-18T21:45:00Z,2026-03-18,2026-03-18_91,0.0,0,0,100,64.34782608695657,64.34782608695657,0.0,0.0,0.0,True,True,True,False,0.0,1023.3229283232228,0.0,0.0,0.0,0.0,1023.3229283232228
2026-03-18T21:45:00Z,2026-03-18T22:00:00Z,2026-03-18,2026-03-18_92,0.0,0,0,100,64.34782608695657,64.34782608695657,0.0,0.0,0.0,True,True,True,False,0.0,1023.3229283232228,0.0,0.0,0.0,0.0,1023.3229283232228
2026-03-18T22:00:00Z,2026-03-18T22:15:00Z,2026-03-19,2026-03-18_93,0.0,0,0,100,64.34782608695657,64.34782608695657,0.0,0.0,0.0,True,True,True,False,0.0,1023.2626619552414,0.0,0.0,0.0,0.0,1023.2626619552414
2026-03-18T22:15:00Z,2026-03-18T22:30:00Z,2026-03-19,2026-03-18_94,0.0,0,0,100,64.34782608695657,64.34782608695657,0.0,0.0,0.0,True,True,True,False,0.0,1023.2626619552414,0.0,0.0,0.0,0.0,1023.2626619552414
2026-03-18T22:30:00Z,2026-03-18T22:45:00Z,2026-03-19,2026-03-18_95,0.0,0,0,100,64.34782608695657,64.34782608695657,0.0,0.0,0.0,True,True,True,False,0.0,1023.2626619552414,0.0,0.0,0.0,0.0,1023.2626619552414
2026-03-18T22:45:00Z,2026-03-18T23:00:00Z,2026-03-19,2026-03-18_96,0.0,0,0,100,64.34782608695657,64.34782608695657,0.0,0.0,0.0,True,True,True,False,0.0,1023.2626619552414,0.0,0.0,0.0,0.0,1023.2626619552414
2026-03-18T23:00:00Z,2026-03-18T23:15:00Z,2026-03-19,2026-03-19_1,-100.0,100,0,0,64.34782608695657,82.32778037267086,0.04994431746031747,5.456571428571428,0.0,True,True,True,False,-2932.0,0.0,103.09187279151942,0.0,1368.2968783442705,0.0,-1460.6112488642102
2026-03-18T23:15:00Z,2026-03-18T23:30:00Z,2026-03-19,2026-03-19_2,-100.0,100,0,0,82.32778037267086,91.503597515528,0.025488380952380953,15.026285714285715,0.0,True,True,True,False,-2819.25,0.0,103.09187279151942,0.0,6763.67514678333,0.0,4047.5170195748497
2026-03-18T23:30:00Z,2026-03-18T23:45:00Z,2026-03-19,2026-03-19_3,-100.0,100,0,0,91.503597515528,113.06892322981372,0.059903682539682535,1.5594285714285716,0.0,True,True,True,False,-2821.0,0.0,103.09187279151942,0.0,263.08362061809413,0.0,-2454.8245065903866
2026-03-18T23:45:00Z,2026-03-19T00:00:00Z,2026-03-19,2026-03-19_4,-100.0,100,0,0,113.06892322981372,133.24794037267085,0.05605282539682539,3.0662857142857143,0.0,True,True,True,False,-2793.0,0.0,103.09187279151942,0.0,545.6062361321442,0.0,-2144.3018910763362
2026-03-19T00:00:00Z,2026-03-19T00:15:00Z,2026-03-19,2026-03-19_5,0.0,0,0,100,133.24794037267085,133.24794037267085,0.0,0.0,0.0,True,True,True,False,0.0,1023.2626619552414,0.0,0.0,0.0,0.0,1023.2626619552414
2026-03-19T00:15:00Z,2026-03-19T00:30:00Z,2026-03-19,2026-03-19_6,0.0,0,0,100,133.24794037267085,133.24794037267085,0.0,0.0,0.0,True,True,True,False,0.0,1023.2626619552414,0.0,0.0,0.0,0.0,1023.2626619552414
2026-03-19T00:30:00Z,2026-03-19T00:45:00Z,2026-03-19,2026-03-19_7,0.0,0,0,100,133.24794037267085,133.24794037267085,0.0,0.0,0.0,True,True,True,False,0.0,1023.2626619552414,0.0,0.0,0.0,0.0,1023.2626619552414
2026-03-19T00:45:00Z,2026-03-19T01:00:00Z,2026-03-19,2026-03-19_8,0.0,0,0,100,133.24794037267085,133.24794037267085,0.0,0.0,0.0,True,True,True,False,0.0,1023.2626619552414,0.0,0.0,0.0,0.0,1023.2626619552414
2026-03-19T01:00:00Z,2026-03-19T01:15:00Z,2026-03-19,2026-03-19_9,0.0,100,0,0,133.24794037267085,128.96781614906837,0.011889233954451347,3.937714285714286,0.0,True,True,True,False,0.0,0.0,103.09187279151942,0.0,769.8602473498233,0.0,872.9521201413428
2026-03-19T01:15:00Z,2026-03-19T01:30:00Z,2026-03-19,2026-03-19_10,-56.20014121909554,100,0,0,128.96781614906837,136.73412968944092,0.035314580953622283,5.195428571428572,0.0,True,True,True,False,-1655.3751596084592,0.0,103.09187279151942,0.0,1025.7003973301923,0.0,-526.5828894867474
2026-03-19T01:30:00Z,2026-03-19T01:45:00Z,2026-03-19,2026-03-19_11,-100.0,100,0,0,136.73412968944092,148.27934111801235,0.03207003174603174,12.450857142857144,0.0,True,True,True,False,-2976.25,0.0,103.09187279151942,0.0,2923.565869762746,0.0,50.407742554265354
2026-03-19T01:45:00Z,2026-03-19T02:00:00Z,2026-03-19,2026-03-19_12,-100.0,100,0,0,148.27934111801235,153.82036968944092,0.015391746031746036,18.977142857142855,0.0,True,True,True,False,-3023.0,0.0,103.09187279151942,0.0,7158.588823826349,0.0,4238.680696617868
2026-03-19T02:00:00Z,2026-03-19T02:15:00Z,2026-03-19,2026-03-19_13,-100.0,100,0,0,153.82036968944092,159.09170683229806,0.014642603174603174,19.270285714285716,0.0,True,True,True,False,-2873.5,0.0,103.09187279151942,0.0,6795.435119636547,0.0,4025.0269924280665
2026-03-19T02:15:00Z,2026-03-19T02:30:00Z,2026-03-19,2026-03-19_14,-100.0,100,0,0,159.09170683229806,166.05426683229805,0.019340444444444445,17.432,0.0,True,True,True,False,-2950.5,0.0,103.09187279151942,0.0,4977.941327051432,0.0,2130.533199842952
2026-03-19T02:30:00Z,2026-03-19T02:45:00Z,2026-03-19,2026-03-19_15,-100.0,100,0,0,166.05426683229805,175.61490683229806,0.026557333333333336,14.607999999999999,0.0,True,True,True,False,-3090.0,0.0,103.09187279151942,0.0,4202.2203282292885,0.0,1215.3122010208078
2026-03-19T02:45:00Z,2026-03-19T03:00:00Z,2026-03-19,2026-03-19_16,0.0,100,0,0,175.61490683229806,165.59192546583844,0.027841614906832297,9.221142857142857,0.0,True,True,True,False,0.0,0.0,103.09187279151942,0.0,2101.423152953054,0.0,2204.5150257445734
2026-03-19T03:00:00Z,2026-03-19T03:15:00Z,2026-03-19,2026-03-19_17,0.0,100,100,0,165.59192546583844,156.10248447204964,0.026359558316080053,8.730285714285714,0.0,True,True,True,False,0.0,0.0,103.09187279151942,57.803297997644286,2038.226934320489,0.0,2199.1221051096527
2026-03-19T03:15:00Z,2026-03-19T03:30:00Z,2026-03-19,2026-03-19_18,2.485934163834589e-14,100,100,0,156.10248447204964,153.54968944099375,0.0070910973084886315,2.3485714285714288,0.0,True,True,True,False,7.932615916796174e-13,0.0,103.09187279151942,57.803297997644286,449.449904088844,0.0,610.3450748780085
2026-03-19T03:30:00Z,2026-03-19T03:45:00Z,2026-03-19,2026-03-19_19,0.0,100,100,0,153.54968944099375,141.61614906832293,0.03314872325741891,10.978857142857143,0.0,True,True,True,False,0.0,0.0,103.09187279151942,57.803297997644286,2843.0929494643556,0.0,3003.9881202535194
2026-03-19T03:45:00Z,2026-03-19T04:00:00Z,2026-03-19,2026-03-19_20,0.0,100,100,0,141.61614906832293,116.94968944099374,0.06851794340924776,22.69314285714286,0.0,True,True,True,False,0.0,0.0,103.09187279151942,57.803297997644286,12204.954926468115,0.0,12365.850097257278
2026-03-19T04:00:00Z,2026-03-19T04:15:00Z,2026-03-19,2026-03-19_21,0.0,100,100,0,116.94968944099374,102.25217391304342,0.0408264320220842,13.521714285714287,0.0,True,True,True,False,0.0,0.0,103.09187279151942,57.803297997644286,3470.5441344999726,0.0,3631.4393052891364
2026-03-19T04:15:00Z,2026-03-19T04:30:00Z,2026-03-19,2026-03-19_22,0.0,100,100,0,102.25217391304342,80.56956521739124,0.06022946859903382,19.948,0.0,True,True,True,False,0.0,0.0,103.09187279151942,57.803297997644286,8314.584071456615,0.0,8475.479242245778
2026-03-19T04:30:00Z,2026-03-19T04:45:00Z,2026-03-19,2026-03-19_23,-3.909915869332072e-14,100,100,0,80.56956521739124,76.1844720496894,0.012180814354727412,4.034285714285714,0.0,True,True,True,False,-1.3503871933705645e-12,0.0,103.09187279151942,57.803297997644286,758.6421223848783,0.0,919.5372931740407
2026-03-19T04:45:00Z,2026-03-19T05:00:00Z,2026-03-19,2026-03-19_24,0.0,100,100,0,76.1844720496894,64.34782608695649,0.032879572118702544,10.889714285714284,0.0,True,True,True,False,0.0,0.0,103.09187279151942,57.803297997644286,8617.374664984014,0.0,8778.269835773177
2026-03-19T05:00:00Z,2026-03-19T05:15:00Z,2026-03-19,2026-03-19_25,0.0,0,0,100,64.34782608695649,64.34782608695649,0.0,0.0,0.0,True,False,True,False,0.0,1023.2626619552414,0.0,0.0,0.0,0.0,1023.2626619552414
2026-03-19T05:15:00Z,2026-03-19T05:30:00Z,2026-03-19,2026-03-19_26,0.0,0,0,100,64.34782608695649,64.34782608695649,0.0,0.0,0.0,True,False,True,False,0.0,1023.2626619552414,0.0,0.0,0.0,0.0,1023.2626619552414
2026-03-19T05:30:00Z,2026-03-19T05:45:00Z,2026-03-19,2026-03-19_27,0.0,0,0,100,64.34782608695649,64.34782608695649,0.0,0.0,0.0,True,False,True,False,0.0,1023.2626619552414,0.0,0.0,0.0,0.0,1023.2626619552414
2026-03-19T05:45:00Z,2026-03-19T06:00:00Z,2026-03-19,2026-03-19_28,0.0,0,0,100,64.34782608695649,64.34782608695649,0.0,0.0,0.0,True,False,True,False,0.0,1023.2626619552414,0.0,0.0,0.0,0.0,1023.2626619552414
2026-03-19T06:00:00Z,2026-03-19T06:15:00Z,2026-03-19,2026-03-19_29,0.0,0,0,100,64.34782608695649,64.34782608695649,0.0,0.0,0.0,True,False,True,False,0.0,1023.2626619552414,0.0,0.0,0.0,0.0,1023.2626619552414
2026-03-19T06:15:00Z,2026-03-19T06:30:00Z,2026-03-19,2026-03-19_30,0.0,0,0,100,64.34782608695649,64.34782608695649,0.0,0.0,0.0,True,False,True,False,0.0,1023.2626619552414,0.0,0.0,0.0,0.0,1023.2626619552414
2026-03-19T06:30:00Z,2026-03-19T06:45:00Z,2026-03-19,2026-03-19_31,0.0,0,0,100,64.34782608695649,64.34782608695649,0.0,0.0,0.0,True,False,True,False,0.0,1023.2626619552414,0.0,0.0,0.0,0.0,1023.2626619552414
2026-03-19T06:45:00Z,2026-03-19T07:00:00Z,2026-03-19,2026-03-19_32,0.0,0,0,100,64.34782608695649,64.34782608695649,0.0,0.0,0.0,True,False,True,False,0.0,1023.2626619552414,0.0,0.0,0.0,0.0,1023.2626619552414
2026-03-19T07:00:00Z,2026-03-19T07:15:00Z,2026-03-19,2026-03-19_33,0.0,0,0,100,64.34782608695649,64.34782608695649,0.0,0.0,0.0,True,False,True,False,0.0,1023.2626619552414,0.0,0.0,0.0,0.0,1023.2626619552414
2026-03-19T07:15:00Z,2026-03-19T07:30:00Z,2026-03-19,2026-03-19_34,0.0,0,0,100,64.34782608695649,64.34782608695649,0.0,0.0,0.0,True,False,True,False,0.0,1023.2626619552414,0.0,0.0,0.0,0.0,1023.2626619552414
2026-03-19T07:30:00Z,2026-03-19T07:45:00Z,2026-03-19,2026-03-19_35,0.0,0,0,100,64.34782608695649,64.34782608695649,0.0,0.0,0.0,True,False,True,False,0.0,1023.2626619552414,0.0,0.0,0.0,0.0,1023.2626619552414
2026-03-19T07:45:00Z,2026-03-19T08:00:00Z,2026-03-19,2026-03-19_36,0.0,0,0,100,64.34782608695649,64.34782608695649,0.0,0.0,0.0,True,False,True,False,0.0,1023.2626619552414,0.0,0.0,0.0,0.0,1023.2626619552414
2026-03-19T08:00:00Z,2026-03-19T08:15:00Z,2026-03-19,2026-03-19_37,19.0,0,19,81,64.34782608695649,60.36396273291922,0.011066287094547964,0.0,1.0848457142857144,True,True,True,False,494.2375,828.8427561837456,0.0,17.332744405182567,0.0,134.81752936451846,1475.2305299534466
2026-03-19T08:15:00Z,2026-03-19T08:30:00Z,2026-03-19,2026-03-19_38,19.0,0,19,81,60.36396273291922,55.20091925465835,0.014341787439613526,0.0,0.0,True,True,True,False,505.8275,828.8427561837456,0.0,17.332744405182567,0.0,0.0,1352.0030005889282
2026-03-19T08:30:00Z,2026-03-19T08:45:00Z,2026-03-19,2026-03-19_39,4.400284340669261,0,19,81,55.20091925465835,54.02173913043476,0.0033432986436892492,0.0,0.017262857142857142,True,True,True,False,97.37829245901074,828.8427561837456,0.0,17.332744405182567,0.0,-1.3555443378764933,942.1982487100623
2026-03-19T08:45:00Z,2026-03-19T09:00:00Z,2026-03-19,2026-03-19_40,0.13728691089212305,0,19,81,54.02173913043476,54.021739130434746,0.00020548979757648757,0.0,0.04049714285714286,True,True,True,False,2.055185056055082,828.8427561837456,0.0,17.332744405182567,0.0,-2.662667267934264,845.5680183770489
2026-03-19T09:00:00Z,2026-03-19T09:15:00Z,2026-03-19,2026-03-19_41,0.0,100,0,0,54.021739130434746,39.94472049689438,0.03910282953761215,12.950857142857144,0.0,True,True,True,False,0.0,0.0,80.50647820965841,0.0,2841.792803185821,0.0,2922.2992813954793
2026-03-19T09:15:00Z,2026-03-19T09:30:00Z,2026-03-19,2026-03-19_42,0.0,100,0,0,39.94472049689438,12.918633540372639,0.07507246376811594,24.864,0.0,True,True,True,False,0.0,0.0,80.50647820965841,0.0,6593.97282449941,0.0,6674.479302709069
2026-03-19T09:30:00Z,2026-03-19T09:45:00Z,2026-03-19,2026-03-19_43,-100.0,100,0,0,12.918633540372639,19.385970683229782,0.0179648253968254,17.970285714285712,0.0,True,True,True,False,-1090.25,0.0,80.50647820965841,0.0,3845.076705143305,0.0,2835.3331833529633
2026-03-19T09:45:00Z,2026-03-19T10:00:00Z,2026-03-19,2026-03-19_44,-100.0,100,0,0,19.385970683229782,34.61381068322979,0.042299555555555556,8.448,0.0,True,True,True,False,-582.5,0.0,80.50647820965841,0.0,1523.3647868080093,0.0,1021.3712650176677
2026-03-19T10:00:00Z,2026-03-19T10:15:00Z,2026-03-19,2026-03-19_45,-55.0,55,0,45,34.61381068322979,46.653430111801214,0.03344338730158731,0.663457142857143,0.0,True,True,True,False,-308.0,460.4681978798586,44.553886925795055,0.0,85.53660938358854,0.0,282.5586941892422
2026-03-19T10:15:00Z,2026-03-19T10:30:00Z,2026-03-19,2026-03-19_46,-55.0,55,0,45,46.653430111801214,59.284346683229785,0.03508587936507937,0.020742857142857143,0.0,True,True,True,False,-143.54999999999998,460.4681978798586,44.553886925795055,0.0,2.0459851926636374,0.0,363.51806999831734
2026-03-19T10:30:00Z,2026-03-19T10:45:00Z,2026-03-19,2026-03-19_47,-55.0,55,0,45,59.284346683229785,71.8730483975155,0.034968615873015876,0.06662857142857143,0.0,True,True,True,False,-68.8875,460.4681978798586,44.553886925795055,0.0,6.571952437040776,0.0,442.7065372426944
2026-03-19T10:45:00Z,2026-03-19T11:00:00Z,2026-03-19,2026-03-19_48,-55.0,55,0,45,71.8730483975155,82.92351011180122,0.030695726984126988,1.7386285714285716,0.0,True,True,True,False,-45.925,460.4681978798586,44.553886925795055,0.0,235.37460763923946,0.0,694.4716924448932
2026-03-19T11:00:00Z,2026-03-19T11:15:00Z,2026-03-19,2026-03-19_49,-7.0,7,0,93,82.92351011180122,84.53351011180122,0.004472222222222223,0.0,0.0,True,True,True,False,-8.8375,951.6342756183744,5.600412249705537,0.0,0.0,0.0,948.39718786808
2026-03-19T11:15:00Z,2026-03-19T11:30:00Z,2026-03-19,2026-03-19_50,-7.0,7,0,93,84.53351011180122,86.07071971180122,0.004270026666666667,0.07912,0.0,True,True,True,False,-13.405000000000001,951.6342756183744,5.600412249705537,0.0,10.754014008637611,0.0,954.5837018767176
2026-03-19T11:30:00Z,2026-03-19T11:45:00Z,2026-03-19,2026-03-19_51,-7.0,7,0,93,86.07071971180122,87.40074531180122,0.0036945155555555558,0.30432000000000003,0.0,True,True,True,False,-17.57,951.6342756183744,5.600412249705537,0.0,41.79005399293286,0.0,981.4547418610128
2026-03-19T11:45:00Z,2026-03-19T12:00:00Z,2026-03-19,2026-03-19_52,-7.0,7,0,93,87.40074531180122,88.99521571180121,0.004429084444444445,0.01688,0.0,True,True,True,False,-19.25,951.6342756183744,5.600412249705537,0.0,2.2385716529250095,0.0,940.2232595210049
2026-03-19T12:00:00Z,2026-03-19T12:15:00Z,2026-03-19,2026-03-19_53,-100.0,100,0,0,88.99521571180121,106.4121299975155,0.04838031746031746,6.068571428571428,0.0,True,True,True,False,-250.25,0.0,77.85630153121319,0.0,913.1329631499242,0.0,740.7392646811373
2026-03-19T12:15:00Z,2026-03-19T12:30:00Z,2026-03-19,2026-03-19_54,-100.0,100,0,0,106.4121299975155,123.99569571180122,0.0488432380952381,5.887428571428572,0.0,True,True,True,False,-319.5,0.0,77.85630153121319,0.0,823.4598637051995,0.0,581.8161652364126
2026-03-19T12:30:00Z,2026-03-19T12:45:00Z,2026-03-19,2026-03-19_55,-100.0,100,0,0,123.99569571180122,139.06214142608692,0.0418512380952381,8.62342857142857,0.0,True,True,True,False,-675.25,0.0,77.85630153121319,0.0,1423.922058892815,0.0,826.528360424028
2026-03-19T12:45:00Z,2026-03-19T13:00:00Z,2026-03-19,2026-03-19_56,-99.48193641325311,100,0,0,139.06214142608692,145.60999999999996,0.01874336752481146,17.73657142857143,0.0,True,True,True,False,-881.6586614624557,0.0,77.85630153121319,0.0,3869.8176606652087,0.0,3066.0153007339663
2026-03-19T13:00:00Z,2026-03-19T13:15:00Z,2026-03-19,2026-03-19_57,-7.0,0,0,93,145.60999999999996,147.21999999999997,0.004472222222222223,0.0,0.0,True,False,True,False,-35.0,951.6342756183744,0.0,0.0,0.0,0.0,916.6342756183744
2026-03-19T13:15:00Z,2026-03-19T13:30:00Z,2026-03-19,2026-03-19_58,-8.252503910226944e-14,0,0,93,147.21999999999997,147.22,5.2724330537561036e-17,0.0,0.0,True,False,True,False,-1.2378755865340415e-12,951.6342756183744,0.0,0.0,0.0,0.0,951.6342756183732
2026-03-19T13:30:00Z,2026-03-19T13:45:00Z,2026-03-19,2026-03-19_59,4.8496000000000095,0,0,93,147.22,145.90217391304347,0.003660628019323678,0.0,0.0,True,False,True,False,101.4051360000002,951.6342756183744,0.0,0.0,0.0,0.0,1053.0394116183747
2026-03-19T13:45:00Z,2026-03-19T14:00:00Z,2026-03-19,2026-03-19_60,7.0,0,0,93,145.90217391304347,144.0,0.005283816425120773,0.0,0.0,True,False,True,False,197.365,951.6342756183744,0.0,0.0,0.0,0.0,1148.9992756183744
2026-03-19T14:00:00Z,2026-03-19T14:15:00Z,2026-03-19,2026-03-19_61,0.0,0,0,100,144.0,144.0,0.0,0.0,0.0,True,False,True,False,0.0,1023.2626619552414,0.0,0.0,0.0,0.0,1023.2626619552414
2026-03-19T14:15:00Z,2026-03-19T14:30:00Z,2026-03-19,2026-03-19_62,0.0,0,0,100,144.0,144.0,0.0,0.0,0.0,True,False,True,False,0.0,1023.2626619552414,0.0,0.0,0.0,0.0,1023.2626619552414
2026-03-19T14:30:00Z,2026-03-19T14:45:00Z,2026-03-19,2026-03-19_63,0.0,0,0,100,144.0,144.0,0.0,0.0,0.0,True,False,True,False,0.0,1023.2626619552414,0.0,0.0,0.0,0.0,1023.2626619552414
2026-03-19T14:45:00Z,2026-03-19T15:00:00Z,2026-03-19,2026-03-19_64,0.0,0,0,100,144.0,144.0,0.0,0.0,0.0,True,False,True,False,0.0,1023.2626619552414,0.0,0.0,0.0,0.0,1023.2626619552414
2026-03-19T15:00:00Z,2026-03-19T15:15:00Z,2026-03-19,2026-03-19_65,0.0,0,0,100,144.0,144.0,0.0,0.0,0.0,True,True,True,False,0.0,1023.2626619552414,0.0,0.0,0.0,0.0,1023.2626619552414
2026-03-19T15:15:00Z,2026-03-19T15:30:00Z,2026-03-19,2026-03-19_66,0.0,0,0,100,144.0,144.0,0.0,0.0,0.0,True,True,True,False,0.0,1023.2626619552414,0.0,0.0,0.0,0.0,1023.2626619552414
2026-03-19T15:30:00Z,2026-03-19T15:45:00Z,2026-03-19,2026-03-19_67,0.0,0,0,100,144.0,144.0,0.0,0.0,0.0,True,True,True,False,0.0,1023.2626619552414,0.0,0.0,0.0,0.0,1023.2626619552414
2026-03-19T15:45:00Z,2026-03-19T16:00:00Z,2026-03-19,2026-03-19_68,0.0,0,0,100,144.0,144.0,0.0,0.0,0.0,True,True,True,False,0.0,1023.2626619552414,0.0,0.0,0.0,0.0,1023.2626619552414
2026-03-19T16:00:00Z,2026-03-19T16:15:00Z,2026-03-19,2026-03-19_69,0.0,0,0,100,144.0,144.0,0.0,0.0,0.0,True,True,True,False,0.0,1023.2626619552414,0.0,0.0,0.0,0.0,1023.2626619552414
2026-03-19T16:15:00Z,2026-03-19T16:30:00Z,2026-03-19,2026-03-19_70,0.0,0,0,100,144.0,144.0,0.0,0.0,0.0,True,True,True,False,0.0,1023.2626619552414,0.0,0.0,0.0,0.0,1023.2626619552414
2026-03-19T16:30:00Z,2026-03-19T16:45:00Z,2026-03-19,2026-03-19_71,0.0,0,0,100,144.0,144.0,0.0,0.0,0.0,True,True,True,False,0.0,1023.2626619552414,0.0,0.0,0.0,0.0,1023.2626619552414
2026-03-19T16:45:00Z,2026-03-19T17:00:00Z,2026-03-19,2026-03-19_72,0.0,0,0,100,144.0,144.0,0.0,0.0,0.0,True,True,True,False,0.0,1023.2626619552414,0.0,0.0,0.0,0.0,1023.2626619552414
2026-03-19T17:00:00Z,2026-03-19T17:15:00Z,2026-03-19,2026-03-19_73,100.0,0,100,0,144.0,120.99378881987577,0.06390614216701172,0.0,3.8342857142857145,True,True,True,False,4163.5,0.0,0.0,57.803297997644286,0.0,-281.26525548264067,3940.038042515004
2026-03-19T17:15:00Z,2026-03-19T17:30:00Z,2026-03-19,2026-03-19_74,100.0,0,100,0,120.99378881987577,94.37018633540373,0.07395445134575569,0.0,0.5062857142857143,True,True,True,False,3459.0000000000005,0.0,0.0,57.803297997644286,0.0,-59.633181894666,3457.1701161029787
2026-03-19T17:30:00Z,2026-03-19T17:45:00Z,2026-03-19,2026-03-19_75,100.0,0,100,0,94.37018633540373,82.69068322981367,0.03244306418219461,0.0,14.254857142857144,True,True,True,False,4590.0,0.0,0.0,57.803297997644286,0.0,-63.573192887991475,4584.230105109653
2026-03-19T17:45:00Z,2026-03-19T18:00:00Z,2026-03-19,2026-03-19_76,100.0,0,100,0,82.69068322981367,75.75590062111802,0.019263285024154586,0.0,18.62,True,True,True,False,4579.25,0.0,0.0,57.803297997644286,0.0,37.788292108362775,4674.841590106007
2026-03-19T18:00:00Z,2026-03-19T18:15:00Z,2026-03-19,2026-03-19_77,0.0,0,0,100,75.75590062111802,75.75590062111802,0.0,0.0,0.0,True,False,True,False,0.0,1023.2626619552414,0.0,0.0,0.0,0.0,1023.2626619552414
2026-03-19T18:15:00Z,2026-03-19T18:30:00Z,2026-03-19,2026-03-19_78,0.0,0,0,100,75.75590062111802,75.75590062111802,0.0,0.0,0.0,True,False,True,False,0.0,1023.2626619552414,0.0,0.0,0.0,0.0,1023.2626619552414
2026-03-19T18:30:00Z,2026-03-19T18:45:00Z,2026-03-19,2026-03-19_79,0.0,0,0,100,75.75590062111802,75.75590062111802,0.0,0.0,0.0,True,False,True,False,0.0,1023.2626619552414,0.0,0.0,0.0,0.0,1023.2626619552414
2026-03-19T18:45:00Z,2026-03-19T19:00:00Z,2026-03-19,2026-03-19_80,0.0,0,0,100,75.75590062111802,75.75590062111802,0.0,0.0,0.0,True,False,True,False,0.0,1023.2626619552414,0.0,0.0,0.0,0.0,1023.2626619552414
2026-03-19T19:00:00Z,2026-03-19T19:15:00Z,2026-03-19,2026-03-19_81,0.0,100,7,0,75.75590062111802,70.80434782608697,0.01375431331953071,4.555428571428571,0.0,True,True,True,False,0.0,0.0,105.65371024734984,4.141048292108363,1036.3510572662515,0.0,1146.1458158057096
2026-03-19T19:15:00Z,2026-03-19T19:30:00Z,2026-03-19,2026-03-19_82,0.0,100,7,0,70.80434782608697,61.05465838509318,0.02708247066942719,8.969714285714286,0.0,True,True,True,False,0.0,0.0,105.65371024734984,4.141048292108363,3934.0085701946264,0.0,4043.8033287340845
2026-03-19T19:30:00Z,2026-03-19T19:45:00Z,2026-03-19,2026-03-19_83,-92.99999999999977,100,7,0,61.05465838509318,61.178238111801186,0.009991827743271366,22.825714285714284,0.0,True,True,True,False,-2957.1674999999927,0.0,105.65371024734984,4.141048292108363,22714.453491502605,0.0,19867.08075004207
2026-03-19T19:45:00Z,2026-03-19T20:00:00Z,2026-03-19,2026-03-19_84,-92.18264928459696,100,7,0,61.178238111801186,64.34782608695656,0.017927620791775477,19.326285714285714,0.0,True,True,True,False,-2911.8194342772063,0.0,105.65371024734984,4.141048292108363,10151.63426731729,0.0,7349.609591579541
2026-03-19T20:00:00Z,2026-03-19T20:15:00Z,2026-03-19,2026-03-19_85,0.0,0,0,100,64.34782608695656,64.34782608695656,0.0,0.0,0.0,True,False,True,False,0.0,1023.2626619552414,0.0,0.0,0.0,0.0,1023.2626619552414
2026-03-19T20:15:00Z,2026-03-19T20:30:00Z,2026-03-19,2026-03-19_86,0.0,0,0,100,64.34782608695656,64.34782608695656,0.0,0.0,0.0,True,False,True,False,0.0,1023.2626619552414,0.0,0.0,0.0,0.0,1023.2626619552414
2026-03-19T20:30:00Z,2026-03-19T20:45:00Z,2026-03-19,2026-03-19_87,0.0,0,0,100,64.34782608695656,64.34782608695656,0.0,0.0,0.0,True,False,True,False,0.0,1023.2626619552414,0.0,0.0,0.0,0.0,1023.2626619552414
2026-03-19T20:45:00Z,2026-03-19T21:00:00Z,2026-03-19,2026-03-19_88,0.0,0,0,100,64.34782608695656,64.34782608695656,0.0,0.0,0.0,True,False,True,False,0.0,1023.2626619552414,0.0,0.0,0.0,0.0,1023.2626619552414
2026-03-19T21:00:00Z,2026-03-19T21:15:00Z,2026-03-19,2026-03-19_89,0.0,0,0,100,64.34782608695656,64.34782608695656,0.0,0.0,0.0,True,True,True,False,0.0,1023.2626619552414,0.0,0.0,0.0,0.0,1023.2626619552414
2026-03-19T21:15:00Z,2026-03-19T21:30:00Z,2026-03-19,2026-03-19_90,0.0,0,0,100,64.34782608695656,64.34782608695656,0.0,0.0,0.0,True,True,True,False,0.0,1023.2626619552414,0.0,0.0,0.0,0.0,1023.2626619552414
2026-03-19T21:30:00Z,2026-03-19T21:45:00Z,2026-03-19,2026-03-19_91,0.0,0,0,100,64.34782608695656,64.34782608695656,0.0,0.0,0.0,True,True,True,False,0.0,1023.2626619552414,0.0,0.0,0.0,0.0,1023.2626619552414
2026-03-19T21:45:00Z,2026-03-19T22:00:00Z,2026-03-19,2026-03-19_92,0.0,0,0,100,64.34782608695656,64.34782608695656,0.0,0.0,0.0,True,True,True,False,0.0,1023.2626619552414,0.0,0.0,0.0,0.0,1023.2626619552414
2026-03-19T22:00:00Z,2026-03-19T22:15:00Z,2026-03-20,2026-03-19_93,0.0,0,0,100,64.34782608695656,64.34782608695656,0.0,0.0,0.0,True,True,True,False,0.0,1022.8811397397907,0.0,0.0,0.0,0.0,1022.8811397397907
2026-03-19T22:15:00Z,2026-03-19T22:30:00Z,2026-03-20,2026-03-19_94,0.0,0,0,100,64.34782608695656,64.34782608695656,0.0,0.0,0.0,True,True,True,False,0.0,1022.8811397397907,0.0,0.0,0.0,0.0,1022.8811397397907
2026-03-19T22:30:00Z,2026-03-19T22:45:00Z,2026-03-20,2026-03-19_95,0.0,0,0,100,64.34782608695656,64.34782608695656,0.0,0.0,0.0,True,True,True,False,0.0,1022.8811397397907,0.0,0.0,0.0,0.0,1022.8811397397907
2026-03-19T22:45:00Z,2026-03-19T23:00:00Z,2026-03-20,2026-03-19_96,0.0,0,0,100,64.34782608695656,64.34782608695656,0.0,0.0,0.0,True,True,True,False,0.0,1022.8811397397907,0.0,0.0,0.0,0.0,1022.8811397397907
2026-03-19T23:00:00Z,2026-03-19T23:15:00Z,2026-03-20,2026-03-20_1,0.0,0,0,100,64.34782608695656,64.34782608695656,0.0,0.0,0.0,True,True,True,False,0.0,1022.8811397397907,0.0,0.0,0.0,0.0,1022.8811397397907
2026-03-19T23:15:00Z,2026-03-19T23:30:00Z,2026-03-20,2026-03-20_2,0.0,0,0,100,64.34782608695656,64.34782608695656,0.0,0.0,0.0,True,True,True,False,0.0,1022.8811397397907,0.0,0.0,0.0,0.0,1022.8811397397907
2026-03-19T23:30:00Z,2026-03-19T23:45:00Z,2026-03-20,2026-03-20_3,0.0,0,0,100,64.34782608695656,64.34782608695656,0.0,0.0,0.0,True,True,True,False,0.0,1022.8811397397907,0.0,0.0,0.0,0.0,1022.8811397397907
2026-03-19T23:45:00Z,2026-03-20T00:00:00Z,2026-03-20,2026-03-20_4,0.0,0,0,100,64.34782608695656,64.34782608695656,0.0,0.0,0.0,True,True,True,False,0.0,1022.8811397397907,0.0,0.0,0.0,0.0,1022.8811397397907
2026-03-20T00:00:00Z,2026-03-20T00:15:00Z,2026-03-20,2026-03-20_5,0.0,0,0,100,64.34782608695656,64.34782608695656,0.0,0.0,0.0,True,True,True,False,0.0,1022.8811397397907,0.0,0.0,0.0,0.0,1022.8811397397907
2026-03-20T00:15:00Z,2026-03-20T00:30:00Z,2026-03-20,2026-03-20_6,0.0,0,0,100,64.34782608695656,64.34782608695656,0.0,0.0,0.0,True,True,True,False,0.0,1022.8811397397907,0.0,0.0,0.0,0.0,1022.8811397397907
2026-03-20T00:30:00Z,2026-03-20T00:45:00Z,2026-03-20,2026-03-20_7,0.0,0,0,100,64.34782608695656,64.34782608695656,0.0,0.0,0.0,True,True,True,False,0.0,1022.8811397397907,0.0,0.0,0.0,0.0,1022.8811397397907
2026-03-20T00:45:00Z,2026-03-20T01:00:00Z,2026-03-20,2026-03-20_8,0.0,0,0,100,64.34782608695656,64.34782608695656,0.0,0.0,0.0,True,True,True,False,0.0,1022.8811397397907,0.0,0.0,0.0,0.0,1022.8811397397907
2026-03-20T01:00:00Z,2026-03-20T01:15:00Z,2026-03-20,2026-03-20_9,0.0,0,0,100,64.34782608695656,64.34782608695656,0.0,0.0,0.0,True,True,True,False,0.0,1022.8811397397907,0.0,0.0,0.0,0.0,1022.8811397397907
2026-03-20T01:15:00Z,2026-03-20T01:30:00Z,2026-03-20,2026-03-20_10,0.0,0,0,100,64.34782608695656,64.34782608695656,0.0,0.0,0.0,True,True,True,False,0.0,1022.8811397397907,0.0,0.0,0.0,0.0,1022.8811397397907
2026-03-20T01:30:00Z,2026-03-20T01:45:00Z,2026-03-20,2026-03-20_11,0.0,0,0,100,64.34782608695656,64.34782608695656,0.0,0.0,0.0,True,True,True,False,0.0,1022.8811397397907,0.0,0.0,0.0,0.0,1022.8811397397907
2026-03-20T01:45:00Z,2026-03-20T02:00:00Z,2026-03-20,2026-03-20_12,0.0,0,0,100,64.34782608695656,64.34782608695656,0.0,0.0,0.0,True,True,True,False,0.0,1022.8811397397907,0.0,0.0,0.0,0.0,1022.8811397397907
2026-03-20T02:00:00Z,2026-03-20T02:15:00Z,2026-03-20,2026-03-20_13,0.0,0,0,100,64.34782608695656,64.34782608695656,0.0,0.0,0.0,True,True,True,False,0.0,1022.8811397397907,0.0,0.0,0.0,0.0,1022.8811397397907
2026-03-20T02:15:00Z,2026-03-20T02:30:00Z,2026-03-20,2026-03-20_14,0.0,0,0,100,64.34782608695656,64.34782608695656,0.0,0.0,0.0,True,True,True,False,0.0,1022.8811397397907,0.0,0.0,0.0,0.0,1022.8811397397907
2026-03-20T02:30:00Z,2026-03-20T02:45:00Z,2026-03-20,2026-03-20_15,0.0,0,0,100,64.34782608695656,64.34782608695656,0.0,0.0,0.0,True,True,True,False,0.0,1022.8811397397907,0.0,0.0,0.0,0.0,1022.8811397397907
2026-03-20T02:45:00Z,2026-03-20T03:00:00Z,2026-03-20,2026-03-20_16,0.0,0,0,100,64.34782608695656,64.34782608695656,0.0,0.0,0.0,True,True,True,False,0.0,1022.8811397397907,0.0,0.0,0.0,0.0,1022.8811397397907
2026-03-20T03:00:00Z,2026-03-20T03:15:00Z,2026-03-20,2026-03-20_17,0.0,0,0,100,64.34782608695656,64.34782608695656,0.0,0.0,0.0,True,True,True,False,0.0,1022.8811397397907,0.0,0.0,0.0,0.0,1022.8811397397907
2026-03-20T03:15:00Z,2026-03-20T03:30:00Z,2026-03-20,2026-03-20_18,0.0,0,0,100,64.34782608695656,64.34782608695656,0.0,0.0,0.0,True,True,True,False,0.0,1022.8811397397907,0.0,0.0,0.0,0.0,1022.8811397397907
2026-03-20T03:30:00Z,2026-03-20T03:45:00Z,2026-03-20,2026-03-20_19,0.0,0,0,100,64.34782608695656,64.34782608695656,0.0,0.0,0.0,True,True,True,False,0.0,1022.8811397397907,0.0,0.0,0.0,0.0,1022.8811397397907
2026-03-20T03:45:00Z,2026-03-20T04:00:00Z,2026-03-20,2026-03-20_20,0.0,0,0,100,64.34782608695656,64.34782608695656,0.0,0.0,0.0,True,True,True,False,0.0,1022.8811397397907,0.0,0.0,0.0,0.0,1022.8811397397907
2026-03-20T04:00:00Z,2026-03-20T04:15:00Z,2026-03-20,2026-03-20_21,0.0,0,0,100,64.34782608695656,64.34782608695656,0.0,0.0,0.0,True,True,True,False,0.0,1022.8811397397907,0.0,0.0,0.0,0.0,1022.8811397397907
2026-03-20T04:15:00Z,2026-03-20T04:30:00Z,2026-03-20,2026-03-20_22,0.0,0,0,100,64.34782608695656,64.34782608695656,0.0,0.0,0.0,True,True,True,False,0.0,1022.8811397397907,0.0,0.0,0.0,0.0,1022.8811397397907
2026-03-20T04:30:00Z,2026-03-20T04:45:00Z,2026-03-20,2026-03-20_23,0.0,0,0,100,64.34782608695656,64.34782608695656,0.0,0.0,0.0,True,True,True,False,0.0,1022.8811397397907,0.0,0.0,0.0,0.0,1022.8811397397907
2026-03-20T04:45:00Z,2026-03-20T05:00:00Z,2026-03-20,2026-03-20_24,0.0,0,0,100,64.34782608695656,64.34782608695656,0.0,0.0,0.0,True,True,True,False,0.0,1022.8811397397907,0.0,0.0,0.0,0.0,1022.8811397397907
2026-03-20T05:00:00Z,2026-03-20T05:15:00Z,2026-03-20,2026-03-20_25,-100.0,100,0,0,64.34782608695656,66.98323180124227,0.007320571428571425,22.135428571428573,0.0,True,True,True,False,-2775.0,0.0,101.81714711827155,0.0,19067.44835450348,0.0,16394.26550162175
2026-03-20T05:15:00Z,2026-03-20T05:30:00Z,2026-03-20,2026-03-20_26,-4.097523986135626,100,0,0,66.98323180124227,53.524946086956554,0.03982762492600012,13.33257142857143,0.0,True,True,True,False,-114.06482396405049,0.0,101.81714711827155,0.0,11292.493606456732,0.0,11280.245929610954
2026-03-20T05:30:00Z,2026-03-20T05:45:00Z,2026-03-20,2026-03-20_27,-100.00000000000001,100,0,0,53.524946086956554,59.75939180124227,0.017317904761904774,18.22342857142857,0.0,True,True,True,False,-2682.0000000000005,0.0,101.81714711827155,0.0,9750.791283524848,0.0,7170.608430643119
2026-03-20T05:45:00Z,2026-03-20T06:00:00Z,2026-03-20,2026-03-20_28,-100.0,100,0,0,59.75939180124227,64.34782608695656,0.012745650793650799,20.012571428571427,0.0,True,True,True,False,-2555.0,0.0,101.81714711827155,0.0,14901.254101756873,0.0,12448.071248875145
2026-03-20T06:00:00Z,2026-03-20T06:15:00Z,2026-03-20,2026-03-20_29,0.0,0,0,100,64.34782608695656,64.34782608695656,0.0,0.0,0.0,True,False,True,False,0.0,1022.8811397397907,0.0,0.0,0.0,0.0,1022.8811397397907
2026-03-20T06:15:00Z,2026-03-20T06:30:00Z,2026-03-20,2026-03-20_30,0.0,0,0,100,64.34782608695656,64.34782608695656,0.0,0.0,0.0,True,False,True,False,0.0,1022.8811397397907,0.0,0.0,0.0,0.0,1022.8811397397907
2026-03-20T06:30:00Z,2026-03-20T06:45:00Z,2026-03-20,2026-03-20_31,0.0,0,0,100,64.34782608695656,64.34782608695656,0.0,0.0,0.0,True,False,True,False,0.0,1022.8811397397907,0.0,0.0,0.0,0.0,1022.8811397397907
2026-03-20T06:45:00Z,2026-03-20T07:00:00Z,2026-03-20,2026-03-20_32,0.0,0,0,100,64.34782608695656,64.34782608695656,0.0,0.0,0.0,True,False,True,False,0.0,1022.8811397397907,0.0,0.0,0.0,0.0,1022.8811397397907
2026-03-20T07:00:00Z,2026-03-20T07:15:00Z,2026-03-20,2026-03-20_33,0.0,0,0,100,64.34782608695656,64.34782608695656,0.0,0.0,0.0,True,False,True,False,0.0,1022.8811397397907,0.0,0.0,0.0,0.0,1022.8811397397907
2026-03-20T07:15:00Z,2026-03-20T07:30:00Z,2026-03-20,2026-03-20_34,0.0,0,0,100,64.34782608695656,64.34782608695656,0.0,0.0,0.0,True,False,True,False,0.0,1022.8811397397907,0.0,0.0,0.0,0.0,1022.8811397397907
2026-03-20T07:30:00Z,2026-03-20T07:45:00Z,2026-03-20,2026-03-20_35,0.0,0,0,100,64.34782608695656,64.34782608695656,0.0,0.0,0.0,True,False,True,False,0.0,1022.8811397397907,0.0,0.0,0.0,0.0,1022.8811397397907
2026-03-20T07:45:00Z,2026-03-20T08:00:00Z,2026-03-20,2026-03-20_36,0.0,0,0,100,64.34782608695656,64.34782608695656,0.0,0.0,0.0,True,False,True,False,0.0,1022.8811397397907,0.0,0.0,0.0,0.0,1022.8811397397907
2026-03-20T08:00:00Z,2026-03-20T08:15:00Z,2026-03-20,2026-03-20_37,42.00000000000002,58,100,0,64.34782608695656,66.28728149068327,0.03459027467218772,0.0,13.485714285714288,True,True,True,False,1014.3000000000004,0.0,42.23748503699051,88.07080201730803,0.0,507.465531113248,1652.073818167547
2026-03-20T08:15:00Z,2026-03-20T08:30:00Z,2026-03-20,2026-03-20_38,41.60584814663798,58,100,0,66.28728149068327,69.93864284223605,0.03497409725135438,0.0,15.11657142857143,True,True,True,False,903.2629632635106,0.0,42.23748503699051,88.07080201730803,0.0,931.5562299103201,1965.1274802281293
2026-03-20T08:30:00Z,2026-03-20T08:45:00Z,2026-03-20,2026-03-20_39,0.0,58,100,0,69.93864284223605,72.1560053267081,0.008440913733609386,0.3778285714285714,2.8565714285714283,True,True,True,False,0.0,0.0,42.23748503699051,88.07080201730803,51.653278461956795,135.8831996591097,317.844765175365
2026-03-20T08:45:00Z,2026-03-20T09:00:00Z,2026-03-20,2026-03-20_40,0.0,58,100,0,72.1560053267081,83.07193675527952,0.03032203174603175,0.0,11.865142857142857,True,True,True,False,0.0,0.0,42.23748503699051,88.07080201730803,0.0,574.4625367732602,704.7708238275587
2026-03-20T09:00:00Z,2026-03-20T09:15:00Z,2026-03-20,2026-03-20_41,-7.0,7,0,93,83.07193675527952,84.67428235527953,0.00445096,0.008320000000000001,0.0,True,True,True,False,-134.24249999999998,951.2794599580053,5.287191663886653,0.0,1.1358067779979983,0.0,823.45995839989
2026-03-20T09:15:00Z,2026-03-20T09:30:00Z,2026-03-20,2026-03-20_42,-7.0,7,0,93,84.67428235527953,86.27486155527953,0.004446053333333333,0.01024,0.0,True,True,True,False,-115.22,951.2794599580053,5.287191663886653,0.0,1.382075472438627,0.0,842.7287270943306
2026-03-20T09:30:00Z,2026-03-20T09:45:00Z,2026-03-20,2026-03-20_43,-7.0,7,0,93,86.27486155527953,87.77979755527953,0.004180377777777778,0.11420000000000001,0.0,True,True,True,False,-115.23749999999998,951.2794599580053,5.287191663886653,0.0,15.66813960242548,0.0,856.9972912243175
2026-03-20T09:45:00Z,2026-03-20T10:00:00Z,2026-03-20,2026-03-20_44,0.0,7,0,93,87.77979755527953,87.77527581614909,1.2560386473429953e-05,0.0041600000000000005,0.0,True,True,True,False,0.0,951.2794599580053,5.287191663886653,0.0,0.5527504385878844,0.0,957.1194020604798
2026-03-20T10:00:00Z,2026-03-20T10:15:00Z,2026-03-20,2026-03-20_45,0.0,7,7,93,87.77527581614909,87.05093536397517,0.002025141256038647,0.6685599999999999,0.00256,True,True,True,False,0.0,951.2794599580053,5.31603838379874,6.146411821268078,119.05836235404931,-0.13661957259757843,1081.6636529445238
2026-03-20T10:15:00Z,2026-03-20T10:30:00Z,2026-03-20,2026-03-20_46,0.0,7,7,93,87.05093536397517,86.96025362484474,0.0002621159420289855,0.08512,0.002,True,True,True,False,0.0,951.2794599580053,5.31603838379874,6.146411821268078,11.669452728664222,-0.1371455483820326,974.2742173433543
2026-03-20T10:30:00Z,2026-03-20T10:45:00Z,2026-03-20,2026-03-20_47,0.0,7,7,93,86.96025362484474,87.03225800745344,0.00020315227053140095,0.0005200000000000001,0.07887999999999999,True,True,True,False,0.0,951.2794599580053,5.31603838379874,6.146411821268078,0.06977371612472773,-3.969385741478443,958.8422981377184
2026-03-20T10:45:00Z,2026-03-20T11:00:00Z,2026-03-20,2026-03-20_48,0.0,7,7,93,87.03225800745344,86.99818600745343,0.0001886888888888889,0.04692,0.018400000000000003,True,True,True,False,0.0,951.2794599580053,5.31603838379874,6.146411821268078,6.427217778998803,-0.9556705586844326,968.2134573833865
2026-03-20T11:00:00Z,2026-03-20T11:15:00Z,2026-03-20,2026-03-20_49,-100.0,100,0,0,86.99818600745343,92.75212886459629,0.015983174603174607,18.745714285714286,0.0,True,True,True,False,-1929.75,0.0,75.1780843423144,0.0,3826.7610544050817,0.0,1972.189138747396
2026-03-20T11:15:00Z,2026-03-20T11:30:00Z,2026-03-20,2026-03-20_50,-100.0,100,0,0,92.75212886459629,101.78863172173914,0.025101396825396825,15.177714285714286,0.0,True,True,True,False,-1802.0,0.0,75.1780843423144,0.0,3059.718666490988,0.0,1332.8967508333026
2026-03-20T11:30:00Z,2026-03-20T11:45:00Z,2026-03-20,2026-03-20_51,-100.0,100,0,0,101.78863172173914,123.38655172173914,0.05999422222222222,1.5239999999999998,0.0,True,True,True,False,-1774.7499999999998,0.0,75.1780843423144,0.0,212.3757805294452,0.0,-1487.1961351282403
2026-03-20T11:45:00Z,2026-03-20T12:00:00Z,2026-03-20,2026-03-20_52,-100.0,100,0,0,123.38655172173914,146.21359172173914,0.06340844444444445,0.18800000000000003,0.0,True,True,True,False,-1600.5,0.0,75.1780843423144,0.0,25.787790184265788,0.0,-1499.5341254734199
2026-03-20T12:00:00Z,2026-03-20T12:15:00Z,2026-03-20,2026-03-20_53,0.0,7,7,93,146.21359172173914,146.22022093913046,5.416328502415459e-05,0.00592,0.0142,True,True,True,False,0.0,951.2794599580053,5.112050864420416,6.408092780470575,0.8120410526109225,-0.9105371376989346,962.7011075178083
2026-03-20T12:15:00Z,2026-03-20T12:30:00Z,2026-03-20,2026-03-20_54,0.0,7,7,93,146.22022093913046,146.21316535652176,4.392772946859904e-05,0.010520000000000002,0.0047599999999999995,True,True,True,False,0.0,951.2794599580053,5.112050864420416,6.408092780470575,1.4430188975450855,-0.3618595733825231,963.8807629270589
2026-03-20T12:30:00Z,2026-03-20T12:45:00Z,2026-03-20,2026-03-20_55,0.0,7,7,93,146.21316535652176,146.36473120000002,0.0004214993236714977,8e-05,0.16484000000000004,True,True,True,False,0.0,951.2794599580053,5.112050864420416,6.408092780470575,0.01097352773798544,-5.646721827351401,957.1638553032828
2026-03-20T12:45:00Z,2026-03-20T13:00:00Z,2026-03-20,2026-03-20_56,0.0,7,7,93,146.36473120000002,147.22000000000003,0.0023757466666666665,0.0,0.9296399999999999,True,True,True,False,0.0,951.2794599580053,5.112050864420416,6.408092780470575,0.0,-1.5490047371416233,961.2505988657547
2026-03-20T13:00:00Z,2026-03-20T13:15:00Z,2026-03-20,2026-03-20_57,0.0,99,100,0,147.22000000000003,163.95664000000002,0.04649066666666667,0.0,18.192,True,True,True,False,0.0,0.0,80.8081987480131,80.06436547028002,0.0,1014.4452379363802,1175.3178021546732
2026-03-20T13:15:00Z,2026-03-20T13:30:00Z,2026-03-20,2026-03-20_58,0.0,99,100,0,163.95664000000002,171.22884571428574,0.02020057142857143,0.0,7.904571428571429,True,True,True,False,0.0,0.0,80.8081987480131,80.06436547028002,0.0,16.079355448217473,176.9519196665106
2026-03-20T13:30:00Z,2026-03-20T13:45:00Z,2026-03-20,2026-03-20_59,0.26811572716740845,99,100,0,171.22884571428574,169.9129019031056,0.006486645195885683,1.6139828571428572,0.5554285714285714,True,True,True,False,6.975030642260131,0.0,80.8081987480131,80.06436547028002,265.4129072952205,-21.66399228511436,411.5965098706594
2026-03-20T13:45:00Z,2026-03-20T14:00:00Z,2026-03-20,2026-03-20_60,1.0,99,100,0,169.9129019031056,167.46,0.006816507826086955,2.0071542857142854,0.0005714285714285715,True,True,True,False,30.75,0.0,80.8081987480131,80.06436547028002,326.24459617003015,-0.04485398625785996,517.8223064020655
2026-03-20T14:00:00Z,2026-03-20T14:15:00Z,2026-03-20,2026-03-20_61,0.0,51,51,49,167.46,166.37696273291925,0.00300843685300207,0.9963942857142857,0.0,True,True,True,False,0.0,501.2117584724974,44.25557801369728,40.3674522655468,162.77014460140222,0.0,748.6049333531437
2026-03-20T14:15:00Z,2026-03-20T14:30:00Z,2026-03-20,2026-03-20_62,0.0,51,51,49,166.37696273291925,164.77378881987576,0.004453260869565217,1.47492,0.0,True,True,True,False,0.0,501.2117584724974,44.25557801369728,40.3674522655468,245.8163338527051,0.0,831.6511226044466
2026-03-20T14:30:00Z,2026-03-20T14:45:00Z,2026-03-20,2026-03-20_63,0.0,51,51,49,164.77378881987576,163.3685983006211,0.003942034616977226,1.2991885714285716,0.007577142857142857,True,True,True,False,0.0,501.2117584724974,44.25557801369728,40.3674522655468,230.13527402477624,-0.594763857779223,815.3752989187385
2026-03-20T14:45:00Z,2026-03-20T15:00:00Z,2026-03-20,2026-03-20_64,0.0,51,51,49,163.3685983006211,158.3858032695652,0.013841097308488612,4.584171428571429,0.0,True,True,True,False,0.0,501.2117584724974,44.25557801369728,40.3674522655468,1813.44600550022,0.0,2399.2807942519617
2026-03-20T15:00:00Z,2026-03-20T15:15:00Z,2026-03-20,2026-03-20_65,-79.46075899693359,100,20,0,158.3858032695652,174.97309316770185,0.04874491436913546,2.152,0.3966857142857143,True,True,True,False,-2066.972993407735,0.0,104.34859396769953,10.896995623932966,405.57507800388544,-6.600244970045947,-1552.752570782263
2026-03-20T15:15:00Z,2026-03-20T15:30:00Z,2026-03-20,2026-03-20_66,-80.0,100,20,0,174.97309316770185,178.93602484472046,0.02929661835748792,15.142857142857144,0.0,True,True,True,False,-2187.8,0.0,104.34859396769953,10.896995623932966,16102.298991065647,0.0,14029.74458065728
2026-03-20T15:30:00Z,2026-03-20T15:45:00Z,2026-03-20,2026-03-20_67,0.0,100,20,0,178.93602484472046,154.98260869565215,0.06653726708074532,22.037142857142854,0.0,True,True,True,False,0.0,0.0,104.34859396769953,10.896995623932966,25027.182565816212,0.0,25142.428155407844
2026-03-20T15:45:00Z,2026-03-20T16:00:00Z,2026-03-20,2026-03-20_68,0.0,100,20,0,154.98260869565215,143.99999999999997,0.03050724637681159,10.104,0.0,True,True,True,False,0.0,0.0,104.34859396769953,10.896995623932966,4531.48706371789,0.0,4646.732653309523
2026-03-20T16:00:00Z,2026-03-20T16:15:00Z,2026-03-20,2026-03-20_69,0.0,0,0,100,143.99999999999997,143.99999999999997,0.0,0.0,0.0,True,False,True,False,0.0,1022.8811397397907,0.0,0.0,0.0,0.0,1022.8811397397907
2026-03-20T16:15:00Z,2026-03-20T16:30:00Z,2026-03-20,2026-03-20_70,0.0,0,0,100,143.99999999999997,143.99999999999997,0.0,0.0,0.0,True,False,True,False,0.0,1022.8811397397907,0.0,0.0,0.0,0.0,1022.8811397397907
2026-03-20T16:30:00Z,2026-03-20T16:45:00Z,2026-03-20,2026-03-20_71,0.0,0,0,100,143.99999999999997,143.99999999999997,0.0,0.0,0.0,True,False,True,False,0.0,1022.8811397397907,0.0,0.0,0.0,0.0,1022.8811397397907
2026-03-20T16:45:00Z,2026-03-20T17:00:00Z,2026-03-20,2026-03-20_72,0.0,0,0,100,143.99999999999997,143.99999999999997,0.0,0.0,0.0,True,False,True,False,0.0,1022.8811397397907,0.0,0.0,0.0,0.0,1022.8811397397907
2026-03-20T17:00:00Z,2026-03-20T17:15:00Z,2026-03-20,2026-03-20_73,0.0,0,100,0,143.99999999999997,144.04573714285712,0.00012704761904761905,0.0,0.04971428571428571,True,True,True,False,0.0,0.0,0.0,54.33780097725622,0.0,-4.87787100554227,49.459929971713954
2026-03-20T17:15:00Z,2026-03-20T17:30:00Z,2026-03-20,2026-03-20_74,100.0,0,100,0,144.04573714285712,119.82524024844719,0.0672791580400276,0.0,2.717142857142857,True,True,True,False,4862.75,0.0,0.0,54.33780097725622,0.0,-182.38379537611468,4734.704005601142
2026-03-20T17:30:00Z,2026-03-20T17:45:00Z,2026-03-20,2026-03-20_75,100.0,0,100,0,119.82524024844719,93.60474335403725,0.07283471359558316,0.0,0.8771428571428571,True,True,True,False,5795.0,0.0,0.0,54.33780097725622,0.0,-80.64743252979285,5768.690368447464
2026-03-20T17:45:00Z,2026-03-20T18:00:00Z,2026-03-20,2026-03-20_76,100.0,0,100,0,93.60474335403725,68.84449490683228,0.06877846790890269,0.0,2.2205714285714286,True,True,True,False,6268.25,0.0,0.0,54.33780097725622,0.0,-143.2396901710899,6179.348110806166
2026-03-20T18:00:00Z,2026-03-20T18:15:00Z,2026-03-20,2026-03-20_77,0.0,0,0,100,68.84449490683228,68.84449490683228,0.0,0.0,0.0,True,False,True,False,0.0,1022.8811397397907,0.0,0.0,0.0,0.0,1022.8811397397907
2026-03-20T18:15:00Z,2026-03-20T18:30:00Z,2026-03-20,2026-03-20_78,0.0,0,0,100,68.84449490683228,68.84449490683228,0.0,0.0,0.0,True,False,True,False,0.0,1022.8811397397907,0.0,0.0,0.0,0.0,1022.8811397397907
2026-03-20T18:30:00Z,2026-03-20T18:45:00Z,2026-03-20,2026-03-20_79,0.0,0,0,100,68.84449490683228,68.84449490683228,0.0,0.0,0.0,True,False,True,False,0.0,1022.8811397397907,0.0,0.0,0.0,0.0,1022.8811397397907
2026-03-20T18:45:00Z,2026-03-20T19:00:00Z,2026-03-20,2026-03-20_80,0.0,0,0,100,68.84449490683228,68.84449490683228,0.0,0.0,0.0,True,False,True,False,0.0,1022.8811397397907,0.0,0.0,0.0,0.0,1022.8811397397907
2026-03-20T19:00:00Z,2026-03-20T19:15:00Z,2026-03-20,2026-03-20_81,77.0,0,77,23,68.84449490683228,50.9843209937888,0.049611594202898554,0.0,2.81864,True,True,True,False,4514.51,235.26266214015183,0.0,42.996036028964454,0.0,-144.67274497537235,4648.095953193744
2026-03-20T19:15:00Z,2026-03-20T19:30:00Z,2026-03-20,2026-03-20_82,0.0,0,77,23,50.9843209937888,53.0200601937888,0.0056548311111111116,0.0,2.21276,True,True,True,False,0.0,235.26266214015183,0.0,42.996036028964454,0.0,-133.9175951882886,144.34110298082769
2026-03-20T19:30:00Z,2026-03-20T19:45:00Z,2026-03-20,2026-03-20_83,63.52498963028878,0,77,23,53.0200601937888,39.496434782608695,0.04072706035283043,0.0,3.5345199999999997,True,True,True,False,2651.0566297460264,235.26266214015183,0.0,42.996036028964454,0.0,-199.39495291508857,2729.9203750000543
2026-03-20T19:45:00Z,2026-03-20T20:00:00Z,2026-03-20,2026-03-20_84,77.0,0,77,23,39.496434782608695,22.5,0.047212318840579706,0.0,3.61328,True,True,True,False,3275.58,235.26266214015183,0.0,42.996036028964454,0.0,-203.16731979826918,3350.671378370847
2026-03-20T20:00:00Z,2026-03-20T20:15:00Z,2026-03-20,2026-03-20_85,0.0,100,0,0,22.5,10.129813664596274,0.0343616287094548,11.380571428571429,0.0,True,True,True,False,0.0,0.0,104.34859396769953,0.0,3885.6860631375926,0.0,3990.034657105292
2026-03-20T20:15:00Z,2026-03-20T20:30:00Z,2026-03-20,2026-03-20_86,-100.0,100,0,0,10.129813664596274,23.025059378881988,0.03582012698412698,10.983428571428572,0.0,True,True,True,False,-3023.25,0.0,104.34859396769953,0.0,3273.40398325825,0.0,354.5025772259493
2026-03-20T20:30:00Z,2026-03-20T20:45:00Z,2026-03-20,2026-03-20_87,-46.8604934859006,100,0,0,23.025059378881988,28.403151304347823,0.03211688395528237,5.353142857142857,0.0,True,True,True,False,-1392.4595639335362,0.0,104.34859396769953,0.0,1022.0543596672957,0.0,-266.056610298541
2026-03-20T20:45:00Z,2026-03-20T21:00:00Z,2026-03-20,2026-03-20_88,-100.0,100,0,0,28.403151304347823,49.59574559006211,0.05886831746031746,1.9645714285714286,0.0,True,True,True,False,-2712.0,0.0,104.34859396769953,0.0,353.5118273794339,0.0,-2254.1395786528665
2026-03-20T21:00:00Z,2026-03-20T21:15:00Z,2026-03-20,2026-03-20_89,0.0,100,100,0,49.59574559006211,35.54968944099378,0.03905771152518979,12.929142857142859,0.008,True,True,True,False,0.0,0.0,104.34859396769953,55.83900782982397,10311.099892406502,-0.537798622421947,10470.749695581604
2026-03-20T21:15:00Z,2026-03-20T21:30:00Z,2026-03-20,2026-03-20_90,0.0,100,100,0,35.54968944099378,17.03975155279502,0.051416494133885444,17.02914285714286,0.0,True,True,True,False,0.0,0.0,104.34859396769953,55.83900782982397,9217.94964949413,0.0,9378.137251291653
2026-03-20T21:30:00Z,2026-03-20T21:45:00Z,2026-03-20,2026-03-20_91,0.0,100,100,0,17.03975155279502,9.99999999999999,0.01955486542443064,6.476571428571429,0.0,True,True,True,False,0.0,0.0,104.34859396769953,55.83900782982397,1362.047411560554,0.0,1522.2350133580776
2026-03-20T21:45:00Z,2026-03-20T22:00:00Z,2026-03-20,2026-03-20_92,0.0,100,100,0,9.99999999999999,12.004034782608686,0.005794506556245688,0.037714285714285714,2.2228571428571433,True,True,True,False,0.0,0.0,104.34859396769953,55.83900782982397,5.264739328255488,-0.4161395856052345,165.03620154017375
2026-03-20T22:00:00Z,2026-03-20T22:15:00Z,2026-03-21,2026-03-20_93,-73.48793411824533,100,17,0,12.004034782608686,21.458356268411375,0.038701084865470484,7.769714285714286,0.04798857142857143,True,True,True,False,-2638.5842745155987,0.0,103.36401640792133,9.073717885811856,5578.8320549996215,0.4379071343055092,3053.1234219120615
2026-03-20T22:15:00Z,2026-03-20T22:30:00Z,2026-03-21,2026-03-20_94,-81.39773613070302,100,17,0,21.458356268411375,33.20341980621115,0.04086524762191329,7.335428571428572,0.0,True,True,True,False,-2423.210604611029,0.0,103.36401640792133,9.073717885811856,1550.6287750976428,0.0,-760.1440952196529
2026-03-20T22:30:00Z,2026-03-20T22:45:00Z,2026-03-21,2026-03-20_95,-82.99999999999999,100,17,0,33.20341980621115,46.13110058136643,0.042580583243616285,6.497714285714286,0.0,True,True,True,False,-2427.9574999999995,0.0,103.36401640792133,9.073717885811856,1251.913441990484,0.0,-1063.6063237157823
2026-03-20T22:45:00Z,2026-03-20T23:00:00Z,2026-03-21,2026-03-20_96,-83.00000000000001,100,17,0,46.13110058136643,64.3478260869565,0.051588109151138734,0.9605714285714285,0.04099428571428571,True,True,True,False,-2332.0925,0.0,103.36401640792133,9.073717885811856,146.53846973422642,-2.182325582282137,-2075.298621554323
2026-03-20T23:00:00Z,2026-03-20T23:15:00Z,2026-03-21,2026-03-21_1,0.0,0,0,100,64.3478260869565,64.3478260869565,0.0,0.0,0.0,True,True,True,False,0.0,1023.0417459912464,0.0,0.0,0.0,0.0,1023.0417459912464
2026-03-20T23:15:00Z,2026-03-20T23:30:00Z,2026-03-21,2026-03-21_2,0.0,0,0,100,64.3478260869565,64.3478260869565,0.0,0.0,0.0,True,True,True,False,0.0,1023.0417459912464,0.0,0.0,0.0,0.0,1023.0417459912464
2026-03-20T23:30:00Z,2026-03-20T23:45:00Z,2026-03-21,2026-03-21_3,0.0,0,0,100,64.3478260869565,64.3478260869565,0.0,0.0,0.0,True,True,True,False,0.0,1023.0417459912464,0.0,0.0,0.0,0.0,1023.0417459912464
2026-03-20T23:45:00Z,2026-03-21T00:00:00Z,2026-03-21,2026-03-21_4,0.0,0,0,100,64.3478260869565,64.3478260869565,0.0,0.0,0.0,True,True,True,False,0.0,1023.0417459912464,0.0,0.0,0.0,0.0,1023.0417459912464
2026-03-21T00:00:00Z,2026-03-21T00:15:00Z,2026-03-21,2026-03-21_5,0.0,0,0,100,64.3478260869565,64.3478260869565,0.0,0.0,0.0,True,True,True,False,0.0,1023.0417459912464,0.0,0.0,0.0,0.0,1023.0417459912464
2026-03-21T00:15:00Z,2026-03-21T00:30:00Z,2026-03-21,2026-03-21_6,0.0,0,0,100,64.3478260869565,64.3478260869565,0.0,0.0,0.0,True,True,True,False,0.0,1023.0417459912464,0.0,0.0,0.0,0.0,1023.0417459912464
2026-03-21T00:30:00Z,2026-03-21T00:45:00Z,2026-03-21,2026-03-21_7,0.0,0,0,100,64.3478260869565,64.3478260869565,0.0,0.0,0.0,True,True,True,False,0.0,1023.0417459912464,0.0,0.0,0.0,0.0,1023.0417459912464
2026-03-21T00:45:00Z,2026-03-21T01:00:00Z,2026-03-21,2026-03-21_8,0.0,0,0,100,64.3478260869565,64.3478260869565,0.0,0.0,0.0,True,True,True,False,0.0,1023.0417459912464,0.0,0.0,0.0,0.0,1023.0417459912464
2026-03-21T01:00:00Z,2026-03-21T01:15:00Z,2026-03-21,2026-03-21_9,0.0,0,0,100,64.3478260869565,64.3478260869565,0.0,0.0,0.0,True,True,True,False,0.0,1023.0417459912464,0.0,0.0,0.0,0.0,1023.0417459912464
2026-03-21T01:15:00Z,2026-03-21T01:30:00Z,2026-03-21,2026-03-21_10,0.0,0,0,100,64.3478260869565,64.3478260869565,0.0,0.0,0.0,True,True,True,False,0.0,1023.0417459912464,0.0,0.0,0.0,0.0,1023.0417459912464
2026-03-21T01:30:00Z,2026-03-21T01:45:00Z,2026-03-21,2026-03-21_11,0.0,0,0,100,64.3478260869565,64.3478260869565,0.0,0.0,0.0,True,True,True,False,0.0,1023.0417459912464,0.0,0.0,0.0,0.0,1023.0417459912464
2026-03-21T01:45:00Z,2026-03-21T02:00:00Z,2026-03-21,2026-03-21_12,0.0,0,0,100,64.3478260869565,64.3478260869565,0.0,0.0,0.0,True,True,True,False,0.0,1023.0417459912464,0.0,0.0,0.0,0.0,1023.0417459912464
2026-03-21T02:00:00Z,2026-03-21T02:15:00Z,2026-03-21,2026-03-21_13,0.0,0,0,100,64.3478260869565,64.3478260869565,0.0,0.0,0.0,True,True,True,False,0.0,1023.0417459912464,0.0,0.0,0.0,0.0,1023.0417459912464
2026-03-21T02:15:00Z,2026-03-21T02:30:00Z,2026-03-21,2026-03-21_14,0.0,0,0,100,64.3478260869565,64.3478260869565,0.0,0.0,0.0,True,True,True,False,0.0,1023.0417459912464,0.0,0.0,0.0,0.0,1023.0417459912464
2026-03-21T02:30:00Z,2026-03-21T02:45:00Z,2026-03-21,2026-03-21_15,0.0,0,0,100,64.3478260869565,64.3478260869565,0.0,0.0,0.0,True,True,True,False,0.0,1023.0417459912464,0.0,0.0,0.0,0.0,1023.0417459912464
2026-03-21T02:45:00Z,2026-03-21T03:00:00Z,2026-03-21,2026-03-21_16,0.0,0,0,100,64.3478260869565,64.3478260869565,0.0,0.0,0.0,True,True,True,False,0.0,1023.0417459912464,0.0,0.0,0.0,0.0,1023.0417459912464
2026-03-21T03:00:00Z,2026-03-21T03:15:00Z,2026-03-21,2026-03-21_17,0.0,0,0,100,64.3478260869565,64.3478260869565,0.0,0.0,0.0,True,True,True,False,0.0,1023.0417459912464,0.0,0.0,0.0,0.0,1023.0417459912464
2026-03-21T03:15:00Z,2026-03-21T03:30:00Z,2026-03-21,2026-03-21_18,0.0,0,0,100,64.3478260869565,64.3478260869565,0.0,0.0,0.0,True,True,True,False,0.0,1023.0417459912464,0.0,0.0,0.0,0.0,1023.0417459912464
2026-03-21T03:30:00Z,2026-03-21T03:45:00Z,2026-03-21,2026-03-21_19,0.0,0,0,100,64.3478260869565,64.3478260869565,0.0,0.0,0.0,True,True,True,False,0.0,1023.0417459912464,0.0,0.0,0.0,0.0,1023.0417459912464
2026-03-21T03:45:00Z,2026-03-21T04:00:00Z,2026-03-21,2026-03-21_20,0.0,0,0,100,64.3478260869565,64.3478260869565,0.0,0.0,0.0,True,True,True,False,0.0,1023.0417459912464,0.0,0.0,0.0,0.0,1023.0417459912464
2026-03-21T04:00:00Z,2026-03-21T04:15:00Z,2026-03-21,2026-03-21_21,0.0,0,0,100,64.3478260869565,64.3478260869565,0.0,0.0,0.0,True,True,True,False,0.0,1023.0417459912464,0.0,0.0,0.0,0.0,1023.0417459912464
2026-03-21T04:15:00Z,2026-03-21T04:30:00Z,2026-03-21,2026-03-21_22,0.0,0,0,100,64.3478260869565,64.3478260869565,0.0,0.0,0.0,True,True,True,False,0.0,1023.0417459912464,0.0,0.0,0.0,0.0,1023.0417459912464
2026-03-21T04:30:00Z,2026-03-21T04:45:00Z,2026-03-21,2026-03-21_23,0.0,0,0,100,64.3478260869565,64.3478260869565,0.0,0.0,0.0,True,True,True,False,0.0,1023.0417459912464,0.0,0.0,0.0,0.0,1023.0417459912464
2026-03-21T04:45:00Z,2026-03-21T05:00:00Z,2026-03-21,2026-03-21_24,0.0,0,0,100,64.3478260869565,64.3478260869565,0.0,0.0,0.0,True,True,True,False,0.0,1023.0417459912464,0.0,0.0,0.0,0.0,1023.0417459912464
2026-03-21T05:00:00Z,2026-03-21T05:15:00Z,2026-03-21,2026-03-21_25,0.0,0,0,100,64.3478260869565,64.3478260869565,0.0,0.0,0.0,True,True,True,False,0.0,1023.0417459912464,0.0,0.0,0.0,0.0,1023.0417459912464
2026-03-21T05:15:00Z,2026-03-21T05:30:00Z,2026-03-21,2026-03-21_26,0.0,0,0,100,64.3478260869565,64.3478260869565,0.0,0.0,0.0,True,True,True,False,0.0,1023.0417459912464,0.0,0.0,0.0,0.0,1023.0417459912464
2026-03-21T05:30:00Z,2026-03-21T05:45:00Z,2026-03-21,2026-03-21_27,0.0,0,0,100,64.3478260869565,64.3478260869565,0.0,0.0,0.0,True,True,True,False,0.0,1023.0417459912464,0.0,0.0,0.0,0.0,1023.0417459912464
2026-03-21T05:45:00Z,2026-03-21T06:00:00Z,2026-03-21,2026-03-21_28,0.0,0,0,100,64.3478260869565,64.3478260869565,0.0,0.0,0.0,True,True,True,False,0.0,1023.0417459912464,0.0,0.0,0.0,0.0,1023.0417459912464
2026-03-21T06:00:00Z,2026-03-21T06:15:00Z,2026-03-21,2026-03-21_29,30.000000000000043,70,100,0,64.3478260869565,55.57395150310556,0.025197829399585953,0.778,0.2308571428571429,True,True,True,False,906.9750000000014,0.0,72.37541952071598,53.34537104276658,106.80256834998332,-12.440622334624024,1127.0577365788433
2026-03-21T06:15:00Z,2026-03-21T06:30:00Z,2026-03-21,2026-03-21_30,30.000000000000043,70,100,0,55.57395150310556,47.38845008695648,0.02297057060041411,0.0888,0.06514285714285714,True,True,True,False,828.3000000000012,0.0,72.37541952071598,53.34537104276658,12.034856548448511,-4.618224680855836,961.4374224310765
2026-03-21T06:30:00Z,2026-03-21T06:45:00Z,2026-03-21,2026-03-21_31,27.236509817798296,70,100,0,47.38845008695648,44.103866832298124,0.02500300728675254,0.0052,4.269714285714286,True,True,True,False,708.4897116354782,0.0,72.37541952071598,53.34537104276658,0.6434422091813702,64.48105737445219,899.3350017825943
2026-03-21T06:45:00Z,2026-03-21T07:00:00Z,2026-03-21,2026-03-21_32,0.0,70,100,0,44.103866832298124,60.543478260869556,0.04566558730158731,0.0,17.869142857142858,True,True,True,False,0.0,0.0,72.37541952071598,53.34537104276658,0.0,2204.7038309636428,2330.4246215271255
2026-03-21T07:00:00Z,2026-03-21T07:15:00Z,2026-03-21,2026-03-21_33,0.0,0,0,93,60.543478260869556,60.543478260869556,0.0,0.0,0.0,True,False,True,False,0.0,951.4288237718592,0.0,0.0,0.0,0.0,951.4288237718592
2026-03-21T07:15:00Z,2026-03-21T07:30:00Z,2026-03-21,2026-03-21_34,0.0,0,0,93,60.543478260869556,60.543478260869556,0.0,0.0,0.0,True,False,True,False,0.0,951.4288237718592,0.0,0.0,0.0,0.0,951.4288237718592
2026-03-21T07:30:00Z,2026-03-21T07:45:00Z,2026-03-21,2026-03-21_35,0.0,0,0,93,60.543478260869556,60.543478260869556,0.0,0.0,0.0,True,False,True,False,0.0,951.4288237718592,0.0,0.0,0.0,0.0,951.4288237718592
2026-03-21T07:45:00Z,2026-03-21T08:00:00Z,2026-03-21,2026-03-21_36,-7.0,0,0,93,60.543478260869556,62.153478260869555,0.004472222222222223,0.0,0.0,True,False,True,False,-25.9525,951.4288237718592,0.0,0.0,0.0,0.0,925.4763237718593
2026-03-21T08:00:00Z,2026-03-21T08:15:00Z,2026-03-21,2026-03-21_37,100.0,0,0,0,62.153478260869555,34.9795652173913,0.07548309178743962,0.0,0.0,True,True,True,False,2601.25,0.0,0.0,0.0,0.0,0.0,2601.25
2026-03-21T08:15:00Z,2026-03-21T08:30:00Z,2026-03-21,2026-03-21_38,-100.0,0,0,0,34.9795652173913,57.9795652173913,0.0638888888888889,0.0,0.0,True,True,True,False,-374.75,0.0,0.0,0.0,0.0,0.0,-374.75
2026-03-21T08:30:00Z,2026-03-21T08:45:00Z,2026-03-21,2026-03-21_39,-100.0,0,0,0,57.9795652173913,80.9795652173913,0.0638888888888889,0.0,0.0,True,True,True,False,-275.0,0.0,0.0,0.0,0.0,0.0,-275.0
2026-03-21T08:45:00Z,2026-03-21T09:00:00Z,2026-03-21,2026-03-21_40,-100.0,0,0,0,80.9795652173913,103.9795652173913,0.0638888888888889,0.0,0.0,True,True,True,False,-383.25,0.0,0.0,0.0,0.0,0.0,-383.25
2026-03-21T09:00:00Z,2026-03-21T09:15:00Z,2026-03-21,2026-03-21_41,-7.0,7,0,93,103.9795652173913,105.5699508173913,0.004417737777777778,0.02132,0.0,True,True,True,False,-19.25,951.4288237718592,5.024238974701183,0.0,2.5312055033267256,0.0,939.7342682498871
2026-03-21T09:15:00Z,2026-03-21T09:30:00Z,2026-03-21,2026-03-21_42,-7.0,7,0,93,105.5699508173913,107.13637961739131,0.004351191111111111,0.04736,0.0,True,True,True,False,-19.25,951.4288237718592,5.024238974701183,0.0,6.0248080862004665,0.0,943.2278708327609
2026-03-21T09:30:00Z,2026-03-21T09:45:00Z,2026-03-21,2026-03-21_43,-7.0,7,0,93,107.13637961739131,108.73379401739132,0.004437262222222222,0.013680000000000001,0.0,True,True,True,False,-19.25,951.4288237718592,5.024238974701183,0.0,1.591762281407627,0.0,938.794825027968
2026-03-21T09:45:00Z,2026-03-21T10:00:00Z,2026-03-21,2026-03-21_44,0.0,7,0,93,108.73379401739132,108.67640271304349,0.00015942028985507247,0.0528,0.0,True,True,True,False,0.0,951.4288237718592,5.024238974701183,0.0,6.880559910502247,0.0,963.3336226570626
2026-03-21T10:00:00Z,2026-03-21T10:15:00Z,2026-03-21,2026-03-21_45,-7.0,7,0,93,108.67640271304349,110.21236111304349,0.004266551111111112,0.08048,0.0,True,True,True,False,-19.39,951.4288237718592,5.036603795803812,0.0,10.802510176444033,0.0,947.877937744107
2026-03-21T10:15:00Z,2026-03-21T10:30:00Z,2026-03-21,2026-03-21_46,-7.0,7,0,93,110.21236111304349,111.81043791304349,0.004439102222222223,0.012960000000000001,0.0,True,True,True,False,-22.3475,951.4288237718592,5.036603795803812,0.0,1.5743992463347138,0.0,935.6923268139977
2026-03-21T10:30:00Z,2026-03-21T10:45:00Z,2026-03-21,2026-03-21_47,-0.2093154497923022,7,0,93,111.81043791304349,111.85542113116824,0.00014205897278148216,0.00292,0.0,True,True,True,False,-3.1214166450277068,951.4288237718592,5.036603795803812,0.0,0.3537566446193401,0.0,953.6977675672547
2026-03-21T10:45:00Z,2026-03-21T11:00:00Z,2026-03-21,2026-03-21_48,-7.0,7,0,93,111.85542113116824,113.46244033116824,0.004463942222222223,0.0032400000000000003,0.0,True,True,True,False,-87.41250000000001,951.4288237718592,5.036603795803812,0.0,0.39096843634079803,0.0,869.4438960040038
2026-03-21T11:00:00Z,2026-03-21T11:15:00Z,2026-03-21,2026-03-21_49,-36.0,36,0,64,113.46244033116824,121.72124353116824,0.02294112,0.02304,0.0,True,True,True,False,-479.96999999999997,654.7467174343977,25.796549626111357,0.0,2.8620725638358424,0.0,203.43533962434498
2026-03-21T11:15:00Z,2026-03-21T11:30:00Z,2026-03-21,2026-03-21_50,-36.0,36,0,64,121.72124353116824,129.9987831883111,0.022993165714285717,0.002674285714285714,0.0,True,True,True,False,-322.92,654.7467174343977,25.796549626111357,0.0,0.3181964879421965,0.0,357.9414635484513
2026-03-21T11:30:00Z,2026-03-21T11:45:00Z,2026-03-21,2026-03-21_51,-36.0,36,0,64,129.9987831883111,135.77604673116826,0.016047954285714285,2.7203657142857143,0.0,True,True,True,False,-277.92,654.7467174343977,25.796549626111357,0.0,411.26850971773996,0.0,813.8917767782491
2026-03-21T11:45:00Z,2026-03-21T12:00:00Z,2026-03-21,2026-03-21_52,-36.0,36,0,64,135.77604673116826,140.88844993116825,0.014201120000000001,3.4430399999999994,0.0,True,True,True,False,-265.05,654.7467174343977,25.796549626111357,0.0,537.198979694216,0.0,952.692246754725
2026-03-21T12:00:00Z,2026-03-21T12:15:00Z,2026-03-21,2026-03-21_53,-7.0,7,0,93,140.88844993116825,142.43128993116827,0.004285666666666668,0.073,0.0,True,True,True,False,-56.717499999999994,951.4288237718592,4.925320405880159,0.0,9.910698121724794,0.0,909.5473422994642
2026-03-21T12:15:00Z,2026-03-21T12:30:00Z,2026-03-21,2026-03-21_54,-7.0,7,0,93,142.43128993116827,143.85390433116825,0.003951706666666667,0.20368,0.0,True,True,True,False,-59.36,951.4288237718592,4.925320405880159,0.0,27.936072571686516,0.0,924.9302167494259
2026-03-21T12:30:00Z,2026-03-21T12:45:00Z,2026-03-21,2026-03-21_55,-7.0,7,0,93,143.85390433116825,145.41713153116825,0.004342297777777777,0.050839999999999996,0.0,True,True,True,False,-63.402499999999996,951.4288237718592,4.925320405880159,0.0,6.709301446487801,0.0,899.6609456242272
2026-03-21T12:45:00Z,2026-03-21T13:00:00Z,2026-03-21,2026-03-21_56,-7.0,7,0,93,145.41713153116825,146.97862913116825,0.004337493333333334,0.05272,0.0,True,True,True,False,-52.5,951.4288237718592,4.925320405880159,0.0,7.0993252183470394,0.0,910.9534693960865
2026-03-21T13:00:00Z,2026-03-21T13:15:00Z,2026-03-21,2026-03-21_57,0.0,6,7,93,146.97862913116825,146.95994214483284,0.00010792607315389924,0.026468571428571428,0.010960000000000001,True,True,True,False,0.0,951.4288237718592,4.599713450177621,6.495652685913917,3.6327674017333176,-0.7399500382720653,965.417007271412
2026-03-21T13:15:00Z,2026-03-21T13:30:00Z,2026-03-21,2026-03-21_58,0.9999999999998688,6,7,93,146.95994214483284,146.96588395849747,0.0012723711525189103,0.0,0.2942,True,True,True,False,20.774999999997274,951.4288237718592,4.599713450177621,6.495652685913917,0.0,-4.780786088594924,978.5184038193531
2026-03-21T13:30:00Z,2026-03-21T13:45:00Z,2026-03-21,2026-03-21_59,0.8282315496408668,6,7,93,146.96588395849747,147.0352272000001,0.001219135670840578,0.0,0.31328,True,True,True,False,18.2500821963365,951.4288237718592,4.599713450177621,6.495652685913917,0.0,-2.9863390944240544,977.7879330098632
2026-03-21T13:45:00Z,2026-03-21T14:00:00Z,2026-03-21,2026-03-21_60,0.0,6,7,93,147.0352272000001,147.22000000000008,0.0005132577777777778,0.0,0.20084000000000002,True,True,True,False,0.0,951.4288237718592,4.599713450177621,6.495652685913917,0.0,-6.196275268395126,956.3279146395556
2026-03-21T14:00:00Z,2026-03-21T14:15:00Z,2026-03-21,2026-03-21_61,0.0,100,100,0,147.22000000000008,146.98515975155289,0.0013766514837819184,0.33599999999999997,0.1417142857142857,True,True,True,False,0.0,0.0,95.50352299267924,79.72365606170634,46.09605307059723,-7.983906554476709,213.3393255705061
2026-03-21T14:15:00Z,2026-03-21T14:30:00Z,2026-03-21,2026-03-21_62,0.0,100,100,0,146.98515975155289,155.81347975155288,0.024523111111111107,0.0,9.595999999999998,True,True,True,False,0.0,0.0,95.50352299267924,79.72365606170634,0.0,453.97888559596464,629.2060646503502
2026-03-21T14:30:00Z,2026-03-21T14:45:00Z,2026-03-21,2026-03-21_63,0.0,100,100,0,155.81347975155288,165.94872546583858,0.028153460317460317,0.0,11.016571428571428,True,True,True,False,0.0,0.0,95.50352299267924,79.72365606170634,0.0,796.2024781232387,971.4296571776243
2026-03-21T14:45:00Z,2026-03-21T15:00:00Z,2026-03-21,2026-03-21_64,0.0,100,100,0,165.94872546583858,166.04217838509325,0.0006253609385783299,0.06057142857142857,0.17314285714285715,True,True,True,False,0.0,0.0,95.50352299267924,79.72365606170634,8.30983269640018,-11.453914321042346,172.08309742974342
2026-03-21T15:00:00Z,2026-03-21T15:15:00Z,2026-03-21,2026-03-21_65,-1.4960515058428991e-15,0,100,0,166.04217838509325,182.0002355279504,0.04432793650793651,0.0,17.345714285714287,True,True,True,False,-4.012784151547116e-14,0.0,0.0,53.49257129398834,0.0,1844.9554131840955,1898.4479844780838
2026-03-21T15:15:00Z,2026-03-21T15:30:00Z,2026-03-21,2026-03-21_66,36.93740580121951,0,100,0,182.0002355279504,182.1436501863354,0.03302896500748841,0.0,10.370857142857142,True,True,True,False,1076.7253791055487,0.0,0.0,53.49257129398834,0.0,94.14599427461117,1224.3639446741481
2026-03-21T15:30:00Z,2026-03-21T15:45:00Z,2026-03-21,2026-03-21_67,100.0,0,100,0,182.1436501863354,170.04551354037267,0.033605935127674263,0.0,13.869714285714284,True,True,True,False,3437.75,0.0,0.0,53.49257129398834,0.0,324.3843365474391,3815.6269078414275
2026-03-21T15:45:00Z,2026-03-21T16:00:00Z,2026-03-21,2026-03-21_68,100.0,0,100,0,170.04551354037267,143.5014141614907,0.07373360938578329,0.0,0.5794285714285714,True,True,True,False,3855.7499999999995,0.0,0.0,53.49257129398834,0.0,-30.365896421491794,3878.876674872496
2026-03-21T16:00:00Z,2026-03-21T16:15:00Z,2026-03-21,2026-03-21_69,0.0,0,0,100,143.5014141614907,143.5014141614907,0.0,0.0,0.0,True,True,True,False,0.0,1023.0417459912464,0.0,0.0,0.0,0.0,1023.0417459912464
2026-03-21T16:15:00Z,2026-03-21T16:30:00Z,2026-03-21,2026-03-21_70,0.0,0,0,100,143.5014141614907,143.5014141614907,0.0,0.0,0.0,True,True,True,False,0.0,1023.0417459912464,0.0,0.0,0.0,0.0,1023.0417459912464
2026-03-21T16:30:00Z,2026-03-21T16:45:00Z,2026-03-21,2026-03-21_71,0.0,0,0,100,143.5014141614907,143.5014141614907,0.0,0.0,0.0,True,True,True,False,0.0,1023.0417459912464,0.0,0.0,0.0,0.0,1023.0417459912464
2026-03-21T16:45:00Z,2026-03-21T17:00:00Z,2026-03-21,2026-03-21_72,0.0,0,0,100,143.5014141614907,143.5014141614907,0.0,0.0,0.0,True,True,True,False,0.0,1023.0417459912464,0.0,0.0,0.0,0.0,1023.0417459912464
2026-03-21T17:00:00Z,2026-03-21T17:15:00Z,2026-03-21,2026-03-21_73,9.999999999999972,0,10,90,143.5014141614907,140.80122782608697,0.007500517598343664,0.0,0.01582857142857143,True,True,True,False,426.82499999999874,920.7375713921218,0.0,5.260936978665777,0.0,-0.9000020523920743,1351.9235063183942
2026-03-21T17:15:00Z,2026-03-21T17:30:00Z,2026-03-21,2026-03-21_74,9.999999999999972,0,10,90,140.80122782608697,138.09948869565218,0.007504830917874374,0.0,0.014400000000000001,True,True,True,False,448.2249999999987,920.7375713921218,0.0,5.260936978665777,0.0,-0.8690024533375204,1373.3545059174487
2026-03-21T17:30:00Z,2026-03-21T17:45:00Z,2026-03-21,2026-03-21_75,9.999999999999972,0,10,90,138.09948869565218,135.39594832298138,0.007509834368529998,0.0,0.012742857142857143,True,True,True,False,453.6249999999987,920.7375713921218,0.0,5.260936978665777,0.0,-0.8260710766927326,1378.7974372940935
2026-03-21T17:45:00Z,2026-03-21T18:00:00Z,2026-03-21,2026-03-21_76,9.999999999999972,0,10,90,135.39594832298138,132.68178683229814,0.007539337474120061,0.0,0.0029714285714285715,True,True,True,False,441.49999999999875,920.7375713921218,0.0,5.260936978665777,0.0,-0.23327735050763057,1367.2652310202786
2026-03-21T18:00:00Z,2026-03-21T18:15:00Z,2026-03-21,2026-03-21_77,100.0,0,100,0,132.68178683229814,110.40725267080745,0.061873706004140785,0.0,4.507428571428571,True,True,True,False,4859.0,0.0,0.0,52.4032894349473,0.0,-228.5747805875112,4682.828508847436
2026-03-21T18:15:00Z,2026-03-21T18:30:00Z,2026-03-21,2026-03-21_78,100.0,0,100,0,110.40725267080745,94.58427130434782,0.04395272601794341,0.0,10.442857142857143,True,True,True,False,4284.0,0.0,0.0,52.4032894349473,0.0,-210.42507787594243,4125.978211559005
2026-03-21T18:30:00Z,2026-03-21T18:45:00Z,2026-03-21,2026-03-21_79,100.0,0,100,0,94.58427130434782,75.15259428571429,0.05397688060731539,0.0,7.122857142857144,True,True,True,False,3897.2499999999995,0.0,0.0,52.4032894349473,0.0,-344.573159646383,3605.0801297885637
2026-03-21T18:45:00Z,2026-03-21T19:00:00Z,2026-03-21,2026-03-21_80,100.0,0,100,0,75.15259428571429,62.67681788819876,0.034654934437543125,0.0,13.522285714285715,True,True,True,False,3608.0,0.0,0.0,52.4032894349473,0.0,281.5605761277642,3941.9638655627114
2026-03-21T19:00:00Z,2026-03-21T19:15:00Z,2026-03-21,2026-03-21_81,0.0,100,100,0,62.67681788819876,74.23359503105591,0.03210215873015874,0.0,12.561714285714288,True,True,True,False,0.0,0.0,105.51314007575907,53.96361209789797,0.0,36.22485682322232,195.70160899687937
2026-03-21T19:15:00Z,2026-03-21T19:30:00Z,2026-03-21,2026-03-21_82,0.0,100,100,0,74.23359503105591,77.03045962732921,0.00991537612146308,0.3554285714285714,3.46,True,True,True,False,0.0,0.0,105.51314007575907,53.96361209789797,58.9397829286962,-142.0982905144158,76.31824458793744
2026-03-21T19:30:00Z,2026-03-21T19:45:00Z,2026-03-21,2026-03-21_83,0.0,100,100,0,77.03045962732921,74.83726708074536,0.006530296756383712,2.0902857142857143,0.08571428571428572,True,True,True,False,0.0,0.0,105.51314007575907,53.96361209789797,356.2535919945494,-4.595120802339502,511.135223365867
2026-03-21T19:45:00Z,2026-03-21T20:00:00Z,2026-03-21,2026-03-21_84,0.0,100,100,0,74.83726708074536,64.34782608695654,0.029137336093857834,9.650285714285715,0.0,True,True,True,False,0.0,0.0,105.51314007575907,53.96361209789797,3140.177326226599,0.0,3299.654078400256
2026-03-21T20:00:00Z,2026-03-21T20:15:00Z,2026-03-21,2026-03-21_85,0.0,0,0,100,64.34782608695654,64.34782608695654,0.0,0.0,0.0,True,False,True,False,0.0,1023.0417459912464,0.0,0.0,0.0,0.0,1023.0417459912464
2026-03-21T20:15:00Z,2026-03-21T20:30:00Z,2026-03-21,2026-03-21_86,0.0,0,0,100,64.34782608695654,64.34782608695654,0.0,0.0,0.0,True,False,True,False,0.0,1023.0417459912464,0.0,0.0,0.0,0.0,1023.0417459912464
2026-03-21T20:30:00Z,2026-03-21T20:45:00Z,2026-03-21,2026-03-21_87,0.0,0,0,100,64.34782608695654,64.34782608695654,0.0,0.0,0.0,True,False,True,False,0.0,1023.0417459912464,0.0,0.0,0.0,0.0,1023.0417459912464
2026-03-21T20:45:00Z,2026-03-21T21:00:00Z,2026-03-21,2026-03-21_88,0.0,0,0,100,64.34782608695654,64.34782608695654,0.0,0.0,0.0,True,False,True,False,0.0,1023.0417459912464,0.0,0.0,0.0,0.0,1023.0417459912464
2026-03-21T21:00:00Z,2026-03-21T21:15:00Z,2026-03-21,2026-03-21_89,0.0,0,0,100,64.34782608695654,64.34782608695654,0.0,0.0,0.0,True,False,True,False,0.0,1023.0417459912464,0.0,0.0,0.0,0.0,1023.0417459912464
2026-03-21T21:15:00Z,2026-03-21T21:30:00Z,2026-03-21,2026-03-21_90,0.0,0,0,100,64.34782608695654,64.34782608695654,0.0,0.0,0.0,True,False,True,False,0.0,1023.0417459912464,0.0,0.0,0.0,0.0,1023.0417459912464
2026-03-21T21:30:00Z,2026-03-21T21:45:00Z,2026-03-21,2026-03-21_91,0.0,0,0,100,64.34782608695654,64.34782608695654,0.0,0.0,0.0,True,False,True,False,0.0,1023.0417459912464,0.0,0.0,0.0,0.0,1023.0417459912464
2026-03-21T21:45:00Z,2026-03-21T22:00:00Z,2026-03-21,2026-03-21_92,0.0,0,0,100,64.34782608695654,64.34782608695654,0.0,0.0,0.0,True,False,True,False,0.0,1023.0417459912464,0.0,0.0,0.0,0.0,1023.0417459912464
2026-03-21T22:00:00Z,2026-03-21T22:15:00Z,2026-03-22,2026-03-21_93,6.178632484870435e-14,0,0,100,64.34782608695654,64.34782608695653,4.6638228297633116e-17,0.0,0.0,True,True,True,False,2.0316888268375207e-12,1023.0417459912464,0.0,0.0,0.0,0.0,1023.0417459912485
2026-03-21T22:15:00Z,2026-03-21T22:30:00Z,2026-03-22,2026-03-21_94,0.0,0,0,100,64.34782608695653,64.34782608695653,0.0,0.0,0.0,True,True,True,False,0.0,1023.0417459912464,0.0,0.0,0.0,0.0,1023.0417459912464
2026-03-21T22:30:00Z,2026-03-21T22:45:00Z,2026-03-22,2026-03-21_95,0.0,0,0,100,64.34782608695653,64.34782608695653,0.0,0.0,0.0,True,True,True,False,0.0,1023.0417459912464,0.0,0.0,0.0,0.0,1023.0417459912464
2026-03-21T22:45:00Z,2026-03-21T23:00:00Z,2026-03-22,2026-03-21_96,0.0,0,0,100,64.34782608695653,64.34782608695653,0.0,0.0,0.0,True,True,True,False,0.0,1023.0417459912464,0.0,0.0,0.0,0.0,1023.0417459912464
2026-03-21T23:00:00Z,2026-03-21T23:15:00Z,2026-03-22,2026-03-22_1,0.0,0,0,100,64.34782608695653,64.34782608695653,0.0,0.0,0.0,True,True,True,False,0.0,1023.0417459912464,0.0,0.0,0.0,0.0,1023.0417459912464
2026-03-21T23:15:00Z,2026-03-21T23:30:00Z,2026-03-22,2026-03-22_2,0.0,0,0,100,64.34782608695653,64.34782608695653,0.0,0.0,0.0,True,True,True,False,0.0,1023.0417459912464,0.0,0.0,0.0,0.0,1023.0417459912464
2026-03-21T23:30:00Z,2026-03-21T23:45:00Z,2026-03-22,2026-03-22_3,0.0,0,0,100,64.34782608695653,64.34782608695653,0.0,0.0,0.0,True,True,True,False,0.0,1023.0417459912464,0.0,0.0,0.0,0.0,1023.0417459912464
2026-03-21T23:45:00Z,2026-03-22T00:00:00Z,2026-03-22,2026-03-22_4,0.0,0,0,100,64.34782608695653,64.34782608695653,0.0,0.0,0.0,True,True,True,False,0.0,1023.0417459912464,0.0,0.0,0.0,0.0,1023.0417459912464
2026-03-22T00:00:00Z,2026-03-22T00:15:00Z,2026-03-22,2026-03-22_5,0.0,0,0,100,64.34782608695653,64.34782608695653,0.0,0.0,0.0,True,True,True,False,0.0,1023.0417459912464,0.0,0.0,0.0,0.0,1023.0417459912464
2026-03-22T00:15:00Z,2026-03-22T00:30:00Z,2026-03-22,2026-03-22_6,0.0,0,0,100,64.34782608695653,64.34782608695653,0.0,0.0,0.0,True,True,True,False,0.0,1023.0417459912464,0.0,0.0,0.0,0.0,1023.0417459912464
2026-03-22T00:30:00Z,2026-03-22T00:45:00Z,2026-03-22,2026-03-22_7,0.0,0,0,100,64.34782608695653,64.34782608695653,0.0,0.0,0.0,True,True,True,False,0.0,1023.0417459912464,0.0,0.0,0.0,0.0,1023.0417459912464
2026-03-22T00:45:00Z,2026-03-22T01:00:00Z,2026-03-22,2026-03-22_8,0.0,0,0,100,64.34782608695653,64.34782608695653,0.0,0.0,0.0,True,True,True,False,0.0,1023.0417459912464,0.0,0.0,0.0,0.0,1023.0417459912464
2026-03-22T01:00:00Z,2026-03-22T01:15:00Z,2026-03-22,2026-03-22_9,0.0,0,0,100,64.34782608695653,64.34782608695653,0.0,0.0,0.0,True,True,True,False,0.0,1023.0417459912464,0.0,0.0,0.0,0.0,1023.0417459912464
2026-03-22T01:15:00Z,2026-03-22T01:30:00Z,2026-03-22,2026-03-22_10,0.0,0,0,100,64.34782608695653,64.34782608695653,0.0,0.0,0.0,True,True,True,False,0.0,1023.0417459912464,0.0,0.0,0.0,0.0,1023.0417459912464
2026-03-22T01:30:00Z,2026-03-22T01:45:00Z,2026-03-22,2026-03-22_11,0.0,0,0,100,64.34782608695653,64.34782608695653,0.0,0.0,0.0,True,True,True,False,0.0,1023.0417459912464,0.0,0.0,0.0,0.0,1023.0417459912464
2026-03-22T01:45:00Z,2026-03-22T02:00:00Z,2026-03-22,2026-03-22_12,0.0,0,0,100,64.34782608695653,64.34782608695653,0.0,0.0,0.0,True,True,True,False,0.0,1023.0417459912464,0.0,0.0,0.0,0.0,1023.0417459912464
2026-03-22T02:00:00Z,2026-03-22T02:15:00Z,2026-03-22,2026-03-22_13,0.0,0,0,100,64.34782608695653,64.34782608695653,0.0,0.0,0.0,True,True,True,False,0.0,1023.0417459912464,0.0,0.0,0.0,0.0,1023.0417459912464
2026-03-22T02:15:00Z,2026-03-22T02:30:00Z,2026-03-22,2026-03-22_14,0.0,0,0,100,64.34782608695653,64.34782608695653,0.0,0.0,0.0,True,True,True,False,0.0,1023.0417459912464,0.0,0.0,0.0,0.0,1023.0417459912464
2026-03-22T02:30:00Z,2026-03-22T02:45:00Z,2026-03-22,2026-03-22_15,0.0,0,0,100,64.34782608695653,64.34782608695653,0.0,0.0,0.0,True,True,True,False,0.0,1023.0417459912464,0.0,0.0,0.0,0.0,1023.0417459912464
2026-03-22T02:45:00Z,2026-03-22T03:00:00Z,2026-03-22,2026-03-22_16,0.0,0,0,100,64.34782608695653,64.34782608695653,0.0,0.0,0.0,True,True,True,False,0.0,1023.0417459912464,0.0,0.0,0.0,0.0,1023.0417459912464
2026-03-22T03:00:00Z,2026-03-22T03:15:00Z,2026-03-22,2026-03-22_17,0.0,0,0,100,64.34782608695653,64.34782608695653,0.0,0.0,0.0,True,True,True,False,0.0,1023.0417459912464,0.0,0.0,0.0,0.0,1023.0417459912464
2026-03-22T03:15:00Z,2026-03-22T03:30:00Z,2026-03-22,2026-03-22_18,0.0,0,0,100,64.34782608695653,64.34782608695653,0.0,0.0,0.0,True,True,True,False,0.0,1023.0417459912464,0.0,0.0,0.0,0.0,1023.0417459912464
2026-03-22T03:30:00Z,2026-03-22T03:45:00Z,2026-03-22,2026-03-22_19,0.0,0,0,100,64.34782608695653,64.34782608695653,0.0,0.0,0.0,True,True,True,False,0.0,1023.0417459912464,0.0,0.0,0.0,0.0,1023.0417459912464
2026-03-22T03:45:00Z,2026-03-22T04:00:00Z,2026-03-22,2026-03-22_20,0.0,0,0,100,64.34782608695653,64.34782608695653,0.0,0.0,0.0,True,True,True,False,0.0,1023.0417459912464,0.0,0.0,0.0,0.0,1023.0417459912464
2026-03-22T04:00:00Z,2026-03-22T04:15:00Z,2026-03-22,2026-03-22_21,39.000000000000014,61,100,0,64.34782608695653,53.59304722484472,0.030155876521739143,0.22622285714285714,0.09028571428571429,True,True,True,False,1029.8925000000004,0.0,58.22123216423623,53.904731997409264,33.46212170236389,-5.269605250983437,1170.2109806130263
2026-03-22T04:15:00Z,2026-03-22T04:30:00Z,2026-03-22,2026-03-22_22,0.0,61,100,0,53.59304722484472,54.19510933664596,0.0018323671497584542,0.02649142857142857,0.6857142857142857,True,True,True,False,0.0,0.0,58.22123216423623,53.904731997409264,3.6374539257606036,-35.8728526287161,79.89056545868999
2026-03-22T04:30:00Z,2026-03-22T04:45:00Z,2026-03-22,2026-03-22_23,39.000000000000014,61,100,0,54.19510933664596,51.36954370186335,0.032447169302967566,0.0,7.889714285714286,True,True,True,False,1014.5850000000004,0.0,58.22123216423623,53.904731997409264,0.0,77.381170592474,1204.0921347541198
2026-03-22T04:45:00Z,2026-03-22T05:00:00Z,2026-03-22,2026-03-22_24,39.000000000000014,61,100,0,51.36954370186335,59.32899566708074,0.03662221819185645,0.0,18.837714285714284,True,True,True,False,1014.5850000000004,0.0,58.22123216423623,53.904731997409264,0.0,1074.6085788867174,2201.3195430483634
2026-03-22T05:00:00Z,2026-03-22T05:15:00Z,2026-03-22,2026-03-22_25,100.0,0,100,0,59.32899566708074,55.311604362732915,0.011159420289855077,0.0,21.304,True,True,True,False,2724.5,0.0,0.0,54.52297305254067,0.0,1606.3987862848617,4385.421759337402
2026-03-22T05:15:00Z,2026-03-22T05:30:00Z,2026-03-22,2026-03-22_26,100.0,0,100,0,55.311604362732915,42.71781554285714,0.03498274672187715,0.0,13.413714285714287,True,True,True,False,2613.25,0.0,0.0,54.52297305254067,0.0,309.72303406354,2977.496007116081
2026-03-22T05:30:00Z,2026-03-22T05:45:00Z,2026-03-22,2026-03-22_27,100.0,0,100,0,42.71781554285714,36.037691319254655,0.01855590062111802,0.0,18.854285714285712,True,True,True,False,2601.5,0.0,0.0,54.52297305254067,0.0,1207.3980984531352,3863.4210715056756
2026-03-22T05:45:00Z,2026-03-22T06:00:00Z,2026-03-22,2026-03-22_28,100.0,0,100,0,36.037691319254655,22.784896288198755,0.036813319530710834,0.0,12.807428571428572,True,True,True,False,2427.5,0.0,0.0,54.52297305254067,0.0,248.78098823239134,2730.803961284932
2026-03-22T06:00:00Z,2026-03-22T06:15:00Z,2026-03-22,2026-03-22_29,100.0,0,100,0,22.784896288198755,10.073716163975153,0.0353088336783989,0.0,13.305714285714284,True,True,True,False,3116.0,0.0,0.0,55.877215363780884,0.0,1193.8268863361714,4365.704101699952
2026-03-22T06:15:00Z,2026-03-22T06:30:00Z,2026-03-22,2026-03-22_30,29.874833441296044,0,100,0,10.073716163975153,10.000000000000007,0.029932940112363374,0.0,8.294285714285715,True,True,True,False,738.132447250822,0.0,0.0,55.877215363780884,0.0,1660.9506152970503,2454.960277911653
2026-03-22T06:30:00Z,2026-03-22T06:45:00Z,2026-03-22,2026-03-22_31,87.24126373665011,0,100,0,10.000000000000007,10.000000000000005,0.014507096271460213,0.0,22.246285714285712,True,True,True,False,1794.7708982222346,0.0,0.0,55.877215363780884,0.0,13399.738081349866,15250.386194935882
2026-03-22T06:45:00Z,2026-03-22T07:00:00Z,2026-03-22,2026-03-22_32,0.0,0,100,0,10.000000000000005,21.445325714285723,0.031792571428571434,0.0,12.44057142857143,True,True,True,False,0.0,0.0,0.0,55.877215363780884,0.0,1495.69847119221,1551.5756865559908
2026-03-22T07:00:00Z,2026-03-22T07:15:00Z,2026-03-22,2026-03-22_33,24.995620238782774,54,79,21,21.445325714285723,21.413043478260875,0.024368601901696436,0.0,6.948840000000001,True,True,True,False,523.783222103693,214.83876665816175,44.19540342682184,70.07526839512471,0.0,121.24976376518616,974.1424243489874
2026-03-22T07:15:00Z,2026-03-22T07:30:00Z,2026-03-22,2026-03-22_34,2.040700663907897,54,79,21,21.413043478260875,25.642404799999927,0.014021656567779853,0.0,5.175628571428572,True,True,True,False,24.15679410900973,214.83876665816175,44.19540342682184,70.07526839512471,0.0,22.124235105437435,375.39046769455547
2026-03-22T07:30:00Z,2026-03-22T07:45:00Z,2026-03-22,2026-03-22_35,0.0,54,79,21,25.642404799999927,28.494367999999927,0.007922120000000001,0.0,3.09996,True,True,True,False,0.0,214.83876665816175,44.19540342682184,70.07526839512471,0.0,-13.531257561186234,315.57818091892204
2026-03-22T07:45:00Z,2026-03-22T08:00:00Z,2026-03-22,2026-03-22_36,0.0,54,79,21,28.494367999999927,35.61202422857136,0.019771267301587306,0.0,7.736582857142858,True,True,True,False,0.0,214.83876665816175,44.19540342682184,70.07526839512471,0.0,93.10897219233046,422.2184106724387
2026-03-22T08:00:00Z,2026-03-22T08:15:00Z,2026-03-22,2026-03-22_37,-53.0,52,0,47,35.61202422857136,47.67381302857136,0.03350496888888889,0.13935999999999998,0.0,True,True,True,False,-263.67499999999995,480.82962061588586,36.97081509685776,0.0,16.590708029283032,0.0,270.7161437420267
2026-03-22T08:15:00Z,2026-03-22T08:30:00Z,2026-03-22,2026-03-22_38,-53.0,52,0,47,47.67381302857136,59.84221668571422,0.03380112126984127,0.023474285714285715,0.0,True,True,True,False,-91.69,480.82962061588586,36.97081509685776,0.0,2.2227109183333003,0.0,428.33314663107694
2026-03-22T08:30:00Z,2026-03-22T08:45:00Z,2026-03-22,2026-03-22_39,-53.0,52,0,47,59.84221668571422,72.01171382857136,0.03380415873015873,0.022285714285714284,0.0,True,True,True,False,-29.150000000000002,480.82962061588586,36.97081509685776,0.0,2.1101685933543988,0.0,490.760604306098
2026-03-22T08:45:00Z,2026-03-22T09:00:00Z,2026-03-22,2026-03-22_40,-53.0,52,0,47,72.01171382857136,84.19761325714279,0.03384972063492064,0.0044571428571428574,0.0,True,True,True,False,-4.9025,480.82962061588586,36.97081509685776,0.0,0.42203371867087985,0.0,513.3199694314145
2026-03-22T09:00:00Z,2026-03-22T09:15:00Z,2026-03-22,2026-03-22_41,-7.0,7,0,93,84.19761325714279,85.80761325714279,0.004472222222222221,0.0,0.0,True,True,True,False,-0.0175,951.4288237718592,5.069576652077486,0.0,0.0,0.0,956.4809004239368
2026-03-22T09:15:00Z,2026-03-22T09:30:00Z,2026-03-22,2026-03-22_42,-7.0,7,0,93,85.80761325714279,87.41761325714279,0.004472222222222223,0.0,0.0,True,True,True,False,-0.0175,951.4288237718592,5.069576652077486,0.0,0.0,0.0,956.4809004239368
2026-03-22T09:30:00Z,2026-03-22T09:45:00Z,2026-03-22,2026-03-22_43,-7.0,7,0,93,87.41761325714279,89.0087348571428,0.004419782222222222,0.02052,0.0,True,True,True,False,-0.0175,951.4288237718592,5.069576652077486,0.0,1.5754217817118406,0.0,958.0563222056486
2026-03-22T09:45:00Z,2026-03-22T10:00:00Z,2026-03-22,2026-03-22_44,-7.0,7,0,93,89.0087348571428,90.61078605714279,0.004450142222222222,0.00864,0.0,True,True,True,False,-0.7525,951.4288237718592,5.069576652077486,0.0,0.6355320209613157,0.0,956.381432444898
2026-03-22T10:00:00Z,2026-03-22T10:15:00Z,2026-03-22,2026-03-22_45,-7.0,7,0,93,90.61078605714279,92.22078605714279,0.004472222222222222,0.0,0.0,True,True,True,False,-3.7624999999999997,951.4288237718592,5.081941473180114,0.0,0.0,0.0,952.7482652450393
2026-03-22T10:15:00Z,2026-03-22T10:30:00Z,2026-03-22,2026-03-22_46,-7.0,7,0,93,92.22078605714279,93.83078605714279,0.004472222222222222,0.0,0.0,True,True,True,False,-5.495,951.4288237718592,5.081941473180114,0.0,0.0,0.0,951.0157652450393
2026-03-22T10:30:00Z,2026-03-22T10:45:00Z,2026-03-22,2026-03-22_47,-7.0,7,0,93,93.83078605714279,95.44078605714279,0.004472222222222223,0.0,0.0,True,True,True,False,-4.077500000000001,951.4288237718592,5.081941473180114,0.0,0.0,0.0,952.4332652450394
2026-03-22T10:45:00Z,2026-03-22T11:00:00Z,2026-03-22,2026-03-22_48,-7.0,7,0,93,95.44078605714279,97.05078605714279,0.004472222222222223,0.0,0.0,True,True,True,False,-2.59,951.4288237718592,5.081941473180114,0.0,0.0,0.0,953.9207652450393
2026-03-22T11:00:00Z,2026-03-22T11:15:00Z,2026-03-22,2026-03-22_49,-38.0,38,0,62,97.05078605714279,105.79078605714278,0.02427777777777778,0.0,0.0,True,True,True,False,-0.095,634.2858825145728,27.475810092049223,0.0,0.0,0.0,661.6666926066221
2026-03-22T11:15:00Z,2026-03-22T11:30:00Z,2026-03-22,2026-03-22_50,-38.0,38,0,62,105.79078605714278,114.52639108571421,0.024265569523809524,0.0047771428571428565,0.0,True,True,True,False,-0.095,634.2858825145728,27.475810092049223,0.0,0.2812786514774699,0.0,661.9479712580995
2026-03-22T11:30:00Z,2026-03-22T11:45:00Z,2026-03-22,2026-03-22_51,-38.0,38,0,62,114.52639108571421,122.9329725714285,0.02335161523809524,0.36241142857142855,0.0,True,True,True,False,-0.095,634.2858825145728,27.475810092049223,0.0,36.76671802656333,0.0,698.4334106331853
2026-03-22T11:45:00Z,2026-03-22T12:00:00Z,2026-03-22,2026-03-22_52,-38.0,38,0,62,122.9329725714285,131.38889759999992,0.02348868063492063,0.3087771428571428,0.0,True,True,True,False,-0.095,634.2858825145728,27.475810092049223,0.0,35.92610633521842,0.0,697.5927989418404
2026-03-22T12:00:00Z,2026-03-22T12:15:00Z,2026-03-22,2026-03-22_53,-7.0,7,0,93,131.38889759999992,132.97773759999993,0.0044134444444444455,0.023,0.0,True,True,True,False,-5.145,951.4288237718592,4.970658083256462,0.0,2.7281888481089673,0.0,953.9826707032247
2026-03-22T12:15:00Z,2026-03-22T12:30:00Z,2026-03-22,2026-03-22_54,-7.0,7,0,93,132.97773759999993,134.55921759999993,0.004392999999999999,0.031,0.0,True,True,True,False,-3.5174999999999996,951.4288237718592,4.970658083256462,0.0,3.4181955211870227,0.0,956.3001773763027
2026-03-22T12:30:00Z,2026-03-22T12:45:00Z,2026-03-22,2026-03-22_55,-7.0,7,0,93,134.55921759999993,136.16884959999993,0.0044712,0.00039999999999999996,0.0,True,True,True,False,-3.4299999999999997,951.4288237718592,4.970658083256462,0.0,0.0353280602932229,0.0,953.0048099154089
2026-03-22T12:45:00Z,2026-03-22T13:00:00Z,2026-03-22,2026-03-22_56,-7.0,7,0,93,136.16884959999993,137.77185759999995,0.004452800000000001,0.007600000000000001,0.0,True,True,True,False,-0.6825,951.4288237718592,4.970658083256462,0.0,0.6735571038841239,0.0,956.3905389589999
2026-03-22T13:00:00Z,2026-03-22T13:15:00Z,2026-03-22,2026-03-22_57,-7.0,7,0,93,137.77185759999995,139.31881919999995,0.004297115555555556,0.06852000000000001,0.0,True,True,True,False,-2.4499999999999997,951.4288237718592,5.401366018331338,0.0,7.104920578595121,0.0,961.4851103687857
2026-03-22T13:15:00Z,2026-03-22T13:30:00Z,2026-03-22,2026-03-22_58,-6.999999999999935,7,0,93,139.31881919999995,140.82438079999994,0.00418211555555552,0.11352,0.0,True,True,True,False,-8.242499999999923,951.4288237718592,5.401366018331338,0.0,13.895176856195166,0.0,962.4828666463858
2026-03-22T13:30:00Z,2026-03-22T13:45:00Z,2026-03-22,2026-03-22_59,-7.0,7,0,93,140.82438079999994,142.40799519999993,0.0043989288888888894,0.02868,0.0,True,True,True,False,-15.1725,951.4288237718592,5.401366018331338,0.0,2.9578434731408607,0.0,944.6155332633315
2026-03-22T13:45:00Z,2026-03-22T14:00:00Z,2026-03-22,2026-03-22_60,-7.0,7,0,93,142.40799519999993,143.99999999999994,0.004422235555555556,0.01956,0.0,True,True,True,False,-36.050000000000004,951.4288237718592,5.401366018331338,0.0,1.9957526643245471,0.0,922.7759424545151
2026-03-22T14:00:00Z,2026-03-22T14:15:00Z,2026-03-22,2026-03-22_61,0.0,0,0,100,143.99999999999994,143.99999999999994,0.0,0.0,0.0,True,True,True,False,0.0,1023.0417459912464,0.0,0.0,0.0,0.0,1023.0417459912464
2026-03-22T14:15:00Z,2026-03-22T14:30:00Z,2026-03-22,2026-03-22_62,0.0,0,0,100,143.99999999999994,143.99999999999994,0.0,0.0,0.0,True,True,True,False,0.0,1023.0417459912464,0.0,0.0,0.0,0.0,1023.0417459912464
2026-03-22T14:30:00Z,2026-03-22T14:45:00Z,2026-03-22,2026-03-22_63,0.0,0,0,100,143.99999999999994,143.99999999999994,0.0,0.0,0.0,True,True,True,False,0.0,1023.0417459912464,0.0,0.0,0.0,0.0,1023.0417459912464
2026-03-22T14:45:00Z,2026-03-22T15:00:00Z,2026-03-22,2026-03-22_64,0.0,0,0,100,143.99999999999994,143.99999999999994,0.0,0.0,0.0,True,True,True,False,0.0,1023.0417459912464,0.0,0.0,0.0,0.0,1023.0417459912464
2026-03-22T15:00:00Z,2026-03-22T15:15:00Z,2026-03-22,2026-03-22_65,1.4210854715202004e-14,0,0,100,143.99999999999994,143.99999999999994,1.0726792508455617e-17,0.0,0.0,True,True,True,False,1.5432988220709375e-13,1023.0417459912464,0.0,0.0,0.0,0.0,1023.0417459912466
2026-03-22T15:15:00Z,2026-03-22T15:30:00Z,2026-03-22,2026-03-22_66,-3.089316242435218e-14,0,0,100,143.99999999999994,143.99999999999994,1.9737298215558336e-17,0.0,0.0,True,True,True,False,-6.821982592357571e-13,1023.0417459912464,0.0,0.0,0.0,0.0,1023.0417459912458
2026-03-22T15:30:00Z,2026-03-22T15:45:00Z,2026-03-22,2026-03-22_67,1.4210854715202004e-14,0,0,100,143.99999999999994,143.99999999999994,1.0726792508455619e-17,0.0,0.0,True,True,True,False,4.2668091282394014e-13,1023.0417459912464,0.0,0.0,0.0,0.0,1023.0417459912469
2026-03-22T15:45:00Z,2026-03-22T16:00:00Z,2026-03-22,2026-03-22_68,0.0,0,0,100,143.99999999999994,143.99999999999994,0.0,0.0,0.0,True,True,True,False,0.0,1023.0417459912464,0.0,0.0,0.0,0.0,1023.0417459912464
2026-03-22T16:00:00Z,2026-03-22T16:15:00Z,2026-03-22,2026-03-22_69,0.0,0,0,100,143.99999999999994,143.99999999999994,0.0,0.0,0.0,True,True,True,False,0.0,1023.0417459912464,0.0,0.0,0.0,0.0,1023.0417459912464
2026-03-22T16:15:00Z,2026-03-22T16:30:00Z,2026-03-22,2026-03-22_70,0.0,0,0,100,143.99999999999994,143.99999999999994,0.0,0.0,0.0,True,True,True,False,0.0,1023.0417459912464,0.0,0.0,0.0,0.0,1023.0417459912464
2026-03-22T16:30:00Z,2026-03-22T16:45:00Z,2026-03-22,2026-03-22_71,0.0,0,0,100,143.99999999999994,143.99999999999994,0.0,0.0,0.0,True,True,True,False,0.0,1023.0417459912464,0.0,0.0,0.0,0.0,1023.0417459912464
2026-03-22T16:45:00Z,2026-03-22T17:00:00Z,2026-03-22,2026-03-22_72,0.0,0,0,100,143.99999999999994,143.99999999999994,0.0,0.0,0.0,True,True,True,False,0.0,1023.0417459912464,0.0,0.0,0.0,0.0,1023.0417459912464
2026-03-22T17:00:00Z,2026-03-22T17:15:00Z,2026-03-22,2026-03-22_73,0.0,0,0,100,143.99999999999994,143.99999999999994,0.0,0.0,0.0,True,True,True,False,0.0,1023.0417459912464,0.0,0.0,0.0,0.0,1023.0417459912464
2026-03-22T17:15:00Z,2026-03-22T17:30:00Z,2026-03-22,2026-03-22_74,0.0,0,0,100,143.99999999999994,143.99999999999994,0.0,0.0,0.0,True,True,True,False,0.0,1023.0417459912464,0.0,0.0,0.0,0.0,1023.0417459912464
2026-03-22T17:30:00Z,2026-03-22T17:45:00Z,2026-03-22,2026-03-22_75,0.0,0,0,100,143.99999999999994,143.99999999999994,0.0,0.0,0.0,True,True,True,False,0.0,1023.0417459912464,0.0,0.0,0.0,0.0,1023.0417459912464
2026-03-22T17:45:00Z,2026-03-22T18:00:00Z,2026-03-22,2026-03-22_76,0.0,0,0,100,143.99999999999994,143.99999999999994,0.0,0.0,0.0,True,True,True,False,0.0,1023.0417459912464,0.0,0.0,0.0,0.0,1023.0417459912464
2026-03-22T18:00:00Z,2026-03-22T18:15:00Z,2026-03-22,2026-03-22_77,0.0,0,0,100,143.99999999999994,143.99999999999994,0.0,0.0,0.0,True,True,True,False,0.0,1023.0417459912464,0.0,0.0,0.0,0.0,1023.0417459912464
2026-03-22T18:15:00Z,2026-03-22T18:30:00Z,2026-03-22,2026-03-22_78,0.0,0,0,100,143.99999999999994,143.99999999999994,0.0,0.0,0.0,True,True,True,False,0.0,1023.0417459912464,0.0,0.0,0.0,0.0,1023.0417459912464
2026-03-22T18:30:00Z,2026-03-22T18:45:00Z,2026-03-22,2026-03-22_79,0.0,0,0,100,143.99999999999994,143.99999999999994,0.0,0.0,0.0,True,True,True,False,0.0,1023.0417459912464,0.0,0.0,0.0,0.0,1023.0417459912464
2026-03-22T18:45:00Z,2026-03-22T19:00:00Z,2026-03-22,2026-03-22_80,0.0,0,0,100,143.99999999999994,143.99999999999994,0.0,0.0,0.0,True,True,True,False,0.0,1023.0417459912464,0.0,0.0,0.0,0.0,1023.0417459912464
2026-03-22T19:00:00Z,2026-03-22T19:15:00Z,2026-03-22,2026-03-22_81,100.0,0,100,0,143.99999999999994,122.41925465838504,0.059946514837819175,0.0,5.145714285714286,True,True,True,False,4832.75,0.0,0.0,54.9351337559616,0.0,-148.43301715653976,4739.252116599422
2026-03-22T19:15:00Z,2026-03-22T19:30:00Z,2026-03-22,2026-03-22_82,100.0,0,100,0,122.41925465838504,97.53478260869561,0.06912353347135955,0.0,2.1062857142857143,True,True,True,False,4629.0,0.0,0.0,54.9351337559616,0.0,-65.09390613390455,4618.841227622057
2026-03-22T19:30:00Z,2026-03-22T19:45:00Z,2026-03-22,2026-03-22_83,100.0,0,100,0,97.53478260869561,78.37515527950306,0.05322118702553485,0.0,7.373142857142858,True,True,True,False,4450.0,0.0,0.0,54.9351337559616,0.0,32.396331601510695,4537.331465357473
2026-03-22T19:45:00Z,2026-03-22T20:00:00Z,2026-03-22,2026-03-22_84,100.0,0,100,0,78.37515527950306,63.29875776397512,0.04187888198757763,0.0,11.129714285714286,True,True,True,False,4065.0,0.0,0.0,54.9351337559616,0.0,15.871818806304095,4135.806952562266
2026-03-22T20:00:00Z,2026-03-22T20:15:00Z,2026-03-22,2026-03-22_85,100.0,0,100,0,63.29875776397512,46.71118012422356,0.04607660455486543,0.0,9.73942857142857,True,True,True,False,4582.0,0.0,0.0,54.9351337559616,0.0,188.1058679908147,4825.041001746777
2026-03-22T20:15:00Z,2026-03-22T20:30:00Z,2026-03-22,2026-03-22_86,99.99999999999999,0,100,0,46.71118012422356,42.241614906832254,0.01241545893719807,0.0,20.888,True,True,True,False,4371.249999999999,0.0,0.0,54.9351337559616,0.0,929.3563196011855,5355.541453357147
2026-03-22T20:30:00Z,2026-03-22T20:45:00Z,2026-03-22,2026-03-22_87,100.0,0,100,0,42.241614906832254,18.027329192546542,0.06726190476190476,0.0,2.722857142857143,True,True,True,False,4180.5,0.0,0.0,54.9351337559616,0.0,-79.41074365566917,4156.024390100292
2026-03-22T20:45:00Z,2026-03-22T21:00:00Z,2026-03-22,2026-03-22_88,0.3512653368000949,0,100,0,18.027329192546542,20.116033788819816,0.0062819228711735245,0.0,2.3725714285714288,True,True,True,False,14.54414127020793,0.0,0.0,54.9351337559616,0.0,-44.32919516510261,25.15007986106692
2026-03-22T21:00:00Z,2026-03-22T21:15:00Z,2026-03-22,2026-03-22_89,0.0,100,100,0,20.116033788819816,16.319326211180066,0.014115425810904074,4.0840000000000005,0.6982857142857143,True,True,True,False,0.0,0.0,105.51314007575907,54.9351337559616,758.7233734372242,-21.512259902371188,897.6593873665736
2026-03-22T21:15:00Z,2026-03-22T21:30:00Z,2026-03-22,2026-03-22_90,0.0,100,100,0,16.319326211180066,15.366076024844661,0.0030801711525189784,0.9485714285714285,0.08457142857142858,True,True,True,False,0.0,0.0,105.51314007575907,54.9351337559616,157.15686275609337,-5.301902051550929,312.3032345362631
2026-03-22T21:30:00Z,2026-03-22T21:45:00Z,2026-03-22,2026-03-22_91,0.0,100,100,0,15.366076024844661,14.301863354037208,0.002982432022084196,0.9834285714285715,0.005142857142857143,True,True,True,False,0.0,0.0,105.51314007575907,54.9351337559616,149.81424741418226,-0.40374926049397597,309.85877198540896
2026-03-22T21:45:00Z,2026-03-22T22:00:00Z,2026-03-22,2026-03-22_92,0.0,100,100,0,14.301863354037208,9.99999999999994,0.011949620427881297,3.9577142857142857,0.0,True,True,True,False,0.0,0.0,105.51314007575907,54.9351337559616,735.3475243721558,0.0,895.7957982038765
2026-03-22T22:00:00Z,2026-03-22T22:15:00Z,2026-03-23,2026-03-22_93,-43.33424431127123,100,39,0,9.99999999999994,19.819969699379016,0.027975750020044574,0.20399999999999996,0.06529714285714285,True,True,True,False,-1894.7898325103345,0.0,105.36593982453729,21.01136385939432,26.850797825361617,-3.7279130918501524,-1745.2896440928914
2026-03-22T22:15:00Z,2026-03-22T22:30:00Z,2026-03-23,2026-03-22_94,-61.0,100,39,0,19.819969699379016,35.42322060124237,0.043365241463077984,0.009714285714285715,1.7204571428571427,True,True,True,False,-2523.1124999999997,0.0,105.36593982453729,21.01136385939432,1.1641432524806747,20.099069795349592,-2375.4719832682376
2026-03-22T22:30:00Z,2026-03-22T22:45:00Z,2026-03-23,2026-03-22_95,-60.999999999999304,100,39,0,35.42322060124237,50.20813580124221,0.041069208888888445,0.0,0.82056,True,True,True,False,-2259.439999999974,0.0,105.36593982453729,21.01136385939432,0.0,-22.347460642578163,-2155.4101569586205
2026-03-22T22:45:00Z,2026-03-22T23:00:00Z,2026-03-23,2026-03-22_96,-61.0,100,39,0,50.20813580124221,64.34782608695649,0.03927691746031746,0.0,0.11922857142857143,True,True,True,False,-2270.8775,0.0,105.36593982453729,21.01136385939432,0.0,-6.727050521930034,-2151.2272468379983
2026-03-22T23:00:00Z,2026-03-22T23:15:00Z,2026-03-23,2026-03-23_1,0.0,0,0,100,64.34782608695649,64.34782608695649,0.0,0.0,0.0,True,True,True,False,0.0,1023.0417459912464,0.0,0.0,0.0,0.0,1023.0417459912464
2026-03-22T23:15:00Z,2026-03-22T23:30:00Z,2026-03-23,2026-03-23_2,0.0,0,0,100,64.34782608695649,64.34782608695649,0.0,0.0,0.0,True,True,True,False,0.0,1023.0417459912464,0.0,0.0,0.0,0.0,1023.0417459912464
2026-03-22T23:30:00Z,2026-03-22T23:45:00Z,2026-03-23,2026-03-23_3,0.0,0,0,100,64.34782608695649,64.34782608695649,0.0,0.0,0.0,True,True,True,False,0.0,1023.0417459912464,0.0,0.0,0.0,0.0,1023.0417459912464
2026-03-22T23:45:00Z,2026-03-23T00:00:00Z,2026-03-23,2026-03-23_4,0.0,0,0,100,64.34782608695649,64.34782608695649,0.0,0.0,0.0,True,True,True,False,0.0,1023.0417459912464,0.0,0.0,0.0,0.0,1023.0417459912464
2026-03-23T00:00:00Z,2026-03-23T00:15:00Z,2026-03-23,2026-03-23_5,0.0,0,0,100,64.34782608695649,64.34782608695649,0.0,0.0,0.0,True,True,True,False,0.0,1023.0417459912464,0.0,0.0,0.0,0.0,1023.0417459912464
2026-03-23T00:15:00Z,2026-03-23T00:30:00Z,2026-03-23,2026-03-23_6,0.0,0,0,100,64.34782608695649,64.34782608695649,0.0,0.0,0.0,True,True,True,False,0.0,1023.0417459912464,0.0,0.0,0.0,0.0,1023.0417459912464
2026-03-23T00:30:00Z,2026-03-23T00:45:00Z,2026-03-23,2026-03-23_7,0.0,0,0,100,64.34782608695649,64.34782608695649,0.0,0.0,0.0,True,True,True,False,0.0,1023.0417459912464,0.0,0.0,0.0,0.0,1023.0417459912464
2026-03-23T00:45:00Z,2026-03-23T01:00:00Z,2026-03-23,2026-03-23_8,0.0,0,0,100,64.34782608695649,64.34782608695649,0.0,0.0,0.0,True,True,True,False,0.0,1023.0417459912464,0.0,0.0,0.0,0.0,1023.0417459912464
2026-03-23T01:00:00Z,2026-03-23T01:15:00Z,2026-03-23,2026-03-23_9,-64.00000000000001,64,0,36,64.34782608695649,73.89950791552792,0.026532449523809534,5.617737142857143,0.0,True,True,True,False,-2123.3600000000006,368.2950285568487,67.43420148770386,0.0,1105.1718898729032,0.0,-582.4588800825449
2026-03-23T01:15:00Z,2026-03-23T01:30:00Z,2026-03-23,2026-03-23_10,-63.99999999999999,64,0,36,73.89950791552792,86.78447065838506,0.03579156317460317,1.994605714285714,0.0,True,True,True,False,-2109.5999999999995,368.2950285568487,67.43420148770386,0.0,321.50338237129785,0.0,-1352.3673875841491
2026-03-23T01:30:00Z,2026-03-23T01:45:00Z,2026-03-23,2026-03-23_11,-64.0,64,0,36,86.78447065838506,93.27203728695649,0.018021018412698413,8.948297142857143,0.0,True,True,True,False,-2069.76,368.2950285568487,67.43420148770386,0.0,2184.275978123519,0.0,550.2452081680714
2026-03-23T01:45:00Z,2026-03-23T02:00:00Z,2026-03-23,2026-03-23_12,-64.00000000000003,64,0,36,93.27203728695649,105.3235956869565,0.03347655111111113,2.90048,0.0,True,True,True,False,-2133.280000000001,368.2950285568487,67.43420148770386,0.0,557.5108410198033,0.0,-1140.0399289356453
2026-03-23T02:00:00Z,2026-03-23T02:15:00Z,2026-03-23,2026-03-23_13,0.0,0,0,100,105.3235956869565,105.3235956869565,0.0,0.0,0.0,True,True,True,False,0.0,1023.0417459912464,0.0,0.0,0.0,0.0,1023.0417459912464
2026-03-23T02:15:00Z,2026-03-23T02:30:00Z,2026-03-23,2026-03-23_14,0.0,0,0,100,105.3235956869565,105.3235956869565,0.0,0.0,0.0,True,True,True,False,0.0,1023.0417459912464,0.0,0.0,0.0,0.0,1023.0417459912464
2026-03-23T02:30:00Z,2026-03-23T02:45:00Z,2026-03-23,2026-03-23_15,0.0,0,0,100,105.3235956869565,105.3235956869565,0.0,0.0,0.0,True,True,True,False,0.0,1023.0417459912464,0.0,0.0,0.0,0.0,1023.0417459912464
2026-03-23T02:45:00Z,2026-03-23T03:00:00Z,2026-03-23,2026-03-23_16,0.0,0,0,100,105.3235956869565,105.3235956869565,0.0,0.0,0.0,True,True,True,False,0.0,1023.0417459912464,0.0,0.0,0.0,0.0,1023.0417459912464
2026-03-23T03:00:00Z,2026-03-23T03:15:00Z,2026-03-23,2026-03-23_17,0.0,0,0,100,105.3235956869565,105.3235956869565,0.0,0.0,0.0,True,True,True,False,0.0,1023.0417459912464,0.0,0.0,0.0,0.0,1023.0417459912464
2026-03-23T03:15:00Z,2026-03-23T03:30:00Z,2026-03-23,2026-03-23_18,0.0,0,0,100,105.3235956869565,105.3235956869565,0.0,0.0,0.0,True,True,True,False,0.0,1023.0417459912464,0.0,0.0,0.0,0.0,1023.0417459912464
2026-03-23T03:30:00Z,2026-03-23T03:45:00Z,2026-03-23,2026-03-23_19,0.0,0,0,100,105.3235956869565,105.3235956869565,0.0,0.0,0.0,True,True,True,False,0.0,1023.0417459912464,0.0,0.0,0.0,0.0,1023.0417459912464
2026-03-23T03:45:00Z,2026-03-23T04:00:00Z,2026-03-23,2026-03-23_20,0.0,0,0,100,105.3235956869565,105.3235956869565,0.0,0.0,0.0,True,True,True,False,0.0,1023.0417459912464,0.0,0.0,0.0,0.0,1023.0417459912464
2026-03-23T04:00:00Z,2026-03-23T04:15:00Z,2026-03-23,2026-03-23_21,0.0,0,0,100,105.3235956869565,105.3235956869565,0.0,0.0,0.0,True,True,True,False,0.0,1023.0417459912464,0.0,0.0,0.0,0.0,1023.0417459912464
2026-03-23T04:15:00Z,2026-03-23T04:30:00Z,2026-03-23,2026-03-23_22,0.0,0,0,100,105.3235956869565,105.3235956869565,0.0,0.0,0.0,True,True,True,False,0.0,1023.0417459912464,0.0,0.0,0.0,0.0,1023.0417459912464
2026-03-23T04:30:00Z,2026-03-23T04:45:00Z,2026-03-23,2026-03-23_23,0.0,0,0,100,105.3235956869565,105.3235956869565,0.0,0.0,0.0,True,True,True,False,0.0,1023.0417459912464,0.0,0.0,0.0,0.0,1023.0417459912464
2026-03-23T04:45:00Z,2026-03-23T05:00:00Z,2026-03-23,2026-03-23_24,0.0,0,0,100,105.3235956869565,105.3235956869565,0.0,0.0,0.0,True,True,True,False,0.0,1023.0417459912464,0.0,0.0,0.0,0.0,1023.0417459912464
2026-03-23T05:00:00Z,2026-03-23T05:15:00Z,2026-03-23,2026-03-23_25,0.0,0,0,100,105.3235956869565,105.3235956869565,0.0,0.0,0.0,True,True,True,False,0.0,1023.0417459912464,0.0,0.0,0.0,0.0,1023.0417459912464
2026-03-23T05:15:00Z,2026-03-23T05:30:00Z,2026-03-23,2026-03-23_26,0.0,0,0,100,105.3235956869565,105.3235956869565,0.0,0.0,0.0,True,True,True,False,0.0,1023.0417459912464,0.0,0.0,0.0,0.0,1023.0417459912464
2026-03-23T05:30:00Z,2026-03-23T05:45:00Z,2026-03-23,2026-03-23_27,0.0,0,0,100,105.3235956869565,105.3235956869565,0.0,0.0,0.0,True,True,True,False,0.0,1023.0417459912464,0.0,0.0,0.0,0.0,1023.0417459912464
2026-03-23T05:45:00Z,2026-03-23T06:00:00Z,2026-03-23,2026-03-23_28,0.0,0,0,100,105.3235956869565,105.3235956869565,0.0,0.0,0.0,True,True,True,False,0.0,1023.0417459912464,0.0,0.0,0.0,0.0,1023.0417459912464
2026-03-23T06:00:00Z,2026-03-23T06:15:00Z,2026-03-23,2026-03-23_29,99.99999999999994,0,100,0,105.3235956869565,78.36645282981365,0.07488095238095233,0.0,0.1994285714285714,True,True,True,False,5854.749999999996,0.0,0.0,52.81545013836824,0.0,-13.411670260222003,5894.153779878143
2026-03-23T06:15:00Z,2026-03-23T06:30:00Z,2026-03-23,2026-03-23_30,100.0,0,100,0,78.36645282981365,61.42670127701862,0.04705486542443064,0.0,9.415428571428572,True,True,True,False,4752.25,0.0,0.0,52.81545013836824,0.0,77.56534687388724,4882.630797012255
2026-03-23T06:30:00Z,2026-03-23T06:45:00Z,2026-03-23,2026-03-23_31,100.00000000000001,0,100,0,61.42670127701862,40.70620438260869,0.05755693581780538,0.0,5.937142857142858,True,True,True,False,4539.250000000001,0.0,0.0,52.81545013836824,0.0,-41.93906077828277,4550.126389360086
2026-03-23T06:45:00Z,2026-03-23T07:00:00Z,2026-03-23,2026-03-23_32,0.0,0,100,0,40.70620438260869,54.40789581118012,0.03806025396825397,0.0,14.893142857142857,True,True,True,False,0.0,0.0,0.0,52.81545013836824,0.0,945.4665521215061,998.2820022598743
2026-03-23T07:00:00Z,2026-03-23T07:15:00Z,2026-03-23,2026-03-23_33,100.0,0,100,0,54.40789581118012,33.98677779875776,0.05672532781228433,0.0,6.212571428571429,True,True,True,False,4999.75,0.0,0.0,74.83660772114384,0.0,429.76981828479467,5504.356426005938
2026-03-23T07:15:00Z,2026-03-23T07:30:00Z,2026-03-23,2026-03-23_34,99.3575341910218,0,100,0,33.98677779875776,9.99999999999999,0.0667210379420218,0.0,2.7742857142857145,True,True,True,False,4310.6266208774805,0.0,0.0,74.83660772114384,0.0,17.35596104941162,4402.819189648036
2026-03-23T07:30:00Z,2026-03-23T07:45:00Z,2026-03-23,2026-03-23_35,0.0,0,100,0,9.99999999999999,13.873462857142847,0.010759619047619047,0.0,4.210285714285714,True,True,True,False,0.0,0.0,0.0,74.83660772114384,0.0,-2.818646262375335,72.0179614587685
2026-03-23T07:45:00Z,2026-03-23T08:00:00Z,2026-03-23,2026-03-23_36,0.0,0,100,0,13.873462857142847,15.03055999999999,0.0032141587301587307,0.0,1.2577142857142858,True,True,True,False,0.0,0.0,0.0,74.83660772114384,0.0,-32.29312443047522,42.54348329066862
2026-03-23T08:00:00Z,2026-03-23T08:15:00Z,2026-03-23,2026-03-23_37,65.99699291507031,34,100,0,15.03055999999999,13.76500860621124,0.03163515177515927,0.0,16.18,True,True,True,False,2529.169760987782,0.0,24.173225255637764,97.74096681125002,0.0,958.9550116778865,3610.0389647325565
2026-03-23T08:15:00Z,2026-03-23T08:30:00Z,2026-03-23,2026-03-23_38,0.0,34,100,0,13.76500860621124,30.16571717763981,0.045557523809523805,0.0,17.82685714285714,True,True,True,False,0.0,0.0,24.173225255637764,97.74096681125002,0.0,967.8236465848137,1089.7378386517014
2026-03-23T08:30:00Z,2026-03-23T08:45:00Z,2026-03-23,2026-03-23_39,0.0,34,100,0,30.16571717763981,42.844894320496955,0.03521993650793651,0.0,13.781714285714287,True,True,True,False,0.0,0.0,24.173225255637764,97.74096681125002,0.0,271.16850284727343,393.0826949141612
2026-03-23T08:45:00Z,2026-03-23T09:00:00Z,2026-03-23,2026-03-23_40,0.0,34,100,0,42.844894320496955,64.49486003478268,0.06013879365079366,0.0,23.53257142857143,True,True,True,False,0.0,0.0,24.173225255637764,97.74096681125002,0.0,2264.061441216631,2385.9756332835186
2026-03-23T09:00:00Z,2026-03-23T09:15:00Z,2026-03-23,2026-03-23_41,0.0,0,0,100,64.49486003478268,64.49486003478268,0.0,0.0,0.0,True,False,True,False,0.0,1023.0417459912464,0.0,0.0,0.0,0.0,1023.0417459912464
2026-03-23T09:15:00Z,2026-03-23T09:30:00Z,2026-03-23,2026-03-23_42,0.0,0,0,100,64.49486003478268,64.49486003478268,0.0,0.0,0.0,True,False,True,False,0.0,1023.0417459912464,0.0,0.0,0.0,0.0,1023.0417459912464
2026-03-23T09:30:00Z,2026-03-23T09:45:00Z,2026-03-23,2026-03-23_43,0.0,0,0,100,64.49486003478268,64.49486003478268,0.0,0.0,0.0,True,False,True,False,0.0,1023.0417459912464,0.0,0.0,0.0,0.0,1023.0417459912464
2026-03-23T09:45:00Z,2026-03-23T10:00:00Z,2026-03-23,2026-03-23_44,0.0,0,0,100,64.49486003478268,64.49486003478268,0.0,0.0,0.0,True,False,True,False,0.0,1023.0417459912464,0.0,0.0,0.0,0.0,1023.0417459912464
2026-03-23T10:00:00Z,2026-03-23T10:15:00Z,2026-03-23,2026-03-23_45,-81.0,100,19,0,64.49486003478268,85.57156060621125,0.05854639047619048,0.0,2.659457142857143,True,True,True,False,-2107.0125,0.0,72.59916390257305,18.565190084591073,0.0,70.27405801091805,-1945.5740880019177
2026-03-23T10:15:00Z,2026-03-23T10:30:00Z,2026-03-23,2026-03-23_46,-81.0,100,19,0,85.57156060621125,105.08305203478267,0.054198587301587296,0.0,0.9581428571428571,True,True,True,False,-1620.0,0.0,72.59916390257305,18.565190084591073,0.0,-10.364476373658723,-1539.2001223864945
2026-03-23T10:30:00Z,2026-03-23T10:45:00Z,2026-03-23,2026-03-23_47,-81.0,100,19,0,105.08305203478267,125.23331260621124,0.05597294603174603,0.0,1.6524571428571428,True,True,True,False,-1290.33,0.0,72.59916390257305,18.565190084591073,0.0,1.6634516860737343,-1197.502194326762
2026-03-23T10:45:00Z,2026-03-23T11:00:00Z,2026-03-23,2026-03-23_48,-81.0,100,19,0,125.23331260621124,144.00000000000006,0.052152634064872326,0.02,0.16926285714285716,True,True,True,False,-1583.955,0.0,72.59916390257305,18.565190084591073,2.080430217267571,-9.06231164508197,-1499.7725274406503
2026-03-23T11:00:00Z,2026-03-23T11:15:00Z,2026-03-23,2026-03-23_49,0.0,0,0,100,144.00000000000006,144.00000000000006,0.0,0.0,0.0,True,True,True,False,0.0,1023.0417459912464,0.0,0.0,0.0,0.0,1023.0417459912464
2026-03-23T11:15:00Z,2026-03-23T11:30:00Z,2026-03-23,2026-03-23_50,0.0,0,0,100,144.00000000000006,144.00000000000006,0.0,0.0,0.0,True,True,True,False,0.0,1023.0417459912464,0.0,0.0,0.0,0.0,1023.0417459912464
2026-03-23T11:30:00Z,2026-03-23T11:45:00Z,2026-03-23,2026-03-23_51,0.0,0,0,100,144.00000000000006,144.00000000000006,0.0,0.0,0.0,True,True,True,False,0.0,1023.0417459912464,0.0,0.0,0.0,0.0,1023.0417459912464
2026-03-23T11:45:00Z,2026-03-23T12:00:00Z,2026-03-23,2026-03-23_52,0.0,0,0,100,144.00000000000006,144.00000000000006,0.0,0.0,0.0,True,True,True,False,0.0,1023.0417459912464,0.0,0.0,0.0,0.0,1023.0417459912464
2026-03-23T12:00:00Z,2026-03-23T12:15:00Z,2026-03-23,2026-03-23_53,0.0,0,0,100,144.00000000000006,144.00000000000006,0.0,0.0,0.0,True,True,True,False,0.0,1023.0417459912464,0.0,0.0,0.0,0.0,1023.0417459912464
2026-03-23T12:15:00Z,2026-03-23T12:30:00Z,2026-03-23,2026-03-23_54,0.0,0,0,100,144.00000000000006,144.00000000000006,0.0,0.0,0.0,True,True,True,False,0.0,1023.0417459912464,0.0,0.0,0.0,0.0,1023.0417459912464
2026-03-23T12:30:00Z,2026-03-23T12:45:00Z,2026-03-23,2026-03-23_55,0.0,0,0,100,144.00000000000006,144.00000000000006,0.0,0.0,0.0,True,True,True,False,0.0,1023.0417459912464,0.0,0.0,0.0,0.0,1023.0417459912464
2026-03-23T12:45:00Z,2026-03-23T13:00:00Z,2026-03-23,2026-03-23_56,0.0,0,0,100,144.00000000000006,144.00000000000006,0.0,0.0,0.0,True,True,True,False,0.0,1023.0417459912464,0.0,0.0,0.0,0.0,1023.0417459912464
2026-03-23T13:00:00Z,2026-03-23T13:15:00Z,2026-03-23,2026-03-23_57,0.0,0,0,100,144.00000000000006,144.00000000000006,0.0,0.0,0.0,True,True,True,False,0.0,1023.0417459912464,0.0,0.0,0.0,0.0,1023.0417459912464
2026-03-23T13:15:00Z,2026-03-23T13:30:00Z,2026-03-23,2026-03-23_58,0.0,0,0,100,144.00000000000006,144.00000000000006,0.0,0.0,0.0,True,True,True,False,0.0,1023.0417459912464,0.0,0.0,0.0,0.0,1023.0417459912464
2026-03-23T13:30:00Z,2026-03-23T13:45:00Z,2026-03-23,2026-03-23_59,0.0,0,0,100,144.00000000000006,144.00000000000006,0.0,0.0,0.0,True,True,True,False,0.0,1023.0417459912464,0.0,0.0,0.0,0.0,1023.0417459912464
2026-03-23T13:45:00Z,2026-03-23T14:00:00Z,2026-03-23,2026-03-23_60,0.0,0,0,100,144.00000000000006,144.00000000000006,0.0,0.0,0.0,True,True,True,False,0.0,1023.0417459912464,0.0,0.0,0.0,0.0,1023.0417459912464
2026-03-23T14:00:00Z,2026-03-23T14:15:00Z,2026-03-23,2026-03-23_61,0.0,0,0,100,144.00000000000006,144.00000000000006,0.0,0.0,0.0,True,True,True,False,0.0,1023.0417459912464,0.0,0.0,0.0,0.0,1023.0417459912464
2026-03-23T14:15:00Z,2026-03-23T14:30:00Z,2026-03-23,2026-03-23_62,0.0,0,0,100,144.00000000000006,144.00000000000006,0.0,0.0,0.0,True,True,True,False,0.0,1023.0417459912464,0.0,0.0,0.0,0.0,1023.0417459912464
2026-03-23T14:30:00Z,2026-03-23T14:45:00Z,2026-03-23,2026-03-23_63,0.0,0,0,100,144.00000000000006,144.00000000000006,0.0,0.0,0.0,True,True,True,False,0.0,1023.0417459912464,0.0,0.0,0.0,0.0,1023.0417459912464
2026-03-23T14:45:00Z,2026-03-23T15:00:00Z,2026-03-23,2026-03-23_64,0.0,0,0,100,144.00000000000006,144.00000000000006,0.0,0.0,0.0,True,True,True,False,0.0,1023.0417459912464,0.0,0.0,0.0,0.0,1023.0417459912464
2026-03-23T15:00:00Z,2026-03-23T15:15:00Z,2026-03-23,2026-03-23_65,0.0,0,0,100,144.00000000000006,144.00000000000006,0.0,0.0,0.0,True,True,True,False,0.0,1023.0417459912464,0.0,0.0,0.0,0.0,1023.0417459912464
2026-03-23T15:15:00Z,2026-03-23T15:30:00Z,2026-03-23,2026-03-23_66,0.0,0,0,100,144.00000000000006,144.00000000000006,0.0,0.0,0.0,True,True,True,False,0.0,1023.0417459912464,0.0,0.0,0.0,0.0,1023.0417459912464
2026-03-23T15:30:00Z,2026-03-23T15:45:00Z,2026-03-23,2026-03-23_67,0.0,0,0,100,144.00000000000006,144.00000000000006,0.0,0.0,0.0,True,True,True,False,0.0,1023.0417459912464,0.0,0.0,0.0,0.0,1023.0417459912464
2026-03-23T15:45:00Z,2026-03-23T16:00:00Z,2026-03-23,2026-03-23_68,0.0,0,0,100,144.00000000000006,144.00000000000006,0.0,0.0,0.0,True,True,True,False,0.0,1023.0417459912464,0.0,0.0,0.0,0.0,1023.0417459912464
2026-03-23T16:00:00Z,2026-03-23T16:15:00Z,2026-03-23,2026-03-23_69,-100.0,100,0,0,144.00000000000006,163.7589714285715,0.05488603174603175,3.5228571428571427,0.0,True,True,True,False,-3489.75,0.0,107.33842319090891,0.0,799.775897851437,0.0,-2582.635678957654
2026-03-23T16:15:00Z,2026-03-23T16:30:00Z,2026-03-23,2026-03-23_70,-99.99999999999991,100,0,0,163.7589714285715,184.69869714285718,0.05816590476190472,2.2394285714285713,0.0,True,True,True,False,-4425.999999999996,0.0,107.33842319090891,0.0,466.44074099204556,0.0,-3852.220835817042
2026-03-23T16:30:00Z,2026-03-23T16:45:00Z,2026-03-23,2026-03-23_71,-1.0040277787914459e-13,100,0,0,184.69869714285718,179.85024993788826,0.013467908902691547,4.460571428571428,0.0,True,True,True,False,-5.177018234393393e-12,0.0,107.33842319090891,0.0,1129.0382055588418,0.0,1236.3766287497456
2026-03-23T16:45:00Z,2026-03-23T17:00:00Z,2026-03-23,2026-03-23_72,0.0,100,0,0,179.85024993788826,161.17633689441,0.05187198067632849,17.18,0.0,True,True,True,False,0.0,0.0,107.33842319090891,0.0,12783.695625208531,0.0,12891.03404839944
2026-03-23T17:00:00Z,2026-03-23T17:15:00Z,2026-03-23,2026-03-23_73,0.0,0,0,0,161.17633689441,161.17633689441,0.0,0.0,0.0,True,False,True,False,0.0,0.0,0.0,0.0,0.0,0.0,0.0
2026-03-23T17:15:00Z,2026-03-23T17:30:00Z,2026-03-23,2026-03-23_74,100.0,0,0,0,161.17633689441,134.00242385093176,0.0754830917874396,0.0,0.0,True,False,True,False,6174.0,0.0,0.0,0.0,0.0,0.0,6174.0
2026-03-23T17:30:00Z,2026-03-23T17:45:00Z,2026-03-23,2026-03-23_75,100.0,0,0,0,134.00242385093176,106.82851080745351,0.0754830917874396,0.0,0.0,True,False,True,False,6815.5,0.0,0.0,0.0,0.0,0.0,6815.5
2026-03-23T17:45:00Z,2026-03-23T18:00:00Z,2026-03-23,2026-03-23_76,100.0,0,0,0,106.82851080745351,79.65459776397526,0.0754830917874396,0.0,0.0,True,False,True,False,7606.999999999999,0.0,0.0,0.0,0.0,0.0,7606.999999999999
2026-03-23T18:00:00Z,2026-03-23T18:15:00Z,2026-03-23,2026-03-23_77,20.0,0,20,80,79.65459776397526,74.24577788819887,0.015024499654934438,0.0,0.02388571428571428,True,True,True,False,1345.1499999999999,818.4333967929972,0.0,10.59841808796687,0.0,-1.6594080923688581,2172.522406788595
2026-03-23T18:15:00Z,2026-03-23T18:30:00Z,2026-03-23,2026-03-23_78,20.0,0,20,80,74.24577788819887,68.84155428571441,0.01501173222912353,0.0,0.028114285714285717,True,True,True,False,1275.45,818.4333967929972,0.0,10.59841808796687,0.0,-2.7589532800421694,2101.722861600922
2026-03-23T18:30:00Z,2026-03-23T18:45:00Z,2026-03-23,2026-03-23_79,20.0,0,20,80,68.84155428571441,63.40739279503118,0.015094893029675639,0.0,0.0005714285714285715,True,True,True,False,1207.7,818.4333967929972,0.0,10.59841808796687,0.0,-0.05607628617971889,2036.6757385947844
2026-03-23T18:45:00Z,2026-03-23T19:00:00Z,2026-03-23,2026-03-23_80,19.182722584494847,0,20,80,63.40739279503118,58.45183006211188,0.013815172599314803,0.0,0.23805714285714288,True,True,True,False,1042.580972467295,818.4333967929972,0.0,10.59841808796687,0.0,-20.93646949309841,1850.6763178551605
2026-03-23T19:00:00Z,2026-03-23T19:15:00Z,2026-03-23,2026-03-23_81,0.0,100,100,0,58.45183006211188,43.27410881987586,0.04425443202208419,14.310285714285714,0.40971428571428575,True,True,True,False,0.0,0.0,107.42674334164197,54.9351337559616,8889.14189633177,-35.3657304356847,9016.138042993689
2026-03-23T19:15:00Z,2026-03-23T19:30:00Z,2026-03-23,2026-03-23_82,0.0,100,100,0,43.27410881987586,35.19584795031065,0.022439613526570045,7.4319999999999995,0.0,True,True,True,False,0.0,0.0,107.42674334164197,54.9351337559616,2170.967849109929,0.0,2333.3297262075325
2026-03-23T19:30:00Z,2026-03-23T19:45:00Z,2026-03-23,2026-03-23_83,0.0,100,100,0,35.19584795031065,28.819450434782702,0.01771221532091097,5.8662857142857145,0.0,True,True,True,False,0.0,0.0,107.42674334164197,54.9351337559616,1184.5807518147687,0.0,1346.9426289123724
2026-03-23T19:45:00Z,2026-03-23T20:00:00Z,2026-03-23,2026-03-23_84,0.0,100,100,0,28.819450434782702,22.337267080745438,0.02430587439613526,7.006857142857142,1.2325714285714284,True,True,True,False,0.0,0.0,107.42674334164197,54.9351337559616,2350.2861723168194,-102.04789576539922,2410.600153649024
2026-03-23T20:00:00Z,2026-03-23T20:15:00Z,2026-03-23,2026-03-23_85,0.0,100,0,0,22.337267080745438,10.000000000000096,0.03427018633540373,11.350285714285715,0.0,True,True,True,False,0.0,0.0,107.42674334164197,0.0,5342.268567503231,0.0,5449.695310844872
2026-03-23T20:15:00Z,2026-03-23T20:30:00Z,2026-03-23,2026-03-23_86,-100.0,100,0,0,10.000000000000096,10.445805714285811,0.0012383492063492065,24.515428571428572,0.0,True,True,True,False,-5054.25,0.0,107.42674334164197,0.0,27107.993723717744,0.0,22161.170467059386
2026-03-23T20:30:00Z,2026-03-23T20:45:00Z,2026-03-23,2026-03-23_87,-99.95768326971323,100,0,0,10.445805714285811,26.357837913043575,0.044219748175978284,7.693142857142857,0.0,True,True,True,False,-4135.749145284385,0.0,107.42674334164197,0.0,2831.937522157142,0.0,-1196.384879785601
2026-03-23T20:45:00Z,2026-03-23T21:00:00Z,2026-03-23,2026-03-23_88,-100.0,100,0,0,26.357837913043575,45.77246648447215,0.05392952380952381,3.8971428571428572,0.0,True,True,True,False,-3820.7500000000005,0.0,107.42674334164197,0.0,961.8747625870233,0.0,-2751.448494071335
2026-03-23T21:00:00Z,2026-03-23T21:15:00Z,2026-03-23,2026-03-23_89,0.0,45,45,55,45.77246648447215,45.65747354037277,0.0005454819875776397,0.14322857142857143,0.04422857142857142,True,True,True,False,0.0,562.6729602951856,48.34203450373889,24.72081019018272,24.209819927829816,-4.3403045503102415,655.6053203666268
2026-03-23T21:15:00Z,2026-03-23T21:30:00Z,2026-03-23,2026-03-23_90,0.0,45,45,55,45.65747354037277,42.67291925465848,0.008316714285714287,2.7501428571428574,0.005142857142857143,True,True,True,False,0.0,562.6729602951856,48.34203450373889,24.72081019018272,1111.9740147536709,-0.50468657561747,1747.2051331671605
2026-03-23T21:30:00Z,2026-03-23T21:45:00Z,2026-03-23,2026-03-23_91,0.0,45,45,55,42.67291925465848,39.891304347826186,0.007726708074534161,2.559085714285714,0.0,True,True,True,False,0.0,562.6729602951856,48.34203450373889,24.72081019018272,666.8786209719701,0.0,1302.6144259610774
2026-03-23T21:45:00Z,2026-03-23T22:00:00Z,2026-03-23,2026-03-23_92,0.0,45,45,55,39.891304347826186,40.38335055900631,0.0017612049689440992,0.06531428571428571,0.612,True,True,True,False,0.0,562.6729602951856,48.34203450373889,24.72081019018272,10.356168329795853,-33.5375423446056,612.5544309742975
2026-03-23T22:00:00Z,2026-03-23T22:15:00Z,2026-03-24,2026-03-23_93,25.0,75,100,0,40.38335055900631,38.24147602484482,0.02449203243616287,0.0004285714285714286,4.837142857142857,True,True,True,False,955.9374999999999,0.0,77.73000058836219,51.33460158073309,0.05883621957677146,-141.17353546843435,943.8874029202376
2026-03-23T22:15:00Z,2026-03-23T22:30:00Z,2026-03-24,2026-03-23_94,24.99999999999998,75,100,0,38.24147602484482,36.367156024844824,0.024813396825396815,0.0,5.114857142857144,True,True,True,False,928.4999999999992,0.0,77.73000058836219,51.33460158073309,0.0,-220.43671032687723,837.1278918422172
2026-03-23T22:30:00Z,2026-03-23T22:45:00Z,2026-03-24,2026-03-23_95,25.0,75,100,0,36.367156024844824,41.927354285714394,0.03379471911663216,0.0,12.845142857142857,True,True,True,False,873.0625,0.0,77.73000058836219,51.33460158073309,0.0,159.87339543823177,1162.0004976073271
2026-03-23T22:45:00Z,2026-03-23T23:00:00Z,2026-03-24,2026-03-23_96,0.0,75,100,0,41.927354285714394,56.81400571428583,0.041351809523809534,0.0,16.18114285714286,True,True,True,False,0.0,0.0,77.73000058836219,51.33460158073309,0.0,316.20331331967964,445.2679154887749
2026-03-23T23:00:00Z,2026-03-23T23:15:00Z,2026-03-24,2026-03-24_1,6.0,13,19,81,56.81400571428583,55.70830954534173,0.004959919199447895,0.0005200000000000001,0.5400342857142858,True,True,True,False,224.61,828.0462452685873,13.473200101982778,9.770342622918669,0.07138794641981604,-18.232842832767854,1057.7383331071408
2026-03-23T23:15:00Z,2026-03-23T23:30:00Z,2026-03-24,2026-03-24_2,6.0,13,19,81,55.70830954534173,54.088580342857256,0.004570248419599724,0.008320000000000001,0.02030285714285714,True,True,True,False,226.68,828.0462452685873,13.473200101982778,9.770342622918669,1.1652258800917845,-1.8454540200547453,1077.2895598535258
2026-03-23T23:30:00Z,2026-03-23T23:45:00Z,2026-03-24,2026-03-24_3,4.199949610193087,13,19,81,54.088580342857256,54.02173913043476,0.0046755072893326696,0.004308571428571429,1.1277314285714286,True,True,True,False,151.0511877305944,828.0462452685873,13.473200101982778,9.770342622918669,0.5915001274784758,70.67469352325291,1073.6071693748145
2026-03-23T23:45:00Z,2026-03-24T00:00:00Z,2026-03-24,2026-03-24_4,5.843141194887347,13,19,81,54.02173913043476,54.02173913043477,0.005785475964323603,0.0,1.6346514285714286,True,True,True,False,204.8605302927504,828.0462452685873,13.473200101982778,9.770342622918669,0.0,1.628912884851915,1057.7792311710912
2026-03-24T00:00:00Z,2026-03-24T00:15:00Z,2026-03-24,2026-03-24_5,100.0,0,100,0,54.02173913043477,30.954658385093158,0.06407522429261558,0.0,3.7782857142857145,True,True,True,False,3784.5,0.0,0.0,51.33460158073309,0.0,-44.720100637952726,3791.1145009427805
2026-03-24T00:15:00Z,2026-03-24T00:30:00Z,2026-03-24,2026-03-24_6,100.0,0,100,0,30.954658385093158,10.291304347826078,0.05739820565907522,0.0,5.989714285714285,True,True,True,False,3525.5000000000005,0.0,0.0,51.33460158073309,0.0,431.636744507919,4008.4713460886524
2026-03-24T00:30:00Z,2026-03-24T00:45:00Z,2026-03-24,2026-03-24_7,14.066537275068262,0,100,0,10.291304347826078,13.621031185093097,0.024045801680233805,0.0,7.580571428571428,True,True,True,False,425.26658816850124,0.0,0.0,51.33460158073309,0.0,284.4784525513906,761.079642300625
2026-03-24T00:45:00Z,2026-03-24T01:00:00Z,2026-03-24,2026-03-24_8,0.0,0,100,0,13.621031185093097,22.32843689937881,0.024187238095238095,0.0,9.464571428571428,True,True,True,False,0.0,0.0,0.0,51.33460158073309,0.0,79.52697607046898,130.86157765120208
2026-03-24T01:00:00Z,2026-03-24T01:15:00Z,2026-03-24,2026-03-24_9,0.0,100,100,0,22.32843689937881,27.32955689937881,0.013892,0.0,5.436,True,True,True,False,0.0,0.0,103.64000078448291,51.33460158073309,0.0,-202.068792876895,-47.094190511679
2026-03-24T01:15:00Z,2026-03-24T01:30:00Z,2026-03-24,2026-03-24_10,0.0,100,100,0,27.32955689937881,41.490196899378816,0.03933511111111111,0.0,15.392,True,True,True,False,0.0,0.0,103.64000078448291,51.33460158073309,0.0,975.7493796701248,1130.7239820353407
2026-03-24T01:30:00Z,2026-03-24T01:45:00Z,2026-03-24,2026-03-24_11,0.0,100,100,0,41.490196899378816,60.94688261366453,0.05404634920634921,0.0,21.14857142857143,True,True,True,False,0.0,0.0,103.64000078448291,51.33460158073309,0.0,1641.1264883462259,1796.1010907114419
2026-03-24T01:45:00Z,2026-03-24T02:00:00Z,2026-03-24,2026-03-24_12,0.0,100,100,0,60.94688261366453,64.68260832795025,0.010377015873015873,0.0,4.0605714285714285,True,True,True,False,0.0,0.0,103.64000078448291,51.33460158073309,0.0,-15.236798749310074,139.73780361590593
2026-03-24T02:00:00Z,2026-03-24T02:15:00Z,2026-03-24,2026-03-24_13,0.0,0,0,100,64.68260832795025,64.68260832795025,0.0,0.0,0.0,True,True,True,False,0.0,1022.2793151464041,0.0,0.0,0.0,0.0,1022.2793151464041
2026-03-24T02:15:00Z,2026-03-24T02:30:00Z,2026-03-24,2026-03-24_14,0.0,0,0,100,64.68260832795025,64.68260832795025,0.0,0.0,0.0,True,True,True,False,0.0,1022.2793151464041,0.0,0.0,0.0,0.0,1022.2793151464041
2026-03-24T02:30:00Z,2026-03-24T02:45:00Z,2026-03-24,2026-03-24_15,0.0,0,0,100,64.68260832795025,64.68260832795025,0.0,0.0,0.0,True,True,True,False,0.0,1022.2793151464041,0.0,0.0,0.0,0.0,1022.2793151464041
2026-03-24T02:45:00Z,2026-03-24T03:00:00Z,2026-03-24,2026-03-24_16,0.0,0,0,100,64.68260832795025,64.68260832795025,0.0,0.0,0.0,True,True,True,False,0.0,1022.2793151464041,0.0,0.0,0.0,0.0,1022.2793151464041
2026-03-24T03:00:00Z,2026-03-24T03:15:00Z,2026-03-24,2026-03-24_17,0.0,0,0,100,64.68260832795025,64.68260832795025,0.0,0.0,0.0,True,True,True,False,0.0,1022.2793151464041,0.0,0.0,0.0,0.0,1022.2793151464041
2026-03-24T03:15:00Z,2026-03-24T03:30:00Z,2026-03-24,2026-03-24_18,0.0,0,0,100,64.68260832795025,64.68260832795025,0.0,0.0,0.0,True,True,True,False,0.0,1022.2793151464041,0.0,0.0,0.0,0.0,1022.2793151464041
2026-03-24T03:30:00Z,2026-03-24T03:45:00Z,2026-03-24,2026-03-24_19,0.0,0,0,100,64.68260832795025,64.68260832795025,0.0,0.0,0.0,True,True,True,False,0.0,1022.2793151464041,0.0,0.0,0.0,0.0,1022.2793151464041
2026-03-24T03:45:00Z,2026-03-24T04:00:00Z,2026-03-24,2026-03-24_20,0.0,0,0,100,64.68260832795025,64.68260832795025,0.0,0.0,0.0,True,True,True,False,0.0,1022.2793151464041,0.0,0.0,0.0,0.0,1022.2793151464041
2026-03-24T04:00:00Z,2026-03-24T04:15:00Z,2026-03-24,2026-03-24_21,0.0,0,0,100,64.68260832795025,64.68260832795025,0.0,0.0,0.0,True,True,True,False,0.0,1022.2793151464041,0.0,0.0,0.0,0.0,1022.2793151464041
2026-03-24T04:15:00Z,2026-03-24T04:30:00Z,2026-03-24,2026-03-24_22,0.0,0,0,100,64.68260832795025,64.68260832795025,0.0,0.0,0.0,True,True,True,False,0.0,1022.2793151464041,0.0,0.0,0.0,0.0,1022.2793151464041
2026-03-24T04:30:00Z,2026-03-24T04:45:00Z,2026-03-24,2026-03-24_23,0.0,0,0,100,64.68260832795025,64.68260832795025,0.0,0.0,0.0,True,True,True,False,0.0,1022.2793151464041,0.0,0.0,0.0,0.0,1022.2793151464041
2026-03-24T04:45:00Z,2026-03-24T05:00:00Z,2026-03-24,2026-03-24_24,0.0,0,0,100,64.68260832795025,64.68260832795025,0.0,0.0,0.0,True,True,True,False,0.0,1022.2793151464041,0.0,0.0,0.0,0.0,1022.2793151464041
2026-03-24T05:00:00Z,2026-03-24T05:15:00Z,2026-03-24,2026-03-24_25,0.0,0,0,100,64.68260832795025,64.68260832795025,0.0,0.0,0.0,True,True,True,False,0.0,1022.2793151464041,0.0,0.0,0.0,0.0,1022.2793151464041
2026-03-24T05:15:00Z,2026-03-24T05:30:00Z,2026-03-24,2026-03-24_26,0.0,0,0,100,64.68260832795025,64.68260832795025,0.0,0.0,0.0,True,True,True,False,0.0,1022.2793151464041,0.0,0.0,0.0,0.0,1022.2793151464041
2026-03-24T05:30:00Z,2026-03-24T05:45:00Z,2026-03-24,2026-03-24_27,0.0,0,0,100,64.68260832795025,64.68260832795025,0.0,0.0,0.0,True,True,True,False,0.0,1022.2793151464041,0.0,0.0,0.0,0.0,1022.2793151464041
2026-03-24T05:45:00Z,2026-03-24T06:00:00Z,2026-03-24,2026-03-24_28,0.0,0,0,100,64.68260832795025,64.68260832795025,0.0,0.0,0.0,True,True,True,False,0.0,1022.2793151464041,0.0,0.0,0.0,0.0,1022.2793151464041
2026-03-24T06:00:00Z,2026-03-24T06:15:00Z,2026-03-24,2026-03-24_29,0.0,0,0,100,64.68260832795025,64.68260832795025,0.0,0.0,0.0,True,False,True,False,0.0,1022.2793151464041,0.0,0.0,0.0,0.0,1022.2793151464041
2026-03-24T06:15:00Z,2026-03-24T06:30:00Z,2026-03-24,2026-03-24_30,0.0,0,0,100,64.68260832795025,64.68260832795025,0.0,0.0,0.0,True,False,True,False,0.0,1022.2793151464041,0.0,0.0,0.0,0.0,1022.2793151464041
2026-03-24T06:30:00Z,2026-03-24T06:45:00Z,2026-03-24,2026-03-24_31,0.0,0,0,100,64.68260832795025,64.68260832795025,0.0,0.0,0.0,True,False,True,False,0.0,1022.2793151464041,0.0,0.0,0.0,0.0,1022.2793151464041
2026-03-24T06:45:00Z,2026-03-24T07:00:00Z,2026-03-24,2026-03-24_32,0.0,0,0,100,64.68260832795025,64.68260832795025,0.0,0.0,0.0,True,False,True,False,0.0,1022.2793151464041,0.0,0.0,0.0,0.0,1022.2793151464041
2026-03-24T07:00:00Z,2026-03-24T07:15:00Z,2026-03-24,2026-03-24_33,52.0,48,100,0,64.68260832795025,48.03326746832292,0.046883231911663215,2.5571657142857145,0.2588571428571429,True,True,True,False,1845.8700000000001,0.0,45.82164780638961,67.13212653709623,470.0422544828997,-12.909553825334877,2415.956475001051
2026-03-24T07:15:00Z,2026-03-24T07:30:00Z,2026-03-24,2026-03-24_34,0.0,48,100,0,48.03326746832292,48.03110001490677,0.00033021118012422366,0.05568,0.06342857142857143,True,True,True,False,0.0,0.0,45.82164780638961,67.13212653709623,7.377455309968816,-4.975863141349815,115.35536651210484
2026-03-24T07:30:00Z,2026-03-24T07:45:00Z,2026-03-24,2026-03-24_35,0.0,48,100,0,48.03110001490677,53.54344982857137,0.015757631469979296,0.07378285714285715,6.078857142857143,True,True,True,False,0.0,0.0,45.82164780638961,67.13212653709623,10.107190752066973,-64.14458603116078,58.91637906439203
2026-03-24T07:45:00Z,2026-03-24T08:00:00Z,2026-03-24,2026-03-24_36,0.0,48,100,0,53.54344982857137,64.64285554285708,0.03083168253968254,0.0,12.064571428571428,True,True,True,False,0.0,0.0,45.82164780638961,67.13212653709623,0.0,1850.9246904234242,1963.87846476691
2026-03-24T08:00:00Z,2026-03-24T08:15:00Z,2026-03-24,2026-03-24_37,0.0,0,0,100,64.64285554285708,64.64285554285708,0.0,0.0,0.0,True,False,True,False,0.0,1022.2793151464041,0.0,0.0,0.0,0.0,1022.2793151464041
2026-03-24T08:15:00Z,2026-03-24T08:30:00Z,2026-03-24,2026-03-24_38,0.0,0,0,100,64.64285554285708,64.64285554285708,0.0,0.0,0.0,True,False,True,False,0.0,1022.2793151464041,0.0,0.0,0.0,0.0,1022.2793151464041
2026-03-24T08:30:00Z,2026-03-24T08:45:00Z,2026-03-24,2026-03-24_39,0.0,0,0,100,64.64285554285708,64.64285554285708,0.0,0.0,0.0,True,False,True,False,0.0,1022.2793151464041,0.0,0.0,0.0,0.0,1022.2793151464041
2026-03-24T08:45:00Z,2026-03-24T09:00:00Z,2026-03-24,2026-03-24_40,0.0,0,0,100,64.64285554285708,64.64285554285708,0.0,0.0,0.0,True,False,True,False,0.0,1022.2793151464041,0.0,0.0,0.0,0.0,1022.2793151464041
2026-03-24T09:00:00Z,2026-03-24T09:15:00Z,2026-03-24,2026-03-24_41,1.568878360558301e-13,0,0,100,64.64285554285708,64.64285554285703,1.1842378929335e-16,0.0,0.0,True,True,True,False,2.763971451713587e-12,1022.2793151464041,0.0,0.0,0.0,0.0,1022.2793151464068
2026-03-24T09:15:00Z,2026-03-24T09:30:00Z,2026-03-24,2026-03-24_42,-2.4158453015843406e-13,0,0,100,64.64285554285703,64.64285554285709,1.5434567204566623e-16,0.0,0.0,True,True,True,False,-1.4265566505855532e-12,1022.2793151464041,0.0,0.0,0.0,0.0,1022.2793151464026
2026-03-24T09:30:00Z,2026-03-24T09:45:00Z,2026-03-24,2026-03-24_43,-2.4158453015843406e-13,0,0,100,64.64285554285709,64.64285554285715,1.5434567204566619e-16,0.0,0.0,True,True,True,False,-8.872191870068491e-13,1022.2793151464041,0.0,0.0,0.0,0.0,1022.2793151464032
2026-03-24T09:45:00Z,2026-03-24T10:00:00Z,2026-03-24,2026-03-24_44,-2.4158453015843406e-13,0,0,100,64.64285554285715,64.6428555428572,1.5434567204566623e-16,0.0,0.0,True,True,True,False,-5.115552426104842e-13,1022.2793151464041,0.0,0.0,0.0,0.0,1022.2793151464036
2026-03-24T10:00:00Z,2026-03-24T10:15:00Z,2026-03-24,2026-03-24_45,-87.0,87,0,13,64.6428555428572,84.10675405714292,0.05406638476190477,0.5935885714285715,0.0,True,True,True,False,-204.6675,132.89631096903253,66.28782678616955,0.0,69.29778990986851,0.0,63.814427665070596
2026-03-24T10:15:00Z,2026-03-24T10:30:00Z,2026-03-24,2026-03-24_46,-87.0,87,0,13,84.10675405714292,104.11675405714293,0.05558333333333333,0.0,0.0,True,True,True,False,-276.8775,132.89631096903253,66.28782678616955,0.0,0.0,0.0,-77.69336224479792
2026-03-24T10:30:00Z,2026-03-24T10:45:00Z,2026-03-24,2026-03-24_47,-87.0,87,0,13,104.11675405714293,124.04945828571437,0.055368622857142856,0.08401714285714286,0.0,True,True,True,False,-445.65749999999997,132.89631096903253,66.28782678616955,0.0,6.548505938815934,0.0,-239.92485630598196
2026-03-24T10:45:00Z,2026-03-24T11:00:00Z,2026-03-24,2026-03-24_48,-87.0,87,0,13,124.04945828571437,144.00000000000009,0.05541817142857143,0.06462857142857142,0.0,True,True,True,False,-585.7275,132.89631096903253,66.28782678616955,0.0,4.128197689697778,0.0,-382.4151645551001
2026-03-24T11:00:00Z,2026-03-24T11:15:00Z,2026-03-24,2026-03-24_49,0.0,0,0,100,144.00000000000009,144.00000000000009,0.0,0.0,0.0,True,True,True,False,0.0,1022.2793151464041,0.0,0.0,0.0,0.0,1022.2793151464041
2026-03-24T11:15:00Z,2026-03-24T11:30:00Z,2026-03-24,2026-03-24_50,0.0,0,0,100,144.00000000000009,144.00000000000009,0.0,0.0,0.0,True,True,True,False,0.0,1022.2793151464041,0.0,0.0,0.0,0.0,1022.2793151464041
2026-03-24T11:30:00Z,2026-03-24T11:45:00Z,2026-03-24,2026-03-24_51,0.0,0,0,100,144.00000000000009,144.00000000000009,0.0,0.0,0.0,True,True,True,False,0.0,1022.2793151464041,0.0,0.0,0.0,0.0,1022.2793151464041
2026-03-24T11:45:00Z,2026-03-24T12:00:00Z,2026-03-24,2026-03-24_52,0.0,0,0,100,144.00000000000009,144.00000000000009,0.0,0.0,0.0,True,True,True,False,0.0,1022.2793151464041,0.0,0.0,0.0,0.0,1022.2793151464041
2026-03-24T12:00:00Z,2026-03-24T12:15:00Z,2026-03-24,2026-03-24_53,0.0,0,0,100,144.00000000000009,144.00000000000009,0.0,0.0,0.0,True,True,True,False,0.0,1022.2793151464041,0.0,0.0,0.0,0.0,1022.2793151464041
2026-03-24T12:15:00Z,2026-03-24T12:30:00Z,2026-03-24,2026-03-24_54,0.0,0,0,100,144.00000000000009,144.00000000000009,0.0,0.0,0.0,True,True,True,False,0.0,1022.2793151464041,0.0,0.0,0.0,0.0,1022.2793151464041
2026-03-24T12:30:00Z,2026-03-24T12:45:00Z,2026-03-24,2026-03-24_55,0.0,0,0,100,144.00000000000009,144.00000000000009,0.0,0.0,0.0,True,True,True,False,0.0,1022.2793151464041,0.0,0.0,0.0,0.0,1022.2793151464041
2026-03-24T12:45:00Z,2026-03-24T13:00:00Z,2026-03-24,2026-03-24_56,0.0,0,0,100,144.00000000000009,144.00000000000009,0.0,0.0,0.0,True,True,True,False,0.0,1022.2793151464041,0.0,0.0,0.0,0.0,1022.2793151464041
2026-03-24T13:00:00Z,2026-03-24T13:15:00Z,2026-03-24,2026-03-24_57,0.0,0,0,100,144.00000000000009,144.00000000000009,0.0,0.0,0.0,True,True,True,False,0.0,1022.2793151464041,0.0,0.0,0.0,0.0,1022.2793151464041
2026-03-24T13:15:00Z,2026-03-24T13:30:00Z,2026-03-24,2026-03-24_58,0.0,0,0,100,144.00000000000009,144.00000000000009,0.0,0.0,0.0,True,True,True,False,0.0,1022.2793151464041,0.0,0.0,0.0,0.0,1022.2793151464041
2026-03-24T13:30:00Z,2026-03-24T13:45:00Z,2026-03-24,2026-03-24_59,0.0,0,0,100,144.00000000000009,144.00000000000009,0.0,0.0,0.0,True,True,True,False,0.0,1022.2793151464041,0.0,0.0,0.0,0.0,1022.2793151464041
2026-03-24T13:45:00Z,2026-03-24T14:00:00Z,2026-03-24,2026-03-24_60,0.0,0,0,100,144.00000000000009,144.00000000000009,0.0,0.0,0.0,True,True,True,False,0.0,1022.2793151464041,0.0,0.0,0.0,0.0,1022.2793151464041
2026-03-24T14:00:00Z,2026-03-24T14:15:00Z,2026-03-24,2026-03-24_61,0.0,0,0,100,144.00000000000009,144.00000000000009,0.0,0.0,0.0,True,True,True,False,0.0,1022.2793151464041,0.0,0.0,0.0,0.0,1022.2793151464041
2026-03-24T14:15:00Z,2026-03-24T14:30:00Z,2026-03-24,2026-03-24_62,0.0,0,0,100,144.00000000000009,144.00000000000009,0.0,0.0,0.0,True,True,True,False,0.0,1022.2793151464041,0.0,0.0,0.0,0.0,1022.2793151464041
2026-03-24T14:30:00Z,2026-03-24T14:45:00Z,2026-03-24,2026-03-24_63,0.0,0,0,100,144.00000000000009,144.00000000000009,0.0,0.0,0.0,True,True,True,False,0.0,1022.2793151464041,0.0,0.0,0.0,0.0,1022.2793151464041
2026-03-24T14:45:00Z,2026-03-24T15:00:00Z,2026-03-24,2026-03-24_64,0.0,0,0,100,144.00000000000009,144.00000000000009,0.0,0.0,0.0,True,True,True,False,0.0,1022.2793151464041,0.0,0.0,0.0,0.0,1022.2793151464041
2026-03-24T15:00:00Z,2026-03-24T15:15:00Z,2026-03-24,2026-03-24_65,0.0,0,0,100,144.00000000000009,144.00000000000009,0.0,0.0,0.0,True,True,True,False,0.0,1022.2793151464041,0.0,0.0,0.0,0.0,1022.2793151464041
2026-03-24T15:15:00Z,2026-03-24T15:30:00Z,2026-03-24,2026-03-24_66,0.0,0,0,100,144.00000000000009,144.00000000000009,0.0,0.0,0.0,True,True,True,False,0.0,1022.2793151464041,0.0,0.0,0.0,0.0,1022.2793151464041
2026-03-24T15:30:00Z,2026-03-24T15:45:00Z,2026-03-24,2026-03-24_67,0.0,0,0,100,144.00000000000009,144.00000000000009,0.0,0.0,0.0,True,True,True,False,0.0,1022.2793151464041,0.0,0.0,0.0,0.0,1022.2793151464041
2026-03-24T15:45:00Z,2026-03-24T16:00:00Z,2026-03-24,2026-03-24_68,0.0,0,0,100,144.00000000000009,144.00000000000009,0.0,0.0,0.0,True,True,True,False,0.0,1022.2793151464041,0.0,0.0,0.0,0.0,1022.2793151464041
2026-03-24T16:00:00Z,2026-03-24T16:15:00Z,2026-03-24,2026-03-24_69,0.0,0,0,100,144.00000000000009,144.00000000000009,0.0,0.0,0.0,True,True,True,False,0.0,1022.2793151464041,0.0,0.0,0.0,0.0,1022.2793151464041
2026-03-24T16:15:00Z,2026-03-24T16:30:00Z,2026-03-24,2026-03-24_70,0.0,0,0,100,144.00000000000009,144.00000000000009,0.0,0.0,0.0,True,True,True,False,0.0,1022.2793151464041,0.0,0.0,0.0,0.0,1022.2793151464041
2026-03-24T16:30:00Z,2026-03-24T16:45:00Z,2026-03-24,2026-03-24_71,0.0,0,0,100,144.00000000000009,144.00000000000009,0.0,0.0,0.0,True,True,True,False,0.0,1022.2793151464041,0.0,0.0,0.0,0.0,1022.2793151464041
2026-03-24T16:45:00Z,2026-03-24T17:00:00Z,2026-03-24,2026-03-24_72,0.0,0,0,100,144.00000000000009,144.00000000000009,0.0,0.0,0.0,True,True,True,False,0.0,1022.2793151464041,0.0,0.0,0.0,0.0,1022.2793151464041
2026-03-24T17:00:00Z,2026-03-24T17:15:00Z,2026-03-24,2026-03-24_73,0.0,0,0,7,144.00000000000009,144.00000000000009,0.0,0.0,0.0,True,False,True,False,0.0,71.5595520602483,0.0,0.0,0.0,0.0,71.5595520602483
2026-03-24T17:15:00Z,2026-03-24T17:30:00Z,2026-03-24,2026-03-24_74,93.00000000000006,0,0,7,144.00000000000009,118.72826086956529,0.07019927536231887,0.0,0.0,True,False,True,False,4401.225000000003,71.5595520602483,0.0,0.0,0.0,0.0,4472.784552060251
2026-03-24T17:30:00Z,2026-03-24T17:45:00Z,2026-03-24,2026-03-24_75,93.00000000000006,0,0,7,118.72826086956529,93.4565217391305,0.07019927536231887,0.0,0.0,True,False,True,False,5566.282500000003,71.5595520602483,0.0,0.0,0.0,0.0,5637.842052060251
2026-03-24T17:45:00Z,2026-03-24T18:00:00Z,2026-03-24,2026-03-24_76,93.00000000000004,0,0,7,93.4565217391305,68.1847826086957,0.07019927536231886,0.0,0.0,True,False,True,False,5842.492500000002,71.5595520602483,0.0,0.0,0.0,0.0,5914.05205206025
2026-03-24T18:00:00Z,2026-03-24T18:15:00Z,2026-03-24,2026-03-24_77,0.0,0,0,100,68.1847826086957,68.1847826086957,0.0,0.0,0.0,True,False,True,False,0.0,1022.2793151464041,0.0,0.0,0.0,0.0,1022.2793151464041
2026-03-24T18:15:00Z,2026-03-24T18:30:00Z,2026-03-24,2026-03-24_78,0.0,0,0,100,68.1847826086957,68.1847826086957,0.0,0.0,0.0,True,False,True,False,0.0,1022.2793151464041,0.0,0.0,0.0,0.0,1022.2793151464041
2026-03-24T18:30:00Z,2026-03-24T18:45:00Z,2026-03-24,2026-03-24_79,0.0,0,0,100,68.1847826086957,68.1847826086957,0.0,0.0,0.0,True,False,True,False,0.0,1022.2793151464041,0.0,0.0,0.0,0.0,1022.2793151464041
2026-03-24T18:45:00Z,2026-03-24T19:00:00Z,2026-03-24,2026-03-24_80,0.0,0,0,100,68.1847826086957,68.1847826086957,0.0,0.0,0.0,True,False,True,False,0.0,1022.2793151464041,0.0,0.0,0.0,0.0,1022.2793151464041
2026-03-24T19:00:00Z,2026-03-24T19:15:00Z,2026-03-24,2026-03-24_81,0.0,0,0,100,68.1847826086957,68.1847826086957,0.0,0.0,0.0,True,False,True,False,0.0,1022.2793151464041,0.0,0.0,0.0,0.0,1022.2793151464041
2026-03-24T19:15:00Z,2026-03-24T19:30:00Z,2026-03-24,2026-03-24_82,0.0,0,0,100,68.1847826086957,68.1847826086957,0.0,0.0,0.0,True,False,True,False,0.0,1022.2793151464041,0.0,0.0,0.0,0.0,1022.2793151464041
2026-03-24T19:30:00Z,2026-03-24T19:45:00Z,2026-03-24,2026-03-24_83,0.0,0,0,100,68.1847826086957,68.1847826086957,0.0,0.0,0.0,True,False,True,False,0.0,1022.2793151464041,0.0,0.0,0.0,0.0,1022.2793151464041
2026-03-24T19:45:00Z,2026-03-24T20:00:00Z,2026-03-24,2026-03-24_84,0.0,0,0,100,68.1847826086957,68.1847826086957,0.0,0.0,0.0,True,False,True,False,0.0,1022.2793151464041,0.0,0.0,0.0,0.0,1022.2793151464041
2026-03-24T20:00:00Z,2026-03-24T20:15:00Z,2026-03-24,2026-03-24_85,3.861645303044023e-14,100,0,0,68.1847826086957,63.26366459627333,0.013669772256728807,4.527428571428571,0.0,True,True,True,False,1.8848690724157877e-12,0.0,106.05228578713054,0.0,1129.1649615183103,0.0,1235.2172473054427
2026-03-24T20:15:00Z,2026-03-24T20:30:00Z,2026-03-24,2026-03-24_86,0.0,100,0,0,63.26366459627333,53.36863354037271,0.027486197377501725,9.103428571428571,0.0,True,True,True,False,0.0,0.0,106.05228578713054,0.0,2266.871370239519,0.0,2372.9236560266495
2026-03-24T20:30:00Z,2026-03-24T20:45:00Z,2026-03-24,2026-03-24_87,-99.99869906411607,100,0,0,53.36863354037271,54.72567751552802,0.0037714146628182294,23.524571428571427,0.0,True,True,True,False,-3672.952216624983,0.0,106.05228578713054,0.0,22806.215936098262,0.0,19239.31600526041
2026-03-24T20:45:00Z,2026-03-24T21:00:00Z,2026-03-24,2026-03-24_88,-100.0,100,0,0,54.72567751552802,64.34782608695659,0.026728190476190475,14.541142857142859,0.0,True,True,True,False,-3183.5,0.0,106.05228578713054,0.0,8627.829365885638,0.0,5550.381651672768
2026-03-24T21:00:00Z,2026-03-24T21:15:00Z,2026-03-24,2026-03-24_89,0.0,0,0,100,64.34782608695659,64.34782608695659,0.0,0.0,0.0,True,False,True,False,0.0,1022.2793151464041,0.0,0.0,0.0,0.0,1022.2793151464041
2026-03-24T21:15:00Z,2026-03-24T21:30:00Z,2026-03-24,2026-03-24_90,0.0,0,0,100,64.34782608695659,64.34782608695659,0.0,0.0,0.0,True,False,True,False,0.0,1022.2793151464041,0.0,0.0,0.0,0.0,1022.2793151464041
2026-03-24T21:30:00Z,2026-03-24T21:45:00Z,2026-03-24,2026-03-24_91,0.0,0,0,100,64.34782608695659,64.34782608695659,0.0,0.0,0.0,True,False,True,False,0.0,1022.2793151464041,0.0,0.0,0.0,0.0,1022.2793151464041
2026-03-24T21:45:00Z,2026-03-24T22:00:00Z,2026-03-24,2026-03-24_92,0.0,0,0,100,64.34782608695659,64.34782608695659,0.0,0.0,0.0,True,False,True,False,0.0,1022.2793151464041,0.0,0.0,0.0,0.0,1022.2793151464041
2026-03-24T22:00:00Z,2026-03-24T22:15:00Z,2026-03-25,2026-03-24_93,0.0,100,0,0,64.34782608695659,37.25776397515534,0.07525017253278123,24.922857142857143,0.0,True,True,True,False,0.0,0.0,102.66473058357208,0.0,28629.727455751345,0.0,28732.392186334917
2026-03-24T22:15:00Z,2026-03-24T22:30:00Z,2026-03-25,2026-03-24_94,-100.0,100,0,0,37.25776397515534,42.9675468322982,0.01586050793650793,18.793714285714287,0.0,True,True,True,False,-2896.75,0.0,102.66473058357208,0.0,16444.1164698627,0.0,13650.031200446272
2026-03-24T22:30:00Z,2026-03-24T22:45:00Z,2026-03-25,2026-03-24_95,-6.123078695287461,100,0,0,42.9675468322982,43.82026037267083,0.005293799169708503,0.516,0.0,True,True,True,False,-172.73204999405928,0.0,102.66473058357208,0.0,77.7325112829167,0.0,7.665191872429503
2026-03-24T22:45:00Z,2026-03-24T23:00:00Z,2026-03-25,2026-03-24_96,-100.0,100,0,0,43.82026037267083,64.34782608695654,0.05702101587301588,2.6874285714285717,0.0,True,True,True,False,-2677.0,0.0,102.66473058357208,0.0,457.412872448379,0.0,-2116.922396968049
2026-03-24T23:00:00Z,2026-03-24T23:15:00Z,2026-03-25,2026-03-25_1,0.0,0,0,100,64.34782608695654,64.34782608695654,0.0,0.0,0.0,True,True,True,False,0.0,1022.8209253953928,0.0,0.0,0.0,0.0,1022.8209253953928
2026-03-24T23:15:00Z,2026-03-24T23:30:00Z,2026-03-25,2026-03-25_2,0.0,0,0,100,64.34782608695654,64.34782608695654,0.0,0.0,0.0,True,True,True,False,0.0,1022.8209253953928,0.0,0.0,0.0,0.0,1022.8209253953928
2026-03-24T23:30:00Z,2026-03-24T23:45:00Z,2026-03-25,2026-03-25_3,0.0,0,0,100,64.34782608695654,64.34782608695654,0.0,0.0,0.0,True,True,True,False,0.0,1022.8209253953928,0.0,0.0,0.0,0.0,1022.8209253953928
2026-03-24T23:45:00Z,2026-03-25T00:00:00Z,2026-03-25,2026-03-25_4,0.0,0,0,100,64.34782608695654,64.34782608695654,0.0,0.0,0.0,True,True,True,False,0.0,1022.8209253953928,0.0,0.0,0.0,0.0,1022.8209253953928
2026-03-25T00:00:00Z,2026-03-25T00:15:00Z,2026-03-25,2026-03-25_5,0.0,0,0,100,64.34782608695654,64.34782608695654,0.0,0.0,0.0,True,True,True,False,0.0,1022.8209253953928,0.0,0.0,0.0,0.0,1022.8209253953928
2026-03-25T00:15:00Z,2026-03-25T00:30:00Z,2026-03-25,2026-03-25_6,0.0,0,0,100,64.34782608695654,64.34782608695654,0.0,0.0,0.0,True,True,True,False,0.0,1022.8209253953928,0.0,0.0,0.0,0.0,1022.8209253953928
2026-03-25T00:30:00Z,2026-03-25T00:45:00Z,2026-03-25,2026-03-25_7,0.0,0,0,100,64.34782608695654,64.34782608695654,0.0,0.0,0.0,True,True,True,False,0.0,1022.8209253953928,0.0,0.0,0.0,0.0,1022.8209253953928
2026-03-25T00:45:00Z,2026-03-25T01:00:00Z,2026-03-25,2026-03-25_8,0.0,0,0,100,64.34782608695654,64.34782608695654,0.0,0.0,0.0,True,True,True,False,0.0,1022.8209253953928,0.0,0.0,0.0,0.0,1022.8209253953928
2026-03-25T01:00:00Z,2026-03-25T01:15:00Z,2026-03-25,2026-03-25_9,0.0,0,0,100,64.34782608695654,64.34782608695654,0.0,0.0,0.0,True,True,True,False,0.0,1022.8209253953928,0.0,0.0,0.0,0.0,1022.8209253953928
2026-03-25T01:15:00Z,2026-03-25T01:30:00Z,2026-03-25,2026-03-25_10,0.0,0,0,100,64.34782608695654,64.34782608695654,0.0,0.0,0.0,True,True,True,False,0.0,1022.8209253953928,0.0,0.0,0.0,0.0,1022.8209253953928
2026-03-25T01:30:00Z,2026-03-25T01:45:00Z,2026-03-25,2026-03-25_11,0.0,0,0,100,64.34782608695654,64.34782608695654,0.0,0.0,0.0,True,True,True,False,0.0,1022.8209253953928,0.0,0.0,0.0,0.0,1022.8209253953928
2026-03-25T01:45:00Z,2026-03-25T02:00:00Z,2026-03-25,2026-03-25_12,0.0,0,0,100,64.34782608695654,64.34782608695654,0.0,0.0,0.0,True,True,True,False,0.0,1022.8209253953928,0.0,0.0,0.0,0.0,1022.8209253953928
2026-03-25T02:00:00Z,2026-03-25T02:15:00Z,2026-03-25,2026-03-25_13,-37.00000000000041,37,0,63,64.34782608695654,72.5672217440995,0.02283165460317487,0.3158742857142857,0.0,True,True,True,False,-897.0650000000101,644.3771829990974,37.98595031592167,0.0,48.09741051651931,0.0,-166.6044561684717
2026-03-25T02:15:00Z,2026-03-25T02:30:00Z,2026-03-25,2026-03-25_14,-37.0,37,0,63,72.5672217440995,80.88212391552807,0.023096950476190477,0.2120628571428571,0.0,True,True,True,False,-877.9175,644.3771829990974,37.98595031592167,0.0,31.96014708101835,0.0,-163.5942196039626
2026-03-25T02:30:00Z,2026-03-25T02:45:00Z,2026-03-25,2026-03-25_15,-37.0,37,0,63,80.88212391552807,89.28339042981378,0.023336851428571434,0.11818857142857143,0.0,True,True,True,False,-875.6975,644.3771829990974,37.98595031592167,0.0,17.889211599679317,0.0,-175.44515508530162
2026-03-25T02:45:00Z,2026-03-25T03:00:00Z,2026-03-25,2026-03-25_16,-37.0,37,0,63,89.28339042981378,93.5346946583852,0.011809178412698414,4.629017142857143,0.0,True,True,True,False,-920.56,644.3771829990974,37.98595031592167,0.0,1580.0915032892856,0.0,1341.8946366043047
2026-03-25T03:00:00Z,2026-03-25T03:15:00Z,2026-03-25,2026-03-25_17,-100.0,100,0,0,93.5346946583852,103.6725689440995,0.028160761904761907,13.980571428571428,0.0,True,True,True,False,-2637.25,0.0,102.66473058357208,0.0,3234.668916559678,0.0,700.0836471432502
2026-03-25T03:15:00Z,2026-03-25T03:30:00Z,2026-03-25,2026-03-25_18,0.0,100,0,0,103.6725689440995,86.61853167701875,0.047372325741890965,15.689714285714288,0.0,True,True,True,False,0.0,0.0,102.66473058357208,0.0,4262.970676638617,0.0,4365.635407222189
2026-03-25T03:30:00Z,2026-03-25T03:45:00Z,2026-03-25,2026-03-25_19,-100.0,100,0,0,86.61853167701875,87.40342310559018,0.00218025396825397,24.146857142857144,0.0,True,True,True,False,-2941.25,0.0,102.66473058357208,0.0,16754.948948179877,0.0,13916.36367876345
2026-03-25T03:45:00Z,2026-03-25T04:00:00Z,2026-03-25,2026-03-25_20,-1.558104785477929,100,0,0,87.40342310559018,64.69910194285718,0.06336471657296429,21.268571428571427,0.0,True,True,True,False,-46.52890415633466,0.0,102.66473058357208,0.0,9871.985925647681,0.0,9928.121752074918
2026-03-25T04:00:00Z,2026-03-25T04:15:00Z,2026-03-25,2026-03-25_21,0.0,0,0,100,64.69910194285718,64.69910194285718,0.0,0.0,0.0,True,True,True,False,0.0,1022.8209253953928,0.0,0.0,0.0,0.0,1022.8209253953928
2026-03-25T04:15:00Z,2026-03-25T04:30:00Z,2026-03-25,2026-03-25_22,0.0,0,0,100,64.69910194285718,64.69910194285718,0.0,0.0,0.0,True,True,True,False,0.0,1022.8209253953928,0.0,0.0,0.0,0.0,1022.8209253953928
2026-03-25T04:30:00Z,2026-03-25T04:45:00Z,2026-03-25,2026-03-25_23,0.0,0,0,100,64.69910194285718,64.69910194285718,0.0,0.0,0.0,True,True,True,False,0.0,1022.8209253953928,0.0,0.0,0.0,0.0,1022.8209253953928
2026-03-25T04:45:00Z,2026-03-25T05:00:00Z,2026-03-25,2026-03-25_24,0.0,0,0,100,64.69910194285718,64.69910194285718,0.0,0.0,0.0,True,True,True,False,0.0,1022.8209253953928,0.0,0.0,0.0,0.0,1022.8209253953928
2026-03-25T05:00:00Z,2026-03-25T05:15:00Z,2026-03-25,2026-03-25_25,1.0,0,1,99,64.69910194285718,64.44588455155284,0.0007033816425120773,0.0,0.01704,True,True,True,False,31.32,1012.5927161414388,0.0,0.4835956202660806,0.0,-0.7270571641615321,1043.6692545975434
2026-03-25T05:15:00Z,2026-03-25T05:30:00Z,2026-03-25,2026-03-25_26,1.0,0,1,99,64.44588455155284,64.26871684968948,0.0004921325051759833,0.0,0.0870057142857143,True,True,True,False,39.205,1012.5927161414388,0.0,0.4835956202660806,0.0,-0.7088570419416149,1051.5724547197633
2026-03-25T05:30:00Z,2026-03-25T05:45:00Z,2026-03-25,2026-03-25_27,1.0,0,1,99,64.26871684968948,64.07357399254663,0.000542063492063492,0.0,0.07046857142857144,True,True,True,False,37.995,1012.5927161414388,0.0,0.4835956202660806,0.0,-2.684877184681023,1048.386434577024
2026-03-25T05:45:00Z,2026-03-25T06:00:00Z,2026-03-25,2026-03-25_28,0.0,0,1,99,64.07357399254663,64.08447204968948,3.0272380952380956e-05,0.0,0.011845714285714286,True,True,True,False,0.0,1012.5927161414388,0.0,0.4835956202660806,0.0,-0.6081777806432804,1012.4681339810617
2026-03-25T06:00:00Z,2026-03-25T06:15:00Z,2026-03-25,2026-03-25_29,100.0,0,100,0,64.08447204968948,37.13043478260873,0.07487232574189095,0.0,0.20228571428571426,True,True,True,False,4317.25,0.0,0.0,49.62521094148582,0.0,-11.778314150038966,4355.096896791447
2026-03-25T06:15:00Z,2026-03-25T06:30:00Z,2026-03-25,2026-03-25_30,100.0,0,100,0,37.13043478260873,10.000000000000036,0.07536231884057971,0.0,0.04,True,True,True,False,4035.0,0.0,0.0,49.62521094148582,0.0,-2.6720222911188727,4081.953188650367
2026-03-25T06:30:00Z,2026-03-25T06:45:00Z,2026-03-25,2026-03-25_31,13.16849427153254,0,100,0,10.000000000000036,10.143793868322982,0.017137228878257353,0.0,3.9514285714285715,True,True,True,False,145.28141305068274,0.0,0.0,49.62521094148582,0.0,-64.17562889996469,130.73099509220387
2026-03-25T06:45:00Z,2026-03-25T07:00:00Z,2026-03-25,2026-03-25_32,0.0,0,100,0,10.143793868322982,20.975085296894413,0.030086920634920637,0.0,11.773142857142858,True,True,True,False,0.0,0.0,0.0,49.62521094148582,0.0,150.7947346762574,200.41994561774322
2026-03-25T07:00:00Z,2026-03-25T07:15:00Z,2026-03-25,2026-03-25_33,-100.0,100,0,0,20.975085296894413,34.50329101118013,0.037578349206349206,10.295428571428571,0.0,True,True,True,False,-383.5,0.0,84.6218751226404,0.0,1746.0389882657669,0.0,1447.1608633884073
2026-03-25T07:15:00Z,2026-03-25T07:30:00Z,2026-03-25,2026-03-25_34,-100.0,100,0,0,34.50329101118013,47.38802243975156,0.035790920634920634,10.994857142857143,0.0,True,True,True,False,-275.0,0.0,84.6218751226404,0.0,1918.5100163146774,0.0,1728.1318914373178
2026-03-25T07:30:00Z,2026-03-25T07:45:00Z,2026-03-25,2026-03-25_35,-100.0,100,0,0,47.38802243975156,69.26089101118014,0.06075796825396825,1.2251428571428573,0.0,True,True,True,False,-245.25,0.0,84.6218751226404,0.0,160.4186604024287,0.0,-0.20946447493088272
2026-03-25T07:45:00Z,2026-03-25T08:00:00Z,2026-03-25,2026-03-25_36,-100.0,100,0,0,69.26089101118014,92.23933672546585,0.06382901587301587,0.02342857142857143,0.0,True,True,True,False,-127.75000000000001,0.0,84.6218751226404,0.0,2.3105383843423954,0.0,-40.81758649301722
2026-03-25T08:00:00Z,2026-03-25T08:15:00Z,2026-03-25,2026-03-25_37,0.0,0,0,100,92.23933672546585,92.23933672546585,0.0,0.0,0.0,True,True,True,False,0.0,1022.8209253953928,0.0,0.0,0.0,0.0,1022.8209253953928
2026-03-25T08:15:00Z,2026-03-25T08:30:00Z,2026-03-25,2026-03-25_38,0.0,0,0,100,92.23933672546585,92.23933672546585,0.0,0.0,0.0,True,True,True,False,0.0,1022.8209253953928,0.0,0.0,0.0,0.0,1022.8209253953928
2026-03-25T08:30:00Z,2026-03-25T08:45:00Z,2026-03-25,2026-03-25_39,0.0,0,0,100,92.23933672546585,92.23933672546585,0.0,0.0,0.0,True,True,True,False,0.0,1022.8209253953928,0.0,0.0,0.0,0.0,1022.8209253953928
2026-03-25T08:45:00Z,2026-03-25T09:00:00Z,2026-03-25,2026-03-25_40,0.0,0,0,100,92.23933672546585,92.23933672546585,0.0,0.0,0.0,True,True,True,False,0.0,1022.8209253953928,0.0,0.0,0.0,0.0,1022.8209253953928
2026-03-25T09:00:00Z,2026-03-25T09:15:00Z,2026-03-25,2026-03-25_41,0.0,0,0,100,92.23933672546585,92.23933672546585,0.0,0.0,0.0,True,True,True,False,0.0,1022.8209253953928,0.0,0.0,0.0,0.0,1022.8209253953928
2026-03-25T09:15:00Z,2026-03-25T09:30:00Z,2026-03-25,2026-03-25_42,0.0,0,0,100,92.23933672546585,92.23933672546585,0.0,0.0,0.0,True,True,True,False,0.0,1022.8209253953928,0.0,0.0,0.0,0.0,1022.8209253953928
2026-03-25T09:30:00Z,2026-03-25T09:45:00Z,2026-03-25,2026-03-25_43,0.0,0,0,100,92.23933672546585,92.23933672546585,0.0,0.0,0.0,True,True,True,False,0.0,1022.8209253953928,0.0,0.0,0.0,0.0,1022.8209253953928
2026-03-25T09:45:00Z,2026-03-25T10:00:00Z,2026-03-25,2026-03-25_44,0.0,0,0,100,92.23933672546585,92.23933672546585,0.0,0.0,0.0,True,True,True,False,0.0,1022.8209253953928,0.0,0.0,0.0,0.0,1022.8209253953928
2026-03-25T10:00:00Z,2026-03-25T10:15:00Z,2026-03-25,2026-03-25_45,0.0,0,0,100,92.23933672546585,92.23933672546585,0.0,0.0,0.0,True,True,True,False,0.0,1022.8209253953928,0.0,0.0,0.0,0.0,1022.8209253953928
2026-03-25T10:15:00Z,2026-03-25T10:30:00Z,2026-03-25,2026-03-25_46,0.0,0,0,100,92.23933672546585,92.23933672546585,0.0,0.0,0.0,True,True,True,False,0.0,1022.8209253953928,0.0,0.0,0.0,0.0,1022.8209253953928
2026-03-25T10:30:00Z,2026-03-25T10:45:00Z,2026-03-25,2026-03-25_47,0.0,0,0,100,92.23933672546585,92.23933672546585,0.0,0.0,0.0,True,True,True,False,0.0,1022.8209253953928,0.0,0.0,0.0,0.0,1022.8209253953928
2026-03-25T10:45:00Z,2026-03-25T11:00:00Z,2026-03-25,2026-03-25_48,0.0,0,0,100,92.23933672546585,92.23933672546585,0.0,0.0,0.0,True,True,True,False,0.0,1022.8209253953928,0.0,0.0,0.0,0.0,1022.8209253953928
2026-03-25T11:00:00Z,2026-03-25T11:15:00Z,2026-03-25,2026-03-25_49,0.0,100,100,0,92.23933672546585,100.32038914782609,0.022664759144237403,0.036000000000000004,8.826285714285714,True,True,True,False,0.0,0.0,65.78430987794829,90.27314469604805,3.248844236882384,88.00653080446496,247.31282961534367
2026-03-25T11:15:00Z,2026-03-25T11:30:00Z,2026-03-25,2026-03-25_50,0.0,100,100,0,100.32038914782609,110.41462914782609,0.028039555555555554,0.0,10.972,True,True,True,False,0.0,0.0,65.78430987794829,90.27314469604805,0.0,5.567597817982026,161.62505239197836
2026-03-25T11:30:00Z,2026-03-25T11:45:00Z,2026-03-25,2026-03-25_51,0.0,100,100,0,110.41462914782609,111.15338194285715,0.00533711525189786,0.5439999999999999,1.4457142857142855,True,True,True,False,0.0,0.0,65.78430987794829,90.27314469604805,52.37822691417134,-51.60310931954902,156.83257216861867
2026-03-25T11:45:00Z,2026-03-25T12:00:00Z,2026-03-25,2026-03-25_52,0.0,100,100,0,111.15338194285715,117.98135908571429,0.018966603174603174,0.0,7.421714285714286,True,True,True,False,0.0,0.0,65.78430987794829,90.27314469604805,0.0,5266.644303486632,5422.701758060629
2026-03-25T12:00:00Z,2026-03-25T12:15:00Z,2026-03-25,2026-03-25_53,0.0,66,66,34,117.98135908571429,127.59177371428572,0.026695596190476196,0.0,10.446102857142858,True,True,True,False,0.0,347.7591146344335,43.22338212785998,59.599701738550294,0.0,1047.053626753828,1497.6358252546718
2026-03-25T12:15:00Z,2026-03-25T12:30:00Z,2026-03-25,2026-03-25_54,0.0,66,66,34,127.59177371428572,131.21623725714286,0.010067954285714286,0.0,3.9396342857142854,True,True,True,False,0.0,347.7591146344335,43.22338212785998,59.599701738550294,0.0,-81.70864280500317,368.8735556958406
2026-03-25T12:30:00Z,2026-03-25T12:45:00Z,2026-03-25,2026-03-25_55,0.0,66,66,34,131.21623725714286,137.9533814857143,0.018714289523809526,0.0,7.322982857142858,True,True,True,False,0.0,347.7591146344335,43.22338212785998,59.599701738550294,0.0,131.64039529957898,582.2225938004227
2026-03-25T12:45:00Z,2026-03-25T13:00:00Z,2026-03-25,2026-03-25_56,0.0,66,66,34,137.9533814857143,145.61,0.021268384761904763,0.0,8.322411428571428,True,True,True,False,0.0,347.7591146344335,43.22338212785998,59.599701738550294,0.0,452.1018302107453,902.684028711589
2026-03-25T13:00:00Z,2026-03-25T13:15:00Z,2026-03-25,2026-03-25_57,-6.999999999999872,0,0,93,145.61,147.21999999999997,0.0044722222222221405,0.0,0.0,True,False,True,False,-19.00499999999965,951.2234606177152,0.0,0.0,0.0,0.0,932.2184606177156
2026-03-25T13:15:00Z,2026-03-25T13:30:00Z,2026-03-25,2026-03-25_58,5.924799999999892,0,0,93,147.21999999999997,145.61,0.0044722222222221405,0.0,0.0,True,False,True,False,77.60006799999859,951.2234606177152,0.0,0.0,0.0,0.0,1028.8235286177137
2026-03-25T13:30:00Z,2026-03-25T13:45:00Z,2026-03-25,2026-03-25_59,-6.999999999999872,0,0,93,145.61,147.21999999999997,0.0044722222222221405,0.0,0.0,True,False,True,False,-56.97999999999896,951.2234606177152,0.0,0.0,0.0,0.0,894.2434606177162
2026-03-25T13:45:00Z,2026-03-25T14:00:00Z,2026-03-25,2026-03-25_60,0.2403364571426177,0,0,93,147.21999999999997,147.15469118012425,0.00018141338854364258,0.0,0.0,True,False,True,False,5.911075163422682,951.2234606177152,0.0,0.0,0.0,0.0,957.1345357811379
2026-03-25T14:00:00Z,2026-03-25T14:15:00Z,2026-03-25,2026-03-25_61,0.0,0,100,0,147.15469118012425,163.22998260869568,0.044653587301587305,0.0,17.473142857142857,True,True,True,False,0.0,0.0,0.0,58.543620737019744,0.0,2245.982189306318,2304.525810043338
2026-03-25T14:15:00Z,2026-03-25T14:30:00Z,2026-03-25,2026-03-25_62,0.0,0,100,0,163.22998260869568,178.09192546583853,0.041283174603174606,0.0,16.154285714285713,True,True,True,False,0.0,0.0,0.0,58.543620737019744,0.0,1376.810352811899,1435.3539735489187
2026-03-25T14:30:00Z,2026-03-25T14:45:00Z,2026-03-25,2026-03-25_63,100.0,0,100,0,178.09192546583853,170.888198757764,0.020010351966873702,0.0,18.37257142857143,True,True,True,False,3478.0,0.0,0.0,58.543620737019744,0.0,2467.423148003835,6003.966768740855
2026-03-25T14:45:00Z,2026-03-25T15:00:00Z,2026-03-25,2026-03-25_64,100.0,0,100,0,170.888198757764,144.00000000000003,0.07468944099378881,0.0,0.2628571428571429,True,True,True,False,4662.5,0.0,0.0,58.543620737019744,0.0,-14.249485611127621,4706.794135125892
2026-03-25T15:00:00Z,2026-03-25T15:15:00Z,2026-03-25,2026-03-25_65,0.0,0,0,100,144.00000000000003,144.00000000000003,0.0,0.0,0.0,True,True,True,False,0.0,1022.8209253953928,0.0,0.0,0.0,0.0,1022.8209253953928
2026-03-25T15:15:00Z,2026-03-25T15:30:00Z,2026-03-25,2026-03-25_66,0.0,0,0,100,144.00000000000003,144.00000000000003,0.0,0.0,0.0,True,True,True,False,0.0,1022.8209253953928,0.0,0.0,0.0,0.0,1022.8209253953928
2026-03-25T15:30:00Z,2026-03-25T15:45:00Z,2026-03-25,2026-03-25_67,0.0,0,0,100,144.00000000000003,144.00000000000003,0.0,0.0,0.0,True,True,True,False,0.0,1022.8209253953928,0.0,0.0,0.0,0.0,1022.8209253953928
2026-03-25T15:45:00Z,2026-03-25T16:00:00Z,2026-03-25,2026-03-25_68,0.0,0,0,100,144.00000000000003,144.00000000000003,0.0,0.0,0.0,True,True,True,False,0.0,1022.8209253953928,0.0,0.0,0.0,0.0,1022.8209253953928
2026-03-25T16:00:00Z,2026-03-25T16:15:00Z,2026-03-25,2026-03-25_69,0.0,0,0,100,144.00000000000003,144.00000000000003,0.0,0.0,0.0,True,True,True,False,0.0,1022.8209253953928,0.0,0.0,0.0,0.0,1022.8209253953928
2026-03-25T16:15:00Z,2026-03-25T16:30:00Z,2026-03-25,2026-03-25_70,0.0,0,0,100,144.00000000000003,144.00000000000003,0.0,0.0,0.0,True,True,True,False,0.0,1022.8209253953928,0.0,0.0,0.0,0.0,1022.8209253953928
2026-03-25T16:30:00Z,2026-03-25T16:45:00Z,2026-03-25,2026-03-25_71,0.0,0,0,100,144.00000000000003,144.00000000000003,0.0,0.0,0.0,True,True,True,False,0.0,1022.8209253953928,0.0,0.0,0.0,0.0,1022.8209253953928
2026-03-25T16:45:00Z,2026-03-25T17:00:00Z,2026-03-25,2026-03-25_72,0.0,0,0,100,144.00000000000003,144.00000000000003,0.0,0.0,0.0,True,True,True,False,0.0,1022.8209253953928,0.0,0.0,0.0,0.0,1022.8209253953928
2026-03-25T17:00:00Z,2026-03-25T17:15:00Z,2026-03-25,2026-03-25_73,0.0,0,0,100,144.00000000000003,144.00000000000003,0.0,0.0,0.0,True,True,True,False,0.0,1022.8209253953928,0.0,0.0,0.0,0.0,1022.8209253953928
2026-03-25T17:15:00Z,2026-03-25T17:30:00Z,2026-03-25,2026-03-25_74,0.0,0,0,100,144.00000000000003,144.00000000000003,0.0,0.0,0.0,True,True,True,False,0.0,1022.8209253953928,0.0,0.0,0.0,0.0,1022.8209253953928
2026-03-25T17:30:00Z,2026-03-25T17:45:00Z,2026-03-25,2026-03-25_75,0.0,0,0,100,144.00000000000003,144.00000000000003,0.0,0.0,0.0,True,True,True,False,0.0,1022.8209253953928,0.0,0.0,0.0,0.0,1022.8209253953928
2026-03-25T17:45:00Z,2026-03-25T18:00:00Z,2026-03-25,2026-03-25_76,0.0,0,0,100,144.00000000000003,144.00000000000003,0.0,0.0,0.0,True,True,True,False,0.0,1022.8209253953928,0.0,0.0,0.0,0.0,1022.8209253953928
2026-03-25T18:00:00Z,2026-03-25T18:15:00Z,2026-03-25,2026-03-25_77,3.0000000000000284,0,3,97,144.00000000000003,143.18679503105594,0.002258902691511409,0.0,0.0018514285714285714,True,True,True,False,138.9375000000013,992.136297633531,0.0,1.4507868607982417,0.0,-0.1816479505738169,1132.3429365437567
2026-03-25T18:15:00Z,2026-03-25T18:30:00Z,2026-03-25,2026-03-25_78,3.0000000000000284,0,3,97,143.18679503105594,142.372248447205,0.0022626293995859424,0.0,0.0006171428571428571,True,True,True,False,132.45750000000126,992.136297633531,0.0,1.4507868607982417,0.0,-0.06054931685793897,1125.9840351774726
2026-03-25T18:30:00Z,2026-03-25T18:45:00Z,2026-03-25,2026-03-25_79,3.0000000000000284,0,3,97,142.372248447205,141.56008695652176,0.0022560041407867705,0.0,0.0028114285714285715,True,True,True,False,124.29000000000117,992.136297633531,0.0,1.4507868607982417,0.0,-0.27583577679727755,1117.601248717533
2026-03-25T18:45:00Z,2026-03-25T19:00:00Z,2026-03-25,2026-03-25_80,3.0000000000000284,0,3,97,141.56008695652176,140.75295652173912,0.002242028985507268,0.0,0.00744,True,True,True,False,154.06500000000145,992.136297633531,0.0,1.4507868607982417,0.0,-0.7299556532318199,1146.9221288410988
2026-03-25T19:00:00Z,2026-03-25T19:15:00Z,2026-03-25,2026-03-25_81,100.0,0,100,0,140.75295652173912,115.24612422360248,0.07085231193926846,0.0,1.5337142857142858,True,True,True,False,5015.5,0.0,0.0,49.65464463718065,0.0,-148.39186800248928,4916.762776634691
2026-03-25T19:15:00Z,2026-03-25T19:30:00Z,2026-03-25,2026-03-25_82,100.0,0,100,0,115.24612422360248,89.19581366459627,0.07236197377501725,0.0,1.0337142857142858,True,True,True,False,4190.5,0.0,0.0,49.65464463718065,0.0,-100.69130085722136,4139.463343779959
2026-03-25T19:30:00Z,2026-03-25T19:45:00Z,2026-03-25,2026-03-25_83,99.99999999999994,0,100,0,89.19581366459627,74.05109316770188,0.0420686680469289,0.0,11.066857142857144,True,True,True,False,4575.249999999997,0.0,0.0,49.65464463718065,0.0,-112.62300246121762,4512.28164217596
2026-03-25T19:45:00Z,2026-03-25T20:00:00Z,2026-03-25,2026-03-25_84,100.0,0,100,0,74.05109316770188,59.5405341614907,0.0403071083505866,0.0,11.650285714285715,True,True,True,False,4126.5,0.0,0.0,49.65464463718065,0.0,-178.3274179640853,3997.8272266730955
2026-03-25T20:00:00Z,2026-03-25T20:15:00Z,2026-03-25,2026-03-25_85,100.0,0,100,0,59.5405341614907,34.41009937888201,0.06980676328502415,0.0,1.8800000000000001,True,True,True,False,4782.0,0.0,0.0,49.65464463718065,0.0,-69.47943173344846,4762.175212903732
2026-03-25T20:15:00Z,2026-03-25T20:30:00Z,2026-03-25,2026-03-25_86,99.05692215152737,0,100,0,34.41009937888201,10.000000000000032,0.0679171914379123,0.0,2.3102857142857145,True,True,True,False,3894.6705366926776,0.0,0.0,49.65464463718065,0.0,-115.5990593551498,3828.7261219747083
2026-03-25T20:30:00Z,2026-03-25T20:45:00Z,2026-03-25,2026-03-25_87,0.0,0,100,0,10.000000000000032,12.91929142857146,0.008109142857142856,0.0,3.173142857142857,True,True,True,False,0.0,0.0,0.0,49.65464463718065,0.0,-159.8937233905375,-110.23907875335685
2026-03-25T20:45:00Z,2026-03-25T21:00:00Z,2026-03-25,2026-03-25_88,0.0,0,100,0,12.91929142857146,29.82153142857146,0.046950666666666675,0.0,18.372000000000003,True,True,True,False,0.0,0.0,0.0,49.65464463718065,0.0,915.798884659158,965.4535292963387
2026-03-25T21:00:00Z,2026-03-25T21:15:00Z,2026-03-25,2026-03-25_89,60.0,40,100,0,29.82153142857146,22.63987021118016,0.03823106528640441,0.0,8.942285714285713,True,True,True,False,2214.0,0.0,42.0666378870531,49.65464463718065,0.0,-25.943191846025332,2279.7780906782086
2026-03-25T21:15:00Z,2026-03-25T21:30:00Z,2026-03-25,2026-03-25_90,59.268135440292845,40,100,0,22.63987021118016,9.999999999999961,0.042191422752663306,0.0,3.4011428571428572,True,True,True,False,2160.7680478144766,0.0,42.0666378870531,49.65464463718065,0.0,-136.22257211255447,2116.266758226156
2026-03-25T21:30:00Z,2026-03-25T21:45:00Z,2026-03-25,2026-03-25_91,4.87375917842841,40,100,0,9.999999999999961,10.000000000000028,0.006984621583218749,0.008228571428571427,1.4365714285714284,True,True,True,False,161.41890398954894,0.0,42.0666378870531,49.65464463718065,1.1302539146815274,-74.40054225277098,179.86989817569324
2026-03-25T21:45:00Z,2026-03-25T22:00:00Z,2026-03-25,2026-03-25_92,19.284474980179162,40,100,0,10.000000000000028,10.00000000000003,0.022704175357099135,0.0,5.503428571428572,True,True,True,False,573.2310187858257,0.0,42.0666378870531,49.65464463718065,0.0,9.482674597879654,674.434975907939
2026-03-25T22:00:00Z,2026-03-25T22:15:00Z,2026-03-26,2026-03-25_93,-3.3733735737668043e-14,100,100,0,10.00000000000003,22.46836571428575,0.034634349206349224,0.0,13.552571428571428,True,True,True,False,-1.038577389023455e-12,0.0,103.36198775317946,47.456429580781915,0.0,400.26527050669534,551.0836878406557
2026-03-25T22:15:00Z,2026-03-25T22:30:00Z,2026-03-26,2026-03-25_94,0.0,100,100,0,22.46836571428575,30.214240000000032,0.021516317460317458,0.0,8.41942857142857,True,True,True,False,0.0,0.0,103.36198775317946,47.456429580781915,0.0,-51.947239755063585,98.8711775788978
2026-03-25T22:30:00Z,2026-03-25T22:45:00Z,2026-03-26,2026-03-25_95,0.0,100,100,0,30.214240000000032,32.10681739130438,0.005371031055900621,0.018857142857142857,2.079428571428571,True,True,True,False,0.0,0.0,103.36198775317946,47.456429580781915,2.4897372316802366,-79.30290525536638,74.00524931027523
2026-03-25T22:45:00Z,2026-03-25T23:00:00Z,2026-03-26,2026-03-25_96,0.0,100,100,0,32.10681739130438,39.475754534161524,0.02046926984126984,0.0,8.009714285714285,True,True,True,False,0.0,0.0,103.36198775317946,47.456429580781915,0.0,67.90147567458447,218.71989300854585
2026-03-25T23:00:00Z,2026-03-25T23:15:00Z,2026-03-26,2026-03-26_1,-46.0,46,0,54,39.475754534161524,49.739926419875815,0.028511588571428572,0.3432914285714286,0.0,True,True,True,False,-1228.2,552.4317004239283,47.546514366462546,0.0,51.58116762891685,0.0,-576.6406175806924
2026-03-25T23:15:00Z,2026-03-25T23:30:00Z,2026-03-26,2026-03-26_2,-46.0,46,0,54,49.739926419875815,59.299168019875815,0.02655344888888889,1.10952,0.0,True,True,True,False,-1179.325,552.4317004239283,47.546514366462546,0.0,185.4177945360339,0.0,-393.9289906735753
2026-03-25T23:30:00Z,2026-03-25T23:45:00Z,2026-03-26,2026-03-26_3,-46.0,46,0,54,59.299168019875815,69.84168459130439,0.029284768253968255,0.04074285714285714,0.0,True,True,True,False,-1174.035,552.4317004239283,47.546514366462546,0.0,5.298210674472333,0.0,-568.7585745351369
2026-03-25T23:45:00Z,2026-03-26T00:00:00Z,2026-03-26,2026-03-26_4,-46.0,46,0,54,69.84168459130439,80.25385556273295,0.028922697142857147,0.1824228571428571,0.0,True,True,True,False,-1153.795,552.4317004239283,47.546514366462546,0.0,26.437494372294363,0.0,-527.3792908373149
2026-03-26T00:00:00Z,2026-03-26T00:15:00Z,2026-03-26,2026-03-26_5,0.0,0,0,100,80.25385556273295,80.25385556273295,0.0,0.0,0.0,True,True,True,False,0.0,1023.0216674517192,0.0,0.0,0.0,0.0,1023.0216674517192
2026-03-26T00:15:00Z,2026-03-26T00:30:00Z,2026-03-26,2026-03-26_6,0.0,0,0,100,80.25385556273295,80.25385556273295,0.0,0.0,0.0,True,True,True,False,0.0,1023.0216674517192,0.0,0.0,0.0,0.0,1023.0216674517192
2026-03-26T00:30:00Z,2026-03-26T00:45:00Z,2026-03-26,2026-03-26_7,0.0,0,0,100,80.25385556273295,80.25385556273295,0.0,0.0,0.0,True,True,True,False,0.0,1023.0216674517192,0.0,0.0,0.0,0.0,1023.0216674517192
2026-03-26T00:45:00Z,2026-03-26T01:00:00Z,2026-03-26,2026-03-26_8,0.0,0,0,100,80.25385556273295,80.25385556273295,0.0,0.0,0.0,True,True,True,False,0.0,1023.0216674517192,0.0,0.0,0.0,0.0,1023.0216674517192
2026-03-26T01:00:00Z,2026-03-26T01:15:00Z,2026-03-26,2026-03-26_9,0.0,0,0,100,80.25385556273295,80.25385556273295,0.0,0.0,0.0,True,True,True,False,0.0,1023.0216674517192,0.0,0.0,0.0,0.0,1023.0216674517192
2026-03-26T01:15:00Z,2026-03-26T01:30:00Z,2026-03-26,2026-03-26_10,0.0,0,0,100,80.25385556273295,80.25385556273295,0.0,0.0,0.0,True,True,True,False,0.0,1023.0216674517192,0.0,0.0,0.0,0.0,1023.0216674517192
2026-03-26T01:30:00Z,2026-03-26T01:45:00Z,2026-03-26,2026-03-26_11,0.0,0,0,100,80.25385556273295,80.25385556273295,0.0,0.0,0.0,True,True,True,False,0.0,1023.0216674517192,0.0,0.0,0.0,0.0,1023.0216674517192
2026-03-26T01:45:00Z,2026-03-26T02:00:00Z,2026-03-26,2026-03-26_12,0.0,0,0,100,80.25385556273295,80.25385556273295,0.0,0.0,0.0,True,True,True,False,0.0,1023.0216674517192,0.0,0.0,0.0,0.0,1023.0216674517192
2026-03-26T02:00:00Z,2026-03-26T02:15:00Z,2026-03-26,2026-03-26_13,0.0,0,0,100,80.25385556273295,80.25385556273295,0.0,0.0,0.0,True,True,True,False,0.0,1023.0216674517192,0.0,0.0,0.0,0.0,1023.0216674517192
2026-03-26T02:15:00Z,2026-03-26T02:30:00Z,2026-03-26,2026-03-26_14,0.0,0,0,100,80.25385556273295,80.25385556273295,0.0,0.0,0.0,True,True,True,False,0.0,1023.0216674517192,0.0,0.0,0.0,0.0,1023.0216674517192
2026-03-26T02:30:00Z,2026-03-26T02:45:00Z,2026-03-26,2026-03-26_15,0.0,0,0,100,80.25385556273295,80.25385556273295,0.0,0.0,0.0,True,True,True,False,0.0,1023.0216674517192,0.0,0.0,0.0,0.0,1023.0216674517192
2026-03-26T02:45:00Z,2026-03-26T03:00:00Z,2026-03-26,2026-03-26_16,0.0,0,0,100,80.25385556273295,80.25385556273295,0.0,0.0,0.0,True,True,True,False,0.0,1023.0216674517192,0.0,0.0,0.0,0.0,1023.0216674517192
2026-03-26T03:00:00Z,2026-03-26T03:15:00Z,2026-03-26,2026-03-26_17,0.0,0,0,100,80.25385556273295,80.25385556273295,0.0,0.0,0.0,True,True,True,False,0.0,1023.0216674517192,0.0,0.0,0.0,0.0,1023.0216674517192
2026-03-26T03:15:00Z,2026-03-26T03:30:00Z,2026-03-26,2026-03-26_18,0.0,0,0,100,80.25385556273295,80.25385556273295,0.0,0.0,0.0,True,True,True,False,0.0,1023.0216674517192,0.0,0.0,0.0,0.0,1023.0216674517192
2026-03-26T03:30:00Z,2026-03-26T03:45:00Z,2026-03-26,2026-03-26_19,0.0,0,0,100,80.25385556273295,80.25385556273295,0.0,0.0,0.0,True,True,True,False,0.0,1023.0216674517192,0.0,0.0,0.0,0.0,1023.0216674517192
2026-03-26T03:45:00Z,2026-03-26T04:00:00Z,2026-03-26,2026-03-26_20,0.0,0,0,100,80.25385556273295,80.25385556273295,0.0,0.0,0.0,True,True,True,False,0.0,1023.0216674517192,0.0,0.0,0.0,0.0,1023.0216674517192
2026-03-26T04:00:00Z,2026-03-26T04:15:00Z,2026-03-26,2026-03-26_21,0.0,0,0,100,80.25385556273295,80.25385556273295,0.0,0.0,0.0,True,True,True,False,0.0,1023.0216674517192,0.0,0.0,0.0,0.0,1023.0216674517192
2026-03-26T04:15:00Z,2026-03-26T04:30:00Z,2026-03-26,2026-03-26_22,0.0,0,0,100,80.25385556273295,80.25385556273295,0.0,0.0,0.0,True,True,True,False,0.0,1023.0216674517192,0.0,0.0,0.0,0.0,1023.0216674517192
2026-03-26T04:30:00Z,2026-03-26T04:45:00Z,2026-03-26,2026-03-26_23,0.0,0,0,100,80.25385556273295,80.25385556273295,0.0,0.0,0.0,True,True,True,False,0.0,1023.0216674517192,0.0,0.0,0.0,0.0,1023.0216674517192
2026-03-26T04:45:00Z,2026-03-26T05:00:00Z,2026-03-26,2026-03-26_24,0.0,0,0,100,80.25385556273295,80.25385556273295,0.0,0.0,0.0,True,True,True,False,0.0,1023.0216674517192,0.0,0.0,0.0,0.0,1023.0216674517192
2026-03-26T05:00:00Z,2026-03-26T05:15:00Z,2026-03-26,2026-03-26_25,0.0,0,0,100,80.25385556273295,80.25385556273295,0.0,0.0,0.0,True,True,True,False,0.0,1023.0216674517192,0.0,0.0,0.0,0.0,1023.0216674517192
2026-03-26T05:15:00Z,2026-03-26T05:30:00Z,2026-03-26,2026-03-26_26,0.0,0,0,100,80.25385556273295,80.25385556273295,0.0,0.0,0.0,True,True,True,False,0.0,1023.0216674517192,0.0,0.0,0.0,0.0,1023.0216674517192
2026-03-26T05:30:00Z,2026-03-26T05:45:00Z,2026-03-26,2026-03-26_27,0.0,0,0,100,80.25385556273295,80.25385556273295,0.0,0.0,0.0,True,True,True,False,0.0,1023.0216674517192,0.0,0.0,0.0,0.0,1023.0216674517192
2026-03-26T05:45:00Z,2026-03-26T06:00:00Z,2026-03-26,2026-03-26_28,0.0,0,0,100,80.25385556273295,80.25385556273295,0.0,0.0,0.0,True,True,True,False,0.0,1023.0216674517192,0.0,0.0,0.0,0.0,1023.0216674517192
2026-03-26T06:00:00Z,2026-03-26T06:15:00Z,2026-03-26,2026-03-26_29,0.0,100,0,0,80.25385556273295,70.33894873043482,0.02754140786749482,9.121714285714285,0.0,True,True,True,False,0.0,0.0,86.34597268016957,0.0,4367.949857344727,0.0,4454.2958300248965
2026-03-26T06:15:00Z,2026-03-26T06:30:00Z,2026-03-26,2026-03-26_30,0.0,100,0,0,70.33894873043482,55.44888661863358,0.04136128364389234,13.698857142857143,0.0,True,True,True,False,0.0,0.0,86.34597268016957,0.0,5714.2263908889045,0.0,5800.572363569074
2026-03-26T06:30:00Z,2026-03-26T06:45:00Z,2026-03-26,2026-03-26_31,0.0,100,0,0,55.44888661863358,53.20106053167706,0.006243961352657005,2.068,0.0,True,True,True,False,0.0,0.0,86.34597268016957,0.0,387.31815198618307,0.0,473.6641246663526
2026-03-26T06:45:00Z,2026-03-26T07:00:00Z,2026-03-26,2026-03-26_32,-100.0,100,0,0,53.20106053167706,55.123597674534196,0.005340380952380948,22.910285714285717,0.0,True,True,True,False,-3003.25,0.0,86.34597268016957,0.0,26791.544951214593,0.0,23874.640923894764
2026-03-26T07:00:00Z,2026-03-26T07:15:00Z,2026-03-26,2026-03-26_33,100.00000000000001,0,0,0,55.123597674534196,27.94968463105593,0.07548309178743963,0.0,0.0,True,False,True,False,3925.0000000000005,0.0,0.0,0.0,0.0,0.0,3925.0000000000005
2026-03-26T07:15:00Z,2026-03-26T07:30:00Z,2026-03-26,2026-03-26_34,66.05483944228584,0,0,0,27.94968463105593,9.999999999999996,0.04986023508626648,0.0,0.0,True,False,True,False,2369.387090794793,0.0,0.0,0.0,0.0,0.0,2369.387090794793
2026-03-26T07:30:00Z,2026-03-26T07:45:00Z,2026-03-26,2026-03-26_35,-100.0,0,0,0,9.999999999999996,33.0,0.06388888888888888,0.0,0.0,True,False,True,False,-127.49999999999999,0.0,0.0,0.0,0.0,0.0,-127.49999999999999
2026-03-26T07:45:00Z,2026-03-26T08:00:00Z,2026-03-26,2026-03-26_36,-100.0,0,0,0,33.0,56.0,0.06388888888888888,0.0,0.0,True,False,True,False,-0.25,0.0,0.0,0.0,0.0,0.0,-0.25
2026-03-26T08:00:00Z,2026-03-26T08:15:00Z,2026-03-26,2026-03-26_37,0.0,0,0,84,56.0,56.0,0.0,0.0,0.0,True,False,True,False,0.0,859.338200659444,0.0,0.0,0.0,0.0,859.338200659444
2026-03-26T08:15:00Z,2026-03-26T08:30:00Z,2026-03-26,2026-03-26_38,-16.0,0,0,84,56.0,59.68,0.010222222222222223,0.0,0.0,True,False,True,False,-20.4,859.338200659444,0.0,0.0,0.0,0.0,838.9382006594441
2026-03-26T08:30:00Z,2026-03-26T08:45:00Z,2026-03-26,2026-03-26_39,-16.0,0,0,84,59.68,63.36,0.010222222222222223,0.0,0.0,True,False,True,False,-0.04,859.338200659444,0.0,0.0,0.0,0.0,859.2982006594441
2026-03-26T08:45:00Z,2026-03-26T09:00:00Z,2026-03-26,2026-03-26_40,-16.0,0,0,84,63.36,67.04,0.010222222222222223,0.0,0.0,True,False,True,False,-0.04,859.338200659444,0.0,0.0,0.0,0.0,859.2982006594441
2026-03-26T09:00:00Z,2026-03-26T09:15:00Z,2026-03-26,2026-03-26_41,-7.0,7,0,93,67.04,68.636936,0.004435933333333334,0.0142,0.0,True,True,True,False,-0.0175,951.4101507300987,4.698539802166745,0.0,1.0723825953838908,0.0,957.1635731276493
2026-03-26T09:15:00Z,2026-03-26T09:30:00Z,2026-03-26,2026-03-26_42,-7.0,7,0,93,68.636936,70.2363744,0.004442884444444445,0.01148,0.0,True,True,True,False,-0.0175,951.4101507300987,4.698539802166745,0.0,0.7897637070183704,0.0,956.8809542392838
2026-03-26T09:30:00Z,2026-03-26T09:45:00Z,2026-03-26,2026-03-26_43,-7.0,7,0,93,70.2363744,71.84269440000001,0.004462,0.004,0.0,True,True,True,False,-0.0175,951.4101507300987,4.698539802166745,0.0,0.23551577955723033,0.0,956.3267063118227
2026-03-26T09:45:00Z,2026-03-26T10:00:00Z,2026-03-26,2026-03-26_44,-7.0,7,0,93,71.84269440000001,73.45067040000002,0.0044666,0.0021999999999999997,0.0,True,True,True,False,-0.0,951.4101507300987,4.698539802166745,0.0,0.1727115716753022,0.0,956.2814021039408
2026-03-26T10:00:00Z,2026-03-26T10:15:00Z,2026-03-26,2026-03-26_45,-7.0,7,0,93,73.45067040000002,75.06022880000002,0.004470995555555557,0.00047999999999999996,0.0,True,True,True,False,-0.0,951.4101507300987,4.70060056523787,0.0,0.04239566650965614,0.0,956.1531469618462
2026-03-26T10:15:00Z,2026-03-26T10:30:00Z,2026-03-26,2026-03-26_46,-7.0,7,0,93,75.06022880000002,76.57241440000001,0.004200515555555556,0.10632,0.0,True,True,True,False,-0.0,951.4101507300987,4.70060056523787,0.0,13.86199792746114,0.0,969.9727492227978
2026-03-26T10:30:00Z,2026-03-26T10:45:00Z,2026-03-26,2026-03-26_47,-7.0,7,0,93,76.57241440000001,78.18241440000001,0.004472222222222222,0.0,0.0,True,True,True,False,-0.0175,951.4101507300987,4.70060056523787,0.0,0.0,0.0,956.0932512953366
2026-03-26T10:45:00Z,2026-03-26T11:00:00Z,2026-03-26,2026-03-26_48,-7.0,7,0,93,78.18241440000001,79.79035360000002,0.004466497777777778,0.0022400000000000002,0.0,True,True,True,False,-0.0175,951.4101507300987,4.70060056523787,0.0,0.1978464437117287,0.0,956.2910977390484
2026-03-26T11:00:00Z,2026-03-26T11:15:00Z,2026-03-26,2026-03-26_49,-15.0,100,85,0,79.79035360000002,83.13143598509318,0.01016363464458247,0.172,0.08014285714285714,True,True,True,False,-2.4375,0.0,63.26542628356099,74.72032501177578,15.920599780185272,-5.822908956328645,145.6459421191934
2026-03-26T11:15:00Z,2026-03-26T11:30:00Z,2026-03-26,2026-03-26_50,-15.0,100,85,0,83.13143598509318,86.00438505341616,0.010843077984817118,0.5577142857142857,0.016514285714285717,True,True,True,False,-13.3125,0.0,63.26542628356099,74.72032501177578,56.955225085795036,-1.0265842922190076,180.6018920889128
2026-03-26T11:30:00Z,2026-03-26T11:45:00Z,2026-03-26,2026-03-26_51,-15.0,100,85,0,86.00438505341616,84.07781998509319,0.020861163285024152,5.106857142857143,0.05051428571428571,True,True,True,False,-19.125,0.0,63.26542628356099,74.72032501177578,721.4879008815019,-2.7725157122670074,837.5761364645716
2026-03-26T11:45:00Z,2026-03-26T12:00:00Z,2026-03-26,2026-03-26_52,-10.493840364840025,100,85,0,84.07781998509319,73.21572571428575,0.03692316159814412,12.413714285714287,0.0,True,True,True,False,-20.121938899580748,0.0,63.26542628356099,74.72032501177578,3372.1122001659824,0.0,3489.9760125617386
2026-03-26T12:00:00Z,2026-03-26T12:15:00Z,2026-03-26,2026-03-26_53,-100.0,100,0,0,73.21572571428575,94.52397714285718,0.059189587301587306,1.8388571428571427,0.0,True,True,True,False,-16.25,0.0,63.55982100800754,0.0,243.41470829688444,0.0,290.724529304892
2026-03-26T12:15:00Z,2026-03-26T12:30:00Z,2026-03-26,2026-03-26_54,-100.0,100,0,0,94.52397714285718,100.12073142857146,0.015546539682539688,18.916571428571427,0.0,True,True,True,False,-16.0,0.0,63.55982100800754,0.0,16249.395001682251,0.0,16296.954822690259
2026-03-26T12:30:00Z,2026-03-26T12:45:00Z,2026-03-26,2026-03-26_55,-100.0,100,0,0,100.12073142857146,119.4565028571429,0.05371047619047619,3.9828571428571427,0.0,True,True,True,False,-121.75,0.0,63.55982100800754,0.0,655.83943207052,0.0,597.6492530785276
2026-03-26T12:45:00Z,2026-03-26T13:00:00Z,2026-03-26,2026-03-26_56,-100.0,100,0,0,119.4565028571429,140.78000000000003,0.059231936507936504,1.8222857142857145,0.0,True,True,True,False,-127.75000000000001,0.0,63.55982100800754,0.0,240.75544445192116,0.0,176.5652654599287
2026-03-26T13:00:00Z,2026-03-26T13:15:00Z,2026-03-26,2026-03-26_57,-7.0,0,0,93,140.78000000000003,142.39000000000004,0.004472222222222223,0.0,0.0,True,False,True,False,-0.0175,951.4101507300987,0.0,0.0,0.0,0.0,951.3926507300987
2026-03-26T13:15:00Z,2026-03-26T13:30:00Z,2026-03-26,2026-03-26_58,-7.0,0,0,93,142.39000000000004,144.00000000000006,0.004472222222222223,0.0,0.0,True,False,True,False,-0.0175,951.4101507300987,0.0,0.0,0.0,0.0,951.3926507300987
2026-03-26T13:30:00Z,2026-03-26T13:45:00Z,2026-03-26,2026-03-26_59,-7.0,0,0,93,144.00000000000006,145.61000000000007,0.004472222222222223,0.0,0.0,True,False,True,False,-0.0175,951.4101507300987,0.0,0.0,0.0,0.0,951.3926507300987
2026-03-26T13:45:00Z,2026-03-26T14:00:00Z,2026-03-26,2026-03-26_60,-7.0,0,0,93,145.61000000000007,147.22000000000008,0.004472222222222223,0.0,0.0,True,False,True,False,-0.0175,951.4101507300987,0.0,0.0,0.0,0.0,951.3926507300987
2026-03-26T14:00:00Z,2026-03-26T14:15:00Z,2026-03-26,2026-03-26_61,-100.0,0,0,0,147.22000000000008,170.22000000000008,0.06388888888888888,0.0,0.0,True,False,True,False,-127.75000000000001,0.0,0.0,0.0,0.0,0.0,-127.75000000000001
2026-03-26T14:15:00Z,2026-03-26T14:30:00Z,2026-03-26,2026-03-26_62,-86.0,0,0,0,170.22000000000008,190.00000000000009,0.05494444444444445,0.0,0.0,True,False,True,False,-181.45999999999998,0.0,0.0,0.0,0.0,0.0,-181.45999999999998
2026-03-26T14:30:00Z,2026-03-26T14:45:00Z,2026-03-26,2026-03-26_63,-7.723290606088045e-15,0,0,0,190.00000000000009,190.00000000000009,4.934324553889585e-18,0.0,0.0,True,False,True,False,-1.3890338155049348e-13,0.0,0.0,0.0,0.0,0.0,-1.3890338155049348e-13
2026-03-26T14:45:00Z,2026-03-26T15:00:00Z,2026-03-26,2026-03-26_64,70.74681117751472,0,0,0,190.00000000000009,170.77532304958848,0.053401880417810015,0.0,0.0,True,False,True,False,2217.7356633871427,0.0,0.0,0.0,0.0,0.0,2217.7356633871427
2026-03-26T15:00:00Z,2026-03-26T15:15:00Z,2026-03-26,2026-03-26_65,-100.0,100,0,0,170.77532304958848,189.99018019244562,0.05337460317460318,4.114285714285714,0.0,True,True,True,False,-1021.25,0.0,107.57183231276495,0.0,1875.1919790054499,0.0,961.5138113182148
2026-03-26T15:15:00Z,2026-03-26T15:30:00Z,2026-03-26,2026-03-26_66,-9.293025751848731,100,0,0,189.99018019244562,190.00000000000006,0.010903976191182137,1.9857142857142858,0.0,True,True,True,False,-255.53497561146045,0.0,107.57183231276495,0.0,372.24114572819235,0.0,224.27800242949684
2026-03-26T15:30:00Z,2026-03-26T15:45:00Z,2026-03-26,2026-03-26_67,0.0,100,0,0,190.00000000000006,189.60496894409943,0.0010973084886128364,0.36342857142857143,0.0,True,True,True,False,0.0,0.0,107.57183231276495,0.0,65.55195208936141,0.0,173.12378440212638
2026-03-26T15:45:00Z,2026-03-26T16:00:00Z,2026-03-26,2026-03-26_68,0.0,100,0,0,189.60496894409943,189.6037267080746,3.450655624568668e-06,0.001142857142857143,0.0,True,True,True,False,0.0,0.0,107.57183231276495,0.0,0.20187066819191174,0.0,107.77370298095687
2026-03-26T16:00:00Z,2026-03-26T16:15:00Z,2026-03-26,2026-03-26_69,100.0,0,100,0,189.6037267080746,177.83291925465844,0.032696687370600414,0.0,14.170857142857143,True,True,True,False,3348.5,0.0,0.0,47.48586905322656,0.0,177.64189578987506,3573.6277648431014
2026-03-26T16:15:00Z,2026-03-26T16:30:00Z,2026-03-26,2026-03-26_70,100.0,0,100,0,177.83291925465844,161.11987577639758,0.046425120772946867,0.0,9.623999999999999,True,True,True,False,4189.25,0.0,0.0,47.48586905322656,0.0,-18.656038624587847,4218.079830428639
2026-03-26T16:30:00Z,2026-03-26T16:45:00Z,2026-03-26,2026-03-26_71,100.0,0,100,0,161.11987577639758,138.14782608695657,0.06381124913733609,0.0,3.8657142857142857,True,True,True,False,4392.0,0.0,0.0,47.48586905322656,0.0,-157.3158771280533,4282.169991925173
2026-03-26T16:45:00Z,2026-03-26T17:00:00Z,2026-03-26,2026-03-26_72,100.0,0,100,0,138.14782608695657,116.23354037267086,0.06087301587301588,0.0,4.838857142857143,True,True,True,False,3548.7499999999995,0.0,0.0,47.48586905322656,0.0,-130.3049754390687,3465.9308936141574
2026-03-26T17:00:00Z,2026-03-26T17:15:00Z,2026-03-26,2026-03-26_73,100.0,0,100,0,116.23354037267086,108.91677018633546,0.020324361628709455,0.0,18.268571428571427,True,True,True,False,3517.0,0.0,0.0,47.25035327366933,0.0,1288.0683814458425,4852.318734719512
2026-03-26T17:15:00Z,2026-03-26T17:30:00Z,2026-03-26,2026-03-26_74,100.0,0,100,0,108.91677018633546,95.29130434782614,0.037848516218081434,0.0,12.464571428571428,True,True,True,False,3189.5,0.0,0.0,47.25035327366933,0.0,3.287875647668394,3240.0382289213376
2026-03-26T17:30:00Z,2026-03-26T17:45:00Z,2026-03-26,2026-03-26_75,67.90806462102512,0,100,0,95.29130434782614,82.54285714285722,0.0444674953369954,0.0,5.5205714285714285,True,True,True,False,2245.210386532643,0.0,0.0,47.25035327366933,0.0,-258.9853565260301,2033.4753832802824
2026-03-26T17:45:00Z,2026-03-26T18:00:00Z,2026-03-26,2026-03-26_76,100.0,0,100,0,82.54285714285722,64.34782608695659,0.05054175293305728,0.0,8.260571428571428,True,True,True,False,3598.25,0.0,0.0,47.25035327366933,0.0,-171.1160056523787,3474.3843476212905
2026-03-26T18:00:00Z,2026-03-26T18:15:00Z,2026-03-26,2026-03-26_77,0.0,0,0,100,64.34782608695659,64.34782608695659,0.0,0.0,0.0,True,True,True,False,0.0,1023.0216674517192,0.0,0.0,0.0,0.0,1023.0216674517192
2026-03-26T18:15:00Z,2026-03-26T18:30:00Z,2026-03-26,2026-03-26_78,0.0,0,0,100,64.34782608695659,64.34782608695659,0.0,0.0,0.0,True,True,True,False,0.0,1023.0216674517192,0.0,0.0,0.0,0.0,1023.0216674517192
2026-03-26T18:30:00Z,2026-03-26T18:45:00Z,2026-03-26,2026-03-26_79,0.0,0,0,100,64.34782608695659,64.34782608695659,0.0,0.0,0.0,True,True,True,False,0.0,1023.0216674517192,0.0,0.0,0.0,0.0,1023.0216674517192
2026-03-26T18:45:00Z,2026-03-26T19:00:00Z,2026-03-26,2026-03-26_80,0.0,0,0,100,64.34782608695659,64.34782608695659,0.0,0.0,0.0,True,True,True,False,0.0,1023.0216674517192,0.0,0.0,0.0,0.0,1023.0216674517192
2026-03-26T19:00:00Z,2026-03-26T19:15:00Z,2026-03-26,2026-03-26_81,0.0,0,0,100,64.34782608695659,64.34782608695659,0.0,0.0,0.0,True,True,True,False,0.0,1023.0216674517192,0.0,0.0,0.0,0.0,1023.0216674517192
2026-03-26T19:15:00Z,2026-03-26T19:30:00Z,2026-03-26,2026-03-26_82,0.0,0,0,100,64.34782608695659,64.34782608695659,0.0,0.0,0.0,True,True,True,False,0.0,1023.0216674517192,0.0,0.0,0.0,0.0,1023.0216674517192
2026-03-26T19:30:00Z,2026-03-26T19:45:00Z,2026-03-26,2026-03-26_83,0.0,0,0,100,64.34782608695659,64.34782608695659,0.0,0.0,0.0,True,True,True,False,0.0,1023.0216674517192,0.0,0.0,0.0,0.0,1023.0216674517192
2026-03-26T19:45:00Z,2026-03-26T20:00:00Z,2026-03-26,2026-03-26_84,0.0,0,0,100,64.34782608695659,64.34782608695659,0.0,0.0,0.0,True,True,True,False,0.0,1023.0216674517192,0.0,0.0,0.0,0.0,1023.0216674517192
2026-03-26T20:00:00Z,2026-03-26T20:15:00Z,2026-03-26,2026-03-26_85,0.0,0,0,100,64.34782608695659,64.34782608695659,0.0,0.0,0.0,True,True,True,False,0.0,1023.0216674517192,0.0,0.0,0.0,0.0,1023.0216674517192
2026-03-26T20:15:00Z,2026-03-26T20:30:00Z,2026-03-26,2026-03-26_86,0.0,0,0,100,64.34782608695659,64.34782608695659,0.0,0.0,0.0,True,True,True,False,0.0,1023.0216674517192,0.0,0.0,0.0,0.0,1023.0216674517192
2026-03-26T20:30:00Z,2026-03-26T20:45:00Z,2026-03-26,2026-03-26_87,0.0,0,0,100,64.34782608695659,64.34782608695659,0.0,0.0,0.0,True,True,True,False,0.0,1023.0216674517192,0.0,0.0,0.0,0.0,1023.0216674517192
2026-03-26T20:45:00Z,2026-03-26T21:00:00Z,2026-03-26,2026-03-26_88,0.0,0,0,100,64.34782608695659,64.34782608695659,0.0,0.0,0.0,True,True,True,False,0.0,1023.0216674517192,0.0,0.0,0.0,0.0,1023.0216674517192
2026-03-26T21:00:00Z,2026-03-26T21:15:00Z,2026-03-26,2026-03-26_89,0.0,0,0,100,64.34782608695659,64.34782608695659,0.0,0.0,0.0,True,True,True,False,0.0,1023.0216674517192,0.0,0.0,0.0,0.0,1023.0216674517192
2026-03-26T21:15:00Z,2026-03-26T21:30:00Z,2026-03-26,2026-03-26_90,0.0,0,0,100,64.34782608695659,64.34782608695659,0.0,0.0,0.0,True,True,True,False,0.0,1023.0216674517192,0.0,0.0,0.0,0.0,1023.0216674517192
2026-03-26T21:30:00Z,2026-03-26T21:45:00Z,2026-03-26,2026-03-26_91,0.0,0,0,100,64.34782608695659,64.34782608695659,0.0,0.0,0.0,True,True,True,False,0.0,1023.0216674517192,0.0,0.0,0.0,0.0,1023.0216674517192
2026-03-26T21:45:00Z,2026-03-26T22:00:00Z,2026-03-26,2026-03-26_92,0.0,0,0,100,64.34782608695659,64.34782608695659,0.0,0.0,0.0,True,True,True,False,0.0,1023.0216674517192,0.0,0.0,0.0,0.0,1023.0216674517192
2026-03-26T22:00:00Z,2026-03-26T22:15:00Z,2026-03-27,2026-03-26_93,-3.707179490922261e-13,0,0,100,64.34782608695659,64.34782608695667,2.3684757858670006e-16,0.0,0.0,True,True,True,False,-1.1470013344913477e-11,1023.0015897003121,0.0,0.0,0.0,0.0,1023.0015897003007
2026-03-26T22:15:00Z,2026-03-26T22:30:00Z,2026-03-27,2026-03-26_94,1.9898392204706048e-13,0,0,100,64.34782608695667,64.34782608695662,1.5019921652102995e-16,0.0,0.0,True,True,True,False,5.693427469571518e-12,1023.0015897003121,0.0,0.0,0.0,0.0,1023.0015897003178
2026-03-26T22:30:00Z,2026-03-26T22:45:00Z,2026-03-27,2026-03-26_95,1.9895196601282805e-13,0,0,100,64.34782608695662,64.34782608695656,1.5017509511837866e-16,0.0,0.0,True,True,True,False,5.792486490463488e-12,1023.0015897003121,0.0,0.0,0.0,0.0,1023.0015897003179
2026-03-26T22:45:00Z,2026-03-26T23:00:00Z,2026-03-27,2026-03-26_96,1.9895196601282805e-13,0,0,100,64.34782608695656,64.3478260869565,1.5017509511837866e-16,0.0,0.0,True,True,True,False,5.327436269908503e-12,1023.0015897003121,0.0,0.0,0.0,0.0,1023.0015897003175
2026-03-26T23:00:00Z,2026-03-26T23:15:00Z,2026-03-27,2026-03-27_1,0.0,0,0,100,64.3478260869565,64.3478260869565,0.0,0.0,0.0,True,True,True,False,0.0,1023.0015897003121,0.0,0.0,0.0,0.0,1023.0015897003121
2026-03-26T23:15:00Z,2026-03-26T23:30:00Z,2026-03-27,2026-03-27_2,0.0,0,0,100,64.3478260869565,64.3478260869565,0.0,0.0,0.0,True,True,True,False,0.0,1023.0015897003121,0.0,0.0,0.0,0.0,1023.0015897003121
2026-03-26T23:30:00Z,2026-03-26T23:45:00Z,2026-03-27,2026-03-27_3,0.0,0,0,100,64.3478260869565,64.3478260869565,0.0,0.0,0.0,True,True,True,False,0.0,1023.0015897003121,0.0,0.0,0.0,0.0,1023.0015897003121
2026-03-26T23:45:00Z,2026-03-27T00:00:00Z,2026-03-27,2026-03-27_4,0.0,0,0,100,64.3478260869565,64.3478260869565,0.0,0.0,0.0,True,True,True,False,0.0,1023.0015897003121,0.0,0.0,0.0,0.0,1023.0015897003121
2026-03-27T00:00:00Z,2026-03-27T00:15:00Z,2026-03-27,2026-03-27_5,0.0,0,0,100,64.3478260869565,64.3478260869565,0.0,0.0,0.0,True,True,True,False,0.0,1023.0015897003121,0.0,0.0,0.0,0.0,1023.0015897003121
2026-03-27T00:15:00Z,2026-03-27T00:30:00Z,2026-03-27,2026-03-27_6,0.0,0,0,100,64.3478260869565,64.3478260869565,0.0,0.0,0.0,True,True,True,False,0.0,1023.0015897003121,0.0,0.0,0.0,0.0,1023.0015897003121
2026-03-27T00:30:00Z,2026-03-27T00:45:00Z,2026-03-27,2026-03-27_7,0.0,0,0,100,64.3478260869565,64.3478260869565,0.0,0.0,0.0,True,True,True,False,0.0,1023.0015897003121,0.0,0.0,0.0,0.0,1023.0015897003121
2026-03-27T00:45:00Z,2026-03-27T01:00:00Z,2026-03-27,2026-03-27_8,0.0,0,0,100,64.3478260869565,64.3478260869565,0.0,0.0,0.0,True,True,True,False,0.0,1023.0015897003121,0.0,0.0,0.0,0.0,1023.0015897003121
2026-03-27T01:00:00Z,2026-03-27T01:15:00Z,2026-03-27,2026-03-27_9,0.0,0,0,100,64.3478260869565,64.3478260869565,0.0,0.0,0.0,True,True,True,False,0.0,1023.0015897003121,0.0,0.0,0.0,0.0,1023.0015897003121
2026-03-27T01:15:00Z,2026-03-27T01:30:00Z,2026-03-27,2026-03-27_10,0.0,0,0,100,64.3478260869565,64.3478260869565,0.0,0.0,0.0,True,True,True,False,0.0,1023.0015897003121,0.0,0.0,0.0,0.0,1023.0015897003121
2026-03-27T01:30:00Z,2026-03-27T01:45:00Z,2026-03-27,2026-03-27_11,0.0,0,0,100,64.3478260869565,64.3478260869565,0.0,0.0,0.0,True,True,True,False,0.0,1023.0015897003121,0.0,0.0,0.0,0.0,1023.0015897003121
2026-03-27T01:45:00Z,2026-03-27T02:00:00Z,2026-03-27,2026-03-27_12,0.0,0,0,100,64.3478260869565,64.3478260869565,0.0,0.0,0.0,True,True,True,False,0.0,1023.0015897003121,0.0,0.0,0.0,0.0,1023.0015897003121
2026-03-27T02:00:00Z,2026-03-27T02:15:00Z,2026-03-27,2026-03-27_13,0.0,0,0,100,64.3478260869565,64.3478260869565,0.0,0.0,0.0,True,True,True,False,0.0,1023.0015897003121,0.0,0.0,0.0,0.0,1023.0015897003121
2026-03-27T02:15:00Z,2026-03-27T02:30:00Z,2026-03-27,2026-03-27_14,0.0,0,0,100,64.3478260869565,64.3478260869565,0.0,0.0,0.0,True,True,True,False,0.0,1023.0015897003121,0.0,0.0,0.0,0.0,1023.0015897003121
2026-03-27T02:30:00Z,2026-03-27T02:45:00Z,2026-03-27,2026-03-27_15,0.0,0,0,100,64.3478260869565,64.3478260869565,0.0,0.0,0.0,True,True,True,False,0.0,1023.0015897003121,0.0,0.0,0.0,0.0,1023.0015897003121
2026-03-27T02:45:00Z,2026-03-27T03:00:00Z,2026-03-27,2026-03-27_16,0.0,0,0,100,64.3478260869565,64.3478260869565,0.0,0.0,0.0,True,True,True,False,0.0,1023.0015897003121,0.0,0.0,0.0,0.0,1023.0015897003121
2026-03-27T03:00:00Z,2026-03-27T03:15:00Z,2026-03-27,2026-03-27_17,0.0,0,0,100,64.3478260869565,64.3478260869565,0.0,0.0,0.0,True,True,True,False,0.0,1023.0015897003121,0.0,0.0,0.0,0.0,1023.0015897003121
2026-03-27T03:15:00Z,2026-03-27T03:30:00Z,2026-03-27,2026-03-27_18,0.0,0,0,100,64.3478260869565,64.3478260869565,0.0,0.0,0.0,True,True,True,False,0.0,1023.0015897003121,0.0,0.0,0.0,0.0,1023.0015897003121
2026-03-27T03:30:00Z,2026-03-27T03:45:00Z,2026-03-27,2026-03-27_19,0.0,0,0,100,64.3478260869565,64.3478260869565,0.0,0.0,0.0,True,True,True,False,0.0,1023.0015897003121,0.0,0.0,0.0,0.0,1023.0015897003121
2026-03-27T03:45:00Z,2026-03-27T04:00:00Z,2026-03-27,2026-03-27_20,0.0,0,0,100,64.3478260869565,64.3478260869565,0.0,0.0,0.0,True,True,True,False,0.0,1023.0015897003121,0.0,0.0,0.0,0.0,1023.0015897003121
2026-03-27T04:00:00Z,2026-03-27T04:15:00Z,2026-03-27,2026-03-27_21,0.0,0,0,100,64.3478260869565,64.3478260869565,0.0,0.0,0.0,True,True,True,False,0.0,1023.0015897003121,0.0,0.0,0.0,0.0,1023.0015897003121
2026-03-27T04:15:00Z,2026-03-27T04:30:00Z,2026-03-27,2026-03-27_22,0.0,0,0,100,64.3478260869565,64.3478260869565,0.0,0.0,0.0,True,True,True,False,0.0,1023.0015897003121,0.0,0.0,0.0,0.0,1023.0015897003121
2026-03-27T04:30:00Z,2026-03-27T04:45:00Z,2026-03-27,2026-03-27_23,0.0,0,0,100,64.3478260869565,64.3478260869565,0.0,0.0,0.0,True,True,True,False,0.0,1023.0015897003121,0.0,0.0,0.0,0.0,1023.0015897003121
2026-03-27T04:45:00Z,2026-03-27T05:00:00Z,2026-03-27,2026-03-27_24,0.0,0,0,100,64.3478260869565,64.3478260869565,0.0,0.0,0.0,True,True,True,False,0.0,1023.0015897003121,0.0,0.0,0.0,0.0,1023.0015897003121
2026-03-27T05:00:00Z,2026-03-27T05:15:00Z,2026-03-27,2026-03-27_25,0.0,0,0,100,64.3478260869565,64.3478260869565,0.0,0.0,0.0,True,True,True,False,0.0,1023.0015897003121,0.0,0.0,0.0,0.0,1023.0015897003121
2026-03-27T05:15:00Z,2026-03-27T05:30:00Z,2026-03-27,2026-03-27_26,0.0,0,0,100,64.3478260869565,64.3478260869565,0.0,0.0,0.0,True,True,True,False,0.0,1023.0015897003121,0.0,0.0,0.0,0.0,1023.0015897003121
2026-03-27T05:30:00Z,2026-03-27T05:45:00Z,2026-03-27,2026-03-27_27,0.0,0,0,100,64.3478260869565,64.3478260869565,0.0,0.0,0.0,True,True,True,False,0.0,1023.0015897003121,0.0,0.0,0.0,0.0,1023.0015897003121
2026-03-27T05:45:00Z,2026-03-27T06:00:00Z,2026-03-27,2026-03-27_28,0.0,0,0,100,64.3478260869565,64.3478260869565,0.0,0.0,0.0,True,True,True,False,0.0,1023.0015897003121,0.0,0.0,0.0,0.0,1023.0015897003121
2026-03-27T06:00:00Z,2026-03-27T06:15:00Z,2026-03-27,2026-03-27_29,0.0,0,0,100,64.3478260869565,64.3478260869565,0.0,0.0,0.0,True,False,True,False,0.0,1023.0015897003121,0.0,0.0,0.0,0.0,1023.0015897003121
2026-03-27T06:15:00Z,2026-03-27T06:30:00Z,2026-03-27,2026-03-27_30,0.0,0,0,100,64.3478260869565,64.3478260869565,0.0,0.0,0.0,True,False,True,False,0.0,1023.0015897003121,0.0,0.0,0.0,0.0,1023.0015897003121
2026-03-27T06:30:00Z,2026-03-27T06:45:00Z,2026-03-27,2026-03-27_31,0.0,0,0,100,64.3478260869565,64.3478260869565,0.0,0.0,0.0,True,False,True,False,0.0,1023.0015897003121,0.0,0.0,0.0,0.0,1023.0015897003121
2026-03-27T06:45:00Z,2026-03-27T07:00:00Z,2026-03-27,2026-03-27_32,0.0,0,0,100,64.3478260869565,64.3478260869565,0.0,0.0,0.0,True,False,True,False,0.0,1023.0015897003121,0.0,0.0,0.0,0.0,1023.0015897003121
2026-03-27T07:00:00Z,2026-03-27T07:15:00Z,2026-03-27,2026-03-27_33,0.0,0,0,100,64.3478260869565,64.3478260869565,0.0,0.0,0.0,True,False,True,False,0.0,1023.0015897003121,0.0,0.0,0.0,0.0,1023.0015897003121
2026-03-27T07:15:00Z,2026-03-27T07:30:00Z,2026-03-27,2026-03-27_34,0.0,0,0,100,64.3478260869565,64.3478260869565,0.0,0.0,0.0,True,False,True,False,0.0,1023.0015897003121,0.0,0.0,0.0,0.0,1023.0015897003121
2026-03-27T07:30:00Z,2026-03-27T07:45:00Z,2026-03-27,2026-03-27_35,0.0,0,0,100,64.3478260869565,64.3478260869565,0.0,0.0,0.0,True,False,True,False,0.0,1023.0015897003121,0.0,0.0,0.0,0.0,1023.0015897003121
2026-03-27T07:45:00Z,2026-03-27T08:00:00Z,2026-03-27,2026-03-27_36,0.0,0,0,100,64.3478260869565,64.3478260869565,0.0,0.0,0.0,True,False,True,False,0.0,1023.0015897003121,0.0,0.0,0.0,0.0,1023.0015897003121
2026-03-27T08:00:00Z,2026-03-27T08:15:00Z,2026-03-27,2026-03-27_37,0.0,0,0,100,64.3478260869565,64.3478260869565,0.0,0.0,0.0,True,True,True,False,0.0,1023.0015897003121,0.0,0.0,0.0,0.0,1023.0015897003121
2026-03-27T08:15:00Z,2026-03-27T08:30:00Z,2026-03-27,2026-03-27_38,0.0,0,0,100,64.3478260869565,64.3478260869565,0.0,0.0,0.0,True,True,True,False,0.0,1023.0015897003121,0.0,0.0,0.0,0.0,1023.0015897003121
2026-03-27T08:30:00Z,2026-03-27T08:45:00Z,2026-03-27,2026-03-27_39,0.0,0,0,100,64.3478260869565,64.3478260869565,0.0,0.0,0.0,True,True,True,False,0.0,1023.0015897003121,0.0,0.0,0.0,0.0,1023.0015897003121
2026-03-27T08:45:00Z,2026-03-27T09:00:00Z,2026-03-27,2026-03-27_40,0.0,0,0,100,64.3478260869565,64.3478260869565,0.0,0.0,0.0,True,True,True,False,0.0,1023.0015897003121,0.0,0.0,0.0,0.0,1023.0015897003121
2026-03-27T09:00:00Z,2026-03-27T09:15:00Z,2026-03-27,2026-03-27_41,0.0,0,0,100,64.3478260869565,64.3478260869565,0.0,0.0,0.0,True,True,True,False,0.0,1023.0015897003121,0.0,0.0,0.0,0.0,1023.0015897003121
2026-03-27T09:15:00Z,2026-03-27T09:30:00Z,2026-03-27,2026-03-27_42,0.0,0,0,100,64.3478260869565,64.3478260869565,0.0,0.0,0.0,True,True,True,False,0.0,1023.0015897003121,0.0,0.0,0.0,0.0,1023.0015897003121
2026-03-27T09:30:00Z,2026-03-27T09:45:00Z,2026-03-27,2026-03-27_43,0.0,0,0,100,64.3478260869565,64.3478260869565,0.0,0.0,0.0,True,True,True,False,0.0,1023.0015897003121,0.0,0.0,0.0,0.0,1023.0015897003121
2026-03-27T09:45:00Z,2026-03-27T10:00:00Z,2026-03-27,2026-03-27_44,0.0,0,0,100,64.3478260869565,64.3478260869565,0.0,0.0,0.0,True,True,True,False,0.0,1023.0015897003121,0.0,0.0,0.0,0.0,1023.0015897003121
2026-03-27T10:00:00Z,2026-03-27T10:15:00Z,2026-03-27,2026-03-27_45,0.0,0,0,100,64.3478260869565,64.3478260869565,0.0,0.0,0.0,True,True,True,False,0.0,1023.0015897003121,0.0,0.0,0.0,0.0,1023.0015897003121
2026-03-27T10:15:00Z,2026-03-27T10:30:00Z,2026-03-27,2026-03-27_46,0.0,0,0,100,64.3478260869565,64.3478260869565,0.0,0.0,0.0,True,True,True,False,0.0,1023.0015897003121,0.0,0.0,0.0,0.0,1023.0015897003121
2026-03-27T10:30:00Z,2026-03-27T10:45:00Z,2026-03-27,2026-03-27_47,0.0,0,0,100,64.3478260869565,64.3478260869565,0.0,0.0,0.0,True,True,True,False,0.0,1023.0015897003121,0.0,0.0,0.0,0.0,1023.0015897003121
2026-03-27T10:45:00Z,2026-03-27T11:00:00Z,2026-03-27,2026-03-27_48,0.0,0,0,100,64.3478260869565,64.3478260869565,0.0,0.0,0.0,True,True,True,False,0.0,1023.0015897003121,0.0,0.0,0.0,0.0,1023.0015897003121
2026-03-27T11:00:00Z,2026-03-27T11:15:00Z,2026-03-27,2026-03-27_49,0.0,0,0,100,64.3478260869565,64.3478260869565,0.0,0.0,0.0,True,True,True,False,0.0,1023.0015897003121,0.0,0.0,0.0,0.0,1023.0015897003121
2026-03-27T11:15:00Z,2026-03-27T11:30:00Z,2026-03-27,2026-03-27_50,0.0,0,0,100,64.3478260869565,64.3478260869565,0.0,0.0,0.0,True,True,True,False,0.0,1023.0015897003121,0.0,0.0,0.0,0.0,1023.0015897003121
2026-03-27T11:30:00Z,2026-03-27T11:45:00Z,2026-03-27,2026-03-27_51,0.0,0,0,100,64.3478260869565,64.3478260869565,0.0,0.0,0.0,True,True,True,False,0.0,1023.0015897003121,0.0,0.0,0.0,0.0,1023.0015897003121
2026-03-27T11:45:00Z,2026-03-27T12:00:00Z,2026-03-27,2026-03-27_52,0.0,0,0,100,64.3478260869565,64.3478260869565,0.0,0.0,0.0,True,True,True,False,0.0,1023.0015897003121,0.0,0.0,0.0,0.0,1023.0015897003121
2026-03-27T12:00:00Z,2026-03-27T12:15:00Z,2026-03-27,2026-03-27_53,0.0,0,0,100,64.3478260869565,64.3478260869565,0.0,0.0,0.0,True,True,True,False,0.0,1023.0015897003121,0.0,0.0,0.0,0.0,1023.0015897003121
2026-03-27T12:15:00Z,2026-03-27T12:30:00Z,2026-03-27,2026-03-27_54,0.0,0,0,100,64.3478260869565,64.3478260869565,0.0,0.0,0.0,True,True,True,False,0.0,1023.0015897003121,0.0,0.0,0.0,0.0,1023.0015897003121
2026-03-27T12:30:00Z,2026-03-27T12:45:00Z,2026-03-27,2026-03-27_55,0.0,0,0,100,64.3478260869565,64.3478260869565,0.0,0.0,0.0,True,True,True,False,0.0,1023.0015897003121,0.0,0.0,0.0,0.0,1023.0015897003121
2026-03-27T12:45:00Z,2026-03-27T13:00:00Z,2026-03-27,2026-03-27_56,0.0,0,0,100,64.3478260869565,64.3478260869565,0.0,0.0,0.0,True,True,True,False,0.0,1023.0015897003121,0.0,0.0,0.0,0.0,1023.0015897003121
2026-03-27T13:00:00Z,2026-03-27T13:15:00Z,2026-03-27,2026-03-27_57,0.0,0,0,100,64.3478260869565,64.3478260869565,0.0,0.0,0.0,True,True,True,False,0.0,1023.0015897003121,0.0,0.0,0.0,0.0,1023.0015897003121
2026-03-27T13:15:00Z,2026-03-27T13:30:00Z,2026-03-27,2026-03-27_58,0.0,0,0,100,64.3478260869565,64.3478260869565,0.0,0.0,0.0,True,True,True,False,0.0,1023.0015897003121,0.0,0.0,0.0,0.0,1023.0015897003121
2026-03-27T13:30:00Z,2026-03-27T13:45:00Z,2026-03-27,2026-03-27_59,0.0,0,0,100,64.3478260869565,64.3478260869565,0.0,0.0,0.0,True,True,True,False,0.0,1023.0015897003121,0.0,0.0,0.0,0.0,1023.0015897003121
2026-03-27T13:45:00Z,2026-03-27T14:00:00Z,2026-03-27,2026-03-27_60,0.0,0,0,100,64.3478260869565,64.3478260869565,0.0,0.0,0.0,True,True,True,False,0.0,1023.0015897003121,0.0,0.0,0.0,0.0,1023.0015897003121
2026-03-27T14:00:00Z,2026-03-27T14:15:00Z,2026-03-27,2026-03-27_61,-100.0,100,0,0,64.3478260869565,73.45530037267079,0.025298539682539686,15.100571428571428,0.0,True,True,True,False,-2307.0,0.0,79.9265990226287,0.0,6273.0363332034285,0.0,4045.962932226057
2026-03-27T14:15:00Z,2026-03-27T14:30:00Z,2026-03-27,2026-03-27_62,-100.0,100,0,0,73.45530037267079,87.86933465838507,0.04003898412698413,9.332571428571429,0.0,True,True,True,False,-2373.75,0.0,79.9265990226287,0.0,2072.1759313204607,0.0,-221.64746965691063
2026-03-27T14:30:00Z,2026-03-27T14:45:00Z,2026-03-27,2026-03-27_63,-100.0,100,0,0,87.86933465838507,96.69082037267079,0.024504126984126982,15.411428571428571,0.0,True,True,True,False,-2601.25,0.0,79.9265990226287,0.0,5944.507976258233,0.0,3423.1845752808613
2026-03-27T14:45:00Z,2026-03-27T15:00:00Z,2026-03-27,2026-03-27_64,0.0,100,0,0,96.69082037267079,81.08647254658383,0.043345410628019325,14.356,0.0,True,True,True,False,0.0,0.0,79.9265990226287,0.0,10835.366600592703,0.0,10915.293199615331
2026-03-27T15:00:00Z,2026-03-27T15:15:00Z,2026-03-27,2026-03-27_65,0.0,100,100,0,81.08647254658383,93.52862409937887,0.0359279917184265,0.22628571428571428,13.791428571428572,True,True,True,False,0.0,0.0,107.12813769552332,46.4251368908602,37.799524603906676,392.6820548909219,584.0348540812121
2026-03-27T15:15:00Z,2026-03-27T15:30:00Z,2026-03-27,2026-03-27_66,0.0,100,100,0,93.52862409937887,94.93487999999999,0.012463892339544515,1.417142857142857,3.2028571428571433,True,True,True,False,0.0,0.0,107.12813769552332,46.4251368908602,249.03922326177346,-136.68700286818947,265.9054949799675
2026-03-27T15:30:00Z,2026-03-27T15:45:00Z,2026-03-27,2026-03-27_67,0.0,100,100,0,94.93487999999999,91.82556322981365,0.008636991028295377,2.8605714285714288,0.0,True,True,True,False,0.0,0.0,107.12813769552332,46.4251368908602,487.41435619941075,0.0,640.9676307857943
2026-03-27T15:45:00Z,2026-03-27T16:00:00Z,2026-03-27,2026-03-27_68,0.0,100,100,0,91.82556322981365,79.7212154037267,0.0336231884057971,11.136,0.0,True,True,True,False,0.0,0.0,107.12813769552332,46.4251368908602,2769.155788275469,0.0,2922.7090628618525
2026-03-27T16:00:00Z,2026-03-27T16:15:00Z,2026-03-27,2026-03-27_69,0.0,0,0,100,79.7212154037267,79.7212154037267,0.0,0.0,0.0,True,True,True,False,0.0,1023.0015897003121,0.0,0.0,0.0,0.0,1023.0015897003121
2026-03-27T16:15:00Z,2026-03-27T16:30:00Z,2026-03-27,2026-03-27_70,0.0,0,0,100,79.7212154037267,79.7212154037267,0.0,0.0,0.0,True,True,True,False,0.0,1023.0015897003121,0.0,0.0,0.0,0.0,1023.0015897003121
2026-03-27T16:30:00Z,2026-03-27T16:45:00Z,2026-03-27,2026-03-27_71,0.0,0,0,100,79.7212154037267,79.7212154037267,0.0,0.0,0.0,True,True,True,False,0.0,1023.0015897003121,0.0,0.0,0.0,0.0,1023.0015897003121
2026-03-27T16:45:00Z,2026-03-27T17:00:00Z,2026-03-27,2026-03-27_72,0.0,0,0,100,79.7212154037267,79.7212154037267,0.0,0.0,0.0,True,True,True,False,0.0,1023.0015897003121,0.0,0.0,0.0,0.0,1023.0015897003121
2026-03-27T17:00:00Z,2026-03-27T17:15:00Z,2026-03-27,2026-03-27_73,0.0,0,0,100,79.7212154037267,79.7212154037267,0.0,0.0,0.0,True,False,True,False,0.0,1023.0015897003121,0.0,0.0,0.0,0.0,1023.0015897003121
2026-03-27T17:15:00Z,2026-03-27T17:30:00Z,2026-03-27,2026-03-27_74,0.0,0,0,100,79.7212154037267,79.7212154037267,0.0,0.0,0.0,True,False,True,False,0.0,1023.0015897003121,0.0,0.0,0.0,0.0,1023.0015897003121
2026-03-27T17:30:00Z,2026-03-27T17:45:00Z,2026-03-27,2026-03-27_75,0.0,0,0,100,79.7212154037267,79.7212154037267,0.0,0.0,0.0,True,False,True,False,0.0,1023.0015897003121,0.0,0.0,0.0,0.0,1023.0015897003121
2026-03-27T17:45:00Z,2026-03-27T18:00:00Z,2026-03-27,2026-03-27_76,0.0,0,0,100,79.7212154037267,79.7212154037267,0.0,0.0,0.0,True,False,True,False,0.0,1023.0015897003121,0.0,0.0,0.0,0.0,1023.0015897003121
2026-03-27T18:00:00Z,2026-03-27T18:15:00Z,2026-03-27,2026-03-27_77,0.0,0,0,100,79.7212154037267,79.7212154037267,0.0,0.0,0.0,True,False,True,False,0.0,1023.0015897003121,0.0,0.0,0.0,0.0,1023.0015897003121
2026-03-27T18:15:00Z,2026-03-27T18:30:00Z,2026-03-27,2026-03-27_78,0.0,0,0,100,79.7212154037267,79.7212154037267,0.0,0.0,0.0,True,False,True,False,0.0,1023.0015897003121,0.0,0.0,0.0,0.0,1023.0015897003121
2026-03-27T18:30:00Z,2026-03-27T18:45:00Z,2026-03-27,2026-03-27_79,0.0,0,0,100,79.7212154037267,79.7212154037267,0.0,0.0,0.0,True,False,True,False,0.0,1023.0015897003121,0.0,0.0,0.0,0.0,1023.0015897003121
2026-03-27T18:45:00Z,2026-03-27T19:00:00Z,2026-03-27,2026-03-27_80,0.0,0,0,100,79.7212154037267,79.7212154037267,0.0,0.0,0.0,True,False,True,False,0.0,1023.0015897003121,0.0,0.0,0.0,0.0,1023.0015897003121
2026-03-27T19:00:00Z,2026-03-27T19:15:00Z,2026-03-27,2026-03-27_81,0.0,0,0,100,79.7212154037267,79.7212154037267,0.0,0.0,0.0,True,False,True,False,0.0,1023.0015897003121,0.0,0.0,0.0,0.0,1023.0015897003121
2026-03-27T19:15:00Z,2026-03-27T19:30:00Z,2026-03-27,2026-03-27_82,0.0,0,0,100,79.7212154037267,79.7212154037267,0.0,0.0,0.0,True,False,True,False,0.0,1023.0015897003121,0.0,0.0,0.0,0.0,1023.0015897003121
2026-03-27T19:30:00Z,2026-03-27T19:45:00Z,2026-03-27,2026-03-27_83,0.0,0,0,100,79.7212154037267,79.7212154037267,0.0,0.0,0.0,True,False,True,False,0.0,1023.0015897003121,0.0,0.0,0.0,0.0,1023.0015897003121
2026-03-27T19:45:00Z,2026-03-27T20:00:00Z,2026-03-27,2026-03-27_84,0.0,0,0,100,79.7212154037267,79.7212154037267,0.0,0.0,0.0,True,False,True,False,0.0,1023.0015897003121,0.0,0.0,0.0,0.0,1023.0015897003121
2026-03-27T20:00:00Z,2026-03-27T20:15:00Z,2026-03-27,2026-03-27_85,0.0,0,0,100,79.7212154037267,79.7212154037267,0.0,0.0,0.0,True,True,True,False,0.0,1023.0015897003121,0.0,0.0,0.0,0.0,1023.0015897003121
2026-03-27T20:15:00Z,2026-03-27T20:30:00Z,2026-03-27,2026-03-27_86,0.0,0,0,100,79.7212154037267,79.7212154037267,0.0,0.0,0.0,True,True,True,False,0.0,1023.0015897003121,0.0,0.0,0.0,0.0,1023.0015897003121
2026-03-27T20:30:00Z,2026-03-27T20:45:00Z,2026-03-27,2026-03-27_87,0.0,0,0,100,79.7212154037267,79.7212154037267,0.0,0.0,0.0,True,True,True,False,0.0,1023.0015897003121,0.0,0.0,0.0,0.0,1023.0015897003121
2026-03-27T20:45:00Z,2026-03-27T21:00:00Z,2026-03-27,2026-03-27_88,0.0,0,0,100,79.7212154037267,79.7212154037267,0.0,0.0,0.0,True,True,True,False,0.0,1023.0015897003121,0.0,0.0,0.0,0.0,1023.0015897003121
2026-03-27T21:00:00Z,2026-03-27T21:15:00Z,2026-03-27,2026-03-27_89,0.0,100,100,0,79.7212154037267,65.60279652173912,0.03966760800552105,13.063428571428574,0.08800000000000001,True,True,True,False,0.0,0.0,106.24497085549429,46.513453574863114,4238.898361010568,-4.615677977744196,4387.041107463181
2026-03-27T21:15:00Z,2026-03-27T21:30:00Z,2026-03-27,2026-03-27_90,0.0,100,100,0,65.60279652173912,50.43012571428571,0.04214630779848171,13.958857142857143,0.0,True,True,True,False,0.0,0.0,106.24497085549429,46.513453574863114,3509.954121753661,0.0,3662.7125461840187
2026-03-27T21:30:00Z,2026-03-27T21:45:00Z,2026-03-27,2026-03-27_91,0.0,100,100,0,50.43012571428571,43.65324621118012,0.01965704623878537,6.372571428571429,0.16285714285714284,True,True,True,False,0.0,0.0,106.24497085549429,46.513453574863114,1218.4014386367269,-8.342141637531507,1362.8177214295529
2026-03-27T21:45:00Z,2026-03-27T22:00:00Z,2026-03-27,2026-03-27_92,0.0,100,100,0,43.65324621118012,47.066183354037264,0.009480380952380952,0.0,3.7097142857142855,True,True,True,False,0.0,0.0,106.24497085549429,46.513453574863114,0.0,0.45504120043401336,153.2134656307914
2026-03-27T22:00:00Z,2026-03-27T22:15:00Z,2026-03-28,2026-03-27_93,17.000000000001364,83,100,0,47.066183354037264,47.173898991303986,0.020846449579020664,0.0,4.984571428571429,True,True,True,False,483.0125000000388,0.0,86.45731599694062,44.03718303229982,0.0,-114.8149414602577,498.6920575690216
2026-03-27T22:15:00Z,2026-03-27T22:30:00Z,2026-03-28,2026-03-27_94,17.000000000001364,83,100,0,47.173898991303986,48.70256274285642,0.023255432436163407,0.0,6.482857142857143,True,True,True,False,454.28250000003646,0.0,86.45731599694062,44.03718303229982,0.0,-11.297418872237959,573.479580157039
2026-03-27T22:30:00Z,2026-03-27T22:45:00Z,2026-03-28,2026-03-27_95,14.62852391107788,83,100,0,48.70256274285642,51.87211736645995,0.024205660464147044,0.0,7.565142857142858,True,True,True,False,384.9130354102367,0.0,86.45731599694062,44.03718303229982,0.0,290.35692147353734,805.7644559130144
2026-03-27T22:45:00Z,2026-03-27T23:00:00Z,2026-03-28,2026-03-27_96,17.000000000001364,83,100,0,51.87211736645995,64.34782608695652,0.04181433926846066,0.0,18.025714285714287,True,True,True,False,417.60500000003356,0.0,86.45731599694062,44.03718303229982,0.0,652.0379966212525,1200.1374956505265
2026-03-27T23:00:00Z,2026-03-27T23:15:00Z,2026-03-28,2026-03-28_1,0.0,0,0,100,64.34782608695652,64.34782608695652,0.0,0.0,0.0,True,True,True,False,0.0,1022.2392186856505,0.0,0.0,0.0,0.0,1022.2392186856505
2026-03-27T23:15:00Z,2026-03-27T23:30:00Z,2026-03-28,2026-03-28_2,0.0,0,0,100,64.34782608695652,64.34782608695652,0.0,0.0,0.0,True,True,True,False,0.0,1022.2392186856505,0.0,0.0,0.0,0.0,1022.2392186856505
2026-03-27T23:30:00Z,2026-03-27T23:45:00Z,2026-03-28,2026-03-28_3,0.0,0,0,100,64.34782608695652,64.34782608695652,0.0,0.0,0.0,True,True,True,False,0.0,1022.2392186856505,0.0,0.0,0.0,0.0,1022.2392186856505
2026-03-27T23:45:00Z,2026-03-28T00:00:00Z,2026-03-28,2026-03-28_4,0.0,0,0,100,64.34782608695652,64.34782608695652,0.0,0.0,0.0,True,True,True,False,0.0,1022.2392186856505,0.0,0.0,0.0,0.0,1022.2392186856505
2026-03-28T00:00:00Z,2026-03-28T00:15:00Z,2026-03-28,2026-03-28_5,0.0,0,0,100,64.34782608695652,64.34782608695652,0.0,0.0,0.0,True,False,True,False,0.0,1022.2392186856505,0.0,0.0,0.0,0.0,1022.2392186856505
2026-03-28T00:15:00Z,2026-03-28T00:30:00Z,2026-03-28,2026-03-28_6,0.0,0,0,100,64.34782608695652,64.34782608695652,0.0,0.0,0.0,True,False,True,False,0.0,1022.2392186856505,0.0,0.0,0.0,0.0,1022.2392186856505
2026-03-28T00:30:00Z,2026-03-28T00:45:00Z,2026-03-28,2026-03-28_7,0.0,0,0,100,64.34782608695652,64.34782608695652,0.0,0.0,0.0,True,False,True,False,0.0,1022.2392186856505,0.0,0.0,0.0,0.0,1022.2392186856505
2026-03-28T00:45:00Z,2026-03-28T01:00:00Z,2026-03-28,2026-03-28_8,0.0,0,0,100,64.34782608695652,64.34782608695652,0.0,0.0,0.0,True,False,True,False,0.0,1022.2392186856505,0.0,0.0,0.0,0.0,1022.2392186856505
2026-03-28T01:00:00Z,2026-03-28T01:15:00Z,2026-03-28,2026-03-28_9,0.0,0,0,100,64.34782608695652,64.34782608695652,0.0,0.0,0.0,True,True,True,False,0.0,1022.2392186856505,0.0,0.0,0.0,0.0,1022.2392186856505
2026-03-28T01:15:00Z,2026-03-28T01:30:00Z,2026-03-28,2026-03-28_10,0.0,0,0,100,64.34782608695652,64.34782608695652,0.0,0.0,0.0,True,True,True,False,0.0,1022.2392186856505,0.0,0.0,0.0,0.0,1022.2392186856505
2026-03-28T01:30:00Z,2026-03-28T01:45:00Z,2026-03-28,2026-03-28_11,0.0,0,0,100,64.34782608695652,64.34782608695652,0.0,0.0,0.0,True,True,True,False,0.0,1022.2392186856505,0.0,0.0,0.0,0.0,1022.2392186856505
2026-03-28T01:45:00Z,2026-03-28T02:00:00Z,2026-03-28,2026-03-28_12,0.0,0,0,100,64.34782608695652,64.34782608695652,0.0,0.0,0.0,True,True,True,False,0.0,1022.2392186856505,0.0,0.0,0.0,0.0,1022.2392186856505
2026-03-28T02:00:00Z,2026-03-28T02:15:00Z,2026-03-28,2026-03-28_13,0.0,0,0,100,64.34782608695652,64.34782608695652,0.0,0.0,0.0,True,True,True,False,0.0,1022.2392186856505,0.0,0.0,0.0,0.0,1022.2392186856505
2026-03-28T02:15:00Z,2026-03-28T02:30:00Z,2026-03-28,2026-03-28_14,0.0,0,0,100,64.34782608695652,64.34782608695652,0.0,0.0,0.0,True,True,True,False,0.0,1022.2392186856505,0.0,0.0,0.0,0.0,1022.2392186856505
2026-03-28T02:30:00Z,2026-03-28T02:45:00Z,2026-03-28,2026-03-28_15,0.0,0,0,100,64.34782608695652,64.34782608695652,0.0,0.0,0.0,True,True,True,False,0.0,1022.2392186856505,0.0,0.0,0.0,0.0,1022.2392186856505
2026-03-28T02:45:00Z,2026-03-28T03:00:00Z,2026-03-28,2026-03-28_16,0.0,0,0,100,64.34782608695652,64.34782608695652,0.0,0.0,0.0,True,True,True,False,0.0,1022.2392186856505,0.0,0.0,0.0,0.0,1022.2392186856505
2026-03-28T03:00:00Z,2026-03-28T03:15:00Z,2026-03-28,2026-03-28_17,0.0,0,0,100,64.34782608695652,64.34782608695652,0.0,0.0,0.0,True,True,True,False,0.0,1022.2392186856505,0.0,0.0,0.0,0.0,1022.2392186856505
2026-03-28T03:15:00Z,2026-03-28T03:30:00Z,2026-03-28,2026-03-28_18,0.0,0,0,100,64.34782608695652,64.34782608695652,0.0,0.0,0.0,True,True,True,False,0.0,1022.2392186856505,0.0,0.0,0.0,0.0,1022.2392186856505
2026-03-28T03:30:00Z,2026-03-28T03:45:00Z,2026-03-28,2026-03-28_19,0.0,0,0,100,64.34782608695652,64.34782608695652,0.0,0.0,0.0,True,True,True,False,0.0,1022.2392186856505,0.0,0.0,0.0,0.0,1022.2392186856505
2026-03-28T03:45:00Z,2026-03-28T04:00:00Z,2026-03-28,2026-03-28_20,0.0,0,0,100,64.34782608695652,64.34782608695652,0.0,0.0,0.0,True,True,True,False,0.0,1022.2392186856505,0.0,0.0,0.0,0.0,1022.2392186856505
2026-03-28T04:00:00Z,2026-03-28T04:15:00Z,2026-03-28,2026-03-28_21,0.0,0,100,0,64.34782608695652,66.57107180124223,0.00617568253968254,0.0,2.416571428571429,True,True,True,False,0.0,0.0,0.0,44.03718303229982,0.0,-28.821989762899342,15.21519326940048
2026-03-28T04:15:00Z,2026-03-28T04:30:00Z,2026-03-28,2026-03-28_22,84.56775795209424,0,100,0,66.57107180124223,54.284479999999995,0.04207785917594691,0.0,10.077142857142858,True,True,True,False,1975.5028257609215,0.0,0.0,44.03718303229982,0.0,350.02315702771085,2369.563165820932
2026-03-28T04:30:00Z,2026-03-28T04:45:00Z,2026-03-28,2026-03-28_23,100.0,0,100,0,54.284479999999995,51.605598012422355,0.007441338854382336,0.0,22.53542857142857,True,True,True,False,2414.0,0.0,0.0,44.03718303229982,0.0,1883.6579443431194,4341.695127375419
2026-03-28T04:45:00Z,2026-03-28T05:00:00Z,2026-03-28,2026-03-28_24,100.0,0,100,0,51.605598012422355,49.068952049689436,0.007046238785369221,0.0,22.666285714285713,True,True,True,False,2515.25,0.0,0.0,44.03718303229982,0.0,1850.8377390968153,4410.1249221291155
2026-03-28T05:00:00Z,2026-03-28T05:15:00Z,2026-03-28,2026-03-28_25,0.0,100,100,0,49.068952049689436,62.887877763975155,0.03838590476190477,0.0,15.020571428571431,True,True,True,False,0.0,0.0,104.16544096016943,43.71359651703242,0.0,2785.894613335127,2933.773650812329
2026-03-28T05:15:00Z,2026-03-28T05:30:00Z,2026-03-28,2026-03-28_26,0.0,100,100,0,62.887877763975155,64.12015204968944,0.0034229841269841268,0.0,1.3394285714285712,True,True,True,False,0.0,0.0,104.16544096016943,43.71359651703242,0.0,-67.97039836161562,79.90863911558623
2026-03-28T05:30:00Z,2026-03-28T05:45:00Z,2026-03-28,2026-03-28_27,0.0,100,100,0,64.12015204968944,64.37212919254657,0.0010173968253968254,0.052571428571428575,0.33599999999999997,True,True,True,False,0.0,0.0,104.16544096016943,43.71359651703242,6.869556028094594,-17.803565335059126,136.94502817023732
2026-03-28T05:45:00Z,2026-03-28T06:00:00Z,2026-03-28,2026-03-28_28,0.0,100,100,0,64.37212919254657,64.3478260869565,0.0003741752933057281,0.07314285714285715,0.06,True,True,True,False,0.0,0.0,104.16544096016943,43.71359651703242,9.671178051028614,-4.068059069247513,153.48215645898296
2026-03-28T06:00:00Z,2026-03-28T06:15:00Z,2026-03-28,2026-03-28_29,0.0,0,0,100,64.3478260869565,64.3478260869565,0.0,0.0,0.0,True,True,True,False,0.0,1022.2392186856505,0.0,0.0,0.0,0.0,1022.2392186856505
2026-03-28T06:15:00Z,2026-03-28T06:30:00Z,2026-03-28,2026-03-28_30,0.0,0,0,100,64.3478260869565,64.3478260869565,0.0,0.0,0.0,True,True,True,False,0.0,1022.2392186856505,0.0,0.0,0.0,0.0,1022.2392186856505
2026-03-28T06:30:00Z,2026-03-28T06:45:00Z,2026-03-28,2026-03-28_31,0.0,0,0,100,64.3478260869565,64.3478260869565,0.0,0.0,0.0,True,True,True,False,0.0,1022.2392186856505,0.0,0.0,0.0,0.0,1022.2392186856505
2026-03-28T06:45:00Z,2026-03-28T07:00:00Z,2026-03-28,2026-03-28_32,0.0,0,0,100,64.3478260869565,64.3478260869565,0.0,0.0,0.0,True,True,True,False,0.0,1022.2392186856505,0.0,0.0,0.0,0.0,1022.2392186856505
2026-03-28T07:00:00Z,2026-03-28T07:15:00Z,2026-03-28,2026-03-28_33,0.0,100,0,0,64.3478260869565,46.39689440993787,0.04986369910282954,16.514857142857142,0.0,True,True,True,False,0.0,0.0,76.77825498617403,0.0,7338.612926987116,0.0,7415.39118197329
2026-03-28T07:15:00Z,2026-03-28T07:30:00Z,2026-03-28,2026-03-28_34,0.0,100,0,0,46.39689440993787,37.14720496894408,0.025693581780538297,8.509714285714285,0.0,True,True,True,False,0.0,0.0,76.77825498617403,0.0,1532.6263949100262,0.0,1609.4046498962002
2026-03-28T07:30:00Z,2026-03-28T07:45:00Z,2026-03-28,2026-03-28_35,-4.503985707366255,100,0,0,37.14720496894408,37.54347826086952,0.004517921560436825,0.5925714285714285,0.0,True,True,True,False,-75.95971895473188,0.0,76.77825498617403,0.0,89.65654174266047,0.0,90.47507777410262
2026-03-28T07:45:00Z,2026-03-28T08:00:00Z,2026-03-28,2026-03-28_36,-100.0,100,0,0,37.54347826086952,60.54347826086952,0.06388888888888888,0.0,0.0,True,True,True,False,-1238.25,0.0,76.77825498617403,0.0,0.0,0.0,-1161.471745013826
2026-03-28T08:00:00Z,2026-03-28T08:15:00Z,2026-03-28,2026-03-28_37,0.3800124844064554,6,7,93,60.54347826086952,60.543478260869534,0.0005566421756444853,0.003428571428571429,0.11516,True,True,True,False,7.234487671887895,950.6824733776549,3.650055892216273,6.539977643113492,0.45681338723640313,-2.052784420780138,966.5110235513288
2026-03-28T08:15:00Z,2026-03-28T08:30:00Z,2026-03-28,2026-03-28_38,0.08490700051948774,6,7,93,60.543478260869534,60.55020555797027,0.00014450047732633144,0.0,0.03232,True,True,True,False,1.0441438388884003,950.6824733776549,3.650055892216273,6.539977643113492,0.0,-1.7253496185601382,960.1913011333129
2026-03-28T08:30:00Z,2026-03-28T08:45:00Z,2026-03-28,2026-03-28_39,0.0,6,7,93,60.55020555797027,60.56401283250443,6.775312629399586e-05,0.004868571428571428,0.02076,True,True,True,False,0.0,950.6824733776549,3.650055892216273,6.539977643113492,0.6486750098756923,-1.135275731011355,960.385906191849
2026-03-28T08:45:00Z,2026-03-28T09:00:00Z,2026-03-28,2026-03-28_40,0.0,6,7,93,60.56401283250443,60.56193828840505,3.2953733609385785e-05,0.006411428571428571,0.00532,True,True,True,False,0.0,950.6824733776549,3.650055892216273,6.539977643113492,0.8542410341320738,-0.34603005236218154,961.3807178947545
2026-03-28T09:00:00Z,2026-03-28T09:15:00Z,2026-03-28,2026-03-28_41,-0.03429490866955726,7,6,93,60.56193828840505,60.5512766644194,7.998967532094787e-05,0.01824,0.0013714285714285714,True,True,True,False,-0.3167134815633613,950.6824733776549,4.44990292404542,5.423898335000294,1.9301683826557627,-0.10758201027072004,962.0621475275223
2026-03-28T09:15:00Z,2026-03-28T09:30:00Z,2026-03-28,2026-03-28_42,-0.8530574954821216,7,6,93,60.5512766644194,60.73841681490685,0.0005711643271336385,0.009680000000000001,0.0013714285714285714,True,True,True,False,-3.5807088372862053,950.6824733776549,4.44990292404542,5.423898335000294,0.970213504343904,-0.10758201027072004,957.8381972934876
2026-03-28T09:30:00Z,2026-03-28T09:45:00Z,2026-03-28,2026-03-28_43,-0.999999999999996,7,6,93,60.73841681490685,60.85908703602486,0.0008674931953071061,0.10284,0.0,True,True,True,False,-2.4749999999999903,950.6824733776549,4.44990292404542,5.423898335000294,12.216704665529212,0.0,970.2979793022298
2026-03-28T09:45:00Z,2026-03-28T10:00:00Z,2026-03-28,2026-03-28_44,-1.0,7,6,93,60.85908703602486,61.04850514285715,0.0007251262111801244,0.03844,0.00030857142857142856,True,True,True,False,-1.675,950.6824733776549,4.44990292404542,5.423898335000294,4.06774520993901,-0.024205952310912007,962.9248138943287
2026-03-28T10:00:00Z,2026-03-28T10:15:00Z,2026-03-28,2026-03-28_45,-53.99999999999992,100,46,0,61.04850514285715,63.88213714285714,0.0345854857142857,9.617142857142856,0.0,True,True,True,False,-122.17499999999983,0.0,63.57004177207743,41.58322056833559,1433.4787954176786,0.0,1416.4570577580919
2026-03-28T10:15:00Z,2026-03-28T10:30:00Z,2026-03-28,2026-03-28_46,-53.99999999999992,100,46,0,63.88213714285714,66.93791314285713,0.03458350476190475,9.394285714285715,0.0,True,True,True,False,-113.93999999999983,0.0,63.57004177207743,41.58322056833559,1511.4333655519042,0.0,1502.6466278923174
2026-03-28T10:30:00Z,2026-03-28T10:45:00Z,2026-03-28,2026-03-28_47,-53.99999999999996,100,46,0,66.93791314285713,73.72570834285712,0.03455022476190475,5.650285714285714,0.0,True,True,True,False,-101.24999999999991,0.0,63.57004177207743,41.58322056833559,852.9968992847479,0.0,856.900161625161
2026-03-28T10:45:00Z,2026-03-28T11:00:00Z,2026-03-28,2026-03-28_48,-53.99999999999992,100,46,0,73.72570834285712,78.17130834285709,0.034571111111111094,8.0,0.0,True,True,True,False,-94.09499999999986,0.0,63.57004177207743,41.58322056833559,1182.4612186464278,0.0,1193.519480986841
2026-03-28T11:00:00Z,2026-03-28T11:15:00Z,2026-03-28,2026-03-28_49,-7.0,7,0,93,78.17130834285709,79.44344754285709,0.00353372,0.36723999999999996,0.0,True,True,True,False,-12.25,950.6824733776549,4.248102606342296,0.0,49.277542429056105,0.0,991.9581184130533
2026-03-28T11:15:00Z,2026-03-28T11:30:00Z,2026-03-28,2026-03-28_50,-7.0,7,0,93,79.44344754285709,81.02610514285709,0.004396271111111111,0.02972,0.0,True,True,True,False,-8.785,950.6824733776549,4.248102606342296,0.0,2.793654354690043,0.0,948.9392303386873
2026-03-28T11:30:00Z,2026-03-28T11:45:00Z,2026-03-28,2026-03-28_51,-7.0,7,0,93,81.02610514285709,82.63610514285709,0.004472222222222223,0.0,0.0,True,True,True,False,-11.2525,950.6824733776549,4.248102606342296,0.0,0.0,0.0,943.6780759839972
2026-03-28T11:45:00Z,2026-03-28T12:00:00Z,2026-03-28,2026-03-28_52,-7.0,7,0,93,82.63610514285709,84.21997714285709,0.004399644444444444,0.0284,0.0,True,True,True,False,-14.7525,950.6824733776549,4.248102606342296,0.0,2.6527886881998786,0.0,942.8308646721971
2026-03-28T12:00:00Z,2026-03-28T12:15:00Z,2026-03-28,2026-03-28_53,-100.0,100,0,0,84.21997714285709,104.91261714285709,0.05747955555555555,2.508,0.0,True,True,True,False,-160.0,0.0,60.80484791433783,0.0,317.50637641936817,0.0,218.31122433370598
2026-03-28T12:15:00Z,2026-03-28T12:30:00Z,2026-03-28,2026-03-28_54,-100.0,100,0,0,104.91261714285709,124.28413714285709,0.053809777777777776,3.9440000000000004,0.0,True,True,True,False,-167.5,0.0,60.80484791433783,0.0,516.0118875880057,0.0,409.31673550234353
2026-03-28T12:30:00Z,2026-03-28T12:45:00Z,2026-03-28,2026-03-28_55,-100.0,100,0,0,124.28413714285709,139.6807314285714,0.04276831746031747,8.264571428571427,0.0,True,True,True,False,-210.75,0.0,60.80484791433783,0.0,1438.3297640760131,0.0,1288.384611990351
2026-03-28T12:45:00Z,2026-03-28T13:00:00Z,2026-03-28,2026-03-28_56,-100.0,100,0,0,139.6807314285714,143.99999999999997,0.01199796825396825,20.305142857142858,0.0,True,True,True,False,-255.50000000000003,0.0,60.80484791433783,0.0,5605.9572184447115,0.0,5411.26206635905
2026-03-28T13:00:00Z,2026-03-28T13:15:00Z,2026-03-28,2026-03-28_57,0.0,0,0,100,143.99999999999997,143.99999999999997,0.0,0.0,0.0,True,False,True,False,0.0,1022.2392186856505,0.0,0.0,0.0,0.0,1022.2392186856505
2026-03-28T13:15:00Z,2026-03-28T13:30:00Z,2026-03-28,2026-03-28_58,0.0,0,0,100,143.99999999999997,143.99999999999997,0.0,0.0,0.0,True,False,True,False,0.0,1022.2392186856505,0.0,0.0,0.0,0.0,1022.2392186856505
2026-03-28T13:30:00Z,2026-03-28T13:45:00Z,2026-03-28,2026-03-28_59,0.0,0,0,100,143.99999999999997,143.99999999999997,0.0,0.0,0.0,True,False,True,False,0.0,1022.2392186856505,0.0,0.0,0.0,0.0,1022.2392186856505
2026-03-28T13:45:00Z,2026-03-28T14:00:00Z,2026-03-28,2026-03-28_60,0.0,0,0,100,143.99999999999997,143.99999999999997,0.0,0.0,0.0,True,False,True,False,0.0,1022.2392186856505,0.0,0.0,0.0,0.0,1022.2392186856505
2026-03-28T14:00:00Z,2026-03-28T14:15:00Z,2026-03-28,2026-03-28_61,0.36255483630679874,94,100,0,143.99999999999997,139.3894218732919,0.012810071509095456,4.151577142857143,0.0005714285714285715,True,True,True,False,1.9741110836905194,0.0,87.02065070306524,47.067129493440014,743.497956096454,-0.04482583761280002,879.515021539037
2026-03-28T14:15:00Z,2026-03-28T14:30:00Z,2026-03-28,2026-03-28_62,6.0,94,100,0,139.3894218732919,152.33368820869563,0.03933621256038648,0.0,15.671428571428573,True,True,True,False,66.92999999999999,0.0,87.02065070306524,47.067129493440014,0.0,1173.569977334936,1374.5877575314414
2026-03-28T14:30:00Z,2026-03-28T14:45:00Z,2026-03-28,2026-03-28_63,6.0,94,100,0,152.33368820869563,150.94581366459627,0.005156525162180814,0.008594285714285714,0.2708571428571428,True,True,True,False,105.96000000000001,0.0,87.02065070306524,47.067129493440014,1.1798160459688964,-16.543209137746995,224.68438710472716
2026-03-28T14:45:00Z,2026-03-28T15:00:00Z,2026-03-28,2026-03-28_64,6.0,94,100,0,150.94581366459627,144.0,0.019293926846100762,4.890148571428571,0.0,True,True,True,False,140.57999999999998,0.0,87.02065070306524,47.067129493440014,1745.5157605964075,0.0,2020.1835407929127
2026-03-28T15:00:00Z,2026-03-28T15:15:00Z,2026-03-28,2026-03-28_65,0.0,0,0,100,144.0,144.0,0.0,0.0,0.0,True,False,True,False,0.0,1022.2392186856505,0.0,0.0,0.0,0.0,1022.2392186856505
2026-03-28T15:15:00Z,2026-03-28T15:30:00Z,2026-03-28,2026-03-28_66,0.0,0,0,100,144.0,144.0,0.0,0.0,0.0,True,False,True,False,0.0,1022.2392186856505,0.0,0.0,0.0,0.0,1022.2392186856505
2026-03-28T15:30:00Z,2026-03-28T15:45:00Z,2026-03-28,2026-03-28_67,0.0,0,0,100,144.0,144.0,0.0,0.0,0.0,True,False,True,False,0.0,1022.2392186856505,0.0,0.0,0.0,0.0,1022.2392186856505
2026-03-28T15:45:00Z,2026-03-28T16:00:00Z,2026-03-28,2026-03-28_68,0.0,0,0,100,144.0,144.0,0.0,0.0,0.0,True,False,True,False,0.0,1022.2392186856505,0.0,0.0,0.0,0.0,1022.2392186856505
2026-03-28T16:00:00Z,2026-03-28T16:15:00Z,2026-03-28,2026-03-28_69,0.0,0,0,100,144.0,144.0,0.0,0.0,0.0,True,True,True,False,0.0,1022.2392186856505,0.0,0.0,0.0,0.0,1022.2392186856505
2026-03-28T16:15:00Z,2026-03-28T16:30:00Z,2026-03-28,2026-03-28_70,0.0,0,0,100,144.0,144.0,0.0,0.0,0.0,True,True,True,False,0.0,1022.2392186856505,0.0,0.0,0.0,0.0,1022.2392186856505
2026-03-28T16:30:00Z,2026-03-28T16:45:00Z,2026-03-28,2026-03-28_71,0.0,0,0,100,144.0,144.0,0.0,0.0,0.0,True,True,True,False,0.0,1022.2392186856505,0.0,0.0,0.0,0.0,1022.2392186856505
2026-03-28T16:45:00Z,2026-03-28T17:00:00Z,2026-03-28,2026-03-28_72,0.0,0,0,100,144.0,144.0,0.0,0.0,0.0,True,True,True,False,0.0,1022.2392186856505,0.0,0.0,0.0,0.0,1022.2392186856505
2026-03-28T17:00:00Z,2026-03-28T17:15:00Z,2026-03-28,2026-03-28_73,0.0,0,0,100,144.0,144.0,0.0,0.0,0.0,True,True,True,False,0.0,1022.2392186856505,0.0,0.0,0.0,0.0,1022.2392186856505
2026-03-28T17:15:00Z,2026-03-28T17:30:00Z,2026-03-28,2026-03-28_74,0.0,0,0,100,144.0,144.0,0.0,0.0,0.0,True,True,True,False,0.0,1022.2392186856505,0.0,0.0,0.0,0.0,1022.2392186856505
2026-03-28T17:30:00Z,2026-03-28T17:45:00Z,2026-03-28,2026-03-28_75,0.0,0,0,100,144.0,144.0,0.0,0.0,0.0,True,True,True,False,0.0,1022.2392186856505,0.0,0.0,0.0,0.0,1022.2392186856505
2026-03-28T17:45:00Z,2026-03-28T18:00:00Z,2026-03-28,2026-03-28_76,0.0,0,0,100,144.0,144.0,0.0,0.0,0.0,True,True,True,False,0.0,1022.2392186856505,0.0,0.0,0.0,0.0,1022.2392186856505
2026-03-28T18:00:00Z,2026-03-28T18:15:00Z,2026-03-28,2026-03-28_77,4.999999999999972,0,5,95,144.0,142.64170807453417,0.0037730331262939743,0.0,0.00037142857142857143,True,True,True,False,197.49999999999886,971.1272577513679,0.0,2.198917456021651,0.0,-0.02913679444832001,1170.79703841294
2026-03-28T18:15:00Z,2026-03-28T18:30:00Z,2026-03-28,2026-03-28_78,4.999999999999972,0,5,95,142.64170807453417,141.28304347826088,0.003774068322981345,0.0,2.857142857142857e-05,True,True,True,False,195.4249999999989,971.1272577513679,0.0,2.198917456021651,0.0,-0.002241291880640001,1168.748933915508
2026-03-28T18:30:00Z,2026-03-28T18:45:00Z,2026-03-28,2026-03-28_79,4.999999999999972,0,5,95,141.28304347826088,139.92552795031057,0.003770876466528619,0.0,0.0010857142857142856,True,True,True,False,193.6999999999989,971.1272577513679,0.0,2.198917456021651,0.0,-0.06569794669647584,1166.960477260692
2026-03-28T18:45:00Z,2026-03-28T19:00:00Z,2026-03-28,2026-03-28_80,4.999999999999971,0,5,95,139.92552795031057,138.59388198757765,0.003699016563146977,0.0,0.024885714285714285,True,True,True,False,183.72499999999891,971.1272577513679,0.0,2.198917456021651,0.0,-1.3750368608465917,1155.6761383465418
2026-03-28T19:00:00Z,2026-03-28T19:15:00Z,2026-03-28,2026-03-28_81,100.0,0,100,0,138.59388198757765,116.44232919254658,0.061532091097308485,0.0,4.620571428571429,True,True,True,False,4044.75,0.0,0.0,44.00776607636642,0.0,-15.579511006143944,4073.1782550702223
2026-03-28T19:15:00Z,2026-03-28T19:30:00Z,2026-03-28,2026-03-28_82,99.99999999999996,0,100,0,116.44232919254658,96.40195652173914,0.05566770186335401,0.0,6.562857142857142,True,True,True,False,3722.4999999999986,0.0,0.0,44.00776607636642,0.0,-92.66073172576672,3673.8470343505983
2026-03-28T19:30:00Z,2026-03-28T19:45:00Z,2026-03-28,2026-03-28_83,100.0,0,100,0,96.40195652173914,81.29574534161492,0.04196169772256728,0.0,11.102285714285713,True,True,True,False,3508.75,0.0,0.0,44.00776607636642,0.0,-265.2216327251027,3287.5361333512637
2026-03-28T19:45:00Z,2026-03-28T20:00:00Z,2026-03-28,2026-03-28_84,99.92031765897687,0,100,0,81.29574534161492,64.3478260869565,0.04711579220585186,0.0,9.389142857142858,True,True,True,False,3293.873271628173,0.0,0.0,44.00776607636642,0.0,24.69228015027862,3362.573317854818
2026-03-28T20:00:00Z,2026-03-28T20:15:00Z,2026-03-28,2026-03-28_85,0.0,0,0,100,64.3478260869565,64.3478260869565,0.0,0.0,0.0,True,True,True,False,0.0,1022.2392186856505,0.0,0.0,0.0,0.0,1022.2392186856505
2026-03-28T20:15:00Z,2026-03-28T20:30:00Z,2026-03-28,2026-03-28_86,0.0,0,0,100,64.3478260869565,64.3478260869565,0.0,0.0,0.0,True,True,True,False,0.0,1022.2392186856505,0.0,0.0,0.0,0.0,1022.2392186856505
2026-03-28T20:30:00Z,2026-03-28T20:45:00Z,2026-03-28,2026-03-28_87,0.0,0,0,100,64.3478260869565,64.3478260869565,0.0,0.0,0.0,True,True,True,False,0.0,1022.2392186856505,0.0,0.0,0.0,0.0,1022.2392186856505
2026-03-28T20:45:00Z,2026-03-28T21:00:00Z,2026-03-28,2026-03-28_88,0.0,0,0,100,64.3478260869565,64.3478260869565,0.0,0.0,0.0,True,True,True,False,0.0,1022.2392186856505,0.0,0.0,0.0,0.0,1022.2392186856505
2026-03-28T21:00:00Z,2026-03-28T21:15:00Z,2026-03-28,2026-03-28_89,0.0,0,0,100,64.3478260869565,64.3478260869565,0.0,0.0,0.0,True,True,True,False,0.0,1022.2392186856505,0.0,0.0,0.0,0.0,1022.2392186856505
2026-03-28T21:15:00Z,2026-03-28T21:30:00Z,2026-03-28,2026-03-28_90,0.0,0,0,100,64.3478260869565,64.3478260869565,0.0,0.0,0.0,True,True,True,False,0.0,1022.2392186856505,0.0,0.0,0.0,0.0,1022.2392186856505
2026-03-28T21:30:00Z,2026-03-28T21:45:00Z,2026-03-28,2026-03-28_91,0.0,0,0,100,64.3478260869565,64.3478260869565,0.0,0.0,0.0,True,True,True,False,0.0,1022.2392186856505,0.0,0.0,0.0,0.0,1022.2392186856505
2026-03-28T21:45:00Z,2026-03-28T22:00:00Z,2026-03-28,2026-03-28_92,0.0,0,0,100,64.3478260869565,64.3478260869565,0.0,0.0,0.0,True,True,True,False,0.0,1022.2392186856505,0.0,0.0,0.0,0.0,1022.2392186856505
2026-03-28T22:00:00Z,2026-03-28T22:15:00Z,2026-03-29,2026-03-28_93,0.0,0,0,100,64.3478260869565,64.3478260869565,0.0,0.0,0.0,True,True,True,False,0.0,1022.2392186856505,0.0,0.0,0.0,0.0,1022.2392186856505
2026-03-28T22:15:00Z,2026-03-28T22:30:00Z,2026-03-29,2026-03-28_94,0.0,0,0,100,64.3478260869565,64.3478260869565,0.0,0.0,0.0,True,True,True,False,0.0,1022.2392186856505,0.0,0.0,0.0,0.0,1022.2392186856505
2026-03-28T22:30:00Z,2026-03-28T22:45:00Z,2026-03-29,2026-03-28_95,6.178632484870436e-14,0,0,100,64.3478260869565,64.34782608695649,4.663822829763312e-17,0.0,0.0,True,True,True,False,1.867800600176333e-12,1022.2392186856505,0.0,0.0,0.0,0.0,1022.2392186856523
2026-03-28T22:45:00Z,2026-03-28T23:00:00Z,2026-03-29,2026-03-28_96,0.0,0,0,100,64.34782608695649,64.34782608695649,0.0,0.0,0.0,True,True,True,False,0.0,1022.2392186856505,0.0,0.0,0.0,0.0,1022.2392186856505
2026-03-28T23:00:00Z,2026-03-28T23:15:00Z,2026-03-29,2026-03-29_1,0.0,0,0,100,64.34782608695649,64.34782608695649,0.0,0.0,0.0,True,True,True,False,0.0,1022.2392186856505,0.0,0.0,0.0,0.0,1022.2392186856505
2026-03-28T23:15:00Z,2026-03-28T23:30:00Z,2026-03-29,2026-03-29_2,0.0,0,0,100,64.34782608695649,64.34782608695649,0.0,0.0,0.0,True,True,True,False,0.0,1022.2392186856505,0.0,0.0,0.0,0.0,1022.2392186856505
2026-03-28T23:30:00Z,2026-03-28T23:45:00Z,2026-03-29,2026-03-29_3,0.0,0,0,100,64.34782608695649,64.34782608695649,0.0,0.0,0.0,True,True,True,False,0.0,1022.2392186856505,0.0,0.0,0.0,0.0,1022.2392186856505
2026-03-28T23:45:00Z,2026-03-29T00:00:00Z,2026-03-29,2026-03-29_4,0.0,0,0,100,64.34782608695649,64.34782608695649,0.0,0.0,0.0,True,True,True,False,0.0,1022.2392186856505,0.0,0.0,0.0,0.0,1022.2392186856505
2026-03-29T00:00:00Z,2026-03-29T00:15:00Z,2026-03-29,2026-03-29_5,37.99999999999922,62,100,0,64.34782608695649,61.06263246708092,0.031812971483781635,0.0,7.15942857142857,True,True,True,False,1074.924999999978,0.0,59.96822968759192,44.94910866623522,0.0,-260.3403043114051,919.5020340423999
2026-03-29T00:15:00Z,2026-03-29T00:30:00Z,2026-03-29,2026-03-29_6,37.99999999999922,62,100,0,61.06263246708092,67.06283118509354,0.03593995848171166,0.0,16.601142857142857,True,True,True,False,1033.9799999999789,0.0,59.96822968759192,44.94910866623522,0.0,690.6578108741879,1829.555149227994
2026-03-29T00:30:00Z,2026-03-29T00:45:00Z,2026-03-29,2026-03-29_7,37.99999999999922,62,100,0,67.06283118509354,69.00168932173969,0.034134854382332595,0.0,12.471428571428572,True,True,True,False,1018.2099999999791,0.0,59.96822968759192,44.94910866623522,0.0,247.22245102076837,1370.3497893745746
2026-03-29T00:45:00Z,2026-03-29T01:00:00Z,2026-03-29,2026-03-29_8,36.23114215376119,62,100,0,69.00168932173969,64.34782608695689,0.030184910822301084,0.0,5.2948571428571425,True,True,True,False,995.1788971084355,0.0,59.96822968759192,44.94910866623522,0.0,-7.487834099574995,1092.6084013626876
2026-03-29T01:00:00Z,2026-03-29T01:15:00Z,2026-03-29,2026-03-29_9,0.0,0,0,100,64.34782608695689,64.34782608695689,0.0,0.0,0.0,True,True,True,False,0.0,1022.2392186856505,0.0,0.0,0.0,0.0,1022.2392186856505
2026-03-29T01:15:00Z,2026-03-29T01:30:00Z,2026-03-29,2026-03-29_10,0.0,0,0,100,64.34782608695689,64.34782608695689,0.0,0.0,0.0,True,True,True,False,0.0,1022.2392186856505,0.0,0.0,0.0,0.0,1022.2392186856505
2026-03-29T01:30:00Z,2026-03-29T01:45:00Z,2026-03-29,2026-03-29_11,0.0,0,0,100,64.34782608695689,64.34782608695689,0.0,0.0,0.0,True,True,True,False,0.0,1022.2392186856505,0.0,0.0,0.0,0.0,1022.2392186856505
2026-03-29T01:45:00Z,2026-03-29T02:00:00Z,2026-03-29,2026-03-29_12,0.0,0,0,100,64.34782608695689,64.34782608695689,0.0,0.0,0.0,True,True,True,False,0.0,1022.2392186856505,0.0,0.0,0.0,0.0,1022.2392186856505
2026-03-29T02:00:00Z,2026-03-29T02:15:00Z,2026-03-29,2026-03-29_13,0.0,0,0,100,64.34782608695689,64.34782608695689,0.0,0.0,0.0,True,True,True,False,0.0,1022.2392186856505,0.0,0.0,0.0,0.0,1022.2392186856505
2026-03-29T02:15:00Z,2026-03-29T02:30:00Z,2026-03-29,2026-03-29_14,0.0,0,0,100,64.34782608695689,64.34782608695689,0.0,0.0,0.0,True,True,True,False,0.0,1022.2392186856505,0.0,0.0,0.0,0.0,1022.2392186856505
2026-03-29T02:30:00Z,2026-03-29T02:45:00Z,2026-03-29,2026-03-29_15,0.0,0,0,100,64.34782608695689,64.34782608695689,0.0,0.0,0.0,True,True,True,False,0.0,1022.2392186856505,0.0,0.0,0.0,0.0,1022.2392186856505
2026-03-29T02:45:00Z,2026-03-29T03:00:00Z,2026-03-29,2026-03-29_16,0.0,0,0,100,64.34782608695689,64.34782608695689,0.0,0.0,0.0,True,True,True,False,0.0,1022.2392186856505,0.0,0.0,0.0,0.0,1022.2392186856505
2026-03-29T03:00:00Z,2026-03-29T03:15:00Z,2026-03-29,2026-03-29_17,0.0,0,0,100,64.34782608695689,64.34782608695689,0.0,0.0,0.0,True,True,True,False,0.0,1022.2392186856505,0.0,0.0,0.0,0.0,1022.2392186856505
2026-03-29T03:15:00Z,2026-03-29T03:30:00Z,2026-03-29,2026-03-29_18,0.0,0,0,100,64.34782608695689,64.34782608695689,0.0,0.0,0.0,True,True,True,False,0.0,1022.2392186856505,0.0,0.0,0.0,0.0,1022.2392186856505
2026-03-29T03:30:00Z,2026-03-29T03:45:00Z,2026-03-29,2026-03-29_19,0.0,0,0,100,64.34782608695689,64.34782608695689,0.0,0.0,0.0,True,True,True,False,0.0,1022.2392186856505,0.0,0.0,0.0,0.0,1022.2392186856505
2026-03-29T03:45:00Z,2026-03-29T04:00:00Z,2026-03-29,2026-03-29_20,0.0,0,0,100,64.34782608695689,64.34782608695689,0.0,0.0,0.0,True,True,True,False,0.0,1022.2392186856505,0.0,0.0,0.0,0.0,1022.2392186856505
2026-03-29T04:00:00Z,2026-03-29T04:15:00Z,2026-03-29,2026-03-29_21,0.0,65,100,0,64.34782608695689,64.85300844720534,0.0014414140786749483,0.006314285714285715,0.5565714285714286,True,True,True,False,0.0,0.0,62.86991822086251,44.80202388656822,0.830398350409176,-29.871439945984864,78.63090051185505
2026-03-29T04:15:00Z,2026-03-29T04:30:00Z,2026-03-29,2026-03-29_22,35.00000000000064,65,100,0,64.85300844720534,72.76554638509339,0.03718096287094533,0.0,17.80742857142857,True,True,True,False,921.3750000000168,0.0,62.86991822086251,44.80202388656822,0.0,1224.476798426613,2253.5237405340604
2026-03-29T04:30:00Z,2026-03-29T04:45:00Z,2026-03-29,2026-03-29_23,35.00000000000064,65,100,0,72.76554638509339,77.17193316770194,0.03501532560386471,0.0,14.224,True,True,True,False,993.9125000000182,0.0,62.86991822086251,44.80202388656822,0.0,839.8411296111079,1941.425571718557
2026-03-29T04:45:00Z,2026-03-29T05:00:00Z,2026-03-29,2026-03-29_24,35.00000000000064,65,100,0,77.17193316770194,64.59240705590052,0.0350968995169087,2.8648285714285713,0.04628571428571429,True,True,True,False,1030.7500000000189,0.0,62.86991822086251,44.80202388656822,442.0693815547281,-2.6806972659040675,1577.8106263962736
2026-03-29T05:00:00Z,2026-03-29T05:15:00Z,2026-03-29,2026-03-29_25,0.0,0,0,100,64.59240705590052,64.59240705590052,0.0,0.0,0.0,True,True,True,False,0.0,1022.2392186856505,0.0,0.0,0.0,0.0,1022.2392186856505
2026-03-29T05:15:00Z,2026-03-29T05:30:00Z,2026-03-29,2026-03-29_26,0.0,0,0,100,64.59240705590052,64.59240705590052,0.0,0.0,0.0,True,True,True,False,0.0,1022.2392186856505,0.0,0.0,0.0,0.0,1022.2392186856505
2026-03-29T05:30:00Z,2026-03-29T05:45:00Z,2026-03-29,2026-03-29_27,0.0,0,0,100,64.59240705590052,64.59240705590052,0.0,0.0,0.0,True,True,True,False,0.0,1022.2392186856505,0.0,0.0,0.0,0.0,1022.2392186856505
2026-03-29T05:45:00Z,2026-03-29T06:00:00Z,2026-03-29,2026-03-29_28,0.0,0,0,100,64.59240705590052,64.59240705590052,0.0,0.0,0.0,True,True,True,False,0.0,1022.2392186856505,0.0,0.0,0.0,0.0,1022.2392186856505
2026-03-29T06:00:00Z,2026-03-29T06:15:00Z,2026-03-29,2026-03-29_29,100.0,0,100,0,64.59240705590052,53.76010891925456,0.03008971704623879,0.0,15.034285714285714,True,True,True,False,3061.75,0.0,0.0,47.067129493440014,0.0,251.96308256078802,3360.780212054228
2026-03-29T06:15:00Z,2026-03-29T06:30:00Z,2026-03-29,2026-03-29_30,100.0,0,100,0,53.76010891925456,40.531537490683135,0.03674603174603174,0.0,12.829714285714285,True,True,True,False,3125.0,0.0,0.0,47.067129493440014,0.0,1426.533593995579,4598.600723489019
2026-03-29T06:30:00Z,2026-03-29T06:45:00Z,2026-03-29,2026-03-29_31,65.79114386003813,0,100,0,40.531537490683135,40.91055897639751,0.029943731068421423,0.0,17.727999999999998,True,True,True,False,1614.1857146060356,0.0,0.0,47.067129493440014,0.0,723.5239348120256,2384.7767789115014
2026-03-29T06:45:00Z,2026-03-29T07:00:00Z,2026-03-29,2026-03-29_32,0.0,0,100,0,40.91055897639751,47.003061833540364,0.016923619047619045,0.0,6.622285714285714,True,True,True,False,0.0,0.0,0.0,47.067129493440014,0.0,-68.10859361736104,-21.041464123921024
2026-03-29T07:00:00Z,2026-03-29T07:15:00Z,2026-03-29,2026-03-29_33,0.0,33,33,67,47.003061833540364,46.47447447453415,0.001994538219461698,0.5734457142857143,0.10296000000000001,True,True,True,False,0.0,684.9002765193857,21.434370771312587,28.61799141024887,89.61479574714866,-3.7776028240277704,820.789831624068
2026-03-29T07:15:00Z,2026-03-29T07:30:00Z,2026-03-29,2026-03-29_34,0.0,33,33,67,46.47447447453415,46.41304347826086,0.0007084473706004141,0.14557714285714285,0.10522285714285716,True,True,True,False,0.0,684.9002765193857,21.434370771312587,28.61799141024887,19.95355559552526,-5.366879540086907,749.5393147563855
2026-03-29T07:30:00Z,2026-03-29T07:45:00Z,2026-03-29,2026-03-29_35,0.0,33,33,67,46.41304347826086,46.44393442981365,0.0002862222774327122,0.03318857142857142,0.07278857142857142,True,True,True,False,0.0,684.9002765193857,21.434370771312587,28.61799141024887,4.480030822245942,-4.095422398910732,735.3372471242824
2026-03-29T07:45:00Z,2026-03-29T08:00:00Z,2026-03-29,2026-03-29_36,0.0,33,33,67,46.44393442981365,46.42823807204968,0.00018528099378881986,0.03790285714285715,0.027719999999999998,True,True,True,False,0.0,684.9002765193857,21.434370771312587,28.61799141024887,5.079752941275352,-1.9044989821733247,738.1278926600492
2026-03-29T08:00:00Z,2026-03-29T08:15:00Z,2026-03-29,2026-03-29_37,0.0,100,0,0,46.42823807204968,34.80401446956521,0.03228951000690131,10.694285714285714,0.0,True,True,True,False,0.0,0.0,62.71695005000883,0.0,1822.4014187377604,0.0,1885.1183687877692
2026-03-29T08:15:00Z,2026-03-29T08:30:00Z,2026-03-29,2026-03-29_38,0.0,100,0,0,34.80401446956521,21.420163537888193,0.03717736369910282,12.313142857142855,0.0,True,True,True,False,0.0,0.0,62.71695005000883,0.0,2015.2469425136649,0.0,2077.9638925636737
2026-03-29T08:30:00Z,2026-03-29T08:45:00Z,2026-03-29,2026-03-29_39,-100.0,100,0,0,21.420163537888193,44.29346639503105,0.06353695238095237,0.1377142857142857,0.0,True,True,True,False,-375.0,0.0,62.71695005000883,0.0,18.667495384339535,0.0,-293.6155545656516
2026-03-29T08:45:00Z,2026-03-29T09:00:00Z,2026-03-29,2026-03-29_40,-100.0,100,0,0,44.29346639503105,67.29346639503105,0.06388888888888888,0.0,0.0,True,True,True,False,-305.75,0.0,62.71695005000883,0.0,0.0,0.0,-243.03304994999115
2026-03-29T09:00:00Z,2026-03-29T09:15:00Z,2026-03-29,2026-03-29_41,0.0,7,7,93,67.29346639503105,67.29015411677017,0.0004965963285024153,0.08375999999999999,0.09535999999999999,True,True,True,False,0.0,950.6824733776549,4.44990292404542,6.327881390833677,11.490762887568394,3.052002494557863,976.0030230746603
2026-03-29T09:15:00Z,2026-03-29T09:30:00Z,2026-03-29,2026-03-29_42,0.0,7,7,93,67.29015411677017,66.39589324720495,0.002484057971014493,0.82272,0.0,True,True,True,False,0.0,950.6824733776549,4.44990292404542,6.327881390833677,137.9235036771195,0.0,1099.3837613696535
2026-03-29T09:30:00Z,2026-03-29T09:45:00Z,2026-03-29,2026-03-29_43,0.0,7,7,93,66.39589324720495,65.9442901863354,0.0012982040579710143,0.42272,0.00856,True,True,True,False,0.0,950.6824733776549,4.44990292404542,6.327881390833677,68.20033546312095,-0.42136063226843956,1029.2392325233866
2026-03-29T09:45:00Z,2026-03-29T10:00:00Z,2026-03-29,2026-03-29_44,0.0,7,7,93,65.9442901863354,66.06492058633539,0.0003350844444444445,0.0,0.13112000000000001,True,True,True,False,0.0,950.6824733776549,4.44990292404542,6.327881390833677,0.0,-6.454299778392266,955.0059579141417
2026-03-29T10:00:00Z,2026-03-29T10:15:00Z,2026-03-29,2026-03-29_45,6.999999999999995,0,7,93,66.06492058633539,64.1747466732919,0.005250483091787435,0.0,0.011040000000000001,True,True,True,False,91.40249999999992,950.6824733776549,0.0,6.327881390833677,0.0,-0.5434370771312586,1047.8694176913573
2026-03-29T10:15:00Z,2026-03-29T10:30:00Z,2026-03-29,2026-03-29_46,7.0,0,7,93,64.1747466732919,62.29809449937886,0.0052129227053140095,0.0,0.02348,True,True,True,False,86.205,950.6824733776549,0.0,6.327881390833677,0.0,-1.1557882763624954,1042.0595664921261
2026-03-29T10:30:00Z,2026-03-29T10:45:00Z,2026-03-29,2026-03-29_47,6.768036437838815,0,7,93,62.29809449937886,60.54347826086955,0.004887171972253674,0.0,0.07816000000000001,True,True,True,False,72.95943279990243,950.6824733776549,0.0,6.327881390833677,0.0,-2.4094083426487027,1027.5603792257423
2026-03-29T10:45:00Z,2026-03-29T11:00:00Z,2026-03-29,2026-03-29_48,2.766073267363897,0,7,93,60.54347826086955,60.56203091677017,0.002363372995473463,0.0,0.78116,True,True,True,False,25.1989274656851,950.6824733776549,0.0,6.327881390833677,0.0,14.190667364829086,996.3999495990028
2026-03-29T11:00:00Z,2026-03-29T11:15:00Z,2026-03-29,2026-03-29_49,1.0,6,7,93,60.56203091677017,60.77018335403724,0.0016492502139406487,0.0,0.50844,True,True,True,False,10.3325,950.6824733776549,3.642995822792257,6.138436194622581,0.0,-5.237656904159558,965.5587484909101
2026-03-29T11:15:00Z,2026-03-29T11:30:00Z,2026-03-29,2026-03-29_50,0.0,6,7,93,60.77018335403724,61.500184954037245,0.0020277822222222225,0.0,0.79348,True,True,True,False,0.0,950.6824733776549,3.642995822792257,6.138436194622581,0.0,12.50231680884862,972.9662222039184
2026-03-29T11:30:00Z,2026-03-29T11:45:00Z,2026-03-29,2026-03-29_51,0.0,6,7,93,61.500184954037245,61.790781942857116,0.0008128039199447895,0.0009257142857142857,0.31696,True,True,True,False,0.0,950.6824733776549,3.642995822792257,6.138436194622581,0.10299572193412283,-3.4755514659449704,957.0913496510589
2026-03-29T11:45:00Z,2026-03-29T12:00:00Z,2026-03-29,2026-03-29_52,0.0,6,7,93,61.790781942857116,62.72862994285712,0.002605133333333333,0.0,1.0193999999999999,True,True,True,False,0.0,950.6824733776549,3.642995822792257,6.138436194622581,0.0,59.09845102076836,1019.562356415838
2026-03-29T12:00:00Z,2026-03-29T12:15:00Z,2026-03-29,2026-03-29_53,-44.0,44,0,56,62.72862994285712,70.64166034285712,0.02198064,2.39888,0.0,True,True,True,False,-92.83999999999999,572.4539624639642,28.242631052538684,0.0,355.42010444196035,0.0,863.2766979584633
2026-03-29T12:15:00Z,2026-03-29T12:30:00Z,2026-03-29,2026-03-29_54,-43.999999999999986,44,0,56,70.64166034285712,76.63663268571426,0.01665270095238095,4.483725714285714,0.0,True,True,True,False,-92.83999999999996,572.4539624639642,28.242631052538684,0.0,689.8136961715933,0.0,1197.6702896880963
2026-03-29T12:30:00Z,2026-03-29T12:45:00Z,2026-03-29,2026-03-29_55,-44.00000000000001,44,0,56,76.63663268571426,86.44574628571425,0.027247537777777782,0.33792,0.0,True,True,True,False,-104.28000000000002,572.4539624639642,28.242631052538684,0.0,44.52868548567395,0.0,540.9452790021768
2026-03-29T12:45:00Z,2026-03-29T13:00:00Z,2026-03-29,2026-03-29_56,-44.0,44,0,56,86.44574628571425,96.50907428571425,0.02795368888888889,0.0616,0.0,True,True,True,False,-140.03,572.4539624639642,28.242631052538684,0.0,6.038227922574572,0.0,466.7048214390775
2026-03-29T13:00:00Z,2026-03-29T13:15:00Z,2026-03-29,2026-03-29_57,-100.0,100,0,0,96.50907428571425,119.41076571428567,0.06361580952380953,0.10685714285714284,0.0,True,True,True,False,-210.75,0.0,72.80696593516502,0.0,10.543632069524874,0.0,-127.3994019953101
2026-03-29T13:15:00Z,2026-03-29T13:30:00Z,2026-03-29,2026-03-29_58,-100.0,100,0,0,119.41076571428567,133.62397714285711,0.03948114285714286,9.550857142857142,0.0,True,True,True,False,-266.75,0.0,72.80696593516502,0.0,2071.379018482253,0.0,1877.4359844174178
2026-03-29T13:30:00Z,2026-03-29T13:45:00Z,2026-03-29,2026-03-29_59,-100.0,100,0,0,133.62397714285711,141.38982857142855,0.02157180952380952,16.558857142857146,0.0,True,True,True,False,-246.25,0.0,72.80696593516502,0.0,3123.882907740022,0.0,2950.439873675187
2026-03-29T13:45:00Z,2026-03-29T14:00:00Z,2026-03-29,2026-03-29_60,-100.0,100,0,0,141.38982857142855,143.99999999999997,0.007250476190476199,22.16285714285714,0.0,True,True,True,False,-318.0,0.0,72.80696593516502,0.0,5259.13981683042,0.0,5013.946782765585
2026-03-29T14:00:00Z,2026-03-29T14:15:00Z,2026-03-29,2026-03-29_61,0.0,0,0,100,143.99999999999997,143.99999999999997,0.0,0.0,0.0,True,True,True,False,0.0,1022.2392186856505,0.0,0.0,0.0,0.0,1022.2392186856505
2026-03-29T14:15:00Z,2026-03-29T14:30:00Z,2026-03-29,2026-03-29_62,0.0,0,0,100,143.99999999999997,143.99999999999997,0.0,0.0,0.0,True,True,True,False,0.0,1022.2392186856505,0.0,0.0,0.0,0.0,1022.2392186856505
2026-03-29T14:30:00Z,2026-03-29T14:45:00Z,2026-03-29,2026-03-29_63,0.0,0,0,100,143.99999999999997,143.99999999999997,0.0,0.0,0.0,True,True,True,False,0.0,1022.2392186856505,0.0,0.0,0.0,0.0,1022.2392186856505
2026-03-29T14:45:00Z,2026-03-29T15:00:00Z,2026-03-29,2026-03-29_64,0.0,0,0,100,143.99999999999997,143.99999999999997,0.0,0.0,0.0,True,True,True,False,0.0,1022.2392186856505,0.0,0.0,0.0,0.0,1022.2392186856505
2026-03-29T15:00:00Z,2026-03-29T15:15:00Z,2026-03-29,2026-03-29_65,0.0,0,0,100,143.99999999999997,143.99999999999997,0.0,0.0,0.0,True,True,True,False,0.0,1022.2392186856505,0.0,0.0,0.0,0.0,1022.2392186856505
2026-03-29T15:15:00Z,2026-03-29T15:30:00Z,2026-03-29,2026-03-29_66,0.0,0,0,100,143.99999999999997,143.99999999999997,0.0,0.0,0.0,True,True,True,False,0.0,1022.2392186856505,0.0,0.0,0.0,0.0,1022.2392186856505
2026-03-29T15:30:00Z,2026-03-29T15:45:00Z,2026-03-29,2026-03-29_67,0.0,0,0,100,143.99999999999997,143.99999999999997,0.0,0.0,0.0,True,True,True,False,0.0,1022.2392186856505,0.0,0.0,0.0,0.0,1022.2392186856505
2026-03-29T15:45:00Z,2026-03-29T16:00:00Z,2026-03-29,2026-03-29_68,0.0,0,0,100,143.99999999999997,143.99999999999997,0.0,0.0,0.0,True,True,True,False,0.0,1022.2392186856505,0.0,0.0,0.0,0.0,1022.2392186856505
2026-03-29T16:00:00Z,2026-03-29T16:15:00Z,2026-03-29,2026-03-29_69,0.0,0,0,100,143.99999999999997,143.99999999999997,0.0,0.0,0.0,True,True,True,False,0.0,1022.2392186856505,0.0,0.0,0.0,0.0,1022.2392186856505
2026-03-29T16:15:00Z,2026-03-29T16:30:00Z,2026-03-29,2026-03-29_70,0.0,0,0,100,143.99999999999997,143.99999999999997,0.0,0.0,0.0,True,True,True,False,0.0,1022.2392186856505,0.0,0.0,0.0,0.0,1022.2392186856505
2026-03-29T16:30:00Z,2026-03-29T16:45:00Z,2026-03-29,2026-03-29_71,0.0,0,0,100,143.99999999999997,143.99999999999997,0.0,0.0,0.0,True,True,True,False,0.0,1022.2392186856505,0.0,0.0,0.0,0.0,1022.2392186856505
2026-03-29T16:45:00Z,2026-03-29T17:00:00Z,2026-03-29,2026-03-29_72,0.0,0,0,100,143.99999999999997,143.99999999999997,0.0,0.0,0.0,True,True,True,False,0.0,1022.2392186856505,0.0,0.0,0.0,0.0,1022.2392186856505
2026-03-29T17:00:00Z,2026-03-29T17:15:00Z,2026-03-29,2026-03-29_73,0.0,0,0,100,143.99999999999997,143.99999999999997,0.0,0.0,0.0,True,True,True,False,0.0,1022.2392186856505,0.0,0.0,0.0,0.0,1022.2392186856505
2026-03-29T17:15:00Z,2026-03-29T17:30:00Z,2026-03-29,2026-03-29_74,0.0,0,0,100,143.99999999999997,143.99999999999997,0.0,0.0,0.0,True,True,True,False,0.0,1022.2392186856505,0.0,0.0,0.0,0.0,1022.2392186856505
2026-03-29T17:30:00Z,2026-03-29T17:45:00Z,2026-03-29,2026-03-29_75,0.0,0,0,100,143.99999999999997,143.99999999999997,0.0,0.0,0.0,True,True,True,False,0.0,1022.2392186856505,0.0,0.0,0.0,0.0,1022.2392186856505
2026-03-29T17:45:00Z,2026-03-29T18:00:00Z,2026-03-29,2026-03-29_76,0.0,0,0,100,143.99999999999997,143.99999999999997,0.0,0.0,0.0,True,True,True,False,0.0,1022.2392186856505,0.0,0.0,0.0,0.0,1022.2392186856505
2026-03-29T18:00:00Z,2026-03-29T18:15:00Z,2026-03-29,2026-03-29_77,90.0,0,90,10,143.99999999999997,120.63745341614904,0.06489596273291925,0.0,1.006457142857143,True,True,True,False,3151.575,102.22392186856504,0.0,40.45419779961169,0.0,12.887096411971863,3307.1402160801485
2026-03-29T18:15:00Z,2026-03-29T18:30:00Z,2026-03-29,2026-03-29_78,90.0,0,90,10,120.63745341614904,97.25310559006209,0.06495652173913043,0.0,0.9863999999999999,True,True,True,False,2895.7499999999995,102.22392186856504,0.0,40.45419779961169,0.0,-49.79626381126081,2988.6318558569155
2026-03-29T18:30:00Z,2026-03-29T18:45:00Z,2026-03-29,2026-03-29_79,90.0,0,90,10,97.25310559006209,79.68745341614905,0.048793478260869556,0.0,6.3396,True,True,True,False,2605.725,102.22392186856504,0.0,40.45419779961169,0.0,-43.323273048184966,2705.0798466199917
2026-03-29T18:45:00Z,2026-03-29T19:00:00Z,2026-03-29,2026-03-29_80,90.0,0,90,10,79.68745341614905,64.53391304347825,0.04209316770186335,0.0,8.558742857142857,True,True,True,False,2341.125,102.22392186856504,0.0,40.45419779961169,0.0,20.534537489809125,2504.3376571579856
2026-03-29T19:00:00Z,2026-03-29T19:15:00Z,2026-03-29,2026-03-29_81,0.0,0,0,100,64.53391304347825,64.53391304347825,0.0,0.0,0.0,True,False,True,False,0.0,1022.2392186856505,0.0,0.0,0.0,0.0,1022.2392186856505
2026-03-29T19:15:00Z,2026-03-29T19:30:00Z,2026-03-29,2026-03-29_82,0.0,0,0,100,64.53391304347825,64.53391304347825,0.0,0.0,0.0,True,False,True,False,0.0,1022.2392186856505,0.0,0.0,0.0,0.0,1022.2392186856505
2026-03-29T19:30:00Z,2026-03-29T19:45:00Z,2026-03-29,2026-03-29_83,0.0,0,0,100,64.53391304347825,64.53391304347825,0.0,0.0,0.0,True,False,True,False,0.0,1022.2392186856505,0.0,0.0,0.0,0.0,1022.2392186856505
2026-03-29T19:45:00Z,2026-03-29T20:00:00Z,2026-03-29,2026-03-29_84,0.0,0,0,100,64.53391304347825,64.53391304347825,0.0,0.0,0.0,True,False,True,False,0.0,1022.2392186856505,0.0,0.0,0.0,0.0,1022.2392186856505
2026-03-29T20:00:00Z,2026-03-29T20:15:00Z,2026-03-29,2026-03-29_85,0.0,100,100,0,64.53391304347825,57.55702360248446,0.04010215320910973,9.850285714285715,4.054285714285714,True,True,True,False,0.0,0.0,99.75289757015943,44.94910866623522,1790.267358105212,451.45363131308886,2386.4229956546956
2026-03-29T20:15:00Z,2026-03-29T20:30:00Z,2026-03-29,2026-03-29_86,0.0,100,100,0,57.55702360248446,47.316029813664585,0.028447204968944095,9.421714285714286,0.0,True,True,True,False,0.0,0.0,99.75289757015943,44.94910866623522,1983.5192832348564,0.0,2128.221289471251
2026-03-29T20:30:00Z,2026-03-29T20:45:00Z,2026-03-29,2026-03-29_87,0.0,100,100,0,47.316029813664585,50.88447801242235,0.010733612146307797,0.13599999999999998,4.039428571428571,True,True,True,False,0.0,0.0,99.75289757015943,44.94910866623522,18.580318879802313,100.45376231659928,263.73608743279624
2026-03-29T20:45:00Z,2026-03-29T21:00:00Z,2026-03-29,2026-03-29_88,0.0,100,100,0,50.88447801242235,66.91403229813663,0.044526539682539674,0.0,17.42342857142857,True,True,True,False,0.0,0.0,99.75289757015943,44.94910866623522,0.0,8351.973158176372,8496.675164412767
2026-03-29T21:00:00Z,2026-03-29T21:15:00Z,2026-03-30,2026-03-29_89,100.0,0,100,0,66.91403229813663,47.65316273291924,0.0535024154589372,0.0,7.28,True,True,True,False,3257.75,0.0,0.0,44.03718303229982,0.0,2797.4782373360003,6099.2654203683005
2026-03-29T21:15:00Z,2026-03-29T21:30:00Z,2026-03-30,2026-03-29_90,0.0,0,100,0,47.65316273291924,48.99373416149067,0.0037238095238095238,0.0,1.457142857142857,True,True,True,False,0.0,0.0,0.0,44.03718303229982,0.0,-74.01306112843443,-29.975878096134608
2026-03-29T21:30:00Z,2026-03-29T21:45:00Z,2026-03-30,2026-03-29_91,0.0,0,100,0,48.99373416149067,52.536522732919245,0.009841079365079365,0.0,3.8508571428571425,True,True,True,False,0.0,0.0,0.0,44.03718303229982,0.0,214.67711063857206,258.7142936708719
2026-03-29T21:45:00Z,2026-03-29T22:00:00Z,2026-03-30,2026-03-29_92,0.0,0,100,0,52.536522732919245,61.67080844720496,0.025373015873015877,0.0,9.928571428571429,True,True,True,False,0.0,0.0,0.0,44.03718303229982,0.0,209.18713946718887,253.2243224994887
2026-03-29T22:00:00Z,2026-03-29T22:15:00Z,2026-03-30,2026-03-30_1,0.0,5,5,95,61.67080844720496,62.35273873291925,0.001894250793650794,0.0,0.7412285714285715,True,True,True,False,0.0,971.1272577513679,5.208272048008472,2.200388303818321,0.0,61.29181567615574,1039.8277337793504
2026-03-29T22:15:00Z,2026-03-29T22:30:00Z,2026-03-30,2026-03-30_2,0.0,5,5,95,62.35273873291925,62.83828844720497,0.0013487492063492068,0.0,0.5277714285714287,True,True,True,False,0.0,971.1272577513679,5.208272048008472,2.200388303818321,0.0,6.56228826935846,985.0982063725531
2026-03-29T22:30:00Z,2026-03-29T22:45:00Z,2026-03-30,2026-03-30_3,0.0,5,5,95,62.83828844720497,62.86788859627329,8.308530020703933e-05,0.00014285714285714287,0.03234285714285714,True,True,True,False,0.0,971.1272577513679,5.208272048008472,2.200388303818321,0.016809689104800008,-1.703278841924485,976.849448950375
2026-03-29T22:45:00Z,2026-03-29T23:00:00Z,2026-03-30,2026-03-30_4,0.0,5,5,95,62.86788859627329,62.87918961490683,4.1916218081435475e-05,0.0017428571428571428,0.014342857142857143,True,True,True,False,0.0,971.1272577513679,5.208272048008472,2.200388303818321,0.2213275788164298,-0.8145424206512634,977.9427032613598
2026-03-29T23:00:00Z,2026-03-29T23:15:00Z,2026-03-30,2026-03-30_5,0.0,61,61,39,62.87918961490683,63.84664021863353,0.0026894676880607313,0.0003485714285714286,1.0519885714285713,True,True,True,False,0.0,398.6732952874036,63.54091898570336,26.862681649702893,0.047851581651664025,-48.930641380411664,440.1941061240499
2026-03-29T23:15:00Z,2026-03-29T23:30:00Z,2026-03-30,2026-03-30_6,0.0,61,61,39,63.84664021863353,67.97418604720497,0.01146540507936508,0.0,4.4864628571428575,True,True,True,False,0.0,398.6732952874036,63.54091898570336,26.862681649702893,0.0,22.575290539226813,511.6521864620367
2026-03-29T23:30:00Z,2026-03-29T23:45:00Z,2026-03-30,2026-03-30_7,0.0,61,61,39,67.97418604720497,72.33390833291925,0.012110339682539686,0.0,4.738828571428572,True,True,True,False,0.0,398.6732952874036,63.54091898570336,26.862681649702893,0.0,6.864150110523707,495.9410460333336
2026-03-29T23:45:00Z,2026-03-30T00:00:00Z,2026-03-30,2026-03-30_8,0.0,61,61,39,72.33390833291925,82.47687679006211,0.028174912380952384,0.0,11.024965714285715,True,True,True,False,0.0,398.6732952874036,63.54091898570336,26.862681649702893,0.0,586.6425099387287,1075.7194058615387
2026-03-30T00:00:00Z,2026-03-30T00:15:00Z,2026-03-30,2026-03-30_9,0.0,0,0,100,82.47687679006211,82.47687679006211,0.0,0.0,0.0,True,True,True,False,0.0,1022.2392186856505,0.0,0.0,0.0,0.0,1022.2392186856505
2026-03-30T00:15:00Z,2026-03-30T00:30:00Z,2026-03-30,2026-03-30_10,0.0,0,0,100,82.47687679006211,82.47687679006211,0.0,0.0,0.0,True,True,True,False,0.0,1022.2392186856505,0.0,0.0,0.0,0.0,1022.2392186856505
2026-03-30T00:30:00Z,2026-03-30T00:45:00Z,2026-03-30,2026-03-30_11,0.0,0,0,100,82.47687679006211,82.47687679006211,0.0,0.0,0.0,True,True,True,False,0.0,1022.2392186856505,0.0,0.0,0.0,0.0,1022.2392186856505
2026-03-30T00:45:00Z,2026-03-30T01:00:00Z,2026-03-30,2026-03-30_12,0.0,0,0,100,82.47687679006211,82.47687679006211,0.0,0.0,0.0,True,True,True,False,0.0,1022.2392186856505,0.0,0.0,0.0,0.0,1022.2392186856505
2026-03-30T01:00:00Z,2026-03-30T01:15:00Z,2026-03-30,2026-03-30_13,-100.0,100,0,0,82.47687679006211,99.47532250434782,0.047217904761904766,6.523428571428572,0.0,True,True,True,False,-1740.5,0.0,104.16544096016943,0.0,1014.7461738065823,0.0,-621.5883852332482
2026-03-30T01:15:00Z,2026-03-30T01:30:00Z,2026-03-30,2026-03-30_14,-100.0,100,0,0,99.47532250434782,103.3351167900621,0.010721650793650788,20.804571428571432,0.0,True,True,True,False,-2035.7500000000002,0.0,104.16544096016943,0.0,6840.681480933611,0.0,4909.09692189378
2026-03-30T01:30:00Z,2026-03-30T01:45:00Z,2026-03-30,2026-03-30_15,-100.0,100,0,0,103.3351167900621,104.17257964720496,0.002326285714285719,24.089714285714283,0.0,True,True,True,False,-1444.5,0.0,104.16544096016943,0.0,10082.460290639523,0.0,8742.125731599692
2026-03-30T01:45:00Z,2026-03-30T02:00:00Z,2026-03-30,2026-03-30_16,-100.0,100,0,0,104.17257964720496,111.63509393291925,0.02072920634920635,16.888571428571428,0.0,True,True,True,False,-1789.5,0.0,104.16544096016943,0.0,3266.9586957922543,0.0,1581.6241367524237
2026-03-30T02:00:00Z,2026-03-30T02:15:00Z,2026-03-30,2026-03-30_17,-100.0,100,0,0,111.63509393291925,125.65747107577639,0.03895104761904762,9.758285714285716,0.0,True,True,True,False,-1552.0,0.0,104.16544096016943,0.0,1560.9621061419805,0.0,113.12754710214992
2026-03-30T02:15:00Z,2026-03-30T02:30:00Z,2026-03-30,2026-03-30_18,-100.0,100,0,0,125.65747107577639,136.2201225043478,0.029340698412698412,13.518857142857144,0.0,True,True,True,False,-1704.0,0.0,104.16544096016943,0.0,2295.7718905016854,0.0,695.9373314618549
2026-03-30T02:30:00Z,2026-03-30T02:45:00Z,2026-03-30,2026-03-30_19,-99.52129279663457,100,0,0,136.2201225043478,153.18322981366455,0.047305807327077454,6.436571428571428,0.0,True,True,True,False,-1862.2921914570243,0.0,104.16544096016943,0.0,961.9487620504458,0.0,-796.177988446409
2026-03-30T02:45:00Z,2026-03-30T03:00:00Z,2026-03-30,2026-03-30_20,0.0,100,0,0,153.18322981366455,143.99999999999994,0.02550897170462388,8.448571428571428,0.0,True,True,True,False,0.0,0.0,104.16544096016943,0.0,1451.722414319614,0.0,1555.8878552797835
2026-03-30T03:00:00Z,2026-03-30T03:15:00Z,2026-03-30,2026-03-30_21,0.0,0,0,100,143.99999999999994,143.99999999999994,0.0,0.0,0.0,True,True,True,False,0.0,1022.2392186856505,0.0,0.0,0.0,0.0,1022.2392186856505
2026-03-30T03:15:00Z,2026-03-30T03:30:00Z,2026-03-30,2026-03-30_22,0.0,0,0,100,143.99999999999994,143.99999999999994,0.0,0.0,0.0,True,True,True,False,0.0,1022.2392186856505,0.0,0.0,0.0,0.0,1022.2392186856505
2026-03-30T03:30:00Z,2026-03-30T03:45:00Z,2026-03-30,2026-03-30_23,0.0,0,0,100,143.99999999999994,143.99999999999994,0.0,0.0,0.0,True,True,True,False,0.0,1022.2392186856505,0.0,0.0,0.0,0.0,1022.2392186856505
2026-03-30T03:45:00Z,2026-03-30T04:00:00Z,2026-03-30,2026-03-30_24,0.0,0,0,100,143.99999999999994,143.99999999999994,0.0,0.0,0.0,True,True,True,False,0.0,1022.2392186856505,0.0,0.0,0.0,0.0,1022.2392186856505
2026-03-30T04:00:00Z,2026-03-30T04:15:00Z,2026-03-30,2026-03-30_25,0.0,0,0,100,143.99999999999994,143.99999999999994,0.0,0.0,0.0,True,False,True,False,0.0,1022.2392186856505,0.0,0.0,0.0,0.0,1022.2392186856505
2026-03-30T04:15:00Z,2026-03-30T04:30:00Z,2026-03-30,2026-03-30_26,0.0,0,0,100,143.99999999999994,143.99999999999994,0.0,0.0,0.0,True,False,True,False,0.0,1022.2392186856505,0.0,0.0,0.0,0.0,1022.2392186856505
2026-03-30T04:30:00Z,2026-03-30T04:45:00Z,2026-03-30,2026-03-30_27,0.0,0,0,100,143.99999999999994,143.99999999999994,0.0,0.0,0.0,True,False,True,False,0.0,1022.2392186856505,0.0,0.0,0.0,0.0,1022.2392186856505
2026-03-30T04:45:00Z,2026-03-30T05:00:00Z,2026-03-30,2026-03-30_28,0.0,0,0,100,143.99999999999994,143.99999999999994,0.0,0.0,0.0,True,False,True,False,0.0,1022.2392186856505,0.0,0.0,0.0,0.0,1022.2392186856505
2026-03-30T05:00:00Z,2026-03-30T05:15:00Z,2026-03-30,2026-03-30_29,0.0,0,0,100,143.99999999999994,143.99999999999994,0.0,0.0,0.0,True,False,True,False,0.0,1022.2392186856505,0.0,0.0,0.0,0.0,1022.2392186856505
2026-03-30T05:15:00Z,2026-03-30T05:30:00Z,2026-03-30,2026-03-30_30,0.0,0,0,100,143.99999999999994,143.99999999999994,0.0,0.0,0.0,True,False,True,False,0.0,1022.2392186856505,0.0,0.0,0.0,0.0,1022.2392186856505
2026-03-30T05:30:00Z,2026-03-30T05:45:00Z,2026-03-30,2026-03-30_31,0.0,0,0,100,143.99999999999994,143.99999999999994,0.0,0.0,0.0,True,False,True,False,0.0,1022.2392186856505,0.0,0.0,0.0,0.0,1022.2392186856505
2026-03-30T05:45:00Z,2026-03-30T06:00:00Z,2026-03-30,2026-03-30_32,0.0,0,0,100,143.99999999999994,143.99999999999994,0.0,0.0,0.0,True,False,True,False,0.0,1022.2392186856505,0.0,0.0,0.0,0.0,1022.2392186856505
2026-03-30T06:00:00Z,2026-03-30T06:15:00Z,2026-03-30,2026-03-30_33,100.0,0,100,0,143.99999999999994,117.74347826086951,0.07293478260869565,0.0,0.8440000000000001,True,True,True,False,4555.75,0.0,0.0,48.89098076131082,0.0,-31.30104371359652,4573.339937047715
2026-03-30T06:15:00Z,2026-03-30T06:30:00Z,2026-03-30,2026-03-30_34,100.0,0,100,0,117.74347826086951,91.17888198757758,0.07379054520358866,0.0,0.5605714285714286,True,True,True,False,4481.5,0.0,0.0,48.89098076131082,0.0,-30.03972902781164,4500.351251733499
2026-03-30T06:30:00Z,2026-03-30T06:45:00Z,2026-03-30,2026-03-30_35,90.48142811364374,0,100,0,91.17888198757758,71.45172273291917,0.057005284310609604,0.0,4.537714285714286,True,True,True,False,3790.719430821105,0.0,0.0,48.89098076131082,0.0,165.72966691601042,4005.3400784984265
2026-03-30T06:45:00Z,2026-03-30T07:00:00Z,2026-03-30,2026-03-30_36,0.0,0,100,0,71.45172273291917,86.97921987577631,0.043131936507936515,0.0,16.877714285714287,True,True,True,False,0.0,0.0,0.0,48.89098076131082,0.0,1115.2676825322117,1164.1586632935225
2026-03-30T07:00:00Z,2026-03-30T07:15:00Z,2026-03-30,2026-03-30_37,0.0,0,0,100,86.97921987577631,86.97921987577631,0.0,0.0,0.0,True,True,True,False,0.0,1022.2392186856505,0.0,0.0,0.0,0.0,1022.2392186856505
2026-03-30T07:15:00Z,2026-03-30T07:30:00Z,2026-03-30,2026-03-30_38,0.0,0,0,100,86.97921987577631,86.97921987577631,0.0,0.0,0.0,True,True,True,False,0.0,1022.2392186856505,0.0,0.0,0.0,0.0,1022.2392186856505
2026-03-30T07:30:00Z,2026-03-30T07:45:00Z,2026-03-30,2026-03-30_39,0.0,0,0,100,86.97921987577631,86.97921987577631,0.0,0.0,0.0,True,True,True,False,0.0,1022.2392186856505,0.0,0.0,0.0,0.0,1022.2392186856505
2026-03-30T07:45:00Z,2026-03-30T08:00:00Z,2026-03-30,2026-03-30_40,0.0,0,0,100,86.97921987577631,86.97921987577631,0.0,0.0,0.0,True,True,True,False,0.0,1022.2392186856505,0.0,0.0,0.0,0.0,1022.2392186856505
2026-03-30T08:00:00Z,2026-03-30T08:15:00Z,2026-03-30,2026-03-30_41,0.0,0,0,100,86.97921987577631,86.97921987577631,0.0,0.0,0.0,True,True,True,False,0.0,1022.2392186856505,0.0,0.0,0.0,0.0,1022.2392186856505
2026-03-30T08:15:00Z,2026-03-30T08:30:00Z,2026-03-30,2026-03-30_42,0.0,0,0,100,86.97921987577631,86.97921987577631,0.0,0.0,0.0,True,True,True,False,0.0,1022.2392186856505,0.0,0.0,0.0,0.0,1022.2392186856505
2026-03-30T08:30:00Z,2026-03-30T08:45:00Z,2026-03-30,2026-03-30_43,0.0,0,0,100,86.97921987577631,86.97921987577631,0.0,0.0,0.0,True,True,True,False,0.0,1022.2392186856505,0.0,0.0,0.0,0.0,1022.2392186856505
2026-03-30T08:45:00Z,2026-03-30T09:00:00Z,2026-03-30,2026-03-30_44,0.0,0,0,100,86.97921987577631,86.97921987577631,0.0,0.0,0.0,True,True,True,False,0.0,1022.2392186856505,0.0,0.0,0.0,0.0,1022.2392186856505
2026-03-30T09:00:00Z,2026-03-30T09:15:00Z,2026-03-30,2026-03-30_45,0.0,0,0,100,86.97921987577631,86.97921987577631,0.0,0.0,0.0,True,True,True,False,0.0,1022.2392186856505,0.0,0.0,0.0,0.0,1022.2392186856505
2026-03-30T09:15:00Z,2026-03-30T09:30:00Z,2026-03-30,2026-03-30_46,0.0,0,0,100,86.97921987577631,86.97921987577631,0.0,0.0,0.0,True,True,True,False,0.0,1022.2392186856505,0.0,0.0,0.0,0.0,1022.2392186856505
2026-03-30T09:30:00Z,2026-03-30T09:45:00Z,2026-03-30,2026-03-30_47,0.0,0,0,100,86.97921987577631,86.97921987577631,0.0,0.0,0.0,True,True,True,False,0.0,1022.2392186856505,0.0,0.0,0.0,0.0,1022.2392186856505
2026-03-30T09:45:00Z,2026-03-30T10:00:00Z,2026-03-30,2026-03-30_48,0.0,0,0,100,86.97921987577631,86.97921987577631,0.0,0.0,0.0,True,True,True,False,0.0,1022.2392186856505,0.0,0.0,0.0,0.0,1022.2392186856505
2026-03-30T10:00:00Z,2026-03-30T10:15:00Z,2026-03-30,2026-03-30_49,0.0,0,0,100,86.97921987577631,86.97921987577631,0.0,0.0,0.0,True,True,True,False,0.0,1022.2392186856505,0.0,0.0,0.0,0.0,1022.2392186856505
2026-03-30T10:15:00Z,2026-03-30T10:30:00Z,2026-03-30,2026-03-30_50,0.0,0,0,100,86.97921987577631,86.97921987577631,0.0,0.0,0.0,True,True,True,False,0.0,1022.2392186856505,0.0,0.0,0.0,0.0,1022.2392186856505
2026-03-30T10:30:00Z,2026-03-30T10:45:00Z,2026-03-30,2026-03-30_51,0.0,0,0,100,86.97921987577631,86.97921987577631,0.0,0.0,0.0,True,True,True,False,0.0,1022.2392186856505,0.0,0.0,0.0,0.0,1022.2392186856505
2026-03-30T10:45:00Z,2026-03-30T11:00:00Z,2026-03-30,2026-03-30_52,0.0,0,0,100,86.97921987577631,86.97921987577631,0.0,0.0,0.0,True,True,True,False,0.0,1022.2392186856505,0.0,0.0,0.0,0.0,1022.2392186856505
2026-03-30T11:00:00Z,2026-03-30T11:15:00Z,2026-03-30,2026-03-30_53,0.0,0,0,100,86.97921987577631,86.97921987577631,0.0,0.0,0.0,True,True,True,False,0.0,1022.2392186856505,0.0,0.0,0.0,0.0,1022.2392186856505
2026-03-30T11:15:00Z,2026-03-30T11:30:00Z,2026-03-30,2026-03-30_54,0.0,0,0,100,86.97921987577631,86.97921987577631,0.0,0.0,0.0,True,True,True,False,0.0,1022.2392186856505,0.0,0.0,0.0,0.0,1022.2392186856505
2026-03-30T11:30:00Z,2026-03-30T11:45:00Z,2026-03-30,2026-03-30_55,0.0,0,0,100,86.97921987577631,86.97921987577631,0.0,0.0,0.0,True,True,True,False,0.0,1022.2392186856505,0.0,0.0,0.0,0.0,1022.2392186856505
2026-03-30T11:45:00Z,2026-03-30T12:00:00Z,2026-03-30,2026-03-30_56,0.0,0,0,100,86.97921987577631,86.97921987577631,0.0,0.0,0.0,True,True,True,False,0.0,1022.2392186856505,0.0,0.0,0.0,0.0,1022.2392186856505
2026-03-30T12:00:00Z,2026-03-30T12:15:00Z,2026-03-30,2026-03-30_57,0.0,0,0,100,86.97921987577631,86.97921987577631,0.0,0.0,0.0,True,True,True,False,0.0,1022.2392186856505,0.0,0.0,0.0,0.0,1022.2392186856505
2026-03-30T12:15:00Z,2026-03-30T12:30:00Z,2026-03-30,2026-03-30_58,0.0,0,0,100,86.97921987577631,86.97921987577631,0.0,0.0,0.0,True,True,True,False,0.0,1022.2392186856505,0.0,0.0,0.0,0.0,1022.2392186856505
2026-03-30T12:30:00Z,2026-03-30T12:45:00Z,2026-03-30,2026-03-30_59,0.0,0,0,100,86.97921987577631,86.97921987577631,0.0,0.0,0.0,True,True,True,False,0.0,1022.2392186856505,0.0,0.0,0.0,0.0,1022.2392186856505
2026-03-30T12:45:00Z,2026-03-30T13:00:00Z,2026-03-30,2026-03-30_60,0.0,0,0,100,86.97921987577631,86.97921987577631,0.0,0.0,0.0,True,True,True,False,0.0,1022.2392186856505,0.0,0.0,0.0,0.0,1022.2392186856505
2026-03-30T13:00:00Z,2026-03-30T13:15:00Z,2026-03-30,2026-03-30_61,0.0,0,0,100,86.97921987577631,86.97921987577631,0.0,0.0,0.0,True,True,True,False,0.0,1022.2392186856505,0.0,0.0,0.0,0.0,1022.2392186856505
2026-03-30T13:15:00Z,2026-03-30T13:30:00Z,2026-03-30,2026-03-30_62,0.0,0,0,100,86.97921987577631,86.97921987577631,0.0,0.0,0.0,True,True,True,False,0.0,1022.2392186856505,0.0,0.0,0.0,0.0,1022.2392186856505
2026-03-30T13:30:00Z,2026-03-30T13:45:00Z,2026-03-30,2026-03-30_63,0.0,0,0,100,86.97921987577631,86.97921987577631,0.0,0.0,0.0,True,True,True,False,0.0,1022.2392186856505,0.0,0.0,0.0,0.0,1022.2392186856505
2026-03-30T13:45:00Z,2026-03-30T14:00:00Z,2026-03-30,2026-03-30_64,0.0,0,0,100,86.97921987577631,86.97921987577631,0.0,0.0,0.0,True,True,True,False,0.0,1022.2392186856505,0.0,0.0,0.0,0.0,1022.2392186856505
2026-03-30T14:00:00Z,2026-03-30T14:15:00Z,2026-03-30,2026-03-30_65,0.0,100,100,0,86.97921987577631,102.39211130434774,0.04281358730158731,0.0,16.75314285714286,True,True,True,False,0.0,0.0,106.98946872977584,44.419603459434015,0.0,1527.479488200999,1678.8885603902088
2026-03-30T14:15:00Z,2026-03-30T14:30:00Z,2026-03-30,2026-03-30_66,0.0,100,100,0,102.39211130434774,113.5892998757763,0.03110330158730159,0.0,12.170857142857143,True,True,True,False,0.0,0.0,106.98946872977584,44.419603459434015,0.0,330.1987364717023,481.60780866091216
2026-03-30T14:30:00Z,2026-03-30T14:45:00Z,2026-03-30,2026-03-30_67,9.267948727305655e-14,100,100,0,113.5892998757763,131.72328844720485,0.050372190476190445,0.0,19.710857142857144,True,True,True,False,3.6008297792764296e-12,0.0,106.98946872977584,44.419603459434015,0.0,1022.7604313366227,1174.169503525836
2026-03-30T14:45:00Z,2026-03-30T15:00:00Z,2026-03-30,2026-03-30_68,0.0,100,100,0,131.72328844720485,143.63281987577628,0.03308203174603175,0.0,12.945142857142859,True,True,True,False,0.0,0.0,106.98946872977584,44.419603459434015,0.0,513.9164085538905,665.3254807431003
2026-03-30T15:00:00Z,2026-03-30T15:15:00Z,2026-03-30,2026-03-30_69,0.0,0,0,100,143.63281987577628,143.63281987577628,0.0,0.0,0.0,True,False,True,False,0.0,1022.2392186856505,0.0,0.0,0.0,0.0,1022.2392186856505
2026-03-30T15:15:00Z,2026-03-30T15:30:00Z,2026-03-30,2026-03-30_70,0.0,0,0,100,143.63281987577628,143.63281987577628,0.0,0.0,0.0,True,False,True,False,0.0,1022.2392186856505,0.0,0.0,0.0,0.0,1022.2392186856505
2026-03-30T15:30:00Z,2026-03-30T15:45:00Z,2026-03-30,2026-03-30_71,0.0,0,0,100,143.63281987577628,143.63281987577628,0.0,0.0,0.0,True,False,True,False,0.0,1022.2392186856505,0.0,0.0,0.0,0.0,1022.2392186856505
2026-03-30T15:45:00Z,2026-03-30T16:00:00Z,2026-03-30,2026-03-30_72,0.0,0,0,100,143.63281987577628,143.63281987577628,0.0,0.0,0.0,True,False,True,False,0.0,1022.2392186856505,0.0,0.0,0.0,0.0,1022.2392186856505
2026-03-30T16:00:00Z,2026-03-30T16:15:00Z,2026-03-30,2026-03-30_73,0.0,0,0,100,143.63281987577628,143.63281987577628,0.0,0.0,0.0,True,False,True,False,0.0,1022.2392186856505,0.0,0.0,0.0,0.0,1022.2392186856505
2026-03-30T16:15:00Z,2026-03-30T16:30:00Z,2026-03-30,2026-03-30_74,0.0,0,0,100,143.63281987577628,143.63281987577628,0.0,0.0,0.0,True,False,True,False,0.0,1022.2392186856505,0.0,0.0,0.0,0.0,1022.2392186856505
2026-03-30T16:30:00Z,2026-03-30T16:45:00Z,2026-03-30,2026-03-30_75,0.0,0,0,100,143.63281987577628,143.63281987577628,0.0,0.0,0.0,True,False,True,False,0.0,1022.2392186856505,0.0,0.0,0.0,0.0,1022.2392186856505
2026-03-30T16:45:00Z,2026-03-30T17:00:00Z,2026-03-30,2026-03-30_76,0.0,0,0,100,143.63281987577628,143.63281987577628,0.0,0.0,0.0,True,False,True,False,0.0,1022.2392186856505,0.0,0.0,0.0,0.0,1022.2392186856505
2026-03-30T17:00:00Z,2026-03-30T17:15:00Z,2026-03-30,2026-03-30_77,76.0,0,76,24,143.63281987577628,123.59147826086945,0.05567039337474119,0.0,0.5619657142857143,True,True,True,False,3671.9399999999996,245.33741248455607,0.0,33.02112137436018,0.0,-38.932803061604716,3911.3657307973112
2026-03-30T17:15:00Z,2026-03-30T17:30:00Z,2026-03-30,2026-03-30_78,76.0,0,76,24,123.59147826086945,102.9614906832297,0.05730552104899931,0.0,0.02041142857142857,True,True,True,False,4087.09,245.33741248455607,0.0,33.02112137436018,0.0,-1.6051818668280395,4363.843351992088
2026-03-30T17:30:00Z,2026-03-30T17:45:00Z,2026-03-30,2026-03-30_79,76.0,0,76,24,102.9614906832297,82.34755279503094,0.057260938578329874,0.0,0.03517714285714286,True,True,True,False,4237.0,245.33741248455607,0.0,33.02112137436018,0.0,-2.766377259852579,4512.592156599064
2026-03-30T17:45:00Z,2026-03-30T18:00:00Z,2026-03-30,2026-03-30_80,76.0,0,76,24,82.34755279503094,64.3478260869564,0.04999924085576259,0.0,2.440251428571428,True,True,True,False,4183.04,245.33741248455607,0.0,33.02112137436018,0.0,-134.283459797107,4327.1150740618095
2026-03-30T18:00:00Z,2026-03-30T18:15:00Z,2026-03-30,2026-03-30_81,0.0,0,0,100,64.3478260869564,64.3478260869564,0.0,0.0,0.0,True,True,True,False,0.0,1022.2392186856505,0.0,0.0,0.0,0.0,1022.2392186856505
2026-03-30T18:15:00Z,2026-03-30T18:30:00Z,2026-03-30,2026-03-30_82,0.0,0,0,100,64.3478260869564,64.3478260869564,0.0,0.0,0.0,True,True,True,False,0.0,1022.2392186856505,0.0,0.0,0.0,0.0,1022.2392186856505
2026-03-30T18:30:00Z,2026-03-30T18:45:00Z,2026-03-30,2026-03-30_83,0.0,0,0,100,64.3478260869564,64.3478260869564,0.0,0.0,0.0,True,True,True,False,0.0,1022.2392186856505,0.0,0.0,0.0,0.0,1022.2392186856505
2026-03-30T18:45:00Z,2026-03-30T19:00:00Z,2026-03-30,2026-03-30_84,0.0,0,0,100,64.3478260869564,64.3478260869564,0.0,0.0,0.0,True,True,True,False,0.0,1022.2392186856505,0.0,0.0,0.0,0.0,1022.2392186856505
2026-03-30T19:00:00Z,2026-03-30T19:15:00Z,2026-03-30,2026-03-30_85,0.0,0,0,100,64.3478260869564,64.3478260869564,0.0,0.0,0.0,True,True,True,False,0.0,1022.2392186856505,0.0,0.0,0.0,0.0,1022.2392186856505
2026-03-30T19:15:00Z,2026-03-30T19:30:00Z,2026-03-30,2026-03-30_86,0.0,0,0,100,64.3478260869564,64.3478260869564,0.0,0.0,0.0,True,True,True,False,0.0,1022.2392186856505,0.0,0.0,0.0,0.0,1022.2392186856505
2026-03-30T19:30:00Z,2026-03-30T19:45:00Z,2026-03-30,2026-03-30_87,0.0,0,0,100,64.3478260869564,64.3478260869564,0.0,0.0,0.0,True,True,True,False,0.0,1022.2392186856505,0.0,0.0,0.0,0.0,1022.2392186856505
2026-03-30T19:45:00Z,2026-03-30T20:00:00Z,2026-03-30,2026-03-30_88,0.0,0,0,100,64.3478260869564,64.3478260869564,0.0,0.0,0.0,True,True,True,False,0.0,1022.2392186856505,0.0,0.0,0.0,0.0,1022.2392186856505
2026-03-30T20:00:00Z,2026-03-30T20:15:00Z,2026-03-30,2026-03-30_89,0.0,0,0,100,64.3478260869564,64.3478260869564,0.0,0.0,0.0,True,True,True,False,0.0,1022.2392186856505,0.0,0.0,0.0,0.0,1022.2392186856505
2026-03-30T20:15:00Z,2026-03-30T20:30:00Z,2026-03-30,2026-03-30_90,0.0,0,0,100,64.3478260869564,64.3478260869564,0.0,0.0,0.0,True,True,True,False,0.0,1022.2392186856505,0.0,0.0,0.0,0.0,1022.2392186856505
2026-03-30T20:30:00Z,2026-03-30T20:45:00Z,2026-03-30,2026-03-30_91,0.0,0,0,100,64.3478260869564,64.3478260869564,0.0,0.0,0.0,True,True,True,False,0.0,1022.2392186856505,0.0,0.0,0.0,0.0,1022.2392186856505
2026-03-30T20:45:00Z,2026-03-30T21:00:00Z,2026-03-30,2026-03-30_92,0.0,0,0,100,64.3478260869564,64.3478260869564,0.0,0.0,0.0,True,True,True,False,0.0,1022.2392186856505,0.0,0.0,0.0,0.0,1022.2392186856505
2026-03-30T21:00:00Z,2026-03-30T21:15:00Z,2026-03-31,2026-03-30_93,0.0,0,0,100,64.3478260869564,64.3478260869564,0.0,0.0,0.0,True,True,True,False,0.0,1022.2793151464041,0.0,0.0,0.0,0.0,1022.2793151464041
2026-03-30T21:15:00Z,2026-03-30T21:30:00Z,2026-03-31,2026-03-30_94,0.0,0,0,100,64.3478260869564,64.3478260869564,0.0,0.0,0.0,True,True,True,False,0.0,1022.2793151464041,0.0,0.0,0.0,0.0,1022.2793151464041
2026-03-30T21:30:00Z,2026-03-30T21:45:00Z,2026-03-31,2026-03-30_95,0.0,0,0,100,64.3478260869564,64.3478260869564,0.0,0.0,0.0,True,True,True,False,0.0,1022.2793151464041,0.0,0.0,0.0,0.0,1022.2793151464041
2026-03-30T21:45:00Z,2026-03-30T22:00:00Z,2026-03-31,2026-03-30_96,0.0,0,0,100,64.3478260869564,64.3478260869564,0.0,0.0,0.0,True,True,True,False,0.0,1022.2793151464041,0.0,0.0,0.0,0.0,1022.2793151464041
2026-03-30T22:00:00Z,2026-03-30T22:15:00Z,2026-03-31,2026-03-31_1,0.0,0,0,100,64.3478260869564,64.3478260869564,0.0,0.0,0.0,True,True,True,False,0.0,1022.2793151464041,0.0,0.0,0.0,0.0,1022.2793151464041
2026-03-30T22:15:00Z,2026-03-30T22:30:00Z,2026-03-31,2026-03-31_2,0.0,0,0,100,64.3478260869564,64.3478260869564,0.0,0.0,0.0,True,True,True,False,0.0,1022.2793151464041,0.0,0.0,0.0,0.0,1022.2793151464041
2026-03-30T22:30:00Z,2026-03-30T22:45:00Z,2026-03-31,2026-03-31_3,0.0,0,0,100,64.3478260869564,64.3478260869564,0.0,0.0,0.0,True,True,True,False,0.0,1022.2793151464041,0.0,0.0,0.0,0.0,1022.2793151464041
2026-03-30T22:45:00Z,2026-03-30T23:00:00Z,2026-03-31,2026-03-31_4,0.0,0,0,100,64.3478260869564,64.3478260869564,0.0,0.0,0.0,True,True,True,False,0.0,1022.2793151464041,0.0,0.0,0.0,0.0,1022.2793151464041
2026-03-30T23:00:00Z,2026-03-30T23:15:00Z,2026-03-31,2026-03-31_5,0.0,0,0,100,64.3478260869564,64.3478260869564,0.0,0.0,0.0,True,True,True,False,0.0,1022.2793151464041,0.0,0.0,0.0,0.0,1022.2793151464041
2026-03-30T23:15:00Z,2026-03-30T23:30:00Z,2026-03-31,2026-03-31_6,0.0,0,0,100,64.3478260869564,64.3478260869564,0.0,0.0,0.0,True,True,True,False,0.0,1022.2793151464041,0.0,0.0,0.0,0.0,1022.2793151464041
2026-03-30T23:30:00Z,2026-03-30T23:45:00Z,2026-03-31,2026-03-31_7,0.0,0,0,100,64.3478260869564,64.3478260869564,0.0,0.0,0.0,True,True,True,False,0.0,1022.2793151464041,0.0,0.0,0.0,0.0,1022.2793151464041
2026-03-30T23:45:00Z,2026-03-31T00:00:00Z,2026-03-31,2026-03-31_8,0.0,0,0,100,64.3478260869564,64.3478260869564,0.0,0.0,0.0,True,True,True,False,0.0,1022.2793151464041,0.0,0.0,0.0,0.0,1022.2793151464041
2026-03-31T00:00:00Z,2026-03-31T00:15:00Z,2026-03-31,2026-03-31_9,0.0,0,0,100,64.3478260869564,64.3478260869564,0.0,0.0,0.0,True,True,True,False,0.0,1022.2793151464041,0.0,0.0,0.0,0.0,1022.2793151464041
2026-03-31T00:15:00Z,2026-03-31T00:30:00Z,2026-03-31,2026-03-31_10,0.0,0,0,100,64.3478260869564,64.3478260869564,0.0,0.0,0.0,True,True,True,False,0.0,1022.2793151464041,0.0,0.0,0.0,0.0,1022.2793151464041
2026-03-31T00:30:00Z,2026-03-31T00:45:00Z,2026-03-31,2026-03-31_11,0.0,0,0,100,64.3478260869564,64.3478260869564,0.0,0.0,0.0,True,True,True,False,0.0,1022.2793151464041,0.0,0.0,0.0,0.0,1022.2793151464041
2026-03-31T00:45:00Z,2026-03-31T01:00:00Z,2026-03-31,2026-03-31_12,0.0,0,0,100,64.3478260869564,64.3478260869564,0.0,0.0,0.0,True,True,True,False,0.0,1022.2793151464041,0.0,0.0,0.0,0.0,1022.2793151464041
2026-03-31T01:00:00Z,2026-03-31T01:15:00Z,2026-03-31,2026-03-31_13,0.0,100,100,0,64.3478260869564,79.20293465838498,0.04126419047619048,0.0,16.146857142857144,True,True,True,False,0.0,0.0,104.22836298025064,52.12889054501951,0.0,315.28948159687104,471.6467351221412
2026-03-31T01:15:00Z,2026-03-31T01:30:00Z,2026-03-31,2026-03-31_14,0.0,100,100,0,79.20293465838498,89.91331180124212,0.02975104761904762,0.0,11.641714285714286,True,True,True,False,0.0,0.0,104.22836298025064,52.12889054501951,0.0,128.17096135581062,284.52821488108077
2026-03-31T01:30:00Z,2026-03-31T01:45:00Z,2026-03-31,2026-03-31_15,0.0,100,100,0,89.91331180124212,92.54240894409926,0.0073030476190476205,0.0,2.857714285714286,True,True,True,False,0.0,0.0,104.22836298025064,52.12889054501951,0.0,-140.97735814167203,15.379895383598118
2026-03-31T01:45:00Z,2026-03-31T02:00:00Z,2026-03-31,2026-03-31_16,0.0,100,100,0,92.54240894409926,100.24307180124212,0.02139073015873016,0.0,8.370285714285714,True,True,True,False,0.0,0.0,104.22836298025064,52.12889054501951,0.0,126.87001734267614,283.2272708679463
2026-03-31T02:00:00Z,2026-03-31T02:15:00Z,2026-03-31,2026-03-31_17,0.0,0,0,100,100.24307180124212,100.24307180124212,0.0,0.0,0.0,True,True,True,False,0.0,1022.2793151464041,0.0,0.0,0.0,0.0,1022.2793151464041
2026-03-31T02:15:00Z,2026-03-31T02:30:00Z,2026-03-31,2026-03-31_18,0.0,0,0,100,100.24307180124212,100.24307180124212,0.0,0.0,0.0,True,True,True,False,0.0,1022.2793151464041,0.0,0.0,0.0,0.0,1022.2793151464041
2026-03-31T02:30:00Z,2026-03-31T02:45:00Z,2026-03-31,2026-03-31_19,0.0,0,0,100,100.24307180124212,100.24307180124212,0.0,0.0,0.0,True,True,True,False,0.0,1022.2793151464041,0.0,0.0,0.0,0.0,1022.2793151464041
2026-03-31T02:45:00Z,2026-03-31T03:00:00Z,2026-03-31,2026-03-31_20,0.0,0,0,100,100.24307180124212,100.24307180124212,0.0,0.0,0.0,True,True,True,False,0.0,1022.2793151464041,0.0,0.0,0.0,0.0,1022.2793151464041
2026-03-31T03:00:00Z,2026-03-31T03:15:00Z,2026-03-31,2026-03-31_21,0.0,100,100,0,100.24307180124212,108.90421465838499,0.02405873015873016,0.0,9.414285714285715,True,True,True,False,0.0,0.0,103.34581968659907,52.01121810586597,0.0,304.1636459404409,459.520683732906
2026-03-31T03:15:00Z,2026-03-31T03:30:00Z,2026-03-31,2026-03-31_22,0.0,100,100,0,108.90421465838499,112.8202603726707,0.010877904761904762,0.0,4.256571428571428,True,True,True,False,0.0,0.0,103.34581968659907,52.01121810586597,0.0,-84.3475495835236,71.00948820894143
2026-03-31T03:30:00Z,2026-03-31T03:45:00Z,2026-03-31,2026-03-31_23,0.0,100,100,0,112.8202603726707,107.55568397515518,0.015003505866114564,4.906285714285715,0.07428571428571429,True,True,True,False,0.0,0.0,103.34581968659907,52.01121810586597,1029.4357158266628,-4.737158434732421,1180.0555951843953
2026-03-31T03:45:00Z,2026-03-31T04:00:00Z,2026-03-31,2026-03-31_24,0.0,100,100,0,107.55568397515518,97.07245416149058,0.029120082815734985,9.644571428571428,0.0,True,True,True,False,0.0,0.0,103.34581968659907,52.01121810586597,3066.37940485763,0.0,3221.7364426500953
2026-03-31T04:00:00Z,2026-03-31T04:15:00Z,2026-03-31,2026-03-31_25,0.0,0,0,100,97.07245416149058,97.07245416149058,0.0,0.0,0.0,True,True,True,False,0.0,1022.2793151464041,0.0,0.0,0.0,0.0,1022.2793151464041
2026-03-31T04:15:00Z,2026-03-31T04:30:00Z,2026-03-31,2026-03-31_26,0.0,0,0,100,97.07245416149058,97.07245416149058,0.0,0.0,0.0,True,True,True,False,0.0,1022.2793151464041,0.0,0.0,0.0,0.0,1022.2793151464041
2026-03-31T04:30:00Z,2026-03-31T04:45:00Z,2026-03-31,2026-03-31_27,0.0,0,0,100,97.07245416149058,97.07245416149058,0.0,0.0,0.0,True,True,True,False,0.0,1022.2793151464041,0.0,0.0,0.0,0.0,1022.2793151464041
2026-03-31T04:45:00Z,2026-03-31T05:00:00Z,2026-03-31,2026-03-31_28,0.0,0,0,100,97.07245416149058,97.07245416149058,0.0,0.0,0.0,True,True,True,False,0.0,1022.2793151464041,0.0,0.0,0.0,0.0,1022.2793151464041
2026-03-31T05:00:00Z,2026-03-31T05:15:00Z,2026-03-31,2026-03-31_29,0.0,0,0,100,97.07245416149058,97.07245416149058,0.0,0.0,0.0,True,True,True,False,0.0,1022.2793151464041,0.0,0.0,0.0,0.0,1022.2793151464041
2026-03-31T05:15:00Z,2026-03-31T05:30:00Z,2026-03-31,2026-03-31_30,0.0,0,0,100,97.07245416149058,97.07245416149058,0.0,0.0,0.0,True,True,True,False,0.0,1022.2793151464041,0.0,0.0,0.0,0.0,1022.2793151464041
2026-03-31T05:30:00Z,2026-03-31T05:45:00Z,2026-03-31,2026-03-31_31,0.0,0,0,100,97.07245416149058,97.07245416149058,0.0,0.0,0.0,True,True,True,False,0.0,1022.2793151464041,0.0,0.0,0.0,0.0,1022.2793151464041
2026-03-31T05:45:00Z,2026-03-31T06:00:00Z,2026-03-31,2026-03-31_32,0.0,0,0,100,97.07245416149058,97.07245416149058,0.0,0.0,0.0,True,True,True,False,0.0,1022.2793151464041,0.0,0.0,0.0,0.0,1022.2793151464041
2026-03-31T06:00:00Z,2026-03-31T06:15:00Z,2026-03-31,2026-03-31_33,0.0,0,0,100,97.07245416149058,97.07245416149058,0.0,0.0,0.0,True,False,True,False,0.0,1022.2793151464041,0.0,0.0,0.0,0.0,1022.2793151464041
2026-03-31T06:15:00Z,2026-03-31T06:30:00Z,2026-03-31,2026-03-31_34,0.0,0,0,100,97.07245416149058,97.07245416149058,0.0,0.0,0.0,True,False,True,False,0.0,1022.2793151464041,0.0,0.0,0.0,0.0,1022.2793151464041
2026-03-31T06:30:00Z,2026-03-31T06:45:00Z,2026-03-31,2026-03-31_35,0.0,0,0,100,97.07245416149058,97.07245416149058,0.0,0.0,0.0,True,False,True,False,0.0,1022.2793151464041,0.0,0.0,0.0,0.0,1022.2793151464041
2026-03-31T06:45:00Z,2026-03-31T07:00:00Z,2026-03-31,2026-03-31_36,0.0,0,0,100,97.07245416149058,97.07245416149058,0.0,0.0,0.0,True,False,True,False,0.0,1022.2793151464041,0.0,0.0,0.0,0.0,1022.2793151464041
2026-03-31T07:00:00Z,2026-03-31T07:15:00Z,2026-03-31,2026-03-31_37,100.0,0,100,0,97.07245416149058,69.917174658385,0.07543133195307108,0.0,0.017142857142857144,True,True,True,False,4752.0,0.0,0.0,79.45831453842985,0.0,-1.351552015420693,4830.106762523009
2026-03-31T07:15:00Z,2026-03-31T07:30:00Z,2026-03-31,2026-03-31_38,100.0,0,100,0,69.917174658385,42.77059080745332,0.07540717736369909,0.0,0.02514285714285714,True,True,True,False,4116.75,0.0,0.0,79.45831453842985,0.0,-2.4655177727408986,4193.742796765689
2026-03-31T07:30:00Z,2026-03-31T07:45:00Z,2026-03-31,2026-03-31_39,0.0,0,100,0,42.77059080745332,47.337470807453315,0.012685777777777777,0.0,4.9639999999999995,True,True,True,False,0.0,0.0,0.0,79.45831453842985,0.0,-217.5041793327972,-138.04586479436736
2026-03-31T07:45:00Z,2026-03-31T08:00:00Z,2026-03-31,2026-03-31_40,0.0,0,100,0,47.337470807453315,60.56496795031046,0.03674304761904762,0.0,14.377714285714285,True,True,True,False,0.0,0.0,0.0,79.45831453842985,0.0,479.4282087733208,558.8865233117507
2026-03-31T08:00:00Z,2026-03-31T08:15:00Z,2026-03-31,2026-03-31_41,100.0,0,100,0,60.56496795031046,48.2438499378881,0.03422532781228433,0.0,13.66457142857143,True,True,True,False,4264.25,0.0,0.0,72.83923983604308,0.0,1358.3477480577044,5695.436987893748
2026-03-31T08:15:00Z,2026-03-31T08:30:00Z,2026-03-31,2026-03-31_42,23.857474823100954,0,100,0,48.2438499378881,52.49120940124205,0.03170908636547663,0.0,11.179428571428572,True,True,True,False,884.8737411888145,0.0,0.0,72.83923983604308,0.0,162.7615524917139,1120.4745335165715
2026-03-31T08:30:00Z,2026-03-31T08:45:00Z,2026-03-31,2026-03-31_43,0.0,0,100,0,52.49120940124205,55.78848940124205,0.009159111111111113,0.0,3.5840000000000005,True,True,True,False,0.0,0.0,0.0,72.83923983604308,0.0,-193.60516503559595,-120.76592519955287
2026-03-31T08:45:00Z,2026-03-31T09:00:00Z,2026-03-31,2026-03-31_44,0.0,0,100,0,55.78848940124205,67.52979225838492,0.03261473015873016,0.0,12.762285714285715,True,True,True,False,0.0,0.0,0.0,72.83923983604308,0.0,524.8758754129042,597.7151152489473
2026-03-31T09:00:00Z,2026-03-31T09:15:00Z,2026-03-31,2026-03-31_45,0.0,0,0,100,67.52979225838492,67.52979225838492,0.0,0.0,0.0,True,True,True,False,0.0,1022.2793151464041,0.0,0.0,0.0,0.0,1022.2793151464041
2026-03-31T09:15:00Z,2026-03-31T09:30:00Z,2026-03-31,2026-03-31_46,0.0,0,0,100,67.52979225838492,67.52979225838492,0.0,0.0,0.0,True,True,True,False,0.0,1022.2793151464041,0.0,0.0,0.0,0.0,1022.2793151464041
2026-03-31T09:30:00Z,2026-03-31T09:45:00Z,2026-03-31,2026-03-31_47,0.0,0,0,100,67.52979225838492,67.52979225838492,0.0,0.0,0.0,True,True,True,False,0.0,1022.2793151464041,0.0,0.0,0.0,0.0,1022.2793151464041
2026-03-31T09:45:00Z,2026-03-31T10:00:00Z,2026-03-31,2026-03-31_48,0.0,0,0,100,67.52979225838492,67.52979225838492,0.0,0.0,0.0,True,True,True,False,0.0,1022.2793151464041,0.0,0.0,0.0,0.0,1022.2793151464041
2026-03-31T10:00:00Z,2026-03-31T10:15:00Z,2026-03-31,2026-03-31_49,0.0,100,100,0,67.52979225838492,71.36698082981349,0.010658857142857144,0.0,4.170857142857143,True,True,True,False,0.0,0.0,84.42997509266704,79.45831453842985,0.0,-38.28445877682301,125.60383085427387
2026-03-31T10:15:00Z,2026-03-31T10:30:00Z,2026-03-31,2026-03-31_50,0.0,100,100,0,71.36698082981349,71.85272294161473,0.0028330655624568667,0.2457142857142857,0.8182857142857143,True,True,True,False,0.0,0.0,84.42997509266704,79.45831453842985,36.15222442935871,-36.69471163248095,163.34580242797463
2026-03-31T10:30:00Z,2026-03-31T10:45:00Z,2026-03-31,2026-03-31_51,0.0,100,100,0,71.85272294161473,74.33863499130416,0.006912212560386474,0.001142857142857143,2.7034285714285713,True,True,True,False,0.0,0.0,84.42997509266704,79.45831453842985,0.13448278760404905,0.7995391723144767,164.82231159101542
2026-03-31T10:45:00Z,2026-03-31T11:00:00Z,2026-03-31,2026-03-31_52,0.0,100,100,0,74.33863499130416,89.2699721341613,0.04147593650793652,0.0,16.229714285714287,True,True,True,False,0.0,0.0,84.42997509266704,79.45831453842985,0.0,571.2404898535539,735.1287794846507
2026-03-31T11:00:00Z,2026-03-31T11:15:00Z,2026-03-31,2026-03-31_53,0.0,0,0,100,89.2699721341613,89.2699721341613,0.0,0.0,0.0,True,True,True,False,0.0,1022.2793151464041,0.0,0.0,0.0,0.0,1022.2793151464041
2026-03-31T11:15:00Z,2026-03-31T11:30:00Z,2026-03-31,2026-03-31_54,0.0,0,0,100,89.2699721341613,89.2699721341613,0.0,0.0,0.0,True,True,True,False,0.0,1022.2793151464041,0.0,0.0,0.0,0.0,1022.2793151464041
2026-03-31T11:30:00Z,2026-03-31T11:45:00Z,2026-03-31,2026-03-31_55,0.0,0,0,100,89.2699721341613,89.2699721341613,0.0,0.0,0.0,True,True,True,False,0.0,1022.2793151464041,0.0,0.0,0.0,0.0,1022.2793151464041
2026-03-31T11:45:00Z,2026-03-31T12:00:00Z,2026-03-31,2026-03-31_56,0.0,0,0,100,89.2699721341613,89.2699721341613,0.0,0.0,0.0,True,True,True,False,0.0,1022.2793151464041,0.0,0.0,0.0,0.0,1022.2793151464041
2026-03-31T12:00:00Z,2026-03-31T12:15:00Z,2026-03-31,2026-03-31_57,0.0,0,0,100,89.2699721341613,89.2699721341613,0.0,0.0,0.0,True,True,True,False,0.0,1022.2793151464041,0.0,0.0,0.0,0.0,1022.2793151464041
2026-03-31T12:15:00Z,2026-03-31T12:30:00Z,2026-03-31,2026-03-31_58,0.0,0,0,100,89.2699721341613,89.2699721341613,0.0,0.0,0.0,True,True,True,False,0.0,1022.2793151464041,0.0,0.0,0.0,0.0,1022.2793151464041
2026-03-31T12:30:00Z,2026-03-31T12:45:00Z,2026-03-31,2026-03-31_59,0.0,0,0,100,89.2699721341613,89.2699721341613,0.0,0.0,0.0,True,True,True,False,0.0,1022.2793151464041,0.0,0.0,0.0,0.0,1022.2793151464041
2026-03-31T12:45:00Z,2026-03-31T13:00:00Z,2026-03-31,2026-03-31_60,0.0,0,0,100,89.2699721341613,89.2699721341613,0.0,0.0,0.0,True,True,True,False,0.0,1022.2793151464041,0.0,0.0,0.0,0.0,1022.2793151464041
2026-03-31T13:00:00Z,2026-03-31T13:15:00Z,2026-03-31,2026-03-31_61,0.0,0,0,100,89.2699721341613,89.2699721341613,0.0,0.0,0.0,True,True,True,False,0.0,1022.2793151464041,0.0,0.0,0.0,0.0,1022.2793151464041
2026-03-31T13:15:00Z,2026-03-31T13:30:00Z,2026-03-31,2026-03-31_62,0.0,0,0,100,89.2699721341613,89.2699721341613,0.0,0.0,0.0,True,True,True,False,0.0,1022.2793151464041,0.0,0.0,0.0,0.0,1022.2793151464041
2026-03-31T13:30:00Z,2026-03-31T13:45:00Z,2026-03-31,2026-03-31_63,0.0,0,0,100,89.2699721341613,89.2699721341613,0.0,0.0,0.0,True,True,True,False,0.0,1022.2793151464041,0.0,0.0,0.0,0.0,1022.2793151464041
2026-03-31T13:45:00Z,2026-03-31T14:00:00Z,2026-03-31,2026-03-31_64,0.0,0,0,100,89.2699721341613,89.2699721341613,0.0,0.0,0.0,True,True,True,False,0.0,1022.2793151464041,0.0,0.0,0.0,0.0,1022.2793151464041
2026-03-31T14:00:00Z,2026-03-31T14:15:00Z,2026-03-31,2026-03-31_65,0.0,100,100,0,89.2699721341613,105.0272064198756,0.04377009523809523,0.0,17.12742857142857,True,True,True,False,0.0,0.0,106.5523936535331,53.040851948459476,0.0,325.11849300829584,484.7117386102884
2026-03-31T14:15:00Z,2026-03-31T14:30:00Z,2026-03-31,2026-03-31_66,0.0,100,100,0,105.0272064198756,121.9699264198756,0.04706311111111112,0.0,18.416,True,True,True,False,0.0,0.0,106.5523936535331,53.040851948459476,0.0,382.7309200023534,542.324165604346
2026-03-31T14:30:00Z,2026-03-31T14:45:00Z,2026-03-31,2026-03-31_67,0.0,100,100,0,121.9699264198756,132.37644070558989,0.028906984126984128,0.0,11.311428571428571,True,True,True,False,0.0,0.0,106.5523936535331,53.040851948459476,0.0,-21.638328715157048,137.95491688683552
2026-03-31T14:45:00Z,2026-03-31T15:00:00Z,2026-03-31,2026-03-31_68,0.0,100,100,0,132.37644070558989,142.6220864198756,0.028460126984126984,0.0,11.136571428571429,True,True,True,False,0.0,0.0,106.5523936535331,53.040851948459476,0.0,-32.471201127414034,127.12204447457854
2026-03-31T15:00:00Z,2026-03-31T15:15:00Z,2026-03-31,2026-03-31_69,0.0,0,100,0,142.6220864198756,152.44716070558988,0.02729187301587302,0.0,10.679428571428572,True,True,True,False,0.0,0.0,0.0,53.040851948459476,0.0,-26.25821177116633,26.782640177293146
2026-03-31T15:15:00Z,2026-03-31T15:30:00Z,2026-03-31,2026-03-31_70,0.0,0,100,0,152.44716070558988,169.21849784844702,0.04658704761904762,0.0,18.229714285714284,True,True,True,False,0.0,0.0,0.0,53.040851948459476,0.0,1056.1536149813821,1109.1944669298416
2026-03-31T15:30:00Z,2026-03-31T15:45:00Z,2026-03-31,2026-03-31_71,0.0,0,100,0,169.21849784844702,170.18476070558987,0.0026840634920634924,0.0,1.0502857142857143,True,True,True,False,0.0,0.0,0.0,53.040851948459476,0.0,-53.25788363316457,-0.21703168470509127
2026-03-31T15:45:00Z,2026-03-31T16:00:00Z,2026-03-31,2026-03-31_72,100.0,0,100,0,170.18476070558987,143.8828973515526,0.0730607315389924,0.0,0.8022857142857143,True,True,True,False,4495.5,0.0,0.0,53.040851948459476,0.0,-40.44738478607431,4508.093467162385
2026-03-31T16:00:00Z,2026-03-31T16:15:00Z,2026-03-31,2026-03-31_73,0.0,0,0,100,143.8828973515526,143.8828973515526,0.0,0.0,0.0,True,True,True,False,0.0,1022.2793151464041,0.0,0.0,0.0,0.0,1022.2793151464041
2026-03-31T16:15:00Z,2026-03-31T16:30:00Z,2026-03-31,2026-03-31_74,0.0,0,0,100,143.8828973515526,143.8828973515526,0.0,0.0,0.0,True,True,True,False,0.0,1022.2793151464041,0.0,0.0,0.0,0.0,1022.2793151464041
2026-03-31T16:30:00Z,2026-03-31T16:45:00Z,2026-03-31,2026-03-31_75,0.0,0,0,100,143.8828973515526,143.8828973515526,0.0,0.0,0.0,True,True,True,False,0.0,1022.2793151464041,0.0,0.0,0.0,0.0,1022.2793151464041
2026-03-31T16:45:00Z,2026-03-31T17:00:00Z,2026-03-31,2026-03-31_76,0.0,0,0,100,143.8828973515526,143.8828973515526,0.0,0.0,0.0,True,True,True,False,0.0,1022.2793151464041,0.0,0.0,0.0,0.0,1022.2793151464041
2026-03-31T17:00:00Z,2026-03-31T17:15:00Z,2026-03-31,2026-03-31_77,0.0,0,0,100,143.8828973515526,143.8828973515526,0.0,0.0,0.0,True,True,True,False,0.0,1022.2793151464041,0.0,0.0,0.0,0.0,1022.2793151464041
2026-03-31T17:15:00Z,2026-03-31T17:30:00Z,2026-03-31,2026-03-31_78,0.0,0,0,100,143.8828973515526,143.8828973515526,0.0,0.0,0.0,True,True,True,False,0.0,1022.2793151464041,0.0,0.0,0.0,0.0,1022.2793151464041
2026-03-31T17:30:00Z,2026-03-31T17:45:00Z,2026-03-31,2026-03-31_79,0.0,0,0,100,143.8828973515526,143.8828973515526,0.0,0.0,0.0,True,True,True,False,0.0,1022.2793151464041,0.0,0.0,0.0,0.0,1022.2793151464041
2026-03-31T17:45:00Z,2026-03-31T18:00:00Z,2026-03-31,2026-03-31_80,0.0,0,0,100,143.8828973515526,143.8828973515526,0.0,0.0,0.0,True,True,True,False,0.0,1022.2793151464041,0.0,0.0,0.0,0.0,1022.2793151464041
2026-03-31T18:00:00Z,2026-03-31T18:15:00Z,2026-03-31,2026-03-31_81,0.0,16,16,84,143.8828973515526,141.51062405962713,0.0065896480331262925,2.1824914285714283,0.0,True,True,True,False,0.0,778.4031850006863,17.02955539430073,10.049226303712565,657.1679484930922,0.0,1462.649915191792
2026-03-31T18:15:00Z,2026-03-31T18:30:00Z,2026-03-31,2026-03-31_82,0.0,16,16,84,141.51062405962713,140.7368223999998,0.0021597296894409934,0.7136,0.002011428571428571,True,True,True,False,0.0,778.4031850006863,17.02955539430073,10.049226303712565,163.24070587773832,-0.15818762029905606,968.5644849561389
2026-03-31T18:30:00Z,2026-03-31T18:45:00Z,2026-03-31,2026-03-31_83,0.0,16,16,84,140.7368223999998,140.7063211925464,9.360430641821947e-05,0.029531428571428573,0.001737142857142857,True,True,True,False,0.0,778.4031850006863,17.02955539430073,10.049226303712565,4.172550095118554,-0.1366165811673666,809.5179002126508
2026-03-31T18:45:00Z,2026-03-31T19:00:00Z,2026-03-31,2026-03-31_84,0.0,16,16,84,140.7063211925464,141.38679924472032,0.0019117489026915114,0.0035657142857142858,0.743862857142857,True,True,True,False,0.0,778.4031850006863,17.02955539430073,10.049226303712565,0.48951734687873855,-7.271442151948738,798.7000418936296
2026-03-31T19:00:00Z,2026-03-31T19:15:00Z,2026-03-31,2026-03-31_85,100.0,0,100,0,141.38679924472032,115.48307253664578,0.07195479641131815,0.0,1.1685714285714286,True,True,True,False,5154.75,0.0,0.0,69.6620839788974,0.0,-50.197991163360165,5174.214092815537
2026-03-31T19:15:00Z,2026-03-31T19:30:00Z,2026-03-31,2026-03-31_86,100.0,0,100,0,115.48307253664578,89.64145762981349,0.07178226363008972,0.0,1.2257142857142858,True,True,True,False,4351.5,0.0,0.0,69.6620839788974,0.0,-61.406389053101094,4359.755694925796
2026-03-31T19:30:00Z,2026-03-31T19:45:00Z,2026-03-31,2026-03-31_87,100.0,0,100,0,89.64145762981349,63.44580545590044,0.07276570048309178,0.0,0.8999999999999999,True,True,True,False,4145.25,0.0,0.0,69.6620839788974,0.0,-48.95555904214634,4165.956524936751
2026-03-31T19:45:00Z,2026-03-31T20:00:00Z,2026-03-31,2026-03-31_88,100.0,0,100,0,63.44580545590044,42.46816570434765,0.058271221532091085,0.0,5.700571428571429,True,True,True,False,3960.0,0.0,0.0,69.6620839788974,0.0,1579.130620329875,5608.792704308772
2026-03-31T20:00:00Z,2026-03-31T20:15:00Z,2026-03-31,2026-03-31_89,67.0,33,100,0,42.46816570434765,27.765253843478085,0.04656837802622498,0.0,3.3954285714285715,True,True,True,False,2867.7675,0.0,39.297887779717186,80.45853027123498,0.0,-93.25125811449527,2894.272659936457
2026-03-31T20:15:00Z,2026-03-31T20:30:00Z,2026-03-31,2026-03-31_90,67.0,33,100,0,27.765253843478085,14.77110358260852,0.04461493802622498,0.0,5.051428571428572,True,True,True,False,2701.775,0.0,39.297887779717186,80.45853027123498,0.0,-90.40837603628793,2731.1230420146644
2026-03-31T20:30:00Z,2026-03-31T20:45:00Z,2026-03-31,2026-03-31_91,67.0,33,100,0,14.77110358260852,9.999999999999826,0.035214429316770185,0.0,13.02057142857143,True,True,True,False,2561.9125,0.0,39.297887779717186,80.45853027123498,0.0,-83.96505307867524,2597.7038649722767
2026-03-31T20:45:00Z,2026-03-31T21:00:00Z,2026-03-31,2026-03-31_92,15.96314362376729,33,100,0,9.999999999999826,9.999999999999824,0.01968927520324215,0.0015085714285714286,4.584,True,True,True,False,598.3385308778575,0.0,39.297887779717186,80.45853027123498,0.20710349291023553,-110.42631155739471,607.8757408643252
2026-03-31T21:00:00Z,2026-03-31T21:15:00Z,2026-04-01,2026-03-31_93,0.0,100,100,0,9.999999999999824,12.603158260869389,0.007465639751552796,0.03885714285714286,2.8754285714285714,True,True,True,False,0.0,0.0,104.2009884678748,66.45681336785127,5.653993208486031,565.304136547535,741.6159315917471
2026-03-31T21:15:00Z,2026-03-31T21:30:00Z,2026-04-01,2026-03-31_94,0.0,100,100,0,12.603158260869389,13.726089937888023,0.003233126293995859,0.018857142857142857,1.2428571428571429,True,True,True,False,0.0,0.0,104.2009884678748,66.45681336785127,2.588844433984467,235.01110345291332,408.2577497226238
2026-03-31T21:30:00Z,2026-03-31T21:45:00Z,2026-04-01,2026-03-31_95,-1.8072578504872676e-14,100,100,0,13.726089937888023,17.068055652173744,0.009283238095238108,0.0,3.6325714285714286,True,True,True,False,-6.775409681476766e-13,0.0,104.2009884678748,66.45681336785127,0.0,109.11108092660457,279.76888276232995
2026-03-31T21:45:00Z,2026-03-31T22:00:00Z,2026-04-01,2026-03-31_96,0.0,100,100,0,17.068055652173744,19.4731985093166,0.006680952380952381,0.0,2.6142857142857143,True,True,True,False,0.0,0.0,104.2009884678748,66.45681336785127,0.0,-94.57276502034094,76.08503681538512
2026-03-31T22:00:00Z,2026-03-31T22:15:00Z,2026-04-01,2026-04-01_1,0.0,83,83,17,19.4731985093166,22.6497745093166,0.008823822222222222,0.0,3.4528,True,True,True,False,0.0,157.53706754530478,86.48682042833607,55.134737585314184,0.0,-90.92684835647603,208.231777202479
2026-03-31T22:15:00Z,2026-03-31T22:30:00Z,2026-04-01,2026-04-01_2,0.0,83,83,17,22.6497745093166,22.920394514285544,0.0009063806211180124,0.02561142857142857,0.3244114285714286,True,True,True,False,0.0,157.53706754530478,86.48682042833607,55.134737585314184,3.725416057559762,-17.8747592240191,285.0092823924957
2026-03-31T22:30:00Z,2026-03-31T22:45:00Z,2026-04-01,2026-04-01_3,0.0,83,83,17,22.920394514285544,23.49069792795014,0.0016471851207729466,0.010434285714285712,0.6322228571428571,True,True,True,False,0.0,157.53706754530478,86.48682042833607,55.134737585314184,1.4324939201380715,-27.78021059969292,272.8109088794002
2026-03-31T22:45:00Z,2026-03-31T23:00:00Z,2026-04-01,2026-04-01_4,0.0,83,83,17,23.49069792795014,32.48066981366443,0.02497214412698413,0.0,9.771708571428572,True,True,True,False,0.0,157.53706754530478,86.48682042833607,55.134737585314184,0.0,92.81091682300598,391.969542381961
2026-03-31T23:00:00Z,2026-03-31T23:15:00Z,2026-04-01,2026-04-01_5,-59.0,59,0,41,32.48066981366443,46.05066981366443,0.03769444444444445,0.0,0.0,True,True,True,False,-2085.65,379.9423393739703,61.47858319604613,0.0,0.0,0.0,-1644.2290774299836
2026-03-31T23:15:00Z,2026-03-31T23:30:00Z,2026-04-01,2026-04-01_6,-59.0,59,0,41,46.05066981366443,59.62066981366443,0.03769444444444445,0.0,0.0,True,True,True,False,-1909.9775000000002,379.9423393739703,61.47858319604613,0.0,0.0,0.0,-1468.5565774299837
2026-03-31T23:30:00Z,2026-03-31T23:45:00Z,2026-04-01,2026-04-01_7,-59.0,59,0,41,59.62066981366443,73.18570707080728,0.03768065904761905,0.005394285714285714,0.0,True,True,True,False,-1914.8449999999998,379.9423393739703,61.47858319604613,0.0,0.7405664077822233,0.0,-1472.6835110222012
2026-03-31T23:45:00Z,2026-04-01T00:00:00Z,2026-04-01,2026-04-01_8,-59.0,59,0,41,73.18570707080728,86.75570707080729,0.03769444444444445,0.0,0.0,True,True,True,False,-1859.0900000000001,379.9423393739703,61.47858319604613,0.0,0.0,0.0,-1417.6690774299836
2026-04-01T00:00:00Z,2026-04-01T00:15:00Z,2026-04-01,2026-04-01_9,0.0,100,100,0,86.75570707080729,86.93603502111785,0.0006527398205659076,0.02514285714285714,0.22571428571428573,True,True,True,False,0.0,0.0,104.2009884678748,77.81242645328312,3.451792578645956,-13.63391666386489,171.83129083593897
2026-04-01T00:15:00Z,2026-04-01T00:30:00Z,2026-04-01,2026-04-01_10,0.0,100,100,0,86.93603502111785,88.43055129440977,0.0042687563837129055,0.01942857142857143,1.6474285714285715,True,True,True,False,0.0,0.0,104.2009884678748,77.81242645328312,2.66729426531733,-68.62217866388731,116.05853052258793
2026-04-01T00:30:00Z,2026-04-01T00:45:00Z,2026-04-01,2026-04-01_11,0.0,100,100,0,88.43055129440977,95.5450427229812,0.019762476190476188,0.0,7.733142857142856,True,True,True,False,0.0,0.0,104.2009884678748,77.81242645328312,0.0,1082.5474837776956,1264.5608986988534
2026-04-01T00:45:00Z,2026-04-01T01:00:00Z,2026-04-01,2026-04-01_12,0.0,100,100,0,95.5450427229812,101.13706558012404,0.015533396825396825,0.0,6.078285714285714,True,True,True,False,0.0,0.0,104.2009884678748,77.81242645328312,0.0,-30.700182788107007,151.31323213305092
2026-04-01T01:00:00Z,2026-04-01T01:15:00Z,2026-04-01,2026-04-01_13,0.0,17,17,83,101.13706558012404,101.50938695155261,0.0010342260317460319,0.0,0.40469714285714287,True,True,True,False,0.0,769.1515650741351,17.714168039538716,13.22811249705813,0.0,-6.214118755113248,793.8797268556186
2026-04-01T01:15:00Z,2026-04-01T01:30:00Z,2026-04-01,2026-04-01_14,0.0,17,17,83,101.50938695155261,103.07133140869547,0.0043387346031746035,0.0,1.6977657142857143,True,True,True,False,0.0,769.1515650741351,17.714168039538716,13.22811249705813,0.0,51.22965089264701,851.3234965033789
2026-04-01T01:30:00Z,2026-04-01T01:45:00Z,2026-04-01,2026-04-01_15,0.0,17,17,83,103.07133140869547,103.26159659130417,0.0005578449689440995,0.004857142857142858,0.21254857142857145,True,True,True,False,0.0,769.1515650741351,17.714168039538716,13.22811249705813,0.6668235663293325,-8.501942857142858,792.2587263199184
2026-04-01T01:45:00Z,2026-04-01T02:00:00Z,2026-04-01,2026-04-01_16,0.0,17,17,83,103.26159659130417,103.83687355031037,0.0016208693995859213,0.0037885714285714285,0.6297771428571428,True,True,True,False,0.0,769.1515650741351,17.714168039538716,13.22811249705813,0.5201223817368793,-10.50023818713647,790.1137298053324
2026-04-01T02:00:00Z,2026-04-01T02:15:00Z,2026-04-01,2026-04-01_17,0.0,100,100,0,103.83687355031037,109.21493069316752,0.01493904761904762,0.0,5.845714285714286,True,True,True,False,0.0,0.0,104.2009884678748,77.84184514003296,0.0,-130.9885754631342,51.054258144773556
2026-04-01T02:15:00Z,2026-04-01T02:30:00Z,2026-04-01,2026-04-01_18,0.0,100,100,0,109.21493069316752,116.20850783602467,0.019426603174603176,0.0,7.601714285714286,True,True,True,False,0.0,0.0,104.2009884678748,77.84184514003296,0.0,-67.64136211321431,114.40147149469344
2026-04-01T02:30:00Z,2026-04-01T02:45:00Z,2026-04-01,2026-04-01_19,0.0,100,100,0,116.20850783602467,120.0998449788818,0.010809269841269842,0.0,4.2297142857142855,True,True,True,False,0.0,0.0,104.2009884678748,77.84184514003296,0.0,-71.70638245413487,110.33645115377288
2026-04-01T02:45:00Z,2026-04-01T03:00:00Z,2026-04-01,2026-04-01_20,0.0,100,100,0,120.0998449788818,137.1860849788818,0.047461777777777776,0.0,18.572,True,True,True,False,0.0,0.0,104.2009884678748,77.84184514003296,0.0,2103.486254020554,2285.5290876284616
2026-04-01T03:00:00Z,2026-04-01T03:15:00Z,2026-04-01,2026-04-01_21,0.0,17,17,83,137.1860849788818,138.48170257888182,0.0035989377777777775,0.0,1.40828,True,True,True,False,0.0,769.1515650741351,17.684160979053893,11.292657095787243,0.0,79.59207021259905,877.7204533615753
2026-04-01T03:15:00Z,2026-04-01T03:30:00Z,2026-04-01,2026-04-01_22,0.0,17,17,83,138.48170257888182,138.49641642732905,4.2045024154589375e-05,0.0001942857142857143,0.016222857142857143,True,True,True,False,0.0,769.1515650741351,17.684160979053893,11.292657095787243,0.0266729426531733,-1.2341563706866603,796.9208997209428
2026-04-01T03:30:00Z,2026-04-01T03:45:00Z,2026-04-01,2026-04-01_23,0.0,17,17,83,138.49641642732905,138.507556432298,5.147585921325052e-05,0.0034000000000000002,0.016125714285714285,True,True,True,False,0.0,769.1515650741351,17.684160979053893,11.292657095787243,0.4515349101749432,-1.1549772450660658,797.4249408140851
2026-04-01T03:45:00Z,2026-04-01T04:00:00Z,2026-04-01,2026-04-01_24,0.0,17,17,83,138.507556432298,138.52949483726695,9.496347826086955e-05,0.005634285714285714,0.03050285714285714,True,True,True,False,0.0,769.1515650741351,17.684160979053893,11.292657095787243,0.6858760492664941,-1.6392264622488204,797.1750327359939
2026-04-01T04:00:00Z,2026-04-01T04:15:00Z,2026-04-01,2026-04-01_25,0.0,0,17,83,138.52949483726695,139.09816523726695,0.00157964,0.0,0.61812,True,True,True,False,0.0,769.1515650741351,0.0,11.292657095787243,0.0,-4.329313061896918,776.1149091080254
2026-04-01T04:15:00Z,2026-04-01T04:30:00Z,2026-04-01,2026-04-01_26,0.0,0,17,83,139.09816523726695,139.11532455155267,4.76647619047619e-05,0.0,0.01865142857142857,True,True,True,False,0.0,769.1515650741351,0.0,11.292657095787243,0.0,-1.2706038799045152,779.1736182900178
2026-04-01T04:30:00Z,2026-04-01T04:45:00Z,2026-04-01,2026-04-01_27,17.0,0,17,83,139.11532455155267,134.5102251726707,0.012791942719116631,0.0,0.013308571428571428,True,True,True,False,824.1175,769.1515650741351,0.0,11.292657095787243,0.0,-0.8378360140761412,1603.7238861558462
2026-04-01T04:45:00Z,2026-04-01T05:00:00Z,2026-04-01,2026-04-01_28,17.0,0,17,83,134.5102251726707,130.00036802981353,0.012527380952380953,0.0,0.10093142857142857,True,True,True,False,880.77,769.1515650741351,0.0,11.292657095787243,0.0,-5.08055967342456,1656.1336624964977
2026-04-01T05:00:00Z,2026-04-01T05:15:00Z,2026-04-01,2026-04-01_29,19.0,0,19,81,130.00036802981353,124.86623759503094,0.014261473429951689,0.0,0.0266,True,True,True,False,1094.9225,750.6177924217463,0.0,12.883913862085198,0.0,-1.557342668863262,1856.8668636149682
2026-04-01T05:15:00Z,2026-04-01T05:30:00Z,2026-04-01,2026-04-01_30,19.0,0,19,81,124.86623759503094,119.72195809192534,0.01428966528640442,0.0,0.017262857142857142,True,True,True,False,1109.4575,750.6177924217463,0.0,12.883913862085198,0.0,-1.1271303634468612,1871.8320759203846
2026-04-01T05:30:00Z,2026-04-01T05:45:00Z,2026-04-01,2026-04-01_31,19.0,0,19,81,119.72195809192534,114.56044877515517,0.014337525879917185,0.0,0.0014114285714285715,True,True,True,False,1028.85,750.6177924217463,0.0,12.883913862085198,0.0,-0.11072633336695471,1792.2409799504644
2026-04-01T05:45:00Z,2026-04-01T06:00:00Z,2026-04-01,2026-04-01_32,19.0,0,19,81,114.56044877515517,109.4152251726707,0.014292287784679088,0.0,0.016394285714285715,True,True,True,False,996.5024999999999,750.6177924217463,0.0,12.883913862085198,0.0,-1.1565996873213866,1758.84760659651
2026-04-01T06:00:00Z,2026-04-01T06:15:00Z,2026-04-01,2026-04-01_33,100.0,0,100,0,109.4152251726707,82.2512500173912,0.07545548654244305,0.0,0.009142857142857144,True,True,True,False,5978.0,0.0,0.0,67.7806542715933,0.0,-0.6089948335182509,6045.171659438075
2026-04-01T06:15:00Z,2026-04-01T06:30:00Z,2026-04-01,2026-04-01_34,100.0,0,100,0,82.2512500173912,61.62578417888189,0.05729296066252587,0.0,6.024571428571428,True,True,True,False,5364.75,0.0,0.0,67.7806542715933,0.0,644.8033057638212,6077.333960035415
2026-04-01T06:30:00Z,2026-04-01T06:45:00Z,2026-04-01,2026-04-01_35,98.00748827991961,0,100,0,61.62578417888189,39.47644621118026,0.06194726330917474,0.0,4.137142857142857,True,True,True,False,4512.0197416867995,0.0,0.0,67.7806542715933,0.0,-106.68875813917,4473.111637819223
2026-04-01T06:45:00Z,2026-04-01T07:00:00Z,2026-04-01,2026-04-01_36,3.861645303044023e-14,0,100,0,39.47644621118026,55.04021763975169,0.04323269841269841,0.0,16.91714285714286,True,True,True,False,1.5644490533957098e-12,0.0,0.0,67.7806542715933,0.0,15244.994036131753,15312.774690403348
2026-04-01T07:00:00Z,2026-04-01T07:15:00Z,2026-04-01,2026-04-01_37,100.0,0,100,0,55.04021763975169,42.234006459627466,0.03557280883367839,0.0,13.218285714285717,True,True,True,False,5225.0,0.0,0.0,78.165450694281,0.0,5310.664309137165,10613.829759831446
2026-04-01T07:15:00Z,2026-04-01T07:30:00Z,2026-04-01,2026-04-01_38,100.0,0,100,0,42.234006459627466,21.449534409938025,0.05773464458247067,0.0,5.878285714285715,True,True,True,False,4645.25,0.0,0.0,78.165450694281,0.0,-18.103616649295635,4705.3118340449855
2026-04-01T07:30:00Z,2026-04-01T07:45:00Z,2026-04-01,2026-04-01_39,0.0,0,100,0,21.449534409938025,23.591820124223737,0.005950793650793651,0.0,2.3285714285714287,True,True,True,False,0.0,0.0,0.0,78.165450694281,0.0,-54.72563012025239,23.439820574028616
2026-04-01T07:45:00Z,2026-04-01T08:00:00Z,2026-04-01,2026-04-01_40,0.0,0,100,0,23.591820124223737,25.998014409938023,0.006683873015873016,0.0,2.615428571428571,True,True,True,False,0.0,0.0,0.0,78.165450694281,0.0,17.004799672752135,95.17025036703313
2026-04-01T08:00:00Z,2026-04-01T08:15:00Z,2026-04-01,2026-04-01_41,0.0,100,100,0,25.998014409938023,24.50442732919268,0.007089932367149759,1.861142857142857,0.5754285714285714,True,True,True,False,0.0,0.0,96.08143092492351,97.99364556366206,317.96056876127716,-28.4739409833126,483.5617042665501
2026-04-01T08:15:00Z,2026-04-01T08:30:00Z,2026-04-01,2026-04-01_42,0.0,100,100,0,24.50442732919268,28.006547080745474,0.009772968944099378,0.0074285714285714285,3.815428571428571,True,True,True,False,0.0,0.0,96.08143092492351,97.99364556366206,0.9245867374956572,-20.908979591836733,174.0906836342445
2026-04-01T08:30:00Z,2026-04-01T08:45:00Z,2026-04-01,2026-04-01_43,0.0,100,100,0,28.006547080745474,38.54764422360262,0.0292808253968254,0.0,11.457714285714285,True,True,True,False,0.0,0.0,96.08143092492351,97.99364556366206,0.0,-35.041891537504625,159.03318495108095
2026-04-01T08:45:00Z,2026-04-01T09:00:00Z,2026-04-01,2026-04-01_44,0.0,100,100,0,38.54764422360262,55.10869565217405,0.04600292063492063,0.0,18.001142857142856,True,True,True,False,0.0,0.0,96.08143092492351,97.99364556366206,0.0,3854.238578937341,4048.3136554259268
2026-04-01T09:00:00Z,2026-04-01T09:15:00Z,2026-04-01,2026-04-01_45,-17.0,0,0,83,55.10869565217405,59.018695652174046,0.010861111111111111,0.0,0.0,True,False,True,False,-607.0275,769.1515650741351,0.0,0.0,0.0,0.0,162.12406507413505
2026-04-01T09:15:00Z,2026-04-01T09:30:00Z,2026-04-01,2026-04-01_46,-17.0,0,0,83,59.018695652174046,62.92869565217404,0.010861111111111111,0.0,0.0,True,False,True,False,-602.2675,769.1515650741351,0.0,0.0,0.0,0.0,166.88406507413504
2026-04-01T09:30:00Z,2026-04-01T09:45:00Z,2026-04-01,2026-04-01_47,-17.000000000000032,0,0,83,62.92869565217404,66.83869565217405,0.010861111111111132,0.0,0.0,True,False,True,False,-552.5850000000011,769.1515650741351,0.0,0.0,0.0,0.0,216.56656507413402
2026-04-01T09:45:00Z,2026-04-01T10:00:00Z,2026-04-01,2026-04-01_48,-17.0,0,0,83,66.83869565217405,70.74869565217405,0.010861111111111111,0.0,0.0,True,False,True,False,-571.4124999999999,769.1515650741351,0.0,0.0,0.0,0.0,197.73906507413517
2026-04-01T10:00:00Z,2026-04-01T10:15:00Z,2026-04-01,2026-04-01_49,0.0,100,100,0,70.74869565217405,70.82135453416163,0.005046550724637682,0.8022857142857143,1.026857142857143,True,True,True,False,0.0,0.0,93.75735467168747,88.02071075547188,108.84339710183907,-51.54122818814512,239.0802343408533
2026-04-01T10:15:00Z,2026-04-01T10:30:00Z,2026-04-01,2026-04-01_50,0.0,100,100,0,70.82135453416163,67.64075925465853,0.012614288474810215,3.5520000000000005,0.7394285714285714,True,True,True,False,0.0,0.0,93.75735467168747,88.02071075547188,636.4599105671924,-27.56107319369264,790.6769028006591
2026-04-01T10:30:00Z,2026-04-01T10:45:00Z,2026-04-01,2026-04-01_51,0.0,100,100,0,67.64075925465853,74.22901068322996,0.018300698412698414,0.0,7.161142857142858,True,True,True,False,0.0,0.0,93.75735467168747,88.02071075547188,0.0,113.15021439218192,294.92827981934124
2026-04-01T10:45:00Z,2026-04-01T11:00:00Z,2026-04-01,2026-04-01_52,0.0,100,100,0,74.22901068322996,85.71534211180139,0.03190647619047619,0.0,12.485142857142858,True,True,True,False,0.0,0.0,93.75735467168747,88.02071075547188,0.0,2659.434843492587,2841.212908919746
2026-04-01T11:00:00Z,2026-04-01T11:15:00Z,2026-04-01,2026-04-01_53,0.0,100,100,0,85.71534211180139,94.14096496894425,0.023404507936507935,0.0,9.158285714285714,True,True,True,False,0.0,0.0,93.75735467168747,88.07954812897154,0.0,404.72086149121924,586.5577642918782
2026-04-01T11:15:00Z,2026-04-01T11:30:00Z,2026-04-01,2026-04-01_54,0.0,100,100,0,94.14096496894425,98.80667925465853,0.01296031746031746,0.0,5.071428571428571,True,True,True,False,0.0,0.0,93.75735467168747,88.07954812897154,0.0,-79.4193591769492,102.4175436237098
2026-04-01T11:30:00Z,2026-04-01T11:45:00Z,2026-04-01,2026-04-01_55,0.0,100,100,0,98.80667925465853,99.1002424844722,0.001264038647342995,0.07428571428571429,0.4068571428571428,True,True,True,False,0.0,0.0,93.75735467168747,88.07954812897154,9.783807954812898,-21.28084367190039,170.3398670835715
2026-04-01T11:45:00Z,2026-04-01T12:00:00Z,2026-04-01,2026-04-01_56,0.0,100,100,0,99.1002424844722,105.62383105590078,0.018121079365079364,0.0,7.090857142857143,True,True,True,False,0.0,0.0,93.75735467168747,88.07954812897154,0.0,1068.231759853859,1250.068662654518
2026-04-01T12:00:00Z,2026-04-01T12:15:00Z,2026-04-01,2026-04-01_57,0.0,100,100,0,105.62383105590078,120.18611677018649,0.040450793650793654,0.0,15.828571428571427,True,True,True,False,0.0,0.0,94.8164273946811,82.5488350200047,0.0,7757.7757007251,7935.140963139786
2026-04-01T12:15:00Z,2026-04-01T12:30:00Z,2026-04-01,2026-04-01_58,0.0,100,100,0,120.18611677018649,122.09035329192562,0.005362009661835748,0.012,2.0839999999999996,True,True,True,False,0.0,0.0,94.8164273946811,82.5488350200047,1.4120969639915275,-103.1074817604142,75.66987761826313
2026-04-01T12:30:00Z,2026-04-01T12:45:00Z,2026-04-01,2026-04-01_59,0.0,100,100,0,122.09035329192562,124.27786633540389,0.00638008281573499,0.05028571428571428,2.437142857142857,True,True,True,False,0.0,0.0,94.8164273946811,82.5488350200047,6.4552959239709065,-30.446122336908402,153.3744360017483
2026-04-01T12:45:00Z,2026-04-01T13:00:00Z,2026-04-01,2026-04-01_60,0.0,100,100,0,124.27786633540389,124.17663503105605,0.0014027218771566598,0.27885714285714286,0.21942857142857142,True,True,True,False,0.0,0.0,94.8164273946811,82.5488350200047,37.54382543791817,-11.152521265507852,203.75656658709613
2026-04-01T13:00:00Z,2026-04-01T13:15:00Z,2026-04-01,2026-04-01_61,-17.0,0,0,83,124.17663503105605,128.08663503105606,0.010861111111111111,0.0,0.0,True,False,True,False,-545.0625,769.1515650741351,0.0,0.0,0.0,0.0,224.08906507413508
2026-04-01T13:15:00Z,2026-04-01T13:30:00Z,2026-04-01,2026-04-01_62,-17.0,0,0,83,128.08663503105606,131.99663503105606,0.010861111111111111,0.0,0.0,True,False,True,False,-547.4000000000001,769.1515650741351,0.0,0.0,0.0,0.0,221.751565074135
2026-04-01T13:30:00Z,2026-04-01T13:45:00Z,2026-04-01,2026-04-01_63,-17.0,0,0,83,131.99663503105606,135.90663503105606,0.010861111111111111,0.0,0.0,True,False,True,False,-545.2325,769.1515650741351,0.0,0.0,0.0,0.0,223.91906507413512
2026-04-01T13:45:00Z,2026-04-01T14:00:00Z,2026-04-01,2026-04-01_64,-17.0,0,0,83,135.90663503105606,139.81663503105605,0.010861111111111111,0.0,0.0,True,False,True,False,-551.5225,769.1515650741351,0.0,0.0,0.0,0.0,217.62906507413504
2026-04-01T14:00:00Z,2026-04-01T14:15:00Z,2026-04-01,2026-04-01_65,-17.0,0,0,83,139.81663503105605,143.72663503105605,0.010861111111111111,0.0,0.0,True,False,True,False,-564.06,769.1515650741351,0.0,0.0,0.0,0.0,205.09156507413513
2026-04-01T14:15:00Z,2026-04-01T14:30:00Z,2026-04-01,2026-04-01_66,-17.0,0,0,83,143.72663503105605,147.63663503105604,0.010861111111111111,0.0,0.0,True,False,True,False,-568.4375,769.1515650741351,0.0,0.0,0.0,0.0,200.71406507413508
2026-04-01T14:30:00Z,2026-04-01T14:45:00Z,2026-04-01,2026-04-01_67,0.0,0,0,83,147.63663503105604,147.63663503105604,0.0,0.0,0.0,True,False,True,False,0.0,769.1515650741351,0.0,0.0,0.0,0.0,769.1515650741351
2026-04-01T14:45:00Z,2026-04-01T15:00:00Z,2026-04-01,2026-04-01_68,13.382816914285723,0,0,83,147.63663503105604,144.00000000000014,0.010101763975155286,0.0,0.0,True,False,True,False,602.4944174811433,769.1515650741351,0.0,0.0,0.0,0.0,1371.6459825552784
2026-04-01T15:00:00Z,2026-04-01T15:15:00Z,2026-04-01,2026-04-01_69,-17.0,0,0,83,144.00000000000014,147.91000000000014,0.010861111111111111,0.0,0.0,True,False,True,False,-531.845,769.1515650741351,0.0,0.0,0.0,0.0,237.30656507413505
2026-04-01T15:15:00Z,2026-04-01T15:30:00Z,2026-04-01,2026-04-01_70,-17.0,0,0,83,147.91000000000014,151.82000000000014,0.010861111111111111,0.0,0.0,True,False,True,False,-605.71,769.1515650741351,0.0,0.0,0.0,0.0,163.44156507413504
2026-04-01T15:30:00Z,2026-04-01T15:45:00Z,2026-04-01,2026-04-01_71,0.0,0,0,83,151.82000000000014,151.82000000000014,0.0,0.0,0.0,True,False,True,False,0.0,769.1515650741351,0.0,0.0,0.0,0.0,769.1515650741351
2026-04-01T15:45:00Z,2026-04-01T16:00:00Z,2026-04-01,2026-04-01_72,17.0,0,0,83,151.82000000000014,147.20043478260882,0.012832125603864732,0.0,0.0,True,False,True,False,812.9825,769.1515650741351,0.0,0.0,0.0,0.0,1582.134065074135
2026-04-01T16:00:00Z,2026-04-01T16:15:00Z,2026-04-01,2026-04-01_73,0.0,17,17,83,147.20043478260882,147.2231209341616,0.001033272436162871,0.16067428571428571,0.21449142857142858,True,True,True,False,0.0,769.1515650741351,18.089256295598965,11.457695928453752,28.088504602763678,-5.376083703728609,821.4109381972229
2026-04-01T16:15:00Z,2026-04-01T16:30:00Z,2026-04-01,2026-04-01_74,0.0,17,17,83,147.2231209341616,146.03364888447217,0.0033040890269151143,1.0943142857142858,0.0,True,True,True,False,0.0,769.1515650741351,18.089256295598965,11.457695928453752,406.116196752177,0.0,1204.8147140503647
2026-04-01T16:30:00Z,2026-04-01T16:45:00Z,2026-04-01,2026-04-01_75,0.0,17,17,83,146.03364888447217,145.08597807701875,0.002632418909592822,0.8718571428571428,0.0,True,True,True,False,0.0,769.1515650741351,18.089256295598965,11.457695928453752,202.95250210133474,0.0,1001.6510193995225
2026-04-01T16:45:00Z,2026-04-01T17:00:00Z,2026-04-01,2026-04-01_76,0.0,17,17,83,145.08597807701875,144.93971894658398,0.0007041801242236023,0.18389142857142857,0.05828571428571428,True,True,True,False,0.0,769.1515650741351,18.089256295598965,11.457695928453752,30.24232818478297,-2.9203442826883634,826.0205012002824
2026-04-01T17:00:00Z,2026-04-01T17:15:00Z,2026-04-01,2026-04-01_77,14.96798345652841,0,17,83,144.93971894658398,140.93763254658398,0.011154295771066487,0.0,0.0612,True,True,True,False,703.0087629944982,769.1515650741351,0.0,11.292657095787243,0.0,-3.160643680866086,1480.2923414835543
2026-04-01T17:15:00Z,2026-04-01T17:30:00Z,2026-04-01,2026-04-01_78,17.0,0,17,83,140.93763254658398,136.31806732919267,0.012832125603864734,0.0,0.0,True,True,True,False,815.575,769.1515650741351,0.0,11.292657095787243,0.0,0.0,1596.0192221699224
2026-04-01T17:30:00Z,2026-04-01T17:45:00Z,2026-04-01,2026-04-01_79,17.0,0,17,83,136.31806732919267,131.69850211180136,0.012832125603864732,0.0,0.0,True,True,True,False,919.785,769.1515650741351,0.0,11.292657095787243,0.0,0.0,1700.2292221699222
2026-04-01T17:45:00Z,2026-04-01T18:00:00Z,2026-04-01,2026-04-01_80,17.0,0,17,83,131.69850211180136,127.09234683229826,0.012794875776397516,0.0,0.012337142857142857,True,True,True,False,983.365,769.1515650741351,0.0,11.292657095787243,0.0,-0.7321543096975199,1763.0770678602248
2026-04-01T18:00:00Z,2026-04-01T18:15:00Z,2026-04-01,2026-04-01_81,100.0,0,100,0,127.09234683229826,100.00725366459639,0.07523636991028294,0.0,0.08171428571428571,True,True,True,False,5393.25,0.0,0.0,71.34031536832197,0.0,-4.821524280222798,5459.7687910880995
2026-04-01T18:15:00Z,2026-04-01T18:30:00Z,2026-04-01,2026-04-01_82,100.0,0,100,0,100.00725366459639,73.0240238509318,0.07495341614906832,0.0,0.17542857142857143,True,True,True,False,5291.25,0.0,0.0,71.34031536832197,0.0,-10.864852794495064,5351.725462573827
2026-04-01T18:30:00Z,2026-04-01T18:45:00Z,2026-04-01,2026-04-01_83,0.0,0,100,0,73.0240238509318,73.87515527950323,0.0023642539682539685,0.0,0.9251428571428572,True,True,True,False,0.0,0.0,0.0,71.34031536832197,0.0,-9.435412029721281,61.90490333860069
2026-04-01T18:45:00Z,2026-04-01T19:00:00Z,2026-04-01,2026-04-01_84,100.0,0,100,0,73.87515527950323,55.10869565217404,0.05212905452035886,0.0,7.734857142857142,True,True,True,False,4961.5,0.0,0.0,71.34031536832197,0.0,3661.588956056887,8694.42927142521
2026-04-01T19:00:00Z,2026-04-01T19:15:00Z,2026-04-01,2026-04-01_85,1.0,16,17,83,55.10869565217404,55.123142767702,0.0014641129330572808,0.004205714285714286,0.3127028571428571,True,True,True,False,44.67,769.1515650741351,17.02518239585785,12.577959519887031,0.577390758609869,-13.877707171435295,830.1243905770546
2026-04-01T19:15:00Z,2026-04-01T19:30:00Z,2026-04-01,2026-04-01_86,0.0,16,17,83,55.123142767702,55.1685013366461,0.0001431112767425811,0.002834285714285714,0.05265142857142857,True,True,True,False,0.0,769.1515650741351,17.02518239585785,12.577959519887031,0.33352385435228454,-2.8831686021360774,796.2050622420961
2026-04-01T19:30:00Z,2026-04-01T19:45:00Z,2026-04-01,2026-04-01_87,0.9656794695975139,16,17,83,55.1685013366461,55.108695652174056,0.0012226206456687253,0.0010057142857142856,0.21915428571428572,True,True,True,False,40.56819451779156,769.1515650741351,17.02518239585785,12.577959519887031,0.11834717412500419,-10.97692703493259,828.4643216468639
2026-04-01T19:45:00Z,2026-04-01T20:00:00Z,2026-04-01,2026-04-01_88,1.0,16,17,83,55.108695652174056,55.635794941615046,0.0026686505452035883,0.0,0.8591314285714285,True,True,True,False,38.225,769.1515650741351,17.02518239585785,12.577959519887031,0.0,3.206156904145513,840.1858638940255
2026-04-01T20:00:00Z,2026-04-01T20:15:00Z,2026-04-01,2026-04-01_89,0.0,100,100,0,55.635794941615046,54.78882053167716,0.010407817805383024,2.113142857142857,1.576,True,True,True,False,0.0,0.0,111.29089197458225,78.90091786302659,398.37392865548196,-14.092137757903823,574.473600735187
2026-04-01T20:15:00Z,2026-04-01T20:30:00Z,2026-04-01,2026-04-01_90,0.0,100,100,0,54.78882053167716,46.89503171180139,0.0219271911663216,7.2622857142857145,0.0,True,True,True,False,0.0,0.0,111.29089197458225,78.90091786302659,1689.388715776261,0.0,1879.58052561387
2026-04-01T20:30:00Z,2026-04-01T20:45:00Z,2026-04-01,2026-04-01_91,0.0,100,100,0,46.89503171180139,30.468323637267225,0.04562974465148378,15.112571428571428,0.0,True,True,True,False,0.0,0.0,111.29089197458225,78.90091786302659,8808.404997254256,0.0,8998.596807091864
2026-04-01T20:45:00Z,2026-04-01T21:00:00Z,2026-04-01,2026-04-01_92,0.0,100,100,0,30.468323637267225,22.562112457143,0.021961697722567286,7.273714285714285,0.0,True,True,True,False,0.0,0.0,111.29089197458225,78.90091786302659,1357.4861016037387,0.0,1547.6779114413475
2026-04-01T21:00:00Z,2026-04-01T21:15:00Z,2026-04-02,2026-04-01_93,-97.29287842086966,100,0,0,22.562112457143,26.505607950310555,0.014213629415479054,19.938857142857145,0.0,True,True,True,False,-3601.2958947484904,0.0,103.32450720800236,0.0,13334.983295927375,0.0,9837.011908386887
2026-04-01T21:15:00Z,2026-04-01T21:30:00Z,2026-04-02,2026-04-01_94,0.0,100,0,0,26.505607950310555,15.413061366459623,0.030812629399585924,10.205142857142858,0.0,True,True,True,False,0.0,0.0,103.32450720800236,0.0,2673.913561131426,0.0,2777.238068339428
2026-04-01T21:30:00Z,2026-04-01T21:45:00Z,2026-04-02,2026-04-01_95,-100.0,100,0,0,15.413061366459623,33.57596422360248,0.050452507936507934,5.257714285714286,0.0,True,True,True,False,-3264.5000000000005,0.0,103.32450720800236,0.0,927.2201114613543,0.0,-2233.955381330644
2026-04-01T21:45:00Z,2026-04-01T22:00:00Z,2026-04-02,2026-04-01_96,-100.0,100,0,0,33.57596422360248,55.108695652173914,0.059813142857142856,1.5948571428571428,0.0,True,True,True,False,-2979.5,0.0,103.32450720800236,0.0,279.29347242186077,0.0,-2596.882020370137
2026-04-01T22:00:00Z,2026-04-01T22:15:00Z,2026-04-02,2026-04-02_1,0.0,17,17,83,55.108695652173914,55.12315929440994,7.302702553485164e-05,0.00544,0.02214857142857143,True,True,True,False,0.0,769.1968225948809,17.5651662253604,13.93909973521624,0.8667882710601159,-1.5019455201109573,800.0659313064067
2026-04-01T22:15:00Z,2026-04-01T22:30:00Z,2026-04-02,2026-04-02_2,0.0,17,17,83,55.12315929440994,55.118384596273295,3.659892339544514e-05,0.008257142857142859,0.004565714285714286,True,True,True,False,0.0,769.1968225948809,17.5651662253604,13.93909973521624,1.3276857338993264,-0.34230991748273304,801.6864643718742
2026-04-01T22:30:00Z,2026-04-01T22:45:00Z,2026-04-02,2026-04-02_3,0.0,17,17,83,55.118384596273295,55.11988279254659,6.634247066942718e-05,0.010297142857142857,0.013794285714285712,True,True,True,False,0.0,769.1968225948809,17.5651662253604,13.93909973521624,1.6836197156026285,-0.9921766928648481,801.3925315781953
2026-04-01T22:45:00Z,2026-04-01T23:00:00Z,2026-04-02,2026-04-02_4,0.0,17,17,83,55.11988279254659,55.18392983850933,0.0006477842374051071,0.07781142857142859,0.16154857142857143,True,True,True,False,0.0,769.1968225948809,17.5651662253604,13.93909973521624,13.542897147900646,-0.9451787556564255,813.2988069477018
2026-04-01T23:00:00Z,2026-04-01T23:15:00Z,2026-04-02,2026-04-02_5,-17.0,17,0,83,55.18392983850933,58.90151315279504,0.010326620317460318,0.20914857142857143,0.0,True,True,True,False,-533.0775,769.1968225948809,17.5651662253604,0.0,36.85761054988163,0.0,290.54209937012297
2026-04-01T23:15:00Z,2026-04-01T23:30:00Z,2026-04-02,2026-04-02_6,-17.0,17,0,83,58.90151315279504,62.292086409937895,0.00941825904761905,0.5645942857142857,0.0,True,True,True,False,-507.28,769.1968225948809,17.5651662253604,0.0,100.2971268120876,0.0,379.77911563232897
2026-04-01T23:30:00Z,2026-04-01T23:45:00Z,2026-04-02,2026-04-02_7,-17.0,17,0,83,62.292086409937895,66.18662515279505,0.010818163174603178,0.016805714285714285,0.0,True,True,True,False,-495.5925,769.1968225948809,17.5651662253604,0.0,2.7859810061782877,0.0,293.95546982641963
2026-04-01T23:45:00Z,2026-04-02T00:00:00Z,2026-04-02,2026-04-02_8,-17.0,17,0,83,66.18662515279505,70.03915932422362,0.01070148380952381,0.062462857142857146,0.0,True,True,True,False,-486.965,769.1968225948809,17.5651662253604,0.0,10.664260261421429,0.0,310.4612490816628
2026-04-02T00:00:00Z,2026-04-02T00:15:00Z,2026-04-02,2026-04-02_9,-17.0,17,0,83,70.03915932422362,73.59596343850933,0.009880011428571428,0.38390857142857143,0.0,True,True,True,False,-496.82500000000005,769.1968225948809,17.5651662253604,0.0,67.6799524969529,0.0,357.6169413171942
2026-04-02T00:15:00Z,2026-04-02T00:30:00Z,2026-04-02,2026-04-02_10,-17.0,17,0,83,73.59596343850933,76.25815955279505,0.007394989206349207,1.3563085714285714,0.0,True,True,True,False,-486.37,769.1968225948809,17.5651662253604,0.0,261.9674691413441,0.0,562.3594579615855
2026-04-02T00:30:00Z,2026-04-02T00:45:00Z,2026-04-02,2026-04-02_11,-17.0,17,0,83,76.25815955279505,79.52450652422363,0.009073186031746032,0.6996228571428571,0.0,True,True,True,False,-483.4375,769.1968225948809,17.5651662253604,0.0,136.36532504854367,0.0,439.689813868785
2026-04-02T00:45:00Z,2026-04-02T01:00:00Z,2026-04-02,2026-04-02_12,-17.0,17,0,83,79.52450652422363,83.22546675279506,0.010280445079365081,0.22721714285714287,0.0,True,True,True,False,-473.57750000000004,769.1968225948809,17.5651662253604,0.0,39.086250775157964,0.0,352.2707395953993
2026-04-02T01:00:00Z,2026-04-02T01:15:00Z,2026-04-02,2026-04-02_13,-17.000000000000032,0,0,83,83.22546675279506,87.13546675279507,0.010861111111111132,0.0,0.0,True,False,True,False,-468.4775000000009,769.1968225948809,0.0,0.0,0.0,0.0,300.71932259488005
2026-04-02T01:15:00Z,2026-04-02T01:30:00Z,2026-04-02,2026-04-02_14,-17.0,0,0,83,87.13546675279507,91.04546675279506,0.010861111111111111,0.0,0.0,True,False,True,False,-460.0625,769.1968225948809,0.0,0.0,0.0,0.0,309.1343225948809
2026-04-02T01:30:00Z,2026-04-02T01:45:00Z,2026-04-02,2026-04-02_15,-16.999999999999968,0,0,83,91.04546675279506,94.95546675279506,0.010861111111111092,0.0,0.0,True,False,True,False,-467.07499999999914,769.1968225948809,0.0,0.0,0.0,0.0,302.1218225948818
2026-04-02T01:45:00Z,2026-04-02T02:00:00Z,2026-04-02,2026-04-02_16,-17.0,0,0,83,94.95546675279506,98.86546675279506,0.010861111111111111,0.0,0.0,True,False,True,False,-476.29749999999996,769.1968225948809,0.0,0.0,0.0,0.0,292.89932259488097
2026-04-02T02:00:00Z,2026-04-02T02:15:00Z,2026-04-02,2026-04-02_17,-17.000000000000032,0,0,83,98.86546675279506,102.77546675279507,0.010861111111111132,0.0,0.0,True,False,True,False,-448.8000000000008,769.1968225948809,0.0,0.0,0.0,0.0,320.3968225948801
2026-04-02T02:15:00Z,2026-04-02T02:30:00Z,2026-04-02,2026-04-02_18,-17.0,0,0,83,102.77546675279507,106.68546675279507,0.010861111111111111,0.0,0.0,True,False,True,False,-447.9075,769.1968225948809,0.0,0.0,0.0,0.0,321.2893225948809
2026-04-02T02:30:00Z,2026-04-02T02:45:00Z,2026-04-02,2026-04-02_19,-16.999999999999968,0,0,83,106.68546675279507,110.59546675279506,0.010861111111111092,0.0,0.0,True,False,True,False,-465.7999999999991,769.1968225948809,0.0,0.0,0.0,0.0,303.3968225948818
2026-04-02T02:45:00Z,2026-04-02T03:00:00Z,2026-04-02,2026-04-02_20,-17.0,0,0,83,110.59546675279506,114.50546675279506,0.010861111111111111,0.0,0.0,True,False,True,False,-473.45000000000005,769.1968225948809,0.0,0.0,0.0,0.0,295.7468225948809
2026-04-02T03:00:00Z,2026-04-02T03:15:00Z,2026-04-02,2026-04-02_21,-17.0,0,0,83,114.50546675279506,118.41546675279506,0.010861111111111111,0.0,0.0,True,False,True,False,-460.275,769.1968225948809,0.0,0.0,0.0,0.0,308.92182259488095
2026-04-02T03:15:00Z,2026-04-02T03:30:00Z,2026-04-02,2026-04-02_22,-17.0,0,0,83,118.41546675279506,122.32546675279505,0.010861111111111111,0.0,0.0,True,False,True,False,-480.9725,769.1968225948809,0.0,0.0,0.0,0.0,288.2243225948809
2026-04-02T03:30:00Z,2026-04-02T03:45:00Z,2026-04-02,2026-04-02_23,-17.0,0,0,83,122.32546675279505,126.23546675279505,0.010861111111111111,0.0,0.0,True,False,True,False,-507.025,769.1968225948809,0.0,0.0,0.0,0.0,262.17182259488095
2026-04-02T03:45:00Z,2026-04-02T04:00:00Z,2026-04-02,2026-04-02_24,0.0,0,0,83,126.23546675279505,126.23546675279505,0.0,0.0,0.0,True,False,True,False,0.0,769.1968225948809,0.0,0.0,0.0,0.0,769.1968225948809
2026-04-02T04:00:00Z,2026-04-02T04:15:00Z,2026-04-02,2026-04-02_25,0.0,0,17,83,126.23546675279505,126.4117072099379,0.0004895568253968255,0.0,0.19156571428571428,True,True,True,False,0.0,769.1968225948809,0.0,13.689026184171816,0.0,-9.82446371958139,773.0613850594714
2026-04-02T04:15:00Z,2026-04-02T04:30:00Z,2026-04-02,2026-04-02_26,16.999999999999996,0,17,83,126.4117072099379,121.83733453913045,0.012706590752242924,0.0,0.04157714285714286,True,True,True,False,645.3624999999998,769.1968225948809,0.0,13.689026184171816,0.0,-2.536250565572508,1425.71209821348
2026-04-02T04:30:00Z,2026-04-02T04:45:00Z,2026-04-02,2026-04-02_27,17.0,0,17,83,121.83733453913045,117.30424758260871,0.012591908212560387,0.0,0.07956,True,True,True,False,698.105,769.1968225948809,0.0,13.689026184171816,0.0,-4.601340935569286,1476.3895078434834
2026-04-02T04:45:00Z,2026-04-02T05:00:00Z,2026-04-02,2026-04-02_28,17.0,0,17,83,117.30424758260871,113.74544012919256,0.009885576259489302,0.0,0.9758971428571428,True,True,True,False,713.6175,769.1968225948809,0.0,13.689026184171816,0.0,-5.999130774037181,1490.5042180050154
2026-04-02T05:00:00Z,2026-04-02T05:15:00Z,2026-04-02,2026-04-02_29,17.0,0,17,83,113.74544012919256,109.33367615403729,0.012254899930986886,0.0,0.19117714285714285,True,True,True,False,695.385,769.1968225948809,0.0,13.779052662547809,0.0,-10.075637251292397,1468.2852380061363
2026-04-02T05:15:00Z,2026-04-02T05:30:00Z,2026-04-02,2026-04-02_30,17.0,0,17,83,109.33367615403729,104.73142770683232,0.012784023464458246,0.0,0.015931428571428572,True,True,True,False,708.39,769.1968225948809,0.0,13.779052662547809,0.0,-1.0859587901203436,1490.2799164673083
2026-04-02T05:30:00Z,2026-04-02T05:45:00Z,2026-04-02,2026-04-02_31,17.0,0,17,83,104.73142770683232,100.12157677515529,0.012805141476880605,0.0,0.008937142857142857,True,True,True,False,686.46,769.1968225948809,0.0,13.779052662547809,0.0,-0.6039867860295045,1468.8318884713992
2026-04-02T05:45:00Z,2026-04-02T06:00:00Z,2026-04-02,2026-04-02_32,0.37147285226832516,0,17,83,100.12157677515529,100.04665355527946,0.000348961040703158,0.0,0.02817142857142857,True,True,True,False,13.763997858672118,769.1968225948809,0.0,13.779052662547809,0.0,-2.1815963126409725,794.5582768034599
2026-04-02T06:00:00Z,2026-04-02T06:15:00Z,2026-04-02,2026-04-02_33,17.0,0,17,83,100.04665355527946,95.50026225093164,0.012628864734299515,0.0,0.06732,True,True,True,False,836.9525,769.1968225948809,0.0,14.029126213592233,0.0,-5.702189514563108,1614.47625929391
2026-04-02T06:15:00Z,2026-04-02T06:30:00Z,2026-04-02,2026-04-02_34,17.0,0,17,83,95.50026225093164,91.2149951701863,0.01190351966873706,0.0,0.3075542857142857,True,True,True,False,737.205,769.1968225948809,0.0,14.029126213592233,0.0,-18.093011150058143,1502.337937658415
2026-04-02T06:30:00Z,2026-04-02T06:45:00Z,2026-04-02,2026-04-02_35,17.0,0,17,83,91.2149951701863,86.80713802732916,0.01224404761904762,0.0,0.19477142857142857,True,True,True,False,654.7125000000001,769.1968225948809,0.0,14.029126213592233,0.0,-15.545002440493704,1422.3934463679795
2026-04-02T06:45:00Z,2026-04-02T07:00:00Z,2026-04-02,2026-04-02_36,0.0,0,17,83,86.80713802732916,86.81571768447202,2.383238095238095e-05,0.0,0.009325714285714284,True,True,True,False,0.0,769.1968225948809,0.0,14.029126213592233,0.0,-0.9145547009624679,782.3113941075106
2026-04-02T07:00:00Z,2026-04-02T07:15:00Z,2026-04-02,2026-04-02_37,0.0,100,60,0,86.81571768447202,82.68590401987575,0.011471704623878538,3.799428571428572,0.0,True,True,True,False,0.0,0.0,100.47072668431892,48.15533980582525,722.1373462783173,0.0,870.7634127684614
2026-04-02T07:15:00Z,2026-04-02T07:30:00Z,2026-04-02,2026-04-02_38,0.0,100,60,0,82.68590401987575,78.76540712546581,0.010890269151138715,3.6068571428571428,0.0,True,True,True,False,0.0,0.0,100.47072668431892,48.15533980582525,640.4571401672762,0.0,789.0832066574203
2026-04-02T07:30:00Z,2026-04-02T07:45:00Z,2026-04-02,2026-04-02_39,-40.0,100,60,0,78.76540712546581,62.827155995031035,0.04500658329882677,24.641142857142857,0.0,True,True,True,False,-1379.1999999999998,0.0,100.47072668431892,48.15533980582525,26285.673930988105,0.0,25055.09999747825
2026-04-02T07:45:00Z,2026-04-02T08:00:00Z,2026-04-02,2026-04-02_40,-40.0,100,60,0,62.827155995031035,66.97700364720495,0.029463172394755002,4.950285714285715,0.0,True,True,True,False,-1291.3,0.0,100.47072668431892,48.15533980582525,899.3616169461608,0.0,-243.312316563695
2026-04-02T08:00:00Z,2026-04-02T08:15:00Z,2026-04-02,2026-04-02_41,0.0,0,0,83,66.97700364720495,66.97700364720495,0.0,0.0,0.0,True,False,True,False,0.0,769.1968225948809,0.0,0.0,0.0,0.0,769.1968225948809
2026-04-02T08:15:00Z,2026-04-02T08:30:00Z,2026-04-02,2026-04-02_42,0.0,0,0,83,66.97700364720495,66.97700364720495,0.0,0.0,0.0,True,False,True,False,0.0,769.1968225948809,0.0,0.0,0.0,0.0,769.1968225948809
2026-04-02T08:30:00Z,2026-04-02T08:45:00Z,2026-04-02,2026-04-02_43,0.0,0,0,83,66.97700364720495,66.97700364720495,0.0,0.0,0.0,True,False,True,False,0.0,769.1968225948809,0.0,0.0,0.0,0.0,769.1968225948809
2026-04-02T08:45:00Z,2026-04-02T09:00:00Z,2026-04-02,2026-04-02_44,0.0,0,0,83,66.97700364720495,66.97700364720495,0.0,0.0,0.0,True,False,True,False,0.0,769.1968225948809,0.0,0.0,0.0,0.0,769.1968225948809
2026-04-02T09:00:00Z,2026-04-02T09:15:00Z,2026-04-02,2026-04-02_45,0.0,17,17,83,66.97700364720495,67.57092578385091,0.0016544766045548658,0.0007771428571428572,0.6464857142857143,True,True,True,False,0.0,769.1968225948809,18.290379523389234,15.409532215357459,0.12194062679499575,-25.959092741562646,777.05958221886
2026-04-02T09:15:00Z,2026-04-02T09:30:00Z,2026-04-02,2026-04-02_46,0.0,17,17,83,67.57092578385091,68.85357895155278,0.003611614216701173,0.008062857142857142,1.4037142857142857,True,True,True,False,0.0,769.1968225948809,18.290379523389234,15.409532215357459,1.2990870368035417,1.595198699897729,805.7910200703288
2026-04-02T09:30:00Z,2026-04-02T09:45:00Z,2026-04-02,2026-04-02_47,0.0,17,17,83,68.85357895155278,69.36690444720496,0.0015883955279503105,0.02690857142857143,0.5897542857142857,True,True,True,False,0.0,769.1968225948809,18.290379523389234,15.409532215357459,4.618309907395734,-12.71433202370445,794.800712217319
2026-04-02T09:45:00Z,2026-04-02T10:00:00Z,2026-04-02,2026-04-02_48,0.0,17,17,83,69.36690444720496,69.43737525465838,0.0006110731538992409,0.06877714285714286,0.15785714285714286,True,True,True,False,0.0,769.1968225948809,18.290379523389234,15.409532215357459,11.912184955238937,-8.708444640580565,806.100474648286
2026-04-02T10:00:00Z,2026-04-02T10:15:00Z,2026-04-02,2026-04-02_49,0.0,100,100,0,69.43737525465838,86.51520382608695,0.04743841269841269,0.0,18.56285714285714,True,True,True,False,0.0,0.0,99.76463665784054,90.64430714916153,0.0,2228.136315162723,2418.545258969725
2026-04-02T10:15:00Z,2026-04-02T10:30:00Z,2026-04-02,2026-04-02_50,0.0,100,100,0,86.51520382608695,98.1203466832298,0.03223650793650794,0.0,12.614285714285714,True,True,True,False,0.0,0.0,99.76463665784054,90.64430714916153,0.0,2028.8254528642879,2219.23439667129
2026-04-02T10:30:00Z,2026-04-02T10:45:00Z,2026-04-02,2026-04-02_51,0.0,100,100,0,98.1203466832298,98.83742096894409,0.001991873015873016,0.0,0.7794285714285715,True,True,True,False,0.0,0.0,99.76463665784054,90.64430714916153,0.0,-45.72662906457082,144.68231474243126
2026-04-02T10:45:00Z,2026-04-02T11:00:00Z,2026-04-02,2026-04-02_52,0.0,100,100,0,98.83742096894409,99.24207885714284,0.0011482042788129746,0.004,0.44457142857142856,True,True,True,False,0.0,0.0,99.76463665784054,90.64430714916153,0.5099539080121605,-28.372786617912833,162.5461110971014
2026-04-02T11:00:00Z,2026-04-02T11:15:00Z,2026-04-02,2026-04-02_53,0.0,100,100,0,99.24207885714284,103.45199885714284,0.01169422222222222,0.0,4.576,True,True,True,False,0.0,0.0,99.76463665784054,90.64430714916153,0.0,-126.46579503775621,63.943148769245866
2026-04-02T11:15:00Z,2026-04-02T11:30:00Z,2026-04-02,2026-04-02_54,0.0,100,100,0,103.45199885714284,108.7753817142857,0.014787174603174602,0.0,5.786285714285714,True,True,True,False,0.0,0.0,99.76463665784054,90.64430714916153,0.0,-70.4931550175822,119.91578878941988
2026-04-02T11:30:00Z,2026-04-02T11:45:00Z,2026-04-02,2026-04-02_55,0.0,100,100,0,108.7753817142857,120.93725599999999,0.03378298412698413,0.0,13.21942857142857,True,True,True,False,0.0,0.0,99.76463665784054,90.64430714916153,0.0,63.715649252581294,254.12459305958336
2026-04-02T11:45:00Z,2026-04-02T12:00:00Z,2026-04-02,2026-04-02_56,0.0,100,100,0,120.93725599999999,138.48086742857143,0.04873225396825397,0.0,19.06914285714286,True,True,True,False,0.0,0.0,99.76463665784054,90.64430714916153,0.0,450.8373992350693,641.2463430420714
2026-04-02T12:00:00Z,2026-04-02T12:15:00Z,2026-04-02,2026-04-02_57,-17.0,17,0,83,138.48086742857143,142.38738194285713,0.01085142920634921,0.0037885714285714285,0.0,True,True,True,False,-446.25,769.1968225948809,17.095027949396883,0.0,0.44584541671920314,0.0,340.48769596099703
2026-04-02T12:15:00Z,2026-04-02T12:30:00Z,2026-04-02,2026-04-02_58,-17.0,17,0,83,142.38738194285713,145.31009577142856,0.008118649523809524,1.0731371428571428,0.0,True,True,True,False,-446.25,769.1968225948809,17.095027949396883,0.0,199.22801054988162,0.0,539.2698610941594
2026-04-02T12:30:00Z,2026-04-02T12:45:00Z,2026-04-02,2026-04-02_59,-17.0,17,0,83,145.31009577142856,148.45436137142858,0.008734071111111111,0.83232,0.0,True,True,True,False,-514.4200000000001,769.1968225948809,17.095027949396883,0.0,146.87374856134159,0.0,418.7455991056193
2026-04-02T12:45:00Z,2026-04-02T13:00:00Z,2026-04-02,2026-04-02_60,-17.0,17,0,83,148.45436137142858,151.82,0.009348996190476192,0.5916971428571429,0.0,True,True,True,False,-509.915,769.1968225948809,17.095027949396883,0.0,104.3421383689881,0.0,380.7189889132659
2026-04-02T13:00:00Z,2026-04-02T13:15:00Z,2026-04-02,2026-04-02_61,0.0,100,100,0,151.82,148.56306385093168,0.009344949620427881,3.045714285714286,0.058285714285714274,True,True,True,False,0.0,0.0,101.79464548396588,80.37658134745514,643.4614292719147,-3.2174148699197236,822.4152412334159
2026-04-02T13:15:00Z,2026-04-02T13:30:00Z,2026-04-02,2026-04-02_62,0.0,100,100,0,148.56306385093168,133.85374708074536,0.04085921325051759,13.532571428571426,0.0,True,True,True,False,0.0,0.0,101.79464548396588,80.37658134745514,3340.81591459673,0.0,3522.987141428151
2026-04-02T13:30:00Z,2026-04-02T13:45:00Z,2026-04-02,2026-04-02_63,0.0,100,100,0,133.85374708074536,134.91949714285715,0.00904047204968944,1.006857142857143,2.348,True,True,True,False,0.0,0.0,101.79464548396588,80.37658134745514,188.98600944255313,-98.86836912817495,272.2888671457992
2026-04-02T13:45:00Z,2026-04-02T14:00:00Z,2026-04-02,2026-04-02_64,0.0,100,100,0,134.91949714285715,144.8717942857143,0.027645269841269846,0.0,10.817714285714287,True,True,True,False,0.0,0.0,101.79464548396588,80.37658134745514,0.0,530.3830790568655,712.5543058882865
2026-04-02T14:00:00Z,2026-04-02T14:15:00Z,2026-04-02,2026-04-02_65,0.0,0,100,0,144.8717942857143,161.47858285714287,0.04612996825396825,0.0,18.05085714285714,True,True,True,False,0.0,0.0,0.0,80.3471609296852,0.0,8120.814565628545,8201.16172655823
2026-04-02T14:15:00Z,2026-04-02T14:30:00Z,2026-04-02,2026-04-02_66,0.0,0,100,0,161.47858285714287,165.09392,0.010042603174603175,0.0,3.9297142857142857,True,True,True,False,0.0,0.0,0.0,80.3471609296852,0.0,-66.42708561341571,13.92007531626949
2026-04-02T14:30:00Z,2026-04-02T14:45:00Z,2026-04-02,2026-04-02_67,2.896018346959509,0,100,0,165.09392,174.17574163478253,0.027733167621406197,0.0,10.670857142857143,True,True,True,False,103.31545452778047,0.0,0.0,80.3471609296852,0.0,1185.849622998361,1369.5122384558267
2026-04-02T14:45:00Z,2026-04-02T15:00:00Z,2026-04-02,2026-04-02_68,100.0,0,100,0,174.17574163478253,151.07946834285707,0.06415631469979295,0.0,3.7514285714285713,True,True,True,False,4412.0,0.0,0.0,80.3471609296852,0.0,737.0297101388363,5229.376871068522
2026-04-02T15:00:00Z,2026-04-02T15:15:00Z,2026-04-02,2026-04-02_69,0.0,17,17,83,151.07946834285707,151.64295519999993,0.0015652412698412695,0.0,0.6124857142857142,True,True,True,False,0.0,769.1968225948809,17.69020300088261,13.959105619299795,0.0,-18.40520472407851,782.4409264909848
2026-04-02T15:15:00Z,2026-04-02T15:30:00Z,2026-04-02,2026-04-02_70,0.0,17,17,83,151.64295519999993,151.62349689440987,0.0010376330710835059,0.18078285714285713,0.19244,True,True,True,False,0.0,769.1968225948809,17.69020300088261,13.959105619299795,31.788813632020624,-9.712511154261056,822.9224336928229
2026-04-02T15:30:00Z,2026-04-02T15:45:00Z,2026-04-02,2026-04-02_71,0.0,17,17,83,151.62349689440987,150.93262111801235,0.0019190993788819875,0.6356057142857143,0.0,True,True,True,False,0.0,769.1968225948809,17.69020300088261,13.959105619299795,136.42291490102133,0.0,937.2690461160846
2026-04-02T15:45:00Z,2026-04-02T16:00:00Z,2026-04-02,2026-04-02_72,0.0,17,17,83,150.93262111801235,149.65508695652167,0.0035487060041407862,1.1753314285714285,0.0,True,True,True,False,0.0,769.1968225948809,17.69020300088261,13.959105619299795,290.0621606287564,0.0,1090.9082918438196
2026-04-02T16:00:00Z,2026-04-02T16:15:00Z,2026-04-02,2026-04-02_73,0.0,100,100,0,149.65508695652167,139.46502484472043,0.02830572808833678,9.374857142857142,0.0,True,True,True,False,0.0,0.0,104.06001765225066,80.64136510738453,2223.401320612505,0.0,2408.1027033721402
2026-04-02T16:15:00Z,2026-04-02T16:30:00Z,2026-04-02,2026-04-02_74,0.0,100,100,0,139.46502484472043,129.56067701863347,0.02751207729468599,9.112,0.0,True,True,True,False,0.0,0.0,104.06001765225066,80.64136510738453,2386.3503210748263,0.0,2571.0517038344615
2026-04-02T16:30:00Z,2026-04-02T16:45:00Z,2026-04-02,2026-04-02_75,0.0,100,100,0,129.56067701863347,112.82403105590055,0.04649068322981366,15.397714285714287,0.0,True,True,True,False,0.0,0.0,104.06001765225066,80.64136510738453,5994.858528810995,0.0,6179.559911570631
2026-04-02T16:45:00Z,2026-04-02T17:00:00Z,2026-04-02,2026-04-02_76,0.0,100,100,0,112.82403105590055,89.9755838509316,0.06346790890269151,21.02057142857143,0.0,True,True,True,False,0.0,0.0,104.06001765225066,80.64136510738453,9100.891135375952,0.0,9285.592518135587
2026-04-02T17:00:00Z,2026-04-02T17:15:00Z,2026-04-02,2026-04-02_77,0.0,0,17,83,89.9755838509316,90.69082339378875,0.001986776507936508,0.0,0.7774342857142856,True,True,True,False,0.0,769.1968225948809,0.0,13.689026184171816,0.0,-39.88160881827989,743.0042399607729
2026-04-02T17:15:00Z,2026-04-02T17:30:00Z,2026-04-02,2026-04-02_78,17.0,0,17,83,90.69082339378875,86.61715879751546,0.011315734989648031,0.0,0.5022285714285714,True,True,True,False,712.2575,769.1968225948809,0.0,13.689026184171816,0.0,-27.055329449838187,1468.0880193292146
2026-04-02T17:30:00Z,2026-04-02T17:45:00Z,2026-04-02,2026-04-02_79,17.0,0,17,83,86.61715879751546,82.0159662509316,0.012781090407177365,0.0,0.016902857142857143,True,True,True,False,809.965,769.1968225948809,0.0,13.689026184171816,0.0,-1.3261043163955786,1591.5247444626573
2026-04-02T17:45:00Z,2026-04-02T18:00:00Z,2026-04-02,2026-04-02_80,17.0,0,17,83,82.0159662509316,77.4082271204968,0.01279927536231884,0.0,0.01088,True,True,True,False,771.5025,769.1968225948809,0.0,13.689026184171816,0.0,-0.7663011160145142,1553.6220476630383
2026-04-02T18:00:00Z,2026-04-02T18:15:00Z,2026-04-02,2026-04-02_81,17.0,0,17,83,77.4082271204968,72.79700351801233,0.012808954451345753,0.0,0.007674285714285714,True,True,True,False,744.005,769.1968225948809,0.0,13.919093851132684,0.0,-0.5573832886423177,1526.5635331573712
2026-04-02T18:15:00Z,2026-04-02T18:30:00Z,2026-04-02,2026-04-02_82,17.0,0,17,83,72.79700351801233,68.19158736894401,0.012792822636300898,0.0,0.013017142857142859,True,True,True,False,732.7,769.1968225948809,0.0,13.919093851132684,0.0,-0.9739253438686452,1514.841991102145
2026-04-02T18:30:00Z,2026-04-02T18:45:00Z,2026-04-02,2026-04-02_83,0.2539582719732223,0,17,83,68.19158736894401,68.13377868322969,0.0002217160253564019,0.0,0.012142857142857143,True,True,True,False,10.365306870587068,769.1968225948809,0.0,13.919093851132684,0.0,-0.9526611468359041,792.5285621697648
2026-04-02T18:45:00Z,2026-04-02T19:00:00Z,2026-04-02,2026-04-02_84,17.0,0,17,83,68.13377868322969,63.54757992546572,0.012739440993788822,0.0,0.030697142857142857,True,True,True,False,783.5725,769.1968225948809,0.0,13.919093851132684,0.0,-1.9905488079126916,1564.697867638101
2026-04-02T19:00:00Z,2026-04-02T19:15:00Z,2026-04-02,2026-04-02_85,8.999999999999998,8,17,83,63.54757992546572,61.05180100372659,0.006939261449275362,0.04864,0.00272,True,True,True,False,370.25999999999993,769.1968225948809,8.324801412180053,14.289202706678434,8.113821712268315,-0.21339609689124253,1169.9712523291164
2026-04-02T19:15:00Z,2026-04-02T19:30:00Z,2026-04-02,2026-04-02_86,0.0,8,17,83,61.05180100372659,60.881366221117894,0.0004734299516908212,0.1568,0.0,True,True,True,False,0.0,769.1968225948809,8.324801412180053,14.289202706678434,27.41651921153281,0.0,819.2273459252722
2026-04-02T19:30:00Z,2026-04-02T19:45:00Z,2026-04-02,2026-04-02_87,8.999999999999998,8,17,83,60.881366221117894,58.74335919503093,0.006744769993098688,0.027794285714285712,0.3350457142857142,True,True,True,False,368.8424999999999,769.1968225948809,8.324801412180053,14.289202706678434,4.6716696484960565,-8.454047475027668,1156.8709488872078
2026-04-02T19:45:00Z,2026-04-02T20:00:00Z,2026-04-02,2026-04-02_88,8.999999999999998,8,17,83,58.74335919503093,57.012210951552674,0.006512994009661833,0.0,0.7085599999999999,True,True,True,False,393.9074999999999,769.1968225948809,8.324801412180053,14.289202706678434,0.0,17.264209975482984,1202.9825366892223
2026-04-02T20:00:00Z,2026-04-02T20:15:00Z,2026-04-02,2026-04-02_89,0.0,17,17,83,57.012210951552674,55.93916149068311,0.003706091042097998,1.1073314285714284,0.1419257142857143,True,True,True,False,0.0,769.1968225948809,17.905266254780816,14.454251250367754,238.32873783045432,-3.58220113142521,1036.3028767990586
2026-04-02T20:15:00Z,2026-04-02T20:30:00Z,2026-04-02,2026-04-02_90,0.0,17,17,83,55.93916149068311,55.350602484471935,0.001634886128364389,0.5414742857142857,0.0,True,True,True,False,0.0,769.1968225948809,17.905266254780816,14.454251250367754,95.03248078678604,0.0,896.5888208868155
2026-04-02T20:30:00Z,2026-04-02T20:45:00Z,2026-04-02,2026-04-02_91,0.0,17,17,83,55.350602484471935,55.1086956521738,0.0006719634230503795,0.2225542857142857,0.0,True,True,True,False,0.0,769.1968225948809,17.905266254780816,14.454251250367754,38.8008784992785,0.0,840.357218599308
2026-04-02T20:45:00Z,2026-04-02T21:00:00Z,2026-04-02,2026-04-02_92,0.0,17,17,83,55.1086956521738,55.1134843726707,7.606942719116632e-05,0.010394285714285715,0.017485714285714285,True,True,True,False,0.0,769.1968225948809,17.905266254780816,14.454251250367754,1.5468556432564204,-1.3736977430336654,801.7294980002523
2026-04-02T21:00:00Z,2026-04-02T21:15:00Z,2026-04-03,2026-04-02_93,-9.928079357411557,18,8,82,55.1134843726707,56.27595821719033,0.006281828665514135,1.127314285714286,0.0005942857142857143,True,True,True,False,-342.9158610049952,759.9144863295805,18.61393323657474,6.888949907817832,198.96900361443758,-0.040436861659503165,641.430075221756
2026-04-02T21:15:00Z,2026-04-02T21:30:00Z,2026-04-03,2026-04-02_94,0.0,18,8,82,56.27595821719033,55.262703558805235,0.0028145962732919255,0.9321942857142858,0.0,True,True,True,False,0.0,759.9144863295805,18.61393323657474,6.888949907817832,168.99984342144342,0.0,954.4172128954166
2026-04-02T21:30:00Z,2026-04-02T21:45:00Z,2026-04-03,2026-04-02_95,-2.360298902572362,18,8,82,55.262703558805235,55.155067796273286,0.002905585446263059,0.6107657142857142,0.0,True,True,True,False,-75.4174506844434,759.9144863295805,18.61393323657474,6.888949907817832,107.7485306868552,0.0,817.748449476385
2026-04-02T21:45:00Z,2026-04-02T22:00:00Z,2026-04-03,2026-04-02_96,-10.0,18,8,82,55.155067796273286,57.223037883229814,0.00637072436162871,0.23338285714285717,0.0,True,True,True,False,-305.475,759.9144863295805,18.61393323657474,6.888949907817832,40.966779678455154,0.0,520.9091491524282
2026-04-02T22:00:00Z,2026-04-02T22:15:00Z,2026-04-03,2026-04-03_1,0.0,17,17,83,57.223037883229814,56.9756569242236,0.0006931274258109041,0.22857714285714287,0.0011657142857142856,True,True,True,False,0.0,769.1817361628681,17.579825834542813,14.63901855411289,40.19202640052451,-0.09145367635933672,841.501153275689
2026-04-02T22:15:00Z,2026-04-02T22:30:00Z,2026-04-03,2026-04-03_2,0.0,17,17,83,56.9756569242236,56.834255950310556,0.00039973159420289854,0.13124,0.00136,True,True,True,False,0.0,769.1817361628681,17.579825834542813,14.63901855411289,22.796984662456357,-0.10669595575255952,824.0908692582276
2026-04-02T22:30:00Z,2026-04-02T22:45:00Z,2026-04-03,2026-04-03_3,0.0,17,17,83,56.834255950310556,56.76942466583851,0.00019945071083505867,0.06285142857142857,0.0037885714285714285,True,True,True,False,0.0,769.1817361628681,17.579825834542813,14.63901855411289,10.798904995769147,-0.2814485175202156,811.9180370297728
2026-04-02T22:45:00Z,2026-04-02T23:00:00Z,2026-04-03,2026-04-03_4,0.0,17,17,83,56.76942466583851,57.07211454409938,0.0009381827191166322,0.016125714285714285,0.3480628571428572,True,True,True,False,0.0,769.1817361628681,17.579825834542813,14.63901855411289,2.658215801536556,3.168651311564519,807.2274476646248
2026-04-02T23:00:00Z,2026-04-02T23:15:00Z,2026-04-03,2026-04-03_5,0.0,17,17,83,57.07211454409938,57.26835240745342,0.0005943805383022775,0.00816,0.22294285714285714,True,True,True,False,0.0,769.1817361628681,17.579825834542813,24.886831679284505,1.3784359941944848,-6.558156278194014,806.4686733926959
2026-04-02T23:15:00Z,2026-04-02T23:30:00Z,2026-04-03,2026-04-03_6,0.0,17,17,83,57.26835240745342,57.27350266832298,0.00015450641821946172,0.023217142857142856,0.033028571428571435,True,True,True,False,0.0,769.1817361628681,17.579825834542813,24.886831679284505,3.812017521896767,-1.814958414354641,813.6454527842376
2026-04-02T23:30:00Z,2026-04-02T23:45:00Z,2026-04-03,2026-04-03_7,0.0,17,17,83,57.27350266832298,57.826086211180126,0.0015349542857142856,0.0,0.6006342857142857,True,True,True,False,0.0,769.1817361628681,17.579825834542813,24.886831679284505,0.0,-29.75051669421858,781.8978769824769
2026-04-02T23:45:00Z,2026-04-03T00:00:00Z,2026-04-03,2026-04-03_8,0.0,17,17,83,57.826086211180126,57.93699615403727,0.00030808317460317465,0.0,0.12055428571428572,True,True,True,False,0.0,769.1817361628681,17.579825834542813,24.886831679284505,0.0,-6.603105283803397,805.0452883928921
2026-04-03T00:00:00Z,2026-04-03T00:15:00Z,2026-04-03,2026-04-03_9,0.0,17,4,83,57.93699615403727,57.94120545590062,3.4570351966873706e-05,0.0037885714285714285,0.009051428571428571,True,True,True,False,0.0,769.1817361628681,17.579825834542813,5.85572510100812,0.5939532745683689,-0.5331743414158508,792.6780660315716
2026-04-03T00:15:00Z,2026-04-03T00:30:00Z,2026-04-03,2026-04-03_10,-13.000000000000004,17,4,83,57.94120545590062,60.9142947378882,0.008287428819875778,0.02030285714285714,0.0027885714285714285,True,True,True,False,-390.0000000000001,769.1817361628681,17.579825834542813,5.85572510100812,3.311269928439739,-0.16309254193027778,405.7654644849284
2026-04-03T00:30:00Z,2026-04-03T00:45:00Z,2026-04-03,2026-04-03_11,-13.0,17,4,83,60.9142947378882,63.18274332422361,0.007369983133195307,0.752177142857143,0.0,True,True,True,False,-375.7325,769.1817361628681,17.579825834542813,5.85572510100812,132.7212187042942,0.0,549.6060058027132
2026-04-03T00:45:00Z,2026-04-03T01:00:00Z,2026-04-03,2026-04-03_12,-12.999999999999972,17,4,83,63.18274332422361,65.58756120248447,0.007547268433402333,0.6103485714285715,0.00034285714285714285,True,True,True,False,-387.07499999999914,769.1817361628681,17.579825834542813,5.85572510100812,107.68248189699133,-0.017618281769225162,513.207150713642
2026-04-03T01:00:00Z,2026-04-03T01:15:00Z,2026-04-03,2026-04-03_13,0.0,17,17,83,65.58756120248447,65.6316954832298,0.0001425400138026225,0.003302857142857143,0.05187428571428572,True,True,True,False,0.0,769.1817361628681,17.579825834542813,24.886831679284505,0.5178371609013118,-2.9601286986343593,809.2061021389624
2026-04-03T01:15:00Z,2026-04-03T01:30:00Z,2026-04-03,2026-04-03_14,0.0,17,17,83,65.6316954832298,65.7524362832298,0.0003353911111111111,0.0,0.13124,True,True,True,False,0.0,769.1817361628681,17.579825834542813,24.886831679284505,0.0,-6.912249613619424,804.736144063076
2026-04-03T01:30:00Z,2026-04-03T01:45:00Z,2026-04-03,2026-04-03_15,0.0,17,17,83,65.7524362832298,65.2921867726708,0.001303792767425811,0.4276228571428572,0.004954285714285713,True,True,True,False,0.0,769.1817361628681,17.579825834542813,24.886831679284505,75.40935260659789,-0.2861360900191088,886.7716101932742
2026-04-03T01:45:00Z,2026-04-03T02:00:00Z,2026-04-03,2026-04-03_16,0.0,17,17,83,65.2921867726708,64.9842861515528,0.0008552795031055901,0.2832685714285714,0.0,True,True,True,False,0.0,769.1817361628681,17.579825834542813,24.886831679284505,49.84723486895562,0.0,861.495628545651
2026-04-03T02:00:00Z,2026-04-03T02:15:00Z,2026-04-03,2026-04-03_17,0.0,17,17,83,64.9842861515528,64.98861669565217,0.0003241065838509317,0.051680000000000004,0.06576571428571429,True,True,True,False,0.0,769.1817361628681,17.579825834542813,24.886831679284505,8.923400494253324,-3.5635327580120033,817.0082614129367
2026-04-03T02:15:00Z,2026-04-03T02:30:00Z,2026-04-03,2026-04-03_18,0.0,17,17,83,64.98861669565217,65.16718080993789,0.0004960114285714285,0.0,0.19409142857142855,True,True,True,False,0.0,769.1817361628681,17.579825834542813,24.886831679284505,0.0,-10.043030396019075,801.6053632806763
2026-04-03T02:30:00Z,2026-04-03T02:45:00Z,2026-04-03,2026-04-03_19,0.0,17,17,83,65.16718080993789,65.11814174409938,0.0005125726432022085,0.10744000000000002,0.07363428571428571,True,True,True,False,0.0,769.1817361628681,17.579825834542813,24.886831679284505,18.91383149884282,-3.9745703728194295,826.5876548027188
2026-04-03T02:45:00Z,2026-04-03T03:00:00Z,2026-04-03,2026-04-03_20,0.0,17,17,83,65.11814174409938,64.83252062608695,0.0007933919944789509,0.26277142857142854,0.0,True,True,True,False,0.0,769.1817361628681,17.579825834542813,24.886831679284505,46.129306280155326,0.0,857.7776999568507
2026-04-03T03:00:00Z,2026-04-03T03:15:00Z,2026-04-03,2026-04-03_21,0.0,17,17,83,64.83252062608695,64.79775209937887,0.00015566368530020702,0.04177142857142857,0.011559999999999999,True,True,True,False,0.0,769.1817361628681,17.579825834542813,14.609010316557486,7.08337283624076,-0.8043729415918095,807.6495722086173
2026-04-03T03:15:00Z,2026-04-03T03:30:00Z,2026-04-03,2026-04-03_22,0.0,17,17,83,64.79775209937887,64.78594729937886,0.0001291136507936508,0.026811428571428573,0.018845714285714285,True,True,True,False,0.0,769.1817361628681,17.579825834542813,14.609010316557486,4.43521796795759,-1.2839340524849956,804.521856229441
2026-04-03T03:30:00Z,2026-04-03T03:45:00Z,2026-04-03,2026-04-03_23,0.0,17,17,83,64.78594729937886,64.6271977937888,0.000461824182194617,0.14950285714285716,0.00408,True,True,True,False,0.0,769.1817361628681,17.579825834542813,14.609010316557486,26.2449266039417,-0.31745834542815676,827.2980405724819
2026-04-03T03:45:00Z,2026-04-03T04:00:00Z,2026-04-03,2026-04-03_24,0.0,17,17,83,64.6271977937888,64.01593692422358,0.0016979468599033814,0.56236,0.0,True,True,True,False,0.0,769.1817361628681,17.579825834542813,14.609010316557486,107.54999886243282,0.0,908.9205711764013
2026-04-03T04:00:00Z,2026-04-03T04:15:00Z,2026-04-03,2026-04-03_25,0.0,17,17,83,64.01593692422358,63.85331403726706,0.0004909543685300207,0.1561085714285714,0.007674285714285714,True,True,True,False,0.0,769.1817361628681,17.574824461616913,14.609010316557486,28.103798749236475,-0.4022444962482698,829.0671251940307
2026-04-03T04:15:00Z,2026-04-03T04:30:00Z,2026-04-03,2026-04-03_26,0.0,17,17,83,63.85331403726706,63.852050673291906,7.450997929606625e-05,0.012920000000000001,0.01389142857142857,True,True,True,False,0.0,769.1817361628681,17.574824461616913,14.609010316557486,2.0648914996273486,-1.0477530851606323,802.3827093555092
2026-04-03T04:30:00Z,2026-04-03T04:45:00Z,2026-04-03,2026-04-03_27,0.0,17,17,83,63.852050673291906,63.83107305341613,0.00010246037267080744,0.026617142857142857,0.008645714285714284,True,True,True,False,0.0,769.1817361628681,17.574824461616913,14.609010316557486,4.261494050467635,-0.6467294764389103,804.9803355150713
2026-04-03T04:45:00Z,2026-04-03T05:00:00Z,2026-04-03,2026-04-03_28,0.0,17,17,83,63.83107305341613,63.82304347826085,0.00024225739130434785,0.04381142857142857,0.04303428571428572,True,True,True,False,0.0,769.1817361628681,17.574824461616913,14.609010316557486,7.413064539845671,-2.3490258020408965,806.4296096788473
2026-04-03T05:00:00Z,2026-04-03T05:15:00Z,2026-04-03,2026-04-03_29,17.0,0,17,83,63.82304347826085,59.67926708074532,0.011510489993098687,0.0,0.43772571428571433,True,True,True,False,780.045,769.1817361628681,0.0,14.619013062409287,0.0,-21.8334007968574,1542.01234842842
2026-04-03T05:15:00Z,2026-04-03T05:30:00Z,2026-04-03,2026-04-03_30,17.0,0,17,83,59.67926708074532,55.108695652173886,0.012696031746031745,0.0,0.04507428571428571,True,True,True,False,720.63,769.1817361628681,0.0,14.619013062409287,0.0,-2.4160527920829806,1502.0146964331943
2026-04-03T05:30:00Z,2026-04-03T05:45:00Z,2026-04-03,2026-04-03_31,0.24599387785348956,0,17,83,55.108695652173886,55.10869565217389,0.0003650352216429077,0.0,0.07246857142857142,True,True,True,False,8.809655750628094,769.1817361628681,0.0,14.619013062409287,0.0,-3.872263012255465,788.73814196365
2026-04-03T05:45:00Z,2026-04-03T06:00:00Z,2026-04-03,2026-04-03_32,0.0,0,17,83,55.10869565217389,55.200301366459605,0.00025446031746031745,0.0,0.09957142857142856,True,True,True,False,0.0,769.1817361628681,0.0,14.619013062409287,0.0,-5.048095275453766,778.7526539498236
2026-04-03T06:00:00Z,2026-04-03T06:15:00Z,2026-04-03,2026-04-03_33,100.0,0,100,0,55.200301366459605,29.313344844720476,0.07190821256038647,0.0,1.184,True,True,True,False,3914.5000000000005,0.0,0.0,86.55317145883184,0.0,-60.77352685050798,3940.2796446083244
2026-04-03T06:15:00Z,2026-04-03T06:30:00Z,2026-04-03,2026-04-03_34,22.346738013299458,0,100,0,29.313344844720476,24.332741366459597,0.018361874361880783,0.0,1.1405714285714286,True,True,True,False,757.4985518058184,0.0,0.0,86.55317145883184,0.0,-58.20323517380121,785.848488090849
2026-04-03T06:30:00Z,2026-04-03T06:45:00Z,2026-04-03,2026-04-03_35,0.0,0,100,0,24.332741366459597,29.077312795031027,0.013179365079365079,0.0,5.1571428571428575,True,True,True,False,0.0,0.0,0.0,86.55317145883184,0.0,54.32266000190529,140.87583146073712
2026-04-03T06:45:00Z,2026-04-03T07:00:00Z,2026-04-03,2026-04-03_36,0.0,0,100,0,29.077312795031027,41.889495652173885,0.03558939682539682,0.0,13.926285714285713,True,True,True,False,0.0,0.0,0.0,86.55317145883184,0.0,2506.9062377907658,2593.4594092495977
2026-04-03T07:00:00Z,2026-04-03T07:15:00Z,2026-04-03,2026-04-03_37,100.0,0,100,0,41.889495652173885,29.175209937888173,0.03531746031746031,0.0,13.302857142857144,True,True,True,False,3627.5,0.0,0.0,85.87651512179814,0.0,1539.9806557542408,5253.357170876039
2026-04-03T07:15:00Z,2026-04-03T07:30:00Z,2026-04-03,2026-04-03_38,0.0,0,100,0,29.175209937888173,34.34981565217389,0.014373904761904763,0.0,5.6245714285714286,True,True,True,False,0.0,0.0,0.0,85.87651512179814,0.0,108.79032686844009,194.66684199023823
2026-04-03T07:30:00Z,2026-04-03T07:45:00Z,2026-04-03,2026-04-03_39,0.0,0,100,0,34.34981565217389,43.98773565217389,0.026771999999999997,0.0,10.475999999999999,True,True,True,False,0.0,0.0,0.0,85.87651512179814,0.0,734.5589730514257,820.4354881732238
2026-04-03T07:45:00Z,2026-04-03T08:00:00Z,2026-04-03,2026-04-03_40,0.0,0,100,0,43.98773565217389,55.10869565217389,0.03089155555555556,0.0,12.088000000000001,True,True,True,False,0.0,0.0,0.0,85.87651512179814,0.0,891.3862754481623,977.2627905699604
2026-04-03T08:00:00Z,2026-04-03T08:15:00Z,2026-04-03,2026-04-03_41,0.0,17,17,83,55.10869565217389,55.160581932919236,0.0015807400138026224,0.2379028571428571,0.3374742857142857,True,True,True,False,0.0,769.1817361628681,17.43478601969168,14.849076217000745,41.709196478585156,32.107250326420136,875.2820452045659
2026-04-03T08:15:00Z,2026-04-03T08:30:00Z,2026-04-03,2026-04-03_42,0.0,17,17,83,55.160581932919236,55.54332141118011,0.0011065744651483783,0.007188571428571429,0.42451428571428573,True,True,True,False,0.0,769.1817361628681,17.43478601969168,14.849076217000745,1.1450760107816713,-9.925954295576938,792.6847201147652
2026-04-03T08:30:00Z,2026-04-03T08:45:00Z,2026-04-03,2026-04-03_43,0.0,17,17,83,55.54332141118011,56.588520268322966,0.0029033301587301588,0.0,1.1360857142857144,True,True,True,False,0.0,769.1817361628681,17.43478601969168,14.849076217000745,0.0,-11.319189228415643,790.1464091711449
2026-04-03T08:45:00Z,2026-04-03T09:00:00Z,2026-04-03,2026-04-03_44,0.0,17,17,83,56.588520268322966,57.06555319254657,0.0013391701311249139,0.002331428571428571,0.5212685714285714,True,True,True,False,0.0,769.1817361628681,17.43478601969168,14.849076217000745,0.37057807017052297,-11.55080280861413,790.285373661117
2026-04-03T09:00:00Z,2026-04-03T09:15:00Z,2026-04-03,2026-04-03_45,0.0,100,100,0,57.06555319254657,43.38122524223601,0.03802662525879918,12.592,0.002857142857142857,True,True,True,False,0.0,0.0,104.55811399207626,132.7423214215667,3210.69080296552,-0.22415116754739395,3447.7670872116155
2026-04-03T09:15:00Z,2026-04-03T09:30:00Z,2026-04-03,2026-04-03_46,0.0,100,100,0,43.38122524223601,53.17699269565216,0.027928201518288474,0.11885714285714286,10.788,True,True,True,False,0.0,0.0,104.55811399207626,132.7423214215667,16.29489327602535,-8.518512532852155,245.07681615681614
2026-04-03T09:30:00Z,2026-04-03T09:45:00Z,2026-04-03,2026-04-03_47,0.0,100,100,0,53.17699269565216,54.54524611180123,0.003997391304347826,0.03257142857142857,1.5257142857142856,True,True,True,False,0.0,0.0,104.55811399207626,132.7423214215667,4.465427484295408,-47.480398540775894,194.28546435716245
2026-04-03T09:45:00Z,2026-04-03T10:00:00Z,2026-04-03,2026-04-03_48,0.0,100,100,0,54.54524611180123,60.30427319254657,0.016345813664596275,0.057714285714285725,6.328,True,True,True,False,0.0,0.0,104.55811399207626,132.7423214215667,7.912424138839234,-72.9260236143255,172.28683593815668
2026-04-03T10:00:00Z,2026-04-03T10:15:00Z,2026-04-03,2026-04-03_49,0.0,100,100,0,60.30427319254657,70.92685604968942,0.029507174603174605,0.0,11.546285714285714,True,True,True,False,0.0,0.0,102.11626721060682,132.7423214215667,0.0,2.6631687129800334,237.52175734515353
2026-04-03T10:15:00Z,2026-04-03T10:30:00Z,2026-04-03,2026-04-03_50,0.0,100,100,0,70.92685604968942,71.59191244720495,0.0023787798481711524,0.08800000000000001,0.8268571428571428,True,True,True,False,0.0,0.0,102.11626721060682,132.7423214215667,12.064488290903386,-43.42532538343859,203.4977515396383
2026-04-03T10:30:00Z,2026-04-03T10:45:00Z,2026-04-03,2026-04-03_51,0.0,100,100,0,71.59191244720495,77.90170722981364,0.018072411318150447,0.09028571428571429,6.965142857142857,True,True,True,False,0.0,0.0,102.11626721060682,132.7423214215667,12.279005889571927,-47.58772043866384,199.5498740830816
2026-04-03T10:45:00Z,2026-04-03T11:00:00Z,2026-04-03,2026-04-03_52,0.0,100,100,0,77.90170722981364,88.18047294409935,0.028552126984126985,0.0,11.172571428571429,True,True,True,False,0.0,0.0,102.11626721060682,132.7423214215667,0.0,-16.21344212136665,218.64514651080685
2026-04-03T11:00:00Z,2026-04-03T11:15:00Z,2026-04-03,2026-04-03_53,-46.99999999999995,0,0,53,88.18047294409935,98.99047294409934,0.03002777777777775,0.0,0.0,True,False,True,False,-1222.5874999999987,491.1642411642411,0.0,0.0,0.0,0.0,-731.4232588357577
2026-04-03T11:15:00Z,2026-04-03T11:30:00Z,2026-04-03,2026-04-03_54,-47.0,0,0,53,98.99047294409934,109.80047294409934,0.030027777777777778,0.0,0.0,True,False,True,False,-1222.705,491.1642411642411,0.0,0.0,0.0,0.0,-731.5407588357589
2026-04-03T11:30:00Z,2026-04-03T11:45:00Z,2026-04-03,2026-04-03_55,-47.0000000000002,0,0,53,109.80047294409934,120.61047294409939,0.030027777777777907,0.0,0.0,True,False,True,False,-1186.280000000005,491.1642411642411,0.0,0.0,0.0,0.0,-695.1157588357639
2026-04-03T11:45:00Z,2026-04-03T12:00:00Z,2026-04-03,2026-04-03_56,-47.0,0,0,53,120.61047294409939,131.42047294409937,0.030027777777777778,0.0,0.0,True,False,True,False,-922.375,491.1642411642411,0.0,0.0,0.0,0.0,-431.2107588357589
2026-04-03T12:00:00Z,2026-04-03T12:15:00Z,2026-04-03,2026-04-03_57,-47.0,0,0,53,131.42047294409937,142.23047294409938,0.030027777777777778,0.0,0.0,True,False,True,False,-773.62,491.1642411642411,0.0,0.0,0.0,0.0,-282.4557588357589
2026-04-03T12:15:00Z,2026-04-03T12:30:00Z,2026-04-03,2026-04-03_58,-47.0,0,0,53,142.23047294409938,153.04047294409938,0.030027777777777778,0.0,0.0,True,False,True,False,-842.2400000000001,491.1642411642411,0.0,0.0,0.0,0.0,-351.075758835759
2026-04-03T12:30:00Z,2026-04-03T12:45:00Z,2026-04-03,2026-04-03_59,-47.0,0,0,53,153.04047294409938,163.85047294409938,0.030027777777777778,0.0,0.0,True,False,True,False,-1222.5874999999999,491.1642411642411,0.0,0.0,0.0,0.0,-731.4232588357588
2026-04-03T12:45:00Z,2026-04-03T13:00:00Z,2026-04-03,2026-04-03_60,47.0,0,0,53,163.85047294409938,151.0787338136646,0.035477053140096616,0.0,0.0,True,False,True,False,1563.2199999999998,491.1642411642411,0.0,0.0,0.0,0.0,2054.384241164241
2026-04-03T13:00:00Z,2026-04-03T13:15:00Z,2026-04-03,2026-04-03_61,0.0,47,47,53,151.0787338136646,154.4358874136646,0.009325426666666668,0.0,3.64908,True,True,True,False,0.0,491.1642411642411,48.32650139253913,40.3757894323932,0.0,204.39170842191973,784.2582404110932
2026-04-03T13:15:00Z,2026-04-03T13:30:00Z,2026-04-03,2026-04-03_62,0.0,47,47,53,154.4358874136646,154.54698490434782,0.0007140561766735679,0.06714285714285714,0.20008571428571428,True,True,True,False,0.0,491.1642411642411,48.32650139253913,40.3757894323932,8.575575368028199,-10.691553025760571,577.7505543314411
2026-04-03T13:30:00Z,2026-04-03T13:45:00Z,2026-04-03,2026-04-03_63,0.0,47,47,53,154.54698490434782,154.38585232298138,0.0006438863768115943,0.18074857142857145,0.038405714285714286,True,True,True,False,0.0,491.1642411642411,48.32650139253913,40.3757894323932,25.73669499974783,-2.2039935601369565,603.3992334287843
2026-04-03T13:45:00Z,2026-04-03T14:00:00Z,2026-04-03,2026-04-03_64,0.0,47,47,53,154.38585232298138,155.79424182857144,0.003930032960662526,0.002954285714285714,1.5343485714285714,True,True,True,False,0.0,491.1642411642411,48.32650139253913,40.3757894323932,0.347658460866008,-6.640738619565035,573.5734518304744
2026-04-03T14:00:00Z,2026-04-03T14:15:00Z,2026-04-03,2026-04-03_65,0.0,97,100,0,155.79424182857144,171.07149897142858,0.042436825396825396,0.0,16.605714285714285,True,True,True,False,0.0,0.0,100.45110422468912,85.90593496253872,0.0,11047.59418103569,11233.951220222918
2026-04-03T14:15:00Z,2026-04-03T14:30:00Z,2026-04-03,2026-04-03_66,0.0,97,100,0,171.07149897142858,173.8019054310559,0.007591156659765355,0.0011085714285714286,2.969142857142857,True,True,True,False,0.0,0.0,100.45110422468912,85.90593496253872,0.1413273111386319,-69.41490986321173,117.08345663515475
2026-04-03T14:30:00Z,2026-04-03T14:45:00Z,2026-04-03,2026-04-03_67,0.2254493938569157,97,100,0,173.8019054310559,176.72594037027338,0.008481939715046629,0.01053142857142857,3.2560000000000007,True,True,True,False,6.924114508830523,0.0,100.45110422468912,85.90593496253872,1.3426094558170028,-1.9930914368650219,192.63067171501035
2026-04-03T14:45:00Z,2026-04-03T15:00:00Z,2026-04-03,2026-04-03_68,3.000000000000028,97,100,0,176.72594037027338,180.60606711809945,0.014387550144927548,0.0,5.076,True,True,True,False,104.32500000000097,0.0,100.45110422468912,85.90593496253872,0.0,68.20532773702584,358.88736692425465
2026-04-03T15:00:00Z,2026-04-03T15:15:00Z,2026-04-03,2026-04-03_69,4.1059672167420045,0,100,0,180.60606711809945,189.3594691141881,0.027873510465867113,0.0,10.648,True,True,True,False,123.71279224043658,0.0,0.0,86.1118738477229,0.0,742.7870709606559,952.6117370488154
2026-04-03T15:15:00Z,2026-04-03T15:30:00Z,2026-04-03,2026-04-03_70,100.00000000000001,0,100,0,189.3594691141881,187.00170513903282,0.0065493443754313365,0.0,22.830857142857145,True,True,True,False,3143.5000000000005,0.0,0.0,86.1118738477229,0.0,19863.24424452651,23092.856118374235
2026-04-03T15:30:00Z,2026-04-03T15:45:00Z,2026-04-03,2026-04-03_71,63.05209725224271,0,100,0,187.00170513903282,178.9114466981365,0.039130133785639974,0.0,8.820571428571428,True,True,True,False,2155.435944567917,0.0,0.0,86.1118738477229,0.0,532.1406835489854,2773.688501964625
2026-04-03T15:45:00Z,2026-04-03T16:00:00Z,2026-04-03,2026-04-03_72,100.0,0,100,0,178.9114466981365,151.79032868571414,0.07533643892339545,0.0,0.04857142857142858,True,True,True,False,4002.5,0.0,0.0,86.1118738477229,0.0,-3.1592958291071502,4085.452578018616
2026-04-03T16:00:00Z,2026-04-03T16:15:00Z,2026-04-03,2026-04-03_73,0.0,0,17,83,151.79032868571414,151.81999999999985,8.242031746031746e-05,0.0,0.03225142857142857,True,True,True,False,0.0,769.1817361628681,0.0,14.609010316557486,0.0,-1.7348948361174774,782.0558516433081
2026-04-03T16:15:00Z,2026-04-03T16:30:00Z,2026-04-03,2026-04-03_74,17.0,0,17,83,151.81999999999985,147.20043478260854,0.012832125603864732,0.0,0.0,True,True,True,False,744.09,769.1817361628681,0.0,14.609010316557486,0.0,0.0,1527.8807464794256
2026-04-03T16:30:00Z,2026-04-03T16:45:00Z,2026-04-03,2026-04-03_75,17.0,0,17,83,147.20043478260854,142.59691925465822,0.012787543133195306,0.0,0.014765714285714285,True,True,True,False,718.2075,769.1817361628681,0.0,14.609010316557486,0.0,-0.9328643851813662,1501.0653820942441
2026-04-03T16:45:00Z,2026-04-03T17:00:00Z,2026-04-03,2026-04-03_76,17.0,0,17,83,142.59691925465822,137.98284472049673,0.01281687370600414,0.0,0.005051428571428571,True,True,True,False,790.16,769.1817361628681,0.0,14.609010316557486,0.0,-0.3910403729875428,1573.559706106438
2026-04-03T17:00:00Z,2026-04-03T17:15:00Z,2026-04-03,2026-04-03_77,0.0,0,17,83,137.98284472049673,137.98284472049673,0.0,0.0,0.0,True,True,True,False,0.0,769.1817361628681,0.0,14.609010316557486,0.0,0.0,783.7907464794256
2026-04-03T17:15:00Z,2026-04-03T17:30:00Z,2026-04-03,2026-04-03_78,0.0,0,17,83,137.98284472049673,138.02064883478243,0.00010501142857142855,0.0,0.041091428571428563,True,True,True,False,0.0,769.1817361628681,0.0,14.609010316557486,0.0,-2.5457649517234415,781.2449815277022
2026-04-03T17:30:00Z,2026-04-03T17:45:00Z,2026-04-03,2026-04-03_79,17.0,0,17,83,138.02064883478243,133.4243134310557,0.012767598343685299,0.0,0.02137142857142857,True,True,True,False,823.735,769.1817361628681,0.0,14.609010316557486,0.0,-1.5680666401421117,1605.9576798392834
2026-04-03T17:45:00Z,2026-04-03T18:00:00Z,2026-04-03,2026-04-03_80,17.0,0,17,83,133.4243134310557,128.812878648447,0.012809541062801931,0.0,0.0074800000000000005,True,True,True,False,916.045,769.1817361628681,0.0,14.609010316557486,0.0,-0.5709379280586827,1699.264808551367
2026-04-03T18:00:00Z,2026-04-03T18:15:00Z,2026-04-03,2026-04-03_81,100.0,0,100,0,128.812878648447,101.77809603975133,0.07509661835748792,0.0,0.128,True,True,True,False,4976.75,0.0,0.0,86.0824540069823,0.0,-8.67106735182207,5054.161386655161
2026-04-03T18:15:00Z,2026-04-03T18:30:00Z,2026-04-03,2026-04-03_82,100.0,0,100,0,101.77809603975133,76.27374821366438,0.07084541062801931,0.0,1.536,True,True,True,False,4552.0,0.0,0.0,86.0824540069823,0.0,-50.681733809280985,4587.400720197701
2026-04-03T18:30:00Z,2026-04-03T18:45:00Z,2026-04-03,2026-04-03_83,100.0,0,100,0,76.27374821366438,59.87933827577618,0.045540027605245,0.0,9.917142857142858,True,True,True,False,4011.75,0.0,0.0,86.0824540069823,0.0,257.09180447293653,4354.9242584799185
2026-04-03T18:45:00Z,2026-04-03T19:00:00Z,2026-04-03,2026-04-03_84,27.71129693349209,0,100,0,59.87933827577618,71.49164861614885,0.04093986438416294,0.0,19.81085714285714,True,True,True,False,963.4525161351862,0.0,0.0,86.0824540069823,0.0,1271.153278042712,2320.6882481848806
2026-04-03T19:00:00Z,2026-04-03T19:15:00Z,2026-04-03,2026-04-03_85,0.0,0,17,83,71.49164861614885,71.94047193043457,0.0012467314285714286,0.0,0.4878514285714286,True,True,True,False,0.0,769.1817361628681,0.0,14.744047385556819,0.0,-4.610026640366263,779.3157569080587
2026-04-03T19:15:00Z,2026-04-03T19:30:00Z,2026-04-03,2026-04-03_86,0.0,0,17,83,71.94047193043457,72.14459627329171,0.0005670120634920635,0.0,0.2218742857142857,True,True,True,False,0.0,769.1817361628681,0.0,14.744047385556819,0.0,-14.26390643930266,769.6618771091223
2026-04-03T19:30:00Z,2026-04-03T19:45:00Z,2026-04-03,2026-04-03_87,17.0,0,17,83,72.14459627329171,68.31051552795009,0.010650224292615598,0.0,0.7226457142857143,True,True,True,False,692.0275,769.1817361628681,0.0,14.744047385556819,0.0,-18.02603209396417,1457.9272514544607
2026-04-03T19:45:00Z,2026-04-03T20:00:00Z,2026-04-03,2026-04-03_88,17.0,0,17,83,68.31051552795009,64.25870807453394,0.011255020703933747,0.0,0.5223371428571428,True,True,True,False,748.1275,769.1817361628681,0.0,14.744047385556819,0.0,-32.14023852486117,1499.9130450235639
2026-04-03T20:00:00Z,2026-04-03T20:15:00Z,2026-04-03,2026-04-03_89,17.0,0,17,83,64.25870807453394,59.720341614906616,0.012606573498964805,0.0,0.07470285714285714,True,True,True,False,781.5324999999999,769.1817361628681,0.0,14.764052877260424,0.0,-4.3202121882197355,1561.1580768519086
2026-04-03T20:15:00Z,2026-04-03T20:30:00Z,2026-04-03,2026-04-03_90,17.0,0,17,83,59.720341614906616,55.108695652173694,0.012810127674258109,0.0,0.007285714285714285,True,True,True,False,720.2475,769.1817361628681,0.0,14.764052877260424,0.0,-0.5730144409389691,1503.6202745991895
2026-04-03T20:30:00Z,2026-04-03T20:45:00Z,2026-04-03,2026-04-03_91,0.011512454650415258,0,17,83,55.108695652173694,55.108695652173694,1.73660094907926e-05,0.0,0.0034000000000000002,True,True,True,False,0.4173264810775531,769.1817361628681,0.0,14.764052877260424,0.0,-0.2674067391048523,784.0957087821013
2026-04-03T20:45:00Z,2026-04-03T21:00:00Z,2026-04-03,2026-04-03_92,0.6927883174654044,0,17,83,55.108695652173694,55.108695652173694,0.000995889182791282,0.0,0.2031257142857143,True,True,True,False,23.66911286620554,769.1817361628681,0.0,14.764052877260424,0.0,-8.808196450566262,798.8067054557678
2026-04-03T21:00:00Z,2026-04-03T21:15:00Z,2026-04-04,2026-04-03_93,2.0313609756715992e-14,17,17,83,55.108695652173694,55.17664784099356,0.0006046636024844864,0.06887428571428571,0.1552342857142857,True,True,True,False,7.481502473398499e-13,769.3024441916119,18.142826317234885,16.17197614657303,9.52530371644911,-5.869840202216081,807.2727101696536
2026-04-03T21:15:00Z,2026-04-03T21:30:00Z,2026-04-04,2026-04-03_94,-1.9984014443252818e-14,17,17,83,55.17664784099356,55.31298927701841,0.0004027772808833806,0.003982857142857143,0.15290285714285715,True,True,True,False,-6.98091584538929e-13,769.3024441916119,18.142826317234885,16.17197614657303,0.525369468061853,-7.863648352510607,796.2789677709704
2026-04-03T21:30:00Z,2026-04-03T21:45:00Z,2026-04-04,2026-04-03_95,0.0,17,17,83,55.31298927701841,55.4703723627327,0.0004371752380952381,0.0,0.17106857142857143,True,True,True,False,0.0,769.3024441916119,18.142826317234885,16.17197614657303,0.0,-8.915042390274795,794.702204265145
2026-04-03T21:45:00Z,2026-04-03T22:00:00Z,2026-04-04,2026-04-03_96,-1.0658141036401503e-14,17,17,83,55.4703723627327,55.837510191304126,0.0010198273015873081,0.0,0.3990628571428571,True,True,True,False,-3.3359981443936706e-13,769.3024441916119,18.142826317234885,16.17197614657303,0.0,-5.762606058635938,797.8546405967836
2026-04-03T22:00:00Z,2026-04-03T22:15:00Z,2026-04-04,2026-04-04_1,4.0,13,17,83,55.837510191304126,55.335585281987356,0.0037778828433402347,0.0,0.6098628571428572,True,True,True,False,134.93,769.3024441916119,13.873926007297266,16.17197614657303,0.0,-8.11599240680854,926.1623539386737
2026-04-03T22:15:00Z,2026-04-03T22:30:00Z,2026-04-04,2026-04-04_2,4.0,13,17,83,55.335585281987356,55.749135135403506,0.004964898661145618,0.0,1.5641942857142859,True,True,True,False,127.68,769.3024441916119,13.873926007297266,16.17197614657303,0.0,28.743888009953874,955.7722343554361
2026-04-03T22:30:00Z,2026-04-03T22:45:00Z,2026-04-04,2026-04-04_3,2.920809449581089,13,17,83,55.749135135403506,55.10869565217393,0.0024628270843526,0.0,0.16154857142857143,True,True,True,False,94.60501807193147,769.3024441916119,13.873926007297266,16.17197614657303,0.0,-8.432735288611893,885.5206291288018
2026-04-03T22:45:00Z,2026-04-03T23:00:00Z,2026-04-04,2026-04-04_4,1.7058577324527644,13,17,83,55.10869565217393,55.10869565217393,0.00227541878901635,0.0,0.49484571428571433,True,True,True,False,54.395538443587526,769.3024441916119,13.873926007297266,16.17197614657303,0.0,-16.069720950774286,837.6741638382955
2026-04-03T23:00:00Z,2026-04-03T23:15:00Z,2026-04-04,2026-04-04_5,1.6455435041406454,12,17,83,55.10869565217393,55.108695652173935,0.0022050169391405893,0.0,0.47765142857142856,True,True,True,False,47.76601406644259,769.3024441916119,12.806700929812859,25.205873121738787,0.0,-13.647893097862942,841.4331392117432
2026-04-03T23:15:00Z,2026-04-03T23:30:00Z,2026-04-04,2026-04-04_6,4.999999999999963,12,17,83,55.108695652173935,55.154310469565246,0.005101345507246367,0.0,1.44908,True,True,True,False,143.74999999999892,769.3024441916119,12.806700929812859,25.205873121738787,0.0,-16.83420608105457,934.2308121621079
2026-04-03T23:30:00Z,2026-04-03T23:45:00Z,2026-04-04,2026-04-04_7,4.942502145472448,12,17,83,55.154310469565246,55.10869565217394,0.004982932073097119,0.0,1.3396,True,True,True,False,138.77310398950266,769.3024441916119,12.806700929812859,25.205873121738787,0.0,-10.603436698183529,935.4846855344827
2026-04-03T23:45:00Z,2026-04-04T00:00:00Z,2026-04-04,2026-04-04_8,0.2348681231045078,12,17,83,55.10869565217394,55.41060162981368,0.001160116628961638,0.0,0.39653714285714287,True,True,True,False,6.208738834267663,769.3024441916119,12.806700929812859,25.205873121738787,0.0,-19.750938069643485,793.7728190077878
2026-04-04T00:00:00Z,2026-04-04T00:15:00Z,2026-04-04,2026-04-04_9,-1.021405182655144e-14,17,17,83,55.41060162981368,55.10869565217393,0.0010009858109040774,0.30464,0.031765714285714286,True,True,True,False,-2.795841336222793e-13,769.3024441916119,18.142826317234885,25.205873121738787,47.06298968182353,-1.6549414963317508,858.0591918160771
2026-04-04T00:15:00Z,2026-04-04T00:30:00Z,2026-04-04,2026-04-04_10,0.0,17,17,83,55.10869565217393,55.17597780869567,0.00021974512077294685,0.00544,0.07956,True,True,True,False,0.0,769.3024441916119,18.142826317234885,25.205873121738787,0.7232837380830947,-4.250821287614265,809.1236060810544
2026-04-04T00:30:00Z,2026-04-04T00:45:00Z,2026-04-04,2026-04-04_11,0.0,17,17,83,55.17597780869567,55.19380411428573,6.418280193236715e-05,0.002428571428571429,0.02224571428571429,True,True,True,False,0.0,769.3024441916119,18.142826317234885,25.205873121738787,0.29149717244974027,-1.552155462020031,811.3904853410153
2026-04-04T00:45:00Z,2026-04-04T01:00:00Z,2026-04-04,2026-04-04_12,0.0,17,17,83,55.19380411428573,55.8820534857143,0.0019118038095238096,0.0,0.7480971428571429,True,True,True,False,0.0,769.3024441916119,18.142826317234885,25.205873121738787,0.0,-20.817962411796685,791.8331812187889
2026-04-04T01:00:00Z,2026-04-04T01:15:00Z,2026-04-04,2026-04-04_13,0.0,17,0,83,55.8820534857143,55.81130814409939,0.00019651483781918565,0.06508571428571429,0.0,True,True,True,False,0.0,769.3024441916119,18.142826317234885,0.0,8.865933663260902,0.0,796.3112041721078
2026-04-04T01:15:00Z,2026-04-04T01:30:00Z,2026-04-04,2026-04-04_14,0.0,17,0,83,55.81130814409939,55.795680814906845,4.3409247757073847e-05,0.014377142857142857,0.0,True,True,True,False,0.0,769.3024441916119,18.142826317234885,0.0,1.965704408063983,0.0,789.4109749169108
2026-04-04T01:30:00Z,2026-04-04T01:45:00Z,2026-04-04,2026-04-04_15,-17.0,17,0,83,55.795680814906845,59.446324929192556,0.010140678095238095,0.2819085714285714,0.0,True,True,True,False,-310.0375,769.3024441916119,18.142826317234885,0.0,40.92413499604871,0.0,518.3319055048955
2026-04-04T01:45:00Z,2026-04-04T02:00:00Z,2026-04-04,2026-04-04_16,-17.0,17,0,83,59.446324929192556,63.04298870062113,0.009990732698412698,0.34058285714285713,0.0,True,True,True,False,-286.10999999999996,769.3024441916119,18.142826317234885,0.0,49.32351696362016,0.0,550.658787472467
2026-04-04T02:00:00Z,2026-04-04T02:15:00Z,2026-04-04,2026-04-04_17,-11.000000000000016,17,6,83,63.04298870062113,65.22798167453418,0.006820563643892348,0.3524342857142857,0.0,True,True,True,False,-184.85500000000027,769.3024441916119,18.142826317234885,8.896190513554865,51.33657719016045,0.0,662.8230382125619
2026-04-04T02:15:00Z,2026-04-04T02:30:00Z,2026-04-04,2026-04-04_18,-11.000000000000016,17,6,83,65.22798167453418,67.75855137391306,0.007084432739820576,0.025840000000000002,0.02811428571428571,True,True,True,False,-208.5875000000003,769.3024441916119,18.142826317234885,8.896190513554865,3.5299240456667587,-1.5420722664678879,589.7418128016003
2026-04-04T02:30:00Z,2026-04-04T02:45:00Z,2026-04-04,2026-04-04_19,-11.000000000000016,17,6,83,67.75855137391306,70.39185423105593,0.007314730158730169,0.0,0.1122857142857143,True,True,True,False,-209.9075000000003,769.3024441916119,18.142826317234885,8.896190513554865,0.0,-5.639285574169249,580.7946754482322
2026-04-04T02:45:00Z,2026-04-04T03:00:00Z,2026-04-04,2026-04-04_20,0.0,17,6,83,70.39185423105593,70.44476815900624,0.00015284924775707385,0.0009714285714285714,0.05866285714285714,True,True,True,False,0.0,769.3024441916119,18.142826317234885,8.896190513554865,0.11810809144560958,-3.0469518840059853,793.4126172298413
2026-04-04T03:00:00Z,2026-04-04T03:15:00Z,2026-04-04,2026-04-04_21,0.0,17,17,83,70.44476815900624,70.53556327950315,0.000287991966873706,0.005925714285714286,0.10569142857142858,True,True,True,False,0.0,769.3024441916119,18.142826317234885,16.16697398877947,0.7634718741417866,-5.586315916669936,798.7894004550982
2026-04-04T03:15:00Z,2026-04-04T03:30:00Z,2026-04-04,2026-04-04_22,0.0,17,17,83,70.53556327950315,71.20781516521744,0.0018673663492063492,0.0,0.7307085714285714,True,True,True,False,0.0,769.3024441916119,18.142826317234885,16.16697398877947,0.0,-11.974458405026258,791.6377860926
2026-04-04T03:30:00Z,2026-04-04T03:45:00Z,2026-04-04,2026-04-04_23,0.0,17,17,83,71.20781516521744,71.26137314782613,0.00015111861973775018,0.0003885714285714286,0.058674285714285714,True,True,True,False,0.0,769.3024441916119,18.142826317234885,16.16697398877947,0.049507070276814086,-3.5390913906839367,800.1226601772191
2026-04-04T03:45:00Z,2026-04-04T04:00:00Z,2026-04-04,2026-04-04_24,0.0,17,17,83,71.26137314782613,71.27414903850936,0.00010998824016563146,0.012337142857142857,0.02846285714285714,True,True,True,False,0.0,769.3024441916119,18.142826317234885,16.16697398877947,1.663345883658497,-1.889007323046916,803.3865830582379
2026-04-04T04:00:00Z,2026-04-04T04:15:00Z,2026-04-04,2026-04-04_25,0.0,0,17,83,71.27414903850936,71.58239109565223,0.0008562279365079363,0.0,0.3350457142857142,True,True,True,False,0.0,769.3024441916119,0.0,16.16697398877947,0.0,-5.818706544559837,779.6507116358316
2026-04-04T04:15:00Z,2026-04-04T04:30:00Z,2026-04-04,2026-04-04_26,16.999999999999996,0,17,83,71.58239109565223,67.90458364223608,0.010216131815044858,0.0,0.8664171428571429,True,True,True,False,478.3799999999999,769.3024441916119,0.0,16.16697398877947,0.0,0.5659635697191505,1264.4153817501103
2026-04-04T04:30:00Z,2026-04-04T04:45:00Z,2026-04-04,2026-04-04_27,16.999999999999996,0,17,83,67.90458364223608,63.86882587826092,0.011210438233264317,0.0,0.5371028571428571,True,True,True,False,500.13999999999993,769.3024441916119,0.0,16.16697398877947,0.0,-16.58467588819827,1269.024742292193
2026-04-04T04:45:00Z,2026-04-04T05:00:00Z,2026-04-04,2026-04-04_28,16.999999999999996,0,17,83,63.86882587826092,59.549347617391355,0.011998550724637676,0.0,0.27608,True,True,True,False,504.4749999999999,769.3024441916119,0.0,16.16697398877947,0.0,37.0692287810428,1327.013646961434
2026-04-04T05:00:00Z,2026-04-04T05:15:00Z,2026-04-04,2026-04-04_29,17.0,0,17,83,59.549347617391355,55.32585072298142,0.011731935817805381,0.0,0.3643828571428572,True,True,True,False,510.3825,769.3024441916119,0.0,16.17197614657303,0.0,0.7731824249115866,1296.6301027630966
2026-04-04T05:15:00Z,2026-04-04T05:30:00Z,2026-04-04,2026-04-04_30,0.7991306605715617,0,17,83,55.32585072298142,55.108695652173935,0.0006032085300208043,0.0,0.0,True,True,True,False,19.247061959866063,769.3024441916119,0.0,16.17197614657303,0.0,0.0,804.721482298051
2026-04-04T05:30:00Z,2026-04-04T05:45:00Z,2026-04-04,2026-04-04_31,0.050346733451732496,0,17,83,55.108695652173935,55.108695652173935,7.574073631108642e-05,0.0,0.014862857142857143,True,True,True,False,1.0138573448842632,769.3024441916119,0.0,16.17197614657303,0.0,-1.0814566821542064,785.406821000915
2026-04-04T05:45:00Z,2026-04-04T06:00:00Z,2026-04-04,2026-04-04_32,0.6840622419446285,0,17,83,55.108695652173935,55.22015860869568,0.0012643558833655842,0.0,0.32086285714285717,True,True,True,False,9.585422165249106,769.3024441916119,0.0,16.17197614657303,0.0,1.8511706013238205,796.9110131047579
2026-04-04T06:00:00Z,2026-04-04T06:15:00Z,2026-04-04,2026-04-04_33,3.0,15,18,82,55.22015860869568,54.56521739130438,0.0028417954451345753,0.06188571428571428,0.24006857142857144,True,True,True,False,49.38,760.033740044725,15.818588410686962,17.133861665816625,7.774864787611461,-9.409098154385925,840.7319567544541
2026-04-04T06:15:00Z,2026-04-04T06:30:00Z,2026-04-04,2026-04-04_34,1.463879682000546,15,18,82,54.56521739130438,54.56521739130439,0.002010078290235949,0.0017142857142857142,0.42809142857142857,True,True,True,False,13.207854430849927,760.033740044725,15.818588410686962,17.133861665816625,0.2153702157233092,1.7783538355481074,808.18776860335
2026-04-04T06:30:00Z,2026-04-04T06:45:00Z,2026-04-04,2026-04-04_35,3.0,15,18,82,54.56521739130439,54.76965505590066,0.004014155693581781,0.0,1.0757828571428572,True,True,True,False,22.1625,760.033740044725,15.818588410686962,17.133861665816625,0.0,12.198100453416878,827.3467905746455
2026-04-04T06:45:00Z,2026-04-04T07:00:00Z,2026-04-04,2026-04-04_36,0.7237395063283227,15,18,82,54.76965505590066,54.56521739130438,0.0006248995458125838,0.017057142857142858,0.011622857142857143,True,True,True,False,3.2441623371167068,760.033740044725,15.818588410686962,17.133861665816625,2.142933646446927,-0.8759139998766975,797.4973721049156
2026-04-04T07:00:00Z,2026-04-04T07:15:00Z,2026-04-04,2026-04-04_37,0.0,100,100,0,54.56521739130438,46.84191105590065,0.021634708074534163,7.135428571428572,0.03542857142857143,True,True,True,False,0.0,0.0,105.95747185060222,95.09984699282043,1757.5608392415777,-2.7298027720641396,1955.8883553129363
2026-04-04T07:15:00Z,2026-04-04T07:30:00Z,2026-04-04,2026-04-04_38,0.0,100,100,0,46.84191105590065,47.99352049689444,0.013399053140096618,1.689142857142857,3.2474285714285713,True,True,True,False,0.0,0.0,105.95747185060222,95.09984699282043,191.30806947534788,211.69758674610335,604.0629750648739
2026-04-04T07:30:00Z,2026-04-04T07:45:00Z,2026-04-04,2026-04-04_39,0.0,100,100,0,47.99352049689444,57.82280049689444,0.027303555555555553,0.0,10.684,True,True,True,False,0.0,0.0,105.95747185060222,95.09984699282043,0.0,607.9597975597316,809.0171164031542
2026-04-04T07:45:00Z,2026-04-04T08:00:00Z,2026-04-04,2026-04-04_40,0.0,100,100,0,57.82280049689444,69.33804621118016,0.031986793650793655,0.0,12.51657142857143,True,True,True,False,0.0,0.0,105.95747185060222,95.09984699282043,0.0,3345.684600752145,3546.7419195955677
2026-04-04T08:00:00Z,2026-04-04T08:15:00Z,2026-04-04,2026-04-04_41,38.0,9,47,53,69.33804621118016,60.68168770186339,0.025602868875086268,0.008331428571428573,1.5912857142857142,True,True,True,False,94.62,491.2413197850052,9.536172466554198,44.77990505708345,0.790274684317605,75.46917070669139,716.4368426996518
2026-04-04T08:15:00Z,2026-04-04T08:30:00Z,2026-04-04,2026-04-04_42,38.0,9,47,53,60.68168770186339,51.82862715031059,0.02598156057971015,0.022988571428571428,1.4199371428571428,True,True,True,False,74.29,491.2413197850052,9.536172466554198,44.77990505708345,2.1805727400615393,42.60842023618031,664.6363902848847
2026-04-04T08:30:00Z,2026-04-04T08:45:00Z,2026-04-04,2026-04-04_43,38.0,9,47,53,51.82862715031059,48.7463884024845,0.015281980013802625,0.0,6.866297142857142,True,True,True,False,41.515,491.2413197850052,9.536172466554198,44.77990505708345,0.0,404.76375828676794,991.8361555954108
2026-04-04T08:45:00Z,2026-04-04T09:00:00Z,2026-04-04,2026-04-04_44,38.0,9,47,53,48.7463884024845,41.5877495850932,0.022823587826086955,0.0,3.0023600000000004,True,True,True,False,39.615,491.2413197850052,9.536172466554198,44.77990505708345,0.0,20.48434288516615,605.656740193809
2026-04-04T09:00:00Z,2026-04-04T09:15:00Z,2026-04-04,2026-04-04_45,0.0,47,47,53,41.5877495850932,39.85732799006214,0.004812217446514837,1.5928971428571428,0.0010742857142857143,True,True,True,False,0.0,491.2413197850052,50.27021460237749,50.4776570285221,164.3076308805479,-0.08429406522701668,756.2125282312256
2026-04-04T09:15:00Z,2026-04-04T09:30:00Z,2026-04-04,2026-04-04_46,0.0,47,47,53,39.85732799006214,39.974748352795054,0.0009408329606625259,0.10178857142857142,0.2478914285714286,True,True,True,False,0.0,491.2413197850052,50.27021460237749,50.4776570285221,9.219275526137324,-12.590052526860328,588.6184144151817
2026-04-04T09:30:00Z,2026-04-04T09:45:00Z,2026-04-04,2026-04-04_47,0.0,47,47,53,39.974748352795054,42.64969829565219,0.0074304165079365075,0.0,2.9075542857142858,True,True,True,False,0.0,491.2413197850052,50.27021460237749,50.4776570285221,0.0,-41.76194286835217,550.2272485475527
2026-04-04T09:45:00Z,2026-04-04T10:00:00Z,2026-04-04,2026-04-04_48,0.0,47,47,53,42.64969829565219,43.40623458385095,0.0021923109454796415,0.015040000000000001,0.8400914285714286,True,True,True,False,0.0,491.2413197850052,50.27021460237749,50.4776570285221,1.3075872415551806,-23.511123234112194,569.7856554233477
2026-04-04T10:00:00Z,2026-04-04T10:15:00Z,2026-04-04,2026-04-04_49,-2.4631524003058996e-14,47,47,53,43.40623458385095,42.23348404472052,0.004189702608695665,1.23328,0.18236000000000002,True,True,True,False,-1.0345240081284778e-14,491.2413197850052,49.758523284554116,50.4776570285221,151.00942417513434,-9.20650065518459,733.2804236180311
2026-04-04T10:15:00Z,2026-04-04T10:30:00Z,2026-04-04,2026-04-04_50,0.0,47,47,53,42.23348404472052,42.67134375155282,0.0012422258937198067,0.004297142857142857,0.48101142857142853,True,True,True,False,0.0,491.2413197850052,49.758523284554116,50.4776570285221,0.2528821956810501,-24.735412134085852,566.9949701596767
2026-04-04T10:30:00Z,2026-04-04T10:45:00Z,2026-04-04,2026-04-04_51,0.0,47,47,53,42.67134375155282,46.63731655155282,0.01101659111111111,0.0,4.31084,True,True,True,False,0.0,491.2413197850052,49.758523284554116,50.4776570285221,0.0,43.12784943308877,634.6053495311702
2026-04-04T10:45:00Z,2026-04-04T11:00:00Z,2026-04-04,2026-04-04_52,-7.723290606088045e-15,47,47,53,46.63731655155282,50.61119609440996,0.011038554285714292,0.0,4.319434285714285,True,True,True,False,-0.0,491.2413197850052,49.758523284554116,50.4776570285221,0.0,13.770537489000855,605.2480375870823
2026-04-04T11:00:00Z,2026-04-04T11:15:00Z,2026-04-04,2026-04-04_53,-47.0,0,0,53,50.61119609440996,61.421196094409964,0.030027777777777778,0.0,0.0,True,False,True,False,-0.0,491.2413197850052,0.0,0.0,0.0,0.0,491.2413197850052
2026-04-04T11:15:00Z,2026-04-04T11:30:00Z,2026-04-04,2026-04-04_54,-47.0,0,0,53,61.421196094409964,72.23119609440997,0.030027777777777778,0.0,0.0,True,False,True,False,-0.0,491.2413197850052,0.0,0.0,0.0,0.0,491.2413197850052
2026-04-04T11:30:00Z,2026-04-04T11:45:00Z,2026-04-04,2026-04-04_55,-47.0,0,0,53,72.23119609440997,83.04119609440997,0.030027777777777778,0.0,0.0,True,False,True,False,-0.0,491.2413197850052,0.0,0.0,0.0,0.0,491.2413197850052
2026-04-04T11:45:00Z,2026-04-04T12:00:00Z,2026-04-04,2026-04-04_56,-47.0,0,0,53,83.04119609440997,93.85119609440997,0.030027777777777778,0.0,0.0,True,False,True,False,-0.0,491.2413197850052,0.0,0.0,0.0,0.0,491.2413197850052
2026-04-04T12:00:00Z,2026-04-04T12:15:00Z,2026-04-04,2026-04-04_57,0.0,47,47,53,93.85119609440997,103.7837947229814,0.027590551746031745,0.0,10.796302857142857,True,True,True,False,0.0,491.2413197850052,49.80001176978304,60.946584801286825,0.0,522.2392243410322,1124.2271406971074
2026-04-04T12:15:00Z,2026-04-04T12:30:00Z,2026-04-04,2026-04-04_58,0.0,47,47,53,103.7837947229814,110.64462375155283,0.019057858412698414,0.0,7.457422857142857,True,True,True,False,0.0,491.2413197850052,49.80001176978304,60.946584801286825,0.0,77.8773908789786,679.8653072350537
2026-04-04T12:30:00Z,2026-04-04T12:45:00Z,2026-04-04,2026-04-04_59,0.0,47,47,53,110.64462375155283,111.69394213167706,0.003158044499654935,0.040285714285714286,1.18816,True,True,True,False,0.0,491.2413197850052,49.80001176978304,60.946584801286825,2.3707705845098443,-21.074235756600885,583.2844511839841
2026-04-04T12:45:00Z,2026-04-04T13:00:00Z,2026-04-04,2026-04-04_60,0.0,47,47,53,111.69394213167706,111.5428359055901,0.0008274309454796411,0.20653142857142856,0.07976571428571429,True,True,True,False,0.0,491.2413197850052,49.80001176978304,60.946584801286825,15.765634818381036,-4.10011543691116,613.6534357375449
2026-04-04T13:00:00Z,2026-04-04T13:15:00Z,2026-04-04,2026-04-04_61,-47.0,0,0,53,111.5428359055901,122.3528359055901,0.030027777777777778,0.0,0.0,True,False,True,False,-0.0,491.2413197850052,0.0,0.0,0.0,0.0,491.2413197850052
2026-04-04T13:15:00Z,2026-04-04T13:30:00Z,2026-04-04,2026-04-04_62,-47.0,0,0,53,122.3528359055901,133.1628359055901,0.030027777777777778,0.0,0.0,True,False,True,False,-0.0,491.2413197850052,0.0,0.0,0.0,0.0,491.2413197850052
2026-04-04T13:30:00Z,2026-04-04T13:45:00Z,2026-04-04,2026-04-04_63,-47.0,0,0,53,133.1628359055901,143.9728359055901,0.030027777777777778,0.0,0.0,True,False,True,False,-0.11750000000000001,491.2413197850052,0.0,0.0,0.0,0.0,491.1238197850052
2026-04-04T13:45:00Z,2026-04-04T14:00:00Z,2026-04-04,2026-04-04_64,-47.0,0,0,53,143.9728359055901,154.7828359055901,0.030027777777777778,0.0,0.0,True,False,True,False,-1.5275,491.2413197850052,0.0,0.0,0.0,0.0,489.7138197850052
2026-04-04T14:00:00Z,2026-04-04T14:15:00Z,2026-04-04,2026-04-04_65,-47.0,0,0,53,154.7828359055901,165.5928359055901,0.030027777777777778,0.0,0.0,True,False,True,False,-3.525,491.2413197850052,0.0,0.0,0.0,0.0,487.7163197850052
2026-04-04T14:15:00Z,2026-04-04T14:30:00Z,2026-04-04,2026-04-04_66,-0.11810475830402636,0,0,53,165.5928359055901,165.62000000000003,7.545581780535017e-05,0.0,0.0,True,False,True,False,-0.08946435441529997,491.2413197850052,0.0,0.0,0.0,0.0,491.1518554305899
2026-04-04T14:30:00Z,2026-04-04T14:45:00Z,2026-04-04,2026-04-04_67,0.0,0,0,53,165.62000000000003,165.62000000000003,0.0,0.0,0.0,True,False,True,False,0.0,491.2413197850052,0.0,0.0,0.0,0.0,491.2413197850052
2026-04-04T14:45:00Z,2026-04-04T15:00:00Z,2026-04-04,2026-04-04_68,0.0,0,0,53,165.62000000000003,165.62000000000003,0.0,0.0,0.0,True,False,True,False,0.0,491.2413197850052,0.0,0.0,0.0,0.0,491.2413197850052
2026-04-04T15:00:00Z,2026-04-04T15:15:00Z,2026-04-04,2026-04-04_69,-93.9999999999999,0,0,6,165.62000000000003,187.24,0.0600555555555555,0.0,0.0,True,False,True,False,-345.4499999999996,55.612224881321346,0.0,0.0,0.0,0.0,-289.8377751186782
2026-04-04T15:15:00Z,2026-04-04T15:30:00Z,2026-04-04,2026-04-04_70,0.0,0,0,6,187.24,187.24,0.0,0.0,0.0,True,False,True,False,0.0,55.612224881321346,0.0,0.0,0.0,0.0,55.612224881321346
2026-04-04T15:30:00Z,2026-04-04T15:45:00Z,2026-04-04,2026-04-04_71,0.0,0,0,6,187.24,187.24,0.0,0.0,0.0,True,False,True,False,0.0,55.612224881321346,0.0,0.0,0.0,0.0,55.612224881321346
2026-04-04T15:45:00Z,2026-04-04T16:00:00Z,2026-04-04,2026-04-04_72,93.48798628571406,0,0,6,187.24,161.8356559006212,0.0705676224982745,0.0,0.0,True,False,True,False,2941.1320485485644,55.612224881321346,0.0,0.0,0.0,0.0,2996.7442734298857
2026-04-04T16:00:00Z,2026-04-04T16:15:00Z,2026-04-04,2026-04-04_73,0.0,0,100,0,161.8356559006212,168.76719875776405,0.019254285714285713,0.0,7.534285714285714,True,True,True,False,0.0,0.0,0.0,95.09984699282043,0.0,2841.245088917908,2936.3449359107285
2026-04-04T16:15:00Z,2026-04-04T16:30:00Z,2026-04-04,2026-04-04_74,100.0,0,100,0,168.76719875776405,145.3547763975156,0.06503450655624568,0.0,3.460571428571429,True,True,True,False,3238.5,0.0,0.0,95.09984699282043,0.0,-10.470370299793188,3323.1294766930273
2026-04-04T16:30:00Z,2026-04-04T16:45:00Z,2026-04-04,2026-04-04_75,100.0,0,100,0,145.3547763975156,118.48521118012428,0.07463768115942028,0.0,0.27999999999999997,True,True,True,False,3429.75,0.0,0.0,95.09984699282043,0.0,-15.865330142414372,3508.984516850406
2026-04-04T16:45:00Z,2026-04-04T17:00:00Z,2026-04-04,2026-04-04_76,100.0,0,100,0,118.48521118012428,91.36160869565224,0.07534334023464458,0.0,0.04628571428571429,True,True,True,False,4398.0,0.0,0.0,95.09984699282043,0.0,-2.4788252635590706,4490.621021729261
2026-04-04T17:00:00Z,2026-04-04T17:15:00Z,2026-04-04,2026-04-04_77,36.0,0,36,64,91.36160869565224,81.58145962732925,0.027167080745341615,0.0,0.0022628571428571424,True,True,True,False,1248.84,593.1970654007611,0.0,34.23594491741535,0.0,-0.17755558420158832,1876.0954547339747
2026-04-04T17:15:00Z,2026-04-04T17:30:00Z,2026-04-04,2026-04-04_78,36.0,0,36,64,81.58145962732925,71.81651552795037,0.027124844720496893,0.0,0.016251428571428573,True,True,True,False,1326.8700000000001,593.1970654007611,0.0,34.23594491741535,0.0,-1.2640332961557645,1953.0389770220208
2026-04-04T17:30:00Z,2026-04-04T17:45:00Z,2026-04-04,2026-04-04_79,36.0,0,36,64,71.81651552795037,62.03413043478267,0.027173291925465838,0.0,0.00020571428571428572,True,True,True,False,1524.5099999999998,593.1970654007611,0.0,34.23594491741535,0.0,-0.016141416745598942,2151.9268689014307
2026-04-04T17:45:00Z,2026-04-04T18:00:00Z,2026-04-04,2026-04-04_80,36.0,0,36,64,62.03413043478267,52.251521739130496,0.027173913043478257,0.0,0.0,True,True,True,False,1543.14,593.1970654007611,0.0,34.23594491741535,0.0,0.0,2170.5730103181763
2026-04-04T18:00:00Z,2026-04-04T18:15:00Z,2026-04-04,2026-04-04_81,0.0,49,49,51,52.251521739130496,51.16926086956528,0.003006280193236715,0.99568,0.0,True,True,True,False,0.0,472.70391149123145,52.30844678096433,46.613343010710494,171.64727874769508,0.0,743.2729800306014
2026-04-04T18:15:00Z,2026-04-04T18:30:00Z,2026-04-04,2026-04-04_82,0.0,49,49,51,51.16926086956528,46.35721739130441,0.013366787439613526,4.42708,0.0,True,True,True,False,0.0,472.70391149123145,52.30844678096433,46.613343010710494,924.5500393973872,0.0,1496.1757406802935
2026-04-04T18:30:00Z,2026-04-04T18:45:00Z,2026-04-04,2026-04-04_83,0.0,49,49,51,46.35721739130441,40.1835217391305,0.017149154589371978,5.6798,0.0,True,True,True,False,0.0,472.70391149123145,52.30844678096433,46.613343010710494,1417.3840736396091,0.0,1989.0097749225154
2026-04-04T18:45:00Z,2026-04-04T19:00:00Z,2026-04-04,2026-04-04_84,0.0,49,49,51,40.1835217391305,37.71739130434789,0.006850362318840579,2.26884,0.0,True,True,True,False,0.0,472.70391149123145,52.30844678096433,46.613343010710494,418.04238196084583,0.0,989.6680832437521
2026-04-04T19:00:00Z,2026-04-04T19:15:00Z,2026-04-04,2026-04-04_85,0.0,100,100,0,37.71739130434789,22.979503105590126,0.04093857832988268,13.558857142857144,0.0,True,True,True,False,0.0,0.0,106.75193220604966,95.21754482325709,12285.854457777305,0.0,12487.82393480661
2026-04-04T19:15:00Z,2026-04-04T19:30:00Z,2026-04-04,2026-04-04_86,0.0,100,100,0,22.979503105590126,19.450310559006276,0.009803312629399586,3.246857142857143,0.0,True,True,True,False,0.0,0.0,106.75193220604966,95.21754482325709,621.8096379951015,0.0,823.7791150244083
2026-04-04T19:30:00Z,2026-04-04T19:45:00Z,2026-04-04,2026-04-04_87,0.0,100,100,0,19.450310559006276,19.39691031055907,0.00045208005521048993,0.09942857142857142,0.05942857142857143,True,True,True,False,0.0,0.0,106.75193220604966,95.21754482325709,11.846799795990426,-4.663075948728583,209.15320087656858
2026-04-04T19:45:00Z,2026-04-04T20:00:00Z,2026-04-04,2026-04-04_88,0.0,100,100,0,19.39691031055907,16.681433043478325,0.007598484472049688,2.507428571428571,0.010857142857142857,True,True,True,False,0.0,0.0,106.75193220604966,95.21754482325709,472.40174641161724,-0.8519081060177219,673.5193153349063
2026-04-04T20:00:00Z,2026-04-04T20:15:00Z,2026-04-04,2026-04-04_89,1.0,99,100,0,16.681433043478325,10.580377142857207,0.016947377501725328,5.362971428571429,0.0,True,True,True,False,30.0025,0.0,105.74267331005531,95.21754482325709,1041.891174344115,0.0,1272.8538924774273
2026-04-04T20:15:00Z,2026-04-04T20:30:00Z,2026-04-04,2026-04-04_90,0.9109197544107305,99,100,0,10.580377142857207,10.000000000000059,0.0016382050026804444,0.3105771428571429,0.005142857142857143,True,True,True,False,26.66262121160208,0.0,105.74267331005531,95.21754482325709,45.0002385701395,-0.4035354186399735,272.219542496414
2026-04-04T20:30:00Z,2026-04-04T20:45:00Z,2026-04-04,2026-04-04_91,0.9999999999999941,99,100,0,10.000000000000059,10.041413366459688,0.0018945057280883324,0.04865142857142857,0.39714285714285713,True,True,True,False,27.499999999999837,0.0,105.74267331005531,95.21754482325709,5.825039417563878,-21.80328152760574,212.48197602327036
2026-04-04T20:45:00Z,2026-04-04T21:00:00Z,2026-04-04,2026-04-04_92,1.0,99,100,0,10.041413366459688,15.509832288198817,0.016323627439613523,0.0,6.228,True,True,True,False,17.8975,0.0,105.74267331005531,95.21754482325709,0.0,2475.44002510887,2694.2977432421826
2026-04-04T21:00:00Z,2026-04-04T21:15:00Z,2026-04-05,2026-04-04_93,13.000000000000085,87,100,0,15.509832288198817,14.720520327950346,0.015171717984817167,0.004971428571428571,2.918857142857143,True,True,True,False,365.1700000000024,0.0,92.84858174114324,95.12927145042958,0.6816722059375753,470.526436165741,1024.355961563254
2026-04-04T21:15:00Z,2026-04-04T21:30:00Z,2026-04-05,2026-04-04_94,11.338739841350357,87,100,0,14.720520327950346,16.251368944099372,0.01800674168332737,0.0,4.912000000000001,True,True,True,False,268.0478098495224,0.0,92.84858174114324,95.12927145042958,0.0,101.6259249087842,557.6515879498794
2026-04-04T21:30:00Z,2026-04-04T21:45:00Z,2026-04-05,2026-04-04_95,0.0,87,100,0,16.251368944099372,21.10739180124223,0.013488952380952381,0.0,5.2782857142857145,True,True,True,False,0.0,0.0,92.84858174114324,95.12927145042958,0.0,-45.867389630260675,142.11046356131214
2026-04-04T21:45:00Z,2026-04-04T22:00:00Z,2026-04-05,2026-04-04_96,0.0,87,100,0,21.10739180124223,29.697037515527946,0.023860126984126984,0.0,9.336571428571428,True,True,True,False,0.0,0.0,92.84858174114324,95.12927145042958,0.0,684.297902288382,872.2757554799548
2026-04-04T22:00:00Z,2026-04-04T22:15:00Z,2026-04-05,2026-04-05_1,0.0,100,100,0,29.697037515527946,31.144811925465834,0.004118213940648724,0.016,1.5925714285714285,True,True,True,False,0.0,0.0,106.7225077484405,95.12927145042958,2.1938875593393226,-29.810495395772964,174.23517136243646
2026-04-04T22:15:00Z,2026-04-04T22:30:00Z,2026-04-05,2026-04-05_2,0.0,100,100,0,31.144811925465834,31.277920993788815,0.0005181256038647343,0.024571428571428567,0.1737142857142857,True,True,True,False,0.0,0.0,106.7225077484405,95.12927145042958,3.369184466128245,-10.780999310626992,194.43996435437134
2026-04-04T22:30:00Z,2026-04-04T22:45:00Z,2026-04-05,2026-04-05_3,0.0,100,100,0,31.277920993788815,39.57331279503105,0.023094514837819186,0.008571428571428572,9.026857142857143,True,True,True,False,0.0,0.0,106.7225077484405,95.12927145042958,1.175296906788923,3846.684553560919,4049.711629666578
2026-04-04T22:45:00Z,2026-04-04T23:00:00Z,2026-04-05,2026-04-05_4,0.0,100,100,0,39.57331279503105,55.10869565217391,0.043153841269841266,0.0,16.886285714285712,True,True,True,False,0.0,0.0,106.7225077484405,95.12927145042958,0.0,13515.739626169268,13717.591405368139
2026-04-04T23:00:00Z,2026-04-04T23:15:00Z,2026-04-05,2026-04-05_5,0.0,0,0,83,55.10869565217391,55.10869565217391,0.0,0.0,0.0,True,False,True,False,0.0,769.3024441916119,0.0,0.0,0.0,0.0,769.3024441916119
2026-04-04T23:15:00Z,2026-04-04T23:30:00Z,2026-04-05,2026-04-05_6,0.0,0,0,83,55.10869565217391,55.10869565217391,0.0,0.0,0.0,True,False,True,False,0.0,769.3024441916119,0.0,0.0,0.0,0.0,769.3024441916119
2026-04-04T23:30:00Z,2026-04-04T23:45:00Z,2026-04-05,2026-04-05_7,0.0,0,0,83,55.10869565217391,55.10869565217391,0.0,0.0,0.0,True,False,True,False,0.0,769.3024441916119,0.0,0.0,0.0,0.0,769.3024441916119
2026-04-04T23:45:00Z,2026-04-05T00:00:00Z,2026-04-05,2026-04-05_8,-17.0,0,0,83,55.10869565217391,59.0186956521739,0.010861111111111111,0.0,0.0,True,False,True,False,-61.71,769.3024441916119,0.0,0.0,0.0,0.0,707.5924441916119
2026-04-05T00:00:00Z,2026-04-05T00:15:00Z,2026-04-05,2026-04-05_9,13.999999999999988,3,0,83,59.0186956521739,55.21434782608695,0.010567632850241537,0.0,0.0,True,True,True,False,240.02999999999977,769.3024441916119,3.2016752324532147,0.0,0.0,0.0,1012.5341194240649
2026-04-05T00:15:00Z,2026-04-05T00:30:00Z,2026-04-05,2026-04-05_10,-5.817171677018684,3,0,83,55.21434782608695,56.482319483229816,0.0035221434920635246,0.07606285714285714,0.0,True,True,True,False,-44.60316383354076,769.3024441916119,3.2016752324532147,0.0,9.211412236090638,0.0,737.112367826615
2026-04-05T00:30:00Z,2026-04-05T00:45:00Z,2026-04-05,2026-04-05_11,-17.0,3,0,83,56.482319483229816,60.387714226086956,0.010848318730158731,0.005005714285714285,0.0,True,True,True,False,-40.3325,769.3024441916119,3.2016752324532147,0.0,0.5908310027294686,0.0,732.7624504267947
2026-04-05T00:45:00Z,2026-04-05T01:00:00Z,2026-04-05,2026-04-05_12,-17.0,3,0,83,60.387714226086956,64.29599514037267,0.010856335873015873,0.0018685714285714286,0.0,True,True,True,False,-43.732499999999995,769.3024441916119,3.2016752324532147,0.0,0.22054992910106883,0.0,728.9921693531662
2026-04-05T01:00:00Z,2026-04-05T01:15:00Z,2026-04-05,2026-04-05_13,-17.0,0,0,83,64.29599514037267,68.20599514037266,0.010861111111111111,0.0,0.0,True,True,True,False,-47.685,769.3024441916119,0.0,0.0,0.0,0.0,721.6174441916119
2026-04-05T01:15:00Z,2026-04-05T01:30:00Z,2026-04-05,2026-04-05_14,-17.0,0,0,83,68.20599514037266,72.11599514037266,0.010861111111111111,0.0,0.0,True,True,True,False,-100.0025,769.3024441916119,0.0,0.0,0.0,0.0,669.299944191612
2026-04-05T01:30:00Z,2026-04-05T01:45:00Z,2026-04-05,2026-04-05_15,16.999999999999996,0,0,83,72.11599514037266,67.49642992298135,0.01283212560386473,0.0,0.0,True,True,True,False,260.69499999999994,769.3024441916119,0.0,0.0,0.0,0.0,1029.997444191612
2026-04-05T01:45:00Z,2026-04-05T02:00:00Z,2026-04-05,2026-04-05_16,16.999999999999996,0,0,83,67.49642992298135,62.876864705590044,0.012832125603864729,0.0,0.0,True,True,True,False,277.43999999999994,769.3024441916119,0.0,0.0,0.0,0.0,1046.7424441916119
2026-04-05T02:00:00Z,2026-04-05T02:15:00Z,2026-04-05,2026-04-05_17,-17.0,17,0,83,62.876864705590044,66.75129487701861,0.010762306031746034,0.038662857142857145,0.0,True,True,True,False,-54.357499999999995,769.3024441916119,18.142826317234885,0.0,4.290319678516783,0.0,737.3780901873636
2026-04-05T02:15:00Z,2026-04-05T02:30:00Z,2026-04-05,2026-04-05_18,0.0,17,0,83,66.75129487701861,66.75129487701861,0.0,0.0,0.0,True,True,True,False,0.0,769.3024441916119,18.142826317234885,0.0,0.0,0.0,787.4452705088468
2026-04-05T02:30:00Z,2026-04-05T02:45:00Z,2026-04-05,2026-04-05_19,-17.0,17,0,83,66.75129487701861,70.6612948770186,0.010861111111111111,0.0,0.0,True,True,True,False,-57.7575,769.3024441916119,18.142826317234885,0.0,0.0,0.0,729.6877705088468
2026-04-05T02:45:00Z,2026-04-05T03:00:00Z,2026-04-05,2026-04-05_20,-17.0,17,0,83,70.6612948770186,74.5712948770186,0.010861111111111113,0.0,0.0,True,True,True,False,-86.78500000000001,769.3024441916119,18.142826317234885,0.0,0.0,0.0,700.6602705088468
2026-04-05T03:00:00Z,2026-04-05T03:15:00Z,2026-04-05,2026-04-05_21,0.0,0,17,83,74.5712948770186,74.88150310559003,0.0008616895238095238,0.0,0.3371828571428571,True,True,True,False,0.0,769.3024441916119,0.0,16.16697398877947,0.0,-17.131585124115162,768.3378330562763
2026-04-05T03:15:00Z,2026-04-05T03:30:00Z,2026-04-05,2026-04-05_22,17.0,0,17,83,74.88150310559003,70.47153416149065,0.012249913733609384,0.0,0.19282857142857146,True,True,True,False,173.57000000000002,769.3024441916119,0.0,16.16697398877947,0.0,-10.093636498657686,948.9457816817337
2026-04-05T03:30:00Z,2026-04-05T03:45:00Z,2026-04-05,2026-04-05_23,17.0,0,17,83,70.47153416149065,66.4375714285714,0.011205452035886819,0.0,0.5387542857142857,True,True,True,False,253.98,769.3024441916119,0.0,16.16697398877947,0.0,-7.587243061712896,1031.8621751186786
2026-04-05T03:45:00Z,2026-04-05T04:00:00Z,2026-04-05,2026-04-05_24,17.0,0,17,83,66.4375714285714,63.31242236024842,0.008680969634230503,0.0,1.3748628571428572,True,True,True,False,361.6325,769.3024441916119,0.0,16.16697398877947,0.0,19.07191372861122,1166.1738319090025
2026-04-05T04:00:00Z,2026-04-05T04:15:00Z,2026-04-05,2026-04-05_25,100.0,0,100,0,63.31242236024842,36.781987577639725,0.07369565217391304,0.0,0.592,True,True,True,False,2981.5,0.0,0.0,95.09984699282043,0.0,-29.418955627917917,3047.1808913649024
2026-04-05T04:15:00Z,2026-04-05T04:30:00Z,2026-04-05,2026-04-05_26,100.0,0,100,0,36.781987577639725,9.999999999999979,0.07439440993788819,0.0,0.3605714285714286,True,True,True,False,1789.75,0.0,0.0,95.09984699282043,0.0,-18.786946974325062,1866.0629000184954
2026-04-05T04:30:00Z,2026-04-05T04:45:00Z,2026-04-05,2026-04-05_27,0.1577078114709818,0,100,0,9.999999999999979,13.631887453416129,0.010288633352839761,0.0,3.9931428571428578,True,True,True,False,0.7234845851231291,0.0,0.0,95.09984699282043,0.0,-144.39169479271172,-48.568363214768155
2026-04-05T04:45:00Z,2026-04-05T05:00:00Z,2026-04-05,2026-04-05_28,0.0,0,100,0,13.631887453416129,23.43488173913041,0.02723053968253968,0.0,10.655428571428569,True,True,True,False,0.0,0.0,0.0,95.09984699282043,0.0,1250.3730941638687,1345.472941156689
2026-04-05T05:00:00Z,2026-04-05T05:15:00Z,2026-04-05,2026-04-05_29,23.000000000000004,63,86,14,23.43488173913041,17.60869565217389,0.019081850241545895,0.297,0.7739999999999999,True,True,True,False,130.525,129.7618580564165,64.56579308721408,81.81117344736946,33.33865490996116,-31.129138844207297,408.8733406567539
2026-04-05T05:15:00Z,2026-04-05T05:30:00Z,2026-04-05,2026-04-05_30,2.8405934245650797,63,86,14,17.60869565217389,17.608695652173893,0.0041240729706628985,0.00036,0.8344457142857143,True,True,True,False,4.346107939584572,129.7618580564165,64.56579308721408,81.81117344736946,0.034384950370748166,-36.16706215678472,244.3522553241706
2026-04-05T05:30:00Z,2026-04-05T05:45:00Z,2026-04-05,2026-04-05_31,23.0,63,86,14,17.608695652173893,19.493990280745326,0.026339310476190477,0.0,8.433405714285714,True,True,True,False,0.7475,129.7618580564165,64.56579308721408,81.81117344736946,0.0,1335.2302339227563,1612.1165585137562
2026-04-05T05:45:00Z,2026-04-05T06:00:00Z,2026-04-05,2026-04-05_32,23.0,63,86,14,19.493990280745326,17.637551880745328,0.022209893333333335,0.0,4.55456,True,True,True,False,0.0575,129.7618580564165,64.56579308721408,81.81117344736946,0.0,7.410161371572051,283.6064859625721
2026-04-05T06:00:00Z,2026-04-05T06:15:00Z,2026-04-05,2026-04-05_33,14.0,86,100,0,17.637551880745328,10.216201182608682,0.02078817352657005,3.3618628571428575,0.03942857142857143,True,True,True,False,0.035,0.0,90.69324022127192,91.98085448624897,492.8850493400515,-3.0318961120483343,672.562247935524
2026-04-05T06:15:00Z,2026-04-05T06:30:00Z,2026-04-05,2026-04-05_34,14.0,86,100,0,10.216201182608682,15.11030972422359,0.026939811511387166,0.000982857142857143,9.221714285714286,True,True,True,False,0.0,0.0,90.69324022127192,91.98085448624897,0.057840076671729544,3111.9242689563566,3294.6562037405492
2026-04-05T06:30:00Z,2026-04-05T06:45:00Z,2026-04-05,2026-04-05_35,14.0,86,100,0,15.11030972422359,24.761737778881972,0.0359012408005521,0.0029485714285714284,14.266857142857143,True,True,True,False,-0.35000000000000003,0.0,90.69324022127192,91.98085448624897,0.1735202300151886,6952.883338583029,7135.3809535205655
2026-04-05T06:45:00Z,2026-04-05T07:00:00Z,2026-04-05,2026-04-05_36,13.210304474466037,86,100,0,24.761737778881972,28.02106832298135,0.02324232022942433,0.008845714285714285,7.280571428571428,True,True,True,False,-6.638177998419183,0.0,90.69324022127192,91.98085448624897,0.5205606900455658,1011.67066174204,1188.2271391411873
2026-04-05T07:00:00Z,2026-04-05T07:15:00Z,2026-04-05,2026-04-05_37,0.0,100,100,0,28.02106832298135,17.8974658385093,0.028121118012422355,9.313714285714285,0.0,True,True,True,False,0.0,0.0,105.95747185060222,91.8631566558123,1562.454224063041,0.0,1760.2748525694556
2026-04-05T07:15:00Z,2026-04-05T07:30:00Z,2026-04-05,2026-04-05_38,0.0,100,100,0,17.8974658385093,16.427939378881973,0.007560494133885438,1.9280000000000002,0.6805714285714286,True,True,True,False,0.0,0.0,105.95747185060222,91.8631566558123,168.69451606575387,-2.809970463449219,363.7051741087192
2026-04-05T07:30:00Z,2026-04-05T07:45:00Z,2026-04-05,2026-04-05_39,0.0,100,100,0,16.427939378881973,24.481356521739116,0.022370603174603175,0.0,8.753714285714285,True,True,True,False,0.0,0.0,105.95747185060222,91.8631566558123,0.0,366.9148757727422,564.7355042791568
2026-04-05T07:45:00Z,2026-04-05T08:00:00Z,2026-04-05,2026-04-05_40,0.0,100,100,0,24.481356521739116,33.36956521739129,0.024786086956521743,0.016,9.680000000000001,True,True,True,False,0.0,0.0,105.95747185060222,91.8631566558123,0.9415826434932716,1176.6731374318333,1375.4353485817412
2026-04-05T08:00:00Z,2026-04-05T08:15:00Z,2026-04-05,2026-04-05_41,1.0,56,31,43,33.36956521739129,34.198749515527936,0.003581205521048999,0.0,1.1896914285714286,True,True,True,False,-3.61,398.55427831613633,59.33618423633724,28.55055121817254,0.0,3.6221900943264043,486.4532038649725
2026-04-05T08:15:00Z,2026-04-05T08:30:00Z,2026-04-05,2026-04-05_42,1.0,56,31,43,34.198749515527936,33.77797341614906,0.001229279641131815,0.14752,0.012222857142857143,True,True,True,False,-4.8475,398.55427831613633,59.33618423633724,28.55055121817254,10.950592082859272,-0.7778530570610291,491.76625279644435
2026-04-05T08:30:00Z,2026-04-05T08:45:00Z,2026-04-05,2026-04-05_43,0.08006708749324076,56,31,43,33.77797341614906,33.36956521739129,0.00141260919306008,0.40192,0.054560000000000004,True,True,True,False,-0.5614704510463508,398.55427831613633,59.33618423633724,28.55055121817254,33.30067012436737,-2.6915467535015103,516.4886666904656
2026-04-05T08:45:00Z,2026-04-05T09:00:00Z,2026-04-05,2026-04-05_44,-26.0,56,31,43,33.36956521739129,39.77129793788819,0.017827104347826087,0.013759999999999998,0.4735028571428571,True,True,True,False,234.65,398.55427831613633,59.33618423633724,28.55055121817254,0.9447212523049157,-23.605665800933732,698.4300692220173
2026-04-05T09:00:00Z,2026-04-05T09:15:00Z,2026-04-05,2026-04-05_45,-57.0,57,0,43,39.77129793788819,52.8561267378882,0.036346746666666666,0.027360000000000002,0.0,True,True,True,False,478.0875,398.55427831613633,60.96600494330887,0.0,1.9359596374906825,0.0,939.5437428969359
2026-04-05T09:15:00Z,2026-04-05T09:30:00Z,2026-04-05,2026-04-05_46,-57.0,57,0,43,52.8561267378882,65.9661267378882,0.036416666666666674,0.0,0.0,True,True,True,False,546.0600000000001,398.55427831613633,60.96600494330887,0.0,0.0,0.0,1005.5802832594453
2026-04-05T09:30:00Z,2026-04-05T09:45:00Z,2026-04-05,2026-04-05_47,-3.3718592543619548,57,0,43,65.9661267378882,66.73744452173915,0.0021647556690458274,0.003908571428571428,0.0,True,True,True,False,25.137210741268373,398.55427831613633,60.96600494330887,0.0,0.26835105339558235,0.0,484.9258450541092
2026-04-05T09:45:00Z,2026-04-05T10:00:00Z,2026-04-05,2026-04-05_48,-57.0,57,0,43,66.73744452173915,79.83695652173915,0.03638753333333333,0.0114,0.0,True,True,True,False,571.8525000000001,398.55427831613633,60.96600494330887,0.0,0.8433893444230844,0.0,1032.2161726038685
2026-04-05T10:00:00Z,2026-04-05T10:15:00Z,2026-04-05,2026-04-05_49,57.0,0,0,43,79.83695652173915,64.34782608695654,0.043025362318840576,0.0,0.0,True,False,True,False,-424.935,398.55427831613633,0.0,0.0,0.0,0.0,-26.38072168386367
2026-04-05T10:15:00Z,2026-04-05T10:30:00Z,2026-04-05,2026-04-05_50,57.0,0,0,43,64.34782608695654,48.858695652173935,0.043025362318840576,0.0,0.0,True,False,True,False,-424.935,398.55427831613633,0.0,0.0,0.0,0.0,-26.38072168386367
2026-04-05T10:30:00Z,2026-04-05T10:45:00Z,2026-04-05,2026-04-05_51,57.0,0,0,43,48.858695652173935,33.369565217391326,0.043025362318840576,0.0,0.0,True,False,True,False,-498.75,398.55427831613633,0.0,0.0,0.0,0.0,-100.19572168386367
2026-04-05T10:45:00Z,2026-04-05T11:00:00Z,2026-04-05,2026-04-05_52,-57.0,0,0,43,33.369565217391326,46.479565217391325,0.03641666666666667,0.0,0.0,True,False,True,False,690.9825000000001,398.55427831613633,0.0,0.0,0.0,0.0,1089.5367783161364
2026-04-05T11:00:00Z,2026-04-05T11:15:00Z,2026-04-05,2026-04-05_53,27.08319999999999,0,0,43,46.479565217391325,39.120000000000026,0.020443236714975836,0.0,0.0,True,False,True,False,-338.5399999999999,398.55427831613633,0.0,0.0,0.0,0.0,60.014278316136426
2026-04-05T11:15:00Z,2026-04-05T11:30:00Z,2026-04-05,2026-04-05_54,-57.0,0,0,43,39.120000000000026,52.230000000000025,0.03641666666666667,0.0,0.0,True,False,True,False,712.5,398.55427831613633,0.0,0.0,0.0,0.0,1111.0542783161363
2026-04-05T11:30:00Z,2026-04-05T11:45:00Z,2026-04-05,2026-04-05_55,-56.999999999999986,0,0,43,52.230000000000025,65.34000000000002,0.03641666666666666,0.0,0.0,True,False,True,False,712.4999999999998,398.55427831613633,0.0,0.0,0.0,0.0,1111.054278316136
2026-04-05T11:45:00Z,2026-04-05T12:00:00Z,2026-04-05,2026-04-05_56,-57.0,0,0,43,65.34000000000002,78.45000000000002,0.03641666666666667,0.0,0.0,True,False,True,False,712.5,398.55427831613633,0.0,0.0,0.0,0.0,1111.0542783161363
2026-04-05T12:00:00Z,2026-04-05T12:15:00Z,2026-04-05,2026-04-05_57,-56.999999999999986,0,0,43,78.45000000000002,91.56000000000002,0.03641666666666666,0.0,0.0,True,False,True,False,712.4999999999998,398.55427831613633,0.0,0.0,0.0,0.0,1111.054278316136
2026-04-05T12:15:00Z,2026-04-05T12:30:00Z,2026-04-05,2026-04-05_58,-57.0,0,0,43,91.56000000000002,104.67000000000002,0.03641666666666667,0.0,0.0,True,False,True,False,712.5,398.55427831613633,0.0,0.0,0.0,0.0,1111.0542783161363
2026-04-05T12:30:00Z,2026-04-05T12:45:00Z,2026-04-05,2026-04-05_59,-57.00000000000005,0,0,43,104.67000000000002,117.78000000000003,0.0364166666666667,0.0,0.0,True,False,True,False,712.5000000000006,398.55427831613633,0.0,0.0,0.0,0.0,1111.0542783161368
2026-04-05T12:45:00Z,2026-04-05T13:00:00Z,2026-04-05,2026-04-05_60,-57.0,0,0,43,117.78000000000003,130.89000000000004,0.03641666666666667,0.0,0.0,True,False,True,False,712.5,398.55427831613633,0.0,0.0,0.0,0.0,1111.0542783161363
2026-04-05T13:00:00Z,2026-04-05T13:15:00Z,2026-04-05,2026-04-05_61,-57.0,0,0,43,130.89000000000004,144.00000000000006,0.03641666666666667,0.0,0.0,True,False,True,False,712.5,398.55427831613633,0.0,0.0,0.0,0.0,1111.0542783161363
2026-04-05T13:15:00Z,2026-04-05T13:30:00Z,2026-04-05,2026-04-05_62,-56.99999999999998,0,0,43,144.00000000000006,157.11000000000004,0.03641666666666665,0.0,0.0,True,False,True,False,712.4999999999998,398.55427831613633,0.0,0.0,0.0,0.0,1111.054278316136
2026-04-05T13:30:00Z,2026-04-05T13:45:00Z,2026-04-05,2026-04-05_63,-57.0,0,0,43,157.11000000000004,170.22000000000006,0.03641666666666667,0.0,0.0,True,False,True,False,712.5,398.55427831613633,0.0,0.0,0.0,0.0,1111.0542783161363
2026-04-05T13:45:00Z,2026-04-05T14:00:00Z,2026-04-05,2026-04-05_64,0.0,0,0,43,170.22000000000006,170.22000000000006,0.0,0.0,0.0,True,False,True,False,0.0,398.55427831613633,0.0,0.0,0.0,0.0,398.55427831613633
2026-04-05T14:00:00Z,2026-04-05T14:15:00Z,2026-04-05,2026-04-05_65,16.500991393735145,83,100,0,170.22000000000006,185.8381618285715,0.047155438032853755,0.0,21.21485714285714,True,True,True,False,-123.01489084029551,0.0,88.60410373102121,95.09984699282043,0.0,13904.52898987238,13965.218049755926
2026-04-05T14:15:00Z,2026-04-05T14:30:00Z,2026-04-05,2026-04-05_66,17.0,83,100,0,185.8381618285715,186.37878881987584,0.0216195815320911,0.008062857142857144,5.450285714285714,True,True,True,False,-26.987499999999997,0.0,88.60410373102121,95.09984699282043,0.632653861890003,1250.0728186388526,1407.4219232245841
2026-04-05T14:30:00Z,2026-04-05T14:45:00Z,2026-04-05,2026-04-05_67,17.0,83,100,0,186.37878881987584,181.80085434037275,0.013320092284334022,0.08584571428571428,0.1422857142857143,True,True,True,False,-13.94,0.0,88.60410373102121,95.09984699282043,7.577890742785402,-8.96756146909311,168.37427999753393
2026-04-05T14:45:00Z,2026-04-05T15:00:00Z,2026-04-05,2026-04-05_68,17.0,83,100,0,181.80085434037275,180.9174173316771,0.02092099105590062,0.3609314285714285,4.353142857142857,True,True,True,False,0.0,0.0,88.60410373102121,95.09984699282043,31.860634559445806,44.52454425718657,260.089129540474
2026-04-05T15:00:00Z,2026-04-05T15:15:00Z,2026-04-05,2026-04-05_69,43.5329722357669,53,100,0,180.9174173316771,186.44327505099832,0.0351091878259019,0.0,17.483428571428572,True,True,True,False,0.0,0.0,56.57852406920632,95.12927145042958,0.0,12982.980461487588,13134.688257007225
2026-04-05T15:15:00Z,2026-04-05T15:30:00Z,2026-04-05,2026-04-05_70,0.0,53,100,0,186.44327505099832,189.6905433739797,0.00902933402346446,0.0015142857142857143,3.5314285714285716,True,True,True,False,0.0,0.0,56.57852406920632,95.12927145042958,0.14852345269387915,-101.64166054824769,50.214658424082096
2026-04-05T15:30:00Z,2026-04-05T15:45:00Z,2026-04-05,2026-04-05_71,0.0,53,100,0,189.6905433739797,189.85126710068778,0.0010664340924775707,0.10266857142857144,0.296,True,True,True,False,0.0,0.0,56.57852406920632,95.12927145042958,10.309130541466068,-16.04031072227235,145.97661533882962
2026-04-05T15:45:00Z,2026-04-05T16:00:00Z,2026-04-05,2026-04-05_72,46.52455943562711,53,100,0,189.85126710068778,175.87318961429844,0.038827993017748204,1.2286914285714285,0.0,True,True,True,False,754.9772882416389,0.0,56.57852406920632,95.12927145042958,148.2817344580015,0.0,1054.9668182192763
2026-04-05T16:00:00Z,2026-04-05T16:15:00Z,2026-04-05,2026-04-05_73,0.0,0,100,0,175.87318961429844,187.8794524714413,0.03335073015873016,0.0,13.050285714285714,True,True,True,False,0.0,0.0,0.0,95.09984699282043,0.0,7419.2223397207745,7514.322186713595
2026-04-05T16:15:00Z,2026-04-05T16:30:00Z,2026-04-05,2026-04-05_74,24.857485279558148,0,100,0,187.8794524714413,184.07403726708083,0.022351417392994538,0.0,3.0674285714285716,True,True,True,False,559.2934187900584,0.0,0.0,95.09984699282043,0.0,-41.20010626432691,613.1931595185519
2026-04-05T16:30:00Z,2026-04-05T16:45:00Z,2026-04-05,2026-04-05_75,100.0,0,100,0,184.07403726708083,167.41627329192556,0.046271566597653545,0.0,9.674857142857144,True,True,True,False,2998.5,0.0,0.0,95.09984699282043,0.0,678.1130107665492,3771.71285775937
2026-04-05T16:45:00Z,2026-04-05T17:00:00Z,2026-04-05,2026-04-05_76,100.0,0,100,0,167.41627329192556,151.8200000000001,0.04332298136645962,0.0,10.651428571428571,True,True,True,False,3090.5,0.0,0.0,95.09984699282043,0.0,4359.797828755261,7545.397675748082
2026-04-05T17:00:00Z,2026-04-05T17:15:00Z,2026-04-05,2026-04-05_77,0.0,0,0,83,151.8200000000001,151.8200000000001,0.0,0.0,0.0,True,False,True,False,0.0,769.3024441916119,0.0,0.0,0.0,0.0,769.3024441916119
2026-04-05T17:15:00Z,2026-04-05T17:30:00Z,2026-04-05,2026-04-05_78,17.0,0,0,83,151.8200000000001,147.2004347826088,0.012832125603864732,0.0,0.0,True,False,True,False,488.75,769.3024441916119,0.0,0.0,0.0,0.0,1258.0524441916118
2026-04-05T17:30:00Z,2026-04-05T17:45:00Z,2026-04-05,2026-04-05_79,17.0,0,0,83,147.2004347826088,142.58086956521748,0.012832125603864732,0.0,0.0,True,False,True,False,490.875,769.3024441916119,0.0,0.0,0.0,0.0,1260.1774441916118
2026-04-05T17:45:00Z,2026-04-05T18:00:00Z,2026-04-05,2026-04-05_80,16.999999999999996,0,0,83,142.58086956521748,137.96130434782617,0.01283212560386473,0.0,0.0,True,False,True,False,599.3349999999999,769.3024441916119,0.0,0.0,0.0,0.0,1368.6374441916118
2026-04-05T18:00:00Z,2026-04-05T18:15:00Z,2026-04-05,2026-04-05_81,17.0,0,17,83,137.96130434782617,133.3679254658386,0.012759385783298823,0.0,0.02409142857142857,True,True,True,False,505.3675,769.3024441916119,0.0,16.17197614657303,0.0,-1.583083508292092,1289.258836829893
2026-04-05T18:15:00Z,2026-04-05T18:30:00Z,2026-04-05,2026-04-05_82,17.0,0,17,83,133.3679254658386,128.79059627329204,0.012714803312629398,0.0,0.03885714285714286,True,True,True,False,505.3675,769.3024441916119,0.0,16.17197614657303,0.0,-2.2304478682681044,1288.6114724699169
2026-04-05T18:30:00Z,2026-04-05T18:45:00Z,2026-04-05,2026-04-05_83,17.0,0,17,83,128.79059627329204,124.49075776397525,0.011943995859213248,0.0,0.2941485714285714,True,True,True,False,506.2175,769.3024441916119,0.0,16.17197614657303,0.0,-8.993809815999057,1282.698110522186
2026-04-05T18:45:00Z,2026-04-05T19:00:00Z,2026-04-05,2026-04-05_84,17.0,0,17,83,124.49075776397525,120.52131055900631,0.011026242236024846,0.0,0.5981085714285714,True,True,True,False,523.0475,769.3024441916119,0.0,16.17197614657303,0.0,219.89412703294977,1528.4160473711347
2026-04-05T19:00:00Z,2026-04-05T19:15:00Z,2026-04-05,2026-04-05_85,100.0,0,100,0,120.52131055900631,104.02068944099389,0.04583505866114561,0.0,9.819428571428572,True,True,True,False,2917.75,0.0,0.0,95.21754482325709,0.0,1376.8080106264326,4389.77555544969
2026-04-05T19:15:00Z,2026-04-05T19:30:00Z,2026-04-05,2026-04-05_86,100.0,0,100,0,104.02068944099389,91.57596894409949,0.034568668046928916,0.0,13.550857142857142,True,True,True,False,3189.25,0.0,0.0,95.21754482325709,0.0,1224.904130521289,4509.371675344546
2026-04-05T19:30:00Z,2026-04-05T19:45:00Z,2026-04-05,2026-04-05_87,100.0,0,100,0,91.57596894409949,75.83559627329204,0.04372325741890959,0.0,10.518857142857144,True,True,True,False,2956.5,0.0,0.0,95.21754482325709,0.0,482.15314662347345,3533.8706914467307
2026-04-05T19:45:00Z,2026-04-05T20:00:00Z,2026-04-05,2026-04-05_88,100.0,0,100,0,75.83559627329204,51.00205590062123,0.06898205659075224,0.0,2.153142857142857,True,True,True,False,3019.0,0.0,0.0,95.21754482325709,0.0,-93.71058215588798,3020.506962667369
2026-04-05T20:00:00Z,2026-04-05T20:15:00Z,2026-04-05,2026-04-05_89,39.0,61,100,0,51.00205590062123,40.38446393043489,0.02963940118702553,0.06065142857142857,0.04685714285714286,True,True,True,False,1179.0675,0.0,65.15457648397347,95.21754482325709,7.849932914478513,-3.2559730528014885,1344.0335811689076
2026-04-05T20:15:00Z,2026-04-05T20:30:00Z,2026-04-05,2026-04-05_90,39.0,61,100,0,40.38446393043489,29.821312536646076,0.029589727839889578,0.040085714285714294,0.07942857142857143,True,True,True,False,1159.47,0.0,65.15457648397347,95.21754482325709,5.092021180004822,-5.219618546936213,1319.7145239402992
2026-04-05T20:30:00Z,2026-04-05T20:45:00Z,2026-04-05,2026-04-05_91,39.0,61,100,0,29.821312536646076,17.75122745838521,0.03362778299516908,1.3834799999999998,0.032,True,True,True,False,1072.5,0.0,65.15457648397347,95.21754482325709,240.93959058417354,-1.9655537682922044,1471.846158123112
2026-04-05T20:45:00Z,2026-04-05T21:00:00Z,2026-04-05,2026-04-05_92,38.88847000848497,61,100,0,17.75122745838521,10.000000000000101,0.030535728822581425,0.021262857142857142,2.882857142857143,True,True,True,False,1044.83596795297,0.0,65.15457648397347,95.21754482325709,2.864988353519445,130.0254642058479,1338.0985418195678
2026-04-05T21:00:00Z,2026-04-05T21:15:00Z,2026-04-06,2026-04-05_93,27.768938199310387,60,100,0,10.000000000000101,10.000000000000002,0.028827760722092647,0.0,7.808571428571429,True,True,True,False,816.8927394782133,0.0,63.15077092078936,95.12927145042958,0.0,82.52167153337855,1057.694453382811
2026-04-05T21:15:00Z,2026-04-05T21:30:00Z,2026-04-06,2026-04-05_94,39.99999999999999,60,100,0,10.000000000000002,10.188602633540373,0.03384204665286404,0.0,11.206285714285714,True,True,True,False,1099.9999999999998,0.0,63.15077092078936,95.12927145042958,0.0,910.8750757469609,2169.1551181181794
2026-04-05T21:30:00Z,2026-04-05T21:45:00Z,2026-04-06,2026-04-05_95,10.444083136610699,60,100,0,10.188602633540373,21.79670977391305,0.03829279599719121,0.0,15.410285714285715,True,True,True,False,236.37571158934165,0.0,63.15077092078936,95.12927145042958,0.0,4236.165960666506,4630.821714627067
2026-04-05T21:45:00Z,2026-04-05T22:00:00Z,2026-04-06,2026-04-05_96,0.0,60,100,0,21.79670977391305,41.359064059627336,0.054339873015873015,0.0,21.26342857142857,True,True,True,False,0.0,0.0,63.15077092078936,95.12927145042958,0.0,20569.949990976496,20728.230033347714
2026-04-05T22:00:00Z,2026-04-05T22:15:00Z,2026-04-06,2026-04-06_1,100.0,0,100,0,41.359064059627336,24.17397089192547,0.04773636991028296,0.0,9.189714285714286,True,True,True,False,2805.75,0.0,0.0,95.12927145042958,0.0,3005.6754420674465,5906.554713517876
2026-04-05T22:15:00Z,2026-04-05T22:30:00Z,2026-04-06,2026-04-06_2,0.0,0,100,0,24.17397089192547,26.4051023204969,0.006197587301587301,0.0,2.425142857142857,True,True,True,False,0.0,0.0,0.0,95.12927145042958,0.0,-120.90605897221766,-25.77678752178808
2026-04-05T22:30:00Z,2026-04-05T22:45:00Z,2026-04-06,2026-04-06_3,0.0,0,100,0,26.4051023204969,30.12400517763976,0.010330285714285714,0.0,4.042285714285714,True,True,True,False,0.0,0.0,0.0,95.12927145042958,0.0,190.89091249446534,286.02018394489494
2026-04-05T22:45:00Z,2026-04-05T23:00:00Z,2026-04-06,2026-04-06_4,0.0,0,100,0,30.12400517763976,34.69351374906833,0.012693079365079367,0.0,4.966857142857143,True,True,True,False,0.0,0.0,0.0,95.12927145042958,0.0,109.04423174142347,204.17350319185306
2026-04-05T23:00:00Z,2026-04-05T23:15:00Z,2026-04-06,2026-04-06_5,0.0,100,100,0,34.69351374906833,45.251433749068326,0.029327555555555555,0.0,11.475999999999999,True,True,True,False,0.0,0.0,107.78178822237044,166.8660991015732,0.0,-16.06432892620346,258.5835583977402
2026-04-05T23:15:00Z,2026-04-05T23:30:00Z,2026-04-06,2026-04-06_6,0.0,100,100,0,45.251433749068326,58.4174223204969,0.03657219047619047,0.0,14.310857142857142,True,True,True,False,0.0,0.0,107.78178822237044,166.8660991015732,0.0,-0.0,274.6478873239437
2026-04-05T23:30:00Z,2026-04-05T23:45:00Z,2026-04-06,2026-04-06_7,0.0,100,100,0,58.4174223204969,72.62274803478262,0.039459238095238096,0.0,15.44057142857143,True,True,True,False,0.0,0.0,107.78178822237044,166.8660991015732,0.0,78.18118202249711,352.82906934644075
2026-04-05T23:45:00Z,2026-04-06T00:00:00Z,2026-04-06,2026-04-06_8,0.0,100,100,0,72.62274803478262,81.44843946335405,0.024515809523809523,0.0,9.593142857142857,True,True,True,False,0.0,0.0,107.78178822237044,166.8660991015732,0.0,-25.180635680377527,249.46725164356613
2026-04-06T00:00:00Z,2026-04-06T00:15:00Z,2026-04-06,2026-04-06_9,0.0,100,100,0,81.44843946335405,91.52743374906834,0.027997206349206348,0.0,10.955428571428572,True,True,True,False,0.0,0.0,107.78178822237044,166.8660991015732,0.0,-0.0,274.6478873239437
2026-04-06T00:15:00Z,2026-04-06T00:30:00Z,2026-04-06,2026-04-06_10,0.0,100,100,0,91.52743374906834,103.78656517763977,0.03405314285714286,0.0,13.325142857142858,True,True,True,False,0.0,0.0,107.78178822237044,166.8660991015732,0.0,154.68280019952584,429.33068752346946
2026-04-06T00:30:00Z,2026-04-06T00:45:00Z,2026-04-06,2026-04-06_11,0.0,100,100,0,103.78656517763977,117.46091946335406,0.03798431746031746,0.0,14.863428571428571,True,True,True,False,0.0,0.0,107.78178822237044,166.8660991015732,0.0,33.08977418830532,307.73766151224896
2026-04-06T00:45:00Z,2026-04-06T01:00:00Z,2026-04-06,2026-04-06_12,0.0,100,100,0,117.46091946335406,123.13600517763977,0.015764126984126988,0.0,6.168571428571429,True,True,True,False,0.0,0.0,107.78178822237044,166.8660991015732,0.0,-98.00281858280603,176.6450687411376
2026-04-06T01:00:00Z,2026-04-06T01:15:00Z,2026-04-06,2026-04-06_13,-17.0,17,0,83,123.13600517763977,127.04600517763977,0.010861111111111113,0.0,0.0,True,True,True,False,-356.1075,769.3024441916119,18.32290399780297,0.0,0.0,0.0,431.5178481894149
2026-04-06T01:15:00Z,2026-04-06T01:30:00Z,2026-04-06,2026-04-06_14,0.0,17,0,83,127.04600517763977,127.04600517763977,0.0,0.0,0.0,True,True,True,False,0.0,769.3024441916119,18.32290399780297,0.0,0.0,0.0,787.6253481894149
2026-04-06T01:30:00Z,2026-04-06T01:45:00Z,2026-04-06,2026-04-06_15,-17.0,17,0,83,127.04600517763977,130.95600517763978,0.010861111111111111,0.0,0.0,True,True,True,False,-239.4025,769.3024441916119,18.32290399780297,0.0,0.0,0.0,548.2228481894149
2026-04-06T01:45:00Z,2026-04-06T02:00:00Z,2026-04-06,2026-04-06_16,-17.0,17,0,83,130.95600517763978,134.8622515776398,0.010850684444444446,0.00408,0.0,True,True,True,False,-258.7825,769.3024441916119,18.32290399780297,0.0,0.3914072423398329,0.0,529.2342554317547
2026-04-06T02:00:00Z,2026-04-06T02:15:00Z,2026-04-06,2026-04-06_17,0.0,17,17,83,134.8622515776398,135.56345980621123,0.0019478006349206351,0.0,0.7621828571428572,True,True,True,False,0.0,769.3024441916119,18.32290399780297,28.367236847267442,0.0,-8.195805578877163,807.7967794578052
2026-04-06T02:15:00Z,2026-04-06T02:30:00Z,2026-04-06,2026-04-06_18,0.0,17,17,83,135.56345980621123,135.8963928745342,0.000927160524499655,0.0003885714285714286,0.36234285714285713,True,True,True,False,0.0,769.3024441916119,18.32290399780297,28.367236847267442,0.06021645191483161,-8.269886830733705,807.7829146578634
2026-04-06T02:30:00Z,2026-04-06T02:45:00Z,2026-04-06,2026-04-06_19,0.0,17,17,83,135.8963928745342,136.0799617888199,0.0005099136507936508,0.0,0.19953142857142855,True,True,True,False,0.0,769.3024441916119,18.32290399780297,28.367236847267442,0.0,-10.040801307006383,805.951783729676
2026-04-06T02:45:00Z,2026-04-06T03:00:00Z,2026-04-06,2026-04-06_20,0.0,17,17,83,136.0799617888199,136.02670807453418,0.00022985079365079366,0.06256,0.016028571428571427,True,True,True,False,0.0,769.3024441916119,18.32290399780297,28.367236847267442,10.543258472282162,-0.8365714453854043,825.6992720635791
2026-04-06T03:00:00Z,2026-04-06T03:15:00Z,2026-04-06,2026-04-06_21,17.0,0,0,83,136.02670807453418,131.40714285714287,0.012832125603864732,0.0,0.0,True,False,True,False,486.6675,769.3024441916119,0.0,0.0,0.0,0.0,1255.9699441916118
2026-04-06T03:15:00Z,2026-04-06T03:30:00Z,2026-04-06,2026-04-06_22,17.0,0,0,83,131.40714285714287,126.78757763975158,0.012832125603864732,0.0,0.0,True,False,True,False,522.75,769.3024441916119,0.0,0.0,0.0,0.0,1292.0524441916118
2026-04-06T03:30:00Z,2026-04-06T03:45:00Z,2026-04-06,2026-04-06_23,17.0,0,0,83,126.78757763975158,122.16801242236028,0.012832125603864732,0.0,0.0,True,False,True,False,544.3825,769.3024441916119,0.0,0.0,0.0,0.0,1313.684944191612
2026-04-06T03:45:00Z,2026-04-06T04:00:00Z,2026-04-06,2026-04-06_24,17.0,0,0,83,122.16801242236028,117.54844720496898,0.012832125603864732,0.0,0.0,True,False,True,False,516.4175,769.3024441916119,0.0,0.0,0.0,0.0,1285.7199441916118
2026-04-06T04:00:00Z,2026-04-06T04:15:00Z,2026-04-06,2026-04-06_25,100.0,0,100,0,117.54844720496898,115.80931677018637,0.0048309178743961316,0.0,23.400000000000002,True,True,True,False,3595.7500000000005,0.0,0.0,95.09984699282043,0.0,25601.219427988544,29292.069274981364
2026-04-06T04:15:00Z,2026-04-06T04:30:00Z,2026-04-06,2026-04-06_26,100.0,0,100,0,115.80931677018637,90.48633540372674,0.0703416149068323,0.0,1.7028571428571428,True,True,True,False,4269.25,0.0,0.0,95.09984699282043,0.0,-85.93820079249872,4278.411646200322
2026-04-06T04:30:00Z,2026-04-06T04:45:00Z,2026-04-06,2026-04-06_27,100.0,0,100,0,90.48633540372674,63.318633540372716,0.07546583850931676,0.0,0.005714285714285714,True,True,True,False,4220.75,0.0,0.0,95.09984699282043,0.0,-0.4483726873777484,4315.401474305443
2026-04-06T04:45:00Z,2026-04-06T05:00:00Z,2026-04-06,2026-04-06_28,100.0,0,100,0,63.318633540372716,37.12981366459633,0.07274672187715664,0.0,0.9062857142857144,True,True,True,False,3077.5,0.0,0.0,95.09984699282043,0.0,-45.40317559955835,3127.196671393262
2026-04-06T05:00:00Z,2026-04-06T05:15:00Z,2026-04-06,2026-04-06_29,100.0,0,100,0,37.12981366459633,10.000000000000057,0.07536059351276742,0.0,0.040571428571428564,True,True,True,False,3107.25,0.0,0.0,95.12927145042958,0.0,-2.102530839633903,3200.2767406107955
2026-04-06T05:15:00Z,2026-04-06T05:30:00Z,2026-04-06,2026-04-06_30,1.7408441626526847,0,100,0,10.000000000000057,10.000000000000057,0.0025742027226416664,0.0,0.5125714285714286,True,True,True,False,39.48234560896289,0.0,0.0,95.12927145042958,0.0,-26.584577773044956,108.02703928634752
2026-04-06T05:30:00Z,2026-04-06T05:45:00Z,2026-04-06,2026-04-06_31,1.300940127830283,0,100,0,10.000000000000057,16.456855652173974,0.019319518991735563,0.0,7.385142857142856,True,True,True,False,16.86018405668047,0.0,0.0,95.12927145042958,0.0,2102.357987927565,2214.347443434675
2026-04-06T05:45:00Z,2026-04-06T06:00:00Z,2026-04-06,2026-04-06_32,0.0,0,100,0,16.456855652173974,17.608695652173974,0.0031995555555555553,0.0,1.252,True,True,True,False,0.0,0.0,0.0,95.12927145042958,0.0,-25.00831809800306,70.12095335242653
2026-04-06T06:00:00Z,2026-04-06T06:15:00Z,2026-04-06,2026-04-06_33,-13.316343919282879,86,72,14,17.608695652173974,22.8958344149069,0.019331428621859503,0.9101257142857144,3.46752,True,True,True,False,-91.81619132345544,129.7618580564165,86.79626505551414,66.22621523009924,145.92219218374314,308.45950011377454,645.3498393160921
2026-04-06T06:15:00Z,2026-04-06T06:30:00Z,2026-04-06,2026-04-06_34,-13.999999999999986,86,72,14,22.8958344149069,27.64354567950317,0.017384360138026217,0.8300228571428572,2.616685714285714,True,True,True,False,-52.46499999999995,129.7618580564165,86.79626505551414,66.22621523009924,93.3926322615358,22.196504441691932,345.90847504525766
2026-04-06T06:30:00Z,2026-04-06T06:45:00Z,2026-04-06,2026-04-06_35,-13.999999999999986,86,72,14,27.64354567950317,33.681596422360315,0.01871522031746031,0.38429714285714284,3.505782857142857,True,True,True,False,-18.79499999999998,129.7618580564165,86.79626505551414,66.22621523009924,34.57113818285759,259.47318242154876,558.0336589464363
2026-04-06T06:45:00Z,2026-04-06T07:00:00Z,2026-04-06,2026-04-06_36,-13.999999999999986,86,72,14,33.681596422360315,36.07899329192553,0.015424653140096611,1.73376,1.10304,True,True,True,False,-0.03499999999999997,129.7618580564165,86.79626505551414,66.22621523009924,245.46964378359291,13.361415324257521,541.5803974498803
2026-04-06T07:00:00Z,2026-04-06T07:15:00Z,2026-04-06,2026-04-06_37,0.0,100,100,0,36.07899329192553,14.821229316770246,0.059049344375431335,19.55714285714286,0.0,True,True,True,False,0.0,0.0,104.78049354623562,91.8631566558123,19959.138858218954,0.0,20155.782508421
2026-04-06T07:15:00Z,2026-04-06T07:30:00Z,2026-04-06,2026-04-06_38,0.0,100,100,0,14.821229316770246,10.00000000000006,0.02769465286404417,6.804,2.798285714285714,True,True,True,False,0.0,0.0,104.78049354623562,91.8631566558123,1707.1796304288123,188.5623439803164,2092.385624611177
2026-04-06T07:30:00Z,2026-04-06T07:45:00Z,2026-04-06,2026-04-06_39,0.0,100,100,0,10.00000000000006,15.682445714285775,0.01578457142857143,0.0,6.176571428571428,True,True,True,False,0.0,0.0,104.78049354623562,91.8631566558123,0.0,230.32197138261319,426.9656215846611
2026-04-06T07:45:00Z,2026-04-06T08:00:00Z,2026-04-06,2026-04-06_40,0.0,100,100,0,15.682445714285775,24.550194285714348,0.02463263492063492,0.0,9.638857142857143,True,True,True,False,0.0,0.0,104.78049354623562,91.8631566558123,0.0,664.0370499319034,860.6807001339514
2026-04-06T08:00:00Z,2026-04-06T08:15:00Z,2026-04-06,2026-04-06_41,0.0,100,100,0,24.550194285714348,15.254468571428635,0.02806742857142857,8.924,0.43942857142857145,True,True,True,False,0.0,0.0,104.78049354623562,92.09855231668563,1811.3944933108396,-4.01431766083969,2004.2592215129212
2026-04-06T08:15:00Z,2026-04-06T08:30:00Z,2026-04-06,2026-04-06_42,0.0,100,100,0,15.254468571428635,19.290175403726774,0.011921131815044858,0.1177142857142857,4.525714285714286,True,True,True,False,0.0,0.0,104.78049354623562,92.09855231668563,6.94823245881977,334.2261928114649,538.0534711332059
2026-04-06T08:30:00Z,2026-04-06T08:45:00Z,2026-04-06,2026-04-06_43,0.0,100,100,0,19.290175403726774,24.75076968944106,0.01516831746031746,0.0,5.935428571428571,True,True,True,False,0.0,0.0,104.78049354623562,92.09855231668563,0.0,286.38693184174684,483.2659777046681
2026-04-06T08:45:00Z,2026-04-06T09:00:00Z,2026-04-06,2026-04-06_44,0.0,100,100,0,24.75076968944106,36.47156968944106,0.03255777777777778,0.0,12.740000000000002,True,True,True,False,0.0,0.0,104.78049354623562,92.09855231668563,0.0,11141.874487033623,11338.753532896544
2026-04-06T09:00:00Z,2026-04-06T09:15:00Z,2026-04-06,2026-04-06_45,-52.00000000000001,0,0,48,36.47156968944106,48.43156968944106,0.03322222222222223,0.0,0.0,True,False,True,False,410.80000000000007,444.89779905057077,0.0,0.0,0.0,0.0,855.6977990505709
2026-04-06T09:15:00Z,2026-04-06T09:30:00Z,2026-04-06,2026-04-06_46,-52.00000000000001,0,0,48,48.43156968944106,60.39156968944106,0.03322222222222223,0.0,0.0,True,False,True,False,509.99,444.89779905057077,0.0,0.0,0.0,0.0,954.8877990505707
2026-04-06T09:30:00Z,2026-04-06T09:45:00Z,2026-04-06,2026-04-06_47,-52.00000000000001,0,0,48,60.39156968944106,72.35156968944106,0.03322222222222223,0.0,0.0,True,False,True,False,509.99,444.89779905057077,0.0,0.0,0.0,0.0,954.8877990505707
2026-04-06T09:45:00Z,2026-04-06T10:00:00Z,2026-04-06,2026-04-06_48,-52.00000000000001,0,0,48,72.35156968944106,84.31156968944107,0.03322222222222223,0.0,0.0,True,False,True,False,509.99,444.89779905057077,0.0,0.0,0.0,0.0,954.8877990505707
2026-04-06T10:00:00Z,2026-04-06T10:15:00Z,2026-04-06,2026-04-06_49,-47.0,0,0,53,84.31156968944107,95.12156968944107,0.030027777777777778,0.0,0.0,True,False,True,False,357.2,491.2413197850052,0.0,0.0,0.0,0.0,848.4413197850051
2026-04-06T10:15:00Z,2026-04-06T10:30:00Z,2026-04-06,2026-04-06_50,-47.0,0,0,53,95.12156968944107,105.93156968944108,0.030027777777777778,0.0,0.0,True,False,True,False,460.9525,491.2413197850052,0.0,0.0,0.0,0.0,952.1938197850052
2026-04-06T10:30:00Z,2026-04-06T10:45:00Z,2026-04-06,2026-04-06_51,-47.0,0,0,53,105.93156968944108,116.74156968944108,0.030027777777777778,0.0,0.0,True,False,True,False,460.9525,491.2413197850052,0.0,0.0,0.0,0.0,952.1938197850052
2026-04-06T10:45:00Z,2026-04-06T11:00:00Z,2026-04-06,2026-04-06_52,-47.0,0,0,53,116.74156968944108,127.55156968944108,0.030027777777777778,0.0,0.0,True,False,True,False,460.9525,491.2413197850052,0.0,0.0,0.0,0.0,952.1938197850052
2026-04-06T11:00:00Z,2026-04-06T11:15:00Z,2026-04-06,2026-04-06_53,-24.514914393734728,0,0,53,127.55156968944108,133.19000000000005,0.01566230641821941,0.0,0.0,True,False,True,False,36.833658876586426,491.2413197850052,0.0,0.0,0.0,0.0,528.0749786615917
2026-04-06T11:15:00Z,2026-04-06T11:30:00Z,2026-04-06,2026-04-06_54,-47.0,0,0,53,133.19000000000005,144.00000000000006,0.030027777777777778,0.0,0.0,True,False,True,False,117.5,491.2413197850052,0.0,0.0,0.0,0.0,608.7413197850052
2026-04-06T11:30:00Z,2026-04-06T11:45:00Z,2026-04-06,2026-04-06_55,-47.0,0,0,53,144.00000000000006,154.81000000000006,0.030027777777777778,0.0,0.0,True,False,True,False,117.38250000000001,491.2413197850052,0.0,0.0,0.0,0.0,608.6238197850053
2026-04-06T11:45:00Z,2026-04-06T12:00:00Z,2026-04-06,2026-04-06_56,-47.0,0,0,53,154.81000000000006,165.62000000000006,0.030027777777777778,0.0,0.0,True,False,True,False,73.79,491.2413197850052,0.0,0.0,0.0,0.0,565.0313197850052
2026-04-06T12:00:00Z,2026-04-06T12:15:00Z,2026-04-06,2026-04-06_57,43.92041874285711,0,0,53,165.62000000000006,153.68510360248453,0.03315248999309866,0.0,0.0,True,False,True,False,-54.90052342857139,491.2413197850052,0.0,0.0,0.0,0.0,436.3407963564338
2026-04-06T12:15:00Z,2026-04-06T12:30:00Z,2026-04-06,2026-04-06_58,47.0,0,0,53,153.68510360248453,140.91336447204975,0.035477053140096616,0.0,0.0,True,False,True,False,-46.06,491.2413197850052,0.0,0.0,0.0,0.0,445.1813197850052
2026-04-06T12:30:00Z,2026-04-06T12:45:00Z,2026-04-06,2026-04-06_59,47.0,0,0,53,140.91336447204975,128.14162534161497,0.035477053140096616,0.0,0.0,True,False,True,False,-46.06,491.2413197850052,0.0,0.0,0.0,0.0,445.1813197850052
2026-04-06T12:45:00Z,2026-04-06T13:00:00Z,2026-04-06,2026-04-06_60,47.0,0,0,53,128.14162534161497,115.36988621118019,0.035477053140096616,0.0,0.0,True,False,True,False,-23.617499999999996,491.2413197850052,0.0,0.0,0.0,0.0,467.6238197850052
2026-04-06T13:00:00Z,2026-04-06T13:15:00Z,2026-04-06,2026-04-06_61,0.0,100,100,0,115.36988621118019,116.60450285714292,0.0034398426501035194,0.0017142857142857142,1.3439999999999999,True,True,True,False,0.0,0.0,104.83934246145397,91.89258111342147,0.03362795155333113,-28.376965749931337,168.38858577649742
2026-04-06T13:15:00Z,2026-04-06T13:30:00Z,2026-04-06,2026-04-06_62,7.070076972737316e-15,100,100,0,116.60450285714292,138.6277257142858,0.06117561904761905,0.0,23.938285714285715,True,True,True,False,-1.7851944356161723e-15,0.0,104.83934246145397,91.89258111342147,0.0,17948.544202036734,18145.27612561161
2026-04-06T13:30:00Z,2026-04-06T13:45:00Z,2026-04-06,2026-04-06_63,0.0,100,100,0,138.6277257142858,156.60347428571436,0.04993263492063491,0.0,19.53885714285714,True,True,True,False,0.0,0.0,104.83934246145397,91.89258111342147,0.0,12269.921652365443,12466.653575940318
2026-04-06T13:45:00Z,2026-04-06T14:00:00Z,2026-04-06,2026-04-06_64,0.0,100,100,0,156.60347428571436,165.62000000000006,0.025045904761904762,0.0,9.800571428571429,True,True,True,False,0.0,0.0,104.83934246145397,91.89258111342147,0.0,2153.499565638959,2350.2314892138347
2026-04-06T14:00:00Z,2026-04-06T14:15:00Z,2026-04-06,2026-04-06_65,0.0,0,0,53,165.62000000000006,165.62000000000006,0.0,0.0,0.0,True,False,True,False,0.0,491.2413197850052,0.0,0.0,0.0,0.0,491.2413197850052
2026-04-06T14:15:00Z,2026-04-06T14:30:00Z,2026-04-06,2026-04-06_66,0.0,0,0,53,165.62000000000006,165.62000000000006,0.0,0.0,0.0,True,False,True,False,0.0,491.2413197850052,0.0,0.0,0.0,0.0,491.2413197850052
2026-04-06T14:30:00Z,2026-04-06T14:45:00Z,2026-04-06,2026-04-06_67,0.0,0,0,53,165.62000000000006,165.62000000000006,0.0,0.0,0.0,True,False,True,False,0.0,491.2413197850052,0.0,0.0,0.0,0.0,491.2413197850052
2026-04-06T14:45:00Z,2026-04-06T15:00:00Z,2026-04-06,2026-04-06_68,26.23840000000009,0,0,53,165.62000000000006,158.49000000000004,0.019805555555555625,0.0,0.0,True,False,True,False,0.06559600000000022,491.2413197850052,0.0,0.0,0.0,0.0,491.30691578500523
2026-04-06T15:00:00Z,2026-04-06T15:15:00Z,2026-04-06,2026-04-06_69,-62.999999999999915,0,0,37,158.49000000000004,172.98000000000002,0.040249999999999946,0.0,0.0,True,False,True,False,-0.0,342.94205343481497,0.0,0.0,0.0,0.0,342.94205343481497
2026-04-06T15:15:00Z,2026-04-06T15:30:00Z,2026-04-06,2026-04-06_70,0.0,0,0,37,172.98000000000002,172.98000000000002,0.0,0.0,0.0,True,False,True,False,0.0,342.94205343481497,0.0,0.0,0.0,0.0,342.94205343481497
2026-04-06T15:30:00Z,2026-04-06T15:45:00Z,2026-04-06,2026-04-06_71,0.0,0,0,37,172.98000000000002,172.98000000000002,0.0,0.0,0.0,True,False,True,False,0.0,342.94205343481497,0.0,0.0,0.0,0.0,342.94205343481497
2026-04-06T15:45:00Z,2026-04-06T16:00:00Z,2026-04-06,2026-04-06_72,0.2882596571427621,0,0,37,172.98000000000002,172.90166857142862,0.00021758730158722984,0.0,0.0,True,False,True,False,5.1605685119982985,342.94205343481497,0.0,0.0,0.0,0.0,348.10262194681326
2026-04-06T16:00:00Z,2026-04-06T16:15:00Z,2026-04-06,2026-04-06_73,-6.178632484870436e-14,0,100,0,172.90166857142862,188.81977142857147,0.04421695238095242,0.0,17.302285714285716,True,True,True,False,-2.0080555575828918e-13,0.0,0.0,95.09984699282043,0.0,7535.47499268592,7630.57483967874
2026-04-06T16:15:00Z,2026-04-06T16:30:00Z,2026-04-06,2026-04-06_74,0.0,0,100,0,188.81977142857147,190.00000000000006,0.003278412698412699,0.0,1.282857142857143,True,True,True,False,0.0,0.0,0.0,95.09984699282043,0.0,-42.11927666276208,52.98057033005835
2026-04-06T16:30:00Z,2026-04-06T16:45:00Z,2026-04-06,2026-04-06_75,100.0,0,100,0,190.00000000000006,162.90310559006218,0.07526915113871635,0.0,0.07085714285714285,True,True,True,False,3625.25,0.0,0.0,95.09984699282043,0.0,-4.791537413898431,3715.558309578922
2026-04-06T16:45:00Z,2026-04-06T17:00:00Z,2026-04-06,2026-04-06_76,100.0,0,100,0,162.90310559006218,135.85776397515536,0.07512594893029674,0.0,0.11828571428571429,True,True,True,False,4647.25,0.0,0.0,95.09984699282043,0.0,-8.329306983965072,4734.020540008855
2026-04-06T17:00:00Z,2026-04-06T17:15:00Z,2026-04-06,2026-04-06_77,61.99999999999997,0,62,38,135.85776397515536,119.84058385093175,0.044492167011732205,0.0,0.7641942857142857,True,True,True,False,2336.159999999999,352.2107575817019,0.0,58.96190513554866,0.0,-35.15506581774771,2712.1775968995016
2026-04-06T17:15:00Z,2026-04-06T17:30:00Z,2026-04-06,2026-04-06_78,61.999999999999986,0,62,38,119.84058385093175,103.00508074534169,0.04676528640441682,0.0,0.011337142857142858,True,True,True,False,2493.1749999999993,352.2107575817019,0.0,58.96190513554866,0.0,-0.8219506408927101,2903.525712076357
2026-04-06T17:30:00Z,2026-04-06T17:45:00Z,2026-04-06,2026-04-06_79,61.999999999999986,0,62,38,103.00508074534169,86.15725465838517,0.046799516908212546,0.0,0.0,True,True,True,False,2825.3399999999992,352.2107575817019,0.0,58.96190513554866,0.0,0.0,3236.51266271725
2026-04-06T17:45:00Z,2026-04-06T18:00:00Z,2026-04-06,2026-04-06_80,62.000000000000036,0,62,38,86.15725465838517,69.30942857142864,0.04679951690821259,0.0,0.0,True,True,True,False,2715.6000000000013,352.2107575817019,0.0,58.96190513554866,0.0,0.0,3126.772662717252
2026-04-06T18:00:00Z,2026-04-06T18:15:00Z,2026-04-06,2026-04-06_81,17.0,0,0,83,69.30942857142864,64.68986335403734,0.012832125603864732,0.0,0.0,True,False,True,False,756.0324999999999,769.3024441916119,0.0,0.0,0.0,0.0,1525.3349441916118
2026-04-06T18:15:00Z,2026-04-06T18:30:00Z,2026-04-06,2026-04-06_82,17.0,0,0,83,64.68986335403734,60.07029813664604,0.012832125603864732,0.0,0.0,True,False,True,False,717.1025,769.3024441916119,0.0,0.0,0.0,0.0,1486.4049441916118
2026-04-06T18:30:00Z,2026-04-06T18:45:00Z,2026-04-06,2026-04-06_83,0.2586971428573577,0,0,83,60.07029813664604,60.000000000000014,0.0001952726017945031,0.0,0.0,True,False,True,False,8.32293382857834,769.3024441916119,0.0,0.0,0.0,0.0,777.6253780201903
2026-04-06T18:45:00Z,2026-04-06T19:00:00Z,2026-04-06,2026-04-06_84,0.0,0,0,83,60.000000000000014,60.000000000000014,0.0,0.0,0.0,True,False,True,False,0.0,769.3024441916119,0.0,0.0,0.0,0.0,769.3024441916119
2026-04-06T19:00:00Z,2026-04-06T19:15:00Z,2026-04-06,2026-04-06_85,17.0,0,0,83,60.000000000000014,55.38043478260871,0.012832125603864732,0.0,0.0,True,False,True,False,662.1500000000001,769.3024441916119,0.0,0.0,0.0,0.0,1431.452444191612
2026-04-06T19:15:00Z,2026-04-06T19:30:00Z,2026-04-06,2026-04-06_86,0.0,0,0,83,55.38043478260871,55.38043478260871,0.0,0.0,0.0,True,False,True,False,0.0,769.3024441916119,0.0,0.0,0.0,0.0,769.3024441916119
2026-04-06T19:30:00Z,2026-04-06T19:45:00Z,2026-04-06,2026-04-06_87,0.0,0,0,83,55.38043478260871,55.38043478260871,0.0,0.0,0.0,True,False,True,False,0.0,769.3024441916119,0.0,0.0,0.0,0.0,769.3024441916119
2026-04-06T19:45:00Z,2026-04-06T20:00:00Z,2026-04-06,2026-04-06_88,0.0,0,0,83,55.38043478260871,55.38043478260871,0.0,0.0,0.0,True,False,True,False,0.0,769.3024441916119,0.0,0.0,0.0,0.0,769.3024441916119
2026-04-06T20:00:00Z,2026-04-06T20:15:00Z,2026-04-06,2026-04-06_89,33.00000000000013,0,0,67,55.38043478260871,46.413043478260846,0.024909420289855166,0.0,0.0,True,False,True,False,1142.4600000000044,621.0031778414217,0.0,0.0,0.0,0.0,1763.463177841426
2026-04-06T20:15:00Z,2026-04-06T20:30:00Z,2026-04-06,2026-04-06_90,0.0,0,0,67,46.413043478260846,46.413043478260846,0.0,0.0,0.0,True,False,True,False,0.0,621.0031778414217,0.0,0.0,0.0,0.0,621.0031778414217
2026-04-06T20:30:00Z,2026-04-06T20:45:00Z,2026-04-06,2026-04-06_91,0.0,0,0,67,46.413043478260846,46.413043478260846,0.0,0.0,0.0,True,False,True,False,0.0,621.0031778414217,0.0,0.0,0.0,0.0,621.0031778414217
2026-04-06T20:45:00Z,2026-04-06T21:00:00Z,2026-04-06,2026-04-06_92,0.0,0,0,67,46.413043478260846,46.413043478260846,0.0,0.0,0.0,True,False,True,False,0.0,621.0031778414217,0.0,0.0,0.0,0.0,621.0031778414217
2026-04-06T21:00:00Z,2026-04-06T21:15:00Z,2026-04-07,2026-04-06_93,-2.1625213697046528e-13,0,0,67,46.413043478260846,46.413043478260896,1.3816108750890837e-16,0.0,0.0,True,False,True,False,-6.5713618121900135e-12,621.2103373167716,0.0,0.0,0.0,0.0,621.210337316765
2026-04-06T21:15:00Z,2026-04-06T21:30:00Z,2026-04-07,2026-04-06_94,0.0,0,0,67,46.413043478260896,46.413043478260896,0.0,0.0,0.0,True,False,True,False,0.0,621.2103373167716,0.0,0.0,0.0,0.0,621.2103373167716
2026-04-06T21:30:00Z,2026-04-06T21:45:00Z,2026-04-07,2026-04-06_95,-4.807183364839318,0,0,67,46.413043478260896,47.51869565217394,0.003071256038647342,0.0,0.0,True,False,True,False,-133.65171550094513,621.2103373167716,0.0,0.0,0.0,0.0,487.55862181582654
2026-04-06T21:45:00Z,2026-04-06T22:00:00Z,2026-04-07,2026-04-06_96,-33.0,0,0,67,47.51869565217394,55.10869565217394,0.021083333333333336,0.0,0.0,True,False,True,False,-878.0475,621.2103373167716,0.0,0.0,0.0,0.0,-256.83716268322837
2026-04-06T22:00:00Z,2026-04-06T22:15:00Z,2026-04-07,2026-04-07_1,0.0,17,17,83,55.10869565217394,55.71856628074537,0.0016940850793650795,0.0,0.6629028571428571,True,True,True,False,0.0,769.5590745864484,18.203920645199272,21.991817272031554,0.0,-14.468585583933931,795.2862269197453
2026-04-06T22:15:00Z,2026-04-06T22:30:00Z,2026-04-07,2026-04-07_2,0.0,17,17,83,55.71856628074537,56.267152944099415,0.001532651014492754,0.0014571428571428572,0.5980114285714286,True,True,True,False,0.0,769.5590745864484,18.203920645199272,21.991817272031554,0.2287463522525629,-12.132728483125753,797.8508303728061
2026-04-06T22:30:00Z,2026-04-06T22:45:00Z,2026-04-07,2026-04-07_3,0.0,17,17,83,56.267152944099415,57.46848368695656,0.0033370298412698416,0.0,1.3057942857142857,True,True,True,False,0.0,769.5590745864484,18.203920645199272,21.991817272031554,0.0,-19.993429588452795,789.7613829152265
2026-04-06T22:45:00Z,2026-04-06T23:00:00Z,2026-04-07,2026-04-07_4,0.0,17,17,83,57.46848368695656,58.57374014409942,0.003070156825396826,0.0,1.2013657142857144,True,True,True,False,0.0,769.5590745864484,18.203920645199272,21.991817272031554,0.0,-15.186982603503521,794.5678299001758
2026-04-06T23:00:00Z,2026-04-06T23:15:00Z,2026-04-07,2026-04-07_5,0.0,100,100,0,58.57374014409942,55.56300324968948,0.009528491373360938,2.9628571428571426,0.22799999999999998,True,True,True,False,0.0,0.0,108.17095425913935,165.47948431153233,527.5834556958122,-12.58230176016954,788.6515925063143
2026-04-06T23:15:00Z,2026-04-06T23:30:00Z,2026-04-07,2026-04-07_6,0.0,100,100,0,55.56300324968948,50.97169890186339,0.012753623188405798,4.224,0.0,True,True,True,False,0.0,0.0,108.17095425913935,165.47948431153233,776.3934302702067,0.0,1050.0438688408785
2026-04-06T23:30:00Z,2026-04-06T23:45:00Z,2026-04-07,2026-04-07_7,0.0,100,100,0,50.97169890186339,50.85117716273296,0.0007728778467908903,0.18342857142857144,0.08571428571428572,True,True,True,False,0.0,0.0,108.17095425913935,165.47948431153233,29.28313449780925,-5.839423424635646,297.0941496438453
2026-04-06T23:45:00Z,2026-04-07T00:00:00Z,2026-04-07,2026-04-07_8,0.0,100,100,0,50.85117716273296,64.93401144844725,0.03911898412698413,0.0,15.307428571428572,True,True,True,False,0.0,0.0,108.17095425913935,165.47948431153233,0.0,1049.5114975877912,1323.1619361584628
2026-04-07T00:00:00Z,2026-04-07T00:15:00Z,2026-04-07,2026-04-07_9,8.0,92,100,0,64.93401144844725,77.07352067577644,0.038389734051069706,0.0,15.335428571428572,True,True,True,False,227.08,0.0,99.51727791840818,165.47948431153233,0.0,231.52552018770658,723.6022824176471
2026-04-07T00:15:00Z,2026-04-07T00:30:00Z,2026-04-07,2026-04-07_10,8.000000000000016,92,100,0,77.07352067577644,94.52356183850935,0.05039255740510696,0.0,21.025142857142857,True,True,True,False,225.74000000000046,0.0,99.51727791840818,165.47948431153233,0.0,1942.2254716912373,2432.9622339211783
2026-04-07T00:30:00Z,2026-04-07T00:45:00Z,2026-04-07,2026-04-07_11,8.000000000000005,92,100,0,94.52356183850935,112.39708018881991,0.05134969728088337,0.0,21.478857142857144,True,True,True,False,223.06000000000014,0.0,99.51727791840818,165.47948431153233,0.0,1777.7999606421718,2265.856722872112
2026-04-07T00:45:00Z,2026-04-07T01:00:00Z,2026-04-07,2026-04-07_12,8.0,92,100,0,112.39708018881991,127.11638684223607,0.04422057231193927,0.0,18.09942857142857,True,True,True,False,217.46,0.0,99.51727791840818,165.47948431153233,0.0,217.56180137752398,700.0185636074646
2026-04-07T01:00:00Z,2026-04-07T01:15:00Z,2026-04-07,2026-04-07_13,0.0,100,100,0,127.11638684223607,145.20989541366464,0.05025974603174603,0.0,19.666857142857143,True,True,True,False,0.0,0.0,108.17095425913935,165.47948431153233,0.0,567.1978561757311,840.8482947464028
2026-04-07T01:15:00Z,2026-04-07T01:30:00Z,2026-04-07,2026-04-07_14,0.0,100,100,0,145.20989541366464,156.79821541366465,0.032189777777777775,0.0,12.595999999999998,True,True,True,False,0.0,0.0,108.17095425913935,165.47948431153233,0.0,3.0649006102705987,276.7153391809423
2026-04-07T01:30:00Z,2026-04-07T01:45:00Z,2026-04-07,2026-04-07_15,0.0,100,100,0,156.79821541366465,161.6726382708075,0.013540063492063492,0.0,5.298285714285714,True,True,True,False,0.0,0.0,108.17095425913935,165.47948431153233,0.0,-43.15897187485107,230.4914666958206
2026-04-07T01:45:00Z,2026-04-07T02:00:00Z,2026-04-07,2026-04-07_16,0.0,100,100,0,161.6726382708075,161.54694485465845,0.0005652753623188406,0.15142857142857144,0.04228571428571429,True,True,True,False,0.0,0.0,108.17095425913935,165.47948431153233,24.82794461871403,-2.776688055571908,295.7016951338138
2026-04-07T02:00:00Z,2026-04-07T02:15:00Z,2026-04-07,2026-04-07_17,0.0,100,100,0,161.54694485465845,162.82796845714293,0.0035825534851621813,0.004,1.397142857142857,True,True,True,False,0.0,0.0,108.17095425913935,165.47948431153233,0.6223245226742018,-69.65179759311742,204.62096550022846
2026-04-07T02:15:00Z,2026-04-07T02:30:00Z,2026-04-07,2026-04-07_18,0.0,100,100,0,162.82796845714293,163.00964398509325,0.0008359171842650104,0.054857142857142854,0.2622857142857143,True,True,True,False,0.0,0.0,108.17095425913935,165.47948431153233,8.69236138559739,-15.276196082718718,267.0666038735504
2026-04-07T02:30:00Z,2026-04-07T02:45:00Z,2026-04-07,2026-04-07_19,0.0,100,100,0,163.00964398509325,162.68848323975163,0.0009884941338854382,0.31142857142857144,0.018857142857142857,True,True,True,False,0.0,0.0,108.17095425913935,165.47948431153233,52.94493492222344,-1.4801234557518774,325.11525003714326
2026-04-07T02:45:00Z,2026-04-07T03:00:00Z,2026-04-07,2026-04-07_20,0.0,100,100,0,162.68848323975163,148.88351429565225,0.038347135955831606,12.700571428571427,0.0,True,True,True,False,0.0,0.0,108.17095425913935,165.47948431153233,9028.782670893988,0.0,9302.43310946466
2026-04-07T03:00:00Z,2026-04-07T03:15:00Z,2026-04-07,2026-04-07_21,14.89825082507037,0,17,83,148.88351429565225,145.56483229813665,0.009651014345555653,0.0,0.6843714285714286,True,True,True,False,444.1541027224104,769.5590745864484,0.0,21.991817272031554,0.0,-11.24248710078015,1224.4625074801102
2026-04-07T03:15:00Z,2026-04-07T03:30:00Z,2026-04-07,2026-04-07_22,17.0,0,17,83,145.56483229813665,141.742049689441,0.010618840579710145,0.0,0.73304,True,True,True,False,518.3725,769.5590745864484,0.0,21.991817272031554,0.0,-15.439567794980475,1294.4838240634995
2026-04-07T03:30:00Z,2026-04-07T03:45:00Z,2026-04-07,2026-04-07_23,17.0,0,17,83,141.742049689441,138.01260869565218,0.010359558316080056,0.0,0.8189142857142856,True,True,True,False,547.9525,769.5590745864484,0.0,21.991817272031554,0.0,-32.498817751389716,1307.0045741070903
2026-04-07T03:45:00Z,2026-04-07T04:00:00Z,2026-04-07,2026-04-07_24,17.0,0,17,83,138.01260869565218,133.58416149068324,0.012301242236024842,0.0,0.17582857142857145,True,True,True,False,611.0225,769.5590745864484,0.0,21.991817272031554,0.0,-9.350611801181296,1393.2227800572987
2026-04-07T04:00:00Z,2026-04-07T04:15:00Z,2026-04-07,2026-04-07_25,100.0,0,100,0,133.58416149068324,122.29906832298138,0.03134748102139406,0.0,14.617714285714287,True,True,True,False,3234.5,0.0,0.0,129.36363101195033,0.0,4423.208876367643,7787.072507379593
2026-04-07T04:15:00Z,2026-04-07T04:30:00Z,2026-04-07,2026-04-07_26,100.0,0,100,0,122.29906832298138,108.5605590062112,0.038162525879917183,0.0,12.36057142857143,True,True,True,False,3605.7499999999995,0.0,0.0,129.36363101195033,0.0,127.63203805711372,3862.7456690690638
2026-04-07T04:30:00Z,2026-04-07T04:45:00Z,2026-04-07,2026-04-07_27,100.0,0,100,0,108.5605590062112,103.7357142857143,0.01340234644582471,0.0,20.561142857142855,True,True,True,False,3936.0,0.0,0.0,129.36363101195033,0.0,849.6071933999948,4914.970824411945
2026-04-07T04:45:00Z,2026-04-07T05:00:00Z,2026-04-07,2026-04-07_28,99.99999999999994,0,100,0,103.7357142857143,101.0326086956522,0.007508626639061443,0.0,22.51314285714286,True,True,True,False,4440.999999999997,0.0,0.0,129.36363101195033,0.0,2419.5233921738477,6989.887023185795
2026-04-07T05:00:00Z,2026-04-07T05:15:00Z,2026-04-07,2026-04-07_29,45.000000000000014,0,0,55,101.0326086956522,88.80434782608698,0.03396739130434783,0.0,0.0,True,False,True,False,2061.3375000000005,509.9487843645141,0.0,0.0,0.0,0.0,2571.286284364515
2026-04-07T05:15:00Z,2026-04-07T05:30:00Z,2026-04-07,2026-04-07_30,45.00000000000001,0,0,55,88.80434782608698,76.57608695652176,0.03396739130434783,0.0,0.0,True,False,True,False,2018.7000000000003,509.9487843645141,0.0,0.0,0.0,0.0,2528.6487843645145
2026-04-07T05:30:00Z,2026-04-07T05:45:00Z,2026-04-07,2026-04-07_31,45.00000000000001,0,0,55,76.57608695652176,64.34782608695654,0.03396739130434783,0.0,0.0,True,False,True,False,1696.6125000000002,509.9487843645141,0.0,0.0,0.0,0.0,2206.5612843645144
2026-04-07T05:45:00Z,2026-04-07T06:00:00Z,2026-04-07,2026-04-07_32,0.0,0,0,55,64.34782608695654,64.34782608695654,0.0,0.0,0.0,True,False,True,False,0.0,509.9487843645141,0.0,0.0,0.0,0.0,509.9487843645141
2026-04-07T06:00:00Z,2026-04-07T06:15:00Z,2026-04-07,2026-04-07_33,100.0,0,0,0,64.34782608695654,37.17391304347829,0.0754830917874396,0.0,0.0,True,False,True,False,4629.25,0.0,0.0,0.0,0.0,0.0,4629.25
2026-04-07T06:15:00Z,2026-04-07T06:30:00Z,2026-04-07,2026-04-07_34,100.0,0,0,0,37.17391304347829,10.000000000000028,0.0754830917874396,0.0,0.0,True,False,True,False,3341.7499999999995,0.0,0.0,0.0,0.0,0.0,3341.7499999999995
2026-04-07T06:30:00Z,2026-04-07T06:45:00Z,2026-04-07,2026-04-07_35,0.0,0,0,0,10.000000000000028,10.000000000000028,0.0,0.0,0.0,True,False,True,False,0.0,0.0,0.0,0.0,0.0,0.0,0.0
2026-04-07T06:45:00Z,2026-04-07T07:00:00Z,2026-04-07,2026-04-07_36,0.0,0,0,0,10.000000000000028,10.000000000000028,0.0,0.0,0.0,True,False,True,False,0.0,0.0,0.0,0.0,0.0,0.0,0.0
2026-04-07T07:00:00Z,2026-04-07T07:15:00Z,2026-04-07,2026-04-07_37,0.0,0,0,0,10.000000000000028,10.000000000000028,0.0,0.0,0.0,True,False,True,False,0.0,0.0,0.0,0.0,0.0,0.0,0.0
2026-04-07T07:15:00Z,2026-04-07T07:30:00Z,2026-04-07,2026-04-07_38,0.0,0,0,0,10.000000000000028,10.000000000000028,0.0,0.0,0.0,True,False,True,False,0.0,0.0,0.0,0.0,0.0,0.0,0.0
2026-04-07T07:30:00Z,2026-04-07T07:45:00Z,2026-04-07,2026-04-07_39,-25.23629489603023,0,0,0,10.000000000000028,15.804347826086982,0.016123188405797094,0.0,0.0,True,False,True,False,-0.0,0.0,0.0,0.0,0.0,0.0,0.0
2026-04-07T07:45:00Z,2026-04-07T08:00:00Z,2026-04-07,2026-04-07_40,-100.0,0,0,0,15.804347826086982,38.80434782608698,0.06388888888888888,0.0,0.0,True,False,True,False,-0.0,0.0,0.0,0.0,0.0,0.0,0.0
2026-04-07T08:00:00Z,2026-04-07T08:15:00Z,2026-04-07,2026-04-07_41,0.0,47,47,53,38.80434782608698,47.593433768944124,0.024414127619047616,0.0,9.553354285714285,True,True,True,False,0.0,491.40519220580444,51.25537175487137,52.680284923765235,0.0,348.6212273015499,943.9620761859909
2026-04-07T08:15:00Z,2026-04-07T08:30:00Z,2026-04-07,2026-04-07_42,0.0,47,47,53,47.593433768944124,53.7253599403727,0.017033128253968254,0.0,6.665137142857143,True,True,True,False,0.0,491.40519220580444,51.25537175487137,52.680284923765235,0.0,169.7483996580018,765.0892485424429
2026-04-07T08:30:00Z,2026-04-07T08:45:00Z,2026-04-07,2026-04-07_43,0.0,47,47,53,53.7253599403727,53.87939803229816,0.0006922383160800551,0.043777142857142855,0.2191542857142857,True,True,True,False,0.0,491.40519220580444,51.25537175487137,52.680284923765235,3.610040109103039,-10.271537447964409,588.6793515455797
2026-04-07T08:45:00Z,2026-04-07T09:00:00Z,2026-04-07,2026-04-07_44,0.0,47,47,53,53.87939803229816,57.71861586086959,0.010664493968253967,0.0,4.173062857142857,True,True,True,False,0.0,491.40519220580444,51.25537175487137,52.680284923765235,0.0,-12.328145309998963,583.0127035744421
2026-04-07T09:00:00Z,2026-04-07T09:15:00Z,2026-04-07,2026-04-07_45,-41.25605431271943,0,0,53,57.71861586086959,67.20750835279506,0.02635803469979297,0.0,0.0,True,False,True,False,-0.0,491.40519220580444,0.0,0.0,0.0,0.0,491.40519220580444
2026-04-07T09:15:00Z,2026-04-07T09:30:00Z,2026-04-07,2026-04-07_46,0.0,0,0,53,67.20750835279506,67.20750835279506,0.0,0.0,0.0,True,False,True,False,0.0,491.40519220580444,0.0,0.0,0.0,0.0,491.40519220580444
2026-04-07T09:30:00Z,2026-04-07T09:45:00Z,2026-04-07,2026-04-07_47,0.0,0,0,53,67.20750835279506,67.20750835279506,0.0,0.0,0.0,True,False,True,False,0.0,491.40519220580444,0.0,0.0,0.0,0.0,491.40519220580444
2026-04-07T09:45:00Z,2026-04-07T10:00:00Z,2026-04-07,2026-04-07_48,-47.0,0,0,53,67.20750835279506,78.01750835279506,0.030027777777777778,0.0,0.0,True,False,True,False,11.75,491.40519220580444,0.0,0.0,0.0,0.0,503.15519220580444
2026-04-07T10:00:00Z,2026-04-07T10:15:00Z,2026-04-07,2026-04-07_49,-47.0,0,0,53,78.01750835279506,88.82750835279506,0.030027777777777778,0.0,0.0,True,False,True,False,2.35,491.40519220580444,0.0,0.0,0.0,0.0,493.75519220580446
2026-04-07T10:15:00Z,2026-04-07T10:30:00Z,2026-04-07,2026-04-07_50,-47.000000000000014,0,0,53,88.82750835279506,99.63750835279507,0.03002777777777779,0.0,0.0,True,False,True,False,23.382500000000007,491.40519220580444,0.0,0.0,0.0,0.0,514.7876922058044
2026-04-07T10:30:00Z,2026-04-07T10:45:00Z,2026-04-07,2026-04-07_51,-47.0,0,0,53,99.63750835279507,110.44750835279507,0.030027777777777778,0.0,0.0,True,False,True,False,55.695,491.40519220580444,0.0,0.0,0.0,0.0,547.1001922058044
2026-04-07T10:45:00Z,2026-04-07T11:00:00Z,2026-04-07,2026-04-07_52,-47.000000000000014,0,0,53,110.44750835279507,121.25750835279507,0.03002777777777779,0.0,0.0,True,False,True,False,60.042500000000025,491.40519220580444,0.0,0.0,0.0,0.0,551.4476922058045
2026-04-07T11:00:00Z,2026-04-07T11:15:00Z,2026-04-07,2026-04-07_53,0.0,47,47,53,121.25750835279507,121.93010556024849,0.004155075058661145,0.37868571428571424,1.1784914285714285,True,True,True,False,0.0,491.40519220580444,52.50044151409902,49.5399423088244,32.016074779873684,39.24743456592857,664.7090853745301
2026-04-07T11:15:00Z,2026-04-07T11:30:00Z,2026-04-07,2026-04-07_54,0.0,47,47,53,121.93010556024849,123.1705379677019,0.005918902995169083,0.4095714285714286,1.8321942857142859,True,True,True,False,0.0,491.40519220580444,52.50044151409902,49.5399423088244,35.77635884023357,75.39101441270216,704.6129492816636
2026-04-07T11:30:00Z,2026-04-07T11:45:00Z,2026-04-07,2026-04-07_55,0.0,47,47,53,123.1705379677019,125.07934283726712,0.0053087229813664595,0.0010742857142857143,2.076057142857143,True,True,True,False,0.0,491.40519220580444,52.50044151409902,49.5399423088244,0.021080546187981285,59.172170875767755,652.6388274506836
2026-04-07T11:45:00Z,2026-04-07T12:00:00Z,2026-04-07,2026-04-07_56,0.0,47,47,53,125.07934283726712,125.55445970683233,0.0016246690131124916,0.05049142857142857,0.5760857142857143,True,True,True,False,0.0,491.40519220580444,52.50044151409902,49.5399423088244,2.619260815133141,-29.277150560512666,566.7876862833483
2026-04-07T12:00:00Z,2026-04-07T12:15:00Z,2026-04-07,2026-04-07_57,-47.0,47,0,53,125.55445970683233,136.35976507826092,0.030014737142857142,0.0051028571428571425,0.0,True,True,True,False,46.06,491.40519220580444,51.822570200741744,0.0,0.45059667476809995,0.0,589.7383590813142
2026-04-07T12:15:00Z,2026-04-07T12:30:00Z,2026-04-07,2026-04-07_58,-47.0,47,0,53,136.35976507826092,146.81025536397522,0.02902913968253968,0.3907714285714286,0.0,True,True,True,False,46.06,491.40519220580444,51.822570200741744,0.0,37.714223885492274,0.0,627.0019862920385
2026-04-07T12:30:00Z,2026-04-07T12:45:00Z,2026-04-07,2026-04-07_59,-47.0,47,0,53,146.81025536397522,155.07700210683237,0.0229631853968254,2.764405714285714,0.0,True,True,True,False,46.06,491.40519220580444,51.822570200741744,0.0,395.7676865569469,0.0,985.0554489634931
2026-04-07T12:45:00Z,2026-04-07T13:00:00Z,2026-04-07,2026-04-07_60,-47.0,47,0,53,155.07700210683237,164.99255182111807,0.027543193650793652,0.9722285714285714,0.0,True,True,True,False,46.06,491.40519220580444,51.822570200741744,0.0,85.68969770160375,0.0,674.9774601081499
2026-04-07T13:00:00Z,2026-04-07T13:15:00Z,2026-04-07,2026-04-07_61,-35.0,100,65,0,164.99255182111807,169.5717525664597,0.02599812491373361,3.382857142857143,0.009285714285714286,True,True,True,False,17.15,0.0,109.08341673044094,72.83658091481722,507.52482430542125,-0.72884867139297,705.8659732792864
2026-04-07T13:15:00Z,2026-04-07T13:30:00Z,2026-04-07,2026-04-07_62,-35.0,100,65,0,169.5717525664597,165.97536011925473,0.03445584568668046,11.32342857142857,0.0,True,True,True,False,17.15,0.0,109.08341673044094,72.83658091481722,2516.269317433219,0.0,2715.3393150784773
2026-04-07T13:30:00Z,2026-04-07T13:45:00Z,2026-04-07,2026-04-07_63,-35.0,100,65,0,165.97536011925473,162.24731688944107,0.03459256452726018,11.45142857142857,0.0,True,True,True,False,2.1,0.0,109.08341673044094,72.83658091481722,7729.070492561539,0.0,7913.090490206797
2026-04-07T13:45:00Z,2026-04-07T14:00:00Z,2026-04-07,2026-04-07_64,-35.0,100,65,0,162.24731688944107,151.66814342360254,0.041707437405106976,18.112571428571428,0.0,True,True,True,False,0.08750000000000001,0.0,109.08341673044094,72.83658091481722,8705.965743551791,0.0,8887.973241197049
2026-04-07T14:00:00Z,2026-04-07T14:15:00Z,2026-04-07,2026-04-07_65,0.0,50,50,50,151.66814342360254,151.6997553490684,0.004601268461007592,0.7474285714285714,0.9174285714285715,True,True,True,False,0.0,463.58980396774007,59.94289750986048,56.02813916524401,83.77122404527833,-34.05238644677863,629.2796782413443
2026-04-07T14:15:00Z,2026-04-07T14:30:00Z,2026-04-07,2026-04-07_66,0.0,50,50,50,151.6997553490684,159.12389249192555,0.020622603174603175,0.0,8.069714285714285,True,True,True,False,0.0,463.58980396774007,59.94289750986048,56.02813916524401,0.0,277.8612870906884,857.422127733533
2026-04-07T14:30:00Z,2026-04-07T14:45:00Z,2026-04-07,2026-04-07_67,0.0,50,50,50,159.12389249192555,166.12719534906842,0.01945361904761905,0.0,7.612285714285714,True,True,True,False,0.0,463.58980396774007,59.94289750986048,56.02813916524401,0.0,305.538545442313,885.0993860851576
2026-04-07T14:45:00Z,2026-04-07T15:00:00Z,2026-04-07,2026-04-07_68,0.0,50,50,50,166.12719534906842,165.90380851677028,0.0047400745341614915,0.8877142857142858,0.8060000000000002,True,True,True,False,0.0,463.58980396774007,59.94289750986048,56.02813916524401,82.29834859710648,-18.659261395969473,643.1999278439815
2026-04-07T15:00:00Z,2026-04-07T15:15:00Z,2026-04-07,2026-04-07_69,0.0,56,100,0,165.90380851677028,182.3140992000001,0.045671097308488624,0.0144,17.854285714285716,True,True,True,False,0.0,0.0,59.96585624300937,129.36363101195033,1.9751574733619828,489.718451925422,681.0230966537437
2026-04-07T15:15:00Z,2026-04-07T15:30:00Z,2026-04-07,2026-04-07_70,44.00000000000032,56,100,0,182.3140992000001,185.17831055900623,0.03474330622498273,0.0,14.918285714285714,True,True,True,False,821.700000000006,0.0,59.96585624300937,129.36363101195033,0.0,834.3654548155873,1845.394942070553
2026-04-07T15:30:00Z,2026-04-07T15:45:00Z,2026-04-07,2026-04-07_71,0.0,56,100,0,185.17831055900623,187.7090991304348,0.007029968253968254,0.0,2.750857142857143,True,True,True,False,0.0,0.0,59.96585624300937,129.36363101195033,0.0,-44.732939194397964,144.59654806056173
2026-04-07T15:45:00Z,2026-04-07T16:00:00Z,2026-04-07,2026-04-07_72,43.84425772211129,56,100,0,187.7090991304348,177.3134628571429,0.03332144985905626,0.017920000000000002,1.5485714285714285,True,True,True,False,1560.8555749071618,0.0,59.96585624300937,129.36363101195033,2.4579737446282452,-37.77334039755892,1714.8696955091907
2026-04-07T16:00:00Z,2026-04-07T16:15:00Z,2026-04-07,2026-04-07_73,-8.495619666696849e-14,0,100,0,177.3134628571429,190.00000000000006,0.03524038095238101,0.0,13.789714285714286,True,True,True,False,-2.6138897809509528e-12,0.0,0.0,129.36363101195033,0.0,3368.748105526075,3498.111736538023
2026-04-07T16:15:00Z,2026-04-07T16:30:00Z,2026-04-07,2026-04-07_74,100.0,0,100,0,190.00000000000006,175.22484472049695,0.04104209799861974,0.0,11.406857142857142,True,True,True,False,4004.9999999999995,0.0,0.0,129.36363101195033,0.0,2100.0225227695128,6234.386153781463
2026-04-07T16:30:00Z,2026-04-07T16:45:00Z,2026-04-07,2026-04-07_75,56.95616580437838,0,100,0,175.22484472049695,160.24183055900627,0.04269057835321684,0.0,0.4868571428571429,True,True,True,False,2275.9683855429603,0.0,0.0,129.36363101195033,0.0,-26.103189497851297,2379.2288270570593
2026-04-07T16:45:00Z,2026-04-07T17:00:00Z,2026-04-07,2026-04-07_76,100.0,0,100,0,160.24183055900627,133.08841440993797,0.07542615596963423,0.0,0.018857142857142857,True,True,True,False,4898.75,0.0,0.0,129.36363101195033,0.0,-1.3805518505748093,5026.733079161376
2026-04-07T17:00:00Z,2026-04-07T17:15:00Z,2026-04-07,2026-04-07_77,0.0,100,100,0,133.08841440993797,128.2809609937889,0.013354037267080744,4.422857142857143,0.0,True,True,True,False,0.0,0.0,107.081886148231,129.36363101195033,1099.8360628716077,0.0,1336.281580031789
2026-04-07T17:15:00Z,2026-04-07T17:30:00Z,2026-04-07,2026-04-07_78,0.0,100,100,0,128.2809609937889,111.99027776397524,0.045251897860593505,14.987428571428572,0.0,True,True,True,False,0.0,0.0,107.081886148231,129.36363101195033,8114.021664746431,0.0,8350.467181906613
2026-04-07T17:30:00Z,2026-04-07T17:45:00Z,2026-04-07,2026-04-07_79,0.0,100,100,0,111.99027776397524,102.7393460869566,0.025697032436162875,8.510857142857144,0.0,True,True,True,False,0.0,0.0,107.081886148231,129.36363101195033,1969.6235402422587,0.0,2206.06905740244
2026-04-07T17:45:00Z,2026-04-07T18:00:00Z,2026-04-07,2026-04-07_80,0.0,100,100,0,102.7393460869566,91.18655105590071,0.03209109730848861,10.628571428571428,0.0,True,True,True,False,0.0,0.0,107.081886148231,129.36363101195033,2876.133850255237,0.0,3112.5793674154183
2026-04-07T18:00:00Z,2026-04-07T18:15:00Z,2026-04-07,2026-04-07_81,0.0,100,100,0,91.18655105590071,78.82506037267089,0.03433747412008282,11.37257142857143,0.0,True,True,True,False,0.0,0.0,107.081886148231,129.36363101195033,3074.9481812142058,0.0,3311.393698374387
2026-04-07T18:15:00Z,2026-04-07T18:30:00Z,2026-04-07,2026-04-07_82,0.0,100,100,0,78.82506037267089,65.81574360248456,0.03613699102829537,11.968571428571428,0.0,True,True,True,False,0.0,0.0,107.081886148231,129.36363101195033,3370.3103521740713,0.0,3606.7558693342526
2026-04-07T18:30:00Z,2026-04-07T18:45:00Z,2026-04-07,2026-04-07_83,0.0,100,100,0,65.81574360248456,49.475370931677105,0.04538992408557625,15.033142857142856,0.0,True,True,True,False,0.0,0.0,107.081886148231,129.36363101195033,5431.433421748284,0.0,5667.878938908465
2026-04-07T18:45:00Z,2026-04-07T19:00:00Z,2026-04-07,2026-04-07_84,0.0,100,100,0,49.475370931677105,35.61574360248456,0.03849896480331262,12.750857142857141,0.0,True,True,True,False,0.0,0.0,107.081886148231,129.36363101195033,3948.226938583286,0.0,4184.672455743467
2026-04-07T19:00:00Z,2026-04-07T19:15:00Z,2026-04-07,2026-04-07_85,0.0,100,100,0,35.61574360248456,24.517606956521824,0.030828157349896478,10.210285714285714,0.0,True,True,True,False,0.0,0.0,107.081886148231,129.3930652852181,2937.7517072719475,0.0,3174.2266587053964
2026-04-07T19:15:00Z,2026-04-07T19:30:00Z,2026-04-07,2026-04-07_86,0.0,100,100,0,24.517606956521824,14.345853416149154,0.028435950310559004,9.388,0.03542857142857143,True,True,True,False,0.0,0.0,107.081886148231,129.3930652852181,4427.2688683503075,-2.7808380077762545,4660.962981775981
2026-04-07T19:30:00Z,2026-04-07T19:45:00Z,2026-04-07,2026-04-07_87,0.0,100,100,0,14.345853416149154,10.825356521739216,0.009779158040027604,3.2388571428571424,0.0,True,True,True,False,0.0,0.0,107.081886148231,129.3930652852181,656.4385063087458,0.0,892.9134577421949
2026-04-07T19:45:00Z,2026-04-07T20:00:00Z,2026-04-07,2026-04-07_88,0.0,100,100,0,10.825356521739216,10.481601987577726,0.0011534768806073154,0.34914285714285714,0.03885714285714286,True,True,True,False,0.0,0.0,107.081886148231,129.3930652852181,60.7119835616592,-3.0499513633675055,294.1369836317408
2026-04-07T20:00:00Z,2026-04-07T20:15:00Z,2026-04-07,2026-04-07_89,0.0,99,100,0,10.481601987577726,10.511481739130522,0.00065008005521049,0.09390857142857144,0.14342857142857143,True,True,True,False,0.0,0.0,106.04020721728381,129.3930652852181,16.01419306528522,-10.175629655170482,241.27183591261667
2026-04-07T20:15:00Z,2026-04-07T20:30:00Z,2026-04-07,2026-04-07_90,0.0,99,100,0,10.511481739130522,10.057394037267168,0.0013110055210489992,0.42598285714285716,0.009714285714285715,True,True,True,False,0.0,0.0,106.04020721728381,129.3930652852181,73.32896872061829,-0.7624878408418764,307.99975338227836
2026-04-07T20:30:00Z,2026-04-07T20:45:00Z,2026-04-07,2026-04-07_91,7.743320273340924e-15,99,100,0,10.057394037267168,10.000000000000083,0.0006092056590752301,0.12728571428571428,0.08800000000000001,True,True,True,False,2.578525651022528e-13,0.0,106.04020721728381,129.3930652852181,20.877070112438926,-5.770241557269285,250.54010105767182
2026-04-07T20:45:00Z,2026-04-07T21:00:00Z,2026-04-07,2026-04-07_92,0.7111966962906028,99,100,0,10.000000000000083,10.000000000000082,0.0015050291365541375,0.07354285714285715,0.2965714285714286,True,True,True,False,21.92797213838001,0.0,106.04020721728381,129.3930652852181,11.736782514359723,-17.374636066235528,251.72339108900613
2026-04-07T21:00:00Z,2026-04-07T21:15:00Z,2026-04-08,2026-04-07_93,-67.83195076608631,100,32,0,10.000000000000082,25.41769851464001,0.04324097352632034,0.21314285714285713,0.025965714285714283,True,True,True,False,-2219.8005888201747,0.0,110.2270274512882,37.646135431587616,35.88539775355229,-1.7254872616267818,-2037.7675154453734
2026-04-07T21:15:00Z,2026-04-07T21:30:00Z,2026-04-08,2026-04-07_94,-7.538398928333052,100,32,0,25.41769851464001,27.134296576397517,0.005055475778741515,0.05142857142857143,0.041325714285714285,True,True,True,False,-227.00003772942904,0.0,110.2270274512882,37.646135431587616,8.2235560252396,-2.828447260057016,-73.73176608137065
2026-04-07T21:30:00Z,2026-04-07T21:45:00Z,2026-04-08,2026-04-07_95,-68.0,100,32,0,27.134296576397517,39.551150519254655,0.04089126095238095,3.3120000000000003,0.0009142857142857143,True,True,True,False,-1989.34,0.0,110.2270274512882,37.646135431587616,584.6583662657222,-0.07176074519048833,-1256.8802315965925
2026-04-07T21:45:00Z,2026-04-07T22:00:00Z,2026-04-08,2026-04-07_96,-68.0,100,32,0,39.551150519254655,55.12130783602484,0.04344919475500345,0.10285714285714286,0.032914285714285715,True,True,True,False,-1960.9499999999998,0.0,110.2270274512882,37.646135431587616,17.123010811765397,-2.284863562080053,-1798.2386898674386
2026-04-07T22:00:00Z,2026-04-07T22:15:00Z,2026-04-08,2026-04-08_1,0.0,17,17,83,55.12130783602484,55.10869565217391,6.879638371290545e-05,0.017194285714285714,0.006605714285714286,True,True,True,False,0.0,769.5288738888997,18.738594666718992,19.99950944803092,2.8444071323453146,-0.4738672908356483,810.6375178451593
2026-04-07T22:15:00Z,2026-04-07T22:30:00Z,2026-04-08,2026-04-08_2,0.0,17,17,83,55.10869565217391,55.129171677018626,9.207453416149067e-05,0.005828571428571429,0.02914285714285714,True,True,True,False,0.0,769.5288738888997,18.738594666718992,19.99950944803092,0.9187236678710884,-1.9156755180929579,807.2700261534278
2026-04-07T22:30:00Z,2026-04-07T22:45:00Z,2026-04-08,2026-04-08_3,0.0,17,17,83,55.129171677018626,55.410570881987574,0.0008021958592132505,0.0034000000000000002,0.30988571428571426,True,True,True,False,0.0,769.5288738888997,18.738594666718992,19.99950944803092,0.533720542354257,-16.153179735438314,792.6475188105655
2026-04-07T22:45:00Z,2026-04-07T23:00:00Z,2026-04-08,2026-04-08_4,0.0,17,17,83,55.410570881987574,56.97215785341614,0.004337741587301587,0.0,1.6973771428571427,True,True,True,False,0.0,769.5288738888997,18.738594666718992,19.99950944803092,0.0,19.811115360443566,828.0780933640932
2026-04-07T23:00:00Z,2026-04-07T23:15:00Z,2026-04-08,2026-04-08_5,0.12385184914306592,0,0,83,56.97215785341614,56.938502459627266,9.348720496910169e-05,0.0,0.0,True,False,True,False,3.310559927594152,769.5288738888997,0.0,0.0,0.0,0.0,772.8394338164939
2026-04-07T23:15:00Z,2026-04-07T23:30:00Z,2026-04-08,2026-04-08_6,0.0,0,0,83,56.938502459627266,56.938502459627266,0.0,0.0,0.0,True,False,True,False,0.0,769.5288738888997,0.0,0.0,0.0,0.0,769.5288738888997
2026-04-07T23:30:00Z,2026-04-07T23:45:00Z,2026-04-08,2026-04-08_7,0.0,0,0,83,56.938502459627266,56.938502459627266,0.0,0.0,0.0,True,False,True,False,0.0,769.5288738888997,0.0,0.0,0.0,0.0,769.5288738888997
2026-04-07T23:45:00Z,2026-04-08T00:00:00Z,2026-04-08,2026-04-08_8,0.0,0,0,83,56.938502459627266,56.938502459627266,0.0,0.0,0.0,True,False,True,False,0.0,769.5288738888997,0.0,0.0,0.0,0.0,769.5288738888997
2026-04-08T00:00:00Z,2026-04-08T00:15:00Z,2026-04-08,2026-04-08_9,0.0,100,100,0,56.938502459627266,74.18140531677012,0.04789695238095239,0.0,18.742285714285714,True,True,True,False,0.0,0.0,110.46249239644449,171.77167749151346,0.0,472.8949028006312,755.1290726885892
2026-04-08T00:15:00Z,2026-04-08T00:30:00Z,2026-04-08,2026-04-08_10,0.0,100,100,0,74.18140531677012,86.78908531677013,0.035021333333333335,0.0,13.703999999999999,True,True,True,False,0.0,0.0,110.46249239644449,171.77167749151346,0.0,46.9554869218845,329.18965680984246
2026-04-08T00:30:00Z,2026-04-08T00:45:00Z,2026-04-08,2026-04-08_11,0.0,100,100,0,86.78908531677013,99.36627388819869,0.034936634920634924,0.0,13.670857142857143,True,True,True,False,0.0,0.0,110.46249239644449,171.77167749151346,0.0,-0.0,282.23416988795793
2026-04-08T00:45:00Z,2026-04-08T01:00:00Z,2026-04-08,2026-04-08_12,0.0,100,100,0,99.36627388819869,119.14364531677012,0.05493714285714286,0.0,21.497142857142855,True,True,True,False,0.0,0.0,110.46249239644449,171.77167749151346,0.0,1100.6429157287778,1382.8770856167357
2026-04-08T01:00:00Z,2026-04-08T01:15:00Z,2026-04-08,2026-04-08_13,0.0,100,100,0,119.14364531677012,139.28638817391297,0.0559520634920635,0.0,21.894285714285715,True,True,True,False,0.0,0.0,110.46249239644449,171.77167749151346,0.0,3373.1454506210393,3655.3796205089975
2026-04-08T01:15:00Z,2026-04-08T01:30:00Z,2026-04-08,2026-04-08_14,0.0,100,100,0,139.28638817391297,141.8481938881987,0.007116126984126985,0.0,2.7845714285714287,True,True,True,False,0.0,0.0,110.46249239644449,171.77167749151346,0.0,-132.25771761586137,149.9764522720966
2026-04-08T01:30:00Z,2026-04-08T01:45:00Z,2026-04-08,2026-04-08_15,0.0,100,100,0,141.8481938881987,143.08677674534155,0.0034405079365079365,0.0,1.3462857142857143,True,True,True,False,0.0,0.0,110.46249239644449,171.77167749151346,0.0,-70.22146823605921,212.01270165189874
2026-04-08T01:45:00Z,2026-04-08T02:00:00Z,2026-04-08,2026-04-08_16,0.0,100,100,0,143.08677674534155,149.56410245962726,0.017992571428571427,0.0,7.040571428571428,True,True,True,False,0.0,0.0,110.46249239644449,171.77167749151346,0.0,-61.832085126183976,220.40208476177398
2026-04-08T02:00:00Z,2026-04-08T02:15:00Z,2026-04-08,2026-04-08_17,8.0,92,100,0,149.56410245962726,157.55470861118008,0.029012415293305734,0.0,10.890285714285715,True,True,True,False,212.1,0.0,101.62549300472891,171.77167749151346,0.0,-5.20762637319512,480.2895441230472
2026-04-08T02:15:00Z,2026-04-08T02:30:00Z,2026-04-08,2026-04-08_18,8.0,92,100,0,157.55470861118008,168.5080550360248,0.035708778026224984,0.0,14.06457142857143,True,True,True,False,217.2,0.0,101.62549300472891,171.77167749151346,0.0,-0.0,490.59717049624237
2026-04-08T02:30:00Z,2026-04-08T02:45:00Z,2026-04-08,2026-04-08_19,8.0,92,100,0,168.5080550360248,169.7078259080745,0.013683973609385783,0.00368,3.618857142857143,True,True,True,False,226.84,0.0,101.62549300472891,171.77167749151346,0.5776739987834311,-48.56268687927656,452.25215761574924
2026-04-08T02:45:00Z,2026-04-08T03:00:00Z,2026-04-08,2026-04-08_20,8.0,92,100,0,169.7078259080745,172.0593586285714,0.01626702498274672,0.0,4.848571428571429,True,True,True,False,234.64,0.0,101.62549300472891,171.77167749151346,0.0,-42.66986413112034,465.36730636512203
2026-04-08T03:00:00Z,2026-04-08T03:15:00Z,2026-04-08,2026-04-08_21,0.0,61,61,39,172.0593586285714,168.82018012422358,0.009001281242236025,2.980634285714286,0.0006971428571428572,True,True,True,False,0.0,361.58585640562757,67.2384867452858,71.7629456664639,577.242234877404,-0.054717568207747355,1077.7748061265736
2026-04-08T03:15:00Z,2026-04-08T03:30:00Z,2026-04-08,2026-04-08_22,0.0,61,61,39,168.82018012422358,166.8204409937888,0.0055548309178743965,1.83976,0.0,True,True,True,False,0.0,361.58585640562757,67.2384867452858,71.7629456664639,346.98444700665186,0.0,847.5717358240291
2026-04-08T03:30:00Z,2026-04-08T03:45:00Z,2026-04-08,2026-04-08_23,0.0,61,61,39,166.8204409937888,165.92339696894408,0.0025452365769496207,0.8341314285714285,0.010457142857142858,True,True,True,False,0.0,361.58585640562757,67.2384867452858,71.7629456664639,153.59063002234114,-0.8207635231162103,653.3571553166022
2026-04-08T03:45:00Z,2026-04-08T04:00:00Z,2026-04-08,2026-04-08_24,0.0,61,61,39,165.92339696894408,169.66915220869564,0.010411190365769495,0.0010457142857142857,4.072708571428571,True,True,True,False,0.0,361.58585640562757,67.2384867452858,71.7629456664639,0.16415270462324205,630.6852502852208,1131.4366918072215
2026-04-08T04:00:00Z,2026-04-08T04:15:00Z,2026-04-08,2026-04-08_25,100.0,0,100,0,169.66915220869564,157.0207050037267,0.03513457556935818,0.0,13.363428571428571,True,True,True,False,2887.5,0.0,0.0,117.64417322371132,0.0,11155.553545681601,14160.697718905312
2026-04-08T04:15:00Z,2026-04-08T04:30:00Z,2026-04-08,2026-04-08_26,100.0,0,100,0,157.0207050037267,129.86666773664595,0.0754278812974465,0.0,0.018285714285714287,True,True,True,False,3289.75,0.0,0.0,117.64417322371132,0.0,-1.4352149038097668,3405.9589583199017
2026-04-08T04:30:00Z,2026-04-08T04:45:00Z,2026-04-08,2026-04-08_27,100.0,0,100,0,129.86666773664595,102.6927546931677,0.07548309178743962,0.0,0.0,True,True,True,False,3806.7500000000005,0.0,0.0,117.64417322371132,0.0,0.0,3924.3941732237117
2026-04-08T04:45:00Z,2026-04-08T05:00:00Z,2026-04-08,2026-04-08_28,100.0,0,100,0,102.6927546931677,75.57784786086957,0.0753191856452726,0.0,0.05428571428571429,True,True,True,False,3938.5,0.0,0.0,117.64417322371132,0.0,-4.260794245685245,4051.883378978026
2026-04-08T05:00:00Z,2026-04-08T05:15:00Z,2026-04-08,2026-04-08_29,100.0,0,100,0,75.57784786086957,55.866667736645965,0.054753278122843335,0.0,6.8657142857142865,True,True,True,False,4261.25,0.0,0.0,117.64417322371132,0.0,519.4181016479744,4898.312274871686
2026-04-08T05:15:00Z,2026-04-08T05:30:00Z,2026-04-08,2026-04-08_30,100.0,0,100,0,55.866667736645965,34.103934817391306,0.06045203588681849,0.0,4.978285714285715,True,True,True,False,4230.25,0.0,0.0,117.64417322371132,0.0,259.1340186858253,4607.028191909537
2026-04-08T05:30:00Z,2026-04-08T05:45:00Z,2026-04-08,2026-04-08_31,99.40120231323064,0,100,0,34.103934817391306,9.999999999999982,0.06703730902575408,0.0,2.6771428571428566,True,True,True,False,3019.3115202643808,0.0,0.0,117.64417322371132,0.0,-79.48219296352254,3057.4735005245693
2026-04-08T05:45:00Z,2026-04-08T06:00:00Z,2026-04-08,2026-04-08_32,85.43200961007946,0,100,0,9.999999999999982,9.999999999999936,0.016266867806363515,0.0,21.846857142857143,True,True,True,False,2135.8002402519865,0.0,0.0,117.64417322371132,0.0,22735.76097572188,24989.20538919758
2026-04-08T06:00:00Z,2026-04-08T06:15:00Z,2026-04-08,2026-04-08_33,61.74615589631587,38,100,0,9.999999999999936,14.28100670807447,0.028355196225356538,0.0,20.58457142857143,True,True,True,False,857.3453746203459,0.0,42.27773090281184,112.99374055687458,0.0,14624.283183598183,15636.900029678216
2026-04-08T06:15:00Z,2026-04-08T06:30:00Z,2026-04-08,2026-04-08_34,0.0,38,100,0,14.28100670807447,16.036067577639688,0.007814989648033125,0.48683428571428566,2.4828571428571427,True,True,True,False,0.0,0.0,42.27773090281184,112.99374055687458,50.588237090774534,67.63730998119082,273.4970185316518
2026-04-08T06:30:00Z,2026-04-08T06:45:00Z,2026-04-08,2026-04-08_35,0.0,38,100,0,16.036067577639688,21.110907826086894,0.014385253278122845,0.04777142857142857,5.572571428571429,True,True,True,False,0.0,0.0,42.27773090281184,112.99374055687458,4.794278067281305,308.187923002963,468.2536725299307
2026-04-08T06:45:00Z,2026-04-08T07:00:00Z,2026-04-08,2026-04-08_36,0.0,38,100,0,21.110907826086894,38.8043478260869,0.04914844444444444,0.0,19.232,True,True,True,False,0.0,0.0,42.27773090281184,112.99374055687458,0.0,16728.054960657733,16883.32643211742
2026-04-08T07:00:00Z,2026-04-08T07:15:00Z,2026-04-08,2026-04-08_37,0.0,0,0,53,38.8043478260869,38.8043478260869,0.0,0.0,0.0,True,False,True,False,0.0,491.38590742303234,0.0,0.0,0.0,0.0,491.38590742303234
2026-04-08T07:15:00Z,2026-04-08T07:30:00Z,2026-04-08,2026-04-08_38,0.0,0,0,53,38.8043478260869,38.8043478260869,0.0,0.0,0.0,True,False,True,False,0.0,491.38590742303234,0.0,0.0,0.0,0.0,491.38590742303234
2026-04-08T07:30:00Z,2026-04-08T07:45:00Z,2026-04-08,2026-04-08_39,-12.765033756413718,0,0,53,38.8043478260869,41.74030559006205,0.00815543823326432,0.0,0.0,True,False,True,False,-0.0,491.38590742303234,0.0,0.0,0.0,0.0,491.38590742303234
2026-04-08T07:45:00Z,2026-04-08T08:00:00Z,2026-04-08,2026-04-08_40,-47.0,0,0,53,41.74030559006205,52.55030559006205,0.030027777777777778,0.0,0.0,True,False,True,False,0.11750000000000001,491.38590742303234,0.0,0.0,0.0,0.0,491.50340742303234
2026-04-08T08:00:00Z,2026-04-08T08:15:00Z,2026-04-08,2026-04-08_41,0.0,100,100,0,52.55030559006205,30.65279006211174,0.060826432022084195,20.145714285714288,0.0,True,True,True,False,0.0,0.0,113.49410356533171,112.99374055687458,19177.677987111096,0.0,19404.165831233302
2026-04-08T08:15:00Z,2026-04-08T08:30:00Z,2026-04-08,2026-04-08_42,0.0,100,100,0,30.65279006211174,25.48695155279497,0.014349551414768806,4.752571428571429,0.0,True,True,True,False,0.0,0.0,113.49410356533171,112.99374055687458,481.82977857885686,0.0,708.3176227010631
2026-04-08T08:30:00Z,2026-04-08T08:45:00Z,2026-04-08,2026-04-08_43,0.0,100,100,0,25.48695155279497,26.157572173912982,0.0036951331953071083,0.30342857142857144,1.0874285714285714,True,True,True,False,0.0,0.0,113.49410356533171,112.99374055687458,24.325786943468792,-27.487108013937277,223.3265230517378
2026-04-08T08:45:00Z,2026-04-08T09:00:00Z,2026-04-08,2026-04-08_44,0.0,100,100,0,26.157572173912982,31.279328198757703,0.01438928088336784,0.026857142857142857,5.598857142857143,True,True,True,False,0.0,0.0,113.49410356533171,112.99374055687458,1.5473409560437403,202.02159258397546,430.0567776622255
2026-04-08T09:00:00Z,2026-04-08T09:15:00Z,2026-04-08,2026-04-08_45,0.0,100,100,0,31.279328198757703,30.987381863353974,0.0013249937888198757,0.3537142857142857,0.10057142857142856,True,True,True,False,0.0,0.0,113.87673410121067,111.13945411376879,22.402830176514613,-6.339948814405969,241.07906957708812
2026-04-08T09:15:00Z,2026-04-08T09:30:00Z,2026-04-08,2026-04-08_46,0.0,100,100,0,30.987381863353974,14.373956770186272,0.046160085576259495,15.286285714285716,0.002285714285714286,True,True,True,False,0.0,0.0,113.87673410121067,111.13945411376879,13542.311971542382,-0.17940186297622085,13767.148757894385
2026-04-08T09:30:00Z,2026-04-08T09:45:00Z,2026-04-08,2026-04-08_47,0.0,100,100,0,14.373956770186272,21.99989068322975,0.02152821532091097,0.05714285714285715,8.356571428571428,True,True,True,False,0.0,0.0,113.87673410121067,111.13945411376879,4.731724135997825,294.9289412767245,524.6768536277018
2026-04-08T09:45:00Z,2026-04-08T10:00:00Z,2026-04-08,2026-04-08_48,0.0,100,100,0,21.99989068322975,38.8043478260869,0.04667904761904762,0.0,18.265714285714285,True,True,True,False,0.0,0.0,113.87673410121067,111.13945411376879,0.0,4967.444205179668,5192.460393394647
2026-04-08T10:00:00Z,2026-04-08T10:15:00Z,2026-04-08,2026-04-08_49,0.0,47,47,53,38.8043478260869,43.50465936894404,0.013056420952380951,0.0,5.109034285714285,True,True,True,False,0.0,491.38590742303234,53.50823146204109,52.235543433471335,0.0,804.9423215341101,1402.072003852655
2026-04-08T10:15:00Z,2026-04-08T10:30:00Z,2026-04-08,2026-04-08_50,0.0,47,47,53,43.50465936894404,44.89229274037261,0.0038545371428571427,0.0,1.5082971428571428,True,True,True,False,0.0,491.38590742303234,53.50823146204109,52.235543433471335,0.0,-31.591874539792173,565.5378077787526
2026-04-08T10:30:00Z,2026-04-08T10:45:00Z,2026-04-08,2026-04-08_51,0.0,47,47,53,44.89229274037261,45.8593862260869,0.002686370793650794,0.0,1.0511885714285716,True,True,True,False,0.0,491.38590742303234,53.50823146204109,52.235543433471335,0.0,-29.980006140028763,567.149676178516
2026-04-08T10:45:00Z,2026-04-08T11:00:00Z,2026-04-08,2026-04-08_52,0.0,47,47,53,45.8593862260869,49.33806489440988,0.009735977667356796,0.012085714285714286,3.7954514285714285,True,True,True,False,0.0,491.38590742303234,53.50823146204109,52.235543433471335,0.5691524102920607,277.1425034072338,874.8413381360706
2026-04-08T11:00:00Z,2026-04-08T11:15:00Z,2026-04-08,2026-04-08_53,3.816391647148976e-15,100,100,0,49.33806489440988,57.04293346583845,0.021402412698412705,0.0,8.374857142857143,True,True,True,False,-7.270226087818799e-15,0.0,112.522810666562,111.13945411376879,0.0,378.02793443983165,601.6901992201624
2026-04-08T11:15:00Z,2026-04-08T11:30:00Z,2026-04-08,2026-04-08_54,3.816391647148976e-15,100,100,0,57.04293346583845,74.09500203726702,0.04736685714285714,0.0,18.534857142857142,True,True,True,False,-7.489668607529865e-15,0.0,112.522810666562,111.13945411376879,0.0,6263.176375914178,6486.838640694508
2026-04-08T11:30:00Z,2026-04-08T11:45:00Z,2026-04-08,2026-04-08_55,3.816391647148976e-15,100,100,0,74.09500203726702,86.02503632298131,0.03313898412698413,0.0,12.967428571428572,True,True,True,False,-8.052586375484339e-15,0.0,112.522810666562,111.13945411376879,0.0,4126.414750084795,4350.077014865125
2026-04-08T11:45:00Z,2026-04-08T12:00:00Z,2026-04-08,2026-04-08_56,3.816391647148976e-15,100,100,0,86.02503632298131,99.30457918012416,0.03688761904761905,0.0,14.434285714285716,True,True,True,False,-9.540979117872439e-15,0.0,112.522810666562,111.13945411376879,0.0,1084.2240796544272,1307.886344434758
2026-04-08T12:00:00Z,2026-04-08T12:15:00Z,2026-04-08,2026-04-08_57,-47.0,0,0,53,99.30457918012416,110.11457918012417,0.030027777777777778,0.0,0.0,True,False,True,False,92.2375,491.38590742303234,0.0,0.0,0.0,0.0,583.6234074230323
2026-04-08T12:15:00Z,2026-04-08T12:30:00Z,2026-04-08,2026-04-08_58,-46.99999999999999,0,0,53,110.11457918012417,120.92457918012417,0.030027777777777775,0.0,0.0,True,False,True,False,88.24249999999998,491.38590742303234,0.0,0.0,0.0,0.0,579.6284074230323
2026-04-08T12:30:00Z,2026-04-08T12:45:00Z,2026-04-08,2026-04-08_59,-47.0,0,0,53,120.92457918012417,131.73457918012417,0.030027777777777778,0.0,0.0,True,False,True,False,78.02,491.38590742303234,0.0,0.0,0.0,0.0,569.4059074230323
2026-04-08T12:45:00Z,2026-04-08T13:00:00Z,2026-04-08,2026-04-08_60,-47.0,0,0,53,131.73457918012417,142.54457918012417,0.030027777777777778,0.0,0.0,True,False,True,False,45.237500000000004,491.38590742303234,0.0,0.0,0.0,0.0,536.6234074230323
2026-04-08T13:00:00Z,2026-04-08T13:15:00Z,2026-04-08,2026-04-08_61,-47.000000000000014,0,0,53,142.54457918012417,153.35457918012418,0.03002777777777779,0.0,0.0,True,False,True,False,43.12250000000001,491.38590742303234,0.0,0.0,0.0,0.0,534.5084074230324
2026-04-08T13:15:00Z,2026-04-08T13:30:00Z,2026-04-08,2026-04-08_62,-47.0,0,0,53,153.35457918012418,164.16457918012418,0.030027777777777778,0.0,0.0,True,False,True,False,7.755000000000001,491.38590742303234,0.0,0.0,0.0,0.0,499.14090742303233
2026-04-08T13:30:00Z,2026-04-08T13:45:00Z,2026-04-08,2026-04-08_63,-6.327916608155518,0,0,53,164.16457918012418,165.61999999999995,0.004042835610766025,0.0,0.0,True,False,True,False,0.3163958304077759,491.38590742303234,0.0,0.0,0.0,0.0,491.7023032534401
2026-04-08T13:45:00Z,2026-04-08T14:00:00Z,2026-04-08,2026-04-08_64,0.0,0,0,53,165.61999999999995,165.61999999999995,0.0,0.0,0.0,True,False,True,False,0.0,491.38590742303234,0.0,0.0,0.0,0.0,491.38590742303234
2026-04-08T14:00:00Z,2026-04-08T14:15:00Z,2026-04-08,2026-04-08_65,0.0,100,100,0,165.61999999999995,166.519701863354,0.006408764665286404,0.6474285714285715,1.7428571428571429,True,True,True,False,0.0,0.0,115.76045366246099,112.99374055687458,60.893450094045825,21.16578133716057,310.81342565054194
2026-04-08T14:15:00Z,2026-04-08T14:30:00Z,2026-04-08,2026-04-08_66,0.0,100,100,0,166.519701863354,166.09144844720493,0.0017883229813664594,0.4931428571428571,0.11714285714285713,True,True,True,False,0.0,0.0,115.76045366246099,112.99374055687458,40.87464642415646,-7.3733134122514645,262.2555272312406
2026-04-08T14:30:00Z,2026-04-08T14:45:00Z,2026-04-08,2026-04-08_67,0.0,100,100,0,166.09144844720493,170.97170484472045,0.013611478260869564,0.009142857142857144,5.315428571428571,True,True,True,False,0.0,0.0,115.76045366246099,112.99374055687458,0.17940186297622085,205.66660697817179,434.6002030604836
2026-04-08T14:45:00Z,2026-04-08T15:00:00Z,2026-04-08,2026-04-08_68,0.0,100,100,0,170.97170484472045,179.66904546583848,0.025436022084196003,0.21142857142857144,9.703428571428573,True,True,True,False,0.0,0.0,115.76045366246099,112.99374055687458,21.04478262941462,3632.491994696433,3882.290971545183
2026-04-08T15:00:00Z,2026-04-08T15:15:00Z,2026-04-08,2026-04-08_69,46.44387600555214,20,100,0,179.66904546583848,184.08186844364502,0.03448295107516989,0.0,17.07542857142857,True,True,True,False,374.2215309147363,0.0,22.239664070011575,117.64417322371132,0.0,10259.23900488029,10773.344373088748
2026-04-08T15:15:00Z,2026-04-08T15:30:00Z,2026-04-08,2026-04-08_70,3.1961865985229925,20,100,0,184.08186844364502,189.3174862749617,0.01833512578164772,0.04125714285714285,6.645142857142856,True,True,True,False,72.35367412406424,0.0,22.239664070011575,117.64417322371132,5.658760837694573,473.2899110559201,691.1861833114018
2026-04-08T15:30:00Z,2026-04-08T15:45:00Z,2026-04-08,2026-04-08_71,78.89694728443008,20,100,0,189.3174862749617,171.57473649689433,0.053077158967066225,0.0005714285714285715,3.5154285714285716,True,True,True,False,2286.433532302784,0.0,22.239664070011575,117.64417322371132,0.022425232872027606,-116.82869443097375,2309.5111003984052
2026-04-08T15:45:00Z,2026-04-08T16:00:00Z,2026-04-08,2026-04-08_72,80.0,20,100,0,171.57473649689433,151.8199999999999,0.0568503696342305,0.048114285714285714,1.9331428571428573,True,True,True,False,2619.4,0.0,22.239664070011575,117.64417322371132,6.599275104347411,-66.90344064741647,2698.979671750654
2026-04-08T16:00:00Z,2026-04-08T16:15:00Z,2026-04-08,2026-04-08_73,0.0,0,0,83,151.8199999999999,151.8199999999999,0.0,0.0,0.0,True,False,True,False,0.0,769.5288738888997,0.0,0.0,0.0,0.0,769.5288738888997
2026-04-08T16:15:00Z,2026-04-08T16:30:00Z,2026-04-08,2026-04-08_74,0.0,0,0,83,151.8199999999999,151.8199999999999,0.0,0.0,0.0,True,False,True,False,0.0,769.5288738888997,0.0,0.0,0.0,0.0,769.5288738888997
2026-04-08T16:30:00Z,2026-04-08T16:45:00Z,2026-04-08,2026-04-08_75,0.0,0,0,83,151.8199999999999,151.8199999999999,0.0,0.0,0.0,True,False,True,False,0.0,769.5288738888997,0.0,0.0,0.0,0.0,769.5288738888997
2026-04-08T16:45:00Z,2026-04-08T17:00:00Z,2026-04-08,2026-04-08_76,0.0,0,0,83,151.8199999999999,151.8199999999999,0.0,0.0,0.0,True,False,True,False,0.0,769.5288738888997,0.0,0.0,0.0,0.0,769.5288738888997
2026-04-08T17:00:00Z,2026-04-08T17:15:00Z,2026-04-08,2026-04-08_77,0.0,100,100,0,151.8199999999999,138.5945341614906,0.03673740510697032,12.167428571428571,0.0,True,True,True,False,0.0,0.0,110.2270274512882,117.64417322371132,6347.048639881595,0.0,6574.919840556594
2026-04-08T17:15:00Z,2026-04-08T17:30:00Z,2026-04-08,2026-04-08_78,0.0,100,100,0,138.5945341614906,116.3945341614906,0.06166666666666666,20.424,0.0,True,True,True,False,0.0,0.0,110.2270274512882,117.64417322371132,9574.204363165432,0.0,9802.075563840432
2026-04-08T17:30:00Z,2026-04-08T17:45:00Z,2026-04-08,2026-04-08_79,0.0,100,100,0,116.3945341614906,93.6168944099378,0.0632712215320911,20.95542857142857,0.0,True,True,True,False,0.0,0.0,110.2270274512882,117.64417322371132,12336.749413608191,0.0,12564.62061428319
2026-04-08T17:45:00Z,2026-04-08T18:00:00Z,2026-04-08,2026-04-08_80,0.0,100,100,0,93.6168944099378,80.24589614906823,0.03714750310559006,12.302285714285714,0.001142857142857143,True,True,True,False,0.0,0.0,110.2270274512882,117.64417322371132,3575.5275524820527,-0.08970093148811042,3803.309052225564
2026-04-08T18:00:00Z,2026-04-08T18:15:00Z,2026-04-08,2026-04-08_81,17.0,0,17,83,80.24589614906823,75.62759801242227,0.012828605935127675,0.0,0.0011657142857142856,True,True,True,False,802.8675,769.5288738888997,0.0,19.99950944803092,0.0,-0.0914949501178726,1592.3043883868127
2026-04-08T18:15:00Z,2026-04-08T18:30:00Z,2026-04-08,2026-04-08_82,17.0,0,17,83,75.62759801242227,71.05702658385084,0.012696031746031743,0.0,0.04507428571428571,True,True,True,False,701.76,769.5288738888997,0.0,19.99950944803092,0.0,-2.6113598111795393,1488.677023525751
2026-04-08T18:30:00Z,2026-04-08T18:45:00Z,2026-04-08,2026-04-08_83,16.999999999999996,0,17,83,71.05702658385084,66.7904489440993,0.011851604554865423,0.0,0.32474857142857144,True,True,True,False,680.2974999999998,769.5288738888997,0.0,19.99950944803092,0.0,-16.1942247703516,1453.6316585665788
2026-04-08T18:45:00Z,2026-04-08T19:00:00Z,2026-04-08,2026-04-08_84,17.0,0,17,83,66.7904489440993,62.22283403726699,0.012687819185645271,0.0,0.04779428571428571,True,True,True,False,717.6125,769.5288738888997,0.0,19.99950944803092,0.0,-2.3837122169865532,1504.7571711199441
2026-04-08T19:00:00Z,2026-04-08T19:15:00Z,2026-04-08,2026-04-08_85,23.0,77,100,0,62.22283403726699,53.896225341614816,0.02312946859903382,1.91048,0.0,True,True,True,False,974.8549999999999,0.0,84.8748111374919,117.64417322371132,337.25597012734727,0.0,1514.6299544885503
2026-04-08T19:15:00Z,2026-04-08T19:30:00Z,2026-04-08,2026-04-08_86,23.0,77,100,0,53.896225341614816,51.728519026086865,0.024336357543133194,0.3476,4.653714285714286,True,True,True,False,916.9525,0.0,84.8748111374919,117.64417322371132,61.14623872221023,20.252875447453473,1200.8705985308668
2026-04-08T19:30:00Z,2026-04-08T19:45:00Z,2026-04-08,2026-04-08_87,20.833938972467394,77,100,0,51.728519026086865,56.31222360248432,0.030685070476896167,0.0,10.730285714285714,True,True,True,False,785.5957538043143,0.0,84.8748111374919,117.64417322371132,0.0,797.7274612113549,1785.8421993768725
2026-04-08T19:45:00Z,2026-04-08T20:00:00Z,2026-04-08,2026-04-08_88,-2.664354135807665e-13,77,100,0,56.31222360248432,60.934303602484384,0.012839111111111282,0.0,5.024,True,True,True,False,-9.504417290959893e-12,0.0,84.8748111374919,117.64417322371132,0.0,-145.53757981280538,56.98140454838834
2026-04-08T20:00:00Z,2026-04-08T20:15:00Z,2026-04-08,2026-04-08_89,0.0,100,100,0,60.934303602484384,45.90931677018625,0.04175943961352657,13.826857142857143,0.004571428571428572,True,True,True,False,0.0,0.0,110.2270274512882,117.64417322371132,4479.176769477015,-0.3588037259524417,4706.689166426062
2026-04-08T20:15:00Z,2026-04-08T20:30:00Z,2026-04-08,2026-04-08_90,0.0,100,100,0,45.90931677018625,27.70124223602476,0.05057798481711525,16.751428571428573,0.0,True,True,True,False,0.0,0.0,110.2270274512882,117.64417322371132,7216.551453855878,0.0,7444.4226545308775
2026-04-08T20:30:00Z,2026-04-08T20:45:00Z,2026-04-08,2026-04-08_91,0.0,100,100,0,27.70124223602476,17.450931677018552,0.028473084886128364,9.430285714285715,0.0,True,True,True,False,0.0,0.0,110.2270274512882,117.64417322371132,2903.3281889101618,0.0,3131.1993895851615
2026-04-08T20:45:00Z,2026-04-08T21:00:00Z,2026-04-08,2026-04-08_92,0.0,100,100,0,17.450931677018552,9.999999999999918,0.02069703243616287,6.854857142857143,0.0,True,True,True,False,0.0,0.0,110.2270274512882,117.64417322371132,1640.1472750258592,0.0,1868.0184757008587
2026-04-08T21:00:00Z,2026-04-08T21:15:00Z,2026-04-09,2026-04-08_93,-100.00000000000018,100,0,0,9.999999999999918,15.462697142857103,0.015174158730158848,19.062285714285714,0.0,True,True,True,False,-3587.7500000000064,0.0,109.22687393275629,0.0,6071.036252498998,0.0,2592.513126431748
2026-04-08T21:15:00Z,2026-04-08T21:30:00Z,2026-04-09,2026-04-08_94,-35.49257444623723,100,0,0,15.462697142857103,15.619330412920235,0.03078340987715955,7.790857142857142,0.0,True,True,True,False,-1160.6959158280729,0.0,109.22687393275629,0.0,1623.1067067067063,0.0,571.6376648113896
2026-04-08T21:30:00Z,2026-04-08T21:45:00Z,2026-04-09,2026-04-08_95,-100.00000000000009,100,0,0,15.619330412920235,34.74323898434883,0.05312196825396831,4.213142857142857,0.0,True,True,True,False,-3157.0000000000027,0.0,109.22687393275629,0.0,809.463581452601,0.0,-2238.3095446146453
2026-04-08T21:45:00Z,2026-04-08T22:00:00Z,2026-04-09,2026-04-08_96,-100.0,100,0,0,34.74323898434883,57.71011898434883,0.06379688888888889,0.036000000000000004,0.0,True,True,True,False,-2958.5,0.0,109.22687393275629,0.0,5.841469704999118,0.0,-2843.4316563622447
2026-04-08T22:00:00Z,2026-04-08T22:15:00Z,2026-04-09,2026-04-09_1,0.0,17,17,83,57.71011898434883,55.551801518510324,0.006310608833678399,2.037862857142857,0.06168571428571428,True,True,True,False,0.0,769.7403285638579,18.56856856856857,18.078078078078075,430.59707387387397,-1.6131584918251582,1235.3708905925535
2026-04-08T22:15:00Z,2026-04-08T22:30:00Z,2026-04-09,2026-04-09_2,0.0,17,17,83,55.551801518510324,55.18559102410038,0.0010212234368530023,0.3375714285714286,0.0007771428571428572,True,True,True,False,0.0,769.7403285638579,18.56856856856857,18.078078078078075,59.78921445254779,-0.06101339434672769,866.1151762687057
2026-04-08T22:30:00Z,2026-04-08T22:45:00Z,2026-04-09,2026-04-09_3,0.0,17,17,83,55.18559102410038,55.219788519752555,0.00010907171842650104,0.002331428571428571,0.03992571428571429,True,True,True,False,0.0,769.7403285638579,18.56856856856857,18.078078078078075,0.36608036608036604,-2.7926763334763334,803.9603792431086
2026-04-08T22:45:00Z,2026-04-08T23:00:00Z,2026-04-09,2026-04-09_4,0.0,17,17,83,55.219788519752555,55.66092589118113,0.0012253815873015874,0.0,0.47949714285714284,True,True,True,False,0.0,769.7403285638579,18.56856856856857,18.078078078078075,0.0,27.85777793031126,834.2447531408159
2026-04-08T23:00:00Z,2026-04-08T23:15:00Z,2026-04-09,2026-04-09_5,0.0,17,17,83,55.66092589118113,56.1446040626097,0.0013435504761904764,0.0,0.5257371428571429,True,True,True,False,0.0,769.7403285638579,18.573573573573572,25.105105105105103,0.0,-14.413735564135564,799.0052716784011
2026-04-08T23:15:00Z,2026-04-08T23:30:00Z,2026-04-09,2026-04-09_6,0.0,17,17,83,56.1446040626097,57.18453000546685,0.0028886831746031743,0.0,1.1303542857142856,True,True,True,False,0.0,769.7403285638579,18.573573573573572,25.105105105105103,0.0,-55.68684875351541,757.7321584890212
2026-04-08T23:30:00Z,2026-04-08T23:45:00Z,2026-04-09,2026-04-09_7,0.0,17,17,83,57.18453000546685,57.3577004104358,0.0005015603036576949,0.0034000000000000002,0.19224571428571427,True,True,True,False,0.0,769.7403285638579,18.573573573573572,25.105105105105103,0.5470804137470805,-6.9854294675628,806.9806581887209
2026-04-08T23:45:00Z,2026-04-09T00:00:00Z,2026-04-09,2026-04-09_8,0.0,17,17,83,57.3577004104358,57.46207897441095,0.00030636557625948936,0.00272,0.11666857142857144,True,True,True,False,0.0,769.7403285638579,18.573573573573572,25.105105105105103,0.43086873540206877,-6.029513475380143,807.8203625025585
2026-04-09T00:00:00Z,2026-04-09T00:15:00Z,2026-04-09,2026-04-09_9,-17.0,17,0,83,57.46207897441095,61.129971774410954,0.010188591111111112,0.26316,0.0,True,True,True,False,-441.6175,769.7403285638579,18.573573573573572,0.0,46.31381501501502,0.0,393.0102171524465
2026-04-09T00:15:00Z,2026-04-09T00:30:00Z,2026-04-09,2026-04-09_10,-17.0,17,0,83,61.129971774410954,64.72341817441095,0.009981795555555555,0.34407999999999994,0.0,True,True,True,False,-468.605,769.7403285638579,18.573573573573572,0.0,60.66583757090422,0.0,380.3747397083357
2026-04-09T00:30:00Z,2026-04-09T00:45:00Z,2026-04-09,2026-04-09_11,-17.0,17,0,83,64.72341817441095,67.94186206012523,0.008940121904761907,0.7516914285714286,0.0,True,True,True,False,-462.61249999999995,769.7403285638579,18.573573573573572,0.0,134.54640682587348,0.0,460.24780896330503
2026-04-09T00:45:00Z,2026-04-09T01:00:00Z,2026-04-09,2026-04-09_12,-17.0,17,0,83,67.94186206012523,71.64443097441095,0.010284913650793653,0.22546857142857143,0.0,True,True,True,False,-473.4075,769.7403285638579,18.573573573573572,0.0,39.729404127937464,0.0,354.63580626536896
2026-04-09T01:00:00Z,2026-04-09T01:15:00Z,2026-04-09,2026-04-09_13,0.0,17,17,83,71.64443097441095,72.03167737441095,0.0010756844444444445,0.0,0.42092,True,True,True,False,0.0,769.7403285638579,18.573573573573572,25.105105105105103,0.0,-12.20435849182516,801.2146487507115
2026-04-09T01:15:00Z,2026-04-09T01:30:00Z,2026-04-09,2026-04-09_14,0.0,17,17,83,72.03167737441095,72.06413812472151,0.0001412039475500345,0.008451428571428572,0.04526857142857143,True,True,True,False,0.0,769.7403285638579,18.573573573573572,25.105105105105103,1.327041327041327,-2.5593815529815527,812.1866670165964
2026-04-09T01:30:00Z,2026-04-09T01:45:00Z,2026-04-09,2026-04-09_15,0.0,17,17,83,72.06413812472151,72.15243709615008,0.00024527492063492064,0.0,0.09597714285714286,True,True,True,False,0.0,769.7403285638579,18.573573573573572,25.105105105105103,0.0,-5.345381877115211,808.0736253654214
2026-04-09T01:45:00Z,2026-04-09T02:00:00Z,2026-04-09,2026-04-09_16,0.0,17,17,83,72.15243709615008,73.63314292472151,0.004113071746031746,0.0,1.6094628571428573,True,True,True,False,0.0,769.7403285638579,18.573573573573572,25.105105105105103,0.0,-2.8727659468992806,810.5462412956373
2026-04-09T02:00:00Z,2026-04-09T02:15:00Z,2026-04-09,2026-04-09_17,0.0,100,100,0,73.63314292472151,83.81622863900722,0.028286349206349207,0.0,11.06857142857143,True,True,True,False,0.0,0.0,109.25631513866807,147.67708885355944,0.0,-11.853054174622804,245.0803498176047
2026-04-09T02:15:00Z,2026-04-09T02:30:00Z,2026-04-09,2026-04-09_18,0.0,100,100,0,83.81622863900722,93.10192006757865,0.025793587301587307,0.0,10.093142857142858,True,True,True,False,0.0,0.0,109.25631513866807,147.67708885355944,0.0,-0.19810286476953146,256.735301127458
2026-04-09T02:30:00Z,2026-04-09T02:45:00Z,2026-04-09,2026-04-09_19,0.0,100,100,0,93.10192006757865,100.2358629247215,0.01981650793650794,0.0,7.754285714285715,True,True,True,False,0.0,0.0,109.25631513866807,147.67708885355944,0.0,-86.3976794721893,170.53572452003823
2026-04-09T02:45:00Z,2026-04-09T03:00:00Z,2026-04-09,2026-04-09_20,0.0,100,100,0,100.2358629247215,103.64301721043579,0.009464317460317461,0.0,3.7034285714285713,True,True,True,False,0.0,0.0,109.25631513866807,147.67708885355944,0.0,-126.80221341789968,130.13119057432783
2026-04-09T03:00:00Z,2026-04-09T03:15:00Z,2026-04-09,2026-04-09_21,0.0,100,100,0,103.64301721043579,104.6555429247215,0.0028125714285714286,0.0,1.1005714285714285,True,True,True,False,0.0,0.0,109.22687393275629,105.63504681151741,0.0,-47.915435435435434,166.94648530883828
2026-04-09T03:15:00Z,2026-04-09T03:30:00Z,2026-04-09,2026-04-09_22,0.0,100,100,0,104.6555429247215,108.8507429247215,0.011653333333333335,0.0,4.5600000000000005,True,True,True,False,0.0,0.0,109.22687393275629,105.63504681151741,0.0,-17.68813519401755,197.17378555025616
2026-04-09T03:30:00Z,2026-04-09T03:45:00Z,2026-04-09,2026-04-09_23,0.0,100,100,0,108.8507429247215,118.3304229247215,0.026332444444444443,0.0,10.304,True,True,True,False,0.0,0.0,109.22687393275629,105.63504681151741,0.0,216.45498675145737,431.3169074957311
2026-04-09T03:45:00Z,2026-04-09T04:00:00Z,2026-04-09,2026-04-09_24,0.0,100,100,0,118.3304229247215,131.23670863900722,0.035850793650793654,0.0,14.028571428571428,True,True,True,False,0.0,0.0,109.22687393275629,105.63504681151741,0.0,692.4412984412984,907.3032191855721
2026-04-09T04:00:00Z,2026-04-09T04:15:00Z,2026-04-09,2026-04-09_25,100.0,0,100,0,131.23670863900722,118.52055957068424,0.035322636300897166,0.0,13.301142857142858,True,True,True,False,3570.7500000000005,0.0,0.0,105.63504681151741,0.0,9578.864407264407,13255.249454075925
2026-04-09T04:15:00Z,2026-04-09T04:30:00Z,2026-04-09,2026-04-09_26,0.0,0,100,0,118.52055957068424,118.64252528496995,0.0003387936507936508,0.0,0.13257142857142856,True,True,True,False,0.0,0.0,0.0,105.63504681151741,0.0,-8.895964648121511,96.7390821633959
2026-04-09T04:30:00Z,2026-04-09T04:45:00Z,2026-04-09,2026-04-09_27,100.0,0,100,0,118.64252528496995,91.50277373217492,0.07538819875776395,0.0,0.031428571428571424,True,True,True,False,3869.5,0.0,0.0,105.63504681151741,0.0,-2.0621187013343873,3973.072928110183
2026-04-09T04:45:00Z,2026-04-09T05:00:00Z,2026-04-09,2026-04-09_28,100.0,0,100,0,91.50277373217492,67.25308429118114,0.06736024844720497,0.0,2.6902857142857144,True,True,True,False,3875.75,0.0,0.0,105.63504681151741,0.0,-134.4245197578531,3846.9605270536645
2026-04-09T05:00:00Z,2026-04-09T05:15:00Z,2026-04-09,2026-04-09_29,0.0,100,100,0,67.25308429118114,59.19040404273393,0.02248979434092477,7.433142857142856,0.018285714285714287,True,True,True,False,0.0,0.0,111.7293764352588,103.89801566272155,2505.709845643963,-1.4356092787465338,2719.9016284631966
2026-04-09T05:15:00Z,2026-04-09T05:30:00Z,2026-04-09,2026-04-09_30,0.0,100,100,0,59.19040404273393,43.153136961988594,0.0445479641131815,14.754285714285714,0.0,True,True,True,False,0.0,0.0,111.7293764352588,103.89801566272155,4267.457561763444,0.0,4483.084953861424
2026-04-09T05:30:00Z,2026-04-09T05:45:00Z,2026-04-09,2026-04-09_31,0.0,100,100,0,43.153136961988594,37.12236926012524,0.016781338854382332,5.553142857142857,0.005714285714285714,True,True,True,False,0.0,0.0,111.7293764352588,103.89801566272155,1244.9594993312642,-0.4486278996082918,1460.1382635296363
2026-04-09T05:45:00Z,2026-04-09T06:00:00Z,2026-04-09,2026-04-09_32,0.0,100,100,0,37.12236926012524,38.22673994335506,0.0037578274672187724,0.1142857142857143,1.3354285714285716,True,True,True,False,0.0,0.0,111.7293764352588,103.89801566272155,19.840568860176706,2.000954231542467,237.46891518969952
2026-04-09T06:00:00Z,2026-04-09T06:15:00Z,2026-04-09,2026-04-09_33,100.0,0,100,0,38.22673994335506,17.631708887454437,0.05720841959972394,0.0,6.0525714285714285,True,True,True,False,3968.75,0.0,0.0,102.39651416122004,0.0,165.35545786683042,4236.501972028051
2026-04-09T06:15:00Z,2026-04-09T06:30:00Z,2026-04-09,2026-04-09_34,67.72446206902745,0,100,0,17.631708887454437,9.999999999999934,0.038399737429479636,0.0,10.426857142857143,True,True,True,False,2299.2454872434823,0.0,0.0,102.39651416122004,0.0,2403.2197886401805,4804.861790044883
2026-04-09T06:30:00Z,2026-04-09T06:45:00Z,2026-04-09,2026-04-09_35,50.89492629809577,0,100,0,9.999999999999934,9.99999999999993,0.034539355262410254,0.0,13.761714285714286,True,True,True,False,1512.978921526642,0.0,0.0,102.39651416122004,0.0,12279.058321178321,13894.433756866183
2026-04-09T06:45:00Z,2026-04-09T07:00:00Z,2026-04-09,2026-04-09_36,53.30170394720133,0,100,0,9.99999999999993,19.27267080745335,0.030440170401986703,0.0,23.545142857142856,True,True,True,False,1272.4449274795638,0.0,0.0,102.39651416122004,0.0,20197.443065923067,21572.28450756385
2026-04-09T07:00:00Z,2026-04-09T07:15:00Z,2026-04-09,2026-04-09_37,100.0,0,100,0,19.27267080745335,9.999999999999932,0.025757418909592822,0.0,16.469142857142856,True,True,True,False,3083.25,0.0,0.0,102.39651416122004,0.0,9718.129298374004,12903.775812535225
2026-04-09T07:15:00Z,2026-04-09T07:30:00Z,2026-04-09,2026-04-09_38,30.962639743378887,0,100,0,9.999999999999932,9.99999999999993,0.03055343715463789,0.0,8.658857142857142,True,True,True,False,789.9343464529538,0.0,0.0,102.39651416122004,0.0,466.7156120826709,1359.0464726968448
2026-04-09T07:30:00Z,2026-04-09T07:45:00Z,2026-04-09,2026-04-09_39,10.449950650001638,0,100,0,9.99999999999993,9.99999999999994,0.013864394497650576,0.0,3.0291428571428574,True,True,True,False,220.2849597020345,0.0,0.0,102.39651416122004,0.0,-37.191707674060616,285.4897661891939
2026-04-09T07:45:00Z,2026-04-09T08:00:00Z,2026-04-09,2026-04-09_40,8.040687324090404,0,100,0,9.99999999999994,10.401949813664531,0.011909582363944663,0.0,2.7714285714285714,True,True,True,False,129.33445560799416,0.0,0.0,102.39651416122004,0.0,5.755110853150068,237.48608062236426
2026-04-09T08:00:00Z,2026-04-09T08:15:00Z,2026-04-09,2026-04-09_41,0.0,100,100,0,10.401949813664531,10.221835527950246,0.0006901587301587301,0.19714285714285715,0.037142857142857144,True,True,True,False,0.0,0.0,112.90702467173055,102.39651416122004,13.017371993842582,-2.9160813474538965,225.40482947933927
2026-04-09T08:15:00Z,2026-04-09T08:30:00Z,2026-04-09,2026-04-09_42,0.0,100,100,0,10.221835527950246,10.0282981366459,0.0007770959282263631,0.21771428571428572,0.04685714285714286,True,True,True,False,0.0,0.0,112.90702467173055,102.39651416122004,12.21390432449256,-3.5617645656861345,223.95567859175702
2026-04-09T08:30:00Z,2026-04-09T08:45:00Z,2026-04-09,2026-04-09_43,0.0,100,100,0,10.0282981366459,10.402896894409874,0.0011061145617667358,0.010857142857142857,0.42,True,True,True,False,0.0,0.0,112.90702467173055,102.39651416122004,0.21309825231393859,-25.6211623388094,189.89547474645514
2026-04-09T08:45:00Z,2026-04-09T09:00:00Z,2026-04-09,2026-04-09_44,0.0,100,100,0,10.402896894409874,14.34782608695646,0.013107895100069013,0.356,4.708571428571428,True,True,True,False,0.0,0.0,112.90702467173055,102.39651416122004,37.290596478831766,1486.5847853455696,1739.178920657352
2026-04-09T09:00:00Z,2026-04-09T09:15:00Z,2026-04-09,2026-04-09_45,-22.63821230672531,92,69,8,14.34782608695646,21.336326757763928,0.020053942826149026,0.14089142857142858,2.0968114285714283,True,True,True,False,-28.297765383406638,74.19183889772125,103.95572042630866,72.42095036212683,12.620192988506714,56.589915145397484,291.4808524366543
2026-04-09T09:15:00Z,2026-04-09T09:30:00Z,2026-04-09,2026-04-09_46,-23.000000000000004,92,69,8,21.336326757763928,26.766136357763926,0.01549709015873016,0.09147428571428572,0.2558914285714286,True,True,True,False,-0.05750000000000001,74.19183889772125,103.95572042630866,72.42095036212683,8.193707388060329,-15.385428823781766,243.3192882504353
2026-04-09T09:30:00Z,2026-04-09T09:45:00Z,2026-04-09,2026-04-09_47,-23.000000000000004,92,69,8,26.766136357763926,38.25940195776393,0.03192573777777778,0.0,6.74268,True,True,True,False,-0.0,74.19183889772125,103.95572042630866,72.42095036212683,0.0,368.9648385562033,619.53334824236
2026-04-09T09:45:00Z,2026-04-09T10:00:00Z,2026-04-09,2026-04-09_48,-23.000000000000004,92,69,8,38.25940195776393,39.37285704347821,0.02428340698412699,4.678857142857143,0.7759542857142857,True,True,True,False,0.05750000000000001,74.19183889772125,103.95572042630866,72.42095036212683,979.6185527824745,-16.18083008050067,1214.0637323881306
2026-04-09T10:00:00Z,2026-04-09T10:15:00Z,2026-04-09,2026-04-09_49,-47.0,47,0,53,39.37285704347821,47.25760927204964,0.021902089523809523,3.179617142857143,0.0,True,True,True,False,0.11750000000000001,491.5209326974033,53.10781369604899,0.0,507.14359841522196,0.0,1051.8898448086743
2026-04-09T10:15:00Z,2026-04-09T10:30:00Z,2026-04-09,2026-04-09_50,-47.0,47,0,53,47.25760927204964,57.746892014906784,0.02913689650793651,0.3486057142857143,0.0,True,True,True,False,1.175,491.5209326974033,53.10781369604899,0.0,30.814749943220534,0.0,576.6184963366728
2026-04-09T10:30:00Z,2026-04-09T10:45:00Z,2026-04-09,2026-04-09_51,-47.0,47,0,53,57.746892014906784,68.5549153291925,0.030022286984126983,0.0021485714285714285,0.0,True,True,True,False,2.35,491.5209326974033,53.10781369604899,0.0,0.18992141721553488,0.0,547.1686678106678
2026-04-09T10:45:00Z,2026-04-09T11:00:00Z,2026-04-09,2026-04-09_52,-47.0,47,0,53,68.5549153291925,79.34860767204964,0.029982478730158735,0.017725714285714286,0.0,True,True,True,False,2.35,491.5209326974033,53.10781369604899,0.0,1.5668516920281628,0.0,548.5455980854805
2026-04-09T11:00:00Z,2026-04-09T11:15:00Z,2026-04-09,2026-04-09_53,-37.0,47,10,53,79.34860767204964,87.86416898385087,0.02368573794340925,0.024439999999999996,0.03142857142857143,True,True,True,False,1.85,491.5209326974033,52.969440028263556,10.495789907554613,2.1597804863687213,-2.0847637553519904,556.9111793642381
2026-04-09T11:15:00Z,2026-04-09T11:30:00Z,2026-04-09,2026-04-09_54,-37.0,47,10,53,87.86416898385087,96.41027194037262,0.02375297750172533,0.010742857142857143,0.0504,True,True,True,False,1.85,491.5209326974033,52.969440028263556,10.495789907554613,0.9493540599422952,-3.091247482776895,554.6942692103869
2026-04-09T11:30:00Z,2026-04-09T11:45:00Z,2026-04-09,2026-04-09_55,-37.0,47,10,53,96.41027194037262,105.32900002981363,0.024802540069013116,0.022022857142857143,0.46714285714285714,True,True,True,False,0.925,491.5209326974033,52.969440028263556,10.495789907554613,1.9461758228817052,3.373030173030173,561.2303686291333
2026-04-09T11:45:00Z,2026-04-09T12:00:00Z,2026-04-09,2026-04-09_56,-37.0,47,10,53,105.32900002981363,114.05179477267077,0.024237921904761907,0.006177142857142857,0.2377142857142857,True,True,True,False,0.925,491.5209326974033,52.969440028263556,10.495789907554613,0.5458785844668197,-2.581595152575545,553.8754460651127
2026-04-09T12:00:00Z,2026-04-09T12:15:00Z,2026-04-09,2026-04-09_57,0.0,47,47,53,114.05179477267077,113.5384562186335,0.001447903602484472,0.47590857142857146,0.004297142857142857,True,True,True,False,0.0,491.5209326974033,52.955602661485024,49.33021256550668,42.12644146667676,-0.33736818050543543,635.5958212105663
2026-04-09T12:15:00Z,2026-04-09T12:30:00Z,2026-04-09,2026-04-09_58,0.0,47,47,53,113.5384562186335,113.56238569937885,0.0006308600138026225,0.09346285714285714,0.1364342857142857,True,True,True,False,0.0,491.5209326974033,52.955602661485024,49.33021256550668,8.273138617609206,-9.509723307621346,592.5701632343828
2026-04-09T12:30:00Z,2026-04-09T12:45:00Z,2026-04-09,2026-04-09_59,0.0,47,47,53,113.56238569937885,118.88818468571426,0.014816591387163564,0.0037600000000000003,5.793354285714286,True,True,True,False,0.0,491.5209326974033,52.955602661485024,49.33021256550668,0.3328274156509451,303.4060224919598,897.5455978320057
2026-04-09T12:45:00Z,2026-04-09T13:00:00Z,2026-04-09,2026-04-09_60,0.0,47,47,53,118.88818468571426,123.40219359999998,0.01253891365079365,0.0,4.906531428571428,True,True,True,False,0.0,491.5209326974033,52.955602661485024,49.33021256550668,0.0,173.64935937393975,767.4561072983347
2026-04-09T13:00:00Z,2026-04-09T13:15:00Z,2026-04-09,2026-04-09_61,-47.0,47,0,53,123.40219359999998,133.66292205714282,0.028502023492063492,0.5970342857142857,0.0,True,True,True,False,-0.0,491.5209326974033,52.941765294706464,0.0,52.756836399424635,0.0,597.2195343915344
2026-04-09T13:15:00Z,2026-04-09T13:30:00Z,2026-04-09,2026-04-09_62,-47.0,47,0,53,133.66292205714282,144.32812982857138,0.029625577142857143,0.15738285714285713,0.0,True,True,True,False,-0.0,491.5209326974033,52.941765294706464,0.0,13.907110269933797,0.0,558.3698082620435
2026-04-09T13:30:00Z,2026-04-09T13:45:00Z,2026-04-09,2026-04-09_63,-47.0,47,0,53,144.32812982857138,154.95652182857137,0.02952331111111111,0.1974,0.0,True,True,True,False,-0.0,491.5209326974033,52.941765294706464,0.0,17.443218512630274,0.0,561.90591650474
2026-04-09T13:45:00Z,2026-04-09T14:00:00Z,2026-04-09,2026-04-09_64,-47.0,47,0,53,154.95652182857137,165.61999999999995,0.029620772698412703,0.15926285714285712,0.0,True,True,True,False,-1.8800000000000001,491.5209326974033,52.941765294706464,0.0,14.073236160530275,0.0,556.65593415264
2026-04-09T14:00:00Z,2026-04-09T14:15:00Z,2026-04-09,2026-04-09_65,-26.0,14,74,0,165.61999999999995,176.6507579428571,0.03064099428571429,0.0,5.489954285714286,True,True,True,False,-0.195,0.0,15.60913855031502,75.77342047930283,0.0,219.56045755783794,310.74801658745577
2026-04-09T14:15:00Z,2026-04-09T14:30:00Z,2026-04-09,2026-04-09_66,-25.29985561201363,14,74,0,176.6507579428571,186.70585684790592,0.027930830291802357,0.0,4.6044914285714285,True,True,True,False,-32.63681373949758,0.0,15.60913855031502,75.77342047930283,0.0,38.422727253864515,97.16847254398478
2026-04-09T14:30:00Z,2026-04-09T14:45:00Z,2026-04-09,2026-04-09_67,-0.25969625200393187,14,74,0,186.70585684790592,189.99999999999997,0.009414014238352529,0.044480000000000006,3.568068571428572,True,True,True,False,-4.401851471466645,0.0,15.60913855031502,75.77342047930283,6.156755217963062,2.847507666770412,95.98497044288467
2026-04-09T14:45:00Z,2026-04-09T15:00:00Z,2026-04-09,2026-04-09_68,85.6929828571429,14,74,0,189.99999999999997,166.99999999999994,0.06388888888888891,0.045439999999999994,0.3086857142857143,True,True,True,False,2780.95152617143,0.0,15.60913855031502,75.77342047930283,6.276292417908103,-16.644393816785975,2861.96598380217
2026-04-09T15:00:00Z,2026-04-09T15:15:00Z,2026-04-09,2026-04-09_69,-100.0,0,0,0,166.99999999999994,189.99999999999994,0.0638888888888889,0.0,0.0,True,True,True,False,-736.75,0.0,0.0,0.0,0.0,0.0,-736.75
2026-04-09T15:15:00Z,2026-04-09T15:30:00Z,2026-04-09,2026-04-09_70,0.0,0,0,0,189.99999999999994,189.99999999999994,0.0,0.0,0.0,True,True,True,False,0.0,0.0,0.0,0.0,0.0,0.0,0.0
2026-04-09T15:30:00Z,2026-04-09T15:45:00Z,2026-04-09,2026-04-09_71,40.50240000000009,0,0,0,189.99999999999994,178.99391304347816,0.03057246376811601,0.0,0.0,True,True,True,False,1400.066712000003,0.0,0.0,0.0,0.0,0.0,1400.066712000003
2026-04-09T15:45:00Z,2026-04-09T16:00:00Z,2026-04-09,2026-04-09_72,100.0,0,0,0,178.99391304347816,151.8199999999999,0.07548309178743962,0.0,0.0,True,True,True,False,4505.5,0.0,0.0,0.0,0.0,0.0,4505.5
2026-04-09T16:00:00Z,2026-04-09T16:15:00Z,2026-04-09,2026-04-09_73,0.0,0,0,83,151.8199999999999,151.8199999999999,0.0,0.0,0.0,True,False,True,False,0.0,769.7403285638579,0.0,0.0,0.0,0.0,769.7403285638579
2026-04-09T16:15:00Z,2026-04-09T16:30:00Z,2026-04-09,2026-04-09_74,0.0,0,0,83,151.8199999999999,151.8199999999999,0.0,0.0,0.0,True,False,True,False,0.0,769.7403285638579,0.0,0.0,0.0,0.0,769.7403285638579
2026-04-09T16:30:00Z,2026-04-09T16:45:00Z,2026-04-09,2026-04-09_75,0.0,0,0,83,151.8199999999999,151.8199999999999,0.0,0.0,0.0,True,False,True,False,0.0,769.7403285638579,0.0,0.0,0.0,0.0,769.7403285638579
2026-04-09T16:45:00Z,2026-04-09T17:00:00Z,2026-04-09,2026-04-09_76,12.884856685714249,0,0,83,151.8199999999999,148.31868024844712,0.009725888198757736,0.0,0.0,True,False,True,False,554.1454739108556,769.7403285638579,0.0,0.0,0.0,0.0,1323.8858024747135
2026-04-09T17:00:00Z,2026-04-09T17:15:00Z,2026-04-09,2026-04-09_77,0.0,0,100,0,148.31868024844712,148.32236024844713,1.0222222222222223e-05,0.0,0.004,True,True,True,False,0.0,0.0,0.0,104.89901666372255,0.0,-0.31403952972580423,104.58497713399674
2026-04-09T17:15:00Z,2026-04-09T17:30:00Z,2026-04-09,2026-04-09_78,100.0,0,100,0,148.32236024844713,121.14844720496886,0.07548309178743962,0.0,0.0,True,True,True,False,4534.0,0.0,0.0,104.89901666372255,0.0,0.0,4638.899016663722
2026-04-09T17:30:00Z,2026-04-09T17:45:00Z,2026-04-09,2026-04-09_79,100.0,0,100,0,121.14844720496886,93.9745341614906,0.0754830917874396,0.0,0.0,True,True,True,False,5441.25,0.0,0.0,104.89901666372255,0.0,0.0,5546.149016663722
2026-04-09T17:45:00Z,2026-04-09T18:00:00Z,2026-04-09,2026-04-09_80,100.0,0,100,0,93.9745341614906,74.05403726708064,0.05533471359558316,0.0,6.673142857142858,True,True,True,False,6320.5,0.0,0.0,104.89901666372255,0.0,74.21021043452417,6499.609227098246
2026-04-09T18:00:00Z,2026-04-09T18:15:00Z,2026-04-09,2026-04-09_81,100.0,0,100,0,74.05403726708064,48.2080745341614,0.0717943409247757,0.0,1.2217142857142858,True,True,True,False,4991.25,0.0,0.0,104.89901666372255,0.0,-42.294444584640665,5053.854572079082
2026-04-09T18:15:00Z,2026-04-09T18:30:00Z,2026-04-09,2026-04-09_82,100.0,0,100,0,48.2080745341614,22.963975155279414,0.07012249827467218,0.0,1.7754285714285716,True,True,True,False,5590.0,0.0,0.0,104.89901666372255,0.0,-60.86163149143542,5634.037385172287
2026-04-09T18:30:00Z,2026-04-09T18:45:00Z,2026-04-09,2026-04-09_83,100.0,0,100,0,22.963975155279414,9.999999999999913,0.036011042097998616,0.0,13.073142857142859,True,True,True,False,4924.0,0.0,0.0,104.89901666372255,0.0,927.4621101774044,5956.361126841127
2026-04-09T18:45:00Z,2026-04-09T19:00:00Z,2026-04-09,2026-04-09_84,0.0,0,100,0,9.999999999999913,11.193371428571341,0.003314920634920635,0.0,1.2971428571428572,True,True,True,False,0.0,0.0,0.0,104.89901666372255,0.0,-64.83626595783458,40.062750705887964
2026-04-09T19:00:00Z,2026-04-09T19:15:00Z,2026-04-09,2026-04-09_85,0.0,78,100,0,11.193371428571341,10.67081242236016,0.004518219461697722,0.9885942857142858,0.6,True,True,True,False,0.0,0.0,85.1969616675499,104.89901666372255,174.53348918666566,-31.190484602249306,333.4389829156888
2026-04-09T19:15:00Z,2026-04-09T19:30:00Z,2026-04-09,2026-04-09_86,4.366556328246937,78,100,0,10.67081242236016,9.999999999999915,0.0053966440857685025,0.14218285714285717,0.7228571428571428,True,True,True,False,185.97163402003707,0.0,85.1969616675499,104.89901666372255,24.750544554638676,-37.4271419879263,363.3910149180219
2026-04-09T19:30:00Z,2026-04-09T19:45:00Z,2026-04-09,2026-04-09_87,21.795037368312162,78,100,0,9.999999999999915,9.999999999999915,0.02475487473657315,0.0004457142857142857,6.193142857142857,True,True,True,False,874.0354860627384,0.0,85.1969616675499,104.89901666372255,0.06998595233889351,245.15116393704628,1309.352614283396
2026-04-09T19:45:00Z,2026-04-09T20:00:00Z,2026-04-09,2026-04-09_88,22.000000000000014,78,100,0,9.999999999999915,14.63051289440985,0.031343902277432716,0.0,11.088571428571429,True,True,True,False,797.5000000000006,0.0,85.1969616675499,104.89901666372255,0.0,358.9437757084816,1346.5397540397546
2026-04-09T20:00:00Z,2026-04-09T20:15:00Z,2026-04-09,2026-04-09_89,0.0,60,100,0,14.63051289440985,17.22386146583842,0.0072037460317460325,0.0,2.818857142857143,True,True,True,False,0.0,0.0,65.53612435965378,104.89901666372255,0.0,-56.83691052396935,113.59823049940698
2026-04-09T20:15:00Z,2026-04-09T20:30:00Z,2026-04-09,2026-04-09_90,39.99999999999999,60,100,0,17.22386146583842,12.236648347826002,0.032134207867494824,0.0,5.961142857142857,True,True,True,False,1418.8999999999996,0.0,65.53612435965378,104.89901666372255,0.0,-33.48367706642216,1555.851463956954
2026-04-09T20:30:00Z,2026-04-09T20:45:00Z,2026-04-09,2026-04-09_91,39.99999999999999,60,100,0,12.236648347826002,10.112796422360166,0.03307901725327812,0.0,8.862857142857143,True,True,True,False,1484.6999999999998,0.0,65.53612435965378,104.89901666372255,0.0,-56.596411537588,1598.538729485788
2026-04-09T20:45:00Z,2026-04-09T21:00:00Z,2026-04-09,2026-04-09_92,11.24907493043009,60,100,0,10.112796422360166,9.999999999999915,0.014538716114151681,0.0,3.1360000000000006,True,True,True,False,389.6117102154462,0.0,65.53612435965378,104.89901666372255,0.0,-154.12373000451436,405.92312123430816
2026-04-09T21:00:00Z,2026-04-09T21:15:00Z,2026-04-10,2026-04-09_93,-45.848316990270895,100,54,0,9.999999999999915,20.882458713043405,0.03054297478073276,0.096,0.4721142857142857,True,True,True,False,-1610.9952382456438,0.0,108.95812474232875,55.16402614994993,13.173920725602214,-18.651651704206035,-1452.3508183319689
2026-04-09T21:15:00Z,2026-04-09T21:30:00Z,2026-04-10,2026-04-09_94,-46.0,100,54,0,20.882458713043405,31.07627138385086,0.029566456866804692,0.38342857142857145,0.0012342857142857142,True,True,True,False,-1426.23,0.0,108.95812474232875,55.16402614994993,52.61726670761361,-0.09692645536923764,-1209.587508855477
2026-04-09T21:30:00Z,2026-04-09T21:45:00Z,2026-04-10,2026-04-09_95,-46.0,100,54,0,31.07627138385086,41.10247896645956,0.030073557984817118,0.6817142857142857,0.14657142857142857,True,True,True,False,-1421.17,0.0,108.95812474232875,55.16402614994993,105.90186577817416,-8.052954321725156,-1159.1989376512724
2026-04-09T21:45:00Z,2026-04-09T22:00:00Z,2026-04-10,2026-04-09_96,-46.0,100,54,0,41.10247896645956,55.10869565217385,0.03890615746031746,0.0,3.724148571428572,True,True,True,False,-1374.25,0.0,108.95812474232875,55.16402614994993,0.0,111.70764119037806,-1098.4202079173433
2026-04-09T22:00:00Z,2026-04-09T22:15:00Z,2026-04-10,2026-04-10_1,1.0,16,17,83,55.10869565217385,55.602771826086894,0.002592620151828847,0.0005485714285714285,0.8242571428571428,True,True,True,False,33.695,769.9216679427527,17.4332999587726,17.36645267683609,0.07527954700344122,17.215593559551152,855.707293684916
2026-04-09T22:15:00Z,2026-04-09T22:30:00Z,2026-04-10,2026-04-10_2,0.885532127076786,16,17,83,55.602771826086894,55.181682961490644,0.0011739270935288903,0.1667657142857143,0.0008742857142857142,True,True,True,False,29.977476331866896,769.9216679427527,17.4332999587726,17.36645267683609,26.04772612891555,-0.06865623921987665,860.677966799924
2026-04-09T22:30:00Z,2026-04-09T22:45:00Z,2026-04-10,2026-04-10_3,1.0,16,17,83,55.181682961490644,55.10869565217387,0.0012392174465148378,0.001462857142857143,0.21546285714285715,True,True,True,False,33.735,769.9216679427527,17.4332999587726,17.36645267683609,0.20074545867584326,-10.92415339957763,827.7330126374596
2026-04-09T22:45:00Z,2026-04-09T23:00:00Z,2026-04-10,2026-04-10_4,0.05807547418004187,16,17,83,55.10869565217387,55.10869565217387,0.00034686304651402835,0.043154285714285714,0.06809714285714284,True,True,True,False,1.9034236662508723,769.9216679427527,17.4332999587726,17.36645267683609,5.921991030937376,-3.554508558751847,808.9923267167978
2026-04-09T23:00:00Z,2026-04-09T23:15:00Z,2026-04-10,2026-04-10_5,0.0,17,17,83,55.10869565217387,55.23129872298133,0.00037341432712215323,0.00544,0.13969142857142858,True,True,True,False,0.0,769.9216679427527,18.522881206195887,24.62541963602096,0.7465221744507922,-7.426268063349965,806.3902228960704
2026-04-09T23:15:00Z,2026-04-09T23:30:00Z,2026-04-10,2026-04-10_6,0.0,17,17,83,55.23129872298133,55.24173068322978,0.00033694868184955143,0.051000000000000004,0.07159428571428572,True,True,True,False,0.0,769.9216679427527,18.522881206195887,24.62541963602096,6.998645385476176,-3.9790860654197484,816.089528105026
2026-04-09T23:30:00Z,2026-04-09T23:45:00Z,2026-04-10,2026-04-10_7,0.0,17,17,83,55.24173068322978,55.208684372670774,0.00015634133885438232,0.041091428571428563,0.012628571428571428,True,True,True,False,0.0,769.9216679427527,18.522881206195887,24.62541963602096,5.875161895787231,-0.7030963402971177,818.2420343404597
2026-04-09T23:45:00Z,2026-04-10T00:00:00Z,2026-04-10,2026-04-10_8,0.0,17,17,83,55.208684372670774,55.16068414409934,0.00033888825396825395,0.07819999999999999,0.040217142857142854,True,True,True,False,0.0,769.9216679427527,18.522881206195887,24.62541963602096,10.731256257730136,-2.3186698392131455,821.4825552034865
2026-04-10T00:00:00Z,2026-04-10T00:15:00Z,2026-04-10,2026-04-10_9,0.0,17,17,83,55.16068414409934,55.6422174012422,0.0013375923809523808,0.0,0.5234057142857143,True,True,True,False,0.0,769.9216679427527,18.522881206195887,24.62541963602096,0.0,-13.136366476235349,799.9336023087342
2026-04-10T00:15:00Z,2026-04-10T00:30:00Z,2026-04-10,2026-04-10_10,0.0,17,17,83,55.6422174012422,55.845179915527915,0.0005637847619047619,0.0,0.22061142857142857,True,True,True,False,0.0,769.9216679427527,18.522881206195887,24.62541963602096,0.0,-11.781621310358172,801.2883474746114
2026-04-10T00:30:00Z,2026-04-10T00:45:00Z,2026-04-10,2026-04-10_11,0.0,17,17,83,55.845179915527915,55.93616002981363,0.0002527225396825397,0.0,0.09889142857142857,True,True,True,False,0.0,769.9216679427527,18.522881206195887,24.62541963602096,0.0,-5.6866502856469765,807.3833184993226
2026-04-10T00:45:00Z,2026-04-10T01:00:00Z,2026-04-10,2026-04-10_12,0.0,17,17,83,55.93616002981363,56.08802033291922,0.0004599639199447895,0.006314285714285714,0.17252571428571428,True,True,True,False,0.0,769.9216679427527,18.522881206195887,24.62541963602096,0.8664989524875265,-9.19513927288331,804.7413284645738
2026-04-10T01:00:00Z,2026-04-10T01:15:00Z,2026-04-10,2026-04-10_13,0.0,100,100,0,56.08802033291922,51.234459090683195,0.016186622498274673,4.913142857142858,0.5291428571428571,True,True,True,False,0.0,0.0,108.95812474232875,144.85540962365272,969.9852126576528,-4.389942085321083,1219.408804938313
2026-04-10T01:15:00Z,2026-04-10T01:30:00Z,2026-04-10,2026-04-10_14,0.0,100,100,0,51.234459090683195,60.380836233540336,0.025406603174603172,0.0,9.941714285714285,True,True,True,False,0.0,0.0,108.95812474232875,144.85540962365272,0.0,-0.8821985702226,252.93133579575886
2026-04-10T01:30:00Z,2026-04-10T01:45:00Z,2026-04-10,2026-04-10_15,0.0,100,100,0,60.380836233540336,72.36764766211176,0.03329669841269841,0.0,13.029142857142856,True,True,True,False,0.0,0.0,108.95812474232875,144.85540962365272,0.0,-0.0,253.81353436598147
2026-04-10T01:45:00Z,2026-04-10T02:00:00Z,2026-04-10,2026-04-10_16,0.0,100,100,0,72.36764766211176,87.92143051925461,0.04320495238095238,0.0,16.906285714285712,True,True,True,False,0.0,0.0,108.95812474232875,144.85540962365272,0.0,41.226019368463554,295.039553734445
2026-04-10T02:00:00Z,2026-04-10T02:15:00Z,2026-04-10,2026-04-10_17,0.0,17,17,83,87.92143051925461,89.54825863354033,0.004518966984126984,0.0,1.7682914285714284,True,True,True,False,0.0,769.9216679427527,18.522881206195887,24.62541963602096,0.0,-4.381413534365981,808.6885552506036
2026-04-10T02:15:00Z,2026-04-10T02:30:00Z,2026-04-10,2026-04-10_18,0.0,17,17,83,89.54825863354033,89.60149156770181,0.00014904248447204966,0.0001942857142857143,0.058091428571428565,True,True,True,False,0.0,769.9216679427527,18.522881206195887,24.62541963602096,0.026661506230385434,-3.4223386424126154,809.6742916487873
2026-04-10T02:30:00Z,2026-04-10T02:45:00Z,2026-04-10,2026-04-10_19,0.0,17,17,83,89.60149156770181,90.32611511055896,0.0020128431746031746,0.0,0.7876342857142857,True,True,True,False,0.0,769.9216679427527,18.522881206195887,24.62541963602096,0.0,-17.221507607997555,795.848461176972
2026-04-10T02:45:00Z,2026-04-10T03:00:00Z,2026-04-10,2026-04-10_20,0.0,17,17,83,90.32611511055896,90.45472059627325,0.00035723746031746036,0.0,0.13978857142857143,True,True,True,False,0.0,769.9216679427527,18.522881206195887,24.62541963602096,0.0,-7.396935981983346,805.6730328029862
2026-04-10T03:00:00Z,2026-04-10T03:15:00Z,2026-04-10,2026-04-10_21,0.0,17,17,83,90.45472059627325,90.5181406906832,0.0009305492615596966,0.12492571428571429,0.2165314285714286,True,True,True,False,0.0,769.9216679427527,18.522881206195887,17.226279521762173,20.647630429746552,-10.902918768562847,815.4155403318945
2026-04-10T03:15:00Z,2026-04-10T03:30:00Z,2026-04-10,2026-04-10_22,0.0,17,17,83,90.5181406906832,89.39645746086953,0.0031157867494824017,1.0319485714285714,0.0,True,True,True,False,0.0,769.9216679427527,18.522881206195887,17.226279521762173,196.49587671493356,0.0,1002.1667053856444
2026-04-10T03:30:00Z,2026-04-10T03:45:00Z,2026-04-10,2026-04-10_23,0.0,17,17,83,89.39645746086953,89.27954713043474,0.00036745060041407866,0.11462857142857143,0.008354285714285713,True,True,True,False,0.0,769.9216679427527,18.522881206195887,17.226279521762173,17.262247762642367,-0.49975971213740217,822.4333167212158
2026-04-10T03:45:00Z,2026-04-10T04:00:00Z,2026-04-10,2026-04-10_24,2.0160503701243504e-14,17,17,83,89.27954713043474,89.88234694161487,0.0017847268737060148,0.018262857142857143,0.6767942857142857,True,True,True,False,6.172138208135698e-13,769.9216679427527,18.522881206195887,17.226279521762173,2.506181585656231,-7.483707589487293,800.6933026668803
2026-04-10T04:00:00Z,2026-04-10T04:15:00Z,2026-04-10,2026-04-10_25,14.10432261333116,0,17,83,89.88234694161487,86.07340372670804,0.010599933989287724,0.0,0.02244,True,True,True,False,426.40893340753433,769.9216679427527,0.0,17.226279521762173,0.0,-1.3842427469226692,1212.1726381251265
2026-04-10T04:15:00Z,2026-04-10T04:30:00Z,2026-04-10,2026-04-10_26,17.0,0,17,83,86.07340372670804,81.5840310559006,0.012470479641131814,0.0,0.11977714285714286,True,True,True,False,561.5949999999999,769.9216679427527,0.0,17.226279521762173,0.0,-0.8133756152558204,1347.929571849259
2026-04-10T04:30:00Z,2026-04-10T04:45:00Z,2026-04-10,2026-04-10_27,17.0,0,17,83,81.5840310559006,77.77328571428569,0.010585403726708074,0.0,0.7441142857142857,True,True,True,False,563.89,769.9216679427527,0.0,17.226279521762173,0.0,-15.865439245678834,1335.1725082188361
2026-04-10T04:45:00Z,2026-04-10T05:00:00Z,2026-04-10,2026-04-10_28,17.0,0,17,83,77.77328571428569,73.45518012422359,0.01199473775017253,0.0,0.27734285714285717,True,True,True,False,562.445,769.9216679427527,0.0,17.226279521762173,0.0,-10.479211765794721,1339.1137356987201
2026-04-10T05:00:00Z,2026-04-10T05:15:00Z,2026-04-10,2026-04-10_29,17.0,0,17,83,73.45518012422359,68.85483229813663,0.012778743961352656,0.0,0.017679999999999998,True,True,True,False,560.1925,769.9216679427527,0.0,17.186230048883914,0.0,-1.1979929402988003,1346.1024050513379
2026-04-10T05:15:00Z,2026-04-10T05:30:00Z,2026-04-10,2026-04-10_30,17.0,0,17,83,68.85483229813663,64.2600807453416,0.012763198757763973,0.0,0.022828571428571427,True,True,True,False,564.1875,769.9216679427527,0.0,17.186230048883914,0.0,-1.414755639319159,1349.8806423523174
2026-04-10T05:30:00Z,2026-04-10T05:45:00Z,2026-04-10,2026-04-10_31,17.0,0,17,83,64.2600807453416,59.64537267080743,0.012818633540372671,0.0,0.0044685714285714285,True,True,True,False,548.08,769.9216679427527,0.0,17.186230048883914,0.0,-0.3452266850647438,1334.842671306572
2026-04-10T05:45:00Z,2026-04-10T06:00:00Z,2026-04-10,2026-04-10_32,17.0,0,17,83,59.64537267080743,55.10869565217389,0.012601880607315388,0.0,0.07625714285714286,True,True,True,False,527.765,769.9216679427527,0.0,17.186230048883914,0.0,-3.925348292989379,1310.9475496986472
2026-04-10T06:00:00Z,2026-04-10T06:15:00Z,2026-04-10,2026-04-10_33,1.0,27,0,72,55.10869565217389,53.07608695652172,0.0056461352657004825,1.6199999999999999,0.0,True,True,True,False,33.45,667.8838565286529,30.189940514753516,0.0,290.2041227398551,0.0,1021.7279197832615
2026-04-10T06:15:00Z,2026-04-10T06:30:00Z,2026-04-10,2026-04-10_34,1.0,27,0,72,53.07608695652172,50.52477639751551,0.0070869737750172525,2.0972057142857143,0.0,True,True,True,False,31.995,667.8838565286529,30.189940514753516,0.0,379.5960047049717,0.0,1109.664801748378
2026-04-10T06:30:00Z,2026-04-10T06:45:00Z,2026-04-10,2026-04-10_35,-0.23970501378754636,27,0,72,50.52477639751551,49.431712457142844,0.003294580235523558,1.0577828571428571,0.0,True,True,True,False,-6.2017679692182925,667.8838565286529,30.189940514753516,0.0,188.80272497959663,0.0,880.6747540537848
2026-04-10T06:45:00Z,2026-04-10T07:00:00Z,2026-04-10,2026-04-10_36,-28.0,27,0,72,49.431712457142844,55.87142857142855,0.01788810031746032,0.00030857142857142856,0.0,True,True,True,False,-89.32,667.8838565286529,30.189940514753516,0.0,0.042344745189435685,0.0,608.7961417885958
2026-04-10T07:00:00Z,2026-04-10T07:15:00Z,2026-04-10,2026-04-10_37,100.0,0,100,0,55.87142857142855,33.86832298136644,0.061119737750172536,0.0,4.757142857142857,True,True,True,False,3113.0,0.0,0.0,97.67948642440662,0.0,-122.4555459264806,3088.223940497926
2026-04-10T07:15:00Z,2026-04-10T07:30:00Z,2026-04-10,2026-04-10_38,99.99999999999999,0,100,0,33.86832298136644,9.999999999999982,0.06630089717046238,0.0,3.0411428571428574,True,True,True,False,2977.9999999999995,0.0,0.0,97.67948642440662,0.0,81.9640449967607,3157.6435314211667
2026-04-10T07:30:00Z,2026-04-10T07:45:00Z,2026-04-10,2026-04-10_39,0.0,0,100,0,9.999999999999982,12.023474285714268,0.005620761904761906,0.0,2.1994285714285717,True,True,True,False,0.0,0.0,0.0,97.67948642440662,0.0,-28.576120081108602,69.10336634329802
2026-04-10T07:45:00Z,2026-04-10T08:00:00Z,2026-04-10,2026-04-10_40,0.0,0,100,0,12.023474285714268,19.678399999999982,0.02126368253968254,0.0,8.320571428571428,True,True,True,False,0.0,0.0,0.0,97.67948642440662,0.0,458.800199574264,556.4796859986707
2026-04-10T08:00:00Z,2026-04-10T08:15:00Z,2026-04-10,2026-04-10_41,-100.0,100,0,0,19.678399999999982,34.14763428571427,0.04019231746031746,9.272571428571428,0.0,True,True,True,False,-447.25,0.0,112.69803875375464,0.0,1599.02296753132,0.0,1264.4710062850747
2026-04-10T08:15:00Z,2026-04-10T08:30:00Z,2026-04-10,2026-04-10_42,-100.0,100,0,0,34.14763428571427,44.55151999999998,0.028899682539682545,13.69142857142857,0.0,True,True,True,False,-1071.0,0.0,112.69803875375464,0.0,3111.6181815632194,0.0,2153.316220316974
2026-04-10T08:30:00Z,2026-04-10T08:45:00Z,2026-04-10,2026-04-10_43,-100.0,100,0,0,44.55151999999998,65.81613714285712,0.05906838095238095,1.8862857142857143,0.0,True,True,True,False,-1646.0,0.0,112.69803875375464,0.0,235.98846305940953,0.0,-1297.313498186836
2026-04-10T08:45:00Z,2026-04-10T09:00:00Z,2026-04-10,2026-04-10_44,-100.0,100,0,0,65.81613714285712,78.03110857142855,0.03393047619047619,11.722857142857142,0.0,True,True,True,False,-511.25,0.0,112.69803875375464,0.0,2730.762668730841,0.0,2332.210707484596
2026-04-10T09:00:00Z,2026-04-10T09:15:00Z,2026-04-10,2026-04-10_45,-47.0,0,0,53,78.03110857142855,88.84110857142855,0.030027777777777778,0.0,0.0,True,False,True,False,-129.3675,491.63672772248066,0.0,0.0,0.0,0.0,362.26922772248065
2026-04-10T09:15:00Z,2026-04-10T09:30:00Z,2026-04-10,2026-04-10_46,-47.0,0,0,53,88.84110857142855,99.65110857142855,0.030027777777777778,0.0,0.0,True,False,True,False,-773.62,491.63672772248066,0.0,0.0,0.0,0.0,-281.98327227751935
2026-04-10T09:30:00Z,2026-04-10T09:45:00Z,2026-04-10,2026-04-10_47,-46.99946616257074,0,0,53,99.65110857142855,110.46098578881983,0.030027436714975753,0.0,0.0,True,False,True,False,-773.7287117013208,491.63672772248066,0.0,0.0,0.0,0.0,-282.0919839788401
2026-04-10T09:45:00Z,2026-04-10T10:00:00Z,2026-04-10,2026-04-10_48,-47.0,0,0,53,110.46098578881983,121.27098578881983,0.030027777777777778,0.0,0.0,True,False,True,False,-150.165,491.63672772248066,0.0,0.0,0.0,0.0,341.47172772248064
2026-04-10T10:00:00Z,2026-04-10T10:15:00Z,2026-04-10,2026-04-10_49,-47.0,47,0,53,121.27098578881983,132.0711023602484,0.030000323809523808,0.010742857142857143,0.0,True,True,True,False,-773.62,491.63672772248066,52.98191884092114,0.0,1.2654287228761578,0.0,-227.73592471372206
2026-04-10T10:15:00Z,2026-04-10T10:30:00Z,2026-04-10,2026-04-10_50,-47.0,47,0,53,132.0711023602484,142.82254304596268,0.029865113015873017,0.06365142857142857,0.0,True,True,True,False,-160.27,491.63672772248066,52.98191884092114,0.0,7.599833367268811,0.0,391.9484799306706
2026-04-10T10:30:00Z,2026-04-10T10:45:00Z,2026-04-10,2026-04-10_51,-47.0,47,0,53,142.82254304596268,153.63254304596268,0.03002777777777778,0.0,0.0,True,True,True,False,-773.62,491.63672772248066,52.98191884092114,0.0,0.0,0.0,-229.0013534365982
2026-04-10T10:45:00Z,2026-04-10T11:00:00Z,2026-04-10,2026-04-10_52,-47.0,47,0,53,153.63254304596268,164.44254304596268,0.03002777777777778,0.0,0.0,True,True,True,False,-421.0025,491.63672772248066,52.98191884092114,0.0,0.0,0.0,123.6161465634018
2026-04-10T11:00:00Z,2026-04-10T11:15:00Z,2026-04-10,2026-04-10_53,0.0,0,100,0,164.44254304596268,172.81874876024838,0.023267238095238098,0.0,9.104571428571429,True,True,True,False,0.0,0.0,0.0,98.8868602391189,0.0,116.27869519490464,215.16555543402353
2026-04-10T11:15:00Z,2026-04-10T11:30:00Z,2026-04-10,2026-04-10_54,0.0,0,100,0,172.81874876024838,180.78805161739123,0.022136952380952382,0.0,8.662285714285714,True,True,True,False,0.0,0.0,0.0,98.8868602391189,0.0,-340.07851076539924,-241.19165052628034
2026-04-10T11:30:00Z,2026-04-10T11:45:00Z,2026-04-10,2026-04-10_55,100.0,0,100,0,180.78805161739123,163.8178652819875,0.04713940648723257,0.0,9.387428571428572,True,True,True,False,2079.0,0.0,0.0,98.8868602391189,0.0,-30.932053545135588,2146.9548066939833
2026-04-10T11:45:00Z,2026-04-10T12:00:00Z,2026-04-10,2026-04-10_56,100.0,0,100,0,163.8178652819875,157.04084664844714,0.01882505175983437,0.0,18.765142857142855,True,True,True,False,2232.25,0.0,0.0,98.8868602391189,0.0,7768.272540925905,10099.409401165023
2026-04-10T12:00:00Z,2026-04-10T12:15:00Z,2026-04-10,2026-04-10_57,16.0,84,100,0,157.04084664844714,167.570480795031,0.03822013625948931,0.0,15.714857142857145,True,True,True,False,353.08,0.0,94.6416161140232,98.8868602391189,0.0,16877.25739325049,17423.865869603633
2026-04-10T12:15:00Z,2026-04-10T12:30:00Z,2026-04-10,2026-04-10_58,16.0,84,100,0,167.570480795031,164.45803430559,0.014354591359558315,0.0216,1.3297142857142856,True,True,True,False,329.6,0.0,94.6416161140232,98.8868602391189,2.3322928323222807,-69.89686464231725,455.56390454314715
2026-04-10T12:30:00Z,2026-04-10T12:45:00Z,2026-04-10,2026-04-10_59,0.0,84,100,0,164.45803430559,170.71613716273285,0.017383619047619047,0.0,6.8022857142857145,True,True,True,False,0.0,0.0,94.6416161140232,98.8868602391189,0.0,437.7890563973985,631.3175327505406
2026-04-10T12:45:00Z,2026-04-10T13:00:00Z,2026-04-10,2026-04-10_60,0.0,84,100,0,170.71613716273285,178.0136089639751,0.02029394340924776,0.00384,7.936571428571428,True,True,True,False,0.0,0.0,94.6416161140232,98.8868602391189,0.4900170799222569,158.25464531816613,352.2731387512305
2026-04-10T13:00:00Z,2026-04-10T13:15:00Z,2026-04-10,2026-04-10_61,15.0,63,78,22,178.0136089639751,175.91354879999994,0.01443182045548654,0.006479999999999999,2.0828228571428573,True,True,True,False,347.5875,204.07562282819953,70.96265975616937,76.18999941103716,0.7632958360327461,-103.02729448310099,596.5517833483378
2026-04-10T13:15:00Z,2026-04-10T13:30:00Z,2026-04-10,2026-04-10_62,15.0,63,78,22,175.91354879999994,176.91695031055895,0.019248613581780538,0.00252,5.337874285714286,True,True,True,False,377.775,204.07562282819953,70.96265975616937,76.18999941103716,0.34631014782967195,268.99168321203507,998.3412753552708
2026-04-10T13:30:00Z,2026-04-10T13:45:00Z,2026-04-10,2026-04-10_63,15.0,63,78,22,176.91695031055895,176.13820039751545,0.01645999420289855,0.0,3.4631999999999996,True,True,True,False,390.225,204.07562282819953,70.96265975616937,76.18999941103716,0.0,-55.296161140232044,686.1571208551741
2026-04-10T13:45:00Z,2026-04-10T14:00:00Z,2026-04-10,2026-04-10_64,0.0,63,78,22,176.13820039751545,179.74260268322973,0.010012228571428571,0.0,3.9178285714285708,True,True,True,False,0.0,204.07562282819953,70.96265975616937,76.18999941103716,0.0,-71.40497737541331,279.82330461999277
2026-04-10T14:00:00Z,2026-04-10T14:15:00Z,2026-04-10,2026-04-10_65,0.30712160983728864,26,100,0,179.74260268322973,187.9279803413152,0.02303421394753688,0.0,8.982857142857144,True,True,True,False,7.680343658005996,0.0,28.443960186112253,97.67948642440662,0.0,2425.2620901449695,2559.0658804134946
2026-04-10T14:15:00Z,2026-04-10T14:30:00Z,2026-04-10,2026-04-10_66,0.0,26,100,0,187.9279803413152,189.75367375746427,0.005372819875776398,0.04992,2.0434285714285716,True,True,True,False,0.0,0.0,28.443960186112253,97.67948642440662,8.277789928735496,-102.22919673882865,32.17203980042572
2026-04-10T14:30:00Z,2026-04-10T14:45:00Z,2026-04-10,2026-04-10_67,73.6914456682033,26,100,0,189.75367375746427,170.79033364441716,0.05404442388366219,0.0,1.0177142857142858,True,True,True,False,2198.2158242825044,0.0,28.443960186112253,97.67948642440662,0.0,-54.297275906652196,2270.0419949863713
2026-04-10T14:45:00Z,2026-04-10T15:00:00Z,2026-04-10,2026-04-10_68,74.0,26,100,0,170.79033364441716,150.9582216046656,0.055559247094547966,0.08513142857142857,0.3537142857142857,True,True,True,False,2417.58,0.0,28.443960186112253,97.67948642440662,14.712175591697305,-12.239207312113844,2546.1764148901025
2026-04-10T15:00:00Z,2026-04-10T15:15:00Z,2026-04-10,2026-04-10_69,0.7068410315052226,15,18,82,150.9582216046656,152.1517544511099,0.004027844289512218,0.0,1.49544,True,True,True,False,20.83060519845891,760.6455032687436,16.34813593262265,18.19718475764179,0.0,3.0177724954355383,819.0392016529025
2026-04-10T15:15:00Z,2026-04-10T15:30:00Z,2026-04-10,2026-04-10_70,2.5310502496786484,15,18,82,152.1517544511099,151.57340383739313,0.0023190047541579257,0.04011428571428572,0.1622057142857143,True,True,True,False,83.07539682007743,760.6455032687436,16.34813593262265,18.19718475764179,7.062506794107007,-8.361251266690786,876.9674763065017
2026-04-10T15:30:00Z,2026-04-10T15:45:00Z,2026-04-10,2026-04-10_71,0.5875270427863917,15,18,82,151.57340383739313,152.1448808268407,0.0023380981549056996,0.003342857142857143,0.7939542857142857,True,True,True,False,20.572259403165503,760.6455032687436,16.34813593262265,18.19718475764179,0.5872802201038257,-12.709472191698989,803.6408913905784
2026-04-10T15:45:00Z,2026-04-10T16:00:00Z,2026-04-10,2026-04-10_72,2.999999999999986,15,18,82,152.1448808268407,151.3474231373997,0.0023343221532090993,0.008057142857142856,0.02797714285714286,True,True,True,False,124.28249999999942,760.6455032687436,16.34813593262265,18.19718475764179,1.317594440190824,-2.0044381277712806,918.786480271427
2026-04-10T16:00:00Z,2026-04-10T16:15:00Z,2026-04-10,2026-04-10_73,0.0,17,17,83,151.3474231373997,151.6564943721823,0.0008673303795721188,0.0014571428571428572,0.33766857142857143,True,True,True,False,0.0,769.9216679427527,18.52788739030567,17.21126096943283,0.25364675691820987,-9.410530143959345,796.50393291545
2026-04-10T16:15:00Z,2026-04-10T16:30:00Z,2026-04-10,2026-04-10_74,0.0,17,17,83,151.6564943721823,151.7004767721823,0.00018963365079365077,0.011171428571428573,0.06100571428571428,True,True,True,False,0.0,769.9216679427527,18.52788739030567,17.21126096943283,1.9357251899405152,-3.3130664781985586,804.2834750142332
2026-04-10T16:30:00Z,2026-04-10T16:45:00Z,2026-04-10,2026-04-10_75,0.0,17,17,83,151.7004767721823,151.78999619578477,0.0002821019185645273,0.005537142857142858,0.10384571428571429,True,True,True,False,0.0,769.9216679427527,18.52788739030567,17.21126096943283,0.9268596871765963,-5.115874905415374,801.4718010842524
2026-04-10T16:45:00Z,2026-04-10T17:00:00Z,2026-04-10,2026-04-10_76,0.0,17,17,83,151.78999619578477,151.76021168895247,0.00023814172532781228,0.05313714285714286,0.030405714285714286,True,True,True,False,0.0,769.9216679427527,18.52788739030567,17.21126096943283,9.253334208363833,-1.6716248340386866,813.2425256768164
2026-04-10T17:00:00Z,2026-04-10T17:15:00Z,2026-04-10,2026-04-10_77,0.0003339941042631444,0,17,83,151.76021168895247,151.81991062857134,0.0001663268957669043,0.0,0.06498857142857144,True,True,True,False,0.013480002048060508,769.9216679427527,0.0,17.21126096943283,0.0,-3.5994995263056047,783.546909387928
2026-04-10T17:15:00Z,2026-04-10T17:30:00Z,2026-04-10,2026-04-10_78,0.0,0,17,83,151.81991062857134,151.8199999999999,2.482539682539683e-07,0.0,9.714285714285715e-05,True,True,True,False,0.0,769.9216679427527,0.0,17.21126096943283,0.0,-0.007628471024430741,787.1253004411611
2026-04-10T17:30:00Z,2026-04-10T17:45:00Z,2026-04-10,2026-04-10_79,17.0,0,17,83,151.8199999999999,147.20043478260862,0.012832125603864732,0.0,0.0,True,True,True,False,970.4875,769.9216679427527,0.0,17.21126096943283,0.0,0.0,1757.6204289121856
2026-04-10T17:45:00Z,2026-04-10T18:00:00Z,2026-04-10,2026-04-10_80,17.0,0,17,83,147.20043478260862,142.58086956521734,0.012832125603864736,0.0,0.0,True,True,True,False,1236.5375,769.9216679427527,0.0,17.21126096943283,0.0,0.0,2023.6704289121853
2026-04-10T18:00:00Z,2026-04-10T18:15:00Z,2026-04-10,2026-04-10_81,100.0,0,100,0,142.58086956521734,115.40695652173909,0.07548309178743962,0.0,0.0,True,True,True,False,6787.0,0.0,0.0,101.242711584899,0.0,0.0,6888.242711584899
2026-04-10T18:15:00Z,2026-04-10T18:30:00Z,2026-04-10,2026-04-10_82,100.0,0,100,0,115.40695652173909,88.23304347826083,0.07548309178743962,0.0,0.0,True,True,True,False,6463.75,0.0,0.0,101.242711584899,0.0,0.0,6564.992711584899
2026-04-10T18:30:00Z,2026-04-10T18:45:00Z,2026-04-10,2026-04-10_83,100.00000000000001,0,100,0,88.23304347826083,61.05913043478256,0.07548309178743962,0.0,0.0,True,True,True,False,5877.250000000001,0.0,0.0,101.242711584899,0.0,0.0,5978.4927115849
2026-04-10T18:45:00Z,2026-04-10T19:00:00Z,2026-04-10,2026-04-10_84,18.094663705574035,0,100,0,61.05913043478256,56.517842524223546,0.014270060491187224,0.0,0.3954285714285714,True,True,True,False,933.2775172742448,0.0,0.0,101.242711584899,0.0,-19.58953934692435,1014.9306895122195
2026-04-10T19:00:00Z,2026-04-10T19:15:00Z,2026-04-10,2026-04-10_85,0.0,17,17,83,56.517842524223546,55.58189643726702,0.0028356915113871635,0.9001257142857143,0.04614285714285714,True,True,True,False,0.0,769.9216679427527,18.522881206195887,17.21126096943283,213.82231256874738,-2.289894884156619,1017.1882278029722
2026-04-10T19:15:00Z,2026-04-10T19:30:00Z,2026-04-10,2026-04-10_86,0.0,17,17,83,55.58189643726702,55.435836660869505,0.0007880327122153209,0.1976857142857143,0.0748,True,True,True,False,0.0,769.9216679427527,18.522881206195887,17.21126096943283,32.86130594936603,-4.002388126509217,834.5147279412382
2026-04-10T19:30:00Z,2026-04-10T19:45:00Z,2026-04-10,2026-04-10_87,0.0,17,17,83,55.435836660869505,55.19071482236019,0.0007082019323671498,0.23003428571428572,0.005342857142857142,True,True,True,False,0.0,769.9216679427527,18.522881206195887,17.21126096943283,37.07988120675681,-0.37715198887140694,842.3585393362669
2026-04-10T19:45:00Z,2026-04-10T20:00:00Z,2026-04-10,2026-04-10_88,0.0,17,17,83,55.19071482236019,55.22023459378876,0.00013596761904761904,0.008937142857142857,0.04264571428571429,True,True,True,False,0.0,769.9216679427527,18.522881206195887,17.21126096943283,1.22642928659773,-2.688311750930421,804.1939276540487
2026-04-10T20:00:00Z,2026-04-10T20:15:00Z,2026-04-10,2026-04-10_89,0.0,17,18,82,55.22023459378876,54.98468799999994,0.0006632332367149758,0.21818285714285715,0.0017485714285714288,True,True,True,False,0.0,760.6455032687436,18.522881206195887,18.223688085281818,34.03428978654304,-0.13731247843975333,831.2890498683246
2026-04-10T20:15:00Z,2026-04-10T20:30:00Z,2026-04-10,2026-04-10_90,0.0,17,18,82,54.98468799999994,54.56521739130429,0.0011835961352657004,0.38896,0.0036000000000000003,True,True,True,False,0.0,760.6455032687436,18.522881206195887,18.223688085281818,65.89969136776801,-0.24926273632133814,863.042501191668
2026-04-10T20:30:00Z,2026-04-10T20:45:00Z,2026-04-10,2026-04-10_91,0.0,17,18,82,54.56521739130429,54.57784418385087,0.00011895986197377501,0.01389142857142857,0.030137142857142855,True,True,True,False,0.0,760.6455032687436,18.522881206195887,18.223688085281818,1.9062976954725583,-2.1297576939580827,797.1686125617358
2026-04-10T20:45:00Z,2026-04-10T21:00:00Z,2026-04-10,2026-04-10_92,0.8402594120903935,17,18,82,54.57784418385087,54.56521739130429,0.0011817591078016564,0.002428571428571429,0.23533714285714286,True,True,True,False,30.459403688276762,760.6455032687436,18.522881206195887,18.223688085281818,0.33326882787981793,-12.289905574112558,815.8948395022653
2026-04-10T21:00:00Z,2026-04-10T21:15:00Z,2026-04-11,2026-04-10_93,-6.05773165638653,19,10,81,54.56521739130429,55.20585707329374,0.004850775493415492,0.7466457142857142,0.02085714285714286,True,True,True,False,-211.80858736555507,751.3693385947346,20.702043701042463,10.389304434890159,141.93480415302938,-1.037910752498184,711.5489927656433
2026-04-10T21:15:00Z,2026-04-10T21:30:00Z,2026-04-11,2026-04-10_94,-9.0,19,10,81,55.20585707329374,57.14209597018815,0.005820470365769496,0.13907999999999998,0.006971428571428571,True,True,True,False,-306.4725,751.3693385947346,20.702043701042463,10.389304434890159,21.509057706578712,-0.43908626622802954,497.05815817101785
2026-04-10T21:30:00Z,2026-04-10T21:45:00Z,2026-04-11,2026-04-10_95,-9.0,19,10,81,57.14209597018815,59.0008491130453,0.005837806349206349,0.21225714285714287,0.002914285714285714,True,True,True,False,-296.8875,751.3693385947346,20.702043701042463,10.389304434890159,34.4631893178969,-0.21027632453535033,519.8260997240287
2026-04-10T21:45:00Z,2026-04-10T22:00:00Z,2026-04-11,2026-04-10_96,-9.0,19,10,81,59.0008491130453,61.05732040745524,0.005773151801242236,0.019108571428571426,0.006228571428571429,True,True,True,False,-290.09250000000003,751.3693385947346,20.702043701042463,10.389304434890159,2.622237553953202,-0.44112719634057757,494.5492970882798
2026-04-10T22:00:00Z,2026-04-10T22:15:00Z,2026-04-11,2026-04-11_1,-8.43769498715119e-15,17,17,83,61.05732040745524,59.47621481739313,0.004391959972394756,1.4546171428571428,0.0,True,True,True,False,-3.088829192421372e-13,769.9216679427527,18.522881206195887,17.66181753931327,317.64238409239425,0.0,1123.7487507806559
2026-04-10T22:15:00Z,2026-04-10T22:30:00Z,2026-04-11,2026-04-11_2,-8.43769498715119e-15,17,17,83,59.47621481739313,58.78628935155462,0.0019164596273291963,0.6347314285714285,0.0,True,True,True,False,-3.02512459526838e-13,769.9216679427527,18.522881206195887,17.66181753931327,112.2188766896923,0.0,918.3252433779538
2026-04-10T22:30:00Z,2026-04-10T22:45:00Z,2026-04-11,2026-04-11_3,-8.43769498715119e-15,17,17,83,58.78628935155462,57.66175519006394,0.0031237060041407892,1.0345714285714287,0.0,True,True,True,False,-3.2014724204998403e-13,769.9216679427527,18.522881206195887,17.66181753931327,217.65870108453302,0.0,1023.7650677727946
2026-04-10T22:45:00Z,2026-04-10T23:00:00Z,2026-04-11,2026-04-11_4,0.0,17,17,83,57.66175519006394,57.026419786337236,0.0017648205659075227,0.5845085714285715,0.0,True,True,True,False,0.0,769.9216679427527,18.522881206195887,17.66181753931327,102.54724774525396,0.0,908.6536144335158
2026-04-10T23:00:00Z,2026-04-10T23:15:00Z,2026-04-11,2026-04-11_5,0.0,17,17,83,57.026419786337236,55.36358748820059,0.004618978605935128,1.5298057142857144,0.0,True,True,True,False,0.0,769.9216679427527,18.522881206195887,24.62541963602096,320.41136021135355,0.0,1133.481328996323
2026-04-10T23:15:00Z,2026-04-10T23:30:00Z,2026-04-11,2026-04-11_6,0.0,17,17,83,55.36358748820059,55.238187885716115,0.0003632274672187715,0.11783428571428572,0.0029142857142857143,True,True,True,False,0.0,769.9216679427527,18.522881206195887,24.62541963602096,17.3683022568495,-0.22885413073292218,830.2094169110861
2026-04-10T23:30:00Z,2026-04-10T23:45:00Z,2026-04-11,2026-04-11_7,0.0,17,17,83,55.238187885716115,55.40075451428754,0.00045157396825396825,0.0,0.17670285714285713,True,True,True,False,0.0,769.9216679427527,18.522881206195887,24.62541963602096,0.0,-9.203590360080659,803.8663784248889
2026-04-10T23:45:00Z,2026-04-11T00:00:00Z,2026-04-11,2026-04-11_8,0.0,17,17,83,55.40075451428754,55.49480603229996,0.0002665337198067633,0.0008742857142857142,0.10326285714285714,True,True,True,False,0.0,769.9216679427527,18.522881206195887,24.62541963602096,0.11997677803673443,-3.9160295244265324,809.2739160385797
2026-04-11T00:00:00Z,2026-04-11T00:15:00Z,2026-04-11,2026-04-11_9,-6.0,17,11,83,55.49480603229996,56.27032445217574,0.0045728513733609396,0.6189942857142857,0.03463428571428572,True,True,True,False,-189.75,769.9216679427527,18.522881206195887,15.9340950586018,122.30632954658275,-1.1712164012127029,735.7637573529205
2026-04-11T00:15:00Z,2026-04-11T00:30:00Z,2026-04-11,2026-04-11_10,-6.0,17,11,83,56.27032445217574,56.132962901865184,0.005385658909592823,1.4759885714285714,0.0,True,True,True,False,-183.345,769.9216679427527,18.522881206195887,15.9340950586018,293.4550527099302,0.0,914.4886969174806
2026-04-11T00:30:00Z,2026-04-11T00:45:00Z,2026-04-11,2026-04-11_11,-6.0,17,11,83,56.132962901865184,56.96929327702046,0.004389530545203589,0.5288457142857144,0.0,True,True,True,False,-181.38,769.9216679427527,18.522881206195887,15.9340950586018,91.50919406437646,0.0,714.5078382719269
2026-04-11T00:45:00Z,2026-04-11T01:00:00Z,2026-04-11,2026-04-11_12,-6.0,17,11,83,56.96929327702046,58.14682016397699,0.004183778964803313,0.2336285714285714,0.04098285714285714,True,True,True,False,-181.395,769.9216679427527,18.522881206195887,15.9340950586018,36.5708498509363,-2.0771341719042287,657.4773598865825
2026-04-11T01:00:00Z,2026-04-11T01:15:00Z,2026-04-11,2026-04-11_13,0.0,17,17,83,58.14682016397699,57.70144128198941,0.0012371635610766043,0.4097485714285714,0.0,True,True,True,False,0.0,769.9216679427527,18.522881206195887,24.62541963602096,66.52660655431498,0.0,879.5965753392845
2026-04-11T01:15:00Z,2026-04-11T01:30:00Z,2026-04-11,2026-04-11_14,0.0,17,17,83,57.70144128198941,57.73088300124407,0.0001967583988957902,0.01904,0.05449714285714286,True,True,True,False,0.0,769.9216679427527,18.522881206195887,24.62541963602096,2.6128276105777726,-3.039320111398114,812.6434762841492
2026-04-11T01:30:00Z,2026-04-11T01:45:00Z,2026-04-11,2026-04-11_15,0.0,17,17,83,57.73088300124407,57.21370287702047,0.0014366114561766732,0.4758057142857142,0.0,True,True,True,False,0.0,769.9216679427527,18.522881206195887,24.62541963602096,80.58674967116241,0.0,893.656718456132
2026-04-11T01:45:00Z,2026-04-11T02:00:00Z,2026-04-11,2026-04-11_16,0.0,17,17,83,57.21370287702047,55.222696665840346,0.005530572808833679,1.8317257142857146,0.0,True,True,True,False,0.0,769.9216679427527,18.522881206195887,24.62541963602096,380.32590974957867,0.0,1193.3958785345483
2026-04-11T02:00:00Z,2026-04-11T02:15:00Z,2026-04-11,2026-04-11_17,-17.0,17,0,83,55.222696665840346,57.09413438012606,0.005198438095238095,2.2158285714285717,0.0,True,True,True,False,-520.115,769.9216679427527,18.522881206195887,0.0,469.9260084530191,0.0,738.2555576019677
2026-04-11T02:15:00Z,2026-04-11T02:30:00Z,2026-04-11,2026-04-11_18,-17.0,17,0,83,57.09413438012606,58.9504683229832,0.005156483174603176,2.232245714285714,0.0,True,True,True,False,-517.395,769.9216679427527,18.522881206195887,0.0,475.6488467939386,0.0,746.6983959428873
2026-04-11T02:30:00Z,2026-04-11T02:45:00Z,2026-04-11,2026-04-11_19,-2.746048179086801,17,0,83,58.9504683229832,59.2073507378882,0.0025034218452779566,0.3535028571428571,0.0,True,True,True,False,-85.46388445362896,769.9216679427527,18.522881206195887,0.0,56.5014671299841,0.0,759.4821318253038
2026-04-11T02:45:00Z,2026-04-11T03:00:00Z,2026-04-11,2026-04-11_20,-7.105427357601002e-15,17,0,83,59.2073507378882,58.565363160248445,0.0017832988267770906,0.5906285714285715,0.0,True,True,True,False,-2.3153035044742865e-13,769.9216679427527,18.522881206195887,0.0,106.13828609570926,0.0,894.5828352446576
2026-04-11T03:00:00Z,2026-04-11T03:15:00Z,2026-04-11,2026-04-11_21,-1.1546319456101628e-14,17,17,83,58.565363160248445,57.41474825341615,0.00319615251897861,1.0585657142857143,0.0,True,True,True,False,-3.5932146147388267e-13,769.9216679427527,18.522881206195887,17.536662936568703,198.8333759473187,0.0,1004.8145880328357
2026-04-11T03:15:00Z,2026-04-11T03:30:00Z,2026-04-11,2026-04-11_22,-8.43769498715119e-15,17,17,83,57.41474825341615,57.07208637018634,0.0009945382470669473,0.32232,0.008354285714285713,True,True,True,False,-2.7165159011133257e-13,769.9216679427527,18.522881206195887,17.536662936568703,54.20015473231639,-0.6534161134622881,859.5279507043712
2026-04-11T03:30:00Z,2026-04-11T03:45:00Z,2026-04-11,2026-04-11_23,-8.43769498715119e-15,17,17,83,57.07208637018634,56.83763605465839,0.0006557194478951049,0.21643428571428572,0.0008742857142857142,True,True,True,False,-2.6255997376267713e-13,769.9216679427527,18.522881206195887,17.536662936568703,31.384394863122232,-0.06865623921987665,837.2969507094194
2026-04-11T03:45:00Z,2026-04-11T04:00:00Z,2026-04-11,2026-04-11_24,-8.43769498715119e-15,17,17,83,56.83763605465839,56.77328389565218,0.00035154075914424254,0.08781714285714286,0.033805714285714286,True,True,True,False,-2.626021622376129e-13,769.9216679427527,18.522881206195887,17.536662936568703,13.201328323222803,-1.9283267363886483,817.2542136723512
2026-04-11T04:00:00Z,2026-04-11T04:15:00Z,2026-04-11,2026-04-11_25,0.0,17,17,83,56.77328389565218,56.74457775900621,0.00019890117322291233,0.04614285714285714,0.023314285714285714,True,True,True,False,0.0,769.9216679427527,18.522881206195887,17.536662936568703,6.332107729716539,-1.2964403422715454,811.0168794729623
2026-04-11T04:15:00Z,2026-04-11T04:30:00Z,2026-04-11,2026-04-11_26,0.0,17,17,83,56.74457775900621,56.40083446459628,0.000975695817805383,0.3196971428571429,0.00408,True,True,True,False,0.0,769.9216679427527,18.522881206195887,17.536662936568703,63.635842753653684,-0.32039578302609106,869.2966590561449
2026-04-11T04:30:00Z,2026-04-11T04:45:00Z,2026-04-11,2026-04-11_27,0.0,17,17,83,56.40083446459628,55.27468401490684,0.003129188709454796,1.0362228571428571,0.0001942857142857143,True,True,True,False,0.0,769.9216679427527,18.522881206195887,17.536662936568703,208.12055070156694,-0.015256942048861482,1014.0865058450354
2026-04-11T04:45:00Z,2026-04-11T05:00:00Z,2026-04-11,2026-04-11_28,0.0,17,17,83,55.27468401490684,55.24297134906833,0.00018292375431331955,0.04488,0.018554285714285718,True,True,True,False,0.0,769.9216679427527,18.522881206195887,17.536662936568703,6.158807939219035,-1.1528157236249825,810.9872043011113
2026-04-11T05:00:00Z,2026-04-11T05:15:00Z,2026-04-11,2026-04-11_29,0.0,22,22,78,55.24297134906833,55.02091357018634,0.0006630900207039337,0.2119542857142857,0.00905142857142857,True,True,True,False,0.0,723.5408445727073,24.080923493727546,22.6491548383297,34.66380706250578,-0.6426768394571444,804.2920531278132
2026-04-11T05:15:00Z,2026-04-11T05:30:00Z,2026-04-11,2026-04-11_30,0.0,22,22,78,55.02091357018634,52.45934835279503,0.007115458937198066,2.3566399999999996,0.0,True,True,True,False,0.0,723.5408445727073,24.080923493727546,22.6491548383297,518.9956324086615,0.0,1289.2665553134261
2026-04-11T05:30:00Z,2026-04-11T05:45:00Z,2026-04-11,2026-04-11_31,0.0,22,22,78,52.45934835279503,52.391304347826086,0.00029760033126294,0.08058285714285715,0.021245714285714288,True,True,True,False,0.0,723.5408445727073,24.080923493727546,22.6491548383297,11.058251790026336,-1.3557390928289568,779.9734356019619
2026-04-11T05:45:00Z,2026-04-11T06:00:00Z,2026-04-11,2026-04-11_32,0.0,22,22,78,52.391304347826086,52.619969669565215,0.0006473277570738442,0.0020114285714285716,0.2509257142857143,True,True,True,False,0.0,723.5408445727073,24.080923493727546,22.6491548383297,0.2760250056792845,-6.930814834010642,763.6161330764332
2026-04-11T06:00:00Z,2026-04-11T06:15:00Z,2026-04-11,2026-04-11_33,1.0,24,25,75,52.619969669565215,51.31273770931677,0.0038092417943409243,0.9835885714285714,0.03628571428571428,True,True,True,False,27.9975,695.7123505506802,26.8355026797809,25.531538959891627,159.1829301204008,-1.7904998611730456,933.4693224495804
2026-04-11T06:15:00Z,2026-04-11T06:30:00Z,2026-04-11,2026-04-11_34,0.8962290760335335,24,25,75,51.31273770931677,50.76086956521764,0.0015477507131087186,0.28621714285714284,0.003,True,True,True,False,21.431077780651872,695.7123505506802,26.8355026797809,25.531538959891627,44.042500796782576,-0.23558513457800814,813.3173856332091
2026-04-11T06:30:00Z,2026-04-11T06:45:00Z,2026-04-11,2026-04-11_35,0.20142098496804905,24,25,75,50.76086956521764,50.7608695652174,0.0005620381438232509,0.04361142857142857,0.11085714285714286,True,True,True,False,3.44933436757784,695.7123505506802,26.8355026797809,25.531538959891627,5.984723986773577,-5.725105354233102,751.788345190471
2026-04-11T06:45:00Z,2026-04-11T07:00:00Z,2026-04-11,2026-04-11_36,0.0,24,25,75,50.7608695652174,50.87773714285715,0.00044057418909592826,0.019200000000000002,0.14971428571428572,True,True,True,False,0.0,695.7123505506802,26.8355026797809,25.531538959891627,2.634784145120443,-8.699811700167434,742.0143646353057
2026-04-11T07:00:00Z,2026-04-11T07:15:00Z,2026-04-11,2026-04-11_37,44.75405822361285,2,47,53,50.87773714285715,38.80434782608696,0.03355765842364717,0.002182857142857143,0.08379428571428571,True,True,True,False,658.220311323786,491.63672772248066,2.2527828494022026,47.08581188527005,0.24156832389590507,-6.56567060149933,1192.8715315033355
2026-04-11T07:15:00Z,2026-04-11T07:30:00Z,2026-04-11,2026-04-11_38,3.4940411896485895,2,47,53,38.80434782608696,38.9286232447205,0.005108421271951476,0.0009714285714285715,1.1527085714285714,True,True,True,False,19.619041279876832,491.63672772248066,2.2527828494022026,47.08581188527005,0.1075042279117902,62.731044509323844,623.4329124742653
2026-04-11T07:30:00Z,2026-04-11T07:45:00Z,2026-04-11,2026-04-11_39,0.0,2,47,53,38.9286232447205,39.442239910559,0.0014271270393374745,6.857142857142857e-05,0.5583600000000001,True,True,True,False,0.0,491.63672772248066,2.2527828494022026,47.08581188527005,0.007588533734949896,-23.626135720596032,517.3567752702918
2026-04-11T07:45:00Z,2026-04-11T08:00:00Z,2026-04-11,2026-04-11_40,0.0,2,47,53,39.442239910559,42.95966518260869,0.009771108847481023,8e-05,3.8233828571428576,True,True,True,False,0.0,491.63672772248066,2.2527828494022026,47.08581188527005,0.008853289357441547,539.3426575551313,1080.3268333016417
2026-04-11T08:00:00Z,2026-04-11T08:15:00Z,2026-04-11,2026-04-11_41,-4.0,47,43,53,42.95966518260869,39.55527122484472,0.014325406708074535,4.304662857142857,0.31893714285714286,True,True,True,False,-7.73,491.63672772248066,52.968078214264686,43.07850874609813,746.3993160268004,-4.39187409432941,1321.9607566153145
2026-04-11T08:15:00Z,2026-04-11T08:30:00Z,2026-04-11,2026-04-11_42,-4.0,47,43,53,39.55527122484472,40.313457460869564,0.006288854106280195,0.7571028571428571,0.70692,True,True,True,False,-0.0,491.63672772248066,52.968078214264686,43.07850874609813,68.35135950011077,-1.0233873372990163,655.0112868456553
2026-04-11T08:30:00Z,2026-04-11T08:45:00Z,2026-04-11,2026-04-11_43,-4.0,47,43,53,40.313457460869564,40.15634578881988,0.005394841628709455,1.0554857142857144,0.05995428571428571,True,True,True,False,-0.0,491.63672772248066,52.968078214264686,43.07850874609813,95.28940859717466,-2.542286762078646,680.4304365179395
2026-04-11T08:45:00Z,2026-04-11T09:00:00Z,2026-04-11,2026-04-11_44,-4.0,47,43,53,40.15634578881988,39.81808819875776,0.005547490131124913,1.1741942857142857,0.0014742857142857142,True,True,True,False,-0.0,491.63672772248066,52.968078214264686,43.07850874609813,106.00643623075003,-0.11577326613547828,693.573977647458
2026-04-11T09:00:00Z,2026-04-11T09:15:00Z,2026-04-11,2026-04-11_45,0.0,47,47,53,39.81808819875776,38.80434782608696,0.004188643892339545,1.15996,0.26857142857142857,True,True,True,False,0.0,491.63672772248066,52.98191884092114,47.58407444490253,102.48055425329329,-13.33693329855648,681.3463419630411
2026-04-11T09:15:00Z,2026-04-11T09:30:00Z,2026-04-11,2026-04-11_46,0.0,47,47,53,38.80434782608696,40.20433548322982,0.003888854603174604,0.0,1.5217257142857146,True,True,True,False,0.0,491.63672772248066,52.98191884092114,47.58407444490253,0.0,-26.093128244133514,566.1095927641708
2026-04-11T09:30:00Z,2026-04-11T09:45:00Z,2026-04-11,2026-04-11_47,0.0,47,47,53,40.20433548322982,42.73660813913044,0.007100584844720498,0.011011428571428571,2.76548,True,True,True,False,0.0,491.63672772248066,52.98191884092114,47.58407444490253,0.9728415661924114,186.93498149478768,780.1105440692844
2026-04-11T09:45:00Z,2026-04-11T10:00:00Z,2026-04-11,2026-04-11_48,0.0,47,47,53,42.73660813913044,42.241529639751555,0.005324471387163561,1.1094685714285715,0.77268,True,True,True,False,0.0,491.63672772248066,52.98191884092114,47.58407444490253,98.01971975465491,-13.669838859767948,676.5526019031913
2026-04-11T10:00:00Z,2026-04-11T10:15:00Z,2026-04-11,2026-04-11_49,-47.0,47,0,53,42.241529639751555,53.05152963975156,0.030027777777777778,0.0,0.0,True,True,True,False,13.160000000000002,491.63672772248066,52.98191884092114,0.0,0.0,0.0,557.7786465634018
2026-04-11T10:15:00Z,2026-04-11T10:30:00Z,2026-04-11,2026-04-11_50,-47.0,47,0,53,53.05152963975156,63.83237352546584,0.029946788571428573,0.03169142857142857,0.0,True,True,True,False,31.020000000000003,491.63672772248066,52.98191884092114,0.0,2.733313387125272,0.0,578.3719599505271
2026-04-11T10:30:00Z,2026-04-11T10:45:00Z,2026-04-11,2026-04-11_51,-47.0,47,0,53,63.83237352546584,74.64237352546584,0.03002777777777778,0.0,0.0,True,True,True,False,22.4425,491.63672772248066,52.98191884092114,0.0,0.0,0.0,567.0611465634018
2026-04-11T10:45:00Z,2026-04-11T11:00:00Z,2026-04-11,2026-04-11_52,-47.0,47,0,53,74.64237352546584,84.3323339826087,0.026916556825396825,1.2174342857142857,0.0,True,True,True,False,31.96,491.63672772248066,52.98191884092114,0.0,105.0009286766005,0.0,681.5795752400023
2026-04-11T11:00:00Z,2026-04-11T11:15:00Z,2026-04-11,2026-04-11_53,-47.0,47,0,53,84.3323339826087,91.93293763975156,0.021112787936507935,3.488474285714286,0.0,True,True,True,False,42.4175,491.63672772248066,52.95423758760822,0.0,360.80509412467507,0.0,947.813559434764
2026-04-11T11:15:00Z,2026-04-11T11:30:00Z,2026-04-11,2026-04-11_54,-47.0,47,0,53,91.93293763975156,101.75311226832298,0.027278262857142858,1.0758971428571429,0.0,True,True,True,False,49.114999999999995,491.63672772248066,52.95423758760822,0.0,89.79222066474273,0.0,683.4981859748316
2026-04-11T11:30:00Z,2026-04-11T11:45:00Z,2026-04-11,2026-04-11_55,-47.0,47,0,53,101.75311226832298,111.65457809689441,0.027504071746031748,0.9875371428571429,0.0,True,True,True,False,63.5675,491.63672772248066,52.95423758760822,0.0,82.41787203800774,0.0,690.5763373480967
2026-04-11T11:45:00Z,2026-04-11T12:00:00Z,2026-04-11,2026-04-11_56,-47.0,47,0,53,111.65457809689441,120.53063821118012,0.024655722539682536,2.1021085714285714,0.0,True,True,True,False,74.495,491.63672772248066,52.95423758760822,0.0,221.2453073426838,0.0,840.3312726527727
2026-04-11T12:00:00Z,2026-04-11T12:15:00Z,2026-04-11,2026-04-11_57,-12.0,47,35,53,120.53063821118012,118.84227269565217,0.014464685162180812,4.259542857142857,0.0,True,True,True,False,13.5,491.63672772248066,52.95423758760822,35.43494905471465,474.71027580849164,0.0,1068.2361901732952
2026-04-11T12:15:00Z,2026-04-11T12:30:00Z,2026-04-11,2026-04-11_58,-12.0,47,35,53,118.84227269565217,121.28643564720497,0.008179438150448587,0.3091257142857143,0.007599999999999999,True,True,True,False,13.23,491.63672772248066,52.95423758760822,35.43494905471465,26.095776575545703,-0.5968156742642872,618.7548752660849
2026-04-11T12:30:00Z,2026-04-11T12:45:00Z,2026-04-11,2026-04-11_59,-12.0,47,35,53,121.28643564720497,122.77767086708074,0.009724445659075223,1.241337142857143,0.03,True,True,True,False,12.600000000000001,491.63672772248066,52.95423758760822,35.43494905471465,205.69368554657154,-2.3558513457800814,795.963748565595
2026-04-11T12:45:00Z,2026-04-11T13:00:00Z,2026-04-11,2026-04-11_60,-12.0,47,35,53,122.77767086708074,122.65436711552795,0.012072948516218082,2.7609142857142857,0.0,True,True,True,False,7.77,491.63672772248066,52.95423758760822,35.43494905471465,424.0491595724691,0.0,1011.8450739372726
2026-04-11T13:00:00Z,2026-04-11T13:15:00Z,2026-04-11,2026-04-11_61,-47.0,0,0,53,122.65436711552795,133.46436711552795,0.030027777777777778,0.0,0.0,True,False,True,False,-0.0,491.63672772248066,0.0,0.0,0.0,0.0,491.63672772248066
2026-04-11T13:15:00Z,2026-04-11T13:30:00Z,2026-04-11,2026-04-11_62,-45.80709949770457,0,0,53,133.46436711552795,144.0,0.02926564690131125,0.0,0.0,True,False,True,False,-0.11451774874426143,491.63672772248066,0.0,0.0,0.0,0.0,491.5222099737364
2026-04-11T13:30:00Z,2026-04-11T13:45:00Z,2026-04-11,2026-04-11_63,-47.0,0,0,53,144.0,154.81,0.030027777777777778,0.0,0.0,True,False,True,False,-0.11750000000000001,491.63672772248066,0.0,0.0,0.0,0.0,491.51922772248065
2026-04-11T13:45:00Z,2026-04-11T14:00:00Z,2026-04-11,2026-04-11_64,-47.0,0,0,53,154.81,165.62,0.030027777777777778,0.0,0.0,True,False,True,False,-0.11750000000000001,491.63672772248066,0.0,0.0,0.0,0.0,491.51922772248065
2026-04-11T14:00:00Z,2026-04-11T14:15:00Z,2026-04-11,2026-04-11_65,-9.999999999999938,63,53,37,165.62,167.51000770186334,0.007574486542443026,0.45755999999999997,0.08177142857142858,True,True,True,False,-0.0,343.21809293833553,68.92190352788738,54.12686259497025,49.55485199363919,-4.698313345056499,511.1233977097759
2026-04-11T14:15:00Z,2026-04-11T14:30:00Z,2026-04-11,2026-04-11_66,-9.59072219188041,63,53,37,167.51000770186334,168.03936227141253,0.00955553984102589,1.5793199999999998,0.0,True,True,True,False,-2.997100684962628,343.21809293833553,68.92190352788738,54.12686259497025,171.0441665586901,0.0,634.3139249349207
2026-04-11T14:30:00Z,2026-04-11T14:45:00Z,2026-04-11,2026-04-11_67,-1.1368683772161603e-13,63,53,37,168.03936227141253,171.73979771985978,0.010333335182884821,0.009000000000000001,4.032845714285714,True,True,True,False,-5.172751116333529e-13,343.21809293833553,68.92190352788738,54.12686259497025,0.9747217150597798,-48.96308724671093,418.2784935295415
2026-04-11T14:45:00Z,2026-04-11T15:00:00Z,2026-04-11,2026-04-11_68,-0.20433974243693984,63,53,37,171.73979771985978,171.4374596571429,0.007940296801757677,1.4587199999999998,1.3428685714285713,True,True,True,False,-3.084508412085607,343.21809293833553,68.92190352788738,54.12686259497025,248.47410980623116,-66.93884918681059,644.7176112685281
2026-04-11T15:00:00Z,2026-04-11T15:15:00Z,2026-04-11,2026-04-11_69,-1.0,0,99,0,171.4374596571429,178.90962080000006,0.020756003174603174,0.0,7.8719142857142845,True,True,True,False,-3.51,0.0,0.0,101.92119677248365,0.0,28.39403207323332,126.80522884571697
2026-04-11T15:15:00Z,2026-04-11T15:30:00Z,2026-04-11,2026-04-11_70,-0.9999999999998319,0,99,0,178.90962080000006,187.28425462857146,0.023262871746031637,0.0,8.852862857142856,True,True,True,False,-7.43499999999875,0.0,0.0,101.92119677248365,0.0,319.4709123202611,413.957109092746
2026-04-11T15:30:00Z,2026-04-11T15:45:00Z,2026-04-11,2026-04-11_71,0.0,0,99,0,187.28425462857146,190.00000000000003,0.007543737142857143,0.0,2.9518971428571428,True,True,True,False,0.0,0.0,0.0,101.92119677248365,0.0,-149.59999370651138,-47.67879693402773
2026-04-11T15:45:00Z,2026-04-11T16:00:00Z,2026-04-11,2026-04-11_72,100.0,0,99,0,190.00000000000003,164.83129813664598,0.069913060731539,0.0,1.8447942857142858,True,True,True,False,4054.2499999999995,0.0,0.0,101.92119677248365,0.0,-95.38626252261197,4060.784934249871
2026-04-11T16:00:00Z,2026-04-11T16:15:00Z,2026-04-11,2026-04-11_73,0.0,100,100,0,164.83129813664598,162.71142236024846,0.005888543823326431,1.9502857142857142,0.0,True,True,True,False,0.0,0.0,108.987572884151,103.06849637787856,344.2537426905505,0.0,556.30981195258
2026-04-11T16:15:00Z,2026-04-11T16:30:00Z,2026-04-11,2026-04-11_74,0.0,100,100,0,162.71142236024846,153.7350248447205,0.024934437543133195,8.258285714285714,0.0,True,True,True,False,0.0,0.0,108.987572884151,103.06849637787856,1764.7685980721283,0.0,1976.8246673341578
2026-04-11T16:30:00Z,2026-04-11T16:45:00Z,2026-04-11,2026-04-11_75,0.0,100,100,0,153.7350248447205,142.87229192546584,0.03017425810904072,9.993714285714287,0.0,True,True,True,False,0.0,0.0,108.987572884151,103.06849637787856,2196.1921412164606,0.0,2408.2482104784904
2026-04-11T16:45:00Z,2026-04-11T17:00:00Z,2026-04-11,2026-04-11_76,0.0,100,100,0,142.87229192546584,126.92011801242236,0.04431159420289855,14.676,0.0,True,True,True,False,0.0,0.0,108.987572884151,103.06849637787856,5024.250245597503,0.0,5236.306314859532
2026-04-11T17:00:00Z,2026-04-11T17:15:00Z,2026-04-11,2026-04-11_77,16.999999999999993,0,0,83,126.92011801242236,122.30055279503107,0.012832125603864727,0.0,0.0,True,False,True,False,604.7749999999997,769.9216679427527,0.0,0.0,0.0,0.0,1374.6966679427524
2026-04-11T17:15:00Z,2026-04-11T17:30:00Z,2026-04-11,2026-04-11_78,0.2606258834287963,0,0,83,122.30055279503107,122.22973054409933,0.00019672847481038366,0.0,0.0,True,False,True,False,8.848900307116207,769.9216679427527,0.0,0.0,0.0,0.0,778.7705682498689
2026-04-11T17:30:00Z,2026-04-11T17:45:00Z,2026-04-11,2026-04-11_79,16.999999999999993,0,0,83,122.22973054409933,117.61016532670803,0.012832125603864727,0.0,0.0,True,False,True,False,742.6024999999996,769.9216679427527,0.0,0.0,0.0,0.0,1512.5241679427522
2026-04-11T17:45:00Z,2026-04-11T18:00:00Z,2026-04-11,2026-04-11_80,16.999999999999993,0,0,83,117.61016532670803,112.99060010931673,0.012832125603864727,0.0,0.0,True,False,True,False,789.9899999999997,769.9216679427527,0.0,0.0,0.0,0.0,1559.9116679427525
2026-04-11T18:00:00Z,2026-04-11T18:15:00Z,2026-04-11,2026-04-11_81,26.0,0,26,74,112.99060010931673,105.94314669316766,0.019576259489302965,0.0,0.01634285714285714,True,True,True,False,1217.8400000000001,686.4361858766711,0.0,26.797809058248426,0.0,-1.2552015010138573,1929.8187934339057
2026-04-11T18:15:00Z,2026-04-11T18:30:00Z,2026-04-11,2026-04-11_82,26.0,0,26,74,105.94314669316766,99.2700286807453,0.01853643892339545,0.0,0.3607314285714286,True,True,True,False,1183.6499999999999,686.4361858766711,0.0,26.797809058248426,0.0,-7.047637050810666,1889.8363578841088
2026-04-11T18:30:00Z,2026-04-11T18:45:00Z,2026-04-11,2026-04-11_83,26.0,0,26,74,99.2700286807453,92.42896035776394,0.019002967563837132,0.0,0.20621714285714282,True,True,True,False,1011.8549999999999,686.4361858766711,0.0,26.797809058248426,0.0,-9.5329022933091,1715.5560926416103
2026-04-11T18:45:00Z,2026-04-11T19:00:00Z,2026-04-11,2026-04-11_84,26.0,0,26,74,92.42896035776394,85.36632681739127,0.019618426501035197,0.0,0.002377142857142857,True,True,True,False,917.735,686.4361858766711,0.0,26.797809058248426,0.0,-0.18667317330371694,1630.7823217616158
2026-04-11T19:00:00Z,2026-04-11T19:15:00Z,2026-04-11,2026-04-11_85,0.0,100,100,0,85.36632681739127,69.31291066832294,0.0445928226363009,14.769142857142858,0.0,True,True,True,False,0.0,0.0,105.27710701454737,103.06849637787856,9898.636934252116,0.0,10106.982537644542
2026-04-11T19:15:00Z,2026-04-11T19:30:00Z,2026-04-11,2026-04-11_86,0.0,100,100,0,69.31291066832294,51.7476932770186,0.048792270531400964,16.16,0.0,True,True,True,False,0.0,0.0,105.27710701454737,103.06849637787856,10409.264589591063,0.0,10617.61019298349
2026-04-11T19:30:00Z,2026-04-11T19:45:00Z,2026-04-11,2026-04-11_87,0.0,100,100,0,51.7476932770186,27.73713427080742,0.06669599723947549,22.089714285714283,0.0,True,True,True,False,0.0,0.0,105.27710701454737,103.06849637787856,18380.36221046166,0.0,18588.707813854086
2026-04-11T19:45:00Z,2026-04-11T20:00:00Z,2026-04-11,2026-04-11_88,0.0,100,100,0,27.73713427080742,21.911668432298104,0.01618184955141477,5.359428571428571,0.0,True,True,True,False,0.0,0.0,105.27710701454737,103.06849637787856,2198.2411181319217,0.0,2406.5867215243475
2026-04-11T20:00:00Z,2026-04-11T20:15:00Z,2026-04-11,2026-04-11_89,2.999999999999882,97,100,0,21.911668432298104,15.50539514037267,0.01779520358868176,5.143771428571428,0.0,True,True,True,False,102.79499999999595,0.0,105.68938100005887,103.06849637787856,1139.9224388221865,0.0,1451.4753162001198
2026-04-11T20:15:00Z,2026-04-11T20:30:00Z,2026-04-11,2026-04-11_90,3.0,97,100,0,15.50539514037267,11.157208804968944,0.012078295376121463,3.2503314285714286,0.0,True,True,True,False,109.47749999999999,0.0,105.68938100005887,103.06849637787856,674.4809412276791,0.0,992.7163186056165
2026-04-11T20:30:00Z,2026-04-11T20:45:00Z,2026-04-11,2026-04-11_91,3.0,97,100,0,11.157208804968944,10.0,0.003506269537612146,0.36472000000000004,0.05885714285714285,True,True,True,False,107.28750000000001,0.0,105.68938100005887,103.06849637787856,63.90873631348529,-4.621955973625683,375.33215771779703
2026-04-11T20:45:00Z,2026-04-11T21:00:00Z,2026-04-11,2026-04-11_92,3.0,97,100,0,10.0,10.113876730434782,0.004831265590062112,0.028822857142857143,1.0382857142857143,True,True,True,False,102.885,0.0,105.68938100005887,103.06849637787856,4.766225563791687,-55.927433159729524,260.4816697819996
2026-04-11T21:00:00Z,2026-04-11T21:15:00Z,2026-04-12,2026-04-11_93,-8.702897827526159e-14,100,0,0,10.113876730434782,10.096485426086975,4.830917874401687e-05,0.016,0.0,True,True,True,False,-3.292306248153146e-12,0.0,108.95812474232875,0.0,2.51290810216542,0.0,111.47103284449088
2026-04-11T21:15:00Z,2026-04-11T21:30:00Z,2026-04-12,2026-04-11_94,-0.791239200112619,100,0,0,10.096485426086975,10.18417524472066,0.0007639324375981523,0.08685714285714285,0.0,True,True,True,False,-26.49860081177161,0.0,108.95812474232875,0.0,14.337030112828451,0.0,96.79655404338558
2026-04-11T21:30:00Z,2026-04-11T21:45:00Z,2026-04-12,2026-04-11_95,-99.99999999999999,100,0,0,10.18417524472066,32.963900959006374,0.06327701587301587,0.23942857142857144,0.0,True,True,True,False,-3124.9999999999995,0.0,108.95812474232875,0.0,41.20496288131838,0.0,-2974.8369123763523
2026-04-11T21:45:00Z,2026-04-11T22:00:00Z,2026-04-12,2026-04-11_96,-99.99999999999996,100,0,0,32.963900959006374,54.41356953043494,0.05958241269841268,1.6851428571428568,0.0,True,True,True,False,-2943.7499999999986,0.0,108.95812474232875,0.0,328.7466022733965,0.0,-2506.045272984273
2026-04-11T22:00:00Z,2026-04-11T22:15:00Z,2026-04-12,2026-04-12_1,-11.999999999999996,21,9,79,54.41356953043494,54.55553614906848,0.007227892091097308,2.6404799999999997,0.00015428571428571428,True,True,True,False,-412.5599999999999,732.8170092467165,22.881206195889035,9.350373991401142,754.7676549148947,-0.012115806921154704,1107.2441285419802
2026-04-11T22:15:00Z,2026-04-11T22:30:00Z,2026-04-12,2026-04-12_2,-11.999999999999996,21,9,79,54.55553614906848,54.916414668323135,0.007264241573498965,2.41956,0.0,True,True,True,False,-412.7399999999999,732.8170092467165,22.881206195889035,9.350373991401142,569.5972092113788,0.0,921.9057986453855
2026-04-11T22:30:00Z,2026-04-11T22:45:00Z,2026-04-12,2026-04-12_3,0.0,21,9,79,54.916414668323135,54.45575216894425,0.001365309482401656,0.43799999999999994,0.016765714285714287,True,True,True,False,0.0,732.8170092467165,22.881206195889035,9.350373991401142,77.35205371341067,-0.9180970577099442,841.4825460897074
2026-04-11T22:45:00Z,2026-04-11T23:00:00Z,2026-04-12,2026-04-12_4,-11.999999999999996,21,9,79,54.45575216894425,56.15011054906847,0.007487917515527949,1.07472,0.0,True,True,True,False,-391.1399999999999,732.8170092467165,22.881206195889035,9.350373991401142,214.58531692090224,0.0,588.493906354909
2026-04-11T23:00:00Z,2026-04-11T23:15:00Z,2026-04-12,2026-04-12_5,-7.999999999999314,17,9,83,56.15011054906847,56.32414285714283,0.00576510009661829,1.6521085714285717,0.0,True,True,True,False,-266.31999999997714,769.9216679427527,18.522881206195887,13.036986866128744,340.6051276820947,0.0,875.7666636971949
2026-04-11T23:15:00Z,2026-04-11T23:30:00Z,2026-04-12,2026-04-12_6,-8.0,17,9,83,56.32414285714283,56.03424719503103,0.005947218743961352,2.1121771428571425,0.0,True,True,True,False,-249.1,769.9216679427527,18.522881206195887,13.036986866128744,442.14153500879223,0.0,994.5230710238695
2026-04-11T23:30:00Z,2026-04-11T23:45:00Z,2026-04-12,2026-04-12_7,-7.727998742668619,17,9,83,56.03424719503103,57.3457442086958,0.0051608655474394225,0.46084571428571425,0.0,True,True,True,False,-233.63672198772906,769.9216679427527,18.522881206195887,13.036986866128744,74.31136011936313,0.0,642.1561741467115
2026-04-11T23:45:00Z,2026-04-12T00:00:00Z,2026-04-12,2026-04-12_8,-8.0,17,9,83,57.3457442086958,59.20008890434797,0.005203131400966184,0.01632,0.03348,True,True,True,False,-236.84,769.9216679427527,18.522881206195887,13.036986866128744,2.2395665233523765,-1.8224012486012133,565.0587012898285
2026-04-12T00:00:00Z,2026-04-12T00:15:00Z,2026-04-12,2026-04-12_9,0.0,17,17,83,59.20008890434797,59.23908069565232,0.00013646788129744654,0.004662857142857142,0.04789142857142857,True,True,True,False,0.0,769.9216679427527,18.522881206195887,24.62541963602096,0.6398761495292503,-3.010765638225371,810.6990792962735
2026-04-12T00:15:00Z,2026-04-12T00:30:00Z,2026-04-12,2026-04-12_10,0.0,17,17,83,59.23908069565232,59.23047400745356,8.050937198067632e-05,0.01729142857142857,0.011074285714285715,True,True,True,False,0.0,769.9216679427527,18.522881206195887,24.62541963602096,2.372874054504303,-0.7406859364088413,814.702156903065
2026-04-12T00:30:00Z,2026-04-12T00:45:00Z,2026-04-12,2026-04-12_11,0.0,17,17,83,59.23047400745356,58.47550506335418,0.002097135955831608,0.6945714285714285,0.0,True,True,True,False,0.0,769.9216679427527,18.522881206195887,24.62541963602096,130.70984224209735,0.0,943.7798110270669
2026-04-12T00:45:00Z,2026-04-12T01:00:00Z,2026-04-12,2026-04-12_12,0.0,17,17,83,58.47550506335418,57.13419450434797,0.0037258626639061414,1.2340057142857142,0.0,True,True,True,False,0.0,769.9216679427527,18.522881206195887,24.62541963602096,250.8694346607433,0.0,1063.939403445713
2026-04-12T01:00:00Z,2026-04-12T01:15:00Z,2026-04-12,2026-04-12_13,-1.999999999999825,17,15,83,57.13419450434797,57.01032911304358,0.002577772118702473,0.5483714285714285,0.0015428571428571427,True,True,True,False,-59.01999999999484,769.9216679427527,18.522881206195887,21.72831144354791,98.44848082925967,-0.08168083262517563,849.5196605891362
2026-04-12T01:15:00Z,2026-04-12T01:30:00Z,2026-04-12,2026-04-12_14,-1.999999999999825,17,15,83,57.01032911304358,57.533506862111864,0.0014858802208418485,0.0061200000000000004,0.07577142857142857,True,True,True,False,-59.04999999999483,769.9216679427527,18.522881206195887,21.72831144354791,0.8398374462571412,-4.241069825751138,747.7216282130076
2026-04-12T01:30:00Z,2026-04-12T01:45:00Z,2026-04-12,2026-04-12_15,-1.9999999999998253,17,15,83,57.533506862111864,57.90883379875778,0.0015337756521738065,0.09218857142857143,0.014914285714285713,True,True,True,False,-58.71999999999487,769.9216679427527,18.522881206195887,21.72831144354791,12.650884706317887,-1.1201071575812138,762.9836381412383
2026-04-12T01:45:00Z,2026-04-12T02:00:00Z,2026-04-12,2026-04-12_16,-1.999999999999825,17,15,83,57.90883379875778,56.97576261366457,0.00436258694271908,1.3052114285714287,0.0,True,True,True,False,-60.46499999999472,769.9216679427527,18.522881206195887,21.72831144354791,258.7712275657044,0.0,1008.4790881582062
2026-04-12T02:00:00Z,2026-04-12T02:15:00Z,2026-04-12,2026-04-12_17,0.0,17,17,83,56.97576261366457,56.31709180621115,0.0018296411318150447,0.6059771428571429,0.0,True,True,True,False,0.0,769.9216679427527,18.522881206195887,24.62541963602096,103.96308369049723,0.0,917.0330524754668
2026-04-12T02:15:00Z,2026-04-12T02:30:00Z,2026-04-12,2026-04-12_18,0.0,17,17,83,56.31709180621115,56.17818461614904,0.0003972729882677708,0.12968571428571427,0.0022342857142857143,True,True,True,False,0.0,769.9216679427527,18.522881206195887,24.62541963602096,18.000719325553412,-0.175454833561907,830.8952332769611
2026-04-12T02:30:00Z,2026-04-12T02:45:00Z,2026-04-12,2026-04-12_19,0.0,17,17,83,56.17818461614904,55.408221883229785,0.0021387853692201517,0.7083657142857143,0.0,True,True,True,False,0.0,769.9216679427527,18.522881206195887,24.62541963602096,127.00588261017108,0.0,940.0758513951406
2026-04-12T02:45:00Z,2026-04-12T03:00:00Z,2026-04-12,2026-04-12_20,0.0,17,17,83,55.408221883229785,55.108695652173886,0.0008374788957902002,0.27646857142857145,0.0010685714285714285,True,True,True,False,0.0,769.9216679427527,18.522881206195887,24.62541963602096,44.660391194725136,-0.08391318126873813,857.6464467984259
2026-04-12T03:00:00Z,2026-04-12T03:15:00Z,2026-04-12,2026-04-12_21,0.0,17,17,83,55.108695652173886,55.136342678260846,0.0002081982608695652,0.02176,0.05576,True,True,True,False,0.0,769.9216679427527,18.522881206195887,17.536662936568703,2.9860886978031687,-3.2733726446394567,805.693928138681
2026-04-12T03:15:00Z,2026-04-12T03:30:00Z,2026-04-12,2026-04-12_22,0.0,17,17,83,55.136342678260846,55.14737675527948,4.531550034506556e-05,0.002428571428571429,0.014862857142857143,True,True,True,False,0.0,769.9216679427527,18.522881206195887,17.536662936568703,0.33326882787981793,-1.1487325082244453,805.1657484051727
2026-04-12T03:30:00Z,2026-04-12T03:45:00Z,2026-04-12,2026-04-12_23,0.0,17,17,83,55.14737675527948,55.15269410186333,8.751022774327122e-05,0.012045714285714285,0.02001142857142857,True,True,True,False,0.0,769.9216679427527,18.522881206195887,17.536662936568703,1.6530133862838967,-1.4030275516814885,806.2311979201197
2026-04-12T03:45:00Z,2026-04-12T04:00:00Z,2026-04-12,2026-04-12_24,0.0,17,17,83,55.15269410186333,55.41043471304346,0.0007452767149758455,0.004857142857142858,0.2858914285714286,True,True,True,False,0.0,769.9216679427527,18.522881206195887,17.536662936568703,0.6665376557596359,-14.836753182502758,791.8109965587741
2026-04-12T04:00:00Z,2026-04-12T04:15:00Z,2026-04-12,2026-04-12_25,72.00000000000391,28,100,0,55.41043471304346,41.031995080744295,0.0470760389786078,0.0,4.986285714285715,True,True,True,False,2088.3600000001134,0.0,30.508274927852053,103.15684080334532,0.0,-115.51557010200277,2106.509545629308
2026-04-12T04:15:00Z,2026-04-12T04:30:00Z,2026-04-12,2026-04-12_26,72.00000000000391,28,100,0,41.031995080744295,21.61023663105379,0.05416440458247359,0.01184,0.1502857142857143,True,True,True,False,2121.840000000115,0.0,30.508274927852053,103.15684080334532,1.6247835561576063,-11.166968832647614,2245.9629304548225
2026-04-12T04:30:00Z,2026-04-12T04:45:00Z,2026-04-12,2026-04-12_27,0.0,28,100,0,21.61023663105379,22.119329798755658,0.0014334713595583158,0.0031999999999999997,0.557142857142857,True,True,True,False,0.0,0.0,30.508274927852053,103.15684080334532,0.43913069085340706,-16.526372914440522,117.57787350761026
2026-04-12T04:45:00Z,2026-04-12T05:00:00Z,2026-04-12,2026-04-12_28,70.95307093600863,28,100,0,22.119329798755658,21.19977739130327,0.028804105029278187,0.0,17.681142857142856,True,True,True,False,1816.0438506071407,0.0,30.508274927852053,103.15684080334532,0.0,8861.224941734747,10810.933908073084
2026-04-12T05:00:00Z,2026-04-12T05:15:00Z,2026-04-12,2026-04-12_29,0.0,100,100,0,21.19977739130327,23.184874534160414,0.005514158730158731,0.0,2.157714285714286,True,True,True,False,0.0,0.0,109.45874315330703,102.95070381058956,0.0,-38.38661696942162,174.02282999447496
2026-04-12T05:15:00Z,2026-04-12T05:30:00Z,2026-04-12,2026-04-12_30,0.0,100,100,0,23.184874534160414,24.182255900620042,0.002880924775707384,0.018285714285714287,1.1057142857142856,True,True,True,False,0.0,0.0,109.45874315330703,102.95070381058956,2.509318233448041,-0.3959445701833357,214.52282062716128
2026-04-12T05:30:00Z,2026-04-12T05:45:00Z,2026-04-12,2026-04-12_31,0.0,100,100,0,24.182255900620042,31.369295900620042,0.019964,0.0,7.811999999999999,True,True,True,False,0.0,0.0,109.45874315330703,102.95070381058956,0.0,334.6337075210554,547.043154484952
2026-04-12T05:45:00Z,2026-04-12T06:00:00Z,2026-04-12,2026-04-12_32,0.0,100,100,0,31.369295900620042,44.90118161490575,0.03758857142857142,0.0,14.708571428571426,True,True,True,False,0.0,0.0,109.45874315330703,102.95070381058956,0.0,12149.995547440954,12362.404994404851
2026-04-12T06:00:00Z,2026-04-12T06:15:00Z,2026-04-12,2026-04-12_33,0.0,100,100,0,44.90118161490575,50.470200248446126,0.016073360938578335,0.1,6.171428571428573,True,True,True,False,0.0,0.0,111.81459449908711,100.18257847929797,13.722834089168973,4442.220625478533,4667.940632546088
2026-04-12T06:15:00Z,2026-04-12T06:30:00Z,2026-04-12,2026-04-12_34,0.0,100,100,0,50.470200248446126,46.197868322980284,0.011952287094547964,3.9445714285714284,0.01657142857142857,True,True,True,False,0.0,0.0,111.81459449908711,100.18257847929797,573.2464284452223,-1.3013274100499497,783.9422740135574
2026-04-12T06:30:00Z,2026-04-12T06:45:00Z,2026-04-12,2026-04-12_35,0.0,100,100,0,46.197868322980284,46.42407950310451,0.0008319530710835058,0.03371428571428572,0.2857142857142857,True,True,True,False,0.0,0.0,111.81459449908711,100.18257847929797,4.626555492919826,-19.419731376854884,197.20399709445002
2026-04-12T06:45:00Z,2026-04-12T07:00:00Z,2026-04-12,2026-04-12_36,0.0,100,100,0,46.42407950310451,51.27484521739022,0.013474349206349205,0.0,5.272571428571428,True,True,True,False,0.0,0.0,111.81459449908711,100.18257847929797,0.0,325.15380859829645,537.1509815766815
2026-04-12T07:00:00Z,2026-04-12T07:15:00Z,2026-04-12,2026-04-12_37,0.0,100,100,0,51.27484521739022,28.213170683228732,0.06511163561076605,21.390857142857143,0.2057142857142857,True,True,True,False,0.0,0.0,112.63914247011013,100.18257847929797,13029.042287868206,-3.4929467493458306,13238.371062068269
2026-04-12T07:15:00Z,2026-04-12T07:30:00Z,2026-04-12,2026-04-12_38,0.0,100,100,0,28.213170683228732,10.011307329191467,0.050560731538992404,16.745714285714286,0.0,True,True,True,False,0.0,0.0,112.63914247011013,100.18257847929797,6054.33332660233,0.0,6267.155047551738
2026-04-12T07:30:00Z,2026-04-12T07:45:00Z,2026-04-12,2026-04-12_39,5.566199675090798e-15,100,100,0,10.011307329191467,20.707572670806375,0.03037437405106971,0.10971428571428571,11.756,True,True,True,False,1.1730765815253856e-14,0.0,112.63914247011013,100.18257847929797,10.712742631654228,4588.980460568938,4812.51492415
2026-04-12T07:45:00Z,2026-04-12T08:00:00Z,2026-04-12,2026-04-12_40,0.0,100,100,0,20.707572670806375,26.96146981366352,0.01737193650793651,0.0,6.797714285714286,True,True,True,False,0.0,0.0,112.63914247011013,100.18257847929797,0.0,810.5130256703659,1023.334746619774
2026-04-12T08:00:00Z,2026-04-12T08:15:00Z,2026-04-12,2026-04-12_41,0.0,69,69,31,26.96146981366352,27.905294499377806,0.0026360209523809525,0.0023657142857142857,1.0286914285714286,True,True,True,False,0.0,287.56110489428113,77.76164674009071,67.39884563284056,0.2289499802276762,8.996632263384182,441.94717951082424
2026-04-12T08:15:00Z,2026-04-12T08:30:00Z,2026-04-12,2026-04-12_42,1.0064977347897874e-14,69,69,31,27.905294499377806,31.20041975652066,0.009193601904761909,0.006702857142857143,3.589577142857143,True,True,True,False,2.1237102204064512e-14,287.56110489428113,77.76164674009071,67.39884563284056,0.6486916106450826,316.2699557941323,749.6402446719898
2026-04-12T08:30:00Z,2026-04-12T08:45:00Z,2026-04-12,2026-04-12_43,0.0,69,69,31,31.20041975652066,34.16475438509209,0.00823426285714286,0.0,3.2221028571428576,True,True,True,False,0.0,287.56110489428113,77.76164674009071,67.39884563284056,0.0,198.84151681825452,631.563114085467
2026-04-12T08:45:00Z,2026-04-12T09:00:00Z,2026-04-12,2026-04-12_44,0.0,69,69,31,34.16475438509209,34.28072718509209,0.001467384761904762,0.18965142857142855,0.35012571428571426,True,True,True,False,0.0,287.56110489428113,77.76164674009071,67.39884563284056,18.35415674825204,-12.283303913237358,438.79245010222706
2026-04-12T09:00:00Z,2026-04-12T09:15:00Z,2026-04-12,2026-04-12_45,-5.9999999999981455,57,51,43,34.28072718509209,34.8647775900606,0.005838925383021731,0.7804114285714285,0.04196571428571428,True,True,True,False,-19.364999999994016,398.87508098239,71.58990517698332,50.43229872195064,76.5013712064483,-3.053601581785903,574.9800545059924
2026-04-12T09:15:00Z,2026-04-12T09:30:00Z,2026-04-12,2026-04-12_46,-5.9999999999981455,57,51,43,34.8647775900606,35.910880616147125,0.0046023220703922466,0.31398857142857145,0.00204,True,True,True,False,-16.514999999994895,398.87508098239,71.58990517698332,50.43229872195064,30.779349684063508,-0.16019789151304553,535.0014366738795
2026-04-12T09:30:00Z,2026-04-12T09:45:00Z,2026-04-12,2026-04-12_47,-5.999999999998139,57,51,43,35.910880616147125,36.46409316769948,0.005718067991717379,0.7738971428571428,0.0008742857142857143,True,True,True,False,-13.379999999995851,398.87508098239,71.58990517698332,50.43229872195064,75.86279548686191,-0.06865623921987665,583.3114241289701
2026-04-12T09:45:00Z,2026-04-12T10:00:00Z,2026-04-12,2026-04-12_48,-6.000000000029101,57,51,43,36.46409316769948,34.44142304596731,0.011573293830237277,3.181902857142857,0.0,True,True,True,False,-8.83500000004285,398.87508098239,71.58990517698332,50.43229872195064,311.91231023196724,0.0,823.9745951132484
2026-04-12T10:00:00Z,2026-04-12T10:15:00Z,2026-04-12,2026-04-12_49,-51.99999999999079,57,5,43,34.44142304596731,41.99635959254891,0.0234824841959956,4.7130857142857145,0.0,True,True,True,False,-13.77999999999756,398.87508098239,72.83202779904587,4.9443430119559455,552.9309958351913,0.0,1015.8024476285856
2026-04-12T10:15:00Z,2026-04-12T10:30:00Z,2026-04-12,2026-04-12_50,-51.99999999999079,57,5,43,41.99635959254891,50.64236368695664,0.025894869896477643,3.545725714285714,0.0,True,True,True,False,-3.5099999999993785,398.87508098239,72.83202779904587,4.9443430119559455,355.48585492330864,0.0,828.627306716701
2026-04-12T10:30:00Z,2026-04-12T10:45:00Z,2026-04-12,2026-04-12_51,-51.99999999999074,57,5,43,50.64236368695664,61.73793737142654,0.03131292897169955,0.9286114285714285,0.0038000000000000004,True,True,True,False,-0.12999999999997686,398.87508098239,72.83202779904587,4.9443430119559455,82.34938618293184,-0.2393715766535132,558.6314663996701
2026-04-12T10:45:00Z,2026-04-12T11:00:00Z,2026-04-12,2026-04-12_52,-51.99999999999079,57,5,43,61.73793737142654,72.96698165465422,0.031608111276737405,0.7859485714285714,0.003942857142857143,True,True,True,False,-0.12999999999997697,398.87508098239,72.83202779904587,4.9443430119559455,69.69802485423169,-0.2774018325157968,545.9420748151077
2026-04-12T11:00:00Z,2026-04-12T11:15:00Z,2026-04-12,2026-04-12_53,0.0,100,100,0,72.96698165465422,75.8363809093126,0.00802576397515528,0.009142857142857144,3.129714285714286,True,True,True,False,0.0,0.0,125.53742858825609,98.8868602391189,0.8077563600974874,100.13770837364925,325.36975356112174
2026-04-12T11:15:00Z,2026-04-12T11:30:00Z,2026-04-12,2026-04-12_54,0.0,100,100,0,75.8363809093126,95.21000376645546,0.05381561904761904,0.0,21.058285714285713,True,True,True,False,0.0,0.0,125.53742858825609,98.8868602391189,0.0,10262.607973210603,10487.032262037977
2026-04-12T11:30:00Z,2026-04-12T11:45:00Z,2026-04-12,2026-04-12_55,0.0,100,100,0,95.21000376645546,98.16319035030638,0.008403434092477572,0.03314285714285714,3.2491428571428576,True,True,True,False,0.0,0.0,125.53742858825609,98.8868602391189,2.9281168053533917,607.7205424067265,835.0729480394549
2026-04-12T11:45:00Z,2026-04-12T12:00:00Z,2026-04-12,2026-04-12_56,0.0,100,100,0,98.16319035030638,117.43267904595855,0.05362297584541063,0.016,20.964,True,True,True,False,0.0,0.0,125.53742858825609,98.8868602391189,1.413573630170603,24351.720994169264,24577.55885662681
2026-04-12T12:00:00Z,2026-04-12T12:15:00Z,2026-04-12,2026-04-12_57,-57.0,0,0,43,117.43267904595855,130.54267904595855,0.03641666666666667,0.0,0.0,True,False,True,False,-0.0,398.87508098239,0.0,0.0,0.0,0.0,398.87508098239
2026-04-12T12:15:00Z,2026-04-12T12:30:00Z,2026-04-12,2026-04-12_58,-57.0,0,0,43,130.54267904595855,143.65267904595856,0.03641666666666667,0.0,0.0,True,False,True,False,-0.0,398.87508098239,0.0,0.0,0.0,0.0,398.87508098239
2026-04-12T12:30:00Z,2026-04-12T12:45:00Z,2026-04-12,2026-04-12_59,-57.0,0,0,43,143.65267904595856,156.76267904595858,0.03641666666666667,0.0,0.0,True,False,True,False,-0.0,398.87508098239,0.0,0.0,0.0,0.0,398.87508098239
2026-04-12T12:45:00Z,2026-04-12T13:00:00Z,2026-04-12,2026-04-12_60,-57.0,0,0,43,156.76267904595858,169.8726790459586,0.03641666666666667,0.0,0.0,True,False,True,False,-1.995,398.87508098239,0.0,0.0,0.0,0.0,396.88008098239
2026-04-12T13:00:00Z,2026-04-12T13:15:00Z,2026-04-12,2026-04-12_61,-7.9999999999998295,61,53,39,169.8726790459586,171.5700709267039,0.005737303188405692,0.1948514285714286,0.07056571428571429,True,True,True,False,-5.17999999999989,361.77042228635366,68.70987690676718,53.09676659402792,18.186821894833678,-4.728929403548921,491.8549582784336
2026-04-12T13:15:00Z,2026-04-12T13:30:00Z,2026-04-12,2026-04-12_62,-5.792968180961922,61,53,39,171.5700709267039,171.4630021068317,0.0071225793283451865,1.3576857142857144,0.01605142857142857,True,True,True,False,-12.20868044137725,361.77042228635366,68.70987690676718,53.09676659402792,126.72213109190906,-1.2604926533897616,596.8300237842908
2026-04-12T13:30:00Z,2026-04-12T13:45:00Z,2026-04-12,2026-04-12_63,-7.9999999999998295,61,53,39,171.4630021068317,170.29486614658322,0.01162736560386467,2.8345828571428573,0.011811428571428572,True,True,True,False,-16.599999999999646,361.77042228635366,68.70987690676718,53.09676659402792,264.5710834504248,-0.9275323298528435,730.6206169077211
2026-04-12T13:45:00Z,2026-04-12T14:00:00Z,2026-04-12,2026-04-12_64,-7.9999999999998295,61,53,39,170.29486614658322,172.05999999999932,0.005512155804002653,0.11607428571428573,0.053,True,True,True,False,-1.2999999999999723,361.77042228635366,68.70987690676718,53.09676659402792,10.834010180643316,-3.834808096275791,489.2762678715163
2026-04-12T14:00:00Z,2026-04-12T14:15:00Z,2026-04-12,2026-04-12_65,0.0,18,100,0,172.05999999999932,176.91586832298069,0.013512746721877156,0.004011428571428571,5.282857142857143,True,True,True,False,0.0,0.0,19.691972436539253,100.18257847929797,0.45006406232909557,699.1019326394791,819.4265476176454
2026-04-12T14:15:00Z,2026-04-12T14:30:00Z,2026-04-12,2026-04-12_66,0.0,18,100,0,176.91586832298069,185.36357118012353,0.023465841269841272,0.0,9.182285714285713,True,True,True,False,0.0,0.0,19.691972436539253,100.18257847929797,0.0,3241.141171923861,3361.015722839698
2026-04-12T14:30:00Z,2026-04-12T14:45:00Z,2026-04-12,2026-04-12_67,0.0,18,100,0,185.36357118012353,189.71852173912976,0.012103296066252588,0.0010285714285714286,4.734857142857143,True,True,True,False,0.0,0.0,19.691972436539253,100.18257847929797,0.11540104162284504,947.0755383541012,1067.0654903115612
2026-04-12T14:45:00Z,2026-04-12T15:00:00Z,2026-04-12,2026-04-12_68,81.69020218578036,18,100,0,189.71852173912976,167.17261204799388,0.06267565553121923,0.36966857142857146,0.05142857142857143,True,True,True,False,1896.0295927319623,0.0,19.691972436539253,100.18257847929797,41.475134359250504,-3.60647186019705,2053.772806146853
2026-04-12T15:00:00Z,2026-04-12T15:15:00Z,2026-04-12,2026-04-12_69,-100.0,91,0,0,167.17261204799388,189.9999096479939,0.06340916,0.18772,0.0,True,True,True,False,-62.5,0.0,99.17869132457741,0.0,25.760504152187995,0.0,62.439195476765406
2026-04-12T15:15:00Z,2026-04-12T15:30:00Z,2026-04-12,2026-04-12_70,-0.9548068210476838,91,0,0,189.9999096479939,189.99999999999932,0.0012089321422722732,0.20228,0.0,True,True,True,False,-20.790918528313313,0.0,99.17869132457741,0.0,27.758548795570995,0.0,106.14632159183509
2026-04-12T15:30:00Z,2026-04-12T15:45:00Z,2026-04-12,2026-04-12_71,8.553752862380108,91,0,0,189.99999999999932,187.56482802652647,0.006764366592980155,0.10192000000000001,0.0,True,True,True,False,253.1483159621393,0.0,99.17869132457741,0.0,13.986312503681019,0.0,366.3133197903977
2026-04-12T15:45:00Z,2026-04-12T16:00:00Z,2026-04-12,2026-04-12_72,9.0,91,0,0,187.56482802652647,184.99200193956997,0.007146739130434782,0.11699999999999999,0.0,True,True,True,False,298.17,0.0,99.17869132457741,0.0,16.055715884327697,0.0,413.4044072089051
2026-04-12T16:00:00Z,2026-04-12T16:15:00Z,2026-04-12,2026-04-12_73,49.75429470372309,0,100,0,184.99200193956997,182.3387657142851,0.03519231207262133,0.0,10.833714285714285,True,True,True,False,1383.9157071840577,0.0,0.0,103.06849637787856,0.0,5339.274757557655,6826.258961119592
2026-04-12T16:15:00Z,2026-04-12T16:30:00Z,2026-04-12,2026-04-12_74,-3.1279326954656583e-13,0,100,0,182.3387657142851,189.99999999999946,0.02128120634920655,0.0,8.327428571428571,True,True,True,False,-9.503441511998537e-12,0.0,0.0,103.06849637787856,0.0,2093.0411424757194,2196.1096388535884
2026-04-12T16:30:00Z,2026-04-12T16:45:00Z,2026-04-12,2026-04-12_75,100.0,0,100,0,189.99999999999946,170.78322981366406,0.053379917184265005,0.0,7.320571428571429,True,True,True,False,3351.0,0.0,0.0,103.06849637787856,0.0,1235.8352499305865,4689.903746308465
2026-04-12T16:45:00Z,2026-04-12T17:00:00Z,2026-04-12,2026-04-12_76,100.0,0,100,0,170.78322981366406,153.93043478260816,0.046813319530710835,0.0,9.49542857142857,True,True,True,False,3519.0,0.0,0.0,103.06849637787856,0.0,1999.7853149689108,5621.853811346789
2026-04-12T17:00:00Z,2026-04-12T17:15:00Z,2026-04-12,2026-04-12_77,100.0,0,100,0,153.93043478260816,134.04285714285663,0.055243271221532095,0.0,6.703428571428571,True,True,True,False,3335.75,0.0,0.0,103.06849637787856,0.0,1450.7026414141837,4889.521137792062
2026-04-12T17:15:00Z,2026-04-12T17:30:00Z,2026-04-12,2026-04-12_78,2.412910426291198,0,100,0,134.04285714285663,135.1597256546579,0.006465583369536983,0.0,1.9182857142857144,True,True,True,False,79.39078530104615,0.0,0.0,103.06849637787856,0.0,-26.60902593960607,155.85025573931864
2026-04-12T17:30:00Z,2026-04-12T17:45:00Z,2026-04-12,2026-04-12_79,100.0,0,100,0,135.1597256546579,108.1007194434778,0.075163906142167,0.0,0.10571428571428572,True,True,True,False,3511.75,0.0,0.0,103.06849637787856,0.0,-8.083945714453991,3606.7345506634247
2026-04-12T17:45:00Z,2026-04-12T18:00:00Z,2026-04-12,2026-04-12_80,100.0,0,100,0,108.1007194434778,88.39388714534115,0.05474120082815733,0.0,6.869714285714286,True,True,True,False,3926.2500000000005,0.0,0.0,103.06849637787856,0.0,234.6575825038773,4263.976078881757
2026-04-12T18:00:00Z,2026-04-12T18:15:00Z,2026-04-12,2026-04-12_81,17.0,0,17,83,88.39388714534115,84.09489335652128,0.011941649413388543,0.0,0.2949257142857143,True,True,True,False,620.1175,769.9216679427527,0.0,17.521644384239355,0.0,-12.466816871261138,1395.093995455731
2026-04-12T18:15:00Z,2026-04-12T18:30:00Z,2026-04-12,2026-04-12_82,17.0,0,17,83,84.09489335652128,79.57447720745296,0.012556711525189786,0.0,0.09121714285714284,True,True,True,False,615.8675,769.9216679427527,0.0,17.521644384239355,0.0,-5.31072985620893,1398.0000824707831
2026-04-12T18:30:00Z,2026-04-12T18:45:00Z,2026-04-12,2026-04-12_83,17.0,0,17,83,79.57447720745296,75.67788714534116,0.010823861283643892,0.0,0.665137142857143,True,True,True,False,609.2375,769.9216679427527,0.0,17.521644384239355,0.0,-28.427603956708435,1368.2532083702836
2026-04-12T18:45:00Z,2026-04-12T19:00:00Z,2026-04-12,2026-04-12_84,17.0,0,17,83,75.67788714534116,71.57983124472004,0.011383488612836438,0.0,0.47978857142857145,True,True,True,False,594.1075,769.9216679427527,0.0,17.521644384239355,0.0,-19.501907296127712,1362.0489050308643
2026-04-12T19:00:00Z,2026-04-12T19:15:00Z,2026-04-12,2026-04-12_85,16.0,1,17,83,71.57983124472004,67.53670526211134,0.011315954396135265,0.0,0.28287999999999996,True,True,True,False,563.68,769.9216679427527,1.0527710701454738,17.521644384239355,0.0,-14.417788876455228,1337.7582945206823
2026-04-12T19:15:00Z,2026-04-12T19:30:00Z,2026-04-12,2026-04-12_86,16.0,1,17,83,67.53670526211134,63.359435895651714,0.011651132367149757,0.0,0.15834285714285715,True,True,True,False,541.2,769.9216679427527,1.0527710701454738,17.521644384239355,0.0,-8.420083565412737,1321.275999831725
2026-04-12T19:30:00Z,2026-04-12T19:45:00Z,2026-04-12,2026-04-12_87,16.0,1,17,83,63.359435895651714,59.163269932918794,0.011698365769496203,5.714285714285714e-05,0.14085714285714285,True,True,True,False,549.2,769.9216679427527,1.0527710701454738,17.521644384239355,0.007841619479525127,-7.486165711705496,1330.2177593049116
2026-04-12T19:45:00Z,2026-04-12T20:00:00Z,2026-04-12,2026-04-12_88,16.000000000000316,1,17,83,59.163269932918794,55.10869565217337,0.011345126652864251,0.0018685714285714286,0.27413714285714286,True,True,True,False,533.6400000000106,769.9216679427527,1.0527710701454738,17.521644384239355,0.2564209569804717,-4.967373424314069,1317.4251309298145
2026-04-12T20:00:00Z,2026-04-12T20:15:00Z,2026-04-12,2026-04-12_89,1.0,19,20,80,55.10869565217337,53.849403915527404,0.0036750522843340227,0.9396857142857142,0.03645714285714286,True,True,True,False,34.8975,742.0931739207256,20.702043701042463,20.613699275575712,173.22098974363288,-1.8330992402379411,989.6943074007387
2026-04-12T20:15:00Z,2026-04-12T20:30:00Z,2026-04-12,2026-04-12_90,1.0,19,20,80,53.849403915527404,53.70483538881933,0.002519711304347826,0.2555771428571429,0.4362285714285714,True,True,True,False,33.675,742.0931739207256,20.702043701042463,20.613699275575712,42.29845115787289,-21.51160011106156,837.8707679441551
2026-04-12T20:30:00Z,2026-04-12T20:45:00Z,2026-04-12,2026-04-12_91,0.7163434330102285,19,20,80,53.70483538881933,53.47826086956469,0.0008445180539264707,0.0665542857142857,0.04365714285714286,True,True,True,False,23.051931674269152,742.0931739207256,20.702043701042463,20.613699275575712,9.133134207802915,-2.3400801101640964,813.2539026692517
2026-04-12T20:45:00Z,2026-04-12T21:00:00Z,2026-04-12,2026-04-12_92,0.3896698362319997,19,20,80,53.47826086956469,53.47826086956469,0.0007989808803866773,0.038,0.15942857142857145,True,True,True,False,11.63359296070635,742.0931739207256,20.702043701042463,20.613699275575712,4.5330910732866085,-4.1623198404752095,795.4132810908615
2026-04-12T21:00:00Z,2026-04-12T21:15:00Z,2026-04-13,2026-04-12_93,0.0,21,16,79,53.47826086956469,53.17262934658333,0.001188704706694272,0.33744,0.06646857142857143,True,True,True,False,0.0,732.8170092467165,22.881206195889035,16.622887095824254,53.10746611696802,-2.1532961983851204,823.2752724570126
2026-04-12T21:15:00Z,2026-04-12T21:30:00Z,2026-04-13,2026-04-12_94,-5.000000000000014,21,16,79,53.17262934658333,54.32819508074482,0.0032253637543133286,0.00336,0.009874285714285714,True,True,True,False,-149.26250000000041,732.8170092467165,22.881206195889035,16.622887095824254,0.4610872253960775,-0.7754116429539011,622.7442781208715
2026-04-12T21:30:00Z,2026-04-12T21:45:00Z,2026-04-13,2026-04-12_95,-5.000000000000014,21,16,79,54.32819508074482,55.22347294409886,0.0036059995859213335,0.24324,0.0,True,True,True,False,-149.27500000000043,732.8170092467165,22.881206195889035,16.622887095824254,34.08134455503858,0.0,657.1274470934679
2026-04-12T21:45:00Z,2026-04-12T22:00:00Z,2026-04-13,2026-04-12_96,-5.000000000000014,21,16,79,55.22347294409886,56.130053555278984,0.0037174513181504566,0.26064,0.03209142857142857,True,True,True,False,-137.7875000000004,732.8170092467165,22.881206195889035,16.622887095824254,36.7256941869368,-0.9236184934330642,670.3356782319331
2026-04-12T22:00:00Z,2026-04-12T22:15:00Z,2026-04-13,2026-04-13_1,-0.6644618024225859,17,16,83,56.130053555278984,55.86981728198899,0.0016947585689981038,0.4166457142857143,0.04032,True,True,True,False,-20.48701852319438,769.9216679427527,18.522881206195887,16.622887095824254,69.99275008960649,-1.538780658460451,853.0343871527245
2026-04-12T22:15:00Z,2026-04-12T22:30:00Z,2026-04-13,2026-04-13_2,-0.9999999999999416,17,16,83,55.86981728198899,55.47032695652314,0.0022117677294685727,0.5844114285714286,0.0,True,True,True,False,-29.844999999998254,769.9216679427527,18.522881206195887,16.622887095824254,101.73006243342616,0.0,876.9524986782008
2026-04-12T22:30:00Z,2026-04-12T22:45:00Z,2026-04-13,2026-04-13_3,-0.6269291337957466,17,16,83,55.47032695652314,55.24116928894812,0.0013725137253427706,0.34544,0.0,True,True,True,False,-17.95838503757916,769.9216679427527,18.522881206195887,16.622887095824254,58.662950798044655,0.0,845.7720020052384
2026-04-12T22:45:00Z,2026-04-12T23:00:00Z,2026-04-13,2026-04-13_4,-0.9999999999999502,17,16,83,55.24116928894812,55.47168791751954,0.0006784247619047302,0.006702857142857143,0.008411428571428571,True,True,True,False,-27.807499999998615,769.9216679427527,18.522881206195887,16.622887095824254,0.9198219649482975,-0.6555818251677843,777.5241763845547
2026-04-12T23:00:00Z,2026-04-12T23:15:00Z,2026-04-13,2026-04-13_5,-8.183925973654919,17,8,83,55.47168791751954,56.70579207950309,0.005444690812985408,0.64396,0.0,True,True,True,False,-231.78924338884144,769.9216679427527,18.522881206195887,11.588432769892218,110.00683079097708,0.0,678.2505693209764
2026-04-12T23:15:00Z,2026-04-12T23:30:00Z,2026-04-13,2026-04-13_6,-9.0,17,8,83,56.70579207950309,58.162437515527934,0.005791716963423051,0.6142342857142857,0.0,True,True,True,False,-248.85,769.9216679427527,18.522881206195887,11.588432769892218,106.41964430346732,0.0,657.6026262223081
2026-04-12T23:30:00Z,2026-04-12T23:45:00Z,2026-04-13,2026-04-13_7,-9.0,17,8,83,58.162437515527934,59.413241043478244,0.0058057171842650105,0.8203714285714286,0.0,True,True,True,False,-247.5,769.9216679427527,18.522881206195887,11.588432769892218,150.67796188569073,0.0,703.2109438045316
2026-04-12T23:45:00Z,2026-04-13T00:00:00Z,2026-04-13,2026-04-13_8,-9.0,17,8,83,59.413241043478244,60.764734439751535,0.005798868819875776,0.7195371428571429,0.0,True,True,True,False,-236.9025,769.9216679427527,18.522881206195887,11.588432769892218,127.98740265706377,0.0,691.1178845759046
2026-04-13T00:00:00Z,2026-04-13T00:15:00Z,2026-04-13,2026-04-13_9,-17.0,17,0,83,60.764734439751535,63.872715239751535,0.00863328,0.87176,0.0,True,True,True,False,-464.1,769.9216679427527,18.522881206195887,0.0,153.12851101556825,0.0,477.4730601645168
2026-04-13T00:15:00Z,2026-04-13T00:30:00Z,2026-04-13,2026-04-13_10,-17.0,17,0,83,63.872715239751535,67.06059409689439,0.008855219047619047,0.7849142857142857,0.0,True,True,True,False,-446.7175,769.9216679427527,18.522881206195887,0.0,134.3421242262851,0.0,476.06917337523373
2026-04-13T00:30:00Z,2026-04-13T00:45:00Z,2026-04-13,2026-04-13_11,-17.0,17,0,83,67.06059409689439,70.35732735403725,0.009157592380952382,0.6665942857142857,0.0,True,True,True,False,-464.6525,769.9216679427527,18.522881206195887,0.0,119.11605540064899,0.0,442.9081045495976
2026-04-13T00:45:00Z,2026-04-13T01:00:00Z,2026-04-13,2026-04-13_12,-17.0,17,0,83,70.35732735403725,74.2055716968944,0.01068956761904762,0.06712571428571427,0.0,True,True,True,False,-463.1225,769.9216679427527,18.522881206195887,0.0,9.211550402598165,0.0,334.5335995515468
2026-04-13T01:00:00Z,2026-04-13T01:15:00Z,2026-04-13,2026-04-13_13,-17.0,17,0,83,74.2055716968944,76.25128369689439,0.005682533333333333,2.0264,0.0,True,True,True,False,-466.0975,769.9216679427527,18.522881206195887,0.0,398.9000842609498,0.0,721.2471334098984
2026-04-13T01:15:00Z,2026-04-13T01:30:00Z,2026-04-13,2026-04-13_14,-17.0,17,0,83,76.25128369689439,78.3226452968944,0.005753782222222222,1.99852,0.0,True,True,True,False,-462.4,769.9216679427527,18.522881206195887,0.0,393.45423556942893,0.0,719.4987847183776
2026-04-13T01:30:00Z,2026-04-13T01:45:00Z,2026-04-13,2026-04-13_15,-17.0,17,0,83,78.3226452968944,80.72441306832296,0.0066715771428571425,1.6393828571428573,0.0,True,True,True,False,-463.335,769.9216679427527,18.522881206195887,0.0,312.7253871454654,0.0,637.834936294414
2026-04-13T01:45:00Z,2026-04-13T02:00:00Z,2026-04-13,2026-04-13_16,-17.0,17,0,83,80.72441306832296,84.58570563975152,0.0107258126984127,0.052942857142857146,0.0,True,True,True,False,-460.9975,769.9216679427527,18.522881206195887,0.0,7.26526044778003,0.0,334.71230959672863
2026-04-13T02:00:00Z,2026-04-13T02:15:00Z,2026-04-13,2026-04-13_17,-1.9759148502646642e-14,17,17,83,84.58570563975152,83.61858311552793,0.0027097873291925534,0.8936171428571429,0.004565714285714286,True,True,True,False,-5.392271626372269e-13,769.9216679427527,18.522881206195887,24.62541963602096,170.44829909552135,-0.3401155522648425,983.1781523282256
2026-04-13T02:15:00Z,2026-04-13T02:30:00Z,2026-04-13,2026-04-13_18,5.932437367128661e-14,17,17,83,83.61858311552793,82.85991851925462,0.0021074016563147444,0.6979714285714286,0.0,True,True,True,False,1.625487838593253e-12,769.9216679427527,18.522881206195887,24.62541963602096,121.20643759938747,0.0,934.2764063843587
2026-04-13T02:30:00Z,2026-04-13T02:45:00Z,2026-04-13,2026-04-13_19,8.320071961759358e-15,17,17,83,82.85991851925462,81.9166824944099,0.0026201000690131188,0.8677771428571428,0.0,True,True,True,False,2.307363956794914e-13,769.9216679427527,18.522881206195887,24.62541963602096,156.17501274122935,0.0,969.2449815261991
2026-04-13T02:45:00Z,2026-04-13T03:00:00Z,2026-04-13,2026-04-13_20,-4.041633651512632e-14,17,17,83,81.9166824944099,81.81958964472048,0.0002940312491373607,0.09335428571428572,0.00476,True,True,True,False,-1.1527749582526905e-12,769.9216679427527,18.522881206195887,24.62541963602096,14.034042856301483,-0.3737950801971063,826.7302165610728
2026-04-13T03:00:00Z,2026-04-13T03:15:00Z,2026-04-13,2026-04-13_21,-6.153060983957324e-14,17,17,83,81.81958964472048,81.29395471304348,0.0014700271911663515,0.48522857142857145,0.0019428571428571429,True,True,True,False,-1.7337787587545749e-12,769.9216679427527,18.522881206195887,17.536662936568703,82.94239253531674,-0.13941030797147175,888.7841943128608
2026-04-13T03:15:00Z,2026-04-13T03:30:00Z,2026-04-13,2026-04-13_22,3.267253851689432e-14,17,17,83,81.29395471304348,81.24479873788817,0.00014150945479643592,0.04604571428571428,0.0009714285714285714,True,True,True,False,9.385186688977894e-13,769.9216679427527,18.522881206195887,17.536662936568703,6.318776976601347,-0.0762847102443074,812.2237043518753
2026-04-13T03:30:00Z,2026-04-13T03:45:00Z,2026-04-13,2026-04-13_23,-3.1730412508951936e-15,17,17,83,81.24479873788817,81.20528626086954,0.00015891116632160308,0.04449142857142858,0.009617142857142857,True,True,True,False,-9.592103701456171e-14,769.9216679427527,18.522881206195887,17.536662936568703,6.276918907670259,-0.7552186314186432,811.5029123617688
2026-04-13T03:45:00Z,2026-04-13T04:00:00Z,2026-04-13,2026-04-13_24,2.6863788351825582e-14,17,17,83,81.20528626086954,81.29825383354036,0.000664764996549363,0.06732,0.18058857142857143,True,True,True,False,9.0101146132023e-13,769.9216679427527,18.522881206195887,17.536662936568703,10.231365946168797,-9.523009679744447,806.6895683519425
2026-04-13T04:00:00Z,2026-04-13T04:15:00Z,2026-04-13,2026-04-13_25,0.0,0,17,83,81.29825383354036,81.32712080496893,8.018603174603176e-05,0.0,0.03137714285714286,True,True,True,False,0.0,769.9216679427527,0.0,17.536662936568703,0.0,-2.0771179468194605,785.381212932502
2026-04-13T04:15:00Z,2026-04-13T04:30:00Z,2026-04-13,2026-04-13_26,16.999999999999993,0,17,83,81.32712080496893,76.72846241987577,0.012774051069703238,0.0,0.019234285714285714,True,True,True,False,578.7649999999998,769.9216679427527,0.0,17.536662936568703,0.0,-1.2091125810875618,1365.0142182982336
2026-04-13T04:30:00Z,2026-04-13T04:45:00Z,2026-04-13,2026-04-13_27,16.999999999999993,0,17,83,76.72846241987577,72.13540030807454,0.012758505866114555,0.0,0.024382857142857144,True,True,True,False,608.9824999999997,769.9216679427527,0.0,17.536662936568703,0.0,-1.383557328801124,1395.05727355052
2026-04-13T04:45:00Z,2026-04-13T05:00:00Z,2026-04-13,2026-04-13_28,16.999999999999993,0,17,83,72.13540030807454,67.59270465590062,0.01261859903381642,0.0,0.07071999999999999,True,True,True,False,596.6149999999998,769.9216679427527,0.0,17.536662936568703,0.0,-4.259110854585074,1379.8142200247362
2026-04-13T05:00:00Z,2026-04-13T05:15:00Z,2026-04-13,2026-04-13_29,-7.105427357601002e-15,17,17,83,67.59270465590062,66.85008974906832,0.0020628191856452757,0.6832057142857143,0.0,True,True,True,False,-2.5631052835706213e-13,769.9216679427527,18.607986336062194,17.501619647800222,126.76546240145389,0.0,932.7967363280687
2026-04-13T05:15:00Z,2026-04-13T05:30:00Z,2026-04-13,2026-04-13_30,-7.105427357601002e-15,17,17,83,66.85008974906832,66.1557295006211,0.0019287784679089058,0.6388114285714286,0.0,True,True,True,False,-2.511590935228014e-13,769.9216679427527,18.607986336062194,17.501619647800222,109.54204487223713,0.0,915.573318798852
2026-04-13T05:30:00Z,2026-04-13T05:45:00Z,2026-04-13,2026-04-13_31,0.0,17,17,83,66.1557295006211,65.1650835378882,0.002751794340924775,0.9113942857142856,0.0,True,True,True,False,0.0,769.9216679427527,18.607986336062194,17.501619647800222,178.14620822023844,0.0,984.1774821468535
2026-04-13T05:45:00Z,2026-04-13T06:00:00Z,2026-04-13,2026-04-13_32,0.0,17,17,83,65.1650835378882,64.34782608695652,0.0026092745065562453,0.8080342857142857,0.06634857142857144,True,True,True,False,0.0,769.9216679427527,18.607986336062194,17.501619647800222,162.41240087390867,0.8535164009322441,969.297191201456
2026-04-13T06:00:00Z,2026-04-13T06:15:00Z,2026-04-13,2026-04-13_33,87.0,0,0,13,64.34782608695652,40.70652173913043,0.06567028985507246,0.0,0.0,True,False,True,False,3915.6525,120.5901407621179,0.0,0.0,0.0,0.0,4036.242640762118
2026-04-13T06:15:00Z,2026-04-13T06:30:00Z,2026-04-13,2026-04-13_34,87.0,0,0,13,40.70652173913043,17.065217391304344,0.06567028985507246,0.0,0.0,True,False,True,False,3289.035,120.5901407621179,0.0,0.0,0.0,0.0,3409.6251407621176
2026-04-13T06:30:00Z,2026-04-13T06:45:00Z,2026-04-13,2026-04-13_35,-1.544658121217609e-14,0,0,13,17.065217391304344,17.065217391304348,9.86864910777917e-18,0.0,0.0,True,False,True,False,-5.009326287108706e-13,120.5901407621179,0.0,0.0,0.0,0.0,120.5901407621174
2026-04-13T06:45:00Z,2026-04-13T07:00:00Z,2026-04-13,2026-04-13_36,-86.99999999999997,0,0,13,17.065217391304348,37.07521739130434,0.05558333333333332,0.0,0.0,True,False,True,False,-1432.0199999999995,120.5901407621179,0.0,0.0,0.0,0.0,-1311.4298592378816
2026-04-13T07:00:00Z,2026-04-13T07:15:00Z,2026-04-13,2026-04-13_37,99.63679999999998,0,0,0,37.07521739130434,10.0,0.07520893719806762,0.0,0.0,True,False,True,False,3089.238983999999,0.0,0.0,0.0,0.0,0.0,3089.238983999999
2026-04-13T07:15:00Z,2026-04-13T07:30:00Z,2026-04-13,2026-04-13_38,0.0,0,0,0,10.0,10.0,0.0,0.0,0.0,True,False,True,False,0.0,0.0,0.0,0.0,0.0,0.0,0.0
2026-04-13T07:30:00Z,2026-04-13T07:45:00Z,2026-04-13,2026-04-13_39,-59.473114771806614,0,0,0,10.0,23.678816397515522,0.037996712215320895,0.0,0.0,True,False,True,False,-389.5489017553333,0.0,0.0,0.0,0.0,0.0,-389.5489017553333
2026-04-13T07:45:00Z,2026-04-13T08:00:00Z,2026-04-13,2026-04-13_40,-100.0,0,0,0,23.678816397515522,46.67881639751552,0.06388888888888888,0.0,0.0,True,False,True,False,-156.75,0.0,0.0,0.0,0.0,0.0,-156.75
2026-04-13T08:00:00Z,2026-04-13T08:15:00Z,2026-04-13,2026-04-13_41,0.0,100,100,0,46.67881639751552,35.05831950310558,0.0322791580400276,10.690857142857142,0.0,True,True,True,False,0.0,0.0,112.69803875375464,100.18257847929797,1355.1092215313595,0.0,1567.989838764412
2026-04-13T08:15:00Z,2026-04-13T08:30:00Z,2026-04-13,2026-04-13_42,0.0,100,100,0,35.05831950310558,25.10366111801241,0.02765182884748102,9.158285714285714,0.0,True,True,True,False,0.0,0.0,112.69803875375464,100.18257847929797,1412.6417933637913,0.0,1625.5224105968439
2026-04-13T08:30:00Z,2026-04-13T08:45:00Z,2026-04-13,2026-04-13_43,0.0,100,100,0,25.10366111801241,25.668130186335393,0.0069544430641821945,0.8919999999999999,1.6674285714285715,True,True,True,False,0.0,0.0,112.69803875375464,100.18257847929797,84.3579794648291,-98.10877750947247,199.12981918840924
2026-04-13T08:45:00Z,2026-04-13T09:00:00Z,2026-04-13,2026-04-13_44,0.0,100,100,0,25.668130186335393,37.17391304347825,0.03196050793650793,0.0,12.506285714285713,True,True,True,False,0.0,0.0,112.69803875375464,100.18257847929797,0.0,12807.632767199815,13020.513384432868
2026-04-13T09:00:00Z,2026-04-13T09:15:00Z,2026-04-13,2026-04-13_45,0.0,50,50,50,37.17391304347825,39.93141614906831,0.00789265010351967,0.038571428571428576,3.042857142857143,True,True,True,False,0.0,463.80823370045346,56.363743447788444,49.44343011955945,3.590898000050483,1010.0013293732595,1583.2076346411113
2026-04-13T09:15:00Z,2026-04-13T09:30:00Z,2026-04-13,2026-04-13_46,0.0,50,50,50,39.93141614906831,39.59608099378881,0.0022413913043478257,0.5254285714285714,0.2562857142857143,True,True,True,False,0.0,463.80823370045346,56.363743447788444,49.44343011955945,48.916010534021005,-10.054498582282314,608.47691921954
2026-04-13T09:30:00Z,2026-04-13T09:45:00Z,2026-04-13,2026-04-13_47,0.0,50,50,50,39.59608099378881,38.90176149068322,0.00274352242926156,0.7737142857142857,0.15942857142857145,True,True,True,False,0.0,463.80823370045346,56.363743447788444,49.44343011955945,71.75202420917715,-8.379475823075564,632.987955653903
2026-04-13T09:45:00Z,2026-04-13T10:00:00Z,2026-04-13,2026-04-13_48,0.0,50,50,50,38.90176149068322,38.88070310559006,0.0002848447204968944,0.056857142857142856,0.04428571428571428,True,True,True,False,0.0,463.80823370045346,56.363743447788444,49.44343011955945,4.906332640600854,-3.3900737325379526,571.1316661758642
2026-04-13T10:00:00Z,2026-04-13T10:15:00Z,2026-04-13,2026-04-13_49,-47.0,47,0,53,38.88070310559006,49.63906219130435,0.029884330793650795,0.05613142857142856,0.0,True,True,True,False,-0.11750000000000001,491.63672772248066,52.98191884092114,0.0,4.763485135419383,0.0,549.2646316988212
2026-04-13T10:15:00Z,2026-04-13T10:30:00Z,2026-04-13,2026-04-13_50,-47.0,47,0,53,49.63906219130435,59.837030877018634,0.028327690793650794,0.6652514285714285,0.0,True,True,True,False,-18.6825,491.63672772248066,52.98191884092114,0.0,59.28713626636825,0.0,585.22328282977
2026-04-13T10:30:00Z,2026-04-13T10:45:00Z,2026-04-13,2026-04-13_51,-47.0,47,0,53,59.837030877018634,70.60329670559007,0.029906293968253967,0.047537142857142854,0.0,True,True,True,False,-13.395,491.63672772248066,52.98191884092114,0.0,4.236505094528535,0.0,535.4601516579303
2026-04-13T10:45:00Z,2026-04-13T11:00:00Z,2026-04-13,2026-04-13_52,-47.0,47,0,53,70.60329670559007,81.41329670559007,0.030027777777777778,0.0,0.0,True,True,True,False,-4.1125,491.63672772248066,52.98191884092114,0.0,0.0,0.0,540.5061465634018
2026-04-13T11:00:00Z,2026-04-13T11:15:00Z,2026-04-13,2026-04-13_53,-41.0,47,6,53,81.41329670559007,89.42373882236026,0.023469033485162185,1.5797371428571427,0.07333714285714285,True,True,True,False,-6.5600000000000005,491.63672772248066,52.95423758760822,5.933211614347134,141.47760759930333,-1.4835592740612351,683.9582252496781
2026-04-13T11:15:00Z,2026-04-13T11:30:00Z,2026-04-13,2026-04-13_54,-41.0,47,6,53,89.42373882236026,97.24460356770189,0.02304242967563837,1.709457142857143,0.0,True,True,True,False,-23.985,491.63672772248066,52.95423758760822,5.933211614347134,153.0950310046865,0.0,679.6342079291225
2026-04-13T11:30:00Z,2026-04-13T11:45:00Z,2026-04-13,2026-04-13_55,-41.0,47,6,53,97.24460356770189,104.58948795031058,0.0221111522705314,2.21652,0.00144,True,True,True,False,-19.065,491.63672772248066,52.95423758760822,5.933211614347134,198.50640862241593,-0.07210912303433654,729.8934764238176
2026-04-13T11:45:00Z,2026-04-13T12:00:00Z,2026-04-13,2026-04-13_56,-41.0,47,6,53,104.58948795031058,114.4815592645963,0.027477975873015877,0.0,0.5022514285714286,True,True,True,False,-0.10250000000000001,491.63672772248066,52.95423758760822,5.933211614347134,0.0,12.180363777102809,562.6020407015388
2026-04-13T12:00:00Z,2026-04-13T12:15:00Z,2026-04-13,2026-04-13_57,-47.0,47,0,53,114.4815592645963,125.28810006459629,0.030018168888888887,0.0037600000000000003,0.0,True,True,True,False,-33.839999999999996,491.63672772248066,52.95423758760822,0.0,0.33490625674853247,0.0,511.0858715668374
2026-04-13T12:15:00Z,2026-04-13T12:30:00Z,2026-04-13,2026-04-13_58,-47.0,47,0,53,125.28810006459629,135.9367530931677,0.029579591746031742,0.17537714285714287,0.0,True,True,True,False,-0.11750000000000001,491.63672772248066,52.95423758760822,0.0,15.620984689770838,0.0,560.0944499998598
2026-04-13T12:30:00Z,2026-04-13T12:45:00Z,2026-04-13,2026-04-13_59,-47.0,47,0,53,135.9367530931677,145.7934964074534,0.027379842539682543,1.0361485714285714,0.0,True,True,True,False,-0.11750000000000001,491.63672772248066,52.95423758760822,0.0,92.29059560970273,0.0,636.7640609197916
2026-04-13T12:45:00Z,2026-04-13T13:00:00Z,2026-04-13,2026-04-13_60,-47.0,47,0,53,145.7934964074534,155.1592804074534,0.02601606666666667,1.5697999999999999,0.0,True,True,True,False,-0.11750000000000001,491.63672772248066,52.95423758760822,0.0,139.8233621925123,0.0,684.2968275026012
2026-04-13T13:00:00Z,2026-04-13T13:15:00Z,2026-04-13,2026-04-13_61,-45.48138953281158,0,0,53,155.1592804074534,165.62000000000006,0.029057554423740736,0.0,0.0,True,False,True,False,-51.05285975058101,491.63672772248066,0.0,0.0,0.0,0.0,440.5838679718996
2026-04-13T13:15:00Z,2026-04-13T13:30:00Z,2026-04-13,2026-04-13_62,4.844430578774483e-13,0,0,53,165.62000000000006,165.61999999999992,3.656725980355135e-16,0.0,0.0,True,False,True,False,2.4742929181090673e-12,491.63672772248066,0.0,0.0,0.0,0.0,491.63672772248316
2026-04-13T13:30:00Z,2026-04-13T13:45:00Z,2026-04-13,2026-04-13_63,0.0,0,0,53,165.61999999999992,165.61999999999992,0.0,0.0,0.0,True,False,True,False,0.0,491.63672772248066,0.0,0.0,0.0,0.0,491.63672772248066
2026-04-13T13:45:00Z,2026-04-13T14:00:00Z,2026-04-13,2026-04-13_64,0.0,0,0,53,165.61999999999992,165.61999999999992,0.0,0.0,0.0,True,False,True,False,0.0,491.63672772248066,0.0,0.0,0.0,0.0,491.63672772248066
2026-04-13T14:00:00Z,2026-04-13T14:15:00Z,2026-04-13,2026-04-13_65,-100.00000000000003,0,0,0,165.61999999999992,188.61999999999992,0.06388888888888891,0.0,0.0,True,False,True,False,-147.25000000000003,0.0,0.0,0.0,0.0,0.0,-147.25000000000003
2026-04-13T14:15:00Z,2026-04-13T14:30:00Z,2026-04-13,2026-04-13_66,-6.0,0,0,0,188.61999999999992,189.99999999999991,0.0038333333333333336,0.0,0.0,True,False,True,False,-98.77499999999999,0.0,0.0,0.0,0.0,0.0,-98.77499999999999
2026-04-13T14:30:00Z,2026-04-13T14:45:00Z,2026-04-13,2026-04-13_67,0.0,0,0,0,189.99999999999991,189.99999999999991,0.0,0.0,0.0,True,False,True,False,0.0,0.0,0.0,0.0,0.0,0.0,0.0
2026-04-13T14:45:00Z,2026-04-13T15:00:00Z,2026-04-13,2026-04-13_68,15.474717591939326,0,0,0,189.99999999999991,185.7949136978425,0.011680795283770624,0.0,0.0,True,False,True,False,564.5563845479265,0.0,0.0,0.0,0.0,0.0,564.5563845479265
2026-04-13T15:00:00Z,2026-04-13T15:15:00Z,2026-04-13,2026-04-13_69,0.0,9,100,0,185.7949136978425,185.65109630653816,0.0005747308488612836,0.16133142857142857,0.03428571428571429,True,True,True,False,0.0,0.0,9.808881559573589,102.95070381058956,30.07123823883284,-3.3655019225429736,139.46532168645302
2026-04-13T15:15:00Z,2026-04-13T15:30:00Z,2026-04-13,2026-04-13_70,1.23669051716417e-13,9,100,0,185.65109630653816,188.70549630653812,0.008484444444444515,0.0,3.32,True,True,True,False,3.921854802556874e-12,0.0,9.808881559573589,102.95070381058956,0.0,23.871645365844078,136.63123073601113
2026-04-13T15:30:00Z,2026-04-13T15:45:00Z,2026-04-13,2026-04-13_71,2.8650431541912704,9,100,0,188.70549630653812,189.26656674782592,0.005633158182320993,0.0,1.4485714285714286,True,True,True,False,104.20878212582198,0.0,9.808881559573589,102.95070381058956,0.0,-95.26780813273538,121.70055936324975
2026-04-13T15:45:00Z,2026-04-13T16:00:00Z,2026-04-13,2026-04-13_72,91.0,9,100,0,189.26656674782592,172.97053714285698,0.04889049747412009,0.01116,7.877714285714285,True,True,True,False,3645.46,0.0,9.808881559573589,102.95070381058956,1.5314682843512573,1276.959282699357,5036.710336353872
2026-04-13T16:00:00Z,2026-04-13T16:15:00Z,2026-04-13,2026-04-13_73,0.0,0,100,0,172.97053714285698,181.56281142857128,0.02386742857142857,0.0,9.339428571428572,True,True,True,False,0.0,0.0,0.0,103.06849637787856,0.0,2253.4082754326773,2356.476771810556
2026-04-13T16:15:00Z,2026-04-13T16:30:00Z,2026-04-13,2026-04-13_74,0.0,0,100,0,181.56281142857128,189.99999999999986,0.02343663492063492,0.0,9.170857142857143,True,True,True,False,0.0,0.0,0.0,103.06849637787856,0.0,618.1078855392796,721.1763819171581
2026-04-13T16:30:00Z,2026-04-13T16:45:00Z,2026-04-13,2026-04-13_75,100.0,0,100,0,189.99999999999986,171.95279503105576,0.0501311249137336,0.0,8.396571428571429,True,True,True,False,3811.2499999999995,0.0,0.0,103.06849637787856,0.0,1025.2233989886668,4939.541895366545
2026-04-13T16:45:00Z,2026-04-13T17:00:00Z,2026-04-13,2026-04-13_76,100.0,0,100,0,171.95279503105576,147.30745341614892,0.06845928226363009,0.0,2.326285714285714,True,True,True,False,4185.75,0.0,0.0,103.06849637787856,0.0,-125.16282130026165,4163.655675077617
2026-04-13T17:00:00Z,2026-04-13T17:15:00Z,2026-04-13,2026-04-13_77,0.0,0,17,83,147.30745341614892,147.49164793043462,0.0005116514285714286,0.0,0.20021142857142857,True,True,True,False,0.0,769.9216679427527,0.0,17.521644384239355,0.0,-11.95797218412661,775.4853401428654
2026-04-13T17:15:00Z,2026-04-13T17:30:00Z,2026-04-13,2026-04-13_78,16.999999999999993,0,17,83,147.49164793043462,142.8720827130433,0.012832125603864729,0.0,0.0,True,True,True,False,702.7374999999997,769.9216679427527,0.0,17.521644384239355,0.0,0.0,1490.1808123269918
2026-04-13T17:30:00Z,2026-04-13T17:45:00Z,2026-04-13,2026-04-13_79,16.999999999999993,0,17,83,142.8720827130433,138.25251749565203,0.012832125603864729,0.0,0.0,True,True,True,False,715.3174999999997,769.9216679427527,0.0,17.521644384239355,0.0,0.0,1502.7608123269918
2026-04-13T17:45:00Z,2026-04-13T18:00:00Z,2026-04-13,2026-04-13_80,16.999999999999993,0,17,83,138.25251749565203,133.63295227826075,0.012832125603864727,0.0,0.0,True,True,True,False,752.6324999999997,769.9216679427527,0.0,17.521644384239355,0.0,0.0,1540.0758123269918
2026-04-13T18:00:00Z,2026-04-13T18:15:00Z,2026-04-13,2026-04-13_81,100.0,0,100,0,133.63295227826075,106.50003302360237,0.07536922015182884,0.0,0.037714285714285714,True,True,True,False,4290.0,0.0,0.0,103.06849637787856,0.0,-3.702052114797271,4389.366444263082
2026-04-13T18:15:00Z,2026-04-13T18:30:00Z,2026-04-13,2026-04-13_82,100.0,0,100,0,106.50003302360237,85.36090258881976,0.058719806763285025,0.0,5.552,True,True,True,False,4330.75,0.0,0.0,103.06849637787856,0.0,761.7391522861574,5195.557648664036
2026-04-13T18:30:00Z,2026-04-13T18:45:00Z,2026-04-13,2026-04-13_83,100.0,0,100,0,85.36090258881976,63.32674109813652,0.061206004140786745,0.0,4.728571428571429,True,True,True,False,3802.0000000000005,0.0,0.0,103.06849637787856,0.0,-75.88439500896065,3829.184101368918
2026-04-13T18:45:00Z,2026-04-13T19:00:00Z,2026-04-13,2026-04-13_84,70.77539235183801,0,100,0,63.32674109813652,55.261384178881926,0.03847088329061141,0.0,10.75657142857143,True,True,True,False,2547.9141246661684,0.0,0.0,103.06849637787856,0.0,71.77805187921214,2722.760672923259
2026-04-13T19:00:00Z,2026-04-13T19:15:00Z,2026-04-13,2026-04-13_85,0.0,15,17,83,55.261384178881926,55.10869565217385,0.0011535049551414768,0.26125714285714285,0.14270285714285716,True,True,True,False,0.0,769.9216679427527,15.791566052182105,17.521644384239355,43.56696356002793,-5.237648989367819,841.5641929498343
2026-04-13T19:15:00Z,2026-04-13T19:30:00Z,2026-04-13,2026-04-13_86,0.6166551453472121,15,17,83,55.10869565217385,55.108695652173836,0.0008952691798479978,0.0006857142857142857,0.18175428571428573,True,True,True,False,22.598869439111958,769.9216679427527,15.791566052182105,17.521644384239355,0.09409943375430152,-6.123489110077155,819.8043581419632
2026-04-13T19:30:00Z,2026-04-13T19:45:00Z,2026-04-13,2026-04-13_87,1.99999999999995,15,17,83,55.108695652173836,55.2235251677018,0.0028405719806763024,0.0,0.7005942857142857,True,True,True,False,72.50499999999819,769.9216679427527,15.791566052182105,17.521644384239355,0.0,-7.38019282306715,868.3596855561052
2026-04-13T19:45:00Z,2026-04-13T20:00:00Z,2026-04-13,2026-04-13_88,2.000000000000198,15,17,83,55.2235251677018,55.44049644720485,0.0030470734299517877,0.0,0.8092971428571428,True,True,True,False,79.8200000000079,769.9216679427527,15.791566052182105,17.521644384239355,0.0,-21.531844846995863,861.5230335321862
2026-04-13T20:00:00Z,2026-04-13T20:15:00Z,2026-04-13,2026-04-13_89,0.0,17,17,83,55.44049644720485,55.23850079999988,0.0006807574327122153,0.20565142857142857,0.023411428571428573,True,True,True,False,0.0,769.9216679427527,18.522881206195887,17.521644384239355,33.90129704424793,-1.1754893131291035,838.6920012643068
2026-04-13T20:15:00Z,2026-04-13T20:30:00Z,2026-04-13,2026-04-13_90,0.0,17,17,83,55.23850079999988,55.19232550558995,0.0001292577225672878,0.04264571428571429,0.0001942857142857143,True,True,True,False,0.0,769.9216679427527,18.522881206195887,17.521644384239355,5.852200617569602,-0.015256942048861482,811.8031372087087
2026-04-13T20:30:00Z,2026-04-13T20:45:00Z,2026-04-13,2026-04-13_91,0.0,17,17,83,55.19232550558995,55.17224751304337,6.27233126293996e-05,0.019622857142857147,0.00136,True,True,True,False,0.0,769.9216679427527,18.522881206195887,17.521644384239355,2.6928121292689293,-0.10679859434203036,808.5522070681149
2026-04-13T20:45:00Z,2026-04-13T21:00:00Z,2026-04-13,2026-04-13_92,0.0,17,17,83,55.17224751304337,55.1104126211179,0.000332135652173913,0.08344571428571429,0.03137714285714286,True,True,True,False,0.0,769.9216679427527,18.522881206195887,17.521644384239355,11.451116925950544,-1.7849680843843516,815.6323423747541
2026-04-13T21:00:00Z,2026-04-13T21:15:00Z,2026-04-14,2026-04-13_93,3.302668374290409e-14,18,17,82,55.1104126211179,54.712501217391186,0.0011822681849551662,0.37882285714285713,0.015057142857142856,True,True,True,False,1.1344665865687553e-12,760.6455032687436,19.612462453619173,17.66181753931327,66.81195586480779,-0.8143189710538787,863.917420155431
2026-04-13T21:15:00Z,2026-04-13T21:30:00Z,2026-04-14,2026-04-13_94,-0.10956058425486882,18,17,82,54.712501217391186,54.73303219875774,0.00011691223683004277,0.009977142857142858,0.006702857142857143,True,True,True,False,-3.691643886467805,760.6455032687436,19.612462453619173,17.66181753931327,1.5829706612369903,-0.4894045013588214,795.3217055350864
2026-04-13T21:30:00Z,2026-04-13T21:45:00Z,2026-04-14,2026-04-13_95,-0.9999999999999508,18,17,82,54.73303219875774,54.79443359999996,0.0010627954727397914,0.15644571428571427,0.0,True,True,True,False,-33.18499999999837,760.6455032687436,19.612462453619173,17.66181753931327,27.47556165683659,0.0,792.2103449185142
2026-04-13T21:45:00Z,2026-04-13T22:00:00Z,2026-04-14,2026-04-13_96,-1.0,18,17,82,54.79443359999996,55.10869565217387,0.0008928949344375432,0.0034971428571428575,0.09568571428571428,True,True,True,False,-32.125,760.6455032687436,19.612462453619173,17.66181753931327,0.5532484531311789,-2.9837141454850387,763.3643175693222
2026-04-13T22:00:00Z,2026-04-13T22:15:00Z,2026-04-14,2026-04-14_1,-12.96931845699623,17,0,83,55.10869565217387,57.90893387329164,0.008051045984274236,0.19039999999999999,0.0,True,True,True,False,-419.03867934554825,769.9216679427527,18.522881206195887,0.0,33.60417770971985,0.0,403.0100475131202
2026-04-13T22:15:00Z,2026-04-13T22:30:00Z,2026-04-14,2026-04-14_2,-17.0,17,0,83,57.90893387329164,61.73295855900592,0.010622290793650794,0.09345142857142856,0.0,True,True,True,False,-517.4375,769.9216679427527,18.522881206195887,0.0,16.36131106941628,0.0,287.3683602183649
2026-04-13T22:30:00Z,2026-04-13T22:45:00Z,2026-04-14,2026-04-14_3,-17.0,17,0,83,61.73295855900592,65.56958461614879,0.010657294603174603,0.07975428571428571,0.0,True,True,True,False,-500.86249999999995,769.9216679427527,18.522881206195887,0.0,13.947644681525356,0.0,301.529693830474
2026-04-13T22:45:00Z,2026-04-13T23:00:00Z,2026-04-14,2026-04-14_4,-17.0,17,0,83,65.56958461614879,69.47091558757735,0.010837030476190477,0.009422857142857143,0.0,True,True,True,False,-489.94,769.9216679427527,18.522881206195887,0.0,1.5724370889530201,0.0,300.0769862379016
2026-04-13T23:00:00Z,2026-04-13T23:15:00Z,2026-04-14,2026-04-14_5,-17.0,17,0,83,69.47091558757735,73.35758964472022,0.010796316825396826,0.025354285714285715,0.0,True,True,True,False,-508.98,769.9216679427527,18.522881206195887,0.0,4.382328779248315,0.0,283.84687792819693
2026-04-13T23:15:00Z,2026-04-13T23:30:00Z,2026-04-14,2026-04-14_6,-17.0,17,0,83,73.35758964472022,77.26365730186308,0.010850187936507938,0.004274285714285714,0.0,True,True,True,False,-507.195,769.9216679427527,18.522881206195887,0.0,0.6864098227782779,0.0,281.9359589717269
2026-04-13T23:30:00Z,2026-04-13T23:45:00Z,2026-04-14,2026-04-14_7,-17.0,17,0,83,77.26365730186308,81.16838438757736,0.010846464126984128,0.005731428571428571,0.0,True,True,True,False,-504.3475,769.9216679427527,18.522881206195887,0.0,0.9360320653804839,0.0,285.03308121432906
2026-04-13T23:45:00Z,2026-04-14T00:00:00Z,2026-04-14,2026-04-14_8,-17.0,17,0,83,81.16838438757736,85.05157295900594,0.01078663492063492,0.02914285714285714,0.0,True,True,True,False,-517.7775,769.9216679427527,18.522881206195887,0.0,5.037765979823815,0.0,275.7048151287724
2026-04-14T00:00:00Z,2026-04-14T00:15:00Z,2026-04-14,2026-04-14_9,-9.000000000000114,17,8,83,85.05157295900594,87.03691176149044,0.00575803221532098,0.08558285714285714,0.0008685714285714285,True,True,True,False,-272.07000000000346,769.9216679427527,18.522881206195887,13.133871252723953,14.98389710090055,-0.06820750563020425,544.4241099969395
2026-04-14T00:15:00Z,2026-04-14T00:30:00Z,2026-04-14,2026-04-14_10,-9.0,17,8,83,87.03691176149044,89.07698638509294,0.0057709457280883366,0.036622857142857144,0.007222857142857143,True,True,True,False,-272.6325,769.9216679427527,18.522881206195887,13.133871252723953,6.367367266567385,-0.539952423021155,534.7733352452188
2026-04-14T00:30:00Z,2026-04-14T00:45:00Z,2026-04-14,2026-04-14_11,-9.0,17,8,83,89.07698638509294,91.1800853565215,0.005841941587301587,0.0,0.03597714285714286,True,True,True,False,-271.755,769.9216679427527,18.522881206195887,13.133871252723953,0.0,-2.041254528983983,527.7821658726886
2026-04-14T00:45:00Z,2026-04-14T01:00:00Z,2026-04-14,2026-04-14_12,-9.0,17,8,83,91.1800853565215,93.25693927950287,0.005778976563146999,0.0034971428571428567,0.011245714285714286,True,True,True,False,-272.8575,769.9216679427527,18.522881206195887,13.133871252723953,0.5888988919084919,-0.8670064432534308,528.4428128503276
2026-04-14T01:00:00Z,2026-04-14T01:15:00Z,2026-04-14,2026-04-14_13,-17.0,17,0,83,93.25693927950287,96.81267093664573,0.009877032380952382,0.3850742857142857,0.0,True,True,True,False,-498.27,769.9216679427527,18.522881206195887,0.0,67.95683826351319,0.0,358.13138741246183
2026-04-14T01:15:00Z,2026-04-14T01:30:00Z,2026-04-14,2026-04-14_14,-17.0,17,0,83,96.81267093664573,100.72070476521715,0.010855649523809524,0.002137142857142857,0.0,True,True,True,False,-503.285,769.9216679427527,18.522881206195887,0.0,0.33565272507495253,0.0,285.4952018740235
2026-04-14T01:30:00Z,2026-04-14T01:45:00Z,2026-04-14,2026-04-14_15,-17.0,17,0,83,100.72070476521715,104.62963230807429,0.010858132063492065,0.0011657142857142856,0.0,True,True,True,False,-507.6625,769.9216679427527,18.522881206195887,0.0,0.18308330458633773,0.0,280.9651324535349
2026-04-14T01:45:00Z,2026-04-14T02:00:00Z,2026-04-14,2026-04-14_16,-17.0,17,0,83,104.62963230807429,108.53507436521716,0.010848450158730158,0.004954285714285713,0.0,True,True,True,False,-508.17249999999996,769.9216679427527,18.522881206195887,0.0,0.7799919194298838,0.0,281.0520410683785
2026-04-14T02:00:00Z,2026-04-14T02:15:00Z,2026-04-14,2026-04-14_17,-3.605811301717356e-13,17,17,83,108.53507436521716,109.06361699378867,0.0014681739682541985,0.0,0.5745028571428571,True,True,True,False,-1.0791291773214617e-11,769.9216679427527,18.522881206195887,27.9094764120384,0.0,-15.151459709052356,801.2025658519239
2026-04-14T02:15:00Z,2026-04-14T02:30:00Z,2026-04-14,2026-04-14_18,0.0,17,17,83,109.06361699378867,109.09316818881972,0.00011552350586611458,0.005537142857142858,0.038662857142857145,True,True,True,False,0.0,769.9216679427527,18.522881206195887,27.9094764120384,0.8941903595197429,-2.536088205318054,814.7121277151887
2026-04-14T02:30:00Z,2026-04-14T02:45:00Z,2026-04-14,2026-04-14_19,0.0,17,17,83,109.09316818881972,109.10261773913028,3.6807757073844033e-05,0.0017485714285714283,0.012337142857142857,True,True,True,False,0.0,769.9216679427527,18.522881206195887,27.9094764120384,0.2746249568795066,-0.9635527281599959,815.6650977897065
2026-04-14T02:45:00Z,2026-04-14T03:00:00Z,2026-04-14,2026-04-14_20,0.0,17,17,83,109.10261773913028,108.62570814409924,0.001326734906832298,0.43908571428571425,0.0003885714285714286,True,True,True,False,0.0,769.9216679427527,18.522881206195887,27.9094764120384,78.91086708230615,-0.030513884097722963,895.2343787591955
2026-04-14T03:00:00Z,2026-04-14T03:15:00Z,2026-04-14,2026-04-14_21,0.0,17,17,83,108.62570814409924,108.75177186583836,0.0003742280745341615,0.003982857142857143,0.14173142857142856,True,True,True,False,0.0,769.9216679427527,18.522881206195887,17.536662936568703,0.6465127095375519,-7.421443474992919,799.206281320062
2026-04-14T03:15:00Z,2026-04-14T03:30:00Z,2026-04-14,2026-04-14_22,0.0,17,17,83,108.75177186583836,108.8277026086955,0.00031885523809523813,0.017874285714285714,0.10365142857142856,True,True,True,False,0.0,769.9216679427527,18.522881206195887,17.536662936568703,3.083808191070762,-5.452357760707203,803.6126625158809
2026-04-14T03:30:00Z,2026-04-14T03:45:00Z,2026-04-14,2026-04-14_23,-5.329070518200751e-15,17,17,83,108.8277026086955,108.62567638260855,0.0005621769772256759,0.18602857142857143,0.0001942857142857143,True,True,True,False,-1.8090862141662e-13,769.9216679427527,18.522881206195887,17.536662936568703,32.766184446332865,-0.015256942048861482,838.7321395898011
2026-04-14T03:45:00Z,2026-04-14T04:00:00Z,2026-04-14,2026-04-14_24,-5.329070518200751e-15,17,17,83,108.62567638260855,107.7832788670806,0.0023399930986887523,0.7750057142857143,0.0,True,True,True,False,-1.886224509917156e-13,769.9216679427527,18.522881206195887,17.536662936568703,156.3110009552416,0.0,962.2922130407587
2026-04-14T04:00:00Z,2026-04-14T04:15:00Z,2026-04-14,2026-04-14_25,-4.242108659263079e-14,17,17,83,107.7832788670806,108.35661465838497,0.0017826615320911245,0.03147428571428572,0.6603771428571429,True,True,True,False,-1.420470084554242e-12,769.9216679427527,18.522881206195887,17.536662936568703,5.605020534609982,15.209663951267531,826.7958965713934
2026-04-14T04:15:00Z,2026-04-14T04:30:00Z,2026-04-14,2026-04-14_26,0.0,17,17,83,108.35661465838497,108.37118321490671,5.982639061421671e-05,0.0032057142857142857,0.019622857142857147,True,True,True,False,0.0,769.9216679427527,18.522881206195887,17.536662936568703,0.5053860146567609,-1.4987290855089905,804.9878690146651
2026-04-14T04:30:00Z,2026-04-14T04:45:00Z,2026-04-14,2026-04-14_27,0.0,17,17,83,108.37118321490671,108.38472104347814,7.808126984126985e-05,0.006702857142857143,0.022634285714285714,True,True,True,False,0.0,769.9216679427527,18.522881206195887,17.536662936568703,1.1099421907734766,-1.6850338552665898,805.4061204210242
2026-04-14T04:45:00Z,2026-04-14T05:00:00Z,2026-04-14,2026-04-14_28,-5.329070518200751e-15,17,17,83,108.38472104347814,108.41565217391292,9.530559006211521e-05,0.0015542857142857144,0.03545714285714286,True,True,True,False,-2.2231549934303985e-13,769.9216679427527,18.522881206195887,17.536662936568703,0.2669964858550759,-2.4855083338241357,803.7627002375481
2026-04-14T05:00:00Z,2026-04-14T05:15:00Z,2026-04-14,2026-04-14_29,17.0,0,17,83,108.41565217391292,103.81762732919242,0.012772291235334712,0.0,0.019817142857142853,True,True,True,False,670.3525,769.9216679427527,0.0,17.501619647800222,0.0,-1.4212420519465219,1456.3545455386063
2026-04-14T05:15:00Z,2026-04-14T05:30:00Z,2026-04-14,2026-04-14_30,17.0,0,17,83,103.81762732919242,99.21559006211167,0.012783436853002072,0.0,0.016125714285714285,True,True,True,False,713.83,769.9216679427527,0.0,17.501619647800222,0.0,-1.2215267352668142,1500.0317608552862
2026-04-14T05:30:00Z,2026-04-14T05:45:00Z,2026-04-14,2026-04-14_31,17.0,0,17,83,99.21559006211167,94.62812422360236,0.012742960662525879,0.0,0.02953142857142857,True,True,True,False,730.4050000000001,769.9216679427527,0.0,17.501619647800222,0.0,-2.062816985688203,1515.7654706048647
2026-04-14T05:45:00Z,2026-04-14T06:00:00Z,2026-04-14,2026-04-14_32,17.0,0,17,83,94.62812422360236,90.11055900621105,0.0125487922705314,0.0,0.09383999999999999,True,True,True,False,661.13,769.9216679427527,0.0,17.501619647800222,0.0,-5.545673738147123,1443.0076138524057
2026-04-14T06:00:00Z,2026-04-14T06:15:00Z,2026-04-14,2026-04-14_33,100.0,0,100,0,90.11055900621105,63.41118012422348,0.07416494133885439,0.0,0.4365714285714286,True,True,True,False,4737.25,0.0,0.0,100.18257847929797,0.0,-22.120664686629706,4815.311913792668
2026-04-14T06:15:00Z,2026-04-14T06:30:00Z,2026-04-14,2026-04-14_34,100.0,0,100,0,63.41118012422348,49.28881987577628,0.03922877846790889,0.0,12.007428571428573,True,True,True,False,4354.5,0.0,0.0,100.18257847929797,0.0,3118.9164294268276,7573.599007906126
2026-04-14T06:30:00Z,2026-04-14T06:45:00Z,2026-04-14,2026-04-14_35,100.0,0,100,0,49.28881987577628,33.462111801242116,0.04396307798481711,0.0,10.43942857142857,True,True,True,False,3747.9999999999995,0.0,0.0,100.18257847929797,0.0,2015.7666157914955,5863.949194270793
2026-04-14T06:45:00Z,2026-04-14T07:00:00Z,2026-04-14,2026-04-14_36,99.99999999999997,0,100,0,33.462111801242116,31.903105590062,0.0043305728088336905,0.0,23.565714285714286,True,True,True,False,3252.249999999999,0.0,0.0,100.18257847929797,0.0,19263.339450693995,22615.77202917329
2026-04-14T07:00:00Z,2026-04-14T07:15:00Z,2026-04-14,2026-04-14_37,99.99999999999999,0,100,0,31.903105590062,30.057763975155176,0.005125948930296755,0.0,23.302285714285716,True,True,True,False,4353.749999999999,0.0,0.0,100.18257847929797,0.0,18931.44079863361,23385.373377112905
2026-04-14T07:15:00Z,2026-04-14T07:30:00Z,2026-04-14,2026-04-14_38,100.0,0,100,0,30.057763975155176,22.48012422360238,0.02104899930986887,0.0,18.02857142857143,True,True,True,False,3802.5,0.0,0.0,100.18257847929797,0.0,3673.3271800739853,7576.009758553283
2026-04-14T07:30:00Z,2026-04-14T07:45:00Z,2026-04-14,2026-04-14_39,100.0,0,100,0,22.48012422360238,9.999999999999897,0.03466701173222912,0.0,13.518285714285714,True,True,True,False,3500.5000000000005,0.0,0.0,100.18257847929797,0.0,5043.342066249905,8644.024644729203
2026-04-14T07:45:00Z,2026-04-14T08:00:00Z,2026-04-14,2026-04-14_40,0.42641246819021067,0,100,0,9.999999999999897,28.30625733167689,0.050979241825729445,0.0,20.00857142857143,True,True,True,False,11.628268007547044,0.0,0.0,100.18257847929797,0.0,4259.7355713921115,4371.546417878956
2026-04-14T08:00:00Z,2026-04-14T08:15:00Z,2026-04-14,2026-04-14_41,0.0,100,100,0,28.30625733167689,35.66783447453403,0.0204488253968254,0.0,8.001714285714286,True,True,True,False,0.0,0.0,112.69803875375464,100.18257847929797,0.0,453.40062901230937,666.281246245362
2026-04-14T08:15:00Z,2026-04-14T08:30:00Z,2026-04-14,2026-04-14_42,0.0,100,100,0,35.66783447453403,40.7488630459626,0.014113968253968252,0.0,5.522857142857142,True,True,True,False,0.0,0.0,112.69803875375464,100.18257847929797,0.0,309.67878808275765,522.5594053158103
2026-04-14T08:30:00Z,2026-04-14T08:45:00Z,2026-04-14,2026-04-14_43,0.0,100,100,0,40.7488630459626,47.26361584099366,0.018206956521739127,0.018285714285714287,7.102857142857142,True,True,True,False,0.0,0.0,112.69803875375464,100.18257847929797,2.509318233448041,1680.6469695057478,1896.0369049722485
2026-04-14T08:45:00Z,2026-04-14T09:00:00Z,2026-04-14,2026-04-14_44,0.0,100,100,0,47.26361584099366,60.76448441242223,0.037502412698412695,0.0,14.674857142857142,True,True,True,False,0.0,0.0,112.69803875375464,100.18257847929797,0.0,5329.755883205865,5542.636500438917
2026-04-14T09:00:00Z,2026-04-14T09:15:00Z,2026-04-14,2026-04-14_45,0.0,0,100,0,60.76448441242223,70.6295129838508,0.027402857142857145,0.0,10.722857142857144,True,True,True,False,0.0,0.0,0.0,103.06849637787856,0.0,60.34120131591126,163.40969769378984
2026-04-14T09:15:00Z,2026-04-14T09:30:00Z,2026-04-14,2026-04-14_46,100.0,0,100,0,70.6295129838508,62.66305335652161,0.022129054520358866,0.0,17.670857142857145,True,True,True,False,2946.25,0.0,0.0,103.06849637787856,0.0,1806.0964115335753,4855.414907911454
2026-04-14T09:30:00Z,2026-04-14T09:45:00Z,2026-04-14,2026-04-14_47,100.0,0,100,0,62.66305335652161,54.613985033540246,0.022358523119392685,0.0,17.594857142857144,True,True,True,False,3352.0000000000005,0.0,0.0,103.06849637787856,0.0,598.1602031641328,4053.228699542012
2026-04-14T09:45:00Z,2026-04-14T10:00:00Z,2026-04-14,2026-04-14_48,100.0,0,100,0,54.613985033540246,43.233239691925334,0.03161318150448585,0.0,14.529714285714284,True,True,True,False,3247.5,0.0,0.0,103.06849637787856,0.0,189.47076035102182,3540.0392567289005
2026-04-14T10:00:00Z,2026-04-14T10:15:00Z,2026-04-14,2026-04-14_49,0.0,100,100,0,43.233239691925334,50.911296834782476,0.021327936507936508,0.0,8.345714285714285,True,True,True,False,0.0,0.0,112.72748689557689,103.06849637787856,0.0,-10.513859978292512,205.28212329516293
2026-04-14T10:15:00Z,2026-04-14T10:30:00Z,2026-04-14,2026-04-14_50,0.0,100,100,0,50.911296834782476,52.559590996273165,0.005275627329192548,0.11542857142857145,1.9280000000000002,True,True,True,False,0.0,0.0,112.72748689557689,103.06849637787856,15.84007134864076,-11.336656654298448,220.29939796779777
2026-04-14T10:30:00Z,2026-04-14T10:45:00Z,2026-04-14,2026-04-14_51,0.0,100,100,0,52.559590996273165,56.41465385341602,0.010708507936507936,0.0,4.190285714285714,True,True,True,False,0.0,0.0,112.72748689557689,103.06849637787856,0.0,-55.48630291200054,160.30968036145492
2026-04-14T10:45:00Z,2026-04-14T11:00:00Z,2026-04-14,2026-04-14_52,0.0,100,100,0,56.41465385341602,69.4486881391303,0.03620565079365079,0.0,14.16742857142857,True,True,True,False,0.0,0.0,112.72748689557689,103.06849637787856,0.0,180.81084409592796,396.6068273693834
2026-04-14T11:00:00Z,2026-04-14T11:15:00Z,2026-04-14,2026-04-14_53,0.0,100,100,0,69.4486881391303,82.68459671055886,0.036766412698412694,0.0,14.386857142857142,True,True,True,False,0.0,0.0,112.66859061193239,103.06849637787856,0.0,380.5708826870167,596.3079696768276
2026-04-14T11:15:00Z,2026-04-14T11:30:00Z,2026-04-14,2026-04-14_54,2.5950256436455835e-14,100,100,0,82.68459671055886,103.43348813913029,0.05763580952380953,0.0,22.55314285714286,True,True,True,False,7.610561456401585e-13,0.0,112.66859061193239,103.06849637787856,0.0,3916.2912478439753,4132.028334833787
2026-04-14T11:30:00Z,2026-04-14T11:45:00Z,2026-04-14,2026-04-14_55,0.0,100,100,0,103.43348813913029,106.96313385341601,0.00980457142857143,0.0,3.8365714285714287,True,True,True,False,0.0,0.0,112.66859061193239,103.06849637787856,0.0,-90.41781360167603,125.31927338813492
2026-04-14T11:45:00Z,2026-04-14T12:00:00Z,2026-04-14,2026-04-14_56,0.0,100,100,0,106.96313385341601,121.74043671055887,0.0410480634920635,0.0,16.062285714285714,True,True,True,False,0.0,0.0,112.66859061193239,103.06849637787856,0.0,549.7226390022408,765.4597259920517
2026-04-14T12:00:00Z,2026-04-14T12:15:00Z,2026-04-14,2026-04-14_57,0.0,100,100,0,121.74043671055887,137.0171681391303,0.04243536507936509,0.0,16.60514285714286,True,True,True,False,0.0,0.0,112.66859061193239,103.06849637787856,0.0,468.8735284763532,684.6106154661642
2026-04-14T12:15:00Z,2026-04-14T12:30:00Z,2026-04-14,2026-04-14_58,0.0,100,100,0,137.0171681391303,151.53476813913028,0.04032666666666666,0.0,15.78,True,True,True,False,0.0,0.0,112.66859061193239,103.06849637787856,0.0,448.98200129571825,664.7190882855292
2026-04-14T12:30:00Z,2026-04-14T12:45:00Z,2026-04-14,2026-04-14_59,0.0,100,100,0,151.53476813913028,157.51161385341598,0.016602349206349204,0.0,6.4965714285714276,True,True,True,False,0.0,0.0,112.66859061193239,103.06849637787856,0.0,-0.4387420875647507,215.29834490224619
2026-04-14T12:45:00Z,2026-04-14T13:00:00Z,2026-04-14,2026-04-14_60,0.0,100,100,0,157.51161385341598,159.45728242484455,0.005404634920634921,0.0,2.1148571428571428,True,True,True,False,0.0,0.0,112.66859061193239,103.06849637787856,0.0,-99.43901592723785,116.2980710625731
2026-04-14T13:00:00Z,2026-04-14T13:15:00Z,2026-04-14,2026-04-14_61,0.0,52,100,0,159.45728242484455,162.4868953440992,0.008559138716356107,0.023771428571428572,3.321142857142857,True,True,True,False,0.0,0.0,58.57235408445727,100.18257847929797,2.328747836963869,108.90521456477049,269.9888949654896
2026-04-14T13:15:00Z,2026-04-14T13:30:00Z,2026-04-14,2026-04-14_62,0.0,52,100,0,162.4868953440992,164.99601335652156,0.007122291235334713,0.02525714285714286,2.757142857142857,True,True,True,False,0.0,0.0,58.57235408445727,100.18257847929797,2.4742945767741107,-52.54360708886888,108.68562005166046
2026-04-14T13:30:00Z,2026-04-14T13:45:00Z,2026-04-14,2026-04-14_63,48.0,52,100,0,164.99601335652156,157.90466794534143,0.03552486868184955,0.003268571428571428,5.954857142857143,True,True,True,False,1561.1999999999998,0.0,58.57235408445727,100.18257847929797,0.3202028275825319,228.4770325247715,1948.752167916109
2026-04-14T13:45:00Z,2026-04-14T14:00:00Z,2026-04-14,2026-04-14_64,48.0,52,100,0,157.90466794534143,152.7399999999998,0.035283513816425124,0.0,7.877714285714285,True,True,True,False,1625.04,0.0,58.57235408445727,100.18257847929797,0.0,943.1033071104642,2726.8982396742194
2026-04-14T14:00:00Z,2026-04-14T14:15:00Z,2026-04-14,2026-04-14_65,0.0,0,0,81,152.7399999999998,152.7399999999998,0.0,0.0,0.0,True,False,True,False,0.0,751.3693385947346,0.0,0.0,0.0,0.0,751.3693385947346
2026-04-14T14:15:00Z,2026-04-14T14:30:00Z,2026-04-14,2026-04-14_66,0.0,0,0,81,152.7399999999998,152.7399999999998,0.0,0.0,0.0,True,False,True,False,0.0,751.3693385947346,0.0,0.0,0.0,0.0,751.3693385947346
2026-04-14T14:30:00Z,2026-04-14T14:45:00Z,2026-04-14,2026-04-14_67,0.0,0,0,81,152.7399999999998,152.7399999999998,0.0,0.0,0.0,True,False,True,False,0.0,751.3693385947346,0.0,0.0,0.0,0.0,751.3693385947346
2026-04-14T14:45:00Z,2026-04-14T15:00:00Z,2026-04-14,2026-04-14_68,0.0,0,0,81,152.7399999999998,152.7399999999998,0.0,0.0,0.0,True,False,True,False,0.0,751.3693385947346,0.0,0.0,0.0,0.0,751.3693385947346
2026-04-14T15:00:00Z,2026-04-14T15:15:00Z,2026-04-14,2026-04-14_69,0.0,100,100,0,152.7399999999998,159.60775155279484,0.02020545203588682,0.18685714285714286,7.685714285714286,True,True,True,False,0.0,0.0,108.987572884151,102.95070381058956,30.920882434604092,2034.4245805042085,2277.283739633553
2026-04-14T15:15:00Z,2026-04-14T15:30:00Z,2026-04-14,2026-04-14_70,0.0,100,100,0,159.60775155279484,167.7868144099377,0.022719619047619044,0.0,8.890285714285714,True,True,True,False,0.0,0.0,108.987572884151,102.95070381058956,0.0,639.2481428319015,851.1864195266421
2026-04-14T15:30:00Z,2026-04-14T15:45:00Z,2026-04-14,2026-04-14_71,0.0,100,100,0,167.7868144099377,166.65479254658368,0.008422092477570737,1.9154285714285715,1.0325714285714285,True,True,True,False,0.0,0.0,108.987572884151,102.95070381058956,338.8989051461329,-24.897708037099044,525.9394738037744
2026-04-14T15:45:00Z,2026-04-14T16:00:00Z,2026-04-14,2026-04-14_72,0.0,100,100,0,166.65479254658368,160.37744099378864,0.017466293995859212,5.78,0.005714285714285714,True,True,True,False,0.0,0.0,108.987572884151,102.95070381058956,1231.4462649940124,-0.2815803275194288,1443.1029613612336
2026-04-14T16:00:00Z,2026-04-14T16:15:00Z,2026-04-14,2026-04-14_73,0.0,0,100,0,160.37744099378864,172.37844670807436,0.03333612698412698,0.0,13.044571428571427,True,True,True,False,0.0,0.0,0.0,103.06849637787856,0.0,3236.3428827206712,3339.41137909855
2026-04-14T16:15:00Z,2026-04-14T16:30:00Z,2026-04-14,2026-04-14_74,0.0,0,100,0,172.37844670807436,181.61156670807435,0.025647555555555555,0.0,10.036,True,True,True,False,0.0,0.0,0.0,103.06849637787856,0.0,204.9797388931425,308.04823527102104
2026-04-14T16:30:00Z,2026-04-14T16:45:00Z,2026-04-14,2026-04-14_75,99.99999999999996,0,100,0,181.61156670807435,167.0848586335402,0.040351966873706006,0.0,11.63542857142857,True,True,True,False,4861.249999999997,0.0,0.0,103.06849637787856,0.0,525.5119373792274,5489.8304337571035
2026-04-14T16:45:00Z,2026-04-14T17:00:00Z,2026-04-14,2026-04-14_76,100.0,0,100,0,167.0848586335402,142.3351691925464,0.06874913733609386,0.0,2.230285714285714,True,True,True,False,5047.75,0.0,0.0,103.06849637787856,0.0,-111.92323929560042,5038.8952570822785
2026-04-14T17:00:00Z,2026-04-14T17:15:00Z,2026-04-14,2026-04-14_77,1.1198771378827664e-13,0,100,0,142.3351691925464,148.89503204968923,0.018221841269841308,0.0,7.130285714285714,True,True,True,False,4.57049856898404e-12,0.0,0.0,103.06849637787856,0.0,91.81308473492464,194.88158111280777
2026-04-14T17:15:00Z,2026-04-14T17:30:00Z,2026-04-14,2026-04-14_78,99.99999999999994,0,100,0,148.89503204968923,123.11242335403708,0.07161835748792265,0.0,1.28,True,True,True,False,4701.749999999997,0.0,0.0,103.06849637787856,0.0,-65.9155898462807,4738.902906531595
2026-04-14T17:30:00Z,2026-04-14T17:45:00Z,2026-04-14,2026-04-14_79,99.99999999999969,0,100,0,123.11242335403708,95.96397614906822,0.07541235334713572,0.0,0.02342857142857143,True,True,True,False,5088.9999999999845,0.0,0.0,103.06849637787856,0.0,-1.8398077176568257,5190.228688660206
2026-04-14T17:45:00Z,2026-04-14T18:00:00Z,2026-04-14,2026-04-14_80,100.0,0,100,0,95.96397614906822,68.79006310558995,0.07548309178743962,0.0,0.0,True,True,True,False,6236.0,0.0,0.0,103.06849637787856,0.0,0.0,6339.068496377879
2026-04-14T18:00:00Z,2026-04-14T18:15:00Z,2026-04-14,2026-04-14_81,16.999999999999993,0,17,83,68.79006310558995,64.17102583850921,0.012830659075224286,0.0,0.0004857142857142857,True,True,True,False,1025.9924999999996,769.9216679427527,0.0,17.521644384239355,0.0,-0.0381423551221537,1813.3976699718696
2026-04-14T18:15:00Z,2026-04-14T18:30:00Z,2026-04-14,2026-04-14_82,16.999999999999993,0,17,83,64.17102583850921,59.55420596273281,0.012824499654934431,0.0,0.0025257142857142856,True,True,True,False,824.4999999999997,769.9216679427527,0.0,17.521644384239355,0.0,-0.19834024663519922,1611.7449720803565
2026-04-14T18:30:00Z,2026-04-14T18:45:00Z,2026-04-14,2026-04-14_83,16.437570500283876,0,17,83,59.55420596273281,55.10869565217384,0.012351957907051953,0.0,0.019622857142857147,True,True,True,False,736.6497219702219,769.9216679427527,0.0,17.521644384239355,0.0,-1.3845484578989735,1522.708485839315
2026-04-14T18:45:00Z,2026-04-14T19:00:00Z,2026-04-14,2026-04-14_84,0.0,0,17,83,55.10869565217384,55.16768079503099,0.00016384761904761905,0.0,0.06411428571428571,True,True,True,False,0.0,769.9216679427527,0.0,17.521644384239355,0.0,-3.482640370878311,783.9606719561137
2026-04-14T19:00:00Z,2026-04-14T19:15:00Z,2026-04-14,2026-04-14_85,8.0,16,24,76,55.16768079503099,52.82013781863347,0.00718311906142167,0.33417142857142856,0.19433142857142854,True,True,True,False,381.16,704.9885152246893,17.4332999587726,24.73643913069085,64.60837873114968,-6.716312702245631,1186.2103203430568
2026-04-14T19:15:00Z,2026-04-14T19:30:00Z,2026-04-14,2026-04-14_86,6.744536583850915,16,24,76,52.82013781863347,51.304347826086875,0.005430636924567755,0.003748571428571429,0.3320228571428571,True,True,True,False,295.461286397049,704.9885152246893,17.4332999587726,24.73643913069085,0.5940694964928666,-14.985581180113247,1028.2280290275814
2026-04-14T19:30:00Z,2026-04-14T19:45:00Z,2026-04-14,2026-04-14_87,6.253884412840982,16,24,76,51.304347826086875,51.304347826086875,0.006665846640036063,0.0,1.7637942857142856,True,True,True,False,249.35800625100208,704.9885152246893,17.4332999587726,24.73643913069085,0.0,69.83395421234634,1066.3502147775012
2026-04-14T19:45:00Z,2026-04-14T20:00:00Z,2026-04-14,2026-04-14_88,1.9082741452514744,16,24,76,51.304347826086875,51.32732919254652,0.0026660830209176796,0.0,0.5802514285714285,True,True,True,False,72.91515509005885,704.9885152246893,17.4332999587726,24.73643913069085,0.0,-23.671301039098715,796.4021083651129
2026-04-14T20:00:00Z,2026-04-14T20:15:00Z,2026-04-14,2026-04-14_89,100.0,0,100,0,51.32732919254652,27.619875776397453,0.06585403726708074,0.0,3.189142857142857,True,True,True,False,4133.75,0.0,0.0,103.06849637787856,0.0,36.321680619476716,4273.140176997355
2026-04-14T20:15:00Z,2026-04-14T20:30:00Z,2026-04-14,2026-04-14_90,100.0,0,100,0,27.619875776397453,9.999999999999936,0.04894409937888199,0.0,8.789714285714286,True,True,True,False,3906.0,0.0,0.0,103.06849637787856,0.0,-25.844386370839047,3983.2241100070396
2026-04-14T20:30:00Z,2026-04-14T20:45:00Z,2026-04-14,2026-04-14_91,19.22438147846575,0,100,0,9.999999999999936,9.999999999999938,0.02265266317207207,0.0,5.4868571428571435,True,True,True,False,709.5719203701708,0.0,0.0,103.06849637787856,0.0,-96.41559618464267,716.2248205634066
2026-04-14T20:45:00Z,2026-04-14T21:00:00Z,2026-04-14,2026-04-14_92,21.22252276155651,0,100,0,9.999999999999938,9.999999999999938,0.024303376911241407,0.0,6.0360000000000005,True,True,True,False,716.1009742818206,0.0,0.0,103.06849637787856,0.0,1200.5711478885682,2019.7406185482675
2026-04-14T21:00:00Z,2026-04-14T21:15:00Z,2026-04-15,2026-04-14_93,-45.07054764333576,100,53,0,9.999999999999938,19.531083229813603,0.031217587639626433,1.4297142857142855,0.6644685714285714,True,True,True,False,-1729.4695894439014,0.0,108.99450117831894,54.16054595443833,251.7161934687465,137.60267203680846,-1176.9956768055893
2026-04-14T21:15:00Z,2026-04-14T21:30:00Z,2026-04-15,2026-04-14_94,-46.99999999999994,100,53,0,19.531083229813603,30.521574350310487,0.030776036411318115,0.07714285714285715,0.2807485714285714,True,True,True,False,-1677.547499999998,0.0,108.99450117831894,54.16054595443833,13.119739647626533,-14.729265388845247,-1516.0019786084595
2026-04-14T21:30:00Z,2026-04-14T21:45:00Z,2026-04-15,2026-04-14_95,-46.99999999999984,100,53,0,30.521574350310487,42.143782280745235,0.032336947494823916,0.01657142857142857,0.901,True,True,True,False,-1562.1624999999945,0.0,108.99450117831894,54.16054595443833,2.7257331388171924,-33.777768067556956,-1430.059487795977
2026-04-14T21:45:00Z,2026-04-14T22:00:00Z,2026-04-15,2026-04-14_96,-47.0,100,53,0,42.143782280745235,55.10869565217381,0.03601364825396825,0.0,2.342297142857143,True,True,True,False,-1437.4950000000001,0.0,108.99450117831894,54.16054595443833,0.0,-3.543345422511503,-1277.8832982897543
2026-04-14T22:00:00Z,2026-04-14T22:15:00Z,2026-04-15,2026-04-15_1,0.0,17,17,83,55.10869565217381,55.506755150310454,0.0012447477432712215,0.02302285714285714,0.4598742857142857,True,True,True,False,0.0,770.1787117046348,18.529065200314218,17.372250589159464,4.013726784872629,7.966789152732577,818.0605434317137
2026-04-14T22:15:00Z,2026-04-14T22:30:00Z,2026-04-15,2026-04-15_2,0.0,17,17,83,55.506755150310454,55.51550932670797,9.881681159420289e-05,0.012337142857142857,0.02409142857142857,True,True,True,False,0.0,770.1787117046348,18.529065200314218,17.372250589159464,1.981717776904949,-1.5318496061048141,806.5298956649086
2026-04-14T22:30:00Z,2026-04-14T22:45:00Z,2026-04-15,2026-04-15_3,0.0,17,17,83,55.51550932670797,55.62293581118002,0.0003371232574189096,0.006411428571428571,0.12434285714285714,True,True,True,False,0.0,770.1787117046348,18.529065200314218,17.372250589159464,1.07528672427337,-6.548121467848726,800.6071927505332
2026-04-14T22:45:00Z,2026-04-14T23:00:00Z,2026-04-15,2026-04-15_4,0.0,17,17,83,55.62293581118002,56.13610655403716,0.001425474285714286,0.0,0.5577942857142858,True,True,True,False,0.0,770.1787117046348,18.529065200314218,17.372250589159464,0.0,48.94874897991248,855.0287764740209
2026-04-14T23:00:00Z,2026-04-14T23:15:00Z,2026-04-15,2026-04-15_5,0.0,17,17,83,56.13610655403716,56.61281375403716,0.0013241866666666667,0.0,0.51816,True,True,True,False,0.0,770.1787117046348,18.529065200314218,26.461508248232523,0.0,-12.678943739198742,802.4903414139828
2026-04-14T23:15:00Z,2026-04-14T23:30:00Z,2026-04-15,2026-04-15_6,0.0,17,17,83,56.61281375403716,56.98611821118002,0.0010369568253968252,0.0,0.40576571428571423,True,True,True,False,0.0,770.1787117046348,18.529065200314218,26.461508248232523,0.0,-10.873915522388058,804.2953696307935
2026-04-14T23:30:00Z,2026-04-14T23:45:00Z,2026-04-15,2026-04-15_7,0.0,17,17,83,56.98611821118002,57.76615203975145,0.002166760634920635,0.0,0.8478628571428571,True,True,True,False,0.0,770.1787117046348,18.529065200314218,26.461508248232523,0.0,-17.34422361575581,797.8250615374258
2026-04-14T23:45:00Z,2026-04-15T00:00:00Z,2026-04-15,2026-04-15_8,0.0,17,17,83,57.76615203975145,58.344563925465735,0.0016066996825396826,0.0,0.6287085714285714,True,True,True,False,0.0,770.1787117046348,18.529065200314218,26.461508248232523,0.0,-7.046301936931882,808.1229832162496
2026-04-15T00:00:00Z,2026-04-15T00:15:00Z,2026-04-15,2026-04-15_9,0.0,100,100,0,58.344563925465735,59.79185535403717,0.004020253968253969,0.0,1.5731428571428574,True,True,True,False,0.0,0.0,108.99450117831894,155.65593087195603,0.0,-57.63690191897657,207.0135301312984
2026-04-15T00:15:00Z,2026-04-15T00:30:00Z,2026-04-15,2026-04-15_10,0.0,100,100,0,59.79185535403717,59.89280243478251,0.00047019461697722577,0.031428571428571424,0.14685714285714288,True,True,True,False,0.0,0.0,108.99450117831894,155.65593087195603,4.959937156323645,-10.037131971720347,259.57323723487826
2026-04-15T00:30:00Z,2026-04-15T00:45:00Z,2026-04-15,2026-04-15_11,0.0,100,100,0,59.89280243478251,69.54544243478252,0.02681288888888889,0.0,10.491999999999999,True,True,True,False,0.0,0.0,108.99450117831894,155.65593087195603,0.0,237.88116810683422,502.5316001571092
2026-04-15T00:45:00Z,2026-04-15T01:00:00Z,2026-04-15,2026-04-15_12,0.0,100,100,0,69.54544243478252,82.44489386335394,0.03583180952380953,0.0,14.021142857142857,True,True,True,False,0.0,0.0,108.99450117831894,155.65593087195603,0.0,410.80131219840644,675.4517442486814
2026-04-15T01:00:00Z,2026-04-15T01:15:00Z,2026-04-15,2026-04-15_13,0.0,100,100,0,82.44489386335394,103.13122529192538,0.057462031746031754,0.0,22.485142857142858,True,True,True,False,0.0,0.0,108.99450117831894,155.65593087195603,0.0,2328.5458507462686,2593.1962827965435
2026-04-15T01:15:00Z,2026-04-15T01:30:00Z,2026-04-15,2026-04-15_14,0.0,100,100,0,103.13122529192538,107.84740814906823,0.013100507936507936,0.0,5.126285714285714,True,True,True,False,0.0,0.0,108.99450117831894,155.65593087195603,0.0,-97.31083604533723,167.33959600493773
2026-04-15T01:30:00Z,2026-04-15T01:45:00Z,2026-04-15,2026-04-15_15,0.0,100,100,0,107.84740814906823,109.49184243478251,0.004567873015873016,0.0,1.7874285714285714,True,True,True,False,0.0,0.0,108.99450117831894,155.65593087195603,0.0,-67.35537739872069,197.29505465155427
2026-04-15T01:45:00Z,2026-04-15T02:00:00Z,2026-04-15,2026-04-15_16,0.0,100,100,0,109.49184243478251,116.23255100621108,0.018724190476190474,0.0,7.326857142857142,True,True,True,False,0.0,0.0,108.99450117831894,155.65593087195603,0.0,-89.34967029514083,175.30076175513415
2026-04-15T02:00:00Z,2026-04-15T02:15:00Z,2026-04-15,2026-04-15_17,-10.999999999999716,17,6,83,116.23255100621108,118.86040093416132,0.007311798454106099,0.005731428571428571,0.11245714285714284,True,True,True,False,-337.3424999999913,770.1787117046348,18.529065200314218,9.339355852317361,0.9004601054875996,-2.5588858713949048,459.0462069913678
2026-04-15T02:15:00Z,2026-04-15T02:30:00Z,2026-04-15,2026-04-15_18,-10.999999999999908,17,6,83,118.86040093416132,121.30351156273272,0.006991180317460262,0.09607428571428571,0.0077828571428571434,True,True,True,False,-339.2949999999971,770.1787117046348,18.529065200314218,9.339355852317361,16.816622596790484,-0.4946118819436652,475.0741434721161
2026-04-15T02:30:00Z,2026-04-15T02:45:00Z,2026-04-15,2026-04-15_19,-11.0,17,6,83,121.30351156273272,123.29507998012403,0.006704391221532091,0.550022857142857,0.0,True,True,True,False,-340.3125,770.1787117046348,18.529065200314218,9.339355852317361,97.17830196162046,0.0,554.9129347188868
2026-04-15T02:45:00Z,2026-04-15T03:00:00Z,2026-04-15,2026-04-15_20,-10.99999999999994,17,6,83,123.29507998012403,125.86357309813643,0.007213792132505137,0.037108571428571435,0.08132571428571428,True,True,True,False,-362.999999999998,770.1787117046348,18.529065200314218,9.339355852317361,6.542127455953318,-3.768964524744698,437.82029568847696
2026-04-15T03:00:00Z,2026-04-15T03:15:00Z,2026-04-15,2026-04-15_21,-3.0,17,14,83,125.86357309813643,126.45228587329171,0.0030271007039337472,0.27986857142857136,0.21159999999999998,True,True,True,False,-90.69,770.1787117046348,18.529065200314218,14.191084053417125,54.24415729323307,1.7011110761979575,768.1541293277971
2026-04-15T03:15:00Z,2026-04-15T03:30:00Z,2026-04-15,2026-04-15_22,-3.0,17,14,83,126.45228587329171,126.87878191304327,0.0025045179848171154,0.26539428571428575,0.01864,True,True,True,False,-94.59,770.1787117046348,18.529065200314218,14.191084053417125,49.78410070699137,-1.221853464257659,756.8711082010998
2026-04-15T03:30:00Z,2026-04-15T03:45:00Z,2026-04-15,2026-04-15_23,-2.470293675865559,17,14,83,126.87878191304327,126.86053916024836,0.0028377189970099697,0.5596399999999999,0.00904,True,True,True,False,-84.32965035986052,770.1787117046348,18.529065200314218,14.191084053417125,123.05628533385702,-0.6533548153967007,840.972141116966
2026-04-15T03:45:00Z,2026-04-15T04:00:00Z,2026-04-15,2026-04-15_24,0.0,17,14,83,126.86053916024836,124.54199257639743,0.006440407177363698,2.133062857142857,0.0,True,True,True,False,0.0,770.1787117046348,18.529065200314218,14.191084053417125,504.71610059701493,0.0,1307.6149615553811
2026-04-15T04:00:00Z,2026-04-15T04:15:00Z,2026-04-15,2026-04-15_25,0.0,17,17,83,124.54199257639743,123.82460592298128,0.0030855546721877155,0.8409657142857143,0.2138114285714286,True,True,True,False,0.0,770.1787117046348,18.529065200314218,17.232030636292222,197.7318158399731,-6.710118132645047,996.9615052485693
2026-04-15T04:15:00Z,2026-04-15T04:30:00Z,2026-04-15,2026-04-15_26,0.0,17,17,83,123.82460592298128,122.88812766211171,0.0026013285024154586,0.8615599999999999,0.0,True,True,True,False,0.0,770.1787117046348,18.529065200314218,17.232030636292222,190.34486364493324,0.0,996.2846711861745
2026-04-15T04:30:00Z,2026-04-15T04:45:00Z,2026-04-15,2026-04-15_27,0.0,17,17,83,122.88812766211171,121.90751275527941,0.0027239302967563836,0.9021657142857143,0.0,True,True,True,False,0.0,770.1787117046348,18.529065200314218,17.232030636292222,197.01708185052183,0.0,1002.9568893917631
2026-04-15T04:45:00Z,2026-04-15T05:00:00Z,2026-04-15,2026-04-15_28,0.0,17,17,83,121.90751275527941,121.9280795031055,0.00011813744651483782,0.010102857142857143,0.03429142857142857,True,True,True,False,0.0,770.1787117046348,18.529065200314218,17.232030636292222,1.6845462731455505,-1.9565576624396814,805.6677961519471
2026-04-15T05:00:00Z,2026-04-15T05:15:00Z,2026-04-15,2026-04-15_29,100.0,0,100,0,121.9280795031055,98.62683726708065,0.06472567287784678,0.0,3.562857142857143,True,True,True,False,4407.25,0.0,0.0,101.12922230950511,0.0,-81.23132364493324,4427.147898664572
2026-04-15T05:15:00Z,2026-04-15T05:30:00Z,2026-04-15,2026-04-15_30,100.0,0,100,0,98.62683726708065,74.04857639751543,0.06827294685990337,0.0,2.3880000000000003,True,True,True,False,4073.25,0.0,0.0,101.12922230950511,0.0,-31.233933228593877,4143.145289080911
2026-04-15T05:30:00Z,2026-04-15T05:45:00Z,2026-04-15,2026-04-15_31,100.0,0,100,0,74.04857639751543,61.580874534161396,0.03463250517598343,0.0,13.529714285714286,True,True,True,False,3992.0,0.0,0.0,101.12922230950511,0.0,1114.7799051733814,5207.909127482886
2026-04-15T05:45:00Z,2026-04-15T06:00:00Z,2026-04-15,2026-04-15_32,100.00000000000004,0,100,0,61.580874534161396,55.77652670807443,0.016123188405797132,0.0,19.66,True,True,True,False,3602.250000000002,0.0,0.0,101.12922230950511,0.0,11052.452776904951,14755.831999214457
2026-04-15T06:00:00Z,2026-04-15T06:15:00Z,2026-04-15,2026-04-15_33,0.0,100,100,0,55.77652670807443,75.11702956521728,0.053723619047619055,0.0,21.022285714285715,True,True,True,False,0.0,0.0,111.85192458758839,97.71209740769837,0.0,9816.288607002583,10025.85262899787
2026-04-15T06:15:00Z,2026-04-15T06:30:00Z,2026-04-15,2026-04-15_34,0.0,100,100,0,75.11702956521728,79.20498385093157,0.011355428571428572,0.0,4.443428571428571,True,True,True,False,0.0,0.0,111.85192458758839,97.71209740769837,0.0,28.326420828189878,237.89044282347663
2026-04-15T06:30:00Z,2026-04-15T06:45:00Z,2026-04-15,2026-04-15_35,0.0,100,100,0,79.20498385093157,73.17018633540361,0.01739126293995859,5.656,0.12285714285714285,True,True,True,False,0.0,0.0,111.85192458758839,97.71209740769837,1506.2221241162608,-6.256642352149028,1709.5295037593985
2026-04-15T06:45:00Z,2026-04-15T07:00:00Z,2026-04-15,2026-04-15_36,0.0,100,100,0,73.17018633540361,64.91180124223591,0.022939958592132506,7.597714285714286,0.0,True,True,True,False,0.0,0.0,111.85192458758839,97.71209740769837,3325.708441252385,0.0,3535.2724632476716
2026-04-15T07:00:00Z,2026-04-15T07:15:00Z,2026-04-15,2026-04-15_37,0.0,100,100,0,64.91180124223591,38.38944099378871,0.07367322291235334,24.40057142857143,0.0,True,True,True,False,0.0,0.0,112.67674783974863,97.71209740769837,22440.04397598474,0.0,22650.432821232185
2026-04-15T07:15:00Z,2026-04-15T07:30:00Z,2026-04-15,2026-04-15_38,0.0,100,100,0,38.38944099378871,24.62919254658374,0.038222912353347134,12.659428571428572,0.0,True,True,True,False,0.0,0.0,112.67674783974863,97.71209740769837,4244.118179104478,0.0,4454.507024351925
2026-04-15T07:30:00Z,2026-04-15T07:45:00Z,2026-04-15,2026-04-15_39,0.0,100,100,0,24.62919254658374,9.99999999999989,0.04063664596273292,13.458857142857145,0.0,True,True,True,False,0.0,0.0,112.67674783974863,97.71209740769837,9629.730348445744,0.0,9840.119193693192
2026-04-15T07:45:00Z,2026-04-15T08:00:00Z,2026-04-15,2026-04-15_40,0.0,100,100,0,9.99999999999989,23.873074285714175,0.038536317460317465,0.0,15.079428571428572,True,True,True,False,0.0,0.0,112.67674783974863,97.71209740769837,0.0,3704.0223477724167,3914.4111930198637
2026-04-15T08:00:00Z,2026-04-15T08:15:00Z,2026-04-15,2026-04-15_41,35.000000000000085,65,100,0,23.873074285714175,24.238804968943963,0.032519541752933076,0.0,10.094285714285714,True,True,True,False,1064.2625000000025,0.0,73.2781814611155,97.71209740769837,0.0,55.77033385703064,1291.023112725847
2026-04-15T08:15:00Z,2026-04-15T08:30:00Z,2026-04-15,2026-04-15_42,35.000000000000085,65,100,0,24.238804968943963,29.33848268322966,0.03544354920634919,0.0,14.932571428571428,True,True,True,False,965.3875000000023,0.0,73.2781814611155,97.71209740769837,0.0,345.31131545281113,1481.6890943216274
2026-04-15T08:30:00Z,2026-04-15T08:45:00Z,2026-04-15,2026-04-15_43,0.0,65,100,0,29.33848268322966,49.17999125465823,0.055115301587301595,0.0,21.566857142857142,True,True,True,False,0.0,0.0,73.2781814611155,97.71209740769837,0.0,2423.8233446302324,2594.813623499046
2026-04-15T08:45:00Z,2026-04-15T09:00:00Z,2026-04-15,2026-04-15_44,0.0,65,100,0,49.17999125465823,64.06927125465823,0.0413591111111111,0.0,16.183999999999997,True,True,True,False,0.0,0.0,73.2781814611155,97.71209740769837,0.0,401.0593527101335,572.0496315789474
2026-04-15T09:00:00Z,2026-04-15T09:15:00Z,2026-04-15,2026-04-15_45,18.999999999999996,0,0,81,64.06927125465823,58.906227776397365,0.014341787439613523,0.0,0.0,True,False,True,False,555.8924999999999,751.6201885310292,0.0,0.0,0.0,0.0,1307.5126885310292
2026-04-15T09:15:00Z,2026-04-15T09:30:00Z,2026-04-15,2026-04-15_46,-1.2111079665137447,0,0,81,58.906227776397365,59.18478260869553,0.0007737634230504481,0.0,0.0,True,False,True,False,-29.91739454280578,751.6201885310292,0.0,0.0,0.0,0.0,721.7027939882233
2026-04-15T09:30:00Z,2026-04-15T09:45:00Z,2026-04-15,2026-04-15_47,18.999999999999996,0,0,81,59.18478260869553,54.02173913043466,0.014341787439613523,0.0,0.0,True,False,True,False,558.7424999999998,751.6201885310292,0.0,0.0,0.0,0.0,1310.362688531029
2026-04-15T09:45:00Z,2026-04-15T10:00:00Z,2026-04-15,2026-04-15_48,-18.82306069673231,0,0,81,54.02173913043466,58.35104309068309,0.01202584433402342,0.0,0.0,True,False,True,False,-435.0479903532255,751.6201885310292,0.0,0.0,0.0,0.0,316.57219817780367
2026-04-15T10:00:00Z,2026-04-15T10:15:00Z,2026-04-15,2026-04-15_49,100.0,0,100,0,58.35104309068309,45.6845834633539,0.035184610075914426,0.0,13.346857142857143,True,True,True,False,2892.0,0.0,0.0,103.10290652003142,0.0,79.78495376500955,3074.887860285041
2026-04-15T10:15:00Z,2026-04-15T10:30:00Z,2026-04-15,2026-04-15_50,100.0,0,100,0,45.6845834633539,34.25663315279489,0.031744306418219466,0.0,14.486285714285712,True,True,True,False,2863.5,0.0,0.0,103.10290652003142,0.0,59.4017371787678,3026.004643698799
2026-04-15T10:30:00Z,2026-04-15T10:45:00Z,2026-04-15,2026-04-15_51,0.0,0,100,0,34.25663315279489,35.72705600993775,0.0040845079365079365,0.0,1.5982857142857143,True,True,True,False,0.0,0.0,0.0,103.10290652003142,0.0,-43.180708113567505,59.92219840646392
2026-04-15T10:45:00Z,2026-04-15T11:00:00Z,2026-04-15,2026-04-15_52,0.0,0,100,0,35.72705600993775,39.68305600993775,0.010988888888888892,0.0,4.300000000000001,True,True,True,False,0.0,0.0,0.0,103.10290652003142,0.0,-70.62994893951297,32.472957580518454
2026-04-15T11:00:00Z,2026-04-15T11:15:00Z,2026-04-15,2026-04-15_53,-100.0,100,0,0,39.68305600993775,58.33802743850918,0.05181936507936508,4.722857142857143,0.0,True,True,True,False,-2374.0,0.0,112.70620581304007,0.0,746.533272921109,0.0,-1514.760521265851
2026-04-15T11:15:00Z,2026-04-15T11:30:00Z,2026-04-15,2026-04-15_54,-100.0,100,0,0,58.33802743850918,75.68449600993775,0.04818463492063492,6.145142857142857,0.0,True,True,True,False,-1600.0,0.0,112.70620581304007,0.0,1019.4685799573562,0.0,-467.8252142296038
2026-04-15T11:30:00Z,2026-04-15T11:45:00Z,2026-04-15,2026-04-15_55,-100.0,100,0,0,75.68449600993775,91.84390172422346,0.0448872380952381,7.435428571428572,0.0,True,True,True,False,-2425.0,0.0,112.70620581304007,0.0,1230.5502866120526,0.0,-1081.7435075749074
2026-04-15T11:45:00Z,2026-04-15T12:00:00Z,2026-04-15,2026-04-15_56,-100.0,100,0,0,91.84390172422346,106.64854172422346,0.04112400000000001,8.908000000000001,0.0,True,True,True,False,-1600.0,0.0,112.70620581304007,0.0,1516.858158680283,0.0,29.564364493323012
2026-04-15T12:00:00Z,2026-04-15T12:15:00Z,2026-04-15,2026-04-15_57,-19.0,19,0,81,106.64854172422346,110.20966720993775,0.009892015238095238,0.8792114285714286,0.0,True,True,True,False,-352.78249999999997,751.6201885310292,21.414179104477615,0.0,141.7557489978678,0.0,562.0076166333746
2026-04-15T12:15:00Z,2026-04-15T12:30:00Z,2026-04-15,2026-04-15_58,-19.0,19,0,81,110.20966720993775,114.33394835279489,0.01145633650793651,0.26708571428571426,0.0,True,True,True,False,-304.0,751.6201885310292,21.414179104477615,0.0,36.46134371002132,0.0,505.4957113455281
2026-04-15T12:30:00Z,2026-04-15T12:45:00Z,2026-04-15,2026-04-15_59,-19.0,19,0,81,114.33394835279489,117.1998692670806,0.00796089142857143,1.6348685714285713,0.0,True,True,True,False,-401.375,751.6201885310292,21.414179104477615,0.0,308.87971326226017,0.0,680.5390808977669
2026-04-15T12:45:00Z,2026-04-15T13:00:00Z,2026-04-15,2026-04-15_60,0.0,19,0,81,117.1998692670806,116.84406181366445,0.0009883540372670808,0.32734285714285716,0.0,True,True,True,False,0.0,751.6201885310292,21.414179104477615,0.0,55.22014285714286,0.0,828.2545104926496
2026-04-15T13:00:00Z,2026-04-15T13:15:00Z,2026-04-15,2026-04-15_61,0.0,80,100,0,116.84406181366445,135.52426752795017,0.051889460317460334,0.0,20.304571428571432,True,True,True,False,0.0,0.0,90.1413982717989,97.71209740769837,0.0,2196.1196369655486,2383.973132645046
2026-04-15T13:15:00Z,2026-04-15T13:30:00Z,2026-04-15,2026-04-15_62,0.0,80,100,0,135.52426752795017,146.2009989565216,0.02965758730158731,0.0,11.605142857142859,True,True,True,False,0.0,0.0,90.1413982717989,97.71209740769837,0.0,472.88678049601623,660.7402761755135
2026-04-15T13:30:00Z,2026-04-15T13:45:00Z,2026-04-15,2026-04-15_63,20.000000000000007,80,100,0,146.2009989565216,145.92288715527937,0.022969358178053838,0.01737142857142857,5.428571428571429,True,True,True,False,538.8000000000002,0.0,90.1413982717989,97.71209740769837,2.0469083155650316,-67.9360341151386,660.7643698799238
2026-04-15T13:45:00Z,2026-04-15T14:00:00Z,2026-04-15,2026-04-15_64,19.99999999999998,80,100,0,145.92288715527937,152.73999999999987,0.03360930241545894,0.0,12.850857142857144,True,True,True,False,590.8999999999994,0.0,90.1413982717989,97.71209740769837,0.0,409.9302289305354,1188.6837246100322
2026-04-15T14:00:00Z,2026-04-15T14:15:00Z,2026-04-15,2026-04-15_65,0.0,0,0,81,152.73999999999987,152.73999999999987,0.0,0.0,0.0,True,False,True,False,0.0,751.6201885310292,0.0,0.0,0.0,0.0,751.6201885310292
2026-04-15T14:15:00Z,2026-04-15T14:30:00Z,2026-04-15,2026-04-15_66,0.0,0,0,81,152.73999999999987,152.73999999999987,0.0,0.0,0.0,True,False,True,False,0.0,751.6201885310292,0.0,0.0,0.0,0.0,751.6201885310292
2026-04-15T14:30:00Z,2026-04-15T14:45:00Z,2026-04-15,2026-04-15_67,0.0,0,0,81,152.73999999999987,152.73999999999987,0.0,0.0,0.0,True,False,True,False,0.0,751.6201885310292,0.0,0.0,0.0,0.0,751.6201885310292
2026-04-15T14:45:00Z,2026-04-15T15:00:00Z,2026-04-15,2026-04-15_68,0.0,0,0,81,152.73999999999987,152.73999999999987,0.0,0.0,0.0,True,False,True,False,0.0,751.6201885310292,0.0,0.0,0.0,0.0,751.6201885310292
2026-04-15T15:00:00Z,2026-04-15T15:15:00Z,2026-04-15,2026-04-15_69,2.842170943040401e-14,22,22,78,152.73999999999987,153.76848781117997,0.003084653857833001,0.037714285714285714,1.16248,True,True,True,False,8.946443585955421e-13,723.7824037706206,23.98527101335428,22.24842890809112,5.179418695993715,96.01326859387274,871.2087909819334
2026-04-15T15:15:00Z,2026-04-15T15:30:00Z,2026-04-15,2026-04-15_70,2.842170943040401e-14,22,22,78,153.76848781117997,153.28886332422343,0.0027921404002760716,0.6830057142857142,0.2856228571428571,True,True,True,False,9.84883286037075e-13,723.7824037706206,23.98527101335428,22.24842890809112,151.55510496689485,-1.7380251823588824,919.8331834766029
2026-04-15T15:30:00Z,2026-04-15T15:45:00Z,2026-04-15,2026-04-15_71,2.842170943040401e-14,22,22,78,153.28886332422343,151.7267266782607,0.004339268461007613,1.4371657142857144,0.0,True,True,True,False,1.0759038104879436e-12,723.7824037706206,23.98527101335428,22.24842890809112,282.1329592458759,0.0,1052.149062937943
2026-04-15T15:45:00Z,2026-04-15T16:00:00Z,2026-04-15,2026-04-15_72,2.842170943040401e-14,22,22,78,151.7267266782607,149.26299997018614,0.006843685300207062,2.266628571428572,0.0,True,True,True,False,1.0907541536653297e-12,723.7824037706206,23.98527101335428,22.24842890809112,658.3095956458311,0.0,1428.3256993378982
2026-04-15T16:00:00Z,2026-04-15T16:15:00Z,2026-04-15,2026-04-15_73,-13.0,17,4,83,149.26299997018614,150.49175475279483,0.006021903381642512,1.836,0.0,True,True,True,False,-484.18499999999995,770.1787117046348,18.53407305577376,4.051060487038492,460.980586802828,0.0,769.5594320502751
2026-04-15T16:15:00Z,2026-04-15T16:30:00Z,2026-04-15,2026-04-15_74,-0.0608482739478724,17,4,83,150.49175475279483,149.19314270807425,0.0036629019864951673,1.208262857142857,0.0,True,True,True,False,-2.4932580250140717,770.1787117046348,18.53407305577376,4.051060487038492,285.1590511727079,0.0,1075.429638395141
2026-04-15T16:30:00Z,2026-04-15T16:45:00Z,2026-04-15,2026-04-15_75,-13.000000000000062,17,4,83,149.19314270807425,151.81999999999974,0.007847688474810247,0.38769714285714285,0.009531428571428571,True,True,True,False,-507.9100000000024,770.1787117046348,18.53407305577376,4.051060487038492,68.3004807900348,-0.476520888789137,352.6778051486903
2026-04-15T16:45:00Z,2026-04-15T17:00:00Z,2026-04-15,2026-04-15_76,0.0,17,4,83,151.81999999999974,151.3804285714283,0.001221031746031746,0.4044057142857143,0.0,True,True,True,False,0.0,770.1787117046348,18.53407305577376,4.051060487038492,67.78394121759624,0.0,860.5477864650433
2026-04-15T17:00:00Z,2026-04-15T17:15:00Z,2026-04-15,2026-04-15_77,0.0,0,100,0,151.3804285714283,162.72323999999972,0.03150780952380952,0.0,12.329142857142857,True,True,True,False,0.0,0.0,0.0,101.27651217596231,0.0,3906.9024684098304,4008.1789805857925
2026-04-15T17:15:00Z,2026-04-15T17:30:00Z,2026-04-15,2026-04-15_78,78.44136261870413,0,100,0,162.72323999999972,155.06716819875749,0.03558823470689723,0.0,12.997142857142856,True,True,True,False,3549.471658496362,0.0,0.0,101.27651217596231,0.0,3613.6370805745705,7264.385251246895
2026-04-15T17:30:00Z,2026-04-15T17:45:00Z,2026-04-15,2026-04-15_79,100.0,0,100,0,155.06716819875749,141.4094042236022,0.03793823326432022,0.0,12.434857142857142,True,True,True,False,6236.25,0.0,0.0,101.27651217596231,0.0,3336.8128386264166,9674.339350802378
2026-04-15T17:45:00Z,2026-04-15T18:00:00Z,2026-04-15,2026-04-15_80,100.0,0,100,0,141.4094042236022,115.06654708074507,0.07317460317460318,0.0,0.7645714285714286,True,True,True,False,8268.25,0.0,0.0,101.27651217596231,0.0,-40.513727078891264,8329.012785097071
2026-04-15T18:00:00Z,2026-04-15T18:15:00Z,2026-04-15,2026-04-15_81,100.0,0,100,0,115.06654708074507,88.13052223602458,0.07482229123533471,0.0,0.21885714285714286,True,True,True,False,7772.0,0.0,0.0,101.27651217596231,0.0,-12.990237347099093,7860.2862748288635
2026-04-15T18:15:00Z,2026-04-15T18:30:00Z,2026-04-15,2026-04-15_82,100.0,0,100,0,88.13052223602458,61.44915577639725,0.07411490683229814,0.0,0.4531428571428572,True,True,True,False,6392.25,0.0,0.0,101.27651217596231,0.0,-23.436527213556282,6470.089984962406
2026-04-15T18:30:00Z,2026-04-15T18:45:00Z,2026-04-15,2026-04-15_83,100.0,0,100,0,61.44915577639725,34.75164024844694,0.07415976535541755,0.0,0.43828571428571433,True,True,True,False,5212.0,0.0,0.0,101.27651217596231,0.0,-25.94363943440692,5287.332872741556
2026-04-15T18:45:00Z,2026-04-15T19:00:00Z,2026-04-15,2026-04-15_84,0.0,0,100,0,34.75164024844694,36.75093167701837,0.005553587301587302,0.0,2.173142857142857,True,True,True,False,0.0,0.0,0.0,101.27651217596231,0.0,-12.547211311861743,88.72930086410057
2026-04-15T19:00:00Z,2026-04-15T19:15:00Z,2026-04-15,2026-04-15_85,100.0,0,100,0,36.75093167701837,9.999999999999744,0.07430814354727397,0.0,0.3891428571428572,True,True,True,False,5518.5,0.0,0.0,101.27651217596231,0.0,-6.214898776792729,5613.56161339917
2026-04-15T19:15:00Z,2026-04-15T19:30:00Z,2026-04-15,2026-04-15_86,1.7661546521751412,0,100,0,9.999999999999744,9.999999999999744,0.002610837311911078,0.0,0.52,True,True,True,False,86.01173156092938,0.0,0.0,101.27651217596231,0.0,-26.918169677926166,160.3700740589655
2026-04-15T19:30:00Z,2026-04-15T19:45:00Z,2026-04-15,2026-04-15_87,0.0,0,100,0,9.999999999999744,11.746948571428316,0.0048526349206349205,0.0,1.8988571428571428,True,True,True,False,0.0,0.0,0.0,101.27651217596231,0.0,27.6501493659522,128.9266615419145
2026-04-15T19:45:00Z,2026-04-15T20:00:00Z,2026-04-15,2026-04-15_88,23.173564118399,0,100,0,11.746948571428316,9.999999999999744,0.0234898014704118,0.0,4.7462857142857136,True,True,True,False,1027.3999651892198,0.0,0.0,101.27651217596231,0.0,5.787448546739984,1134.4639259119222
2026-04-15T20:00:00Z,2026-04-15T20:15:00Z,2026-04-15,2026-04-15_89,9.999999999999988,90,100,0,9.999999999999744,10.08640407453391,0.013575760110420974,0.008742857142857144,3.0034285714285716,True,True,True,False,361.29999999999956,0.0,98.09505106048705,101.27651217596231,1.4735714846818542,-62.04215194703177,500.102982774099
2026-04-15T20:15:00Z,2026-04-15T20:30:00Z,2026-04-15,2026-04-15_90,9.999999999999986,90,100,0,10.08640407453391,11.48993838509292,0.016338665010351958,0.0,4.3994285714285715,True,True,True,False,344.2749999999995,0.0,98.09505106048705,101.27651217596231,0.0,2.6101087420042646,546.2566719784531
2026-04-15T20:30:00Z,2026-04-15T20:45:00Z,2026-04-15,2026-04-15_91,0.0,90,100,0,11.48993838509292,14.049115527950063,0.007108825396825397,0.0,2.781714285714286,True,True,True,False,0.0,0.0,98.09505106048705,101.27651217596231,0.0,75.15053529345754,274.5220985299069
2026-04-15T20:45:00Z,2026-04-15T21:00:00Z,2026-04-15,2026-04-15_92,0.0,90,100,0,14.049115527950063,22.66977838509292,0.023946285714285715,0.0,9.370285714285714,True,True,True,False,0.0,0.0,98.09505106048705,101.27651217596231,0.0,962.43985882617,1161.8114220626194
2026-04-15T21:00:00Z,2026-04-15T21:15:00Z,2026-04-16,2026-04-15_93,76.0,24,100,0,22.66977838509292,16.032130603726458,0.03485912193236715,0.0,13.386857142857142,True,True,True,False,2595.59,0.0,26.126409239109083,100.08052794909061,0.0,3527.755266303402,6249.552203491602
2026-04-15T21:15:00Z,2026-04-15T21:30:00Z,2026-04-16,2026-04-15_94,76.0,24,100,0,16.032130603726458,13.080721351552544,0.02893883903381643,0.0,16.907999999999998,True,True,True,False,2425.73,0.0,26.126409239109083,100.08052794909061,0.0,5160.101491141924,7712.038428330124
2026-04-15T21:30:00Z,2026-04-15T21:45:00Z,2026-04-16,2026-04-15_95,76.0,24,100,0,13.080721351552544,10.04735580621093,0.02907046492753623,0.0,16.829714285714285,True,True,True,False,2335.86,0.0,26.126409239109083,100.08052794909061,0.0,17937.743748505884,20399.810685694083
2026-04-15T21:45:00Z,2026-04-15T22:00:00Z,2026-04-16,2026-04-15_96,0.0,24,100,0,10.04735580621093,22.163492949068075,0.03365593650793652,0.0,13.169714285714287,True,True,True,False,0.0,0.0,26.126409239109083,100.08052794909061,0.0,8343.172044848738,8469.378982036937
2026-04-15T22:00:00Z,2026-04-15T22:15:00Z,2026-04-16,2026-04-16_1,85.00000000000006,15,100,0,22.163492949068075,23.62255769440968,0.013676318564527227,0.0,23.12514285714286,True,True,True,False,2653.7000000000016,0.0,16.32900577444318,100.08052794909061,0.0,26689.06011840695,29459.169652130484
2026-04-15T22:15:00Z,2026-04-15T22:30:00Z,2026-04-16,2026-04-16_2,84.85172895588026,15,100,0,23.62255769440968,17.312644173913064,0.029741141265139867,0.0,15.774857142857144,True,True,True,False,2609.8270533604873,0.0,16.32900577444318,100.08052794909061,0.0,6663.723013484924,9389.959600568945
2026-04-15T22:30:00Z,2026-04-15T22:45:00Z,2026-04-16,2026-04-16_3,85.00000000000006,15,100,0,17.312644173913064,13.771615503105597,0.02395556218081434,0.0,18.41657142857143,True,True,True,False,2569.7625000000016,0.0,16.32900577444318,100.08052794909061,0.0,20114.705626630905,22800.87766035444
2026-04-15T22:45:00Z,2026-04-15T23:00:00Z,2026-04-16,2026-04-16_4,85.00000000000006,15,100,0,13.771615503105597,9.999999999999996,0.02442960496894408,0.0,18.199428571428573,True,True,True,False,2594.4125000000017,0.0,16.32900577444318,100.08052794909061,0.0,11327.119307066818,14037.941340790354
2026-04-15T23:00:00Z,2026-04-15T23:15:00Z,2026-04-16,2026-04-16_5,3.000000000000009,97,100,0,9.999999999999996,29.09784123229813,0.053678648005521044,0.0,21.527428571428572,True,True,True,False,90.69000000000027,0.0,105.59423734139922,149.87036964292727,0.0,1504.3492578521764,1850.5038648365032
2026-04-15T23:15:00Z,2026-04-15T23:30:00Z,2026-04-16,2026-04-16_6,3.0,97,100,0,29.09784123229813,44.57969132919254,0.044342406238785374,0.0,17.618285714285715,True,True,True,False,92.1075,0.0,105.59423734139922,149.87036964292727,0.0,142.66195253620953,490.234059520536
2026-04-15T23:30:00Z,2026-04-15T23:45:00Z,2026-04-16,2026-04-16_7,3.0000000000000124,97,100,0,44.57969132919254,62.893653763975145,0.0516547265700483,0.0,20.68,True,True,True,False,90.28500000000037,0.0,105.59423734139922,149.87036964292727,0.0,1098.4599913579762,1444.209598342303
2026-04-15T23:45:00Z,2026-04-16T00:00:00Z,2026-04-16,2026-04-16_8,2.207211074249691,97,100,0,62.893653763975145,77.28131839006214,0.041135221823502655,0.0,16.225714285714286,True,True,True,False,65.63693932050019,0.0,105.59423734139922,149.87036964292727,0.0,734.6028496231742,1055.7043959280008
2026-04-16T00:00:00Z,2026-04-16T00:15:00Z,2026-04-16,2026-04-16_9,0.0,100,100,0,77.28131839006214,86.361981247205,0.025224063492063496,0.0,9.870285714285714,True,True,True,False,0.0,0.0,108.86003849628787,149.87036964292727,0.0,-0.0,258.7304081392151
2026-04-16T00:15:00Z,2026-04-16T00:30:00Z,2026-04-16,2026-04-16_10,0.0,100,100,0,86.361981247205,93.18049553291928,0.018940317460317463,0.0,7.411428571428572,True,True,True,False,0.0,0.0,108.86003849628787,149.87036964292727,0.0,-41.62796536456434,217.1024427746508
2026-04-16T00:30:00Z,2026-04-16T00:45:00Z,2026-04-16,2026-04-16_11,0.0,100,100,0,93.18049553291928,108.57235839006213,0.04275517460317461,0.0,16.730285714285714,True,True,True,False,0.0,0.0,108.86003849628787,149.87036964292727,0.0,202.57137986183986,461.301788001055
2026-04-16T00:45:00Z,2026-04-16T01:00:00Z,2026-04-16,2026-04-16_12,0.0,100,100,0,108.57235839006213,119.43361553291928,0.03017015873015873,0.0,11.805714285714286,True,True,True,False,0.0,0.0,108.86003849628787,149.87036964292727,0.0,-0.0,258.7304081392151
2026-04-16T01:00:00Z,2026-04-16T01:15:00Z,2026-04-16,2026-04-16_13,0.0,100,100,0,119.43361553291928,130.216541247205,0.029952571428571433,0.0,11.720571428571429,True,True,True,False,0.0,0.0,108.86003849628787,149.87036964292727,0.0,4.645502836716255,263.3759109759314
2026-04-16T01:15:00Z,2026-04-16T01:30:00Z,2026-04-16,2026-04-16_14,0.0,100,100,0,130.216541247205,133.68467839006212,0.009633714285714287,0.0,3.769714285714286,True,True,True,False,0.0,0.0,108.86003849628787,149.87036964292727,0.0,-105.98721193721626,152.7431962019989
2026-04-16T01:30:00Z,2026-04-16T01:45:00Z,2026-04-16,2026-04-16_15,0.0,100,100,0,133.68467839006212,141.5335926757764,0.021802539682539684,0.0,8.531428571428572,True,True,True,False,0.0,0.0,108.86003849628787,149.87036964292727,0.0,-36.5929483330434,222.13745980617173
2026-04-16T01:45:00Z,2026-04-16T02:00:00Z,2026-04-16,2026-04-16_16,0.0,100,100,0,141.5335926757764,144.48968410434782,0.00821136507936508,0.0,3.2131428571428575,True,True,True,False,0.0,0.0,108.86003849628787,149.87036964292727,0.0,-77.89381769819136,180.8365904410238
2026-04-16T02:00:00Z,2026-04-16T02:15:00Z,2026-04-16,2026-04-16_17,0.0,7,7,93,144.48968410434782,144.80362490434783,0.000872057777777778,0.0,0.34124000000000004,True,True,True,False,0.0,863.073025101151,7.620202694740151,10.49092587500491,0.0,-6.647256542404841,874.5368971284912
2026-04-16T02:15:00Z,2026-04-16T02:30:00Z,2026-04-16,2026-04-16_18,0.0,7,7,93,144.80362490434783,144.93419130434782,0.00036268444444444446,0.0,0.14192,True,True,True,False,0.0,863.073025101151,7.620202694740151,10.49092587500491,0.0,-3.5641393094237337,877.6200143614723
2026-04-16T02:30:00Z,2026-04-16T02:45:00Z,2026-04-16,2026-04-16_19,0.0,7,7,93,144.93419130434782,145.66805690434782,0.002038515555555556,0.0,0.7976800000000001,True,True,True,False,0.0,863.073025101151,7.620202694740151,10.49092587500491,0.0,-0.0,881.184153670896
2026-04-16T02:45:00Z,2026-04-16T03:00:00Z,2026-04-16,2026-04-16_20,0.0,7,7,93,145.66805690434782,146.02439130434783,0.0009898177777777778,0.0,0.38732,True,True,True,False,0.0,863.073025101151,7.620202694740151,10.49092587500491,0.0,-3.980083096987076,877.2040705739089
2026-04-16T03:00:00Z,2026-04-16T03:15:00Z,2026-04-16,2026-04-16_21,0.0,7,7,93,146.02439130434783,146.76782490434783,0.0020650933333333336,0.0,0.8080800000000001,True,True,True,False,0.0,863.073025101151,7.620202694740151,6.9994500530306,0.0,-2.561496468554818,875.1311813803669
2026-04-16T03:15:00Z,2026-04-16T03:30:00Z,2026-04-16,2026-04-16_22,0.0,7,7,93,146.76782490434783,146.8180704,0.00014174473429951688,0.00035999999999999997,0.05503999999999999,True,True,True,False,0.0,863.073025101151,7.620202694740151,6.9994500530306,0.056565973995364734,-2.955278501001689,874.7939653219154
2026-04-16T03:30:00Z,2026-04-16T03:45:00Z,2026-04-16,2026-04-16_23,0.0,7,7,93,146.8180704,146.9141184,0.0002668,0.0,0.10439999999999999,True,True,True,False,0.0,863.073025101151,7.620202694740151,6.9994500530306,0.0,-5.347275562713595,872.3454022862081
2026-04-16T03:45:00Z,2026-04-16T04:00:00Z,2026-04-16,2026-04-16_24,3.363100860600253e-14,7,7,93,146.9141184,147.18378260869565,0.0009502749758454271,0.033319999999999995,0.33248,True,True,True,False,1.1953301233788447e-12,863.073025101151,7.620202694740151,6.9994500530306,6.438271626664571,-3.6474585379266995,880.4834909376608
2026-04-16T04:00:00Z,2026-04-16T04:15:00Z,2026-04-16,2026-04-16_25,-1.0076480712630497e-14,0,0,93,147.18378260869565,147.18378260869565,6.437751566402818e-18,0.0,0.0,True,False,True,False,-3.337078500005405e-13,863.073025101151,0.0,0.0,0.0,0.0,863.0730251011506
2026-04-16T04:15:00Z,2026-04-16T04:30:00Z,2026-04-16,2026-04-16_26,2.057272795428566,0,0,93,147.18378260869565,146.62474108819876,0.0015528931124913692,0.0,0.0,True,False,True,False,71.61880919085695,863.073025101151,0.0,0.0,0.0,0.0,934.6918342920079
2026-04-16T04:30:00Z,2026-04-16T04:45:00Z,2026-04-16,2026-04-16_27,7.000000000000178,0,0,93,146.62474108819876,144.72256717515523,0.005283816425120907,0.0,0.0,True,False,True,False,253.50500000000645,863.073025101151,0.0,0.0,0.0,0.0,1116.5780251011574
2026-04-16T04:45:00Z,2026-04-16T05:00:00Z,2026-04-16,2026-04-16_28,6.9999999999999964,0,0,93,144.72256717515523,142.82039326211176,0.0052838164251207695,0.0,0.0,True,False,True,False,277.61999999999983,863.073025101151,0.0,0.0,0.0,0.0,1140.6930251011509
2026-04-16T05:00:00Z,2026-04-16T05:15:00Z,2026-04-16,2026-04-16_29,100.0,0,100,0,142.82039326211176,129.00797090186333,0.03836783988957901,0.0,12.29257142857143,True,True,True,False,3842.4999999999995,0.0,0.0,99.9626821699336,0.0,2017.9165979607073,5960.379280130641
2026-04-16T05:15:00Z,2026-04-16T05:30:00Z,2026-04-16,2026-04-16_30,100.0,0,100,0,129.00797090186333,107.62101438012421,0.05940821256038646,0.0,5.324,True,True,True,False,3809.0000000000005,0.0,0.0,99.9626821699336,0.0,-20.720245904859176,3888.242436265075
2026-04-16T05:30:00Z,2026-04-16T05:45:00Z,2026-04-16,2026-04-16_31,100.0,0,100,0,107.62101438012421,82.69057959751551,0.0692512077294686,0.0,2.064,True,True,True,False,3649.4999999999995,0.0,0.0,99.9626821699336,0.0,-103.16594728365479,3646.2967348862785
2026-04-16T05:45:00Z,2026-04-16T06:00:00Z,2026-04-16,2026-04-16_32,100.0,0,100,0,82.69057959751551,61.86697711304346,0.057843340234644575,0.0,5.8422857142857145,True,True,True,False,3399.0,0.0,0.0,99.9626821699336,0.0,-86.25157088423616,3412.7111112856974
2026-04-16T06:00:00Z,2026-04-16T06:15:00Z,2026-04-16,2026-04-16_33,0.0,7,7,93,61.86697711304346,61.13282226086955,0.002147879033816425,0.6934,0.021240000000000002,True,True,True,False,0.0,863.073025101151,7.822308205994422,6.72516400204266,166.74748752798837,-0.5055565541894175,1043.862428282987
2026-04-16T06:15:00Z,2026-04-16T06:30:00Z,2026-04-16,2026-04-16_34,0.0,7,7,93,61.13282226086955,60.9256220521739,0.0005843472463768116,0.19208,0.0017199999999999997,True,True,True,False,0.0,863.073025101151,7.822308205994422,6.72516400204266,32.19805417763287,-0.12108274344973874,909.6974687433711
2026-04-16T06:30:00Z,2026-04-16T06:45:00Z,2026-04-16,2026-04-16_35,0.0,7,7,93,60.9256220521739,60.54347826086955,0.0010619194202898551,0.35164,8e-05,True,True,True,False,0.0,863.073025101151,7.822308205994422,6.72516400204266,69.62615656204581,-0.006285108221707194,947.2403687630122
2026-04-16T06:45:00Z,2026-04-16T07:00:00Z,2026-04-16,2026-04-16_36,0.0,7,7,93,60.54347826086955,60.77176570434781,0.0006401704347826088,0.001,0.24931999999999999,True,True,True,False,0.0,863.073025101151,7.822308205994422,6.72516400204266,0.13729033271791646,-5.415660934124209,872.3421267077817
2026-04-16T07:00:00Z,2026-04-16T07:15:00Z,2026-04-16,2026-04-16_37,8.840097792000007,0,0,89,60.77176570434781,58.36956521739128,0.006672779130434788,0.0,0.0,True,False,True,False,276.8718628454402,825.9516046666928,0.0,0.0,0.0,0.0,1102.823467512133
2026-04-16T07:15:00Z,2026-04-16T07:30:00Z,2026-04-16,2026-04-16_38,0.0,0,0,89,58.36956521739128,58.36956521739128,0.0,0.0,0.0,True,False,True,False,0.0,825.9516046666928,0.0,0.0,0.0,0.0,825.9516046666928
2026-04-16T07:30:00Z,2026-04-16T07:45:00Z,2026-04-16,2026-04-16_39,0.0,0,0,89,58.36956521739128,58.36956521739128,0.0,0.0,0.0,True,False,True,False,0.0,825.9516046666928,0.0,0.0,0.0,0.0,825.9516046666928
2026-04-16T07:45:00Z,2026-04-16T08:00:00Z,2026-04-16,2026-04-16_40,0.0,0,0,89,58.36956521739128,58.36956521739128,0.0,0.0,0.0,True,False,True,False,0.0,825.9516046666928,0.0,0.0,0.0,0.0,825.9516046666928
2026-04-16T08:00:00Z,2026-04-16T08:15:00Z,2026-04-16,2026-04-16_41,95.0,5,100,0,58.36956521739128,35.60190534161489,0.06399994409937887,0.13351428571428572,2.96,True,True,True,False,2885.3875,0.0,5.630082099226145,96.07377145775229,22.52815593241264,199.11892210393998,3208.738431593331
2026-04-16T08:15:00Z,2026-04-16T08:30:00Z,2026-04-16,2026-04-16_42,95.0,5,100,0,35.60190534161489,10.234390906832278,0.07057747025534851,0.023599999999999996,0.43885714285714283,True,True,True,False,2629.8375,0.0,5.630082099226145,96.07377145775229,3.114936716816592,-23.123480603145918,2711.5328096706494
2026-04-16T08:30:00Z,2026-04-16T08:45:00Z,2026-04-16,2026-04-16_43,0.0,5,100,0,10.234390906832278,12.535903701863335,0.006396369220151829,0.0005428571428571428,2.5022857142857142,True,True,True,False,0.0,0.0,5.630082099226145,96.07377145775229,0.06930454155186054,567.6631289737877,669.436287072318
2026-04-16T08:45:00Z,2026-04-16T09:00:00Z,2026-04-16,2026-04-16_44,0.0,5,100,0,12.535903701863335,31.381183701863336,0.052348,0.0,20.483999999999998,True,True,True,False,0.0,0.0,5.630082099226145,96.07377145775229,0.0,6718.417265192284,6820.121118749262
2026-04-16T09:00:00Z,2026-04-16T09:15:00Z,2026-04-16,2026-04-16_45,60.999999999999886,39,100,0,31.381183701863336,36.228191244720506,0.0283266082539683,0.0,20.965142857142858,True,True,True,False,1577.764999999997,0.0,43.92613033743174,116.19593824881171,0.0,6443.6622284075665,8181.549296993807
2026-04-16T09:15:00Z,2026-04-16T09:30:00Z,2026-04-16,2026-04-16_46,60.195698136556835,39,100,0,36.228191244720506,40.712786583850914,0.029093073539533523,0.0,20.42342857142857,True,True,True,False,1391.8750301625353,0.0,43.92613033743174,116.19593824881171,0.0,582.8463188906784,2134.843417639457
2026-04-16T09:30:00Z,2026-04-16T09:45:00Z,2026-04-16,2026-04-16_47,0.0,39,100,0,40.712786583850914,50.616192298136625,0.027509460317460318,0.0,10.76457142857143,True,True,True,False,0.0,0.0,43.92613033743174,116.19593824881171,0.0,36.0820552303885,196.20412381663195
2026-04-16T09:45:00Z,2026-04-16T10:00:00Z,2026-04-16,2026-04-16_48,0.0,39,100,0,50.616192298136625,54.065403726708055,0.009581142857142858,0.0,3.749142857142857,True,True,True,False,0.0,0.0,43.92613033743174,116.19593824881171,0.0,-95.51352689970203,64.60854168654143
2026-04-16T10:00:00Z,2026-04-16T10:15:00Z,2026-04-16,2026-04-16_49,0.0,19,0,81,54.065403726708055,54.02173913043476,0.00012129054520358868,0.04017142857142857,0.0,True,True,True,False,0.0,751.7087637977767,21.39990965156931,0.0,4.9915883815285165,0.0,778.1002618308745
2026-04-16T10:15:00Z,2026-04-16T10:30:00Z,2026-04-16,2026-04-16_50,-19.0,19,0,81,54.02173913043476,57.878925873291905,0.010714407619047621,0.5574057142857144,0.0,True,True,True,False,-323.4275,751.7087637977767,21.39990965156931,0.0,82.34702174086277,0.0,532.0281951902087
2026-04-16T10:30:00Z,2026-04-16T10:45:00Z,2026-04-16,2026-04-16_51,-19.0,19,0,81,57.878925873291905,62.10529021614905,0.011739900952380953,0.15612571428571428,0.0,True,True,True,False,-276.5925,751.7087637977767,21.39990965156931,0.0,22.444091026324504,0.0,518.9602644756706
2026-04-16T10:45:00Z,2026-04-16T11:00:00Z,2026-04-16,2026-04-16_52,-19.0,19,0,81,62.10529021614905,66.46130621614905,0.012100044444444446,0.0152,0.0,True,True,True,False,-229.28250000000003,751.7087637977767,21.39990965156931,0.0,1.7912558431865497,0.0,545.6174292925325
2026-04-16T11:00:00Z,2026-04-16T11:15:00Z,2026-04-16,2026-04-16_53,-84.0,84,0,16,66.46130621614905,85.52959421614906,0.052967466666666664,0.27359999999999995,0.0,True,True,True,False,-1322.58,148.4856817378324,94.58537926699924,0.0,33.54929048984562,0.0,-1045.9596485053225
2026-04-16T11:15:00Z,2026-04-16T11:30:00Z,2026-04-16,2026-04-16_54,-84.0,84,0,16,85.52959421614906,104.78997821614907,0.05350106666666667,0.0648,0.0,True,True,True,False,-1156.05,148.4856817378324,94.58537926699924,0.0,7.636406489374238,0.0,-905.3425325057941
2026-04-16T11:30:00Z,2026-04-16T11:45:00Z,2026-04-16,2026-04-16_55,-84.0,84,0,16,104.78997821614907,123.13360061614907,0.05095450666666666,1.06128,0.0,True,True,True,False,-969.57,148.4856817378324,94.58537926699924,0.0,145.16611151353263,0.0,-581.3328274816358
2026-04-16T11:45:00Z,2026-04-16T12:00:00Z,2026-04-16,2026-04-16_56,-83.99999999999996,84,0,16,123.13360061614907,142.13653181614907,0.05278591999999997,0.34463999999999995,0.0,True,True,True,False,-783.9299999999996,148.4856817378324,94.58537926699924,0.0,40.46896988647522,0.0,-500.38996910869275
2026-04-16T12:00:00Z,2026-04-16T12:15:00Z,2026-04-16,2026-04-16_57,0.0,100,100,0,142.13653181614907,133.99335169192548,0.02283899240855762,7.528,0.04285714285714286,True,True,True,False,0.0,0.0,112.60164198452291,116.19593824881171,1134.7091581883176,-2.2465866811822734,1361.2601517404698
2026-04-16T12:15:00Z,2026-04-16T12:30:00Z,2026-04-16,2026-04-16_58,0.0,100,100,0,133.99335169192548,123.4324821267081,0.029335748792270525,9.716,0.0,True,True,True,False,0.0,0.0,112.60164198452291,116.19593824881171,1518.445120006285,0.0,1747.2427002396196
2026-04-16T12:30:00Z,2026-04-16T12:45:00Z,2026-04-16,2026-04-16_59,0.0,100,100,0,123.4324821267081,119.72254821366461,0.010381308488612838,3.425714285714286,0.014857142857142857,True,True,True,False,0.0,0.0,112.60164198452291,116.19593824881171,493.59514026453576,-0.8662221449054147,721.526498352965
2026-04-16T12:45:00Z,2026-04-16T13:00:00Z,2026-04-16,2026-04-16_60,0.0,100,100,0,119.72254821366461,128.77774523229814,0.025294801932367154,0.02342857142857143,9.870285714285714,True,True,True,False,0.0,0.0,112.60164198452291,116.19593824881171,2.756356657444767,10416.111700065656,10647.665636956435
2026-04-16T13:00:00Z,2026-04-16T13:15:00Z,2026-04-16,2026-04-16_61,0.0,100,100,0,128.77774523229814,142.29596237515528,0.03755060317460317,0.0,14.693714285714284,True,True,True,False,0.0,0.0,112.60164198452291,96.07377145775229,0.0,11822.12834639925,12030.803759841525
2026-04-16T13:15:00Z,2026-04-16T13:30:00Z,2026-04-16,2026-04-16_62,0.0,100,100,0,142.29596237515528,143.35054523229815,0.002929396825396825,0.0,1.1462857142857141,True,True,True,False,0.0,0.0,112.60164198452291,96.07377145775229,0.0,-58.820257577203,149.8551558650722
2026-04-16T13:30:00Z,2026-04-16T13:45:00Z,2026-04-16,2026-04-16_63,0.0,100,100,0,143.35054523229815,147.18405380372673,0.010648634920634923,0.0,4.166857142857143,True,True,True,False,0.0,0.0,112.60164198452291,96.07377145775229,0.0,57.461446136061376,266.13685957833655
2026-04-16T13:45:00Z,2026-04-16T14:00:00Z,2026-04-16,2026-04-16_64,0.0,100,100,0,147.18405380372673,147.8421566608696,0.0019074285714285714,0.013142857142857144,0.7308571428571429,True,True,True,False,0.0,0.0,112.60164198452291,96.07377145775229,1.5462488566153572,-27.631435642175322,182.59022665671523
2026-04-16T14:00:00Z,2026-04-16T14:15:00Z,2026-04-16,2026-04-16_65,0.0,11,12,88,147.8421566608696,149.48333151801245,0.004558819047619048,0.0,1.7838857142857143,True,True,True,False,0.0,816.6712495580783,11.984326511372116,11.528852574930273,0.0,125.77070504323818,965.9551336876189
2026-04-16T14:15:00Z,2026-04-16T14:30:00Z,2026-04-16,2026-04-16_66,0.3086094253838075,11,12,88,149.48333151801245,149.40494495403723,0.0003823255423568282,0.02306857142857143,0.03305142857142857,True,True,True,False,7.351848036205754,816.6712495580783,11.984326511372116,11.528852574930273,2.859091031936207,-1.7558206275007155,848.639547085022
2026-04-16T14:30:00Z,2026-04-16T14:45:00Z,2026-04-16,2026-04-16_67,0.0,11,12,88,149.40494495403723,149.3338959602484,0.00022890117322291236,0.07058857142857143,0.006171428571428572,True,True,True,False,0.0,816.6712495580783,11.984326511372116,11.528852574930273,9.491898820981039,-0.41862901587551,849.2576984494863
2026-04-16T14:45:00Z,2026-04-16T15:00:00Z,2026-04-16,2026-04-16_68,1.0,11,12,88,149.3338959602484,149.11247202981363,0.0011509445686680468,0.051982857142857136,0.11437714285714284,True,True,True,False,29.53,816.6712495580783,11.984326511372116,11.528852574930273,7.664331873916238,-5.050170723741434,872.3285897945556
2026-04-16T15:00:00Z,2026-04-16T15:15:00Z,2026-04-16,2026-04-16_69,0.0,14,14,86,149.11247202981363,149.59153442981363,0.001330728888888889,0.0,0.52072,True,True,True,False,0.0,798.1105393408493,15.240405389480301,13.994775503790706,0.0,-21.23534083356248,806.1103794005578
2026-04-16T15:15:00Z,2026-04-16T15:30:00Z,2026-04-16,2026-04-16_70,0.0,14,14,86,149.59153442981363,150.31508253416146,0.0021354597101449274,0.0208,0.81104,True,True,True,False,0.0,798.1105393408493,15.240405389480301,13.994775503790706,2.8556389205326624,2.6629523667360644,832.864311521389
2026-04-16T15:30:00Z,2026-04-16T15:45:00Z,2026-04-16,2026-04-16_71,0.0,14,14,86,150.31508253416146,150.255321421118,0.00025718531400966186,0.07008,0.01784,True,True,True,False,0.0,798.1105393408493,15.240405389480301,13.994775503790706,9.622118615704913,-1.1740432729701065,835.7937955768551
2026-04-16T15:45:00Z,2026-04-16T16:00:00Z,2026-04-16,2026-04-16_72,0.0,14,14,86,150.255321421118,148.8395822906832,0.003932608695652174,1.3024799999999999,0.0,True,True,True,False,0.0,798.1105393408493,15.240405389480301,13.994775503790706,288.3631983815846,0.0,1115.708918615705
2026-04-16T16:00:00Z,2026-04-16T16:15:00Z,2026-04-16,2026-04-16_73,0.0,12,12,88,148.8395822906832,149.36146559999997,0.0020712079503105592,0.10292571428571427,0.6888685714285714,True,True,True,False,0.0,816.6712495580783,13.063204619554542,11.995521860392031,19.872664192279416,-11.766807149310601,849.8358330809937
2026-04-16T16:15:00Z,2026-04-16T16:30:00Z,2026-04-16,2026-04-16_74,0.0,12,12,88,149.36146559999997,149.0702608695652,0.0016896486956521736,0.41375999999999996,0.17232,True,True,True,False,0.0,816.6712495580783,13.063204619554542,11.995521860392031,79.41414312762697,-5.458266630003535,915.6858525356483
2026-04-16T16:30:00Z,2026-04-16T16:45:00Z,2026-04-16,2026-04-16_75,0.0,12,12,88,149.0702608695652,149.0887155279503,0.00025540372670807454,0.033805714285714286,0.06,True,True,True,False,0.0,816.6712495580783,13.063204619554542,11.995521860392031,5.851886401158256,-3.5864830891306907,843.9953793500524
2026-04-16T16:45:00Z,2026-04-16T17:00:00Z,2026-04-16,2026-04-16_76,0.0,12,12,88,149.0887155279503,149.45340652919256,0.0011981237267080747,0.030651428571428573,0.4326171428571429,True,True,True,False,0.0,816.6712495580783,13.063204619554542,11.995521860392031,5.350869865711928,-4.965487016200989,842.1153588875359
2026-04-16T17:00:00Z,2026-04-16T17:15:00Z,2026-04-16,2026-04-16_77,0.0,0,100,0,149.45340652919256,150.64099510062113,0.003298857142857143,0.0,1.2908571428571427,True,True,True,False,0.0,0.0,0.0,99.9626821699336,0.0,-68.6501529189277,31.3125292510059
2026-04-16T17:15:00Z,2026-04-16T17:30:00Z,2026-04-16,2026-04-16_78,0.0,0,100,0,150.64099510062113,150.67096081490683,8.323809523809523e-05,0.0,0.03257142857142857,True,True,True,False,0.0,0.0,0.0,99.9626821699336,0.0,-1.7789089725531568,98.18377319738045
2026-04-16T17:30:00Z,2026-04-16T17:45:00Z,2026-04-16,2026-04-16_79,100.0,0,100,0,150.67096081490683,123.5169235478261,0.07542788129744651,0.0,0.018285714285714287,True,True,True,False,5731.25,0.0,0.0,99.9626821699336,0.0,-1.436596164961644,5829.776086004972
2026-04-16T17:45:00Z,2026-04-16T18:00:00Z,2026-04-16,2026-04-16_80,100.0,0,100,0,123.5169235478261,96.43804156024845,0.07521911663216012,0.0,0.08742857142857142,True,True,True,False,8305.5,0.0,0.0,99.9626821699336,0.0,-6.619115932188171,8398.843566237745
2026-04-16T18:00:00Z,2026-04-16T18:15:00Z,2026-04-16,2026-04-16_81,6.999999999999998,0,7,93,96.43804156024845,94.53586764720497,0.005283816425120771,0.0,0.0,True,True,True,False,446.7749999999999,863.073025101151,0.0,6.997387751895353,0.0,0.0,1316.8454128530461
2026-04-16T18:15:00Z,2026-04-16T18:30:00Z,2026-04-16,2026-04-16_82,7.0,0,7,93,94.53586764720497,92.63412851677018,0.005282608695652173,0.0,0.00039999999999999996,True,True,True,False,320.91499999999996,863.073025101151,0.0,6.997387751895353,0.0,-0.03142554110853596,1190.9539873119377
2026-04-16T18:30:00Z,2026-04-16T18:45:00Z,2026-04-16,2026-04-16_83,0.0,0,7,93,92.63412851677018,92.63736691677018,8.995555555555555e-06,0.0,0.0035199999999999997,True,True,True,False,0.0,863.073025101151,0.0,6.997387751895353,0.0,-0.24269153474486388,869.8277213183014
2026-04-16T18:45:00Z,2026-04-16T19:00:00Z,2026-04-16,2026-04-16_84,0.0,0,7,93,92.63736691677018,92.64487411677018,2.0853333333333332e-05,0.0,0.008159999999999999,True,True,True,False,0.0,863.073025101151,0.0,6.997387751895353,0.0,-0.6126875594139135,869.4577252936324
2026-04-16T19:00:00Z,2026-04-16T19:15:00Z,2026-04-16,2026-04-16_85,100.0,0,100,0,92.64487411677018,66.99518467577639,0.07124913733609385,0.0,1.4022857142857144,True,True,True,False,5051.25,0.0,0.0,99.9626821699336,0.0,-69.95922289126202,5081.2534592786715
2026-04-16T19:15:00Z,2026-04-16T19:30:00Z,2026-04-16,2026-04-16_86,100.0,0,100,0,66.99518467577639,41.4815200795031,0.0708712905452036,0.0,1.5274285714285714,True,True,True,False,4380.0,0.0,0.0,99.9626821699336,0.0,-80.98365445372869,4398.979027716205
2026-04-16T19:30:00Z,2026-04-16T19:45:00Z,2026-04-16,2026-04-16_87,100.0,0,100,0,41.4815200795031,17.575308899378875,0.06640614216701174,0.0,3.0062857142857147,True,True,True,False,5764.25,0.0,0.0,99.9626821699336,0.0,-139.61567809022497,5724.597004079708
2026-04-16T19:45:00Z,2026-04-16T20:00:00Z,2026-04-16,2026-04-16_88,66.42566006406912,0,100,0,17.575308899378875,10.000000000000002,0.038479267568797354,0.0,10.161142857142858,True,True,True,False,2753.509673805825,0.0,0.0,99.9626821699336,0.0,225.07827518672946,3078.550631162488
2026-04-16T20:00:00Z,2026-04-16T20:15:00Z,2026-04-16,2026-04-16_89,42.0,58,100,0,10.000000000000002,13.242455612422361,0.034872038536922015,0.0,14.801714285714285,True,True,True,False,1561.14,0.0,63.13882232784696,99.9626821699336,0.0,3315.515390097587,5039.756894595368
2026-04-16T20:15:00Z,2026-04-16T20:30:00Z,2026-04-16,2026-04-16_90,41.28107436012492,58,100,0,13.242455612422361,10.00000000000001,0.03321012850279582,0.0,8.064571428571428,True,True,True,False,1472.805530483357,0.0,63.13882232784696,99.9626821699336,0.0,-98.05818113457426,1537.8488538465633
2026-04-16T20:30:00Z,2026-04-16T20:45:00Z,2026-04-16,2026-04-16_91,9.389355015491926,58,100,0,10.00000000000001,10.000000000000009,0.012628650096405937,0.0,2.726857142857143,True,True,True,False,317.80619388686296,0.0,63.13882232784696,99.9626821699336,0.0,-96.48598970813528,384.4217086765082
2026-04-16T20:45:00Z,2026-04-16T21:00:00Z,2026-04-16,2026-04-16_92,7.0384053838164,58,100,0,10.000000000000009,10.000000000000014,0.00977153259370644,0.003314285714285714,2.056571428571429,True,True,True,False,221.1115051325922,0.0,63.13882232784696,99.9626821699336,0.5207661097985959,-90.63027615194251,294.1034995882289
2026-04-16T21:00:00Z,2026-04-16T21:15:00Z,2026-04-17,2026-04-16_93,-51.085043696133745,100,46,0,10.000000000000014,21.776943055900727,0.032970289487860426,0.08685714285714285,0.12433142857142856,True,True,True,False,-1746.3422187523322,0.0,108.2328449664166,45.572685494324205,15.146488303322428,-7.765183615112253,-1585.1553836033813
2026-04-16T21:15:00Z,2026-04-16T21:30:00Z,2026-04-17,2026-04-16_94,-54.00000000000004,100,46,0,21.776943055900727,34.30753048447216,0.0348817904761905,0.026857142857142857,0.14930285714285713,True,True,True,False,-1752.8400000000015,0.0,108.2328449664166,45.572685494324205,4.408547412366101,-8.478313371078427,-1603.1042354979731
2026-04-16T21:30:00Z,2026-04-16T21:45:00Z,2026-04-17,2026-04-16_95,-54.000000000000036,100,46,0,34.30753048447216,47.590004998757884,0.03693385777777781,0.013714285714285714,0.9523314285714286,True,True,True,False,-1711.2600000000011,0.0,108.2328449664166,45.572685494324205,2.2102764669244106,-17.482663881983918,-1572.7268569543198
2026-04-16T21:45:00Z,2026-04-16T22:00:00Z,2026-04-17,2026-04-16_96,-54.000000000000036,100,46,0,47.590004998757884,60.66067151304361,0.03640740698412701,0.036000000000000004,0.7462514285714286,True,True,True,False,-1632.960000000001,0.0,108.2328449664166,45.572685494324205,6.233886641266351,-16.925858239297916,-1489.8464411372918
2026-04-16T22:00:00Z,2026-04-16T22:15:00Z,2026-04-17,2026-04-17_1,0.0,7,7,93,60.66067151304361,60.75440111304361,0.00026036,0.0,0.10188000000000001,True,True,True,False,0.0,863.005224085785,7.576299147649162,6.934973879571076,0.0,-4.950738127970463,872.5657589850348
2026-04-16T22:15:00Z,2026-04-16T22:30:00Z,2026-04-17,2026-04-17_2,7.016609515630989e-14,7,7,93,60.75440111304361,60.54347826086968,0.0005901901449275891,0.19476,0.00084,True,True,True,False,2.164799450810051e-12,863.005224085785,7.576299147649162,6.934973879571076,34.40357102792725,-0.06598845202089634,911.8540796889138
2026-04-16T22:30:00Z,2026-04-16T22:45:00Z,2026-04-17,2026-04-17_3,7.016609515630989e-14,7,7,93,60.54347826086968,60.544627339130535,0.00022517256038652388,0.03676,0.044680000000000004,True,True,True,False,2.0905988051822535e-12,863.005224085785,7.576299147649162,6.934973879571076,6.470844361522448,-2.300276766565851,881.6870647079639
2026-04-16T22:45:00Z,2026-04-16T23:00:00Z,2026-04-17,2026-04-17_4,0.0,7,7,93,60.544627339130535,60.705222678260974,0.00044875516908212553,0.00043999999999999996,0.17507999999999999,True,True,True,False,0.0,863.005224085785,7.576299147649162,6.934973879571076,0.06913075925998663,2.4829533524490355,880.0685812247143
2026-04-16T23:00:00Z,2026-04-16T23:15:00Z,2026-04-17,2026-04-17_5,0.0,7,7,93,60.705222678260974,60.80901120000011,0.00039965410628019324,0.01844,0.1346,True,True,True,False,0.0,863.005224085785,7.576299147649162,11.08812207863624,3.2362927923327702,-0.6217696296005342,884.2841684748026
2026-04-16T23:15:00Z,2026-04-16T23:30:00Z,2026-04-17,2026-04-17_6,0.0,7,7,93,60.80901120000011,60.81734295652185,0.00037266067632850245,0.05788,0.07744000000000001,True,True,True,False,0.0,863.005224085785,7.576299147649162,11.08812207863624,10.183426615342313,-0.1749464472288778,891.6781254801839
2026-04-16T23:30:00Z,2026-04-16T23:45:00Z,2026-04-17,2026-04-17_7,0.0,7,7,93,60.81734295652185,61.015805356521845,0.0005512844444444444,0.0,0.21572,True,True,True,False,0.0,863.005224085785,7.576299147649162,11.08812207863624,0.0,-0.4981412781334695,881.1715040339369
2026-04-16T23:45:00Z,2026-04-17T00:00:00Z,2026-04-17,2026-04-17_8,0.0,7,7,93,61.015805356521845,61.78805335652184,0.002145133333333333,0.0,0.8393999999999999,True,True,True,False,0.0,863.005224085785,7.576299147649162,11.08812207863624,0.0,-0.0,881.6696453120704
2026-04-17T00:00:00Z,2026-04-17T00:15:00Z,2026-04-17,2026-04-17_9,0.0,100,100,0,61.78805335652184,64.49968764223613,0.007532317460317461,0.0,2.9474285714285715,True,True,True,False,0.0,0.0,108.2328449664166,158.40174398051772,0.0,-31.407092187438625,235.2274967594957
2026-04-17T00:15:00Z,2026-04-17T00:30:00Z,2026-04-17,2026-04-17_10,0.0,100,100,0,64.49968764223613,78.48473907080755,0.03884736507936508,0.0,15.201142857142857,True,True,True,False,0.0,0.0,108.2328449664166,158.40174398051772,0.0,375.9146677290658,642.5492566760001
2026-04-17T00:30:00Z,2026-04-17T00:45:00Z,2026-04-17,2026-04-17_11,0.0,100,100,0,78.48473907080755,88.4186362136647,0.02759415873015873,0.0,10.797714285714285,True,True,True,False,0.0,0.0,108.2328449664166,158.40174398051772,0.0,-37.32482995067699,229.30975899625733
2026-04-17T00:45:00Z,2026-04-17T01:00:00Z,2026-04-17,2026-04-17_12,0.0,100,100,0,88.4186362136647,95.63459049937899,0.020044317460317464,0.0,7.843428571428572,True,True,True,False,0.0,0.0,108.2328449664166,158.40174398051772,0.0,-52.61865677588055,214.01593217105375
2026-04-17T01:00:00Z,2026-04-17T01:15:00Z,2026-04-17,2026-04-17_13,-7.0,7,0,93,95.63459049937899,97.24459049937899,0.004472222222222222,0.0,0.0,True,True,True,False,-191.135,863.005224085785,7.576299147649162,0.0,0.0,0.0,679.4465232334342
2026-04-17T01:15:00Z,2026-04-17T01:30:00Z,2026-04-17,2026-04-17_14,-7.0,7,0,93,97.24459049937899,98.85300809937898,0.004467826666666667,0.0017199999999999997,0.0,True,True,True,False,-189.4025,863.005224085785,7.576299147649162,0.0,0.28190427746572916,0.0,681.4609275108999
2026-04-17T01:30:00Z,2026-04-17T01:45:00Z,2026-04-17,2026-04-17_15,-7.0,7,0,93,98.85300809937898,100.46300809937898,0.004472222222222222,0.0,0.0,True,True,True,False,-190.33,863.005224085785,7.576299147649162,0.0,0.0,0.0,680.2515232334341
2026-04-17T01:45:00Z,2026-04-17T02:00:00Z,2026-04-17,2026-04-17_16,-7.0,7,0,93,100.46300809937898,102.06778249937899,0.004457706666666667,0.005679999999999999,0.0,True,True,True,False,-190.295,863.005224085785,7.576299147649162,0.0,0.9655207981460385,0.0,681.2520440315802
2026-04-17T02:00:00Z,2026-04-17T02:15:00Z,2026-04-17,2026-04-17_17,0.0,7,7,93,102.06778249937899,102.26458222111813,0.0005469074396135266,4e-05,0.21396,True,True,True,False,0.0,863.005224085785,7.576299147649162,11.08812207863624,0.0062846144781806045,-6.159995718606387,875.5159342079422
2026-04-17T02:15:00Z,2026-04-17T02:30:00Z,2026-04-17,2026-04-17_18,0.0,7,7,93,102.26458222111813,102.76171342111813,0.0013809199999999999,0.0,0.54036,True,True,True,False,0.0,863.005224085785,7.576299147649162,11.08812207863624,0.0,-1.3453285125103105,880.3243167995602
2026-04-17T02:30:00Z,2026-04-17T02:45:00Z,2026-04-17,2026-04-17_19,0.0,7,7,93,102.76171342111813,102.9442789167703,0.0005204114009661836,0.0021999999999999997,0.20104,True,True,True,False,0.0,863.005224085785,7.576299147649162,11.08812207863624,0.3510978435916571,-5.250066538355787,876.7706766173063
2026-04-17T02:45:00Z,2026-04-17T03:00:00Z,2026-04-17,2026-04-17_20,0.0,7,7,93,102.9442789167703,102.99405366459638,0.0001587945893719807,0.0034000000000000002,0.058120000000000005,True,True,True,False,0.0,863.005224085785,7.576299147649162,11.08812207863624,0.5419694017832594,-2.0072733571624966,880.2043413566912
2026-04-17T03:00:00Z,2026-04-17T03:15:00Z,2026-04-17,2026-04-17_21,0.0,7,7,93,102.99405366459638,103.48323606459638,0.00135884,0.0,0.53172,True,True,True,False,0.0,863.005224085785,7.576299147649162,6.934973879571076,0.0,-1.074133296673082,876.4423638163322
2026-04-17T03:15:00Z,2026-04-17T03:30:00Z,2026-04-17,2026-04-17_22,0.0,7,7,93,103.48323606459638,103.90868086459638,0.0011817911111111112,0.0,0.46244,True,True,True,False,0.0,863.005224085785,7.576299147649162,6.934973879571076,0.0,-8.255586629482698,869.2609104835226
2026-04-17T03:30:00Z,2026-04-17T03:45:00Z,2026-04-17,2026-04-17_23,0.0,7,7,93,103.90868086459638,104.05177971677028,0.00040474318840579715,0.0012,0.15696000000000002,True,True,True,False,0.0,863.005224085785,7.576299147649162,6.934973879571076,0.1885384343454181,-6.07010848815743,871.6349270591933
2026-04-17T03:45:00Z,2026-04-17T04:00:00Z,2026-04-17,2026-04-17_24,0.0,7,7,93,104.05177971677028,104.0555721341616,0.00011294995169082125,0.01696,0.02416,True,True,True,False,0.0,863.005224085785,7.576299147649162,6.934973879571076,3.0954314937743037,-1.3286718881338624,879.2832567186457
2026-04-17T04:00:00Z,2026-04-17T04:15:00Z,2026-04-17,2026-04-17_25,0.0,7,7,93,104.0555721341616,103.69770048198768,0.0015931101449275361,0.42844,0.1172,True,True,True,False,0.0,863.005224085785,7.576299147649162,6.934973879571076,138.0477468085942,-2.5945213873286463,1012.9697225342708
2026-04-17T04:15:00Z,2026-04-17T04:30:00Z,2026-04-17,2026-04-17_26,0.0,7,7,93,103.69770048198768,103.15185790807463,0.001520727149758454,0.50292,0.0008799999999999999,True,True,True,False,0.0,863.005224085785,7.576299147649162,6.934973879571076,130.64897204132134,-0.06694691857496365,1008.0985222357516
2026-04-17T04:30:00Z,2026-04-17T04:45:00Z,2026-04-17,2026-04-17_27,0.0,7,7,93,103.15185790807463,103.21197672546595,0.00018607884057971014,0.00316,0.06908,True,True,True,False,0.0,863.005224085785,7.576299147649162,6.934973879571076,0.5215365332495384,-3.5846357908794535,874.4533978553753
2026-04-17T04:45:00Z,2026-04-17T05:00:00Z,2026-04-17,2026-04-17_28,0.0,7,7,93,103.21197672546595,103.33681241242246,0.0003477319806763284,0.00016,0.13587999999999997,True,True,True,False,0.0,863.005224085785,7.576299147649162,6.934973879571076,0.025138457912722418,-3.4044720923838323,874.1371634785341
2026-04-17T05:00:00Z,2026-04-17T05:15:00Z,2026-04-17,2026-04-17_29,87.00000000000003,13,100,0,103.33681241242246,87.94360346832306,0.04790361214630781,0.0,7.742857142857143,True,True,True,False,3297.300000000001,0.0,14.070269845634158,99.07105542244393,0.0,-144.82996189952473,3265.6113633685545
2026-04-17T05:15:00Z,2026-04-17T05:30:00Z,2026-04-17,2026-04-17_30,87.00000000000003,13,100,0,87.94360346832306,71.21122036273299,0.050788238785369234,0.0,6.485714285714285,True,True,True,False,3190.0725000000007,0.0,14.070269845634158,99.07105542244393,0.0,-68.76120709488083,3234.452618173198
2026-04-17T05:30:00Z,2026-04-17T05:45:00Z,2026-04-17,2026-04-17_31,87.00000000000003,13,100,0,71.21122036273299,56.59594986335409,0.046227906307798494,0.0,8.473142857142857,True,True,True,False,3134.3925000000013,0.0,14.070269845634158,99.07105542244393,0.0,-101.77489633191742,3145.758928936162
2026-04-17T05:45:00Z,2026-04-17T06:00:00Z,2026-04-17,2026-04-17_32,0.0,13,100,0,56.59594986335409,62.01343557763981,0.01504857142857143,0.0,5.888571428571429,True,True,True,False,0.0,0.0,14.070269845634158,99.07105542244393,0.0,-137.8028409824199,-24.661515714341803
2026-04-17T06:00:00Z,2026-04-17T06:15:00Z,2026-04-17,2026-04-17_33,5.40944292571409,0,0,93,62.01343557763981,60.543478260869676,0.004083214768805925,0.0,0.0,True,False,True,False,204.66627309439258,863.005224085785,0.0,0.0,0.0,0.0,1067.6714971801775
2026-04-17T06:15:00Z,2026-04-17T06:30:00Z,2026-04-17,2026-04-17_34,0.0,0,0,93,60.543478260869676,60.543478260869676,0.0,0.0,0.0,True,False,True,False,0.0,863.005224085785,0.0,0.0,0.0,0.0,863.005224085785
2026-04-17T06:30:00Z,2026-04-17T06:45:00Z,2026-04-17,2026-04-17_35,0.0,0,0,93,60.543478260869676,60.543478260869676,0.0,0.0,0.0,True,False,True,False,0.0,863.005224085785,0.0,0.0,0.0,0.0,863.005224085785
2026-04-17T06:45:00Z,2026-04-17T07:00:00Z,2026-04-17,2026-04-17_36,0.0,0,0,93,60.543478260869676,60.543478260869676,0.0,0.0,0.0,True,False,True,False,0.0,863.005224085785,0.0,0.0,0.0,0.0,863.005224085785
2026-04-17T07:00:00Z,2026-04-17T07:15:00Z,2026-04-17,2026-04-17_37,6.0,6,12,88,60.543478260869676,58.998994007453526,0.005188854989648033,0.24555428571428572,0.35163428571428573,True,True,True,False,182.28,816.6070937585922,6.608861306414234,11.740052633646252,42.205649563163185,16.426013006907464,1075.8676702687233
2026-04-17T07:15:00Z,2026-04-17T07:30:00Z,2026-04-17,2026-04-17_38,5.596099420821371,6,12,88,58.998994007453526,57.82608695652185,0.004370556684123171,0.05448,0.4078628571428572,True,True,True,False,145.44262394714744,816.6070937585922,6.608861306414234,11.740052633646252,7.6646912447464555,-0.3148805710021155,987.7484423195444
2026-04-17T07:30:00Z,2026-04-17T07:45:00Z,2026-04-17,2026-04-17_39,3.0702059991040405,6,12,88,57.82608695652185,57.82608695652185,0.0032960748462430916,0.0,0.8666057142857142,True,True,True,False,69.08731049483868,816.6070937585922,6.608861306414234,11.740052633646252,0.0,-3.3065744564089035,900.7367437370825
2026-04-17T07:45:00Z,2026-04-17T08:00:00Z,2026-04-17,2026-04-17_40,0.0,6,12,88,57.82608695652185,58.254312785093276,0.0011895161904761906,0.0,0.4654628571428572,True,True,True,False,0.0,816.6070937585922,6.608861306414234,11.740052633646252,0.0,-6.373672726456544,828.5823349721961
2026-04-17T08:00:00Z,2026-04-17T08:15:00Z,2026-04-17,2026-04-17_41,55.0,0,55,45,58.254312785093276,45.45092769192557,0.03556495859213251,0.0,1.9708857142857144,True,True,True,False,1403.7375,417.58317294473466,0.0,53.80857457087866,0.0,4.76251577606572,1879.891763291679
2026-04-17T08:15:00Z,2026-04-17T08:30:00Z,2026-04-17,2026-04-17_42,54.23052164378466,0,55,45,45.45092769192557,34.47019750559017,0.0307496430105024,0.0,3.4628,True,True,True,False,1066.5787844291349,417.58317294473466,0.0,53.80857457087866,0.0,138.14952064103068,1676.120052585779
2026-04-17T08:30:00Z,2026-04-17T08:45:00Z,2026-04-17,2026-04-17_43,0.0,0,55,45,34.47019750559017,37.47236779130446,0.008339361904761904,0.0,3.2632285714285714,True,True,True,False,0.0,417.58317294473466,0.0,53.80857457087866,0.0,88.6540977145326,560.0458452301459
2026-04-17T08:45:00Z,2026-04-17T09:00:00Z,2026-04-17,2026-04-17_44,0.0,0,55,45,37.47236779130446,41.010319791304454,0.009827644444444446,0.0,3.8456000000000006,True,True,True,False,0.0,417.58317294473466,0.0,53.80857457087866,0.0,169.04462469067914,640.4363722062925
2026-04-17T09:00:00Z,2026-04-17T09:15:00Z,2026-04-17,2026-04-17_45,0.0,43,43,57,41.010319791304454,45.67749556273303,0.012964377142857144,0.0,5.073017142857143,True,True,True,False,0.0,528.9386857299972,47.363506029302016,45.957421736910334,0.0,66.63926796361658,688.8988814598262
2026-04-17T09:15:00Z,2026-04-17T09:30:00Z,2026-04-17,2026-04-17_46,0.0,43,43,57,45.67749556273303,46.80379515031067,0.003141964002760525,0.0022114285714285712,1.2268514285714287,True,True,True,False,0.0,528.9386857299972,47.363506029302016,45.957421736910334,0.21672156352230196,-28.22736528536078,594.2489697743711
2026-04-17T09:30:00Z,2026-04-17T09:45:00Z,2026-04-17,2026-04-17_47,0.0,43,43,57,46.80379515031067,48.48794265838521,0.004701928033126295,0.003931428571428572,1.8352400000000002,True,True,True,False,0.0,528.9386857299972,47.363506029302016,45.957421736910334,0.3852827795952035,-36.50259849169253,586.1422977841123
2026-04-17T09:45:00Z,2026-04-17T10:00:00Z,2026-04-17,2026-04-17_48,0.0,43,43,57,48.48794265838521,52.065296944099494,0.009937095238095238,0.0,3.8884285714285713,True,True,True,False,0.0,528.9386857299972,47.363506029302016,45.957421736910334,0.0,161.30510330335048,783.5647167995601
2026-04-17T10:00:00Z,2026-04-17T10:15:00Z,2026-04-17,2026-04-17_49,0.0,100,100,0,52.065296944099494,72.11971980124235,0.05570673015873016,0.0,21.798285714285715,True,True,True,False,0.0,0.0,110.14768844023725,106.8777249695589,0.0,3508.291911813392,3725.317325223188
2026-04-17T10:15:00Z,2026-04-17T10:30:00Z,2026-04-17,2026-04-17_50,0.0,100,100,0,72.11971980124235,91.46495408695664,0.05373676190476191,0.0,21.027428571428572,True,True,True,False,0.0,0.0,110.14768844023725,106.8777249695589,0.0,3736.884360175745,3953.909773585541
2026-04-17T10:30:00Z,2026-04-17T10:45:00Z,2026-04-17,2026-04-17_51,0.0,100,100,0,91.46495408695664,97.79718265838521,0.017589523809523812,0.0,6.8828571428571435,True,True,True,False,0.0,0.0,110.14768844023725,106.8777249695589,0.0,-15.455946535886833,201.5694668739093
2026-04-17T10:45:00Z,2026-04-17T11:00:00Z,2026-04-17,2026-04-17_52,0.0,100,100,0,97.79718265838521,105.99201694409949,0.022763428571428566,0.0,8.90742857142857,True,True,True,False,0.0,0.0,110.14768844023725,106.8777249695589,0.0,89.74954150370621,306.77495491350237
2026-04-17T11:00:00Z,2026-04-17T11:15:00Z,2026-04-17,2026-04-17_53,0.0,100,100,0,105.99201694409949,106.97290638509328,0.002766100759144237,0.006857142857142857,1.0742857142857143,True,True,True,False,0.0,0.0,110.14768844023725,106.8777249695589,0.5386812409869088,-56.30389702210275,161.2601976286803
2026-04-17T11:15:00Z,2026-04-17T11:30:00Z,2026-04-17,2026-04-17_54,0.0,100,100,0,106.97290638509328,107.43787930434794,0.0013399006211180127,0.008,0.5148571428571429,True,True,True,False,0.0,0.0,110.14768844023725,106.8777249695589,0.6284614478180603,-29.066910270294535,188.58696458731967
2026-04-17T11:30:00Z,2026-04-17T11:45:00Z,2026-04-17,2026-04-17_55,0.0,100,100,0,107.43787930434794,118.75813967701875,0.03157629261559697,0.021714285714285714,12.330285714285715,True,True,True,False,0.0,0.0,110.14768844023725,106.8777249695589,1.6972948101429186,721.2701342775218,939.9928424974609
2026-04-17T11:45:00Z,2026-04-17T12:00:00Z,2026-04-17,2026-04-17_56,0.0,100,100,0,118.75813967701875,135.45429967701875,0.046378222222222217,0.0,18.148,True,True,True,False,0.0,0.0,110.14768844023725,106.8777249695589,0.0,1314.0352409756865,1531.0606543854826
2026-04-17T12:00:00Z,2026-04-17T12:15:00Z,2026-04-17,2026-04-17_57,0.0,100,100,0,135.45429967701875,149.81681396273305,0.03989587301587302,0.0,15.61142857142857,True,True,True,False,0.0,0.0,110.14768844023725,106.8777249695589,0.0,3706.9615841717496,3923.986997581546
2026-04-17T12:15:00Z,2026-04-17T12:30:00Z,2026-04-17,2026-04-17_58,0.0,100,100,0,149.81681396273305,148.39316874534177,0.004050951000690131,1.3257142857142856,0.018857142857142857,True,True,True,False,0.0,0.0,110.14768844023725,106.8777249695589,126.76820658425592,-1.074558646114481,342.7190613479376
2026-04-17T12:30:00Z,2026-04-17T12:45:00Z,2026-04-17,2026-04-17_59,0.0,100,100,0,148.39316874534177,148.1577153291927,0.0015302277432712216,0.36171428571428577,0.17142857142857143,True,True,True,False,0.0,0.0,110.14768844023725,106.8777249695589,32.828281550728626,-10.282414863113242,239.57128009741152
2026-04-17T12:45:00Z,2026-04-17T13:00:00Z,2026-04-17,2026-04-17_60,0.0,100,100,0,148.1577153291927,147.90650638509334,0.005440913733609385,1.0165714285714285,0.928,True,True,True,False,0.0,0.0,110.14768844023725,106.8777249695589,100.56147059978788,-30.90004163557092,286.6868423740131
2026-04-17T13:00:00Z,2026-04-17T13:15:00Z,2026-04-17,2026-04-17_61,0.0,11,11,89,147.90650638509334,148.6020947875778,0.0019333287232574186,0.00018857142857142857,0.7562971428571428,True,True,True,False,0.0,825.8867198240308,12.116245728426096,10.761714914175732,0.0172827021597751,19.097252945632473,867.8792161144249
2026-04-17T13:15:00Z,2026-04-17T13:30:00Z,2026-04-17,2026-04-17_62,0.0,11,11,89,148.6020947875778,148.9637154285716,0.0011586080607315391,0.02552,0.42321714285714285,True,True,True,False,0.0,825.8867198240308,12.116245728426096,10.761714914175732,3.2982286971208605,3.6224222318237165,855.6853313955772
2026-04-17T13:30:00Z,2026-04-17T13:45:00Z,2026-04-17,2026-04-17_63,0.0,11,11,89,148.9637154285716,149.02973291925483,0.0003515323671497585,0.027845714285714286,0.10465714285714287,True,True,True,False,0.0,825.8867198240308,12.116245728426096,10.761714914175732,3.5523219260098866,-5.240626576063475,847.076375816579
2026-04-17T13:45:00Z,2026-04-17T14:00:00Z,2026-04-17,2026-04-17_64,0.0,11,11,89,149.02973291925483,148.6942639105592,0.000971695817805383,0.3152285714285714,0.007794285714285714,True,True,True,False,0.0,825.8867198240308,12.116245728426096,10.761714914175732,43.28266955272623,-0.5443799902364025,891.5029700291225
2026-04-17T14:00:00Z,2026-04-17T14:15:00Z,2026-04-17,2026-04-17_65,-72.00000000000007,100,28,0,148.6942639105592,160.3470519453418,0.040951464347826115,5.076,0.0,True,True,True,False,-1080.540000000001,0.0,108.2328449664166,27.393456145174593,834.7048250127655,0.0,-110.20887387564444
2026-04-17T14:15:00Z,2026-04-17T14:30:00Z,2026-04-17,2026-04-17_66,-71.0766095254103,100,28,0,160.3470519453418,163.32951067826104,0.03239242321993487,13.802857142857144,0.0,True,True,True,False,-1423.3091057463412,0.0,108.2328449664166,27.393456145174593,2940.8668110631656,0.0,1653.1840064284156
2026-04-17T14:30:00Z,2026-04-17T14:45:00Z,2026-04-17,2026-04-17_67,0.0,100,28,0,163.32951067826104,155.35249204472066,0.022158385093167702,7.338857142857143,0.0,True,True,True,False,0.0,0.0,108.2328449664166,27.393456145174593,1353.8013610679354,0.0,1489.4276621795266
2026-04-17T14:45:00Z,2026-04-17T15:00:00Z,2026-04-17,2026-04-17_68,0.0,100,28,0,155.35249204472066,147.21646720000015,0.02260006901311249,7.485142857142857,0.0,True,True,True,False,0.0,0.0,108.2328449664166,27.393456145174593,1360.7133563769196,0.0,1496.3396574885107
2026-04-17T15:00:00Z,2026-04-17T15:15:00Z,2026-04-17,2026-04-17_69,0.0,7,7,93,147.21646720000015,147.186043478261,0.00010413700483091789,0.031240000000000004,0.0038399999999999997,True,True,True,False,0.0,863.005224085785,7.576299147649162,6.934973879571076,4.290103955379238,-0.2783453238540398,881.5282557445305
2026-04-17T15:15:00Z,2026-04-17T15:30:00Z,2026-04-17,2026-04-17_70,0.0,7,7,93,147.186043478261,146.98881398260883,0.0005721885990338163,0.18547999999999998,0.0047599999999999995,True,True,True,False,0.0,863.005224085785,7.576299147649162,6.934973879571076,33.97032796260654,-0.37275573274676926,911.114069342865
2026-04-17T15:30:00Z,2026-04-17T15:45:00Z,2026-04-17,2026-04-17_71,0.0,7,7,93,146.98881398260883,146.363422678261,0.0017371980676328506,0.5753600000000001,0.0,True,True,True,False,0.0,863.005224085785,7.576299147649162,6.934973879571076,106.04995112141093,0.0,983.5664482344162
2026-04-17T15:45:00Z,2026-04-17T16:00:00Z,2026-04-17,2026-04-17_72,0.0,7,7,93,146.363422678261,146.73750038260883,0.0012758197101449275,0.0392,0.45292,True,True,True,False,0.0,863.005224085785,7.576299147649162,6.934973879571076,6.17318009348364,3.3975671314662788,887.0872443379552
2026-04-17T16:00:00Z,2026-04-17T16:15:00Z,2026-04-17,2026-04-17_73,0.7830197651915587,6,8,92,146.73750038260883,147.21626748977783,0.002075479624837844,0.0,0.73856,True,True,True,False,22.35912939504496,853.7255980203464,6.493970697984995,7.925684433795515,0.0,1.6519619466593347,892.1563444938312
2026-04-17T16:15:00Z,2026-04-17T16:30:00Z,2026-04-17,2026-04-17_74,1.045021812070597,6,8,92,147.21626748977783,147.4783497351828,0.0018482854862214033,0.0,0.5797942857142857,True,True,True,False,32.58378010036121,853.7255980203464,6.493970697984995,7.925684433795515,0.0,-14.208478528502411,886.5205547239857
2026-04-17T16:30:00Z,2026-04-17T16:45:00Z,2026-04-17,2026-04-17_75,1.7088096884711734,6,8,92,147.4783497351828,147.28036142111816,0.001670246788053862,0.0,0.27872,True,True,True,False,60.82935288535259,853.7255980203464,6.493970697984995,7.925684433795515,0.0,-14.193820652814331,914.7807853846651
2026-04-17T16:45:00Z,2026-04-17T17:00:00Z,2026-04-17,2026-04-17_76,2.0,6,8,92,147.28036142111816,146.79354798509328,0.00158480049689441,0.001542857142857143,0.06066285714285714,True,True,True,False,73.62,853.7255980203464,6.493970697984995,7.925684433795515,0.21207877090896846,-3.3765710200714874,938.6007609029645
2026-04-17T17:00:00Z,2026-04-17T17:15:00Z,2026-04-17,2026-04-17_77,99.99999999999993,0,100,0,146.79354798509328,145.03205730186352,0.004893029675638408,0.0,23.379428571428573,True,True,True,False,3411.9999999999973,0.0,0.0,99.07105542244393,0.0,21062.060603210764,24573.131658633207
2026-04-17T17:15:00Z,2026-04-17T17:30:00Z,2026-04-17,2026-04-17_78,100.0,0,100,0,145.03205730186352,128.7202560596275,0.045310559006211185,0.0,9.993142857142857,True,True,True,False,3625.0,0.0,0.0,99.07105542244393,0.0,-76.04664351085498,3648.024411911589
2026-04-17T17:30:00Z,2026-04-17T17:45:00Z,2026-04-17,2026-04-17_79,100.0,0,100,0,128.7202560596275,108.77056661863372,0.055415804002760506,0.0,6.646285714285714,True,True,True,False,3982.75,0.0,0.0,99.07105542244393,0.0,-107.77273779129467,3974.048317631149
2026-04-17T17:45:00Z,2026-04-17T18:00:00Z,2026-04-17,2026-04-17_80,100.0,0,100,0,108.77056661863372,81.92522500372688,0.07457039337474121,0.0,0.3022857142857143,True,True,True,False,4732.5,0.0,0.0,99.07105542244393,0.0,-19.12946496607992,4812.441590456364
2026-04-17T18:00:00Z,2026-04-17T18:15:00Z,2026-04-17,2026-04-17_81,22.0,0,22,78,81.92522500372688,78.318181525466,0.010019565217391306,0.0,2.1815200000000003,True,True,True,False,955.735,723.8108331042067,0.0,21.795632192937664,0.0,-19.19701611218037,1682.144449184964
2026-04-17T18:15:00Z,2026-04-17T18:30:00Z,2026-04-17,2026-04-17_82,22.0,0,22,78,78.318181525466,72.64669084223618,0.01575414078674948,0.0,0.28222857142857144,True,True,True,False,901.3399999999999,723.8108331042067,0.0,21.795632192937664,0.0,-14.51810421237508,1632.4283610847692
2026-04-17T18:30:00Z,2026-04-17T18:45:00Z,2026-04-17,2026-04-17_83,22.0,0,22,78,72.64669084223618,66.7245914633542,0.016450276052449964,0.0,0.05166857142857143,True,True,True,False,853.27,723.8108331042067,0.0,21.795632192937664,0.0,-3.0019584093191853,1595.8745068878252
2026-04-17T18:45:00Z,2026-04-17T19:00:00Z,2026-04-17,2026-04-17_84,22.0,0,22,78,66.7245914633542,61.22636786086973,0.015272843340234644,0.0,0.4416342857142857,True,True,True,False,800.635,723.8108331042067,0.0,21.795632192937664,0.0,-21.969046282818873,1524.2724190143256
2026-04-17T19:00:00Z,2026-04-17T19:15:00Z,2026-04-17,2026-04-17_85,0.0,7,7,93,61.22636786086973,61.11341906086973,0.00039736444444444445,0.11776,0.01636,True,True,True,False,0.0,863.005224085785,7.576299147649162,6.934973879571076,20.054769912408187,-0.8265144742527201,896.7447525511607
2026-04-17T19:15:00Z,2026-04-17T19:30:00Z,2026-04-17,2026-04-17_86,0.0,7,7,93,61.11341906086973,60.63910476521756,0.001319175265700483,0.43664000000000003,0.00032,True,True,True,False,0.0,863.005224085785,7.576299147649162,6.934973879571076,86.04306858871126,-0.025138457912722418,963.5344272438037
2026-04-17T19:30:00Z,2026-04-17T19:45:00Z,2026-04-17,2026-04-17_87,0.0,7,7,93,60.63910476521756,60.76692507826104,0.0003652013526570048,0.00168,0.14092,True,True,True,False,0.0,863.005224085785,7.576299147649162,6.934973879571076,0.225350563651361,-7.070603849326368,870.6712438273303
2026-04-17T19:45:00Z,2026-04-17T20:00:00Z,2026-04-17,2026-04-17_88,0.0,7,7,93,60.76692507826104,60.92394754782626,0.00044027980676328505,0.00068,0.17148,True,True,True,False,0.0,863.005224085785,7.576299147649162,6.934973879571076,0.09081267920970973,-8.659440268667268,868.9478695235478
2026-04-17T20:00:00Z,2026-04-17T20:15:00Z,2026-04-17,2026-04-17_89,0.0,7,7,93,60.92394754782626,60.85824160000017,0.00024139652173913042,0.0702,0.011519999999999999,True,True,True,False,0.0,863.005224085785,7.576299147649162,6.934973879571076,11.978159354255862,-0.6046970580148473,888.8899594092462
2026-04-17T20:15:00Z,2026-04-17T20:30:00Z,2026-04-17,2026-04-17_90,0.0,7,7,93,60.85824160000017,60.619861495652344,0.0006844514009661834,0.22299999999999998,0.00436,True,True,True,False,0.0,863.005224085785,7.576299147649162,6.934973879571076,42.03277151498487,-0.3250399780038493,919.2242286499862
2026-04-17T20:30:00Z,2026-04-17T20:45:00Z,2026-04-17,2026-04-17_91,0.0,7,7,93,60.619861495652344,60.54347826086973,0.00036632676328502415,0.0958,0.030160000000000003,True,True,True,False,0.0,863.005224085785,7.576299147649162,6.934973879571076,16.726975764955416,-1.5634416120036136,892.680031265957
2026-04-17T20:45:00Z,2026-04-17T21:00:00Z,2026-04-17,2026-04-17_92,0.0,7,7,93,60.54347826086973,60.58458754782625,0.00012071420289855073,0.00108,0.04596,True,True,True,False,0.0,863.005224085785,7.576299147649162,6.934973879571076,0.16968459091087632,-2.524017989708944,875.1621637142072
2026-04-17T21:00:00Z,2026-04-17T21:15:00Z,2026-04-18,2026-04-17_93,-0.03959342790267595,7,6,93,60.58458754782625,60.567339911239905,0.00039113831844694895,0.07312,0.05766857142857143,True,True,True,False,-1.1654325503152665,861.837331084394,7.594877125541806,5.967991841057525,12.891288179339833,-2.9382389931327038,884.1878166868852
2026-04-17T21:15:00Z,2026-04-17T21:30:00Z,2026-04-18,2026-04-17_94,-0.9203356226571353,7,6,93,60.567339911239905,60.75004617142855,0.0006837395452779063,0.0336,0.0074057142857142854,True,True,True,False,-26.409030692146498,861.837331084394,7.594877125541806,5.967991841057525,5.8691892443171785,-0.47443370046706584,854.385924902697
2026-04-17T21:30:00Z,2026-04-17T21:45:00Z,2026-04-18,2026-04-17_95,-1.0,7,6,93,60.75004617142855,60.98942329440992,0.0006796362456866805,0.0028399999999999996,0.013474285714285715,True,True,True,False,-27.745,861.837331084394,7.594877125541806,5.967991841057525,0.47496015847176726,-0.8785492212300614,847.251610988235
2026-04-17T21:45:00Z,2026-04-17T22:00:00Z,2026-04-18,2026-04-17_96,-1.0,7,6,93,60.98942329440992,61.35178799503103,0.0011229247204968943,0.02248,0.16985142857142854,True,True,True,False,-27.715,861.837331084394,7.594877125541806,5.967991841057525,3.9450202129954697,1.1858652508062277,852.8160855147951
2026-04-17T22:00:00Z,2026-04-17T22:15:00Z,2026-04-18,2026-04-18_1,0.0,7,6,93,61.35178799503103,61.44338245962731,0.00027689283643892343,0.00372,0.10395428571428571,True,True,True,False,0.0,861.837331084394,7.594877125541806,5.967991841057525,0.6535780336164121,-3.9032757728160394,872.1505023117937
2026-04-17T22:15:00Z,2026-04-17T22:30:00Z,2026-04-18,2026-04-18_2,0.0,7,6,93,61.44338245962731,61.37867742608694,0.00018306572808833674,0.060079999999999995,0.0006514285714285714,True,True,True,False,0.0,861.837331084394,7.594877125541806,5.967991841057525,10.555212426697,-0.04175853004547377,885.9136539476449
2026-04-17T22:30:00Z,2026-04-17T22:45:00Z,2026-04-18,2026-04-18_3,-0.9999999999999991,7,6,93,61.37867742608694,61.13738145590061,0.0016243503933747409,0.44331999999999994,0.0,True,True,True,False,-28.802499999999974,861.837331084394,7.594877125541806,5.967991841057525,83.08369960970441,0.0,929.6813996606978
2026-04-17T22:45:00Z,2026-04-17T23:00:00Z,2026-04-18,2026-04-18_4,-0.9999999999999991,7,6,93,61.13738145590061,61.229982886956506,0.0009274125327812281,0.12948,0.0002742857142857143,True,True,True,False,-28.242499999999975,861.837331084394,7.594877125541806,5.967991841057525,22.827557377370702,-0.021518090045361704,869.9637393383188
2026-04-17T23:00:00Z,2026-04-17T23:15:00Z,2026-04-18,2026-04-18_5,0.0,7,7,93,61.229982886956506,60.860156799999984,0.001027294685990338,0.34024,0.0,True,True,True,False,0.0,861.837331084394,7.594877125541806,10.570635652225077,60.04705157000804,0.0,940.0498954321689
2026-04-17T23:15:00Z,2026-04-17T23:30:00Z,2026-04-18,2026-04-18_6,0.0,7,7,93,60.860156799999984,60.73739714782607,0.00039619903381642516,0.12208000000000001,0.0108,True,True,True,False,0.0,861.837331084394,7.594877125541806,10.570635652225077,21.52931691607665,-0.6248185615941318,900.9073422166434
2026-04-17T23:30:00Z,2026-04-17T23:45:00Z,2026-04-18,2026-04-18_7,-8.881784197001252e-16,7,7,93,60.73739714782607,60.543478260869556,0.0005548146859903385,0.18108,0.00316,True,True,True,False,-2.509770169467629e-14,861.837331084394,7.594877125541806,10.570635652225077,31.933360511502933,-0.18029669523604058,911.7559076784278
2026-04-17T23:45:00Z,2026-04-18T00:00:00Z,2026-04-18,2026-04-18_8,0.0,7,7,93,60.543478260869556,60.6391096347826,0.000295352850241546,0.00492,0.10976000000000002,True,True,True,False,0.0,861.837331084394,7.594877125541806,10.570635652225077,0.8504053111577461,-5.6475800655068955,875.2056691078118
2026-04-18T00:00:00Z,2026-04-18T00:15:00Z,2026-04-18,2026-04-18_9,0.0,7,7,93,60.6391096347826,60.69109196521738,0.00015695574879227056,0.0020800000000000003,0.058960000000000005,True,True,True,False,0.0,861.837331084394,7.594877125541806,10.570635652225077,0.3589779669327476,-3.2148909329829176,877.1469308961107
2026-04-18T00:15:00Z,2026-04-18T00:30:00Z,2026-04-18,2026-04-18_10,0.0,7,7,93,60.69109196521738,60.73478052173912,0.00012642956521739132,0.00084,0.04848,True,True,True,False,0.0,861.837331084394,7.594877125541806,10.570635652225077,0.13878838919724637,-2.6384503343989643,877.5031819169592
2026-04-18T00:30:00Z,2026-04-18T00:45:00Z,2026-04-18,2026-04-18_11,0.0,7,7,93,60.73478052173912,60.78249446956521,0.00015307014492753622,0.0034000000000000002,0.05588,True,True,True,False,0.0,861.837331084394,7.594877125541806,10.570635652225077,0.5765236236687784,-2.5897448839900368,877.9896226018396
2026-04-18T00:45:00Z,2026-04-18T01:00:00Z,2026-04-18,2026-04-18_12,0.0,7,7,93,60.78249446956521,61.12646406956521,0.000955471111111111,0.0,0.37388,True,True,True,False,0.0,861.837331084394,7.594877125541806,10.570635652225077,0.0,-9.924571894796712,870.0782719673642
2026-04-18T01:00:00Z,2026-04-18T01:15:00Z,2026-04-18,2026-04-18_13,0.0,7,7,93,61.12646406956521,61.51326886956521,0.0010744577777777777,0.0,0.42044,True,True,True,False,0.0,861.837331084394,7.594877125541806,10.570635652225077,0.0,-12.916571204424656,867.0862726577362
2026-04-18T01:15:00Z,2026-04-18T01:30:00Z,2026-04-18,2026-04-18_14,0.0,7,7,93,61.51326886956521,61.96116166956521,0.001244146666666667,0.0,0.48684000000000005,True,True,True,False,0.0,861.837331084394,7.594877125541806,10.570635652225077,0.0,-13.537602761488223,866.4652411006726
2026-04-18T01:30:00Z,2026-04-18T01:45:00Z,2026-04-18,2026-04-18_15,0.0,7,7,93,61.96116166956521,62.00660966956521,0.00012624444444444446,0.0,0.0494,True,True,True,False,0.0,861.837331084394,7.594877125541806,10.570635652225077,0.0,-2.809483907662737,877.1933599544982
2026-04-18T01:45:00Z,2026-04-18T02:00:00Z,2026-04-18,2026-04-18_16,0.0,7,7,93,62.00660966956521,62.12180500869564,0.00034486628019323666,0.0041199999999999995,0.13007999999999997,True,True,True,False,0.0,861.837331084394,7.594877125541806,10.570635652225077,0.6914864102614392,-3.338499743071763,877.3558305293506
2026-04-18T02:00:00Z,2026-04-18T02:15:00Z,2026-04-18,2026-04-18_17,0.0,0,0,93,62.12180500869564,62.12180500869564,0.0,0.0,0.0,True,False,True,False,0.0,861.837331084394,0.0,0.0,0.0,0.0,861.837331084394
2026-04-18T02:15:00Z,2026-04-18T02:30:00Z,2026-04-18,2026-04-18_18,0.0,0,0,93,62.12180500869564,62.12180500869564,0.0,0.0,0.0,True,False,True,False,0.0,861.837331084394,0.0,0.0,0.0,0.0,861.837331084394
2026-04-18T02:30:00Z,2026-04-18T02:45:00Z,2026-04-18,2026-04-18_19,0.0,0,0,93,62.12180500869564,62.12180500869564,0.0,0.0,0.0,True,False,True,False,0.0,861.837331084394,0.0,0.0,0.0,0.0,861.837331084394
2026-04-18T02:45:00Z,2026-04-18T03:00:00Z,2026-04-18,2026-04-18_20,0.0,0,0,93,62.12180500869564,62.12180500869564,0.0,0.0,0.0,True,False,True,False,0.0,861.837331084394,0.0,0.0,0.0,0.0,861.837331084394
2026-04-18T03:00:00Z,2026-04-18T03:15:00Z,2026-04-18,2026-04-18_21,0.0,0,0,93,62.12180500869564,62.12180500869564,0.0,0.0,0.0,True,False,True,False,0.0,861.837331084394,0.0,0.0,0.0,0.0,861.837331084394
2026-04-18T03:15:00Z,2026-04-18T03:30:00Z,2026-04-18,2026-04-18_22,0.0,0,0,93,62.12180500869564,62.12180500869564,0.0,0.0,0.0,True,False,True,False,0.0,861.837331084394,0.0,0.0,0.0,0.0,861.837331084394
2026-04-18T03:30:00Z,2026-04-18T03:45:00Z,2026-04-18,2026-04-18_23,0.0,0,0,93,62.12180500869564,62.12180500869564,0.0,0.0,0.0,True,False,True,False,0.0,861.837331084394,0.0,0.0,0.0,0.0,861.837331084394
2026-04-18T03:45:00Z,2026-04-18T04:00:00Z,2026-04-18,2026-04-18_24,0.0,0,0,93,62.12180500869564,62.12180500869564,0.0,0.0,0.0,True,False,True,False,0.0,861.837331084394,0.0,0.0,0.0,0.0,861.837331084394
2026-04-18T04:00:00Z,2026-04-18T04:15:00Z,2026-04-18,2026-04-18_25,0.0,100,73,0,62.12180500869564,62.09800318012421,0.0006481695238095238,0.11828571428571429,0.11388000000000001,True,True,True,False,0.0,0.0,108.49824465059723,72.61056739953321,20.118291889529264,-7.881098154431522,193.3460057852282
2026-04-18T04:15:00Z,2026-04-18T04:30:00Z,2026-04-18,2026-04-18_26,0.0,100,73,0,62.09800318012421,60.850633619875765,0.005413621476880607,1.4702857142857142,0.3812685714285714,True,True,True,False,0.0,0.0,108.49824465059723,72.61056739953321,296.75248884169355,-21.381160419042388,456.4801404727816
2026-04-18T04:30:00Z,2026-04-18T04:45:00Z,2026-04-18,2026-04-18_27,-26.315969209804106,100,73,0,60.850633619875765,41.34871330186336,0.05484375150312077,24.500571428571426,0.0,True,True,True,False,-768.8210404644269,0.0,108.49824465059723,72.61056739953321,18761.574337884445,0.0,18173.86210947015
2026-04-18T04:45:00Z,2026-04-18T05:00:00Z,2026-04-18,2026-04-18_28,-26.999999999999986,100,73,0,41.34871330186336,24.462528198757767,0.05081770528640443,22.16857142857143,0.0008342857142857143,True,True,True,False,-726.2999999999996,0.0,108.49824465059723,72.61056739953321,23635.396325113685,-0.06545085722130851,23090.139686306593
2026-04-18T05:00:00Z,2026-04-18T05:15:00Z,2026-04-18,2026-04-18_29,0.0,100,100,0,24.462528198757767,18.327993043478266,0.01720393098688751,5.670857142857143,0.032,True,True,True,False,0.0,0.0,108.49824465059723,99.46653068429208,1248.2570134123825,-2.262763449506737,1453.959025297765
2026-04-18T05:15:00Z,2026-04-18T05:30:00Z,2026-04-18,2026-04-18_30,0.0,100,100,0,18.327993043478266,10.000000000000004,0.023229694962042788,7.677714285714286,0.018857142857142857,True,True,True,False,0.0,0.0,108.49824465059723,99.46653068429208,2121.2910047098844,-1.3773810130873696,2327.8783990316865
2026-04-18T05:30:00Z,2026-04-18T05:45:00Z,2026-04-18,2026-04-18_31,0.0,100,100,0,10.000000000000004,13.104726459627333,0.00864839475500345,0.004,3.3794285714285714,True,True,True,False,0.0,0.0,108.49824465059723,99.46653068429208,0.627610959656383,-73.26547058213718,135.32691571240852
2026-04-18T05:45:00Z,2026-04-18T06:00:00Z,2026-04-18,2026-04-18_32,0.0,100,100,0,13.104726459627333,16.37257440993789,0.009229184265010352,0.02514285714285714,3.5817142857142854,True,True,True,False,0.0,0.0,108.49824465059723,99.46653068429208,4.346207688794623,241.7816956142882,454.09267863797214
2026-04-18T06:00:00Z,2026-04-18T06:15:00Z,2026-04-18,2026-04-18_33,36.79669965919688,61,100,0,16.37257440993789,10.011508690683225,0.02964422460319714,0.0,3.706857142857143,True,True,True,False,978.424243938045,0.0,68.10412458077549,99.31943436562261,0.0,87.87273271338071,1233.7205355978238
2026-04-18T06:15:00Z,2026-04-18T06:30:00Z,2026-04-18,2026-04-18_34,38.99999999999998,61,100,0,10.011508690683225,23.19825192546584,0.0386457843478261,0.0,24.144000000000002,True,True,True,False,947.5049999999995,0.0,68.10412458077549,99.31943436562261,0.0,24478.560160040797,25593.488718987195
2026-04-18T06:30:00Z,2026-04-18T06:45:00Z,2026-04-18,2026-04-18_35,0.0,61,100,0,23.19825192546584,34.91274335403727,0.03254025396825397,0.0,12.733142857142857,True,True,True,False,0.0,0.0,68.10412458077549,99.31943436562261,0.0,4312.351649524109,4479.775208470507
2026-04-18T06:45:00Z,2026-04-18T07:00:00Z,2026-04-18,2026-04-18_36,0.0,61,100,0,34.91274335403727,32.82608695652174,0.014377093167701863,3.3407085714285714,1.678857142857143,True,True,True,False,0.0,0.0,68.10412458077549,99.31943436562261,596.6034938250366,3.8804658890641597,767.9075186604989
2026-04-18T07:00:00Z,2026-04-18T07:15:00Z,2026-04-18,2026-04-18_37,0.0,0,0,42,32.82608695652174,32.82608695652174,0.0,0.0,0.0,True,False,True,False,0.0,389.21685919940376,0.0,0.0,0.0,0.0,389.21685919940376
2026-04-18T07:15:00Z,2026-04-18T07:30:00Z,2026-04-18,2026-04-18_38,0.0,0,0,42,32.82608695652174,32.82608695652174,0.0,0.0,0.0,True,False,True,False,0.0,389.21685919940376,0.0,0.0,0.0,0.0,389.21685919940376
2026-04-18T07:30:00Z,2026-04-18T07:45:00Z,2026-04-18,2026-04-18_39,0.0,0,0,42,32.82608695652174,32.82608695652174,0.0,0.0,0.0,True,False,True,False,0.0,389.21685919940376,0.0,0.0,0.0,0.0,389.21685919940376
2026-04-18T07:45:00Z,2026-04-18T08:00:00Z,2026-04-18,2026-04-18_40,0.0,0,0,42,32.82608695652174,32.82608695652174,0.0,0.0,0.0,True,False,True,False,0.0,389.21685919940376,0.0,0.0,0.0,0.0,389.21685919940376
2026-04-18T08:00:00Z,2026-04-18T08:15:00Z,2026-04-18,2026-04-18_41,0.0,100,100,0,32.82608695652174,43.10905838509317,0.028563809523809526,0.0,11.177142857142856,True,True,True,False,0.0,0.0,112.91113421068115,99.31943436562261,0.0,5697.162039623545,5909.392608199849
2026-04-18T08:15:00Z,2026-04-18T08:30:00Z,2026-04-18,2026-04-18_42,0.0,100,100,0,43.10905838509317,61.9406698136646,0.05231003174603174,0.0,20.469142857142856,True,True,True,False,0.0,0.0,112.91113421068115,99.31943436562261,0.0,6793.7104011386655,7005.9409697149695
2026-04-18T08:30:00Z,2026-04-18T08:45:00Z,2026-04-18,2026-04-18_43,4.163336342344337e-15,100,100,0,61.9406698136646,78.36766409937889,0.04563053968253968,0.0,17.855428571428572,True,True,True,False,-2.59167687310935e-15,0.0,112.91113421068115,99.31943436562261,0.0,3593.361663281117,3805.5922318574208
2026-04-18T08:45:00Z,2026-04-18T09:00:00Z,2026-04-18,2026-04-18_44,4.163336342344337e-15,100,100,0,78.36766409937889,87.39312695652174,0.025070730158730164,0.0,9.810285714285714,True,True,True,False,-3.3306690738754696e-15,0.0,112.91113421068115,99.31943436562261,0.0,930.313779254656,1142.5443478309596
2026-04-18T09:00:00Z,2026-04-18T09:15:00Z,2026-04-18,2026-04-18_45,0.0,47,47,53,87.39312695652174,88.8103466236025,0.004001593623188407,0.010742857142857143,1.5531485714285715,True,True,True,False,0.0,491.1546080373428,53.06823307902014,49.03073332418067,0.9323384952466874,15.273170851953862,609.4590837877441
2026-04-18T09:15:00Z,2026-04-18T09:30:00Z,2026-04-18,2026-04-18_46,0.0,47,47,53,88.8103466236025,89.77837193540374,0.002896550641821947,0.034377142857142856,1.092817142857143,True,True,True,False,0.0,491.1546080373428,53.06823307902014,49.03073332418067,2.9603097798038154,1.0137927482915814,597.227676968639
2026-04-18T09:30:00Z,2026-04-18T09:45:00Z,2026-04-18,2026-04-18_47,3.089316242435218e-14,47,47,53,89.77837193540374,95.94859639254659,0.01713951238095238,0.0,6.706765714285714,True,True,True,False,-1.567827993035873e-14,491.1546080373428,53.06823307902014,49.03073332418067,0.0,448.7141561215884,1041.9677305621321
2026-04-18T09:45:00Z,2026-04-18T10:00:00Z,2026-04-18,2026-04-18_48,7.264038763483915e-15,47,47,53,95.94859639254659,102.90850679254659,0.019333084444444447,0.0,7.565119999999999,True,True,True,False,-8.226523899645534e-15,491.1546080373428,53.06823307902014,49.03073332418067,0.0,495.0304011924608,1088.2839756330045
2026-04-18T10:00:00Z,2026-04-18T10:15:00Z,2026-04-18,2026-04-18_49,-7.999999999999965,47,39,53,102.90850679254659,105.12203491180125,0.006312871414768784,0.03276571428571429,0.44370857142857145,True,True,True,False,4.41999999999998,491.1546080373428,53.06823307902014,40.68507658814992,2.58631741536358,-3.836708081892023,588.0775270379844
2026-04-18T10:15:00Z,2026-04-18T10:30:00Z,2026-04-18,2026-04-18_50,-8.0,47,39,53,105.12203491180125,107.04294291677019,0.005438133002070394,0.02041142857142857,0.11142857142857143,True,True,True,False,7.86,491.1546080373428,53.06823307902014,40.68507658814992,1.601304534209,-3.9516963707835893,590.4175258679383
2026-04-18T10:30:00Z,2026-04-18T10:45:00Z,2026-04-18,2026-04-18_51,-8.000000000000037,47,39,53,107.04294291677019,108.81252375652176,0.005331340841959996,0.08298857142857143,0.018942857142857147,True,True,True,False,9.920000000000046,491.1546080373428,53.06823307902014,40.68507658814992,6.589263599404889,-1.486093093757793,599.93108821016
2026-04-18T10:45:00Z,2026-04-18T11:00:00Z,2026-04-18,2026-04-18_52,-8.00000000000003,47,39,53,108.81252375652176,110.55507771428574,0.005394879006211199,0.11065142857142857,0.021394285714285713,True,True,True,False,11.740000000000045,491.1546080373428,53.06823307902014,40.68507658814992,8.915158277319989,-1.6784110235382126,603.8846649582947
2026-04-18T11:00:00Z,2026-04-18T11:15:00Z,2026-04-18,2026-04-18_53,-46.99999999999999,47,0,53,110.55507771428574,121.19532982857146,0.029556255873015868,0.18450857142857144,0.0,True,True,True,False,75.08249999999998,491.1546080373428,53.06823307902014,0.0,15.388862365476914,0.0,634.6942034818398
2026-04-18T11:15:00Z,2026-04-18T11:30:00Z,2026-04-18,2026-04-18_54,-46.99999999999999,47,0,53,121.19532982857146,131.98679840000003,0.029976301587301586,0.020142857142857143,0.0,True,True,True,False,70.73499999999999,491.1546080373428,53.06823307902014,0.0,1.6276417798374374,0.0,616.5854828962003
2026-04-18T11:30:00Z,2026-04-18T11:45:00Z,2026-04-18,2026-04-18_55,-46.99999999999999,47,0,53,131.98679840000003,142.7967984,0.030027777777777775,0.0,0.0,True,True,True,False,52.05249999999999,491.1546080373428,53.06823307902014,0.0,0.0,0.0,596.2753411163629
2026-04-18T11:45:00Z,2026-04-18T12:00:00Z,2026-04-18,2026-04-18_56,-46.99999999999999,47,0,53,142.7967984,153.6067984,0.030027777777777768,0.0,0.0,True,True,True,False,46.177499999999995,491.1546080373428,53.06823307902014,0.0,0.0,0.0,590.4003411163629
2026-04-18T12:00:00Z,2026-04-18T12:15:00Z,2026-04-18,2026-04-18_57,0.0,47,47,53,153.6067984,152.8869653167702,0.002194459516908212,0.6945257142857143,0.038137142857142856,True,True,True,False,0.0,491.1546080373428,52.55663208268774,49.03073332418067,60.63107187322258,-2.92127208223945,650.4517732351944
2026-04-18T12:15:00Z,2026-04-18T12:30:00Z,2026-04-18,2026-04-18_58,0.0,47,47,53,152.8869653167702,151.1307417142857,0.0048783988957902,1.6157257142857142,0.0,True,True,True,False,0.0,491.1546080373428,52.55663208268774,49.03073332418067,142.04170612004742,0.0,734.7836795642587
2026-04-18T12:30:00Z,2026-04-18T12:45:00Z,2026-04-18,2026-04-18_59,0.0,47,47,53,151.1307417142857,148.25673550310557,0.007983350586611457,2.6440857142857146,0.0,True,True,True,False,0.0,491.1546080373428,52.55663208268774,49.03073332418067,308.37900069765686,0.0,901.1209741418681
2026-04-18T12:45:00Z,2026-04-18T13:00:00Z,2026-04-18,2026-04-18_60,0.0,47,47,53,148.25673550310557,143.986157863354,0.011862715665976537,3.928931428571429,0.0,True,True,True,False,0.0,491.1546080373428,52.55663208268774,49.03073332418067,385.3985291175062,0.0,978.1405025617174
2026-04-18T13:00:00Z,2026-04-18T13:15:00Z,2026-04-18,2026-04-18_61,-46.99999999999989,0,0,53,143.986157863354,154.79615786335398,0.03002777777777771,0.0,0.0,True,False,True,False,40.06749999999991,491.1546080373428,0.0,0.0,0.0,0.0,531.2221080373428
2026-04-18T13:15:00Z,2026-04-18T13:30:00Z,2026-04-18,2026-04-18_62,-47.0,0,0,53,154.79615786335398,165.60615786335399,0.030027777777777778,0.0,0.0,True,False,True,False,29.14,491.1546080373428,0.0,0.0,0.0,0.0,520.2946080373429
2026-04-18T13:30:00Z,2026-04-18T13:45:00Z,2026-04-18,2026-04-18_63,-1.1650633839319924e-13,0,0,53,165.60615786335399,165.606157863354,7.443460508454395e-17,0.0,0.0,True,False,True,False,-0.0,491.1546080373428,0.0,0.0,0.0,0.0,491.1546080373428
2026-04-18T13:45:00Z,2026-04-18T14:00:00Z,2026-04-18,2026-04-18_64,-0.06018320280852551,0,0,53,165.606157863354,165.61999999999998,3.845037957211352e-05,0.0,0.0,True,False,True,False,-0.0,491.1546080373428,0.0,0.0,0.0,0.0,491.1546080373428
2026-04-18T14:00:00Z,2026-04-18T14:15:00Z,2026-04-18,2026-04-18_65,-19.99999999999993,100,80,0,165.61999999999998,172.4849862360248,0.025252981090407134,1.28,3.927771428571429,True,True,True,False,-0.0,0.0,110.73410869437308,79.45554749249808,257.85295859728956,39.60280098288359,487.6454157670443
2026-04-18T14:15:00Z,2026-04-18T14:30:00Z,2026-04-18,2026-04-18_66,-20.000000000000004,100,80,0,172.4849862360248,179.88636720496893,0.02188444334023465,0.2742857142857143,3.3590857142857145,True,True,True,False,-0.05000000000000001,0.0,110.73410869437308,79.45554749249808,25.54035902709094,7.725231742545019,223.4052469565071
2026-04-18T14:30:00Z,2026-04-18T14:45:00Z,2026-04-18,2026-04-18_67,-20.000000000000014,100,80,0,179.88636720496893,175.92297202484474,0.02829491677018634,8.136000000000001,0.009142857142857144,True,True,True,False,-42.15000000000003,0.0,110.73410869437308,79.45554749249808,1762.1260823347131,-0.7175386443042904,1909.44819987728
2026-04-18T14:45:00Z,2026-04-18T15:00:00Z,2026-04-18,2026-04-18_68,-1.6020528621220673,100,80,0,175.92297202484474,167.53788239503106,0.02467793243491853,8.073142857142859,0.0,True,True,True,False,-4.40965050299099,0.0,110.73410869437308,79.45554749249808,1281.7276085500787,0.0,1467.5076142339587
2026-04-18T15:00:00Z,2026-04-18T15:15:00Z,2026-04-18,2026-04-18_69,0.0,12,100,0,167.53788239503106,182.33669680496897,0.04113142028985508,0.003908571428571429,16.090285714285717,True,True,True,False,0.0,0.0,13.019789358071666,99.46653068429208,0.5171062920800541,3573.5790225519672,3686.582448886411
2026-04-18T15:15:00Z,2026-04-18T15:30:00Z,2026-04-18,2026-04-18_70,0.0,12,100,0,182.33669680496897,189.47272960000004,0.020634321601104212,0.13446857142857144,7.9154285714285715,True,True,True,False,0.0,0.0,13.019789358071666,99.46653068429208,18.669128343639418,606.1240165980684,737.2794649840715
2026-04-18T15:30:00Z,2026-04-18T15:45:00Z,2026-04-18,2026-04-18_71,88.0,12,100,0,189.47272960000004,170.65083229813666,0.05521232806073153,0.004114285714285714,4.776000000000001,True,True,True,False,2301.8599999999997,0.0,13.019789358071666,99.46653068429208,0.4810769804067704,-25.15907662737561,2389.6683203953944
2026-04-18T15:45:00Z,2026-04-18T16:00:00Z,2026-04-18,2026-04-18_72,88.0,12,100,0,170.65083229813666,147.16422403975156,0.06550448706694272,0.030034285714285715,0.43028571428571427,True,True,True,False,2706.44,0.0,13.019789358071666,99.46653068429208,3.8311489102264162,-24.79263296806749,2797.964835984523
2026-04-18T16:00:00Z,2026-04-18T16:15:00Z,2026-04-18,2026-04-18_73,0.0,0,7,93,147.16422403975156,147.18652483975157,6.194666666666667e-05,0.0,0.02424,True,True,True,False,0.0,861.837331084394,0.0,6.962657147900446,0.0,-1.3989523133347717,867.4010359189597
2026-04-18T16:15:00Z,2026-04-18T16:30:00Z,2026-04-18,2026-04-18_74,5.7990304162020925,0,7,93,147.18652483975157,145.69477368447212,0.004213414020092083,0.0,0.07944,True,True,True,False,171.40484152689336,861.837331084394,0.0,6.962657147900446,0.0,-4.122273363798615,1036.0825563953892
2026-04-18T16:30:00Z,2026-04-18T16:45:00Z,2026-04-18,2026-04-18_75,6.9999999999999964,0,7,93,145.69477368447212,143.88338238012432,0.005031642512077292,0.0,0.08352000000000001,True,True,True,False,230.0549999999999,861.837331084394,0.0,6.962657147900446,0.0,-4.306340800596232,1094.548647431698
2026-04-18T16:45:00Z,2026-04-18T17:00:00Z,2026-04-18,2026-04-18_76,6.9999999999999964,0,7,93,143.88338238012432,141.9845128149069,0.005274637681159417,0.0,0.0030399999999999997,True,True,True,False,230.71999999999989,861.837331084394,0.0,6.962657147900446,0.0,-0.22758770667032774,1099.292400525624
2026-04-18T17:00:00Z,2026-04-18T17:15:00Z,2026-04-18,2026-04-18_77,6.999999999999996,0,7,93,141.9845128149069,140.2251215105591,0.004887198067632847,0.0,0.13136,True,True,True,False,207.79499999999985,861.837331084394,0.0,6.962657147900446,0.0,-6.756871704552142,1069.8381165277422
2026-04-18T17:15:00Z,2026-04-18T17:30:00Z,2026-04-18,2026-04-18_78,7.0,0,7,93,140.2251215105591,138.32529542360257,0.0052772946859903375,0.0,0.00216,True,True,True,False,230.195,861.837331084394,0.0,6.962657147900446,0.0,-0.1694549591072234,1098.8255332731871
2026-04-18T17:30:00Z,2026-04-18T17:45:00Z,2026-04-18,2026-04-18_79,7.0,0,7,93,138.32529542360257,136.4235128149069,0.0052827294685990345,0.0,0.00035999999999999997,True,True,True,False,245.14000000000001,861.837331084394,0.0,6.962657147900446,0.0,-0.028242493184537233,1113.9117457391098
2026-04-18T17:45:00Z,2026-04-18T18:00:00Z,2026-04-18,2026-04-18_80,7.0,0,7,93,136.4235128149069,134.52133890186343,0.005283816425120773,0.0,0.0,True,True,True,False,251.80749999999998,861.837331084394,0.0,6.962657147900446,0.0,0.0,1120.6074882322944
2026-04-18T18:00:00Z,2026-04-18T18:15:00Z,2026-04-18,2026-04-18_81,7.00000000000005,0,0,93,134.52133890186343,132.61916498881993,0.00528381642512081,0.0,0.0,True,False,True,False,254.94000000000182,861.837331084394,0.0,0.0,0.0,0.0,1116.7773310843959
2026-04-18T18:15:00Z,2026-04-18T18:30:00Z,2026-04-18,2026-04-18_82,7.0,0,0,93,132.61916498881993,130.71699107577646,0.005283816425120773,0.0,0.0,True,False,True,False,259.0525,861.837331084394,0.0,0.0,0.0,0.0,1120.889831084394
2026-04-18T18:30:00Z,2026-04-18T18:45:00Z,2026-04-18,2026-04-18_83,7.00000000000005,0,0,93,130.71699107577646,128.81481716273296,0.00528381642512081,0.0,0.0,True,False,True,False,259.29750000000183,861.837331084394,0.0,0.0,0.0,0.0,1121.134831084396
2026-04-18T18:45:00Z,2026-04-18T19:00:00Z,2026-04-18,2026-04-18_84,7.0,0,0,93,128.81481716273296,126.91264324968948,0.005283816425120773,0.0,0.0,True,False,True,False,252.315,861.837331084394,0.0,0.0,0.0,0.0,1114.152331084394
2026-04-18T19:00:00Z,2026-04-18T19:15:00Z,2026-04-18,2026-04-18_85,100.0,0,100,0,126.91264324968948,99.74121467826092,0.07547619047619049,0.0,0.002285714285714286,True,True,True,False,3796.25,0.0,0.0,99.46653068429208,0.0,-0.17931741704468088,3895.5372132672474
2026-04-18T19:15:00Z,2026-04-18T19:30:00Z,2026-04-18,2026-04-18_86,100.0,0,100,0,99.74121467826092,78.96730163478267,0.05770531400966183,0.0,5.888,True,True,True,False,3571.5000000000005,0.0,0.0,99.46653068429208,0.0,467.50168003608763,4138.46821072038
2026-04-18T19:30:00Z,2026-04-18T19:45:00Z,2026-04-18,2026-04-18_87,100.0,0,100,0,78.96730163478267,61.07164946086962,0.04971014492753624,0.0,8.536000000000001,True,True,True,False,3467.4999999999995,0.0,0.0,99.46653068429208,0.0,163.65005511208744,3730.6165857963792
2026-04-18T19:45:00Z,2026-04-18T20:00:00Z,2026-04-18,2026-04-18_88,100.0,0,100,0,61.07164946086962,38.8710283428572,0.06166839199447895,0.0,4.575428571428572,True,True,True,False,3435.4999999999995,0.0,0.0,99.46653068429208,0.0,-171.38541219190324,3363.581118492388
2026-04-18T20:00:00Z,2026-04-18T20:15:00Z,2026-04-18,2026-04-18_89,13.000000000000014,87,100,0,38.8710283428572,28.23617304844726,0.029686098992408566,6.562285714285714,0.03257142857142857,True,True,True,False,450.09250000000054,0.0,94.39347284601958,99.46653068429208,1364.1579719200133,-1.9165698819587063,2006.1939055683667
2026-04-18T20:15:00Z,2026-04-18T20:30:00Z,2026-04-18,2026-04-18_90,13.000000000000014,87,100,0,28.23617304844726,21.615334539130487,0.01839121808143548,2.8411714285714287,0.0,True,True,True,False,448.30500000000046,0.0,94.39347284601958,99.46653068429208,520.7122150352051,0.0,1162.8772185655173
2026-04-18T20:30:00Z,2026-04-18T20:45:00Z,2026-04-18,2026-04-18_91,13.000000000000014,87,100,0,21.615334539130487,13.47279756521744,0.02262832207039338,4.243114285714285,0.002285714285714286,True,True,True,False,426.7900000000004,0.0,94.39347284601958,99.46653068429208,791.8529888963293,-0.17931741704468088,1412.3236750095966
2026-04-18T20:45:00Z,2026-04-18T21:00:00Z,2026-04-18,2026-04-18_92,13.000000000000055,87,100,0,13.47279756521744,10.000000000000034,0.010447059903381684,0.10092,0.18,True,True,True,False,405.6000000000017,0.0,94.39347284601958,99.46653068429208,13.839303477356973,-11.691050659972149,601.6082563476982
2026-04-18T21:00:00Z,2026-04-18T21:15:00Z,2026-04-19,2026-04-18_93,-50.68942064141259,100,38,0,10.000000000000034,21.512733654658362,0.03254302487811207,0.18914285714285714,0.047554285714285716,True,True,True,False,-1745.616923338646,0.0,108.49824465059723,37.79728166003099,29.563517871502263,-3.310398327865086,-1573.0682774843806
2026-04-18T21:15:00Z,2026-04-18T21:30:00Z,2026-04-19,2026-04-18_94,-61.99999999999999,100,38,0,21.512733654658362,35.79208009937886,0.039740903685300207,0.03314285714285714,0.05645714285714286,True,True,True,False,-1981.3649999999998,0.0,108.49824465059723,37.79728166003099,4.543679201140907,-3.9496414828429662,-1834.4754359710737
2026-04-18T21:30:00Z,2026-04-18T21:45:00Z,2026-04-19,2026-04-18_95,-62.0,100,38,0,35.79208009937886,49.119251060869544,0.039197904154589375,0.9491428571428571,0.0006514285714285714,True,True,True,False,-1927.8899999999999,0.0,108.49824465059723,37.79728166003099,157.74141094788868,-0.05110546385773404,-1623.9041682053407
2026-04-18T21:45:00Z,2026-04-18T22:00:00Z,2026-04-19,2026-04-18_96,-62.0,100,38,0,49.119251060869544,60.81010842236022,0.038482747329192546,2.6182857142857143,0.006297142857142857,True,True,True,False,-1874.4150000000002,0.0,108.49824465059723,37.79728166003099,475.5438897870326,-0.4762607185585121,-1253.051844620898
2026-04-18T22:00:00Z,2026-04-18T22:15:00Z,2026-04-19,2026-04-19_1,-1.0,7,6,93,60.81010842236022,60.82682444720495,0.001091153899240856,0.20184000000000002,0.0014057142857142857,True,True,True,False,-31.355,861.837331084394,7.594877125541806,5.967991841057525,35.41211880675467,-0.09906388687312453,879.3582549708749
2026-04-18T22:15:00Z,2026-04-18T22:30:00Z,2026-04-19,2026-04-19_2,-1.0,7,6,93,60.82682444720495,60.92967701863353,0.0009047492063492064,0.11960000000000001,0.0,True,True,True,False,-29.7325,861.837331084394,7.594877125541806,5.967991841057525,20.288158942475533,0.0,865.9558589934688
2026-04-18T22:30:00Z,2026-04-18T22:45:00Z,2026-04-19,2026-04-19_3,-1.0,7,6,93,60.92967701863353,60.71899848944098,0.0015603305175983437,0.41452,0.0,True,True,True,False,-28.695,861.837331084394,7.594877125541806,5.967991841057525,80.50811391138919,0.0,927.2133139623825
2026-04-18T22:45:00Z,2026-04-18T23:00:00Z,2026-04-19,2026-04-19_4,0.0,7,6,93,60.71899848944098,60.67052264347824,0.0002629294133885438,0.06584,0.025097142857142856,True,True,True,False,0.0,861.837331084394,7.594877125541806,5.967991841057525,11.358190927099063,-1.3697673748770693,885.3886236032154
2026-04-18T23:00:00Z,2026-04-18T23:15:00Z,2026-04-19,2026-04-19_5,0.0,7,7,93,60.67052264347824,60.81117224347825,0.0003906933333333334,0.0,0.15288000000000002,True,True,True,False,0.0,861.837331084394,7.594877125541806,10.570635652225077,0.0,-7.73509173710946,872.2677521250514
2026-04-18T23:15:00Z,2026-04-18T23:30:00Z,2026-04-19,2026-04-19_6,0.0,7,7,93,60.81117224347825,60.778269495652154,0.00016029429951690822,0.04168,0.01348,True,True,True,False,0.0,861.837331084394,7.594877125541806,10.570635652225077,6.554019981563928,-0.731473810971424,885.8253900327534
2026-04-18T23:30:00Z,2026-04-18T23:45:00Z,2026-04-19,2026-04-19_7,0.0,7,7,93,60.778269495652154,61.06025509565215,0.0007944044444444444,0.00184,0.30868,True,True,True,False,0.0,861.837331084394,7.594877125541806,10.570635652225077,0.2522525349598917,-3.551875364308549,876.7032210328123
2026-04-18T23:45:00Z,2026-04-19T00:00:00Z,2026-04-19,2026-04-19_8,0.0,7,7,93,61.06025509565215,61.390755895652156,0.0009180577777777778,0.0,0.35924,True,True,True,False,0.0,861.837331084394,7.594877125541806,10.570635652225077,0.0,-6.1626777570753335,873.8401661050856
2026-04-19T00:00:00Z,2026-04-19T00:15:00Z,2026-04-19,2026-04-19_9,0.0,7,7,93,61.390755895652156,61.38274608695651,0.0001543205797101449,0.029239999999999995,0.025840000000000002,True,True,True,False,0.0,861.837331084394,7.594877125541806,10.570635652225077,4.392400031380548,-1.3410730421479984,883.0541708513935
2026-04-19T00:15:00Z,2026-04-19T00:30:00Z,2026-04-19,2026-04-19_10,0.0,7,7,93,61.38274608695651,61.47919888695651,0.00026792444444444447,0.0,0.10484,True,True,True,False,0.0,861.837331084394,7.594877125541806,10.570635652225077,0.0,-5.402877902210368,874.5999659599505
2026-04-19T00:30:00Z,2026-04-19T00:45:00Z,2026-04-19,2026-04-19_11,0.0,7,7,93,61.47919888695651,61.464789147826075,0.00013509371980676327,0.028999999999999998,0.018600000000000002,True,True,True,False,0.0,861.837331084394,7.594877125541806,10.570635652225077,4.747947319905074,-1.0753468138937379,883.6754443681722
2026-04-19T00:45:00Z,2026-04-19T01:00:00Z,2026-04-19,2026-04-19_12,0.0,7,7,93,61.464789147826075,61.320445008695636,0.0004074981642512077,0.13388,0.00128,True,True,True,False,0.0,861.837331084394,7.594877125541806,10.570635652225077,23.153438845195836,-0.08951313864318357,903.0667695687135
2026-04-19T01:00:00Z,2026-04-19T01:15:00Z,2026-04-19,2026-04-19_13,0.0,7,7,93,61.320445008695636,61.11127109565216,0.0005810386473429952,0.19244,0.0,True,True,True,False,0.0,861.837331084394,7.594877125541806,10.570635652225077,33.46573381450173,0.0,913.4685776766627
2026-04-19T01:15:00Z,2026-04-19T01:30:00Z,2026-04-19,2026-04-19_14,0.0,7,7,93,61.11127109565216,61.13105780869563,8.733024154589371e-05,0.00536,0.02784,True,True,True,False,0.0,861.837331084394,7.594877125541806,10.570635652225077,0.7348541392904073,-1.5690584031223647,879.1686395983289
2026-04-19T01:30:00Z,2026-04-19T01:45:00Z,2026-04-19,2026-04-19_15,0.0,7,7,93,61.13105780869563,61.37283380869563,0.0006716,0.0,0.2628,True,True,True,False,0.0,861.837331084394,7.594877125541806,10.570635652225077,0.0,-13.055006334948123,866.9478375272128
2026-04-19T01:45:00Z,2026-04-19T02:00:00Z,2026-04-19,2026-04-19_16,0.0,7,7,93,61.37283380869563,61.452221495652154,0.0002214875362318841,0.00016,0.08648,True,True,True,False,0.0,861.837331084394,7.594877125541806,10.570635652225077,0.021935003039990585,-4.600976170396375,875.4238026948045
2026-04-19T02:00:00Z,2026-04-19T02:15:00Z,2026-04-19,2026-04-19_17,-0.5034378750641092,7,5,93,61.452221495652154,61.53573827577638,0.0004124511149266162,0.0322,0.0025428571428571427,True,True,True,False,-13.495910835781109,861.837331084394,7.594877125541806,7.550454037303626,4.893740678996607,-0.15742952405234947,868.2230625664026
2026-04-19T02:15:00Z,2026-04-19T02:30:00Z,2026-04-19,2026-04-19_18,-2.0,7,5,93,61.53573827577638,61.74768897391303,0.001618255044858523,0.23867999999999998,0.0,True,True,True,False,-53.52,861.837331084394,7.594877125541806,7.550454037303626,41.93937202816404,0.0,865.4020342754035
2026-04-19T02:30:00Z,2026-04-19T02:45:00Z,2026-04-19,2026-04-19_19,-2.0,7,5,93,61.74768897391303,61.325320198757744,0.002488934216701173,0.8490399999999999,0.0,True,True,True,False,-54.405,861.837331084394,7.594877125541806,7.550454037303626,173.91440484829465,0.0,996.4920670955341
2026-04-19T02:45:00Z,2026-04-19T03:00:00Z,2026-04-19,2026-04-19_20,-2.0,7,5,93,61.325320198757744,61.300397843478244,0.001944918923395445,0.46695999999999993,0.0004,True,True,True,False,-54.68,861.837331084394,7.594877125541806,7.550454037303626,88.39745950928668,-0.025928177770804327,910.6741935787553
2026-04-19T03:00:00Z,2026-04-19T03:15:00Z,2026-04-19,2026-04-19_21,0.0,7,7,93,61.300397843478244,60.61713697391303,0.0018979468599033815,0.6286,0.0,True,True,True,False,0.0,861.837331084394,7.594877125541806,6.962657147900446,124.19383854708065,0.0,1000.5887039049169
2026-04-19T03:15:00Z,2026-04-19T03:30:00Z,2026-04-19,2026-04-19_22,0.0,7,7,93,60.61713697391303,60.54347826086955,0.00020746975845410627,0.06824,0.0005600000000000001,True,True,True,False,0.0,861.837331084394,7.594877125541806,6.962657147900446,11.251951156177064,-0.04393276717594682,887.6028837468374
2026-04-19T03:30:00Z,2026-04-19T03:45:00Z,2026-04-19,2026-04-19_23,0.0,7,7,93,60.54347826086955,60.55416187826086,5.986995169082126e-05,0.005,0.01752,True,True,True,False,0.0,861.837331084394,7.594877125541806,6.962657147900446,0.6991115382352365,-1.1302009845646932,875.9637759115068
2026-04-19T03:45:00Z,2026-04-19T04:00:00Z,2026-04-19,2026-04-19_24,0.0,7,7,93,60.55416187826086,60.696651478260854,0.0003958044444444445,0.0,0.15488000000000002,True,True,True,False,0.0,861.837331084394,7.594877125541806,6.962657147900446,0.0,-7.928232686763294,868.466632671073
2026-04-19T04:00:00Z,2026-04-19T04:15:00Z,2026-04-19,2026-04-19_25,83.50203892770233,15,100,0,60.696651478260854,40.912906832298106,0.05726866694810729,0.0,2.7439999999999998,True,True,True,False,2308.413866156331,0.0,16.27473669758958,99.46653068429208,0.0,-140.46403985329593,2283.6910936849167
2026-04-19T04:15:00Z,2026-04-19T04:30:00Z,2026-04-19,2026-04-19_26,85.0,15,100,0,40.912906832298106,22.25023642236022,0.05504278923395445,0.0,4.176571428571429,True,True,True,False,2339.2,0.0,16.27473669758958,99.46653068429208,0.0,-57.906135065240726,2397.0351323166406
2026-04-19T04:30:00Z,2026-04-19T04:45:00Z,2026-04-19,2026-04-19_27,85.0,15,100,0,22.25023642236022,13.541028670807425,0.034580358040027605,0.0,13.549714285714284,True,True,True,False,2270.1375,0.0,16.27473669758958,99.46653068429208,0.0,-38.14286958300295,2347.7358977988783
2026-04-19T04:45:00Z,2026-04-19T05:00:00Z,2026-04-19,2026-04-19_28,85.0,15,100,0,13.541028670807425,9.999999999999972,0.02395556218081435,0.0,18.41657142857143,True,True,True,False,2239.1125,0.0,16.27473669758958,99.46653068429208,0.0,23.26497667472661,2378.1187440566086
2026-04-19T05:00:00Z,2026-04-19T05:15:00Z,2026-04-19,2026-04-19_29,7.0,93,100,0,9.999999999999972,10.947396084472022,0.01196243563837129,0.010097142857142857,3.0702857142857143,True,True,True,False,186.165,0.0,100.90336752505542,99.46653068429208,1.391378641614529,113.99083800072289,501.9171148516849
2026-04-19T05:15:00Z,2026-04-19T05:30:00Z,2026-04-19,2026-04-19_30,5.133980226813411,93,100,0,10.947396084472022,9.999999999999972,0.005488237284652933,0.09140571428571427,0.5891428571428571,True,True,True,False,124.60170010476148,0.0,100.90336752505542,99.46653068429208,12.593917212510751,-32.183374361531925,305.3821411650878
2026-04-19T05:30:00Z,2026-04-19T05:45:00Z,2026-04-19,2026-04-19_31,0.8434239747141331,93,100,0,9.999999999999972,13.54144596273289,0.010953045485827139,0.008502857142857144,4.102285714285714,True,True,True,False,0.5461170236274011,0.0,100.90336752505542,99.46653068429208,1.1656887329823569,90.43179779719762,292.51350176315486
2026-04-19T05:45:00Z,2026-04-19T06:00:00Z,2026-04-19,2026-04-19_32,0.0,93,100,0,13.54144596273289,29.56521739130432,0.04451047619047619,0.0,17.417142857142856,True,True,True,False,0.0,0.0,100.90336752505542,99.46653068429208,0.0,2747.793661689674,2948.1635598990215
2026-04-19T06:00:00Z,2026-04-19T06:15:00Z,2026-04-19,2026-04-19_33,0.0,64,64,36,29.56521739130432,30.578700084472022,0.0030559474396135264,0.039862857142857144,1.1487085714285714,True,True,True,False,0.0,333.61445074234604,71.4535077568792,63.56443799399847,3.7184328330190612,2.242805779624498,474.5936351058673
2026-04-19T06:15:00Z,2026-04-19T06:30:00Z,2026-04-19,2026-04-19_34,0.0,64,64,36,30.578700084472022,30.268936268322953,0.007142857584541064,1.3253485714285715,1.2291657142857144,True,True,True,False,0.0,333.61445074234604,71.4535077568792,63.56443799399847,169.8846443793796,36.31664326761164,674.8336841402149
2026-04-19T06:30:00Z,2026-04-19T06:45:00Z,2026-04-19,2026-04-19_35,0.0,64,64,36,30.268936268322953,34.655328039751524,0.012184421587301587,0.0,4.767817142857143,True,True,True,False,0.0,333.61445074234604,71.4535077568792,63.56443799399847,0.0,202.06017841410556,670.6925749073292
2026-04-19T06:45:00Z,2026-04-19T07:00:00Z,2026-04-19,2026-04-19_36,0.0,64,64,36,34.655328039751524,44.16831729689438,0.02642497015873016,0.0,10.340205714285714,True,True,True,False,0.0,333.61445074234604,71.4535077568792,63.56443799399847,0.0,960.5113560352918,1429.1437525285155
2026-04-19T07:00:00Z,2026-04-19T07:15:00Z,2026-04-19,2026-04-19_37,-3.552713678800501e-15,47,47,53,44.16831729689438,45.02664402484469,0.002734551469979299,0.05801142857142857,1.0015028571428573,True,True,True,False,-8.881784197001253e-18,491.1546080373428,52.55663208268774,46.68013415184262,5.12018810397048,-9.317922713072521,586.1936396627711
2026-04-19T07:15:00Z,2026-04-19T07:30:00Z,2026-04-19,2026-04-19_38,6.033820786006283e-15,47,47,53,45.02664402484469,44.967399036024815,0.00046793576259489755,0.10474285714285715,0.059354285714285714,True,True,True,False,0.0,491.1546080373428,52.55663208268774,46.68013415184262,9.244784076613367,-4.032231252223956,595.6039270962626
2026-04-19T07:30:00Z,2026-04-19T07:45:00Z,2026-04-19,2026-04-19_39,-3.552713678800501e-15,47,47,53,44.967399036024815,45.83296691677016,0.0024838238233264344,0.013160000000000002,0.9563828571428571,True,True,True,False,-0.0,491.1546080373428,52.55663208268774,46.68013415184262,1.1615241532155256,-3.8563310569360816,587.6965673681526
2026-04-19T07:45:00Z,2026-04-19T08:00:00Z,2026-04-19,2026-04-19_40,-3.552713678800501e-15,47,47,53,45.83296691677016,46.701652094409916,0.0028265754589372008,0.06848571428571429,1.025137142857143,True,True,True,False,-0.0,491.1546080373428,52.55663208268774,46.68013415184262,6.044666511631817,-26.330625498376342,570.1054152851286
2026-04-19T08:00:00Z,2026-04-19T08:15:00Z,2026-04-19,2026-04-19_41,0.0,47,47,53,46.701652094409916,45.964697232298114,0.003329197156659765,0.8903142857142857,0.2508457142857143,True,True,True,False,0.0,491.1546080373428,52.55663208268774,46.68013415184262,78.57717233244328,-12.761561088120501,656.206985516196
2026-04-19T08:15:00Z,2026-04-19T08:30:00Z,2026-04-19,2026-04-19_42,0.0,47,47,53,45.964697232298114,47.230525754037245,0.003676749344375432,0.026588571428571427,1.4073142857142857,True,True,True,False,0.0,491.1546080373428,52.55663208268774,46.68013415184262,2.0806950791378194,6.8810373512576035,599.3531067022686
2026-04-19T08:30:00Z,2026-04-19T08:45:00Z,2026-04-19,2026-04-19_43,0.0,47,47,53,47.230525754037245,51.828543811180104,0.012772272380952384,0.0,4.997845714285715,True,True,True,False,0.0,491.1546080373428,52.55663208268774,46.68013415184262,0.0,150.21081313836302,740.6021874102362
2026-04-19T08:45:00Z,2026-04-19T09:00:00Z,2026-04-19,2026-04-19_44,2.3169871818264135e-14,47,47,53,51.828543811180104,58.229793411180104,0.01778124888888889,0.0,6.95788,True,True,True,False,0.0,491.1546080373428,52.55663208268774,46.68013415184262,0.0,492.3723237374233,1082.7636980092966
2026-04-19T09:00:00Z,2026-04-19T09:15:00Z,2026-04-19,2026-04-19_45,0.0,47,47,53,58.229793411180104,59.96976026832296,0.005057050793650795,0.03706285714285715,1.935057142857143,True,True,True,False,0.0,491.1546080373428,53.06823307902014,49.03073332418067,3.214670578774982,-56.306303141697185,540.1619418776214
2026-04-19T09:15:00Z,2026-04-19T09:30:00Z,2026-04-19,2026-04-19_46,-4.3443509659245256e-15,47,47,53,59.96976026832296,57.425542022360226,0.007105708461007594,2.3470457142857146,0.007520000000000001,True,True,True,False,-0.0,491.1546080373428,53.06823307902014,49.03073332418067,241.8179331527084,-0.5753101614136938,834.4961974318384
2026-04-19T09:30:00Z,2026-04-19T09:45:00Z,2026-04-19,2026-04-19_47,0.0,47,47,53,57.425542022360226,58.59019244720494,0.0032481145341614905,0.0021485714285714285,1.2684628571428571,True,True,True,False,0.0,491.1546080373428,53.06823307902014,49.03073332418067,0.168136976091945,-43.702223664855744,549.7194877517799
2026-04-19T09:45:00Z,2026-04-19T10:00:00Z,2026-04-19,2026-04-19_48,0.0,47,47,53,58.59019244720494,59.38601069316768,0.0022122280469289166,0.00026857142857142856,0.8653371428571429,True,True,True,False,0.0,491.1546080373428,53.06823307902014,49.03073332418067,0.021017122011493125,-38.9027487835835,554.3718427789717
2026-04-19T10:00:00Z,2026-04-19T10:15:00Z,2026-04-19,2026-04-19_49,0.0,100,100,0,59.38601069316768,69.3151764074534,0.02758101587301588,0.0,10.79257142857143,True,True,True,False,0.0,0.0,112.91113421068115,104.32070920038441,0.0,285.95329386482274,503.18513727588834
2026-04-19T10:15:00Z,2026-04-19T10:30:00Z,2026-04-19,2026-04-19_50,0.0,100,100,0,69.3151764074534,86.59487926459624,0.047999174603174606,0.0,18.782285714285717,True,True,True,False,0.0,0.0,112.91113421068115,104.32070920038441,0.0,1211.8878736036359,1429.1197170147013
2026-04-19T10:30:00Z,2026-04-19T10:45:00Z,2026-04-19,2026-04-19_51,0.0,100,100,0,86.59487926459624,105.71353069316767,0.05310736507936508,0.0,20.781142857142857,True,True,True,False,0.0,0.0,112.91113421068115,104.32070920038441,0.0,2016.4641460988655,2233.695989509931
2026-04-19T10:45:00Z,2026-04-19T11:00:00Z,2026-04-19,2026-04-19_52,0.0,100,100,0,105.71353069316767,112.42269640745339,0.01863657142857143,0.0,7.292571428571429,True,True,True,False,0.0,0.0,112.91113421068115,104.32070920038441,0.0,-45.02952248332208,172.20232092774347
2026-04-19T11:00:00Z,2026-04-19T11:15:00Z,2026-04-19,2026-04-19_53,0.0,100,100,0,112.42269640745339,115.0436723080745,0.007346051069703244,0.010857142857142857,2.8617142857142857,True,True,True,False,0.0,0.0,111.82262145252712,104.32070920038441,0.8496283366348284,-14.028781566169528,202.96417742337684
2026-04-19T11:15:00Z,2026-04-19T11:30:00Z,2026-04-19,2026-04-19_54,0.0,100,100,0,115.0436723080745,133.0383465937888,0.04998520634920635,0.0,19.559428571428572,True,True,True,False,0.0,0.0,111.82262145252712,104.32070920038441,0.0,1317.2030500771907,1533.3463807301023
2026-04-19T11:30:00Z,2026-04-19T11:45:00Z,2026-04-19,2026-04-19_55,0.0,100,100,0,133.0383465937888,142.40920373664594,0.02603015873015873,0.0,10.185714285714285,True,True,True,False,0.0,0.0,111.82262145252712,104.32070920038441,0.0,288.05552395708713,504.19885460999865
2026-04-19T11:45:00Z,2026-04-19T12:00:00Z,2026-04-19,2026-04-19_56,0.0,100,100,0,142.40920373664594,162.78536373664593,0.05660044444444445,0.0,22.148,True,True,True,False,0.0,0.0,111.82262145252712,104.32070920038441,0.0,3433.9195387059444,3650.062869358856
2026-04-19T12:00:00Z,2026-04-19T12:15:00Z,2026-04-19,2026-04-19_57,47.00000000000004,0,0,53,162.78536373664593,150.01362460621115,0.03547705314009665,0.0,0.0,True,False,True,False,-24.675000000000022,491.1546080373428,0.0,0.0,0.0,0.0,466.4796080373428
2026-04-19T12:15:00Z,2026-04-19T12:30:00Z,2026-04-19,2026-04-19_58,37.562031103999914,0,0,53,150.01362460621115,139.80655093664595,0.02835298241545887,0.0,0.0,True,False,True,False,-23.382364362239947,491.1546080373428,0.0,0.0,0.0,0.0,467.77224367510286
2026-04-19T12:30:00Z,2026-04-19T12:45:00Z,2026-04-19,2026-04-19_59,-47.00000000000014,0,0,53,139.80655093664595,150.61655093664598,0.03002777777777787,0.0,0.0,True,False,True,False,35.720000000000105,491.1546080373428,0.0,0.0,0.0,0.0,526.8746080373429
2026-04-19T12:45:00Z,2026-04-19T13:00:00Z,2026-04-19,2026-04-19_60,-47.0,0,0,53,150.61655093664598,161.42655093664598,0.030027777777777778,0.0,0.0,True,False,True,False,51.582499999999996,491.1546080373428,0.0,0.0,0.0,0.0,542.7371080373429
2026-04-19T13:00:00Z,2026-04-19T13:15:00Z,2026-04-19,2026-04-19_61,0.0,47,47,53,161.42655093664598,163.95933691428573,0.007038760220841959,0.0005371428571428571,2.753662857142857,True,True,True,False,0.0,491.1546080373428,52.55663208268774,46.68013415184262,0.04203424402298625,133.63476645195274,724.0681749678489
2026-04-19T13:15:00Z,2026-04-19T13:30:00Z,2026-04-19,2026-04-19_62,0.0,47,47,53,163.95933691428573,165.5372262857143,0.004383026031746032,0.0,1.7150971428571429,True,True,True,False,0.0,491.1546080373428,52.55663208268774,46.68013415184262,0.0,-1.2503218624355228,589.1410524094376
2026-04-19T13:30:00Z,2026-04-19T13:45:00Z,2026-04-19,2026-04-19_63,0.0,47,47,53,165.5372262857143,165.56365838509316,0.00038643146997929605,0.051834285714285715,0.08997142857142858,True,True,True,False,0.0,491.1546080373428,52.55663208268774,46.68013415184262,4.088704153719855,-7.0583818284212505,587.4216965971718
2026-04-19T13:45:00Z,2026-04-19T14:00:00Z,2026-04-19,2026-04-19_64,0.0,47,47,53,165.56365838509316,165.4245117614907,0.0006157590338164251,0.16597714285714285,0.04485142857142858,True,True,True,False,0.0,491.1546080373428,52.55663208268774,46.68013415184262,13.880398887111282,-3.018989268412957,601.2527838905715
2026-04-19T14:00:00Z,2026-04-19T14:15:00Z,2026-04-19,2026-04-19_65,0.0,41,75,25,165.4245117614907,174.68036890434783,0.025710714285714288,0.0,10.060714285714287,True,True,True,False,0.0,231.676701904407,45.40098456469296,74.48957577421696,0.0,1369.5827332737479,1721.1499955170648
2026-04-19T14:15:00Z,2026-04-19T14:30:00Z,2026-04-19,2026-04-19_66,0.0,41,75,25,174.68036890434783,175.4691125068323,0.002220664596273292,0.00492,0.863142857142857,True,True,True,False,0.0,231.676701904407,45.40098456469296,74.48957577421696,0.3850157883382038,-39.792397445847534,312.15988058580757
2026-04-19T14:30:00Z,2026-04-19T14:45:00Z,2026-04-19,2026-04-19_67,0.0,41,75,25,175.4691125068323,178.341878221118,0.007979904761904763,0.0,3.1225714285714283,True,True,True,False,0.0,231.676701904407,45.40098456469296,74.48957577421696,0.0,13.051389513853671,364.6186517571706
2026-04-19T14:45:00Z,2026-04-19T15:00:00Z,2026-04-19,2026-04-19_68,34.0,41,75,25,178.341878221118,169.34132003975154,0.025866116853002066,0.06396,0.3094285714285714,True,True,True,False,400.945,231.676701904407,45.40098456469296,74.48957577421696,5.280478992684411,-17.57389457816978,740.2188466578316
2026-04-19T15:00:00Z,2026-04-19T15:15:00Z,2026-04-19,2026-04-19_69,14.90816364155138,85,100,0,169.34132003975154,180.27236685714288,0.038595917991446085,0.0,15.856,True,True,True,False,115.42645699471154,0.0,92.22350795300764,99.46653068429208,0.0,3036.2870127679603,3343.4035083999715
2026-04-19T15:15:00Z,2026-04-19T15:30:00Z,2026-04-19,2026-04-19_70,15.0,85,100,0,180.27236685714288,187.95208074534165,0.03270986777087647,0.0,12.439428571428572,True,True,True,False,278.85,0.0,92.22350795300764,99.46653068429208,0.0,2908.4919563250014,3379.0319949623013
2026-04-19T15:30:00Z,2026-04-19T15:45:00Z,2026-04-19,2026-04-19_71,13.787724873498565,85,100,0,187.95208074534165,185.7260442120694,0.01339734956951599,0.02137142857142857,1.6371428571428572,True,True,True,False,337.1098731570399,0.0,92.22350795300764,99.46653068429208,2.7102150296013825,-82.85252263181933,448.65760419212165
2026-04-19T15:45:00Z,2026-04-19T16:00:00Z,2026-04-19,2026-04-19_72,0.19878215930802748,85,100,0,185.7260442120694,189.66038857142854,0.012815464490283464,0.272,4.654857142857143,True,True,True,False,5.902339265253605,0.0,92.22350795300764,99.46653068429208,37.032693039402204,165.45845691758964,400.0835278595452
2026-04-19T16:00:00Z,2026-04-19T16:15:00Z,2026-04-19,2026-04-19_73,0.0,0,100,0,189.66038857142854,189.85963428571426,0.0005534603174603175,0.0,0.21657142857142855,True,True,True,False,0.0,0.0,0.0,99.46653068429208,0.0,-11.943009338514859,87.52352134577723
2026-04-19T16:15:00Z,2026-04-19T16:30:00Z,2026-04-19,2026-04-19_74,0.0,0,100,0,189.85963428571426,189.99999999999997,0.00038990476190476194,0.0,0.15257142857142858,True,True,True,False,0.0,0.0,0.0,99.46653068429208,0.0,-10.910112437624157,88.55641824666793
2026-04-19T16:30:00Z,2026-04-19T16:45:00Z,2026-04-19,2026-04-19_75,100.0,0,100,0,189.99999999999997,166.40993788819873,0.06552795031055901,0.0,3.2971428571428567,True,True,True,False,3555.5,0.0,0.0,99.46653068429208,0.0,-29.91659050346166,3625.0499401808306
2026-04-19T16:45:00Z,2026-04-19T17:00:00Z,2026-04-19,2026-04-19_76,99.99999999999999,0,100,0,166.40993788819873,149.88757763975153,0.04589544513457557,0.0,9.799428571428571,True,True,True,False,3882.7499999999995,0.0,0.0,99.46653068429208,0.0,827.2884132369875,4809.504943921279
2026-04-19T17:00:00Z,2026-04-19T17:15:00Z,2026-04-19,2026-04-19_77,67.0,0,67,33,149.88757763975153,138.99362732919252,0.03026097308488613,0.0,6.727565714285714,True,True,True,False,2454.545,305.81324651381726,0.0,66.64257555847568,0.0,246.67433076778676,3073.6751528400796
2026-04-19T17:15:00Z,2026-04-19T17:30:00Z,2026-04-19,2026-04-19_78,67.0,0,67,33,138.99362732919252,123.20701242236022,0.04385170807453416,0.0,2.226314285714286,True,True,True,False,2462.585,305.81324651381726,0.0,66.64257555847568,0.0,-74.29707715412053,2760.7437449181725
2026-04-19T17:30:00Z,2026-04-19T17:45:00Z,2026-04-19,2026-04-19_79,65.95370572041823,0,67,33,123.20701242236022,105.31677639751548,0.04969745306859298,0.0,0.029480000000000003,True,True,True,False,2303.4331722856064,305.81324651381726,0.0,66.64257555847568,0.0,-2.3127463863337714,2673.5762479715654
2026-04-19T17:45:00Z,2026-04-19T18:00:00Z,2026-04-19,2026-04-19_80,67.0,0,67,33,105.31677639751548,87.28378881987574,0.05009163216011043,0.0,0.15965142857142856,True,True,True,False,2553.5375,305.81324651381726,0.0,66.64257555847568,0.0,-11.18887636568425,2914.8044457066085
2026-04-19T18:00:00Z,2026-04-19T18:15:00Z,2026-04-19,2026-04-19_81,7.0,0,7,93,87.28378881987574,85.38487577639748,0.00527475845410628,0.0,0.003,True,True,True,False,291.28749999999997,861.837331084394,0.0,6.962657147900446,0.0,-0.23535410987114364,1159.8521341224232
2026-04-19T18:15:00Z,2026-04-19T18:30:00Z,2026-04-19,2026-04-19_82,7.0,0,7,93,85.38487577639748,83.48739751552792,0.005270772946859903,0.0,0.00432,True,True,True,False,286.125,861.837331084394,0.0,6.962657147900446,0.0,-0.3389099182144468,1154.58607831408
2026-04-19T18:30:00Z,2026-04-19T18:45:00Z,2026-04-19,2026-04-19_83,7.0,0,7,93,83.48739751552792,81.8160062111801,0.004642753623188406,0.0,0.21232,True,True,True,False,268.8175,861.837331084394,0.0,6.962657147900446,0.0,-0.015324251279737975,1137.6021639810147
2026-04-19T18:45:00Z,2026-04-19T19:00:00Z,2026-04-19,2026-04-19_84,7.0,0,7,93,81.8160062111801,80.26335403726705,0.004312922705314011,0.0,0.32156,True,True,True,False,253.75,861.837331084394,0.0,6.962657147900446,0.0,-12.747870225743819,1109.8021180065507
2026-04-19T19:00:00Z,2026-04-19T19:15:00Z,2026-04-19,2026-04-19_85,100.0,0,100,0,80.26335403726705,59.0062111801242,0.05904761904761905,0.0,5.443428571428571,True,True,True,False,3650.0,0.0,0.0,99.46653068429208,0.0,140.5424567046502,3890.0089873889424
2026-04-19T19:15:00Z,2026-04-19T19:30:00Z,2026-04-19,2026-04-19_86,100.0,0,100,0,59.0062111801242,43.34099378881985,0.04351449275362318,0.0,10.588000000000001,True,True,True,False,3677.0000000000005,0.0,0.0,99.46653068429208,0.0,3536.0165493164927,7312.483080000785
2026-04-19T19:30:00Z,2026-04-19T19:45:00Z,2026-04-19,2026-04-19_87,100.0,0,100,0,43.34099378881985,26.098757763975133,0.047895100069013104,0.0,9.137142857142857,True,True,True,False,3415.5,0.0,0.0,99.46653068429208,0.0,710.4147836003015,4225.381314284594
2026-04-19T19:45:00Z,2026-04-19T20:00:00Z,2026-04-19,2026-04-19_88,100.0,0,100,0,26.098757763975133,9.999999999999979,0.04471877156659765,0.0,10.189142857142857,True,True,True,False,3603.75,0.0,0.0,99.46653068429208,0.0,459.0260115603697,4162.242542244661
2026-04-19T20:00:00Z,2026-04-19T20:15:00Z,2026-04-19,2026-04-19_89,12.692547342119541,61,100,0,9.999999999999979,9.999999999999979,0.01635271359947265,0.0,3.664571428571429,True,True,True,False,403.7816623211779,0.0,66.20187498774197,99.46653068429208,0.0,108.98411135611599,678.4341793493279
2026-04-19T20:15:00Z,2026-04-19T20:30:00Z,2026-04-19,2026-04-19_90,-4.11820988752819e-14,61,100,0,9.999999999999979,11.506185838509305,0.004221737750172558,0.006274285714285713,1.6445714285714286,True,True,True,False,-1.2619224647858255e-12,0.0,66.20187498774197,99.46653068429208,0.7520122810015997,-85.19729589335097,81.22312205968342
2026-04-19T20:30:00Z,2026-04-19T20:45:00Z,2026-04-19,2026-04-19_91,26.15169358560926,61,100,0,11.506185838509305,9.999999999999979,0.02611890650810069,0.0,5.811428571428571,True,True,True,False,784.2239113984576,0.0,66.20187498774197,99.46653068429208,0.0,86.93720248018403,1036.8295195506757
2026-04-19T20:45:00Z,2026-04-19T21:00:00Z,2026-04-19,2026-04-19_92,38.56231603178762,61,100,0,9.999999999999979,9.99999999999998,0.0334273271578515,0.0,10.645142857142858,True,True,True,False,1097.4835142646757,0.0,66.20187498774197,99.46653068429208,0.0,1196.3326677668538,2459.4845877035636
2026-04-19T21:00:00Z,2026-04-19T21:15:00Z,2026-04-20,2026-04-19_93,6.913128392220915e-14,100,100,0,9.99999999999998,15.013211428571392,0.013925587301587333,0.0,5.449142857142856,True,True,True,False,2.009300767199009e-12,0.0,108.49824465059723,99.46653068429208,0.0,51.712725876904194,259.6775012117955
2026-04-19T21:15:00Z,2026-04-19T21:30:00Z,2026-04-20,2026-04-19_94,0.0,100,100,0,15.013211428571392,25.90443428571425,0.030253396825396826,0.0,11.838285714285714,True,True,True,False,0.0,0.0,108.49824465059723,99.46653068429208,0.0,634.1505921117147,842.115367446604
2026-04-19T21:30:00Z,2026-04-19T21:45:00Z,2026-04-20,2026-04-19_95,0.0,100,100,0,25.90443428571425,31.635245714285677,0.015918920634920633,0.0,6.229142857142857,True,True,True,False,0.0,0.0,108.49824465059723,99.46653068429208,0.0,-156.5807155325307,51.38405980235862
2026-04-19T21:45:00Z,2026-04-19T22:00:00Z,2026-04-20,2026-04-19_96,0.0,100,100,0,31.635245714285677,34.55879155279499,0.008138213940648724,0.002857142857142857,3.1811428571428575,True,True,True,False,0.0,0.0,108.49824465059723,99.46653068429208,0.3586348340893617,20.858643968070297,229.18205413704897
2026-04-19T22:00:00Z,2026-04-19T22:15:00Z,2026-04-20,2026-04-20_1,-8.0,55,47,45,34.55879155279499,37.30129516521736,0.0076245528226363025,0.0012571428571428573,0.9824342857142857,True,True,True,False,-222.7,417.0180634279326,59.67403455782847,46.74926942161728,0.16026494148368353,-40.88739392954506,260.014238419317
2026-04-19T22:15:00Z,2026-04-19T22:30:00Z,2026-04-20,2026-04-20_2,-8.0,55,47,45,37.30129516521736,39.25532324968941,0.005531651511387165,0.020114285714285716,0.14717714285714287,True,True,True,False,-211.3,417.0180634279326,59.67403455782847,46.74926942161728,2.595061217285078,-7.790196120579756,306.94623250408364
2026-04-19T22:30:00Z,2026-04-19T22:45:00Z,2026-04-20,2026-04-20_3,-8.0,55,47,45,39.25532324968941,42.760680963975126,0.009737104761904761,0.0,1.8101714285714288,True,True,True,False,-207.34,417.0180634279326,59.67403455782847,46.74926942161728,0.0,-57.541915547100245,258.5594518602781
2026-04-19T22:45:00Z,2026-04-19T23:00:00Z,2026-04-20,2026-04-20_4,-8.0,55,47,45,42.760680963975126,46.15880347826084,0.009439229206349205,0.0,1.6936114285714285,True,True,True,False,-196.12,417.0180634279326,59.67403455782847,46.74926942161728,0.0,-23.66179812781409,303.65956927956427
2026-04-19T23:00:00Z,2026-04-19T23:15:00Z,2026-04-20,2026-04-20_5,0.0,100,100,0,46.15880347826084,56.322963478260846,0.02823377777777778,0.0,11.048,True,True,True,False,0.0,0.0,108.49824465059723,161.04104967933003,0.0,100.63393884715711,370.1732331770844
2026-04-19T23:15:00Z,2026-04-19T23:30:00Z,2026-04-20,2026-04-20_6,0.0,100,100,0,56.322963478260846,65.71222062111799,0.026081269841269843,0.0,10.205714285714286,True,True,True,False,0.0,0.0,108.49824465059723,161.04104967933003,0.0,131.9835229708413,401.52281730076857
2026-04-19T23:30:00Z,2026-04-19T23:45:00Z,2026-04-20,2026-04-20_7,0.0,100,100,0,65.71222062111799,68.83443776397513,0.0086728253968254,0.0,3.393714285714286,True,True,True,False,0.0,0.0,108.49824465059723,161.04104967933003,0.0,-89.77997360671769,179.75932072320956
2026-04-19T23:45:00Z,2026-04-20T00:00:00Z,2026-04-20,2026-04-20_8,0.0,100,100,0,68.83443776397513,70.11835925465836,0.005995710144927536,0.40228571428571425,1.8708571428571428,True,True,True,False,0.0,0.0,108.49824465059723,161.04104967933003,67.791143176552,-56.057098700228906,281.27333880625036
2026-04-20T00:00:00Z,2026-04-20T00:15:00Z,2026-04-20,2026-04-20_9,0.0,7,7,93,70.11835925465836,70.14152356770184,0.00013560135265700484,0.0118,0.03912,True,True,True,False,0.0,861.837331084394,7.594877125541806,11.272873477553102,1.6894433090787846,-1.8376433365367641,880.556881660031
2026-04-20T00:15:00Z,2026-04-20T00:30:00Z,2026-04-20,2026-04-20_10,0.0,7,7,93,70.14152356770184,70.01438332422357,0.00035746067632850235,0.11767999999999999,0.00084,True,True,True,False,0.0,861.837331084394,7.594877125541806,11.272873477553102,20.25108306038794,-0.051722925451585695,900.9044418224253
2026-04-20T00:30:00Z,2026-04-20T00:45:00Z,2026-04-20,2026-04-20_11,0.0,7,7,93,70.01438332422357,70.07665288944096,0.00018480676328502417,0.0019600000000000004,0.07,True,True,True,False,0.0,861.837331084394,7.594877125541806,11.272873477553102,0.25986231784572544,-3.5489713064114388,877.4159726989232
2026-04-20T00:45:00Z,2026-04-20T01:00:00Z,2026-04-20,2026-04-20_12,0.0,7,7,93,70.07665288944096,70.90792808944096,0.002309097777777778,0.0,0.90356,True,True,True,False,0.0,861.837331084394,7.594877125541806,11.272873477553102,0.0,-0.8920942671661404,879.8129874203228
2026-04-20T01:00:00Z,2026-04-20T01:15:00Z,2026-04-20,2026-04-20_13,0.0,100,100,0,70.90792808944096,81.97631666086953,0.03074552380952381,0.0,12.030857142857142,True,True,True,False,0.0,0.0,108.49824465059723,161.04104967933003,0.0,-0.0,269.53929432992726
2026-04-20T01:15:00Z,2026-04-20T01:30:00Z,2026-04-20,2026-04-20_14,0.0,100,100,0,81.97631666086953,93.76913951801238,0.03275784126984126,0.0,12.818285714285713,True,True,True,False,0.0,0.0,108.49824465059723,161.04104967933003,0.0,-40.93092547400037,228.6083688559269
2026-04-20T01:30:00Z,2026-04-20T01:45:00Z,2026-04-20,2026-04-20_15,0.0,100,100,0,93.76913951801238,98.35336808944095,0.012733968253968254,0.0,4.982857142857143,True,True,True,False,0.0,0.0,108.49824465059723,161.04104967933003,0.0,-151.6533211546921,117.88597317523516
2026-04-20T01:45:00Z,2026-04-20T02:00:00Z,2026-04-20,2026-04-20_16,0.0,100,100,0,98.35336808944095,100.87479715776394,0.0071523478260869565,0.024571428571428567,2.769714285714286,True,True,True,False,0.0,0.0,108.49824465059723,161.04104967933003,3.698422398986856,-70.82715739866464,202.41055933024947
2026-04-20T02:00:00Z,2026-04-20T02:15:00Z,2026-04-20,2026-04-20_17,-7.0,7,0,93,100.87479715776394,102.47843075776393,0.0044545377777777785,0.006919999999999999,0.0,True,True,True,False,-173.2675,861.837331084394,7.594877125541806,0.0,0.9571062898385861,0.0,697.1218144997744
2026-04-20T02:15:00Z,2026-04-20T02:30:00Z,2026-04-20,2026-04-20_18,-7.0,7,0,93,102.47843075776393,104.08843075776393,0.004472222222222223,0.0,0.0,True,True,True,False,-180.5475,861.837331084394,7.594877125541806,0.0,0.0,0.0,688.8847082099358
2026-04-20T02:30:00Z,2026-04-20T02:45:00Z,2026-04-20,2026-04-20_19,-7.0,7,0,93,104.08843075776393,105.69636995776392,0.004466497777777778,0.0022400000000000002,0.0,True,True,True,False,-182.245,861.837331084394,7.594877125541806,0.0,0.28512365897189484,0.0,687.4723318689078
2026-04-20T02:45:00Z,2026-04-20T03:00:00Z,2026-04-20,2026-04-20_20,-7.0,7,0,93,105.69636995776392,106.88247075776393,0.003294724444444445,0.46076,0.0,True,True,True,False,-190.1725,861.837331084394,7.594877125541806,0.0,86.29858491772413,0.0,765.5582931276599
2026-04-20T03:00:00Z,2026-04-20T03:15:00Z,2026-04-20,2026-04-20_21,-7.0,7,0,93,106.88247075776393,108.32440515776392,0.004005373333333334,0.18268,0.0,True,True,True,False,-185.7275,861.837331084394,7.594877125541806,0.0,33.610654982642636,0.0,717.3153631925785
2026-04-20T03:15:00Z,2026-04-20T03:30:00Z,2026-04-20,2026-04-20_22,-7.0,7,0,93,108.32440515776392,109.58451075776392,0.003500293333333334,0.38031999999999994,0.0,True,True,True,False,-194.4775,861.837331084394,7.594877125541806,0.0,72.96099099770528,0.0,747.9156992076411
2026-04-20T03:30:00Z,2026-04-20T03:45:00Z,2026-04-20,2026-04-20_23,0.0,7,0,93,109.58451075776392,109.37033684472044,0.000594927536231884,0.19704,0.0,True,True,True,False,0.0,861.837331084394,7.594877125541806,0.0,38.50706573832546,0.0,907.9392739482613
2026-04-20T03:45:00Z,2026-04-20T04:00:00Z,2026-04-20,2026-04-20_24,0.0,7,0,93,109.37033684472044,108.9232498881987,0.0012419082125603865,0.41132,0.0,True,True,True,False,0.0,861.837331084394,7.594877125541806,0.0,82.25367404240298,0.0,951.6858822523388
2026-04-20T04:00:00Z,2026-04-20T04:15:00Z,2026-04-20,2026-04-20_25,0.0,0,100,0,108.9232498881987,112.29360417391298,0.009362095238095237,0.0,3.663428571428571,True,True,True,False,0.0,0.0,0.0,99.46653068429208,0.0,-20.845193816911312,78.62133686738076
2026-04-20T04:15:00Z,2026-04-20T04:30:00Z,2026-04-20,2026-04-20_26,100.0,0,100,0,112.29360417391298,93.85695821118006,0.051212905452035884,0.0,8.038285714285715,True,True,True,False,3367.75,0.0,0.0,99.46653068429208,0.0,12.601254773625772,3479.817785457918
2026-04-20T04:30:00Z,2026-04-20T04:45:00Z,2026-04-20,2026-04-20_27,100.0,0,100,0,93.85695821118006,76.65447373913037,0.047784679089026914,0.0,9.173714285714285,True,True,True,False,3496.0,0.0,0.0,99.46653068429208,0.0,68.92475471338632,3664.3912853976785
2026-04-20T04:45:00Z,2026-04-20T05:00:00Z,2026-04-20,2026-04-20_28,100.0,0,100,0,76.65447373913037,66.15136814906826,0.029175293305728087,0.0,15.337142857142858,True,True,True,False,3489.75,0.0,0.0,99.46653068429208,0.0,1685.8855024670154,5275.102033151307
2026-04-20T05:00:00Z,2026-04-20T05:15:00Z,2026-04-20,2026-04-20_29,6.999999999999996,0,0,93,66.15136814906826,64.24919423602478,0.0052838164251207695,0.0,0.0,True,False,True,False,253.1199999999998,861.837331084394,0.0,0.0,0.0,0.0,1114.957331084394
2026-04-20T05:15:00Z,2026-04-20T05:30:00Z,2026-04-20,2026-04-20_30,6.999999999999972,0,0,93,64.24919423602478,62.34702032298131,0.005283816425120751,0.0,0.0,True,False,True,False,251.03749999999897,861.837331084394,0.0,0.0,0.0,0.0,1112.874831084393
2026-04-20T05:30:00Z,2026-04-20T05:45:00Z,2026-04-20,2026-04-20_31,6.637034788571346,0,0,93,62.34702032298131,60.54347826086953,0.005009839061421607,0.0,0.0,True,False,True,False,230.30510716342573,861.837331084394,0.0,0.0,0.0,0.0,1092.1424382478197
2026-04-20T05:45:00Z,2026-04-20T06:00:00Z,2026-04-20,2026-04-20_32,0.0,0,0,93,60.54347826086953,60.54347826086953,0.0,0.0,0.0,True,False,True,False,0.0,861.837331084394,0.0,0.0,0.0,0.0,861.837331084394
2026-04-20T06:00:00Z,2026-04-20T06:15:00Z,2026-04-20,2026-04-20_33,100.0,0,100,0,60.54347826086953,37.03229813664593,0.06530883367839889,0.0,3.3697142857142857,True,True,True,False,3711.5,0.0,0.0,99.31943436562261,0.0,3.674585958885878,3814.4940203245087
2026-04-20T06:15:00Z,2026-04-20T06:30:00Z,2026-04-20,2026-04-20_34,99.7850417289802,0,100,0,37.03229813664593,9.999999999999961,0.07509055831784679,0.0,0.07657142857142858,True,True,True,False,3247.753645673983,0.0,0.0,99.31943436562261,0.0,-6.007133470996809,3341.065946568609
2026-04-20T06:30:00Z,2026-04-20T06:45:00Z,2026-04-20,2026-04-20_35,0.0,0,100,0,9.999999999999961,10.33593142857139,0.0009331428571428572,0.0,0.36514285714285716,True,True,True,False,0.0,0.0,0.0,99.31943436562261,0.0,-21.682483210005913,77.6369511556167
2026-04-20T06:45:00Z,2026-04-20T07:00:00Z,2026-04-20,2026-04-20_36,61.749257148663354,0,100,0,10.33593142857139,9.999999999999961,0.0323556302427042,0.0,16.07257142857143,True,True,True,False,1801.0714578836385,0.0,0.0,99.31943436562261,0.0,7495.173392769586,9395.564285018847
2026-04-20T07:00:00Z,2026-04-20T07:15:00Z,2026-04-20,2026-04-20_37,5.0000000000000036,95,100,0,9.999999999999961,12.664498583850891,0.013641205521048999,0.0,4.333714285714285,True,True,True,False,160.5125000000001,0.0,105.5886794673152,99.31943436562261,0.0,798.4329056426145,1163.8535194755525
2026-04-20T07:15:00Z,2026-04-20T07:30:00Z,2026-04-20,2026-04-20_38,5.0,95,100,0,12.664498583850891,13.752577639751514,0.010617507384403037,0.14820000000000003,2.809142857142857,True,True,True,False,148.5625,0.0,105.5886794673152,99.31943436562261,14.504050051974033,-20.7213334491425,347.2533304357693
2026-04-20T07:30:00Z,2026-04-20T07:45:00Z,2026-04-20,2026-04-20_39,0.7161796560854579,95,100,0,13.752577639751514,21.659221863354002,0.022663758283180943,0.0,8.794285714285714,True,True,True,False,18.774649684280277,0.0,105.5886794673152,99.31943436562261,0.0,4665.538723876393,4889.221487393612
2026-04-20T07:45:00Z,2026-04-20T08:00:00Z,2026-04-20,2026-04-20_40,0.0,95,100,0,21.659221863354002,29.412981863354002,0.021538222222222222,0.0,8.428,True,True,True,False,0.0,0.0,105.5886794673152,99.31943436562261,0.0,1660.2450875713419,1865.1532014042796
2026-04-20T08:00:00Z,2026-04-20T08:15:00Z,2026-04-20,2026-04-20_41,0.0,100,100,0,29.412981863354002,26.050154534161457,0.012101187025534851,3.550857142857143,0.5399999999999999,True,True,True,False,0.0,0.0,111.14597838664757,96.70111989330613,574.4857442093083,-6.633738011650028,775.699104477612
2026-04-20T08:15:00Z,2026-04-20T08:30:00Z,2026-04-20,2026-04-20_42,0.0,100,100,0,26.050154534161457,33.618241987577605,0.02102591580400276,0.0005714285714285715,8.226857142857142,True,True,True,False,0.0,0.0,111.14597838664757,96.70111989330613,0.05592461944080984,696.8504749389899,904.7534978383844
2026-04-20T08:30:00Z,2026-04-20T08:45:00Z,2026-04-20,2026-04-20_43,0.0,100,100,0,33.618241987577605,43.547933416149036,0.027582476190476192,0.0,10.793142857142858,True,True,True,False,0.0,0.0,111.14597838664757,96.70111989330613,0.0,501.7190985937592,709.5661968737129
2026-04-20T08:45:00Z,2026-04-20T09:00:00Z,2026-04-20,2026-04-20_44,0.0,100,100,0,43.547933416149036,54.02173913043475,0.029093904761904762,0.0,11.384571428571427,True,True,True,False,0.0,0.0,111.14597838664757,96.70111989330613,0.0,1026.3508094220092,1234.197907701963
2026-04-20T09:00:00Z,2026-04-20T09:15:00Z,2026-04-20,2026-04-20_45,0.0,0,0,81,54.02173913043475,54.02173913043475,0.0,0.0,0.0,True,False,True,False,0.0,750.6325141702787,0.0,0.0,0.0,0.0,750.6325141702787
2026-04-20T09:15:00Z,2026-04-20T09:30:00Z,2026-04-20,2026-04-20_46,0.0,0,0,81,54.02173913043475,54.02173913043475,0.0,0.0,0.0,True,False,True,False,0.0,750.6325141702787,0.0,0.0,0.0,0.0,750.6325141702787
2026-04-20T09:30:00Z,2026-04-20T09:45:00Z,2026-04-20,2026-04-20_47,-19.0,0,0,81,54.02173913043475,58.39173913043475,0.01213888888888889,0.0,0.0,True,False,True,False,-350.3125,750.6325141702787,0.0,0.0,0.0,0.0,400.3200141702787
2026-04-20T09:45:00Z,2026-04-20T10:00:00Z,2026-04-20,2026-04-20_48,-19.0,0,0,81,58.39173913043475,62.76173913043475,0.01213888888888889,0.0,0.0,True,False,True,False,-276.6875,750.6325141702787,0.0,0.0,0.0,0.0,473.9450141702787
2026-04-20T10:00:00Z,2026-04-20T10:15:00Z,2026-04-20,2026-04-20_49,-3.574830483391719,0,0,81,62.76173913043475,63.58395014161484,0.002283919475500265,0.0,0.0,True,False,True,False,-67.3408692308915,750.6325141702787,0.0,0.0,0.0,0.0,683.2916449393872
2026-04-20T10:15:00Z,2026-04-20T10:30:00Z,2026-04-20,2026-04-20_50,-19.0,0,0,81,63.58395014161484,67.95395014161484,0.01213888888888889,0.0,0.0,True,False,True,False,-251.3225,750.6325141702787,0.0,0.0,0.0,0.0,499.3100141702787
2026-04-20T10:30:00Z,2026-04-20T10:45:00Z,2026-04-20,2026-04-20_51,-19.0,0,0,81,67.95395014161484,72.32395014161484,0.01213888888888889,0.0,0.0,True,False,True,False,-219.355,750.6325141702787,0.0,0.0,0.0,0.0,531.2775141702787
2026-04-20T10:45:00Z,2026-04-20T11:00:00Z,2026-04-20,2026-04-20_52,-19.0,0,0,81,72.32395014161484,76.69395014161485,0.01213888888888889,0.0,0.0,True,False,True,False,-166.3925,750.6325141702787,0.0,0.0,0.0,0.0,584.2400141702786
2026-04-20T11:00:00Z,2026-04-20T11:15:00Z,2026-04-20,2026-04-20_53,-50.000000000000014,0,0,50,76.69395014161485,88.19395014161485,0.031944444444444456,0.0,0.0,True,False,True,False,-640.3750000000001,463.353403808814,0.0,0.0,0.0,0.0,-177.02159619118612
2026-04-20T11:15:00Z,2026-04-20T11:30:00Z,2026-04-20,2026-04-20_54,-50.0,0,0,50,88.19395014161485,99.69395014161485,0.03194444444444444,0.0,0.0,True,False,True,False,-443.25,463.353403808814,0.0,0.0,0.0,0.0,20.103403808813994
2026-04-20T11:30:00Z,2026-04-20T11:45:00Z,2026-04-20,2026-04-20_55,-50.0,0,0,50,99.69395014161485,111.19395014161485,0.03194444444444444,0.0,0.0,True,False,True,False,-493.375,463.353403808814,0.0,0.0,0.0,0.0,-30.021596191186006
2026-04-20T11:45:00Z,2026-04-20T12:00:00Z,2026-04-20,2026-04-20_56,-50.0,0,0,50,111.19395014161485,122.69395014161485,0.03194444444444444,0.0,0.0,True,False,True,False,-336.375,463.353403808814,0.0,0.0,0.0,0.0,126.978403808814
2026-04-20T12:00:00Z,2026-04-20T12:15:00Z,2026-04-20,2026-04-20_57,0.0,100,100,0,122.69395014161485,122.6198532472049,0.0030826501035196687,0.5445714285714286,0.5628571428571428,True,True,True,False,0.0,0.0,111.82262145252712,104.32070920038441,51.03764399328681,-29.32824949777114,237.8527251484272
2026-04-20T12:15:00Z,2026-04-20T12:30:00Z,2026-04-20,2026-04-20_58,0.0,100,100,0,122.6198532472049,121.9198532472049,0.0019444444444444444,0.644,0.0,True,True,True,False,0.0,0.0,111.82262145252712,104.32070920038441,53.76522799929394,0.0,269.90855865220544
2026-04-20T12:30:00Z,2026-04-20T12:45:00Z,2026-04-20,2026-04-20_59,0.0,100,100,0,121.9198532472049,132.7132932472049,0.029981777777777777,0.0,11.732,True,True,True,False,0.0,0.0,111.82262145252712,104.32070920038441,0.0,936.9792276462626,1153.1225582991742
2026-04-20T12:45:00Z,2026-04-20T13:00:00Z,2026-04-20,2026-04-20_60,0.0,100,100,0,132.7132932472049,150.81258467577632,0.05027580952380953,0.0,19.673142857142857,True,True,True,False,0.0,0.0,111.82262145252712,104.32070920038441,0.0,4126.459752598002,4342.603083250913
2026-04-20T13:00:00Z,2026-04-20T13:15:00Z,2026-04-20,2026-04-20_61,0.0,100,100,0,150.81258467577632,168.48289324720488,0.04908419047619048,0.0,19.206857142857146,True,True,True,False,0.0,0.0,111.82262145252712,99.31943436562261,0.0,4408.012702845825,4619.1547586639745
2026-04-20T13:15:00Z,2026-04-20T13:30:00Z,2026-04-20,2026-04-20_62,0.0,100,100,0,168.48289324720488,169.0258298931676,0.0018359696342305038,0.05428571428571429,0.6542857142857142,True,True,True,False,0.0,0.0,111.82262145252712,99.31943436562261,5.6200359195201015,-36.75148791428627,180.01060382338355
2026-04-20T13:30:00Z,2026-04-20T13:45:00Z,2026-04-20,2026-04-20_63,0.0,100,100,0,169.0258298931676,170.40057275031046,0.003818730158730159,0.0,1.4942857142857144,True,True,True,False,0.0,0.0,111.82262145252712,99.31943436562261,0.0,-78.22001182374218,132.92204399440755
2026-04-20T13:45:00Z,2026-04-20T14:00:00Z,2026-04-20,2026-04-20_64,0.0,100,100,0,170.40057275031046,172.6838045515527,0.00647343547273982,0.021714285714285714,2.507428571428571,True,True,True,False,0.0,0.0,111.82262145252712,99.31943436562261,2.5552731928867023,-94.27679638227109,119.42053262876534
2026-04-20T14:00:00Z,2026-04-20T14:15:00Z,2026-04-20,2026-04-20_65,-63.000000000000064,100,37,0,172.6838045515527,189.99999999999991,0.05034377962732922,1.0039999999999998,4.143365714285714,True,True,True,False,-204.5925000000002,0.0,110.73410869437308,36.748190715280366,158.49798105399412,616.4551631917379,717.8429436553853
2026-04-20T14:15:00Z,2026-04-20T14:30:00Z,2026-04-20,2026-04-20_66,-63.00000000000004,100,37,0,189.99999999999991,186.65874168447198,0.03129871309868874,18.162285714285716,0.0,True,True,True,False,-1326.150000000001,0.0,110.73410869437308,36.748190715280366,9772.020005099339,0.0,8593.352304508991
2026-04-20T14:30:00Z,2026-04-20T14:45:00Z,2026-04-20,2026-04-20_67,-63.00000000000004,100,37,0,186.65874168447198,189.48414557018626,0.03439437587301587,11.881142857142859,0.0,True,True,True,False,-1396.237500000001,0.0,110.73410869437308,36.748190715280366,6166.1633090787855,0.0,4917.408108488437
2026-04-20T14:45:00Z,2026-04-20T15:00:00Z,2026-04-20,2026-04-20_68,-0.553471248029695,100,37,0,189.48414557018626,182.5559564720496,0.019768404519708342,6.4965714285714276,0.0,True,True,True,False,-15.02951174024637,0.0,110.73410869437308,36.748190715280366,1384.0715633396746,0.0,1516.5243510090818
2026-04-20T15:00:00Z,2026-04-20T15:15:00Z,2026-04-20,2026-04-20_69,0.0,100,100,0,182.5559564720496,172.75429585093158,0.0274488033126294,9.054285714285715,0.04342857142857143,True,True,True,False,0.0,0.0,108.49824465059723,99.46653068429208,7445.262765578902,-2.238104166608295,7650.989436747183
2026-04-20T15:15:00Z,2026-04-20T15:30:00Z,2026-04-20,2026-04-20_70,0.0,100,100,0,172.75429585093158,169.3753810683229,0.01149749344375431,3.4582857142857137,0.41314285714285715,True,True,True,False,0.0,0.0,108.49824465059723,99.46653068429208,747.541688889885,-6.182436083147246,949.3240281416271
2026-04-20T15:30:00Z,2026-04-20T15:45:00Z,2026-04-20,2026-04-20_71,0.0,100,100,0,169.3753810683229,175.83084342857134,0.0184183823326432,0.08057142857142857,7.112,True,True,True,False,0.0,0.0,108.49824465059723,99.46653068429208,11.045840816566686,106.82436856453607,325.83498471599205
2026-04-20T15:45:00Z,2026-04-20T16:00:00Z,2026-04-20,2026-04-20_72,0.0,100,100,0,175.83084342857134,189.17136914285706,0.03705701587301588,0.0,14.50057142857143,True,True,True,False,0.0,0.0,108.49824465059723,99.46653068429208,0.0,5721.478924880012,5929.443700214901
2026-04-20T16:00:00Z,2026-04-20T16:15:00Z,2026-04-20,2026-04-20_73,93.9999999999999,6,100,0,189.17136914285706,179.79428571428568,0.03065095873015874,0.0,15.01142857142857,True,True,True,False,2898.019999999997,0.0,6.509894679035833,99.46653068429208,0.0,2946.5820587320577,5950.578484095382
2026-04-20T16:15:00Z,2026-04-20T16:30:00Z,2026-04-20,2026-04-20_74,93.9999999999999,6,100,0,179.79428571428568,168.9777962136646,0.03423942702553485,0.0,13.674857142857144,True,True,True,False,3136.3099999999968,0.0,6.509894679035833,99.46653068429208,0.0,1065.4544734932435,4307.7408988565685
2026-04-20T16:30:00Z,2026-04-20T16:45:00Z,2026-04-20,2026-04-20_75,93.9999999999999,6,100,0,168.9777962136646,143.63496318012426,0.07051048795031048,0.18284571428571428,0.3708571428571429,True,True,True,False,3137.719999999997,0.0,6.509894679035833,99.46653068429208,32.73837327049752,-18.774301908889942,3257.6604967249327
2026-04-20T16:45:00Z,2026-04-20T17:00:00Z,2026-04-20,2026-04-20_76,92.30131456000025,6,100,0,143.63496318012426,118.30052521739127,0.07037343878536942,0.23235428571428574,0.0,True,True,True,False,3082.6331530176085,0.0,6.509894679035833,99.46653068429208,46.1548658868227,0.0,3234.7644442677592
2026-04-20T17:00:00Z,2026-04-20T17:15:00Z,2026-04-20,2026-04-20_77,0.0,100,100,0,118.30052521739127,135.08847850931673,0.048161844030365775,0.25314285714285717,18.546857142857142,True,True,True,False,0.0,0.0,108.49824465059723,99.46653068429208,46.52482419888543,15364.328930679809,15618.818530213584
2026-04-20T17:15:00Z,2026-04-20T17:30:00Z,2026-04-20,2026-04-20_78,0.0,100,100,0,135.08847850931673,132.7248571428571,0.007847773636991026,2.3868571428571426,0.25085714285714283,True,True,True,False,0.0,0.0,108.49824465059723,99.46653068429208,569.3014980289092,-13.66688528448428,763.5993880793143
2026-04-20T17:30:00Z,2026-04-20T17:45:00Z,2026-04-20,2026-04-20_79,0.0,100,100,0,132.7248571428571,124.37640993788816,0.023190131124913735,7.6805714285714295,0.0,True,True,True,False,0.0,0.0,108.49824465059723,99.46653068429208,1863.750076237921,0.0,2071.7148515728104
2026-04-20T17:45:00Z,2026-04-20T18:00:00Z,2026-04-20,2026-04-20_80,0.0,100,100,0,124.37640993788816,117.72423602484467,0.01847826086956522,6.12,0.0,True,True,True,False,0.0,0.0,108.49824465059723,99.46653068429208,1427.6859199403768,0.0,1635.6506952752661
2026-04-20T18:00:00Z,2026-04-20T18:15:00Z,2026-04-20,2026-04-20_81,0.0,100,100,0,117.72423602484467,93.61740372670803,0.06696342305037957,22.178285714285714,0.0,True,True,True,False,0.0,0.0,108.49824465059723,99.46653068429208,17200.58356073957,0.0,17408.548336074462
2026-04-20T18:15:00Z,2026-04-20T18:30:00Z,2026-04-20,2026-04-20_82,0.0,100,100,0,93.61740372670803,74.20436024844716,0.05392512077294685,17.86,0.0,True,True,True,False,0.0,0.0,108.49824465059723,99.46653068429208,10923.526565595152,0.0,11131.49134093004
2026-04-20T18:30:00Z,2026-04-20T18:45:00Z,2026-04-20,2026-04-20_83,0.0,100,100,0,74.20436024844716,68.5416273291925,0.015729813664596273,5.209714285714286,0.0,True,True,True,False,0.0,0.0,108.49824465059723,99.46653068429208,1094.055326595855,0.0,1302.0201019307442
2026-04-20T18:45:00Z,2026-04-20T19:00:00Z,2026-04-20,2026-04-20_84,0.0,100,100,0,68.5416273291925,66.24999999999994,0.010235472739820565,2.749142857142857,0.7571428571428571,True,True,True,False,0.0,0.0,108.49824465059723,99.46653068429208,532.3643673877655,-37.91104735380727,702.4180953688475
2026-04-20T19:00:00Z,2026-04-20T19:15:00Z,2026-04-20,2026-04-20_85,0.0,0,0,93,66.24999999999994,66.24999999999994,0.0,0.0,0.0,True,False,True,False,0.0,861.837331084394,0.0,0.0,0.0,0.0,861.837331084394
2026-04-20T19:15:00Z,2026-04-20T19:30:00Z,2026-04-20,2026-04-20_86,6.999999999999996,0,0,93,66.24999999999994,64.34782608695646,0.0052838164251207695,0.0,0.0,True,False,True,False,233.83499999999987,861.837331084394,0.0,0.0,0.0,0.0,1095.6723310843938
2026-04-20T19:30:00Z,2026-04-20T19:45:00Z,2026-04-20,2026-04-20_87,7.000000000000023,0,0,93,64.34782608695646,62.445652173912976,0.00528381642512079,0.0,0.0,True,False,True,False,302.050000000001,861.837331084394,0.0,0.0,0.0,0.0,1163.887331084395
2026-04-20T19:45:00Z,2026-04-20T20:00:00Z,2026-04-20,2026-04-20_88,6.999999999999996,0,0,93,62.445652173912976,60.5434782608695,0.0052838164251207695,0.0,0.0,True,False,True,False,236.23249999999987,861.837331084394,0.0,0.0,0.0,0.0,1098.0698310843939
2026-04-20T20:00:00Z,2026-04-20T20:15:00Z,2026-04-20,2026-04-20_89,100.0,0,100,0,60.5434782608695,57.242857142857076,0.009168391994478949,0.0,21.963428571428572,True,True,True,False,3431.25,0.0,0.0,99.46653068429208,0.0,8240.569674847091,11771.286205531384
2026-04-20T20:15:00Z,2026-04-20T20:30:00Z,2026-04-20,2026-04-20_90,100.0,0,100,0,57.242857142857076,41.96894409937882,0.04242753623188406,0.0,10.947999999999999,True,True,True,False,3336.0,0.0,0.0,99.46653068429208,0.0,2184.433803126287,5619.900333810579
2026-04-20T20:30:00Z,2026-04-20T20:45:00Z,2026-04-20,2026-04-20_91,100.0,0,100,0,41.96894409937882,30.360869565217328,0.03224465148378191,0.0,14.32057142857143,True,True,True,False,3079.0,0.0,0.0,99.46653068429208,0.0,3953.766332594583,7132.232863278875
2026-04-20T20:45:00Z,2026-04-20T21:00:00Z,2026-04-20,2026-04-20_92,100.0,0,100,0,30.360869565217328,22.331677018633478,0.022303312629399583,0.0,17.613142857142858,True,True,True,False,3057.0,0.0,0.0,99.46653068429208,0.0,2185.477814681053,5341.944345365345
2026-04-20T21:00:00Z,2026-04-20T21:15:00Z,2026-04-21,2026-04-20_93,-37.47171999372018,78,38,22,22.331677018633478,31.5129548322981,0.025917502928980717,0.13193142857142856,0.7560914285714286,True,True,True,False,-1212.303821096832,203.86750083351308,84.25817333150286,36.554943223048106,22.335194699136785,9.054887719760284,-856.233121289871
2026-04-20T21:15:00Z,2026-04-20T21:30:00Z,2026-04-21,2026-04-20_94,-40.0,78,38,22,31.5129548322981,40.71552989813661,0.025636138467908905,0.024960000000000003,0.029965714285714286,True,True,True,False,-1274.7,203.86750083351308,84.25817333150286,36.554943223048106,4.106526756751456,-2.2915670124928904,-948.2044228676774
2026-04-20T21:30:00Z,2026-04-20T21:45:00Z,2026-04-21,2026-04-20_95,-39.99999999999999,78,38,22,40.71552989813661,49.41806336397512,0.02566459434092477,0.5067771428571429,0.010857142857142859,True,True,True,False,-1249.3999999999999,203.86750083351308,84.25817333150286,36.554943223048106,88.95310929248046,-0.7333346408048795,-836.4996079602603
2026-04-20T21:45:00Z,2026-04-20T22:00:00Z,2026-04-21,2026-04-20_96,-40.0,78,38,22,49.41806336397512,55.10869565217388,0.02635368872325742,3.5848799999999996,0.08729142857142858,True,True,True,False,-1170.4,203.86750083351308,84.25817333150286,36.554943223048106,634.7675141226538,-1.6865774321072051,-212.63844592138946
2026-04-20T22:00:00Z,2026-04-20T22:15:00Z,2026-04-21,2026-04-21_1,0.0,0,0,83,55.10869565217388,55.10869565217388,0.0,0.0,0.0,True,False,True,False,0.0,769.1364804173448,0.0,0.0,0.0,0.0,769.1364804173448
2026-04-20T22:15:00Z,2026-04-20T22:30:00Z,2026-04-21,2026-04-21_2,0.0,0,0,83,55.10869565217388,55.10869565217388,0.0,0.0,0.0,True,False,True,False,0.0,769.1364804173448,0.0,0.0,0.0,0.0,769.1364804173448
2026-04-20T22:30:00Z,2026-04-20T22:45:00Z,2026-04-21,2026-04-21_3,0.0,0,0,83,55.10869565217388,55.10869565217388,0.0,0.0,0.0,True,False,True,False,0.0,769.1364804173448,0.0,0.0,0.0,0.0,769.1364804173448
2026-04-20T22:45:00Z,2026-04-20T23:00:00Z,2026-04-21,2026-04-21_4,0.0,0,0,83,55.10869565217388,55.10869565217388,0.0,0.0,0.0,True,False,True,False,0.0,769.1364804173448,0.0,0.0,0.0,0.0,769.1364804173448
2026-04-20T23:00:00Z,2026-04-20T23:15:00Z,2026-04-21,2026-04-21_5,0.0,0,0,83,55.10869565217388,55.10869565217388,0.0,0.0,0.0,True,False,True,False,0.0,769.1364804173448,0.0,0.0,0.0,0.0,769.1364804173448
2026-04-20T23:15:00Z,2026-04-20T23:30:00Z,2026-04-21,2026-04-21_6,0.0,0,0,83,55.10869565217388,55.10869565217388,0.0,0.0,0.0,True,False,True,False,0.0,769.1364804173448,0.0,0.0,0.0,0.0,769.1364804173448
2026-04-20T23:30:00Z,2026-04-20T23:45:00Z,2026-04-21,2026-04-21_7,-1.544658121217609e-14,0,0,83,55.10869565217388,55.10869565217388,9.86864910777917e-18,0.0,0.0,True,False,True,False,-4.1153553994540144e-13,769.1364804173448,0.0,0.0,0.0,0.0,769.1364804173444
2026-04-20T23:45:00Z,2026-04-21T00:00:00Z,2026-04-21,2026-04-21_8,-17.0,0,0,83,55.10869565217388,59.018695652173875,0.010861111111111111,0.0,0.0,True,False,True,False,-438.09,769.1364804173448,0.0,0.0,0.0,0.0,331.04648041734487
2026-04-21T00:00:00Z,2026-04-21T00:15:00Z,2026-04-21,2026-04-21_9,0.0,17,17,83,59.018695652173875,60.01491896645959,0.002767286984126984,0.0,1.0828514285714286,True,True,True,False,0.0,769.1364804173448,18.363960854301904,25.49549902920237,0.0,-4.859229154747663,808.1367111461014
2026-04-21T00:15:00Z,2026-04-21T00:30:00Z,2026-04-21,2026-04-21_10,0.0,17,17,83,60.01491896645959,60.00986399006207,0.00011383969634230507,0.02117714285714286,0.01952571428571429,True,True,True,False,0.0,769.1364804173448,18.363960854301904,25.49549902920237,3.4339043031690313,-1.221922409035002,815.2079221949831
2026-04-21T00:30:00Z,2026-04-21T00:45:00Z,2026-04-21,2026-04-21_11,0.0,17,17,83,60.00986399006207,60.01285987577636,0.00027816317460317464,0.044685714285714294,0.05605142857142857,True,True,True,False,0.0,769.1364804173448,18.363960854301904,25.49549902920237,7.823956853438978,-3.0972017191383014,817.7226954351498
2026-04-21T00:45:00Z,2026-04-21T01:00:00Z,2026-04-21,2026-04-21_12,0.0,17,17,83,60.01285987577636,57.74309590062108,0.006304899930986886,2.088182857142857,0.0,True,True,True,False,0.0,769.1364804173448,18.363960854301904,25.49549902920237,406.4218389647065,0.0,1219.4177792655557
2026-04-21T01:00:00Z,2026-04-21T01:15:00Z,2026-04-21,2026-04-21_13,-100.0,100,0,0,57.74309590062108,75.5658616149068,0.04950768253968253,5.627428571428572,0.0,True,True,True,False,-2614.25,0.0,108.0232991429524,0.0,1024.0101175883876,0.0,-1482.21658326866
2026-04-21T01:15:00Z,2026-04-21T01:30:00Z,2026-04-21,2026-04-21_14,-100.0,100,0,0,75.5658616149068,89.62241018633537,0.039045968253968256,9.721142857142857,0.0,True,True,True,False,-2590.5,0.0,108.0232991429524,0.0,1819.336413063882,0.0,-663.1402877931656
2026-04-21T01:30:00Z,2026-04-21T01:45:00Z,2026-04-21,2026-04-21_15,-100.0,100,0,0,89.62241018633537,103.15692447204965,0.03759587301587301,10.288571428571428,0.0,True,True,True,False,-2609.0,0.0,108.0232991429524,0.0,1975.0994119179763,0.0,-525.8772889390713
2026-04-21T01:45:00Z,2026-04-21T02:00:00Z,2026-04-21,2026-04-21_16,-100.0,100,0,0,103.15692447204965,104.54323304347822,0.0038508571428571437,23.493142857142857,0.0,True,True,True,False,-2635.75,0.0,108.0232991429524,0.0,7581.937400615818,0.0,5054.21069975877
2026-04-21T02:00:00Z,2026-04-21T02:15:00Z,2026-04-21,2026-04-21_17,-45.99999999999998,100,54,0,104.54323304347822,104.7284338186335,0.034069726100759146,10.290285714285714,0.0,True,True,True,False,-1184.8449999999996,0.0,108.0232991429524,80.98570279864282,2072.1316398214735,0.0,1076.2956417630692
2026-04-21T02:15:00Z,2026-04-21T02:30:00Z,2026-04-21,2026-04-21_18,-45.99999999999998,100,54,0,104.7284338186335,104.68100997763972,0.03417447828847481,10.52057142857143,0.0,True,True,True,False,-1179.8999999999994,0.0,108.0232991429524,80.98570279864282,2072.2548369256115,0.0,1081.3638388672073
2026-04-21T02:30:00Z,2026-04-21T02:45:00Z,2026-04-21,2026-04-21_19,-46.00000000000001,100,54,0,104.68100997763972,110.51904664844719,0.03152422194616977,4.694285714285714,0.0,True,True,True,False,-1226.7050000000002,0.0,108.0232991429524,80.98570279864282,854.7744751669127,0.0,-182.92152289149226
2026-04-21T02:45:00Z,2026-04-21T03:00:00Z,2026-04-21,2026-04-21_20,-45.99999999999998,100,54,0,110.51904664844719,111.25204087453415,0.033823051594202895,9.748000000000001,0.0,True,True,True,False,-1246.8299999999995,0.0,108.0232991429524,80.98570279864282,2308.9983541548177,0.0,1251.1773560964134
2026-04-21T03:00:00Z,2026-04-21T03:15:00Z,2026-04-21,2026-04-21_21,0.0,100,100,0,111.25204087453415,102.25717677515527,0.02634967011732229,8.501142857142858,0.26685714285714285,True,True,True,False,0.0,0.0,108.0232991429524,96.19721900802134,2184.521452302037,-14.111519179206718,2374.630451273804
2026-04-21T03:15:00Z,2026-04-21T03:30:00Z,2026-04-21,2026-04-21_22,0.0,100,100,0,102.25717677515527,100.30550770683229,0.005938255348516217,1.881142857142857,0.10114285714285713,True,True,True,False,0.0,0.0,108.0232991429524,96.19721900802134,361.1038714792826,-5.940548521669939,559.3838411085864
2026-04-21T03:30:00Z,2026-04-21T03:45:00Z,2026-04-21,2026-04-21_23,0.0,100,100,0,100.30550770683229,109.13698199254657,0.024531873015873017,0.0,9.599428571428572,True,True,True,False,0.0,0.0,108.0232991429524,96.19721900802134,0.0,-31.24252625916514,172.97799189180859
2026-04-21T03:45:00Z,2026-04-21T04:00:00Z,2026-04-21,2026-04-21_24,0.0,100,100,0,109.13698199254657,119.26223913540372,0.02812571428571429,0.0,11.005714285714287,True,True,True,False,0.0,0.0,108.0232991429524,96.19721900802134,0.0,-73.58583447970571,130.63468367126802
2026-04-21T04:00:00Z,2026-04-21T04:15:00Z,2026-04-21,2026-04-21_25,17.0,0,17,83,119.26223913540372,114.99534472546583,0.011852484472049687,0.0,0.32445714285714283,True,True,True,False,532.865,769.1364804173448,0.0,16.353527231363625,0.0,-8.739070421351384,1309.615937227357
2026-04-21T04:15:00Z,2026-04-21T04:30:00Z,2026-04-21,2026-04-21_26,17.0,0,17,83,114.99534472546583,111.63388509813664,0.009337387853692203,0.0,1.1574571428571427,True,True,True,False,577.2775,769.1364804173448,0.0,16.353527231363625,0.0,-2.9253662946910115,1359.8421413540175
2026-04-21T04:30:00Z,2026-04-21T04:45:00Z,2026-04-21,2026-04-21_27,17.0,0,17,83,111.63388509813664,107.9436180173913,0.010250741890959281,0.0,0.8549542857142857,True,True,True,False,587.9875,769.1364804173448,0.0,16.353527231363625,0.0,-9.431006443406561,1364.0465012053019
2026-04-21T04:45:00Z,2026-04-21T05:00:00Z,2026-04-21,2026-04-21_28,17.0,0,17,83,107.9436180173913,103.32806522236025,0.012820979986197375,0.0,0.003691428571428571,True,True,True,False,595.4675000000001,769.1364804173448,0.0,16.353527231363625,0.0,-0.21014044821992414,1380.7473672004887
2026-04-21T05:00:00Z,2026-04-21T05:15:00Z,2026-04-21,2026-04-21_29,17.0,0,17,83,103.32806522236025,99.34911491180125,0.011052639751552795,0.0,0.5893657142857143,True,True,True,False,631.89,769.1364804173448,0.0,16.353527231363625,0.0,-29.12684220294013,1388.2531654457682
2026-04-21T05:15:00Z,2026-04-21T05:30:00Z,2026-04-21,2026-04-21_30,17.0,0,17,83,99.34911491180125,94.80462422857144,0.012623585231193928,0.0,0.06906857142857142,True,True,True,False,634.4825,769.1364804173448,0.0,16.353527231363625,0.0,-3.5404331085416176,1416.4320745401667
2026-04-21T05:30:00Z,2026-04-21T05:45:00Z,2026-04-21,2026-04-21_31,17.0,0,17,83,94.80462422857144,90.22169876273294,0.01273034851621808,0.0,0.03370857142857142,True,True,True,False,589.0075,769.1364804173448,0.0,16.353527231363625,0.0,-1.9399633568024468,1372.557544291906
2026-04-21T05:45:00Z,2026-04-21T06:00:00Z,2026-04-21,2026-04-21_32,0.719237054865949,0,17,83,90.22169876273294,90.2770643478261,0.0011704787975356154,0.0,0.27054285714285714,True,True,True,False,21.744334261234805,769.1364804173448,0.0,16.353527231363625,0.0,-9.60549443997725,797.628847469966
2026-04-21T06:00:00Z,2026-04-21T06:15:00Z,2026-04-21,2026-04-21_33,0.0,100,100,0,90.2770643478261,71.98957714285716,0.05343882953761215,17.261714285714287,0.5165714285714286,True,True,True,False,0.0,0.0,109.25885975406459,96.16780089823294,8624.773614925347,-14.086598622111772,8816.113676955532
2026-04-21T06:15:00Z,2026-04-21T06:30:00Z,2026-04-21,2026-04-21_34,0.0,100,100,0,71.98957714285716,60.78736000000002,0.03531130158730159,11.00057142857143,0.8205714285714285,True,True,True,False,0.0,0.0,109.25885975406459,96.16780089823294,3717.1765570725343,-31.3522690328166,3891.2509486920153
2026-04-21T06:30:00Z,2026-04-21T06:45:00Z,2026-04-21,2026-04-21_35,0.0,100,100,0,60.78736000000002,58.048722484472066,0.007896469289164942,2.5674285714285716,0.05657142857142857,True,True,True,False,0.0,0.0,109.25885975406459,96.16780089823294,452.935709270627,-2.8849886390061714,655.4773812839184
2026-04-21T06:45:00Z,2026-04-21T07:00:00Z,2026-04-21,2026-04-21_36,0.0,100,100,0,58.048722484472066,54.07838509316772,0.015444714975845408,4.3839999999999995,0.864,True,True,True,False,0.0,0.0,109.25885975406459,96.16780089823294,878.4860546392357,-11.865448626174272,1072.0472666653588
2026-04-21T07:00:00Z,2026-04-21T07:15:00Z,2026-04-21,2026-04-21_37,0.0,19,0,81,54.07838509316772,54.07838509316772,0.0,0.0,0.0,True,True,True,False,0.0,750.6030712506619,20.7368255898331,0.0,0.0,0.0,771.3398968404949
2026-04-21T07:15:00Z,2026-04-21T07:30:00Z,2026-04-21,2026-04-21_38,0.0,19,0,81,54.07838509316772,54.021739130434796,0.00015734989648033125,0.05211428571428571,0.0,True,True,True,False,0.0,750.6030712506619,20.7368255898331,0.0,7.144263608677501,0.0,778.4841604491725
2026-04-21T07:30:00Z,2026-04-21T07:45:00Z,2026-04-21,2026-04-21_39,-19.0,19,0,81,54.021739130434796,57.53741661614908,0.009765770793650796,0.9286114285714286,0.0,True,True,True,False,-454.29,750.6030712506619,20.7368255898331,0.0,164.68214965917016,0.0,481.7320464996651
2026-04-21T07:45:00Z,2026-04-21T08:00:00Z,2026-04-21,2026-04-21_40,-19.0,19,0,81,57.53741661614908,59.93727078757765,0.006666261587301587,2.1414628571428573,0.0,True,True,True,False,-368.21999999999997,750.6030712506619,20.7368255898331,0.0,485.40090752571285,0.0,888.5208043662078
2026-04-21T08:00:00Z,2026-04-21T08:15:00Z,2026-04-21,2026-04-21_41,18.999999999999996,0,0,81,59.93727078757765,54.774227309316785,0.014341787439613523,0.0,0.0,True,False,True,False,572.3274999999999,750.6030712506619,0.0,0.0,0.0,0.0,1322.9305712506616
2026-04-21T08:15:00Z,2026-04-21T08:30:00Z,2026-04-21,2026-04-21_42,2.7691564982857226,0,0,81,54.774227309316785,54.021739130434796,0.002090244941338861,0.0,0.0,True,False,True,False,82.6454756913374,750.6030712506619,0.0,0.0,0.0,0.0,833.2485469419993
2026-04-21T08:30:00Z,2026-04-21T08:45:00Z,2026-04-21,2026-04-21_43,0.0,0,0,81,54.021739130434796,54.021739130434796,0.0,0.0,0.0,True,False,True,False,0.0,750.6030712506619,0.0,0.0,0.0,0.0,750.6030712506619
2026-04-21T08:45:00Z,2026-04-21T09:00:00Z,2026-04-21,2026-04-21_44,-19.0,0,0,81,54.021739130434796,58.39173913043479,0.01213888888888889,0.0,0.0,True,False,True,False,-155.99,750.6030712506619,0.0,0.0,0.0,0.0,594.6130712506618
2026-04-21T09:00:00Z,2026-04-21T09:15:00Z,2026-04-21,2026-04-21_45,-19.0,19,0,81,58.39173913043479,62.76173913043479,0.01213888888888889,0.0,0.0,True,True,True,False,-289.3225,750.6030712506619,20.870972170468143,0.0,0.0,0.0,482.15154342113
2026-04-21T09:15:00Z,2026-04-21T09:30:00Z,2026-04-21,2026-04-21_46,-19.0,19,0,81,62.76173913043479,67.11825455900622,0.012101431746031746,0.014657142857142858,0.0,True,True,True,False,-247.04749999999999,750.6030712506619,20.870972170468143,0.0,2.0093241399405475,0.0,526.4358675610706
2026-04-21T09:30:00Z,2026-04-21T09:45:00Z,2026-04-21,2026-04-21_47,-19.0,19,0,81,67.11825455900622,71.48825455900621,0.01213888888888889,0.0,0.0,True,True,True,False,-205.72250000000003,750.6030712506619,20.870972170468143,0.0,0.0,0.0,565.75154342113
2026-04-21T09:45:00Z,2026-04-21T10:00:00Z,2026-04-21,2026-04-21_48,-19.0,19,0,81,71.48825455900621,75.85775513043478,0.012137501587301588,0.0005428571428571429,0.0,True,True,True,False,-251.37,750.6030712506619,20.870972170468143,0.0,0.07441941259039064,0.0,520.1784628337203
2026-04-21T10:00:00Z,2026-04-21T10:15:00Z,2026-04-21,2026-04-21_49,-71.44251085311924,100,28,0,75.85775513043478,93.01960494906837,0.0476747613135764,0.0017142857142857142,0.7953600000000001,True,True,True,False,-1128.4344589250184,0.0,109.8766400596207,28.788562238914277,0.23500867133807568,-20.276540242012985,-1009.8107881971583
2026-04-21T10:15:00Z,2026-04-21T10:30:00Z,2026-04-21,2026-04-21_50,-72.0,100,28,0,93.01960494906837,109.8418028124224,0.046733158316080055,0.002857142857142857,0.288,True,True,True,False,-1059.1200000000001,0.0,109.8766400596207,28.788562238914277,0.39168111889679286,-9.150039420267115,-929.2131560028355
2026-04-21T10:30:00Z,2026-04-21T10:45:00Z,2026-04-21,2026-04-21_51,-71.99999999999997,100,28,0,109.8418028124224,126.99663801242241,0.04765231999999999,0.0,0.6465600000000001,True,True,True,False,-1018.6199999999997,0.0,109.8766400596207,28.788562238914277,0.0,-19.100966686932477,-899.0557643883972
2026-04-21T10:45:00Z,2026-04-21T11:00:00Z,2026-04-21,2026-04-21_52,-72.0,100,28,0,126.99663801242241,135.25600457142863,0.037644134161490685,8.694857142857144,0.11423999999999998,True,True,True,False,-978.66,0.0,109.8766400596207,28.788562238914277,5010.798305292738,-5.804733601364998,4164.998773989909
2026-04-21T11:00:00Z,2026-04-21T11:15:00Z,2026-04-21,2026-04-21_53,-19.0,0,0,81,135.25600457142863,139.62600457142864,0.01213888888888889,0.0,0.0,True,False,True,False,-217.7875,750.6030712506619,0.0,0.0,0.0,0.0,532.8155712506618
2026-04-21T11:15:00Z,2026-04-21T11:30:00Z,2026-04-21,2026-04-21_54,-19.00000000000004,0,0,81,139.62600457142864,143.99600457142864,0.012138888888888914,0.0,0.0,True,False,True,False,-239.9225000000005,750.6030712506619,0.0,0.0,0.0,0.0,510.6805712506614
2026-04-21T11:30:00Z,2026-04-21T11:45:00Z,2026-04-21,2026-04-21_55,-19.0,0,0,81,143.99600457142864,148.36600457142865,0.01213888888888889,0.0,0.0,True,False,True,False,-241.29999999999998,750.6030712506619,0.0,0.0,0.0,0.0,509.3030712506619
2026-04-21T11:45:00Z,2026-04-21T12:00:00Z,2026-04-21,2026-04-21_56,-18.999999999999915,0,0,81,148.36600457142865,152.73600457142862,0.012138888888888835,0.0,0.0,True,False,True,False,-241.6324999999989,750.6030712506619,0.0,0.0,0.0,0.0,508.97057125066294
2026-04-21T12:00:00Z,2026-04-21T12:15:00Z,2026-04-21,2026-04-21_57,0.0,19,19,81,152.73600457142862,152.52958385093172,0.0005955877156659765,0.19358285714285714,0.004342857142857143,True,True,True,False,0.0,750.6030712506619,20.876561611327933,19.535095804977544,27.26701616987417,-0.3057903245237768,817.9759545123177
2026-04-21T12:15:00Z,2026-04-21T12:30:00Z,2026-04-21,2026-04-21_58,0.0,19,19,81,152.52958385093172,151.75884472049694,0.002140942028985507,0.7090799999999999,0.0,True,True,True,False,0.0,750.6030712506619,20.876561611327933,19.535095804977544,113.68795940300846,0.0,904.7026880699758
2026-04-21T12:30:00Z,2026-04-21T12:45:00Z,2026-04-21,2026-04-21_59,0.0,19,19,81,151.75884472049694,151.55780706583855,0.000578415072463768,0.18826285714285712,0.003908571428571428,True,True,True,False,0.0,750.6030712506619,20.876561611327933,19.535095804977544,27.159563545078345,-0.23854634865223026,817.9357458633934
2026-04-21T12:45:00Z,2026-04-21T13:00:00Z,2026-04-21,2026-04-21_60,0.0,19,19,81,151.55780706583855,150.8347449540373,0.0020085058661145614,0.6652171428571428,0.0,True,True,True,False,0.0,750.6030712506619,20.876561611327933,19.535095804977544,106.86892329830243,0.0,897.8836519652698
2026-04-21T13:00:00Z,2026-04-21T13:15:00Z,2026-04-21,2026-04-21_61,19.0,0,10,81,150.8347449540373,145.69760209689443,0.01426984126984127,0.0,0.023828571428571428,True,True,True,False,543.9225,750.6030712506619,0.0,9.616780089823294,0.0,-1.341230461472082,1302.801120879013
2026-04-21T13:15:00Z,2026-04-21T13:30:00Z,2026-04-21,2026-04-21_62,-8.252088722212855,0,10,81,145.69760209689443,147.60961907443198,0.005311158270937579,0.0,0.015257142857142858,True,True,True,False,-135.85001058942913,750.6030712506619,0.0,9.616780089823294,0.0,-0.93675128809295,623.433089462963
2026-04-21T13:30:00Z,2026-04-21T13:45:00Z,2026-04-21,2026-04-21_63,-9.0,0,10,81,147.60961907443198,149.6966522172891,0.005797314285714285,0.0,0.018514285714285716,True,True,True,False,-113.28750000000001,750.6030712506619,0.0,9.616780089823294,0.0,-1.16734515847956,645.7650061820055
2026-04-21T13:45:00Z,2026-04-21T14:00:00Z,2026-04-21,2026-04-21_64,-9.0,0,10,81,149.6966522172891,151.770227074432,0.005759930158730159,0.0,0.003885714285714286,True,True,True,False,-148.14000000000001,750.6030712506619,0.0,9.616780089823294,0.0,-0.30528717958775425,611.7745641608974
2026-04-21T14:00:00Z,2026-04-21T14:15:00Z,2026-04-21,2026-04-21_65,0.0,0,17,83,151.770227074432,151.814644674432,0.00012338222222222224,0.0,0.04828,True,True,True,False,0.0,769.1364804173448,0.0,16.3485261526996,0.0,-3.5118399890172394,781.9731665810272
2026-04-21T14:15:00Z,2026-04-21T14:30:00Z,2026-04-21,2026-04-21_66,0.022065680933869933,0,17,83,151.814644674432,151.8140121142858,3.150892022878247e-05,0.0,0.005828571428571429,True,True,True,False,0.4650893898836435,769.1364804173448,0.0,16.3485261526996,0.0,-0.4583845815484011,785.4917113783797
2026-04-21T14:30:00Z,2026-04-21T14:45:00Z,2026-04-21,2026-04-21_67,0.0,0,17,83,151.8140121142858,151.82000000000008,1.663301587301588e-05,0.0,0.0065085714285714295,True,True,True,False,0.0,769.1364804173448,0.0,16.3485261526996,0.0,-0.511862782729048,784.9731437873154
2026-04-21T14:45:00Z,2026-04-21T15:00:00Z,2026-04-21,2026-04-21_68,17.0,0,17,83,151.82000000000008,147.27920496894419,0.012613319530710836,0.0,0.07246857142857142,True,True,True,False,674.7725,769.1364804173448,0.0,16.3485261526996,0.0,-5.02572790433791,1455.2317786657065
2026-04-21T15:00:00Z,2026-04-21T15:15:00Z,2026-04-21,2026-04-21_69,-17.0,4,0,83,147.27920496894419,151.14925068322992,0.010750126984126987,0.04342857142857143,0.0,True,True,True,False,-279.82,769.1364804173448,4.320931965718096,0.0,7.772623226858453,0.0,501.4100356099214
2026-04-21T15:15:00Z,2026-04-21T15:30:00Z,2026-04-21,2026-04-21_70,-3.2107312901418004,4,0,83,151.14925068322992,151.8200000000001,0.001947865990992039,0.07106285714285714,0.0,True,True,True,False,-91.18476864002713,769.1364804173448,4.320931965718096,0.0,12.67648817027762,0.0,694.9491319133134
2026-04-21T15:30:00Z,2026-04-21T15:45:00Z,2026-04-21,2026-04-21_71,0.0,4,0,83,151.8200000000001,151.7488198757765,0.00019772256728778467,0.06548571428571429,0.0,True,True,True,False,0.0,769.1364804173448,4.320931965718096,0.0,12.476050240528068,0.0,785.933462623591
2026-04-21T15:45:00Z,2026-04-21T16:00:00Z,2026-04-21,2026-04-21_72,12.999999999999797,4,0,83,151.7488198757765,147.97233540372687,0.010490234644582317,0.2243657142857143,0.0,True,True,True,False,614.5424999999905,769.1364804173448,4.320931965718096,0.0,44.979233531041714,0.0,1432.9791459140952
2026-04-21T16:00:00Z,2026-04-21T16:15:00Z,2026-04-21,2026-04-21_73,-16.728976505535922,0,0,83,147.97233540372687,151.82000000000014,0.010687957211870174,0.0,0.0,True,False,True,False,-537.2092580340222,769.1364804173448,0.0,0.0,0.0,0.0,231.9272223833226
2026-04-21T16:15:00Z,2026-04-21T16:30:00Z,2026-04-21,2026-04-21_74,0.0,0,0,83,151.82000000000014,151.82000000000014,0.0,0.0,0.0,True,False,True,False,0.0,769.1364804173448,0.0,0.0,0.0,0.0,769.1364804173448
2026-04-21T16:30:00Z,2026-04-21T16:45:00Z,2026-04-21,2026-04-21_75,17.0,0,0,83,151.82000000000014,147.20043478260882,0.012832125603864732,0.0,0.0,True,False,True,False,822.2475,769.1364804173448,0.0,0.0,0.0,0.0,1591.383980417345
2026-04-21T16:45:00Z,2026-04-21T17:00:00Z,2026-04-21,2026-04-21_76,17.0,0,0,83,147.20043478260882,142.5808695652175,0.012832125603864732,0.0,0.0,True,False,True,False,1000.535,769.1364804173448,0.0,0.0,0.0,0.0,1769.6714804173448
2026-04-21T17:00:00Z,2026-04-21T17:15:00Z,2026-04-21,2026-04-21_77,-100.0,0,0,0,142.5808695652175,165.5808695652175,0.06388888888888888,0.0,0.0,True,False,True,False,-3516.7499999999995,0.0,0.0,0.0,0.0,0.0,-3516.7499999999995
2026-04-21T17:15:00Z,2026-04-21T17:30:00Z,2026-04-21,2026-04-21_78,0.25090282589918267,0,0,0,165.5808695652175,165.51268944948404,0.00018938921037075986,0.0,0.0,True,False,True,False,10.493383436168566,0.0,0.0,0.0,0.0,0.0,10.493383436168566
2026-04-21T17:30:00Z,2026-04-21T17:45:00Z,2026-04-21,2026-04-21_79,100.0,0,0,0,165.51268944948404,138.3387764060058,0.0754830917874396,0.0,0.0,True,False,True,False,5079.75,0.0,0.0,0.0,0.0,0.0,5079.75
2026-04-21T17:45:00Z,2026-04-21T18:00:00Z,2026-04-21,2026-04-21_80,100.0,0,0,0,138.3387764060058,111.16486336252754,0.0754830917874396,0.0,0.0,True,False,True,False,8200.25,0.0,0.0,0.0,0.0,0.0,8200.25
2026-04-21T18:00:00Z,2026-04-21T18:15:00Z,2026-04-21,2026-04-21_81,27.000000000000014,0,27,73,111.16486336252754,103.84450932526045,0.020334316770186347,0.0,0.015274285714285714,True,True,True,False,1677.375000000001,676.4694345839298,0.0,25.97324913216576,0.0,-1.1993020814013104,2378.618381634695
2026-04-21T18:15:00Z,2026-04-21T18:30:00Z,2026-04-21,2026-04-21_82,27.000000000000014,0,27,73,103.84450932526045,96.50788820724803,0.020379503105590075,0.0,0.00030857142857142856,True,True,True,False,1338.2550000000006,676.4694345839298,0.0,25.97324913216576,0.0,-0.02432793627757247,2040.6733557798186
2026-04-21T18:30:00Z,2026-04-21T18:45:00Z,2026-04-21,2026-04-21_83,27.000000000000014,0,27,73,96.50788820724803,89.22208075383188,0.020238354037267092,0.0,0.04705714285714285,True,True,True,False,1242.8100000000006,676.4694345839298,0.0,25.97324913216576,0.0,-3.710010282329802,1941.5426734337664
2026-04-21T18:45:00Z,2026-04-21T19:00:00Z,2026-04-21,2026-04-21_84,0.0,0,27,73,89.22208075383188,89.63144395383188,0.00113712,0.0,0.44495999999999997,True,True,True,False,0.0,676.4694345839298,0.0,25.97324913216576,0.0,-25.425263456824016,677.0174202592715
2026-04-21T19:00:00Z,2026-04-21T19:15:00Z,2026-04-21,2026-04-21_85,0.0,100,100,0,89.63144395383188,67.00998805321076,0.06368436162870945,20.951999999999998,0.1657142857142857,True,True,True,False,0.0,0.0,108.0232991429524,96.19721900802134,18975.598813861812,-9.535404555044083,19170.28392745774
2026-04-21T19:15:00Z,2026-04-21T19:30:00Z,2026-04-21,2026-04-21_86,0.0,100,100,0,67.00998805321076,44.971478736440574,0.06121808143547274,20.275428571428574,0.0,True,True,True,False,0.0,0.0,108.0232991429524,96.19721900802134,18922.97648579666,0.0,19127.197003947633
2026-04-21T19:30:00Z,2026-04-21T19:45:00Z,2026-04-21,2026-04-21_87,0.0,100,100,0,44.971478736440574,34.028000475571005,0.030398550724637687,10.068000000000001,0.0,True,True,True,False,0.0,0.0,108.0232991429524,96.19721900802134,2667.3437188413186,0.0,2871.5642369922925
2026-04-21T19:45:00Z,2026-04-21T20:00:00Z,2026-04-21,2026-04-21_88,0.0,100,100,0,34.028000475571005,20.64889289793125,0.03741828295376122,12.350857142857144,0.04971428571428571,True,True,True,False,0.0,0.0,108.0232991429524,96.19721900802134,4651.297095900237,-3.10969492019287,4852.4079191310175
2026-04-21T20:00:00Z,2026-04-21T20:15:00Z,2026-04-21,2026-04-21_89,-1.0,100,99,0,20.64889289793125,13.56362752650268,0.02141156444444444,6.873714285714286,0.15726857142857145,True,True,True,False,-33.8725,0.0,108.0232991429524,95.23524681794112,1596.2724946276926,-8.703547292833468,1756.9549932957527
2026-04-21T20:15:00Z,2026-04-21T20:30:00Z,2026-04-21,2026-04-21_90,-0.9916568268278848,100,99,0,13.56362752650268,10.19707768447212,0.010685875446072964,3.351428571428572,0.04638857142857143,True,True,True,False,-33.936975756117285,0.0,108.0232991429524,95.23524681794112,678.1231761472362,-3.6663975143098093,843.7783488377027
2026-04-21T20:30:00Z,2026-04-21T20:45:00Z,2026-04-21,2026-04-21_91,-3.2280941205133623e-15,100,99,0,10.19707768447212,10.000000000000071,0.001409083726708076,0.32399999999999995,0.16858285714285712,True,True,True,False,-1.0505025291680609e-13,0.0,108.0232991429524,95.23524681794112,56.21551550334385,-11.835515722999075,247.63854574123818
2026-04-21T20:45:00Z,2026-04-21T21:00:00Z,2026-04-21,2026-04-21_92,0.0,100,99,0,10.000000000000071,10.435859577639823,0.0044853932367149765,0.5422857142857143,1.1144571428571428,True,True,True,False,0.0,0.0,108.0232991429524,95.23524681794112,95.35035377378314,-64.36744606539786,234.2414536692788
2026-04-21T21:00:00Z,2026-04-21T21:15:00Z,2026-04-22,2026-04-21_93,-91.00000000000009,100,9,0,10.435859577639823,27.264167592546674,0.04913070376811597,4.389142857142858,0.0024685714285714285,True,True,True,False,-2879.240000000003,0.0,107.93716168510238,8.538773829136268,795.9879464075583,-0.1482701812191104,-1966.924388259425
2026-04-21T21:15:00Z,2026-04-21T21:30:00Z,2026-04-22,2026-04-21_94,0.0,100,9,0,27.264167592546674,25.67758958509326,0.004409263988957902,1.46,0.00041142857142857143,True,True,True,False,0.0,0.0,107.93716168510238,8.538773829136268,256.5775045108653,-0.03227650203409206,373.02116352306984
2026-04-21T21:30:00Z,2026-04-21T21:45:00Z,2026-04-22,2026-04-21_95,-41.50704244271817,100,9,0,25.67758958509326,35.17780836770187,0.02656105981340104,0.04857142857142858,0.0032914285714285715,True,True,True,False,-1277.0679283563313,0.0,107.93716168510238,8.538773829136268,7.665222629414205,-0.2582120162727365,-1153.1849822289512
2026-04-21T21:45:00Z,2026-04-21T22:00:00Z,2026-04-22,2026-04-21_96,-91.0,100,9,0,35.17780836770187,55.40487203975155,0.05660740599033816,0.7748571428571429,0.023451428571428574,True,True,True,False,-2698.605,0.0,107.93716168510238,8.538773829136268,135.86290555761022,-1.3919260868103422,-2447.6580850149617
2026-04-21T22:00:00Z,2026-04-21T22:15:00Z,2026-04-22,2026-04-22_1,-5.0,17,12,83,55.40487203975155,56.14805908074534,0.0037629591718426505,0.39848000000000006,0.007337142857142858,True,True,True,False,-148.375,769.1515650741351,18.349317486467402,11.385031772181689,70.28332845375382,-0.5567698214705983,720.2374729650674
2026-04-21T22:15:00Z,2026-04-21T22:30:00Z,2026-04-22,2026-04-22_2,-5.0,17,12,83,56.14805908074534,56.193073242236025,0.0046633416149068335,1.0646857142857145,0.0,True,True,True,False,-149.5,769.1515650741351,18.349317486467402,11.385031772181689,206.14723437447472,0.0,855.5331487072589
2026-04-21T22:30:00Z,2026-04-21T22:45:00Z,2026-04-22,2026-04-22_3,-3.663650752243882,17,12,83,56.193073242236025,55.85896821863353,0.0043760975510571554,1.1196685714285715,0.0,True,True,True,False,-114.04944791735204,769.1515650741351,18.349317486467402,11.385031772181689,203.67897395017314,0.0,888.5154403656053
2026-04-21T22:45:00Z,2026-04-21T23:00:00Z,2026-04-22,2026-04-22_4,-5.0,17,12,83,55.85896821863353,56.328837336645954,0.00409856673567978,0.6553257142857143,0.0,True,True,True,False,-143.475,769.1515650741351,18.349317486467402,11.385031772181689,117.93690776541258,0.0,773.3478220981967
2026-04-21T23:00:00Z,2026-04-21T23:15:00Z,2026-04-22,2026-04-22_5,-17.0,17,0,83,56.328837336645954,59.612075508074525,0.00912010603174603,0.6812628571428572,0.0,True,True,True,False,-499.7575,769.1515650741351,18.349317486467402,0.0,120.20599054343322,0.0,407.9493731040357
2026-04-21T23:15:00Z,2026-04-21T23:30:00Z,2026-04-22,2026-04-22_6,-17.0,17,0,83,59.612075508074525,61.71882819378881,0.005852090793650794,1.9600514285714283,0.0,True,True,True,False,-484.84,769.1515650741351,18.349317486467402,0.0,407.1742750260566,0.0,709.8351575866591
2026-04-21T23:30:00Z,2026-04-21T23:45:00Z,2026-04-22,2026-04-22_7,-17.0,17,0,83,61.71882819378881,63.73040030807452,0.005587700317460317,2.0635085714285717,0.0,True,True,True,False,-480.335,769.1515650741351,18.349317486467402,0.0,420.6302850127202,0.0,727.7961675733227
2026-04-21T23:45:00Z,2026-04-22T00:00:00Z,2026-04-22,2026-04-22_8,-17.0,17,0,83,63.73040030807452,67.16235253664595,0.009533200634920636,0.5196171428571429,0.0,True,True,True,False,-496.995,769.1515650741351,18.349317486467402,0.0,91.62170570554417,0.0,382.12758826614663
2026-04-22T00:00:00Z,2026-04-22T00:15:00Z,2026-04-22,2026-04-22_9,-17.0,17,0,83,67.16235253664595,70.9705584795031,0.010578349841269841,0.11064571428571429,0.0,True,True,True,False,-479.7825,769.1515650741351,18.349317486467402,0.0,19.376541014692535,0.0,327.094923575295
2026-04-22T00:15:00Z,2026-04-22T00:30:00Z,2026-04-22,2026-04-22_10,-17.0,17,0,83,70.9705584795031,74.43030522236025,0.009610407619047618,0.48940571428571433,0.0,True,True,True,False,-478.635,769.1515650741351,18.349317486467402,0.0,86.32643404498539,0.0,395.1923166055879
2026-04-22T00:30:00Z,2026-04-22T00:45:00Z,2026-04-22,2026-04-22_11,-17.0,17,0,83,74.43030522236025,77.68753630807453,0.009047864126984127,0.7095314285714287,0.0,True,True,True,False,-483.1825,769.1515650741351,18.349317486467402,0.0,125.19372294657568,0.0,429.51210550717815
2026-04-22T00:45:00Z,2026-04-22T01:00:00Z,2026-04-22,2026-04-22_12,-17.0,17,0,83,77.68753630807453,81.2560480795031,0.0099125326984127,0.37118285714285715,0.0,True,True,True,False,-481.27,769.1515650741351,18.349317486467402,0.0,65.35586068766881,0.0,371.5867432482713
2026-04-22T01:00:00Z,2026-04-22T01:15:00Z,2026-04-22,2026-04-22_13,-7.0,17,10,83,81.2560480795031,82.3437937689441,0.0048434619737750175,0.5129142857142857,0.0,True,True,True,False,-195.79,769.1515650741351,18.349317486467402,14.785831960461284,90.48207161348887,0.0,696.9787861345526
2026-04-22T01:15:00Z,2026-04-22T01:30:00Z,2026-04-22,2026-04-22_14,-7.0,17,10,83,82.3437937689441,83.79890411925466,0.004582690931677019,0.15222285714285713,0.00011428571428571428,True,True,True,False,-197.38250000000002,769.1515650741351,18.349317486467402,14.785831960461284,26.652583862869694,-0.008965695009470016,631.547832688924
2026-04-22T01:30:00Z,2026-04-22T01:45:00Z,2026-04-22,2026-04-22_15,-7.0,17,10,83,83.79890411925466,85.38955557763975,0.004494045631469979,0.021274285714285714,0.0025142857142857137,True,True,True,False,-198.24,769.1515650741351,18.349317486467402,14.785831960461284,3.4586444272601957,-0.1972452902083403,607.3081136581156
2026-04-22T01:45:00Z,2026-04-22T02:00:00Z,2026-04-22,2026-04-22_16,-7.0,17,10,83,85.38955557763975,86.81719960248448,0.004604049137336094,0.17971428571428572,0.0006857142857142857,True,True,True,False,-203.0525,769.1515650741351,18.349317486467402,14.785831960461284,31.565784386242143,-0.0537941700568201,630.7462047372491
2026-04-22T02:00:00Z,2026-04-22T02:15:00Z,2026-04-22,2026-04-22_17,0.0,17,17,83,86.81719960248448,86.77994523229813,0.0001546246790890269,0.04274285714285714,0.010005714285714284,True,True,True,False,0.0,769.1515650741351,18.349317486467402,25.135914332784182,7.285390399982069,-0.6790160923018301,819.243171201067
2026-04-22T02:15:00Z,2026-04-22T02:30:00Z,2026-04-22,2026-04-22_18,0.0,17,17,83,86.77994523229813,86.52996658881987,0.0007281476604554865,0.23557142857142854,0.006605714285714286,True,True,True,False,0.0,769.1515650741351,18.349317486467402,25.135914332784182,41.39982589741003,-0.4626046957827612,853.5740180950139
2026-04-22T02:30:00Z,2026-04-22T02:45:00Z,2026-04-22,2026-04-22_19,0.0,17,17,83,86.52996658881987,85.14198522236025,0.0038555037957211866,1.2769428571428572,0.0,True,True,True,False,0.0,769.1515650741351,18.349317486467402,25.135914332784182,235.5226784341414,0.0,1048.159475327528
2026-04-22T02:45:00Z,2026-04-22T03:00:00Z,2026-04-22,2026-04-22_20,0.0,17,17,83,85.14198522236025,84.50918398012422,0.0017577812284334028,0.582177142857143,0.0,True,True,True,False,0.0,769.1515650741351,18.349317486467402,25.135914332784182,102.67831367940919,0.0,915.3151105727959
2026-04-22T03:00:00Z,2026-04-22T03:15:00Z,2026-04-22,2026-04-22_21,0.0,17,17,83,84.50918398012422,84.37516637018634,0.0013136501863354037,0.2791885714285714,0.18418285714285712,True,True,True,False,0.0,769.1515650741351,18.349317486467402,16.12879501059073,53.256966708133,-6.390012332313486,850.4966319470127
2026-04-22T03:15:00Z,2026-04-22T03:30:00Z,2026-04-22,2026-04-22_22,0.0,17,17,83,84.37516637018634,84.20219396770186,0.00048743000690131124,0.16028571428571428,0.00136,True,True,True,False,0.0,769.1515650741351,18.349317486467402,16.12879501059073,28.042801163298925,-0.10669177061269321,831.5657869638794
2026-04-22T03:30:00Z,2026-04-22T03:45:00Z,2026-04-22,2026-04-22_23,0.0,17,17,83,84.20219396770186,84.11483854906832,0.00024364695652173913,0.08053142857142857,0.0001942857142857143,True,True,True,False,0.0,769.1515650741351,18.349317486467402,16.12879501059073,13.873745020116779,-0.01524168151609903,817.4881809097939
2026-04-22T03:45:00Z,2026-04-22T04:00:00Z,2026-04-22,2026-04-22_24,0.0,17,17,83,84.11483854906832,83.97058731925465,0.0004205581780538303,0.136,0.0038857142857142857,True,True,True,False,0.0,769.1515650741351,18.349317486467402,16.12879501059073,23.807495096885543,-0.2836476930146029,827.1535249750641
2026-04-22T04:00:00Z,2026-04-22T04:15:00Z,2026-04-22,2026-04-22_25,0.0,0,17,83,83.97058731925465,84.66267966211178,0.0019224787301587304,0.0,0.7522742857142858,True,True,True,False,0.0,769.1515650741351,0.0,16.12879501059073,0.0,32.641633908258534,817.9219939929843
2026-04-22T04:15:00Z,2026-04-22T04:30:00Z,2026-04-22,2026-04-22_26,17.0,0,17,83,84.66267966211178,80.04353680496894,0.01283095238095238,0.0,0.0003885714285714286,True,True,True,False,625.7275,769.1515650741351,0.0,16.12879501059073,0.0,-0.03048336303219806,1410.9773767216936
2026-04-22T04:30:00Z,2026-04-22T04:45:00Z,2026-04-22,2026-04-22_27,17.0,0,17,83,80.04353680496894,75.42428835776397,0.012831245686680467,0.0,0.0002914285714285714,True,True,True,False,649.485,769.1515650741351,0.0,16.12879501059073,0.0,-0.02286252227414854,1434.7424975624517
2026-04-22T04:45:00Z,2026-04-22T05:00:00Z,2026-04-22,2026-04-22_28,17.0,0,17,83,75.42428835776397,70.8264746931677,0.012771704623878536,0.0,0.02001142857142857,True,True,True,False,677.96,769.1515650741351,0.0,16.12879501059073,0.0,-1.260047300765446,1461.9803127839605
2026-04-22T05:00:00Z,2026-04-22T05:15:00Z,2026-04-22,2026-04-22_29,59.0,0,59,41,70.8264746931677,55.03976040745341,0.04385198412698413,0.0,0.22622285714285717,True,True,True,False,2327.1075,379.9423393739703,0.0,55.976406213226646,0.0,-12.90350544105616,2750.122740146141
2026-04-22T05:15:00Z,2026-04-22T05:30:00Z,2026-04-22,2026-04-22_30,59.0,0,59,41,55.03976040745341,42.02458028322981,0.03615327812284334,0.0,2.7760342857142857,True,True,True,False,2148.9275,379.9423393739703,0.0,55.976406213226646,0.0,91.50220173262056,2676.3484473198173
2026-04-22T05:30:00Z,2026-04-22T05:45:00Z,2026-04-22,2026-04-22_31,59.0,0,59,41,42.02458028322981,32.41087841987577,0.02670472739820566,0.0,5.905394285714285,True,True,True,False,1956.2925,379.9423393739703,0.0,55.976406213226646,0.0,226.77302419168655,2618.9842697788836
2026-04-22T05:45:00Z,2026-04-22T06:00:00Z,2026-04-22,2026-04-22_32,0.0,0,59,41,32.41087841987577,33.692196591304345,0.003559217142857143,0.0,1.392737142857143,True,True,True,False,0.0,379.9423393739703,0.0,55.976406213226646,0.0,-36.906660205762705,399.01208538143425
2026-04-22T06:00:00Z,2026-04-22T06:15:00Z,2026-04-22,2026-04-22_33,0.0,66,66,34,33.692196591304345,33.75799260621118,0.0013419799585921326,0.1919657142857143,0.29832000000000003,True,True,True,False,0.0,315.07413509060956,72.18992704165686,62.6176747469993,30.782922872608683,-11.235795575429515,469.4288641764449
2026-04-22T06:15:00Z,2026-04-22T06:30:00Z,2026-04-22,2026-04-22_34,0.0,66,66,34,33.75799260621118,34.97273957763976,0.003374297142857143,0.0,1.320377142857143,True,True,True,False,0.0,315.07413509060956,72.18992704165686,62.6176747469993,0.0,-43.91986431765458,405.96187256161113
2026-04-22T06:30:00Z,2026-04-22T06:45:00Z,2026-04-22,2026-04-22_35,0.0,66,66,34,34.97273957763976,31.427354037267087,0.01003141697722567,3.2920799999999995,0.03582857142857143,True,True,True,False,0.0,315.07413509060956,72.18992704165686,62.6176747469993,635.0251091550953,-1.796804121978281,1083.1100419123827
2026-04-22T06:45:00Z,2026-04-22T07:00:00Z,2026-04-22,2026-04-22_36,0.0,66,66,34,31.427354037267087,28.478260869565222,0.008191925465838508,2.713165714285714,0.0,True,True,True,False,0.0,315.07413509060956,72.18992704165686,62.6176747469993,474.38362639948895,0.0,924.2653632787546
2026-04-22T07:00:00Z,2026-04-22T07:15:00Z,2026-04-22,2026-04-22_37,0.0,100,0,0,28.478260869565222,15.759006211180129,0.03533126293995859,11.701714285714287,0.0,True,True,True,False,0.0,0.0,109.34925864909391,0.0,4553.602728709277,0.0,4662.95198735837
2026-04-22T07:15:00Z,2026-04-22T07:30:00Z,2026-04-22,2026-04-22_38,8.86405984844236e-15,100,0,0,15.759006211180129,11.690062111801245,0.01130262249827468,3.7434285714285718,0.0,True,True,True,False,2.305763568076069e-13,0.0,109.34925864909391,0.0,591.4871168566274,0.0,700.8363755057215
2026-04-22T07:30:00Z,2026-04-22T07:45:00Z,2026-04-22,2026-04-22_39,-0.12414796282316486,100,0,0,11.690062111801245,10.37166807453416,0.0038129745710364454,1.2394285714285715,0.0,True,True,True,False,-2.9454104179795864,0.0,109.34925864909391,0.0,194.17228120902402,0.0,300.57612944013835
2026-04-22T07:45:00Z,2026-04-22T08:00:00Z,2026-04-22,2026-04-22_40,-100.0,100,0,0,10.37166807453416,33.36956521739131,0.06388304761904763,0.002285714285714286,0.0,True,True,True,False,-998.7500000000001,0.0,109.34925864909391,0.0,0.31335104058097707,0.0,-889.0873903103252
2026-04-22T08:00:00Z,2026-04-22T08:15:00Z,2026-04-22,2026-04-22_41,-5.2295945351943376e-14,0,0,43,33.36956521739131,33.369565217391326,3.3411298419297155e-17,0.0,0.0,True,False,True,False,-1.15456373350753e-12,398.47611202635915,0.0,0.0,0.0,0.0,398.476112026358
2026-04-22T08:15:00Z,2026-04-22T08:30:00Z,2026-04-22,2026-04-22_42,-57.0,0,0,43,33.369565217391326,46.479565217391325,0.03641666666666667,0.0,0.0,True,False,True,False,-616.8824999999999,398.47611202635915,0.0,0.0,0.0,0.0,-218.4063879736408
2026-04-22T08:30:00Z,2026-04-22T08:45:00Z,2026-04-22,2026-04-22_43,-57.0,0,0,43,46.479565217391325,59.589565217391325,0.03641666666666667,0.0,0.0,True,False,True,False,-194.37,398.47611202635915,0.0,0.0,0.0,0.0,204.10611202635914
2026-04-22T08:45:00Z,2026-04-22T09:00:00Z,2026-04-22,2026-04-22_44,-57.0,0,0,43,59.589565217391325,72.69956521739132,0.03641666666666667,0.0,0.0,True,False,True,False,-199.5,398.47611202635915,0.0,0.0,0.0,0.0,198.97611202635915
2026-04-22T09:00:00Z,2026-04-22T09:15:00Z,2026-04-22,2026-04-22_45,-100.0,100,0,0,72.69956521739132,95.64489093167704,0.06373701587301588,0.05942857142857143,0.0,True,True,True,False,-374.75,0.0,108.90797834784657,0.0,5.82770175615551,0.0,-260.0143198959979
2026-04-22T09:15:00Z,2026-04-22T09:30:00Z,2026-04-22,2026-04-22_46,-100.0,100,0,0,95.64489093167704,118.64226236024847,0.0638815873015873,0.002857142857142857,0.0,True,True,True,False,-340.75,0.0,108.90797834784657,0.0,0.280177969045938,0.0,-231.5618436831075
2026-04-22T09:30:00Z,2026-04-22T09:45:00Z,2026-04-22,2026-04-22_47,-100.0,100,0,0,118.64226236024847,134.05988521739133,0.04282673015873017,8.241714285714286,0.0,True,True,True,False,-319.5,0.0,108.90797834784657,0.0,1151.8906182967423,0.0,941.2985966445889
2026-04-22T09:45:00Z,2026-04-22T10:00:00Z,2026-04-22,2026-04-22_48,0.0,100,0,0,134.05988521739133,122.90895354037269,0.030974810213940652,10.258857142857144,0.0,True,True,True,False,0.0,0.0,108.90797834784657,0.0,1577.0085496867614,0.0,1685.916528034608
2026-04-22T10:00:00Z,2026-04-22T10:15:00Z,2026-04-22,2026-04-22_49,0.0,19,19,81,122.90895354037269,122.49333606956525,0.0012332917046238784,0.39541714285714286,0.015417142857142855,True,True,True,False,0.0,750.6177924217463,20.69251588609085,19.004471640385976,57.30803265306123,-0.914406381333423,846.708406219951
2026-04-22T10:15:00Z,2026-04-22T10:30:00Z,2026-04-22,2026-04-22_50,0.0,19,19,81,122.49333606956525,121.9794922335404,0.0014351128778467906,0.47402285714285713,0.00152,True,True,True,False,0.0,750.6177924217463,20.69251588609085,19.004471640385976,71.04597463604881,-0.11924374362595122,861.241510840646
2026-04-22T10:30:00Z,2026-04-22T10:45:00Z,2026-04-22,2026-04-22_51,0.0,19,19,81,121.9794922335404,121.814776536646,0.0005036020151828848,0.1591657142857143,0.009011428571428571,True,True,True,False,0.0,750.6177924217463,20.69251588609085,19.004471640385976,20.816220793688153,-0.6847363727039416,810.4462643692074
2026-04-22T10:45:00Z,2026-04-22T11:00:00Z,2026-04-22,2026-04-22_52,0.0,19,19,81,121.814776536646,121.81228222608698,0.00022057308488612835,0.03767428571428571,0.041800000000000004,True,True,True,False,0.0,750.6177924217463,20.69251588609085,19.004471640385976,4.37188850149615,-2.229030007060485,792.4576384426589
2026-04-22T11:00:00Z,2026-04-22T11:15:00Z,2026-04-22,2026-04-22_53,0.0,0,0,81,121.81228222608698,121.81228222608698,0.0,0.0,0.0,True,False,True,False,0.0,750.6177924217463,0.0,0.0,0.0,0.0,750.6177924217463
2026-04-22T11:15:00Z,2026-04-22T11:30:00Z,2026-04-22,2026-04-22_54,-19.0,0,0,81,121.81228222608698,126.18228222608698,0.01213888888888889,0.0,0.0,True,False,True,False,-110.58000000000001,750.6177924217463,0.0,0.0,0.0,0.0,640.0377924217463
2026-04-22T11:30:00Z,2026-04-22T11:45:00Z,2026-04-22,2026-04-22_55,-19.0,0,0,81,126.18228222608698,130.552282226087,0.01213888888888889,0.0,0.0,True,False,True,False,-211.375,750.6177924217463,0.0,0.0,0.0,0.0,539.2427924217463
2026-04-22T11:45:00Z,2026-04-22T12:00:00Z,2026-04-22,2026-04-22_56,-19.0,0,0,81,130.552282226087,134.922282226087,0.01213888888888889,0.0,0.0,True,False,True,False,-220.7325,750.6177924217463,0.0,0.0,0.0,0.0,529.8852924217464
2026-04-22T12:00:00Z,2026-04-22T12:15:00Z,2026-04-22,2026-04-22_57,-28.999999999999943,0,0,71,134.922282226087,141.59228222608698,0.018527777777777744,0.0,0.0,True,False,True,False,-357.93249999999927,657.9489291598023,0.0,0.0,0.0,0.0,300.01642915980307
2026-04-22T12:15:00Z,2026-04-22T12:30:00Z,2026-04-22,2026-04-22_58,-9.856289538212367,0,0,71,141.59228222608698,143.85922881987582,0.00629707387163568,0.0,0.0,True,False,True,False,-144.12359377251036,657.9489291598023,0.0,0.0,0.0,0.0,513.825335387292
2026-04-22T12:30:00Z,2026-04-22T12:45:00Z,2026-04-22,2026-04-22_59,-28.999999999999943,0,0,71,143.85922881987582,150.5292288198758,0.018527777777777744,0.0,0.0,True,False,True,False,-105.4874999999998,657.9489291598023,0.0,0.0,0.0,0.0,552.4614291598025
2026-04-22T12:45:00Z,2026-04-22T13:00:00Z,2026-04-22,2026-04-22_60,-28.999999999999943,0,0,71,150.5292288198758,157.1992288198758,0.018527777777777744,0.0,0.0,True,False,True,False,-117.08749999999976,657.9489291598023,0.0,0.0,0.0,0.0,540.8614291598026
2026-04-22T13:00:00Z,2026-04-22T13:15:00Z,2026-04-22,2026-04-22_61,0.0,100,100,0,157.1992288198758,174.39692024844723,0.04777136507936509,0.0,18.69314285714286,True,True,True,False,0.0,0.0,108.90797834784657,94.87526476818076,0.0,4539.257331809166,4743.040574925194
2026-04-22T13:15:00Z,2026-04-22T13:30:00Z,2026-04-22,2026-04-22_62,0.0,100,100,0,174.39692024844723,171.06397515527954,0.012415387163561076,3.5891428571428565,0.6177142857142857,True,True,True,False,0.0,0.0,108.90797834784657,94.87526476818076,709.5047277230495,-31.72757836577794,881.560392473299
2026-04-22T13:30:00Z,2026-04-22T13:45:00Z,2026-04-22,2026-04-22_63,0.0,100,100,0,171.06397515527954,159.0217391304348,0.03345065562456867,11.078857142857144,0.0,True,True,True,False,0.0,0.0,108.90797834784657,94.87526476818076,4415.920164968788,0.0,4619.703408084816
2026-04-22T13:45:00Z,2026-04-22T14:00:00Z,2026-04-22,2026-04-22_64,0.0,100,100,0,159.0217391304348,144.00000000000003,0.04172705314009661,13.819999999999999,0.0,True,True,True,False,0.0,0.0,108.90797834784657,94.87526476818076,3895.6283713815014,0.0,4099.411614497529
2026-04-22T14:00:00Z,2026-04-22T14:15:00Z,2026-04-22,2026-04-22_65,-100.0,0,0,0,144.00000000000003,167.00000000000003,0.06388888888888888,0.0,0.0,True,False,True,False,-229.99999999999997,0.0,0.0,0.0,0.0,0.0,-229.99999999999997
2026-04-22T14:15:00Z,2026-04-22T14:30:00Z,2026-04-22,2026-04-22_66,-100.0,0,0,0,167.00000000000003,190.00000000000003,0.06388888888888888,0.0,0.0,True,False,True,False,-1313.0,0.0,0.0,0.0,0.0,0.0,-1313.0
2026-04-22T14:30:00Z,2026-04-22T14:45:00Z,2026-04-22,2026-04-22_67,0.0,0,0,0,190.00000000000003,190.00000000000003,0.0,0.0,0.0,True,False,True,False,0.0,0.0,0.0,0.0,0.0,0.0,0.0
2026-04-22T14:45:00Z,2026-04-22T15:00:00Z,2026-04-22,2026-04-22_68,0.0,0,0,0,190.00000000000003,190.00000000000003,0.0,0.0,0.0,True,False,True,False,0.0,0.0,0.0,0.0,0.0,0.0,0.0
2026-04-22T15:00:00Z,2026-04-22T15:15:00Z,2026-04-22,2026-04-22_69,-17.000000000000437,100,83,0,190.00000000000003,185.13170021366471,0.02803995400966191,8.292571428571428,0.0,True,True,True,False,-485.98750000001246,0.0,107.93716168510238,78.74646975759002,3271.002100214056,0.0,2971.698231656736
2026-04-22T15:15:00Z,2026-04-22T15:30:00Z,2026-04-22,2026-04-22_70,-0.6043624744059851,100,83,0,185.13170021366471,183.2914285714286,0.005832629818639234,1.8234285714285714,0.0009485714285714286,True,True,True,False,-20.23103383074035,0.0,107.93716168510238,78.74646975759002,406.3204520951709,-0.07441526857860115,572.6986344385443
2026-04-22T15:30:00Z,2026-04-22T15:45:00Z,2026-04-22,2026-04-22_71,0.0,100,83,0,183.2914285714286,173.32621118012426,0.027681159420289852,9.168,0.0,True,True,True,False,0.0,0.0,107.93716168510238,78.74646975759002,2138.84038597317,0.0,2325.5240174158625
2026-04-22T15:45:00Z,2026-04-22T16:00:00Z,2026-04-22,2026-04-22_72,0.0,100,83,0,173.32621118012426,151.82000000000005,0.05973947550034507,19.78571428571429,0.0,True,True,True,False,0.0,0.0,107.93716168510238,78.74646975759002,7397.9355366528835,0.0,7584.619168095576
2026-04-22T16:00:00Z,2026-04-22T16:15:00Z,2026-04-22,2026-04-22_73,0.0,0,0,83,151.82000000000005,151.82000000000005,0.0,0.0,0.0,True,False,True,False,0.0,769.1515650741351,0.0,0.0,0.0,0.0,769.1515650741351
2026-04-22T16:15:00Z,2026-04-22T16:30:00Z,2026-04-22,2026-04-22_74,0.0,0,0,83,151.82000000000005,151.82000000000005,0.0,0.0,0.0,True,False,True,False,0.0,769.1515650741351,0.0,0.0,0.0,0.0,769.1515650741351
2026-04-22T16:30:00Z,2026-04-22T16:45:00Z,2026-04-22,2026-04-22_75,17.0,0,0,83,151.82000000000005,147.20043478260874,0.012832125603864732,0.0,0.0,True,False,True,False,758.88,769.1515650741351,0.0,0.0,0.0,0.0,1528.031565074135
2026-04-22T16:45:00Z,2026-04-22T17:00:00Z,2026-04-22,2026-04-22_76,17.0,0,0,83,147.20043478260874,142.58086956521743,0.012832125603864732,0.0,0.0,True,False,True,False,1049.835,769.1515650741351,0.0,0.0,0.0,0.0,1818.9865650741351
2026-04-22T17:00:00Z,2026-04-22T17:15:00Z,2026-04-22,2026-04-22_77,6.178632484870436e-14,0,0,0,142.58086956521743,142.5808695652174,4.663822829763312e-17,0.0,0.0,True,False,True,False,2.5474501735120807e-12,0.0,0.0,0.0,0.0,0.0,2.5474501735120807e-12
2026-04-22T17:15:00Z,2026-04-22T17:30:00Z,2026-04-22,2026-04-22_78,0.0,0,0,0,142.5808695652174,142.5808695652174,0.0,0.0,0.0,True,False,True,False,0.0,0.0,0.0,0.0,0.0,0.0,0.0
2026-04-22T17:30:00Z,2026-04-22T17:45:00Z,2026-04-22,2026-04-22_79,100.0,0,0,0,142.5808695652174,115.40695652173915,0.0754830917874396,0.0,0.0,True,False,True,False,5301.5,0.0,0.0,0.0,0.0,0.0,5301.5
2026-04-22T17:45:00Z,2026-04-22T18:00:00Z,2026-04-22,2026-04-22_80,100.0,0,0,0,115.40695652173915,88.2330434782609,0.0754830917874396,0.0,0.0,True,False,True,False,8081.5,0.0,0.0,0.0,0.0,0.0,8081.5
2026-04-22T18:00:00Z,2026-04-22T18:15:00Z,2026-04-22,2026-04-22_81,0.0,100,100,0,88.2330434782609,72.11503105590066,0.04477225672877846,14.828571428571427,0.0,True,True,True,False,0.0,0.0,107.93716168510238,94.87526476818076,14106.250042026697,0.0,14309.06246847998
2026-04-22T18:15:00Z,2026-04-22T18:30:00Z,2026-04-22,2026-04-22_82,0.0,100,100,0,72.11503105590066,68.78961391304352,0.00925479365079365,3.0622857142857143,0.0034285714285714284,True,True,True,False,0.0,0.0,107.93716168510238,94.87526476818076,833.9905837788164,-0.28073832498402984,1036.5222719071155
2026-04-22T18:30:00Z,2026-04-22T18:45:00Z,2026-04-22,2026-04-22_83,0.0,100,100,0,68.78961391304352,71.92570037267086,0.00889423602484472,0.030285714285714284,3.444571428571428,True,True,True,False,0.0,0.0,107.93716168510238,94.87526476818076,5.220163511862736,-66.28172051687231,141.75086944827356
2026-04-22T18:45:00Z,2026-04-22T19:00:00Z,2026-04-22,2026-04-22_84,0.0,100,100,0,71.92570037267086,79.45024894409943,0.02090152380952381,0.0,8.178857142857144,True,True,True,False,0.0,0.0,107.93716168510238,94.87526476818076,0.0,-341.21400228625225,-138.40157583296912
2026-04-22T19:00:00Z,2026-04-22T19:15:00Z,2026-04-22,2026-04-22_85,100.0,0,100,0,79.45024894409943,52.57571478260874,0.07465148378191856,0.0,0.2754285714285714,True,True,True,False,6660.75,0.0,0.0,94.87526476818076,0.0,-21.82777370585796,6733.7974910623225
2026-04-22T19:15:00Z,2026-04-22T19:30:00Z,2026-04-22,2026-04-22_86,100.0,0,100,0,52.57571478260874,25.440311055900672,0.07537612146307797,0.0,0.03542857142857143,True,True,True,False,4903.0,0.0,0.0,94.87526476818076,0.0,-3.474206816169631,4994.401057952011
2026-04-22T19:30:00Z,2026-04-22T19:45:00Z,2026-04-22,2026-04-22_87,57.94085703237164,0,100,0,25.440311055900672,10.318336397515614,0.04332232354822496,0.0,0.6125714285714287,True,True,True,False,2480.592941698411,0.0,0.0,94.87526476818076,0.0,-51.926445438142316,2523.5417610284494
2026-04-22T19:45:00Z,2026-04-22T20:00:00Z,2026-04-22,2026-04-22_88,0.0,0,100,0,10.318336397515614,13.804347826087042,0.00968336507936508,0.0,3.7891428571428576,True,True,True,False,0.0,0.0,0.0,94.87526476818076,0.0,-102.1027897880734,-7.227525019892639
2026-04-22T20:00:00Z,2026-04-22T20:15:00Z,2026-04-22,2026-04-22_89,1.9999999999999858,91,93,7,13.804347826087042,15.67687503105599,0.007954535541752924,0.01248,2.6305714285714283,True,True,True,False,66.65999999999953,64.8682042833608,98.22281713344316,88.2339962344081,1.968204283360791,-143.27348367683152,176.67973825774084
2026-04-22T20:15:00Z,2026-04-22T20:30:00Z,2026-04-22,2026-04-22_90,1.9999999999999858,91,93,7,15.67687503105599,15.571922474534256,0.002858948212560376,0.032760000000000004,0.5133599999999999,True,True,True,False,61.40999999999956,64.8682042833608,98.22281713344316,88.2339962344081,5.160226853377266,-43.108023629089196,274.78722087549966
2026-04-22T20:30:00Z,2026-04-22T20:45:00Z,2026-04-22,2026-04-22_91,1.9999999999999858,91,93,7,15.571922474534256,14.224783821118109,0.004890211815044848,0.93444,0.22957714285714284,True,True,True,False,62.99999999999955,64.8682042833608,98.22281713344316,88.2339962344081,180.73647159331608,-19.747515502807385,475.3139737417203
2026-04-22T20:45:00Z,2026-04-22T21:00:00Z,2026-04-22,2026-04-22_92,1.7099741779399833,91,93,7,14.224783821118109,13.804347826087037,0.0018691010861309392,0.078,0.1397657142857143,True,True,True,False,52.50048219820234,64.8682042833608,98.22281713344316,88.2339962344081,13.015603671452109,-13.705745889789197,303.1353576310773
2026-04-22T21:00:00Z,2026-04-22T21:15:00Z,2026-04-23,2026-04-22_93,-84.99999999999997,95,10,5,13.804347826087037,25.094290832298213,0.03696102180814355,8.810028571428571,0.0,True,True,True,False,-2558.287499999999,46.36807913485505,105.63531628427312,10.321681615669956,1863.4271242398156,0.0,-532.5352987253852
2026-04-22T21:15:00Z,2026-04-22T21:30:00Z,2026-04-23,2026-04-22_94,-84.99999999999997,95,10,5,25.094290832298213,32.50385460869572,0.028812970462387857,12.948771428571428,0.0,True,True,True,False,-2583.362499999999,46.36807913485505,105.63531628427312,10.321681615669956,3176.1785287769476,0.0,755.1411058117469
2026-04-22T21:30:00Z,2026-04-22T21:45:00Z,2026-04-23,2026-04-22_95,-83.74710144958307,95,10,5,32.50385460869572,49.7123523478261,0.04937010966679364,2.193142857142857,0.0084,True,True,True,False,-2453.161969211912,46.36807913485505,105.63531628427312,10.321681615669956,425.7639641448226,-0.6611057682871777,-1865.7340338005786
2026-04-22T21:45:00Z,2026-04-22T22:00:00Z,2026-04-23,2026-04-22_96,-84.99999999999997,95,10,5,49.7123523478261,69.12873729192548,0.054025844996549326,0.14385714285714285,0.0013714285714285714,True,True,True,False,-2404.649999999999,46.36807913485505,105.63531628427312,10.321681615669956,23.768912260238825,-0.1079356356387229,-2218.663946340601
2026-04-22T22:00:00Z,2026-04-22T22:15:00Z,2026-04-23,2026-04-23_1,17.0,0,17,83,69.12873729192548,64.50917207453418,0.012832125603864734,0.0,0.0,True,True,True,False,695.6825,769.7101136385938,0.0,17.546858746638925,0.0,0.0,1482.9394723852329
2026-04-22T22:15:00Z,2026-04-22T22:30:00Z,2026-04-23,2026-04-23_2,17.0,0,17,83,64.50917207453418,59.88960685714287,0.012832125603864736,0.0,0.0,True,True,True,False,633.93,769.7101136385938,0.0,17.546858746638925,0.0,0.0,1421.1869723852328
2026-04-22T22:30:00Z,2026-04-22T22:45:00Z,2026-04-23,2026-04-23_3,16.999999999999996,0,17,83,59.88960685714287,55.335401888198774,0.012650569358178048,0.0,0.06013142857142857,True,True,True,False,596.6999999999999,769.7101136385938,0.0,17.546858746638925,0.0,-4.732527890942838,1379.2244444942899
2026-04-22T22:45:00Z,2026-04-22T23:00:00Z,2026-04-23,2026-04-23_4,-1.73774038636981e-14,0,17,83,55.335401888198774,55.84839388819878,0.0014249777777777892,0.0,0.5576000000000001,True,True,True,False,-5.631147722031369e-13,769.7101136385938,0.0,17.546858746638925,0.0,-39.443488685207356,747.8134837000248
2026-04-22T23:00:00Z,2026-04-22T23:15:00Z,2026-04-23,2026-04-23_5,0.0,17,17,83,55.84839388819878,56.19622748819878,0.0009662044444444444,0.0,0.37807999999999997,True,True,True,False,0.0,769.7101136385938,18.732998370983882,20.00421974053502,0.0,-23.875042232733403,784.5722895173793
2026-04-22T23:15:00Z,2026-04-22T23:30:00Z,2026-04-23,2026-04-23_6,0.0,17,17,83,56.19622748819878,56.508044402484494,0.0008661580952380954,0.0,0.3389314285714286,True,True,True,False,0.0,769.7101136385938,18.732998370983882,20.00421974053502,0.0,-20.194528471893165,788.2528032782196
2026-04-22T23:30:00Z,2026-04-22T23:45:00Z,2026-04-23,2026-04-23_7,0.0,17,17,83,56.508044402484494,56.672130345341635,0.00045579428571428576,0.0,0.17835428571428572,True,True,True,False,0.0,769.7101136385938,18.732998370983882,20.00421974053502,0.0,-9.146192318109554,799.3011394320032
2026-04-22T23:45:00Z,2026-04-23T00:00:00Z,2026-04-23,2026-04-23_8,0.0,17,17,83,56.672130345341635,58.43024508819878,0.0048836520634920645,0.0,1.9109942857142859,True,True,True,False,0.0,769.7101136385938,18.732998370983882,20.00421974053502,0.0,56.76047972141301,865.2078114715257
2026-04-23T00:00:00Z,2026-04-23T00:15:00Z,2026-04-23,2026-04-23_9,-17.0,17,0,83,58.43024508819878,60.96589125962735,0.0070434615873015876,1.4938628571428572,0.0,True,True,True,False,-463.59,769.7101136385938,18.732998370983882,0.0,291.3761163448355,0.0,616.2292283544133
2026-04-23T00:15:00Z,2026-04-23T00:30:00Z,2026-04-23,2026-04-23_10,-17.0,17,0,83,60.96589125962735,63.89512920248449,0.008136772063492063,1.0660457142857143,0.0,True,True,True,False,-472.855,769.7101136385938,18.732998370983882,0.0,201.30711729196395,0.0,516.8952293015417
2026-04-23T00:30:00Z,2026-04-23T00:45:00Z,2026-04-23,2026-04-23_11,-17.0,17,0,83,63.89512920248449,66.05702405962735,0.006005263492063492,1.9001142857142856,0.0,True,True,True,False,-469.92249999999996,769.7101136385938,18.732998370983882,0.0,390.750553859871,0.0,709.2711658694487
2026-04-23T00:45:00Z,2026-04-23T01:00:00Z,2026-04-23,2026-04-23_12,-17.0,17,0,83,66.05702405962735,69.7503877167702,0.010259343492063493,0.23547428571428572,0.0,True,True,True,False,-468.0525,769.7101136385938,18.732998370983882,0.0,41.46119343570994,0.0,361.85180544528765
2026-04-23T01:00:00Z,2026-04-23T01:15:00Z,2026-04-23,2026-04-23_13,0.0,17,17,83,69.7503877167702,70.86258473540374,0.0031293257418909598,0.006605714285714286,1.2167142857142859,True,True,True,False,0.0,769.7101136385938,18.732998370983882,20.00421974053502,1.144775692051467,-3.2873327034097186,806.3047747387545
2026-04-23T01:15:00Z,2026-04-23T01:30:00Z,2026-04-23,2026-04-23_14,0.0,17,17,83,70.86258473540374,71.35966862111803,0.0013807885714285718,0.0,0.5403085714285715,True,True,True,False,0.0,769.7101136385938,18.732998370983882,20.00421974053502,0.0,-16.95506982226621,791.4922619278466
2026-04-23T01:30:00Z,2026-04-23T01:45:00Z,2026-04-23,2026-04-23_15,0.0,17,17,83,71.35966862111803,71.59953427080747,0.0006827185921325053,0.00272,0.26393714285714287,True,True,True,False,0.0,769.7101136385938,18.732998370983882,20.00421974053502,0.47048990598810625,-12.576681783338053,796.3411398727628
2026-04-23T01:45:00Z,2026-04-23T02:00:00Z,2026-04-23,2026-04-23_16,0.0,17,17,83,71.59953427080747,71.79677346583853,0.0006352917598343686,0.014474285714285712,0.23149142857142857,True,True,True,False,0.0,769.7101136385938,18.732998370983882,20.00421974053502,2.427436376126081,-10.018997733957274,800.8557703922816
2026-04-23T02:00:00Z,2026-04-23T02:15:00Z,2026-04-23,2026-04-23_17,0.0,17,17,83,71.79677346583853,72.02243632298138,0.0006268412698412698,0.0,0.24528571428571427,True,True,True,False,0.0,769.7101136385938,18.732998370983882,20.00421974053502,0.0,-11.305307199914763,797.142024550198
2026-04-23T02:15:00Z,2026-04-23T02:30:00Z,2026-04-23,2026-04-23_18,0.0,17,17,83,72.02243632298138,72.29198055155281,0.0007487339682539682,0.0,0.29298285714285716,True,True,True,False,0.0,769.7101136385938,18.732998370983882,20.00421974053502,0.0,-14.636779740759328,793.8105520093534
2026-04-23T02:30:00Z,2026-04-23T02:45:00Z,2026-04-23,2026-04-23_19,0.0,17,17,83,72.29198055155281,72.80005712298139,0.0014113238095238094,0.0,0.5522571428571428,True,True,True,False,0.0,769.7101136385938,18.732998370983882,20.00421974053502,0.0,-16.516120715421255,791.9312110346915
2026-04-23T02:45:00Z,2026-04-23T03:00:00Z,2026-04-23,2026-04-23_20,0.0,17,17,83,72.80005712298139,73.72277252173915,0.002642290876466529,0.013114285714285715,1.0184457142857144,True,True,True,False,0.0,769.7101136385938,18.732998370983882,20.00421974053502,2.2780753104523392,-5.912865826830821,804.8125412337342
2026-04-23T03:00:00Z,2026-04-23T03:15:00Z,2026-04-23,2026-04-23_21,0.0,17,17,83,73.72277252173915,73.73979752546585,0.00012003149758454108,0.012045714285714285,0.03273714285714286,True,True,True,False,0.0,769.7101136385938,18.732998370983882,17.546858746638925,1.9695124671603246,-1.902629978943355,806.0568532444336
2026-04-23T03:15:00Z,2026-04-23T03:30:00Z,2026-04-23,2026-04-23_22,0.0,17,17,83,73.73979752546585,73.75371666086957,6.858144927536231e-05,0.004954285714285713,0.020982857142857143,True,True,True,False,0.0,769.7101136385938,18.732998370983882,17.546858746638925,0.7778902418850602,-1.5336087815464157,805.2342522165553
2026-04-23T03:30:00Z,2026-04-23T03:45:00Z,2026-04-23,2026-04-23_23,0.0,17,17,83,73.75371666086957,73.77649978633542,9.261703243616286e-05,0.004857142857142858,0.03050285714285714,True,True,True,False,0.0,769.7101136385938,18.732998370983882,17.546858746638925,0.7683572732345082,-1.942110825807428,804.8162172036438
2026-04-23T03:45:00Z,2026-04-23T04:00:00Z,2026-04-23,2026-04-23_24,0.0,17,17,83,73.77649978633542,73.76299557763977,9.858216701173223e-05,0.022537142857142856,0.011948571428571428,True,True,True,False,0.0,769.7101136385938,18.732998370983882,17.546858746638925,3.6568461642418346,-0.7690437423070344,808.8777731781514
2026-04-23T04:00:00Z,2026-04-23T04:15:00Z,2026-04-23,2026-04-23_25,0.0,4,100,0,73.76299557763977,77.27309048447208,0.009750815734989647,9.142857142857143e-05,3.815428571428571,True,True,True,False,0.0,0.0,4.407764322584443,103.21681615669956,0.014355529262008036,233.80217811510778,341.4411141236538
2026-04-23T04:15:00Z,2026-04-23T04:30:00Z,2026-04-23,2026-04-23_26,0.0,4,100,0,77.27309048447208,85.09912576397518,0.02174050517598344,0.0002514285714285714,8.506857142857143,True,True,True,False,0.0,0.0,4.407764322584443,103.21681615669956,0.03947770547052209,382.9613412326128,490.62539941736736
2026-04-23T04:30:00Z,2026-04-23T04:45:00Z,2026-04-23,2026-04-23_27,96.0,4,100,0,85.09912576397518,77.55159610434785,0.024473977308488614,0.0,17.161714285714286,True,True,True,False,3198.0,0.0,4.407764322584443,103.21681615669956,0.0,9566.273878151836,12871.89845863112
2026-04-23T04:45:00Z,2026-04-23T05:00:00Z,2026-04-23,2026-04-23_28,96.0,4,100,0,77.55159610434785,59.72826086956525,0.051073206128364385,0.00018285714285714286,7.649714285714286,True,True,True,False,3229.44,0.0,4.407764322584443,103.21681615669956,0.02871105852401607,302.4723242779477,3639.565615815756
2026-04-23T05:00:00Z,2026-04-23T05:15:00Z,2026-04-23,2026-04-23_29,17.0,0,0,83,59.72826086956525,55.10869565217394,0.012832125603864732,0.0,0.0,True,False,True,False,597.89,769.7101136385938,0.0,0.0,0.0,0.0,1367.600113638594
2026-04-23T05:15:00Z,2026-04-23T05:30:00Z,2026-04-23,2026-04-23_30,3.3306690738754696e-14,0,0,83,55.10869565217394,55.108695652173935,2.5140919941692857e-17,0.0,0.0,True,False,True,False,1.0751399770470016e-12,769.7101136385938,0.0,0.0,0.0,0.0,769.7101136385949
2026-04-23T05:30:00Z,2026-04-23T05:45:00Z,2026-04-23,2026-04-23_31,0.0,0,0,83,55.108695652173935,55.108695652173935,0.0,0.0,0.0,True,False,True,False,0.0,769.7101136385938,0.0,0.0,0.0,0.0,769.7101136385938
2026-04-23T05:45:00Z,2026-04-23T06:00:00Z,2026-04-23,2026-04-23_32,0.0,0,0,83,55.108695652173935,55.108695652173935,0.0,0.0,0.0,True,False,True,False,0.0,769.7101136385938,0.0,0.0,0.0,0.0,769.7101136385938
2026-04-23T06:00:00Z,2026-04-23T06:15:00Z,2026-04-23,2026-04-23_33,100.0,0,100,0,55.108695652173935,38.94720496894412,0.044893029675638366,0.0,10.131428571428572,True,True,True,False,3242.4999999999995,0.0,0.0,103.21681615669956,0.0,3566.167013124654,6911.883829281353
2026-04-23T06:15:00Z,2026-04-23T06:30:00Z,2026-04-23,2026-04-23_34,100.0,0,100,0,38.94720496894412,16.234782608695674,0.06309006211180125,0.0,4.104571428571428,True,True,True,False,3186.25,0.0,0.0,103.21681615669956,0.0,173.47536002377632,3462.942176180476
2026-04-23T06:30:00Z,2026-04-23T06:45:00Z,2026-04-23,2026-04-23_35,38.55588552816379,0,100,0,16.234782608695674,10.000000000000009,0.030853399006340706,0.0,4.309714285714286,True,True,True,False,1012.2847745419404,0.0,0.0,103.21681615669956,0.0,121.4283632733971,1236.929953972037
2026-04-23T06:45:00Z,2026-04-23T07:00:00Z,2026-04-23,2026-04-23_36,0.0,0,100,0,10.000000000000009,28.274354285714296,0.050762095238095245,0.0,19.863428571428575,True,True,True,False,0.0,0.0,0.0,103.21681615669956,0.0,13270.264204543862,13373.481020700561
2026-04-23T07:00:00Z,2026-04-23T07:15:00Z,2026-04-23,2026-04-23_37,67.24962377142859,0,0,0,28.274354285714296,10.000000000000007,0.050762095238095245,0.0,0.0,True,False,True,False,1783.123774299429,0.0,0.0,0.0,0.0,0.0,1783.123774299429
2026-04-23T07:15:00Z,2026-04-23T07:30:00Z,2026-04-23,2026-04-23_38,-5.792467954566034e-15,0,0,0,10.000000000000007,10.000000000000009,3.7007434154171884e-18,0.0,0.0,True,False,True,False,-5.255216551780034e-14,0.0,0.0,0.0,0.0,0.0,-5.255216551780034e-14
2026-04-23T07:30:00Z,2026-04-23T07:45:00Z,2026-04-23,2026-04-23_39,-91.39886578449905,0,0,0,10.000000000000009,31.02173913043479,0.058393719806763285,0.0,0.0,True,False,True,False,-251.57537807183363,0.0,0.0,0.0,0.0,0.0,-251.57537807183363
2026-04-23T07:45:00Z,2026-04-23T08:00:00Z,2026-04-23,2026-04-23_40,-100.0,0,0,0,31.02173913043479,54.02173913043479,0.06388888888888888,0.0,0.0,True,False,True,False,-147.0,0.0,0.0,0.0,0.0,0.0,-147.0
2026-04-23T08:00:00Z,2026-04-23T08:15:00Z,2026-04-23,2026-04-23_41,0.0,0,0,81,54.02173913043479,54.02173913043479,0.0,0.0,0.0,True,False,True,False,0.0,751.1628819846519,0.0,0.0,0.0,0.0,751.1628819846519
2026-04-23T08:15:00Z,2026-04-23T08:30:00Z,2026-04-23,2026-04-23_42,0.0,0,0,81,54.02173913043479,54.02173913043479,0.0,0.0,0.0,True,False,True,False,0.0,751.1628819846519,0.0,0.0,0.0,0.0,751.1628819846519
2026-04-23T08:30:00Z,2026-04-23T08:45:00Z,2026-04-23,2026-04-23_43,0.0,0,0,81,54.02173913043479,54.02173913043479,0.0,0.0,0.0,True,False,True,False,0.0,751.1628819846519,0.0,0.0,0.0,0.0,751.1628819846519
2026-04-23T08:45:00Z,2026-04-23T09:00:00Z,2026-04-23,2026-04-23_44,0.0,0,0,81,54.02173913043479,54.02173913043479,0.0,0.0,0.0,True,False,True,False,0.0,751.1628819846519,0.0,0.0,0.0,0.0,751.1628819846519
2026-04-23T09:00:00Z,2026-04-23T09:15:00Z,2026-04-23,2026-04-23_45,24.000000000000014,76,100,0,54.02173913043479,70.21360007950311,0.04692190498274671,0.0,23.658285714285714,True,True,True,False,0.0,0.0,84.39638083648995,106.80850228651056,0.0,28228.071353485277,28419.27623660828
2026-04-23T09:15:00Z,2026-04-23T09:30:00Z,2026-04-23,2026-04-23_46,24.000000000000014,76,100,0,70.21360007950311,82.95359948322981,0.042544166735679775,0.0,20.062857142857144,True,True,True,False,0.0,0.0,84.39638083648995,106.80850228651056,0.0,20785.680725178532,20976.885608301534
2026-04-23T09:30:00Z,2026-04-23T09:45:00Z,2026-04-23,2026-04-23_47,24.000000000000014,76,100,0,82.95359948322981,86.65517897142857,0.03113489126293996,0.01216,10.662285714285712,True,True,True,False,0.0,0.0,84.39638083648995,106.80850228651056,0.2386606739808836,6384.231648783003,6575.6751925799845
2026-04-23T09:45:00Z,2026-04-23T10:00:00Z,2026-04-23,2026-04-23_48,24.000000000000014,76,100,0,86.65517897142857,98.04175459378881,0.04082772041407868,0.0,18.653142857142857,True,True,True,False,0.0,0.0,84.39638083648995,106.80850228651056,0.0,11829.045531140564,12020.250414263564
2026-04-23T10:00:00Z,2026-04-23T10:15:00Z,2026-04-23,2026-04-23_49,0.0,100,100,0,98.04175459378881,100.9562490037267,0.01049402346445825,0.39714285714285713,3.6371428571428575,True,True,True,False,0.0,0.0,112.0488312300053,107.69170379384113,35.01569855631601,218.92243472019337,473.6786683003558
2026-04-23T10:15:00Z,2026-04-23T10:30:00Z,2026-04-23,2026-04-23_50,0.0,100,100,0,100.9562490037267,100.88001248198756,0.008763387163561075,1.4862857142857142,1.673142857142857,True,True,True,False,0.0,0.0,112.0488312300053,107.69170379384113,131.12254048006906,-14.117830408487704,336.7452450954278
2026-04-23T10:30:00Z,2026-04-23T10:45:00Z,2026-04-23,2026-04-23_51,0.0,100,100,0,100.88001248198756,113.23955533913042,0.0343320634920635,0.0,13.434285714285716,True,True,True,False,0.0,0.0,112.0488312300053,107.69170379384113,0.0,2824.13992827843,3043.8804633022764
2026-04-23T10:45:00Z,2026-04-23T11:00:00Z,2026-04-23,2026-04-23_52,0.0,100,100,0,113.23955533913042,124.07400105341614,0.030095682539682544,0.0,11.77657142857143,True,True,True,False,0.0,0.0,112.0488312300053,107.69170379384113,0.0,1638.173299164183,1857.9138341880293
2026-04-23T11:00:00Z,2026-04-23T11:15:00Z,2026-04-23,2026-04-23_53,16.26264890514277,0,0,81,124.07400105341614,119.65480298136647,0.01227555020013796,0.0,0.0,True,False,True,False,-1.5856082682514199,751.1628819846519,0.0,0.0,0.0,0.0,749.5772737164004
2026-04-23T11:15:00Z,2026-04-23T11:30:00Z,2026-04-23,2026-04-23_54,19.0,0,0,81,119.65480298136647,114.4917595031056,0.014341787439613526,0.0,0.0,True,False,True,False,-1.8525,751.1628819846519,0.0,0.0,0.0,0.0,749.3103819846519
2026-04-23T11:30:00Z,2026-04-23T11:45:00Z,2026-04-23,2026-04-23_55,19.0,0,0,81,114.4917595031056,109.32871602484472,0.014341787439613526,0.0,0.0,True,False,True,False,-1.8525,751.1628819846519,0.0,0.0,0.0,0.0,749.3103819846519
2026-04-23T11:45:00Z,2026-04-23T12:00:00Z,2026-04-23,2026-04-23_56,19.0,0,0,81,109.32871602484472,104.16567254658385,0.014341787439613526,0.0,0.0,True,False,True,False,-1.8525,751.1628819846519,0.0,0.0,0.0,0.0,749.3103819846519
2026-04-23T12:00:00Z,2026-04-23T12:15:00Z,2026-04-23,2026-04-23_57,0.0,100,100,0,104.16567254658385,116.44162683229814,0.034099873015873014,0.0,13.34342857142857,True,True,True,False,0.0,0.0,111.04786952169731,107.69170379384113,0.0,2447.6945901524427,2666.4341634679813
2026-04-23T12:15:00Z,2026-04-23T12:30:00Z,2026-04-23,2026-04-23_58,0.0,100,100,0,116.44162683229814,129.83830857142857,0.03721645548654245,0.0005714285714285715,14.562285714285716,True,True,True,False,0.0,0.0,111.04786952169731,107.69170379384113,0.04486102894377511,8511.967675385597,8730.75210973008
2026-04-23T12:30:00Z,2026-04-23T12:45:00Z,2026-04-23,2026-04-23_59,0.0,100,100,0,129.83830857142857,150.64765714285716,0.057803746031746046,0.0,22.618857142857145,True,True,True,False,0.0,0.0,111.04786952169731,107.69170379384113,0.0,16933.333870357234,17152.073443672773
2026-04-23T12:45:00Z,2026-04-23T13:00:00Z,2026-04-23,2026-04-23_60,0.0,100,100,0,150.64765714285716,152.74,0.005812063492063492,0.0,2.274285714285714,True,True,True,False,0.0,0.0,111.04786952169731,107.69170379384113,0.0,-29.465147746995,189.27442556854345
2026-04-23T13:00:00Z,2026-04-23T13:15:00Z,2026-04-23,2026-04-23_61,2.413528314402514e-14,0,0,81,152.74,152.74,1.8218057928762938e-17,0.0,0.0,True,False,True,False,-6.033820786006285e-17,751.1628819846519,0.0,0.0,0.0,0.0,751.1628819846519
2026-04-23T13:15:00Z,2026-04-23T13:30:00Z,2026-04-23,2026-04-23_62,19.0,0,0,81,152.74,147.57695652173913,0.014341787439613526,0.0,0.0,True,False,True,False,0.0,751.1628819846519,0.0,0.0,0.0,0.0,751.1628819846519
2026-04-23T13:30:00Z,2026-04-23T13:45:00Z,2026-04-23,2026-04-23_63,-1.9431799164917536e-13,0,0,81,147.57695652173913,147.5769565217392,1.2414760577586205e-16,0.0,0.0,True,False,True,False,-0.0,751.1628819846519,0.0,0.0,0.0,0.0,751.1628819846519
2026-04-23T13:45:00Z,2026-04-23T14:00:00Z,2026-04-23,2026-04-23_64,19.0,0,0,81,147.5769565217392,142.41391304347832,0.014341787439613526,0.0,0.0,True,False,True,False,0.0,751.1628819846519,0.0,0.0,0.0,0.0,751.1628819846519
2026-04-23T14:00:00Z,2026-04-23T14:15:00Z,2026-04-23,2026-04-23_65,-19.0,0,0,81,142.41391304347832,146.78391304347832,0.01213888888888889,0.0,0.0,True,False,True,False,-0.0,751.1628819846519,0.0,0.0,0.0,0.0,751.1628819846519
2026-04-23T14:15:00Z,2026-04-23T14:30:00Z,2026-04-23,2026-04-23_66,-19.0,0,0,81,146.78391304347832,151.15391304347833,0.01213888888888889,0.0,0.0,True,False,True,False,-0.0,751.1628819846519,0.0,0.0,0.0,0.0,751.1628819846519
2026-04-23T14:30:00Z,2026-04-23T14:45:00Z,2026-04-23,2026-04-23_67,-6.896030245746448,0,0,81,151.15391304347833,152.74,0.004405797101449119,0.0,0.0,True,False,True,False,-0.0,751.1628819846519,0.0,0.0,0.0,0.0,751.1628819846519
2026-04-23T14:45:00Z,2026-04-23T15:00:00Z,2026-04-23,2026-04-23_68,0.0,0,0,81,152.74,152.74,0.0,0.0,0.0,True,False,True,False,0.0,751.1628819846519,0.0,0.0,0.0,0.0,751.1628819846519
2026-04-23T15:00:00Z,2026-04-23T15:15:00Z,2026-04-23,2026-04-23_69,-100.0,100,0,0,152.74,175.58491428571432,0.06345809523809524,0.16857142857142857,0.0,True,True,True,False,-39.25,0.0,110.19410806461109,0.0,17.42640351934772,0.0,88.3705115839588
2026-04-23T15:15:00Z,2026-04-23T15:30:00Z,2026-04-23,2026-04-23_70,-100.0,100,0,0,175.58491428571432,186.9329828571429,0.0315224126984127,12.665142857142857,0.0,True,True,True,False,-107.25,0.0,110.19410806461109,0.0,12980.256364181834,0.0,12983.200472246444
2026-04-23T15:30:00Z,2026-04-23T15:45:00Z,2026-04-23,2026-04-23_71,-39.590551515145975,100,0,0,186.9329828571429,190.00000000000003,0.030098464137860888,5.9154285714285715,0.0,True,True,True,False,-651.6604779393028,0.0,110.19410806461109,0.0,852.4841828423387,0.0,311.01781296764693
2026-04-23T15:45:00Z,2026-04-23T16:00:00Z,2026-04-23,2026-04-23_72,-0.39152889527805457,100,0,0,190.00000000000003,184.32333543354096,0.016162567251998335,5.308571428571428,0.0,True,True,True,False,-11.2300275388128,0.0,110.19410806461109,0.0,777.5680275446715,0.0,876.5321080704698
2026-04-23T16:00:00Z,2026-04-23T16:15:00Z,2026-04-23,2026-04-23_73,-5.999999999999893,100,94,0,184.32333543354096,185.8002377739136,0.0046831138164250535,0.10228571428571429,0.22506285714285715,True,True,True,False,-127.49999999999774,0.0,110.19410806461109,97.02380718729759,16.576143689875703,-12.864596624768334,83.4294623170183
2026-04-23T16:15:00Z,2026-04-23T16:30:00Z,2026-04-23,2026-04-23_74,-5.999999999997576,100,94,0,185.8002377739136,188.38356525714286,0.00962159635610617,0.4308571428571429,1.8123200000000002,True,True,True,False,-159.07499999993573,0.0,110.19410806461109,97.02380718729759,75.02449782283819,-41.05188825341995,82.11552482139118
2026-04-23T16:30:00Z,2026-04-23T16:45:00Z,2026-04-23,2026-04-23_75,0.0,100,94,0,188.38356525714286,183.41242236024846,0.022788923285024153,6.0605714285714285,1.7569942857142857,True,True,True,False,0.0,0.0,110.19410806461109,97.02380718729759,1383.8219515108353,-40.76974355977872,1550.2701232029654
2026-04-23T16:45:00Z,2026-04-23T17:00:00Z,2026-04-23,2026-04-23_76,0.0,100,94,0,183.41242236024846,163.26521739130436,0.05596445824706693,18.535428571428568,0.0,True,True,True,False,0.0,0.0,110.19410806461109,97.02380718729759,7874.186635002255,0.0,8081.404550254163
2026-04-23T17:00:00Z,2026-04-23T17:15:00Z,2026-04-23,2026-04-23_77,0.0,0,83,17,163.26521739130436,168.33203064844722,0.014074481269841272,0.0,5.5074057142857145,True,True,True,False,0.0,157.65146905850716,0.0,85.66995741006063,0.0,134.46885942740502,377.79028589597283
2026-04-23T17:15:00Z,2026-04-23T17:30:00Z,2026-04-23,2026-04-23_78,83.0,0,83,17,168.33203064844722,146.04781946832298,0.06190058661145618,0.0,0.2485257142857143,True,True,True,False,3690.5950000000003,157.65146905850716,0.0,85.66995741006063,0.0,-13.728495875869532,3920.1879305926986
2026-04-23T17:30:00Z,2026-04-23T17:45:00Z,2026-04-23,2026-04-23_79,83.0,0,83,17,146.04781946832298,123.81980083478261,0.06174449620427881,0.0,0.3002228571428572,True,True,True,False,3667.77,157.65146905850716,0.0,85.66995741006063,0.0,-16.612516056603404,3894.4789104119645
2026-04-23T17:45:00Z,2026-04-23T18:00:00Z,2026-04-23,2026-04-23_80,83.0,0,83,17,123.81980083478261,101.30721077267083,0.06253497239475499,0.0,0.03841714285714286,True,True,True,False,4940.7825,157.65146905850716,0.0,85.66995741006063,0.0,-2.5374496090080947,5181.56647685956
2026-04-23T18:00:00Z,2026-04-23T18:15:00Z,2026-04-23,2026-04-23_81,17.0,0,0,83,101.30721077267083,96.68764555527953,0.012832125603864732,0.0,0.0,True,False,True,False,996.2,769.7101136385938,0.0,0.0,0.0,0.0,1765.9101136385939
2026-04-23T18:15:00Z,2026-04-23T18:30:00Z,2026-04-23,2026-04-23_82,17.0,0,0,83,96.68764555527953,92.06808033788823,0.012832125603864732,0.0,0.0,True,False,True,False,916.895,769.7101136385938,0.0,0.0,0.0,0.0,1686.6051136385938
2026-04-23T18:30:00Z,2026-04-23T18:45:00Z,2026-04-23,2026-04-23_83,16.399335643428532,0,0,83,92.06808033788823,87.61173913043483,0.01237872557625946,0.0,0.0,True,False,True,False,715.5850108010039,769.7101136385938,0.0,0.0,0.0,0.0,1485.2951244395977
2026-04-23T18:45:00Z,2026-04-23T19:00:00Z,2026-04-23,2026-04-23_84,-17.0,0,0,83,87.61173913043483,91.52173913043482,0.010861111111111111,0.0,0.0,True,False,True,False,-512.4225,769.7101136385938,0.0,0.0,0.0,0.0,257.2876136385938
2026-04-23T19:00:00Z,2026-04-23T19:15:00Z,2026-04-23,2026-04-23_85,100.00000000000009,0,0,0,91.52173913043482,64.34782608695654,0.07548309178743967,0.0,0.0,True,False,True,False,6456.5000000000055,0.0,0.0,0.0,0.0,0.0,6456.5000000000055
2026-04-23T19:15:00Z,2026-04-23T19:30:00Z,2026-04-23,2026-04-23_86,100.0,0,0,0,64.34782608695654,37.17391304347829,0.0754830917874396,0.0,0.0,True,False,True,False,4717.25,0.0,0.0,0.0,0.0,0.0,4717.25
2026-04-23T19:30:00Z,2026-04-23T19:45:00Z,2026-04-23,2026-04-23_87,100.0,0,0,0,37.17391304347829,10.000000000000028,0.0754830917874396,0.0,0.0,True,False,True,False,4484.75,0.0,0.0,0.0,0.0,0.0,4484.75
2026-04-23T19:45:00Z,2026-04-23T20:00:00Z,2026-04-23,2026-04-23_88,0.0,0,0,0,10.000000000000028,10.000000000000028,0.0,0.0,0.0,True,False,True,False,0.0,0.0,0.0,0.0,0.0,0.0,0.0
2026-04-23T20:00:00Z,2026-04-23T20:15:00Z,2026-04-23,2026-04-23_89,0.7471094748203629,95,100,0,10.000000000000028,11.244875279503134,0.004745658375074162,0.038542857142857136,1.6171428571428572,True,True,True,False,24.501455226733803,0.0,105.63531628427312,103.21681615669956,6.631888957738106,-83.18235503579069,156.8031215896539
2026-04-23T20:15:00Z,2026-04-23T20:30:00Z,2026-04-23,2026-04-23_90,0.0,95,100,0,11.244875279503134,11.622863850931706,0.001049968253968254,0.0,0.41085714285714287,True,True,True,False,0.0,0.0,105.63531628427312,103.21681615669956,0.0,-23.480488536605197,185.3716439043675
2026-04-23T20:30:00Z,2026-04-23T20:45:00Z,2026-04-23,2026-04-23_91,0.0,95,100,0,11.622863850931706,10.000000000000028,0.004516717046238786,1.4944857142857144,0.0017142857142857142,True,True,True,False,0.0,0.0,105.63531628427312,103.21681615669956,262.3171330606156,-0.13458308683132533,471.03468241475696
2026-04-23T20:45:00Z,2026-04-23T21:00:00Z,2026-04-23,2026-04-23_92,5.000000000000014,95,100,0,10.000000000000028,10.158202633540398,0.008031411732229134,0.09445714285714285,1.7445714285714287,True,True,True,False,146.22500000000042,0.0,105.63531628427312,103.21681615669956,15.498564929329856,-61.78880223856534,308.7868951317376
2026-04-23T21:00:00Z,2026-04-23T21:15:00Z,2026-04-24,2026-04-23_93,-63.797488080517745,100,36,0,10.158202633540398,25.523266941614935,0.042728204701619754,0.021714285714285714,0.7749257142857142,True,True,True,False,-2076.9272244612553,0.0,109.66341999842903,35.43869295420627,3.4334658931517,-4.419407861575233,-1932.8110534770435
2026-04-23T21:15:00Z,2026-04-23T21:30:00Z,2026-04-24,2026-04-23_94,0.0,100,36,0,25.523266941614935,25.62990012422363,0.0006826767149758455,0.064,0.19152,True,True,True,False,0.0,0.0,109.66341999842903,35.43869295420627,10.487446390699866,-10.277219542848165,145.312339800487
2026-04-23T21:30:00Z,2026-04-23T21:45:00Z,2026-04-24,2026-04-23_95,-64.00000000000001,100,36,0,25.62990012422363,40.55749143850935,0.041522674285714295,0.026285714285714287,0.2536457142857143,True,True,True,False,-1941.4400000000005,0.0,109.66341999842903,35.43869295420627,4.184948550781558,-13.624068206963882,-1805.7770067035476
2026-04-23T21:45:00Z,2026-04-23T22:00:00Z,2026-04-24,2026-04-23_96,-64.0,100,36,0,40.55749143850935,55.10869565217395,0.04094175083505867,0.24,0.07220571428571428,True,True,True,False,-1809.28,0.0,109.66341999842903,35.43869295420627,42.26905977535151,-4.2779659593568,-1626.18679323137
2026-04-23T22:00:00Z,2026-04-23T22:15:00Z,2026-04-24,2026-04-24_1,-17.0,17,0,83,55.10869565217395,58.27083553788823,0.008783721904761906,0.8128914285714286,0.0,True,True,True,False,-504.26250000000005,770.1182153797816,18.642781399732936,0.0,153.22486232705322,0.0,437.7233591065677
2026-04-23T22:15:00Z,2026-04-23T22:30:00Z,2026-04-24,2026-04-24_2,-17.0,17,0,83,58.27083553788823,60.46544033788823,0.006096124444444444,1.86456,0.0,True,True,True,False,-475.065,770.1182153797816,18.642781399732936,0.0,369.6609929620612,0.0,683.3569897415757
2026-04-23T22:30:00Z,2026-04-23T22:45:00Z,2026-04-24,2026-04-24_3,-17.0,17,0,83,60.46544033788823,64.30769679503109,0.010672934603174606,0.07363428571428571,0.0,True,True,True,False,-469.92249999999996,770.1182153797816,18.642781399732936,0.0,12.83868804829606,0.0,331.67718482781066
2026-04-23T22:45:00Z,2026-04-23T23:00:00Z,2026-04-24,2026-04-24_4,-17.0,17,0,83,64.30769679503109,68.10642936645966,0.01055203492063492,0.12094285714285714,0.0,True,True,True,False,-464.95000000000005,770.1182153797816,18.642781399732936,0.0,21.298544435966203,0.0,345.10954121548076
2026-04-23T23:00:00Z,2026-04-23T23:15:00Z,2026-04-24,2026-04-24_5,-17.0,17,0,83,68.10642936645966,72.01464193788824,0.010856146031746033,0.0019428571428571429,0.0,True,True,True,False,-474.29999999999995,770.1182153797816,18.532617233524466,0.0,0.3050641291784957,0.0,314.65589674248463
2026-04-23T23:15:00Z,2026-04-23T23:30:00Z,2026-04-24,2026-04-24_6,-17.0,17,0,83,72.01464193788824,75.91498982360253,0.010834299682539685,0.010491428571428572,0.0,True,True,True,False,-459.29749999999996,770.1182153797816,18.532617233524466,0.0,1.7331541681160723,0.0,331.08648678142225
2026-04-23T23:30:00Z,2026-04-23T23:45:00Z,2026-04-24,2026-04-24_7,-17.0,17,0,83,75.91498982360253,79.82498982360252,0.010861111111111111,0.0,0.0,True,True,True,False,-460.3175,770.1182153797816,18.532617233524466,0.0,0.0,0.0,328.33333261330614
2026-04-23T23:45:00Z,2026-04-24T00:00:00Z,2026-04-24,2026-04-24_8,-17.0,17,0,83,79.82498982360252,83.24800490931682,0.00950837523809524,0.5293314285714286,0.0,True,True,True,False,-466.65,770.1182153797816,18.532617233524466,0.0,93.50749244139728,0.0,415.5083250547034
2026-04-24T00:00:00Z,2026-04-24T00:15:00Z,2026-04-24,2026-04-24_9,-17.0,17,0,83,83.24800490931682,86.99472330931681,0.01040755111111111,0.17748,0.0,True,True,True,False,-472.04749999999996,770.1182153797816,18.532617233524466,0.0,31.256366514806377,0.0,347.85969912811254
2026-04-24T00:15:00Z,2026-04-24T00:30:00Z,2026-04-24,2026-04-24_10,-17.0,17,0,83,86.99472330931681,90.76128216645967,0.010462663492063491,0.15591428571428573,0.0,True,True,True,False,-462.4425,770.1182153797816,18.532617233524466,0.0,27.460527570497216,0.0,353.6688601838033
2026-04-24T00:30:00Z,2026-04-24T00:45:00Z,2026-04-24,2026-04-24_11,-17.0,17,0,83,90.76128216645967,93.4734369093168,0.0075337631746031745,1.3020057142857144,0.0,True,True,True,False,-473.45000000000005,770.1182153797816,18.532617233524466,0.0,252.85511413759446,0.0,568.0559467509005
2026-04-24T00:45:00Z,2026-04-24T01:00:00Z,2026-04-24,2026-04-24_12,-17.0,17,0,83,93.4734369093168,96.47864056645966,0.008347787936507938,0.9834742857142857,0.0,True,True,True,False,-468.18,770.1182153797816,18.532617233524466,0.0,181.79886406858404,0.0,502.26969668189014
2026-04-24T01:00:00Z,2026-04-24T01:15:00Z,2026-04-24,2026-04-24_13,-17.0,17,0,83,96.47864056645966,100.36602959503108,0.01079830285714286,0.024577142857142856,0.0,True,True,True,False,-466.225,770.1182153797816,18.532617233524466,0.0,4.193374855527004,0.0,326.6192074688331
2026-04-24T01:15:00Z,2026-04-24T01:30:00Z,2026-04-24,2026-04-24_14,-17.0,17,0,83,100.36602959503108,104.27182913788822,0.010849443174603176,0.004565714285714286,0.0,True,True,True,False,-463.335,770.1182153797816,18.532617233524466,0.0,0.7531411279553846,0.0,326.0689737412615
2026-04-24T01:30:00Z,2026-04-24T01:45:00Z,2026-04-24,2026-04-24_15,-17.0,17,0,83,104.27182913788822,107.86402433788822,0.009978319999999999,0.34544,0.0,True,True,True,False,-469.54,770.1182153797816,18.532617233524466,0.0,61.82327279868039,0.0,380.9341054119865
2026-04-24T01:45:00Z,2026-04-24T02:00:00Z,2026-04-24,2026-04-24_16,-17.0,17,0,83,107.86402433788822,111.38177313788823,0.009771524444444445,0.42636,0.0,True,True,True,False,-469.71,770.1182153797816,18.532617233524466,0.0,75.28229578194957,0.0,394.2231283952557
2026-04-24T02:00:00Z,2026-04-24T02:15:00Z,2026-04-24,2026-04-24_17,-17.0,17,0,83,111.38177313788823,114.61272902360251,0.008974877460317462,0.7380914285714285,0.0,True,True,True,False,-455.2175,770.1182153797816,18.532617233524466,0.0,210.42997643996094,0.0,543.8633090532671
2026-04-24T02:15:00Z,2026-04-24T02:30:00Z,2026-04-24,2026-04-24_18,-17.0,17,0,83,114.61272902360251,118.12350685217393,0.009752160634920634,0.4339371428571428,0.0,True,True,True,False,-470.39000000000004,770.1182153797816,18.532617233524466,0.0,84.4540492644501,0.0,402.71488187775617
2026-04-24T02:30:00Z,2026-04-24T02:45:00Z,2026-04-24,2026-04-24_19,-17.0,17,0,83,118.12350685217393,121.87826868074535,0.010429893968253967,0.16873714285714286,0.0,True,True,True,False,-477.275,770.1182153797816,18.532617233524466,0.0,29.743118964956185,0.0,341.11895157826234
2026-04-24T02:45:00Z,2026-04-24T03:00:00Z,2026-04-24,2026-04-24_20,-17.0,17,0,83,121.87826868074535,124.83762479503108,0.00822043365079365,1.0333085714285715,0.0,True,True,True,False,-483.31,770.1182153797816,18.532617233524466,0.0,202.05074421715275,0.0,507.39157683045886
2026-04-24T03:00:00Z,2026-04-24T03:15:00Z,2026-04-24,2026-04-24_21,0.0,17,17,83,124.83762479503108,123.49504715527952,0.0037293823326432014,1.2351714285714284,0.0,True,True,True,False,0.0,770.1182153797816,18.532617233524466,16.734938339486295,256.848906852789,0.0,1062.2346778055814
2026-04-24T03:15:00Z,2026-04-24T03:30:00Z,2026-04-24,2026-04-24_22,-1.810146235801885e-14,17,17,83,123.49504715527952,122.96466827329195,0.001473274672187724,0.4879485714285714,0.0,True,True,True,False,-5.460758656855337e-13,770.1182153797816,18.532617233524466,16.734938339486295,89.56803677525052,0.0,894.9538077280424
2026-04-24T03:30:00Z,2026-04-24T03:45:00Z,2026-04-24,2026-04-24_23,0.0,17,17,83,122.96466827329195,121.55208442236027,0.003923844030365769,1.2995771428571428,0.0,True,True,True,False,0.0,770.1182153797816,18.532617233524466,16.734938339486295,267.0875509543634,0.0,1072.4733219071559
2026-04-24T03:45:00Z,2026-04-24T04:00:00Z,2026-04-24,2026-04-24_24,0.0,17,17,83,121.55208442236027,119.62474901863357,0.005353709454796411,1.7731485714285715,0.0,True,True,True,False,0.0,770.1182153797816,18.532617233524466,16.734938339486295,415.91169830559835,0.0,1221.2974692583907
2026-04-24T04:00:00Z,2026-04-24T04:15:00Z,2026-04-24,2026-04-24_25,0.0,100,100,0,119.62474901863357,102.24151920496897,0.04828674948240165,15.992571428571429,0.0,True,True,True,False,0.0,0.0,109.0153954913204,98.4408137616841,8593.045671869566,0.0,8800.501881122571
2026-04-24T04:15:00Z,2026-04-24T04:30:00Z,2026-04-24,2026-04-24_26,0.0,100,100,0,102.24151920496897,80.1731962236025,0.0613008971704624,20.302857142857146,0.0,True,True,True,False,0.0,0.0,109.0153954913204,98.4408137616841,9846.483038028662,0.0,10053.939247281667
2026-04-24T04:30:00Z,2026-04-24T04:45:00Z,2026-04-24,2026-04-24_27,0.0,100,100,0,80.1731962236025,58.528475726708095,0.060124223602484476,19.91314285714286,0.0,True,True,True,False,0.0,0.0,109.0153954913204,98.4408137616841,13054.827935410754,0.0,13262.28414466376
2026-04-24T04:45:00Z,2026-04-24T05:00:00Z,2026-04-24,2026-04-24_28,0.0,100,100,0,58.528475726708095,47.55891050931679,0.030471014492753624,10.092,0.0,True,True,True,False,0.0,0.0,109.0153954913204,98.4408137616841,2366.102733485194,0.0,2573.5589427381988
2026-04-24T05:00:00Z,2026-04-24T05:15:00Z,2026-04-24,2026-04-24_29,100.0,0,0,0,47.55891050931679,20.38499746583853,0.0754830917874396,0.0,0.0,True,False,True,False,3739.75,0.0,0.0,0.0,0.0,0.0,3739.75
2026-04-24T05:15:00Z,2026-04-24T05:30:00Z,2026-04-24,2026-04-24_30,38.216790674285896,0,0,0,20.38499746583853,9.999999999999972,0.028847215182884887,0.0,0.0,True,False,True,False,1320.007949889835,0.0,0.0,0.0,0.0,0.0,1320.007949889835
2026-04-24T05:30:00Z,2026-04-24T05:45:00Z,2026-04-24,2026-04-24_31,-100.0,0,0,0,9.999999999999972,32.99999999999997,0.06388888888888888,0.0,0.0,True,False,True,False,-2125.0,0.0,0.0,0.0,0.0,0.0,-2125.0
2026-04-24T05:45:00Z,2026-04-24T06:00:00Z,2026-04-24,2026-04-24_32,-100.0,0,0,0,32.99999999999997,55.99999999999997,0.06388888888888888,0.0,0.0,True,False,True,False,-275.0,0.0,0.0,0.0,0.0,0.0,-275.0
2026-04-24T06:00:00Z,2026-04-24T06:15:00Z,2026-04-24,2026-04-24_33,78.00000000000003,22,100,0,55.99999999999997,35.29773155776394,0.058037039006211204,0.0021371428571428574,0.4719999999999999,True,True,True,False,2783.625000000001,0.0,24.54068808420391,98.4408137616841,0.2933514368751193,-30.637827350561615,2876.2620259322025
2026-04-24T06:15:00Z,2026-04-24T06:30:00Z,2026-04-24,2026-04-24_34,78.0,22,100,0,35.29773155776394,22.209340760248416,0.045064338881987576,0.023634285714285712,7.744,True,True,True,False,2359.695,0.0,24.54068808420391,98.4408137616841,3.2441217725013183,6029.15808027649,8515.07870389488
2026-04-24T06:30:00Z,2026-04-24T06:45:00Z,2026-04-24,2026-04-24_35,-6.519693156991613e-14,22,100,0,22.209340760248416,26.296243617391287,0.01135250793650798,0.0,4.442285714285714,True,True,True,False,-1.754286436217518e-12,0.0,24.54068808420391,98.4408137616841,0.0,240.48307258996604,363.4645744358523
2026-04-24T06:45:00Z,2026-04-24T07:00:00Z,2026-04-24,2026-04-24_36,0.0,22,100,0,26.296243617391287,25.9569944248447,0.0021602636300897165,0.5137942857142856,0.23828571428571427,True,True,True,False,0.0,0.0,24.54068808420391,98.4408137616841,86.5021573392282,-12.045865996386773,197.43779318872944
2026-04-24T07:00:00Z,2026-04-24T07:15:00Z,2026-04-24,2026-04-24_37,-0.561328715241824,100,61,0,25.9569944248447,19.102263793341425,0.019660557542607777,6.445142857142858,0.01708,True,True,True,False,-15.616164858027545,0.0,111.54858220092687,60.0488963946273,1079.605725955766,-1.3416071007776296,1234.245432592515
2026-04-24T07:15:00Z,2026-04-24T07:30:00Z,2026-04-24,2026-04-24_38,-13.39374323456244,100,61,0,19.102263793341425,11.889105590062115,0.030531581620565372,9.669142857142857,0.0,True,True,True,False,-244.43581403076453,0.0,111.54858220092687,60.0488963946273,2180.5337400271555,0.0,2107.695404591945
2026-04-24T07:30:00Z,2026-04-24T07:45:00Z,2026-04-24,2026-04-24_39,-39.0,100,61,0,11.889105590062115,17.947727542857148,0.027324536480331268,2.849142857142857,0.0,True,True,True,False,-49.822500000000005,0.0,111.54858220092687,60.0488963946273,359.90821953162697,0.0,481.68319812718113
2026-04-24T07:45:00Z,2026-04-24T08:00:00Z,2026-04-24,2026-04-24_40,-37.383951333830616,100,61,0,17.947727542857148,24.677122981366466,0.025645782519245448,1.8388571428571427,0.016382857142857143,True,True,True,False,-47.664537950634035,0.0,111.54858220092687,60.0488963946273,223.7332762548111,-1.1848585185767027,346.48135838115456
2026-04-24T08:00:00Z,2026-04-24T08:15:00Z,2026-04-24,2026-04-24_41,0.0,100,100,0,24.677122981366466,11.964032795031063,0.035334583850931675,11.699428571428571,0.004,True,True,True,False,0.0,0.0,111.37184824444272,98.4408137616841,3628.9962251871134,-0.3141937004163067,3838.494693492824
2026-04-24T08:15:00Z,2026-04-24T08:30:00Z,2026-04-24,2026-04-24_42,0.0,100,100,0,11.964032795031063,10.000000000000007,0.006179964113181504,1.9268571428571426,0.1417142857142857,True,True,True,False,0.0,0.0,111.37184824444272,98.4408137616841,176.5145532277792,-7.5367321610915985,378.7904830728144
2026-04-24T08:30:00Z,2026-04-24T08:45:00Z,2026-04-24,2026-04-24_43,0.0,100,100,0,10.000000000000007,13.408237515527958,0.01007464182194617,0.10057142857142856,3.8234285714285714,True,True,True,False,0.0,0.0,111.37184824444272,98.4408137616841,8.867443922035077,167.86776507288172,386.54787100104363
2026-04-24T08:45:00Z,2026-04-24T09:00:00Z,2026-04-24,2026-04-24_44,0.0,100,100,0,13.408237515527958,31.127963229813677,0.04922146031746033,0.0,19.26057142857143,True,True,True,False,0.0,0.0,111.37184824444272,98.4408137616841,0.0,2576.939190053526,2786.7518520596527
2026-04-24T09:00:00Z,2026-04-24T09:15:00Z,2026-04-24,2026-04-24_45,-83.0,100,17,0,31.127963229813677,51.28210882981368,0.055983737777777785,0.0,1.1566800000000002,True,True,True,False,-0.0,0.0,111.51912654151285,16.965281596104,0.0,77.53054050742284,206.01494864503968
2026-04-24T09:15:00Z,2026-04-24T09:30:00Z,2026-04-24,2026-04-24_46,-83.00000000000003,100,17,0,51.28210882981368,67.4736728645963,0.04819647704623879,3.136571428571429,0.08286285714285714,True,True,True,False,-0.0,0.0,111.51912654151285,16.965281596104,277.16933918332086,-0.6516231987162944,405.0021241222214
2026-04-24T09:30:00Z,2026-04-24T09:45:00Z,2026-04-24,2026-04-24_47,-83.0,100,17,0,67.4736728645963,70.59345166708077,0.025952905231193923,16.83942857142857,0.0,True,True,True,False,0.6224999999999999,0.0,111.51912654151285,16.965281596104,3898.038040665642,0.0,4027.1449488032586
2026-04-24T09:45:00Z,2026-04-24T10:00:00Z,2026-04-24,2026-04-24_48,-83.0,100,17,0,70.59345166708077,74.69304518757767,0.027614019268461007,15.806285714285714,0.0,True,True,True,False,4.15,0.0,111.51912654151285,16.965281596104,7577.134334414311,0.0,7709.768742551927
2026-04-24T10:00:00Z,2026-04-24T10:15:00Z,2026-04-24,2026-04-24_49,0.0,100,100,0,74.69304518757767,67.22782779627332,0.02073671497584541,6.868,0.0,True,True,True,False,0.0,0.0,112.37334066451967,99.91359673238553,1061.8426470819263,0.0,1274.1295844788315
2026-04-24T10:15:00Z,2026-04-24T10:30:00Z,2026-04-24,2026-04-24_50,0.0,100,100,0,67.22782779627332,68.75199872795034,0.012101302967563838,1.3028571428571427,3.196,True,True,True,False,0.0,0.0,112.37334066451967,99.91359673238553,115.12954879540378,163.9722975414343,491.38878373374325
2026-04-24T10:30:00Z,2026-04-24T10:45:00Z,2026-04-24,2026-04-24_51,0.0,100,100,0,68.75199872795034,72.62948841739133,0.011005449275362318,0.03885714285714286,4.260571428571429,True,True,True,False,0.0,0.0,112.37334066451967,99.91359673238553,3.43368829740678,193.14049440623,408.861120100542
2026-04-24T10:45:00Z,2026-04-24T11:00:00Z,2026-04-24,2026-04-24_52,0.0,100,100,0,72.62948841739133,93.32423127453418,0.057485396825396835,0.0,22.494285714285716,True,True,True,False,0.0,0.0,112.37334066451967,99.91359673238553,0.0,12616.271135698016,12828.558073094922
2026-04-24T11:00:00Z,2026-04-24T11:15:00Z,2026-04-24,2026-04-24_53,-19.0,0,0,81,93.32423127453418,97.69423127453419,0.01213888888888889,0.0,0.0,True,False,True,False,71.25,751.5611499489436,0.0,0.0,0.0,0.0,822.8111499489436
2026-04-24T11:15:00Z,2026-04-24T11:30:00Z,2026-04-24,2026-04-24_54,-18.999999999999975,0,0,81,97.69423127453419,102.06423127453418,0.012138888888888874,0.0,0.0,True,False,True,False,71.2499999999999,751.5611499489436,0.0,0.0,0.0,0.0,822.8111499489435
2026-04-24T11:30:00Z,2026-04-24T11:45:00Z,2026-04-24,2026-04-24_55,-19.0,0,0,81,102.06423127453418,106.43423127453418,0.01213888888888889,0.0,0.0,True,False,True,False,58.425000000000004,751.5611499489436,0.0,0.0,0.0,0.0,809.9861499489435
2026-04-24T11:45:00Z,2026-04-24T12:00:00Z,2026-04-24,2026-04-24_56,-19.00000000000004,0,0,81,106.43423127453418,110.80423127453419,0.012138888888888914,0.0,0.0,True,False,True,False,55.95500000000011,751.5611499489436,0.0,0.0,0.0,0.0,807.5161499489437
2026-04-24T12:00:00Z,2026-04-24T12:15:00Z,2026-04-24,2026-04-24_57,-19.0,0,0,81,110.80423127453419,115.1742312745342,0.01213888888888889,0.0,0.0,True,False,True,False,69.73,751.5611499489436,0.0,0.0,0.0,0.0,821.2911499489436
2026-04-24T12:15:00Z,2026-04-24T12:30:00Z,2026-04-24,2026-04-24_58,-19.0,0,0,81,115.1742312745342,119.5442312745342,0.01213888888888889,0.0,0.0,True,False,True,False,71.25,751.5611499489436,0.0,0.0,0.0,0.0,822.8111499489436
2026-04-24T12:30:00Z,2026-04-24T12:45:00Z,2026-04-24,2026-04-24_59,-19.0,0,0,81,119.5442312745342,123.9142312745342,0.01213888888888889,0.0,0.0,True,False,True,False,51.964999999999996,751.5611499489436,0.0,0.0,0.0,0.0,803.5261499489436
2026-04-24T12:45:00Z,2026-04-24T13:00:00Z,2026-04-24,2026-04-24_60,-19.0,0,0,81,123.9142312745342,128.2842312745342,0.01213888888888889,0.0,0.0,True,False,True,False,57.0,751.5611499489436,0.0,0.0,0.0,0.0,808.5611499489436
2026-04-24T13:00:00Z,2026-04-24T13:15:00Z,2026-04-24,2026-04-24_61,0.0,19,19,81,128.2842312745342,130.2607697888199,0.005490384761904762,0.0,2.1484114285714284,True,True,True,False,0.0,751.5611499489436,21.188634042887443,18.70375461471998,0.0,133.01132243679658,924.4648610433476
2026-04-24T13:15:00Z,2026-04-24T13:30:00Z,2026-04-24,2026-04-24_62,0.0,19,19,81,130.2607697888199,132.20354693167707,0.005396603174603175,0.0,2.1117142857142857,True,True,True,False,0.0,751.5611499489436,21.188634042887443,18.70375461471998,0.0,45.11050327098085,836.5640418775318
2026-04-24T13:30:00Z,2026-04-24T13:45:00Z,2026-04-24,2026-04-24_63,0.0,19,19,81,132.20354693167707,133.16364841739136,0.0026669485714285717,0.0,1.0435885714285715,True,True,True,False,0.0,751.5611499489436,21.188634042887443,18.70375461471998,0.0,8.010327169900245,799.4638657764513
2026-04-24T13:45:00Z,2026-04-24T14:00:00Z,2026-04-24,2026-04-24_64,0.0,19,19,81,133.16364841739136,135.3973660223603,0.006216572367149759,0.001954285714285714,2.430262857142857,True,True,True,False,0.0,751.5611499489436,21.188634042887443,18.70375461471998,0.17269432319310565,233.18812123388355,1024.8143541636277
2026-04-24T14:00:00Z,2026-04-24T14:15:00Z,2026-04-24,2026-04-24_65,-19.0,0,0,81,135.3973660223603,139.7673660223603,0.01213888888888889,0.0,0.0,True,False,True,False,2.9925,751.5611499489436,0.0,0.0,0.0,0.0,754.5536499489435
2026-04-24T14:15:00Z,2026-04-24T14:30:00Z,2026-04-24,2026-04-24_66,-19.0,0,0,81,139.7673660223603,144.1373660223603,0.01213888888888889,0.0,0.0,True,False,True,False,-0.0,751.5611499489436,0.0,0.0,0.0,0.0,751.5611499489436
2026-04-24T14:30:00Z,2026-04-24T14:45:00Z,2026-04-24,2026-04-24_67,-19.0,0,0,81,144.1373660223603,148.50736602236032,0.01213888888888889,0.0,0.0,True,False,True,False,-0.0,751.5611499489436,0.0,0.0,0.0,0.0,751.5611499489436
2026-04-24T14:45:00Z,2026-04-24T15:00:00Z,2026-04-24,2026-04-24_68,-18.40275642452056,0,0,81,148.50736602236032,152.74000000000004,0.011757316604554802,0.0,0.0,True,False,True,False,-0.0460068910613014,751.5611499489436,0.0,0.0,0.0,0.0,751.5151430578823
2026-04-24T15:00:00Z,2026-04-24T15:15:00Z,2026-04-24,2026-04-24_69,-79.00000000000003,55,21,0,152.74000000000004,171.98231520000004,0.05345087555555558,0.0,1.16556,True,True,True,False,-0.19750000000000006,0.0,59.95846752022622,20.672570889953658,0.0,23.08117333280968,103.51471174298956
2026-04-24T15:15:00Z,2026-04-24T15:30:00Z,2026-04-24,2026-04-24_70,-78.76139428571443,55,21,0,171.98231520000004,189.90317920000007,0.049780177777777865,0.3328285714285714,0.12168000000000001,True,True,True,False,-377.6608856000007,0.0,59.95846752022622,20.672570889953658,45.373545833006055,-6.299456083575525,-257.9557574403903
2026-04-24T15:30:00Z,2026-04-24T15:45:00Z,2026-04-24,2026-04-24_71,0.0,55,21,0,189.90317920000007,189.9856521739131,0.00030880173913043474,0.0132,0.10524,True,True,True,False,0.0,0.0,59.95846752022622,20.672570889953658,1.555258817060718,-5.745483190637028,76.44081403660357
2026-04-24T15:45:00Z,2026-04-24T16:00:00Z,2026-04-24,2026-04-24_72,45.00000000000014,55,21,0,189.9856521739131,176.14437267080748,0.03844799861973786,1.4928571428571429,0.008879999999999999,True,True,True,False,1645.087500000005,0.0,59.95846752022622,20.672570889953658,249.92165215391003,-0.5992465477967167,1975.0409440162982
2026-04-24T16:00:00Z,2026-04-24T16:15:00Z,2026-04-24,2026-04-24_73,-89.56797443389794,100,10,0,176.14437267080748,188.62590469565225,0.04012703725001429,8.661142857142858,0.0,True,True,True,False,-2336.8284529803973,0.0,109.0153954913204,9.84408137616841,7114.054633234961,0.0,4896.085657122053
2026-04-24T16:15:00Z,2026-04-24T16:30:00Z,2026-04-24,2026-04-24_74,-89.99999999999999,100,10,0,188.62590469565225,190.00000000000009,0.01627586859903382,20.632,0.0,True,True,True,False,-2413.5749999999994,0.0,109.0153954913204,9.84408137616841,21282.586225748175,0.0,18987.870702615663
2026-04-24T16:30:00Z,2026-04-24T16:45:00Z,2026-04-24,2026-04-24_75,-89.5440231826369,100,10,0,190.00000000000009,190.00000000000009,0.01387130727123332,21.969142857142856,0.0,True,True,True,False,-2977.338770822677,0.0,109.0153954913204,9.84408137616841,15554.475837831167,0.0,12695.99654387598
2026-04-24T16:45:00Z,2026-04-24T17:00:00Z,2026-04-24,2026-04-24_76,0.0,100,10,0,190.00000000000009,168.54658385093177,0.05959282263630089,19.737142857142857,0.0,True,True,True,False,0.0,0.0,109.0153954913204,9.84408137616841,14787.648489064939,0.0,14906.507965932427
2026-04-24T17:00:00Z,2026-04-24T17:15:00Z,2026-04-24,2026-04-24_77,0.0,0,100,0,168.54658385093177,175.45814956521747,0.01919879365079365,0.0,7.5125714285714285,True,True,True,False,0.0,0.0,0.0,98.4408137616841,0.0,-13.244809183433015,85.19600457825108
2026-04-24T17:15:00Z,2026-04-24T17:30:00Z,2026-04-24,2026-04-24_78,56.18323447737269,0,100,0,175.45814956521747,162.9415547826088,0.04084446622106596,0.0,2.7131428571428575,True,True,True,False,2747.9219982882983,0.0,0.0,98.4408137616841,0.0,-136.84524838134143,2709.517563668641
2026-04-24T17:30:00Z,2026-04-24T17:45:00Z,2026-04-24,2026-04-24_79,100.0,0,100,0,162.9415547826088,136.82416347826097,0.07254830917874394,0.0,0.9720000000000001,True,True,True,False,6095.75,0.0,0.0,98.4408137616841,0.0,-51.82517555573012,6142.365638205954
2026-04-24T17:45:00Z,2026-04-24T18:00:00Z,2026-04-24,2026-04-24_80,100.0,0,100,0,136.82416347826097,109.77447403726717,0.07513802622498275,0.0,0.1142857142857143,True,True,True,False,7994.25,0.0,0.0,98.4408137616841,0.0,-8.150296800834859,8084.540516960849
2026-04-24T18:00:00Z,2026-04-24T18:15:00Z,2026-04-24,2026-04-24_81,100.0,0,100,0,109.77447403726717,93.99000198757773,0.043845755693581775,0.0,10.478285714285713,True,True,True,False,7359.999999999999,0.0,0.0,98.4408137616841,0.0,132.58146683573278,7591.022280597416
2026-04-24T18:15:00Z,2026-04-24T18:30:00Z,2026-04-24,2026-04-24_82,100.0,0,100,0,93.99000198757773,81.15149267080754,0.03566252587991719,0.0,13.188571428571427,True,True,True,False,6181.25,0.0,0.0,98.4408137616841,0.0,63.858024843744744,6343.5488386054285
2026-04-24T18:30:00Z,2026-04-24T18:45:00Z,2026-04-24,2026-04-24_83,100.0,0,100,0,81.15149267080754,63.5421759006212,0.04891476880607316,0.0,8.799428571428571,True,True,True,False,6055.75,0.0,0.0,98.4408137616841,0.0,-26.195769606247968,6127.9950441554365
2026-04-24T18:45:00Z,2026-04-24T19:00:00Z,2026-04-24,2026-04-24_84,0.0,0,100,0,63.5421759006212,63.86391304347835,0.0008937142857142857,0.0,0.3497142857142857,True,True,True,False,0.0,0.0,0.0,98.4408137616841,0.0,-20.606593579227308,77.83422018245679
2026-04-24T19:00:00Z,2026-04-24T19:15:00Z,2026-04-24,2026-04-24_85,97.99999999999997,0,98,2,63.86391304347835,37.24321739130445,0.07394637681159417,0.0,0.008960000000000001,True,True,True,False,6498.869999999998,18.55706543083811,0.0,96.4719974864504,0.0,-0.703793888932527,6613.195269028354
2026-04-24T19:15:00Z,2026-04-24T19:30:00Z,2026-04-24,2026-04-24_86,97.99999999999997,0,98,2,37.24321739130445,11.086956521739243,0.07265628019323668,0.0,0.43624,True,True,True,False,5546.064999999999,18.55706543083811,0.0,96.4719974864504,0.0,-24.299794721545833,5636.794268195741
2026-04-24T19:30:00Z,2026-04-24T19:45:00Z,2026-04-24,2026-04-24_87,2.842170943040401e-14,0,98,2,11.086956521739243,11.720652521739236,0.001760266666666687,0.0,0.6888,True,True,True,False,9.876544027065393e-13,18.55706543083811,0.0,96.4719974864504,0.0,-37.54990684156783,77.47915607572168
2026-04-24T19:45:00Z,2026-04-24T20:00:00Z,2026-04-24,2026-04-24_88,7.72619875664131,0,98,2,11.720652521739236,11.383251677018729,0.009827732415309248,0.0,1.8883199999999998,True,True,True,False,358.1865743578911,18.55706543083811,0.0,96.4719974864504,0.0,-97.92832563035111,375.28731164482855
2026-04-24T20:00:00Z,2026-04-24T20:15:00Z,2026-04-24,2026-04-24_89,0.0,68,100,0,11.383251677018729,10.000000000000094,0.004008841959972395,1.3001600000000002,0.03257142857142857,True,True,True,False,0.0,0.0,74.27067787290865,98.4408137616841,225.24038834341377,-1.872147177306238,396.0797328007003
2026-04-24T20:15:00Z,2026-04-24T20:30:00Z,2026-04-24,2026-04-24_90,1.350042516071612,68,100,0,10.000000000000094,10.000000000000098,0.004693483120063924,0.45229714285714284,0.9308571428571428,True,True,True,False,46.586592123341156,0.0,74.27067787290865,98.4408137616841,77.16043240234748,-48.5513910926086,247.90712506767278
2026-04-24T20:30:00Z,2026-04-24T20:45:00Z,2026-04-24,2026-04-24_91,3.8786665819905535,68,100,0,10.000000000000098,10.131171339130534,0.008164374281780523,0.3893485714285714,1.736,True,True,True,False,120.72349736445598,0.0,74.27067787290865,98.4408137616841,64.71708159834823,-87.6546367135339,270.49743388386304
2026-04-24T20:45:00Z,2026-04-24T21:00:00Z,2026-04-24,2026-04-24_92,32.0,68,100,0,10.131171339130534,10.0000000000001,0.030943295624568667,0.0,8.798285714285715,True,True,True,False,1070.56,0.0,74.27067787290865,98.4408137616841,0.0,248.57696904069937,1491.848460675292
2026-04-24T21:00:00Z,2026-04-24T21:15:00Z,2026-04-25,2026-04-24_93,-36.82709720254423,100,19,0,10.0000000000001,17.8001643751877,0.024895524542637458,0.8462857142857143,0.21497142857142856,True,True,True,False,-1263.2615017902735,0.0,107.71088595664467,18.092306786050894,146.21343824334633,-4.7936332301063675,-996.038504034338
2026-04-24T21:15:00Z,2026-04-24T21:30:00Z,2026-04-25,2026-04-24_94,0.0,100,19,0,17.8001643751877,17.955901836057265,0.000667248640441684,0.03885714285714286,0.21518857142857145,True,True,True,False,0.0,0.0,107.71088595664467,18.092306786050894,4.959382433463489,-10.953963637179662,119.80861153897939
2026-04-24T21:30:00Z,2026-04-24T21:45:00Z,2026-04-25,2026-04-24_95,-80.84281762588213,100,19,0,17.955901836057265,36.5579130534162,0.051736375075489414,0.05542857142857143,0.06622857142857143,True,True,True,False,-2459.2385121793345,0.0,107.71088595664467,18.092306786050894,7.074413177146448,-3.804072494502042,-2330.1649787539945
2026-04-24T21:45:00Z,2026-04-24T22:00:00Z,2026-04-25,2026-04-24_96,-81.0,100,19,0,36.5579130534162,55.13923333167706,0.05168755287784678,0.06342857142857143,0.012702857142857144,True,True,True,False,-2299.7925,0.0,107.71088595664467,18.092306786050894,8.095462501683048,-0.9473341288541807,-2166.8411788844755
2026-04-24T22:00:00Z,2026-04-24T22:15:00Z,2026-04-25,2026-04-25_1,0.0,17,17,83,55.13923333167706,55.196700849689485,0.00019189562456866803,0.005342857142857142,0.06877714285714286,True,True,True,False,0.0,770.0577285579641,18.310850612629594,16.1878534401508,0.7362773551456396,-4.033810219469503,801.2588997464206
2026-04-24T22:15:00Z,2026-04-24T22:30:00Z,2026-04-25,2026-04-25_2,0.0,17,17,83,55.196700849689485,55.27217138881991,0.00021785294685990338,0.00136,0.08363999999999999,True,True,True,False,0.0,770.0577285579641,18.310850612629594,16.1878534401508,0.17357838517122212,-4.803469769085767,799.92654122683
2026-04-24T22:30:00Z,2026-04-24T22:45:00Z,2026-04-25,2026-04-25_3,0.0,17,17,83,55.27217138881991,55.347963597515566,0.0007760273567977916,0.09364571428571429,0.19302285714285713,True,True,True,False,0.0,770.0577285579641,18.310850612629594,16.1878534401508,15.84388471343297,-3.9477813383600373,816.4525359858175
2026-04-24T22:45:00Z,2026-04-24T23:00:00Z,2026-04-25,2026-04-25_4,0.0,17,17,83,55.347963597515566,55.95890668322985,0.0016970641269841273,0.0,0.6640685714285715,True,True,True,False,0.0,770.0577285579641,18.310850612629594,16.1878534401508,0.0,-20.30658789551636,784.2498447152282
2026-04-24T23:00:00Z,2026-04-24T23:15:00Z,2026-04-25,2026-04-25_5,-0.9999999999999716,17,16,83,55.95890668322985,55.73842281739134,0.0020569720082815597,0.4696857142857143,0.060251428571428574,True,True,True,False,-25.842499999999266,770.0577285579641,18.290822337417527,15.69745523091423,82.53512741797944,-1.351374426641533,859.3872591176345
2026-04-24T23:15:00Z,2026-04-24T23:30:00Z,2026-04-25,2026-04-25_6,-1.0,17,16,83,55.73842281739134,55.49620043726712,0.0018188094685990337,0.4384057142857143,0.0,True,True,True,False,-25.61,770.0577285579641,18.290822337417527,15.69745523091423,77.02943694515506,0.0,855.4654430714509
2026-04-24T23:30:00Z,2026-04-24T23:45:00Z,2026-04-25,2026-04-25_7,0.0,17,16,83,55.49620043726712,55.10869565217396,0.0010899539268461008,0.3587485714285714,0.0026514285714285715,True,True,True,False,0.0,770.0577285579641,18.290822337417527,15.69745523091423,63.26345934765046,-0.20325848929581253,867.1062069846505
2026-04-24T23:45:00Z,2026-04-25T00:00:00Z,2026-04-25,2026-04-25_8,0.0,17,16,83,55.10869565217396,55.498765823602525,0.0011240044444444444,0.006702857142857143,0.4319085714285714,True,True,True,False,0.0,770.0577285579641,18.290822337417527,15.69745523091423,1.1318836676989363,16.996731924060857,822.1746217180556
2026-04-25T00:00:00Z,2026-04-25T00:15:00Z,2026-04-25,2026-04-25_9,0.0,17,17,83,55.498765823602525,55.67408908322985,0.0005040207867494825,0.002817142857142857,0.19389714285714288,True,True,True,False,0.0,770.0577285579641,18.290822337417527,16.678546182846368,0.4442459707822808,-0.506977370854091,804.9643656781561
2026-04-25T00:15:00Z,2026-04-25T00:30:00Z,2026-04-25,2026-04-25_10,0.0,17,17,83,55.67408908322985,56.69810691180128,0.0028444939682539688,0.0,1.1130628571428574,True,True,True,False,0.0,770.0577285579641,18.290822337417527,16.678546182846368,0.0,7.514616756429246,812.5417138346572
2026-04-25T00:30:00Z,2026-04-25T00:45:00Z,2026-04-25,2026-04-25_11,0.0,17,17,83,56.69810691180128,57.15247125465842,0.0012621231746031746,0.0,0.49387428571428565,True,True,True,False,0.0,770.0577285579641,18.290822337417527,16.678546182846368,0.0,5.874842542973834,810.9019396212018
2026-04-25T00:45:00Z,2026-04-25T01:00:00Z,2026-04-25,2026-04-25_12,0.0,17,17,83,57.15247125465842,58.009543254658425,0.0023807555555555556,0.0,0.9316,True,True,True,False,0.0,770.0577285579641,18.290822337417527,16.678546182846368,0.0,22.287205623625507,827.3143027018535
2026-04-25T01:00:00Z,2026-04-25T01:15:00Z,2026-04-25,2026-04-25_13,0.0,17,17,83,58.009543254658425,58.37733945838514,0.0010269356245686681,0.0008742857142857142,0.4008114285714286,True,True,True,False,0.0,770.0577285579641,18.290822337417527,16.678546182846368,0.1390534536151878,-12.592883102194696,792.5732674296485
2026-04-25T01:15:00Z,2026-04-25T01:30:00Z,2026-04-25,2026-04-25_14,0.0,17,17,83,58.37733945838514,58.98077534409942,0.0016762107936507938,0.0,0.6559085714285714,True,True,True,False,0.0,770.0577285579641,18.290822337417527,16.678546182846368,0.0,-15.576025492572144,789.4510715856559
2026-04-25T01:30:00Z,2026-04-25T01:45:00Z,2026-04-25,2026-04-25_15,0.0,17,17,83,58.98077534409942,58.739873898136686,0.0007903186197377501,0.24169142857142856,0.023702857142857144,True,True,True,False,0.0,770.0577285579641,18.290822337417527,16.678546182846368,42.64196499259458,-1.2530847179210984,846.4159773529015
2026-04-25T01:45:00Z,2026-04-25T02:00:00Z,2026-04-25,2026-04-25_16,0.0,17,17,83,58.739873898136686,58.99383607453421,0.0007259818909592823,0.0034000000000000002,0.28006285714285717,True,True,True,False,0.0,770.0577285579641,18.290822337417527,16.678546182846368,0.5649882972038957,-14.052085667160362,791.5399997082715
2026-04-25T02:00:00Z,2026-04-25T02:15:00Z,2026-04-25,2026-04-25_17,0.0,17,17,83,58.99383607453421,59.04332182857148,0.0002612354451345756,0.020497142857142856,0.07800571428571429,True,True,True,False,0.0,770.0577285579641,18.290822337417527,16.678546182846368,3.454972770521969,-4.046469844261928,804.435600004488
2026-04-25T02:15:00Z,2026-04-25T02:30:00Z,2026-04-25,2026-04-25_18,0.0,17,17,83,59.04332182857148,59.049930077018686,7.349772256728779e-05,0.009131428571428572,0.017971428571428572,True,True,True,False,0.0,770.0577285579641,18.290822337417527,16.678546182846368,1.4910578609577667,-1.3611395134868274,805.1570154256989
2026-04-25T02:30:00Z,2026-04-25T02:45:00Z,2026-04-25,2026-04-25_19,0.0,17,17,83,59.049930077018686,59.10755319254664,0.00021579229813664598,0.00922857142857143,0.07353714285714286,True,True,True,False,0.0,770.0577285579641,18.290822337417527,16.678546182846368,1.5286343577487547,-3.8934053150666483,802.66232612091
2026-04-25T02:45:00Z,2026-04-25T03:00:00Z,2026-04-25,2026-04-25_20,0.0,17,17,83,59.10755319254664,60.13702267826093,0.0028596374603174607,0.0,1.1189885714285714,True,True,True,False,0.0,770.0577285579641,18.290822337417527,16.678546182846368,0.0,39.268087986400964,844.295185064629
2026-04-25T03:00:00Z,2026-04-25T03:15:00Z,2026-04-25,2026-04-25_21,68.0,32,100,0,60.13702267826093,53.85678329440999,0.036748403367839896,0.0,11.802285714285714,True,True,True,False,1778.03,0.0,34.42978322337417,95.2226672950047,0.0,513.4578281944257,2421.1402787128045
2026-04-25T03:15:00Z,2026-04-25T03:30:00Z,2026-04-25,2026-04-25_22,66.47079998041144,32,100,0,53.85678329440999,44.448384228571484,0.04051985240271762,0.0,8.394285714285713,True,True,True,False,1751.8379334837437,0.0,34.42978322337417,95.2226672950047,0.0,113.48471679906645,1994.975100801189
2026-04-25T03:30:00Z,2026-04-25T03:45:00Z,2026-04-25,2026-04-25_23,68.0,32,100,0,44.448384228571484,31.668714881987633,0.044517067550034504,0.0,5.513714285714285,True,True,True,False,1829.03,0.0,34.42978322337417,95.2226672950047,0.0,-119.02641937076432,1839.6560311476146
2026-04-25T03:45:00Z,2026-04-25T04:00:00Z,2026-04-25,2026-04-25_24,68.0,32,100,0,31.668714881987633,22.463289073291985,0.040244831690821256,0.0,8.972000000000001,True,True,True,False,1791.97,0.0,34.42978322337417,95.2226672950047,0.0,325.8727364121898,2247.4951869305687
2026-04-25T04:00:00Z,2026-04-25T04:15:00Z,2026-04-25,2026-04-25_25,10.0,69,79,21,22.463289073291985,21.736827021118074,0.012358136811594204,0.17388,2.3162800000000003,True,True,True,False,292.275,194.83388312912345,74.23922007540057,75.22590716305372,30.305370664467482,82.41605133521836,749.2954323672635
2026-04-25T04:15:00Z,2026-04-25T04:30:00Z,2026-04-25,2026-04-25_26,0.0,69,79,21,21.736827021118074,21.413043478260935,0.0009363155555555556,0.3039942857142858,0.007222857142857143,True,True,True,False,0.0,194.83388312912345,74.23922007540057,75.22590716305372,52.81685826713343,-0.5549791661056505,396.5608894686055
2026-04-25T04:30:00Z,2026-04-25T04:45:00Z,2026-04-25,2026-04-25_27,4.598282042117636,69,79,21,21.413043478260935,21.41304347826094,0.008548592056209661,0.36944571428571427,1.77592,True,True,True,False,110.30129048529679,194.83388312912345,74.23922007540057,75.22590716305372,65.21876090278712,-47.83106872447376,471.9879930311879
2026-04-25T04:45:00Z,2026-04-25T05:00:00Z,2026-04-25,2026-04-25_28,9.70263526545757,69,79,21,21.41304347826094,21.41304347826094,0.0125685620381393,0.0,2.803371428571429,True,True,True,False,197.83673306267985,194.83388312912345,74.23922007540057,75.22590716305372,0.0,-132.27500673219336,409.8607366980642
2026-04-25T05:00:00Z,2026-04-25T05:15:00Z,2026-04-25,2026-04-25_29,0.0,100,0,0,21.41304347826094,20.181366459627398,0.0034213250517598345,1.1331428571428572,0.0,True,True,True,False,0.0,0.0,107.5930725730443,0.0,191.1046051568601,0.0,298.6976777299044
2026-04-25T05:15:00Z,2026-04-25T05:30:00Z,2026-04-25,2026-04-25_30,0.0,100,0,0,20.181366459627398,19.570186335403797,0.0016977225672877847,0.5622857142857143,0.0,True,True,True,False,0.0,0.0,107.5930725730443,0.0,94.09353709438535,0.0,201.68660966742965
2026-04-25T05:30:00Z,2026-04-25T05:45:00Z,2026-04-25,2026-04-25_31,0.0,100,0,0,19.570186335403797,16.547826086956594,0.008395445134575567,2.7805714285714282,0.0,True,True,True,False,0.0,0.0,107.5930725730443,0.0,504.0162441093307,0.0,611.609316682375
2026-04-25T05:45:00Z,2026-04-25T06:00:00Z,2026-04-25,2026-04-25_32,-100.0,100,0,0,16.547826086956594,27.157266086956596,0.02947066666666667,13.468,0.0,True,True,True,False,-846.25,0.0,107.5930725730443,0.0,5600.218549324535,0.0,4861.561621897579
2026-04-25T06:00:00Z,2026-04-25T06:15:00Z,2026-04-25,2026-04-25_33,-0.03804176924597893,100,97,0,27.157266086956596,16.380310559006286,0.02996530181626206,9.92342857142857,0.0,True,True,True,False,-0.594117331199076,0.0,110.30278039585296,92.36598727615456,2596.8097401373366,0.0,2798.884390478145
2026-04-25T06:15:00Z,2026-04-25T06:30:00Z,2026-04-25,2026-04-25_34,-3.0000000000000004,100,97,0,16.380310559006286,10.522980571428647,0.01917580869565217,6.051428571428572,0.0,True,True,True,False,-16.927500000000002,0.0,110.30278039585296,92.36598727615456,1252.9860239666084,0.0,1438.727291638616
2026-04-25T06:30:00Z,2026-04-25T06:45:00Z,2026-04-25,2026-04-25_35,-2.145988376873227,100,97,0,10.522980571428647,10.502657858384879,0.002779896182312047,0.48,0.006651428571428571,True,True,True,False,-4.42610102730103,0.0,110.30278039585296,92.36598727615456,42.85645617342129,-0.5224182038508146,240.57670461427696
2026-04-25T06:45:00Z,2026-04-25T07:00:00Z,2026-04-25,2026-04-25_36,-3.0000000000012523,100,97,0,10.502657858384879,10.91219677018641,0.0042102788957909636,0.5245714285714286,0.3120628571428571,True,True,True,False,-1.0500000000004381,0.0,110.30278039585296,92.36598727615456,55.64445401911943,-16.64935736053139,240.6138643305951
2026-04-25T07:00:00Z,2026-04-25T07:15:00Z,2026-04-25,2026-04-25_37,0.0,100,100,0,10.91219677018641,10.000000000000075,0.004105181504485852,1.0994285714285714,0.30742857142857144,True,True,True,False,0.0,0.0,110.30278039585296,95.2226672950047,98.9200754005655,-16.968695300929042,287.4768277904941
2026-04-25T07:15:00Z,2026-04-25T07:30:00Z,2026-04-25,2026-04-25_38,0.0,100,100,0,10.000000000000075,14.022337391304424,0.011207665976535542,0.005714285714285714,4.378857142857143,True,True,True,False,0.0,0.0,110.30278039585296,95.2226672950047,0.5037924689197073,553.3371443157847,759.3663844755621
2026-04-25T07:30:00Z,2026-04-25T07:45:00Z,2026-04-25,2026-04-25_39,0.0,100,100,0,14.022337391304424,24.647023105590137,0.029513015873015875,0.0,11.548571428571428,True,True,True,False,0.0,0.0,110.30278039585296,95.2226672950047,0.0,1994.951767200754,2200.4772148916118
2026-04-25T07:45:00Z,2026-04-25T08:00:00Z,2026-04-25,2026-04-25_40,0.0,100,100,0,24.647023105590137,28.53362881987585,0.010796126984126983,0.0,4.224571428571428,True,True,True,False,0.0,0.0,110.30278039585296,95.2226672950047,0.0,41.49665914905075,247.02210683990842
2026-04-25T08:00:00Z,2026-04-25T08:15:00Z,2026-04-25,2026-04-25_41,-41.181255991971064,100,58,0,28.53362881987585,24.21396273291922,0.03611336117012827,13.545714285714286,0.0009942857142857143,True,True,True,False,0.5147656998996383,0.0,111.89326107445805,55.22914703110273,3941.6251840132845,-0.07809344284367847,4109.184264375901
2026-04-25T08:15:00Z,2026-04-25T08:30:00Z,2026-04-25,2026-04-25_42,-42.0,100,58,0,24.21396273291922,10.948115199999966,0.04211688314699793,22.546285714285716,0.0,True,True,True,False,19.425,0.0,111.89326107445805,55.22914703110273,20395.295327857817,0.0,20581.84273596338
2026-04-25T08:30:00Z,2026-04-25T08:45:00Z,2026-04-25,2026-04-25_43,-41.420832415032926,100,58,0,10.948115199999966,20.24917885217401,0.03054606916745975,1.3314285714285714,1.2276114285714286,True,True,True,False,66.99819643131576,0.0,111.89326107445805,55.22914703110273,115.6495567972712,32.402452690633275,382.172614024781
2026-04-25T08:45:00Z,2026-04-25T09:00:00Z,2026-04-25,2026-04-25_44,-42.0,100,58,0,20.24917885217401,26.391835905590156,0.029477498026224982,3.544571428571429,0.09445714285714285,True,True,True,False,195.08999999999997,0.0,111.89326107445805,55.22914703110273,312.3173333782146,-4.8311912952739995,669.6985501885014
2026-04-25T09:00:00Z,2026-04-25T09:15:00Z,2026-04-25,2026-04-25_45,-6.0,74,68,26,26.391835905590156,25.825979985093262,0.008686839144237405,1.8487314285714287,0.04196571428571429,True,True,True,False,22.544999999999998,241.2229029217719,82.82280867106503,64.87158341187558,163.25850740092454,-2.210813949104618,572.5099884565324
2026-04-25T09:15:00Z,2026-04-25T09:30:00Z,2026-04-25,2026-04-25_46,-6.0,74,68,26,25.825979985093262,25.364272556521833,0.009025415873015873,1.8576114285714285,0.16553142857142858,True,True,True,False,45.015,241.2229029217719,82.82280867106503,64.87158341187558,164.00000991876485,-8.750270580315066,589.1820343431623
2026-04-25T09:30:00Z,2026-04-25T09:45:00Z,2026-04-25,2026-04-25_47,-5.999999999999986,74,68,26,25.364272556521833,31.847642196273384,0.018011706556245677,0.0004228571428571429,5.5476342857142855,True,True,True,False,67.49999999999984,241.2229029217719,82.82280867106503,64.87158341187558,0.03321215385305866,1269.7152328665677,1726.1657400251331
2026-04-25T09:45:00Z,2026-04-25T10:00:00Z,2026-04-25,2026-04-25_48,-6.0,74,68,26,31.847642196273384,35.00000000000009,0.008775321021394066,0.003382857142857143,1.9304228571428572,True,True,True,False,75.0,241.2229029217719,82.82280867106503,64.87158341187558,0.2656972308244693,20.271562676720073,484.45455491225704
2026-04-25T10:00:00Z,2026-04-25T10:15:00Z,2026-04-25,2026-04-25_49,0.1031272929224088,53,54,46,35.00000000000009,38.475772124223695,0.00976670429693854,0.0,3.8071542857142857,True,True,True,False,-1.28909116153011,426.7789820923656,59.42831055607916,51.531573986804894,0.0,896.8514128315605,1433.30118830528
2026-04-25T10:15:00Z,2026-04-25T10:30:00Z,2026-04-25,2026-04-25_50,1.0,53,54,46,38.475772124223695,38.788809003726804,0.002308366763285024,0.0,0.6334971428571429,True,True,True,False,-11.4225,426.7789820923656,59.42831055607916,51.531573986804894,0.0,-35.15456360576275,491.1618030294869
2026-04-25T10:30:00Z,2026-04-25T10:45:00Z,2026-04-25,2026-04-25_51,1.0,53,54,46,38.788809003726804,38.617170782608795,0.0011996591856452726,0.030285714285714287,0.14410285714285714,True,True,True,False,-12.5,426.7789820923656,59.42831055607916,51.531573986804894,2.040991203267358,-9.922181176787397,517.3576766617296
2026-04-25T10:45:00Z,2026-04-25T11:00:00Z,2026-04-25,2026-04-25_52,0.0,53,54,46,38.617170782608795,38.80434782608706,0.0006077209109730849,0.014537142857142856,0.22062857142857142,True,True,True,False,0.0,426.7789820923656,59.42831055607916,51.531573986804894,0.7136124949508549,-14.839532819442573,523.6129463107579
2026-04-25T11:00:00Z,2026-04-25T11:15:00Z,2026-04-25,2026-04-25_53,-47.0,0,0,53,38.80434782608706,49.61434782608706,0.030027777777777778,0.0,0.0,True,False,True,False,587.5,491.72360980207344,0.0,0.0,0.0,0.0,1079.2236098020735
2026-04-25T11:15:00Z,2026-04-25T11:30:00Z,2026-04-25,2026-04-25_54,-47.0,0,0,53,49.61434782608706,60.424347826087065,0.030027777777777778,0.0,0.0,True,False,True,False,587.5,491.72360980207344,0.0,0.0,0.0,0.0,1079.2236098020735
2026-04-25T11:30:00Z,2026-04-25T11:45:00Z,2026-04-25,2026-04-25_55,-47.0,0,0,53,60.424347826087065,71.23434782608706,0.030027777777777778,0.0,0.0,True,False,True,False,587.5,491.72360980207344,0.0,0.0,0.0,0.0,1079.2236098020735
2026-04-25T11:45:00Z,2026-04-25T12:00:00Z,2026-04-25,2026-04-25_56,-47.0,0,0,53,71.23434782608706,82.04434782608706,0.030027777777777778,0.0,0.0,True,False,True,False,587.5,491.72360980207344,0.0,0.0,0.0,0.0,1079.2236098020735
2026-04-25T12:00:00Z,2026-04-25T12:15:00Z,2026-04-25,2026-04-25_57,-47.0,0,0,53,82.04434782608706,92.85434782608706,0.030027777777777778,0.0,0.0,True,False,True,False,587.5,491.72360980207344,0.0,0.0,0.0,0.0,1079.2236098020735
2026-04-25T12:15:00Z,2026-04-25T12:30:00Z,2026-04-25,2026-04-25_58,-47.0,0,0,53,92.85434782608706,103.66434782608707,0.030027777777777778,0.0,0.0,True,False,True,False,587.5,491.72360980207344,0.0,0.0,0.0,0.0,1079.2236098020735
2026-04-25T12:30:00Z,2026-04-25T12:45:00Z,2026-04-25,2026-04-25_59,-47.0,0,0,53,103.66434782608707,114.47434782608707,0.030027777777777778,0.0,0.0,True,False,True,False,587.5,491.72360980207344,0.0,0.0,0.0,0.0,1079.2236098020735
2026-04-25T12:45:00Z,2026-04-25T13:00:00Z,2026-04-25,2026-04-25_60,-47.0,0,0,53,114.47434782608707,125.28434782608707,0.030027777777777778,0.0,0.0,True,False,True,False,587.5,491.72360980207344,0.0,0.0,0.0,0.0,1079.2236098020735
2026-04-25T13:00:00Z,2026-04-25T13:15:00Z,2026-04-25,2026-04-25_61,-47.0,47,0,53,125.28434782608707,135.8514625689442,0.029353096507936507,0.2640057142857143,0.0,True,True,True,False,675.155,491.72360980207344,51.828463713477845,0.0,22.269779851667337,0.0,1240.9768533672186
2026-04-25T13:15:00Z,2026-04-25T13:30:00Z,2026-04-25,2026-04-25_62,-47.0,47,0,53,135.8514625689442,146.56954668322993,0.029772455873015878,0.09990857142857144,0.0,True,True,True,False,587.5,491.72360980207344,51.828463713477845,0.0,8.702352807324626,0.0,1139.7544263228758
2026-04-25T13:30:00Z,2026-04-25T13:45:00Z,2026-04-25,2026-04-25_63,-40.34004771619752,47,0,53,146.56954668322993,155.26636731428582,0.024685023855729522,0.6161028571428572,0.0,True,True,True,False,504.250596452469,491.72360980207344,51.828463713477845,0.0,54.42532245410888,0.0,1102.227992422129
2026-04-25T13:45:00Z,2026-04-25T14:00:00Z,2026-04-25,2026-04-25_64,-46.999999999999964,47,0,53,155.26636731428582,165.6200000000001,0.028760090793650776,0.49605142857142853,0.0,True,True,True,False,587.4999999999995,491.72360980207344,51.828463713477845,0.0,43.49917522552847,0.0,1174.5512487410792
2026-04-25T14:00:00Z,2026-04-25T14:15:00Z,2026-04-25,2026-04-25_65,1.227242620579324,55,58,42,165.6200000000001,168.75751542857154,0.010087816609143449,0.0,3.7584,True,True,True,False,-13.806479481517396,389.6677662582469,60.63413053722903,55.22914703110273,0.0,881.8653732327992,1373.5899375778606
2026-04-25T14:15:00Z,2026-04-25T14:30:00Z,2026-04-25,2026-04-25_66,1.4210854715202004e-14,55,58,42,168.75751542857154,170.61987577639763,0.005507246652864052,0.055314285714285705,2.0896571428571424,True,True,True,False,-9.318767979493714e-14,389.6677662582469,60.63413053722903,55.22914703110273,4.619679098783716,139.25713511512046,649.4078580404828
2026-04-25T14:30:00Z,2026-04-25T14:45:00Z,2026-04-25,2026-04-25_67,2.405895723048964,55,58,42,170.61987577639763,169.4077782857144,0.0035017046424561772,0.5371142857142857,0.02750857142857143,True,True,True,False,-2.363792547895607,389.6677662582469,60.63413053722903,55.22914703110273,51.98991653763295,-2.160585252008438,552.9965825643076
2026-04-25T14:45:00Z,2026-04-25T15:00:00Z,2026-04-25,2026-04-25_68,3.0,55,58,42,169.4077782857144,168.91517714285723,0.004232457142857143,0.20805714285714286,0.5909371428571428,True,True,True,False,-0.07500000000000001,389.6677662582469,60.63413053722903,55.22914703110273,18.113447993806382,-14.159029386023965,509.4104624343611
2026-04-25T15:00:00Z,2026-04-25T15:15:00Z,2026-04-25,2026-04-25_69,0.0,100,100,0,168.91517714285723,185.67074285714295,0.046543238095238096,0.0,18.21257142857143,True,True,True,False,0.0,0.0,107.5930725730443,95.2226672950047,0.0,9604.184688299449,9807.000428167497
2026-04-25T15:15:00Z,2026-04-25T15:30:00Z,2026-04-25,2026-04-25_70,0.0,100,100,0,185.67074285714295,188.59689440993796,0.015923229813664598,1.2908571428571427,4.7057142857142855,True,True,True,False,0.0,0.0,107.5930725730443,95.2226672950047,220.500897737983,174.86300491450112,598.1796425205331
2026-04-25T15:30:00Z,2026-04-25T15:45:00Z,2026-04-25,2026-04-25_71,0.0,100,100,0,188.59689440993796,182.61552795031062,0.01661490683229814,5.502857142857144,0.0,True,True,True,False,0.0,0.0,107.5930725730443,95.2226672950047,1207.175238992864,0.0,1409.990978860913
2026-04-25T15:45:00Z,2026-04-25T16:00:00Z,2026-04-25,2026-04-25_72,0.0,100,100,0,182.61552795031062,175.62703304347832,0.021056803312629397,6.701714285714286,0.3217142857142857,True,True,True,False,0.0,0.0,107.5930725730443,95.2226672950047,2188.5331771464475,-16.38008841613931,2374.968828598357
2026-04-25T16:00:00Z,2026-04-25T16:15:00Z,2026-04-25,2026-04-25_73,0.0,0,100,0,175.62703304347832,183.67939875776403,0.02236768253968254,0.0,8.752571428571429,True,True,True,False,0.0,0.0,0.0,95.2226672950047,0.0,2329.48189937615,2424.7045666711547
2026-04-25T16:15:00Z,2026-04-25T16:30:00Z,2026-04-25,2026-04-25_74,0.0,0,100,0,183.67939875776403,189.57423304347833,0.01637453968253968,0.0,6.407428571428571,True,True,True,False,0.0,0.0,0.0,95.2226672950047,0.0,274.8282093487725,370.0508766437772
2026-04-25T16:30:00Z,2026-04-25T16:45:00Z,2026-04-25,2026-04-25_75,100.0,0,100,0,189.57423304347833,170.05373614906838,0.05422360248447204,0.0,7.041142857142857,True,True,True,False,4206.0,0.0,0.0,95.2226672950047,0.0,49.33003007046362,4350.552697365469
2026-04-25T16:45:00Z,2026-04-25T17:00:00Z,2026-04-25,2026-04-25_76,100.0,0,100,0,170.05373614906838,145.1183324223603,0.06926501035196687,0.0,2.0594285714285716,True,True,True,False,3363.25,0.0,0.0,95.2226672950047,0.0,-41.68353305506935,3416.7891342399353
2026-04-25T17:00:00Z,2026-04-25T17:15:00Z,2026-04-25,2026-04-25_77,0.0,100,100,0,145.1183324223603,151.12934956521747,0.016697269841269843,0.0,6.533714285714286,True,True,True,False,0.0,0.0,107.5930725730443,95.2226672950047,0.0,856.5005619137381,1059.3163017817872
2026-04-25T17:15:00Z,2026-04-25T17:30:00Z,2026-04-25,2026-04-25_78,0.0,100,100,0,151.12934956521747,151.291675031056,0.0008925879917184266,0.07314285714285715,0.2628571428571429,True,True,True,False,0.0,0.0,107.5930725730443,95.2226672950047,12.35918675104349,-15.420663345451281,199.75426327364121
2026-04-25T17:30:00Z,2026-04-25T17:45:00Z,2026-04-25,2026-04-25_79,0.0,100,100,0,151.291675031056,148.11757316770198,0.008860759144237404,2.9274285714285715,0.008571428571428572,True,True,True,False,0.0,0.0,107.5930725730443,95.2226672950047,694.4141312104482,-0.6732193348592972,896.5566517436379
2026-04-25T17:45:00Z,2026-04-25T18:00:00Z,2026-04-25,2026-04-25_80,0.0,100,100,0,148.11757316770198,131.49210732919266,0.04618184955141477,15.295428571428571,0.0,True,True,True,False,0.0,0.0,107.5930725730443,95.2226672950047,5026.462016291908,0.0,5229.277756159957
2026-04-25T18:00:00Z,2026-04-25T18:15:00Z,2026-04-25,2026-04-25_81,70.0,0,70,30,131.49210732919266,112.47036819875788,0.05283816425120773,0.0,0.0,True,True,True,False,3122.525,278.33411875589064,0.0,66.6558671065033,0.0,0.0,3467.514985862394
2026-04-25T18:15:00Z,2026-04-25T18:30:00Z,2026-04-25,2026-04-25_82,70.0,0,70,30,112.47036819875788,93.47167254658396,0.052774154589371985,0.0,0.0212,True,True,True,False,2864.0499999999997,278.33411875589064,0.0,66.6558671065033,0.0,-1.3375756361922715,3207.702410226201
2026-04-25T18:30:00Z,2026-04-25T18:45:00Z,2026-04-25,2026-04-25_83,70.0,0,70,30,93.47167254658396,74.45210732919266,0.05283212560386473,0.0,0.002,True,True,True,False,2501.625,278.33411875589064,0.0,66.6558671065033,0.0,-0.15708451146716934,2846.457901350927
2026-04-25T18:45:00Z,2026-04-25T19:00:00Z,2026-04-25,2026-04-25_84,70.0,0,70,30,74.45210732919266,56.63993341614918,0.049478260869565215,0.0,1.1128,True,True,True,False,2990.05,278.33411875589064,0.0,66.6558671065033,0.0,-55.971034401508,3279.068951460886
2026-04-25T19:00:00Z,2026-04-25T19:15:00Z,2026-04-25,2026-04-25_85,2.0,15,17,83,56.63993341614918,55.85297918012433,0.002430441131815045,0.27085714285714285,0.054205714285714295,True,True,True,False,71.745,770.0577285579641,16.143378887841656,16.1878534401508,47.35585700821327,-2.148495341322203,919.3413225528476
2026-04-25T19:15:00Z,2026-04-25T19:30:00Z,2026-04-25,2026-04-25_86,1.2206002768767688,15,17,83,55.85297918012433,55.10869565217406,0.0022070944178560624,0.4048285714285714,0.029434285714285715,True,True,True,False,41.4759974082726,770.0577285579641,16.143378887841656,16.1878534401508,71.30079779857277,-1.558847354248014,913.6069087385539
2026-04-25T19:30:00Z,2026-04-25T19:45:00Z,2026-04-25,2026-04-25_87,1.5093809131002964,15,17,83,55.10869565217406,55.39324526708084,0.002670631296166888,0.0,0.7431428571428572,True,True,True,False,48.964316820973615,770.0577285579641,16.143378887841656,16.1878534401508,0.0,-2.422422748081325,848.9308549588488
2026-04-25T19:45:00Z,2026-04-25T20:00:00Z,2026-04-25,2026-04-25_88,2.0,15,17,83,55.39324526708084,55.10869565217401,0.002256720358868185,0.04285714285714286,0.32513714285714285,True,True,True,False,68.58,770.0577285579641,16.143378887841656,16.1878534401508,7.465783627305776,-12.08104614694134,866.3536983663209
2026-04-25T20:00:00Z,2026-04-25T20:15:00Z,2026-04-25,2026-04-25_89,46.0,54,100,0,55.10869565217401,43.84841955776407,0.034784533278122844,0.024377142857142858,1.2702857142857142,True,True,True,False,1389.315,0.0,58.116163996229965,95.2226672950047,3.927425380368924,-50.41808098828597,1496.1631756833176
2026-04-25T20:15:00Z,2026-04-25T20:30:00Z,2026-04-25,2026-04-25_90,46.0,54,100,0,43.84841955776407,30.60345176645972,0.037069154340924775,0.7776,0.10057142857142856,True,True,True,False,1388.74,0.0,58.116163996229965,95.2226672950047,137.03856361922715,-6.38166868632467,1672.7357262241371
2026-04-25T20:30:00Z,2026-04-25T20:45:00Z,2026-04-25,2026-04-25_91,46.0,54,100,0,30.60345176645972,20.25653976645972,0.03470302222222221,0.0,2.1599999999999997,True,True,True,False,1371.26,0.0,58.116163996229965,95.2226672950047,0.0,-112.46182846371347,1412.1370028275212
2026-04-25T20:45:00Z,2026-04-25T21:00:00Z,2026-04-25,2026-04-25_92,44.427740181747566,54,100,0,20.25653976645972,10.0000000000001,0.03367932009628742,0.0,1.826857142857143,True,True,True,False,1309.063364455192,0.0,58.116163996229965,95.2226672950047,0.0,-94.38367319689422,1368.0185225495325
2026-04-25T21:00:00Z,2026-04-25T21:15:00Z,2026-04-26,2026-04-25_93,-99.1815315856053,100,0,0,10.0000000000001,28.329699179723086,0.05115625968183031,4.864571428571429,0.0,True,True,True,False,-2826.9216040187152,0.0,107.71088595664467,0.0,911.1691501727929,0.0,-1808.0415678892778
2026-04-25T21:15:00Z,2026-04-25T21:30:00Z,2026-04-26,2026-04-25_94,-38.08598643150227,100,0,0,28.329699179723086,34.84040232546594,0.02630203241603663,2.197714285714286,0.0,True,True,True,False,-1036.5101207333344,0.0,107.71088595664467,0.0,396.6600693415915,0.0,-532.1391654350982
2026-04-25T21:30:00Z,2026-04-25T21:45:00Z,2026-04-26,2026-04-25_95,0.0,100,0,0,34.84040232546594,34.84040232546594,0.0,0.0,0.0,True,True,True,False,0.0,0.0,107.71088595664467,0.0,0.0,0.0,107.71088595664467
2026-04-25T21:45:00Z,2026-04-25T22:00:00Z,2026-04-26,2026-04-25_96,-100.0,100,0,0,34.84040232546594,56.68961375403737,0.06069225396825397,1.250857142857143,0.0,True,True,True,False,-2666.25,0.0,107.71088595664467,0.0,220.42820317759526,0.0,-2338.11091086576
2026-04-25T22:00:00Z,2026-04-25T22:15:00Z,2026-04-26,2026-04-26_1,-8.43769498715119e-15,17,13,83,56.68961375403737,55.89234078012432,0.002220722070393378,0.7344971428571428,0.0011885714285714286,True,True,True,False,-2.343780725055922e-13,770.0577285579641,18.310850612629594,12.37894674835061,131.19906178582647,-0.07059826758224495,931.8759894371883
2026-04-25T22:15:00Z,2026-04-25T22:30:00Z,2026-04-26,2026-04-26_2,-3.9999999999999556,17,13,83,55.89234078012432,55.96568359751562,0.00393551058661144,0.8081314285714286,0.0,True,True,True,False,-104.89999999999884,770.0577285579641,18.310850612629594,12.37894674835061,150.7353627507742,0.0,846.5828886697196
2026-04-25T22:30:00Z,2026-04-25T22:45:00Z,2026-04-26,2026-04-26_3,-4.0,17,13,83,55.96568359751562,56.64936457142867,0.002940728723257419,0.22556571428571429,0.0,True,True,True,False,-101.99,770.0577285579641,18.310850612629594,12.37894674835061,39.775179480274666,0.0,738.5327053992189
2026-04-25T22:45:00Z,2026-04-25T23:00:00Z,2026-04-26,2026-04-26_4,-4.0,17,13,83,56.64936457142867,57.29209643726718,0.00306832005521049,0.2778285714285714,0.015005714285714289,True,True,True,False,-100.0,770.0577285579641,18.310850612629594,12.37894674835061,48.962594138503654,-0.7973082155199498,748.912811841928
2026-04-25T23:00:00Z,2026-04-25T23:15:00Z,2026-04-26,2026-04-26_5,-2.0,17,15,83,57.29209643726718,56.965192536646065,0.0030541489302967567,0.7436285714285715,0.0073714285714285704,True,True,True,False,-52.39,770.0577285579641,18.290822337417527,14.716364278982091,138.07547780059244,-0.40709600107715077,888.343296973879
2026-04-25T23:15:00Z,2026-04-25T23:30:00Z,2026-04-26,2026-04-26_6,-2.0,17,15,83,56.965192536646065,56.44446461614917,0.0034494962870945476,0.9188742857142856,0.0,True,True,True,False,-51.525,770.0577285579641,18.290822337417527,14.716364278982091,168.46443551568598,0.0,920.0043506900497
2026-04-25T23:30:00Z,2026-04-25T23:45:00Z,2026-04-26,2026-04-26_7,-1.9999999999998983,17,15,83,56.44446461614917,55.49324908322989,0.004402765686680448,1.3222114285714286,0.0,True,True,True,False,-50.47999999999743,770.0577285579641,18.290822337417527,14.716364278982091,251.1882377171132,0.0,1003.7731528914794
2026-04-25T23:45:00Z,2026-04-26T00:00:00Z,2026-04-26,2026-04-26_8,-1.9999999999999736,17,15,83,55.49324908322989,55.61452002981373,0.0020278575293305586,0.31736571428571425,0.0,True,True,True,False,-46.31499999999939,770.0577285579641,18.290822337417527,14.716364278982091,55.967550898747795,0.0,812.7174660731121
2026-04-26T00:00:00Z,2026-04-26T00:15:00Z,2026-04-26,2026-04-26_9,6.118671390809502e-15,17,17,83,55.61452002981373,55.50111630310566,0.00031501035196687834,0.10433142857142857,0.0,True,True,True,False,1.5594963707325717e-13,770.0577285579641,18.290822337417527,16.678546182846368,18.267792338763968,0.0,823.2948894169921
2026-04-26T00:15:00Z,2026-04-26T00:30:00Z,2026-04-26,2026-04-26_10,0.0,17,17,83,55.50111630310566,55.44396166956529,0.00019848350586611454,0.05916,0.0077714285714285715,True,True,True,False,0.0,770.0577285579641,18.290822337417527,16.678546182846368,10.282627851083882,-0.4539559265742112,814.8557690027377
2026-04-26T00:30:00Z,2026-04-26T00:45:00Z,2026-04-26,2026-04-26_11,0.0,17,17,83,55.44396166956529,55.438424019875846,4.9144899930986884e-05,0.010685714285714284,0.006605714285714286,True,True,True,False,0.0,770.0577285579641,18.290822337417527,16.678546182846368,1.7389883757461508,-0.518827700731565,806.2472577532426
2026-04-26T00:45:00Z,2026-04-26T01:00:00Z,2026-04-26,2026-04-26_12,0.0,17,17,83,55.438424019875846,55.58510078012429,0.00044556518978605935,0.006314285714285714,0.16689142857142858,True,True,True,False,0.0,770.0577285579641,18.290822337417527,16.678546182846368,1.0409743727839862,-8.37789859297159,797.6901728580403
2026-04-26T01:00:00Z,2026-04-26T01:15:00Z,2026-04-26,2026-04-26_13,-1.0,17,16,83,55.58510078012429,55.31311439503113,0.0019100447204968946,0.4690057142857143,0.003474285714285714,True,True,True,False,-20.0375,770.0577285579641,18.290822337417527,15.69745523091423,80.37893015573806,-0.2504196759570934,864.1370166060768
2026-04-26T01:15:00Z,2026-04-26T01:30:00Z,2026-04-26,2026-04-26_14,-0.893452072834077,17,16,83,55.31311439503113,55.32119762908714,0.0013279841760669977,0.22818857142857146,0.05284571428571428,True,True,True,False,-18.31130023273441,770.0577285579641,18.290822337417527,15.69745523091423,38.68618029823617,-2.835549032808222,821.5853371589893
2026-04-26T01:30:00Z,2026-04-26T01:45:00Z,2026-04-26,2026-04-26_15,0.0,17,16,83,55.32119762908714,55.29911858312441,0.00010292052449965494,0.027200000000000002,0.008137142857142857,True,True,True,False,0.0,770.0577285579641,18.290822337417527,15.69745523091423,4.53944329249136,-0.5892014900587944,807.9962479287284
2026-04-26T01:45:00Z,2026-04-26T02:00:00Z,2026-04-26,2026-04-26_16,-0.2377846456984554,17,16,83,55.29911858312441,55.16109974658393,0.0006745195148898786,0.17767428571428573,0.0,True,True,True,False,-4.695057829316002,770.0577285579641,18.290822337417527,15.69745523091423,30.030680254476906,0.0,829.3816285514567
2026-04-26T02:00:00Z,2026-04-26T02:15:00Z,2026-04-26,2026-04-26_17,0.0,17,17,83,55.16109974658393,55.10869565217399,0.00016592375431331952,0.051582857142857146,0.003982857142857143,True,True,True,False,0.0,770.0577285579641,18.290822337417527,16.678546182846368,8.707422889457385,-0.31282258426462006,813.4216973834208
2026-04-26T02:15:00Z,2026-04-26T02:30:00Z,2026-04-26,2026-04-26_18,-1.1238933998434519e-14,17,17,83,55.10869565217399,55.2659913937889,0.0004756489717046311,0.006411428571428571,0.17854857142857145,True,True,True,False,-2.3323597780251237e-13,770.0577285579641,18.290822337417527,16.678546182846368,1.0705517099771105,-8.461529269332615,797.6361195188722
2026-04-26T02:30:00Z,2026-04-26T02:45:00Z,2026-04-26,2026-04-26_19,0.0,17,17,83,55.2659913937889,55.60873082236033,0.0009520539682539683,0.0,0.3725428571428571,True,True,True,False,0.0,770.0577285579641,18.290822337417527,16.678546182846368,0.0,-4.854585723261971,800.172511354966
2026-04-26T02:45:00Z,2026-04-26T03:00:00Z,2026-04-26,2026-04-26_20,0.0,17,17,83,55.60873082236033,55.84851436521747,0.0006660653968253968,0.0,0.2606342857142857,True,True,True,False,0.0,770.0577285579641,18.290822337417527,16.678546182846368,0.0,-6.086891429917866,798.9402056483101
2026-04-26T03:00:00Z,2026-04-26T03:15:00Z,2026-04-26,2026-04-26_21,27.31220474497149,0,100,0,55.84851436521747,51.298136645962785,0.023687744572107282,0.0,2.9737142857142853,True,True,True,False,610.7008980975625,0.0,0.0,95.2226672950047,0.0,-79.5250190745478,626.3985463180194
2026-04-26T03:15:00Z,2026-04-26T03:30:00Z,2026-04-26,2026-04-26_22,100.0,0,100,0,51.298136645962785,37.11055900621123,0.03940993788819875,0.0,11.947428571428572,True,True,True,False,2402.75,0.0,0.0,95.2226672950047,0.0,4343.955813922175,6841.92848121718
2026-04-26T03:30:00Z,2026-04-26T03:45:00Z,2026-04-26,2026-04-26_23,100.0,0,100,0,37.11055900621123,25.610559006211233,0.03194444444444444,0.0,14.42,True,True,True,False,2402.5,0.0,0.0,95.2226672950047,0.0,5696.8881754633985,8194.610842758404
2026-04-26T03:45:00Z,2026-04-26T04:00:00Z,2026-04-26,2026-04-26_24,100.0,0,100,0,25.610559006211233,10.000000000000055,0.04336266390614216,0.0,10.638285714285715,True,True,True,False,2430.0,0.0,0.0,95.2226672950047,0.0,853.1120556752389,3378.3347229702435
2026-04-26T04:00:00Z,2026-04-26T04:15:00Z,2026-04-26,2026-04-26_25,11.373460805000526,74,100,0,10.000000000000055,10.000000000000055,0.014909516079433055,0.0,3.2914285714285714,True,True,True,False,243.79013235518627,0.0,79.61887370405277,95.2226672950047,0.0,-75.67351555136662,342.9581578028771
2026-04-26T04:15:00Z,2026-04-26T04:30:00Z,2026-04-26,2026-04-26_26,8.221140252035141,74,100,0,10.000000000000055,10.000000000000057,0.011223359965192078,0.0,2.392571428571429,True,True,True,False,175.9529542441821,0.0,79.61887370405277,95.2226672950047,0.0,-59.68791088820071,291.1065843550389
2026-04-26T04:30:00Z,2026-04-26T04:45:00Z,2026-04-26,2026-04-26_27,25.760934984331858,74,100,0,10.000000000000057,10.000000000000075,0.02758233442473549,0.0,7.269142857142858,True,True,True,False,526.231499392439,0.0,79.61887370405277,95.2226672950047,0.0,748.6283664332841,1449.7014068247806
2026-04-26T04:45:00Z,2026-04-26T05:00:00Z,2026-04-26,2026-04-26_28,26.00000000000058,74,100,0,10.000000000000075,12.375637306832225,0.030464623988958023,0.0,9.799428571428571,True,True,True,False,503.4250000000112,0.0,79.61887370405277,95.2226672950047,0.0,6056.080722588752,6734.347263587821
2026-04-26T05:00:00Z,2026-04-26T05:15:00Z,2026-04-26,2026-04-26_29,56.999999999999694,43,100,0,12.375637306832225,10.052329600000002,0.03495692648723256,0.0,12.969142857142856,True,True,True,False,1106.369999999994,0.0,46.265021206409045,95.2226672950047,0.0,3933.8154463444175,5181.673134845825
2026-04-26T05:15:00Z,2026-04-26T05:30:00Z,2026-04-26,2026-04-26_30,-4.311938452495317e-14,43,100,0,10.052329600000002,19.77594102857144,0.027010031746031775,0.0,10.569142857142856,True,True,True,False,-1.7916104270118043e-13,0.0,46.265021206409045,95.2226672950047,0.0,922.714312643059,1064.2020011444724
2026-04-26T05:30:00Z,2026-04-26T05:45:00Z,2026-04-26,2026-04-26_31,50.16698306191331,43,100,0,19.77594102857144,11.60289987577645,0.0365557747196487,0.0,5.4388571428571435,True,True,True,False,258.73621514181787,0.0,46.265021206409045,95.2226672950047,0.0,11.886286522148916,412.1101901653805
2026-04-26T05:45:00Z,2026-04-26T06:00:00Z,2026-04-26,2026-04-26_32,0.0,43,100,0,11.60289987577645,13.914465590062164,0.0064210158730158735,0.0,2.5125714285714285,True,True,True,False,0.0,0.0,46.265021206409045,95.2226672950047,0.0,3.9907693774965214,145.47845787891026
2026-04-26T06:00:00Z,2026-04-26T06:15:00Z,2026-04-26,2026-04-26_33,-75.0,100,25,0,13.914465590062164,16.64292571428577,0.03045345203588682,15.152,0.05514285714285714,True,True,True,False,-3.375,0.0,110.30278039585296,23.805666823751174,14871.922444234997,-0.9530030070463624,15001.702888447555
2026-04-26T06:15:00Z,2026-04-26T06:30:00Z,2026-04-26,2026-04-26_34,-38.335387453874546,100,25,0,16.64292571428577,15.32172286753406,0.03323513494949921,9.910857142857143,0.0,True,True,True,False,-0.09583846863468637,0.0,110.30278039585296,23.805666823751174,8458.268925093129,0.0,8592.281533844098
2026-04-26T06:30:00Z,2026-04-26T06:45:00Z,2026-04-26,2026-04-26_35,0.0,100,25,0,15.32172286753406,14.627535041447103,0.0020641090407177366,0.6611428571428571,0.026571428571428572,True,True,True,False,0.0,0.0,110.30278039585296,23.805666823751174,56.62022339661594,-2.020107883398411,188.70856273282166
2026-04-26T06:45:00Z,2026-04-26T07:00:00Z,2026-04-26,2026-04-26_36,-0.41680308741629585,100,25,0,14.627535041447103,15.075628322981423,0.001244703559817554,0.0,0.3828571428571429,True,True,True,False,0.14067104200299985,0.0,110.30278039585296,23.805666823751174,0.0,-7.030925452178987,127.21819280942815
2026-04-26T07:00:00Z,2026-04-26T07:15:00Z,2026-04-26,2026-04-26_37,0.0,100,100,0,15.075628322981423,10.000000000000057,0.014189507246376812,4.684571428571429,0.017714285714285714,True,True,True,False,0.0,0.0,110.30278039585296,95.2226672950047,765.5918702033122,-1.391319958709214,969.7259979354607
2026-04-26T07:15:00Z,2026-04-26T07:30:00Z,2026-04-26,2026-04-26_38,0.0,100,100,0,10.000000000000057,10.498510310559062,0.0021024872325741887,0.11885714285714286,0.6822857142857143,True,True,True,False,0.0,0.0,110.30278039585296,95.2226672950047,9.654178896817916,25.232031775952603,240.4116583636282
2026-04-26T07:30:00Z,2026-04-26T07:45:00Z,2026-04-26,2026-04-26_39,0.0,100,100,0,10.498510310559062,26.81878459627335,0.04533409523809524,0.0,17.739428571428572,True,True,True,False,0.0,0.0,110.30278039585296,95.2226672950047,0.0,9210.810253130468,9416.335700821326
2026-04-26T07:45:00Z,2026-04-26T08:00:00Z,2026-04-26,2026-04-26_40,0.0,100,100,0,26.81878459627335,41.18603031055906,0.039909015873015874,0.0,15.61657142857143,True,True,True,False,0.0,0.0,110.30278039585296,95.2226672950047,0.0,3838.7181069072303,4044.243554598088
2026-04-26T08:00:00Z,2026-04-26T08:15:00Z,2026-04-26,2026-04-26_41,68.99999999999682,31,100,0,41.18603031055906,25.211783652174816,0.048623745479639206,0.0014171428571428573,2.6828571428571433,True,True,True,False,-86.422499999996,0.0,34.686910933082,95.2226672950047,0.0695659979354607,135.4419314662717,178.99857569229786
2026-04-26T08:15:00Z,2026-04-26T08:30:00Z,2026-04-26,2026-04-26_42,67.97161859788024,31,100,0,25.211783652174816,13.932714782608743,0.042764533317298174,0.024800000000000003,6.984571428571429,True,True,True,False,-333.74064731559196,0.0,34.686910933082,95.2226672950047,1.2174049638705624,2701.872179210987,2499.258515087352
2026-04-26T08:30:00Z,2026-04-26T08:45:00Z,2026-04-26,2026-04-26_43,0.0,31,100,0,13.932714782608743,16.7327577639752,0.00778324568668047,0.0008857142857142857,3.044571428571429,True,True,True,False,0.0,0.0,34.686910933082,95.2226672950047,0.04347874870966294,412.83809882859833,542.7911558053947
2026-04-26T08:45:00Z,2026-04-26T09:00:00Z,2026-04-26,2026-04-26_44,0.0,31,100,0,16.7327577639752,19.85596124223607,0.008874530020703935,0.03294857142857143,3.4337142857142857,True,True,True,False,0.0,0.0,34.686910933082,95.2226672950047,1.8319879291773258,682.632081930793,814.373648088057
2026-04-26T09:00:00Z,2026-04-26T09:15:00Z,2026-04-26,2026-04-26_45,0.0,100,100,0,19.85596124223607,23.267321242236072,0.009476,0.0,3.708,True,True,True,False,0.0,0.0,111.92271442035815,95.39938737040526,0.0,202.99348727615453,410.31558906691794
2026-04-26T09:15:00Z,2026-04-26T09:30:00Z,2026-04-26,2026-04-26_46,0.0,100,100,0,23.267321242236072,24.004347826087006,0.002485529330572809,0.07257142857142856,0.8868571428571429,True,True,True,False,0.0,0.0,111.92271442035815,95.39938737040526,3.562452313630447,-46.20005385754679,164.68450024684708
2026-04-26T09:30:00Z,2026-04-26T09:45:00Z,2026-04-26,2026-04-26_47,0.0,100,100,0,24.004347826087006,26.234519254658437,0.007940952380952382,0.28914285714285715,2.7657142857142856,True,True,True,False,0.0,0.0,111.92271442035815,95.39938737040526,24.28617185045554,379.7893541582514,611.3976277994703
2026-04-26T09:45:00Z,2026-04-26T10:00:00Z,2026-04-26,2026-04-26_48,0.0,100,100,0,26.234519254658437,38.80434782608701,0.03491619047619048,0.0,13.662857142857144,True,True,True,False,0.0,0.0,111.92271442035815,95.39938737040526,0.0,4186.275498182308,4393.597599973072
2026-04-26T10:00:00Z,2026-04-26T10:15:00Z,2026-04-26,2026-04-26_49,-1.008749662435603,0,0,53,38.80434782608701,39.036360248447195,0.0006444789510005241,0.0,0.0,True,False,True,False,14.85636065352034,491.72360980207344,0.0,0.0,0.0,0.0,506.57997045559375
2026-04-26T10:15:00Z,2026-04-26T10:30:00Z,2026-04-26,2026-04-26_50,-47.0,0,0,53,39.036360248447195,49.8463602484472,0.030027777777777778,0.0,0.0,True,False,True,False,762.9275000000001,491.72360980207344,0.0,0.0,0.0,0.0,1254.6511098020735
2026-04-26T10:30:00Z,2026-04-26T10:45:00Z,2026-04-26,2026-04-26_51,-47.0,0,0,53,49.8463602484472,60.6563602484472,0.030027777777777778,0.0,0.0,True,False,True,False,795.9449999999999,491.72360980207344,0.0,0.0,0.0,0.0,1287.6686098020734
2026-04-26T10:45:00Z,2026-04-26T11:00:00Z,2026-04-26,2026-04-26_52,-47.0,0,0,53,60.6563602484472,71.4663602484472,0.030027777777777778,0.0,0.0,True,False,True,False,1084.4075,491.72360980207344,0.0,0.0,0.0,0.0,1576.1311098020735
2026-04-26T11:00:00Z,2026-04-26T11:15:00Z,2026-04-26,2026-04-26_53,-89.00000000000007,0,0,11,71.4663602484472,91.93636024844722,0.056861111111111154,0.0,0.0,True,False,True,False,2219.437500000002,102.05584354382657,0.0,0.0,0.0,0.0,2321.4933435438284
2026-04-26T11:15:00Z,2026-04-26T11:30:00Z,2026-04-26,2026-04-26_54,-89.00000000000007,0,0,11,91.93636024844722,112.40636024844723,0.056861111111111154,0.0,0.0,True,False,True,False,2219.437500000002,102.05584354382657,0.0,0.0,0.0,0.0,2321.4933435438284
2026-04-26T11:30:00Z,2026-04-26T11:45:00Z,2026-04-26,2026-04-26_55,-89.00000000000007,0,0,11,112.40636024844723,132.87636024844724,0.056861111111111154,0.0,0.0,True,False,True,False,2189.6225000000018,102.05584354382657,0.0,0.0,0.0,0.0,2291.6783435438283
2026-04-26T11:45:00Z,2026-04-26T12:00:00Z,2026-04-26,2026-04-26_56,-89.00000000000007,0,0,11,132.87636024844724,153.34636024844727,0.056861111111111154,0.0,0.0,True,False,True,False,2053.4525000000017,102.05584354382657,0.0,0.0,0.0,0.0,2155.5083435438282
2026-04-26T12:00:00Z,2026-04-26T12:15:00Z,2026-04-26,2026-04-26_57,0.0,100,100,0,153.34636024844727,169.90951453416156,0.046008761904761906,0.0,18.00342857142857,True,True,True,False,0.0,0.0,110.27332704995287,95.42884071630536,0.0,22509.959509223103,22715.661676989363
2026-04-26T12:15:00Z,2026-04-26T12:30:00Z,2026-04-26,2026-04-26_58,0.0,100,100,0,169.90951453416156,174.32498881987584,0.012265206349206349,0.0,4.799428571428571,True,True,True,False,0.0,0.0,110.27332704995287,95.42884071630536,0.0,3695.798425900991,3901.500593667249
2026-04-26T12:30:00Z,2026-04-26T12:45:00Z,2026-04-26,2026-04-26_59,0.0,100,100,0,174.32498881987584,178.4388571428572,0.011631000690131123,0.03371428571428572,4.511428571428571,True,True,True,False,0.0,0.0,110.27332704995287,95.42884071630536,1.6549975315291054,3010.0356312553286,3217.392796553116
2026-04-26T12:45:00Z,2026-04-26T13:00:00Z,2026-04-26,2026-04-26_60,0.0,100,100,0,178.4388571428572,178.97051428571433,0.0017942857142857142,0.052571428571428575,0.64,True,True,True,False,0.0,0.0,110.27332704995287,95.42884071630536,3.6301104079709168,-28.497518064718815,180.83476010951034
2026-04-26T13:00:00Z,2026-04-26T13:15:00Z,2026-04-26,2026-04-26_61,0.0,100,100,0,178.97051428571433,189.05686857142862,0.028017650793650796,0.0,10.96342857142857,True,True,True,False,0.0,0.0,110.27332704995287,95.2226672950047,0.0,10164.625433104437,10370.121427449394
2026-04-26T13:15:00Z,2026-04-26T13:30:00Z,2026-04-26,2026-04-26_62,0.0,100,100,0,189.05686857142862,189.92236024844726,0.0028354755003450654,0.07142857142857142,1.0251428571428571,True,True,True,False,0.0,0.0,110.27332704995287,95.2226672950047,5.094026300435347,13.318724922579776,223.9087455679727
2026-04-26T13:30:00Z,2026-04-26T13:45:00Z,2026-04-26,2026-04-26_63,0.0,100,100,0,189.92236024844726,178.38074534161495,0.032060041407867494,10.618285714285715,0.0,True,True,True,False,0.0,0.0,110.27332704995287,95.2226672950047,5902.109730712265,0.0,6107.605725057223
2026-04-26T13:45:00Z,2026-04-26T14:00:00Z,2026-04-26,2026-04-26_64,0.0,100,100,0,178.38074534161495,171.80062111801246,0.018278122843340232,6.053714285714285,0.0,True,True,True,False,0.0,0.0,110.27332704995287,95.2226672950047,926.6635655940037,0.0,1132.1595599389611
2026-04-26T14:00:00Z,2026-04-26T14:15:00Z,2026-04-26,2026-04-26_65,35.129526531189235,63,100,0,171.80062111801246,163.78617408198772,0.028903029980942647,0.3942,2.0028571428571427,True,True,True,False,-175.64763265594618,0.0,69.45364043355325,95.2226672950047,34.79274776154571,271.68547921996316,295.50690205412064
2026-04-26T14:15:00Z,2026-04-26T14:30:00Z,2026-04-26,2026-04-26_66,0.0,63,100,0,163.78617408198772,173.1859822807455,0.03035405659075224,0.70272,11.04742857142857,True,True,True,False,0.0,0.0,69.45364043355325,95.2226672950047,62.56730329877474,5469.349171266998,5696.592782294331
2026-04-26T14:30:00Z,2026-04-26T14:45:00Z,2026-04-26,2026-04-26_67,37.0,63,100,0,173.1859822807455,174.79165489689456,0.03416323828847481,0.10692,11.994857142857143,True,True,True,False,-111.0,0.0,69.45364043355325,95.2226672950047,9.444579005655042,5706.568359364481,5769.689246098694
2026-04-26T14:45:00Z,2026-04-26T15:00:00Z,2026-04-26,2026-04-26_68,37.0,63,100,0,174.79165489689456,168.84000000000015,0.029988294713595577,0.0,4.178857142857143,True,True,True,False,-27.842499999999998,0.0,69.45364043355325,95.2226672950047,0.0,527.3206024191014,664.1544101476594
2026-04-26T15:00:00Z,2026-04-26T15:15:00Z,2026-04-26,2026-04-26_69,0.0,0,0,46,168.84000000000015,168.84000000000015,0.0,0.0,0.0,True,False,True,False,0.0,426.7789820923656,0.0,0.0,0.0,0.0,426.7789820923656
2026-04-26T15:15:00Z,2026-04-26T15:30:00Z,2026-04-26,2026-04-26_70,0.0,0,0,46,168.84000000000015,168.84000000000015,0.0,0.0,0.0,True,False,True,False,0.0,426.7789820923656,0.0,0.0,0.0,0.0,426.7789820923656
2026-04-26T15:30:00Z,2026-04-26T15:45:00Z,2026-04-26,2026-04-26_71,0.0,0,0,46,168.84000000000015,168.84000000000015,0.0,0.0,0.0,True,False,True,False,0.0,426.7789820923656,0.0,0.0,0.0,0.0,426.7789820923656
2026-04-26T15:45:00Z,2026-04-26T16:00:00Z,2026-04-26,2026-04-26_72,0.0,0,0,46,168.84000000000015,168.84000000000015,0.0,0.0,0.0,True,False,True,False,0.0,426.7789820923656,0.0,0.0,0.0,0.0,426.7789820923656
2026-04-26T16:00:00Z,2026-04-26T16:15:00Z,2026-04-26,2026-04-26_73,-98.76288982031703,100,1,0,168.84000000000015,190.00000000000009,0.05890430623093775,1.6937142857142855,0.0067942857142857145,True,True,True,False,-871.8294098888487,0.0,107.5930725730443,0.952226672950047,307.8989524707149,0.16013825120057448,-455.22501992093885
2026-04-26T16:15:00Z,2026-04-26T16:30:00Z,2026-04-26,2026-04-26_74,-48.01554771471995,100,1,0,190.00000000000009,189.9999369142858,0.034433694536516055,10.969142857142858,0.0,True,True,True,False,-1006.6459578391037,0.0,107.5930725730443,0.952226672950047,2404.2535537004624,0.0,1506.152895107353
2026-04-26T16:30:00Z,2026-04-26T16:45:00Z,2026-04-26,2026-04-26_75,0.0,100,1,0,189.9999369142858,188.22732919254668,0.0049242608143547275,1.630857142857143,6.857142857142857e-05,True,True,True,False,0.0,0.0,107.5930725730443,0.952226672950047,292.3198067860509,-0.005385754678874377,400.85972027736636
2026-04-26T16:45:00Z,2026-04-26T17:00:00Z,2026-04-26,2026-04-26_76,0.0,100,1,0,188.22732919254668,185.40106935652182,0.007870465258799173,2.6034285714285716,0.003862857142857143,True,True,True,False,0.0,0.0,107.5930725730443,0.952226672950047,565.9435963376868,-0.20935186930568644,674.2795437143754
2026-04-26T17:00:00Z,2026-04-26T17:15:00Z,2026-04-26,2026-04-26_77,-0.30526415286475145,100,72,0,185.40106935652182,187.51836297142862,0.00906692413369374,0.5291428571428571,2.849965714285714,True,True,True,False,-7.463708537543173,0.0,107.5930725730443,68.56032045240337,99.85150554283918,20.209081809613572,288.75027184035724
2026-04-26T17:15:00Z,2026-04-26T17:30:00Z,2026-04-26,2026-04-26_78,0.0,100,72,0,187.51836297142862,187.98042484472052,0.0015595576535541752,0.045714285714285714,0.5562514285714286,True,True,True,False,0.0,0.0,107.5930725730443,68.56032045240337,7.18100623849917,-29.59651240070015,153.7378868632467
2026-04-26T17:30:00Z,2026-04-26T17:45:00Z,2026-04-26,2026-04-26_79,-1.4584817257143446e-14,100,72,0,187.98042484472052,183.42064256397518,0.012699707605245001,4.200571428571428,0.006582857142857143,True,True,True,False,-4.131149488085881e-13,0.0,107.5930725730443,68.56032045240337,790.0848597459717,-0.40473946411740946,965.8335133073016
2026-04-26T17:45:00Z,2026-04-26T18:00:00Z,2026-04-26,2026-04-26_80,-27.99999999999999,100,72,0,183.42064256397518,174.74254658385095,0.03908423994478951,14.533714285714286,0.0,True,True,True,False,-507.4299999999998,0.0,107.5930725730443,68.56032045240337,6213.199956240743,0.0,5881.923349266191
2026-04-26T18:00:00Z,2026-04-26T18:15:00Z,2026-04-26,2026-04-26_81,0.0,100,100,0,174.74254658385095,161.2021739130435,0.03761214630779848,12.457142857142857,0.0,True,True,True,False,0.0,0.0,107.5930725730443,95.2226672950047,3033.2756384363356,0.0,3236.0913783043848
2026-04-26T18:15:00Z,2026-04-26T18:30:00Z,2026-04-26,2026-04-26_82,-9.848178337831324e-15,100,100,0,161.2021739130435,143.96242236024847,0.04788819875776396,15.86057142857143,0.0,True,True,True,False,-2.6489137684181803e-13,0.0,107.5930725730443,95.2226672950047,5372.805943180288,0.0,5575.621683048336
2026-04-26T18:30:00Z,2026-04-26T18:45:00Z,2026-04-26,2026-04-26_83,0.0,100,100,0,143.96242236024847,121.48416149068325,0.06243961352657004,20.68,0.0,True,True,True,False,0.0,0.0,107.5930725730443,95.2226672950047,14036.290119384226,0.0,14239.105859252275
2026-04-26T18:45:00Z,2026-04-26T19:00:00Z,2026-04-26,2026-04-26_84,0.0,100,100,0,121.48416149068325,99.02204968944102,0.06239475500345066,20.665142857142857,0.0,True,True,True,False,0.0,0.0,107.5930725730443,95.2226672950047,16580.63241192047,0.0,16783.448151788518
2026-04-26T19:00:00Z,2026-04-26T19:15:00Z,2026-04-26,2026-04-26_85,-1.9308226515220114e-14,0,0,83,99.02204968944102,99.02204968944102,1.2335811384723961e-17,0.0,0.0,True,False,True,False,-5.409199658238916e-13,770.0577285579641,0.0,0.0,0.0,0.0,770.0577285579635
2026-04-26T19:15:00Z,2026-04-26T19:30:00Z,2026-04-26,2026-04-26_86,16.999999999999993,0,0,83,99.02204968944102,94.40248447204972,0.012832125603864727,0.0,0.0,True,False,True,False,498.6949999999998,770.0577285579641,0.0,0.0,0.0,0.0,1268.752728557964
2026-04-26T19:30:00Z,2026-04-26T19:45:00Z,2026-04-26,2026-04-26_87,17.000000000000036,0,0,83,94.40248447204972,89.78291925465841,0.01283212560386476,0.0,0.0,True,False,True,False,505.495000000001,770.0577285579641,0.0,0.0,0.0,0.0,1275.552728557965
2026-04-26T19:45:00Z,2026-04-26T20:00:00Z,2026-04-26,2026-04-26_88,17.0,0,0,83,89.78291925465841,85.16335403726711,0.012832125603864732,0.0,0.0,True,False,True,False,500.4375,770.0577285579641,0.0,0.0,0.0,0.0,1270.495228557964
2026-04-26T20:00:00Z,2026-04-26T20:15:00Z,2026-04-26,2026-04-26_89,0.0,100,100,0,85.16335403726711,69.23975155279507,0.044232229123533466,14.649714285714285,0.0,True,True,True,False,0.0,0.0,107.62252591894439,95.2226672950047,5379.0582045240335,0.0,5581.903397737982
2026-04-26T20:15:00Z,2026-04-26T20:30:00Z,2026-04-26,2026-04-26_90,0.0,100,100,0,69.23975155279507,44.69937888198762,0.06816770186335402,22.577142857142857,0.0,True,True,True,False,0.0,0.0,107.62252591894439,95.2226672950047,18870.1611283156,0.0,19073.006321529552
2026-04-26T20:30:00Z,2026-04-26T20:45:00Z,2026-04-26,2026-04-26_91,0.0,100,100,0,44.69937888198762,20.458385093167745,0.06733609385783298,22.301714285714286,0.0,True,True,True,False,0.0,0.0,107.62252591894439,95.2226672950047,19942.697558009066,0.0,20145.542751223016
2026-04-26T20:45:00Z,2026-04-26T21:00:00Z,2026-04-26,2026-04-26_92,0.0,100,100,0,20.458385093167745,10.000000000000043,0.02905106970324362,9.621714285714287,0.0,True,True,True,False,0.0,0.0,107.62252591894439,95.2226672950047,4408.584543781698,0.0,4611.429736995647
2026-04-26T21:00:00Z,2026-04-26T21:15:00Z,2026-04-27,2026-04-26_93,0.0,0,100,0,10.000000000000043,10.003154285714329,8.761904761904761e-06,0.0,0.0034285714285714284,True,True,True,False,0.0,0.0,0.0,95.2226672950047,0.0,-0.26928773394371885,94.95337956106098
2026-04-26T21:15:00Z,2026-04-26T21:30:00Z,2026-04-27,2026-04-26_94,1.2304418115861733e-15,0,100,0,10.003154285714329,10.072022857142901,0.00019130158730158822,0.0,0.07485714285714286,True,True,True,False,4.0158544625643734e-14,0.0,0.0,95.2226672950047,0.0,-4.950407746510479,90.27225954849426
2026-04-26T21:30:00Z,2026-04-26T21:45:00Z,2026-04-27,2026-04-26_95,0.0,0,100,0,10.072022857142901,13.404525714285759,0.009256952380952383,0.0,3.6222857142857148,True,True,True,False,0.0,0.0,0.0,95.2226672950047,0.0,2341.3495230241015,2436.572190319106
2026-04-26T21:45:00Z,2026-04-26T22:00:00Z,2026-04-27,2026-04-26_96,0.0,0,100,0,13.404525714285759,24.60381714285719,0.031109142857142856,0.0,12.173142857142857,True,True,True,False,0.0,0.0,0.0,95.2226672950047,0.0,8691.860158206544,8787.08282550155
2026-04-26T22:00:00Z,2026-04-26T22:15:00Z,2026-04-27,2026-04-27_1,0.0,74,74,26,24.60381714285719,28.673056000000045,0.01130344126984127,0.0,4.4230857142857145,True,True,True,False,0.0,241.2229029217719,80.03298774740809,70.46477379830348,0.0,1141.9895247969123,1533.7101892643957
2026-04-26T22:15:00Z,2026-04-26T22:30:00Z,2026-04-27,2026-04-27_2,0.0,74,74,26,28.673056000000045,29.415676978882033,0.0020781569634230504,0.002537142857142857,0.8101942857142856,True,True,True,False,0.0,241.2229029217719,80.03298774740809,70.46477379830348,0.37363673084690985,-12.14941438894125,379.9448868093891
2026-04-26T22:30:00Z,2026-04-26T22:45:00Z,2026-04-27,2026-04-27_3,0.0,74,74,26,29.415676978882033,29.814615850931723,0.001256265672877847,0.024525714285714286,0.46260571428571434,True,True,True,False,0.0,241.2229029217719,80.03298774740809,70.46477379830348,3.611821731520129,-16.399121866164,378.9333643328396
2026-04-26T22:45:00Z,2026-04-26T23:00:00Z,2026-04-27,2026-04-27_4,0.0,74,74,26,29.814615850931723,29.973461585093215,0.0014217764527260177,0.16237714285714286,0.36450285714285713,True,True,True,False,0.0,241.2229029217719,80.03298774740809,70.46477379830348,24.82956563888515,-14.293539230734705,402.2566908756339
2026-04-26T23:00:00Z,2026-04-26T23:15:00Z,2026-04-27,2026-04-27_5,-0.7037940129002658,100,67,0,29.973461585093215,29.83180389565219,0.0040779194207440465,0.7457142857142857,0.5501657142857143,True,True,True,False,-21.099744506749968,0.0,107.5930725730443,68.67342130065974,130.79607176518107,-19.85794885552713,266.10487227660803
2026-04-26T23:15:00Z,2026-04-26T23:30:00Z,2026-04-27,2026-04-27_6,-33.0,100,67,0,29.83180389565219,35.82337977639753,0.023472734934437543,1.6880000000000002,0.15582285714285712,True,True,True,False,-985.2975,0.0,107.5930725730443,68.67342130065974,296.3582170907948,-8.069419813967055,-520.7422088494682
2026-04-26T23:30:00Z,2026-04-26T23:45:00Z,2026-04-27,2026-04-27_7,-33.0,100,67,0,35.82337977639753,27.697254280745355,0.03904985844030366,15.230857142857143,0.0,True,True,True,False,-962.115,0.0,107.5930725730443,68.67342130065974,4839.388931152102,0.0,4053.5404250258057
2026-04-26T23:45:00Z,2026-04-27T00:00:00Z,2026-04-27,2026-04-27_8,-33.0,100,67,0,27.697254280745355,33.15381729192548,0.024065021476880603,2.2017142857142855,0.15046285714285715,True,True,True,False,-969.045,0.0,107.5930725730443,68.67342130065974,400.9330879448857,-6.669255506934159,-398.5146736883444
2026-04-27T00:00:00Z,2026-04-27T00:15:00Z,2026-04-27,2026-04-27_9,0.0,100,100,0,33.15381729192548,49.252240149068335,0.04471784126984127,0.0,17.498285714285714,True,True,True,False,0.0,0.0,107.5930725730443,102.49764373232797,0.0,12916.619627934113,13126.710344239485
2026-04-27T00:15:00Z,2026-04-27T00:30:00Z,2026-04-27,2026-04-27_10,0.0,100,100,0,49.252240149068335,68.15587443478262,0.05251009523809523,0.0,20.54742857142857,True,True,True,False,0.0,0.0,107.5930725730443,102.49764373232797,0.0,16257.241036757772,16467.331753063143
2026-04-27T00:30:00Z,2026-04-27T00:45:00Z,2026-04-27,2026-04-27_11,0.0,100,100,0,68.15587443478262,69.06542077018635,0.0027715141476880607,0.040571428571428564,1.0365714285714285,True,True,True,False,0.0,0.0,107.5930725730443,102.49764373232797,5.97482159687626,-36.43896212019209,179.62657578205645
2026-04-27T00:45:00Z,2026-04-27T01:00:00Z,2026-04-27,2026-04-27_12,0.0,100,100,0,69.06542077018635,74.01669927950313,0.013863972394755002,0.018285714285714287,5.403428571428571,True,True,True,False,0.0,0.0,107.5930725730443,102.49764373232797,2.6928773394371883,-68.64947354248012,144.13412010232932
2026-04-27T01:00:00Z,2026-04-27T01:15:00Z,2026-04-27,2026-04-27_13,0.0,17,17,83,74.01669927950313,74.04336845714289,0.00015034053830227743,0.012628571428571428,0.04390857142857143,True,True,True,False,0.0,770.0577285579641,18.290822337417527,17.424599434495754,2.0876148399982046,-2.4641495803599476,805.3966155895156
2026-04-27T01:15:00Z,2026-04-27T01:30:00Z,2026-04-27,2026-04-27_14,0.0,17,17,83,74.04336845714289,74.04236526708078,7.875235334713597e-05,0.013502857142857145,0.014862857142857143,True,True,True,False,0.0,770.0577285579641,18.290822337417527,17.424599434495754,2.2759372211749924,-1.1673623266460214,806.8817252244063
2026-04-27T01:30:00Z,2026-04-27T01:45:00Z,2026-04-27,2026-04-27_15,0.0,17,17,83,74.04236526708078,74.06511561739134,8.724648723257419e-05,0.003982857142857143,0.029434285714285715,True,True,True,False,0.0,770.0577285579641,18.290822337417527,17.424599434495754,0.6558591378304385,-2.108307004847179,804.3207024628606
2026-04-27T01:45:00Z,2026-04-27T02:00:00Z,2026-04-27,2026-04-27_16,0.0,17,17,83,74.06511561739134,74.05623946335407,5.3949951690821264e-05,0.013017142857142859,0.005731428571428571,True,True,True,False,0.0,770.0577285579641,18.290822337417527,17.424599434495754,2.152429352363,-0.4501593285759167,807.4754203536645
2026-04-27T02:00:00Z,2026-04-27T02:15:00Z,2026-04-27,2026-04-27_17,-100.0,100,0,0,74.05623946335407,90.43013660621122,0.04548304761904762,7.202285714285714,0.0,True,True,True,False,-2963.75,0.0,107.5930725730443,0.0,1438.4588649522013,0.0,-1417.6980624747544
2026-04-27T02:15:00Z,2026-04-27T02:30:00Z,2026-04-27,2026-04-27_18,-100.0,100,0,0,90.43013660621122,104.92092517763979,0.04025219047619048,9.249142857142857,0.0,True,True,True,False,-2987.5,0.0,107.5930725730443,0.0,1796.1258628427806,0.0,-1083.781064584175
2026-04-27T02:30:00Z,2026-04-27T02:45:00Z,2026-04-27,2026-04-27_19,-100.0,100,0,0,104.92092517763979,109.7716908919255,0.013474349206349202,19.727428571428575,0.0,True,True,True,False,-3068.75,0.0,107.5930725730443,0.0,10313.539012836049,0.0,7352.382085409093
2026-04-27T02:45:00Z,2026-04-27T03:00:00Z,2026-04-27,2026-04-27_20,-100.00000000000004,100,0,0,109.7716908919255,118.28510803478265,0.023648380952380976,15.746285714285715,0.0,True,True,True,False,-3281.000000000002,0.0,107.5930725730443,0.0,4784.749214577442,0.0,1611.3422871504847
2026-04-27T03:00:00Z,2026-04-27T03:15:00Z,2026-04-27,2026-04-27_21,0.0,17,17,83,118.28510803478265,116.3108906434783,0.005483937198067632,1.81628,0.0,True,True,True,False,0.0,770.0577285579641,18.290822337417527,16.1878534401508,573.4181553801444,0.0,1377.9545597156769
2026-04-27T03:15:00Z,2026-04-27T03:30:00Z,2026-04-27,2026-04-27_22,0.0,17,17,83,116.3108906434783,115.60745826583856,0.001963412477570738,0.64872,0.0018457142857142856,True,True,True,False,0.0,770.0577285579641,18.290822337417527,16.1878534401508,149.45475494816208,-0.12375578071002195,953.8674035029844
2026-04-27T03:30:00Z,2026-04-27T03:45:00Z,2026-04-27,2026-04-27_23,0.0,17,17,83,115.60745826583856,115.35426157515533,0.000706303188405797,0.2334342857142857,0.0005828571428571428,True,True,True,False,0.0,770.0577285579641,18.290822337417527,16.1878534401508,43.058514262151604,-0.0457789147704322,847.5491396829136
2026-04-27T03:45:00Z,2026-04-27T04:00:00Z,2026-04-27,2026-04-27_24,0.0,17,17,83,115.35426157515533,114.95900621118018,0.0011118337888198755,0.3659371428571428,0.00272,True,True,True,False,0.0,770.0577285579641,18.290822337417527,16.1878534401508,69.10146100377001,-0.15805193213949104,873.479813407163
2026-04-27T04:00:00Z,2026-04-27T04:15:00Z,2026-04-27,2026-04-27_25,100.0,0,100,0,114.95900621118018,94.45341614906837,0.056959972394755004,0.0,6.134857142857143,True,True,True,False,3517.75,0.0,0.0,95.2226672950047,0.0,127.83482069925049,3740.807487994255
2026-04-27T04:15:00Z,2026-04-27T04:30:00Z,2026-04-27,2026-04-27_26,100.0,0,100,0,94.45341614906837,67.55031055900626,0.07473084886128364,0.0,0.24914285714285717,True,True,True,False,3838.0000000000005,0.0,0.0,95.2226672950047,0.0,-16.343395718325027,3916.87927157668
2026-04-27T04:30:00Z,2026-04-27T04:45:00Z,2026-04-27,2026-04-27_27,100.0,0,100,0,67.55031055900626,44.67826086956527,0.06353347135955831,0.0,3.9577142857142857,True,True,True,False,3926.75,0.0,0.0,95.2226672950047,0.0,-126.50106952111665,3895.471597773888
2026-04-27T04:45:00Z,2026-04-27T05:00:00Z,2026-04-27,2026-04-27_28,100.0,0,100,0,44.67826086956527,29.20869565217397,0.04297101449275362,0.0,10.768,True,True,True,False,3496.0,0.0,0.0,95.2226672950047,0.0,922.1241753063148,4513.34684260132
2026-04-27T05:00:00Z,2026-04-27T05:15:00Z,2026-04-27,2026-04-27_29,100.0,0,100,0,29.20869565217397,16.24037267080751,0.036023119392684606,0.0,13.069142857142857,True,True,True,False,4204.5,0.0,0.0,95.2226672950047,0.0,1353.5575351196087,5653.280202414613
2026-04-27T05:15:00Z,2026-04-27T05:30:00Z,2026-04-27,2026-04-27_30,100.00000000000003,0,100,0,16.24037267080751,10.00000000000005,0.01733436853002072,0.0,19.258857142857146,True,True,True,False,3956.0000000000014,0.0,0.0,95.2226672950047,0.0,1870.3682618598807,5921.590929154887
2026-04-27T05:30:00Z,2026-04-27T05:45:00Z,2026-04-27,2026-04-27_31,32.3102788799088,0,100,0,10.00000000000005,10.00000000000005,0.03118867292569251,0.0,9.014857142857142,True,True,True,False,951.6184887105139,0.0,0.0,95.2226672950047,0.0,70.99412414164533,1117.835280147164
2026-04-27T05:45:00Z,2026-04-27T06:00:00Z,2026-04-27,2026-04-27_32,0.0,0,100,0,10.00000000000005,28.370560000000054,0.05102933333333334,0.0,19.968000000000004,True,True,True,False,0.0,0.0,0.0,95.2226672950047,0.0,2928.5929500471257,3023.8156173421303
2026-04-27T06:00:00Z,2026-04-27T06:15:00Z,2026-04-27,2026-04-27_33,99.99999999999999,0,100,0,28.370560000000054,25.50161590062118,0.007969289164941343,0.0,22.36057142857143,True,True,True,False,4011.4999999999995,0.0,0.0,95.2226672950047,0.0,6476.390371841479,10583.113039136482
2026-04-27T06:15:00Z,2026-04-27T06:30:00Z,2026-04-27,2026-04-27_34,100.0,0,100,0,25.50161590062118,10.464348819875836,0.04177018633540373,0.0,11.165714285714285,True,True,True,False,3193.75,0.0,0.0,95.2226672950047,0.0,545.3897176966923,3834.362384991697
2026-04-27T06:30:00Z,2026-04-27T06:45:00Z,2026-04-27,2026-04-27_35,36.00442548854573,0,100,0,10.464348819875836,10.00000000000006,0.03239130072444703,0.0,9.508571428571429,True,True,True,False,941.4257154617494,0.0,0.0,95.2226672950047,0.0,73.51555136663525,1110.1639341233893
2026-04-27T06:45:00Z,2026-04-27T07:00:00Z,2026-04-27,2026-04-27_36,0.0,0,100,0,10.00000000000006,21.04998857142863,0.030694412698412697,0.0,12.010857142857143,True,True,True,False,0.0,0.0,0.0,95.2226672950047,0.0,394.88805944526723,490.11072674027196
2026-04-27T07:00:00Z,2026-04-27T07:15:00Z,2026-04-27,2026-04-27_37,48.0,52,100,0,21.04998857142863,10.051718479503167,0.0360698156521739,0.029120000000000004,2.0765714285714285,True,True,True,False,1372.1999999999998,0.0,57.35744580584354,95.2226672950047,2.567326421614829,-44.24090413356671,1483.1065353888962
2026-04-27T07:15:00Z,2026-04-27T07:30:00Z,2026-04-27,2026-04-27_38,0.8753241853655934,52,100,0,10.051718479503167,10.000000000000053,0.0014174931976598817,0.041897142857142855,0.2514285714285714,True,True,True,False,19.447515088360074,0.0,57.35744580584354,95.2226672950047,3.6938063821192944,-16.100502670436693,159.62093190089092
2026-04-27T07:30:00Z,2026-04-27T07:45:00Z,2026-04-27,2026-04-27_39,0.36359518166505067,52,100,0,10.000000000000053,15.886194881987626,0.016756706515391382,0.0,6.501142857142858,True,True,True,False,3.3468936472267914,0.0,57.35744580584354,95.2226672950047,0.0,444.86771150307436,600.7947182511493
2026-04-27T07:45:00Z,2026-04-27T08:00:00Z,2026-04-27,2026-04-27_40,1.544658121217609e-14,52,100,0,15.886194881987626,37.30484631055905,0.05949625396825396,0.0,23.281142857142857,True,True,True,False,6.44122436547743e-14,0.0,57.35744580584354,95.2226672950047,0.0,5660.227857142857,5812.807970243705
2026-04-27T08:00:00Z,2026-04-27T08:15:00Z,2026-04-27,2026-04-27_41,-1.0,50,49,50,37.30484631055905,38.87010762732923,0.006622102691511387,0.3842857142857143,1.904,True,True,True,False,-7.815,463.8901979264844,55.12193685202639,46.6591069745523,36.25285388896369,912.8881432610744,1506.9972389031013
2026-04-27T08:15:00Z,2026-04-27T08:30:00Z,2026-04-27,2026-04-27_42,-1.0,50,49,50,38.87010762732923,38.978528268323025,0.0011719413940648724,0.14714285714285713,0.041159999999999995,True,True,True,False,-3.8,463.8901979264844,55.12193685202639,46.6591069745523,12.972656074682464,-2.961526979264844,571.8823708484807
2026-04-27T08:30:00Z,2026-04-27T08:45:00Z,2026-04-27,2026-04-27_43,-1.0,50,49,50,38.978528268323025,38.402864735403774,0.002869775210489993,0.7551428571428571,0.013720000000000001,True,True,True,False,-2.2225,463.8901979264844,55.12193685202639,46.6591069745523,71.10617190655715,-1.0775997486647817,633.4773139109554
2026-04-27T08:45:00Z,2026-04-27T09:00:00Z,2026-04-27,2026-04-27_44,-1.0,50,49,50,38.402864735403774,39.89130434782613,0.00481088298136646,0.1142857142857143,1.5024799999999998,True,True,True,False,-0.9025,463.8901979264844,55.12193685202639,46.6591069745523,10.075849378394148,132.4119504084197,707.2565415398769
2026-04-27T09:00:00Z,2026-04-27T09:15:00Z,2026-04-27,2026-04-27_45,-41.50768649109456,45,3,55,39.89130434782613,46.999773167958615,0.020978058590846515,2.6295428571428574,0.01625142857142857,True,True,True,False,-65.37460622347393,510.2792177191328,50.365221489161165,2.861981621112158,294.20747239800727,0.9535109600107714,793.2927979639502
2026-04-27T09:15:00Z,2026-04-27T09:30:00Z,2026-04-27,2026-04-27_46,-42.00000000000002,45,3,55,46.999773167958615,56.43065828597105,0.026297420703933764,0.2496857142857143,0.003668571428571429,True,True,True,False,-0.0,510.2792177191328,50.365221489161165,2.861981621112158,20.847100023562675,-0.22547437053992192,584.1280464824289
2026-04-27T09:30:00Z,2026-04-27T09:45:00Z,2026-04-27,2026-04-27_47,-42.00000000000002,45,3,55,56.43065828597105,65.80393881267912,0.026161631552795044,0.3098571428571429,0.0019542857142857144,True,True,True,False,0.10500000000000005,510.2792177191328,50.365221489161165,2.861981621112158,24.992027736636597,-0.11838570755352093,588.4850628584892
2026-04-27T09:45:00Z,2026-04-27T10:00:00Z,2026-04-27,2026-04-27_48,-42.00000000000002,45,3,55,65.80393881267912,75.42031033069154,0.02673170832298138,0.0486,0.0017657142857142856,True,True,True,False,0.2100000000000001,510.2792177191328,50.365221489161165,2.861981621112158,2.862865221489161,-0.1386831829810152,566.4406028679143
2026-04-27T10:00:00Z,2026-04-27T10:15:00Z,2026-04-27,2026-04-27_49,-19.0,19,0,81,75.42031033069154,79.79031033069153,0.012138888888888888,0.0,0.0,True,True,True,False,0.0475,751.5021206409048,21.304488689915175,0.0,0.0,0.0,772.8541093308199
2026-04-27T10:15:00Z,2026-04-27T10:30:00Z,2026-04-27,2026-04-27_50,-19.0,19,0,81,79.79031033069153,84.16031033069153,0.01213888888888889,0.0,0.0,True,True,True,False,0.23750000000000002,751.5021206409048,21.304488689915175,0.0,0.0,0.0,773.04410933082
2026-04-27T10:30:00Z,2026-04-27T10:45:00Z,2026-04-27,2026-04-27_51,-19.0,19,0,81,84.16031033069153,88.53031033069152,0.01213888888888889,0.0,0.0,True,True,True,False,0.47500000000000003,751.5021206409048,21.304488689915175,0.0,0.0,0.0,773.28160933082
2026-04-27T10:45:00Z,2026-04-27T11:00:00Z,2026-04-27,2026-04-27_52,-19.0,19,0,81,88.53031033069152,92.88922301640581,0.012108090793650793,0.012051428571428572,0.0,True,True,True,False,1.0925,751.5021206409048,21.304488689915175,0.0,0.7099097886091289,0.0,774.609019119429
2026-04-27T11:00:00Z,2026-04-27T11:15:00Z,2026-04-27,2026-04-27_53,-19.0,19,0,81,92.88922301640581,97.24623787354867,0.012102819047619048,0.014114285714285715,0.0,True,True,True,False,2.375,751.5021206409048,21.26531573986805,0.0,0.9807194807234864,0.0,776.1231558614963
2026-04-27T11:15:00Z,2026-04-27T11:30:00Z,2026-04-27,2026-04-27_54,-19.0,19,0,81,97.24623787354867,101.61583833069152,0.012137779047619047,0.0004342857142857143,0.0,True,True,True,False,3.8949999999999996,751.5021206409048,21.26531573986805,0.0,0.02558233472465329,0.0,776.6880187154975
2026-04-27T11:30:00Z,2026-04-27T11:45:00Z,2026-04-27,2026-04-27_55,-19.0,19,0,81,101.61583833069152,105.98583833069152,0.012138888888888888,0.0,0.0,True,True,True,False,4.75,751.5021206409048,21.26531573986805,0.0,0.0,0.0,777.5174363807728
2026-04-27T11:45:00Z,2026-04-27T12:00:00Z,2026-04-27,2026-04-27_56,-19.0,19,0,81,105.98583833069152,110.35583833069153,0.01213888888888889,0.0,0.0,True,True,True,False,4.75,751.5021206409048,21.26531573986805,0.0,0.0,0.0,777.5174363807728
2026-04-27T12:00:00Z,2026-04-27T12:15:00Z,2026-04-27,2026-04-27_57,-19.0,0,0,81,110.35583833069153,114.72583833069153,0.01213888888888889,0.0,0.0,True,False,True,False,2.375,751.5021206409048,0.0,0.0,0.0,0.0,753.8771206409048
2026-04-27T12:15:00Z,2026-04-27T12:30:00Z,2026-04-27,2026-04-27_58,-19.0,0,0,81,114.72583833069153,119.09583833069154,0.01213888888888889,0.0,0.0,True,False,True,False,0.47500000000000003,751.5021206409048,0.0,0.0,0.0,0.0,751.9771206409048
2026-04-27T12:30:00Z,2026-04-27T12:45:00Z,2026-04-27,2026-04-27_59,-19.0,0,0,81,119.09583833069154,123.46583833069154,0.01213888888888889,0.0,0.0,True,False,True,False,0.23750000000000002,751.5021206409048,0.0,0.0,0.0,0.0,751.7396206409047
2026-04-27T12:45:00Z,2026-04-27T13:00:00Z,2026-04-27,2026-04-27_60,-19.0,0,0,81,123.46583833069154,127.83583833069154,0.01213888888888889,0.0,0.0,True,False,True,False,-0.0,751.5021206409048,0.0,0.0,0.0,0.0,751.5021206409048
2026-04-27T13:00:00Z,2026-04-27T13:15:00Z,2026-04-27,2026-04-27_61,0.0,100,100,0,127.83583833069154,146.05972404497726,0.05062190476190477,0.0,19.80857142857143,True,True,True,False,0.0,0.0,110.27332704995287,95.2226672950047,0.0,10648.001733539788,10853.497727884745
2026-04-27T13:15:00Z,2026-04-27T13:30:00Z,2026-04-27,2026-04-27_62,0.0,100,100,0,146.05972404497726,157.30193721267912,0.0313111856452726,0.013714285714285714,12.235999999999999,True,True,True,False,0.0,0.0,110.27332704995287,95.2226672950047,1.2091019254072977,2006.1004649701533,2212.8055612405183
2026-04-27T13:30:00Z,2026-04-27T13:45:00Z,2026-04-27,2026-04-27_63,0.0,100,100,0,157.30193721267912,167.81629944870397,0.0297552160110421,0.09085714285714286,11.536,True,True,True,False,0.0,0.0,110.27332704995287,95.2226672950047,8.010300255823347,2452.697935909519,2666.2042305103
2026-04-27T13:45:00Z,2026-04-27T14:00:00Z,2026-04-27,2026-04-27_64,0.0,100,100,0,167.81629944870397,188.8043908772754,0.05830025396825397,0.0,22.813142857142857,True,True,True,False,0.0,0.0,110.27332704995287,95.2226672950047,0.0,7523.2797994928405,7728.775793837798
2026-04-27T14:00:00Z,2026-04-27T14:15:00Z,2026-04-27,2026-04-27_65,-5.1983005335853,0,0,0,188.8043908772754,190.00000000000003,0.0033211364520128305,0.0,0.0,True,False,True,False,-6.510871418315588,0.0,0.0,0.0,0.0,0.0,-6.510871418315588
2026-04-27T14:15:00Z,2026-04-27T14:30:00Z,2026-04-27,2026-04-27_66,-6.178632484870436e-14,0,0,0,190.00000000000003,190.00000000000006,3.947459643111668e-17,0.0,0.0,True,False,True,False,-9.079500436517106e-13,0.0,0.0,0.0,0.0,0.0,-9.079500436517106e-13
2026-04-27T14:30:00Z,2026-04-27T14:45:00Z,2026-04-27,2026-04-27_67,0.0,0,0,0,190.00000000000006,190.00000000000006,0.0,0.0,0.0,True,False,True,False,0.0,0.0,0.0,0.0,0.0,0.0,0.0
2026-04-27T14:45:00Z,2026-04-27T15:00:00Z,2026-04-27,2026-04-27_68,100.0,0,0,0,190.00000000000006,162.8260869565218,0.0754830917874396,0.0,0.0,True,False,True,False,3118.0,0.0,0.0,0.0,0.0,0.0,3118.0
2026-04-27T15:00:00Z,2026-04-27T15:15:00Z,2026-04-27,2026-04-27_69,0.0,100,100,0,162.8260869565218,180.4937669565218,0.04907688888888889,0.0,19.204,True,True,True,False,0.0,0.0,107.5930725730443,95.2226672950047,0.0,9603.6893245366,9806.50506440465
2026-04-27T15:15:00Z,2026-04-27T15:30:00Z,2026-04-27,2026-04-27_70,0.0,100,100,0,180.4937669565218,181.23930037267087,0.002505708764665286,0.07200000000000001,0.8954285714285714,True,True,True,False,0.0,0.0,107.5930725730443,95.2226672950047,9.09911875589067,-46.82099086665769,165.09386775728197
2026-04-27T15:30:00Z,2026-04-27T15:45:00Z,2026-04-27,2026-04-27_71,0.0,100,100,0,181.23930037267087,186.18520546583858,0.019842835058661145,1.010857142857143,6.570285714285713,True,True,True,False,0.0,0.0,107.5930725730443,95.2226672950047,167.7912101117544,283.0520059692114,653.6589559490147
2026-04-27T15:45:00Z,2026-04-27T16:00:00Z,2026-04-27,2026-04-27_72,0.0,100,100,0,186.18520546583858,182.52176397515532,0.012156416839199446,3.6982857142857144,0.38742857142857146,True,True,True,False,0.0,0.0,107.5930725730443,95.2226672950047,876.1585099412054,-20.93634239935371,1058.0379074099005
2026-04-27T16:00:00Z,2026-04-27T16:15:00Z,2026-04-27,2026-04-27_73,6.5857384459861334,0,100,0,182.52176397515532,186.192049689441,0.01780519749277901,0.0,5.864571428571429,True,True,True,False,191.31570185589717,0.0,0.0,95.2226672950047,0.0,-100.23133869664737,186.30703045425452
2026-04-27T16:15:00Z,2026-04-27T16:30:00Z,2026-04-27,2026-04-27_74,100.0,0,100,0,186.192049689441,179.0914285714286,0.019723947550034506,0.0,18.46742857142857,True,True,True,False,3274.4999999999995,0.0,0.0,95.2226672950047,0.0,14492.739560163365,17862.46222745837
2026-04-27T16:30:00Z,2026-04-27T16:45:00Z,2026-04-27,2026-04-27_75,100.0,0,100,0,179.0914285714286,167.8106832298137,0.03133540372670807,0.0,14.621714285714285,True,True,True,False,3336.75,0.0,0.0,95.2226672950047,0.0,7204.010791705937,10635.983459000941
2026-04-27T16:45:00Z,2026-04-27T17:00:00Z,2026-04-27,2026-04-27_76,100.0,0,100,0,167.8106832298137,151.82000000000002,0.04441856452726018,0.0,10.288571428571428,True,True,True,False,3194.5,0.0,0.0,95.2226672950047,0.0,1064.885728872133,4354.6083961671375
2026-04-27T17:00:00Z,2026-04-27T17:15:00Z,2026-04-27,2026-04-27_77,0.0,0,0,83,151.82000000000002,151.82000000000002,0.0,0.0,0.0,True,False,True,False,0.0,770.0577285579641,0.0,0.0,0.0,0.0,770.0577285579641
2026-04-27T17:15:00Z,2026-04-27T17:30:00Z,2026-04-27,2026-04-27_78,0.0,0,0,83,151.82000000000002,151.82000000000002,0.0,0.0,0.0,True,False,True,False,0.0,770.0577285579641,0.0,0.0,0.0,0.0,770.0577285579641
2026-04-27T17:30:00Z,2026-04-27T17:45:00Z,2026-04-27,2026-04-27_79,0.0,0,0,83,151.82000000000002,151.82000000000002,0.0,0.0,0.0,True,False,True,False,0.0,770.0577285579641,0.0,0.0,0.0,0.0,770.0577285579641
2026-04-27T17:45:00Z,2026-04-27T18:00:00Z,2026-04-27,2026-04-27_80,0.0,0,0,83,151.82000000000002,151.82000000000002,0.0,0.0,0.0,True,False,True,False,0.0,770.0577285579641,0.0,0.0,0.0,0.0,770.0577285579641
2026-04-27T18:00:00Z,2026-04-27T18:15:00Z,2026-04-27,2026-04-27_81,100.0,0,100,0,151.82000000000002,130.47341614906833,0.059296066252588,0.0,5.361142857142856,True,True,True,False,5533.0,0.0,0.0,95.2226672950047,0.0,-160.63006373143034,5467.592603563575
2026-04-27T18:15:00Z,2026-04-27T18:30:00Z,2026-04-27,2026-04-27_82,100.0,0,100,0,130.47341614906833,117.99018633540373,0.03467563837129054,0.0,13.515428571428572,True,True,True,False,5139.0,0.0,0.0,95.2226672950047,0.0,3463.4957627575063,8697.718430052511
2026-04-27T18:30:00Z,2026-04-27T18:45:00Z,2026-04-27,2026-04-27_83,99.99999999999996,0,100,0,117.99018633540373,114.70881987577643,0.009114906832298156,0.0,21.981142857142856,True,True,True,False,4723.999999999998,0.0,0.0,95.2226672950047,0.0,8029.4704734975985,12848.693140792602
2026-04-27T18:45:00Z,2026-04-27T19:00:00Z,2026-04-27,2026-04-27_84,100.0,0,100,0,114.70881987577643,97.7578881987578,0.04708592132505176,0.0,9.405142857142856,True,True,True,False,3630.5,0.0,0.0,95.2226672950047,0.0,331.3425475741663,4057.065214869171
2026-04-27T19:00:00Z,2026-04-27T19:15:00Z,2026-04-27,2026-04-27_85,62.0,0,0,38,97.7578881987578,80.91006211180128,0.04679951690821255,0.0,0.0,True,False,True,False,2963.91,352.55655042412815,0.0,0.0,0.0,0.0,3316.466550424128
2026-04-27T19:15:00Z,2026-04-27T19:30:00Z,2026-04-27,2026-04-27_86,62.0,0,0,38,80.91006211180128,64.06223602484476,0.04679951690821255,0.0,0.0,True,False,True,False,2836.19,352.55655042412815,0.0,0.0,0.0,0.0,3188.746550424128
2026-04-27T19:30:00Z,2026-04-27T19:45:00Z,2026-04-27,2026-04-27_87,62.0,0,0,38,64.06223602484476,47.21440993788825,0.04679951690821255,0.0,0.0,True,False,True,False,3036.14,352.55655042412815,0.0,0.0,0.0,0.0,3388.696550424128
2026-04-27T19:45:00Z,2026-04-27T20:00:00Z,2026-04-27,2026-04-27_88,60.949028571428705,0,0,38,47.21440993788825,30.65217391304349,0.04600621118012433,0.0,0.0,True,False,True,False,2283.1506102857193,352.55655042412815,0.0,0.0,0.0,0.0,2635.7071607098474
2026-04-27T20:00:00Z,2026-04-27T20:15:00Z,2026-04-27,2026-04-27_89,80.0,20,100,0,30.65217391304349,21.831559155279514,0.03703590448585231,0.0,12.261714285714284,True,True,True,False,2853.8,0.0,21.524505183788875,95.2226672950047,0.0,236.8195253803689,3207.3666978591627
2026-04-27T20:15:00Z,2026-04-27T20:30:00Z,2026-04-27,2026-04-27_90,79.70212836945264,20,100,0,21.831559155279514,10.00000000000004,0.04254630254970303,0.0,9.331428571428571,True,True,True,False,2681.976619632081,0.0,21.524505183788875,95.2226672950047,0.0,195.48580629235667,2994.209598403231
2026-04-27T20:30:00Z,2026-04-27T20:45:00Z,2026-04-27,2026-04-27_91,9.286887039180979,20,100,0,10.00000000000004,10.00000000000004,0.012648230132474732,0.026171428571428575,2.7279999999999998,True,True,True,False,291.3296464191073,0.0,21.524505183788875,95.2226672950047,3.940555450832548,-91.46577756833175,320.55159678040167
2026-04-27T20:45:00Z,2026-04-27T21:00:00Z,2026-04-27,2026-04-27_92,35.105348204312406,20,100,0,10.00000000000004,10.000000000000039,0.032332534469334095,0.0,9.748000000000001,True,True,True,False,1006.1192795355936,0.0,21.524505183788875,95.2226672950047,0.0,276.0210666038328,1398.88751861822
2026-04-27T21:00:00Z,2026-04-27T21:15:00Z,2026-04-28,2026-04-27_93,0.0,41,100,0,10.000000000000039,10.003133664596312,0.007126406487232574,1.1786914285714285,1.396,True,True,True,False,0.0,0.0,44.05364541402399,94.664912521845,223.66645985935048,496.6565978753902,859.0416156706096
2026-04-27T21:15:00Z,2026-04-27T21:30:00Z,2026-04-28,2026-04-27_94,-2.3560573441854202e-14,41,100,0,10.003133664596312,17.92407080745346,0.022002603174603192,0.0,8.609714285714286,True,True,True,False,-7.439840078601511e-13,0.0,44.05364541402399,94.664912521845,0.0,700.8429489829981,839.5615069188664
2026-04-27T21:30:00Z,2026-04-27T21:45:00Z,2026-04-28,2026-04-27_95,0.0,41,100,0,17.92407080745346,25.39552223602489,0.020754031746031746,0.0,8.121142857142857,True,True,True,False,0.0,0.0,44.05364541402399,94.664912521845,0.0,951.6648841338722,1090.3834420697412
2026-04-27T21:45:00Z,2026-04-27T22:00:00Z,2026-04-28,2026-04-27_96,0.0,41,100,0,25.39552223602489,31.41863080745346,0.016730857142857145,0.0,6.546857142857143,True,True,True,False,0.0,0.0,44.05364541402399,94.664912521845,0.0,344.6461927296495,483.3647506655185
2026-04-27T22:00:00Z,2026-04-27T22:15:00Z,2026-04-28,2026-04-28_1,-30.733364812688166,61,18,39,31.41863080745346,37.546174857142766,0.020309762947026716,1.0976514285714287,0.17352,True,True,True,False,-945.4351350503197,361.8414593437666,65.5432285428162,17.039684253932098,197.5365211639069,-3.219661947493471,-306.69390369339135
2026-04-27T22:15:00Z,2026-04-27T22:30:00Z,2026-04-28,2026-04-28_2,-43.0,61,18,39,37.546174857142766,47.40746606708066,0.027501792353347137,0.06134857142857142,0.033428571428571426,True,True,True,False,-1252.805,361.8414593437666,65.5432285428162,17.039684253932098,10.019909290889759,-1.9883327676309785,-800.3490513362264
2026-04-27T22:30:00Z,2026-04-27T22:45:00Z,2026-04-28,2026-04-28_3,-43.0,61,18,39,47.40746606708066,51.28933040496886,0.02182829810904072,6.198645714285715,0.0,True,True,True,False,-1262.05,361.8414593437666,65.5432285428162,17.039684253932098,1236.741007834744,0.0,419.11537997525903
2026-04-27T22:45:00Z,2026-04-27T23:00:00Z,2026-04-28,2026-04-28_4,-43.0,61,18,39,51.28933040496886,60.7203999304347,0.027391825286404416,0.6703028571428572,0.20736000000000002,True,True,True,False,-1242.055,361.8414593437666,65.5432285428162,17.039684253932098,118.99675622305318,-8.826979731772932,-687.4608513682049
2026-04-27T23:00:00Z,2026-04-27T23:15:00Z,2026-04-28,2026-04-28_5,0.0,7,7,93,60.7203999304347,60.68321739130427,0.00019405816425120773,0.049240000000000006,0.01776,True,True,True,False,0.0,862.852710742828,7.517230545683037,7.133740452019559,8.68286830168673,-1.1241804151039725,885.0623696271133
2026-04-27T23:15:00Z,2026-04-27T23:30:00Z,2026-04-28,2026-04-28_6,0.0,7,7,93,60.68321739130427,60.543478260869485,0.0003881642512077294,0.12855999999999998,0.0,True,True,True,False,0.0,862.852710742828,7.517230545683037,7.133740452019559,22.652783442967383,0.0,900.156465183498
2026-04-27T23:30:00Z,2026-04-27T23:45:00Z,2026-04-28,2026-04-28_7,0.0,7,7,93,60.543478260869485,60.73016507826079,0.0005265455072463769,0.00132,0.20448,True,True,True,False,0.0,862.852710742828,7.517230545683037,7.133740452019559,0.22520868694405718,-6.311870025723094,871.4170204017515
2026-04-27T23:45:00Z,2026-04-28T00:00:00Z,2026-04-28,2026-04-28_8,0.0,7,7,93,60.73016507826079,60.79595422608688,0.0001977234782608696,0.00248,0.07444,True,True,True,False,0.0,862.852710742828,7.517230545683037,7.133740452019559,0.40741451882105767,-3.890256296267207,874.0208399630844
2026-04-28T00:00:00Z,2026-04-28T00:15:00Z,2026-04-28,2026-04-28_9,0.0,100,100,0,60.79595422608688,76.1683656546583,0.042701142857142854,0.0,16.709142857142854,True,True,True,False,0.0,0.0,107.38900779547195,101.91057788599369,0.0,2370.6299440375437,2579.929529719009
2026-04-28T00:15:00Z,2026-04-28T00:30:00Z,2026-04-28,2026-04-28_10,0.0,100,100,0,76.1683656546583,80.24317708322972,0.011318920634920635,0.0,4.429142857142857,True,True,True,False,0.0,0.0,107.38900779547195,101.91057788599369,0.0,-0.4252853804745728,208.87430030099108
2026-04-28T00:30:00Z,2026-04-28T00:45:00Z,2026-04-28,2026-04-28_11,0.0,100,100,0,80.24317708322972,82.84880987826078,0.007268924775707383,0.005142857142857143,2.838285714285714,True,True,True,False,0.0,0.0,107.38900779547195,101.91057788599369,0.7852140178238318,-55.14167113150756,154.9431285677819
2026-04-28T00:45:00Z,2026-04-28T01:00:00Z,2026-04-28,2026-04-28_12,0.0,100,100,0,82.84880987826078,86.91415844968935,0.01129263492063492,0.0,4.418857142857142,True,True,True,False,0.0,0.0,107.38900779547195,101.91057788599369,0.0,11.246059541809142,220.5456452232748
2026-04-28T01:00:00Z,2026-04-28T01:15:00Z,2026-04-28,2026-04-28_13,0.0,7,7,93,86.91415844968935,86.6326974409937,0.000983622801932367,0.29236,0.03948,True,True,True,False,0.0,862.852710742828,7.517230545683037,7.133740452019559,52.53713850020618,-1.5696569521079196,928.4711632886289
2026-04-28T01:15:00Z,2026-04-28T01:30:00Z,2026-04-28,2026-04-28_14,0.0,7,7,93,86.6326974409937,86.58690050186327,0.00036457371980676333,0.08144000000000001,0.046439999999999995,True,True,True,False,0.0,862.852710742828,7.517230545683037,7.133740452019559,14.362349464920381,-2.3618953403891845,889.5041358650618
2026-04-28T01:30:00Z,2026-04-28T01:45:00Z,2026-04-28,2026-04-28_15,0.0,7,7,93,86.58690050186327,86.25737876273284,0.0009153381642512076,0.30316,0.0,True,True,True,False,0.0,862.852710742828,7.517230545683037,7.133740452019559,55.06568309148389,0.0,932.5693648320145
2026-04-28T01:45:00Z,2026-04-28T02:00:00Z,2026-04-28,2026-04-28_16,3.068197869684196e-14,7,7,93,86.25737876273284,86.00629180621108,0.0006974637681159652,0.231,0.0,True,True,True,False,8.632374706356485e-13,862.852710742828,7.517230545683037,7.133740452019559,42.00211125728985,0.0,919.5057929978212
2026-04-28T02:00:00Z,2026-04-28T02:15:00Z,2026-04-28,2026-04-28_17,-3.4419176446174607e-14,7,7,93,86.00629180621108,86.11350794534152,0.0004449240579710359,0.02436,0.14532,True,True,True,False,-9.490227425621494e-13,862.852710742828,7.517230545683037,7.133740452019559,4.294376169811692,-7.212611086457087,874.5854468238842
2026-04-28T02:15:00Z,2026-04-28T02:30:00Z,2026-04-28,2026-04-28_18,0.0,7,7,93,86.11350794534152,86.10473333664588,0.00011330724637681158,0.022799999999999997,0.0174,True,True,True,False,0.0,862.852710742828,7.517230545683037,7.133740452019559,4.01937581243741,-1.151587055982092,880.3714704969859
2026-04-28T02:30:00Z,2026-04-28T02:45:00Z,2026-04-28,2026-04-28_19,0.0,7,7,93,86.10473333664588,85.85058286708066,0.0007065868599033815,0.23391999999999996,0.00011999999999999999,True,True,True,False,0.0,862.852710742828,7.517230545683037,7.133740452019559,42.22373816639504,-0.00942525575824219,919.7179946511674
2026-04-28T02:45:00Z,2026-04-28T03:00:00Z,2026-04-28,2026-04-28_20,-1.7763568394002505e-15,7,7,93,85.85058286708066,85.7581770236024,0.00029838956521739235,0.09192,0.008159999999999999,True,True,True,False,-5.275335723808894e-14,862.852710742828,7.517230545683037,7.133740452019559,16.516179535413436,-0.5284668329177057,893.4913944430263
2026-04-28T03:00:00Z,2026-04-28T03:15:00Z,2026-04-28,2026-04-28_21,0.0,100,100,0,85.7581770236024,91.6520125515527,0.016464933057280886,0.015428571428571429,6.424571428571428,True,True,True,False,0.0,0.0,106.79992931058182,94.664912521845,2.5806131465487017,3613.225042343522,3817.2704973224977
2026-04-28T03:15:00Z,2026-04-28T03:30:00Z,2026-04-28,2026-04-28_22,0.0,100,100,0,91.6520125515527,95.74809801739121,0.011502238785369217,0.02057142857142857,4.476571428571428,True,True,True,False,0.0,0.0,106.79992931058182,94.664912521845,3.489476084816081,-15.947131945165205,189.00718597207768
2026-04-28T03:30:00Z,2026-04-28T03:45:00Z,2026-04-28,2026-04-28_23,0.0,100,100,0,95.74809801739121,104.02967516024836,0.023004380952380953,0.0,9.001714285714286,True,True,True,False,0.0,0.0,106.79992931058182,94.664912521845,0.0,121.06454628333553,322.52938811576234
2026-04-28T03:45:00Z,2026-04-28T04:00:00Z,2026-04-28,2026-04-28_24,0.0,100,100,0,104.02967516024836,111.2734923031055,0.020121714285714284,0.0,7.873714285714286,True,True,True,False,0.0,0.0,106.79992931058182,94.664912521845,0.0,7.000643722527203,208.46548555495403
2026-04-28T04:00:00Z,2026-04-28T04:15:00Z,2026-04-28,2026-04-28_25,98.71003333714816,0,100,0,111.2734923031055,90.28077396273284,0.05866747959044224,0.0,5.374857142857143,True,True,True,False,3127.1338561208536,0.0,0.0,94.664912521845,0.0,-95.56263177825966,3126.236136864439
2026-04-28T04:15:00Z,2026-04-28T04:30:00Z,2026-04-28,2026-04-28_26,100.0,0,100,0,90.28077396273284,67.90499756521731,0.06215493443754313,0.0,4.414285714285715,True,True,True,False,3263.7500000000005,0.0,0.0,94.664912521845,0.0,-208.16841192855884,3150.246500593287
2026-04-28T04:30:00Z,2026-04-28T04:45:00Z,2026-04-28,2026-04-28_27,100.0,0,100,0,67.90499756521731,51.59568079503098,0.04530365769496204,0.0,9.995428571428572,True,True,True,False,3396.0,0.0,0.0,94.664912521845,0.0,153.97164097629943,3644.6365534981446
2026-04-28T04:45:00Z,2026-04-28T05:00:00Z,2026-04-28,2026-04-28_28,99.99999999999999,0,100,0,51.59568079503098,42.10499756521732,0.02636300897170463,0.0,16.268571428571427,True,True,True,False,3353.2499999999995,0.0,0.0,94.664912521845,0.0,414.7021041322453,3862.6170166540896
2026-04-28T05:00:00Z,2026-04-28T05:15:00Z,2026-04-28,2026-04-28_29,100.0,0,100,0,42.10499756521732,31.06773048447198,0.03065907522429261,0.0,14.845714285714287,True,True,True,False,3580.25,0.0,0.0,94.664912521845,0.0,4802.919580688325,8477.83449321017
2026-04-28T05:15:00Z,2026-04-28T05:30:00Z,2026-04-28,2026-04-28_30,100.0,0,100,0,31.06773048447198,12.461519304347757,0.051683919944789505,0.0,7.882285714285714,True,True,True,False,3385.75,0.0,0.0,94.664912521845,0.0,1998.6834232753324,5479.098335797177
2026-04-28T05:30:00Z,2026-04-28T05:45:00Z,2026-04-28,2026-04-28_31,0.0,0,100,0,12.461519304347757,18.653382161490615,0.01719961904761905,0.0,6.730285714285715,True,True,True,False,0.0,0.0,0.0,94.664912521845,0.0,168.83532339006254,263.50023591190757
2026-04-28T05:45:00Z,2026-04-28T06:00:00Z,2026-04-28,2026-04-28_32,0.0,0,100,0,18.653382161490615,35.710182161490614,0.04738,0.0,18.54,True,True,True,False,0.0,0.0,0.0,94.664912521845,0.0,9802.198150293558,9896.863062815402
2026-04-28T06:00:00Z,2026-04-28T06:15:00Z,2026-04-28,2026-04-28_33,96.0,4,100,0,35.710182161490614,25.190961331676952,0.03216627754313319,0.0,14.410857142857145,True,True,True,False,3177.12,0.0,4.39099102637108,90.86535629430362,0.0,1768.881991758512,5041.258339079187
2026-04-28T06:15:00Z,2026-04-28T06:30:00Z,2026-04-28,2026-04-28_34,96.0,4,100,0,25.190961331676952,9.999999999999934,0.04425919988957902,0.0,10.086285714285715,True,True,True,False,3022.08,0.0,4.39099102637108,90.86535629430362,0.0,514.6903241334236,3632.026671454098
2026-04-28T06:30:00Z,2026-04-28T06:45:00Z,2026-04-28,2026-04-28_35,52.875188649547795,4,100,0,9.999999999999934,9.999999999999932,0.03432325910542765,0.0,14.250285714285713,True,True,True,False,1474.5568234642642,0.0,4.39099102637108,90.86535629430362,0.0,632.3660473114177,2202.1792180963566
2026-04-28T06:45:00Z,2026-04-28T07:00:00Z,2026-04-28,2026-04-28_36,0.0,4,100,0,9.999999999999932,13.40242285714279,0.009451174603174604,0.0,3.6982857142857144,True,True,True,False,0.0,0.0,4.39099102637108,90.86535629430362,0.0,-71.07691648269653,24.17943083797817
2026-04-28T07:00:00Z,2026-04-28T07:15:00Z,2026-04-28,2026-04-28_37,10.883825686619465,89,16,0,13.40242285714279,9.999999999999932,0.009523944467916417,0.45161142857142855,0.044525714285714287,True,True,True,False,326.269884520635,0.0,97.69955033675654,14.53845700708858,39.816508223255134,-2.8819705068038566,475.4424295809314
2026-04-28T07:15:00Z,2026-04-28T07:30:00Z,2026-04-28,2026-04-28_38,0.013730877744899228,89,16,0,9.999999999999932,10.117080715527877,0.00071036122893377,0.06052,0.20278857142857143,True,True,True,False,0.26713422652701446,0.0,97.69955033675654,14.53845700708858,5.335770809197479,-5.962884716218452,111.87802766335116
2026-04-28T07:30:00Z,2026-04-28T07:45:00Z,2026-04-28,2026-04-28_39,-83.9999999999999,89,16,0,10.117080715527877,30.208611140372575,0.05583309866114556,0.06865714285714286,0.9079771428571428,True,True,True,False,-123.68999999999984,0.0,97.69955033675654,14.53845700708858,6.053185371778652,26.490139986367044,21.09133270199098
2026-04-28T07:45:00Z,2026-04-28T08:00:00Z,2026-04-28,2026-04-28_40,-83.9999999999999,89,16,0,30.208611140372575,51.30434782608684,0.05859926857142851,0.0,1.9301485714285715,True,True,True,False,-8.18999999999999,0.0,97.69955033675654,14.53845700708858,0.0,148.83788861255186,252.885895956397
2026-04-28T08:00:00Z,2026-04-28T08:15:00Z,2026-04-28,2026-04-28_41,0.0,24,23,76,51.30434782608684,52.276135940372555,0.002699411428571429,0.0,1.0562914285714287,True,True,True,False,0.0,705.1269464134939,26.345946158226482,20.89903194768983,0.0,16.971349156916485,769.3432736763267
2026-04-28T08:15:00Z,2026-04-28T08:30:00Z,2026-04-28,2026-04-28_42,0.0,24,23,76,52.276135940372555,52.57012509813653,0.0008472783712905453,0.005074285714285714,0.3255485714285714,True,True,True,False,0.0,705.1269464134939,26.345946158226482,20.89903194768983,0.4473764968905071,-15.099426907422108,737.7198741088786
2026-04-28T08:30:00Z,2026-04-28T08:45:00Z,2026-04-28,2026-04-28_43,-0.3823136759377377,24,23,76,52.57012509813653,52.09504955089418,0.0018513746008943248,0.5336228571428572,0.016954285714285713,True,True,True,False,-0.062125972339882374,705.1269464134939,26.345946158226482,20.89903194768983,51.723706131746006,-1.3047379358128863,802.7287667430035
2026-04-28T08:45:00Z,2026-04-28T09:00:00Z,2026-04-28,2026-04-28_44,-1.0000000000000568,24,23,76,52.09504955089418,54.13822600803705,0.005708823492063529,0.00576,1.9776057142857144,True,True,True,False,-0.0775000000000044,705.1269464134939,26.345946158226482,20.89903194768983,0.5078327802540892,61.72955256964451,814.5318098693089
2026-04-28T09:00:00Z,2026-04-28T09:15:00Z,2026-04-28,2026-04-28_45,-12.0,19,7,81,54.13822600803705,57.339458008037056,0.008892311111111113,0.0,0.4796,True,True,True,False,-0.0,751.5168770985922,20.99151726981758,6.362636715298368,0.0,16.14152013666621,795.0125512203743
2026-04-28T09:15:00Z,2026-04-28T09:30:00Z,2026-04-28,2026-04-28_46,-12.0,19,7,81,57.339458008037056,60.271350808037056,0.008144146666666666,0.0,0.18684,True,True,True,False,-0.0,751.5168770985922,20.99151726981758,6.362636715298368,0.0,2.844002191371964,781.7150332750801
2026-04-28T09:30:00Z,2026-04-28T09:45:00Z,2026-04-28,2026-04-28_47,-12.0,19,7,81,60.271350808037056,62.95160883536625,0.007633083892339545,0.08446857142857142,0.0034399999999999995,True,True,True,False,-0.0,751.5168770985922,20.99151726981758,6.362636715298368,7.4359112993668806,-0.20737133544092523,786.0995710476341
2026-04-28T09:45:00Z,2026-04-28T10:00:00Z,2026-04-28,2026-04-28_48,-11.999999999999986,19,7,81,62.95160883536625,65.32779959313022,0.007512124085576251,0.4097485714285714,0.019960000000000002,True,True,True,False,-0.0,751.5168770985922,20.99151726981758,6.362636715298368,36.1741683115047,0.19217677852612566,815.237376173739
2026-04-28T10:00:00Z,2026-04-28T10:15:00Z,2026-04-28,2026-04-28_49,-19.0,19,0,81,65.32779959313022,69.69190633598737,0.012122518730158731,0.006405714285714285,0.0,True,True,True,False,-0.0475,751.5168770985922,20.99711351542404,0.0,0.564762447088129,0.0,773.0312530611044
2026-04-28T10:15:00Z,2026-04-28T10:30:00Z,2026-04-28,2026-04-28_50,-19.0,19,0,81,69.69190633598737,74.05101879313023,0.012108645714285717,0.011834285714285714,0.0,True,True,True,False,-0.0475,751.5168770985922,20.99711351542404,0.0,1.0433746903831533,0.0,773.5098653043993
2026-04-28T10:30:00Z,2026-04-28T10:45:00Z,2026-04-28,2026-04-28_51,-19.0,19,0,81,74.05101879313023,78.41622427884451,0.01212557079365079,0.005211428571428571,0.0,True,True,True,False,-0.0,751.5168770985922,20.99711351542404,0.0,0.4400247973990782,0.0,772.9540154114153
2026-04-28T10:45:00Z,2026-04-28T11:00:00Z,2026-04-28,2026-04-28_52,-19.0,19,0,81,78.41622427884451,82.78622427884451,0.012138888888888892,0.0,0.0,True,True,True,False,-0.0,751.5168770985922,20.99711351542404,0.0,0.0,0.0,772.5139906140163
2026-04-28T11:00:00Z,2026-04-28T11:15:00Z,2026-04-28,2026-04-28_53,0.0,100,100,0,82.78622427884451,89.23200713598737,0.01790495238095238,0.0,7.006285714285713,True,True,True,False,0.0,0.0,110.48166984114516,90.89481021854812,0.0,226.59852606952805,427.97500612922136
2026-04-28T11:15:00Z,2026-04-28T11:30:00Z,2026-04-28,2026-04-28_54,0.0,100,100,0,89.23200713598737,94.24258999313022,0.013918285714285715,0.0,5.446285714285715,True,True,True,False,0.0,0.0,110.48166984114516,90.89481021854812,0.0,246.05336478825436,447.4298448479476
2026-04-28T11:30:00Z,2026-04-28T11:45:00Z,2026-04-28,2026-04-28_55,0.0,100,100,0,94.24258999313022,113.24558427884452,0.05278609523809524,0.0,20.655428571428573,True,True,True,False,0.0,0.0,110.48166984114516,90.89481021854812,0.0,5597.4155092583505,5798.791989318044
2026-04-28T11:45:00Z,2026-04-28T12:00:00Z,2026-04-28,2026-04-28_56,0.0,100,100,0,113.24558427884452,121.61758427884452,0.023255555555555554,0.0,9.1,True,True,True,False,0.0,0.0,110.48166984114516,90.89481021854812,0.0,356.27714179119135,557.6536218508846
2026-04-28T12:00:00Z,2026-04-28T12:15:00Z,2026-04-28,2026-04-28_57,0.0,100,100,0,121.61758427884452,134.61586999313025,0.03610634920634921,0.0,14.12857142857143,True,True,True,False,0.0,0.0,109.77477565927701,90.89481021854812,0.0,2843.1006931490174,3043.7702790268427
2026-04-28T12:15:00Z,2026-04-28T12:30:00Z,2026-04-28,2026-04-28_58,0.0,100,100,0,134.61586999313025,135.83587595586317,0.003661507246376812,0.045142857142857144,1.3794285714285714,True,True,True,False,0.0,0.0,109.77477565927701,90.89481021854812,3.9800386547691513,18.878130208786246,223.52775474138053
2026-04-28T12:30:00Z,2026-04-28T12:45:00Z,2026-04-28,2026-04-28_59,0.0,100,100,0,135.83587595586317,144.14847024157746,0.02309053968253968,0.0,9.03542857142857,True,True,True,False,0.0,0.0,109.77477565927701,90.89481021854812,0.0,536.3241058209369,736.9936916987621
2026-04-28T12:45:00Z,2026-04-28T13:00:00Z,2026-04-28,2026-04-28_60,0.0,100,100,0,144.14847024157746,148.40044738443459,0.011811047619047617,0.0,4.621714285714285,True,True,True,False,0.0,0.0,109.77477565927701,90.89481021854812,0.0,140.2686247261486,340.93821060397374
2026-04-28T13:00:00Z,2026-04-28T13:15:00Z,2026-04-28,2026-04-28_61,0.0,19,19,81,148.40044738443459,149.76608487014886,0.00379343746031746,0.0,1.4843885714285714,True,True,True,False,0.0,751.5168770985922,20.857207375262632,17.26441769591769,0.0,61.518458162804464,851.156960332577
2026-04-28T13:15:00Z,2026-04-28T13:30:00Z,2026-04-28,2026-04-28_62,0.0,19,19,81,149.76608487014886,151.00978927760227,0.00345735696342305,0.0004342857142857143,1.3523657142857142,True,True,True,False,0.0,751.5168770985922,20.857207375262632,17.26441769591769,0.03666873311658986,46.37536002064579,836.0505309235349
2026-04-28T13:30:00Z,2026-04-28T13:45:00Z,2026-04-28,2026-04-28_63,1.991160859382074e-14,19,19,81,151.00978927760227,150.05180446269543,0.0027320987715666128,0.8931085714285715,0.013897142857142858,True,True,True,False,4.977902148455185e-17,751.5168770985922,20.857207375262632,17.26441769591769,99.93426671566304,-0.9867088768517404,888.5860600085838
2026-04-28T13:45:00Z,2026-04-28T14:00:00Z,2026-04-28,2026-04-28_64,0.0,19,19,81,150.05180446269543,150.50749876331656,0.0020853482125603867,0.1357142857142857,0.6556628571428572,True,True,True,False,0.0,751.5168770985922,20.857207375262632,17.26441769591769,11.942015041137312,19.384070421247223,820.9645876321571
2026-04-28T14:00:00Z,2026-04-28T14:15:00Z,2026-04-28,2026-04-28_65,0.0,86,100,0,150.50749876331656,171.11917876331657,0.057254666666666676,0.0,22.404000000000003,True,True,True,False,0.0,0.0,94.40630706697823,90.86535629430362,0.0,16596.12142792625,16781.393091287533
2026-04-28T14:15:00Z,2026-04-28T14:30:00Z,2026-04-28,2026-04-28_66,1.5865524321391775e-13,86,100,0,171.11917876331657,184.51490447760224,0.0372103492063492,0.0,14.560571428571428,True,True,True,False,1.5865524321391777e-15,0.0,94.40630706697823,90.86535629430362,0.0,1324.5125141028195,1509.7841774641013
2026-04-28T14:30:00Z,2026-04-28T14:45:00Z,2026-04-28,2026-04-28_67,0.43319388055691466,86,100,0,184.51490447760224,189.8816348223601,0.015565168611215222,0.026537142857142856,5.9879999999999995,True,True,True,False,0.9129561032736976,0.0,94.40630706697823,90.86535629430362,2.3396581661706253,135.29585406562333,323.8201316963495
2026-04-28T14:45:00Z,2026-04-28T15:00:00Z,2026-04-28,2026-04-28_68,14.0,86,100,0,189.8816348223601,183.88870559006196,0.016858012311939268,2.055154285714286,0.048,True,True,True,False,160.37,0.0,94.40630706697823,90.86535629430362,214.84386858724955,-3.6196375203722977,556.8658944281591
2026-04-28T15:00:00Z,2026-04-28T15:15:00Z,2026-04-28,2026-04-28_69,0.0,100,100,0,183.88870559006196,189.21615999999986,0.014974467908902694,0.029142857142857137,5.825142857142858,True,True,True,False,0.0,0.0,106.79992931058182,94.664912521845,3.7196098617348636,-16.84163674054459,188.34281495361708
2026-04-28T15:15:00Z,2026-04-28T15:30:00Z,2026-04-28,2026-04-28_70,0.0,100,100,0,189.21615999999986,188.9099378881986,0.0052052836438923385,1.002857142857143,0.852,True,True,True,False,0.0,0.0,106.79992931058182,94.664912521845,171.076869693034,-43.62169065525163,328.9200208702092
2026-04-28T15:30:00Z,2026-04-28T15:45:00Z,2026-04-28,2026-04-28_71,0.0,100,100,0,188.9099378881986,175.6124223602483,0.036937543133195305,12.233714285714285,0.0,True,True,True,False,0.0,0.0,106.79992931058182,94.664912521845,2913.3233204951625,0.0,3114.7881623275894
2026-04-28T15:45:00Z,2026-04-28T16:00:00Z,2026-04-28,2026-04-28_72,0.0,100,100,0,175.6124223602483,158.570807453416,0.04733781918564527,15.678285714285714,0.0,True,True,True,False,0.0,0.0,106.79992931058182,94.664912521845,6662.152364645192,0.0,6863.617206477619
2026-04-28T16:00:00Z,2026-04-28T16:15:00Z,2026-04-28,2026-04-28_73,0.0,0,32,68,158.570807453416,158.570807453416,0.0,0.0,0.0,True,True,True,False,0.0,630.9030573173366,0.0,30.292772006990397,0.0,0.0,661.195829324327
2026-04-28T16:15:00Z,2026-04-28T16:30:00Z,2026-04-28,2026-04-28_74,32.0,0,32,68,158.570807453416,149.88052173913027,0.024139682539682537,0.0,0.004937142857142857,True,True,True,False,1085.28,630.9030573173366,0.0,30.292772006990397,0.0,-0.36282721318189337,1746.113002111145
2026-04-28T16:30:00Z,2026-04-28T16:45:00Z,2026-04-28,2026-04-28_75,32.0,0,32,68,149.88052173913027,141.2194534161489,0.024058523119392678,0.0,0.031817142857142856,True,True,True,False,1180.4,630.9030573173366,0.0,30.292772006990397,0.0,-2.174632709564671,1839.4211966147623
2026-04-28T16:45:00Z,2026-04-28T17:00:00Z,2026-04-28,2026-04-28_76,32.0,0,32,68,141.2194534161489,133.09999999999982,0.022554037267080745,0.0,0.5301028571428571,True,True,True,False,1564.08,630.9030573173366,0.0,30.292772006990397,0.0,-22.034341942668636,2203.2414873816583
2026-04-28T17:00:00Z,2026-04-28T17:15:00Z,2026-04-28,2026-04-28_77,99.99999999999997,0,100,0,133.09999999999982,119.35341614906815,0.03818495514147688,0.0,12.353142857142856,True,True,True,False,3924.2499999999986,0.0,0.0,94.664912521845,0.0,607.0254886967059,4625.94040121855
2026-04-28T17:15:00Z,2026-04-28T17:30:00Z,2026-04-28,2026-04-28_78,100.0,0,100,0,119.35341614906815,103.1689440993787,0.04495686680469289,0.0,10.110285714285714,True,True,True,False,3836.75,0.0,0.0,94.664912521845,0.0,462.25368995957797,4393.668602481423
2026-04-28T17:30:00Z,2026-04-28T17:45:00Z,2026-04-28,2026-04-28_79,100.0,0,100,0,103.1689440993787,76.57639751552777,0.07386818495514147,0.0,0.5348571428571429,True,True,True,False,5353.5,0.0,0.0,94.664912521845,0.0,-28.629303232357803,5419.535609289487
2026-04-28T17:45:00Z,2026-04-28T18:00:00Z,2026-04-28,2026-04-28_80,100.0,0,100,0,76.57639751552777,51.29006211180106,0.07023982056590752,0.0,1.7365714285714287,True,True,True,False,6840.75,0.0,0.0,94.664912521845,0.0,-72.46665821385793,6862.948254307987
2026-04-28T18:00:00Z,2026-04-28T18:15:00Z,2026-04-28,2026-04-28_81,0.0,26,100,0,51.29006211180106,52.5586141614905,0.0035354189095928223,0.0019314285714285714,1.381142857142857,True,True,True,False,0.0,0.0,27.76798162075127,94.664912521845,0.2844407541326661,-72.93992061466132,49.77741428206762
2026-04-28T18:15:00Z,2026-04-28T18:30:00Z,2026-04-28,2026-04-28_82,72.77591689154688,26,100,0,52.5586141614905,40.25995436521724,0.04415278228363642,0.0,7.179428571428572,True,True,True,False,2187.826001552128,0.0,27.76798162075127,94.664912521845,0.0,156.4722672508829,2466.7311629456076
2026-04-28T18:30:00Z,2026-04-28T18:45:00Z,2026-04-28,2026-04-28_83,74.00000000000007,26,100,0,40.25995436521724,36.19863902608679,0.03171670514837818,0.0,15.377714285714287,True,True,True,False,2161.5400000000022,0.0,27.76798162075127,94.664912521845,0.0,613.3270309041794,2897.299925046778
2026-04-28T18:45:00Z,2026-04-28T19:00:00Z,2026-04-28,2026-04-28_84,74.00000000000007,26,100,0,36.19863902608679,40.978260869565034,0.018416892974465103,0.0,23.84971428571429,True,True,True,False,2106.410000000002,0.0,27.76798162075127,94.664912521845,0.0,7703.00298354227,9931.84587768487
2026-04-28T19:00:00Z,2026-04-28T19:15:00Z,2026-04-28,2026-04-28_85,6.0,37,43,57,40.978260869565034,41.362716094409755,0.008586461200828158,0.05137714285714285,2.1952114285714286,True,True,True,False,175.245,528.8452098101203,39.52687179688574,40.70591238439335,8.394539084235419,-11.900445170538221,780.8170879050966
2026-04-28T19:15:00Z,2026-04-28T19:30:00Z,2026-04-28,2026-04-28_86,6.0,37,43,57,41.362716094409755,41.955528178881806,0.008718749924085577,0.0,2.3568914285714286,True,True,True,False,172.54500000000002,528.8452098101203,39.52687179688574,40.70591238439335,0.0,-28.855918758783584,752.7670752326159
2026-04-28T19:30:00Z,2026-04-28T19:45:00Z,2026-04-28,2026-04-28_87,6.0,37,43,57,41.955528178881806,41.6128706683228,0.006955834037267081,0.0,1.3651885714285716,True,True,True,False,179.82,528.8452098101203,39.52687179688574,40.70591238439335,0.0,-68.39426664385158,720.5037273475479
2026-04-28T19:45:00Z,2026-04-28T20:00:00Z,2026-04-28,2026-04-28_88,2.81893102871196,37,43,57,41.6128706683228,40.97826086956504,0.0030806930352279263,0.11544000000000001,0.2759371428571429,True,True,True,False,82.30573871081745,528.8452098101203,39.52687179688574,40.70591238439335,18.49123165315059,-14.393302264024976,695.4816620913425
2026-04-28T20:00:00Z,2026-04-28T20:15:00Z,2026-04-28,2026-04-28_89,0.0,100,100,0,40.97826086956504,21.650310559006037,0.0536887508626639,17.781714285714283,0.0,True,True,True,False,0.0,0.0,106.82938323482634,94.664912521845,8683.116915697257,0.0,8884.611211453928
2026-04-28T20:15:00Z,2026-04-28T20:30:00Z,2026-04-28,2026-04-28_90,0.0,100,100,0,21.650310559006037,10.144720496894235,0.031959972394755,10.585142857142857,0.0,True,True,True,False,0.0,0.0,106.82938323482634,94.664912521845,2653.8119385450887,0.0,2855.30623430176
2026-04-28T20:30:00Z,2026-04-28T20:45:00Z,2026-04-28,2026-04-28_91,0.0,100,100,0,10.144720496894235,13.998664347825914,0.01124025120772947,0.08857142857142856,4.2937142857142865,True,True,True,False,0.0,0.0,106.82938323482634,94.664912521845,13.737310828665118,-64.99294149328593,150.23866509205052
2026-04-28T20:45:00Z,2026-04-28T21:00:00Z,2026-04-28,2026-04-28_92,0.0,100,100,0,13.998664347825914,24.179121490683055,0.028279047619047617,0.0,11.065714285714284,True,True,True,False,0.0,0.0,106.82938323482634,94.664912521845,0.0,200.7590483857847,402.25334414245606
2026-04-28T21:00:00Z,2026-04-28T21:15:00Z,2026-04-29,2026-04-28_93,-44.85049730488842,74,29,26,24.179121490683055,35.30855209937882,0.030915085024154906,0.0,0.8845828571428572,True,True,True,False,-1530.859599259104,266.0639613640379,79.86630543612698,29.334766476235348,0.0,-2.586176631637401,-1158.1807426143412
2026-04-28T21:15:00Z,2026-04-28T21:30:00Z,2026-04-29,2026-04-28_94,-45.0,74,29,26,35.30855209937882,45.71567507080739,0.029023754285714288,0.04862857142857144,0.11417714285714285,True,True,True,False,-1482.7500000000002,266.0639613640379,79.86630543612698,29.334766476235348,7.964357012443945,-6.805237458036396,-1106.3258471691925
2026-04-28T21:30:00Z,2026-04-28T21:45:00Z,2026-04-29,2026-04-28_95,-45.0,74,29,26,45.71567507080739,54.67766185341609,0.02822770655624569,1.408537142857143,0.0,True,True,True,False,-1400.7375,266.0639613640379,79.86630543612698,29.334766476235348,247.32371429356715,0.0,-778.1487524300326
2026-04-28T21:45:00Z,2026-04-28T22:00:00Z,2026-04-29,2026-04-28_96,-45.0,74,29,26,54.67766185341609,64.34782608695646,0.029887654271911666,1.27872,0.6307085714285715,True,True,True,False,-1312.2,266.0639613640379,79.86630543612698,29.334766476235348,225.54043126214737,4.29065579385179,-707.1038796676007
2026-04-28T22:00:00Z,2026-04-28T22:15:00Z,2026-04-29,2026-04-29_1,0.0,0,0,100,64.34782608695646,64.34782608695646,0.0,0.0,0.0,True,True,True,False,0.0,1023.3229283232228,0.0,0.0,0.0,0.0,1023.3229283232228
2026-04-28T22:15:00Z,2026-04-28T22:30:00Z,2026-04-29,2026-04-29_2,0.0,0,0,100,64.34782608695646,64.34782608695646,0.0,0.0,0.0,True,True,True,False,0.0,1023.3229283232228,0.0,0.0,0.0,0.0,1023.3229283232228
2026-04-28T22:30:00Z,2026-04-28T22:45:00Z,2026-04-29,2026-04-29_3,0.0,0,0,100,64.34782608695646,64.34782608695646,0.0,0.0,0.0,True,True,True,False,0.0,1023.3229283232228,0.0,0.0,0.0,0.0,1023.3229283232228
2026-04-28T22:45:00Z,2026-04-28T23:00:00Z,2026-04-29,2026-04-29_4,0.0,0,0,100,64.34782608695646,64.34782608695646,0.0,0.0,0.0,True,True,True,False,0.0,1023.3229283232228,0.0,0.0,0.0,0.0,1023.3229283232228
2026-04-28T23:00:00Z,2026-04-28T23:15:00Z,2026-04-29,2026-04-29_5,0.0,0,0,100,64.34782608695646,64.34782608695646,0.0,0.0,0.0,True,True,True,False,0.0,1023.3229283232228,0.0,0.0,0.0,0.0,1023.3229283232228
2026-04-28T23:15:00Z,2026-04-28T23:30:00Z,2026-04-29,2026-04-29_6,0.0,0,0,100,64.34782608695646,64.34782608695646,0.0,0.0,0.0,True,True,True,False,0.0,1023.3229283232228,0.0,0.0,0.0,0.0,1023.3229283232228
2026-04-28T23:30:00Z,2026-04-28T23:45:00Z,2026-04-29,2026-04-29_7,0.0,0,0,100,64.34782608695646,64.34782608695646,0.0,0.0,0.0,True,True,True,False,0.0,1023.3229283232228,0.0,0.0,0.0,0.0,1023.3229283232228
2026-04-28T23:45:00Z,2026-04-29T00:00:00Z,2026-04-29,2026-04-29_8,0.0,0,0,100,64.34782608695646,64.34782608695646,0.0,0.0,0.0,True,True,True,False,0.0,1023.3229283232228,0.0,0.0,0.0,0.0,1023.3229283232228
2026-04-29T00:00:00Z,2026-04-29T00:15:00Z,2026-04-29,2026-04-29_9,0.0,0,0,100,64.34782608695646,64.34782608695646,0.0,0.0,0.0,True,True,True,False,0.0,1023.3229283232228,0.0,0.0,0.0,0.0,1023.3229283232228
2026-04-29T00:15:00Z,2026-04-29T00:30:00Z,2026-04-29,2026-04-29_10,0.0,0,0,100,64.34782608695646,64.34782608695646,0.0,0.0,0.0,True,True,True,False,0.0,1023.3229283232228,0.0,0.0,0.0,0.0,1023.3229283232228
2026-04-29T00:30:00Z,2026-04-29T00:45:00Z,2026-04-29,2026-04-29_11,0.0,0,0,100,64.34782608695646,64.34782608695646,0.0,0.0,0.0,True,True,True,False,0.0,1023.3229283232228,0.0,0.0,0.0,0.0,1023.3229283232228
2026-04-29T00:45:00Z,2026-04-29T01:00:00Z,2026-04-29,2026-04-29_12,0.0,0,0,100,64.34782608695646,64.34782608695646,0.0,0.0,0.0,True,True,True,False,0.0,1023.3229283232228,0.0,0.0,0.0,0.0,1023.3229283232228
2026-04-29T01:00:00Z,2026-04-29T01:15:00Z,2026-04-29,2026-04-29_13,0.0,0,0,100,64.34782608695646,64.34782608695646,0.0,0.0,0.0,True,True,True,False,0.0,1023.3229283232228,0.0,0.0,0.0,0.0,1023.3229283232228
2026-04-29T01:15:00Z,2026-04-29T01:30:00Z,2026-04-29,2026-04-29_14,0.0,0,0,100,64.34782608695646,64.34782608695646,0.0,0.0,0.0,True,True,True,False,0.0,1023.3229283232228,0.0,0.0,0.0,0.0,1023.3229283232228
2026-04-29T01:30:00Z,2026-04-29T01:45:00Z,2026-04-29,2026-04-29_15,0.0,0,0,100,64.34782608695646,64.34782608695646,0.0,0.0,0.0,True,True,True,False,0.0,1023.3229283232228,0.0,0.0,0.0,0.0,1023.3229283232228
2026-04-29T01:45:00Z,2026-04-29T02:00:00Z,2026-04-29,2026-04-29_16,0.0,0,0,100,64.34782608695646,64.34782608695646,0.0,0.0,0.0,True,True,True,False,0.0,1023.3229283232228,0.0,0.0,0.0,0.0,1023.3229283232228
2026-04-29T02:00:00Z,2026-04-29T02:15:00Z,2026-04-29,2026-04-29_17,0.0,0,0,100,64.34782608695646,64.34782608695646,0.0,0.0,0.0,True,True,True,False,0.0,1023.3229283232228,0.0,0.0,0.0,0.0,1023.3229283232228
2026-04-29T02:15:00Z,2026-04-29T02:30:00Z,2026-04-29,2026-04-29_18,0.0,0,0,100,64.34782608695646,64.34782608695646,0.0,0.0,0.0,True,True,True,False,0.0,1023.3229283232228,0.0,0.0,0.0,0.0,1023.3229283232228
2026-04-29T02:30:00Z,2026-04-29T02:45:00Z,2026-04-29,2026-04-29_19,0.0,0,0,100,64.34782608695646,64.34782608695646,0.0,0.0,0.0,True,True,True,False,0.0,1023.3229283232228,0.0,0.0,0.0,0.0,1023.3229283232228
2026-04-29T02:45:00Z,2026-04-29T03:00:00Z,2026-04-29,2026-04-29_20,0.0,0,0,100,64.34782608695646,64.34782608695646,0.0,0.0,0.0,True,True,True,False,0.0,1023.3229283232228,0.0,0.0,0.0,0.0,1023.3229283232228
2026-04-29T03:00:00Z,2026-04-29T03:15:00Z,2026-04-29,2026-04-29_21,0.0,0,0,100,64.34782608695646,64.34782608695646,0.0,0.0,0.0,True,True,True,False,0.0,1023.3229283232228,0.0,0.0,0.0,0.0,1023.3229283232228
2026-04-29T03:15:00Z,2026-04-29T03:30:00Z,2026-04-29,2026-04-29_22,0.0,0,0,100,64.34782608695646,64.34782608695646,0.0,0.0,0.0,True,True,True,False,0.0,1023.3229283232228,0.0,0.0,0.0,0.0,1023.3229283232228
2026-04-29T03:30:00Z,2026-04-29T03:45:00Z,2026-04-29,2026-04-29_23,0.0,0,0,100,64.34782608695646,64.34782608695646,0.0,0.0,0.0,True,True,True,False,0.0,1023.3229283232228,0.0,0.0,0.0,0.0,1023.3229283232228
2026-04-29T03:45:00Z,2026-04-29T04:00:00Z,2026-04-29,2026-04-29_24,0.0,0,0,100,64.34782608695646,64.34782608695646,0.0,0.0,0.0,True,True,True,False,0.0,1023.3229283232228,0.0,0.0,0.0,0.0,1023.3229283232228
2026-04-29T04:00:00Z,2026-04-29T04:15:00Z,2026-04-29,2026-04-29_25,100.0,0,100,0,64.34782608695646,47.22732919254652,0.04755693581780539,0.0,9.249142857142857,True,True,True,False,4566.5,0.0,0.0,100.80098945756521,0.0,128.68214775114356,4795.983137208709
2026-04-29T04:15:00Z,2026-04-29T04:30:00Z,2026-04-29,2026-04-29_26,100.0,0,100,0,47.22732919254652,26.108074534161428,0.05866459627329192,0.0,5.570285714285713,True,True,True,False,4532.25,0.0,0.0,100.80098945756521,0.0,-130.79788040688916,4502.253109050676
2026-04-29T04:30:00Z,2026-04-29T04:45:00Z,2026-04-29,2026-04-29_27,100.0,0,100,0,26.108074534161428,15.32981366459621,0.02993961352657005,0.0,15.084,True,True,True,False,3452.5,0.0,0.0,100.80098945756521,0.0,435.4155015018552,3988.7164909594203
2026-04-29T04:45:00Z,2026-04-29T05:00:00Z,2026-04-29,2026-04-29_28,86.74453268510086,0,100,0,15.32981366459621,10.012692332919208,0.02638448283945662,0.0,17.143428571428572,True,True,True,False,2946.494913981164,0.0,0.0,100.80098945756521,0.0,2414.53867819912,5461.834581637849
2026-04-29T05:00:00Z,2026-04-29T05:15:00Z,2026-04-29,2026-04-29_29,72.99999999999999,27,100,0,10.012692332919208,9.999999999999957,0.026293107908902692,0.0,19.027428571428572,True,True,True,False,2636.5774999999994,0.0,29.10860474704046,100.80098945756521,0.0,1395.6062456984678,4162.093339903073
2026-04-29T05:15:00Z,2026-04-29T05:30:00Z,2026-04-29,2026-04-29_30,22.05625581416401,27,100,0,9.999999999999957,9.999999999999957,0.02495446913853725,0.0,6.264,True,True,True,False,758.7903406467775,0.0,29.10860474704046,100.80098945756521,0.0,-78.93916485069792,809.7607700006853
2026-04-29T05:30:00Z,2026-04-29T05:45:00Z,2026-04-29,2026-04-29_31,53.966981624897954,27,100,0,9.999999999999957,9.999999999999956,0.034158604000880013,0.0,14.518285714285714,True,True,True,False,1715.070676039257,0.0,29.10860474704046,100.80098945756521,0.0,3664.2303904823602,5509.210660726223
2026-04-29T05:45:00Z,2026-04-29T06:00:00Z,2026-04-29,2026-04-29_32,0.0,27,100,0,9.999999999999956,29.440914285714243,0.05400253968253968,0.0,21.13142857142857,True,True,True,False,0.0,0.0,29.10860474704046,100.80098945756521,0.0,4047.960634845846,4177.870229050452
2026-04-29T06:00:00Z,2026-04-29T06:15:00Z,2026-04-29,2026-04-29_33,0.0,100,3,0,29.440914285714243,29.376931438509274,0.0006331739406487233,0.13428571428571429,0.08910857142857144,True,True,True,False,0.0,0.0,108.987572884151,2.947170033570881,21.56087547923345,0.8559405113880172,134.35155890834335
2026-04-29T06:15:00Z,2026-04-29T06:30:00Z,2026-04-29,2026-04-29_34,0.0,100,3,0,29.376931438509274,17.598670568944055,0.03271739130434783,10.836000000000002,0.0,True,True,True,False,0.0,0.0,108.987572884151,2.947170033570881,4018.078233111492,0.0,4130.012976029214
2026-04-29T06:30:00Z,2026-04-29T06:45:00Z,2026-04-29,2026-04-29_35,-97.0,100,3,0,17.598670568944055,23.441930057142812,0.019456224596273296,17.801714285714283,0.0,True,True,True,False,-2792.63,0.0,108.987572884151,2.947170033570881,14431.110296248304,0.0,11750.415039166026
2026-04-29T06:45:00Z,2026-04-29T07:00:00Z,2026-04-29,2026-04-29_36,-97.0,100,3,0,23.441930057142812,37.165945868322936,0.03980477131815045,9.287428571428572,0.0054,True,True,True,False,-2379.6524999999997,0.0,108.987572884151,2.947170033570881,2269.1906382954858,-0.2794044407797868,1.1934767724281792
2026-04-29T07:00:00Z,2026-04-29T07:15:00Z,2026-04-29,2026-04-29_37,99.97068079542858,0,0,0,37.165945868322936,9.999999999999954,0.07546096074534162,0.0,0.0,True,False,True,False,3408.0005083161604,0.0,0.0,0.0,0.0,0.0,3408.0005083161604
2026-04-29T07:15:00Z,2026-04-29T07:30:00Z,2026-04-29,2026-04-29_38,-0.8506616257088833,0,0,0,9.999999999999954,10.195652173912997,0.0005434782608695644,0.0,0.0,True,False,True,False,-23.941871455576518,0.0,0.0,0.0,0.0,0.0,-23.941871455576518
2026-04-29T07:30:00Z,2026-04-29T07:45:00Z,2026-04-29,2026-04-29_39,-100.0,0,0,0,10.195652173912997,33.195652173913,0.06388888888888888,0.0,0.0,True,False,True,False,-1529.25,0.0,0.0,0.0,0.0,0.0,-1529.25
2026-04-29T07:45:00Z,2026-04-29T08:00:00Z,2026-04-29,2026-04-29_40,-100.0,0,0,0,33.195652173913,56.195652173913,0.06388888888888888,0.0,0.0,True,False,True,False,-51.24999999999999,0.0,0.0,0.0,0.0,0.0,-51.24999999999999
2026-04-29T08:00:00Z,2026-04-29T08:15:00Z,2026-04-29,2026-04-29_41,0.0,0,0,85,56.195652173913,56.195652173913,0.0,0.0,0.0,True,False,True,False,0.0,869.8244890747393,0.0,0.0,0.0,0.0,869.8244890747393
2026-04-29T08:15:00Z,2026-04-29T08:30:00Z,2026-04-29,2026-04-29_42,-15.000000000000012,0,0,85,56.195652173913,59.645652173913,0.009583333333333341,0.0,0.0,True,False,True,False,-121.01250000000012,869.8244890747393,0.0,0.0,0.0,0.0,748.8119890747391
2026-04-29T08:30:00Z,2026-04-29T08:45:00Z,2026-04-29,2026-04-29_43,-15.0,0,0,85,59.645652173913,63.095652173913,0.009583333333333334,0.0,0.0,True,False,True,False,-83.775,869.8244890747393,0.0,0.0,0.0,0.0,786.0494890747393
2026-04-29T08:45:00Z,2026-04-29T09:00:00Z,2026-04-29,2026-04-29_44,-14.999999999999993,0,0,85,63.095652173913,66.545652173913,0.009583333333333329,0.0,0.0,True,False,True,False,-99.97499999999995,869.8244890747393,0.0,0.0,0.0,0.0,769.8494890747394
2026-04-29T09:00:00Z,2026-04-29T09:15:00Z,2026-04-29,2026-04-29_45,0.0,0,0,100,66.545652173913,66.545652173913,0.0,0.0,0.0,True,False,True,False,0.0,1023.3229283232228,0.0,0.0,0.0,0.0,1023.3229283232228
2026-04-29T09:15:00Z,2026-04-29T09:30:00Z,2026-04-29,2026-04-29_46,0.0,0,0,100,66.545652173913,66.545652173913,0.0,0.0,0.0,True,False,True,False,0.0,1023.3229283232228,0.0,0.0,0.0,0.0,1023.3229283232228
2026-04-29T09:30:00Z,2026-04-29T09:45:00Z,2026-04-29,2026-04-29_47,0.0,0,0,100,66.545652173913,66.545652173913,0.0,0.0,0.0,True,False,True,False,0.0,1023.3229283232228,0.0,0.0,0.0,0.0,1023.3229283232228
2026-04-29T09:45:00Z,2026-04-29T10:00:00Z,2026-04-29,2026-04-29_48,0.0,0,0,100,66.545652173913,66.545652173913,0.0,0.0,0.0,True,False,True,False,0.0,1023.3229283232228,0.0,0.0,0.0,0.0,1023.3229283232228
2026-04-29T10:00:00Z,2026-04-29T10:15:00Z,2026-04-29,2026-04-29_49,0.0,0,0,100,66.545652173913,66.545652173913,0.0,0.0,0.0,True,False,True,False,0.0,1023.3229283232228,0.0,0.0,0.0,0.0,1023.3229283232228
2026-04-29T10:15:00Z,2026-04-29T10:30:00Z,2026-04-29,2026-04-29_50,0.0,0,0,100,66.545652173913,66.545652173913,0.0,0.0,0.0,True,False,True,False,0.0,1023.3229283232228,0.0,0.0,0.0,0.0,1023.3229283232228
2026-04-29T10:30:00Z,2026-04-29T10:45:00Z,2026-04-29,2026-04-29_51,0.0,0,0,100,66.545652173913,66.545652173913,0.0,0.0,0.0,True,False,True,False,0.0,1023.3229283232228,0.0,0.0,0.0,0.0,1023.3229283232228
2026-04-29T10:45:00Z,2026-04-29T11:00:00Z,2026-04-29,2026-04-29_52,0.0,0,0,100,66.545652173913,66.545652173913,0.0,0.0,0.0,True,False,True,False,0.0,1023.3229283232228,0.0,0.0,0.0,0.0,1023.3229283232228
2026-04-29T11:00:00Z,2026-04-29T11:15:00Z,2026-04-29,2026-04-29_53,0.0,100,100,0,66.545652173913,81.725652173913,0.04216666666666667,0.0,16.5,True,True,True,False,0.0,0.0,108.25136933859473,99.88809706107544,0.0,1137.2292243359443,1345.3686907356146
2026-04-29T11:15:00Z,2026-04-29T11:30:00Z,2026-04-29,2026-04-29_54,0.0,100,100,0,81.725652173913,88.52050931677014,0.018874603174603176,0.0,7.385714285714286,True,True,True,False,0.0,0.0,108.25136933859473,99.88809706107544,0.0,166.47545287035248,374.61491927002265
2026-04-29T11:30:00Z,2026-04-29T11:45:00Z,2026-04-29,2026-04-29_55,0.0,100,100,0,88.52050931677014,103.16690931677014,0.04068444444444445,0.0,15.920000000000002,True,True,True,False,0.0,0.0,108.25136933859473,99.88809706107544,0.0,588.7340204566426,796.8734868563128
2026-04-29T11:45:00Z,2026-04-29T12:00:00Z,2026-04-29,2026-04-29_56,0.0,100,100,0,103.16690931677014,104.97022658385089,0.005423293305728089,0.06857142857142857,2.0411428571428574,True,True,True,False,0.0,0.0,108.25136933859473,99.88809706107544,5.384803076068757,-11.196091530433955,202.32817794530496
2026-04-29T12:00:00Z,2026-04-29T12:15:00Z,2026-04-29,2026-04-29_57,0.0,93,93,7,104.97022658385089,120.0190082981366,0.04180217142857143,0.0,16.35737142857143,True,True,True,False,0.0,71.6326049826256,100.53683962541963,92.89593026680016,0.0,637.4323490698595,902.4977239447048
2026-04-29T12:15:00Z,2026-04-29T12:30:00Z,2026-04-29,2026-04-29_58,0.0,93,93,7,120.0190082981366,122.92465362484468,0.008600740124223603,0.08768571428571428,3.261908571428571,True,True,True,False,0.0,71.6326049826256,100.53683962541963,92.89593026680016,7.448164387941406,-39.03186079610948,233.48167846667732
2026-04-29T12:30:00Z,2026-04-29T12:45:00Z,2026-04-29,2026-04-29_59,0.0,93,93,7,122.92465362484468,129.65390996273285,0.01988295842650104,0.19716,7.547348571428572,True,True,True,False,0.0,71.6326049826256,100.53683962541963,92.89593026680016,17.05720235585134,112.97686041075953,395.09943764145623
2026-04-29T12:45:00Z,2026-04-29T13:00:00Z,2026-04-29,2026-04-29_60,0.0,93,93,7,129.65390996273285,143.83926904844714,0.03940377523809524,0.0,15.41886857142857,True,True,True,False,0.0,71.6326049826256,100.53683962541963,92.89593026680016,0.0,360.4789019174947,625.54427679234
2026-04-29T13:00:00Z,2026-04-29T13:15:00Z,2026-04-29,2026-04-29_61,0.0,100,100,0,143.83926904844714,162.48320047701856,0.05178869841269841,0.0,20.265142857142855,True,True,True,False,0.0,0.0,108.10412862948348,99.88809706107544,0.0,4051.580407618374,4259.572633308933
2026-04-29T13:15:00Z,2026-04-29T13:30:00Z,2026-04-29,2026-04-29_62,0.0,100,100,0,162.48320047701856,170.02931029068316,0.022006964803312625,0.17314285714285715,8.406857142857142,True,True,True,False,0.0,0.0,108.10412862948348,99.88809706107544,15.053336474468463,249.18375472221985,472.22931688724725
2026-04-29T13:30:00Z,2026-04-29T13:45:00Z,2026-04-29,2026-04-29_63,0.0,100,100,0,170.02931029068316,166.4990076819875,0.011418586611456175,3.5148571428571427,0.31542857142857145,True,True,True,False,0.0,0.0,108.10412862948348,99.88809706107544,461.97493149801295,-18.492175712855378,651.4749814757165
2026-04-29T13:45:00Z,2026-04-29T14:00:00Z,2026-04-29,2026-04-29_64,0.0,100,100,0,166.4990076819875,165.30416445217384,0.005994310559006211,1.5422857142857143,0.5234285714285715,True,True,True,False,0.0,0.0,108.10412862948348,99.88809706107544,169.33290086633627,21.88839210341066,399.21351866030585
2026-04-29T14:00:00Z,2026-04-29T14:15:00Z,2026-04-29,2026-04-29_65,0.0,10,100,0,165.30416445217384,181.63968445217384,0.04537644444444445,0.0,17.756,True,True,True,False,0.0,0.0,10.810412862948349,99.88809706107544,0.0,7248.472093762884,7359.170603686907
2026-04-29T14:15:00Z,2026-04-29T14:30:00Z,2026-04-29,2026-04-29_66,1.0974707574640932,10,100,0,181.63968445217384,189.68957200264106,0.023417445717300676,0.0,9.056000000000001,True,True,True,False,12.653837833560994,0.0,10.810412862948349,99.88809706107544,0.0,1.9272246107937259,125.27957236837851
2026-04-29T14:30:00Z,2026-04-29T14:45:00Z,2026-04-29,2026-04-29_67,89.96962734067569,10,100,0,189.68957200264106,168.7545341614906,0.059877482877411764,0.08,3.3639999999999994,True,True,True,False,2409.6115442516466,0.0,10.810412862948349,99.88809706107544,7.963264424681469,-80.39931601782592,2447.874002582526
2026-04-29T14:45:00Z,2026-04-29T15:00:00Z,2026-04-29,2026-04-29_68,90.0,10,100,0,168.7545341614906,143.99999999999991,0.06876259489302967,0.27417142857142857,0.0,True,True,True,False,2753.1,0.0,10.810412862948349,99.88809706107544,31.15376942385412,0.0,2894.9522793478777
2026-04-29T15:00:00Z,2026-04-29T15:15:00Z,2026-04-29,2026-04-29_69,0.0,0,0,100,143.99999999999991,143.99999999999991,0.0,0.0,0.0,True,True,True,False,0.0,1023.3229283232228,0.0,0.0,0.0,0.0,1023.3229283232228
2026-04-29T15:15:00Z,2026-04-29T15:30:00Z,2026-04-29,2026-04-29_70,0.0,0,0,100,143.99999999999991,143.99999999999991,0.0,0.0,0.0,True,True,True,False,0.0,1023.3229283232228,0.0,0.0,0.0,0.0,1023.3229283232228
2026-04-29T15:30:00Z,2026-04-29T15:45:00Z,2026-04-29,2026-04-29_71,0.0,0,0,100,143.99999999999991,143.99999999999991,0.0,0.0,0.0,True,True,True,False,0.0,1023.3229283232228,0.0,0.0,0.0,0.0,1023.3229283232228
2026-04-29T15:45:00Z,2026-04-29T16:00:00Z,2026-04-29,2026-04-29_72,0.0,0,0,100,143.99999999999991,143.99999999999991,0.0,0.0,0.0,True,True,True,False,0.0,1023.3229283232228,0.0,0.0,0.0,0.0,1023.3229283232228
2026-04-29T16:00:00Z,2026-04-29T16:15:00Z,2026-04-29,2026-04-29_73,0.0,0,0,100,143.99999999999991,143.99999999999991,0.0,0.0,0.0,True,True,True,False,0.0,1023.3229283232228,0.0,0.0,0.0,0.0,1023.3229283232228
2026-04-29T16:15:00Z,2026-04-29T16:30:00Z,2026-04-29,2026-04-29_74,0.0,0,0,100,143.99999999999991,143.99999999999991,0.0,0.0,0.0,True,True,True,False,0.0,1023.3229283232228,0.0,0.0,0.0,0.0,1023.3229283232228
2026-04-29T16:30:00Z,2026-04-29T16:45:00Z,2026-04-29,2026-04-29_75,0.0,0,0,100,143.99999999999991,143.99999999999991,0.0,0.0,0.0,True,True,True,False,0.0,1023.3229283232228,0.0,0.0,0.0,0.0,1023.3229283232228
2026-04-29T16:45:00Z,2026-04-29T17:00:00Z,2026-04-29,2026-04-29_76,0.0,0,0,100,143.99999999999991,143.99999999999991,0.0,0.0,0.0,True,True,True,False,0.0,1023.3229283232228,0.0,0.0,0.0,0.0,1023.3229283232228
2026-04-29T17:00:00Z,2026-04-29T17:15:00Z,2026-04-29,2026-04-29_77,0.0,100,100,0,143.99999999999991,144.22865888198749,0.00103543961352657,0.06628571428571428,0.32685714285714285,True,True,True,False,0.0,0.0,107.80964721126097,100.41816361387596,10.65742903698967,-18.339985920983622,200.545253941143
2026-04-29T17:15:00Z,2026-04-29T17:30:00Z,2026-04-29,2026-04-29_78,0.0,100,100,0,144.22865888198749,144.69202385093158,0.0016597957211870256,0.061714285714285715,0.5765714285714285,True,True,True,False,0.0,0.0,107.80964721126097,100.41816361387596,10.26477817135453,-31.26595733104479,187.22663166544666
2026-04-29T17:30:00Z,2026-04-29T17:45:00Z,2026-04-29,2026-04-29_79,0.0,100,100,0,144.69202385093158,142.45488695652162,0.0077884913733609375,2.3188571428571425,0.30800000000000005,True,True,True,False,0.0,0.0,107.80964721126097,100.41816361387596,534.4802510664433,-16.45998390168247,726.2480779898978
2026-04-29T17:45:00Z,2026-04-29T18:00:00Z,2026-04-29,2026-04-29_80,0.0,100,100,0,142.45488695652162,124.29463850931666,0.050445134575569345,16.70742857142857,0.0,True,True,True,False,0.0,0.0,107.80964721126097,100.41816361387596,8273.524401403412,0.0,8481.75221222855
2026-04-29T18:00:00Z,2026-04-29T18:15:00Z,2026-04-29,2026-04-29_81,100.0,0,100,0,124.29463850931666,97.1207254658384,0.07548309178743962,0.0,0.0,True,True,True,False,6325.25,0.0,0.0,100.41816361387596,0.0,0.0,6425.668163613876
2026-04-29T18:15:00Z,2026-04-29T18:30:00Z,2026-04-29,2026-04-29_82,100.0,0,100,0,97.1207254658384,69.94681242236014,0.07548309178743962,0.0,0.0,True,True,True,False,6100.0,0.0,0.0,100.41816361387596,0.0,0.0,6200.418163613876
2026-04-29T18:30:00Z,2026-04-29T18:45:00Z,2026-04-29,2026-04-29_83,100.0,0,100,0,69.94681242236014,44.436253416148965,0.07086266390614215,0.0,1.5302857142857142,True,True,True,False,5642.25,0.0,0.0,100.41816361387596,0.0,-31.11463785797021,5711.553525755906
2026-04-29T18:45:00Z,2026-04-29T19:00:00Z,2026-04-29,2026-04-29_84,100.0,0,100,0,44.436253416148965,34.527557763975054,0.02752415458937198,0.0,15.884,True,True,True,False,4660.5,0.0,0.0,100.41816361387596,0.0,1865.5818340302724,6626.499997644149
2026-04-29T19:00:00Z,2026-04-29T19:15:00Z,2026-04-29,2026-04-29_85,100.0,0,100,0,34.527557763975054,11.910787577639653,0.06282436162870944,0.0,4.192571428571428,True,True,True,False,4999.0,0.0,0.0,100.41816361387596,0.0,-87.35943639061136,5012.058727223264
2026-04-29T19:15:00Z,2026-04-29T19:30:00Z,2026-04-29,2026-04-29_86,0.0,0,100,0,11.910787577639653,13.243999006211082,0.0037033650793650797,0.0,1.4491428571428573,True,True,True,False,0.0,0.0,0.0,100.41816361387596,0.0,-77.05945237674553,23.358711237130436
2026-04-29T19:30:00Z,2026-04-29T19:45:00Z,2026-04-29,2026-04-29_87,33.05325393131294,0,100,0,13.243999006211082,10.015168198757685,0.029155182398484046,0.0,5.8994285714285715,True,True,True,False,1461.284356303345,0.0,0.0,100.41816361387596,0.0,31.44694123553185,1593.1494611527528
2026-04-29T19:45:00Z,2026-04-29T20:00:00Z,2026-04-29,2026-04-29_88,0.0,0,100,0,10.015168198757685,18.1521739130434,0.022602793650793648,0.0,8.844571428571427,True,True,True,False,0.0,0.0,0.0,100.41816361387596,0.0,842.7546334828177,943.1727970966937
2026-04-29T20:00:00Z,2026-04-29T20:15:00Z,2026-04-29,2026-04-29_89,12.0,73,85,15,18.1521739130434,18.297339895652097,0.015600029730848862,0.031285714285714285,3.645771428571429,True,True,True,False,409.59000000000003,153.4984392484834,78.70104246422049,85.35543907179458,4.954170277569771,46.006418887196794,778.1055099492651
2026-04-29T20:15:00Z,2026-04-29T20:30:00Z,2026-04-29,2026-04-29_90,0.6929993175668286,73,85,15,18.297339895652097,18.152173913043402,0.0009400201757184002,0.050057142857142856,0.10588571428571429,True,True,True,False,23.969113896342684,153.4984392484834,78.70104246422049,85.35543907179458,7.999639891294287,-6.926651499471337,342.5970230726641
2026-04-29T20:30:00Z,2026-04-29T20:45:00Z,2026-04-29,2026-04-29_91,1.0521231339199573,73,85,15,18.152173913043402,18.235513033540297,0.0022987714021667576,0.08551428571428571,0.5012571428571428,True,True,True,False,36.16936303633333,153.4984392484834,78.70104246422049,85.35543907179458,14.452144284676589,-26.54693727545792,341.6294908300505
2026-04-29T20:45:00Z,2026-04-29T21:00:00Z,2026-04-29,2026-04-29_92,12.0,73,85,15,18.235513033540297,18.1521739130434,0.01505573501725328,0.008342857142857143,3.3771714285714283,True,True,True,False,407.61,153.4984392484834,78.70104246422049,85.35543907179458,1.4238069996830818,11.659021844912061,738.2477496290936
2026-04-29T21:00:00Z,2026-04-29T21:15:00Z,2026-04-30,2026-04-29_93,0.0,88,7,12,18.1521739130434,16.566898603726628,0.00494000474810214,1.5472914285714285,0.10496000000000001,True,True,True,False,0.0,122.63744020076857,95.5242726060701,6.6206572033566,272.7988490404114,-0.235935691318328,497.3452833592884
2026-04-29T21:15:00Z,2026-04-29T21:30:00Z,2026-04-30,2026-04-29_94,-80.42829513635589,88,7,12,16.566898603726628,33.11166586832297,0.04706365740123573,2.1285942857142857,0.0382,True,True,True,False,-2769.9504844960966,122.63744020076857,95.5242726060701,6.6206572033566,375.4036692606743,-1.9383331895537603,-2171.702778414781
2026-04-29T21:30:00Z,2026-04-29T21:45:00Z,2026-04-30,2026-04-29_95,-81.0,88,7,12,33.11166586832297,46.5971243726708,0.04010743304347826,5.51232,0.0,True,True,True,False,-2747.7225,122.63744020076857,95.5242726060701,6.6206572033566,1128.9740182887615,0.0,-1393.966111701043
2026-04-29T21:45:00Z,2026-04-29T22:00:00Z,2026-04-30,2026-04-29_96,-81.0,88,7,12,46.5971243726708,64.34782608695652,0.04976306031746033,0.9483885714285714,0.00632,True,True,True,False,-2649.3075000000003,122.63744020076857,95.5242726060701,6.6206572033566,166.45108240698207,-0.386557885656027,-2258.460605468479
2026-04-29T22:00:00Z,2026-04-29T22:15:00Z,2026-04-30,2026-04-30_1,6.178632484870437e-14,0,0,100,64.34782608695652,64.3478260869565,4.6638228297633134e-17,0.0,0.0,True,True,True,False,1.9101242326976955e-12,1021.9786683397381,0.0,0.0,0.0,0.0,1021.97866833974
2026-04-29T22:15:00Z,2026-04-29T22:30:00Z,2026-04-30,2026-04-30_2,0.0,0,0,100,64.3478260869565,64.3478260869565,0.0,0.0,0.0,True,True,True,False,0.0,1021.9786683397381,0.0,0.0,0.0,0.0,1021.9786683397381
2026-04-29T22:30:00Z,2026-04-29T22:45:00Z,2026-04-30,2026-04-30_3,0.0,0,0,100,64.3478260869565,64.3478260869565,0.0,0.0,0.0,True,True,True,False,0.0,1021.9786683397381,0.0,0.0,0.0,0.0,1021.9786683397381
2026-04-29T22:45:00Z,2026-04-29T23:00:00Z,2026-04-30,2026-04-30_4,0.0,0,0,100,64.3478260869565,64.3478260869565,0.0,0.0,0.0,True,True,True,False,0.0,1021.9786683397381,0.0,0.0,0.0,0.0,1021.9786683397381
2026-04-29T23:00:00Z,2026-04-29T23:15:00Z,2026-04-30,2026-04-30_5,0.0,0,0,100,64.3478260869565,64.3478260869565,0.0,0.0,0.0,True,True,True,False,0.0,1021.9786683397381,0.0,0.0,0.0,0.0,1021.9786683397381
2026-04-29T23:15:00Z,2026-04-29T23:30:00Z,2026-04-30,2026-04-30_6,0.0,0,0,100,64.3478260869565,64.3478260869565,0.0,0.0,0.0,True,True,True,False,0.0,1021.9786683397381,0.0,0.0,0.0,0.0,1021.9786683397381
2026-04-29T23:30:00Z,2026-04-29T23:45:00Z,2026-04-30,2026-04-30_7,0.0,0,0,100,64.3478260869565,64.3478260869565,0.0,0.0,0.0,True,True,True,False,0.0,1021.9786683397381,0.0,0.0,0.0,0.0,1021.9786683397381
2026-04-29T23:45:00Z,2026-04-30T00:00:00Z,2026-04-30,2026-04-30_8,0.0,0,0,100,64.3478260869565,64.3478260869565,0.0,0.0,0.0,True,True,True,False,0.0,1021.9786683397381,0.0,0.0,0.0,0.0,1021.9786683397381
2026-04-30T00:00:00Z,2026-04-30T00:15:00Z,2026-04-30,2026-04-30_9,0.0,0,0,100,64.3478260869565,64.3478260869565,0.0,0.0,0.0,True,True,True,False,0.0,1021.9786683397381,0.0,0.0,0.0,0.0,1021.9786683397381
2026-04-30T00:15:00Z,2026-04-30T00:30:00Z,2026-04-30,2026-04-30_10,0.0,0,0,100,64.3478260869565,64.3478260869565,0.0,0.0,0.0,True,True,True,False,0.0,1021.9786683397381,0.0,0.0,0.0,0.0,1021.9786683397381
2026-04-30T00:30:00Z,2026-04-30T00:45:00Z,2026-04-30,2026-04-30_11,0.0,0,0,100,64.3478260869565,64.3478260869565,0.0,0.0,0.0,True,True,True,False,0.0,1021.9786683397381,0.0,0.0,0.0,0.0,1021.9786683397381
2026-04-30T00:45:00Z,2026-04-30T01:00:00Z,2026-04-30,2026-04-30_12,0.0,0,0,100,64.3478260869565,64.3478260869565,0.0,0.0,0.0,True,True,True,False,0.0,1021.9786683397381,0.0,0.0,0.0,0.0,1021.9786683397381
2026-04-30T01:00:00Z,2026-04-30T01:15:00Z,2026-04-30,2026-04-30_13,-100.0,100,0,0,64.3478260869565,87.1159860869565,0.06324488888888889,0.252,0.0,True,True,True,False,-2704.0,0.0,107.90330170182732,0.0,42.85378480119207,0.0,-2553.2429134969807
2026-04-30T01:15:00Z,2026-04-30T01:30:00Z,2026-04-30,2026-04-30_14,-100.0,100,0,0,87.1159860869565,100.95962037267078,0.03845453968253968,9.95257142857143,0.0,True,True,True,False,-2721.0,0.0,107.90330170182732,0.0,2571.5564268348703,0.0,-41.540271463302375
2026-04-30T01:30:00Z,2026-04-30T01:45:00Z,2026-04-30,2026-04-30_15,-100.0,100,0,0,100.95962037267078,111.09959751552793,0.028166603174603174,13.978285714285715,0.0,True,True,True,False,-2728.75,0.0,107.90330170182732,0.0,4079.4948826422583,0.0,1458.6481843440856
2026-04-30T01:45:00Z,2026-04-30T02:00:00Z,2026-04-30,2026-04-30_16,-100.0,100,0,0,111.09959751552793,127.53237465838508,0.04564660317460318,7.138285714285715,0.0,True,True,True,False,-2771.75,0.0,107.90330170182732,0.0,1513.6737376340232,0.0,-1150.1729606641495
2026-04-30T02:00:00Z,2026-04-30T02:15:00Z,2026-04-30,2026-04-30_17,0.0,0,0,100,127.53237465838508,127.53237465838508,0.0,0.0,0.0,True,True,True,False,0.0,1021.9786683397381,0.0,0.0,0.0,0.0,1021.9786683397381
2026-04-30T02:15:00Z,2026-04-30T02:30:00Z,2026-04-30,2026-04-30_18,0.0,0,0,100,127.53237465838508,127.53237465838508,0.0,0.0,0.0,True,True,True,False,0.0,1021.9786683397381,0.0,0.0,0.0,0.0,1021.9786683397381
2026-04-30T02:30:00Z,2026-04-30T02:45:00Z,2026-04-30,2026-04-30_19,0.0,0,0,100,127.53237465838508,127.53237465838508,0.0,0.0,0.0,True,True,True,False,0.0,1021.9786683397381,0.0,0.0,0.0,0.0,1021.9786683397381
2026-04-30T02:45:00Z,2026-04-30T03:00:00Z,2026-04-30,2026-04-30_20,0.0,0,0,100,127.53237465838508,127.53237465838508,0.0,0.0,0.0,True,True,True,False,0.0,1021.9786683397381,0.0,0.0,0.0,0.0,1021.9786683397381
2026-04-30T03:00:00Z,2026-04-30T03:15:00Z,2026-04-30,2026-04-30_21,0.0,100,100,0,127.53237465838508,124.26892919254657,0.009143983436853001,3.015428571428571,0.015428571428571429,True,True,True,False,0.0,0.0,107.87389224374559,94.52199827464514,594.848918964339,-1.0060847888681002,796.2387246938616
2026-04-30T03:15:00Z,2026-04-30T03:30:00Z,2026-04-30,2026-04-30_22,0.0,100,100,0,124.26892919254657,113.88569937888197,0.02884230503795721,9.552571428571428,0.0,True,True,True,False,0.0,0.0,107.87389224374559,94.52199827464514,2328.515138420516,0.0,2530.911028938907
2026-04-30T03:30:00Z,2026-04-30T03:45:00Z,2026-04-30,2026-04-30_23,0.0,100,100,0,113.88569937888197,98.63725217391303,0.0423567977915804,14.028571428571428,0.0,True,True,True,False,0.0,0.0,107.87389224374559,94.52199827464514,4453.062000739438,0.0,4655.457891257829
2026-04-30T03:45:00Z,2026-04-30T04:00:00Z,2026-04-30,2026-04-30_24,0.0,100,100,0,98.63725217391303,78.52979875776396,0.05585403726708073,18.49885714285714,0.0,True,True,True,False,0.0,0.0,107.87389224374559,94.52199827464514,11062.417400427978,0.0,11264.813290946367
2026-04-30T04:00:00Z,2026-04-30T04:15:00Z,2026-04-30,2026-04-30_25,0.0,0,0,100,78.52979875776396,78.52979875776396,0.0,0.0,0.0,True,False,True,False,0.0,1021.9786683397381,0.0,0.0,0.0,0.0,1021.9786683397381
2026-04-30T04:15:00Z,2026-04-30T04:30:00Z,2026-04-30,2026-04-30_26,0.0,0,0,100,78.52979875776396,78.52979875776396,0.0,0.0,0.0,True,False,True,False,0.0,1021.9786683397381,0.0,0.0,0.0,0.0,1021.9786683397381
2026-04-30T04:30:00Z,2026-04-30T04:45:00Z,2026-04-30,2026-04-30_27,0.0,0,0,100,78.52979875776396,78.52979875776396,0.0,0.0,0.0,True,False,True,False,0.0,1021.9786683397381,0.0,0.0,0.0,0.0,1021.9786683397381
2026-04-30T04:45:00Z,2026-04-30T05:00:00Z,2026-04-30,2026-04-30_28,0.0,0,0,100,78.52979875776396,78.52979875776396,0.0,0.0,0.0,True,False,True,False,0.0,1021.9786683397381,0.0,0.0,0.0,0.0,1021.9786683397381
2026-04-30T05:00:00Z,2026-04-30T05:15:00Z,2026-04-30,2026-04-30_29,0.0,100,96,0,78.52979875776396,69.89377391304346,0.02398895790200138,7.945142857142858,0.0,True,True,True,False,0.0,0.0,107.87389224374559,90.74111834365932,1861.2078183223728,0.0,2059.822828909778
2026-04-30T05:15:00Z,2026-04-30T05:30:00Z,2026-04-30,2026-04-30_30,0.0,100,96,0,69.89377391304346,55.913028571428555,0.03883540372670808,12.862285714285715,0.0,True,True,True,False,0.0,0.0,107.87389224374559,90.74111834365932,3177.244823151126,0.0,3375.859833738531
2026-04-30T05:30:00Z,2026-04-30T05:45:00Z,2026-04-30,2026-04-30_31,-4.0,100,96,0,55.913028571428555,44.6925528248447,0.03398149421670117,11.238285714285714,0.0,True,True,True,False,-114.78,0.0,107.87389224374559,90.74111834365932,3162.853387185319,0.0,3246.6883977727243
2026-04-30T05:45:00Z,2026-04-30T06:00:00Z,2026-04-30,2026-04-30_32,-4.0,100,96,0,44.6925528248447,37.203049540372646,0.024323774520358867,7.784571428571428,0.0,True,True,True,False,-106.44,0.0,107.87389224374559,90.74111834365932,2054.40401716392,0.0,2146.5790277513247
2026-04-30T06:00:00Z,2026-04-30T06:15:00Z,2026-04-30,2026-04-30_33,9.0,46,55,45,37.203049540372646,34.5517270559006,0.007465546583850932,0.20976,0.02357142857142857,True,True,True,False,310.635,459.89040075288216,50.29840796800251,51.129813347972714,36.21732347266882,-1.411956485205642,906.7589890563205
2026-04-30T06:15:00Z,2026-04-30T06:30:00Z,2026-04-30,2026-04-30_34,1.8232362408523821,46,55,45,34.5517270559006,34.45652173913043,0.003856777505597009,0.2507657142857143,0.7269428571428572,True,True,True,False,57.29975695938823,459.89040075288216,50.29840796800251,51.129813347972714,43.96532038495581,-12.93272447539129,649.6509749378101
2026-04-30T06:30:00Z,2026-04-30T06:45:00Z,2026-04-30,2026-04-30_35,8.347386347061692,46,55,45,34.45652173913043,34.52536447204968,0.010540233879036957,0.0026285714285714285,2.475314285714286,True,True,True,False,212.50358793032302,459.89040075288216,50.29840796800251,51.129813347972714,0.4327010766662559,-22.946790459011623,751.308120616835
2026-04-30T06:45:00Z,2026-04-30T07:00:00Z,2026-04-30,2026-04-30_36,5.792467954566034e-15,46,55,45,34.52536447204968,37.17391304347825,0.0073570793650793685,0.0,2.878857142857143,True,True,True,False,7.640265232072599e-14,459.89040075288216,50.29840796800251,51.129813347972714,0.0,-51.79560930795345,509.523012760904
2026-04-30T07:00:00Z,2026-04-30T07:15:00Z,2026-04-30,2026-04-30_37,100.00000000000001,0,0,0,37.17391304347825,9.999999999999986,0.07548309178743963,0.0,0.0,True,False,True,False,2959.7500000000005,0.0,0.0,0.0,0.0,0.0,2959.7500000000005
2026-04-30T07:15:00Z,2026-04-30T07:30:00Z,2026-04-30,2026-04-30_38,0.0,0,0,0,9.999999999999986,9.999999999999986,0.0,0.0,0.0,True,False,True,False,0.0,0.0,0.0,0.0,0.0,0.0,0.0
2026-04-30T07:30:00Z,2026-04-30T07:45:00Z,2026-04-30,2026-04-30_39,0.0,0,0,0,9.999999999999986,9.999999999999986,0.0,0.0,0.0,True,False,True,False,0.0,0.0,0.0,0.0,0.0,0.0,0.0
2026-04-30T07:45:00Z,2026-04-30T08:00:00Z,2026-04-30,2026-04-30_40,-100.0,0,0,0,9.999999999999986,32.999999999999986,0.06388888888888888,0.0,0.0,True,False,True,False,-0.25,0.0,0.0,0.0,0.0,0.0,-0.25
2026-04-30T08:00:00Z,2026-04-30T08:15:00Z,2026-04-30,2026-04-30_41,0.0,100,100,0,32.999999999999986,47.11858285714284,0.03921828571428572,0.0,15.346285714285715,True,True,True,False,0.0,0.0,109.69727864481217,91.63987138263666,0.0,1093.1956897498235,1294.5328397772723
2026-04-30T08:15:00Z,2026-04-30T08:30:00Z,2026-04-30,2026-04-30_42,0.0,100,100,0,47.11858285714284,69.8594057142857,0.06316895238095238,0.0,24.718285714285713,True,True,True,False,0.0,0.0,109.69727864481217,91.63987138263666,0.0,4770.841412662313,4972.178562689762
2026-04-30T08:30:00Z,2026-04-30T08:45:00Z,2026-04-30,2026-04-30_43,0.0,100,100,0,69.8594057142857,85.70390857142856,0.04401250793650794,0.0,17.222285714285714,True,True,True,False,0.0,0.0,109.69727864481217,91.63987138263666,0.0,955.3566969537404,1156.6938469811892
2026-04-30T08:45:00Z,2026-04-30T09:00:00Z,2026-04-30,2026-04-30_44,0.0,100,100,0,85.70390857142856,83.85821813664595,0.012153965493443754,2.8617142857142857,1.374857142857143,True,True,True,False,0.0,0.0,109.69727864481217,91.63987138263666,251.92332254052906,-35.85238401469913,417.40808855327873
2026-04-30T09:00:00Z,2026-04-30T09:15:00Z,2026-04-30,2026-04-30_45,0.0,0,0,100,83.85821813664595,83.85821813664595,0.0,0.0,0.0,True,False,True,False,0.0,1021.9786683397381,0.0,0.0,0.0,0.0,1021.9786683397381
2026-04-30T09:15:00Z,2026-04-30T09:30:00Z,2026-04-30,2026-04-30_46,0.0,0,0,100,83.85821813664595,83.85821813664595,0.0,0.0,0.0,True,False,True,False,0.0,1021.9786683397381,0.0,0.0,0.0,0.0,1021.9786683397381
2026-04-30T09:30:00Z,2026-04-30T09:45:00Z,2026-04-30,2026-04-30_47,0.0,0,0,100,83.85821813664595,83.85821813664595,0.0,0.0,0.0,True,False,True,False,0.0,1021.9786683397381,0.0,0.0,0.0,0.0,1021.9786683397381
2026-04-30T09:45:00Z,2026-04-30T10:00:00Z,2026-04-30,2026-04-30_48,0.0,0,0,100,83.85821813664595,83.85821813664595,0.0,0.0,0.0,True,False,True,False,0.0,1021.9786683397381,0.0,0.0,0.0,0.0,1021.9786683397381
2026-04-30T10:00:00Z,2026-04-30T10:15:00Z,2026-04-30,2026-04-30_49,0.0,0,0,100,83.85821813664595,83.85821813664595,0.0,0.0,0.0,True,True,True,False,0.0,1021.9786683397381,0.0,0.0,0.0,0.0,1021.9786683397381
2026-04-30T10:15:00Z,2026-04-30T10:30:00Z,2026-04-30,2026-04-30_50,0.0,0,0,100,83.85821813664595,83.85821813664595,0.0,0.0,0.0,True,True,True,False,0.0,1021.9786683397381,0.0,0.0,0.0,0.0,1021.9786683397381
2026-04-30T10:30:00Z,2026-04-30T10:45:00Z,2026-04-30,2026-04-30_51,0.0,0,0,100,83.85821813664595,83.85821813664595,0.0,0.0,0.0,True,True,True,False,0.0,1021.9786683397381,0.0,0.0,0.0,0.0,1021.9786683397381
2026-04-30T10:45:00Z,2026-04-30T11:00:00Z,2026-04-30,2026-04-30_52,0.0,0,0,100,83.85821813664595,83.85821813664595,0.0,0.0,0.0,True,True,True,False,0.0,1021.9786683397381,0.0,0.0,0.0,0.0,1021.9786683397381
2026-04-30T11:00:00Z,2026-04-30T11:15:00Z,2026-04-30,2026-04-30_53,-98.99999999999966,100,1,0,83.85821813664595,91.8641250385092,0.023205952574189184,16.018857142857144,0.0,True,True,True,False,-0.24749999999999917,0.0,109.7266881028939,0.9822758999294173,3116.7958558992573,0.0,3227.257319902081
2026-04-30T11:15:00Z,2026-04-30T11:30:00Z,2026-04-30,2026-04-30_54,-98.99999999999966,100,1,0,91.8641250385092,100.6094742658383,0.025211511828847552,15.216571428571429,0.0,True,True,True,False,-0.49499999999999833,0.0,109.7266881028939,0.9822758999294173,2820.286677347435,0.0,2930.5006413502583
2026-04-30T11:30:00Z,2026-04-30T11:45:00Z,2026-04-30,2026-04-30_55,-98.99999999999966,100,1,0,100.6094742658383,111.05596217639722,0.029825440883367877,13.370857142857142,0.0,True,True,True,False,-0.7424999999999974,0.0,109.7266881028939,0.9822758999294173,2533.9168940251184,0.0,2643.8833580279415
2026-04-30T11:45:00Z,2026-04-30T12:00:00Z,2026-04-30,2026-04-30_56,-98.99999999999966,100,1,0,111.05596217639722,111.81069960745302,0.0035389014216703507,23.886285714285716,0.0,True,True,True,False,-46.77749999999983,0.0,109.7266881028939,0.9822758999294173,10125.234662267387,0.0,10189.166126270211
2026-04-30T12:00:00Z,2026-04-30T12:15:00Z,2026-04-30,2026-04-30_57,-100.0,100,0,0,111.81069960745302,122.50162532173873,0.02969701587301587,13.379428571428573,0.0,True,True,True,False,-0.25,0.0,106.9621990432123,0.0,2914.3356509853575,0.0,3021.04785002857
2026-04-30T12:15:00Z,2026-04-30T12:30:00Z,2026-04-30,2026-04-30_58,-100.0,100,0,0,122.50162532173873,135.29698532173873,0.03554266666666666,11.092,0.0,True,True,True,False,-0.25,0.0,106.9621990432123,0.0,2065.194522782527,0.0,2171.9067218257396
2026-04-30T12:30:00Z,2026-04-30T12:45:00Z,2026-04-30,2026-04-30_59,-2.96046518762913,100,0,0,135.29698532173873,123.39252571428565,0.03509077752608131,11.631428571428572,0.0,True,True,True,False,-3.781994277196214,0.0,106.9621990432123,0.0,2385.3368105582754,0.0,2488.5170153242916
2026-04-30T12:45:00Z,2026-04-30T13:00:00Z,2026-04-30,2026-04-30_60,-100.0,100,0,0,123.39252571428565,143.99999999999994,0.05724298412698412,2.600571428571429,0.0,True,True,True,False,-0.25,0.0,106.9621990432123,0.0,389.9485576481398,0.0,496.6607566913521
2026-04-30T13:00:00Z,2026-04-30T13:15:00Z,2026-04-30,2026-04-30_61,0.0,0,0,100,143.99999999999994,143.99999999999994,0.0,0.0,0.0,True,True,True,False,0.0,1021.9786683397381,0.0,0.0,0.0,0.0,1021.9786683397381
2026-04-30T13:15:00Z,2026-04-30T13:30:00Z,2026-04-30,2026-04-30_62,0.0,0,0,100,143.99999999999994,143.99999999999994,0.0,0.0,0.0,True,True,True,False,0.0,1021.9786683397381,0.0,0.0,0.0,0.0,1021.9786683397381
2026-04-30T13:30:00Z,2026-04-30T13:45:00Z,2026-04-30,2026-04-30_63,0.0,0,0,100,143.99999999999994,143.99999999999994,0.0,0.0,0.0,True,True,True,False,0.0,1021.9786683397381,0.0,0.0,0.0,0.0,1021.9786683397381
2026-04-30T13:45:00Z,2026-04-30T14:00:00Z,2026-04-30,2026-04-30_64,0.0,0,0,100,143.99999999999994,143.99999999999994,0.0,0.0,0.0,True,True,True,False,0.0,1021.9786683397381,0.0,0.0,0.0,0.0,1021.9786683397381
2026-04-30T14:00:00Z,2026-04-30T14:15:00Z,2026-04-30,2026-04-30_65,-63.0,87,24,13,143.99999999999994,155.41303053913035,0.039404725962732916,4.623428571428572,1.5103542857142855,True,True,True,False,-6.1425,132.85722688416595,93.0571131675947,22.268841659477687,807.690418118467,99.85649734138498,1149.5875971710905
2026-04-30T14:15:00Z,2026-04-30T14:30:00Z,2026-04-30,2026-04-30_66,-63.0,87,24,13,155.41303053913035,168.7759617987577,0.03937515412008282,1.354217142857143,0.19693714285714284,True,True,True,False,-78.75,132.85722688416595,93.0571131675947,22.268841659477687,202.3811726139127,-11.227046573377997,360.58730775177304
2026-04-30T14:30:00Z,2026-04-30T14:45:00Z,2026-04-30,2026-04-30_67,-63.0,87,24,13,168.7759617987577,183.86281756024835,0.041970044472049696,0.03728571428571428,0.6879085714285714,True,True,True,False,-132.7725,132.85722688416595,93.0571131675947,22.268841659477687,3.9583357607806673,-27.841522757878934,91.52749471414006
2026-04-30T14:45:00Z,2026-04-30T15:00:00Z,2026-04-30,2026-04-30_68,-0.250736787232928,87,24,13,183.86281756024835,183.9883336686924,0.0008096422796588597,0.07656,0.16416000000000003,True,True,True,False,-3.635683414877456,132.85722688416595,93.0571131675947,22.268841659477687,8.127782762136304,-11.206453015449771,241.4688280430474
2026-04-30T15:00:00Z,2026-04-30T15:15:00Z,2026-04-30,2026-04-30_69,0.0,58,100,0,183.9883336686924,188.3854079544067,0.012214095238095241,0.0,4.779428571428572,True,True,True,False,0.0,0.0,62.56685750137244,94.49258881656343,0.0,-43.62994947175013,113.42949684618574
2026-04-30T15:15:00Z,2026-04-30T15:30:00Z,2026-04-30,2026-04-30_70,15.764265788948702,58,100,0,188.3854079544067,186.0678253714285,0.015407685206012892,0.004971428571428571,2.0834285714285716,True,True,True,False,303.4621164372625,0.0,62.56685750137244,94.49258881656343,0.6335637541033197,-71.92125816462575,389.23386834467595
2026-04-30T15:30:00Z,2026-04-30T15:45:00Z,2026-04-30,2026-04-30_71,42.00000000000012,58,100,0,186.0678253714285,181.9482484472049,0.0332886838371291,0.0026514285714285715,7.369142857142857,True,True,True,False,1316.4900000000036,0.0,62.56685750137244,94.49258881656343,0.33790066885510384,84.55500498560338,1558.442351972398
2026-04-30T15:45:00Z,2026-04-30T16:00:00Z,2026-04-30,2026-04-30_72,41.85150153283493,58,100,0,181.9482484472049,170.02758857142848,0.035495666508314705,1.23424,0.8017142857142858,True,True,True,False,1419.0797882246004,0.0,62.56685750137244,94.49258881656343,268.874794322014,-38.575623088385235,1806.438405776165
2026-04-30T16:00:00Z,2026-04-30T16:15:00Z,2026-04-30,2026-04-30_73,0.0,0,100,0,170.02758857142848,182.54484571428563,0.03477015873015873,0.0,13.605714285714285,True,True,True,False,0.0,0.0,0.0,94.49258881656343,0.0,6731.227341272954,6825.719930089517
2026-04-30T16:15:00Z,2026-04-30T16:30:00Z,2026-04-30,2026-04-30_74,-1.5446581212176093e-14,0,100,0,182.54484571428563,189.99999999999991,0.020708761904761917,0.0,8.103428571428571,True,True,True,False,-4.4258316818187553e-13,0.0,0.0,94.49258881656343,0.0,317.6628523253078,412.1554411418708
2026-04-30T16:30:00Z,2026-04-30T16:45:00Z,2026-04-30,2026-04-30_75,99.99999999999993,0,100,0,189.99999999999991,186.47826086956516,0.009782608695652211,0.0,21.759999999999998,True,True,True,False,3232.2499999999977,0.0,0.0,94.49258881656343,0.0,23914.800596031684,27241.543184848244
2026-04-30T16:45:00Z,2026-04-30T17:00:00Z,2026-04-30,2026-04-30_76,98.95067668874715,0,100,0,186.47826086956516,161.24954302206865,0.07016181355808983,0.0,1.5297142857142858,True,True,True,False,3616.1524795902646,0.0,0.0,94.49258881656343,0.0,-76.32855596759919,3634.316512439229
2026-04-30T17:00:00Z,2026-04-30T17:15:00Z,2026-04-30,2026-04-30_77,0.0,0,41,59,161.24954302206865,161.75649982206866,0.0014082133333333333,0.0,0.55104,True,True,True,False,0.0,602.9674143204454,0.0,38.741961414791,0.0,-28.50673697749197,613.2026387577445
2026-04-30T17:15:00Z,2026-04-30T17:30:00Z,2026-04-30,2026-04-30_78,0.19422139386368703,0,41,59,161.75649982206866,162.8134278811707,0.003194645268779021,0.0,1.2051657142857144,True,True,True,False,7.205613712342789,602.9674143204454,0.0,38.741961414791,0.0,-41.43200183739091,607.4829876101883
2026-04-30T17:30:00Z,2026-04-30T17:45:00Z,2026-04-30,2026-04-30_79,28.10505538397255,0,41,59,162.8134278811707,155.34268322981353,0.021010802469487836,0.0,0.16095428571428572,True,True,True,False,1392.1136558066203,602.9674143204454,0.0,38.741961414791,0.0,-9.052810748736794,2024.77022079312
2026-04-30T17:45:00Z,2026-04-30T18:00:00Z,2026-04-30,2026-04-30_80,41.0,0,41,59,155.34268322981353,144.20341614906818,0.03094240855762595,0.0,0.0018742857142857144,True,True,True,False,2391.3250000000003,602.9674143204454,0.0,38.741961414791,0.0,-0.14699127239320167,3032.8873844628433
2026-04-30T18:00:00Z,2026-04-30T18:15:00Z,2026-04-30,2026-04-30_81,100.0,0,100,0,144.20341614906818,119.5015527950309,0.06861628709454795,0.0,2.274285714285714,True,True,True,False,5435.5,0.0,0.0,94.49258881656343,0.0,-116.04992773676014,5413.942661079804
2026-04-30T18:15:00Z,2026-04-30T18:30:00Z,2026-04-30,2026-04-30_82,100.0,0,100,0,119.5015527950309,93.71770186335388,0.07162180814354727,0.0,1.278857142857143,True,True,True,False,5592.75,0.0,0.0,94.49258881656343,0.0,-35.70941035436997,5651.533178462193
2026-04-30T18:30:00Z,2026-04-30T18:45:00Z,2026-04-30,2026-04-30_83,99.99999999999999,0,100,0,93.71770186335388,91.36180124223587,0.006544168391994483,0.0,22.83257142857143,True,True,True,False,5359.499999999999,0.0,0.0,94.49258881656343,0.0,5190.980906259454,10644.973495076016
2026-04-30T18:45:00Z,2026-04-30T19:00:00Z,2026-04-30,2026-04-30_84,100.0,0,100,0,91.36180124223587,90.16304347826072,0.0033298826777087604,0.0,23.897142857142857,True,True,True,False,4833.5,0.0,0.0,94.49258881656343,0.0,7816.203307303628,12744.19589612019
2026-04-30T19:00:00Z,2026-04-30T19:15:00Z,2026-04-30,2026-04-30_85,95.0,0,0,5,90.16304347826072,64.34782608695637,0.07170893719806763,0.0,0.0,True,False,True,False,5390.0625,51.09893341698691,0.0,0.0,0.0,0.0,5441.161433416987
2026-04-30T19:15:00Z,2026-04-30T19:30:00Z,2026-04-30,2026-04-30_86,95.0,0,0,5,64.34782608695637,38.53260869565203,0.07170893719806763,0.0,0.0,True,False,True,False,5122.162499999999,51.09893341698691,0.0,0.0,0.0,0.0,5173.261433416987
2026-04-30T19:30:00Z,2026-04-30T19:45:00Z,2026-04-30,2026-04-30_87,95.0,0,0,5,38.53260869565203,12.717391304347682,0.07170893719806763,0.0,0.0,True,False,True,False,4752.6125,51.09893341698691,0.0,0.0,0.0,0.0,4803.711433416987
2026-04-30T19:45:00Z,2026-04-30T20:00:00Z,2026-04-30,2026-04-30_88,0.0,0,0,5,12.717391304347682,12.717391304347682,0.0,0.0,0.0,True,False,True,False,0.0,51.09893341698691,0.0,0.0,0.0,0.0,51.09893341698691
2026-04-30T20:00:00Z,2026-04-30T20:15:00Z,2026-04-30,2026-04-30_89,37.00000000000001,63,100,0,12.717391304347682,10.025225798757617,0.03162455751552795,0.0,7.498857142857142,True,True,True,False,1278.4425000000003,0.0,67.96055211355971,94.49258881656343,0.0,1419.9207442553525,2860.816385185476
2026-04-30T20:15:00Z,2026-04-30T20:30:00Z,2026-04-30,2026-04-30_90,21.91715658595786,63,100,0,10.025225798757617,10.17581421117999,0.025057329593303042,0.0,6.383428571428571,True,True,True,False,701.5133894250462,0.0,67.96055211355971,94.49258881656343,0.0,-75.14333217562768,788.8231981795416
2026-04-30T20:30:00Z,2026-04-30T20:45:00Z,2026-04-30,2026-04-30_91,37.00000000000001,63,100,0,10.17581421117999,14.527736278260733,0.03516068759144237,0.0,14.673714285714285,True,True,True,False,1187.2375000000002,0.0,67.96055211355971,94.49258881656343,0.0,2337.8543431887697,3687.544984118893
2026-04-30T20:45:00Z,2026-04-30T21:00:00Z,2026-04-30,2026-04-30_92,37.00000000000001,63,100,0,14.527736278260733,9.999999999999865,0.030712085217391303,0.00252,5.632000000000001,True,True,True,False,1212.3050000000003,0.0,67.96055211355971,94.49258881656343,0.3211512822523724,-65.4718343659321,1309.6074578464436
2026-04-30T21:00:00Z,2026-04-30T21:15:00Z,2026-05-01,2026-04-30_93,-100.0000000000009,100,0,0,9.999999999999865,17.969302857142928,0.022136952380952955,16.337714285714284,0.0,True,True,True,False,-3276.000000000029,0.0,105.95717369741524,0.0,5339.226799029781,0.0,2169.1839727271677
2026-04-30T21:15:00Z,2026-04-30T21:30:00Z,2026-05-01,2026-04-30_94,-99.99999999999996,100,0,0,17.969302857142928,27.77072000000006,0.02722615873015874,14.346285714285715,0.0,True,True,True,False,-3027.4999999999986,0.0,105.95717369741524,0.0,6222.376720984444,0.0,3300.8338946818603
2026-04-30T21:30:00Z,2026-04-30T21:45:00Z,2026-05-01,2026-04-30_95,-99.99999999999994,100,0,0,27.77072000000006,31.225188571428614,0.009595746031746056,21.24514285714286,0.0,True,True,True,False,-2910.999999999998,0.0,105.95717369741524,0.0,9121.445506238904,0.0,6316.402679936321
2026-04-30T21:45:00Z,2026-04-30T22:00:00Z,2026-05-01,2026-04-30_96,-100.0,100,0,0,31.225188571428614,38.13307428571433,0.01918857142857143,17.49142857142857,0.0,True,True,True,False,-2691.0,0.0,105.95717369741524,0.0,4637.2577907807035,0.0,2052.214964478119
2026-04-30T22:00:00Z,2026-04-30T22:15:00Z,2026-05-01,2026-05-01_1,0.0,0,0,51,38.13307428571433,38.13307428571433,0.0,0.0,0.0,True,False,True,False,0.0,517.0225800805181,0.0,0.0,0.0,0.0,517.0225800805181
2026-04-30T22:15:00Z,2026-04-30T22:30:00Z,2026-05-01,2026-05-01_2,-15.977181744531212,0,0,51,38.13307428571433,41.80782608695651,0.010207643892339385,0.0,0.0,True,False,True,False,-464.85610285713557,517.0225800805181,0.0,0.0,0.0,0.0,52.166477223382515
2026-04-30T22:30:00Z,2026-04-30T22:45:00Z,2026-05-01,2026-05-01_3,-49.0,0,0,51,41.80782608695651,53.07782608695651,0.03130555555555556,0.0,0.0,True,False,True,False,-1344.07,517.0225800805181,0.0,0.0,0.0,0.0,-827.0474199194819
2026-04-30T22:45:00Z,2026-04-30T23:00:00Z,2026-05-01,2026-05-01_4,-48.99999999999998,0,0,51,53.07782608695651,64.3478260869565,0.031305555555555545,0.0,0.0,True,False,True,False,-1328.5124999999994,517.0225800805181,0.0,0.0,0.0,0.0,-811.4899199194813
2026-04-30T23:00:00Z,2026-04-30T23:15:00Z,2026-05-01,2026-05-01_5,0.0,0,0,100,64.3478260869565,64.3478260869565,0.0,0.0,0.0,True,False,True,False,0.0,1013.7697648637609,0.0,0.0,0.0,0.0,1013.7697648637609
2026-04-30T23:15:00Z,2026-04-30T23:30:00Z,2026-05-01,2026-05-01_6,0.0,0,0,100,64.3478260869565,64.3478260869565,0.0,0.0,0.0,True,False,True,False,0.0,1013.7697648637609,0.0,0.0,0.0,0.0,1013.7697648637609
2026-04-30T23:30:00Z,2026-04-30T23:45:00Z,2026-05-01,2026-05-01_7,0.0,0,0,100,64.3478260869565,64.3478260869565,0.0,0.0,0.0,True,False,True,False,0.0,1013.7697648637609,0.0,0.0,0.0,0.0,1013.7697648637609
2026-04-30T23:45:00Z,2026-05-01T00:00:00Z,2026-05-01,2026-05-01_8,0.0,0,0,100,64.3478260869565,64.3478260869565,0.0,0.0,0.0,True,False,True,False,0.0,1013.7697648637609,0.0,0.0,0.0,0.0,1013.7697648637609
2026-05-01T00:00:00Z,2026-05-01T00:15:00Z,2026-05-01,2026-05-01_9,-100.0,100,0,0,64.3478260869565,72.16992894409935,0.021728063492063496,16.497714285714284,0.0,True,True,True,False,-2734.0,0.0,106.48229184899935,0.0,4176.821977611628,0.0,1549.304269460628
2026-05-01T00:15:00Z,2026-05-01T00:30:00Z,2026-05-01,2026-05-01_10,-100.0,100,0,0,72.16992894409935,75.1707060869565,0.00833549206349206,21.738285714285716,0.0,True,True,True,False,-2698.5,0.0,106.48229184899935,0.0,9262.111220135643,0.0,6670.093511984642
2026-05-01T00:30:00Z,2026-05-01T00:45:00Z,2026-05-01,2026-05-01_11,-100.0,100,0,0,75.1707060869565,79.19504894409936,0.011178730158730159,20.625714285714285,0.0,True,True,True,False,-2749.25,0.0,106.48229184899935,0.0,6597.966109041201,0.0,3955.1984008902004
2026-05-01T00:45:00Z,2026-05-01T01:00:00Z,2026-05-01,2026-05-01_12,-97.30033601025114,100,0,0,79.19504894409936,91.24870080000002,0.03530310238370066,11.168571428571429,0.0,True,True,True,False,-2688.4082839632392,0.0,106.48229184899935,0.0,2246.7928333875125,0.0,-335.1331587267274
2026-05-01T01:00:00Z,2026-05-01T01:15:00Z,2026-05-01,2026-05-01_13,0.0,100,69,0,91.24870080000002,84.31081260124226,0.01927191166321601,6.382857142857143,0.0,True,True,True,False,0.0,0.0,106.48229184899935,64.53527043584806,1117.251381560851,0.0,1288.2689438456985
2026-05-01T01:15:00Z,2026-05-01T01:30:00Z,2026-05-01,2026-05-01_14,-30.999999999999943,100,69,0,84.31081260124226,75.01130128695654,0.04029659555555557,15.870857142857142,0.0,True,True,True,False,-832.7374999999985,0.0,106.48229184899935,64.53527043584806,4047.091721637368,0.0,3385.371783922217
2026-05-01T01:30:00Z,2026-05-01T01:45:00Z,2026-05-01,2026-05-01_15,-30.999999999999943,100,69,0,75.01130128695654,66.31575522981367,0.03954332444444445,15.28742857142857,0.0,True,True,True,False,-833.1249999999985,0.0,106.48229184899935,64.53527043584806,3617.8820471272697,0.0,2955.7746094121185
2026-05-01T01:45:00Z,2026-05-01T02:00:00Z,2026-05-01,2026-05-01_16,-30.999999999999943,100,69,0,66.31575522981367,64.34782608695652,0.031152577777777767,8.788571428571428,0.0,True,True,True,False,-825.7624999999985,0.0,106.48229184899935,64.53527043584806,1639.630836938311,0.0,984.8858992231599
2026-05-01T02:00:00Z,2026-05-01T02:15:00Z,2026-05-01,2026-05-01_17,0.0,0,0,100,64.34782608695652,64.34782608695652,0.0,0.0,0.0,True,True,True,False,0.0,1013.7697648637609,0.0,0.0,0.0,0.0,1013.7697648637609
2026-05-01T02:15:00Z,2026-05-01T02:30:00Z,2026-05-01,2026-05-01_18,0.0,0,0,100,64.34782608695652,64.34782608695652,0.0,0.0,0.0,True,True,True,False,0.0,1013.7697648637609,0.0,0.0,0.0,0.0,1013.7697648637609
2026-05-01T02:30:00Z,2026-05-01T02:45:00Z,2026-05-01,2026-05-01_19,0.0,0,0,100,64.34782608695652,64.34782608695652,0.0,0.0,0.0,True,True,True,False,0.0,1013.7697648637609,0.0,0.0,0.0,0.0,1013.7697648637609
2026-05-01T02:45:00Z,2026-05-01T03:00:00Z,2026-05-01,2026-05-01_20,0.0,0,0,100,64.34782608695652,64.34782608695652,0.0,0.0,0.0,True,True,True,False,0.0,1013.7697648637609,0.0,0.0,0.0,0.0,1013.7697648637609
2026-05-01T03:00:00Z,2026-05-01T03:15:00Z,2026-05-01,2026-05-01_21,0.0,0,0,100,64.34782608695652,64.34782608695652,0.0,0.0,0.0,True,True,True,False,0.0,1013.7697648637609,0.0,0.0,0.0,0.0,1013.7697648637609
2026-05-01T03:15:00Z,2026-05-01T03:30:00Z,2026-05-01,2026-05-01_22,0.0,0,0,100,64.34782608695652,64.34782608695652,0.0,0.0,0.0,True,True,True,False,0.0,1013.7697648637609,0.0,0.0,0.0,0.0,1013.7697648637609
2026-05-01T03:30:00Z,2026-05-01T03:45:00Z,2026-05-01,2026-05-01_23,0.0,0,0,100,64.34782608695652,64.34782608695652,0.0,0.0,0.0,True,True,True,False,0.0,1013.7697648637609,0.0,0.0,0.0,0.0,1013.7697648637609
2026-05-01T03:45:00Z,2026-05-01T04:00:00Z,2026-05-01,2026-05-01_24,0.0,0,0,100,64.34782608695652,64.34782608695652,0.0,0.0,0.0,True,True,True,False,0.0,1013.7697648637609,0.0,0.0,0.0,0.0,1013.7697648637609
2026-05-01T04:00:00Z,2026-05-01T04:15:00Z,2026-05-01,2026-05-01_25,0.0,0,0,100,64.34782608695652,64.34782608695652,0.0,0.0,0.0,True,True,True,False,0.0,1013.7697648637609,0.0,0.0,0.0,0.0,1013.7697648637609
2026-05-01T04:15:00Z,2026-05-01T04:30:00Z,2026-05-01,2026-05-01_26,0.0,0,0,100,64.34782608695652,64.34782608695652,0.0,0.0,0.0,True,True,True,False,0.0,1013.7697648637609,0.0,0.0,0.0,0.0,1013.7697648637609
2026-05-01T04:30:00Z,2026-05-01T04:45:00Z,2026-05-01,2026-05-01_27,0.0,0,0,100,64.34782608695652,64.34782608695652,0.0,0.0,0.0,True,True,True,False,0.0,1013.7697648637609,0.0,0.0,0.0,0.0,1013.7697648637609
2026-05-01T04:45:00Z,2026-05-01T05:00:00Z,2026-05-01,2026-05-01_28,0.0,0,0,100,64.34782608695652,64.34782608695652,0.0,0.0,0.0,True,True,True,False,0.0,1013.7697648637609,0.0,0.0,0.0,0.0,1013.7697648637609
2026-05-01T05:00:00Z,2026-05-01T05:15:00Z,2026-05-01,2026-05-01_29,100.0,0,100,0,64.34782608695652,38.0055900621118,0.0731728778467909,0.0,0.7651428571428571,True,True,True,False,3408.0,0.0,0.0,90.49536145632767,0.0,-30.914795273380953,3467.5805661829468
2026-05-01T05:15:00Z,2026-05-01T05:30:00Z,2026-05-01,2026-05-01_30,100.0,0,100,0,38.0055900621118,19.09689440993789,0.05252415458937198,0.0,7.603999999999999,True,True,True,False,2601.25,0.0,0.0,90.49536145632767,0.0,1894.9971923682826,4586.742553824611
2026-05-01T05:30:00Z,2026-05-01T05:45:00Z,2026-05-01,2026-05-01_31,54.66642050146293,0,100,0,19.09689440993789,10.022881192546585,0.0384511719200265,0.0,5.716571428571428,True,True,True,False,1031.8286869651129,0.0,0.0,90.49536145632767,0.0,137.8249950683348,1260.1490434897753
2026-05-01T05:45:00Z,2026-05-01T06:00:00Z,2026-05-01,2026-05-01_32,0.0,0,100,0,10.022881192546585,18.01741833540373,0.022207047619047623,0.0,8.689714285714286,True,True,True,False,0.0,0.0,0.0,90.49536145632767,0.0,2074.537673309828,2165.0330347661557
2026-05-01T06:00:00Z,2026-05-01T06:15:00Z,2026-05-01,2026-05-01_33,22.00000000000003,78,100,0,18.01741833540373,9.999999999999993,0.025551063630089736,2.600297142857143,0.8228571428571428,True,True,True,False,574.6400000000008,0.0,83.71608611937685,89.44512515315947,368.90012046043694,-7.463439273836614,1109.2378924591374
2026-05-01T06:15:00Z,2026-05-01T06:30:00Z,2026-05-01,2026-05-01_34,11.68723651709347,78,100,0,9.999999999999993,9.999999999999993,0.01718067340174188,0.36815999999999993,3.806285714285714,True,True,True,False,106.85055985752706,0.0,83.71608611937685,89.44512515315947,45.80286457786334,108.47436806614822,434.28900377407496
2026-05-01T06:30:00Z,2026-05-01T06:45:00Z,2026-05-01,2026-05-01_35,1.4822064840972327,78,100,0,9.999999999999993,9.999999999999991,0.015534786089427634,2.247737142857143,3.085142857142857,True,True,True,False,2.8384254170462007,0.0,83.71608611937685,89.44512515315947,310.30331038483655,200.01556505769352,686.3185121321126
2026-05-01T06:45:00Z,2026-05-01T07:00:00Z,2026-05-01,2026-05-01_36,1.975329148698777,78,100,0,9.999999999999991,19.211141634782585,0.027309226035342013,0.0,10.557714285714285,True,True,True,False,0.014814968615240827,0.0,83.71608611937685,89.44512515315947,0.0,1161.5046260964273,1334.6806523375787
2026-05-01T07:00:00Z,2026-05-01T07:15:00Z,2026-05-01,2026-05-01_37,0.0,100,100,0,19.211141634782585,26.645793063354013,0.02065180952380952,0.0,8.081142857142856,True,True,True,False,0.0,0.0,106.39477215706866,89.44512515315947,0.0,272.5085157493769,468.34841305960504
2026-05-01T07:15:00Z,2026-05-01T07:30:00Z,2026-05-01,2026-05-01_38,0.0,100,100,0,26.645793063354013,40.74124449192544,0.03915403174603175,0.0,15.321142857142858,True,True,True,False,0.0,0.0,106.39477215706866,89.44512515315947,0.0,3862.684879208933,4058.524776519161
2026-05-01T07:30:00Z,2026-05-01T07:45:00Z,2026-05-01,2026-05-01_39,0.0,100,100,0,40.74124449192544,44.91408424347824,0.01719163561076605,0.9274285714285714,5.631428571428572,True,True,True,False,0.0,0.0,106.39477215706866,89.44512515315947,81.16844323306076,165.23982896151634,442.2481695048052
2026-05-01T07:45:00Z,2026-05-01T08:00:00Z,2026-05-01,2026-05-01_40,0.0,100,100,0,44.91408424347824,50.624011199999984,0.01587471083505866,0.002285714285714286,6.209142857142857,True,True,True,False,0.0,0.0,106.39477215706866,89.44512515315947,0.19960046566032916,103.86490226967734,299.9044000455658
2026-05-01T08:00:00Z,2026-05-01T08:15:00Z,2026-05-01,2026-05-01_41,-47.0,0,0,53,50.624011199999984,61.434011199999986,0.030027777777777778,0.0,0.0,True,False,True,False,-0.0,487.04708559425865,0.0,0.0,0.0,0.0,487.04708559425865
2026-05-01T08:15:00Z,2026-05-01T08:30:00Z,2026-05-01,2026-05-01_42,-47.0,0,0,53,61.434011199999986,72.24401119999999,0.030027777777777778,0.0,0.0,True,False,True,False,-0.0,487.04708559425865,0.0,0.0,0.0,0.0,487.04708559425865
2026-05-01T08:30:00Z,2026-05-01T08:45:00Z,2026-05-01,2026-05-01_43,-47.0,0,0,53,72.24401119999999,83.05401119999999,0.030027777777777778,0.0,0.0,True,False,True,False,-0.0,487.04708559425865,0.0,0.0,0.0,0.0,487.04708559425865
2026-05-01T08:45:00Z,2026-05-01T09:00:00Z,2026-05-01,2026-05-01_44,-47.0,0,0,53,83.05401119999999,93.8640112,0.030027777777777778,0.0,0.0,True,False,True,False,-0.0,487.04708559425865,0.0,0.0,0.0,0.0,487.04708559425865
2026-05-01T09:00:00Z,2026-05-01T09:15:00Z,2026-05-01,2026-05-01_45,-62.0,100,38,0,93.8640112,96.99311692919255,0.034663872022084194,11.318285714285715,0.0,True,True,True,False,-0.0,0.0,108.29103214890016,34.909271252698524,2104.7384352590443,0.0,2247.938738660643
2026-05-01T09:15:00Z,2026-05-01T09:30:00Z,2026-05-01,2026-05-01_46,-62.0,100,38,0,96.99311692919255,103.25013488695653,0.03605410440303658,8.137714285714285,0.0,True,True,True,False,-0.0,0.0,108.29103214890016,34.909271252698524,1083.5044414993372,0.0,1226.7047449009358
2026-05-01T09:30:00Z,2026-05-01T09:45:00Z,2026-05-01,2026-05-01_47,-62.0,100,38,0,103.25013488695653,105.60484912298138,0.03431968585231194,12.105714285714285,0.0,True,True,True,False,-0.0,0.0,108.29103214890016,34.909271252698524,4630.023102420267,0.0,4773.2234058218655
2026-05-01T09:45:00Z,2026-05-01T10:00:00Z,2026-05-01,2026-05-01_48,-62.0,100,38,0,105.60484912298138,97.22429435031057,0.029548286432022088,23.021714285714285,0.0,True,True,True,False,-0.0,0.0,108.29103214890016,34.909271252698524,18306.44703591641,0.0,18449.64733931801
2026-05-01T10:00:00Z,2026-05-01T10:15:00Z,2026-05-01,2026-05-01_49,0.0,100,100,0,97.22429435031057,92.65004838757766,0.012735445134575566,4.213142857142857,0.005714285714285714,True,True,True,False,0.0,0.0,108.29103214890016,91.86650329657505,368.59858223655874,-0.44454446694950805,568.3115732150844
2026-05-01T10:15:00Z,2026-05-01T10:30:00Z,2026-05-01,2026-05-01_50,0.0,100,100,0,92.65004838757766,92.35420242484474,0.0016833816425120772,0.41485714285714287,0.16857142857142857,True,True,True,False,0.0,0.0,108.29103214890016,91.86650329657505,36.28694923024347,-9.770631725471564,226.67385295024712
2026-05-01T10:30:00Z,2026-05-01T10:45:00Z,2026-05-01,2026-05-01_51,0.0,100,100,0,92.35420242484474,92.50308888447208,0.0006758233264320221,0.04342857142857143,0.21314285714285713,True,True,True,False,0.0,0.0,108.29103214890016,91.86650329657505,3.800855192418294,-13.406812977364352,190.55157766052915
2026-05-01T10:45:00Z,2026-05-01T11:00:00Z,2026-05-01,2026-05-01_52,0.0,100,100,0,92.50308888447208,104.88007969192549,0.03445299378881988,0.012,13.467428571428572,True,True,True,False,0.0,0.0,108.29103214890016,91.86650329657505,1.050236303168213,7714.533983479617,7915.74175522826
2026-05-01T11:00:00Z,2026-05-01T11:15:00Z,2026-05-01,2026-05-01_53,0.0,47,47,53,104.88007969192549,107.29410712049692,0.006705631746031746,0.0,2.623942857142857,True,True,True,False,0.0,487.04708559425865,50.89678510998307,43.17725654939027,0.0,99.3538251995588,680.4749524531908
2026-05-01T11:15:00Z,2026-05-01T11:30:00Z,2026-05-01,2026-05-01_54,0.0,47,47,53,107.29410712049692,111.13703123478263,0.010674789206349207,0.0,4.177091428571429,True,True,True,False,0.0,487.04708559425865,50.89678510998307,43.17725654939027,0.0,120.45787027081094,701.5789975244429
2026-05-01T11:30:00Z,2026-05-01T11:45:00Z,2026-05-01,2026-05-01_55,0.0,47,47,53,111.13703123478263,113.2216934062112,0.005790728253968253,0.0,2.2659371428571426,True,True,True,False,0.0,487.04708559425865,50.89678510998307,43.17725654939027,0.0,49.16647749632556,630.2876047499576
2026-05-01T11:45:00Z,2026-05-01T12:00:00Z,2026-05-01,2026-05-01_56,0.0,47,47,53,113.2216934062112,113.91773386335406,0.0019334457142857146,0.0,0.7565657142857144,True,True,True,False,0.0,487.04708559425865,50.89678510998307,43.17725654939027,0.0,-15.278604536020605,565.8425227176114
2026-05-01T12:00:00Z,2026-05-01T12:15:00Z,2026-05-01,2026-05-01_57,0.0,47,47,53,113.91773386335406,113.86818173416151,0.00028726893029675643,0.0703657142857143,0.029274285714285714,True,True,True,False,0.0,487.04708559425865,49.936985821809905,42.560242721278954,6.1447003353532335,-1.9530310364276409,583.735983436273
2026-05-01T12:15:00Z,2026-05-01T12:30:00Z,2026-05-01,2026-05-01_58,0.0,47,47,53,113.86818173416151,116.2113642236025,0.0065331673706004135,0.004028571428571428,2.5516971428571424,True,True,True,False,0.0,487.04708559425865,49.936985821809905,42.560242721278954,0.35179582072633003,48.51534725646603,628.4114572145398
2026-05-01T12:30:00Z,2026-05-01T12:45:00Z,2026-05-01,2026-05-01_59,0.0,47,47,53,116.2113642236025,122.19306228074535,0.016615827936507937,0.0,6.5018457142857145,True,True,True,False,0.0,487.04708559425865,49.936985821809905,42.560242721278954,0.0,1189.5113899282894,1769.055704065637
2026-05-01T12:45:00Z,2026-05-01T13:00:00Z,2026-05-01,2026-05-01_60,0.0,47,47,53,122.19306228074535,122.31259151304349,0.00046825752933057273,0.02256,0.15657714285714283,True,True,True,False,0.0,487.04708559425865,49.936985821809905,42.560242721278954,1.9700565960674485,-8.778637275609233,572.7357334578057
2026-05-01T13:00:00Z,2026-05-01T13:15:00Z,2026-05-01,2026-05-01_61,-47.0,47,0,53,122.31259151304349,133.07416271304348,0.02989325333333333,0.052640000000000006,0.0,True,True,True,False,-0.0,487.04708559425865,49.936985821809905,0.0,4.59679872415738,0.0,541.5808701402259
2026-05-01T13:15:00Z,2026-05-01T13:30:00Z,2026-05-01,2026-05-01_62,-47.0,47,0,53,133.07416271304348,143.88243311304348,0.030022973333333335,0.0018800000000000002,0.0,True,True,True,False,-0.0,487.04708559425865,49.936985821809905,0.0,0.16417138300562073,0.0,537.1482427990742
2026-05-01T13:30:00Z,2026-05-01T13:45:00Z,2026-05-01,2026-05-01_63,-47.0,47,0,53,143.88243311304348,154.68353802732918,0.03000306920634921,0.009668571428571427,0.0,True,True,True,False,-0.0,487.04708559425865,49.936985821809905,0.0,0.8443099697431922,0.0,537.8283813858118
2026-05-01T13:45:00Z,2026-05-01T14:00:00Z,2026-05-01,2026-05-01_64,-47.0,47,0,53,154.68353802732918,165.48563128447205,0.0300058146031746,0.008594285714285714,0.0,True,True,True,False,-0.0,487.04708559425865,49.936985821809905,0.0,0.7504977508828375,0.0,537.7345691669514
2026-05-01T14:00:00Z,2026-05-01T14:15:00Z,2026-05-01,2026-05-01_65,-54.0,100,46,0,165.48563128447205,178.04112157018633,0.03893509206349206,1.461142857142857,1.7303885714285714,True,True,True,False,-0.0,0.0,106.24890600385088,41.13133788435731,127.73554849841213,109.16555288050921,384.2813452671295
2026-05-01T14:15:00Z,2026-05-01T14:30:00Z,2026-05-01,2026-05-01_66,-54.00000000000004,100,46,0,178.04112157018633,187.1260075130435,0.034585000634920655,3.3657142857142857,0.021554285714285717,True,True,True,False,-0.0,0.0,106.24890600385088,41.13133788435731,294.4405958007218,-1.4705433122452554,440.3502963766847
2026-05-01T14:30:00Z,2026-05-01T14:45:00Z,2026-05-01,2026-05-01_67,-54.00000000000004,100,46,0,187.1260075130435,189.39858351304352,0.034590488888888896,10.18,0.0,True,True,True,False,-0.0,0.0,106.24890600385088,41.13133788435731,1597.587035416302,0.0,1744.9672793045102
2026-05-01T14:45:00Z,2026-05-01T15:00:00Z,2026-05-01,2026-05-01_68,-54.00000000000004,100,46,0,189.39858351304352,180.27061551304354,0.03469215238095235,21.617142857142856,0.0,True,True,True,False,-0.0,0.0,106.24890600385088,41.13133788435731,8324.51084494011,0.0,8471.891088828319
2026-05-01T15:00:00Z,2026-05-01T15:15:00Z,2026-05-01,2026-05-01_69,-7.0,100,93,0,180.27061551304354,187.64374857142863,0.021973161187025535,0.26571428571428574,6.574834285714286,True,True,True,False,-0.0175,0.0,106.4531186183558,84.16068615438473,35.53931801321964,264.15701364807086,490.292636434031
2026-05-01T15:15:00Z,2026-05-01T15:30:00Z,2026-05-01,2026-05-01_70,-7.0,100,93,0,187.64374857142863,188.74951520993795,0.017149938385093166,2.5068571428571427,2.3818628571428575,True,True,True,False,-9.8175,0.0,106.4531186183558,84.16068615438473,376.4590817378354,18.424612757870523,575.6799992684464
2026-05-01T15:30:00Z,2026-05-01T15:45:00Z,2026-05-01,2026-05-01_71,0.0,100,93,0,188.74951520993795,184.59212331925474,0.0184827450931677,4.973142857142856,1.3567371428571429,True,True,True,False,0.0,0.0,106.4531186183558,84.16068615438473,1041.8713490535367,-14.979600300067514,1217.5055535262097
2026-05-01T15:45:00Z,2026-05-01T16:00:00Z,2026-05-01,2026-05-01_72,0.0,100,93,0,184.59212331925474,176.09957673540382,0.023590407177363697,7.813142857142857,0.0,True,True,True,False,0.0,0.0,106.4531186183558,84.16068615438473,1707.0783370702852,0.0,1897.6921418430256
2026-05-01T16:00:00Z,2026-05-01T16:15:00Z,2026-05-01,2026-05-01_73,-50.88284289915634,0,49,0,176.09957673540382,189.43993620220976,0.037056554074461,0.0,1.77968,True,True,True,False,-185.84958368916853,0.0,0.0,44.34272711360056,0.0,10.699470634226033,-130.80738594134192
2026-05-01T16:15:00Z,2026-05-01T16:30:00Z,2026-05-01,2026-05-01_74,2.600228841607561,0,49,0,189.43993620220976,189.33049760000003,0.003415461660528497,0.0,0.64288,True,True,True,False,55.25486288416067,0.0,0.0,44.34272711360056,0.0,-15.575183056187644,84.02240694157359
2026-05-01T16:30:00Z,2026-05-01T16:45:00Z,2026-05-01,2026-05-01_75,0.0,0,49,0,189.33049760000003,190.00000000000003,0.001859728888888889,0.0,0.72772,True,True,True,False,0.0,0.0,0.0,44.34272711360056,0.0,-13.58843757512107,30.75428953847949
2026-05-01T16:45:00Z,2026-05-01T17:00:00Z,2026-05-01,2026-05-01_76,100.0,0,49,0,190.00000000000003,163.0062608695652,0.07498260869565217,0.0,0.16576,True,True,True,False,7793.25,0.0,0.0,44.34272711360056,0.0,-9.334328366104595,7828.258398747496
2026-05-01T17:00:00Z,2026-05-01T17:15:00Z,2026-05-01,2026-05-01_77,-54.0,0,46,0,163.0062608695652,177.4549607552795,0.04013527746031746,0.0,2.205108571428571,True,True,True,False,-1255.365,0.0,0.0,41.627866269910726,0.0,54.906633034655,-1158.8305006954342
2026-05-01T17:15:00Z,2026-05-01T17:30:00Z,2026-05-01,2026-05-01_78,-53.03064317580344,0,46,0,177.4549607552795,190.0,0.03484733123533474,0.0,0.37825142857142857,True,True,True,False,-1475.7102229746704,0.0,0.0,41.627866269910726,0.0,-19.98773035043996,-1454.0700870551996
2026-05-01T17:30:00Z,2026-05-01T17:45:00Z,2026-05-01,2026-05-01_79,100.0,0,46,0,190.0,162.96551552795032,0.07509579020013803,0.0,0.1282742857142857,True,True,True,False,5646.5,0.0,0.0,41.627866269910726,0.0,-7.766435821393147,5680.361430448517
2026-05-01T17:45:00Z,2026-05-01T18:00:00Z,2026-05-01,2026-05-01_80,100.0,0,46,0,162.96551552795032,135.8024596273292,0.07545293305728087,0.0,0.009988571428571428,True,True,True,False,8832.5,0.0,0.0,41.627866269910726,0.0,-0.7770637282277401,8873.350802541683
2026-05-01T18:00:00Z,2026-05-01T18:15:00Z,2026-05-01,2026-05-01_81,55.0,45,100,0,135.8024596273292,116.33696273291926,0.05407082470669427,4.158257142857143,0.0,True,True,True,False,2631.475,0.0,47.90390337826011,90.49536145632767,1303.0232803880872,0.0,4072.897545222675
2026-05-01T18:15:00Z,2026-05-01T18:30:00Z,2026-05-01,2026-05-01_82,55.0,45,100,0,116.33696273291926,96.52935403726708,0.05502113526570048,4.473,0.0,True,True,True,False,3694.2125,0.0,47.90390337826011,90.49536145632767,1383.9470873446523,0.0,5216.558852179241
2026-05-01T18:30:00Z,2026-05-01T18:45:00Z,2026-05-01,2026-05-01_83,55.0,45,100,0,96.52935403726708,74.818049689441,0.060309178743961356,6.2244,0.0,True,True,True,False,4043.7374999999997,0.0,47.90390337826011,90.49536145632767,2191.451964992123,0.0,6373.588729826711
2026-05-01T18:45:00Z,2026-05-01T19:00:00Z,2026-05-01,2026-05-01_84,55.0,45,100,0,74.818049689441,55.6326149068323,0.05329287439613527,3.9006000000000003,0.0,True,True,True,False,2938.65,0.0,47.90390337826011,90.49536145632767,1203.123103448276,0.0,4280.172368282864
2026-05-01T19:00:00Z,2026-05-01T19:15:00Z,2026-05-01,2026-05-01_85,0.0,100,100,0,55.6326149068323,37.40901242236025,0.05062111801242236,16.765714285714285,0.0,True,True,True,False,0.0,0.0,106.4531186183558,90.49536145632767,12839.88225350704,0.0,13036.830733581723
2026-05-01T19:15:00Z,2026-05-01T19:30:00Z,2026-05-01,2026-05-01_86,0.0,100,100,0,37.40901242236025,24.577956521739132,0.03564182194616977,11.80457142857143,0.0,True,True,True,False,0.0,0.0,106.4531186183558,90.49536145632767,4426.738392138231,0.0,4623.686872212914
2026-05-01T19:30:00Z,2026-05-01T19:45:00Z,2026-05-01,2026-05-01_87,0.0,100,100,0,24.577956521739132,18.42946260869565,0.01709959420289855,5.66,0.004,True,True,True,False,0.0,0.0,106.4531186183558,90.49536145632767,1922.2798529669176,-0.31118112686465565,2118.917151914736
2026-05-01T19:45:00Z,2026-05-01T20:00:00Z,2026-05-01,2026-05-01_88,0.0,100,100,0,18.42946260869565,10.069214161490683,0.023222912353347135,7.691428571428571,0.0,True,True,True,False,0.0,0.0,106.4531186183558,90.49536145632767,3520.0361303515515,0.0,3716.984610426235
2026-05-01T20:00:00Z,2026-05-01T20:15:00Z,2026-05-01,2026-05-01_89,-100.0,100,0,0,10.069214161490683,15.330562732919256,0.01461485714285715,19.281142857142854,0.0,True,True,True,False,-3507.0,0.0,106.4531186183558,0.0,18275.727462234554,0.0,14875.18058085291
2026-05-01T20:15:00Z,2026-05-01T20:30:00Z,2026-05-01,2026-05-01_90,-100.0,100,0,0,15.330562732919256,26.124528447204973,0.029983238095238098,13.267428571428571,0.0,True,True,True,False,-3625.0,0.0,106.4531186183558,0.0,8621.82105262573,0.0,5103.274171244086
2026-05-01T20:30:00Z,2026-05-01T20:45:00Z,2026-05-01,2026-05-01_91,-87.98917807154994,100,0,0,26.124528447204973,28.205590062111803,0.01978920777024194,19.314285714285713,0.0,True,True,True,False,-3538.264823202202,0.0,106.4531186183558,0.0,19360.85757073119,0.0,15929.045866147344
2026-05-01T20:45:00Z,2026-05-01T21:00:00Z,2026-05-01,2026-05-01_92,0.0,100,0,0,28.205590062111803,10.000000000000004,0.05057108350586611,16.749142857142857,0.0,True,True,True,False,0.0,0.0,106.4531186183558,0.0,16672.115758712374,0.0,16778.56887733073
2026-05-01T21:00:00Z,2026-05-01T21:15:00Z,2026-05-02,2026-05-01_93,-100.00000000000021,100,0,0,10.000000000000004,13.308845714285766,0.009191238095238226,21.403428571428574,0.0,True,True,True,False,-4903.25000000001,0.0,106.5989847715736,0.0,23743.964688943906,0.0,18947.31367371547
2026-05-01T21:15:00Z,2026-05-01T21:30:00Z,2026-05-02,2026-05-01_94,-68.5020895169396,100,0,0,13.308845714285766,19.664681887181878,0.03603757667074318,9.66457142857143,0.0,True,True,True,False,-3227.9897132619867,0.0,106.5989847715736,0.0,4256.83611323659,0.0,1135.4453847461768
2026-05-01T21:30:00Z,2026-05-01T21:45:00Z,2026-05-02,2026-05-01_95,-100.00000000000003,100,0,0,19.664681887181878,37.306601887181884,0.04900533333333336,5.824,0.0,True,True,True,False,-2941.000000000001,0.0,106.5989847715736,0.0,1456.4372219304896,0.0,-1377.9637932979376
2026-05-01T21:45:00Z,2026-05-01T22:00:00Z,2026-05-02,2026-05-01_96,-100.0,100,0,0,37.306601887181884,53.001801887181884,0.04359777777777778,7.9399999999999995,0.0,True,True,True,False,-2500.0,0.0,106.5989847715736,0.0,2137.309574654297,0.0,-256.0914405741292
2026-05-01T22:00:00Z,2026-05-01T22:15:00Z,2026-05-02,2026-05-02_1,0.0,23,14,77,53.001801887181884,52.58296645861046,0.0011675206349206347,0.38600571428571423,0.0007999999999999999,True,True,True,False,0.0,707.5967092595833,24.517766497461928,12.669350603885874,78.06291223191883,-0.06223622537293112,822.7845023674771
2026-05-01T22:15:00Z,2026-05-01T22:30:00Z,2026-05-02,2026-05-02_2,-2.543019963452801,23,14,77,52.58296645861046,52.36600000000004,0.00342800400588496,0.7504571428571429,0.0,True,True,True,False,-79.94619010104742,707.5967092595833,24.517766497461928,12.669350603885874,154.0922027789586,0.0,818.9298390388424
2026-05-01T22:30:00Z,2026-05-01T22:45:00Z,2026-05-02,2026-05-02_3,-8.999999999999996,23,14,77,52.36600000000004,53.635880258385136,0.0064061891235334695,0.7831828571428572,0.0,True,True,True,False,-242.5049999999999,707.5967092595833,24.517766497461928,12.669350603885874,164.65621034732814,0.0,666.9350367082594
2026-05-01T22:45:00Z,2026-05-01T23:00:00Z,2026-05-02,2026-05-02_4,-8.724274354297556,23,14,77,53.635880258385136,55.108695652173964,0.006062563603661196,0.5259771428571428,0.00504,True,True,True,False,-233.70149926574578,707.5967092595833,24.517766497461928,12.669350603885874,106.68609098380468,-0.3920882198494661,617.3763298591406
2026-05-01T23:00:00Z,2026-05-01T23:15:00Z,2026-05-02,2026-05-02_5,0.0,17,17,83,55.108695652173964,55.18693805714291,0.00025136347826086955,0.005634285714285714,0.09170285714285714,True,True,True,False,0.0,762.7341151759146,18.101989614329888,15.622265009627164,0.8934754008540811,-5.240209127053587,792.1116360736721
2026-05-01T23:15:00Z,2026-05-01T23:30:00Z,2026-05-02,2026-05-02_6,0.0,17,17,83,55.18693805714291,55.21188096397521,7.221890959282263e-05,0.0004857142857142857,0.027685714285714282,True,True,True,False,0.0,762.7341151759146,18.101989614329888,15.622265009627164,0.07557255938141637,-2.0009722520900532,794.532970107163
2026-05-01T23:30:00Z,2026-05-01T23:45:00Z,2026-05-02,2026-05-02_7,0.0,17,17,83,55.21188096397521,55.456378385093224,0.0007090766873706004,0.004954285714285713,0.27161142857142856,True,True,True,False,0.0,762.7341151759146,18.101989614329888,15.622265009627164,0.7932850424678883,-14.195298502162986,783.0563563401765
2026-05-01T23:45:00Z,2026-05-02T00:00:00Z,2026-05-02,2026-05-02_8,1.1516466184978362e-14,17,17,83,55.456378385093224,55.862734390062165,0.0011358060179434163,0.0011657142857142856,0.4430685714285714,True,True,True,False,2.858674818766254e-13,762.7341151759146,18.101989614329888,15.622265009627164,0.18137414251539927,6.155582848363103,802.7953267907504
2026-05-02T00:00:00Z,2026-05-02T00:15:00Z,2026-05-02,2026-05-02_9,0.0,17,17,83,55.862734390062165,56.70497073291931,0.002339545396825397,0.0,0.9154742857142857,True,True,True,False,0.0,762.7341151759146,18.101989614329888,15.622265009627164,0.0,-6.395162182602196,790.0632076172694
2026-05-02T00:15:00Z,2026-05-02T00:30:00Z,2026-05-02,2026-05-02_10,0.0,17,17,83,56.70497073291931,56.7466987428572,0.0005752279089026915,0.07606285714285714,0.13522285714285714,True,True,True,False,0.0,762.7341151759146,18.101989614329888,15.622265009627164,13.179494706308919,-7.135565288856659,802.5022992173239
2026-05-02T00:30:00Z,2026-05-02T00:45:00Z,2026-05-02,2026-05-02_11,0.0,17,17,83,56.7466987428572,56.766040139130496,0.00014289104209799861,0.014765714285714285,0.03846857142857143,True,True,True,False,0.0,762.7341151759146,18.101989614329888,15.622265009627164,2.3871855523048238,-2.0493004125928334,796.7962549395836
2026-05-02T00:45:00Z,2026-05-02T01:00:00Z,2026-05-02,2026-05-02_12,0.0,17,17,83,56.766040139130496,56.74446682236031,0.0005167131815044858,0.09549142857142857,0.08937142857142859,True,True,True,False,0.0,762.7341151759146,18.101989614329888,15.622265009627164,16.46611946799141,0.8517027442285626,813.7761920120915
2026-05-02T01:00:00Z,2026-05-02T01:15:00Z,2026-05-02,2026-05-02_13,-0.8919833313673883,100,57,0,56.74446682236031,52.79637449937895,0.013194503304482052,4.037142857142857,0.2488457142857143,True,True,True,False,-23.135817657341633,0.0,106.48229184899935,52.38053562051461,751.0363981895927,-6.238299790786261,880.5251082109787
2026-05-02T01:15:00Z,2026-05-02T01:30:00Z,2026-05-02,2026-05-02_14,-42.99999999999999,100,57,0,52.79637449937895,49.02167057888205,0.03584638835058661,13.46057142857143,0.0,True,True,True,False,-1051.1349999999998,0.0,106.48229184899935,52.38053562051461,3721.6777041501005,0.0,2829.4055316196145
2026-05-02T01:30:00Z,2026-05-02T01:45:00Z,2026-05-02,2026-05-02_15,-43.0,100,57,0,49.02167057888205,53.324781316770256,0.03089604604554866,5.503428571428572,0.0,True,True,True,False,-1046.405,0.0,106.48229184899935,52.38053562051461,1019.2244391654789,0.0,131.68226663499286
2026-05-02T01:45:00Z,2026-05-02T02:00:00Z,2026-05-02,2026-05-02_16,-43.0,100,57,0,53.324781316770256,55.99724666832305,0.03189535751552795,7.109714285714286,0.0,True,True,True,False,-1053.07,0.0,106.48229184899935,52.38053562051461,1324.9356405191168,0.0,430.72846798863077
2026-05-02T02:00:00Z,2026-05-02T02:15:00Z,2026-05-02,2026-05-02_17,0.0,17,17,83,55.99724666832305,55.96586614658392,0.0003205268461007591,0.06751428571428571,0.045657142857142854,True,True,True,False,0.0,762.7341151759146,18.101989614329888,15.622265009627164,11.74842062241782,-2.5588494522378644,805.6479409700515
2026-05-02T02:15:00Z,2026-05-02T02:30:00Z,2026-05-02,2026-05-02_18,0.0,17,17,83,55.96586614658392,55.937781893167774,0.00012964864044168393,0.03438857142857143,0.010102857142857143,True,True,True,False,0.0,762.7341151759146,18.101989614329888,15.622265009627164,5.720881324964783,-0.6189392613338001,801.5603118635025
2026-05-02T02:30:00Z,2026-05-02T02:45:00Z,2026-05-02,2026-05-02_19,0.0,17,17,83,55.937781893167774,55.82585119006219,0.0003660310006901311,0.11210285714285714,0.010782857142857143,True,True,True,False,0.0,762.7341151759146,18.101989614329888,15.622265009627164,19.454708802813965,-0.7700839455544164,815.1429946571311
2026-05-02T02:45:00Z,2026-05-02T03:00:00Z,2026-05-02,2026-05-02_20,0.0,17,17,83,55.82585119006219,55.801277932919334,0.00016110603174603175,0.037982857142857145,0.018165714285714285,True,True,True,False,0.0,762.7341151759146,18.101989614329888,15.622265009627164,6.504570749529755,-1.30022450495806,801.6627160444433
2026-05-02T03:00:00Z,2026-05-02T03:15:00Z,2026-05-02,2026-05-02_21,0.0,17,17,83,55.801277932919334,55.93253212422368,0.000365768198757764,0.0001942857142857143,0.14289714285714286,True,True,True,False,0.0,762.7341151759146,18.097030165120483,15.384211447575703,0.03022902375256655,-7.759973245091256,788.485612567272
2026-05-02T03:15:00Z,2026-05-02T03:30:00Z,2026-05-02,2026-05-02_22,0.0,17,17,83,55.93253212422368,55.91478572919262,6.568030365769497e-05,0.01904,0.0032057142857142857,True,True,True,False,0.0,762.7341151759146,18.097030165120483,15.384211447575703,3.0765391679794623,-0.24938944595867402,799.0425065106315
2026-05-02T03:30:00Z,2026-05-02T03:45:00Z,2026-05-02,2026-05-02_23,0.0,17,17,83,55.91478572919262,56.079052442236105,0.0004950127812284334,0.006411428571428571,0.18612571428571426,True,True,True,False,0.0,762.7341151759146,18.097030165120483,15.384211447575703,1.0742450384669884,-7.196412081607249,790.0931897454705
2026-05-02T03:45:00Z,2026-05-02T04:00:00Z,2026-05-02,2026-05-02_24,0.0,17,17,83,56.079052442236105,56.18356903354046,0.00030498915113871643,0.002428571428571429,0.11647428571428572,True,True,True,False,0.0,762.7341151759146,18.097030165120483,15.384211447575703,0.3965670053539825,-6.327083813858119,790.2848399801067
2026-05-02T04:00:00Z,2026-05-02T04:15:00Z,2026-05-02,2026-05-02_25,0.0,17,17,83,56.18356903354046,56.54209628819884,0.0014915957211870255,0.08208571428571429,0.4866857142857143,True,True,True,False,0.0,762.7341151759146,18.097030165120483,15.384211447575703,14.342242315632129,1.7813054937360904,812.338904597979
2026-05-02T04:15:00Z,2026-05-02T04:30:00Z,2026-05-02,2026-05-02_26,1.039022992258345e-14,17,17,83,56.54209628819884,55.76072982857151,0.0021704623878537,0.7188571428571429,0.0,True,True,True,False,2.657041546952653e-13,762.7341151759146,18.097030165120483,15.384211447575703,126.32225739680317,0.0,922.5376141854142
2026-05-02T04:30:00Z,2026-05-02T04:45:00Z,2026-05-02,2026-05-02_27,0.0,17,17,83,55.76072982857151,55.14577330683238,0.001708212560386473,0.5657599999999999,0.0,True,True,True,False,0.0,762.7341151759146,18.097030165120483,15.384211447575703,99.30745656883909,0.0,895.5228133574499
2026-05-02T04:45:00Z,2026-05-02T05:00:00Z,2026-05-02,2026-05-02_28,0.0,17,17,83,55.14577330683238,55.108695652174,0.00011639919944789508,0.03633142857142857,0.002622857142857143,True,True,True,False,0.0,762.7341151759146,18.097030165120483,15.384211447575703,5.6528274417299444,-0.16633516541221777,801.7018490649284
2026-05-02T05:00:00Z,2026-05-02T05:15:00Z,2026-05-02,2026-05-02_29,47.0,0,47,53,55.108695652174,42.370527950310645,0.03538379917184265,0.0,0.03088571428571429,True,True,True,False,1159.96,487.04708559425865,0.0,42.53281988447401,0.0,-1.6696618794784384,1687.8702435992543
2026-05-02T05:15:00Z,2026-05-02T05:30:00Z,2026-05-02,2026-05-02_30,13.366418422740876,0,47,53,42.370527950310645,38.80434782608704,0.010155563689286976,0.0,0.06821714285714285,True,True,True,False,256.80231394690907,487.04708559425865,0.0,42.53281988447401,0.0,-3.915563432883509,782.4666559927582
2026-05-02T05:30:00Z,2026-05-02T05:45:00Z,2026-05-02,2026-05-02_31,0.9536917708232631,0,47,53,38.80434782608704,38.804347826087046,0.0014053625629057197,0.0,0.2806571428571428,True,True,True,False,15.418811704785107,487.04708559425865,0.0,42.53281988447401,0.0,-13.866101483944997,531.1326156995727
2026-05-02T05:45:00Z,2026-05-02T06:00:00Z,2026-05-02,2026-05-02_32,0.0,0,47,53,38.804347826087046,39.004240168944186,0.000555256507936508,0.0,0.21727428571428573,True,True,True,False,0.0,487.04708559425865,0.0,42.53281988447401,0.0,-6.644408826430391,522.9354966523023
2026-05-02T06:00:00Z,2026-05-02T06:15:00Z,2026-05-02,2026-05-02_33,-0.6587964445652403,51,50,49,39.004240168944186,37.16951595499875,0.006029679418562888,1.8666,0.041999999999999996,True,True,True,False,-8.605528557133452,450.28881498337125,54.73744092420794,44.72256257657973,267.42293225975845,-1.5527346986405273,807.0134874881434
2026-05-02T06:15:00Z,2026-05-02T06:30:00Z,2026-05-02,2026-05-02_34,-0.7306822991980169,51,50,49,37.16951595499875,36.79158889311389,0.0020014010129047405,0.512622857142857,0.010857142857142857,True,True,True,False,-4.511963197547754,450.28881498337125,54.73744092420794,44.72256257657973,56.203373058938254,-0.753557550448851,600.6866707951006
2026-05-02T06:30:00Z,2026-05-02T06:45:00Z,2026-05-02,2026-05-02_35,-0.3376261545846035,51,50,49,36.79158889311389,36.706951055901044,0.0007631079906866078,0.16640571428571427,0.02,True,True,True,False,-0.7343368862215125,450.28881498337125,54.73744092420794,44.72256257657973,18.244528718961764,-1.5559056343232782,565.7031046825759
2026-05-02T06:45:00Z,2026-05-02T07:00:00Z,2026-05-02,2026-05-02_36,0.0,51,50,49,36.706951055901044,36.63043478260912,0.00037171980676328504,0.09675428571428572,0.031142857142857146,True,True,True,False,0.0,450.28881498337125,54.73744092420794,44.72256257657973,10.60802720612138,-2.182658987161,558.1741867031193
2026-05-02T07:00:00Z,2026-05-02T07:15:00Z,2026-05-02,2026-05-02_37,0.0,100,100,0,36.63043478260912,30.445962732919682,0.017179089026915114,5.689714285714286,0.0,True,True,True,False,0.0,0.0,106.39477215706866,89.44512515315947,707.923863202554,0.0,903.7637605127821
2026-05-02T07:15:00Z,2026-05-02T07:30:00Z,2026-05-02,2026-05-02_38,0.0,100,100,0,30.445962732919682,34.001499627329615,0.010556270531400966,0.11257142857142857,3.9977142857142858,True,True,True,False,0.0,0.0,106.39477215706866,89.44512515315947,9.83032293377121,657.0154831503755,862.6857033943749
2026-05-02T07:30:00Z,2026-05-02T07:45:00Z,2026-05-02,2026-05-02_39,0.0,100,100,0,34.001499627329615,50.80911105590104,0.04668780952380953,0.0,18.269142857142857,True,True,True,False,0.0,0.0,106.39477215706866,89.44512515315947,0.0,3117.7922996007433,3313.6321969109713
2026-05-02T07:45:00Z,2026-05-02T08:00:00Z,2026-05-02,2026-05-02_40,0.0,100,100,0,50.80911105590104,63.19599105590105,0.034408,0.0,13.464,True,True,True,False,0.0,0.0,106.39477215706866,89.44512515315947,0.0,546.984001400315,742.8238987105432
2026-05-02T08:00:00Z,2026-05-02T08:15:00Z,2026-05-02,2026-05-02_41,0.0,100,100,0,63.19599105590105,66.95011677018677,0.010428126984126986,0.0,4.080571428571429,True,True,True,False,0.0,0.0,107.38666199894976,89.24091253865453,0.0,11.357538890694851,207.98511342829914
2026-05-02T08:15:00Z,2026-05-02T08:30:00Z,2026-05-02,2026-05-02_42,0.0,100,100,0,66.95011677018677,59.852759254658814,0.019995262939958593,6.576,0.054857142857142854,True,True,True,False,0.0,0.0,107.38666199894976,89.24091253865453,701.956697590291,-2.860088853325331,895.72418327457
2026-05-02T08:30:00Z,2026-05-02T08:45:00Z,2026-05-02,2026-05-02_43,0.0,100,100,0,59.852759254658814,38.41300770186378,0.05955486542443064,19.72457142857143,0.0,True,True,True,False,0.0,0.0,107.38666199894976,89.24091253865453,5385.126020687988,0.0,5581.753595225592
2026-05-02T08:45:00Z,2026-05-02T09:00:00Z,2026-05-02,2026-05-02_44,0.0,100,100,0,38.41300770186378,28.971492173913475,0.026299447895100064,8.698285714285714,0.014285714285714287,True,True,True,False,0.0,0.0,107.38666199894976,89.24091253865453,1759.3165508906168,-1.0782426045860318,1954.865882823635
2026-05-02T09:00:00Z,2026-05-02T09:15:00Z,2026-05-02,2026-05-02_45,-82.0,100,18,0,28.971492173913475,47.03003647205012,0.051084983298826776,0.8485714285714285,0.0051428571428571435,True,True,True,False,-0.0,0.0,107.38666199894976,16.535970593383507,74.10167287639719,-0.38220599634917857,197.6420994723813
2026-05-02T09:15:00Z,2026-05-02T09:30:00Z,2026-05-02,2026-05-02_46,-82.0,100,18,0,47.03003647205012,61.66800461118056,0.04549145739130435,4.444,0.0,True,True,True,False,-0.0,0.0,107.38666199894976,16.535970593383507,388.79835774160296,0.0,512.7209903339362
2026-05-02T09:30:00Z,2026-05-02T09:45:00Z,2026-05-02,2026-05-02_47,-82.0,100,18,0,61.66800461118056,71.28535417639795,0.03728939406487232,9.728571428571428,0.0,True,True,True,False,-0.0,0.0,107.38666199894976,16.535970593383507,1004.1334300217549,0.0,1128.0560626140882
2026-05-02T09:45:00Z,2026-05-02T10:00:00Z,2026-05-02,2026-05-02_48,-82.0,100,18,0,71.28535417639795,71.55310457639794,0.022015179682539684,19.569714285714284,0.0,True,True,True,False,-0.0,0.0,107.38666199894976,16.535970593383507,6171.457475487539,0.0,6295.380108079873
2026-05-02T10:00:00Z,2026-05-02T10:15:00Z,2026-05-02,2026-05-02_49,-99.99999999999996,100,0,0,71.55310457639794,91.67534457639793,0.05589511111111109,3.128,0.0,True,True,True,False,-0.0,0.0,107.38666199894976,0.0,273.6697341346247,0.0,381.0563961335745
2026-05-02T10:15:00Z,2026-05-02T10:30:00Z,2026-05-02,2026-05-02_50,-100.0,100,0,0,91.67534457639793,114.64800743354078,0.06381295238095239,0.029714285714285714,0.0,True,True,True,False,-0.0,0.0,107.38666199894976,0.0,2.5948060535842785,0.0,109.98146805253404
2026-05-02T10:30:00Z,2026-05-02T10:45:00Z,2026-05-02,2026-05-02_51,-100.0,100,0,0,114.64800743354078,132.28572171925506,0.0489936507936508,5.828571428571428,0.0,True,True,True,False,-0.0,0.0,107.38666199894976,0.0,925.2439132138063,0.0,1032.630575212756
2026-05-02T10:45:00Z,2026-05-02T11:00:00Z,2026-05-02,2026-05-02_52,-100.0,100,0,0,132.28572171925506,142.7979045763979,0.029200507936507938,13.573714285714287,0.0,True,True,True,False,-0.0,0.0,107.38666199894976,0.0,2192.2352429296593,0.0,2299.621904928609
2026-05-02T11:00:00Z,2026-05-02T11:15:00Z,2026-05-02,2026-05-02_53,0.0,47,47,53,142.7979045763979,143.50188166956562,0.006816050931677019,0.8049085714285714,1.7161714285714287,True,True,True,False,0.0,487.04708559425865,50.47173113950639,43.17725654939027,70.4041788102323,41.93450216298667,693.0347542563743
2026-05-02T11:15:00Z,2026-05-02T11:30:00Z,2026-05-02,2026-05-02_54,0.0,47,47,53,143.50188166956562,148.02429149813705,0.012562249523809525,0.0,4.915662857142857,True,True,True,False,0.0,487.04708559425865,50.47173113950639,43.17725654939027,0.0,122.24481142257008,702.9408847057254
2026-05-02T11:30:00Z,2026-05-02T11:45:00Z,2026-05-02,2026-05-02_55,0.0,47,47,53,148.02429149813705,150.3351295801246,0.008185143740510697,0.2924742857142857,2.8573314285714284,True,True,True,False,0.0,487.04708559425865,50.47173113950639,43.17725654939027,25.54037658473156,200.4266536404024,806.6631035082893
2026-05-02T11:45:00Z,2026-05-02T12:00:00Z,2026-05-02,2026-05-02_56,0.0,47,47,53,150.3351295801246,149.7959413763979,0.0023199913595583163,0.6322171428571429,0.16087428571428572,True,True,True,False,0.0,487.04708559425865,50.47173113950639,43.17725654939027,55.26333041378755,0.6471641141479055,636.6065678110907
2026-05-02T12:00:00Z,2026-05-02T12:15:00Z,2026-05-02,2026-05-02_57,0.0,47,47,53,149.7959413763979,147.46294498385132,0.006996680138026226,2.2318285714285717,0.10098285714285714,True,True,True,False,0.0,487.04708559425865,49.936985821809905,42.560242721278954,195.27078439315517,0.5896116759604244,775.404710206463
2026-05-02T12:15:00Z,2026-05-02T12:30:00Z,2026-05-02,2026-05-02_58,6.395850033166661e-14,47,47,53,147.46294498385132,146.1168766608699,0.003739078674948288,1.238382857142857,0.0,True,True,True,False,0.0,487.04708559425865,49.936985821809905,42.560242721278954,108.29593898960599,0.0,687.8402531269535
2026-05-02T12:30:00Z,2026-05-02T12:45:00Z,2026-05-02,2026-05-02_59,0.0,47,47,53,146.1168766608699,147.40170322484508,0.0036322131953071086,0.010474285714285714,1.4089257142857143,True,True,True,False,0.0,487.04708559425865,49.936985821809905,42.560242721278954,0.9146691338884582,-23.06476364293077,557.3942196283052
2026-05-02T12:45:00Z,2026-05-02T13:00:00Z,2026-05-02,2026-05-02_60,0.0,47,47,53,147.40170322484508,152.2354410534165,0.013427049523809523,0.0,5.2540628571428565,True,True,True,False,0.0,487.04708559425865,49.936985821809905,42.560242721278954,0.0,430.27072625674106,1009.8150403940886
2026-05-02T13:00:00Z,2026-05-02T13:15:00Z,2026-05-02,2026-05-02_61,0.0,47,47,53,152.2354410534165,156.74895579627366,0.012537540952380952,0.0,4.905994285714286,True,True,True,False,0.0,487.04708559425865,49.936985821809905,41.94322889316763,0.0,373.73987936619073,952.667179675427
2026-05-02T13:15:00Z,2026-05-02T13:30:00Z,2026-05-02,2026-05-02_62,0.0,47,47,53,156.74895579627366,159.17607876770222,0.006742008253968256,0.0,2.638177142857143,True,True,True,False,0.0,487.04708559425865,49.936985821809905,41.94322889316763,0.0,41.14400854414466,620.0713088533809
2026-05-02T13:30:00Z,2026-05-02T13:45:00Z,2026-05-02,2026-05-02_63,0.0,47,47,53,159.17607876770222,159.2927466633544,0.0007246640993788819,0.06633714285714286,0.20518857142857144,True,True,True,False,0.0,487.04708559425865,49.936985821809905,41.94322889316763,5.76218534837005,-9.15880021893815,575.5306854386681
2026-05-02T13:45:00Z,2026-05-02T14:00:00Z,2026-05-02,2026-05-02_64,-2.1944041901202382e-14,47,47,53,159.2927466633544,158.45828916273328,0.0023220555969634352,0.7683828571428573,0.0008057142857142857,True,True,True,False,-5.4860104753005955e-17,487.04708559425865,49.936985821809905,41.94322889316763,67.16105828033531,-0.06268076983988063,646.0256778197316
2026-05-02T14:00:00Z,2026-05-02T14:15:00Z,2026-05-02,2026-05-02_65,-25.000000000000153,75,50,25,158.45828916273328,166.27476121242276,0.02187805383022784,0.04114285714285714,2.2922857142857143,True,True,True,False,-0.06250000000000039,229.73919131804655,79.68667950288815,44.70797596125795,3.592808381885924,14.62654563943554,372.29070080351414
2026-05-02T14:15:00Z,2026-05-02T14:30:00Z,2026-05-02,2026-05-02_66,-25.000000000000153,75,50,25,166.27476121242276,172.85186382111849,0.018473318150448684,0.05057142857142857,0.9557142857142857,True,True,True,False,-0.06250000000000039,229.73919131804655,79.68667950288815,44.70797596125795,4.416160302734782,-12.715533495036384,345.77197358989105
2026-05-02T14:30:00Z,2026-05-02T14:45:00Z,2026-05-02,2026-05-02_67,-25.000000000000153,75,50,25,172.85186382111849,178.32761760993841,0.016530302967563932,0.32785714285714285,0.06942857142857142,True,True,True,False,-0.06250000000000039,229.73919131804655,79.68667950288815,44.70797596125795,28.636313170463353,-4.059917981545847,378.6477419711102
2026-05-02T14:45:00Z,2026-05-02T15:00:00Z,2026-05-02,2026-05-02_68,-24.86958167774345,75,50,25,178.32761760993841,178.49999999999991,0.02218472296437632,5.377714285714285,0.0,True,True,True,False,-1.2434790838871725,229.73919131804655,79.68667950288815,44.70797596125795,922.0567394330391,0.0,1274.9471071313446
2026-05-02T15:00:00Z,2026-05-02T15:15:00Z,2026-05-02,2026-05-02_69,-5.0,100,95,0,178.49999999999991,182.2055734658384,0.013850022912353347,0.62,3.5046857142857144,True,True,True,False,-6.925,0.0,106.4531186183558,85.97059338351129,90.85543691775094,229.58666700007504,505.9408159196931
2026-05-02T15:15:00Z,2026-05-02T15:30:00Z,2026-05-02,2026-05-02_70,-5.0,100,95,0,182.2055734658384,188.138886658385,0.01659943795721187,0.02057142857142857,5.223371428571428,True,True,True,False,-6.4125,0.0,106.4531186183558,85.97059338351129,2.7722237503438274,704.3459911480082,893.1294269002192
2026-05-02T15:30:00Z,2026-05-02T15:45:00Z,2026-05-02,2026-05-02_71,-4.820781755143577,100,95,0,188.138886658385,189.9663404687478,0.010301593097369662,0.9091428571428571,1.8473428571428572,True,True,True,False,-68.32252942477234,0.0,106.4531186183558,85.97059338351129,122.51688852213971,-39.42485540913372,207.19321569010074
2026-05-02T15:45:00Z,2026-05-02T16:00:00Z,2026-05-02,2026-05-02_72,0.0,100,95,0,189.9663404687478,183.03093674203973,0.01926501035196687,6.380571428571429,0.0,True,True,True,False,0.0,0.0,106.4531186183558,85.97059338351129,1367.0359084127263,0.0,1559.4596204145932
2026-05-02T16:00:00Z,2026-05-02T16:15:00Z,2026-05-02,2026-05-02_73,0.0,0,85,15,183.03093674203973,183.03585217061115,1.3653968253968254e-05,0.0,0.005342857142857142,True,True,True,False,0.0,137.84351479082792,0.0,76.92105723787853,0.0,-0.41564907659779,214.34892295210867
2026-05-02T16:15:00Z,2026-05-02T16:30:00Z,2026-05-02,2026-05-02_74,0.8480499025344171,0,85,15,183.03585217061115,182.87031542857108,0.0008162011133812113,0.0,0.07042857142857142,True,True,True,False,23.463420678370987,137.84351479082792,0.0,76.92105723787853,0.0,-4.592917573120618,233.63507513395683
2026-05-02T16:30:00Z,2026-05-02T16:45:00Z,2026-05-02,2026-05-02_75,-4.1923449567308627e-13,0,85,15,182.87031542857108,183.09999999999974,0.0006380126984129663,0.0,0.24965714285714288,True,True,True,False,-1.464910136505682e-11,137.84351479082792,0.0,76.92105723787853,0.0,-14.20686408886444,200.55770793982737
2026-05-02T16:45:00Z,2026-05-02T17:00:00Z,2026-05-02,2026-05-02_76,85.0,0,85,15,183.09999999999974,160.00428571428546,0.0641547619047619,0.0,0.0019428571428571429,True,True,True,False,3924.8749999999995,137.84351479082792,0.0,76.92105723787853,0.0,-0.15114511876283274,4139.488426909943
2026-05-02T17:00:00Z,2026-05-02T17:15:00Z,2026-05-02,2026-05-02_77,0.0,0,35,65,160.00428571428546,160.00538971428546,3.0666666666666664e-06,0.0,0.0012,True,True,True,False,0.0,597.321897426921,0.0,31.673376509714686,0.0,-0.09335433805939669,628.9019195985763
2026-05-02T17:15:00Z,2026-05-02T17:30:00Z,2026-05-02,2026-05-02_78,1.26430697744369e-13,0,35,65,160.00538971428546,160.03538171428542,8.331111111120588e-05,0.0,0.0326,True,True,True,False,4.296431186098019e-12,597.321897426921,0.0,31.673376509714686,0.0,-2.2104749012972356,626.7847990353428
2026-05-02T17:30:00Z,2026-05-02T17:45:00Z,2026-05-02,2026-05-02_79,0.0,0,35,65,160.03538171428542,160.05414971428542,5.213333333333333e-05,0.0,0.020399999999999998,True,True,True,False,0.0,597.321897426921,0.0,31.673376509714686,0.0,-1.3222883482116805,627.672985588424
2026-05-02T17:45:00Z,2026-05-02T18:00:00Z,2026-05-02,2026-05-02_80,35.0,0,35,65,160.05414971428542,150.56936710558978,0.026346618357487923,0.0,0.024,True,True,True,False,2230.6375000000003,597.321897426921,0.0,31.673376509714686,0.0,-1.8263235894742984,2857.806450347162
2026-05-02T18:00:00Z,2026-05-02T18:15:00Z,2026-05-02,2026-05-02_81,91.0,0,91,9,150.56936710558978,125.84110623602456,0.06868961352657005,0.0,0.0,True,True,True,False,4432.8375,82.70610887449675,0.0,82.35077892525818,0.0,0.0,4597.894387799754
2026-05-02T18:15:00Z,2026-05-02T18:30:00Z,2026-05-02,2026-05-02_82,91.0,0,91,9,125.84110623602456,101.13658449689413,0.06862367149758454,0.0,0.021840000000000002,True,True,True,False,4952.675,82.70610887449675,0.0,82.35077892525818,0.0,-1.7010708209347105,5116.03081697882
2026-05-02T18:30:00Z,2026-05-02T18:45:00Z,2026-05-02,2026-05-02_83,91.0,0,91,9,101.13658449689413,76.47841058385065,0.0684949275362319,0.0,0.06448,True,True,True,False,4934.2474999999995,82.70610887449675,0.0,82.35077892525818,0.0,-5.218507092984811,5094.08588070677
2026-05-02T18:45:00Z,2026-05-02T19:00:00Z,2026-05-02,2026-05-02_84,91.0,0,91,9,76.47841058385065,51.838888844720216,0.06844311594202898,0.0,0.08163999999999999,True,True,True,False,4385.0625,82.70610887449675,0.0,82.35077892525818,0.0,-6.245824400490109,4543.873563399265
2026-05-02T19:00:00Z,2026-05-02T19:15:00Z,2026-05-02,2026-05-02_85,46.0,0,46,54,51.838888844720216,39.3606031304345,0.03466190476190477,0.0,0.019977142857142857,True,True,True,False,3094.305,496.23665324698055,0.0,41.627866269910726,0.0,-1.3760166793084,3630.7935028375828
2026-05-02T19:15:00Z,2026-05-02T19:30:00Z,2026-05-02,2026-05-02_86,1.4846166401866432,0,46,54,39.3606031304345,39.347826086956374,0.0021235035087659422,0.0,0.42214857142857143,True,True,True,False,62.38359122064275,496.23665324698055,0.0,41.627866269910726,0.0,-21.978376321338967,578.2697344161951
2026-05-02T19:30:00Z,2026-05-02T19:45:00Z,2026-05-02,2026-05-02_87,0.0,0,46,54,39.347826086956374,39.505014658384944,0.00043663492063492065,0.0,0.17085714285714285,True,True,True,False,0.0,496.23665324698055,0.0,41.627866269910726,0.0,-9.097028831487084,528.7674906854041
2026-05-02T19:45:00Z,2026-05-02T20:00:00Z,2026-05-02,2026-05-02_88,0.0,0,46,54,39.505014658384944,39.505014658384944,0.0,0.0,0.0,True,True,True,False,0.0,496.23665324698055,0.0,41.627866269910726,0.0,0.0,537.8645195168913
2026-05-02T20:00:00Z,2026-05-02T20:15:00Z,2026-05-02,2026-05-02_89,0.0,100,99,0,39.505014658384944,30.229859378881837,0.025764320220841963,8.533142857142858,0.0,True,True,True,False,0.0,0.0,106.4531186183558,89.59040784176439,1980.9315161466889,0.0,2176.975042606809
2026-05-02T20:15:00Z,2026-05-02T20:30:00Z,2026-05-02,2026-05-02_90,-0.7815812789831931,100,99,0,30.229859378881837,24.80579959254644,0.01585932241224794,5.161714285714285,0.0,True,True,True,False,-27.95716234922882,0.0,106.4531186183558,89.59040784176439,1112.7024473839945,0.0,1280.7888114948857
2026-05-02T20:30:00Z,2026-05-02T20:45:00Z,2026-05-02,2026-05-02_91,-0.9999999999999705,100,99,0,24.80579959254644,16.84777462857128,0.022997791249137325,7.5445714285714285,0.0,True,True,True,False,-31.989999999999053,0.0,106.4531186183558,89.59040784176439,1706.262854142182,0.0,1870.3163806023033
2026-05-02T20:45:00Z,2026-05-02T21:00:00Z,2026-05-02,2026-05-02_92,0.0,100,99,0,16.84777462857128,9.99999999999985,0.019073641904761903,6.308571428571429,0.010182857142857141,True,True,True,False,0.0,0.0,106.4531186183558,89.59040784176439,1430.6483492119062,-0.7426671000975217,1625.949208571929
2026-05-02T21:00:00Z,2026-05-02T21:15:00Z,2026-05-03,2026-05-02_93,-100.00000000000898,100,0,0,9.99999999999985,31.36029714285906,0.059334158730164475,1.7822857142857145,0.0,True,True,True,False,-3449.5000000003097,0.0,106.5989847715736,0.0,317.84528530030366,0.0,-3025.0557299284324
2026-05-02T21:15:00Z,2026-05-02T21:30:00Z,2026-05-03,2026-05-02_94,-2.6216951315197305e-14,100,0,0,31.36029714285906,31.114955527952237,0.0006815044858523283,0.22571428571428573,0.0,True,True,True,False,-8.629309525397193e-13,0.0,106.5989847715736,0.0,37.638582569967134,0.0,144.23756734153986
2026-05-02T21:30:00Z,2026-05-02T21:45:00Z,2026-05-03,2026-05-02_95,-99.99999999999997,100,0,0,31.114955527952237,44.245195527952234,0.03647288888888889,10.728,0.0,True,True,True,False,-2966.249999999999,0.0,106.5989847715736,0.0,2275.0174409242077,0.0,-584.6335743042179
2026-05-02T21:45:00Z,2026-05-02T22:00:00Z,2026-05-03,2026-05-02_96,-100.0,100,0,0,44.245195527952234,58.295435527952236,0.03902844444444445,9.728,0.0,True,True,True,False,-2877.75,0.0,106.5989847715736,0.0,2060.598404418772,0.0,-710.5526108096543
2026-05-02T22:00:00Z,2026-05-02T22:15:00Z,2026-05-03,2026-05-03_1,0.0,17,15,83,58.295435527952236,56.92403180124416,0.0038094547964113174,1.2616914285714285,0.0,True,True,True,False,0.0,762.7341151759146,18.121827411167512,13.574304218449152,275.5508854514487,0.0,1069.98113225698
2026-05-02T22:15:00Z,2026-05-02T22:30:00Z,2026-05-03,2026-05-03_2,-1.6150862499369196,17,15,83,56.92403180124416,57.05169899130431,0.0016037926450566285,0.22857714285714287,0.0011142857142857144,True,True,True,False,-49.00171682308614,762.7341151759146,18.121827411167512,13.574304218449152,41.09240617805673,-0.08668617105515408,786.4342499894467
2026-05-02T22:30:00Z,2026-05-02T22:45:00Z,2026-05-03,2026-05-03_3,-2.0,17,15,83,57.05169899130431,56.87157516521736,0.002698413802622498,0.6003428571428572,0.0006857142857142857,True,True,True,False,-60.27,762.7341151759146,18.121827411167512,13.574304218449152,111.43092942578747,-0.05334533603394097,845.5378308952847
2026-05-02T22:45:00Z,2026-05-02T23:00:00Z,2026-05-03,2026-05-03_4,-2.0,17,15,83,56.87157516521736,56.684384904347795,0.0027176046928916496,0.6076285714285715,0.0014571428571428574,True,True,True,False,-58.875,762.7341151759146,18.121827411167512,13.574304218449152,115.1158160586132,-0.10665734790327824,850.5644055162411
2026-05-02T23:00:00Z,2026-05-02T23:15:00Z,2026-05-03,2026-05-03_5,-4.0,17,13,83,56.684384904347795,55.83443478260867,0.005440373195307108,1.6894114285714283,0.0,True,True,True,False,-119.21,762.7341151759146,18.101989614329888,11.94643794853842,342.93537289556815,0.0,1016.507915634351
2026-05-02T23:15:00Z,2026-05-02T23:30:00Z,2026-05-03,2026-05-03_6,-3.999999999999896,17,13,83,55.83443478260867,55.83969085217386,0.004046484251207693,0.8731199999999999,0.0,True,True,True,False,-119.03999999999691,762.7341151759146,18.101989614329888,11.94643794853842,160.01239614913354,0.0,833.7549388879195
2026-05-02T23:30:00Z,2026-05-02T23:45:00Z,2026-05-03,2026-05-03_7,-1.1060893547389834,17,13,83,55.83969085217386,55.458937888198726,0.0022746993609595472,0.59024,0.0,True,True,True,False,-32.73471445350021,762.7341151759146,18.101989614329888,11.94643794853842,112.36520229496081,0.0,872.4130305802435
2026-05-02T23:45:00Z,2026-05-03T00:00:00Z,2026-05-03,2026-05-03_8,0.0,17,13,83,55.458937888198726,55.10869565217388,0.0009728951000690131,0.32222285714285714,0.0,True,True,True,False,0.0,762.7341151759146,18.101989614329888,11.94643794853842,57.12670277590235,0.0,849.9092455146853
2026-05-03T00:00:00Z,2026-05-03T00:15:00Z,2026-05-03,2026-05-03_9,-5.000000000000014,100,95,0,55.10869565217388,43.46516382608692,0.03570085189786059,11.861142857142857,0.0,True,True,True,False,-142.4000000000004,0.0,106.48229184899935,87.30089270085769,2604.6785510073096,0.0,2656.0617355571662
2026-05-03T00:15:00Z,2026-05-03T00:30:00Z,2026-05-03,2026-05-03_10,-5.000000000000014,100,95,0,43.46516382608692,27.343865043478228,0.047078172808833675,16.01257142857143,0.0,True,True,True,False,-141.16250000000042,0.0,106.48229184899935,87.30089270085769,4040.576217426699,0.0,4093.1969019765556
2026-05-03T00:30:00Z,2026-05-03T00:45:00Z,2026-05-03,2026-05-03_11,-5.000000000000014,100,95,0,27.343865043478228,16.777092869565188,0.03296497032436163,10.862857142857143,0.0,True,True,True,False,-136.86250000000038,0.0,106.48229184899935,87.30089270085769,2520.5791992087106,0.0,2577.499883758567
2026-05-03T00:45:00Z,2026-05-03T01:00:00Z,2026-05-03,2026-05-03_12,-5.000000000000014,100,95,0,16.777092869565188,10.985783652173888,0.02083124941338855,6.435428571428571,0.0,True,True,True,False,-135.2500000000004,0.0,106.48229184899935,87.30089270085769,1225.1583099530726,0.0,1283.6914945029293
2026-05-03T01:00:00Z,2026-05-03T01:15:00Z,2026-05-03,2026-05-03_13,-100.0,100,0,0,10.985783652173888,18.92617222360246,0.022056634920634925,16.369142857142858,0.0,True,True,True,False,-2768.0,0.0,106.48229184899935,0.0,5229.26574101395,0.0,2567.7480328629495
2026-05-03T01:15:00Z,2026-05-03T01:30:00Z,2026-05-03,2026-05-03_14,-100.0,100,0,0,18.92617222360246,33.17092650931674,0.0395687619047619,9.516571428571428,0.0,True,True,True,False,-2782.5,0.0,106.48229184899935,0.0,1862.3399273725474,0.0,-813.6777807784532
2026-05-03T01:30:00Z,2026-05-03T01:45:00Z,2026-05-03,2026-05-03_15,-100.0,100,0,0,33.17092650931674,45.03261793788817,0.03294914285714286,12.106857142857145,0.0,True,True,True,False,-2745.25,0.0,106.48229184899935,0.0,2391.6087675282497,0.0,-247.15894062275095
2026-05-03T01:45:00Z,2026-05-03T02:00:00Z,2026-05-03,2026-05-03_16,-60.96497542168264,100,0,0,45.03261793788817,56.211638757763936,0.037855005180141545,2.8857142857142857,0.0,True,True,True,False,-1650.0170597878407,0.0,106.48229184899935,0.0,540.6394160908427,0.0,-1002.8953518479987
2026-05-03T02:00:00Z,2026-05-03T02:15:00Z,2026-05-03,2026-05-03_17,0.0,17,17,83,56.211638757763936,55.85178782608692,0.0009995859213250517,0.33106285714285716,0.0,True,True,True,False,0.0,762.7341151759146,18.101989614329888,15.622265009627164,57.84183281238278,0.0,854.3002026122543
2026-05-03T02:15:00Z,2026-05-03T02:30:00Z,2026-05-03,2026-05-03_18,0.0,17,17,83,55.85178782608692,55.11282853167698,0.002063587881297446,0.6816514285714286,0.002137142857142857,True,True,True,False,0.0,762.7341151759146,18.101989614329888,15.622265009627164,127.82174015820226,-0.1536010380113303,924.1265089200625
2026-05-03T02:30:00Z,2026-05-03T02:45:00Z,2026-05-03,2026-05-03_19,0.0,17,17,83,55.11282853167698,55.10869565217388,3.7795141476880605e-05,0.00816,0.005148571428571429,True,True,True,False,0.0,762.7341151759146,18.101989614329888,15.622265009627164,1.2696189976077952,-0.4005345647215068,797.3274542327579
2026-05-03T02:45:00Z,2026-05-03T03:00:00Z,2026-05-03,2026-05-03_20,-1.0658141036401503e-14,17,17,83,55.10869565217388,55.11764614161487,0.00012458641821946846,0.016514285714285717,0.02924,True,True,True,False,-2.9120705846708006e-13,762.7341151759146,18.101989614329888,15.622265009627164,2.7022667100097526,-1.8671358188925842,797.2935006909885
2026-05-03T03:00:00Z,2026-05-03T03:15:00Z,2026-05-03,2026-05-03_21,0.0,17,17,83,55.11764614161487,55.12874222111798,0.0001434518426501035,0.01865142857142857,0.034097142857142854,True,True,True,False,0.0,762.7341151759146,18.097030165120483,15.384211447575703,3.0441400781842574,-2.0905646170388335,797.1689322497562
2026-05-03T03:15:00Z,2026-05-03T03:30:00Z,2026-05-03,2026-05-03_22,0.0,17,17,83,55.12874222111798,55.241952337888165,0.00033148427881297444,0.002817142857142857,0.12638285714285713,True,True,True,False,0.0,762.7341151759146,18.097030165120483,15.384211447575703,0.46076615905245344,-6.762713084888543,789.9134098627746
2026-05-03T03:30:00Z,2026-05-03T03:45:00Z,2026-05-03,2026-05-03_23,-1.0658141036401503e-14,17,17,83,55.241952337888165,55.25530179378879,4.881405106971004e-05,0.0019428571428571429,0.016805714285714285,True,True,True,False,-2.787636788070813e-13,762.7341151759146,18.097030165120483,15.384211447575703,0.3022902375256655,-1.1453785412828996,795.3722684848532
2026-05-03T03:45:00Z,2026-05-03T04:00:00Z,2026-05-03,2026-05-03_24,0.0,17,17,83,55.25530179378879,55.311956014906805,0.00017379795721187026,0.00272,0.06479428571428572,True,True,True,False,0.0,762.7341151759146,18.097030165120483,15.384211447575703,0.4232063325359317,-3.8247997421642097,792.8137633789825
2026-05-03T04:00:00Z,2026-05-03T04:15:00Z,2026-05-03,2026-05-03_25,13.0,29,42,58,55.311956014906805,50.340473242235994,0.013814756273291926,1.3250514285714288,0.0014399999999999999,True,True,True,False,356.005,532.994923857868,30.87140439932318,38.00805181165762,239.10765250181294,-0.11202520567127602,1196.8750073649906
2026-05-03T04:15:00Z,2026-05-03T04:30:00Z,2026-05-03,2026-05-03_26,12.999999999999972,29,42,58,50.340473242235994,45.047888894409915,0.014765146997929586,1.6352685714285715,0.018,True,True,True,False,338.1624999999992,532.994923857868,30.87140439932318,38.00805181165762,296.0024712271372,-1.2381130754419742,1234.8012382205434
2026-05-03T04:30:00Z,2026-05-03T04:45:00Z,2026-05-03,2026-05-03_27,12.843080064931797,29,42,58,45.047888894409915,41.60804164968938,0.009865953258007699,0.03214857142857143,0.0876,True,True,True,False,281.6808535241167,532.994923857868,30.87140439932318,38.00805181165762,5.391283603255177,-5.400458136414026,883.5460590598067
2026-05-03T04:45:00Z,2026-05-03T05:00:00Z,2026-05-03,2026-05-03_28,0.0,29,42,58,41.60804164968938,41.521739130434725,0.0003476758868184955,0.09727428571428572,0.021119999999999996,True,True,True,False,0.0,532.994923857868,30.87140439932318,38.00805181165762,16.60269267585207,-1.4289281755061551,617.0481445691947
2026-05-03T05:00:00Z,2026-05-03T05:15:00Z,2026-05-03,2026-05-03_29,0.0,100,100,0,41.521739130434725,20.852173913043423,0.05741545893719806,19.016,0.0,True,True,True,False,0.0,0.0,106.4531186183558,90.49536145632767,19047.336438920975,0.0,19244.284918995658
2026-05-03T05:15:00Z,2026-05-03T05:30:00Z,2026-05-03,2026-05-03_30,0.0,100,100,0,20.852173913043423,10.895031055900567,0.027658730158730153,9.160571428571428,0.0,True,True,True,False,0.0,0.0,106.4531186183558,90.49536145632767,4816.792615894131,0.0,5013.741095968814
2026-05-03T05:30:00Z,2026-05-03T05:45:00Z,2026-05-03,2026-05-03_31,0.0,100,100,0,10.895031055900567,10.681190559006156,0.001797302967563837,0.396,0.2354285714285714,True,True,True,False,0.0,0.0,106.4531186183558,90.49536145632767,59.42888149833713,-13.27923004898324,243.09813152403737
2026-05-03T05:45:00Z,2026-05-03T06:00:00Z,2026-05-03,2026-05-03_32,0.0,100,100,0,10.681190559006156,21.221761987577587,0.02927936507936508,0.0,11.457142857142857,True,True,True,False,0.0,0.0,106.4531186183558,90.49536145632767,0.0,2175.751916403413,2372.7003964780965
2026-05-03T06:00:00Z,2026-05-03T06:15:00Z,2026-05-03,2026-05-03_33,55.00000000000009,45,100,0,21.221761987577587,10.210089639751478,0.0395303787439614,0.0,3.8880000000000003,True,True,True,False,779.2125000000013,0.0,48.297741991948186,89.44512515315947,0.0,275.0432767372659,1191.9986438823748
2026-05-03T06:15:00Z,2026-05-03T06:30:00Z,2026-05-03,2026-05-03_34,54.213173765639596,45,100,0,10.210089639751478,13.002266772670703,0.032827302070638345,0.0,17.341714285714286,True,True,True,False,447.5297494353549,0.0,48.297741991948186,89.44512515315947,0.0,13226.412194743816,13811.68481132428
2026-05-03T06:30:00Z,2026-05-03T06:45:00Z,2026-05-03,2026-05-03_35,0.0,45,100,0,13.002266772670703,26.034198201242134,0.03619980952380952,0.0,14.165142857142857,True,True,True,False,0.0,0.0,48.297741991948186,89.44512515315947,0.0,3899.432384953281,4037.1752520983887
2026-05-03T06:45:00Z,2026-05-03T07:00:00Z,2026-05-03,2026-05-03_36,0.0,45,100,0,26.034198201242134,38.818518201242135,0.035512,0.0,13.896,True,True,True,False,0.0,0.0,48.297741991948186,89.44512515315947,0.0,3017.9646140381583,3155.707481183266
2026-05-03T07:00:00Z,2026-05-03T07:15:00Z,2026-05-03,2026-05-03_37,0.0,47,47,53,38.818518201242135,40.21529374409928,0.0038799320634920636,0.0,1.5182342857142856,True,True,True,False,0.0,487.04708559425865,50.00554291382227,42.03920882198495,0.0,6.884717234711142,585.976554564777
2026-05-03T07:15:00Z,2026-05-03T07:30:00Z,2026-05-03,2026-05-03_38,0.0,47,47,53,40.21529374409928,40.72256071552785,0.0014090749206349207,0.0,0.5513771428571429,True,True,True,False,0.0,487.04708559425865,50.00554291382227,42.03920882198495,0.0,-9.476905230343494,569.6149320997224
2026-05-03T07:30:00Z,2026-05-03T07:45:00Z,2026-05-03,2026-05-03_39,1.4210854715202004e-14,47,47,53,40.72256071552785,42.23447820124213,0.0041997707936508024,0.0,1.6433885714285714,True,True,True,False,1.5738521597086218e-14,487.04708559425865,50.00554291382227,42.03920882198495,0.0,34.03182634759487,613.1236636776607
2026-05-03T07:45:00Z,2026-05-03T08:00:00Z,2026-05-03,2026-05-03_40,0.0,47,47,53,42.23447820124213,47.11046768695642,0.01354441523809524,0.0,5.299988571428572,True,True,True,False,0.0,487.04708559425865,50.00554291382227,42.03920882198495,0.0,486.3152086086036,1065.4070459386694
2026-05-03T08:00:00Z,2026-05-03T08:15:00Z,2026-05-03,2026-05-03_41,0.0,47,47,53,47.11046768695642,46.707837078260766,0.002443072325741891,0.5897828571428572,0.25917142857142855,True,True,True,False,0.0,487.04708559425865,50.89678510998307,41.94322889316763,51.59478750718912,-3.0200626529858106,628.4618244516126
2026-05-03T08:15:00Z,2026-05-03T08:30:00Z,2026-05-03,2026-05-03_42,0.0,47,47,53,46.707837078260766,44.19669422111791,0.006975396825396826,2.3102514285714286,0.0,True,True,True,False,0.0,487.04708559425865,50.89678510998307,41.94322889316763,223.11986568533476,0.0,803.0069652827441
2026-05-03T08:30:00Z,2026-05-03T08:45:00Z,2026-05-03,2026-05-03_43,0.0,47,47,53,44.19669422111791,43.15437224347816,0.0030696715251897857,0.9878057142857142,0.034108571428571426,True,True,True,False,0.0,487.04708559425865,50.89678510998307,41.94322889316763,86.3971222325023,-1.8290279457322338,664.4551938841794
2026-05-03T08:45:00Z,2026-05-03T09:00:00Z,2026-05-03,2026-05-03_44,0.0,47,47,53,43.15437224347816,42.58007451428561,0.0017764676604554866,0.5583600000000001,0.03545142857142857,True,True,True,False,0.0,487.04708559425865,50.89678510998307,41.94322889316763,48.80939716436198,-2.257812727863769,626.4386840339075
2026-05-03T09:00:00Z,2026-05-03T09:15:00Z,2026-05-03,2026-05-03_45,-50.00000000000003,100,50,0,42.58007451428561,32.30402283726699,0.03697646100759142,21.70057142857143,0.0,True,True,True,False,-0.12500000000000008,0.0,108.29103214890016,45.93325164828752,11405.607122935995,0.0,11559.706406733183
2026-05-03T09:15:00Z,2026-05-03T09:30:00Z,2026-05-03,2026-05-03_46,-50.0,100,50,0,32.30402283726699,41.56027277515519,0.03252857556935818,2.257714285714286,0.023714285714285716,True,True,True,False,4.625,0.0,108.29103214890016,45.93325164828752,197.41135455477485,-1.4536063392040988,354.80703201275844
2026-05-03T09:30:00Z,2026-05-03T09:45:00Z,2026-05-03,2026-05-03_47,-50.0,100,50,0,41.56027277515519,53.28977240248438,0.0326095486542443,0.009142857142857144,0.25942857142857145,True,True,True,False,12.375,0.0,108.29103214890016,45.93325164828752,0.7966236847735185,-12.847408222405598,154.5484992595556
2026-05-03T09:45:00Z,2026-05-03T10:00:00Z,2026-05-03,2026-05-03_48,-50.000000000000014,100,50,0,53.28977240248438,61.15605712298128,0.03322070117322292,3.7657142857142856,0.15771428571428572,True,True,True,False,29.62500000000001,0.0,108.29103214890016,45.93325164828752,329.3947193674132,1.4309833045768632,514.6749864691777
2026-05-03T10:00:00Z,2026-05-03T10:15:00Z,2026-05-03,2026-05-03_49,0.0,100,100,0,61.15605712298128,62.920402961490595,0.004918213940648722,0.002857142857142857,1.921142857142857,True,True,True,False,0.0,0.0,108.29103214890016,91.86650329657505,0.24894490149172452,-51.10530691627838,149.30117343068855
2026-05-03T10:15:00Z,2026-05-03T10:30:00Z,2026-05-03,2026-05-03_50,0.0,100,100,0,62.920402961490595,70.99580470062104,0.022435122153209114,0.0005714285714285715,8.778285714285715,True,True,True,False,0.0,0.0,108.29103214890016,91.86650329657505,0.04978898029834491,1622.553015984152,1822.7603404099254
2026-05-03T10:30:00Z,2026-05-03T10:45:00Z,2026-05-03,2026-05-03_51,0.0,100,100,0,70.99580470062104,81.71669612919247,0.02978025396825397,0.0,11.653142857142857,True,True,True,False,0.0,0.0,108.29103214890016,91.86650329657505,0.0,1431.9266447172836,1632.0841801627587
2026-05-03T10:45:00Z,2026-05-03T11:00:00Z,2026-05-03,2026-05-03_52,0.0,100,100,0,81.71669612919247,87.85125612919248,0.017040444444444445,0.0,6.668,True,True,True,False,0.0,0.0,108.29103214890016,91.86650329657505,0.0,362.6101896259991,562.7677250714743
2026-05-03T11:00:00Z,2026-05-03T11:15:00Z,2026-05-03,2026-05-03_53,0.0,100,100,0,87.85125612919248,97.64373612919248,0.027201333333333338,0.0,10.644,True,True,True,False,0.0,0.0,108.29103214890016,91.86650329657505,0.0,2940.2815683528793,3140.4391037983546
2026-05-03T11:15:00Z,2026-05-03T11:30:00Z,2026-05-03,2026-05-03_54,0.0,100,100,0,97.64373612919248,112.65182755776391,0.04168914285714286,0.0,16.313142857142857,True,True,True,False,0.0,0.0,108.29103214890016,91.86650329657505,0.0,4993.972179740442,5194.129715185917
2026-05-03T11:30:00Z,2026-05-03T11:45:00Z,2026-05-03,2026-05-03_55,0.0,100,100,0,112.65182755776391,117.71077612919248,0.01405263492063492,0.0,5.498857142857142,True,True,True,False,0.0,0.0,108.29103214890016,91.86650329657505,0.0,344.41516396744817,544.5726994129234
2026-05-03T11:45:00Z,2026-05-03T12:00:00Z,2026-05-03,2026-05-03_56,0.0,100,100,0,117.71077612919248,131.3020675577639,0.0377535873015873,0.0,14.773142857142856,True,True,True,False,0.0,0.0,108.29103214890016,91.86650329657505,0.0,3761.515642797407,3961.6731782428824
2026-05-03T12:00:00Z,2026-05-03T12:15:00Z,2026-05-03,2026-05-03_57,0.0,100,100,0,131.3020675577639,137.91818184347818,0.018378095238095242,0.0,7.191428571428572,True,True,True,False,0.0,0.0,106.24890600385088,90.55370791761479,0.0,1996.2162036458205,2193.018817567286
2026-05-03T12:15:00Z,2026-05-03T12:30:00Z,2026-05-03,2026-05-03_58,0.0,100,100,0,137.91818184347818,145.01953041490674,0.019725968253968256,0.0,7.718857142857143,True,True,True,False,0.0,0.0,106.24890600385088,90.55370791761479,0.0,1003.3913795048329,1200.1939934262987
2026-05-03T12:30:00Z,2026-05-03T12:45:00Z,2026-05-03,2026-05-03_59,0.0,100,100,0,145.01953041490674,155.72097041490673,0.029726222222222227,0.0,11.632000000000001,True,True,True,False,0.0,0.0,106.24890600385088,90.55370791761479,0.0,1368.1880685376432,1564.990682459109
2026-05-03T12:45:00Z,2026-05-03T13:00:00Z,2026-05-03,2026-05-03_60,0.0,100,100,0,155.72097041490673,160.79253612919246,0.01408768253968254,0.0,5.5125714285714285,True,True,True,False,0.0,0.0,106.24890600385088,90.55370791761479,0.0,102.667180115526,299.46979403699163
2026-05-03T13:00:00Z,2026-05-03T13:15:00Z,2026-05-03,2026-05-03_61,0.0,100,100,0,160.79253612919246,176.02510755776387,0.04231269841269843,0.0,16.55714285714286,True,True,True,False,0.0,0.0,106.24890600385088,89.24091253865453,0.0,2117.959882640261,2313.4497011827666
2026-05-03T13:15:00Z,2026-05-03T13:30:00Z,2026-05-03,2026-05-03_62,0.0,100,100,0,176.02510755776387,181.95253612919245,0.016465079365079367,0.0,6.442857142857143,True,True,True,False,0.0,0.0,106.24890600385088,89.24091253865453,0.0,1224.822015509045,1420.3118340515505
2026-05-03T13:30:00Z,2026-05-03T13:45:00Z,2026-05-03,2026-05-03_63,0.0,100,100,0,181.95253612919245,182.10040594285704,0.000424552104899931,0.002285714285714286,0.16342857142857142,True,True,True,False,0.0,0.0,106.24890600385088,89.24091253865453,0.19960046566032916,-10.504029184344253,185.18538982382148
2026-05-03T13:45:00Z,2026-05-03T14:00:00Z,2026-05-03,2026-05-03_64,0.0,100,100,0,182.10040594285704,182.08065935900612,0.0006973913043478261,0.12457142857142858,0.1257142857142857,True,True,True,False,0.0,0.0,106.24890600385088,89.24091253865453,10.878225378487938,-7.897894804108701,198.47014911688464
2026-05-03T14:00:00Z,2026-05-03T14:15:00Z,2026-05-03,2026-05-03_65,-3.0,100,97,0,182.08065935900612,186.74215284472038,0.013025577142857143,0.013142857142857144,4.332297142857143,True,True,True,False,-0.0,0.0,106.24890600385088,86.7334733648404,1.1477026775468926,721.7310283080359,915.861110354274
2026-05-03T14:15:00Z,2026-05-03T14:30:00Z,2026-05-03,2026-05-03_66,-3.0,100,97,0,186.74215284472038,189.4691263105589,0.007598356245686682,0.004,2.2188057142857143,True,True,True,False,-0.0075,0.0,106.24890600385088,86.7334733648404,0.34930081490557596,60.258201048569255,253.5823812321661
2026-05-03T14:30:00Z,2026-05-03T14:45:00Z,2026-05-03,2026-05-03_67,-3.0,100,97,0,189.4691263105589,189.9999999999999,0.004564055624568668,0.5274285714285715,0.4473085714285715,True,True,True,False,-0.5025000000000001,0.0,106.24890600385088,86.7334733648404,46.05780745112095,-12.422106230568545,226.11558058924368
2026-05-03T14:45:00Z,2026-05-03T15:00:00Z,2026-05-03,2026-05-03_68,-3.0,100,97,0,189.9999999999999,179.9842808248446,0.030137564057971012,9.894857142857143,0.0,True,True,True,False,-22.515,0.0,106.24890600385088,86.7334733648404,2007.8687144607536,0.0,2178.336093829445
2026-05-03T15:00:00Z,2026-05-03T15:15:00Z,2026-05-03,2026-05-03_69,-18.0,98,80,2,179.9842808248446,185.95008761242227,0.022689007812284338,1.24096,3.4093714285714287,True,True,True,False,-76.95,18.379135305443725,104.32405624598867,72.39628916506214,192.58182543516736,512.5714133680078,823.3027195196697
2026-05-03T15:15:00Z,2026-05-03T15:30:00Z,2026-05-03,2026-05-03_70,-18.0,98,80,2,185.95008761242227,189.07181654658376,0.01718216629399586,1.7264800000000002,0.8754285714285714,True,True,True,False,-247.635,18.379135305443725,104.32405624598867,72.39628916506214,267.6300871696132,-24.425235233483086,190.66933265262466
2026-05-03T15:30:00Z,2026-05-03T15:45:00Z,2026-05-03,2026-05-03_71,-0.06145854757325634,98,80,2,189.07181654658376,181.99837393291818,0.019706079531174283,6.521199999999999,0.0,True,True,True,False,-1.2422308928244437,18.379135305443725,104.32405624598867,72.39628916506214,1549.1759523892874,0.0,1743.0332022129576
2026-05-03T15:45:00Z,2026-05-03T16:00:00Z,2026-05-03,2026-05-03_72,0.0,98,80,2,181.99837393291818,175.76898262857037,0.017303864734299516,5.73104,0.0,True,True,True,False,0.0,18.379135305443725,104.32405624598867,72.39628916506214,1011.7280211914347,0.0,1206.8275019079292
2026-05-03T16:00:00Z,2026-05-03T16:15:00Z,2026-05-03,2026-05-03_73,0.0,0,73,27,175.76898262857037,177.57999999999893,0.00503060380952381,0.0,1.968497142857143,True,True,True,False,0.0,248.11832662349028,0.0,66.06161386311919,0.0,-14.07775802555575,300.1021824610537
2026-05-03T16:15:00Z,2026-05-03T16:30:00Z,2026-05-03,2026-05-03_74,73.0,0,73,27,177.57999999999893,158.43677018633434,0.05317563837129053,0.0,0.6382285714285714,True,True,True,False,2135.7975,248.11832662349028,0.0,66.06161386311919,0.0,-26.611538396139128,2423.3659020904706
2026-05-03T16:30:00Z,2026-05-03T16:45:00Z,2026-05-03,2026-05-03_75,73.0,0,73,27,158.43677018633434,138.59981366459522,0.05510265700483091,0.0,0.0,True,True,True,False,2420.68,248.11832662349028,0.0,66.06161386311919,0.0,0.0,2734.8599404866095
2026-05-03T16:45:00Z,2026-05-03T17:00:00Z,2026-05-03,2026-05-03_76,73.0,0,73,27,138.59981366459522,118.76285714285609,0.055102657004830906,0.0,0.0,True,True,True,False,2632.745,248.11832662349028,0.0,66.06161386311919,0.0,0.0,2946.9249404866096
2026-05-03T17:00:00Z,2026-05-03T17:15:00Z,2026-05-03,2026-05-03_77,7.378448457142672,0,0,83,118.76285714285609,116.75784397515427,0.005569481021393924,0.0,0.0,True,False,True,False,205.5820201371377,762.7341151759146,0.0,0.0,0.0,0.0,968.3161353130522
2026-05-03T17:15:00Z,2026-05-03T17:30:00Z,2026-05-03,2026-05-03_78,17.0,0,0,83,116.75784397515427,112.13827875776298,0.012832125603864732,0.0,0.0,True,False,True,False,531.845,762.7341151759146,0.0,0.0,0.0,0.0,1294.5791151759145
2026-05-03T17:30:00Z,2026-05-03T17:45:00Z,2026-05-03,2026-05-03_79,17.000000000000114,0,0,83,112.13827875776298,107.51871354037164,0.012832125603864819,0.0,0.0,True,False,True,False,642.0050000000043,762.7341151759146,0.0,0.0,0.0,0.0,1404.7391151759189
2026-05-03T17:45:00Z,2026-05-03T18:00:00Z,2026-05-03,2026-05-03_80,17.0,0,0,83,107.51871354037164,102.89914832298034,0.012832125603864732,0.0,0.0,True,False,True,False,735.1225,762.7341151759146,0.0,0.0,0.0,0.0,1497.8566151759146
2026-05-03T18:00:00Z,2026-05-03T18:15:00Z,2026-05-03,2026-05-03_81,17.000000000000043,0,0,83,102.89914832298034,98.27958310558903,0.012832125603864765,0.0,0.0,True,False,True,False,573.7500000000015,762.7341151759146,0.0,0.0,0.0,0.0,1336.484115175916
2026-05-03T18:15:00Z,2026-05-03T18:30:00Z,2026-05-03,2026-05-03_82,17.0,0,0,83,98.27958310558903,93.66001788819773,0.012832125603864732,0.0,0.0,True,False,True,False,632.2725,762.7341151759146,0.0,0.0,0.0,0.0,1395.0066151759147
2026-05-03T18:30:00Z,2026-05-03T18:45:00Z,2026-05-03,2026-05-03_83,16.999999999999947,0,0,83,93.66001788819773,89.04045267080645,0.012832125603864692,0.0,0.0,True,False,True,False,604.3924999999981,762.7341151759146,0.0,0.0,0.0,0.0,1367.1266151759128
2026-05-03T18:45:00Z,2026-05-03T19:00:00Z,2026-05-03,2026-05-03_84,17.0,0,0,83,89.04045267080645,84.42088745341515,0.012832125603864732,0.0,0.0,True,False,True,False,569.0324999999999,762.7341151759146,0.0,0.0,0.0,0.0,1331.7666151759145
2026-05-03T19:00:00Z,2026-05-03T19:15:00Z,2026-05-03,2026-05-03_85,0.0,100,100,0,84.42088745341515,60.661881242235026,0.06599723947550035,21.858285714285717,0.0,True,True,True,False,0.0,0.0,106.4531186183558,90.49536145632767,21047.823995065555,0.0,21244.77247514024
2026-05-03T19:15:00Z,2026-05-03T19:30:00Z,2026-05-03,2026-05-03_86,0.0,100,100,0,60.661881242235026,38.15815453416049,0.06251035196687371,20.703428571428574,0.0,True,True,True,False,0.0,0.0,106.4531186183558,90.49536145632767,17830.81527410334,0.0,18027.763754178024
2026-05-03T19:30:00Z,2026-05-03T19:45:00Z,2026-05-03,2026-05-03_87,0.0,100,100,0,38.15815453416049,35.63892472049589,0.012035955831608006,3.152,0.9857142857142858,True,True,True,False,0.0,0.0,106.4531186183558,90.49536145632767,677.7655172413794,-53.94943862369033,820.7645586923725
2026-05-03T19:45:00Z,2026-05-03T20:00:00Z,2026-05-03,2026-05-03_88,0.0,100,100,0,35.63892472049589,38.59764472049589,0.008218666666666668,0.0,3.216,True,True,True,False,0.0,0.0,106.4531186183558,90.49536145632767,0.0,-184.43291207188287,12.515568002800606
2026-05-03T20:00:00Z,2026-05-03T20:15:00Z,2026-05-03,2026-05-03_89,0.0,100,100,0,38.59764472049589,30.699378881986576,0.023122484472049693,7.462285714285715,0.23142857142857146,True,True,True,False,0.0,0.0,106.4531186183558,90.49536145632767,1636.315532994924,-13.263989397614464,1820.0000236719932
2026-05-03T20:15:00Z,2026-05-03T20:30:00Z,2026-05-03,2026-05-03_90,0.0,100,100,0,30.699378881986576,23.551552795030055,0.019855072463768116,6.576,0.0,True,True,True,False,0.0,0.0,106.4531186183558,90.49536145632767,1400.2824435497985,0.0,1597.2309236244819
2026-05-03T20:30:00Z,2026-05-03T20:45:00Z,2026-05-03,2026-05-03_91,0.0,100,100,0,23.551552795030055,19.729813664595273,0.010615942028985506,3.5159999999999996,0.0,True,True,True,False,0.0,0.0,106.4531186183558,90.49536145632767,641.1911546764687,0.0,838.1396347511522
2026-05-03T20:45:00Z,2026-05-03T21:00:00Z,2026-05-03,2026-05-03_92,0.0,100,100,0,19.729813664595273,9.999999999999,0.027027260179434093,8.951428571428572,0.0,True,True,True,False,0.0,0.0,106.4531186183558,90.49536145632767,2001.147506522301,0.0,2198.0959865969844
2026-05-03T21:00:00Z,2026-05-03T21:15:00Z,2026-05-04,2026-05-03_93,-100.00000000000787,100,0,0,9.999999999999,19.957028571429383,0.027658412698417727,14.177142857142858,0.0,True,True,True,False,-4132.750000000326,0.0,106.5989847715736,0.0,3433.08984188109,0.0,-593.0611733476622
2026-05-03T21:15:00Z,2026-05-03T21:30:00Z,2026-05-04,2026-05-03_94,0.0,100,0,0,19.957028571429383,12.140879503106401,0.02171152518978606,7.190857142857143,0.0,True,True,True,False,0.0,0.0,106.5989847715736,0.0,1592.5083659378913,0.0,1699.107350709465
2026-05-03T21:30:00Z,2026-05-03T21:45:00Z,2026-05-04,2026-05-03_95,-92.37033591188005,100,0,0,12.140879503106401,33.353011180124255,0.05893891094456178,0.03542857142857143,0.0,True,True,True,False,-2858.400044793128,0.0,106.5989847715736,0.0,5.6883883318191035,0.0,-2746.112671689735
2026-05-03T21:45:00Z,2026-05-03T22:00:00Z,2026-05-04,2026-05-03_96,-100.0,100,0,0,33.353011180124255,56.2368283229814,0.06356615873015874,0.12628571428571428,0.0,True,True,True,False,-3027.0,0.0,106.5989847715736,0.0,21.17821031954412,0.0,-2899.222804908882
2026-05-03T22:00:00Z,2026-05-03T22:15:00Z,2026-05-04,2026-05-04_1,0.0,17,17,83,56.2368283229814,55.40295302360252,0.002818289799861974,0.8502914285714286,0.09821142857142856,True,True,True,False,0.0,762.7341151759146,18.121827411167512,15.384211447575703,165.59936983265678,1.3220923507789248,963.1616162180935
2026-05-03T22:15:00Z,2026-05-03T22:30:00Z,2026-05-04,2026-05-04_2,-1.7763568394002505e-14,17,17,83,55.40295302360252,55.10869565217396,0.0010849993650793744,0.3150342857142857,0.052360000000000004,True,True,True,False,-5.477396314290673e-13,762.7341151759146,18.121827411167512,15.384211447575703,55.01719013444692,-2.7320846568255637,848.5252595122786
2026-05-03T22:30:00Z,2026-05-03T22:45:00Z,2026-05-04,2026-05-04_3,-9.736790421551893e-15,17,17,83,55.10869565217396,55.17849473788824,0.00019388634920635545,0.0,0.07586857142857144,True,True,True,False,-2.9792144492343404e-13,762.7341151759146,18.121827411167512,15.384211447575703,0.0,-4.233837240045678,792.0063167946118
2026-05-03T22:45:00Z,2026-05-03T23:00:00Z,2026-05-04,2026-05-04_4,0.0,17,17,83,55.17849473788824,55.59494971428576,0.001163858716356108,0.0011657142857142856,0.45404571428571433,True,True,True,False,0.0,762.7341151759146,18.121827411167512,15.384211447575703,0.18137414251539927,26.110299844131596,822.5318280213048
2026-05-03T23:00:00Z,2026-05-03T23:15:00Z,2026-05-04,2026-05-04_5,0.0,17,17,83,55.59494971428576,55.825438628571476,0.0006402469841269841,0.0,0.25053142857142857,True,True,True,False,0.0,762.7341151759146,18.101989614329888,16.495128070482522,0.0,-11.3417156904748,785.9895171702522
2026-05-03T23:15:00Z,2026-05-03T23:30:00Z,2026-05-04,2026-05-04_6,0.0,17,17,83,55.825438628571476,56.42538902857147,0.001666528888888889,0.0,0.6521199999999999,True,True,True,False,0.0,762.7341151759146,18.101989614329888,16.495128070482522,0.0,-5.069127362545461,792.2621054981815
2026-05-03T23:30:00Z,2026-05-03T23:45:00Z,2026-05-04,2026-05-04_7,0.0,17,17,83,56.42538902857147,57.228033828571476,0.002229568888888889,0.0,0.87244,True,True,True,False,0.0,762.7341151759146,18.101989614329888,16.495128070482522,0.0,0.7381049069373942,798.0693377676644
2026-05-03T23:45:00Z,2026-05-04T00:00:00Z,2026-05-04,2026-05-04_8,0.0,17,17,83,57.228033828571476,57.316863622360295,0.0004538232712215321,0.03429142857142857,0.13706857142857143,True,True,True,False,0.0,762.7341151759146,18.101989614329888,16.495128070482522,5.918991218579736,-5.88728135052609,797.3629427287806
2026-05-04T00:00:00Z,2026-05-04T00:15:00Z,2026-05-04,2026-05-04_9,-17.0,17,0,83,57.316863622360295,60.54290407950315,0.008961223492063491,0.7434342857142856,0.0,True,True,True,False,-483.14000000000004,762.7341151759146,18.101989614329888,0.0,133.90478035891408,0.0,431.6008851491585
2026-05-04T00:15:00Z,2026-05-04T00:30:00Z,2026-05-04,2026-05-04_10,-17.0,17,0,83,60.54290407950315,64.19435253664601,0.010142912380952381,0.28103428571428574,0.0,True,True,True,False,-471.665,762.7341151759146,18.101989614329888,0.0,49.06619117857073,0.0,358.23729596881515
2026-05-04T00:30:00Z,2026-05-04T00:45:00Z,2026-05-04,2026-05-04_11,-17.0,17,0,83,64.19435253664601,67.96841859378885,0.010483516825396826,0.1477542857142857,0.0,True,True,True,False,-469.92249999999996,762.7341151759146,18.101989614329888,0.0,25.759252911905175,0.0,336.67285770214966
2026-05-04T00:45:00Z,2026-05-04T01:00:00Z,2026-05-04,2026-05-04_12,-17.0,17,0,83,67.96841859378885,71.48661425093171,0.009772765714285715,0.4258742857142857,0.0,True,True,True,False,-461.9325,762.7341151759146,18.101989614329888,0.0,74.47975296663972,0.0,393.38335775688415
2026-05-04T01:00:00Z,2026-05-04T01:15:00Z,2026-05-04,2026-05-04_13,-65.0,65,0,35,71.48661425093171,78.09776053664599,0.018364295238095237,9.063971428571428,0.0,True,True,True,False,-1736.475,321.6348678452652,69.21348970184958,0.0,2123.5927661168203,0.0,777.9661236639352
2026-05-04T01:15:00Z,2026-05-04T01:30:00Z,2026-05-04,2026-05-04_14,-65.0,65,0,35,78.09776053664599,92.3520302509317,0.039595193650793656,0.7562285714285715,0.0,True,True,True,False,-1719.0875,321.6348678452652,69.21348970184958,0.0,131.98649914008428,0.0,-1196.252643312801
2026-05-04T01:30:00Z,2026-05-04T01:45:00Z,2026-05-04,2026-05-04_15,-65.0,65,0,35,92.3520302509317,105.34674110807455,0.036096419047619045,2.125314285714286,0.0,True,True,True,False,-1727.5375000000001,321.6348678452652,69.21348970184958,0.0,371.63920928875666,0.0,-965.0499331641287
2026-05-04T01:45:00Z,2026-05-04T02:00:00Z,2026-05-04,2026-05-04_16,-65.0,65,0,35,105.34674110807455,119.55351253664598,0.039463253968253974,0.8078571428571428,0.0,True,True,True,False,-1753.7,321.6348678452652,69.21348970184958,0.0,141.3172588832487,0.0,-1221.5343835696365
2026-05-04T02:00:00Z,2026-05-04T02:15:00Z,2026-05-04,2026-05-04_17,-17.0,17,0,83,119.55351253664598,123.46351253664598,0.010861111111111113,0.0,0.0,True,True,True,False,-458.745,762.7341151759146,18.101989614329888,0.0,0.0,0.0,322.09110479024446
2026-05-04T02:15:00Z,2026-05-04T02:30:00Z,2026-05-04,2026-05-04_18,-17.0,17,0,83,123.46351253664598,127.37351253664598,0.010861111111111111,0.0,0.0,True,True,True,False,-466.225,762.7341151759146,18.101989614329888,0.0,0.0,0.0,314.61110479024444
2026-05-04T02:30:00Z,2026-05-04T02:45:00Z,2026-05-04,2026-05-04_19,-17.0,17,0,83,127.37351253664598,131.27144739378883,0.010827596825396826,0.013114285714285715,0.0,True,True,True,False,-476.7225,762.7341151759146,18.101989614329888,0.0,2.1377201370308323,0.0,306.2513249272752
2026-05-04T02:45:00Z,2026-05-04T03:00:00Z,2026-05-04,2026-05-04_20,-17.0,17,0,83,131.27144739378883,135.18082179378882,0.010859373333333335,0.00068,0.0,True,True,True,False,-484.7125,762.7341151759146,18.101989614329888,0.0,0.10580158313398293,0.0,296.2294063733784
2026-05-04T03:00:00Z,2026-05-04T03:15:00Z,2026-05-04,2026-05-04_21,0.0,17,17,83,135.18082179378882,135.37430299627331,0.0005409674534161491,0.0005828571428571428,0.21099428571428572,True,True,True,False,0.0,762.7341151759146,18.097030165120483,15.384211447575703,0.09068707125769963,-11.202267163445109,785.1037766964233
2026-05-04T03:15:00Z,2026-05-04T03:30:00Z,2026-05-04,2026-05-04_22,0.0,17,17,83,135.37430299627331,135.39513059378882,0.0001352871497584541,0.012822857142857143,0.03778857142857143,True,True,True,False,0.0,762.7341151759146,18.097030165120483,15.384211447575703,2.155971760312737,-2.280513864508403,796.090814684415
2026-05-04T03:30:00Z,2026-05-04T03:45:00Z,2026-05-04,2026-05-04_23,0.0,17,17,83,135.39513059378882,135.36348668819875,9.9815928226363e-05,0.031085714285714286,0.002331428571428571,True,True,True,False,0.0,762.7341151759146,18.097030165120483,15.384211447575703,5.046130935015934,-0.16365252848557588,801.0978351951411
2026-05-04T03:45:00Z,2026-05-04T04:00:00Z,2026-05-04,2026-05-04_24,-3.552713678800501e-15,17,17,83,135.36348668819875,135.78616539627328,0.0013407051759834394,0.027588571428571424,0.4920285714285715,True,True,True,False,-1.2653877945467684e-13,762.7341151759146,18.097030165120483,15.384211447575703,4.7563873293713295,-2.819137972710527,798.1526061452714
2026-05-04T04:00:00Z,2026-05-04T04:15:00Z,2026-05-04,2026-05-04_25,0.0,0,17,83,135.78616539627328,136.26617933913042,0.0013333720634920636,0.0,0.5217542857142857,True,True,True,False,0.0,762.7341151759146,0.0,15.384211447575703,0.0,43.33644398322956,821.4547706067198
2026-05-04T04:15:00Z,2026-05-04T04:30:00Z,2026-05-04,2026-05-04_26,16.999999999999996,0,17,83,136.26617933913042,131.6794526310559,0.012740907522429259,0.0,0.03021142857142857,True,True,True,False,625.7699999999999,762.7341151759146,0.0,15.384211447575703,0.0,-1.8996646856653858,1401.9886619378246
2026-05-04T04:30:00Z,2026-05-04T04:45:00Z,2026-05-04,2026-05-04_27,16.999999999999996,0,17,83,131.6794526310559,127.95032840745344,0.010358678398895788,0.0,0.8192057142857143,True,True,True,False,619.3524999999998,762.7341151759146,0.0,15.384211447575703,0.0,14.783208161836413,1412.2540347853264
2026-05-04T04:45:00Z,2026-05-04T05:00:00Z,2026-05-04,2026-05-04_28,17.0,0,17,83,127.95032840745344,123.54489983602487,0.012237301587301588,0.0,0.19700571428571428,True,True,True,False,617.695,762.7341151759146,0.0,15.384211447575703,0.0,-10.15500719661924,1385.658319426871
2026-05-04T05:00:00Z,2026-05-04T05:15:00Z,2026-05-04,2026-05-04_29,100.0,0,100,0,123.54489983602487,96.87471350062114,0.07408385093167702,0.0,0.46342857142857147,True,True,True,False,3931.7500000000005,0.0,0.0,90.49536145632767,0.0,-25.736117293057607,3996.5092441632705
2026-05-04T05:15:00Z,2026-05-04T05:30:00Z,2026-05-04,2026-05-04_30,100.0,0,100,0,96.87471350062114,69.98527250683232,0.07469289164941338,0.0,0.26171428571428573,True,True,True,False,3762.5,0.0,0.0,90.49536145632767,0.0,-15.342686326645719,3837.652675129682
2026-05-04T05:30:00Z,2026-05-04T05:45:00Z,2026-05-04,2026-05-04_31,100.0,0,100,0,69.98527250683232,59.31135946335406,0.02964975845410627,0.0,15.180000000000001,True,True,True,False,3630.7499999999995,0.0,0.0,90.49536145632767,0.0,3298.9936402357202,7020.239001692047
2026-05-04T05:45:00Z,2026-05-04T06:00:00Z,2026-05-04,2026-05-04_32,100.0,0,100,0,59.31135946335406,54.410117227329216,0.013614561766735676,0.0,20.490857142857145,True,True,True,False,3478.4999999999995,0.0,0.0,90.49536145632767,0.0,7244.936941145091,10813.932302601417
2026-05-04T06:00:00Z,2026-05-04T06:15:00Z,2026-05-04,2026-05-04_33,100.0,0,100,0,54.410117227329216,31.425024059627354,0.06384748102139406,0.0,3.853714285714285,True,True,True,False,3887.75,0.0,0.0,89.44512515315947,0.0,23.91360989555983,4001.108735048719
2026-05-04T06:15:00Z,2026-05-04T06:30:00Z,2026-05-04,2026-05-04_34,99.31628046565999,0,100,0,31.425024059627354,10.000000000000021,0.059692997340148976,0.0,5.123428571428571,True,True,True,False,3509.340770254096,0.0,0.0,89.44512515315947,0.0,160.071146230124,3758.857041637379
2026-05-04T06:30:00Z,2026-05-04T06:45:00Z,2026-05-04,2026-05-04_35,63.602796512689,0,100,0,10.000000000000021,10.000000000000021,0.0313317295726414,0.0,16.842285714285715,True,True,True,False,1924.6206224739692,0.0,0.0,89.44512515315947,0.0,601.3819867247907,2615.4477343519193
2026-05-04T06:45:00Z,2026-05-04T07:00:00Z,2026-05-04,2026-05-04_36,0.0,0,100,0,10.000000000000021,16.60192000000002,0.01833866666666667,0.0,7.176,True,True,True,False,0.0,0.0,0.0,89.44512515315947,0.0,88.76735865569754,178.212483808857
2026-05-04T07:00:00Z,2026-05-04T07:15:00Z,2026-05-04,2026-05-04_37,20.694936827846927,79,100,0,16.60192000000002,10.000000000000021,0.020979147627141394,1.4721085714285715,0.6514285714285714,True,True,True,False,630.833411854844,0.0,85.71124336309002,89.44512515315947,175.08721147258132,-10.829396614238203,970.2475952294367
2026-05-04T07:15:00Z,2026-05-04T07:30:00Z,2026-05-04,2026-05-04_38,3.2923106107478053,79,100,0,10.000000000000021,10.000000000000021,0.0051292530417908384,0.06049142857142858,1.0377142857142858,True,True,True,False,27.77064000165774,0.0,85.71124336309002,89.44512515315947,5.282426323700611,-53.7872923630039,154.42214247860394
2026-05-04T07:30:00Z,2026-05-04T07:45:00Z,2026-05-04,2026-05-04_39,10.076237457256592,79,100,0,10.000000000000021,10.113979627329211,0.016670588160160104,0.5615771428571429,3.696,True,True,True,False,56.62845450978205,0.0,85.71124336309002,89.44512515315947,53.984779797676694,22.704195110566545,308.4737979342748
2026-05-04T07:45:00Z,2026-05-04T08:00:00Z,2026-05-04,2026-05-04_40,0.0,79,100,0,10.113979627329211,17.06521739130437,0.019614307798481712,0.05056,7.615428571428572,True,True,True,False,0.0,0.0,85.71124336309002,89.44512515315947,4.415162300406481,998.1829282699717,1177.7544590866278
2026-05-04T08:00:00Z,2026-05-04T08:15:00Z,2026-05-04,2026-05-04_41,7.105427357601002e-15,87,87,13,17.06521739130437,23.204815821118032,0.020434771345755696,0.559782857142857,7.334845714285714,True,True,True,False,2.723155034800584e-14,119.4643794853842,96.4720812182741,77.63959390862944,52.63191278704374,257.33657897026825,603.5445463695997
2026-05-04T08:15:00Z,2026-05-04T08:30:00Z,2026-05-04,2026-05-04_42,0.0,87,87,13,23.204815821118032,25.424824973913065,0.010354580289855073,0.6935142857142857,3.2324228571428573,True,True,True,False,0.0,119.4643794853842,96.4720812182741,77.63959390862944,59.59121682378535,53.2984829586657,406.4657543947388
2026-05-04T08:30:00Z,2026-05-04T08:45:00Z,2026-05-04,2026-05-04_43,7.105427357601002e-15,87,87,13,25.424824973913065,31.142882573913063,0.015883493333333335,0.0,6.21528,True,True,True,False,2.1103119252074977e-14,119.4643794853842,96.4720812182741,77.63959390862944,0.0,89.55868291032148,383.1347375226092
2026-05-04T08:45:00Z,2026-05-04T09:00:00Z,2026-05-04,2026-05-04_44,7.105427357601002e-15,87,87,13,31.142882573913063,47.10194383105592,0.044330725714285715,0.0,17.346805714285715,True,True,True,False,1.7834622667578513e-14,119.4643794853842,96.4720812182741,77.63959390862944,0.0,1284.588704858593,1578.1647594708809
2026-05-04T09:00:00Z,2026-05-04T09:15:00Z,2026-05-04,2026-05-04_45,0.0,47,47,53,47.10194383105592,50.66887320248449,0.009908137142857144,0.0,3.877097142857143,True,True,True,False,0.0,487.04708559425865,52.11710134780325,45.60417760662815,0.0,147.28173387012077,732.0500984188109
2026-05-04T09:15:00Z,2026-05-04T09:30:00Z,2026-05-04,2026-05-04_46,0.0,47,47,53,50.66887320248449,55.60515160248449,0.013711884444444447,0.0,5.365520000000001,True,True,True,False,0.0,487.04708559425865,52.11710134780325,45.60417760662815,0.0,118.8414103662213,703.6097749149113
2026-05-04T09:30:00Z,2026-05-04T09:45:00Z,2026-05-04,2026-05-04_47,0.0,47,47,53,55.60515160248449,58.12122543105592,0.006989093968253969,0.0,2.7348628571428573,True,True,True,False,0.0,487.04708559425865,52.11710134780325,45.60417760662815,0.0,31.272976191865393,616.0413407405555
2026-05-04T09:45:00Z,2026-05-04T10:00:00Z,2026-05-04,2026-05-04_48,0.0,47,47,53,58.12122543105592,65.93111068819877,0.021694125714285712,0.0,8.489005714285714,True,True,True,False,0.0,487.04708559425865,52.11710134780325,45.60417760662815,0.0,378.28965581255784,963.0580203612478
2026-05-04T10:00:00Z,2026-05-04T10:15:00Z,2026-05-04,2026-05-04_49,0.0,47,47,53,65.93111068819877,73.6878725167702,0.021546560634920633,0.0,8.431262857142857,True,True,True,False,0.0,487.04708559425865,52.11710134780325,45.60417760662815,0.0,388.12472517760943,972.8930897262994
2026-05-04T10:15:00Z,2026-05-04T10:30:00Z,2026-05-04,2026-05-04_50,0.0,47,47,53,73.6878725167702,79.02937148819876,0.014837497142857141,0.0,5.8059771428571425,True,True,True,False,0.0,487.04708559425865,52.11710134780325,45.60417760662815,0.0,291.9373177364907,876.7056822851807
2026-05-04T10:30:00Z,2026-05-04T10:45:00Z,2026-05-04,2026-05-04_51,0.0,47,47,53,79.02937148819876,82.09792897391304,0.008523770793650794,0.0,3.3353885714285716,True,True,True,False,0.0,487.04708559425865,52.11710134780325,45.60417760662815,0.0,169.10407731961917,753.8724418683092
2026-05-04T10:45:00Z,2026-05-04T11:00:00Z,2026-05-04,2026-05-04_52,0.0,47,47,53,82.09792897391304,85.27693377391304,0.00883056888888889,0.0,3.4554400000000003,True,True,True,False,0.0,487.04708559425865,52.11710134780325,45.60417760662815,0.0,37.04364475562557,621.8120093043157
2026-05-04T11:00:00Z,2026-05-04T11:15:00Z,2026-05-04,2026-05-04_53,-47.0,47,0,53,85.27693377391304,96.07433240248447,0.02999277396825397,0.013697142857142856,0.0,True,True,True,False,-62.3925,487.04708559425865,52.11710134780325,0.0,1.1909857117851514,0.0,477.96267265384705
2026-05-04T11:15:00Z,2026-05-04T11:30:00Z,2026-05-04,2026-05-04_54,-47.0,47,0,53,96.07433240248447,106.00149514534161,0.027575452063492063,0.9596057142857142,0.0,True,True,True,False,-84.0125,487.04708559425865,52.11710134780325,0.0,85.8195488684954,0.0,540.9712358105573
2026-05-04T11:30:00Z,2026-05-04T11:45:00Z,2026-05-04,2026-05-04_55,-47.0,47,0,53,106.00149514534161,116.0386110310559,0.02788087746031746,0.8400914285714286,0.0,True,True,True,False,-65.4475,487.04708559425865,52.11710134780325,0.0,74.10309948182785,0.0,547.8197864238897
2026-05-04T11:45:00Z,2026-05-04T12:00:00Z,2026-05-04,2026-05-04_56,-47.0,47,0,53,116.0386110310559,125.88917720248446,0.02736268380952381,1.042862857142857,0.0,True,True,True,False,-54.6375,487.04708559425865,52.11710134780325,0.0,93.86252493144289,0.0,578.3892118735048
2026-05-04T12:00:00Z,2026-05-04T12:15:00Z,2026-05-04,2026-05-04_57,-31.0,47,16,53,125.88917720248446,132.90993586086955,0.01977926404416839,0.13482285714285713,0.024411428571428574,True,True,True,False,-35.7275,487.04708559425865,50.91049652838556,15.361456327673723,11.763207099375137,-1.5785079109466298,527.7762376387465
2026-05-04T12:15:00Z,2026-05-04T12:30:00Z,2026-05-04,2026-05-04_58,-31.0,47,16,53,132.90993586086955,140.35898755776395,0.020710029730848862,0.008862857142857143,0.3562057142857143,True,True,True,False,-65.3325,487.04708559425865,50.91049652838556,15.361456327673723,0.7739508055979262,-16.230266707787028,472.53022254812885
2026-05-04T12:30:00Z,2026-05-04T12:45:00Z,2026-05-04,2026-05-04_59,-28.491416559657207,47,16,53,140.35898755776395,146.87821146832295,0.018268622175986345,0.06714285714285714,0.0352,True,True,True,False,-66.59868620819871,487.04708559425865,50.91049652838556,15.361456327673723,5.863263678772168,-2.3754129568041695,490.2082029640872
2026-05-04T12:45:00Z,2026-05-04T13:00:00Z,2026-05-04,2026-05-04_60,-31.0,47,16,53,146.87821146832295,154.24301714285713,0.020515764554865427,0.028199999999999996,0.2851657142857143,True,True,True,False,-70.37,487.04708559425865,50.91049652838556,15.361456327673723,2.46257074508431,2.8367934963144488,488.2484026917167
2026-05-04T13:00:00Z,2026-05-04T13:15:00Z,2026-05-04,2026-05-04_61,0.0,0,100,0,154.24301714285713,171.3949714285714,0.04764431746031745,0.0,18.64342857142857,True,True,True,False,0.0,0.0,0.0,89.24091253865453,0.0,1107.3653407572258,1196.6062532958804
2026-05-04T13:15:00Z,2026-05-04T13:30:00Z,2026-05-04,2026-05-04_62,0.0,0,100,0,171.3949714285714,177.33606857142854,0.016503047619047622,0.0,6.457714285714286,True,True,True,False,0.0,0.0,0.0,89.24091253865453,0.0,-21.6437735157077,67.59713902294683
2026-05-04T13:30:00Z,2026-05-04T13:45:00Z,2026-05-04,2026-05-04_63,0.0,0,100,0,177.33606857142854,189.99999999999997,0.0351775873015873,0.0,13.765142857142857,True,True,True,False,0.0,0.0,0.0,89.24091253865453,0.0,393.03355366068473,482.27446619933926
2026-05-04T13:45:00Z,2026-05-04T14:00:00Z,2026-05-04,2026-05-04_64,100.0,0,100,0,189.99999999999997,173.06086956521736,0.04705314009661836,0.0,9.416,True,True,True,False,2315.75,0.0,0.0,89.24091253865453,0.0,216.82603030126225,2621.816942839917
2026-05-04T14:00:00Z,2026-05-04T14:15:00Z,2026-05-04,2026-05-04_65,0.0,0,100,0,173.06086956521736,185.8462409937888,0.03551492063492064,0.0,13.897142857142859,True,True,True,False,0.0,0.0,0.0,89.4159519225159,0.0,1042.7924949780368,1132.2084469005526
2026-05-04T14:15:00Z,2026-05-04T14:30:00Z,2026-05-04,2026-05-04_66,45.3546440093758,0,100,0,185.8462409937888,181.74855355479113,0.034458904031722394,0.0,8.262285714285714,True,True,True,False,1138.6283378553794,0.0,0.0,89.4159519225159,0.0,106.87284327862656,1334.9171330565218
2026-05-04T14:30:00Z,2026-05-04T14:45:00Z,2026-05-04,2026-05-04_67,100.0,0,100,0,181.74855355479113,168.41314982808305,0.03704278812974465,0.0,12.731428571428571,True,True,True,False,2860.75,0.0,0.0,89.4159519225159,0.0,346.36111791819826,3296.5270698407144
2026-05-04T14:45:00Z,2026-05-04T15:00:00Z,2026-05-04,2026-05-04_68,100.0,0,100,0,168.41314982808305,146.5541436169029,0.060719461697722556,0.0,4.889714285714286,True,True,True,False,3323.5,0.0,0.0,89.4159519225159,0.0,45.30049205515685,3458.216443977673
2026-05-04T15:00:00Z,2026-05-04T15:15:00Z,2026-05-04,2026-05-04_69,-2.8950277525956873,0,0,93,146.5541436169029,147.2199999999999,0.001849601064158356,0.0,0.0,True,False,True,False,-69.19840085641842,854.6297917031332,0.0,0.0,0.0,0.0,785.4313908467147
2026-05-04T15:15:00Z,2026-05-04T15:30:00Z,2026-05-04,2026-05-04_70,0.0,0,0,93,147.2199999999999,147.2199999999999,0.0,0.0,0.0,True,False,True,False,0.0,854.6297917031332,0.0,0.0,0.0,0.0,854.6297917031332
2026-05-04T15:30:00Z,2026-05-04T15:45:00Z,2026-05-04,2026-05-04_71,0.0,0,0,93,147.2199999999999,147.2199999999999,0.0,0.0,0.0,True,False,True,False,0.0,854.6297917031332,0.0,0.0,0.0,0.0,854.6297917031332
2026-05-04T15:45:00Z,2026-05-04T16:00:00Z,2026-05-04,2026-05-04_72,0.0,0,0,93,147.2199999999999,147.2199999999999,0.0,0.0,0.0,True,False,True,False,0.0,854.6297917031332,0.0,0.0,0.0,0.0,854.6297917031332
2026-05-04T16:00:00Z,2026-05-04T16:15:00Z,2026-05-04,2026-05-04_73,-99.00000000000054,100,1,0,147.2199999999999,169.8374377639752,0.06283629192546619,0.16685714285714284,0.0013314285714285715,True,True,True,False,-3495.937500000019,0.0,106.4531186183558,0.9049536145632767,27.150558653474807,-0.08420443488673841,-3361.513073548512
2026-05-04T16:15:00Z,2026-05-04T16:30:00Z,2026-05-04,2026-05-04_74,-97.30464890325841,100,1,0,169.8374377639752,189.9999106285714,0.056397313647484966,2.398857142857143,0.00016,True,True,True,False,-3732.3630703067347,0.0,106.4531186183558,0.9049536145632767,485.651350887283,-0.010460135752766594,-3139.3641073222852
2026-05-04T16:30:00Z,2026-05-04T16:45:00Z,2026-05-04,2026-05-04_75,0.0,100,1,0,189.9999106285714,189.0894409937888,0.0025295788267770875,0.8377142857142857,9.714285714285715e-05,True,True,True,False,0.0,0.0,106.4531186183558,0.9049536145632767,144.5770349439735,-0.00739165756739711,251.92771551932518
2026-05-04T16:45:00Z,2026-05-04T17:00:00Z,2026-05-04,2026-05-04_76,0.0,100,1,0,189.0894409937888,166.7462098186335,0.06206590374051071,20.556,0.00026857142857142856,True,True,True,False,0.0,0.0,106.4531186183558,0.9049536145632767,27413.56107824261,-0.019393273486534468,27520.89975720204
2026-05-04T17:00:00Z,2026-05-04T17:15:00Z,2026-05-04,2026-05-04_77,-1.103435571159051,0,0,50,166.7462098186335,167.00000000000009,0.0007049727260182827,0.0,0.0,True,False,True,False,-49.31805285295379,459.4783826360931,0.0,0.0,0.0,0.0,410.16032978313933
2026-05-04T17:15:00Z,2026-05-04T17:30:00Z,2026-05-04,2026-05-04_78,0.0,0,0,50,167.00000000000009,167.00000000000009,0.0,0.0,0.0,True,False,True,False,0.0,459.4783826360931,0.0,0.0,0.0,0.0,459.4783826360931
2026-05-04T17:30:00Z,2026-05-04T17:45:00Z,2026-05-04,2026-05-04_79,50.00000000000023,0,0,50,167.00000000000009,153.4130434782609,0.037741545893719974,0.0,0.0,True,False,True,False,3129.000000000014,459.4783826360931,0.0,0.0,0.0,0.0,3588.478382636107
2026-05-04T17:45:00Z,2026-05-04T18:00:00Z,2026-05-04,2026-05-04_80,50.00000000000023,0,0,50,153.4130434782609,139.82608695652172,0.037741545893719974,0.0,0.0,True,False,True,False,3977.250000000018,459.4783826360931,0.0,0.0,0.0,0.0,4436.728382636111
2026-05-04T18:00:00Z,2026-05-04T18:15:00Z,2026-05-04,2026-05-04_81,91.00000000000003,0,0,9,139.82608695652172,115.0978260869565,0.06868961352657008,0.0,0.0,True,False,True,False,5897.937500000002,82.70610887449675,0.0,0.0,0.0,0.0,5980.643608874499
2026-05-04T18:15:00Z,2026-05-04T18:30:00Z,2026-05-04,2026-05-04_82,91.00000000000003,0,0,9,115.0978260869565,90.36956521739128,0.06868961352657008,0.0,0.0,True,False,True,False,6143.182500000002,82.70610887449675,0.0,0.0,0.0,0.0,6225.8886088744985
2026-05-04T18:30:00Z,2026-05-04T18:45:00Z,2026-05-04,2026-05-04_83,91.00000000000003,0,0,9,90.36956521739128,65.64130434782606,0.06868961352657008,0.0,0.0,True,False,True,False,5899.075000000003,82.70610887449675,0.0,0.0,0.0,0.0,5981.781108874499
2026-05-04T18:45:00Z,2026-05-04T19:00:00Z,2026-05-04,2026-05-04_84,90.4308571428572,0,0,9,65.64130434782606,41.067701863354,0.06826000690131129,0.0,0.0,True,False,True,False,5434.668437142861,82.70610887449675,0.0,0.0,0.0,0.0,5517.374546017358
2026-05-04T19:00:00Z,2026-05-04T19:15:00Z,2026-05-04,2026-05-04_85,0.0,100,100,0,41.067701863354,16.98260869565214,0.06690303657694963,22.158285714285714,0.0,True,True,True,False,0.0,0.0,107.03658323122703,90.49536145632767,16799.011891453356,0.0,16996.54383614091
2026-05-04T19:15:00Z,2026-05-04T19:30:00Z,2026-05-04,2026-05-04_86,0.0,100,100,0,16.98260869565214,9.999999999999964,0.019396135265700484,6.424,0.0,True,True,True,False,0.0,0.0,107.03658323122703,90.49536145632767,1562.7672808604157,0.0,1760.2992255479703
2026-05-04T19:30:00Z,2026-05-04T19:45:00Z,2026-05-04,2026-05-04_87,0.0,100,100,0,9.999999999999964,10.354947577639717,0.007276510697032437,1.0417142857142858,1.6165714285714288,True,True,True,False,0.0,0.0,107.03658323122703,90.49536145632767,181.56546956398523,-91.35985029965077,287.7375639518892
2026-05-04T19:45:00Z,2026-05-04T20:00:00Z,2026-05-04,2026-05-04_88,0.0,100,100,0,10.354947577639717,16.438417888198725,0.016901979296066256,0.0005714285714285715,6.613142857142858,True,True,True,False,0.0,0.0,107.03658323122703,90.49536145632767,0.08890889338990163,-145.78573556828064,51.835118012663955
2026-05-04T20:00:00Z,2026-05-04T20:15:00Z,2026-05-04,2026-05-04_89,41.0,59,100,0,16.438417888198725,10.07049029565214,0.03225123632850242,0.0,4.829142857142857,True,True,True,False,1870.7275,0.0,63.15158410642394,90.49536145632767,0.0,-255.10482258508162,1769.26962297767
2026-05-04T20:15:00Z,2026-05-04T20:30:00Z,2026-05-04,2026-05-04_90,0.0,59,100,0,10.07049029565214,13.702124581366427,0.010087873015873019,0.0,3.947428571428572,True,True,True,False,0.0,0.0,63.15158410642394,90.49536145632767,0.0,-216.51780450601387,-62.87085894326226
2026-05-04T20:30:00Z,2026-05-04T20:45:00Z,2026-05-04,2026-05-04_91,41.0,59,100,0,13.702124581366427,10.149873609937856,0.03301993777777778,0.0,7.677714285714286,True,True,True,False,1623.2925,0.0,63.15158410642394,90.49536145632767,0.0,-133.1463814913911,1643.7930640713605
2026-05-04T20:45:00Z,2026-05-04T21:00:00Z,2026-05-04,2026-05-04_92,19.683181480615662,59,100,0,10.149873609937856,9.999999999999964,0.022813642077295263,0.0,5.4559999999999995,True,True,True,False,775.0252707992418,0.0,63.15158410642394,90.49536145632767,0.0,-225.60316471206016,703.0690516499332
2026-05-04T21:00:00Z,2026-05-04T21:15:00Z,2026-05-05,2026-05-04_93,-59.98937041051039,100,40,0,9.999999999999964,21.375808306693216,0.03879806733500364,2.9794285714285715,0.5634285714285714,True,True,True,False,-2677.1756279950523,0.0,109.04265548674948,37.31681987768761,515.5784310385565,-32.23325468561978,-2047.4709762776786
2026-05-04T21:15:00Z,2026-05-04T21:30:00Z,2026-05-05,2026-05-04_94,-59.999999999999915,100,40,0,21.375808306693216,21.31235846818388,0.03375887812284335,14.049142857142858,0.0,True,True,True,False,-2555.2499999999964,0.0,109.04265548674948,37.31681987768761,3360.0114648365593,0.0,951.120940201
2026-05-04T21:30:00Z,2026-05-04T21:45:00Z,2026-05-05,2026-05-04_95,-25.709178603779755,100,40,0,21.31235846818388,24.092870956521693,0.021207763142005256,3.0057142857142853,0.005942857142857143,True,True,True,False,-1082.0350544865803,0.0,109.04265548674948,37.31681987768761,548.9211870786239,-0.45716044023671243,-387.211552483756
2026-05-04T21:45:00Z,2026-05-04T22:00:00Z,2026-05-05,2026-05-04_96,-59.99999999999999,100,40,0,24.092870956521693,34.33813962732914,0.03933002512077294,4.500571428571429,0.9634285714285713,True,True,True,False,-2450.2499999999995,0.0,109.04265548674948,37.31681987768761,778.6339975713353,7.5076206227712055,-1517.748906441456
2026-05-04T22:00:00Z,2026-05-04T22:15:00Z,2026-05-05,2026-05-05_1,0.0,100,100,0,34.33813962732914,42.99717962732914,0.024052888888888888,0.0,9.411999999999999,True,True,True,False,0.0,0.0,109.04265548674948,93.29204969421902,0.0,-70.15286818723796,132.18183699373054
2026-05-04T22:15:00Z,2026-05-04T22:30:00Z,2026-05-05,2026-05-05_2,0.0,100,100,0,42.99717962732914,42.9931677018633,0.0009515886818495514,0.15942857142857145,0.184,True,True,True,False,0.0,0.0,109.04265548674948,93.29204969421902,25.768695279488778,-11.77758529174199,216.32581516871528
2026-05-04T22:30:00Z,2026-05-04T22:45:00Z,2026-05-05,2026-05-05_3,0.0,100,100,0,42.9931677018633,31.984472049689387,0.030579710144927535,10.128,0.0,True,True,True,False,0.0,0.0,109.04265548674948,93.29204969421902,4341.473801300051,0.0,4543.808506481019
2026-05-04T22:45:00Z,2026-05-04T23:00:00Z,2026-05-05,2026-05-05_4,0.0,100,100,0,31.984472049689387,9.999999999999943,0.06106797791580401,20.22571428571429,0.0,True,True,True,False,0.0,0.0,109.04265548674948,93.29204969421902,12369.452976213373,0.0,12571.787681394342
2026-05-04T23:00:00Z,2026-05-04T23:15:00Z,2026-05-05,2026-05-05_5,-100.0,100,0,0,9.999999999999943,20.85547428571423,0.030154095238095237,13.200571428571429,0.0,True,True,True,False,-3870.5,0.0,107.97530674256703,0.0,2814.5081574566057,0.0,-948.0165358008273
2026-05-04T23:15:00Z,2026-05-04T23:30:00Z,2026-05-05,2026-05-05_6,-100.0,100,0,0,20.85547428571423,28.790079999999946,0.02204057142857143,16.37542857142857,0.0,True,True,True,False,-3665.5,0.0,107.97530674256703,0.0,4327.748197238356,0.0,770.2235039809227
2026-05-04T23:30:00Z,2026-05-04T23:45:00Z,2026-05-05,2026-05-05_7,-100.0,100,0,0,28.790079999999946,34.091382857142804,0.014725841269841276,19.237714285714283,0.0,True,True,True,False,-3459.0000000000005,0.0,107.97530674256703,0.0,8443.45418428181,0.0,5092.429491024377
2026-05-04T23:45:00Z,2026-05-05T00:00:00Z,2026-05-05,2026-05-05_8,-100.0,100,0,0,34.091382857142804,37.75035428571423,0.010163809523809523,21.02285714285714,0.0,True,True,True,False,-3454.9999999999995,0.0,107.97530674256703,0.0,5855.559899556576,0.0,2508.5352062991437
2026-05-05T00:00:00Z,2026-05-05T00:15:00Z,2026-05-05,2026-05-05_9,-49.0,49,0,51,37.75035428571423,43.82662308571423,0.016878524444444445,5.645359999999999,0.0,True,True,True,False,-1535.66,511.2456248317243,52.907900303857836,0.0,1100.4380670333474,0.0,128.9315921689294
2026-05-05T00:15:00Z,2026-05-05T00:30:00Z,2026-05-05,2026-05-05_10,-49.0,49,0,51,43.82662308571423,51.45956868571423,0.02120262666666667,3.95332,0.0,True,True,True,False,-1531.005,511.2456248317243,52.907900303857836,0.0,696.6838869494982,0.0,-270.1675879149198
2026-05-05T00:30:00Z,2026-05-05T00:45:00Z,2026-05-05,2026-05-05_11,-49.0,49,0,51,51.45956868571423,56.79060068571423,0.014808422222222227,6.455399999999999,0.0,True,True,True,False,-1530.3925000000002,511.2456248317243,52.907900303857836,0.0,1435.2309019962306,0.0,468.9919271318126
2026-05-05T00:45:00Z,2026-05-05T01:00:00Z,2026-05-05,2026-05-05_12,-49.0,49,0,51,56.79060068571423,65.51783108571423,0.024242306666666665,2.7638800000000003,0.0,True,True,True,False,-1531.3725000000002,511.2456248317243,52.907900303857836,0.0,504.21276058309945,0.0,-463.0062142813186
2026-05-05T01:00:00Z,2026-05-05T01:15:00Z,2026-05-05,2026-05-05_13,0.0,0,0,100,65.51783108571423,65.51783108571423,0.0,0.0,0.0,True,True,True,False,0.0,1002.442401630832,0.0,0.0,0.0,0.0,1002.442401630832
2026-05-05T01:15:00Z,2026-05-05T01:30:00Z,2026-05-05,2026-05-05_14,0.0,0,0,100,65.51783108571423,65.51783108571423,0.0,0.0,0.0,True,True,True,False,0.0,1002.442401630832,0.0,0.0,0.0,0.0,1002.442401630832
2026-05-05T01:30:00Z,2026-05-05T01:45:00Z,2026-05-05,2026-05-05_15,0.0,0,0,100,65.51783108571423,65.51783108571423,0.0,0.0,0.0,True,True,True,False,0.0,1002.442401630832,0.0,0.0,0.0,0.0,1002.442401630832
2026-05-05T01:45:00Z,2026-05-05T02:00:00Z,2026-05-05,2026-05-05_16,0.0,0,0,100,65.51783108571423,65.51783108571423,0.0,0.0,0.0,True,True,True,False,0.0,1002.442401630832,0.0,0.0,0.0,0.0,1002.442401630832
2026-05-05T02:00:00Z,2026-05-05T02:15:00Z,2026-05-05,2026-05-05_17,0.0,0,0,100,65.51783108571423,65.51783108571423,0.0,0.0,0.0,True,False,True,False,0.0,1002.442401630832,0.0,0.0,0.0,0.0,1002.442401630832
2026-05-05T02:15:00Z,2026-05-05T02:30:00Z,2026-05-05,2026-05-05_18,0.0,0,0,100,65.51783108571423,65.51783108571423,0.0,0.0,0.0,True,False,True,False,0.0,1002.442401630832,0.0,0.0,0.0,0.0,1002.442401630832
2026-05-05T02:30:00Z,2026-05-05T02:45:00Z,2026-05-05,2026-05-05_19,0.0,0,0,100,65.51783108571423,65.51783108571423,0.0,0.0,0.0,True,False,True,False,0.0,1002.442401630832,0.0,0.0,0.0,0.0,1002.442401630832
2026-05-05T02:45:00Z,2026-05-05T03:00:00Z,2026-05-05,2026-05-05_20,0.0,0,0,100,65.51783108571423,65.51783108571423,0.0,0.0,0.0,True,False,True,False,0.0,1002.442401630832,0.0,0.0,0.0,0.0,1002.442401630832
2026-05-05T03:00:00Z,2026-05-05T03:15:00Z,2026-05-05,2026-05-05_21,0.0,0,0,100,65.51783108571423,65.51783108571423,0.0,0.0,0.0,True,True,True,False,0.0,1002.442401630832,0.0,0.0,0.0,0.0,1002.442401630832
2026-05-05T03:15:00Z,2026-05-05T03:30:00Z,2026-05-05,2026-05-05_22,0.0,0,0,100,65.51783108571423,65.51783108571423,0.0,0.0,0.0,True,True,True,False,0.0,1002.442401630832,0.0,0.0,0.0,0.0,1002.442401630832
2026-05-05T03:30:00Z,2026-05-05T03:45:00Z,2026-05-05,2026-05-05_23,0.0,0,0,100,65.51783108571423,65.51783108571423,0.0,0.0,0.0,True,True,True,False,0.0,1002.442401630832,0.0,0.0,0.0,0.0,1002.442401630832
2026-05-05T03:45:00Z,2026-05-05T04:00:00Z,2026-05-05,2026-05-05_24,0.0,0,0,100,65.51783108571423,65.51783108571423,0.0,0.0,0.0,True,True,True,False,0.0,1002.442401630832,0.0,0.0,0.0,0.0,1002.442401630832
2026-05-05T04:00:00Z,2026-05-05T04:15:00Z,2026-05-05,2026-05-05_25,0.0,100,100,0,65.51783108571423,45.363172700621064,0.055985162180814355,18.542285714285715,0.0,True,True,True,False,0.0,0.0,107.97530674256703,93.29204969421902,16983.354400443975,0.0,17184.621756880762
2026-05-05T04:15:00Z,2026-05-05T04:30:00Z,2026-05-05,2026-05-05_26,0.0,100,100,0,45.363172700621064,41.68464152049684,0.01053065010351967,3.436,0.061142857142857145,True,True,True,False,0.0,0.0,107.97530674256703,93.29204969421902,708.073842070849,-4.70347760628156,904.6377209013534
2026-05-05T04:30:00Z,2026-05-05T04:45:00Z,2026-05-05,2026-05-05_27,0.0,100,100,0,41.68464152049684,45.15225294906827,0.009632253968253969,0.0,3.769142857142857,True,True,True,False,0.0,0.0,107.97530674256703,93.29204969421902,0.0,-230.3622003044073,-29.094843867621265
2026-05-05T04:45:00Z,2026-05-05T05:00:00Z,2026-05-05,2026-05-05_28,0.0,100,100,0,45.15225294906827,62.63488152049685,0.04856285714285715,0.0,19.002857142857145,True,True,True,False,0.0,0.0,107.97530674256703,93.29204969421902,0.0,355.58636870648877,556.8537251432748
2026-05-05T05:00:00Z,2026-05-05T05:15:00Z,2026-05-05,2026-05-05_29,0.0,100,18,0,62.63488152049685,47.672623791304304,0.042023404168391995,13.841714285714286,0.09030857142857143,True,True,True,False,0.0,0.0,107.97530674256703,16.79256894495942,3913.8872628068116,-5.360922989345745,4033.2942155049923
2026-05-05T05:15:00Z,2026-05-05T05:30:00Z,2026-05-05,2026-05-05_30,-82.0,100,18,0,47.672623791304304,45.696079513043436,0.018348729661835744,21.932000000000002,0.0,True,True,True,False,-3192.4649999999997,0.0,107.97530674256703,16.79256894495942,12076.333334359017,0.0,9008.636210046543
2026-05-05T05:30:00Z,2026-05-05T05:45:00Z,2026-05-05,2026-05-05_31,-81.09148993179515,100,18,0,45.696079513043436,55.74820104347822,0.038240681898502105,9.03657142857143,0.0,True,True,True,False,-2932.2682759337126,0.0,107.97530674256703,16.79256894495942,2290.5218205095807,0.0,-516.9785797366054
2026-05-05T05:45:00Z,2026-05-05T06:00:00Z,2026-05-05,2026-05-05_32,-82.0,100,18,0,55.74820104347822,59.184782608695606,0.027192022636300897,16.234285714285715,0.0,True,True,True,False,-2879.4300000000003,0.0,107.97530674256703,16.79256894495942,6883.324030045112,0.0,4128.661905732638
2026-05-05T06:00:00Z,2026-05-05T06:15:00Z,2026-05-05,2026-05-05_33,18.999999999999996,0,0,81,59.184782608695606,54.02173913043474,0.014341787439613523,0.0,0.0,True,False,True,False,816.9049999999997,811.978345320974,0.0,0.0,0.0,0.0,1628.8833453209736
2026-05-05T06:15:00Z,2026-05-05T06:30:00Z,2026-05-05,2026-05-05_34,0.0,0,0,81,54.02173913043474,54.02173913043474,0.0,0.0,0.0,True,False,True,False,0.0,811.978345320974,0.0,0.0,0.0,0.0,811.978345320974
2026-05-05T06:30:00Z,2026-05-05T06:45:00Z,2026-05-05,2026-05-05_35,0.0,0,0,81,54.02173913043474,54.02173913043474,0.0,0.0,0.0,True,False,True,False,0.0,811.978345320974,0.0,0.0,0.0,0.0,811.978345320974
2026-05-05T06:45:00Z,2026-05-05T07:00:00Z,2026-05-05,2026-05-05_36,0.0,0,0,81,54.02173913043474,54.02173913043474,0.0,0.0,0.0,True,False,True,False,0.0,811.978345320974,0.0,0.0,0.0,0.0,811.978345320974
2026-05-05T07:00:00Z,2026-05-05T07:15:00Z,2026-05-05,2026-05-05_37,0.0,100,0,0,54.02173913043474,27.45217391304343,0.07380434782608697,24.444000000000003,0.0,True,True,True,False,0.0,0.0,109.76383707065656,0.0,31476.315692911267,0.0,31586.079529981922
2026-05-05T07:15:00Z,2026-05-05T07:30:00Z,2026-05-05,2026-05-05_38,-0.23584826283701193,100,0,0,27.45217391304343,11.925109068322936,0.043259236295517776,14.34,0.0,True,True,True,False,-5.237010676295849,0.0,109.76383707065656,0.0,12157.572129697297,0.0,12262.098956091657
2026-05-05T07:30:00Z,2026-05-05T07:45:00Z,2026-05-05,2026-05-05_39,-100.0,100,0,0,11.925109068322936,27.69180621118008,0.043796380952380955,7.862285714285715,0.0,True,True,True,False,-1196.75,0.0,109.76383707065656,0.0,1412.2145728681876,0.0,325.22840993884415
2026-05-05T07:45:00Z,2026-05-05T08:00:00Z,2026-05-05,2026-05-05_40,-100.0,100,0,0,27.69180621118008,49.130434782608646,0.05955174603174603,1.697142857142857,0.0,True,True,True,False,-436.75,0.0,109.76383707065656,0.0,235.38253229519816,0.0,-91.60363063414528
2026-05-05T08:00:00Z,2026-05-05T08:15:00Z,2026-05-05,2026-05-05_41,0.0,28,0,72,49.130434782608646,49.130434782608646,0.0,0.0,0.0,True,True,True,False,0.0,721.758529174199,31.04080926189469,0.0,0.0,0.0,752.7993384360936
2026-05-05T08:15:00Z,2026-05-05T08:30:00Z,2026-05-05,2026-05-05_42,0.0,28,0,72,49.130434782608646,49.130434782608646,0.0,0.0,0.0,True,True,True,False,0.0,721.758529174199,31.04080926189469,0.0,0.0,0.0,752.7993384360936
2026-05-05T08:30:00Z,2026-05-05T08:45:00Z,2026-05-05,2026-05-05_43,-28.0,28,0,72,49.130434782608646,54.975893982608646,0.01623738666666667,0.64624,0.0,True,True,True,False,-157.42999999999998,721.758529174199,31.04080926189469,0.0,88.65796859879228,0.0,684.027307034886
2026-05-05T08:45:00Z,2026-05-05T09:00:00Z,2026-05-05,2026-05-05_44,-28.0,28,0,72,54.975893982608646,60.738185182608646,0.016006364444444445,0.73664,0.0,True,True,True,False,-110.74000000000001,721.758529174199,31.04080926189469,0.0,103.12704999423053,0.0,745.1863884303242
2026-05-05T09:00:00Z,2026-05-05T09:15:00Z,2026-05-05,2026-05-05_45,0.0,100,100,0,60.738185182608646,76.00597946832293,0.04241053968253968,0.0,16.59542857142857,True,True,True,False,0.0,0.0,110.86003307819533,102.00392322781646,0.0,4.943712999950547,217.80766930596232
2026-05-05T09:15:00Z,2026-05-05T09:30:00Z,2026-05-05,2026-05-05_46,0.0,100,100,0,76.00597946832293,85.53665375403722,0.026474095238095238,0.0,10.359428571428571,True,True,True,False,0.0,0.0,110.86003307819533,102.00392322781646,0.0,-56.745952536636025,156.11800376937578
2026-05-05T09:30:00Z,2026-05-05T09:45:00Z,2026-05-05,2026-05-05_47,0.0,100,100,0,85.53665375403722,93.49386518260864,0.02210336507936508,0.0,8.649142857142857,True,True,True,False,0.0,0.0,110.86003307819533,102.00392322781646,0.0,-225.82782590539196,-12.963869599380175
2026-05-05T09:45:00Z,2026-05-05T10:00:00Z,2026-05-05,2026-05-05_48,0.0,100,100,0,93.49386518260864,105.86602518260864,0.03436711111111111,0.0,13.447999999999999,True,True,True,False,0.0,0.0,110.86003307819533,102.00392322781646,0.0,5523.109479595369,5735.97343590138
2026-05-05T10:00:00Z,2026-05-05T10:15:00Z,2026-05-05,2026-05-05_49,-27.0,0,0,73,105.86602518260864,112.07602518260863,0.01725,0.0,0.0,True,False,True,False,-157.545,731.7829531905073,0.0,0.0,0.0,0.0,574.2379531905074
2026-05-05T10:15:00Z,2026-05-05T10:30:00Z,2026-05-05,2026-05-05_50,-27.0,0,0,73,112.07602518260863,118.28602518260863,0.01725,0.0,0.0,True,False,True,False,-103.4775,731.7829531905073,0.0,0.0,0.0,0.0,628.3054531905074
2026-05-05T10:30:00Z,2026-05-05T10:45:00Z,2026-05-05,2026-05-05_51,-27.0,0,0,73,118.28602518260863,124.49602518260862,0.01725,0.0,0.0,True,False,True,False,-92.07000000000001,731.7829531905073,0.0,0.0,0.0,0.0,639.7129531905073
2026-05-05T10:45:00Z,2026-05-05T11:00:00Z,2026-05-05,2026-05-05_52,-27.0,0,0,73,124.49602518260862,130.7060251826086,0.01725,0.0,0.0,True,False,True,False,-100.035,731.7829531905073,0.0,0.0,0.0,0.0,631.7479531905074
2026-05-05T11:00:00Z,2026-05-05T11:15:00Z,2026-05-05,2026-05-05_53,-27.0,27,0,73,130.7060251826086,136.87500369689434,0.017136051428571428,0.04458857142857142,0.0,True,True,True,False,-121.0275,731.7829531905073,29.932208931112736,0.0,4.654797151538795,0.0,645.3424592731589
2026-05-05T11:15:00Z,2026-05-05T11:30:00Z,2026-05-05,2026-05-05_54,-27.0,27,0,73,136.87500369689434,143.07535158260865,0.017223188571428575,0.010491428571428572,0.0,True,True,True,False,-115.15499999999999,731.7829531905073,29.932208931112736,0.0,1.0952463885973638,0.0,647.6554085102174
2026-05-05T11:30:00Z,2026-05-05T11:45:00Z,2026-05-05,2026-05-05_55,-27.0,27,0,73,143.07535158260865,149.2809513540372,0.017237777142857146,0.0047828571428571425,0.0,True,True,True,False,-103.4775,731.7829531905073,29.932208931112736,0.0,0.4993035006840923,0.0,658.7369656223042
2026-05-05T11:45:00Z,2026-05-05T12:00:00Z,2026-05-05,2026-05-05_56,-27.0,27,0,73,149.2809513540372,154.9067145540372,0.01562712,0.6350399999999999,0.0,True,True,True,False,-147.7575,731.7829531905073,29.932208931112736,0.0,85.40773842070848,0.0,699.3654005423285
2026-05-05T12:00:00Z,2026-05-05T12:15:00Z,2026-05-05,2026-05-05_57,-36.0,100,64,0,154.9067145540372,149.0413857788819,0.03694579135955831,13.775428571428572,0.0,True,True,True,False,-224.19,0.0,109.70614254394401,64.56248317242971,3940.7506644761065,0.0,3890.82929019248
2026-05-05T12:15:00Z,2026-05-05T12:30:00Z,2026-05-05,2026-05-05_58,-35.99999999999989,100,64,0,149.0413857788819,154.95740569440983,0.026843878647342945,2.693714285714286,0.43702857142857143,True,True,True,False,-312.7499999999991,0.0,109.70614254394401,64.56248317242971,372.5037286049464,-21.51540791129329,212.50694641002772
2026-05-05T12:30:00Z,2026-05-05T12:45:00Z,2026-05-05,2026-05-05_59,-34.98076654939048,100,64,0,154.95740569440983,162.0380016710591,0.02355870693318233,0.9908571428571428,0.05888,True,True,True,False,-306.51896688903406,0.0,109.70614254394401,64.56248317242971,136.08631474836943,-3.8924800492326628,-0.05650647352357252
2026-05-05T12:45:00Z,2026-05-05T13:00:00Z,2026-05-05,2026-05-05_60,-35.99999999999994,100,64,0,162.0380016710591,165.69929137043795,0.029142781946169753,4.909142857142857,0.45897142857142853,True,True,True,False,-321.5699999999995,0.0,109.70614254394401,64.56248317242971,1466.6628386806087,-22.7243729154418,1296.6370914815411
2026-05-05T13:00:00Z,2026-05-05T13:15:00Z,2026-05-05,2026-05-05_61,-100.0,100,0,0,165.69929137043795,176.3544685132951,0.02959771428571429,13.418285714285712,0.0,True,True,True,False,-652.5,0.0,108.09069579599215,0.0,4253.595023105284,0.0,3709.1857189012762
2026-05-05T13:15:00Z,2026-05-05T13:30:00Z,2026-05-05,2026-05-05_62,-100.0,100,0,0,176.3544685132951,189.89108565615226,0.03760171428571429,10.286285714285714,0.0,True,True,True,False,-847.7499999999999,0.0,108.09069579599215,0.0,1939.723895534444,0.0,1200.0645913304363
2026-05-05T13:30:00Z,2026-05-05T13:45:00Z,2026-05-05,2026-05-05_63,0.0,100,0,0,189.89108565615226,178.31344590459946,0.032160110420979986,10.651428571428571,0.0,True,True,True,False,0.0,0.0,108.09069579599215,0.0,2064.5495332238056,0.0,2172.640229019798
2026-05-05T13:45:00Z,2026-05-05T14:00:00Z,2026-05-05,2026-05-05_64,0.0,100,0,0,178.31344590459946,164.05506081143176,0.03960662525879917,13.117714285714285,0.0,True,True,True,False,0.0,0.0,108.09069579599215,0.0,2943.6501012676313,0.0,3051.7407970636236
2026-05-05T14:00:00Z,2026-05-05T14:15:00Z,2026-05-05,2026-05-05_65,1.8103051611573617,7,52,48,164.05506081143176,167.58894719999984,0.011655533301578085,0.0035199999999999997,4.352548571428571,True,True,True,False,30.58057993485073,481.1723527827993,7.503750144236317,48.19685372514328,0.30395015192892033,86.92038994906397,654.6778766880225
2026-05-05T14:15:00Z,2026-05-05T14:30:00Z,2026-05-05,2026-05-05_66,0.0,7,52,48,167.58894719999984,167.86139130434768,0.001082393043478261,0.05392,0.35984000000000005,True,True,True,False,0.0,481.1723527827993,7.503750144236317,48.19685372514328,5.452268287241818,-27.72749964229394,514.5977252971268
2026-05-05T14:30:00Z,2026-05-05T14:45:00Z,2026-05-05,2026-05-05_67,43.2945731294953,7,52,48,167.86139130434768,156.16802093913032,0.032551758379285034,0.014159999999999999,0.08201142857142858,True,True,True,False,1271.4533763804532,481.1723527827993,7.503750144236317,48.19685372514328,1.2227085657140657,-6.324586110454798,1803.2244554878914
2026-05-05T14:45:00Z,2026-05-05T15:00:00Z,2026-05-05,2026-05-05_68,45.000000000000036,7,52,48,156.16802093913032,143.9999999999999,0.0338472848309179,0.0118,0.06864,True,True,True,False,1490.5125000000012,481.1723527827993,7.503750144236317,48.19685372514328,1.0189238047617215,-5.293403592445864,2023.110976864496
2026-05-05T15:00:00Z,2026-05-05T15:15:00Z,2026-05-05,2026-05-05_69,0.0,0,0,100,143.9999999999999,143.9999999999999,0.0,0.0,0.0,True,False,True,False,0.0,1002.442401630832,0.0,0.0,0.0,0.0,1002.442401630832
2026-05-05T15:15:00Z,2026-05-05T15:30:00Z,2026-05-05,2026-05-05_70,0.0,0,0,100,143.9999999999999,143.9999999999999,0.0,0.0,0.0,True,False,True,False,0.0,1002.442401630832,0.0,0.0,0.0,0.0,1002.442401630832
2026-05-05T15:30:00Z,2026-05-05T15:45:00Z,2026-05-05,2026-05-05_71,0.0,0,0,100,143.9999999999999,143.9999999999999,0.0,0.0,0.0,True,False,True,False,0.0,1002.442401630832,0.0,0.0,0.0,0.0,1002.442401630832
2026-05-05T15:45:00Z,2026-05-05T16:00:00Z,2026-05-05,2026-05-05_72,0.0,0,0,100,143.9999999999999,143.9999999999999,0.0,0.0,0.0,True,False,True,False,0.0,1002.442401630832,0.0,0.0,0.0,0.0,1002.442401630832
2026-05-05T16:00:00Z,2026-05-05T16:15:00Z,2026-05-05,2026-05-05_73,0.0,0,0,100,143.9999999999999,143.9999999999999,0.0,0.0,0.0,True,True,True,False,0.0,1002.442401630832,0.0,0.0,0.0,0.0,1002.442401630832
2026-05-05T16:15:00Z,2026-05-05T16:30:00Z,2026-05-05,2026-05-05_74,0.0,0,0,100,143.9999999999999,143.9999999999999,0.0,0.0,0.0,True,True,True,False,0.0,1002.442401630832,0.0,0.0,0.0,0.0,1002.442401630832
2026-05-05T16:30:00Z,2026-05-05T16:45:00Z,2026-05-05,2026-05-05_75,0.0,0,0,100,143.9999999999999,143.9999999999999,0.0,0.0,0.0,True,True,True,False,0.0,1002.442401630832,0.0,0.0,0.0,0.0,1002.442401630832
2026-05-05T16:45:00Z,2026-05-05T17:00:00Z,2026-05-05,2026-05-05_76,0.0,0,0,100,143.9999999999999,143.9999999999999,0.0,0.0,0.0,True,True,True,False,0.0,1002.442401630832,0.0,0.0,0.0,0.0,1002.442401630832
2026-05-05T17:00:00Z,2026-05-05T17:15:00Z,2026-05-05,2026-05-05_77,0.0,0,0,100,143.9999999999999,143.9999999999999,0.0,0.0,0.0,True,True,True,False,0.0,1002.442401630832,0.0,0.0,0.0,0.0,1002.442401630832
2026-05-05T17:15:00Z,2026-05-05T17:30:00Z,2026-05-05,2026-05-05_78,0.0,0,0,100,143.9999999999999,143.9999999999999,0.0,0.0,0.0,True,True,True,False,0.0,1002.442401630832,0.0,0.0,0.0,0.0,1002.442401630832
2026-05-05T17:30:00Z,2026-05-05T17:45:00Z,2026-05-05,2026-05-05_79,0.0,0,0,100,143.9999999999999,143.9999999999999,0.0,0.0,0.0,True,True,True,False,0.0,1002.442401630832,0.0,0.0,0.0,0.0,1002.442401630832
2026-05-05T17:45:00Z,2026-05-05T18:00:00Z,2026-05-05,2026-05-05_80,0.0,0,0,100,143.9999999999999,143.9999999999999,0.0,0.0,0.0,True,True,True,False,0.0,1002.442401630832,0.0,0.0,0.0,0.0,1002.442401630832
2026-05-05T18:00:00Z,2026-05-05T18:15:00Z,2026-05-05,2026-05-05_81,100.0,0,100,0,143.9999999999999,116.82608695652162,0.07548309178743962,0.0,0.0,True,True,True,False,6481.999999999999,0.0,0.0,93.29204969421902,0.0,0.0,6575.292049694218
2026-05-05T18:15:00Z,2026-05-05T18:30:00Z,2026-05-05,2026-05-05_82,100.0,0,100,0,116.82608695652162,89.65217391304336,0.07548309178743962,0.0,0.0,True,True,True,False,6426.25,0.0,0.0,93.29204969421902,0.0,0.0,6519.542049694219
2026-05-05T18:30:00Z,2026-05-05T18:45:00Z,2026-05-05,2026-05-05_83,100.0,0,100,0,89.65217391304336,62.49378881987565,0.07543995859213251,0.0,0.014285714285714287,True,True,True,False,5976.25,0.0,0.0,93.29204969421902,0.0,-1.2363112866978403,6068.305738407521
2026-05-05T18:45:00Z,2026-05-05T19:00:00Z,2026-05-05,2026-05-05_84,99.80318237899726,0,100,0,62.49378881987565,35.42365417511016,0.07519528407193961,0.0,0.04628571428571429,True,True,True,False,5154.834369875209,0.0,0.0,93.29204969421902,0.0,-3.6125609226728503,5244.513858646755
2026-05-05T19:00:00Z,2026-05-05T19:15:00Z,2026-05-05,2026-05-05_85,0.0,57,34,43,35.42365417511016,35.51540788442693,0.0002883082677708765,0.005537142857142858,0.10627428571428572,True,True,True,False,0.0,431.05023270125776,62.18719950767337,31.719296896034464,0.8519008972872584,-6.499474360002859,519.30915564225
2026-05-05T19:15:00Z,2026-05-05T19:30:00Z,2026-05-05,2026-05-05_86,0.0,57,34,43,35.51540788442693,35.33909100492382,0.0005880776811594203,0.17849142857142858,0.019234285714285714,True,True,True,False,0.0,431.05023270125776,62.18719950767337,31.719296896034464,30.390364332694116,-1.4177434494733316,553.9293499881863
2026-05-05T19:30:00Z,2026-05-05T19:45:00Z,2026-05-05,2026-05-05_87,-22.552020446195012,57,34,43,35.33909100492382,37.465192546583644,0.0168476475464593,2.9982,0.0,True,True,True,False,-860.4723401245707,431.05023270125776,62.18719950767337,31.719296896034464,574.8335535212893,0.0,239.31794250168423
2026-05-05T19:45:00Z,2026-05-05T20:00:00Z,2026-05-05,2026-05-05_88,-23.0,57,34,43,37.465192546583644,36.31455356024824,0.01955726575569358,6.316902857142857,0.0,True,True,True,False,-793.2700000000001,431.05023270125776,62.18719950767337,31.719296896034464,1452.8937313215345,0.0,1184.5804604265
2026-05-05T20:00:00Z,2026-05-05T20:15:00Z,2026-05-05,2026-05-05_89,-0.37659482121299703,100,26,0,36.31455356024824,20.655004501863125,0.04370095226242613,14.494857142857143,0.0,True,True,True,False,-14.071465494623634,0.0,108.09069579599215,24.255932920496942,6099.352704334781,0.0,6217.627867556646
2026-05-05T20:15:00Z,2026-05-05T20:30:00Z,2026-05-05,2026-05-05_90,-74.00000000000001,100,26,0,20.655004501863125,17.75721786832276,0.024410220013802615,20.674285714285716,0.0,True,True,True,False,-2571.6850000000004,0.0,108.09069579599215,24.255932920496942,10844.636573934165,0.0,8405.298202650654
2026-05-05T20:30:00Z,2026-05-05T20:45:00Z,2026-05-05,2026-05-05_91,-74.00000000000003,100,26,0,17.75721786832276,15.969828571428359,0.025685064237405096,19.521714285714285,0.0,True,True,True,False,-2587.780000000001,0.0,108.09069579599215,24.255932920496942,12068.142212502678,0.0,9612.708841219166
2026-05-05T20:45:00Z,2026-05-05T21:00:00Z,2026-05-05,2026-05-05_92,-74.00000000000001,100,26,0,15.969828571428359,12.48978285714265,0.02376177777777777,21.29142857142857,0.013371428571428572,True,True,True,False,-2555.2200000000007,0.0,108.09069579599215,24.255932920496942,16811.670725797147,-0.671855269158704,14388.125499244476
2026-05-05T21:00:00Z,2026-05-05T21:15:00Z,2026-05-06,2026-05-05_93,0.0,90,100,0,12.48978285714265,10.019973664596067,0.011235692201518288,2.9967428571428574,0.856,True,True,True,False,0.0,0.0,96.11441165197394,82.93407435799156,533.2353011662925,-42.455992334227666,669.8277948420304
2026-05-05T21:15:00Z,2026-05-05T21:30:00Z,2026-05-06,2026-05-05_94,0.0,90,100,0,10.019973664596067,10.798556521738924,0.002162730158730159,0.0,0.8462857142857143,True,True,True,False,0.0,0.0,96.11441165197394,82.93407435799156,0.0,-42.901560641734655,136.14692536823085
2026-05-05T21:30:00Z,2026-05-05T21:45:00Z,2026-05-06,2026-05-05_95,0.0,90,100,0,10.798556521738924,15.293939378881781,0.012487174603174604,0.0,4.886285714285714,True,True,True,False,0.0,0.0,96.11441165197394,82.93407435799156,0.0,26.73972567486174,205.78821168482725
2026-05-05T21:45:00Z,2026-05-05T22:00:00Z,2026-05-06,2026-05-05_96,0.0,90,100,0,15.293939378881781,22.51041937888178,0.020045777777777777,0.0,7.843999999999999,True,True,True,False,0.0,0.0,96.11441165197394,82.93407435799156,0.0,16.615510157148336,195.66399616711385
2026-05-05T22:00:00Z,2026-05-05T22:15:00Z,2026-05-06,2026-05-06_1,6.0,94,100,0,22.51041937888178,32.20759642236004,0.03158153043478261,0.0,12.18,True,True,True,False,250.41,0.0,100.38616328095056,82.93407435799156,0.0,-83.2875776159448,350.4426600229973
2026-05-05T22:15:00Z,2026-05-05T22:30:00Z,2026-05-06,2026-05-06_2,6.000000000000332,94,100,0,32.20759642236004,40.85943391801213,0.029085055845410674,0.0,11.056,True,True,True,False,247.4100000000137,0.0,100.38616328095056,82.93407435799156,0.0,343.2614672288233,773.991704867779
2026-05-05T22:30:00Z,2026-05-05T22:45:00Z,2026-05-06,2026-05-06_3,6.0,94,100,0,40.85943391801213,56.03574199254629,0.044666763285024155,0.0,18.071428571428573,True,True,True,False,247.41,0.0,100.38616328095056,82.93407435799156,0.0,275.98236872364896,706.712606362591
2026-05-05T22:45:00Z,2026-05-05T23:00:00Z,2026-05-06,2026-05-06_4,0.22329815927814473,94,100,0,56.03574199254629,64.3478260869565,0.023303559605684324,0.0,9.097142857142856,True,True,True,False,9.096050518195225,0.0,100.38616328095056,82.93407435799156,0.0,-36.524557849203305,155.89173030793404
2026-05-05T23:00:00Z,2026-05-05T23:15:00Z,2026-05-06,2026-05-06_5,0.0,0,0,100,64.3478260869565,64.3478260869565,0.0,0.0,0.0,True,True,True,False,0.0,998.9459563050979,0.0,0.0,0.0,0.0,998.9459563050979
2026-05-05T23:15:00Z,2026-05-05T23:30:00Z,2026-05-06,2026-05-06_6,0.0,0,0,100,64.3478260869565,64.3478260869565,0.0,0.0,0.0,True,True,True,False,0.0,998.9459563050979,0.0,0.0,0.0,0.0,998.9459563050979
2026-05-05T23:30:00Z,2026-05-05T23:45:00Z,2026-05-06,2026-05-06_7,0.0,0,0,100,64.3478260869565,64.3478260869565,0.0,0.0,0.0,True,True,True,False,0.0,998.9459563050979,0.0,0.0,0.0,0.0,998.9459563050979
2026-05-05T23:45:00Z,2026-05-06T00:00:00Z,2026-05-06,2026-05-06_8,0.0,0,0,100,64.3478260869565,64.3478260869565,0.0,0.0,0.0,True,True,True,False,0.0,998.9459563050979,0.0,0.0,0.0,0.0,998.9459563050979
2026-05-06T00:00:00Z,2026-05-06T00:15:00Z,2026-05-06,2026-05-06_9,0.0,0,0,100,64.3478260869565,64.3478260869565,0.0,0.0,0.0,True,True,True,False,0.0,998.9459563050979,0.0,0.0,0.0,0.0,998.9459563050979
2026-05-06T00:15:00Z,2026-05-06T00:30:00Z,2026-05-06,2026-05-06_10,0.0,0,0,100,64.3478260869565,64.3478260869565,0.0,0.0,0.0,True,True,True,False,0.0,998.9459563050979,0.0,0.0,0.0,0.0,998.9459563050979
2026-05-06T00:30:00Z,2026-05-06T00:45:00Z,2026-05-06,2026-05-06_11,0.0,0,0,100,64.3478260869565,64.3478260869565,0.0,0.0,0.0,True,True,True,False,0.0,998.9459563050979,0.0,0.0,0.0,0.0,998.9459563050979
2026-05-06T00:45:00Z,2026-05-06T01:00:00Z,2026-05-06,2026-05-06_12,0.0,0,0,100,64.3478260869565,64.3478260869565,0.0,0.0,0.0,True,True,True,False,0.0,998.9459563050979,0.0,0.0,0.0,0.0,998.9459563050979
2026-05-06T01:00:00Z,2026-05-06T01:15:00Z,2026-05-06,2026-05-06_13,0.0,0,0,100,64.3478260869565,64.3478260869565,0.0,0.0,0.0,True,True,True,False,0.0,998.9459563050979,0.0,0.0,0.0,0.0,998.9459563050979
2026-05-06T01:15:00Z,2026-05-06T01:30:00Z,2026-05-06,2026-05-06_14,0.0,0,0,100,64.3478260869565,64.3478260869565,0.0,0.0,0.0,True,True,True,False,0.0,998.9459563050979,0.0,0.0,0.0,0.0,998.9459563050979
2026-05-06T01:30:00Z,2026-05-06T01:45:00Z,2026-05-06,2026-05-06_15,0.0,0,0,100,64.3478260869565,64.3478260869565,0.0,0.0,0.0,True,True,True,False,0.0,998.9459563050979,0.0,0.0,0.0,0.0,998.9459563050979
2026-05-06T01:45:00Z,2026-05-06T02:00:00Z,2026-05-06,2026-05-06_16,0.0,0,0,100,64.3478260869565,64.3478260869565,0.0,0.0,0.0,True,True,True,False,0.0,998.9459563050979,0.0,0.0,0.0,0.0,998.9459563050979
2026-05-06T02:00:00Z,2026-05-06T02:15:00Z,2026-05-06,2026-05-06_17,0.0,0,0,100,64.3478260869565,64.3478260869565,0.0,0.0,0.0,True,True,True,False,0.0,998.9459563050979,0.0,0.0,0.0,0.0,998.9459563050979
2026-05-06T02:15:00Z,2026-05-06T02:30:00Z,2026-05-06,2026-05-06_18,0.0,0,0,100,64.3478260869565,64.3478260869565,0.0,0.0,0.0,True,True,True,False,0.0,998.9459563050979,0.0,0.0,0.0,0.0,998.9459563050979
2026-05-06T02:30:00Z,2026-05-06T02:45:00Z,2026-05-06,2026-05-06_19,0.0,0,0,100,64.3478260869565,64.3478260869565,0.0,0.0,0.0,True,True,True,False,0.0,998.9459563050979,0.0,0.0,0.0,0.0,998.9459563050979
2026-05-06T02:45:00Z,2026-05-06T03:00:00Z,2026-05-06,2026-05-06_20,0.0,0,0,100,64.3478260869565,64.3478260869565,0.0,0.0,0.0,True,True,True,False,0.0,998.9459563050979,0.0,0.0,0.0,0.0,998.9459563050979
2026-05-06T03:00:00Z,2026-05-06T03:15:00Z,2026-05-06,2026-05-06_21,0.0,0,0,100,64.3478260869565,64.3478260869565,0.0,0.0,0.0,True,True,True,False,0.0,998.9459563050979,0.0,0.0,0.0,0.0,998.9459563050979
2026-05-06T03:15:00Z,2026-05-06T03:30:00Z,2026-05-06,2026-05-06_22,0.0,0,0,100,64.3478260869565,64.3478260869565,0.0,0.0,0.0,True,True,True,False,0.0,998.9459563050979,0.0,0.0,0.0,0.0,998.9459563050979
2026-05-06T03:30:00Z,2026-05-06T03:45:00Z,2026-05-06,2026-05-06_23,0.0,0,0,100,64.3478260869565,64.3478260869565,0.0,0.0,0.0,True,True,True,False,0.0,998.9459563050979,0.0,0.0,0.0,0.0,998.9459563050979
2026-05-06T03:45:00Z,2026-05-06T04:00:00Z,2026-05-06,2026-05-06_24,0.0,0,0,100,64.3478260869565,64.3478260869565,0.0,0.0,0.0,True,True,True,False,0.0,998.9459563050979,0.0,0.0,0.0,0.0,998.9459563050979
2026-05-06T04:00:00Z,2026-05-06T04:15:00Z,2026-05-06,2026-05-06_25,100.00000000000094,0,100,0,64.3478260869565,38.34223602484445,0.07223775017253349,0.0,1.074857142857143,True,True,True,False,4448.500000000042,0.0,0.0,82.93407435799156,0.0,-55.40293259595905,4476.031141762074
2026-05-06T04:15:00Z,2026-05-06T04:30:00Z,2026-05-06,2026-05-06_26,100.0,0,100,0,38.34223602484445,21.665838509316504,0.04632332643202208,0.0,9.657714285714286,True,True,True,False,4323.5,0.0,0.0,82.93407435799156,0.0,67.67063045501834,4474.104704813009
2026-05-06T04:30:00Z,2026-05-06T04:45:00Z,2026-05-06,2026-05-06_27,100.0,0,100,0,21.665838509316504,14.497515527950046,0.019912008281573496,0.0,18.40514285714286,True,True,True,False,4173.5,0.0,0.0,82.93407435799156,0.0,463.627594371133,4720.061668729125
2026-05-06T04:45:00Z,2026-05-06T05:00:00Z,2026-05-06,2026-05-06_28,100.0,0,100,0,14.497515527950046,13.441614906832033,0.0029330572808833727,0.0,24.02857142857143,True,True,True,False,3796.0,0.0,0.0,82.93407435799156,0.0,1030.2768055631605,4909.210879921152
2026-05-06T05:00:00Z,2026-05-06T05:15:00Z,2026-05-06,2026-05-06_29,5.0,89,94,6,13.441614906832033,16.0684648745339,0.013466922788129746,0.0,4.290697142857143,True,True,True,False,191.07500000000002,59.93675737830586,92.97412801839786,76.44480643924875,0.0,-64.9229019197284,355.5077899162241
2026-05-06T05:15:00Z,2026-05-06T05:30:00Z,2026-05-06,2026-05-06_30,4.529444758960309,89,94,6,16.0684648745339,18.70893170683199,0.012958768813196136,0.0,4.171451428571428,True,True,True,False,172.59449254018256,59.93675737830586,92.97412801839786,76.44480643924875,0.0,-201.92527004325686,200.02491433287818
2026-05-06T05:30:00Z,2026-05-06T05:45:00Z,2026-05-06,2026-05-06_31,0.0,89,94,6,18.70893170683199,18.198612273291616,0.0025349304899930985,0.6545314285714285,0.21861714285714284,True,True,True,False,0.0,59.93675737830586,92.97412801839786,76.44480643924875,106.2765615802442,-11.962396559163334,323.6698568570333
2026-05-06T05:45:00Z,2026-05-06T06:00:00Z,2026-05-06,2026-05-06_32,0.0,89,94,6,18.198612273291616,26.753416149068016,0.024322281297446523,0.09255999999999999,9.408057142857144,True,True,True,False,0.0,59.93675737830586,92.97412801839786,76.44480643924875,12.46574594097355,224.43751497563383,466.2589527525599
2026-05-06T06:00:00Z,2026-05-06T06:15:00Z,2026-05-06,2026-05-06_33,100.0,0,100,0,26.753416149068016,9.999999999999691,0.04653726708074535,0.0,9.586857142857143,True,True,True,False,4548.5,0.0,0.0,81.78420850900729,0.0,-50.81144521710562,4579.472763291902
2026-05-06T06:15:00Z,2026-05-06T06:30:00Z,2026-05-06,2026-05-06_34,0.4317602056221974,0,100,0,9.999999999999691,9.999999999999691,0.0006484895262290334,0.0,0.12742857142857145,True,True,True,False,15.672895464085764,0.0,0.0,81.78420850900729,0.0,-9.115709576739857,88.3413943963532
2026-05-06T06:30:00Z,2026-05-06T06:45:00Z,2026-05-06,2026-05-06_35,12.818111566621647,0,100,0,9.999999999999691,9.999999999999705,0.016487063790401067,0.0,3.6999999999999997,True,True,True,False,421.97223277318466,0.0,0.0,81.78420850900729,0.0,-44.864449980835566,458.89199130135637
2026-05-06T06:45:00Z,2026-05-06T07:00:00Z,2026-05-06,2026-05-06_36,0.0,0,100,0,9.999999999999705,19.36875428571399,0.026024317460317463,0.0,10.183428571428573,True,True,True,False,0.0,0.0,0.0,81.78420850900729,0.0,120.15391852379129,201.93812703279858
2026-05-06T07:00:00Z,2026-05-06T07:15:00Z,2026-05-06,2026-05-06_37,29.0,71,100,0,19.36875428571399,14.732808109316474,0.025369300648723257,0.08195428571428573,3.442285714285714,True,True,True,False,992.2350000000001,0.0,77.55845151399004,91.75929474894596,6.998688679844496,-26.68662016098122,1141.8648147817994
2026-05-06T07:15:00Z,2026-05-06T07:30:00Z,2026-05-06,2026-05-06_38,19.56666247950499,71,100,0,14.732808109316474,9.999999999999627,0.017974221507348318,0.4917257142857143,1.1742857142857144,True,True,True,False,613.8551186382704,0.0,77.55845151399004,91.75929474894596,44.33183427038275,-79.03203909543888,748.4726600761502
2026-05-06T07:30:00Z,2026-05-06T07:45:00Z,2026-05-06,2026-05-06_39,28.60235993720812,71,100,0,9.999999999999627,9.999999999999616,0.029364693396034834,0.013794285714285716,8.046857142857142,True,True,True,False,530.0732355363094,0.0,77.55845151399004,91.75929474894596,1.186974757706839,219.90990330175765,920.48785985871
2026-05-06T07:45:00Z,2026-05-06T08:00:00Z,2026-05-06,2026-05-06_40,0.0,71,100,0,9.999999999999616,26.632548571428188,0.04620152380952381,0.0,18.078857142857142,True,True,True,False,0.0,0.0,77.55845151399004,91.75929474894596,0.0,1053.601008596616,1222.918754859552
2026-05-06T08:00:00Z,2026-05-06T08:15:00Z,2026-05-06,2026-05-06_41,0.0,100,100,0,26.632548571428188,37.768754285713904,0.030933904761904767,0.0,12.104571428571429,True,True,True,False,0.0,0.0,110.15714833269453,91.73054810272136,0.0,223.80002463998247,425.6877210753984
2026-05-06T08:15:00Z,2026-05-06T08:30:00Z,2026-05-06,2026-05-06_42,7.723290606088045e-15,100,100,0,37.768754285713904,56.71286857142819,0.052622539682539674,0.0,20.59142857142857,True,True,True,False,1.1335859787085728e-13,0.0,110.15714833269453,91.73054810272136,0.0,881.7219722937085,1083.6096687291245
2026-05-06T08:30:00Z,2026-05-06T08:45:00Z,2026-05-06,2026-05-06_43,0.0,100,100,0,56.71286857142819,67.86589714285677,0.03098063492063492,0.0,12.122857142857143,True,True,True,False,0.0,0.0,110.15714833269453,91.73054810272136,0.0,185.2650435306357,387.15273996605157
2026-05-06T08:45:00Z,2026-05-06T09:00:00Z,2026-05-06,2026-05-06_44,0.0,100,100,0,67.86589714285677,75.6832685714282,0.021714920634920636,0.0,8.497142857142856,True,True,True,False,0.0,0.0,110.15714833269453,91.73054810272136,0.0,-116.66228659037398,85.22540984504191
2026-05-06T09:00:00Z,2026-05-06T09:15:00Z,2026-05-06,2026-05-06_45,0.0,100,100,0,75.6832685714282,88.77407999999963,0.03636336507936508,0.0,14.229142857142858,True,True,True,False,0.0,0.0,110.8758144883097,99.06094288999617,0.0,349.41844560039425,559.3552029787002
2026-05-06T09:15:00Z,2026-05-06T09:30:00Z,2026-05-06,2026-05-06_46,0.0,100,100,0,88.77407999999963,103.62077714285677,0.0412408253968254,0.0,16.137714285714285,True,True,True,False,0.0,0.0,110.8758144883097,99.06094288999617,0.0,491.70545353994413,701.64221091825
2026-05-06T09:30:00Z,2026-05-06T09:45:00Z,2026-05-06,2026-05-06_47,0.0,100,100,0,103.62077714285677,116.36934857142819,0.035412698412698417,0.0,13.857142857142858,True,True,True,False,0.0,0.0,110.8758144883097,99.06094288999617,0.0,306.19824234791656,516.1349997262224
2026-05-06T09:45:00Z,2026-05-06T10:00:00Z,2026-05-06,2026-05-06_48,0.0,100,100,0,116.36934857142819,126.31849142857105,0.02763650793650794,0.0,10.814285714285715,True,True,True,False,0.0,0.0,110.8758144883097,99.06094288999617,0.0,26.62743251382577,236.56418989213165
2026-05-06T10:00:00Z,2026-05-06T10:15:00Z,2026-05-06,2026-05-06_49,0.0,27,27,73,126.31849142857105,127.95154399999963,0.004536257142857143,0.0,1.7750571428571429,True,True,True,False,0.0,729.2305481027214,29.93646991184362,26.746454580298966,0.0,-17.192676887696436,768.7207957071676
2026-05-06T10:15:00Z,2026-05-06T10:30:00Z,2026-05-06,2026-05-06_50,0.0,27,27,73,127.95154399999963,131.4691718857139,0.009771188571428573,0.0,3.823508571428572,True,True,True,False,0.0,729.2305481027214,29.93646991184362,26.746454580298966,0.0,71.08223380386575,856.9957063987297
2026-05-06T10:30:00Z,2026-05-06T10:45:00Z,2026-05-06,2026-05-06_51,0.0,27,27,73,131.4691718857139,134.62725851428533,0.008772462857142857,0.0,3.4327028571428566,True,True,True,False,0.0,729.2305481027214,29.93646991184362,26.746454580298966,0.0,46.143473324207406,832.0569459190714
2026-05-06T10:45:00Z,2026-05-06T11:00:00Z,2026-05-06,2026-05-06_52,0.0,27,27,73,134.62725851428533,136.98734239999962,0.006555788571428572,0.0,2.5653085714285715,True,True,True,False,0.0,729.2305481027214,29.93646991184362,26.746454580298966,0.0,11.472602687400755,797.3860752822648
2026-05-06T11:00:00Z,2026-05-06T11:15:00Z,2026-05-06,2026-05-06_53,-12.0,27,15,73,136.98734239999962,140.94699611428533,0.010999038095238096,0.0,1.3039714285714283,True,True,True,False,-113.34,729.2305481027214,29.742430049827522,14.859141433499426,0.0,0.5427799813831242,661.0348995674315
2026-05-06T11:15:00Z,2026-05-06T11:30:00Z,2026-05-06,2026-05-06_54,-12.0,27,15,73,140.94699611428533,144.5560700819872,0.010143735486542443,0.035331428571428576,0.9618,True,True,True,False,-141.81,729.2305481027214,29.742430049827522,14.859141433499426,2.9742454295570284,-12.405155576849369,622.591209438756
2026-05-06T11:30:00Z,2026-05-06T11:45:00Z,2026-05-06,2026-05-06_55,-12.0,27,15,73,144.5560700819872,147.80855342111764,0.009069872629399584,0.010491428571428572,0.5468571428571428,True,True,True,False,-164.55,729.2305481027214,29.742430049827522,14.859141433499426,0.8424810162623884,-12.635460220117176,597.4891403821936
2026-05-06T11:45:00Z,2026-05-06T12:00:00Z,2026-05-06,2026-05-06_56,-12.0,27,15,73,147.80855342111764,150.57676923229775,0.0077505649689441,0.018205714285714287,0.028971428571428575,True,True,True,False,-139.29,729.2305481027214,29.742430049827522,14.859141433499426,1.1165461994195915,-1.9320689262443194,633.7265968592236
2026-05-06T12:00:00Z,2026-05-06T12:15:00Z,2026-05-06,2026-05-06_57,-27.0,12,0,73,150.57676923229775,156.23388603229773,0.01571421333333333,0.6009599999999999,0.0,True,True,True,False,-297.53999999999996,729.2305481027214,13.108470678420849,0.0,86.3376128784975,0.0,531.1366316596398
2026-05-06T12:15:00Z,2026-05-06T12:30:00Z,2026-05-06,2026-05-06_58,13.485797741714244,12,0,73,156.23388603229773,152.38151552794992,0.010701029178743928,0.1727314285714286,0.0,True,True,True,False,259.3656050675192,729.2305481027214,13.108470678420849,0.0,21.933481820073375,0.0,1023.6381056687349
2026-05-06T12:30:00Z,2026-05-06T12:45:00Z,2026-05-06,2026-05-06_59,15.0,12,0,73,152.38151552794992,148.26652173913004,0.011430538302277433,0.035794285714285716,0.0,True,True,True,False,347.4,729.2305481027214,13.108470678420849,0.0,4.0830112292613485,0.0,1093.8220300104035
2026-05-06T12:45:00Z,2026-05-06T13:00:00Z,2026-05-06,2026-05-06_60,14.999999999999996,12,0,73,148.26652173913004,143.99999999999963,0.011851449275362315,0.1752,0.0,True,True,True,False,366.9374999999999,729.2305481027214,13.108470678420849,0.0,23.37446009965504,0.0,1132.650978880797
2026-05-06T13:00:00Z,2026-05-06T13:15:00Z,2026-05-06,2026-05-06_61,0.0,0,0,100,143.99999999999963,143.99999999999963,0.0,0.0,0.0,True,True,True,False,0.0,998.9459563050979,0.0,0.0,0.0,0.0,998.9459563050979
2026-05-06T13:15:00Z,2026-05-06T13:30:00Z,2026-05-06,2026-05-06_62,0.0,0,0,100,143.99999999999963,143.99999999999963,0.0,0.0,0.0,True,True,True,False,0.0,998.9459563050979,0.0,0.0,0.0,0.0,998.9459563050979
2026-05-06T13:30:00Z,2026-05-06T13:45:00Z,2026-05-06,2026-05-06_63,0.0,0,0,100,143.99999999999963,143.99999999999963,0.0,0.0,0.0,True,True,True,False,0.0,998.9459563050979,0.0,0.0,0.0,0.0,998.9459563050979
2026-05-06T13:45:00Z,2026-05-06T14:00:00Z,2026-05-06,2026-05-06_64,0.0,0,0,100,143.99999999999963,143.99999999999963,0.0,0.0,0.0,True,True,True,False,0.0,998.9459563050979,0.0,0.0,0.0,0.0,998.9459563050979
2026-05-06T14:00:00Z,2026-05-06T14:15:00Z,2026-05-06,2026-05-06_65,0.0,0,0,100,143.99999999999963,143.99999999999963,0.0,0.0,0.0,True,True,True,False,0.0,998.9459563050979,0.0,0.0,0.0,0.0,998.9459563050979
2026-05-06T14:15:00Z,2026-05-06T14:30:00Z,2026-05-06,2026-05-06_66,0.0,0,0,100,143.99999999999963,143.99999999999963,0.0,0.0,0.0,True,True,True,False,0.0,998.9459563050979,0.0,0.0,0.0,0.0,998.9459563050979
2026-05-06T14:30:00Z,2026-05-06T14:45:00Z,2026-05-06,2026-05-06_67,0.0,0,0,100,143.99999999999963,143.99999999999963,0.0,0.0,0.0,True,True,True,False,0.0,998.9459563050979,0.0,0.0,0.0,0.0,998.9459563050979
2026-05-06T14:45:00Z,2026-05-06T15:00:00Z,2026-05-06,2026-05-06_68,0.0,0,0,100,143.99999999999963,143.99999999999963,0.0,0.0,0.0,True,True,True,False,0.0,998.9459563050979,0.0,0.0,0.0,0.0,998.9459563050979
2026-05-06T15:00:00Z,2026-05-06T15:15:00Z,2026-05-06,2026-05-06_69,0.0,0,0,100,143.99999999999963,143.99999999999963,0.0,0.0,0.0,True,True,True,False,0.0,998.9459563050979,0.0,0.0,0.0,0.0,998.9459563050979
2026-05-06T15:15:00Z,2026-05-06T15:30:00Z,2026-05-06,2026-05-06_70,0.0,0,0,100,143.99999999999963,143.99999999999963,0.0,0.0,0.0,True,True,True,False,0.0,998.9459563050979,0.0,0.0,0.0,0.0,998.9459563050979
2026-05-06T15:30:00Z,2026-05-06T15:45:00Z,2026-05-06,2026-05-06_71,0.0,0,0,100,143.99999999999963,143.99999999999963,0.0,0.0,0.0,True,True,True,False,0.0,998.9459563050979,0.0,0.0,0.0,0.0,998.9459563050979
2026-05-06T15:45:00Z,2026-05-06T16:00:00Z,2026-05-06,2026-05-06_72,0.0,0,0,100,143.99999999999963,143.99999999999963,0.0,0.0,0.0,True,True,True,False,0.0,998.9459563050979,0.0,0.0,0.0,0.0,998.9459563050979
2026-05-06T16:00:00Z,2026-05-06T16:15:00Z,2026-05-06,2026-05-06_73,0.0,0,0,100,143.99999999999963,143.99999999999963,0.0,0.0,0.0,True,True,True,False,0.0,998.9459563050979,0.0,0.0,0.0,0.0,998.9459563050979
2026-05-06T16:15:00Z,2026-05-06T16:30:00Z,2026-05-06,2026-05-06_74,0.0,0,0,100,143.99999999999963,143.99999999999963,0.0,0.0,0.0,True,True,True,False,0.0,998.9459563050979,0.0,0.0,0.0,0.0,998.9459563050979
2026-05-06T16:30:00Z,2026-05-06T16:45:00Z,2026-05-06,2026-05-06_75,0.0,0,0,100,143.99999999999963,143.99999999999963,0.0,0.0,0.0,True,True,True,False,0.0,998.9459563050979,0.0,0.0,0.0,0.0,998.9459563050979
2026-05-06T16:45:00Z,2026-05-06T17:00:00Z,2026-05-06,2026-05-06_76,0.0,0,0,100,143.99999999999963,143.99999999999963,0.0,0.0,0.0,True,True,True,False,0.0,998.9459563050979,0.0,0.0,0.0,0.0,998.9459563050979
2026-05-06T17:00:00Z,2026-05-06T17:15:00Z,2026-05-06,2026-05-06_77,0.0,0,0,100,143.99999999999963,143.99999999999963,0.0,0.0,0.0,True,True,True,False,0.0,998.9459563050979,0.0,0.0,0.0,0.0,998.9459563050979
2026-05-06T17:15:00Z,2026-05-06T17:30:00Z,2026-05-06,2026-05-06_78,0.0,0,0,100,143.99999999999963,143.99999999999963,0.0,0.0,0.0,True,True,True,False,0.0,998.9459563050979,0.0,0.0,0.0,0.0,998.9459563050979
2026-05-06T17:30:00Z,2026-05-06T17:45:00Z,2026-05-06,2026-05-06_79,0.0,0,0,100,143.99999999999963,143.99999999999963,0.0,0.0,0.0,True,True,True,False,0.0,998.9459563050979,0.0,0.0,0.0,0.0,998.9459563050979
2026-05-06T17:45:00Z,2026-05-06T18:00:00Z,2026-05-06,2026-05-06_80,0.0,0,0,100,143.99999999999963,143.99999999999963,0.0,0.0,0.0,True,True,True,False,0.0,998.9459563050979,0.0,0.0,0.0,0.0,998.9459563050979
2026-05-06T18:00:00Z,2026-05-06T18:15:00Z,2026-05-06,2026-05-06_81,74.0,0,74,26,143.99999999999963,123.96852173913005,0.055642995169082124,0.0,0.07104,True,True,True,False,4292.925,259.72594863932545,0.0,67.51897278650823,0.0,-3.9025574856266774,4616.267363940207
2026-05-06T18:15:00Z,2026-05-06T18:30:00Z,2026-05-06,2026-05-06_82,74.0,0,74,26,123.96852173913005,103.86120496894372,0.05585365769496203,0.0,0.0012685714285714286,True,True,True,False,4495.3150000000005,259.72594863932545,0.0,67.51897278650823,0.0,-0.09748891200788479,4822.462432513827
2026-05-06T18:30:00Z,2026-05-06T18:45:00Z,2026-05-06,2026-05-06_83,74.0,0,74,26,103.86120496894372,83.81777639751516,0.055676190476190476,0.0,0.06004571428571428,True,True,True,False,3947.9,259.72594863932545,0.0,67.51897278650823,0.0,-4.614475168373213,4270.53044625746
2026-05-06T18:45:00Z,2026-05-06T19:00:00Z,2026-05-06,2026-05-06_84,73.23684141969237,0,74,26,83.81777639751516,64.34782608695615,0.05410414703854485,0.0,0.3974857142857143,True,True,True,False,3384.0913499004355,259.72594863932545,0.0,67.51897278650823,0.0,-30.546525762470566,3680.7897455637985
2026-05-06T19:00:00Z,2026-05-06T19:15:00Z,2026-05-06,2026-05-06_85,0.0,0,0,100,64.34782608695615,64.34782608695615,0.0,0.0,0.0,True,True,True,False,0.0,998.9459563050979,0.0,0.0,0.0,0.0,998.9459563050979
2026-05-06T19:15:00Z,2026-05-06T19:30:00Z,2026-05-06,2026-05-06_86,0.0,0,0,100,64.34782608695615,64.34782608695615,0.0,0.0,0.0,True,True,True,False,0.0,998.9459563050979,0.0,0.0,0.0,0.0,998.9459563050979
2026-05-06T19:30:00Z,2026-05-06T19:45:00Z,2026-05-06,2026-05-06_87,0.0,0,0,100,64.34782608695615,64.34782608695615,0.0,0.0,0.0,True,True,True,False,0.0,998.9459563050979,0.0,0.0,0.0,0.0,998.9459563050979
2026-05-06T19:45:00Z,2026-05-06T20:00:00Z,2026-05-06,2026-05-06_88,0.0,0,0,100,64.34782608695615,64.34782608695615,0.0,0.0,0.0,True,True,True,False,0.0,998.9459563050979,0.0,0.0,0.0,0.0,998.9459563050979
2026-05-06T20:00:00Z,2026-05-06T20:15:00Z,2026-05-06,2026-05-06_89,0.0,0,0,100,64.34782608695615,64.34782608695615,0.0,0.0,0.0,True,True,True,False,0.0,998.9459563050979,0.0,0.0,0.0,0.0,998.9459563050979
2026-05-06T20:15:00Z,2026-05-06T20:30:00Z,2026-05-06,2026-05-06_90,0.0,0,0,100,64.34782608695615,64.34782608695615,0.0,0.0,0.0,True,True,True,False,0.0,998.9459563050979,0.0,0.0,0.0,0.0,998.9459563050979
2026-05-06T20:30:00Z,2026-05-06T20:45:00Z,2026-05-06,2026-05-06_91,0.0,0,0,100,64.34782608695615,64.34782608695615,0.0,0.0,0.0,True,True,True,False,0.0,998.9459563050979,0.0,0.0,0.0,0.0,998.9459563050979
2026-05-06T20:45:00Z,2026-05-06T21:00:00Z,2026-05-06,2026-05-06_92,0.0,0,0,100,64.34782608695615,64.34782608695615,0.0,0.0,0.0,True,True,True,False,0.0,998.9459563050979,0.0,0.0,0.0,0.0,998.9459563050979
2026-05-06T21:00:00Z,2026-05-06T21:15:00Z,2026-05-07,2026-05-06_93,0.0,0,0,100,64.34782608695615,64.34782608695615,0.0,0.0,0.0,True,True,True,False,0.0,989.3144549043425,0.0,0.0,0.0,0.0,989.3144549043425
2026-05-06T21:15:00Z,2026-05-06T21:30:00Z,2026-05-07,2026-05-06_94,0.0,0,0,100,64.34782608695615,64.34782608695615,0.0,0.0,0.0,True,True,True,False,0.0,989.3144549043425,0.0,0.0,0.0,0.0,989.3144549043425
2026-05-06T21:30:00Z,2026-05-06T21:45:00Z,2026-05-07,2026-05-06_95,0.0,0,0,100,64.34782608695615,64.34782608695615,0.0,0.0,0.0,True,True,True,False,0.0,989.3144549043425,0.0,0.0,0.0,0.0,989.3144549043425
2026-05-06T21:45:00Z,2026-05-06T22:00:00Z,2026-05-07,2026-05-06_96,0.0,0,0,100,64.34782608695615,64.34782608695615,0.0,0.0,0.0,True,True,True,False,0.0,989.3144549043425,0.0,0.0,0.0,0.0,989.3144549043425
2026-05-06T22:00:00Z,2026-05-06T22:15:00Z,2026-05-07,2026-05-07_1,-1.6064444460663134e-12,0,0,100,64.34782608695615,64.34782608695652,1.0263395072090335e-15,0.0,0.0,True,True,True,False,-5.5566913389433786e-11,989.3144549043425,0.0,0.0,0.0,0.0,989.3144549042869
2026-05-06T22:15:00Z,2026-05-06T22:30:00Z,2026-05-07,2026-05-07_2,0.0,0,0,100,64.34782608695652,64.34782608695652,0.0,0.0,0.0,True,True,True,False,0.0,989.3144549043425,0.0,0.0,0.0,0.0,989.3144549043425
2026-05-06T22:30:00Z,2026-05-06T22:45:00Z,2026-05-07,2026-05-07_3,0.0,0,0,100,64.34782608695652,64.34782608695652,0.0,0.0,0.0,True,True,True,False,0.0,989.3144549043425,0.0,0.0,0.0,0.0,989.3144549043425
2026-05-06T22:45:00Z,2026-05-06T23:00:00Z,2026-05-07,2026-05-07_4,0.0,0,0,100,64.34782608695652,64.34782608695652,0.0,0.0,0.0,True,True,True,False,0.0,989.3144549043425,0.0,0.0,0.0,0.0,989.3144549043425
2026-05-06T23:00:00Z,2026-05-06T23:15:00Z,2026-05-07,2026-05-07_5,0.0,0,0,100,64.34782608695652,64.34782608695652,0.0,0.0,0.0,True,True,True,False,0.0,989.3144549043425,0.0,0.0,0.0,0.0,989.3144549043425
2026-05-06T23:15:00Z,2026-05-06T23:30:00Z,2026-05-07,2026-05-07_6,0.0,0,0,100,64.34782608695652,64.34782608695652,0.0,0.0,0.0,True,True,True,False,0.0,989.3144549043425,0.0,0.0,0.0,0.0,989.3144549043425
2026-05-06T23:30:00Z,2026-05-06T23:45:00Z,2026-05-07,2026-05-07_7,0.0,0,0,100,64.34782608695652,64.34782608695652,0.0,0.0,0.0,True,True,True,False,0.0,989.3144549043425,0.0,0.0,0.0,0.0,989.3144549043425
2026-05-06T23:45:00Z,2026-05-07T00:00:00Z,2026-05-07,2026-05-07_8,0.0,0,0,100,64.34782608695652,64.34782608695652,0.0,0.0,0.0,True,True,True,False,0.0,989.3144549043425,0.0,0.0,0.0,0.0,989.3144549043425
2026-05-07T00:00:00Z,2026-05-07T00:15:00Z,2026-05-07,2026-05-07_9,0.0,0,0,100,64.34782608695652,64.34782608695652,0.0,0.0,0.0,True,True,True,False,0.0,989.3144549043425,0.0,0.0,0.0,0.0,989.3144549043425
2026-05-07T00:15:00Z,2026-05-07T00:30:00Z,2026-05-07,2026-05-07_10,0.0,0,0,100,64.34782608695652,64.34782608695652,0.0,0.0,0.0,True,True,True,False,0.0,989.3144549043425,0.0,0.0,0.0,0.0,989.3144549043425
2026-05-07T00:30:00Z,2026-05-07T00:45:00Z,2026-05-07,2026-05-07_11,0.0,0,0,100,64.34782608695652,64.34782608695652,0.0,0.0,0.0,True,True,True,False,0.0,989.3144549043425,0.0,0.0,0.0,0.0,989.3144549043425
2026-05-07T00:45:00Z,2026-05-07T01:00:00Z,2026-05-07,2026-05-07_12,0.0,0,0,100,64.34782608695652,64.34782608695652,0.0,0.0,0.0,True,True,True,False,0.0,989.3144549043425,0.0,0.0,0.0,0.0,989.3144549043425
2026-05-07T01:00:00Z,2026-05-07T01:15:00Z,2026-05-07,2026-05-07_13,0.0,0,0,100,64.34782608695652,64.34782608695652,0.0,0.0,0.0,True,True,True,False,0.0,989.3144549043425,0.0,0.0,0.0,0.0,989.3144549043425
2026-05-07T01:15:00Z,2026-05-07T01:30:00Z,2026-05-07,2026-05-07_14,0.0,0,0,100,64.34782608695652,64.34782608695652,0.0,0.0,0.0,True,True,True,False,0.0,989.3144549043425,0.0,0.0,0.0,0.0,989.3144549043425
2026-05-07T01:30:00Z,2026-05-07T01:45:00Z,2026-05-07,2026-05-07_15,0.0,0,0,100,64.34782608695652,64.34782608695652,0.0,0.0,0.0,True,True,True,False,0.0,989.3144549043425,0.0,0.0,0.0,0.0,989.3144549043425
2026-05-07T01:45:00Z,2026-05-07T02:00:00Z,2026-05-07,2026-05-07_16,0.0,0,0,100,64.34782608695652,64.34782608695652,0.0,0.0,0.0,True,True,True,False,0.0,989.3144549043425,0.0,0.0,0.0,0.0,989.3144549043425
2026-05-07T02:00:00Z,2026-05-07T02:15:00Z,2026-05-07,2026-05-07_17,0.0,100,100,0,64.34782608695652,70.25480049689442,0.016425515527950314,0.002857142857142857,6.424,True,True,True,False,0.0,0.0,105.3370786516854,93.52224415426663,0.43382065853975965,101.29187822654116,300.585021691033
2026-05-07T02:15:00Z,2026-05-07T02:30:00Z,2026-05-07,2026-05-07_18,0.0,100,100,0,70.25480049689442,83.9843547826087,0.03813765079365079,0.0,14.923428571428571,True,True,True,False,0.0,0.0,105.3370786516854,93.52224415426663,0.0,410.12520628172314,608.9845290876751
2026-05-07T02:30:00Z,2026-05-07T02:45:00Z,2026-05-07,2026-05-07_19,0.0,100,100,0,83.9843547826087,96.481109068323,0.034713206349206355,0.0,13.583428571428572,True,True,True,False,0.0,0.0,105.3370786516854,93.52224415426663,0.0,304.2942715066592,503.15359431261123
2026-05-07T02:45:00Z,2026-05-07T03:00:00Z,2026-05-07,2026-05-07_20,0.0,100,100,0,96.481109068323,110.72060621118014,0.039554158730158724,0.0,15.477714285714283,True,True,True,False,0.0,0.0,105.3370786516854,93.52224415426663,0.0,350.3313415903865,549.1906643963385
2026-05-07T03:00:00Z,2026-05-07T03:15:00Z,2026-05-07,2026-05-07_21,91.11766586621857,6,100,0,110.72060621118014,104.09401874285824,0.026085776344822176,0.0,16.913714285714285,True,True,True,False,3440.375268943748,0.0,6.263855147282113,77.86402976009718,0.0,4537.493571103207,8061.996724954334
2026-05-07T03:15:00Z,2026-05-07T03:30:00Z,2026-05-07,2026-05-07_22,94.00000000000145,6,100,0,104.09401874285824,96.56865522484547,0.026034583740510438,0.0,16.730857142857143,True,True,True,False,3640.1500000000565,0.0,6.263855147282113,77.86402976009718,0.0,804.8803577935882,4529.158242701024
2026-05-07T03:30:00Z,2026-05-07T03:45:00Z,2026-05-07,2026-05-07_23,94.00000000000145,6,100,0,96.56865522484547,81.00132567453454,0.0460833668461011,0.0,9.263428571428571,True,True,True,False,3751.3050000000576,0.0,6.263855147282113,77.86402976009718,0.0,78.08897282113575,3913.5218577285727
2026-05-07T03:45:00Z,2026-05-07T04:00:00Z,2026-05-07,2026-05-07_24,94.00000000000145,6,100,0,81.00132567453454,64.34782608695653,0.04879121060041451,0.0,8.254857142857142,True,True,True,False,3811.465000000059,0.0,6.263855147282113,77.86402976009718,0.0,55.30133855364192,3950.89422346108
2026-05-07T04:00:00Z,2026-05-07T04:15:00Z,2026-05-07,2026-05-07_25,0.0,0,0,100,64.34782608695653,64.34782608695653,0.0,0.0,0.0,True,True,True,False,0.0,989.3144549043425,0.0,0.0,0.0,0.0,989.3144549043425
2026-05-07T04:15:00Z,2026-05-07T04:30:00Z,2026-05-07,2026-05-07_26,0.0,0,0,100,64.34782608695653,64.34782608695653,0.0,0.0,0.0,True,True,True,False,0.0,989.3144549043425,0.0,0.0,0.0,0.0,989.3144549043425
2026-05-07T04:30:00Z,2026-05-07T04:45:00Z,2026-05-07,2026-05-07_27,0.0,0,0,100,64.34782608695653,64.34782608695653,0.0,0.0,0.0,True,True,True,False,0.0,989.3144549043425,0.0,0.0,0.0,0.0,989.3144549043425
2026-05-07T04:45:00Z,2026-05-07T05:00:00Z,2026-05-07,2026-05-07_28,0.0,0,0,100,64.34782608695653,64.34782608695653,0.0,0.0,0.0,True,True,True,False,0.0,989.3144549043425,0.0,0.0,0.0,0.0,989.3144549043425
2026-05-07T05:00:00Z,2026-05-07T05:15:00Z,2026-05-07,2026-05-07_29,0.0,0,0,100,64.34782608695653,64.34782608695653,0.0,0.0,0.0,True,True,True,False,0.0,989.3144549043425,0.0,0.0,0.0,0.0,989.3144549043425
2026-05-07T05:15:00Z,2026-05-07T05:30:00Z,2026-05-07,2026-05-07_30,0.0,0,0,100,64.34782608695653,64.34782608695653,0.0,0.0,0.0,True,True,True,False,0.0,989.3144549043425,0.0,0.0,0.0,0.0,989.3144549043425
2026-05-07T05:30:00Z,2026-05-07T05:45:00Z,2026-05-07,2026-05-07_31,0.0,0,0,100,64.34782608695653,64.34782608695653,0.0,0.0,0.0,True,True,True,False,0.0,989.3144549043425,0.0,0.0,0.0,0.0,989.3144549043425
2026-05-07T05:45:00Z,2026-05-07T06:00:00Z,2026-05-07,2026-05-07_32,0.0,0,0,100,64.34782608695653,64.34782608695653,0.0,0.0,0.0,True,True,True,False,0.0,989.3144549043425,0.0,0.0,0.0,0.0,989.3144549043425
2026-05-07T06:00:00Z,2026-05-07T06:15:00Z,2026-05-07,2026-05-07_33,0.0,0,0,100,64.34782608695653,64.34782608695653,0.0,0.0,0.0,True,True,True,False,0.0,989.3144549043425,0.0,0.0,0.0,0.0,989.3144549043425
2026-05-07T06:15:00Z,2026-05-07T06:30:00Z,2026-05-07,2026-05-07_34,0.0,0,0,100,64.34782608695653,64.34782608695653,0.0,0.0,0.0,True,True,True,False,0.0,989.3144549043425,0.0,0.0,0.0,0.0,989.3144549043425
2026-05-07T06:30:00Z,2026-05-07T06:45:00Z,2026-05-07,2026-05-07_35,0.0,0,0,100,64.34782608695653,64.34782608695653,0.0,0.0,0.0,True,True,True,False,0.0,989.3144549043425,0.0,0.0,0.0,0.0,989.3144549043425
2026-05-07T06:45:00Z,2026-05-07T07:00:00Z,2026-05-07,2026-05-07_36,0.0,0,0,100,64.34782608695653,64.34782608695653,0.0,0.0,0.0,True,True,True,False,0.0,989.3144549043425,0.0,0.0,0.0,0.0,989.3144549043425
2026-05-07T07:00:00Z,2026-05-07T07:15:00Z,2026-05-07,2026-05-07_37,0.0,100,0,0,64.34782608695653,49.78695652173914,0.040446859903381635,13.395999999999999,0.0,True,True,True,False,0.0,0.0,108.78188581840269,0.0,7023.904583965988,0.0,7132.686469784391
2026-05-07T07:15:00Z,2026-05-07T07:30:00Z,2026-05-07,2026-05-07_38,0.0,100,0,0,49.78695652173914,38.37142857142858,0.03170979986197378,10.502285714285716,0.0,True,True,True,False,0.0,0.0,108.78188581840269,0.0,3603.4492817014448,0.0,3712.2311675198475
2026-05-07T07:30:00Z,2026-05-07T07:45:00Z,2026-05-07,2026-05-07_39,-100.0,100,0,0,38.37142857142858,52.625645714285724,0.03959504761904762,9.506285714285715,0.0,True,True,True,False,-3382.25,0.0,108.78188581840269,0.0,3502.743684005033,0.0,229.27556982343586
2026-05-07T07:45:00Z,2026-05-07T08:00:00Z,2026-05-07,2026-05-07_40,-100.0,100,0,0,52.625645714285724,74.40493714285715,0.060498031746031744,1.3268571428571427,0.0,True,True,True,False,-3080.0,0.0,108.78188581840269,0.0,226.3977701618151,0.0,-2744.820344019782
2026-05-07T08:00:00Z,2026-05-07T08:15:00Z,2026-05-07,2026-05-07_41,0.0,0,0,100,74.40493714285715,74.40493714285715,0.0,0.0,0.0,True,True,True,False,0.0,989.3144549043425,0.0,0.0,0.0,0.0,989.3144549043425
2026-05-07T08:15:00Z,2026-05-07T08:30:00Z,2026-05-07,2026-05-07_42,0.0,0,0,100,74.40493714285715,74.40493714285715,0.0,0.0,0.0,True,True,True,False,0.0,989.3144549043425,0.0,0.0,0.0,0.0,989.3144549043425
2026-05-07T08:30:00Z,2026-05-07T08:45:00Z,2026-05-07,2026-05-07_43,0.0,0,0,100,74.40493714285715,74.40493714285715,0.0,0.0,0.0,True,True,True,False,0.0,989.3144549043425,0.0,0.0,0.0,0.0,989.3144549043425
2026-05-07T08:45:00Z,2026-05-07T09:00:00Z,2026-05-07,2026-05-07_44,0.0,0,0,100,74.40493714285715,74.40493714285715,0.0,0.0,0.0,True,True,True,False,0.0,989.3144549043425,0.0,0.0,0.0,0.0,989.3144549043425
2026-05-07T09:00:00Z,2026-05-07T09:15:00Z,2026-05-07,2026-05-07_45,0.0,0,0,100,74.40493714285715,74.40493714285715,0.0,0.0,0.0,True,True,True,False,0.0,989.3144549043425,0.0,0.0,0.0,0.0,989.3144549043425
2026-05-07T09:15:00Z,2026-05-07T09:30:00Z,2026-05-07,2026-05-07_46,0.0,0,0,100,74.40493714285715,74.40493714285715,0.0,0.0,0.0,True,True,True,False,0.0,989.3144549043425,0.0,0.0,0.0,0.0,989.3144549043425
2026-05-07T09:30:00Z,2026-05-07T09:45:00Z,2026-05-07,2026-05-07_47,0.0,0,0,100,74.40493714285715,74.40493714285715,0.0,0.0,0.0,True,True,True,False,0.0,989.3144549043425,0.0,0.0,0.0,0.0,989.3144549043425
2026-05-07T09:45:00Z,2026-05-07T10:00:00Z,2026-05-07,2026-05-07_48,0.0,0,0,100,74.40493714285715,74.40493714285715,0.0,0.0,0.0,True,True,True,False,0.0,989.3144549043425,0.0,0.0,0.0,0.0,989.3144549043425
2026-05-07T10:00:00Z,2026-05-07T10:15:00Z,2026-05-07,2026-05-07_49,0.0,0,0,100,74.40493714285715,74.40493714285715,0.0,0.0,0.0,True,True,True,False,0.0,989.3144549043425,0.0,0.0,0.0,0.0,989.3144549043425
2026-05-07T10:15:00Z,2026-05-07T10:30:00Z,2026-05-07,2026-05-07_50,0.0,0,0,100,74.40493714285715,74.40493714285715,0.0,0.0,0.0,True,True,True,False,0.0,989.3144549043425,0.0,0.0,0.0,0.0,989.3144549043425
2026-05-07T10:30:00Z,2026-05-07T10:45:00Z,2026-05-07,2026-05-07_51,0.0,0,0,100,74.40493714285715,74.40493714285715,0.0,0.0,0.0,True,True,True,False,0.0,989.3144549043425,0.0,0.0,0.0,0.0,989.3144549043425
2026-05-07T10:45:00Z,2026-05-07T11:00:00Z,2026-05-07,2026-05-07_52,0.0,0,0,100,74.40493714285715,74.40493714285715,0.0,0.0,0.0,True,True,True,False,0.0,989.3144549043425,0.0,0.0,0.0,0.0,989.3144549043425
2026-05-07T11:00:00Z,2026-05-07T11:15:00Z,2026-05-07,2026-05-07_53,-20.0,20,0,80,74.40493714285715,77.9017782857143,0.009713447619047619,1.1990857142857143,0.0,True,True,True,False,-539.85,791.4515639234739,21.796234436683875,0.0,240.963930154874,0.0,514.3617285150318
2026-05-07T11:15:00Z,2026-05-07T11:30:00Z,2026-05-07,2026-05-07_54,-20.000000000000018,20,0,80,77.9017782857143,81.26403657142859,0.009339606349206362,1.3453714285714287,0.0,True,True,True,False,-546.0500000000004,791.4515639234739,21.796234436683875,0.0,278.7406956748081,0.0,545.9384940349655
2026-05-07T11:30:00Z,2026-05-07T11:45:00Z,2026-05-07,2026-05-07_55,-20.000000000000032,20,0,80,81.26403657142859,84.85045942857145,0.009962285714285734,1.1017142857142856,0.0,True,True,True,False,-540.6500000000009,791.4515639234739,21.796234436683875,0.0,188.06447702919615,0.0,460.6622753893531
2026-05-07T11:45:00Z,2026-05-07T12:00:00Z,2026-05-07,2026-05-07_56,-20.0,20,0,80,84.85045942857145,89.38853028571431,0.012605752380952382,0.06731428571428572,0.0,True,True,True,False,-538.15,791.4515639234739,21.796234436683875,0.0,11.485640536202334,0.0,286.5834388963602
2026-05-07T12:00:00Z,2026-05-07T12:15:00Z,2026-05-07,2026-05-07_57,0.0,0,0,100,89.38853028571431,89.38853028571431,0.0,0.0,0.0,True,True,True,False,0.0,989.3144549043425,0.0,0.0,0.0,0.0,989.3144549043425
2026-05-07T12:15:00Z,2026-05-07T12:30:00Z,2026-05-07,2026-05-07_58,0.0,0,0,100,89.38853028571431,89.38853028571431,0.0,0.0,0.0,True,True,True,False,0.0,989.3144549043425,0.0,0.0,0.0,0.0,989.3144549043425
2026-05-07T12:30:00Z,2026-05-07T12:45:00Z,2026-05-07,2026-05-07_59,0.0,0,0,100,89.38853028571431,89.38853028571431,0.0,0.0,0.0,True,True,True,False,0.0,989.3144549043425,0.0,0.0,0.0,0.0,989.3144549043425
2026-05-07T12:45:00Z,2026-05-07T13:00:00Z,2026-05-07,2026-05-07_60,0.0,0,0,100,89.38853028571431,89.38853028571431,0.0,0.0,0.0,True,True,True,False,0.0,989.3144549043425,0.0,0.0,0.0,0.0,989.3144549043425
2026-05-07T13:00:00Z,2026-05-07T13:15:00Z,2026-05-07,2026-05-07_61,0.0,0,0,100,89.38853028571431,89.38853028571431,0.0,0.0,0.0,True,True,True,False,0.0,989.3144549043425,0.0,0.0,0.0,0.0,989.3144549043425
2026-05-07T13:15:00Z,2026-05-07T13:30:00Z,2026-05-07,2026-05-07_62,0.0,0,0,100,89.38853028571431,89.38853028571431,0.0,0.0,0.0,True,True,True,False,0.0,989.3144549043425,0.0,0.0,0.0,0.0,989.3144549043425
2026-05-07T13:30:00Z,2026-05-07T13:45:00Z,2026-05-07,2026-05-07_63,0.0,0,0,100,89.38853028571431,89.38853028571431,0.0,0.0,0.0,True,True,True,False,0.0,989.3144549043425,0.0,0.0,0.0,0.0,989.3144549043425
2026-05-07T13:45:00Z,2026-05-07T14:00:00Z,2026-05-07,2026-05-07_64,0.0,0,0,100,89.38853028571431,89.38853028571431,0.0,0.0,0.0,True,True,True,False,0.0,989.3144549043425,0.0,0.0,0.0,0.0,989.3144549043425
2026-05-07T14:00:00Z,2026-05-07T14:15:00Z,2026-05-07,2026-05-07_65,-100.0,100,0,0,89.38853028571431,112.08677028571432,0.06305066666666667,0.328,0.0,True,True,True,False,-3026.25,0.0,108.01320983905254,0.0,32.94604615851807,0.0,-2885.290744002429
2026-05-07T14:15:00Z,2026-05-07T14:30:00Z,2026-05-07,2026-05-07_66,-100.0,100,0,0,112.08677028571432,126.96658742857147,0.0413328253968254,8.826285714285714,0.0,True,True,True,False,-3041.0,0.0,108.01320983905254,0.0,5797.059494815843,0.0,2864.072704654896
2026-05-07T14:30:00Z,2026-05-07T14:45:00Z,2026-05-07,2026-05-07_67,-100.0,100,0,0,126.96658742857147,145.32610742857148,0.05099866666666668,5.044,0.0,True,True,True,False,-3144.5,0.0,108.01320983905254,0.0,1388.3301738536288,0.0,-1648.1566163073187
2026-05-07T14:45:00Z,2026-05-07T15:00:00Z,2026-05-07,2026-05-07_68,-1.4874869360471685,100,0,0,145.32610742857148,144.00000000000003,0.0054673580803367705,1.5382857142857145,0.0,True,True,True,False,-50.27705843839429,0.0,108.01320983905254,0.0,262.4732115743352,0.0,320.20936297499344
2026-05-07T15:00:00Z,2026-05-07T15:15:00Z,2026-05-07,2026-05-07_69,0.0,0,0,100,144.00000000000003,144.00000000000003,0.0,0.0,0.0,True,True,True,False,0.0,989.3144549043425,0.0,0.0,0.0,0.0,989.3144549043425
2026-05-07T15:15:00Z,2026-05-07T15:30:00Z,2026-05-07,2026-05-07_70,0.0,0,0,100,144.00000000000003,144.00000000000003,0.0,0.0,0.0,True,True,True,False,0.0,989.3144549043425,0.0,0.0,0.0,0.0,989.3144549043425
2026-05-07T15:30:00Z,2026-05-07T15:45:00Z,2026-05-07,2026-05-07_71,0.0,0,0,100,144.00000000000003,144.00000000000003,0.0,0.0,0.0,True,True,True,False,0.0,989.3144549043425,0.0,0.0,0.0,0.0,989.3144549043425
2026-05-07T15:45:00Z,2026-05-07T16:00:00Z,2026-05-07,2026-05-07_72,0.0,0,0,100,144.00000000000003,144.00000000000003,0.0,0.0,0.0,True,True,True,False,0.0,989.3144549043425,0.0,0.0,0.0,0.0,989.3144549043425
2026-05-07T16:00:00Z,2026-05-07T16:15:00Z,2026-05-07,2026-05-07_73,0.0,0,0,100,144.00000000000003,144.00000000000003,0.0,0.0,0.0,True,True,True,False,0.0,989.3144549043425,0.0,0.0,0.0,0.0,989.3144549043425
2026-05-07T16:15:00Z,2026-05-07T16:30:00Z,2026-05-07,2026-05-07_74,0.0,0,0,100,144.00000000000003,144.00000000000003,0.0,0.0,0.0,True,True,True,False,0.0,989.3144549043425,0.0,0.0,0.0,0.0,989.3144549043425
2026-05-07T16:30:00Z,2026-05-07T16:45:00Z,2026-05-07,2026-05-07_75,0.0,0,0,100,144.00000000000003,144.00000000000003,0.0,0.0,0.0,True,True,True,False,0.0,989.3144549043425,0.0,0.0,0.0,0.0,989.3144549043425
2026-05-07T16:45:00Z,2026-05-07T17:00:00Z,2026-05-07,2026-05-07_76,1.4210854715202004e-14,0,0,100,144.00000000000003,144.00000000000003,1.0726792508455617e-17,0.0,0.0,True,True,True,False,6.127365281827224e-13,989.3144549043425,0.0,0.0,0.0,0.0,989.314454904343
2026-05-07T17:00:00Z,2026-05-07T17:15:00Z,2026-05-07,2026-05-07_77,97.12640095921708,0,100,0,144.00000000000003,134.5925217391304,0.028437200152448862,0.0,15.695999999999998,True,True,True,False,3884.8132223662856,0.0,0.0,88.45467658669907,0.0,749.5906498633465,4722.858548816331
2026-05-07T17:15:00Z,2026-05-07T17:30:00Z,2026-05-07,2026-05-07_78,100.0,0,100,0,134.5925217391304,127.47699378881984,0.019765355417529332,0.0,18.453714285714284,True,True,True,False,4140.5,0.0,0.0,88.45467658669907,0.0,1626.1950444666174,5855.149721053316
2026-05-07T17:30:00Z,2026-05-07T17:45:00Z,2026-05-07,2026-05-07_79,99.99999999999989,0,100,0,127.47699378881984,108.3912795031056,0.05301587301587297,0.0,7.441142857142857,True,True,True,False,4722.2499999999945,0.0,0.0,88.45467658669907,0.0,4.0293008980087635,4814.733977484702
2026-05-07T17:45:00Z,2026-05-07T18:00:00Z,2026-05-07,2026-05-07_80,100.0,0,100,0,108.3912795031056,81.30742857142859,0.07523291925465837,0.0,0.08285714285714285,True,True,True,False,6328.75,0.0,0.0,88.45467658669907,0.0,-6.306125547698581,6410.898551039
2026-05-07T18:00:00Z,2026-05-07T18:15:00Z,2026-05-07,2026-05-07_81,16.0,0,16,84,81.30742857142859,76.9640745341615,0.01206487232574189,0.0,0.004114285714285714,True,True,True,False,802.32,831.0241421196476,0.0,14.15274825387185,0.0,-0.31313175133399856,1647.1837586221855
2026-05-07T18:15:00Z,2026-05-07T18:30:00Z,2026-05-07,2026-05-07_82,16.0,0,16,84,76.9640745341615,72.89798757763975,0.011294685990338164,0.0,0.2592,True,True,True,False,855.12,831.0241421196476,0.0,14.15274825387185,0.0,-8.985957485575462,1691.310932887944
2026-05-07T18:30:00Z,2026-05-07T18:45:00Z,2026-05-07,2026-05-07_83,16.0,0,16,84,72.89798757763975,68.68104347826088,0.011713733609385784,0.0,0.12041142857142857,True,True,True,False,850.24,831.0241421196476,0.0,14.15274825387185,0.0,-8.346846731161339,1687.070043642358
2026-05-07T18:45:00Z,2026-05-07T19:00:00Z,2026-05-07,2026-05-07_84,16.0,0,16,84,68.68104347826088,64.34782608695653,0.01203671497584541,0.0,0.013439999999999999,True,True,True,False,807.6,831.0241421196476,0.0,14.15274825387185,0.0,-1.0227414515639235,1651.7541489219557
2026-05-07T19:00:00Z,2026-05-07T19:15:00Z,2026-05-07,2026-05-07_85,0.0,0,0,100,64.34782608695653,64.34782608695653,0.0,0.0,0.0,True,True,True,False,0.0,989.3144549043425,0.0,0.0,0.0,0.0,989.3144549043425
2026-05-07T19:15:00Z,2026-05-07T19:30:00Z,2026-05-07,2026-05-07_86,0.0,0,0,100,64.34782608695653,64.34782608695653,0.0,0.0,0.0,True,True,True,False,0.0,989.3144549043425,0.0,0.0,0.0,0.0,989.3144549043425
2026-05-07T19:30:00Z,2026-05-07T19:45:00Z,2026-05-07,2026-05-07_87,0.0,0,0,100,64.34782608695653,64.34782608695653,0.0,0.0,0.0,True,True,True,False,0.0,989.3144549043425,0.0,0.0,0.0,0.0,989.3144549043425
2026-05-07T19:45:00Z,2026-05-07T20:00:00Z,2026-05-07,2026-05-07_88,0.0,0,0,100,64.34782608695653,64.34782608695653,0.0,0.0,0.0,True,True,True,False,0.0,989.3144549043425,0.0,0.0,0.0,0.0,989.3144549043425
2026-05-07T20:00:00Z,2026-05-07T20:15:00Z,2026-05-07,2026-05-07_89,0.0,0,0,100,64.34782608695653,64.34782608695653,0.0,0.0,0.0,True,True,True,False,0.0,989.3144549043425,0.0,0.0,0.0,0.0,989.3144549043425
2026-05-07T20:15:00Z,2026-05-07T20:30:00Z,2026-05-07,2026-05-07_90,0.0,0,0,100,64.34782608695653,64.34782608695653,0.0,0.0,0.0,True,True,True,False,0.0,989.3144549043425,0.0,0.0,0.0,0.0,989.3144549043425
2026-05-07T20:30:00Z,2026-05-07T20:45:00Z,2026-05-07,2026-05-07_91,0.0,0,0,100,64.34782608695653,64.34782608695653,0.0,0.0,0.0,True,True,True,False,0.0,989.3144549043425,0.0,0.0,0.0,0.0,989.3144549043425
2026-05-07T20:45:00Z,2026-05-07T21:00:00Z,2026-05-07,2026-05-07_92,0.0,0,0,100,64.34782608695653,64.34782608695653,0.0,0.0,0.0,True,True,True,False,0.0,989.3144549043425,0.0,0.0,0.0,0.0,989.3144549043425
2026-05-07T21:00:00Z,2026-05-07T21:15:00Z,2026-05-08,2026-05-07_93,0.0,0,0,100,64.34782608695653,64.34782608695653,0.0,0.0,0.0,True,True,True,False,0.0,989.8216896754716,0.0,0.0,0.0,0.0,989.8216896754716
2026-05-07T21:15:00Z,2026-05-07T21:30:00Z,2026-05-08,2026-05-07_94,0.0,0,0,100,64.34782608695653,64.34782608695653,0.0,0.0,0.0,True,True,True,False,0.0,989.8216896754716,0.0,0.0,0.0,0.0,989.8216896754716
2026-05-07T21:30:00Z,2026-05-07T21:45:00Z,2026-05-08,2026-05-07_95,0.0,0,0,100,64.34782608695653,64.34782608695653,0.0,0.0,0.0,True,True,True,False,0.0,989.8216896754716,0.0,0.0,0.0,0.0,989.8216896754716
2026-05-07T21:45:00Z,2026-05-07T22:00:00Z,2026-05-08,2026-05-07_96,0.0,0,0,100,64.34782608695653,64.34782608695653,0.0,0.0,0.0,True,True,True,False,0.0,989.8216896754716,0.0,0.0,0.0,0.0,989.8216896754716
2026-05-07T22:00:00Z,2026-05-07T22:15:00Z,2026-05-08,2026-05-08_1,0.0,0,0,100,64.34782608695653,64.34782608695653,0.0,0.0,0.0,True,True,True,False,0.0,989.8216896754716,0.0,0.0,0.0,0.0,989.8216896754716
2026-05-07T22:15:00Z,2026-05-07T22:30:00Z,2026-05-08,2026-05-08_2,0.0,0,0,100,64.34782608695653,64.34782608695653,0.0,0.0,0.0,True,True,True,False,0.0,989.8216896754716,0.0,0.0,0.0,0.0,989.8216896754716
2026-05-07T22:30:00Z,2026-05-07T22:45:00Z,2026-05-08,2026-05-08_3,0.0,0,0,100,64.34782608695653,64.34782608695653,0.0,0.0,0.0,True,True,True,False,0.0,989.8216896754716,0.0,0.0,0.0,0.0,989.8216896754716
2026-05-07T22:45:00Z,2026-05-07T23:00:00Z,2026-05-08,2026-05-08_4,0.0,0,0,100,64.34782608695653,64.34782608695653,0.0,0.0,0.0,True,True,True,False,0.0,989.8216896754716,0.0,0.0,0.0,0.0,989.8216896754716
2026-05-07T23:00:00Z,2026-05-07T23:15:00Z,2026-05-08,2026-05-08_5,0.0,100,100,0,64.34782608695653,70.69267180124224,0.01762457142857143,0.0,6.89657142857143,True,True,True,False,0.0,0.0,107.55587626516777,100.23546837317939,0.0,-21.97929364913585,185.81205098921131
2026-05-07T23:15:00Z,2026-05-07T23:30:00Z,2026-05-08,2026-05-08_6,0.0,100,100,0,70.69267180124224,79.75546037267081,0.0251744126984127,0.0,9.850857142857143,True,True,True,False,0.0,0.0,107.55587626516777,100.23546837317939,0.0,44.024975381618816,251.81632001996599
2026-05-07T23:30:00Z,2026-05-07T23:45:00Z,2026-05-08,2026-05-08_7,0.0,100,100,0,79.75546037267081,91.73491180124223,0.03327625396825397,0.0,13.021142857142856,True,True,True,False,0.0,0.0,107.55587626516777,100.23546837317939,0.0,436.75387261378023,644.5452172521274
2026-05-07T23:45:00Z,2026-05-08T00:00:00Z,2026-05-08,2026-05-08_8,0.0,100,100,0,91.73491180124223,96.1682603726708,0.012314857142857143,0.0,4.8188571428571425,True,True,True,False,0.0,0.0,107.55587626516777,100.23546837317939,0.0,-3.7883953155900136,204.00294932275713
2026-05-08T00:00:00Z,2026-05-08T00:15:00Z,2026-05-08,2026-05-08_9,0.0,0,0,100,96.1682603726708,96.1682603726708,0.0,0.0,0.0,True,True,True,False,0.0,989.8216896754716,0.0,0.0,0.0,0.0,989.8216896754716
2026-05-08T00:15:00Z,2026-05-08T00:30:00Z,2026-05-08,2026-05-08_10,0.0,0,0,100,96.1682603726708,96.1682603726708,0.0,0.0,0.0,True,True,True,False,0.0,989.8216896754716,0.0,0.0,0.0,0.0,989.8216896754716
2026-05-08T00:30:00Z,2026-05-08T00:45:00Z,2026-05-08,2026-05-08_11,0.0,0,0,100,96.1682603726708,96.1682603726708,0.0,0.0,0.0,True,True,True,False,0.0,989.8216896754716,0.0,0.0,0.0,0.0,989.8216896754716
2026-05-08T00:45:00Z,2026-05-08T01:00:00Z,2026-05-08,2026-05-08_12,0.0,0,0,100,96.1682603726708,96.1682603726708,0.0,0.0,0.0,True,True,True,False,0.0,989.8216896754716,0.0,0.0,0.0,0.0,989.8216896754716
2026-05-08T01:00:00Z,2026-05-08T01:15:00Z,2026-05-08,2026-05-08_13,0.0,0,0,100,96.1682603726708,96.1682603726708,0.0,0.0,0.0,True,True,True,False,0.0,989.8216896754716,0.0,0.0,0.0,0.0,989.8216896754716
2026-05-08T01:15:00Z,2026-05-08T01:30:00Z,2026-05-08,2026-05-08_14,0.0,0,0,100,96.1682603726708,96.1682603726708,0.0,0.0,0.0,True,True,True,False,0.0,989.8216896754716,0.0,0.0,0.0,0.0,989.8216896754716
2026-05-08T01:30:00Z,2026-05-08T01:45:00Z,2026-05-08,2026-05-08_15,0.0,0,0,100,96.1682603726708,96.1682603726708,0.0,0.0,0.0,True,True,True,False,0.0,989.8216896754716,0.0,0.0,0.0,0.0,989.8216896754716
2026-05-08T01:45:00Z,2026-05-08T02:00:00Z,2026-05-08,2026-05-08_16,0.0,0,0,100,96.1682603726708,96.1682603726708,0.0,0.0,0.0,True,True,True,False,0.0,989.8216896754716,0.0,0.0,0.0,0.0,989.8216896754716
2026-05-08T02:00:00Z,2026-05-08T02:15:00Z,2026-05-08,2026-05-08_17,0.0,0,0,100,96.1682603726708,96.1682603726708,0.0,0.0,0.0,True,True,True,False,0.0,989.8216896754716,0.0,0.0,0.0,0.0,989.8216896754716
2026-05-08T02:15:00Z,2026-05-08T02:30:00Z,2026-05-08,2026-05-08_18,0.0,0,0,100,96.1682603726708,96.1682603726708,0.0,0.0,0.0,True,True,True,False,0.0,989.8216896754716,0.0,0.0,0.0,0.0,989.8216896754716
2026-05-08T02:30:00Z,2026-05-08T02:45:00Z,2026-05-08,2026-05-08_19,0.0,0,0,100,96.1682603726708,96.1682603726708,0.0,0.0,0.0,True,True,True,False,0.0,989.8216896754716,0.0,0.0,0.0,0.0,989.8216896754716
2026-05-08T02:45:00Z,2026-05-08T03:00:00Z,2026-05-08,2026-05-08_20,0.0,0,0,100,96.1682603726708,96.1682603726708,0.0,0.0,0.0,True,True,True,False,0.0,989.8216896754716,0.0,0.0,0.0,0.0,989.8216896754716
2026-05-08T03:00:00Z,2026-05-08T03:15:00Z,2026-05-08,2026-05-08_21,0.0,0,0,100,96.1682603726708,96.1682603726708,0.0,0.0,0.0,True,True,True,False,0.0,989.8216896754716,0.0,0.0,0.0,0.0,989.8216896754716
2026-05-08T03:15:00Z,2026-05-08T03:30:00Z,2026-05-08,2026-05-08_22,0.0,0,0,100,96.1682603726708,96.1682603726708,0.0,0.0,0.0,True,True,True,False,0.0,989.8216896754716,0.0,0.0,0.0,0.0,989.8216896754716
2026-05-08T03:30:00Z,2026-05-08T03:45:00Z,2026-05-08,2026-05-08_23,0.0,0,0,100,96.1682603726708,96.1682603726708,0.0,0.0,0.0,True,True,True,False,0.0,989.8216896754716,0.0,0.0,0.0,0.0,989.8216896754716
2026-05-08T03:45:00Z,2026-05-08T04:00:00Z,2026-05-08,2026-05-08_24,0.0,0,0,100,96.1682603726708,96.1682603726708,0.0,0.0,0.0,True,True,True,False,0.0,989.8216896754716,0.0,0.0,0.0,0.0,989.8216896754716
2026-05-08T04:00:00Z,2026-05-08T04:15:00Z,2026-05-08,2026-05-08_25,37.29510226529909,61,100,0,96.1682603726708,96.06626815403725,0.03332509024970006,0.08679428571428571,10.309714285714286,True,True,True,False,1290.0375873566957,0.0,63.64567706651983,79.10028294183552,14.771180638423122,2994.3787034590523,4441.933431462527
2026-05-08T04:15:00Z,2026-05-08T04:30:00Z,2026-05-08,2026-05-08_26,38.999999999999964,61,100,0,96.06626815403725,85.60703003229813,0.029643144623878508,0.04392,0.18914285714285714,True,True,True,False,1458.8924999999986,0.0,63.64567706651983,79.10028294183552,7.255327790964851,-11.676853404661081,1597.2169343946578
2026-05-08T04:30:00Z,2026-05-08T04:45:00Z,2026-05-08,2026-05-08_27,38.999999999999964,61,100,0,85.60703003229813,74.9880641590062,0.029783962981366433,0.10282857142857142,0.092,True,True,True,False,1465.2299999999987,0.0,63.64567706651983,79.10028294183552,16.58449255209195,-5.693986061791459,1618.8664664986545
2026-05-08T04:45:00Z,2026-05-08T05:00:00Z,2026-05-08,2026-05-08_28,38.999999999999964,61,100,0,74.9880641590062,64.3478260869565,0.02973615718426498,0.09132571428571429,0.057714285714285725,True,True,True,False,1467.1799999999985,0.0,63.64567706651983,79.10028294183552,14.319360752196667,-3.6713523426119097,1620.5739684179387
2026-05-08T05:00:00Z,2026-05-08T05:15:00Z,2026-05-08,2026-05-08_29,0.0,0,0,100,64.3478260869565,64.3478260869565,0.0,0.0,0.0,True,True,True,False,0.0,989.8216896754716,0.0,0.0,0.0,0.0,989.8216896754716
2026-05-08T05:15:00Z,2026-05-08T05:30:00Z,2026-05-08,2026-05-08_30,0.0,0,0,100,64.3478260869565,64.3478260869565,0.0,0.0,0.0,True,True,True,False,0.0,989.8216896754716,0.0,0.0,0.0,0.0,989.8216896754716
2026-05-08T05:30:00Z,2026-05-08T05:45:00Z,2026-05-08,2026-05-08_31,0.0,0,0,100,64.3478260869565,64.3478260869565,0.0,0.0,0.0,True,True,True,False,0.0,989.8216896754716,0.0,0.0,0.0,0.0,989.8216896754716
2026-05-08T05:45:00Z,2026-05-08T06:00:00Z,2026-05-08,2026-05-08_32,0.0,0,0,100,64.3478260869565,64.3478260869565,0.0,0.0,0.0,True,True,True,False,0.0,989.8216896754716,0.0,0.0,0.0,0.0,989.8216896754716
2026-05-08T06:00:00Z,2026-05-08T06:15:00Z,2026-05-08,2026-05-08_33,100.0,0,100,0,64.3478260869565,37.918633540372646,0.0734144237405107,0.0,0.6851428571428572,True,True,True,False,4187.0,0.0,0.0,90.77875467613605,0.0,-35.92573197296997,4241.853022703166
2026-05-08T06:15:00Z,2026-05-08T06:30:00Z,2026-05-08,2026-05-08_34,100.0,0,100,0,37.918633540372646,20.265217391304322,0.04903726708074534,0.0,8.758857142857142,True,True,True,False,3747.9999999999995,0.0,0.0,90.77875467613605,0.0,823.7593621736877,4662.538116849823
2026-05-08T06:30:00Z,2026-05-08T06:45:00Z,2026-05-08,2026-05-08_35,100.0,0,100,0,20.265217391304322,14.068322981366437,0.017213595583160792,0.0,19.298857142857145,True,True,True,False,3458.75,0.0,0.0,90.77875467613605,0.0,1335.0407064051196,4884.569461081256
2026-05-08T06:45:00Z,2026-05-08T07:00:00Z,2026-05-08,2026-05-08_36,74.07496381934011,0,100,0,14.068322981366437,12.219636313043441,0.028344189071970862,0.0,17.515428571428572,True,True,True,False,2229.8415983716854,0.0,0.0,90.77875467613605,0.0,1631.4550220141227,3952.075375061944
2026-05-08T07:00:00Z,2026-05-08T07:15:00Z,2026-05-08,2026-05-08_37,48.0,52,100,0,12.219636313043441,10.14797006708071,0.034911210048309174,0.0,10.970285714285714,True,True,True,False,1660.3200000000002,0.0,56.654829950057916,93.85503503541521,0.0,295.37339608872924,2106.2032610742026
2026-05-08T07:15:00Z,2026-05-08T07:30:00Z,2026-05-08,2026-05-08_38,48.0,52,100,0,10.14797006708071,9.999999999999968,0.03467965526570048,0.0,12.893714285714285,True,True,True,False,1514.6399999999999,0.0,56.654829950057916,93.85503503541521,0.0,253.8098802312365,1918.9597452167095
2026-05-08T07:30:00Z,2026-05-08T07:45:00Z,2026-05-08,2026-05-08_39,48.0,52,100,0,9.999999999999968,12.915884720496866,0.03431085990338164,0.0,15.957142857142859,True,True,True,False,1326.1200000000001,0.0,56.654829950057916,93.85503503541521,0.0,506.70390394626554,1983.3337689317389
2026-05-08T07:45:00Z,2026-05-08T08:00:00Z,2026-05-08,2026-05-08_40,1.4699120309629472,52,100,0,12.915884720496866,32.42406611677018,0.054492860113224725,0.0,21.58114285714286,True,True,True,False,38.56314213231292,0.0,56.654829950057916,93.85503503541521,0.0,13038.938749576133,13228.011756693919
2026-05-08T08:00:00Z,2026-05-08T08:15:00Z,2026-05-08,2026-05-08_41,0.0,100,100,0,32.42406611677018,38.64852325962732,0.017290158730158732,0.0,6.765714285714286,True,True,True,False,0.0,0.0,108.29646227758684,95.33620706025332,0.0,2939.1472594248394,3142.7799287626794
2026-05-08T08:15:00Z,2026-05-08T08:30:00Z,2026-05-08,2026-05-08_42,0.0,100,100,0,38.64852325962732,42.15107928447204,0.009891503105590064,0.026857142857142857,3.838857142857143,True,True,True,False,0.0,0.0,108.29646227758684,95.33620706025332,0.9820215014092837,34.1437479077767,238.75843874702613
2026-05-08T08:30:00Z,2026-05-08T08:45:00Z,2026-05-08,2026-05-08_43,0.0,100,100,0,42.15107928447204,42.61399605465838,0.004964278812974465,0.6091428571428571,1.2228571428571429,True,True,True,False,0.0,0.0,108.29646227758684,95.33620706025332,84.53275576666928,-47.97451950074195,240.19090560376748
2026-05-08T08:45:00Z,2026-05-08T09:00:00Z,2026-05-08,2026-05-08_44,0.0,100,100,0,42.61399605465838,44.781191085714276,0.006202870945479639,0.030285714285714284,2.391428571428571,True,True,True,False,0.0,0.0,108.29646227758684,95.33620706025332,2.9894698977557264,-35.65504154606146,170.96709768953443
2026-05-08T09:00:00Z,2026-05-08T09:15:00Z,2026-05-08,2026-05-08_45,0.0,100,100,0,44.781191085714276,46.286311085714274,0.0041808888888888885,0.0,1.636,True,True,True,False,0.0,0.0,108.35343043238831,99.8082072121684,0.0,-12.513329408860448,195.64830823569625
2026-05-08T09:15:00Z,2026-05-08T09:30:00Z,2026-05-08,2026-05-08_46,0.0,100,100,0,46.286311085714274,61.70656251428571,0.042834031746031745,0.0,16.761142857142858,True,True,True,False,0.0,0.0,108.35343043238831,99.8082072121684,0.0,692.9229157929288,901.0845534374855
2026-05-08T09:30:00Z,2026-05-08T09:45:00Z,2026-05-08,2026-05-08_47,0.0,100,100,0,61.70656251428571,74.4761625142857,0.03547111111111111,0.0,13.88,True,True,True,False,0.0,0.0,108.35343043238831,99.8082072121684,0.0,290.884062209225,499.04569985378174
2026-05-08T09:45:00Z,2026-05-08T10:00:00Z,2026-05-08,2026-05-08_48,0.0,100,100,0,74.4761625142857,76.78299679999999,0.006407873015873015,0.0,2.507428571428571,True,True,True,False,0.0,0.0,108.35343043238831,99.8082072121684,0.0,-100.2500044760693,107.91163316848741
2026-05-08T10:00:00Z,2026-05-08T10:15:00Z,2026-05-08,2026-05-08_49,0.0,0,0,100,76.78299679999999,76.78299679999999,0.0,0.0,0.0,True,True,True,False,0.0,989.8216896754716,0.0,0.0,0.0,0.0,989.8216896754716
2026-05-08T10:15:00Z,2026-05-08T10:30:00Z,2026-05-08,2026-05-08_50,0.0,0,0,100,76.78299679999999,76.78299679999999,0.0,0.0,0.0,True,True,True,False,0.0,989.8216896754716,0.0,0.0,0.0,0.0,989.8216896754716
2026-05-08T10:30:00Z,2026-05-08T10:45:00Z,2026-05-08,2026-05-08_51,0.0,0,0,100,76.78299679999999,76.78299679999999,0.0,0.0,0.0,True,True,True,False,0.0,989.8216896754716,0.0,0.0,0.0,0.0,989.8216896754716
2026-05-08T10:45:00Z,2026-05-08T11:00:00Z,2026-05-08,2026-05-08_52,0.0,0,0,100,76.78299679999999,76.78299679999999,0.0,0.0,0.0,True,True,True,False,0.0,989.8216896754716,0.0,0.0,0.0,0.0,989.8216896754716
2026-05-08T11:00:00Z,2026-05-08T11:15:00Z,2026-05-08,2026-05-08_53,0.0,100,100,0,76.78299679999999,83.01060822857141,0.017298920634920636,0.0,6.769142857142857,True,True,True,False,0.0,0.0,108.29646227758684,100.52030914718674,0.0,27.911579347144944,236.7283507719185
2026-05-08T11:15:00Z,2026-05-08T11:30:00Z,2026-05-08,2026-05-08_54,0.0,100,100,0,83.01060822857141,102.60292822857141,0.05442311111111112,0.0,21.296,True,True,True,False,0.0,0.0,108.29646227758684,100.52030914718674,0.0,1566.686153320294,1775.5029247450675
2026-05-08T11:30:00Z,2026-05-08T11:45:00Z,2026-05-08,2026-05-08_55,0.0,100,100,0,102.60292822857141,104.13012822857141,0.004242222222222222,0.0,1.66,True,True,True,False,0.0,0.0,108.29646227758684,100.52030914718674,0.0,-81.9115322534703,126.90523917130328
2026-05-08T11:45:00Z,2026-05-08T12:00:00Z,2026-05-08,2026-05-08_56,0.0,100,100,0,104.13012822857141,116.1558425142857,0.03340476190476191,0.0,13.071428571428573,True,True,True,False,0.0,0.0,108.29646227758684,100.52030914718674,0.0,245.6592571895168,454.4760286142904
2026-05-08T12:00:00Z,2026-05-08T12:15:00Z,2026-05-08,2026-05-08_57,-31.0,31,0,69,116.1558425142857,123.28584251428569,0.019805555555555555,0.0,0.0,True,True,True,False,-447.95,682.9769658760754,33.55424317806346,0.0,0.0,0.0,268.58120905413887
2026-05-08T12:15:00Z,2026-05-08T12:30:00Z,2026-05-08,2026-05-08_58,-31.0,31,0,69,123.28584251428569,130.3850409142857,0.019719995555555557,0.03348,0.0,True,True,True,False,-498.17,682.9769658760754,33.55424317806346,0.0,4.170145359943793,0.0,222.5313544140826
2026-05-08T12:30:00Z,2026-05-08T12:45:00Z,2026-05-08,2026-05-08_59,-31.0,31,0,69,130.3850409142857,137.22283314285713,0.0189938673015873,0.3176171428571428,0.0,True,True,True,False,-612.3275,682.9769658760754,33.55424317806346,0.0,41.86290565151223,0.0,146.0666147056511
2026-05-08T12:45:00Z,2026-05-08T13:00:00Z,2026-05-08,2026-05-08_60,-31.0,31,0,69,137.22283314285713,144.0,0.018825463492063495,0.3835142857142857,0.0,True,True,True,False,-568.54,682.9769658760754,33.55424317806346,0.0,50.77877418637268,0.0,198.76998324051155
2026-05-08T13:00:00Z,2026-05-08T13:15:00Z,2026-05-08,2026-05-08_61,0.0,0,0,100,144.0,144.0,0.0,0.0,0.0,True,True,True,False,0.0,989.8216896754716,0.0,0.0,0.0,0.0,989.8216896754716
2026-05-08T13:15:00Z,2026-05-08T13:30:00Z,2026-05-08,2026-05-08_62,0.0,0,0,100,144.0,144.0,0.0,0.0,0.0,True,True,True,False,0.0,989.8216896754716,0.0,0.0,0.0,0.0,989.8216896754716
2026-05-08T13:30:00Z,2026-05-08T13:45:00Z,2026-05-08,2026-05-08_63,0.0,0,0,100,144.0,144.0,0.0,0.0,0.0,True,True,True,False,0.0,989.8216896754716,0.0,0.0,0.0,0.0,989.8216896754716
2026-05-08T13:45:00Z,2026-05-08T14:00:00Z,2026-05-08,2026-05-08_64,0.0,0,0,100,144.0,144.0,0.0,0.0,0.0,True,True,True,False,0.0,989.8216896754716,0.0,0.0,0.0,0.0,989.8216896754716
2026-05-08T14:00:00Z,2026-05-08T14:15:00Z,2026-05-08,2026-05-08_65,0.0,0,0,100,144.0,144.0,0.0,0.0,0.0,True,True,True,False,0.0,989.8216896754716,0.0,0.0,0.0,0.0,989.8216896754716
2026-05-08T14:15:00Z,2026-05-08T14:30:00Z,2026-05-08,2026-05-08_66,0.0,0,0,100,144.0,144.0,0.0,0.0,0.0,True,True,True,False,0.0,989.8216896754716,0.0,0.0,0.0,0.0,989.8216896754716
2026-05-08T14:30:00Z,2026-05-08T14:45:00Z,2026-05-08,2026-05-08_67,0.0,0,0,100,144.0,144.0,0.0,0.0,0.0,True,True,True,False,0.0,989.8216896754716,0.0,0.0,0.0,0.0,989.8216896754716
2026-05-08T14:45:00Z,2026-05-08T15:00:00Z,2026-05-08,2026-05-08_68,0.0,0,0,100,144.0,144.0,0.0,0.0,0.0,True,True,True,False,0.0,989.8216896754716,0.0,0.0,0.0,0.0,989.8216896754716
2026-05-08T15:00:00Z,2026-05-08T15:15:00Z,2026-05-08,2026-05-08_69,0.0,0,0,100,144.0,144.0,0.0,0.0,0.0,True,True,True,False,0.0,989.8216896754716,0.0,0.0,0.0,0.0,989.8216896754716
2026-05-08T15:15:00Z,2026-05-08T15:30:00Z,2026-05-08,2026-05-08_70,0.0,0,0,100,144.0,144.0,0.0,0.0,0.0,True,True,True,False,0.0,989.8216896754716,0.0,0.0,0.0,0.0,989.8216896754716
2026-05-08T15:30:00Z,2026-05-08T15:45:00Z,2026-05-08,2026-05-08_71,0.0,0,0,100,144.0,144.0,0.0,0.0,0.0,True,True,True,False,0.0,989.8216896754716,0.0,0.0,0.0,0.0,989.8216896754716
2026-05-08T15:45:00Z,2026-05-08T16:00:00Z,2026-05-08,2026-05-08_72,0.0,0,0,100,144.0,144.0,0.0,0.0,0.0,True,True,True,False,0.0,989.8216896754716,0.0,0.0,0.0,0.0,989.8216896754716
2026-05-08T16:00:00Z,2026-05-08T16:15:00Z,2026-05-08,2026-05-08_73,0.0,0,0,100,144.0,144.0,0.0,0.0,0.0,True,True,True,False,0.0,989.8216896754716,0.0,0.0,0.0,0.0,989.8216896754716
2026-05-08T16:15:00Z,2026-05-08T16:30:00Z,2026-05-08,2026-05-08_74,0.0,0,0,100,144.0,144.0,0.0,0.0,0.0,True,True,True,False,0.0,989.8216896754716,0.0,0.0,0.0,0.0,989.8216896754716
2026-05-08T16:30:00Z,2026-05-08T16:45:00Z,2026-05-08,2026-05-08_75,0.0,0,0,100,144.0,144.0,0.0,0.0,0.0,True,True,True,False,0.0,989.8216896754716,0.0,0.0,0.0,0.0,989.8216896754716
2026-05-08T16:45:00Z,2026-05-08T17:00:00Z,2026-05-08,2026-05-08_76,0.0,0,0,100,144.0,144.0,0.0,0.0,0.0,True,True,True,False,0.0,989.8216896754716,0.0,0.0,0.0,0.0,989.8216896754716
2026-05-08T17:00:00Z,2026-05-08T17:15:00Z,2026-05-08,2026-05-08_77,-100.0,100,0,0,144.0,166.65670857142857,0.0629353015873016,0.37314285714285716,0.0,True,True,True,False,-3445.25,0.0,107.58436034256852,0.0,62.48791249691423,0.0,-3275.1777271605174
2026-05-08T17:15:00Z,2026-05-08T17:30:00Z,2026-05-08,2026-05-08_78,-99.5973192639817,100,0,0,166.65670857142857,187.10089902111798,0.05685447489323793,2.6754285714285717,0.0,True,True,True,False,-4403.197484660631,0.0,107.58436034256852,0.0,466.3814442241074,0.0,-3829.2316800939548
2026-05-08T17:30:00Z,2026-05-08T17:45:00Z,2026-05-08,2026-05-08_79,0.0,100,0,0,187.10089902111798,176.6797810086956,0.028947550034506556,9.587428571428571,0.0,True,True,True,False,0.0,0.0,107.58436034256852,0.0,2344.356681849132,0.0,2451.941042191701
2026-05-08T17:45:00Z,2026-05-08T18:00:00Z,2026-05-08,2026-05-08_80,0.0,100,0,0,176.6797810086956,157.5375449838509,0.05317287784679089,17.610857142857142,0.0,True,True,True,False,0.0,0.0,107.58436034256852,0.0,8403.66051417829,0.0,8511.244874520859
2026-05-08T18:00:00Z,2026-05-08T18:15:00Z,2026-05-08,2026-05-08_81,100.0,0,0,0,157.5375449838509,130.36363194037264,0.0754830917874396,0.0,0.0,True,False,True,False,6780.249999999999,0.0,0.0,0.0,0.0,0.0,6780.249999999999
2026-05-08T18:15:00Z,2026-05-08T18:30:00Z,2026-05-08,2026-05-08_82,100.0,0,0,0,130.36363194037264,103.18971889689439,0.0754830917874396,0.0,0.0,True,False,True,False,8299.5,0.0,0.0,0.0,0.0,0.0,8299.5
2026-05-08T18:30:00Z,2026-05-08T18:45:00Z,2026-05-08,2026-05-08_83,100.0,0,0,0,103.18971889689439,76.01580585341614,0.0754830917874396,0.0,0.0,True,False,True,False,7200.5,0.0,0.0,0.0,0.0,0.0,7200.5
2026-05-08T18:45:00Z,2026-05-08T19:00:00Z,2026-05-08,2026-05-08_84,100.0,0,0,0,76.01580585341614,48.84189280993788,0.0754830917874396,0.0,0.0,True,False,True,False,5694.75,0.0,0.0,0.0,0.0,0.0,5694.75
2026-05-08T19:00:00Z,2026-05-08T19:15:00Z,2026-05-08,2026-05-08_85,0.0,100,89,0,48.84189280993788,44.10508318012421,0.014330118178053828,4.552,0.22936571428571428,True,True,True,False,0.0,0.0,107.69829665217145,83.48027952374622,2890.638854560301,-12.550848679017001,3069.2665820572015
2026-05-08T19:15:00Z,2026-05-08T19:30:00Z,2026-05-08,2026-05-08_86,0.0,100,89,0,44.10508318012421,44.484508094409925,0.001212688253968254,0.026285714285714287,0.4434742857142857,True,True,True,False,0.0,0.0,107.69829665217145,83.48027952374622,4.275325681515462,-24.77134969277888,170.68255216465425
2026-05-08T19:30:00Z,2026-05-08T19:45:00Z,2026-05-08,2026-05-08_87,-11.0,100,89,0,44.484508094409925,34.17716196770185,0.03595644019323671,12.017714285714284,0.005085714285714285,True,True,True,False,-495.22,0.0,107.69829665217145,83.48027952374622,9487.100091745857,-0.33607956009733414,9182.722588361677
2026-05-08T19:45:00Z,2026-05-08T20:00:00Z,2026-05-08,2026-05-08_88,-11.0,100,89,0,34.17716196770185,35.48406857142856,0.010466528005521048,1.272,0.14799428571428572,True,True,True,False,-474.87,0.0,107.69829665217145,83.48027952374622,216.51149655342664,-8.240702683200093,-75.4206299538558
2026-05-08T20:00:00Z,2026-05-08T20:15:00Z,2026-05-08,2026-05-08_89,-100.0,100,0,0,35.48406857142856,50.671428571428564,0.04218711111111111,8.492,0.0,True,True,True,False,-4051.75,0.0,107.69829665217145,0.0,4195.556929796245,0.0,251.50522644841618
2026-05-08T20:15:00Z,2026-05-08T20:30:00Z,2026-05-08,2026-05-08_90,0.0,100,0,0,50.671428571428564,36.60683229813664,0.039068322981366456,12.939428571428572,0.0,True,True,True,False,0.0,0.0,107.69829665217145,0.0,11373.821845062896,0.0,11481.520141715067
2026-05-08T20:30:00Z,2026-05-08T20:45:00Z,2026-05-08,2026-05-08_91,0.0,100,0,0,36.60683229813664,18.285714285714278,0.050891994478951,16.855428571428572,0.0,True,True,True,False,0.0,0.0,107.69829665217145,0.0,16652.402292073017,0.0,16760.10058872519
2026-05-08T20:45:00Z,2026-05-08T21:00:00Z,2026-05-08,2026-05-08_92,0.0,100,0,0,18.285714285714278,9.999999999999993,0.023015873015873014,7.622857142857143,0.0,True,True,True,False,0.0,0.0,107.69829665217145,0.0,3844.4945834135865,0.0,3952.192880065758
2026-05-08T21:00:00Z,2026-05-08T21:15:00Z,2026-05-09,2026-05-08_93,7.723290606088046e-14,0,0,0,9.999999999999993,9.999999999999972,5.829778537204141e-17,0.0,0.0,True,False,True,False,5.792661036831186e-12,0.0,0.0,0.0,0.0,0.0,5.792661036831186e-12
2026-05-08T21:15:00Z,2026-05-08T21:30:00Z,2026-05-09,2026-05-08_94,0.0,0,0,0,9.999999999999972,9.999999999999972,0.0,0.0,0.0,True,False,True,False,0.0,0.0,0.0,0.0,0.0,0.0,0.0
2026-05-08T21:30:00Z,2026-05-08T21:45:00Z,2026-05-09,2026-05-08_95,0.0,0,0,0,9.999999999999972,9.999999999999972,0.0,0.0,0.0,True,False,True,False,0.0,0.0,0.0,0.0,0.0,0.0,0.0
2026-05-08T21:45:00Z,2026-05-08T22:00:00Z,2026-05-09,2026-05-08_96,-15.606033344180371,0,0,0,9.999999999999972,13.589387669161457,0.00997052130322635,0.0,0.0,True,False,True,False,-1168.5017466455054,0.0,0.0,0.0,0.0,0.0,-1168.5017466455054
2026-05-08T22:00:00Z,2026-05-08T22:15:00Z,2026-05-09,2026-05-09_1,-9.929642341801776,100,34,0,13.589387669161457,11.948892604649803,0.015384111871698126,3.6662857142857144,0.0,True,True,True,False,-668.438698344241,0.0,107.19196394469485,27.182988312581163,1010.4606619596889,0.0,476.3969158727239
2026-05-08T22:15:00Z,2026-05-08T22:30:00Z,2026-05-09,2026-05-09_2,-47.85246645361098,100,34,0,11.948892604649803,19.49238712776326,0.03178133259003643,3.4382857142857146,0.0,True,True,True,False,-2990.8987845168203,0.0,107.19196394469485,27.182988312581163,1013.0473785697918,0.0,-1843.4764536897526
2026-05-08T22:30:00Z,2026-05-08T22:45:00Z,2026-05-09,2026-05-09_3,-14.597690552115726,100,34,0,19.49238712776326,11.984168149068292,0.031879320213421124,10.225714285714286,0.0,True,True,True,False,-912.3556595072329,0.0,107.19196394469485,27.182988312581163,4490.15363608586,0.0,3712.172928835903
2026-05-08T22:45:00Z,2026-05-08T23:00:00Z,2026-05-09,2026-05-09_4,-66.0,100,34,0,11.984168149068292,21.942660372670776,0.038637978743961354,5.345714285714286,0.0,True,True,True,False,-3133.185,0.0,107.19196394469485,27.182988312581163,1533.2544556238201,0.0,-1465.5555921189039
2026-05-08T23:00:00Z,2026-05-08T23:15:00Z,2026-05-09,2026-05-09_5,-100.0,100,0,0,21.942660372670776,25.98960894409935,0.011241523809523812,20.601142857142857,0.0,True,True,True,False,-5216.25,0.0,106.38988618134597,0.0,26810.099286969238,0.0,21700.239173150585
2026-05-08T23:15:00Z,2026-05-08T23:30:00Z,2026-05-09,2026-05-09_6,-100.0,100,0,0,25.98960894409935,35.551300372670774,0.026560253968253962,14.606857142857145,0.0,True,True,True,False,-4747.25,0.0,106.38988618134597,0.0,10664.188455754775,0.0,6023.3283419361205
2026-05-08T23:30:00Z,2026-05-08T23:45:00Z,2026-05-09,2026-05-09_7,-100.0,100,0,0,35.551300372670774,44.178271801242204,0.02396380952380952,15.622857142857145,0.0,True,True,True,False,-4199.25,0.0,106.38988618134597,0.0,13851.615266759061,0.0,9758.755152940408
2026-05-08T23:45:00Z,2026-05-09T00:00:00Z,2026-05-09,2026-05-09_8,-100.0,100,0,0,44.178271801242204,64.34782608695649,0.056026539682539685,3.076571428571429,0.0,True,True,True,False,-4169.75,0.0,106.38988618134597,0.0,813.1445734801447,0.0,-3250.2155403385095
2026-05-09T00:00:00Z,2026-05-09T00:15:00Z,2026-05-09,2026-05-09_9,0.0,0,0,100,64.34782608695649,64.34782608695649,0.0,0.0,0.0,True,True,True,False,0.0,995.4357955847529,0.0,0.0,0.0,0.0,995.4357955847529
2026-05-09T00:15:00Z,2026-05-09T00:30:00Z,2026-05-09,2026-05-09_10,0.0,0,0,100,64.34782608695649,64.34782608695649,0.0,0.0,0.0,True,True,True,False,0.0,995.4357955847529,0.0,0.0,0.0,0.0,995.4357955847529
2026-05-09T00:30:00Z,2026-05-09T00:45:00Z,2026-05-09,2026-05-09_11,0.0,0,0,100,64.34782608695649,64.34782608695649,0.0,0.0,0.0,True,True,True,False,0.0,995.4357955847529,0.0,0.0,0.0,0.0,995.4357955847529
2026-05-09T00:45:00Z,2026-05-09T01:00:00Z,2026-05-09,2026-05-09_12,0.0,0,0,100,64.34782608695649,64.34782608695649,0.0,0.0,0.0,True,True,True,False,0.0,995.4357955847529,0.0,0.0,0.0,0.0,995.4357955847529
2026-05-09T01:00:00Z,2026-05-09T01:15:00Z,2026-05-09,2026-05-09_13,0.0,0,0,100,64.34782608695649,64.34782608695649,0.0,0.0,0.0,True,True,True,False,0.0,995.4357955847529,0.0,0.0,0.0,0.0,995.4357955847529
2026-05-09T01:15:00Z,2026-05-09T01:30:00Z,2026-05-09,2026-05-09_14,0.0,0,0,100,64.34782608695649,64.34782608695649,0.0,0.0,0.0,True,True,True,False,0.0,995.4357955847529,0.0,0.0,0.0,0.0,995.4357955847529
2026-05-09T01:30:00Z,2026-05-09T01:45:00Z,2026-05-09,2026-05-09_15,0.0,0,0,100,64.34782608695649,64.34782608695649,0.0,0.0,0.0,True,True,True,False,0.0,995.4357955847529,0.0,0.0,0.0,0.0,995.4357955847529
2026-05-09T01:45:00Z,2026-05-09T02:00:00Z,2026-05-09,2026-05-09_16,0.0,0,0,100,64.34782608695649,64.34782608695649,0.0,0.0,0.0,True,True,True,False,0.0,995.4357955847529,0.0,0.0,0.0,0.0,995.4357955847529
2026-05-09T02:00:00Z,2026-05-09T02:15:00Z,2026-05-09,2026-05-09_17,0.0,0,0,100,64.34782608695649,64.34782608695649,0.0,0.0,0.0,True,True,True,False,0.0,995.4357955847529,0.0,0.0,0.0,0.0,995.4357955847529
2026-05-09T02:15:00Z,2026-05-09T02:30:00Z,2026-05-09,2026-05-09_18,0.0,0,0,100,64.34782608695649,64.34782608695649,0.0,0.0,0.0,True,True,True,False,0.0,995.4357955847529,0.0,0.0,0.0,0.0,995.4357955847529
2026-05-09T02:30:00Z,2026-05-09T02:45:00Z,2026-05-09,2026-05-09_19,0.0,0,0,100,64.34782608695649,64.34782608695649,0.0,0.0,0.0,True,True,True,False,0.0,995.4357955847529,0.0,0.0,0.0,0.0,995.4357955847529
2026-05-09T02:45:00Z,2026-05-09T03:00:00Z,2026-05-09,2026-05-09_20,0.0,0,0,100,64.34782608695649,64.34782608695649,0.0,0.0,0.0,True,True,True,False,0.0,995.4357955847529,0.0,0.0,0.0,0.0,995.4357955847529
2026-05-09T03:00:00Z,2026-05-09T03:15:00Z,2026-05-09,2026-05-09_21,0.0,52,100,0,64.34782608695649,64.42184645962729,0.0005303878536922016,0.05378285714285713,0.14400000000000002,True,True,True,False,0.0,0.0,53.50546176762662,79.94996562523872,8.34597701801674,-7.974064624551221,133.82733978633087
2026-05-09T03:15:00Z,2026-05-09T03:30:00Z,2026-05-09,2026-05-09_22,46.66818305475842,52,100,0,64.42184645962729,59.44304274285713,0.03487044488412719,0.0,7.718857142857143,True,True,True,False,2015.9488375079268,0.0,53.50546176762662,79.94996562523872,0.0,47.171940155177495,2196.5762050559697
2026-05-09T03:30:00Z,2026-05-09T03:45:00Z,2026-05-09,2026-05-09_23,48.0,52,100,0,59.44304274285713,58.80128969937887,0.03473909178743961,0.0,12.4,True,True,True,False,2073.48,0.0,53.50546176762662,79.94996562523872,0.0,165.98770147429533,2372.923128867161
2026-05-09T03:45:00Z,2026-05-09T04:00:00Z,2026-05-09,2026-05-09_24,48.0,52,100,0,58.80128969937887,64.3478260869565,0.03399420908212561,0.0,18.58742857142857,True,True,True,False,2061.48,0.0,53.50546176762662,79.94996562523872,0.0,591.1706738544475,2786.106101247313
2026-05-09T04:00:00Z,2026-05-09T04:15:00Z,2026-05-09,2026-05-09_25,0.0,0,0,100,64.3478260869565,64.3478260869565,0.0,0.0,0.0,True,True,True,False,0.0,995.4357955847529,0.0,0.0,0.0,0.0,995.4357955847529
2026-05-09T04:15:00Z,2026-05-09T04:30:00Z,2026-05-09,2026-05-09_26,0.0,0,0,100,64.3478260869565,64.3478260869565,0.0,0.0,0.0,True,True,True,False,0.0,995.4357955847529,0.0,0.0,0.0,0.0,995.4357955847529
2026-05-09T04:30:00Z,2026-05-09T04:45:00Z,2026-05-09,2026-05-09_27,0.0,0,0,100,64.3478260869565,64.3478260869565,0.0,0.0,0.0,True,True,True,False,0.0,995.4357955847529,0.0,0.0,0.0,0.0,995.4357955847529
2026-05-09T04:45:00Z,2026-05-09T05:00:00Z,2026-05-09,2026-05-09_28,0.0,0,0,100,64.3478260869565,64.3478260869565,0.0,0.0,0.0,True,True,True,False,0.0,995.4357955847529,0.0,0.0,0.0,0.0,995.4357955847529
2026-05-09T05:00:00Z,2026-05-09T05:15:00Z,2026-05-09,2026-05-09_29,0.0,0,0,100,64.3478260869565,64.3478260869565,0.0,0.0,0.0,True,True,True,False,0.0,995.4357955847529,0.0,0.0,0.0,0.0,995.4357955847529
2026-05-09T05:15:00Z,2026-05-09T05:30:00Z,2026-05-09,2026-05-09_30,0.0,0,0,100,64.3478260869565,64.3478260869565,0.0,0.0,0.0,True,True,True,False,0.0,995.4357955847529,0.0,0.0,0.0,0.0,995.4357955847529
2026-05-09T05:30:00Z,2026-05-09T05:45:00Z,2026-05-09,2026-05-09_31,0.0,0,0,100,64.3478260869565,64.3478260869565,0.0,0.0,0.0,True,True,True,False,0.0,995.4357955847529,0.0,0.0,0.0,0.0,995.4357955847529
2026-05-09T05:45:00Z,2026-05-09T06:00:00Z,2026-05-09,2026-05-09_32,0.0,0,0,100,64.3478260869565,64.3478260869565,0.0,0.0,0.0,True,True,True,False,0.0,995.4357955847529,0.0,0.0,0.0,0.0,995.4357955847529
2026-05-09T06:00:00Z,2026-05-09T06:15:00Z,2026-05-09,2026-05-09_33,3.0,0,3,97,64.3478260869565,63.53499378881985,0.0022578674948240166,0.0,0.0021942857142857146,True,True,True,False,104.31,965.5727217172102,0.0,2.831620960965549,0.0,-0.1207439615002674,1072.5935987166756
2026-05-09T06:15:00Z,2026-05-09T06:30:00Z,2026-05-09,2026-05-09_34,2.9999999999999885,0,3,97,63.53499378881985,62.719776397515496,0.0022644927536231794,0.0,0.0,True,True,True,False,91.35749999999965,965.5727217172102,0.0,2.831620960965549,0.0,0.0,1059.7618426781755
2026-05-09T06:30:00Z,2026-05-09T06:45:00Z,2026-05-09,2026-05-09_35,0.057992020579039225,0,3,97,62.719776397515496,62.71739130434781,7.923214778967192e-05,0.0,0.014485714285714286,True,True,True,False,1.5681042364572206,965.5727217172102,0.0,2.831620960965549,0.0,-0.3872059866647752,969.5852409279682
2026-05-09T06:45:00Z,2026-05-09T07:00:00Z,2026-05-09,2026-05-09_36,0.0,0,3,97,62.71739130434781,62.810568904347804,0.00025882666666666673,0.0,0.10128000000000001,True,True,True,False,0.0,965.5727217172102,0.0,2.831620960965549,0.0,-3.6632862271789786,964.7410564509968
2026-05-09T07:00:00Z,2026-05-09T07:15:00Z,2026-05-09,2026-05-09_37,100.0,0,100,0,62.810568904347804,37.184481947826065,0.07118357487922707,0.0,1.424,True,True,True,False,3343.0,0.0,0.0,96.62172484913299,0.0,-46.05102436788634,3393.5707004812466
2026-05-09T07:15:00Z,2026-05-09T07:30:00Z,2026-05-09,2026-05-09_38,99.72836761440385,0,100,0,37.184481947826065,10.627012700620732,0.07377768169203416,0.0,0.4994285714285714,True,True,True,False,2218.9561794204856,0.0,0.0,96.62172484913299,0.0,-25.089313705162763,2290.488590564456
2026-05-09T07:30:00Z,2026-05-09T07:45:00Z,2026-05-09,2026-05-09_39,0.0,0,100,0,10.627012700620732,13.155698414906446,0.007024126984126983,0.0,2.748571428571428,True,True,True,False,0.0,0.0,0.0,96.62172484913299,0.0,-94.63685629167256,1.9848685574604303
2026-05-09T07:45:00Z,2026-05-09T08:00:00Z,2026-05-09,2026-05-09_40,0.0,0,100,0,13.155698414906446,24.94694412919216,0.03275346031746031,0.0,12.816571428571427,True,True,True,False,0.0,0.0,0.0,96.62172484913299,0.0,5867.913666641203,5964.535391490336
2026-05-09T08:00:00Z,2026-05-09T08:15:00Z,2026-05-09,2026-05-09_41,-37.999999999999936,73,35,27,24.94694412919216,35.56245612919215,0.02948753333333329,0.0,2.0385999999999997,True,True,True,False,-301.33999999999946,268.7676648078833,77.01636620579023,35.47188908410359,0.0,816.0414890000764,895.957409097854
2026-05-09T08:15:00Z,2026-05-09T08:30:00Z,2026-05-09,2026-05-09_42,-38.00000000000001,73,35,27,35.56245612919215,44.419613525465444,0.024622538661145624,0.006674285714285714,0.13460000000000003,True,True,True,False,-75.33500000000001,268.7676648078833,77.01636620579023,35.47188908410359,0.641669020155614,-7.367656061416242,299.1949330565165
2026-05-09T08:30:00Z,2026-05-09T08:45:00Z,2026-05-09,2026-05-09_43,-38.00000000000001,73,35,27,44.419613525465444,54.734562086956124,0.02872268320220843,0.024194285714285713,1.7382000000000002,True,True,True,False,-2.4700000000000006,268.7676648078833,77.01636620579023,35.47188908410359,2.3260501980641006,15.33953865250936,396.4515089483506
2026-05-09T08:45:00Z,2026-05-09T09:00:00Z,2026-05-09,2026-05-09_44,-38.00000000000001,73,35,27,54.734562086956124,64.34782608695613,0.026703511111111113,0.0,0.9492,True,True,True,False,-6.460000000000002,268.7676648078833,77.01636620579023,35.47188908410359,0.0,-18.111005729126884,356.68491436865025
2026-05-09T09:00:00Z,2026-05-09T09:15:00Z,2026-05-09,2026-05-09_45,0.0,0,0,100,64.34782608695613,64.34782608695613,0.0,0.0,0.0,True,True,True,False,0.0,995.4357955847529,0.0,0.0,0.0,0.0,995.4357955847529
2026-05-09T09:15:00Z,2026-05-09T09:30:00Z,2026-05-09,2026-05-09_46,0.0,0,0,100,64.34782608695613,64.34782608695613,0.0,0.0,0.0,True,True,True,False,0.0,995.4357955847529,0.0,0.0,0.0,0.0,995.4357955847529
2026-05-09T09:30:00Z,2026-05-09T09:45:00Z,2026-05-09,2026-05-09_47,0.0,0,0,100,64.34782608695613,64.34782608695613,0.0,0.0,0.0,True,True,True,False,0.0,995.4357955847529,0.0,0.0,0.0,0.0,995.4357955847529
2026-05-09T09:45:00Z,2026-05-09T10:00:00Z,2026-05-09,2026-05-09_48,0.0,0,0,100,64.34782608695613,64.34782608695613,0.0,0.0,0.0,True,True,True,False,0.0,995.4357955847529,0.0,0.0,0.0,0.0,995.4357955847529
2026-05-09T10:00:00Z,2026-05-09T10:15:00Z,2026-05-09,2026-05-09_49,0.0,0,0,100,64.34782608695613,64.34782608695613,0.0,0.0,0.0,True,True,True,False,0.0,995.4357955847529,0.0,0.0,0.0,0.0,995.4357955847529
2026-05-09T10:15:00Z,2026-05-09T10:30:00Z,2026-05-09,2026-05-09_50,0.0,0,0,100,64.34782608695613,64.34782608695613,0.0,0.0,0.0,True,True,True,False,0.0,995.4357955847529,0.0,0.0,0.0,0.0,995.4357955847529
2026-05-09T10:30:00Z,2026-05-09T10:45:00Z,2026-05-09,2026-05-09_51,0.0,0,0,100,64.34782608695613,64.34782608695613,0.0,0.0,0.0,True,True,True,False,0.0,995.4357955847529,0.0,0.0,0.0,0.0,995.4357955847529
2026-05-09T10:45:00Z,2026-05-09T11:00:00Z,2026-05-09,2026-05-09_52,0.0,0,0,100,64.34782608695613,64.34782608695613,0.0,0.0,0.0,True,True,True,False,0.0,995.4357955847529,0.0,0.0,0.0,0.0,995.4357955847529
2026-05-09T11:00:00Z,2026-05-09T11:15:00Z,2026-05-09,2026-05-09_53,-86.31839762193161,100,11,0,64.34782608695613,83.44592204720456,0.05371404616092348,0.8034285714285714,0.0025771428571428573,True,True,True,False,-110.0559569679628,0.0,105.50187151478114,11.378332442135818,50.835376321791415,-0.18145076006416622,57.47817255068141
2026-05-09T11:15:00Z,2026-05-09T11:30:00Z,2026-05-09,2026-05-09_54,-89.0,100,11,0,83.44592204720456,94.12207022111761,0.0365888518978606,10.437142857142858,0.0,True,True,True,False,-113.475,0.0,105.50187151478114,11.378332442135818,1785.3804795006386,0.0,1788.7856834575555
2026-05-09T11:30:00Z,2026-05-09T11:45:00Z,2026-05-09,2026-05-09_55,-89.0,100,11,0,94.12207022111761,91.33723529937848,0.008726010655624566,24.782285714285717,0.0,True,True,True,False,-0.89,0.0,105.50187151478114,11.378332442135818,5997.929339786331,0.0,6113.919543743248
2026-05-09T11:45:00Z,2026-05-09T12:00:00Z,2026-05-09,2026-05-09_56,-89.0,100,11,0,91.33723529937848,96.52957714285674,0.025237940593512767,16.281142857142857,0.0,True,True,True,False,-0.445,0.0,105.50187151478114,11.378332442135818,2755.9792328426292,0.0,2872.4144367995464
2026-05-09T12:00:00Z,2026-05-09T12:15:00Z,2026-05-09,2026-05-09_57,0.0,0,0,100,96.52957714285674,96.52957714285674,0.0,0.0,0.0,True,True,True,False,0.0,995.4357955847529,0.0,0.0,0.0,0.0,995.4357955847529
2026-05-09T12:15:00Z,2026-05-09T12:30:00Z,2026-05-09,2026-05-09_58,0.0,0,0,100,96.52957714285674,96.52957714285674,0.0,0.0,0.0,True,True,True,False,0.0,995.4357955847529,0.0,0.0,0.0,0.0,995.4357955847529
2026-05-09T12:30:00Z,2026-05-09T12:45:00Z,2026-05-09,2026-05-09_59,0.0,0,0,100,96.52957714285674,96.52957714285674,0.0,0.0,0.0,True,True,True,False,0.0,995.4357955847529,0.0,0.0,0.0,0.0,995.4357955847529
2026-05-09T12:45:00Z,2026-05-09T13:00:00Z,2026-05-09,2026-05-09_60,0.0,0,0,100,96.52957714285674,96.52957714285674,0.0,0.0,0.0,True,True,True,False,0.0,995.4357955847529,0.0,0.0,0.0,0.0,995.4357955847529
2026-05-09T13:00:00Z,2026-05-09T13:15:00Z,2026-05-09,2026-05-09_61,-100.0,100,0,0,96.52957714285674,116.67494857142817,0.05595936507936508,3.1028571428571428,0.0,True,True,True,False,-0.75,0.0,104.52791994500039,0.0,431.1326494756485,0.0,534.9105694206489
2026-05-09T13:15:00Z,2026-05-09T13:30:00Z,2026-05-09,2026-05-09_62,-100.0,100,0,0,116.67494857142817,130.8723885714282,0.03943733333333334,9.568,0.0,True,True,True,False,-3.25,0.0,104.52791994500039,0.0,1500.754796425025,0.0,1602.0327163700254
2026-05-09T13:30:00Z,2026-05-09T13:45:00Z,2026-05-09,2026-05-09_63,-100.0,100,0,0,130.8723885714282,134.5607999999996,0.010245587301587296,20.990857142857145,0.0,True,True,True,False,-0.25,0.0,104.52791994500039,0.0,4599.200062638454,0.0,4703.477982583455
2026-05-09T13:45:00Z,2026-05-09T14:00:00Z,2026-05-09,2026-05-09_64,-100.0,100,0,0,134.5607999999996,143.9999999999996,0.02622,14.74,0.0,True,True,True,False,-0.25,0.0,104.52791994500039,0.0,2462.4616301275687,0.0,2566.7395500725693
2026-05-09T14:00:00Z,2026-05-09T14:15:00Z,2026-05-09,2026-05-09_65,0.0,0,0,100,143.9999999999996,143.9999999999996,0.0,0.0,0.0,True,True,True,False,0.0,995.4357955847529,0.0,0.0,0.0,0.0,995.4357955847529
2026-05-09T14:15:00Z,2026-05-09T14:30:00Z,2026-05-09,2026-05-09_66,0.0,0,0,100,143.9999999999996,143.9999999999996,0.0,0.0,0.0,True,True,True,False,0.0,995.4357955847529,0.0,0.0,0.0,0.0,995.4357955847529
2026-05-09T14:30:00Z,2026-05-09T14:45:00Z,2026-05-09,2026-05-09_67,0.0,0,0,100,143.9999999999996,143.9999999999996,0.0,0.0,0.0,True,True,True,False,0.0,995.4357955847529,0.0,0.0,0.0,0.0,995.4357955847529
2026-05-09T14:45:00Z,2026-05-09T15:00:00Z,2026-05-09,2026-05-09_68,0.0,0,0,100,143.9999999999996,143.9999999999996,0.0,0.0,0.0,True,True,True,False,0.0,995.4357955847529,0.0,0.0,0.0,0.0,995.4357955847529
2026-05-09T15:00:00Z,2026-05-09T15:15:00Z,2026-05-09,2026-05-09_69,0.0,0,0,100,143.9999999999996,143.9999999999996,0.0,0.0,0.0,True,True,True,False,0.0,995.4357955847529,0.0,0.0,0.0,0.0,995.4357955847529
2026-05-09T15:15:00Z,2026-05-09T15:30:00Z,2026-05-09,2026-05-09_70,0.0,0,0,100,143.9999999999996,143.9999999999996,0.0,0.0,0.0,True,True,True,False,0.0,995.4357955847529,0.0,0.0,0.0,0.0,995.4357955847529
2026-05-09T15:30:00Z,2026-05-09T15:45:00Z,2026-05-09,2026-05-09_71,0.0,0,0,100,143.9999999999996,143.9999999999996,0.0,0.0,0.0,True,True,True,False,0.0,995.4357955847529,0.0,0.0,0.0,0.0,995.4357955847529
2026-05-09T15:45:00Z,2026-05-09T16:00:00Z,2026-05-09,2026-05-09_72,0.0,0,0,100,143.9999999999996,143.9999999999996,0.0,0.0,0.0,True,True,True,False,0.0,995.4357955847529,0.0,0.0,0.0,0.0,995.4357955847529
2026-05-09T16:00:00Z,2026-05-09T16:15:00Z,2026-05-09,2026-05-09_73,0.0,0,0,100,143.9999999999996,143.9999999999996,0.0,0.0,0.0,True,True,True,False,0.0,995.4357955847529,0.0,0.0,0.0,0.0,995.4357955847529
2026-05-09T16:15:00Z,2026-05-09T16:30:00Z,2026-05-09,2026-05-09_74,0.0,0,0,100,143.9999999999996,143.9999999999996,0.0,0.0,0.0,True,True,True,False,0.0,995.4357955847529,0.0,0.0,0.0,0.0,995.4357955847529
2026-05-09T16:30:00Z,2026-05-09T16:45:00Z,2026-05-09,2026-05-09_75,0.0,0,0,100,143.9999999999996,143.9999999999996,0.0,0.0,0.0,True,True,True,False,0.0,995.4357955847529,0.0,0.0,0.0,0.0,995.4357955847529
2026-05-09T16:45:00Z,2026-05-09T17:00:00Z,2026-05-09,2026-05-09_76,0.0,0,0,100,143.9999999999996,143.9999999999996,0.0,0.0,0.0,True,True,True,False,0.0,995.4357955847529,0.0,0.0,0.0,0.0,995.4357955847529
2026-05-09T17:00:00Z,2026-05-09T17:15:00Z,2026-05-09,2026-05-09_77,0.0,0,0,100,143.9999999999996,143.9999999999996,0.0,0.0,0.0,True,True,True,False,0.0,995.4357955847529,0.0,0.0,0.0,0.0,995.4357955847529
2026-05-09T17:15:00Z,2026-05-09T17:30:00Z,2026-05-09,2026-05-09_78,0.0,0,0,100,143.9999999999996,143.9999999999996,0.0,0.0,0.0,True,True,True,False,0.0,995.4357955847529,0.0,0.0,0.0,0.0,995.4357955847529
2026-05-09T17:30:00Z,2026-05-09T17:45:00Z,2026-05-09,2026-05-09_79,0.0,0,0,100,143.9999999999996,143.9999999999996,0.0,0.0,0.0,True,True,True,False,0.0,995.4357955847529,0.0,0.0,0.0,0.0,995.4357955847529
2026-05-09T17:45:00Z,2026-05-09T18:00:00Z,2026-05-09,2026-05-09_80,0.0,0,0,100,143.9999999999996,143.9999999999996,0.0,0.0,0.0,True,True,True,False,0.0,995.4357955847529,0.0,0.0,0.0,0.0,995.4357955847529
2026-05-09T18:00:00Z,2026-05-09T18:15:00Z,2026-05-09,2026-05-09_81,74.0,0,74,26,143.9999999999996,124.18316770186296,0.05504675638371289,0.0,0.2685142857142857,True,True,True,False,4051.315,258.81330685203574,0.0,71.09731876861966,0.0,-14.278833255126205,4366.946792365529
2026-05-09T18:15:00Z,2026-05-09T18:30:00Z,2026-05-09,2026-05-09_82,74.0,0,74,26,124.18316770186296,104.07493167701823,0.05585621118012423,0.0,0.0004228571428571429,True,True,True,False,4037.81,258.81330685203574,0.0,71.09731876861966,0.0,-0.03230136298656657,4367.688324257669
2026-05-09T18:30:00Z,2026-05-09T18:45:00Z,2026-05-09,2026-05-09_83,74.0,0,74,26,104.07493167701823,83.96623602484432,0.05585748792270531,0.0,0.0,True,True,True,False,4288.8550000000005,258.81330685203574,0.0,71.09731876861966,0.0,0.0,4618.765625620656
2026-05-09T18:45:00Z,2026-05-09T19:00:00Z,2026-05-09,2026-05-09_84,74.0,0,74,26,83.96623602484432,64.53365217391266,0.053979399585921316,0.0,0.6220228571428571,True,True,True,False,3878.525,258.81330685203574,0.0,71.09731876861966,0.0,-31.70363692394993,4176.731988696705
2026-05-09T19:00:00Z,2026-05-09T19:15:00Z,2026-05-09,2026-05-09_85,0.0,0,0,100,64.53365217391266,64.53365217391266,0.0,0.0,0.0,True,True,True,False,0.0,995.4357955847529,0.0,0.0,0.0,0.0,995.4357955847529
2026-05-09T19:15:00Z,2026-05-09T19:30:00Z,2026-05-09,2026-05-09_86,0.0,0,0,100,64.53365217391266,64.53365217391266,0.0,0.0,0.0,True,True,True,False,0.0,995.4357955847529,0.0,0.0,0.0,0.0,995.4357955847529
2026-05-09T19:30:00Z,2026-05-09T19:45:00Z,2026-05-09,2026-05-09_87,0.0,0,0,100,64.53365217391266,64.53365217391266,0.0,0.0,0.0,True,True,True,False,0.0,995.4357955847529,0.0,0.0,0.0,0.0,995.4357955847529
2026-05-09T19:45:00Z,2026-05-09T20:00:00Z,2026-05-09,2026-05-09_88,0.0,0,0,100,64.53365217391266,64.53365217391266,0.0,0.0,0.0,True,True,True,False,0.0,995.4357955847529,0.0,0.0,0.0,0.0,995.4357955847529
2026-05-09T20:00:00Z,2026-05-09T20:15:00Z,2026-05-09,2026-05-09_89,0.0,0,0,100,64.53365217391266,64.53365217391266,0.0,0.0,0.0,True,True,True,False,0.0,995.4357955847529,0.0,0.0,0.0,0.0,995.4357955847529
2026-05-09T20:15:00Z,2026-05-09T20:30:00Z,2026-05-09,2026-05-09_90,0.0,0,0,100,64.53365217391266,64.53365217391266,0.0,0.0,0.0,True,True,True,False,0.0,995.4357955847529,0.0,0.0,0.0,0.0,995.4357955847529
2026-05-09T20:30:00Z,2026-05-09T20:45:00Z,2026-05-09,2026-05-09_91,0.0,0,0,100,64.53365217391266,64.53365217391266,0.0,0.0,0.0,True,True,True,False,0.0,995.4357955847529,0.0,0.0,0.0,0.0,995.4357955847529
2026-05-09T20:45:00Z,2026-05-09T21:00:00Z,2026-05-09,2026-05-09_92,0.0,0,0,100,64.53365217391266,64.53365217391266,0.0,0.0,0.0,True,True,True,False,0.0,995.4357955847529,0.0,0.0,0.0,0.0,995.4357955847529
2026-05-09T21:00:00Z,2026-05-09T21:15:00Z,2026-05-10,2026-05-09_93,0.0,0,0,100,64.53365217391266,64.53365217391266,0.0,0.0,0.0,True,True,True,False,0.0,995.4357955847529,0.0,0.0,0.0,0.0,995.4357955847529
2026-05-09T21:15:00Z,2026-05-09T21:30:00Z,2026-05-10,2026-05-09_94,0.0,0,0,100,64.53365217391266,64.53365217391266,0.0,0.0,0.0,True,True,True,False,0.0,995.4357955847529,0.0,0.0,0.0,0.0,995.4357955847529
2026-05-09T21:30:00Z,2026-05-09T21:45:00Z,2026-05-10,2026-05-09_95,0.0,0,0,100,64.53365217391266,64.53365217391266,0.0,0.0,0.0,True,True,True,False,0.0,995.4357955847529,0.0,0.0,0.0,0.0,995.4357955847529
2026-05-09T21:45:00Z,2026-05-09T22:00:00Z,2026-05-10,2026-05-09_96,0.0,0,0,100,64.53365217391266,64.53365217391266,0.0,0.0,0.0,True,True,True,False,0.0,995.4357955847529,0.0,0.0,0.0,0.0,995.4357955847529
2026-05-09T22:00:00Z,2026-05-09T22:15:00Z,2026-05-10,2026-05-10_1,0.0,0,0,100,64.53365217391266,64.53365217391266,0.0,0.0,0.0,True,True,True,False,0.0,995.4357955847529,0.0,0.0,0.0,0.0,995.4357955847529
2026-05-09T22:15:00Z,2026-05-09T22:30:00Z,2026-05-10,2026-05-10_2,0.0,0,0,100,64.53365217391266,64.53365217391266,0.0,0.0,0.0,True,True,True,False,0.0,995.4357955847529,0.0,0.0,0.0,0.0,995.4357955847529
2026-05-09T22:30:00Z,2026-05-09T22:45:00Z,2026-05-10,2026-05-10_3,0.0,0,0,100,64.53365217391266,64.53365217391266,0.0,0.0,0.0,True,True,True,False,0.0,995.4357955847529,0.0,0.0,0.0,0.0,995.4357955847529
2026-05-09T22:45:00Z,2026-05-09T23:00:00Z,2026-05-10,2026-05-10_4,0.0,0,0,100,64.53365217391266,64.53365217391266,0.0,0.0,0.0,True,True,True,False,0.0,995.4357955847529,0.0,0.0,0.0,0.0,995.4357955847529
2026-05-09T23:00:00Z,2026-05-09T23:15:00Z,2026-05-10,2026-05-10_5,0.0,0,0,100,64.53365217391266,64.53365217391266,0.0,0.0,0.0,True,True,True,False,0.0,995.4357955847529,0.0,0.0,0.0,0.0,995.4357955847529
2026-05-09T23:15:00Z,2026-05-09T23:30:00Z,2026-05-10,2026-05-10_6,0.0,0,0,100,64.53365217391266,64.53365217391266,0.0,0.0,0.0,True,True,True,False,0.0,995.4357955847529,0.0,0.0,0.0,0.0,995.4357955847529
2026-05-09T23:30:00Z,2026-05-09T23:45:00Z,2026-05-10,2026-05-10_7,0.0,0,0,100,64.53365217391266,64.53365217391266,0.0,0.0,0.0,True,True,True,False,0.0,995.4357955847529,0.0,0.0,0.0,0.0,995.4357955847529
2026-05-09T23:45:00Z,2026-05-10T00:00:00Z,2026-05-10,2026-05-10_8,0.0,0,0,100,64.53365217391266,64.53365217391266,0.0,0.0,0.0,True,True,True,False,0.0,995.4357955847529,0.0,0.0,0.0,0.0,995.4357955847529
2026-05-10T00:00:00Z,2026-05-10T00:15:00Z,2026-05-10,2026-05-10_9,0.0,0,0,100,64.53365217391266,64.53365217391266,0.0,0.0,0.0,True,True,True,False,0.0,995.4357955847529,0.0,0.0,0.0,0.0,995.4357955847529
2026-05-10T00:15:00Z,2026-05-10T00:30:00Z,2026-05-10,2026-05-10_10,0.0,0,0,100,64.53365217391266,64.53365217391266,0.0,0.0,0.0,True,True,True,False,0.0,995.4357955847529,0.0,0.0,0.0,0.0,995.4357955847529
2026-05-10T00:30:00Z,2026-05-10T00:45:00Z,2026-05-10,2026-05-10_11,0.0,0,0,100,64.53365217391266,64.53365217391266,0.0,0.0,0.0,True,True,True,False,0.0,995.4357955847529,0.0,0.0,0.0,0.0,995.4357955847529
2026-05-10T00:45:00Z,2026-05-10T01:00:00Z,2026-05-10,2026-05-10_12,0.0,0,0,100,64.53365217391266,64.53365217391266,0.0,0.0,0.0,True,True,True,False,0.0,995.4357955847529,0.0,0.0,0.0,0.0,995.4357955847529
2026-05-10T01:00:00Z,2026-05-10T01:15:00Z,2026-05-10,2026-05-10_13,49.00000000000017,51,100,0,64.53365217391266,58.6524277664592,0.035679690655624624,0.0,7.420571428571429,True,True,True,False,1628.1475000000057,0.0,54.25884195248644,101.83523031090061,0.0,-44.04104324672349,1740.2005290166692
2026-05-10T01:15:00Z,2026-05-10T01:30:00Z,2026-05-10,2026-05-10_14,1.6640706174269513,51,100,0,58.6524277664592,63.40734064099389,0.015153239425996548,0.0,5.642857142857142,True,True,True,False,54.46087113184055,0.0,54.25884195248644,101.83523031090061,0.0,-184.1482698036819,26.406673591545704
2026-05-10T01:30:00Z,2026-05-10T01:45:00Z,2026-05-10,2026-05-10_15,49.00000000000017,51,100,0,63.40734064099389,61.350735602484534,0.03500725653554177,0.0,11.238285714285714,True,True,True,False,1615.1625000000056,0.0,54.25884195248644,101.83523031090061,0.0,138.25726944356538,1909.513841706958
2026-05-10T01:45:00Z,2026-05-10T02:00:00Z,2026-05-10,2026-05-10_16,49.00000000000017,51,100,0,61.350735602484534,64.34782608695654,0.03411872960662524,0.0,16.282857142857143,True,True,True,False,1609.4050000000057,0.0,54.25884195248644,101.83523031090061,0.0,466.5260593428419,2232.0251316062345
2026-05-10T02:00:00Z,2026-05-10T02:15:00Z,2026-05-10,2026-05-10_17,0.0,0,0,100,64.34782608695654,64.34782608695654,0.0,0.0,0.0,True,True,True,False,0.0,995.4357955847529,0.0,0.0,0.0,0.0,995.4357955847529
2026-05-10T02:15:00Z,2026-05-10T02:30:00Z,2026-05-10,2026-05-10_18,0.0,0,0,100,64.34782608695654,64.34782608695654,0.0,0.0,0.0,True,True,True,False,0.0,995.4357955847529,0.0,0.0,0.0,0.0,995.4357955847529
2026-05-10T02:30:00Z,2026-05-10T02:45:00Z,2026-05-10,2026-05-10_19,0.0,0,0,100,64.34782608695654,64.34782608695654,0.0,0.0,0.0,True,True,True,False,0.0,995.4357955847529,0.0,0.0,0.0,0.0,995.4357955847529
2026-05-10T02:45:00Z,2026-05-10T03:00:00Z,2026-05-10,2026-05-10_20,0.0,0,0,100,64.34782608695654,64.34782608695654,0.0,0.0,0.0,True,True,True,False,0.0,995.4357955847529,0.0,0.0,0.0,0.0,995.4357955847529
2026-05-10T03:00:00Z,2026-05-10T03:15:00Z,2026-05-10,2026-05-10_21,0.0,0,0,100,64.34782608695654,64.34782608695654,0.0,0.0,0.0,True,True,True,False,0.0,995.4357955847529,0.0,0.0,0.0,0.0,995.4357955847529
2026-05-10T03:15:00Z,2026-05-10T03:30:00Z,2026-05-10,2026-05-10_22,0.0,0,0,100,64.34782608695654,64.34782608695654,0.0,0.0,0.0,True,True,True,False,0.0,995.4357955847529,0.0,0.0,0.0,0.0,995.4357955847529
2026-05-10T03:30:00Z,2026-05-10T03:45:00Z,2026-05-10,2026-05-10_23,0.0,0,0,100,64.34782608695654,64.34782608695654,0.0,0.0,0.0,True,True,True,False,0.0,995.4357955847529,0.0,0.0,0.0,0.0,995.4357955847529
2026-05-10T03:45:00Z,2026-05-10T04:00:00Z,2026-05-10,2026-05-10_24,0.0,0,0,100,64.34782608695654,64.34782608695654,0.0,0.0,0.0,True,True,True,False,0.0,995.4357955847529,0.0,0.0,0.0,0.0,995.4357955847529
2026-05-10T04:00:00Z,2026-05-10T04:15:00Z,2026-05-10,2026-05-10_25,0.0,0,0,100,64.34782608695654,64.34782608695654,0.0,0.0,0.0,True,True,True,False,0.0,995.4357955847529,0.0,0.0,0.0,0.0,995.4357955847529
2026-05-10T04:15:00Z,2026-05-10T04:30:00Z,2026-05-10,2026-05-10_26,0.0,0,0,100,64.34782608695654,64.34782608695654,0.0,0.0,0.0,True,True,True,False,0.0,995.4357955847529,0.0,0.0,0.0,0.0,995.4357955847529
2026-05-10T04:30:00Z,2026-05-10T04:45:00Z,2026-05-10,2026-05-10_27,0.0,0,0,100,64.34782608695654,64.34782608695654,0.0,0.0,0.0,True,True,True,False,0.0,995.4357955847529,0.0,0.0,0.0,0.0,995.4357955847529
2026-05-10T04:45:00Z,2026-05-10T05:00:00Z,2026-05-10,2026-05-10_28,0.0,0,0,100,64.34782608695654,64.34782608695654,0.0,0.0,0.0,True,True,True,False,0.0,995.4357955847529,0.0,0.0,0.0,0.0,995.4357955847529
2026-05-10T05:00:00Z,2026-05-10T05:15:00Z,2026-05-10,2026-05-10_29,27.0,0,27,73,64.34782608695654,58.32263354037269,0.01673664596273292,0.0,1.2068228571428572,True,True,True,False,871.0875000000001,726.6681307768696,0.0,21.578756397525016,0.0,-50.68268813688795,1568.6516990375067
2026-05-10T05:15:00Z,2026-05-10T05:30:00Z,2026-05-10,2026-05-10_30,27.0,0,27,73,58.32263354037269,51.03028571428573,0.020256521739130433,0.0,0.04104,True,True,True,False,739.26,726.6681307768696,0.0,21.578756397525016,0.0,-2.2311404934687955,1485.2757466809257
2026-05-10T05:30:00Z,2026-05-10T05:45:00Z,2026-05-10,2026-05-10_31,4.620359350857129,0,27,73,51.03028571428573,49.7747532819876,0.003487590089717035,0.0,0.0,True,True,True,False,118.92804969106248,726.6681307768696,0.0,21.578756397525016,0.0,0.0,867.1749368654571
2026-05-10T05:45:00Z,2026-05-10T06:00:00Z,2026-05-10,2026-05-10_32,0.0,0,27,73,49.7747532819876,49.8562284819876,0.00022632,0.0,0.08856,True,True,True,False,0.0,726.6681307768696,0.0,21.578756397525016,0.0,-4.49964085249408,743.7472463219005
2026-05-10T06:00:00Z,2026-05-10T06:15:00Z,2026-05-10,2026-05-10_33,6.0,31,37,63,49.8562284819876,47.59962997267083,0.006472043478260869,0.61752,0.04757142857142857,True,True,True,False,169.155,627.1245512183943,33.043025742876786,35.19889618822092,101.27898773202963,-2.4718628119646,963.3285980695571
2026-05-10T06:15:00Z,2026-05-10T06:30:00Z,2026-05-10,2026-05-10_34,6.0,31,37,63,47.59962997267083,44.33507540869567,0.0090709233126294,1.5039428571428572,0.0006342857142857143,True,True,True,False,155.04,627.1245512183943,33.043025742876786,35.19889618822092,335.1321996900815,-0.04845204447984985,1185.4902207950936
2026-05-10T06:30:00Z,2026-05-10T06:45:00Z,2026-05-10,2026-05-10_35,0.0,31,37,63,44.33507540869567,44.23913043478262,0.0003410776259489303,0.10061714285714285,0.01458857142857143,True,True,True,False,0.0,627.1245512183943,33.043025742876786,35.19889618822092,12.654079500638387,-1.0776553531870317,706.9428972969434
2026-05-10T06:45:00Z,2026-05-10T07:00:00Z,2026-05-10,2026-05-10_36,0.0,31,37,63,44.23913043478262,45.33149713291927,0.0037606804416839205,0.12028000000000001,1.3294628571428573,True,True,True,False,0.0,627.1245512183943,33.043025742876786,35.19889618822092,16.178721213047133,70.42466678743304,781.9698611499722
2026-05-10T07:00:00Z,2026-05-10T07:15:00Z,2026-05-10,2026-05-10_37,4.0,31,35,65,45.33149713291927,45.79256301118014,0.006320973195307109,0.02657142857142857,1.6792000000000002,True,True,True,False,33.59,647.0332671300894,33.27390955618363,33.817603697196546,2.200784508440914,356.7539992361165,1106.6695641280269
2026-05-10T07:15:00Z,2026-05-10T07:30:00Z,2026-05-10,2026-05-10_38,2.2470158090112777,31,35,65,45.79256301118014,45.67516430310558,0.004828800629096799,0.35233714285714285,0.9413999999999999,True,True,True,False,5.595069364438082,647.0332671300894,33.27390955618363,33.817603697196546,53.502170407149954,11.459536857382934,784.6815570124405
2026-05-10T07:30:00Z,2026-05-10T07:45:00Z,2026-05-10,2026-05-10_39,0.0,31,35,65,45.67516430310558,48.62634030310558,0.008197711111111112,0.0,3.2078,True,True,True,False,0.0,647.0332671300894,33.27390955618363,33.817603697196546,0.0,26.844588610495762,740.9693689939653
2026-05-10T07:45:00Z,2026-05-10T08:00:00Z,2026-05-10,2026-05-10_40,0.0,31,35,65,48.62634030310558,50.10662030310558,0.004111888888888889,0.0,1.609,True,True,True,False,0.0,647.0332671300894,33.27390955618363,33.817603697196546,0.0,-7.920862042624704,706.2039183408449
2026-05-10T08:00:00Z,2026-05-10T08:15:00Z,2026-05-10,2026-05-10_41,0.0,27,27,73,50.10662030310558,50.05821778881987,0.0008512628571428572,0.16323428571428572,0.1402457142857143,True,True,True,False,0.0,726.6681307768696,28.926361622488734,27.364028722022766,15.749783065792203,-5.909957185416372,792.798347001757
2026-05-10T08:15:00Z,2026-05-10T08:30:00Z,2026-05-10,2026-05-10_42,-1.4210854715202004e-14,27,27,73,50.05821778881987,50.38223147329192,0.0030578019875776474,0.3573257142857143,0.77436,True,True,True,False,-0.0,726.6681307768696,28.926361622488734,27.364028722022766,54.43798981197551,-1.7511976014055461,835.645313331951
2026-05-10T08:30:00Z,2026-05-10T08:45:00Z,2026-05-10,2026-05-10_43,0.0,27,27,73,50.38223147329192,52.2039266385093,0.005070512795031056,0.001697142857142857,1.9821085714285713,True,True,True,False,0.0,726.6681307768696,28.926361622488734,27.364028722022766,0.132602655041086,32.129584762705015,815.2207085391271
2026-05-10T08:45:00Z,2026-05-10T09:00:00Z,2026-05-10,2026-05-10_44,0.0,27,27,73,52.2039266385093,54.90424755279501,0.00750089142857143,0.0,2.9351314285714287,True,True,True,False,0.0,726.6681307768696,28.926361622488734,27.364028722022766,0.0,0.5324984449512752,783.4910195663324
2026-05-10T09:00:00Z,2026-05-10T09:15:00Z,2026-05-10,2026-05-10_45,-26.999999999999506,27,0,73,54.90424755279501,60.65108800993776,0.01596344571428545,0.5034342857142857,0.0,True,True,True,False,-0.0,726.6681307768696,29.04237644183026,0.0,68.4552951624344,0.0,824.1658023811342
2026-05-10T09:15:00Z,2026-05-10T09:30:00Z,2026-05-10,2026-05-10_46,-27.0,27,0,73,60.65108800993776,66.64803178136633,0.016658177142857146,0.23158285714285712,0.0,True,True,True,False,-0.0,726.6681307768696,29.04237644183026,0.0,25.576584967862324,0.0,781.2870921865622
2026-05-10T09:30:00Z,2026-05-10T09:45:00Z,2026-05-10,2026-05-10_47,-27.0,27,0,73,66.64803178136633,72.72957349565205,0.01689317142857143,0.13962857142857144,0.0,True,True,True,False,-0.0,726.6681307768696,29.04237644183026,0.0,11.679560423191507,0.0,767.3900676418914
2026-05-10T09:45:00Z,2026-05-10T10:00:00Z,2026-05-10,2026-05-10_48,-27.0,27,0,73,72.72957349565205,78.8639179527949,0.017039845714285715,0.08223428571428572,0.0,True,True,True,False,-0.0,726.6681307768696,29.04237644183026,0.0,6.854825422045682,0.0,762.5653326407455
2026-05-10T10:00:00Z,2026-05-10T10:15:00Z,2026-05-10,2026-05-10_49,-100.0,100,0,0,78.8639179527949,91.10202080993777,0.03399473015873016,11.697714285714286,0.0,True,True,True,False,-0.0,0.0,107.56435719196394,0.0,2072.1087677466526,0.0,2179.6731249386166
2026-05-10T10:15:00Z,2026-05-10T10:30:00Z,2026-05-10,2026-05-10_50,-100.0,100,0,0,91.10202080993777,102.98421509565206,0.033006095238095244,12.084571428571428,0.0,True,True,True,False,-0.0,0.0,107.56435719196394,0.0,2286.2004124971354,0.0,2393.7647696890995
2026-05-10T10:30:00Z,2026-05-10T10:45:00Z,2026-05-10,2026-05-10_51,-100.0,100,0,0,102.98421509565206,116.91564366708063,0.0386984126984127,9.857142857142858,0.0,True,True,True,False,0.25,0.0,107.56435719196394,0.0,1693.2773333915343,0.0,1801.0916905834981
2026-05-10T10:45:00Z,2026-05-10T11:00:00Z,2026-05-10,2026-05-10_52,-100.0,100,0,0,116.91564366708063,136.23722080993778,0.053671047619047625,3.9982857142857138,0.0,True,True,True,False,0.25,0.0,107.56435719196394,0.0,624.1736014928467,0.0,731.9879586848107
2026-05-10T11:00:00Z,2026-05-10T11:15:00Z,2026-05-10,2026-05-10_53,-2.0,27,25,73,136.23722080993778,136.2104442136645,0.0024618524499654933,0.45359999999999995,0.0007142857142857143,True,True,True,False,0.005,726.6681307768696,28.926361622488734,25.859846459399588,56.490715453364906,-0.05456311315298406,837.8954911989698
2026-05-10T11:15:00Z,2026-05-10T11:30:00Z,2026-05-10,2026-05-10_54,-2.000000000000073,27,25,73,136.2104442136645,135.26219177142846,0.004693432657004858,1.3105028571428572,0.0,True,True,True,False,0.005000000000000182,726.6681307768696,28.926361622488734,25.859846459399588,205.86762561192532,0.0,987.3269644706833
2026-05-10T11:30:00Z,2026-05-10T11:45:00Z,2026-05-10,2026-05-10_55,-2.0,27,25,73,135.26219177142846,134.9350028621117,0.0031870701449275363,0.7325485714285714,0.0,True,True,True,False,0.005,726.6681307768696,28.926361622488734,25.859846459399588,99.89976558377074,0.0,881.3591044425286
2026-05-10T11:45:00Z,2026-05-10T12:00:00Z,2026-05-10,2026-05-10_56,-2.0,27,25,73,134.9350028621117,135.45050355279494,0.0015794618909592824,0.026382857142857145,0.09114285714285715,True,True,True,False,0.005,726.6681307768696,28.926361622488734,25.859846459399588,1.9446297947335687,-4.6763540382160045,778.7276146152755
2026-05-10T12:00:00Z,2026-05-10T12:15:00Z,2026-05-10,2026-05-10_57,0.0,27,27,73,135.45050355279494,139.1048224099378,0.010150885714285716,0.0,3.9720857142857144,True,True,True,False,0.0,726.6681307768696,28.926361622488734,27.68887021617905,0.0,119.83009786439978,903.1134604799372
2026-05-10T12:15:00Z,2026-05-10T12:30:00Z,2026-05-10,2026-05-10_58,0.0,27,27,73,139.1048224099378,143.4660166956521,0.012114428571428573,0.0,4.740428571428572,True,True,True,False,0.0,726.6681307768696,28.926361622488734,27.68887021617905,0.0,180.0781664884272,963.3615291039646
2026-05-10T12:30:00Z,2026-05-10T12:45:00Z,2026-05-10,2026-05-10_59,0.0,27,27,73,143.4660166956521,147.5983990956521,0.01147884,0.0,4.49172,True,True,True,False,0.0,726.6681307768696,28.926361622488734,27.68887021617905,0.0,87.707086273012,870.9904488885494
2026-05-10T12:45:00Z,2026-05-10T13:00:00Z,2026-05-10,2026-05-10_60,0.0,27,27,73,147.5983990956521,151.0263190956521,0.009522,0.0,3.7259999999999995,True,True,True,False,0.0,726.6681307768696,28.926361622488734,27.68887021617905,0.0,53.53118669314796,836.8145493086853
2026-05-10T13:00:00Z,2026-05-10T13:15:00Z,2026-05-10,2026-05-10_61,0.0,27,27,73,151.0263190956521,151.87059520993782,0.0023452114285714286,0.0,0.9176914285714286,True,True,True,False,0.0,726.6681307768696,28.71753494767398,26.42817584600107,0.0,-23.871123192596883,757.9427183779478
2026-05-10T13:15:00Z,2026-05-10T13:30:00Z,2026-05-10,2026-05-10_62,0.0,27,27,73,151.87059520993782,153.7080454956521,0.005104028571428572,0.0,1.9972285714285716,True,True,True,False,0.0,726.6681307768696,28.71753494767398,26.42817584600107,0.0,0.9256882100025101,782.7395297805472
2026-05-10T13:30:00Z,2026-05-10T13:45:00Z,2026-05-10,2026-05-10_63,0.0,27,27,73,153.7080454956521,156.22596983850926,0.006994234285714286,0.0,2.736874285714286,True,True,True,False,0.0,726.6681307768696,28.71753494767398,26.42817584600107,0.0,50.525864563440535,832.3397061339851
2026-05-10T13:45:00Z,2026-05-10T14:00:00Z,2026-05-10,2026-05-10_64,-1.8101462358018837e-15,27,27,73,156.22596983850926,154.91485305838503,0.003683785341614907,1.2131485714285715,0.008177142857142857,True,True,True,False,-0.0,726.6681307768696,28.71753494767398,26.42817584600107,204.58502849831402,-0.440253036437247,985.9586170324214
2026-05-10T14:00:00Z,2026-05-10T14:15:00Z,2026-05-10,2026-05-10_65,-36.0,53,17,47,154.91485305838503,161.1447594534161,0.02149428795031056,2.162702857142857,0.06022857142857142,True,True,True,False,-0.09,467.85482392483385,56.06781376518218,16.425693224352607,460.6345622903412,-3.003699291770791,997.889193912939
2026-05-10T14:15:00Z,2026-05-10T14:30:00Z,2026-05-10,2026-05-10_66,-36.0,53,17,47,161.1447594534161,167.9685717465838,0.021852894741200828,1.4961142857142857,0.0003885714285714286,True,True,True,False,-9.450000000000001,467.85482392483385,56.06781376518218,16.425693224352607,246.622,-0.029682333555223334,777.4906485808134
2026-05-10T14:30:00Z,2026-05-10T14:45:00Z,2026-05-10,2026-05-10_67,0.0,53,17,47,167.9685717465838,168.18204228571423,0.0010757894547964114,0.07995428571428571,0.3264971428571429,True,True,True,False,0.0,467.85482392483385,56.06781376518218,16.425693224352607,12.355902371312897,-8.02662710913714,544.6776061765444
2026-05-10T14:45:00Z,2026-05-10T15:00:00Z,2026-05-10,2026-05-10_68,-4.864768008717567e-15,53,17,47,168.18204228571423,167.30716149068317,0.0035299895100069038,0.9870114285714285,0.21517142857142857,True,True,True,False,-1.2711638806779002e-13,467.85482392483385,56.06781376518218,16.425693224352607,166.2269065934066,-10.47113652236542,696.1041009854097
2026-05-10T15:00:00Z,2026-05-10T15:15:00Z,2026-05-10,2026-05-10_69,-98.66451525789888,0,0,0,167.30716149068317,189.99999999999991,0.06303566252587983,0.0,0.0,True,True,True,False,-378.13175472589745,0.0,0.0,0.0,0.0,0.0,-378.13175472589745
2026-05-10T15:15:00Z,2026-05-10T15:30:00Z,2026-05-10,2026-05-10_70,0.0,0,0,0,189.99999999999991,189.99999999999991,0.0,0.0,0.0,True,True,True,False,0.0,0.0,0.0,0.0,0.0,0.0,0.0
2026-05-10T15:30:00Z,2026-05-10T15:45:00Z,2026-05-10,2026-05-10_71,69.28000000000003,0,0,0,189.99999999999991,171.17391304347817,0.05229468599033819,0.0,0.0,True,True,True,False,2688.0640000000008,0.0,0.0,0.0,0.0,0.0,2688.0640000000008
2026-05-10T15:45:00Z,2026-05-10T16:00:00Z,2026-05-10,2026-05-10_72,100.0,0,0,0,171.17391304347817,143.99999999999991,0.0754830917874396,0.0,0.0,True,True,True,False,5329.5,0.0,0.0,0.0,0.0,0.0,5329.5
2026-05-10T16:00:00Z,2026-05-10T16:15:00Z,2026-05-10,2026-05-10_73,0.0,0,0,100,143.99999999999991,143.99999999999991,0.0,0.0,0.0,True,True,True,False,0.0,995.4357955847529,0.0,0.0,0.0,0.0,995.4357955847529
2026-05-10T16:15:00Z,2026-05-10T16:30:00Z,2026-05-10,2026-05-10_74,0.0,0,0,100,143.99999999999991,143.99999999999991,0.0,0.0,0.0,True,True,True,False,0.0,995.4357955847529,0.0,0.0,0.0,0.0,995.4357955847529
2026-05-10T16:30:00Z,2026-05-10T16:45:00Z,2026-05-10,2026-05-10_75,0.0,0,0,100,143.99999999999991,143.99999999999991,0.0,0.0,0.0,True,True,True,False,0.0,995.4357955847529,0.0,0.0,0.0,0.0,995.4357955847529
2026-05-10T16:45:00Z,2026-05-10T17:00:00Z,2026-05-10,2026-05-10_76,0.0,0,0,100,143.99999999999991,143.99999999999991,0.0,0.0,0.0,True,True,True,False,0.0,995.4357955847529,0.0,0.0,0.0,0.0,995.4357955847529
2026-05-10T17:00:00Z,2026-05-10T17:15:00Z,2026-05-10,2026-05-10_77,0.0,0,0,100,143.99999999999991,143.99999999999991,0.0,0.0,0.0,True,True,True,False,0.0,995.4357955847529,0.0,0.0,0.0,0.0,995.4357955847529
2026-05-10T17:15:00Z,2026-05-10T17:30:00Z,2026-05-10,2026-05-10_78,0.0,0,0,100,143.99999999999991,143.99999999999991,0.0,0.0,0.0,True,True,True,False,0.0,995.4357955847529,0.0,0.0,0.0,0.0,995.4357955847529
2026-05-10T17:30:00Z,2026-05-10T17:45:00Z,2026-05-10,2026-05-10_79,0.0,0,0,100,143.99999999999991,143.99999999999991,0.0,0.0,0.0,True,True,True,False,0.0,995.4357955847529,0.0,0.0,0.0,0.0,995.4357955847529
2026-05-10T17:45:00Z,2026-05-10T18:00:00Z,2026-05-10,2026-05-10_80,0.0,0,0,100,143.99999999999991,143.99999999999991,0.0,0.0,0.0,True,True,True,False,0.0,995.4357955847529,0.0,0.0,0.0,0.0,995.4357955847529
2026-05-10T18:00:00Z,2026-05-10T18:15:00Z,2026-05-10,2026-05-10_81,22.32473293252696,0,100,0,143.99999999999991,138.08447204968934,0.01705815871320476,0.0,0.15771428571428572,True,True,True,False,1148.1610147198614,0.0,0.0,96.07745779543198,0.0,-9.225309863919597,1235.013162651374
2026-05-10T18:15:00Z,2026-05-10T18:30:00Z,2026-05-10,2026-05-10_82,100.0,0,100,0,138.08447204968934,110.96832298136636,0.07532263630089718,0.0,0.053142857142857144,True,True,True,False,6620.5,0.0,0.0,96.07745779543198,0.0,-3.6208062245599484,6712.956651570872
2026-05-10T18:30:00Z,2026-05-10T18:45:00Z,2026-05-10,2026-05-10_83,100.0,0,100,0,110.96832298136636,85.66832298136634,0.07027777777777777,0.0,1.7239999999999998,True,True,True,False,7105.249999999999,0.0,0.0,96.07745779543198,0.0,-84.50839660835689,7116.819061187074
2026-05-10T18:45:00Z,2026-05-10T19:00:00Z,2026-05-10,2026-05-10_84,100.0,0,100,0,85.66832298136634,64.3478260869564,0.059223602484472046,0.0,5.385142857142857,True,True,True,False,5273.5,0.0,0.0,96.07745779543198,0.0,-127.79275969313707,5241.784698102295
2026-05-10T19:00:00Z,2026-05-10T19:15:00Z,2026-05-10,2026-05-10_85,0.0,0,0,100,64.3478260869564,64.3478260869564,0.0,0.0,0.0,True,True,True,False,0.0,995.4357955847529,0.0,0.0,0.0,0.0,995.4357955847529
2026-05-10T19:15:00Z,2026-05-10T19:30:00Z,2026-05-10,2026-05-10_86,0.0,0,0,100,64.3478260869564,64.3478260869564,0.0,0.0,0.0,True,True,True,False,0.0,995.4357955847529,0.0,0.0,0.0,0.0,995.4357955847529
2026-05-10T19:30:00Z,2026-05-10T19:45:00Z,2026-05-10,2026-05-10_87,0.0,0,0,100,64.3478260869564,64.3478260869564,0.0,0.0,0.0,True,True,True,False,0.0,995.4357955847529,0.0,0.0,0.0,0.0,995.4357955847529
2026-05-10T19:45:00Z,2026-05-10T20:00:00Z,2026-05-10,2026-05-10_88,0.0,0,0,100,64.3478260869564,64.3478260869564,0.0,0.0,0.0,True,True,True,False,0.0,995.4357955847529,0.0,0.0,0.0,0.0,995.4357955847529
2026-05-10T20:00:00Z,2026-05-10T20:15:00Z,2026-05-10,2026-05-10_89,66.0,34,100,0,64.3478260869564,45.83954854161479,0.051513169689440995,0.5828571428571429,0.058285714285714274,True,True,True,False,3061.5750000000003,0.0,36.18230081735543,96.07745779543198,104.44845859205343,-3.0739803791045093,3295.2092368257368
2026-05-10T20:15:00Z,2026-05-10T20:30:00Z,2026-05-10,2026-05-10_90,65.0274424367834,34,100,0,45.83954854161479,27.96507869813653,0.04967888348045137,0.20225142857142855,0.015428571428571429,True,True,True,False,2945.09286796192,0.0,36.18230081735543,96.07745779543198,34.201479784366576,-1.1639402206532297,3110.3901661384207
2026-05-10T20:30:00Z,2026-05-10T20:45:00Z,2026-05-10,2026-05-10_91,66.0,34,100,0,27.96507869813653,9.999999999999886,0.04992384971704623,0.039245714285714293,0.012,True,True,True,False,2993.43,0.0,36.18230081735543,96.07745779543198,6.08487696890994,-0.9020372775189063,3130.872598304178
2026-05-10T20:45:00Z,2026-05-10T21:00:00Z,2026-05-10,2026-05-10_92,4.82437632275859,34,100,0,9.999999999999886,9.999999999999886,0.0069048555326071785,0.005828571428571429,1.4194285714285715,True,True,True,False,205.5787360535504,0.0,36.18230081735543,96.07745779543198,0.8904700066567,14.867622466907472,353.596587139902
2026-05-10T21:00:00Z,2026-05-10T21:15:00Z,2026-05-11,2026-05-10_93,-59.29114282177965,100,36,0,9.999999999999886,21.852780555346882,0.038267954707087076,2.173714285714286,0.3949714285714286,True,True,True,False,-2568.34407918244,0.0,110.28569246046902,28.78198762508594,372.7747311675415,-3.8902769841876097,-2060.391944913531
2026-05-10T21:15:00Z,2026-05-10T21:30:00Z,2026-05-11,2026-05-10_94,-62.63233947554057,100,36,0,21.852780555346882,35.76801244223597,0.03982809198179277,0.5205714285714286,0.02304,True,True,True,False,-2430.291352499663,0.0,110.28569246046902,28.78198762508594,87.56901382629287,-1.370432083110534,-2205.0250906709257
2026-05-10T21:30:00Z,2026-05-10T21:45:00Z,2026-05-11,2026-05-10_95,-63.99999999999999,100,36,0,35.76801244223597,49.712889918012365,0.04045502542443064,0.7908571428571428,0.0,True,True,True,False,-2483.1999999999994,0.0,110.28569246046902,28.78198762508594,134.5126208845772,0.0,-2209.619699029867
2026-05-10T21:45:00Z,2026-05-10T22:00:00Z,2026-05-11,2026-05-10_96,-63.99999999999998,100,36,0,49.712889918012365,64.34782608695646,0.04088241413388542,0.10571428571428572,0.02016,True,True,True,False,-2419.519999999999,0.0,110.28569246046902,28.78198762508594,16.26951013237011,-1.2294004124971356,-2265.4122101945713
2026-05-10T22:00:00Z,2026-05-10T22:15:00Z,2026-05-11,2026-05-11_1,0.0,0,0,100,64.34782608695646,64.34782608695646,0.0,0.0,0.0,True,True,True,False,0.0,995.4357955847529,0.0,0.0,0.0,0.0,995.4357955847529
2026-05-10T22:15:00Z,2026-05-10T22:30:00Z,2026-05-11,2026-05-11_2,0.0,0,0,100,64.34782608695646,64.34782608695646,0.0,0.0,0.0,True,True,True,False,0.0,995.4357955847529,0.0,0.0,0.0,0.0,995.4357955847529
2026-05-10T22:30:00Z,2026-05-10T22:45:00Z,2026-05-11,2026-05-11_3,0.0,0,0,100,64.34782608695646,64.34782608695646,0.0,0.0,0.0,True,True,True,False,0.0,995.4357955847529,0.0,0.0,0.0,0.0,995.4357955847529
2026-05-10T22:45:00Z,2026-05-10T23:00:00Z,2026-05-11,2026-05-11_4,0.0,0,0,100,64.34782608695646,64.34782608695646,0.0,0.0,0.0,True,True,True,False,0.0,995.4357955847529,0.0,0.0,0.0,0.0,995.4357955847529
2026-05-10T23:00:00Z,2026-05-10T23:15:00Z,2026-05-11,2026-05-11_5,0.0,0,0,100,64.34782608695646,64.34782608695646,0.0,0.0,0.0,True,False,True,False,0.0,995.4357955847529,0.0,0.0,0.0,0.0,995.4357955847529
2026-05-10T23:15:00Z,2026-05-10T23:30:00Z,2026-05-11,2026-05-11_6,0.0,0,0,100,64.34782608695646,64.34782608695646,0.0,0.0,0.0,True,False,True,False,0.0,995.4357955847529,0.0,0.0,0.0,0.0,995.4357955847529
2026-05-10T23:30:00Z,2026-05-10T23:45:00Z,2026-05-11,2026-05-11_7,0.0,0,0,100,64.34782608695646,64.34782608695646,0.0,0.0,0.0,True,False,True,False,0.0,995.4357955847529,0.0,0.0,0.0,0.0,995.4357955847529
2026-05-10T23:45:00Z,2026-05-11T00:00:00Z,2026-05-11,2026-05-11_8,0.0,0,0,100,64.34782608695646,64.34782608695646,0.0,0.0,0.0,True,False,True,False,0.0,995.4357955847529,0.0,0.0,0.0,0.0,995.4357955847529
2026-05-11T00:00:00Z,2026-05-11T00:15:00Z,2026-05-11,2026-05-11_9,0.0,0,0,100,64.34782608695646,64.34782608695646,0.0,0.0,0.0,True,True,True,False,0.0,995.4357955847529,0.0,0.0,0.0,0.0,995.4357955847529
2026-05-11T00:15:00Z,2026-05-11T00:30:00Z,2026-05-11,2026-05-11_10,0.0,0,0,100,64.34782608695646,64.34782608695646,0.0,0.0,0.0,True,True,True,False,0.0,995.4357955847529,0.0,0.0,0.0,0.0,995.4357955847529
2026-05-11T00:30:00Z,2026-05-11T00:45:00Z,2026-05-11,2026-05-11_11,0.0,0,0,100,64.34782608695646,64.34782608695646,0.0,0.0,0.0,True,True,True,False,0.0,995.4357955847529,0.0,0.0,0.0,0.0,995.4357955847529
2026-05-11T00:45:00Z,2026-05-11T01:00:00Z,2026-05-11,2026-05-11_12,0.0,0,0,100,64.34782608695646,64.34782608695646,0.0,0.0,0.0,True,True,True,False,0.0,995.4357955847529,0.0,0.0,0.0,0.0,995.4357955847529
2026-05-11T01:00:00Z,2026-05-11T01:15:00Z,2026-05-11,2026-05-11_13,0.0,0,0,100,64.34782608695646,64.34782608695646,0.0,0.0,0.0,True,True,True,False,0.0,995.4357955847529,0.0,0.0,0.0,0.0,995.4357955847529
2026-05-11T01:15:00Z,2026-05-11T01:30:00Z,2026-05-11,2026-05-11_14,0.0,0,0,100,64.34782608695646,64.34782608695646,0.0,0.0,0.0,True,True,True,False,0.0,995.4357955847529,0.0,0.0,0.0,0.0,995.4357955847529
2026-05-11T01:30:00Z,2026-05-11T01:45:00Z,2026-05-11,2026-05-11_15,0.0,0,0,100,64.34782608695646,64.34782608695646,0.0,0.0,0.0,True,True,True,False,0.0,995.4357955847529,0.0,0.0,0.0,0.0,995.4357955847529
2026-05-11T01:45:00Z,2026-05-11T02:00:00Z,2026-05-11,2026-05-11_16,0.0,0,0,100,64.34782608695646,64.34782608695646,0.0,0.0,0.0,True,True,True,False,0.0,995.4357955847529,0.0,0.0,0.0,0.0,995.4357955847529
2026-05-11T02:00:00Z,2026-05-11T02:15:00Z,2026-05-11,2026-05-11_17,0.0,0,0,100,64.34782608695646,64.34782608695646,0.0,0.0,0.0,True,True,True,False,0.0,995.4357955847529,0.0,0.0,0.0,0.0,995.4357955847529
2026-05-11T02:15:00Z,2026-05-11T02:30:00Z,2026-05-11,2026-05-11_18,0.0,0,0,100,64.34782608695646,64.34782608695646,0.0,0.0,0.0,True,True,True,False,0.0,995.4357955847529,0.0,0.0,0.0,0.0,995.4357955847529
2026-05-11T02:30:00Z,2026-05-11T02:45:00Z,2026-05-11,2026-05-11_19,0.0,0,0,100,64.34782608695646,64.34782608695646,0.0,0.0,0.0,True,True,True,False,0.0,995.4357955847529,0.0,0.0,0.0,0.0,995.4357955847529
2026-05-11T02:45:00Z,2026-05-11T03:00:00Z,2026-05-11,2026-05-11_20,0.0,0,0,100,64.34782608695646,64.34782608695646,0.0,0.0,0.0,True,True,True,False,0.0,995.4357955847529,0.0,0.0,0.0,0.0,995.4357955847529
2026-05-11T03:00:00Z,2026-05-11T03:15:00Z,2026-05-11,2026-05-11_21,0.0,57,100,0,64.34782608695646,66.03148521739124,0.00469256590752243,0.002605714285714286,1.8331428571428572,True,True,True,False,0.0,0.0,61.213715529753266,79.94996562523872,0.39809247356417177,-90.92548206510473,50.63629156345142
2026-05-11T03:15:00Z,2026-05-11T03:30:00Z,2026-05-11,2026-05-11_22,0.0,57,100,0,66.03148521739124,66.19549962732911,0.0007506266390614215,0.048857142857142856,0.23599999999999996,True,True,True,False,0.0,0.0,61.213715529753266,79.94996562523872,7.685921625544267,-12.784354900313192,136.06524788022307
2026-05-11T03:30:00Z,2026-05-11T03:45:00Z,2026-05-11,2026-05-11_23,42.772164031388265,57,100,0,66.19549962732911,64.9065298484471,0.03406877381216977,0.0,10.423428571428571,True,True,True,False,1788.1972477422648,0.0,61.213715529753266,79.94996562523872,0.0,19.652912360727655,1949.0138412579845
2026-05-11T03:45:00Z,2026-05-11T04:00:00Z,2026-05-11,2026-05-11_24,43.0,57,100,0,64.9065298484471,65.9722162484471,0.03449357333333333,0.0,12.856000000000002,True,True,True,False,1832.23,0.0,61.213715529753266,79.94996562523872,0.0,148.16414788786193,2121.557829042854
2026-05-11T04:00:00Z,2026-05-11T04:15:00Z,2026-05-11,2026-05-11_25,100.0,0,100,0,65.9722162484471,57.79892432298126,0.02270358868184955,0.0,17.48057142857143,True,True,True,False,4394.0,0.0,0.0,79.94996562523872,0.0,2743.7192985366173,7217.669264161856
2026-05-11T04:15:00Z,2026-05-11T04:30:00Z,2026-05-11,2026-05-11_26,100.0,0,100,0,57.79892432298126,47.939918111801134,0.02738612836438923,0.0,15.929714285714287,True,True,True,False,4538.0,0.0,0.0,79.94996562523872,0.0,3891.615449654616,8509.565415279854
2026-05-11T04:30:00Z,2026-05-11T04:45:00Z,2026-05-11,2026-05-11_27,100.0,0,100,0,47.939918111801134,40.48401749068312,0.020710835058661146,0.0,18.140571428571427,True,True,True,False,4427.75,0.0,0.0,79.94996562523872,0.0,4159.371403035892,8667.07136866113
2026-05-11T04:45:00Z,2026-05-11T05:00:00Z,2026-05-11,2026-05-11_28,-2.896233977283017e-14,0,100,0,40.48401749068312,44.42582320496884,0.010949460317460337,0.0,4.284571428571429,True,True,True,False,-1.1579143441177502e-12,0.0,0.0,79.94996562523872,0.0,-108.30644455842072,-28.356478933183162
2026-05-11T05:00:00Z,2026-05-11T05:15:00Z,2026-05-11,2026-05-11_29,0.0,100,100,0,44.42582320496884,49.80034444720487,0.014943028295376123,0.002285714285714286,5.844571428571428,True,True,True,False,0.0,0.0,108.59560003055535,79.89267435642809,0.349203924179098,-57.922243198707946,130.91523511245458
2026-05-11T05:15:00Z,2026-05-11T05:30:00Z,2026-05-11,2026-05-11_30,0.0,100,100,0,49.80034444720487,56.8485958757763,0.01957847619047619,0.0,7.661142857142857,True,True,True,False,0.0,0.0,108.59560003055535,79.89267435642809,0.0,47.45858834313651,235.94686273011996
2026-05-11T05:30:00Z,2026-05-11T05:45:00Z,2026-05-11,2026-05-11_31,0.0,100,100,0,56.8485958757763,60.01349724223593,0.008901813664596272,0.018285714285714287,3.4617142857142853,True,True,True,False,0.0,0.0,108.59560003055535,79.89267435642809,3.1285389089559894,-100.53541778975739,91.08139550618203
2026-05-11T05:45:00Z,2026-05-11T06:00:00Z,2026-05-11,2026-05-11_32,0.0,100,100,0,60.01349724223593,65.04321450931667,0.014306150448585232,0.05542857142857143,5.532571428571429,True,True,True,False,0.0,0.0,108.59560003055535,79.89267435642809,8.81390922880496,67.60294291607103,264.9051265318594
2026-05-11T06:00:00Z,2026-05-11T06:15:00Z,2026-05-11,2026-05-11_33,0.0,0,0,100,65.04321450931667,65.04321450931667,0.0,0.0,0.0,True,False,True,False,0.0,995.4357955847529,0.0,0.0,0.0,0.0,995.4357955847529
2026-05-11T06:15:00Z,2026-05-11T06:30:00Z,2026-05-11,2026-05-11_34,0.0,0,0,100,65.04321450931667,65.04321450931667,0.0,0.0,0.0,True,False,True,False,0.0,995.4357955847529,0.0,0.0,0.0,0.0,995.4357955847529
2026-05-11T06:30:00Z,2026-05-11T06:45:00Z,2026-05-11,2026-05-11_35,0.0,0,0,100,65.04321450931667,65.04321450931667,0.0,0.0,0.0,True,False,True,False,0.0,995.4357955847529,0.0,0.0,0.0,0.0,995.4357955847529
2026-05-11T06:45:00Z,2026-05-11T07:00:00Z,2026-05-11,2026-05-11_36,0.0,0,0,100,65.04321450931667,65.04321450931667,0.0,0.0,0.0,True,False,True,False,0.0,995.4357955847529,0.0,0.0,0.0,0.0,995.4357955847529
2026-05-11T07:00:00Z,2026-05-11T07:15:00Z,2026-05-11,2026-05-11_37,0.0,0,0,100,65.04321450931667,65.04321450931667,0.0,0.0,0.0,True,True,True,False,0.0,995.4357955847529,0.0,0.0,0.0,0.0,995.4357955847529
2026-05-11T07:15:00Z,2026-05-11T07:30:00Z,2026-05-11,2026-05-11_38,0.0,0,0,100,65.04321450931667,65.04321450931667,0.0,0.0,0.0,True,True,True,False,0.0,995.4357955847529,0.0,0.0,0.0,0.0,995.4357955847529
2026-05-11T07:30:00Z,2026-05-11T07:45:00Z,2026-05-11,2026-05-11_39,0.0,0,0,100,65.04321450931667,65.04321450931667,0.0,0.0,0.0,True,True,True,False,0.0,995.4357955847529,0.0,0.0,0.0,0.0,995.4357955847529
2026-05-11T07:45:00Z,2026-05-11T08:00:00Z,2026-05-11,2026-05-11_40,0.0,0,0,100,65.04321450931667,65.04321450931667,0.0,0.0,0.0,True,True,True,False,0.0,995.4357955847529,0.0,0.0,0.0,0.0,995.4357955847529
2026-05-11T08:00:00Z,2026-05-11T08:15:00Z,2026-05-11,2026-05-11_41,0.0,0,0,100,65.04321450931667,65.04321450931667,0.0,0.0,0.0,True,True,True,False,0.0,995.4357955847529,0.0,0.0,0.0,0.0,995.4357955847529
2026-05-11T08:15:00Z,2026-05-11T08:30:00Z,2026-05-11,2026-05-11_42,0.0,0,0,100,65.04321450931667,65.04321450931667,0.0,0.0,0.0,True,True,True,False,0.0,995.4357955847529,0.0,0.0,0.0,0.0,995.4357955847529
2026-05-11T08:30:00Z,2026-05-11T08:45:00Z,2026-05-11,2026-05-11_43,0.0,0,0,100,65.04321450931667,65.04321450931667,0.0,0.0,0.0,True,True,True,False,0.0,995.4357955847529,0.0,0.0,0.0,0.0,995.4357955847529
2026-05-11T08:45:00Z,2026-05-11T09:00:00Z,2026-05-11,2026-05-11_44,0.0,0,0,100,65.04321450931667,65.04321450931667,0.0,0.0,0.0,True,True,True,False,0.0,995.4357955847529,0.0,0.0,0.0,0.0,995.4357955847529
2026-05-11T09:00:00Z,2026-05-11T09:15:00Z,2026-05-11,2026-05-11_45,0.0,0,0,100,65.04321450931667,65.04321450931667,0.0,0.0,0.0,True,True,True,False,0.0,995.4357955847529,0.0,0.0,0.0,0.0,995.4357955847529
2026-05-11T09:15:00Z,2026-05-11T09:30:00Z,2026-05-11,2026-05-11_46,0.0,0,0,100,65.04321450931667,65.04321450931667,0.0,0.0,0.0,True,True,True,False,0.0,995.4357955847529,0.0,0.0,0.0,0.0,995.4357955847529
2026-05-11T09:30:00Z,2026-05-11T09:45:00Z,2026-05-11,2026-05-11_47,0.0,0,0,100,65.04321450931667,65.04321450931667,0.0,0.0,0.0,True,True,True,False,0.0,995.4357955847529,0.0,0.0,0.0,0.0,995.4357955847529
2026-05-11T09:45:00Z,2026-05-11T10:00:00Z,2026-05-11,2026-05-11_48,0.0,0,0,100,65.04321450931667,65.04321450931667,0.0,0.0,0.0,True,True,True,False,0.0,995.4357955847529,0.0,0.0,0.0,0.0,995.4357955847529
2026-05-11T10:00:00Z,2026-05-11T10:15:00Z,2026-05-11,2026-05-11_49,0.0,0,0,100,65.04321450931667,65.04321450931667,0.0,0.0,0.0,True,True,True,False,0.0,995.4357955847529,0.0,0.0,0.0,0.0,995.4357955847529
2026-05-11T10:15:00Z,2026-05-11T10:30:00Z,2026-05-11,2026-05-11_50,0.0,0,0,100,65.04321450931667,65.04321450931667,0.0,0.0,0.0,True,True,True,False,0.0,995.4357955847529,0.0,0.0,0.0,0.0,995.4357955847529
2026-05-11T10:30:00Z,2026-05-11T10:45:00Z,2026-05-11,2026-05-11_51,0.0,0,0,100,65.04321450931667,65.04321450931667,0.0,0.0,0.0,True,True,True,False,0.0,995.4357955847529,0.0,0.0,0.0,0.0,995.4357955847529
2026-05-11T10:45:00Z,2026-05-11T11:00:00Z,2026-05-11,2026-05-11_52,0.0,0,0,100,65.04321450931667,65.04321450931667,0.0,0.0,0.0,True,True,True,False,0.0,995.4357955847529,0.0,0.0,0.0,0.0,995.4357955847529
2026-05-11T11:00:00Z,2026-05-11T11:15:00Z,2026-05-11,2026-05-11_53,0.0,100,100,0,65.04321450931667,66.29293773913034,0.0081263878536922,0.7708571428571428,2.269142857142857,True,True,True,False,0.0,0.0,109.94194484760524,101.86387594530595,105.43227659133319,0.8606137258967448,318.09871111014115
2026-05-11T11:15:00Z,2026-05-11T11:30:00Z,2026-05-11,2026-05-11_54,0.0,100,100,0,66.29293773913034,62.98883339130425,0.009265686680469289,3.0542857142857143,0.017142857142857144,True,True,True,False,0.0,0.0,109.94194484760524,101.86387594530595,476.34643266366203,-1.1654680969477396,686.9867853596255
2026-05-11T11:30:00Z,2026-05-11T11:45:00Z,2026-05-11,2026-05-11_55,0.0,100,100,0,62.98883339130425,68.30084332919245,0.014786639061421672,0.005142857142857143,5.78,True,True,True,False,0.0,0.0,109.94194484760524,101.86387594530595,0.6874952257275991,99.08366434955313,311.5769803681919
2026-05-11T11:45:00Z,2026-05-11T12:00:00Z,2026-05-11,2026-05-11_56,0.0,100,100,0,68.30084332919245,85.56898047204959,0.047967047619047624,0.0,18.769714285714286,True,True,True,False,0.0,0.0,109.94194484760524,101.86387594530595,0.0,3201.533146654736,3413.338967447647
2026-05-11T12:00:00Z,2026-05-11T12:15:00Z,2026-05-11,2026-05-11_57,-3.0,0,0,97,85.56898047204959,86.25898047204959,0.0019166666666666668,0.0,0.0,True,False,True,False,-79.32000000000001,965.5727217172102,0.0,0.0,0.0,0.0,886.2527217172102
2026-05-11T12:15:00Z,2026-05-11T12:30:00Z,2026-05-11,2026-05-11_58,-3.0,0,0,97,86.25898047204959,86.94898047204958,0.0019166666666666668,0.0,0.0,True,False,True,False,-79.32000000000001,965.5727217172102,0.0,0.0,0.0,0.0,886.2527217172102
2026-05-11T12:30:00Z,2026-05-11T12:45:00Z,2026-05-11,2026-05-11_59,-3.0,0,0,97,86.94898047204958,87.63898047204958,0.0019166666666666668,0.0,0.0,True,False,True,False,-76.65,965.5727217172102,0.0,0.0,0.0,0.0,888.9227217172103
2026-05-11T12:45:00Z,2026-05-11T13:00:00Z,2026-05-11,2026-05-11_60,-3.0,0,0,97,87.63898047204958,88.32898047204958,0.0019166666666666668,0.0,0.0,True,False,True,False,-78.2775,965.5727217172102,0.0,0.0,0.0,0.0,887.2952217172102
2026-05-11T13:00:00Z,2026-05-11T13:15:00Z,2026-05-11,2026-05-11_61,0.0,100,100,0,88.32898047204958,94.70904904347815,0.017722412698412696,0.0,6.934857142857142,True,True,True,False,0.0,0.0,109.08257581544572,97.88213276296693,0.0,102.06545914859717,309.0301677270098
2026-05-11T13:15:00Z,2026-05-11T13:30:00Z,2026-05-11,2026-05-11_62,0.0,100,100,0,94.70904904347815,99.56086618633529,0.01347726984126984,0.0,5.273714285714285,True,True,True,False,0.0,0.0,109.08257581544572,97.88213276296693,0.0,32.88165489922193,239.84636347763458
2026-05-11T13:30:00Z,2026-05-11T13:45:00Z,2026-05-11,2026-05-11_63,0.0,100,100,0,99.56086618633529,110.28280904347815,0.029783174603174607,0.0,11.654285714285715,True,True,True,False,0.0,0.0,109.08257581544572,97.88213276296693,0.0,558.261295655685,765.2260042340977
2026-05-11T13:45:00Z,2026-05-11T14:00:00Z,2026-05-11,2026-05-11_64,0.0,100,100,0,110.28280904347815,124.85981475776387,0.04049168253968254,0.0,15.844571428571431,True,True,True,False,0.0,0.0,109.08257581544572,97.88213276296693,0.0,3358.725981863222,3565.6906904416346
2026-05-11T14:00:00Z,2026-05-11T14:15:00Z,2026-05-11,2026-05-11_65,0.0,0,0,100,124.85981475776387,124.85981475776387,0.0,0.0,0.0,True,True,True,False,0.0,995.4357955847529,0.0,0.0,0.0,0.0,995.4357955847529
2026-05-11T14:15:00Z,2026-05-11T14:30:00Z,2026-05-11,2026-05-11_66,0.0,0,0,100,124.85981475776387,124.85981475776387,0.0,0.0,0.0,True,True,True,False,0.0,995.4357955847529,0.0,0.0,0.0,0.0,995.4357955847529
2026-05-11T14:30:00Z,2026-05-11T14:45:00Z,2026-05-11,2026-05-11_67,0.0,0,0,100,124.85981475776387,124.85981475776387,0.0,0.0,0.0,True,True,True,False,0.0,995.4357955847529,0.0,0.0,0.0,0.0,995.4357955847529
2026-05-11T14:45:00Z,2026-05-11T15:00:00Z,2026-05-11,2026-05-11_68,0.0,0,0,100,124.85981475776387,124.85981475776387,0.0,0.0,0.0,True,True,True,False,0.0,995.4357955847529,0.0,0.0,0.0,0.0,995.4357955847529
2026-05-11T15:00:00Z,2026-05-11T15:15:00Z,2026-05-11,2026-05-11_69,-100.0,100,0,0,124.85981475776387,147.57172332919245,0.06308863492063492,0.31314285714285717,0.0,True,True,True,False,-2898.75,0.0,109.45496906271485,0.0,48.1109997053592,0.0,-2741.184031231926
2026-05-11T15:15:00Z,2026-05-11T15:30:00Z,2026-05-11,2026-05-11_70,-100.0,100,0,0,147.57172332919245,159.97647761490674,0.0344576507936508,11.516571428571428,0.0,True,True,True,False,-3141.25,0.0,109.45496906271485,0.0,4198.705646845707,0.0,1166.9106159084215
2026-05-11T15:30:00Z,2026-05-11T15:45:00Z,2026-05-11,2026-05-11_71,0.0,100,0,0,159.97647761490674,153.37709873291917,0.018331608005521048,6.071428571428571,0.0,True,True,True,False,0.0,0.0,109.45496906271485,0.0,1280.1944083721642,0.0,1389.649377434879
2026-05-11T15:45:00Z,2026-05-11T16:00:00Z,2026-05-11,2026-05-11_72,0.0,100,0,0,153.37709873291917,143.2671608447204,0.02808316080055211,9.301142857142858,0.0,True,True,True,False,0.0,0.0,109.45496906271485,0.0,2055.6229108329608,0.0,2165.077879895676
2026-05-11T16:00:00Z,2026-05-11T16:15:00Z,2026-05-11,2026-05-11_73,0.0,0,0,100,143.2671608447204,143.2671608447204,0.0,0.0,0.0,True,True,True,False,0.0,995.4357955847529,0.0,0.0,0.0,0.0,995.4357955847529
2026-05-11T16:15:00Z,2026-05-11T16:30:00Z,2026-05-11,2026-05-11_74,0.0,0,0,100,143.2671608447204,143.2671608447204,0.0,0.0,0.0,True,True,True,False,0.0,995.4357955847529,0.0,0.0,0.0,0.0,995.4357955847529
2026-05-11T16:30:00Z,2026-05-11T16:45:00Z,2026-05-11,2026-05-11_75,0.0,0,0,100,143.2671608447204,143.2671608447204,0.0,0.0,0.0,True,True,True,False,0.0,995.4357955847529,0.0,0.0,0.0,0.0,995.4357955847529
2026-05-11T16:45:00Z,2026-05-11T17:00:00Z,2026-05-11,2026-05-11_76,0.0,0,0,100,143.2671608447204,143.2671608447204,0.0,0.0,0.0,True,True,True,False,0.0,995.4357955847529,0.0,0.0,0.0,0.0,995.4357955847529
2026-05-11T17:00:00Z,2026-05-11T17:15:00Z,2026-05-11,2026-05-11_77,0.0,0,0,100,143.2671608447204,143.2671608447204,0.0,0.0,0.0,True,True,True,False,0.0,995.4357955847529,0.0,0.0,0.0,0.0,995.4357955847529
2026-05-11T17:15:00Z,2026-05-11T17:30:00Z,2026-05-11,2026-05-11_78,0.0,0,0,100,143.2671608447204,143.2671608447204,0.0,0.0,0.0,True,True,True,False,0.0,995.4357955847529,0.0,0.0,0.0,0.0,995.4357955847529
2026-05-11T17:30:00Z,2026-05-11T17:45:00Z,2026-05-11,2026-05-11_79,0.0,0,0,100,143.2671608447204,143.2671608447204,0.0,0.0,0.0,True,True,True,False,0.0,995.4357955847529,0.0,0.0,0.0,0.0,995.4357955847529
2026-05-11T17:45:00Z,2026-05-11T18:00:00Z,2026-05-11,2026-05-11_80,0.0,0,0,100,143.2671608447204,143.2671608447204,0.0,0.0,0.0,True,True,True,False,0.0,995.4357955847529,0.0,0.0,0.0,0.0,995.4357955847529
2026-05-11T18:00:00Z,2026-05-11T18:15:00Z,2026-05-11,2026-05-11_81,100.0,0,100,0,143.2671608447204,120.2584651925465,0.06391304347826086,0.0,3.832,True,True,True,False,4775.0,0.0,0.0,96.07745779543198,0.0,-46.86523413031854,4824.212223665113
2026-05-11T18:15:00Z,2026-05-11T18:30:00Z,2026-05-11,2026-05-11_82,100.0,0,100,0,120.2584651925465,96.48393103105582,0.06604037267080745,0.0,3.1274285714285712,True,True,True,False,5365.0,0.0,0.0,96.07745779543198,0.0,-129.97964392112354,5331.0978138743085
2026-05-11T18:30:00Z,2026-05-11T18:45:00Z,2026-05-11,2026-05-11_83,100.0,0,100,0,96.48393103105582,69.43548382608688,0.07513457556935818,0.0,0.11542857142857145,True,True,True,False,5951.5,0.0,0.0,96.07745779543198,0.0,-6.682464288442443,6040.8949935069895
2026-05-11T18:45:00Z,2026-05-11T19:00:00Z,2026-05-11,2026-05-11_84,100.0,0,100,0,69.43548382608688,44.318092521739054,0.06977053140096617,0.0,1.892,True,True,True,False,5126.25,0.0,0.0,96.07745779543198,0.0,-93.40440226109541,5128.9230555343365
2026-05-11T19:00:00Z,2026-05-11T19:15:00Z,2026-05-11,2026-05-11_85,0.0,37,37,63,44.318092521739054,45.14089456894403,0.003087355583160801,0.13277714285714284,1.0512228571428572,True,True,True,False,0.0,627.1245512183943,40.212168665495376,35.54865938430983,22.772456544845422,-41.93870090465642,683.7191349083886
2026-05-11T19:15:00Z,2026-05-11T19:30:00Z,2026-05-11,2026-05-11_86,0.0,37,37,63,45.14089456894403,45.23976003975148,0.0019471590890269154,0.2769714285714286,0.4346971428571429,True,True,True,False,0.0,627.1245512183943,40.212168665495376,35.54865938430983,47.450689710488135,-21.225065080698847,729.1110038979889
2026-05-11T19:30:00Z,2026-05-11T19:45:00Z,2026-05-11,2026-05-11_87,0.0,37,37,63,45.23976003975148,46.15300461118005,0.0025367904761904765,0.0,0.9926571428571429,True,True,True,False,0.0,627.1245512183943,40.212168665495376,35.54865938430983,0.0,-39.82798877091132,663.0573904972882
2026-05-11T19:45:00Z,2026-05-11T20:00:00Z,2026-05-11,2026-05-11_88,-7.105427357601002e-15,37,37,63,46.15300461118005,49.130434782608624,0.008270639365079371,0.0,3.2363371428571432,True,True,True,False,-2.525446518575336e-13,627.1245512183943,40.212168665495376,35.54865938430983,0.0,110.0468349072973,812.9322141754966
2026-05-11T20:00:00Z,2026-05-11T20:15:00Z,2026-05-11,2026-05-11_89,0.0,28,28,72,49.130434782608624,52.05147158260863,0.00811399111111111,0.0,3.17504,True,True,True,False,0.0,716.7137728210221,30.430830341455966,26.901688182720957,0.0,36.304015155450315,810.3503065006494
2026-05-11T20:15:00Z,2026-05-11T20:30:00Z,2026-05-11,2026-05-11_90,0.0,28,28,72,52.05147158260863,53.36523158260863,0.003649333333333334,0.0,1.4280000000000002,True,True,True,False,0.0,716.7137728210221,30.430830341455966,26.901688182720957,0.0,-31.36533114353373,742.6809602016652
2026-05-11T20:30:00Z,2026-05-11T20:45:00Z,2026-05-11,2026-05-11_91,0.0,28,28,72,53.36523158260863,54.44332438260863,0.0029947022222222225,0.0,1.17184,True,True,True,False,0.0,716.7137728210221,30.430830341455966,26.901688182720957,0.0,-24.847107783973723,749.1991835612253
2026-05-11T20:45:00Z,2026-05-11T21:00:00Z,2026-05-11,2026-05-11_92,0.0,28,28,72,54.44332438260863,54.803787686956454,0.001460224154589372,0.076,0.48160000000000003,True,True,True,False,0.0,716.7137728210221,30.430830341455966,26.901688182720957,12.897416545718432,-19.289108242303875,767.6545996486136
2026-05-11T21:00:00Z,2026-05-11T21:15:00Z,2026-05-12,2026-05-11_93,0.13561883211947898,0,100,0,54.803787686956454,55.618801490683204,0.002461084630683128,0.0,0.9257142857142858,True,True,True,False,6.474782092464225,0.0,0.0,79.13331546091686,0.0,-40.56377115282558,45.044326400555505
2026-05-11T21:15:00Z,2026-05-11T21:30:00Z,2026-05-12,2026-05-11_94,100.0,0,100,0,55.618801490683204,46.472838757763945,0.025405452035886823,0.0,16.585714285714285,True,True,True,False,5000.25,0.0,0.0,79.13331546091686,0.0,782.4746302871806,5861.857945748097
2026-05-11T21:30:00Z,2026-05-11T21:45:00Z,2026-05-12,2026-05-11_95,0.0,0,100,0,46.472838757763945,48.788610186335376,0.006432698412698413,0.0,2.5171428571428573,True,True,True,False,0.0,0.0,0.0,79.13331546091686,0.0,-30.253240287344692,48.880075173572166
2026-05-11T21:45:00Z,2026-05-11T22:00:00Z,2026-05-12,2026-05-11_96,0.0,0,100,0,48.788610186335376,49.67391304347823,0.0024591746031746033,0.0,0.9622857142857143,True,True,True,False,0.0,0.0,0.0,79.13331546091686,0.0,-46.609551092314675,32.52376436860219
2026-05-11T22:00:00Z,2026-05-11T22:15:00Z,2026-05-12,2026-05-12_1,-22.818724396208896,27,2,73,49.67391304347823,54.46984561505054,0.013775799992598117,0.48522857142857145,0.007154285714285715,True,True,True,False,-701.618728372433,728.6440580598214,29.152368733483975,1.582666309218337,83.54030031130833,-0.3465489859227365,140.95411605547633
2026-05-11T22:15:00Z,2026-05-11T22:30:00Z,2026-05-12,2026-05-12_2,-1.7165998595442333,27,2,73,54.46984561505054,54.41894736894407,0.0022002531803109885,0.41410285714285716,0.0,True,True,True,False,-52.15888673225153,728.6440580598214,29.152368733483975,1.582666309218337,70.95153126268622,0.0,778.1717376329584
2026-05-11T22:30:00Z,2026-05-11T22:45:00Z,2026-05-12,2026-05-12_3,-24.99999999999999,27,2,73,54.41894736894407,60.14328551552792,0.015913361656314694,0.027771428571428572,0.0002514285714285714,True,True,True,False,-737.6874999999997,728.6440580598214,29.152368733483975,1.582666309218337,4.394758640310323,-0.0192584406134251,26.067093302220968
2026-05-11T22:45:00Z,2026-05-11T23:00:00Z,2026-05-12,2026-05-12_4,-24.999999999999986,27,2,73,60.14328551552792,64.4160802981366,0.012577570048309174,1.58436,0.0,True,True,True,False,-708.6874999999995,728.6440580598214,29.152368733483975,1.582666309218337,283.71123780016086,0.0,334.402830902685
2026-05-11T23:00:00Z,2026-05-11T23:15:00Z,2026-05-12,2026-05-12_5,0.0,0,0,100,64.4160802981366,64.4160802981366,0.0,0.0,0.0,True,True,True,False,0.0,998.1425452874267,0.0,0.0,0.0,0.0,998.1425452874267
2026-05-11T23:15:00Z,2026-05-11T23:30:00Z,2026-05-12,2026-05-12_6,0.0,0,0,100,64.4160802981366,64.4160802981366,0.0,0.0,0.0,True,True,True,False,0.0,998.1425452874267,0.0,0.0,0.0,0.0,998.1425452874267
2026-05-11T23:30:00Z,2026-05-11T23:45:00Z,2026-05-12,2026-05-12_7,0.0,0,0,100,64.4160802981366,64.4160802981366,0.0,0.0,0.0,True,True,True,False,0.0,998.1425452874267,0.0,0.0,0.0,0.0,998.1425452874267
2026-05-11T23:45:00Z,2026-05-12T00:00:00Z,2026-05-12,2026-05-12_8,0.0,0,0,100,64.4160802981366,64.4160802981366,0.0,0.0,0.0,True,True,True,False,0.0,998.1425452874267,0.0,0.0,0.0,0.0,998.1425452874267
2026-05-12T00:00:00Z,2026-05-12T00:15:00Z,2026-05-12,2026-05-12_9,0.0,0,0,100,64.4160802981366,64.4160802981366,0.0,0.0,0.0,True,True,True,False,0.0,998.1425452874267,0.0,0.0,0.0,0.0,998.1425452874267
2026-05-12T00:15:00Z,2026-05-12T00:30:00Z,2026-05-12,2026-05-12_10,0.0,0,0,100,64.4160802981366,64.4160802981366,0.0,0.0,0.0,True,True,True,False,0.0,998.1425452874267,0.0,0.0,0.0,0.0,998.1425452874267
2026-05-12T00:30:00Z,2026-05-12T00:45:00Z,2026-05-12,2026-05-12_11,0.0,0,0,100,64.4160802981366,64.4160802981366,0.0,0.0,0.0,True,True,True,False,0.0,998.1425452874267,0.0,0.0,0.0,0.0,998.1425452874267
2026-05-12T00:45:00Z,2026-05-12T01:00:00Z,2026-05-12,2026-05-12_12,0.0,0,0,100,64.4160802981366,64.4160802981366,0.0,0.0,0.0,True,True,True,False,0.0,998.1425452874267,0.0,0.0,0.0,0.0,998.1425452874267
2026-05-12T01:00:00Z,2026-05-12T01:15:00Z,2026-05-12,2026-05-12_13,0.0,0,0,100,64.4160802981366,64.4160802981366,0.0,0.0,0.0,True,True,True,False,0.0,998.1425452874267,0.0,0.0,0.0,0.0,998.1425452874267
2026-05-12T01:15:00Z,2026-05-12T01:30:00Z,2026-05-12,2026-05-12_14,0.0,0,0,100,64.4160802981366,64.4160802981366,0.0,0.0,0.0,True,True,True,False,0.0,998.1425452874267,0.0,0.0,0.0,0.0,998.1425452874267
2026-05-12T01:30:00Z,2026-05-12T01:45:00Z,2026-05-12,2026-05-12_15,0.0,0,0,100,64.4160802981366,64.4160802981366,0.0,0.0,0.0,True,True,True,False,0.0,998.1425452874267,0.0,0.0,0.0,0.0,998.1425452874267
2026-05-12T01:45:00Z,2026-05-12T02:00:00Z,2026-05-12,2026-05-12_16,0.0,0,0,100,64.4160802981366,64.4160802981366,0.0,0.0,0.0,True,True,True,False,0.0,998.1425452874267,0.0,0.0,0.0,0.0,998.1425452874267
2026-05-12T02:00:00Z,2026-05-12T02:15:00Z,2026-05-12,2026-05-12_17,-100.0,100,0,0,64.4160802981366,81.8219545838509,0.0483496507936508,6.080571428571428,0.0,True,True,True,False,-2850.75,0.0,107.45471257324498,0.0,1704.1167622840949,0.0,-1039.1785251426602
2026-05-12T02:15:00Z,2026-05-12T02:30:00Z,2026-05-12,2026-05-12_18,-100.0,100,0,0,81.8219545838509,88.93118886956518,0.019747873015873017,17.27257142857143,0.0,True,True,True,False,-2924.25,0.0,107.45471257324498,0.0,12567.35521362097,0.0,9750.559926194213
2026-05-12T02:30:00Z,2026-05-12T02:45:00Z,2026-05-12,2026-05-12_19,-100.0,100,0,0,88.93118886956518,106.18618315527947,0.047930539682539686,6.2445714285714295,0.0,True,True,True,False,-3105.0,0.0,107.45471257324498,0.0,1173.6307408481375,0.0,-1823.9145465786175
2026-05-12T02:45:00Z,2026-05-12T03:00:00Z,2026-05-12,2026-05-12_20,0.0,100,0,0,106.18618315527947,94.8259347080745,0.031556245686680466,10.451428571428572,0.0,True,True,True,False,0.0,0.0,107.45471257324498,0.0,2100.904855643763,0.0,2208.359568217008
2026-05-12T03:00:00Z,2026-05-12T03:15:00Z,2026-05-12,2026-05-12_21,0.0,0,0,100,94.8259347080745,94.8259347080745,0.0,0.0,0.0,True,True,True,False,0.0,998.1425452874267,0.0,0.0,0.0,0.0,998.1425452874267
2026-05-12T03:15:00Z,2026-05-12T03:30:00Z,2026-05-12,2026-05-12_22,0.0,0,0,100,94.8259347080745,94.8259347080745,0.0,0.0,0.0,True,True,True,False,0.0,998.1425452874267,0.0,0.0,0.0,0.0,998.1425452874267
2026-05-12T03:30:00Z,2026-05-12T03:45:00Z,2026-05-12,2026-05-12_23,0.0,0,0,100,94.8259347080745,94.8259347080745,0.0,0.0,0.0,True,True,True,False,0.0,998.1425452874267,0.0,0.0,0.0,0.0,998.1425452874267
2026-05-12T03:45:00Z,2026-05-12T04:00:00Z,2026-05-12,2026-05-12_24,0.0,0,0,100,94.8259347080745,94.8259347080745,0.0,0.0,0.0,True,True,True,False,0.0,998.1425452874267,0.0,0.0,0.0,0.0,998.1425452874267
2026-05-12T04:00:00Z,2026-05-12T04:15:00Z,2026-05-12,2026-05-12_25,100.0,0,100,0,94.8259347080745,67.88742539130432,0.07482919254658385,0.0,0.21657142857142855,True,True,True,False,4131.75,0.0,0.0,79.13331546091686,0.0,-11.043060997827952,4199.840254463089
2026-05-12T04:15:00Z,2026-05-12T04:30:00Z,2026-05-12,2026-05-12_26,100.0,0,100,0,67.88742539130432,40.755127254658355,0.07536749482401657,0.0,0.03828571428571429,True,True,True,False,4228.5,0.0,0.0,79.13331546091686,0.0,-2.7125951295841384,4304.920720331333
2026-05-12T04:30:00Z,2026-05-12T04:45:00Z,2026-05-12,2026-05-12_27,100.0,0,100,0,40.755127254658355,20.707922285714254,0.05568668046928916,0.0,6.556571428571428,True,True,True,False,3875.0,0.0,0.0,79.13331546091686,0.0,97.27761370413127,4051.410929165048
2026-05-12T04:45:00Z,2026-05-12T05:00:00Z,2026-05-12,2026-05-12_28,0.0,0,100,0,20.707922285714254,31.15964799999997,0.029032571428571425,0.0,11.360571428571427,True,True,True,False,0.0,0.0,0.0,79.13331546091686,0.0,119.63820338445208,198.77151884536894
2026-05-12T05:00:00Z,2026-05-12T05:15:00Z,2026-05-12,2026-05-12_29,96.9999999999999,3,100,0,31.15964799999997,9.999999999999996,0.05951367619047613,0.0004457142857142857,4.805714285714286,True,True,True,False,3718.9799999999964,0.0,3.283099077017349,79.13331546091686,0.07672956663037472,-55.55071480547334,3745.9224292990875
2026-05-12T05:15:00Z,2026-05-12T05:30:00Z,2026-05-12,2026-05-12_30,18.80437382227441,3,100,0,9.999999999999996,17.7629347080745,0.03458933164205892,0.00034285714285714285,13.530857142857142,True,True,True,False,587.683692880631,0.0,3.283099077017349,79.13331546091686,0.05902274356182671,1034.3894888306518,1704.5486189927788
2026-05-12T05:30:00Z,2026-05-12T05:45:00Z,2026-05-12,2026-05-12_31,96.99999999999989,3,100,0,17.7629347080745,10.870026086956518,0.021905654106280217,0.0,17.99142857142857,True,True,True,False,2979.1124999999965,0.0,3.283099077017349,79.13331546091686,0.0,800.8084009476028,3862.3373154855335
2026-05-12T05:45:00Z,2026-05-12T06:00:00Z,2026-05-12,2026-05-12_32,0.0,3,100,0,10.870026086956518,15.50068372670807,0.012888300207039339,0.0042,5.038285714285714,True,True,True,False,0.0,0.0,3.283099077017349,79.13331546091686,0.7230286086323772,39.7306966412623,122.87013978782889
2026-05-12T06:00:00Z,2026-05-12T06:15:00Z,2026-05-12,2026-05-12_33,-9.412760426169805e-15,100,0,0,15.50068372670807,13.2236650931677,0.0063250517598343724,2.0948571428571428,0.0,True,True,True,False,-2.9426642282313353e-13,0.0,111.64834743977633,0.0,368.2334606651822,0.0,479.8818081049582
2026-05-12T06:15:00Z,2026-05-12T06:30:00Z,2026-05-12,2026-05-12_34,-100.0,100,0,0,13.2236650931677,14.519550807453417,0.0035996825396825464,23.59142857142857,0.0,True,True,True,False,-2950.0,0.0,111.64834743977633,0.0,23009.51690639413,0.0,20171.165253833904
2026-05-12T06:30:00Z,2026-05-12T06:45:00Z,2026-05-12,2026-05-12_35,-100.0,100,0,0,14.519550807453417,24.383527950310565,0.027399936507936516,14.278285714285714,0.0,True,True,True,False,-2713.25,0.0,111.64834743977633,0.0,12671.588954846617,0.0,10069.987302286392
2026-05-12T06:45:00Z,2026-05-12T07:00:00Z,2026-05-12,2026-05-12_36,-100.0,100,0,0,24.383527950310565,38.13831652173914,0.03820774603174604,10.049142857142856,0.0,True,True,True,False,-2425.0,0.0,111.64834743977633,0.0,6345.094072667785,0.0,4031.742420107562
2026-05-12T07:00:00Z,2026-05-12T07:15:00Z,2026-05-12,2026-05-12_37,0.0,100,100,0,38.13831652173914,22.493596024844734,0.04345755693581781,14.393142857142857,0.0,True,True,True,False,0.0,0.0,111.7632415457087,94.04082570564131,15560.803177205009,0.0,15766.60724445636
2026-05-12T07:15:00Z,2026-05-12T07:30:00Z,2026-05-12,2026-05-12_38,0.0,100,100,0,22.493596024844734,10.000000000000016,0.03473656038647342,11.49942857142857,0.006285714285714285,True,True,True,False,0.0,0.0,111.7632415457087,94.04082570564131,2259.6788922019728,-0.4814610153356275,2465.0014984379873
2026-05-12T07:30:00Z,2026-05-12T07:45:00Z,2026-05-12,2026-05-12_39,0.0,100,100,0,10.000000000000016,16.035200000000017,0.016764444444444446,0.0,6.5600000000000005,True,True,True,False,0.0,0.0,111.7632415457087,94.04082570564131,0.0,-62.46961050898089,143.33445674236913
2026-05-12T07:45:00Z,2026-05-12T08:00:00Z,2026-05-12,2026-05-12_40,0.0,100,100,0,16.035200000000017,38.56153142857144,0.06257314285714285,0.0,24.485142857142854,True,True,True,False,0.0,0.0,111.7632415457087,94.04082570564131,0.0,23146.31351275051,23352.117580001857
2026-05-12T08:00:00Z,2026-05-12T08:15:00Z,2026-05-12,2026-05-12_41,70.0,30,100,0,38.56153142857144,42.83914017391306,0.02257306777087647,0.0,22.47085714285714,True,True,True,False,1780.8000000000002,0.0,33.51173834782276,94.67274328826932,0.0,8061.461953746915,9970.446435383008
2026-05-12T08:15:00Z,2026-05-12T08:30:00Z,2026-05-12,2026-05-12_42,69.92717441250957,30,100,0,42.83914017391306,41.81558540124224,0.02949750722742804,0.0,17.34114285714286,True,True,True,False,1574.2355139616218,0.0,33.51173834782276,94.67274328826932,0.0,1722.9070632519413,3425.3270588496553
2026-05-12T08:30:00Z,2026-05-12T08:45:00Z,2026-05-12,2026-05-12_43,0.0,30,100,0,41.81558540124224,46.275432357763975,0.01243401242236025,0.007542857142857142,4.856571428571429,True,True,True,False,0.0,0.0,33.51173834782276,94.67274328826932,1.009623749158811,-62.33229290337407,66.86181248187681
2026-05-12T08:45:00Z,2026-05-12T09:00:00Z,2026-05-12,2026-05-12_44,0.0,30,100,0,46.275432357763975,55.205594345341616,0.024836026224982752,0.004971428571428572,9.71257142857143,True,True,True,False,0.0,0.0,33.51173834782276,94.67274328826932,0.6654338346728528,297.39751620827565,426.2474316790406
2026-05-12T09:00:00Z,2026-05-12T09:15:00Z,2026-05-12,2026-05-12_45,0.0,17,17,83,55.205594345341616,56.05213774906832,0.0023702810213940646,0.003108571428571429,0.9238285714285714,True,True,True,False,0.0,828.4583125885641,18.960687066753472,16.572900310214084,0.4160873632896918,297.2482379402222,1161.6562252690435
2026-05-12T09:15:00Z,2026-05-12T09:30:00Z,2026-05-12,2026-05-12_46,0.0,17,17,83,56.05213774906832,56.20269093167702,0.00047451798481711526,0.009325714285714284,0.17466285714285715,True,True,True,False,0.0,828.4583125885641,18.960687066753472,16.572900310214084,1.248262089869075,-9.00833836642466,856.2318236889761
2026-05-12T09:30:00Z,2026-05-12T09:45:00Z,2026-05-12,2026-05-12_47,0.0,17,17,83,56.20269093167702,56.17205325714286,0.00038946401656314697,0.07858857142857142,0.05954857142857142,True,True,True,False,0.0,828.4583125885641,18.960687066753472,16.572900310214084,10.519208653167519,-2.936070012091237,871.575038606608
2026-05-12T09:45:00Z,2026-05-12T10:00:00Z,2026-05-12,2026-05-12_48,0.0,17,17,83,56.17205325714286,56.14000000000001,0.00019429650793650793,0.046919999999999996,0.020594285714285714,True,True,True,False,0.0,828.4583125885641,18.960687066753472,16.572900310214084,6.2803186396537845,-1.5699642909118763,868.7022543142735
2026-05-12T10:00:00Z,2026-05-12T10:15:00Z,2026-05-12,2026-05-12_49,-17.0,0,0,83,56.14000000000001,60.05000000000001,0.010861111111111111,0.0,0.0,True,False,True,False,-262.9475,828.4583125885641,0.0,0.0,0.0,0.0,565.5108125885641
2026-05-12T10:15:00Z,2026-05-12T10:30:00Z,2026-05-12,2026-05-12_50,-17.0,0,0,83,60.05000000000001,63.96000000000001,0.010861111111111111,0.0,0.0,True,False,True,False,-209.52499999999998,828.4583125885641,0.0,0.0,0.0,0.0,618.9333125885641
2026-05-12T10:30:00Z,2026-05-12T10:45:00Z,2026-05-12,2026-05-12_51,-17.0,0,0,83,63.96000000000001,67.87,0.010861111111111111,0.0,0.0,True,False,True,False,-180.88,828.4583125885641,0.0,0.0,0.0,0.0,647.5783125885641
2026-05-12T10:45:00Z,2026-05-12T11:00:00Z,2026-05-12,2026-05-12_52,-17.0,0,0,83,67.87,71.78,0.010861111111111111,0.0,0.0,True,False,True,False,-181.0925,828.4583125885641,0.0,0.0,0.0,0.0,647.3658125885642
2026-05-12T11:00:00Z,2026-05-12T11:15:00Z,2026-05-12,2026-05-12_53,-69.99999999999997,0,0,30,71.78,87.88,0.044722222222222205,0.0,0.0,True,False,True,False,-878.4999999999997,299.442763586228,0.0,0.0,0.0,0.0,-579.0572364137716
2026-05-12T11:15:00Z,2026-05-12T11:30:00Z,2026-05-12,2026-05-12_54,-69.99999999999997,0,0,30,87.88,103.97999999999999,0.044722222222222205,0.0,0.0,True,False,True,False,-838.5999999999997,299.442763586228,0.0,0.0,0.0,0.0,-539.1572364137717
2026-05-12T11:30:00Z,2026-05-12T11:45:00Z,2026-05-12,2026-05-12_55,-69.99999999999997,0,0,30,103.97999999999999,120.07999999999998,0.044722222222222205,0.0,0.0,True,False,True,False,-690.0249999999997,299.442763586228,0.0,0.0,0.0,0.0,-390.58223641377174
2026-05-12T11:45:00Z,2026-05-12T12:00:00Z,2026-05-12,2026-05-12_56,-69.99999999999997,0,0,30,120.07999999999998,136.17999999999998,0.044722222222222205,0.0,0.0,True,False,True,False,-642.2499999999998,299.442763586228,0.0,0.0,0.0,0.0,-342.80723641377176
2026-05-12T12:00:00Z,2026-05-12T12:15:00Z,2026-05-12,2026-05-12_57,-17.0,0,0,83,136.17999999999998,140.08999999999997,0.010861111111111111,0.0,0.0,True,False,True,False,-164.39,828.4583125885641,0.0,0.0,0.0,0.0,664.0683125885641
2026-05-12T12:15:00Z,2026-05-12T12:30:00Z,2026-05-12,2026-05-12_58,-17.0,0,0,83,140.08999999999997,143.99999999999997,0.010861111111111111,0.0,0.0,True,False,True,False,-200.175,828.4583125885641,0.0,0.0,0.0,0.0,628.2833125885641
2026-05-12T12:30:00Z,2026-05-12T12:45:00Z,2026-05-12,2026-05-12_59,-17.0,0,0,83,143.99999999999997,147.90999999999997,0.010861111111111111,0.0,0.0,True,False,True,False,-223.4225,828.4583125885641,0.0,0.0,0.0,0.0,605.0358125885641
2026-05-12T12:45:00Z,2026-05-12T13:00:00Z,2026-05-12,2026-05-12_60,-17.0,0,0,83,147.90999999999997,151.81999999999996,0.010861111111111111,0.0,0.0,True,False,True,False,-294.8225,828.4583125885641,0.0,0.0,0.0,0.0,533.6358125885641
2026-05-12T13:00:00Z,2026-05-12T13:15:00Z,2026-05-12,2026-05-12_61,0.0,100,100,0,151.81999999999996,167.67922285714283,0.04405339682539682,0.0,17.238285714285713,True,True,True,False,0.0,0.0,111.30366512197925,94.12699628509058,0.0,8026.382441554461,8231.81310296153
2026-05-12T13:15:00Z,2026-05-12T13:30:00Z,2026-05-12,2026-05-12_62,0.0,100,100,0,167.67922285714283,167.3444760248447,0.0016132808833678402,0.42114285714285715,0.13371428571428573,True,True,True,False,0.0,0.0,111.30366512197925,94.12699628509058,52.3408426661998,-7.356180482226978,250.41532359104266
2026-05-12T13:30:00Z,2026-05-12T13:45:00Z,2026-05-12,2026-05-12_63,0.0,100,100,0,167.3444760248447,165.6070111801242,0.005611942028985507,1.7285714285714286,0.15371428571428572,True,True,True,False,0.0,0.0,111.30366512197925,94.12699628509058,231.11690475278618,-7.714207148601847,428.8333590112542
2026-05-12T13:45:00Z,2026-05-12T14:00:00Z,2026-05-12,2026-05-12_64,0.0,100,100,0,165.6070111801242,149.61819130434782,0.04441338854382333,14.709714285714288,0.0,True,True,True,False,0.0,0.0,111.30366512197925,94.12699628509058,3196.730589516187,0.0,3402.161250923257
2026-05-12T14:00:00Z,2026-05-12T14:15:00Z,2026-05-12,2026-05-12_65,-100.0,100,0,0,149.61819130434782,166.37480844720497,0.046546158730158736,6.7862857142857145,0.0,True,True,True,False,-1648.2500000000002,0.0,110.93025927769904,0.0,1139.696271631551,0.0,-397.62346909075006
2026-05-12T14:15:00Z,2026-05-12T14:30:00Z,2026-05-12,2026-05-12_66,-100.0,100,0,0,166.37480844720497,180.1947855900621,0.03838882539682539,9.978285714285715,0.0,True,True,True,False,-2209.75,0.0,110.93025927769904,0.0,2318.956886479152,0.0,220.13714575685125
2026-05-12T14:30:00Z,2026-05-12T14:45:00Z,2026-05-12,2026-05-12_67,-51.41629485587393,100,0,0,180.1947855900621,190.00000000000003,0.0331579505372345,2.0182857142857147,0.0,True,True,True,False,-1234.890861700952,0.0,110.93025927769904,0.0,307.7195844116054,0.0,-816.2410180116475
2026-05-12T14:45:00Z,2026-05-12T15:00:00Z,2026-05-12,2026-05-12_68,-3.121880033817991,100,0,0,190.00000000000003,186.15492571428575,0.013996749537279377,4.218285714285714,0.0,True,True,True,False,-85.91413853067111,0.0,110.93025927769904,0.0,661.9094651952926,0.0,686.9255859423205
2026-05-12T15:00:00Z,2026-05-12T15:15:00Z,2026-05-12,2026-05-12_69,0.0,0,100,0,186.15492571428575,189.80233142857148,0.01013168253968254,0.0,3.9645714285714284,True,True,True,False,0.0,0.0,0.0,94.0121021791582,0.0,-6.3664539849105735,87.64564819424763
2026-05-12T15:15:00Z,2026-05-12T15:30:00Z,2026-05-12,2026-05-12_70,0.0,0,100,0,189.80233142857148,189.95846857142863,0.00043371428571428576,0.0,0.1697142857142857,True,True,True,False,0.0,0.0,0.0,94.0121021791582,0.0,-10.638747763668295,83.37335441548991
2026-05-12T15:30:00Z,2026-05-12T15:45:00Z,2026-05-12,2026-05-12_71,0.0,0,100,0,189.95846857142863,190.00000000000006,0.00011536507936507937,0.0,0.045142857142857144,True,True,True,False,0.0,0.0,0.0,94.0121021791582,0.0,-3.4664098874584877,90.54569229169972
2026-05-12T15:45:00Z,2026-05-12T16:00:00Z,2026-05-12,2026-05-12_72,100.0,0,100,0,190.00000000000006,163.04347826086962,0.0748792270531401,0.0,0.2,True,True,True,False,7347.25,0.0,0.0,94.0121021791582,0.0,-15.354678105013214,7425.907424074145
2026-05-12T16:00:00Z,2026-05-12T16:15:00Z,2026-05-12,2026-05-12_73,-100.0,0,0,0,163.04347826086962,186.04347826086962,0.06388888888888888,0.0,0.0,True,True,True,False,-3747.5,0.0,0.0,0.0,0.0,0.0,-3747.5
2026-05-12T16:15:00Z,2026-05-12T16:30:00Z,2026-05-12,2026-05-12_74,100.0,0,0,0,186.04347826086962,158.86956521739134,0.0754830917874396,0.0,0.0,True,True,True,False,7500.25,0.0,0.0,0.0,0.0,0.0,7500.25
2026-05-12T16:30:00Z,2026-05-12T16:45:00Z,2026-05-12,2026-05-12_75,-100.0,0,0,0,158.86956521739134,181.86956521739134,0.06388888888888888,0.0,0.0,True,True,True,False,-3234.7499999999995,0.0,0.0,0.0,0.0,0.0,-3234.7499999999995
2026-05-12T16:45:00Z,2026-05-12T17:00:00Z,2026-05-12,2026-05-12_76,-0.37610369970331664,0,0,0,181.86956521739134,181.9560690683231,0.0002402884748104523,0.0,0.0,True,True,True,False,-16.3464070483554,0.0,0.0,0.0,0.0,0.0,-16.3464070483554
2026-05-12T17:00:00Z,2026-05-12T17:15:00Z,2026-05-12,2026-05-12_77,0.0,0,95,5,181.9560690683231,184.39927363975167,0.0067866793650793655,0.0,2.655657142857143,True,True,True,False,0.0,49.90712726437134,0.0,88.9294741679752,0.0,-63.51059334598993,75.32600808635661
2026-05-12T17:15:00Z,2026-05-12T17:30:00Z,2026-05-12,2026-05-12_78,0.0,0,95,5,184.39927363975167,186.56829192546596,0.006025050793650794,0.0,2.3576285714285716,True,True,True,False,0.0,49.90712726437134,0.0,88.9294741679752,0.0,-132.19776261236373,6.638838819982809
2026-05-12T17:30:00Z,2026-05-12T17:45:00Z,2026-05-12,2026-05-12_79,95.0000000000002,0,95,5,186.56829192546596,163.27677018633548,0.0646986714975847,0.0,2.3218,True,True,True,False,5095.325000000011,49.90712726437134,0.0,88.9294741679752,0.0,-137.24904863850486,5096.912552793852
2026-05-12T17:45:00Z,2026-05-12T18:00:00Z,2026-05-12,2026-05-12_80,95.0000000000002,0,95,5,163.27677018633548,140.86149068322985,0.062264665286404564,0.0,3.1279428571428567,True,True,True,False,6441.237500000013,49.90712726437134,0.0,88.9294741679752,0.0,-85.08673022316812,6494.987371209191
2026-05-12T18:00:00Z,2026-05-12T18:15:00Z,2026-05-12,2026-05-12_81,100.0,0,0,0,140.86149068322985,113.6875776397516,0.0754830917874396,0.0,0.0,True,False,True,False,6206.5,0.0,0.0,0.0,0.0,0.0,6206.5
2026-05-12T18:15:00Z,2026-05-12T18:30:00Z,2026-05-12,2026-05-12_82,100.0,0,0,0,113.6875776397516,86.51366459627334,0.0754830917874396,0.0,0.0,True,False,True,False,7004.25,0.0,0.0,0.0,0.0,0.0,7004.25
2026-05-12T18:30:00Z,2026-05-12T18:45:00Z,2026-05-12,2026-05-12_83,100.00000000000006,0,0,0,86.51366459627334,59.339751552795065,0.07548309178743966,0.0,0.0,True,False,True,False,6708.500000000004,0.0,0.0,0.0,0.0,0.0,6708.500000000004
2026-05-12T18:45:00Z,2026-05-12T19:00:00Z,2026-05-12,2026-05-12_84,100.0,0,0,0,59.339751552795065,32.165838509316806,0.0754830917874396,0.0,0.0,True,False,True,False,5472.5,0.0,0.0,0.0,0.0,0.0,5472.5
2026-05-12T19:00:00Z,2026-05-12T19:15:00Z,2026-05-12,2026-05-12_85,100.0,0,100,0,32.165838509316806,10.000000000000039,0.06157177363699102,0.0,4.607428571428572,True,True,True,False,6539.0,0.0,0.0,93.60997280839494,0.0,-106.15384145707611,6526.456131351319
2026-05-12T19:15:00Z,2026-05-12T19:30:00Z,2026-05-12,2026-05-12_86,0.0,0,100,0,10.000000000000039,18.19536000000004,0.02276488888888889,0.0,8.908000000000001,True,True,True,False,0.0,0.0,0.0,93.60997280839494,0.0,75.26988778675654,168.87986059515148
2026-05-12T19:30:00Z,2026-05-12T19:45:00Z,2026-05-12,2026-05-12_87,-7.723290606088045e-15,0,100,0,18.19536000000004,30.466057142857185,0.03408526984126985,0.0,13.337714285714286,True,True,True,False,-2.718791375608144e-13,0.0,0.0,93.60997280839494,0.0,166.82742128385956,260.43739409225424
2026-05-12T19:45:00Z,2026-05-12T20:00:00Z,2026-05-12,2026-05-12_88,100.0,0,100,0,30.466057142857185,17.795249689441036,0.035196687370600416,0.0,13.342857142857142,True,True,True,False,5762.5,0.0,0.0,93.60997280839494,0.0,223.43702982322722,6079.5470026316225
2026-05-12T20:00:00Z,2026-05-12T20:15:00Z,2026-05-12,2026-05-12_89,53.87508856264781,38,100,0,17.795249689441036,10.000000000000034,0.037638637809919336,0.00304,6.780571428571429,True,True,True,False,2591.7958230275794,0.0,40.843705717896675,93.60997280839494,0.4657041093791889,5.5416259157333805,2732.2568315789836
2026-05-12T20:15:00Z,2026-05-12T20:30:00Z,2026-05-12,2026-05-12_90,0.0,38,100,0,10.000000000000034,13.336708571428606,0.00926863492063492,0.0,3.626857142857143,True,True,True,False,0.0,0.0,40.843705717896675,93.60997280839494,0.0,-10.812787495144356,123.64089103114726
2026-05-12T20:30:00Z,2026-05-12T20:45:00Z,2026-05-12,2026-05-12_91,0.16920581874995116,38,100,0,13.336708571428606,18.653083388819912,0.01496361406613241,0.0,5.8268571428571425,True,True,True,False,7.206052806013545,0.0,40.843705717896675,93.60997280839494,0.0,17.42188109007151,159.08161242237668
2026-05-12T20:45:00Z,2026-05-12T21:00:00Z,2026-05-12,2026-05-12_92,62.0,38,100,0,18.653083388819912,10.000000000000036,0.03959298782608696,0.00304,8.009714285714285,True,True,True,False,2968.87,0.0,40.843705717896675,93.60997280839494,0.4651219792424649,152.9778432734972,3256.7666437790313
2026-05-12T21:00:00Z,2026-05-12T21:15:00Z,2026-05-13,2026-05-12_93,19.730391089141758,80,100,0,10.000000000000036,9.999999999999979,0.02308278742188604,0.0,5.626285714285714,True,True,True,False,1105.78976859095,0.0,85.76857378653821,82.65359000441433,0.0,-5.265295499847829,1268.9466368820547
2026-05-12T21:15:00Z,2026-05-12T21:30:00Z,2026-05-13,2026-05-12_94,-2.625438725845781e-14,80,100,0,9.999999999999979,19.46811428571427,0.026300317460317482,0.0,10.291428571428572,True,True,True,False,-1.2056670988765288e-12,0.0,85.76857378653821,82.65359000441433,0.0,151.68020706238468,320.102370853336
2026-05-12T21:30:00Z,2026-05-12T21:45:00Z,2026-05-13,2026-05-12_95,0.5817801572191484,80,100,0,19.46811428571427,27.261425093167684,0.02222306023060433,0.0,8.633714285714285,True,True,True,False,27.336395137334737,0.0,85.76857378653821,82.65359000441433,0.0,55.4298939737498,251.18845290203708
2026-05-12T21:45:00Z,2026-05-12T22:00:00Z,2026-05-13,2026-05-12_96,0.0,80,100,0,27.261425093167684,44.227276521739114,0.04712736507936508,0.0,18.441142857142857,True,True,True,False,0.0,0.0,85.76857378653821,82.65359000441433,0.0,621.246684451951,789.6688482429036
2026-05-12T22:00:00Z,2026-05-12T22:15:00Z,2026-05-13,2026-05-13_1,100.0,0,100,0,44.227276521739114,35.90677962732917,0.023112491373360942,0.0,17.345142857142857,True,True,True,False,5000.0,0.0,0.0,82.65359000441433,0.0,531.0204350174516,5613.674025021866
2026-05-12T22:15:00Z,2026-05-12T22:30:00Z,2026-05-13,2026-05-13_2,0.0,0,100,0,35.90677962732917,42.76419677018632,0.019048380952380952,0.0,7.453714285714286,True,True,True,False,0.0,0.0,0.0,82.65359000441433,0.0,-107.3344585038975,-24.680868499483168
2026-05-12T22:30:00Z,2026-05-12T22:45:00Z,2026-05-13,2026-05-13_3,0.0,0,100,0,42.76419677018632,42.99656248447203,0.0006454603174603174,0.0,0.25257142857142856,True,True,True,False,0.0,0.0,0.0,82.65359000441433,0.0,-14.8490360576989,67.80455394671543
2026-05-12T22:45:00Z,2026-05-12T23:00:00Z,2026-05-13,2026-05-13_4,0.0,0,100,0,42.99656248447203,43.152173913043455,0.00043225396825396833,0.0,0.16914285714285715,True,True,True,False,0.0,0.0,0.0,82.65359000441433,0.0,-10.369353450994048,72.28423655342027
2026-05-12T23:00:00Z,2026-05-12T23:15:00Z,2026-05-13,2026-05-13_5,-23.0,39,16,61,43.152173913043455,48.87509090186333,0.015967661062801935,0.028525714285714286,0.5012114285714286,True,True,True,False,-675.3375,610.257566742798,41.756040918949,16.366044181716983,4.871095712064839,-10.718188467349016,-12.80494091182021
2026-05-12T23:15:00Z,2026-05-12T23:30:00Z,2026-05-13,2026-05-13_6,-23.0,39,16,61,48.87509090186333,54.177760496894386,0.014763868267770878,0.013817142857142856,0.02861714285714286,True,True,True,False,-668.0925,610.257566742798,41.756040918949,16.366044181716983,2.1723249256280828,-1.7619620389283863,0.6975147301636668
2026-05-12T23:30:00Z,2026-05-12T23:45:00Z,2026-05-13,2026-05-13_7,-23.0,39,16,61,54.177760496894386,59.47476631055898,0.014740406073153902,0.010697142857142856,0.019108571428571426,True,True,True,False,-662.4,610.257566742798,41.756040918949,16.366044181716983,1.696354199511407,-1.368226965817707,6.307779077157666
2026-05-12T23:45:00Z,2026-05-13T00:00:00Z,2026-05-13,2026-05-13_8,-23.0,39,16,61,59.47476631055898,64.74937809689438,0.014714087260179434,0.025182857142857142,0.010331428571428571,True,True,True,False,-657.7425,610.257566742798,41.756040918949,16.366044181716983,3.9774056772162827,-0.7508295272276616,13.863727993452613
2026-05-13T00:00:00Z,2026-05-13T00:15:00Z,2026-05-13,2026-05-13_9,0.0,0,0,100,64.74937809689438,64.74937809689438,0.0,0.0,0.0,True,True,True,False,0.0,1000.4222405619637,0.0,0.0,0.0,0.0,1000.4222405619637
2026-05-13T00:15:00Z,2026-05-13T00:30:00Z,2026-05-13,2026-05-13_10,0.0,0,0,100,64.74937809689438,64.74937809689438,0.0,0.0,0.0,True,True,True,False,0.0,1000.4222405619637,0.0,0.0,0.0,0.0,1000.4222405619637
2026-05-13T00:30:00Z,2026-05-13T00:45:00Z,2026-05-13,2026-05-13_11,0.0,0,0,100,64.74937809689438,64.74937809689438,0.0,0.0,0.0,True,True,True,False,0.0,1000.4222405619637,0.0,0.0,0.0,0.0,1000.4222405619637
2026-05-13T00:45:00Z,2026-05-13T01:00:00Z,2026-05-13,2026-05-13_12,0.0,0,0,100,64.74937809689438,64.74937809689438,0.0,0.0,0.0,True,True,True,False,0.0,1000.4222405619637,0.0,0.0,0.0,0.0,1000.4222405619637
2026-05-13T01:00:00Z,2026-05-13T01:15:00Z,2026-05-13,2026-05-13_13,0.0,100,100,0,64.74937809689438,71.3523495254658,0.018341587301587303,0.0,7.177142857142857,True,True,True,False,0.0,0.0,107.06677158704872,102.28777613573115,0.0,-54.612019598542446,154.74252812423742
2026-05-13T01:15:00Z,2026-05-13T01:30:00Z,2026-05-13,2026-05-13_14,0.0,100,100,0,71.3523495254658,80.94873809689437,0.02665663492063492,0.0,10.430857142857143,True,True,True,False,0.0,0.0,107.06677158704872,102.28777613573115,0.0,100.05639006254094,309.4109377853208
2026-05-13T01:30:00Z,2026-05-13T01:45:00Z,2026-05-13,2026-05-13_15,0.0,100,100,0,80.94873809689437,84.22709238260866,0.009106539682539685,0.0,3.5634285714285716,True,True,True,False,0.0,0.0,107.06677158704872,102.28777613573115,0.0,-103.33894982740233,106.01559789537754
2026-05-13T01:45:00Z,2026-05-13T02:00:00Z,2026-05-13,2026-05-13_16,0.0,100,100,0,84.22709238260866,97.1123495254658,0.03579238095238095,0.0,14.005714285714285,True,True,True,False,0.0,0.0,107.06677158704872,102.28777613573115,0.0,330.40292607225797,539.7574737950379
2026-05-13T02:00:00Z,2026-05-13T02:15:00Z,2026-05-13,2026-05-13_17,0.0,100,100,0,97.1123495254658,117.60469238260866,0.05692317460317461,0.0,22.274285714285714,True,True,True,False,0.0,0.0,107.06677158704872,98.3148763027081,0.0,1369.7469462959357,1575.1285941856925
2026-05-13T02:15:00Z,2026-05-13T02:30:00Z,2026-05-13,2026-05-13_18,0.0,100,100,0,117.60469238260866,125.6544295254658,0.022360380952380954,0.0,8.749714285714285,True,True,True,False,0.0,0.0,107.06677158704872,98.3148763027081,0.0,-14.971057877117026,190.4105900126398
2026-05-13T02:30:00Z,2026-05-13T02:45:00Z,2026-05-13,2026-05-13_19,0.0,100,100,0,125.6544295254658,122.18588194782605,0.012646028985507245,3.689714285714286,0.5891428571428571,True,True,True,False,0.0,0.0,107.06677158704872,98.3148763027081,704.2975746392448,-29.220594701155125,880.4586278278465
2026-05-13T02:45:00Z,2026-05-13T03:00:00Z,2026-05-13,2026-05-13_20,0.0,100,100,0,122.18588194782605,120.71094530186332,0.004622760524499655,1.4440000000000002,0.10285714285714286,True,True,True,False,0.0,0.0,107.06677158704872,98.3148763027081,249.17210371763625,-5.037064495874929,449.51668711151814
2026-05-13T03:00:00Z,2026-05-13T03:15:00Z,2026-05-13,2026-05-13_21,0.0,0,100,0,120.71094530186332,121.51318530186332,0.002228444444444445,0.0,0.872,True,True,True,False,0.0,0.0,0.0,82.65359000441433,0.0,-39.15807688616778,43.49551311824655
2026-05-13T03:15:00Z,2026-05-13T03:30:00Z,2026-05-13,2026-05-13_22,100.0,0,100,0,121.51318530186332,102.09517287950307,0.053938923395445135,0.0,7.135428571428572,True,True,True,False,3677.25,0.0,0.0,82.65359000441433,0.0,88.4564164937034,3848.360006498118
2026-05-13T03:30:00Z,2026-05-13T03:45:00Z,2026-05-13,2026-05-13_23,100.0,0,100,0,102.09517287950307,86.14734679254654,0.04429951690821255,0.0,10.328000000000001,True,True,True,False,3845.7500000000005,0.0,0.0,82.65359000441433,0.0,242.25397078863023,4170.657560793045
2026-05-13T03:45:00Z,2026-05-13T04:00:00Z,2026-05-13,2026-05-13_24,100.0,0,100,0,86.14734679254654,65.7492101465838,0.056661490683229815,0.0,6.233714285714286,True,True,True,False,3851.2500000000005,0.0,0.0,82.65359000441433,0.0,-38.06175317571513,3895.8418368287
2026-05-13T04:00:00Z,2026-05-13T04:15:00Z,2026-05-13,2026-05-13_25,2.0000000000000853,0,2,98,65.7492101465838,65.47435300372663,0.000763492063492128,0.0,0.24713142857142856,True,True,True,False,83.79500000000357,980.4137957507244,0.0,1.6530718000882865,0.0,14.864123245988027,1080.7259907968044
2026-05-13T04:15:00Z,2026-05-13T04:30:00Z,2026-05-13,2026-05-13_26,2.0000000000000853,0,2,98,65.47435300372663,64.93463871801234,0.0014992063492064132,0.0,0.003462857142857143,True,True,True,False,78.84000000000337,980.4137957507244,0.0,1.6530718000882865,0.0,-0.21617418903764798,1060.6906933617784
2026-05-13T04:30:00Z,2026-05-13T04:45:00Z,2026-05-13,2026-05-13_27,2.0000000000000853,0,2,98,64.93463871801234,64.39190579875766,0.0015075914423741156,0.0,0.0006857142857142857,True,True,True,False,73.28500000000312,980.4137957507244,0.0,1.6530718000882865,0.0,-0.050879439352272016,1055.3009881114635
2026-05-13T04:45:00Z,2026-05-13T05:00:00Z,2026-05-13,2026-05-13_28,0.16221333942841695,0,2,98,64.39190579875766,64.34782608695646,0.00012244364389222293,0.0,0.0,True,True,True,False,5.934169489640063,980.4137957507244,0.0,1.6530718000882865,0.0,0.0,988.0010370404527
2026-05-13T05:00:00Z,2026-05-13T05:15:00Z,2026-05-13,2026-05-13_29,0.0,0,0,100,64.34782608695646,64.34782608695646,0.0,0.0,0.0,True,True,True,False,0.0,1000.4222405619637,0.0,0.0,0.0,0.0,1000.4222405619637
2026-05-13T05:15:00Z,2026-05-13T05:30:00Z,2026-05-13,2026-05-13_30,0.0,0,0,100,64.34782608695646,64.34782608695646,0.0,0.0,0.0,True,True,True,False,0.0,1000.4222405619637,0.0,0.0,0.0,0.0,1000.4222405619637
2026-05-13T05:30:00Z,2026-05-13T05:45:00Z,2026-05-13,2026-05-13_31,0.0,0,0,100,64.34782608695646,64.34782608695646,0.0,0.0,0.0,True,True,True,False,0.0,1000.4222405619637,0.0,0.0,0.0,0.0,1000.4222405619637
2026-05-13T05:45:00Z,2026-05-13T06:00:00Z,2026-05-13,2026-05-13_32,0.0,0,0,100,64.34782608695646,64.34782608695646,0.0,0.0,0.0,True,True,True,False,0.0,1000.4222405619637,0.0,0.0,0.0,0.0,1000.4222405619637
2026-05-13T06:00:00Z,2026-05-13T06:15:00Z,2026-05-13,2026-05-13_33,0.0,0,0,100,64.34782608695646,64.34782608695646,0.0,0.0,0.0,True,True,True,False,0.0,1000.4222405619637,0.0,0.0,0.0,0.0,1000.4222405619637
2026-05-13T06:15:00Z,2026-05-13T06:30:00Z,2026-05-13,2026-05-13_34,0.0,0,0,100,64.34782608695646,64.34782608695646,0.0,0.0,0.0,True,True,True,False,0.0,1000.4222405619637,0.0,0.0,0.0,0.0,1000.4222405619637
2026-05-13T06:30:00Z,2026-05-13T06:45:00Z,2026-05-13,2026-05-13_35,0.0,0,0,100,64.34782608695646,64.34782608695646,0.0,0.0,0.0,True,True,True,False,0.0,1000.4222405619637,0.0,0.0,0.0,0.0,1000.4222405619637
2026-05-13T06:45:00Z,2026-05-13T07:00:00Z,2026-05-13,2026-05-13_36,0.0,0,0,100,64.34782608695646,64.34782608695646,0.0,0.0,0.0,True,True,True,False,0.0,1000.4222405619637,0.0,0.0,0.0,0.0,1000.4222405619637
2026-05-13T07:00:00Z,2026-05-13T07:15:00Z,2026-05-13,2026-05-13_37,0.0,0,0,100,64.34782608695646,64.34782608695646,0.0,0.0,0.0,True,True,True,False,0.0,1000.4222405619637,0.0,0.0,0.0,0.0,1000.4222405619637
2026-05-13T07:15:00Z,2026-05-13T07:30:00Z,2026-05-13,2026-05-13_38,0.0,0,0,100,64.34782608695646,64.34782608695646,0.0,0.0,0.0,True,True,True,False,0.0,1000.4222405619637,0.0,0.0,0.0,0.0,1000.4222405619637
2026-05-13T07:30:00Z,2026-05-13T07:45:00Z,2026-05-13,2026-05-13_39,0.0,0,0,100,64.34782608695646,64.34782608695646,0.0,0.0,0.0,True,True,True,False,0.0,1000.4222405619637,0.0,0.0,0.0,0.0,1000.4222405619637
2026-05-13T07:45:00Z,2026-05-13T08:00:00Z,2026-05-13,2026-05-13_40,0.0,0,0,100,64.34782608695646,64.34782608695646,0.0,0.0,0.0,True,True,True,False,0.0,1000.4222405619637,0.0,0.0,0.0,0.0,1000.4222405619637
2026-05-13T08:00:00Z,2026-05-13T08:15:00Z,2026-05-13,2026-05-13_41,0.0,0,0,100,64.34782608695646,64.34782608695646,0.0,0.0,0.0,True,True,True,False,0.0,1000.4222405619637,0.0,0.0,0.0,0.0,1000.4222405619637
2026-05-13T08:15:00Z,2026-05-13T08:30:00Z,2026-05-13,2026-05-13_42,0.0,0,0,100,64.34782608695646,64.34782608695646,0.0,0.0,0.0,True,True,True,False,0.0,1000.4222405619637,0.0,0.0,0.0,0.0,1000.4222405619637
2026-05-13T08:30:00Z,2026-05-13T08:45:00Z,2026-05-13,2026-05-13_43,0.0,0,0,100,64.34782608695646,64.34782608695646,0.0,0.0,0.0,True,True,True,False,0.0,1000.4222405619637,0.0,0.0,0.0,0.0,1000.4222405619637
2026-05-13T08:45:00Z,2026-05-13T09:00:00Z,2026-05-13,2026-05-13_44,0.0,0,0,100,64.34782608695646,64.34782608695646,0.0,0.0,0.0,True,True,True,False,0.0,1000.4222405619637,0.0,0.0,0.0,0.0,1000.4222405619637
2026-05-13T09:00:00Z,2026-05-13T09:15:00Z,2026-05-13,2026-05-13_45,-26.99999999999997,27,0,73,64.34782608695646,70.1970073440993,0.0162477257142857,0.39219428571428566,0.0,True,True,True,False,-103.47749999999989,730.3082356102335,29.41327754639848,0.0,52.63794849213507,0.0,708.8819616487672
2026-05-13T09:15:00Z,2026-05-13T09:30:00Z,2026-05-13,2026-05-13_46,-26.99999999999997,27,0,73,70.1970073440993,76.40615568695644,0.01724763428571427,0.0009257142857142857,0.0,True,True,True,False,-444.4874999999995,730.3082356102335,29.41327754639848,0.0,0.12419136819651184,0.0,315.358204524829
2026-05-13T09:30:00Z,2026-05-13T09:45:00Z,2026-05-13,2026-05-13_47,-26.99999999999997,27,0,73,76.40615568695644,82.60167751552787,0.017209782857142843,0.015737142857142856,0.0,True,True,True,False,-444.4874999999995,730.3082356102335,29.41327754639848,0.0,2.1112532593407014,0.0,317.3452664159732
2026-05-13T09:45:00Z,2026-05-13T10:00:00Z,2026-05-13,2026-05-13_48,-25.340085336213992,27,0,73,82.60167751552787,88.42989714285709,0.016189498964803383,0.0,0.0,True,True,True,False,-543.6715308884711,730.3082356102335,29.41327754639848,0.0,0.0,0.0,216.04998226816087
2026-05-13T10:00:00Z,2026-05-13T10:15:00Z,2026-05-13,2026-05-13_49,0.0,100,100,0,88.42989714285709,104.20710857142852,0.0438255873015873,0.0,17.149142857142856,True,True,True,False,0.0,0.0,108.93806498666105,101.02105444983975,0.0,848.0009719210025,1057.9600913575032
2026-05-13T10:15:00Z,2026-05-13T10:30:00Z,2026-05-13,2026-05-13_50,0.0,100,100,0,104.20710857142852,121.49627428571424,0.04802546031746032,0.0,18.792571428571428,True,True,True,False,0.0,0.0,108.93806498666105,101.02105444983975,0.0,665.9328729631691,875.8919923996699
2026-05-13T10:30:00Z,2026-05-13T10:45:00Z,2026-05-13,2026-05-13_51,0.0,100,100,0,121.49627428571424,142.35766857142852,0.057948317460317464,0.0,22.675428571428572,True,True,True,False,0.0,0.0,108.93806498666105,101.02105444983975,0.0,14046.823719390984,14256.782838827485
2026-05-13T10:45:00Z,2026-05-13T11:00:00Z,2026-05-13,2026-05-13_52,0.0,100,100,0,142.35766857142852,143.99999999999994,0.004562031746031746,0.0,1.7851428571428574,True,True,True,False,0.0,0.0,108.93806498666105,101.02105444983975,0.0,-69.85057092955986,140.10854850694093
2026-05-13T11:00:00Z,2026-05-13T11:15:00Z,2026-05-13,2026-05-13_53,0.0,0,0,100,143.99999999999994,143.99999999999994,0.0,0.0,0.0,True,False,True,False,0.0,1000.4222405619637,0.0,0.0,0.0,0.0,1000.4222405619637
2026-05-13T11:15:00Z,2026-05-13T11:30:00Z,2026-05-13,2026-05-13_54,0.0,0,0,100,143.99999999999994,143.99999999999994,0.0,0.0,0.0,True,False,True,False,0.0,1000.4222405619637,0.0,0.0,0.0,0.0,1000.4222405619637
2026-05-13T11:30:00Z,2026-05-13T11:45:00Z,2026-05-13,2026-05-13_55,0.0,0,0,100,143.99999999999994,143.99999999999994,0.0,0.0,0.0,True,False,True,False,0.0,1000.4222405619637,0.0,0.0,0.0,0.0,1000.4222405619637
2026-05-13T11:45:00Z,2026-05-13T12:00:00Z,2026-05-13,2026-05-13_56,0.0,0,0,100,143.99999999999994,143.99999999999994,0.0,0.0,0.0,True,False,True,False,0.0,1000.4222405619637,0.0,0.0,0.0,0.0,1000.4222405619637
2026-05-13T12:00:00Z,2026-05-13T12:15:00Z,2026-05-13,2026-05-13_57,0.0,0,0,100,143.99999999999994,143.99999999999994,0.0,0.0,0.0,True,True,True,False,0.0,1000.4222405619637,0.0,0.0,0.0,0.0,1000.4222405619637
2026-05-13T12:15:00Z,2026-05-13T12:30:00Z,2026-05-13,2026-05-13_58,0.0,0,0,100,143.99999999999994,143.99999999999994,0.0,0.0,0.0,True,True,True,False,0.0,1000.4222405619637,0.0,0.0,0.0,0.0,1000.4222405619637
2026-05-13T12:30:00Z,2026-05-13T12:45:00Z,2026-05-13,2026-05-13_59,0.0,0,0,100,143.99999999999994,143.99999999999994,0.0,0.0,0.0,True,True,True,False,0.0,1000.4222405619637,0.0,0.0,0.0,0.0,1000.4222405619637
2026-05-13T12:45:00Z,2026-05-13T13:00:00Z,2026-05-13,2026-05-13_60,0.0,0,0,100,143.99999999999994,143.99999999999994,0.0,0.0,0.0,True,True,True,False,0.0,1000.4222405619637,0.0,0.0,0.0,0.0,1000.4222405619637
2026-05-13T13:00:00Z,2026-05-13T13:15:00Z,2026-05-13,2026-05-13_61,0.0,0,0,100,143.99999999999994,143.99999999999994,0.0,0.0,0.0,True,True,True,False,0.0,1000.4222405619637,0.0,0.0,0.0,0.0,1000.4222405619637
2026-05-13T13:15:00Z,2026-05-13T13:30:00Z,2026-05-13,2026-05-13_62,0.0,0,0,100,143.99999999999994,143.99999999999994,0.0,0.0,0.0,True,True,True,False,0.0,1000.4222405619637,0.0,0.0,0.0,0.0,1000.4222405619637
2026-05-13T13:30:00Z,2026-05-13T13:45:00Z,2026-05-13,2026-05-13_63,0.0,0,0,100,143.99999999999994,143.99999999999994,0.0,0.0,0.0,True,True,True,False,0.0,1000.4222405619637,0.0,0.0,0.0,0.0,1000.4222405619637
2026-05-13T13:45:00Z,2026-05-13T14:00:00Z,2026-05-13,2026-05-13_64,0.0,0,0,100,143.99999999999994,143.99999999999994,0.0,0.0,0.0,True,True,True,False,0.0,1000.4222405619637,0.0,0.0,0.0,0.0,1000.4222405619637
2026-05-13T14:00:00Z,2026-05-13T14:15:00Z,2026-05-13,2026-05-13_65,0.0,0,0,100,143.99999999999994,143.99999999999994,0.0,0.0,0.0,True,True,True,False,0.0,1000.4222405619637,0.0,0.0,0.0,0.0,1000.4222405619637
2026-05-13T14:15:00Z,2026-05-13T14:30:00Z,2026-05-13,2026-05-13_66,0.0,0,0,100,143.99999999999994,143.99999999999994,0.0,0.0,0.0,True,True,True,False,0.0,1000.4222405619637,0.0,0.0,0.0,0.0,1000.4222405619637
2026-05-13T14:30:00Z,2026-05-13T14:45:00Z,2026-05-13,2026-05-13_67,0.0,0,0,100,143.99999999999994,143.99999999999994,0.0,0.0,0.0,True,True,True,False,0.0,1000.4222405619637,0.0,0.0,0.0,0.0,1000.4222405619637
2026-05-13T14:45:00Z,2026-05-13T15:00:00Z,2026-05-13,2026-05-13_68,0.0,0,0,100,143.99999999999994,143.99999999999994,0.0,0.0,0.0,True,True,True,False,0.0,1000.4222405619637,0.0,0.0,0.0,0.0,1000.4222405619637
2026-05-13T15:00:00Z,2026-05-13T15:15:00Z,2026-05-13,2026-05-13_69,-53.0,53,0,47,143.99999999999994,153.8110692571428,0.027252970158730162,2.585794285714286,0.0,True,True,True,False,-1357.1975,470.19845306412293,57.14210314185363,0.0,623.9241756257524,0.0,-205.93276816827108
2026-05-13T15:15:00Z,2026-05-13T15:30:00Z,2026-05-13,2026-05-13_70,-53.0,53,0,47,153.8110692571428,165.2287108571428,0.031715671111111114,0.83952,0.0,True,True,True,False,-1522.69,470.19845306412293,57.14210314185363,0.0,158.1935203116903,0.0,-837.1559234823332
2026-05-13T15:30:00Z,2026-05-13T15:45:00Z,2026-05-13,2026-05-13_71,-14.087005417775307,53,0,47,165.2287108571428,168.37873249297752,0.009132744828869156,0.0863142857142857,0.0,True,True,True,False,-466.2446618148182,470.19845306412293,57.14210314185363,0.0,14.477650549324002,0.0,75.57354494048238
2026-05-13T15:45:00Z,2026-05-13T16:00:00Z,2026-05-13,2026-05-13_72,-1.0528466343568978,53,0,47,168.37873249297752,168.27333602981363,0.001605507940977302,0.3207257142857143,0.0,True,True,True,False,-37.69190950997694,470.19845306412293,57.14210314185363,0.0,52.92826837610117,0.0,542.5769150721007
2026-05-13T16:00:00Z,2026-05-13T16:15:00Z,2026-05-13,2026-05-13_73,-9.876544027065393e-13,66,66,34,168.27333602981363,173.31153892173933,0.015582378633540983,0.26286857142857145,5.78688,True,True,True,False,-3.077037291632223e-11,340.14356179106767,71.15809070494981,64.41279772757807,46.07709737799579,116.60835867416463,638.3999062757252
2026-05-13T16:15:00Z,2026-05-13T16:30:00Z,2026-05-13,2026-05-13_74,-9.876544027065393e-13,66,66,34,173.31153892173933,172.83818331428614,0.0018507547826092825,0.5242285714285714,0.10484571428571429,True,True,True,False,-3.41407435655583e-11,340.14356179106767,71.15809070494981,64.41279772757807,91.34544261503997,-8.069234291417276,558.9906585471841
2026-05-13T16:30:00Z,2026-05-13T16:45:00Z,2026-05-13,2026-05-13_75,-9.869542187726666e-13,66,66,34,172.83818331428614,174.11813664596338,0.004899111221532702,0.2225142857142857,1.6541485714285715,True,True,True,False,-4.398854953069775e-11,340.14356179106767,71.15809070494981,64.41279772757807,38.20909760611536,-81.32259543925358,432.60095239041334
2026-05-13T16:45:00Z,2026-05-13T17:00:00Z,2026-05-13,2026-05-13_76,1.9184653865522705e-13,66,66,34,174.11813664596338,174.14641383354098,0.00036094939958606476,0.046765714285714285,0.08598857142857143,True,True,True,False,8.98513263791756e-12,340.14356179106767,71.15809070494981,64.41279772757807,6.9236109091607005,-6.617933159867405,476.02012797289785
2026-05-13T17:00:00Z,2026-05-13T17:15:00Z,2026-05-13,2026-05-13_77,0.0,0,100,0,174.14641383354098,189.3569052621124,0.042251365079365076,0.0,16.533142857142856,True,True,True,False,0.0,0.0,0.0,96.35721551542137,0.0,3852.447897762947,3948.8051132783685
2026-05-13T17:15:00Z,2026-05-13T17:30:00Z,2026-05-13,2026-05-13_78,0.0,0,100,0,189.3569052621124,189.39107669068383,9.492063492063493e-05,0.0,0.037142857142857144,True,True,True,False,0.0,0.0,0.0,96.35721551542137,0.0,-2.8586234409315616,93.4985920744898
2026-05-13T17:30:00Z,2026-05-13T17:45:00Z,2026-05-13,2026-05-13_79,100.0,0,100,0,189.39107669068383,165.92523818136706,0.06518288474810215,0.0,3.4114285714285715,True,True,True,False,5744.75,0.0,0.0,96.35721551542137,0.0,-74.72235270247668,5766.384862812944
2026-05-13T17:45:00Z,2026-05-13T18:00:00Z,2026-05-13,2026-05-13_80,100.0,0,100,0,165.92523818136706,138.81716364720558,0.07530020703933746,0.0,0.06057142857142857,True,True,True,False,8617.0,0.0,0.0,96.35721551542137,0.0,-4.6617551498268535,8708.695460365594
2026-05-13T18:00:00Z,2026-05-13T18:15:00Z,2026-05-13,2026-05-13_81,49.969450958201485,0,100,0,138.81716364720558,125.45696894409926,0.037668372843553496,0.0,0.21771428571428572,True,True,True,False,2875.7419026444954,0.0,0.0,96.35721551542137,0.0,-16.755931246075768,2955.3431869138412
2026-05-13T18:15:00Z,2026-05-13T18:30:00Z,2026-05-13,2026-05-13_82,100.00000000000003,0,100,0,125.45696894409926,98.78554037267068,0.0740873015873016,0.0,0.4622857142857143,True,True,True,False,7590.500000000002,0.0,0.0,96.35721551542137,0.0,-35.577003901612464,7651.280211613811
2026-05-13T18:30:00Z,2026-05-13T18:45:00Z,2026-05-13,2026-05-13_83,100.0,0,100,0,98.78554037267068,71.62342857142843,0.07545031055900621,0.0,0.010857142857142857,True,True,True,False,7979.25,0.0,0.0,96.35721551542137,0.0,-0.8355976211953795,8074.771617894226
2026-05-13T18:45:00Z,2026-05-13T19:00:00Z,2026-05-13,2026-05-13_84,100.0,0,100,0,71.62342857142843,44.56504347826073,0.07516218081435473,0.0,0.10628571428571429,True,True,True,False,7562.75,0.0,0.0,96.35721551542137,0.0,-8.180060923281085,7650.92715459214
2026-05-13T19:00:00Z,2026-05-13T19:15:00Z,2026-05-13,2026-05-13_85,57.999999999999915,42,0,0,44.56504347826073,27.435913043478145,0.04758091787439607,1.2588000000000001,0.0,True,True,True,False,5027.584999999993,0.0,44.544843866955844,0.0,265.060715198741,0.0,5337.19055906569
2026-05-13T19:15:00Z,2026-05-13T19:30:00Z,2026-05-13,2026-05-13_86,57.999999999999915,42,0,0,27.435913043478145,10.340434782608604,0.0474874396135265,1.22784,0.0,True,True,True,False,3433.454999999995,0.0,44.544843866955844,0.0,245.1343924150241,0.0,3723.134236281975
2026-05-13T19:30:00Z,2026-05-13T19:45:00Z,2026-05-13,2026-05-13_87,-4.2474274922293116e-15,42,0,0,10.340434782608604,9.99999999999991,0.0009456521739130457,0.3132,0.0,True,True,True,False,-2.1018394945296747e-13,0.0,44.544843866955844,0.0,53.298701648657456,0.0,97.84354551561309
2026-05-13T19:45:00Z,2026-05-13T20:00:00Z,2026-05-13,2026-05-13_88,-99.99975993518774,42,0,0,9.99999999999991,29.388098385093087,0.05385582884748105,3.92592,0.0,True,True,True,False,-3721.9910647876877,0.0,44.544843866955844,0.0,1927.5285399765849,0.0,-1749.917680944147
2026-05-13T20:00:00Z,2026-05-13T20:15:00Z,2026-05-13,2026-05-13_89,0.0,100,100,0,29.388098385093087,14.62039652173905,0.041021394064872325,13.586285714285715,0.0,True,True,True,False,0.0,0.0,107.06677158704872,96.35721551542137,10054.224312830904,0.0,10257.648299933373
2026-05-13T20:15:00Z,2026-05-13T20:30:00Z,2026-05-13,2026-05-13_90,0.0,100,100,0,14.62039652173905,12.890345341614825,0.004831983436853002,1.596,0.005142857142857143,True,True,True,False,0.0,0.0,107.06677158704872,96.35721551542137,301.2388353837591,-0.3948223436544646,504.26800014257475
2026-05-13T20:30:00Z,2026-05-13T20:45:00Z,2026-05-13,2026-05-13_91,0.0,100,100,0,12.890345341614825,9.999999999999918,0.009007149758454106,2.821142857142857,0.19142857142857145,True,True,True,False,0.0,0.0,107.06677158704872,96.35721551542137,522.2403624688461,-9.418588455284999,716.2457611160312
2026-05-13T20:45:00Z,2026-05-13T21:00:00Z,2026-05-13,2026-05-13_92,0.0,100,100,0,9.999999999999918,18.05919999999992,0.02238666666666667,0.0,8.76,True,True,True,False,0.0,0.0,107.06677158704872,96.35721551542137,0.0,106.75320039153215,310.1771874940022
2026-05-13T21:00:00Z,2026-05-13T21:15:00Z,2026-05-14,2026-05-13_93,0.9032466269457052,99,100,0,18.05919999999992,24.48178464596272,0.018809430362038186,0.0,7.236000000000001,True,True,True,False,56.21355382796597,0.0,107.8890041493776,81.80613185799909,0.0,148.9373858921162,394.84607572745887
2026-05-13T21:15:00Z,2026-05-13T21:30:00Z,2026-05-14,2026-05-13_94,-8.884801107394255e-15,99,100,0,24.48178464596272,43.14727036024844,0.05184857142857144,0.0,20.28857142857143,True,True,True,False,-4.2962455754804913e-13,0.0,107.8890041493776,81.80613185799909,0.0,1304.5431387077654,1494.2382747151416
2026-05-13T21:30:00Z,2026-05-13T21:45:00Z,2026-05-14,2026-05-13_95,0.0,99,100,0,43.14727036024844,53.73200178881987,0.029402031746031745,0.0,11.505142857142857,True,True,True,False,0.0,0.0,107.8890041493776,81.80613185799909,0.0,207.1792092032756,396.8743452106523
2026-05-13T21:45:00Z,2026-05-13T22:00:00Z,2026-05-14,2026-05-13_96,0.0,99,100,0,53.73200178881987,61.74493893167701,0.022258158730158732,0.0,8.709714285714286,True,True,True,False,0.0,0.0,107.8890041493776,81.80613185799909,0.0,30.345798370985097,220.04093437836178
2026-05-13T22:00:00Z,2026-05-13T22:15:00Z,2026-05-14,2026-05-14_1,-4.0,5,1,95,61.74493893167701,62.08839501118012,0.001688896287094548,0.6084571428571428,0.003862857142857143,True,True,True,False,-200.0,951.2592208390964,5.447498847395114,0.8180613185799909,148.75956609365738,-0.1522895958198863,906.132057502909
2026-05-13T22:15:00Z,2026-05-13T22:30:00Z,2026-05-14,2026-05-14_2,-3.3681174313782045,5,1,95,62.08839501118012,62.62308672795031,0.001970596240819574,0.24625714285714284,0.0,True,True,True,False,-145.7552818428918,951.2592208390964,5.447498847395114,0.8180613185799909,42.60575930316802,0.0,854.3752584653478
2026-05-13T22:30:00Z,2026-05-13T22:45:00Z,2026-05-14,2026-05-14_3,-4.0,5,1,95,62.62308672795031,63.37394562981366,0.0023014541614906833,0.17862857142857141,0.0012628571428571428,True,True,True,False,-157.49,951.2592208390964,5.447498847395114,0.8180613185799909,30.865415332938152,-0.06511880063228612,830.8350775373774
2026-05-13T22:45:00Z,2026-05-13T23:00:00Z,2026-05-14,2026-05-14_4,-4.0,5,1,95,63.37394562981366,64.34782608695652,0.002705223492063492,0.0,0.05856571428571429,True,True,True,False,-129.57,951.2592208390964,5.447498847395114,0.8180613185799909,0.0,0.19258642560758743,828.1473674306791
2026-05-13T23:00:00Z,2026-05-13T23:15:00Z,2026-05-14,2026-05-14_5,0.0,0,0,100,64.34782608695652,64.34782608695652,0.0,0.0,0.0,True,True,True,False,0.0,1001.3254956201015,0.0,0.0,0.0,0.0,1001.3254956201015
2026-05-13T23:15:00Z,2026-05-13T23:30:00Z,2026-05-14,2026-05-14_6,0.0,0,0,100,64.34782608695652,64.34782608695652,0.0,0.0,0.0,True,True,True,False,0.0,1001.3254956201015,0.0,0.0,0.0,0.0,1001.3254956201015
2026-05-13T23:30:00Z,2026-05-13T23:45:00Z,2026-05-14,2026-05-14_7,0.0,0,0,100,64.34782608695652,64.34782608695652,0.0,0.0,0.0,True,True,True,False,0.0,1001.3254956201015,0.0,0.0,0.0,0.0,1001.3254956201015
2026-05-13T23:45:00Z,2026-05-14T00:00:00Z,2026-05-14,2026-05-14_8,0.0,0,0,100,64.34782608695652,64.34782608695652,0.0,0.0,0.0,True,True,True,False,0.0,1001.3254956201015,0.0,0.0,0.0,0.0,1001.3254956201015
2026-05-14T00:00:00Z,2026-05-14T00:15:00Z,2026-05-14,2026-05-14_9,0.0,0,0,100,64.34782608695652,64.34782608695652,0.0,0.0,0.0,True,True,True,False,0.0,1001.3254956201015,0.0,0.0,0.0,0.0,1001.3254956201015
2026-05-14T00:15:00Z,2026-05-14T00:30:00Z,2026-05-14,2026-05-14_10,0.0,0,0,100,64.34782608695652,64.34782608695652,0.0,0.0,0.0,True,True,True,False,0.0,1001.3254956201015,0.0,0.0,0.0,0.0,1001.3254956201015
2026-05-14T00:30:00Z,2026-05-14T00:45:00Z,2026-05-14,2026-05-14_11,0.0,0,0,100,64.34782608695652,64.34782608695652,0.0,0.0,0.0,True,True,True,False,0.0,1001.3254956201015,0.0,0.0,0.0,0.0,1001.3254956201015
2026-05-14T00:45:00Z,2026-05-14T01:00:00Z,2026-05-14,2026-05-14_12,0.0,0,0,100,64.34782608695652,64.34782608695652,0.0,0.0,0.0,True,True,True,False,0.0,1001.3254956201015,0.0,0.0,0.0,0.0,1001.3254956201015
2026-05-14T01:00:00Z,2026-05-14T01:15:00Z,2026-05-14,2026-05-14_13,0.0,0,0,100,64.34782608695652,64.34782608695652,0.0,0.0,0.0,True,True,True,False,0.0,1001.3254956201015,0.0,0.0,0.0,0.0,1001.3254956201015
2026-05-14T01:15:00Z,2026-05-14T01:30:00Z,2026-05-14,2026-05-14_14,0.0,0,0,100,64.34782608695652,64.34782608695652,0.0,0.0,0.0,True,True,True,False,0.0,1001.3254956201015,0.0,0.0,0.0,0.0,1001.3254956201015
2026-05-14T01:30:00Z,2026-05-14T01:45:00Z,2026-05-14,2026-05-14_15,0.0,0,0,100,64.34782608695652,64.34782608695652,0.0,0.0,0.0,True,True,True,False,0.0,1001.3254956201015,0.0,0.0,0.0,0.0,1001.3254956201015
2026-05-14T01:45:00Z,2026-05-14T02:00:00Z,2026-05-14,2026-05-14_16,0.0,0,0,100,64.34782608695652,64.34782608695652,0.0,0.0,0.0,True,True,True,False,0.0,1001.3254956201015,0.0,0.0,0.0,0.0,1001.3254956201015
2026-05-14T02:00:00Z,2026-05-14T02:15:00Z,2026-05-14,2026-05-14_17,0.0,0,0,100,64.34782608695652,64.34782608695652,0.0,0.0,0.0,True,True,True,False,0.0,1001.3254956201015,0.0,0.0,0.0,0.0,1001.3254956201015
2026-05-14T02:15:00Z,2026-05-14T02:30:00Z,2026-05-14,2026-05-14_18,0.0,0,0,100,64.34782608695652,64.34782608695652,0.0,0.0,0.0,True,True,True,False,0.0,1001.3254956201015,0.0,0.0,0.0,0.0,1001.3254956201015
2026-05-14T02:30:00Z,2026-05-14T02:45:00Z,2026-05-14,2026-05-14_19,0.0,0,0,100,64.34782608695652,64.34782608695652,0.0,0.0,0.0,True,True,True,False,0.0,1001.3254956201015,0.0,0.0,0.0,0.0,1001.3254956201015
2026-05-14T02:45:00Z,2026-05-14T03:00:00Z,2026-05-14,2026-05-14_20,0.0,0,0,100,64.34782608695652,64.34782608695652,0.0,0.0,0.0,True,True,True,False,0.0,1001.3254956201015,0.0,0.0,0.0,0.0,1001.3254956201015
2026-05-14T03:00:00Z,2026-05-14T03:15:00Z,2026-05-14,2026-05-14_21,0.0,0,0,100,64.34782608695652,64.34782608695652,0.0,0.0,0.0,True,True,True,False,0.0,1001.3254956201015,0.0,0.0,0.0,0.0,1001.3254956201015
2026-05-14T03:15:00Z,2026-05-14T03:30:00Z,2026-05-14,2026-05-14_22,0.0,0,0,100,64.34782608695652,64.34782608695652,0.0,0.0,0.0,True,True,True,False,0.0,1001.3254956201015,0.0,0.0,0.0,0.0,1001.3254956201015
2026-05-14T03:30:00Z,2026-05-14T03:45:00Z,2026-05-14,2026-05-14_23,0.0,0,0,100,64.34782608695652,64.34782608695652,0.0,0.0,0.0,True,True,True,False,0.0,1001.3254956201015,0.0,0.0,0.0,0.0,1001.3254956201015
2026-05-14T03:45:00Z,2026-05-14T04:00:00Z,2026-05-14,2026-05-14_24,0.0,0,0,100,64.34782608695652,64.34782608695652,0.0,0.0,0.0,True,True,True,False,0.0,1001.3254956201015,0.0,0.0,0.0,0.0,1001.3254956201015
2026-05-14T04:00:00Z,2026-05-14T04:15:00Z,2026-05-14,2026-05-14_25,0.0,0,0,100,64.34782608695652,64.34782608695652,0.0,0.0,0.0,True,True,True,False,0.0,1001.3254956201015,0.0,0.0,0.0,0.0,1001.3254956201015
2026-05-14T04:15:00Z,2026-05-14T04:30:00Z,2026-05-14,2026-05-14_26,0.0,0,0,100,64.34782608695652,64.34782608695652,0.0,0.0,0.0,True,True,True,False,0.0,1001.3254956201015,0.0,0.0,0.0,0.0,1001.3254956201015
2026-05-14T04:30:00Z,2026-05-14T04:45:00Z,2026-05-14,2026-05-14_27,0.0,0,0,100,64.34782608695652,64.34782608695652,0.0,0.0,0.0,True,True,True,False,0.0,1001.3254956201015,0.0,0.0,0.0,0.0,1001.3254956201015
2026-05-14T04:45:00Z,2026-05-14T05:00:00Z,2026-05-14,2026-05-14_28,0.0,0,0,100,64.34782608695652,64.34782608695652,0.0,0.0,0.0,True,True,True,False,0.0,1001.3254956201015,0.0,0.0,0.0,0.0,1001.3254956201015
2026-05-14T05:00:00Z,2026-05-14T05:15:00Z,2026-05-14,2026-05-14_29,0.0,100,100,0,64.34782608695652,49.280124223602485,0.04185472739820565,13.862285714285713,0.0,True,True,True,False,0.0,0.0,109.20931304748733,81.80613185799909,5511.440924059804,0.0,5702.4563689652905
2026-05-14T05:15:00Z,2026-05-14T05:30:00Z,2026-05-14,2026-05-14_30,0.0,100,100,0,49.280124223602485,41.40745341614907,0.021868530020703936,7.242857142857144,0.0,True,True,True,False,0.0,0.0,109.20931304748733,81.80613185799909,1478.6804320621752,0.0,1669.6958769676617
2026-05-14T05:30:00Z,2026-05-14T05:45:00Z,2026-05-14,2026-05-14_31,0.0,100,100,0,41.40745341614907,41.67894857142857,0.006906672187715666,1.018857142857143,1.4988571428571429,True,True,True,False,0.0,0.0,109.20931304748733,81.80613185799909,176.01786647346816,-53.700409668708424,313.3329017102462
2026-05-14T05:45:00Z,2026-05-14T06:00:00Z,2026-05-14,2026-05-14_32,0.0,100,100,0,41.67894857142857,44.89526857142857,0.008934222222222224,0.0,3.4960000000000004,True,True,True,False,0.0,0.0,109.20931304748733,81.80613185799909,0.0,-25.898982634086373,165.11646227140005
2026-05-14T06:00:00Z,2026-05-14T06:15:00Z,2026-05-14,2026-05-14_33,100.00000000000001,0,100,0,44.89526857142857,35.76110708074535,0.025372670807453424,0.0,16.59657142857143,True,True,True,False,3363.750000000001,0.0,0.0,87.07929921622868,0.0,410.4252791499265,3861.2545783661562
2026-05-14T06:15:00Z,2026-05-14T06:30:00Z,2026-05-14,2026-05-14_34,99.99999999999999,0,100,0,35.76110708074535,13.562970434782617,0.061661490683229805,0.0,4.5777142857142845,True,True,True,False,2829.7499999999995,0.0,0.0,87.07929921622868,0.0,-6.371127247579529,2910.458171968649
2026-05-14T06:30:00Z,2026-05-14T06:45:00Z,2026-05-14,2026-05-14_35,0.0,0,100,0,13.562970434782617,14.024021863354045,0.0012806984126984126,0.0,0.5011428571428571,True,True,True,False,0.0,0.0,0.0,87.07929921622868,0.0,-27.30206184548508,59.77723737074359
2026-05-14T06:45:00Z,2026-05-14T07:00:00Z,2026-05-14,2026-05-14_36,0.0,0,100,0,14.024021863354045,15.82774757763976,0.005010349206349207,0.0,1.9605714285714286,True,True,True,False,0.0,0.0,0.0,87.07929921622868,0.0,24.68980713078224,111.76910634701092
2026-05-14T07:00:00Z,2026-05-14T07:15:00Z,2026-05-14,2026-05-14_37,18.000000000000142,82,100,0,15.82774757763976,26.717081281987554,0.039367403837129035,0.0,16.610285714285716,True,True,True,False,490.14000000000385,0.0,90.30774550484094,87.07929921622868,0.0,927.1842595885752,1594.7113043096485
2026-05-14T07:15:00Z,2026-05-14T07:30:00Z,2026-05-14,2026-05-14_38,16.62594921602751,82,100,0,26.717081281987554,36.95548322981366,0.03790784667743628,0.0,15.569714285714287,True,True,True,False,423.79544551654124,0.0,90.30774550484094,87.07929921622868,0.0,489.2603855188919,1090.4428757565026
2026-05-14T07:30:00Z,2026-05-14T07:45:00Z,2026-05-14,2026-05-14_39,0.0,82,100,0,36.95548322981366,53.16167751552795,0.04501720634920636,0.0,17.615428571428573,True,True,True,False,0.0,0.0,90.30774550484094,87.07929921622868,0.0,2293.9716898285365,2471.358734549606
2026-05-14T07:45:00Z,2026-05-14T08:00:00Z,2026-05-14,2026-05-14_40,0.0,82,100,0,53.16167751552795,64.34782608695652,0.03107263492063492,0.0,12.158857142857142,True,True,True,False,0.0,0.0,90.30774550484094,87.07929921622868,0.0,261.70412434960156,439.0911690706712
2026-05-14T08:00:00Z,2026-05-14T08:15:00Z,2026-05-14,2026-05-14_41,0.0,0,0,100,64.34782608695652,64.34782608695652,0.0,0.0,0.0,True,False,True,False,0.0,1001.3254956201015,0.0,0.0,0.0,0.0,1001.3254956201015
2026-05-14T08:15:00Z,2026-05-14T08:30:00Z,2026-05-14,2026-05-14_42,0.0,0,0,100,64.34782608695652,64.34782608695652,0.0,0.0,0.0,True,False,True,False,0.0,1001.3254956201015,0.0,0.0,0.0,0.0,1001.3254956201015
2026-05-14T08:30:00Z,2026-05-14T08:45:00Z,2026-05-14,2026-05-14_43,0.0,0,0,100,64.34782608695652,64.34782608695652,0.0,0.0,0.0,True,False,True,False,0.0,1001.3254956201015,0.0,0.0,0.0,0.0,1001.3254956201015
2026-05-14T08:45:00Z,2026-05-14T09:00:00Z,2026-05-14,2026-05-14_44,0.0,0,0,100,64.34782608695652,64.34782608695652,0.0,0.0,0.0,True,False,True,False,0.0,1001.3254956201015,0.0,0.0,0.0,0.0,1001.3254956201015
2026-05-14T09:00:00Z,2026-05-14T09:15:00Z,2026-05-14,2026-05-14_45,0.0,0,0,100,64.34782608695652,64.34782608695652,0.0,0.0,0.0,True,True,True,False,0.0,1001.3254956201015,0.0,0.0,0.0,0.0,1001.3254956201015
2026-05-14T09:15:00Z,2026-05-14T09:30:00Z,2026-05-14,2026-05-14_46,0.0,0,0,100,64.34782608695652,64.34782608695652,0.0,0.0,0.0,True,True,True,False,0.0,1001.3254956201015,0.0,0.0,0.0,0.0,1001.3254956201015
2026-05-14T09:30:00Z,2026-05-14T09:45:00Z,2026-05-14,2026-05-14_47,0.0,0,0,100,64.34782608695652,64.34782608695652,0.0,0.0,0.0,True,True,True,False,0.0,1001.3254956201015,0.0,0.0,0.0,0.0,1001.3254956201015
2026-05-14T09:45:00Z,2026-05-14T10:00:00Z,2026-05-14,2026-05-14_48,0.0,0,0,100,64.34782608695652,64.34782608695652,0.0,0.0,0.0,True,True,True,False,0.0,1001.3254956201015,0.0,0.0,0.0,0.0,1001.3254956201015
2026-05-14T10:00:00Z,2026-05-14T10:15:00Z,2026-05-14,2026-05-14_49,0.0,0,0,100,64.34782608695652,64.34782608695652,0.0,0.0,0.0,True,True,True,False,0.0,1001.3254956201015,0.0,0.0,0.0,0.0,1001.3254956201015
2026-05-14T10:15:00Z,2026-05-14T10:30:00Z,2026-05-14,2026-05-14_50,0.0,0,0,100,64.34782608695652,64.34782608695652,0.0,0.0,0.0,True,True,True,False,0.0,1001.3254956201015,0.0,0.0,0.0,0.0,1001.3254956201015
2026-05-14T10:30:00Z,2026-05-14T10:45:00Z,2026-05-14,2026-05-14_51,0.0,0,0,100,64.34782608695652,64.34782608695652,0.0,0.0,0.0,True,True,True,False,0.0,1001.3254956201015,0.0,0.0,0.0,0.0,1001.3254956201015
2026-05-14T10:45:00Z,2026-05-14T11:00:00Z,2026-05-14,2026-05-14_52,0.0,0,0,100,64.34782608695652,64.34782608695652,0.0,0.0,0.0,True,True,True,False,0.0,1001.3254956201015,0.0,0.0,0.0,0.0,1001.3254956201015
2026-05-14T11:00:00Z,2026-05-14T11:15:00Z,2026-05-14,2026-05-14_53,-100.0,100,0,0,64.34782608695652,84.7455403726708,0.05666031746031746,2.8285714285714287,0.0,True,True,True,False,-255.25000000000003,0.0,111.34163208852007,0.0,330.7362675360601,0.0,186.82789962458014
2026-05-14T11:15:00Z,2026-05-14T11:30:00Z,2026-05-14,2026-05-14_54,-100.0,100,0,0,84.7455403726708,104.53815751552794,0.054979492063492064,3.4862857142857138,0.0,True,True,True,False,-208.25,0.0,111.34163208852007,0.0,439.5475221190366,0.0,342.63915420755666
2026-05-14T11:30:00Z,2026-05-14T11:45:00Z,2026-05-14,2026-05-14_55,-100.0,100,0,0,104.53815751552794,121.0009003726708,0.045729841269841275,7.105714285714286,0.0,True,True,True,False,-185.75,0.0,111.34163208852007,0.0,1003.0979170783114,0.0,928.6895491668315
2026-05-14T11:45:00Z,2026-05-14T12:00:00Z,2026-05-14,2026-05-14_56,-100.0,100,0,0,121.0009003726708,142.8448546583851,0.06067765079365079,1.2565714285714285,0.0,True,True,True,False,-173.0,0.0,111.34163208852007,0.0,149.725979714154,0.0,88.06761180267407
2026-05-14T12:00:00Z,2026-05-14T12:15:00Z,2026-05-14,2026-05-14_57,0.0,0,0,100,142.8448546583851,142.8448546583851,0.0,0.0,0.0,True,True,True,False,0.0,1001.3254956201015,0.0,0.0,0.0,0.0,1001.3254956201015
2026-05-14T12:15:00Z,2026-05-14T12:30:00Z,2026-05-14,2026-05-14_58,0.0,0,0,100,142.8448546583851,142.8448546583851,0.0,0.0,0.0,True,True,True,False,0.0,1001.3254956201015,0.0,0.0,0.0,0.0,1001.3254956201015
2026-05-14T12:30:00Z,2026-05-14T12:45:00Z,2026-05-14,2026-05-14_59,0.0,0,0,100,142.8448546583851,142.8448546583851,0.0,0.0,0.0,True,True,True,False,0.0,1001.3254956201015,0.0,0.0,0.0,0.0,1001.3254956201015
2026-05-14T12:45:00Z,2026-05-14T13:00:00Z,2026-05-14,2026-05-14_60,0.0,0,0,100,142.8448546583851,142.8448546583851,0.0,0.0,0.0,True,True,True,False,0.0,1001.3254956201015,0.0,0.0,0.0,0.0,1001.3254956201015
2026-05-14T13:00:00Z,2026-05-14T13:15:00Z,2026-05-14,2026-05-14_61,0.0,96,100,0,142.8448546583851,160.26334608695652,0.048384698412698414,0.0,18.933142857142858,True,True,True,False,0.0,0.0,105.75380359612724,87.07929921622868,0.0,7518.191870293531,7711.024973105887
2026-05-14T13:15:00Z,2026-05-14T13:30:00Z,2026-05-14,2026-05-14_62,0.0,96,100,0,160.26334608695652,169.45230608695653,0.02552488888888889,0.0,9.988,True,True,True,False,0.0,0.0,105.75380359612724,87.07929921622868,0.0,152.8246887966805,345.6577916090364
2026-05-14T13:30:00Z,2026-05-14T13:45:00Z,2026-05-14,2026-05-14_63,0.0,96,100,0,169.45230608695653,178.82106037267081,0.026024317460317463,0.0,10.183428571428573,True,True,True,False,0.0,0.0,105.75380359612724,87.07929921622868,0.0,222.86324661353711,415.696349425893
2026-05-14T13:45:00Z,2026-05-14T14:00:00Z,2026-05-14,2026-05-14_64,4.0,96,100,0,178.82106037267081,189.41183852919255,0.032413583216011045,0.0,12.601714285714285,True,True,True,False,77.22,0.0,105.75380359612724,87.07929921622868,0.0,479.3546285319107,749.4077313442666
2026-05-14T14:00:00Z,2026-05-14T14:15:00Z,2026-05-14,2026-05-14_65,0.0,0,100,0,189.41183852919255,189.83871852919256,0.0011857777777777778,0.0,0.464,True,True,True,False,0.0,0.0,0.0,87.07929921622868,0.0,-24.17201475334256,62.90728446288612
2026-05-14T14:15:00Z,2026-05-14T14:30:00Z,2026-05-14,2026-05-14_66,0.0018018974592066595,0,100,0,189.83871852919256,189.9922636725478,0.0004292163249821251,0.0,0.1674285714285714,True,True,True,False,0.0335783591523161,0.0,0.0,87.07929921622868,0.0,-10.21560012294452,76.89727745243647
2026-05-14T14:30:00Z,2026-05-14T14:45:00Z,2026-05-14,2026-05-14_67,99.76674845043144,0,100,0,189.9922636725478,166.79896379669188,0.06446881258544519,0.0,3.6051428571428574,True,True,True,False,2707.1707192024573,0.0,0.0,87.07929921622868,0.0,33.4162724757953,2827.6662908944813
2026-05-14T14:45:00Z,2026-05-14T15:00:00Z,2026-05-14,2026-05-14_68,99.99999999999996,0,100,0,166.79896379669188,151.47349795818258,0.04257073844030365,0.0,10.900571428571428,True,True,True,False,3498.749999999998,0.0,0.0,87.07929921622868,0.0,383.5972565808251,3969.426555797052
2026-05-14T15:00:00Z,2026-05-14T15:15:00Z,2026-05-14,2026-05-14_69,-1.0,18,17,82,151.47349795818258,151.6779321544559,0.0009268789786059351,0.06294857142857142,0.04594857142857143,True,True,True,False,-18.8775,821.0869064084832,19.553941908713693,14.636929460580912,9.243848251333729,-2.3100508353641134,843.3340751937474
2026-05-14T15:15:00Z,2026-05-14T15:30:00Z,2026-05-14,2026-05-14_70,-0.9588795621185559,18,17,82,151.6779321544559,152.28000000000006,0.002671474299181003,0.17475428571428572,0.61948,True,True,True,False,-27.09553922656509,821.0869064084832,19.553941908713693,14.636929460580912,30.10775038529935,2.881053250345782,861.1710421868578
2026-05-14T15:30:00Z,2026-05-14T15:45:00Z,2026-05-14,2026-05-14_71,-1.0,18,17,82,152.28000000000006,151.77297693416153,0.0024919821670117324,0.6838971428571429,0.0,True,True,True,False,-32.1375,821.0869064084832,19.553941908713693,14.636929460580912,126.63277342422448,0.0,949.7730512020023
2026-05-14T15:45:00Z,2026-05-14T16:00:00Z,2026-05-14,2026-05-14_72,0.0,18,17,82,151.77297693416153,151.61372119254662,0.00048557325051759836,0.15366857142857143,0.008451428571428572,True,True,True,False,0.0,821.0869064084832,19.553941908713693,14.636929460580912,26.428803912270308,-0.46867632878877696,881.2379053612593
2026-05-14T16:00:00Z,2026-05-14T16:15:00Z,2026-05-14,2026-05-14_73,-86.00000000000003,100,14,0,151.61372119254662,171.5910467677019,0.05549546959282266,0.0034285714285714284,0.218,True,True,True,False,-2464.330000000001,0.0,108.63301060396498,12.17496542185339,0.5708140683659356,-6.515920162901491,-2349.4671300687182
2026-05-14T16:15:00Z,2026-05-14T16:30:00Z,2026-05-14,2026-05-14_74,-84.95366625994225,100,14,0,171.5910467677019,190.0,0.052300021236894687,1.2811428571428571,0.08744,True,True,True,False,-2908.813532740423,0.0,108.63301060396498,12.17496542185339,225.17901995653034,-4.344637206085754,-2567.17117396416
2026-05-14T16:30:00Z,2026-05-14T16:45:00Z,2026-05-14,2026-05-14_75,-11.84894488870944,100,14,0,190.0,190.00000000000003,0.013593756566334015,2.553714285714286,0.0,True,True,True,False,-521.4424421898807,0.0,108.63301060396498,12.17496542185339,455.1857373378121,0.0,54.55127117374977
2026-05-14T16:45:00Z,2026-05-14T17:00:00Z,2026-05-14,2026-05-14_76,0.0,100,14,0,190.00000000000003,176.60434782608698,0.03721014492753623,12.324,0.0,True,True,True,False,0.0,0.0,108.63301060396498,12.17496542185339,4190.1671023513145,0.0,4310.975078377133
2026-05-14T17:00:00Z,2026-05-14T17:15:00Z,2026-05-14,2026-05-14_77,-73.00000000000004,100,27,0,176.60434782608698,189.96686456645966,0.042912201435472766,3.553714285714286,0.002314285714285714,True,True,True,False,-3050.3050000000017,0.0,106.44306131857999,23.67479253112033,955.6833106105513,-0.15002978660343805,-1964.6538653263535
2026-05-14T17:15:00Z,2026-05-14T17:30:00Z,2026-05-14,2026-05-14_78,-23.46414215674152,100,27,0,189.96686456645966,189.99999999999986,0.023752662278044807,5.119428571428571,0.00046285714285714284,True,True,True,False,-1094.191609124249,0.0,106.44306131857999,23.67479253112033,1317.9892935080902,-0.03556609365737996,353.87997213988416
2026-05-14T17:30:00Z,2026-05-14T17:45:00Z,2026-05-14,2026-05-14_79,-0.39696325322217835,100,27,0,189.99999999999986,178.88819875776383,0.031164099627530906,10.313142857142857,0.0,True,True,True,False,-21.068824664767117,0.0,106.44306131857999,23.67479253112033,3048.288933675822,0.0,3157.3379628607554
2026-05-14T17:45:00Z,2026-05-14T18:00:00Z,2026-05-14,2026-05-14_80,0.0,100,27,0,178.88819875776383,158.91304347826073,0.05548654244306418,18.377142857142857,0.0,True,True,True,False,0.0,0.0,106.44306131857999,23.67479253112033,11525.514483303696,0.0,11655.632337153396
2026-05-14T18:00:00Z,2026-05-14T18:15:00Z,2026-05-14,2026-05-14_81,86.99999999999983,0,0,13,158.91304347826073,135.2717391304347,0.06567028985507234,0.0,0.0,True,False,True,False,5148.87749999999,130.1723144306132,0.0,0.0,0.0,0.0,5279.049814430603
2026-05-14T18:15:00Z,2026-05-14T18:30:00Z,2026-05-14,2026-05-14_82,86.99999999999983,0,0,13,135.2717391304347,111.63043478260866,0.06567028985507234,0.0,0.0,True,False,True,False,6209.624999999988,130.1723144306132,0.0,0.0,0.0,0.0,6339.797314430602
2026-05-14T18:30:00Z,2026-05-14T18:45:00Z,2026-05-14,2026-05-14_83,86.99999999999983,0,0,13,111.63043478260866,87.98913043478262,0.06567028985507234,0.0,0.0,True,False,True,False,5581.267499999989,130.1723144306132,0.0,0.0,0.0,0.0,5711.439814430602
2026-05-14T18:45:00Z,2026-05-14T19:00:00Z,2026-05-14,2026-05-14_84,86.99999999999983,0,0,13,87.98913043478262,64.34782608695659,0.06567028985507234,0.0,0.0,True,False,True,False,5668.7024999999885,130.1723144306132,0.0,0.0,0.0,0.0,5798.874814430602
2026-05-14T19:00:00Z,2026-05-14T19:15:00Z,2026-05-14,2026-05-14_85,0.0,0,0,100,64.34782608695659,64.34782608695659,0.0,0.0,0.0,True,False,True,False,0.0,1001.3254956201015,0.0,0.0,0.0,0.0,1001.3254956201015
2026-05-14T19:15:00Z,2026-05-14T19:30:00Z,2026-05-14,2026-05-14_86,0.0,0,0,100,64.34782608695659,64.34782608695659,0.0,0.0,0.0,True,False,True,False,0.0,1001.3254956201015,0.0,0.0,0.0,0.0,1001.3254956201015
2026-05-14T19:30:00Z,2026-05-14T19:45:00Z,2026-05-14,2026-05-14_87,0.0,0,0,100,64.34782608695659,64.34782608695659,0.0,0.0,0.0,True,False,True,False,0.0,1001.3254956201015,0.0,0.0,0.0,0.0,1001.3254956201015
2026-05-14T19:45:00Z,2026-05-14T20:00:00Z,2026-05-14,2026-05-14_88,0.0,0,0,100,64.34782608695659,64.34782608695659,0.0,0.0,0.0,True,False,True,False,0.0,1001.3254956201015,0.0,0.0,0.0,0.0,1001.3254956201015
2026-05-14T20:00:00Z,2026-05-14T20:15:00Z,2026-05-14,2026-05-14_89,0.0,0,0,100,64.34782608695659,64.34782608695659,0.0,0.0,0.0,True,True,True,False,0.0,1001.3254956201015,0.0,0.0,0.0,0.0,1001.3254956201015
2026-05-14T20:15:00Z,2026-05-14T20:30:00Z,2026-05-14,2026-05-14_90,0.0,0,0,100,64.34782608695659,64.34782608695659,0.0,0.0,0.0,True,True,True,False,0.0,1001.3254956201015,0.0,0.0,0.0,0.0,1001.3254956201015
2026-05-14T20:30:00Z,2026-05-14T20:45:00Z,2026-05-14,2026-05-14_91,0.0,0,0,100,64.34782608695659,64.34782608695659,0.0,0.0,0.0,True,True,True,False,0.0,1001.3254956201015,0.0,0.0,0.0,0.0,1001.3254956201015
2026-05-14T20:45:00Z,2026-05-14T21:00:00Z,2026-05-14,2026-05-14_92,0.0,0,0,100,64.34782608695659,64.34782608695659,0.0,0.0,0.0,True,True,True,False,0.0,1001.3254956201015,0.0,0.0,0.0,0.0,1001.3254956201015
2026-05-14T21:00:00Z,2026-05-14T21:15:00Z,2026-05-15,2026-05-14_93,-2.1316282072803006e-13,0,0,100,64.34782608695659,64.34782608695663,1.3618735768735253e-16,0.0,0.0,True,True,True,False,-1.0615508472255897e-11,1001.4024437101361,0.0,0.0,0.0,0.0,1001.4024437101256
2026-05-14T21:15:00Z,2026-05-14T21:30:00Z,2026-05-15,2026-05-14_94,-3.7071794909222616e-13,0,0,100,64.34782608695663,64.34782608695672,2.3684757858670006e-16,0.0,0.0,True,True,True,False,-1.7237457837915787e-11,1001.4024437101361,0.0,0.0,0.0,0.0,1001.4024437101189
2026-05-14T21:30:00Z,2026-05-14T21:45:00Z,2026-05-15,2026-05-14_95,2.1316282072803006e-13,0,0,100,64.34782608695672,64.34782608695666,1.6090188762683428e-16,0.0,0.0,True,True,True,False,9.396750044743386e-12,1001.4024437101361,0.0,0.0,0.0,0.0,1001.4024437101456
2026-05-14T21:45:00Z,2026-05-14T22:00:00Z,2026-05-15,2026-05-14_96,2.1316282072803006e-13,0,0,100,64.34782608695666,64.3478260869566,1.6090188762683426e-16,0.0,0.0,True,True,True,False,7.37809813244894e-12,1001.4024437101361,0.0,0.0,0.0,0.0,1001.4024437101435
2026-05-14T22:00:00Z,2026-05-14T22:15:00Z,2026-05-15,2026-05-15_1,5.560769236383393e-13,0,0,100,64.3478260869566,64.34782608695645,4.197440546786981e-16,0.0,0.0,True,True,True,False,2.1007195982747365e-11,1001.4024437101361,0.0,0.0,0.0,0.0,1001.4024437101572
2026-05-14T22:15:00Z,2026-05-14T22:30:00Z,2026-05-15,2026-05-15_2,0.0,0,0,100,64.34782608695645,64.34782608695645,0.0,0.0,0.0,True,True,True,False,0.0,1001.4024437101361,0.0,0.0,0.0,0.0,1001.4024437101361
2026-05-14T22:30:00Z,2026-05-14T22:45:00Z,2026-05-15,2026-05-15_3,0.0,0,0,100,64.34782608695645,64.34782608695645,0.0,0.0,0.0,True,True,True,False,0.0,1001.4024437101361,0.0,0.0,0.0,0.0,1001.4024437101361
2026-05-14T22:45:00Z,2026-05-14T23:00:00Z,2026-05-15,2026-05-15_4,0.0,0,0,100,64.34782608695645,64.34782608695645,0.0,0.0,0.0,True,True,True,False,0.0,1001.4024437101361,0.0,0.0,0.0,0.0,1001.4024437101361
2026-05-14T23:00:00Z,2026-05-14T23:15:00Z,2026-05-15,2026-05-15_5,0.0,0,0,100,64.34782608695645,64.34782608695645,0.0,0.0,0.0,True,True,True,False,0.0,1001.4024437101361,0.0,0.0,0.0,0.0,1001.4024437101361
2026-05-14T23:15:00Z,2026-05-14T23:30:00Z,2026-05-15,2026-05-15_6,0.0,0,0,100,64.34782608695645,64.34782608695645,0.0,0.0,0.0,True,True,True,False,0.0,1001.4024437101361,0.0,0.0,0.0,0.0,1001.4024437101361
2026-05-14T23:30:00Z,2026-05-14T23:45:00Z,2026-05-15,2026-05-15_7,0.0,0,0,100,64.34782608695645,64.34782608695645,0.0,0.0,0.0,True,True,True,False,0.0,1001.4024437101361,0.0,0.0,0.0,0.0,1001.4024437101361
2026-05-14T23:45:00Z,2026-05-15T00:00:00Z,2026-05-15,2026-05-15_8,0.0,0,0,100,64.34782608695645,64.34782608695645,0.0,0.0,0.0,True,True,True,False,0.0,1001.4024437101361,0.0,0.0,0.0,0.0,1001.4024437101361
2026-05-15T00:00:00Z,2026-05-15T00:15:00Z,2026-05-15,2026-05-15_9,0.0,0,0,100,64.34782608695645,64.34782608695645,0.0,0.0,0.0,True,True,True,False,0.0,1001.4024437101361,0.0,0.0,0.0,0.0,1001.4024437101361
2026-05-15T00:15:00Z,2026-05-15T00:30:00Z,2026-05-15,2026-05-15_10,0.0,0,0,100,64.34782608695645,64.34782608695645,0.0,0.0,0.0,True,True,True,False,0.0,1001.4024437101361,0.0,0.0,0.0,0.0,1001.4024437101361
2026-05-15T00:30:00Z,2026-05-15T00:45:00Z,2026-05-15,2026-05-15_11,0.0,0,0,100,64.34782608695645,64.34782608695645,0.0,0.0,0.0,True,True,True,False,0.0,1001.4024437101361,0.0,0.0,0.0,0.0,1001.4024437101361
2026-05-15T00:45:00Z,2026-05-15T01:00:00Z,2026-05-15,2026-05-15_12,0.0,0,0,100,64.34782608695645,64.34782608695645,0.0,0.0,0.0,True,True,True,False,0.0,1001.4024437101361,0.0,0.0,0.0,0.0,1001.4024437101361
2026-05-15T01:00:00Z,2026-05-15T01:15:00Z,2026-05-15,2026-05-15_13,0.0,0,0,100,64.34782608695645,64.34782608695645,0.0,0.0,0.0,True,True,True,False,0.0,1001.4024437101361,0.0,0.0,0.0,0.0,1001.4024437101361
2026-05-15T01:15:00Z,2026-05-15T01:30:00Z,2026-05-15,2026-05-15_14,0.0,0,0,100,64.34782608695645,64.34782608695645,0.0,0.0,0.0,True,True,True,False,0.0,1001.4024437101361,0.0,0.0,0.0,0.0,1001.4024437101361
2026-05-15T01:30:00Z,2026-05-15T01:45:00Z,2026-05-15,2026-05-15_15,0.0,0,0,100,64.34782608695645,64.34782608695645,0.0,0.0,0.0,True,True,True,False,0.0,1001.4024437101361,0.0,0.0,0.0,0.0,1001.4024437101361
2026-05-15T01:45:00Z,2026-05-15T02:00:00Z,2026-05-15,2026-05-15_16,0.0,0,0,100,64.34782608695645,64.34782608695645,0.0,0.0,0.0,True,True,True,False,0.0,1001.4024437101361,0.0,0.0,0.0,0.0,1001.4024437101361
2026-05-15T02:00:00Z,2026-05-15T02:15:00Z,2026-05-15,2026-05-15_17,0.0,100,100,0,64.34782608695645,67.45742608695645,0.008637777777777779,0.0,3.3800000000000003,True,True,True,False,0.0,0.0,109.3329747175901,84.92469069392146,0.0,-122.30909090909093,71.94857450242064
2026-05-15T02:15:00Z,2026-05-15T02:30:00Z,2026-05-15,2026-05-15_18,0.0,100,100,0,67.45742608695645,88.26046608695644,0.05778622222222222,0.0,22.612,True,True,True,False,0.0,0.0,109.3329747175901,84.92469069392146,0.0,985.4934457849843,1179.751111196496
2026-05-15T02:30:00Z,2026-05-15T02:45:00Z,2026-05-15,2026-05-15_19,0.0,100,100,0,88.26046608695644,110.13123180124215,0.06075212698412697,0.0,23.772571428571425,True,True,True,False,0.0,0.0,109.3329747175901,84.92469069392146,0.0,1248.2746528197076,1442.5323182312193
2026-05-15T02:45:00Z,2026-05-15T03:00:00Z,2026-05-15,2026-05-15_20,0.0,100,100,0,110.13123180124215,113.33455701863346,0.00898784265010352,0.014857142857142857,3.4994285714285716,True,True,True,False,0.0,0.0,109.3329747175901,84.92469069392146,2.5660054231482805,-125.65054198548705,71.1731288491728
2026-05-15T03:00:00Z,2026-05-15T03:15:00Z,2026-05-15,2026-05-15_21,0.0,0,0,100,113.33455701863346,113.33455701863346,0.0,0.0,0.0,True,True,True,False,0.0,1001.4024437101361,0.0,0.0,0.0,0.0,1001.4024437101361
2026-05-15T03:15:00Z,2026-05-15T03:30:00Z,2026-05-15,2026-05-15_22,0.0,0,0,100,113.33455701863346,113.33455701863346,0.0,0.0,0.0,True,True,True,False,0.0,1001.4024437101361,0.0,0.0,0.0,0.0,1001.4024437101361
2026-05-15T03:30:00Z,2026-05-15T03:45:00Z,2026-05-15,2026-05-15_23,0.0,0,0,100,113.33455701863346,113.33455701863346,0.0,0.0,0.0,True,True,True,False,0.0,1001.4024437101361,0.0,0.0,0.0,0.0,1001.4024437101361
2026-05-15T03:45:00Z,2026-05-15T04:00:00Z,2026-05-15,2026-05-15_24,0.0,0,0,100,113.33455701863346,113.33455701863346,0.0,0.0,0.0,True,True,True,False,0.0,1001.4024437101361,0.0,0.0,0.0,0.0,1001.4024437101361
2026-05-15T04:00:00Z,2026-05-15T04:15:00Z,2026-05-15,2026-05-15_25,0.0,0,100,0,113.33455701863346,118.09857987577632,0.013233396825396825,0.0,5.178285714285714,True,True,True,False,0.0,0.0,0.0,82.10059171597632,0.0,-62.71404200195409,19.38654971402223
2026-05-15T04:15:00Z,2026-05-15T04:30:00Z,2026-05-15,2026-05-15_26,100.0,0,100,0,118.09857987577632,96.50603329192539,0.05997929606625258,0.0,5.134857142857143,True,True,True,False,3598.5,0.0,0.0,82.10059171597632,0.0,-131.10399490619272,3549.4965968097836
2026-05-15T04:30:00Z,2026-05-15T04:45:00Z,2026-05-15,2026-05-15_27,100.0,0,100,0,96.50603329192539,79.1203190062111,0.04829365079365079,0.0,9.005142857142857,True,True,True,False,3579.75,0.0,0.0,82.10059171597632,0.0,23.81902844408339,3685.66962016006
2026-05-15T04:45:00Z,2026-05-15T05:00:00Z,2026-05-15,2026-05-15_28,100.0,0,100,0,79.1203190062111,67.66441838509309,0.031821946169772256,0.0,14.460571428571429,True,True,True,False,3573.7499999999995,0.0,0.0,82.10059171597632,0.0,242.03093895115876,3897.8815306671345
2026-05-15T05:00:00Z,2026-05-15T05:15:00Z,2026-05-15,2026-05-15_29,38.0,62,100,0,67.66441838509309,59.17424417391296,0.029948756935817805,0.12825142857142854,2.0085714285714285,True,True,True,False,1409.705,0.0,67.82217782217782,82.10059171597632,22.137070766596036,-68.82015841301556,1512.9446818917345
2026-05-15T05:15:00Z,2026-05-15T05:30:00Z,2026-05-15,2026-05-15_30,38.0,62,100,0,59.17424417391296,56.622418404968855,0.03213892427881297,0.0,7.905142857142857,True,True,True,False,1377.31,0.0,67.82217782217782,82.10059171597632,0.0,-14.254528328814041,1512.97824120934
2026-05-15T05:30:00Z,2026-05-15T05:45:00Z,2026-05-15,2026-05-15_31,37.39480685010173,62,100,0,56.622418404968855,52.62597465838501,0.031181480650936316,0.0,6.275428571428571,True,True,True,False,1320.691090928468,0.0,67.82217782217782,82.10059171597632,0.0,-14.918188185440933,1455.695672281181
2026-05-15T05:45:00Z,2026-05-15T06:00:00Z,2026-05-15,2026-05-15_32,0.0,62,100,0,52.62597465838501,64.34782608695645,0.03256069841269841,0.0,12.741142857142856,True,True,True,False,0.0,0.0,67.82217782217782,82.10059171597632,0.0,207.27733365535562,357.2001031935098
2026-05-15T06:00:00Z,2026-05-15T06:15:00Z,2026-05-15,2026-05-15_33,0.0,0,0,100,64.34782608695645,64.34782608695645,0.0,0.0,0.0,True,True,True,False,0.0,1001.4024437101361,0.0,0.0,0.0,0.0,1001.4024437101361
2026-05-15T06:15:00Z,2026-05-15T06:30:00Z,2026-05-15,2026-05-15_34,0.0,0,0,100,64.34782608695645,64.34782608695645,0.0,0.0,0.0,True,True,True,False,0.0,1001.4024437101361,0.0,0.0,0.0,0.0,1001.4024437101361
2026-05-15T06:30:00Z,2026-05-15T06:45:00Z,2026-05-15,2026-05-15_35,0.0,0,0,100,64.34782608695645,64.34782608695645,0.0,0.0,0.0,True,True,True,False,0.0,1001.4024437101361,0.0,0.0,0.0,0.0,1001.4024437101361
2026-05-15T06:45:00Z,2026-05-15T07:00:00Z,2026-05-15,2026-05-15_36,0.0,0,0,100,64.34782608695645,64.34782608695645,0.0,0.0,0.0,True,True,True,False,0.0,1001.4024437101361,0.0,0.0,0.0,0.0,1001.4024437101361
2026-05-15T07:00:00Z,2026-05-15T07:15:00Z,2026-05-15,2026-05-15_37,0.0,0,0,100,64.34782608695645,64.34782608695645,0.0,0.0,0.0,True,True,True,False,0.0,1001.4024437101361,0.0,0.0,0.0,0.0,1001.4024437101361
2026-05-15T07:15:00Z,2026-05-15T07:30:00Z,2026-05-15,2026-05-15_38,0.0,0,0,100,64.34782608695645,64.34782608695645,0.0,0.0,0.0,True,True,True,False,0.0,1001.4024437101361,0.0,0.0,0.0,0.0,1001.4024437101361
2026-05-15T07:30:00Z,2026-05-15T07:45:00Z,2026-05-15,2026-05-15_39,0.0,0,0,100,64.34782608695645,64.34782608695645,0.0,0.0,0.0,True,True,True,False,0.0,1001.4024437101361,0.0,0.0,0.0,0.0,1001.4024437101361
2026-05-15T07:45:00Z,2026-05-15T08:00:00Z,2026-05-15,2026-05-15_40,0.0,0,0,100,64.34782608695645,64.34782608695645,0.0,0.0,0.0,True,True,True,False,0.0,1001.4024437101361,0.0,0.0,0.0,0.0,1001.4024437101361
2026-05-15T08:00:00Z,2026-05-15T08:15:00Z,2026-05-15,2026-05-15_41,0.0,100,100,0,64.34782608695645,65.41966807453409,0.003094661145617668,0.01942857142857143,1.1880000000000002,True,True,True,False,0.0,0.0,110.8891108891109,85.50103742411436,1.8625330713242805,-35.05001690617076,163.20266447837878
2026-05-15T08:15:00Z,2026-05-15T08:30:00Z,2026-05-15,2026-05-15_42,0.0,100,100,0,65.41966807453409,68.8629286956521,0.010920720496894413,0.2245714285714286,4.008000000000001,True,True,True,False,0.0,0.0,110.8891108891109,85.50103742411436,21.528691089130653,13.063036963036966,230.98187636539288
2026-05-15T08:30:00Z,2026-05-15T08:45:00Z,2026-05-15,2026-05-15_43,0.0,100,100,0,68.8629286956521,76.0941286956521,0.020086666666666666,0.0,7.86,True,True,True,False,0.0,0.0,110.8891108891109,85.50103742411436,0.0,50.82000691616077,247.21015522938603
2026-05-15T08:45:00Z,2026-05-15T09:00:00Z,2026-05-15,2026-05-15_44,0.0,100,100,0,76.0941286956521,84.81635180124216,0.024262904071773637,0.005714285714285714,9.487428571428572,True,True,True,False,0.0,0.0,110.8891108891109,85.50103742411436,0.5478038445071413,2532.7654041562832,2729.7033563140158
2026-05-15T09:00:00Z,2026-05-15T09:15:00Z,2026-05-15,2026-05-15_45,0.0,100,100,0,84.81635180124216,96.01301465838502,0.031101841269841266,0.0,12.170285714285713,True,True,True,False,0.0,0.0,110.8891108891109,101.92691923461155,0.0,3163.0140490278955,3375.830079151618
2026-05-15T09:15:00Z,2026-05-15T09:30:00Z,2026-05-15,2026-05-15_46,0.0,100,100,0,96.01301465838502,98.30983254658378,0.007674045548654245,0.2142857142857143,2.749714285714286,True,True,True,False,0.0,0.0,110.8891108891109,101.92691923461155,20.542644169017798,-69.40741192873062,163.9512623640096
2026-05-15T09:30:00Z,2026-05-15T09:45:00Z,2026-05-15,2026-05-15_47,0.0,100,100,0,98.30983254658378,103.62322683229806,0.014759428571428571,0.0,5.775428571428571,True,True,True,False,0.0,0.0,110.8891108891109,101.92691923461155,0.0,-22.756866210712364,190.05916391301008
2026-05-15T09:45:00Z,2026-05-15T10:00:00Z,2026-05-15,2026-05-15_48,0.0,100,100,0,103.62322683229806,106.0867239751552,0.006843047619047619,0.0,2.6777142857142855,True,True,True,False,0.0,0.0,110.8891108891109,101.92691923461155,0.0,-69.72849897355391,143.08753115016853
2026-05-15T10:00:00Z,2026-05-15T10:15:00Z,2026-05-15,2026-05-15_49,0.0,0,0,100,106.0867239751552,106.0867239751552,0.0,0.0,0.0,True,True,True,False,0.0,1001.4024437101361,0.0,0.0,0.0,0.0,1001.4024437101361
2026-05-15T10:15:00Z,2026-05-15T10:30:00Z,2026-05-15,2026-05-15_50,0.0,0,0,100,106.0867239751552,106.0867239751552,0.0,0.0,0.0,True,True,True,False,0.0,1001.4024437101361,0.0,0.0,0.0,0.0,1001.4024437101361
2026-05-15T10:30:00Z,2026-05-15T10:45:00Z,2026-05-15,2026-05-15_51,0.0,0,0,100,106.0867239751552,106.0867239751552,0.0,0.0,0.0,True,True,True,False,0.0,1001.4024437101361,0.0,0.0,0.0,0.0,1001.4024437101361
2026-05-15T10:45:00Z,2026-05-15T11:00:00Z,2026-05-15,2026-05-15_52,0.0,0,0,100,106.0867239751552,106.0867239751552,0.0,0.0,0.0,True,True,True,False,0.0,1001.4024437101361,0.0,0.0,0.0,0.0,1001.4024437101361
2026-05-15T11:00:00Z,2026-05-15T11:15:00Z,2026-05-15,2026-05-15_53,0.0,100,100,0,106.0867239751552,116.59522683229805,0.029190285714285717,0.0,11.422285714285715,True,True,True,False,0.0,0.0,110.8891108891109,101.92691923461155,0.0,114.6661257423895,327.48215586611195
2026-05-15T11:15:00Z,2026-05-15T11:30:00Z,2026-05-15,2026-05-15_54,0.0,100,100,0,116.59522683229805,121.39079254658377,0.013321015873015875,0.0,5.212571428571429,True,True,True,False,0.0,0.0,110.8891108891109,101.92691923461155,0.0,-39.55593856692758,173.26009155679486
2026-05-15T11:30:00Z,2026-05-15T11:45:00Z,2026-05-15,2026-05-15_55,0.0,100,100,0,121.39079254658377,130.64020968944092,0.0256928253968254,0.0,10.053714285714287,True,True,True,False,0.0,0.0,110.8891108891109,101.92691923461155,0.0,134.66823967241552,347.48426979613794
2026-05-15T11:45:00Z,2026-05-15T12:00:00Z,2026-05-15,2026-05-15_56,0.0,100,100,0,130.64020968944092,143.26418683229807,0.03506660317460318,0.0,13.721714285714286,True,True,True,False,0.0,0.0,110.8891108891109,101.92691923461155,0.0,276.9808114961961,489.79684161991855
2026-05-15T12:00:00Z,2026-05-15T12:15:00Z,2026-05-15,2026-05-15_57,0.0,2,3,97,143.26418683229807,143.86769631801235,0.0016764152380952379,0.0,0.6559885714285714,True,True,True,False,0.0,971.360370398832,2.2177822177822177,3.057807577038346,0.0,30.303617138905047,1006.9395773325575
2026-05-15T12:15:00Z,2026-05-15T12:30:00Z,2026-05-15,2026-05-15_58,0.0,2,3,97,143.86769631801235,144.02944808944093,0.00044931047619047623,0.0,0.17581714285714287,True,True,True,False,0.0,971.360370398832,2.2177822177822177,3.057807577038346,0.0,-1.3059621170038755,975.3299980766486
2026-05-15T12:30:00Z,2026-05-15T12:45:00Z,2026-05-15,2026-05-15_59,0.0,2,3,97,144.02944808944093,144.0580938335403,0.00011704563146997931,0.006205714285714286,0.038468571428571435,True,True,True,False,0.0,971.360370398832,2.2177822177822177,3.057807577038346,0.5949149751347554,-0.8800280642434491,976.3508471045438
2026-05-15T12:45:00Z,2026-05-15T13:00:00Z,2026-05-15,2026-05-15_60,0.19865113364558765,2,3,97,144.0580938335403,143.99999999999991,0.00016709896196123248,0.0048114285714285715,0.0012000000000000001,True,True,True,False,3.1878540671775677,971.360370398832,2.2177822177822177,3.057807577038346,0.46125083707501296,-0.08576707907477141,980.1992980188303
2026-05-15T13:00:00Z,2026-05-15T13:15:00Z,2026-05-15,2026-05-15_61,0.0,0,0,100,143.99999999999991,143.99999999999991,0.0,0.0,0.0,True,True,True,False,0.0,1001.4024437101361,0.0,0.0,0.0,0.0,1001.4024437101361
2026-05-15T13:15:00Z,2026-05-15T13:30:00Z,2026-05-15,2026-05-15_62,0.0,0,0,100,143.99999999999991,143.99999999999991,0.0,0.0,0.0,True,True,True,False,0.0,1001.4024437101361,0.0,0.0,0.0,0.0,1001.4024437101361
2026-05-15T13:30:00Z,2026-05-15T13:45:00Z,2026-05-15,2026-05-15_63,0.0,0,0,100,143.99999999999991,143.99999999999991,0.0,0.0,0.0,True,True,True,False,0.0,1001.4024437101361,0.0,0.0,0.0,0.0,1001.4024437101361
2026-05-15T13:45:00Z,2026-05-15T14:00:00Z,2026-05-15,2026-05-15_64,0.0,0,0,100,143.99999999999991,143.99999999999991,0.0,0.0,0.0,True,True,True,False,0.0,1001.4024437101361,0.0,0.0,0.0,0.0,1001.4024437101361
2026-05-15T14:00:00Z,2026-05-15T14:15:00Z,2026-05-15,2026-05-15_65,0.0,0,0,100,143.99999999999991,143.99999999999991,0.0,0.0,0.0,True,True,True,False,0.0,1001.4024437101361,0.0,0.0,0.0,0.0,1001.4024437101361
2026-05-15T14:15:00Z,2026-05-15T14:30:00Z,2026-05-15,2026-05-15_66,0.0,0,0,100,143.99999999999991,143.99999999999991,0.0,0.0,0.0,True,True,True,False,0.0,1001.4024437101361,0.0,0.0,0.0,0.0,1001.4024437101361
2026-05-15T14:30:00Z,2026-05-15T14:45:00Z,2026-05-15,2026-05-15_67,0.0,0,0,100,143.99999999999991,143.99999999999991,0.0,0.0,0.0,True,True,True,False,0.0,1001.4024437101361,0.0,0.0,0.0,0.0,1001.4024437101361
2026-05-15T14:45:00Z,2026-05-15T15:00:00Z,2026-05-15,2026-05-15_68,0.0,0,0,100,143.99999999999991,143.99999999999991,0.0,0.0,0.0,True,True,True,False,0.0,1001.4024437101361,0.0,0.0,0.0,0.0,1001.4024437101361
2026-05-15T15:00:00Z,2026-05-15T15:15:00Z,2026-05-15,2026-05-15_69,0.0,0,0,100,143.99999999999991,143.99999999999991,0.0,0.0,0.0,True,True,True,False,0.0,1001.4024437101361,0.0,0.0,0.0,0.0,1001.4024437101361
2026-05-15T15:15:00Z,2026-05-15T15:30:00Z,2026-05-15,2026-05-15_70,0.0,0,0,100,143.99999999999991,143.99999999999991,0.0,0.0,0.0,True,True,True,False,0.0,1001.4024437101361,0.0,0.0,0.0,0.0,1001.4024437101361
2026-05-15T15:30:00Z,2026-05-15T15:45:00Z,2026-05-15,2026-05-15_71,0.0,0,0,100,143.99999999999991,143.99999999999991,0.0,0.0,0.0,True,True,True,False,0.0,1001.4024437101361,0.0,0.0,0.0,0.0,1001.4024437101361
2026-05-15T15:45:00Z,2026-05-15T16:00:00Z,2026-05-15,2026-05-15_72,0.0,0,0,100,143.99999999999991,143.99999999999991,0.0,0.0,0.0,True,True,True,False,0.0,1001.4024437101361,0.0,0.0,0.0,0.0,1001.4024437101361
2026-05-15T16:00:00Z,2026-05-15T16:15:00Z,2026-05-15,2026-05-15_73,0.0,100,100,0,143.99999999999991,141.4890544099378,0.009629706004140787,2.749714285714286,0.5194285714285715,True,True,True,False,0.0,0.0,109.27534004457083,84.86705602090218,606.0058187965881,-26.522570506416667,773.6256443556445
2026-05-15T16:15:00Z,2026-05-15T16:30:00Z,2026-05-15,2026-05-15_74,0.0,100,100,0,141.4890544099378,127.89029664596265,0.03777432712215321,12.510857142857143,0.0,True,True,True,False,0.0,0.0,109.27534004457083,84.86705602090218,2961.8298187526757,0.0,3155.9722148181486
2026-05-15T16:30:00Z,2026-05-15T16:45:00Z,2026-05-15,2026-05-15_75,0.0,100,100,0,127.89029664596265,106.96669416149061,0.05812111801242235,19.249714285714283,0.0,True,True,True,False,0.0,0.0,109.27534004457083,84.86705602090218,8776.471066406122,0.0,8970.613462471596
2026-05-15T16:45:00Z,2026-05-15T17:00:00Z,2026-05-15,2026-05-15_76,0.0,100,100,0,106.96669416149061,86.42445813664588,0.057061766735679774,18.898857142857143,0.0,True,True,True,False,0.0,0.0,109.27534004457083,84.86705602090218,5985.501007014964,0.0,6179.643403080437
2026-05-15T17:00:00Z,2026-05-15T17:15:00Z,2026-05-15,2026-05-15_77,0.0,0,0,100,86.42445813664588,86.42445813664588,0.0,0.0,0.0,True,True,True,False,0.0,1001.4024437101361,0.0,0.0,0.0,0.0,1001.4024437101361
2026-05-15T17:15:00Z,2026-05-15T17:30:00Z,2026-05-15,2026-05-15_78,0.0,0,0,100,86.42445813664588,86.42445813664588,0.0,0.0,0.0,True,True,True,False,0.0,1001.4024437101361,0.0,0.0,0.0,0.0,1001.4024437101361
2026-05-15T17:30:00Z,2026-05-15T17:45:00Z,2026-05-15,2026-05-15_79,0.0,0,0,100,86.42445813664588,86.42445813664588,0.0,0.0,0.0,True,True,True,False,0.0,1001.4024437101361,0.0,0.0,0.0,0.0,1001.4024437101361
2026-05-15T17:45:00Z,2026-05-15T18:00:00Z,2026-05-15,2026-05-15_80,0.0,0,0,100,86.42445813664588,86.42445813664588,0.0,0.0,0.0,True,True,True,False,0.0,1001.4024437101361,0.0,0.0,0.0,0.0,1001.4024437101361
2026-05-15T18:00:00Z,2026-05-15T18:15:00Z,2026-05-15,2026-05-15_81,20.999999999999986,0,21,79,86.42445813664588,80.72041465838502,0.01584456521739129,0.0,0.00228,True,True,True,False,873.7574999999995,791.1079305310075,0.0,18.003630984400218,0.0,-0.17520940597863674,1682.6938521094285
2026-05-15T18:15:00Z,2026-05-15T18:30:00Z,2026-05-15,2026-05-15_82,20.999999999999986,0,21,79,80.72041465838502,75.39750161490677,0.01478586956521738,0.0,0.35292,True,True,True,False,894.2324999999995,791.1079305310075,0.0,18.003630984400218,0.0,-17.48131032813341,1685.8627511872737
2026-05-15T18:30:00Z,2026-05-15T18:45:00Z,2026-05-15,2026-05-15_83,20.999999999999986,0,21,79,75.39750161490677,69.7564581366459,0.015669565217391292,0.0,0.06024,True,True,True,False,882.7349999999993,791.1079305310075,0.0,18.003630984400218,0.0,-3.3533700299700304,1688.493191485437
2026-05-15T18:45:00Z,2026-05-15T19:00:00Z,2026-05-15,2026-05-15_84,20.04055919495091,0,21,79,69.7564581366459,64.34782608695647,0.01503202016184098,0.0,0.03444,True,True,True,False,820.1097836553786,791.1079305310075,0.0,18.003630984400218,0.0,-2.121415868746638,1627.0999293020395
2026-05-15T19:00:00Z,2026-05-15T19:15:00Z,2026-05-15,2026-05-15_85,0.0,0,0,100,64.34782608695647,64.34782608695647,0.0,0.0,0.0,True,True,True,False,0.0,1001.4024437101361,0.0,0.0,0.0,0.0,1001.4024437101361
2026-05-15T19:15:00Z,2026-05-15T19:30:00Z,2026-05-15,2026-05-15_86,0.0,0,0,100,64.34782608695647,64.34782608695647,0.0,0.0,0.0,True,True,True,False,0.0,1001.4024437101361,0.0,0.0,0.0,0.0,1001.4024437101361
2026-05-15T19:30:00Z,2026-05-15T19:45:00Z,2026-05-15,2026-05-15_87,0.0,0,0,100,64.34782608695647,64.34782608695647,0.0,0.0,0.0,True,True,True,False,0.0,1001.4024437101361,0.0,0.0,0.0,0.0,1001.4024437101361
2026-05-15T19:45:00Z,2026-05-15T20:00:00Z,2026-05-15,2026-05-15_88,0.0,0,0,100,64.34782608695647,64.34782608695647,0.0,0.0,0.0,True,True,True,False,0.0,1001.4024437101361,0.0,0.0,0.0,0.0,1001.4024437101361
2026-05-15T20:00:00Z,2026-05-15T20:15:00Z,2026-05-15,2026-05-15_89,0.0,0,0,100,64.34782608695647,64.34782608695647,0.0,0.0,0.0,True,True,True,False,0.0,1001.4024437101361,0.0,0.0,0.0,0.0,1001.4024437101361
2026-05-15T20:15:00Z,2026-05-15T20:30:00Z,2026-05-15,2026-05-15_90,0.0,0,0,100,64.34782608695647,64.34782608695647,0.0,0.0,0.0,True,True,True,False,0.0,1001.4024437101361,0.0,0.0,0.0,0.0,1001.4024437101361
2026-05-15T20:30:00Z,2026-05-15T20:45:00Z,2026-05-15,2026-05-15_91,0.0,0,0,100,64.34782608695647,64.34782608695647,0.0,0.0,0.0,True,True,True,False,0.0,1001.4024437101361,0.0,0.0,0.0,0.0,1001.4024437101361
2026-05-15T20:45:00Z,2026-05-15T21:00:00Z,2026-05-15,2026-05-15_92,0.0,0,0,100,64.34782608695647,64.34782608695647,0.0,0.0,0.0,True,True,True,False,0.0,1001.4024437101361,0.0,0.0,0.0,0.0,1001.4024437101361
2026-05-15T21:00:00Z,2026-05-15T21:15:00Z,2026-05-16,2026-05-15_93,0.0,0,0,100,64.34782608695647,64.34782608695647,0.0,0.0,0.0,True,True,True,False,0.0,1000.7103363538627,0.0,0.0,0.0,0.0,1000.7103363538627
2026-05-15T21:15:00Z,2026-05-15T21:30:00Z,2026-05-16,2026-05-15_94,0.0,0,0,100,64.34782608695647,64.34782608695647,0.0,0.0,0.0,True,True,True,False,0.0,1000.7103363538627,0.0,0.0,0.0,0.0,1000.7103363538627
2026-05-15T21:30:00Z,2026-05-15T21:45:00Z,2026-05-16,2026-05-15_95,0.0,0,0,100,64.34782608695647,64.34782608695647,0.0,0.0,0.0,True,True,True,False,0.0,1000.7103363538627,0.0,0.0,0.0,0.0,1000.7103363538627
2026-05-15T21:45:00Z,2026-05-15T22:00:00Z,2026-05-16,2026-05-15_96,0.0,0,0,100,64.34782608695647,64.34782608695647,0.0,0.0,0.0,True,True,True,False,0.0,1000.7103363538627,0.0,0.0,0.0,0.0,1000.7103363538627
2026-05-15T22:00:00Z,2026-05-15T22:15:00Z,2026-05-16,2026-05-16_1,0.0,0,0,100,64.34782608695647,64.34782608695647,0.0,0.0,0.0,True,True,True,False,0.0,1000.7103363538627,0.0,0.0,0.0,0.0,1000.7103363538627
2026-05-15T22:15:00Z,2026-05-15T22:30:00Z,2026-05-16,2026-05-16_2,0.0,0,0,100,64.34782608695647,64.34782608695647,0.0,0.0,0.0,True,True,True,False,0.0,1000.7103363538627,0.0,0.0,0.0,0.0,1000.7103363538627
2026-05-15T22:30:00Z,2026-05-15T22:45:00Z,2026-05-16,2026-05-16_3,0.0,0,0,100,64.34782608695647,64.34782608695647,0.0,0.0,0.0,True,True,True,False,0.0,1000.7103363538627,0.0,0.0,0.0,0.0,1000.7103363538627
2026-05-15T22:45:00Z,2026-05-15T23:00:00Z,2026-05-16,2026-05-16_4,0.0,0,0,100,64.34782608695647,64.34782608695647,0.0,0.0,0.0,True,True,True,False,0.0,1000.7103363538627,0.0,0.0,0.0,0.0,1000.7103363538627
2026-05-15T23:00:00Z,2026-05-15T23:15:00Z,2026-05-16,2026-05-16_5,-1.1995006658179094e-13,100,0,0,64.34782608695647,53.776397515527925,0.02936507936507938,9.725714285714286,0.0,True,True,True,False,-3.908273044401204e-12,0.0,109.34380279526954,0.0,1919.1966649845317,0.0,2028.5404677797974
2026-05-15T23:15:00Z,2026-05-15T23:30:00Z,2026-05-16,2026-05-16_6,-4.8270566288050286e-15,100,0,0,53.776397515527925,48.69751552795029,0.014108005521048997,4.672571428571428,0.0,True,True,True,False,-1.5451408268804895e-13,0.0,109.34380279526954,0.0,821.6272995151061,0.0,930.9711023103755
2026-05-15T23:30:00Z,2026-05-15T23:45:00Z,2026-05-16,2026-05-16_7,-100.0,100,0,0,48.69751552795029,56.30985838509314,0.021145396825396824,16.725714285714286,0.0,True,True,True,False,-3080.0,0.0,109.34380279526954,0.0,4163.841653684973,0.0,1193.1854564802422
2026-05-15T23:45:00Z,2026-05-16T00:00:00Z,2026-05-16,2026-05-16_8,-100.0,100,0,0,56.30985838509314,68.62261267080743,0.03420209523809524,11.61657142857143,0.0,True,True,True,False,-3060.0,0.0,109.34380279526954,0.0,2343.290024902912,0.0,-607.3661723018183
2026-05-16T00:00:00Z,2026-05-16T00:15:00Z,2026-05-16,2026-05-16_9,-58.0,100,42,0,68.62261267080743,69.15100315031053,0.0342851426363009,12.939428571428572,0.0,True,True,True,False,-1787.9950000000001,0.0,109.34380279526954,42.75552910459223,2664.156501305483,0.0,1028.2608332053444
2026-05-16T00:15:00Z,2026-05-16T00:30:00Z,2026-05-16,2026-05-16_10,1.2550347234893074e-14,100,42,0,69.15100315031053,66.66218327453413,0.0069133885438233365,2.2897142857142856,0.0,True,True,True,False,3.8862150212846403e-13,0.0,109.34380279526954,42.75552910459223,394.8530698597977,0.0,546.9524017596599
2026-05-16T00:30:00Z,2026-05-16T00:45:00Z,2026-05-16,2026-05-16_11,-58.0,100,42,0,66.66218327453413,63.10391699875773,0.03340143425810904,17.066857142857145,0.0,True,True,True,False,-1845.27,0.0,109.34380279526954,42.75552910459223,4414.263569783006,0.0,2721.0929016828673
2026-05-16T00:45:00Z,2026-05-16T01:00:00Z,2026-05-16,2026-05-16_12,-56.533663891914955,100,42,0,63.10391699875773,64.34782608695646,0.03455068191141532,11.846857142857143,0.0,True,True,True,False,-1819.2533040418232,0.0,109.34380279526954,42.75552910459223,2686.908502972991,0.0,1019.7545308310295
2026-05-16T01:00:00Z,2026-05-16T01:15:00Z,2026-05-16,2026-05-16_13,0.0,0,0,100,64.34782608695646,64.34782608695646,0.0,0.0,0.0,True,True,True,False,0.0,1000.7103363538627,0.0,0.0,0.0,0.0,1000.7103363538627
2026-05-16T01:15:00Z,2026-05-16T01:30:00Z,2026-05-16,2026-05-16_14,0.0,0,0,100,64.34782608695646,64.34782608695646,0.0,0.0,0.0,True,True,True,False,0.0,1000.7103363538627,0.0,0.0,0.0,0.0,1000.7103363538627
2026-05-16T01:30:00Z,2026-05-16T01:45:00Z,2026-05-16,2026-05-16_15,0.0,0,0,100,64.34782608695646,64.34782608695646,0.0,0.0,0.0,True,True,True,False,0.0,1000.7103363538627,0.0,0.0,0.0,0.0,1000.7103363538627
2026-05-16T01:45:00Z,2026-05-16T02:00:00Z,2026-05-16,2026-05-16_16,0.0,0,0,100,64.34782608695646,64.34782608695646,0.0,0.0,0.0,True,True,True,False,0.0,1000.7103363538627,0.0,0.0,0.0,0.0,1000.7103363538627
2026-05-16T02:00:00Z,2026-05-16T02:15:00Z,2026-05-16,2026-05-16_17,0.0,0,0,100,64.34782608695646,64.34782608695646,0.0,0.0,0.0,True,True,True,False,0.0,1000.7103363538627,0.0,0.0,0.0,0.0,1000.7103363538627
2026-05-16T02:15:00Z,2026-05-16T02:30:00Z,2026-05-16,2026-05-16_18,0.0,0,0,100,64.34782608695646,64.34782608695646,0.0,0.0,0.0,True,True,True,False,0.0,1000.7103363538627,0.0,0.0,0.0,0.0,1000.7103363538627
2026-05-16T02:30:00Z,2026-05-16T02:45:00Z,2026-05-16,2026-05-16_19,0.0,0,0,100,64.34782608695646,64.34782608695646,0.0,0.0,0.0,True,True,True,False,0.0,1000.7103363538627,0.0,0.0,0.0,0.0,1000.7103363538627
2026-05-16T02:45:00Z,2026-05-16T03:00:00Z,2026-05-16,2026-05-16_20,0.0,0,0,100,64.34782608695646,64.34782608695646,0.0,0.0,0.0,True,True,True,False,0.0,1000.7103363538627,0.0,0.0,0.0,0.0,1000.7103363538627
2026-05-16T03:00:00Z,2026-05-16T03:15:00Z,2026-05-16,2026-05-16_21,63.0,37,100,0,64.34782608695646,61.28732225590055,0.0344355569910283,0.0,13.713714285714286,True,True,True,False,1888.4250000000002,0.0,40.31869144524651,78.18499462448163,0.0,211.45047787261115,2218.3791639423393
2026-05-16T03:15:00Z,2026-05-16T03:30:00Z,2026-05-16,2026-05-16_22,63.0,37,100,0,61.28732225590055,62.12016906335396,0.030802593788819877,0.0,17.51142857142857,True,True,True,False,1807.785,0.0,40.31869144524651,78.18499462448163,0.0,502.43491783136227,2428.7236039010904
2026-05-16T03:30:00Z,2026-05-16T03:45:00Z,2026-05-16,2026-05-16_23,62.03256337793717,37,100,0,62.12016906335396,61.373860372670656,0.03261635170817268,0.0,15.73942857142857,True,True,True,False,1720.0079010617528,0.0,40.31869144524651,78.18499462448163,0.0,350.6652100840336,2189.1767972155144
2026-05-16T03:45:00Z,2026-05-16T04:00:00Z,2026-05-16,2026-05-16_24,-1.8614958028851372e-13,37,100,0,61.373860372670656,64.34782608695642,0.008261015873015993,0.0,3.232571428571428,True,True,True,False,-5.086071907432916e-12,0.0,40.31869144524651,78.18499462448163,0.0,-70.22502018561993,48.27866588410313
2026-05-16T04:00:00Z,2026-05-16T04:15:00Z,2026-05-16,2026-05-16_25,0.0,0,0,100,64.34782608695642,64.34782608695642,0.0,0.0,0.0,True,True,True,False,0.0,1000.7103363538627,0.0,0.0,0.0,0.0,1000.7103363538627
2026-05-16T04:15:00Z,2026-05-16T04:30:00Z,2026-05-16,2026-05-16_26,0.0,0,0,100,64.34782608695642,64.34782608695642,0.0,0.0,0.0,True,True,True,False,0.0,1000.7103363538627,0.0,0.0,0.0,0.0,1000.7103363538627
2026-05-16T04:30:00Z,2026-05-16T04:45:00Z,2026-05-16,2026-05-16_27,0.0,0,0,100,64.34782608695642,64.34782608695642,0.0,0.0,0.0,True,True,True,False,0.0,1000.7103363538627,0.0,0.0,0.0,0.0,1000.7103363538627
2026-05-16T04:45:00Z,2026-05-16T05:00:00Z,2026-05-16,2026-05-16_28,0.0,0,0,100,64.34782608695642,64.34782608695642,0.0,0.0,0.0,True,True,True,False,0.0,1000.7103363538627,0.0,0.0,0.0,0.0,1000.7103363538627
2026-05-16T05:00:00Z,2026-05-16T05:15:00Z,2026-05-16,2026-05-16_29,0.0,0,0,100,64.34782608695642,64.34782608695642,0.0,0.0,0.0,True,True,True,False,0.0,1000.7103363538627,0.0,0.0,0.0,0.0,1000.7103363538627
2026-05-16T05:15:00Z,2026-05-16T05:30:00Z,2026-05-16,2026-05-16_30,0.0,0,0,100,64.34782608695642,64.34782608695642,0.0,0.0,0.0,True,True,True,False,0.0,1000.7103363538627,0.0,0.0,0.0,0.0,1000.7103363538627
2026-05-16T05:30:00Z,2026-05-16T05:45:00Z,2026-05-16,2026-05-16_31,0.0,0,0,100,64.34782608695642,64.34782608695642,0.0,0.0,0.0,True,True,True,False,0.0,1000.7103363538627,0.0,0.0,0.0,0.0,1000.7103363538627
2026-05-16T05:45:00Z,2026-05-16T06:00:00Z,2026-05-16,2026-05-16_32,0.0,0,0,100,64.34782608695642,64.34782608695642,0.0,0.0,0.0,True,True,True,False,0.0,1000.7103363538627,0.0,0.0,0.0,0.0,1000.7103363538627
2026-05-16T06:00:00Z,2026-05-16T06:15:00Z,2026-05-16,2026-05-16_33,0.0,0,0,100,64.34782608695642,64.34782608695642,0.0,0.0,0.0,True,True,True,False,0.0,1000.7103363538627,0.0,0.0,0.0,0.0,1000.7103363538627
2026-05-16T06:15:00Z,2026-05-16T06:30:00Z,2026-05-16,2026-05-16_34,0.0,0,0,100,64.34782608695642,64.34782608695642,0.0,0.0,0.0,True,True,True,False,0.0,1000.7103363538627,0.0,0.0,0.0,0.0,1000.7103363538627
2026-05-16T06:30:00Z,2026-05-16T06:45:00Z,2026-05-16,2026-05-16_35,0.0,0,0,100,64.34782608695642,64.34782608695642,0.0,0.0,0.0,True,True,True,False,0.0,1000.7103363538627,0.0,0.0,0.0,0.0,1000.7103363538627
2026-05-16T06:45:00Z,2026-05-16T07:00:00Z,2026-05-16,2026-05-16_36,0.0,0,0,100,64.34782608695642,64.34782608695642,0.0,0.0,0.0,True,True,True,False,0.0,1000.7103363538627,0.0,0.0,0.0,0.0,1000.7103363538627
2026-05-16T07:00:00Z,2026-05-16T07:15:00Z,2026-05-16,2026-05-16_37,0.0,0,0,100,64.34782608695642,64.34782608695642,0.0,0.0,0.0,True,True,True,False,0.0,1000.7103363538627,0.0,0.0,0.0,0.0,1000.7103363538627
2026-05-16T07:15:00Z,2026-05-16T07:30:00Z,2026-05-16,2026-05-16_38,0.0,0,0,100,64.34782608695642,64.34782608695642,0.0,0.0,0.0,True,True,True,False,0.0,1000.7103363538627,0.0,0.0,0.0,0.0,1000.7103363538627
2026-05-16T07:30:00Z,2026-05-16T07:45:00Z,2026-05-16,2026-05-16_39,0.0,0,0,100,64.34782608695642,64.34782608695642,0.0,0.0,0.0,True,True,True,False,0.0,1000.7103363538627,0.0,0.0,0.0,0.0,1000.7103363538627
2026-05-16T07:45:00Z,2026-05-16T08:00:00Z,2026-05-16,2026-05-16_40,0.0,0,0,100,64.34782608695642,64.34782608695642,0.0,0.0,0.0,True,True,True,False,0.0,1000.7103363538627,0.0,0.0,0.0,0.0,1000.7103363538627
2026-05-16T08:00:00Z,2026-05-16T08:15:00Z,2026-05-16,2026-05-16_41,-0.4451884922082276,27,0,73,64.34782608695642,62.99005731180113,0.004226934549741663,1.3467599999999997,0.0,True,True,True,False,-1.5670634925729612,730.5185455383197,29.530602058055592,0.0,206.5844723775149,0.0,965.0665564813172
2026-05-16T08:15:00Z,2026-05-16T08:30:00Z,2026-05-16,2026-05-16_42,-27.0,27,0,73,62.99005731180113,69.11900794037255,0.01702486285714286,0.08809714285714285,0.0,True,True,True,False,-51.705,730.5185455383197,29.530602058055592,0.0,8.296062345042454,0.0,716.6402099414178
2026-05-16T08:30:00Z,2026-05-16T08:45:00Z,2026-05-16,2026-05-16_43,-27.0,27,0,73,69.11900794037255,75.31992359751541,0.017224765714285717,0.009874285714285714,0.0,True,True,True,False,-33.682500000000005,730.5185455383197,29.530602058055592,0.0,0.9298563749259494,0.0,727.2965039713013
2026-05-16T08:45:00Z,2026-05-16T09:00:00Z,2026-05-16,2026-05-16_44,-27.0,27,0,73,75.31992359751541,81.50792245465827,0.017188885714285715,0.023914285714285714,0.0,True,True,True,False,-29.632499999999997,730.5185455383197,29.530602058055592,0.0,2.2519959080237837,0.0,732.668643504399
2026-05-16T09:00:00Z,2026-05-16T09:15:00Z,2026-05-16,2026-05-16_45,0.0,27,27,73,81.50792245465827,81.83319296397504,0.000941727950310559,0.006325714285714286,0.3610285714285714,True,True,True,False,0.0,730.5185455383197,29.872715404699736,27.30686530486868,0.6059997367093052,-11.414111525550169,776.8900144590473
2026-05-16T09:15:00Z,2026-05-16T09:30:00Z,2026-05-16,2026-05-16_46,0.0,27,27,73,81.83319296397504,81.8133574559005,0.00014893863354037266,0.03378857142857143,0.018359999999999998,True,True,True,False,0.0,730.5185455383197,29.872715404699736,27.30686530486868,3.2369254229106788,-1.3304796344647518,789.604572036334
2026-05-16T09:30:00Z,2026-05-16T09:45:00Z,2026-05-16,2026-05-16_47,0.0,27,27,73,81.8133574559005,79.96004633043466,0.005164646459627329,1.7077885714285714,0.0032400000000000003,True,True,True,False,0.0,730.5185455383197,29.872715404699736,27.30686530486868,215.53027502797465,-0.21791562739978498,1003.010485648463
2026-05-16T09:45:00Z,2026-05-16T10:00:00Z,2026-05-16,2026-05-16_48,0.0,27,27,73,79.96004633043466,79.28481664596261,0.0019237408695652177,0.629177142857143,0.00941142857142857,True,True,True,False,0.0,730.5185455383197,29.872715404699736,27.30686530486868,60.843729578515486,-0.72273295741273,847.8191228689909
2026-05-16T10:00:00Z,2026-05-16T10:15:00Z,2026-05-16,2026-05-16_49,-100.0,100,0,0,79.28481664596261,89.70973093167689,0.028958095238095238,13.668571428571429,0.0,True,True,True,False,-210.75,0.0,110.63968668407311,0.0,2216.096654014086,0.0,2115.9863406981594
2026-05-16T10:15:00Z,2026-05-16T10:30:00Z,2026-05-16,2026-05-16_50,-100.0,100,0,0,89.70973093167689,95.7822566459626,0.01686812698412699,18.39942857142857,0.0,True,True,True,False,-211.0,0.0,110.63968668407311,0.0,3577.097169515325,0.0,3476.736856199398
2026-05-16T10:30:00Z,2026-05-16T10:45:00Z,2026-05-16,2026-05-16_51,-100.0,100,0,0,95.7822566459626,104.05647378881974,0.02298393650793651,16.006285714285713,0.0,True,True,True,False,-152.0,0.0,110.63968668407311,0.0,4852.149655198894,0.0,4810.789341882967
2026-05-16T10:45:00Z,2026-05-16T11:00:00Z,2026-05-16,2026-05-16_52,-100.0,100,0,0,104.05647378881974,125.26536521739118,0.05891358730158731,1.9468571428571428,0.0,True,True,True,False,-127.75000000000001,0.0,110.63968668407311,0.0,193.487056080918,0.0,176.3767427649911
2026-05-16T11:00:00Z,2026-05-16T11:15:00Z,2026-05-16,2026-05-16_53,-19.0,100,81,0,125.26536521739118,123.74520953043465,0.02313510928916494,5.5931428571428565,0.012960000000000001,True,True,True,False,-38.0,0.0,110.63968668407311,81.92059591460604,679.2713509006735,-0.9952388266011366,832.8363946727516
2026-05-16T11:15:00Z,2026-05-16T11:30:00Z,2026-05-16,2026-05-16_54,-19.0,100,81,0,123.74520953043465,109.25484751304334,0.047171975762594895,17.873142857142856,0.0,True,True,True,False,-36.4325,0.0,110.63968668407311,81.92059591460604,3991.758929942734,0.0,4147.8867125414135
2026-05-16T11:30:00Z,2026-05-16T11:45:00Z,2026-05-16,2026-05-16_55,-19.0,100,81,0,109.25484751304334,111.59126618633526,0.016174834478951,1.9799999999999998,0.06063428571428572,True,True,True,False,-35.245,0.0,110.63968668407311,81.92059591460604,241.62097220089075,-4.007522584856397,394.9287322147135
2026-05-16T11:45:00Z,2026-05-16T12:00:00Z,2026-05-16,2026-05-16_56,-19.0,100,81,0,111.59126618633526,116.38989294906818,0.01364815232574189,0.06514285714285714,0.5406171428571428,True,True,True,False,-30.732499999999998,0.0,110.63968668407311,81.92059591460604,6.108831208723697,-28.12977710687408,139.80683670052878
2026-05-16T12:00:00Z,2026-05-16T12:15:00Z,2026-05-16,2026-05-16_57,0.0,27,27,73,116.38989294906818,116.247191542857,0.0011352842236024845,0.2536457142857143,0.1445657142857143,True,True,True,False,0.0,730.5185455383197,29.72498464137613,27.30686530486868,23.472746824055992,-7.147243653597209,803.8758986550233
2026-05-16T12:15:00Z,2026-05-16T12:30:00Z,2026-05-16,2026-05-16_58,0.0,27,27,73,116.247191542857,116.43972401490669,0.0006559304347826086,0.020057142857142857,0.23297142857142855,True,True,True,False,0.0,730.5185455383197,29.72498464137613,27.30686530486868,1.8561174495908022,-3.030936459178972,786.3755764749764
2026-05-16T12:30:00Z,2026-05-16T12:45:00Z,2026-05-16,2026-05-16_59,0.0,27,27,73,116.43972401490669,117.67718184347811,0.0034373828571428572,0.0,1.3450628571428571,True,True,True,False,0.0,730.5185455383197,29.72498464137613,27.30686530486868,0.0,-38.42162445312328,749.1287710314413
2026-05-16T12:45:00Z,2026-05-16T13:00:00Z,2026-05-16,2026-05-16_60,1.4635432999869813e-14,27,27,73,117.67718184347811,120.0340788571427,0.0065543895652173945,0.0012342857142857142,2.5633028571428573,True,True,True,False,1.902606289983076e-14,730.5185455383197,29.72498464137613,27.30686530486868,0.1142226122825109,29.627485892006934,817.292103988854
2026-05-16T13:00:00Z,2026-05-16T13:15:00Z,2026-05-16,2026-05-16_61,-27.0,27,0,73,120.0340788571427,126.02960319999984,0.016654234285714286,0.23312571428571427,0.0,True,True,True,False,-56.902499999999996,730.5185455383197,29.70943403471049,0.0,21.983627749742194,0.0,725.3091073227724
2026-05-16T13:15:00Z,2026-05-16T13:30:00Z,2026-05-16,2026-05-16_62,-27.0,27,0,73,126.02960319999984,130.55871588571412,0.012580868571428571,1.8270514285714285,0.0,True,True,True,False,-40.8375,730.5185455383197,29.70943403471049,0.0,249.91613817934484,0.0,969.306617752375
2026-05-16T13:30:00Z,2026-05-16T13:45:00Z,2026-05-16,2026-05-16_63,-27.0,27,0,73,130.55871588571412,136.70810628571414,0.017081640000000002,0.06588,0.0,True,True,True,False,-34.4925,730.5185455383197,29.70943403471049,0.0,6.147729150668099,0.0,731.8832087236983
2026-05-16T13:45:00Z,2026-05-16T14:00:00Z,2026-05-16,2026-05-16_64,-27.0,27,0,73,136.70810628571414,142.83081142857128,0.017007514285714287,0.09488571428571428,0.0,True,True,True,False,-54.809999999999995,730.5185455383197,29.70943403471049,0.0,8.854457676020798,0.0,714.272437249051
2026-05-16T14:00:00Z,2026-05-16T14:15:00Z,2026-05-16,2026-05-16_65,-100.0,100,0,0,142.83081142857128,162.6781028571427,0.05513136507936508,3.4268571428571426,0.0,True,True,True,False,-80.5,0.0,110.00614344954693,0.0,513.7640965838032,0.0,543.2702400333501
2026-05-16T14:15:00Z,2026-05-16T14:30:00Z,2026-05-16,2026-05-16_66,-100.00000000000007,100,0,0,162.6781028571427,181.21689142857127,0.05149663492063496,4.849142857142858,0.0,True,True,True,False,-127.25000000000009,0.0,110.00614344954693,0.0,709.8695306843364,0.0,692.6256741338832
2026-05-16T14:30:00Z,2026-05-16T14:45:00Z,2026-05-16,2026-05-16_67,-100.0,100,0,0,181.21689142857127,189.99999999999983,0.024397523809523806,15.453142857142858,0.0,True,True,True,False,-246.0,0.0,110.00614344954693,0.0,11754.134304473748,0.0,11618.140447923295
2026-05-16T14:45:00Z,2026-05-16T15:00:00Z,2026-05-16,2026-05-16_68,0.0,100,0,0,189.99999999999983,166.72732919254642,0.06464630779848171,21.410857142857143,0.0,True,True,True,False,0.0,0.0,110.00614344954693,0.0,9737.829483730828,0.0,9847.835627180375
2026-05-16T15:00:00Z,2026-05-16T15:15:00Z,2026-05-16,2026-05-16_69,-100.00000000000001,100,0,0,166.72732919254642,187.11190062111785,0.056623809523809535,2.842857142857143,0.0,True,True,True,False,-172.00000000000003,0.0,109.34380279526954,0.0,414.58024058187243,0.0,351.92404337714197
2026-05-16T15:15:00Z,2026-05-16T15:30:00Z,2026-05-16,2026-05-16_70,-0.947671997577946,100,0,0,187.11190062111785,183.16326821366442,0.011993396505185307,3.838857142857143,0.0,True,True,True,False,-11.29861939112306,0.0,109.34380279526954,0.0,558.6352258814753,0.0,656.6804092856217
2026-05-16T15:30:00Z,2026-05-16T15:45:00Z,2026-05-16,2026-05-16_71,0.0,100,0,0,183.16326821366442,167.63097007701845,0.04314527260179434,14.289714285714286,0.0,True,True,True,False,0.0,0.0,109.34380279526954,0.0,2843.2520607982096,0.0,2952.5958635934794
2026-05-16T15:45:00Z,2026-05-16T16:00:00Z,2026-05-16,2026-05-16_72,0.0,100,0,0,167.63097007701845,160.99432411428552,0.018435127674258107,6.105714285714286,0.0,True,True,True,False,0.0,0.0,109.34380279526954,0.0,922.1131321719289,0.0,1031.4569349671983
2026-05-16T16:00:00Z,2026-05-16T16:15:00Z,2026-05-16,2026-05-16_73,0.0,16,37,63,160.99432411428552,160.88613664596255,0.0004431645548654244,0.12315428571428572,0.02790857142857143,True,True,True,False,0.0,630.4475119029335,17.610198126247887,29.418580095223465,21.187890032253108,-1.7941040788116813,696.8700760778462
2026-05-16T16:15:00Z,2026-05-16T16:30:00Z,2026-05-16,2026-05-16_74,19.846535721133154,16,37,63,160.88613664596255,155.5384828223601,0.014980342461475928,0.007497142857142858,0.05306857142857143,True,True,True,False,580.2630881466306,630.4475119029335,17.610198126247887,29.418580095223465,1.1514579722228317,-3.5070309596945832,1255.3838052835636
2026-05-16T16:30:00Z,2026-05-16T16:45:00Z,2026-05-16,2026-05-16_75,21.0,16,37,63,155.5384828223601,150.32330266832284,0.015572153126293996,0.006491428571428571,0.49114857142857143,True,True,True,False,614.9325,630.4475119029335,17.610198126247887,29.418580095223465,1.0478968778111766,-24.921678865436512,1268.5350081367794
2026-05-16T16:45:00Z,2026-05-16T17:00:00Z,2026-05-16,2026-05-16_76,21.0,16,37,63,150.32330266832284,143.74794484472037,0.018274696176673565,0.8034742857142857,0.00444,True,True,True,False,630.3675,630.4475119029335,17.610198126247887,29.418580095223465,188.6185502336705,-0.3409614498540931,1496.1213789082212
2026-05-16T17:00:00Z,2026-05-16T17:15:00Z,2026-05-16,2026-05-16_77,0.0,0,0,100,143.74794484472037,143.74794484472037,0.0,0.0,0.0,True,True,True,False,0.0,1000.7103363538627,0.0,0.0,0.0,0.0,1000.7103363538627
2026-05-16T17:15:00Z,2026-05-16T17:30:00Z,2026-05-16,2026-05-16_78,0.0,0,0,100,143.74794484472037,143.74794484472037,0.0,0.0,0.0,True,True,True,False,0.0,1000.7103363538627,0.0,0.0,0.0,0.0,1000.7103363538627
2026-05-16T17:30:00Z,2026-05-16T17:45:00Z,2026-05-16,2026-05-16_79,0.0,0,0,100,143.74794484472037,143.74794484472037,0.0,0.0,0.0,True,True,True,False,0.0,1000.7103363538627,0.0,0.0,0.0,0.0,1000.7103363538627
2026-05-16T17:45:00Z,2026-05-16T18:00:00Z,2026-05-16,2026-05-16_80,0.0,0,0,100,143.74794484472037,143.74794484472037,0.0,0.0,0.0,True,True,True,False,0.0,1000.7103363538627,0.0,0.0,0.0,0.0,1000.7103363538627
2026-05-16T18:00:00Z,2026-05-16T18:15:00Z,2026-05-16,2026-05-16_81,0.0,100,100,0,143.74794484472037,133.54483925465826,0.02834195997239475,9.386857142857142,0.0,True,True,True,False,0.0,0.0,110.09253570880048,79.65366303179235,2079.010087324747,0.0,2268.7562860653397
2026-05-16T18:15:00Z,2026-05-16T18:30:00Z,2026-05-16,2026-05-16_82,0.0,100,100,0,133.54483925465826,122.34980819875764,0.03109730848861284,10.299428571428573,0.0,True,True,True,False,0.0,0.0,110.09253570880048,79.65366303179235,2349.4039010904626,0.0,2539.1500998310553
2026-05-16T18:30:00Z,2026-05-16T18:45:00Z,2026-05-16,2026-05-16_83,0.0,100,100,0,122.34980819875764,119.14173366459615,0.008911318150448584,2.9514285714285715,0.0,True,True,True,False,0.0,0.0,110.09253570880048,79.65366303179235,553.2976643921277,0.0,743.0438631327205
2026-05-16T18:45:00Z,2026-05-16T19:00:00Z,2026-05-16,2026-05-16_84,0.0,100,100,0,119.14173366459615,108.25229267080732,0.030248447204968942,10.018285714285714,0.0,True,True,True,False,0.0,0.0,110.09253570880048,79.65366303179235,2266.2043916887906,0.0,2455.9505904293833
2026-05-16T19:00:00Z,2026-05-16T19:15:00Z,2026-05-16,2026-05-16_85,79.0,0,79,21,108.25229267080732,86.81287031055888,0.05955395100069012,0.0,0.025731428571428572,True,True,True,False,2876.1925,210.14917063431116,0.0,62.926393795115956,0.0,-1.430172046207517,3147.8378923832197
2026-05-16T19:15:00Z,2026-05-16T19:30:00Z,2026-05-16,2026-05-16_86,79.0,0,79,21,86.81287031055888,65.34547900621106,0.05963164251207728,0.0,0.0,True,True,True,False,2815.7574999999997,210.14917063431116,0.0,62.926393795115956,0.0,0.0,3088.833064429427
2026-05-16T19:30:00Z,2026-05-16T19:45:00Z,2026-05-16,2026-05-16_87,79.0,0,79,21,65.34547900621106,43.88986409937877,0.05959893029675638,0.0,0.010834285714285713,True,True,True,False,2770.1349999999998,210.14917063431116,0.0,62.926393795115956,0.0,-0.8319985957829605,3042.3785658336437
2026-05-16T19:45:00Z,2026-05-16T20:00:00Z,2026-05-16,2026-05-16_88,79.0,0,79,21,43.88986409937877,22.422963478260755,0.05963027950310559,0.0,0.00045142857142857143,True,True,True,False,2723.13,210.14917063431116,0.0,62.926393795115956,0.0,-0.03466660815762336,2996.1708978212696
2026-05-16T20:00:00Z,2026-05-16T20:15:00Z,2026-05-16,2026-05-16_89,0.0,100,100,0,22.422963478260755,9.999999999999886,0.03484994616977226,11.485714285714286,0.06685714285714286,True,True,True,False,0.0,0.0,110.09253570880048,79.65366303179235,8836.604230203831,-4.13454593325581,9022.215883011168
2026-05-16T20:15:00Z,2026-05-16T20:30:00Z,2026-05-16,2026-05-16_90,0.0,100,100,0,9.999999999999886,12.144869565217277,0.006016632160110421,0.009714285714285715,2.3428571428571425,True,True,True,False,0.0,0.0,110.09253570880048,79.65366303179235,1.4901156284968298,-112.9251925313206,78.31112183776905
2026-05-16T20:30:00Z,2026-05-16T20:45:00Z,2026-05-16,2026-05-16_91,0.0,100,100,0,12.144869565217277,20.407520993788708,0.022951809523809524,0.0,8.981142857142856,True,True,True,False,0.0,0.0,110.09253570880048,79.65366303179235,0.0,-176.3278632863067,13.418335454286137
2026-05-16T20:45:00Z,2026-05-16T21:00:00Z,2026-05-16,2026-05-16_92,0.0,100,100,0,20.407520993788708,23.303155279502995,0.008043428571428571,0.0,3.1474285714285712,True,True,True,False,0.0,0.0,110.09253570880048,79.65366303179235,0.0,-9.726646773591943,180.0195519670009
2026-05-16T21:00:00Z,2026-05-16T21:15:00Z,2026-05-17,2026-05-16_93,0.0,0,0,24,23.303155279502995,23.303155279502995,0.0,0.0,0.0,True,False,True,False,0.0,240.17048072492702,0.0,0.0,0.0,0.0,240.17048072492702
2026-05-16T21:15:00Z,2026-05-16T21:30:00Z,2026-05-17,2026-05-16_94,-26.455090467188846,0,0,24,23.303155279502995,29.38782608695643,0.01690186335403732,0.0,0.0,True,False,True,False,-869.1158595733216,240.17048072492702,0.0,0.0,0.0,0.0,-628.9453788483945
2026-05-16T21:30:00Z,2026-05-16T21:45:00Z,2026-05-17,2026-05-16_95,-76.0,0,0,24,29.38782608695643,46.86782608695643,0.04855555555555556,0.0,0.0,True,False,True,False,-2467.91,240.17048072492702,0.0,0.0,0.0,0.0,-2227.739519275073
2026-05-16T21:45:00Z,2026-05-16T22:00:00Z,2026-05-17,2026-05-16_96,-76.0,0,0,24,46.86782608695643,64.34782608695643,0.04855555555555556,0.0,0.0,True,False,True,False,-2303.37,240.17048072492702,0.0,0.0,0.0,0.0,-2063.199519275073
2026-05-16T22:00:00Z,2026-05-16T22:15:00Z,2026-05-17,2026-05-17_1,0.0,0,0,100,64.34782608695643,64.34782608695643,0.0,0.0,0.0,True,True,True,False,0.0,1000.7103363538627,0.0,0.0,0.0,0.0,1000.7103363538627
2026-05-16T22:15:00Z,2026-05-16T22:30:00Z,2026-05-17,2026-05-17_2,0.0,0,0,100,64.34782608695643,64.34782608695643,0.0,0.0,0.0,True,True,True,False,0.0,1000.7103363538627,0.0,0.0,0.0,0.0,1000.7103363538627
2026-05-16T22:30:00Z,2026-05-16T22:45:00Z,2026-05-17,2026-05-17_3,0.0,0,0,100,64.34782608695643,64.34782608695643,0.0,0.0,0.0,True,True,True,False,0.0,1000.7103363538627,0.0,0.0,0.0,0.0,1000.7103363538627
2026-05-16T22:45:00Z,2026-05-16T23:00:00Z,2026-05-17,2026-05-17_4,0.0,0,0,100,64.34782608695643,64.34782608695643,0.0,0.0,0.0,True,True,True,False,0.0,1000.7103363538627,0.0,0.0,0.0,0.0,1000.7103363538627
2026-05-16T23:00:00Z,2026-05-16T23:15:00Z,2026-05-17,2026-05-17_5,0.0,0,0,100,64.34782608695643,64.34782608695643,0.0,0.0,0.0,True,True,True,False,0.0,1000.7103363538627,0.0,0.0,0.0,0.0,1000.7103363538627
2026-05-16T23:15:00Z,2026-05-16T23:30:00Z,2026-05-17,2026-05-17_6,0.0,0,0,100,64.34782608695643,64.34782608695643,0.0,0.0,0.0,True,True,True,False,0.0,1000.7103363538627,0.0,0.0,0.0,0.0,1000.7103363538627
2026-05-16T23:30:00Z,2026-05-16T23:45:00Z,2026-05-17,2026-05-17_7,0.0,0,0,100,64.34782608695643,64.34782608695643,0.0,0.0,0.0,True,True,True,False,0.0,1000.7103363538627,0.0,0.0,0.0,0.0,1000.7103363538627
2026-05-16T23:45:00Z,2026-05-17T00:00:00Z,2026-05-17,2026-05-17_8,0.0,0,0,100,64.34782608695643,64.34782608695643,0.0,0.0,0.0,True,True,True,False,0.0,1000.7103363538627,0.0,0.0,0.0,0.0,1000.7103363538627
2026-05-17T00:00:00Z,2026-05-17T00:15:00Z,2026-05-17,2026-05-17_9,-2.5100694469786147e-14,100,0,0,64.34782608695643,62.80062111801234,0.00429779158040029,1.4234285714285715,0.0,True,True,True,False,-7.580409729875416e-13,0.0,109.1998156965136,0.0,245.12168001404217,0.0,354.321495710555
2026-05-17T00:15:00Z,2026-05-17T00:30:00Z,2026-05-17,2026-05-17_10,-29.94357117529532,100,0,0,62.80062111801234,55.90906037267071,0.03706871978815931,13.287428571428572,0.0,True,True,True,False,-893.2167281590594,0.0,109.1998156965136,0.0,3249.167602628519,0.0,2465.150690165973
2026-05-17T00:30:00Z,2026-05-17T00:45:00Z,2026-05-17,2026-05-17_11,-100.0,100,0,0,55.90906037267071,57.858934658384996,0.0054163174603174625,22.88057142857143,0.0,True,True,True,False,-2900.25,0.0,109.1998156965136,0.0,6728.033609934834,0.0,3936.983425631348
2026-05-17T00:45:00Z,2026-05-17T01:00:00Z,2026-05-17,2026-05-17_12,-100.0,100,0,0,57.858934658384996,64.34782608695643,0.018024698412698412,17.94685714285714,0.0,True,True,True,False,-2885.75,0.0,109.1998156965136,0.0,4809.53237937995,0.0,2032.9821950764633
2026-05-17T01:00:00Z,2026-05-17T01:15:00Z,2026-05-17,2026-05-17_13,0.0,0,0,100,64.34782608695643,64.34782608695643,0.0,0.0,0.0,True,True,True,False,0.0,1000.7103363538627,0.0,0.0,0.0,0.0,1000.7103363538627
2026-05-17T01:15:00Z,2026-05-17T01:30:00Z,2026-05-17,2026-05-17_14,0.0,0,0,100,64.34782608695643,64.34782608695643,0.0,0.0,0.0,True,True,True,False,0.0,1000.7103363538627,0.0,0.0,0.0,0.0,1000.7103363538627
2026-05-17T01:30:00Z,2026-05-17T01:45:00Z,2026-05-17,2026-05-17_15,0.0,0,0,100,64.34782608695643,64.34782608695643,0.0,0.0,0.0,True,True,True,False,0.0,1000.7103363538627,0.0,0.0,0.0,0.0,1000.7103363538627
2026-05-17T01:45:00Z,2026-05-17T02:00:00Z,2026-05-17,2026-05-17_16,0.0,0,0,100,64.34782608695643,64.34782608695643,0.0,0.0,0.0,True,True,True,False,0.0,1000.7103363538627,0.0,0.0,0.0,0.0,1000.7103363538627
2026-05-17T02:00:00Z,2026-05-17T02:15:00Z,2026-05-17,2026-05-17_17,1.7226558344047943e-14,100,3,0,64.34782608695643,63.987569281987476,0.0010144695376121593,0.3337142857142857,0.002691428571428571,True,True,True,False,4.864349412400538e-13,0.0,109.1998156965136,2.523517892796805,56.847198367597684,-0.19477565987230397,168.37575629703628
2026-05-17T02:15:00Z,2026-05-17T02:30:00Z,2026-05-17,2026-05-17_18,0.0,100,3,0,63.987569281987476,55.31303512049679,0.02409592822636301,7.980571428571428,0.0,True,True,True,False,0.0,0.0,109.1998156965136,2.523517892796805,1499.0445031485178,0.0,1610.7678367378282
2026-05-17T02:30:00Z,2026-05-17T02:45:00Z,2026-05-17,2026-05-17_19,-96.25973663562233,100,3,0,55.31303512049679,60.96403257639742,0.01971793374018143,17.801714285714283,0.0,True,True,True,False,-2650.030549578683,0.0,109.1998156965136,2.523517892796805,4147.610092261447,0.0,1609.3028762720744
2026-05-17T02:45:00Z,2026-05-17T03:00:00Z,2026-05-17,2026-05-17_20,-97.0,100,3,0,60.96403257639742,64.34782608695643,0.013106051677018636,20.460571428571427,0.0,True,True,True,False,-2675.2599999999998,0.0,109.1998156965136,2.523517892796805,8523.19811352217,0.0,5959.661447111481
2026-05-17T03:00:00Z,2026-05-17T03:15:00Z,2026-05-17,2026-05-17_21,0.0,0,0,100,64.34782608695643,64.34782608695643,0.0,0.0,0.0,True,True,True,False,0.0,1000.7103363538627,0.0,0.0,0.0,0.0,1000.7103363538627
2026-05-17T03:15:00Z,2026-05-17T03:30:00Z,2026-05-17,2026-05-17_22,0.0,0,0,100,64.34782608695643,64.34782608695643,0.0,0.0,0.0,True,True,True,False,0.0,1000.7103363538627,0.0,0.0,0.0,0.0,1000.7103363538627
2026-05-17T03:30:00Z,2026-05-17T03:45:00Z,2026-05-17,2026-05-17_23,0.0,0,0,100,64.34782608695643,64.34782608695643,0.0,0.0,0.0,True,True,True,False,0.0,1000.7103363538627,0.0,0.0,0.0,0.0,1000.7103363538627
2026-05-17T03:45:00Z,2026-05-17T04:00:00Z,2026-05-17,2026-05-17_24,0.0,0,0,100,64.34782608695643,64.34782608695643,0.0,0.0,0.0,True,True,True,False,0.0,1000.7103363538627,0.0,0.0,0.0,0.0,1000.7103363538627
2026-05-17T04:00:00Z,2026-05-17T04:15:00Z,2026-05-17,2026-05-17_25,0.0,0,0,100,64.34782608695643,64.34782608695643,0.0,0.0,0.0,True,True,True,False,0.0,1000.7103363538627,0.0,0.0,0.0,0.0,1000.7103363538627
2026-05-17T04:15:00Z,2026-05-17T04:30:00Z,2026-05-17,2026-05-17_26,0.0,0,0,100,64.34782608695643,64.34782608695643,0.0,0.0,0.0,True,True,True,False,0.0,1000.7103363538627,0.0,0.0,0.0,0.0,1000.7103363538627
2026-05-17T04:30:00Z,2026-05-17T04:45:00Z,2026-05-17,2026-05-17_27,0.0,0,0,100,64.34782608695643,64.34782608695643,0.0,0.0,0.0,True,True,True,False,0.0,1000.7103363538627,0.0,0.0,0.0,0.0,1000.7103363538627
2026-05-17T04:45:00Z,2026-05-17T05:00:00Z,2026-05-17,2026-05-17_28,0.0,0,0,100,64.34782608695643,64.34782608695643,0.0,0.0,0.0,True,True,True,False,0.0,1000.7103363538627,0.0,0.0,0.0,0.0,1000.7103363538627
2026-05-17T05:00:00Z,2026-05-17T05:15:00Z,2026-05-17,2026-05-17_29,0.0,0,0,100,64.34782608695643,64.34782608695643,0.0,0.0,0.0,True,False,True,False,0.0,1000.7103363538627,0.0,0.0,0.0,0.0,1000.7103363538627
2026-05-17T05:15:00Z,2026-05-17T05:30:00Z,2026-05-17,2026-05-17_30,0.0,0,0,100,64.34782608695643,64.34782608695643,0.0,0.0,0.0,True,False,True,False,0.0,1000.7103363538627,0.0,0.0,0.0,0.0,1000.7103363538627
2026-05-17T05:30:00Z,2026-05-17T05:45:00Z,2026-05-17,2026-05-17_31,0.0,0,0,100,64.34782608695643,64.34782608695643,0.0,0.0,0.0,True,False,True,False,0.0,1000.7103363538627,0.0,0.0,0.0,0.0,1000.7103363538627
2026-05-17T05:45:00Z,2026-05-17T06:00:00Z,2026-05-17,2026-05-17_32,0.0,0,0,100,64.34782608695643,64.34782608695643,0.0,0.0,0.0,True,False,True,False,0.0,1000.7103363538627,0.0,0.0,0.0,0.0,1000.7103363538627
2026-05-17T06:00:00Z,2026-05-17T06:15:00Z,2026-05-17,2026-05-17_33,27.999999999999993,0,28,72,64.34782608695643,62.82417391304339,0.004232367149758458,0.0,5.59824,True,True,True,False,595.6299999999999,720.5114421747811,0.0,22.286899093841193,0.0,226.49721545077563,1564.9255567193977
2026-05-17T06:15:00Z,2026-05-17T06:30:00Z,2026-05-17,2026-05-17_34,28.0,0,28,72,62.82417391304339,55.97234782608687,0.019032850241545895,0.0,0.69632,True,True,True,False,467.88,720.5114421747811,0.0,22.286899093841193,0.0,-19.477923759791125,1191.2004175088312
2026-05-17T06:30:00Z,2026-05-17T06:45:00Z,2026-05-17,2026-05-17_35,26.65782532452049,0,28,72,55.97234782608687,49.13043478260861,0.019096610861523935,0.0,0.37264,True,True,True,False,331.4900579104123,720.5114421747811,0.0,22.286899093841193,0.0,-18.76034360313316,1055.5280555759014
2026-05-17T06:45:00Z,2026-05-17T07:00:00Z,2026-05-17,2026-05-17_36,9.654113257610057e-15,0,28,72,49.13043478260861,49.96962198260861,0.002331075555555561,0.0,0.9121599999999999,True,True,True,False,4.17540398391635e-14,720.5114421747811,0.0,22.286899093841193,0.0,-0.5299101827676239,742.2684310858547
2026-05-17T07:00:00Z,2026-05-17T07:15:00Z,2026-05-17,2026-05-17_37,1.0882088960000011,0,0,73,49.96962198260861,49.67391304347817,0.000821413719806764,0.0,0.0,True,False,True,False,10.60187516928001,730.5185455383197,0.0,0.0,0.0,0.0,741.1204207075997
2026-05-17T07:15:00Z,2026-05-17T07:30:00Z,2026-05-17,2026-05-17_38,0.0,0,0,73,49.67391304347817,49.67391304347817,0.0,0.0,0.0,True,False,True,False,0.0,730.5185455383197,0.0,0.0,0.0,0.0,730.5185455383197
2026-05-17T07:30:00Z,2026-05-17T07:45:00Z,2026-05-17,2026-05-17_39,0.0,0,0,73,49.67391304347817,49.67391304347817,0.0,0.0,0.0,True,False,True,False,0.0,730.5185455383197,0.0,0.0,0.0,0.0,730.5185455383197
2026-05-17T07:45:00Z,2026-05-17T08:00:00Z,2026-05-17,2026-05-17_40,-27.0,0,0,73,49.67391304347817,55.883913043478174,0.01725,0.0,0.0,True,False,True,False,-38.407500000000006,730.5185455383197,0.0,0.0,0.0,0.0,692.1110455383197
2026-05-17T08:00:00Z,2026-05-17T08:15:00Z,2026-05-17,2026-05-17_41,22.852800000000013,0,0,73,55.883913043478174,49.67391304347817,0.01725000000000001,0.0,0.0,True,False,True,False,46.105524000000024,730.5185455383197,0.0,0.0,0.0,0.0,776.6240695383198
2026-05-17T08:15:00Z,2026-05-17T08:30:00Z,2026-05-17,2026-05-17_42,-26.62792105860135,0,0,73,49.67391304347817,55.79833488695648,0.017012282898550862,0.0,0.0,True,False,True,False,-30.022980993573018,730.5185455383197,0.0,0.0,0.0,0.0,700.4955645447467
2026-05-17T08:30:00Z,2026-05-17T08:45:00Z,2026-05-17,2026-05-17_43,-27.0,0,0,73,55.79833488695648,62.00833488695648,0.01725,0.0,0.0,True,False,True,False,-9.045,730.5185455383197,0.0,0.0,0.0,0.0,721.4735455383197
2026-05-17T08:45:00Z,2026-05-17T09:00:00Z,2026-05-17,2026-05-17_44,-27.0,0,0,73,62.00833488695648,68.21833488695648,0.01725,0.0,0.0,True,False,True,False,-1.08,730.5185455383197,0.0,0.0,0.0,0.0,729.4385455383197
2026-05-17T09:00:00Z,2026-05-17T09:15:00Z,2026-05-17,2026-05-17_45,-27.0,27,0,73,68.21833488695648,73.54119202981363,0.014785714285714287,0.9642857142857142,0.0,True,True,True,False,-29.430000000000003,730.5185455383197,29.48395023805867,0.0,114.47468021151018,0.0,845.0471759878885
2026-05-17T09:15:00Z,2026-05-17T09:30:00Z,2026-05-17,2026-05-17_46,-27.0,27,0,73,73.54119202981363,77.7049438012422,0.011565977142857143,2.224182857142857,0.0,True,True,True,False,-4.2525,730.5185455383197,29.48395023805867,0.0,309.82276225289064,0.0,1065.572758029269
2026-05-17T09:30:00Z,2026-05-17T09:45:00Z,2026-05-17,2026-05-17_47,-27.0,27,0,73,77.7049438012422,83.03702722981362,0.014811342857142858,0.9542571428571428,0.0,True,True,True,False,-1.0125,730.5185455383197,29.48395023805867,0.0,129.7018804660245,0.0,888.6918762424028
2026-05-17T09:45:00Z,2026-05-17T10:00:00Z,2026-05-17,2026-05-17_48,-27.0,27,0,73,83.03702722981362,87.81865625838505,0.01328230285714286,1.5525771428571429,0.0,True,True,True,False,-4.2525,730.5185455383197,29.48395023805867,0.0,209.5186281699103,0.0,965.2686239462887
2026-05-17T10:00:00Z,2026-05-17T10:15:00Z,2026-05-17,2026-05-17_49,-26.0,100,74,0,87.81865625838505,77.55091476273287,0.04105330605935127,15.569714285714287,0.0,True,True,True,False,-28.340000000000003,0.0,109.1998156965136,74.84103824297343,2826.6259114246222,0.0,2982.326765364109
2026-05-17T10:15:00Z,2026-05-17T10:30:00Z,2026-05-17,2026-05-17_50,-26.0,100,74,0,77.55091476273287,72.50031608447199,0.03320492775707385,10.570285714285715,0.0,True,True,True,False,-22.75,0.0,109.1998156965136,74.84103824297343,1557.205529982228,0.0,1718.496383921715
2026-05-17T10:30:00Z,2026-05-17T10:45:00Z,2026-05-17,2026-05-17_51,-26.0,100,74,0,72.50031608447199,72.75451824099373,0.02522468162870946,5.4868571428571435,0.0,True,True,True,False,-22.36,0.0,109.1998156965136,74.84103824297343,733.7133490576387,0.0,895.3942029971257
2026-05-17T10:45:00Z,2026-05-17T11:00:00Z,2026-05-17,2026-05-17_52,-25.999999999999957,100,74,0,72.75451824099373,78.82769558260863,0.017102304209799832,0.052,0.16026285714285712,True,True,True,False,-1.234999999999998,0.0,109.1998156965136,74.84103824297343,4.641844570726462,-10.601538146433507,176.84616036377997
2026-05-17T11:00:00Z,2026-05-17T11:15:00Z,2026-05-17,2026-05-17_53,-27.0,27,0,73,78.82769558260863,85.03187592546577,0.017233834285714286,0.006325714285714286,0.0,True,True,True,False,-0.20249999999999999,730.5185455383197,29.48395023805867,0.0,0.5465899028018518,0.0,760.3465856791802
2026-05-17T11:15:00Z,2026-05-17T11:30:00Z,2026-05-17,2026-05-17_54,-26.999999999999936,27,0,73,85.03187592546577,91.22697192546575,0.01720859999999996,0.0162,0.0,True,True,True,False,-0.06749999999999984,730.5185455383197,29.48395023805867,0.0,1.3998034096144982,0.0,761.3347991859929
2026-05-17T11:30:00Z,2026-05-17T11:45:00Z,2026-05-17,2026-05-17_55,-27.0,27,0,73,91.22697192546575,97.39836346832288,0.01714275428571429,0.04196571428571429,0.0,True,True,True,False,-0.0675,730.5185455383197,29.48395023805867,0.0,3.6261574039537483,0.0,763.5611531803321
2026-05-17T11:45:00Z,2026-05-17T12:00:00Z,2026-05-17,2026-05-17_56,-27.0,27,0,73,97.39836346832288,103.5998468968943,0.017226342857142855,0.009257142857142856,0.0,True,True,True,False,-0.0675,730.5185455383197,29.48395023805867,0.0,0.7998876626368561,0.0,760.7348834390152
2026-05-17T12:00:00Z,2026-05-17T12:15:00Z,2026-05-17,2026-05-17_57,-100.0,100,0,0,103.5998468968943,126.4232068968943,0.06339822222222222,0.192,0.0,True,True,True,False,-0.0,0.0,109.22861311626478,0.0,16.95216095837813,0.0,126.18077407464291
2026-05-17T12:15:00Z,2026-05-17T12:30:00Z,2026-05-17,2026-05-17_58,-100.0,100,0,0,126.4232068968943,149.16140118260859,0.0631616507936508,0.2845714285714286,0.0,True,True,True,False,-0.0,0.0,109.22861311626478,0.0,24.633064045461527,0.0,133.8616771617263
2026-05-17T12:30:00Z,2026-05-17T12:45:00Z,2026-05-17,2026-05-17_59,-100.0,100,0,0,149.16140118260859,162.56553832546572,0.03723371428571429,10.430285714285715,0.0,True,True,True,False,-1.0,0.0,109.22861311626478,0.0,1621.1016461153652,0.0,1729.33025923163
2026-05-17T12:45:00Z,2026-05-17T13:00:00Z,2026-05-17,2026-05-17_60,-100.0,100,0,0,162.56553832546572,174.60649832546574,0.03344711111111111,11.912,0.0,True,True,True,False,-81.0,0.0,109.22861311626478,0.0,1778.3041698663799,0.0,1806.5327829826447
2026-05-17T13:00:00Z,2026-05-17T13:15:00Z,2026-05-17,2026-05-17_61,-65.99999999999999,100,34,0,174.60649832546574,186.75272204720488,0.04011832331262939,3.106857142857143,0.0009714285714285714,True,True,True,False,-48.01499999999999,0.0,109.17101827676238,28.58028720626632,377.3303290036642,-0.07459903021260723,466.99203545648027
2026-05-17T13:15:00Z,2026-05-17T13:30:00Z,2026-05-17,2026-05-17_62,-66.0,100,34,0,186.75272204720488,189.99999999999991,0.03410254917874396,12.216571428571429,0.0,True,True,True,False,-68.80499999999999,0.0,109.17101827676238,28.58028720626632,10426.107736687365,0.0,10495.054042170394
2026-05-17T13:30:00Z,2026-05-17T13:45:00Z,2026-05-17,2026-05-17_63,-65.38457352593072,100,34,0,189.99999999999991,189.99999999999991,0.03214886830743874,15.379999999999999,0.0,True,True,True,False,-144.49990749230687,0.0,109.17101827676238,28.58028720626632,6217.19551528183,0.0,6210.446913272552
2026-05-17T13:45:00Z,2026-05-17T14:00:00Z,2026-05-17,2026-05-17_64,-66.0,100,34,0,189.99999999999991,184.05954524223594,0.02789349178743961,21.622857142857143,0.0,True,True,True,False,-363.165,0.0,109.17101827676238,28.58028720626632,5324.545547096123,0.0,5099.131852579152
2026-05-17T14:00:00Z,2026-05-17T14:15:00Z,2026-05-17,2026-05-17_65,-24.0000000000002,100,76,0,184.05954524223594,185.6175267776397,0.02169653256038656,3.7845714285714287,0.0,True,True,True,False,-74.82000000000062,0.0,109.14222085701121,60.49301182614038,540.085400421265,0.0,634.900633104416
2026-05-17T14:15:00Z,2026-05-17T14:30:00Z,2026-05-17,2026-05-17_66,-23.40195240362849,100,76,0,185.6175267776397,189.9999999999999,0.016619289525779617,0.9611428571428571,0.007817142857142856,True,True,True,False,-138.6565679914988,0.0,109.14222085701121,60.49301182614038,129.16602672400552,-0.6003027842990981,159.5443886313592
2026-05-17T14:30:00Z,2026-05-17T14:45:00Z,2026-05-17,2026-05-17_67,-12.628196354913099,100,76,0,189.9999999999999,189.9492763450987,0.014487396034037812,2.7725714285714287,0.0,True,True,True,False,-211.93270532632906,0.0,109.14222085701121,60.49301182614038,380.6403953748602,0.0,338.34292273168273
2026-05-17T14:45:00Z,2026-05-17T15:00:00Z,2026-05-17,2026-05-17_68,0.0,100,76,0,189.9492763450987,181.5884067798813,0.023224637681159416,7.692,0.0,True,True,True,False,0.0,0.0,109.14222085701121,60.49301182614038,1194.036508216864,0.0,1363.6717409000155
2026-05-17T15:00:00Z,2026-05-17T15:15:00Z,2026-05-17,2026-05-17_69,0.0,0,82,18,181.5884067798813,181.62030712273844,8.861206349206348e-05,0.0,0.03467428571428571,True,True,True,False,0.0,180.12786054369528,0.0,65.24516203348179,0.0,-2.5060372687978583,242.8669853083792
2026-05-17T15:15:00Z,2026-05-17T15:30:00Z,2026-05-17,2026-05-17_70,0.2615558435589404,0,82,18,181.62030712273844,181.64930194285705,0.0004733081511229932,0.0,0.10870857142857143,True,True,True,False,6.140023427546127,180.12786054369528,0.0,65.24516203348179,0.0,-6.13007150097637,245.38297450374682
2026-05-17T15:30:00Z,2026-05-17T15:45:00Z,2026-05-17,2026-05-17_71,0.0,0,82,18,181.64930194285705,181.7199999999999,0.0001963834920634921,0.0,0.0768457142857143,True,True,True,False,0.0,180.12786054369528,0.0,65.24516203348179,0.0,-4.804273436162978,240.56874914101408
2026-05-17T15:45:00Z,2026-05-17T16:00:00Z,2026-05-17,2026-05-17_72,82.0,0,82,18,181.7199999999999,159.46591304347817,0.06181690821256039,0.0,0.026240000000000003,True,True,True,False,3719.315,180.12786054369528,0.0,65.24516203348179,0.0,-1.7498555675011522,3962.938167009676
2026-05-17T16:00:00Z,2026-05-17T16:15:00Z,2026-05-17,2026-05-17_73,0.0,0,100,0,159.46591304347817,162.87569590062103,0.009471619047619046,0.0,3.706285714285714,True,True,True,False,0.0,0.0,0.0,79.5096759330364,0.0,-23.618250213923687,55.89142571911272
2026-05-17T16:15:00Z,2026-05-17T16:30:00Z,2026-05-17,2026-05-17_74,100.0,0,100,0,162.87569590062103,136.15333565217384,0.07422877846790889,0.0,0.4154285714285715,True,True,True,False,6687.5,0.0,0.0,79.5096759330364,0.0,-22.569029664084955,6744.440646268951
2026-05-17T16:30:00Z,2026-05-17T16:45:00Z,2026-05-17,2026-05-17_75,0.0,0,100,0,136.15333565217384,136.26478708074526,0.0003095873015873016,0.0,0.12114285714285714,True,True,True,False,0.0,0.0,0.0,79.5096759330364,0.0,-7.935801391052504,71.5738745419839
2026-05-17T16:45:00Z,2026-05-17T17:00:00Z,2026-05-17,2026-05-17_76,98.54814025039406,0,100,0,136.26478708074526,109.4903590062111,0.07437375054633322,0.0,0.004571428571428572,True,True,True,False,3604.8909703594145,0.0,0.0,79.5096759330364,0.0,-0.35105425982403404,3684.049592032627
2026-05-17T17:00:00Z,2026-05-17T17:15:00Z,2026-05-17,2026-05-17_77,0.0,100,100,0,109.4903590062111,107.4156886956521,0.00590024292615597,1.9314285714285715,0.026857142857142857,True,True,True,False,0.0,0.0,108.24950084472431,79.65366303179235,348.6827785944665,-1.4597255194506,535.1262169515326
2026-05-17T17:15:00Z,2026-05-17T17:30:00Z,2026-05-17,2026-05-17_78,0.0,100,100,0,107.4156886956521,100.54798683229805,0.019076949620427885,6.318285714285715,0.0,True,True,True,False,0.0,0.0,108.24950084472431,79.65366303179235,1396.9490995458239,0.0,1584.8522634223405
2026-05-17T17:30:00Z,2026-05-17T17:45:00Z,2026-05-17,2026-05-17_79,0.0,100,100,0,100.54798683229805,91.16103031055891,0.02607487922705314,8.636,0.0,True,True,True,False,0.0,0.0,108.24950084472431,79.65366303179235,1808.2611488250652,0.0,1996.1643127015818
2026-05-17T17:45:00Z,2026-05-17T18:00:00Z,2026-05-17,2026-05-17_80,0.0,100,100,0,91.16103031055891,75.52189987577631,0.04344202898550724,14.387999999999998,0.0,True,True,True,False,0.0,0.0,108.24950084472431,79.65366303179235,5501.852091844569,0.0,5689.755255721086
2026-05-17T18:00:00Z,2026-05-17T18:15:00Z,2026-05-17,2026-05-17_81,0.0,0,0,100,75.52189987577631,75.52189987577631,0.0,0.0,0.0,True,False,True,False,0.0,1000.7103363538627,0.0,0.0,0.0,0.0,1000.7103363538627
2026-05-17T18:15:00Z,2026-05-17T18:30:00Z,2026-05-17,2026-05-17_82,0.0,0,0,100,75.52189987577631,75.52189987577631,0.0,0.0,0.0,True,False,True,False,0.0,1000.7103363538627,0.0,0.0,0.0,0.0,1000.7103363538627
2026-05-17T18:30:00Z,2026-05-17T18:45:00Z,2026-05-17,2026-05-17_83,0.0,0,0,100,75.52189987577631,75.52189987577631,0.0,0.0,0.0,True,False,True,False,0.0,1000.7103363538627,0.0,0.0,0.0,0.0,1000.7103363538627
2026-05-17T18:45:00Z,2026-05-17T19:00:00Z,2026-05-17,2026-05-17_84,0.0,0,0,100,75.52189987577631,75.52189987577631,0.0,0.0,0.0,True,False,True,False,0.0,1000.7103363538627,0.0,0.0,0.0,0.0,1000.7103363538627
2026-05-17T19:00:00Z,2026-05-17T19:15:00Z,2026-05-17,2026-05-17_85,0.0,0,0,100,75.52189987577631,75.52189987577631,0.0,0.0,0.0,True,True,True,False,0.0,1000.7103363538627,0.0,0.0,0.0,0.0,1000.7103363538627
2026-05-17T19:15:00Z,2026-05-17T19:30:00Z,2026-05-17,2026-05-17_86,0.0,0,0,100,75.52189987577631,75.52189987577631,0.0,0.0,0.0,True,True,True,False,0.0,1000.7103363538627,0.0,0.0,0.0,0.0,1000.7103363538627
2026-05-17T19:30:00Z,2026-05-17T19:45:00Z,2026-05-17,2026-05-17_87,0.0,0,0,100,75.52189987577631,75.52189987577631,0.0,0.0,0.0,True,True,True,False,0.0,1000.7103363538627,0.0,0.0,0.0,0.0,1000.7103363538627
2026-05-17T19:45:00Z,2026-05-17T20:00:00Z,2026-05-17,2026-05-17_88,0.0,0,0,100,75.52189987577631,75.52189987577631,0.0,0.0,0.0,True,True,True,False,0.0,1000.7103363538627,0.0,0.0,0.0,0.0,1000.7103363538627
2026-05-17T20:00:00Z,2026-05-17T20:15:00Z,2026-05-17,2026-05-17_89,59.0,41,100,0,75.52189987577631,55.63416325962724,0.05524610774327121,3.5477885714285717,0.001142857142857143,True,True,True,False,2363.9825,0.0,44.77192443557057,79.65366303179235,871.1786638951664,-0.08776356495600851,3359.4989877975736
2026-05-17T20:15:00Z,2026-05-17T20:30:00Z,2026-05-17,2026-05-17_90,59.0,41,100,0,55.63416325962724,37.83290100869557,0.04968624530020704,1.7337142857142858,0.11371428571428571,True,True,True,False,2255.4225,0.0,44.77192443557057,79.65366303179235,368.73081971169665,-6.493402703117801,2742.085504475942
2026-05-17T20:30:00Z,2026-05-17T20:45:00Z,2026-05-17,2026-05-17_91,59.0,41,100,0,37.83290100869557,21.96673933913036,0.04450734939958592,0.04123428571428571,0.20742857142857143,True,True,True,False,2226.2175,0.0,44.77192443557057,79.65366303179235,6.8052958114838615,-12.482191895034777,2344.966191383812
2026-05-17T20:45:00Z,2026-05-17T21:00:00Z,2026-05-17,2026-05-17_92,59.0,41,100,0,21.96673933913036,9.999999999999927,0.041606400386473424,0.0,3.9919999999999995,True,True,True,False,2389.5,0.0,44.77192443557057,79.65366303179235,0.0,8.004999232068807,2521.930586699432
2026-05-17T21:00:00Z,2026-05-17T21:15:00Z,2026-05-18,2026-05-17_93,-8.950833483876873e-15,99,100,0,9.999999999999927,13.154285714285644,0.00876190476190477,0.0,3.428571428571429,True,True,True,False,-3.733168875287947e-13,0.0,108.36440254953155,78.18499462448163,0.0,-82.51662022511354,104.03277694889927
2026-05-17T21:15:00Z,2026-05-17T21:30:00Z,2026-05-18,2026-05-17_94,0.0,99,100,0,13.154285714285644,15.311014409937819,0.006021658385093168,0.0050914285714285705,2.3502857142857145,True,True,True,False,0.0,0.0,108.36440254953155,78.18499462448163,0.7819733637580357,18.460084691840184,205.7914552296114
2026-05-17T21:30:00Z,2026-05-17T21:45:00Z,2026-05-18,2026-05-17_95,1.0000000000000215,99,100,0,15.311014409937819,20.649346255900547,0.015970797570738448,0.0,6.086857142857142,True,True,True,False,46.462500000001,0.0,108.36440254953155,78.18499462448163,0.0,168.17735743905916,401.18925461307333
2026-05-17T21:45:00Z,2026-05-17T22:00:00Z,2026-05-18,2026-05-17_96,0.0,99,100,0,20.649346255900547,23.613661286956447,0.008261537612146307,0.004525714285714286,3.2274285714285713,True,True,True,False,0.0,0.0,108.36440254953155,78.18499462448163,0.6950874344515874,29.994118085876647,217.2386026943414
2026-05-17T22:00:00Z,2026-05-17T22:15:00Z,2026-05-18,2026-05-18_1,-0.2006687655073165,76,16,24,23.613661286956447,23.189770454658355,0.0014485616480136075,0.43602285714285716,0.004022857142857142,True,True,True,False,-7.590296055314247,240.17048072492702,83.18883428044848,12.509599139917063,73.95010606226825,-0.24071804638304403,401.9880061058635
2026-05-17T22:15:00Z,2026-05-17T22:30:00Z,2026-05-18,2026-05-18_2,-60.00000000000001,76,16,24,23.189770454658355,36.40906307577637,0.03749541256038648,0.6097371428571429,0.0018285714285714285,True,True,True,False,-2099.25,240.17048072492702,83.18883428044848,12.509599139917063,104.40999393553766,-0.14042170392961362,-1659.1115136230994
2026-05-17T22:30:00Z,2026-05-17T22:45:00Z,2026-05-18,2026-05-18_3,-60.0,76,16,24,36.40906307577637,50.43683665093165,0.03899750768806073,0.024754285714285715,0.27327999999999997,True,True,True,False,-1997.85,240.17048072492702,83.18883428044848,12.509599139917063,4.0247812931961295,-13.481683919520808,-1671.437988481032
2026-05-17T22:45:00Z,2026-05-17T23:00:00Z,2026-05-18,2026-05-18_4,-59.99999999999999,76,16,24,50.43683665093165,64.3478260869565,0.038653783630089714,0.009554285714285713,0.13055999999999998,True,True,True,False,-1924.3499999999997,240.17048072492702,83.18883428044848,12.509599139917063,1.467406806064462,-6.803392167101827,-1593.8170712157446
2026-05-17T23:00:00Z,2026-05-17T23:15:00Z,2026-05-18,2026-05-18_5,0.0,0,0,100,64.3478260869565,64.3478260869565,0.0,0.0,0.0,True,True,True,False,0.0,1000.7103363538627,0.0,0.0,0.0,0.0,1000.7103363538627
2026-05-17T23:15:00Z,2026-05-17T23:30:00Z,2026-05-18,2026-05-18_6,0.0,0,0,100,64.3478260869565,64.3478260869565,0.0,0.0,0.0,True,True,True,False,0.0,1000.7103363538627,0.0,0.0,0.0,0.0,1000.7103363538627
2026-05-17T23:30:00Z,2026-05-17T23:45:00Z,2026-05-18,2026-05-18_7,0.0,0,0,100,64.3478260869565,64.3478260869565,0.0,0.0,0.0,True,True,True,False,0.0,1000.7103363538627,0.0,0.0,0.0,0.0,1000.7103363538627
2026-05-17T23:45:00Z,2026-05-18T00:00:00Z,2026-05-18,2026-05-18_8,0.0,0,0,100,64.3478260869565,64.3478260869565,0.0,0.0,0.0,True,True,True,False,0.0,1000.7103363538627,0.0,0.0,0.0,0.0,1000.7103363538627
2026-05-18T00:00:00Z,2026-05-18T00:15:00Z,2026-05-18,2026-05-18_9,0.0,0,0,100,64.3478260869565,64.3478260869565,0.0,0.0,0.0,True,True,True,False,0.0,1000.7103363538627,0.0,0.0,0.0,0.0,1000.7103363538627
2026-05-18T00:15:00Z,2026-05-18T00:30:00Z,2026-05-18,2026-05-18_10,0.0,0,0,100,64.3478260869565,64.3478260869565,0.0,0.0,0.0,True,True,True,False,0.0,1000.7103363538627,0.0,0.0,0.0,0.0,1000.7103363538627
2026-05-18T00:30:00Z,2026-05-18T00:45:00Z,2026-05-18,2026-05-18_11,0.0,0,0,100,64.3478260869565,64.3478260869565,0.0,0.0,0.0,True,True,True,False,0.0,1000.7103363538627,0.0,0.0,0.0,0.0,1000.7103363538627
2026-05-18T00:45:00Z,2026-05-18T01:00:00Z,2026-05-18,2026-05-18_12,0.0,0,0,100,64.3478260869565,64.3478260869565,0.0,0.0,0.0,True,True,True,False,0.0,1000.7103363538627,0.0,0.0,0.0,0.0,1000.7103363538627
2026-05-18T01:00:00Z,2026-05-18T01:15:00Z,2026-05-18,2026-05-18_13,90.00000000000011,10,100,0,64.3478260869565,59.89233947826083,0.02192799613526567,0.0,18.688,True,True,True,False,2918.9250000000034,0.0,10.905582859775762,103.00837045000769,0.0,683.5894455536783,3716.428398863465
2026-05-18T01:15:00Z,2026-05-18T01:30:00Z,2026-05-18,2026-05-18_14,90.00000000000011,10,100,0,59.89233947826083,59.11121132919248,0.01347616231884052,0.0,22.121142857142857,True,True,True,False,2910.3750000000036,0.0,10.905582859775762,103.00837045000769,0.0,1832.0271171862998,4856.316070496087
2026-05-18T01:30:00Z,2026-05-18T01:45:00Z,2026-05-18,2026-05-18_15,90.00000000000011,10,100,0,59.11121132919248,57.88424308074524,0.014501692753623145,0.0,21.704571428571427,True,True,True,False,2929.2750000000037,0.0,10.905582859775762,103.00837045000769,0.0,1179.47561423525,4222.664567545037
2026-05-18T01:45:00Z,2026-05-18T02:00:00Z,2026-05-18,2026-05-18_16,87.34722960712887,10,100,0,57.88424308074524,49.242589654658325,0.03316293316626694,0.0,14.161714285714286,True,True,True,False,2847.738053266419,0.0,10.905582859775762,103.00837045000769,0.0,184.77546196546504,3146.427468541667
2026-05-18T02:00:00Z,2026-05-18T02:15:00Z,2026-05-18,2026-05-18_17,0.0,100,100,0,49.242589654658325,64.62709251180118,0.04273473015873016,0.0,16.722285714285714,True,True,True,False,0.0,0.0,109.05582859775764,84.11726309322685,0.0,462.6077416240648,655.7808333150492
2026-05-18T02:15:00Z,2026-05-18T02:30:00Z,2026-05-18,2026-05-18_18,0.0,100,100,0,64.62709251180118,76.6391382260869,0.033366793650793654,0.0,13.056571428571429,True,True,True,False,0.0,0.0,109.05582859775764,84.11726309322685,0.0,342.6297212409768,535.8028129319613
2026-05-18T02:30:00Z,2026-05-18T02:45:00Z,2026-05-18,2026-05-18_19,0.0,100,100,0,76.6391382260869,82.91616679751547,0.017436190476190477,0.0,6.822857142857143,True,True,True,False,0.0,0.0,109.05582859775764,84.11726309322685,0.0,87.78363867740306,280.9567303683875
2026-05-18T02:45:00Z,2026-05-18T03:00:00Z,2026-05-18,2026-05-18_20,0.0,100,100,0,82.91616679751547,87.73328679751548,0.013380888888888892,0.0,5.236000000000001,True,True,True,False,0.0,0.0,109.05582859775764,84.11726309322685,0.0,27.928080939947783,221.10117263093227
2026-05-18T03:00:00Z,2026-05-18T03:15:00Z,2026-05-18,2026-05-18_21,0.0,0,0,100,87.73328679751548,87.73328679751548,0.0,0.0,0.0,True,True,True,False,0.0,1000.7103363538627,0.0,0.0,0.0,0.0,1000.7103363538627
2026-05-18T03:15:00Z,2026-05-18T03:30:00Z,2026-05-18,2026-05-18_22,0.0,0,0,100,87.73328679751548,87.73328679751548,0.0,0.0,0.0,True,True,True,False,0.0,1000.7103363538627,0.0,0.0,0.0,0.0,1000.7103363538627
2026-05-18T03:30:00Z,2026-05-18T03:45:00Z,2026-05-18,2026-05-18_23,0.0,0,0,100,87.73328679751548,87.73328679751548,0.0,0.0,0.0,True,True,True,False,0.0,1000.7103363538627,0.0,0.0,0.0,0.0,1000.7103363538627
2026-05-18T03:45:00Z,2026-05-18T04:00:00Z,2026-05-18,2026-05-18_24,0.0,0,0,100,87.73328679751548,87.73328679751548,0.0,0.0,0.0,True,True,True,False,0.0,1000.7103363538627,0.0,0.0,0.0,0.0,1000.7103363538627
2026-05-18T04:00:00Z,2026-05-18T04:15:00Z,2026-05-18,2026-05-18_25,0.0,0,0,100,87.73328679751548,87.73328679751548,0.0,0.0,0.0,True,True,True,False,0.0,1000.7103363538627,0.0,0.0,0.0,0.0,1000.7103363538627
2026-05-18T04:15:00Z,2026-05-18T04:30:00Z,2026-05-18,2026-05-18_26,0.0,0,0,100,87.73328679751548,87.73328679751548,0.0,0.0,0.0,True,True,True,False,0.0,1000.7103363538627,0.0,0.0,0.0,0.0,1000.7103363538627
2026-05-18T04:30:00Z,2026-05-18T04:45:00Z,2026-05-18,2026-05-18_27,0.0,0,0,100,87.73328679751548,87.73328679751548,0.0,0.0,0.0,True,True,True,False,0.0,1000.7103363538627,0.0,0.0,0.0,0.0,1000.7103363538627
2026-05-18T04:45:00Z,2026-05-18T05:00:00Z,2026-05-18,2026-05-18_28,0.0,0,0,100,87.73328679751548,87.73328679751548,0.0,0.0,0.0,True,True,True,False,0.0,1000.7103363538627,0.0,0.0,0.0,0.0,1000.7103363538627
2026-05-18T05:00:00Z,2026-05-18T05:15:00Z,2026-05-18,2026-05-18_29,1.0000000000000018,0,1,99,87.73328679751548,87.4615476670807,0.0007548309178743974,0.0,0.0,True,True,True,False,42.65500000000008,990.7032329903241,0.0,0.7818499462448164,0.0,0.0,1034.140082936569
2026-05-18T05:15:00Z,2026-05-18T05:30:00Z,2026-05-18,2026-05-18_30,1.0,0,1,99,87.4615476670807,87.18980853664591,0.000754830917874396,0.0,0.0,True,True,True,False,40.735,990.7032329903241,0.0,0.7818499462448164,0.0,0.0,1032.2200829365688
2026-05-18T05:30:00Z,2026-05-18T05:45:00Z,2026-05-18,2026-05-18_31,1.0,0,1,99,87.18980853664591,86.93006319503101,0.0007215148378191855,0.0,0.011034285714285715,True,True,True,False,40.105,990.7032329903241,0.0,0.7818499462448164,0.0,-0.5411371492200013,1031.0489457873489
2026-05-18T05:45:00Z,2026-05-18T06:00:00Z,2026-05-18,2026-05-18_32,1.0,0,1,99,86.93006319503101,86.66175263602479,0.0007453071083505865,0.0,0.0031542857142857145,True,True,True,False,37.4925,990.7032329903241,0.0,0.7818499462448164,0.0,-0.16951742326173289,1028.8080655133072
2026-05-18T06:00:00Z,2026-05-18T06:15:00Z,2026-05-18,2026-05-18_33,0.0,100,100,0,86.66175263602479,66.26672158012417,0.05665286404416838,18.76342857142857,0.0,True,True,True,False,0.0,0.0,109.51658731377668,78.53056366149593,9577.30955613577,0.0,9765.356707111043
2026-05-18T06:15:00Z,2026-05-18T06:30:00Z,2026-05-18,2026-05-18_34,0.0,100,100,0,66.26672158012417,57.59123338136641,0.024127784679089027,7.9862857142857155,0.005714285714285714,True,True,True,False,0.0,0.0,109.51658731377668,78.53056366149593,1837.7947833336993,-0.43881782478004255,2025.403116484192
2026-05-18T06:30:00Z,2026-05-18T06:45:00Z,2026-05-18,2026-05-18_35,0.0,100,100,0,57.59123338136641,61.21396630062107,0.010746376811594203,0.11314285714285714,4.071428571428572,True,True,True,False,0.0,0.0,109.51658731377668,78.53056366149593,18.398095530640454,49.2592206595432,255.70446716545626
2026-05-18T06:45:00Z,2026-05-18T07:00:00Z,2026-05-18,2026-05-18_36,0.0,100,100,0,61.21396630062107,63.876709157763926,0.007396507936507938,0.0,2.8942857142857146,True,True,True,False,0.0,0.0,109.51658731377668,78.53056366149593,0.0,-114.12225025780548,73.92490071746714
2026-05-18T07:00:00Z,2026-05-18T07:15:00Z,2026-05-18,2026-05-18_37,0.0,1,1,99,63.876709157763926,63.817870648447155,0.00016344030365769496,0.05413142857142857,0.0,True,True,True,False,0.0,990.7032329903241,1.095165873137767,0.7853056366149592,9.961188832086359,0.0,1002.5448933321632
2026-05-18T07:15:00Z,2026-05-18T07:30:00Z,2026-05-18,2026-05-18_38,0.0,1,1,99,63.817870648447155,63.80434782608691,8.075958592132504e-05,0.019594285714285713,0.008451428571428572,True,True,True,False,0.0,990.7032329903241,1.095165873137767,0.7853056366149592,3.375970387476139,-0.40839863856769865,995.5512762489852
2026-05-18T07:30:00Z,2026-05-18T07:45:00Z,2026-05-18,2026-05-18_39,0.0,1,1,99,63.80434782608691,63.82695354037263,6.279365079365079e-05,0.0,0.02457142857142857,True,True,True,False,0.0,990.7032329903241,1.095165873137767,0.7853056366149592,0.0,-1.1925407552054763,991.3911637448713
2026-05-18T07:45:00Z,2026-05-18T08:00:00Z,2026-05-18,2026-05-18_40,0.0,1,1,99,63.82695354037263,63.86106476521735,9.502945479641132e-05,4.5714285714285716e-05,0.03713142857142857,True,True,True,False,0.0,990.7032329903241,1.095165873137767,0.7853056366149592,0.007021085196480681,0.42929828202821596,993.0200238673015
2026-05-18T08:00:00Z,2026-05-18T08:15:00Z,2026-05-18,2026-05-18_41,100.0,0,100,0,63.86106476521735,51.7902573118012,0.03353002070393375,0.0,13.894857142857141,True,True,True,False,2895.25,0.0,0.0,78.53056366149593,0.0,316.87572766965786,3290.6562913311536
2026-05-18T08:15:00Z,2026-05-18T08:30:00Z,2026-05-18,2026-05-18_42,0.0,0,100,0,51.7902573118012,65.3105773118012,0.03755644444444445,0.0,14.696000000000002,True,True,True,False,0.0,0.0,0.0,78.53056366149593,0.0,611.8979004761173,690.4284641376132
2026-05-18T08:30:00Z,2026-05-18T08:45:00Z,2026-05-18,2026-05-18_43,100.0,0,100,0,65.3105773118012,62.75157110062108,0.007108350586611447,0.0,22.645714285714288,True,True,True,False,2601.25,0.0,0.0,78.53056366149593,0.0,1587.5303069530685,4267.310870614564
2026-05-18T08:45:00Z,2026-05-18T09:00:00Z,2026-05-18,2026-05-18_44,53.71452366183666,0,100,0,62.75157110062108,72.289467567702,0.03005288305834165,0.0,23.902857142857144,True,True,True,False,1279.7485262432583,0.0,0.0,78.53056366149593,0.0,6664.137496983128,8022.416586887882
2026-05-18T09:00:00Z,2026-05-18T09:15:00Z,2026-05-18,2026-05-18_45,-1.0,0,0,99,72.289467567702,72.51946756770201,0.0006388888888888889,0.0,0.0,True,False,True,False,-20.61,990.7032329903241,0.0,0.0,0.0,0.0,970.093232990324
2026-05-18T09:15:00Z,2026-05-18T09:30:00Z,2026-05-18,2026-05-18_46,0.0,0,0,99,72.51946756770201,72.51946756770201,0.0,0.0,0.0,True,False,True,False,0.0,990.7032329903241,0.0,0.0,0.0,0.0,990.7032329903241
2026-05-18T09:30:00Z,2026-05-18T09:45:00Z,2026-05-18,2026-05-18_47,0.0,0,0,99,72.51946756770201,72.51946756770201,0.0,0.0,0.0,True,False,True,False,0.0,990.7032329903241,0.0,0.0,0.0,0.0,990.7032329903241
2026-05-18T09:45:00Z,2026-05-18T10:00:00Z,2026-05-18,2026-05-18_48,0.0,0,0,99,72.51946756770201,72.51946756770201,0.0,0.0,0.0,True,False,True,False,0.0,990.7032329903241,0.0,0.0,0.0,0.0,990.7032329903241
2026-05-18T10:00:00Z,2026-05-18T10:15:00Z,2026-05-18,2026-05-18_49,0.0,1,1,99,72.51946756770201,72.61817042484486,0.00027417460317460317,0.0,0.10728571428571428,True,True,True,False,0.0,990.7032329903241,1.0902703117800645,1.011365381661803,0.0,1.9066447714856178,994.7115134552515
2026-05-18T10:15:00Z,2026-05-18T10:30:00Z,2026-05-18,2026-05-18_50,0.0,1,1,99,72.61817042484486,72.65562231055915,0.00010403301587301589,0.0,0.04070857142857143,True,True,True,False,0.0,990.7032329903241,1.0902703117800645,1.011365381661803,0.0,-0.45128149285823993,992.3535871909077
2026-05-18T10:30:00Z,2026-05-18T10:45:00Z,2026-05-18,2026-05-18_51,0.0,1,1,99,72.65562231055915,72.65929536397529,5.0955169082125595e-05,0.006748571428571428,0.011965714285714284,True,True,True,False,0.0,990.7032329903241,1.0902703117800645,1.011365381661803,0.6465092042038747,-0.4427139697654518,993.0086639182043
2026-05-18T10:45:00Z,2026-05-18T11:00:00Z,2026-05-18,2026-05-18_52,0.0,1,1,99,72.65929536397529,72.66032168944113,1.6308461007591443e-05,0.0022285714285714287,0.003748571428571429,True,True,True,False,0.0,990.7032329903241,1.0902703117800645,1.011365381661803,0.2134958422011102,-0.026025109155933913,992.9923394168111
2026-05-18T11:00:00Z,2026-05-18T11:15:00Z,2026-05-18,2026-05-18_53,0.0,100,100,0,72.66032168944113,74.12233311801256,0.004061142857142859,0.0,1.5891428571428574,True,True,True,False,0.0,0.0,109.02703117800644,101.1365381661803,0.0,-37.575564758540494,172.58800458564625
2026-05-18T11:15:00Z,2026-05-18T11:30:00Z,2026-05-18,2026-05-18_54,0.0,100,100,0,74.12233311801256,74.35266653416164,0.0010745976535541752,0.07200000000000001,0.3354285714285714,True,True,True,False,0.0,0.0,109.02703117800644,101.1365381661803,6.897557978805099,-18.337551835355548,198.72357548763628
2026-05-18T11:30:00Z,2026-05-18T11:45:00Z,2026-05-18,2026-05-18_55,0.0,100,100,0,74.35266653416164,82.86082653416165,0.023633777777777785,0.0,9.248000000000001,True,True,True,False,0.0,0.0,109.02703117800644,101.1365381661803,0.0,184.77180156657963,394.9353709107664
2026-05-18T11:45:00Z,2026-05-18T12:00:00Z,2026-05-18,2026-05-18_56,0.0,100,100,0,82.86082653416165,102.29858653416164,0.05399377777777777,0.0,21.127999999999997,True,True,True,False,0.0,0.0,109.02703117800644,101.1365381661803,0.0,10437.957250806327,10648.120820150514
2026-05-18T12:00:00Z,2026-05-18T12:15:00Z,2026-05-18,2026-05-18_57,0.0,100,100,0,102.29858653416164,117.95120367701878,0.04347949206349207,0.0,17.013714285714286,True,True,True,False,0.0,0.0,109.05582859775764,101.1365381661803,0.0,3240.0464378963075,3450.2388046602455
2026-05-18T12:15:00Z,2026-05-18T12:30:00Z,2026-05-18,2026-05-18_58,0.0,100,100,0,117.95120367701878,132.51086081987592,0.04044349206349206,0.0,15.825714285714284,True,True,True,False,0.0,0.0,109.05582859775764,101.1365381661803,0.0,373.62758957368845,583.8199563376264
2026-05-18T12:30:00Z,2026-05-18T12:45:00Z,2026-05-18,2026-05-18_59,0.0,100,100,0,132.51086081987592,141.62464367701878,0.02531606349206349,0.0,9.906285714285714,True,True,True,False,0.0,0.0,109.05582859775764,101.1365381661803,0.0,90.79937775632446,300.9917445202624
2026-05-18T12:45:00Z,2026-05-18T13:00:00Z,2026-05-18,2026-05-18_60,0.0,100,100,0,141.62464367701878,143.83752914285728,0.006350492753623189,0.03371428571428572,2.4451428571428573,True,True,True,False,0.0,0.0,109.05582859775764,101.1365381661803,2.88676306031551,-76.46000394936043,136.61912587489303
2026-05-18T13:00:00Z,2026-05-18T13:15:00Z,2026-05-18,2026-05-18_61,0.0,0,0,100,143.83752914285728,143.83752914285728,0.0,0.0,0.0,True,True,True,False,0.0,1000.7103363538627,0.0,0.0,0.0,0.0,1000.7103363538627
2026-05-18T13:15:00Z,2026-05-18T13:30:00Z,2026-05-18,2026-05-18_62,0.0,0,0,100,143.83752914285728,143.83752914285728,0.0,0.0,0.0,True,True,True,False,0.0,1000.7103363538627,0.0,0.0,0.0,0.0,1000.7103363538627
2026-05-18T13:30:00Z,2026-05-18T13:45:00Z,2026-05-18,2026-05-18_63,0.0,0,0,100,143.83752914285728,143.83752914285728,0.0,0.0,0.0,True,True,True,False,0.0,1000.7103363538627,0.0,0.0,0.0,0.0,1000.7103363538627
2026-05-18T13:45:00Z,2026-05-18T14:00:00Z,2026-05-18,2026-05-18_64,0.0,0,0,100,143.83752914285728,143.83752914285728,0.0,0.0,0.0,True,True,True,False,0.0,1000.7103363538627,0.0,0.0,0.0,0.0,1000.7103363538627
2026-05-18T14:00:00Z,2026-05-18T14:15:00Z,2026-05-18,2026-05-18_65,0.0,100,100,0,143.83752914285728,147.85503771428586,0.011159746031746035,0.0,4.366857142857143,True,True,True,False,0.0,0.0,109.51658731377668,78.53056366149593,0.0,-27.504124229326198,160.5430267459464
2026-05-18T14:15:00Z,2026-05-18T14:30:00Z,2026-05-18,2026-05-18_66,0.0,100,100,0,147.85503771428586,152.9072006956523,0.014051039337474121,0.002857142857142857,5.494857142857143,True,True,True,False,0.0,0.0,109.51658731377668,78.53056366149593,0.43881782478004255,-20.15104460583189,168.33492419422078
2026-05-18T14:30:00Z,2026-05-18T14:45:00Z,2026-05-18,2026-05-18_67,0.0,100,100,0,152.9072006956523,161.4847549813666,0.023826539682539685,0.0,9.323428571428572,True,True,True,False,0.0,0.0,109.51658731377668,78.53056366149593,0.0,87.98439783223995,276.03154880751254
2026-05-18T14:45:00Z,2026-05-18T15:00:00Z,2026-05-18,2026-05-18_68,0.0,100,100,0,161.4847549813666,169.37993212422373,0.02193104761904762,0.0,8.581714285714286,True,True,True,False,0.0,0.0,109.51658731377668,78.53056366149593,0.0,106.07037080106194,294.11752177633457
2026-05-18T15:00:00Z,2026-05-18T15:15:00Z,2026-05-18,2026-05-18_69,2.916555885690286e-13,90,90,10,169.37993212422373,173.07104924223606,0.010265525465838655,0.002057142857142857,4.014514285714285,True,True,True,False,9.154339786210385e-12,100.07103363538627,98.15024573798188,71.6105436952849,0.31594883384163064,-79.16272573885949,190.98504616364434
2026-05-18T15:15:00Z,2026-05-18T15:30:00Z,2026-05-18,2026-05-18_70,2.916555885690286e-13,90,90,10,173.07104924223606,180.11520009937882,0.019567085714285795,0.0,7.6566857142857145,True,True,True,False,9.593281447006773e-12,100.07103363538627,98.15024573798188,71.6105436952849,0.0,81.93071180639359,351.76253487505625
2026-05-18T15:30:00Z,2026-05-18T15:45:00Z,2026-05-18,2026-05-18_71,0.0,90,90,10,180.11520009937882,185.13524581366454,0.01394457142857143,0.0,5.456571428571428,True,True,True,False,0.0,100.07103363538627,98.15024573798188,71.6105436952849,0.0,-26.709837527700373,243.12198554095266
2026-05-18T15:45:00Z,2026-05-18T16:00:00Z,2026-05-18,2026-05-18_72,0.0,90,90,10,185.13524581366454,185.37874802484464,0.0007850906832298138,0.018000000000000002,0.28594285714285717,True,True,True,False,0.0,100.07103363538627,98.15024573798188,71.6105436952849,2.842751113500231,-15.859650832656824,256.81492334949644
2026-05-18T16:00:00Z,2026-05-18T16:15:00Z,2026-05-18,2026-05-18_73,88.00000000000013,12,100,0,185.37874802484464,187.92719268571418,0.008132705148378112,0.0,24.801714285714286,True,True,True,False,3055.1400000000044,0.0,13.086699431730915,79.5096759330364,0.0,20509.69592118832,23657.432296553092
2026-05-18T16:15:00Z,2026-05-18T16:30:00Z,2026-05-18,2026-05-18_74,88.0,12,100,0,187.92719268571418,184.04606211180112,0.022296514451345756,0.0,18.77542857142857,True,True,True,False,3542.0,0.0,13.086699431730915,79.5096759330364,0.0,6536.929599249622,10171.52597461439
2026-05-18T16:30:00Z,2026-05-18T16:45:00Z,2026-05-18,2026-05-18_75,56.42894113487182,12,100,0,184.04606211180112,183.7761198277519,0.0338272723901296,0.0002057142857142857,14.853142857142856,True,True,True,False,2514.050399911377,0.0,13.086699431730915,79.5096759330364,0.03554424380718345,3826.0530287206266,6432.735348240578
2026-05-18T16:45:00Z,2026-05-18T17:00:00Z,2026-05-18,2026-05-18_76,87.56749830098452,12,100,0,183.7761198277519,159.31165988571416,0.067956833172327,0.6154285714285714,0.0,True,True,True,False,4712.007083575977,0.0,13.086699431730915,79.5096759330364,137.98121717094148,0.0,4942.584676111685
2026-05-18T17:00:00Z,2026-05-18T17:15:00Z,2026-05-18,2026-05-18_77,0.0,0,36,64,159.31165988571416,160.32210377142846,0.0028067885714285713,0.0,1.0983085714285714,True,True,True,False,0.0,640.4546152664722,0.0,28.675318691445245,0.0,-11.584026320293132,657.5459076376243
2026-05-18T17:15:00Z,2026-05-18T17:30:00Z,2026-05-18,2026-05-18_78,9.572447905891573e-13,0,36,64,160.32210377142846,160.55999999999963,0.0006608228571435413,0.0,0.2585828571428571,True,True,True,False,4.657953151006839e-11,640.4546152664722,0.0,28.675318691445245,0.0,-13.263392276806282,655.8665416811577
2026-05-18T17:30:00Z,2026-05-18T17:45:00Z,2026-05-18,2026-05-18_79,0.0,0,36,64,160.55999999999963,160.55999999999963,0.0,0.0,0.0,True,True,True,False,0.0,640.4546152664722,0.0,28.675318691445245,0.0,0.0,669.1299339579174
2026-05-18T17:45:00Z,2026-05-18T18:00:00Z,2026-05-18,2026-05-18_80,36.000000000000355,0,36,64,160.55999999999963,150.77739130434736,0.02717391304347853,0.0,0.0,True,True,True,False,2886.3000000000284,640.4546152664722,0.0,28.675318691445245,0.0,0.0,3555.4299339579457
2026-05-18T18:00:00Z,2026-05-18T18:15:00Z,2026-05-18,2026-05-18_81,83.0,0,83,17,150.77739130434736,128.22304347826042,0.06265096618357488,0.0,0.0,True,True,True,False,5037.685,170.12075718015666,0.0,66.11254031638765,0.0,0.0,5273.918297496544
2026-05-18T18:15:00Z,2026-05-18T18:30:00Z,2026-05-18,2026-05-18_82,83.0,0,83,17,128.22304347826042,105.68828571428526,0.06259654934437542,0.0,0.018022857142857143,True,True,True,False,5345.615,170.12075718015666,0.0,66.11254031638765,0.0,-1.116511986308884,5580.731785510236
2026-05-18T18:30:00Z,2026-05-18T18:45:00Z,2026-05-18,2026-05-18_83,83.0,0,83,17,105.68828571428526,83.1339378881983,0.06265096618357488,0.0,0.0,True,True,True,False,5830.335,170.12075718015666,0.0,66.11254031638765,0.0,0.0,6066.568297496544
2026-05-18T18:45:00Z,2026-05-18T19:00:00Z,2026-05-18,2026-05-18_84,83.0,0,83,17,83.1339378881983,61.397732919254196,0.060378347135955836,0.0,0.7526914285714285,True,True,True,False,5541.702499999999,170.12075718015666,0.0,66.11254031638765,0.0,-12.213750753669613,5765.722046742874
2026-05-18T19:00:00Z,2026-05-18T19:15:00Z,2026-05-18,2026-05-18_85,100.0,0,100,0,61.397732919254196,35.37972049689395,0.07227225672877846,0.0,1.0634285714285714,True,True,True,False,7250.25,0.0,0.0,79.65366303179235,0.0,-52.0256826908309,7277.877980340962
2026-05-18T19:15:00Z,2026-05-18T19:30:00Z,2026-05-18,2026-05-18_86,98.74935625207401,0,100,0,35.37972049689395,9.999999999999726,0.07058491532991328,0.0,1.3405714285714287,True,True,True,False,5714.378372916893,0.0,0.0,79.65366303179235,0.0,-40.24622528907125,5753.785810659614
2026-05-18T19:30:00Z,2026-05-18T19:45:00Z,2026-05-18,2026-05-18_87,3.085501664601438,0,100,0,9.999999999999726,9.999999999999726,0.004489202628925295,0.0,0.9062857142857144,True,True,True,False,152.41606847714954,0.0,0.0,79.65366303179235,0.0,-47.16120301906664,184.90852848987524
2026-05-18T19:45:00Z,2026-05-18T20:00:00Z,2026-05-18,2026-05-18_88,0.0,0,100,0,9.999999999999726,15.12676571428544,0.014241015873015874,0.0,5.572571428571429,True,True,True,False,0.0,0.0,0.0,79.65366303179235,0.0,72.49756236698336,152.1512253987757
2026-05-18T20:00:00Z,2026-05-18T20:15:00Z,2026-05-18,2026-05-18_89,0.0,100,34,0,15.12676571428544,15.090635985092893,0.0007070930572808834,0.13371428571428573,0.11870857142857143,True,True,True,False,0.0,0.0,109.05582859775764,27.082245430809397,22.259033723149837,-6.520288437150318,151.87681931456655
2026-05-18T20:15:00Z,2026-05-18T20:30:00Z,2026-05-18,2026-05-18_90,-1.00558555003403,100,34,0,15.090635985092893,13.666000775154998,0.005327249277950551,1.5531428571428572,0.03225142857142857,True,True,True,False,-41.26168908177134,0.0,109.05582859775764,27.082245430809397,271.9168852710797,-1.762101454681089,365.03116876319433
2026-05-18T20:30:00Z,2026-05-18T20:45:00Z,2026-05-18,2026-05-18_91,-66.0,100,34,0,13.666000775154998,19.216770186335125,0.035659245603864735,9.858285714285714,0.0,True,True,True,False,-2612.445,0.0,109.05582859775764,27.082245430809397,2411.036743094104,0.0,-65.27018287732896
2026-05-18T20:45:00Z,2026-05-18T21:00:00Z,2026-05-18,2026-05-18_92,0.0,100,34,0,19.216770186335125,9.999999999999723,0.02560213940648723,8.47942857142857,0.0,True,True,True,False,0.0,0.0,109.05582859775764,27.082245430809397,2203.9432901463456,0.0,2340.081364174913
2026-05-18T21:00:00Z,2026-05-18T21:15:00Z,2026-05-19,2026-05-18_93,-100.00000000000436,100,0,0,9.999999999999723,26.337097142857875,0.045380825396828195,7.242285714285714,0.0,True,True,True,False,-4052.7500000001774,0.0,109.73994818155647,0.0,1534.7418780210292,0.0,-2408.2681737975918
2026-05-18T21:15:00Z,2026-05-18T21:30:00Z,2026-05-19,2026-05-18_94,-77.74013831194293,100,0,0,26.337097142857875,35.35836322981369,0.03750016907389247,9.255428571428572,0.0,True,True,True,False,-2965.0088752175034,0.0,109.73994818155647,0.0,1857.523037602643,0.0,-997.745889433304
2026-05-18T21:30:00Z,2026-05-18T21:45:00Z,2026-05-19,2026-05-18_95,-99.99999999999997,100,0,0,35.35836322981369,44.231368944099394,0.0246472380952381,15.355428571428572,0.0,True,True,True,False,-3812.7499999999986,0.0,109.73994818155647,0.0,3780.2940344085437,0.0,77.2839825901015
2026-05-18T21:45:00Z,2026-05-18T22:00:00Z,2026-05-19,2026-05-18_96,-100.0,100,0,0,44.231368944099394,64.34782608695653,0.05587904761904761,3.1342857142857143,0.0,True,True,True,False,-3613.0000000000005,0.0,109.73994818155647,0.0,583.043311445296,0.0,-2920.216740373148
2026-05-18T22:00:00Z,2026-05-18T22:15:00Z,2026-05-19,2026-05-19_1,0.0,0,0,100,64.34782608695653,64.34782608695653,0.0,0.0,0.0,True,True,True,False,0.0,1000.3838403224258,0.0,0.0,0.0,0.0,1000.3838403224258
2026-05-18T22:15:00Z,2026-05-18T22:30:00Z,2026-05-19,2026-05-19_2,0.0,0,0,100,64.34782608695653,64.34782608695653,0.0,0.0,0.0,True,True,True,False,0.0,1000.3838403224258,0.0,0.0,0.0,0.0,1000.3838403224258
2026-05-18T22:30:00Z,2026-05-18T22:45:00Z,2026-05-19,2026-05-19_3,0.0,0,0,100,64.34782608695653,64.34782608695653,0.0,0.0,0.0,True,True,True,False,0.0,1000.3838403224258,0.0,0.0,0.0,0.0,1000.3838403224258
2026-05-18T22:45:00Z,2026-05-18T23:00:00Z,2026-05-19,2026-05-19_4,0.0,0,0,100,64.34782608695653,64.34782608695653,0.0,0.0,0.0,True,True,True,False,0.0,1000.3838403224258,0.0,0.0,0.0,0.0,1000.3838403224258
2026-05-18T23:00:00Z,2026-05-18T23:15:00Z,2026-05-19,2026-05-19_5,0.0,0,0,100,64.34782608695653,64.34782608695653,0.0,0.0,0.0,True,True,True,False,0.0,1000.3838403224258,0.0,0.0,0.0,0.0,1000.3838403224258
2026-05-18T23:15:00Z,2026-05-18T23:30:00Z,2026-05-19,2026-05-19_6,0.0,0,0,100,64.34782608695653,64.34782608695653,0.0,0.0,0.0,True,True,True,False,0.0,1000.3838403224258,0.0,0.0,0.0,0.0,1000.3838403224258
2026-05-18T23:30:00Z,2026-05-18T23:45:00Z,2026-05-19,2026-05-19_7,0.0,0,0,100,64.34782608695653,64.34782608695653,0.0,0.0,0.0,True,True,True,False,0.0,1000.3838403224258,0.0,0.0,0.0,0.0,1000.3838403224258
2026-05-18T23:45:00Z,2026-05-19T00:00:00Z,2026-05-19,2026-05-19_8,0.0,0,0,100,64.34782608695653,64.34782608695653,0.0,0.0,0.0,True,True,True,False,0.0,1000.3838403224258,0.0,0.0,0.0,0.0,1000.3838403224258
2026-05-19T00:00:00Z,2026-05-19T00:15:00Z,2026-05-19,2026-05-19_9,0.0,0,0,100,64.34782608695653,64.34782608695653,0.0,0.0,0.0,True,True,True,False,0.0,1000.3838403224258,0.0,0.0,0.0,0.0,1000.3838403224258
2026-05-19T00:15:00Z,2026-05-19T00:30:00Z,2026-05-19,2026-05-19_10,0.0,0,0,100,64.34782608695653,64.34782608695653,0.0,0.0,0.0,True,True,True,False,0.0,1000.3838403224258,0.0,0.0,0.0,0.0,1000.3838403224258
2026-05-19T00:30:00Z,2026-05-19T00:45:00Z,2026-05-19,2026-05-19_11,0.0,0,0,100,64.34782608695653,64.34782608695653,0.0,0.0,0.0,True,True,True,False,0.0,1000.3838403224258,0.0,0.0,0.0,0.0,1000.3838403224258
2026-05-19T00:45:00Z,2026-05-19T01:00:00Z,2026-05-19,2026-05-19_12,0.0,0,0,100,64.34782608695653,64.34782608695653,0.0,0.0,0.0,True,True,True,False,0.0,1000.3838403224258,0.0,0.0,0.0,0.0,1000.3838403224258
2026-05-19T01:00:00Z,2026-05-19T01:15:00Z,2026-05-19,2026-05-19_13,0.0,0,0,100,64.34782608695653,64.34782608695653,0.0,0.0,0.0,True,True,True,False,0.0,1000.3838403224258,0.0,0.0,0.0,0.0,1000.3838403224258
2026-05-19T01:15:00Z,2026-05-19T01:30:00Z,2026-05-19,2026-05-19_14,0.0,0,0,100,64.34782608695653,64.34782608695653,0.0,0.0,0.0,True,True,True,False,0.0,1000.3838403224258,0.0,0.0,0.0,0.0,1000.3838403224258
2026-05-19T01:30:00Z,2026-05-19T01:45:00Z,2026-05-19,2026-05-19_15,0.0,0,0,100,64.34782608695653,64.34782608695653,0.0,0.0,0.0,True,True,True,False,0.0,1000.3838403224258,0.0,0.0,0.0,0.0,1000.3838403224258
2026-05-19T01:45:00Z,2026-05-19T02:00:00Z,2026-05-19,2026-05-19_16,0.0,0,0,100,64.34782608695653,64.34782608695653,0.0,0.0,0.0,True,True,True,False,0.0,1000.3838403224258,0.0,0.0,0.0,0.0,1000.3838403224258
2026-05-19T02:00:00Z,2026-05-19T02:15:00Z,2026-05-19,2026-05-19_17,0.0,0,0,100,64.34782608695653,64.34782608695653,0.0,0.0,0.0,True,True,True,False,0.0,1000.3838403224258,0.0,0.0,0.0,0.0,1000.3838403224258
2026-05-19T02:15:00Z,2026-05-19T02:30:00Z,2026-05-19,2026-05-19_18,0.0,0,0,100,64.34782608695653,64.34782608695653,0.0,0.0,0.0,True,True,True,False,0.0,1000.3838403224258,0.0,0.0,0.0,0.0,1000.3838403224258
2026-05-19T02:30:00Z,2026-05-19T02:45:00Z,2026-05-19,2026-05-19_19,0.0,0,0,100,64.34782608695653,64.34782608695653,0.0,0.0,0.0,True,True,True,False,0.0,1000.3838403224258,0.0,0.0,0.0,0.0,1000.3838403224258
2026-05-19T02:45:00Z,2026-05-19T03:00:00Z,2026-05-19,2026-05-19_20,0.0,0,0,100,64.34782608695653,64.34782608695653,0.0,0.0,0.0,True,True,True,False,0.0,1000.3838403224258,0.0,0.0,0.0,0.0,1000.3838403224258
2026-05-19T03:00:00Z,2026-05-19T03:15:00Z,2026-05-19,2026-05-19_21,0.0,0,0,100,64.34782608695653,64.34782608695653,0.0,0.0,0.0,True,True,True,False,0.0,1000.3838403224258,0.0,0.0,0.0,0.0,1000.3838403224258
2026-05-19T03:15:00Z,2026-05-19T03:30:00Z,2026-05-19,2026-05-19_22,0.0,0,0,100,64.34782608695653,64.34782608695653,0.0,0.0,0.0,True,True,True,False,0.0,1000.3838403224258,0.0,0.0,0.0,0.0,1000.3838403224258
2026-05-19T03:30:00Z,2026-05-19T03:45:00Z,2026-05-19,2026-05-19_23,0.0,0,0,100,64.34782608695653,64.34782608695653,0.0,0.0,0.0,True,True,True,False,0.0,1000.3838403224258,0.0,0.0,0.0,0.0,1000.3838403224258
2026-05-19T03:45:00Z,2026-05-19T04:00:00Z,2026-05-19,2026-05-19_24,0.0,0,0,100,64.34782608695653,64.34782608695653,0.0,0.0,0.0,True,True,True,False,0.0,1000.3838403224258,0.0,0.0,0.0,0.0,1000.3838403224258
2026-05-19T04:00:00Z,2026-05-19T04:15:00Z,2026-05-19,2026-05-19_25,0.0,0,0,100,64.34782608695653,64.34782608695653,0.0,0.0,0.0,True,True,True,False,0.0,1000.3838403224258,0.0,0.0,0.0,0.0,1000.3838403224258
2026-05-19T04:15:00Z,2026-05-19T04:30:00Z,2026-05-19,2026-05-19_26,0.0,0,0,100,64.34782608695653,64.34782608695653,0.0,0.0,0.0,True,True,True,False,0.0,1000.3838403224258,0.0,0.0,0.0,0.0,1000.3838403224258
2026-05-19T04:30:00Z,2026-05-19T04:45:00Z,2026-05-19,2026-05-19_27,0.0,0,0,100,64.34782608695653,64.34782608695653,0.0,0.0,0.0,True,True,True,False,0.0,1000.3838403224258,0.0,0.0,0.0,0.0,1000.3838403224258
2026-05-19T04:45:00Z,2026-05-19T05:00:00Z,2026-05-19,2026-05-19_28,0.0,0,0,100,64.34782608695653,64.34782608695653,0.0,0.0,0.0,True,True,True,False,0.0,1000.3838403224258,0.0,0.0,0.0,0.0,1000.3838403224258
2026-05-19T05:00:00Z,2026-05-19T05:15:00Z,2026-05-19,2026-05-19_29,1.0,0,0,99,64.34782608695653,64.07608695652175,0.0007548309178743961,0.0,0.0,True,False,True,False,45.6825,990.3800019192015,0.0,0.0,0.0,0.0,1036.0625019192014
2026-05-19T05:15:00Z,2026-05-19T05:30:00Z,2026-05-19,2026-05-19_30,0.9999999999999762,0,0,99,64.07608695652175,63.804347826086975,0.0007548309178743782,0.0,0.0,True,False,True,False,40.81499999999903,990.3800019192015,0.0,0.0,0.0,0.0,1031.1950019192004
2026-05-19T05:30:00Z,2026-05-19T05:45:00Z,2026-05-19,2026-05-19_31,0.0,0,0,99,63.804347826086975,63.804347826086975,0.0,0.0,0.0,True,False,True,False,0.0,990.3800019192015,0.0,0.0,0.0,0.0,990.3800019192015
2026-05-19T05:45:00Z,2026-05-19T06:00:00Z,2026-05-19,2026-05-19_32,0.0,0,0,99,63.804347826086975,63.804347826086975,0.0,0.0,0.0,True,False,True,False,0.0,990.3800019192015,0.0,0.0,0.0,0.0,990.3800019192015
2026-05-19T06:00:00Z,2026-05-19T06:15:00Z,2026-05-19,2026-05-19_33,0.0,100,100,0,63.804347826086975,40.870931677018646,0.06516425120772946,21.340571428571426,0.2857142857142857,True,True,True,False,0.0,0.0,110.57480088283275,77.20948085596393,19377.197900283765,-13.935706745993667,19551.04647527657
2026-05-19T06:15:00Z,2026-05-19T06:30:00Z,2026-05-19,2026-05-19_34,0.0,100,100,0,40.870931677018646,32.975279503105604,0.02193236714975845,7.263999999999999,0.0,True,True,True,False,0.0,0.0,110.57480088283275,77.20948085596393,1537.2048778428175,0.0,1724.989159581614
2026-05-19T06:30:00Z,2026-05-19T06:45:00Z,2026-05-19,2026-05-19_35,0.0,100,100,0,32.975279503105604,30.847432546583864,0.006059638371290545,1.9822857142857142,0.029142857142857137,True,True,True,False,0.0,0.0,110.57480088283275,77.20948085596393,339.8939962438483,-2.1196737357259376,525.558604246919
2026-05-19T06:45:00Z,2026-05-19T07:00:00Z,2026-05-19,2026-05-19_36,0.0,100,100,0,30.847432546583864,40.61204968944101,0.02712393650793651,0.0,10.613714285714286,True,True,True,False,0.0,0.0,110.57480088283275,77.20948085596393,0.0,98.47603942588455,286.2603211646812
2026-05-19T07:00:00Z,2026-05-19T07:15:00Z,2026-05-19,2026-05-19_37,81.0,19,100,0,40.61204968944101,22.13953309813666,0.05456882037267081,0.0,3.353142857142857,True,True,True,False,2574.3824999999997,0.0,21.009212167738223,77.20948085596393,0.0,-30.159301410613185,2642.4418916130885
2026-05-19T07:15:00Z,2026-05-19T07:30:00Z,2026-05-19,2026-05-19_38,80.99999999999999,19,100,0,22.13953309813666,10.286655045962753,0.04227285427191166,0.0,9.626285714285714,True,True,True,False,2385.0449999999996,0.0,21.009212167738223,77.20948085596393,0.0,-0.2512570496387789,2483.012435974063
2026-05-19T07:30:00Z,2026-05-19T07:45:00Z,2026-05-19,2026-05-19_39,35.56123120242331,19,100,0,10.286655045962753,20.29409940869567,0.03835270603078131,0.0,20.085142857142856,True,True,True,False,914.9904788383517,0.0,21.009212167738223,77.20948085596393,0.0,597.9363025758427,1611.1454744378966
2026-05-19T07:45:00Z,2026-05-19T08:00:00Z,2026-05-19,2026-05-19_40,0.0,19,100,0,20.29409940869567,39.2066708372671,0.052534920634920636,0.0,20.557142857142857,True,True,True,False,0.0,0.0,21.009212167738223,77.20948085596393,0.0,638.0072326483611,736.2259256720632
2026-05-19T08:00:00Z,2026-05-19T08:15:00Z,2026-05-19,2026-05-19_41,0.0,100,100,0,39.2066708372671,55.571630837267094,0.04545822222222222,0.0,17.788,True,True,True,False,0.0,0.0,110.08540447173978,77.92918146051244,0.0,449.0748818731409,637.0894678053932
2026-05-19T08:15:00Z,2026-05-19T08:30:00Z,2026-05-19,2026-05-19_42,0.0,100,100,0,55.571630837267094,74.0857108372671,0.051428,0.0,20.124,True,True,True,False,0.0,0.0,110.08540447173978,77.92918146051244,0.0,695.7601197581805,883.7747056904327
2026-05-19T08:30:00Z,2026-05-19T08:45:00Z,2026-05-19,2026-05-19_43,0.0,100,100,0,74.0857108372671,89.44392798012424,0.04266171428571428,0.0,16.693714285714282,True,True,True,False,0.0,0.0,110.08540447173978,77.92918146051244,0.0,474.75122859062054,662.7658145228728
2026-05-19T08:45:00Z,2026-05-19T09:00:00Z,2026-05-19,2026-05-19_44,0.0,100,100,0,89.44392798012424,97.99940226583853,0.023765206349206355,0.0,9.299428571428573,True,True,True,False,0.0,0.0,110.08540447173978,77.92918146051244,0.0,63.47098710022347,251.48557303247568
2026-05-19T09:00:00Z,2026-05-19T09:15:00Z,2026-05-19,2026-05-19_45,0.0,100,100,0,97.99940226583853,108.3470365515528,0.02874342857142857,0.0,11.247428571428571,True,True,True,False,0.0,0.0,110.08540447173978,101.82324153152288,0.0,74.99436972048198,286.90301572374466
2026-05-19T09:15:00Z,2026-05-19T09:30:00Z,2026-05-19,2026-05-19_46,0.0,100,100,0,108.3470365515528,122.28582512298138,0.038718857142857145,0.0,15.150857142857143,True,True,True,False,0.0,0.0,110.08540447173978,101.82324153152288,0.0,289.50771338094785,501.4163593842105
2026-05-19T09:30:00Z,2026-05-19T09:45:00Z,2026-05-19,2026-05-19_47,0.0,100,100,0,122.28582512298138,141.69992798012424,0.05392806349206349,0.0,21.102285714285713,True,True,True,False,0.0,0.0,110.08540447173978,101.82324153152288,0.0,939.3139488121512,1151.222594815414
2026-05-19T09:45:00Z,2026-05-19T10:00:00Z,2026-05-19,2026-05-19_48,0.0,100,100,0,141.69992798012424,142.27280251428573,0.00686391994478951,0.8731428571428572,1.6542857142857144,True,True,True,False,0.0,0.0,110.08540447173978,101.82324153152288,123.48490515031462,-27.903629758591855,307.4899213949854
2026-05-19T10:00:00Z,2026-05-19T10:15:00Z,2026-05-19,2026-05-19_49,-1.0,1,0,99,142.27280251428573,142.50280251428572,0.0006388888888888889,0.0,0.0,True,True,True,False,-20.3,990.3800019192015,1.1008540447173978,0.0,0.0,0.0,971.1808559639189
2026-05-19T10:15:00Z,2026-05-19T10:30:00Z,2026-05-19,2026-05-19_50,-1.0,1,0,99,142.50280251428572,142.73260274285715,0.0006383339682539683,0.00021714285714285713,0.0,True,True,True,False,-20.305,990.3800019192015,1.1008540447173978,0.0,0.029171864504366183,0.0,971.2050278284232
2026-05-19T10:30:00Z,2026-05-19T10:45:00Z,2026-05-19,2026-05-19_51,-1.0,1,0,99,142.73260274285715,142.96255017142857,0.0006387428571428571,5.714285714285714e-05,0.0,True,True,True,False,-18.8525,990.3800019192015,1.1008540447173978,0.0,0.007676806448517416,0.0,972.6360327703674
2026-05-19T10:45:00Z,2026-05-19T11:00:00Z,2026-05-19,2026-05-19_52,-1.0,1,0,99,142.96255017142857,143.17394514285715,0.000587208253968254,0.020222857142857143,0.0,True,True,True,False,-18.75,990.3800019192015,1.1008540447173978,0.0,2.8267444122445067,0.0,975.5576003761635
2026-05-19T11:00:00Z,2026-05-19T11:15:00Z,2026-05-19,2026-05-19_53,-1.0,1,0,99,143.17394514285715,143.35797142857143,0.000511184126984127,0.04997142857142857,0.0,True,True,True,False,-19.7075,990.3800019192015,1.1008540447173978,0.0,7.627468913046458,0.0,979.4008248769653
2026-05-19T11:15:00Z,2026-05-19T11:30:00Z,2026-05-19,2026-05-19_54,-1.0,1,0,99,143.35797142857143,143.54810125714286,0.0005281384126984127,0.04333714285714285,0.0,True,True,True,False,-19.5825,990.3800019192015,1.1008540447173978,0.0,6.450418281766213,0.0,978.3487742456851
2026-05-19T11:30:00Z,2026-05-19T11:45:00Z,2026-05-19,2026-05-19_55,-1.0,1,0,99,143.54810125714286,143.77027862857145,0.0006171593650793652,0.008502857142857144,0.0,True,True,True,False,-19.6825,990.3800019192015,1.1008540447173978,0.0,1.1703802223532154,0.0,972.9687361862722
2026-05-19T11:45:00Z,2026-05-19T12:00:00Z,2026-05-19,2026-05-19_56,-1.0,1,0,99,143.77027862857145,144.00000000000003,0.0006381149206349208,0.00030285714285714285,0.0,True,True,True,False,-19.6075,990.3800019192015,1.1008540447173978,0.0,0.04068707417714231,0.0,971.914043038096
2026-05-19T12:00:00Z,2026-05-19T12:15:00Z,2026-05-19,2026-05-19_57,0.0,0,0,100,144.00000000000003,144.00000000000003,0.0,0.0,0.0,True,True,True,False,0.0,1000.3838403224258,0.0,0.0,0.0,0.0,1000.3838403224258
2026-05-19T12:15:00Z,2026-05-19T12:30:00Z,2026-05-19,2026-05-19_58,0.0,0,0,100,144.00000000000003,144.00000000000003,0.0,0.0,0.0,True,True,True,False,0.0,1000.3838403224258,0.0,0.0,0.0,0.0,1000.3838403224258
2026-05-19T12:30:00Z,2026-05-19T12:45:00Z,2026-05-19,2026-05-19_59,0.0,0,0,100,144.00000000000003,144.00000000000003,0.0,0.0,0.0,True,True,True,False,0.0,1000.3838403224258,0.0,0.0,0.0,0.0,1000.3838403224258
2026-05-19T12:45:00Z,2026-05-19T13:00:00Z,2026-05-19,2026-05-19_60,0.0,0,0,100,144.00000000000003,144.00000000000003,0.0,0.0,0.0,True,True,True,False,0.0,1000.3838403224258,0.0,0.0,0.0,0.0,1000.3838403224258
2026-05-19T13:00:00Z,2026-05-19T13:15:00Z,2026-05-19,2026-05-19_61,0.0,0,0,100,144.00000000000003,144.00000000000003,0.0,0.0,0.0,True,True,True,False,0.0,1000.3838403224258,0.0,0.0,0.0,0.0,1000.3838403224258
2026-05-19T13:15:00Z,2026-05-19T13:30:00Z,2026-05-19,2026-05-19_62,0.0,0,0,100,144.00000000000003,144.00000000000003,0.0,0.0,0.0,True,True,True,False,0.0,1000.3838403224258,0.0,0.0,0.0,0.0,1000.3838403224258
2026-05-19T13:30:00Z,2026-05-19T13:45:00Z,2026-05-19,2026-05-19_63,0.0,0,0,100,144.00000000000003,144.00000000000003,0.0,0.0,0.0,True,True,True,False,0.0,1000.3838403224258,0.0,0.0,0.0,0.0,1000.3838403224258
2026-05-19T13:45:00Z,2026-05-19T14:00:00Z,2026-05-19,2026-05-19_64,0.0,0,0,100,144.00000000000003,144.00000000000003,0.0,0.0,0.0,True,True,True,False,0.0,1000.3838403224258,0.0,0.0,0.0,0.0,1000.3838403224258
2026-05-19T14:00:00Z,2026-05-19T14:15:00Z,2026-05-19,2026-05-19_65,0.0,0,0,100,144.00000000000003,144.00000000000003,0.0,0.0,0.0,True,False,True,False,0.0,1000.3838403224258,0.0,0.0,0.0,0.0,1000.3838403224258
2026-05-19T14:15:00Z,2026-05-19T14:30:00Z,2026-05-19,2026-05-19_66,0.0,0,0,100,144.00000000000003,144.00000000000003,0.0,0.0,0.0,True,False,True,False,0.0,1000.3838403224258,0.0,0.0,0.0,0.0,1000.3838403224258
2026-05-19T14:30:00Z,2026-05-19T14:45:00Z,2026-05-19,2026-05-19_67,0.0,0,0,100,144.00000000000003,144.00000000000003,0.0,0.0,0.0,True,False,True,False,0.0,1000.3838403224258,0.0,0.0,0.0,0.0,1000.3838403224258
2026-05-19T14:45:00Z,2026-05-19T15:00:00Z,2026-05-19,2026-05-19_68,0.0,0,0,100,144.00000000000003,144.00000000000003,0.0,0.0,0.0,True,False,True,False,0.0,1000.3838403224258,0.0,0.0,0.0,0.0,1000.3838403224258
2026-05-19T15:00:00Z,2026-05-19T15:15:00Z,2026-05-19,2026-05-19_69,0.0,0,0,100,144.00000000000003,144.00000000000003,0.0,0.0,0.0,True,False,True,False,0.0,1000.3838403224258,0.0,0.0,0.0,0.0,1000.3838403224258
2026-05-19T15:15:00Z,2026-05-19T15:30:00Z,2026-05-19,2026-05-19_70,0.0,0,0,100,144.00000000000003,144.00000000000003,0.0,0.0,0.0,True,False,True,False,0.0,1000.3838403224258,0.0,0.0,0.0,0.0,1000.3838403224258
2026-05-19T15:30:00Z,2026-05-19T15:45:00Z,2026-05-19,2026-05-19_71,0.0,0,0,100,144.00000000000003,144.00000000000003,0.0,0.0,0.0,True,False,True,False,0.0,1000.3838403224258,0.0,0.0,0.0,0.0,1000.3838403224258
2026-05-19T15:45:00Z,2026-05-19T16:00:00Z,2026-05-19,2026-05-19_72,0.0,0,0,100,144.00000000000003,144.00000000000003,0.0,0.0,0.0,True,False,True,False,0.0,1000.3838403224258,0.0,0.0,0.0,0.0,1000.3838403224258
2026-05-19T16:00:00Z,2026-05-19T16:15:00Z,2026-05-19,2026-05-19_73,0.0,0,0,100,144.00000000000003,144.00000000000003,0.0,0.0,0.0,True,True,True,False,0.0,1000.3838403224258,0.0,0.0,0.0,0.0,1000.3838403224258
2026-05-19T16:15:00Z,2026-05-19T16:30:00Z,2026-05-19,2026-05-19_74,0.0,0,0,100,144.00000000000003,144.00000000000003,0.0,0.0,0.0,True,True,True,False,0.0,1000.3838403224258,0.0,0.0,0.0,0.0,1000.3838403224258
2026-05-19T16:30:00Z,2026-05-19T16:45:00Z,2026-05-19,2026-05-19_75,0.0,0,0,100,144.00000000000003,144.00000000000003,0.0,0.0,0.0,True,True,True,False,0.0,1000.3838403224258,0.0,0.0,0.0,0.0,1000.3838403224258
2026-05-19T16:45:00Z,2026-05-19T17:00:00Z,2026-05-19,2026-05-19_76,0.0,0,0,100,144.00000000000003,144.00000000000003,0.0,0.0,0.0,True,True,True,False,0.0,1000.3838403224258,0.0,0.0,0.0,0.0,1000.3838403224258
2026-05-19T17:00:00Z,2026-05-19T17:15:00Z,2026-05-19,2026-05-19_77,0.0,0,0,100,144.00000000000003,144.00000000000003,0.0,0.0,0.0,True,True,True,False,0.0,1000.3838403224258,0.0,0.0,0.0,0.0,1000.3838403224258
2026-05-19T17:15:00Z,2026-05-19T17:30:00Z,2026-05-19,2026-05-19_78,0.0,0,0,100,144.00000000000003,144.00000000000003,0.0,0.0,0.0,True,True,True,False,0.0,1000.3838403224258,0.0,0.0,0.0,0.0,1000.3838403224258
2026-05-19T17:30:00Z,2026-05-19T17:45:00Z,2026-05-19,2026-05-19_79,0.0,0,0,100,144.00000000000003,144.00000000000003,0.0,0.0,0.0,True,True,True,False,0.0,1000.3838403224258,0.0,0.0,0.0,0.0,1000.3838403224258
2026-05-19T17:45:00Z,2026-05-19T18:00:00Z,2026-05-19,2026-05-19_80,0.0,0,0,100,144.00000000000003,144.00000000000003,0.0,0.0,0.0,True,True,True,False,0.0,1000.3838403224258,0.0,0.0,0.0,0.0,1000.3838403224258
2026-05-19T18:00:00Z,2026-05-19T18:15:00Z,2026-05-19,2026-05-19_81,96.0,0,96,4,144.00000000000003,118.3298385093168,0.07130600414078674,0.0,0.38345142857142855,True,True,True,False,5879.76,40.01535361289703,0.0,73.8723730927934,0.0,-22.62278797702442,5971.024938728666
2026-05-19T18:15:00Z,2026-05-19T18:30:00Z,2026-05-19,2026-05-19_82,96.0,0,96,4,118.3298385093168,92.45098136645966,0.07188571428571429,0.0,0.19145142857142855,True,True,True,False,5719.4400000000005,40.01535361289703,0.0,73.8723730927934,0.0,-10.860023036999467,5822.467703668692
2026-05-19T18:30:00Z,2026-05-19T18:45:00Z,2026-05-19,2026-05-19_83,94.44969433507853,0,96,4,92.45098136645966,67.07972670807455,0.07049812037487306,0.0,0.27154285714285714,True,True,True,False,5525.070994366257,40.01535361289703,0.0,73.8723730927934,0.0,-17.417620310636494,5621.541100761311
2026-05-19T18:45:00Z,2026-05-19T19:00:00Z,2026-05-19,2026-05-19_84,96.0,0,96,4,67.07972670807455,50.12111801242237,0.04710724637681159,0.0,8.39808,True,True,True,False,5409.12,40.01535361289703,0.0,73.8723730927934,0.0,153.25750560598792,5676.265232311678
2026-05-19T19:00:00Z,2026-05-19T19:15:00Z,2026-05-19,2026-05-19_85,100.0,0,100,0,50.12111801242237,33.73850931677019,0.0455072463768116,0.0,9.927999999999999,True,True,True,False,6562.25,0.0,0.0,76.95038863832647,0.0,318.5191256117455,6957.719514250072
2026-05-19T19:15:00Z,2026-05-19T19:30:00Z,2026-05-19,2026-05-19_86,100.0,0,100,0,33.73850931677019,10.000000000000007,0.06594030365769496,0.0,3.1605714285714286,True,True,True,False,6088.75,0.0,0.0,76.95038863832647,0.0,-52.144424308059286,6113.555964330267
2026-05-19T19:30:00Z,2026-05-19T19:45:00Z,2026-05-19,2026-05-19_87,0.7807599924145926,0,100,0,10.000000000000007,10.000000000000007,0.0011678262039749952,0.0,0.2302857142857143,True,True,True,False,39.03799962072963,0.0,0.0,76.95038863832647,0.0,-13.540030981397454,102.44835727765864
2026-05-19T19:45:00Z,2026-05-19T20:00:00Z,2026-05-19,2026-05-19_88,17.28129976229141,0,100,0,10.000000000000007,10.000000000000009,0.020924207293272715,0.0,4.949142857142856,True,True,True,False,812.2210888276963,0.0,0.0,76.95038863832647,0.0,39.41837224286125,928.5898497088841
2026-05-19T20:00:00Z,2026-05-19T20:15:00Z,2026-05-19,2026-05-19_89,20.52231097553528,78,100,0,10.000000000000009,10.000000000000007,0.023739455860347453,0.0,5.844,True,True,True,False,852.9072441432463,0.0,85.23788503982344,76.95038863832647,0.0,-63.423186258516466,951.6723315628798
2026-05-19T20:15:00Z,2026-05-19T20:30:00Z,2026-05-19,2026-05-19_90,22.000000000000004,78,100,0,10.000000000000007,11.340431503105597,0.026825836300897174,0.011588571428571429,7.662857142857144,True,True,True,False,865.5900000000001,0.0,85.23788503982344,76.95038863832647,1.9075760494605674,135.1871830232909,1164.8730327509015
2026-05-19T20:30:00Z,2026-05-19T20:45:00Z,2026-05-19,2026-05-19_91,21.999999999999996,78,100,0,11.340431503105597,10.048509654658393,0.023116504182194617,0.0,4.898285714285714,True,True,True,False,798.9299999999998,0.0,85.23788503982344,76.95038863832647,0.0,-103.67481881365923,857.4434548644905
2026-05-19T20:45:00Z,2026-05-19T21:00:00Z,2026-05-19,2026-05-19_92,0.0,78,100,0,10.048509654658393,16.806566797515536,0.018772380952380954,0.0,7.345714285714286,True,True,True,False,0.0,0.0,85.23788503982344,76.95038863832647,0.0,853.6197919037111,1015.808065581861
2026-05-19T21:00:00Z,2026-05-19T21:15:00Z,2026-05-20,2026-05-19_93,0.0,100,100,0,16.806566797515536,19.718881828571437,0.00811391856452726,0.004,3.1702857142857144,True,True,True,False,0.0,0.0,109.3935335756648,75.64568586187104,0.612205854218481,-46.59294979365382,139.0584754981005
2026-05-19T21:15:00Z,2026-05-19T21:30:00Z,2026-05-20,2026-05-19_94,0.0,100,100,0,19.718881828571437,26.768097232298146,0.019736433402346445,0.025714285714285714,7.692571428571428,True,True,True,False,0.0,0.0,109.3935335756648,75.64568586187104,4.23865096067124,243.13500057394293,432.41287097215
2026-05-19T21:30:00Z,2026-05-19T21:45:00Z,2026-05-20,2026-05-19_95,0.0,100,100,0,26.768097232298146,30.540243319254667,0.010529943409247759,0.008571428571428572,4.110285714285714,True,True,True,False,0.0,0.0,109.3935335756648,75.64568586187104,1.3118696876110305,-16.360148131952226,169.99094099319464
2026-05-19T21:45:00Z,2026-05-19T22:00:00Z,2026-05-20,2026-05-19_96,0.0,100,100,0,30.540243319254667,35.9145250583851,0.014932011042097999,0.0005714285714285715,5.8422857142857145,True,True,True,False,0.0,0.0,109.3935335756648,75.64568586187104,0.08745797917406871,127.5399920194594,312.66666943616934
2026-05-19T22:00:00Z,2026-05-19T22:15:00Z,2026-05-20,2026-05-20_1,-0.3670446248835774,53,0,47,35.9145250583851,35.97625519841734,0.0002967891716176208,0.020897142857142857,0.0,True,True,True,False,-19.662580555013243,468.69619284484406,57.97857279510234,0.0,3.324532733881768,0.0,510.3367178188149
2026-05-19T22:15:00Z,2026-05-19T22:30:00Z,2026-05-20,2026-05-20_2,-38.51334747009585,53,0,47,35.97625519841734,43.40600235527945,0.02307962239763464,1.4791542857142859,0.0,True,True,True,False,-1512.1303050446386,468.69619284484406,57.97857279510234,0.0,254.3935963704939,0.0,-731.0619430341983
2026-05-19T22:30:00Z,2026-05-19T22:45:00Z,2026-05-20,2026-05-20_3,-53.00000000000003,53,0,47,43.40600235527945,52.142679840993736,0.02426854857142859,3.753611428571429,0.0,True,True,True,False,-1644.192500000001,468.69619284484406,57.97857279510234,0.0,663.6624857678538,0.0,-453.85524859220084
2026-05-19T22:45:00Z,2026-05-19T23:00:00Z,2026-05-20,2026-05-20_4,-53.00000000000003,53,0,47,52.142679840993736,63.64808944099374,0.03195947111111113,0.7441199999999999,0.0,True,True,True,False,-1597.9500000000007,468.69619284484406,57.97857279510234,0.0,127.63245323129901,0.0,-943.6427811287554
2026-05-19T23:00:00Z,2026-05-19T23:15:00Z,2026-05-20,2026-05-20_5,0.0,100,0,0,63.64808944099374,44.060511801242185,0.05440993788819876,18.02057142857143,0.0,True,True,True,False,0.0,0.0,108.99177348383392,0.0,5059.6400115881825,0.0,5168.631785072016
2026-05-19T23:15:00Z,2026-05-19T23:30:00Z,2026-05-20,2026-05-20_6,-100.0,100,0,0,44.060511801242185,46.67120894409933,0.007251936507936508,22.162285714285716,0.0,True,True,True,False,-2971.0,0.0,108.99177348383392,0.0,9021.368914154526,0.0,6159.360687638359
2026-05-19T23:30:00Z,2026-05-19T23:45:00Z,2026-05-20,2026-05-20_7,-100.0,100,0,0,46.67120894409933,51.41157465838504,0.013167682539682549,19.84742857142857,0.0,True,True,True,False,-2954.5,0.0,108.99177348383392,0.0,5418.480898412091,0.0,2572.972671895925
2026-05-19T23:45:00Z,2026-05-20T00:00:00Z,2026-05-20,2026-05-20_8,-100.0,100,0,0,51.41157465838504,64.34782608695647,0.03593403174603174,10.938857142857144,0.0,True,True,True,False,-2860.0,0.0,108.99177348383392,0.0,2568.5868019350078,0.0,-182.4214245811583
2026-05-20T00:00:00Z,2026-05-20T00:15:00Z,2026-05-20,2026-05-20_9,0.0,0,0,100,64.34782608695647,64.34782608695647,0.0,0.0,0.0,True,True,True,False,0.0,997.2259422230725,0.0,0.0,0.0,0.0,997.2259422230725
2026-05-20T00:15:00Z,2026-05-20T00:30:00Z,2026-05-20,2026-05-20_10,0.0,0,0,100,64.34782608695647,64.34782608695647,0.0,0.0,0.0,True,True,True,False,0.0,997.2259422230725,0.0,0.0,0.0,0.0,997.2259422230725
2026-05-20T00:30:00Z,2026-05-20T00:45:00Z,2026-05-20,2026-05-20_11,0.0,0,0,100,64.34782608695647,64.34782608695647,0.0,0.0,0.0,True,True,True,False,0.0,997.2259422230725,0.0,0.0,0.0,0.0,997.2259422230725
2026-05-20T00:45:00Z,2026-05-20T01:00:00Z,2026-05-20,2026-05-20_12,0.0,0,0,100,64.34782608695647,64.34782608695647,0.0,0.0,0.0,True,True,True,False,0.0,997.2259422230725,0.0,0.0,0.0,0.0,997.2259422230725
2026-05-20T01:00:00Z,2026-05-20T01:15:00Z,2026-05-20,2026-05-20_13,0.0,0,0,100,64.34782608695647,64.34782608695647,0.0,0.0,0.0,True,True,True,False,0.0,997.2259422230725,0.0,0.0,0.0,0.0,997.2259422230725
2026-05-20T01:15:00Z,2026-05-20T01:30:00Z,2026-05-20,2026-05-20_14,0.0,0,0,100,64.34782608695647,64.34782608695647,0.0,0.0,0.0,True,True,True,False,0.0,997.2259422230725,0.0,0.0,0.0,0.0,997.2259422230725
2026-05-20T01:30:00Z,2026-05-20T01:45:00Z,2026-05-20,2026-05-20_15,0.0,0,0,100,64.34782608695647,64.34782608695647,0.0,0.0,0.0,True,True,True,False,0.0,997.2259422230725,0.0,0.0,0.0,0.0,997.2259422230725
2026-05-20T01:45:00Z,2026-05-20T02:00:00Z,2026-05-20,2026-05-20_16,0.0,0,0,100,64.34782608695647,64.34782608695647,0.0,0.0,0.0,True,True,True,False,0.0,997.2259422230725,0.0,0.0,0.0,0.0,997.2259422230725
2026-05-20T02:00:00Z,2026-05-20T02:15:00Z,2026-05-20,2026-05-20_17,0.0,0,0,100,64.34782608695647,64.34782608695647,0.0,0.0,0.0,True,True,True,False,0.0,997.2259422230725,0.0,0.0,0.0,0.0,997.2259422230725
2026-05-20T02:15:00Z,2026-05-20T02:30:00Z,2026-05-20,2026-05-20_18,0.0,0,0,100,64.34782608695647,64.34782608695647,0.0,0.0,0.0,True,True,True,False,0.0,997.2259422230725,0.0,0.0,0.0,0.0,997.2259422230725
2026-05-20T02:30:00Z,2026-05-20T02:45:00Z,2026-05-20,2026-05-20_19,0.0,0,0,100,64.34782608695647,64.34782608695647,0.0,0.0,0.0,True,True,True,False,0.0,997.2259422230725,0.0,0.0,0.0,0.0,997.2259422230725
2026-05-20T02:45:00Z,2026-05-20T03:00:00Z,2026-05-20,2026-05-20_20,0.0,0,0,100,64.34782608695647,64.34782608695647,0.0,0.0,0.0,True,True,True,False,0.0,997.2259422230725,0.0,0.0,0.0,0.0,997.2259422230725
2026-05-20T03:00:00Z,2026-05-20T03:15:00Z,2026-05-20,2026-05-20_21,0.0,0,0,100,64.34782608695647,64.34782608695647,0.0,0.0,0.0,True,True,True,False,0.0,997.2259422230725,0.0,0.0,0.0,0.0,997.2259422230725
2026-05-20T03:15:00Z,2026-05-20T03:30:00Z,2026-05-20,2026-05-20_22,0.0,0,0,100,64.34782608695647,64.34782608695647,0.0,0.0,0.0,True,True,True,False,0.0,997.2259422230725,0.0,0.0,0.0,0.0,997.2259422230725
2026-05-20T03:30:00Z,2026-05-20T03:45:00Z,2026-05-20,2026-05-20_23,0.0,0,0,100,64.34782608695647,64.34782608695647,0.0,0.0,0.0,True,True,True,False,0.0,997.2259422230725,0.0,0.0,0.0,0.0,997.2259422230725
2026-05-20T03:45:00Z,2026-05-20T04:00:00Z,2026-05-20,2026-05-20_24,0.0,0,0,100,64.34782608695647,64.34782608695647,0.0,0.0,0.0,True,True,True,False,0.0,997.2259422230725,0.0,0.0,0.0,0.0,997.2259422230725
2026-05-20T04:00:00Z,2026-05-20T04:15:00Z,2026-05-20,2026-05-20_25,0.0,0,0,100,64.34782608695647,64.34782608695647,0.0,0.0,0.0,True,True,True,False,0.0,997.2259422230725,0.0,0.0,0.0,0.0,997.2259422230725
2026-05-20T04:15:00Z,2026-05-20T04:30:00Z,2026-05-20,2026-05-20_26,0.0,0,0,100,64.34782608695647,64.34782608695647,0.0,0.0,0.0,True,True,True,False,0.0,997.2259422230725,0.0,0.0,0.0,0.0,997.2259422230725
2026-05-20T04:30:00Z,2026-05-20T04:45:00Z,2026-05-20,2026-05-20_27,0.0,0,0,100,64.34782608695647,64.34782608695647,0.0,0.0,0.0,True,True,True,False,0.0,997.2259422230725,0.0,0.0,0.0,0.0,997.2259422230725
2026-05-20T04:45:00Z,2026-05-20T05:00:00Z,2026-05-20,2026-05-20_28,0.0,0,0,100,64.34782608695647,64.34782608695647,0.0,0.0,0.0,True,True,True,False,0.0,997.2259422230725,0.0,0.0,0.0,0.0,997.2259422230725
2026-05-20T05:00:00Z,2026-05-20T05:15:00Z,2026-05-20,2026-05-20_29,11.0,0,0,89,64.34782608695647,61.358695652173864,0.008303140096618356,0.0,0.0,True,False,True,False,426.1675,887.5310885785345,0.0,0.0,0.0,0.0,1313.6985885785346
2026-05-20T05:15:00Z,2026-05-20T05:30:00Z,2026-05-20,2026-05-20_30,10.999999999999977,0,0,89,61.358695652173864,58.36956521739126,0.008303140096618339,0.0,0.0,True,False,True,False,408.0724999999991,887.5310885785345,0.0,0.0,0.0,0.0,1295.6035885785336
2026-05-20T05:30:00Z,2026-05-20T05:45:00Z,2026-05-20,2026-05-20_31,0.0,0,0,89,58.36956521739126,58.36956521739126,0.0,0.0,0.0,True,False,True,False,0.0,887.5310885785345,0.0,0.0,0.0,0.0,887.5310885785345
2026-05-20T05:45:00Z,2026-05-20T06:00:00Z,2026-05-20,2026-05-20_32,-0.02057367539821519,0,0,89,58.36956521739126,58.37429716273285,1.3144292615526373e-05,0.0,0.0,True,False,True,False,-0.36821735543955636,887.5310885785345,0.0,0.0,0.0,0.0,887.162871223095
2026-05-20T06:00:00Z,2026-05-20T06:15:00Z,2026-05-20,2026-05-20_33,0.0,100,67,0,58.37429716273285,33.09067737639745,0.07025771591442373,23.265142857142855,0.004977142857142857,True,True,True,False,0.0,0.0,109.59441362158024,50.70183661756265,22671.91509644975,-0.3808794993030692,22831.83046718959
2026-05-20T06:15:00Z,2026-05-20T06:30:00Z,2026-05-20,2026-05-20_34,0.0,100,67,0,33.09067737639745,10.111688347826021,0.06442344317460318,21.238857142857142,0.1160057142857143,True,True,True,False,0.0,0.0,109.59441362158024,50.70183661756265,21912.299979119405,-5.656937539697724,22066.93929181885
2026-05-20T06:30:00Z,2026-05-20T06:45:00Z,2026-05-20,2026-05-20_35,-2.451239694315054e-16,100,67,0,10.111688347826021,10.27824520745335,0.0008836379296066253,0.06971428571428571,0.26340571428571424,True,True,True,False,-6.922913706669292e-15,0.0,109.59441362158024,50.70183661756265,11.957807209817158,-14.085528603678698,158.16852884528134
2026-05-20T06:45:00Z,2026-05-20T07:00:00Z,2026-05-20,2026-05-20_36,-33.0,100,67,0,10.27824520745335,20.62446938633534,0.028917530931677017,0.044000000000000004,3.0452457142857146,True,True,True,False,-265.5675,0.0,109.59441362158024,50.70183661756265,7.47765984312225,5.449049773429173,-92.34454014430568
2026-05-20T07:00:00Z,2026-05-20T07:15:00Z,2026-05-20,2026-05-20_37,0.0,100,12,0,20.62446938633534,9.999999999999934,0.03018392734299517,9.885714285714286,0.13138285714285713,True,True,True,False,0.0,0.0,109.59441362158024,9.053376697914672,2399.331132307524,-4.619362942960999,2513.359559684058
2026-05-20T07:15:00Z,2026-05-20T07:30:00Z,2026-05-20,2026-05-20_38,-87.24675003345084,100,12,0,9.999999999999934,23.29824480993786,0.04260283923462817,7.353714285714286,0.1668342857142857,True,True,True,False,-875.0849028355118,0.0,109.59441362158024,9.053376697914672,1347.1619088797179,-4.959832981497171,585.7649633822039
2026-05-20T07:30:00Z,2026-05-20T07:45:00Z,2026-05-20,2026-05-20_39,-87.99999999999983,100,12,0,23.29824480993786,44.638901267080676,0.05927960126984115,0.0,1.1963657142857143,True,True,True,False,-808.9399999999985,0.0,109.59441362158024,9.053376697914672,0.0,1.3561252835551665,-688.9360843969483
2026-05-20T07:45:00Z,2026-05-20T08:00:00Z,2026-05-20,2026-05-20_40,-88.0,100,12,0,44.638901267080676,63.80434782608689,0.05434832463768116,1.5331428571428571,0.39853714285714287,True,True,True,False,-224.84,0.0,109.59441362158024,9.053376697914672,209.9065277542431,-7.708152093798683,96.00616597993931
2026-05-20T08:00:00Z,2026-05-20T08:15:00Z,2026-05-20,2026-05-20_41,-1.0,1,0,99,63.80434782608689,64.03434782608689,0.0006388888888888889,0.0,0.0,True,True,True,False,-6.175,987.2536828008417,1.0950832217333077,0.0,0.0,0.0,982.173766022575
2026-05-20T08:15:00Z,2026-05-20T08:30:00Z,2026-05-20,2026-05-20_42,-1.0,1,0,99,64.03434782608689,64.26434782608688,0.0006388888888888889,0.0,0.0,True,True,True,False,-3.6225,987.2536828008417,1.0950832217333077,0.0,0.0,0.0,984.726266022575
2026-05-20T08:30:00Z,2026-05-20T08:45:00Z,2026-05-20,2026-05-20_43,-1.0,1,0,99,64.26434782608688,64.49433731180116,0.0006388596825396825,1.1428571428571429e-05,0.0,True,True,True,False,-3.195,987.2536828008417,1.0950832217333077,0.0,0.001167804531416546,0.0,985.1549338271064
2026-05-20T08:45:00Z,2026-05-20T09:00:00Z,2026-05-20,2026-05-20_44,-1.0,1,0,99,64.49433731180116,64.72433731180116,0.0006388888888888889,0.0,0.0,True,True,True,False,-3.15,987.2536828008417,1.0950832217333077,0.0,0.0,0.0,985.198766022575
2026-05-20T09:00:00Z,2026-05-20T09:15:00Z,2026-05-20,2026-05-20_45,-1.0,1,0,99,64.72433731180116,64.95272336894404,0.0006344057142857142,0.0017542857142857143,0.0,True,True,True,False,-5.1125,987.2536828008417,1.1016835660991007,0.0,0.19336410396567272,0.0,983.4362304709065
2026-05-20T09:15:00Z,2026-05-20T09:30:00Z,2026-05-20,2026-05-20_46,-1.0,1,0,99,64.95272336894404,65.17441708322976,0.000615815873015873,0.00902857142857143,0.0,True,True,True,False,-3.8325,987.2536828008417,1.1016835660991007,0.0,1.0333491049222443,0.0,985.5562154718631
2026-05-20T09:30:00Z,2026-05-20T09:45:00Z,2026-05-20,2026-05-20_47,-1.0,1,0,99,65.17441708322976,65.40016931180119,0.0006270895238095238,0.004617142857142858,0.0,True,True,True,False,-6.3925,987.2536828008417,1.1016835660991007,0.0,0.5320738189073219,0.0,982.4949401858481
2026-05-20T09:45:00Z,2026-05-20T10:00:00Z,2026-05-20,2026-05-20_48,-1.0,1,0,99,65.40016931180119,65.62828725465833,0.0006336609523809524,0.0020457142857142857,0.0,True,True,True,False,-8.8725,987.2536828008417,1.1016835660991007,0.0,0.22548647954303203,0.0,979.7083528464839
2026-05-20T10:00:00Z,2026-05-20T10:15:00Z,2026-05-20,2026-05-20_49,-100.0,100,0,0,65.62828725465833,76.59889296894404,0.030473904761904765,13.07542857142857,0.0,True,True,True,False,-461.00000000000006,0.0,110.16835660991008,0.0,2523.3600944546174,0.0,2172.5284510645274
2026-05-20T10:15:00Z,2026-05-20T10:30:00Z,2026-05-20,2026-05-20_50,-100.0,100,0,0,76.59889296894404,94.76127011180118,0.05045104761904762,5.258285714285714,0.0,True,True,True,False,-392.25,0.0,110.16835660991008,0.0,811.8704616141462,0.0,529.7888182240563
2026-05-20T10:30:00Z,2026-05-20T10:45:00Z,2026-05-20,2026-05-20_51,0.0,100,0,0,94.76127011180118,94.69729495652167,0.00017770876466528636,0.05885714285714285,0.0,True,True,True,False,0.0,0.0,110.16835660991008,0.0,6.7169433436278645,0.0,116.88529995353794
2026-05-20T10:45:00Z,2026-05-20T11:00:00Z,2026-05-20,2026-05-20_52,1.7679094902998412e-14,100,0,0,94.69729495652167,94.48238812422353,0.0005969634230503928,0.1977142857142857,0.0,True,True,True,False,1.682165880020299e-13,0.0,110.16835660991008,0.0,22.563712591215936,0.0,132.7320692011262
2026-05-20T11:00:00Z,2026-05-20T11:15:00Z,2026-05-20,2026-05-20_53,-100.0,100,0,0,94.48238812422353,102.2345709813664,0.02153384126984127,16.573714285714285,0.0,True,True,True,False,-386.0,0.0,110.16835660991008,0.0,8961.350557161986,0.0,8685.518913771897
2026-05-20T11:15:00Z,2026-05-20T11:30:00Z,2026-05-20,2026-05-20_54,-32.64658972471869,100,0,0,102.2345709813664,91.93321341614902,0.04154608231160082,17.250285714285713,0.0,True,True,True,False,-329.73055621965875,0.0,110.16835660991008,0.0,3250.868651452622,0.0,3031.3064518428732
2026-05-20T11:30:00Z,2026-05-20T11:45:00Z,2026-05-20,2026-05-20_55,-100.0,100,0,0,91.93321341614902,106.7704477018633,0.04121453968253968,8.872571428571428,0.0,True,True,True,False,-877.5,0.0,110.16835660991008,0.0,1391.8224737489409,0.0,624.490830358851
2026-05-20T11:45:00Z,2026-05-20T12:00:00Z,2026-05-20,2026-05-20_56,-100.0,100,0,0,106.7704477018633,127.87840198757759,0.05863320634920636,2.056571428571429,0.0,True,True,True,False,-681.75,0.0,110.16835660991008,0.0,276.92774965153467,0.0,-294.65389373855527
2026-05-20T12:00:00Z,2026-05-20T12:15:00Z,2026-05-20,2026-05-20_57,0.0,100,100,0,127.87840198757759,124.31802335403722,0.01014111525189786,3.3171428571428567,0.049142857142857134,True,True,True,False,0.0,0.0,109.50832217333077,98.77558829156304,499.8839727787038,-2.815931782776244,705.3519514608214
2026-05-20T12:15:00Z,2026-05-20T12:30:00Z,2026-05-20,2026-05-20_58,0.0,100,100,0,124.31802335403722,124.30858434782604,0.0004292670807453416,0.07542857142857143,0.07885714285714286,True,True,True,False,0.0,0.0,109.50832217333077,98.77558829156304,9.2570641449616,-5.415616496761322,212.12535811309408
2026-05-20T12:30:00Z,2026-05-20T12:45:00Z,2026-05-20,2026-05-20_59,0.0,100,100,0,124.30858434782604,124.58011428571423,0.0011821311249137338,0.07085714285714285,0.3788571428571429,True,True,True,False,0.0,0.0,109.50832217333077,98.77558829156304,8.696029954357867,-20.375440159610815,196.60450025964087
2026-05-20T12:45:00Z,2026-05-20T13:00:00Z,2026-05-20,2026-05-20_60,0.0,100,100,0,124.58011428571423,143.99999999999994,0.053944126984126976,0.0,21.108571428571427,True,True,True,False,0.0,0.0,109.50832217333077,98.77558829156304,0.0,6875.28826696548,7083.572177430374
2026-05-20T13:00:00Z,2026-05-20T13:15:00Z,2026-05-20,2026-05-20_61,-1.198727656183289e-14,0,0,100,143.99999999999994,143.99999999999994,7.658537803393236e-18,0.0,0.0,True,True,True,False,-9.002444697936501e-14,997.2259422230725,0.0,0.0,0.0,0.0,997.2259422230724
2026-05-20T13:15:00Z,2026-05-20T13:30:00Z,2026-05-20,2026-05-20_62,-1.4210854715202004e-14,0,0,100,143.99999999999994,143.99999999999994,9.079157179156836e-18,0.0,0.0,True,True,True,False,-1.3095302620058646e-13,997.2259422230725,0.0,0.0,0.0,0.0,997.2259422230724
2026-05-20T13:30:00Z,2026-05-20T13:45:00Z,2026-05-20,2026-05-20_63,-1.4210854715202004e-14,0,0,100,143.99999999999994,143.99999999999994,9.079157179156836e-18,0.0,0.0,True,True,True,False,-1.900346546790388e-13,997.2259422230725,0.0,0.0,0.0,0.0,997.2259422230723
2026-05-20T13:45:00Z,2026-05-20T14:00:00Z,2026-05-20,2026-05-20_64,-1.4210854715202004e-14,0,0,100,143.99999999999994,143.99999999999994,9.079157179156836e-18,0.0,0.0,True,True,True,False,-2.468070192662708e-13,997.2259422230725,0.0,0.0,0.0,0.0,997.2259422230723
2026-05-20T14:00:00Z,2026-05-20T14:15:00Z,2026-05-20,2026-05-20_65,0.0,0,0,100,143.99999999999994,143.99999999999994,0.0,0.0,0.0,True,True,True,False,0.0,997.2259422230725,0.0,0.0,0.0,0.0,997.2259422230725
2026-05-20T14:15:00Z,2026-05-20T14:30:00Z,2026-05-20,2026-05-20_66,0.0,0,0,100,143.99999999999994,143.99999999999994,0.0,0.0,0.0,True,True,True,False,0.0,997.2259422230725,0.0,0.0,0.0,0.0,997.2259422230725
2026-05-20T14:30:00Z,2026-05-20T14:45:00Z,2026-05-20,2026-05-20_67,0.0,0,0,100,143.99999999999994,143.99999999999994,0.0,0.0,0.0,True,True,True,False,0.0,997.2259422230725,0.0,0.0,0.0,0.0,997.2259422230725
2026-05-20T14:45:00Z,2026-05-20T15:00:00Z,2026-05-20,2026-05-20_68,0.0,0,0,100,143.99999999999994,143.99999999999994,0.0,0.0,0.0,True,True,True,False,0.0,997.2259422230725,0.0,0.0,0.0,0.0,997.2259422230725
2026-05-20T15:00:00Z,2026-05-20T15:15:00Z,2026-05-20,2026-05-20_69,0.0,0,0,100,143.99999999999994,143.99999999999994,0.0,0.0,0.0,True,True,True,False,0.0,997.2259422230725,0.0,0.0,0.0,0.0,997.2259422230725
2026-05-20T15:15:00Z,2026-05-20T15:30:00Z,2026-05-20,2026-05-20_70,0.0,0,0,100,143.99999999999994,143.99999999999994,0.0,0.0,0.0,True,True,True,False,0.0,997.2259422230725,0.0,0.0,0.0,0.0,997.2259422230725
2026-05-20T15:30:00Z,2026-05-20T15:45:00Z,2026-05-20,2026-05-20_71,0.0,0,0,100,143.99999999999994,143.99999999999994,0.0,0.0,0.0,True,True,True,False,0.0,997.2259422230725,0.0,0.0,0.0,0.0,997.2259422230725
2026-05-20T15:45:00Z,2026-05-20T16:00:00Z,2026-05-20,2026-05-20_72,0.0,0,0,100,143.99999999999994,143.99999999999994,0.0,0.0,0.0,True,True,True,False,0.0,997.2259422230725,0.0,0.0,0.0,0.0,997.2259422230725
2026-05-20T16:00:00Z,2026-05-20T16:15:00Z,2026-05-20,2026-05-20_73,0.0,0,0,100,143.99999999999994,143.99999999999994,0.0,0.0,0.0,True,True,True,False,0.0,997.2259422230725,0.0,0.0,0.0,0.0,997.2259422230725
2026-05-20T16:15:00Z,2026-05-20T16:30:00Z,2026-05-20,2026-05-20_74,0.0,0,0,100,143.99999999999994,143.99999999999994,0.0,0.0,0.0,True,True,True,False,0.0,997.2259422230725,0.0,0.0,0.0,0.0,997.2259422230725
2026-05-20T16:30:00Z,2026-05-20T16:45:00Z,2026-05-20,2026-05-20_75,0.0,0,0,100,143.99999999999994,143.99999999999994,0.0,0.0,0.0,True,True,True,False,0.0,997.2259422230725,0.0,0.0,0.0,0.0,997.2259422230725
2026-05-20T16:45:00Z,2026-05-20T17:00:00Z,2026-05-20,2026-05-20_76,0.0,0,0,100,143.99999999999994,143.99999999999994,0.0,0.0,0.0,True,True,True,False,0.0,997.2259422230725,0.0,0.0,0.0,0.0,997.2259422230725
2026-05-20T17:00:00Z,2026-05-20T17:15:00Z,2026-05-20,2026-05-20_77,0.0,0,0,100,143.99999999999994,143.99999999999994,0.0,0.0,0.0,True,True,True,False,0.0,997.2259422230725,0.0,0.0,0.0,0.0,997.2259422230725
2026-05-20T17:15:00Z,2026-05-20T17:30:00Z,2026-05-20,2026-05-20_78,0.0,0,0,100,143.99999999999994,143.99999999999994,0.0,0.0,0.0,True,True,True,False,0.0,997.2259422230725,0.0,0.0,0.0,0.0,997.2259422230725
2026-05-20T17:30:00Z,2026-05-20T17:45:00Z,2026-05-20,2026-05-20_79,0.0,0,0,100,143.99999999999994,143.99999999999994,0.0,0.0,0.0,True,True,True,False,0.0,997.2259422230725,0.0,0.0,0.0,0.0,997.2259422230725
2026-05-20T17:45:00Z,2026-05-20T18:00:00Z,2026-05-20,2026-05-20_80,0.0,0,0,100,143.99999999999994,143.99999999999994,0.0,0.0,0.0,True,True,True,False,0.0,997.2259422230725,0.0,0.0,0.0,0.0,997.2259422230725
2026-05-20T18:00:00Z,2026-05-20T18:15:00Z,2026-05-20,2026-05-20_81,75.0,0,75,25,143.99999999999994,123.66102484472043,0.056497153209109724,0.0,0.03814285714285714,True,True,True,False,3351.75,249.30648555576812,0.0,56.691218672278545,0.0,-2.0729150564377266,3655.674789171609
2026-05-20T18:15:00Z,2026-05-20T18:30:00Z,2026-05-20,2026-05-20_82,75.0,0,75,25,123.66102484472043,103.28059006211173,0.056612318840579705,0.0,0.0,True,True,True,False,3694.6875,249.30648555576812,0.0,56.691218672278545,0.0,0.0,4000.6852042280466
2026-05-20T18:30:00Z,2026-05-20T18:45:00Z,2026-05-20,2026-05-20_83,75.0,0,75,25,103.28059006211173,82.90015527950302,0.05661231884057971,0.0,0.0,True,True,True,False,3928.3125,249.30648555576812,0.0,56.691218672278545,0.0,0.0,4234.310204228047
2026-05-20T18:45:00Z,2026-05-20T19:00:00Z,2026-05-20,2026-05-20_84,75.0,0,75,25,82.90015527950302,63.36708074534153,0.054258540372670805,0.0,0.7795714285714285,True,True,True,False,3511.875,249.30648555576812,0.0,56.691218672278545,0.0,-18.068249446554976,3799.8044547814916
2026-05-20T19:00:00Z,2026-05-20T19:15:00Z,2026-05-20,2026-05-20_85,100.0,0,100,0,63.36708074534153,36.49192546583843,0.07465320910973085,0.0,0.27485714285714286,True,True,True,False,4504.5,0.0,0.0,75.58829156303806,0.0,-11.841573478367815,4568.246718084671
2026-05-20T19:15:00Z,2026-05-20T19:30:00Z,2026-05-20,2026-05-20_86,98.57362128935456,0,100,0,36.49192546583843,9.999999999999975,0.07360847002404497,0.0,0.2714285714285714,True,True,True,False,4011.207084317061,0.0,0.0,75.58829156303806,0.0,-14.50141025991418,4072.2939656201847
2026-05-20T19:30:00Z,2026-05-20T19:45:00Z,2026-05-20,2026-05-20_87,1.0505677949628303,0,100,0,9.999999999999975,9.999999999999902,0.0015663538055468622,0.0,0.3097142857142857,True,True,True,False,37.8256934576367,0.0,0.0,75.58829156303806,0.0,-15.761239716854792,97.65274530381997
2026-05-20T19:45:00Z,2026-05-20T20:00:00Z,2026-05-20,2026-05-20_88,9.30471712895934,0,100,0,9.999999999999902,18.512459050931582,0.031061559873277224,0.0,11.801714285714285,True,True,True,False,291.4237404790065,0.0,0.0,75.58829156303806,0.0,2462.412896881576,2829.424928923621
2026-05-20T20:00:00Z,2026-05-20T20:15:00Z,2026-05-20,2026-05-20_89,24.0,76,100,0,18.512459050931582,14.874054956521645,0.021864336452726018,0.020845714285714283,3.0268571428571427,True,True,True,False,858.54,0.0,82.83374784771378,75.58829156303806,3.3898712727869023,183.59709781628356,1203.9490084998222
2026-05-20T20:15:00Z,2026-05-20T20:30:00Z,2026-05-20,2026-05-20_90,24.0,76,100,0,14.874054956521645,9.999999999999906,0.020320171704623878,0.026057142857142855,1.7457142857142858,True,True,True,False,816.9000000000001,0.0,82.83374784771378,75.58829156303806,4.1625625187898,-84.89842411653775,894.5861778130039
2026-05-20T20:30:00Z,2026-05-20T20:45:00Z,2026-05-20,2026-05-20_91,13.27026851343205,76,100,0,9.999999999999906,10.14049772919245,0.017237284888808782,0.0,3.9765714285714284,True,True,True,False,433.90460471794444,0.0,82.83374784771378,75.58829156303806,0.0,-136.54315351608406,455.78349061261224
2026-05-20T20:45:00Z,2026-05-20T21:00:00Z,2026-05-20,2026-05-20_92,24.0,76,100,0,10.14049772919245,9.999999999999904,0.026258451787439616,0.011291428571428572,6.659428571428572,True,True,True,False,780.0,0.0,82.83374784771378,75.58829156303806,1.8361802727595724,73.34799354997403,1013.6062132334854
2026-05-20T21:00:00Z,2026-05-20T21:15:00Z,2026-05-21,2026-05-20_93,-50.806250784766355,100,48,0,9.999999999999904,22.49286686211182,0.034704105457185115,0.0005714285714285715,0.878262857142857,True,True,True,False,-2028.3125469548347,0.0,109.20967187440314,35.94636922724321,0.08731098535903914,-25.74049242086077,-1908.8096872886902
2026-05-20T21:15:00Z,2026-05-20T21:30:00Z,2026-05-21,2026-05-20_94,-51.99999999999994,100,48,0,22.49286686211182,36.24978540124224,0.0382202878674948,0.002285714285714286,1.955657142857143,True,True,True,False,-1884.7399999999977,0.0,109.20967187440314,35.94636922724321,0.34924394143615656,6.767370051240634,-1732.4673449056745
2026-05-20T21:30:00Z,2026-05-20T21:45:00Z,2026-05-21,2026-05-20_95,-51.99999999999993,100,48,0,36.24978540124224,50.02791568695651,0.03827258412698409,0.0,1.9762285714285714,True,True,True,False,-1801.2799999999975,0.0,109.20967187440314,35.94636922724321,0.0,-40.37722056391982,-1696.501179462271
2026-05-20T21:45:00Z,2026-05-20T22:00:00Z,2026-05-21,2026-05-20_96,-52.0,100,48,0,50.02791568695651,64.34782608695652,0.0397775288888889,0.0,2.5651200000000003,True,True,True,False,-1762.8,0.0,109.20967187440314,35.94636922724321,0.0,17.73704199549257,-1599.906916902861
2026-05-20T22:00:00Z,2026-05-20T22:15:00Z,2026-05-21,2026-05-21_1,0.0,0,0,100,64.34782608695652,64.34782608695652,0.0,0.0,0.0,True,True,True,False,0.0,995.5498682149813,0.0,0.0,0.0,0.0,995.5498682149813
2026-05-20T22:15:00Z,2026-05-20T22:30:00Z,2026-05-21,2026-05-21_2,1.7989634897843075e-14,0,0,100,64.34782608695652,64.34782608695652,1.3579132622164158e-17,0.0,0.0,True,True,True,False,6.211371189352768e-13,995.5498682149813,0.0,0.0,0.0,0.0,995.5498682149819
2026-05-20T22:30:00Z,2026-05-20T22:45:00Z,2026-05-21,2026-05-21_3,0.0,0,0,100,64.34782608695652,64.34782608695652,0.0,0.0,0.0,True,True,True,False,0.0,995.5498682149813,0.0,0.0,0.0,0.0,995.5498682149813
2026-05-20T22:45:00Z,2026-05-20T23:00:00Z,2026-05-21,2026-05-21_4,0.0,0,0,100,64.34782608695652,64.34782608695652,0.0,0.0,0.0,True,True,True,False,0.0,995.5498682149813,0.0,0.0,0.0,0.0,995.5498682149813
2026-05-20T23:00:00Z,2026-05-20T23:15:00Z,2026-05-21,2026-05-21_5,0.0,0,0,100,64.34782608695652,64.34782608695652,0.0,0.0,0.0,True,True,True,False,0.0,995.5498682149813,0.0,0.0,0.0,0.0,995.5498682149813
2026-05-20T23:15:00Z,2026-05-20T23:30:00Z,2026-05-21,2026-05-21_6,0.0,0,0,100,64.34782608695652,64.34782608695652,0.0,0.0,0.0,True,True,True,False,0.0,995.5498682149813,0.0,0.0,0.0,0.0,995.5498682149813
2026-05-20T23:30:00Z,2026-05-20T23:45:00Z,2026-05-21,2026-05-21_7,8.526512829121202e-14,0,0,100,64.34782608695652,64.34782608695649,6.436075505073371e-17,0.0,0.0,True,True,True,False,2.558167011557089e-12,995.5498682149813,0.0,0.0,0.0,0.0,995.5498682149839
2026-05-20T23:45:00Z,2026-05-21T00:00:00Z,2026-05-21,2026-05-21_8,0.0,0,0,100,64.34782608695649,64.34782608695649,0.0,0.0,0.0,True,True,True,False,0.0,995.5498682149813,0.0,0.0,0.0,0.0,995.5498682149813
2026-05-21T00:00:00Z,2026-05-21T00:15:00Z,2026-05-21,2026-05-21_9,0.0,100,100,0,64.34782608695649,67.46641590062109,0.00875591718426501,0.015428571428571429,3.408,True,True,True,False,0.0,0.0,108.80858703541006,101.10202834332863,2.5518818245813164,441.1634455097597,653.6259427130797
2026-05-21T00:15:00Z,2026-05-21T00:30:00Z,2026-05-21,2026-05-21_10,0.0,100,100,0,67.46641590062109,76.59071304347823,0.025345269841269842,0.0,9.917714285714286,True,True,True,False,0.0,0.0,108.80858703541006,101.10202834332863,0.0,436.00399578724495,645.9146111659836
2026-05-21T00:30:00Z,2026-05-21T00:45:00Z,2026-05-21,2026-05-21_11,0.0,100,100,0,76.59071304347823,81.01144447204966,0.012279809523809528,0.0,4.805142857142858,True,True,True,False,0.0,0.0,108.80858703541006,101.10202834332863,0.0,-112.06891205055307,97.84170332818562
2026-05-21T00:45:00Z,2026-05-21T01:00:00Z,2026-05-21,2026-05-21_12,0.0,100,100,0,81.01144447204966,86.32483875776394,0.014759428571428571,0.0,5.775428571428571,True,True,True,False,0.0,0.0,108.80858703541006,101.10202834332863,0.0,-181.99141176406386,27.919203614674828
2026-05-21T01:00:00Z,2026-05-21T01:15:00Z,2026-05-21,2026-05-21_13,0.0,0,0,100,86.32483875776394,86.32483875776394,0.0,0.0,0.0,True,True,True,False,0.0,995.5498682149813,0.0,0.0,0.0,0.0,995.5498682149813
2026-05-21T01:15:00Z,2026-05-21T01:30:00Z,2026-05-21,2026-05-21_14,0.0,0,0,100,86.32483875776394,86.32483875776394,0.0,0.0,0.0,True,True,True,False,0.0,995.5498682149813,0.0,0.0,0.0,0.0,995.5498682149813
2026-05-21T01:30:00Z,2026-05-21T01:45:00Z,2026-05-21,2026-05-21_15,0.0,0,0,100,86.32483875776394,86.32483875776394,0.0,0.0,0.0,True,True,True,False,0.0,995.5498682149813,0.0,0.0,0.0,0.0,995.5498682149813
2026-05-21T01:45:00Z,2026-05-21T02:00:00Z,2026-05-21,2026-05-21_16,0.0,0,0,100,86.32483875776394,86.32483875776394,0.0,0.0,0.0,True,True,True,False,0.0,995.5498682149813,0.0,0.0,0.0,0.0,995.5498682149813
2026-05-21T02:00:00Z,2026-05-21T02:15:00Z,2026-05-21,2026-05-21_17,0.0,0,0,100,86.32483875776394,86.32483875776394,0.0,0.0,0.0,True,True,True,False,0.0,995.5498682149813,0.0,0.0,0.0,0.0,995.5498682149813
2026-05-21T02:15:00Z,2026-05-21T02:30:00Z,2026-05-21,2026-05-21_18,0.0,0,0,100,86.32483875776394,86.32483875776394,0.0,0.0,0.0,True,True,True,False,0.0,995.5498682149813,0.0,0.0,0.0,0.0,995.5498682149813
2026-05-21T02:30:00Z,2026-05-21T02:45:00Z,2026-05-21,2026-05-21_19,0.0,0,0,100,86.32483875776394,86.32483875776394,0.0,0.0,0.0,True,True,True,False,0.0,995.5498682149813,0.0,0.0,0.0,0.0,995.5498682149813
2026-05-21T02:45:00Z,2026-05-21T03:00:00Z,2026-05-21,2026-05-21_20,0.0,0,0,100,86.32483875776394,86.32483875776394,0.0,0.0,0.0,True,True,True,False,0.0,995.5498682149813,0.0,0.0,0.0,0.0,995.5498682149813
2026-05-21T03:00:00Z,2026-05-21T03:15:00Z,2026-05-21,2026-05-21_21,0.0,0,0,100,86.32483875776394,86.32483875776394,0.0,0.0,0.0,True,True,True,False,0.0,995.5498682149813,0.0,0.0,0.0,0.0,995.5498682149813
2026-05-21T03:15:00Z,2026-05-21T03:30:00Z,2026-05-21,2026-05-21_22,0.0,0,0,100,86.32483875776394,86.32483875776394,0.0,0.0,0.0,True,True,True,False,0.0,995.5498682149813,0.0,0.0,0.0,0.0,995.5498682149813
2026-05-21T03:30:00Z,2026-05-21T03:45:00Z,2026-05-21,2026-05-21_23,0.0,0,0,100,86.32483875776394,86.32483875776394,0.0,0.0,0.0,True,True,True,False,0.0,995.5498682149813,0.0,0.0,0.0,0.0,995.5498682149813
2026-05-21T03:45:00Z,2026-05-21T04:00:00Z,2026-05-21,2026-05-21_24,0.0,0,0,100,86.32483875776394,86.32483875776394,0.0,0.0,0.0,True,True,True,False,0.0,995.5498682149813,0.0,0.0,0.0,0.0,995.5498682149813
2026-05-21T04:00:00Z,2026-05-21T04:15:00Z,2026-05-21,2026-05-21_25,0.0,100,0,0,86.32483875776394,68.05403130434779,0.050752242926155974,16.80914285714286,0.0,True,True,True,False,0.0,0.0,107.89182168914013,0.0,12817.191342679247,0.0,12925.083164368387
2026-05-21T04:15:00Z,2026-05-21T04:30:00Z,2026-05-21,2026-05-21_26,0.0,100,0,0,68.05403130434779,42.18073937888195,0.07187025534851621,23.80342857142857,0.0,True,True,True,False,0.0,0.0,107.89182168914013,0.0,11379.064498589381,0.0,11486.956320278521
2026-05-21T04:30:00Z,2026-05-21T04:45:00Z,2026-05-21,2026-05-21_27,0.0,100,0,0,42.18073937888195,23.495025093167666,0.051904761904761905,17.190857142857144,0.0,True,True,True,False,0.0,0.0,107.89182168914013,0.0,4157.739378018368,0.0,4265.631199707508
2026-05-21T04:45:00Z,2026-05-21T05:00:00Z,2026-05-21,2026-05-21_28,-100.00000000000001,100,0,0,23.495025093167666,37.48112795031052,0.038850285714285726,9.797714285714285,0.0,True,True,True,False,-2774.2500000000005,0.0,107.89182168914013,0.0,2097.717238353533,0.0,-568.6409399573273
2026-05-21T05:00:00Z,2026-05-21T05:15:00Z,2026-05-21,2026-05-21_29,0.0,53,0,47,37.48112795031052,36.15283602484468,0.0036896997929606627,1.2220285714285715,0.0,True,True,True,False,0.0,467.90843806104124,57.89631001948126,0.0,219.2262027797635,0.0,745.030950860286
2026-05-21T05:15:00Z,2026-05-21T05:30:00Z,2026-05-21,2026-05-21_30,0.0,53,0,47,36.15283602484468,36.12847577639748,6.766735679779158e-05,0.02241142857142857,0.0,True,True,True,False,0.0,467.90843806104124,57.89631001948126,0.0,3.6075859516624558,0.0,529.412334032185
2026-05-21T05:30:00Z,2026-05-21T05:45:00Z,2026-05-21,2026-05-21_31,0.0,53,0,47,36.12847577639748,35.623494409937855,0.0014027260179434093,0.4645828571428572,0.0,True,True,True,False,0.0,467.90843806104124,57.89631001948126,0.0,79.78352976922615,0.0,605.5882778497487
2026-05-21T05:45:00Z,2026-05-21T06:00:00Z,2026-05-21,2026-05-21_32,-52.999999999999986,53,0,47,35.623494409937855,43.18519520993785,0.021004724444444442,5.03076,0.0,True,True,True,False,-442.15249999999986,467.90843806104124,57.89631001948126,0.0,1023.8083745292028,0.0,1107.4606226097253
2026-05-21T06:00:00Z,2026-05-21T06:15:00Z,2026-05-21,2026-05-21_33,61.0,39,0,0,43.18519520993785,26.42573558260866,0.046554054520358865,0.16870285714285715,0.0,True,True,True,False,2307.3250000000003,0.0,42.614118186332554,0.0,28.962483001096846,0.0,2378.9016011874296
2026-05-21T06:15:00Z,2026-05-21T06:30:00Z,2026-05-21,2026-05-21_34,60.14986122971429,39,0,0,26.42573558260866,10.051111801242197,0.04548506605935128,0.027188571428571427,0.0,True,True,True,False,2007.5016185417144,0.0,42.614118186332554,0.0,4.550359865322805,0.0,2054.6660965933697
2026-05-21T06:30:00Z,2026-05-21T06:45:00Z,2026-05-21,2026-05-21_35,0.0,39,0,0,10.051111801242197,9.999999999999961,0.00014197722567287785,0.047022857142857144,0.0,True,True,True,False,0.0,0.0,42.614118186332554,0.0,8.002309916890857,0.0,50.61642810322341
2026-05-21T06:45:00Z,2026-05-21T07:00:00Z,2026-05-21,2026-05-21_36,-100.0,39,0,0,9.999999999999961,32.94259199999996,0.06372942222222223,0.062400000000000004,0.0,True,True,True,False,-255.50000000000003,0.0,42.614118186332554,0.0,10.587822911493946,0.0,-202.29805890217352
2026-05-21T07:00:00Z,2026-05-21T07:15:00Z,2026-05-21,2026-05-21_37,0.0,99,0,1,32.94259199999996,32.76857336645959,0.00048338509316770176,0.16009714285714283,0.0,True,True,True,False,0.0,9.955498682149813,108.20266243935978,0.0,21.31489291853339,0.0,139.473054040043
2026-05-21T07:15:00Z,2026-05-21T07:30:00Z,2026-05-21,2026-05-21_38,-1.0670683289291998,99,0,1,32.76857336645959,32.91270742857125,0.0009579615502317118,0.09334285714285714,0.0,True,True,True,False,-15.16304095408393,9.955498682149813,108.20266243935978,0.0,12.427411065576008,0.0,115.42253123300168
2026-05-21T07:30:00Z,2026-05-21T07:45:00Z,2026-05-21,2026-05-21_39,-99.0,99,0,1,32.91270742857125,47.98046217142839,0.041854874285714286,8.372005714285715,0.0,True,True,True,False,-448.47,9.955498682149813,108.20266243935978,0.0,1225.2361126475419,0.0,894.9242737690514
2026-05-21T07:45:00Z,2026-05-21T08:00:00Z,2026-05-21,2026-05-21_40,-99.0000000000006,99,0,1,47.98046217142839,64.0110626285714,0.04452944571428611,7.325434285714285,0.0,True,True,True,False,-256.6575000000015,9.955498682149813,108.20266243935978,0.0,1071.2471767076117,0.0,932.7478378291198
2026-05-21T08:00:00Z,2026-05-21T08:15:00Z,2026-05-21,2026-05-21_41,-1.0,1,0,99,64.0110626285714,64.2307586285714,0.0006102666666666667,0.0112,0.0,True,True,True,False,-8.1575,985.5943695328315,1.0926696970854501,0.0,1.186462431720081,0.0,979.716001661637
2026-05-21T08:15:00Z,2026-05-21T08:30:00Z,2026-05-21,2026-05-21_42,-1.0,1,0,99,64.2307586285714,64.45743085714282,0.0006296450793650794,0.0036171428571428574,0.0,True,True,True,False,-5.0,985.5943695328315,1.0926696970854501,0.0,0.38317893840755674,0.0,982.0702181683245
2026-05-21T08:30:00Z,2026-05-21T08:45:00Z,2026-05-21,2026-05-21_43,-1.0,1,0,99,64.45743085714282,64.68743085714281,0.0006388888888888889,0.0,0.0,True,True,True,False,-3.665,985.5943695328315,1.0926696970854501,0.0,0.0,0.0,983.0220392299169
2026-05-21T08:45:00Z,2026-05-21T09:00:00Z,2026-05-21,2026-05-21_44,-1.0,1,0,99,64.68743085714281,64.91259428571423,0.0006254539682539683,0.005257142857142858,0.0,True,True,True,False,-3.2,985.5943695328315,1.0926696970854501,0.0,0.5549429477280046,0.0,984.041982177645
2026-05-21T09:00:00Z,2026-05-21T09:15:00Z,2026-05-21,2026-05-21_45,-1.0,0,0,99,64.91259428571423,65.14259428571424,0.0006388888888888889,0.0,0.0,True,False,True,False,-7.7125,985.5943695328315,0.0,0.0,0.0,0.0,977.8818695328315
2026-05-21T09:15:00Z,2026-05-21T09:30:00Z,2026-05-21,2026-05-21_46,-1.0,0,0,99,65.14259428571424,65.37259428571424,0.0006388888888888889,0.0,0.0,True,False,True,False,-5.8125,985.5943695328315,0.0,0.0,0.0,0.0,979.7818695328315
2026-05-21T09:30:00Z,2026-05-21T09:45:00Z,2026-05-21,2026-05-21_47,-1.0,0,0,99,65.37259428571424,65.60259428571425,0.0006388888888888889,0.0,0.0,True,False,True,False,-3.75,985.5943695328315,0.0,0.0,0.0,0.0,981.8443695328315
2026-05-21T09:45:00Z,2026-05-21T10:00:00Z,2026-05-21,2026-05-21_48,-1.0,0,0,99,65.60259428571425,65.83259428571425,0.0006388888888888889,0.0,0.0,True,False,True,False,-3.8725,985.5943695328315,0.0,0.0,0.0,0.0,981.7218695328315
2026-05-21T10:00:00Z,2026-05-21T10:15:00Z,2026-05-21,2026-05-21_49,-100.0,100,0,0,65.83259428571425,88.83259428571425,0.0638888888888889,0.0,0.0,True,True,True,False,-400.0,0.0,110.09778830360212,0.0,0.0,0.0,-289.9022116963979
2026-05-21T10:15:00Z,2026-05-21T10:30:00Z,2026-05-21,2026-05-21_50,-100.0,100,0,0,88.83259428571425,111.82838857142853,0.06387720634920635,0.004571428571428572,0.0,True,True,True,False,-319.5,0.0,110.09778830360212,0.0,0.4528122322690488,0.0,-208.94939946412885
2026-05-21T10:30:00Z,2026-05-21T10:45:00Z,2026-05-21,2026-05-21_51,-100.0,100,0,0,111.82838857142853,129.51867428571427,0.049139682539682546,5.771428571428571,0.0,True,True,True,False,-319.5,0.0,110.09778830360212,0.0,698.8181694160531,0.0,489.41595771965524
2026-05-21T10:45:00Z,2026-05-21T11:00:00Z,2026-05-21,2026-05-21_52,-100.0,100,0,0,129.51867428571427,137.55999999999997,0.022337015873015873,16.259428571428572,0.0,True,True,True,False,-273.75,0.0,110.09778830360212,0.0,2442.6221732795643,0.0,2278.9699615831664
2026-05-21T11:00:00Z,2026-05-21T11:15:00Z,2026-05-21,2026-05-21_53,-7.000000000000014,0,0,93,137.55999999999997,139.17,0.004472222222222232,0.0,0.0,True,False,True,False,-19.267500000000037,925.8613774399325,0.0,0.0,0.0,0.0,906.5938774399325
2026-05-21T11:15:00Z,2026-05-21T11:30:00Z,2026-05-21,2026-05-21_54,-7.000000000000014,0,0,93,139.17,140.78,0.004472222222222232,0.0,0.0,True,False,True,False,-16.10000000000003,925.8613774399325,0.0,0.0,0.0,0.0,909.7613774399325
2026-05-21T11:30:00Z,2026-05-21T11:45:00Z,2026-05-21,2026-05-21_55,-7.000000000000014,0,0,93,140.78,142.39000000000001,0.004472222222222232,0.0,0.0,True,False,True,False,-12.022500000000024,925.8613774399325,0.0,0.0,0.0,0.0,913.8388774399325
2026-05-21T11:45:00Z,2026-05-21T12:00:00Z,2026-05-21,2026-05-21_56,-7.000000000000014,0,0,93,142.39000000000001,144.00000000000003,0.004472222222222232,0.0,0.0,True,False,True,False,-8.925000000000017,925.8613774399325,0.0,0.0,0.0,0.0,916.9363774399325
2026-05-21T12:00:00Z,2026-05-21T12:15:00Z,2026-05-21,2026-05-21_57,0.0,0,0,100,144.00000000000003,144.00000000000003,0.0,0.0,0.0,True,False,True,False,0.0,995.5498682149813,0.0,0.0,0.0,0.0,995.5498682149813
2026-05-21T12:15:00Z,2026-05-21T12:30:00Z,2026-05-21,2026-05-21_58,0.0,0,0,100,144.00000000000003,144.00000000000003,0.0,0.0,0.0,True,False,True,False,0.0,995.5498682149813,0.0,0.0,0.0,0.0,995.5498682149813
2026-05-21T12:30:00Z,2026-05-21T12:45:00Z,2026-05-21,2026-05-21_59,0.0,0,0,100,144.00000000000003,144.00000000000003,0.0,0.0,0.0,True,False,True,False,0.0,995.5498682149813,0.0,0.0,0.0,0.0,995.5498682149813
2026-05-21T12:45:00Z,2026-05-21T13:00:00Z,2026-05-21,2026-05-21_60,0.0,0,0,100,144.00000000000003,144.00000000000003,0.0,0.0,0.0,True,False,True,False,0.0,995.5498682149813,0.0,0.0,0.0,0.0,995.5498682149813
2026-05-21T13:00:00Z,2026-05-21T13:15:00Z,2026-05-21,2026-05-21_61,0.0,0,0,100,144.00000000000003,144.00000000000003,0.0,0.0,0.0,True,False,True,False,0.0,995.5498682149813,0.0,0.0,0.0,0.0,995.5498682149813
2026-05-21T13:15:00Z,2026-05-21T13:30:00Z,2026-05-21,2026-05-21_62,0.0,0,0,100,144.00000000000003,144.00000000000003,0.0,0.0,0.0,True,False,True,False,0.0,995.5498682149813,0.0,0.0,0.0,0.0,995.5498682149813
2026-05-21T13:30:00Z,2026-05-21T13:45:00Z,2026-05-21,2026-05-21_63,0.0,0,0,100,144.00000000000003,144.00000000000003,0.0,0.0,0.0,True,False,True,False,0.0,995.5498682149813,0.0,0.0,0.0,0.0,995.5498682149813
2026-05-21T13:45:00Z,2026-05-21T14:00:00Z,2026-05-21,2026-05-21_64,0.0,0,0,100,144.00000000000003,144.00000000000003,0.0,0.0,0.0,True,False,True,False,0.0,995.5498682149813,0.0,0.0,0.0,0.0,995.5498682149813
2026-05-21T14:00:00Z,2026-05-21T14:15:00Z,2026-05-21,2026-05-21_65,1.4210854715202004e-14,0,0,100,144.00000000000003,144.00000000000003,1.0726792508455617e-17,0.0,0.0,True,True,True,False,1.0480505352461478e-13,995.5498682149813,0.0,0.0,0.0,0.0,995.5498682149814
2026-05-21T14:15:00Z,2026-05-21T14:30:00Z,2026-05-21,2026-05-21_66,0.0,0,0,100,144.00000000000003,144.00000000000003,0.0,0.0,0.0,True,True,True,False,0.0,995.5498682149813,0.0,0.0,0.0,0.0,995.5498682149813
2026-05-21T14:30:00Z,2026-05-21T14:45:00Z,2026-05-21,2026-05-21_67,1.0992955038429085e-14,0,0,100,144.00000000000003,144.00000000000003,8.297822341809393e-18,0.0,0.0,True,True,True,False,2.6666160684469355e-13,995.5498682149813,0.0,0.0,0.0,0.0,995.5498682149815
2026-05-21T14:45:00Z,2026-05-21T15:00:00Z,2026-05-21,2026-05-21_68,1.4210854715202004e-14,0,0,100,144.00000000000003,144.00000000000003,1.0726792508455619e-17,0.0,0.0,True,True,True,False,3.850786356451863e-13,995.5498682149813,0.0,0.0,0.0,0.0,995.5498682149816
2026-05-21T15:00:00Z,2026-05-21T15:15:00Z,2026-05-21,2026-05-21_69,0.0,0,0,100,144.00000000000003,144.00000000000003,0.0,0.0,0.0,True,True,True,False,0.0,995.5498682149813,0.0,0.0,0.0,0.0,995.5498682149813
2026-05-21T15:15:00Z,2026-05-21T15:30:00Z,2026-05-21,2026-05-21_70,0.0,0,0,100,144.00000000000003,144.00000000000003,0.0,0.0,0.0,True,True,True,False,0.0,995.5498682149813,0.0,0.0,0.0,0.0,995.5498682149813
2026-05-21T15:30:00Z,2026-05-21T15:45:00Z,2026-05-21,2026-05-21_71,0.0,0,0,100,144.00000000000003,144.00000000000003,0.0,0.0,0.0,True,True,True,False,0.0,995.5498682149813,0.0,0.0,0.0,0.0,995.5498682149813
2026-05-21T15:45:00Z,2026-05-21T16:00:00Z,2026-05-21,2026-05-21_72,0.0,0,0,100,144.00000000000003,144.00000000000003,0.0,0.0,0.0,True,True,True,False,0.0,995.5498682149813,0.0,0.0,0.0,0.0,995.5498682149813
2026-05-21T16:00:00Z,2026-05-21T16:15:00Z,2026-05-21,2026-05-21_73,0.0,0,0,100,144.00000000000003,144.00000000000003,0.0,0.0,0.0,True,False,True,False,0.0,995.5498682149813,0.0,0.0,0.0,0.0,995.5498682149813
2026-05-21T16:15:00Z,2026-05-21T16:30:00Z,2026-05-21,2026-05-21_74,0.0,0,0,100,144.00000000000003,144.00000000000003,0.0,0.0,0.0,True,False,True,False,0.0,995.5498682149813,0.0,0.0,0.0,0.0,995.5498682149813
2026-05-21T16:30:00Z,2026-05-21T16:45:00Z,2026-05-21,2026-05-21_75,0.0,0,0,100,144.00000000000003,144.00000000000003,0.0,0.0,0.0,True,False,True,False,0.0,995.5498682149813,0.0,0.0,0.0,0.0,995.5498682149813
2026-05-21T16:45:00Z,2026-05-21T17:00:00Z,2026-05-21,2026-05-21_76,0.0,0,0,100,144.00000000000003,144.00000000000003,0.0,0.0,0.0,True,False,True,False,0.0,995.5498682149813,0.0,0.0,0.0,0.0,995.5498682149813
2026-05-21T17:00:00Z,2026-05-21T17:15:00Z,2026-05-21,2026-05-21_77,0.0,0,0,100,144.00000000000003,144.00000000000003,0.0,0.0,0.0,True,True,True,False,0.0,995.5498682149813,0.0,0.0,0.0,0.0,995.5498682149813
2026-05-21T17:15:00Z,2026-05-21T17:30:00Z,2026-05-21,2026-05-21_78,0.0,0,0,100,144.00000000000003,144.00000000000003,0.0,0.0,0.0,True,True,True,False,0.0,995.5498682149813,0.0,0.0,0.0,0.0,995.5498682149813
2026-05-21T17:30:00Z,2026-05-21T17:45:00Z,2026-05-21,2026-05-21_79,0.0,0,0,100,144.00000000000003,144.00000000000003,0.0,0.0,0.0,True,True,True,False,0.0,995.5498682149813,0.0,0.0,0.0,0.0,995.5498682149813
2026-05-21T17:45:00Z,2026-05-21T18:00:00Z,2026-05-21,2026-05-21_80,0.0,0,0,100,144.00000000000003,144.00000000000003,0.0,0.0,0.0,True,True,True,False,0.0,995.5498682149813,0.0,0.0,0.0,0.0,995.5498682149813
2026-05-21T18:00:00Z,2026-05-21T18:15:00Z,2026-05-21,2026-05-21_81,72.70742038836883,0,75,25,144.00000000000003,124.34177018633542,0.054620522913320355,0.0,0.09171428571428572,True,True,True,False,3303.098108243596,248.88746705374533,0.0,55.95133503953551,0.0,-5.164012812887101,3602.7728975239897
2026-05-21T18:15:00Z,2026-05-21T18:30:00Z,2026-05-21,2026-05-21_82,75.0,0,75,25,124.34177018633542,104.844099378882,0.054160196687370585,0.0,0.8121428571428572,True,True,True,False,3776.0624999999995,248.88746705374533,0.0,55.95133503953551,0.0,-41.10040354046046,4039.80089855282
2026-05-21T18:30:00Z,2026-05-21T18:45:00Z,2026-05-21,2026-05-21_83,75.0,0,75,25,104.844099378882,84.53680124223605,0.05640916149068322,0.0,0.06728571428571428,True,True,True,False,4218.0,248.88746705374533,0.0,55.95133503953551,0.0,-4.273924110382913,4518.564877982898
2026-05-21T18:45:00Z,2026-05-21T19:00:00Z,2026-05-21,2026-05-21_84,75.0,0,75,25,84.53680124223605,64.34782608695656,0.05608048654244306,0.0,0.17614285714285716,True,True,True,False,4258.3125,248.88746705374533,0.0,55.95133503953551,0.0,-9.93593335443349,4553.215368738847
2026-05-21T19:00:00Z,2026-05-21T19:15:00Z,2026-05-21,2026-05-21_85,0.0,0,0,100,64.34782608695656,64.34782608695656,0.0,0.0,0.0,True,True,True,False,0.0,995.5498682149813,0.0,0.0,0.0,0.0,995.5498682149813
2026-05-21T19:15:00Z,2026-05-21T19:30:00Z,2026-05-21,2026-05-21_86,0.0,0,0,100,64.34782608695656,64.34782608695656,0.0,0.0,0.0,True,True,True,False,0.0,995.5498682149813,0.0,0.0,0.0,0.0,995.5498682149813
2026-05-21T19:30:00Z,2026-05-21T19:45:00Z,2026-05-21,2026-05-21_87,0.0,0,0,100,64.34782608695656,64.34782608695656,0.0,0.0,0.0,True,True,True,False,0.0,995.5498682149813,0.0,0.0,0.0,0.0,995.5498682149813
2026-05-21T19:45:00Z,2026-05-21T20:00:00Z,2026-05-21,2026-05-21_88,0.0,0,0,100,64.34782608695656,64.34782608695656,0.0,0.0,0.0,True,True,True,False,0.0,995.5498682149813,0.0,0.0,0.0,0.0,995.5498682149813
2026-05-21T20:00:00Z,2026-05-21T20:15:00Z,2026-05-21,2026-05-21_89,100.0,0,100,0,64.34782608695656,37.73416149068327,0.07392684610075914,0.0,0.5154285714285715,True,True,True,False,5001.75,0.0,0.0,74.601780052714,0.0,-27.107203483708314,5049.244576569005
2026-05-21T20:15:00Z,2026-05-21T20:30:00Z,2026-05-21,2026-05-21_90,100.0,0,100,0,37.73416149068327,10.951552795031098,0.07439613526570048,0.0,0.36,True,True,True,False,4194.75,0.0,0.0,74.601780052714,0.0,-19.24003972649834,4250.111740326216
2026-05-21T20:30:00Z,2026-05-21T20:45:00Z,2026-05-21,2026-05-21_91,4.383122008876233,0,100,0,10.951552795031098,10.00000000000004,0.0039054664161602094,0.0,0.2582857142857143,True,True,True,False,172.62926031959043,0.0,0.0,74.601780052714,0.0,-13.64847462251641,233.58256574978802
2026-05-21T20:45:00Z,2026-05-21T21:00:00Z,2026-05-21,2026-05-21_92,1.2040294187090594,0,100,0,10.00000000000004,10.00000000000004,0.0017918766321429595,0.0,0.35485714285714287,True,True,True,False,45.22936511380581,0.0,0.0,74.601780052714,0.0,-18.335279749854028,101.4958654166658
2026-05-21T21:00:00Z,2026-05-21T21:15:00Z,2026-05-22,2026-05-21_93,-56.0,99,44,0,10.00000000000004,22.67072783105594,0.035896811262939955,0.26701714285714284,0.06059428571428571,True,True,True,False,-2511.3199999999997,0.0,109.069556759231,32.99244736039061,45.71874120057544,-3.404591734600462,-2326.943846414403
2026-05-21T21:15:00Z,2026-05-21T21:30:00Z,2026-05-22,2026-05-21_94,-55.999999999999986,99,44,0,22.67072783105594,36.21483905590066,0.03766407707384402,0.01584,0.7389485714285714,True,True,True,False,-2451.6799999999994,0.0,109.069556759231,32.99244736039061,2.416844675007629,-4.6611317712193205,-2311.8622829765895
2026-05-21T21:30:00Z,2026-05-21T21:45:00Z,2026-05-22,2026-05-21_95,-52.94234063191978,99,44,0,36.21483905590066,48.98327934409935,0.035467889689440806,0.0,0.6431542857142857,True,True,True,False,-2379.8905672563737,0.0,109.069556759231,32.99244736039061,0.0,-16.137858747111906,-2253.966421883864
2026-05-21T21:45:00Z,2026-05-21T22:00:00Z,2026-05-22,2026-05-21_96,-56.0,99,44,0,48.98327934409935,64.3478260869565,0.04267929650793651,0.0,2.7005942857142857,True,True,True,False,-2196.6,0.0,109.069556759231,32.99244736039061,0.0,24.86275304503248,-2029.675242835346
2026-05-21T22:00:00Z,2026-05-21T22:15:00Z,2026-05-22,2026-05-22_1,0.0,0,0,100,64.3478260869565,64.3478260869565,0.0,0.0,0.0,True,True,True,False,0.0,994.1447970704914,0.0,0.0,0.0,0.0,994.1447970704914
2026-05-21T22:15:00Z,2026-05-21T22:30:00Z,2026-05-22,2026-05-22_2,0.0,0,0,100,64.3478260869565,64.3478260869565,0.0,0.0,0.0,True,True,True,False,0.0,994.1447970704914,0.0,0.0,0.0,0.0,994.1447970704914
2026-05-21T22:30:00Z,2026-05-21T22:45:00Z,2026-05-22,2026-05-22_3,0.0,0,0,100,64.3478260869565,64.3478260869565,0.0,0.0,0.0,True,True,True,False,0.0,994.1447970704914,0.0,0.0,0.0,0.0,994.1447970704914
2026-05-21T22:45:00Z,2026-05-21T23:00:00Z,2026-05-22,2026-05-22_4,0.0,0,0,100,64.3478260869565,64.3478260869565,0.0,0.0,0.0,True,True,True,False,0.0,994.1447970704914,0.0,0.0,0.0,0.0,994.1447970704914
2026-05-21T23:00:00Z,2026-05-21T23:15:00Z,2026-05-22,2026-05-22_5,0.0,0,0,100,64.3478260869565,64.3478260869565,0.0,0.0,0.0,True,True,True,False,0.0,994.1447970704914,0.0,0.0,0.0,0.0,994.1447970704914
2026-05-21T23:15:00Z,2026-05-21T23:30:00Z,2026-05-22,2026-05-22_6,0.0,0,0,100,64.3478260869565,64.3478260869565,0.0,0.0,0.0,True,True,True,False,0.0,994.1447970704914,0.0,0.0,0.0,0.0,994.1447970704914
2026-05-21T23:30:00Z,2026-05-21T23:45:00Z,2026-05-22,2026-05-22_7,0.0,0,0,100,64.3478260869565,64.3478260869565,0.0,0.0,0.0,True,True,True,False,0.0,994.1447970704914,0.0,0.0,0.0,0.0,994.1447970704914
2026-05-21T23:45:00Z,2026-05-22T00:00:00Z,2026-05-22,2026-05-22_8,0.0,0,0,100,64.3478260869565,64.3478260869565,0.0,0.0,0.0,True,True,True,False,0.0,994.1447970704914,0.0,0.0,0.0,0.0,994.1447970704914
2026-05-22T00:00:00Z,2026-05-22T00:15:00Z,2026-05-22,2026-05-22_9,0.0,0,0,100,64.3478260869565,64.3478260869565,0.0,0.0,0.0,True,True,True,False,0.0,994.1447970704914,0.0,0.0,0.0,0.0,994.1447970704914
2026-05-22T00:15:00Z,2026-05-22T00:30:00Z,2026-05-22,2026-05-22_10,0.0,0,0,100,64.3478260869565,64.3478260869565,0.0,0.0,0.0,True,True,True,False,0.0,994.1447970704914,0.0,0.0,0.0,0.0,994.1447970704914
2026-05-22T00:30:00Z,2026-05-22T00:45:00Z,2026-05-22,2026-05-22_11,0.0,0,0,100,64.3478260869565,64.3478260869565,0.0,0.0,0.0,True,True,True,False,0.0,994.1447970704914,0.0,0.0,0.0,0.0,994.1447970704914
2026-05-22T00:45:00Z,2026-05-22T01:00:00Z,2026-05-22,2026-05-22_12,0.0,0,0,100,64.3478260869565,64.3478260869565,0.0,0.0,0.0,True,True,True,False,0.0,994.1447970704914,0.0,0.0,0.0,0.0,994.1447970704914
2026-05-22T01:00:00Z,2026-05-22T01:15:00Z,2026-05-22,2026-05-22_13,0.0,0,0,100,64.3478260869565,64.3478260869565,0.0,0.0,0.0,True,True,True,False,0.0,994.1447970704914,0.0,0.0,0.0,0.0,994.1447970704914
2026-05-22T01:15:00Z,2026-05-22T01:30:00Z,2026-05-22,2026-05-22_14,0.0,0,0,100,64.3478260869565,64.3478260869565,0.0,0.0,0.0,True,True,True,False,0.0,994.1447970704914,0.0,0.0,0.0,0.0,994.1447970704914
2026-05-22T01:30:00Z,2026-05-22T01:45:00Z,2026-05-22,2026-05-22_15,0.0,0,0,100,64.3478260869565,64.3478260869565,0.0,0.0,0.0,True,True,True,False,0.0,994.1447970704914,0.0,0.0,0.0,0.0,994.1447970704914
2026-05-22T01:45:00Z,2026-05-22T02:00:00Z,2026-05-22,2026-05-22_16,0.0,0,0,100,64.3478260869565,64.3478260869565,0.0,0.0,0.0,True,True,True,False,0.0,994.1447970704914,0.0,0.0,0.0,0.0,994.1447970704914
2026-05-22T02:00:00Z,2026-05-22T02:15:00Z,2026-05-22,2026-05-22_17,0.0,0,0,100,64.3478260869565,64.3478260869565,0.0,0.0,0.0,True,True,True,False,0.0,994.1447970704914,0.0,0.0,0.0,0.0,994.1447970704914
2026-05-22T02:15:00Z,2026-05-22T02:30:00Z,2026-05-22,2026-05-22_18,0.0,0,0,100,64.3478260869565,64.3478260869565,0.0,0.0,0.0,True,True,True,False,0.0,994.1447970704914,0.0,0.0,0.0,0.0,994.1447970704914
2026-05-22T02:30:00Z,2026-05-22T02:45:00Z,2026-05-22,2026-05-22_19,0.0,0,0,100,64.3478260869565,64.3478260869565,0.0,0.0,0.0,True,True,True,False,0.0,994.1447970704914,0.0,0.0,0.0,0.0,994.1447970704914
2026-05-22T02:45:00Z,2026-05-22T03:00:00Z,2026-05-22,2026-05-22_20,0.0,0,0,100,64.3478260869565,64.3478260869565,0.0,0.0,0.0,True,True,True,False,0.0,994.1447970704914,0.0,0.0,0.0,0.0,994.1447970704914
2026-05-22T03:00:00Z,2026-05-22T03:15:00Z,2026-05-22,2026-05-22_21,0.0,0,0,100,64.3478260869565,64.3478260869565,0.0,0.0,0.0,True,True,True,False,0.0,994.1447970704914,0.0,0.0,0.0,0.0,994.1447970704914
2026-05-22T03:15:00Z,2026-05-22T03:30:00Z,2026-05-22,2026-05-22_22,0.0,0,0,100,64.3478260869565,64.3478260869565,0.0,0.0,0.0,True,True,True,False,0.0,994.1447970704914,0.0,0.0,0.0,0.0,994.1447970704914
2026-05-22T03:30:00Z,2026-05-22T03:45:00Z,2026-05-22,2026-05-22_23,0.0,0,0,100,64.3478260869565,64.3478260869565,0.0,0.0,0.0,True,True,True,False,0.0,994.1447970704914,0.0,0.0,0.0,0.0,994.1447970704914
2026-05-22T03:45:00Z,2026-05-22T04:00:00Z,2026-05-22,2026-05-22_24,0.0,0,0,100,64.3478260869565,64.3478260869565,0.0,0.0,0.0,True,True,True,False,0.0,994.1447970704914,0.0,0.0,0.0,0.0,994.1447970704914
2026-05-22T04:00:00Z,2026-05-22T04:15:00Z,2026-05-22,2026-05-22_25,0.0,0,0,100,64.3478260869565,64.3478260869565,0.0,0.0,0.0,True,True,True,False,0.0,994.1447970704914,0.0,0.0,0.0,0.0,994.1447970704914
2026-05-22T04:15:00Z,2026-05-22T04:30:00Z,2026-05-22,2026-05-22_26,0.0,0,0,100,64.3478260869565,64.3478260869565,0.0,0.0,0.0,True,True,True,False,0.0,994.1447970704914,0.0,0.0,0.0,0.0,994.1447970704914
2026-05-22T04:30:00Z,2026-05-22T04:45:00Z,2026-05-22,2026-05-22_27,0.0,0,0,100,64.3478260869565,64.3478260869565,0.0,0.0,0.0,True,True,True,False,0.0,994.1447970704914,0.0,0.0,0.0,0.0,994.1447970704914
2026-05-22T04:45:00Z,2026-05-22T05:00:00Z,2026-05-22,2026-05-22_28,0.0,0,0,100,64.3478260869565,64.3478260869565,0.0,0.0,0.0,True,True,True,False,0.0,994.1447970704914,0.0,0.0,0.0,0.0,994.1447970704914
2026-05-22T05:00:00Z,2026-05-22T05:15:00Z,2026-05-22,2026-05-22_29,0.0,100,100,0,64.3478260869565,51.810559006211165,0.03482574189095928,11.534285714285714,0.0,True,True,True,False,0.0,0.0,110.19987793713764,74.72535855965823,2559.4468247308077,0.0,2744.372061227604
2026-05-22T05:15:00Z,2026-05-22T05:30:00Z,2026-05-22,2026-05-22_30,0.0,100,100,0,51.810559006211165,39.303105590062096,0.03474292615596963,11.506857142857143,0.0,True,True,True,False,0.0,0.0,110.19987793713764,74.72535855965823,4356.712240943372,0.0,4541.637477440168
2026-05-22T05:30:00Z,2026-05-22T05:45:00Z,2026-05-22,2026-05-22_31,0.0,100,100,0,39.303105590062096,25.312231552795016,0.03886938026224983,12.87257142857143,0.001142857142857143,True,True,True,False,0.0,0.0,110.19987793713764,74.72535855965823,7731.261686211257,-0.057979859627708276,7916.128942848425
2026-05-22T05:45:00Z,2026-05-22T06:00:00Z,2026-05-22,2026-05-22_32,1.1841373292537337e-15,100,100,0,25.312231552795016,26.56740770186334,0.003666034506556246,0.029714285714285714,1.3994285714285712,True,True,True,False,3.4638977223994844e-14,0.0,110.19987793713764,74.72535855965823,4.814290073673656,-38.92547724399494,150.81404932647462
2026-05-22T06:00:00Z,2026-05-22T06:15:00Z,2026-05-22,2026-05-22_33,0.0,75,74,25,26.56740770186334,28.350229644720482,0.005309426031746033,0.05914285714285715,2.0077257142857143,True,True,True,False,0.0,248.53619926762286,82.64990845285323,55.29676533414709,10.140644753476613,-15.245573616984176,381.3779441911156
2026-05-22T06:15:00Z,2026-05-22T06:30:00Z,2026-05-22,2026-05-22_34,-0.8024090830892375,75,74,25,28.350229644720482,30.14606403227843,0.004990989157671902,0.0004285714285714286,1.7518971428571428,True,True,True,False,-26.916812692228476,248.53619926762286,82.64990845285323,55.29676533414709,0.07348293299620734,-51.679495553424296,307.9600477419666
2026-05-22T06:30:00Z,2026-05-22T06:45:00Z,2026-05-22,2026-05-22_35,-1.000000000000021,75,74,25,30.14606403227843,24.440419093148,0.016753884830917876,5.4719999999999995,0.0,True,True,True,False,-29.84250000000063,248.53619926762286,82.64990845285323,55.29676533414709,1349.712340555386,0.0,1706.3527136100085
2026-05-22T06:45:00Z,2026-05-22T07:00:00Z,2026-05-22,2026-05-22_36,-0.023328996368916607,75,74,25,24.440419093148,23.59208144099378,0.0025384637867651924,0.8108571428571428,0.03002285714285714,True,True,True,False,-0.595997534734897,248.53619926762286,82.64990845285323,55.29676533414709,139.1320870569772,-2.2961484807533017,522.7228140961122
2026-05-22T07:00:00Z,2026-05-22T07:15:00Z,2026-05-22,2026-05-22_37,2.999999999999986,80,83,17,23.59208144099378,19.239130434782602,0.012206019461697712,3.2745142857142855,0.023240000000000004,True,True,True,False,92.41499999999957,169.00461550198352,88.09124198962466,61.30969636862985,542.0360353982301,-1.7773954836740924,951.0791937747936
2026-05-22T07:15:00Z,2026-05-22T07:30:00Z,2026-05-22,2026-05-22_38,2.9999999999999893,80,83,17,19.239130434782602,19.418718360248445,0.005255963699102823,0.08,1.1681657142857143,True,True,True,False,78.85499999999972,169.00461550198352,88.09124198962466,61.30969636862985,11.12297833384193,-85.91783969004753,322.4656925040322
2026-05-22T07:30:00Z,2026-05-22T07:45:00Z,2026-05-22,2026-05-22_39,2.4627467362392923,80,83,17,19.418718360248445,19.769994792546576,0.0046318748892779215,0.02331428571428571,1.1306971428571428,True,True,True,False,49.10716992061149,169.00461550198352,88.09124198962466,61.30969636862985,3.2415536858625047,-86.47573128732725,284.27854617938476
2026-05-22T07:45:00Z,2026-05-22T08:00:00Z,2026-05-22,2026-05-22_40,0.0,80,83,17,19.769994792546576,19.2391304347826,0.0021582270255348516,0.6016,0.1337485714285714,True,True,True,False,0.0,169.00461550198352,88.09124198962466,61.30969636862985,83.64479707049131,-10.229092375430488,391.82125855529887
2026-05-22T08:00:00Z,2026-05-22T08:15:00Z,2026-05-22,2026-05-22_41,0.0,100,0,0,19.2391304347826,16.809937888198746,0.00674775707384403,2.234857142857143,0.0,True,True,True,False,0.0,0.0,110.97230698809886,0.0,304.58112363224205,0.0,415.5534306203409
2026-05-22T08:15:00Z,2026-05-22T08:30:00Z,2026-05-22,2026-05-22_42,0.0,100,0,0,16.809937888198746,14.81366459627328,0.005545203588681848,1.8365714285714283,0.0,True,True,True,False,0.0,0.0,110.97230698809886,0.0,248.17498081869303,0.0,359.1472878067919
2026-05-22T08:30:00Z,2026-05-22T08:45:00Z,2026-05-22,2026-05-22_43,-100.0,100,0,0,14.81366459627328,32.63748173913042,0.04951060317460318,5.626285714285714,0.0,True,True,True,False,-401.0,0.0,110.97230698809886,0.0,810.6220942499673,0.0,520.5944012380662
2026-05-22T08:45:00Z,2026-05-22T09:00:00Z,2026-05-22,2026-05-22_44,-100.0,100,0,0,32.63748173913042,43.73899031055899,0.03083752380952381,12.933142857142856,0.0,True,True,True,False,-35.75,0.0,110.97230698809886,0.0,2992.205143205894,0.0,3067.4274501939926
2026-05-22T09:00:00Z,2026-05-22T09:15:00Z,2026-05-22,2026-05-22_45,-37.999999999999986,38,0,62,43.73899031055899,52.34694139627327,0.023910975238095232,0.1435314285714286,0.0,True,True,True,False,-141.54999999999995,616.3697741837046,42.32167378700031,0.0,16.81648950259384,0.0,533.9579374732988
2026-05-22T09:15:00Z,2026-05-22T09:30:00Z,2026-05-22,2026-05-22_46,-38.0,38,0,62,52.34694139627327,61.086941396273275,0.02427777777777778,0.0,0.0,True,True,True,False,-19.57,616.3697741837046,42.32167378700031,0.0,0.0,0.0,639.1214479707049
2026-05-22T09:30:00Z,2026-05-22T09:45:00Z,2026-05-22,2026-05-22_47,-38.0,38,0,62,61.086941396273275,69.82694139627328,0.02427777777777778,0.0,0.0,True,True,True,False,-0.9500000000000001,616.3697741837046,42.32167378700031,0.0,0.0,0.0,657.7414479707049
2026-05-22T09:45:00Z,2026-05-22T10:00:00Z,2026-05-22,2026-05-22_48,-38.0,38,0,62,69.82694139627328,78.56694139627328,0.02427777777777778,0.0,0.0,True,True,True,False,-0.095,616.3697741837046,42.32167378700031,0.0,0.0,0.0,658.596447970705
2026-05-22T10:00:00Z,2026-05-22T10:15:00Z,2026-05-22,2026-05-22_49,0.0,100,100,0,78.56694139627328,88.37466711055899,0.02724368253968254,0.0,10.660571428571428,True,True,True,False,0.0,0.0,111.20117485505035,94.15051876716508,0.0,384.43689437203017,589.7885879942456
2026-05-22T10:15:00Z,2026-05-22T10:30:00Z,2026-05-22,2026-05-22_50,0.0,100,100,0,88.37466711055899,100.16696425341613,0.032756380952380953,0.0,12.817714285714285,True,True,True,False,0.0,0.0,111.20117485505035,94.15051876716508,0.0,245.99147467195604,451.3431682941715
2026-05-22T10:30:00Z,2026-05-22T10:45:00Z,2026-05-22,2026-05-22_51,0.0,100,100,0,100.16696425341613,114.55891853913042,0.039977650793650794,0.0,15.643428571428572,True,True,True,False,0.0,0.0,111.20117485505035,94.15051876716508,0.0,546.6995195954488,752.0512132176642
2026-05-22T10:45:00Z,2026-05-22T11:00:00Z,2026-05-22,2026-05-22_52,0.0,100,100,0,114.55891853913042,122.1581672347826,0.02112627743271222,0.002857142857142857,8.263428571428571,True,True,True,False,0.0,0.0,111.20117485505035,94.15051876716508,0.24522647020358343,1064.8163404028076,1270.4132604952265
2026-05-22T11:00:00Z,2026-05-22T11:15:00Z,2026-05-22,2026-05-22_53,-0.9999999999999727,0,0,99,122.1581672347826,122.38816723478259,0.0006388888888888715,0.0,0.0,True,False,True,False,-0.0,984.2033490997865,0.0,0.0,0.0,0.0,984.2033490997865
2026-05-22T11:15:00Z,2026-05-22T11:30:00Z,2026-05-22,2026-05-22_54,-1.0,0,0,99,122.38816723478259,122.61816723478259,0.0006388888888888889,0.0,0.0,True,False,True,False,-0.0,984.2033490997865,0.0,0.0,0.0,0.0,984.2033490997865
2026-05-22T11:30:00Z,2026-05-22T11:45:00Z,2026-05-22,2026-05-22_55,-1.0000000000000344,0,0,99,122.61816723478259,122.8481672347826,0.0006388888888889109,0.0,0.0,True,False,True,False,-0.0,984.2033490997865,0.0,0.0,0.0,0.0,984.2033490997865
2026-05-22T11:45:00Z,2026-05-22T12:00:00Z,2026-05-22,2026-05-22_56,-1.0,0,0,99,122.8481672347826,123.0781672347826,0.0006388888888888889,0.0,0.0,True,False,True,False,-0.0,984.2033490997865,0.0,0.0,0.0,0.0,984.2033490997865
2026-05-22T12:00:00Z,2026-05-22T12:15:00Z,2026-05-22,2026-05-22_57,-22.999999999999897,23,0,77,123.0781672347826,128.17494620621116,0.014157719365079306,0.21002285714285715,0.0,True,True,True,False,-0.0,765.4914937442783,25.319652120842232,0.0,25.254295233009287,0.0,816.0654410981298
2026-05-22T12:15:00Z,2026-05-22T12:30:00Z,2026-05-22,2026-05-22_58,-22.999999999999922,23,0,77,128.17494620621116,133.21791832049686,0.014008255873015827,0.26850857142857143,0.0,True,True,True,False,-0.0,765.4914937442783,25.319652120842232,0.0,32.40159792275165,0.0,823.2127437878721
2026-05-22T12:30:00Z,2026-05-22T12:45:00Z,2026-05-22,2026-05-22_59,-23.0,23,0,77,133.21791832049686,138.50791832049688,0.014694444444444444,0.0,0.0,True,True,True,False,-0.6325,765.4914937442783,25.319652120842232,0.0,0.0,0.0,790.1786458651205
2026-05-22T12:45:00Z,2026-05-22T13:00:00Z,2026-05-22,2026-05-22_60,-22.999999999999993,23,0,77,138.50791832049688,143.79586277763974,0.014688734603174599,0.0022342857142857147,0.0,True,True,True,False,-24.609999999999992,765.4914937442783,25.319652120842232,0.0,0.19420882558088848,0.0,766.3953546907014
2026-05-22T13:00:00Z,2026-05-22T13:15:00Z,2026-05-22,2026-05-22_61,-1.0,0,0,99,143.79586277763974,144.02586277763973,0.0006388888888888889,0.0,0.0,True,False,True,False,-0.33,984.2033490997865,0.0,0.0,0.0,0.0,983.8733490997864
2026-05-22T13:15:00Z,2026-05-22T13:30:00Z,2026-05-22,2026-05-22_62,-1.0,0,0,99,144.02586277763973,144.25586277763972,0.0006388888888888889,0.0,0.0,True,False,True,False,-2.49,984.2033490997865,0.0,0.0,0.0,0.0,981.7133490997865
2026-05-22T13:30:00Z,2026-05-22T13:45:00Z,2026-05-22,2026-05-22_63,-0.8875531406970268,0,0,99,144.25586277763972,144.46000000000004,0.0005670478398897671,0.0,0.0,True,False,True,False,-5.434044103917547,984.2033490997865,0.0,0.0,0.0,0.0,978.7693049958689
2026-05-22T13:45:00Z,2026-05-22T14:00:00Z,2026-05-22,2026-05-22_64,0.3894988703983934,0,0,99,144.46000000000004,144.35415791565265,0.00029400578985385974,0.0,0.0,True,False,True,False,5.174492493242656,984.2033490997865,0.0,0.0,0.0,0.0,989.3778415930291
2026-05-22T14:00:00Z,2026-05-22T14:15:00Z,2026-05-22,2026-05-22_65,-31.0,31,0,69,144.35415791565265,151.24784934422408,0.019149142857142858,0.25685714285714284,0.0,True,True,True,False,-130.975,685.9599099786391,33.77174244736039,0.0,34.9214412136536,0.0,623.6780936396531
2026-05-22T14:15:00Z,2026-05-22T14:30:00Z,2026-05-22,2026-05-22_66,-31.0,31,0,69,151.24784934422408,158.25985802993836,0.019477801904761904,0.12825142857142854,0.0,True,True,True,False,-515.7624999999999,685.9599099786391,33.77174244736039,0.0,17.122368019530054,0.0,221.0915204455296
2026-05-22T14:30:00Z,2026-05-22T14:45:00Z,2026-05-22,2026-05-22_67,-0.11022520314557308,31,0,69,158.25985802993836,158.26000000000005,0.00014002722872160186,0.023205714285714288,0.0,True,True,True,False,-2.7831863794257203,685.9599099786391,33.77174244736039,0.0,3.098108025633201,0.0,720.0465740722069
2026-05-22T14:45:00Z,2026-05-22T15:00:00Z,2026-05-22,2026-05-22_68,0.0,31,0,69,158.26000000000005,156.7721925465839,0.004132798481711525,1.368782857142857,0.0,True,True,True,False,0.0,685.9599099786391,33.77174244736039,0.0,232.6147681110772,0.0,952.3464205370767
2026-05-22T15:00:00Z,2026-05-22T15:15:00Z,2026-05-22,2026-05-22_69,-100.0,100,0,0,156.7721925465839,176.63840968944106,0.0551839365079365,3.4062857142857146,0.0,True,True,True,False,-1973.75,0.0,110.19987793713764,0.0,653.2179127250535,0.0,-1210.332209337809
2026-05-22T15:15:00Z,2026-05-22T15:30:00Z,2026-05-22,2026-05-22_70,-100.0,100,0,0,176.63840968944106,189.79651254658393,0.036550285714285716,10.697714285714286,0.0,True,True,True,False,-2492.5,0.0,110.19987793713764,0.0,2506.646332228955,0.0,124.34621016609273
2026-05-22T15:30:00Z,2026-05-22T15:45:00Z,2026-05-22,2026-05-22_71,-67.07863252772391,100,0,0,189.79651254658393,188.24517568182927,0.03031269492200863,17.41542857142857,0.0,True,True,True,False,-2088.996313494642,0.0,110.19987793713764,0.0,4422.86518069663,0.0,2444.0687451391254
2026-05-22T15:45:00Z,2026-05-22T16:00:00Z,2026-05-22,2026-05-22_72,0.0,100,0,0,188.24517568182927,186.45635580605287,0.004968944099378881,1.6457142857142857,0.0,True,True,True,False,0.0,0.0,110.19987793713764,0.0,285.1380792536728,0.0,395.33795719081047
2026-05-22T16:00:00Z,2026-05-22T16:15:00Z,2026-05-22,2026-05-22_73,-5.597498932219372,100,82,0,186.45635580605287,190.0,0.0154561375760018,0.9845714285714285,3.605657142857143,True,True,True,False,-164.31458115529966,0.0,110.19987793713764,61.18095819346962,179.18779371376257,15.87240092201055,202.12644961108072
2026-05-22T16:15:00Z,2026-05-22T16:30:00Z,2026-05-22,2026-05-22_74,-18.0,100,82,0,190.0,186.50975455403724,0.026053251953071083,7.219428571428571,0.0,True,True,True,False,-628.92,0.0,110.19987793713764,61.18095819346962,1824.7741847944549,0.0,1367.2350209250621
2026-05-22T16:30:00Z,2026-05-22T16:45:00Z,2026-05-22,2026-05-22_75,-18.0,100,82,0,186.50975455403724,168.1956706981366,0.05432692372670808,21.24514285714286,0.0,True,True,True,False,-675.0,0.0,110.19987793713764,61.18095819346962,8703.17455621431,0.0,8199.555392344917
2026-05-22T16:45:00Z,2026-05-22T17:00:00Z,2026-05-22,2026-05-22_76,-17.600414594857615,100,82,0,168.1956706981366,151.340110310559,0.05152964278688331,19.765714285714285,0.0,True,True,True,False,-709.3847102457362,0.0,110.19987793713764,61.18095819346962,6968.296414403418,0.0,6430.292540288288
2026-05-22T17:00:00Z,2026-05-22T17:15:00Z,2026-05-22,2026-05-22_77,0.0,100,100,0,151.340110310559,149.1926648447205,0.00867255486542443,2.424,0.5297142857142857,True,True,True,False,0.0,0.0,107.82537381751602,74.58231614281355,737.4790692706744,-27.224133898600634,892.6626253324033
2026-05-22T17:15:00Z,2026-05-22T17:30:00Z,2026-05-22,2026-05-22_78,0.0,100,100,0,149.1926648447205,144.21030360248446,0.01400344789510007,4.610857142857143,0.032,True,True,True,False,0.0,0.0,107.82537381751602,74.58231614281355,1184.6707126509439,-1.784076899603296,1365.2943257116701
2026-05-22T17:30:00Z,2026-05-22T17:45:00Z,2026-05-22,2026-05-22_79,0.0,100,100,0,144.21030360248446,123.05564521739129,0.05876293995859212,19.462285714285713,0.0,True,True,True,False,0.0,0.0,107.82537381751602,74.58231614281355,11536.300294803608,0.0,11718.707984763938
2026-05-22T17:45:00Z,2026-05-22T18:00:00Z,2026-05-22,2026-05-22_80,0.0,100,100,0,123.05564521739129,101.73266385093166,0.05923050379572118,19.617142857142856,0.0,True,True,True,False,0.0,0.0,107.82537381751602,74.58231614281355,13066.198691093769,0.0,13248.606381054098
2026-05-22T18:00:00Z,2026-05-22T18:15:00Z,2026-05-22,2026-05-22_81,0.0,100,100,0,101.73266385093166,79.62210484472048,0.06141821946169772,20.341714285714286,0.0,True,True,True,False,0.0,0.0,108.99832163564236,74.58231614281355,8683.625341776014,0.0,8867.20597955447
2026-05-22T18:15:00Z,2026-05-22T18:30:00Z,2026-05-22,2026-05-22_82,0.0,100,100,0,79.62210484472048,70.04943403726706,0.026590752242926154,8.806857142857142,0.0,True,True,True,False,0.0,0.0,108.99832163564236,74.58231614281355,2129.1037373032823,0.0,2312.6843750817384
2026-05-22T18:30:00Z,2026-05-22T18:45:00Z,2026-05-22,2026-05-22_83,0.0,100,100,0,70.04943403726706,65.86496198757762,0.011623533471359557,3.8497142857142856,0.0,True,True,True,False,0.0,0.0,108.99832163564236,74.58231614281355,674.1214479707049,0.0,857.7020857491608
2026-05-22T18:45:00Z,2026-05-22T19:00:00Z,2026-05-22,2026-05-22_84,0.0,100,100,0,65.86496198757762,64.3478260869565,0.0045296949620427865,1.4479999999999997,0.061714285714285715,True,True,True,False,0.0,0.0,108.99832163564236,74.58231614281355,260.0506591394568,-3.7804590435502856,439.8508378743624
2026-05-22T19:00:00Z,2026-05-22T19:15:00Z,2026-05-22,2026-05-22_85,0.0,0,0,100,64.3478260869565,64.3478260869565,0.0,0.0,0.0,True,True,True,False,0.0,994.1447970704914,0.0,0.0,0.0,0.0,994.1447970704914
2026-05-22T19:15:00Z,2026-05-22T19:30:00Z,2026-05-22,2026-05-22_86,0.0,0,0,100,64.3478260869565,64.3478260869565,0.0,0.0,0.0,True,True,True,False,0.0,994.1447970704914,0.0,0.0,0.0,0.0,994.1447970704914
2026-05-22T19:30:00Z,2026-05-22T19:45:00Z,2026-05-22,2026-05-22_87,0.0,0,0,100,64.3478260869565,64.3478260869565,0.0,0.0,0.0,True,True,True,False,0.0,994.1447970704914,0.0,0.0,0.0,0.0,994.1447970704914
2026-05-22T19:45:00Z,2026-05-22T20:00:00Z,2026-05-22,2026-05-22_88,0.0,0,0,100,64.3478260869565,64.3478260869565,0.0,0.0,0.0,True,True,True,False,0.0,994.1447970704914,0.0,0.0,0.0,0.0,994.1447970704914
2026-05-22T20:00:00Z,2026-05-22T20:15:00Z,2026-05-22,2026-05-22_89,0.0,0,0,100,64.3478260869565,64.3478260869565,0.0,0.0,0.0,True,True,True,False,0.0,994.1447970704914,0.0,0.0,0.0,0.0,994.1447970704914
2026-05-22T20:15:00Z,2026-05-22T20:30:00Z,2026-05-22,2026-05-22_90,0.0,0,0,100,64.3478260869565,64.3478260869565,0.0,0.0,0.0,True,True,True,False,0.0,994.1447970704914,0.0,0.0,0.0,0.0,994.1447970704914
2026-05-22T20:30:00Z,2026-05-22T20:45:00Z,2026-05-22,2026-05-22_91,0.0,0,0,100,64.3478260869565,64.3478260869565,0.0,0.0,0.0,True,True,True,False,0.0,994.1447970704914,0.0,0.0,0.0,0.0,994.1447970704914
2026-05-22T20:45:00Z,2026-05-22T21:00:00Z,2026-05-22,2026-05-22_92,0.0,0,0,100,64.3478260869565,64.3478260869565,0.0,0.0,0.0,True,True,True,False,0.0,994.1447970704914,0.0,0.0,0.0,0.0,994.1447970704914
2026-05-22T21:00:00Z,2026-05-22T21:15:00Z,2026-05-23,2026-05-22_93,0.0,0,0,100,64.3478260869565,64.3478260869565,0.0,0.0,0.0,True,True,True,False,0.0,993.0841335162322,0.0,0.0,0.0,0.0,993.0841335162322
2026-05-22T21:15:00Z,2026-05-22T21:30:00Z,2026-05-23,2026-05-22_94,0.0,0,0,100,64.3478260869565,64.3478260869565,0.0,0.0,0.0,True,True,True,False,0.0,993.0841335162322,0.0,0.0,0.0,0.0,993.0841335162322
2026-05-22T21:30:00Z,2026-05-22T21:45:00Z,2026-05-23,2026-05-22_95,0.0,0,0,100,64.3478260869565,64.3478260869565,0.0,0.0,0.0,True,True,True,False,0.0,993.0841335162322,0.0,0.0,0.0,0.0,993.0841335162322
2026-05-22T21:45:00Z,2026-05-22T22:00:00Z,2026-05-23,2026-05-22_96,0.0,0,0,100,64.3478260869565,64.3478260869565,0.0,0.0,0.0,True,True,True,False,0.0,993.0841335162322,0.0,0.0,0.0,0.0,993.0841335162322
2026-05-22T22:00:00Z,2026-05-22T22:15:00Z,2026-05-23,2026-05-23_1,0.0,0,0,100,64.3478260869565,64.3478260869565,0.0,0.0,0.0,True,False,True,False,0.0,993.0841335162322,0.0,0.0,0.0,0.0,993.0841335162322
2026-05-22T22:15:00Z,2026-05-22T22:30:00Z,2026-05-23,2026-05-23_2,0.0,0,0,100,64.3478260869565,64.3478260869565,0.0,0.0,0.0,True,False,True,False,0.0,993.0841335162322,0.0,0.0,0.0,0.0,993.0841335162322
2026-05-22T22:30:00Z,2026-05-22T22:45:00Z,2026-05-23,2026-05-23_3,0.0,0,0,100,64.3478260869565,64.3478260869565,0.0,0.0,0.0,True,False,True,False,0.0,993.0841335162322,0.0,0.0,0.0,0.0,993.0841335162322
2026-05-22T22:45:00Z,2026-05-22T23:00:00Z,2026-05-23,2026-05-23_4,0.0,0,0,100,64.3478260869565,64.3478260869565,0.0,0.0,0.0,True,False,True,False,0.0,993.0841335162322,0.0,0.0,0.0,0.0,993.0841335162322
2026-05-22T23:00:00Z,2026-05-22T23:15:00Z,2026-05-23,2026-05-23_5,0.0,0,0,100,64.3478260869565,64.3478260869565,0.0,0.0,0.0,True,True,True,False,0.0,993.0841335162322,0.0,0.0,0.0,0.0,993.0841335162322
2026-05-22T23:15:00Z,2026-05-22T23:30:00Z,2026-05-23,2026-05-23_6,0.0,0,0,100,64.3478260869565,64.3478260869565,0.0,0.0,0.0,True,True,True,False,0.0,993.0841335162322,0.0,0.0,0.0,0.0,993.0841335162322
2026-05-22T23:30:00Z,2026-05-22T23:45:00Z,2026-05-23,2026-05-23_7,0.0,0,0,100,64.3478260869565,64.3478260869565,0.0,0.0,0.0,True,True,True,False,0.0,993.0841335162322,0.0,0.0,0.0,0.0,993.0841335162322
2026-05-22T23:45:00Z,2026-05-23T00:00:00Z,2026-05-23,2026-05-23_8,0.0,0,0,100,64.3478260869565,64.3478260869565,0.0,0.0,0.0,True,True,True,False,0.0,993.0841335162322,0.0,0.0,0.0,0.0,993.0841335162322
2026-05-23T00:00:00Z,2026-05-23T00:15:00Z,2026-05-23,2026-05-23_9,0.0,0,0,100,64.3478260869565,64.3478260869565,0.0,0.0,0.0,True,False,True,False,0.0,993.0841335162322,0.0,0.0,0.0,0.0,993.0841335162322
2026-05-23T00:15:00Z,2026-05-23T00:30:00Z,2026-05-23,2026-05-23_10,0.0,0,0,100,64.3478260869565,64.3478260869565,0.0,0.0,0.0,True,False,True,False,0.0,993.0841335162322,0.0,0.0,0.0,0.0,993.0841335162322
2026-05-23T00:30:00Z,2026-05-23T00:45:00Z,2026-05-23,2026-05-23_11,0.0,0,0,100,64.3478260869565,64.3478260869565,0.0,0.0,0.0,True,False,True,False,0.0,993.0841335162322,0.0,0.0,0.0,0.0,993.0841335162322
2026-05-23T00:45:00Z,2026-05-23T01:00:00Z,2026-05-23,2026-05-23_12,0.0,0,0,100,64.3478260869565,64.3478260869565,0.0,0.0,0.0,True,False,True,False,0.0,993.0841335162322,0.0,0.0,0.0,0.0,993.0841335162322
2026-05-23T01:00:00Z,2026-05-23T01:15:00Z,2026-05-23,2026-05-23_13,0.0,0,0,100,64.3478260869565,64.3478260869565,0.0,0.0,0.0,True,True,True,False,0.0,993.0841335162322,0.0,0.0,0.0,0.0,993.0841335162322
2026-05-23T01:15:00Z,2026-05-23T01:30:00Z,2026-05-23,2026-05-23_14,0.0,0,0,100,64.3478260869565,64.3478260869565,0.0,0.0,0.0,True,True,True,False,0.0,993.0841335162322,0.0,0.0,0.0,0.0,993.0841335162322
2026-05-23T01:30:00Z,2026-05-23T01:45:00Z,2026-05-23,2026-05-23_15,0.0,0,0,100,64.3478260869565,64.3478260869565,0.0,0.0,0.0,True,True,True,False,0.0,993.0841335162322,0.0,0.0,0.0,0.0,993.0841335162322
2026-05-23T01:45:00Z,2026-05-23T02:00:00Z,2026-05-23,2026-05-23_16,0.0,0,0,100,64.3478260869565,64.3478260869565,0.0,0.0,0.0,True,True,True,False,0.0,993.0841335162322,0.0,0.0,0.0,0.0,993.0841335162322
2026-05-23T02:00:00Z,2026-05-23T02:15:00Z,2026-05-23,2026-05-23_17,0.0,0,0,100,64.3478260869565,64.3478260869565,0.0,0.0,0.0,True,True,True,False,0.0,993.0841335162322,0.0,0.0,0.0,0.0,993.0841335162322
2026-05-23T02:15:00Z,2026-05-23T02:30:00Z,2026-05-23,2026-05-23_18,0.0,0,0,100,64.3478260869565,64.3478260869565,0.0,0.0,0.0,True,True,True,False,0.0,993.0841335162322,0.0,0.0,0.0,0.0,993.0841335162322
2026-05-23T02:30:00Z,2026-05-23T02:45:00Z,2026-05-23,2026-05-23_19,0.0,0,0,100,64.3478260869565,64.3478260869565,0.0,0.0,0.0,True,True,True,False,0.0,993.0841335162322,0.0,0.0,0.0,0.0,993.0841335162322
2026-05-23T02:45:00Z,2026-05-23T03:00:00Z,2026-05-23,2026-05-23_20,0.0,0,0,100,64.3478260869565,64.3478260869565,0.0,0.0,0.0,True,True,True,False,0.0,993.0841335162322,0.0,0.0,0.0,0.0,993.0841335162322
2026-05-23T03:00:00Z,2026-05-23T03:15:00Z,2026-05-23,2026-05-23_21,0.0,0,0,100,64.3478260869565,64.3478260869565,0.0,0.0,0.0,True,True,True,False,0.0,993.0841335162322,0.0,0.0,0.0,0.0,993.0841335162322
2026-05-23T03:15:00Z,2026-05-23T03:30:00Z,2026-05-23,2026-05-23_22,0.0,0,0,100,64.3478260869565,64.3478260869565,0.0,0.0,0.0,True,True,True,False,0.0,993.0841335162322,0.0,0.0,0.0,0.0,993.0841335162322
2026-05-23T03:30:00Z,2026-05-23T03:45:00Z,2026-05-23,2026-05-23_23,0.0,0,0,100,64.3478260869565,64.3478260869565,0.0,0.0,0.0,True,True,True,False,0.0,993.0841335162322,0.0,0.0,0.0,0.0,993.0841335162322
2026-05-23T03:45:00Z,2026-05-23T04:00:00Z,2026-05-23,2026-05-23_24,0.0,0,0,100,64.3478260869565,64.3478260869565,0.0,0.0,0.0,True,True,True,False,0.0,993.0841335162322,0.0,0.0,0.0,0.0,993.0841335162322
2026-05-23T04:00:00Z,2026-05-23T04:15:00Z,2026-05-23,2026-05-23_25,0.0,0,0,100,64.3478260869565,64.3478260869565,0.0,0.0,0.0,True,True,True,False,0.0,993.0841335162322,0.0,0.0,0.0,0.0,993.0841335162322
2026-05-23T04:15:00Z,2026-05-23T04:30:00Z,2026-05-23,2026-05-23_26,0.0,0,0,100,64.3478260869565,64.3478260869565,0.0,0.0,0.0,True,True,True,False,0.0,993.0841335162322,0.0,0.0,0.0,0.0,993.0841335162322
2026-05-23T04:30:00Z,2026-05-23T04:45:00Z,2026-05-23,2026-05-23_27,0.0,0,0,100,64.3478260869565,64.3478260869565,0.0,0.0,0.0,True,True,True,False,0.0,993.0841335162322,0.0,0.0,0.0,0.0,993.0841335162322
2026-05-23T04:45:00Z,2026-05-23T05:00:00Z,2026-05-23,2026-05-23_28,0.0,0,0,100,64.3478260869565,64.3478260869565,0.0,0.0,0.0,True,True,True,False,0.0,993.0841335162322,0.0,0.0,0.0,0.0,993.0841335162322
2026-05-23T05:00:00Z,2026-05-23T05:15:00Z,2026-05-23,2026-05-23_29,0.0,100,100,0,64.3478260869565,61.792546583850914,0.007097998619737749,2.3508571428571425,0.0,True,True,True,False,0.0,0.0,109.19638774577045,72.84522176497484,409.0615940514294,0.0,591.1032035621747
2026-05-23T05:15:00Z,2026-05-23T05:30:00Z,2026-05-23,2026-05-23_30,0.0,100,100,0,61.792546583850914,45.44099378881986,0.045420979986197374,15.04342857142857,0.0,True,True,True,False,0.0,0.0,109.19638774577045,72.84522176497484,10367.610086223789,0.0,10549.651695734534
2026-05-23T05:30:00Z,2026-05-23T05:45:00Z,2026-05-23,2026-05-23_31,0.0,100,100,0,45.44099378881986,40.20931677018632,0.014532436162870945,4.813142857142857,0.0,True,True,True,False,0.0,0.0,109.19638774577045,72.84522176497484,876.8506775970561,0.0,1058.8922871078014
2026-05-23T05:45:00Z,2026-05-23T06:00:00Z,2026-05-23,2026-05-23_32,0.0,100,100,0,40.20931677018632,40.54713341614905,0.0013455569358178053,0.06742857142857143,0.44685714285714284,True,True,True,False,0.0,0.0,109.19638774577045,72.84522176497484,10.869966686262984,-23.986134953295448,168.92544124371284
2026-05-23T06:00:00Z,2026-05-23T06:15:00Z,2026-05-23,2026-05-23_33,88.00000000000003,0,0,12,40.54713341614905,16.63408993788817,0.06642512077294689,0.0,0.0,True,True,True,False,2397.7800000000007,108.02469135802467,0.0,0.0,0.0,0.0,2505.804691358025
2026-05-23T06:15:00Z,2026-05-23T06:30:00Z,2026-05-23,2026-05-23_34,0.41345097142859255,0,0,12,16.63408993788817,16.52173913043475,0.0003120855762595052,0.0,0.0,True,True,True,False,6.805402989714634,108.02469135802467,0.0,0.0,0.0,0.0,114.8300943477393
2026-05-23T06:30:00Z,2026-05-23T06:45:00Z,2026-05-23,2026-05-23_35,-8.880907372400761,0,0,12,16.52173913043475,18.564347826086923,0.0056739130434782644,0.0,0.0,True,True,True,False,-57.681493383742946,108.02469135802467,0.0,0.0,0.0,0.0,50.34319797428172
2026-05-23T06:45:00Z,2026-05-23T07:00:00Z,2026-05-23,2026-05-23_36,-88.00000000000003,0,0,12,18.564347826086923,38.80434782608693,0.05622222222222224,0.0,0.0,True,True,True,False,-176.88000000000005,108.02469135802467,0.0,0.0,0.0,0.0,-68.85530864197538
2026-05-23T07:00:00Z,2026-05-23T07:15:00Z,2026-05-23,2026-05-23_37,0.0,0,0,53,38.80434782608693,38.80434782608693,0.0,0.0,0.0,True,False,True,False,0.0,477.1090534979423,0.0,0.0,0.0,0.0,477.1090534979423
2026-05-23T07:15:00Z,2026-05-23T07:30:00Z,2026-05-23,2026-05-23_38,0.0,0,0,53,38.80434782608693,38.80434782608693,0.0,0.0,0.0,True,False,True,False,0.0,477.1090534979423,0.0,0.0,0.0,0.0,477.1090534979423
2026-05-23T07:30:00Z,2026-05-23T07:45:00Z,2026-05-23,2026-05-23_39,0.0,0,0,53,38.80434782608693,38.80434782608693,0.0,0.0,0.0,True,False,True,False,0.0,477.1090534979423,0.0,0.0,0.0,0.0,477.1090534979423
2026-05-23T07:45:00Z,2026-05-23T08:00:00Z,2026-05-23,2026-05-23_40,0.0,0,0,53,38.80434782608693,38.80434782608693,0.0,0.0,0.0,True,False,True,False,0.0,477.1090534979423,0.0,0.0,0.0,0.0,477.1090534979423
2026-05-23T08:00:00Z,2026-05-23T08:15:00Z,2026-05-23,2026-05-23_41,0.0,100,100,0,38.80434782608693,45.82946782608693,0.019514222222222224,0.0,7.636,True,True,True,False,0.0,0.0,110.19661636945588,72.10219478737997,0.0,2531.2144147233653,2713.513225880201
2026-05-23T08:15:00Z,2026-05-23T08:30:00Z,2026-05-23,2026-05-23_42,0.0,100,100,0,45.82946782608693,47.32197068322979,0.004145841269841271,0.0,1.6222857142857143,True,True,True,False,0.0,0.0,110.19661636945588,72.10219478737997,0.0,-31.484483419339387,150.81432773749646
2026-05-23T08:30:00Z,2026-05-23T08:45:00Z,2026-05-23,2026-05-23_43,0.0,100,100,0,47.32197068322979,51.22960496894408,0.010854539682539683,0.0,4.247428571428571,True,True,True,False,0.0,0.0,110.19661636945588,72.10219478737997,0.0,399.95324297254336,582.2520541293792
2026-05-23T08:45:00Z,2026-05-23T09:00:00Z,2026-05-23,2026-05-23_44,0.0,100,100,0,51.22960496894408,55.650389068322966,0.014198520358868188,0.3177142857142857,5.180571428571429,True,True,True,False,0.0,0.0,110.19661636945588,72.10219478737997,27.238879090730943,1069.3712881311646,1278.9089783787315
2026-05-23T09:00:00Z,2026-05-23T09:15:00Z,2026-05-23,2026-05-23_45,0.0,47,47,53,55.650389068322966,51.36871826086955,0.011893530020703931,3.9391371428571427,0.0,True,True,True,False,0.0,477.1090534979423,51.83270461819845,45.81532921810699,499.0091547815011,0.0,1073.7662421157488
2026-05-23T09:15:00Z,2026-05-23T09:30:00Z,2026-05-23,2026-05-23_46,0.0,47,47,53,51.36871826086955,48.33700363726707,0.010970530462387855,3.211308571428572,0.4987371428571429,True,True,True,False,0.0,477.1090534979423,51.83270461819845,45.81532921810699,481.72687659764415,22.64879312822523,1079.132757060117
2026-05-23T09:30:00Z,2026-05-23T09:45:00Z,2026-05-23,2026-05-23_47,0.0,47,47,53,48.33700363726707,49.889175075776386,0.00433915806763285,0.004565714285714286,1.6925371428571427,True,True,True,False,0.0,477.1090534979423,51.83270461819845,45.81532921810699,0.3786442680776014,-6.268333622923334,568.867397979402
2026-05-23T09:45:00Z,2026-05-23T10:00:00Z,2026-05-23,2026-05-23_48,-3.861645303044023e-14,47,47,53,49.889175075776386,53.062991075776395,0.00881615555555558,0.0,3.4498,True,True,True,False,-0.0,477.1090534979423,51.83270461819845,45.81532921810699,0.0,36.3087375019052,611.065824836153
2026-05-23T10:00:00Z,2026-05-23T10:15:00Z,2026-05-23,2026-05-23_49,0.0,100,100,0,53.062991075776395,52.17312772173913,0.002617874396135266,0.842857142857143,0.028571428571428574,True,True,True,False,0.0,0.0,110.25377229080932,97.47942386831275,72.22335717551768,-1.9178261153569798,278.03872721928275
2026-05-23T10:15:00Z,2026-05-23T10:30:00Z,2026-05-23,2026-05-23_50,0.0,100,100,0,52.17312772173913,52.118788342857144,0.012633736369910283,2.117142857142857,2.442285714285714,True,True,True,False,0.0,0.0,110.25377229080932,97.47942386831275,271.1119047619048,-0.3196635965771768,478.5254373244497
2026-05-23T10:30:00Z,2026-05-23T10:45:00Z,2026-05-23,2026-05-23_51,0.0,100,100,0,52.118788342857144,74.42326834285714,0.061956888888888895,0.0,24.244,True,True,True,False,0.0,0.0,110.25377229080932,97.47942386831275,0.0,21671.4191274196,21879.15232357872
2026-05-23T10:45:00Z,2026-05-23T11:00:00Z,2026-05-23,2026-05-23_52,0.0,100,100,0,74.42326834285714,91.00995952298136,0.04834122291235334,0.37542857142857144,18.472571428571428,True,True,True,False,0.0,0.0,110.25377229080932,97.47942386831275,32.18694885361552,17053.13478857752,17293.054933590258
2026-05-23T11:00:00Z,2026-05-23T11:15:00Z,2026-05-23,2026-05-23_53,0.0,100,100,0,91.00995952298136,73.09070486459626,0.04977570738440303,16.485714285714288,0.0,True,True,True,False,0.0,0.0,109.19638774577045,97.47942386831275,3855.564705946394,0.0,4062.240517560477
2026-05-23T11:15:00Z,2026-05-23T11:30:00Z,2026-05-23,2026-05-23_54,0.0,100,100,0,73.09070486459626,70.51340797018634,0.02374836438923396,5.118285714285715,3.245714285714286,True,True,True,False,0.0,0.0,109.19638774577045,97.47942386831275,849.7614159426918,212.67319006249048,1269.1104176192655
2026-05-23T11:30:00Z,2026-05-23T11:45:00Z,2026-05-23,2026-05-23_55,0.0,100,100,0,70.51340797018634,79.35802511304348,0.024568380952380953,0.0,9.613714285714286,True,True,True,False,0.0,0.0,109.19638774577045,97.47942386831275,0.0,166.52745182572343,373.2032634398066
2026-05-23T11:45:00Z,2026-05-23T12:00:00Z,2026-05-23,2026-05-23_56,0.0,100,100,0,79.35802511304348,86.06561368447205,0.01863219047619048,0.0,7.290857142857144,True,True,True,False,0.0,0.0,109.19638774577045,97.47942386831275,0.0,49.40164119145601,256.0774528055392
2026-05-23T12:00:00Z,2026-05-23T12:15:00Z,2026-05-23,2026-05-23_57,0.0,100,100,0,86.06561368447205,94.74515654161492,0.02410984126984127,0.0,9.434285714285714,True,True,True,False,0.0,0.0,109.16780978509374,97.47942386831275,0.0,281.5457018747142,488.1929355281207
2026-05-23T12:15:00Z,2026-05-23T12:30:00Z,2026-05-23,2026-05-23_58,0.0,100,100,0,94.74515654161492,102.39114511304349,0.021238857142857146,0.0,8.310857142857143,True,True,True,False,0.0,0.0,109.16780978509374,97.47942386831275,0.0,141.85997256515776,348.50720621856425
2026-05-23T12:30:00Z,2026-05-23T12:45:00Z,2026-05-23,2026-05-23_59,0.0,100,100,0,102.39114511304349,109.42152225590064,0.019528825396825395,0.0,7.641714285714285,True,True,True,False,0.0,0.0,109.16780978509374,97.47942386831275,0.0,68.59460611405055,275.241839767457
2026-05-23T12:45:00Z,2026-05-23T13:00:00Z,2026-05-23,2026-05-23_60,0.0,100,100,0,109.42152225590064,119.22136225590064,0.027221777777777775,0.0,10.652,True,True,True,False,0.0,0.0,109.16780978509374,97.47942386831275,0.0,3015.8282205456485,3222.475454199055
2026-05-23T13:00:00Z,2026-05-23T13:15:00Z,2026-05-23,2026-05-23_61,-47.0,0,0,53,119.22136225590064,130.03136225590063,0.030027777777777778,0.0,0.0,True,False,True,False,101.8725,477.1090534979423,0.0,0.0,0.0,0.0,578.9815534979423
2026-05-23T13:15:00Z,2026-05-23T13:30:00Z,2026-05-23,2026-05-23_62,-47.0,0,0,53,130.03136225590063,140.84136225590063,0.030027777777777778,0.0,0.0,True,False,True,False,37.9525,477.1090534979423,0.0,0.0,0.0,0.0,515.0615534979423
2026-05-23T13:30:00Z,2026-05-23T13:45:00Z,2026-05-23,2026-05-23_63,-47.0,0,0,53,140.84136225590063,151.65136225590064,0.030027777777777778,0.0,0.0,True,False,True,False,24.675,477.1090534979423,0.0,0.0,0.0,0.0,501.7840534979423
2026-05-23T13:45:00Z,2026-05-23T14:00:00Z,2026-05-23,2026-05-23_64,-46.99999999999999,0,0,53,151.65136225590064,162.46136225590064,0.030027777777777775,0.0,0.0,True,False,True,False,23.499999999999996,477.1090534979423,0.0,0.0,0.0,0.0,500.6090534979423
2026-05-23T14:00:00Z,2026-05-23T14:15:00Z,2026-05-23,2026-05-23_65,-33.73320758304064,0,0,43,162.46136225590064,170.22,0.021551771511387076,0.0,0.0,True,False,True,False,9.02363302846337,387.0884773662551,0.0,0.0,0.0,0.0,396.1121103947185
2026-05-23T14:15:00Z,2026-05-23T14:30:00Z,2026-05-23,2026-05-23_66,0.0,0,0,43,170.22,170.22,0.0,0.0,0.0,True,False,True,False,0.0,387.0884773662551,0.0,0.0,0.0,0.0,387.0884773662551
2026-05-23T14:30:00Z,2026-05-23T14:45:00Z,2026-05-23,2026-05-23_67,0.0,0,0,43,170.22,170.22,0.0,0.0,0.0,True,False,True,False,0.0,387.0884773662551,0.0,0.0,0.0,0.0,387.0884773662551
2026-05-23T14:45:00Z,2026-05-23T15:00:00Z,2026-05-23,2026-05-23_68,0.0,0,0,43,170.22,170.22,0.0,0.0,0.0,True,False,True,False,0.0,387.0884773662551,0.0,0.0,0.0,0.0,387.0884773662551
2026-05-23T15:00:00Z,2026-05-23T15:15:00Z,2026-05-23,2026-05-23_69,0.0,0,100,0,170.22,179.06461714285714,0.024568380952380953,0.0,9.613714285714286,True,True,True,False,0.0,0.0,0.0,72.7880658436214,0.0,5708.355323012606,5781.143388856228
2026-05-23T15:15:00Z,2026-05-23T15:30:00Z,2026-05-23,2026-05-23_70,0.0,0,100,0,179.06461714285714,179.15136,0.00024095238095238092,0.0,0.09428571428571428,True,True,True,False,0.0,0.0,0.0,72.7880658436214,0.0,-5.798549872623946,66.98951597099745
2026-05-23T15:30:00Z,2026-05-23T15:45:00Z,2026-05-23,2026-05-23_71,0.6100090237612162,0,100,0,179.15136,178.987701863354,0.0004662172102641014,0.0,0.002285714285714286,True,True,True,False,9.11353481499257,0.0,0.0,72.7880658436214,0.0,-0.17418947460099724,81.72741118401296
2026-05-23T15:45:00Z,2026-05-23T16:00:00Z,2026-05-23,2026-05-23_72,99.99999999999989,0,100,0,178.987701863354,151.82,0.07546583850931668,0.0,0.005714285714285714,True,True,True,False,3186.2499999999964,0.0,0.0,72.7880658436214,0.0,-0.4354736865024931,3258.6025921571154
2026-05-23T16:00:00Z,2026-05-23T16:15:00Z,2026-05-23,2026-05-23_73,0.0,0,0,83,151.82,151.82,0.0,0.0,0.0,True,False,True,False,0.0,747.170781893004,0.0,0.0,0.0,0.0,747.170781893004
2026-05-23T16:15:00Z,2026-05-23T16:30:00Z,2026-05-23,2026-05-23_74,0.0,0,0,83,151.82,151.82,0.0,0.0,0.0,True,False,True,False,0.0,747.170781893004,0.0,0.0,0.0,0.0,747.170781893004
2026-05-23T16:30:00Z,2026-05-23T16:45:00Z,2026-05-23,2026-05-23_75,17.0,0,0,83,151.82,147.20043478260868,0.012832125603864732,0.0,0.0,True,False,True,False,625.685,747.170781893004,0.0,0.0,0.0,0.0,1372.855781893004
2026-05-23T16:45:00Z,2026-05-23T17:00:00Z,2026-05-23,2026-05-23_76,17.0,0,0,83,147.20043478260868,142.58086956521737,0.012832125603864732,0.0,0.0,True,False,True,False,695.0875000000001,747.170781893004,0.0,0.0,0.0,0.0,1442.258281893004
2026-05-23T17:00:00Z,2026-05-23T17:15:00Z,2026-05-23,2026-05-23_77,0.0,100,100,0,142.58086956521737,136.42230161490681,0.017264847481021396,5.692,0.030857142857142857,True,True,True,False,0.0,0.0,106.65294924554185,78.4750800182899,4320.0325842097245,-1.6513168724279834,4503.509296601128
2026-05-23T17:15:00Z,2026-05-23T17:30:00Z,2026-05-23,2026-05-23_78,0.0,100,100,0,136.42230161490681,140.2053416149068,0.010508444444444445,0.0,4.112,True,True,True,False,0.0,0.0,106.65294924554185,78.4750800182899,0.0,42.79729614388051,227.92532540771225
2026-05-23T17:30:00Z,2026-05-23T17:45:00Z,2026-05-23,2026-05-23_79,0.0,100,100,0,140.2053416149068,140.49420124223602,0.0017823740510697034,0.16228571428571426,0.5057142857142858,True,True,True,False,0.0,0.0,106.65294924554185,78.4750800182899,30.993176562806184,-26.08097524332093,190.040230583317
2026-05-23T17:45:00Z,2026-05-23T18:00:00Z,2026-05-23,2026-05-23_80,0.0,100,100,0,140.49420124223602,139.66285913043478,0.002318045548654244,0.7662857142857142,0.0017142857142857142,True,True,True,False,0.0,0.0,106.65294924554185,78.4750800182899,165.97324025083284,-0.10146547782350249,350.9998040368411
2026-05-23T18:00:00Z,2026-05-23T18:15:00Z,2026-05-23,2026-05-23_81,0.0,0,0,83,139.66285913043478,139.66285913043478,0.0,0.0,0.0,True,False,True,False,0.0,747.170781893004,0.0,0.0,0.0,0.0,747.170781893004
2026-05-23T18:15:00Z,2026-05-23T18:30:00Z,2026-05-23,2026-05-23_82,0.0,0,0,83,139.66285913043478,139.66285913043478,0.0,0.0,0.0,True,False,True,False,0.0,747.170781893004,0.0,0.0,0.0,0.0,747.170781893004
2026-05-23T18:30:00Z,2026-05-23T18:45:00Z,2026-05-23,2026-05-23_83,0.0,0,0,83,139.66285913043478,139.66285913043478,0.0,0.0,0.0,True,False,True,False,0.0,747.170781893004,0.0,0.0,0.0,0.0,747.170781893004
2026-05-23T18:45:00Z,2026-05-23T19:00:00Z,2026-05-23,2026-05-23_84,-17.0,0,0,83,139.66285913043478,143.57285913043478,0.010861111111111111,0.0,0.0,True,False,True,False,-428.91,747.170781893004,0.0,0.0,0.0,0.0,318.260781893004
2026-05-23T19:00:00Z,2026-05-23T19:15:00Z,2026-05-23,2026-05-23_85,22.999999999999943,0,0,77,143.57285913043478,137.3228591304348,0.017361111111111067,0.0,0.0,True,False,True,False,965.5974999999977,693.1584362139916,0.0,0.0,0.0,0.0,1658.7559362139893
2026-05-23T19:15:00Z,2026-05-23T19:30:00Z,2026-05-23,2026-05-23_86,22.999999999999943,0,0,77,137.3228591304348,131.07285913043484,0.017361111111111067,0.0,0.0,True,False,True,False,948.2324999999977,693.1584362139916,0.0,0.0,0.0,0.0,1641.3909362139893
2026-05-23T19:30:00Z,2026-05-23T19:45:00Z,2026-05-23,2026-05-23_87,22.999999999999943,0,0,77,131.07285913043484,124.82285913043485,0.017361111111111067,0.0,0.0,True,False,True,False,909.7074999999978,693.1584362139916,0.0,0.0,0.0,0.0,1602.8659362139895
2026-05-23T19:45:00Z,2026-05-23T20:00:00Z,2026-05-23,2026-05-23_88,22.999999999999943,0,0,77,124.82285913043485,118.57285913043486,0.017361111111111067,0.0,0.0,True,False,True,False,901.8874999999978,693.1584362139916,0.0,0.0,0.0,0.0,1595.0459362139895
2026-05-23T20:00:00Z,2026-05-23T20:15:00Z,2026-05-23,2026-05-23_89,100.0,0,0,0,118.57285913043486,91.39894608695661,0.0754830917874396,0.0,0.0,True,False,True,False,4635.75,0.0,0.0,0.0,0.0,0.0,4635.75
2026-05-23T20:15:00Z,2026-05-23T20:30:00Z,2026-05-23,2026-05-23_90,100.00000000000006,0,0,0,91.39894608695661,64.22503304347833,0.07548309178743966,0.0,0.0,True,False,True,False,4060.2500000000023,0.0,0.0,0.0,0.0,0.0,4060.2500000000023
2026-05-23T20:30:00Z,2026-05-23T20:45:00Z,2026-05-23,2026-05-23_91,100.0,0,0,0,64.22503304347833,37.051120000000076,0.0754830917874396,0.0,0.0,True,False,True,False,3783.2500000000005,0.0,0.0,0.0,0.0,0.0,3783.2500000000005
2026-05-23T20:45:00Z,2026-05-23T21:00:00Z,2026-05-23,2026-05-23_92,99.54812160000014,0,0,0,37.051120000000076,10.000000000000039,0.0751420000000001,0.0,0.0,True,False,True,False,3221.128344672005,0.0,0.0,0.0,0.0,0.0,3221.128344672005
2026-05-23T21:00:00Z,2026-05-23T21:15:00Z,2026-05-24,2026-05-23_93,1.6991239333393699e-13,0,0,0,10.000000000000039,9.999999999999993,1.2825512781849108e-16,0.0,0.0,True,False,True,False,6.71408822259052e-12,0.0,0.0,0.0,0.0,0.0,6.71408822259052e-12
2026-05-23T21:15:00Z,2026-05-23T21:30:00Z,2026-05-24,2026-05-23_94,0.0,0,0,0,9.999999999999993,9.999999999999993,0.0,0.0,0.0,True,False,True,False,0.0,0.0,0.0,0.0,0.0,0.0,0.0
2026-05-23T21:30:00Z,2026-05-23T21:45:00Z,2026-05-24,2026-05-23_95,-29.846226302997565,0,0,0,9.999999999999993,16.864632049689433,0.019068422360248447,0.0,0.0,True,False,True,False,-1072.3002955009451,0.0,0.0,0.0,0.0,0.0,-1072.3002955009451
2026-05-23T21:45:00Z,2026-05-23T22:00:00Z,2026-05-24,2026-05-23_96,-100.0,0,0,0,16.864632049689433,39.86463204968943,0.06388888888888888,0.0,0.0,True,False,True,False,-3551.0,0.0,0.0,0.0,0.0,0.0,-3551.0
2026-05-23T22:00:00Z,2026-05-23T22:15:00Z,2026-05-24,2026-05-24_1,0.0,100,100,0,39.86463204968943,46.324609192546575,0.01794438095238095,0.0,7.021714285714285,True,True,True,False,0.0,0.0,108.56767261088248,78.64654778235025,0.0,2498.848959435626,2686.0631798288587
2026-05-23T22:15:00Z,2026-05-23T22:30:00Z,2026-05-24,2026-05-24_2,0.0,100,100,0,46.324609192546575,46.21602683229813,0.0006404113181504486,0.15600000000000003,0.06628571428571428,True,True,True,False,0.0,0.0,108.56767261088248,78.64654778235025,28.142681755829912,-4.147011997300063,211.20989015176258
2026-05-23T22:30:00Z,2026-05-23T22:45:00Z,2026-05-24,2026-05-24_3,0.0,100,100,0,46.21602683229813,48.33467229813664,0.008945857832988268,0.5068571428571428,2.901714285714286,True,True,True,False,0.0,0.0,108.56767261088248,78.64654778235025,116.52692838635224,2.9609780738998848,306.70212685348486
2026-05-23T22:45:00Z,2026-05-23T23:00:00Z,2026-05-24,2026-05-24_4,0.0,100,100,0,48.33467229813664,53.47826086956521,0.014287746031746033,0.0,5.590857142857144,True,True,True,False,0.0,0.0,108.56767261088248,78.64654778235025,0.0,-34.79373353365123,152.4204868595815
2026-05-23T23:00:00Z,2026-05-23T23:15:00Z,2026-05-24,2026-05-24_5,0.0,20,20,80,53.47826086956521,53.810222708074534,0.00105048060731539,0.02125714285714286,0.38594285714285714,True,True,True,False,0.0,720.1646090534979,21.690672153635116,19.87882944673068,3.6300880527794113,-12.021743527772335,753.3424551788708
2026-05-23T23:15:00Z,2026-05-23T23:30:00Z,2026-05-24,2026-05-24_6,0.0,20,20,80,53.810222708074534,54.427831850931675,0.0017155809523809523,0.0,0.6713142857142856,True,True,True,False,0.0,720.1646090534979,21.690672153635116,19.87882944673068,0.0,-8.65131857077536,753.0827920830883
2026-05-23T23:30:00Z,2026-05-23T23:45:00Z,2026-05-24,2026-05-24_7,0.0,20,20,80,54.427831850931675,55.03892213664596,0.001697473015873016,0.0,0.6642285714285714,True,True,True,False,0.0,720.1646090534979,21.690672153635116,19.87882944673068,0.0,-3.689399438238944,758.0447112156247
2026-05-23T23:45:00Z,2026-05-24T00:00:00Z,2026-05-24,2026-05-24_8,0.0,20,20,80,55.03892213664596,55.882746633540364,0.0024447160800552107,0.016685714285714286,0.9369142857142858,True,True,True,False,0.0,720.1646090534979,21.690672153635116,19.87882944673068,2.8535724954819606,-4.698672981035122,759.8890101683105
2026-05-24T00:00:00Z,2026-05-24T00:15:00Z,2026-05-24,2026-05-24_9,2.0000000000000036,15,17,83,55.882746633540364,55.149206260869555,0.0020376121463078012,0.17485714285714285,0.0,True,True,True,False,75.51000000000013,747.170781893004,16.268004115226336,16.89700502972108,29.857203605722123,0.0,885.7029946436737
2026-05-24T00:15:00Z,2026-05-24T00:30:00Z,2026-05-24,2026-05-24_10,2.0,15,17,83,55.149206260869555,55.14994091925465,0.0027601497584541063,0.0288,0.6124857142857142,True,True,True,False,73.645,747.170781893004,16.268004115226336,16.89700502972108,4.85680109739369,-0.9371423509046966,857.9004497844404
2026-05-24T00:30:00Z,2026-05-24T00:45:00Z,2026-05-24,2026-05-24_11,1.5114594797642664,15,17,83,55.14994091925465,55.10869565217391,0.001963380722770543,0.0015428571428571427,0.3970228571428571,True,True,True,False,53.751277749116724,747.170781893004,16.268004115226336,16.89700502972108,0.24000587889476774,-10.68818087181832,823.6388937941446
2026-05-24T00:45:00Z,2026-05-24T01:00:00Z,2026-05-24,2026-05-24_12,1.0701153596988904,15,17,83,55.10869565217391,55.10869565217391,0.0014967213897403423,0.0,0.3125085714285714,True,True,True,False,36.777189624451616,747.170781893004,16.268004115226336,16.89700502972108,0.0,-15.0489119395998,802.0640687228032
2026-05-24T01:00:00Z,2026-05-24T01:15:00Z,2026-05-24,2026-05-24_13,34.0,66,100,0,55.10869565217391,54.08667237763975,0.031217361159420285,0.0,8.412571428571429,True,True,True,False,1108.57,0.0,71.5792181069959,99.39414723365341,0.0,153.35056045463455,1432.8939257952838
2026-05-24T01:15:00Z,2026-05-24T01:30:00Z,2026-05-24,2026-05-24_14,33.999999999999964,66,100,0,54.08667237763975,55.50153878260871,0.03286420792270531,0.0,10.907428571428571,True,True,True,False,1104.2349999999988,0.0,71.5792181069959,99.39414723365341,0.0,843.1416517516928,2118.3500170923407
2026-05-24T01:30:00Z,2026-05-24T01:45:00Z,2026-05-24,2026-05-24_15,33.99999999999997,66,100,0,55.50153878260871,57.34562373167704,0.03315427323671497,0.0,11.346857142857141,True,True,True,False,1103.2999999999993,0.0,71.5792181069959,99.39414723365341,0.0,1890.7104970932128,3164.9838624338613
2026-05-24T01:45:00Z,2026-05-24T02:00:00Z,2026-05-24,2026-05-24_16,33.99999999999999,66,100,0,57.34562373167704,55.169343045962755,0.030437315555555552,0.0,7.230857142857143,True,True,True,False,1098.6249999999998,0.0,71.5792181069959,99.39414723365341,0.0,40.20724671761709,1309.8056120582662
2026-05-24T02:00:00Z,2026-05-24T02:15:00Z,2026-05-24,2026-05-24_17,0.7141612821616932,15,17,83,55.169343045962755,55.34476397515529,0.0014643111509269873,0.0,0.39857714285714285,True,True,True,False,22.41752264705555,747.170781893004,16.268004115226336,15.570701874714217,0.0,-8.877317159840615,792.5496933701595
2026-05-24T02:15:00Z,2026-05-24T02:30:00Z,2026-05-24,2026-05-24_18,2.0000000000000284,15,17,83,55.34476397515529,55.33371905590062,0.0025860898550724805,0.0,0.5666342857142858,True,True,True,False,62.510000000000886,747.170781893004,16.268004115226336,15.570701874714217,0.0,-9.224432215254645,832.2950556676908
2026-05-24T02:30:00Z,2026-05-24T02:45:00Z,2026-05-24,2026-05-24_19,2.0000000000000284,15,17,83,55.33371905590062,55.42636765217391,0.002795728502415474,0.0,0.6769885714285715,True,True,True,False,64.46500000000091,747.170781893004,16.268004115226336,15.570701874714217,0.0,-15.864888212815991,827.6095996701295
2026-05-24T02:45:00Z,2026-05-24T03:00:00Z,2026-05-24,2026-05-24_20,2.0000000000000284,15,17,83,55.42636765217391,55.12459751552794,0.0019983265700483283,0.0,0.2572342857142857,True,True,True,False,64.20000000000091,747.170781893004,16.268004115226336,15.570701874714217,0.0,-12.673914830056392,830.535573052889
2026-05-24T03:00:00Z,2026-05-24T03:15:00Z,2026-05-24,2026-05-24_21,0.0,17,17,83,55.12459751552794,55.11567017142856,0.00016233087646652867,0.03098857142857143,0.02690857142857143,True,True,True,False,0.0,747.170781893004,18.296181984453586,13.350480109739367,5.040129847366473,-1.5740345417728132,782.2835392927906
2026-05-24T03:15:00Z,2026-05-24T03:30:00Z,2026-05-24,2026-05-24_22,0.0,17,17,83,55.11567017142856,55.1086956521739,6.803144237405106e-05,0.014474285714285712,0.00952,True,True,True,False,0.0,747.170781893004,18.296181984453586,13.350480109739367,2.288560288065843,-0.6957391860996799,780.4102650891631
2026-05-24T03:30:00Z,2026-05-24T03:45:00Z,2026-05-24,2026-05-24_23,0.0,17,17,83,55.1086956521739,55.15005874285713,0.0001219368115942029,0.0011657142857142856,0.046337142857142855,True,True,True,False,0.0,747.170781893004,18.296181984453586,13.350480109739367,0.18133777516493563,-2.809573309817754,776.1892084525441
2026-05-24T03:45:00Z,2026-05-24T04:00:00Z,2026-05-24,2026-05-24_24,0.0,17,17,83,55.15005874285713,55.216624914285696,0.00019839809523809524,0.0022342857142857143,0.07499428571428571,True,True,True,False,0.0,747.170781893004,18.296181984453586,13.350480109739367,0.34054042284494956,-4.088351605809219,775.0696328042327
2026-05-24T04:00:00Z,2026-05-24T04:15:00Z,2026-05-24,2026-05-24_25,0.0,21,21,79,55.216624914285696,55.180274931677,0.0001236655072463768,0.0372,0.0044399999999999995,True,True,True,False,0.0,711.1625514403291,22.601165980795606,16.491769547325102,6.032008916323731,-0.307727663465935,755.9797682213076
2026-05-24T04:15:00Z,2026-05-24T04:30:00Z,2026-05-24,2026-05-24_26,0.0,21,21,79,55.180274931677,55.150088149068296,0.00015745217391304348,0.03996,0.0144,True,True,True,False,0.0,711.1625514403291,22.601165980795606,16.491769547325102,6.583952057613169,-0.9319615912208503,755.9074774348421
2026-05-24T04:30:00Z,2026-05-24T04:45:00Z,2026-05-24,2026-05-24_27,0.0,21,21,79,55.150088149068296,53.053720288198726,0.005823857391304348,1.9287600000000003,0.00012,True,True,True,False,0.0,711.1625514403291,22.601165980795606,16.491769547325102,376.2166027206219,-0.009144947416552356,1126.4629447416553
2026-05-24T04:45:00Z,2026-05-24T05:00:00Z,2026-05-24,2026-05-24_28,1.6262640605600054e-14,21,21,79,53.053720288198726,53.02050533167698,0.0002026637681159542,0.048839999999999995,0.0216,True,True,True,False,3.849367031345533e-13,711.1625514403291,22.601165980795606,16.491769547325102,7.846520804755372,-1.462275720164609,756.639732053041
2026-05-24T05:00:00Z,2026-05-24T05:15:00Z,2026-05-24,2026-05-24_29,26.0,40,66,34,53.02050533167698,45.62257956770182,0.02059886045548654,0.32045714285714283,0.01584,True,True,True,False,808.665,306.0699588477366,43.91860996799269,51.831275720164605,54.73535967949136,-1.5089163237311387,1263.7112878916541
2026-05-24T05:15:00Z,2026-05-24T05:30:00Z,2026-05-24,2026-05-24_30,26.0,40,66,34,45.62257956770182,35.275126151552755,0.02874292615596963,3.0196571428571426,0.0,True,True,True,False,607.1,306.0699588477366,43.91860996799269,51.831275720164605,718.8404056872863,0.0,1727.7602502231803
2026-05-24T05:30:00Z,2026-05-24T05:45:00Z,2026-05-24,2026-05-24_31,24.889657752824817,40,66,34,35.275126151552755,28.542489957763944,0.018899879901893395,0.027885714285714285,0.062228571428571425,True,True,True,False,520.3182953228028,306.0699588477366,43.91860996799269,51.831275720164605,4.543600148061054,-5.927885557515187,920.7538544492426
2026-05-24T05:45:00Z,2026-05-24T06:00:00Z,2026-05-24,2026-05-24_32,0.0,40,66,34,28.542489957763944,28.56432814906829,0.0004443745479641132,0.06354285714285715,0.09881142857142858,True,True,True,False,0.0,306.0699588477366,43.91860996799269,51.831275720164605,10.663657978966622,-9.412763733751389,403.0707387811091
2026-05-24T06:00:00Z,2026-05-24T06:15:00Z,2026-05-24,2026-05-24_33,7.105427357601002e-14,66,66,34,28.56432814906829,28.47826086956517,0.0006149614906832831,0.14142857142857143,0.07354285714285715,True,True,True,False,5.162092975297127e-13,306.0699588477366,82.7451989026063,47.88923182441701,13.451450127376054,-6.862556829316089,443.2932828728204
2026-05-24T06:15:00Z,2026-05-24T06:30:00Z,2026-05-24,2026-05-24_34,-1.4210854715202004e-14,66,66,34,28.47826086956517,28.96753190559002,0.0015458356935817894,0.03092571428571429,0.5683542857142856,True,True,True,False,-2.8279600883251987e-14,306.0699588477366,82.7451989026063,47.88923182441701,2.941383761186231,-8.245944895159708,431.3998284407864
2026-05-24T06:30:00Z,2026-05-24T06:45:00Z,2026-05-24,2026-05-24_35,-7.412374434789494e-14,66,66,34,28.96753190559002,32.068415562732895,0.008613565714285763,0.0,3.3705257142857143,True,True,True,False,-9.08015868261713e-15,306.0699588477366,82.7451989026063,47.88923182441701,0.0,178.25359929453265,614.9579888692925
2026-05-24T06:45:00Z,2026-05-24T07:00:00Z,2026-05-24,2026-05-24_36,5.1856662235504756e-15,66,66,34,32.068415562732895,38.90409967701861,0.018988011428571434,0.0,7.430091428571429,True,True,True,False,0.0,306.0699588477366,82.7451989026063,47.88923182441701,0.0,357.5228969429747,794.2272865177346
2026-05-24T07:00:00Z,2026-05-24T07:15:00Z,2026-05-24,2026-05-24_37,3.151339609515026,39,47,53,38.90409967701861,38.804347826086925,0.004595471592580979,0.07978285714285714,0.9056228571428571,True,True,True,False,0.007878349023787565,477.1090534979423,48.88374485596707,33.80744170096022,6.840094062316284,-7.626397635377881,559.0218148308318
2026-05-24T07:15:00Z,2026-05-24T07:30:00Z,2026-05-24,2026-05-24_38,8.0,39,47,53,38.804347826086925,39.08311452422357,0.010193537584541062,0.0,2.5860742857142855,True,True,True,False,0.0,477.1090534979423,48.88374485596707,33.80744170096022,0.0,48.01688798636967,607.8171280412392
2026-05-24T07:30:00Z,2026-05-24T07:45:00Z,2026-05-24,2026-05-24_39,8.0,39,47,53,39.08311452422357,38.903134081987545,0.00941641043478261,0.0,2.102377142857143,True,True,True,False,-0.02,477.1090534979423,48.88374485596707,33.80744170096022,0.0,39.62144577699392,599.4016858318635
2026-05-24T07:45:00Z,2026-05-24T08:00:00Z,2026-05-24,2026-05-24_40,8.0,39,47,53,38.903134081987545,38.994428322981335,0.00987595536231884,0.0,2.3884057142857142,True,True,True,False,-0.22,477.1090534979423,48.88374485596707,33.80744170096022,0.0,52.21656998279878,611.7968100376684
2026-05-24T08:00:00Z,2026-05-24T08:15:00Z,2026-05-24,2026-05-24_41,2.9999999999999574,44,47,53,38.994428322981335,42.23261482732917,0.011845169551414757,0.0,4.355422857142857,True,True,True,False,-0.08249999999999882,477.1090534979423,56.672382258802,34.089506172839506,0.0,103.0512896672981,670.8397315968818
2026-05-24T08:15:00Z,2026-05-24T08:30:00Z,2026-05-24,2026-05-24_42,2.9999999999999574,44,47,53,42.23261482732917,42.48642428819875,0.004791258164251182,0.0,1.14868,True,True,True,False,-0.6749999999999904,477.1090534979423,56.672382258802,34.089506172839506,0.0,-7.2462169410150885,559.9497249885687
2026-05-24T08:30:00Z,2026-05-24T08:45:00Z,2026-05-24,2026-05-24_43,2.9999999999999574,44,47,53,42.48642428819875,42.88720307080745,0.00513863671497582,0.0,1.3066,True,True,True,False,-2.249999999999968,477.1090534979423,56.672382258802,34.089506172839506,0.0,-2.2050493065081542,563.4158926230757
2026-05-24T08:45:00Z,2026-05-24T09:00:00Z,2026-05-24,2026-05-24_44,2.9999999999998397,44,47,53,42.88720307080745,42.98779451428575,0.00442911011732219,0.0,0.9840457142857144,True,True,True,False,-4.499999999999759,477.1090534979423,56.672382258802,34.089506172839506,0.0,-26.36608081520674,537.0048611143773
2026-05-24T09:00:00Z,2026-05-24T09:15:00Z,2026-05-24,2026-05-24_45,0.0,47,47,53,42.98779451428575,43.15151378881992,0.0007175086818495514,0.04350857142857143,0.22935999999999998,True,True,True,False,0.0,477.1090534979423,60.59013488797439,44.68707133058985,3.7301587301587302,-9.197559731748209,576.9188587149171
2026-05-24T09:15:00Z,2026-05-24T09:30:00Z,2026-05-24,2026-05-24_46,0.0,47,47,53,43.15151378881992,42.70561281987582,0.001314112215320911,0.4227314285714286,0.01477142857142857,True,True,True,False,0.0,477.1090534979423,60.59013488797439,44.68707133058985,36.24240642759161,-1.3561611198205847,617.2725050242775
2026-05-24T09:30:00Z,2026-05-24T09:45:00Z,2026-05-24,2026-05-24_47,2.004736956150588e-14,47,47,53,42.70561281987582,43.64602758757767,0.0035950789786059483,0.1627542857142857,1.21448,True,True,True,False,-2.505921195188235e-14,477.1090534979423,60.59013488797439,44.68707133058985,13.953556731334508,-1.9373649291266573,594.4024515187143
2026-05-24T09:45:00Z,2026-05-24T10:00:00Z,2026-05-24,2026-05-24_48,0.0,47,47,53,43.64602758757767,48.85385318757767,0.014466182222222224,0.0,5.66068,True,True,True,False,0.0,477.1090534979423,60.59013488797439,44.68707133058985,0.0,62.4499573388203,644.8362170553269
2026-05-24T10:00:00Z,2026-05-24T10:15:00Z,2026-05-24,2026-05-24_49,0.0,100,100,0,48.85385318757767,50.645409957764,0.005321612146307798,0.05714285714285715,2.0148571428571427,True,True,True,False,0.0,0.0,128.85802469135803,95.07887517146777,4.899078973153047,-49.45359527075576,179.38238356522308
2026-05-24T10:15:00Z,2026-05-24T10:30:00Z,2026-05-24,2026-05-24_50,0.0,100,100,0,50.645409957764,51.79267057888201,0.003352466528640442,0.027428571428571427,1.2794285714285714,True,True,True,False,0.0,0.0,128.85802469135803,95.07887517146777,2.3515579071134622,-15.081451978139219,211.20700579180004
2026-05-24T10:30:00Z,2026-05-24T10:45:00Z,2026-05-24,2026-05-24_51,0.0,100,100,0,51.79267057888201,72.39120772173916,0.057218158730158744,0.0,22.389714285714287,True,True,True,False,0.0,0.0,128.85802469135803,95.07887517146777,0.0,21506.389551462104,21730.32645132493
2026-05-24T10:45:00Z,2026-05-24T11:00:00Z,2026-05-24,2026-05-24_52,0.0,100,100,0,72.39120772173916,87.74153915031059,0.042639809523809524,0.0,16.685142857142857,True,True,True,False,0.0,0.0,128.85802469135803,95.07887517146777,0.0,4610.761594486903,4834.698494349729
2026-05-24T11:00:00Z,2026-05-24T11:15:00Z,2026-05-24,2026-05-24_53,-3.0893162424352174e-14,100,100,0,87.74153915031059,102.15977915031058,0.040050666666666686,0.0,15.672,True,True,True,False,3.097039533041305e-14,0.0,128.54366712391402,95.07887517146777,0.0,2804.558861454047,3028.1814037494287
2026-05-24T11:15:00Z,2026-05-24T11:30:00Z,2026-05-24,2026-05-24_54,0.0,100,100,0,102.15977915031058,119.90473915031059,0.04929155555555556,0.0,19.288,True,True,True,False,0.0,0.0,128.54366712391402,95.07887517146777,0.0,3180.384973327237,3404.0075156226185
2026-05-24T11:30:00Z,2026-05-24T11:45:00Z,2026-05-24,2026-05-24_55,0.0,100,100,0,119.90473915031059,134.61107057888202,0.040850920634920636,0.0,15.985142857142856,True,True,True,False,0.0,0.0,128.54366712391402,95.07887517146777,0.0,1230.339485705576,1453.9620280009578
2026-05-24T11:45:00Z,2026-05-24T12:00:00Z,2026-05-24,2026-05-24_56,-7.462470199102436e-15,100,100,0,134.61107057888202,153.18140200745344,0.05158425396825398,0.0,20.185142857142857,True,True,True,False,9.328087748878046e-15,0.0,128.54366712391402,95.07887517146777,0.0,2362.974625383761,2586.597167679143
2026-05-24T12:00:00Z,2026-05-24T12:15:00Z,2026-05-24,2026-05-24_57,100.0,0,100,0,153.18140200745344,130.77084300124227,0.06225155279503106,0.0,4.382285714285715,True,True,True,False,0.0,0.0,0.0,95.07887517146777,0.0,-55.14760249961897,39.9312726718488
2026-05-24T12:15:00Z,2026-05-24T12:30:00Z,2026-05-24,2026-05-24_58,100.0,0,100,0,130.77084300124227,121.13730262857146,0.026759834368530026,0.0,16.137142857142855,True,True,True,False,-95.25,0.0,0.0,95.07887517146777,0.0,4633.903795153177,4633.732670324645
2026-05-24T12:30:00Z,2026-05-24T12:45:00Z,2026-05-24,2026-05-24_59,100.0,0,100,0,121.13730262857146,116.89630883975158,0.011780538302277432,0.0,21.098285714285716,True,True,True,False,-50.24999999999999,0.0,0.0,95.07887517146777,0.0,6543.5958512421885,6588.424726413657
2026-05-24T12:45:00Z,2026-05-24T13:00:00Z,2026-05-24,2026-05-24_60,100.0,0,100,0,116.89630883975158,101.97394859130438,0.04145100069013113,0.0,11.271428571428572,True,True,True,False,-73.5,0.0,0.0,95.07887517146777,0.0,411.7760712652688,433.35494643673655
2026-05-24T13:00:00Z,2026-05-24T13:15:00Z,2026-05-24,2026-05-24_61,0.0,100,100,0,101.97394859130438,121.18354859130437,0.05336,0.0,20.88,True,True,True,False,0.0,0.0,110.02514860539551,71.95930498399633,0.0,16256.588477366255,16438.57293095565
2026-05-24T13:15:00Z,2026-05-24T13:30:00Z,2026-05-24,2026-05-24_62,0.0,100,100,0,121.18354859130437,135.3079143055901,0.03923434920634921,0.0,15.35257142857143,True,True,True,False,0.0,0.0,110.02514860539551,71.95930498399633,0.0,3742.8327786487257,3924.8172322381174
2026-05-24T13:30:00Z,2026-05-24T13:45:00Z,2026-05-24,2026-05-24_63,0.0,100,100,0,135.3079143055901,150.14882859130438,0.0412247619047619,0.0,16.13142857142857,True,True,True,False,0.0,0.0,110.02514860539551,71.95930498399633,0.0,6105.131657848325,6287.116111437716
2026-05-24T13:45:00Z,2026-05-24T14:00:00Z,2026-05-24,2026-05-24_64,0.0,100,100,0,150.14882859130438,161.4427485913044,0.031372000000000004,0.0,12.276000000000002,True,True,True,False,0.0,0.0,110.02514860539551,71.95930498399633,0.0,503.374938271605,685.3593918609969
2026-05-24T14:00:00Z,2026-05-24T14:15:00Z,2026-05-24,2026-05-24_65,-0.7057112179307836,49,47,51,161.4427485913044,166.4215039999999,0.013829876135265302,0.0,5.235262857142857,True,True,True,False,1.0585668268961754,459.10493827160485,53.9123228166438,33.41792409693644,0.0,332.89122258366535,880.3849745957466
2026-05-24T14:15:00Z,2026-05-24T14:30:00Z,2026-05-24,2026-05-24_66,-1.9999999999999076,49,47,51,166.4215039999999,166.33433257142846,0.003301507936507884,0.6118,0.12354285714285716,True,True,True,False,0.7599999999999649,459.10493827160485,53.9123228166438,33.41792409693644,52.451989026063096,-8.188645023624447,591.4585291876238
2026-05-24T14:30:00Z,2026-05-24T14:45:00Z,2026-05-24,2026-05-24_67,-1.9999999999999076,49,47,51,166.33433257142846,166.50347287453405,0.002411138523119337,0.33516,0.07734857142857142,True,True,True,False,0.13499999999999376,459.10493827160485,53.9123228166438,33.41792409693644,28.734567901234566,-5.608139839310209,569.6966132471094
2026-05-24T14:45:00Z,2026-05-24T15:00:00Z,2026-05-24,2026-05-24_68,-1.9999999999999076,49,47,51,166.50347287453405,165.03775393788808,0.006264341808143506,1.78444,0.0018800000000000002,True,True,True,False,0.004999999999999769,459.10493827160485,53.9123228166438,33.41792409693644,174.6009673525377,-0.1790885535741503,720.8620639841487
2026-05-24T15:00:00Z,2026-05-24T15:15:00Z,2026-05-24,2026-05-24_69,0.0,65,100,0,165.03775393788808,174.1202987826086,0.025437883367839892,0.034542857142857146,9.913142857142857,True,True,True,False,0.0,0.0,71.72067901234567,72.7880658436214,3.555042295381802,506.00505280118443,654.0688399525333
2026-05-24T15:15:00Z,2026-05-24T15:30:00Z,2026-05-24,2026-05-24_70,0.0,65,100,0,174.1202987826086,187.6705844968943,0.037639682539682535,0.0,14.728571428571428,True,True,True,False,0.0,0.0,71.72067901234567,72.7880658436214,0.0,9179.608520042675,9324.117264898643
2026-05-24T15:30:00Z,2026-05-24T15:45:00Z,2026-05-24,2026-05-24_71,0.0,65,100,0,187.6705844968943,188.3635484720496,0.00203256038647343,0.017828571428571426,0.7742857142857142,True,True,True,False,0.0,0.0,71.72067901234567,72.7880658436214,1.8348605395518973,-45.04747316393407,101.29613223158489
2026-05-24T15:45:00Z,2026-05-24T16:00:00Z,2026-05-24,2026-05-24_72,34.67686334710614,65,100,0,188.3635484720496,181.34201142857145,0.027711841729353162,0.0022285714285714283,2.4582857142857137,True,True,True,False,570.7811706933671,0.0,71.72067901234567,72.7880658436214,0.22935756744398716,-18.71534391534391,696.8039292014342
2026-05-24T16:00:00Z,2026-05-24T16:15:00Z,2026-05-24,2026-05-24_73,0.0,100,100,0,181.34201142857145,186.95874285714288,0.015602031746031746,0.0,6.105142857142857,True,True,True,False,0.0,0.0,110.3395061728395,72.7880658436214,0.0,1849.691489973218,2032.8190619896789
2026-05-24T16:15:00Z,2026-05-24T16:30:00Z,2026-05-24,2026-05-24_74,0.0,100,100,0,186.95874285714288,189.24844720496898,0.010535583160800553,0.6914285714285714,3.305714285714286,True,True,True,False,0.0,0.0,110.3395061728395,72.7880658436214,132.80057591395038,-18.251714677640603,297.67643325277066
2026-05-24T16:30:00Z,2026-05-24T16:45:00Z,2026-05-24,2026-05-24_75,0.0,100,100,0,189.24844720496898,180.13105590062116,0.025326086956521734,8.388,0.0,True,True,True,False,0.0,0.0,110.3395061728395,72.7880658436214,2902.3394101508916,0.0,3085.4669821673524
2026-05-24T16:45:00Z,2026-05-24T17:00:00Z,2026-05-24,2026-05-24_76,0.0,100,100,0,180.13105590062116,158.0260869565218,0.06140269151138716,20.33657142857143,0.0,True,True,True,False,0.0,0.0,110.3395061728395,72.7880658436214,14978.070059115553,0.0,15161.197631132014
2026-05-24T17:00:00Z,2026-05-24T17:15:00Z,2026-05-24,2026-05-24_77,-1.0000000000001563,100,99,0,158.0260869565218,148.04880808944108,0.028511733995859226,9.405142857142856,0.0,True,True,True,False,-31.09500000000486,0.0,106.65294924554185,72.03189300411522,4639.388464410912,0.0,4786.978306660564
2026-05-24T17:15:00Z,2026-05-24T17:30:00Z,2026-05-24,2026-05-24_78,-0.9380265235899432,100,99,0,148.04880808944108,138.563024457143,0.027119455028226745,8.938285714285714,0.0,True,True,True,False,-30.57028440379625,0.0,106.65294924554185,72.03189300411522,2787.318777189888,0.0,2935.4333350357488
2026-05-24T17:30:00Z,2026-05-24T17:45:00Z,2026-05-24,2026-05-24_79,0.0,100,99,0,138.563024457143,128.83321079254674,0.027027260179434093,8.951428571428572,0.0,True,True,True,False,0.0,0.0,106.65294924554185,72.03189300411522,2806.4914924771924,0.0,2985.1763347268493
2026-05-24T17:45:00Z,2026-05-24T18:00:00Z,2026-05-24,2026-05-24_80,0.0,100,99,0,128.83321079254674,121.1766890534163,0.021268115942028987,7.0440000000000005,0.0,True,True,True,False,0.0,0.0,106.65294924554185,72.03189300411522,1917.2139323273893,0.0,2095.8987745770464
2026-05-24T18:00:00Z,2026-05-24T18:15:00Z,2026-05-24,2026-05-24_81,96.0000000000001,0,96,4,121.1766890534163,95.08973253167714,0.0724637681159421,0.0,0.0,True,True,True,False,3595.200000000004,36.008230452674894,0.0,69.84910836762688,0.0,0.0,3701.0573388203056
2026-05-24T18:15:00Z,2026-05-24T18:30:00Z,2026-05-24,2026-05-24_82,96.0000000000001,0,96,4,95.08973253167714,69.00277600993797,0.0724637681159421,0.0,0.0,True,True,True,False,4298.880000000005,36.008230452674894,0.0,69.84910836762688,0.0,0.0,4404.737338820307
2026-05-24T18:30:00Z,2026-05-24T18:45:00Z,2026-05-24,2026-05-24_83,96.0000000000001,0,96,4,69.00277600993797,42.91581948819882,0.0724637681159421,0.0,0.0,True,True,True,False,4833.840000000005,36.008230452674894,0.0,69.84910836762688,0.0,0.0,4939.697338820307
2026-05-24T18:45:00Z,2026-05-24T19:00:00Z,2026-05-24,2026-05-24_84,96.0000000000001,0,96,4,42.91581948819882,16.828862966459663,0.0724637681159421,0.0,0.0,True,True,True,False,4442.640000000005,36.008230452674894,0.0,69.84910836762688,0.0,0.0,4548.497338820307
2026-05-24T19:00:00Z,2026-05-24T19:15:00Z,2026-05-24,2026-05-24_85,-36.0,100,64,0,16.828862966459663,15.195925465838545,0.03277310321601104,9.653714285714285,0.0,True,True,True,False,-1080.0,0.0,106.65294924554185,46.56607224508459,2832.8266183290875,0.0,1906.0456398197139
2026-05-24T19:15:00Z,2026-05-24T19:30:00Z,2026-05-24,2026-05-24_86,-36.000000000000036,100,64,0,15.195925465838545,15.80621988571433,0.03056151486542444,7.469142857142858,0.0,True,True,True,False,-1021.050000000001,0.0,106.65294924554185,46.56607224508459,2073.9080932784636,0.0,1206.0771147690891
2026-05-24T19:30:00Z,2026-05-24T19:45:00Z,2026-05-24,2026-05-24_87,3.3789396401635195e-15,100,64,0,15.80621988571433,13.481375165217436,0.0064579020013802646,2.138857142857143,0.0,True,True,True,False,9.630822709376072e-14,0.0,106.65294924554185,46.56607224508459,420.1826584579876,0.0,573.4016799486142
2026-05-24T19:45:00Z,2026-05-24T20:00:00Z,2026-05-24,2026-05-24_88,-1.4340270479702195,100,64,0,13.481375165217436,12.642562554037296,0.005346410826526227,1.2897142857142856,0.25014857142857144,True,True,True,False,-39.912557812631135,0.0,106.65294924554185,46.56607224508459,245.14572070895113,-12.742431354105427,345.70975303284104
2026-05-24T20:00:00Z,2026-05-24T20:15:00Z,2026-05-24,2026-05-24_89,0.0,92,97,3,12.642562554037296,11.630434782608724,0.003975835555555555,1.1239771428571428,0.22781142857142858,True,True,True,False,0.0,27.006172839506167,100.22405121170551,70.57670324645633,199.23848220872253,-13.243166882226141,383.8022426241644
2026-05-24T20:15:00Z,2026-05-24T20:30:00Z,2026-05-24,2026-05-24_90,0.0,92,97,3,11.630434782608724,11.665421296894438,0.0007130577777777777,0.10198857142857143,0.15852571428571427,True,True,True,False,0.0,27.006172839506167,100.22405121170551,70.57670324645633,18.223928381997517,-9.378109195026889,206.65274648463864
2026-05-24T20:30:00Z,2026-05-24T20:45:00Z,2026-05-24,2026-05-24_91,2.4740242525979994,92,97,3,11.665421296894438,11.630434782608727,0.004092002538221305,0.09567999999999999,0.8020514285714286,True,True,True,False,75.82884334212868,27.006172839506167,100.22405121170551,70.57670324645633,16.71403164151806,-41.49555664859451,248.85424563272025
2026-05-24T20:45:00Z,2026-05-24T21:00:00Z,2026-05-24,2026-05-24_92,4.745752374571012,92,97,3,11.630434782608727,11.630434782608733,0.006762968527512386,0.001577142857142857,1.3912571428571427,True,True,True,False,143.90307637792952,27.006172839506167,100.22405121170551,70.57670324645633,0.24038147494937617,-45.395039018442304,296.5553461321046
2026-05-24T21:00:00Z,2026-05-24T21:15:00Z,2026-05-25,2026-05-24_93,-52.79376399369805,100,40,0,11.630434782608733,20.248047922097438,0.03428311465165163,3.629142857142857,0.10857142857142857,True,True,True,False,-1883.1535616552096,0.0,109.19638774577045,29.195244627343392,758.7880308968581,-3.2323001720121063,-989.2061985572498
2026-05-24T21:15:00Z,2026-05-24T21:30:00Z,2026-05-25,2026-05-24_94,-49.268652702592874,100,40,0,20.248047922097438,31.57972446211186,0.03180423476244913,0.10685714285714284,0.11657142857142858,True,True,True,False,-1665.0341180841262,0.0,109.19638774577045,29.195244627343392,17.28906144533716,-5.96016068979032,-1515.3135849554656
2026-05-24T21:30:00Z,2026-05-24T21:45:00Z,2026-05-25,2026-05-24_95,-60.0,100,40,0,31.57972446211186,45.11409087204974,0.03842223933747413,0.3422857142857143,0.07840000000000001,True,True,True,False,-1972.05,0.0,109.19638774577045,29.195244627343392,58.10842565375487,-4.101556165218717,-1779.65149813835
2026-05-24T21:45:00Z,2026-05-24T22:00:00Z,2026-05-25,2026-05-24_96,-60.0,100,40,0,45.11409087204974,58.645686002484524,0.03824476908212561,0.27199999999999996,0.0,True,True,True,False,-1943.2500000000002,0.0,109.19638774577045,29.195244627343392,45.49885078494132,0.0,-1759.3595168419452
2026-05-24T22:00:00Z,2026-05-24T22:15:00Z,2026-05-25,2026-05-25_1,0.0,17,17,83,58.645686002484524,57.76833817639757,0.0024370772946859898,0.8071599999999999,0.0,True,True,True,False,0.0,747.170781893004,18.563385916780977,12.407978966620941,165.82164757658893,0.0,943.9637943529949
2026-05-24T22:15:00Z,2026-05-24T22:30:00Z,2026-05-25,2026-05-25_2,0.0,17,17,83,57.76833817639757,56.39851830062117,0.0038050552104899925,1.2602342857142856,0.0,True,True,True,False,0.0,747.170781893004,18.563385916780977,12.407978966620941,273.60515166350945,0.0,1051.7472984399153
2026-05-24T22:30:00Z,2026-05-24T22:45:00Z,2026-05-25,2026-05-25_3,0.0,17,17,83,56.39851830062117,55.32466736894415,0.002982919254658385,0.9879428571428571,0.0,True,True,True,False,0.0,747.170781893004,18.563385916780977,12.407978966620941,210.39824965706447,0.0,988.5403964334704
2026-05-24T22:45:00Z,2026-05-24T23:00:00Z,2026-05-25,2026-05-25_4,0.0,17,17,83,55.32466736894415,55.108695652173964,0.0006108446100759143,0.20050285714285712,0.002137142857142857,True,True,True,False,0.0,747.170781893004,18.563385916780977,12.407978966620941,34.43852782023646,-0.16286715875193242,812.4178074378905
2026-05-24T23:00:00Z,2026-05-24T23:15:00Z,2026-05-25,2026-05-25_5,-56.96816526997365,100,42,0,55.108695652173964,53.167643746583906,0.0340213702843026,15.167428571428571,0.0,True,True,True,False,-1973.8045061914122,0.0,109.08207590306355,42.52572016460905,4184.526171750822,0.0,2362.3294616270823
2026-05-24T23:15:00Z,2026-05-24T23:30:00Z,2026-05-25,2026-05-25_6,-58.00000000000001,100,42,0,53.167643746583906,53.843138027329246,0.03431695271221532,12.790857142857142,0.0,True,True,True,False,-1928.3550000000005,0.0,109.08207590306355,42.52572016460905,3029.818445794413,0.0,1253.0712418620851
2026-05-24T23:30:00Z,2026-05-24T23:45:00Z,2026-05-25,2026-05-25_7,-58.00000000000001,100,42,0,53.843138027329246,53.24618442732925,0.03404179555555555,14.076,0.0,True,True,True,False,-1888.9150000000004,0.0,109.08207590306355,42.52572016460905,3574.5713443072705,0.0,1837.2641403749426
2026-05-24T23:45:00Z,2026-05-25T00:00:00Z,2026-05-25,2026-05-25_8,-58.00000000000001,100,42,0,53.24618442732925,55.730489679503165,0.034708094299516906,10.964,0.0,True,True,True,False,-1916.3200000000002,0.0,109.08207590306355,42.52572016460905,2444.1502431031854,0.0,679.4380391708578
2026-05-25T00:00:00Z,2026-05-25T00:15:00Z,2026-05-25,2026-05-25_9,0.0,17,17,83,55.730489679503165,55.144781604969005,0.001626966873706004,0.5388514285714285,0.0,True,True,True,False,0.0,747.170781893004,18.543952903520804,17.2127914951989,101.58183042654647,0.0,884.5093567182702
2026-05-25T00:15:00Z,2026-05-25T00:30:00Z,2026-05-25,2026-05-25_10,0.0,17,17,83,55.144781604969005,55.10869565217398,0.00012853971014492753,0.037885714285714286,0.005537142857142858,True,True,True,False,0.0,747.170781893004,18.543952903520804,17.2127914951989,6.353371056241427,-0.42197400222091586,788.8589233457442
2026-05-25T00:30:00Z,2026-05-25T00:45:00Z,2026-05-25,2026-05-25_11,0.0,17,17,83,55.10869565217398,55.12839047950317,6.644008281573499e-05,0.0019428571428571429,0.023702857142857144,True,True,True,False,0.0,747.170781893004,18.543952903520804,17.2127914951989,0.2961221068216953,-1.8063448516123415,781.4173035469331
2026-05-25T00:45:00Z,2026-05-25T01:00:00Z,2026-05-25,2026-05-25_12,0.0,17,17,83,55.12839047950317,55.15725745093174,8.018603174603176e-05,0.0,0.03137714285714286,True,True,True,False,0.0,747.170781893004,18.543952903520804,17.2127914951989,0.0,-2.239901651533956,780.6876246401897
2026-05-25T01:00:00Z,2026-05-25T01:15:00Z,2026-05-25,2026-05-25_13,0.0,52,52,48,55.15725745093174,55.181889301863414,0.00013660676328502416,0.01129142857142857,0.04011428571428571,True,True,True,False,0.0,432.0987654320987,56.72267946959305,52.65089163237311,1.8386885013173078,-2.890134626690182,540.420890408692
2026-05-25T01:15:00Z,2026-05-25T01:30:00Z,2026-05-25,2026-05-25_14,-7.105427357601002e-15,52,52,48,55.181889301863414,58.417123885714346,0.009139281711525196,0.02525714285714286,3.5463999999999998,True,True,True,False,-2.345856842111971e-13,432.0987654320987,56.72267946959305,52.65089163237311,4.208277505606724,-9.75922146014327,535.9213925795281
2026-05-25T01:30:00Z,2026-05-25T01:45:00Z,2026-05-25,2026-05-25_15,0.0,52,52,48,58.417123885714346,64.87525051428578,0.017939240634920636,0.0,7.019702857142857,True,True,True,False,0.0,432.0987654320987,56.72267946959305,52.65089163237311,0.0,11.120414048381125,552.592750582446
2026-05-25T01:45:00Z,2026-05-25T02:00:00Z,2026-05-25,2026-05-25_16,-4.79155940052824e-14,52,52,48,64.87525051428578,66.69809120000008,0.00506344634920638,0.0,1.9813485714285717,True,True,True,False,-1.6819571385704254e-12,432.0987654320987,56.72267946959305,52.65089163237311,0.0,-80.12593554118493,461.3464009928782
2026-05-25T02:00:00Z,2026-05-25T02:15:00Z,2026-05-25,2026-05-25_17,0.0,17,17,83,66.69809120000008,66.67846901863362,7.982796411318152e-05,0.02224571428571429,0.004954285714285713,True,True,True,False,0.0,747.170781893004,18.543952903520804,16.05166895290352,3.6031377664554625,-0.37755568619766144,784.9919858296861
2026-05-25T02:15:00Z,2026-05-25T02:30:00Z,2026-05-25,2026-05-25_18,0.0,17,17,83,66.67846901863362,66.66586376149077,4.593777777777778e-05,0.013405714285714286,0.002137142857142857,True,True,True,False,0.0,747.170781893004,18.543952903520804,16.05166895290352,2.116533646874388,-0.16286715875193242,783.7200702375508
2026-05-25T02:30:00Z,2026-05-25T02:45:00Z,2026-05-25,2026-05-25_19,4.128453315925238e-14,17,17,83,66.66586376149077,66.66937577142865,5.081838509319871e-05,0.0068000000000000005,0.011851428571428572,True,True,True,False,1.4214264766730595e-12,747.170781893004,18.543952903520804,16.05166895290352,1.0364273738759335,-0.8858111938511115,781.9170199294546
2026-05-25T02:45:00Z,2026-05-25T03:00:00Z,2026-05-25,2026-05-25_20,0.0,17,17,83,66.66937577142865,66.65452541614916,0.00014353162180814351,0.0306,0.02001142857142857,True,True,True,False,0.0,747.170781893004,18.543952903520804,16.05166895290352,5.151303155006858,-1.3935866135388768,785.5241202908963
2026-05-25T03:00:00Z,2026-05-25T03:15:00Z,2026-05-25,2026-05-25_21,0.0,0,100,0,66.65452541614916,71.42958827329201,0.013264063492063492,0.0,5.190285714285714,True,True,True,False,0.0,0.0,0.0,72.84522176497484,0.0,-59.628756831493455,13.216464933481383
2026-05-25T03:15:00Z,2026-05-25T03:30:00Z,2026-05-25,2026-05-25_22,99.99999999999996,0,100,0,71.42958827329201,54.81592367701873,0.04614906832298136,0.0,9.715428571428571,True,True,True,False,3450.249999999998,0.0,0.0,72.84522176497484,0.0,195.52651686371848,3718.6217386286917
2026-05-25T03:30:00Z,2026-05-25T03:45:00Z,2026-05-25,2026-05-25_23,100.00000000000004,0,100,0,54.81592367701873,45.04263175155288,0.02714803312629403,0.0,16.00857142857143,True,True,True,False,3544.5000000000014,0.0,0.0,72.84522176497484,0.0,381.2375040825658,3998.582725847542
2026-05-25T03:45:00Z,2026-05-25T04:00:00Z,2026-05-25,2026-05-25_24,99.99999999999994,0,100,0,45.04263175155288,30.07430877018644,0.041578674948240156,0.0,11.229142857142858,True,True,True,False,3564.2499999999977,0.0,0.0,72.84522176497484,0.0,290.80074117621444,3927.895962941187
2026-05-25T04:00:00Z,2026-05-25T04:15:00Z,2026-05-25,2026-05-25_25,46.0,54,100,0,30.07430877018644,22.298261684472156,0.03470145650793651,0.007097142857142857,4.746857142857143,True,True,True,False,1660.6000000000001,0.0,57.60802469135802,72.84522176497484,1.1399170487948267,-73.40951989026064,1718.7836436148673
2026-05-25T04:15:00Z,2026-05-25T04:30:00Z,2026-05-25,2026-05-25_26,46.0,54,100,0,22.298261684472156,10.058031065838614,0.034724549178743964,0.001542857142857143,0.2622857142857143,True,True,True,False,1638.98,0.0,57.60802469135802,72.84522176497484,0.23515579071134626,-17.46447677836567,1752.2039254686786
2026-05-25T04:30:00Z,2026-05-25T04:45:00Z,2026-05-25,2026-05-25_27,23.280566466205286,54,100,0,10.058031065838614,10.03436271304355,0.025972656004631233,0.02993142857142857,6.606857142857142,True,True,True,False,791.4228570186486,0.0,57.60802469135802,72.84522176497484,5.103294885361552,105.05416421712715,1032.03356257747
2026-05-25T04:45:00Z,2026-05-25T05:00:00Z,2026-05-25,2026-05-25_28,46.0,54,100,0,10.03436271304355,18.15217391304355,0.03453836444444444,0.0,20.684,True,True,True,False,1446.125,0.0,57.60802469135802,72.84522176497484,0.0,5258.684743941472,6835.262990397805
2026-05-25T05:00:00Z,2026-05-25T05:15:00Z,2026-05-25,2026-05-25_29,2.9999999999999822,82,85,15,18.15217391304355,20.567414598757843,0.010529636825396817,0.006091428571428571,3.496171428571429,True,True,True,False,109.00499999999936,135.03086419753086,90.47839506172838,61.91843850022862,1.0433230997017007,-28.093663759879814,369.3823570993091
2026-05-25T05:15:00Z,2026-05-25T05:30:00Z,2026-05-25,2026-05-25_30,2.255819737814445,82,85,15,20.567414598757843,20.172037465838596,0.0030315941524889835,0.13026285714285715,0.3885714285714286,True,True,True,False,74.80862205527153,135.03086419753086,90.47839506172838,61.91843850022862,20.775570670847216,-21.390972630478803,361.6209178551278
2026-05-25T05:30:00Z,2026-05-25T05:45:00Z,2026-05-25,2026-05-25_31,1.0658141036401503e-14,82,85,15,20.172037465838596,18.152173913043562,0.005789474948240173,1.8878742857142858,0.03497142857142857,True,True,True,False,2.687450262328639e-13,135.03086419753086,90.47839506172838,61.91843850022862,322.8438393036776,-1.755447383891828,608.5160896792739
2026-05-25T05:45:00Z,2026-05-25T06:00:00Z,2026-05-25,2026-05-25_32,1.0658141036401503e-14,82,85,15,18.152173913043562,22.592593341614986,0.012334498412698416,0.0,4.826542857142857,True,True,True,False,2.1140422745702382e-13,135.03086419753086,90.47839506172838,61.91843850022862,0.0,83.10080485879764,370.5285026182857
2026-05-25T06:00:00Z,2026-05-25T06:15:00Z,2026-05-25,2026-05-25_33,1.0,99,87,0,22.592593341614986,14.208606072049768,0.03013084971704624,8.611868571428571,1.354217142857143,True,True,True,False,35.515,0.0,109.2361111111111,62.75377229080931,1542.0294912698412,16.91842610229277,1766.4528007740544
2026-05-25T06:15:00Z,2026-05-25T06:30:00Z,2026-05-25,2026-05-25_34,0.4642704588506127,99,87,0,14.208606072049768,10.259870566765116,0.010973764522373424,3.517611428571428,0.0009942857142857143,True,True,True,False,12.748866800037824,0.0,109.2361111111111,62.75377229080931,558.9288064863805,-0.0757724214514338,743.5917842668873
2026-05-25T06:30:00Z,2026-05-25T06:45:00Z,2026-05-25,2026-05-25_35,-10.452064039658174,99,87,0,10.259870566765116,12.290452173913115,0.009432360521124854,0.7020514285714287,0.41014285714285714,True,True,True,False,-180.63779676539238,0.0,109.2361111111111,62.75377229080931,93.62825788751715,-22.632168577307464,62.34817594673771
2026-05-25T06:45:00Z,2026-05-25T07:00:00Z,2026-05-25,2026-05-25_36,-13.0,99,87,0,12.290452173913115,12.5945682285715,0.015774580483091785,2.846108571428571,0.37534285714285714,True,True,True,False,-23.01,0.0,109.2361111111111,62.75377229080931,443.2913872134038,-18.047821526553008,574.2234490887712
2026-05-25T07:00:00Z,2026-05-25T07:15:00Z,2026-05-25,2026-05-25_37,0.0,100,100,0,12.5945682285715,13.020258663354108,0.0012825424430641821,0.01657142857142857,0.48228571428571426,True,True,True,False,0.0,0.0,110.3395061728395,71.53063557384546,1.5036089881768893,-28.768350207938685,154.60540052692318
2026-05-25T07:15:00Z,2026-05-25T07:30:00Z,2026-05-25,2026-05-25_38,0.0,100,100,0,13.020258663354108,23.65072723478268,0.02952907936507937,0.0,11.554857142857143,True,True,True,False,0.0,0.0,110.3395061728395,71.53063557384546,0.0,5427.54015317787,5609.410294924554
2026-05-25T07:30:00Z,2026-05-25T07:45:00Z,2026-05-25,2026-05-25_39,0.0,100,100,0,23.65072723478268,33.67609866335411,0.02784825396825397,0.0,10.897142857142857,True,True,True,False,0.0,0.0,110.3395061728395,71.53063557384546,0.0,2654.2976059834086,2836.1677477300937
2026-05-25T07:45:00Z,2026-05-25T08:00:00Z,2026-05-25,2026-05-25_40,0.0,100,100,0,33.67609866335411,34.79380201739138,0.006507077984817115,0.5634285714285714,1.8805714285714288,True,True,True,False,0.0,0.0,110.3395061728395,71.53063557384546,51.122705598014235,-16.36041250244954,216.63243484224967
2026-05-25T08:00:00Z,2026-05-25T08:15:00Z,2026-05-25,2026-05-25_41,0.0,100,100,0,34.79380201739138,38.40335630310567,0.010026539682539682,0.0,3.9234285714285715,True,True,True,False,0.0,0.0,110.53955189757659,72.10219478737997,0.0,-59.91211770853746,122.7296289764191
2026-05-25T08:15:00Z,2026-05-25T08:30:00Z,2026-05-25,2026-05-25_42,0.0,100,100,0,38.40335630310567,40.20865916024852,0.0050147301587301595,0.0,1.9622857142857144,True,True,True,False,0.0,0.0,110.53955189757659,72.10219478737997,0.0,-48.18531495634377,134.45643172861278
2026-05-25T08:30:00Z,2026-05-25T08:45:00Z,2026-05-25,2026-05-25_43,0.0,100,100,0,40.20865916024852,53.58598487453424,0.037159238095238106,0.0,14.54057142857143,True,True,True,False,0.0,0.0,110.53955189757659,72.10219478737997,0.0,1135.9973793193546,1318.6391260043113
2026-05-25T08:45:00Z,2026-05-25T09:00:00Z,2026-05-25,2026-05-25_44,0.0,100,100,0,53.58598487453424,75.40470487453425,0.06060755555555556,0.0,23.716,True,True,True,False,0.0,0.0,110.53955189757659,72.10219478737997,0.0,2597.3917908855356,2780.033537570492
2026-05-25T09:00:00Z,2026-05-25T09:15:00Z,2026-05-25,2026-05-25_45,-37.0,37,0,63,75.40470487453425,81.7968333316771,0.017755912380952383,2.302034285714286,0.0,True,True,True,False,-48.0075,567.1296296296296,40.941929583904894,0.0,302.9239934330568,0.0,862.9880526465913
2026-05-25T09:15:00Z,2026-05-25T09:30:00Z,2026-05-25,2026-05-25_46,-37.0,37,0,63,81.7968333316771,89.69450236024853,0.02193796952380952,0.6655771428571429,0.0,True,True,True,False,-60.865,567.1296296296296,40.941929583904894,0.0,61.5761569664903,0.0,608.7827161800247
2026-05-25T09:30:00Z,2026-05-25T09:45:00Z,2026-05-25,2026-05-25_47,-36.99999999999883,37,0,63,89.69450236024853,95.4505691031054,0.015989074285714066,2.9934057142857142,0.0,True,True,True,False,-81.21499999999742,567.1296296296296,40.941929583904894,0.0,338.07839400570464,0.0,864.9349532192417
2026-05-25T09:45:00Z,2026-05-25T10:00:00Z,2026-05-25,2026-05-25_48,-37.0,37,0,63,95.4505691031054,101.61939516024825,0.017135627936507934,2.5447542857142857,0.0,True,True,True,False,-70.855,567.1296296296296,40.941929583904894,0.0,254.3202842772225,0.0,791.536843490757
2026-05-25T10:00:00Z,2026-05-25T10:15:00Z,2026-05-25,2026-05-25_49,-19.0,0,0,81,101.61939516024825,105.98939516024825,0.01213888888888889,0.0,0.0,True,False,True,False,-25.3175,729.1666666666666,0.0,0.0,0.0,0.0,703.8491666666666
2026-05-25T10:15:00Z,2026-05-25T10:30:00Z,2026-05-25,2026-05-25_50,-19.0,0,0,81,105.98939516024825,110.35939516024825,0.01213888888888889,0.0,0.0,True,False,True,False,-25.5075,729.1666666666666,0.0,0.0,0.0,0.0,703.6591666666666
2026-05-25T10:30:00Z,2026-05-25T10:45:00Z,2026-05-25,2026-05-25_51,-19.0,0,0,81,110.35939516024825,114.72939516024826,0.01213888888888889,0.0,0.0,True,False,True,False,-20.615,729.1666666666666,0.0,0.0,0.0,0.0,708.5516666666666
2026-05-25T10:45:00Z,2026-05-25T11:00:00Z,2026-05-25,2026-05-25_52,-19.0,0,0,81,114.72939516024826,119.09939516024826,0.01213888888888889,0.0,0.0,True,False,True,False,-12.445,729.1666666666666,0.0,0.0,0.0,0.0,716.7216666666666
2026-05-25T11:00:00Z,2026-05-25T11:15:00Z,2026-05-25,2026-05-25_53,-19.0,19,0,81,119.09939516024826,121.61092156024826,0.006976462222222222,2.02008,0.0,True,True,True,False,-1.805,729.1666666666666,20.964506172839506,0.0,269.85125221764974,0.0,1018.1774250571559
2026-05-25T11:15:00Z,2026-05-25T11:30:00Z,2026-05-25,2026-05-25_54,-19.0,19,0,81,121.61092156024826,125.68725756024826,0.011323155555555554,0.3192,0.0,True,True,True,False,-2.66,729.1666666666666,20.964506172839506,0.0,27.591327389117513,0.0,775.0625002286237
2026-05-25T11:30:00Z,2026-05-25T11:45:00Z,2026-05-25,2026-05-25_55,-19.0,19,0,81,125.68725756024826,130.05725756024827,0.01213888888888889,0.0,0.0,True,True,True,False,-2.945,729.1666666666666,20.964506172839506,0.0,0.0,0.0,747.1861728395062
2026-05-25T11:45:00Z,2026-05-25T12:00:00Z,2026-05-25,2026-05-25_56,-19.0,19,0,81,130.05725756024827,134.42685801739114,0.012137779047619049,0.0004342857142857143,0.0,True,True,True,False,-6.555,729.1666666666666,20.964506172839506,0.0,0.037552376597644085,0.0,743.6137252161038
2026-05-25T12:00:00Z,2026-05-25T12:15:00Z,2026-05-25,2026-05-25_57,-19.0,19,0,81,134.42685801739114,138.79685801739112,0.01213888888888889,0.0,0.0,True,True,True,False,-11.114999999999998,729.1666666666666,20.95907636031093,0.0,0.0,0.0,739.0107430269776
2026-05-25T12:15:00Z,2026-05-25T12:30:00Z,2026-05-25,2026-05-25_58,-19.0,19,0,81,138.79685801739112,143.16685801739112,0.012138888888888888,0.0,0.0,True,True,True,False,-17.765,729.1666666666666,20.95907636031093,0.0,0.0,0.0,732.3607430269776
2026-05-25T12:30:00Z,2026-05-25T12:45:00Z,2026-05-25,2026-05-25_59,-19.0,19,0,81,143.16685801739112,147.53685801739113,0.01213888888888889,0.0,0.0,True,True,True,False,-33.82,729.1666666666666,20.95907636031093,0.0,0.0,0.0,716.3057430269776
2026-05-25T12:45:00Z,2026-05-25T13:00:00Z,2026-05-25,2026-05-25_60,-19.0,19,0,81,147.53685801739113,151.56844521739112,0.011198853333333335,0.36784,0.0,True,True,True,False,-44.1275,729.1666666666666,20.95907636031093,0.0,33.60310345983844,0.0,739.601346486816
2026-05-25T13:00:00Z,2026-05-25T13:15:00Z,2026-05-25,2026-05-25_61,-6.0,19,13,81,151.56844521739112,152.51523734658366,0.004360619958592132,0.4188685714285714,0.0,True,True,True,False,-18.48,729.1666666666666,20.904778235025148,9.354709647919522,51.6535143053106,0.0,792.5996688549219
2026-05-25T13:15:00Z,2026-05-25T13:30:00Z,2026-05-25,2026-05-25_62,-6.0,19,13,81,152.51523734658366,152.2132724173911,0.005880566708074533,1.6262914285714285,0.0,True,True,True,False,-21.225,729.1666666666666,20.904778235025148,9.354709647919522,206.40652358090009,0.0,944.6076781305114
2026-05-25T13:30:00Z,2026-05-25T13:45:00Z,2026-05-25,2026-05-25_63,-6.0,19,13,81,152.2132724173911,152.71798590807433,0.004898703795721187,0.8463142857142857,0.0,True,True,True,False,-20.73,729.1666666666666,20.904778235025148,9.354709647919522,85.31347197726828,0.0,824.0096265268796
2026-05-25T13:45:00Z,2026-05-25T14:00:00Z,2026-05-25,2026-05-25_64,-4.137582435954985,19,13,81,152.71798590807433,152.74000000000004,0.0042408846634570865,0.8848571428571429,0.0,True,True,True,False,-20.687912179774926,729.1666666666666,20.904778235025148,9.354709647919522,90.11439224203629,0.0,828.8526346118726
2026-05-25T14:00:00Z,2026-05-25T14:15:00Z,2026-05-25,2026-05-25_65,-100.0,100,0,0,152.74000000000004,169.15069714285718,0.045585269841269836,7.162285714285714,0.0,True,True,True,False,-289.75,0.0,110.02514860539551,0.0,1948.181832255536,0.0,1768.4569808609315
2026-05-25T14:15:00Z,2026-05-25T14:30:00Z,2026-05-25,2026-05-25_66,-100.0,100,0,0,169.15069714285718,185.26436571428576,0.04476019047619048,7.485142857142857,0.0,True,True,True,False,-507.0,0.0,110.02514860539551,0.0,1166.1281574019638,0.0,769.1533060073593
2026-05-25T14:30:00Z,2026-05-25T14:45:00Z,2026-05-25,2026-05-25_67,-0.8119607773950002,100,0,0,185.26436571428576,177.1434782608696,0.023277942762909787,7.652571428571428,0.0,True,True,True,False,-11.016277847306666,0.0,110.02514860539551,0.0,1213.77265138154,0.0,1312.781522139629
2026-05-25T14:45:00Z,2026-05-25T15:00:00Z,2026-05-25,2026-05-25_68,0.0,100,0,0,177.1434782608696,167.00000000000006,0.02817632850241546,9.332,0.0,True,True,True,False,0.0,0.0,110.02514860539551,0.0,1482.5093126047861,0.0,1592.5344612101817
2026-05-25T15:00:00Z,2026-05-25T15:15:00Z,2026-05-25,2026-05-25_69,-100.0,0,0,0,167.00000000000006,190.00000000000006,0.0638888888888889,0.0,0.0,True,True,True,False,-153.75,0.0,0.0,0.0,0.0,0.0,-153.75
2026-05-25T15:15:00Z,2026-05-25T15:30:00Z,2026-05-25,2026-05-25_70,0.0,0,0,0,190.00000000000006,190.00000000000006,0.0,0.0,0.0,True,True,True,False,0.0,0.0,0.0,0.0,0.0,0.0,0.0
2026-05-25T15:30:00Z,2026-05-25T15:45:00Z,2026-05-25,2026-05-25_71,0.8772458057142968,0,0,0,190.00000000000006,189.7616179875777,0.0006621722567287868,0.0,0.0,True,True,True,False,24.744911064686026,0.0,0.0,0.0,0.0,0.0,24.744911064686026
2026-05-25T15:45:00Z,2026-05-25T16:00:00Z,2026-05-25,2026-05-25_72,100.0,0,0,0,189.7616179875777,162.58770494409944,0.0754830917874396,0.0,0.0,True,True,True,False,4011.9999999999995,0.0,0.0,0.0,0.0,0.0,4011.9999999999995
2026-05-25T16:00:00Z,2026-05-25T16:15:00Z,2026-05-25,2026-05-25_73,0.0,81,100,0,162.58770494409944,172.47018370186342,0.027593876466528645,0.023605714285714282,10.769714285714286,True,True,True,False,0.0,0.0,88.44907407407408,72.7880658436214,4.406435978835978,2447.1225163846975,2612.766092281229
2026-05-25T16:15:00Z,2026-05-25T16:30:00Z,2026-05-25,2026-05-25_74,19.0,81,100,0,172.47018370186342,173.803508183851,0.024682526597653555,0.026845714285714285,6.856571428571429,True,True,True,False,543.3525,0.0,88.44907407407408,72.7880658436214,5.066315343915344,95.26804178370023,804.923997045311
2026-05-25T16:30:00Z,2026-05-25T16:45:00Z,2026-05-25,2026-05-25_75,19.0,81,100,0,173.803508183851,168.24606832298144,0.01836135580400276,0.9812571428571428,0.7062857142857143,True,True,True,False,712.975,0.0,88.44907407407408,72.7880658436214,212.8302398589065,-37.88790646025213,1049.1544733163498
2026-05-25T16:45:00Z,2026-05-25T17:00:00Z,2026-05-25,2026-05-25_76,19.0,81,100,0,168.24606832298144,151.82000000000008,0.04562796756383712,10.361982857142857,0.0,True,True,True,False,792.965,0.0,88.44907407407408,72.7880658436214,2520.296478571429,0.0,3474.4986184891245
2026-05-25T17:00:00Z,2026-05-25T17:15:00Z,2026-05-25,2026-05-25_77,0.0,0,0,83,151.82000000000008,151.82000000000008,0.0,0.0,0.0,True,False,True,False,0.0,747.170781893004,0.0,0.0,0.0,0.0,747.170781893004
2026-05-25T17:15:00Z,2026-05-25T17:30:00Z,2026-05-25,2026-05-25_78,0.0,0,0,83,151.82000000000008,151.82000000000008,0.0,0.0,0.0,True,False,True,False,0.0,747.170781893004,0.0,0.0,0.0,0.0,747.170781893004
2026-05-25T17:30:00Z,2026-05-25T17:45:00Z,2026-05-25,2026-05-25_79,0.0,0,0,83,151.82000000000008,151.82000000000008,0.0,0.0,0.0,True,False,True,False,0.0,747.170781893004,0.0,0.0,0.0,0.0,747.170781893004
2026-05-25T17:45:00Z,2026-05-25T18:00:00Z,2026-05-25,2026-05-25_80,17.0,0,0,83,151.82000000000008,147.20043478260877,0.012832125603864732,0.0,0.0,True,False,True,False,787.3975,747.170781893004,0.0,0.0,0.0,0.0,1534.568281893004
2026-05-25T18:00:00Z,2026-05-25T18:15:00Z,2026-05-25,2026-05-25_81,0.0,100,100,0,147.20043478260877,140.7656521739131,0.0178743961352657,5.92,0.0,True,True,True,False,0.0,0.0,108.93918609967992,72.75948788294467,1605.5981100442004,0.0,1787.296784026825
2026-05-25T18:15:00Z,2026-05-25T18:30:00Z,2026-05-25,2026-05-25_82,0.0,100,100,0,140.7656521739131,132.44515527950318,0.023112491373360942,7.654857142857144,0.0,True,True,True,False,0.0,0.0,108.93918609967992,72.75948788294467,2134.9639832778107,0.0,2316.6626572604355
2026-05-25T18:30:00Z,2026-05-25T18:45:00Z,2026-05-25,2026-05-25_83,0.0,100,100,0,132.44515527950318,116.34950310559014,0.044710144927536236,14.808000000000002,0.0,True,True,True,False,0.0,0.0,108.93918609967992,72.75948788294467,4823.630955647005,0.0,5005.329629629629
2026-05-25T18:45:00Z,2026-05-25T19:00:00Z,2026-05-25,2026-05-25_84,0.0,100,100,0,116.34950310559014,105.83263751552803,0.02921643616287094,9.676,0.0005714285714285715,True,True,True,False,0.0,0.0,108.93918609967992,72.75948788294467,2497.4193270842857,-0.04354736865024931,2679.07445369826
2026-05-25T19:00:00Z,2026-05-25T19:15:00Z,2026-05-25,2026-05-25_85,0.0,100,83,0,105.83263751552803,78.88605366459636,0.07485162180814355,24.790857142857142,0.0,True,True,True,False,0.0,0.0,106.65294924554185,60.390374942844076,25290.637006553876,0.0,25457.680330742263
2026-05-25T19:15:00Z,2026-05-25T19:30:00Z,2026-05-25,2026-05-25_86,0.0,100,83,0,78.88605366459636,59.85499776397524,0.052864044168392,17.50857142857143,0.0,True,True,True,False,0.0,0.0,106.65294924554185,60.390374942844076,9141.637172033881,0.0,9308.680496222267
2026-05-25T19:30:00Z,2026-05-25T19:45:00Z,2026-05-25,2026-05-25_87,-16.37417510223152,100,83,0,59.85499776397524,41.0572332322982,0.0553173333338627,21.294285714285717,0.0,True,True,True,False,-655.4582293423277,0.0,106.65294924554185,60.390374942844076,16797.458193981754,0.0,16309.043288827812
2026-05-25T19:45:00Z,2026-05-25T20:00:00Z,2026-05-25,2026-05-25_88,-17.000000000000128,100,83,0,41.0572332322982,31.291668074534257,0.03762374067632849,12.918857142857142,0.0,True,True,True,False,-641.4950000000048,0.0,106.65294924554185,60.390374942844076,4515.515673133451,0.0,4041.063997321832
2026-05-25T20:00:00Z,2026-05-25T20:15:00Z,2026-05-25,2026-05-25_89,0.0,100,100,0,31.291668074534257,20.614649440993887,0.029658385093167698,9.822857142857142,0.0,True,True,True,False,0.0,0.0,108.93918609967992,72.75948788294467,2511.6443856554965,0.0,2693.3430596381213
2026-05-25T20:15:00Z,2026-05-25T20:30:00Z,2026-05-25,2026-05-25_90,0.0,100,100,0,20.614649440993887,12.991046956521838,0.021176673567977915,7.013714285714285,0.0,True,True,True,False,0.0,0.0,108.93918609967992,72.75948788294467,1637.2816338972716,0.0,1818.9803078798961
2026-05-25T20:30:00Z,2026-05-25T20:45:00Z,2026-05-25,2026-05-25_91,0.0,100,100,0,12.991046956521838,10.0000000000001,0.008661860593512769,2.8102857142857145,0.06914285714285714,True,True,True,False,0.0,0.0,108.93918609967992,72.75948788294467,624.3451703790798,-4.009621791103273,802.0342225706012
2026-05-25T20:45:00Z,2026-05-25T21:00:00Z,2026-05-25,2026-05-25_92,0.0,100,100,0,10.0000000000001,11.863453416149166,0.0058491373360938575,0.11142857142857143,2.157142857142857,True,True,True,False,0.0,0.0,108.93918609967992,72.75948788294467,20.591039584558104,-108.85171032290373,93.43800324427896
2026-05-25T21:00:00Z,2026-05-25T21:15:00Z,2026-05-26,2026-05-25_93,1.0,99,100,0,11.863453416149166,10.983404819875874,0.006882922291235333,1.303405714285714,0.8771428571428571,True,True,True,False,40.9825,0.0,107.94956830007433,71.44490822802905,223.3330926378213,-37.584385287078405,406.1256838788463
2026-05-25T21:15:00Z,2026-05-25T21:30:00Z,2026-05-26,2026-05-25_94,0.8223692458650166,99,100,0,10.983404819875874,10.398239920496884,0.011763615864253216,2.028085714285714,2.0,True,True,True,False,30.113105860462245,0.0,107.94956830007433,71.44490822802905,388.6775807977259,-33.60474202832256,564.580421157969
2026-05-25T21:30:00Z,2026-05-25T21:45:00Z,2026-05-26,2026-05-25_95,1.0,99,100,0,10.398239920496884,15.475344278260861,0.015262280910973088,0.0,5.803428571428572,True,True,True,False,36.25,0.0,107.94956830007433,71.44490822802905,0.0,8.028148087641485,223.67262461574487
2026-05-25T21:45:00Z,2026-05-25T22:00:00Z,2026-05-26,2026-05-25_96,1.0,99,100,0,15.475344278260861,30.449073093167694,0.042104491704623874,0.0,16.54114285714286,True,True,True,False,33.8125,0.0,107.94956830007433,71.44490822802905,0.0,527.6790717430549,740.8860482711583
2026-05-25T22:00:00Z,2026-05-25T22:15:00Z,2026-05-26,2026-05-26_1,66.0,34,100,0,30.449073093167694,16.13703179130434,0.04586668996549344,0.0,3.5165714285714285,True,True,True,False,2587.5299999999997,0.0,37.07358911315684,71.44490822802905,0.0,-76.42596113475409,2619.6225362064315
2026-05-25T22:15:00Z,2026-05-25T22:30:00Z,2026-05-26,2026-05-26_2,66.0,34,100,0,16.13703179130434,9.999999999999993,0.036948341642512074,0.0,11.452,True,True,True,False,2363.79,0.0,37.07358911315684,71.44490822802905,0.0,309.5665473535746,2781.8750446947606
2026-05-25T22:30:00Z,2026-05-25T22:45:00Z,2026-05-26,2026-05-26_3,49.662406727195496,34,100,0,9.999999999999993,9.999999999999991,0.034619735704030485,0.0,13.455999999999998,True,True,True,False,1655.744640284698,0.0,37.07358911315684,71.44490822802905,0.0,294.82045476204087,2059.083592387925
2026-05-25T22:45:00Z,2026-05-25T23:00:00Z,2026-05-26,2026-05-26_4,51.91116938406742,34,100,0,9.999999999999991,13.440808944099365,0.03328504036098539,0.0,17.430857142857143,True,True,True,False,1625.3387134151508,0.0,37.07358911315684,71.44490822802905,0.0,1748.8631097097768,3482.7203204661137
2026-05-25T23:00:00Z,2026-05-25T23:15:00Z,2026-05-26,2026-05-26_5,0.0,100,100,0,13.440808944099365,26.85388322981365,0.037258539682539685,0.0,14.57942857142857,True,True,True,False,0.0,0.0,109.01137858082224,100.57750586082682,0.0,310.2758714729531,519.8647559146021
2026-05-25T23:15:00Z,2026-05-25T23:30:00Z,2026-05-26,2026-05-26_6,0.0,100,100,0,26.85388322981365,38.426431801242224,0.03214596825396826,0.0,12.578857142857144,True,True,True,False,0.0,0.0,109.01137858082224,100.57750586082682,0.0,624.3301060530566,833.9189904947057
2026-05-25T23:30:00Z,2026-05-25T23:45:00Z,2026-05-26,2026-05-26_7,0.0,100,100,0,38.426431801242224,50.56517465838508,0.033718730158730156,0.0,13.194285714285714,True,True,True,False,0.0,0.0,109.01137858082224,100.57750586082682,0.0,310.0268609656682,519.6157454073173
2026-05-25T23:45:00Z,2026-05-26T00:00:00Z,2026-05-26,2026-05-26_8,0.0,100,100,0,50.56517465838508,64.34782608695652,0.03828514285714286,0.0,14.981142857142856,True,True,True,False,0.0,0.0,109.01137858082224,100.57750586082682,0.0,3191.245834851294,3400.834719292943
2026-05-26T00:00:00Z,2026-05-26T00:15:00Z,2026-05-26,2026-05-26_9,0.0,0,0,100,64.34782608695652,64.34782608695652,0.0,0.0,0.0,True,False,True,False,0.0,993.4816170164105,0.0,0.0,0.0,0.0,993.4816170164105
2026-05-26T00:15:00Z,2026-05-26T00:30:00Z,2026-05-26,2026-05-26_10,0.0,0,0,100,64.34782608695652,64.34782608695652,0.0,0.0,0.0,True,False,True,False,0.0,993.4816170164105,0.0,0.0,0.0,0.0,993.4816170164105
2026-05-26T00:30:00Z,2026-05-26T00:45:00Z,2026-05-26,2026-05-26_11,0.0,0,0,100,64.34782608695652,64.34782608695652,0.0,0.0,0.0,True,False,True,False,0.0,993.4816170164105,0.0,0.0,0.0,0.0,993.4816170164105
2026-05-26T00:45:00Z,2026-05-26T01:00:00Z,2026-05-26,2026-05-26_12,0.0,0,0,100,64.34782608695652,64.34782608695652,0.0,0.0,0.0,True,False,True,False,0.0,993.4816170164105,0.0,0.0,0.0,0.0,993.4816170164105
2026-05-26T01:00:00Z,2026-05-26T01:15:00Z,2026-05-26,2026-05-26_13,96.0,4,100,0,64.34782608695652,54.770607900621116,0.029727879089026913,0.0,15.282857142857143,True,True,True,False,3037.92,0.0,4.3604551432328895,100.57750586082682,0.0,389.9142808132459,3532.7722418173057
2026-05-26T01:15:00Z,2026-05-26T01:30:00Z,2026-05-26,2026-05-26_14,96.0,4,100,0,54.770607900621116,52.67879210931677,0.010351719420289852,0.0,22.212,True,True,True,False,3001.68,0.0,4.3604551432328895,100.57750586082682,0.0,2424.9126628166277,5531.530623820688
2026-05-26T01:30:00Z,2026-05-26T01:45:00Z,2026-05-26,2026-05-26_15,93.93858535005812,4,100,0,52.67879210931677,42.83258943602484,0.031861864161128746,0.0,14.561714285714286,True,True,True,False,2936.285331579442,0.0,4.3604551432328895,100.57750586082682,0.0,380.19987387990824,3421.42316646341
2026-05-26T01:45:00Z,2026-05-26T02:00:00Z,2026-05-26,2026-05-26_16,96.0,4,100,0,42.83258943602484,34.73566111801242,0.025896110089717043,0.0,16.653142857142857,True,True,True,False,2973.84,0.0,4.3604551432328895,100.57750586082682,0.0,8099.873233079842,11178.651194083903
2026-05-26T02:00:00Z,2026-05-26T02:15:00Z,2026-05-26,2026-05-26_17,0.0,100,100,0,34.73566111801242,54.57243826086956,0.05510215873015872,0.0,21.561714285714285,True,True,True,False,0.0,0.0,109.01137858082224,95.66012922408372,0.0,20680.921113298427,20885.592621103333
2026-05-26T02:15:00Z,2026-05-26T02:30:00Z,2026-05-26,2026-05-26_18,0.0,100,100,0,54.57243826086956,53.90278459627329,0.006559450655624568,1.3942857142857141,0.9194285714285714,True,True,True,False,0.0,0.0,109.01137858082224,95.66012922408372,238.7009064200899,-32.30713618628308,411.0652780387128
2026-05-26T02:30:00Z,2026-05-26T02:45:00Z,2026-05-26,2026-05-26_19,0.0,100,100,0,53.90278459627329,51.39967900621118,0.006953071083505866,2.302857142857143,0.0,True,True,True,False,0.0,0.0,109.01137858082224,95.66012922408372,394.5848955397815,0.0,599.2564033446874
2026-05-26T02:45:00Z,2026-05-26T03:00:00Z,2026-05-26,2026-05-26_20,0.0,100,100,0,51.39967900621118,51.21979826086956,0.0005872877846790889,0.18,0.017142857142857144,True,True,True,False,0.0,0.0,109.01137858082224,95.66012922408372,28.653439304705817,-1.27775663069848,232.0471904789133
2026-05-26T03:00:00Z,2026-05-26T03:15:00Z,2026-05-26,2026-05-26_21,0.0,100,100,0,51.21979826086956,52.07541366459627,0.004039925465838509,0.2754285714285714,1.2554285714285713,True,True,True,False,0.0,0.0,106.40974326719652,71.33055063182573,47.18350179296374,-62.18662909202792,162.73716659995807
2026-05-26T03:15:00Z,2026-05-26T03:30:00Z,2026-05-26,2026-05-26_22,0.0,100,100,0,52.07541366459627,51.46036869565217,0.00180775983436853,0.5822857142857143,0.01942857142857143,True,True,True,False,0.0,0.0,106.40974326719652,71.33055063182573,98.18717528568979,-1.1455365957921853,274.78193258891986
2026-05-26T03:30:00Z,2026-05-26T03:45:00Z,2026-05-26,2026-05-26_23,0.0,100,100,0,51.46036869565217,55.1804203726708,0.010367983436853002,0.005714285714285714,4.050285714285715,True,True,True,False,0.0,0.0,106.40974326719652,71.33055063182573,0.8712959710729739,-38.808386877193556,139.80320299290167
2026-05-26T03:45:00Z,2026-05-26T04:00:00Z,2026-05-26,2026-05-26_24,0.0,100,100,0,55.1804203726708,64.34782608695652,0.025465015873015872,0.0,9.964571428571428,True,True,True,False,0.0,0.0,106.40974326719652,71.33055063182573,0.0,2204.522074228971,2382.2623681279933
2026-05-26T04:00:00Z,2026-05-26T04:15:00Z,2026-05-26,2026-05-26_25,0.0,0,0,100,64.34782608695652,64.34782608695652,0.0,0.0,0.0,True,True,True,False,0.0,993.4816170164105,0.0,0.0,0.0,0.0,993.4816170164105
2026-05-26T04:15:00Z,2026-05-26T04:30:00Z,2026-05-26,2026-05-26_26,0.0,0,0,100,64.34782608695652,64.34782608695652,0.0,0.0,0.0,True,True,True,False,0.0,993.4816170164105,0.0,0.0,0.0,0.0,993.4816170164105
2026-05-26T04:30:00Z,2026-05-26T04:45:00Z,2026-05-26,2026-05-26_27,0.0,0,0,100,64.34782608695652,64.34782608695652,0.0,0.0,0.0,True,True,True,False,0.0,993.4816170164105,0.0,0.0,0.0,0.0,993.4816170164105
2026-05-26T04:45:00Z,2026-05-26T05:00:00Z,2026-05-26,2026-05-26_28,0.0,0,0,100,64.34782608695652,64.34782608695652,0.0,0.0,0.0,True,True,True,False,0.0,993.4816170164105,0.0,0.0,0.0,0.0,993.4816170164105
2026-05-26T05:00:00Z,2026-05-26T05:15:00Z,2026-05-26,2026-05-26_29,0.0,100,0,0,64.34782608695652,62.409937888198755,0.005383022774327122,1.782857142857143,0.0,True,True,True,False,0.0,0.0,110.46943793241466,0.0,302.58246244578226,0.0,413.05190037819693
2026-05-26T05:15:00Z,2026-05-26T05:30:00Z,2026-05-26,2026-05-26_30,0.0,100,0,0,62.409937888198755,55.433540372670805,0.01937888198757764,6.418285714285714,0.0,True,True,True,False,0.0,0.0,110.46943793241466,0.0,1382.5621342394813,0.0,1493.031572171896
2026-05-26T05:30:00Z,2026-05-26T05:45:00Z,2026-05-26,2026-05-26_31,0.0,100,0,0,55.433540372670805,33.420496894409936,0.06114734299516908,20.252,0.0,True,True,True,False,0.0,0.0,110.46943793241466,0.0,18300.308889015952,0.0,18410.778326948366
2026-05-26T05:45:00Z,2026-05-26T06:00:00Z,2026-05-26,2026-05-26_32,-100.0,100,0,0,33.420496894409936,43.017936894409935,0.026659555555555558,14.568,0.0,True,True,True,False,-2641.0,0.0,110.46943793241466,0.0,9997.773475899137,0.0,7467.242913831552
2026-05-26T06:00:00Z,2026-05-26T06:15:00Z,2026-05-26,2026-05-26_33,100.0,0,100,0,43.017936894409935,17.070110807453414,0.07207729468599033,0.0,1.1280000000000001,True,True,True,False,3855.25,0.0,0.0,71.27337183372406,0.0,14.894880210417982,3941.4182520441423
2026-05-26T06:15:00Z,2026-05-26T06:30:00Z,2026-05-26,2026-05-26_34,53.146258275480456,0,100,0,17.070110807453414,10.000000000000025,0.03714000629631307,0.0,7.307999999999999,True,True,True,False,1612.457476078077,0.0,0.0,71.27337183372406,0.0,104.62445194122019,1788.3552998530213
2026-05-26T06:30:00Z,2026-05-26T06:45:00Z,2026-05-26,2026-05-26_35,21.33939155745146,0,100,0,10.000000000000025,10.000000000000027,0.024395975903724096,0.0,6.068,True,True,True,False,587.2067071821705,0.0,0.0,71.27337183372406,0.0,4.850514037394934,663.3305930532895
2026-05-26T06:45:00Z,2026-05-26T07:00:00Z,2026-05-26,2026-05-26_36,1.3056250033090226,0,100,0,10.000000000000027,17.976446625796708,0.02341556645856063,0.0,9.034285714285714,True,True,True,False,22.897398495531988,0.0,0.0,71.27337183372406,0.0,25.695893745456328,119.86666407471238
2026-05-26T07:00:00Z,2026-05-26T07:15:00Z,2026-05-26,2026-05-26_37,0.0,100,94,0,17.976446625796708,13.595347932629007,0.016408611290545203,4.732571428571428,0.8293485714285714,True,True,True,False,0.0,0.0,109.75470295614386,66.88947338326949,671.7659054262679,-27.054084795613026,821.3559969700682
2026-05-26T07:15:00Z,2026-05-26T07:30:00Z,2026-05-26,2026-05-26_38,0.0,100,94,0,13.595347932629007,10.025764310268759,0.010184558951000691,3.3285714285714287,0.052640000000000006,True,True,True,False,0.0,0.0,109.75470295614386,66.88947338326949,469.66944119977455,-4.023222215869023,642.2903953233189
2026-05-26T07:30:00Z,2026-05-26T07:45:00Z,2026-05-26,2026-05-26_39,-6.000000000000041,100,94,0,10.025764310268759,11.85659271275324,0.00666851919944792,0.27885714285714286,0.8164571428571429,True,True,True,False,-19.08000000000013,0.0,109.75470295614386,66.88947338326949,36.387490150271326,-28.054305873896247,165.8973606157883
2026-05-26T07:45:00Z,2026-05-26T08:00:00Z,2026-05-26,2026-05-26_40,-6.0,100,94,0,11.85659271275324,17.479054427038953,0.015617949206349211,0.0,4.611371428571429,True,True,True,False,-11.685,0.0,109.75470295614386,66.88947338326949,0.0,47.587644543917406,212.54682088333075
2026-05-26T08:00:00Z,2026-05-26T08:15:00Z,2026-05-26,2026-05-26_41,0.0,100,100,0,17.479054427038953,24.184014427038953,0.018624888888888892,0.0,7.288,True,True,True,False,0.0,0.0,111.21276230773628,71.27337183372406,0.0,98.78742523872148,281.27355938018184
2026-05-26T08:15:00Z,2026-05-26T08:30:00Z,2026-05-26,2026-05-26_42,0.0,100,100,0,24.184014427038953,27.117075793498582,0.01373400414078675,0.9251428571428572,4.281142857142857,True,True,True,False,0.0,0.0,111.21276230773628,71.27337183372406,121.72910057750587,6.161379479346202,310.37661419831244
2026-05-26T08:30:00Z,2026-05-26T08:45:00Z,2026-05-26,2026-05-26_43,0.0,100,100,0,27.117075793498582,30.70216101088989,0.009968922015182883,0.0017142857142857142,3.8988571428571426,True,True,True,False,0.0,0.0,111.21276230773628,71.27337183372406,0.15881656224729013,-35.726333668237714,146.9186170354699
2026-05-26T08:45:00Z,2026-05-26T09:00:00Z,2026-05-26,2026-05-26_44,0.0,100,100,0,30.70216101088989,40.762755296604176,0.02794609523809524,0.0,10.935428571428572,True,True,True,False,0.0,0.0,111.21276230773628,71.27337183372406,0.0,4692.011044983377,4874.497179124838
2026-05-26T09:00:00Z,2026-05-26T09:15:00Z,2026-05-26,2026-05-26_45,0.0,100,100,0,40.762755296604176,62.41482386803275,0.060144634920634925,0.0,23.534857142857142,True,True,True,False,0.0,0.0,111.44147750014295,98.66201612442107,0.0,5393.082916554352,5603.186410178916
2026-05-26T09:15:00Z,2026-05-26T09:30:00Z,2026-05-26,2026-05-26_46,0.0,100,100,0,62.41482386803275,73.2356010108899,0.030057714285714285,0.0,11.761714285714286,True,True,True,False,0.0,0.0,111.44147750014295,98.66201612442107,0.0,196.00167060111255,406.10516422567656
2026-05-26T09:30:00Z,2026-05-26T09:45:00Z,2026-05-26,2026-05-26_47,0.0,100,100,0,73.2356010108899,83.14689243946133,0.027531365079365083,0.0,10.773142857142858,True,True,True,False,0.0,0.0,111.44147750014295,98.66201612442107,0.0,3478.0042571521153,3688.1077507766795
2026-05-26T09:45:00Z,2026-05-26T10:00:00Z,2026-05-26,2026-05-26_48,0.0,100,100,0,83.14689243946133,91.80435529660419,0.024048507936507937,0.0,9.410285714285713,True,True,True,False,0.0,0.0,111.44147750014295,98.66201612442107,0.0,195.7081872959602,405.8116809205242
2026-05-26T10:00:00Z,2026-05-26T10:15:00Z,2026-05-26,2026-05-26_49,0.0,100,100,0,91.80435529660419,93.71814809163524,0.005347146997929607,0.005142857142857143,2.0862857142857143,True,True,True,False,0.0,0.0,111.35570930299046,98.66201612442107,0.44011337738823586,-96.28558293784666,114.17225586695311
2026-05-26T10:15:00Z,2026-05-26T10:30:00Z,2026-05-26,2026-05-26_50,0.0,100,100,0,93.71814809163524,105.22918809163525,0.031975111111111114,0.0,12.512,True,True,True,False,0.0,0.0,111.35570930299046,98.66201612442107,0.0,385.7550689004517,595.7727943278633
2026-05-26T10:30:00Z,2026-05-26T10:45:00Z,2026-05-26,2026-05-26_51,0.0,100,100,0,105.22918809163525,116.52310809163525,0.031372000000000004,0.0,12.276000000000002,True,True,True,False,0.0,0.0,111.35570930299046,98.66201612442107,0.0,121.79368059923382,331.8114060266454
2026-05-26T10:45:00Z,2026-05-26T11:00:00Z,2026-05-26,2026-05-26_52,0.0,100,100,0,116.52310809163525,133.63773666306383,0.04754063492063492,0.0,18.602857142857143,True,True,True,False,0.0,0.0,111.35570930299046,98.66201612442107,0.0,3001.6452986775366,3211.6630241049484
2026-05-26T11:00:00Z,2026-05-26T11:15:00Z,2026-05-26,2026-05-26_53,0.0,0,0,100,133.63773666306383,133.63773666306383,0.0,0.0,0.0,True,True,True,False,0.0,993.4816170164105,0.0,0.0,0.0,0.0,993.4816170164105
2026-05-26T11:15:00Z,2026-05-26T11:30:00Z,2026-05-26,2026-05-26_54,0.0,0,0,100,133.63773666306383,133.63773666306383,0.0,0.0,0.0,True,True,True,False,0.0,993.4816170164105,0.0,0.0,0.0,0.0,993.4816170164105
2026-05-26T11:30:00Z,2026-05-26T11:45:00Z,2026-05-26,2026-05-26_55,0.0,0,0,100,133.63773666306383,133.63773666306383,0.0,0.0,0.0,True,True,True,False,0.0,993.4816170164105,0.0,0.0,0.0,0.0,993.4816170164105
2026-05-26T11:45:00Z,2026-05-26T12:00:00Z,2026-05-26,2026-05-26_56,0.0,0,0,100,133.63773666306383,133.63773666306383,0.0,0.0,0.0,True,True,True,False,0.0,993.4816170164105,0.0,0.0,0.0,0.0,993.4816170164105
2026-05-26T12:00:00Z,2026-05-26T12:15:00Z,2026-05-26,2026-05-26_57,0.0,0,0,100,133.63773666306383,133.63773666306383,0.0,0.0,0.0,True,True,True,False,0.0,993.4816170164105,0.0,0.0,0.0,0.0,993.4816170164105
2026-05-26T12:15:00Z,2026-05-26T12:30:00Z,2026-05-26,2026-05-26_58,0.0,0,0,100,133.63773666306383,133.63773666306383,0.0,0.0,0.0,True,True,True,False,0.0,993.4816170164105,0.0,0.0,0.0,0.0,993.4816170164105
2026-05-26T12:30:00Z,2026-05-26T12:45:00Z,2026-05-26,2026-05-26_59,0.0,0,0,100,133.63773666306383,133.63773666306383,0.0,0.0,0.0,True,True,True,False,0.0,993.4816170164105,0.0,0.0,0.0,0.0,993.4816170164105
2026-05-26T12:45:00Z,2026-05-26T13:00:00Z,2026-05-26,2026-05-26_60,0.0,0,0,100,133.63773666306383,133.63773666306383,0.0,0.0,0.0,True,True,True,False,0.0,993.4816170164105,0.0,0.0,0.0,0.0,993.4816170164105
2026-05-26T13:00:00Z,2026-05-26T13:15:00Z,2026-05-26,2026-05-26_61,0.0,0,0,100,133.63773666306383,133.63773666306383,0.0,0.0,0.0,True,True,True,False,0.0,993.4816170164105,0.0,0.0,0.0,0.0,993.4816170164105
2026-05-26T13:15:00Z,2026-05-26T13:30:00Z,2026-05-26,2026-05-26_62,0.0,0,0,100,133.63773666306383,133.63773666306383,0.0,0.0,0.0,True,True,True,False,0.0,993.4816170164105,0.0,0.0,0.0,0.0,993.4816170164105
2026-05-26T13:30:00Z,2026-05-26T13:45:00Z,2026-05-26,2026-05-26_63,0.0,0,0,100,133.63773666306383,133.63773666306383,0.0,0.0,0.0,True,True,True,False,0.0,993.4816170164105,0.0,0.0,0.0,0.0,993.4816170164105
2026-05-26T13:45:00Z,2026-05-26T14:00:00Z,2026-05-26,2026-05-26_64,0.0,0,0,100,133.63773666306383,133.63773666306383,0.0,0.0,0.0,True,True,True,False,0.0,993.4816170164105,0.0,0.0,0.0,0.0,993.4816170164105
2026-05-26T14:00:00Z,2026-05-26T14:15:00Z,2026-05-26,2026-05-26_65,-53.0,53,0,47,133.63773666306383,145.44852317734953,0.03280774031746032,0.41218857142857146,0.0,True,True,True,False,-0.9275000000000001,466.9363599977129,58.04877351478072,0.0,60.23411595206784,0.0,584.2917494645615
2026-05-26T14:15:00Z,2026-05-26T14:30:00Z,2026-05-26,2026-05-26_66,-53.0,53,0,47,145.44852317734953,157.6011869487781,0.03375739936507936,0.04058285714285715,0.0,True,True,True,False,-31.005,466.9363599977129,58.04877351478072,0.0,4.3910114624430605,0.0,498.37114497493667
2026-05-26T14:30:00Z,2026-05-26T14:45:00Z,2026-05-26,2026-05-26_67,-53.0,53,0,47,157.6011869487781,168.36488729163523,0.02989916761904762,1.5503257142857143,0.0,True,True,True,False,-139.92000000000002,466.9363599977129,58.04877351478072,0.0,214.92164756622532,0.0,599.9867810787189
2026-05-26T14:45:00Z,2026-05-26T15:00:00Z,2026-05-26,2026-05-26_68,0.0,53,0,47,168.36488729163523,167.42240903076566,0.002617995169082125,0.86708,0.0,True,True,True,False,0.0,466.9363599977129,58.04877351478072,0.0,111.13537240551204,0.0,636.1205059180056
2026-05-26T15:00:00Z,2026-05-26T15:15:00Z,2026-05-26,2026-05-26_69,-100.0,94,0,0,167.42240903076566,189.9993982879085,0.06271385904761904,0.45979428571428577,0.0,True,True,True,False,-240.49999999999997,0.0,103.57253130539196,0.0,76.69398832136663,0.0,-60.23348037324138
2026-05-26T15:15:00Z,2026-05-26T15:30:00Z,2026-05-26,2026-05-26_70,-0.3576753261337323,94,0,0,189.9993982879085,189.99997225546716,0.00045397273439661565,0.0752,0.0,True,True,True,False,-7.92429685049284,0.0,103.57253130539196,0.0,11.161481921970001,0.0,106.80971637686912
2026-05-26T15:30:00Z,2026-05-26T15:45:00Z,2026-05-26,2026-05-26_71,-0.031984804011066306,94,0,0,189.99997225546716,189.90399254658388,0.00030731442803957,0.09507428571428571,0.0,True,True,True,False,-1.0690920740698913,0.0,103.57253130539196,0.0,13.94143797162298,0.0,116.44487720294505
2026-05-26T15:45:00Z,2026-05-26T16:00:00Z,2026-05-26,2026-05-26_72,6.0,94,0,0,189.90399254658388,188.15737142857145,0.004851725327812284,0.10689142857142858,0.0,True,True,True,False,257.445,0.0,103.57253130539196,0.0,18.315397161208818,0.0,379.3329284666008
2026-05-26T16:00:00Z,2026-05-26T16:15:00Z,2026-05-26,2026-05-26_73,0.0,0,100,0,188.15737142857145,190.00000000000003,0.005118412698412698,0.0,2.0028571428571427,True,True,True,False,0.0,0.0,0.0,71.27337183372406,0.0,-49.34899215561346,21.924379678110597
2026-05-26T16:15:00Z,2026-05-26T16:30:00Z,2026-05-26,2026-05-26_74,100.0,0,100,0,190.00000000000003,180.59254658385095,0.026131815044858526,0.0,16.345142857142854,True,True,True,False,4303.5,0.0,0.0,71.27337183372406,0.0,10612.981289681404,14987.754661515128
2026-05-26T16:30:00Z,2026-05-26T16:45:00Z,2026-05-26,2026-05-26_75,36.751969920687856,0,100,0,180.59254658385095,170.76429813664595,0.027823460198155157,0.0,0.1617142857142857,True,True,True,False,1770.1586312299305,0.0,0.0,71.27337183372406,0.0,-11.161297032964939,1830.2707060306896
2026-05-26T16:45:00Z,2026-05-26T17:00:00Z,2026-05-26,2026-05-26_76,100.0,0,100,0,170.76429813664595,143.615850931677,0.07541235334713595,0.0,0.02342857142857143,True,True,True,False,6536.499999999999,0.0,0.0,71.27337183372406,0.0,-1.7861567406995966,6605.987215093023
2026-05-26T17:00:00Z,2026-05-26T17:15:00Z,2026-05-26,2026-05-26_77,0.0,0,0,100,143.615850931677,143.615850931677,0.0,0.0,0.0,True,True,True,False,0.0,993.4816170164105,0.0,0.0,0.0,0.0,993.4816170164105
2026-05-26T17:15:00Z,2026-05-26T17:30:00Z,2026-05-26,2026-05-26_78,0.0,0,0,100,143.615850931677,143.615850931677,0.0,0.0,0.0,True,True,True,False,0.0,993.4816170164105,0.0,0.0,0.0,0.0,993.4816170164105
2026-05-26T17:30:00Z,2026-05-26T17:45:00Z,2026-05-26,2026-05-26_79,0.0,0,0,100,143.615850931677,143.615850931677,0.0,0.0,0.0,True,True,True,False,0.0,993.4816170164105,0.0,0.0,0.0,0.0,993.4816170164105
2026-05-26T17:45:00Z,2026-05-26T18:00:00Z,2026-05-26,2026-05-26_80,0.0,0,0,100,143.615850931677,143.615850931677,0.0,0.0,0.0,True,True,True,False,0.0,993.4816170164105,0.0,0.0,0.0,0.0,993.4816170164105
2026-05-26T18:00:00Z,2026-05-26T18:15:00Z,2026-05-26,2026-05-26_81,73.0,0,73,27,143.615850931677,123.8269565217391,0.054969151138716345,0.0,0.04421714285714286,True,True,True,False,4253.1625,268.2400365944308,0.0,51.987820916004345,0.0,-2.7531232987265466,4570.637234211709
2026-05-26T18:15:00Z,2026-05-26T18:30:00Z,2026-05-26,2026-05-26_82,73.0,0,73,27,123.8269565217391,104.00133540372669,0.05507116977225673,0.0,0.01042857142857143,True,True,True,False,4796.83,268.2400365944308,0.0,51.987820916004345,0.0,-0.7950575736040887,5116.262799936831
2026-05-26T18:30:00Z,2026-05-26T18:45:00Z,2026-05-26,2026-05-26_83,73.0,0,73,27,104.00133540372669,84.17888819875775,0.055062353347135946,0.0,0.013348571428571428,True,True,True,False,4715.070000000001,268.2400365944308,0.0,51.987820916004345,0.0,-0.9111359793502856,5034.386721531086
2026-05-26T18:45:00Z,2026-05-26T19:00:00Z,2026-05-26,2026-05-26_84,73.0,0,73,27,84.17888819875775,64.34782608695652,0.055086283643892335,0.0,0.005422857142857143,True,True,True,False,4050.4049999999997,268.2400365944308,0.0,51.987820916004345,0.0,-0.34950746836787205,4370.2833500420675
2026-05-26T19:00:00Z,2026-05-26T19:15:00Z,2026-05-26,2026-05-26_85,100.0,0,0,0,64.34782608695652,37.17391304347826,0.0754830917874396,0.0,0.0,True,False,True,False,7630.249999999999,0.0,0.0,0.0,0.0,0.0,7630.249999999999
2026-05-26T19:15:00Z,2026-05-26T19:30:00Z,2026-05-26,2026-05-26_86,100.0,0,0,0,37.17391304347826,10.0,0.0754830917874396,0.0,0.0,True,False,True,False,6268.25,0.0,0.0,0.0,0.0,0.0,6268.25
2026-05-26T19:30:00Z,2026-05-26T19:45:00Z,2026-05-26,2026-05-26_87,0.0,0,0,0,10.0,10.0,0.0,0.0,0.0,True,False,True,False,0.0,0.0,0.0,0.0,0.0,0.0,0.0
2026-05-26T19:45:00Z,2026-05-26T20:00:00Z,2026-05-26,2026-05-26_88,-100.0,0,0,0,10.0,33.0,0.06388888888888888,0.0,0.0,True,False,True,False,-3308.0,0.0,0.0,0.0,0.0,0.0,-3308.0
2026-05-26T20:00:00Z,2026-05-26T20:15:00Z,2026-05-26,2026-05-26_89,33.496689119828076,0,100,0,33.0,30.934893913043478,0.030246528260502677,0.0,7.210857142857143,True,True,True,False,1504.3363083714787,0.0,0.0,71.2161930356224,0.0,-128.52332050894577,1447.0291808981553
2026-05-26T20:15:00Z,2026-05-26T20:30:00Z,2026-05-26,2026-05-26_90,0.0,0,100,0,30.934893913043478,35.033888198757765,0.01138609523809524,0.0,4.4554285714285715,True,True,True,False,0.0,0.0,0.0,71.2161930356224,0.0,-219.62604053159944,-148.40984749597703
2026-05-26T20:30:00Z,2026-05-26T20:45:00Z,2026-05-26,2026-05-26_91,0.0,0,100,0,35.033888198757765,35.809316770186335,0.0021539682539682544,0.0,0.842857142857143,True,True,True,False,0.0,0.0,0.0,71.2161930356224,0.0,-43.19958123337391,28.016611802248484
2026-05-26T20:45:00Z,2026-05-26T21:00:00Z,2026-05-26,2026-05-26_92,100.0000000000001,0,100,0,35.809316770186335,9.999999999999972,0.071692546583851,0.0,1.2554285714285713,True,True,True,False,5235.0000000000055,0.0,0.0,71.2161930356224,0.0,-61.96816676604886,5244.248026269579
2026-05-26T21:00:00Z,2026-05-26T21:15:00Z,2026-05-27,2026-05-26_93,-8.972774041900879e-13,0,0,0,9.999999999999972,10.000000000000178,5.732605637881118e-16,0.0,0.0,True,True,True,False,-4.932782529535009e-11,0.0,0.0,0.0,0.0,0.0,-4.932782529535009e-11
2026-05-26T21:15:00Z,2026-05-26T21:30:00Z,2026-05-27,2026-05-26_94,-36.29489603024499,0,0,0,10.000000000000178,18.347826086956527,0.02318840579710097,0.0,0.0,True,True,True,False,-1814.7448015122495,0.0,0.0,0.0,0.0,0.0,-1814.7448015122495
2026-05-26T21:30:00Z,2026-05-26T21:45:00Z,2026-05-27,2026-05-26_95,-100.0,0,0,0,18.347826086956527,41.34782608695653,0.06388888888888888,0.0,0.0,True,True,True,False,-4588.75,0.0,0.0,0.0,0.0,0.0,-4588.75
2026-05-26T21:45:00Z,2026-05-26T22:00:00Z,2026-05-27,2026-05-26_96,-100.0,0,0,0,41.34782608695653,64.34782608695653,0.06388888888888888,0.0,0.0,True,True,True,False,-4400.25,0.0,0.0,0.0,0.0,0.0,-4400.25
2026-05-26T22:00:00Z,2026-05-26T22:15:00Z,2026-05-27,2026-05-27_1,-8.49876663857216e-15,0,0,100,64.34782608695653,64.34782608695653,5.4297675746433245e-18,0.0,0.0,True,True,True,False,-3.7539052242573233e-13,995.5308542943906,0.0,0.0,0.0,0.0,995.5308542943902
2026-05-26T22:15:00Z,2026-05-26T22:30:00Z,2026-05-27,2026-05-27_2,0.0,0,0,100,64.34782608695653,64.34782608695653,0.0,0.0,0.0,True,True,True,False,0.0,995.5308542943906,0.0,0.0,0.0,0.0,995.5308542943906
2026-05-26T22:30:00Z,2026-05-26T22:45:00Z,2026-05-27,2026-05-27_3,0.0,0,0,100,64.34782608695653,64.34782608695653,0.0,0.0,0.0,True,True,True,False,0.0,995.5308542943906,0.0,0.0,0.0,0.0,995.5308542943906
2026-05-26T22:45:00Z,2026-05-26T23:00:00Z,2026-05-27,2026-05-27_4,0.0,0,0,100,64.34782608695653,64.34782608695653,0.0,0.0,0.0,True,True,True,False,0.0,995.5308542943906,0.0,0.0,0.0,0.0,995.5308542943906
2026-05-26T23:00:00Z,2026-05-26T23:15:00Z,2026-05-27,2026-05-27_5,0.0,0,0,100,64.34782608695653,64.34782608695653,0.0,0.0,0.0,True,True,True,False,0.0,995.5308542943906,0.0,0.0,0.0,0.0,995.5308542943906
2026-05-26T23:15:00Z,2026-05-26T23:30:00Z,2026-05-27,2026-05-27_6,0.0,0,0,100,64.34782608695653,64.34782608695653,0.0,0.0,0.0,True,True,True,False,0.0,995.5308542943906,0.0,0.0,0.0,0.0,995.5308542943906
2026-05-26T23:30:00Z,2026-05-26T23:45:00Z,2026-05-27,2026-05-27_7,0.0,0,0,100,64.34782608695653,64.34782608695653,0.0,0.0,0.0,True,True,True,False,0.0,995.5308542943906,0.0,0.0,0.0,0.0,995.5308542943906
2026-05-26T23:45:00Z,2026-05-27T00:00:00Z,2026-05-27,2026-05-27_8,0.0,0,0,100,64.34782608695653,64.34782608695653,0.0,0.0,0.0,True,True,True,False,0.0,995.5308542943906,0.0,0.0,0.0,0.0,995.5308542943906
2026-05-27T00:00:00Z,2026-05-27T00:15:00Z,2026-05-27,2026-05-27_9,0.0,0,0,100,64.34782608695653,64.34782608695653,0.0,0.0,0.0,True,True,True,False,0.0,995.5308542943906,0.0,0.0,0.0,0.0,995.5308542943906
2026-05-27T00:15:00Z,2026-05-27T00:30:00Z,2026-05-27,2026-05-27_10,0.0,0,0,100,64.34782608695653,64.34782608695653,0.0,0.0,0.0,True,True,True,False,0.0,995.5308542943906,0.0,0.0,0.0,0.0,995.5308542943906
2026-05-27T00:30:00Z,2026-05-27T00:45:00Z,2026-05-27,2026-05-27_11,0.0,0,0,100,64.34782608695653,64.34782608695653,0.0,0.0,0.0,True,True,True,False,0.0,995.5308542943906,0.0,0.0,0.0,0.0,995.5308542943906
2026-05-27T00:45:00Z,2026-05-27T01:00:00Z,2026-05-27,2026-05-27_12,0.0,0,0,100,64.34782608695653,64.34782608695653,0.0,0.0,0.0,True,True,True,False,0.0,995.5308542943906,0.0,0.0,0.0,0.0,995.5308542943906
2026-05-27T01:00:00Z,2026-05-27T01:15:00Z,2026-05-27,2026-05-27_13,0.0,0,0,100,64.34782608695653,64.34782608695653,0.0,0.0,0.0,True,True,True,False,0.0,995.5308542943906,0.0,0.0,0.0,0.0,995.5308542943906
2026-05-27T01:15:00Z,2026-05-27T01:30:00Z,2026-05-27,2026-05-27_14,0.0,0,0,100,64.34782608695653,64.34782608695653,0.0,0.0,0.0,True,True,True,False,0.0,995.5308542943906,0.0,0.0,0.0,0.0,995.5308542943906
2026-05-27T01:30:00Z,2026-05-27T01:45:00Z,2026-05-27,2026-05-27_15,0.0,0,0,100,64.34782608695653,64.34782608695653,0.0,0.0,0.0,True,True,True,False,0.0,995.5308542943906,0.0,0.0,0.0,0.0,995.5308542943906
2026-05-27T01:45:00Z,2026-05-27T02:00:00Z,2026-05-27,2026-05-27_16,0.0,0,0,100,64.34782608695653,64.34782608695653,0.0,0.0,0.0,True,True,True,False,0.0,995.5308542943906,0.0,0.0,0.0,0.0,995.5308542943906
2026-05-27T02:00:00Z,2026-05-27T02:15:00Z,2026-05-27,2026-05-27_17,0.0,0,0,100,64.34782608695653,64.34782608695653,0.0,0.0,0.0,True,True,True,False,0.0,995.5308542943906,0.0,0.0,0.0,0.0,995.5308542943906
2026-05-27T02:15:00Z,2026-05-27T02:30:00Z,2026-05-27,2026-05-27_18,0.0,0,0,100,64.34782608695653,64.34782608695653,0.0,0.0,0.0,True,True,True,False,0.0,995.5308542943906,0.0,0.0,0.0,0.0,995.5308542943906
2026-05-27T02:30:00Z,2026-05-27T02:45:00Z,2026-05-27,2026-05-27_19,0.0,0,0,100,64.34782608695653,64.34782608695653,0.0,0.0,0.0,True,True,True,False,0.0,995.5308542943906,0.0,0.0,0.0,0.0,995.5308542943906
2026-05-27T02:45:00Z,2026-05-27T03:00:00Z,2026-05-27,2026-05-27_20,0.0,0,0,100,64.34782608695653,64.34782608695653,0.0,0.0,0.0,True,True,True,False,0.0,995.5308542943906,0.0,0.0,0.0,0.0,995.5308542943906
2026-05-27T03:00:00Z,2026-05-27T03:15:00Z,2026-05-27,2026-05-27_21,0.0,0,0,100,64.34782608695653,64.34782608695653,0.0,0.0,0.0,True,True,True,False,0.0,995.5308542943906,0.0,0.0,0.0,0.0,995.5308542943906
2026-05-27T03:15:00Z,2026-05-27T03:30:00Z,2026-05-27,2026-05-27_22,0.0,0,0,100,64.34782608695653,64.34782608695653,0.0,0.0,0.0,True,True,True,False,0.0,995.5308542943906,0.0,0.0,0.0,0.0,995.5308542943906
2026-05-27T03:30:00Z,2026-05-27T03:45:00Z,2026-05-27,2026-05-27_23,0.0,0,0,100,64.34782608695653,64.34782608695653,0.0,0.0,0.0,True,True,True,False,0.0,995.5308542943906,0.0,0.0,0.0,0.0,995.5308542943906
2026-05-27T03:45:00Z,2026-05-27T04:00:00Z,2026-05-27,2026-05-27_24,0.0,0,0,100,64.34782608695653,64.34782608695653,0.0,0.0,0.0,True,True,True,False,0.0,995.5308542943906,0.0,0.0,0.0,0.0,995.5308542943906
2026-05-27T04:00:00Z,2026-05-27T04:15:00Z,2026-05-27,2026-05-27_25,0.0,0,0,100,64.34782608695653,64.34782608695653,0.0,0.0,0.0,True,True,True,False,0.0,995.5308542943906,0.0,0.0,0.0,0.0,995.5308542943906
2026-05-27T04:15:00Z,2026-05-27T04:30:00Z,2026-05-27,2026-05-27_26,0.0,0,0,100,64.34782608695653,64.34782608695653,0.0,0.0,0.0,True,True,True,False,0.0,995.5308542943906,0.0,0.0,0.0,0.0,995.5308542943906
2026-05-27T04:30:00Z,2026-05-27T04:45:00Z,2026-05-27,2026-05-27_27,0.0,0,0,100,64.34782608695653,64.34782608695653,0.0,0.0,0.0,True,True,True,False,0.0,995.5308542943906,0.0,0.0,0.0,0.0,995.5308542943906
2026-05-27T04:45:00Z,2026-05-27T05:00:00Z,2026-05-27,2026-05-27_28,0.0,0,0,100,64.34782608695653,64.34782608695653,0.0,0.0,0.0,True,True,True,False,0.0,995.5308542943906,0.0,0.0,0.0,0.0,995.5308542943906
2026-05-27T05:00:00Z,2026-05-27T05:15:00Z,2026-05-27,2026-05-27_29,3.0,1,4,96,64.34782608695653,63.46483329192547,0.002453487922705314,0.06290285714285714,0.0005714285714285715,True,True,True,False,111.8175,955.7096201226149,1.1069730132355469,2.8510857732195034,14.755807227574463,-0.03436494749163058,1086.2066211891527
2026-05-27T05:15:00Z,2026-05-27T05:30:00Z,2026-05-27,2026-05-27_30,3.0,1,4,96,63.46483329192547,62.703528208695666,0.0021919579296066248,0.008514285714285714,0.06043428571428572,True,True,True,False,108.45750000000001,955.7096201226149,1.1069730132355469,2.8510857732195034,1.4599823416904718,-1.9863360830311616,1067.5988251677293
2026-05-27T05:30:00Z,2026-05-27T05:45:00Z,2026-05-27,2026-05-27_31,3.0,1,4,96,62.703528208695666,62.25696795031057,0.0016911283367839892,0.0,0.3527085714285714,True,True,True,False,94.52250000000001,955.7096201226149,1.1069730132355469,2.8510857732195034,0.0,-3.282354103674358,1050.9078248053956
2026-05-27T05:45:00Z,2026-05-27T06:00:00Z,2026-05-27,2026-05-27_32,0.005929176813827866,1,4,96,62.25696795031057,62.53391304347824,0.0007755335195671933,0.0,0.3026971428571429,True,True,True,False,0.1655870854681777,955.7096201226149,1.1069730132355469,2.8510857732195034,0.0,0.83145023941852,960.6647162339566
2026-05-27T06:00:00Z,2026-05-27T06:15:00Z,2026-05-27,2026-05-27_33,56.0,0,56,44,62.53391304347824,49.13043478260868,0.03723188405797101,0.0,1.6688,True,True,True,False,2011.7999999999997,438.03357588953185,0.0,39.9312439122214,0.0,-14.627776695506029,2475.137043106247
2026-05-27T06:15:00Z,2026-05-27T06:30:00Z,2026-05-27,2026-05-27_34,55.99999999999993,0,56,44,49.13043478260868,33.913043478260875,0.04227053140096613,0.0,0.0,True,True,True,False,1646.819999999998,438.03357588953185,0.0,39.9312439122214,0.0,0.0,2124.784819801751
2026-05-27T06:30:00Z,2026-05-27T06:45:00Z,2026-05-27,2026-05-27_35,4.755399906312341,0,56,44,33.913043478260875,33.91610852173914,0.006476547070638862,0.0,1.38656,True,True,True,False,116.88772969715734,438.03357588953185,0.0,39.9312439122214,0.0,-29.94163494337172,564.9109145555389
2026-05-27T06:45:00Z,2026-05-27T07:00:00Z,2026-05-27,2026-05-27_36,0.0,0,56,44,33.91610852173914,34.18695652173914,0.0007523555555555557,0.0,0.29440000000000005,True,True,True,False,0.0,438.03357588953185,0.0,39.9312439122214,0.0,-16.10729372218721,461.857526079566
2026-05-27T07:00:00Z,2026-05-27T07:15:00Z,2026-05-27,2026-05-27_37,2.8379125657864406e-14,100,0,0,34.18695652173914,23.829192546583855,0.028771566597653578,9.529142857142856,0.0,True,True,True,False,8.737223311915005e-13,0.0,110.38216925456942,0.0,1451.7023712665034,0.0,1562.0845405210737
2026-05-27T07:15:00Z,2026-05-27T07:30:00Z,2026-05-27,2026-05-27_38,0.0,100,0,0,23.829192546583855,10.000000000000004,0.0384144237405107,12.722857142857144,0.0,True,True,True,False,0.0,0.0,110.38216925456942,0.0,2469.3700338050767,0.0,2579.752203059646
2026-05-27T07:30:00Z,2026-05-27T07:45:00Z,2026-05-27,2026-05-27_39,-100.0,100,0,0,10.000000000000004,28.19549714285715,0.050543047619047626,5.222285714285714,0.0,True,True,True,False,-573.5,0.0,110.38216925456942,0.0,799.2404128639366,0.0,336.12258211850605
2026-05-27T07:45:00Z,2026-05-27T08:00:00Z,2026-05-27,2026-05-27_40,-100.0,100,0,0,28.19549714285715,47.511817142857154,0.05365644444444445,4.004,0.0,True,True,True,False,-148.5,0.0,110.38216925456942,0.0,545.5821845337,0.0,507.4643537882694
2026-05-27T08:00:00Z,2026-05-27T08:15:00Z,2026-05-27,2026-05-27_41,-100.0,100,0,0,47.511817142857154,62.40740571428573,0.041376634920634925,8.809142857142858,0.0,True,True,True,False,-275.0,0.0,112.0151263393113,0.0,3196.7805544687367,0.0,3033.795680808048
2026-05-27T08:15:00Z,2026-05-27T08:30:00Z,2026-05-27,2026-05-27_42,-100.0,100,0,0,62.40740571428573,75.93561142857145,0.037578349206349206,10.295428571428571,0.0,True,True,True,False,-120.24999999999999,0.0,112.0151263393113,0.0,1569.2923848267317,0.0,1561.057511166043
2026-05-27T08:30:00Z,2026-05-27T08:45:00Z,2026-05-27,2026-05-27_43,-100.00000000000006,100,0,0,75.93561142857145,98.90249142857147,0.06379688888888893,0.036000000000000004,0.0,True,True,True,False,-109.00000000000007,0.0,112.0151263393113,0.0,3.0871483412593825,0.0,6.102274680570606
2026-05-27T08:45:00Z,2026-05-27T09:00:00Z,2026-05-27,2026-05-27_44,-100.0,100,0,0,98.90249142857147,121.90249142857147,0.0638888888888889,0.0,0.0,True,True,True,False,-107.0,0.0,112.0151263393113,0.0,0.0,0.0,5.015126339311294
2026-05-27T09:00:00Z,2026-05-27T09:15:00Z,2026-05-27,2026-05-27_45,-7.0,7,0,93,121.90249142857147,123.51249142857147,0.004472222222222223,0.0,0.0,True,True,True,False,-7.1225000000000005,925.8436944937832,7.8450696155388755,0.0,0.0,0.0,926.5662641093221
2026-05-27T09:15:00Z,2026-05-27T09:30:00Z,2026-05-27,2026-05-27_46,-7.0,7,0,93,123.51249142857147,125.12249142857146,0.004472222222222222,0.0,0.0,True,True,True,False,-4.48,925.8436944937832,7.8450696155388755,0.0,0.0,0.0,929.2087641093221
2026-05-27T09:30:00Z,2026-05-27T09:45:00Z,2026-05-27,2026-05-27_47,-7.0,7,0,93,125.12249142857146,126.36883382857145,0.003462062222222223,0.39527999999999996,0.0,True,True,True,False,-6.5975,925.8436944937832,7.8450696155388755,0.0,41.649462075287914,0.0,968.74072618461
2026-05-27T09:45:00Z,2026-05-27T10:00:00Z,2026-05-27,2026-05-27_48,-6.99999999999998,7,0,93,126.36883382857145,127.40593142857145,0.0028808266666666637,0.6227199999999999,0.0,True,True,True,False,-7.384999999999978,925.8436944937832,7.8450696155388755,0.0,96.17568408869533,0.0,1022.4794481980175
2026-05-27T10:00:00Z,2026-05-27T10:15:00Z,2026-05-27,2026-05-27_49,0.0,0,0,100,127.40593142857145,127.40593142857145,0.0,0.0,0.0,True,True,True,False,0.0,995.5308542943906,0.0,0.0,0.0,0.0,995.5308542943906
2026-05-27T10:15:00Z,2026-05-27T10:30:00Z,2026-05-27,2026-05-27_50,0.0,0,0,100,127.40593142857145,127.40593142857145,0.0,0.0,0.0,True,True,True,False,0.0,995.5308542943906,0.0,0.0,0.0,0.0,995.5308542943906
2026-05-27T10:30:00Z,2026-05-27T10:45:00Z,2026-05-27,2026-05-27_51,0.0,0,0,100,127.40593142857145,127.40593142857145,0.0,0.0,0.0,True,True,True,False,0.0,995.5308542943906,0.0,0.0,0.0,0.0,995.5308542943906
2026-05-27T10:45:00Z,2026-05-27T11:00:00Z,2026-05-27,2026-05-27_52,0.0,0,0,100,127.40593142857145,127.40593142857145,0.0,0.0,0.0,True,True,True,False,0.0,995.5308542943906,0.0,0.0,0.0,0.0,995.5308542943906
2026-05-27T11:00:00Z,2026-05-27T11:15:00Z,2026-05-27,2026-05-27_53,0.0,0,0,100,127.40593142857145,127.40593142857145,0.0,0.0,0.0,True,True,True,False,0.0,995.5308542943906,0.0,0.0,0.0,0.0,995.5308542943906
2026-05-27T11:15:00Z,2026-05-27T11:30:00Z,2026-05-27,2026-05-27_54,0.0,0,0,100,127.40593142857145,127.40593142857145,0.0,0.0,0.0,True,True,True,False,0.0,995.5308542943906,0.0,0.0,0.0,0.0,995.5308542943906
2026-05-27T11:30:00Z,2026-05-27T11:45:00Z,2026-05-27,2026-05-27_55,0.0,0,0,100,127.40593142857145,127.40593142857145,0.0,0.0,0.0,True,True,True,False,0.0,995.5308542943906,0.0,0.0,0.0,0.0,995.5308542943906
2026-05-27T11:45:00Z,2026-05-27T12:00:00Z,2026-05-27,2026-05-27_56,0.0,0,0,100,127.40593142857145,127.40593142857145,0.0,0.0,0.0,True,True,True,False,0.0,995.5308542943906,0.0,0.0,0.0,0.0,995.5308542943906
2026-05-27T12:00:00Z,2026-05-27T12:15:00Z,2026-05-27,2026-05-27_57,0.0,0,0,100,127.40593142857145,127.40593142857145,0.0,0.0,0.0,True,True,True,False,0.0,995.5308542943906,0.0,0.0,0.0,0.0,995.5308542943906
2026-05-27T12:15:00Z,2026-05-27T12:30:00Z,2026-05-27,2026-05-27_58,0.0,0,0,100,127.40593142857145,127.40593142857145,0.0,0.0,0.0,True,True,True,False,0.0,995.5308542943906,0.0,0.0,0.0,0.0,995.5308542943906
2026-05-27T12:30:00Z,2026-05-27T12:45:00Z,2026-05-27,2026-05-27_59,0.0,0,0,100,127.40593142857145,127.40593142857145,0.0,0.0,0.0,True,True,True,False,0.0,995.5308542943906,0.0,0.0,0.0,0.0,995.5308542943906
2026-05-27T12:45:00Z,2026-05-27T13:00:00Z,2026-05-27,2026-05-27_60,0.0,0,0,100,127.40593142857145,127.40593142857145,0.0,0.0,0.0,True,True,True,False,0.0,995.5308542943906,0.0,0.0,0.0,0.0,995.5308542943906
2026-05-27T13:00:00Z,2026-05-27T13:15:00Z,2026-05-27,2026-05-27_61,-36.999999999999964,37,0,63,127.40593142857145,135.91593142857144,0.023638888888888866,0.0,0.0,True,True,True,False,-78.06999999999992,627.184438205466,40.693004068068525,0.0,0.0,0.0,589.8074422735345
2026-05-27T13:15:00Z,2026-05-27T13:30:00Z,2026-05-27,2026-05-27_62,-36.999999999999865,37,0,63,135.91593142857144,144.4162057142857,0.023611873015872933,0.010571428571428572,0.0,True,True,True,False,-88.15249999999968,627.184438205466,40.693004068068525,0.0,1.0075757203700824,0.0,580.7325179939049
2026-05-27T13:30:00Z,2026-05-27T13:45:00Z,2026-05-27,2026-05-27_63,-36.999999999999964,37,0,63,144.4162057142857,152.92212091428567,0.0236275422222222,0.00444,0.0,True,True,True,False,-85.09999999999991,627.184438205466,40.693004068068525,0.0,0.42318180255543464,0.0,583.2006240760901
2026-05-27T13:45:00Z,2026-05-27T14:00:00Z,2026-05-27,2026-05-27_64,-35.20816993788818,37,0,63,152.92212091428567,161.01999999999995,0.022494108571428563,0.0,0.0,True,True,True,False,-89.95687419130431,627.184438205466,40.693004068068525,0.0,0.0,0.0,577.9205680822303
2026-05-27T14:00:00Z,2026-05-27T14:15:00Z,2026-05-27,2026-05-27_65,0.0,100,100,0,161.01999999999995,173.68259577639748,0.03522218633540373,0.008,13.773142857142858,True,True,True,False,0.0,0.0,109.98109207586089,70.188506273993,1.016092744322848,6961.628073110641,7142.813764204818
2026-05-27T14:15:00Z,2026-05-27T14:30:00Z,2026-05-27,2026-05-27_66,0.0,100,100,0,173.68259577639748,173.65757913043475,0.0013487287784679088,0.23485714285714285,0.2502857142857143,True,True,True,False,0.0,0.0,109.98109207586089,70.188506273993,29.82957985119218,-13.933379279861834,196.06579892118424
2026-05-27T14:30:00Z,2026-05-27T14:45:00Z,2026-05-27,2026-05-27_67,0.0,100,100,0,173.65757913043475,175.6716670807453,0.011619533471359559,0.9977142857142857,3.3680000000000003,True,True,True,False,0.0,0.0,109.98109207586089,70.188506273993,133.27609923795333,-15.784102828549058,297.66159475925815
2026-05-27T14:45:00Z,2026-05-27T15:00:00Z,2026-05-27,2026-05-27_68,0.0,100,100,0,175.6716670807453,166.8437167701863,0.02452208419599724,8.121714285714285,0.0,True,True,True,False,0.0,0.0,109.98109207586089,70.188506273993,1304.8257848425565,0.0,1484.9953831924104
2026-05-27T15:00:00Z,2026-05-27T15:15:00Z,2026-05-27,2026-05-27_69,-100.0,0,0,0,166.8437167701863,189.8437167701863,0.06388888888888888,0.0,0.0,True,False,True,False,-210.75,0.0,0.0,0.0,0.0,0.0,-210.75
2026-05-27T15:15:00Z,2026-05-27T15:30:00Z,2026-05-27,2026-05-27_70,-0.679492303537744,0,0,0,189.8437167701863,189.99999999999997,0.00043412008281578095,0.0,0.0,True,False,True,False,-19.00200226843301,0.0,0.0,0.0,0.0,0.0,-19.00200226843301
2026-05-27T15:30:00Z,2026-05-27T15:45:00Z,2026-05-27,2026-05-27_71,0.0,0,0,0,189.99999999999997,189.99999999999997,0.0,0.0,0.0,True,False,True,False,0.0,0.0,0.0,0.0,0.0,0.0,0.0
2026-05-27T15:45:00Z,2026-05-27T16:00:00Z,2026-05-27,2026-05-27_72,100.0,0,0,0,189.99999999999997,162.82608695652172,0.0754830917874396,0.0,0.0,True,False,True,False,5702.0,0.0,0.0,0.0,0.0,0.0,5702.0
2026-05-27T16:00:00Z,2026-05-27T16:15:00Z,2026-05-27,2026-05-27_73,-100.0,100,0,0,162.82608695652172,178.50551552795028,0.04355396825396825,7.957142857142857,0.0,True,True,True,False,-3289.0,0.0,110.64000458373918,0.0,2324.5224725998805,0.0,-853.8375228163803
2026-05-27T16:15:00Z,2026-05-27T16:30:00Z,2026-05-27,2026-05-27_74,-91.24110062042428,100,0,0,178.50551552795028,189.99999999999994,0.03730022087213384,10.154857142857143,0.0,True,True,True,False,-3359.9535303471243,0.0,110.64000458373918,0.0,2611.715837091727,0.0,-637.5976886716584
2026-05-27T16:30:00Z,2026-05-27T16:45:00Z,2026-05-27,2026-05-27_75,0.0,100,0,0,189.99999999999994,185.2770186335403,0.013119392684610074,4.345142857142857,0.0,True,True,True,False,0.0,0.0,110.64000458373918,0.0,832.0817036230638,0.0,942.721708206803
2026-05-27T16:45:00Z,2026-05-27T17:00:00Z,2026-05-27,2026-05-27_76,-6.015719323648266e-14,100,0,0,185.2770186335403,181.39999999999995,0.01076949620427884,3.566857142857143,0.0,True,True,True,False,-3.3430856211344327e-12,0.0,110.64000458373918,0.0,649.3895363056699,0.0,760.0295408894058
2026-05-27T17:00:00Z,2026-05-27T17:15:00Z,2026-05-27,2026-05-27_77,100.0,0,100,0,181.39999999999995,162.63043478260863,0.05213768115942029,0.0,7.732,True,True,True,False,5570.0,0.0,0.0,71.62092476938062,0.0,0.03248801543192192,5641.653412784813
2026-05-27T17:15:00Z,2026-05-27T17:30:00Z,2026-05-27,2026-05-27_78,100.0,0,100,0,162.63043478260863,142.80869565217384,0.05506038647342995,0.0,6.763999999999999,True,True,True,False,4916.75,0.0,0.0,71.62092476938062,0.0,-103.65162436257376,4884.719300406807
2026-05-27T17:30:00Z,2026-05-27T17:45:00Z,2026-05-27,2026-05-27_79,100.0,0,100,0,142.80869565217384,116.59813664596265,0.07280710835058661,0.0,0.8862857142857142,True,True,True,False,5422.25,0.0,0.0,71.62092476938062,0.0,-47.4236236095309,5446.447301159849
2026-05-27T17:45:00Z,2026-05-27T18:00:00Z,2026-05-27,2026-05-27_80,100.0,0,100,0,116.59813664596265,89.60186335403719,0.07498964803312629,0.0,0.16342857142857142,True,True,True,False,6944.0,0.0,0.0,71.62092476938062,0.0,-9.879033813261739,7005.741890956119
2026-05-27T18:00:00Z,2026-05-27T18:15:00Z,2026-05-27,2026-05-27_81,6.0,0,6,94,89.60186335403719,88.01339130434775,0.0044124223602484474,0.0,0.038605714285714285,True,True,True,False,305.625,935.7990030367271,0.0,4.297255486162837,0.0,-2.0489806451612904,1243.6722778777287
2026-05-27T18:15:00Z,2026-05-27T18:30:00Z,2026-05-27,2026-05-27_82,6.0,0,6,94,88.01339130434775,86.3878385093167,0.004515424430641822,0.0,0.0044914285714285716,True,True,True,False,387.0,935.7990030367271,0.0,4.297255486162837,0.0,-0.2676645750628218,1326.8285939478271
2026-05-27T18:30:00Z,2026-05-27T18:45:00Z,2026-05-27,2026-05-27_83,6.0,0,6,94,86.3878385093167,84.7682484472049,0.004498861283643893,0.0,0.009977142857142856,True,True,True,False,372.945,935.7990030367271,0.0,4.297255486162837,0.0,-0.5761890988859876,1312.465069424004
2026-05-27T18:45:00Z,2026-05-27T19:00:00Z,2026-05-27,2026-05-27_84,6.0,0,6,94,84.7682484472049,83.14411180124218,0.004511490683229813,0.0,0.0057942857142857145,True,True,True,False,305.625,935.7990030367271,0.0,4.297255486162837,0.0,-0.38386880028812076,1245.3373897226018
2026-05-27T19:00:00Z,2026-05-27T19:15:00Z,2026-05-27,2026-05-27_85,69.0,0,69,31,83.14411180124218,64.42754037267075,0.051990476190476184,0.0,0.030754285714285713,True,True,True,False,4226.0775,308.614564831261,0.0,49.41843809087263,0.0,-1.855048658028501,4582.2554542641055
2026-05-27T19:15:00Z,2026-05-27T19:30:00Z,2026-05-27,2026-05-27_86,69.0,0,69,31,64.42754037267075,45.67754037267075,0.05208333333333333,0.0,0.0,True,True,True,False,3918.3375,308.614564831261,0.0,49.41843809087263,0.0,0.0,4276.370502922134
2026-05-27T19:30:00Z,2026-05-27T19:45:00Z,2026-05-27,2026-05-27_87,69.0,0,69,31,45.67754037267075,26.927540372670748,0.052083333333333336,0.0,0.0,True,True,True,False,3445.6875,308.614564831261,0.0,49.41843809087263,0.0,0.0,3803.7205029221336
2026-05-27T19:45:00Z,2026-05-27T20:00:00Z,2026-05-27,2026-05-27_88,0.0,0,69,31,26.927540372670748,29.159497172670747,0.00619988,0.0,2.42604,True,True,True,False,0.0,308.614564831261,0.0,49.41843809087263,0.0,50.91028189995989,408.9432848220935
2026-05-27T20:00:00Z,2026-05-27T20:15:00Z,2026-05-27,2026-05-27_89,100.0,0,100,0,29.159497172670747,10.061360526708015,0.0530503795721187,0.0,7.429714285714287,True,True,True,False,4903.75,0.0,0.0,71.62092476938062,0.0,110.88024490263648,5086.251169672017
2026-05-27T20:15:00Z,2026-05-27T20:30:00Z,2026-05-27,2026-05-27_90,32.34767457710471,0,100,0,10.061360526708015,9.999999999999893,0.031158131813512572,0.0,8.961714285714285,True,True,True,False,1291.6426458637911,0.0,0.0,71.62092476938062,0.0,65.91333240567182,1429.1769030388436
2026-05-27T20:30:00Z,2026-05-27T20:45:00Z,2026-05-27,2026-05-27_91,9.185110860026991e-14,0,100,0,9.999999999999893,18.873005714285586,0.024647238095238118,0.0,9.644571428571428,True,True,True,False,3.4444165725101213e-12,0.0,0.0,71.62092476938062,0.0,112.36803431256189,183.98895908194595
2026-05-27T20:45:00Z,2026-05-27T21:00:00Z,2026-05-27,2026-05-27_92,48.92889839161453,0,100,0,18.873005714285586,9.999999999999897,0.03617283460183342,0.0,4.4154285714285715,True,True,True,False,1909.2056152407993,0.0,0.0,71.62092476938062,0.0,-9.07811237254886,1971.748427637631
2026-05-27T21:00:00Z,2026-05-27T21:15:00Z,2026-05-28,2026-05-27_93,-97.31320812910873,100,2,0,9.999999999999897,19.614300289946918,0.02894853512582367,13.81942857142857,0.008834285714285715,True,True,True,False,-4361.821271366975,0.0,109.16534651575593,1.3702212127574294,4660.818770664565,-0.1862377973066195,409.3468292287962
2026-05-27T21:15:00Z,2026-05-27T21:30:00Z,2026-05-28,2026-05-27_94,-5.158853827494867,100,2,0,19.614300289946918,10.743897288592033,0.028772771051497163,9.326285714285715,0.0,True,True,True,False,-198.37082680174638,0.0,109.16534651575593,1.3702212127574294,1916.5532273395302,0.0,1828.7179682662972
2026-05-27T21:30:00Z,2026-05-27T21:45:00Z,2026-05-28,2026-05-27_95,0.0,100,2,0,10.743897288592033,10.575716478654144,0.0008647841545893719,0.22057142857142856,0.07779428571428572,True,True,True,False,0.0,0.0,109.16534651575593,1.3702212127574294,37.501857990843924,-0.8838552194813375,147.15357049987594
2026-05-27T21:45:00Z,2026-05-27T22:00:00Z,2026-05-28,2026-05-27_96,0.0,100,2,0,10.575716478654144,10.66152356436843,0.0002383530158730159,0.0,0.09326857142857142,True,True,True,False,0.0,0.0,109.16534651575593,1.3702212127574294,0.0,-4.474392066551966,106.06117566196139
2026-05-27T22:00:00Z,2026-05-27T22:15:00Z,2026-05-28,2026-05-28_1,-77.2996089437149,100,0,0,10.66152356436843,26.382317515527937,0.04661412641269746,2.1485714285714286,0.0,True,True,True,False,-2739.8846390099748,0.0,109.16534651575593,0.0,368.4279393921217,0.0,-2262.291353102097
2026-05-27T22:15:00Z,2026-05-27T22:30:00Z,2026-05-28,2026-05-28_2,-100.0,100,0,0,26.382317515527937,42.71047751552794,0.045356,7.252,0.0,True,True,True,False,-3440.2500000000005,0.0,109.16534651575593,0.0,1334.0396785830167,0.0,-1997.0449749012278
2026-05-27T22:30:00Z,2026-05-27T22:45:00Z,2026-05-28,2026-05-28_3,-100.00000000000001,100,0,0,42.71047751552794,57.478843229813656,0.0410232380952381,8.94742857142857,0.0,True,True,True,False,-3335.0000000000005,0.0,109.16534651575593,0.0,1969.822688636159,0.0,-1256.0119648480854
2026-05-27T22:45:00Z,2026-05-27T23:00:00Z,2026-05-28,2026-05-28_4,-99.99999999999999,100,0,0,57.478843229813656,64.34782608695652,0.01908050793650794,17.533714285714286,0.0,True,True,True,False,-3325.7499999999995,0.0,109.16534651575593,0.0,15929.151694092177,0.0,12712.567040607933
2026-05-27T23:00:00Z,2026-05-27T23:15:00Z,2026-05-28,2026-05-28_5,0.0,0,0,100,64.34782608695652,64.34782608695652,0.0,0.0,0.0,True,False,True,False,0.0,994.8848128566793,0.0,0.0,0.0,0.0,994.8848128566793
2026-05-27T23:15:00Z,2026-05-27T23:30:00Z,2026-05-28,2026-05-28_6,0.0,0,0,100,64.34782608695652,64.34782608695652,0.0,0.0,0.0,True,False,True,False,0.0,994.8848128566793,0.0,0.0,0.0,0.0,994.8848128566793
2026-05-27T23:30:00Z,2026-05-27T23:45:00Z,2026-05-28,2026-05-28_7,0.0,0,0,100,64.34782608695652,64.34782608695652,0.0,0.0,0.0,True,False,True,False,0.0,994.8848128566793,0.0,0.0,0.0,0.0,994.8848128566793
2026-05-27T23:45:00Z,2026-05-28T00:00:00Z,2026-05-28,2026-05-28_8,0.0,0,0,100,64.34782608695652,64.34782608695652,0.0,0.0,0.0,True,False,True,False,0.0,994.8848128566793,0.0,0.0,0.0,0.0,994.8848128566793
2026-05-28T00:00:00Z,2026-05-28T00:15:00Z,2026-05-28,2026-05-28_9,0.0,0,0,100,64.34782608695652,64.34782608695652,0.0,0.0,0.0,True,False,True,False,0.0,994.8848128566793,0.0,0.0,0.0,0.0,994.8848128566793
2026-05-28T00:15:00Z,2026-05-28T00:30:00Z,2026-05-28,2026-05-28_10,0.0,0,0,100,64.34782608695652,64.34782608695652,0.0,0.0,0.0,True,False,True,False,0.0,994.8848128566793,0.0,0.0,0.0,0.0,994.8848128566793
2026-05-28T00:30:00Z,2026-05-28T00:45:00Z,2026-05-28,2026-05-28_11,0.0,0,0,100,64.34782608695652,64.34782608695652,0.0,0.0,0.0,True,False,True,False,0.0,994.8848128566793,0.0,0.0,0.0,0.0,994.8848128566793
2026-05-28T00:45:00Z,2026-05-28T01:00:00Z,2026-05-28,2026-05-28_12,0.0,0,0,100,64.34782608695652,64.34782608695652,0.0,0.0,0.0,True,False,True,False,0.0,994.8848128566793,0.0,0.0,0.0,0.0,994.8848128566793
2026-05-28T01:00:00Z,2026-05-28T01:15:00Z,2026-05-28,2026-05-28_13,0.0,0,0,100,64.34782608695652,64.34782608695652,0.0,0.0,0.0,True,True,True,False,0.0,994.8848128566793,0.0,0.0,0.0,0.0,994.8848128566793
2026-05-28T01:15:00Z,2026-05-28T01:30:00Z,2026-05-28,2026-05-28_14,0.0,0,0,100,64.34782608695652,64.34782608695652,0.0,0.0,0.0,True,True,True,False,0.0,994.8848128566793,0.0,0.0,0.0,0.0,994.8848128566793
2026-05-28T01:30:00Z,2026-05-28T01:45:00Z,2026-05-28,2026-05-28_15,0.0,0,0,100,64.34782608695652,64.34782608695652,0.0,0.0,0.0,True,True,True,False,0.0,994.8848128566793,0.0,0.0,0.0,0.0,994.8848128566793
2026-05-28T01:45:00Z,2026-05-28T02:00:00Z,2026-05-28,2026-05-28_16,0.0,0,0,100,64.34782608695652,64.34782608695652,0.0,0.0,0.0,True,True,True,False,0.0,994.8848128566793,0.0,0.0,0.0,0.0,994.8848128566793
2026-05-28T02:00:00Z,2026-05-28T02:15:00Z,2026-05-28,2026-05-28_17,0.0,100,100,0,64.34782608695652,78.78131180124223,0.04009301587301587,0.0,15.688571428571427,True,True,True,False,0.0,0.0,109.16534651575593,98.2574007978165,0.0,356.2260629146205,563.6488102281929
2026-05-28T02:15:00Z,2026-05-28T02:30:00Z,2026-05-28,2026-05-28_18,0.0,100,100,0,78.78131180124223,88.47495751552793,0.02692679365079365,0.0,10.536571428571428,True,True,True,False,0.0,0.0,109.16534651575593,98.2574007978165,0.0,6683.5282730790095,6890.951020392582
2026-05-28T02:30:00Z,2026-05-28T02:45:00Z,2026-05-28,2026-05-28_19,0.0,100,100,0,88.47495751552793,105.62586037267079,0.04764139682539684,0.0,18.642285714285716,True,True,True,False,0.0,0.0,109.16534651575593,98.2574007978165,0.0,13948.292456516821,14155.715203830394
2026-05-28T02:45:00Z,2026-05-28T03:00:00Z,2026-05-28,2026-05-28_20,0.0,100,100,0,105.62586037267079,106.41475378881985,0.0046896452726017945,0.41371428571428565,1.3462857142857143,True,True,True,False,0.0,0.0,109.16534651575593,98.2574007978165,70.66765582097933,-66.53852624805386,211.5518768864979
2026-05-28T03:00:00Z,2026-05-28T03:15:00Z,2026-05-28,2026-05-28_21,0.0,100,100,0,106.41475378881985,109.30274881987576,0.009078109040717737,0.17485714285714285,3.345714285714286,True,True,True,False,0.0,0.0,106.64592598247857,68.48243085908423,29.811819572407433,-31.99607090369215,172.9441055102781
2026-05-28T03:15:00Z,2026-05-28T03:30:00Z,2026-05-28,2026-05-28_22,0.0,100,100,0,109.30274881987576,105.81087801242235,0.009831069703243616,3.2342857142857144,0.025714285714285714,True,True,True,False,0.0,0.0,106.64592598247857,68.48243085908423,578.4422433749329,-1.7882454308236377,751.782354785672
2026-05-28T03:30:00Z,2026-05-28T03:45:00Z,2026-05-28,2026-05-28_23,0.0,100,100,0,105.81087801242235,88.7649152795031,0.04734989648033125,15.682285714285712,0.0,True,True,True,False,0.0,0.0,106.64592598247857,68.48243085908423,8091.141114052857,0.0,8266.26947089442
2026-05-28T03:45:00Z,2026-05-28T04:00:00Z,2026-05-28,2026-05-28_24,0.0,100,100,0,88.7649152795031,71.58479105590061,0.04772256728778468,15.805714285714286,0.0,True,True,True,False,0.0,0.0,106.64592598247857,68.48243085908423,4496.711082996366,0.0,4671.839439837929
2026-05-28T04:00:00Z,2026-05-28T04:15:00Z,2026-05-28,2026-05-28_25,0.0,100,100,0,71.58479105590061,45.848145093167695,0.07149068322981365,23.677714285714284,0.0,True,True,True,False,0.0,0.0,106.64592598247857,68.48243085908423,23038.366740158854,0.0,23213.495097000417
2026-05-28T04:15:00Z,2026-05-28T04:30:00Z,2026-05-28,2026-05-28_26,0.0,100,100,0,45.848145093167695,38.95983801242235,0.019803011732229127,6.448000000000001,0.13085714285714287,True,True,True,False,0.0,0.0,106.64592598247857,68.48243085908423,4648.434125169394,-6.523875326856641,4817.0386066841
2026-05-28T04:30:00Z,2026-05-28T04:45:00Z,2026-05-28,2026-05-28_27,0.0,100,100,0,38.95983801242235,42.25540074534161,0.009216452726017944,0.010285714285714285,3.5942857142857143,True,True,True,False,0.0,0.0,106.64592598247857,68.48243085908423,1.6677255140408613,-127.40632527246008,49.389757083143586
2026-05-28T04:45:00Z,2026-05-28T05:00:00Z,2026-05-28,2026-05-28_28,0.0,100,100,0,42.25540074534161,44.09164720496894,0.005521664596273292,0.06971428571428571,2.0782857142857143,True,True,True,False,0.0,0.0,106.64592598247857,68.48243085908423,11.821756123364354,-84.01680137204806,102.9333115928791
2026-05-28T05:00:00Z,2026-05-28T05:15:00Z,2026-05-28,2026-05-28_29,86.0,14,100,0,44.09164720496894,21.132387398757768,0.0640607172394755,0.01224,0.3982857142857143,True,True,True,False,3318.7400000000002,0.0,15.487565132746742,67.8525757257649,2.1002347641860553,-24.547028256228337,3379.6333473664695
2026-05-28T05:15:00Z,2026-05-28T05:30:00Z,2026-05-28,2026-05-28_30,86.0,14,100,0,21.132387398757768,10.030555209937893,0.03910043163561076,0.01168,11.546285714285714,True,True,True,False,3151.2549999999997,0.0,15.487565132746742,67.8525757257649,2.004145591968393,13480.055521266471,16716.65480771695
2026-05-28T05:30:00Z,2026-05-28T05:45:00Z,2026-05-28,2026-05-28_31,31.37511708723516,14,100,0,10.030555209937893,10.000000000000007,0.030728347585224303,0.0,8.736571428571429,True,True,True,False,1080.4805946916608,0.0,15.487565132746742,67.8525757257649,0.0,2819.7683236855523,3983.589059235725
2026-05-28T05:45:00Z,2026-05-28T06:00:00Z,2026-05-28,2026-05-28_32,0.0,14,100,0,10.000000000000007,16.28438857142858,0.01745663492063492,0.0,6.830857142857143,True,True,True,False,0.0,0.0,15.487565132746742,67.8525757257649,0.0,53.83538891509498,137.17552977360663
2026-05-28T06:00:00Z,2026-05-28T06:15:00Z,2026-05-28,2026-05-28_33,43.00000000000003,57,100,0,16.28438857142858,25.895348849689444,0.03585798144927536,0.0,21.471999999999998,True,True,True,False,1558.965000000001,0.0,63.02387723550854,67.27998015002004,0.0,3245.15184547554,4934.42070286107
2026-05-28T06:15:00Z,2026-05-28T06:30:00Z,2026-05-28,2026-05-28_34,42.055641786484,57,100,0,25.895348849689444,23.792743850931686,0.03373207706955253,0.0,9.417714285714286,True,True,True,False,1377.0068511939523,0.0,63.02387723550854,67.27998015002004,0.0,140.36066606498687,1647.6713746444677
2026-05-28T06:30:00Z,2026-05-28T06:45:00Z,2026-05-28,2026-05-28_35,0.0,57,100,0,23.792743850931686,24.78410906832299,0.006504620427881298,0.6211371428571428,1.8114285714285714,True,True,True,False,0.0,0.0,63.02387723550854,67.27998015002004,111.19662501806403,-58.54047023729996,182.96001216629264
2026-05-28T06:45:00Z,2026-05-28T07:00:00Z,2026-05-28,2026-05-28_36,0.0,57,100,0,24.78410906832299,21.51457490683231,0.009082039337474118,3.007971428571428,0.0,True,True,True,False,0.0,0.0,63.02387723550854,67.27998015002004,592.3297589754355,0.0,722.6336163609641
2026-05-28T07:00:00Z,2026-05-28T07:15:00Z,2026-05-28,2026-05-28_37,0.0,100,100,0,21.51457490683231,14.003769440993796,0.021631475500345065,7.037142857142857,0.1502857142857143,True,True,True,False,0.0,0.0,110.39642700360736,67.27998015002004,1392.139544813784,-8.698115942424153,1561.1178360249871
2026-05-28T07:15:00Z,2026-05-28T07:30:00Z,2026-05-28,2026-05-28_38,0.0,100,100,0,14.003769440993796,10.823551801242244,0.008874826777087645,2.9325714285714284,0.008,True,True,True,False,0.0,0.0,110.39642700360736,67.27998015002004,372.78802326374023,-0.6107686141278414,549.8536618032398
2026-05-28T07:30:00Z,2026-05-28T07:45:00Z,2026-05-28,2026-05-28_39,0.0,100,100,0,10.823551801242244,10.000000000000009,0.0023431359558316084,0.7668571428571429,0.010857142857142857,True,True,True,False,0.0,0.0,110.39642700360736,67.27998015002004,65.71848474850785,-0.828900262030642,242.5659916401046
2026-05-28T07:45:00Z,2026-05-28T08:00:00Z,2026-05-28,2026-05-28_40,0.0,100,100,0,10.000000000000009,15.435790310559014,0.015102868184955138,0.0005714285714285715,5.909142857142856,True,True,True,False,0.0,0.0,110.39642700360736,67.27998015002004,0.04897055495417873,1877.3182078303805,2055.043585538962
2026-05-28T08:00:00Z,2026-05-28T08:15:00Z,2026-05-28,2026-05-28_41,0.0,90,21,10,15.435790310559014,16.678150966459636,0.006423051511387163,0.4921714285714286,1.9318799999999998,True,True,True,False,0.0,99.48848128566794,100.67089114958105,14.12879583150421,60.83600707837197,122.28701211993967,397.41118746506487
2026-05-28T08:15:00Z,2026-05-28T08:30:00Z,2026-05-28,2026-05-28_42,-68.66333898611518,90,21,10,16.678150966459636,32.41508128198757,0.04412084416634496,0.28440000000000004,0.23616,True,True,True,False,-198.78036636480346,99.48848128566794,100.67089114958105,14.12879583150421,24.372645200694752,-8.906585108697726,30.973861993946777
2026-05-28T08:30:00Z,2026-05-28T08:45:00Z,2026-05-28,2026-05-28_43,-69.0,90,21,10,32.41508128198757,47.84625839503104,0.04357452579710146,0.504,0.04836,True,True,True,False,-109.02000000000001,99.48848128566794,100.67089114958105,14.12879583150421,43.192029469585634,-2.5675391292729945,145.89265860706584
2026-05-28T08:45:00Z,2026-05-28T09:00:00Z,2026-05-28,2026-05-28_44,-69.0,90,21,10,47.84625839503104,64.34782608695652,0.0458536300621118,0.011314285714285712,0.69828,True,True,True,False,-43.2975,99.48848128566794,100.67089114958105,14.12879583150421,0.9696169880927386,-11.450656477010288,160.50962877783564
2026-05-28T09:00:00Z,2026-05-28T09:15:00Z,2026-05-28,2026-05-28_45,0.0,0,0,100,64.34782608695652,64.34782608695652,0.0,0.0,0.0,True,True,True,False,0.0,994.8848128566793,0.0,0.0,0.0,0.0,994.8848128566793
2026-05-28T09:15:00Z,2026-05-28T09:30:00Z,2026-05-28,2026-05-28_46,0.0,0,0,100,64.34782608695652,64.34782608695652,0.0,0.0,0.0,True,True,True,False,0.0,994.8848128566793,0.0,0.0,0.0,0.0,994.8848128566793
2026-05-28T09:30:00Z,2026-05-28T09:45:00Z,2026-05-28,2026-05-28_47,0.0,0,0,100,64.34782608695652,64.34782608695652,0.0,0.0,0.0,True,True,True,False,0.0,994.8848128566793,0.0,0.0,0.0,0.0,994.8848128566793
2026-05-28T09:45:00Z,2026-05-28T10:00:00Z,2026-05-28,2026-05-28_48,0.0,0,0,100,64.34782608695652,64.34782608695652,0.0,0.0,0.0,True,True,True,False,0.0,994.8848128566793,0.0,0.0,0.0,0.0,994.8848128566793
2026-05-28T10:00:00Z,2026-05-28T10:15:00Z,2026-05-28,2026-05-28_49,0.0,0,0,100,64.34782608695652,64.34782608695652,0.0,0.0,0.0,True,True,True,False,0.0,994.8848128566793,0.0,0.0,0.0,0.0,994.8848128566793
2026-05-28T10:15:00Z,2026-05-28T10:30:00Z,2026-05-28,2026-05-28_50,0.0,0,0,100,64.34782608695652,64.34782608695652,0.0,0.0,0.0,True,True,True,False,0.0,994.8848128566793,0.0,0.0,0.0,0.0,994.8848128566793
2026-05-28T10:30:00Z,2026-05-28T10:45:00Z,2026-05-28,2026-05-28_51,0.0,0,0,100,64.34782608695652,64.34782608695652,0.0,0.0,0.0,True,True,True,False,0.0,994.8848128566793,0.0,0.0,0.0,0.0,994.8848128566793
2026-05-28T10:45:00Z,2026-05-28T11:00:00Z,2026-05-28,2026-05-28_52,0.0,0,0,100,64.34782608695652,64.34782608695652,0.0,0.0,0.0,True,True,True,False,0.0,994.8848128566793,0.0,0.0,0.0,0.0,994.8848128566793
2026-05-28T11:00:00Z,2026-05-28T11:15:00Z,2026-05-28,2026-05-28_53,-100.0,100,0,0,64.34782608695652,87.33468322981365,0.06385238095238095,0.014285714285714287,0.0,True,True,True,False,-0.5,0.0,111.91380527933123,0.0,1.2242638738544682,0.0,112.6380691531857
2026-05-28T11:15:00Z,2026-05-28T11:30:00Z,2026-05-28,2026-05-28_54,-100.0,100,0,0,87.33468322981365,110.20640894409937,0.06353257142857142,0.13942857142857143,0.0,True,True,True,False,-0.5,0.0,111.91380527933123,0.0,11.868713105076742,0.0,123.28251838440796
2026-05-28T11:30:00Z,2026-05-28T11:45:00Z,2026-05-28,2026-05-28_55,-100.0,100,0,0,110.20640894409937,125.61772322981365,0.042809206349206354,8.248571428571429,0.0,True,True,True,False,-0.25,0.0,111.91380527933123,0.0,2665.008213747202,0.0,2776.6720190265332
2026-05-28T11:45:00Z,2026-05-28T12:00:00Z,2026-05-28,2026-05-28_56,-100.0,100,0,0,125.61772322981365,127.79260322981365,0.006041333333333332,22.636,0.0,True,True,True,False,-0.25,0.0,111.91380527933123,0.0,6930.18985513332,0.0,7041.853660412651
2026-05-28T12:00:00Z,2026-05-28T12:15:00Z,2026-05-28,2026-05-28_57,-21.999999999999954,100,78,0,127.79260322981365,128.78672795031054,0.020996447204968925,3.8714285714285714,0.0,True,True,True,False,-0.05499999999999988,0.0,111.54161815509707,74.78728074361078,550.3135996902531,0.0,736.587498588961
2026-05-28T12:15:00Z,2026-05-28T12:30:00Z,2026-05-28,2026-05-28_58,-22.0,100,78,0,128.78672795031054,127.08387207950308,0.0256004866252588,6.439428571428571,0.0,True,True,True,False,-0.055,0.0,111.54161815509707,74.78728074361078,989.2210030238497,0.0,1175.4949019225576
2026-05-28T12:30:00Z,2026-05-28T12:45:00Z,2026-05-28,2026-05-28_59,-22.0,100,78,0,127.08387207950308,122.1265155975155,0.03115627340234644,9.538285714285715,0.0,True,True,True,False,-0.055,0.0,111.54161815509707,74.78728074361078,1561.3893171116101,0.0,1747.663216010318
2026-05-28T12:45:00Z,2026-05-28T13:00:00Z,2026-05-28,2026-05-28_60,-22.0,100,78,0,122.1265155975155,119.04036193788818,0.027961926514837816,7.756571428571428,0.0,True,True,True,False,-0.11,0.0,111.54161815509707,74.78728074361078,1219.2442602201493,0.0,1405.4631591188572
2026-05-28T13:00:00Z,2026-05-28T13:15:00Z,2026-05-28,2026-05-28_61,-100.00000000000001,100,0,0,119.04036193788818,141.0330933664596,0.06109092063492065,1.0948571428571428,0.0,True,True,True,False,-0.25000000000000006,0.0,109.90972076422422,0.0,140.57649751466252,0.0,250.23621827888672
2026-05-28T13:15:00Z,2026-05-28T13:30:00Z,2026-05-28,2026-05-28_62,-100.00000000000003,100,0,0,141.0330933664596,160.89510479503105,0.05517225396825399,3.410857142857143,0.0,True,True,True,False,-0.25000000000000006,0.0,109.90972076422422,0.0,509.5563941747944,0.0,619.2161149390186
2026-05-28T13:30:00Z,2026-05-28T13:45:00Z,2026-05-28,2026-05-28_63,-100.0,100,0,0,160.89510479503105,170.2764762236025,0.026059365079365078,14.802857142857142,0.0,True,True,True,False,-21.0,0.0,109.90972076422422,0.0,3222.2327584655527,0.0,3311.142479229777
2026-05-28T13:45:00Z,2026-05-28T14:00:00Z,2026-05-28,2026-05-28_64,0.0,100,0,0,170.2764762236025,159.3298923726708,0.030407177363699103,10.070857142857143,0.0,True,True,True,False,0.0,0.0,109.90972076422422,0.0,1706.465637121644,0.0,1816.3753578858682
2026-05-28T14:00:00Z,2026-05-28T14:15:00Z,2026-05-28,2026-05-28_65,-63.34829403186599,0,0,35,159.3298923726708,173.89999999999998,0.0404725211870255,0.0,0.0,True,False,True,False,-44.97728876262485,348.2096844998378,0.0,0.0,0.0,0.0,303.232395737213
2026-05-28T14:15:00Z,2026-05-28T14:30:00Z,2026-05-28,2026-05-28_66,0.0,0,0,35,173.89999999999998,173.89999999999998,0.0,0.0,0.0,True,False,True,False,0.0,348.2096844998378,0.0,0.0,0.0,0.0,348.2096844998378
2026-05-28T14:30:00Z,2026-05-28T14:45:00Z,2026-05-28,2026-05-28_67,0.0,0,0,35,173.89999999999998,173.89999999999998,0.0,0.0,0.0,True,False,True,False,0.0,348.2096844998378,0.0,0.0,0.0,0.0,348.2096844998378
2026-05-28T14:45:00Z,2026-05-28T15:00:00Z,2026-05-28,2026-05-28_68,0.0,0,0,35,173.89999999999998,173.89999999999998,0.0,0.0,0.0,True,False,True,False,0.0,348.2096844998378,0.0,0.0,0.0,0.0,348.2096844998378
2026-05-28T15:00:00Z,2026-05-28T15:15:00Z,2026-05-28,2026-05-28_69,0.0,79,100,0,173.89999999999998,189.45139950310556,0.04321741407867496,0.00316,16.907428571428575,True,True,True,False,0.0,0.0,87.39411753478518,67.7953161681904,0.542217471799668,10568.632135917831,10724.363787092607
2026-05-28T15:15:00Z,2026-05-28T15:30:00Z,2026-05-28,2026-05-28_70,0.3505223427430841,79,100,0,189.45139950310556,189.84272627908197,0.0017651706716777418,0.026634285714285715,0.5599999999999999,True,True,True,False,8.446712154251468,0.0,87.39411753478518,67.7953161681904,4.321024346218551,-42.86068749642127,125.09648270702432
2026-05-28T15:30:00Z,2026-05-28T15:45:00Z,2026-05-28,2026-05-28_71,0.2793436207713527,79,100,0,189.84272627908197,189.81224546383538,0.0009584118252299693,0.10337714285714286,0.17142857142857143,True,True,True,False,8.001798016995398,0.0,87.39411753478518,67.7953161681904,17.25273415805274,-13.120618621353453,167.32334725667027
2026-05-28T15:45:00Z,2026-05-28T16:00:00Z,2026-05-28,2026-05-28_72,20.999999999999986,79,100,0,189.81224546383538,183.243467366941,0.018405809634230493,0.82792,0.03942857142857143,True,True,True,False,730.4849999999994,0.0,87.39411753478518,67.7953161681904,141.5192812474949,-3.017742282911294,1024.1759726675587
2026-05-28T16:00:00Z,2026-05-28T16:15:00Z,2026-05-28,2026-05-28_73,0.0,95,96,4,183.243467366941,183.67036955824534,0.002002092008281574,0.13517142857142855,0.6237257142857143,True,True,True,False,0.0,39.79539251426717,105.09419197221003,65.6057106865421,23.219568590133356,-47.7380587919324,185.97680497122025
2026-05-28T16:15:00Z,2026-05-28T16:30:00Z,2026-05-28,2026-05-28_74,1.0,95,96,4,183.67036955824534,187.76280712346272,0.012579717874396138,0.0,4.73472,True,True,True,False,33.2925,39.79539251426717,105.09419197221003,65.6057106865421,0.0,-227.62948320577175,16.158311967247542
2026-05-28T16:30:00Z,2026-05-28T16:45:00Z,2026-05-28,2026-05-28_75,0.36330022836575937,95,96,4,187.76280712346272,188.04889827446837,0.0014119294501914231,0.013028571428571428,0.43337142857142863,True,True,True,False,13.37671440842726,39.79539251426717,105.09419197221003,65.6057106865421,2.2380307074827335,-33.165118960820834,192.94492132810845
2026-05-28T16:45:00Z,2026-05-28T17:00:00Z,2026-05-28,2026-05-28_76,0.373391855025428,95,96,4,188.04889827446837,187.9268734530596,0.0009561896457556105,0.12160000000000001,0.12123428571428571,True,True,True,False,15.430418408925812,39.79539251426717,105.09419197221003,65.6057106865421,20.888286603172183,-9.27890148902116,237.53509869609613
2026-05-28T17:00:00Z,2026-05-28T17:15:00Z,2026-05-28,2026-05-28_77,0.0,0,100,0,187.9268734530596,189.43672488163105,0.004194031746031746,0.0,1.641142857142857,True,True,True,False,0.0,0.0,0.0,68.22476284999904,0.0,-82.64978734890975,-14.425024498910716
2026-05-28T17:15:00Z,2026-05-28T17:30:00Z,2026-05-28,2026-05-28_78,0.051563803364772155,0,100,0,189.43672488163105,189.98633142857145,0.001602621360548753,0.0,0.6125714285714287,True,True,True,False,2.162714822626956,0.0,0.0,68.22476284999904,0.0,-33.50827564205688,36.87920203056912
2026-05-28T17:30:00Z,2026-05-28T17:45:00Z,2026-05-28,2026-05-28_79,0.0,0,100,0,189.98633142857145,190.00000000000003,3.796825396825397e-05,0.0,0.014857142857142857,True,True,True,False,0.0,0.0,0.0,68.22476284999904,0.0,-1.1342845690945627,67.09047828090448
2026-05-28T17:45:00Z,2026-05-28T18:00:00Z,2026-05-28,2026-05-28_80,100.0,0,100,0,190.00000000000003,162.83167701863357,0.07546756383712906,0.0,0.005142857142857143,True,True,True,False,7812.25,0.0,0.0,68.22476284999904,0.0,-0.3075652963454769,7880.167197553654
2026-05-28T18:00:00Z,2026-05-28T18:15:00Z,2026-05-28,2026-05-28_81,-99.99999999999984,0,0,0,162.83167701863357,185.83167701863354,0.06388888888888879,0.0,0.0,True,False,True,False,-4593.749999999993,0.0,0.0,0.0,0.0,0.0,-4593.749999999993
2026-05-28T18:15:00Z,2026-05-28T18:30:00Z,2026-05-28,2026-05-28_82,100.0,0,0,0,185.83167701863354,158.6577639751553,0.0754830917874396,0.0,0.0,True,False,True,False,5964.75,0.0,0.0,0.0,0.0,0.0,5964.75
2026-05-28T18:30:00Z,2026-05-28T18:45:00Z,2026-05-28,2026-05-28_83,100.0,0,0,0,158.6577639751553,131.48385093167704,0.0754830917874396,0.0,0.0,True,False,True,False,9440.0,0.0,0.0,0.0,0.0,0.0,9440.0
2026-05-28T18:45:00Z,2026-05-28T19:00:00Z,2026-05-28,2026-05-28_84,100.0,0,0,0,131.48385093167704,104.30993788819879,0.0754830917874396,0.0,0.0,True,False,True,False,9502.5,0.0,0.0,0.0,0.0,0.0,9502.5
2026-05-28T19:00:00Z,2026-05-28T19:15:00Z,2026-05-28,2026-05-28_85,100.00000000000006,0,0,0,104.30993788819879,77.13602484472051,0.07548309178743966,0.0,0.0,True,False,True,False,8990.500000000005,0.0,0.0,0.0,0.0,0.0,8990.500000000005
2026-05-28T19:15:00Z,2026-05-28T19:30:00Z,2026-05-28,2026-05-28_86,100.0,0,0,0,77.13602484472051,49.96211180124225,0.0754830917874396,0.0,0.0,True,False,True,False,9205.5,0.0,0.0,0.0,0.0,0.0,9205.5
2026-05-28T19:30:00Z,2026-05-28T19:45:00Z,2026-05-28,2026-05-28_87,100.00000000000001,0,0,0,49.96211180124225,22.788198757763986,0.07548309178743963,0.0,0.0,True,False,True,False,7003.250000000001,0.0,0.0,0.0,0.0,0.0,7003.250000000001
2026-05-28T19:45:00Z,2026-05-28T20:00:00Z,2026-05-28,2026-05-28_88,-78.56206535241711,0,0,0,22.788198757763986,40.85747378881992,0.050192430641822036,0.0,0.0,True,False,True,False,-3729.5376474426207,0.0,0.0,0.0,0.0,0.0,-3729.5376474426207
2026-05-28T20:00:00Z,2026-05-28T20:15:00Z,2026-05-28,2026-05-28_89,0.0,100,100,0,40.85747378881992,20.079212919254697,0.05771739130434783,19.116000000000003,0.0,True,True,True,False,0.0,0.0,109.13671673696867,68.22476284999904,9453.603208825607,0.0,9630.964688412574
2026-05-28T20:15:00Z,2026-05-28T20:30:00Z,2026-05-28,2026-05-28_90,0.0,100,100,0,20.079212919254697,10.000000000000037,0.028064988267770877,9.284,0.013142857142857144,True,True,True,False,0.0,0.0,109.13671673696867,68.22476284999904,2428.3543900902796,-0.9174613838817072,2604.798408293366
2026-05-28T20:30:00Z,2026-05-28T20:45:00Z,2026-05-28,2026-05-28_91,0.0,100,100,0,10.000000000000037,17.554761739130473,0.021147630089717047,0.026857142857142857,8.243428571428572,True,True,True,False,0.0,0.0,109.13671673696867,68.22476284999904,4.384445359385523,239.71285477067545,421.4587797170287
2026-05-28T20:45:00Z,2026-05-28T21:00:00Z,2026-05-28,2026-05-28_92,0.0,100,100,0,17.554761739130473,26.560773167701903,0.025016698412698418,0.0,9.789142857142858,True,True,True,False,0.0,0.0,109.13671673696867,68.22476284999904,0.0,-104.12069627622012,73.24078331074759
2026-05-28T21:00:00Z,2026-05-28T21:15:00Z,2026-05-29,2026-05-28_93,5.861479779805981e-14,100,0,0,26.560773167701903,20.642139627329218,0.016440648723257463,5.445142857142858,0.0,True,True,True,False,2.5929721175916707e-12,0.0,108.97606889718772,0.0,1559.3906020882555,0.0,1668.3666709854458
2026-05-28T21:15:00Z,2026-05-28T21:30:00Z,2026-05-29,2026-05-28_94,-95.66939706686773,100,0,0,20.642139627329218,42.13744894409943,0.059852649372526205,0.5485714285714286,0.0,True,True,True,False,-4006.156002175086,0.0,108.97606889718772,0.0,92.73620695286726,0.0,-3804.443726325031
2026-05-28T21:30:00Z,2026-05-28T21:45:00Z,2026-05-29,2026-05-28_95,-100.0,100,0,0,42.13744894409943,57.77955180124229,0.04345028571428571,7.997714285714286,0.0,True,True,True,False,-3921.0,0.0,108.97606889718772,0.0,1739.0959922479776,0.0,-2072.927938854835
2026-05-28T21:45:00Z,2026-05-28T22:00:00Z,2026-05-29,2026-05-28_96,-100.0,100,0,0,57.77955180124229,64.34782608695657,0.01824520634920635,17.86057142857143,0.0,True,True,True,False,-3621.5000000000005,0.0,108.97606889718772,0.0,9608.398020185743,0.0,6095.87408908293
2026-05-28T22:00:00Z,2026-05-28T22:15:00Z,2026-05-29,2026-05-29_1,6.178632484870436e-14,0,0,100,64.34782608695657,64.34782608695656,4.663822829763312e-17,0.0,0.0,True,False,True,False,2.529223207681713e-12,993.1598201356603,0.0,0.0,0.0,0.0,993.1598201356628
2026-05-28T22:15:00Z,2026-05-28T22:30:00Z,2026-05-29,2026-05-29_2,0.0,0,0,100,64.34782608695656,64.34782608695656,0.0,0.0,0.0,True,False,True,False,0.0,993.1598201356603,0.0,0.0,0.0,0.0,993.1598201356603
2026-05-28T22:30:00Z,2026-05-28T22:45:00Z,2026-05-29,2026-05-29_3,-3.3364615418300353e-14,0,0,100,64.34782608695656,64.34782608695657,2.1316282072803003e-17,0.0,0.0,True,False,True,False,-1.1487437088520811e-12,993.1598201356603,0.0,0.0,0.0,0.0,993.1598201356592
2026-05-28T22:45:00Z,2026-05-28T23:00:00Z,2026-05-29,2026-05-29_4,-2.842170943040401e-14,0,0,100,64.34782608695657,64.34782608695657,1.8158314358313672e-17,0.0,0.0,True,False,True,False,-9.018918945002952e-13,993.1598201356603,0.0,0.0,0.0,0.0,993.1598201356594
2026-05-28T23:00:00Z,2026-05-28T23:15:00Z,2026-05-29,2026-05-29_5,0.0,100,100,0,64.34782608695657,54.60372670807459,0.02706694271911663,8.964571428571428,0.0,True,True,True,False,0.0,0.0,108.97606889718772,95.65772425882173,1603.8937589687196,0.0,1808.527552124729
2026-05-28T23:15:00Z,2026-05-28T23:30:00Z,2026-05-29,2026-05-29_6,0.0,100,100,0,54.60372670807459,51.81491080745347,0.007822647342995169,2.5782857142857143,0.014857142857142857,True,True,True,False,0.0,0.0,108.97606889718772,95.65772425882173,441.2285718640783,-0.9036774200572691,644.9586876000304
2026-05-28T23:30:00Z,2026-05-28T23:45:00Z,2026-05-29,2026-05-29_7,0.0,100,100,0,51.81491080745347,52.54288695652179,0.002122224982746722,0.01657142857142857,0.8108571428571428,True,True,True,False,0.0,0.0,108.97606889718772,95.65772425882173,2.525939878275828,-40.75930612867051,166.40042690561478
2026-05-28T23:45:00Z,2026-05-29T00:00:00Z,2026-05-29,2026-05-29_8,0.0,100,100,0,52.54288695652179,68.13925267080751,0.0433232380952381,0.0,16.95257142857143,True,True,True,False,0.0,0.0,108.97606889718772,95.65772425882173,0.0,1853.458317201433,2058.0921103574424
2026-05-29T00:00:00Z,2026-05-29T00:15:00Z,2026-05-29,2026-05-29_9,0.0,100,100,0,68.13925267080751,72.3044869565218,0.011570095238095237,0.0,4.527428571428571,True,True,True,False,0.0,0.0,108.97606889718772,99.80184437161802,0.0,740.2540668720807,949.0319801408864
2026-05-29T00:15:00Z,2026-05-29T00:30:00Z,2026-05-29,2026-05-29_10,0.0,100,100,0,72.3044869565218,82.64738981366466,0.02873028571428571,0.0,11.242285714285714,True,True,True,False,0.0,0.0,108.97606889718772,99.80184437161802,0.0,-51.44538830881792,157.3325249599878
2026-05-29T00:30:00Z,2026-05-29T00:45:00Z,2026-05-29,2026-05-29_11,0.0,100,100,0,82.64738981366466,90.74023552795038,0.022480126984126988,0.0,8.79657142857143,True,True,True,False,0.0,0.0,108.97606889718772,99.80184437161802,0.0,-36.041740720981636,172.73617254782408
2026-05-29T00:45:00Z,2026-05-29T01:00:00Z,2026-05-29,2026-05-29_12,0.0,100,100,0,90.74023552795038,91.81183801242243,0.0030836438923395448,0.017714285714285714,1.1857142857142857,True,True,True,False,0.0,0.0,108.97606889718772,99.80184437161802,2.8941613770727406,-54.42077041166287,157.2513042342156
2026-05-29T01:00:00Z,2026-05-29T01:15:00Z,2026-05-29,2026-05-29_13,60.00000000000012,40,100,0,91.81183801242243,77.39088139130439,0.04387139378881995,0.01782857142857143,1.8651428571428568,True,True,True,False,1933.8000000000036,0.0,43.590427558875085,100.48776770063256,2.950383311376528,-59.49736061058062,2021.3312179603072
2026-05-29T01:15:00Z,2026-05-29T01:30:00Z,2026-05-29,2026-05-29_14,60.00000000000012,40,100,0,77.39088139130439,71.89046678260871,0.036930180262249854,0.0,10.590285714285715,True,True,True,False,1918.6500000000037,0.0,43.590427558875085,100.48776770063256,0.0,47.138111533310834,2109.8663067928223
2026-05-29T01:30:00Z,2026-05-29T01:45:00Z,2026-05-29,2026-05-29_15,60.00000000000012,40,100,0,71.89046678260871,72.8836048695652,0.03190571483781916,0.0,16.95542857142857,True,True,True,False,1903.5000000000039,0.0,43.590427558875085,100.48776770063256,0.0,346.5356978453297,2394.1138931048413
2026-05-29T01:45:00Z,2026-05-29T02:00:00Z,2026-05-29,2026-05-29_16,56.61785512205275,40,100,0,72.8836048695652,64.34782608695659,0.03868050418643065,0.0,6.751428571428571,True,True,True,False,1765.48626734341,0.0,43.590427558875085,100.48776770063256,0.0,-180.01322525504366,1729.551237347874
2026-05-29T02:00:00Z,2026-05-29T02:15:00Z,2026-05-29,2026-05-29_17,0.0,0,0,100,64.34782608695659,64.34782608695659,0.0,0.0,0.0,True,True,True,False,0.0,993.1598201356603,0.0,0.0,0.0,0.0,993.1598201356603
2026-05-29T02:15:00Z,2026-05-29T02:30:00Z,2026-05-29,2026-05-29_18,0.0,0,0,100,64.34782608695659,64.34782608695659,0.0,0.0,0.0,True,True,True,False,0.0,993.1598201356603,0.0,0.0,0.0,0.0,993.1598201356603
2026-05-29T02:30:00Z,2026-05-29T02:45:00Z,2026-05-29,2026-05-29_19,0.0,0,0,100,64.34782608695659,64.34782608695659,0.0,0.0,0.0,True,True,True,False,0.0,993.1598201356603,0.0,0.0,0.0,0.0,993.1598201356603
2026-05-29T02:45:00Z,2026-05-29T03:00:00Z,2026-05-29,2026-05-29_20,0.0,0,0,100,64.34782608695659,64.34782608695659,0.0,0.0,0.0,True,True,True,False,0.0,993.1598201356603,0.0,0.0,0.0,0.0,993.1598201356603
2026-05-29T03:00:00Z,2026-05-29T03:15:00Z,2026-05-29,2026-05-29_21,0.0,0,0,100,64.34782608695659,64.34782608695659,0.0,0.0,0.0,True,True,True,False,0.0,993.1598201356603,0.0,0.0,0.0,0.0,993.1598201356603
2026-05-29T03:15:00Z,2026-05-29T03:30:00Z,2026-05-29,2026-05-29_22,0.0,0,0,100,64.34782608695659,64.34782608695659,0.0,0.0,0.0,True,True,True,False,0.0,993.1598201356603,0.0,0.0,0.0,0.0,993.1598201356603
2026-05-29T03:30:00Z,2026-05-29T03:45:00Z,2026-05-29,2026-05-29_23,0.0,0,0,100,64.34782608695659,64.34782608695659,0.0,0.0,0.0,True,True,True,False,0.0,993.1598201356603,0.0,0.0,0.0,0.0,993.1598201356603
2026-05-29T03:45:00Z,2026-05-29T04:00:00Z,2026-05-29,2026-05-29_24,0.0,0,0,100,64.34782608695659,64.34782608695659,0.0,0.0,0.0,True,True,True,False,0.0,993.1598201356603,0.0,0.0,0.0,0.0,993.1598201356603
2026-05-29T04:00:00Z,2026-05-29T04:15:00Z,2026-05-29,2026-05-29_25,0.0,0,0,100,64.34782608695659,64.34782608695659,0.0,0.0,0.0,True,True,True,False,0.0,993.1598201356603,0.0,0.0,0.0,0.0,993.1598201356603
2026-05-29T04:15:00Z,2026-05-29T04:30:00Z,2026-05-29,2026-05-29_26,0.0,0,0,100,64.34782608695659,64.34782608695659,0.0,0.0,0.0,True,True,True,False,0.0,993.1598201356603,0.0,0.0,0.0,0.0,993.1598201356603
2026-05-29T04:30:00Z,2026-05-29T04:45:00Z,2026-05-29,2026-05-29_27,0.0,0,0,100,64.34782608695659,64.34782608695659,0.0,0.0,0.0,True,True,True,False,0.0,993.1598201356603,0.0,0.0,0.0,0.0,993.1598201356603
2026-05-29T04:45:00Z,2026-05-29T05:00:00Z,2026-05-29,2026-05-29_28,0.0,0,0,100,64.34782608695659,64.34782608695659,0.0,0.0,0.0,True,True,True,False,0.0,993.1598201356603,0.0,0.0,0.0,0.0,993.1598201356603
2026-05-29T05:00:00Z,2026-05-29T05:15:00Z,2026-05-29,2026-05-29_29,0.0,0,0,100,64.34782608695659,64.34782608695659,0.0,0.0,0.0,True,True,True,False,0.0,993.1598201356603,0.0,0.0,0.0,0.0,993.1598201356603
2026-05-29T05:15:00Z,2026-05-29T05:30:00Z,2026-05-29,2026-05-29_30,0.0,0,0,100,64.34782608695659,64.34782608695659,0.0,0.0,0.0,True,True,True,False,0.0,993.1598201356603,0.0,0.0,0.0,0.0,993.1598201356603
2026-05-29T05:30:00Z,2026-05-29T05:45:00Z,2026-05-29,2026-05-29_31,0.0,0,0,100,64.34782608695659,64.34782608695659,0.0,0.0,0.0,True,True,True,False,0.0,993.1598201356603,0.0,0.0,0.0,0.0,993.1598201356603
2026-05-29T05:45:00Z,2026-05-29T06:00:00Z,2026-05-29,2026-05-29_32,0.0,0,0,100,64.34782608695659,64.34782608695659,0.0,0.0,0.0,True,True,True,False,0.0,993.1598201356603,0.0,0.0,0.0,0.0,993.1598201356603
2026-05-29T06:00:00Z,2026-05-29T06:15:00Z,2026-05-29,2026-05-29_33,99.99999999999996,0,100,0,64.34782608695659,39.008074534161565,0.07038819875776395,0.0,1.6874285714285713,True,True,True,False,3395.2499999999986,0.0,0.0,65.79147930797957,0.0,-63.01203719228717,3398.029442115691
2026-05-29T06:15:00Z,2026-05-29T06:30:00Z,2026-05-29,2026-05-29_34,100.0,0,100,0,39.008074534161565,18.832919254658457,0.056042097998619735,0.0,6.4388571428571435,True,True,True,False,3020.5,0.0,0.0,65.79147930797957,0.0,133.92489161322635,3220.216370921206
2026-05-29T06:30:00Z,2026-05-29T06:45:00Z,2026-05-29,2026-05-29_35,76.72152796241441,0,100,0,18.832919254658457,10.000000000000062,0.038175622994260576,0.0,11.464,True,True,True,False,2052.3008729945855,0.0,0.0,65.79147930797957,0.0,153.41760688971877,2271.509959192284
2026-05-29T06:45:00Z,2026-05-29T07:00:00Z,2026-05-29,2026-05-29_36,0.0,0,100,0,10.000000000000062,25.010720000000063,0.04169644444444444,0.0,16.316,True,True,True,False,0.0,0.0,0.0,65.79147930797957,0.0,905.9477341666031,971.7392134745827
2026-05-29T07:00:00Z,2026-05-29T07:15:00Z,2026-05-29,2026-05-29_37,1.2394496000000095,0,0,27,25.010720000000063,24.673913043478322,0.0009355748792270603,0.0,0.0,True,False,True,False,32.362029056000246,268.15315143662826,0.0,0.0,0.0,0.0,300.51518049262853
2026-05-29T07:15:00Z,2026-05-29T07:30:00Z,2026-05-29,2026-05-29_38,0.0,0,0,27,24.673913043478322,24.673913043478322,0.0,0.0,0.0,True,False,True,False,0.0,268.15315143662826,0.0,0.0,0.0,0.0,268.15315143662826
2026-05-29T07:30:00Z,2026-05-29T07:45:00Z,2026-05-29,2026-05-29_39,-0.25141776937640814,0,0,27,24.673913043478322,24.731739130434896,0.00016062801932381632,0.0,0.0,True,False,True,False,-2.531148393196989,268.15315143662826,0.0,0.0,0.0,0.0,265.6220030434313
2026-05-29T07:45:00Z,2026-05-29T08:00:00Z,2026-05-29,2026-05-29_40,-73.0,0,0,27,24.731739130434896,41.521739130434895,0.04663888888888889,0.0,0.0,True,False,True,False,-155.67249999999999,268.15315143662826,0.0,0.0,0.0,0.0,112.48065143662828
2026-05-29T08:00:00Z,2026-05-29T08:15:00Z,2026-05-29,2026-05-29_41,-42.0,42,0,58,41.521739130434895,48.359031930434895,0.01899248,3.06816,0.0,True,True,True,False,-133.035,576.0326956786829,46.71823793918146,0.0,586.3515422300129,0.0,1076.0674758478772
2026-05-29T08:15:00Z,2026-05-29T08:30:00Z,2026-05-29,2026-05-29_42,-42.0,42,0,58,48.359031930434895,57.87882393043489,0.026443866666666673,0.1524,0.0,True,True,True,False,-107.31,576.0326956786829,46.71823793918146,0.0,13.037801996799024,0.0,528.4787356146634
2026-05-29T08:30:00Z,2026-05-29T08:45:00Z,2026-05-29,2026-05-29_43,-42.0,42,0,58,57.87882393043489,67.4725839304349,0.02664933333333333,0.072,0.0,True,True,True,False,-53.655,576.0326956786829,46.71823793918146,0.0,6.159591494550719,0.0,575.2555251124151
2026-05-29T08:45:00Z,2026-05-29T09:00:00Z,2026-05-29,2026-05-29_44,-40.583612048354546,42,0,58,67.4725839304349,76.70173714285724,0.025659654420328713,0.11352,0.0,True,True,True,False,-24.248708198891844,576.0326956786829,46.71823793918146,0.0,9.711622589741635,0.0,608.2138480087142
2026-05-29T09:00:00Z,2026-05-29T09:15:00Z,2026-05-29,2026-05-29_45,0.0,0,0,100,76.70173714285724,76.70173714285724,0.0,0.0,0.0,True,True,True,False,0.0,993.1598201356603,0.0,0.0,0.0,0.0,993.1598201356603
2026-05-29T09:15:00Z,2026-05-29T09:30:00Z,2026-05-29,2026-05-29_46,0.0,0,0,100,76.70173714285724,76.70173714285724,0.0,0.0,0.0,True,True,True,False,0.0,993.1598201356603,0.0,0.0,0.0,0.0,993.1598201356603
2026-05-29T09:30:00Z,2026-05-29T09:45:00Z,2026-05-29,2026-05-29_47,0.0,0,0,100,76.70173714285724,76.70173714285724,0.0,0.0,0.0,True,True,True,False,0.0,993.1598201356603,0.0,0.0,0.0,0.0,993.1598201356603
2026-05-29T09:45:00Z,2026-05-29T10:00:00Z,2026-05-29,2026-05-29_48,0.0,0,0,100,76.70173714285724,76.70173714285724,0.0,0.0,0.0,True,True,True,False,0.0,993.1598201356603,0.0,0.0,0.0,0.0,993.1598201356603
2026-05-29T10:00:00Z,2026-05-29T10:15:00Z,2026-05-29,2026-05-29_49,0.0,0,0,100,76.70173714285724,76.70173714285724,0.0,0.0,0.0,True,True,True,False,0.0,993.1598201356603,0.0,0.0,0.0,0.0,993.1598201356603
2026-05-29T10:15:00Z,2026-05-29T10:30:00Z,2026-05-29,2026-05-29_50,0.0,0,0,100,76.70173714285724,76.70173714285724,0.0,0.0,0.0,True,True,True,False,0.0,993.1598201356603,0.0,0.0,0.0,0.0,993.1598201356603
2026-05-29T10:30:00Z,2026-05-29T10:45:00Z,2026-05-29,2026-05-29_51,0.0,0,0,100,76.70173714285724,76.70173714285724,0.0,0.0,0.0,True,True,True,False,0.0,993.1598201356603,0.0,0.0,0.0,0.0,993.1598201356603
2026-05-29T10:45:00Z,2026-05-29T11:00:00Z,2026-05-29,2026-05-29_52,0.0,0,0,100,76.70173714285724,76.70173714285724,0.0,0.0,0.0,True,True,True,False,0.0,993.1598201356603,0.0,0.0,0.0,0.0,993.1598201356603
2026-05-29T11:00:00Z,2026-05-29T11:15:00Z,2026-05-29,2026-05-29_53,0.0,100,100,0,76.70173714285724,90.88445714285724,0.039396444444444456,0.0,15.416000000000002,True,True,True,False,0.0,0.0,111.23389985519395,97.94413535553693,0.0,326.89827147321097,536.0763066839419
2026-05-29T11:15:00Z,2026-05-29T11:30:00Z,2026-05-29,2026-05-29_54,0.0,100,100,0,90.88445714285724,99.13659428571438,0.022922603174603172,0.0,8.969714285714286,True,True,True,False,0.0,0.0,111.23389985519395,97.94413535553693,0.0,60.166677735799745,269.34471294653065
2026-05-29T11:30:00Z,2026-05-29T11:45:00Z,2026-05-29,2026-05-29_55,0.0,100,100,0,99.13659428571438,114.65620571428582,0.04311003174603175,0.0,16.869142857142858,True,True,True,False,0.0,0.0,111.23389985519395,97.94413535553693,0.0,418.212291746056,627.3903269567869
2026-05-29T11:45:00Z,2026-05-29T12:00:00Z,2026-05-29,2026-05-29_56,0.0,100,100,0,114.65620571428582,137.22196571428583,0.06268266666666666,0.0,24.528,True,True,True,False,0.0,0.0,111.23389985519395,97.94413535553693,0.0,11095.765438609862,11304.943473820593
2026-05-29T12:00:00Z,2026-05-29T12:15:00Z,2026-05-29,2026-05-29_57,-27.0,45,18,55,137.22196571428583,143.13255277515538,0.018645005465838513,0.9218571428571428,0.6633257142857143,True,True,True,False,-0.0675,546.2379010746132,49.51509031323832,17.629944363996646,103.89581524165186,-6.685960218624452,710.5252907748755
2026-05-29T12:15:00Z,2026-05-29T12:30:00Z,2026-05-29,2026-05-29_58,-27.0,45,18,55,143.13255277515538,148.27504365714293,0.016915131677018636,1.0890000000000002,0.0077142857142857135,True,True,True,False,-0.675,546.2379010746132,49.51509031323832,17.629944363996646,114.33026808170109,-0.4606274020926105,726.5775764314567
2026-05-29T12:30:00Z,2026-05-29T12:45:00Z,2026-05-29,2026-05-29_59,-27.0,45,18,55,148.27504365714293,156.3678683428572,0.022480068571428573,0.0,2.046548571428571,True,True,True,False,-1.1475000000000002,546.2379010746132,49.51509031323832,17.629944363996646,0.0,31.420782969503623,643.6562187213518
2026-05-29T12:45:00Z,2026-05-29T13:00:00Z,2026-05-29,2026-05-29_60,-27.0,45,18,55,156.3678683428572,164.69366857142862,0.02312722285714286,0.0,2.299782857142857,True,True,True,False,-2.7674999999999996,546.2379010746132,49.51509031323832,17.629944363996646,0.0,148.8272900214487,759.4427257732968
2026-05-29T13:00:00Z,2026-05-29T13:15:00Z,2026-05-29,2026-05-29_61,0.0,100,100,0,164.69366857142862,178.19558857142863,0.037505333333333335,0.0,14.676,True,True,True,False,0.0,0.0,109.69057236491122,65.79147930797957,0.0,5716.741575337245,5892.223627010136
2026-05-29T13:15:00Z,2026-05-29T13:30:00Z,2026-05-29,2026-05-29_62,0.0,100,100,0,178.19558857142863,167.41055900621123,0.031173399585921326,10.123428571428573,0.2377142857142857,True,True,True,False,0.0,0.0,109.69057236491122,65.79147930797957,8111.74723093841,-14.077881694557252,8273.151400916744
2026-05-29T13:30:00Z,2026-05-29T13:45:00Z,2026-05-29,2026-05-29_63,0.0,100,100,0,167.41055900621123,158.66708074534165,0.02428743961352657,8.044,0.0,True,True,True,False,0.0,0.0,109.69057236491122,65.79147930797957,1715.8040210349823,0.0,1891.286072707873
2026-05-29T13:45:00Z,2026-05-29T14:00:00Z,2026-05-29,2026-05-29_64,0.0,100,100,0,158.66708074534165,144.00000000000003,0.04074189095928226,13.493714285714287,0.0,True,True,True,False,0.0,0.0,109.69057236491122,65.79147930797957,2982.114970766601,0.0,3157.597022439492
2026-05-29T14:00:00Z,2026-05-29T14:15:00Z,2026-05-29,2026-05-29_65,0.0,0,0,100,144.00000000000003,144.00000000000003,0.0,0.0,0.0,True,True,True,False,0.0,993.1598201356603,0.0,0.0,0.0,0.0,993.1598201356603
2026-05-29T14:15:00Z,2026-05-29T14:30:00Z,2026-05-29,2026-05-29_66,0.0,0,0,100,144.00000000000003,144.00000000000003,0.0,0.0,0.0,True,True,True,False,0.0,993.1598201356603,0.0,0.0,0.0,0.0,993.1598201356603
2026-05-29T14:30:00Z,2026-05-29T14:45:00Z,2026-05-29,2026-05-29_67,0.0,0,0,100,144.00000000000003,144.00000000000003,0.0,0.0,0.0,True,True,True,False,0.0,993.1598201356603,0.0,0.0,0.0,0.0,993.1598201356603
2026-05-29T14:45:00Z,2026-05-29T15:00:00Z,2026-05-29,2026-05-29_68,0.0,0,0,100,144.00000000000003,144.00000000000003,0.0,0.0,0.0,True,True,True,False,0.0,993.1598201356603,0.0,0.0,0.0,0.0,993.1598201356603
2026-05-29T15:00:00Z,2026-05-29T15:15:00Z,2026-05-29,2026-05-29_69,0.0,0,0,100,144.00000000000003,144.00000000000003,0.0,0.0,0.0,True,True,True,False,0.0,993.1598201356603,0.0,0.0,0.0,0.0,993.1598201356603
2026-05-29T15:15:00Z,2026-05-29T15:30:00Z,2026-05-29,2026-05-29_70,0.0,0,0,100,144.00000000000003,144.00000000000003,0.0,0.0,0.0,True,True,True,False,0.0,993.1598201356603,0.0,0.0,0.0,0.0,993.1598201356603
2026-05-29T15:30:00Z,2026-05-29T15:45:00Z,2026-05-29,2026-05-29_71,0.0,0,0,100,144.00000000000003,144.00000000000003,0.0,0.0,0.0,True,True,True,False,0.0,993.1598201356603,0.0,0.0,0.0,0.0,993.1598201356603
2026-05-29T15:45:00Z,2026-05-29T16:00:00Z,2026-05-29,2026-05-29_72,0.0,0,0,100,144.00000000000003,144.00000000000003,0.0,0.0,0.0,True,True,True,False,0.0,993.1598201356603,0.0,0.0,0.0,0.0,993.1598201356603
2026-05-29T16:00:00Z,2026-05-29T16:15:00Z,2026-05-29,2026-05-29_73,-100.0,100,0,0,144.00000000000003,160.7061485714286,0.046405968253968255,6.841142857142857,0.0,True,True,True,False,-2916.25,0.0,110.43365597134365,0.0,1607.0533326074883,0.0,-1198.7630114211681
2026-05-29T16:15:00Z,2026-05-29T16:30:00Z,2026-05-29,2026-05-29_74,-74.97119383793067,100,0,0,160.7061485714286,172.31180124223604,0.041097326901673795,5.861714285714285,0.0,True,True,True,False,-2474.6116806054965,0.0,110.43365597134365,0.0,1348.979436454103,0.0,-1015.1985881800498
2026-05-29T16:30:00Z,2026-05-29T16:45:00Z,2026-05-29,2026-05-29_75,0.0,100,0,0,172.31180124223604,159.9304347826087,0.03439268461007591,11.390857142857143,0.0,True,True,True,False,0.0,0.0,110.43365597134365,0.0,2864.206764075038,0.0,2974.6404200463817
2026-05-29T16:45:00Z,2026-05-29T17:00:00Z,2026-05-29,2026-05-29_76,0.0,100,0,0,159.9304347826087,144.0,0.0442512077294686,14.655999999999999,0.0,True,True,True,False,0.0,0.0,110.43365597134365,0.0,5605.615620760612,0.0,5716.049276731956
2026-05-29T17:00:00Z,2026-05-29T17:15:00Z,2026-05-29,2026-05-29_77,0.0,0,0,100,144.0,144.0,0.0,0.0,0.0,True,False,True,False,0.0,993.1598201356603,0.0,0.0,0.0,0.0,993.1598201356603
2026-05-29T17:15:00Z,2026-05-29T17:30:00Z,2026-05-29,2026-05-29_78,0.0,0,0,100,144.0,144.0,0.0,0.0,0.0,True,False,True,False,0.0,993.1598201356603,0.0,0.0,0.0,0.0,993.1598201356603
2026-05-29T17:30:00Z,2026-05-29T17:45:00Z,2026-05-29,2026-05-29_79,0.0,0,0,100,144.0,144.0,0.0,0.0,0.0,True,False,True,False,0.0,993.1598201356603,0.0,0.0,0.0,0.0,993.1598201356603
2026-05-29T17:45:00Z,2026-05-29T18:00:00Z,2026-05-29,2026-05-29_80,0.0,0,0,100,144.0,144.0,0.0,0.0,0.0,True,False,True,False,0.0,993.1598201356603,0.0,0.0,0.0,0.0,993.1598201356603
2026-05-29T18:00:00Z,2026-05-29T18:15:00Z,2026-05-29,2026-05-29_81,77.0,0,77,23,144.0,123.09139130434782,0.058079468599033804,0.0,0.01408,True,True,True,False,3984.365,228.42675863120184,0.0,50.63743236033838,0.0,-1.0757716637451413,4262.353419327795
2026-05-29T18:15:00Z,2026-05-29T18:30:00Z,2026-05-29,2026-05-29_82,77.0,0,77,23,123.09139130434782,103.09195652173912,0.05555398550724636,0.0,0.8505199999999999,True,True,True,False,4417.875,228.42675863120184,0.0,50.63743236033838,0.0,-64.98333206310494,4631.955858928435
2026-05-29T18:30:00Z,2026-05-29T18:45:00Z,2026-05-29,2026-05-29_83,77.0,0,77,23,103.09195652173912,82.61521739130434,0.05687983091787439,0.0,0.41140000000000004,True,True,True,False,4691.4175000000005,228.42675863120184,0.0,50.63743236033838,0.0,-31.43270330005335,4939.048987691487
2026-05-29T18:45:00Z,2026-05-29T19:00:00Z,2026-05-29,2026-05-29_84,77.0,0,77,23,82.61521739130434,63.305434782608685,0.05363828502415459,0.0,1.4849999999999999,True,True,True,False,4608.835,228.42675863120184,0.0,50.63743236033838,0.0,-92.70356680131086,4795.195624190229
2026-05-29T19:00:00Z,2026-05-29T19:15:00Z,2026-05-29,2026-05-29_85,6.0,0,6,94,63.305434782608685,61.88321118012421,0.003950621118012422,0.0,0.19155428571428573,True,True,True,False,331.03499999999997,933.5702309275207,0.0,3.9457739501562377,0.0,-11.447233601532984,1257.103771276144
2026-05-29T19:15:00Z,2026-05-29T19:30:00Z,2026-05-29,2026-05-29_86,3.8443669147060033,0,6,94,61.88321118012421,61.08695652173912,0.00265598840355889,0.0,0.24188571428571426,True,True,True,False,189.20051770725595,933.5702309275207,0.0,3.9457739501562377,0.0,-15.503655731814867,1111.212866853118
2026-05-29T19:30:00Z,2026-05-29T19:45:00Z,2026-05-29,2026-05-29_87,0.0049920953552327,0,6,94,61.08695652173912,61.08695652173912,7.528968657389283e-06,0.0,0.001474285714285714,True,True,True,False,0.232194835210261,933.5702309275207,0.0,3.9457739501562377,0.0,-0.11264167583045714,937.6355580370567
2026-05-29T19:45:00Z,2026-05-29T20:00:00Z,2026-05-29,2026-05-29_88,0.8325810726380415,0,6,94,61.08695652173912,61.13354037267079,0.0011439246176006303,0.0,0.2892685714285714,True,True,True,False,34.35437650972719,933.5702309275207,0.0,3.9457739501562377,0.0,3.849271592975273,975.7196529803794
2026-05-29T20:00:00Z,2026-05-29T20:15:00Z,2026-05-29,2026-05-29_89,100.0,0,100,0,61.13354037267079,39.391304347826065,0.060395100069013115,0.0,4.997142857142857,True,True,True,False,4617.25,0.0,0.0,65.76289916927064,0.0,-236.9539190174965,4446.058980151774
2026-05-29T20:15:00Z,2026-05-29T20:30:00Z,2026-05-29,2026-05-29_90,100.0,0,100,0,39.391304347826065,22.06832298136644,0.048119392684610074,0.0,9.062857142857142,True,True,True,False,4213.0,0.0,0.0,65.76289916927064,0.0,-304.6566354916328,3974.106263677638
2026-05-29T20:30:00Z,2026-05-29T20:45:00Z,2026-05-29,2026-05-29_91,100.0,0,100,0,22.06832298136644,11.506211180124204,0.029339199447895096,0.0,15.282857142857143,True,True,True,False,4794.75,0.0,0.0,65.76289916927064,0.0,744.2807337202086,5604.793632889479
2026-05-29T20:45:00Z,2026-05-29T21:00:00Z,2026-05-29,2026-05-29_92,100.0,0,100,0,11.506211180124204,9.999999999999982,0.0041839199447895065,0.0,23.614285714285714,True,True,True,False,4874.75,0.0,0.0,65.76289916927064,0.0,11703.199326053109,16643.712225222378
2026-05-29T21:00:00Z,2026-05-29T21:15:00Z,2026-05-30,2026-05-29_93,-1.0000000000000167,0,99,0,9.999999999999982,13.722787885714274,0.010341077460317472,0.0,3.796508571428572,True,True,True,False,-60.287500000001,0.0,0.0,61.902112823639236,0.0,1771.8698758912753,1773.4844887149136
2026-05-29T21:15:00Z,2026-05-29T21:30:00Z,2026-05-30,2026-05-29_94,-0.6655116824195276,0,99,0,13.722787885714274,13.881580601242193,0.00044109087646644423,0.0,0.006222857142857142,True,True,True,False,-41.2816896604833,0.0,0.0,61.902112823639236,0.0,-0.4742218097397278,20.146201353416206
2026-05-29T21:30:00Z,2026-05-29T21:45:00Z,2026-05-30,2026-05-29_95,-1.0000000000000007,0,99,0,13.881580601242193,14.111580601242194,0.0006388888888888895,0.0,0.0,True,True,True,False,-51.742500000000035,0.0,0.0,61.902112823639236,0.0,0.0,10.1596128236392
2026-05-29T21:45:00Z,2026-05-29T22:00:00Z,2026-05-30,2026-05-29_96,-1.0,0,99,0,14.111580601242194,14.347826086956479,0.0006562374603174603,0.0,0.0067885714285714285,True,True,True,False,-40.6625,0.0,0.0,61.902112823639236,0.0,-0.5181955359354204,20.721417287703815
2026-05-29T22:00:00Z,2026-05-29T22:15:00Z,2026-05-30,2026-05-30_1,-91.99999999999997,92,0,8,14.347826086956479,28.452235686956477,0.03917891555555556,7.6691199999999995,0.0,True,True,True,False,-4714.999999999998,79.44521709310521,101.2737906990036,0.0,1810.5736097391834,0.0,-2723.707382468706
2026-05-29T22:15:00Z,2026-05-29T22:30:00Z,2026-05-30,2026-05-30_2,-50.47921234804834,92,0,8,28.452235686956477,32.2803902012422,0.03194146281434871,7.818422857142856,0.0,True,True,True,False,-2465.4047310786814,79.44521709310521,101.2737906990036,0.0,1759.2963307098355,0.0,-525.389392576737
2026-05-29T22:30:00Z,2026-05-29T22:45:00Z,2026-05-30,2026-05-30_3,-92.0,92,0,8,32.2803902012422,44.47096848695649,0.033862717460317465,9.749371428571429,0.0,True,True,True,False,-4478.099999999999,79.44521709310521,101.2737906990036,0.0,1953.8454332145782,0.0,-2343.5355589933124
2026-05-29T22:45:00Z,2026-05-29T23:00:00Z,2026-05-30,2026-05-30_4,-91.99999999999999,92,0,8,44.47096848695649,64.34782608695649,0.05521349333333333,1.39472,0.0,True,True,True,False,-3958.0699999999993,79.44521709310521,101.2737906990036,0.0,243.5157364933605,0.0,-3533.83525571453
2026-05-29T23:00:00Z,2026-05-29T23:15:00Z,2026-05-30,2026-05-30_5,0.0,0,0,100,64.34782608695649,64.34782608695649,0.0,0.0,0.0,True,True,True,False,0.0,993.0652136638153,0.0,0.0,0.0,0.0,993.0652136638153
2026-05-29T23:15:00Z,2026-05-29T23:30:00Z,2026-05-30,2026-05-30_6,0.0,0,0,100,64.34782608695649,64.34782608695649,0.0,0.0,0.0,True,True,True,False,0.0,993.0652136638153,0.0,0.0,0.0,0.0,993.0652136638153
2026-05-29T23:30:00Z,2026-05-29T23:45:00Z,2026-05-30,2026-05-30_7,0.0,0,0,100,64.34782608695649,64.34782608695649,0.0,0.0,0.0,True,True,True,False,0.0,993.0652136638153,0.0,0.0,0.0,0.0,993.0652136638153
2026-05-29T23:45:00Z,2026-05-30T00:00:00Z,2026-05-30,2026-05-30_8,0.0,0,0,100,64.34782608695649,64.34782608695649,0.0,0.0,0.0,True,True,True,False,0.0,993.0652136638153,0.0,0.0,0.0,0.0,993.0652136638153
2026-05-30T00:00:00Z,2026-05-30T00:15:00Z,2026-05-30,2026-05-30_9,0.0,0,0,100,64.34782608695649,64.34782608695649,0.0,0.0,0.0,True,True,True,False,0.0,993.0652136638153,0.0,0.0,0.0,0.0,993.0652136638153
2026-05-30T00:15:00Z,2026-05-30T00:30:00Z,2026-05-30,2026-05-30_10,0.0,0,0,100,64.34782608695649,64.34782608695649,0.0,0.0,0.0,True,True,True,False,0.0,993.0652136638153,0.0,0.0,0.0,0.0,993.0652136638153
2026-05-30T00:30:00Z,2026-05-30T00:45:00Z,2026-05-30,2026-05-30_11,0.0,0,0,100,64.34782608695649,64.34782608695649,0.0,0.0,0.0,True,True,True,False,0.0,993.0652136638153,0.0,0.0,0.0,0.0,993.0652136638153
2026-05-30T00:45:00Z,2026-05-30T01:00:00Z,2026-05-30,2026-05-30_12,0.0,0,0,100,64.34782608695649,64.34782608695649,0.0,0.0,0.0,True,True,True,False,0.0,993.0652136638153,0.0,0.0,0.0,0.0,993.0652136638153
2026-05-30T01:00:00Z,2026-05-30T01:15:00Z,2026-05-30,2026-05-30_13,0.0,0,0,100,64.34782608695649,64.34782608695649,0.0,0.0,0.0,True,True,True,False,0.0,993.0652136638153,0.0,0.0,0.0,0.0,993.0652136638153
2026-05-30T01:15:00Z,2026-05-30T01:30:00Z,2026-05-30,2026-05-30_14,0.0,0,0,100,64.34782608695649,64.34782608695649,0.0,0.0,0.0,True,True,True,False,0.0,993.0652136638153,0.0,0.0,0.0,0.0,993.0652136638153
2026-05-30T01:30:00Z,2026-05-30T01:45:00Z,2026-05-30,2026-05-30_15,0.0,0,0,100,64.34782608695649,64.34782608695649,0.0,0.0,0.0,True,True,True,False,0.0,993.0652136638153,0.0,0.0,0.0,0.0,993.0652136638153
2026-05-30T01:45:00Z,2026-05-30T02:00:00Z,2026-05-30,2026-05-30_16,0.0,0,0,100,64.34782608695649,64.34782608695649,0.0,0.0,0.0,True,True,True,False,0.0,993.0652136638153,0.0,0.0,0.0,0.0,993.0652136638153
2026-05-30T02:00:00Z,2026-05-30T02:15:00Z,2026-05-30,2026-05-30_17,0.0,0,0,100,64.34782608695649,64.34782608695649,0.0,0.0,0.0,True,True,True,False,0.0,993.0652136638153,0.0,0.0,0.0,0.0,993.0652136638153
2026-05-30T02:15:00Z,2026-05-30T02:30:00Z,2026-05-30,2026-05-30_18,0.0,0,0,100,64.34782608695649,64.34782608695649,0.0,0.0,0.0,True,True,True,False,0.0,993.0652136638153,0.0,0.0,0.0,0.0,993.0652136638153
2026-05-30T02:30:00Z,2026-05-30T02:45:00Z,2026-05-30,2026-05-30_19,0.0,0,0,100,64.34782608695649,64.34782608695649,0.0,0.0,0.0,True,True,True,False,0.0,993.0652136638153,0.0,0.0,0.0,0.0,993.0652136638153
2026-05-30T02:45:00Z,2026-05-30T03:00:00Z,2026-05-30,2026-05-30_20,0.0,0,0,100,64.34782608695649,64.34782608695649,0.0,0.0,0.0,True,True,True,False,0.0,993.0652136638153,0.0,0.0,0.0,0.0,993.0652136638153
2026-05-30T03:00:00Z,2026-05-30T03:15:00Z,2026-05-30,2026-05-30_21,0.0,0,0,100,64.34782608695649,64.34782608695649,0.0,0.0,0.0,True,True,True,False,0.0,993.0652136638153,0.0,0.0,0.0,0.0,993.0652136638153
2026-05-30T03:15:00Z,2026-05-30T03:30:00Z,2026-05-30,2026-05-30_22,0.0,0,0,100,64.34782608695649,64.34782608695649,0.0,0.0,0.0,True,True,True,False,0.0,993.0652136638153,0.0,0.0,0.0,0.0,993.0652136638153
2026-05-30T03:30:00Z,2026-05-30T03:45:00Z,2026-05-30,2026-05-30_23,0.0,0,0,100,64.34782608695649,64.34782608695649,0.0,0.0,0.0,True,True,True,False,0.0,993.0652136638153,0.0,0.0,0.0,0.0,993.0652136638153
2026-05-30T03:45:00Z,2026-05-30T04:00:00Z,2026-05-30,2026-05-30_24,0.0,0,0,100,64.34782608695649,64.34782608695649,0.0,0.0,0.0,True,True,True,False,0.0,993.0652136638153,0.0,0.0,0.0,0.0,993.0652136638153
2026-05-30T04:00:00Z,2026-05-30T04:15:00Z,2026-05-30,2026-05-30_25,2.3178558741123383,0,100,0,64.34782608695649,64.14876124223593,0.002880955973055048,0.0,0.4662857142857142,True,True,True,False,72.62421917562484,0.0,0.0,62.52738669054469,0.0,-25.484167948114294,109.66743791805524
2026-05-30T04:15:00Z,2026-05-30T04:30:00Z,2026-05-30,2026-05-30_26,100.0,0,100,0,64.14876124223593,54.52515875776389,0.026732229123533468,0.0,16.146285714285717,True,True,True,False,3049.5,0.0,0.0,62.52738669054469,0.0,3239.9097724421176,6351.937159132663
2026-05-30T04:30:00Z,2026-05-30T04:45:00Z,2026-05-30,2026-05-30_27,100.0,0,100,0,54.52515875776389,53.292239503105506,0.0034247757073843977,0.0,23.865714285714287,True,True,True,False,3048.25,0.0,0.0,62.52738669054469,0.0,2202.753276740977,5313.530663431522
2026-05-30T04:45:00Z,2026-05-30T05:00:00Z,2026-05-30,2026-05-30_28,0.0,0,100,0,53.292239503105506,59.47358807453408,0.0171704126984127,0.0,6.718857142857142,True,True,True,False,0.0,0.0,0.0,62.52738669054469,0.0,34.81993408142658,97.34732077197127
2026-05-30T05:00:00Z,2026-05-30T05:15:00Z,2026-05-30,2026-05-30_29,-2.2737367544323206e-13,100,0,0,59.47358807453408,47.10402285714283,0.03435990338164251,11.379999999999999,0.0,True,True,True,False,-7.06734226696426e-12,0.0,110.42313627617216,0.0,2253.809769666025,0.0,2364.2329059421904
2026-05-30T05:15:00Z,2026-05-30T05:30:00Z,2026-05-30,2026-05-30_30,0.0,100,0,0,47.10402285714283,31.63507875776395,0.04296928916494134,14.231428571428573,0.0,True,True,True,False,0.0,0.0,110.42313627617216,0.0,3356.365665731324,0.0,3466.788802007496
2026-05-30T05:30:00Z,2026-05-30T05:45:00Z,2026-05-30,2026-05-30_31,-100.0,100,0,0,31.63507875776395,48.892701614906805,0.04793784126984127,6.241714285714286,0.0,True,True,True,False,-2720.75,0.0,110.42313627617216,0.0,1122.2076444860556,0.0,-1488.119219237772
2026-05-30T05:45:00Z,2026-05-30T06:00:00Z,2026-05-30,2026-05-30_32,-100.0,100,0,0,48.892701614906805,49.67391304347824,0.002170031746031745,24.150857142857145,0.0,True,True,True,False,-2328.25,0.0,110.42313627617216,0.0,17266.061515800593,0.0,15048.234652076766
2026-05-30T06:00:00Z,2026-05-30T06:15:00Z,2026-05-30,2026-05-30_33,0.0,0,0,73,49.67391304347824,49.67391304347824,0.0,0.0,0.0,True,False,True,False,0.0,724.937605974585,0.0,0.0,0.0,0.0,724.937605974585
2026-05-30T06:15:00Z,2026-05-30T06:30:00Z,2026-05-30,2026-05-30_34,0.0,0,0,73,49.67391304347824,49.67391304347824,0.0,0.0,0.0,True,False,True,False,0.0,724.937605974585,0.0,0.0,0.0,0.0,724.937605974585
2026-05-30T06:30:00Z,2026-05-30T06:45:00Z,2026-05-30,2026-05-30_35,0.0,0,0,73,49.67391304347824,49.67391304347824,0.0,0.0,0.0,True,False,True,False,0.0,724.937605974585,0.0,0.0,0.0,0.0,724.937605974585
2026-05-30T06:45:00Z,2026-05-30T07:00:00Z,2026-05-30,2026-05-30_36,-0.031519762211296154,0,0,73,49.67391304347824,49.68116258878683,2.0137625857216987e-05,0.0,0.0,True,False,True,False,-0.5090441597124329,724.937605974585,0.0,0.0,0.0,0.0,724.4285618148726
2026-05-30T07:00:00Z,2026-05-30T07:15:00Z,2026-05-30,2026-05-30_37,-1.4210854715202004e-14,33,23,67,49.68116258878683,47.916984551519754,0.004903853278122847,1.6235999999999997,0.0006571428571428571,True,True,True,False,-2.7249313916399843e-13,665.3536931547561,36.3547600449618,14.90712339728324,198.600469355484,-0.0500785198531393,915.1659674326318
2026-05-30T07:15:00Z,2026-05-30T07:30:00Z,2026-05-30,2026-05-30_38,-4.540372262025781,33,23,67,47.916984551519754,47.25424836579026,0.006514294335523127,1.6043657142857142,0.0,True,True,True,False,-55.25633042885376,665.3536931547561,36.3547600449618,14.90712339728324,202.69830731336904,0.0,864.0575534815165
2026-05-30T07:30:00Z,2026-05-30T07:45:00Z,2026-05-30,2026-05-30_39,-8.875670307759812,33,23,67,47.25424836579026,48.1924946658505,0.007279600208664099,1.05864,0.0,True,True,True,False,-37.32219364413001,665.3536931547561,36.3547600449618,14.90712339728324,126.07293317838024,0.0,805.3663161312514
2026-05-30T07:45:00Z,2026-05-30T08:00:00Z,2026-05-30,2026-05-30_40,-10.0,33,23,67,48.1924946658505,50.39427318013622,0.006620019682539683,0.11974285714285714,0.02812571428571429,True,True,True,False,-19.0,665.3536931547561,36.3547600449618,14.90712339728324,10.243011460904732,-1.8951487696741902,705.9634392882317
2026-05-30T08:00:00Z,2026-05-30T08:15:00Z,2026-05-30,2026-05-30_41,-1.2025528737603606,27,21,73,50.39427318013622,49.92196905341605,0.0026965294067799817,0.6947485714285715,0.0012,True,True,True,False,-3.0033758022165005,724.937605974585,29.906837623121035,13.61085179751948,63.16826239293676,-0.09144773190573263,828.52873425404
2026-05-30T08:15:00Z,2026-05-30T08:30:00Z,2026-05-30,2026-05-30_42,-6.000000000000102,27,21,73,49.92196905341605,51.08091304347819,0.004217114948240227,0.21245142857142854,0.0021599999999999996,True,True,True,False,-2.625000000000045,724.937605974585,29.906837623121035,13.61085179751948,18.17346328346347,-0.16460591743031872,783.8391527612587
2026-05-30T08:30:00Z,2026-05-30T08:45:00Z,2026-05-30,2026-05-30_43,-6.0,27,21,73,51.08091304347819,50.71366024347819,0.00679652,1.6642800000000002,0.0,True,True,True,False,-0.15000000000000002,724.937605974585,29.906837623121035,13.61085179751948,295.06258526548424,0.0,1063.3678806607097
2026-05-30T08:45:00Z,2026-05-30T09:00:00Z,2026-05-30,2026-05-30_44,-5.020888956868658,27,21,73,50.71366024347819,51.60626835279496,0.00392881414780622,0.29484000000000005,0.053399999999999996,True,True,True,False,-0.0,724.937605974585,29.906837623121035,13.61085179751948,25.679092861361433,-3.2518767741812566,790.8825114824057
2026-05-30T09:00:00Z,2026-05-30T09:15:00Z,2026-05-30,2026-05-30_45,-27.0,27,0,73,51.60626835279496,57.78504092422353,0.01716325714285714,0.03394285714285714,0.0,True,True,True,False,-0.0,724.937605974585,30.169178304025607,0.0,2.903530807815515,0.0,758.0103150864262
2026-05-30T09:15:00Z,2026-05-30T09:30:00Z,2026-05-30,2026-05-30_46,-26.999999999999996,27,0,73,57.78504092422353,63.99149235279496,0.017240142857142853,0.0038571428571428576,0.0,True,True,True,False,-0.0,724.937605974585,30.169178304025607,0.0,0.32994668270630856,0.0,755.4367309613169
2026-05-30T09:30:00Z,2026-05-30T09:45:00Z,2026-05-30,2026-05-30_47,-27.0,27,0,73,63.99149235279496,70.20149235279496,0.01725,0.0,0.0,True,True,True,False,0.0675,724.937605974585,30.169178304025607,0.0,0.0,0.0,755.1742842786107
2026-05-30T09:45:00Z,2026-05-30T10:00:00Z,2026-05-30,2026-05-30_48,-27.0,27,0,73,70.20149235279496,76.41149235279495,0.01725,0.0,0.0,True,True,True,False,0.0675,724.937605974585,30.169178304025607,0.0,0.0,0.0,755.1742842786107
2026-05-30T10:00:00Z,2026-05-30T10:15:00Z,2026-05-30,2026-05-30_49,-23.0,100,77,0,76.41149235279495,82.752205147826,0.01769811525189786,0.018285714285714287,1.16292,True,True,True,False,0.0575,0.0,110.76606527081864,78.88652860599363,1.5641916809780554,-53.25805375602508,138.01623180176526
2026-05-30T10:15:00Z,2026-05-30T10:30:00Z,2026-05-30,2026-05-30_50,-23.0,100,77,0,82.752205147826,91.07172834782601,0.023109786666666667,0.0,3.2929600000000003,True,True,True,False,0.23,0.0,110.76606527081864,78.88652860599363,0.0,-107.03986401722267,82.84272985958961
2026-05-30T10:30:00Z,2026-05-30T10:45:00Z,2026-05-30,2026-05-30_51,-23.0,100,77,0,91.07172834782601,95.07355351055892,0.01731497327812284,1.3331428571428572,0.11924000000000001,True,True,True,False,0.23,0.0,110.76606527081864,78.88652860599363,114.1848832544506,-6.363979805292538,297.7034973259703
2026-05-30T10:45:00Z,2026-05-30T11:00:00Z,2026-05-30,2026-05-30_52,-23.0,100,77,0,95.07355351055892,81.91135542857135,0.045263459434092476,17.597714285714286,0.0,True,True,True,False,0.46,0.0,110.76606527081864,78.88652860599363,9216.446219207834,0.0,9406.558813084646
2026-05-30T11:00:00Z,2026-05-30T11:15:00Z,2026-05-30,2026-05-30_53,-27.0,0,0,73,81.91135542857135,88.12135542857135,0.01725,0.0,0.0,True,False,True,False,5.4675,724.937605974585,0.0,0.0,0.0,0.0,730.405105974585
2026-05-30T11:15:00Z,2026-05-30T11:30:00Z,2026-05-30,2026-05-30_54,-27.0,0,0,73,88.12135542857135,94.33135542857134,0.01725,0.0,0.0,True,False,True,False,7.0875,724.937605974585,0.0,0.0,0.0,0.0,732.025105974585
2026-05-30T11:30:00Z,2026-05-30T11:45:00Z,2026-05-30,2026-05-30_55,-27.0,0,0,73,94.33135542857134,100.54135542857134,0.01725,0.0,0.0,True,False,True,False,7.897499999999999,724.937605974585,0.0,0.0,0.0,0.0,732.8351059745851
2026-05-30T11:45:00Z,2026-05-30T12:00:00Z,2026-05-30,2026-05-30_56,-27.0,0,0,73,100.54135542857134,106.75135542857133,0.01725,0.0,0.0,True,False,True,False,11.069999999999999,724.937605974585,0.0,0.0,0.0,0.0,736.0076059745851
2026-05-30T12:00:00Z,2026-05-30T12:15:00Z,2026-05-30,2026-05-30_57,-27.0,27,0,73,106.75135542857133,112.95652937142847,0.017236594285714286,0.005245714285714286,0.0,True,True,True,False,6.0075,724.937605974585,29.798814989807386,0.0,0.44972688155069224,0.0,761.1936478459431
2026-05-30T12:15:00Z,2026-05-30T12:30:00Z,2026-05-30,2026-05-30_58,-27.0,27,0,73,112.95652937142847,119.16652937142847,0.01725,0.0,0.0,True,True,True,False,1.2825,724.937605974585,29.798814989807386,0.0,0.0,0.0,756.0189209643925
2026-05-30T12:30:00Z,2026-05-30T12:45:00Z,2026-05-30,2026-05-30_59,-27.0,27,0,73,119.16652937142847,125.37652937142846,0.01725,0.0,0.0,True,True,True,False,0.675,724.937605974585,29.798814989807386,0.0,0.0,0.0,755.4114209643924
2026-05-30T12:45:00Z,2026-05-30T13:00:00Z,2026-05-30,2026-05-30_60,-27.0,27,0,73,125.37652937142846,131.5799999999999,0.017231862857142854,0.007097142857142857,0.0,True,True,True,False,0.675,724.937605974585,29.798814989807386,0.0,0.6084540162156424,0.0,756.019874980608
2026-05-30T13:00:00Z,2026-05-30T13:15:00Z,2026-05-30,2026-05-30_61,-26.999999999999943,0,0,73,131.5799999999999,137.78999999999988,0.017249999999999967,0.0,0.0,True,False,True,False,0.13499999999999973,724.937605974585,0.0,0.0,0.0,0.0,725.072605974585
2026-05-30T13:15:00Z,2026-05-30T13:30:00Z,2026-05-30,2026-05-30_62,-27.0,0,0,73,137.78999999999988,143.9999999999999,0.01725,0.0,0.0,True,False,True,False,0.0675,724.937605974585,0.0,0.0,0.0,0.0,725.005105974585
2026-05-30T13:30:00Z,2026-05-30T13:45:00Z,2026-05-30,2026-05-30_63,-27.000000000000068,0,0,73,143.9999999999999,150.2099999999999,0.017250000000000043,0.0,0.0,True,False,True,False,0.06750000000000017,724.937605974585,0.0,0.0,0.0,0.0,725.005105974585
2026-05-30T13:45:00Z,2026-05-30T14:00:00Z,2026-05-30,2026-05-30_64,-27.0,0,0,73,150.2099999999999,156.4199999999999,0.01725,0.0,0.0,True,False,True,False,-0.0,724.937605974585,0.0,0.0,0.0,0.0,724.937605974585
2026-05-30T14:00:00Z,2026-05-30T14:15:00Z,2026-05-30,2026-05-30_65,-56.00000000000006,100,44,0,156.4199999999999,173.39579905590054,0.04717625341614911,0.008,4.4605942857142855,True,True,True,False,-0.0,0.0,109.45150412467373,28.51797519480272,0.7099392253615043,1338.1111503242855,1476.7905688691235
2026-05-30T14:15:00Z,2026-05-30T14:30:00Z,2026-05-30,2026-05-30_66,-56.00000000000013,100,44,0,173.39579905590054,180.7372426732919,0.03587944138026229,5.828571428571428,0.27380571428571426,True,True,True,False,-0.0,0.0,109.45150412467373,28.51797519480272,1421.461193229602,-13.835563565699479,1545.595108983379
2026-05-30T14:30:00Z,2026-05-30T14:45:00Z,2026-05-30,2026-05-30_67,-56.00000000000013,100,44,0,180.7372426732919,180.31054394037264,0.034403407591442364,13.394285714285715,0.0,True,True,True,False,-7.1400000000000166,0.0,109.45150412467373,28.51797519480272,5274.726313812691,0.0,5405.555793132167
2026-05-30T14:45:00Z,2026-05-30T15:00:00Z,2026-05-30,2026-05-30_68,-56.00000000000013,100,44,0,180.31054394037264,169.6409797962733,0.03334548262249819,23.704571428571427,0.0,True,True,True,False,-161.42000000000036,0.0,109.45150412467373,28.51797519480272,10081.97797448717,0.0,10058.527453806646
2026-05-30T15:00:00Z,2026-05-30T15:15:00Z,2026-05-30,2026-05-30_69,-100.0,100,0,0,169.6409797962733,189.6480883677019,0.0555753015873016,3.253142857142857,0.0,True,True,True,False,-211.0,0.0,110.02305244908457,0.0,501.9442811146825,0.0,400.96733356376706
2026-05-30T15:15:00Z,2026-05-30T15:30:00Z,2026-05-30,2026-05-30_70,-2.3081725228516867,100,0,0,189.6480883677019,189.99700676459167,0.0019602942797760027,0.16799999999999998,0.0,True,True,True,False,-30.219748755435706,0.0,110.02305244908457,0.0,22.404694316904493,0.0,102.20799801055335
2026-05-30T15:30:00Z,2026-05-30T15:45:00Z,2026-05-30,2026-05-30_71,-40.66895935118016,100,0,0,189.99700676459167,189.99999999999994,0.032884016776711995,9.176,0.0,True,True,True,False,-1008.3868471125122,0.0,110.02305244908457,0.0,2416.714949036941,0.0,1518.3511543735135
2026-05-30T15:45:00Z,2026-05-30T16:00:00Z,2026-05-30,2026-05-30_72,-57.713501180600254,100,0,0,189.99999999999994,183.67607353425578,0.032952625315143265,19.784,0.0,True,True,True,False,-1752.6147471018783,0.0,110.02305244908457,0.0,5685.488673055307,0.0,4042.8969784025135
2026-05-30T16:00:00Z,2026-05-30T16:15:00Z,2026-05-30,2026-05-30_73,7.217833003132907,29,100,0,183.67607353425578,188.60527957141952,0.02144068581756831,0.013422857142857144,7.408571428571428,True,True,True,False,226.45951047329496,0.0,31.865247956714743,70.8719922269428,2.3015434526417784,111.14762603320968,442.64592014280396
2026-05-30T16:15:00Z,2026-05-30T16:30:00Z,2026-05-30,2026-05-30_74,0.30060822117827735,29,100,0,188.60527957141952,189.91643670062106,0.004106343688775669,0.006297142857142857,1.5205714285714287,True,True,True,False,11.129267868572773,0.0,31.865247956714743,70.8719922269428,1.0797364345726859,-57.10782961327953,57.83841487352347
2026-05-30T16:30:00Z,2026-05-30T16:45:00Z,2026-05-30,2026-05-30_75,71.0,29,100,0,189.91643670062106,169.92049068322976,0.055863607508626636,0.8521028571428572,0.21542857142857144,True,True,True,False,2965.8475,0.0,31.865247956714743,70.8719922269428,204.3783857232672,-12.199547333727068,3260.7635785731977
2026-05-30T16:45:00Z,2026-05-30T17:00:00Z,2026-05-30,2026-05-30_76,71.0,29,100,0,169.92049068322976,147.67999999999992,0.06177914078674948,2.7112514285714284,0.0,True,True,True,False,3572.8975,0.0,31.865247956714743,70.8719922269428,602.855580178704,0.0,4278.490320362362
2026-05-30T17:00:00Z,2026-05-30T17:15:00Z,2026-05-30,2026-05-30_77,0.0,0,8,92,147.67999999999992,147.67999999999992,0.0,0.0,0.0,True,True,True,False,0.0,913.61999657071,0.0,5.669759378155423,0.0,0.0,919.2897559488654
2026-05-30T17:15:00Z,2026-05-30T17:30:00Z,2026-05-30,2026-05-30_78,8.0,0,8,92,147.67999999999992,145.63180124223595,0.005689440993788819,0.0,0.11565714285714285,True,True,True,False,370.28,913.61999657071,0.0,5.669759378155423,0.0,-5.67405054120183,1283.8957054076636
2026-05-30T17:30:00Z,2026-05-30T17:45:00Z,2026-05-30,2026-05-30_79,8.0,0,8,92,145.63180124223595,143.48546583850924,0.0059620427881297445,0.0,0.025371428571428573,True,True,True,False,414.64,913.61999657071,0.0,5.669759378155423,0.0,-1.3468768150061372,1332.5828791338593
2026-05-30T17:45:00Z,2026-05-30T18:00:00Z,2026-05-30,2026-05-30_80,8.0,0,8,92,143.48546583850924,141.3241739130434,0.0060035886818495515,0.0,0.011611428571428571,True,True,True,False,468.0,913.61999657071,0.0,5.669759378155423,0.0,-0.6544532878997776,1386.6353026609656
2026-05-30T18:00:00Z,2026-05-30T18:15:00Z,2026-05-30,2026-05-30_81,100.0,0,100,0,141.3241739130434,114.2800745341614,0.07512249827467218,0.0,0.11942857142857141,True,True,True,False,4779.25,0.0,0.0,70.8719922269428,0.0,-7.825757995552808,4842.29623423139
2026-05-30T18:15:00Z,2026-05-30T18:30:00Z,2026-05-30,2026-05-30_82,100.0,0,100,0,114.2800745341614,87.21485714285706,0.07518115942028986,0.0,0.1,True,True,True,False,5381.5,0.0,0.0,70.8719922269428,0.0,-6.768865857608261,5445.603126369335
2026-05-30T18:30:00Z,2026-05-30T18:45:00Z,2026-05-30,2026-05-30_83,100.0,0,100,0,87.21485714285706,63.69622360248438,0.06532953761214631,0.0,3.3628571428571425,True,True,True,False,4335.5,0.0,0.0,70.8719922269428,0.0,-101.47962321357127,4304.8923690133715
2026-05-30T18:45:00Z,2026-05-30T19:00:00Z,2026-05-30,2026-05-30_84,100.0,0,100,0,63.69622360248438,53.029142857142766,0.029630779848171158,0.0,15.186285714285713,True,True,True,False,4538.0,0.0,0.0,70.8719922269428,0.0,410.81869866611504,5019.690690893058
2026-05-30T19:00:00Z,2026-05-30T19:15:00Z,2026-05-30,2026-05-30_85,100.0,0,100,0,53.029142857142766,30.578832298136557,0.062361973775017246,0.0,4.345714285714286,True,True,True,False,5881.25,0.0,0.0,70.8719922269428,0.0,25.86531654251367,5977.987308769457
2026-05-30T19:15:00Z,2026-05-30T19:30:00Z,2026-05-30,2026-05-30_86,100.0,0,100,0,30.578832298136557,10.70057142857134,0.05521739130434782,0.0,6.712,True,True,True,False,5114.25,0.0,0.0,70.8719922269428,0.0,36.54011316656823,5221.662105393511
2026-05-30T19:30:00Z,2026-05-30T19:45:00Z,2026-05-30,2026-05-30_87,0.8628200982429343,0,100,0,10.70057142857134,13.318362802484376,0.008412929207244504,0.0,3.095428571428571,True,True,True,False,35.37778107820591,0.0,0.0,70.8719922269428,0.0,-77.57472243163873,28.675050873509974
2026-05-30T19:45:00Z,2026-05-30T20:00:00Z,2026-05-30,2026-05-30_88,0.0,0,100,0,13.318362802484376,13.388282802484376,0.0001942222222222222,0.0,0.076,True,True,True,False,0.0,0.0,0.0,70.8719922269428,0.0,-5.73572748575892,65.13626474118388
2026-05-30T20:00:00Z,2026-05-30T20:15:00Z,2026-05-30,2026-05-30_89,1.0,99,100,0,13.388282802484376,10.068359503105494,0.009245140593512767,2.8082057142857146,0.004571428571428572,True,True,True,False,45.2275,0.0,108.356989083427,70.8719922269428,558.6253003736838,-0.29089088053823525,782.7908908035154
2026-05-30T20:15:00Z,2026-05-30T20:30:00Z,2026-05-30,2026-05-30_90,0.0,99,100,0,10.068359503105494,9.999999999999904,0.0007973795721187026,0.16349142857142857,0.11885714285714286,True,True,True,False,0.0,0.0,108.356989083427,70.8719922269428,24.91820054814206,-7.240256597981074,196.90692526053078
2026-05-30T20:30:00Z,2026-05-30T20:45:00Z,2026-05-30,2026-05-30_91,0.63638609557305,99,100,0,9.999999999999904,9.999999999999908,0.0015061631227646214,0.09221142857142857,0.2965714285714286,True,True,True,False,24.698144369190075,0.0,108.356989083427,70.8719922269428,14.054209997741024,-16.320384080474007,201.6609515968269
2026-05-30T20:45:00Z,2026-05-30T21:00:00Z,2026-05-30,2026-05-30_92,0.05426326870594088,99,100,0,9.999999999999908,9.99999999999991,0.0025979545789074107,0.4169314285714286,0.5085714285714286,True,True,True,False,2.0076052839480476,0.0,108.356989083427,70.8719922269428,69.5424529057789,-26.32277892238646,224.45626057771028
2026-05-30T21:00:00Z,2026-05-30T21:15:00Z,2026-05-31,2026-05-30_93,0.0,100,100,0,9.99999999999991,11.997462857142766,0.0071358095238095234,0.2628571428571429,2.4817142857142858,True,True,True,False,0.0,0.0,109.48008154089429,70.10040198898817,44.74230301314834,1149.94589995727,1374.2686865003009
2026-05-30T21:15:00Z,2026-05-30T21:30:00Z,2026-05-31,2026-05-30_94,0.0,100,100,0,11.997462857142766,26.205942857142766,0.039467999999999996,0.0,15.443999999999999,True,True,True,False,0.0,0.0,109.48008154089429,70.10040198898817,0.0,8235.701529844348,8415.28201337423
2026-05-30T21:30:00Z,2026-05-30T21:45:00Z,2026-05-31,2026-05-30_95,2.0267760190525864e-14,100,100,0,26.205942857142766,31.677051428571332,0.015197523809523819,0.0,5.946857142857143,True,True,True,False,7.417493535727702e-13,0.0,109.48008154089429,70.10040198898817,0.0,877.7100703004439,1057.290553830327
2026-05-30T21:45:00Z,2026-05-30T22:00:00Z,2026-05-31,2026-05-30_96,0.0,100,100,0,31.677051428571332,32.643839999999905,0.002685523809523809,0.0,1.0508571428571427,True,True,True,False,0.0,0.0,109.48008154089429,70.10040198898817,0.0,-48.003804552246315,131.57667897763613
2026-05-30T22:00:00Z,2026-05-30T22:15:00Z,2026-05-31,2026-05-31_1,0.0,59,0,41,32.643839999999905,32.625883478260775,4.9879227053140105e-05,0.016520000000000003,0.0,True,True,True,False,0.0,407.15673760216424,64.59324810912763,0.0,2.6323196936500985,0.0,474.382305404942
2026-05-30T22:15:00Z,2026-05-30T22:30:00Z,2026-05-31,2026-05-31_2,-21.05773925197418,59,0,41,32.625883478260775,37.24194494409938,0.013681265391674005,0.2211657142857143,0.0,True,True,True,False,-748.1288312745128,407.15673760216424,64.59324810912763,0.0,34.95369708265406,0.0,-241.42514848056686
2026-05-30T22:30:00Z,2026-05-30T22:45:00Z,2026-05-31,2026-05-31_3,-59.0,59,0,41,37.24194494409938,50.78558037267081,0.03762120952380952,0.02865714285714286,0.0,True,True,True,False,-2020.16,407.15673760216424,64.59324810912763,0.0,4.367717861973802,0.0,-1544.0422964267343
2026-05-30T22:45:00Z,2026-05-30T23:00:00Z,2026-05-31,2026-05-31_4,-58.99999999999997,59,0,41,50.78558037267081,64.34782608695652,0.03767290476190475,0.00842857142857143,0.0,True,True,True,False,-1892.1299999999992,407.15673760216424,64.59324810912763,0.0,1.3886773555275527,0.0,-1418.9913369331798
2026-05-30T23:00:00Z,2026-05-30T23:15:00Z,2026-05-31,2026-05-31_5,0.0,0,0,100,64.34782608695652,64.34782608695652,0.0,0.0,0.0,True,True,True,False,0.0,993.0652136638153,0.0,0.0,0.0,0.0,993.0652136638153
2026-05-30T23:15:00Z,2026-05-30T23:30:00Z,2026-05-31,2026-05-31_6,0.0,0,0,100,64.34782608695652,64.34782608695652,0.0,0.0,0.0,True,True,True,False,0.0,993.0652136638153,0.0,0.0,0.0,0.0,993.0652136638153
2026-05-30T23:30:00Z,2026-05-30T23:45:00Z,2026-05-31,2026-05-31_7,0.0,0,0,100,64.34782608695652,64.34782608695652,0.0,0.0,0.0,True,True,True,False,0.0,993.0652136638153,0.0,0.0,0.0,0.0,993.0652136638153
2026-05-30T23:45:00Z,2026-05-31T00:00:00Z,2026-05-31,2026-05-31_8,0.0,0,0,100,64.34782608695652,64.34782608695652,0.0,0.0,0.0,True,True,True,False,0.0,993.0652136638153,0.0,0.0,0.0,0.0,993.0652136638153
2026-05-31T00:00:00Z,2026-05-31T00:15:00Z,2026-05-31,2026-05-31_9,0.0,0,0,100,64.34782608695652,64.34782608695652,0.0,0.0,0.0,True,False,True,False,0.0,993.0652136638153,0.0,0.0,0.0,0.0,993.0652136638153
2026-05-31T00:15:00Z,2026-05-31T00:30:00Z,2026-05-31,2026-05-31_10,0.0,0,0,100,64.34782608695652,64.34782608695652,0.0,0.0,0.0,True,False,True,False,0.0,993.0652136638153,0.0,0.0,0.0,0.0,993.0652136638153
2026-05-31T00:30:00Z,2026-05-31T00:45:00Z,2026-05-31,2026-05-31_11,0.0,0,0,100,64.34782608695652,64.34782608695652,0.0,0.0,0.0,True,False,True,False,0.0,993.0652136638153,0.0,0.0,0.0,0.0,993.0652136638153
2026-05-31T00:45:00Z,2026-05-31T01:00:00Z,2026-05-31,2026-05-31_12,0.0,0,0,100,64.34782608695652,64.34782608695652,0.0,0.0,0.0,True,False,True,False,0.0,993.0652136638153,0.0,0.0,0.0,0.0,993.0652136638153
2026-05-31T01:00:00Z,2026-05-31T01:15:00Z,2026-05-31,2026-05-31_13,-63.0,100,37,0,64.34782608695652,72.11409984596273,0.03687601924085576,6.849142857142858,0.0006342857142857143,True,True,True,False,-2070.6525,0.0,109.48008154089429,37.938234677742,1442.8961862485476,-0.04833665829303011,-480.3863341911093
2026-05-31T01:15:00Z,2026-05-31T01:30:00Z,2026-05-31,2026-05-31_14,-63.0,100,37,0,72.11409984596273,79.126348710559,0.03649617093167702,7.616571428571429,0.0,True,True,True,False,-2082.6225,0.0,109.48008154089429,37.938234677742,1563.5614279998806,0.0,-371.64275578148306
2026-05-31T01:30:00Z,2026-05-31T01:45:00Z,2026-05-31,2026-05-31_15,-60.45255127446412,100,37,0,79.126348710559,86.54237754871276,0.036313981833882805,6.58,0.0,True,True,True,False,-1995.3875861918746,0.0,109.48008154089429,37.938234677742,1301.5071767417935,0.0,-546.4620932314448
2026-05-31T01:45:00Z,2026-05-31T02:00:00Z,2026-05-31,2026-05-31_16,-63.0,100,37,0,86.54237754871276,76.9250593673463,0.028148132726017943,24.55485714285714,0.0,True,True,True,False,-2115.2250000000004,0.0,109.48008154089429,37.938234677742,19722.828581226542,0.0,17755.02189744518
2026-05-31T02:00:00Z,2026-05-31T02:15:00Z,2026-05-31,2026-05-31_17,0.0,0,0,100,76.9250593673463,76.9250593673463,0.0,0.0,0.0,True,False,True,False,0.0,993.0652136638153,0.0,0.0,0.0,0.0,993.0652136638153
2026-05-31T02:15:00Z,2026-05-31T02:30:00Z,2026-05-31,2026-05-31_18,0.0,0,0,100,76.9250593673463,76.9250593673463,0.0,0.0,0.0,True,False,True,False,0.0,993.0652136638153,0.0,0.0,0.0,0.0,993.0652136638153
2026-05-31T02:30:00Z,2026-05-31T02:45:00Z,2026-05-31,2026-05-31_19,0.0,0,0,100,76.9250593673463,76.9250593673463,0.0,0.0,0.0,True,False,True,False,0.0,993.0652136638153,0.0,0.0,0.0,0.0,993.0652136638153
2026-05-31T02:45:00Z,2026-05-31T03:00:00Z,2026-05-31,2026-05-31_20,0.0,0,0,100,76.9250593673463,76.9250593673463,0.0,0.0,0.0,True,False,True,False,0.0,993.0652136638153,0.0,0.0,0.0,0.0,993.0652136638153
2026-05-31T03:00:00Z,2026-05-31T03:15:00Z,2026-05-31,2026-05-31_21,0.0,100,100,0,76.9250593673463,58.298972410824554,0.05173913043478261,17.136,0.0,True,True,True,False,0.0,0.0,107.16531082703042,70.10040198898817,6332.076672826687,0.0,6509.342385642706
2026-05-31T03:15:00Z,2026-05-31T03:30:00Z,2026-05-31,2026-05-31_22,0.0,100,100,0,58.298972410824554,51.20456247293636,0.01970669427191166,6.526857142857143,0.0,True,True,True,False,0.0,0.0,107.16531082703042,70.10040198898817,1832.9440223393747,0.0,2010.2097351553932
2026-05-31T03:30:00Z,2026-05-31T03:45:00Z,2026-05-31,2026-05-31_23,0.0,100,100,0,51.20456247293636,52.55260321827797,0.0040068074534161495,0.04342857142857143,1.5165714285714287,True,True,True,False,0.0,0.0,107.16531082703042,70.10040198898817,6.877739063694978,-34.76652381587435,149.37692806383922
2026-05-31T03:45:00Z,2026-05-31T04:00:00Z,2026-05-31,2026-05-31_24,0.0,100,100,0,52.55260321827797,53.34098781455126,0.0022727729468599036,0.013714285714285714,0.8731428571428572,True,True,True,False,0.0,0.0,107.16531082703042,70.10040198898817,2.198011556162788,-40.374103090987774,139.08962128119362
2026-05-31T04:00:00Z,2026-05-31T04:15:00Z,2026-05-31,2026-05-31_25,0.0,22,20,78,53.34098781455126,53.38985509405437,0.0006785305728088337,0.08988571428571428,0.1593142857142857,True,True,True,False,0.0,774.5908666577758,23.74611823429671,14.020080397797635,15.333435304812165,-5.447565775686335,822.242934818996
2026-05-31T04:15:00Z,2026-05-31T04:30:00Z,2026-05-31,2026-05-31_26,-2.0,22,20,78,53.38985509405437,53.80410425678729,0.00145503994478951,0.05544,0.014857142857142857,True,True,True,False,-62.845,774.5908666577758,23.74611823429671,14.020080397797635,9.324712469279278,-1.0193796251187324,757.8173981340307
2026-05-31T04:30:00Z,2026-05-31T04:45:00Z,2026-05-31,2026-05-31_27,-2.0,22,20,78,53.80410425678729,54.17849048287425,0.001555489689440994,0.09390857142857144,0.01634285714285714,True,True,True,False,-57.99,774.5908666577758,23.74611823429671,14.020080397797635,15.78533149421784,-0.8849534623580995,769.2674433217298
2026-05-31T04:45:00Z,2026-05-31T05:00:00Z,2026-05-31,2026-05-31_28,-1.8616343965037268,22,20,78,54.17849048287425,52.679645346583854,0.005765353149460927,1.7962057142857144,0.0,True,True,True,False,-51.58123504112701,774.5908666577758,23.74611823429671,14.020080397797635,409.89209760738987,0.0,1170.667927856133
2026-05-31T05:00:00Z,2026-05-31T05:15:00Z,2026-05-31,2026-05-31_29,0.0,27,27,73,52.679645346583854,49.86594348322982,0.007815838509316768,2.588605714285714,0.0,True,True,True,False,0.0,724.937605974585,29.69079235649374,19.15858560841319,646.7396307144627,0.0,1420.5266146539548
2026-05-31T05:15:00Z,2026-05-31T05:30:00Z,2026-05-31,2026-05-31_30,0.0,27,27,73,49.86594348322982,49.68665758012423,0.0005035363975155278,0.16585714285714284,0.00108,True,True,True,False,0.0,724.937605974585,29.69079235649374,19.15858560841319,25.120773604265384,-0.08230295871515937,798.8254545850422
2026-05-31T05:30:00Z,2026-05-31T05:45:00Z,2026-05-31,2026-05-31_31,0.0,27,27,73,49.68665758012423,49.69892208695653,0.00014493763975155277,0.018359999999999998,0.03502285714285714,True,True,True,False,0.0,724.937605974585,29.69079235649374,19.15858560841319,2.7808112175884467,-2.378790569996979,774.1890045870834
2026-05-31T05:45:00Z,2026-05-31T06:00:00Z,2026-05-31,2026-05-31_32,0.0,27,27,73,49.69892208695653,49.67391304347827,0.0001522695652173913,0.036719999999999996,0.0162,True,True,True,False,0.0,724.937605974585,29.69079235649374,19.15858560841319,5.5616224351768935,-1.168585760826078,778.1800206138428
2026-05-31T06:00:00Z,2026-05-31T06:15:00Z,2026-05-31,2026-05-31_33,0.0,100,0,0,49.67391304347827,38.81739130434784,0.030157004830917874,9.988,0.0,True,True,True,False,0.0,0.0,109.68012345443807,0.0,3995.7936969650777,0.0,4105.4738204195155
2026-05-31T06:15:00Z,2026-05-31T06:30:00Z,2026-05-31,2026-05-31_34,1.2550347234893074e-14,100,0,0,38.81739130434784,38.312422360248455,0.0014026915113871728,0.4645714285714285,0.0,True,True,True,False,2.9650195342434887e-13,0.0,109.68012345443807,0.0,61.955838366133854,0.0,171.63596182057222
2026-05-31T06:30:00Z,2026-05-31T06:45:00Z,2026-05-31,2026-05-31_35,-26.927295327045066,100,0,0,38.312422360248455,25.23168397515527,0.04528516253497411,18.497142857142855,0.0,True,True,True,False,-492.0963221017485,0.0,109.68012345443807,0.0,19549.611220854433,0.0,19167.19502220712
2026-05-31T06:45:00Z,2026-05-31T07:00:00Z,2026-05-31,2026-05-31_36,-100.0,100,0,0,25.23168397515527,48.04347826086956,0.06336609523809524,0.20457142857142857,0.0,True,True,True,False,-561.0,0.0,109.68012345443807,0.0,27.281906685210235,0.0,-424.03796986035167
2026-05-31T07:00:00Z,2026-05-31T07:15:00Z,2026-05-31,2026-05-31_37,1.6172548962597164,28,30,70,48.04347826086956,48.04347826086956,0.0032760355542216808,0.17472000000000001,0.6774857142857144,True,True,True,False,22.265556784255647,695.1456495646706,30.70243289070091,21.921735982777346,17.998067343633902,3.0175729227620485,791.0510154888004
2026-05-31T07:15:00Z,2026-05-31T07:30:00Z,2026-05-31,2026-05-31_38,1.3829383365998862,28,30,70,48.04347826086956,48.04347826086956,0.0020335011474567756,0.01024,0.4170857142857143,True,True,True,False,5.172189378883575,695.1456495646706,30.70243289070091,21.921735982777346,0.875947341347711,-7.377210027679269,746.4407451307009
2026-05-31T07:30:00Z,2026-05-31T07:45:00Z,2026-05-31,2026-05-31_39,0.13800790478993197,28,30,70,48.04347826086956,48.583426742857256,0.001734983689292712,0.00736,0.6358285714285714,True,True,True,False,0.352955216500251,695.1456495646706,30.70243289070091,21.921735982777346,0.7928451294556955,-18.007289233390395,730.9083295507145
2026-05-31T07:45:00Z,2026-05-31T08:00:00Z,2026-05-31,2026-05-31_40,0.0,28,30,70,48.583426742857256,50.362759314285825,0.004942590476190476,0.0,1.934057142857143,True,True,True,False,0.0,695.1456495646706,30.70243289070091,21.921735982777346,0.0,3.2819537372456273,751.0517721753945
2026-05-31T08:00:00Z,2026-05-31T08:15:00Z,2026-05-31,2026-05-31_41,0.0,27,27,73,50.362759314285825,49.77293871304359,0.0026193734161490687,0.7050857142857143,0.19193142857142856,True,True,True,False,0.0,724.937605974585,29.906837623121035,17.499666596810762,88.63575840380162,-7.587158447892484,853.392710150426
2026-05-31T08:15:00Z,2026-05-31T08:30:00Z,2026-05-31,2026-05-31_42,0.0,27,27,73,49.77293871304359,49.76144187826098,0.00047116993788819876,0.08331428571428572,0.08593714285714286,True,True,True,False,0.0,724.937605974585,29.906837623121035,17.499666596810762,7.437318621860907,-4.444061481181091,775.3373673351966
2026-05-31T08:30:00Z,2026-05-31T08:45:00Z,2026-05-31,2026-05-31_43,0.0,27,27,73,49.76144187826098,49.67391304347837,0.0007099699378881987,0.15783428571428568,0.09133714285714285,True,True,True,False,0.0,724.937605974585,29.906837623121035,17.499666596810762,13.534194527833039,-4.796761757429447,781.0815429649205
2026-05-31T08:45:00Z,2026-05-31T09:00:00Z,2026-05-31,2026-05-31_44,0.0,27,27,73,49.67391304347837,51.59792673788831,0.005668706086956522,0.05369142857142857,2.1547542857142856,True,True,True,False,0.0,724.937605974585,29.906837623121035,17.499666596810762,4.592857823271815,75.84436230502716,852.7813303228158
2026-05-31T09:00:00Z,2026-05-31T09:15:00Z,2026-05-31,2026-05-31_45,-27.0,27,0,73,51.59792673788831,57.786635309316885,0.017190857142857143,0.023142857142857142,0.0,True,True,True,False,-0.0,724.937605974585,29.906837623121035,0.0,1.9796800962378511,0.0,756.8241236939439
2026-05-31T09:15:00Z,2026-05-31T09:30:00Z,2026-05-31,2026-05-31_46,-27.0,27,0,73,57.786635309316885,63.99365450931688,0.017241720000000002,0.0032400000000000003,0.0,True,True,True,False,-0.0,724.937605974585,29.906837623121035,0.0,0.2771552134732992,0.0,755.1215988111794
2026-05-31T09:30:00Z,2026-05-31T09:45:00Z,2026-05-31,2026-05-31_47,-27.0,27,0,73,63.99365450931688,70.19442822360259,0.01722437142857143,0.010028571428571428,0.0,True,True,True,False,-0.0,724.937605974585,29.906837623121035,0.0,0.8578613750364021,0.0,755.7023049727425
2026-05-31T09:45:00Z,2026-05-31T10:00:00Z,2026-05-31,2026-05-31_48,-24.605473054280253,27,0,73,70.19442822360259,75.85368702608704,0.015720163340234607,0.0,0.0,True,True,True,False,-0.0,724.937605974585,29.906837623121035,0.0,0.0,0.0,754.8444435977061
2026-05-31T10:00:00Z,2026-05-31T10:15:00Z,2026-05-31,2026-05-31_49,-27.0,27,0,73,75.85368702608704,82.04381502608705,0.0171948,0.0216,0.0,True,True,True,False,-0.0,724.937605974585,29.906837623121035,0.0,1.8477014231553277,0.0,756.6921450208614
2026-05-31T10:15:00Z,2026-05-31T10:30:00Z,2026-05-31,2026-05-31_50,-27.0,27,0,73,82.04381502608705,88.2251425689442,0.017170354285714288,0.03116571428571429,0.0,True,True,True,False,-0.0,724.937605974585,29.906837623121035,0.0,2.665969196266973,0.0,757.510412793973
2026-05-31T10:30:00Z,2026-05-31T10:45:00Z,2026-05-31,2026-05-31_51,-27.0,27,0,73,88.2251425689442,94.27801182608705,0.016813525714285717,0.1707942857142857,0.0,True,True,True,False,0.0675,724.937605974585,29.906837623121035,0.0,14.610852586800497,0.0,769.5227961845065
2026-05-31T10:45:00Z,2026-05-31T11:00:00Z,2026-05-31,2026-05-31_52,-27.0,27,0,73,94.27801182608705,99.04431102608706,0.013239720000000002,1.56924,0.0,True,True,True,False,0.0675,724.937605974585,29.906837623121035,0.0,230.70001479167064,0.0,985.6119583893767
2026-05-31T11:00:00Z,2026-05-31T11:15:00Z,2026-05-31,2026-05-31_53,-76.0,100,24,0,99.04431102608706,101.91314946583861,0.030025310365769498,15.218857142857143,0.0,True,True,True,False,0.19,0.0,110.7946426870392,24.58800891615386,2924.0304614572306,0.0,3059.6031130604238
2026-05-31T11:15:00Z,2026-05-31T11:30:00Z,2026-05-31,2026-05-31_54,-75.99999999999994,100,24,0,101.91314946583861,115.34714201242245,0.043424306418219434,4.214285714285714,0.0,True,True,True,False,0.18999999999999986,0.0,110.7946426870392,24.58800891615386,362.582405020916,0.0,498.155056624109
2026-05-31T11:30:00Z,2026-05-31T11:45:00Z,2026-05-31,2026-05-31_55,-75.99999999999994,100,24,0,115.34714201242245,131.22629458881997,0.04652532030365766,1.6674285714285715,0.0,True,True,True,False,0.18999999999999986,0.0,110.7946426870392,24.58800891615386,142.78689379815634,0.0,278.3595454013494
2026-05-31T11:45:00Z,2026-05-31T12:00:00Z,2026-05-31,2026-05-31_56,-76.00000000000013,100,24,0,131.22629458881997,148.716185609938,0.04869151922705322,0.07485714285714286,0.08886857142857144,True,True,True,False,0.19000000000000034,0.0,110.7946426870392,24.58800891615386,6.416958110951137,-4.908181621727546,137.08142809241664
2026-05-31T12:00:00Z,2026-05-31T12:15:00Z,2026-05-31,2026-05-31_57,0.0,27,27,73,148.716185609938,148.61194669316782,0.0004259754037267081,0.11849142857142857,0.02669142857142857,True,True,True,False,0.0,724.937605974585,29.798814989807386,27.661510030673096,10.157407892265862,-1.6554950615503112,790.8998438257811
2026-05-31T12:15:00Z,2026-05-31T12:30:00Z,2026-05-31,2026-05-31_58,0.0,27,27,73,148.61194669316782,148.42337252173925,0.0005261828571428572,0.17388,0.00046285714285714284,True,True,True,False,0.0,724.937605974585,29.798814989807386,27.661510030673096,14.905467050239098,-0.03527269659221116,797.2681253487124
2026-05-31T12:30:00Z,2026-05-31T12:45:00Z,2026-05-31,2026-05-31_59,0.0,27,27,73,148.42337252173925,146.70040357763986,0.0047860248447204965,1.5851314285714284,0.0,True,True,True,False,0.0,724.937605974585,29.798814989807386,27.661510030673096,259.3428912811663,0.0,1041.740822276232
2026-05-31T12:45:00Z,2026-05-31T13:00:00Z,2026-05-31,2026-05-31_60,0.0,27,27,73,146.70040357763986,144.62878245962744,0.005754503105590062,1.9058914285714286,0.0,True,True,True,False,0.0,724.937605974585,29.798814989807386,27.661510030673096,282.743962493366,0.0,1065.1418934884316
2026-05-31T13:00:00Z,2026-05-31T13:15:00Z,2026-05-31,2026-05-31_61,-100.0,100,0,0,144.62878245962744,164.86878245962745,0.05622222222222223,3.0,0.0,True,True,True,False,0.25,0.0,109.65154603821752,0.0,313.4805387795538,0.0,423.38208481777133
2026-05-31T13:15:00Z,2026-05-31T13:30:00Z,2026-05-31,2026-05-31_62,-100.0,100,0,0,164.86878245962745,183.77767388819888,0.05252469841269842,4.446857142857143,0.0,True,True,True,False,-0.0,0.0,109.65154603821752,0.0,636.3600068585798,0.0,746.0115528967973
2026-05-31T13:30:00Z,2026-05-31T13:45:00Z,2026-05-31,2026-05-31_63,-100.0,100,0,0,183.77767388819888,187.53810817391317,0.010445650793650788,20.91257142857143,0.0,True,True,True,False,-0.0,0.0,109.65154603821752,0.0,4424.593167003699,0.0,4534.244713041917
2026-05-31T13:45:00Z,2026-05-31T14:00:00Z,2026-05-31,2026-05-31_64,-100.0,100,0,0,187.53810817391317,189.94009674534175,0.0066721904761904835,22.389142857142854,0.0,True,True,True,False,-0.25,0.0,109.65154603821752,0.0,6936.462634184577,0.0,7045.864180222795
2026-05-31T14:00:00Z,2026-05-31T14:15:00Z,2026-05-31,2026-05-31_65,0.0,45,100,0,189.94009674534175,184.8539787329194,0.01412810559006211,4.679228571428571,0.0,True,True,True,False,0.0,0.0,49.25317685610318,64.81357998818801,850.462652289051,0.0,964.5294091333421
2026-05-31T14:15:00Z,2026-05-31T14:30:00Z,2026-05-31,2026-05-31_66,0.0,45,100,0,184.8539787329194,185.27343090683243,0.005756759834368531,0.7603714285714286,1.3542857142857143,True,True,True,False,0.0,0.0,49.25317685610318,64.81357998818801,105.89659523764162,-66.28850453020088,153.67484755173194
2026-05-31T14:30:00Z,2026-05-31T14:45:00Z,2026-05-31,2026-05-31_67,55.0,45,100,0,185.27343090683243,172.63416402484486,0.04035176038647343,0.0,2.2794285714285714,True,True,True,False,958.65,0.0,49.25317685610318,64.81357998818801,0.0,-111.4470295000585,961.2697273442327
2026-05-31T14:45:00Z,2026-05-31T15:00:00Z,2026-05-31,2026-05-31_68,55.0,45,100,0,172.63416402484486,167.00000000000014,0.036822284195997236,0.002314285714285714,9.205142857142858,True,True,True,False,1295.8,0.0,49.25317685610318,64.81357998818801,0.3086360951818476,239.90823557588942,1650.0836285153623
2026-05-31T15:00:00Z,2026-05-31T15:15:00Z,2026-05-31,2026-05-31_69,0.0,0,0,50,167.00000000000014,167.00000000000014,0.0,0.0,0.0,True,False,True,False,0.0,496.53260683190763,0.0,0.0,0.0,0.0,496.53260683190763
2026-05-31T15:15:00Z,2026-05-31T15:30:00Z,2026-05-31,2026-05-31_70,0.0,0,0,50,167.00000000000014,167.00000000000014,0.0,0.0,0.0,True,False,True,False,0.0,496.53260683190763,0.0,0.0,0.0,0.0,496.53260683190763
2026-05-31T15:30:00Z,2026-05-31T15:45:00Z,2026-05-31,2026-05-31_71,1.2357264969740872e-13,0,0,50,167.00000000000014,167.0000000000001,9.327645659526624e-17,0.0,0.0,True,False,True,False,3.483512994969952e-12,496.53260683190763,0.0,0.0,0.0,0.0,496.5326068319111
2026-05-31T15:45:00Z,2026-05-31T16:00:00Z,2026-05-31,2026-05-31_72,0.6329197714282236,0,0,50,167.0000000000001,166.82801093167723,0.00047774741200801906,0.0,0.0,True,False,True,False,21.39427057370253,496.53260683190763,0.0,0.0,0.0,0.0,517.9268774056102
2026-05-31T16:00:00Z,2026-05-31T16:15:00Z,2026-05-31,2026-05-31_73,0.0,0,100,0,166.82801093167723,185.84099378882007,0.052813841269841275,0.0,20.666285714285713,True,True,True,False,0.0,0.0,0.0,63.270399512278765,0.0,11810.513173971143,11873.783573483423
2026-05-31T16:15:00Z,2026-05-31T16:30:00Z,2026-05-31,2026-05-31_74,100.0,0,100,0,185.84099378882007,168.55714285714305,0.04801069703243616,0.0,9.098857142857144,True,True,True,False,3226.5,0.0,0.0,63.270399512278765,0.0,2473.0866715475086,5762.857071059787
2026-05-31T16:30:00Z,2026-05-31T16:45:00Z,2026-05-31,2026-05-31_75,100.00000000000072,0,100,0,168.55714285714305,146.0552795031056,0.0625051759834374,0.0,4.298285714285714,True,True,True,False,3698.250000000027,0.0,0.0,63.270399512278765,0.0,-19.836037047218056,3741.6843624650874
2026-05-31T16:45:00Z,2026-05-31T17:00:00Z,2026-05-31,2026-05-31_76,100.0,0,100,0,146.0552795031056,134.24596273291925,0.03280365769496204,0.0,14.135428571428571,True,True,True,False,4028.0,0.0,0.0,63.270399512278765,0.0,8890.42756158433,12981.69796109661
2026-05-31T17:00:00Z,2026-05-31T17:15:00Z,2026-05-31,2026-05-31_77,0.0,0,0,100,134.24596273291925,134.24596273291925,0.0,0.0,0.0,True,True,True,False,0.0,993.0652136638153,0.0,0.0,0.0,0.0,993.0652136638153
2026-05-31T17:15:00Z,2026-05-31T17:30:00Z,2026-05-31,2026-05-31_78,0.0,0,0,100,134.24596273291925,134.24596273291925,0.0,0.0,0.0,True,True,True,False,0.0,993.0652136638153,0.0,0.0,0.0,0.0,993.0652136638153
2026-05-31T17:30:00Z,2026-05-31T17:45:00Z,2026-05-31,2026-05-31_79,0.0,0,0,100,134.24596273291925,134.24596273291925,0.0,0.0,0.0,True,True,True,False,0.0,993.0652136638153,0.0,0.0,0.0,0.0,993.0652136638153
2026-05-31T17:45:00Z,2026-05-31T18:00:00Z,2026-05-31,2026-05-31_80,0.0,0,0,100,134.24596273291925,134.24596273291925,0.0,0.0,0.0,True,True,True,False,0.0,993.0652136638153,0.0,0.0,0.0,0.0,993.0652136638153
2026-05-31T18:00:00Z,2026-05-31T18:15:00Z,2026-05-31,2026-05-31_81,0.0,100,100,0,134.24596273291925,127.51055900621118,0.018709454796411316,6.196571428571429,0.0,True,True,True,False,0.0,0.0,108.85137838404239,63.270399512278765,1331.840811707487,0.0,1503.9625896038083
2026-05-31T18:15:00Z,2026-05-31T18:30:00Z,2026-05-31,2026-05-31_82,0.0,100,100,0,127.51055900621118,113.71614906832298,0.03831780538302277,12.690857142857142,0.0,True,True,True,False,0.0,0.0,108.85137838404239,63.270399512278765,3198.9137042591233,0.0,3371.0354821554442
2026-05-31T18:30:00Z,2026-05-31T18:45:00Z,2026-05-31,2026-05-31_83,0.0,100,100,0,113.71614906832298,90.95962732919254,0.06321256038647342,20.936,0.0,True,True,True,False,0.0,0.0,108.85137838404239,63.270399512278765,6301.329557050049,0.0,6473.45133494637
2026-05-31T18:45:00Z,2026-05-31T19:00:00Z,2026-05-31,2026-05-31_84,0.0,100,100,0,90.95962732919254,84.29378881987577,0.018516218081435474,6.132571428571429,0.0,True,True,True,False,0.0,0.0,108.85137838404239,63.270399512278765,1286.4356389229852,0.0,1458.5574168193064
2026-05-31T19:00:00Z,2026-05-31T19:15:00Z,2026-05-31,2026-05-31_85,0.0,0,0,100,84.29378881987577,84.29378881987577,0.0,0.0,0.0,True,True,True,False,0.0,993.0652136638153,0.0,0.0,0.0,0.0,993.0652136638153
2026-05-31T19:15:00Z,2026-05-31T19:30:00Z,2026-05-31,2026-05-31_86,0.0,0,0,100,84.29378881987577,84.29378881987577,0.0,0.0,0.0,True,True,True,False,0.0,993.0652136638153,0.0,0.0,0.0,0.0,993.0652136638153
2026-05-31T19:30:00Z,2026-05-31T19:45:00Z,2026-05-31,2026-05-31_87,0.0,0,0,100,84.29378881987577,84.29378881987577,0.0,0.0,0.0,True,True,True,False,0.0,993.0652136638153,0.0,0.0,0.0,0.0,993.0652136638153
2026-05-31T19:45:00Z,2026-05-31T20:00:00Z,2026-05-31,2026-05-31_88,0.0,0,0,100,84.29378881987577,84.29378881987577,0.0,0.0,0.0,True,True,True,False,0.0,993.0652136638153,0.0,0.0,0.0,0.0,993.0652136638153
2026-05-31T20:00:00Z,2026-05-31T20:15:00Z,2026-05-31,2026-05-31_89,0.0,100,100,0,84.29378881987577,68.3391304347826,0.04431849551414769,14.678285714285716,0.0,True,True,True,False,0.0,0.0,110.0516298653051,63.270399512278765,3674.5574986868005,0.0,3847.8795280643844
2026-05-31T20:15:00Z,2026-05-31T20:30:00Z,2026-05-31,2026-05-31_90,0.0,100,100,0,68.3391304347826,47.91304347826086,0.05673913043478261,18.792,0.0,True,True,True,False,0.0,0.0,110.0516298653051,63.270399512278765,4782.116298653052,0.0,4955.438328030636
2026-05-31T20:30:00Z,2026-05-31T20:45:00Z,2026-05-31,2026-05-31_91,0.0,100,100,0,47.91304347826086,22.883229813664588,0.06952726017943409,23.027428571428572,0.0,True,True,True,False,0.0,0.0,110.0516298653051,63.270399512278765,8337.80331029903,0.0,8511.125339676613
2026-05-31T20:45:00Z,2026-05-31T21:00:00Z,2026-05-31,2026-05-31_92,0.0,100,100,0,22.883229813664588,9.999999999999993,0.03578674948240165,11.852571428571428,0.0,True,True,True,False,0.0,0.0,110.0516298653051,63.270399512278765,2797.7908032975615,0.0,2971.1128326751455
2026-05-31T21:00:00Z,2026-05-31T21:15:00Z,2026-06-01,2026-05-31_93,-100.00000000000018,100,0,0,9.999999999999993,16.73755428571432,0.018715428571428685,17.67657142857143,0.0,True,True,True,False,-3895.2500000000073,0.0,110.08020728152566,0.0,6216.849733631266,0.0,2431.6799409127843
2026-05-31T21:15:00Z,2026-05-31T21:30:00Z,2026-06-01,2026-05-31_94,-100.00000000000006,100,0,0,16.73755428571432,25.09220571428576,0.023207365079365116,15.918857142857142,0.0,True,True,True,False,-3788.7500000000023,0.0,110.08020728152566,0.0,3821.999654458213,0.0,143.32986173973654
2026-05-31T21:30:00Z,2026-05-31T21:45:00Z,2026-06-01,2026-05-31_95,-100.0,100,0,0,25.09220571428576,36.03337142857148,0.030392126984126987,13.10742857142857,0.0,True,True,True,False,-3676.2500000000005,0.0,110.08020728152566,0.0,2866.44871856144,0.0,-699.721074157035
2026-05-31T21:45:00Z,2026-05-31T22:00:00Z,2026-06-01,2026-05-31_96,-100.0,100,0,0,36.03337142857148,50.60196571428577,0.04046831746031746,9.16457142857143,0.0,True,True,True,False,-3608.2500000000005,0.0,110.08020728152566,0.0,1916.6593568720523,0.0,-1581.5104358464225
2026-05-31T22:00:00Z,2026-05-31T22:15:00Z,2026-06-01,2026-06-01_1,0.0,26,0,74,50.60196571428577,50.45565515527956,0.0004064182194616977,0.1346057142857143,0.0,True,True,True,False,0.0,734.8682581112232,28.62085389319667,0.0,22.76608353859176,0.0,786.2551955430116
2026-05-31T22:15:00Z,2026-05-31T22:30:00Z,2026-06-01,2026-06-01_2,-8.5542046942843,26,0,74,50.45565515527956,52.4102425440994,0.005479976936013722,0.01248,0.0,True,True,True,False,-299.09776713565054,734.8682581112232,28.62085389319667,0.0,1.9505144620777686,0.0,466.3418593308471
2026-05-31T22:30:00Z,2026-05-31T22:45:00Z,2026-06-01,2026-06-01_3,-25.999999999999993,26,0,74,52.4102425440994,58.38122128695654,0.01658605206349206,0.009805714285714286,0.0,True,True,True,False,-844.0899999999998,734.8682581112232,28.62085389319667,0.0,1.5352764394172385,0.0,-79.06561155616268
2026-05-31T22:45:00Z,2026-05-31T23:00:00Z,2026-06-01,2026-06-01_4,-25.999999999999993,26,0,74,58.38122128695654,64.34782608695653,0.016573902222222218,0.014560000000000002,0.0,True,True,True,False,-817.3749999999998,734.8682581112232,28.62085389319667,0.0,2.3816608279830063,0.0,-51.50422716759688
2026-05-31T23:00:00Z,2026-05-31T23:15:00Z,2026-06-01,2026-06-01_5,0.0,0,0,100,64.34782608695653,64.34782608695653,0.0,0.0,0.0,True,True,True,False,0.0,993.0652136638153,0.0,0.0,0.0,0.0,993.0652136638153
2026-05-31T23:15:00Z,2026-05-31T23:30:00Z,2026-06-01,2026-06-01_6,0.0,0,0,100,64.34782608695653,64.34782608695653,0.0,0.0,0.0,True,True,True,False,0.0,993.0652136638153,0.0,0.0,0.0,0.0,993.0652136638153
2026-05-31T23:30:00Z,2026-05-31T23:45:00Z,2026-06-01,2026-06-01_7,0.0,0,0,100,64.34782608695653,64.34782608695653,0.0,0.0,0.0,True,True,True,False,0.0,993.0652136638153,0.0,0.0,0.0,0.0,993.0652136638153
2026-05-31T23:45:00Z,2026-06-01T00:00:00Z,2026-06-01,2026-06-01_8,0.0,0,0,100,64.34782608695653,64.34782608695653,0.0,0.0,0.0,True,True,True,False,0.0,993.0652136638153,0.0,0.0,0.0,0.0,993.0652136638153
2026-06-01T00:00:00Z,2026-06-01T00:15:00Z,2026-06-01,2026-06-01_9,0.0,0,0,100,64.34782608695653,64.34782608695653,0.0,0.0,0.0,True,True,True,False,0.0,993.0652136638153,0.0,0.0,0.0,0.0,993.0652136638153
2026-06-01T00:15:00Z,2026-06-01T00:30:00Z,2026-06-01,2026-06-01_10,0.0,0,0,100,64.34782608695653,64.34782608695653,0.0,0.0,0.0,True,True,True,False,0.0,993.0652136638153,0.0,0.0,0.0,0.0,993.0652136638153
2026-06-01T00:30:00Z,2026-06-01T00:45:00Z,2026-06-01,2026-06-01_11,0.0,0,0,100,64.34782608695653,64.34782608695653,0.0,0.0,0.0,True,True,True,False,0.0,993.0652136638153,0.0,0.0,0.0,0.0,993.0652136638153
2026-06-01T00:45:00Z,2026-06-01T01:00:00Z,2026-06-01,2026-06-01_12,0.0,0,0,100,64.34782608695653,64.34782608695653,0.0,0.0,0.0,True,True,True,False,0.0,993.0652136638153,0.0,0.0,0.0,0.0,993.0652136638153
2026-06-01T01:00:00Z,2026-06-01T01:15:00Z,2026-06-01,2026-06-01_13,0.0,0,0,100,64.34782608695653,64.34782608695653,0.0,0.0,0.0,True,True,True,False,0.0,993.0652136638153,0.0,0.0,0.0,0.0,993.0652136638153
2026-06-01T01:15:00Z,2026-06-01T01:30:00Z,2026-06-01,2026-06-01_14,0.0,0,0,100,64.34782608695653,64.34782608695653,0.0,0.0,0.0,True,True,True,False,0.0,993.0652136638153,0.0,0.0,0.0,0.0,993.0652136638153
2026-06-01T01:30:00Z,2026-06-01T01:45:00Z,2026-06-01,2026-06-01_15,0.0,0,0,100,64.34782608695653,64.34782608695653,0.0,0.0,0.0,True,True,True,False,0.0,993.0652136638153,0.0,0.0,0.0,0.0,993.0652136638153
2026-06-01T01:45:00Z,2026-06-01T02:00:00Z,2026-06-01,2026-06-01_16,0.0,0,0,100,64.34782608695653,64.34782608695653,0.0,0.0,0.0,True,True,True,False,0.0,993.0652136638153,0.0,0.0,0.0,0.0,993.0652136638153
2026-06-01T02:00:00Z,2026-06-01T02:15:00Z,2026-06-01,2026-06-01_17,0.0,0,0,100,64.34782608695653,64.34782608695653,0.0,0.0,0.0,True,True,True,False,0.0,993.0652136638153,0.0,0.0,0.0,0.0,993.0652136638153
2026-06-01T02:15:00Z,2026-06-01T02:30:00Z,2026-06-01,2026-06-01_18,0.0,0,0,100,64.34782608695653,64.34782608695653,0.0,0.0,0.0,True,True,True,False,0.0,993.0652136638153,0.0,0.0,0.0,0.0,993.0652136638153
2026-06-01T02:30:00Z,2026-06-01T02:45:00Z,2026-06-01,2026-06-01_19,0.0,0,0,100,64.34782608695653,64.34782608695653,0.0,0.0,0.0,True,True,True,False,0.0,993.0652136638153,0.0,0.0,0.0,0.0,993.0652136638153
2026-06-01T02:45:00Z,2026-06-01T03:00:00Z,2026-06-01,2026-06-01_20,0.0,0,0,100,64.34782608695653,64.34782608695653,0.0,0.0,0.0,True,True,True,False,0.0,993.0652136638153,0.0,0.0,0.0,0.0,993.0652136638153
2026-06-01T03:00:00Z,2026-06-01T03:15:00Z,2026-06-01,2026-06-01_21,0.0,100,100,0,64.34782608695653,67.69610037267081,0.009300761904761904,0.0,3.6394285714285712,True,True,True,False,0.0,0.0,107.99405589742614,62.52738669054469,0.0,-109.39225481257297,61.12918777539785
2026-06-01T03:15:00Z,2026-06-01T03:30:00Z,2026-06-01,2026-06-01_22,0.0,100,100,0,67.69610037267081,86.18126608695653,0.05134768253968254,0.0,20.09257142857143,True,True,True,False,0.0,0.0,107.99405589742614,62.52738669054469,0.0,583.855543937097,754.3769865250678
2026-06-01T03:30:00Z,2026-06-01T03:45:00Z,2026-06-01,2026-06-01_23,0.0,100,100,0,86.18126608695653,96.53152894409939,0.028750730158730163,0.0,11.250285714285715,True,True,True,False,0.0,0.0,107.99405589742614,62.52738669054469,0.0,289.7009121366926,460.22235472466343
2026-06-01T03:45:00Z,2026-06-01T04:00:00Z,2026-06-01,2026-06-01_24,0.0,100,100,0,96.53152894409939,97.63710608695654,0.003071047619047619,0.0,1.2017142857142857,True,True,True,False,0.0,0.0,107.99405589742614,62.52738669054469,0.0,-48.71809102859647,121.80335155937436
2026-06-01T04:00:00Z,2026-06-01T04:15:00Z,2026-06-01,2026-06-01_25,0.0,0,0,100,97.63710608695654,97.63710608695654,0.0,0.0,0.0,True,True,True,False,0.0,993.0652136638153,0.0,0.0,0.0,0.0,993.0652136638153
2026-06-01T04:15:00Z,2026-06-01T04:30:00Z,2026-06-01,2026-06-01_26,0.0,0,0,100,97.63710608695654,97.63710608695654,0.0,0.0,0.0,True,True,True,False,0.0,993.0652136638153,0.0,0.0,0.0,0.0,993.0652136638153
2026-06-01T04:30:00Z,2026-06-01T04:45:00Z,2026-06-01,2026-06-01_27,0.0,0,0,100,97.63710608695654,97.63710608695654,0.0,0.0,0.0,True,True,True,False,0.0,993.0652136638153,0.0,0.0,0.0,0.0,993.0652136638153
2026-06-01T04:45:00Z,2026-06-01T05:00:00Z,2026-06-01,2026-06-01_28,0.0,0,0,100,97.63710608695654,97.63710608695654,0.0,0.0,0.0,True,True,True,False,0.0,993.0652136638153,0.0,0.0,0.0,0.0,993.0652136638153
2026-06-01T05:00:00Z,2026-06-01T05:15:00Z,2026-06-01,2026-06-01_29,0.0,0,0,100,97.63710608695654,97.63710608695654,0.0,0.0,0.0,True,True,True,False,0.0,993.0652136638153,0.0,0.0,0.0,0.0,993.0652136638153
2026-06-01T05:15:00Z,2026-06-01T05:30:00Z,2026-06-01,2026-06-01_30,0.0,0,0,100,97.63710608695654,97.63710608695654,0.0,0.0,0.0,True,True,True,False,0.0,993.0652136638153,0.0,0.0,0.0,0.0,993.0652136638153
2026-06-01T05:30:00Z,2026-06-01T05:45:00Z,2026-06-01,2026-06-01_31,0.0,0,0,100,97.63710608695654,97.63710608695654,0.0,0.0,0.0,True,True,True,False,0.0,993.0652136638153,0.0,0.0,0.0,0.0,993.0652136638153
2026-06-01T05:45:00Z,2026-06-01T06:00:00Z,2026-06-01,2026-06-01_32,0.0,0,0,100,97.63710608695654,97.63710608695654,0.0,0.0,0.0,True,True,True,False,0.0,993.0652136638153,0.0,0.0,0.0,0.0,993.0652136638153
2026-06-01T06:00:00Z,2026-06-01T06:15:00Z,2026-06-01,2026-06-01_33,0.0,53,53,47,97.63710608695654,90.97885763975157,0.018495134575569356,6.125588571428571,0.0,True,True,True,False,0.0,466.74065042199317,58.43338604278991,34.33605136314275,1521.5322949472404,0.0,2081.042382775166
2026-06-01T06:15:00Z,2026-06-01T06:30:00Z,2026-06-01,2026-06-01_34,0.0,53,53,47,90.97885763975157,86.09364024844722,0.013570048309178741,4.4944,0.0,True,True,True,False,0.0,466.74065042199317,58.43338604278991,34.33605136314275,1089.010698927394,0.0,1648.52078675532
2026-06-01T06:30:00Z,2026-06-01T06:45:00Z,2026-06-01,2026-06-01_35,0.0,53,53,47,86.09364024844722,80.01636608198758,0.016882865065562455,5.591348571428571,0.00030285714285714285,True,True,True,False,0.0,466.74065042199317,58.43338604278991,34.33605136314275,1443.612720751831,-0.01448249020883287,2003.108326089548
2026-06-01T06:45:00Z,2026-06-01T07:00:00Z,2026-06-01,2026-06-01_36,0.0,53,53,47,80.01636608198758,78.11627197018635,0.005378655072463768,1.7647485714285716,0.019685714285714286,True,True,True,False,0.0,466.74065042199317,58.43338604278991,34.33605136314275,316.4948079047855,-1.3884149876300613,874.6164807450813
2026-06-01T07:00:00Z,2026-06-01T07:15:00Z,2026-06-01,2026-06-01_37,100.0,0,100,0,78.11627197018635,51.22620985838511,0.07469461697722567,0.0,0.2611428571428571,True,True,True,False,4244.25,0.0,0.0,64.78500257196747,0.0,-11.633989162355105,4297.4010134096125
2026-06-01T07:15:00Z,2026-06-01T07:30:00Z,2026-06-01,2026-06-01_38,99.80840037431993,0,100,0,51.22620985838511,29.73251875776401,0.05975541897114087,0.0,5.179428571428572,True,True,True,False,3629.5324796121445,0.0,0.0,64.78500257196747,0.0,-26.539033212400966,3667.778448971711
2026-06-01T07:30:00Z,2026-06-01T07:45:00Z,2026-06-01,2026-06-01_39,0.0,0,100,0,29.73251875776401,39.08497590062115,0.025979047619047617,0.0,10.165714285714285,True,True,True,False,0.0,0.0,0.0,64.78500257196747,0.0,-42.1955871026038,22.589415469363665
2026-06-01T07:45:00Z,2026-06-01T08:00:00Z,2026-06-01,2026-06-01_40,0.0,0,100,0,39.08497590062115,49.673913043478294,0.029413714285714286,0.0,11.509714285714285,True,True,True,False,0.0,0.0,0.0,64.78500257196747,0.0,619.8501600607475,684.6351626327149
2026-06-01T08:00:00Z,2026-06-01T08:15:00Z,2026-06-01,2026-06-01_41,0.0,0,0,73,49.673913043478294,49.673913043478294,0.0,0.0,0.0,True,False,True,False,0.0,724.937605974585,0.0,0.0,0.0,0.0,724.937605974585
2026-06-01T08:15:00Z,2026-06-01T08:30:00Z,2026-06-01,2026-06-01_42,0.0,0,0,73,49.673913043478294,49.673913043478294,0.0,0.0,0.0,True,False,True,False,0.0,724.937605974585,0.0,0.0,0.0,0.0,724.937605974585
2026-06-01T08:30:00Z,2026-06-01T08:45:00Z,2026-06-01,2026-06-01_43,0.0,0,0,73,49.673913043478294,49.673913043478294,0.0,0.0,0.0,True,False,True,False,0.0,724.937605974585,0.0,0.0,0.0,0.0,724.937605974585
2026-06-01T08:45:00Z,2026-06-01T09:00:00Z,2026-06-01,2026-06-01_44,0.0,0,0,73,49.673913043478294,49.673913043478294,0.0,0.0,0.0,True,False,True,False,0.0,724.937605974585,0.0,0.0,0.0,0.0,724.937605974585
2026-06-01T09:00:00Z,2026-06-01T09:15:00Z,2026-06-01,2026-06-01_45,65.0,35,100,0,49.673913043478294,45.644366012422395,0.034905675086266394,0.0,13.25542857142857,True,True,True,False,2009.9624999999999,0.0,38.608089313951496,102.4500371506411,0.0,108.64658271256833,2259.6672091771607
2026-06-01T09:15:00Z,2026-06-01T09:30:00Z,2026-06-01,2026-06-01_46,65.0,35,100,0,45.644366012422395,37.39670439751556,0.03928617115251898,0.0,9.154285714285713,True,True,True,False,1928.225,0.0,38.608089313951496,102.4500371506411,0.0,-9.421298067894496,2059.861828396698
2026-06-01T09:30:00Z,2026-06-01T09:45:00Z,2026-06-01,2026-06-01_47,0.0,35,100,0,37.39670439751556,42.84486340372674,0.015138605935127674,0.0008,5.922857142857143,True,True,True,False,0.0,0.0,38.608089313951496,102.4500371506411,0.09144773190573263,14.805732357527972,155.9553065540263
2026-06-01T09:45:00Z,2026-06-01T10:00:00Z,2026-06-01,2026-06-01_48,0.0,35,100,0,42.84486340372674,49.86788054658388,0.019508380952380954,0.0,7.6337142857142855,True,True,True,False,0.0,0.0,38.608089313951496,102.4500371506411,0.0,-68.58402680289477,72.47409966169782
2026-06-01T10:00:00Z,2026-06-01T10:15:00Z,2026-06-01,2026-06-01_49,0.0,27,27,73,49.86788054658388,50.51854660372674,0.0018074057142857143,0.0,0.7072457142857143,True,True,True,False,0.0,724.937605974585,29.783383185048297,27.661510030673096,0.0,-22.812174201397298,759.5703249889091
2026-06-01T10:15:00Z,2026-06-01T10:30:00Z,2026-06-01,2026-06-01_50,9.049267265138915e-15,27,27,73,50.51854660372674,50.696673888198795,0.0005311334161490747,0.006017142857142857,0.20072571428571426,True,True,True,False,2.2559823291991315e-13,724.937605974585,29.783383185048297,27.661510030673096,0.6878175835481176,-10.159193837076065,772.9111229367787
2026-06-01T10:30:00Z,2026-06-01T10:45:00Z,2026-06-01,2026-06-01_51,0.0,27,27,73,50.696673888198795,50.49406830310563,0.0008868961490683229,0.2400685714285714,0.06341142857142858,True,True,True,False,0.0,724.937605974585,29.783383185048297,27.661510030673096,34.778041348527445,-3.225007957585672,813.9355325812483
2026-06-01T10:45:00Z,2026-06-01T11:00:00Z,2026-06-01,2026-06-01_52,0.0,27,27,73,50.49406830310563,50.59323940372675,0.0006108790062111802,0.055542857142857144,0.17341714285714288,True,True,True,False,0.0,724.937605974585,29.783383185048297,27.661510030673096,7.709080640025258,-8.58178464821201,781.5097951821197
2026-06-01T11:00:00Z,2026-06-01T11:15:00Z,2026-06-01,2026-06-01_53,-16.792490714143593,100,0,0,50.59323940372675,54.424652303105596,0.010789245043946738,0.029142857142857137,0.0,True,True,True,False,-417.41933792682437,0.0,110.33740402751053,0.0,3.1647447220233897,0.0,-303.9171891772904
2026-06-01T11:15:00Z,2026-06-01T11:30:00Z,2026-06-01,2026-06-01_54,-100.00000000000003,100,0,0,54.424652303105596,72.90035516024847,0.051321396825396846,4.917714285714285,0.0,True,True,True,False,-2474.7500000000005,0.0,110.33740402751053,0.0,815.5663141392889,0.0,-1548.846281833201
2026-06-01T11:30:00Z,2026-06-01T11:45:00Z,2026-06-01,2026-06-01_55,-100.0,100,0,0,72.90035516024847,86.23509801739132,0.03704095238095238,10.505714285714287,0.0,True,True,True,False,-2373.75,0.0,110.33740402751053,0.0,1755.7606698546365,0.0,-507.651926117853
2026-06-01T11:45:00Z,2026-06-01T12:00:00Z,2026-06-01,2026-06-01_56,-100.0,100,0,0,86.23509801739132,90.68264087453419,0.01235428571428572,20.165714285714284,0.0,True,True,True,False,-2317.0,0.0,110.33740402751053,0.0,4386.063027083225,0.0,2179.400431110736
2026-06-01T12:00:00Z,2026-06-01T12:15:00Z,2026-06-01,2026-06-01_57,-100.0,100,0,0,90.68264087453419,100.19281230310561,0.026417142857142858,14.662857142857144,0.0,True,True,True,False,-2215.25,0.0,109.88016536798187,0.0,2810.2855074396543,0.0,704.9156728076362
2026-06-01T12:15:00Z,2026-06-01T12:30:00Z,2026-06-01,2026-06-01_58,-100.0,100,0,0,100.19281230310561,114.09112087453418,0.0386064126984127,9.893142857142855,0.0,True,True,True,False,-2219.75,0.0,109.88016536798187,0.0,1455.2432601116423,0.0,-654.6265745203759
2026-06-01T12:30:00Z,2026-06-01T12:45:00Z,2026-06-01,2026-06-01_59,-100.0,100,0,0,114.09112087453418,129.4772008745342,0.04273911111111112,8.276,0.0,True,True,True,False,-2133.5,0.0,109.88016536798187,0.0,1369.0174367962811,0.0,-654.6023978357371
2026-06-01T12:45:00Z,2026-06-01T13:00:00Z,2026-06-01,2026-06-01_60,-99.99999999999994,100,0,0,129.4772008745342,140.9072808745342,0.03175022222222223,12.575999999999999,0.0,True,True,True,False,-2188.2499999999986,0.0,109.88016536798187,0.0,2138.911915258435,0.0,60.54208062641811
2026-06-01T13:00:00Z,2026-06-01T13:15:00Z,2026-06-01,2026-06-01_61,-27.0,27,0,73,140.9072808745342,146.54553504596277,0.015661817142857144,0.6214628571428571,0.0,True,True,True,False,-576.5174999999999,724.937605974585,29.60591743031873,0.0,90.30859690329675,0.0,268.3346203082006
2026-06-01T13:15:00Z,2026-06-01T13:30:00Z,2026-06-01,2026-06-01_62,-27.0,27,0,73,146.54553504596277,151.9812367602485,0.01509917142857143,0.8416285714285714,0.0,True,True,True,False,-595.485,724.937605974585,29.60591743031873,0.0,130.75106889878967,0.0,289.8095923036934
2026-06-01T13:30:00Z,2026-06-01T13:45:00Z,2026-06-01,2026-06-01_63,-27.0,27,0,73,151.9812367602485,156.39651127453422,0.01226465142857143,1.9507885714285715,0.0,True,True,True,False,-681.615,724.937605974585,29.60591743031873,0.0,324.2685657239748,0.0,397.1970891288786
2026-06-01T13:45:00Z,2026-06-01T14:00:00Z,2026-06-01,2026-06-01_64,0.0,27,0,73,156.39651127453422,155.92560444223608,0.0013080745341614904,0.4332342857142857,0.0,True,True,True,False,0.0,724.937605974585,29.60591743031873,0.0,64.6182609580783,0.0,819.1617843629821
2026-06-01T14:00:00Z,2026-06-01T14:15:00Z,2026-06-01,2026-06-01_65,0.0,27,27,73,155.92560444223608,154.61738903850937,0.003653645962732919,1.2068228571428572,0.0038571428571428576,True,True,True,False,0.0,724.937605974585,29.551906113661907,17.499666596810762,206.00299939851345,-0.2939391382684264,977.6982389453027
2026-06-01T14:15:00Z,2026-06-01T14:30:00Z,2026-06-01,2026-06-01_66,0.0,27,27,73,154.61738903850937,154.70604000000006,0.0010083644720496896,0.12620571428571428,0.24546857142857142,True,True,True,False,0.0,724.937605974585,29.551906113661907,17.499666596810762,19.92799505311317,-12.458620810346657,779.4585529278243
2026-06-01T14:30:00Z,2026-06-01T14:45:00Z,2026-06-01,2026-06-01_67,0.0,27,27,73,154.70604000000006,156.0992091428572,0.003869914285714285,0.0,1.5143142857142855,True,True,True,False,0.0,724.937605974585,29.551906113661907,17.499666596810762,0.0,-11.713728329473112,760.2754503555846
2026-06-01T14:45:00Z,2026-06-01T15:00:00Z,2026-06-01,2026-06-01_68,-5.0909074366735714e-14,27,27,73,156.0992091428572,156.3111614906833,0.0011934149068323296,0.10013142857142858,0.34868571428571427,True,True,True,False,-1.6684176396838462e-12,724.937605974585,29.551906113661907,17.499666596810762,15.786004242521564,-5.796703200398451,781.9784797271792
2026-06-01T15:00:00Z,2026-06-01T15:15:00Z,2026-06-01,2026-06-01_69,0.0,0,100,0,156.3111614906833,162.49513863354045,0.017177714285714282,0.0,6.721714285714285,True,True,True,False,0.0,0.0,0.0,62.098725447236575,0.0,111.81641954913002,173.9151449963666
2026-06-01T15:15:00Z,2026-06-01T15:30:00Z,2026-06-01,2026-06-01_70,0.0,0,100,0,162.49513863354045,173.14032720496903,0.029569968253968258,0.0,11.570857142857143,True,True,True,False,0.0,0.0,0.0,62.098725447236575,0.0,2401.4626326604484,2463.561358107685
2026-06-01T15:30:00Z,2026-06-01T15:45:00Z,2026-06-01,2026-06-01_71,100.0,0,100,0,173.14032720496903,159.1229359006212,0.03893719806763286,0.0,12.104,True,True,True,False,3463.7500000000005,0.0,0.0,62.098725447236575,0.0,1064.9716702547198,4590.820395701957
2026-06-01T15:45:00Z,2026-06-01T16:00:00Z,2026-06-01,2026-06-01_72,100.0,0,100,0,159.1229359006212,141.72169366459636,0.048336783988957896,0.0,8.990857142857143,True,True,True,False,4281.0,0.0,0.0,62.098725447236575,0.0,129.36186879972132,4472.460594246958
2026-06-01T16:00:00Z,2026-06-01T16:15:00Z,2026-06-01,2026-06-01_73,0.0,0,0,100,141.72169366459636,141.72169366459636,0.0,0.0,0.0,True,True,True,False,0.0,993.0652136638153,0.0,0.0,0.0,0.0,993.0652136638153
2026-06-01T16:15:00Z,2026-06-01T16:30:00Z,2026-06-01,2026-06-01_74,0.0,0,0,100,141.72169366459636,141.72169366459636,0.0,0.0,0.0,True,True,True,False,0.0,993.0652136638153,0.0,0.0,0.0,0.0,993.0652136638153
2026-06-01T16:30:00Z,2026-06-01T16:45:00Z,2026-06-01,2026-06-01_75,0.0,0,0,100,141.72169366459636,141.72169366459636,0.0,0.0,0.0,True,True,True,False,0.0,993.0652136638153,0.0,0.0,0.0,0.0,993.0652136638153
2026-06-01T16:45:00Z,2026-06-01T17:00:00Z,2026-06-01,2026-06-01_76,0.0,0,0,100,141.72169366459636,141.72169366459636,0.0,0.0,0.0,True,True,True,False,0.0,993.0652136638153,0.0,0.0,0.0,0.0,993.0652136638153
2026-06-01T17:00:00Z,2026-06-01T17:15:00Z,2026-06-01,2026-06-01_77,3.475480772739621e-14,100,95,0,141.72169366459636,137.79188000000008,0.010916149068323007,3.6154285714285717,0.0,True,True,True,False,1.1379592920142705e-12,0.0,105.96505934576768,60.10687953666483,942.3953563059472,0.0,1108.4672951883808
2026-06-01T17:15:00Z,2026-06-01T17:30:00Z,2026-06-01,2026-06-01_78,-5.0,100,95,0,137.79188000000008,131.12658956521747,0.023051902001380263,7.2457142857142856,0.0,True,True,True,False,-162.5,0.0,105.96505934576768,60.10687953666483,1831.8340180119374,0.0,1835.4059568943699
2026-06-01T17:30:00Z,2026-06-01T17:45:00Z,2026-06-01,2026-06-01_79,-5.0,100,95,0,131.12658956521747,118.88150226086965,0.03722931235334713,12.418857142857142,0.0,True,True,True,False,-164.20000000000002,0.0,105.96505934576768,60.10687953666483,4061.3748925897403,0.0,4063.2468314721727
2026-06-01T17:45:00Z,2026-06-01T18:00:00Z,2026-06-01,2026-06-01_80,-4.99822603141012,100,95,0,118.88150226086965,95.71487304347838,0.06497916958622532,22.544,0.0,True,True,True,False,-182.18533884489887,0.0,105.96505934576768,60.10687953666483,18110.796209491513,0.0,18094.682809529048
2026-06-01T18:00:00Z,2026-06-01T18:15:00Z,2026-06-01,2026-06-01_81,0.0,100,100,0,95.71487304347838,86.48257490683241,0.025645272601794344,8.493714285714287,0.0,True,True,True,False,0.0,0.0,109.53723637333536,63.270399512278765,5453.209241664241,0.0,5626.016877549855
2026-06-01T18:15:00Z,2026-06-01T18:30:00Z,2026-06-01,2026-06-01_82,0.0,100,100,0,86.48257490683241,85.02977987577651,0.004035541752933058,1.3365714285714287,0.0,True,True,True,False,0.0,0.0,109.53723637333536,63.270399512278765,324.93105886131247,0.0,497.73869474692657
2026-06-01T18:30:00Z,2026-06-01T18:45:00Z,2026-06-01,2026-06-01_83,1.216418270458867e-13,100,100,0,85.02977987577651,80.84220223602493,0.011632160110421074,3.8525714285714288,0.0,True,True,True,False,5.108956735927241e-12,0.0,109.53723637333536,63.270399512278765,1033.0959949703747,0.0,1205.903630855994
2026-06-01T18:45:00Z,2026-06-01T19:00:00Z,2026-06-01,2026-06-01_84,-1.496387554929559e-14,100,100,0,80.84220223602493,77.34592894409947,0.009711870255348521,3.216571428571428,0.0,True,True,True,False,-5.741639048264717e-13,0.0,109.53723637333536,63.270399512278765,840.8623526562026,0.0,1013.6699885418161
2026-06-01T19:00:00Z,2026-06-01T19:15:00Z,2026-06-01,2026-06-01_85,0.0,100,100,0,77.34592894409947,59.09064944099388,0.05070910973084886,16.794857142857143,0.0,True,True,True,False,0.0,0.0,106.87953666482501,63.270399512278765,9214.83118726917,0.0,9384.981123446274
2026-06-01T19:15:00Z,2026-06-01T19:30:00Z,2026-06-01,2026-06-01_86,0.0,100,100,0,59.09064944099388,51.45310608695661,0.021414001380262247,7.059428571428571,0.03885714285714286,True,True,True,False,0.0,0.0,106.87953666482501,63.270399512278765,2349.5352935444976,-2.968567563816092,2516.7166621577853
2026-06-01T19:30:00Z,2026-06-01T19:45:00Z,2026-06-01,2026-06-01_87,0.0,100,100,0,51.45310608695661,58.10286608695661,0.018471555555555554,0.0,7.228,True,True,True,False,0.0,0.0,106.87953666482501,63.270399512278765,0.0,-347.17369201165957,-177.0237558345558
2026-06-01T19:45:00Z,2026-06-01T20:00:00Z,2026-06-01,2026-06-01_88,0.0,100,100,0,58.10286608695661,64.34782608695662,0.017347111111111112,0.0,6.787999999999999,True,True,True,False,0.0,0.0,106.87953666482501,63.270399512278765,0.0,-20.458793270971057,149.6911429061327
2026-06-01T20:00:00Z,2026-06-01T20:15:00Z,2026-06-01,2026-06-01_89,0.0,0,0,100,64.34782608695662,64.34782608695662,0.0,0.0,0.0,True,True,True,False,0.0,993.0652136638153,0.0,0.0,0.0,0.0,993.0652136638153
2026-06-01T20:15:00Z,2026-06-01T20:30:00Z,2026-06-01,2026-06-01_90,0.0,0,0,100,64.34782608695662,64.34782608695662,0.0,0.0,0.0,True,True,True,False,0.0,993.0652136638153,0.0,0.0,0.0,0.0,993.0652136638153
2026-06-01T20:30:00Z,2026-06-01T20:45:00Z,2026-06-01,2026-06-01_91,0.0,0,0,100,64.34782608695662,64.34782608695662,0.0,0.0,0.0,True,True,True,False,0.0,993.0652136638153,0.0,0.0,0.0,0.0,993.0652136638153
2026-06-01T20:45:00Z,2026-06-01T21:00:00Z,2026-06-01,2026-06-01_92,0.0,0,0,100,64.34782608695662,64.34782608695662,0.0,0.0,0.0,True,True,True,False,0.0,993.0652136638153,0.0,0.0,0.0,0.0,993.0652136638153
2026-06-01T21:00:00Z,2026-06-01T21:15:00Z,2026-06-02,2026-06-01_93,0.0,0,0,100,64.34782608695662,64.34782608695662,0.0,0.0,0.0,True,True,True,False,0.0,993.0652136638153,0.0,0.0,0.0,0.0,993.0652136638153
2026-06-01T21:15:00Z,2026-06-01T21:30:00Z,2026-06-02,2026-06-01_94,0.0,0,0,100,64.34782608695662,64.34782608695662,0.0,0.0,0.0,True,True,True,False,0.0,993.0652136638153,0.0,0.0,0.0,0.0,993.0652136638153
2026-06-01T21:30:00Z,2026-06-01T21:45:00Z,2026-06-02,2026-06-01_95,0.0,0,0,100,64.34782608695662,64.34782608695662,0.0,0.0,0.0,True,True,True,False,0.0,993.0652136638153,0.0,0.0,0.0,0.0,993.0652136638153
2026-06-01T21:45:00Z,2026-06-01T22:00:00Z,2026-06-02,2026-06-01_96,0.0,0,0,100,64.34782608695662,64.34782608695662,0.0,0.0,0.0,True,True,True,False,0.0,993.0652136638153,0.0,0.0,0.0,0.0,993.0652136638153
2026-06-01T22:00:00Z,2026-06-01T22:15:00Z,2026-06-02,2026-06-02_1,0.0,0,0,100,64.34782608695662,64.34782608695662,0.0,0.0,0.0,True,True,True,False,0.0,993.0652136638153,0.0,0.0,0.0,0.0,993.0652136638153
2026-06-01T22:15:00Z,2026-06-01T22:30:00Z,2026-06-02,2026-06-02_2,0.0,0,0,100,64.34782608695662,64.34782608695662,0.0,0.0,0.0,True,True,True,False,0.0,993.0652136638153,0.0,0.0,0.0,0.0,993.0652136638153
2026-06-01T22:30:00Z,2026-06-01T22:45:00Z,2026-06-02,2026-06-02_3,0.0,0,0,100,64.34782608695662,64.34782608695662,0.0,0.0,0.0,True,True,True,False,0.0,993.0652136638153,0.0,0.0,0.0,0.0,993.0652136638153
2026-06-01T22:45:00Z,2026-06-01T23:00:00Z,2026-06-02,2026-06-02_4,0.0,0,0,100,64.34782608695662,64.34782608695662,0.0,0.0,0.0,True,True,True,False,0.0,993.0652136638153,0.0,0.0,0.0,0.0,993.0652136638153
2026-06-01T23:00:00Z,2026-06-01T23:15:00Z,2026-06-02,2026-06-02_5,0.0,0,0,100,64.34782608695662,64.34782608695662,0.0,0.0,0.0,True,True,True,False,0.0,993.0652136638153,0.0,0.0,0.0,0.0,993.0652136638153
2026-06-01T23:15:00Z,2026-06-01T23:30:00Z,2026-06-02,2026-06-02_6,0.0,0,0,100,64.34782608695662,64.34782608695662,0.0,0.0,0.0,True,True,True,False,0.0,993.0652136638153,0.0,0.0,0.0,0.0,993.0652136638153
2026-06-01T23:30:00Z,2026-06-01T23:45:00Z,2026-06-02,2026-06-02_7,0.0,0,0,100,64.34782608695662,64.34782608695662,0.0,0.0,0.0,True,True,True,False,0.0,993.0652136638153,0.0,0.0,0.0,0.0,993.0652136638153
2026-06-01T23:45:00Z,2026-06-02T00:00:00Z,2026-06-02,2026-06-02_8,0.0,0,0,100,64.34782608695662,64.34782608695662,0.0,0.0,0.0,True,True,True,False,0.0,993.0652136638153,0.0,0.0,0.0,0.0,993.0652136638153
2026-06-02T00:00:00Z,2026-06-02T00:15:00Z,2026-06-02,2026-06-02_9,0.0,0,0,100,64.34782608695662,64.34782608695662,0.0,0.0,0.0,True,True,True,False,0.0,993.0652136638153,0.0,0.0,0.0,0.0,993.0652136638153
2026-06-02T00:15:00Z,2026-06-02T00:30:00Z,2026-06-02,2026-06-02_10,0.0,0,0,100,64.34782608695662,64.34782608695662,0.0,0.0,0.0,True,True,True,False,0.0,993.0652136638153,0.0,0.0,0.0,0.0,993.0652136638153
2026-06-02T00:30:00Z,2026-06-02T00:45:00Z,2026-06-02,2026-06-02_11,0.0,0,0,100,64.34782608695662,64.34782608695662,0.0,0.0,0.0,True,True,True,False,0.0,993.0652136638153,0.0,0.0,0.0,0.0,993.0652136638153
2026-06-02T00:45:00Z,2026-06-02T01:00:00Z,2026-06-02,2026-06-02_12,0.0,0,0,100,64.34782608695662,64.34782608695662,0.0,0.0,0.0,True,True,True,False,0.0,993.0652136638153,0.0,0.0,0.0,0.0,993.0652136638153
2026-06-02T01:00:00Z,2026-06-02T01:15:00Z,2026-06-02,2026-06-02_13,0.0,0,0,100,64.34782608695662,64.34782608695662,0.0,0.0,0.0,True,True,True,False,0.0,993.0652136638153,0.0,0.0,0.0,0.0,993.0652136638153
2026-06-02T01:15:00Z,2026-06-02T01:30:00Z,2026-06-02,2026-06-02_14,0.0,0,0,100,64.34782608695662,64.34782608695662,0.0,0.0,0.0,True,True,True,False,0.0,993.0652136638153,0.0,0.0,0.0,0.0,993.0652136638153
2026-06-02T01:30:00Z,2026-06-02T01:45:00Z,2026-06-02,2026-06-02_15,0.0,0,0,100,64.34782608695662,64.34782608695662,0.0,0.0,0.0,True,True,True,False,0.0,993.0652136638153,0.0,0.0,0.0,0.0,993.0652136638153
2026-06-02T01:45:00Z,2026-06-02T02:00:00Z,2026-06-02,2026-06-02_16,0.0,0,0,100,64.34782608695662,64.34782608695662,0.0,0.0,0.0,True,True,True,False,0.0,993.0652136638153,0.0,0.0,0.0,0.0,993.0652136638153
2026-06-02T02:00:00Z,2026-06-02T02:15:00Z,2026-06-02,2026-06-02_17,0.0,0,0,100,64.34782608695662,64.34782608695662,0.0,0.0,0.0,True,True,True,False,0.0,993.0652136638153,0.0,0.0,0.0,0.0,993.0652136638153
2026-06-02T02:15:00Z,2026-06-02T02:30:00Z,2026-06-02,2026-06-02_18,0.0,0,0,100,64.34782608695662,64.34782608695662,0.0,0.0,0.0,True,True,True,False,0.0,993.0652136638153,0.0,0.0,0.0,0.0,993.0652136638153
2026-06-02T02:30:00Z,2026-06-02T02:45:00Z,2026-06-02,2026-06-02_19,0.0,0,0,100,64.34782608695662,64.34782608695662,0.0,0.0,0.0,True,True,True,False,0.0,993.0652136638153,0.0,0.0,0.0,0.0,993.0652136638153
2026-06-02T02:45:00Z,2026-06-02T03:00:00Z,2026-06-02,2026-06-02_20,0.0,0,0,100,64.34782608695662,64.34782608695662,0.0,0.0,0.0,True,True,True,False,0.0,993.0652136638153,0.0,0.0,0.0,0.0,993.0652136638153
2026-06-02T03:00:00Z,2026-06-02T03:15:00Z,2026-06-02,2026-06-02_21,0.0,100,100,0,64.34782608695662,71.37294608695662,0.019514222222222224,0.0,7.636,True,True,True,False,0.0,0.0,105.13631427537197,62.52738669054469,0.0,303.18363466631104,470.84733563222767
2026-06-02T03:15:00Z,2026-06-02T03:30:00Z,2026-06-02,2026-06-02_22,0.0,100,100,0,71.37294608695662,81.1980203726709,0.02729187301587302,0.0,10.679428571428572,True,True,True,False,0.0,0.0,105.13631427537197,62.52738669054469,0.0,170.33087346192264,337.9945744278393
2026-06-02T03:30:00Z,2026-06-02T03:45:00Z,2026-06-02,2026-06-02_23,0.0,100,100,0,81.1980203726709,77.93456000000009,0.009771961352657005,3.119428571428571,0.1382857142857143,True,True,True,False,0.0,0.0,105.13631427537197,62.52738669054469,891.7670662968839,-7.891946666376356,1051.538820596424
2026-06-02T03:45:00Z,2026-06-02T04:00:00Z,2026-06-02,2026-06-02_24,0.0,100,100,0,77.93456000000009,71.04015006211189,0.019151138716356108,6.342857142857143,0.0,True,True,True,False,0.0,0.0,105.13631427537197,62.52738669054469,1358.2770158645485,0.0,1525.9407168304651
2026-06-02T04:00:00Z,2026-06-02T04:15:00Z,2026-06-02,2026-06-02_25,-63.0,100,37,0,71.04015006211189,69.24167932422368,0.03207319204968944,16.590857142857143,0.0,True,True,True,False,-2182.635,0.0,105.90790451332661,23.135133075501532,18375.999740244897,0.0,16322.407777833725
2026-06-02T04:15:00Z,2026-06-02T04:30:00Z,2026-06-02,2026-06-02_26,0.0,100,37,0,69.24167932422368,58.334225908074615,0.030298481711525188,10.034857142857142,0.0,True,True,True,False,0.0,0.0,105.90790451332661,23.135133075501532,4614.218073882146,0.0,4743.261111470974
2026-06-02T04:30:00Z,2026-06-02T04:45:00Z,2026-06-02,2026-06-02_27,0.0,100,37,0,58.334225908074615,50.14914601739138,0.02277091334713596,7.536000000000001,0.006765714285714286,True,True,True,False,0.0,0.0,105.90790451332661,23.135133075501532,2973.5836491455357,-0.5155910217923212,3102.1110957125716
2026-06-02T04:45:00Z,2026-06-02T05:00:00Z,2026-06-02,2026-06-02_28,-62.364119690576885,100,37,0,50.14914601739138,64.34782608695659,0.03988103205744974,0.19371428571428573,0.04926285714285714,True,True,True,False,-2056.6127570959993,0.0,105.90790451332661,23.135133075501532,31.723210033122594,-2.9594880342275793,-1898.805997508276
2026-06-02T05:00:00Z,2026-06-02T05:15:00Z,2026-06-02,2026-06-02_29,0.0,0,0,100,64.34782608695659,64.34782608695659,0.0,0.0,0.0,True,True,True,False,0.0,993.0652136638153,0.0,0.0,0.0,0.0,993.0652136638153
2026-06-02T05:15:00Z,2026-06-02T05:30:00Z,2026-06-02,2026-06-02_30,0.0,0,0,100,64.34782608695659,64.34782608695659,0.0,0.0,0.0,True,True,True,False,0.0,993.0652136638153,0.0,0.0,0.0,0.0,993.0652136638153
2026-06-02T05:30:00Z,2026-06-02T05:45:00Z,2026-06-02,2026-06-02_31,0.0,0,0,100,64.34782608695659,64.34782608695659,0.0,0.0,0.0,True,True,True,False,0.0,993.0652136638153,0.0,0.0,0.0,0.0,993.0652136638153
2026-06-02T05:45:00Z,2026-06-02T06:00:00Z,2026-06-02,2026-06-02_32,0.0,0,0,100,64.34782608695659,64.34782608695659,0.0,0.0,0.0,True,True,True,False,0.0,993.0652136638153,0.0,0.0,0.0,0.0,993.0652136638153
2026-06-02T06:00:00Z,2026-06-02T06:15:00Z,2026-06-02,2026-06-02_33,0.0,0,0,100,64.34782608695659,64.34782608695659,0.0,0.0,0.0,True,True,True,False,0.0,993.0652136638153,0.0,0.0,0.0,0.0,993.0652136638153
2026-06-02T06:15:00Z,2026-06-02T06:30:00Z,2026-06-02,2026-06-02_34,0.0,0,0,100,64.34782608695659,64.34782608695659,0.0,0.0,0.0,True,True,True,False,0.0,993.0652136638153,0.0,0.0,0.0,0.0,993.0652136638153
2026-06-02T06:30:00Z,2026-06-02T06:45:00Z,2026-06-02,2026-06-02_35,0.0,0,0,100,64.34782608695659,64.34782608695659,0.0,0.0,0.0,True,True,True,False,0.0,993.0652136638153,0.0,0.0,0.0,0.0,993.0652136638153
2026-06-02T06:45:00Z,2026-06-02T07:00:00Z,2026-06-02,2026-06-02_36,0.0,0,0,100,64.34782608695659,64.34782608695659,0.0,0.0,0.0,True,True,True,False,0.0,993.0652136638153,0.0,0.0,0.0,0.0,993.0652136638153
2026-06-02T07:00:00Z,2026-06-02T07:15:00Z,2026-06-02,2026-06-02_37,0.0,27,27,73,64.34782608695659,61.24908230559012,0.008847347329192545,2.890542857142857,0.04690285714285714,True,True,True,False,0.0,724.937605974585,29.320429042275524,17.499666596810762,516.8360456694327,-2.4615667413308366,1286.132180541773
2026-06-02T07:15:00Z,2026-06-02T07:30:00Z,2026-06-02,2026-06-02_38,0.0,27,27,73,61.24908230559012,58.420622678260926,0.007856832298136645,2.602182857142857,0.0,True,True,True,False,0.0,724.937605974585,29.320429042275524,17.499666596810762,522.002670162728,0.0,1293.7603717763993
2026-06-02T07:30:00Z,2026-06-02T07:45:00Z,2026-06-02,2026-06-02_39,0.0,27,27,73,58.420622678260926,58.30869577142863,0.00045679378881987567,0.12713142857142856,0.028542857142857144,True,True,True,False,0.0,724.937605974585,29.320429042275524,17.499666596810762,18.262321084962018,-1.5905020317182104,788.4295206669151
2026-06-02T07:45:00Z,2026-06-02T08:00:00Z,2026-06-02,2026-06-02_40,0.0,27,27,73,58.30869577142863,59.07971729689447,0.0021575649689440997,0.002622857142857143,0.8411657142857143,True,True,True,False,0.0,724.937605974585,29.320429042275524,17.499666596810762,0.37677118743246885,-6.920959382510077,765.2135134185937
2026-06-02T08:00:00Z,2026-06-02T08:15:00Z,2026-06-02,2026-06-02_41,0.0,100,100,0,59.07971729689447,75.28801443975162,0.04502304761904762,0.0,17.617714285714285,True,True,True,False,0.0,0.0,109.68012345443807,64.81357998818801,0.0,8156.217309966986,8330.711013409613
2026-06-02T08:15:00Z,2026-06-02T08:30:00Z,2026-06-02,2026-06-02_42,0.0,100,100,0,75.28801443975162,87.0556030111802,0.03268774603174603,0.0,12.790857142857142,True,True,True,False,0.0,0.0,109.68012345443807,64.81357998818801,0.0,1013.121468389295,1187.615171831921
2026-06-02T08:30:00Z,2026-06-02T08:45:00Z,2026-06-02,2026-06-02_43,0.0,100,100,0,87.0556030111802,87.94799655155286,0.0037245576259489306,0.20628571428571427,1.2137142857142857,True,True,True,False,0.0,0.0,109.68012345443807,64.81357998818801,27.510526014974563,-63.043588234813825,138.96064122278682
2026-06-02T08:45:00Z,2026-06-02T09:00:00Z,2026-06-02,2026-06-02_44,0.0,100,100,0,87.94799655155286,95.08562735900627,0.019978581090407177,0.02514285714285714,7.787999999999999,True,True,True,False,0.0,0.0,109.68012345443807,64.81357998818801,3.353083503210196,-97.70869401207871,80.13809293375758
2026-06-02T09:00:00Z,2026-06-02T09:15:00Z,2026-06-02,2026-06-02_45,-1.0,27,26,73,95.08562735900627,95.482069604969,0.004471897888198758,0.5796514285714286,0.8618628571428572,True,True,True,False,-18.57,724.937605974585,29.613633332698278,26.637009659166687,84.90945361830916,-8.152796696995019,839.3749058877642
2026-06-02T09:15:00Z,2026-06-02T09:30:00Z,2026-06-02,2026-06-02_46,-1.0,27,26,73,95.482069604969,95.92872689689447,0.0017503075224292613,0.0876342857142857,0.3384457142857143,True,True,True,False,-17.8475,724.937605974585,29.613633332698278,26.637009659166687,11.68702013755263,-16.95903894965748,758.0687301543452
2026-06-02T09:30:00Z,2026-06-02T09:45:00Z,2026-06-02,2026-06-02_47,-1.0,27,26,73,95.92872689689447,95.45777440993795,0.00253527690821256,0.66096,0.014560000000000002,True,True,True,False,-17.9775,724.937605974585,29.613633332698278,26.637009659166687,91.90012319533616,-0.8878218598182477,854.2230503019679
2026-06-02T09:45:00Z,2026-06-02T10:00:00Z,2026-06-02,2026-06-02_48,-1.0,27,26,73,95.45777440993795,95.14543954285722,0.002064356218081435,0.5042057142857143,0.0028228571428571426,True,True,True,False,-20.47,724.937605974585,29.613633332698278,26.637009659166687,74.35000229816859,-0.21511990267348532,834.8531313619451
2026-06-02T10:00:00Z,2026-06-02T10:15:00Z,2026-06-02,2026-06-02_49,-27.0,0,0,73,95.14543954285722,101.35543954285721,0.01725,0.0,0.0,True,False,True,False,-444.48749999999995,724.937605974585,0.0,0.0,0.0,0.0,280.4501059745851
2026-06-02T10:15:00Z,2026-06-02T10:30:00Z,2026-06-02,2026-06-02_50,-27.0,0,0,73,101.35543954285721,107.5654395428572,0.01725,0.0,0.0,True,False,True,False,-439.3575,724.937605974585,0.0,0.0,0.0,0.0,285.580105974585
2026-06-02T10:30:00Z,2026-06-02T10:45:00Z,2026-06-02,2026-06-02_51,-27.0,0,0,73,107.5654395428572,113.7754395428572,0.01725,0.0,0.0,True,False,True,False,-444.42,724.937605974585,0.0,0.0,0.0,0.0,280.517605974585
2026-06-02T10:45:00Z,2026-06-02T11:00:00Z,2026-06-02,2026-06-02_52,-27.0,0,0,73,113.7754395428572,119.9854395428572,0.01725,0.0,0.0,True,False,True,False,-466.4925,724.937605974585,0.0,0.0,0.0,0.0,258.44510597458503
2026-06-02T11:00:00Z,2026-06-02T11:15:00Z,2026-06-02,2026-06-02_53,-27.0,0,0,73,119.9854395428572,126.19543954285719,0.01725,0.0,0.0,True,False,True,False,-524.1375,724.937605974585,0.0,0.0,0.0,0.0,200.800105974585
2026-06-02T11:15:00Z,2026-06-02T11:30:00Z,2026-06-02,2026-06-02_54,-0.535352395879183,0,0,73,126.19543954285719,126.3185705939094,0.00034203069736725585,0.0,0.0,True,False,True,False,-11.34411726867989,724.937605974585,0.0,0.0,0.0,0.0,713.5934887059052
2026-06-02T11:30:00Z,2026-06-02T11:45:00Z,2026-06-02,2026-06-02_55,0.0,0,0,73,126.3185705939094,126.3185705939094,0.0,0.0,0.0,True,False,True,False,0.0,724.937605974585,0.0,0.0,0.0,0.0,724.937605974585
2026-06-02T11:45:00Z,2026-06-02T12:00:00Z,2026-06-02,2026-06-02_56,0.0,0,0,73,126.3185705939094,126.3185705939094,0.0,0.0,0.0,True,False,True,False,0.0,724.937605974585,0.0,0.0,0.0,0.0,724.937605974585
2026-06-02T12:00:00Z,2026-06-02T12:15:00Z,2026-06-02,2026-06-02_57,0.0,100,100,0,126.3185705939094,134.19902773676654,0.021890158730158732,0.0,8.565714285714286,True,True,True,False,0.0,0.0,109.33719445979158,102.4500371506411,0.0,3036.276368109781,3248.0635997202135
2026-06-02T12:15:00Z,2026-06-02T12:30:00Z,2026-06-02,2026-06-02_58,0.0,100,100,0,134.19902773676654,143.0294505939094,0.024528952380952384,0.0,9.598285714285716,True,True,True,False,0.0,0.0,109.33719445979158,102.4500371506411,0.0,491.0451445881178,702.8323761985505
2026-06-02T12:30:00Z,2026-06-02T12:45:00Z,2026-06-02,2026-06-02_59,0.0,100,100,0,143.0294505939094,144.73443941378517,0.004770586611456177,0.005714285714285714,1.8599999999999999,True,True,True,False,0.0,0.0,109.33719445979158,102.4500371506411,0.6531980850409473,-58.34217836118044,154.09825133429317
2026-06-02T12:45:00Z,2026-06-02T13:00:00Z,2026-06-02,2026-06-02_60,0.0,100,100,0,144.73443941378517,145.59665258148704,0.003192138026224983,0.132,1.0931428571428572,True,True,True,False,0.0,0.0,109.33719445979158,102.4500371506411,16.384381489454935,-49.11031078620555,179.06130231368206
2026-06-02T13:00:00Z,2026-06-02T13:15:00Z,2026-06-02,2026-06-02_61,-27.0,27,0,73,145.59665258148704,151.69338218148704,0.01693536,0.12312,0.0,True,True,True,False,-444.48749999999995,724.937605974585,29.31271313989598,0.0,16.625715346072507,0.0,326.38853446055356
2026-06-02T13:15:00Z,2026-06-02T13:30:00Z,2026-06-02,2026-06-02_62,-27.0,27,0,73,151.69338218148704,156.41993738148705,0.013129320000000002,1.61244,0.0,True,True,True,False,-444.48749999999995,724.937605974585,29.31271313989598,0.0,272.7496218941112,0.0,582.5124410085923
2026-06-02T13:30:00Z,2026-06-02T13:45:00Z,2026-06-02,2026-06-02_63,-5.9555650940984695,27,0,73,156.41993738148705,156.42000000000004,0.006139223377666935,1.3043314285714287,0.0,True,True,True,False,-157.89691955728566,724.937605974585,29.31271313989598,0.0,208.24971144430262,0.0,804.603111001498
2026-06-02T13:45:00Z,2026-06-02T14:00:00Z,2026-06-02,2026-06-02_64,0.0,27,0,73,156.42000000000004,156.23351552795035,0.0005180124223602485,0.17156571428571432,0.0,True,True,True,False,0.0,724.937605974585,29.31271313989598,0.0,23.284483368760267,0.0,777.5348024832413
2026-06-02T14:00:00Z,2026-06-02T14:15:00Z,2026-06-02,2026-06-02_65,0.0,72,100,0,156.23351552795035,165.38830409937893,0.02542996825396826,0.0,9.950857142857144,True,True,True,False,0.0,0.0,78.45529539522568,64.95646706929071,0.0,94.37095728901024,237.78271975352664
2026-06-02T14:15:00Z,2026-06-02T14:30:00Z,2026-06-02,2026-06-02_66,1.4130646040597417,72,100,0,165.38830409937893,175.08491465341615,0.028135695390281743,0.0,10.929142857142859,True,True,True,False,39.98266297187039,0.0,78.45529539522568,64.95646706929071,0.0,126.20912289105473,309.6035483274415
2026-06-02T14:30:00Z,2026-06-02T14:45:00Z,2026-06-02,2026-06-02_67,28.0,72,100,0,175.08491465341615,178.42753837515528,0.03240197410628019,0.0,11.328000000000001,True,True,True,False,845.5300000000001,0.0,78.45529539522568,64.95646706929071,0.0,213.79876164529713,1202.7405241098136
2026-06-02T14:45:00Z,2026-06-02T15:00:00Z,2026-06-02,2026-06-02_68,28.0,72,100,0,178.42753837515528,170.6431167304348,0.022294204886128363,0.32379428571428576,0.1822857142857143,True,True,True,False,929.53,0.0,78.45529539522568,64.95646706929071,53.534782290711256,-11.126342988871139,1115.3502017663566
2026-06-02T15:00:00Z,2026-06-02T15:15:00Z,2026-06-02,2026-06-02_69,0.0,71,71,29,170.6431167304348,173.05321622857144,0.006925017584541063,0.038137142857142856,2.6647314285714283,True,True,True,False,0.0,287.9889119625064,77.58882813541886,44.5567642744194,6.40181447976855,-16.387725145132446,400.14859370698076
2026-06-02T15:15:00Z,2026-06-02T15:30:00Z,2026-06-02,2026-06-02_70,0.0,71,71,29,173.05321622857144,176.63275222857143,0.009943155555555555,0.0,3.8908,True,True,True,False,0.0,287.9889119625064,77.58882813541886,44.5567642744194,0.0,26.01971110137362,436.1542154737183
2026-06-02T15:30:00Z,2026-06-02T15:45:00Z,2026-06-02,2026-06-02_71,0.0,71,71,29,176.63275222857143,173.94524223602485,0.00761668204278813,2.4975771428571427,0.029617142857142856,True,True,True,False,0.0,287.9889119625064,77.58882813541886,44.5567642744194,523.9073582132854,-2.13365420346576,931.9082083821643
2026-06-02T15:45:00Z,2026-06-02T16:00:00Z,2026-06-02,2026-06-02_72,0.0,71,71,29,173.94524223602485,166.8659689440994,0.019664648033126293,6.512931428571429,0.0,True,True,True,False,0.0,287.9889119625064,77.58882813541886,44.5567642744194,1631.0780536155878,0.0,2041.2125579879325
2026-06-02T16:00:00Z,2026-06-02T16:15:00Z,2026-06-02,2026-06-02_73,-5.99999999999999,100,94,0,166.8659689440994,158.17628037763976,0.0289372695100069,9.350285714285715,0.0,True,True,True,False,-187.9349999999997,0.0,109.2800396273505,59.47417554154204,2254.5323978085203,0.0,2235.351612977413
2026-06-02T16:15:00Z,2026-06-02T16:30:00Z,2026-06-02,2026-06-02_74,-0.027530252108663764,100,94,0,158.17628037763976,156.1203338931677,0.005748959713681686,1.8982857142857141,0.0010742857142857143,True,True,True,False,-0.9769109960759337,0.0,109.2800396273505,59.47417554154204,328.3406092705138,-0.08186749332513207,496.0360459500053
2026-06-02T16:30:00Z,2026-06-02T16:45:00Z,2026-06-02,2026-06-02_75,0.0,100,94,0,156.1203338931677,148.27267080745344,0.02201045968253968,7.2548571428571424,0.04136,True,True,True,False,0.0,0.0,109.2800396273505,59.47417554154204,1707.0870010859417,-2.8805042732763053,1872.960711981558
2026-06-02T16:45:00Z,2026-06-02T17:00:00Z,2026-06-02,2026-06-02_76,0.0,100,94,0,148.27267080745344,128.58757763975157,0.0546808143547274,18.110285714285716,0.0,True,True,True,False,0.0,0.0,109.2800396273505,59.47417554154204,6506.536507948605,0.0,6675.290723117497
2026-06-02T17:00:00Z,2026-06-02T17:15:00Z,2026-06-02,2026-06-02_77,0.0,100,100,0,128.58757763975157,114.2217391304348,0.039905106970324365,13.21657142857143,0.0,True,True,True,False,0.0,0.0,105.13631427537197,63.270399512278765,4169.876253038052,0.0,4338.282966825703
2026-06-02T17:15:00Z,2026-06-02T17:30:00Z,2026-06-02,2026-06-02_78,0.0,100,100,0,114.2217391304348,94.26708074534163,0.0554296066252588,18.358285714285717,0.0,True,True,True,False,0.0,0.0,105.13631427537197,63.270399512278765,9520.405722450692,0.0,9688.812436238342
2026-06-02T17:30:00Z,2026-06-02T17:45:00Z,2026-06-02,2026-06-02_79,0.0,100,100,0,94.26708074534163,77.42608695652176,0.04678053830227742,15.493714285714285,0.0,True,True,True,False,0.0,0.0,105.13631427537197,63.270399512278765,5691.880380052418,0.0,5860.287093840069
2026-06-02T17:45:00Z,2026-06-02T18:00:00Z,2026-06-02,2026-06-02_80,0.0,100,100,0,77.42608695652176,64.34782608695654,0.03632850241545894,12.032000000000002,0.0,True,True,True,False,0.0,0.0,105.13631427537197,63.270399512278765,5334.639775953058,0.0,5503.046489740709
2026-06-02T18:00:00Z,2026-06-02T18:15:00Z,2026-06-02,2026-06-02_81,0.0,0,0,100,64.34782608695654,64.34782608695654,0.0,0.0,0.0,True,False,True,False,0.0,993.0652136638153,0.0,0.0,0.0,0.0,993.0652136638153
2026-06-02T18:15:00Z,2026-06-02T18:30:00Z,2026-06-02,2026-06-02_82,0.0,0,0,100,64.34782608695654,64.34782608695654,0.0,0.0,0.0,True,False,True,False,0.0,993.0652136638153,0.0,0.0,0.0,0.0,993.0652136638153
2026-06-02T18:30:00Z,2026-06-02T18:45:00Z,2026-06-02,2026-06-02_83,0.0,0,0,100,64.34782608695654,64.34782608695654,0.0,0.0,0.0,True,False,True,False,0.0,993.0652136638153,0.0,0.0,0.0,0.0,993.0652136638153
2026-06-02T18:45:00Z,2026-06-02T19:00:00Z,2026-06-02,2026-06-02_84,0.0,0,0,100,64.34782608695654,64.34782608695654,0.0,0.0,0.0,True,False,True,False,0.0,993.0652136638153,0.0,0.0,0.0,0.0,993.0652136638153
2026-06-02T19:00:00Z,2026-06-02T19:15:00Z,2026-06-02,2026-06-02_85,0.0,0,0,100,64.34782608695654,64.34782608695654,0.0,0.0,0.0,True,False,True,False,0.0,993.0652136638153,0.0,0.0,0.0,0.0,993.0652136638153
2026-06-02T19:15:00Z,2026-06-02T19:30:00Z,2026-06-02,2026-06-02_86,0.0,0,0,100,64.34782608695654,64.34782608695654,0.0,0.0,0.0,True,False,True,False,0.0,993.0652136638153,0.0,0.0,0.0,0.0,993.0652136638153
2026-06-02T19:30:00Z,2026-06-02T19:45:00Z,2026-06-02,2026-06-02_87,0.0,0,0,100,64.34782608695654,64.34782608695654,0.0,0.0,0.0,True,False,True,False,0.0,993.0652136638153,0.0,0.0,0.0,0.0,993.0652136638153
2026-06-02T19:45:00Z,2026-06-02T20:00:00Z,2026-06-02,2026-06-02_88,0.0,0,0,100,64.34782608695654,64.34782608695654,0.0,0.0,0.0,True,False,True,False,0.0,993.0652136638153,0.0,0.0,0.0,0.0,993.0652136638153
2026-06-02T20:00:00Z,2026-06-02T20:15:00Z,2026-06-02,2026-06-02_89,82.0,18,100,0,64.34782608695654,41.69954947577642,0.0629397423326432,0.3658628571428571,0.030285714285714284,True,True,True,False,3181.19,0.0,19.608679913886714,63.270399512278765,79.45836701567403,-1.968303127457998,3341.5591433143813
2026-06-02T20:15:00Z,2026-06-02T20:30:00Z,2026-06-02,2026-06-02_90,82.0,18,100,0,41.69954947577642,19.535633013664626,0.061683668902691516,0.014708571428571428,0.12742857142857145,True,True,True,False,2905.875,0.0,19.608679913886714,63.270399512278765,2.4797291231087875,-8.055027801743496,2983.1787807475307
2026-06-02T20:30:00Z,2026-06-02T20:45:00Z,2026-06-02,2026-06-02_91,0.0,18,100,0,19.535633013664626,20.1325567403727,0.0016947674258109041,0.006068571428571428,0.656,True,True,True,False,0.0,0.0,19.608679913886714,63.270399512278765,0.9602006363238013,-35.3293162376879,48.50996382480138
2026-06-02T20:45:00Z,2026-06-02T21:00:00Z,2026-06-02,2026-06-02_92,80.42129898546762,18,100,0,20.1325567403727,10.000000000000037,0.03927136714813494,0.0,11.117714285714285,True,True,True,False,2640.0301924454384,0.0,19.608679913886714,63.270399512278765,0.0,1731.3125120637521,4454.221783935356
2026-06-02T21:00:00Z,2026-06-02T21:15:00Z,2026-06-03,2026-06-02_93,-57.95364580503881,100,40,0,10.000000000000037,24.66458454658381,0.04093517780810554,0.07885714285714286,1.5362285714285715,True,True,True,False,-2112.989926051715,0.0,108.25595555217292,23.700433822969785,13.166033944744653,708.6808655583704,-1259.1866371734573
2026-06-02T21:15:00Z,2026-06-02T21:30:00Z,2026-06-03,2026-06-02_94,-60.00000000000035,100,40,0,24.66458454658381,36.93835508074538,0.037842599309869066,1.552,0.005714285714285715,True,True,True,False,-2030.5500000000118,0.0,108.25595555217292,23.700433822969785,264.7628251769541,-0.3274874147847738,-1634.1582728626997
2026-06-02T21:30:00Z,2026-06-02T21:45:00Z,2026-06-03,2026-06-02_95,-60.0,100,40,0,36.93835508074538,50.53216039751556,0.03830853443754313,0.22685714285714287,0.019200000000000002,True,True,True,False,-1965.9,0.0,108.25595555217292,23.700433822969785,37.67496460917878,-1.110762158459548,-1797.3794081741382
2026-06-02T21:45:00Z,2026-06-02T22:00:00Z,2026-06-03,2026-06-02_96,-59.99999999999998,100,40,0,50.53216039751556,64.34782608695654,0.03854800165631469,0.07085714285714285,0.09302857142857142,True,True,True,False,-1801.0499999999993,0.0,108.25595555217292,23.700433822969785,11.227100997031737,-5.621647396518543,-1663.4881570243433
2026-06-02T22:00:00Z,2026-06-02T22:15:00Z,2026-06-03,2026-06-03_1,0.0,0,0,100,64.34782608695654,64.34782608695654,0.0,0.0,0.0,True,True,True,False,0.0,991.7992236852118,0.0,0.0,0.0,0.0,991.7992236852118
2026-06-02T22:15:00Z,2026-06-02T22:30:00Z,2026-06-03,2026-06-03_2,0.0,0,0,100,64.34782608695654,64.34782608695654,0.0,0.0,0.0,True,True,True,False,0.0,991.7992236852118,0.0,0.0,0.0,0.0,991.7992236852118
2026-06-02T22:30:00Z,2026-06-02T22:45:00Z,2026-06-03,2026-06-03_3,0.0,0,0,100,64.34782608695654,64.34782608695654,0.0,0.0,0.0,True,True,True,False,0.0,991.7992236852118,0.0,0.0,0.0,0.0,991.7992236852118
2026-06-02T22:45:00Z,2026-06-02T23:00:00Z,2026-06-03,2026-06-03_4,0.0,0,0,100,64.34782608695654,64.34782608695654,0.0,0.0,0.0,True,True,True,False,0.0,991.7992236852118,0.0,0.0,0.0,0.0,991.7992236852118
2026-06-02T23:00:00Z,2026-06-02T23:15:00Z,2026-06-03,2026-06-03_5,-100.0,100,0,0,64.34782608695654,71.13059180124226,0.01884101587301587,17.62742857142857,0.0,True,True,True,False,-3010.75,0.0,108.25595555217292,0.0,5952.289183999652,0.0,3049.795139551825
2026-06-02T23:15:00Z,2026-06-02T23:30:00Z,2026-06-03,2026-06-03_6,-100.0,100,0,0,71.13059180124226,80.33006608695655,0.025554095238095233,15.00057142857143,0.0,True,True,True,False,-2935.0,0.0,108.25595555217292,0.0,3698.938379741881,0.0,872.1943352940539
2026-06-02T23:30:00Z,2026-06-02T23:45:00Z,2026-06-03,2026-06-03_7,-100.0,100,0,0,80.33006608695655,91.62714037267084,0.031380761904761904,12.720571428571429,0.0,True,True,True,False,-2915.25,0.0,108.25595555217292,0.0,2546.4305934350296,0.0,-260.56345101279754
2026-06-02T23:45:00Z,2026-06-03T00:00:00Z,2026-06-03,2026-06-03_8,-100.0,100,0,0,91.62714037267084,106.66362037267083,0.041768,8.656,0.0,True,True,True,False,-2870.0,0.0,108.25595555217292,0.0,1611.0658010503082,0.0,-1150.6782433975188
2026-06-03T00:00:00Z,2026-06-03T00:15:00Z,2026-06-03,2026-06-03_9,0.0,0,0,100,106.66362037267083,106.66362037267083,0.0,0.0,0.0,True,True,True,False,0.0,991.7992236852118,0.0,0.0,0.0,0.0,991.7992236852118
2026-06-03T00:15:00Z,2026-06-03T00:30:00Z,2026-06-03,2026-06-03_10,0.0,0,0,100,106.66362037267083,106.66362037267083,0.0,0.0,0.0,True,True,True,False,0.0,991.7992236852118,0.0,0.0,0.0,0.0,991.7992236852118
2026-06-03T00:30:00Z,2026-06-03T00:45:00Z,2026-06-03,2026-06-03_11,0.0,0,0,100,106.66362037267083,106.66362037267083,0.0,0.0,0.0,True,True,True,False,0.0,991.7992236852118,0.0,0.0,0.0,0.0,991.7992236852118
2026-06-03T00:45:00Z,2026-06-03T01:00:00Z,2026-06-03,2026-06-03_12,0.0,0,0,100,106.66362037267083,106.66362037267083,0.0,0.0,0.0,True,True,True,False,0.0,991.7992236852118,0.0,0.0,0.0,0.0,991.7992236852118
2026-06-03T01:00:00Z,2026-06-03T01:15:00Z,2026-06-03,2026-06-03_13,0.0,0,0,100,106.66362037267083,106.66362037267083,0.0,0.0,0.0,True,True,True,False,0.0,991.7992236852118,0.0,0.0,0.0,0.0,991.7992236852118
2026-06-03T01:15:00Z,2026-06-03T01:30:00Z,2026-06-03,2026-06-03_14,0.0,0,0,100,106.66362037267083,106.66362037267083,0.0,0.0,0.0,True,True,True,False,0.0,991.7992236852118,0.0,0.0,0.0,0.0,991.7992236852118
2026-06-03T01:30:00Z,2026-06-03T01:45:00Z,2026-06-03,2026-06-03_15,0.0,0,0,100,106.66362037267083,106.66362037267083,0.0,0.0,0.0,True,True,True,False,0.0,991.7992236852118,0.0,0.0,0.0,0.0,991.7992236852118
2026-06-03T01:45:00Z,2026-06-03T02:00:00Z,2026-06-03,2026-06-03_16,0.0,0,0,100,106.66362037267083,106.66362037267083,0.0,0.0,0.0,True,True,True,False,0.0,991.7992236852118,0.0,0.0,0.0,0.0,991.7992236852118
2026-06-03T02:00:00Z,2026-06-03T02:15:00Z,2026-06-03,2026-06-03_17,0.0,0,0,100,106.66362037267083,106.66362037267083,0.0,0.0,0.0,True,True,True,False,0.0,991.7992236852118,0.0,0.0,0.0,0.0,991.7992236852118
2026-06-03T02:15:00Z,2026-06-03T02:30:00Z,2026-06-03,2026-06-03_18,0.0,0,0,100,106.66362037267083,106.66362037267083,0.0,0.0,0.0,True,True,True,False,0.0,991.7992236852118,0.0,0.0,0.0,0.0,991.7992236852118
2026-06-03T02:30:00Z,2026-06-03T02:45:00Z,2026-06-03,2026-06-03_19,0.0,0,0,100,106.66362037267083,106.66362037267083,0.0,0.0,0.0,True,True,True,False,0.0,991.7992236852118,0.0,0.0,0.0,0.0,991.7992236852118
2026-06-03T02:45:00Z,2026-06-03T03:00:00Z,2026-06-03,2026-06-03_20,0.0,0,0,100,106.66362037267083,106.66362037267083,0.0,0.0,0.0,True,True,True,False,0.0,991.7992236852118,0.0,0.0,0.0,0.0,991.7992236852118
2026-06-03T03:00:00Z,2026-06-03T03:15:00Z,2026-06-03,2026-06-03_21,0.0,0,0,100,106.66362037267083,106.66362037267083,0.0,0.0,0.0,True,True,True,False,0.0,991.7992236852118,0.0,0.0,0.0,0.0,991.7992236852118
2026-06-03T03:15:00Z,2026-06-03T03:30:00Z,2026-06-03,2026-06-03_22,0.0,0,0,100,106.66362037267083,106.66362037267083,0.0,0.0,0.0,True,True,True,False,0.0,991.7992236852118,0.0,0.0,0.0,0.0,991.7992236852118
2026-06-03T03:30:00Z,2026-06-03T03:45:00Z,2026-06-03,2026-06-03_23,0.0,0,0,100,106.66362037267083,106.66362037267083,0.0,0.0,0.0,True,True,True,False,0.0,991.7992236852118,0.0,0.0,0.0,0.0,991.7992236852118
2026-06-03T03:45:00Z,2026-06-03T04:00:00Z,2026-06-03,2026-06-03_24,0.0,0,0,100,106.66362037267083,106.66362037267083,0.0,0.0,0.0,True,True,True,False,0.0,991.7992236852118,0.0,0.0,0.0,0.0,991.7992236852118
2026-06-03T04:00:00Z,2026-06-03T04:15:00Z,2026-06-03,2026-06-03_25,0.0,0,0,100,106.66362037267083,106.66362037267083,0.0,0.0,0.0,True,True,True,False,0.0,991.7992236852118,0.0,0.0,0.0,0.0,991.7992236852118
2026-06-03T04:15:00Z,2026-06-03T04:30:00Z,2026-06-03,2026-06-03_26,0.0,0,0,100,106.66362037267083,106.66362037267083,0.0,0.0,0.0,True,True,True,False,0.0,991.7992236852118,0.0,0.0,0.0,0.0,991.7992236852118
2026-06-03T04:30:00Z,2026-06-03T04:45:00Z,2026-06-03,2026-06-03_27,0.0,0,0,100,106.66362037267083,106.66362037267083,0.0,0.0,0.0,True,True,True,False,0.0,991.7992236852118,0.0,0.0,0.0,0.0,991.7992236852118
2026-06-03T04:45:00Z,2026-06-03T05:00:00Z,2026-06-03,2026-06-03_28,0.0,0,0,100,106.66362037267083,106.66362037267083,0.0,0.0,0.0,True,True,True,False,0.0,991.7992236852118,0.0,0.0,0.0,0.0,991.7992236852118
2026-06-03T05:00:00Z,2026-06-03T05:15:00Z,2026-06-03,2026-06-03_29,0.0,0,0,100,106.66362037267083,106.66362037267083,0.0,0.0,0.0,True,True,True,False,0.0,991.7992236852118,0.0,0.0,0.0,0.0,991.7992236852118
2026-06-03T05:15:00Z,2026-06-03T05:30:00Z,2026-06-03,2026-06-03_30,0.0,0,0,100,106.66362037267083,106.66362037267083,0.0,0.0,0.0,True,True,True,False,0.0,991.7992236852118,0.0,0.0,0.0,0.0,991.7992236852118
2026-06-03T05:30:00Z,2026-06-03T05:45:00Z,2026-06-03,2026-06-03_31,0.0,0,0,100,106.66362037267083,106.66362037267083,0.0,0.0,0.0,True,True,True,False,0.0,991.7992236852118,0.0,0.0,0.0,0.0,991.7992236852118
2026-06-03T05:45:00Z,2026-06-03T06:00:00Z,2026-06-03,2026-06-03_32,0.0,0,0,100,106.66362037267083,106.66362037267083,0.0,0.0,0.0,True,True,True,False,0.0,991.7992236852118,0.0,0.0,0.0,0.0,991.7992236852118
2026-06-03T06:00:00Z,2026-06-03T06:15:00Z,2026-06-03,2026-06-03_33,100.0,0,100,0,106.66362037267083,81.26237813664599,0.07055900621118012,0.0,1.630857142857143,True,True,True,False,3804.0,0.0,0.0,63.132658497602556,0.0,-46.983183325541184,3820.1494751720616
2026-06-03T06:15:00Z,2026-06-03T06:30:00Z,2026-06-03,2026-06-03_34,100.0,0,100,0,81.26237813664599,63.212067577639786,0.050139751552795014,0.0,8.393714285714287,True,True,True,False,3533.0,0.0,0.0,63.132658497602556,0.0,1861.0277684755313,5457.160426973134
2026-06-03T06:30:00Z,2026-06-03T06:45:00Z,2026-06-03,2026-06-03_35,100.0,0,100,0,63.212067577639786,60.57231602484475,0.007332643202208423,0.0,22.57142857142857,True,True,True,False,3369.5,0.0,0.0,63.132658497602556,0.0,8002.631370075999,11435.264028573602
2026-06-03T06:45:00Z,2026-06-03T07:00:00Z,2026-06-03,2026-06-03_36,-7.385396642071693e-14,0,100,0,60.57231602484475,76.08772173913047,0.04309834920634926,0.0,16.86457142857143,True,True,True,False,-2.2769177847507028e-12,0.0,0.0,63.132658497602556,0.0,1854.5124238635253,1917.6450823611256
2026-06-03T07:00:00Z,2026-06-03T07:15:00Z,2026-06-03,2026-06-03_37,87.0,13,100,0,76.08772173913047,62.92241162732923,0.043104642374051066,0.0,9.834285714285715,True,True,True,False,3160.4925,0.0,14.069563893751427,63.189740467311054,0.0,86.93788503147661,3324.689689392539
2026-06-03T07:15:00Z,2026-06-03T07:30:00Z,2026-06-03,2026-06-03_38,86.48829819590856,13,100,0,62.92241162732923,58.224113291925484,0.025251131920161776,0.0,17.666285714285713,True,True,True,False,2759.4091539404626,0.0,14.069563893751427,63.189740467311054,0.0,677.1247039892141,3513.793162290739
2026-06-03T07:30:00Z,2026-06-03T07:45:00Z,2026-06-03,2026-06-03_39,0.0,13,100,0,58.224113291925484,63.04333614906834,0.01338673015873016,0.0,5.238285714285714,True,True,True,False,0.0,0.0,14.069563893751427,63.189740467311054,0.0,-71.20065801920128,6.058646341861197
2026-06-03T07:45:00Z,2026-06-03T08:00:00Z,2026-06-03,2026-06-03_40,0.0,13,100,0,63.04333614906834,64.34782608695653,0.004676861283643892,0.17442285714285713,1.624,True,True,True,False,0.0,0.0,14.069563893751427,63.189740467311054,26.70465848890435,-2.2615982951518383,101.70236455481499
2026-06-03T08:00:00Z,2026-06-03T08:15:00Z,2026-06-03,2026-06-03_41,0.0,0,0,100,64.34782608695653,64.34782608695653,0.0,0.0,0.0,True,True,True,False,0.0,991.7992236852118,0.0,0.0,0.0,0.0,991.7992236852118
2026-06-03T08:15:00Z,2026-06-03T08:30:00Z,2026-06-03,2026-06-03_42,0.0,0,0,100,64.34782608695653,64.34782608695653,0.0,0.0,0.0,True,True,True,False,0.0,991.7992236852118,0.0,0.0,0.0,0.0,991.7992236852118
2026-06-03T08:30:00Z,2026-06-03T08:45:00Z,2026-06-03,2026-06-03_43,0.0,0,0,100,64.34782608695653,64.34782608695653,0.0,0.0,0.0,True,True,True,False,0.0,991.7992236852118,0.0,0.0,0.0,0.0,991.7992236852118
2026-06-03T08:45:00Z,2026-06-03T09:00:00Z,2026-06-03,2026-06-03_44,0.0,0,0,100,64.34782608695653,64.34782608695653,0.0,0.0,0.0,True,True,True,False,0.0,991.7992236852118,0.0,0.0,0.0,0.0,991.7992236852118
2026-06-03T09:00:00Z,2026-06-03T09:15:00Z,2026-06-03,2026-06-03_45,0.0,0,0,100,64.34782608695653,64.34782608695653,0.0,0.0,0.0,True,True,True,False,0.0,991.7992236852118,0.0,0.0,0.0,0.0,991.7992236852118
2026-06-03T09:15:00Z,2026-06-03T09:30:00Z,2026-06-03,2026-06-03_46,0.0,0,0,100,64.34782608695653,64.34782608695653,0.0,0.0,0.0,True,True,True,False,0.0,991.7992236852118,0.0,0.0,0.0,0.0,991.7992236852118
2026-06-03T09:30:00Z,2026-06-03T09:45:00Z,2026-06-03,2026-06-03_47,0.0,0,0,100,64.34782608695653,64.34782608695653,0.0,0.0,0.0,True,True,True,False,0.0,991.7992236852118,0.0,0.0,0.0,0.0,991.7992236852118
2026-06-03T09:45:00Z,2026-06-03T10:00:00Z,2026-06-03,2026-06-03_48,0.0,0,0,100,64.34782608695653,64.34782608695653,0.0,0.0,0.0,True,True,True,False,0.0,991.7992236852118,0.0,0.0,0.0,0.0,991.7992236852118
2026-06-03T10:00:00Z,2026-06-03T10:15:00Z,2026-06-03,2026-06-03_49,0.0,0,0,100,64.34782608695653,64.34782608695653,0.0,0.0,0.0,True,True,True,False,0.0,991.7992236852118,0.0,0.0,0.0,0.0,991.7992236852118
2026-06-03T10:15:00Z,2026-06-03T10:30:00Z,2026-06-03,2026-06-03_50,0.0,0,0,100,64.34782608695653,64.34782608695653,0.0,0.0,0.0,True,True,True,False,0.0,991.7992236852118,0.0,0.0,0.0,0.0,991.7992236852118
2026-06-03T10:30:00Z,2026-06-03T10:45:00Z,2026-06-03,2026-06-03_51,0.0,0,0,100,64.34782608695653,64.34782608695653,0.0,0.0,0.0,True,True,True,False,0.0,991.7992236852118,0.0,0.0,0.0,0.0,991.7992236852118
2026-06-03T10:45:00Z,2026-06-03T11:00:00Z,2026-06-03,2026-06-03_52,0.0,0,0,100,64.34782608695653,64.34782608695653,0.0,0.0,0.0,True,True,True,False,0.0,991.7992236852118,0.0,0.0,0.0,0.0,991.7992236852118
2026-06-03T11:00:00Z,2026-06-03T11:15:00Z,2026-06-03,2026-06-03_53,-75.00000000000017,75,0,25,64.34782608695653,81.119557515528,0.04658814285714298,0.5198571428571429,0.0,True,True,True,False,-1350.7500000000032,247.94980592130295,80.89228632316005,0.0,64.61675122046688,0.0,-957.2911565350732
2026-06-03T11:15:00Z,2026-06-03T11:30:00Z,2026-06-03,2026-06-03_54,-75.0,75,0,25,81.119557515528,96.55742037267085,0.04288295238095238,1.9697142857142858,0.0,True,True,True,False,-1368.5625,247.94980592130295,80.89228632316005,0.0,269.6768824546334,0.0,-770.0435253009036
2026-06-03T11:30:00Z,2026-06-03T11:45:00Z,2026-06-03,2026-06-03_55,-75.0,75,0,25,96.55742037267085,102.755197515528,0.01721604761904762,12.013285714285713,0.0,True,True,True,False,-1459.875,247.94980592130295,80.89228632316005,0.0,2409.937437209833,0.0,1278.9045294542962
2026-06-03T11:45:00Z,2026-06-03T12:00:00Z,2026-06-03,2026-06-03_56,-75.0,75,0,25,102.755197515528,116.62853465838514,0.03853704761904762,3.6702857142857144,0.0,True,True,True,False,-1143.375,247.94980592130295,80.89228632316005,0.0,586.0403498852924,0.0,-228.49255787024464
2026-06-03T12:00:00Z,2026-06-03T12:15:00Z,2026-06-03,2026-06-03_57,0.0,0,0,100,116.62853465838514,116.62853465838514,0.0,0.0,0.0,True,True,True,False,0.0,991.7992236852118,0.0,0.0,0.0,0.0,991.7992236852118
2026-06-03T12:15:00Z,2026-06-03T12:30:00Z,2026-06-03,2026-06-03_58,0.0,0,0,100,116.62853465838514,116.62853465838514,0.0,0.0,0.0,True,True,True,False,0.0,991.7992236852118,0.0,0.0,0.0,0.0,991.7992236852118
2026-06-03T12:30:00Z,2026-06-03T12:45:00Z,2026-06-03,2026-06-03_59,0.0,0,0,100,116.62853465838514,116.62853465838514,0.0,0.0,0.0,True,True,True,False,0.0,991.7992236852118,0.0,0.0,0.0,0.0,991.7992236852118
2026-06-03T12:45:00Z,2026-06-03T13:00:00Z,2026-06-03,2026-06-03_60,0.0,0,0,100,116.62853465838514,116.62853465838514,0.0,0.0,0.0,True,True,True,False,0.0,991.7992236852118,0.0,0.0,0.0,0.0,991.7992236852118
2026-06-03T13:00:00Z,2026-06-03T13:15:00Z,2026-06-03,2026-06-03_61,0.0,100,100,0,116.62853465838514,136.1377918012423,0.05419238095238096,0.0,21.205714285714286,True,True,True,False,0.0,0.0,106.34370956693812,62.8187076642058,0.0,6432.288368325487,6601.450785556631
2026-06-03T13:15:00Z,2026-06-03T13:30:00Z,2026-06-03,2026-06-03_62,0.0,100,100,0,136.1377918012423,158.94906037267086,0.06336463492063492,0.0,24.79485714285714,True,True,True,False,0.0,0.0,106.34370956693812,62.8187076642058,0.0,13007.034072390808,13176.196489621952
2026-06-03T13:30:00Z,2026-06-03T13:45:00Z,2026-06-03,2026-06-03_63,0.0,100,100,0,158.94906037267086,167.06819180124228,0.022553142857142862,0.0,8.825142857142858,True,True,True,False,0.0,0.0,106.34370956693812,62.8187076642058,0.0,44.805785610994526,213.96820284213845
2026-06-03T13:45:00Z,2026-06-03T14:00:00Z,2026-06-03,2026-06-03_64,0.0,100,100,0,167.06819180124228,168.13012968944105,0.0037676328502415464,0.1354285714285714,1.3142857142857143,True,True,True,False,0.0,0.0,106.34370956693812,62.8187076642058,12.030275950550703,-39.22826264229719,141.96443053939743
2026-06-03T14:00:00Z,2026-06-03T14:15:00Z,2026-06-03,2026-06-03_65,0.0,0,80,20,168.13012968944105,176.96170911801246,0.024532165079365075,0.0,9.599542857142856,True,True,True,False,0.0,198.35984473704235,0.0,50.36913007078164,0.0,192.26483755015056,440.99381235797455
2026-06-03T14:15:00Z,2026-06-03T14:30:00Z,2026-06-03,2026-06-03_66,0.0,0,80,20,176.96170911801246,179.60415940372675,0.0073401396825396835,0.0,2.872228571428572,True,True,True,False,0.0,198.35984473704235,0.0,50.36913007078164,0.0,-42.35930518739195,206.36966962043203
2026-06-03T14:30:00Z,2026-06-03T14:45:00Z,2026-06-03,2026-06-03_67,0.0,0,80,20,179.60415940372675,180.60259597515534,0.002773434920634921,0.0,1.085257142857143,True,True,True,False,0.0,198.35984473704235,0.0,50.36913007078164,0.0,-36.66470098833353,212.06427381949047
2026-06-03T14:45:00Z,2026-06-03T15:00:00Z,2026-06-03,2026-06-03_68,80.0,0,80,20,180.60259597515534,169.0820990807454,0.03200138026224982,0.0,9.401142857142858,True,True,True,False,2387.8,198.35984473704235,0.0,50.36913007078164,0.0,122.55508420949629,2759.0840590173207
2026-06-03T15:00:00Z,2026-06-03T15:15:00Z,2026-06-03,2026-06-03_69,0.0,100,100,0,169.0820990807454,186.86228193788824,0.04938939682539683,0.0,19.326285714285714,True,True,True,False,0.0,0.0,108.34157850673567,59.19400258771595,0.0,2906.006902134322,3073.5424832287736
2026-06-03T15:15:00Z,2026-06-03T15:30:00Z,2026-06-03,2026-06-03_70,0.0,100,100,0,186.86228193788824,188.32562106832302,0.012991677018633543,1.4782857142857144,3.337142857142857,True,True,True,False,0.0,0.0,108.34157850673567,59.19400258771595,252.35295738966872,-24.737755645678625,395.1507828384417
2026-06-03T15:30:00Z,2026-06-03T15:45:00Z,2026-06-03,2026-06-03_71,0.0,100,100,0,188.32562106832302,186.26599373913047,0.005721187025534853,1.894857142857143,0.0,True,True,True,False,0.0,0.0,108.34157850673567,59.19400258771595,321.0585141291466,0.0,488.59409522359823
2026-06-03T15:45:00Z,2026-06-03T16:00:00Z,2026-06-03,2026-06-03_72,0.0,100,100,0,186.26599373913047,185.73265411180128,0.0016654989648033126,0.5211428571428571,0.036000000000000004,True,True,True,False,0.0,0.0,108.34157850673567,59.19400258771595,77.8146525610777,-2.183248344622879,243.16698531090643
2026-06-03T16:00:00Z,2026-06-03T16:15:00Z,2026-06-03,2026-06-03_73,0.0,100,100,0,185.73265411180128,172.82988541614912,0.035887754313319524,11.878285714285713,0.009142857142857144,True,True,True,False,0.0,0.0,108.39866047644416,60.39272395159448,4047.811310275841,-0.65214791297446,4215.950546790906
2026-06-03T16:15:00Z,2026-06-03T16:30:00Z,2026-06-03,2026-06-03_74,0.0,100,100,0,172.82988541614912,155.58019597515533,0.04791580400276052,15.869714285714284,0.0,True,True,True,False,0.0,0.0,108.39866047644416,60.39272395159448,4925.6173768388535,0.0,5094.408761266892
2026-06-03T16:30:00Z,2026-06-03T16:45:00Z,2026-06-03,2026-06-03_75,0.0,100,100,0,155.58019597515533,135.75348790062117,0.05507418909592822,18.240571428571428,0.0,True,True,True,False,0.0,0.0,108.39866047644416,60.39272395159448,15779.253497004554,0.0,15948.044881432594
2026-06-03T16:45:00Z,2026-06-03T17:00:00Z,2026-06-03,2026-06-03_76,0.0,100,100,0,135.75348790062117,123.38081709316775,0.03436853002070393,11.382857142857143,0.0,True,True,True,False,0.0,0.0,108.39866047644416,60.39272395159448,6486.004240374892,0.0,6654.79562480293
2026-06-03T17:00:00Z,2026-06-03T17:15:00Z,2026-06-03,2026-06-03_77,0.0,0,0,100,123.38081709316775,123.38081709316775,0.0,0.0,0.0,True,True,True,False,0.0,991.7992236852118,0.0,0.0,0.0,0.0,991.7992236852118
2026-06-03T17:15:00Z,2026-06-03T17:30:00Z,2026-06-03,2026-06-03_78,0.0,0,0,100,123.38081709316775,123.38081709316775,0.0,0.0,0.0,True,True,True,False,0.0,991.7992236852118,0.0,0.0,0.0,0.0,991.7992236852118
2026-06-03T17:30:00Z,2026-06-03T17:45:00Z,2026-06-03,2026-06-03_79,0.0,0,0,100,123.38081709316775,123.38081709316775,0.0,0.0,0.0,True,True,True,False,0.0,991.7992236852118,0.0,0.0,0.0,0.0,991.7992236852118
2026-06-03T17:45:00Z,2026-06-03T18:00:00Z,2026-06-03,2026-06-03_80,0.0,0,0,100,123.38081709316775,123.38081709316775,0.0,0.0,0.0,True,True,True,False,0.0,991.7992236852118,0.0,0.0,0.0,0.0,991.7992236852118
2026-06-03T18:00:00Z,2026-06-03T18:15:00Z,2026-06-03,2026-06-03_81,4.0,0,4,96,123.38081709316775,122.34541336645967,0.0028761214630779845,0.0,0.04742857142857143,True,True,True,False,159.77,952.1272547378032,0.0,2.4157089580637794,0.0,-2.5122992617398583,1111.8006644341272
2026-06-03T18:15:00Z,2026-06-03T18:30:00Z,2026-06-03,2026-06-03_82,4.0,0,4,96,122.34541336645967,121.25994752795035,0.003015182884748102,0.0,0.0013714285714285714,True,True,True,False,160.15,952.1272547378032,0.0,2.4157089580637794,0.0,-0.08132830287149488,1114.6116353929956
2026-06-03T18:30:00Z,2026-06-03T18:45:00Z,2026-06-03,2026-06-03_83,4.0,0,4,96,121.25994752795035,120.1729910062112,0.003019323671497584,0.0,0.0,True,True,True,False,151.62,952.1272547378032,0.0,2.4157089580637794,0.0,0.0,1106.1629636958671
2026-06-03T18:45:00Z,2026-06-03T19:00:00Z,2026-06-03,2026-06-03_84,4.0,0,4,96,120.1729910062112,119.1026556024845,0.002973153899240856,0.0,0.015291428571428572,True,True,True,False,147.86,952.1272547378032,0.0,2.4157089580637794,0.0,-0.7920579430919944,1101.6109057527751
2026-06-03T19:00:00Z,2026-06-03T19:15:00Z,2026-06-03,2026-06-03_85,0.0,100,100,0,119.1026556024845,107.89047672049692,0.031232560386473433,10.329714285714287,0.017142857142857144,True,True,True,False,0.0,0.0,104.14605373316081,60.39272395159448,3361.5263785023863,-0.9259249997281812,3525.1392311874133
2026-06-03T19:15:00Z,2026-06-03T19:30:00Z,2026-06-03,2026-06-03_86,0.0,100,100,0,107.89047672049692,93.97432765217394,0.03865596963423051,12.802857142857144,0.0,True,True,True,False,0.0,0.0,104.14605373316081,60.39272395159448,7755.112201406935,0.0,7919.650979091691
2026-06-03T19:30:00Z,2026-06-03T19:45:00Z,2026-06-03,2026-06-03_87,0.0,100,100,0,93.97432765217394,67.07867547826089,0.07471014492753623,24.744,0.0,True,True,True,False,0.0,0.0,104.14605373316081,60.39272395159448,25794.72074891544,0.0,25959.259526600195
2026-06-03T19:45:00Z,2026-06-03T20:00:00Z,2026-06-03,2026-06-03_88,0.0,100,100,0,67.07867547826089,64.5095962236025,0.022808458247066943,4.958857142857143,3.0662857142857143,True,True,True,False,0.0,0.0,104.14605373316081,60.39272395159448,1285.4211427266698,-77.75574549052439,1372.2041749209006
2026-06-03T20:00:00Z,2026-06-03T20:15:00Z,2026-06-03,2026-06-03_89,0.0,0,0,100,64.5095962236025,64.5095962236025,0.0,0.0,0.0,True,True,True,False,0.0,991.7992236852118,0.0,0.0,0.0,0.0,991.7992236852118
2026-06-03T20:15:00Z,2026-06-03T20:30:00Z,2026-06-03,2026-06-03_90,0.0,0,0,100,64.5095962236025,64.5095962236025,0.0,0.0,0.0,True,True,True,False,0.0,991.7992236852118,0.0,0.0,0.0,0.0,991.7992236852118
2026-06-03T20:30:00Z,2026-06-03T20:45:00Z,2026-06-03,2026-06-03_91,0.0,0,0,100,64.5095962236025,64.5095962236025,0.0,0.0,0.0,True,True,True,False,0.0,991.7992236852118,0.0,0.0,0.0,0.0,991.7992236852118
2026-06-03T20:45:00Z,2026-06-03T21:00:00Z,2026-06-03,2026-06-03_92,0.0,0,0,100,64.5095962236025,64.5095962236025,0.0,0.0,0.0,True,True,True,False,0.0,991.7992236852118,0.0,0.0,0.0,0.0,991.7992236852118
2026-06-03T21:00:00Z,2026-06-03T21:15:00Z,2026-06-04,2026-06-03_93,0.0,0,0,100,64.5095962236025,64.5095962236025,0.0,0.0,0.0,True,True,True,False,0.0,991.1203224825069,0.0,0.0,0.0,0.0,991.1203224825069
2026-06-03T21:15:00Z,2026-06-03T21:30:00Z,2026-06-04,2026-06-03_94,0.0,0,0,100,64.5095962236025,64.5095962236025,0.0,0.0,0.0,True,True,True,False,0.0,991.1203224825069,0.0,0.0,0.0,0.0,991.1203224825069
2026-06-03T21:30:00Z,2026-06-03T21:45:00Z,2026-06-04,2026-06-03_95,0.0,0,0,100,64.5095962236025,64.5095962236025,0.0,0.0,0.0,True,True,True,False,0.0,991.1203224825069,0.0,0.0,0.0,0.0,991.1203224825069
2026-06-03T21:45:00Z,2026-06-03T22:00:00Z,2026-06-04,2026-06-03_96,0.0,0,0,100,64.5095962236025,64.5095962236025,0.0,0.0,0.0,True,True,True,False,0.0,991.1203224825069,0.0,0.0,0.0,0.0,991.1203224825069
2026-06-03T22:00:00Z,2026-06-03T22:15:00Z,2026-06-04,2026-06-04_1,0.0,0,0,100,64.5095962236025,64.5095962236025,0.0,0.0,0.0,True,True,True,False,0.0,991.1203224825069,0.0,0.0,0.0,0.0,991.1203224825069
2026-06-03T22:15:00Z,2026-06-03T22:30:00Z,2026-06-04,2026-06-04_2,0.0,0,0,100,64.5095962236025,64.5095962236025,0.0,0.0,0.0,True,True,True,False,0.0,991.1203224825069,0.0,0.0,0.0,0.0,991.1203224825069
2026-06-03T22:30:00Z,2026-06-03T22:45:00Z,2026-06-04,2026-06-04_3,0.0,0,0,100,64.5095962236025,64.5095962236025,0.0,0.0,0.0,True,True,True,False,0.0,991.1203224825069,0.0,0.0,0.0,0.0,991.1203224825069
2026-06-03T22:45:00Z,2026-06-03T23:00:00Z,2026-06-04,2026-06-04_4,0.0,0,0,100,64.5095962236025,64.5095962236025,0.0,0.0,0.0,True,True,True,False,0.0,991.1203224825069,0.0,0.0,0.0,0.0,991.1203224825069
2026-06-03T23:00:00Z,2026-06-03T23:15:00Z,2026-06-04,2026-06-04_5,0.0,0,0,100,64.5095962236025,64.5095962236025,0.0,0.0,0.0,True,True,True,False,0.0,991.1203224825069,0.0,0.0,0.0,0.0,991.1203224825069
2026-06-03T23:15:00Z,2026-06-03T23:30:00Z,2026-06-04,2026-06-04_6,0.0,0,0,100,64.5095962236025,64.5095962236025,0.0,0.0,0.0,True,True,True,False,0.0,991.1203224825069,0.0,0.0,0.0,0.0,991.1203224825069
2026-06-03T23:30:00Z,2026-06-03T23:45:00Z,2026-06-04,2026-06-04_7,0.0,0,0,100,64.5095962236025,64.5095962236025,0.0,0.0,0.0,True,True,True,False,0.0,991.1203224825069,0.0,0.0,0.0,0.0,991.1203224825069
2026-06-03T23:45:00Z,2026-06-04T00:00:00Z,2026-06-04,2026-06-04_8,0.0,0,0,100,64.5095962236025,64.5095962236025,0.0,0.0,0.0,True,True,True,False,0.0,991.1203224825069,0.0,0.0,0.0,0.0,991.1203224825069
2026-06-04T00:00:00Z,2026-06-04T00:15:00Z,2026-06-04,2026-06-04_9,0.0,0,0,100,64.5095962236025,64.5095962236025,0.0,0.0,0.0,True,True,True,False,0.0,991.1203224825069,0.0,0.0,0.0,0.0,991.1203224825069
2026-06-04T00:15:00Z,2026-06-04T00:30:00Z,2026-06-04,2026-06-04_10,0.0,0,0,100,64.5095962236025,64.5095962236025,0.0,0.0,0.0,True,True,True,False,0.0,991.1203224825069,0.0,0.0,0.0,0.0,991.1203224825069
2026-06-04T00:30:00Z,2026-06-04T00:45:00Z,2026-06-04,2026-06-04_11,0.0,0,0,100,64.5095962236025,64.5095962236025,0.0,0.0,0.0,True,True,True,False,0.0,991.1203224825069,0.0,0.0,0.0,0.0,991.1203224825069
2026-06-04T00:45:00Z,2026-06-04T01:00:00Z,2026-06-04,2026-06-04_12,0.0,0,0,100,64.5095962236025,64.5095962236025,0.0,0.0,0.0,True,True,True,False,0.0,991.1203224825069,0.0,0.0,0.0,0.0,991.1203224825069
2026-06-04T01:00:00Z,2026-06-04T01:15:00Z,2026-06-04,2026-06-04_13,0.0,0,0,100,64.5095962236025,64.5095962236025,0.0,0.0,0.0,True,True,True,False,0.0,991.1203224825069,0.0,0.0,0.0,0.0,991.1203224825069
2026-06-04T01:15:00Z,2026-06-04T01:30:00Z,2026-06-04,2026-06-04_14,0.0,0,0,100,64.5095962236025,64.5095962236025,0.0,0.0,0.0,True,True,True,False,0.0,991.1203224825069,0.0,0.0,0.0,0.0,991.1203224825069
2026-06-04T01:30:00Z,2026-06-04T01:45:00Z,2026-06-04,2026-06-04_15,0.0,0,0,100,64.5095962236025,64.5095962236025,0.0,0.0,0.0,True,True,True,False,0.0,991.1203224825069,0.0,0.0,0.0,0.0,991.1203224825069
2026-06-04T01:45:00Z,2026-06-04T02:00:00Z,2026-06-04,2026-06-04_16,0.0,0,0,100,64.5095962236025,64.5095962236025,0.0,0.0,0.0,True,True,True,False,0.0,991.1203224825069,0.0,0.0,0.0,0.0,991.1203224825069
2026-06-04T02:00:00Z,2026-06-04T02:15:00Z,2026-06-04,2026-06-04_17,0.0,0,0,100,64.5095962236025,64.5095962236025,0.0,0.0,0.0,True,True,True,False,0.0,991.1203224825069,0.0,0.0,0.0,0.0,991.1203224825069
2026-06-04T02:15:00Z,2026-06-04T02:30:00Z,2026-06-04,2026-06-04_18,0.0,0,0,100,64.5095962236025,64.5095962236025,0.0,0.0,0.0,True,True,True,False,0.0,991.1203224825069,0.0,0.0,0.0,0.0,991.1203224825069
2026-06-04T02:30:00Z,2026-06-04T02:45:00Z,2026-06-04,2026-06-04_19,0.0,0,0,100,64.5095962236025,64.5095962236025,0.0,0.0,0.0,True,True,True,False,0.0,991.1203224825069,0.0,0.0,0.0,0.0,991.1203224825069
2026-06-04T02:45:00Z,2026-06-04T03:00:00Z,2026-06-04,2026-06-04_20,0.0,0,0,100,64.5095962236025,64.5095962236025,0.0,0.0,0.0,True,True,True,False,0.0,991.1203224825069,0.0,0.0,0.0,0.0,991.1203224825069
2026-06-04T03:00:00Z,2026-06-04T03:15:00Z,2026-06-04,2026-06-04_21,0.0,0,0,100,64.5095962236025,64.5095962236025,0.0,0.0,0.0,True,True,True,False,0.0,991.1203224825069,0.0,0.0,0.0,0.0,991.1203224825069
2026-06-04T03:15:00Z,2026-06-04T03:30:00Z,2026-06-04,2026-06-04_22,0.0,0,0,100,64.5095962236025,64.5095962236025,0.0,0.0,0.0,True,True,True,False,0.0,991.1203224825069,0.0,0.0,0.0,0.0,991.1203224825069
2026-06-04T03:30:00Z,2026-06-04T03:45:00Z,2026-06-04,2026-06-04_23,0.0,0,0,100,64.5095962236025,64.5095962236025,0.0,0.0,0.0,True,True,True,False,0.0,991.1203224825069,0.0,0.0,0.0,0.0,991.1203224825069
2026-06-04T03:45:00Z,2026-06-04T04:00:00Z,2026-06-04,2026-06-04_24,0.0,0,0,100,64.5095962236025,64.5095962236025,0.0,0.0,0.0,True,True,True,False,0.0,991.1203224825069,0.0,0.0,0.0,0.0,991.1203224825069
2026-06-04T04:00:00Z,2026-06-04T04:15:00Z,2026-06-04,2026-06-04_25,0.0,0,0,100,64.5095962236025,64.5095962236025,0.0,0.0,0.0,True,True,True,False,0.0,991.1203224825069,0.0,0.0,0.0,0.0,991.1203224825069
2026-06-04T04:15:00Z,2026-06-04T04:30:00Z,2026-06-04,2026-06-04_26,0.0,0,0,100,64.5095962236025,64.5095962236025,0.0,0.0,0.0,True,True,True,False,0.0,991.1203224825069,0.0,0.0,0.0,0.0,991.1203224825069
2026-06-04T04:30:00Z,2026-06-04T04:45:00Z,2026-06-04,2026-06-04_27,0.0,0,0,100,64.5095962236025,64.5095962236025,0.0,0.0,0.0,True,True,True,False,0.0,991.1203224825069,0.0,0.0,0.0,0.0,991.1203224825069
2026-06-04T04:45:00Z,2026-06-04T05:00:00Z,2026-06-04,2026-06-04_28,0.0,0,0,100,64.5095962236025,64.5095962236025,0.0,0.0,0.0,True,True,True,False,0.0,991.1203224825069,0.0,0.0,0.0,0.0,991.1203224825069
2026-06-04T05:00:00Z,2026-06-04T05:15:00Z,2026-06-04,2026-06-04_29,0.0,0,0,100,64.5095962236025,64.5095962236025,0.0,0.0,0.0,True,True,True,False,0.0,991.1203224825069,0.0,0.0,0.0,0.0,991.1203224825069
2026-06-04T05:15:00Z,2026-06-04T05:30:00Z,2026-06-04,2026-06-04_30,0.0,0,0,100,64.5095962236025,64.5095962236025,0.0,0.0,0.0,True,True,True,False,0.0,991.1203224825069,0.0,0.0,0.0,0.0,991.1203224825069
2026-06-04T05:30:00Z,2026-06-04T05:45:00Z,2026-06-04,2026-06-04_31,0.0,0,0,100,64.5095962236025,64.5095962236025,0.0,0.0,0.0,True,True,True,False,0.0,991.1203224825069,0.0,0.0,0.0,0.0,991.1203224825069
2026-06-04T05:45:00Z,2026-06-04T06:00:00Z,2026-06-04,2026-06-04_32,0.0,0,0,100,64.5095962236025,64.5095962236025,0.0,0.0,0.0,True,True,True,False,0.0,991.1203224825069,0.0,0.0,0.0,0.0,991.1203224825069
2026-06-04T06:00:00Z,2026-06-04T06:15:00Z,2026-06-04,2026-06-04_33,0.0,100,0,0,64.5095962236025,37.57232914285716,0.07482574189095928,24.782285714285717,0.0,True,True,True,False,0.0,0.0,108.0677669607545,0.0,24192.410579664484,0.0,24300.478346625237
2026-06-04T06:15:00Z,2026-06-04T06:30:00Z,2026-06-04,2026-06-04_34,-1.0433348226887986,100,0,0,37.57232914285716,20.388090434782658,0.048210944173640184,16.055999999999997,0.0,True,True,True,False,-23.68891714914917,0.0,108.0677669607545,0.0,8718.079504107087,0.0,8802.458353918692
2026-06-04T06:30:00Z,2026-06-04T06:45:00Z,2026-06-04,2026-06-04_35,-100.0,100,0,0,20.388090434782658,35.87931329192551,0.0430311746031746,8.161714285714286,0.0,True,True,True,False,-1829.5000000000002,0.0,108.0677669607545,0.0,2394.474276804729,0.0,673.0420437654833
2026-06-04T06:45:00Z,2026-06-04T07:00:00Z,2026-06-04,2026-06-04_36,-100.0,100,0,0,35.87931329192551,56.73913043478266,0.057943936507936514,2.326285714285714,0.0,True,True,True,False,-1174.25,0.0,108.0677669607545,0.0,340.14630177321914,0.0,-726.0359312660264
2026-06-04T07:00:00Z,2026-06-04T07:15:00Z,2026-06-04,2026-06-04_37,-3.089316242435218e-14,0,0,86,56.73913043478266,56.739130434782666,1.973729821555834e-17,0.0,0.0,True,False,True,False,-4.905061863926518e-13,852.363477334956,0.0,0.0,0.0,0.0,852.3634773349555
2026-06-04T07:15:00Z,2026-06-04T07:30:00Z,2026-06-04,2026-06-04_38,3.089316242435218e-14,0,0,86,56.739130434782666,56.73913043478266,2.331911414881656e-17,0.0,0.0,True,False,True,False,3.331055238405774e-13,852.363477334956,0.0,0.0,0.0,0.0,852.3634773349563
2026-06-04T07:30:00Z,2026-06-04T07:45:00Z,2026-06-04,2026-06-04_39,0.0,0,0,86,56.73913043478266,56.73913043478266,0.0,0.0,0.0,True,False,True,False,0.0,852.363477334956,0.0,0.0,0.0,0.0,852.363477334956
2026-06-04T07:45:00Z,2026-06-04T08:00:00Z,2026-06-04,2026-06-04_40,-13.99999999999987,0,0,86,56.73913043478266,59.95913043478263,0.008944444444444363,0.0,0.0,True,False,True,False,-35.52499999999967,852.363477334956,0.0,0.0,0.0,0.0,816.8384773349563
2026-06-04T08:00:00Z,2026-06-04T08:15:00Z,2026-06-04,2026-06-04_41,0.0,100,100,0,59.95913043478263,64.4587190062112,0.012498857142857143,0.0,4.890857142857143,True,True,True,False,0.0,0.0,108.66671737146335,60.7506845147551,0.0,-22.267944608631407,147.14945727758703
2026-06-04T08:15:00Z,2026-06-04T08:30:00Z,2026-06-04,2026-06-04_42,0.0,100,100,0,64.4587190062112,68.65129043478262,0.011646031746031744,0.0,4.557142857142857,True,True,True,False,0.0,0.0,108.66671737146335,60.7506845147551,0.0,-40.222470011734536,129.19493187448393
2026-06-04T08:30:00Z,2026-06-04T08:45:00Z,2026-06-04,2026-06-04_43,0.0,100,100,0,68.65129043478262,73.6430936645963,0.013917879917184265,0.008571428571428572,5.436,True,True,True,False,0.0,0.0,108.66671737146335,60.7506845147551,0.8185655613020992,-38.40405004563432,131.83191740188622
2026-06-04T08:45:00Z,2026-06-04T09:00:00Z,2026-06-04,2026-06-04_44,0.0,100,100,0,73.6430936645963,88.27372223602487,0.04064063492063492,0.0,15.90285714285714,True,True,True,False,0.0,0.0,108.66671737146335,60.7506845147551,0.0,3379.2634045373543,3548.680806423573
2026-06-04T09:00:00Z,2026-06-04T09:15:00Z,2026-06-04,2026-06-04_45,0.0,100,100,0,88.27372223602487,108.36967652173915,0.05582209523809523,0.0,21.84342857142857,True,True,True,False,0.0,0.0,107.98220261636752,93.06548524490418,0.0,9352.183035116694,9553.230722977965
2026-06-04T09:15:00Z,2026-06-04T09:30:00Z,2026-06-04,2026-06-04_46,0.0,100,100,0,108.36967652173915,125.35918509316772,0.04719307936507937,0.0,18.466857142857144,True,True,True,False,0.0,0.0,107.98220261636752,93.06548524490418,0.0,4132.64750901821,4333.695196879482
2026-06-04T09:30:00Z,2026-06-04T09:45:00Z,2026-06-04,2026-06-04_47,0.0,100,100,0,125.35918509316772,142.960099378882,0.04889142857142856,0.0,19.131428571428568,True,True,True,False,0.0,0.0,107.98220261636752,93.06548524490418,0.0,2458.0822765004996,2659.1299643617713
2026-06-04T09:45:00Z,2026-06-04T10:00:00Z,2026-06-04,2026-06-04_48,0.0,100,100,0,142.960099378882,164.12167652173915,0.05878215873015873,0.0,23.001714285714286,True,True,True,False,0.0,0.0,107.98220261636752,93.06548524490418,0.0,14972.47501977487,15173.522707636143
2026-06-04T10:00:00Z,2026-06-04T10:15:00Z,2026-06-04,2026-06-04_49,0.0,100,100,0,164.12167652173915,178.97047652173916,0.04124666666666667,0.0,16.14,True,True,True,False,0.0,0.0,108.0107240644965,97.68595984180104,0.0,1755.0377966230606,1960.734480529358
2026-06-04T10:15:00Z,2026-06-04T10:30:00Z,2026-06-04,2026-06-04_50,0.0,100,100,0,178.97047652173916,182.5025639751553,0.009894169772256729,0.013714285714285714,3.8554285714285714,True,True,True,False,0.0,0.0,108.0107240644965,97.68595984180104,1.392681124777261,-47.03531954887218,160.0540454822026
2026-06-04T10:30:00Z,2026-06-04T10:45:00Z,2026-06-04,2026-06-04_51,0.0,100,100,0,182.5025639751553,180.88115378881992,0.006224171152518978,1.7765714285714285,0.3365714285714286,True,True,True,False,0.0,0.0,108.0107240644965,97.68595984180104,242.73346234082317,-16.306038398018167,432.12410784910253
2026-06-04T10:45:00Z,2026-06-04T11:00:00Z,2026-06-04,2026-06-04_52,0.0,100,100,0,180.88115378881992,166.1550668322982,0.040905797101449266,13.547999999999998,0.0,True,True,True,False,0.0,0.0,108.0107240644965,97.68595984180104,2086.70164207484,0.0,2292.3983259811375
2026-06-04T11:00:00Z,2026-06-04T11:15:00Z,2026-06-04,2026-06-04_53,0.0,0,100,0,166.1550668322982,166.1550668322982,0.0,0.0,0.0,True,True,True,False,0.0,0.0,0.0,97.68595984180104,0.0,0.0,97.68595984180104
2026-06-04T11:15:00Z,2026-06-04T11:30:00Z,2026-06-04,2026-06-04_54,100.0,0,100,0,166.1550668322982,139.23643329192552,0.07477398205659075,0.0,0.23485714285714285,True,True,True,False,499.74999999999994,0.0,0.0,97.68595984180104,0.0,-13.653348906949455,583.7826109348515
2026-06-04T11:30:00Z,2026-06-04T11:45:00Z,2026-06-04,2026-06-04_55,0.0,0,100,0,139.23643329192552,141.8997018633541,0.007397968253968253,0.0,2.8948571428571426,True,True,True,False,0.0,0.0,0.0,97.68595984180104,0.0,-100.30499456734321,-2.6190347255421784
2026-06-04T11:45:00Z,2026-06-04T12:00:00Z,2026-06-04,2026-06-04_56,100.0,0,100,0,141.8997018633541,128.94193788819882,0.03599378881987577,0.0,13.078857142857144,True,True,True,False,1500.0,0.0,0.0,97.68595984180104,0.0,3496.0378008605335,5093.723760702334
2026-06-04T12:00:00Z,2026-06-04T12:15:00Z,2026-06-04,2026-06-04_57,0.0,0,100,0,128.94193788819882,143.1020521739131,0.03933365079365079,0.0,15.39142857142857,True,True,True,False,0.0,0.0,0.0,97.68595984180104,0.0,2065.0859288756574,2162.7718887174583
2026-06-04T12:15:00Z,2026-06-04T12:30:00Z,2026-06-04,2026-06-04_58,47.189625711523014,0,100,0,143.1020521739131,143.28526303068998,0.03464079428950215,0.0,13.022285714285713,True,True,True,False,211.0556009947867,0.0,0.0,97.68595984180104,0.0,1155.4926279933936,1464.2341888299813
2026-06-04T12:30:00Z,2026-06-04T12:45:00Z,2026-06-04,2026-06-04_59,100.0,0,100,0,143.28526303068998,140.84675371391978,0.006773636991028295,0.0,22.75657142857143,True,True,True,False,1646.0,0.0,0.0,97.68595984180104,0.0,2045.7115772089185,3789.3975370507196
2026-06-04T12:45:00Z,2026-06-04T13:00:00Z,2026-06-04,2026-06-04_60,0.0,0,100,0,140.84675371391978,143.60307371391977,0.007656444444444445,0.0,2.996,True,True,True,False,0.0,0.0,0.0,97.68595984180104,0.0,-66.35554380894433,31.330416032856704
2026-06-04T13:00:00Z,2026-06-04T13:15:00Z,2026-06-04,2026-06-04_61,0.0,0,0,100,143.60307371391977,143.60307371391977,0.0,0.0,0.0,True,True,True,False,0.0,991.1203224825069,0.0,0.0,0.0,0.0,991.1203224825069
2026-06-04T13:15:00Z,2026-06-04T13:30:00Z,2026-06-04,2026-06-04_62,0.0,0,0,100,143.60307371391977,143.60307371391977,0.0,0.0,0.0,True,True,True,False,0.0,991.1203224825069,0.0,0.0,0.0,0.0,991.1203224825069
2026-06-04T13:30:00Z,2026-06-04T13:45:00Z,2026-06-04,2026-06-04_63,0.0,0,0,100,143.60307371391977,143.60307371391977,0.0,0.0,0.0,True,True,True,False,0.0,991.1203224825069,0.0,0.0,0.0,0.0,991.1203224825069
2026-06-04T13:45:00Z,2026-06-04T14:00:00Z,2026-06-04,2026-06-04_64,0.0,0,0,100,143.60307371391977,143.60307371391977,0.0,0.0,0.0,True,True,True,False,0.0,991.1203224825069,0.0,0.0,0.0,0.0,991.1203224825069
2026-06-04T14:00:00Z,2026-06-04T14:15:00Z,2026-06-04,2026-06-04_65,0.0,49,100,0,143.60307371391977,165.2122550803794,0.060027194616977225,0.00028000000000000003,23.48857142857143,True,True,True,False,0.0,0.0,52.93923030118649,60.80772741101309,0.032909796166717374,19377.687336477033,19491.467203985398
2026-06-04T14:15:00Z,2026-06-04T14:30:00Z,2026-06-04,2026-06-04_66,0.0,49,100,0,165.2122550803794,184.69838079466513,0.05412812698412699,0.0,21.18057142857143,True,True,True,False,0.0,0.0,52.93923030118649,60.80772741101309,0.0,9382.487309313747,9496.234267025946
2026-06-04T14:30:00Z,2026-06-04T14:45:00Z,2026-06-04,2026-06-04_67,1.833916584461973,49,100,0,184.69838079466513,189.6186706490805,0.0157859682118175,0.0,5.870285714285714,True,True,True,False,17.917365030193476,0.0,52.93923030118649,60.80772741101309,0.0,38.752011604154895,170.41633434654796
2026-06-04T14:45:00Z,2026-06-04T15:00:00Z,2026-06-04,2026-06-04_68,50.99999999999997,49,100,0,189.6186706490805,176.32314838324203,0.03837313518288473,0.014,0.5754285714285714,True,True,True,False,834.7424999999995,0.0,52.93923030118649,60.80772741101309,1.6454898083358687,-29.583606523534268,920.5513409970007
2026-06-04T15:00:00Z,2026-06-04T15:15:00Z,2026-06-04,2026-06-04_69,0.0,14,100,0,176.32314838324203,184.48812378696874,0.022694496894409937,0.00232,8.877714285714285,True,True,True,False,0.0,0.0,15.04563431700639,55.331609370246426,0.3860409948281107,2186.3869720544135,2257.1502567364946
2026-06-04T15:15:00Z,2026-06-04T15:30:00Z,2026-06-04,2026-06-04_70,0.14717005378226689,14,100,0,184.48812378696874,189.96960618454494,0.01539519452357292,0.0,6.0,True,True,True,False,2.72411769550976,0.0,15.04563431700639,55.331609370246426,0.0,312.96242774566474,386.06378912842735
2026-06-04T15:30:00Z,2026-06-04T15:45:00Z,2026-06-04,2026-06-04_71,84.82563704028232,14,100,0,189.96960618454494,167.13055246708075,0.063610670412151,0.01816,0.21771428571428572,True,True,True,False,2176.837910546245,0.0,15.04563431700639,55.331609370246426,2.2444478247642228,-13.628462232170019,2235.831139826092
2026-06-04T15:45:00Z,2026-06-04T16:00:00Z,2026-06-04,2026-06-04_72,85.99999999999994,14,100,0,167.13055246708075,143.7599840993789,0.06497671657694958,0.08088,0.08171428571428571,True,True,True,False,2589.6749999999984,0.0,15.04563431700639,55.331609370246426,12.359928673562518,-5.17884795080186,2667.233324410012
2026-06-04T16:00:00Z,2026-06-04T16:15:00Z,2026-06-04,2026-06-04_73,0.0,0,0,100,143.7599840993789,143.7599840993789,0.0,0.0,0.0,True,True,True,False,0.0,991.1203224825069,0.0,0.0,0.0,0.0,991.1203224825069
2026-06-04T16:15:00Z,2026-06-04T16:30:00Z,2026-06-04,2026-06-04_74,0.0,0,0,100,143.7599840993789,143.7599840993789,0.0,0.0,0.0,True,True,True,False,0.0,991.1203224825069,0.0,0.0,0.0,0.0,991.1203224825069
2026-06-04T16:30:00Z,2026-06-04T16:45:00Z,2026-06-04,2026-06-04_75,0.0,0,0,100,143.7599840993789,143.7599840993789,0.0,0.0,0.0,True,True,True,False,0.0,991.1203224825069,0.0,0.0,0.0,0.0,991.1203224825069
2026-06-04T16:45:00Z,2026-06-04T17:00:00Z,2026-06-04,2026-06-04_76,0.0,0,0,100,143.7599840993789,143.7599840993789,0.0,0.0,0.0,True,True,True,False,0.0,991.1203224825069,0.0,0.0,0.0,0.0,991.1203224825069
2026-06-04T17:00:00Z,2026-06-04T17:15:00Z,2026-06-04,2026-06-04_77,0.0,0,0,100,143.7599840993789,143.7599840993789,0.0,0.0,0.0,True,True,True,False,0.0,991.1203224825069,0.0,0.0,0.0,0.0,991.1203224825069
2026-06-04T17:15:00Z,2026-06-04T17:30:00Z,2026-06-04,2026-06-04_78,0.0,0,0,100,143.7599840993789,143.7599840993789,0.0,0.0,0.0,True,True,True,False,0.0,991.1203224825069,0.0,0.0,0.0,0.0,991.1203224825069
2026-06-04T17:30:00Z,2026-06-04T17:45:00Z,2026-06-04,2026-06-04_79,0.0,0,0,100,143.7599840993789,143.7599840993789,0.0,0.0,0.0,True,True,True,False,0.0,991.1203224825069,0.0,0.0,0.0,0.0,991.1203224825069
2026-06-04T17:45:00Z,2026-06-04T18:00:00Z,2026-06-04,2026-06-04_80,0.0,0,0,100,143.7599840993789,143.7599840993789,0.0,0.0,0.0,True,True,True,False,0.0,991.1203224825069,0.0,0.0,0.0,0.0,991.1203224825069
2026-06-04T18:00:00Z,2026-06-04T18:15:00Z,2026-06-04,2026-06-04_81,25.000000000000004,0,25,75,143.7599840993789,136.96650583850933,0.018870772946859904,0.0,0.0,True,True,True,False,1139.3750000000002,743.3402418618801,0.0,14.267854426528752,0.0,0.0,1896.9830962884091
2026-06-04T18:15:00Z,2026-06-04T18:30:00Z,2026-06-04,2026-06-04_82,25.0,0,25,75,136.96650583850933,130.1848288198758,0.0188379917184265,0.0,0.010857142857142857,True,True,True,False,1189.1875,743.3402418618801,0.0,14.267854426528752,0.0,-0.6947274979355904,1946.1008687904732
2026-06-04T18:30:00Z,2026-06-04T18:45:00Z,2026-06-04,2026-06-04_83,25.0,0,25,75,130.1848288198758,123.39135055900624,0.0188707729468599,0.0,0.0,True,True,True,False,1317.3125,743.3402418618801,0.0,14.267854426528752,0.0,0.0,2074.920596288409
2026-06-04T18:45:00Z,2026-06-04T19:00:00Z,2026-06-04,2026-06-04_84,25.0,0,25,75,123.39135055900624,116.59787229813668,0.018870772946859904,0.0,0.0,True,True,True,False,1183.5625,743.3402418618801,0.0,14.267854426528752,0.0,0.0,1941.170596288409
2026-06-04T19:00:00Z,2026-06-04T19:15:00Z,2026-06-04,2026-06-04_85,0.0,100,100,0,116.59787229813668,100.13265490683233,0.04573671497584541,15.148,0.0,True,True,True,False,0.0,0.0,102.50608457560085,57.07141770611501,5762.703361728019,0.0,5922.2808640097355
2026-06-04T19:15:00Z,2026-06-04T19:30:00Z,2026-06-04,2026-06-04_86,0.0,100,100,0,100.13265490683233,94.70556521739134,0.015086931677018633,4.994857142857143,0.002285714285714286,True,True,True,False,0.0,0.0,102.50608457560085,57.07141770611501,973.50138011213,-0.17384501716719547,1132.9050373766788
2026-06-04T19:30:00Z,2026-06-04T19:45:00Z,2026-06-04,2026-06-04_87,0.0,100,100,0,94.70556521739134,90.9018385093168,0.010565907522429262,3.4994285714285716,0.0,True,True,True,False,0.0,0.0,102.50608457560085,57.07141770611501,733.725545221435,0.0,893.3030475031509
2026-06-04T19:45:00Z,2026-06-04T20:00:00Z,2026-06-04,2026-06-04_88,0.0,100,100,0,90.9018385093168,80.43043478260873,0.03229993098688751,10.165714285714285,0.6285714285714286,True,True,True,False,0.0,0.0,102.50608457560085,57.07141770611501,2977.111153244383,-30.225618236342303,3106.4630372897564
2026-06-04T20:00:00Z,2026-06-04T20:15:00Z,2026-06-04,2026-06-04_89,100.0,0,100,0,80.43043478260873,53.78509316770189,0.07401483781918564,0.0,0.48628571428571427,True,True,True,False,4571.75,0.0,0.0,57.07141770611501,0.0,-24.162922443391714,4604.658495262724
2026-06-04T20:15:00Z,2026-06-04T20:30:00Z,2026-06-04,2026-06-04_90,100.0,0,100,0,53.78509316770189,37.20993788819878,0.04604209799861973,0.0,9.750857142857143,True,True,True,False,4183.0,0.0,0.0,57.07141770611501,0.0,195.14136468338478,4435.2127823895
2026-06-04T20:30:00Z,2026-06-04T20:45:00Z,2026-06-04,2026-06-04_91,100.0,0,100,0,37.20993788819878,22.594409937888223,0.04059868875086266,0.0,11.553714285714287,True,True,True,False,4125.0,0.0,0.0,57.07141770611501,0.0,90.36994045808164,4272.441358164197
2026-06-04T20:45:00Z,2026-06-04T21:00:00Z,2026-06-04,2026-06-04_92,100.0,0,100,0,22.594409937888223,10.000000000000025,0.034984472049689436,0.0,13.413142857142857,True,True,True,False,4182.75,0.0,0.0,57.07141770611501,0.0,22.73695021513321,4262.558367921249
2026-06-04T21:00:00Z,2026-06-04T21:15:00Z,2026-06-05,2026-06-04_93,-90.80849408742152,100,9,0,10.000000000000025,21.40396938411141,0.037359109069461174,10.236,0.10023428571428572,True,True,True,False,-4236.89731288387,0.0,107.32013464939807,4.932104752667313,2639.6152404861073,-0.24697807301388064,-1485.276811068711
2026-06-04T21:15:00Z,2026-06-04T21:30:00Z,2026-06-05,2026-06-04_94,0.0,100,9,0,21.40396938411141,19.612740623862962,0.005014012587991719,1.6542857142857144,0.007508571428571429,True,True,True,False,0.0,0.0,107.32013464939807,4.932104752667313,280.89444856507106,-0.40212933188794436,392.7445586352485
2026-06-04T21:30:00Z,2026-06-04T21:45:00Z,2026-06-05,2026-06-04_95,-91.0,100,9,0,19.612740623862962,33.717050189080354,0.04314602898550725,7.3,0.0,True,True,True,False,-3956.225,0.0,107.32013464939807,4.932104752667313,1565.4689716817861,0.0,-2278.5037889161486
2026-06-04T21:45:00Z,2026-06-04T22:00:00Z,2026-06-05,2026-06-04_96,-28.423266598982984,100,9,0,33.717050189080354,38.80434782608697,0.020525866892831784,1.4794285714285715,0.09545142857142858,True,True,True,False,-1188.8741836689608,0.0,107.32013464939807,4.932104752667313,252.39758772180068,-2.3893808377279138,-826.6137373828226
2026-06-04T22:00:00Z,2026-06-04T22:15:00Z,2026-06-05,2026-06-05_1,-47.0,47,0,53,38.80434782608697,49.29066554037268,0.029128660317460316,0.35182857142857143,0.0,True,True,True,False,-1435.615,525.4036629200662,50.44046328521709,0.0,59.511427147774725,0.0,-800.259446646942
2026-06-04T22:15:00Z,2026-06-04T22:30:00Z,2026-06-05,2026-06-05_2,-47.0,47,0,53,49.29066554037268,57.90086142608696,0.023917210793650796,2.391091428571429,0.0,True,True,True,False,-1408.4725,525.4036629200662,50.44046328521709,0.0,423.36019733907153,0.0,-409.2681764556453
2026-06-04T22:30:00Z,2026-06-04T22:45:00Z,2026-06-05,2026-06-05_3,-47.0,47,0,53,57.90086142608696,68.14800016894411,0.028464274285714287,0.6118057142857143,0.0,True,True,True,False,-1397.6625000000001,525.4036629200662,50.44046328521709,0.0,104.08946705463951,0.0,-717.7289067400774
2026-06-04T22:45:00Z,2026-06-04T23:00:00Z,2026-06-05,2026-06-05_4,-47.0,47,0,53,68.14800016894411,77.98645914037267,0.027329052698412702,1.0560228571428572,0.0,True,True,True,False,-1371.695,525.4036629200662,50.44046328521709,0.0,179.43350890788906,0.0,-616.4173648868276
2026-06-04T23:00:00Z,2026-06-04T23:15:00Z,2026-06-05,2026-06-05_5,0.0,0,0,100,77.98645914037267,77.98645914037267,0.0,0.0,0.0,True,True,True,False,0.0,991.3276658869174,0.0,0.0,0.0,0.0,991.3276658869174
2026-06-04T23:15:00Z,2026-06-04T23:30:00Z,2026-06-05,2026-06-05_6,0.0,0,0,100,77.98645914037267,77.98645914037267,0.0,0.0,0.0,True,True,True,False,0.0,991.3276658869174,0.0,0.0,0.0,0.0,991.3276658869174
2026-06-04T23:30:00Z,2026-06-04T23:45:00Z,2026-06-05,2026-06-05_7,0.0,0,0,100,77.98645914037267,77.98645914037267,0.0,0.0,0.0,True,True,True,False,0.0,991.3276658869174,0.0,0.0,0.0,0.0,991.3276658869174
2026-06-04T23:45:00Z,2026-06-05T00:00:00Z,2026-06-05,2026-06-05_8,0.0,0,0,100,77.98645914037267,77.98645914037267,0.0,0.0,0.0,True,True,True,False,0.0,991.3276658869174,0.0,0.0,0.0,0.0,991.3276658869174
2026-06-05T00:00:00Z,2026-06-05T00:15:00Z,2026-06-05,2026-06-05_9,0.0,0,0,100,77.98645914037267,77.98645914037267,0.0,0.0,0.0,True,True,True,False,0.0,991.3276658869174,0.0,0.0,0.0,0.0,991.3276658869174
2026-06-05T00:15:00Z,2026-06-05T00:30:00Z,2026-06-05,2026-06-05_10,0.0,0,0,100,77.98645914037267,77.98645914037267,0.0,0.0,0.0,True,True,True,False,0.0,991.3276658869174,0.0,0.0,0.0,0.0,991.3276658869174
2026-06-05T00:30:00Z,2026-06-05T00:45:00Z,2026-06-05,2026-06-05_11,0.0,0,0,100,77.98645914037267,77.98645914037267,0.0,0.0,0.0,True,True,True,False,0.0,991.3276658869174,0.0,0.0,0.0,0.0,991.3276658869174
2026-06-05T00:45:00Z,2026-06-05T01:00:00Z,2026-06-05,2026-06-05_12,0.0,0,0,100,77.98645914037267,77.98645914037267,0.0,0.0,0.0,True,True,True,False,0.0,991.3276658869174,0.0,0.0,0.0,0.0,991.3276658869174
2026-06-05T01:00:00Z,2026-06-05T01:15:00Z,2026-06-05,2026-06-05_13,0.0,0,0,100,77.98645914037267,77.98645914037267,0.0,0.0,0.0,True,True,True,False,0.0,991.3276658869174,0.0,0.0,0.0,0.0,991.3276658869174
2026-06-05T01:15:00Z,2026-06-05T01:30:00Z,2026-06-05,2026-06-05_14,0.0,0,0,100,77.98645914037267,77.98645914037267,0.0,0.0,0.0,True,True,True,False,0.0,991.3276658869174,0.0,0.0,0.0,0.0,991.3276658869174
2026-06-05T01:30:00Z,2026-06-05T01:45:00Z,2026-06-05,2026-06-05_15,0.0,0,0,100,77.98645914037267,77.98645914037267,0.0,0.0,0.0,True,True,True,False,0.0,991.3276658869174,0.0,0.0,0.0,0.0,991.3276658869174
2026-06-05T01:45:00Z,2026-06-05T02:00:00Z,2026-06-05,2026-06-05_16,0.0,0,0,100,77.98645914037267,77.98645914037267,0.0,0.0,0.0,True,True,True,False,0.0,991.3276658869174,0.0,0.0,0.0,0.0,991.3276658869174
2026-06-05T02:00:00Z,2026-06-05T02:15:00Z,2026-06-05,2026-06-05_17,0.0,0,0,100,77.98645914037267,77.98645914037267,0.0,0.0,0.0,True,True,True,False,0.0,991.3276658869174,0.0,0.0,0.0,0.0,991.3276658869174
2026-06-05T02:15:00Z,2026-06-05T02:30:00Z,2026-06-05,2026-06-05_18,0.0,0,0,100,77.98645914037267,77.98645914037267,0.0,0.0,0.0,True,True,True,False,0.0,991.3276658869174,0.0,0.0,0.0,0.0,991.3276658869174
2026-06-05T02:30:00Z,2026-06-05T02:45:00Z,2026-06-05,2026-06-05_19,0.0,0,0,100,77.98645914037267,77.98645914037267,0.0,0.0,0.0,True,True,True,False,0.0,991.3276658869174,0.0,0.0,0.0,0.0,991.3276658869174
2026-06-05T02:45:00Z,2026-06-05T03:00:00Z,2026-06-05,2026-06-05_20,0.0,0,0,100,77.98645914037267,77.98645914037267,0.0,0.0,0.0,True,True,True,False,0.0,991.3276658869174,0.0,0.0,0.0,0.0,991.3276658869174
2026-06-05T03:00:00Z,2026-06-05T03:15:00Z,2026-06-05,2026-06-05_21,34.0,0,34,66,77.98645914037267,69.24085665590063,0.024293340234644585,0.0,0.45404571428571433,True,True,True,False,1471.18,654.2762594853655,0.0,18.63239573229874,0.0,-22.478893944852434,2121.6097612728117
2026-06-05T03:15:00Z,2026-06-05T03:30:00Z,2026-06-05,2026-06-05_22,34.0,0,34,66,69.24085665590063,60.02453367453417,0.025600897170462388,0.0,0.020982857142857143,True,True,True,False,1431.4,654.2762594853655,0.0,18.63239573229874,0.0,-1.55632534294028,2102.752329874724
2026-06-05T03:30:00Z,2026-06-05T03:45:00Z,2026-06-05,2026-06-05_23,34.0,0,34,66,60.02453367453417,51.19804920248448,0.024518012422360243,0.0,0.3796342857142857,True,True,True,False,1422.135,654.2762594853655,0.0,18.63239573229874,0.0,-20.48932036395548,2074.5543348537085
2026-06-05T03:45:00Z,2026-06-05T04:00:00Z,2026-06-05,2026-06-05_24,34.0,0,34,66,51.19804920248448,45.87757715279504,0.014779089026915113,0.0,3.6051657142857145,True,True,True,False,1398.6750000000002,654.2762594853655,0.0,18.63239573229874,0.0,33.49558978338184,2105.0792450010463
2026-06-05T04:00:00Z,2026-06-05T04:15:00Z,2026-06-05,2026-06-05_25,100.0,0,100,0,45.87757715279504,37.24962684223604,0.02396652864044168,0.0,17.062285714285714,True,True,True,False,4183.0,0.0,0.0,54.8011639185257,0.0,3913.1111578055084,8150.912321724034
2026-06-05T04:15:00Z,2026-06-05T04:30:00Z,2026-06-05,2026-06-05_26,100.0,0,100,0,37.24962684223604,30.621676531677036,0.018410973084886123,0.0,18.902285714285718,True,True,True,False,3981.5,0.0,0.0,54.8011639185257,0.0,687.7346147304704,4724.035778648996
2026-06-05T04:30:00Z,2026-06-05T04:45:00Z,2026-06-05,2026-06-05_27,1.164007565283434,0,100,0,30.621676531677036,51.67180322981368,0.05860082385631298,0.0,23.175428571428572,True,True,True,False,36.86120957361315,0.0,0.0,54.8011639185257,0.0,879.4330484395504,971.0954219316892
2026-06-05T04:45:00Z,2026-06-05T05:00:00Z,2026-06-05,2026-06-05_28,0.0,0,100,0,51.67180322981368,64.34782608695654,0.0352111746031746,0.0,13.778285714285712,True,True,True,False,0.0,0.0,0.0,54.8011639185257,0.0,216.30553828514914,271.10670220367484
2026-06-05T05:00:00Z,2026-06-05T05:15:00Z,2026-06-05,2026-06-05_29,0.0,0,0,100,64.34782608695654,64.34782608695654,0.0,0.0,0.0,True,True,True,False,0.0,991.3276658869174,0.0,0.0,0.0,0.0,991.3276658869174
2026-06-05T05:15:00Z,2026-06-05T05:30:00Z,2026-06-05,2026-06-05_30,0.0,0,0,100,64.34782608695654,64.34782608695654,0.0,0.0,0.0,True,True,True,False,0.0,991.3276658869174,0.0,0.0,0.0,0.0,991.3276658869174
2026-06-05T05:30:00Z,2026-06-05T05:45:00Z,2026-06-05,2026-06-05_31,0.0,0,0,100,64.34782608695654,64.34782608695654,0.0,0.0,0.0,True,True,True,False,0.0,991.3276658869174,0.0,0.0,0.0,0.0,991.3276658869174
2026-06-05T05:45:00Z,2026-06-05T06:00:00Z,2026-06-05,2026-06-05_32,0.0,0,0,100,64.34782608695654,64.34782608695654,0.0,0.0,0.0,True,True,True,False,0.0,991.3276658869174,0.0,0.0,0.0,0.0,991.3276658869174
2026-06-05T06:00:00Z,2026-06-05T06:15:00Z,2026-06-05,2026-06-05_33,0.0,0,0,100,64.34782608695654,64.34782608695654,0.0,0.0,0.0,True,True,True,False,0.0,991.3276658869174,0.0,0.0,0.0,0.0,991.3276658869174
2026-06-05T06:15:00Z,2026-06-05T06:30:00Z,2026-06-05,2026-06-05_34,0.0,0,0,100,64.34782608695654,64.34782608695654,0.0,0.0,0.0,True,True,True,False,0.0,991.3276658869174,0.0,0.0,0.0,0.0,991.3276658869174
2026-06-05T06:30:00Z,2026-06-05T06:45:00Z,2026-06-05,2026-06-05_35,0.0,0,0,100,64.34782608695654,64.34782608695654,0.0,0.0,0.0,True,True,True,False,0.0,991.3276658869174,0.0,0.0,0.0,0.0,991.3276658869174
2026-06-05T06:45:00Z,2026-06-05T07:00:00Z,2026-06-05,2026-06-05_36,0.0,0,0,100,64.34782608695654,64.34782608695654,0.0,0.0,0.0,True,True,True,False,0.0,991.3276658869174,0.0,0.0,0.0,0.0,991.3276658869174
2026-06-05T07:00:00Z,2026-06-05T07:15:00Z,2026-06-05,2026-06-05_37,100.0,0,100,0,64.34782608695654,43.68633540372673,0.05739302967563838,0.0,5.991428571428571,True,True,True,False,2861.0,0.0,0.0,59.33702287898671,0.0,140.42670655070953,3060.763729429696
2026-06-05T07:15:00Z,2026-06-05T07:30:00Z,2026-06-05,2026-06-05_38,100.0,0,100,0,43.68633540372673,32.78260869565219,0.030288129744651487,0.0,14.968571428571428,True,True,True,False,2750.0,0.0,0.0,59.33702287898671,0.0,326.1851016255193,3135.522124504506
2026-06-05T07:30:00Z,2026-06-05T07:45:00Z,2026-06-05,2026-06-05_39,62.706571215976496,0,100,0,32.78260869565219,27.97292621118015,0.036110451956896855,0.0,11.935428571428572,True,True,True,False,1467.3337664538499,0.0,0.0,59.33702287898671,0.0,333.534179266275,1860.2049685991115
2026-06-05T07:45:00Z,2026-06-05T08:00:00Z,2026-06-05,2026-06-05_40,0.0,0,100,0,27.97292621118015,32.831051925465864,0.013494793650793651,0.0,5.280571428571428,True,True,True,False,0.0,0.0,0.0,59.33702287898671,0.0,999.3989339984296,1058.7359568774164
2026-06-05T08:00:00Z,2026-06-05T08:15:00Z,2026-06-05,2026-06-05_41,0.0,100,100,0,32.831051925465864,36.316070559006235,0.009887646652864044,0.03428571428571429,3.8285714285714283,True,True,True,False,0.0,0.0,108.1474296799224,59.25144063444971,4.23835877707048,-19.257537350536722,152.37969174090586
2026-06-05T08:15:00Z,2026-06-05T08:30:00Z,2026-06-05,2026-06-05_42,0.0,100,100,0,36.316070559006235,52.494927701863375,0.044941269841269844,0.0,17.585714285714285,True,True,True,False,0.0,0.0,108.1474296799224,59.25144063444971,0.0,2666.3355584716915,2833.7344287860637
2026-06-05T08:30:00Z,2026-06-05T08:45:00Z,2026-06-05,2026-06-05_43,0.0,100,100,0,52.494927701863375,58.82099180124226,0.01758620289855073,0.002285714285714286,6.878857142857144,True,True,True,False,0.0,0.0,108.1474296799224,59.25144063444971,0.28255725180469865,100.5277839089079,268.2092114750847
2026-06-05T08:45:00Z,2026-06-05T09:00:00Z,2026-06-05,2026-06-05_44,0.0,100,100,0,58.82099180124226,64.34782608695654,0.015352317460317462,0.0,6.007428571428571,True,True,True,False,0.0,0.0,108.1474296799224,59.25144063444971,0.0,52.33149964544499,219.7303699598171
2026-06-05T09:00:00Z,2026-06-05T09:15:00Z,2026-06-05,2026-06-05_45,0.0,0,0,100,64.34782608695654,64.34782608695654,0.0,0.0,0.0,True,True,True,False,0.0,991.3276658869174,0.0,0.0,0.0,0.0,991.3276658869174
2026-06-05T09:15:00Z,2026-06-05T09:30:00Z,2026-06-05,2026-06-05_46,0.0,0,0,100,64.34782608695654,64.34782608695654,0.0,0.0,0.0,True,True,True,False,0.0,991.3276658869174,0.0,0.0,0.0,0.0,991.3276658869174
2026-06-05T09:30:00Z,2026-06-05T09:45:00Z,2026-06-05,2026-06-05_47,0.0,0,0,100,64.34782608695654,64.34782608695654,0.0,0.0,0.0,True,True,True,False,0.0,991.3276658869174,0.0,0.0,0.0,0.0,991.3276658869174
2026-06-05T09:45:00Z,2026-06-05T10:00:00Z,2026-06-05,2026-06-05_48,0.0,0,0,100,64.34782608695654,64.34782608695654,0.0,0.0,0.0,True,True,True,False,0.0,991.3276658869174,0.0,0.0,0.0,0.0,991.3276658869174
2026-06-05T10:00:00Z,2026-06-05T10:15:00Z,2026-06-05,2026-06-05_49,0.0,0,0,100,64.34782608695654,64.34782608695654,0.0,0.0,0.0,True,True,True,False,0.0,991.3276658869174,0.0,0.0,0.0,0.0,991.3276658869174
2026-06-05T10:15:00Z,2026-06-05T10:30:00Z,2026-06-05,2026-06-05_50,0.0,0,0,100,64.34782608695654,64.34782608695654,0.0,0.0,0.0,True,True,True,False,0.0,991.3276658869174,0.0,0.0,0.0,0.0,991.3276658869174
2026-06-05T10:30:00Z,2026-06-05T10:45:00Z,2026-06-05,2026-06-05_51,0.0,0,0,100,64.34782608695654,64.34782608695654,0.0,0.0,0.0,True,True,True,False,0.0,991.3276658869174,0.0,0.0,0.0,0.0,991.3276658869174
2026-06-05T10:45:00Z,2026-06-05T11:00:00Z,2026-06-05,2026-06-05_52,0.0,0,0,100,64.34782608695654,64.34782608695654,0.0,0.0,0.0,True,True,True,False,0.0,991.3276658869174,0.0,0.0,0.0,0.0,991.3276658869174
2026-06-05T11:00:00Z,2026-06-05T11:15:00Z,2026-06-05,2026-06-05_53,0.0,0,0,100,64.34782608695654,64.34782608695654,0.0,0.0,0.0,True,True,True,False,0.0,991.3276658869174,0.0,0.0,0.0,0.0,991.3276658869174
2026-06-05T11:15:00Z,2026-06-05T11:30:00Z,2026-06-05,2026-06-05_54,0.0,0,0,100,64.34782608695654,64.34782608695654,0.0,0.0,0.0,True,True,True,False,0.0,991.3276658869174,0.0,0.0,0.0,0.0,991.3276658869174
2026-06-05T11:30:00Z,2026-06-05T11:45:00Z,2026-06-05,2026-06-05_55,0.0,0,0,100,64.34782608695654,64.34782608695654,0.0,0.0,0.0,True,True,True,False,0.0,991.3276658869174,0.0,0.0,0.0,0.0,991.3276658869174
2026-06-05T11:45:00Z,2026-06-05T12:00:00Z,2026-06-05,2026-06-05_56,0.0,0,0,100,64.34782608695654,64.34782608695654,0.0,0.0,0.0,True,True,True,False,0.0,991.3276658869174,0.0,0.0,0.0,0.0,991.3276658869174
2026-06-05T12:00:00Z,2026-06-05T12:15:00Z,2026-06-05,2026-06-05_57,-81.99999999999989,82,0,18,64.34782608695654,83.05565282981367,0.05196618539682532,0.1654057142857143,0.0,True,True,True,False,-775.3099999999989,178.43897985964512,87.55805328921093,0.0,20.241335935033568,0.0,-489.0716309161093
2026-06-05T12:15:00Z,2026-06-05T12:30:00Z,2026-06-05,2026-06-05_58,-81.99999999999989,82,0,18,83.05565282981367,101.8415060869565,0.05218292571428564,0.0805942857142857,0.0,True,True,True,False,-549.3999999999993,178.43897985964512,87.55805328921093,0.0,9.482293778034975,0.0,-273.9206730731083
2026-06-05T12:30:00Z,2026-06-05T12:45:00Z,2026-06-05,2026-06-05_59,-81.99999999999989,82,0,18,101.8415060869565,120.54243545838504,0.05194702603174596,0.17290285714285714,0.0,True,True,True,False,-605.7749999999992,178.43897985964512,87.55805328921093,0.0,20.57915908353642,0.0,-319.1988077676067
2026-06-05T12:45:00Z,2026-06-05T13:00:00Z,2026-06-05,2026-06-05_60,-81.99999999999989,82,0,18,120.54243545838504,139.39295157267074,0.05236254476190469,0.010308571428571427,0.0,True,True,True,False,-698.639999999999,178.43897985964512,87.55805328921093,0.0,1.2128515297486597,0.0,-431.4301153213943
2026-06-05T13:00:00Z,2026-06-05T13:15:00Z,2026-06-05,2026-06-05_61,-20.000000000000696,20,0,80,139.39295157267074,143.9852761440995,0.01275645714285759,0.008342857142857143,0.0,True,True,True,False,-92.95000000000323,793.0621327095339,21.32138985565128,0.0,1.1090806836798737,0.0,722.5426032488618
2026-06-05T13:15:00Z,2026-06-05T13:30:00Z,2026-06-05,2026-06-05_62,-20.000000000000696,20,0,80,143.9852761440995,148.5849607155282,0.012776901587302034,0.00034285714285714285,0.0,True,True,True,False,-161.1000000000056,793.0621327095339,21.32138985565128,0.0,0.039123311788342885,0.0,653.322645876968
2026-06-05T13:30:00Z,2026-06-05T13:45:00Z,2026-06-05,2026-06-05_63,-20.000000000000696,20,0,80,148.5849607155282,153.11272757267125,0.012577130158730604,0.07851428571428572,0.0,True,True,True,False,-262.80000000000916,793.0621327095339,21.32138985565128,0.0,10.437512735453057,0.0,562.021035300629
2026-06-05T13:45:00Z,2026-06-05T14:00:00Z,2026-06-05,2026-06-05_64,-3.522245829207373,20,0,80,153.11272757267125,152.53497142857157,0.0049242471201928085,1.3123428571428573,0.0,True,True,True,False,-72.71676514398621,793.0621327095339,21.32138985565128,0.0,200.71076133421363,0.0,942.3775187554126
2026-06-05T14:00:00Z,2026-06-05T14:15:00Z,2026-06-05,2026-06-05_65,-100.0,100,0,0,152.53497142857157,171.88651428571444,0.05375428571428572,3.9657142857142857,0.0,True,True,True,False,-1247.25,0.0,106.83516859702175,0.0,626.5264421966654,0.0,-513.8883892063129
2026-06-05T14:15:00Z,2026-06-05T14:30:00Z,2026-06-05,2026-06-05_66,-100.0,100,0,0,171.88651428571444,182.76406857142874,0.030215428571428567,13.17657142857143,0.0,True,True,True,False,-1662.7500000000002,0.0,106.83516859702175,0.0,2252.6797425468735,0.0,696.764911143895
2026-06-05T14:30:00Z,2026-06-05T14:45:00Z,2026-06-05,2026-06-05_67,-100.0,100,0,0,182.76406857142874,190.00000000000017,0.020099809523809523,17.134857142857143,0.0,True,True,True,False,-2155.5,0.0,106.83516859702175,0.0,15899.176533837592,0.0,13850.511702434613
2026-06-05T14:45:00Z,2026-06-05T15:00:00Z,2026-06-05,2026-06-05_68,-65.31872473870212,100,0,0,190.00000000000017,187.44844024844738,0.03055073251356387,17.971999999999998,0.0,True,True,True,False,-1835.782758781223,0.0,106.83516859702175,0.0,7146.4924333884865,0.0,5417.544843204285
2026-06-05T15:00:00Z,2026-06-05T15:15:00Z,2026-06-05,2026-06-05_69,0.0,100,100,0,187.44844024844738,186.34155428571447,0.013001921325051761,2.6622857142857144,1.9422857142857144,True,True,True,False,0.0,0.0,107.32013464939807,54.3732526958407,605.2124125227201,-18.506771756229167,748.3990281117298
2026-06-05T15:15:00Z,2026-06-05T15:30:00Z,2026-06-05,2026-06-05_70,0.0,100,100,0,186.34155428571447,189.401242236025,0.011825565217391304,0.5508571428571428,3.9765714285714284,True,True,True,False,0.0,0.0,107.32013464939807,54.3732526958407,92.80467262753793,15.905226928792855,270.4032869015696
2026-06-05T15:30:00Z,2026-06-05T15:45:00Z,2026-06-05,2026-06-05_71,0.0,100,100,0,189.401242236025,182.74180968944117,0.018568518978605935,6.138285714285715,0.013714285714285714,True,True,True,False,0.0,0.0,107.32013464939807,54.3732526958407,1648.7077504910794,-1.0432883143558103,1809.3578495219624
2026-06-05T15:45:00Z,2026-06-05T16:00:00Z,2026-06-05,2026-06-05_72,0.0,100,100,0,182.74180968944117,165.96168546583868,0.04661145617667357,15.437714285714286,0.0,True,True,True,False,0.0,0.0,107.32013464939807,54.3732526958407,4337.630422287247,0.0,4499.323809632486
2026-06-05T16:00:00Z,2026-06-05T16:15:00Z,2026-06-05,2026-06-05_73,-16.999999999999904,100,83,0,165.96168546583868,166.69838332422376,0.01707115864734295,2.9977142857142858,0.0,True,True,True,False,-504.30499999999716,0.0,107.32013464939807,46.597820505505794,622.4591431451339,0.0,272.0720983000406
2026-06-05T16:15:00Z,2026-06-05T16:30:00Z,2026-06-05,2026-06-05_74,-16.481423566194774,100,83,0,166.69838332422376,155.0279503105591,0.04118395672680984,14.593714285714288,0.0,True,True,True,False,-543.6809598898501,0.0,107.32013464939807,46.597820505505794,5382.7938592701885,0.0,4993.030854535242
2026-06-05T16:30:00Z,2026-06-05T16:45:00Z,2026-06-05,2026-06-05_75,0.0,100,83,0,155.0279503105591,130.82360248447216,0.06723429951690821,22.268,0.0,True,True,True,False,0.0,0.0,107.32013464939807,46.597820505505794,14893.044728704286,0.0,15046.96268385919
2026-06-05T16:45:00Z,2026-06-05T17:00:00Z,2026-06-05,2026-06-05_76,0.0,100,83,0,130.82360248447216,105.36708074534172,0.07071256038647342,23.419999999999998,0.0,True,True,True,False,0.0,0.0,107.32013464939807,46.597820505505794,11529.355862383749,0.0,11683.273817538653
2026-06-05T17:00:00Z,2026-06-05T17:15:00Z,2026-06-05,2026-06-05_77,0.0,0,0,100,105.36708074534172,105.36708074534172,0.0,0.0,0.0,True,True,True,False,0.0,991.3276658869174,0.0,0.0,0.0,0.0,991.3276658869174
2026-06-05T17:15:00Z,2026-06-05T17:30:00Z,2026-06-05,2026-06-05_78,0.0,0,0,100,105.36708074534172,105.36708074534172,0.0,0.0,0.0,True,True,True,False,0.0,991.3276658869174,0.0,0.0,0.0,0.0,991.3276658869174
2026-06-05T17:30:00Z,2026-06-05T17:45:00Z,2026-06-05,2026-06-05_79,0.0,0,0,100,105.36708074534172,105.36708074534172,0.0,0.0,0.0,True,True,True,False,0.0,991.3276658869174,0.0,0.0,0.0,0.0,991.3276658869174
2026-06-05T17:45:00Z,2026-06-05T18:00:00Z,2026-06-05,2026-06-05_80,0.0,0,0,100,105.36708074534172,105.36708074534172,0.0,0.0,0.0,True,True,True,False,0.0,991.3276658869174,0.0,0.0,0.0,0.0,991.3276658869174
2026-06-05T18:00:00Z,2026-06-05T18:15:00Z,2026-06-05,2026-06-05_81,0.0,100,100,0,105.36708074534172,100.4111801242237,0.013766390614216702,4.559428571428572,0.0,True,True,True,False,0.0,0.0,107.2916072345524,56.14195241627204,1303.1488702872032,0.0,1466.5824299380276
2026-06-05T18:15:00Z,2026-06-05T18:30:00Z,2026-06-05,2026-06-05_82,0.0,100,100,0,100.4111801242237,91.72546583850942,0.024126984126984125,7.990857142857142,0.0,True,True,True,False,0.0,0.0,107.2916072345524,56.14195241627204,1927.1976043492082,0.0,2090.6311640000326
2026-06-05T18:30:00Z,2026-06-05T18:45:00Z,2026-06-05,2026-06-05_83,0.0,100,100,0,91.72546583850942,75.1385093167703,0.04607487922705314,15.259999999999998,0.0,True,True,True,False,0.0,0.0,107.2916072345524,56.14195241627204,5043.6765409558575,0.0,5207.110100606682
2026-06-05T18:45:00Z,2026-06-05T19:00:00Z,2026-06-05,2026-06-05_84,0.0,100,100,0,75.1385093167703,64.34782608695663,0.029974120082815733,9.927428571428571,0.0,True,True,True,False,0.0,0.0,107.2916072345524,56.14195241627204,2629.54041063176,0.0,2792.9739702825846
2026-06-05T19:00:00Z,2026-06-05T19:15:00Z,2026-06-05,2026-06-05_85,0.0,0,0,100,64.34782608695663,64.34782608695663,0.0,0.0,0.0,True,True,True,False,0.0,991.3276658869174,0.0,0.0,0.0,0.0,991.3276658869174
2026-06-05T19:15:00Z,2026-06-05T19:30:00Z,2026-06-05,2026-06-05_86,0.0,0,0,100,64.34782608695663,64.34782608695663,0.0,0.0,0.0,True,True,True,False,0.0,991.3276658869174,0.0,0.0,0.0,0.0,991.3276658869174
2026-06-05T19:30:00Z,2026-06-05T19:45:00Z,2026-06-05,2026-06-05_87,0.0,0,0,100,64.34782608695663,64.34782608695663,0.0,0.0,0.0,True,True,True,False,0.0,991.3276658869174,0.0,0.0,0.0,0.0,991.3276658869174
2026-06-05T19:45:00Z,2026-06-05T20:00:00Z,2026-06-05,2026-06-05_88,0.0,0,0,100,64.34782608695663,64.34782608695663,0.0,0.0,0.0,True,True,True,False,0.0,991.3276658869174,0.0,0.0,0.0,0.0,991.3276658869174
2026-06-05T20:00:00Z,2026-06-05T20:15:00Z,2026-06-05,2026-06-05_89,0.0,0,0,100,64.34782608695663,64.34782608695663,0.0,0.0,0.0,True,True,True,False,0.0,991.3276658869174,0.0,0.0,0.0,0.0,991.3276658869174
2026-06-05T20:15:00Z,2026-06-05T20:30:00Z,2026-06-05,2026-06-05_90,0.0,0,0,100,64.34782608695663,64.34782608695663,0.0,0.0,0.0,True,True,True,False,0.0,991.3276658869174,0.0,0.0,0.0,0.0,991.3276658869174
2026-06-05T20:30:00Z,2026-06-05T20:45:00Z,2026-06-05,2026-06-05_91,0.0,0,0,100,64.34782608695663,64.34782608695663,0.0,0.0,0.0,True,True,True,False,0.0,991.3276658869174,0.0,0.0,0.0,0.0,991.3276658869174
2026-06-05T20:45:00Z,2026-06-05T21:00:00Z,2026-06-05,2026-06-05_92,0.0,0,0,100,64.34782608695663,64.34782608695663,0.0,0.0,0.0,True,True,True,False,0.0,991.3276658869174,0.0,0.0,0.0,0.0,991.3276658869174
2026-06-05T21:00:00Z,2026-06-05T21:15:00Z,2026-06-06,2026-06-05_93,-15.0,100,85,0,64.34782608695663,53.81027021118024,0.03890499489302967,13.282285714285713,0.12725714285714287,True,True,True,False,-592.125,0.0,107.4817101051669,46.0562414266118,7723.195670520608,-6.5148732771572275,7278.093748775229
2026-06-05T21:15:00Z,2026-06-05T21:30:00Z,2026-06-06,2026-06-05_94,-15.0,100,85,0,53.81027021118024,53.25804670807465,0.02075728115942029,4.3428571428571425,0.6625142857142857,True,True,True,False,-558.3,0.0,107.4817101051669,46.0562414266118,831.4327519759618,-34.07995296884186,392.59075053889865
2026-06-05T21:30:00Z,2026-06-05T21:45:00Z,2026-06-06,2026-06-05_95,-14.170757280989076,100,85,0,53.25804670807465,58.39453237267081,0.01427690074976354,0.0017142857142857142,2.0424285714285717,True,True,True,False,-511.67061852331307,0.0,107.4817101051669,46.0562414266118,0.26128421190149587,-52.99154239336338,-410.86292517299626
2026-06-05T21:45:00Z,2026-06-05T22:00:00Z,2026-06-06,2026-06-05_96,-15.0,100,85,0,58.39453237267081,64.34782608695653,0.016536926984126985,0.0,2.7209714285714286,True,True,True,False,-510.375,0.0,107.4817101051669,46.0562414266118,0.0,-116.8004253489233,-473.6374738171446
2026-06-05T22:00:00Z,2026-06-05T22:15:00Z,2026-06-06,2026-06-06_1,0.0,0,0,100,64.34782608695653,64.34782608695653,0.0,0.0,0.0,True,True,True,False,0.0,993.0841335162322,0.0,0.0,0.0,0.0,993.0841335162322
2026-06-05T22:15:00Z,2026-06-05T22:30:00Z,2026-06-06,2026-06-06_2,0.0,0,0,100,64.34782608695653,64.34782608695653,0.0,0.0,0.0,True,True,True,False,0.0,993.0841335162322,0.0,0.0,0.0,0.0,993.0841335162322
2026-06-05T22:30:00Z,2026-06-05T22:45:00Z,2026-06-06,2026-06-06_3,0.0,0,0,100,64.34782608695653,64.34782608695653,0.0,0.0,0.0,True,True,True,False,0.0,993.0841335162322,0.0,0.0,0.0,0.0,993.0841335162322
2026-06-05T22:45:00Z,2026-06-05T23:00:00Z,2026-06-06,2026-06-06_4,0.0,0,0,100,64.34782608695653,64.34782608695653,0.0,0.0,0.0,True,True,True,False,0.0,993.0841335162322,0.0,0.0,0.0,0.0,993.0841335162322
2026-06-05T23:00:00Z,2026-06-05T23:15:00Z,2026-06-06,2026-06-06_5,0.0,0,0,100,64.34782608695653,64.34782608695653,0.0,0.0,0.0,True,True,True,False,0.0,993.0841335162322,0.0,0.0,0.0,0.0,993.0841335162322
2026-06-05T23:15:00Z,2026-06-05T23:30:00Z,2026-06-06,2026-06-06_6,0.0,0,0,100,64.34782608695653,64.34782608695653,0.0,0.0,0.0,True,True,True,False,0.0,993.0841335162322,0.0,0.0,0.0,0.0,993.0841335162322
2026-06-05T23:30:00Z,2026-06-05T23:45:00Z,2026-06-06,2026-06-06_7,0.0,0,0,100,64.34782608695653,64.34782608695653,0.0,0.0,0.0,True,True,True,False,0.0,993.0841335162322,0.0,0.0,0.0,0.0,993.0841335162322
2026-06-05T23:45:00Z,2026-06-06T00:00:00Z,2026-06-06,2026-06-06_8,0.0,0,0,100,64.34782608695653,64.34782608695653,0.0,0.0,0.0,True,True,True,False,0.0,993.0841335162322,0.0,0.0,0.0,0.0,993.0841335162322
2026-06-06T00:00:00Z,2026-06-06T00:15:00Z,2026-06-06,2026-06-06_9,0.0,0,0,100,64.34782608695653,64.34782608695653,0.0,0.0,0.0,True,True,True,False,0.0,993.0841335162322,0.0,0.0,0.0,0.0,993.0841335162322
2026-06-06T00:15:00Z,2026-06-06T00:30:00Z,2026-06-06,2026-06-06_10,0.0,0,0,100,64.34782608695653,64.34782608695653,0.0,0.0,0.0,True,True,True,False,0.0,993.0841335162322,0.0,0.0,0.0,0.0,993.0841335162322
2026-06-06T00:30:00Z,2026-06-06T00:45:00Z,2026-06-06,2026-06-06_11,0.0,0,0,100,64.34782608695653,64.34782608695653,0.0,0.0,0.0,True,True,True,False,0.0,993.0841335162322,0.0,0.0,0.0,0.0,993.0841335162322
2026-06-06T00:45:00Z,2026-06-06T01:00:00Z,2026-06-06,2026-06-06_12,0.0,0,0,100,64.34782608695653,64.34782608695653,0.0,0.0,0.0,True,True,True,False,0.0,993.0841335162322,0.0,0.0,0.0,0.0,993.0841335162322
2026-06-06T01:00:00Z,2026-06-06T01:15:00Z,2026-06-06,2026-06-06_13,0.0,0,0,100,64.34782608695653,64.34782608695653,0.0,0.0,0.0,True,True,True,False,0.0,993.0841335162322,0.0,0.0,0.0,0.0,993.0841335162322
2026-06-06T01:15:00Z,2026-06-06T01:30:00Z,2026-06-06,2026-06-06_14,0.0,0,0,100,64.34782608695653,64.34782608695653,0.0,0.0,0.0,True,True,True,False,0.0,993.0841335162322,0.0,0.0,0.0,0.0,993.0841335162322
2026-06-06T01:30:00Z,2026-06-06T01:45:00Z,2026-06-06,2026-06-06_15,0.0,0,0,100,64.34782608695653,64.34782608695653,0.0,0.0,0.0,True,True,True,False,0.0,993.0841335162322,0.0,0.0,0.0,0.0,993.0841335162322
2026-06-06T01:45:00Z,2026-06-06T02:00:00Z,2026-06-06,2026-06-06_16,0.0,0,0,100,64.34782608695653,64.34782608695653,0.0,0.0,0.0,True,True,True,False,0.0,993.0841335162322,0.0,0.0,0.0,0.0,993.0841335162322
2026-06-06T02:00:00Z,2026-06-06T02:15:00Z,2026-06-06,2026-06-06_17,0.0,0,0,100,64.34782608695653,64.34782608695653,0.0,0.0,0.0,True,True,True,False,0.0,993.0841335162322,0.0,0.0,0.0,0.0,993.0841335162322
2026-06-06T02:15:00Z,2026-06-06T02:30:00Z,2026-06-06,2026-06-06_18,0.0,0,0,100,64.34782608695653,64.34782608695653,0.0,0.0,0.0,True,True,True,False,0.0,993.0841335162322,0.0,0.0,0.0,0.0,993.0841335162322
2026-06-06T02:30:00Z,2026-06-06T02:45:00Z,2026-06-06,2026-06-06_19,0.0,0,0,100,64.34782608695653,64.34782608695653,0.0,0.0,0.0,True,True,True,False,0.0,993.0841335162322,0.0,0.0,0.0,0.0,993.0841335162322
2026-06-06T02:45:00Z,2026-06-06T03:00:00Z,2026-06-06,2026-06-06_20,0.0,0,0,100,64.34782608695653,64.34782608695653,0.0,0.0,0.0,True,True,True,False,0.0,993.0841335162322,0.0,0.0,0.0,0.0,993.0841335162322
2026-06-06T03:00:00Z,2026-06-06T03:15:00Z,2026-06-06,2026-06-06_21,0.0,0,0,100,64.34782608695653,64.34782608695653,0.0,0.0,0.0,True,True,True,False,0.0,993.0841335162322,0.0,0.0,0.0,0.0,993.0841335162322
2026-06-06T03:15:00Z,2026-06-06T03:30:00Z,2026-06-06,2026-06-06_22,0.0,0,0,100,64.34782608695653,64.34782608695653,0.0,0.0,0.0,True,True,True,False,0.0,993.0841335162322,0.0,0.0,0.0,0.0,993.0841335162322
2026-06-06T03:30:00Z,2026-06-06T03:45:00Z,2026-06-06,2026-06-06_23,0.0,0,0,100,64.34782608695653,64.34782608695653,0.0,0.0,0.0,True,True,True,False,0.0,993.0841335162322,0.0,0.0,0.0,0.0,993.0841335162322
2026-06-06T03:45:00Z,2026-06-06T04:00:00Z,2026-06-06,2026-06-06_24,0.0,0,0,100,64.34782608695653,64.34782608695653,0.0,0.0,0.0,True,True,True,False,0.0,993.0841335162322,0.0,0.0,0.0,0.0,993.0841335162322
2026-06-06T04:00:00Z,2026-06-06T04:15:00Z,2026-06-06,2026-06-06_25,0.0,0,0,100,64.34782608695653,64.34782608695653,0.0,0.0,0.0,True,True,True,False,0.0,993.0841335162322,0.0,0.0,0.0,0.0,993.0841335162322
2026-06-06T04:15:00Z,2026-06-06T04:30:00Z,2026-06-06,2026-06-06_26,0.0,0,0,100,64.34782608695653,64.34782608695653,0.0,0.0,0.0,True,True,True,False,0.0,993.0841335162322,0.0,0.0,0.0,0.0,993.0841335162322
2026-06-06T04:30:00Z,2026-06-06T04:45:00Z,2026-06-06,2026-06-06_27,0.0,0,0,100,64.34782608695653,64.34782608695653,0.0,0.0,0.0,True,True,True,False,0.0,993.0841335162322,0.0,0.0,0.0,0.0,993.0841335162322
2026-06-06T04:45:00Z,2026-06-06T05:00:00Z,2026-06-06,2026-06-06_28,0.0,0,0,100,64.34782608695653,64.34782608695653,0.0,0.0,0.0,True,True,True,False,0.0,993.0841335162322,0.0,0.0,0.0,0.0,993.0841335162322
2026-06-06T05:00:00Z,2026-06-06T05:15:00Z,2026-06-06,2026-06-06_29,0.0,0,0,100,64.34782608695653,64.34782608695653,0.0,0.0,0.0,True,True,True,False,0.0,993.0841335162322,0.0,0.0,0.0,0.0,993.0841335162322
2026-06-06T05:15:00Z,2026-06-06T05:30:00Z,2026-06-06,2026-06-06_30,0.0,0,0,100,64.34782608695653,64.34782608695653,0.0,0.0,0.0,True,True,True,False,0.0,993.0841335162322,0.0,0.0,0.0,0.0,993.0841335162322
2026-06-06T05:30:00Z,2026-06-06T05:45:00Z,2026-06-06,2026-06-06_31,0.0,0,0,100,64.34782608695653,64.34782608695653,0.0,0.0,0.0,True,True,True,False,0.0,993.0841335162322,0.0,0.0,0.0,0.0,993.0841335162322
2026-06-06T05:45:00Z,2026-06-06T06:00:00Z,2026-06-06,2026-06-06_32,0.0,0,0,100,64.34782608695653,64.34782608695653,0.0,0.0,0.0,True,True,True,False,0.0,993.0841335162322,0.0,0.0,0.0,0.0,993.0841335162322
2026-06-06T06:00:00Z,2026-06-06T06:15:00Z,2026-06-06,2026-06-06_33,8.000000000000023,5,13,87,64.34782608695653,61.91947204968944,0.006745427881297463,0.23408571428571429,0.0,True,True,True,False,188.06000000000054,863.9831961591219,5.416952446273433,7.560299497027892,39.099735384414394,0.0,1104.1201834868382
2026-06-06T06:15:00Z,2026-06-06T06:30:00Z,2026-06-06,2026-06-06_34,8.000000000000023,5,13,87,61.91947204968944,59.56726708074534,0.006533902691511405,0.1640285714285714,0.0,True,True,True,False,153.92000000000044,863.9831961591219,5.416952446273433,7.560299497027892,26.052285991900185,0.0,1056.932734094324
2026-06-06T06:30:00Z,2026-06-06T06:45:00Z,2026-06-06,2026-06-06_35,7.996357030470334,5,13,87,59.56726708074534,57.28260869565218,0.006347296258932534,0.1032857142857143,0.0005200000000000001,True,True,True,False,115.82723158636279,863.9831961591219,5.416952446273433,7.560299497027892,16.730679992161477,-0.03962810547172688,1009.4787315754758
2026-06-06T06:45:00Z,2026-06-06T07:00:00Z,2026-06-06,2026-06-06_36,0.05561770075191635,5,13,87,57.28260869565218,57.28260869565218,0.0001376131664880101,0.009,0.027039999999999998,True,True,True,False,0.6005321238688167,863.9831961591219,5.416952446273433,7.560299497027892,1.349475308641975,-1.9241169029111416,876.9863386320229
2026-06-06T07:00:00Z,2026-06-06T07:15:00Z,2026-06-06,2026-06-06_37,27.0,0,27,73,57.28260869565218,49.95638509316771,0.020350621118012422,0.0,0.009874285714285714,True,True,True,False,346.68,724.9514174668494,0.0,15.671296296296294,0.0,-0.701292886537331,1086.6014208766085
2026-06-06T07:15:00Z,2026-06-06T07:30:00Z,2026-06-06,2026-06-06_38,0.0,0,27,73,49.95638509316771,49.996412978882,0.00011118857142857142,0.0,0.043508571428571424,True,True,True,False,0.0,724.9514174668494,0.0,15.671296296296294,0.0,-2.181330511463844,738.4413832516818
2026-06-06T07:30:00Z,2026-06-06T07:45:00Z,2026-06-06,2026-06-06_39,0.18118904324193957,0,27,73,49.996412978882,51.0593744367929,0.0031772751052881708,0.0,1.2074399999999998,True,True,True,False,0.38185590863238766,724.9514174668494,0.0,15.671296296296294,0.0,13.280045679012343,754.2846153507904
2026-06-06T07:45:00Z,2026-06-06T08:00:00Z,2026-06-06,2026-06-06_40,0.0,0,27,73,51.0593744367929,54.58282197965004,0.009787354285714287,0.0,3.829834285714286,True,True,True,False,0.0,724.9514174668494,0.0,15.671296296296294,0.0,114.79579494415051,855.4185087072963
2026-06-06T08:00:00Z,2026-06-06T08:15:00Z,2026-06-06,2026-06-06_41,1.7437742071558165e-14,27,0,73,54.58282197965004,54.39549899828358,0.0005203416149068455,0.17233714285714286,0.0,True,True,True,False,4.355076082371652e-14,724.9514174668494,29.09722222222222,0.0,19.60348133450911,0.0,773.6521210235808
2026-06-06T08:15:00Z,2026-06-06T08:30:00Z,2026-06-06,2026-06-06_42,-27.0,27,0,73,54.39549899828358,60.392726655426436,0.016658965714285715,0.2312742857142857,0.0,True,True,True,False,-39.555,724.9514174668494,29.09722222222222,0.0,25.675199823633154,0.0,740.1688395127048
2026-06-06T08:30:00Z,2026-06-06T08:45:00Z,2026-06-06,2026-06-06_43,-27.0,27,0,73,60.392726655426436,66.47412642685501,0.016892777142857144,0.13978285714285715,0.0,True,True,True,False,-25.3125,724.9514174668494,29.09722222222222,0.0,12.84639823633157,0.0,741.5825379254032
2026-06-06T08:45:00Z,2026-06-06T09:00:00Z,2026-06-06,2026-06-06_44,-27.0,27,0,73,66.47412642685501,72.02522768399787,0.015419725714285714,0.7161942857142858,0.0,True,True,True,False,-0.0,724.9514174668494,29.09722222222222,0.0,91.7231637272193,0.0,845.7718034162909
2026-06-06T09:00:00Z,2026-06-06T09:15:00Z,2026-06-06,2026-06-06_45,-27.0,27,0,73,72.02522768399787,77.2264397982836,0.01444781142857143,1.0965085714285714,0.0,True,True,True,False,-0.27,724.9514174668494,29.02006172839506,0.0,154.5156225749559,0.0,908.2171017702004
2026-06-06T09:15:00Z,2026-06-06T09:30:00Z,2026-06-06,2026-06-06_46,-27.0,27,0,73,77.2264397982836,83.39456665542644,0.017133685714285713,0.04551428571428571,0.0,True,True,True,False,-0.0,724.9514174668494,29.02006172839506,0.0,3.90263668430335,0.0,757.8741158795478
2026-06-06T09:30:00Z,2026-06-06T09:45:00Z,2026-06-06,2026-06-06_47,-27.0,27,0,73,83.39456665542644,89.59023042685502,0.017210177142857143,0.015582857142857145,0.0,True,True,True,False,-0.0,724.9514174668494,29.02006172839506,0.0,1.3361569664903,0.0,755.3076361617348
2026-06-06T09:45:00Z,2026-06-06T10:00:00Z,2026-06-06,2026-06-06_48,-27.0,27,0,73,89.59023042685502,95.76886105542644,0.017162862857142858,0.034097142857142854,0.0,True,True,True,False,-0.0,724.9514174668494,29.02006172839506,0.0,2.923670194003527,0.0,756.895149389248
2026-06-06T10:00:00Z,2026-06-06T10:15:00Z,2026-06-06,2026-06-06_49,0.0,27,27,73,95.76886105542644,95.92610959207241,0.00046847850931677016,0.005245714285714286,0.17712,True,True,True,False,0.0,724.9514174668494,29.02006172839506,26.396604938271604,0.4497354497354497,-9.23481975308642,771.5829998301651
2026-06-06T10:15:00Z,2026-06-06T10:30:00Z,2026-06-06,2026-06-06_50,0.0,27,27,73,95.92610959207241,97.86872746039539,0.005411999254658385,0.002622857142857143,2.11464,True,True,True,False,0.0,724.9514174668494,29.02006172839506,26.396604938271604,0.22486772486772486,-1.029762962962963,779.5631888954208
2026-06-06T10:30:00Z,2026-06-06T10:45:00Z,2026-06-06,2026-06-06_51,0.0,27,27,73,97.86872746039539,102.01104586039538,0.01150644,0.0,4.50252,True,True,True,False,0.0,724.9514174668494,29.02006172839506,26.396604938271604,0.0,40.67434238683126,821.0424265203474
2026-06-06T10:45:00Z,2026-06-06T11:00:00Z,2026-06-06,2026-06-06_52,0.0,27,27,73,102.01104586039538,104.61541340325253,0.007234354285714285,0.0,2.8308342857142854,True,True,True,False,0.0,724.9514174668494,29.02006172839506,26.396604938271604,0.0,7.331649382716048,787.6997335162322
2026-06-06T11:00:00Z,2026-06-06T11:15:00Z,2026-06-06,2026-06-06_53,-27.0,27,0,73,104.61541340325253,110.82541340325253,0.01725,0.0,0.0,True,True,True,False,-0.0,724.9514174668494,29.02006172839506,0.0,0.0,0.0,753.9714791952445
2026-06-06T11:15:00Z,2026-06-06T11:30:00Z,2026-06-06,2026-06-06_54,-27.0,27,0,73,110.82541340325253,117.03541340325253,0.01725,0.0,0.0,True,True,True,False,-0.0,724.9514174668494,29.02006172839506,0.0,0.0,0.0,753.9714791952445
2026-06-06T11:30:00Z,2026-06-06T11:45:00Z,2026-06-06,2026-06-06_55,-27.0,27,0,73,117.03541340325253,123.24541340325254,0.01725,0.0,0.0,True,True,True,False,-0.0,724.9514174668494,29.02006172839506,0.0,0.0,0.0,753.9714791952445
2026-06-06T11:45:00Z,2026-06-06T12:00:00Z,2026-06-06,2026-06-06_56,-27.0,27,0,73,123.24541340325254,129.42503763182395,0.01716562285714286,0.033017142857142856,0.0,True,True,True,False,-0.0,724.9514174668494,29.02006172839506,0.0,2.911198883009994,0.0,756.8826780782545
2026-06-06T12:00:00Z,2026-06-06T12:15:00Z,2026-06-06,2026-06-06_57,-27.0,27,0,73,129.42503763182395,134.32774391753824,0.013618628571428572,1.4209714285714288,0.0,True,True,True,False,-0.0,724.9514174668494,28.973765432098762,0.0,337.8616216931218,0.0,1091.78680459207
2026-06-06T12:15:00Z,2026-06-06T12:30:00Z,2026-06-06,2026-06-06_58,-27.0,27,0,73,134.32774391753824,139.50936791753824,0.014393400000000002,1.1178,0.0,True,True,True,False,-0.0,724.9514174668494,28.973765432098762,0.0,184.82054629629624,0.0,938.7457291952444
2026-06-06T12:30:00Z,2026-06-06T12:45:00Z,2026-06-06,2026-06-06_59,-27.0,27,0,73,139.50936791753824,145.58494803182396,0.016876611428571428,0.14610857142857142,0.0,True,True,True,False,-0.0,724.9514174668494,28.973765432098762,0.0,17.328457642563194,0.0,771.2536405415113
2026-06-06T12:45:00Z,2026-06-06T13:00:00Z,2026-06-06,2026-06-06_60,-27.0,27,0,73,145.58494803182396,151.58515648896682,0.016667245714285718,0.22803428571428572,0.0,True,True,True,False,-0.3375,724.9514174668494,28.973765432098762,0.0,28.07048706643151,0.0,781.6581699653797
2026-06-06T13:00:00Z,2026-06-06T13:15:00Z,2026-06-06,2026-06-06_61,-10.0,30,20,70,151.58515648896682,153.64400806660657,0.006660371014492753,0.23382857142857144,0.0,True,True,True,False,-3.55,695.1588934613625,32.16735253772291,11.63694558756287,24.696249526422363,0.0,760.1094411130706
2026-06-06T13:15:00Z,2026-06-06T13:30:00Z,2026-06-06,2026-06-06_62,-10.0,30,20,70,153.64400806660657,155.87054391753827,0.006497451207729469,0.07765714285714287,0.007200000000000001,True,True,True,False,-12.825,695.1588934613625,32.16735253772291,11.63694558756287,7.550133156966492,-0.5428614540466392,733.1454632895682
2026-06-06T13:30:00Z,2026-06-06T13:45:00Z,2026-06-06,2026-06-06_63,-10.0,30,20,70,155.87054391753827,157.78797358213455,0.0069065937888198765,0.39257142857142857,0.02422857142857143,True,True,True,False,-17.875,695.1588934613625,32.16735253772291,11.63694558756287,50.10259422561891,-1.5593657761229776,769.6314200361442
2026-06-06T13:45:00Z,2026-06-06T14:00:00Z,2026-06-06,2026-06-06_64,-1.3797554495960598,30,20,70,157.78797358213455,157.8000000000001,0.0017231664963393814,0.29331428571428575,0.012228571428571429,True,True,True,False,-5.77427655655951,695.1588934613625,32.16735253772291,11.63694558756287,36.6111976615063,-0.9144076904653037,768.8857050011297
2026-06-06T14:00:00Z,2026-06-06T14:15:00Z,2026-06-06,2026-06-06_65,0.0,50,50,50,157.8000000000001,160.56537788819887,0.00770575983436853,0.004,3.0105714285714287,True,True,True,False,0.0,496.5420667581161,53.68369913122999,29.17809785093736,0.3802773967383021,14.687490963921004,594.4716321009428
2026-06-06T14:15:00Z,2026-06-06T14:30:00Z,2026-06-06,2026-06-06_66,0.0,50,50,50,160.56537788819887,161.17872596273304,0.0018331442374051072,0.02142857142857143,0.6920000000000001,True,True,True,False,0.0,496.5420667581161,53.68369913122999,29.17809785093736,2.428963354889281,-32.18654320987654,549.6462838852962
2026-06-06T14:30:00Z,2026-06-06T14:45:00Z,2026-06-06,2026-06-06_67,0.0,50,50,50,161.17872596273304,166.58359453416162,0.015013523809523812,0.0,5.874857142857143,True,True,True,False,0.0,496.5420667581161,53.68369913122999,29.17809785093736,0.0,995.482051734274,1574.8859154745576
2026-06-06T14:45:00Z,2026-06-06T15:00:00Z,2026-06-06,2026-06-06_68,0.0,50,50,50,166.58359453416162,166.65036074534174,0.0015639986197377503,0.2282857142857143,0.3422857142857143,True,True,True,False,0.0,496.5420667581161,53.68369913122999,29.17809785093736,29.43345194547869,-18.223675397914082,590.613640287848
2026-06-06T15:00:00Z,2026-06-06T15:15:00Z,2026-06-06,2026-06-06_69,-100.0,100,0,0,166.65036074534174,182.07639503105602,0.042850095238095236,8.232571428571427,0.0,True,True,True,False,-1282.0,0.0,108.31047096479195,0.0,1872.3437832865195,0.0,698.6542542513115
2026-06-06T15:15:00Z,2026-06-06T15:30:00Z,2026-06-06,2026-06-06_70,-100.0,100,0,0,182.07639503105602,189.90428074534174,0.021744126984126987,16.49142857142857,0.0,True,True,True,False,-1732.2500000000002,0.0,108.31047096479195,0.0,4254.070951727742,0.0,2630.1314226925338
2026-06-06T15:30:00Z,2026-06-06T15:45:00Z,2026-06-06,2026-06-06_71,-43.278142562652135,100,0,0,189.90428074534174,190.00000000000014,0.03354349275879189,9.715428571428571,0.0,True,True,True,False,-1016.1707873710722,0.0,108.31047096479195,0.0,4713.324818298604,0.0,3805.4645018923243
2026-06-06T15:45:00Z,2026-06-06T16:00:00Z,2026-06-06,2026-06-06_72,-93.13266171425414,100,0,0,190.00000000000014,190.00000000000014,0.009536548032144801,22.99657142857143,0.0,True,True,True,False,-2811.209393844761,0.0,108.31047096479195,0.0,13740.447047270667,0.0,11037.548124390698
2026-06-06T16:00:00Z,2026-06-06T16:15:00Z,2026-06-06,2026-06-06_73,0.0,100,100,0,190.00000000000014,178.40310559006227,0.032213595583160795,10.669142857142857,0.0,True,True,True,False,0.0,0.0,108.31047096479195,54.869684499314126,2654.0671812876953,0.0,2817.2473367518014
2026-06-06T16:15:00Z,2026-06-06T16:30:00Z,2026-06-06,2026-06-06_74,0.0,100,100,0,178.40310559006227,169.4397515527952,0.02489820565907522,8.246285714285714,0.0,True,True,True,False,0.0,0.0,108.31047096479195,54.869684499314126,2090.788806910967,0.0,2253.9689623750733
2026-06-06T16:30:00Z,2026-06-06T16:45:00Z,2026-06-06,2026-06-06_75,0.0,100,100,0,169.4397515527952,150.36397515527966,0.05298826777087646,17.549714285714284,0.0,True,True,True,False,0.0,0.0,108.31047096479195,54.869684499314126,5823.109416247523,0.0,5986.289571711629
2026-06-06T16:45:00Z,2026-06-06T17:00:00Z,2026-06-06,2026-06-06_76,0.0,100,100,0,150.36397515527966,139.17577639751568,0.03107832988267771,10.293142857142858,0.0,True,True,True,False,0.0,0.0,108.31047096479195,54.869684499314126,2486.3603503385807,0.0,2649.5405058026868
2026-06-06T17:00:00Z,2026-06-06T17:15:00Z,2026-06-06,2026-06-06_77,73.87821694246234,0,100,0,139.17577639751568,120.26335403726725,0.05402296721801187,0.0,1.114857142857143,True,True,True,False,2257.533614219293,0.0,0.0,54.869684499314126,0.0,-58.33713872014284,2254.0661599984646
2026-06-06T17:15:00Z,2026-06-06T17:30:00Z,2026-06-06,2026-06-06_78,100.0,0,100,0,120.26335403726725,103.26583850931694,0.04721532091097308,0.0,9.362285714285715,True,True,True,False,3230.25,0.0,0.0,54.869684499314126,0.0,57.44049818189737,3342.5601826812117
2026-06-06T17:30:00Z,2026-06-06T17:45:00Z,2026-06-06,2026-06-06_79,100.0,0,100,0,103.26583850931694,85.81304347826104,0.0484799861973775,0.0,8.943428571428571,True,True,True,False,3301.75,0.0,0.0,54.869684499314126,0.0,47.8199441504997,3404.439628649814
2026-06-06T17:45:00Z,2026-06-06T18:00:00Z,2026-06-06,2026-06-06_80,100.0,0,100,0,85.81304347826104,64.3478260869567,0.05962560386473428,0.0,5.252000000000001,True,True,True,False,3561.0,0.0,0.0,54.869684499314126,0.0,-146.591316872428,3469.278367626886
2026-06-06T18:00:00Z,2026-06-06T18:15:00Z,2026-06-06,2026-06-06_81,0.0,0,0,100,64.3478260869567,64.3478260869567,0.0,0.0,0.0,True,True,True,False,0.0,993.0841335162322,0.0,0.0,0.0,0.0,993.0841335162322
2026-06-06T18:15:00Z,2026-06-06T18:30:00Z,2026-06-06,2026-06-06_82,0.0,0,0,100,64.3478260869567,64.3478260869567,0.0,0.0,0.0,True,True,True,False,0.0,993.0841335162322,0.0,0.0,0.0,0.0,993.0841335162322
2026-06-06T18:30:00Z,2026-06-06T18:45:00Z,2026-06-06,2026-06-06_83,0.0,0,0,100,64.3478260869567,64.3478260869567,0.0,0.0,0.0,True,True,True,False,0.0,993.0841335162322,0.0,0.0,0.0,0.0,993.0841335162322
2026-06-06T18:45:00Z,2026-06-06T19:00:00Z,2026-06-06,2026-06-06_84,0.0,0,0,100,64.3478260869567,64.3478260869567,0.0,0.0,0.0,True,True,True,False,0.0,993.0841335162322,0.0,0.0,0.0,0.0,993.0841335162322
2026-06-06T19:00:00Z,2026-06-06T19:15:00Z,2026-06-06,2026-06-06_85,0.0,0,0,100,64.3478260869567,64.3478260869567,0.0,0.0,0.0,True,True,True,False,0.0,993.0841335162322,0.0,0.0,0.0,0.0,993.0841335162322
2026-06-06T19:15:00Z,2026-06-06T19:30:00Z,2026-06-06,2026-06-06_86,0.0,0,0,100,64.3478260869567,64.3478260869567,0.0,0.0,0.0,True,True,True,False,0.0,993.0841335162322,0.0,0.0,0.0,0.0,993.0841335162322
2026-06-06T19:30:00Z,2026-06-06T19:45:00Z,2026-06-06,2026-06-06_87,0.0,0,0,100,64.3478260869567,64.3478260869567,0.0,0.0,0.0,True,True,True,False,0.0,993.0841335162322,0.0,0.0,0.0,0.0,993.0841335162322
2026-06-06T19:45:00Z,2026-06-06T20:00:00Z,2026-06-06,2026-06-06_88,0.0,0,0,100,64.3478260869567,64.3478260869567,0.0,0.0,0.0,True,True,True,False,0.0,993.0841335162322,0.0,0.0,0.0,0.0,993.0841335162322
2026-06-06T20:00:00Z,2026-06-06T20:15:00Z,2026-06-06,2026-06-06_89,0.0,0,0,100,64.3478260869567,64.3478260869567,0.0,0.0,0.0,True,True,True,False,0.0,993.0841335162322,0.0,0.0,0.0,0.0,993.0841335162322
2026-06-06T20:15:00Z,2026-06-06T20:30:00Z,2026-06-06,2026-06-06_90,0.0,0,0,100,64.3478260869567,64.3478260869567,0.0,0.0,0.0,True,True,True,False,0.0,993.0841335162322,0.0,0.0,0.0,0.0,993.0841335162322
2026-06-06T20:30:00Z,2026-06-06T20:45:00Z,2026-06-06,2026-06-06_91,0.0,0,0,100,64.3478260869567,64.3478260869567,0.0,0.0,0.0,True,True,True,False,0.0,993.0841335162322,0.0,0.0,0.0,0.0,993.0841335162322
2026-06-06T20:45:00Z,2026-06-06T21:00:00Z,2026-06-06,2026-06-06_92,0.0,0,0,100,64.3478260869567,64.3478260869567,0.0,0.0,0.0,True,True,True,False,0.0,993.0841335162322,0.0,0.0,0.0,0.0,993.0841335162322
2026-06-06T21:00:00Z,2026-06-06T21:15:00Z,2026-06-07,2026-06-06_93,0.0,100,97,0,64.3478260869567,54.56521739130453,0.02717391304347826,9.0,0.0,True,True,True,False,0.0,0.0,107.4817101051669,52.558299039780515,1997.5617283950617,0.0,2157.6017375400093
2026-06-06T21:15:00Z,2026-06-06T21:30:00Z,2026-06-07,2026-06-06_94,0.0,100,97,0,54.56521739130453,44.963354037267266,0.026671842650103514,8.833714285714285,0.0,True,True,True,False,0.0,0.0,107.4817101051669,52.558299039780515,2057.554628649814,0.0,2217.594637794761
2026-06-06T21:30:00Z,2026-06-06T21:45:00Z,2026-06-07,2026-06-06_95,-0.09081729807857031,100,97,0,44.963354037267266,37.140615821118,0.021812372364570457,7.217142857142858,0.0,True,True,True,False,-3.00014944202557,0.0,107.4817101051669,52.558299039780515,1510.1219674701156,0.0,1667.1618271730374
2026-06-06T21:45:00Z,2026-06-06T22:00:00Z,2026-06-07,2026-06-06_96,-3.0,100,97,0,37.140615821118,20.354994534161477,0.047983419130434773,16.152,0.0,True,True,True,False,-95.25750000000001,0.0,107.4817101051669,52.558299039780515,7526.291015089163,0.0,7591.073524234111
2026-06-06T22:00:00Z,2026-06-06T22:15:00Z,2026-06-07,2026-06-07_1,-100.0,100,0,0,20.354994534161477,27.25394310559005,0.019163746031746032,17.501142857142856,0.0,True,True,True,False,-3306.5,0.0,107.4817101051669,0.0,6073.788166764649,0.0,2874.7698768698156
2026-06-06T22:15:00Z,2026-06-06T22:30:00Z,2026-06-07,2026-06-07_2,-100.0,100,0,0,27.25394310559005,29.97188596273291,0.007549841269841271,22.045714285714286,0.0,True,True,True,False,-3038.0,0.0,107.4817101051669,0.0,8624.46588281403,0.0,5693.947592919196
2026-06-06T22:30:00Z,2026-06-06T22:45:00Z,2026-06-07,2026-06-07_3,-100.0,100,0,0,29.97188596273291,39.50413739130434,0.026478476190476195,14.638857142857143,0.0,True,True,True,False,-3028.5,0.0,107.4817101051669,0.0,3262.1212746314804,0.0,341.10298473664733
2026-06-06T22:45:00Z,2026-06-06T23:00:00Z,2026-06-07,2026-06-07_4,-100.0,100,0,0,39.50413739130434,57.92621739130434,0.05117244444444445,4.976,0.0,True,True,True,False,-2964.5,0.0,107.4817101051669,0.0,861.1671056241426,0.0,-1995.8511842706905
2026-06-06T23:00:00Z,2026-06-06T23:15:00Z,2026-06-07,2026-06-07_5,-6.0,13,7,87,57.92621739130434,58.19567978136645,0.004324110503795721,1.0996514285714285,0.0,True,True,True,False,-173.34,863.9831961591219,13.972622313671696,5.611282578875171,226.88439519999125,0.0,937.11149625166
2026-06-06T23:15:00Z,2026-06-06T23:30:00Z,2026-06-07,2026-06-07_6,-6.0,13,7,87,58.19567978136645,58.435208745341605,0.0043373389095928225,1.1292914285714286,0.0,True,True,True,False,-173.715,863.9831961591219,13.972622313671696,5.611282578875171,217.3283573540619,0.0,927.1804584057306
2026-06-06T23:30:00Z,2026-06-06T23:45:00Z,2026-06-07,2026-06-07_7,-6.0,13,7,87,58.435208745341605,58.39663442484471,0.004460240414078675,1.4046685714285714,0.0,True,True,True,False,-173.7,863.9831961591219,13.972622313671696,5.611282578875171,271.4750559278856,0.0,981.3421569795544
2026-06-06T23:45:00Z,2026-06-07T00:00:00Z,2026-06-07,2026-06-07_8,-0.328990293182565,13,7,87,58.39663442484471,57.333794697415584,0.0032366992526554833,1.0515142857142856,0.0,True,True,True,False,-9.423104472481617,863.9831961591219,13.972622313671696,5.611282578875171,202.90852085918957,0.0,1077.0525174383768
2026-06-07T00:00:00Z,2026-06-07T00:15:00Z,2026-06-07,2026-06-07_9,-58.00000000000003,100,42,0,57.333794697415584,54.04823623778826,0.03346040524499654,16.791428571428572,0.0,True,True,True,False,-1635.1650000000006,0.0,107.4817101051669,40.785322359396424,3734.192592592592,0.0,2247.294625057155
2026-06-07T00:15:00Z,2026-06-07T00:30:00Z,2026-06-07,2026-06-07_10,-57.565522550618084,100,42,0,54.04823623778826,54.81552278260867,0.034387704299188304,12.588,0.0,True,True,True,False,-1619.4620631552632,0.0,107.4817101051669,40.785322359396424,2575.793838591678,0.0,1104.5988079009783
2026-06-07T00:30:00Z,2026-06-07T00:45:00Z,2026-06-07,2026-06-07_11,-58.0,100,42,0,54.81552278260867,54.57048673788817,0.03411789504485852,13.720571428571429,0.0,True,True,True,False,-1615.8799999999999,0.0,107.4817101051669,40.785322359396424,2897.6342215907853,0.0,1430.0212540553487
2026-06-07T00:45:00Z,2026-06-07T01:00:00Z,2026-06-07,2026-06-07_12,-58.0,100,42,0,54.57048673788817,53.05639751552792,0.033843471966873706,15.002285714285716,0.0,True,True,True,False,-1595.0,0.0,107.4817101051669,40.785322359396424,2994.9779129923577,0.0,1548.244945456921
2026-06-07T01:00:00Z,2026-06-07T01:15:00Z,2026-06-07,2026-06-07_13,0.0,32,32,68,53.05639751552792,51.19344099378879,0.00517487922705314,1.7139199999999999,0.0,True,True,True,False,0.0,675.2972107910379,34.394147233653406,31.074531321444894,319.2071508611492,0.0,1059.9730402072853
2026-06-07T01:15:00Z,2026-06-07T01:30:00Z,2026-06-07,2026-06-07_14,0.0,32,32,68,51.19344099378879,50.58067080745339,0.0017021394064872328,0.5637485714285715,0.0,True,True,True,False,0.0,675.2972107910379,34.394147233653406,31.074531321444894,96.41853424782808,0.0,837.1844235939642
2026-06-07T01:30:00Z,2026-06-07T01:45:00Z,2026-06-07,2026-06-07_15,0.0,32,32,68,50.58067080745339,47.252273291925434,0.009245548654244306,3.062125714285714,0.0,True,True,True,False,0.0,675.2972107910379,34.394147233653406,31.074531321444894,630.9444460644064,0.0,1371.7103354105425
2026-06-07T01:45:00Z,2026-06-07T02:00:00Z,2026-06-07,2026-06-07_16,0.0,32,32,68,47.252273291925434,46.9565217391304,0.0008215320910973086,0.2720914285714286,0.0,True,True,True,False,0.0,675.2972107910379,34.394147233653406,31.074531321444894,46.489232111829644,0.0,787.2551214579657
2026-06-07T02:00:00Z,2026-06-07T02:15:00Z,2026-06-07,2026-06-07_17,0.0,50,50,50,46.9565217391304,40.2537267080745,0.01861887508626639,6.166571428571428,0.0,True,True,True,False,0.0,496.5420667581161,53.74085505258345,48.55395518975765,1445.129811058854,0.0,2043.9666880593113
2026-06-07T02:15:00Z,2026-06-07T02:30:00Z,2026-06-07,2026-06-07_18,0.0,50,50,50,40.2537267080745,38.619565217391276,0.004539337474120082,1.5034285714285713,0.0,True,True,True,False,0.0,496.5420667581161,53.74085505258345,48.55395518975765,257.658062904174,0.0,856.4949399046312
2026-06-07T02:30:00Z,2026-06-07T02:45:00Z,2026-06-07,2026-06-07_19,0.0,50,50,50,38.619565217391276,37.83908273291922,0.0021694672187715664,0.7182857142857142,0.00028571428571428574,True,True,True,False,0.0,496.5420667581161,53.74085505258345,48.55395518975765,122.88217094519561,-0.021773684325124654,721.6972742613277
2026-06-07T02:45:00Z,2026-06-07T03:00:00Z,2026-06-07,2026-06-07_20,-7.843967021808167e-16,50,50,50,37.83908273291922,37.23927850931673,0.0017552022084196001,0.5665714285714286,0.01742857142857143,True,True,True,False,-1.4038739977281168e-14,496.5420667581161,53.74085505258345,48.55395518975765,96.95454650858973,-1.211486271692033,694.5799372373549
2026-06-07T03:00:00Z,2026-06-07T03:15:00Z,2026-06-07,2026-06-07_21,52.00558140760004,47,100,0,37.23927850931673,24.979432347826034,0.038619199362296575,0.0010742857142857143,1.8605714285714285,True,True,True,False,930.7698932425218,0.0,48.421067672610874,54.1838134430727,0.1432708428593202,-92.24021773684325,941.2778274642214
2026-06-07T03:15:00Z,2026-06-07T03:30:00Z,2026-06-07,2026-06-07_22,52.99999999999997,47,100,0,24.979432347826034,14.622155547826042,0.038405183492063476,0.0,4.010857142857143,True,True,True,False,948.5674999999995,0.0,48.421067672610874,54.1838134430727,0.0,-65.46298386569991,985.7093972499832
2026-06-07T03:30:00Z,2026-06-07T03:45:00Z,2026-06-07,2026-06-07_23,52.99999999999997,47,100,0,14.622155547826042,9.999999999999963,0.03613538572808833,0.0,9.697714285714286,True,True,True,False,948.4349999999995,0.0,48.421067672610874,54.1838134430727,0.0,35.31144555490234,1086.3513266705854
2026-06-07T03:45:00Z,2026-06-07T04:00:00Z,2026-06-07,2026-06-07_24,52.76503742178609,47,100,0,9.999999999999963,18.64968944099376,0.031025838642144463,0.0,22.803428571428572,True,True,True,False,155.78877298782345,0.0,48.421067672610874,54.1838134430727,0.0,4766.358841857731,5024.752495961238
2026-06-07T04:00:00Z,2026-06-07T04:15:00Z,2026-06-07,2026-06-07_25,100.0,0,100,0,18.64968944099376,9.999999999999973,0.024026915113871634,0.0,17.042285714285715,True,True,True,False,1789.75,0.0,0.0,54.069501600365804,0.0,3315.959689071788,5159.779190672154
2026-06-07T04:15:00Z,2026-06-07T04:30:00Z,2026-06-07,2026-06-07_26,3.949220689248411,0,100,0,9.999999999999973,23.77775304347823,0.04041131067158655,0.0,16.02742857142857,True,True,True,False,5.045129430514845,0.0,0.0,54.069501600365804,0.0,2244.3255130968705,2303.440144127751
2026-06-07T04:30:00Z,2026-06-07T04:45:00Z,2026-06-07,2026-06-07_27,0.0,0,100,0,23.77775304347823,37.13720447204966,0.0371095873015873,0.0,14.521142857142857,True,True,True,False,0.0,0.0,0.0,54.069501600365804,0.0,455.22156117316615,509.29106277353196
2026-06-07T04:45:00Z,2026-06-07T05:00:00Z,2026-06-07,2026-06-07_28,0.0,0,100,0,37.13720447204966,49.67391304347824,0.03482419047619048,0.0,13.626857142857144,True,True,True,False,0.0,0.0,0.0,54.069501600365804,0.0,1370.8559092690575,1424.9254108694233
2026-06-07T05:00:00Z,2026-06-07T05:15:00Z,2026-06-07,2026-06-07_29,0.0,27,27,73,49.67391304347824,50.062475309316746,0.0010821346583850934,0.00046285714285714284,0.4228971428571429,True,True,True,False,0.0,724.9514174668494,28.070987654320987,14.575617283950617,0.039895943562610225,-13.96371108171664,753.674207266967
2026-06-07T05:15:00Z,2026-06-07T05:30:00Z,2026-06-07,2026-06-07_30,0.0,27,27,73,50.062475309316746,49.86467860869563,0.000572303850931677,0.18576,0.0044742857142857145,True,True,True,False,0.0,724.9514174668494,28.070987654320987,14.575617283950617,16.833916049382715,-0.3409758965314521,784.0909625579723
2026-06-07T05:30:00Z,2026-06-07T05:45:00Z,2026-06-07,2026-06-07_31,0.0,27,27,73,49.86467860869563,49.953565962732895,0.0003484621118012422,0.016817142857142857,0.11648571428571428,True,True,True,False,0.0,724.9514174668494,28.070987654320987,14.575617283950617,1.4495526161081715,-6.36230643738977,762.6852685838394
2026-06-07T05:45:00Z,2026-06-07T06:00:00Z,2026-06-07,2026-06-07_32,0.0,27,27,73,49.953565962732895,50.02785896149066,0.0003069905590062112,0.016662857142857142,0.10044,True,True,True,False,0.0,724.9514174668494,28.070987654320987,14.575617283950617,1.4362539682539681,-5.5942944444444445,763.4399819289306
2026-06-07T06:00:00Z,2026-06-07T06:15:00Z,2026-06-07,2026-06-07_33,0.0,27,27,73,50.02785896149066,49.88725557267078,0.0005467021118012421,0.15521142857142856,0.03054857142857143,True,True,True,False,0.0,724.9514174668494,29.02777777777777,15.663580246913579,13.306878306878305,-2.2273079365079362,780.7223458619111
2026-06-07T06:15:00Z,2026-06-07T06:30:00Z,2026-06-07,2026-06-07_34,0.0,27,27,73,49.88725557267078,51.81881397267078,0.00536544,0.0,2.09952,True,True,True,False,0.0,724.9514174668494,29.02777777777777,15.663580246913579,0.0,27.950400000000002,797.5931754915408
2026-06-07T06:30:00Z,2026-06-07T06:45:00Z,2026-06-07,2026-06-07_35,0.0,27,27,73,51.81881397267078,53.81041420124221,0.005532222857142858,0.0,2.1647828571428573,True,True,True,False,0.0,724.9514174668494,29.02777777777777,15.663580246913579,0.0,9.631155555555557,779.2739310470963
2026-06-07T06:45:00Z,2026-06-07T07:00:00Z,2026-06-07,2026-06-07_36,0.0,27,27,73,53.81041420124221,54.08320288198755,0.0010102308074534162,0.041811428571428576,0.3459085714285714,True,True,True,False,0.0,724.9514174668494,29.02777777777777,15.663580246913579,3.2113500000000004,-8.058151322751321,764.7959741687895
2026-06-07T07:00:00Z,2026-06-07T07:15:00Z,2026-06-07,2026-06-07_37,16.226186605714258,0,0,73,54.08320288198755,49.673913043478244,0.012248027329192526,0.0,0.0,True,False,True,False,-5.273510646857134,724.9514174668494,0.0,0.0,0.0,0.0,719.6779068199922
2026-06-07T07:15:00Z,2026-06-07T07:30:00Z,2026-06-07,2026-06-07_38,-26.99999999999997,0,0,73,49.673913043478244,55.88391304347824,0.017249999999999984,0.0,0.0,True,False,True,False,13.567499999999985,724.9514174668494,0.0,0.0,0.0,0.0,738.5189174668494
2026-06-07T07:30:00Z,2026-06-07T07:45:00Z,2026-06-07,2026-06-07_39,22.85279999999999,0,0,73,55.88391304347824,49.67391304347824,0.01724999999999999,0.0,0.0,True,False,True,False,-13.026095999999994,724.9514174668494,0.0,0.0,0.0,0.0,711.9253214668495
2026-06-07T07:45:00Z,2026-06-07T08:00:00Z,2026-06-07,2026-06-07_40,-0.028354441824497634,0,0,73,49.67391304347824,49.68043456509787,1.8115337832317936e-05,0.0,0.0,True,False,True,False,0.03544305228062204,724.9514174668494,0.0,0.0,0.0,0.0,724.98686051913
2026-06-07T08:00:00Z,2026-06-07T08:15:00Z,2026-06-07,2026-06-07_41,0.0,27,0,73,49.68043456509787,49.679092950191034,3.726708074534161e-06,0.0012342857142857142,0.0,True,True,True,False,0.0,724.9514174668494,29.274691358024686,0.0,0.08230452674897118,0.0,754.3084133516231
2026-06-07T08:15:00Z,2026-06-07T08:30:00Z,2026-06-07,2026-06-07_42,-21.09557584381706,27,0,73,49.679092950191034,54.477652919255036,0.013403087614016236,0.055851428571428566,0.0,True,True,True,False,28.795461026810287,724.9514174668494,29.274691358024686,0.0,3.8124601410934735,0.0,786.8340299927779
2026-06-07T08:30:00Z,2026-06-07T08:45:00Z,2026-06-07,2026-06-07_43,-27.0,27,0,73,54.477652919255036,60.60717131925504,0.01702644,0.08748,0.0,True,True,True,False,66.69000000000001,724.9514174668494,29.274691358024686,0.0,6.685766666666667,0.0,827.6018754915408
2026-06-07T08:45:00Z,2026-06-07T09:00:00Z,2026-06-07,2026-06-07_44,-27.0,27,0,73,60.60717131925504,66.58395920496932,0.01660218857142857,0.2534914285714286,0.0,True,True,True,False,78.7725,724.9514174668494,29.274691358024686,0.0,21.173353556731335,0.0,854.1719623816055
2026-06-07T09:00:00Z,2026-06-07T09:15:00Z,2026-06-07,2026-06-07_45,0.0,27,0,73,66.58395920496932,66.57842504347863,1.5372670807453416e-05,0.005091428571428571,0.0,True,True,True,False,0.0,724.9514174668494,29.44444444444444,0.0,0.3385361552028218,0.0,754.7343980664967
2026-06-07T09:15:00Z,2026-06-07T09:30:00Z,2026-06-07,2026-06-07_46,-27.0,27,0,73,66.57842504347863,72.76500447205007,0.017184942857142855,0.02545714285714286,0.0,True,True,True,False,98.55,724.9514174668494,29.44444444444444,0.0,1.8381543209876547,0.0,854.7840162322815
2026-06-07T09:30:00Z,2026-06-07T09:45:00Z,2026-06-07,2026-06-07_47,-27.0,27,0,73,72.76500447205007,78.94477064347863,0.017166017142857145,0.032862857142857145,0.0,True,True,True,False,96.525,724.9514174668494,29.44444444444444,0.0,2.2088200176366843,0.0,853.1296819289305
2026-06-07T09:45:00Z,2026-06-07T10:00:00Z,2026-06-07,2026-06-07_48,-27.0,27,0,73,78.94477064347863,85.15477064347863,0.01725,0.0,0.0,True,True,True,False,98.3475,724.9514174668494,29.44444444444444,0.0,0.0,0.0,852.7433619112938
2026-06-07T10:00:00Z,2026-06-07T10:15:00Z,2026-06-07,2026-06-07_49,-26.999999999999932,27,0,73,85.15477064347863,91.3322657291929,0.017159708571428525,0.035331428571428576,0.0,True,True,True,False,101.18249999999975,724.9514174668494,29.205246913580247,0.0,3.0291005291005293,0.0,858.3682649095299
2026-06-07T10:15:00Z,2026-06-07T10:30:00Z,2026-06-07,2026-06-07_50,-27.0,27,0,73,91.3322657291929,97.50592835776433,0.017149062857142856,0.039497142857142856,0.0,True,True,True,False,128.25,724.9514174668494,29.205246913580247,0.0,3.386243386243386,0.0,885.792907766673
2026-06-07T10:30:00Z,2026-06-07T10:45:00Z,2026-06-07,2026-06-07_51,-27.0,27,0,73,97.50592835776433,103.23587761490718,0.015916525714285718,0.5217942857142858,0.0,True,True,True,False,128.25,724.9514174668494,29.205246913580247,0.0,59.48323633156967,0.0,941.8899007119993
2026-06-07T10:45:00Z,2026-06-07T11:00:00Z,2026-06-07,2026-06-07_52,-27.0,27,0,73,103.23587761490718,109.36198938633576,0.017016977142857145,0.09118285714285713,0.0,True,True,True,False,135.405,724.9514174668494,29.205246913580247,0.0,7.659634479717813,0.0,897.2212988601475
2026-06-07T11:00:00Z,2026-06-07T11:15:00Z,2026-06-07,2026-06-07_53,-27.0,27,0,73,109.36198938633576,115.57099578633577,0.017247239999999997,0.00108,0.0,True,True,True,False,128.5875,724.9514174668494,29.205246913580247,0.0,0.07181069958847736,0.0,882.8159750800181
2026-06-07T11:15:00Z,2026-06-07T11:30:00Z,2026-06-07,2026-06-07_54,-27.0,27,0,73,115.57099578633577,121.73060607205007,0.01711002857142857,0.054771428571428575,0.0,True,True,True,False,180.0225,724.9514174668494,29.205246913580247,0.0,4.508729570840682,0.0,938.6878939512703
2026-06-07T11:30:00Z,2026-06-07T11:45:00Z,2026-06-07,2026-06-07_55,-27.0,27,0,73,121.73060607205007,127.87531235776434,0.01706862857142857,0.07097142857142857,0.0,True,True,True,False,128.5875,724.9514174668494,29.205246913580247,0.0,5.986679600235156,0.0,888.7308439806649
2026-06-07T11:45:00Z,2026-06-07T12:00:00Z,2026-06-07,2026-06-07_56,-27.0,27,0,73,127.87531235776434,134.08531235776434,0.017249999999999998,0.0,0.0,True,True,True,False,128.5875,724.9514174668494,29.205246913580247,0.0,0.0,0.0,882.7441643804297
2026-06-07T12:00:00Z,2026-06-07T12:15:00Z,2026-06-07,2026-06-07_57,-27.0,27,0,73,134.08531235776434,140.29531235776432,0.01725,0.0,0.0,True,True,True,False,192.915,724.9514174668494,29.158950617283946,0.0,0.0,0.0,947.0253680841333
2026-06-07T12:15:00Z,2026-06-07T12:30:00Z,2026-06-07,2026-06-07_58,-27.0,27,0,73,140.29531235776432,146.5002024149072,0.017235805714285714,0.005554285714285714,0.0,True,True,True,False,191.6325,724.9514174668494,29.158950617283946,0.0,0.3703703703703703,0.0,946.1132384545037
2026-06-07T12:30:00Z,2026-06-07T12:45:00Z,2026-06-07,2026-06-07_59,-27.0,27,0,73,146.5002024149072,152.65881910062149,0.017107268571428573,0.055851428571428566,0.0,True,True,True,False,128.5875,724.9514174668494,29.158950617283946,0.0,4.3004152851263955,0.0,886.9982833692598
2026-06-07T12:45:00Z,2026-06-07T13:00:00Z,2026-06-07,2026-06-07_60,0.0,27,0,73,152.65881910062149,152.62544642981402,9.270186335403727e-05,0.030702857142857143,0.0,True,True,True,False,0.0,724.9514174668494,29.158950617283946,0.0,2.047325102880658,0.0,756.157693187014
2026-06-07T13:00:00Z,2026-06-07T13:15:00Z,2026-06-07,2026-06-07_61,0.0,27,27,73,152.62544642981402,154.09270974409972,0.004075731428571428,0.0,1.5948514285714286,True,True,True,False,0.0,724.9514174668494,28.95061728395062,15.709876543209875,0.0,-5.806890270429159,763.8050210235807
2026-06-07T13:15:00Z,2026-06-07T13:30:00Z,2026-06-07,2026-06-07_62,0.0,27,27,73,154.09270974409972,155.58750997267114,0.004152222857142858,0.0,1.6247828571428573,True,True,True,False,0.0,724.9514174668494,28.95061728395062,15.709876543209875,0.0,1.14658506760729,770.7584963616172
2026-06-07T13:30:00Z,2026-06-07T13:45:00Z,2026-06-07,2026-06-07_63,0.0,27,27,73,155.58750997267114,155.9483703055904,0.0010573587577639753,0.009102857142857143,0.40299428571428575,True,True,True,False,0.0,724.9514174668494,28.95061728395062,15.709876543209875,0.7804232804232805,-7.87907266313933,762.5132619112939
2026-06-07T13:45:00Z,2026-06-07T14:00:00Z,2026-06-07,2026-06-07_64,0.0,27,27,73,155.9483703055904,155.9283713888202,0.0002314039751552795,0.04752,0.03440571428571429,True,True,True,False,0.0,724.9514174668494,28.95061728395062,15.709876543209875,4.0740740740740735,-2.6219870664315112,771.0639983016525
2026-06-07T14:00:00Z,2026-06-07T14:15:00Z,2026-06-07,2026-06-07_65,0.0,27,27,73,155.9283713888202,156.3565515428575,0.0012480849689440994,0.009720000000000001,0.47689714285714285,True,True,True,False,0.0,724.9514174668494,28.989197530864192,15.756172839506174,0.8333333333333334,-23.611351263962376,746.9187699065908
2026-06-07T14:15:00Z,2026-06-07T14:30:00Z,2026-06-07,2026-06-07_66,0.0,27,27,73,156.3565515428575,156.39937267080782,0.00023354385093167702,0.01897714285714286,0.06896571428571428,True,True,True,False,0.0,724.9514174668494,28.989197530864192,15.756172839506174,1.626984126984127,-4.2133494708994705,767.1104224933044
2026-06-07T14:30:00Z,2026-06-07T14:45:00Z,2026-06-07,2026-06-07_67,0.0,27,27,73,156.39937267080782,156.17310985341652,0.0007373306832298137,0.22618285714285716,0.021291428571428572,True,True,True,False,0.0,724.9514174668494,28.989197530864192,15.756172839506174,20.049984714873606,-1.5130795414462082,788.2336930106471
2026-06-07T14:45:00Z,2026-06-07T15:00:00Z,2026-06-07,2026-06-07_68,0.0,27,27,73,156.17310985341652,155.67697314782646,0.00192463751552795,0.5469428571428571,0.10692,True,True,True,False,0.0,724.9514174668494,28.989197530864192,15.756172839506174,73.14672971781303,-5.971390740740741,836.8721268142921
2026-06-07T15:00:00Z,2026-06-07T15:15:00Z,2026-06-07,2026-06-07_69,0.7404707659506449,0,27,73,155.67697314782646,155.71269874285744,0.001174657849140465,0.0,0.2562685714285714,True,True,True,False,0.0,724.9514174668494,0.0,14.575617283950617,0.0,-13.04763835978836,726.4793963910117
2026-06-07T15:15:00Z,2026-06-07T15:30:00Z,2026-06-07,2026-06-07_70,0.0,0,27,73,155.71269874285744,156.40282491428601,0.001917017142857143,0.0,0.7501371428571428,True,True,True,False,0.0,724.9514174668494,0.0,14.575617283950617,0.0,-9.216648442092884,730.3103863087072
2026-06-07T15:30:00Z,2026-06-07T15:45:00Z,2026-06-07,2026-06-07_71,0.0,0,27,73,156.40282491428601,156.4200000000003,4.770857142857144e-05,0.0,0.01866857142857143,True,True,True,False,0.0,724.9514174668494,0.0,14.575617283950617,0.0,-1.4226925338036451,738.1043422169964
2026-06-07T15:45:00Z,2026-06-07T16:00:00Z,2026-06-07,2026-06-07_72,27.0,0,27,73,156.4200000000003,149.95123602484503,0.017968788819875778,0.0,0.7987371428571428,True,True,True,False,767.34,724.9514174668494,0.0,14.575617283950617,0.0,-0.8418331569664903,1506.0252015938336
2026-06-07T16:00:00Z,2026-06-07T16:15:00Z,2026-06-07,2026-06-07_73,0.07501714285709891,0,0,87,149.95123602484503,149.93085093167733,5.662525879913867e-05,0.0,0.0,True,False,True,False,1.1841455999993065,863.9831961591219,0.0,0.0,0.0,0.0,865.1673417591212
2026-06-07T16:15:00Z,2026-06-07T16:30:00Z,2026-06-07,2026-06-07_74,13.000000000000014,0,0,87,149.93085093167733,146.39824223602514,0.00981280193236716,0.0,0.0,True,False,True,False,371.3450000000004,863.9831961591219,0.0,0.0,0.0,0.0,1235.3281961591224
2026-06-07T16:30:00Z,2026-06-07T16:45:00Z,2026-06-07,2026-06-07_75,13.000000000000014,0,0,87,146.39824223602514,142.86563354037295,0.00981280193236716,0.0,0.0,True,False,True,False,373.8150000000004,863.9831961591219,0.0,0.0,0.0,0.0,1237.7981961591222
2026-06-07T16:45:00Z,2026-06-07T17:00:00Z,2026-06-07,2026-06-07_76,13.000000000000014,0,0,87,142.86563354037295,139.33302484472077,0.00981280193236716,0.0,0.0,True,False,True,False,412.75000000000045,863.9831961591219,0.0,0.0,0.0,0.0,1276.7331961591224
2026-06-07T17:00:00Z,2026-06-07T17:15:00Z,2026-06-07,2026-06-07_77,0.0,0,0,100,139.33302484472077,139.33302484472077,0.0,0.0,0.0,True,True,True,False,0.0,993.0841335162322,0.0,0.0,0.0,0.0,993.0841335162322
2026-06-07T17:15:00Z,2026-06-07T17:30:00Z,2026-06-07,2026-06-07_78,0.0,0,0,100,139.33302484472077,139.33302484472077,0.0,0.0,0.0,True,True,True,False,0.0,993.0841335162322,0.0,0.0,0.0,0.0,993.0841335162322
2026-06-07T17:30:00Z,2026-06-07T17:45:00Z,2026-06-07,2026-06-07_79,0.0,0,0,100,139.33302484472077,139.33302484472077,0.0,0.0,0.0,True,True,True,False,0.0,993.0841335162322,0.0,0.0,0.0,0.0,993.0841335162322
2026-06-07T17:45:00Z,2026-06-07T18:00:00Z,2026-06-07,2026-06-07_80,0.0,0,0,100,139.33302484472077,139.33302484472077,0.0,0.0,0.0,True,True,True,False,0.0,993.0841335162322,0.0,0.0,0.0,0.0,993.0841335162322
2026-06-07T18:00:00Z,2026-06-07T18:15:00Z,2026-06-07,2026-06-07_81,0.0,0,0,100,139.33302484472077,139.33302484472077,0.0,0.0,0.0,True,True,True,False,0.0,993.0841335162322,0.0,0.0,0.0,0.0,993.0841335162322
2026-06-07T18:15:00Z,2026-06-07T18:30:00Z,2026-06-07,2026-06-07_82,0.0,0,0,100,139.33302484472077,139.33302484472077,0.0,0.0,0.0,True,True,True,False,0.0,993.0841335162322,0.0,0.0,0.0,0.0,993.0841335162322
2026-06-07T18:30:00Z,2026-06-07T18:45:00Z,2026-06-07,2026-06-07_83,0.0,0,0,100,139.33302484472077,139.33302484472077,0.0,0.0,0.0,True,True,True,False,0.0,993.0841335162322,0.0,0.0,0.0,0.0,993.0841335162322
2026-06-07T18:45:00Z,2026-06-07T19:00:00Z,2026-06-07,2026-06-07_84,0.0,0,0,100,139.33302484472077,139.33302484472077,0.0,0.0,0.0,True,True,True,False,0.0,993.0841335162322,0.0,0.0,0.0,0.0,993.0841335162322
2026-06-07T19:00:00Z,2026-06-07T19:15:00Z,2026-06-07,2026-06-07_85,58.99999999999998,0,59,41,139.33302484472077,123.34219254658413,0.04441897860593511,0.0,0.03843428571428572,True,True,True,False,1881.5099999999993,407.1644947416552,0.0,32.37311385459533,0.0,-2.527481919132536,2318.5201266771173
2026-06-07T19:15:00Z,2026-06-07T19:30:00Z,2026-06-07,2026-06-07_86,58.99999999999998,0,59,41,123.34219254658413,109.53289440993818,0.03835916149068322,0.0,2.0454457142857145,True,True,True,False,1877.0849999999994,407.1644947416552,0.0,32.37311385459533,0.0,-103.61674305963813,2213.005865536612
2026-06-07T19:30:00Z,2026-06-07T19:45:00Z,2026-06-07,2026-06-07_87,58.99999999999998,0,59,41,109.53289440993818,95.802385093168,0.03814030365769495,0.0,2.1179314285714286,True,True,True,False,1921.6299999999994,407.1644947416552,0.0,32.37311385459533,0.0,-107.46863758573387,2253.6989710105163
2026-06-07T19:45:00Z,2026-06-07T20:00:00Z,2026-06-07,2026-06-07_88,58.99999999999998,0,59,41,95.802385093168,81.04285714285744,0.04099868875086265,0.0,1.1712342857142857,True,True,True,False,1911.3049999999994,407.1644947416552,0.0,32.37311385459533,0.0,-59.277557828728206,2291.565050767522
2026-06-07T20:00:00Z,2026-06-07T20:15:00Z,2026-06-07,2026-06-07_89,100.0,0,100,0,81.04285714285744,60.69627329192576,0.05651828847481021,0.0,6.281142857142857,True,True,True,False,3607.5000000000005,0.0,0.0,54.869684499314126,0.0,-105.46116402116402,3556.9085204781504
2026-06-07T20:15:00Z,2026-06-07T20:30:00Z,2026-06-07,2026-06-07_90,100.0,0,100,0,60.69627329192576,40.486335403727004,0.05613871635610766,0.0,6.4068571428571435,True,True,True,False,3361.75,0.0,0.0,54.869684499314126,0.0,-18.86609967992684,3397.7535848193875
2026-06-07T20:30:00Z,2026-06-07T20:45:00Z,2026-06-07,2026-06-07_91,100.0,0,100,0,40.486335403727004,16.98819875776427,0.06527260179434093,0.0,3.3817142857142857,True,True,True,False,3406.5,0.0,0.0,54.869684499314126,0.0,-128.2806745487404,3333.0890099505737
2026-06-07T20:45:00Z,2026-06-07T21:00:00Z,2026-06-07,2026-06-07_92,100.0,0,100,0,16.98819875776427,10.000000000000298,0.019411663216011035,0.0,18.570857142857143,True,True,True,False,3310.4999999999995,0.0,0.0,54.869684499314126,0.0,3501.661637272193,6867.031321771507
2026-06-07T21:00:00Z,2026-06-07T21:15:00Z,2026-06-08,2026-06-07_93,-60.99761563011453,100,38,0,10.000000000000298,24.371506404968812,0.04154796923061273,0.6908571428571428,1.1115542857142857,True,True,True,False,-2191.949317668166,0.0,108.11042524005487,20.589849108367627,117.97180710693057,469.84324697236923,-1475.4339892404435
2026-06-07T21:15:00Z,2026-06-07T21:30:00Z,2026-06-08,2026-06-07_94,-61.99999999999982,100,38,0,24.371506404968812,36.305333585092995,0.03859120386473421,2.3714285714285714,0.006514285714285714,True,True,True,False,-2037.009999999994,0.0,108.11042524005487,20.589849108367627,406.10714285714283,-0.4964400026128421,-1502.6990227970416
2026-06-07T21:30:00Z,2026-06-07T21:45:00Z,2026-06-08,2026-06-07_95,-62.0,100,38,0,36.305333585092995,50.742245763974985,0.04022579124913734,0.053714285714285714,0.2497142857142857,True,True,True,False,-2037.32,0.0,108.11042524005487,20.589849108367627,8.488684869466763,-13.236027500163303,-1913.367068282274
2026-06-07T21:45:00Z,2026-06-07T22:00:00Z,2026-06-08,2026-06-07_96,-62.0,100,38,0,50.742245763974985,64.34782608695635,0.03934448640441684,0.676,0.011291428571428572,True,True,True,False,-1942.615,0.0,108.11042524005487,20.589849108367627,114.51495122694712,-0.8604960045289264,-1700.2602704291594
2026-06-07T22:00:00Z,2026-06-07T22:15:00Z,2026-06-08,2026-06-08_1,0.0,0,0,100,64.34782608695635,64.34782608695635,0.0,0.0,0.0,True,True,True,False,0.0,993.0841335162322,0.0,0.0,0.0,0.0,993.0841335162322
2026-06-07T22:15:00Z,2026-06-07T22:30:00Z,2026-06-08,2026-06-08_2,0.0,0,0,100,64.34782608695635,64.34782608695635,0.0,0.0,0.0,True,True,True,False,0.0,993.0841335162322,0.0,0.0,0.0,0.0,993.0841335162322
2026-06-07T22:30:00Z,2026-06-07T22:45:00Z,2026-06-08,2026-06-08_3,0.0,0,0,100,64.34782608695635,64.34782608695635,0.0,0.0,0.0,True,True,True,False,0.0,993.0841335162322,0.0,0.0,0.0,0.0,993.0841335162322
2026-06-07T22:45:00Z,2026-06-07T23:00:00Z,2026-06-08,2026-06-08_4,0.0,0,0,100,64.34782608695635,64.34782608695635,0.0,0.0,0.0,True,True,True,False,0.0,993.0841335162322,0.0,0.0,0.0,0.0,993.0841335162322
2026-06-07T23:00:00Z,2026-06-07T23:15:00Z,2026-06-08,2026-06-08_5,0.0,0,0,100,64.34782608695635,64.34782608695635,0.0,0.0,0.0,True,True,True,False,0.0,993.0841335162322,0.0,0.0,0.0,0.0,993.0841335162322
2026-06-07T23:15:00Z,2026-06-07T23:30:00Z,2026-06-08,2026-06-08_6,0.0,0,0,100,64.34782608695635,64.34782608695635,0.0,0.0,0.0,True,True,True,False,0.0,993.0841335162322,0.0,0.0,0.0,0.0,993.0841335162322
2026-06-07T23:30:00Z,2026-06-07T23:45:00Z,2026-06-08,2026-06-08_7,0.0,0,0,100,64.34782608695635,64.34782608695635,0.0,0.0,0.0,True,True,True,False,0.0,993.0841335162322,0.0,0.0,0.0,0.0,993.0841335162322
2026-06-07T23:45:00Z,2026-06-08T00:00:00Z,2026-06-08,2026-06-08_8,0.0,0,0,100,64.34782608695635,64.34782608695635,0.0,0.0,0.0,True,True,True,False,0.0,993.0841335162322,0.0,0.0,0.0,0.0,993.0841335162322
2026-06-08T00:00:00Z,2026-06-08T00:15:00Z,2026-06-08,2026-06-08_9,0.0,0,0,100,64.34782608695635,64.34782608695635,0.0,0.0,0.0,True,True,True,False,0.0,993.0841335162322,0.0,0.0,0.0,0.0,993.0841335162322
2026-06-08T00:15:00Z,2026-06-08T00:30:00Z,2026-06-08,2026-06-08_10,0.0,0,0,100,64.34782608695635,64.34782608695635,0.0,0.0,0.0,True,True,True,False,0.0,993.0841335162322,0.0,0.0,0.0,0.0,993.0841335162322
2026-06-08T00:30:00Z,2026-06-08T00:45:00Z,2026-06-08,2026-06-08_11,0.0,0,0,100,64.34782608695635,64.34782608695635,0.0,0.0,0.0,True,True,True,False,0.0,993.0841335162322,0.0,0.0,0.0,0.0,993.0841335162322
2026-06-08T00:45:00Z,2026-06-08T01:00:00Z,2026-06-08,2026-06-08_12,0.0,0,0,100,64.34782608695635,64.34782608695635,0.0,0.0,0.0,True,True,True,False,0.0,993.0841335162322,0.0,0.0,0.0,0.0,993.0841335162322
2026-06-08T01:00:00Z,2026-06-08T01:15:00Z,2026-06-08,2026-06-08_13,0.0,0,0,100,64.34782608695635,64.34782608695635,0.0,0.0,0.0,True,True,True,False,0.0,993.0841335162322,0.0,0.0,0.0,0.0,993.0841335162322
2026-06-08T01:15:00Z,2026-06-08T01:30:00Z,2026-06-08,2026-06-08_14,0.0,0,0,100,64.34782608695635,64.34782608695635,0.0,0.0,0.0,True,True,True,False,0.0,993.0841335162322,0.0,0.0,0.0,0.0,993.0841335162322
2026-06-08T01:30:00Z,2026-06-08T01:45:00Z,2026-06-08,2026-06-08_15,0.0,0,0,100,64.34782608695635,64.34782608695635,0.0,0.0,0.0,True,True,True,False,0.0,993.0841335162322,0.0,0.0,0.0,0.0,993.0841335162322
2026-06-08T01:45:00Z,2026-06-08T02:00:00Z,2026-06-08,2026-06-08_16,0.0,0,0,100,64.34782608695635,64.34782608695635,0.0,0.0,0.0,True,True,True,False,0.0,993.0841335162322,0.0,0.0,0.0,0.0,993.0841335162322
2026-06-08T02:00:00Z,2026-06-08T02:15:00Z,2026-06-08,2026-06-08_17,0.0,0,0,100,64.34782608695635,64.34782608695635,0.0,0.0,0.0,True,True,True,False,0.0,993.0841335162322,0.0,0.0,0.0,0.0,993.0841335162322
2026-06-08T02:15:00Z,2026-06-08T02:30:00Z,2026-06-08,2026-06-08_18,0.0,0,0,100,64.34782608695635,64.34782608695635,0.0,0.0,0.0,True,True,True,False,0.0,993.0841335162322,0.0,0.0,0.0,0.0,993.0841335162322
2026-06-08T02:30:00Z,2026-06-08T02:45:00Z,2026-06-08,2026-06-08_19,0.0,0,0,100,64.34782608695635,64.34782608695635,0.0,0.0,0.0,True,True,True,False,0.0,993.0841335162322,0.0,0.0,0.0,0.0,993.0841335162322
2026-06-08T02:45:00Z,2026-06-08T03:00:00Z,2026-06-08,2026-06-08_20,0.0,0,0,100,64.34782608695635,64.34782608695635,0.0,0.0,0.0,True,True,True,False,0.0,993.0841335162322,0.0,0.0,0.0,0.0,993.0841335162322
2026-06-08T03:00:00Z,2026-06-08T03:15:00Z,2026-06-08,2026-06-08_21,0.0,0,0,100,64.34782608695635,64.34782608695635,0.0,0.0,0.0,True,True,True,False,0.0,993.0841335162322,0.0,0.0,0.0,0.0,993.0841335162322
2026-06-08T03:15:00Z,2026-06-08T03:30:00Z,2026-06-08,2026-06-08_22,0.0,0,0,100,64.34782608695635,64.34782608695635,0.0,0.0,0.0,True,True,True,False,0.0,993.0841335162322,0.0,0.0,0.0,0.0,993.0841335162322
2026-06-08T03:30:00Z,2026-06-08T03:45:00Z,2026-06-08,2026-06-08_23,0.0,0,0,100,64.34782608695635,64.34782608695635,0.0,0.0,0.0,True,True,True,False,0.0,993.0841335162322,0.0,0.0,0.0,0.0,993.0841335162322
2026-06-08T03:45:00Z,2026-06-08T04:00:00Z,2026-06-08,2026-06-08_24,0.0,0,0,100,64.34782608695635,64.34782608695635,0.0,0.0,0.0,True,True,True,False,0.0,993.0841335162322,0.0,0.0,0.0,0.0,993.0841335162322
2026-06-08T04:00:00Z,2026-06-08T04:15:00Z,2026-06-08,2026-06-08_25,0.0,0,0,100,64.34782608695635,64.34782608695635,0.0,0.0,0.0,True,True,True,False,0.0,993.0841335162322,0.0,0.0,0.0,0.0,993.0841335162322
2026-06-08T04:15:00Z,2026-06-08T04:30:00Z,2026-06-08,2026-06-08_26,0.0,0,0,100,64.34782608695635,64.34782608695635,0.0,0.0,0.0,True,True,True,False,0.0,993.0841335162322,0.0,0.0,0.0,0.0,993.0841335162322
2026-06-08T04:30:00Z,2026-06-08T04:45:00Z,2026-06-08,2026-06-08_27,0.0,0,0,100,64.34782608695635,64.34782608695635,0.0,0.0,0.0,True,True,True,False,0.0,993.0841335162322,0.0,0.0,0.0,0.0,993.0841335162322
2026-06-08T04:45:00Z,2026-06-08T05:00:00Z,2026-06-08,2026-06-08_28,0.0,0,0,100,64.34782608695635,64.34782608695635,0.0,0.0,0.0,True,True,True,False,0.0,993.0841335162322,0.0,0.0,0.0,0.0,993.0841335162322
2026-06-08T05:00:00Z,2026-06-08T05:15:00Z,2026-06-08,2026-06-08_29,100.0,0,100,0,64.34782608695635,42.995652173912866,0.05931159420289855,0.0,5.356,True,True,True,False,3571.5000000000005,0.0,0.0,54.069501600365804,0.0,-14.699203627495807,3610.8702979728705
2026-06-08T05:15:00Z,2026-06-08T05:30:00Z,2026-06-08,2026-06-08_30,100.00000000000003,0,100,0,42.995652173912866,17.996894409937703,0.0694409937888199,0.0,2.001142857142857,True,True,True,False,3314.5000000000014,0.0,0.0,54.069501600365804,0.0,-90.75904195788968,3277.8104596424773
2026-06-08T05:30:00Z,2026-06-08T05:45:00Z,2026-06-08,2026-06-08_31,53.35129299430042,0,100,0,17.996894409937703,9.999999999999828,0.03757372640727748,0.0,6.442285714285714,True,True,True,False,1680.0322163905203,0.0,0.0,54.069501600365804,0.0,1.5440472924423543,1735.6457652833285
2026-06-08T05:45:00Z,2026-06-08T06:00:00Z,2026-06-08,2026-06-08_32,10.188164682341938,0,100,0,9.999999999999828,22.65465838509299,0.04040587029598343,0.0,16.46,True,True,True,False,291.94185897250827,0.0,0.0,54.069501600365804,0.0,4521.818019356805,4867.829379929679
2026-06-08T06:00:00Z,2026-06-08T06:15:00Z,2026-06-08,2026-06-08_33,100.0,0,100,0,22.65465838509299,9.999999999999824,0.03515182884748102,0.0,13.357714285714287,True,True,True,False,3404.5,0.0,0.0,57.441700960219485,0.0,2031.8343667123918,5493.776067672611
2026-06-08T06:15:00Z,2026-06-08T06:30:00Z,2026-06-08,2026-06-08_34,21.993484666131543,0,100,0,9.999999999999824,9.999999999999826,0.024906217383474982,0.0,6.246857142857143,True,True,True,False,662.2238232972207,0.0,0.0,57.441700960219485,0.0,-75.20198184074727,644.4635424166929
2026-06-08T06:30:00Z,2026-06-08T06:45:00Z,2026-06-08,2026-06-08_35,8.677860850004388,0,100,0,9.999999999999826,9.999999999999826,0.011778294640237148,0.0,2.5234285714285716,True,True,True,False,240.33335624087152,0.0,0.0,57.441700960219485,0.0,-123.3089659677314,174.4660912333596
2026-06-08T06:45:00Z,2026-06-08T07:00:00Z,2026-06-08,2026-06-08_36,16.35444940146822,0,100,0,9.999999999999826,12.951329540372477,0.02517787100039248,0.0,7.806857142857143,True,True,True,False,387.7639953088115,0.0,0.0,57.441700960219485,0.0,90.92085243974132,536.1265487087724
2026-06-08T07:00:00Z,2026-06-08T07:15:00Z,2026-06-08,2026-06-08_37,-1.2067641572012516e-16,100,0,0,12.951329540372477,12.333317118012229,0.001716701173222912,0.5685714285714285,0.0,True,True,True,False,-3.241971908321162e-15,0.0,107.99611339734795,0.0,75.75471182528794,0.0,183.75082522263588
2026-06-08T07:15:00Z,2026-06-08T07:30:00Z,2026-06-08,2026-06-08_38,-1.206764157201258e-15,100,0,0,12.333317118012229,10.011577987577446,0.006449275362318842,2.136,0.0,True,True,True,False,-2.8805460432394026e-14,0.0,107.99611339734795,0.0,284.7344810242341,0.0,392.73059442158205
2026-06-08T07:30:00Z,2026-06-08T07:45:00Z,2026-06-08,2026-06-08_39,-100.00000000000001,100,0,0,10.011577987577446,32.29029798757745,0.06188533333333335,0.7840000000000001,0.0,True,True,True,False,-324.50000000000006,0.0,107.99611339734795,0.0,104.46581923487275,0.0,-112.03806736777935
2026-06-08T07:45:00Z,2026-06-08T08:00:00Z,2026-06-08,2026-06-08_40,-100.0,100,0,0,32.29029798757745,55.13626370186317,0.06346101587301588,0.1674285714285714,0.0,True,True,True,False,-319.5,0.0,107.99611339734795,0.0,22.29701482787902,0.0,-189.20687177477302
2026-06-08T08:00:00Z,2026-06-08T08:15:00Z,2026-06-08,2026-06-08_41,1.5114721068945743e-14,17,17,83,55.13626370186317,55.73233159751534,0.003072997432712222,0.23469714285714285,0.9251885714285714,True,True,True,False,2.4852380117614037e-13,824.2598308184727,18.388488797439415,9.842821216278006,31.283249347878158,7.308016722189561,891.0824069022581
2026-06-08T08:15:00Z,2026-06-08T08:30:00Z,2026-06-08,2026-06-08_42,0.0,17,17,83,55.73233159751534,58.46718668322963,0.007596819682539682,0.0,2.972668571428571,True,True,True,False,0.0,824.2598308184727,18.388488797439415,9.842821216278006,0.0,71.50760818255057,923.9987490147406
2026-06-08T08:30:00Z,2026-06-08T08:45:00Z,2026-06-08,2026-06-08_43,0.0,17,17,83,58.46718668322963,59.05239079751534,0.001625566984126984,0.0,0.6360914285714285,True,True,True,False,0.0,824.2598308184727,18.388488797439415,9.842821216278006,0.0,-4.005020105820106,848.48612072637
2026-06-08T08:45:00Z,2026-06-08T09:00:00Z,2026-06-08,2026-06-08_44,0.0,17,17,83,59.05239079751534,59.84569366459609,0.0022311898136645964,0.004565714285714286,0.86768,True,True,True,False,0.0,824.2598308184727,18.388488797439415,9.842821216278006,0.6080312234633223,20.54144124371285,873.6406132993662
2026-06-08T09:00:00Z,2026-06-08T09:15:00Z,2026-06-08,2026-06-08_45,0.0,100,100,0,59.84569366459609,78.18576223602467,0.05094463492063494,0.0,19.934857142857147,True,True,True,False,0.0,0.0,108.85345221764976,91.7352537722908,0.0,4602.8486765954685,4803.437382585409
2026-06-08T09:15:00Z,2026-06-08T09:30:00Z,2026-06-08,2026-06-08_46,0.0,100,100,0,78.18576223602467,80.79789639751536,0.007318040027605245,0.010285714285714285,2.8514285714285714,True,True,True,False,0.0,0.0,108.85345221764976,91.7352537722908,1.3669998040368412,-90.30827617741197,111.64742961656543
2026-06-08T09:30:00Z,2026-06-08T09:45:00Z,2026-06-08,2026-06-08_47,0.0,100,100,0,80.79789639751536,80.37894285714269,0.002352458247066943,0.5822857142857143,0.23257142857142857,True,True,True,False,0.0,0.0,108.85345221764976,91.7352537722908,77.38737779519673,-12.604221155311691,265.3718626298256
2026-06-08T09:45:00Z,2026-06-08T10:00:00Z,2026-06-08,2026-06-08_48,0.0,100,100,0,80.37894285714269,77.88262285714269,0.006954666666666666,2.3000000000000003,0.004,True,True,True,False,0.0,0.0,108.85345221764976,91.7352537722908,305.8709038256364,-0.3048315805517452,506.1547782350252
2026-06-08T10:00:00Z,2026-06-08T10:15:00Z,2026-06-08,2026-06-08_49,-75.00000000000001,75,0,25,77.88262285714269,94.88106857142841,0.04721790476190478,0.27342857142857147,0.0,True,True,True,False,-960.9375000000002,248.27103337905805,81.64008916323732,0.0,35.9080769482004,0.0,-595.1183005095045
2026-06-08T10:15:00Z,2026-06-08T10:30:00Z,2026-06-08,2026-06-08_50,-75.00000000000001,75,0,25,94.88106857142841,110.98054285714271,0.04472076190476191,1.2505714285714287,0.0,True,True,True,False,-869.4375000000001,248.27103337905805,81.64008916323732,0.0,165.71882193480963,0.0,-373.8075555228951
2026-06-08T10:30:00Z,2026-06-08T10:45:00Z,2026-06-08,2026-06-08_51,-75.0,75,0,25,110.98054285714271,127.245617142857,0.045180761904761904,1.0705714285714287,0.0,True,True,True,False,-840.7500000000001,248.27103337905805,81.64008916323732,0.0,140.97448069762888,0.0,-369.86439676007586
2026-06-08T10:45:00Z,2026-06-08T11:00:00Z,2026-06-08,2026-06-08_52,-75.0,75,0,25,127.245617142857,143.99999999999986,0.04653995238095239,0.5387142857142856,0.0,True,True,True,False,-805.125,248.27103337905805,81.64008916323732,0.0,70.644155398785,0.0,-404.56972205891964
2026-06-08T11:00:00Z,2026-06-08T11:15:00Z,2026-06-08,2026-06-08_53,0.0,0,0,100,143.99999999999986,143.99999999999986,0.0,0.0,0.0,True,True,True,False,0.0,993.0841335162322,0.0,0.0,0.0,0.0,993.0841335162322
2026-06-08T11:15:00Z,2026-06-08T11:30:00Z,2026-06-08,2026-06-08_54,0.0,0,0,100,143.99999999999986,143.99999999999986,0.0,0.0,0.0,True,True,True,False,0.0,993.0841335162322,0.0,0.0,0.0,0.0,993.0841335162322
2026-06-08T11:30:00Z,2026-06-08T11:45:00Z,2026-06-08,2026-06-08_55,0.0,0,0,100,143.99999999999986,143.99999999999986,0.0,0.0,0.0,True,True,True,False,0.0,993.0841335162322,0.0,0.0,0.0,0.0,993.0841335162322
2026-06-08T11:45:00Z,2026-06-08T12:00:00Z,2026-06-08,2026-06-08_56,0.0,0,0,100,143.99999999999986,143.99999999999986,0.0,0.0,0.0,True,True,True,False,0.0,993.0841335162322,0.0,0.0,0.0,0.0,993.0841335162322
2026-06-08T12:00:00Z,2026-06-08T12:15:00Z,2026-06-08,2026-06-08_57,0.0,0,0,100,143.99999999999986,143.99999999999986,0.0,0.0,0.0,True,True,True,False,0.0,993.0841335162322,0.0,0.0,0.0,0.0,993.0841335162322
2026-06-08T12:15:00Z,2026-06-08T12:30:00Z,2026-06-08,2026-06-08_58,0.0,0,0,100,143.99999999999986,143.99999999999986,0.0,0.0,0.0,True,True,True,False,0.0,993.0841335162322,0.0,0.0,0.0,0.0,993.0841335162322
2026-06-08T12:30:00Z,2026-06-08T12:45:00Z,2026-06-08,2026-06-08_59,0.0,0,0,100,143.99999999999986,143.99999999999986,0.0,0.0,0.0,True,True,True,False,0.0,993.0841335162322,0.0,0.0,0.0,0.0,993.0841335162322
2026-06-08T12:45:00Z,2026-06-08T13:00:00Z,2026-06-08,2026-06-08_60,0.0,0,0,100,143.99999999999986,143.99999999999986,0.0,0.0,0.0,True,True,True,False,0.0,993.0841335162322,0.0,0.0,0.0,0.0,993.0841335162322
2026-06-08T13:00:00Z,2026-06-08T13:15:00Z,2026-06-08,2026-06-08_61,0.0,0,0,100,143.99999999999986,143.99999999999986,0.0,0.0,0.0,True,True,True,False,0.0,993.0841335162322,0.0,0.0,0.0,0.0,993.0841335162322
2026-06-08T13:15:00Z,2026-06-08T13:30:00Z,2026-06-08,2026-06-08_62,0.0,0,0,100,143.99999999999986,143.99999999999986,0.0,0.0,0.0,True,True,True,False,0.0,993.0841335162322,0.0,0.0,0.0,0.0,993.0841335162322
2026-06-08T13:30:00Z,2026-06-08T13:45:00Z,2026-06-08,2026-06-08_63,0.0,0,0,100,143.99999999999986,143.99999999999986,0.0,0.0,0.0,True,True,True,False,0.0,993.0841335162322,0.0,0.0,0.0,0.0,993.0841335162322
2026-06-08T13:45:00Z,2026-06-08T14:00:00Z,2026-06-08,2026-06-08_64,0.0,0,0,100,143.99999999999986,143.99999999999986,0.0,0.0,0.0,True,True,True,False,0.0,993.0841335162322,0.0,0.0,0.0,0.0,993.0841335162322
2026-06-08T14:00:00Z,2026-06-08T14:15:00Z,2026-06-08,2026-06-08_65,0.0,0,0,100,143.99999999999986,143.99999999999986,0.0,0.0,0.0,True,True,True,False,0.0,993.0841335162322,0.0,0.0,0.0,0.0,993.0841335162322
2026-06-08T14:15:00Z,2026-06-08T14:30:00Z,2026-06-08,2026-06-08_66,0.0,0,0,100,143.99999999999986,143.99999999999986,0.0,0.0,0.0,True,True,True,False,0.0,993.0841335162322,0.0,0.0,0.0,0.0,993.0841335162322
2026-06-08T14:30:00Z,2026-06-08T14:45:00Z,2026-06-08,2026-06-08_67,0.0,0,0,100,143.99999999999986,143.99999999999986,0.0,0.0,0.0,True,True,True,False,0.0,993.0841335162322,0.0,0.0,0.0,0.0,993.0841335162322
2026-06-08T14:45:00Z,2026-06-08T15:00:00Z,2026-06-08,2026-06-08_68,0.0,0,0,100,143.99999999999986,143.99999999999986,0.0,0.0,0.0,True,True,True,False,0.0,993.0841335162322,0.0,0.0,0.0,0.0,993.0841335162322
2026-06-08T15:00:00Z,2026-06-08T15:15:00Z,2026-06-08,2026-06-08_69,0.0,0,0,100,143.99999999999986,143.99999999999986,0.0,0.0,0.0,True,True,True,False,0.0,993.0841335162322,0.0,0.0,0.0,0.0,993.0841335162322
2026-06-08T15:15:00Z,2026-06-08T15:30:00Z,2026-06-08,2026-06-08_70,0.0,0,0,100,143.99999999999986,143.99999999999986,0.0,0.0,0.0,True,True,True,False,0.0,993.0841335162322,0.0,0.0,0.0,0.0,993.0841335162322
2026-06-08T15:30:00Z,2026-06-08T15:45:00Z,2026-06-08,2026-06-08_71,0.0,0,0,100,143.99999999999986,143.99999999999986,0.0,0.0,0.0,True,True,True,False,0.0,993.0841335162322,0.0,0.0,0.0,0.0,993.0841335162322
2026-06-08T15:45:00Z,2026-06-08T16:00:00Z,2026-06-08,2026-06-08_72,0.0,0,0,100,143.99999999999986,143.99999999999986,0.0,0.0,0.0,True,True,True,False,0.0,993.0841335162322,0.0,0.0,0.0,0.0,993.0841335162322
2026-06-08T16:00:00Z,2026-06-08T16:15:00Z,2026-06-08,2026-06-08_73,0.0,51,100,0,143.99999999999986,153.07698285714272,0.025213841269841265,0.0,9.866285714285713,True,True,True,False,0.0,0.0,55.136316872427976,54.869684499314126,0.0,452.61642105950733,562.6224224312494
2026-06-08T16:15:00Z,2026-06-08T16:30:00Z,2026-06-08,2026-06-08_74,0.3241465844109904,51,100,0,153.07698285714272,163.16829193540363,0.02831132715228752,0.0011657142857142858,11.05942857142857,True,True,True,False,12.490178263816489,0.0,55.136316872427976,54.869684499314126,0.17767326409301717,4063.5561813312424,4186.2300342308945
2026-06-08T16:30:00Z,2026-06-08T16:45:00Z,2026-06-08,2026-06-08_75,49.0,51,100,0,163.16829193540363,152.36790060124213,0.03654456513457557,0.0,2.5102857142857142,True,True,True,False,2053.2225000000003,0.0,55.136316872427976,54.869684499314126,0.0,-87.94465183878764,2075.2838495329547
2026-06-08T16:45:00Z,2026-06-08T17:00:00Z,2026-06-08,2026-06-08_76,49.0,51,100,0,152.36790060124213,139.04626881987568,0.037284563202208416,0.10491428571428572,0.10742857142857143,True,True,True,False,2181.3575,0.0,55.136316872427976,54.869684499314126,16.934478542034096,-7.386942321510223,2300.911037592266
2026-06-08T17:00:00Z,2026-06-08T17:15:00Z,2026-06-08,2026-06-08_77,0.0,0,0,100,139.04626881987568,139.04626881987568,0.0,0.0,0.0,True,True,True,False,0.0,993.0841335162322,0.0,0.0,0.0,0.0,993.0841335162322
2026-06-08T17:15:00Z,2026-06-08T17:30:00Z,2026-06-08,2026-06-08_78,0.0,0,0,100,139.04626881987568,139.04626881987568,0.0,0.0,0.0,True,True,True,False,0.0,993.0841335162322,0.0,0.0,0.0,0.0,993.0841335162322
2026-06-08T17:30:00Z,2026-06-08T17:45:00Z,2026-06-08,2026-06-08_79,0.0,0,0,100,139.04626881987568,139.04626881987568,0.0,0.0,0.0,True,True,True,False,0.0,993.0841335162322,0.0,0.0,0.0,0.0,993.0841335162322
2026-06-08T17:45:00Z,2026-06-08T18:00:00Z,2026-06-08,2026-06-08_80,0.0,0,0,100,139.04626881987568,139.04626881987568,0.0,0.0,0.0,True,True,True,False,0.0,993.0841335162322,0.0,0.0,0.0,0.0,993.0841335162322
2026-06-08T18:00:00Z,2026-06-08T18:15:00Z,2026-06-08,2026-06-08_81,100.0,0,100,0,139.04626881987568,113.35123776397506,0.07137508626639062,0.0,1.3605714285714285,True,True,True,False,5057.25,0.0,0.0,54.869684499314126,0.0,-69.1167589870882,5043.002925512226
2026-06-08T18:15:00Z,2026-06-08T18:30:00Z,2026-06-08,2026-06-08_82,100.0,0,100,0,113.35123776397506,86.17732472049681,0.0754830917874396,0.0,0.0,True,True,True,False,5666.0,0.0,0.0,54.869684499314126,0.0,0.0,5720.869684499314
2026-06-08T18:30:00Z,2026-06-08T18:45:00Z,2026-06-08,2026-06-08_83,100.0,0,100,0,86.17732472049681,62.59347378881979,0.06551069703243616,0.0,3.302857142857143,True,True,True,False,6192.0,0.0,0.0,54.869684499314126,0.0,-165.54243691074967,6081.327247588564
2026-06-08T18:45:00Z,2026-06-08T19:00:00Z,2026-06-08,2026-06-08_84,100.0,0,100,0,62.59347378881979,35.494716024844635,0.07527432712215322,0.0,0.06914285714285714,True,True,True,False,6584.75,0.0,0.0,54.869684499314126,0.0,-3.854166285627191,6635.765518213687
2026-06-08T19:00:00Z,2026-06-08T19:15:00Z,2026-06-08,2026-06-08_85,0.0,100,100,0,35.494716024844635,19.019560745341533,0.04576432022084195,15.157142857142855,0.0,True,True,True,False,0.0,0.0,100.53726566072245,54.869684499314126,10730.147097567879,0.0,10885.554047727916
2026-06-08T19:15:00Z,2026-06-08T19:30:00Z,2026-06-08,2026-06-08_86,0.0,100,100,0,19.019560745341533,11.93446757763967,0.019680814354727398,6.518285714285714,0.0,True,True,True,False,0.0,0.0,100.53726566072245,54.869684499314126,1636.220358177107,0.0,1791.6273083371436
2026-06-08T19:30:00Z,2026-06-08T19:45:00Z,2026-06-08,2026-06-08_87,0.0,100,100,0,11.93446757763967,9.999999999999918,0.010478790890269152,2.6251428571428574,0.9988571428571428,True,True,True,False,0.0,0.0,100.53726566072245,54.869684499314126,559.1027136542775,-51.52483767718334,662.9848261371308
2026-06-08T19:45:00Z,2026-06-08T20:00:00Z,2026-06-08,2026-06-08_88,0.0,100,100,0,9.999999999999918,11.620251428571347,0.004500698412698413,0.0,1.761142857142857,True,True,True,False,0.0,0.0,100.53726566072245,54.869684499314126,0.0,-89.01609467197943,66.39085548805716
2026-06-08T20:00:00Z,2026-06-08T20:15:00Z,2026-06-08,2026-06-08_89,7.926139637219052,52,100,0,11.620251428571347,9.999999999999917,0.010535131531484259,0.6100342857142858,1.2822857142857145,True,True,True,False,304.0269011346298,0.0,56.217421124828526,54.869684499314126,104.45965466065714,-65.23196159122085,454.34169982820873
2026-06-08T20:15:00Z,2026-06-08T20:30:00Z,2026-06-08,2026-06-08_90,8.821963204043783,52,100,0,9.999999999999917,9.999999999999915,0.012441431265963521,0.09033142857142856,2.6697142857142855,True,True,True,False,301.44648268217605,0.0,56.217421124828526,54.869684499314126,15.471941890391273,-130.8957536960829,297.1097765006271
2026-06-08T20:30:00Z,2026-06-08T20:45:00Z,2026-06-08,2026-06-08_91,14.27834768799727,52,100,0,9.999999999999915,9.999999999999915,0.018011017187109325,0.0,4.110857142857142,True,True,True,False,464.1890833367912,0.0,56.217421124828526,54.869684499314126,0.0,-93.68709843882681,481.5890905221071
2026-06-08T20:45:00Z,2026-06-08T21:00:00Z,2026-06-08,2026-06-08_92,48.0,52,100,0,9.999999999999915,10.043485137888112,0.03465660985507246,0.0,13.085142857142856,True,True,True,False,1555.1999999999998,0.0,56.217421124828526,54.869684499314126,0.0,6319.796422692533,7986.083528316676
2026-06-08T21:00:00Z,2026-06-08T21:15:00Z,2026-06-09,2026-06-08_93,0.0,52,100,0,10.043485137888112,10.009962653416064,0.014964991028295377,2.493622857142857,2.9097142857142857,True,True,True,False,0.0,0.0,56.00541612632543,51.29109771912427,596.5686903523207,648.2071662870657,1352.072370484836
2026-06-08T21:15:00Z,2026-06-08T21:30:00Z,2026-06-09,2026-06-08_94,0.0,52,100,0,10.009962653416064,19.219951224844635,0.025583301587301585,0.0,10.010857142857143,True,True,True,False,0.0,0.0,56.00541612632543,51.29109771912427,0.0,165.02755576866494,272.32406961411465
2026-06-08T21:30:00Z,2026-06-08T21:45:00Z,2026-06-09,2026-06-08_95,0.0,52,100,0,19.219951224844635,24.67423693913035,0.015150793650793653,0.0,5.928571428571429,True,True,True,False,0.0,0.0,56.00541612632543,51.29109771912427,0.0,28.63433518956442,135.93084903501412
2026-06-08T21:45:00Z,2026-06-08T22:00:00Z,2026-06-09,2026-06-08_96,0.0,52,100,0,24.67423693913035,29.722671224844635,0.014023428571428574,0.0,5.4874285714285715,True,True,True,False,0.0,0.0,56.00541612632543,51.29109771912427,0.0,-23.4468375053126,83.8496763401371
2026-06-08T22:00:00Z,2026-06-08T22:15:00Z,2026-06-09,2026-06-09_1,2.80364875989111,95,100,0,29.722671224844635,30.98876740372674,0.0073781908800822455,0.0,2.193142857142857,True,True,True,False,122.2390859312524,0.0,102.31758715386377,51.29109771912427,0.0,-57.86089382430827,217.98687697993216
2026-06-08T22:15:00Z,2026-06-08T22:30:00Z,2026-06-09,2026-06-09_2,5.0,95,100,0,30.98876740372674,37.1125552298137,0.022125256038647345,0.0,8.06,True,True,True,False,214.1375,0.0,102.31758715386377,51.29109771912427,0.0,51.11050804790602,418.85669292089403
2026-06-08T22:30:00Z,2026-06-08T22:45:00Z,2026-06-09,2026-06-09_3,5.0,95,100,0,37.1125552298137,50.99520894409941,0.041154196825396824,0.0,16.417714285714286,True,True,True,False,206.5625,0.0,102.31758715386377,51.29109771912427,0.0,302.96813356145725,663.1393184344453
2026-06-08T22:45:00Z,2026-06-08T23:00:00Z,2026-06-09,2026-06-09_4,0.0,95,100,0,50.99520894409941,64.34782608695656,0.03709060317460318,0.0,14.513714285714286,True,True,True,False,0.0,0.0,102.31758715386377,51.29109771912427,0.0,189.6254580822336,343.2341429552216
2026-06-08T23:00:00Z,2026-06-08T23:15:00Z,2026-06-09,2026-06-09_5,0.0,0,0,100,64.34782608695656,64.34782608695656,0.0,0.0,0.0,True,True,True,False,0.0,994.0689602563125,0.0,0.0,0.0,0.0,994.0689602563125
2026-06-08T23:15:00Z,2026-06-08T23:30:00Z,2026-06-09,2026-06-09_6,0.0,0,0,100,64.34782608695656,64.34782608695656,0.0,0.0,0.0,True,True,True,False,0.0,994.0689602563125,0.0,0.0,0.0,0.0,994.0689602563125
2026-06-08T23:30:00Z,2026-06-08T23:45:00Z,2026-06-09,2026-06-09_7,0.0,0,0,100,64.34782608695656,64.34782608695656,0.0,0.0,0.0,True,True,True,False,0.0,994.0689602563125,0.0,0.0,0.0,0.0,994.0689602563125
2026-06-08T23:45:00Z,2026-06-09T00:00:00Z,2026-06-09,2026-06-09_8,0.0,0,0,100,64.34782608695656,64.34782608695656,0.0,0.0,0.0,True,True,True,False,0.0,994.0689602563125,0.0,0.0,0.0,0.0,994.0689602563125
2026-06-09T00:00:00Z,2026-06-09T00:15:00Z,2026-06-09,2026-06-09_9,0.0,0,0,100,64.34782608695656,64.34782608695656,0.0,0.0,0.0,True,True,True,False,0.0,994.0689602563125,0.0,0.0,0.0,0.0,994.0689602563125
2026-06-09T00:15:00Z,2026-06-09T00:30:00Z,2026-06-09,2026-06-09_10,0.0,0,0,100,64.34782608695656,64.34782608695656,0.0,0.0,0.0,True,True,True,False,0.0,994.0689602563125,0.0,0.0,0.0,0.0,994.0689602563125
2026-06-09T00:30:00Z,2026-06-09T00:45:00Z,2026-06-09,2026-06-09_11,0.0,0,0,100,64.34782608695656,64.34782608695656,0.0,0.0,0.0,True,True,True,False,0.0,994.0689602563125,0.0,0.0,0.0,0.0,994.0689602563125
2026-06-09T00:45:00Z,2026-06-09T01:00:00Z,2026-06-09,2026-06-09_12,0.0,0,0,100,64.34782608695656,64.34782608695656,0.0,0.0,0.0,True,True,True,False,0.0,994.0689602563125,0.0,0.0,0.0,0.0,994.0689602563125
2026-06-09T01:00:00Z,2026-06-09T01:15:00Z,2026-06-09,2026-06-09_13,0.0,0,0,100,64.34782608695656,64.34782608695656,0.0,0.0,0.0,True,True,True,False,0.0,994.0689602563125,0.0,0.0,0.0,0.0,994.0689602563125
2026-06-09T01:15:00Z,2026-06-09T01:30:00Z,2026-06-09,2026-06-09_14,0.0,0,0,100,64.34782608695656,64.34782608695656,0.0,0.0,0.0,True,True,True,False,0.0,994.0689602563125,0.0,0.0,0.0,0.0,994.0689602563125
2026-06-09T01:30:00Z,2026-06-09T01:45:00Z,2026-06-09,2026-06-09_15,0.0,0,0,100,64.34782608695656,64.34782608695656,0.0,0.0,0.0,True,True,True,False,0.0,994.0689602563125,0.0,0.0,0.0,0.0,994.0689602563125
2026-06-09T01:45:00Z,2026-06-09T02:00:00Z,2026-06-09,2026-06-09_16,0.0,0,0,100,64.34782608695656,64.34782608695656,0.0,0.0,0.0,True,True,True,False,0.0,994.0689602563125,0.0,0.0,0.0,0.0,994.0689602563125
2026-06-09T02:00:00Z,2026-06-09T02:15:00Z,2026-06-09,2026-06-09_17,0.0,0,0,100,64.34782608695656,64.34782608695656,0.0,0.0,0.0,True,True,True,False,0.0,994.0689602563125,0.0,0.0,0.0,0.0,994.0689602563125
2026-06-09T02:15:00Z,2026-06-09T02:30:00Z,2026-06-09,2026-06-09_18,0.0,0,0,100,64.34782608695656,64.34782608695656,0.0,0.0,0.0,True,True,True,False,0.0,994.0689602563125,0.0,0.0,0.0,0.0,994.0689602563125
2026-06-09T02:30:00Z,2026-06-09T02:45:00Z,2026-06-09,2026-06-09_19,0.0,0,0,100,64.34782608695656,64.34782608695656,0.0,0.0,0.0,True,True,True,False,0.0,994.0689602563125,0.0,0.0,0.0,0.0,994.0689602563125
2026-06-09T02:45:00Z,2026-06-09T03:00:00Z,2026-06-09,2026-06-09_20,0.0,0,0,100,64.34782608695656,64.34782608695656,0.0,0.0,0.0,True,True,True,False,0.0,994.0689602563125,0.0,0.0,0.0,0.0,994.0689602563125
2026-06-09T03:00:00Z,2026-06-09T03:15:00Z,2026-06-09,2026-06-09_21,0.0,54,100,0,64.34782608695656,67.38750608695656,0.008443555555555557,0.0,3.304,True,True,True,False,0.0,0.0,52.95369593409108,51.29109771912427,0.0,-167.08337325501563,-62.838579601800284
2026-06-09T03:15:00Z,2026-06-09T03:30:00Z,2026-06-09,2026-06-09_22,44.93409257875845,54,100,0,67.38750608695656,68.02940688695655,0.03457037046481797,0.0,12.916571428571427,True,True,True,False,1480.5783504700912,0.0,52.95369593409108,51.29109771912427,0.0,227.13124287566882,1811.9543869989755
2026-06-09T03:30:00Z,2026-06-09T03:45:00Z,2026-06-09,2026-06-09_23,46.0,54,100,0,68.02940688695655,69.36840848695655,0.03459881396825397,0.0,13.883428571428572,True,True,True,False,1525.36,0.0,52.95369593409108,51.29109771912427,0.0,-16.38655492954677,1613.2182387236685
2026-06-09T03:45:00Z,2026-06-09T04:00:00Z,2026-06-09,2026-06-09_24,46.0,54,100,0,69.36840848695655,64.34782608695656,0.03465552507936508,0.0,7.503428571428572,True,True,True,False,1587.345,0.0,52.95369593409108,51.29109771912427,0.0,-219.1371477610802,1472.4526458921353
2026-06-09T04:00:00Z,2026-06-09T04:15:00Z,2026-06-09,2026-06-09_25,0.0,0,0,100,64.34782608695656,64.34782608695656,0.0,0.0,0.0,True,True,True,False,0.0,994.0689602563125,0.0,0.0,0.0,0.0,994.0689602563125
2026-06-09T04:15:00Z,2026-06-09T04:30:00Z,2026-06-09,2026-06-09_26,0.0,0,0,100,64.34782608695656,64.34782608695656,0.0,0.0,0.0,True,True,True,False,0.0,994.0689602563125,0.0,0.0,0.0,0.0,994.0689602563125
2026-06-09T04:30:00Z,2026-06-09T04:45:00Z,2026-06-09,2026-06-09_27,0.0,0,0,100,64.34782608695656,64.34782608695656,0.0,0.0,0.0,True,True,True,False,0.0,994.0689602563125,0.0,0.0,0.0,0.0,994.0689602563125
2026-06-09T04:45:00Z,2026-06-09T05:00:00Z,2026-06-09,2026-06-09_28,0.0,0,0,100,64.34782608695656,64.34782608695656,0.0,0.0,0.0,True,True,True,False,0.0,994.0689602563125,0.0,0.0,0.0,0.0,994.0689602563125
2026-06-09T05:00:00Z,2026-06-09T05:15:00Z,2026-06-09,2026-06-09_29,0.0,0,0,100,64.34782608695656,64.34782608695656,0.0,0.0,0.0,True,True,True,False,0.0,994.0689602563125,0.0,0.0,0.0,0.0,994.0689602563125
2026-06-09T05:15:00Z,2026-06-09T05:30:00Z,2026-06-09,2026-06-09_30,0.0,0,0,100,64.34782608695656,64.34782608695656,0.0,0.0,0.0,True,True,True,False,0.0,994.0689602563125,0.0,0.0,0.0,0.0,994.0689602563125
2026-06-09T05:30:00Z,2026-06-09T05:45:00Z,2026-06-09,2026-06-09_31,0.0,0,0,100,64.34782608695656,64.34782608695656,0.0,0.0,0.0,True,True,True,False,0.0,994.0689602563125,0.0,0.0,0.0,0.0,994.0689602563125
2026-06-09T05:45:00Z,2026-06-09T06:00:00Z,2026-06-09,2026-06-09_32,0.0,0,0,100,64.34782608695656,64.34782608695656,0.0,0.0,0.0,True,True,True,False,0.0,994.0689602563125,0.0,0.0,0.0,0.0,994.0689602563125
2026-06-09T06:00:00Z,2026-06-09T06:15:00Z,2026-06-09,2026-06-09_33,0.0,0,0,100,64.34782608695656,64.34782608695656,0.0,0.0,0.0,True,False,True,False,0.0,994.0689602563125,0.0,0.0,0.0,0.0,994.0689602563125
2026-06-09T06:15:00Z,2026-06-09T06:30:00Z,2026-06-09,2026-06-09_34,0.0,0,0,100,64.34782608695656,64.34782608695656,0.0,0.0,0.0,True,False,True,False,0.0,994.0689602563125,0.0,0.0,0.0,0.0,994.0689602563125
2026-06-09T06:30:00Z,2026-06-09T06:45:00Z,2026-06-09,2026-06-09_35,0.0,0,0,100,64.34782608695656,64.34782608695656,0.0,0.0,0.0,True,False,True,False,0.0,994.0689602563125,0.0,0.0,0.0,0.0,994.0689602563125
2026-06-09T06:45:00Z,2026-06-09T07:00:00Z,2026-06-09,2026-06-09_36,0.0,0,0,100,64.34782608695656,64.34782608695656,0.0,0.0,0.0,True,False,True,False,0.0,994.0689602563125,0.0,0.0,0.0,0.0,994.0689602563125
2026-06-09T07:00:00Z,2026-06-09T07:15:00Z,2026-06-09,2026-06-09_37,100.0,0,100,0,64.34782608695656,47.44223602484476,0.04695997239475501,0.0,9.446857142857143,True,True,True,False,3458.0,0.0,0.0,55.3817987642078,0.0,555.9784222399006,4069.3602210041086
2026-06-09T07:15:00Z,2026-06-09T07:30:00Z,2026-06-09,2026-06-09_38,100.0,0,100,0,47.44223602484476,25.714906832298173,0.060353692201518296,0.0,5.010857142857143,True,True,True,False,2979.25,0.0,0.0,55.3817987642078,0.0,89.84108693046217,3124.47288569467
2026-06-09T07:30:00Z,2026-06-09T07:45:00Z,2026-06-09,2026-06-09_39,100.0,0,100,0,25.714906832298173,10.542857142857178,0.04214458247066943,0.0,11.041714285714285,True,True,True,False,2811.5,0.0,0.0,55.3817987642078,0.0,72.04615389645063,2938.9279526606583
2026-06-09T07:45:00Z,2026-06-09T08:00:00Z,2026-06-09,2026-06-09_40,57.426971464152544,0,100,0,10.542857142857178,12.128100372670863,0.03241743186986633,0.0,16.921714285714284,True,True,True,False,1389.0148722891897,0.0,0.0,55.3817987642078,0.0,456.1046778113183,1900.5013488647157
2026-06-09T08:00:00Z,2026-06-09T08:15:00Z,2026-06-09,2026-06-09_41,0.0,100,100,0,12.128100372670863,23.481426086956578,0.031537015873015876,0.0,12.340571428571428,True,True,True,False,0.0,0.0,107.7885422229003,54.8954916469601,0.0,1203.3681026121637,1366.0521364820243
2026-06-09T08:15:00Z,2026-06-09T08:30:00Z,2026-06-09,2026-06-09_42,0.0,100,100,0,23.481426086956578,39.196077515528,0.04365180952380952,0.0,17.081142857142854,True,True,True,False,0.0,0.0,107.7885422229003,54.8954916469601,0.0,1031.8005784466507,1194.4846123165112
2026-06-09T08:30:00Z,2026-06-09T08:45:00Z,2026-06-09,2026-06-09_43,0.0,100,100,0,39.196077515528,54.369768944099434,0.04214914285714286,0.0,16.493142857142857,True,True,True,False,0.0,0.0,107.7885422229003,54.8954916469601,0.0,663.8870591632793,826.5710930331397
2026-06-09T08:45:00Z,2026-06-09T09:00:00Z,2026-06-09,2026-06-09_44,0.0,100,100,0,54.369768944099434,64.34782608695657,0.027716825396825403,0.0,10.845714285714287,True,True,True,False,0.0,0.0,107.7885422229003,54.8954916469601,0.0,1845.7115613046658,2008.3955951745263
2026-06-09T09:00:00Z,2026-06-09T09:15:00Z,2026-06-09,2026-06-09_45,0.0,0,0,100,64.34782608695657,64.34782608695657,0.0,0.0,0.0,True,False,True,False,0.0,994.0689602563125,0.0,0.0,0.0,0.0,994.0689602563125
2026-06-09T09:15:00Z,2026-06-09T09:30:00Z,2026-06-09,2026-06-09_46,0.0,0,0,100,64.34782608695657,64.34782608695657,0.0,0.0,0.0,True,False,True,False,0.0,994.0689602563125,0.0,0.0,0.0,0.0,994.0689602563125
2026-06-09T09:30:00Z,2026-06-09T09:45:00Z,2026-06-09,2026-06-09_47,-6.178632484870436e-14,0,0,100,64.34782608695657,64.34782608695659,3.947459643111668e-17,0.0,0.0,True,False,True,False,-9.669559838822233e-13,994.0689602563125,0.0,0.0,0.0,0.0,994.0689602563115
2026-06-09T09:45:00Z,2026-06-09T10:00:00Z,2026-06-09,2026-06-09_48,0.0,0,0,100,64.34782608695659,64.34782608695659,0.0,0.0,0.0,True,False,True,False,0.0,994.0689602563125,0.0,0.0,0.0,0.0,994.0689602563125
2026-06-09T10:00:00Z,2026-06-09T10:15:00Z,2026-06-09,2026-06-09_49,-1.6313580988384615,100,0,0,64.34782608695659,64.72303844968943,0.001042256563146795,0.0,0.0,True,True,True,False,-23.218304141718402,0.0,109.01861316652682,0.0,0.0,0.0,85.80030902480841
2026-06-09T10:15:00Z,2026-06-09T10:30:00Z,2026-06-09,2026-06-09_50,-100.0,100,0,0,64.72303844968943,87.65048987826086,0.06368736507936508,0.07885714285714286,0.0,True,True,True,False,-812.5,0.0,109.01861316652682,0.0,6.752394756056363,0.0,-696.7289920774168
2026-06-09T10:30:00Z,2026-06-09T10:45:00Z,2026-06-09,2026-06-09_51,-100.0,100,0,0,87.65048987826086,110.52799844968942,0.06354863492063492,0.13314285714285715,0.0,True,True,True,False,-592.5,0.0,109.01861316652682,0.0,15.172537079214933,0.0,-468.30884975425823
2026-06-09T10:45:00Z,2026-06-09T11:00:00Z,2026-06-09,2026-06-09_52,-100.0,100,0,0,110.52799844968942,118.80484416397513,0.022991238095238096,16.00342857142857,0.0,True,True,True,False,-646.5,0.0,109.01861316652682,0.0,8544.868258666347,0.0,8007.386871832874
2026-06-09T11:00:00Z,2026-06-09T11:15:00Z,2026-06-09,2026-06-09_53,-32.0,32,0,68,118.80484416397513,125.67900004968942,0.01909487746031746,0.5280914285714285,0.0,True,True,True,False,-353.04,675.9668929742925,34.71202990312,0.0,166.3559505247213,0.0,523.9948734021337
2026-06-09T11:15:00Z,2026-06-09T11:30:00Z,2026-06-09,2026-06-09_54,-32.0,32,0,68,125.67900004968942,133.03748599254655,0.02044023873015873,0.0016457142857142855,0.0,True,True,True,False,-328.4,675.9668929742925,34.71202990312,0.0,0.14091954273508928,0.0,382.4198424201476
2026-06-09T11:30:00Z,2026-06-09T11:45:00Z,2026-06-09,2026-06-09_55,-32.0,32,0,68,133.03748599254655,138.04060370683226,0.013897549206349207,2.5618285714285713,0.0,True,True,True,False,-229.2,675.9668929742925,34.71202990312,0.0,415.5760239748047,0.0,897.0549468522172
2026-06-09T11:45:00Z,2026-06-09T12:00:00Z,2026-06-09,2026-06-09_56,-32.0,32,0,68,138.04060370683226,143.96796919254655,0.016464904126984127,1.5572114285714285,0.0,True,True,True,False,-283.76,675.9668929742925,34.71202990312,0.0,223.65982210694943,0.0,650.578744984362
2026-06-09T12:00:00Z,2026-06-09T12:15:00Z,2026-06-09,2026-06-09_57,0.0,0,0,100,143.96796919254655,143.96796919254655,0.0,0.0,0.0,True,True,True,False,0.0,994.0689602563125,0.0,0.0,0.0,0.0,994.0689602563125
2026-06-09T12:15:00Z,2026-06-09T12:30:00Z,2026-06-09,2026-06-09_58,0.0,0,0,100,143.96796919254655,143.96796919254655,0.0,0.0,0.0,True,True,True,False,0.0,994.0689602563125,0.0,0.0,0.0,0.0,994.0689602563125
2026-06-09T12:30:00Z,2026-06-09T12:45:00Z,2026-06-09,2026-06-09_59,0.0,0,0,100,143.96796919254655,143.96796919254655,0.0,0.0,0.0,True,True,True,False,0.0,994.0689602563125,0.0,0.0,0.0,0.0,994.0689602563125
2026-06-09T12:45:00Z,2026-06-09T13:00:00Z,2026-06-09,2026-06-09_60,0.0,0,0,100,143.96796919254655,143.96796919254655,0.0,0.0,0.0,True,True,True,False,0.0,994.0689602563125,0.0,0.0,0.0,0.0,994.0689602563125
2026-06-09T13:00:00Z,2026-06-09T13:15:00Z,2026-06-09,2026-06-09_61,0.0,0,0,100,143.96796919254655,143.96796919254655,0.0,0.0,0.0,True,True,True,False,0.0,994.0689602563125,0.0,0.0,0.0,0.0,994.0689602563125
2026-06-09T13:15:00Z,2026-06-09T13:30:00Z,2026-06-09,2026-06-09_62,0.0,0,0,100,143.96796919254655,143.96796919254655,0.0,0.0,0.0,True,True,True,False,0.0,994.0689602563125,0.0,0.0,0.0,0.0,994.0689602563125
2026-06-09T13:30:00Z,2026-06-09T13:45:00Z,2026-06-09,2026-06-09_63,0.0,0,0,100,143.96796919254655,143.96796919254655,0.0,0.0,0.0,True,True,True,False,0.0,994.0689602563125,0.0,0.0,0.0,0.0,994.0689602563125
2026-06-09T13:45:00Z,2026-06-09T14:00:00Z,2026-06-09,2026-06-09_64,0.0,0,0,100,143.96796919254655,143.96796919254655,0.0,0.0,0.0,True,True,True,False,0.0,994.0689602563125,0.0,0.0,0.0,0.0,994.0689602563125
2026-06-09T14:00:00Z,2026-06-09T14:15:00Z,2026-06-09,2026-06-09_65,-100.0,100,0,0,143.96796919254655,166.73875776397512,0.06325219047619048,0.24914285714285717,0.0,True,True,True,False,-1046.25,0.0,107.07338469753604,0.0,35.065113389928406,0.0,-904.1115019125356
2026-06-09T14:15:00Z,2026-06-09T14:30:00Z,2026-06-09,2026-06-09_66,7.371844660990172e-14,100,0,0,166.73875776397512,166.10770186335398,0.0017529330572809386,0.5805714285714285,0.0,True,True,True,False,1.512149636085609e-12,0.0,107.07338469753604,0.0,81.7113651471726,0.0,188.78474984471015
2026-06-09T14:30:00Z,2026-06-09T14:45:00Z,2026-06-09,2026-06-09_67,0.0,100,0,0,166.10770186335398,154.8604968944099,0.031242236024844716,10.347428571428571,0.0,True,True,True,False,0.0,0.0,107.07338469753604,0.0,7393.028145112953,0.0,7500.101529810489
2026-06-09T14:45:00Z,2026-06-09T15:00:00Z,2026-06-09,2026-06-09_68,0.0,100,0,0,154.8604968944099,145.83999999999995,0.02505693581780538,8.298857142857143,0.0,True,True,True,False,0.0,0.0,107.07338469753604,0.0,2027.7677223935575,0.0,2134.8411070910934
2026-06-09T15:00:00Z,2026-06-09T15:15:00Z,2026-06-09,2026-06-09_69,0.0,0,0,96,145.83999999999995,145.83999999999995,0.0,0.0,0.0,True,False,True,False,0.0,954.3062018460599,0.0,0.0,0.0,0.0,954.3062018460599
2026-06-09T15:15:00Z,2026-06-09T15:30:00Z,2026-06-09,2026-06-09_70,0.0,0,0,96,145.83999999999995,145.83999999999995,0.0,0.0,0.0,True,False,True,False,0.0,954.3062018460599,0.0,0.0,0.0,0.0,954.3062018460599
2026-06-09T15:30:00Z,2026-06-09T15:45:00Z,2026-06-09,2026-06-09_71,0.0,0,0,96,145.83999999999995,145.83999999999995,0.0,0.0,0.0,True,False,True,False,0.0,954.3062018460599,0.0,0.0,0.0,0.0,954.3062018460599
2026-06-09T15:45:00Z,2026-06-09T16:00:00Z,2026-06-09,2026-06-09_72,4.0,0,0,96,145.83999999999995,144.75304347826082,0.0030193236714975845,0.0,0.0,True,False,True,False,174.31,954.3062018460599,0.0,0.0,0.0,0.0,1128.61620184606
2026-06-09T16:00:00Z,2026-06-09T16:15:00Z,2026-06-09,2026-06-09_73,0.0,0,2,98,144.75304347826082,144.90402862111796,0.00041940317460317463,0.0,0.1641142857142857,True,True,True,False,0.0,974.1875810511863,0.0,1.0098024258143259,0.0,1.1246316707169557,976.3220151477176
2026-06-09T16:15:00Z,2026-06-09T16:30:00Z,2026-06-09,2026-06-09_74,1.7562943986470934,0,2,98,144.90402862111796,144.57873345361938,0.000992327570173843,0.0,0.14246857142857142,True,True,True,False,71.27042669709904,974.1875810511863,0.0,1.0098024258143259,0.0,2.310889351917439,1048.7786995260171
2026-06-09T16:30:00Z,2026-06-09T16:45:00Z,2026-06-09,2026-06-09_75,2.0,0,2,98,144.57873345361938,144.0733794163523,0.0014037612146307798,0.0,0.03507428571428571,True,True,True,False,86.655,974.1875810511863,0.0,1.0098024258143259,0.0,-1.202489604742652,1060.649893872258
2026-06-09T16:45:00Z,2026-06-09T17:00:00Z,2026-06-09,2026-06-09_76,2.0,0,2,98,144.0733794163523,143.5304850064144,0.001508040027605245,0.0,0.0005371428571428571,True,True,True,False,93.015,974.1875810511863,0.0,1.0098024258143259,0.0,-0.038054516526268754,1068.1743289604744
2026-06-09T17:00:00Z,2026-06-09T17:15:00Z,2026-06-09,2026-06-09_77,0.0,0,0,100,143.5304850064144,143.5304850064144,0.0,0.0,0.0,True,True,True,False,0.0,994.0689602563125,0.0,0.0,0.0,0.0,994.0689602563125
2026-06-09T17:15:00Z,2026-06-09T17:30:00Z,2026-06-09,2026-06-09_78,0.0,0,0,100,143.5304850064144,143.5304850064144,0.0,0.0,0.0,True,True,True,False,0.0,994.0689602563125,0.0,0.0,0.0,0.0,994.0689602563125
2026-06-09T17:30:00Z,2026-06-09T17:45:00Z,2026-06-09,2026-06-09_79,0.0,0,0,100,143.5304850064144,143.5304850064144,0.0,0.0,0.0,True,True,True,False,0.0,994.0689602563125,0.0,0.0,0.0,0.0,994.0689602563125
2026-06-09T17:45:00Z,2026-06-09T18:00:00Z,2026-06-09,2026-06-09_80,0.0,0,0,100,143.5304850064144,143.5304850064144,0.0,0.0,0.0,True,True,True,False,0.0,994.0689602563125,0.0,0.0,0.0,0.0,994.0689602563125
2026-06-09T18:00:00Z,2026-06-09T18:15:00Z,2026-06-09,2026-06-09_81,46.0,0,46,54,143.5304850064144,131.10991357784297,0.0345015873015873,0.0,0.07307428571428573,True,True,True,False,2023.08,536.7972385384088,0.0,23.47547486459684,0.0,-4.828733637740703,2578.523979765265
2026-06-09T18:15:00Z,2026-06-09T18:30:00Z,2026-06-09,2026-06-09_82,46.0,0,46,54,131.10991357784297,118.61277072070013,0.034714285714285704,0.0,0.0026285714285714285,True,True,True,False,2069.885,536.7972385384088,0.0,23.47547486459684,0.0,-0.20051654806403454,2629.9571968549417
2026-06-09T18:30:00Z,2026-06-09T18:45:00Z,2026-06-09,2026-06-09_83,46.0,0,46,54,118.61277072070013,106.1664850064144,0.034573015873015873,0.0,0.049417142857142854,True,True,True,False,2541.845,536.7972385384088,0.0,23.47547486459684,0.0,-3.2323293615073614,3098.885384041498
2026-06-09T18:45:00Z,2026-06-09T19:00:00Z,2026-06-09,2026-06-09_84,46.0,0,46,54,106.1664850064144,93.77277072070011,0.034426984126984125,0.0,0.09778285714285716,True,True,True,False,2417.2999999999997,536.7972385384088,0.0,23.47547486459684,0.0,-5.826915440863966,2971.7457979621413
2026-06-09T19:00:00Z,2026-06-09T19:15:00Z,2026-06-09,2026-06-09_85,0.0,0,0,100,93.77277072070011,93.77277072070011,0.0,0.0,0.0,True,False,True,False,0.0,994.0689602563125,0.0,0.0,0.0,0.0,994.0689602563125
2026-06-09T19:15:00Z,2026-06-09T19:30:00Z,2026-06-09,2026-06-09_86,0.0,0,0,100,93.77277072070011,93.77277072070011,0.0,0.0,0.0,True,False,True,False,0.0,994.0689602563125,0.0,0.0,0.0,0.0,994.0689602563125
2026-06-09T19:30:00Z,2026-06-09T19:45:00Z,2026-06-09,2026-06-09_87,0.0,0,0,100,93.77277072070011,93.77277072070011,0.0,0.0,0.0,True,False,True,False,0.0,994.0689602563125,0.0,0.0,0.0,0.0,994.0689602563125
2026-06-09T19:45:00Z,2026-06-09T20:00:00Z,2026-06-09,2026-06-09_88,0.0,0,0,100,93.77277072070011,93.77277072070011,0.0,0.0,0.0,True,False,True,False,0.0,994.0689602563125,0.0,0.0,0.0,0.0,994.0689602563125
2026-06-09T20:00:00Z,2026-06-09T20:15:00Z,2026-06-09,2026-06-09_89,100.00000000000003,0,100,0,93.77277072070011,78.6112800374703,0.042115251897860605,0.0,11.051428571428572,True,True,True,False,4527.250000000002,0.0,0.0,51.03364100999313,0.0,548.7882806795767,5127.071921689571
2026-06-09T20:15:00Z,2026-06-09T20:30:00Z,2026-06-09,2026-06-09_90,100.0,0,100,0,78.6112800374703,58.1920253790852,0.05672015182884748,0.0,6.214285714285714,True,True,True,False,4321.25,0.0,0.0,51.03364100999313,0.0,-140.43887514575593,4231.844765864237
2026-06-09T20:30:00Z,2026-06-09T20:45:00Z,2026-06-09,2026-06-09_91,97.92571967164663,0,100,0,58.1920253790852,32.6813664596273,0.07097053535132282,0.0,1.014857142857143,True,True,True,False,4193.913759237446,0.0,0.0,51.03364100999313,0.0,-45.09375151204734,4199.853648735392
2026-06-09T20:45:00Z,2026-06-09T21:00:00Z,2026-06-09,2026-06-09_92,100.0,0,100,0,32.6813664596273,9.999999999999968,0.06300379572118703,0.0,4.133142857142857,True,True,True,False,4332.75,0.0,0.0,51.03364100999313,0.0,-45.37424070703878,4338.409400302954
2026-06-09T21:00:00Z,2026-06-09T21:15:00Z,2026-06-10,2026-06-09_93,-90.99999999999999,100,9,0,9.999999999999968,28.296857212422324,0.05237553504485852,2.8537142857142856,0.03821142857142857,True,True,True,False,-3942.8024999999993,0.0,107.71961974573358,4.522677814683313,568.4881472149048,-1.2398181095276275,-3263.3118733342053
2026-06-09T21:15:00Z,2026-06-09T21:30:00Z,2026-06-10,2026-06-09_94,-91.00000000000003,100,9,0,28.296857212422324,45.54232012919252,0.05004567856452727,3.940571428571429,0.0,True,True,True,False,-3769.675000000001,0.0,107.71961974573358,4.522677814683313,700.694469514756,0.0,-2956.738232924828
2026-06-09T21:30:00Z,2026-06-09T21:45:00Z,2026-06-10,2026-06-09_95,-0.34000083958292804,100,9,0,45.54232012919252,43.70350956521727,0.005511588233518288,1.7645714285714285,0.0,True,True,True,False,-14.731386377029315,0.0,107.71961974573358,4.522677814683313,302.74698038189047,0.0,400.25789156527804
2026-06-09T21:45:00Z,2026-06-09T22:00:00Z,2026-06-10,2026-06-09_96,-91.00000000000004,100,9,0,43.70350956521727,64.34782608695642,0.05751302553485166,0.3085714285714286,0.003085714285714286,True,True,True,False,-3872.505000000002,0.0,107.71961974573358,4.522677814683313,52.090233486591295,-0.21324979956476925,-3708.3857187525587
2026-06-09T22:00:00Z,2026-06-09T22:15:00Z,2026-06-10,2026-06-10_1,0.0,0,0,100,64.34782608695642,64.34782608695642,0.0,0.0,0.0,True,True,True,False,0.0,995.0177528347269,0.0,0.0,0.0,0.0,995.0177528347269
2026-06-09T22:15:00Z,2026-06-09T22:30:00Z,2026-06-10,2026-06-10_2,0.0,0,0,100,64.34782608695642,64.34782608695642,0.0,0.0,0.0,True,True,True,False,0.0,995.0177528347269,0.0,0.0,0.0,0.0,995.0177528347269
2026-06-09T22:30:00Z,2026-06-09T22:45:00Z,2026-06-10,2026-06-10_3,0.0,0,0,100,64.34782608695642,64.34782608695642,0.0,0.0,0.0,True,True,True,False,0.0,995.0177528347269,0.0,0.0,0.0,0.0,995.0177528347269
2026-06-09T22:45:00Z,2026-06-09T23:00:00Z,2026-06-10,2026-06-10_4,0.0,0,0,100,64.34782608695642,64.34782608695642,0.0,0.0,0.0,True,True,True,False,0.0,995.0177528347269,0.0,0.0,0.0,0.0,995.0177528347269
2026-06-09T23:00:00Z,2026-06-09T23:15:00Z,2026-06-10,2026-06-10_5,0.0,0,0,100,64.34782608695642,64.34782608695642,0.0,0.0,0.0,True,True,True,False,0.0,995.0177528347269,0.0,0.0,0.0,0.0,995.0177528347269
2026-06-09T23:15:00Z,2026-06-09T23:30:00Z,2026-06-10,2026-06-10_6,0.0,0,0,100,64.34782608695642,64.34782608695642,0.0,0.0,0.0,True,True,True,False,0.0,995.0177528347269,0.0,0.0,0.0,0.0,995.0177528347269
2026-06-09T23:30:00Z,2026-06-09T23:45:00Z,2026-06-10,2026-06-10_7,0.0,0,0,100,64.34782608695642,64.34782608695642,0.0,0.0,0.0,True,True,True,False,0.0,995.0177528347269,0.0,0.0,0.0,0.0,995.0177528347269
2026-06-09T23:45:00Z,2026-06-10T00:00:00Z,2026-06-10,2026-06-10_8,0.0,0,0,100,64.34782608695642,64.34782608695642,0.0,0.0,0.0,True,True,True,False,0.0,995.0177528347269,0.0,0.0,0.0,0.0,995.0177528347269
2026-06-10T00:00:00Z,2026-06-10T00:15:00Z,2026-06-10,2026-06-10_9,0.0,0,0,100,64.34782608695642,64.34782608695642,0.0,0.0,0.0,True,True,True,False,0.0,995.0177528347269,0.0,0.0,0.0,0.0,995.0177528347269
2026-06-10T00:15:00Z,2026-06-10T00:30:00Z,2026-06-10,2026-06-10_10,0.0,0,0,100,64.34782608695642,64.34782608695642,0.0,0.0,0.0,True,True,True,False,0.0,995.0177528347269,0.0,0.0,0.0,0.0,995.0177528347269
2026-06-10T00:30:00Z,2026-06-10T00:45:00Z,2026-06-10,2026-06-10_11,0.0,0,0,100,64.34782608695642,64.34782608695642,0.0,0.0,0.0,True,True,True,False,0.0,995.0177528347269,0.0,0.0,0.0,0.0,995.0177528347269
2026-06-10T00:45:00Z,2026-06-10T01:00:00Z,2026-06-10,2026-06-10_12,0.0,0,0,100,64.34782608695642,64.34782608695642,0.0,0.0,0.0,True,True,True,False,0.0,995.0177528347269,0.0,0.0,0.0,0.0,995.0177528347269
2026-06-10T01:00:00Z,2026-06-10T01:15:00Z,2026-06-10,2026-06-10_13,0.0,0,0,100,64.34782608695642,64.34782608695642,0.0,0.0,0.0,True,True,True,False,0.0,995.0177528347269,0.0,0.0,0.0,0.0,995.0177528347269
2026-06-10T01:15:00Z,2026-06-10T01:30:00Z,2026-06-10,2026-06-10_14,0.0,0,0,100,64.34782608695642,64.34782608695642,0.0,0.0,0.0,True,True,True,False,0.0,995.0177528347269,0.0,0.0,0.0,0.0,995.0177528347269
2026-06-10T01:30:00Z,2026-06-10T01:45:00Z,2026-06-10,2026-06-10_15,0.0,0,0,100,64.34782608695642,64.34782608695642,0.0,0.0,0.0,True,True,True,False,0.0,995.0177528347269,0.0,0.0,0.0,0.0,995.0177528347269
2026-06-10T01:45:00Z,2026-06-10T02:00:00Z,2026-06-10,2026-06-10_16,0.0,0,0,100,64.34782608695642,64.34782608695642,0.0,0.0,0.0,True,True,True,False,0.0,995.0177528347269,0.0,0.0,0.0,0.0,995.0177528347269
2026-06-10T02:00:00Z,2026-06-10T02:15:00Z,2026-06-10,2026-06-10_17,0.0,0,0,100,64.34782608695642,64.34782608695642,0.0,0.0,0.0,True,True,True,False,0.0,995.0177528347269,0.0,0.0,0.0,0.0,995.0177528347269
2026-06-10T02:15:00Z,2026-06-10T02:30:00Z,2026-06-10,2026-06-10_18,0.0,0,0,100,64.34782608695642,64.34782608695642,0.0,0.0,0.0,True,True,True,False,0.0,995.0177528347269,0.0,0.0,0.0,0.0,995.0177528347269
2026-06-10T02:30:00Z,2026-06-10T02:45:00Z,2026-06-10,2026-06-10_19,0.0,0,0,100,64.34782608695642,64.34782608695642,0.0,0.0,0.0,True,True,True,False,0.0,995.0177528347269,0.0,0.0,0.0,0.0,995.0177528347269
2026-06-10T02:45:00Z,2026-06-10T03:00:00Z,2026-06-10,2026-06-10_20,0.0,0,0,100,64.34782608695642,64.34782608695642,0.0,0.0,0.0,True,True,True,False,0.0,995.0177528347269,0.0,0.0,0.0,0.0,995.0177528347269
2026-06-10T03:00:00Z,2026-06-10T03:15:00Z,2026-06-10,2026-06-10_21,0.0,0,0,100,64.34782608695642,64.34782608695642,0.0,0.0,0.0,True,True,True,False,0.0,995.0177528347269,0.0,0.0,0.0,0.0,995.0177528347269
2026-06-10T03:15:00Z,2026-06-10T03:30:00Z,2026-06-10,2026-06-10_22,0.0,0,0,100,64.34782608695642,64.34782608695642,0.0,0.0,0.0,True,True,True,False,0.0,995.0177528347269,0.0,0.0,0.0,0.0,995.0177528347269
2026-06-10T03:30:00Z,2026-06-10T03:45:00Z,2026-06-10,2026-06-10_23,0.0,0,0,100,64.34782608695642,64.34782608695642,0.0,0.0,0.0,True,True,True,False,0.0,995.0177528347269,0.0,0.0,0.0,0.0,995.0177528347269
2026-06-10T03:45:00Z,2026-06-10T04:00:00Z,2026-06-10,2026-06-10_24,0.0,0,0,100,64.34782608695642,64.34782608695642,0.0,0.0,0.0,True,True,True,False,0.0,995.0177528347269,0.0,0.0,0.0,0.0,995.0177528347269
2026-06-10T04:00:00Z,2026-06-10T04:15:00Z,2026-06-10,2026-06-10_25,0.0,0,0,100,64.34782608695642,64.34782608695642,0.0,0.0,0.0,True,True,True,False,0.0,995.0177528347269,0.0,0.0,0.0,0.0,995.0177528347269
2026-06-10T04:15:00Z,2026-06-10T04:30:00Z,2026-06-10,2026-06-10_26,0.0,0,0,100,64.34782608695642,64.34782608695642,0.0,0.0,0.0,True,True,True,False,0.0,995.0177528347269,0.0,0.0,0.0,0.0,995.0177528347269
2026-06-10T04:30:00Z,2026-06-10T04:45:00Z,2026-06-10,2026-06-10_27,0.0,0,0,100,64.34782608695642,64.34782608695642,0.0,0.0,0.0,True,True,True,False,0.0,995.0177528347269,0.0,0.0,0.0,0.0,995.0177528347269
2026-06-10T04:45:00Z,2026-06-10T05:00:00Z,2026-06-10,2026-06-10_28,0.0,0,0,100,64.34782608695642,64.34782608695642,0.0,0.0,0.0,True,True,True,False,0.0,995.0177528347269,0.0,0.0,0.0,0.0,995.0177528347269
2026-06-10T05:00:00Z,2026-06-10T05:15:00Z,2026-06-10,2026-06-10_29,22.0,78,100,0,64.34782608695642,56.38319433540362,0.022158148516218078,1.8350057142857144,0.008571428571428572,True,True,True,False,805.695,0.0,74.10491352651471,49.221165960371096,350.3279024886693,-0.6544823862427802,1278.6944995893123
2026-06-10T05:15:00Z,2026-06-10T05:30:00Z,2026-06-10,2026-06-10_30,22.0,78,100,0,56.38319433540362,63.69173471801232,0.035108609413388545,0.009805714285714284,13.898857142857143,True,True,True,False,790.57,0.0,74.10491352651471,49.221165960371096,1.6322267126985943,386.83640078319723,1302.3647069827816
2026-06-10T05:30:00Z,2026-06-10T05:45:00Z,2026-06-10,2026-06-10_31,22.0,78,100,0,63.69173471801232,64.73204831801232,0.026356426666666665,0.0,7.335999999999999,True,True,True,False,772.42,0.0,74.10491352651471,49.221165960371096,0.0,-64.04891230481427,831.6971671820716
2026-06-10T05:45:00Z,2026-06-10T06:00:00Z,2026-06-10,2026-06-10_32,18.242793201391486,78,100,0,64.73204831801232,64.34782608695642,0.021172808633718475,0.0,4.811428571428571,True,True,True,False,637.4031944566185,0.0,74.10491352651471,49.221165960371096,0.0,-22.22757661534434,738.5016973281599
2026-06-10T06:00:00Z,2026-06-10T06:15:00Z,2026-06-10,2026-06-10_33,0.0,0,0,100,64.34782608695642,64.34782608695642,0.0,0.0,0.0,True,True,True,False,0.0,995.0177528347269,0.0,0.0,0.0,0.0,995.0177528347269
2026-06-10T06:15:00Z,2026-06-10T06:30:00Z,2026-06-10,2026-06-10_34,0.0,0,0,100,64.34782608695642,64.34782608695642,0.0,0.0,0.0,True,True,True,False,0.0,995.0177528347269,0.0,0.0,0.0,0.0,995.0177528347269
2026-06-10T06:30:00Z,2026-06-10T06:45:00Z,2026-06-10,2026-06-10_35,0.0,0,0,100,64.34782608695642,64.34782608695642,0.0,0.0,0.0,True,True,True,False,0.0,995.0177528347269,0.0,0.0,0.0,0.0,995.0177528347269
2026-06-10T06:45:00Z,2026-06-10T07:00:00Z,2026-06-10,2026-06-10_36,0.0,0,0,100,64.34782608695642,64.34782608695642,0.0,0.0,0.0,True,True,True,False,0.0,995.0177528347269,0.0,0.0,0.0,0.0,995.0177528347269
2026-06-10T07:00:00Z,2026-06-10T07:15:00Z,2026-06-10,2026-06-10_37,100.0,0,100,0,64.34782608695642,39.95962732919244,0.06774499654934438,0.0,2.562857142857143,True,True,True,False,3351.75,0.0,0.0,52.170427213377614,0.0,-61.92372825891324,3341.9966989544646
2026-06-10T07:15:00Z,2026-06-10T07:30:00Z,2026-06-10,2026-06-10_38,100.0,0,100,0,39.95962732919244,18.319875776397414,0.060110420979986194,0.0,5.091428571428572,True,True,True,False,2951.25,0.0,0.0,52.170427213377614,0.0,-98.57268517761017,2904.8477420357676
2026-06-10T07:30:00Z,2026-06-10T07:45:00Z,2026-06-10,2026-06-10_39,85.85185668089497,0,100,0,18.319875776397414,9.999999999999892,0.03331801815243914,0.0,14.115428571428573,True,True,True,False,2223.133828751775,0.0,0.0,52.170427213377614,0.0,191.29361585156343,2466.597871816716
2026-06-10T07:45:00Z,2026-06-10T08:00:00Z,2026-06-10,2026-06-10_40,1.133047614692479,0,100,0,9.999999999999892,16.938175363975066,0.02044544099388207,0.0,7.86,True,True,True,False,28.091082987263288,0.0,0.0,52.170427213377614,0.0,16.379876302829,96.6413865034699
2026-06-10T08:00:00Z,2026-06-10T08:15:00Z,2026-06-10,2026-06-10_41,0.0,100,100,0,16.938175363975066,27.726883935403638,0.02996863492063492,0.0,11.726857142857142,True,True,True,False,0.0,0.0,109.38036880082467,54.861986026801056,0.0,89.00018827276644,253.24254310039217
2026-06-10T08:15:00Z,2026-06-10T08:30:00Z,2026-06-10,2026-06-10_42,0.0,100,100,0,27.726883935403638,39.46713536397507,0.03261180952380953,0.0,12.761142857142858,True,True,True,False,0.0,0.0,109.38036880082467,54.861986026801056,0.0,194.40853052342231,358.65088535104803
2026-06-10T08:30:00Z,2026-06-10T08:45:00Z,2026-06-10,2026-06-10_43,0.0,100,100,0,39.46713536397507,48.51047250683221,0.02512038095238095,0.0,9.829714285714285,True,True,True,False,0.0,0.0,109.38036880082467,54.861986026801056,0.0,66.34766300701932,230.59001783464504
2026-06-10T08:45:00Z,2026-06-10T09:00:00Z,2026-06-10,2026-06-10_44,0.0,100,100,0,48.51047250683221,55.07716964968935,0.018240825396825398,0.0,7.137714285714286,True,True,True,False,0.0,0.0,109.38036880082467,54.861986026801056,0.0,194.26583961909125,358.50819444671697
2026-06-10T09:00:00Z,2026-06-10T09:15:00Z,2026-06-10,2026-06-10_45,0.0,100,100,0,55.07716964968935,66.46256393540364,0.03162609523809524,0.0,12.375428571428571,True,True,True,False,0.0,0.0,110.12484251517581,85.27087389760624,0.0,283.8250421323036,479.2207585450857
2026-06-10T09:15:00Z,2026-06-10T09:30:00Z,2026-06-10,2026-06-10_46,0.0,100,100,0,66.46256393540364,78.20123822111792,0.03260742857142858,0.0,12.759428571428572,True,True,True,False,0.0,0.0,110.12484251517581,85.27087389760624,0.0,236.05649197440974,431.4522083871918
2026-06-10T09:30:00Z,2026-06-10T09:45:00Z,2026-06-10,2026-06-10_47,0.0,100,100,0,78.20123822111792,88.73182107826078,0.029251619047619047,0.0,11.446285714285713,True,True,True,False,0.0,0.0,110.12484251517581,85.27087389760624,0.0,464.9591992408004,660.3549156535825
2026-06-10T09:45:00Z,2026-06-10T10:00:00Z,2026-06-10,2026-06-10_48,0.0,100,100,0,88.73182107826078,88.25971474285706,0.006618200138026224,1.3131428571428572,1.0382857142857143,True,True,True,False,0.0,0.0,110.12484251517581,85.27087389760624,175.29652502577025,-34.86361503346041,335.8286264050919
2026-06-10T10:00:00Z,2026-06-10T10:15:00Z,2026-06-10,2026-06-10_49,0.0,0,0,100,88.25971474285706,88.25971474285706,0.0,0.0,0.0,True,True,True,False,0.0,995.0177528347269,0.0,0.0,0.0,0.0,995.0177528347269
2026-06-10T10:15:00Z,2026-06-10T10:30:00Z,2026-06-10,2026-06-10_50,0.0,0,0,100,88.25971474285706,88.25971474285706,0.0,0.0,0.0,True,True,True,False,0.0,995.0177528347269,0.0,0.0,0.0,0.0,995.0177528347269
2026-06-10T10:30:00Z,2026-06-10T10:45:00Z,2026-06-10,2026-06-10_51,0.0,0,0,100,88.25971474285706,88.25971474285706,0.0,0.0,0.0,True,True,True,False,0.0,995.0177528347269,0.0,0.0,0.0,0.0,995.0177528347269
2026-06-10T10:45:00Z,2026-06-10T11:00:00Z,2026-06-10,2026-06-10_52,0.0,0,0,100,88.25971474285706,88.25971474285706,0.0,0.0,0.0,True,True,True,False,0.0,995.0177528347269,0.0,0.0,0.0,0.0,995.0177528347269
2026-06-10T11:00:00Z,2026-06-10T11:15:00Z,2026-06-10,2026-06-10_53,0.0,0,0,100,88.25971474285706,88.25971474285706,0.0,0.0,0.0,True,True,True,False,0.0,995.0177528347269,0.0,0.0,0.0,0.0,995.0177528347269
2026-06-10T11:15:00Z,2026-06-10T11:30:00Z,2026-06-10,2026-06-10_54,0.0,0,0,100,88.25971474285706,88.25971474285706,0.0,0.0,0.0,True,True,True,False,0.0,995.0177528347269,0.0,0.0,0.0,0.0,995.0177528347269
2026-06-10T11:30:00Z,2026-06-10T11:45:00Z,2026-06-10,2026-06-10_55,0.0,0,0,100,88.25971474285706,88.25971474285706,0.0,0.0,0.0,True,True,True,False,0.0,995.0177528347269,0.0,0.0,0.0,0.0,995.0177528347269
2026-06-10T11:45:00Z,2026-06-10T12:00:00Z,2026-06-10,2026-06-10_56,0.0,0,0,100,88.25971474285706,88.25971474285706,0.0,0.0,0.0,True,True,True,False,0.0,995.0177528347269,0.0,0.0,0.0,0.0,995.0177528347269
2026-06-10T12:00:00Z,2026-06-10T12:15:00Z,2026-06-10,2026-06-10_57,-100.0,100,0,0,88.25971474285706,109.66574902857135,0.059461206349206354,1.7325714285714284,0.0,True,True,True,False,-1932.75,0.0,108.54999427327911,0.0,268.94974906054506,0.0,-1555.2502566661758
2026-06-10T12:15:00Z,2026-06-10T12:30:00Z,2026-06-10,2026-06-10_58,-100.0,100,0,0,109.66574902857135,115.19784045714279,0.01536692063492064,18.98685714285714,0.0,True,True,True,False,-1646.2499999999998,0.0,108.54999427327911,0.0,12969.205712540426,0.0,11431.505706813705
2026-06-10T12:30:00Z,2026-06-10T12:45:00Z,2026-06-10,2026-06-10_59,-100.0,100,0,0,115.19784045714279,128.27077759999995,0.03631371428571429,10.790285714285714,0.0,True,True,True,False,-2122.5,0.0,108.54999427327911,0.0,1877.360587288861,0.0,-136.5894184378598
2026-06-10T12:45:00Z,2026-06-10T13:00:00Z,2026-06-10,2026-06-10_60,0.0,100,0,0,128.27077759999995,119.1142558608695,0.025434782608695656,8.424000000000001,0.0,True,True,True,False,0.0,0.0,108.54999427327911,0.0,1504.571490092773,0.0,1613.121484366052
2026-06-10T13:00:00Z,2026-06-10T13:15:00Z,2026-06-10,2026-06-10_61,-99.0,100,1,0,119.1142558608695,141.7116960397515,0.06278281347135956,0.20114285714285712,0.013942857142857142,True,True,True,False,-1928.2724999999998,0.0,108.3781926468904,0.5214179360897949,27.798383646666775,-0.7421232499413692,-1792.3166290202942
2026-06-10T13:15:00Z,2026-06-10T13:30:00Z,2026-06-10,2026-06-10_62,0.0,100,1,0,141.7116960397515,140.93723022111794,0.002151673623188406,0.7125714285714286,7.428571428571429e-05,True,True,True,False,0.0,0.0,108.3781926468904,0.5214179360897949,95.07889567005363,-0.005672180680770762,203.97283407235304
2026-06-10T13:30:00Z,2026-06-10T13:45:00Z,2026-06-10,2026-06-10_63,-99.0,100,1,0,140.93723022111794,147.78183347080738,0.020056196052449966,17.27885714285714,0.0,True,True,True,False,-2400.75,0.0,108.3781926468904,0.5214179360897949,6373.241776047034,0.0,4081.3913866300145
2026-06-10T13:45:00Z,2026-06-10T14:00:00Z,2026-06-10,2026-06-10_64,0.0,100,1,0,147.78183347080738,143.99999999999994,0.010592215514147687,3.4937142857142853,0.017045714285714286,True,True,True,False,0.0,0.0,108.3781926468904,0.5214179360897949,630.1510538802623,-0.5523473916149898,738.4983170716275
2026-06-10T14:00:00Z,2026-06-10T14:15:00Z,2026-06-10,2026-06-10_65,0.0,0,0,100,143.99999999999994,143.99999999999994,0.0,0.0,0.0,True,True,True,False,0.0,995.0177528347269,0.0,0.0,0.0,0.0,995.0177528347269
2026-06-10T14:15:00Z,2026-06-10T14:30:00Z,2026-06-10,2026-06-10_66,0.0,0,0,100,143.99999999999994,143.99999999999994,0.0,0.0,0.0,True,True,True,False,0.0,995.0177528347269,0.0,0.0,0.0,0.0,995.0177528347269
2026-06-10T14:30:00Z,2026-06-10T14:45:00Z,2026-06-10,2026-06-10_67,0.0,0,0,100,143.99999999999994,143.99999999999994,0.0,0.0,0.0,True,True,True,False,0.0,995.0177528347269,0.0,0.0,0.0,0.0,995.0177528347269
2026-06-10T14:45:00Z,2026-06-10T15:00:00Z,2026-06-10,2026-06-10_68,0.0,0,0,100,143.99999999999994,143.99999999999994,0.0,0.0,0.0,True,True,True,False,0.0,995.0177528347269,0.0,0.0,0.0,0.0,995.0177528347269
2026-06-10T15:00:00Z,2026-06-10T15:15:00Z,2026-06-10,2026-06-10_69,-100.0,100,0,0,143.99999999999994,163.83467428571424,0.05509631746031746,3.4405714285714284,0.0,True,True,True,False,-2878.5,0.0,108.54999427327911,0.0,688.543158531996,0.0,-2081.406847194725
2026-06-10T15:15:00Z,2026-06-10T15:30:00Z,2026-06-10,2026-06-10_70,-2.6783830620700106,100,0,0,163.83467428571424,157.62919254658382,0.019797153609092188,6.301714285714286,0.0,True,True,True,False,-87.12780100913744,0.0,108.54999427327911,0.0,4531.770538475383,0.0,4553.192731739524
2026-06-10T15:30:00Z,2026-06-10T15:45:00Z,2026-06-10,2026-06-10_71,0.0,100,0,0,157.62919254658382,145.46086956521737,0.03380089717046239,11.194857142857144,0.0,True,True,True,False,0.0,0.0,108.54999427327911,0.0,2969.0263022290583,0.0,3077.5762965023373
2026-06-10T15:45:00Z,2026-06-10T16:00:00Z,2026-06-10,2026-06-10_72,0.0,100,0,0,145.46086956521737,143.99999999999997,0.004057971014492753,1.3439999999999999,0.0,True,True,True,False,0.0,0.0,108.54999427327911,0.0,251.82746535333868,0.0,360.3774596266178
2026-06-10T16:00:00Z,2026-06-10T16:15:00Z,2026-06-10,2026-06-10_73,0.0,0,0,100,143.99999999999997,143.99999999999997,0.0,0.0,0.0,True,True,True,False,0.0,995.0177528347269,0.0,0.0,0.0,0.0,995.0177528347269
2026-06-10T16:15:00Z,2026-06-10T16:30:00Z,2026-06-10,2026-06-10_74,0.0,0,0,100,143.99999999999997,143.99999999999997,0.0,0.0,0.0,True,True,True,False,0.0,995.0177528347269,0.0,0.0,0.0,0.0,995.0177528347269
2026-06-10T16:30:00Z,2026-06-10T16:45:00Z,2026-06-10,2026-06-10_75,0.0,0,0,100,143.99999999999997,143.99999999999997,0.0,0.0,0.0,True,True,True,False,0.0,995.0177528347269,0.0,0.0,0.0,0.0,995.0177528347269
2026-06-10T16:45:00Z,2026-06-10T17:00:00Z,2026-06-10,2026-06-10_76,0.0,0,0,100,143.99999999999997,143.99999999999997,0.0,0.0,0.0,True,True,True,False,0.0,995.0177528347269,0.0,0.0,0.0,0.0,995.0177528347269
2026-06-10T17:00:00Z,2026-06-10T17:15:00Z,2026-06-10,2026-06-10_77,0.0,0,0,100,143.99999999999997,143.99999999999997,0.0,0.0,0.0,True,True,True,False,0.0,995.0177528347269,0.0,0.0,0.0,0.0,995.0177528347269
2026-06-10T17:15:00Z,2026-06-10T17:30:00Z,2026-06-10,2026-06-10_78,0.0,0,0,100,143.99999999999997,143.99999999999997,0.0,0.0,0.0,True,True,True,False,0.0,995.0177528347269,0.0,0.0,0.0,0.0,995.0177528347269
2026-06-10T17:30:00Z,2026-06-10T17:45:00Z,2026-06-10,2026-06-10_79,0.0,0,0,100,143.99999999999997,143.99999999999997,0.0,0.0,0.0,True,True,True,False,0.0,995.0177528347269,0.0,0.0,0.0,0.0,995.0177528347269
2026-06-10T17:45:00Z,2026-06-10T18:00:00Z,2026-06-10,2026-06-10_80,0.0,0,0,100,143.99999999999997,143.99999999999997,0.0,0.0,0.0,True,True,True,False,0.0,995.0177528347269,0.0,0.0,0.0,0.0,995.0177528347269
2026-06-10T18:00:00Z,2026-06-10T18:15:00Z,2026-06-10,2026-06-10_81,0.0,100,100,0,143.99999999999997,132.68268720496891,0.03384942443064182,10.811428571428571,0.4719999999999999,True,True,True,False,0.0,0.0,107.37601649295614,49.3643339823617,4557.134985901358,-25.8816126445997,4687.993723732076
2026-06-10T18:15:00Z,2026-06-10T18:30:00Z,2026-06-10,2026-06-10_82,0.0,100,100,0,132.68268720496891,114.35225242236022,0.050917874396135265,16.864,0.0,True,True,True,False,0.0,0.0,107.37601649295614,49.3643339823617,6436.404132401787,0.0,6593.144482877105
2026-06-10T18:30:00Z,2026-06-10T18:45:00Z,2026-06-10,2026-06-10_83,0.0,100,100,0,114.35225242236022,107.1988362732919,0.01987060041407867,6.581142857142856,0.0,True,True,True,False,0.0,0.0,107.37601649295614,49.3643339823617,2066.7547359981672,0.0,2223.495086473485
2026-06-10T18:45:00Z,2026-06-10T19:00:00Z,2026-06-10,2026-06-10_84,0.0,100,100,0,107.1988362732919,88.0932462111801,0.05307108350586612,17.577142857142857,0.0,True,True,True,False,0.0,0.0,107.37601649295614,49.3643339823617,14103.222863251362,0.0,14259.96321372668
2026-06-10T19:00:00Z,2026-06-10T19:15:00Z,2026-06-10,2026-06-10_85,22.0,0,0,78,88.0932462111801,82.11498534161488,0.016606280193236712,0.0,0.0,True,False,True,False,1161.71,776.113847211087,0.0,0.0,0.0,0.0,1937.823847211087
2026-06-10T19:15:00Z,2026-06-10T19:30:00Z,2026-06-10,2026-06-10_86,22.0,0,0,78,82.11498534161488,76.13672447204966,0.016606280193236712,0.0,0.0,True,False,True,False,1067.715,776.113847211087,0.0,0.0,0.0,0.0,1843.828847211087
2026-06-10T19:30:00Z,2026-06-10T19:45:00Z,2026-06-10,2026-06-10_87,22.0,0,0,78,76.13672447204966,70.15846360248445,0.016606280193236712,0.0,0.0,True,False,True,False,997.425,776.113847211087,0.0,0.0,0.0,0.0,1773.538847211087
2026-06-10T19:45:00Z,2026-06-10T20:00:00Z,2026-06-10,2026-06-10_88,21.383146057142874,0,0,78,70.15846360248445,64.34782608695649,0.01614065976535543,0.0,0.0,True,False,True,False,930.0599377554292,776.113847211087,0.0,0.0,0.0,0.0,1706.1737849665162
2026-06-10T20:00:00Z,2026-06-10T20:15:00Z,2026-06-10,2026-06-10_89,0.0,0,0,100,64.34782608695649,64.34782608695649,0.0,0.0,0.0,True,True,True,False,0.0,995.0177528347269,0.0,0.0,0.0,0.0,995.0177528347269
2026-06-10T20:15:00Z,2026-06-10T20:30:00Z,2026-06-10,2026-06-10_90,0.0,0,0,100,64.34782608695649,64.34782608695649,0.0,0.0,0.0,True,True,True,False,0.0,995.0177528347269,0.0,0.0,0.0,0.0,995.0177528347269
2026-06-10T20:30:00Z,2026-06-10T20:45:00Z,2026-06-10,2026-06-10_91,0.0,0,0,100,64.34782608695649,64.34782608695649,0.0,0.0,0.0,True,True,True,False,0.0,995.0177528347269,0.0,0.0,0.0,0.0,995.0177528347269
2026-06-10T20:45:00Z,2026-06-10T21:00:00Z,2026-06-10,2026-06-10_92,0.0,0,0,100,64.34782608695649,64.34782608695649,0.0,0.0,0.0,True,True,True,False,0.0,995.0177528347269,0.0,0.0,0.0,0.0,995.0177528347269
2026-06-10T21:00:00Z,2026-06-10T21:15:00Z,2026-06-11,2026-06-10_93,0.0,0,0,100,64.34782608695649,64.34782608695649,0.0,0.0,0.0,True,True,True,False,0.0,995.8161393856029,0.0,0.0,0.0,0.0,995.8161393856029
2026-06-10T21:15:00Z,2026-06-10T21:30:00Z,2026-06-11,2026-06-10_94,0.0,0,0,100,64.34782608695649,64.34782608695649,0.0,0.0,0.0,True,True,True,False,0.0,995.8161393856029,0.0,0.0,0.0,0.0,995.8161393856029
2026-06-10T21:30:00Z,2026-06-10T21:45:00Z,2026-06-11,2026-06-10_95,0.0,0,0,100,64.34782608695649,64.34782608695649,0.0,0.0,0.0,True,True,True,False,0.0,995.8161393856029,0.0,0.0,0.0,0.0,995.8161393856029
2026-06-10T21:45:00Z,2026-06-10T22:00:00Z,2026-06-11,2026-06-10_96,0.0,0,0,100,64.34782608695649,64.34782608695649,0.0,0.0,0.0,True,True,True,False,0.0,995.8161393856029,0.0,0.0,0.0,0.0,995.8161393856029
2026-06-10T22:00:00Z,2026-06-10T22:15:00Z,2026-06-11,2026-06-11_1,0.0,0,0,100,64.34782608695649,64.34782608695649,0.0,0.0,0.0,True,True,True,False,0.0,995.8161393856029,0.0,0.0,0.0,0.0,995.8161393856029
2026-06-10T22:15:00Z,2026-06-10T22:30:00Z,2026-06-11,2026-06-11_2,0.0,0,0,100,64.34782608695649,64.34782608695649,0.0,0.0,0.0,True,True,True,False,0.0,995.8161393856029,0.0,0.0,0.0,0.0,995.8161393856029
2026-06-10T22:30:00Z,2026-06-10T22:45:00Z,2026-06-11,2026-06-11_3,0.0,0,0,100,64.34782608695649,64.34782608695649,0.0,0.0,0.0,True,True,True,False,0.0,995.8161393856029,0.0,0.0,0.0,0.0,995.8161393856029
2026-06-10T22:45:00Z,2026-06-10T23:00:00Z,2026-06-11,2026-06-11_4,0.0,0,0,100,64.34782608695649,64.34782608695649,0.0,0.0,0.0,True,True,True,False,0.0,995.8161393856029,0.0,0.0,0.0,0.0,995.8161393856029
2026-06-10T23:00:00Z,2026-06-10T23:15:00Z,2026-06-11,2026-06-11_5,0.0,0,0,100,64.34782608695649,64.34782608695649,0.0,0.0,0.0,True,True,True,False,0.0,995.8161393856029,0.0,0.0,0.0,0.0,995.8161393856029
2026-06-10T23:15:00Z,2026-06-10T23:30:00Z,2026-06-11,2026-06-11_6,0.0,0,0,100,64.34782608695649,64.34782608695649,0.0,0.0,0.0,True,True,True,False,0.0,995.8161393856029,0.0,0.0,0.0,0.0,995.8161393856029
2026-06-10T23:30:00Z,2026-06-10T23:45:00Z,2026-06-11,2026-06-11_7,0.0,0,0,100,64.34782608695649,64.34782608695649,0.0,0.0,0.0,True,True,True,False,0.0,995.8161393856029,0.0,0.0,0.0,0.0,995.8161393856029
2026-06-10T23:45:00Z,2026-06-11T00:00:00Z,2026-06-11,2026-06-11_8,0.0,0,0,100,64.34782608695649,64.34782608695649,0.0,0.0,0.0,True,True,True,False,0.0,995.8161393856029,0.0,0.0,0.0,0.0,995.8161393856029
2026-06-11T00:00:00Z,2026-06-11T00:15:00Z,2026-06-11,2026-06-11_9,0.0,0,0,100,64.34782608695649,64.34782608695649,0.0,0.0,0.0,True,True,True,False,0.0,995.8161393856029,0.0,0.0,0.0,0.0,995.8161393856029
2026-06-11T00:15:00Z,2026-06-11T00:30:00Z,2026-06-11,2026-06-11_10,0.0,0,0,100,64.34782608695649,64.34782608695649,0.0,0.0,0.0,True,True,True,False,0.0,995.8161393856029,0.0,0.0,0.0,0.0,995.8161393856029
2026-06-11T00:30:00Z,2026-06-11T00:45:00Z,2026-06-11,2026-06-11_11,0.0,0,0,100,64.34782608695649,64.34782608695649,0.0,0.0,0.0,True,True,True,False,0.0,995.8161393856029,0.0,0.0,0.0,0.0,995.8161393856029
2026-06-11T00:45:00Z,2026-06-11T01:00:00Z,2026-06-11,2026-06-11_12,0.0,0,0,100,64.34782608695649,64.34782608695649,0.0,0.0,0.0,True,True,True,False,0.0,995.8161393856029,0.0,0.0,0.0,0.0,995.8161393856029
2026-06-11T01:00:00Z,2026-06-11T01:15:00Z,2026-06-11,2026-06-11_13,0.0,0,0,100,64.34782608695649,64.34782608695649,0.0,0.0,0.0,True,True,True,False,0.0,995.8161393856029,0.0,0.0,0.0,0.0,995.8161393856029
2026-06-11T01:15:00Z,2026-06-11T01:30:00Z,2026-06-11,2026-06-11_14,0.0,0,0,100,64.34782608695649,64.34782608695649,0.0,0.0,0.0,True,True,True,False,0.0,995.8161393856029,0.0,0.0,0.0,0.0,995.8161393856029
2026-06-11T01:30:00Z,2026-06-11T01:45:00Z,2026-06-11,2026-06-11_15,0.0,0,0,100,64.34782608695649,64.34782608695649,0.0,0.0,0.0,True,True,True,False,0.0,995.8161393856029,0.0,0.0,0.0,0.0,995.8161393856029
2026-06-11T01:45:00Z,2026-06-11T02:00:00Z,2026-06-11,2026-06-11_16,0.0,0,0,100,64.34782608695649,64.34782608695649,0.0,0.0,0.0,True,True,True,False,0.0,995.8161393856029,0.0,0.0,0.0,0.0,995.8161393856029
2026-06-11T02:00:00Z,2026-06-11T02:15:00Z,2026-06-11,2026-06-11_17,0.0,0,0,100,64.34782608695649,64.34782608695649,0.0,0.0,0.0,True,True,True,False,0.0,995.8161393856029,0.0,0.0,0.0,0.0,995.8161393856029
2026-06-11T02:15:00Z,2026-06-11T02:30:00Z,2026-06-11,2026-06-11_18,0.0,0,0,100,64.34782608695649,64.34782608695649,0.0,0.0,0.0,True,True,True,False,0.0,995.8161393856029,0.0,0.0,0.0,0.0,995.8161393856029
2026-06-11T02:30:00Z,2026-06-11T02:45:00Z,2026-06-11,2026-06-11_19,0.0,0,0,100,64.34782608695649,64.34782608695649,0.0,0.0,0.0,True,True,True,False,0.0,995.8161393856029,0.0,0.0,0.0,0.0,995.8161393856029
2026-06-11T02:45:00Z,2026-06-11T03:00:00Z,2026-06-11,2026-06-11_20,0.0,0,0,100,64.34782608695649,64.34782608695649,0.0,0.0,0.0,True,True,True,False,0.0,995.8161393856029,0.0,0.0,0.0,0.0,995.8161393856029
2026-06-11T03:00:00Z,2026-06-11T03:15:00Z,2026-06-11,2026-06-11_21,0.0,0,0,100,64.34782608695649,64.34782608695649,0.0,0.0,0.0,True,True,True,False,0.0,995.8161393856029,0.0,0.0,0.0,0.0,995.8161393856029
2026-06-11T03:15:00Z,2026-06-11T03:30:00Z,2026-06-11,2026-06-11_22,0.0,0,0,100,64.34782608695649,64.34782608695649,0.0,0.0,0.0,True,True,True,False,0.0,995.8161393856029,0.0,0.0,0.0,0.0,995.8161393856029
2026-06-11T03:30:00Z,2026-06-11T03:45:00Z,2026-06-11,2026-06-11_23,0.0,0,0,100,64.34782608695649,64.34782608695649,0.0,0.0,0.0,True,True,True,False,0.0,995.8161393856029,0.0,0.0,0.0,0.0,995.8161393856029
2026-06-11T03:45:00Z,2026-06-11T04:00:00Z,2026-06-11,2026-06-11_24,0.0,0,0,100,64.34782608695649,64.34782608695649,0.0,0.0,0.0,True,True,True,False,0.0,995.8161393856029,0.0,0.0,0.0,0.0,995.8161393856029
2026-06-11T04:00:00Z,2026-06-11T04:15:00Z,2026-06-11,2026-06-11_25,0.0,0,0,100,64.34782608695649,64.34782608695649,0.0,0.0,0.0,True,True,True,False,0.0,995.8161393856029,0.0,0.0,0.0,0.0,995.8161393856029
2026-06-11T04:15:00Z,2026-06-11T04:30:00Z,2026-06-11,2026-06-11_26,0.0,0,0,100,64.34782608695649,64.34782608695649,0.0,0.0,0.0,True,True,True,False,0.0,995.8161393856029,0.0,0.0,0.0,0.0,995.8161393856029
2026-06-11T04:30:00Z,2026-06-11T04:45:00Z,2026-06-11,2026-06-11_27,0.0,0,0,100,64.34782608695649,64.34782608695649,0.0,0.0,0.0,True,True,True,False,0.0,995.8161393856029,0.0,0.0,0.0,0.0,995.8161393856029
2026-06-11T04:45:00Z,2026-06-11T05:00:00Z,2026-06-11,2026-06-11_28,0.0,0,0,100,64.34782608695649,64.34782608695649,0.0,0.0,0.0,True,True,True,False,0.0,995.8161393856029,0.0,0.0,0.0,0.0,995.8161393856029
2026-06-11T05:00:00Z,2026-06-11T05:15:00Z,2026-06-11,2026-06-11_29,0.0,0,0,100,64.34782608695649,64.34782608695649,0.0,0.0,0.0,True,True,True,False,0.0,995.8161393856029,0.0,0.0,0.0,0.0,995.8161393856029
2026-06-11T05:15:00Z,2026-06-11T05:30:00Z,2026-06-11,2026-06-11_30,0.0,0,0,100,64.34782608695649,64.34782608695649,0.0,0.0,0.0,True,True,True,False,0.0,995.8161393856029,0.0,0.0,0.0,0.0,995.8161393856029
2026-06-11T05:30:00Z,2026-06-11T05:45:00Z,2026-06-11,2026-06-11_31,0.0,0,0,100,64.34782608695649,64.34782608695649,0.0,0.0,0.0,True,True,True,False,0.0,995.8161393856029,0.0,0.0,0.0,0.0,995.8161393856029
2026-06-11T05:45:00Z,2026-06-11T06:00:00Z,2026-06-11,2026-06-11_32,0.0,0,0,100,64.34782608695649,64.34782608695649,0.0,0.0,0.0,True,True,True,False,0.0,995.8161393856029,0.0,0.0,0.0,0.0,995.8161393856029
2026-06-11T06:00:00Z,2026-06-11T06:15:00Z,2026-06-11,2026-06-11_33,0.0,0,0,100,64.34782608695649,64.34782608695649,0.0,0.0,0.0,True,True,True,False,0.0,995.8161393856029,0.0,0.0,0.0,0.0,995.8161393856029
2026-06-11T06:15:00Z,2026-06-11T06:30:00Z,2026-06-11,2026-06-11_34,0.0,0,0,100,64.34782608695649,64.34782608695649,0.0,0.0,0.0,True,True,True,False,0.0,995.8161393856029,0.0,0.0,0.0,0.0,995.8161393856029
2026-06-11T06:30:00Z,2026-06-11T06:45:00Z,2026-06-11,2026-06-11_35,0.0,0,0,100,64.34782608695649,64.34782608695649,0.0,0.0,0.0,True,True,True,False,0.0,995.8161393856029,0.0,0.0,0.0,0.0,995.8161393856029
2026-06-11T06:45:00Z,2026-06-11T07:00:00Z,2026-06-11,2026-06-11_36,0.0,0,0,100,64.34782608695649,64.34782608695649,0.0,0.0,0.0,True,True,True,False,0.0,995.8161393856029,0.0,0.0,0.0,0.0,995.8161393856029
2026-06-11T07:00:00Z,2026-06-11T07:15:00Z,2026-06-11,2026-06-11_37,100.0,0,0,0,64.34782608695649,37.17391304347823,0.0754830917874396,0.0,0.0,True,True,True,False,2752.5,0.0,0.0,0.0,0.0,0.0,2752.5
2026-06-11T07:15:00Z,2026-06-11T07:30:00Z,2026-06-11,2026-06-11_38,69.28000000000003,0,0,0,37.17391304347823,18.347826086956484,0.05229468599033819,0.0,0.0,True,True,True,False,1484.1508000000006,0.0,0.0,0.0,0.0,0.0,1484.1508000000006
2026-06-11T07:30:00Z,2026-06-11T07:45:00Z,2026-06-11,2026-06-11_39,-100.0,0,0,0,18.347826086956484,41.34782608695649,0.0638888888888889,0.0,0.0,True,True,True,False,-15.75,0.0,0.0,0.0,0.0,0.0,-15.75
2026-06-11T07:45:00Z,2026-06-11T08:00:00Z,2026-06-11,2026-06-11_40,-100.0,0,0,0,41.34782608695649,64.34782608695649,0.0638888888888889,0.0,0.0,True,True,True,False,-0.0,0.0,0.0,0.0,0.0,0.0,0.0
2026-06-11T08:00:00Z,2026-06-11T08:15:00Z,2026-06-11,2026-06-11_41,0.0,0,0,100,64.34782608695649,64.34782608695649,0.0,0.0,0.0,True,True,True,False,0.0,995.8161393856029,0.0,0.0,0.0,0.0,995.8161393856029
2026-06-11T08:15:00Z,2026-06-11T08:30:00Z,2026-06-11,2026-06-11_42,0.0,0,0,100,64.34782608695649,64.34782608695649,0.0,0.0,0.0,True,True,True,False,0.0,995.8161393856029,0.0,0.0,0.0,0.0,995.8161393856029
2026-06-11T08:30:00Z,2026-06-11T08:45:00Z,2026-06-11,2026-06-11_43,0.0,0,0,100,64.34782608695649,64.34782608695649,0.0,0.0,0.0,True,True,True,False,0.0,995.8161393856029,0.0,0.0,0.0,0.0,995.8161393856029
2026-06-11T08:45:00Z,2026-06-11T09:00:00Z,2026-06-11,2026-06-11_44,0.0,0,0,100,64.34782608695649,64.34782608695649,0.0,0.0,0.0,True,True,True,False,0.0,995.8161393856029,0.0,0.0,0.0,0.0,995.8161393856029
2026-06-11T09:00:00Z,2026-06-11T09:15:00Z,2026-06-11,2026-06-11_45,0.0,100,100,0,64.34782608695649,79.44160894409934,0.0419271746031746,0.0,16.406285714285712,True,True,True,False,0.0,0.0,109.26753782668501,81.29871618523613,0.0,1893.8252267417738,2084.391480753695
2026-06-11T09:15:00Z,2026-06-11T09:30:00Z,2026-06-11,2026-06-11_46,0.0,100,100,0,79.44160894409934,94.75724322981362,0.04254342857142857,0.0,16.64742857142857,True,True,True,False,0.0,0.0,109.26753782668501,81.29871618523613,0.0,1619.2155875417566,1809.7818415536776
2026-06-11T09:30:00Z,2026-06-11T09:45:00Z,2026-06-11,2026-06-11_47,0.0,100,100,0,94.75724322981362,100.43022608695648,0.015758285714285714,0.0,6.166285714285714,True,True,True,False,0.0,0.0,109.26753782668501,81.29871618523613,0.0,-133.27772057378658,57.288533438134564
2026-06-11T09:45:00Z,2026-06-11T10:00:00Z,2026-06-11,2026-06-11_48,0.0,100,100,0,100.43022608695648,109.35159751552791,0.024781587301587304,0.0,9.697142857142858,True,True,True,False,0.0,0.0,109.26753782668501,81.29871618523613,0.0,68.26200192135543,258.8282559332766
2026-06-11T10:00:00Z,2026-06-11T10:15:00Z,2026-06-11,2026-06-11_49,0.0,0,0,100,109.35159751552791,109.35159751552791,0.0,0.0,0.0,True,False,True,False,0.0,995.8161393856029,0.0,0.0,0.0,0.0,995.8161393856029
2026-06-11T10:15:00Z,2026-06-11T10:30:00Z,2026-06-11,2026-06-11_50,0.0,0,0,100,109.35159751552791,109.35159751552791,0.0,0.0,0.0,True,False,True,False,0.0,995.8161393856029,0.0,0.0,0.0,0.0,995.8161393856029
2026-06-11T10:30:00Z,2026-06-11T10:45:00Z,2026-06-11,2026-06-11_51,0.0,0,0,100,109.35159751552791,109.35159751552791,0.0,0.0,0.0,True,False,True,False,0.0,995.8161393856029,0.0,0.0,0.0,0.0,995.8161393856029
2026-06-11T10:45:00Z,2026-06-11T11:00:00Z,2026-06-11,2026-06-11_52,0.0,0,0,100,109.35159751552791,109.35159751552791,0.0,0.0,0.0,True,False,True,False,0.0,995.8161393856029,0.0,0.0,0.0,0.0,995.8161393856029
2026-06-11T11:00:00Z,2026-06-11T11:15:00Z,2026-06-11,2026-06-11_53,0.0,0,0,100,109.35159751552791,109.35159751552791,0.0,0.0,0.0,True,True,True,False,0.0,995.8161393856029,0.0,0.0,0.0,0.0,995.8161393856029
2026-06-11T11:15:00Z,2026-06-11T11:30:00Z,2026-06-11,2026-06-11_54,0.0,0,0,100,109.35159751552791,109.35159751552791,0.0,0.0,0.0,True,True,True,False,0.0,995.8161393856029,0.0,0.0,0.0,0.0,995.8161393856029
2026-06-11T11:30:00Z,2026-06-11T11:45:00Z,2026-06-11,2026-06-11_55,0.0,0,0,100,109.35159751552791,109.35159751552791,0.0,0.0,0.0,True,True,True,False,0.0,995.8161393856029,0.0,0.0,0.0,0.0,995.8161393856029
2026-06-11T11:45:00Z,2026-06-11T12:00:00Z,2026-06-11,2026-06-11_56,0.0,0,0,100,109.35159751552791,109.35159751552791,0.0,0.0,0.0,True,True,True,False,0.0,995.8161393856029,0.0,0.0,0.0,0.0,995.8161393856029
2026-06-11T12:00:00Z,2026-06-11T12:15:00Z,2026-06-11,2026-06-11_57,0.0,0,0,100,109.35159751552791,109.35159751552791,0.0,0.0,0.0,True,True,True,False,0.0,995.8161393856029,0.0,0.0,0.0,0.0,995.8161393856029
2026-06-11T12:15:00Z,2026-06-11T12:30:00Z,2026-06-11,2026-06-11_58,0.0,0,0,100,109.35159751552791,109.35159751552791,0.0,0.0,0.0,True,True,True,False,0.0,995.8161393856029,0.0,0.0,0.0,0.0,995.8161393856029
2026-06-11T12:30:00Z,2026-06-11T12:45:00Z,2026-06-11,2026-06-11_59,0.0,0,0,100,109.35159751552791,109.35159751552791,0.0,0.0,0.0,True,True,True,False,0.0,995.8161393856029,0.0,0.0,0.0,0.0,995.8161393856029
2026-06-11T12:45:00Z,2026-06-11T13:00:00Z,2026-06-11,2026-06-11_60,0.0,0,0,100,109.35159751552791,109.35159751552791,0.0,0.0,0.0,True,True,True,False,0.0,995.8161393856029,0.0,0.0,0.0,0.0,995.8161393856029
2026-06-11T13:00:00Z,2026-06-11T13:15:00Z,2026-06-11,2026-06-11_61,-100.0,100,0,0,109.35159751552791,132.3515975155279,0.06388888888888888,0.0,0.0,True,True,True,False,-505.75,0.0,108.06396148555709,0.0,0.0,0.0,-397.6860385144429
2026-06-11T13:15:00Z,2026-06-11T13:30:00Z,2026-06-11,2026-06-11_62,-100.0,100,0,0,132.3515975155279,151.60430608695648,0.05347974603174604,4.073142857142857,0.0,True,True,True,False,-794.0,0.0,108.06396148555709,0.0,593.9027313814108,0.0,-92.03330713303208
2026-06-11T13:30:00Z,2026-06-11T13:45:00Z,2026-06-11,2026-06-11_63,-100.0,100,0,0,151.60430608695648,160.50990608695648,0.02473777777777778,15.32,0.0,True,True,True,False,-1195.75,0.0,108.06396148555709,0.0,8479.934922818278,0.0,7392.248884303835
2026-06-11T13:45:00Z,2026-06-11T14:00:00Z,2026-06-11,2026-06-11_64,-29.724102747481293,100,0,0,160.50990608695648,143.99999999999997,0.0496493805792858,22.506285714285713,0.0,True,True,True,False,-480.9359824542473,0.0,108.06396148555709,0.0,7851.917835855113,0.0,7479.045814886423
2026-06-11T14:00:00Z,2026-06-11T14:15:00Z,2026-06-11,2026-06-11_65,0.0,0,0,100,143.99999999999997,143.99999999999997,0.0,0.0,0.0,True,True,True,False,0.0,995.8161393856029,0.0,0.0,0.0,0.0,995.8161393856029
2026-06-11T14:15:00Z,2026-06-11T14:30:00Z,2026-06-11,2026-06-11_66,0.0,0,0,100,143.99999999999997,143.99999999999997,0.0,0.0,0.0,True,True,True,False,0.0,995.8161393856029,0.0,0.0,0.0,0.0,995.8161393856029
2026-06-11T14:30:00Z,2026-06-11T14:45:00Z,2026-06-11,2026-06-11_67,0.0,0,0,100,143.99999999999997,143.99999999999997,0.0,0.0,0.0,True,True,True,False,0.0,995.8161393856029,0.0,0.0,0.0,0.0,995.8161393856029
2026-06-11T14:45:00Z,2026-06-11T15:00:00Z,2026-06-11,2026-06-11_68,0.0,0,0,100,143.99999999999997,143.99999999999997,0.0,0.0,0.0,True,True,True,False,0.0,995.8161393856029,0.0,0.0,0.0,0.0,995.8161393856029
2026-06-11T15:00:00Z,2026-06-11T15:15:00Z,2026-06-11,2026-06-11_69,0.0,0,0,100,143.99999999999997,143.99999999999997,0.0,0.0,0.0,True,True,True,False,0.0,995.8161393856029,0.0,0.0,0.0,0.0,995.8161393856029
2026-06-11T15:15:00Z,2026-06-11T15:30:00Z,2026-06-11,2026-06-11_70,0.0,0,0,100,143.99999999999997,143.99999999999997,0.0,0.0,0.0,True,True,True,False,0.0,995.8161393856029,0.0,0.0,0.0,0.0,995.8161393856029
2026-06-11T15:30:00Z,2026-06-11T15:45:00Z,2026-06-11,2026-06-11_71,0.0,0,0,100,143.99999999999997,143.99999999999997,0.0,0.0,0.0,True,True,True,False,0.0,995.8161393856029,0.0,0.0,0.0,0.0,995.8161393856029
2026-06-11T15:45:00Z,2026-06-11T16:00:00Z,2026-06-11,2026-06-11_72,0.0,0,0,100,143.99999999999997,143.99999999999997,0.0,0.0,0.0,True,True,True,False,0.0,995.8161393856029,0.0,0.0,0.0,0.0,995.8161393856029
2026-06-11T16:00:00Z,2026-06-11T16:15:00Z,2026-06-11,2026-06-11_73,-57.0,100,43,0,143.99999999999997,146.99089500621116,0.03480096783988958,10.202857142857143,0.0,True,True,True,False,-1718.835,0.0,108.80903255387437,19.666437414030263,3029.3874178511383,0.0,1439.027887819043
2026-06-11T16:15:00Z,2026-06-11T16:30:00Z,2026-06-11,2026-06-11_74,-56.93632120509663,100,43,0,146.99089500621116,146.28300159999995,0.03422168221160382,13.916,0.0,True,True,True,False,-1849.2917127415385,0.0,108.80903255387437,19.666437414030263,7733.222012838147,0.0,6012.405770064513
2026-06-11T16:30:00Z,2026-06-11T16:45:00Z,2026-06-11,2026-06-11_75,0.0,100,43,0,146.28300159999995,139.034554395031,0.020134575569358177,6.668571428571428,0.0,True,True,True,False,0.0,0.0,108.80903255387437,19.666437414030263,1968.1764197288269,0.0,2096.6518896967314
2026-06-11T16:45:00Z,2026-06-11T17:00:00Z,2026-06-11,2026-06-11_76,0.0,100,43,0,139.034554395031,137.70124223602477,0.0037187153623188395,1.2291428571428569,0.0029485714285714284,True,True,True,False,0.0,0.0,108.80903255387437,19.666437414030263,259.10906268422076,-0.20016138075587872,387.3843712713695
2026-06-11T17:00:00Z,2026-06-11T17:15:00Z,2026-06-11,2026-06-11_77,100.0,0,100,0,137.70124223602477,120.08633540372664,0.048930296756383704,0.0,8.794285714285714,True,True,True,False,3888.25,0.0,0.0,46.22306281522238,0.0,79.72887600707408,4014.2019388222966
2026-06-11T17:15:00Z,2026-06-11T17:30:00Z,2026-06-11,2026-06-11_78,100.0,0,100,0,120.08633540372664,113.84285714285707,0.017342995169082123,0.0,19.256,True,True,True,False,4153.75,0.0,0.0,46.22306281522238,0.0,868.5359498700902,5068.509012685313
2026-06-11T17:30:00Z,2026-06-11T17:45:00Z,2026-06-11,2026-06-11_79,100.0,0,100,0,113.84285714285707,91.36149068322975,0.06244824016563147,0.0,4.317142857142857,True,True,True,False,3844.75,0.0,0.0,46.22306281522238,0.0,-161.72543012161304,3729.2476326936094
2026-06-11T17:45:00Z,2026-06-11T18:00:00Z,2026-06-11,2026-06-11_80,100.0,0,100,0,91.36149068322975,64.34782608695645,0.07503795721187026,0.0,0.1474285714285714,True,True,True,False,4186.25,0.0,0.0,46.22306281522238,0.0,-9.422934433745986,4223.0501283814765
2026-06-11T18:00:00Z,2026-06-11T18:15:00Z,2026-06-11,2026-06-11_81,0.0,0,0,100,64.34782608695645,64.34782608695645,0.0,0.0,0.0,True,True,True,False,0.0,995.8161393856029,0.0,0.0,0.0,0.0,995.8161393856029
2026-06-11T18:15:00Z,2026-06-11T18:30:00Z,2026-06-11,2026-06-11_82,0.0,0,0,100,64.34782608695645,64.34782608695645,0.0,0.0,0.0,True,True,True,False,0.0,995.8161393856029,0.0,0.0,0.0,0.0,995.8161393856029
2026-06-11T18:30:00Z,2026-06-11T18:45:00Z,2026-06-11,2026-06-11_83,0.0,0,0,100,64.34782608695645,64.34782608695645,0.0,0.0,0.0,True,True,True,False,0.0,995.8161393856029,0.0,0.0,0.0,0.0,995.8161393856029
2026-06-11T18:45:00Z,2026-06-11T19:00:00Z,2026-06-11,2026-06-11_84,0.0,0,0,100,64.34782608695645,64.34782608695645,0.0,0.0,0.0,True,True,True,False,0.0,995.8161393856029,0.0,0.0,0.0,0.0,995.8161393856029
2026-06-11T19:00:00Z,2026-06-11T19:15:00Z,2026-06-11,2026-06-11_85,0.0,0,0,100,64.34782608695645,64.34782608695645,0.0,0.0,0.0,True,True,True,False,0.0,995.8161393856029,0.0,0.0,0.0,0.0,995.8161393856029
2026-06-11T19:15:00Z,2026-06-11T19:30:00Z,2026-06-11,2026-06-11_86,0.0,0,0,100,64.34782608695645,64.34782608695645,0.0,0.0,0.0,True,True,True,False,0.0,995.8161393856029,0.0,0.0,0.0,0.0,995.8161393856029
2026-06-11T19:30:00Z,2026-06-11T19:45:00Z,2026-06-11,2026-06-11_87,0.0,0,0,100,64.34782608695645,64.34782608695645,0.0,0.0,0.0,True,True,True,False,0.0,995.8161393856029,0.0,0.0,0.0,0.0,995.8161393856029
2026-06-11T19:45:00Z,2026-06-11T20:00:00Z,2026-06-11,2026-06-11_88,0.0,0,0,100,64.34782608695645,64.34782608695645,0.0,0.0,0.0,True,True,True,False,0.0,995.8161393856029,0.0,0.0,0.0,0.0,995.8161393856029
2026-06-11T20:00:00Z,2026-06-11T20:15:00Z,2026-06-11,2026-06-11_89,0.0,0,0,100,64.34782608695645,64.34782608695645,0.0,0.0,0.0,True,True,True,False,0.0,995.8161393856029,0.0,0.0,0.0,0.0,995.8161393856029
2026-06-11T20:15:00Z,2026-06-11T20:30:00Z,2026-06-11,2026-06-11_90,0.0,0,0,100,64.34782608695645,64.34782608695645,0.0,0.0,0.0,True,True,True,False,0.0,995.8161393856029,0.0,0.0,0.0,0.0,995.8161393856029
2026-06-11T20:30:00Z,2026-06-11T20:45:00Z,2026-06-11,2026-06-11_91,0.0,0,0,100,64.34782608695645,64.34782608695645,0.0,0.0,0.0,True,True,True,False,0.0,995.8161393856029,0.0,0.0,0.0,0.0,995.8161393856029
2026-06-11T20:45:00Z,2026-06-11T21:00:00Z,2026-06-11,2026-06-11_92,0.0,0,0,100,64.34782608695645,64.34782608695645,0.0,0.0,0.0,True,True,True,False,0.0,995.8161393856029,0.0,0.0,0.0,0.0,995.8161393856029
2026-06-11T21:00:00Z,2026-06-11T21:15:00Z,2026-06-12,2026-06-11_93,0.0,0,0,100,64.34782608695645,64.34782608695645,0.0,0.0,0.0,True,True,True,False,0.0,994.9417827829739,0.0,0.0,0.0,0.0,994.9417827829739
2026-06-11T21:15:00Z,2026-06-11T21:30:00Z,2026-06-12,2026-06-11_94,0.0,0,0,100,64.34782608695645,64.34782608695645,0.0,0.0,0.0,True,True,True,False,0.0,994.9417827829739,0.0,0.0,0.0,0.0,994.9417827829739
2026-06-11T21:30:00Z,2026-06-11T21:45:00Z,2026-06-12,2026-06-11_95,0.0,0,0,100,64.34782608695645,64.34782608695645,0.0,0.0,0.0,True,True,True,False,0.0,994.9417827829739,0.0,0.0,0.0,0.0,994.9417827829739
2026-06-11T21:45:00Z,2026-06-11T22:00:00Z,2026-06-12,2026-06-11_96,0.0,0,0,100,64.34782608695645,64.34782608695645,0.0,0.0,0.0,True,True,True,False,0.0,994.9417827829739,0.0,0.0,0.0,0.0,994.9417827829739
2026-06-11T22:00:00Z,2026-06-11T22:15:00Z,2026-06-12,2026-06-12_1,0.0,0,0,100,64.34782608695645,64.34782608695645,0.0,0.0,0.0,True,True,True,False,0.0,994.9417827829739,0.0,0.0,0.0,0.0,994.9417827829739
2026-06-11T22:15:00Z,2026-06-11T22:30:00Z,2026-06-12,2026-06-12_2,0.0,0,0,100,64.34782608695645,64.34782608695645,0.0,0.0,0.0,True,True,True,False,0.0,994.9417827829739,0.0,0.0,0.0,0.0,994.9417827829739
2026-06-11T22:30:00Z,2026-06-11T22:45:00Z,2026-06-12,2026-06-12_3,0.0,0,0,100,64.34782608695645,64.34782608695645,0.0,0.0,0.0,True,True,True,False,0.0,994.9417827829739,0.0,0.0,0.0,0.0,994.9417827829739
2026-06-11T22:45:00Z,2026-06-11T23:00:00Z,2026-06-12,2026-06-12_4,0.0,0,0,100,64.34782608695645,64.34782608695645,0.0,0.0,0.0,True,True,True,False,0.0,994.9417827829739,0.0,0.0,0.0,0.0,994.9417827829739
2026-06-11T23:00:00Z,2026-06-11T23:15:00Z,2026-06-12,2026-06-12_5,0.0,0,0,100,64.34782608695645,64.34782608695645,0.0,0.0,0.0,True,True,True,False,0.0,994.9417827829739,0.0,0.0,0.0,0.0,994.9417827829739
2026-06-11T23:15:00Z,2026-06-11T23:30:00Z,2026-06-12,2026-06-12_6,0.0,0,0,100,64.34782608695645,64.34782608695645,0.0,0.0,0.0,True,True,True,False,0.0,994.9417827829739,0.0,0.0,0.0,0.0,994.9417827829739
2026-06-11T23:30:00Z,2026-06-11T23:45:00Z,2026-06-12,2026-06-12_7,0.0,0,0,100,64.34782608695645,64.34782608695645,0.0,0.0,0.0,True,True,True,False,0.0,994.9417827829739,0.0,0.0,0.0,0.0,994.9417827829739
2026-06-11T23:45:00Z,2026-06-12T00:00:00Z,2026-06-12,2026-06-12_8,0.0,0,0,100,64.34782608695645,64.34782608695645,0.0,0.0,0.0,True,True,True,False,0.0,994.9417827829739,0.0,0.0,0.0,0.0,994.9417827829739
2026-06-12T00:00:00Z,2026-06-12T00:15:00Z,2026-06-12,2026-06-12_9,0.0,0,0,100,64.34782608695645,64.34782608695645,0.0,0.0,0.0,True,True,True,False,0.0,994.9417827829739,0.0,0.0,0.0,0.0,994.9417827829739
2026-06-12T00:15:00Z,2026-06-12T00:30:00Z,2026-06-12,2026-06-12_10,0.0,0,0,100,64.34782608695645,64.34782608695645,0.0,0.0,0.0,True,True,True,False,0.0,994.9417827829739,0.0,0.0,0.0,0.0,994.9417827829739
2026-06-12T00:30:00Z,2026-06-12T00:45:00Z,2026-06-12,2026-06-12_11,0.0,0,0,100,64.34782608695645,64.34782608695645,0.0,0.0,0.0,True,True,True,False,0.0,994.9417827829739,0.0,0.0,0.0,0.0,994.9417827829739
2026-06-12T00:45:00Z,2026-06-12T01:00:00Z,2026-06-12,2026-06-12_12,0.0,0,0,100,64.34782608695645,64.34782608695645,0.0,0.0,0.0,True,True,True,False,0.0,994.9417827829739,0.0,0.0,0.0,0.0,994.9417827829739
2026-06-12T01:00:00Z,2026-06-12T01:15:00Z,2026-06-12,2026-06-12_13,0.0,0,0,100,64.34782608695645,64.34782608695645,0.0,0.0,0.0,True,True,True,False,0.0,994.9417827829739,0.0,0.0,0.0,0.0,994.9417827829739
2026-06-12T01:15:00Z,2026-06-12T01:30:00Z,2026-06-12,2026-06-12_14,0.0,0,0,100,64.34782608695645,64.34782608695645,0.0,0.0,0.0,True,True,True,False,0.0,994.9417827829739,0.0,0.0,0.0,0.0,994.9417827829739
2026-06-12T01:30:00Z,2026-06-12T01:45:00Z,2026-06-12,2026-06-12_15,0.0,0,0,100,64.34782608695645,64.34782608695645,0.0,0.0,0.0,True,True,True,False,0.0,994.9417827829739,0.0,0.0,0.0,0.0,994.9417827829739
2026-06-12T01:45:00Z,2026-06-12T02:00:00Z,2026-06-12,2026-06-12_16,0.0,0,0,100,64.34782608695645,64.34782608695645,0.0,0.0,0.0,True,True,True,False,0.0,994.9417827829739,0.0,0.0,0.0,0.0,994.9417827829739
2026-06-12T02:00:00Z,2026-06-12T02:15:00Z,2026-06-12,2026-06-12_17,0.0,0,0,100,64.34782608695645,64.34782608695645,0.0,0.0,0.0,True,True,True,False,0.0,994.9417827829739,0.0,0.0,0.0,0.0,994.9417827829739
2026-06-12T02:15:00Z,2026-06-12T02:30:00Z,2026-06-12,2026-06-12_18,0.0,0,0,100,64.34782608695645,64.34782608695645,0.0,0.0,0.0,True,True,True,False,0.0,994.9417827829739,0.0,0.0,0.0,0.0,994.9417827829739
2026-06-12T02:30:00Z,2026-06-12T02:45:00Z,2026-06-12,2026-06-12_19,0.0,0,0,100,64.34782608695645,64.34782608695645,0.0,0.0,0.0,True,True,True,False,0.0,994.9417827829739,0.0,0.0,0.0,0.0,994.9417827829739
2026-06-12T02:45:00Z,2026-06-12T03:00:00Z,2026-06-12,2026-06-12_20,0.0,0,0,100,64.34782608695645,64.34782608695645,0.0,0.0,0.0,True,True,True,False,0.0,994.9417827829739,0.0,0.0,0.0,0.0,994.9417827829739
2026-06-12T03:00:00Z,2026-06-12T03:15:00Z,2026-06-12,2026-06-12_21,0.0,0,0,100,64.34782608695645,64.34782608695645,0.0,0.0,0.0,True,True,True,False,0.0,994.9417827829739,0.0,0.0,0.0,0.0,994.9417827829739
2026-06-12T03:15:00Z,2026-06-12T03:30:00Z,2026-06-12,2026-06-12_22,0.0,0,0,100,64.34782608695645,64.34782608695645,0.0,0.0,0.0,True,True,True,False,0.0,994.9417827829739,0.0,0.0,0.0,0.0,994.9417827829739
2026-06-12T03:30:00Z,2026-06-12T03:45:00Z,2026-06-12,2026-06-12_23,0.0,0,0,100,64.34782608695645,64.34782608695645,0.0,0.0,0.0,True,True,True,False,0.0,994.9417827829739,0.0,0.0,0.0,0.0,994.9417827829739
2026-06-12T03:45:00Z,2026-06-12T04:00:00Z,2026-06-12,2026-06-12_24,0.0,0,0,100,64.34782608695645,64.34782608695645,0.0,0.0,0.0,True,True,True,False,0.0,994.9417827829739,0.0,0.0,0.0,0.0,994.9417827829739
2026-06-12T04:00:00Z,2026-06-12T04:15:00Z,2026-06-12,2026-06-12_25,0.0,0,0,100,64.34782608695645,64.34782608695645,0.0,0.0,0.0,True,True,True,False,0.0,994.9417827829739,0.0,0.0,0.0,0.0,994.9417827829739
2026-06-12T04:15:00Z,2026-06-12T04:30:00Z,2026-06-12,2026-06-12_26,0.0,0,0,100,64.34782608695645,64.34782608695645,0.0,0.0,0.0,True,True,True,False,0.0,994.9417827829739,0.0,0.0,0.0,0.0,994.9417827829739
2026-06-12T04:30:00Z,2026-06-12T04:45:00Z,2026-06-12,2026-06-12_27,0.0,0,0,100,64.34782608695645,64.34782608695645,0.0,0.0,0.0,True,True,True,False,0.0,994.9417827829739,0.0,0.0,0.0,0.0,994.9417827829739
2026-06-12T04:45:00Z,2026-06-12T05:00:00Z,2026-06-12,2026-06-12_28,0.0,0,0,100,64.34782608695645,64.34782608695645,0.0,0.0,0.0,True,True,True,False,0.0,994.9417827829739,0.0,0.0,0.0,0.0,994.9417827829739
2026-06-12T05:00:00Z,2026-06-12T05:15:00Z,2026-06-12,2026-06-12_29,0.0,0,0,100,64.34782608695645,64.34782608695645,0.0,0.0,0.0,True,True,True,False,0.0,994.9417827829739,0.0,0.0,0.0,0.0,994.9417827829739
2026-06-12T05:15:00Z,2026-06-12T05:30:00Z,2026-06-12,2026-06-12_30,0.0,0,0,100,64.34782608695645,64.34782608695645,0.0,0.0,0.0,True,True,True,False,0.0,994.9417827829739,0.0,0.0,0.0,0.0,994.9417827829739
2026-06-12T05:30:00Z,2026-06-12T05:45:00Z,2026-06-12,2026-06-12_31,0.0,0,0,100,64.34782608695645,64.34782608695645,0.0,0.0,0.0,True,True,True,False,0.0,994.9417827829739,0.0,0.0,0.0,0.0,994.9417827829739
2026-06-12T05:45:00Z,2026-06-12T06:00:00Z,2026-06-12,2026-06-12_32,0.0,0,0,100,64.34782608695645,64.34782608695645,0.0,0.0,0.0,True,True,True,False,0.0,994.9417827829739,0.0,0.0,0.0,0.0,994.9417827829739
2026-06-12T06:00:00Z,2026-06-12T06:15:00Z,2026-06-12,2026-06-12_33,0.0,0,0,100,64.34782608695645,64.34782608695645,0.0,0.0,0.0,True,False,True,False,0.0,994.9417827829739,0.0,0.0,0.0,0.0,994.9417827829739
2026-06-12T06:15:00Z,2026-06-12T06:30:00Z,2026-06-12,2026-06-12_34,0.0,0,0,100,64.34782608695645,64.34782608695645,0.0,0.0,0.0,True,False,True,False,0.0,994.9417827829739,0.0,0.0,0.0,0.0,994.9417827829739
2026-06-12T06:30:00Z,2026-06-12T06:45:00Z,2026-06-12,2026-06-12_35,0.0,0,0,100,64.34782608695645,64.34782608695645,0.0,0.0,0.0,True,False,True,False,0.0,994.9417827829739,0.0,0.0,0.0,0.0,994.9417827829739
2026-06-12T06:45:00Z,2026-06-12T07:00:00Z,2026-06-12,2026-06-12_36,0.0,0,0,100,64.34782608695645,64.34782608695645,0.0,0.0,0.0,True,False,True,False,0.0,994.9417827829739,0.0,0.0,0.0,0.0,994.9417827829739
2026-06-12T07:00:00Z,2026-06-12T07:15:00Z,2026-06-12,2026-06-12_37,0.0,0,0,100,64.34782608695645,64.34782608695645,0.0,0.0,0.0,True,False,True,False,0.0,994.9417827829739,0.0,0.0,0.0,0.0,994.9417827829739
2026-06-12T07:15:00Z,2026-06-12T07:30:00Z,2026-06-12,2026-06-12_38,0.0,0,0,100,64.34782608695645,64.34782608695645,0.0,0.0,0.0,True,False,True,False,0.0,994.9417827829739,0.0,0.0,0.0,0.0,994.9417827829739
2026-06-12T07:30:00Z,2026-06-12T07:45:00Z,2026-06-12,2026-06-12_39,0.0,0,0,100,64.34782608695645,64.34782608695645,0.0,0.0,0.0,True,False,True,False,0.0,994.9417827829739,0.0,0.0,0.0,0.0,994.9417827829739
2026-06-12T07:45:00Z,2026-06-12T08:00:00Z,2026-06-12,2026-06-12_40,0.0,0,0,100,64.34782608695645,64.34782608695645,0.0,0.0,0.0,True,False,True,False,0.0,994.9417827829739,0.0,0.0,0.0,0.0,994.9417827829739
2026-06-12T08:00:00Z,2026-06-12T08:15:00Z,2026-06-12,2026-06-12_41,100.0,0,100,0,64.34782608695645,49.79440993788812,0.04042615596963423,0.0,11.610857142857142,True,True,True,False,2748.25,0.0,0.0,44.4932238976904,0.0,-133.9381850407657,2658.8050388569245
2026-06-12T08:15:00Z,2026-06-12T08:30:00Z,2026-06-12,2026-06-12_42,100.0,0,100,0,49.79440993788812,33.05900621118005,0.04648723257418909,0.0,9.603428571428573,True,True,True,False,2502.75,0.0,0.0,44.4932238976904,0.0,-64.8648450903935,2482.378378807297
2026-06-12T08:30:00Z,2026-06-12T08:45:00Z,2026-06-12,2026-06-12_43,0.0,0,100,0,33.05900621118005,35.815851925465765,0.0076579047619047625,0.0,2.9965714285714284,True,True,True,False,0.0,0.0,0.0,44.4932238976904,0.0,-111.09392479480817,-66.60070089711778
2026-06-12T08:45:00Z,2026-06-12T09:00:00Z,2026-06-12,2026-06-12_44,0.0,0,100,0,35.815851925465765,49.7273033540372,0.03864292063492064,0.0,15.121142857142859,True,True,True,False,0.0,0.0,0.0,44.4932238976904,0.0,466.25880926021875,510.7520331579092
2026-06-12T09:00:00Z,2026-06-12T09:15:00Z,2026-06-12,2026-06-12_45,21.52766406604659,77,100,0,49.7273033540372,51.43479769440986,0.026965264490537717,0.0,7.905714285714287,True,True,True,False,532.7020473143228,0.0,80.51269326207291,79.82439396831455,0.0,-130.245850625801,562.7932839189093
2026-06-12T09:15:00Z,2026-06-12T09:30:00Z,2026-06-12,2026-06-12_46,23.0,77,100,0,51.43479769440986,59.37076066583843,0.0362086273015873,0.0,14.801714285714285,True,True,True,False,578.1625,0.0,80.51269326207291,79.82439396831455,0.0,258.14709568347286,996.6466829138603
2026-06-12T09:30:00Z,2026-06-12T09:45:00Z,2026-06-12,2026-06-12_47,23.0,77,100,0,59.37076066583843,71.44043975155272,0.04170069587301587,0.0,19.11485714285714,True,True,True,False,565.8575,0.0,80.51269326207291,79.82439396831455,0.0,974.9963599378287,1701.190947168216
2026-06-12T09:45:00Z,2026-06-12T10:00:00Z,2026-06-12,2026-06-12_48,0.0,77,100,0,71.44043975155272,72.67423999999993,0.003453792960662526,0.0044,1.3462857142857143,True,True,True,False,0.0,0.0,80.51269326207291,79.82439396831455,0.6399694598205765,-65.31323076923078,95.66382592097726
2026-06-12T10:00:00Z,2026-06-12T10:15:00Z,2026-06-12,2026-06-12_49,0.0,0,0,100,72.67423999999993,72.67423999999993,0.0,0.0,0.0,True,True,True,False,0.0,994.9417827829739,0.0,0.0,0.0,0.0,994.9417827829739
2026-06-12T10:15:00Z,2026-06-12T10:30:00Z,2026-06-12,2026-06-12_50,0.0,0,0,100,72.67423999999993,72.67423999999993,0.0,0.0,0.0,True,True,True,False,0.0,994.9417827829739,0.0,0.0,0.0,0.0,994.9417827829739
2026-06-12T10:30:00Z,2026-06-12T10:45:00Z,2026-06-12,2026-06-12_51,0.0,0,0,100,72.67423999999993,72.67423999999993,0.0,0.0,0.0,True,True,True,False,0.0,994.9417827829739,0.0,0.0,0.0,0.0,994.9417827829739
2026-06-12T10:45:00Z,2026-06-12T11:00:00Z,2026-06-12,2026-06-12_52,0.0,0,0,100,72.67423999999993,72.67423999999993,0.0,0.0,0.0,True,True,True,False,0.0,994.9417827829739,0.0,0.0,0.0,0.0,994.9417827829739
2026-06-12T11:00:00Z,2026-06-12T11:15:00Z,2026-06-12,2026-06-12_53,0.0,0,0,100,72.67423999999993,72.67423999999993,0.0,0.0,0.0,True,False,True,False,0.0,994.9417827829739,0.0,0.0,0.0,0.0,994.9417827829739
2026-06-12T11:15:00Z,2026-06-12T11:30:00Z,2026-06-12,2026-06-12_54,0.0,0,0,100,72.67423999999993,72.67423999999993,0.0,0.0,0.0,True,False,True,False,0.0,994.9417827829739,0.0,0.0,0.0,0.0,994.9417827829739
2026-06-12T11:30:00Z,2026-06-12T11:45:00Z,2026-06-12,2026-06-12_55,0.0,0,0,100,72.67423999999993,72.67423999999993,0.0,0.0,0.0,True,False,True,False,0.0,994.9417827829739,0.0,0.0,0.0,0.0,994.9417827829739
2026-06-12T11:45:00Z,2026-06-12T12:00:00Z,2026-06-12,2026-06-12_56,0.0,0,0,100,72.67423999999993,72.67423999999993,0.0,0.0,0.0,True,False,True,False,0.0,994.9417827829739,0.0,0.0,0.0,0.0,994.9417827829739
2026-06-12T12:00:00Z,2026-06-12T12:15:00Z,2026-06-12,2026-06-12_57,0.0,0,0,100,72.67423999999993,72.67423999999993,0.0,0.0,0.0,True,True,True,False,0.0,994.9417827829739,0.0,0.0,0.0,0.0,994.9417827829739
2026-06-12T12:15:00Z,2026-06-12T12:30:00Z,2026-06-12,2026-06-12_58,0.0,0,0,100,72.67423999999993,72.67423999999993,0.0,0.0,0.0,True,True,True,False,0.0,994.9417827829739,0.0,0.0,0.0,0.0,994.9417827829739
2026-06-12T12:30:00Z,2026-06-12T12:45:00Z,2026-06-12,2026-06-12_59,0.0,0,0,100,72.67423999999993,72.67423999999993,0.0,0.0,0.0,True,True,True,False,0.0,994.9417827829739,0.0,0.0,0.0,0.0,994.9417827829739
2026-06-12T12:45:00Z,2026-06-12T13:00:00Z,2026-06-12,2026-06-12_60,0.0,0,0,100,72.67423999999993,72.67423999999993,0.0,0.0,0.0,True,True,True,False,0.0,994.9417827829739,0.0,0.0,0.0,0.0,994.9417827829739
2026-06-12T13:00:00Z,2026-06-12T13:15:00Z,2026-06-12,2026-06-12_61,-100.0,100,0,0,72.67423999999993,95.52441142857136,0.06347269841269841,0.16285714285714284,0.0,True,True,True,False,-1470.75,0.0,103.41668257301012,0.0,21.759877839282304,0.0,-1345.5734395877075
2026-06-12T13:15:00Z,2026-06-12T13:30:00Z,2026-06-12,2026-06-12_62,-100.0,100,0,0,95.52441142857136,118.00027428571421,0.06243295238095239,0.5697142857142857,0.0,True,True,True,False,-1435.75,0.0,103.41668257301012,0.0,76.12139721320864,0.0,-1256.2119202137812
2026-06-12T13:30:00Z,2026-06-12T13:45:00Z,2026-06-12,2026-06-12_63,-100.0,100,0,0,118.00027428571421,132.58516571428564,0.040513587301587294,9.146857142857144,0.0,True,True,True,False,-1623.0,0.0,103.41668257301012,0.0,1842.7381661712977,0.0,323.15484874430786
2026-06-12T13:45:00Z,2026-06-12T14:00:00Z,2026-06-12,2026-06-12_64,-100.0,100,0,0,132.58516571428564,143.99999999999991,0.03170787301587302,12.592571428571429,0.0,True,True,True,False,-1750.0,0.0,103.41668257301012,0.0,2117.8306328906824,0.0,471.24731546369253
2026-06-12T14:00:00Z,2026-06-12T14:15:00Z,2026-06-12,2026-06-12_65,0.0,0,0,100,143.99999999999991,143.99999999999991,0.0,0.0,0.0,True,True,True,False,0.0,994.9417827829739,0.0,0.0,0.0,0.0,994.9417827829739
2026-06-12T14:15:00Z,2026-06-12T14:30:00Z,2026-06-12,2026-06-12_66,0.0,0,0,100,143.99999999999991,143.99999999999991,0.0,0.0,0.0,True,True,True,False,0.0,994.9417827829739,0.0,0.0,0.0,0.0,994.9417827829739
2026-06-12T14:30:00Z,2026-06-12T14:45:00Z,2026-06-12,2026-06-12_67,0.0,0,0,100,143.99999999999991,143.99999999999991,0.0,0.0,0.0,True,True,True,False,0.0,994.9417827829739,0.0,0.0,0.0,0.0,994.9417827829739
2026-06-12T14:45:00Z,2026-06-12T15:00:00Z,2026-06-12,2026-06-12_68,0.0,0,0,100,143.99999999999991,143.99999999999991,0.0,0.0,0.0,True,True,True,False,0.0,994.9417827829739,0.0,0.0,0.0,0.0,994.9417827829739
2026-06-12T15:00:00Z,2026-06-12T15:15:00Z,2026-06-12,2026-06-12_69,0.0,100,100,0,143.99999999999991,144.02888248447195,0.0012983105590062111,0.2017142857142857,0.26971428571428574,True,True,True,False,0.0,0.0,105.56403893872877,43.31933575109754,30.64925171106809,-13.97191045183105,165.56071594906336
2026-06-12T15:15:00Z,2026-06-12T15:30:00Z,2026-06-12,2026-06-12_70,0.0,100,100,0,144.02888248447195,143.6701257142856,0.001198070393374741,0.36342857142857143,0.03942857142857143,True,True,True,False,0.0,0.0,105.56403893872877,43.31933575109754,57.2059047255474,-2.7911575273361877,203.2981218880375
2026-06-12T15:30:00Z,2026-06-12T15:45:00Z,2026-06-12,2026-06-12_71,0.0,100,100,0,143.6701257142856,163.6966857142856,0.055629333333333336,0.0,21.768,True,True,True,False,0.0,0.0,105.56403893872877,43.31933575109754,0.0,1427.7796984157283,1576.6630731055545
2026-06-12T15:45:00Z,2026-06-12T16:00:00Z,2026-06-12,2026-06-12_72,0.0,100,100,0,163.6966857142856,181.96630857142844,0.05074895238095238,0.0,19.858285714285714,True,True,True,False,0.0,0.0,105.56403893872877,43.31933575109754,0.0,1741.725929375835,1890.6093040656613
2026-06-12T16:00:00Z,2026-06-12T16:15:00Z,2026-06-12,2026-06-12_73,100.00000000000003,0,100,0,181.96630857142844,180.24953838509305,0.004768806073153926,0.0,23.420571428571428,True,True,True,False,2916.750000000001,0.0,0.0,43.66291276961252,0.0,14724.118518365009,17684.531431134623
2026-06-12T16:15:00Z,2026-06-12T16:30:00Z,2026-06-12,2026-06-12_74,100.0,0,100,0,180.24953838509305,158.28991105590052,0.06099896480331262,0.0,4.797142857142857,True,True,True,False,3122.25,0.0,0.0,43.66291276961252,0.0,-64.2601047091866,3101.6528080604257
2026-06-12T16:30:00Z,2026-06-12T16:45:00Z,2026-06-12,2026-06-12_75,100.0,0,100,0,158.28991105590052,131.52717813664586,0.07434092477570739,0.0,0.3782857142857143,True,True,True,False,3345.5,0.0,0.0,43.66291276961252,0.0,-20.160989501813322,3369.001923267799
2026-06-12T16:45:00Z,2026-06-12T17:00:00Z,2026-06-12,2026-06-12_76,100.0,0,100,0,131.52717813664586,104.35326509316761,0.0754830917874396,0.0,0.0,True,True,True,False,3305.5,0.0,0.0,43.66291276961252,0.0,0.0,3349.1629127696124
2026-06-12T17:00:00Z,2026-06-12T17:15:00Z,2026-06-12,2026-06-12_77,0.0,0,0,100,104.35326509316761,104.35326509316761,0.0,0.0,0.0,True,True,True,False,0.0,994.9417827829739,0.0,0.0,0.0,0.0,994.9417827829739
2026-06-12T17:15:00Z,2026-06-12T17:30:00Z,2026-06-12,2026-06-12_78,0.0,0,0,100,104.35326509316761,104.35326509316761,0.0,0.0,0.0,True,True,True,False,0.0,994.9417827829739,0.0,0.0,0.0,0.0,994.9417827829739
2026-06-12T17:30:00Z,2026-06-12T17:45:00Z,2026-06-12,2026-06-12_79,0.0,0,0,100,104.35326509316761,104.35326509316761,0.0,0.0,0.0,True,True,True,False,0.0,994.9417827829739,0.0,0.0,0.0,0.0,994.9417827829739
2026-06-12T17:45:00Z,2026-06-12T18:00:00Z,2026-06-12,2026-06-12_80,0.0,0,0,100,104.35326509316761,104.35326509316761,0.0,0.0,0.0,True,True,True,False,0.0,994.9417827829739,0.0,0.0,0.0,0.0,994.9417827829739
2026-06-12T18:00:00Z,2026-06-12T18:15:00Z,2026-06-12,2026-06-12_81,0.0,0,0,100,104.35326509316761,104.35326509316761,0.0,0.0,0.0,True,True,True,False,0.0,994.9417827829739,0.0,0.0,0.0,0.0,994.9417827829739
2026-06-12T18:15:00Z,2026-06-12T18:30:00Z,2026-06-12,2026-06-12_82,0.0,0,0,100,104.35326509316761,104.35326509316761,0.0,0.0,0.0,True,True,True,False,0.0,994.9417827829739,0.0,0.0,0.0,0.0,994.9417827829739
2026-06-12T18:30:00Z,2026-06-12T18:45:00Z,2026-06-12,2026-06-12_83,0.0,0,0,100,104.35326509316761,104.35326509316761,0.0,0.0,0.0,True,True,True,False,0.0,994.9417827829739,0.0,0.0,0.0,0.0,994.9417827829739
2026-06-12T18:45:00Z,2026-06-12T19:00:00Z,2026-06-12,2026-06-12_84,0.0,0,0,100,104.35326509316761,104.35326509316761,0.0,0.0,0.0,True,True,True,False,0.0,994.9417827829739,0.0,0.0,0.0,0.0,994.9417827829739
2026-06-12T19:00:00Z,2026-06-12T19:15:00Z,2026-06-12,2026-06-12_85,100.0,0,100,0,104.35326509316761,92.16196074534152,0.03386473429951691,0.0,13.783999999999999,True,True,True,False,3380.5,0.0,0.0,44.4932238976904,0.0,305.2239083794617,3730.217132277152
2026-06-12T19:15:00Z,2026-06-12T19:30:00Z,2026-06-12,2026-06-12_86,99.99999999999996,0,100,0,92.16196074534152,76.10233341614898,0.04461007591442374,0.0,10.225142857142856,True,True,True,False,3220.4999999999986,0.0,0.0,44.4932238976904,0.0,-71.21492891227878,3193.7782949854104
2026-06-12T19:30:00Z,2026-06-12T19:45:00Z,2026-06-12,2026-06-12_87,100.0,0,100,0,76.10233341614898,66.88432099378873,0.0256055900621118,0.0,16.51942857142857,True,True,True,False,3011.75,0.0,0.0,44.4932238976904,0.0,167.08618438633326,3223.329408284024
2026-06-12T19:45:00Z,2026-06-12T20:00:00Z,2026-06-12,2026-06-12_88,33.64075357841227,0,100,0,66.88432099378873,64.34782608695642,0.029994995373828735,0.0,6.766285714285713,True,True,True,False,967.592174799083,0.0,0.0,44.4932238976904,0.0,-149.34131508194037,862.744083614833
2026-06-12T20:00:00Z,2026-06-12T20:15:00Z,2026-06-12,2026-06-12_89,0.0,0,0,100,64.34782608695642,64.34782608695642,0.0,0.0,0.0,True,True,True,False,0.0,994.9417827829739,0.0,0.0,0.0,0.0,994.9417827829739
2026-06-12T20:15:00Z,2026-06-12T20:30:00Z,2026-06-12,2026-06-12_90,0.0,0,0,100,64.34782608695642,64.34782608695642,0.0,0.0,0.0,True,True,True,False,0.0,994.9417827829739,0.0,0.0,0.0,0.0,994.9417827829739
2026-06-12T20:30:00Z,2026-06-12T20:45:00Z,2026-06-12,2026-06-12_91,0.0,0,0,100,64.34782608695642,64.34782608695642,0.0,0.0,0.0,True,True,True,False,0.0,994.9417827829739,0.0,0.0,0.0,0.0,994.9417827829739
2026-06-12T20:45:00Z,2026-06-12T21:00:00Z,2026-06-12,2026-06-12_92,0.0,0,0,100,64.34782608695642,64.34782608695642,0.0,0.0,0.0,True,True,True,False,0.0,994.9417827829739,0.0,0.0,0.0,0.0,994.9417827829739
2026-06-12T21:00:00Z,2026-06-12T21:15:00Z,2026-06-13,2026-06-12_93,17.000000000000007,0,0,83,64.34782608695642,59.72826086956511,0.01283212560386474,0.0,0.0,True,False,True,False,490.1100000000002,749.0974729241877,0.0,0.0,0.0,0.0,1239.2074729241879
2026-06-12T21:15:00Z,2026-06-12T21:30:00Z,2026-06-13,2026-06-12_94,13.346841673142459,0,0,83,59.72826086956511,56.10140171925466,0.010074608750862362,0.0,0.0,True,False,True,False,345.5163638134754,749.0974729241877,0.0,0.0,0.0,0.0,1094.6138367376632
2026-06-12T21:30:00Z,2026-06-12T21:45:00Z,2026-06-13,2026-06-12_95,0.0,0,0,83,56.10140171925466,56.10140171925466,0.0,0.0,0.0,True,False,True,False,0.0,749.0974729241877,0.0,0.0,0.0,0.0,749.0974729241877
2026-06-12T21:45:00Z,2026-06-12T22:00:00Z,2026-06-13,2026-06-12_96,0.0,0,0,83,56.10140171925466,56.10140171925466,0.0,0.0,0.0,True,False,True,False,0.0,749.0974729241877,0.0,0.0,0.0,0.0,749.0974729241877
2026-06-12T22:00:00Z,2026-06-12T22:15:00Z,2026-06-13,2026-06-13_1,-3.552713678800501e-15,17,17,83,56.10140171925466,56.93355970186335,0.002394848778467911,0.013794285714285712,0.9208171428571428,True,True,True,False,-9.708678305742069e-14,749.0974729241877,17.885507993811242,7.330525471319696,1.841767561416865,115.89178405494569,892.0470580056812
2026-06-12T22:15:00Z,2026-06-12T22:30:00Z,2026-06-13,2026-06-13_2,-3.552713678800501e-15,17,17,83,56.93355970186335,56.0428019378882,0.00247432712215321,0.8194971428571428,0.0,True,True,True,False,-8.674838625211123e-14,749.0974729241877,17.885507993811242,7.330525471319696,141.6978855341896,0.0,916.0113919235082
2026-06-12T22:30:00Z,2026-06-12T22:45:00Z,2026-06-13,2026-06-13_3,0.0,17,17,83,56.0428019378882,55.393155279503105,0.0018095391304347825,0.5984971428571428,0.0009714285714285714,True,True,True,False,0.0,749.0974729241877,17.885507993811242,7.330525471319696,102.50816888321314,-0.07422142543339037,876.7474538470984
2026-06-12T22:45:00Z,2026-06-12T23:00:00Z,2026-06-13,2026-06-13_4,0.0,17,17,83,55.393155279503105,55.108695652173914,0.0007901656314699792,0.2617028571428571,0.0,True,True,True,False,0.0,749.0974729241877,17.885507993811242,7.330525471319696,35.548908706009485,0.0,809.8624150953282
2026-06-12T23:00:00Z,2026-06-12T23:15:00Z,2026-06-13,2026-06-13_5,0.0,100,48,0,55.108695652173914,54.92479240745342,0.0011178671083505866,0.26971428571428574,0.1187657142857143,True,True,True,False,0.0,0.0,105.20887055183084,22.540828605810557,36.011362427040616,-6.561004346865101,157.2000572378169
2026-06-12T23:15:00Z,2026-06-12T23:30:00Z,2026-06-13,2026-06-13_6,-0.16634024395402053,100,48,0,54.92479240745342,51.719780147578156,0.009089983367352287,2.9845714285714284,0.0,True,True,True,False,-3.5833847053794874,0.0,105.20887055183084,22.540828605810557,462.4116067028496,0.0,586.5779211551115
2026-06-12T23:30:00Z,2026-06-12T23:45:00Z,2026-06-13,2026-06-13_7,-52.0,100,48,0,51.719780147578156,48.552532922733434,0.03504308483091788,15.125142857142857,0.0,True,True,True,False,-1056.12,0.0,105.20887055183084,22.540828605810557,4858.63398413517,0.0,3930.2636832928115
2026-06-12T23:45:00Z,2026-06-13T00:00:00Z,2026-06-13,2026-06-13_8,-51.99999999999997,100,48,0,48.552532922733434,55.28894912149119,0.033850983574879215,5.222857142857143,0.0,True,True,True,False,-1009.3199999999995,0.0,105.20887055183084,22.540828605810557,869.8267377227668,0.0,-11.743563119591304
2026-06-13T00:00:00Z,2026-06-13T00:15:00Z,2026-06-13,2026-06-13_9,-7.301034073268271,17,9,83,55.28894912149119,56.67290089937888,0.004846670844393389,0.2909428571428571,0.00010285714285714286,True,True,True,False,-138.1355646662357,749.0974729241877,17.885507993811242,7.96028880866426,41.230937018208806,-0.00785873916353545,678.0307833394728
2026-06-13T00:15:00Z,2026-06-13T00:30:00Z,2026-06-13,2026-06-13_10,-8.0,17,9,83,56.67290089937888,58.29773904099378,0.005199774685990339,0.21468571428571429,0.00144,True,True,True,False,-145.8,749.0974729241877,17.885507993811242,7.96028880866426,28.664128948811776,-0.08831246346914218,657.7190862120059
2026-06-13T00:30:00Z,2026-06-13T00:45:00Z,2026-06-13,2026-06-13_11,-8.000000000000018,17,9,83,58.29773904099378,60.15315904596273,0.0052514599861973885,0.03050285714285714,0.05019428571428571,True,True,True,False,-145.0000000000003,749.0974729241877,17.885507993811242,7.96028880866426,4.0726409456682795,-2.6881406714310274,631.3277700009002
2026-06-13T00:45:00Z,2026-06-13T01:00:00Z,2026-06-13,2026-06-13_12,-8.000000000000027,17,9,83,60.15315904596273,62.01272162981366,0.005216383298826794,0.015931428571428572,0.03872571428571429,True,True,True,False,-144.98000000000047,749.0974729241877,17.885507993811242,7.96028880866426,2.1271118314955344,-1.9708224858174321,630.1195590723408
2026-06-13T01:00:00Z,2026-06-13T01:15:00Z,2026-06-13,2026-06-13_13,0.0,17,17,83,62.01272162981366,60.875266116770185,0.003183431028295376,1.0504057142857144,0.004662857142857142,True,True,True,False,0.0,749.0974729241877,17.885507993811242,15.036101083032491,176.81378085905845,-0.2567319105740973,958.5761309495158
2026-06-13T01:15:00Z,2026-06-13T01:30:00Z,2026-06-13,2026-06-13_14,0.0,17,17,83,60.875266116770185,59.27093071304348,0.0044564872325741885,1.4759885714285714,0.0,True,True,True,False,0.0,749.0974729241877,17.885507993811242,15.036101083032491,249.52081164403185,0.0,1031.5398936450633
2026-06-13T01:30:00Z,2026-06-13T01:45:00Z,2026-06-13,2026-06-13_15,0.0,17,17,83,59.27093071304348,57.60081270062112,0.004639216701173223,1.5365085714285713,0.0,True,True,True,False,0.0,749.0974729241877,17.885507993811242,15.036101083032491,267.96259858924714,0.0,1049.9816805902785
2026-06-13T01:45:00Z,2026-06-13T02:00:00Z,2026-06-13,2026-06-13_16,0.0,17,17,83,57.60081270062112,57.17950835279503,0.0011702898550724637,0.3876,0.0,True,True,True,False,0.0,749.0974729241877,17.885507993811242,15.036101083032491,55.11282127098734,0.0,837.1319032720188
2026-06-13T02:00:00Z,2026-06-13T02:15:00Z,2026-06-13,2026-06-13_17,0.0,17,17,83,57.17950835279503,56.40130959503106,0.0021616632160110423,0.7159428571428572,0.0,True,True,True,False,0.0,749.0974729241877,17.885507993811242,15.036101083032491,112.06318374987382,0.0,894.0822657509053
2026-06-13T02:15:00Z,2026-06-13T02:30:00Z,2026-06-13,2026-06-13_18,-1.4210854715202004e-14,17,17,83,56.40130959503106,55.14679406708075,0.003484765355417533,1.1541542857142857,0.0,True,True,True,False,-2.7835511673401923e-13,749.0974729241877,17.885507993811242,15.036101083032491,190.07710560781072,0.0,972.0961876088419
2026-06-13T02:30:00Z,2026-06-13T02:45:00Z,2026-06-13,2026-06-13_19,0.0,17,17,83,55.14679406708075,55.108695652173914,0.0004801959144237405,0.09704571428571428,0.07324571428571429,True,True,True,False,0.0,749.0974729241877,17.885507993811242,15.036101083032491,12.957223900390481,-3.7218023166908165,791.2545035847311
2026-06-13T02:45:00Z,2026-06-13T03:00:00Z,2026-06-13,2026-06-13_20,0.0,17,17,83,55.108695652173914,55.24990555031056,0.00045032425120772947,0.009617142857142857,0.16485142857142857,True,True,True,False,0.0,749.0974729241877,17.885507993811242,15.036101083032491,1.2840492153540117,-8.260236443265635,775.0428947731199
2026-06-13T03:00:00Z,2026-06-13T03:15:00Z,2026-06-13,2026-06-13_21,0.0,100,28,0,55.24990555031056,50.15933720248447,0.014144556521739128,4.683999999999999,0.0007999999999999999,True,True,True,False,0.0,0.0,95.0661853188929,12.057761732851986,748.8190812369874,-0.06112352682749794,855.8819047619047
2026-06-13T03:15:00Z,2026-06-13T03:30:00Z,2026-06-13,2026-06-13_22,0.0,100,28,0,50.15933720248447,30.664306146583854,0.054152864044168386,17.93542857142857,0.0,True,True,True,False,0.0,0.0,95.0661853188929,12.057761732851986,7357.45518090108,0.0,7464.579127952825
2026-06-13T03:30:00Z,2026-06-13T03:45:00Z,2026-06-13,2026-06-13_23,0.0,100,28,0,30.664306146583854,26.600855155279508,0.011297177198067632,3.74,0.0019199999999999998,True,True,True,False,0.0,0.0,95.0661853188929,12.057761732851986,574.0438866922622,-0.09205203140221191,681.0757817126048
2026-06-13T03:45:00Z,2026-06-13T04:00:00Z,2026-06-13,2026-06-13_24,-71.99999999999997,100,28,0,26.600855155279508,40.60352013913043,0.04337262012422358,2.6474285714285712,0.0022400000000000002,True,True,True,False,-667.0799999999998,0.0,95.0661853188929,12.057761732851986,393.21947646607777,-0.17114587511699428,-166.90772235729415
2026-06-13T04:00:00Z,2026-06-13T04:15:00Z,2026-06-13,2026-06-13_25,0.0,100,34,0,40.60352013913043,23.077433182608694,0.048683574879227046,16.124,0.0,True,True,True,False,0.0,0.0,90.91169560483641,14.641567818463125,4202.283429029855,0.0,4307.836692453155
2026-06-13T04:15:00Z,2026-06-13T04:30:00Z,2026-06-13,2026-06-13_26,-8.014035458080368,100,34,0,23.077433182608694,10.878893315404198,0.03876757360559133,13.079428571428572,0.0,True,True,True,False,-79.77972298519006,0.0,90.91169560483641,14.641567818463125,3124.947377336815,0.0,3150.7209177749246
2026-06-13T04:30:00Z,2026-06-13T04:45:00Z,2026-06-13,2026-06-13_27,-65.3615245277697,100,34,0,10.878893315404198,22.236788889440994,0.0399475680599673,4.014857142857143,0.27238857142857137,True,True,True,False,-437.75881052473756,0.0,90.91169560483641,14.641567818463125,681.5134300940593,-2.120971121862303,347.18691187075905
2026-06-13T04:45:00Z,2026-06-13T05:00:00Z,2026-06-13,2026-06-13_28,-66.0,100,34,0,22.236788889440994,39.419423860869564,0.04772954158730158,0.0,2.176777142857143,True,True,True,False,-253.44,0.0,90.91169560483641,14.641567818463125,0.0,-13.946791149095018,-161.83352772579548
2026-06-13T05:00:00Z,2026-06-13T05:15:00Z,2026-06-13,2026-06-13_29,0.0,54,54,46,39.419423860869564,37.4020380621118,0.005909815155279504,1.9066628571428574,0.05986285714285714,True,True,True,False,0.0,415.1624548736462,49.09231562661166,23.254254770500257,264.90824766816485,-2.8963958446916673,749.5208770942313
2026-06-13T05:15:00Z,2026-06-13T05:30:00Z,2026-06-13,2026-06-13_30,0.0,54,54,46,37.4020380621118,35.98451887701863,0.003940707577639751,1.3046399999999998,0.0006171428571428571,True,True,True,False,0.0,415.1624548736462,49.09231562661166,23.254254770500257,146.630142547705,-0.0471524349812127,634.0920153834819
2026-06-13T05:30:00Z,2026-06-13T05:45:00Z,2026-06-13,2026-06-13_31,0.0,54,54,46,35.98451887701863,35.0,0.003118020372670808,0.9692228571428572,0.07498285714285714,True,True,True,False,0.0,415.1624548736462,49.09231562661166,23.254254770500257,105.84343847343992,-3.7003459220511314,589.6521178221469
2026-06-13T05:45:00Z,2026-06-13T06:00:00Z,2026-06-13,2026-06-13_32,0.0,54,54,46,35.0,38.84182537142857,0.010671737142857142,0.0,4.175897142857142,True,True,True,False,0.0,415.1624548736462,49.09231562661166,23.254254770500257,0.0,303.91610367641636,791.4251289471745
2026-06-13T06:00:00Z,2026-06-13T06:15:00Z,2026-06-13,2026-06-13_33,0.0,47,47,53,38.84182537142857,39.546881888198754,0.002123914755003451,0.02739428571428571,0.7987314285714286,True,True,True,False,0.0,478.3393501805054,49.502034267377226,19.876224858174318,2.3494421113812556,-3.430152753151,546.6368986642872
2026-06-13T06:15:00Z,2026-06-13T06:30:00Z,2026-06-13,2026-06-13_34,0.0,47,47,53,39.546881888198754,42.95740600248447,0.009473678095238096,0.0,3.7070914285714287,True,True,True,False,0.0,478.3393501805054,49.502034267377226,19.876224858174318,0.0,367.40304580826313,915.12065511432
2026-06-13T06:30:00Z,2026-06-13T06:45:00Z,2026-06-13,2026-06-13_35,0.0,47,47,53,42.95740600248447,41.96866659378882,0.003836420897170463,1.0901314285714288,0.21324571428571432,True,True,True,False,0.0,478.3393501805054,49.502034267377226,19.876224858174318,123.59195626611658,-6.413542144398876,664.8960234277746
2026-06-13T06:45:00Z,2026-06-13T07:00:00Z,2026-06-13,2026-06-13_36,0.0,47,47,53,41.96866659378882,41.858123060869566,0.00042923552795031056,0.12193142857142858,0.023902857142857142,True,True,True,False,0.0,478.3393501805054,49.502034267377226,19.876224858174318,10.33958857317496,-1.749844559596803,556.3073533196351
2026-06-13T07:00:00Z,2026-06-13T07:15:00Z,2026-06-13,2026-06-13_37,3.9999999999999716,43,47,53,41.858123060869566,39.342689540372675,0.007038806128364368,1.323662857142857,0.011011428571428571,True,True,True,False,-0.07999999999999943,478.3393501805054,45.609420663572294,19.8896911351785,145.2709429886676,-0.7266663675979819,688.3027386003258
2026-06-13T07:15:00Z,2026-06-13T07:30:00Z,2026-06-13,2026-06-13_38,3.2069286418968384,43,47,53,39.342689540372675,38.804347826086946,0.003306508251416816,0.019411428571428573,0.38029714285714283,True,True,True,False,-0.2244850049327787,478.3393501805054,45.609420663572294,19.8896911351785,1.6648007618611025,1.260102484507642,546.5388802206921
2026-06-13T07:30:00Z,2026-06-13T07:45:00Z,2026-06-13,2026-06-13_39,3.999999999999972,43,47,53,38.804347826086946,40.35913702360248,0.008904228102139396,0.0,2.8277885714285715,True,True,True,False,-1.999999999999986,478.3393501805054,45.609420663572294,19.8896911351785,0.0,137.74025095246282,679.578712931719
2026-06-13T07:45:00Z,2026-06-13T08:00:00Z,2026-06-13,2026-06-13_40,3.999999999999986,43,47,53,40.35913702360248,41.453521301863354,0.007878603671497578,0.0,2.33496,True,True,True,False,-2.0699999999999923,478.3393501805054,45.609420663572294,19.8896911351785,0.0,11.063552759154206,552.8320147384104
2026-06-13T08:00:00Z,2026-06-13T08:15:00Z,2026-06-13,2026-06-13_41,3.0,44,47,53,41.453521301863354,40.32205445962733,0.003205932339544513,0.30221714285714285,0.013160000000000002,True,True,True,False,-1.5074999999999998,478.3393501805054,46.25408286058105,19.903157412182683,25.919335499944065,-1.0054820163123415,567.9029439369009
2026-06-13T08:15:00Z,2026-06-13T08:30:00Z,2026-06-13,2026-06-13_42,3.0,44,47,53,40.32205445962733,39.54941843478261,0.005037639751552796,0.4782171428571429,0.6042857142857143,True,True,True,False,-2.43,478.3393501805054,46.25408286058105,19.903157412182683,41.03306419116384,-17.46499177288244,565.6346628715505
2026-06-13T08:30:00Z,2026-06-13T08:45:00Z,2026-06-13,2026-06-13_43,3.000000000000007,44,47,53,39.54941843478261,38.93697152795031,0.00398868267770877,0.2227657142857143,0.47805714285714285,True,True,True,False,-3.7575000000000087,478.3393501805054,46.25408286058105,19.903157412182683,19.117224013905606,-23.431949900537834,536.4243645666369
2026-06-13T08:45:00Z,2026-06-13T09:00:00Z,2026-06-13,2026-06-13_44,2.3924649414349672,44,47,53,38.93697152795031,38.80434782608696,0.003232004666891156,0.02816,0.59032,True,True,True,False,-5.628273774725761,478.3393501805054,46.25408286058105,19.903157412182683,2.4151127920080993,6.024527205699769,547.3079566762513
2026-06-13T09:00:00Z,2026-06-13T09:15:00Z,2026-06-13,2026-06-13_45,0.9999999999999787,46,47,53,38.80434782608696,38.82869254161492,0.00543128880607314,0.6616114285714285,1.099262857142857,True,True,True,False,-2.494999999999947,478.3393501805054,48.35654117242564,39.146467251160395,56.80951370449503,-0.6070270891830459,619.5498452194034
2026-06-13T09:15:00Z,2026-06-13T09:30:00Z,2026-06-13,2026-06-13_46,1.0000000000000284,46,47,53,38.82869254161492,39.384940631055905,0.006443270227743287,0.5951085714285713,1.5969257142857143,True,True,True,False,-3.725000000000106,478.3393501805054,48.35654117242564,39.146467251160395,51.118317854345904,31.433688954378383,644.6693654128156
2026-06-13T09:30:00Z,2026-06-13T09:45:00Z,2026-06-13,2026-06-13_47,1.0,46,47,53,39.384940631055905,39.801690812422365,0.0025947339406487235,0.003942857142857143,0.7501200000000001,True,True,True,False,-4.475,478.3393501805054,48.35654117242564,39.146467251160395,0.33815499725762754,-29.218902687525073,532.4866109138239
2026-06-13T09:45:00Z,2026-06-13T10:00:00Z,2026-06-13,2026-06-13_48,1.0,46,47,53,39.801690812422365,39.23110424844721,0.003805755058661146,0.6521485714285714,0.44394857142857147,True,True,True,False,-4.7725,478.3393501805054,48.35654117242564,39.146467251160395,55.98016530202936,-6.900015530833273,610.1500083752875
2026-06-13T10:00:00Z,2026-06-13T10:15:00Z,2026-06-13,2026-06-13_49,2.867655822193046e-14,100,95,0,39.23110424844721,39.65204889440994,0.001497102967563858,0.05428571428571429,0.5216857142857143,True,True,True,False,-1.4295264273632335e-13,0.0,105.12291559222967,88.3531029740416,4.65575720861951,-7.678155854078495,190.45361992081214
2026-06-13T10:15:00Z,2026-06-13T10:30:00Z,2026-06-13,2026-06-13_50,-3.6582524076414824,100,95,0,39.65204889440994,41.047293167701795,0.004115036916033304,0.04114285714285714,0.6503428571428571,True,True,True,False,22.690310558396295,0.0,105.12291559222967,88.3531029740416,3.5285738844274177,-7.968510545172744,211.72639246392225
2026-06-13T10:30:00Z,2026-06-13T10:45:00Z,2026-06-13,2026-06-13_51,-5.0,100,95,0,41.047293167701795,38.935846062111736,0.011489251483781916,3.025142857142857,0.0016285714285714284,True,True,True,False,37.425000000000004,0.0,105.12291559222967,88.3531029740416,259.71977919125936,-0.12443003675597795,490.4963677207747
2026-06-13T10:45:00Z,2026-06-13T11:00:00Z,2026-06-13,2026-06-13_52,-5.0,100,95,0,38.935846062111736,24.123053714285646,0.04375345810904072,14.799428571428571,0.0,True,True,True,False,43.75,0.0,105.12291559222967,88.3531029740416,3553.460029633996,0.0,3790.686048200267
2026-06-13T11:00:00Z,2026-06-13T11:15:00Z,2026-06-13,2026-06-13_53,-100.0,100,0,0,24.123053714285646,38.12860799999993,0.03890431746031746,9.77657142857143,0.0,True,True,True,False,887.25,0.0,104.89370236662656,0.0,1475.8116741570277,0.0,2467.955376523654
2026-06-13T11:15:00Z,2026-06-13T11:30:00Z,2026-06-13,2026-06-13_54,-100.0,100,0,0,38.12860799999993,59.1661165714285,0.05843752380952383,2.133142857142857,0.0,True,True,True,False,1125.25,0.0,104.89370236662656,0.0,238.42362588035616,0.0,1468.5673282469827
2026-06-13T11:30:00Z,2026-06-13T11:45:00Z,2026-06-13,2026-06-13_55,-100.0,100,0,0,59.1661165714285,81.80705371428564,0.06289149206349207,0.39028571428571435,0.0,True,True,True,False,1249.5,0.0,104.89370236662656,0.0,33.47244393144343,0.0,1387.86614629807
2026-06-13T11:45:00Z,2026-06-13T12:00:00Z,2026-06-13,2026-06-13_56,-100.0,100,0,0,81.80705371428564,104.62936228571422,0.0633953015873016,0.19314285714285714,0.0,True,True,True,False,1324.75,0.0,104.89370236662656,0.0,16.564694068562044,0.0,1446.2083964351887
2026-06-13T12:00:00Z,2026-06-13T12:15:00Z,2026-06-13,2026-06-13_57,-47.0,47,0,53,104.62936228571422,115.03611839999994,0.02890765587301588,0.4383085714285714,0.0,True,True,True,False,546.61,478.3393501805054,49.300040112314484,0.0,37.61116700639341,0.0,1111.8605572992133
2026-06-13T12:15:00Z,2026-06-13T12:30:00Z,2026-06-13,2026-06-13_58,-47.0,47,0,53,115.03611839999994,124.74016274285708,0.026955678730158732,1.2021257142857142,0.0,True,True,True,False,546.61,478.3393501805054,49.300040112314484,0.0,115.15865150584902,0.0,1189.4080417986688
2026-06-13T12:30:00Z,2026-06-13T12:45:00Z,2026-06-13,2026-06-13_59,-47.0,47,0,53,124.74016274285708,135.00607999999994,0.02851643682539683,0.5913942857142857,0.0,True,True,True,False,528.75,478.3393501805054,49.300040112314484,0.0,50.7203091104071,0.0,1107.109699403227
2026-06-13T12:45:00Z,2026-06-13T13:00:00Z,2026-06-13,2026-06-13_60,-47.0,47,0,53,135.00607999999994,144.81414742857137,0.027244631746031745,1.0890571428571427,0.0,True,True,True,False,477.99,478.3393501805054,49.300040112314484,0.0,95.62580311675411,0.0,1101.255193409574
2026-06-13T13:00:00Z,2026-06-13T13:15:00Z,2026-06-13,2026-06-13_61,-47.0,47,0,53,144.81414742857137,155.25055382857138,0.028990017777777776,0.40608,0.0,True,True,True,False,376.94,478.3393501805054,49.300040112314484,0.0,37.06184878803507,0.0,941.6412390808549
2026-06-13T13:15:00Z,2026-06-13T13:30:00Z,2026-06-13,2026-06-13_62,-47.0,47,0,53,155.25055382857138,165.61999999999995,0.02880401714285714,0.47886285714285715,0.0,True,True,True,False,399.5,478.3393501805054,49.300040112314484,0.0,41.10904954116424,0.0,968.2484398339841
2026-06-13T13:30:00Z,2026-06-13T13:45:00Z,2026-06-13,2026-06-13_63,-7.295120612014292,47,0,53,165.61999999999995,165.62,0.008067023113749633,1.5813485714285713,0.0,True,True,True,False,40.487919396679324,478.3393501805054,49.300040112314484,0.0,180.28968564715896,0.0,748.4169953366581
2026-06-13T13:45:00Z,2026-06-13T14:00:00Z,2026-06-13,2026-06-13_64,-9.295357193341374,47,0,53,165.62,165.62,0.009826886374005955,2.02852,0.0,True,True,True,False,44.36209220522171,478.3393501805054,49.300040112314484,0.0,180.56978128474015,0.0,752.5712637827817
2026-06-13T14:00:00Z,2026-06-13T14:15:00Z,2026-06-13,2026-06-13_65,-100.0,100,0,0,165.62,187.40875428571428,0.06052431746031746,1.3165714285714285,0.0,True,True,True,False,285.75,0.0,104.00550111741448,0.0,122.57570961958791,0.0,512.3312107370024
2026-06-13T14:15:00Z,2026-06-13T14:30:00Z,2026-06-13,2026-06-13_66,-15.093848286628225,100,0,0,187.40875428571428,189.9999916916729,0.011449048906686384,0.8291428571428571,0.0,True,True,True,False,10.641163042072899,0.0,104.00550111741448,0.0,71.2276048036543,0.0,185.87426896314167
2026-06-13T14:30:00Z,2026-06-13T14:45:00Z,2026-06-13,2026-06-13_67,-0.22576975748167144,100,0,0,189.9999916916729,185.28276571428566,0.013341241246139083,4.389142857142858,0.0,True,True,True,False,-0.0,0.0,104.00550111741448,0.0,507.17558890062253,0.0,611.181090018037
2026-06-13T14:45:00Z,2026-06-13T15:00:00Z,2026-06-13,2026-06-13_68,-100.0,100,0,0,185.28276571428566,189.9584685714285,0.012988063492063493,19.917714285714286,0.0,True,True,True,False,-0.0,0.0,104.00550111741448,0.0,7295.381696232445,0.0,7399.38719734986
2026-06-13T15:00:00Z,2026-06-13T15:15:00Z,2026-06-13,2026-06-13_69,8.736972498137101e-14,100,79,0,189.9584685714285,188.5465838509316,0.004152632160110486,1.337142857142857,0.045142857142857144,True,True,True,False,1.4416004621926218e-14,0.0,105.32347716463241,33.90693943040514,175.9367175028856,-3.3463297232250304,311.8208043746981
2026-06-13T15:15:00Z,2026-06-13T15:30:00Z,2026-06-13,2026-06-13_70,-11.264034654768725,100,79,0,188.5465838509316,189.99999999999994,0.010957325109738597,1.2914285714285714,0.2631828571428571,True,True,True,False,-0.8729626857445761,0.0,105.32347716463241,33.90693943040514,133.0393684629889,-13.722879903730444,257.67394246855145
2026-06-13T15:30:00Z,2026-06-13T15:45:00Z,2026-06-13,2026-06-13_71,-20.40384973558703,100,79,0,189.99999999999994,189.99999999999994,0.021423394481104936,4.457142857142856,0.0,True,True,True,False,-18.5675032593842,0.0,105.32347716463241,33.90693943040514,881.9103285116695,0.0,1002.5732418473228
2026-06-13T15:45:00Z,2026-06-13T16:00:00Z,2026-06-13,2026-06-13_72,-0.1810978732273163,100,79,0,189.99999999999994,178.94846582857141,0.030835617173733527,10.208571428571428,0.0,True,True,True,False,-1.7788338597753144,0.0,105.32347716463241,33.90693943040514,2103.1825486873454,0.0,2240.6341314226074
2026-06-13T16:00:00Z,2026-06-13T16:15:00Z,2026-06-13,2026-06-13_73,-45.9999999999998,0,54,0,178.94846582857141,189.9727469714285,0.03062300317460305,0.0,0.48291428571428574,True,True,True,False,-200.55999999999915,0.0,0.0,23.192367199587416,0.0,-23.547894201724013,-200.91552700213575
2026-06-13T16:15:00Z,2026-06-13T16:30:00Z,2026-06-13,2026-06-13_74,0.0,0,54,0,189.9727469714285,189.99999999999994,7.570285714285715e-05,0.0,0.029622857142857142,True,True,True,False,0.0,0.0,0.0,23.192367199587416,0.0,-2.122804508951595,21.06956269063582
2026-06-13T16:30:00Z,2026-06-13T16:45:00Z,2026-06-13,2026-06-13_75,100.0,0,54,0,189.99999999999994,162.8260869565217,0.07548309178743962,0.0,0.0,True,True,True,False,2988.0,0.0,0.0,23.192367199587416,0.0,0.0,3011.1923671995874
2026-06-13T16:45:00Z,2026-06-13T17:00:00Z,2026-06-13,2026-06-13_76,100.0,0,54,0,162.8260869565217,135.65217391304344,0.0754830917874396,0.0,0.0,True,True,True,False,4462.75,0.0,0.0,23.192367199587416,0.0,0.0,4485.942367199587
2026-06-13T17:00:00Z,2026-06-13T17:15:00Z,2026-06-13,2026-06-13_77,13.244474879476114,0,17,83,135.65217391304344,132.06659677018627,0.009974414951448837,0.0,0.012822857142857143,True,True,True,False,322.07251788166036,749.0974729241877,0.0,7.3207839092315625,0.0,-0.8387211080822221,1077.6520536069975
2026-06-13T17:15:00Z,2026-06-13T17:30:00Z,2026-06-13,2026-06-13_78,17.0,0,17,83,132.06659677018627,128.20284521739123,0.01073264320220842,0.0,0.6953485714285714,True,True,True,False,505.2825,749.0974729241877,0.0,7.3207839092315625,0.0,-8.263216247943221,1253.4375405854762
2026-06-13T17:30:00Z,2026-06-13T17:45:00Z,2026-06-13,2026-06-13_79,16.999999999999993,0,17,83,128.20284521739123,123.64916819875769,0.012649102829537608,0.0,0.060617142857142856,True,True,True,False,520.6249999999998,749.0974729241877,0.0,7.3207839092315625,0.0,-3.3008455937850476,1273.742411239634
2026-06-13T17:45:00Z,2026-06-13T18:00:00Z,2026-06-13,2026-06-13_80,16.999999999999993,0,17,83,123.64916819875769,119.03361540372663,0.01282097998619737,0.0,0.003691428571428571,True,True,True,False,554.6674999999997,749.0974729241877,0.0,7.3207839092315625,0.0,-0.28204141664688337,1310.803715416772
2026-06-13T18:00:00Z,2026-06-13T18:15:00Z,2026-06-13,2026-06-13_81,17.0,0,17,83,119.03361540372663,114.41447254658378,0.01283095238095238,0.0,0.0003885714285714286,True,True,True,False,498.9925,749.0974729241877,0.0,7.3207839092315625,0.0,-0.02968857017335615,1255.3810682632459
2026-06-13T18:15:00Z,2026-06-13T18:30:00Z,2026-06-13,2026-06-13_82,17.0,0,17,83,114.41447254658378,110.10259677018627,0.01197743271221532,0.0,0.2830742857142858,True,True,True,False,518.6275,749.0974729241877,0.0,7.3207839092315625,0.0,-13.90299026553261,1261.1427665678868
2026-06-13T18:30:00Z,2026-06-13T18:45:00Z,2026-06-13,2026-06-13_83,17.0,0,17,83,110.10259677018627,105.48303155279496,0.012832125603864732,0.0,0.0,True,True,True,False,587.52,749.0974729241877,0.0,7.3207839092315625,0.0,0.0,1343.9382568334192
2026-06-13T18:45:00Z,2026-06-13T19:00:00Z,2026-06-13,2026-06-13_84,17.0,0,17,83,105.48303155279496,100.86346633540364,0.012832125603864734,0.0,0.0,True,True,True,False,580.465,749.0974729241877,0.0,7.3207839092315625,0.0,0.0,1336.8832568334194
2026-06-13T19:00:00Z,2026-06-13T19:15:00Z,2026-06-13,2026-06-13_85,68.0,0,68,32,100.86346633540364,82.38647254658378,0.05132498274672187,0.0,0.0011657142857142856,True,True,True,False,2206.6000000000004,288.8086642599278,0.0,29.28313563692625,0.0,-0.08906571052006843,2524.602734186334
2026-06-13T19:15:00Z,2026-06-13T19:30:00Z,2026-06-13,2026-06-13_86,68.0,0,68,32,82.38647254658378,63.94031105590054,0.05123933747412007,0.0,0.02953142857142857,True,True,True,False,2059.72,288.8086642599278,0.0,29.28313563692625,0.0,-2.0872531447235936,2375.72454675213
2026-06-13T19:30:00Z,2026-06-13T19:45:00Z,2026-06-13,2026-06-13_87,68.0,0,68,32,63.94031105590054,45.503863850931594,0.05121235334713595,0.0,0.03846857142857143,True,True,True,False,2039.83,288.8086642599278,0.0,29.28313563692625,0.0,-2.7899836047054203,2355.1318162921484
2026-06-13T19:45:00Z,2026-06-13T20:00:00Z,2026-06-13,2026-06-13_88,68.0,0,68,32,45.503863850931594,27.57087006211172,0.04981387163561077,0.0,0.5016457142857143,True,True,True,False,2024.36,288.8086642599278,0.0,29.28313563692625,0.0,-24.928494838609332,2317.5233050582447
2026-06-13T20:00:00Z,2026-06-13T20:15:00Z,2026-06-13,2026-06-13_89,0.0,100,100,0,27.57087006211172,14.499999999999922,0.03785006763285023,12.280571428571427,0.3017142857142857,True,True,True,False,0.0,0.0,105.20887055183084,43.063434760185665,6089.057437123265,-14.504623394484149,6222.825119040797
2026-06-13T20:15:00Z,2026-06-13T20:30:00Z,2026-06-13,2026-06-13_90,0.0,100,100,0,14.499999999999922,11.106832298136569,0.009425465838509315,3.1217142857142854,0.0,True,True,True,False,0.0,0.0,105.20887055183084,43.063434760185665,536.1020899334463,0.0,684.3743952454629
2026-06-13T20:30:00Z,2026-06-13T20:45:00Z,2026-06-13,2026-06-13_91,0.0,100,100,0,11.106832298136569,9.999999999999922,0.003074534161490683,1.0182857142857142,0.0,True,True,True,False,0.0,0.0,105.20887055183084,43.063434760185665,174.0832299417962,0.0,322.3555352538127
2026-06-13T20:45:00Z,2026-06-13T21:00:00Z,2026-06-13,2026-06-13_92,0.0,100,100,0,9.999999999999922,10.006136645962656,0.00312263630089717,0.5142857142857142,0.6142857142857142,True,True,True,False,0.0,0.0,105.20887055183084,43.063434760185665,88.1878238660085,-31.77746124522814,204.68266793279687
2026-06-13T21:00:00Z,2026-06-13T21:15:00Z,2026-06-14,2026-06-13_93,-0.39403535212878155,3,60,0,10.006136645962656,10.084718141099032,0.00046404112288165255,0.04685142857142857,0.04114285714285714,True,True,True,False,-17.06173074717624,0.0,3.156266116554925,25.87244283995187,7.283221159655199,-2.136924777131069,17.113274591854683
2026-06-13T21:15:00Z,2026-06-13T21:30:00Z,2026-06-14,2026-06-13_94,-38.80585242460332,3,60,0,10.084718141099032,20.006881570186366,0.027561565080798156,0.0002742857142857143,1.0837714285714286,True,True,True,False,-1336.764601396523,0.0,3.156266116554925,25.87244283995187,0.0366217245020752,-52.84485467062879,-1360.544125386143
2026-06-13T21:30:00Z,2026-06-13T21:45:00Z,2026-06-14,2026-06-13_95,-40.00000000000001,3,60,0,20.006881570186366,30.23959471304351,0.02842420317460318,0.0,1.1225142857142858,True,True,True,False,-1336.2000000000003,0.0,3.156266116554925,25.87244283995187,0.0,-54.75090069337001,-1361.9221917368634
2026-06-13T21:45:00Z,2026-06-13T22:00:00Z,2026-06-14,2026-06-13_96,-40.0,3,60,0,30.23959471304351,42.292961570186364,0.03348157460317461,0.0,3.101485714285714,True,True,True,False,-1294.8,0.0,3.156266116554925,25.87244283995187,0.0,-76.72108712558429,-1342.4923781690775
2026-06-13T22:00:00Z,2026-06-13T22:15:00Z,2026-06-14,2026-06-14_1,-7.999999999999993,43,35,57,42.292961570186364,42.52436555527953,0.00852563908902691,1.6037771428571428,0.0922,True,True,True,False,-263.77999999999975,514.4404332129964,45.239814337287264,15.092258323305257,263.20932040898185,-4.477176207667183,569.7246500749038
2026-06-13T22:15:00Z,2026-06-13T22:30:00Z,2026-06-14,2026-06-14_2,-1.3881737415673914,43,35,57,42.52436555527953,41.3596619130435,0.004782670622052712,1.3720685714285712,0.0,True,True,True,False,-46.333769059165604,514.4404332129964,45.239814337287264,15.092258323305257,219.16274872063545,0.0,747.6014855350587
2026-06-13T22:30:00Z,2026-06-13T22:45:00Z,2026-06-14,2026-06-14_3,-7.105427357601002e-15,43,35,57,41.3596619130435,40.97826086956524,0.0012567362318840621,0.38355999999999996,0.0386,True,True,True,False,-2.422240186206182e-13,514.4404332129964,45.239814337287264,15.092258323305257,51.2116669531832,-2.3834336905239435,623.6007391362479
2026-06-13T22:45:00Z,2026-06-13T23:00:00Z,2026-06-14,2026-06-14_4,0.0,43,35,57,40.97826086956524,41.025846012422384,0.0001663079365079365,0.005651428571428571,0.0584,True,True,True,False,0.0,514.4404332129964,45.239814337287264,15.092258323305257,0.7545601152615077,-4.179515978071936,571.3475500107785
2026-06-13T23:00:00Z,2026-06-13T23:15:00Z,2026-06-14,2026-06-14_5,0.15750384659825353,42,43,57,41.025846012422384,40.97826086956524,0.000286087519514897,0.03,0.030222857142857145,True,True,True,False,5.0495733219400085,514.4404332129964,44.18772563176895,20.192825626038626,4.005501117414475,-2.1934648591566597,585.6825940510017
2026-06-13T23:15:00Z,2026-06-13T23:30:00Z,2026-06-14,2026-06-14_6,0.18457665560822165,42,43,57,40.97826086956524,40.978260869565226,0.0002988652471417703,0.0036,0.058725714285714284,True,True,True,False,5.914297487326442,514.4404332129964,44.18772563176895,20.192825626038626,0.48066013408973696,-4.269131606047956,580.9468104861721
2026-06-13T23:30:00Z,2026-06-13T23:45:00Z,2026-06-14,2026-06-14_7,1.0,42,43,57,40.978260869565226,41.46826968447206,0.0027592377363699107,0.0007199999999999999,0.8253542857142858,True,True,True,False,29.98,514.4404332129964,44.18772563176895,20.192825626038626,0.09613202681794739,-8.407883935154489,600.4892325624674
2026-06-13T23:45:00Z,2026-06-14T00:00:00Z,2026-06-14,2026-06-14_8,0.9999999999999929,42,43,57,41.46826968447206,41.871888814906846,0.0025281690821255995,0.0,0.7310000000000001,True,True,True,False,29.84999999999979,514.4404332129964,44.18772563176895,20.192825626038626,0.0,-35.59032949401181,573.080654976792
2026-06-14T00:00:00Z,2026-06-14T00:15:00Z,2026-06-14,2026-06-14_9,3.0,40,43,57,41.871888814906846,41.508786951552814,0.003315917874396135,0.0,0.4852857142857143,True,True,True,False,88.995,514.4404332129964,42.08354822073234,38.03249097472925,0.0,-21.746320909430764,661.8051514990271
2026-06-14T00:15:00Z,2026-06-14T00:30:00Z,2026-06-14,2026-06-14_10,3.0,40,43,57,41.508786951552814,41.748887324223624,0.004718705314009662,0.0,1.1327428571428573,True,True,True,False,89.205,514.4404332129964,42.08354822073234,38.03249097472925,0.0,-45.28245212308751,638.4790202853704
2026-06-14T00:30:00Z,2026-06-14T00:45:00Z,2026-06-14,2026-06-14_11,2.9999999999999964,40,43,57,41.748887324223624,41.19358879006213,0.002922203864734297,0.009600000000000001,0.2901885714285714,True,True,True,False,88.41749999999989,514.4404332129964,42.08354822073234,38.03249097472925,1.2817603575726322,-14.90203370416759,669.3536990618629
2026-06-14T00:45:00Z,2026-06-14T01:00:00Z,2026-06-14,2026-06-14_12,1.8925644168568745,40,43,57,41.19358879006213,40.978260869565254,0.0021733178441191675,0.0,0.32237714285714286,True,True,True,False,55.305463671600016,514.4404332129964,42.08354822073234,38.03249097472925,0.0,-16.796949534342417,633.0649865457156
2026-06-14T01:00:00Z,2026-06-14T01:15:00Z,2026-06-14,2026-06-14_13,7.600270555193006,35,43,57,40.978260869565254,40.97826086956525,0.009155156695081428,0.0006,2.1758,True,True,True,False,213.47259921898356,514.4404332129964,36.82310469314079,38.03249097472925,0.0801100223482895,46.85411349874888,849.7028516209472
2026-06-14T01:15:00Z,2026-06-14T01:30:00Z,2026-06-14,2026-06-14_14,0.25573994428127467,35,43,57,40.97826086956525,42.844772472049705,0.005495339935782541,0.0,2.1020857142857143,True,True,True,False,6.6115169095316535,514.4404332129964,36.82310469314079,38.03249097472925,0.0,-41.270792930409236,554.6367528599889
2026-06-14T01:30:00Z,2026-06-14T01:45:00Z,2026-06-14,2026-06-14_15,8.0,35,43,57,42.844772472049705,41.499755875776415,0.0073619794340924775,0.0,0.8715485714285716,True,True,True,False,232.68,514.4404332129964,36.82310469314079,38.03249097472925,0.0,-13.342668978445772,808.6333599024207
2026-06-14T01:45:00Z,2026-06-14T02:00:00Z,2026-06-14,2026-06-14_16,8.0,35,43,57,41.499755875776415,40.97826086956523,0.008676730572808834,0.0,1.737445714285714,True,True,True,False,233.2,514.4404332129964,36.82310469314079,38.03249097472925,0.0,-32.54761208281146,789.948416798055
2026-06-14T02:00:00Z,2026-06-14T02:15:00Z,2026-06-14,2026-06-14_17,0.20737290440932435,41,43,57,40.97826086956523,41.195901406211206,0.0009427156698498901,0.005622857142857142,0.3041942857142857,True,True,True,False,5.425912043869971,514.4404332129964,43.13563692625064,38.03249097472925,0.7507453522925415,-15.284204204971198,586.5010143051676
2026-06-14T02:15:00Z,2026-06-14T02:30:00Z,2026-06-14,2026-06-14_18,0.0,41,43,57,41.195901406211206,40.97826086956525,0.0006899564113181505,0.21437142857142857,0.01670857142857143,True,True,True,False,0.0,514.4404332129964,43.13563692625064,38.03249097472925,28.62216655615315,-0.8900578414117354,623.3406698287176
2026-06-14T02:30:00Z,2026-06-14T02:45:00Z,2026-06-14,2026-06-14_19,0.3387165123848626,41,43,57,40.97826086956525,41.269621873292046,0.0013163063439170521,0.002577142857142857,0.4191885714285714,True,True,True,False,8.488235800364656,514.4404332129964,43.13563692625064,38.03249097472925,0.3440916198007482,-20.602478128965185,583.8384104051764
2026-06-14T02:45:00Z,2026-06-14T03:00:00Z,2026-06-14,2026-06-14_20,2.0000000000003384,41,43,57,41.269621873292046,40.97826086956525,0.002145701835749036,0.0021085714285714284,0.2742171428571429,True,True,True,False,55.345000000009364,514.4404332129964,43.13563692625064,38.03249097472925,0.2815295071097031,-14.05755041135588,637.1775402097394
2026-06-14T03:00:00Z,2026-06-14T03:15:00Z,2026-06-14,2026-06-14_21,10.0,40,50,50,40.97826086956525,37.19752188819879,0.010623551138716356,1.0043428571428572,0.029714285714285714,True,True,True,False,282.75,451.26353790613723,38.02647412755716,21.531717380092832,144.58734863058743,-1.7684918042628204,936.3905862401118
2026-06-14T03:15:00Z,2026-06-14T03:30:00Z,2026-06-14,2026-06-14_22,0.9675393570410221,40,50,50,37.19752188819879,37.17391304347829,0.0016021796114713393,0.04022857142857142,0.30657142857142855,True,True,True,False,18.141362944519166,451.26353790613723,38.02647412755716,21.531717380092832,5.371186260304361,-15.041576113798909,519.2927025048118
2026-06-14T03:30:00Z,2026-06-14T03:45:00Z,2026-06-14,2026-06-14_23,1.4891687688416233,40,50,50,37.17391304347829,37.29701051428573,0.0024874606627137176,0.0,0.5705714285714286,True,True,True,False,14.381647385087978,451.26353790613723,38.02647412755716,21.531717380092832,0.0,0.19726363068291902,525.4006404295582
2026-06-14T03:45:00Z,2026-06-14T04:00:00Z,2026-06-14,2026-06-14_24,0.0,40,50,50,37.29701051428573,39.13990194285716,0.005119142857142858,0.0,2.003142857142857,True,True,True,False,0.0,451.26353790613723,38.02647412755716,21.531717380092832,0.0,-5.345999656180162,505.47572975760704
2026-06-14T04:00:00Z,2026-06-14T04:15:00Z,2026-06-14,2026-06-14_25,0.0,47,46,53,39.13990194285716,38.82372797018635,0.002209661670117322,0.5113599999999999,0.2604914285714286,True,True,True,False,0.0,478.3393501805054,42.72849693427311,19.809179989685404,65.25351334211985,2.364290720957457,608.4948311675412
2026-06-14T04:15:00Z,2026-06-14T04:30:00Z,2026-06-14,2026-06-14_26,3.126332013474759e-14,47,46,53,38.82372797018635,38.80434782608696,0.0003856762732919488,0.07278285714285715,0.0649257142857143,True,True,True,False,7.737671733350029e-14,478.3393501805054,42.72849693427311,19.809179989685404,7.426206482914065,-3.6624685587672707,544.6407650286108
2026-06-14T04:30:00Z,2026-06-14T04:45:00Z,2026-06-14,2026-06-14_27,0.0,47,46,53,38.80434782608696,38.80496392546585,0.00024011718426501035,0.039479999999999994,0.04731428571428572,True,True,True,False,0.0,478.3393501805054,42.72849693427311,19.809179989685404,4.028237464901724,-3.2843993221837473,541.6208652471819
2026-06-14T04:45:00Z,2026-06-14T05:00:00Z,2026-06-14,2026-06-14_28,-0.9999999999999744,47,46,53,38.80496392546585,39.0786843826087,0.0008635092063491901,0.01745714285714286,0.06808,True,True,True,False,-0.44499999999998857,478.3393501805054,42.72849693427311,19.809179989685404,1.781193436861307,-4.4469232326705255,537.7662973086547
2026-06-14T05:00:00Z,2026-06-14T05:15:00Z,2026-06-14,2026-06-14_29,-3.837323047157708,47,43,53,39.0786843826087,39.779905868323,0.0030589263839482924,0.2003542857142857,0.036611428571428566,True,True,True,False,-1.8035418321641226,478.3393501805054,42.72849693427311,18.517276946879836,17.220947026094837,-2.4872735872688425,552.5152556683203
2026-06-14T05:15:00Z,2026-06-14T05:30:00Z,2026-06-14,2026-06-14_30,-4.0,47,43,53,39.779905868323,40.70136513788822,0.0030922867908902696,0.09641714285714285,0.11401142857142857,True,True,True,False,-0.0,478.3393501805054,42.72849693427311,18.517276946879836,8.269114882214419,-6.23032941979038,541.6239095240824
2026-06-14T05:30:00Z,2026-06-14T05:45:00Z,2026-06-14,2026-06-14_31,-4.0,47,43,53,40.70136513788822,39.563205883229834,0.007776886818495513,1.9799085714285716,0.07150285714285715,True,True,True,False,0.01,478.3393501805054,42.72849693427311,18.517276946879836,344.6053691997457,-3.769234332866721,880.4312589285373
2026-06-14T05:45:00Z,2026-06-14T06:00:00Z,2026-06-14,2026-06-14_32,-0.9807449423308344,47,43,53,39.563205883229834,39.26745044472051,0.0026291072615705416,0.5836057142857143,0.12064571428571427,True,True,True,False,0.007355587067481258,478.3393501805054,42.72849693427311,18.517276946879836,50.34272316772679,-6.137807217487877,583.7973955989647
2026-06-14T06:00:00Z,2026-06-14T06:15:00Z,2026-06-14,2026-06-14_33,0.0,47,47,53,39.26745044472051,38.804347826086975,0.0013522856866804696,0.43696571428571435,0.012891428571428571,True,True,True,False,0.0,478.3393501805054,49.502034267377226,19.876224858174318,37.50645333900909,-0.8275231906481005,584.396539454418
2026-06-14T06:15:00Z,2026-06-14T06:30:00Z,2026-06-14,2026-06-14_34,0.0,47,47,53,38.804347826086975,39.150319672049704,0.004953924554865425,0.6612228571428572,1.1572742857142857,True,True,True,False,0.0,478.3393501805054,49.502034267377226,19.876224858174318,56.814165429733876,11.884205327024512,616.4159800628154
2026-06-14T06:30:00Z,2026-06-14T06:45:00Z,2026-06-14,2026-06-14_35,0.0,47,47,53,39.150319672049704,43.21636218633542,0.011294562539682541,0.0,4.419611428571429,True,True,True,False,0.0,478.3393501805054,49.502034267377226,19.876224858174318,0.0,591.2130408092319,1138.9306501152887
2026-06-14T06:45:00Z,2026-06-14T07:00:00Z,2026-06-14,2026-06-14_36,0.0,47,47,53,43.21636218633542,46.27355372919256,0.00849219873015873,0.0,3.3230342857142854,True,True,True,False,0.0,478.3393501805054,49.502034267377226,19.876224858174318,0.0,130.14630488087735,677.8639141869343
2026-06-14T07:00:00Z,2026-06-14T07:15:00Z,2026-06-14,2026-06-14_37,15.000000000000023,32,47,53,46.27355372919256,42.705562086956526,0.011777490434782623,0.0128,0.5363371428571428,True,True,True,False,-4.762500000000007,478.3393501805054,33.941894447309615,19.8896911351785,1.0977785418218633,-20.816577033380543,507.68963727143483
2026-06-14T07:15:00Z,2026-06-14T07:30:00Z,2026-06-14,2026-06-14_38,15.000000000000023,32,47,53,42.705562086956526,41.388845257142854,0.013539106114561775,0.004022857142857142,2.8396057142857143,True,True,True,False,-7.537500000000011,478.3393501805054,33.941894447309615,19.8896911351785,0.34501611314401415,145.44565367955445,670.424105555692
2026-06-14T07:30:00Z,2026-06-14T07:45:00Z,2026-06-14,2026-06-14_39,15.000000000000023,32,47,53,41.388845257142854,40.699669813664585,0.014024029565217401,0.0,3.4798800000000005,True,True,True,False,-11.437500000000018,478.3393501805054,33.941894447309615,19.8896911351785,0.0,38.033872672053185,558.7673084350466
2026-06-14T07:45:00Z,2026-06-14T08:00:00Z,2026-06-14,2026-06-14_40,13.922136691517416,32,47,53,40.699669813664585,38.902827597515525,0.012361480366953117,0.0,2.048931428571428,True,True,True,False,-17.402670864396768,478.3393501805054,33.941894447309615,19.8896911351785,0.0,73.08649906595609,587.8547639645528
2026-06-14T08:00:00Z,2026-06-14T08:15:00Z,2026-06-14,2026-06-14_41,-1.7045543720467742e-15,47,47,53,38.902827597515525,38.969118966459625,0.0011377658799171851,0.15791999999999998,0.2586342857142857,True,True,True,False,1.4787009177505767e-15,478.3393501805054,49.407770328347944,19.903157412182683,13.543842759727236,-2.1892495886441217,559.0048710921192
2026-06-14T08:15:00Z,2026-06-14T08:30:00Z,2026-06-14,2026-06-14_42,-2.4868995751603507e-14,47,47,53,38.969118966459625,38.80434782608696,0.000640266501035212,0.18182285714285715,0.03572,True,True,True,False,3.108624468950438e-14,478.3393501805054,49.407770328347944,19.903157412182683,15.593846170638335,-2.304398158653755,560.9397259330207
2026-06-14T08:30:00Z,2026-06-14T08:45:00Z,2026-06-14,2026-06-14_43,0.0,47,47,53,38.80434782608696,38.83879643229814,0.0003600453002070394,0.043777142857142855,0.08916571428571429,True,True,True,False,0.0,478.3393501805054,49.407770328347944,19.903157412182683,3.754500628972006,-3.2768012530323007,548.1279772969757
2026-06-14T08:45:00Z,2026-06-14T09:00:00Z,2026-06-14,2026-06-14_44,0.0,47,47,53,38.83879643229814,39.347108263354045,0.0020623223740510697,0.10769714285714285,0.6797542857142858,True,True,True,False,0.0,478.3393501805054,49.407770328347944,19.903157412182683,9.236532222194937,-0.9954875763702996,555.8913225668607
2026-06-14T09:00:00Z,2026-06-14T09:15:00Z,2026-06-14,2026-06-14_45,0.0,47,47,53,39.347108263354045,39.747593570186346,0.001623328750862664,0.0846,0.5352628571428572,True,True,True,False,0.0,478.3393501805054,49.407770328347944,39.146467251160395,7.2556300498538775,-1.9296986162615868,572.2195191936061
2026-06-14T09:15:00Z,2026-06-14T09:30:00Z,2026-06-14,2026-06-14_46,0.0,47,47,53,39.747593570186346,40.184758727950324,0.0021322910697032437,0.15201142857142855,0.6547771428571428,True,True,True,False,0.0,478.3393501805054,49.407770328347944,39.146467251160395,13.037100343546966,-3.2393039558382517,576.6913841477225
2026-06-14T09:30:00Z,2026-06-14T09:45:00Z,2026-06-14,2026-06-14_47,0.0,47,47,53,40.184758727950324,40.245051378881996,0.001096775652173913,0.15389142857142857,0.24735428571428572,True,True,True,False,0.0,478.3393501805054,49.407770328347944,39.146467251160395,13.198336566877053,-3.156740185171542,576.9351841417192
2026-06-14T09:45:00Z,2026-06-14T10:00:00Z,2026-06-14,2026-06-14_48,0.0,47,47,53,40.245051378881996,40.67127517018634,0.0012017948654244309,0.002954285714285714,0.4667771428571429,True,True,True,False,0.0,478.3393501805054,49.407770328347944,39.146467251160395,0.25337120809013536,-6.468973239355912,560.6779857287479
2026-06-14T10:00:00Z,2026-06-14T10:15:00Z,2026-06-14,2026-06-14_49,-47.0,47,0,53,40.67127517018634,51.1309076273292,0.029054534603174607,0.3808342857142857,0.0,True,True,True,False,139.4725,478.3393501805054,49.407770328347944,0.0,32.66185209743745,0.0,699.8814726062908
2026-06-14T10:15:00Z,2026-06-14T10:30:00Z,2026-06-14,2026-06-14_50,-47.0,47,0,53,51.1309076273292,61.9409076273292,0.030027777777777785,0.0,0.0,True,True,True,False,165.67499999999998,478.3393501805054,49.407770328347944,0.0,0.0,0.0,693.4221205088534
2026-06-14T10:30:00Z,2026-06-14T10:45:00Z,2026-06-14,2026-06-14_51,-47.0,47,0,53,61.9409076273292,72.72372819875778,0.029952279365079368,0.02954285714285714,0.0,True,True,True,False,176.25,478.3393501805054,49.407770328347944,0.0,2.533712080901354,0.0,706.5308325897547
2026-06-14T10:45:00Z,2026-06-14T11:00:00Z,2026-06-14,2026-06-14_52,-47.0,47,0,53,72.72372819875778,82.46829459875778,0.02706824,1.15808,0.0,True,True,True,False,223.25,478.3393501805054,49.407770328347944,0.0,99.36420633774569,0.0,850.361326846599
2026-06-14T11:00:00Z,2026-06-14T11:15:00Z,2026-06-14,2026-06-14_53,0.0,100,100,0,82.46829459875778,79.32357410186337,0.008735334713595583,2.893142857142857,0.0,True,True,True,False,0.0,0.0,104.89370236662656,93.00326628846484,248.29479975223143,0.0,446.1917684073228
2026-06-14T11:15:00Z,2026-06-14T11:30:00Z,2026-06-14,2026-06-14_54,0.0,100,100,0,79.32357410186337,88.69582354285716,0.026154799171842647,0.02,10.210857142857142,True,True,True,False,0.0,0.0,104.89370236662656,93.00326628846484,1.7152789715966614,407.85892177007185,607.4711693967599
2026-06-14T11:30:00Z,2026-06-14T11:45:00Z,2026-06-14,2026-06-14_55,0.0,100,100,0,88.69582354285716,109.10773211428572,0.05669974603174603,0.0,22.186857142857143,True,True,True,False,0.0,0.0,104.89370236662656,93.00326628846484,0.0,10893.703206420154,11091.600175075246
2026-06-14T11:45:00Z,2026-06-14T12:00:00Z,2026-06-14,2026-06-14_56,0.0,100,100,0,109.10773211428572,113.4159606857143,0.011967301587301585,0.0,4.682857142857142,True,True,True,False,0.0,0.0,104.89370236662656,93.00326628846484,0.0,-2.279128225698623,195.61784042939277
2026-06-14T12:00:00Z,2026-06-14T12:15:00Z,2026-06-14,2026-06-14_57,-47.0,47,0,53,113.4159606857143,124.2155830857143,0.029998951111111113,0.01128,0.0,True,True,True,False,306.44,478.3393501805054,49.300040112314484,0.0,0.967417339980517,0.0,835.0468076328004
2026-06-14T12:15:00Z,2026-06-14T12:30:00Z,2026-06-14,2026-06-14_58,-47.0,47,0,53,124.2155830857143,135.0114992,0.029988655873015878,0.01530857142857143,0.0,True,True,True,False,303.385,478.3393501805054,49.300040112314484,0.0,1.3129235328307018,0.0,832.3373138256505
2026-06-14T12:30:00Z,2026-06-14T12:45:00Z,2026-06-14,2026-06-14_59,-47.0,47,0,53,135.0114992,145.7903664,0.02994129777777778,0.03384,0.0,True,True,True,False,248.63,478.3393501805054,49.300040112314484,0.0,2.9022520199415514,0.0,779.1716423127614
2026-06-14T12:45:00Z,2026-06-14T13:00:00Z,2026-06-14,2026-06-14_60,-47.0,47,0,53,145.7903664,156.09853531428573,0.028633802539682538,0.5454685714285715,0.0,True,True,True,False,224.425,478.3393501805054,49.300040112314484,0.0,46.797792231308904,0.0,798.8621825241288
2026-06-14T13:00:00Z,2026-06-14T13:15:00Z,2026-06-14,2026-06-14_61,-24.000000000000018,47,23,53,156.09853531428573,162.56324982857146,0.018253572063492075,0.10017714285714285,1.135937142857143,True,True,True,False,67.32000000000005,478.3393501805054,49.300040112314484,9.476247779496877,8.591587328874592,10.369741548990236,623.3969669501816
2026-06-14T13:15:00Z,2026-06-14T13:30:00Z,2026-06-14,2026-06-14_62,0.0,47,23,53,162.56324982857146,161.96690397018637,0.0034829937336093857,0.8511028571428572,0.35735428571428574,True,True,True,False,0.0,478.3393501805054,49.300040112314484,9.476247779496877,73.04450095423648,-6.146687568729859,604.0134514578234
2026-06-14T13:30:00Z,2026-06-14T13:45:00Z,2026-06-14,2026-06-14_63,-16.64340018348213,47,23,53,161.96690397018637,165.62000000000006,0.010833602597647369,0.17591428571428572,0.00644,True,True,True,False,42.31584496650331,478.3393501805054,49.300040112314484,9.476247779496877,15.087103754458063,-0.49204439096135855,594.0265424023167
2026-06-14T13:45:00Z,2026-06-14T14:00:00Z,2026-06-14,2026-06-14_64,-23.75588549270833,47,23,53,165.62000000000006,165.62000000000006,0.01627569260117193,5.449851428571429,0.0,True,True,True,False,54.57914691949738,478.3393501805054,49.300040112314484,9.476247779496877,789.4399135145757,0.0,1381.13469850639
2026-06-14T14:00:00Z,2026-06-14T14:15:00Z,2026-06-14,2026-06-14_65,0.0,0,0,53,165.62000000000006,165.62000000000006,0.0,0.0,0.0,True,False,True,False,0.0,478.3393501805054,0.0,0.0,0.0,0.0,478.3393501805054
2026-06-14T14:15:00Z,2026-06-14T14:30:00Z,2026-06-14,2026-06-14_66,1.6118171699661998e-14,0,0,53,165.62000000000006,165.62000000000006,1.2166494338512982e-17,0.0,0.0,True,False,True,False,-6.004018958124094e-15,478.3393501805054,0.0,0.0,0.0,0.0,478.3393501805054
2026-06-14T14:30:00Z,2026-06-14T14:45:00Z,2026-06-14,2026-06-14_67,0.0,0,0,53,165.62000000000006,165.62000000000006,0.0,0.0,0.0,True,False,True,False,0.0,478.3393501805054,0.0,0.0,0.0,0.0,478.3393501805054
2026-06-14T14:45:00Z,2026-06-14T15:00:00Z,2026-06-14,2026-06-14_68,0.0,0,0,53,165.62000000000006,165.62000000000006,0.0,0.0,0.0,True,False,True,False,0.0,478.3393501805054,0.0,0.0,0.0,0.0,478.3393501805054
2026-06-14T15:00:00Z,2026-06-14T15:15:00Z,2026-06-14,2026-06-14_69,-45.00000000000004,100,55,0,165.62000000000006,175.19899503105597,0.029263426501035222,0.7994285714285714,0.041171428571428574,True,True,True,False,-4.612500000000004,0.0,105.32347716463241,23.606097071801045,69.68098136005305,-2.2574412327305575,191.74061436375595
2026-06-14T15:15:00Z,2026-06-14T15:30:00Z,2026-06-14,2026-06-14_70,-45.00000000000006,100,55,0,175.19899503105597,184.60165674534167,0.029610568253968284,1.0514285714285716,0.12665714285714286,True,True,True,False,-1.2375000000000016,0.0,105.32347716463241,23.606097071801045,203.41336040232383,-8.307047002354894,322.79838763640237
2026-06-14T15:30:00Z,2026-06-14T15:45:00Z,2026-06-14,2026-06-14_71,-44.741395785588246,100,55,0,184.60165674534167,189.99921257679443,0.03112269763566797,4.833714285714286,0.0,True,True,True,False,-12.97500477782059,0.0,105.32347716463241,23.606097071801045,735.9833886992424,0.0,851.9379581578552
2026-06-14T15:45:00Z,2026-06-14T16:00:00Z,2026-06-14,2026-06-14_72,-19.89079400855113,100,55,0,189.99921257679443,189.63410285714284,0.021666828941610997,4.688571428571429,0.0006285714285714286,True,True,True,False,-82.7457030755727,0.0,105.32347716463241,23.606097071801045,2042.2434882978466,-0.04802562822160553,2088.379333830486
2026-06-14T16:00:00Z,2026-06-14T16:15:00Z,2026-06-14,2026-06-14_73,0.0,0,100,0,189.63410285714284,189.99999999999997,0.0010163809523809524,0.0,0.3977142857142857,True,True,True,False,0.0,0.0,0.0,42.948828147384106,0.0,-20.210628617271215,22.73819953011289
2026-06-14T16:15:00Z,2026-06-14T16:30:00Z,2026-06-14,2026-06-14_74,100.0,0,100,0,189.99999999999997,163.47577639751552,0.0736783988957902,0.0,0.5977142857142858,True,True,True,False,4535.25,0.0,0.0,42.948828147384106,0.0,-30.96953024932396,4547.22929789806
2026-06-14T16:30:00Z,2026-06-14T16:45:00Z,2026-06-14,2026-06-14_75,100.0,0,100,0,163.47577639751552,136.4360248447205,0.07511042097998619,0.0,0.12342857142857143,True,True,True,False,4582.75,0.0,0.0,42.948828147384106,0.0,-9.193098062329625,4616.505730085055
2026-06-14T16:45:00Z,2026-06-14T17:00:00Z,2026-06-14,2026-06-14_76,100.0,0,100,0,136.4360248447205,109.55465838509318,0.07467046238785369,0.0,0.26914285714285713,True,True,True,False,4674.75,0.0,0.0,42.948828147384106,0.0,-15.340932079209542,4702.357896068174
2026-06-14T17:00:00Z,2026-06-14T17:15:00Z,2026-06-14,2026-06-14_77,100.0,0,100,0,109.55465838509318,93.9360248447205,0.043385093167701866,0.0,10.630857142857142,True,True,True,False,4334.5,0.0,0.0,43.063434760185665,0.0,7319.944071536355,11697.50750629654
2026-06-14T17:15:00Z,2026-06-14T17:30:00Z,2026-06-14,2026-06-14_78,100.0,0,100,0,93.9360248447205,76.88198757763976,0.04737232574189096,0.0,9.310285714285714,True,True,True,False,4199.75,0.0,0.0,43.063434760185665,0.0,1020.8254439778319,5263.638878738017
2026-06-14T17:30:00Z,2026-06-14T17:45:00Z,2026-06-14,2026-06-14_79,0.0,0,100,0,76.88198757763976,77.5165247204969,0.0017626031746031748,0.0,0.6897142857142857,True,True,True,False,0.0,0.0,0.0,43.063434760185665,0.0,-35.658622483088706,7.404812277096958
2026-06-14T17:45:00Z,2026-06-14T18:00:00Z,2026-06-14,2026-06-14_80,28.561348999377405,0,100,0,77.5165247204969,69.78680746335404,0.02159036517011028,0.0,0.03257142857142857,True,True,True,False,965.3021928064578,0.0,0.0,43.063434760185665,0.0,-1.8871868169650534,1006.4784407496784
2026-06-14T18:00:00Z,2026-06-14T18:15:00Z,2026-06-14,2026-06-14_81,0.0,0,17,83,69.78680746335404,69.78841614906833,4.468571428571429e-06,0.0,0.0017485714285714283,True,True,True,False,0.0,749.0974729241877,0.0,7.3207839092315625,0.0,-0.13359856578010265,756.2846582676392
2026-06-14T18:15:00Z,2026-06-14T18:30:00Z,2026-06-14,2026-06-14_82,17.0,0,17,83,69.78841614906833,65.27898136645963,0.012526207729468601,0.0,0.10131999999999998,True,True,True,False,637.5,749.0974729241877,0.0,7.3207839092315625,0.0,-5.471198716405936,1388.4470581170133
2026-06-14T18:30:00Z,2026-06-14T18:45:00Z,2026-06-14,2026-06-14_83,17.0,0,17,83,65.27898136645963,60.676838509316774,0.01278373015873016,0.0,0.016028571428571427,True,True,True,False,635.545,749.0974729241877,0.0,7.3207839092315625,0.0,-1.1624931686272584,1390.800763664792
2026-06-14T18:45:00Z,2026-06-14T19:00:00Z,2026-06-14,2026-06-14_84,17.0,0,17,83,60.676838509316774,56.79091304347826,0.010794237405106969,0.0,0.6749485714285715,True,True,True,False,658.8775,749.0974729241877,0.0,7.3207839092315625,0.0,-20.893328067978096,1394.4024287654413
2026-06-14T19:00:00Z,2026-06-14T19:15:00Z,2026-06-14,2026-06-14_85,100.00000000000003,0,100,0,56.79091304347826,34.99029192546584,0.060557280883367856,0.0,4.943428571428572,True,True,True,False,3596.750000000001,0.0,0.0,43.063434760185665,0.0,-167.93002393095227,3471.8834108292344
2026-06-14T19:15:00Z,2026-06-14T19:30:00Z,2026-06-14,2026-06-14_86,100.0,0,100,0,34.99029192546584,23.426937888198758,0.032120427881297445,0.0,14.361714285714285,True,True,True,False,4059.0000000000005,0.0,0.0,43.063434760185665,0.0,6097.022707281068,10199.086142041253
2026-06-14T19:30:00Z,2026-06-14T19:45:00Z,2026-06-14,2026-06-14_87,100.0,0,100,0,23.426937888198758,10.137496894409939,0.03691511387163561,0.0,12.773714285714286,True,True,True,False,3386.9999999999995,0.0,0.0,43.063434760185665,0.0,535.2306573780736,3965.2940921382587
2026-06-14T19:45:00Z,2026-06-14T20:00:00Z,2026-06-14,2026-06-14_88,0.0,0,100,0,10.137496894409939,10.216354037267081,0.00021904761904761907,0.0,0.08571428571428572,True,True,True,False,0.0,0.0,0.0,43.063434760185665,0.0,-4.442807207118708,38.62062755306695
2026-06-14T20:00:00Z,2026-06-14T20:15:00Z,2026-06-14,2026-06-14_89,-99.00000000000001,100,1,0,10.216354037267081,14.64091634285715,0.013492417722567287,19.904571428571426,0.0,True,True,True,False,-3034.5975000000003,0.0,104.17741103661682,0.43063434760185665,6835.298188396899,0.0,3905.308733781117
2026-06-14T20:15:00Z,2026-06-14T20:30:00Z,2026-06-14,2026-06-14_90,-78.60328882243351,100,1,0,14.64091634285715,13.870080536645968,0.023342139540845654,19.72285714285714,0.0,True,True,True,False,-2314.4738393765547,0.0,104.17741103661682,0.43063434760185665,5949.884913676662,0.0,3740.019119684326
2026-06-14T20:30:00Z,2026-06-14T20:45:00Z,2026-06-14,2026-06-14_91,-99.00000000000001,100,1,0,13.870080536645968,24.93540372670808,0.03150388256728778,12.699428571428573,0.0,True,True,True,False,-2763.8325000000004,0.0,104.17741103661682,0.43063434760185665,3202.083545601153,0.0,542.8590909853715
2026-06-14T20:45:00Z,2026-06-14T21:00:00Z,2026-06-14,2026-06-14_92,0.0,100,1,0,24.93540372670808,10.000000000000009,0.04148723257418909,13.740571428571426,0.0,True,True,True,False,0.0,0.0,104.17741103661682,0.43063434760185665,3559.1421116541273,0.0,3663.750157038346
2026-06-14T21:00:00Z,2026-06-14T21:15:00Z,2026-06-15,2026-06-14_93,0.0030263419229471997,26,35,0,10.000000000000009,9.999999999999973,0.0009025441752659838,0.14872,0.1766,True,True,True,False,0.13070014179728218,0.0,27.35430634347602,15.092258323305257,25.293620827841767,-8.897094034725805,58.97379160169452
2026-06-14T21:15:00Z,2026-06-14T21:30:00Z,2026-06-15,2026-06-14_94,-63.95954875959348,26,35,0,9.999999999999973,25.308485928992187,0.04252357202497837,0.16862857142857143,0.8183999999999999,True,True,True,False,-2131.611861285352,0.0,27.35430634347602,15.092258323305257,28.740392380297486,-12.678454644432984,-2073.1033588827063
2026-06-14T21:30:00Z,2026-06-14T21:45:00Z,2026-06-15,2026-06-14_95,-65.00000000000055,26,35,0,25.308485928992187,40.6077442147066,0.042497939682540044,0.07577142857142857,0.45539999999999997,True,True,True,False,-1976.650000000017,0.0,27.35430634347602,15.092258323305257,12.82034103653495,-22.157789582258896,-1943.5408838789597
2026-06-14T21:45:00Z,2026-06-14T22:00:00Z,2026-06-15,2026-06-14_96,-65.0,26,35,0,40.6077442147066,55.8738194147066,0.04240576444444445,0.00624,0.3498,True,True,True,False,-1929.6875,0.0,27.35430634347602,15.092258323305257,0.953527018508968,-17.80944564781388,-1904.0968539625237
2026-06-14T22:00:00Z,2026-06-14T22:15:00Z,2026-06-15,2026-06-15_1,-1.913147066444819,17,15,83,55.8738194147066,55.46657834417456,0.0031199563449821194,0.7932685714285714,8.571428571428571e-05,True,True,True,False,-58.212282364249724,749.0974729241877,17.885507993811242,6.468110709987967,137.28457147441407,-0.006548949302946209,852.5168317888483
2026-06-14T22:15:00Z,2026-06-14T22:30:00Z,2026-06-15,2026-06-15_2,-0.2794215287069816,17,15,83,55.46657834417456,55.167900571428746,0.0011585766979309207,0.3347542857142857,0.0,True,True,True,False,-7.845457972270276,749.0974729241877,17.885507993811242,6.468110709987967,57.34392771051462,0.0,822.9495613662313
2026-06-14T22:30:00Z,2026-06-14T22:45:00Z,2026-06-15,2026-06-15_3,0.0,17,15,83,55.167900571428746,55.108695652174085,0.0005031057280883368,0.11054857142857143,0.06625714285714286,True,True,True,False,0.0,749.0974729241877,17.885507993811242,6.468110709987967,18.874891581598543,-3.4629807706476097,788.8630024389379
2026-06-14T22:45:00Z,2026-06-14T23:00:00Z,2026-06-15,2026-06-15_4,-2.0,17,15,83,55.108695652174085,55.62072533664614,0.0014538781780538304,0.005925714285714286,0.06342857142857143,True,True,True,False,-43.015,749.0974729241877,17.885507993811242,6.468110709987967,0.9918398159745246,-3.5496277740939943,727.8783036698675
2026-06-14T23:00:00Z,2026-06-14T23:15:00Z,2026-06-15,2026-06-15_5,-3.552713678800501e-15,17,17,83,55.62072533664614,55.501124571428754,0.0003376859351276763,0.11093714285714285,0.0010685714285714285,True,True,True,False,-9.336531547887717e-14,749.0974729241877,17.885507993811242,7.983210131224572,18.609121394053005,-0.08164356797672939,793.4936688752997
2026-06-14T23:15:00Z,2026-06-14T23:30:00Z,2026-06-15,2026-06-15_6,-3.552713678800501e-15,17,17,83,55.501124571428754,55.312223950310745,0.0005247239475500366,0.17378857142857143,0.0,True,True,True,False,-8.785860927673639e-14,749.0974729241877,17.885507993811242,7.983210131224572,29.502927878058564,0.0,804.469118927282
2026-06-14T23:30:00Z,2026-06-14T23:45:00Z,2026-06-15,2026-06-15_7,0.0,17,17,83,55.312223950310745,55.68109261118031,0.0010299146721877157,0.0008742857142857142,0.4019771428571428,True,True,True,False,0.0,749.0974729241877,17.885507993811242,7.983210131224572,0.13359856578010265,-16.04591586237383,759.0538737526298
2026-06-14T23:45:00Z,2026-06-15T00:00:00Z,2026-06-15,2026-06-15_8,1.281479828652976e-14,17,17,83,55.68109261118031,55.938921580124415,0.000726163975155288,0.0016514285714285715,0.2822,True,True,True,False,2.640489186939457e-13,749.0974729241877,17.885507993811242,7.983210131224572,0.2725596852138369,-14.077819723798065,761.1609310106396
2026-06-15T00:00:00Z,2026-06-15T00:15:00Z,2026-06-15,2026-06-15_9,0.0,0,0,83,55.938921580124415,55.938921580124415,0.0,0.0,0.0,True,False,True,False,0.0,749.0974729241877,0.0,0.0,0.0,0.0,749.0974729241877
2026-06-15T00:15:00Z,2026-06-15T00:30:00Z,2026-06-15,2026-06-15_10,0.0,0,0,83,55.938921580124415,55.938921580124415,0.0,0.0,0.0,True,False,True,False,0.0,749.0974729241877,0.0,0.0,0.0,0.0,749.0974729241877
2026-06-15T00:30:00Z,2026-06-15T00:45:00Z,2026-06-15,2026-06-15_11,0.0,0,0,83,55.938921580124415,55.938921580124415,0.0,0.0,0.0,True,False,True,False,0.0,749.0974729241877,0.0,0.0,0.0,0.0,749.0974729241877
2026-06-15T00:45:00Z,2026-06-15T01:00:00Z,2026-06-15,2026-06-15_12,-13.279001760734502,0,0,83,55.938921580124415,58.99309198509335,0.008483806680469266,0.0,0.0,True,False,True,False,-309.7991110779359,749.0974729241877,0.0,0.0,0.0,0.0,439.29836184625185
2026-06-15T01:00:00Z,2026-06-15T01:15:00Z,2026-06-15,2026-06-15_13,0.0,100,100,0,58.99309198509335,71.7868748422362,0.03553828571428571,0.0,13.906285714285712,True,True,True,False,0.0,0.0,105.20887055183084,91.34147040284225,0.0,2119.539155676711,2316.089496631384
2026-06-15T01:15:00Z,2026-06-15T01:30:00Z,2026-06-15,2026-06-15_14,0.0,100,100,0,71.7868748422362,87.50100055652192,0.04365034920634921,0.0,17.080571428571428,True,True,True,False,0.0,0.0,105.20887055183084,91.34147040284225,0.0,5317.361686354446,5513.9120273091185
2026-06-15T01:30:00Z,2026-06-15T01:45:00Z,2026-06-15,2026-06-15_15,0.0,100,100,0,87.50100055652192,91.01645198509334,0.009765142857142858,0.0,3.821142857142857,True,True,True,False,0.0,0.0,105.20887055183084,91.34147040284225,0.0,-139.48087428473195,57.069466669941136
2026-06-15T01:45:00Z,2026-06-15T02:00:00Z,2026-06-15,2026-06-15_16,0.0,100,100,0,91.01645198509334,92.28026912795049,0.003510603174603175,0.0,1.3737142857142857,True,True,True,False,0.0,0.0,105.20887055183084,91.34147040284225,0.0,-68.75393687358617,127.79640408108692
2026-06-15T02:00:00Z,2026-06-15T02:15:00Z,2026-06-15,2026-06-15_17,-17.0,17,0,83,92.28026912795049,96.09204992795048,0.010588279999999999,0.10676,0.0,True,True,True,False,-330.6075,749.0974729241877,17.885507993811242,0.0,17.9083665043073,0.0,454.2838474223063
2026-06-15T02:15:00Z,2026-06-15T02:30:00Z,2026-06-15,2026-06-15_18,-17.0,17,0,83,96.09204992795048,99.98140512795048,0.010803764444444445,0.02244,0.0,True,True,True,False,-341.0625,749.0974729241877,17.885507993811242,0.0,3.6751870494527537,0.0,429.59566796745173
2026-06-15T02:30:00Z,2026-06-15T02:45:00Z,2026-06-15,2026-06-15_19,-17.0,17,0,83,99.98140512795048,103.87344147080762,0.010811212063492063,0.01952571428571429,0.0,True,True,True,False,-361.25,749.0974729241877,17.885507993811242,0.0,3.0369752891770436,0.0,408.76995620717605
2026-06-15T02:45:00Z,2026-06-15T03:00:00Z,2026-06-15,2026-06-15_20,0.0,17,0,83,103.87344147080762,103.84208122236042,8.711180124223602e-05,0.02885142857142857,0.0,True,True,True,False,0.0,749.0974729241877,17.885507993811242,0.0,4.506114462535916,0.0,771.4890953805349
2026-06-15T03:00:00Z,2026-06-15T03:15:00Z,2026-06-15,2026-06-15_21,17.0,0,17,83,103.84208122236042,100.40385761987595,0.009550621118012421,0.0,1.0868342857142856,True,True,True,False,511.955,749.0974729241877,0.0,7.3207839092315625,0.0,-15.58329334654038,1252.7899634868788
2026-06-15T03:15:00Z,2026-06-15T03:30:00Z,2026-06-15,2026-06-15_22,17.0,0,17,83,100.40385761987595,96.16050979378899,0.011787077294685989,0.0,0.34612,True,True,True,False,541.96,749.0974729241877,0.0,7.3207839092315625,0.0,-17.056490539224114,1281.3217662941952
2026-06-15T03:30:00Z,2026-06-15T03:45:00Z,2026-06-15,2026-06-15_23,17.0,0,17,83,96.16050979378899,92.28144768198776,0.010775172532781228,0.0,0.6812628571428572,True,True,True,False,548.76,749.0974729241877,0.0,7.3207839092315625,0.0,-6.094057811941464,1299.0841990214778
2026-06-15T03:45:00Z,2026-06-15T04:00:00Z,2026-06-15,2026-06-15_24,16.999999999999993,0,17,83,92.28144768198776,87.72069612919273,0.012668754313319526,0.0,0.05410857142857143,True,True,True,False,519.8174999999998,749.0974729241877,0.0,7.3207839092315625,0.0,-2.7348739365461388,1273.500882896873
2026-06-15T04:00:00Z,2026-06-15T04:15:00Z,2026-06-15,2026-06-15_25,17.0,0,17,83,87.72069612919273,83.10609364472069,0.012818340234644583,0.0,0.004565714285714286,True,True,True,False,519.6475,749.0974729241877,0.0,7.3207839092315625,0.0,-0.269275368583053,1275.7964814648362
2026-06-15T04:15:00Z,2026-06-15T04:30:00Z,2026-06-15,2026-06-15_26,17.0,0,17,83,83.10609364472069,78.49075202981385,0.012820393374741201,0.0,0.0038857142857142857,True,True,True,False,514.3775,749.0974729241877,0.0,7.3207839092315625,0.0,-0.2769943597174128,1270.518762473702
2026-06-15T04:30:00Z,2026-06-15T04:45:00Z,2026-06-15,2026-06-15_27,17.0,0,17,83,78.49075202981385,73.87245389316789,0.012828605935127675,0.0,0.0011657142857142856,True,True,True,False,521.22,749.0974729241877,0.0,7.3207839092315625,0.0,-0.08906571052006843,1277.5491911228992
2026-06-15T04:45:00Z,2026-06-15T05:00:00Z,2026-06-15,2026-06-15_28,17.0,0,17,83,73.87245389316789,69.25859053913062,0.01281628709454796,0.0,0.005245714285714286,True,True,True,False,489.685,749.0974729241877,0.0,7.3207839092315625,0.0,-0.388364016798055,1245.7148928166212
2026-06-15T05:00:00Z,2026-06-15T05:15:00Z,2026-06-15,2026-06-15_29,17.0,0,17,83,69.25859053913062,64.66278308571448,0.012766131815044858,0.0,0.021857142857142856,True,True,True,False,552.2874999999999,749.0974729241877,0.0,7.3207839092315625,0.0,-1.34923279058916,1307.35652404283
2026-06-15T05:15:00Z,2026-06-15T05:30:00Z,2026-06-15,2026-06-15_30,17.0,0,17,83,64.66278308571448,60.2188141416151,0.01234435817805383,0.0,0.16154857142857143,True,True,True,False,502.7325,749.0974729241877,0.0,7.3207839092315625,0.0,-8.09051217586112,1251.060244657558
2026-06-15T05:30:00Z,2026-06-15T05:45:00Z,2026-06-15,2026-06-15_31,17.0,0,17,83,60.2188141416151,56.287907309316964,0.010919185645272602,0.0,0.6335657142857143,True,True,True,False,459.9775,749.0974729241877,0.0,7.3207839092315625,0.0,-18.670299257512873,1197.7254575759064
2026-06-15T05:45:00Z,2026-06-15T06:00:00Z,2026-06-15,2026-06-15_32,0.0,0,17,83,56.287907309316964,56.46620330931697,0.0004952666666666667,0.0,0.1938,True,True,True,False,0.0,749.0974729241877,0.0,7.3207839092315625,0.0,-9.367610795942927,747.0506460374763
2026-06-15T06:00:00Z,2026-06-15T06:15:00Z,2026-06-15,2026-06-15_33,1.0,16,17,83,56.46620330931697,55.108695652174106,0.003994224761904762,1.0386285714285715,0.04643428571428571,True,True,True,False,28.655,749.0974729241877,16.851756346341183,7.189272821041774,221.62547811968753,-2.33029105386238,1021.0886891573958
2026-06-15T06:15:00Z,2026-06-15T06:30:00Z,2026-06-15,2026-06-15_34,0.9999999999999929,16,17,83,55.108695652174106,55.26594461614926,0.0018730690683229773,0.01609142857142857,0.4801771428571428,True,True,True,False,26.047499999999815,749.0974729241877,16.851756346341183,7.189272821041774,2.4559614703482673,-5.011533070829615,796.6304304910892
2026-06-15T06:30:00Z,2026-06-15T06:45:00Z,2026-06-15,2026-06-15_35,0.6663949504408853,16,17,83,55.26594461614926,55.6199518012424,0.0018526790718224916,0.0,0.5775142857142858,True,True,True,False,15.660281335360803,749.0974729241877,16.851756346341183,7.189272821041774,0.0,-21.149159338665275,767.6496240882663
2026-06-15T06:45:00Z,2026-06-15T07:00:00Z,2026-06-15,2026-06-15_36,0.0,16,17,83,55.6199518012424,55.75342198260886,0.00037847997239475503,0.00128,0.14658857142857143,True,True,True,False,0.0,749.0974729241877,16.851756346341183,7.189272821041774,0.19535079174068348,-7.808537131723929,765.5253157515874
2026-06-15T07:00:00Z,2026-06-15T07:15:00Z,2026-06-15,2026-06-15_37,2.842170943040401e-14,19,18,81,55.75342198260886,54.72938865093184,0.002919714175293327,0.95456,0.014708571428571428,True,True,True,False,7.420908332278486e-13,731.0469314079423,20.152999828090085,7.617328519855595,157.63486382060248,-0.8605327635747441,915.5915908129165
2026-06-15T07:15:00Z,2026-06-15T07:30:00Z,2026-06-15,2026-06-15_38,-1.0000000000000284,19,18,81,54.72938865093184,54.259281500621285,0.0025264449413388668,0.6698857142857142,0.024068571428571432,True,True,True,False,-20.160000000000572,731.0469314079423,20.152999828090085,7.617328519855595,108.57937280712525,-1.3018764900906212,845.934756072922
2026-06-15T07:30:00Z,2026-06-15T07:45:00Z,2026-06-15,2026-06-15_39,-6.55929657647428e-14,19,18,81,54.259281500621285,54.021739130434966,0.0008133484886128737,0.24395999999999998,0.030034285714285715,True,True,True,False,-9.19777362436106e-13,731.0469314079423,20.152999828090085,7.617328519855595,37.545645773881155,-1.7840146565485404,794.5788908732197
2026-06-15T07:45:00Z,2026-06-15T08:00:00Z,2026-06-15,2026-06-15_40,-0.9339321492514866,19,18,81,54.021739130434966,54.29600000000019,0.0009550890625856693,0.03365714285714286,0.10409142857142857,True,True,True,False,-6.92977654744603,731.0469314079423,20.152999828090085,7.617328519855595,5.137630775695758,-5.430934944374862,751.5941790397629
2026-06-15T08:00:00Z,2026-06-15T08:15:00Z,2026-06-15,2026-06-15_41,0.0,19,0,81,54.29600000000019,54.06764596273311,0.0006343167701863354,0.2100857142857143,0.0,True,True,True,False,0.0,731.0469314079423,19.97335396252364,0.0,29.775204744713776,0.0,780.7954901151797
2026-06-15T08:15:00Z,2026-06-15T08:30:00Z,2026-06-15,2026-06-15_42,0.0,19,0,81,54.06764596273311,54.02173913043497,0.0001275189786059351,0.04223428571428571,0.0,True,True,True,False,0.0,731.0469314079423,19.97335396252364,0.0,4.5614448401101315,0.0,755.5817302105761
2026-06-15T08:30:00Z,2026-06-15T08:45:00Z,2026-06-15,2026-06-15_43,-19.0,19,0,81,54.02173913043497,58.36926484472069,0.012076460317460319,0.024428571428571428,0.0,True,True,True,False,-58.709999999999994,731.0469314079423,19.97335396252364,0.0,2.638367838109973,0.0,694.9486532085759
2026-06-15T08:45:00Z,2026-06-15T09:00:00Z,2026-06-15,2026-06-15_44,-19.0,19,0,81,58.36926484472069,62.7384657590064,0.012136669206349208,0.0008685714285714286,0.0,True,True,True,False,-4.3225,731.0469314079423,19.97335396252364,0.0,0.09380863424391017,0.0,746.7915940047099
2026-06-15T09:00:00Z,2026-06-15T09:15:00Z,2026-06-15,2026-06-15_45,0.0,100,100,0,62.7384657590064,77.0973000447207,0.0398856507936508,0.0,15.607428571428573,True,True,True,False,0.0,0.0,105.12291559222967,83.29035585353276,0.0,4503.7506363122875,4692.16390775805
2026-06-15T09:15:00Z,2026-06-15T09:30:00Z,2026-06-15,2026-06-15_46,0.0,100,100,0,77.0973000447207,57.96181681490703,0.0534607867494824,17.655428571428573,0.06,True,True,True,False,0.0,0.0,105.12291559222967,83.29035585353276,7842.985648959946,-3.0717895822588965,8028.32713082345
2026-06-15T09:30:00Z,2026-06-15T09:45:00Z,2026-06-15,2026-06-15_47,0.0,100,100,0,57.96181681490703,56.63161159751573,0.00899304623878537,2.1011428571428574,1.0365714285714285,True,True,True,False,0.0,0.0,105.12291559222967,83.29035585353276,316.92087592196935,-8.619582559056514,496.7145648086753
2026-06-15T09:45:00Z,2026-06-15T10:00:00Z,2026-06-15,2026-06-15_48,0.0,100,100,0,56.63161159751573,57.086491597515725,0.0020572063492063494,0.13142857142857145,0.6497142857142858,True,True,True,False,0.0,0.0,105.12291559222967,83.29035585353276,12.263453315542023,-34.353582357130584,166.32314240417386
2026-06-15T10:00:00Z,2026-06-15T10:15:00Z,2026-06-15,2026-06-15_49,-12.0,19,7,81,57.086491597515725,60.230941197515726,0.008734582222222223,0.0,0.41788,True,True,True,False,-22.59,731.0469314079423,19.97335396252364,6.5102286401925396,0.0,-5.118676797891238,729.8218372127673
2026-06-15T10:15:00Z,2026-06-15T10:30:00Z,2026-06-15,2026-06-15_50,-12.0,19,7,81,60.230941197515726,63.28206599751572,0.008475346666666668,0.0,0.31644,True,True,True,False,-21.75,731.0469314079423,19.97335396252364,6.5102286401925396,0.0,-6.59299865910263,729.1875153515559
2026-06-15T10:30:00Z,2026-06-15T10:45:00Z,2026-06-15,2026-06-15_51,-12.0,19,7,81,63.28206599751572,66.72183559751572,0.009554915555555557,0.0,0.7388800000000001,True,True,True,False,-16.56,731.0469314079423,19.97335396252364,6.5102286401925396,0.0,5.6985765400263615,746.6690905506849
2026-06-15T10:45:00Z,2026-06-15T11:00:00Z,2026-06-15,2026-06-15_52,-12.0,19,7,81,66.72183559751572,70.03706021366477,0.009210406542443064,0.0006514285714285714,0.6042000000000001,True,True,True,False,-15.03,731.0469314079423,19.97335396252364,6.5102286401925396,0.06011712795828319,-0.18223058850495674,742.3784005501118
2026-06-15T11:00:00Z,2026-06-15T11:15:00Z,2026-06-15,2026-06-15_53,0.0,100,100,0,70.03706021366477,80.7022259279505,0.02962546031746032,0.0,11.592571428571429,True,True,True,False,0.0,0.0,104.89370236662656,93.00326628846484,0.0,78.78511096375975,276.68207961885116
2026-06-15T11:15:00Z,2026-06-15T11:30:00Z,2026-06-15,2026-06-15_54,0.0,100,100,0,80.7022259279505,96.95626021366478,0.04515009523809523,0.0,17.66742857142857,True,True,True,False,0.0,0.0,104.89370236662656,93.00326628846484,0.0,348.09082999746227,545.9877986525537
2026-06-15T11:30:00Z,2026-06-15T11:45:00Z,2026-06-15,2026-06-15_55,0.0,100,100,0,96.95626021366478,105.95701449937906,0.025002095238095236,0.0,9.783428571428571,True,True,True,False,0.0,0.0,104.89370236662656,93.00326628846484,0.0,12.82704978020089,210.7240184352923
2026-06-15T11:45:00Z,2026-06-15T12:00:00Z,2026-06-15,2026-06-15_56,0.0,100,100,0,105.95701449937906,124.07733449937906,0.05033422222222223,0.0,19.696,True,True,True,False,0.0,0.0,104.89370236662656,93.00326628846484,0.0,3007.792476457892,3205.6894451129833
2026-06-15T12:00:00Z,2026-06-15T12:15:00Z,2026-06-15,2026-06-15_57,-19.0,0,0,81,124.07733449937906,128.44733449937905,0.01213888888888889,0.0,0.0,True,False,True,False,-23.7975,731.0469314079423,0.0,0.0,0.0,0.0,707.2494314079423
2026-06-15T12:15:00Z,2026-06-15T12:30:00Z,2026-06-15,2026-06-15_58,-19.0,0,0,81,128.44733449937905,132.81733449937906,0.01213888888888889,0.0,0.0,True,False,True,False,-26.837500000000002,731.0469314079423,0.0,0.0,0.0,0.0,704.2094314079424
2026-06-15T12:30:00Z,2026-06-15T12:45:00Z,2026-06-15,2026-06-15_59,-19.0,0,0,81,132.81733449937906,137.18733449937906,0.01213888888888889,0.0,0.0,True,False,True,False,-33.25,731.0469314079423,0.0,0.0,0.0,0.0,697.7969314079423
2026-06-15T12:45:00Z,2026-06-15T13:00:00Z,2026-06-15,2026-06-15_60,-19.0,0,0,81,137.18733449937906,141.55733449937907,0.01213888888888889,0.0,0.0,True,False,True,False,-39.14,731.0469314079423,0.0,0.0,0.0,0.0,691.9069314079424
2026-06-15T13:00:00Z,2026-06-15T13:15:00Z,2026-06-15,2026-06-15_61,0.0,19,19,81,141.55733449937907,143.08678455652193,0.004248472380952381,0.0,1.6624457142857143,True,True,True,False,0.0,731.0469314079423,19.929803449659047,7.828204687410465,0.0,93.98615077973427,852.7910903247462
2026-06-15T13:15:00Z,2026-06-15T13:30:00Z,2026-06-15,2026-06-15_62,0.0,19,19,81,143.08678455652193,143.61927529937907,0.0014791409523809526,0.0,0.5787942857142858,True,True,True,False,0.0,731.0469314079423,19.929803449659047,7.828204687410465,0.0,-17.627062616141526,741.1778769288703
2026-06-15T13:30:00Z,2026-06-15T13:45:00Z,2026-06-15,2026-06-15_63,2.074155357205218e-15,19,19,81,143.61927529937907,144.13105344596292,0.0014229172118702563,0.00021714285714285715,0.5565371428571428,True,True,True,False,6.45580854930124e-15,731.0469314079423,19.929803449659047,7.828204687410465,0.01862302883447804,-6.918949531067942,751.9046130427784
2026-06-15T13:45:00Z,2026-06-15T14:00:00Z,2026-06-15,2026-06-15_64,7.424239363381609e-14,19,19,81,144.13105344596292,144.20542449689455,0.00041048549344380777,0.03376571428571429,0.12073142857142859,True,True,True,False,2.620756495273708e-13,731.0469314079423,19.929803449659047,7.828204687410465,2.895880983761335,-6.078773119837588,755.6220474089358
2026-06-15T14:00:00Z,2026-06-15T14:15:00Z,2026-06-15,2026-06-15_65,-37.000000000000135,0,0,63,144.20542449689455,152.71542449689457,0.023638888888888977,0.0,0.0,True,False,True,False,-76.59000000000027,568.5920577617328,0.0,0.0,0.0,0.0,492.00205776173254
2026-06-15T14:15:00Z,2026-06-15T14:30:00Z,2026-06-15,2026-06-15_66,-36.106850013502594,0,0,63,152.71542449689457,161.02000000000018,0.02306826528640444,0.0,0.0,True,False,True,False,-115.09058441803953,568.5920577617328,0.0,0.0,0.0,0.0,453.5014733436933
2026-06-15T14:30:00Z,2026-06-15T14:45:00Z,2026-06-15,2026-06-15_67,0.0,0,0,63,161.02000000000018,161.02000000000018,0.0,0.0,0.0,True,False,True,False,0.0,568.5920577617328,0.0,0.0,0.0,0.0,568.5920577617328
2026-06-15T14:45:00Z,2026-06-15T15:00:00Z,2026-06-15,2026-06-15_68,0.0,0,0,63,161.02000000000018,161.02000000000018,0.0,0.0,0.0,True,False,True,False,0.0,568.5920577617328,0.0,0.0,0.0,0.0,568.5920577617328
2026-06-15T15:00:00Z,2026-06-15T15:15:00Z,2026-06-15,2026-06-15_69,0.0,0,100,0,161.02000000000018,177.96429714285733,0.04706749206349207,0.0,18.417714285714286,True,True,True,False,0.0,0.0,0.0,42.920176494183714,0.0,4527.479654542924,4570.399831037108
2026-06-15T15:15:00Z,2026-06-15T15:30:00Z,2026-06-15,2026-06-15_70,0.1658522831141158,0,100,0,177.96429714285733,189.92332048695667,0.0333392514326982,0.0,13.044,True,True,True,False,3.672798809562094,0.0,0.0,42.920176494183714,0.0,378.2692728210418,424.8622481247876
2026-06-15T15:30:00Z,2026-06-15T15:45:00Z,2026-06-15,2026-06-15_71,100.0,0,100,0,189.92332048695667,180.88108446211194,0.025117322291235332,0.0,16.68114285714286,True,True,True,False,4414.5,0.0,0.0,42.920176494183714,0.0,5531.181862903204,9988.602039397389
2026-06-15T15:45:00Z,2026-06-15T16:00:00Z,2026-06-15,2026-06-15_72,100.0,0,100,0,180.88108446211194,166.332637257143,0.04041235334713595,0.0,11.615428571428572,True,True,True,False,4631.0,0.0,0.0,42.920176494183714,0.0,383.57338703471765,5057.493563528901
2026-06-15T16:00:00Z,2026-06-15T16:15:00Z,2026-06-15,2026-06-15_73,0.0,16,53,47,166.332637257143,168.0963726708076,0.006474972422360249,0.26093714285714287,2.2253942857142857,True,True,True,False,0.0,424.18772563176896,16.851756346341183,22.762878918113575,58.11930890684394,-17.114363022449254,504.8073067806184
2026-06-15T16:15:00Z,2026-06-15T16:30:00Z,2026-06-15,2026-06-15_74,36.999999999999986,16,53,47,168.0963726708076,157.24598170434797,0.030201191414768794,0.7701942857142857,0.03967428571428572,True,True,True,False,1650.4774999999995,424.18772563176896,16.851756346341183,22.762878918113575,180.21101610550357,-2.005569889022597,2292.485307112704
2026-06-15T16:30:00Z,2026-06-15T16:45:00Z,2026-06-15,2026-06-15_75,36.99999999999999,16,53,47,157.24598170434797,146.01906244968959,0.03118588681849551,1.0787657142857143,0.0,True,True,True,False,1642.3374999999999,424.18772563176896,16.851756346341183,22.762878918113575,219.63750716864365,0.0,2325.777368064867
2026-06-15T16:45:00Z,2026-06-15T17:00:00Z,2026-06-15,2026-06-15_76,36.99999999999999,16,53,47,146.01906244968959,134.71482642484486,0.03140065562456866,1.149897142857143,0.0,True,True,True,False,1690.2524999999996,424.18772563176896,16.851756346341183,22.762878918113575,249.74949749366255,0.0,2403.8043583898857
2026-06-15T17:00:00Z,2026-06-15T17:15:00Z,2026-06-15,2026-06-15_77,0.0,7,7,93,134.71482642484486,134.78026858136658,0.00034241178743961355,0.0266,0.10256000000000001,True,True,True,False,0.0,839.3501805054152,6.4079422382671485,3.0144404332129966,4.568947452868031,-5.131056054094322,848.210454575669
2026-06-15T17:15:00Z,2026-06-15T17:30:00Z,2026-06-15,2026-06-15_78,0.0,7,7,93,134.78026858136658,134.7875457291927,3.519014492753623e-05,0.00248,0.01084,True,True,True,False,0.0,839.3501805054152,6.4079422382671485,3.0144404332129966,0.3784921589975742,-0.6971739384562491,848.4538813974367
2026-06-15T17:30:00Z,2026-06-15T17:45:00Z,2026-06-15,2026-06-15_79,0.0,7,7,93,134.7875457291927,134.74617557267095,0.0001355659903381642,0.041479999999999996,0.00404,True,True,True,False,0.0,839.3501805054152,6.4079422382671485,3.0144404332129966,6.98855559757798,-0.2738638931866369,855.4872548812867
2026-06-15T17:45:00Z,2026-06-15T18:00:00Z,2026-06-15,2026-06-15_80,0.0,7,7,93,134.74617557267095,134.63970412919267,0.0002982073429951691,0.09836,0.00047999999999999996,True,True,True,False,0.0,839.3501805054152,6.4079422382671485,3.0144404332129966,18.987577628789182,-0.03667411609649877,867.723466689588
2026-06-15T18:00:00Z,2026-06-15T18:15:00Z,2026-06-15,2026-06-15_81,-1.4695370524318308e-13,100,100,0,134.63970412919267,129.99746810434797,0.012895100069013173,4.2708571428571425,0.0,True,True,True,False,-6.155523328373832e-12,0.0,102.68752507019657,43.063434760185665,960.1274842484125,0.0,1105.8784440787886
2026-06-15T18:15:00Z,2026-06-15T18:30:00Z,2026-06-15,2026-06-15_82,0.0,100,100,0,129.99746810434797,112.3397041291927,0.04904934437543133,16.245142857142856,0.0,True,True,True,False,0.0,0.0,102.68752507019657,43.063434760185665,4601.068310452942,0.0,4746.819270283324
2026-06-15T18:30:00Z,2026-06-15T18:45:00Z,2026-06-15,2026-06-15_83,0.0,100,100,0,112.3397041291927,89.38815133416165,0.0637543133195307,21.11542857142857,0.0,True,True,True,False,0.0,0.0,102.68752507019657,43.063434760185665,7979.04908775865,0.0,8124.800047589032
2026-06-15T18:45:00Z,2026-06-15T19:00:00Z,2026-06-15,2026-06-15_84,0.0,100,100,0,89.38815133416165,66.27138114782625,0.06421325051759835,21.267428571428574,0.0,True,True,True,False,0.0,0.0,102.68752507019657,43.063434760185665,7796.769389556064,0.0,7942.5203493864465
2026-06-15T19:00:00Z,2026-06-15T19:15:00Z,2026-06-15,2026-06-15_85,7.0,0,0,93,66.27138114782625,64.36920723478276,0.005283816425120773,0.0,0.0,True,False,True,False,338.32750000000004,839.3501805054152,0.0,0.0,0.0,0.0,1177.6776805054153
2026-06-15T19:15:00Z,2026-06-15T19:30:00Z,2026-06-15,2026-06-15_86,7.0,0,0,93,64.36920723478276,62.46703332173929,0.005283816425120773,0.0,0.0,True,False,True,False,296.8175,839.3501805054152,0.0,0.0,0.0,0.0,1136.1676805054153
2026-06-15T19:30:00Z,2026-06-15T19:45:00Z,2026-06-15,2026-06-15_87,6.999999999999995,0,0,93,62.46703332173929,60.56485940869581,0.005283816425120769,0.0,0.0,True,False,True,False,296.1174999999998,839.3501805054152,0.0,0.0,0.0,0.0,1135.467680505415
2026-06-15T19:45:00Z,2026-06-15T20:00:00Z,2026-06-15,2026-06-15_88,0.07868262399996184,0,0,93,60.56485940869581,60.54347826086973,5.939207729465718e-05,0.0,0.0,True,False,True,False,3.0048894105585426,839.3501805054152,0.0,0.0,0.0,0.0,842.3550699159738
2026-06-15T20:00:00Z,2026-06-15T20:15:00Z,2026-06-15,2026-06-15_89,42.0,58,100,0,60.54347826086973,44.62236489937905,0.04435066854382332,4.185942857142858,0.04228571428571429,True,True,True,False,1708.35,0.0,61.02114492006188,43.063434760185665,1570.0671856054098,-2.7627829760062874,3379.738982309651
2026-06-15T20:15:00Z,2026-06-15T20:30:00Z,2026-06-15,2026-06-15_90,42.0,58,100,0,44.62236489937905,33.12794486459644,0.031991621366459624,0.09412571428571427,0.021142857142857144,True,True,True,False,1636.8449999999998,0.0,61.02114492006188,43.063434760185665,15.00092725699987,-1.3960190028678943,1754.5344879343793
2026-06-15T20:30:00Z,2026-06-15T20:45:00Z,2026-06-15,2026-06-15_91,42.0,58,100,0,33.12794486459644,21.616854002484637,0.032019295569358175,0.10373714285714286,0.014857142857142857,True,True,True,False,1628.3400000000001,0.0,61.02114492006188,43.063434760185665,16.375440922746957,-1.1351512125106762,1747.664869390484
2026-06-15T20:45:00Z,2026-06-15T21:00:00Z,2026-06-15,2026-06-15_92,41.06939506228698,58,100,0,21.616854002484637,10.000000000000158,0.03351514992235884,0.7964228571428571,0.41371428571428565,True,True,True,False,1452.8298503284018,0.0,61.02114492006188,43.063434760185665,136.30479109997788,-21.093478065112926,1672.1257430435144
2026-06-15T21:00:00Z,2026-06-15T21:15:00Z,2026-06-16,2026-06-15_93,-98.6447971642095,100,0,0,10.000000000000158,27.03878616672617,0.04783126503868592,6.125714285714286,0.0,True,True,True,False,-4051.3418195340846,0.0,106.61512027491408,0.0,1104.305599738177,0.0,-2840.4210995209933
2026-06-15T21:15:00Z,2026-06-15T21:30:00Z,2026-06-16,2026-06-15_94,-100.0,100,0,0,27.03878616672617,45.66747188101189,0.05174634920634921,4.751428571428571,0.0,True,True,True,False,-3340.2500000000005,0.0,106.61512027491408,0.0,924.0594250804559,0.0,-2309.5754546446306
2026-06-15T21:30:00Z,2026-06-15T21:45:00Z,2026-06-16,2026-06-15_95,-11.319549832490019,100,0,0,45.66747188101189,44.01582608695648,0.016746812013333993,3.984,0.0,True,True,True,False,-417.43669894765065,0.0,106.61512027491408,0.0,683.9177182130583,0.0,373.0961395403217
2026-06-15T21:45:00Z,2026-06-15T22:00:00Z,2026-06-16,2026-06-15_96,-100.0,100,0,0,44.01582608695648,64.34782608695649,0.056477777777777786,2.9000000000000004,0.0,True,True,True,False,-3264.0,0.0,106.61512027491408,0.0,496.14471172203133,0.0,-2661.240168003055
2026-06-15T22:00:00Z,2026-06-15T22:15:00Z,2026-06-16,2026-06-16_1,0.0,0,0,100,64.34782608695649,64.34782608695649,0.0,0.0,0.0,True,True,True,False,0.0,995.131729667812,0.0,0.0,0.0,0.0,995.131729667812
2026-06-15T22:15:00Z,2026-06-15T22:30:00Z,2026-06-16,2026-06-16_2,0.0,0,0,100,64.34782608695649,64.34782608695649,0.0,0.0,0.0,True,True,True,False,0.0,995.131729667812,0.0,0.0,0.0,0.0,995.131729667812
2026-06-15T22:30:00Z,2026-06-15T22:45:00Z,2026-06-16,2026-06-16_3,0.0,0,0,100,64.34782608695649,64.34782608695649,0.0,0.0,0.0,True,True,True,False,0.0,995.131729667812,0.0,0.0,0.0,0.0,995.131729667812
2026-06-15T22:45:00Z,2026-06-15T23:00:00Z,2026-06-16,2026-06-16_4,0.0,0,0,100,64.34782608695649,64.34782608695649,0.0,0.0,0.0,True,True,True,False,0.0,995.131729667812,0.0,0.0,0.0,0.0,995.131729667812
2026-06-15T23:00:00Z,2026-06-15T23:15:00Z,2026-06-16,2026-06-16_5,0.0,0,0,100,64.34782608695649,64.34782608695649,0.0,0.0,0.0,True,True,True,False,0.0,995.131729667812,0.0,0.0,0.0,0.0,995.131729667812
2026-06-15T23:15:00Z,2026-06-15T23:30:00Z,2026-06-16,2026-06-16_6,0.0,0,0,100,64.34782608695649,64.34782608695649,0.0,0.0,0.0,True,True,True,False,0.0,995.131729667812,0.0,0.0,0.0,0.0,995.131729667812
2026-06-15T23:30:00Z,2026-06-15T23:45:00Z,2026-06-16,2026-06-16_7,0.0,0,0,100,64.34782608695649,64.34782608695649,0.0,0.0,0.0,True,True,True,False,0.0,995.131729667812,0.0,0.0,0.0,0.0,995.131729667812
2026-06-15T23:45:00Z,2026-06-16T00:00:00Z,2026-06-16,2026-06-16_8,0.0,0,0,100,64.34782608695649,64.34782608695649,0.0,0.0,0.0,True,True,True,False,0.0,995.131729667812,0.0,0.0,0.0,0.0,995.131729667812
2026-06-16T00:00:00Z,2026-06-16T00:15:00Z,2026-06-16,2026-06-16_9,-57.0,100,43,0,64.34782608695649,67.27647540869562,0.03480760077294687,10.271999999999998,0.006880000000000001,True,True,True,False,-1672.665,0.0,106.61512027491408,38.82560137457045,2379.172087056128,-0.3682428713249332,851.5795658342877
2026-06-16T00:15:00Z,2026-06-16T00:30:00Z,2026-06-16,2026-06-16_10,-55.42122590016961,100,43,0,67.27647540869562,73.7044830012422,0.0349610275772986,6.354285714285714,0.0,True,True,True,False,-1608.601081752423,0.0,106.61512027491408,38.82560137457045,1241.2474815905741,0.0,-221.9128785123643
2026-06-16T00:30:00Z,2026-06-16T00:45:00Z,2026-06-16,2026-06-16_11,4.392621532212576e-14,100,43,0,73.7044830012422,69.84609790807448,0.010717736369910316,3.549714285714286,0.0,True,True,True,False,1.265514263430443e-12,0.0,106.61512027491408,38.82560137457045,611.1289224894997,0.0,756.5696441389855
2026-06-16T00:45:00Z,2026-06-16T01:00:00Z,2026-06-16,2026-06-16_12,-57.0,100,43,0,69.84609790807448,64.34782608695647,0.03344551823326432,18.762285714285717,0.0,True,True,True,False,-1628.6325000000002,0.0,106.61512027491408,38.82560137457045,6438.25076179567,0.0,4955.058983445154
2026-06-16T01:00:00Z,2026-06-16T01:15:00Z,2026-06-16,2026-06-16_13,0.0,0,0,100,64.34782608695647,64.34782608695647,0.0,0.0,0.0,True,True,True,False,0.0,995.131729667812,0.0,0.0,0.0,0.0,995.131729667812
2026-06-16T01:15:00Z,2026-06-16T01:30:00Z,2026-06-16,2026-06-16_14,0.0,0,0,100,64.34782608695647,64.34782608695647,0.0,0.0,0.0,True,True,True,False,0.0,995.131729667812,0.0,0.0,0.0,0.0,995.131729667812
2026-06-16T01:30:00Z,2026-06-16T01:45:00Z,2026-06-16,2026-06-16_15,0.0,0,0,100,64.34782608695647,64.34782608695647,0.0,0.0,0.0,True,True,True,False,0.0,995.131729667812,0.0,0.0,0.0,0.0,995.131729667812
2026-06-16T01:45:00Z,2026-06-16T02:00:00Z,2026-06-16,2026-06-16_16,0.0,0,0,100,64.34782608695647,64.34782608695647,0.0,0.0,0.0,True,True,True,False,0.0,995.131729667812,0.0,0.0,0.0,0.0,995.131729667812
2026-06-16T02:00:00Z,2026-06-16T02:15:00Z,2026-06-16,2026-06-16_17,0.0,0,0,100,64.34782608695647,64.34782608695647,0.0,0.0,0.0,True,True,True,False,0.0,995.131729667812,0.0,0.0,0.0,0.0,995.131729667812
2026-06-16T02:15:00Z,2026-06-16T02:30:00Z,2026-06-16,2026-06-16_18,0.0,0,0,100,64.34782608695647,64.34782608695647,0.0,0.0,0.0,True,True,True,False,0.0,995.131729667812,0.0,0.0,0.0,0.0,995.131729667812
2026-06-16T02:30:00Z,2026-06-16T02:45:00Z,2026-06-16,2026-06-16_19,0.0,0,0,100,64.34782608695647,64.34782608695647,0.0,0.0,0.0,True,True,True,False,0.0,995.131729667812,0.0,0.0,0.0,0.0,995.131729667812
2026-06-16T02:45:00Z,2026-06-16T03:00:00Z,2026-06-16,2026-06-16_20,0.0,0,0,100,64.34782608695647,64.34782608695647,0.0,0.0,0.0,True,True,True,False,0.0,995.131729667812,0.0,0.0,0.0,0.0,995.131729667812
2026-06-16T03:00:00Z,2026-06-16T03:15:00Z,2026-06-16,2026-06-16_21,0.0,0,0,100,64.34782608695647,64.34782608695647,0.0,0.0,0.0,True,True,True,False,0.0,995.131729667812,0.0,0.0,0.0,0.0,995.131729667812
2026-06-16T03:15:00Z,2026-06-16T03:30:00Z,2026-06-16,2026-06-16_22,0.0,0,0,100,64.34782608695647,64.34782608695647,0.0,0.0,0.0,True,True,True,False,0.0,995.131729667812,0.0,0.0,0.0,0.0,995.131729667812
2026-06-16T03:30:00Z,2026-06-16T03:45:00Z,2026-06-16,2026-06-16_23,0.0,0,0,100,64.34782608695647,64.34782608695647,0.0,0.0,0.0,True,True,True,False,0.0,995.131729667812,0.0,0.0,0.0,0.0,995.131729667812
2026-06-16T03:45:00Z,2026-06-16T04:00:00Z,2026-06-16,2026-06-16_24,0.0,0,0,100,64.34782608695647,64.34782608695647,0.0,0.0,0.0,True,True,True,False,0.0,995.131729667812,0.0,0.0,0.0,0.0,995.131729667812
2026-06-16T04:00:00Z,2026-06-16T04:15:00Z,2026-06-16,2026-06-16_25,0.0,0,0,100,64.34782608695647,64.34782608695647,0.0,0.0,0.0,True,True,True,False,0.0,995.131729667812,0.0,0.0,0.0,0.0,995.131729667812
2026-06-16T04:15:00Z,2026-06-16T04:30:00Z,2026-06-16,2026-06-16_26,0.0,0,0,100,64.34782608695647,64.34782608695647,0.0,0.0,0.0,True,True,True,False,0.0,995.131729667812,0.0,0.0,0.0,0.0,995.131729667812
2026-06-16T04:30:00Z,2026-06-16T04:45:00Z,2026-06-16,2026-06-16_27,0.0,0,0,100,64.34782608695647,64.34782608695647,0.0,0.0,0.0,True,True,True,False,0.0,995.131729667812,0.0,0.0,0.0,0.0,995.131729667812
2026-06-16T04:45:00Z,2026-06-16T05:00:00Z,2026-06-16,2026-06-16_28,0.0,0,0,100,64.34782608695647,64.34782608695647,0.0,0.0,0.0,True,True,True,False,0.0,995.131729667812,0.0,0.0,0.0,0.0,995.131729667812
2026-06-16T05:00:00Z,2026-06-16T05:15:00Z,2026-06-16,2026-06-16_29,28.0,14,42,58,64.34782608695647,55.99695652173909,0.02319685990338164,0.6828,0.0,True,True,True,False,972.9300000000001,577.176403207331,12.003436426116838,17.56013745704467,134.45554730813285,0.0,1714.1255243986254
2026-06-16T05:15:00Z,2026-06-16T05:30:00Z,2026-06-16,2026-06-16_30,28.0,14,42,58,55.99695652173909,48.147826086956485,0.021803140096618354,0.2212,0.0,True,True,True,False,933.1700000000001,577.176403207331,12.003436426116838,17.56013745704467,37.94597739595265,0.0,1577.8559544864452
2026-06-16T05:30:00Z,2026-06-16T05:45:00Z,2026-06-16,2026-06-16_31,28.0,14,42,58,48.147826086956485,41.748981565217356,0.019786301449275363,0.007279999999999999,1.1807999999999998,True,True,True,False,920.3599999999999,577.176403207331,12.003436426116838,17.56013745704467,1.1874766857579226,-3.0455532646048105,1525.2419005116456
2026-06-16T05:45:00Z,2026-06-16T06:00:00Z,2026-06-16,2026-06-16_32,28.0,14,42,58,41.748981565217356,41.864425460869526,0.01243951806763285,0.0,7.48968,True,True,True,False,861.0,577.176403207331,12.003436426116838,17.56013745704467,0.0,300.31357599083617,1768.0535530813286
2026-06-16T06:00:00Z,2026-06-16T06:15:00Z,2026-06-16,2026-06-16_33,83.0,0,0,17,41.864425460869526,19.31007763478257,0.06265096618357488,0.0,0.0,True,False,True,False,2700.8199999999997,169.17239404352804,0.0,0.0,0.0,0.0,2869.992394043528
2026-06-16T06:15:00Z,2026-06-16T06:30:00Z,2026-06-16,2026-06-16_34,0.26108569599995746,0,0,17,19.31007763478257,19.23913043478258,0.00019707555555552344,0.0,0.0,True,False,True,False,7.664823320318751,169.17239404352804,0.0,0.0,0.0,0.0,176.8372173638468
2026-06-16T06:30:00Z,2026-06-16T06:45:00Z,2026-06-16,2026-06-16_35,0.0,0,0,17,19.23913043478258,19.23913043478258,0.0,0.0,0.0,True,False,True,False,0.0,169.17239404352804,0.0,0.0,0.0,0.0,169.17239404352804
2026-06-16T06:45:00Z,2026-06-16T07:00:00Z,2026-06-16,2026-06-16_36,0.0,0,0,17,19.23913043478258,19.23913043478258,0.0,0.0,0.0,True,False,True,False,0.0,169.17239404352804,0.0,0.0,0.0,0.0,169.17239404352804
2026-06-16T07:00:00Z,2026-06-16T07:15:00Z,2026-06-16,2026-06-16_37,100.0,0,100,0,19.23913043478258,19.137267080745314,0.0002829537612146312,0.0,24.906285714285715,True,True,True,False,2751.25,0.0,0.0,41.75257731958763,0.0,4225.856819723995,7018.859397043582
2026-06-16T07:15:00Z,2026-06-16T07:30:00Z,2026-06-16,2026-06-16_38,100.0,0,100,0,19.137267080745314,17.340372670807426,0.004991373360938582,0.0,23.346857142857143,True,True,True,False,1822.5000000000002,0.0,0.0,41.75257731958763,0.0,2585.4437967599406,4449.696374079528
2026-06-16T07:30:00Z,2026-06-16T07:45:00Z,2026-06-16,2026-06-16_39,100.0,0,100,0,17.340372670807426,15.403726708074506,0.005379572118702556,0.0,23.218285714285713,True,True,True,False,1110.25,0.0,0.0,41.75257731958763,0.0,4281.428835869742,5433.43141318933
2026-06-16T07:45:00Z,2026-06-16T08:00:00Z,2026-06-16,2026-06-16_40,-1.544658121217609e-14,0,100,0,15.403726708074506,37.47268670807451,0.06130266666666668,0.0,23.988,True,True,True,False,-1.161582907155642e-13,0.0,0.0,41.75257731958763,0.0,2769.757612829324,2811.5101901489115
2026-06-16T08:00:00Z,2026-06-16T08:15:00Z,2026-06-16,2026-06-16_41,100.0,0,100,0,37.47268670807451,19.513680496894388,0.049886128364389236,0.0,8.477714285714285,True,True,True,False,1683.5,0.0,0.0,41.17983963344788,0.0,394.77047902689134,2119.4503186603392
2026-06-16T08:15:00Z,2026-06-16T08:30:00Z,2026-06-16,2026-06-16_42,0.0,0,100,0,19.513680496894388,27.777383354037244,0.022954730158730157,0.0,8.982285714285714,True,True,True,False,0.0,0.0,0.0,41.17983963344788,0.0,403.54779163257507,444.72763126602297
2026-06-16T08:30:00Z,2026-06-16T08:45:00Z,2026-06-16,2026-06-16_43,0.0,0,100,0,27.777383354037244,34.58590906832296,0.018912571428571428,0.0,7.400571428571428,True,True,True,False,0.0,0.0,0.0,41.17983963344788,0.0,206.96592341678937,248.14576305023724
2026-06-16T08:45:00Z,2026-06-16T09:00:00Z,2026-06-16,2026-06-16_44,4.633974363652827e-14,0,100,0,34.58590906832296,52.81294906832295,0.05063066666666665,0.0,19.811999999999998,True,True,True,False,1.7539592966425951e-13,0.0,0.0,41.17983963344788,0.0,14544.863681557843,14586.043521191292
2026-06-16T09:00:00Z,2026-06-16T09:15:00Z,2026-06-16,2026-06-16_45,0.0,100,100,0,52.81294906832295,68.50814906832295,0.04359777777777778,0.0,17.06,True,True,True,False,0.0,0.0,106.44329896907216,85.10882016036655,0.0,7194.861210385642,7386.4133295150805
2026-06-16T09:15:00Z,2026-06-16T09:30:00Z,2026-06-16,2026-06-16_46,0.0,100,100,0,68.50814906832295,74.92081192546581,0.017812952380952384,0.0,6.970285714285715,True,True,True,False,0.0,0.0,106.44329896907216,85.10882016036655,0.0,183.69856651939125,375.25068564883
2026-06-16T09:30:00Z,2026-06-16T09:45:00Z,2026-06-16,2026-06-16_47,0.0,100,100,0,74.92081192546581,79.97502906832295,0.014039492063492068,0.0,5.493714285714287,True,True,True,False,0.0,0.0,106.44329896907216,85.10882016036655,0.0,-20.643905743740795,170.9082133856979
2026-06-16T09:45:00Z,2026-06-16T10:00:00Z,2026-06-16,2026-06-16_48,0.0,100,100,0,79.97502906832295,79.91912447204966,0.0019047508626639062,0.34114285714285714,0.3422857142857143,True,True,True,False,0.0,0.0,106.44329896907216,85.10882016036655,29.242677139584355,-17.335288059782904,203.45950820924017
2026-06-16T10:00:00Z,2026-06-16T10:15:00Z,2026-06-16,2026-06-16_49,5.55229360374805e-14,1,1,99,79.91912447204966,79.93502314534157,4.640590752246568e-05,0.00037142857142857143,0.01772,True,True,True,False,4.1447871751979193e-13,985.1804123711339,1.0644329896907216,0.9295532646048108,0.031838760704740086,-0.21577601374570446,986.990461372389
2026-06-16T10:15:00Z,2026-06-16T10:30:00Z,2026-06-16,2026-06-16_50,-3.0943130002736297e-14,1,1,99,79.93502314534157,79.93769480745338,2.7159033816444327e-05,0.0032685714285714284,0.0067657142857142855,True,True,True,False,-4.0164182743551713e-13,985.1804123711339,1.0644329896907216,0.9295532646048108,0.2801810942017127,-0.3320754137347951,987.122504305896
2026-06-16T10:30:00Z,2026-06-16T10:45:00Z,2026-06-16,2026-06-16_51,0.0,1,1,99,79.93769480745338,79.93948675776394,9.18743961352657e-06,0.0006971428571428571,0.0027714285714285714,True,True,True,False,0.0,985.1804123711339,1.0644329896907216,0.9295532646048108,0.05975890470735831,-0.16754603174603172,987.0666114983908
2026-06-16T10:45:00Z,2026-06-16T11:00:00Z,2026-06-16,2026-06-16_52,0.0,1,1,99,79.93948675776394,80.02203319254654,0.00023333291925465842,0.0006685714285714286,0.09051428571428571,True,True,True,False,0.0,985.1804123711339,1.0644329896907216,0.9295532646048108,0.05730976926853216,18.07171801669121,1005.3034264113892
2026-06-16T11:00:00Z,2026-06-16T11:15:00Z,2026-06-16,2026-06-16_53,0.0,100,100,0,80.02203319254654,90.70244462111798,0.029667809523809523,0.0,11.609142857142857,True,True,True,False,0.0,0.0,106.3573883161512,92.95532646048109,0.0,165.23192407134675,364.54463884797906
2026-06-16T11:15:00Z,2026-06-16T11:30:00Z,2026-06-16,2026-06-16_54,0.0,100,100,0,90.70244462111798,96.23506176397512,0.015368380952380953,0.0,6.013714285714285,True,True,True,False,0.0,0.0,106.3573883161512,92.95532646048109,0.0,-60.094663393879884,139.2180513827524
2026-06-16T11:30:00Z,2026-06-16T11:45:00Z,2026-06-16,2026-06-16_55,0.0,100,100,0,96.23506176397512,109.2391303354037,0.0361224126984127,0.0,14.134857142857143,True,True,True,False,0.0,0.0,106.3573883161512,92.95532646048109,0.0,6097.013150057273,6296.325864833906
2026-06-16T11:45:00Z,2026-06-16T12:00:00Z,2026-06-16,2026-06-16_56,0.0,100,100,0,109.2391303354037,125.46635319254656,0.04507561904761905,0.0,17.638285714285715,True,True,True,False,0.0,0.0,106.3573883161512,92.95532646048109,0.0,11685.48214367534,11884.79485845197
2026-06-16T12:00:00Z,2026-06-16T12:15:00Z,2026-06-16,2026-06-16_57,0.0,100,100,0,125.46635319254656,143.267564621118,0.04944780952380952,0.0,19.349142857142855,True,True,True,False,0.0,0.0,105.49828178694158,92.95532646048109,0.0,675.8790800196366,874.3326882670592
2026-06-16T12:15:00Z,2026-06-16T12:30:00Z,2026-06-16,2026-06-16_58,0.0,100,100,0,143.267564621118,160.28546176397515,0.04727193650793651,0.0,18.497714285714288,True,True,True,False,0.0,0.0,105.49828178694158,92.95532646048109,0.0,630.6032540228005,829.0568622702231
2026-06-16T12:30:00Z,2026-06-16T12:45:00Z,2026-06-16,2026-06-16_59,0.0,100,100,0,160.28546176397515,174.12173604968945,0.03843409523809523,0.0,15.03942857142857,True,True,True,False,0.0,0.0,105.49828178694158,92.95532646048109,0.0,204.81531075110453,403.26891899852717
2026-06-16T12:45:00Z,2026-06-16T13:00:00Z,2026-06-16,2026-06-16_60,0.0,100,100,0,174.12173604968945,186.4926090931677,0.03442909868875085,0.010857142857142857,13.45942857142857,True,True,True,False,0.0,0.0,105.49828178694158,92.95532646048109,0.930671466753941,3491.3367139038883,3690.7209936180648
2026-06-16T13:00:00Z,2026-06-16T13:15:00Z,2026-06-16,2026-06-16_61,78.5069183150596,21,100,0,186.4926090931677,183.80282965921683,0.026957114576709733,0.0,17.737714285714286,True,True,True,False,906.7549065389384,0.0,22.15463917525773,41.63802978235967,0.0,661.8084104074619,1632.3559859040176
2026-06-16T13:15:00Z,2026-06-16T13:30:00Z,2026-06-16,2026-06-16_62,70.0659451204444,21,100,0,183.80282965921683,179.4740604652255,0.033728848355520646,0.0,14.186285714285715,True,True,True,False,911.7331108797827,0.0,22.15463917525773,41.63802978235967,0.0,227.28119718540336,1202.8069770228035
2026-06-16T13:30:00Z,2026-06-16T13:45:00Z,2026-06-16,2026-06-16_63,79.0,21,100,0,179.4740604652255,178.76447741926276,0.02315191734989648,0.0,19.733714285714285,True,True,True,False,1098.495,0.0,22.15463917525773,41.63802978235967,0.0,671.1045171003108,1833.392186057928
2026-06-16T13:45:00Z,2026-06-16T14:00:00Z,2026-06-16,2026-06-16_64,79.0,21,100,0,178.76447741926276,166.000170199387,0.04433686227743271,0.0,8.273714285714286,True,True,True,False,1253.335,0.0,22.15463917525773,41.63802978235967,0.0,-10.478774450444552,1306.6488945071728
2026-06-16T14:00:00Z,2026-06-16T14:15:00Z,2026-06-16,2026-06-16_65,0.0,51,54,46,166.000170199387,166.71730456957332,0.002354565797101449,0.060034285714285714,0.8504228571428571,True,True,True,False,0.0,457.7605956471935,53.13230240549827,22.546391752577318,7.689087704140074,-25.845029278350516,515.2833482310587
2026-06-16T14:15:00Z,2026-06-16T14:30:00Z,2026-06-16,2026-06-16_66,2.999999999999459,51,54,46,166.71730456957332,165.9162628602567,0.0024962091925461788,0.03497142857142857,0.056159999999999995,True,True,True,False,50.4824999999909,457.7605956471935,53.13230240549827,22.546391752577318,4.128291016200294,-4.217618144329896,583.8324626771304
2026-06-16T14:30:00Z,2026-06-16T14:45:00Z,2026-06-16,2026-06-16_67,2.481180955848899,51,54,46,165.9162628602567,168.3321284571429,0.00953224634055687,0.0,3.3310285714285714,True,True,True,False,59.23199236850284,457.7605956471935,53.13230240549827,22.546391752577318,0.0,6.138682474226804,598.8099646479988
2026-06-16T14:45:00Z,2026-06-16T15:00:00Z,2026-06-16,2026-06-16_68,0.0,51,54,46,168.3321284571429,167.0306086956522,0.006436841242236023,1.6646399999999997,0.5520342857142857,True,True,True,False,0.0,457.7605956471935,53.13230240549827,22.546391752577318,269.1495334707903,-19.308869337260674,783.2799539387987
2026-06-16T15:00:00Z,2026-06-16T15:15:00Z,2026-06-16,2026-06-16_69,-99.99999999999963,100,0,0,167.0306086956522,189.88183155279498,0.06347561904761882,0.1617142857142857,0.0,True,True,True,False,-2396.999999999991,0.0,106.64375715922108,0.0,27.117861779305073,0.0,-2263.2383810614647
2026-06-16T15:15:00Z,2026-06-16T15:30:00Z,2026-06-16,2026-06-16_70,-1.657230817488026,100,0,0,189.88183155279498,189.9941156034486,0.001784666249234812,0.248,0.0,True,True,True,False,-45.868005951024834,0.0,106.64375715922108,0.0,41.61390759831997,0.0,102.38965880651622
2026-06-16T15:30:00Z,2026-06-16T15:45:00Z,2026-06-16,2026-06-16_71,-23.319053363002688,100,0,0,189.9941156034486,190.00000000000009,0.023687420377397274,5.112,0.0,True,True,True,False,-731.4604063639867,0.0,106.64375715922108,0.0,1197.2229828178693,0.0,572.4063336131036
2026-06-16T15:45:00Z,2026-06-16T16:00:00Z,2026-06-16,2026-06-16_72,-6.518461124858638,100,0,0,190.00000000000009,172.46135324072134,0.05115323881957597,17.692,0.0,True,True,True,False,-227.78762400818513,0.0,106.64375715922108,0.0,4562.769502100038,0.0,4441.6256352510745
2026-06-16T16:00:00Z,2026-06-16T16:15:00Z,2026-06-16,2026-06-16_73,-81.0,100,19,0,172.46135324072134,189.99526421711886,0.050209966652864056,1.3114285714285714,0.16524571428571427,True,True,True,False,-2430.2025000000003,0.0,106.64375715922108,7.818728522336769,260.14030927835046,-8.322509858724704,-2063.922214898817
2026-06-16T16:15:00Z,2026-06-16T16:30:00Z,2026-06-16,2026-06-16_74,-37.30176659047708,100,19,0,189.99526421711886,190.00000000000006,0.03170194117568048,8.369714285714286,0.0017371428571428572,True,True,True,False,-1297.4486964332689,0.0,106.64375715922108,7.818728522336769,2117.6991005291006,-0.13265695739922545,934.5802328199903
2026-06-16T16:30:00Z,2026-06-16T16:45:00Z,2026-06-16,2026-06-16_75,-80.99930365568282,100,19,0,190.00000000000006,190.00000000000006,0.022459898342682166,19.574857142857145,0.0,True,True,True,False,-3079.188528470783,0.0,106.64375715922108,7.818728522336769,6500.975236349752,0.0,3536.249193560527
2026-06-16T16:45:00Z,2026-06-16T17:00:00Z,2026-06-16,2026-06-16_76,-30.657966746177564,100,19,0,190.00000000000006,177.3231491900609,0.044541827543695886,19.046857142857142,0.0,True,True,True,False,-1272.6888445506963,0.0,106.64375715922108,7.818728522336769,5244.460116293023,0.0,4086.2337574238845
2026-06-16T17:00:00Z,2026-06-16T17:15:00Z,2026-06-16,2026-06-16_77,0.0,0,100,0,177.3231491900609,188.6654349043466,0.031506349206349205,0.0,12.328571428571427,True,True,True,False,0.0,0.0,0.0,41.89576174112256,0.0,192.82987236131564,234.7256341024382
2026-06-16T17:15:00Z,2026-06-16T17:30:00Z,2026-06-16,2026-06-16_78,46.78040020523408,0,100,0,188.6654349043466,178.67391304347814,0.03516847792270923,0.0,2.7257142857142855,True,True,True,False,2048.747626988227,0.0,0.0,41.89576174112256,0.0,-134.40196367206673,1956.2414250572826
2026-06-16T17:30:00Z,2026-06-16T17:45:00Z,2026-06-16,2026-06-16_79,100.0,0,100,0,178.67391304347814,151.51366459627317,0.07544513457556935,0.0,0.01257142857142857,True,True,True,False,4543.5,0.0,0.0,41.89576174112256,0.0,-0.9600174548628155,4584.43574428626
2026-06-16T17:45:00Z,2026-06-16T18:00:00Z,2026-06-16,2026-06-16_80,100.0,0,100,0,151.51366459627317,124.36273291925454,0.07541925465838507,0.0,0.021142857142857144,True,True,True,False,6095.5,0.0,0.0,41.89576174112256,0.0,-1.614574810451099,6135.7811869306715
2026-06-16T18:00:00Z,2026-06-16T18:15:00Z,2026-06-16,2026-06-16_81,0.0,0,0,100,124.36273291925454,124.36273291925454,0.0,0.0,0.0,True,True,True,False,0.0,995.131729667812,0.0,0.0,0.0,0.0,995.131729667812
2026-06-16T18:15:00Z,2026-06-16T18:30:00Z,2026-06-16,2026-06-16_82,0.0,0,0,100,124.36273291925454,124.36273291925454,0.0,0.0,0.0,True,True,True,False,0.0,995.131729667812,0.0,0.0,0.0,0.0,995.131729667812
2026-06-16T18:30:00Z,2026-06-16T18:45:00Z,2026-06-16,2026-06-16_83,0.0,0,0,100,124.36273291925454,124.36273291925454,0.0,0.0,0.0,True,True,True,False,0.0,995.131729667812,0.0,0.0,0.0,0.0,995.131729667812
2026-06-16T18:45:00Z,2026-06-16T19:00:00Z,2026-06-16,2026-06-16_84,0.0,0,0,100,124.36273291925454,124.36273291925454,0.0,0.0,0.0,True,True,True,False,0.0,995.131729667812,0.0,0.0,0.0,0.0,995.131729667812
2026-06-16T19:00:00Z,2026-06-16T19:15:00Z,2026-06-16,2026-06-16_85,0.0,100,100,0,124.36273291925454,102.48881987577629,0.06076086956521738,20.124,0.0,True,True,True,False,0.0,0.0,91.20847651775487,41.89576174112256,9854.005896907214,0.0,9987.110135166091
2026-06-16T19:15:00Z,2026-06-16T19:30:00Z,2026-06-16,2026-06-16_86,0.0,100,100,0,102.48881987577629,85.39316770186325,0.047487922705314004,15.728,0.0,True,True,True,False,0.0,0.0,91.20847651775487,41.89576174112256,5909.731442535318,0.0,6042.8356807941955
2026-06-16T19:30:00Z,2026-06-16T19:45:00Z,2026-06-16,2026-06-16_87,0.0,100,100,0,85.39316770186325,76.59689440993778,0.024434092477570744,8.09257142857143,0.0,True,True,True,False,0.0,0.0,91.20847651775487,41.89576174112256,2036.0016719576722,0.0,2169.1059102165495
2026-06-16T19:45:00Z,2026-06-16T20:00:00Z,2026-06-16,2026-06-16_88,0.0,100,100,0,76.59689440993778,64.34782608695642,0.03402518978605935,11.269142857142857,0.0,True,True,True,False,0.0,0.0,91.20847651775487,41.89576174112256,2985.987235477008,0.0,3119.0914737358858
2026-06-16T20:00:00Z,2026-06-16T20:15:00Z,2026-06-16,2026-06-16_89,100.0,0,100,0,64.34782608695642,37.17391304347816,0.0754830917874396,0.0,0.0,True,True,True,False,6400.5,0.0,0.0,41.89576174112256,0.0,0.0,6442.395761741122
2026-06-16T20:15:00Z,2026-06-16T20:30:00Z,2026-06-16,2026-06-16_90,100.0,0,100,0,37.17391304347816,9.999999999999897,0.07548309178743962,0.0,0.0,True,True,True,False,4648.25,0.0,0.0,41.89576174112256,0.0,0.0,4690.145761741122
2026-06-16T20:30:00Z,2026-06-16T20:45:00Z,2026-06-16,2026-06-16_91,0.0,0,100,0,9.999999999999897,10.061508571428469,0.0001708571428571429,0.0,0.06685714285714286,True,True,True,False,0.0,0.0,0.0,41.89576174112256,0.0,-3.7157025036818854,38.18005923744068
2026-06-16T20:45:00Z,2026-06-16T21:00:00Z,2026-06-16,2026-06-16_92,12.008001766051251,0,100,0,10.061508571428469,9.999999999999897,0.015487610308456756,0.0,3.4057142857142857,True,True,True,False,519.7363364391133,0.0,0.0,41.89576174112256,0.0,-99.73190203458243,461.9001961456534
2026-06-16T21:00:00Z,2026-06-16T21:15:00Z,2026-06-17,2026-06-16_93,-1.966152848453907e-13,100,21,0,9.999999999999897,10.03691250683224,0.0009824519254659624,0.1457142857142857,0.21228,True,True,True,False,-8.190992766658976e-12,0.0,108.4209520168228,8.454597591282738,24.49091951825655,-10.933454819346206,130.43301430700768
2026-06-16T21:15:00Z,2026-06-16T21:30:00Z,2026-06-17,2026-06-16_94,-76.95519784627476,100,21,0,10.03691250683224,27.670903940372728,0.049184494318319595,0.14457142857142857,0.07919999999999999,True,True,True,False,-3078.5926898402217,0.0,108.4209520168228,8.454597591282738,23.829467296610865,-4.266867826419422,-2942.1545407619246
2026-06-16T21:30:00Z,2026-06-16T21:45:00Z,2026-06-17,2026-06-16_95,-79.0,100,21,0,27.670903940372728,45.854127036024906,0.05054446028985508,0.028000000000000004,0.04343999999999999,True,True,True,False,-3133.7324999999996,0.0,108.4209520168228,8.454597591282738,4.282164022175492,-2.692491087746128,-3015.267277457465
2026-06-16T21:45:00Z,2026-06-16T22:00:00Z,2026-06-17,2026-06-16_96,-79.00000000000033,100,21,0,45.854127036024906,64.34782608695666,0.05137211089026937,0.0005714285714285715,0.35244,True,True,True,False,-2867.502500000012,0.0,108.4209520168228,8.454597591282738,0.08739110249337739,-17.731889053718216,-2768.2714483431314
2026-06-16T22:00:00Z,2026-06-16T22:15:00Z,2026-06-17,2026-06-17_1,0.0,0,0,100,64.34782608695666,64.34782608695666,0.0,0.0,0.0,True,True,True,False,0.0,996.4633913209713,0.0,0.0,0.0,0.0,996.4633913209713
2026-06-16T22:15:00Z,2026-06-16T22:30:00Z,2026-06-17,2026-06-17_2,0.0,0,0,100,64.34782608695666,64.34782608695666,0.0,0.0,0.0,True,True,True,False,0.0,996.4633913209713,0.0,0.0,0.0,0.0,996.4633913209713
2026-06-16T22:30:00Z,2026-06-16T22:45:00Z,2026-06-17,2026-06-17_3,0.0,0,0,100,64.34782608695666,64.34782608695666,0.0,0.0,0.0,True,True,True,False,0.0,996.4633913209713,0.0,0.0,0.0,0.0,996.4633913209713
2026-06-16T22:45:00Z,2026-06-16T23:00:00Z,2026-06-17,2026-06-17_4,0.0,0,0,100,64.34782608695666,64.34782608695666,0.0,0.0,0.0,True,True,True,False,0.0,996.4633913209713,0.0,0.0,0.0,0.0,996.4633913209713
2026-06-16T23:00:00Z,2026-06-16T23:15:00Z,2026-06-17,2026-06-17_5,0.0,0,0,100,64.34782608695666,64.34782608695666,0.0,0.0,0.0,True,True,True,False,0.0,996.4633913209713,0.0,0.0,0.0,0.0,996.4633913209713
2026-06-16T23:15:00Z,2026-06-16T23:30:00Z,2026-06-17,2026-06-17_6,0.0,0,0,100,64.34782608695666,64.34782608695666,0.0,0.0,0.0,True,True,True,False,0.0,996.4633913209713,0.0,0.0,0.0,0.0,996.4633913209713
2026-06-16T23:30:00Z,2026-06-16T23:45:00Z,2026-06-17,2026-06-17_7,0.0,0,0,100,64.34782608695666,64.34782608695666,0.0,0.0,0.0,True,True,True,False,0.0,996.4633913209713,0.0,0.0,0.0,0.0,996.4633913209713
2026-06-16T23:45:00Z,2026-06-17T00:00:00Z,2026-06-17,2026-06-17_8,0.0,0,0,100,64.34782608695666,64.34782608695666,0.0,0.0,0.0,True,True,True,False,0.0,996.4633913209713,0.0,0.0,0.0,0.0,996.4633913209713
2026-06-17T00:00:00Z,2026-06-17T00:15:00Z,2026-06-17,2026-06-17_9,0.0,0,0,100,64.34782608695666,64.34782608695666,0.0,0.0,0.0,True,True,True,False,0.0,996.4633913209713,0.0,0.0,0.0,0.0,996.4633913209713
2026-06-17T00:15:00Z,2026-06-17T00:30:00Z,2026-06-17,2026-06-17_10,0.0,0,0,100,64.34782608695666,64.34782608695666,0.0,0.0,0.0,True,True,True,False,0.0,996.4633913209713,0.0,0.0,0.0,0.0,996.4633913209713
2026-06-17T00:30:00Z,2026-06-17T00:45:00Z,2026-06-17,2026-06-17_11,0.0,0,0,100,64.34782608695666,64.34782608695666,0.0,0.0,0.0,True,True,True,False,0.0,996.4633913209713,0.0,0.0,0.0,0.0,996.4633913209713
2026-06-17T00:45:00Z,2026-06-17T01:00:00Z,2026-06-17,2026-06-17_12,0.0,0,0,100,64.34782608695666,64.34782608695666,0.0,0.0,0.0,True,True,True,False,0.0,996.4633913209713,0.0,0.0,0.0,0.0,996.4633913209713
2026-06-17T01:00:00Z,2026-06-17T01:15:00Z,2026-06-17,2026-06-17_13,0.0,0,0,100,64.34782608695666,64.34782608695666,0.0,0.0,0.0,True,True,True,False,0.0,996.4633913209713,0.0,0.0,0.0,0.0,996.4633913209713
2026-06-17T01:15:00Z,2026-06-17T01:30:00Z,2026-06-17,2026-06-17_14,0.0,0,0,100,64.34782608695666,64.34782608695666,0.0,0.0,0.0,True,True,True,False,0.0,996.4633913209713,0.0,0.0,0.0,0.0,996.4633913209713
2026-06-17T01:30:00Z,2026-06-17T01:45:00Z,2026-06-17,2026-06-17_15,0.0,0,0,100,64.34782608695666,64.34782608695666,0.0,0.0,0.0,True,True,True,False,0.0,996.4633913209713,0.0,0.0,0.0,0.0,996.4633913209713
2026-06-17T01:45:00Z,2026-06-17T02:00:00Z,2026-06-17,2026-06-17_16,0.0,0,0,100,64.34782608695666,64.34782608695666,0.0,0.0,0.0,True,True,True,False,0.0,996.4633913209713,0.0,0.0,0.0,0.0,996.4633913209713
2026-06-17T02:00:00Z,2026-06-17T02:15:00Z,2026-06-17,2026-06-17_17,0.0,0,0,100,64.34782608695666,64.34782608695666,0.0,0.0,0.0,True,True,True,False,0.0,996.4633913209713,0.0,0.0,0.0,0.0,996.4633913209713
2026-06-17T02:15:00Z,2026-06-17T02:30:00Z,2026-06-17,2026-06-17_18,0.0,0,0,100,64.34782608695666,64.34782608695666,0.0,0.0,0.0,True,True,True,False,0.0,996.4633913209713,0.0,0.0,0.0,0.0,996.4633913209713
2026-06-17T02:30:00Z,2026-06-17T02:45:00Z,2026-06-17,2026-06-17_19,0.0,0,0,100,64.34782608695666,64.34782608695666,0.0,0.0,0.0,True,True,True,False,0.0,996.4633913209713,0.0,0.0,0.0,0.0,996.4633913209713
2026-06-17T02:45:00Z,2026-06-17T03:00:00Z,2026-06-17,2026-06-17_20,0.0,0,0,100,64.34782608695666,64.34782608695666,0.0,0.0,0.0,True,True,True,False,0.0,996.4633913209713,0.0,0.0,0.0,0.0,996.4633913209713
2026-06-17T03:00:00Z,2026-06-17T03:15:00Z,2026-06-17,2026-06-17_21,0.0,0,0,100,64.34782608695666,64.34782608695666,0.0,0.0,0.0,True,True,True,False,0.0,996.4633913209713,0.0,0.0,0.0,0.0,996.4633913209713
2026-06-17T03:15:00Z,2026-06-17T03:30:00Z,2026-06-17,2026-06-17_22,0.0,0,0,100,64.34782608695666,64.34782608695666,0.0,0.0,0.0,True,True,True,False,0.0,996.4633913209713,0.0,0.0,0.0,0.0,996.4633913209713
2026-06-17T03:30:00Z,2026-06-17T03:45:00Z,2026-06-17,2026-06-17_23,0.0,0,0,100,64.34782608695666,64.34782608695666,0.0,0.0,0.0,True,True,True,False,0.0,996.4633913209713,0.0,0.0,0.0,0.0,996.4633913209713
2026-06-17T03:45:00Z,2026-06-17T04:00:00Z,2026-06-17,2026-06-17_24,0.0,0,0,100,64.34782608695666,64.34782608695666,0.0,0.0,0.0,True,True,True,False,0.0,996.4633913209713,0.0,0.0,0.0,0.0,996.4633913209713
2026-06-17T04:00:00Z,2026-06-17T04:15:00Z,2026-06-17,2026-06-17_25,0.0,0,0,100,64.34782608695666,64.34782608695666,0.0,0.0,0.0,True,True,True,False,0.0,996.4633913209713,0.0,0.0,0.0,0.0,996.4633913209713
2026-06-17T04:15:00Z,2026-06-17T04:30:00Z,2026-06-17,2026-06-17_26,0.0,0,0,100,64.34782608695666,64.34782608695666,0.0,0.0,0.0,True,True,True,False,0.0,996.4633913209713,0.0,0.0,0.0,0.0,996.4633913209713
2026-06-17T04:30:00Z,2026-06-17T04:45:00Z,2026-06-17,2026-06-17_27,0.0,0,0,100,64.34782608695666,64.34782608695666,0.0,0.0,0.0,True,True,True,False,0.0,996.4633913209713,0.0,0.0,0.0,0.0,996.4633913209713
2026-06-17T04:45:00Z,2026-06-17T05:00:00Z,2026-06-17,2026-06-17_28,0.0,0,0,100,64.34782608695666,64.34782608695666,0.0,0.0,0.0,True,True,True,False,0.0,996.4633913209713,0.0,0.0,0.0,0.0,996.4633913209713
2026-06-17T05:00:00Z,2026-06-17T05:15:00Z,2026-06-17,2026-06-17_29,0.0,0,0,100,64.34782608695666,64.34782608695666,0.0,0.0,0.0,True,True,True,False,0.0,996.4633913209713,0.0,0.0,0.0,0.0,996.4633913209713
2026-06-17T05:15:00Z,2026-06-17T05:30:00Z,2026-06-17,2026-06-17_30,0.0,0,0,100,64.34782608695666,64.34782608695666,0.0,0.0,0.0,True,True,True,False,0.0,996.4633913209713,0.0,0.0,0.0,0.0,996.4633913209713
2026-06-17T05:30:00Z,2026-06-17T05:45:00Z,2026-06-17,2026-06-17_31,0.0,0,0,100,64.34782608695666,64.34782608695666,0.0,0.0,0.0,True,True,True,False,0.0,996.4633913209713,0.0,0.0,0.0,0.0,996.4633913209713
2026-06-17T05:45:00Z,2026-06-17T06:00:00Z,2026-06-17,2026-06-17_32,0.0,0,0,100,64.34782608695666,64.34782608695666,0.0,0.0,0.0,True,True,True,False,0.0,996.4633913209713,0.0,0.0,0.0,0.0,996.4633913209713
2026-06-17T06:00:00Z,2026-06-17T06:15:00Z,2026-06-17,2026-06-17_33,0.0,0,0,100,64.34782608695666,64.34782608695666,0.0,0.0,0.0,True,True,True,False,0.0,996.4633913209713,0.0,0.0,0.0,0.0,996.4633913209713
2026-06-17T06:15:00Z,2026-06-17T06:30:00Z,2026-06-17,2026-06-17_34,0.0,0,0,100,64.34782608695666,64.34782608695666,0.0,0.0,0.0,True,True,True,False,0.0,996.4633913209713,0.0,0.0,0.0,0.0,996.4633913209713
2026-06-17T06:30:00Z,2026-06-17T06:45:00Z,2026-06-17,2026-06-17_35,0.0,0,0,100,64.34782608695666,64.34782608695666,0.0,0.0,0.0,True,True,True,False,0.0,996.4633913209713,0.0,0.0,0.0,0.0,996.4633913209713
2026-06-17T06:45:00Z,2026-06-17T07:00:00Z,2026-06-17,2026-06-17_36,0.0,0,0,100,64.34782608695666,64.34782608695666,0.0,0.0,0.0,True,True,True,False,0.0,996.4633913209713,0.0,0.0,0.0,0.0,996.4633913209713
2026-06-17T07:00:00Z,2026-06-17T07:15:00Z,2026-06-17,2026-06-17_37,91.0,9,100,0,64.34782608695666,42.010832983851074,0.06307339734989649,5.142857142857143e-05,2.230857142857143,True,True,True,False,2687.9125,0.0,9.592716497801568,40.2599885299178,0.004915749515252478,-62.8981450146107,2674.8719757626236
2026-06-17T07:15:00Z,2026-06-17T07:30:00Z,2026-06-17,2026-06-17_38,88.78852214636909,9,100,0,42.010832983851074,21.74687703850946,0.058361174383687965,0.0,3.6165714285714285,True,True,True,False,2363.994402147077,0.0,9.592716497801568,40.2599885299178,0.0,-138.49442848949943,2275.3526786852967
2026-06-17T07:30:00Z,2026-06-17T07:45:00Z,2026-06-17,2026-06-17_39,91.0,9,100,0,21.74687703850946,10.000000000000144,0.038200945424430637,0.0,12.110285714285714,True,True,True,False,2343.705,0.0,9.592716497801568,40.2599885299178,0.0,203.99268121364395,2597.5503862413634
2026-06-17T07:45:00Z,2026-06-17T08:00:00Z,2026-06-17,2026-06-17_40,0.0,9,100,0,10.000000000000144,24.35147428571443,0.03986520634920635,0.0,15.599428571428572,True,True,True,False,0.0,0.0,9.592716497801568,40.2599885299178,0.0,313.80765983013356,363.6603648578529
2026-06-17T08:00:00Z,2026-06-17T08:15:00Z,2026-06-17,2026-06-17_41,75.98111368513831,24,100,0,24.35147428571443,19.31394420869579,0.03229818398981371,0.0,14.910857142857143,True,True,True,False,1835.323801064516,0.0,25.7939208564328,40.14528770789524,0.0,237.57034557719092,2138.833355206035
2026-06-17T08:15:00Z,2026-06-17T08:30:00Z,2026-06-17,2026-06-17_42,0.0,24,100,0,19.31394420869579,33.39204706583865,0.03910584126984128,0.0,15.302285714285716,True,True,True,False,0.0,0.0,25.7939208564328,40.14528770789524,0.0,259.76441772947,325.70362629379804
2026-06-17T08:30:00Z,2026-06-17T08:45:00Z,2026-06-17,2026-06-17_43,0.0,24,100,0,33.39204706583865,38.822675637267224,0.015085079365079366,0.0,5.902857142857143,True,True,True,False,0.0,0.0,25.7939208564328,40.14528770789524,0.0,-61.79211513777754,4.147093426550498
2026-06-17T08:45:00Z,2026-06-17T09:00:00Z,2026-06-17,2026-06-17_44,0.0,24,100,0,38.822675637267224,46.51808135155294,0.021376126984126987,0.0,8.364571428571429,True,True,True,False,0.0,0.0,25.7939208564328,40.14528770789524,0.0,120.6202860966218,186.55949466094984
2026-06-17T09:00:00Z,2026-06-17T09:15:00Z,2026-06-17,2026-06-17_45,0.0,100,100,0,46.51808135155294,56.86571563726722,0.02874342857142857,0.0,11.247428571428571,True,True,True,False,0.0,0.0,107.47467023513667,91.50258076849552,0.0,100.5689115984379,299.54616260207007
2026-06-17T09:15:00Z,2026-06-17T09:30:00Z,2026-06-17,2026-06-17_46,0.0,100,100,0,56.86571563726722,65.64198992298151,0.024378539682539682,0.0,9.539428571428571,True,True,True,False,0.0,0.0,107.47467023513667,91.50258076849552,0.0,229.49884676516373,428.4760977687959
2026-06-17T09:30:00Z,2026-06-17T09:45:00Z,2026-06-17,2026-06-17_47,0.0,100,100,0,65.64198992298151,80.40772706583866,0.041015936507936515,0.0,16.049714285714288,True,True,True,False,0.0,0.0,107.47467023513667,91.50258076849552,0.0,353.0292822459514,552.0065332495835
2026-06-17T09:45:00Z,2026-06-17T10:00:00Z,2026-06-17,2026-06-17_48,0.0,100,100,0,80.40772706583866,79.67706073043493,0.0058206128364389235,1.3,0.7417142857142858,True,True,True,False,0.0,0.0,107.47467023513667,91.50258076849552,183.6757598929459,-20.367862795969085,362.28514810060904
2026-06-17T10:00:00Z,2026-06-17T10:15:00Z,2026-06-17,2026-06-17_49,0.0,1,1,99,79.67706073043493,79.71070118757778,9.344571428571429e-05,0.0,0.036565714285714285,True,True,True,False,0.0,986.4987574077616,1.0747467023513668,0.9933091187153508,0.0,-0.8007269301144277,987.7660862987138
2026-06-17T10:15:00Z,2026-06-17T10:30:00Z,2026-06-17,2026-06-17_50,0.0,1,1,99,79.71070118757778,79.746418236025,9.95935955831608e-05,6.285714285714285e-05,0.03889714285714286,True,True,True,False,0.0,986.4987574077616,1.0747467023513668,0.9933091187153508,0.008411393614987573,-0.7246795739683753,987.8505450484749
2026-06-17T10:30:00Z,2026-06-17T10:45:00Z,2026-06-17,2026-06-17_51,0.0,1,1,99,79.746418236025,79.75954452670823,3.953300207039338e-05,0.0005085714285714285,0.014868571428571427,True,True,True,False,0.0,986.4987574077616,1.0747467023513668,0.9933091187153508,0.059535232269164594,-0.720115242646858,987.9062332184506
2026-06-17T10:45:00Z,2026-06-17T11:00:00Z,2026-06-17,2026-06-17_52,0.0,1,1,99,79.75954452670823,79.76614148571443,2.2155113871635612e-05,0.0006342857142857143,0.00792,True,True,True,False,0.0,986.4987574077616,1.0747467023513668,0.9933091187153508,0.06947592975940137,-0.39907049512521503,988.2372186634625
2026-06-17T11:00:00Z,2026-06-17T11:15:00Z,2026-06-17,2026-06-17_53,-1.0,1,0,99,79.76614148571443,79.9929661714287,0.0006300685714285715,0.0034514285714285714,0.0,True,True,True,False,-14.5225,986.4987574077616,1.0744599502963104,0.0,0.4372830018843707,0.0,973.4880003599422
2026-06-17T11:15:00Z,2026-06-17T11:30:00Z,2026-06-17,2026-06-17_54,-1.0,1,0,99,79.9929661714287,80.22240891428585,0.0006373409523809523,0.0006057142857142857,0.0,True,True,True,False,-13.4675,986.4987574077616,1.0744599502963104,0.0,0.08105524756260753,0.0,974.1867726056205
2026-06-17T11:30:00Z,2026-06-17T11:45:00Z,2026-06-17,2026-06-17_55,-1.0,1,0,99,80.22240891428585,80.45051108571441,0.0006336171428571428,0.0020628571428571428,0.0,True,True,True,False,-12.135,986.4987574077616,1.0744599502963104,0.0,0.2760466450009558,0.0,975.7142640030588
2026-06-17T11:45:00Z,2026-06-17T12:00:00Z,2026-06-17,2026-06-17_56,-1.0,1,0,99,80.45051108571441,80.67929142857156,0.0006355009523809524,0.0013257142857142858,0.0,True,True,True,False,-11.18,986.4987574077616,1.0744599502963104,0.0,0.17740393806155613,0.0,976.5706212961194
2026-06-17T12:00:00Z,2026-06-17T12:15:00Z,2026-06-17,2026-06-17_57,-100.0,100,0,0,80.67929142857156,96.14738285714299,0.042966920634920636,8.186857142857143,0.0,True,True,True,False,-1357.5,0.0,106.4710380424393,0.0,1271.6845058852446,0.0,20.655543927683865
2026-06-17T12:15:00Z,2026-06-17T12:30:00Z,2026-06-17,2026-06-17_58,-100.0,100,0,0,96.14738285714299,106.53812571428584,0.02886317460317461,13.705714285714285,0.0,True,True,True,False,-1465.25,0.0,106.4710380424393,0.0,2343.5304175656115,0.0,984.7514556080508
2026-06-17T12:30:00Z,2026-06-17T12:45:00Z,2026-06-17,2026-06-17_59,-100.0,100,0,0,106.53812571428584,123.27056000000013,0.04647898412698413,6.812571428571429,0.0,True,True,True,False,-1555.0,0.0,106.4710380424393,0.0,1091.1405624709835,0.0,-357.3883994865772
2026-06-17T12:45:00Z,2026-06-17T13:00:00Z,2026-06-17,2026-06-17_60,-100.0,100,0,0,123.27056000000013,144.00000000000014,0.05758177777777778,2.468,0.0,True,True,True,False,-1858.5,0.0,106.4710380424393,0.0,349.11655209329,0.0,-1402.9124098642708
2026-06-17T13:00:00Z,2026-06-17T13:15:00Z,2026-06-17,2026-06-17_61,0.0,0,0,100,144.00000000000014,144.00000000000014,0.0,0.0,0.0,True,True,True,False,0.0,996.4633913209713,0.0,0.0,0.0,0.0,996.4633913209713
2026-06-17T13:15:00Z,2026-06-17T13:30:00Z,2026-06-17,2026-06-17_62,0.0,0,0,100,144.00000000000014,144.00000000000014,0.0,0.0,0.0,True,True,True,False,0.0,996.4633913209713,0.0,0.0,0.0,0.0,996.4633913209713
2026-06-17T13:30:00Z,2026-06-17T13:45:00Z,2026-06-17,2026-06-17_63,0.0,0,0,100,144.00000000000014,144.00000000000014,0.0,0.0,0.0,True,True,True,False,0.0,996.4633913209713,0.0,0.0,0.0,0.0,996.4633913209713
2026-06-17T13:45:00Z,2026-06-17T14:00:00Z,2026-06-17,2026-06-17_64,0.0,0,0,100,144.00000000000014,144.00000000000014,0.0,0.0,0.0,True,True,True,False,0.0,996.4633913209713,0.0,0.0,0.0,0.0,996.4633913209713
2026-06-17T14:00:00Z,2026-06-17T14:15:00Z,2026-06-17,2026-06-17_65,0.0,0,0,100,144.00000000000014,144.00000000000014,0.0,0.0,0.0,True,True,True,False,0.0,996.4633913209713,0.0,0.0,0.0,0.0,996.4633913209713
2026-06-17T14:15:00Z,2026-06-17T14:30:00Z,2026-06-17,2026-06-17_66,0.0,0,0,100,144.00000000000014,144.00000000000014,0.0,0.0,0.0,True,True,True,False,0.0,996.4633913209713,0.0,0.0,0.0,0.0,996.4633913209713
2026-06-17T14:30:00Z,2026-06-17T14:45:00Z,2026-06-17,2026-06-17_67,0.0,0,0,100,144.00000000000014,144.00000000000014,0.0,0.0,0.0,True,True,True,False,0.0,996.4633913209713,0.0,0.0,0.0,0.0,996.4633913209713
2026-06-17T14:45:00Z,2026-06-17T15:00:00Z,2026-06-17,2026-06-17_68,0.0,0,0,100,144.00000000000014,144.00000000000014,0.0,0.0,0.0,True,True,True,False,0.0,996.4633913209713,0.0,0.0,0.0,0.0,996.4633913209713
2026-06-17T15:00:00Z,2026-06-17T15:15:00Z,2026-06-17,2026-06-17_69,-100.0,100,0,0,144.00000000000014,164.34566857142872,0.05651574603174603,2.8851428571428572,0.0,True,True,True,False,-2254.75,0.0,108.44962722232843,0.0,583.1292338531284,0.0,-1563.1711389245431
2026-06-17T15:15:00Z,2026-06-17T15:30:00Z,2026-06-17,2026-06-17_70,-60.95812527319077,100,0,0,164.34566857142872,172.1712069565219,0.036562202536018336,6.287999999999999,0.0,True,True,True,False,-1662.3280761999122,0.0,108.44962722232843,0.0,1372.3671190976868,0.0,-181.51132987989695
2026-06-17T15:30:00Z,2026-06-17T15:45:00Z,2026-06-17,2026-06-17_71,0.0,100,0,0,172.1712069565219,149.82400198757782,0.06207556935817804,20.55942857142857,0.0,True,True,True,False,0.0,0.0,108.44962722232843,0.0,10326.402385886335,0.0,10434.852013108663
2026-06-17T15:45:00Z,2026-06-17T16:00:00Z,2026-06-17,2026-06-17_72,2.1239049166742117e-14,100,0,0,149.82400198757782,143.5488467080747,0.017430986887508642,5.773142857142857,0.0,True,True,True,False,7.497915332089136e-13,0.0,108.44962722232843,0.0,1091.7751478275118,0.0,1200.224775049841
2026-06-17T16:00:00Z,2026-06-17T16:15:00Z,2026-06-17,2026-06-17_73,0.0,0,0,100,143.5488467080747,143.5488467080747,0.0,0.0,0.0,True,True,True,False,0.0,996.4633913209713,0.0,0.0,0.0,0.0,996.4633913209713
2026-06-17T16:15:00Z,2026-06-17T16:30:00Z,2026-06-17,2026-06-17_74,0.0,0,0,100,143.5488467080747,143.5488467080747,0.0,0.0,0.0,True,True,True,False,0.0,996.4633913209713,0.0,0.0,0.0,0.0,996.4633913209713
2026-06-17T16:30:00Z,2026-06-17T16:45:00Z,2026-06-17,2026-06-17_75,0.0,0,0,100,143.5488467080747,143.5488467080747,0.0,0.0,0.0,True,True,True,False,0.0,996.4633913209713,0.0,0.0,0.0,0.0,996.4633913209713
2026-06-17T16:45:00Z,2026-06-17T17:00:00Z,2026-06-17,2026-06-17_76,0.0,0,0,100,143.5488467080747,143.5488467080747,0.0,0.0,0.0,True,True,True,False,0.0,996.4633913209713,0.0,0.0,0.0,0.0,996.4633913209713
2026-06-17T17:00:00Z,2026-06-17T17:15:00Z,2026-06-17,2026-06-17_77,0.0,100,100,0,143.5488467080747,143.16890335403744,0.002685112491373361,0.6194285714285714,0.3188571428571429,True,True,True,False,0.0,0.0,87.40202638118906,40.460714968457275,106.3514214709015,-18.920157522462247,215.29400529808558
2026-06-17T17:15:00Z,2026-06-17T17:30:00Z,2026-06-17,2026-06-17_78,0.0,100,100,0,143.16890335403744,139.4471572670809,0.01111799309868875,3.553142857142857,0.15257142857142858,True,True,True,False,0.0,0.0,87.40202638118906,40.460714968457275,980.6232774940601,-9.711342054237104,1098.7746767894694
2026-06-17T17:30:00Z,2026-06-17T17:45:00Z,2026-06-17,2026-06-17_79,0.0,100,100,0,139.4471572670809,121.09249888198775,0.05098516218081434,16.886285714285712,0.0,True,True,True,False,0.0,0.0,87.40202638118906,40.460714968457275,5373.612527186826,0.0,5501.475268536472
2026-06-17T17:45:00Z,2026-06-17T18:00:00Z,2026-06-17,2026-06-17_80,0.0,100,100,0,121.09249888198775,106.6744864596275,0.04005003450655625,13.26457142857143,0.0,True,True,True,False,0.0,0.0,87.40202638118906,40.460714968457275,4895.060472458148,0.0,5022.923213807794
2026-06-17T18:00:00Z,2026-06-17T18:15:00Z,2026-06-17,2026-06-17_81,13.0,0,13,87,106.6744864596275,103.14187776397533,0.009812801932367148,0.0,0.0,True,True,True,False,543.27,866.9231504492449,0.0,5.259892945899446,0.0,0.0,1415.4530433951443
2026-06-17T18:15:00Z,2026-06-17T18:30:00Z,2026-06-17,2026-06-17_82,13.0,0,13,87,103.14187776397533,99.61023801242253,0.009810110420979986,0.0,0.0008914285714285713,True,True,True,False,548.2425,866.9231504492449,0.0,5.259892945899446,0.0,-0.06816505994483435,1420.3573783351994
2026-06-17T18:30:00Z,2026-06-17T18:45:00Z,2026-06-17,2026-06-17_83,13.0,0,13,87,99.61023801242253,96.08312000000018,0.009797550034506556,0.0,0.005051428571428572,True,True,True,False,597.2525,866.9231504492449,0.0,5.259892945899446,0.0,-0.35644680012016283,1469.079096595024
2026-06-17T18:45:00Z,2026-06-17T19:00:00Z,2026-06-17,2026-06-17_84,13.0,0,13,87,96.08312000000018,92.66678459627347,0.009489820565907523,0.0,0.10697142857142858,True,True,True,False,614.6725,866.9231504492449,0.0,5.259892945899446,0.0,-5.581246044187127,1481.274297350957
2026-06-17T19:00:00Z,2026-06-17T19:15:00Z,2026-06-17,2026-06-17_85,0.0,100,100,0,92.66678459627347,78.73261714285734,0.04041751276742581,13.102857142857143,0.3348571428571428,True,True,True,False,0.0,0.0,87.40202638118906,40.460714968457275,7101.716008411393,-16.826843487997376,7212.751906273042
2026-06-17T19:15:00Z,2026-06-17T19:30:00Z,2026-06-17,2026-06-17_86,0.0,100,100,0,78.73261714285734,58.83199602484491,0.05527950310559006,18.308571428571426,0.0,True,True,True,False,0.0,0.0,87.40202638118906,40.460714968457275,14642.328125187752,0.0,14770.1908665374
2026-06-17T19:30:00Z,2026-06-17T19:45:00Z,2026-06-17,2026-06-17_87,0.0,100,100,0,58.83199602484491,51.71503503105609,0.0197751773636991,6.548571428571429,0.001142857142857143,True,True,True,False,0.0,0.0,87.40202638118906,40.460714968457275,1563.8717164158727,-0.08739110249337739,1691.6470666630257
2026-06-17T19:45:00Z,2026-06-17T20:00:00Z,2026-06-17,2026-06-17_88,0.0,100,100,0,51.71503503105609,53.18415403726727,0.006561907522429262,0.41085714285714287,2.0822857142857143,True,True,True,False,0.0,0.0,87.40202638118906,40.460714968457275,70.46910811917962,-112.14328645164817,86.18856301717778
2026-06-17T20:00:00Z,2026-06-17T20:15:00Z,2026-06-17,2026-06-17_89,0.0,100,100,0,53.18415403726727,39.47018633540391,0.03869308488612836,12.716,0.11714285714285713,True,True,True,False,0.0,0.0,108.4209520168228,40.460714968457275,3501.4482003441026,-6.317070213288909,3644.0127971160937
2026-06-17T20:15:00Z,2026-06-17T20:30:00Z,2026-06-17,2026-06-17_90,0.0,100,100,0,39.47018633540391,24.613664596273473,0.041268115942028984,13.668,0.0,True,True,True,False,0.0,0.0,108.4209520168228,40.460714968457275,3457.3220370865993,0.0,3606.203704071879
2026-06-17T20:30:00Z,2026-06-17T20:45:00Z,2026-06-17,2026-06-17_91,0.0,100,100,0,24.613664596273473,13.814285714285896,0.029998274672187714,9.935428571428572,0.0,True,True,True,False,0.0,0.0,108.4209520168228,40.460714968457275,2338.8485087254553,0.0,2487.7301757107352
2026-06-17T20:45:00Z,2026-06-17T21:00:00Z,2026-06-17,2026-06-17_92,0.0,100,100,0,13.814285714285896,10.000000000000181,0.010595238095238095,3.5091428571428573,0.0,True,True,True,False,0.0,0.0,108.4209520168228,40.460714968457275,639.9848759865637,0.0,788.8665429718437
2026-06-17T21:00:00Z,2026-06-17T21:15:00Z,2026-06-18,2026-06-17_93,-99.99999999999854,100,0,0,10.000000000000181,21.198239999999814,0.031106222222222334,12.828000000000001,0.0,True,True,True,False,-3828.4999999999436,0.0,106.49174438159302,0.0,3097.853645467054,0.0,-624.1546101512968
2026-06-17T21:15:00Z,2026-06-17T21:30:00Z,2026-06-18,2026-06-17_94,-99.99999999999994,100,0,0,21.198239999999814,32.442742857142655,0.03123473015873016,12.777714285714287,0.0,True,True,True,False,-3657.749999999998,0.0,106.49174438159302,0.0,3091.77318452836,0.0,-459.485071090045
2026-06-17T21:30:00Z,2026-06-17T21:45:00Z,2026-06-18,2026-06-17_95,-100.00000000000004,100,0,0,32.442742857142655,47.88507428571409,0.04289536507936511,8.214857142857143,0.0,True,True,True,False,-3485.5000000000014,0.0,106.49174438159302,0.0,1761.4658134404963,0.0,-1617.542442177912
2026-06-17T21:45:00Z,2026-06-17T22:00:00Z,2026-06-18,2026-06-17_96,-74.8586521534742,100,0,0,47.88507428571409,64.34782608695646,0.046921000365537986,0.7845714285714286,0.0,True,True,True,False,-2525.918070288603,0.0,106.49174438159302,0.0,133.7846618035687,0.0,-2285.641664103441
2026-06-17T22:00:00Z,2026-06-17T22:15:00Z,2026-06-18,2026-06-18_1,0.0,0,0,100,64.34782608695646,64.34782608695646,0.0,0.0,0.0,True,True,True,False,0.0,996.1206237578351,0.0,0.0,0.0,0.0,996.1206237578351
2026-06-17T22:15:00Z,2026-06-17T22:30:00Z,2026-06-18,2026-06-18_2,0.0,0,0,100,64.34782608695646,64.34782608695646,0.0,0.0,0.0,True,True,True,False,0.0,996.1206237578351,0.0,0.0,0.0,0.0,996.1206237578351
2026-06-17T22:30:00Z,2026-06-17T22:45:00Z,2026-06-18,2026-06-18_3,0.0,0,0,100,64.34782608695646,64.34782608695646,0.0,0.0,0.0,True,True,True,False,0.0,996.1206237578351,0.0,0.0,0.0,0.0,996.1206237578351
2026-06-17T22:45:00Z,2026-06-17T23:00:00Z,2026-06-18,2026-06-18_4,0.0,0,0,100,64.34782608695646,64.34782608695646,0.0,0.0,0.0,True,True,True,False,0.0,996.1206237578351,0.0,0.0,0.0,0.0,996.1206237578351
2026-06-17T23:00:00Z,2026-06-17T23:15:00Z,2026-06-18,2026-06-18_5,0.0,0,0,100,64.34782608695646,64.34782608695646,0.0,0.0,0.0,True,True,True,False,0.0,996.1206237578351,0.0,0.0,0.0,0.0,996.1206237578351
2026-06-17T23:15:00Z,2026-06-17T23:30:00Z,2026-06-18,2026-06-18_6,0.0,0,0,100,64.34782608695646,64.34782608695646,0.0,0.0,0.0,True,True,True,False,0.0,996.1206237578351,0.0,0.0,0.0,0.0,996.1206237578351
2026-06-17T23:30:00Z,2026-06-17T23:45:00Z,2026-06-18,2026-06-18_7,0.0,0,0,100,64.34782608695646,64.34782608695646,0.0,0.0,0.0,True,True,True,False,0.0,996.1206237578351,0.0,0.0,0.0,0.0,996.1206237578351
2026-06-17T23:45:00Z,2026-06-18T00:00:00Z,2026-06-18,2026-06-18_8,0.0,0,0,100,64.34782608695646,64.34782608695646,0.0,0.0,0.0,True,True,True,False,0.0,996.1206237578351,0.0,0.0,0.0,0.0,996.1206237578351
2026-06-18T00:00:00Z,2026-06-18T00:15:00Z,2026-06-18,2026-06-18_9,0.0,0,0,100,64.34782608695646,64.34782608695646,0.0,0.0,0.0,True,True,True,False,0.0,996.1206237578351,0.0,0.0,0.0,0.0,996.1206237578351
2026-06-18T00:15:00Z,2026-06-18T00:30:00Z,2026-06-18,2026-06-18_10,0.0,0,0,100,64.34782608695646,64.34782608695646,0.0,0.0,0.0,True,True,True,False,0.0,996.1206237578351,0.0,0.0,0.0,0.0,996.1206237578351
2026-06-18T00:30:00Z,2026-06-18T00:45:00Z,2026-06-18,2026-06-18_11,0.0,0,0,100,64.34782608695646,64.34782608695646,0.0,0.0,0.0,True,True,True,False,0.0,996.1206237578351,0.0,0.0,0.0,0.0,996.1206237578351
2026-06-18T00:45:00Z,2026-06-18T01:00:00Z,2026-06-18,2026-06-18_12,0.0,0,0,100,64.34782608695646,64.34782608695646,0.0,0.0,0.0,True,True,True,False,0.0,996.1206237578351,0.0,0.0,0.0,0.0,996.1206237578351
2026-06-18T01:00:00Z,2026-06-18T01:15:00Z,2026-06-18,2026-06-18_13,0.0,0,0,100,64.34782608695646,64.34782608695646,0.0,0.0,0.0,True,True,True,False,0.0,996.1206237578351,0.0,0.0,0.0,0.0,996.1206237578351
2026-06-18T01:15:00Z,2026-06-18T01:30:00Z,2026-06-18,2026-06-18_14,0.0,0,0,100,64.34782608695646,64.34782608695646,0.0,0.0,0.0,True,True,True,False,0.0,996.1206237578351,0.0,0.0,0.0,0.0,996.1206237578351
2026-06-18T01:30:00Z,2026-06-18T01:45:00Z,2026-06-18,2026-06-18_15,0.0,0,0,100,64.34782608695646,64.34782608695646,0.0,0.0,0.0,True,True,True,False,0.0,996.1206237578351,0.0,0.0,0.0,0.0,996.1206237578351
2026-06-18T01:45:00Z,2026-06-18T02:00:00Z,2026-06-18,2026-06-18_16,0.0,0,0,100,64.34782608695646,64.34782608695646,0.0,0.0,0.0,True,True,True,False,0.0,996.1206237578351,0.0,0.0,0.0,0.0,996.1206237578351
2026-06-18T02:00:00Z,2026-06-18T02:15:00Z,2026-06-18,2026-06-18_17,0.0,0,0,100,64.34782608695646,64.34782608695646,0.0,0.0,0.0,True,True,True,False,0.0,996.1206237578351,0.0,0.0,0.0,0.0,996.1206237578351
2026-06-18T02:15:00Z,2026-06-18T02:30:00Z,2026-06-18,2026-06-18_18,0.0,0,0,100,64.34782608695646,64.34782608695646,0.0,0.0,0.0,True,True,True,False,0.0,996.1206237578351,0.0,0.0,0.0,0.0,996.1206237578351
2026-06-18T02:30:00Z,2026-06-18T02:45:00Z,2026-06-18,2026-06-18_19,0.0,0,0,100,64.34782608695646,64.34782608695646,0.0,0.0,0.0,True,True,True,False,0.0,996.1206237578351,0.0,0.0,0.0,0.0,996.1206237578351
2026-06-18T02:45:00Z,2026-06-18T03:00:00Z,2026-06-18,2026-06-18_20,0.0,0,0,100,64.34782608695646,64.34782608695646,0.0,0.0,0.0,True,True,True,False,0.0,996.1206237578351,0.0,0.0,0.0,0.0,996.1206237578351
2026-06-18T03:00:00Z,2026-06-18T03:15:00Z,2026-06-18,2026-06-18_21,0.0,0,0,100,64.34782608695646,64.34782608695646,0.0,0.0,0.0,True,True,True,False,0.0,996.1206237578351,0.0,0.0,0.0,0.0,996.1206237578351
2026-06-18T03:15:00Z,2026-06-18T03:30:00Z,2026-06-18,2026-06-18_22,0.0,0,0,100,64.34782608695646,64.34782608695646,0.0,0.0,0.0,True,True,True,False,0.0,996.1206237578351,0.0,0.0,0.0,0.0,996.1206237578351
2026-06-18T03:30:00Z,2026-06-18T03:45:00Z,2026-06-18,2026-06-18_23,0.0,0,0,100,64.34782608695646,64.34782608695646,0.0,0.0,0.0,True,True,True,False,0.0,996.1206237578351,0.0,0.0,0.0,0.0,996.1206237578351
2026-06-18T03:45:00Z,2026-06-18T04:00:00Z,2026-06-18,2026-06-18_24,0.0,0,0,100,64.34782608695646,64.34782608695646,0.0,0.0,0.0,True,True,True,False,0.0,996.1206237578351,0.0,0.0,0.0,0.0,996.1206237578351
2026-06-18T04:00:00Z,2026-06-18T04:15:00Z,2026-06-18,2026-06-18_25,0.0,0,0,100,64.34782608695646,64.34782608695646,0.0,0.0,0.0,True,True,True,False,0.0,996.1206237578351,0.0,0.0,0.0,0.0,996.1206237578351
2026-06-18T04:15:00Z,2026-06-18T04:30:00Z,2026-06-18,2026-06-18_26,0.0,0,0,100,64.34782608695646,64.34782608695646,0.0,0.0,0.0,True,True,True,False,0.0,996.1206237578351,0.0,0.0,0.0,0.0,996.1206237578351
2026-06-18T04:30:00Z,2026-06-18T04:45:00Z,2026-06-18,2026-06-18_27,0.0,0,0,100,64.34782608695646,64.34782608695646,0.0,0.0,0.0,True,True,True,False,0.0,996.1206237578351,0.0,0.0,0.0,0.0,996.1206237578351
2026-06-18T04:45:00Z,2026-06-18T05:00:00Z,2026-06-18,2026-06-18_28,0.0,0,0,100,64.34782608695646,64.34782608695646,0.0,0.0,0.0,True,True,True,False,0.0,996.1206237578351,0.0,0.0,0.0,0.0,996.1206237578351
2026-06-18T05:00:00Z,2026-06-18T05:15:00Z,2026-06-18,2026-06-18_29,100.00000000000003,0,0,0,64.34782608695646,37.173913043478194,0.07548309178743963,0.0,0.0,True,False,True,False,3543.000000000001,0.0,0.0,0.0,0.0,0.0,3543.000000000001
2026-06-18T05:15:00Z,2026-06-18T05:30:00Z,2026-06-18,2026-06-18_30,100.0,0,0,0,37.173913043478194,9.999999999999936,0.0754830917874396,0.0,0.0,True,False,True,False,3396.5000000000005,0.0,0.0,0.0,0.0,0.0,3396.5000000000005
2026-06-18T05:30:00Z,2026-06-18T05:45:00Z,2026-06-18,2026-06-18_31,3.547162563677375e-14,0,0,0,9.999999999999936,9.999999999999927,2.6775079737902892e-17,0.0,0.0,True,False,True,False,1.0550148255017433e-12,0.0,0.0,0.0,0.0,0.0,1.0550148255017433e-12
2026-06-18T05:45:00Z,2026-06-18T06:00:00Z,2026-06-18,2026-06-18_32,-100.0,0,0,0,9.999999999999927,32.99999999999993,0.06388888888888888,0.0,0.0,True,False,True,False,-0.0,0.0,0.0,0.0,0.0,0.0,0.0
2026-06-18T06:00:00Z,2026-06-18T06:15:00Z,2026-06-18,2026-06-18_33,19.0,81,100,0,32.99999999999993,20.141702757763905,0.042306006625258796,8.473062857142857,1.5914285714285714,True,True,True,False,622.25,0.0,86.25831294909035,38.325561840697134,1777.9539078559415,0.7025301941599145,2525.4903128398887
2026-06-18T06:15:00Z,2026-06-18T06:30:00Z,2026-06-18,2026-06-18_34,19.0,81,100,0,20.141702757763905,10.136537679503036,0.031839862360248446,5.310822857142857,0.9777142857142858,True,True,True,False,587.1,0.0,86.25831294909035,38.325561840697134,1121.9458355231834,-17.162316159608622,1816.4673941533622
2026-06-18T06:30:00Z,2026-06-18T06:45:00Z,2026-06-18,2026-06-18_35,19.0,81,100,0,10.136537679503036,20.752496795030982,0.03915005896480331,0.0,16.57942857142857,True,True,True,False,357.91249999999997,0.0,86.25831294909035,38.325561840697134,0.0,168.61096359228597,651.1073383820734
2026-06-18T06:45:00Z,2026-06-18T07:00:00Z,2026-06-18,2026-06-18_36,-3.089316242435218e-14,81,100,0,20.752496795030982,43.40079393788813,0.06291193650793653,0.0,24.617714285714285,True,True,True,False,-1.4828717963689047e-14,0.0,86.25831294909035,38.325561840697134,0.0,1678.67896389805,1803.2628386878373
2026-06-18T07:00:00Z,2026-06-18T07:15:00Z,2026-06-18,2026-06-18_37,100.0,0,42,0,43.40079393788813,18.554620024844656,0.06901714975845409,0.0,2.1415200000000003,True,True,True,False,2925.0,0.0,0.0,17.108049227946797,0.0,536.9216423024004,3479.029691530347
2026-06-18T07:15:00Z,2026-06-18T07:30:00Z,2026-06-18,2026-06-18_38,-58.0,0,42,0,18.554620024844656,32.291176824844655,0.038157102222222225,0.0,0.43104,True,True,True,False,-407.15999999999997,0.0,0.0,17.108049227946797,0.0,-13.608880415838557,-403.66083118789174
2026-06-18T07:30:00Z,2026-06-18T07:45:00Z,2026-06-18,2026-06-18_39,-58.0,0,42,0,32.291176824844655,46.34149042484465,0.039028648888888885,0.0,0.77208,True,True,True,False,-28.855,0.0,0.0,17.108049227946797,0.0,-22.280811175661213,-34.02776194771442
2026-06-18T07:45:00Z,2026-06-18T08:00:00Z,2026-06-18,2026-06-18_40,-58.0,0,42,0,46.34149042484465,63.92835762484465,0.04885240888888889,0.0,4.616160000000001,True,True,True,False,-38.86,0.0,0.0,17.108049227946797,0.0,149.24096092340622,127.48901015135301
2026-06-18T08:00:00Z,2026-06-18T08:15:00Z,2026-06-18,2026-06-18_41,-1.0,1,0,99,63.92835762484465,64.15835762484465,0.0006388888888888888,0.0,0.0,True,True,True,False,-2.5325,986.1594175202567,1.0545979208072158,0.0,0.0,0.0,984.681515441064
2026-06-18T08:15:00Z,2026-06-18T08:30:00Z,2026-06-18,2026-06-18_42,-1.0,1,0,99,64.15835762484465,64.38835762484466,0.0006388888888888889,0.0,0.0,True,True,True,False,-2.5975,986.1594175202567,1.0545979208072158,0.0,0.0,0.0,984.6165154410639
2026-06-18T08:30:00Z,2026-06-18T08:45:00Z,2026-06-18,2026-06-18_43,-1.0,1,0,99,64.38835762484466,64.61690139627322,0.0006348438095238095,0.001582857142857143,0.0,True,True,True,False,-2.57,986.1594175202567,1.0545979208072158,0.0,0.12279091117566122,0.0,984.7668063522397
2026-06-18T08:45:00Z,2026-06-18T09:00:00Z,2026-06-18,2026-06-18_44,-1.0,1,0,99,64.61690139627322,64.84550299627323,0.0006350044444444445,0.00152,0.0,True,True,True,False,-2.8975,986.1594175202567,1.0545979208072158,0.0,0.13578362635682617,0.0,984.4522990674208
2026-06-18T09:00:00Z,2026-06-18T09:15:00Z,2026-06-18,2026-06-18_45,95.0,5,100,0,64.84550299627323,53.11598826335397,0.03591939489302967,0.00028571428571428574,13.059428571428572,True,True,True,False,1363.9625,0.0,5.3446529582632625,87.62994954899862,0.035272457247690396,182.8165267433988,1639.7889017079085
2026-06-18T09:15:00Z,2026-06-18T09:30:00Z,2026-06-18,2026-06-18_46,94.57321768203118,5,100,0,53.11598826335397,54.33704680745337,0.00353541871559733,0.0,24.974857142857147,True,True,True,False,1046.9255197400853,0.0,5.3446529582632625,87.62994954899862,0.0,3566.2910448380553,4706.191167085402
2026-06-18T09:30:00Z,2026-06-18T09:45:00Z,2026-06-18,2026-06-18_47,0.0,5,100,0,54.33704680745337,60.905465192546544,0.018259409247757076,0.002285714285714286,7.142285714285715,True,True,True,False,0.0,0.0,5.3446529582632625,87.62994954899862,0.2824456723524144,1300.0180226920306,1393.2750708716449
2026-06-18T09:45:00Z,2026-06-18T10:00:00Z,2026-06-18,2026-06-18_48,0.0,5,100,0,60.905465192546544,64.10707836024841,0.008916661835748792,0.003857142857142857,3.4845714285714284,True,True,True,False,0.0,0.0,5.3446529582632625,87.62994954899862,0.47650839758009916,-2.569078996221635,90.88203190862035
2026-06-18T10:00:00Z,2026-06-18T10:15:00Z,2026-06-18,2026-06-18_49,-1.0,1,0,99,64.10707836024841,64.32225321739126,0.0005977079365079366,0.016114285714285713,0.0,True,True,True,False,-9.9875,986.1594175202567,1.0689305916526524,0.0,2.0070735798370714,0.0,979.2479216917465
2026-06-18T10:15:00Z,2026-06-18T10:30:00Z,2026-06-18,2026-06-18_50,-1.0,1,0,99,64.32225321739126,64.54873618881983,0.0006291193650793651,0.003822857142857143,0.0,True,True,True,False,-7.17,986.1594175202567,1.0689305916526524,0.0,0.43260134645204973,0.0,980.4909494583615
2026-06-18T10:30:00Z,2026-06-18T10:45:00Z,2026-06-18,2026-06-18_51,-1.0,1,0,99,64.54873618881983,64.77778464596268,0.0006362457142857143,0.0010342857142857141,0.0,True,True,True,False,-6.2475,986.1594175202567,1.0689305916526524,0.0,0.1146964509576954,0.0,981.0955445628671
2026-06-18T10:45:00Z,2026-06-18T11:00:00Z,2026-06-18,2026-06-18_52,-1.0,1,0,99,64.77778464596268,65.00644933167696,0.0006351796825396826,0.0014514285714285714,0.0,True,True,True,False,-4.8425,986.1594175202567,1.0689305916526524,0.0,0.15167134557843928,0.0,982.5375194574879
2026-06-18T11:00:00Z,2026-06-18T11:15:00Z,2026-06-18,2026-06-18_53,-2.0,2,0,98,65.00644933167696,65.42794601739125,0.0011708241269841272,0.04185142857142857,0.0,True,True,True,False,-13.055,976.1982112826784,2.1378611833053047,0.0,4.923533286740777,0.0,970.2046057527244
2026-06-18T11:15:00Z,2026-06-18T11:30:00Z,2026-06-18,2026-06-18_54,-2.0,2,0,98,65.42794601739125,65.74109298881982,0.0008698526984126983,0.15962285714285715,0.0,True,True,True,False,-10.945,976.1982112826784,2.1378611833053047,0.0,22.706723580929086,0.0,990.0977960469128
2026-06-18T11:30:00Z,2026-06-18T11:45:00Z,2026-06-18,2026-06-18_55,-2.0,2,0,98,65.74109298881982,66.1001032745341,0.0009972507936507936,0.10977142857142858,0.0,True,True,True,False,-7.67,976.1982112826784,2.1378611833053047,0.0,14.778740057221482,0.0,985.4448125232052
2026-06-18T11:45:00Z,2026-06-18T12:00:00Z,2026-06-18,2026-06-18_56,-2.0,2,0,98,66.1001032745341,66.55827378881982,0.001272695873015873,0.0019885714285714285,0.0,True,True,True,False,-5.505,976.1982112826784,2.1378611833053047,0.0,0.202813916613886,0.0,973.0338863825975
2026-06-18T12:00:00Z,2026-06-18T12:15:00Z,2026-06-18,2026-06-18_57,-100.0,100,0,0,66.55827378881982,89.53619378881982,0.06382755555555555,0.024,0.0,True,True,True,False,-528.25,0.0,105.17313866381286,0.0,2.6852774805075676,0.0,-420.3915838556796
2026-06-18T12:15:00Z,2026-06-18T12:30:00Z,2026-06-18,2026-06-18_58,-99.99999999999993,100,0,0,89.53619378881982,109.36876521739123,0.05509047619047616,3.4428571428571435,0.0,True,True,True,False,-593.9999999999997,0.0,105.17313866381286,0.0,460.11303972743366,0.0,-28.713821608753136
2026-06-18T12:30:00Z,2026-06-18T12:45:00Z,2026-06-18,2026-06-18_59,-100.0,100,0,0,109.36876521739123,118.83162236024837,0.02628571428571429,14.714285714285714,0.0,True,True,True,False,-656.75,0.0,105.17313866381286,0.0,2664.880642977264,0.0,2113.303781641077
2026-06-18T12:45:00Z,2026-06-18T13:00:00Z,2026-06-18,2026-06-18_60,-100.0,100,0,0,118.83162236024837,139.62730236024836,0.05776577777777778,2.396,0.0,True,True,True,False,-811.0,0.0,105.17313866381286,0.0,310.9346636599908,0.0,-394.89219767619636
2026-06-18T13:00:00Z,2026-06-18T13:15:00Z,2026-06-18,2026-06-18_61,0.0,0,0,100,139.62730236024836,139.62730236024836,0.0,0.0,0.0,True,True,True,False,0.0,996.1206237578351,0.0,0.0,0.0,0.0,996.1206237578351
2026-06-18T13:15:00Z,2026-06-18T13:30:00Z,2026-06-18,2026-06-18_62,0.0,0,0,100,139.62730236024836,139.62730236024836,0.0,0.0,0.0,True,True,True,False,0.0,996.1206237578351,0.0,0.0,0.0,0.0,996.1206237578351
2026-06-18T13:30:00Z,2026-06-18T13:45:00Z,2026-06-18,2026-06-18_63,0.0,0,0,100,139.62730236024836,139.62730236024836,0.0,0.0,0.0,True,True,True,False,0.0,996.1206237578351,0.0,0.0,0.0,0.0,996.1206237578351
2026-06-18T13:45:00Z,2026-06-18T14:00:00Z,2026-06-18,2026-06-18_64,0.0,0,0,100,139.62730236024836,139.62730236024836,0.0,0.0,0.0,True,True,True,False,0.0,996.1206237578351,0.0,0.0,0.0,0.0,996.1206237578351
2026-06-18T14:00:00Z,2026-06-18T14:15:00Z,2026-06-18,2026-06-18_65,0.0,100,100,0,139.62730236024836,162.41701664596266,0.0633047619047619,0.0,24.771428571428572,True,True,True,False,0.0,0.0,104.37050909646841,40.76211588442135,0.0,11512.493972088147,11657.626597069037
2026-06-18T14:15:00Z,2026-06-18T14:30:00Z,2026-06-18,2026-06-18_66,0.0,100,100,0,162.41701664596266,175.16562782608688,0.04347354037267081,1.3348571428571427,15.434285714285714,True,True,True,False,0.0,0.0,104.37050909646841,40.76211588442135,210.71600585318978,333.93661628846615,689.7852471225457
2026-06-18T14:30:00Z,2026-06-18T14:45:00Z,2026-06-18,2026-06-18_67,0.0,100,100,0,175.16562782608688,158.18115577639745,0.04717908902691511,15.625714285714285,0.0,True,True,True,False,0.0,0.0,104.37050909646841,40.76211588442135,11256.901574136762,0.0,11402.034199117652
2026-06-18T14:45:00Z,2026-06-18T15:00:00Z,2026-06-18,2026-06-18_68,0.0,100,100,0,158.18115577639745,154.9690285714285,0.011822766045548654,3.435428571428571,0.5674285714285714,True,True,True,False,0.0,0.0,104.37050909646841,40.76211588442135,711.9021032170701,-18.272592329700565,838.7621358682593
2026-06-18T15:00:00Z,2026-06-18T15:15:00Z,2026-06-18,2026-06-18_69,0.0,100,100,0,154.9690285714285,176.90655999999993,0.060937587301587305,0.0,23.845142857142857,True,True,True,False,0.0,0.0,106.49174438159302,40.01681700045865,0.0,10542.380219494617,10688.888780876669
2026-06-18T15:15:00Z,2026-06-18T15:30:00Z,2026-06-18,2026-06-18_70,0.0,100,100,0,176.90655999999993,189.91325714285708,0.036129714285714286,0.0,14.137714285714287,True,True,True,False,0.0,0.0,106.49174438159302,40.01681700045865,0.0,243.41411263022255,389.92267401227423
2026-06-18T15:30:00Z,2026-06-18T15:45:00Z,2026-06-18,2026-06-18_71,0.0,100,100,0,189.91325714285708,179.8875776397515,0.028331014492753617,9.30342857142857,0.09428571428571428,True,True,True,False,0.0,0.0,106.49174438159302,40.01681700045865,4645.443609867429,-5.754585362657522,4786.197585886823
2026-06-18T15:45:00Z,2026-06-18T16:00:00Z,2026-06-18,2026-06-18_72,0.0,100,100,0,179.8875776397515,167.2987577639751,0.03496894409937888,11.581714285714286,0.0,True,True,True,False,0.0,0.0,106.49174438159302,40.01681700045865,3145.373421713586,0.0,3291.8819830956377
2026-06-18T16:00:00Z,2026-06-18T16:15:00Z,2026-06-18,2026-06-18_73,-100.0,100,0,0,167.2987577639751,185.63514633540365,0.05093441269841269,5.069142857142857,0.0,True,True,True,False,-2615.75,0.0,106.49174438159302,0.0,1173.1973544892655,0.0,-1336.0609011291415
2026-06-18T16:15:00Z,2026-06-18T16:30:00Z,2026-06-18,2026-06-18_74,-61.541884120708154,100,0,0,185.63514633540365,189.99999999999991,0.03522467712597766,9.946857142857143,0.0,True,True,True,False,-1993.6493360903407,0.0,106.49174438159302,0.0,2554.947809640291,0.0,667.7902179315431
2026-06-18T16:30:00Z,2026-06-18T16:45:00Z,2026-06-18,2026-06-18_75,-62.58055556184773,100,0,0,189.99999999999991,189.99999999999991,0.033104200017437815,14.650285714285715,0.0,True,True,True,False,-2290.9176877303407,0.0,106.49174438159302,0.0,3914.3963118352376,0.0,1729.9703684864899
2026-06-18T16:45:00Z,2026-06-18T17:00:00Z,2026-06-18,2026-06-18_76,0.0,100,0,0,189.99999999999991,168.33416149068316,0.060182884748102135,19.93257142857143,0.0,True,True,True,False,0.0,0.0,106.49174438159302,0.0,7080.393871841352,0.0,7186.885616222945
2026-06-18T17:00:00Z,2026-06-18T17:15:00Z,2026-06-18,2026-06-18_77,-94.19929786659459,0,0,0,168.33416149068316,189.99999999999991,0.0601828847481021,0.0,0.0,True,False,True,False,-3373.7478530920853,0.0,0.0,0.0,0.0,0.0,-3373.7478530920853
2026-06-18T17:15:00Z,2026-06-18T17:30:00Z,2026-06-18,2026-06-18_78,-3.089316242435218e-14,0,0,0,189.99999999999991,189.99999999999991,1.973729821555834e-17,0.0,0.0,True,False,True,False,-1.287549776940938e-12,0.0,0.0,0.0,0.0,0.0,-1.287549776940938e-12
2026-06-18T17:30:00Z,2026-06-18T17:45:00Z,2026-06-18,2026-06-18_79,0.0,0,0,0,189.99999999999991,189.99999999999991,0.0,0.0,0.0,True,False,True,False,0.0,0.0,0.0,0.0,0.0,0.0,0.0
2026-06-18T17:45:00Z,2026-06-18T18:00:00Z,2026-06-18,2026-06-18_80,100.0,0,0,0,189.99999999999991,162.82608695652166,0.0754830917874396,0.0,0.0,True,False,True,False,9025.0,0.0,0.0,0.0,0.0,0.0,9025.0
2026-06-18T18:00:00Z,2026-06-18T18:15:00Z,2026-06-18,2026-06-18_81,-2.842170943040401e-14,0,0,0,162.82608695652166,162.82608695652166,1.8158314358313672e-17,0.0,0.0,True,False,True,False,-2.0112622678425396e-12,0.0,0.0,0.0,0.0,0.0,-2.0112622678425396e-12
2026-06-18T18:15:00Z,2026-06-18T18:30:00Z,2026-06-18,2026-06-18_82,100.00000000000006,0,0,0,162.82608695652166,135.65217391304338,0.07548309178743966,0.0,0.0,True,False,True,False,8390.250000000005,0.0,0.0,0.0,0.0,0.0,8390.250000000005
2026-06-18T18:30:00Z,2026-06-18T18:45:00Z,2026-06-18,2026-06-18_83,100.0,0,0,0,135.65217391304338,108.47826086956513,0.0754830917874396,0.0,0.0,True,False,True,False,10707.0,0.0,0.0,0.0,0.0,0.0,10707.0
2026-06-18T18:45:00Z,2026-06-18T19:00:00Z,2026-06-18,2026-06-18_84,100.0,0,0,0,108.47826086956513,81.30434782608688,0.0754830917874396,0.0,0.0,True,False,True,False,11765.5,0.0,0.0,0.0,0.0,0.0,11765.5
2026-06-18T19:00:00Z,2026-06-18T19:15:00Z,2026-06-18,2026-06-18_85,0.0,100,100,0,81.30434782608688,68.307453416149,0.03610248447204969,11.957142857142857,0.0,True,True,True,False,0.0,0.0,86.82731998165418,40.73345054273047,13710.223425863234,0.0,13837.784196387618
2026-06-18T19:15:00Z,2026-06-18T19:30:00Z,2026-06-18,2026-06-18_86,0.0,100,100,0,68.307453416149,55.352173913043416,0.035986887508626636,11.918857142857144,0.0,True,True,True,False,0.0,0.0,86.82731998165418,40.73345054273047,131025.83605870664,0.0,131153.39682923103
2026-06-18T19:30:00Z,2026-06-18T19:45:00Z,2026-06-18,2026-06-18_87,0.0,100,100,0,55.352173913043416,42.36645962732913,0.036071428571428574,11.946857142857143,0.0,True,True,True,False,0.0,0.0,86.82731998165418,40.73345054273047,13698.429685281846,0.0,13825.99045580623
2026-06-18T19:45:00Z,2026-06-18T20:00:00Z,2026-06-18,2026-06-18_88,0.0,100,100,0,42.36645962732913,47.58244472049683,0.0289263906142167,2.390857142857143,8.494285714285715,True,True,True,False,0.0,0.0,86.82731998165418,40.73345054273047,1371.9091742197568,-224.87910433092364,1274.5908404132178
2026-06-18T20:00:00Z,2026-06-18T20:15:00Z,2026-06-18,2026-06-18_89,100.0,0,100,0,47.58244472049683,23.36194782608689,0.06727915804002761,0.0,2.717142857142857,True,True,True,False,8858.75,0.0,0.0,40.73345054273047,0.0,-148.0917629458143,8751.391687596915
2026-06-18T20:15:00Z,2026-06-18T20:30:00Z,2026-06-18,2026-06-18_90,97.98745544277008,0,100,0,23.36194782608689,9.99999999999993,0.038375745951370874,0.0,12.241714285714284,True,True,True,False,6570.303856076341,0.0,0.0,40.73345054273047,0.0,-364.93540328040706,6246.101903338664
2026-06-18T20:30:00Z,2026-06-18T20:45:00Z,2026-06-18,2026-06-18_91,68.52816804517026,0,100,0,9.99999999999993,9.99999999999993,0.02895776210770031,0.0,18.002285714285716,True,True,True,False,3207.80354619442,0.0,0.0,40.73345054273047,0.0,-168.3087112062376,3080.228285530913
2026-06-18T20:45:00Z,2026-06-18T21:00:00Z,2026-06-18,2026-06-18_92,31.68868188901599,0,100,0,9.99999999999993,9.999999999999934,0.030902478911852344,0.0,8.850857142857144,True,True,True,False,1255.4263547380908,0.0,0.0,40.73345054273047,0.0,-252.54576517352092,1043.6140401073003
2026-06-18T21:00:00Z,2026-06-18T21:15:00Z,2026-06-19,2026-06-18_93,1.0,99,100,0,9.999999999999934,14.29533827577633,0.013249956218081435,0.018102857142857143,4.976571428571428,True,True,True,False,44.325,0.0,105.03582414643,39.607176293012856,2.965463066328578,-87.74869043297403,104.18477307279741
2026-06-18T21:15:00Z,2026-06-18T21:30:00Z,2026-06-19,2026-06-18_94,0.0,99,100,0,14.29533827577633,18.01213827577633,0.010324444444444445,0.0,4.04,True,True,True,False,0.0,0.0,105.03582414643,39.607176293012856,0.0,-73.02397065285925,71.61902978658361
2026-06-18T21:30:00Z,2026-06-18T21:45:00Z,2026-06-19,2026-06-18_95,0.3865090102551865,99,100,0,18.01213827577633,29.850771677024312,0.033165798617643315,0.0,12.973142857142857,True,True,True,False,14.523076060338635,0.0,105.03582414643,39.607176293012856,0.0,155.91864160295657,315.08471810273807
2026-06-18T21:45:00Z,2026-06-18T22:00:00Z,2026-06-19,2026-06-18_96,1.9345591617517486e-11,99,100,0,29.850771677024312,42.0652173913052,0.03392901587301616,0.0,13.27657142857143,True,True,True,False,6.889932454578853e-10,0.0,105.03582414643,39.607176293012856,0.0,67.2262932039206,211.86929364405245
2026-06-18T22:00:00Z,2026-06-18T22:15:00Z,2026-06-19,2026-06-19_1,5.999999999999499,35,41,59,42.0652173913052,42.20160024844819,0.007783603174602923,0.0,1.8707714285714285,True,True,True,False,224.54999999998122,587.587649744932,37.13387722348536,16.23894228013527,0.0,-68.77772006670796,796.732749181826
2026-06-18T22:15:00Z,2026-06-18T22:30:00Z,2026-06-19,2026-06-19_2,6.0,35,41,59,42.20160024844819,42.38710439751652,0.007874088474810213,0.0,1.9227828571428573,True,True,True,False,216.735,587.587649744932,37.13387722348536,16.23894228013527,0.0,-92.95219979638239,764.7432694521702
2026-06-18T22:30:00Z,2026-06-18T22:45:00Z,2026-06-19,2026-06-19_3,6.0,35,41,59,42.38710439751652,42.62615518012522,0.007972725603864734,0.0,1.97948,True,True,True,False,210.435,587.587649744932,37.13387722348536,16.23894228013527,0.0,-83.36251039568964,768.032958852863
2026-06-18T22:45:00Z,2026-06-18T23:00:00Z,2026-06-19,2026-06-19_4,5.34728928239592,35,41,59,42.62615518012522,44.78260869565391,0.011044241157148613,0.0,3.8326800000000003,True,True,True,False,180.84532353063003,587.587649744932,37.13387722348536,16.23894228013527,0.0,-51.67699566289001,770.1287971162927
2026-06-18T23:00:00Z,2026-06-18T23:15:00Z,2026-06-19,2026-06-19_5,0.0,36,36,64,44.78260869565391,47.073944924225344,0.006364822857142858,0.0,2.490582857142857,True,True,True,False,0.0,637.3832132826382,38.19484514415636,14.258583465484627,0.0,-79.03873429100943,610.7979076012697
2026-06-18T23:15:00Z,2026-06-18T23:30:00Z,2026-06-19,2026-06-19_6,1.4135637359016354e-13,36,36,64,47.073944924225344,49.61566835279673,0.007060342857142903,0.0,2.762742857142857,True,True,True,False,4.691971430391504e-12,637.3832132826382,38.19484514415636,14.258583465484627,0.0,-71.5508118775128,618.285830014771
2026-06-18T23:30:00Z,2026-06-18T23:45:00Z,2026-06-19,2026-06-19_7,0.0,36,36,64,49.61566835279673,52.41478149565388,0.007775314285714287,0.0,3.0425142857142857,True,True,True,False,0.0,637.3832132826382,38.19484514415636,14.258583465484627,0.0,-47.44587659025092,642.3907653020283
2026-06-18T23:45:00Z,2026-06-19T00:00:00Z,2026-06-19,2026-06-19_8,0.0,36,36,64,52.41478149565388,55.41734606708245,0.008340457142857144,0.0,3.263657142857143,True,True,True,False,0.0,637.3832132826382,38.19484514415636,14.258583465484627,0.0,-25.275431060694974,664.5612108315842
2026-06-19T00:00:00Z,2026-06-19T00:15:00Z,2026-06-19,2026-06-19_9,70.0,30,100,0,55.41734606708245,54.37611019130605,0.029482074258109038,0.0,17.34114285714286,True,True,True,False,2295.65,0.0,31.829037620130304,93.91658228089953,0.0,519.806878345293,2941.2024982463226
2026-06-19T00:15:00Z,2026-06-19T00:30:00Z,2026-06-19,2026-06-19_10,69.86972870593422,30,100,0,54.37611019130605,54.12829366459771,0.028525268196334844,0.0,18.076,True,True,True,False,2181.3329301992662,0.0,31.829037620130304,93.91658228089953,0.0,536.0081919792124,2843.0867420795084
2026-06-19T00:30:00Z,2026-06-19T00:45:00Z,2026-06-19,2026-06-19_11,0.0,30,100,0,54.12829366459771,63.206327950312,0.02521676190476191,0.0,9.867428571428572,True,True,True,False,0.0,0.0,31.829037620130304,93.91658228089953,0.0,26.379002382817514,152.12462228384734
2026-06-19T00:45:00Z,2026-06-19T01:00:00Z,2026-06-19,2026-06-19_12,0.0,30,100,0,63.206327950312,64.34782608695797,0.0032691718426501037,0.016285714285714285,1.26,True,True,True,False,0.0,0.0,31.829037620130304,93.91658228089953,2.784344042819749,-51.4874147385315,77.04254920531808
2026-06-19T01:00:00Z,2026-06-19T01:15:00Z,2026-06-19,2026-06-19_13,0.0,0,0,100,64.34782608695797,64.34782608695797,0.0,0.0,0.0,True,True,True,False,0.0,995.9112707541221,0.0,0.0,0.0,0.0,995.9112707541221
2026-06-19T01:15:00Z,2026-06-19T01:30:00Z,2026-06-19,2026-06-19_14,0.0,0,0,100,64.34782608695797,64.34782608695797,0.0,0.0,0.0,True,True,True,False,0.0,995.9112707541221,0.0,0.0,0.0,0.0,995.9112707541221
2026-06-19T01:30:00Z,2026-06-19T01:45:00Z,2026-06-19,2026-06-19_15,0.0,0,0,100,64.34782608695797,64.34782608695797,0.0,0.0,0.0,True,True,True,False,0.0,995.9112707541221,0.0,0.0,0.0,0.0,995.9112707541221
2026-06-19T01:45:00Z,2026-06-19T02:00:00Z,2026-06-19,2026-06-19_16,0.0,0,0,100,64.34782608695797,64.34782608695797,0.0,0.0,0.0,True,True,True,False,0.0,995.9112707541221,0.0,0.0,0.0,0.0,995.9112707541221
2026-06-19T02:00:00Z,2026-06-19T02:15:00Z,2026-06-19,2026-06-19_17,0.0,0,0,100,64.34782608695797,64.34782608695797,0.0,0.0,0.0,True,True,True,False,0.0,995.9112707541221,0.0,0.0,0.0,0.0,995.9112707541221
2026-06-19T02:15:00Z,2026-06-19T02:30:00Z,2026-06-19,2026-06-19_18,0.0,0,0,100,64.34782608695797,64.34782608695797,0.0,0.0,0.0,True,True,True,False,0.0,995.9112707541221,0.0,0.0,0.0,0.0,995.9112707541221
2026-06-19T02:30:00Z,2026-06-19T02:45:00Z,2026-06-19,2026-06-19_19,0.0,0,0,100,64.34782608695797,64.34782608695797,0.0,0.0,0.0,True,True,True,False,0.0,995.9112707541221,0.0,0.0,0.0,0.0,995.9112707541221
2026-06-19T02:45:00Z,2026-06-19T03:00:00Z,2026-06-19,2026-06-19_20,0.0,0,0,100,64.34782608695797,64.34782608695797,0.0,0.0,0.0,True,True,True,False,0.0,995.9112707541221,0.0,0.0,0.0,0.0,995.9112707541221
2026-06-19T03:00:00Z,2026-06-19T03:15:00Z,2026-06-19,2026-06-19_21,0.0,0,0,100,64.34782608695797,64.34782608695797,0.0,0.0,0.0,True,True,True,False,0.0,995.9112707541221,0.0,0.0,0.0,0.0,995.9112707541221
2026-06-19T03:15:00Z,2026-06-19T03:30:00Z,2026-06-19,2026-06-19_22,0.0,0,0,100,64.34782608695797,64.34782608695797,0.0,0.0,0.0,True,True,True,False,0.0,995.9112707541221,0.0,0.0,0.0,0.0,995.9112707541221
2026-06-19T03:30:00Z,2026-06-19T03:45:00Z,2026-06-19,2026-06-19_23,0.0,0,0,100,64.34782608695797,64.34782608695797,0.0,0.0,0.0,True,True,True,False,0.0,995.9112707541221,0.0,0.0,0.0,0.0,995.9112707541221
2026-06-19T03:45:00Z,2026-06-19T04:00:00Z,2026-06-19,2026-06-19_24,0.0,0,0,100,64.34782608695797,64.34782608695797,0.0,0.0,0.0,True,True,True,False,0.0,995.9112707541221,0.0,0.0,0.0,0.0,995.9112707541221
2026-06-19T04:00:00Z,2026-06-19T04:15:00Z,2026-06-19,2026-06-19_25,0.0,0,0,100,64.34782608695797,64.34782608695797,0.0,0.0,0.0,True,True,True,False,0.0,995.9112707541221,0.0,0.0,0.0,0.0,995.9112707541221
2026-06-19T04:15:00Z,2026-06-19T04:30:00Z,2026-06-19,2026-06-19_26,0.0,0,0,100,64.34782608695797,64.34782608695797,0.0,0.0,0.0,True,True,True,False,0.0,995.9112707541221,0.0,0.0,0.0,0.0,995.9112707541221
2026-06-19T04:30:00Z,2026-06-19T04:45:00Z,2026-06-19,2026-06-19_27,0.0,0,0,100,64.34782608695797,64.34782608695797,0.0,0.0,0.0,True,True,True,False,0.0,995.9112707541221,0.0,0.0,0.0,0.0,995.9112707541221
2026-06-19T04:45:00Z,2026-06-19T05:00:00Z,2026-06-19,2026-06-19_28,0.0,0,0,100,64.34782608695797,64.34782608695797,0.0,0.0,0.0,True,True,True,False,0.0,995.9112707541221,0.0,0.0,0.0,0.0,995.9112707541221
2026-06-19T05:00:00Z,2026-06-19T05:15:00Z,2026-06-19,2026-06-19_29,100.0,0,100,0,64.34782608695797,40.66149068323126,0.06579537612146308,0.0,3.2085714285714286,True,True,True,False,3434.7499999999995,0.0,0.0,38.66141882726074,0.0,-77.98988298810228,3395.421535839158
2026-06-19T05:15:00Z,2026-06-19T05:30:00Z,2026-06-19,2026-06-19_30,100.00000000000003,0,100,0,40.66149068323126,19.7906832298151,0.05797446514837821,0.0,5.798857142857142,True,True,True,False,3355.2500000000014,0.0,0.0,38.66141882726074,0.0,82.90840078280877,3476.8198196100707
2026-06-19T05:30:00Z,2026-06-19T05:45:00Z,2026-06-19,2026-06-19_31,65.54155482035664,0,100,0,19.7906832298151,10.000000000001453,0.04091666689181098,0.0,7.790285714285713,True,True,True,False,2009.5040707921346,0.0,0.0,38.66141882726074,0.0,80.05065940994558,2128.216149029341
2026-06-19T05:45:00Z,2026-06-19T06:00:00Z,2026-06-19,2026-06-19_32,0.0,0,100,0,10.000000000001453,23.625462857144313,0.037848507936507944,0.0,14.810285714285715,True,True,True,False,0.0,0.0,0.0,38.66141882726074,0.0,349.58488272880373,388.24630155606445
2026-06-19T06:00:00Z,2026-06-19T06:15:00Z,2026-06-19,2026-06-19_33,48.0,52,100,0,23.625462857144313,11.377518906833755,0.03983880303657695,1.2818742857142857,2.1885714285714286,True,True,True,False,1469.04,0.0,55.170331874892526,37.57236477578861,221.4270733531128,-10.203353413051726,1773.0064165907422
2026-06-19T06:15:00Z,2026-06-19T06:30:00Z,2026-06-19,2026-06-19_34,25.385139217437054,52,100,0,11.377518906833755,10.000000000001453,0.02571460422577409,0.002674285714285714,5.739428571428571,True,True,True,False,726.0149816186997,0.0,55.170331874892526,37.57236477578861,0.45474966768839403,108.0621045764835,927.2745325135528
2026-06-19T06:30:00Z,2026-06-19T06:45:00Z,2026-06-19,2026-06-19_35,48.0,52,100,0,10.000000000001453,10.027482911802696,0.03465853603864734,0.0,13.069142857142857,True,True,True,False,1288.08,0.0,55.170331874892526,37.57236477578861,0.0,281.43890625127943,1662.2616029019605
2026-06-19T06:45:00Z,2026-06-19T07:00:00Z,2026-06-19,2026-06-19_36,0.0,52,100,0,10.027482911802696,16.164145768945556,0.01704628571428572,0.0,6.670285714285715,True,True,True,False,0.0,0.0,55.170331874892526,37.57236477578861,0.0,29.714817194498504,122.45751384517963
2026-06-19T07:00:00Z,2026-06-19T07:15:00Z,2026-06-19,2026-06-19_37,29.999999999999808,70,100,0,16.164145768945556,10.080001570187846,0.024532311663215886,0.0012,2.133142857142857,True,True,True,False,743.9999999999952,0.0,72.24154072488966,39.549857658724854,0.13664762414260875,-59.897872168527705,796.0301738392246
2026-06-19T07:15:00Z,2026-06-19T07:30:00Z,2026-06-19,2026-06-19_38,0.0,70,100,0,10.080001570187846,12.346355855902132,0.006295428571428571,0.0,2.463428571428571,True,True,True,False,0.0,0.0,72.24154072488966,39.549857658724854,0.0,-69.26113059641402,42.53026778720049
2026-06-19T07:30:00Z,2026-06-19T07:45:00Z,2026-06-19,2026-06-19_39,0.0,70,100,0,12.346355855902132,23.660252998759276,0.03142749206349207,0.0,12.297714285714287,True,True,True,False,0.0,0.0,72.24154072488966,39.549857658724854,0.0,3152.955465168012,3264.7468635516266
2026-06-19T07:45:00Z,2026-06-19T08:00:00Z,2026-06-19,2026-06-19_40,0.0,70,100,0,23.660252998759276,44.66096157018785,0.05833530158730159,0.0,22.826857142857143,True,True,True,False,0.0,0.0,72.24154072488966,39.549857658724854,0.0,6898.897371694966,7010.68877007858
2026-06-19T08:00:00Z,2026-06-19T08:15:00Z,2026-06-19,2026-06-19_41,-100.0,100,0,0,44.66096157018785,67.66096157018785,0.06388888888888888,0.0,0.0,True,True,True,False,-199.5,0.0,103.23086035270066,0.0,0.0,0.0,-96.26913964729934
2026-06-19T08:15:00Z,2026-06-19T08:30:00Z,2026-06-19,2026-06-19_42,-100.0,100,0,0,67.66096157018785,90.66096157018785,0.0638888888888889,0.0,0.0,True,True,True,False,-214.0,0.0,103.23086035270066,0.0,0.0,0.0,-110.76913964729934
2026-06-19T08:30:00Z,2026-06-19T08:45:00Z,2026-06-19,2026-06-19_43,-100.0,100,0,0,90.66096157018785,113.66096157018785,0.06388888888888888,0.0,0.0,True,True,True,False,-243.25,0.0,103.23086035270066,0.0,0.0,0.0,-140.01913964729934
2026-06-19T08:45:00Z,2026-06-19T09:00:00Z,2026-06-19,2026-06-19_44,-100.0,100,0,0,113.66096157018785,136.66096157018785,0.06388888888888888,0.0,0.0,True,True,True,False,-256.5,0.0,103.23086035270066,0.0,0.0,0.0,-153.26913964729934
2026-06-19T09:00:00Z,2026-06-19T09:15:00Z,2026-06-19,2026-06-19_45,0.0,0,0,100,136.66096157018785,136.66096157018785,0.0,0.0,0.0,True,True,True,False,0.0,995.9112707541221,0.0,0.0,0.0,0.0,995.9112707541221
2026-06-19T09:15:00Z,2026-06-19T09:30:00Z,2026-06-19,2026-06-19_46,0.0,0,0,100,136.66096157018785,136.66096157018785,0.0,0.0,0.0,True,True,True,False,0.0,995.9112707541221,0.0,0.0,0.0,0.0,995.9112707541221
2026-06-19T09:30:00Z,2026-06-19T09:45:00Z,2026-06-19,2026-06-19_47,-2.842170943040401e-14,0,0,100,136.66096157018785,136.66096157018785,1.815831435831367e-17,0.0,0.0,True,True,True,False,-9.471534667682136e-14,995.9112707541221,0.0,0.0,0.0,0.0,995.911270754122
2026-06-19T09:45:00Z,2026-06-19T10:00:00Z,2026-06-19,2026-06-19_48,0.0,0,0,100,136.66096157018785,136.66096157018785,0.0,0.0,0.0,True,True,True,False,0.0,995.9112707541221,0.0,0.0,0.0,0.0,995.9112707541221
2026-06-19T10:00:00Z,2026-06-19T10:15:00Z,2026-06-19,2026-06-19_49,0.0,0,0,100,136.66096157018785,136.66096157018785,0.0,0.0,0.0,True,True,True,False,0.0,995.9112707541221,0.0,0.0,0.0,0.0,995.9112707541221
2026-06-19T10:15:00Z,2026-06-19T10:30:00Z,2026-06-19,2026-06-19_50,0.0,0,0,100,136.66096157018785,136.66096157018785,0.0,0.0,0.0,True,True,True,False,0.0,995.9112707541221,0.0,0.0,0.0,0.0,995.9112707541221
2026-06-19T10:30:00Z,2026-06-19T10:45:00Z,2026-06-19,2026-06-19_51,-1.2789769243681803e-13,0,0,100,136.66096157018785,136.66096157018788,8.171241461241153e-17,0.0,0.0,True,True,True,False,-4.54036808150704e-13,995.9112707541221,0.0,0.0,0.0,0.0,995.9112707541217
2026-06-19T10:45:00Z,2026-06-19T11:00:00Z,2026-06-19,2026-06-19_52,0.0,0,0,100,136.66096157018788,136.66096157018788,0.0,0.0,0.0,True,True,True,False,0.0,995.9112707541221,0.0,0.0,0.0,0.0,995.9112707541221
2026-06-19T11:00:00Z,2026-06-19T11:15:00Z,2026-06-19,2026-06-19_53,-7.999999999999801,8,0,92,136.66096157018788,138.50091951304498,0.005110994285714159,4.5714285714285716e-05,0.0,True,True,True,False,-25.939999999999355,916.2383690937924,8.384569823649667,0.0,0.0034937072327928097,0.0,898.6864326246755
2026-06-19T11:15:00Z,2026-06-19T11:30:00Z,2026-06-19,2026-06-19_54,-8.0,8,0,92,138.50091951304498,140.3402045416164,0.0051091250793650796,0.0007771428571428572,0.0,True,True,True,False,-20.62,916.2383690937924,8.384569823649667,0.0,0.06666866826976879,0.0,904.0696075857118
2026-06-19T11:30:00Z,2026-06-19T11:45:00Z,2026-06-19,2026-06-19_55,-7.9928068476638146,8,0,92,140.3402045416164,142.16067291428723,0.005056962080391516,0.019428571428571427,0.0,True,True,True,False,-20.801279821045078,916.2383690937924,8.384569823649667,0.0,1.4441747617864853,0.0,905.2658338581834
2026-06-19T11:45:00Z,2026-06-19T12:00:00Z,2026-06-19,2026-06-19_56,-8.0,8,0,92,142.16067291428723,144.0000000000015,0.005109241904761905,0.0007314285714285715,0.0,True,True,True,False,-16.2,916.2383690937924,8.384569823649667,0.0,0.04192448679351371,0.0,908.4648634042355
2026-06-19T12:00:00Z,2026-06-19T12:15:00Z,2026-06-19,2026-06-19_57,-2.842170943040401e-14,0,0,100,144.0000000000015,144.0000000000015,1.8158314358313672e-17,0.0,0.0,True,True,True,False,-7.268852186825825e-14,995.9112707541221,0.0,0.0,0.0,0.0,995.911270754122
2026-06-19T12:15:00Z,2026-06-19T12:30:00Z,2026-06-19,2026-06-19_58,-2.842170943040401e-14,0,0,100,144.0000000000015,144.0000000000015,1.8158314358313672e-17,0.0,0.0,True,True,True,False,-9.507061804470141e-14,995.9112707541221,0.0,0.0,0.0,0.0,995.911270754122
2026-06-19T12:30:00Z,2026-06-19T12:45:00Z,2026-06-19,2026-06-19_59,-2.842170943040401e-14,0,0,100,144.0000000000015,144.0000000000015,1.8158314358313672e-17,0.0,0.0,True,True,True,False,-1.1155520951433572e-13,995.9112707541221,0.0,0.0,0.0,0.0,995.911270754122
2026-06-19T12:45:00Z,2026-06-19T13:00:00Z,2026-06-19,2026-06-19_60,-2.842170943040401e-14,0,0,100,144.0000000000015,144.0000000000015,1.815831435831367e-17,0.0,0.0,True,True,True,False,-1.6356693777197506e-13,995.9112707541221,0.0,0.0,0.0,0.0,995.911270754122
2026-06-19T13:00:00Z,2026-06-19T13:15:00Z,2026-06-19,2026-06-19_61,0.0,0,0,100,144.0000000000015,144.0000000000015,0.0,0.0,0.0,True,True,True,False,0.0,995.9112707541221,0.0,0.0,0.0,0.0,995.9112707541221
2026-06-19T13:15:00Z,2026-06-19T13:30:00Z,2026-06-19,2026-06-19_62,0.0,0,0,100,144.0000000000015,144.0000000000015,0.0,0.0,0.0,True,True,True,False,0.0,995.9112707541221,0.0,0.0,0.0,0.0,995.9112707541221
2026-06-19T13:30:00Z,2026-06-19T13:45:00Z,2026-06-19,2026-06-19_63,3.836930773104541e-13,0,0,100,144.0000000000015,144.0000000000014,2.896233977283017e-16,0.0,0.0,True,True,True,False,4.0729020156504705e-12,995.9112707541221,0.0,0.0,0.0,0.0,995.9112707541262
2026-06-19T13:45:00Z,2026-06-19T14:00:00Z,2026-06-19,2026-06-19_64,0.0,0,0,100,144.0000000000014,144.0000000000014,0.0,0.0,0.0,True,True,True,False,0.0,995.9112707541221,0.0,0.0,0.0,0.0,995.9112707541221
2026-06-19T14:00:00Z,2026-06-19T14:15:00Z,2026-06-19,2026-06-19_65,0.0,0,0,100,144.0000000000014,144.0000000000014,0.0,0.0,0.0,True,True,True,False,0.0,995.9112707541221,0.0,0.0,0.0,0.0,995.9112707541221
2026-06-19T14:15:00Z,2026-06-19T14:30:00Z,2026-06-19,2026-06-19_66,0.0,0,0,100,144.0000000000014,144.0000000000014,0.0,0.0,0.0,True,True,True,False,0.0,995.9112707541221,0.0,0.0,0.0,0.0,995.9112707541221
2026-06-19T14:30:00Z,2026-06-19T14:45:00Z,2026-06-19,2026-06-19_67,0.0,0,0,100,144.0000000000014,144.0000000000014,0.0,0.0,0.0,True,True,True,False,0.0,995.9112707541221,0.0,0.0,0.0,0.0,995.9112707541221
2026-06-19T14:45:00Z,2026-06-19T15:00:00Z,2026-06-19,2026-06-19_68,0.0,0,0,100,144.0000000000014,144.0000000000014,0.0,0.0,0.0,True,True,True,False,0.0,995.9112707541221,0.0,0.0,0.0,0.0,995.9112707541221
2026-06-19T15:00:00Z,2026-06-19T15:15:00Z,2026-06-19,2026-06-19_69,-16.0,16,0,84,144.0000000000014,147.66906514285856,0.010191847619047617,0.011885714285714286,0.0,True,True,True,False,-349.2,836.5654674334626,16.97548673073616,0.0,2.0011437960766756,0.0,506.3420979602754
2026-06-19T15:15:00Z,2026-06-19T15:30:00Z,2026-06-19,2026-06-19_70,-16.0,16,0,84,147.66906514285856,151.34570057142997,0.01021287619047619,0.003657142857142857,0.0,True,True,True,False,-432.2,836.5654674334626,16.97548673073616,0.0,0.5918514737712659,0.0,421.93280563797003
2026-06-19T15:30:00Z,2026-06-19T15:45:00Z,2026-06-19,2026-06-19_71,0.0,16,0,84,151.34570057142997,151.02917883229955,0.0008792270531400967,0.2912,0.0,True,True,True,False,0.0,836.5654674334626,16.97548673073616,0.0,49.84622495653337,0.0,903.3871791207321
2026-06-19T15:45:00Z,2026-06-19T16:00:00Z,2026-06-19,2026-06-19_72,-8.892905427689012,16,0,84,151.02917883229955,151.36000000000138,0.005544935435386476,1.7246171428571428,0.0,True,True,True,False,-268.6324407069158,836.5654674334626,16.97548673073616,0.0,420.6459142698834,0.0,1005.5544277271663
2026-06-19T16:00:00Z,2026-06-19T16:15:00Z,2026-06-19,2026-06-19_73,-99.99999999999997,100,0,0,151.36000000000138,170.5853714285728,0.05340380952380952,4.102857142857143,0.0,True,True,True,False,-2992.749999999999,0.0,106.096792067101,0.0,806.1939083939046,0.0,-2080.4592995389935
2026-06-19T16:15:00Z,2026-06-19T16:30:00Z,2026-06-19,2026-06-19_74,-100.0,100,0,0,170.5853714285728,186.1591314285728,0.04326044444444444,8.072,0.0,True,True,True,False,-3170.5,0.0,106.096792067101,0.0,2501.4146972620797,0.0,-562.9885106708193
2026-06-19T16:30:00Z,2026-06-19T16:45:00Z,2026-06-19,2026-06-19_75,-100.0,100,0,0,186.1591314285728,189.78603428571566,0.010074730158730161,21.057714285714287,0.0,True,True,True,False,-3523.5,0.0,106.096792067101,0.0,11714.094367325104,0.0,8296.691159392205
2026-06-19T16:45:00Z,2026-06-19T17:00:00Z,2026-06-19,2026-06-19_76,-21.74845582812233,100,0,0,189.78603428571566,172.77024000000137,0.05176072087506699,20.956571428571426,0.0,True,True,True,False,-989.174142202574,0.0,106.096792067101,0.0,10782.113757727779,0.0,9899.036407592306
2026-06-19T17:00:00Z,2026-06-19T17:15:00Z,2026-06-19,2026-06-19_77,-100.0,100,0,0,172.77024000000137,190.00000000000136,0.04786044444444445,6.272000000000001,0.0,True,True,True,False,-3818.5,0.0,86.57979709203461,0.0,1468.3507075030095,0.0,-2263.569495404956
2026-06-19T17:15:00Z,2026-06-19T17:30:00Z,2026-06-19,2026-06-19_78,0.0,100,0,0,190.00000000000136,178.55093167702,0.03180296756383713,10.533142857142858,0.0,True,True,True,False,0.0,0.0,86.57979709203461,0.0,3256.2181052643073,0.0,3342.797902356342
2026-06-19T17:30:00Z,2026-06-19T17:45:00Z,2026-06-19,2026-06-19_79,0.0,100,0,0,178.55093167702,160.88571428571566,0.049070048309178736,16.252,0.0,True,True,True,False,0.0,0.0,86.57979709203461,0.0,6540.918427940923,0.0,6627.498225032958
2026-06-19T17:45:00Z,2026-06-19T18:00:00Z,2026-06-19,2026-06-19_80,0.0,100,0,0,160.88571428571566,142.94347826087093,0.04983954451345756,16.506857142857143,0.0,True,True,True,False,0.0,0.0,86.57979709203461,0.0,6953.064544166737,0.0,7039.644341258771
2026-06-19T18:00:00Z,2026-06-19T18:15:00Z,2026-06-19,2026-06-19_81,58.23319222857174,40,100,0,142.94347826087093,124.46408596273422,0.05133164527260202,2.442742857142857,0.0,True,True,True,False,3039.627051350873,0.0,40.04279791360171,39.63583561015686,809.952279671264,0.0,3929.2579645458954
2026-06-19T18:15:00Z,2026-06-19T18:30:00Z,2026-06-19,2026-06-19_82,59.99999999999985,40,100,0,124.46408596273422,105.10184993788954,0.05378398895790189,2.813257142857143,0.0,True,True,True,False,3837.29999999999,0.0,40.04279791360171,39.63583561015686,938.0935186381092,0.0,4855.072152161858
2026-06-19T18:30:00Z,2026-06-19T18:45:00Z,2026-06-19,2026-06-19_83,59.99999999999985,40,100,0,105.10184993788954,84.6568809937902,0.056791580400275946,3.8093714285714286,0.0,True,True,True,False,4299.749999999989,0.0,40.04279791360171,39.63583561015686,1464.6490548157205,0.0,5844.077688339468
2026-06-19T18:45:00Z,2026-06-19T19:00:00Z,2026-06-19,2026-06-19_84,59.99999999999985,40,100,0,84.6568809937902,64.41116670807595,0.05623809523809512,3.6260571428571433,0.0,True,True,True,False,4311.599999999989,0.0,40.04279791360171,39.63583561015686,1333.9815223501732,0.0,5725.260155873922
2026-06-19T19:00:00Z,2026-06-19T19:15:00Z,2026-06-19,2026-06-19_85,0.0,100,0,0,64.41116670807595,43.26396173913186,0.058742236024844706,19.45542857142857,0.0,True,True,True,False,0.0,0.0,91.19394715221918,0.0,12813.477068888807,0.0,12904.671016041028
2026-06-19T19:15:00Z,2026-06-19T19:30:00Z,2026-06-19,2026-06-19_86,0.0,100,0,0,43.26396173913186,16.632905838510744,0.07397515527950309,24.500571428571426,0.0,True,True,True,False,0.0,0.0,91.19394715221918,0.0,25820.294598564844,0.0,25911.488545717064
2026-06-19T19:30:00Z,2026-06-19T19:45:00Z,2026-06-19,2026-06-19_87,0.0,100,0,0,16.632905838510744,11.154644968945528,0.015217391304347825,5.04,0.0,True,True,True,False,0.0,0.0,91.19394715221918,0.0,1098.6485488832418,0.0,1189.842496035461
2026-06-19T19:45:00Z,2026-06-19T20:00:00Z,2026-06-19,2026-06-19_88,-100.0,100,0,0,11.154644968945528,25.70957068323124,0.04043034920634921,9.179428571428572,0.0,True,True,True,False,-4000.5000000000005,0.0,91.19394715221918,0.0,3603.017352479577,0.0,-306.28870036820445
2026-06-19T20:00:00Z,2026-06-19T20:15:00Z,2026-06-19,2026-06-19_89,0.0,78,100,0,25.70957068323124,18.999552795032486,0.01931944651483782,6.285908571428571,0.13314285714285715,True,True,True,False,0.0,0.0,82.75549781233879,39.63583561015686,2142.1065881339505,-6.6145587147524525,2257.8833628416937
2026-06-19T20:15:00Z,2026-06-19T20:30:00Z,2026-06-19,2026-06-19_90,0.0,78,100,0,18.999552795032486,10.000000000001432,0.02499875776397515,8.27958857142857,0.0,True,True,True,False,0.0,0.0,82.75549781233879,39.63583561015686,1946.7639887611801,0.0,2069.1553221836757
2026-06-19T20:30:00Z,2026-06-19T20:45:00Z,2026-06-19,2026-06-19_91,21.646498486064054,78,100,0,10.000000000001432,10.000000000001432,0.02540832422617436,0.1693714285714286,6.344571428571428,True,True,True,False,812.0142744584779,0.0,82.75549781233879,39.63583561015686,28.85702241158601,-152.51385282212388,810.7487774704357
2026-06-19T20:45:00Z,2026-06-19T21:00:00Z,2026-06-19,2026-06-19_92,22.0,78,100,0,10.000000000001432,10.964868571430003,0.026251619047619048,0.0,7.257142857142856,True,True,True,False,799.5899999999999,0.0,82.75549781233879,39.63583561015686,0.0,-246.61446121848493,675.3668722040106
2026-06-19T21:00:00Z,2026-06-19T21:15:00Z,2026-06-20,2026-06-19_93,1.6442161641867132e-15,99,11,1,10.964868571430003,11.234928000001432,0.0007501650793650804,0.0,0.2935428571428571,True,True,True,False,6.115250968651434e-14,9.949227920826097,104.84653852760972,3.939894256647134,0.0,-7.805323117111171,110.93033758797185
2026-06-19T21:15:00Z,2026-06-19T21:30:00Z,2026-06-20,2026-06-19_94,-76.27842440850283,99,11,1,11.234928000001432,25.748456486956478,0.04472873679104275,3.184405714285714,0.023005714285714286,True,True,True,False,-2716.2746931867855,9.949227920826097,104.84653852760972,3.939894256647134,561.6214387967399,-1.125335156256391,-2037.042928841219
2026-06-19T21:30:00Z,2026-06-19T21:45:00Z,2026-06-20,2026-06-19_95,-88.00000000000027,99,11,1,25.748456486956478,44.38232803975157,0.052908959972394906,1.7112857142857143,0.0,True,True,True,False,-2947.560000000009,9.949227920826097,104.84653852760972,3.939894256647134,292.31004651834974,0.0,-2536.5142927765764
2026-06-19T21:45:00Z,2026-06-19T22:00:00Z,2026-06-20,2026-06-19_96,-88.00000000000021,99,11,1,44.38232803975157,64.34782608695659,0.05565595558316094,0.29247428571428574,0.0,True,True,True,False,-2785.2000000000066,9.949227920826097,104.84653852760972,3.939894256647134,47.99255666703933,0.0,-2618.4717826278843
2026-06-19T22:00:00Z,2026-06-19T22:15:00Z,2026-06-20,2026-06-20_1,0.0,0,0,100,64.34782608695659,64.34782608695659,0.0,0.0,0.0,True,True,True,False,0.0,994.9227920826097,0.0,0.0,0.0,0.0,994.9227920826097
2026-06-19T22:15:00Z,2026-06-19T22:30:00Z,2026-06-20,2026-06-20_2,0.0,0,0,100,64.34782608695659,64.34782608695659,0.0,0.0,0.0,True,True,True,False,0.0,994.9227920826097,0.0,0.0,0.0,0.0,994.9227920826097
2026-06-19T22:30:00Z,2026-06-19T22:45:00Z,2026-06-20,2026-06-20_3,0.0,0,0,100,64.34782608695659,64.34782608695659,0.0,0.0,0.0,True,True,True,False,0.0,994.9227920826097,0.0,0.0,0.0,0.0,994.9227920826097
2026-06-19T22:45:00Z,2026-06-19T23:00:00Z,2026-06-20,2026-06-20_4,0.0,0,0,100,64.34782608695659,64.34782608695659,0.0,0.0,0.0,True,True,True,False,0.0,994.9227920826097,0.0,0.0,0.0,0.0,994.9227920826097
2026-06-19T23:00:00Z,2026-06-19T23:15:00Z,2026-06-20,2026-06-20_5,0.0,0,0,100,64.34782608695659,64.34782608695659,0.0,0.0,0.0,True,True,True,False,0.0,994.9227920826097,0.0,0.0,0.0,0.0,994.9227920826097
2026-06-19T23:15:00Z,2026-06-19T23:30:00Z,2026-06-20,2026-06-20_6,0.0,0,0,100,64.34782608695659,64.34782608695659,0.0,0.0,0.0,True,True,True,False,0.0,994.9227920826097,0.0,0.0,0.0,0.0,994.9227920826097
2026-06-19T23:30:00Z,2026-06-19T23:45:00Z,2026-06-20,2026-06-20_7,0.0,0,0,100,64.34782608695659,64.34782608695659,0.0,0.0,0.0,True,True,True,False,0.0,994.9227920826097,0.0,0.0,0.0,0.0,994.9227920826097
2026-06-19T23:45:00Z,2026-06-20T00:00:00Z,2026-06-20,2026-06-20_8,0.0,0,0,100,64.34782608695659,64.34782608695659,0.0,0.0,0.0,True,True,True,False,0.0,994.9227920826097,0.0,0.0,0.0,0.0,994.9227920826097
2026-06-20T00:00:00Z,2026-06-20T00:15:00Z,2026-06-20,2026-06-20_9,0.0,0,0,100,64.34782608695659,64.34782608695659,0.0,0.0,0.0,True,True,True,False,0.0,994.9227920826097,0.0,0.0,0.0,0.0,994.9227920826097
2026-06-20T00:15:00Z,2026-06-20T00:30:00Z,2026-06-20,2026-06-20_10,0.0,0,0,100,64.34782608695659,64.34782608695659,0.0,0.0,0.0,True,True,True,False,0.0,994.9227920826097,0.0,0.0,0.0,0.0,994.9227920826097
2026-06-20T00:30:00Z,2026-06-20T00:45:00Z,2026-06-20,2026-06-20_11,0.0,0,0,100,64.34782608695659,64.34782608695659,0.0,0.0,0.0,True,True,True,False,0.0,994.9227920826097,0.0,0.0,0.0,0.0,994.9227920826097
2026-06-20T00:45:00Z,2026-06-20T01:00:00Z,2026-06-20,2026-06-20_12,0.0,0,0,100,64.34782608695659,64.34782608695659,0.0,0.0,0.0,True,True,True,False,0.0,994.9227920826097,0.0,0.0,0.0,0.0,994.9227920826097
2026-06-20T01:00:00Z,2026-06-20T01:15:00Z,2026-06-20,2026-06-20_13,0.0,0,0,100,64.34782608695659,64.34782608695659,0.0,0.0,0.0,True,True,True,False,0.0,994.9227920826097,0.0,0.0,0.0,0.0,994.9227920826097
2026-06-20T01:15:00Z,2026-06-20T01:30:00Z,2026-06-20,2026-06-20_14,0.0,0,0,100,64.34782608695659,64.34782608695659,0.0,0.0,0.0,True,True,True,False,0.0,994.9227920826097,0.0,0.0,0.0,0.0,994.9227920826097
2026-06-20T01:30:00Z,2026-06-20T01:45:00Z,2026-06-20,2026-06-20_15,0.0,0,0,100,64.34782608695659,64.34782608695659,0.0,0.0,0.0,True,True,True,False,0.0,994.9227920826097,0.0,0.0,0.0,0.0,994.9227920826097
2026-06-20T01:45:00Z,2026-06-20T02:00:00Z,2026-06-20,2026-06-20_16,0.0,0,0,100,64.34782608695659,64.34782608695659,0.0,0.0,0.0,True,True,True,False,0.0,994.9227920826097,0.0,0.0,0.0,0.0,994.9227920826097
2026-06-20T02:00:00Z,2026-06-20T02:15:00Z,2026-06-20,2026-06-20_17,0.0,0,0,100,64.34782608695659,64.34782608695659,0.0,0.0,0.0,True,True,True,False,0.0,994.9227920826097,0.0,0.0,0.0,0.0,994.9227920826097
2026-06-20T02:15:00Z,2026-06-20T02:30:00Z,2026-06-20,2026-06-20_18,0.0,0,0,100,64.34782608695659,64.34782608695659,0.0,0.0,0.0,True,True,True,False,0.0,994.9227920826097,0.0,0.0,0.0,0.0,994.9227920826097
2026-06-20T02:30:00Z,2026-06-20T02:45:00Z,2026-06-20,2026-06-20_19,0.0,0,0,100,64.34782608695659,64.34782608695659,0.0,0.0,0.0,True,True,True,False,0.0,994.9227920826097,0.0,0.0,0.0,0.0,994.9227920826097
2026-06-20T02:45:00Z,2026-06-20T03:00:00Z,2026-06-20,2026-06-20_20,0.0,0,0,100,64.34782608695659,64.34782608695659,0.0,0.0,0.0,True,True,True,False,0.0,994.9227920826097,0.0,0.0,0.0,0.0,994.9227920826097
2026-06-20T03:00:00Z,2026-06-20T03:15:00Z,2026-06-20,2026-06-20_21,0.0,0,0,100,64.34782608695659,64.34782608695659,0.0,0.0,0.0,True,True,True,False,0.0,994.9227920826097,0.0,0.0,0.0,0.0,994.9227920826097
2026-06-20T03:15:00Z,2026-06-20T03:30:00Z,2026-06-20,2026-06-20_22,0.0,0,0,100,64.34782608695659,64.34782608695659,0.0,0.0,0.0,True,True,True,False,0.0,994.9227920826097,0.0,0.0,0.0,0.0,994.9227920826097
2026-06-20T03:30:00Z,2026-06-20T03:45:00Z,2026-06-20,2026-06-20_23,0.0,0,0,100,64.34782608695659,64.34782608695659,0.0,0.0,0.0,True,True,True,False,0.0,994.9227920826097,0.0,0.0,0.0,0.0,994.9227920826097
2026-06-20T03:45:00Z,2026-06-20T04:00:00Z,2026-06-20,2026-06-20_24,0.0,0,0,100,64.34782608695659,64.34782608695659,0.0,0.0,0.0,True,True,True,False,0.0,994.9227920826097,0.0,0.0,0.0,0.0,994.9227920826097
2026-06-20T04:00:00Z,2026-06-20T04:15:00Z,2026-06-20,2026-06-20_25,0.0,0,0,100,64.34782608695659,64.34782608695659,0.0,0.0,0.0,True,True,True,False,0.0,994.9227920826097,0.0,0.0,0.0,0.0,994.9227920826097
2026-06-20T04:15:00Z,2026-06-20T04:30:00Z,2026-06-20,2026-06-20_26,0.0,0,0,100,64.34782608695659,64.34782608695659,0.0,0.0,0.0,True,True,True,False,0.0,994.9227920826097,0.0,0.0,0.0,0.0,994.9227920826097
2026-06-20T04:30:00Z,2026-06-20T04:45:00Z,2026-06-20,2026-06-20_27,0.0,0,0,100,64.34782608695659,64.34782608695659,0.0,0.0,0.0,True,True,True,False,0.0,994.9227920826097,0.0,0.0,0.0,0.0,994.9227920826097
2026-06-20T04:45:00Z,2026-06-20T05:00:00Z,2026-06-20,2026-06-20_28,0.0,0,0,100,64.34782608695659,64.34782608695659,0.0,0.0,0.0,True,True,True,False,0.0,994.9227920826097,0.0,0.0,0.0,0.0,994.9227920826097
2026-06-20T05:00:00Z,2026-06-20T05:15:00Z,2026-06-20,2026-06-20_29,0.0,100,34,0,64.34782608695659,51.840993788819944,0.03474120082815734,11.506285714285713,0.0,True,True,True,False,0.0,0.0,82.62869576835716,12.090244507644444,3915.8312072138892,0.0,4010.550147489891
2026-06-20T05:15:00Z,2026-06-20T05:30:00Z,2026-06-20,2026-06-20_30,0.0,100,34,0,51.840993788819944,39.83105590062119,0.03336093857832988,11.049142857142856,0.0,True,True,True,False,0.0,0.0,82.62869576835716,12.090244507644444,7300.083546301573,0.0,7394.802486577574
2026-06-20T05:30:00Z,2026-06-20T05:45:00Z,2026-06-20,2026-06-20_31,-64.6423329644763,100,34,0,39.83105590062119,35.95172961987584,0.030108683808157323,19.14857142857143,0.0,True,True,True,False,-1590.6862084233505,0.0,82.62869576835716,12.090244507644444,16410.99200898737,0.0,14915.024740840021
2026-06-20T05:45:00Z,2026-06-20T06:00:00Z,2026-06-20,2026-06-20_32,-66.00000000000003,100,34,0,35.95172961987584,50.98738918757771,0.042124727232574204,0.17485714285714285,0.028754285714285715,True,True,True,False,-1371.6450000000004,0.0,82.62869576835716,12.090244507644444,28.706796205455138,-1.8691355952630906,-1250.0883991138069
2026-06-20T06:00:00Z,2026-06-20T06:15:00Z,2026-06-20,2026-06-20_33,0.0,27,27,73,50.98738918757771,50.649239711801314,0.0009771555279503104,0.31736571428571425,0.0074057142857142854,True,True,True,False,0.0,726.2936382203051,28.07657803821267,9.415548472065813,44.09354725593545,-0.5118213520860999,807.3674906344329
2026-06-20T06:15:00Z,2026-06-20T06:30:00Z,2026-06-20,2026-06-20_34,0.0,27,27,73,50.649239711801314,50.08731074782616,0.00158535950310559,0.5210228571428571,0.0047828571428571425,True,True,True,False,0.0,726.2936382203051,28.07657803821267,9.415548472065813,77.30144964047805,-0.365166318097165,840.7220480529644
2026-06-20T06:30:00Z,2026-06-20T06:45:00Z,2026-06-20,2026-06-20_35,0.0,27,27,73,50.08731074782616,49.673913043478336,0.0011538469565217392,0.38124,0.00108,True,True,True,False,0.0,726.2936382203051,28.07657803821267,9.415548472065813,52.313003141761,-0.08245691053806953,816.0163109618065
2026-06-20T06:45:00Z,2026-06-20T07:00:00Z,2026-06-20,2026-06-20_36,0.0,27,27,73,49.673913043478336,49.70160263354045,0.0002818844720496894,0.03394285714285714,0.0702,True,True,True,False,0.0,726.2936382203051,28.07657803821267,9.415548472065813,4.535130079593823,-4.411447805920864,763.9094470042565
2026-06-20T07:00:00Z,2026-06-20T07:15:00Z,2026-06-20,2026-06-20_37,0.18820124850290823,26,27,73,49.70160263354045,49.673913043478336,0.0003431609453937556,0.02288,0.05245714285714286,True,True,True,False,3.6835689363231716,726.2936382203051,26.61983928537344,9.500582161058198,2.8419308659884335,-3.2217122351985212,765.7178472338497
2026-06-20T07:15:00Z,2026-06-20T07:30:00Z,2026-06-20,2026-06-20_38,0.031056030690736727,26,27,73,49.673913043478336,49.673913043478336,0.0002394499761694142,0.03194285714285714,0.04690285714285714,True,True,True,False,0.38571590117895016,726.2936382203051,26.61983928537344,9.500582161058198,3.9676307544643707,-3.1769431979865685,763.5904631243934
2026-06-20T07:30:00Z,2026-06-20T07:45:00Z,2026-06-20,2026-06-20_39,0.709539348169275,26,27,73,49.673913043478336,49.673913043478336,0.0010780591179287834,0.006834285714285715,0.21661714285714284,True,True,True,False,3.764106242038004,726.2936382203051,26.61983928537344,9.500582161058198,0.8488884404900515,-11.362032427597981,755.6650219216668
2026-06-20T07:45:00Z,2026-06-20T08:00:00Z,2026-06-20,2026-06-20_40,1.4210854715202004e-14,26,27,73,49.673913043478336,50.468744616149145,0.0022231173775017336,0.002525714285714286,0.8669314285714285,True,True,True,False,1.502797886132612e-14,726.2936382203051,26.61983928537344,9.500582161058198,0.31371964105067124,6.3611265250029305,769.0889058327904
2026-06-20T08:00:00Z,2026-06-20T08:15:00Z,2026-06-20,2026-06-20_41,6.479380739672938e-14,27,0,73,50.468744616149145,50.454657659627394,3.9130434782657597e-05,0.012960000000000001,0.0,True,True,True,False,1.9097974730185982e-13,726.2936382203051,27.968353343131454,0.0,1.1346425454753681,0.0,755.396634108912
2026-06-20T08:15:00Z,2026-06-20T08:30:00Z,2026-06-20,2026-06-20_42,-2.524201797554415,27,0,73,50.454657659627394,50.974065411180185,0.0017552922475812345,0.05708571428571429,0.0,True,True,True,False,-2.5178912930605293,726.2936382203051,27.968353343131454,0.0,4.892345195603389,0.0,756.6364454659794
2026-06-20T08:30:00Z,2026-06-20T08:45:00Z,2026-06-20,2026-06-20_43,-27.0,27,0,73,50.974065411180185,56.28216049689447,0.014744708571428573,0.9803314285714285,0.0,True,True,True,False,-4.7924999999999995,726.2936382203051,27.968353343131454,0.0,123.40376320687578,0.0,872.8732547703123
2026-06-20T08:45:00Z,2026-06-20T09:00:00Z,2026-06-20,2026-06-20_44,-27.0,27,0,73,56.28216049689447,61.34327501118018,0.014058651428571428,1.2487885714285714,0.0,True,True,True,False,-0.0675,726.2936382203051,27.968353343131454,0.0,154.69904439203026,0.0,908.8935359554667
2026-06-20T09:00:00Z,2026-06-20T09:15:00Z,2026-06-20,2026-06-20_45,-27.0,27,0,73,61.34327501118018,67.36392323975161,0.016724022857142855,0.20581714285714287,0.0,True,True,True,False,-0.0,726.2936382203051,28.300757763738044,0.0,17.646469785159393,0.0,772.2408657692025
2026-06-20T09:15:00Z,2026-06-20T09:30:00Z,2026-06-20,2026-06-20_46,-27.0,27,0,73,67.36392323975161,73.27059135403732,0.016407411428571432,0.3297085714285714,0.0,True,True,True,False,-0.0,726.2936382203051,28.300757763738044,0.0,28.30776309671508,0.0,782.9021590807582
2026-06-20T09:30:00Z,2026-06-20T09:45:00Z,2026-06-20,2026-06-20_47,-27.0,27,0,73,73.27059135403732,79.41245878260875,0.01706074285714286,0.07405714285714285,0.0,True,True,True,False,-0.0,726.2936382203051,28.300757763738044,0.0,6.347858089039283,0.0,760.9422540730824
2026-06-20T09:45:00Z,2026-06-20T10:00:00Z,2026-06-20,2026-06-20_48,-27.00000000000001,27,0,73,79.41245878260875,85.18115843975161,0.01602416571428572,0.47967428571428566,0.0,True,True,True,False,0.06750000000000003,726.2936382203051,28.300757763738044,0.0,41.46965527885106,0.0,796.1315512628942
2026-06-20T10:00:00Z,2026-06-20T10:15:00Z,2026-06-20,2026-06-20_49,-27.0,27,0,73,85.18115843975161,91.19612895403732,0.01670825142857143,0.21198857142857144,0.0,True,True,True,False,0.0675,726.2936382203051,28.300757763738044,0.0,18.193686178378513,0.0,772.8555821624217
2026-06-20T10:15:00Z,2026-06-20T10:30:00Z,2026-06-20,2026-06-20_50,-27.0,27,0,73,91.19612895403732,96.3820112397516,0.014405228571428574,1.1131714285714285,0.0,True,True,True,False,0.0675,726.2936382203051,28.300757763738044,0.0,126.75251374145506,0.0,881.4144097254982
2026-06-20T10:30:00Z,2026-06-20T10:45:00Z,2026-06-20,2026-06-20_51,-27.0,27,0,73,96.3820112397516,101.93013169689446,0.015411445714285717,0.7194342857142857,0.0,True,True,True,False,0.0675,726.2936382203051,28.300757763738044,0.0,61.76346981842574,0.0,816.4253658024688
2026-06-20T10:45:00Z,2026-06-20T11:00:00Z,2026-06-20,2026-06-20_52,-27.0,27,0,73,101.93013169689446,108.00826678260874,0.016883708571428572,0.14333142857142858,0.0,True,True,True,False,0.135,726.2936382203051,28.300757763738044,0.0,12.291741750627835,0.0,767.0211377346709
2026-06-20T11:00:00Z,2026-06-20T11:15:00Z,2026-06-20,2026-06-20_53,-27.0,27,0,73,108.00826678260874,113.94417512546588,0.016488634285714284,0.2979257142857143,0.0,True,True,True,False,0.0675,726.2936382203051,28.099769044301503,0.0,25.561128943084558,0.0,780.0220362076911
2026-06-20T11:15:00Z,2026-06-20T11:30:00Z,2026-06-20,2026-06-20_54,-27.0,27,0,73,113.94417512546588,120.1218121540373,0.017160102857142857,0.03517714285714286,0.0,True,True,True,False,0.135,726.2936382203051,28.099769044301503,0.0,2.8747751374963535,0.0,757.403182402103
2026-06-20T11:30:00Z,2026-06-20T11:45:00Z,2026-06-20,2026-06-20_55,-27.0,27,0,73,120.1218121540373,126.30484301118015,0.017175085714285717,0.029314285714285716,0.0,True,True,True,False,0.135,726.2936382203051,28.099769044301503,0.0,2.4343653571905755,0.0,756.9627726217972
2026-06-20T11:45:00Z,2026-06-20T12:00:00Z,2026-06-20,2026-06-20_56,-27.0,27,0,73,126.30484301118015,131.80427706832302,0.015276205714285713,0.7723542857142858,0.0,True,True,True,False,0.135,726.2936382203051,28.099769044301503,0.0,95.48086305772257,0.0,850.0092703223291
2026-06-20T12:00:00Z,2026-06-20T12:15:00Z,2026-06-20,2026-06-20_57,-5.0,27,22,73,131.80427706832302,132.77273071304353,0.0035662014630779854,0.17804571428571428,0.00704,True,True,True,False,0.025,726.2936382203051,27.458151209177153,20.46477448416713,16.26631844400756,-0.537496898322231,789.9703854593347
2026-06-20T12:15:00Z,2026-06-20T12:30:00Z,2026-06-20,2026-06-20_58,-5.0,27,22,73,132.77273071304353,133.64851670062117,0.003710378605935128,0.25966285714285714,0.0,True,True,True,False,0.0125,726.2936382203051,27.458151209177153,20.46477448416713,22.257028737214952,0.0,796.4860926508643
2026-06-20T12:30:00Z,2026-06-20T12:45:00Z,2026-06-20,2026-06-20_59,-5.0,27,22,73,133.64851670062117,134.03860335900626,0.004624222774327121,0.7195885714285714,0.0,True,True,True,False,0.0125,726.2936382203051,27.458151209177153,20.46477448416713,66.46693123409963,0.0,840.6959951477489
2026-06-20T12:45:00Z,2026-06-20T13:00:00Z,2026-06-20,2026-06-20_60,-5.0,27,22,73,134.03860335900626,133.1656436571429,0.00700064679089027,1.9156114285714285,0.0,True,True,True,False,0.0125,726.2936382203051,27.458151209177153,20.46477448416713,271.29169056626415,0.0,1045.5207544799134
2026-06-20T13:00:00Z,2026-06-20T13:15:00Z,2026-06-20,2026-06-20_61,-27.0,27,0,73,133.1656436571429,138.05401371428576,0.013578805714285713,1.4365542857142857,0.0,True,True,True,False,-0.0,726.2936382203051,27.404038861636543,0.0,201.78691896917957,0.0,955.4845960511212
2026-06-20T13:15:00Z,2026-06-20T13:30:00Z,2026-06-20,2026-06-20_62,-27.0,27,0,73,138.05401371428576,144.0723908571429,0.016717714285714287,0.2082857142857143,0.0,True,True,True,False,-0.0,726.2936382203051,27.404038861636543,0.0,21.281591167512413,0.0,774.979268249454
2026-06-20T13:30:00Z,2026-06-20T13:45:00Z,2026-06-20,2026-06-20_63,-27.0,27,0,73,144.0723908571429,150.2466212571429,0.01715064,0.038880000000000005,0.0,True,True,True,False,-0.0,726.2936382203051,27.404038861636543,0.0,3.3491523353247703,0.0,757.0468294172664
2026-06-20T13:45:00Z,2026-06-20T14:00:00Z,2026-06-20,2026-06-20_64,-27.0,27,0,73,150.2466212571429,156.42000000000002,0.017148274285714287,0.039805714285714285,0.0,True,True,True,False,-6.75,726.2936382203051,27.404038861636543,0.0,3.428894057594407,0.0,750.376571139536
2026-06-20T14:00:00Z,2026-06-20T14:15:00Z,2026-06-20,2026-06-20_65,-62.99999999999946,0,0,37,156.42000000000002,170.90999999999988,0.040249999999999654,0.0,0.0,True,False,True,False,-2.36249999999998,368.1214330705656,0.0,0.0,0.0,0.0,365.75893307056566
2026-06-20T14:15:00Z,2026-06-20T14:30:00Z,2026-06-20,2026-06-20_66,-8.999999999999432,0,0,37,170.90999999999988,172.97999999999976,0.0057499999999996365,0.0,0.0,True,False,True,False,-11.497499999999274,368.1214330705656,0.0,0.0,0.0,0.0,356.62393307056635
2026-06-20T14:30:00Z,2026-06-20T14:45:00Z,2026-06-20,2026-06-20_67,0.0,0,0,37,172.97999999999976,172.97999999999976,0.0,0.0,0.0,True,False,True,False,0.0,368.1214330705656,0.0,0.0,0.0,0.0,368.1214330705656
2026-06-20T14:45:00Z,2026-06-20T15:00:00Z,2026-06-20,2026-06-20_68,0.0,0,0,37,172.97999999999976,172.97999999999976,0.0,0.0,0.0,True,False,True,False,0.0,368.1214330705656,0.0,0.0,0.0,0.0,368.1214330705656
2026-06-20T15:00:00Z,2026-06-20T15:15:00Z,2026-06-20,2026-06-20_69,-100.0,100,0,0,172.97999999999976,189.60991999999976,0.04619422222222222,6.924000000000001,0.0,True,True,True,False,-358.25,0.0,105.90559447233305,0.0,2584.3181424290437,0.0,2331.973736901377
2026-06-20T15:15:00Z,2026-06-20T15:30:00Z,2026-06-20,2026-06-20_70,-35.285610904684845,100,0,0,189.60991999999976,189.99999999999997,0.030450668426242455,7.514857142857142,0.0,True,True,True,False,-787.6630494198275,0.0,105.90559447233305,0.0,1369.1682144970373,0.0,687.4107595495428
2026-06-20T15:30:00Z,2026-06-20T15:45:00Z,2026-06-20,2026-06-20_71,-0.4636328768384461,100,0,0,189.99999999999997,184.2865596223602,0.01633611332346043,5.3582857142857145,0.0,True,True,True,False,-13.082560702188854,0.0,105.90559447233305,0.0,1051.8894449155664,0.0,1144.7124786857105
2026-06-20T15:45:00Z,2026-06-20T16:00:00Z,2026-06-20,2026-06-20_72,0.0,100,0,0,184.2865596223602,174.71264657888193,0.026594202898550724,8.808,0.0,True,True,True,False,0.0,0.0,105.90559447233305,0.0,1683.1717966826363,0.0,1789.0773911549693
2026-06-20T16:00:00Z,2026-06-20T16:15:00Z,2026-06-20,2026-06-20_73,-79.00000000000036,100,21,0,174.71264657888193,190.00000000000003,0.04629240684610093,3.0182857142857142,0.0,True,True,True,False,-2025.362500000009,0.0,105.90559447233305,7.521616308144528,579.2007959927687,0.0,-1332.7344932267629
2026-06-20T16:15:00Z,2026-06-20T16:30:00Z,2026-06-20,2026-06-20_74,-46.19156133990462,100,21,0,190.00000000000003,190.0,0.03418451222122208,10.52057142857143,0.0,True,True,True,False,-1385.977798003838,0.0,105.90559447233305,7.521616308144528,2771.789336009184,0.0,1499.2387487858234
2026-06-20T16:30:00Z,2026-06-20T16:45:00Z,2026-06-20,2026-06-20_75,-59.04402401593676,100,21,0,190.0,185.15900621118013,0.032647346883927085,18.637714285714285,0.0,True,True,True,False,-2439.2562421583875,0.0,105.90559447233305,7.521616308144528,5864.987122651928,0.0,3539.1580912740183
2026-06-20T16:45:00Z,2026-06-20T17:00:00Z,2026-06-20,2026-06-20_76,0.0,100,21,0,185.15900621118013,167.0,0.05044168391994479,16.706285714285716,0.0,True,True,True,False,0.0,0.0,105.90559447233305,7.521616308144528,7476.878385109767,0.0,7590.305595890244
2026-06-20T17:00:00Z,2026-06-20T17:15:00Z,2026-06-20,2026-06-20_77,-100.0,0,0,0,167.0,190.0,0.06388888888888888,0.0,0.0,True,True,True,False,-3261.5,0.0,0.0,0.0,0.0,0.0,-3261.5
2026-06-20T17:15:00Z,2026-06-20T17:30:00Z,2026-06-20,2026-06-20_78,48.22171428571427,0,0,0,190.0,176.89627329192547,0.036399240855762585,0.0,0.0,True,True,True,False,2242.912485714285,0.0,0.0,0.0,0.0,0.0,2242.912485714285
2026-06-20T17:30:00Z,2026-06-20T17:45:00Z,2026-06-20,2026-06-20_79,100.0,0,0,0,176.89627329192547,149.72236024844722,0.0754830917874396,0.0,0.0,True,True,True,False,5796.5,0.0,0.0,0.0,0.0,0.0,5796.5
2026-06-20T17:45:00Z,2026-06-20T18:00:00Z,2026-06-20,2026-06-20_80,100.0,0,0,0,149.72236024844722,122.54844720496897,0.07548309178743962,0.0,0.0,True,True,True,False,8580.0,0.0,0.0,0.0,0.0,0.0,8580.0
2026-06-20T18:00:00Z,2026-06-20T18:15:00Z,2026-06-20,2026-06-20_81,0.0,100,100,0,122.54844720496897,112.49006211180127,0.0279399585921325,9.253714285714285,0.0,True,True,True,False,0.0,0.0,95.99931285907886,35.84585138668855,3162.897676318452,0.0,3294.7428405642195
2026-06-20T18:15:00Z,2026-06-20T18:30:00Z,2026-06-20,2026-06-20_82,0.0,100,100,0,112.49006211180127,101.38571428571431,0.03084541062801932,10.216,0.0,True,True,True,False,0.0,0.0,95.99931285907886,35.84585138668855,3597.4589757782824,0.0,3729.30414002405
2026-06-20T18:30:00Z,2026-06-20T18:45:00Z,2026-06-20,2026-06-20_83,0.0,100,100,0,101.38571428571431,92.55590062111804,0.024527260179434095,8.123428571428573,0.0,True,True,True,False,0.0,0.0,95.99931285907886,35.84585138668855,2545.0003506600106,0.0,2676.845514905778
2026-06-20T18:45:00Z,2026-06-20T19:00:00Z,2026-06-20,2026-06-20_84,0.0,100,100,0,92.55590062111804,79.11428571428574,0.037337819185645264,12.366285714285713,0.0,True,True,True,False,0.0,0.0,95.99931285907886,35.84585138668855,5906.038543370317,0.0,6037.883707616084
2026-06-20T19:00:00Z,2026-06-20T19:15:00Z,2026-06-20,2026-06-20_85,0.0,100,100,0,79.11428571428574,62.49751552795034,0.04615769496204278,15.28742857142857,0.0,True,True,True,False,0.0,0.0,85.34862858124487,35.84585138668855,8424.186958937877,0.0,8545.38143890581
2026-06-20T19:15:00Z,2026-06-20T19:30:00Z,2026-06-20,2026-06-20_86,0.0,100,100,0,62.49751552795034,53.457142857142884,0.025112146307798483,8.317142857142859,0.0,True,True,True,False,0.0,0.0,85.34862858124487,35.84585138668855,2298.0435101994076,0.0,2419.237990167341
2026-06-20T19:30:00Z,2026-06-20T19:45:00Z,2026-06-20,2026-06-20_87,0.0,100,100,0,53.457142857142884,46.11490683229816,0.020395100069013114,6.754857142857143,0.0,True,True,True,False,0.0,0.0,85.34862858124487,35.84585138668855,1561.663766023063,0.0,1682.8582459909965
2026-06-20T19:45:00Z,2026-06-20T20:00:00Z,2026-06-20,2026-06-20_88,0.0,100,100,0,46.11490683229816,37.17391304347829,0.024836093857832982,8.225714285714284,0.0,True,True,True,False,0.0,0.0,85.34862858124487,35.84585138668855,2664.472944371579,0.0,2785.6674243395128
2026-06-20T20:00:00Z,2026-06-20T20:15:00Z,2026-06-20,2026-06-20_89,100.0,0,0,0,37.17391304347829,10.000000000000028,0.0754830917874396,0.0,0.0,True,False,True,False,5868.5,0.0,0.0,0.0,0.0,0.0,5868.5
2026-06-20T20:15:00Z,2026-06-20T20:30:00Z,2026-06-20,2026-06-20_90,0.0,0,0,0,10.000000000000028,10.000000000000028,0.0,0.0,0.0,True,False,True,False,0.0,0.0,0.0,0.0,0.0,0.0,0.0
2026-06-20T20:30:00Z,2026-06-20T20:45:00Z,2026-06-20,2026-06-20_91,0.0,0,0,0,10.000000000000028,10.000000000000028,0.0,0.0,0.0,True,False,True,False,0.0,0.0,0.0,0.0,0.0,0.0,0.0
2026-06-20T20:45:00Z,2026-06-20T21:00:00Z,2026-06-20,2026-06-20_92,0.0,0,0,0,10.000000000000028,10.000000000000028,0.0,0.0,0.0,True,False,True,False,0.0,0.0,0.0,0.0,0.0,0.0,0.0
2026-06-20T21:00:00Z,2026-06-20T21:15:00Z,2026-06-21,2026-06-20_93,-99.99999999999974,100,0,0,10.000000000000028,22.449439999999964,0.034581777777777774,11.467999999999998,0.0,True,True,True,False,-3986.49999999999,0.0,105.90559447233305,0.0,2615.269180584451,0.0,-1265.325224943206
2026-06-20T21:15:00Z,2026-06-20T21:30:00Z,2026-06-21,2026-06-20_94,-19.516978490939263,100,0,0,22.449439999999964,15.517391304347822,0.03338875899674802,10.832,0.0,True,True,True,False,-742.1818995641929,0.0,105.90559447233305,0.0,2246.2873180508104,0.0,1610.0110129589505
2026-06-20T21:30:00Z,2026-06-20T21:45:00Z,2026-06-21,2026-06-20_95,1.938187765029122e-14,100,0,0,15.517391304347822,9.999999999999993,0.015326086956521748,5.076,0.0,True,True,True,False,6.95421770092449e-13,0.0,105.90559447233305,0.0,871.8442495848523,0.0,977.749844057186
2026-06-20T21:45:00Z,2026-06-20T22:00:00Z,2026-06-21,2026-06-20_96,-100.0,100,0,0,9.999999999999993,29.466148571428565,0.054072634920634924,3.8411428571428576,0.0,True,True,True,False,-3371.75,0.0,105.90559447233305,0.0,659.6375250929142,0.0,-2606.2068804347527
2026-06-20T22:00:00Z,2026-06-20T22:15:00Z,2026-06-21,2026-06-21_1,-54.77747181357983,100,0,0,29.466148571428565,32.12416894409937,0.03465266804891967,9.985714285714288,0.0,True,True,True,False,-2020.330104164358,0.0,105.90559447233305,0.0,2226.8747058518784,0.0,312.45019615985336
2026-06-20T22:15:00Z,2026-06-20T22:30:00Z,2026-06-21,2026-06-21_2,-100.0,100,0,0,32.12416894409937,43.79187180124222,0.03241028571428571,12.317714285714287,0.0,True,True,True,False,-3474.25,0.0,105.90559447233305,0.0,2625.964772357303,0.0,-742.379633170364
2026-06-20T22:30:00Z,2026-06-20T22:45:00Z,2026-06-21,2026-06-21_3,-100.0,100,0,0,43.79187180124222,52.53450037267079,0.024285079365079367,15.497142857142856,0.0,True,True,True,False,-3350.5000000000005,0.0,105.90559447233305,0.0,3651.1210595058583,0.0,406.5266539781909
2026-06-20T22:45:00Z,2026-06-20T23:00:00Z,2026-06-21,2026-06-21_4,-100.0,100,0,0,52.53450037267079,64.3478260869565,0.03281479365079366,12.15942857142857,0.0,True,True,True,False,-3291.25,0.0,105.90559447233305,0.0,2855.1622207740147,0.0,-330.1821847536522
2026-06-20T23:00:00Z,2026-06-20T23:15:00Z,2026-06-21,2026-06-21_5,0.0,0,0,100,64.3478260869565,64.3478260869565,0.0,0.0,0.0,True,False,True,False,0.0,994.9227920826097,0.0,0.0,0.0,0.0,994.9227920826097
2026-06-20T23:15:00Z,2026-06-20T23:30:00Z,2026-06-21,2026-06-21_6,0.0,0,0,100,64.3478260869565,64.3478260869565,0.0,0.0,0.0,True,False,True,False,0.0,994.9227920826097,0.0,0.0,0.0,0.0,994.9227920826097
2026-06-20T23:30:00Z,2026-06-20T23:45:00Z,2026-06-21,2026-06-21_7,0.0,0,0,100,64.3478260869565,64.3478260869565,0.0,0.0,0.0,True,False,True,False,0.0,994.9227920826097,0.0,0.0,0.0,0.0,994.9227920826097
2026-06-20T23:45:00Z,2026-06-21T00:00:00Z,2026-06-21,2026-06-21_8,0.0,0,0,100,64.3478260869565,64.3478260869565,0.0,0.0,0.0,True,False,True,False,0.0,994.9227920826097,0.0,0.0,0.0,0.0,994.9227920826097
2026-06-21T00:00:00Z,2026-06-21T00:15:00Z,2026-06-21,2026-06-21_9,0.0,0,0,100,64.3478260869565,64.3478260869565,0.0,0.0,0.0,True,True,True,False,0.0,994.9227920826097,0.0,0.0,0.0,0.0,994.9227920826097
2026-06-21T00:15:00Z,2026-06-21T00:30:00Z,2026-06-21,2026-06-21_10,0.0,0,0,100,64.3478260869565,64.3478260869565,0.0,0.0,0.0,True,True,True,False,0.0,994.9227920826097,0.0,0.0,0.0,0.0,994.9227920826097
2026-06-21T00:30:00Z,2026-06-21T00:45:00Z,2026-06-21,2026-06-21_11,0.0,0,0,100,64.3478260869565,64.3478260869565,0.0,0.0,0.0,True,True,True,False,0.0,994.9227920826097,0.0,0.0,0.0,0.0,994.9227920826097
2026-06-21T00:45:00Z,2026-06-21T01:00:00Z,2026-06-21,2026-06-21_12,0.0,0,0,100,64.3478260869565,64.3478260869565,0.0,0.0,0.0,True,True,True,False,0.0,994.9227920826097,0.0,0.0,0.0,0.0,994.9227920826097
2026-06-21T01:00:00Z,2026-06-21T01:15:00Z,2026-06-21,2026-06-21_13,0.0,0,0,100,64.3478260869565,64.3478260869565,0.0,0.0,0.0,True,True,True,False,0.0,994.9227920826097,0.0,0.0,0.0,0.0,994.9227920826097
2026-06-21T01:15:00Z,2026-06-21T01:30:00Z,2026-06-21,2026-06-21_14,0.0,0,0,100,64.3478260869565,64.3478260869565,0.0,0.0,0.0,True,True,True,False,0.0,994.9227920826097,0.0,0.0,0.0,0.0,994.9227920826097
2026-06-21T01:30:00Z,2026-06-21T01:45:00Z,2026-06-21,2026-06-21_15,0.0,0,0,100,64.3478260869565,64.3478260869565,0.0,0.0,0.0,True,True,True,False,0.0,994.9227920826097,0.0,0.0,0.0,0.0,994.9227920826097
2026-06-21T01:45:00Z,2026-06-21T02:00:00Z,2026-06-21,2026-06-21_16,0.0,0,0,100,64.3478260869565,64.3478260869565,0.0,0.0,0.0,True,True,True,False,0.0,994.9227920826097,0.0,0.0,0.0,0.0,994.9227920826097
2026-06-21T02:00:00Z,2026-06-21T02:15:00Z,2026-06-21,2026-06-21_17,0.0,0,0,100,64.3478260869565,64.3478260869565,0.0,0.0,0.0,True,True,True,False,0.0,994.9227920826097,0.0,0.0,0.0,0.0,994.9227920826097
2026-06-21T02:15:00Z,2026-06-21T02:30:00Z,2026-06-21,2026-06-21_18,0.0,0,0,100,64.3478260869565,64.3478260869565,0.0,0.0,0.0,True,True,True,False,0.0,994.9227920826097,0.0,0.0,0.0,0.0,994.9227920826097
2026-06-21T02:30:00Z,2026-06-21T02:45:00Z,2026-06-21,2026-06-21_19,0.0,0,0,100,64.3478260869565,64.3478260869565,0.0,0.0,0.0,True,True,True,False,0.0,994.9227920826097,0.0,0.0,0.0,0.0,994.9227920826097
2026-06-21T02:45:00Z,2026-06-21T03:00:00Z,2026-06-21,2026-06-21_20,0.0,0,0,100,64.3478260869565,64.3478260869565,0.0,0.0,0.0,True,True,True,False,0.0,994.9227920826097,0.0,0.0,0.0,0.0,994.9227920826097
2026-06-21T03:00:00Z,2026-06-21T03:15:00Z,2026-06-21,2026-06-21_21,0.0,0,0,100,64.3478260869565,64.3478260869565,0.0,0.0,0.0,True,True,True,False,0.0,994.9227920826097,0.0,0.0,0.0,0.0,994.9227920826097
2026-06-21T03:15:00Z,2026-06-21T03:30:00Z,2026-06-21,2026-06-21_22,0.0,0,0,100,64.3478260869565,64.3478260869565,0.0,0.0,0.0,True,True,True,False,0.0,994.9227920826097,0.0,0.0,0.0,0.0,994.9227920826097
2026-06-21T03:30:00Z,2026-06-21T03:45:00Z,2026-06-21,2026-06-21_23,0.0,0,0,100,64.3478260869565,64.3478260869565,0.0,0.0,0.0,True,True,True,False,0.0,994.9227920826097,0.0,0.0,0.0,0.0,994.9227920826097
2026-06-21T03:45:00Z,2026-06-21T04:00:00Z,2026-06-21,2026-06-21_24,0.0,0,0,100,64.3478260869565,64.3478260869565,0.0,0.0,0.0,True,True,True,False,0.0,994.9227920826097,0.0,0.0,0.0,0.0,994.9227920826097
2026-06-21T04:00:00Z,2026-06-21T04:15:00Z,2026-06-21,2026-06-21_25,0.0,100,20,0,64.3478260869565,46.18136645962731,0.05046238785369219,16.713142857142856,0.0,True,True,True,False,0.0,0.0,82.62869576835716,7.157717928651868,4295.447745496092,0.0,4385.234159193101
2026-06-21T04:15:00Z,2026-06-21T04:30:00Z,2026-06-21,2026-06-21_26,-78.96960583038522,100,20,0,46.18136645962731,42.88765693380462,0.019380445119237696,22.465142857142858,0.0,True,True,True,False,-2260.5049668947768,0.0,82.62869576835716,7.157717928651868,6425.401338397817,0.0,4254.68278520005
2026-06-21T04:30:00Z,2026-06-21T04:45:00Z,2026-06-21,2026-06-21_27,0.0,100,20,0,42.88765693380462,35.17275010150649,0.02143029675638371,7.097714285714285,0.0,True,True,True,False,0.0,0.0,82.62869576835716,7.157717928651868,1323.6124208901747,0.0,1413.3988345871837
2026-06-21T04:45:00Z,2026-06-21T05:00:00Z,2026-06-21,2026-06-21_28,-80.00000000000001,100,20,0,35.17275010150649,50.9980487847363,0.047220722705314015,2.7005714285714286,0.0,True,True,True,False,-1967.6000000000004,0.0,82.62869576835716,7.157717928651868,462.99611830821544,0.0,-1414.8174679947758
2026-06-21T05:00:00Z,2026-06-21T05:15:00Z,2026-06-21,2026-06-21_29,0.0,27,26,73,50.9980487847363,50.78919793256238,0.0005816599861973776,0.19239428571428574,0.00029714285714285715,True,True,True,False,0.0,726.2936382203051,21.173388559103664,9.4092496802886,25.705941860243176,-0.02268655739671754,782.5595317625438
2026-06-21T05:15:00Z,2026-06-21T05:30:00Z,2026-06-21,2026-06-21_30,0.0,27,26,73,50.78919793256238,50.67138139591642,0.00039105482401656315,0.11895428571428573,0.01248,True,True,True,False,0.0,726.2936382203051,21.173388559103664,9.4092496802886,15.893569506212902,-0.9232570174266573,771.8465889484836
2026-06-21T05:30:00Z,2026-06-21T05:45:00Z,2026-06-21,2026-06-21_31,-0.6511885019288304,27,26,73,50.67138139591642,49.802783173588416,0.003133388310587648,0.9411428571428572,0.0008914285714285713,True,True,True,False,-15.420143725674704,726.2936382203051,21.173388559103664,9.4092496802886,147.5158929696213,-0.06805967219015262,888.9039660314538
2026-06-21T05:45:00Z,2026-06-21T06:00:00Z,2026-06-21,2026-06-21_32,-0.5905632542121816,27,26,73,49.802783173588416,49.80673416149068,0.0008038048479974944,0.13422857142857142,0.014708571428571428,True,True,True,False,-11.207414156811675,726.2936382203051,21.173388559103664,9.4092496802886,17.93437804203012,-0.9328436476275916,762.6703966972882
2026-06-21T06:00:00Z,2026-06-21T06:15:00Z,2026-06-21,2026-06-21_33,0.0,31,30,69,49.80673416149068,47.88321798757764,0.005376395721187027,1.7751485714285717,0.006514285714285714,True,True,True,False,0.0,686.4967265370007,32.23607108091084,10.46172052451757,266.3105731660564,-0.3510957661757608,995.1539955423096
2026-06-21T06:15:00Z,2026-06-21T06:30:00Z,2026-06-21,2026-06-21_34,0.0,31,30,69,47.88321798757764,47.5,0.0011626277432712215,0.36881142857142857,0.019200000000000002,True,True,True,False,0.0,686.4967265370007,32.23607108091084,10.46172052451757,51.11316273187598,-1.44152270428127,778.8661581700238
2026-06-21T06:30:00Z,2026-06-21T06:45:00Z,2026-06-21,2026-06-21_35,-0.0969364945824645,31,30,69,47.5,47.62517646916152,0.0004042294041852661,0.009388571428571428,0.12291428571428573,True,True,True,False,-1.1661460298270478,686.4967265370007,32.23607108091084,10.46172052451757,1.2544139260560019,-6.668776262007925,722.61400977665
2026-06-21T06:45:00Z,2026-06-21T07:00:00Z,2026-06-21,2026-06-21_36,-1.0,31,30,69,47.62517646916152,49.948966819472076,0.006479817915804003,0.004251428571428571,2.280857142857143,True,True,True,False,-5.69,686.4967265370007,32.23607108091084,10.46172052451757,0.5443680370401678,33.43422856161228,757.4831147410815
2026-06-21T07:00:00Z,2026-06-21T07:15:00Z,2026-06-21,2026-06-21_37,-1.4430103367171594,27,0,73,49.948966819472076,49.960683229813675,0.001730171709258728,0.29700000000000004,0.0,True,True,True,False,-3.9105580125035018,726.2936382203051,27.643679257887804,0.0,35.430930503330735,0.0,785.4576899690201
2026-06-21T07:15:00Z,2026-06-21T07:30:00Z,2026-06-21,2026-06-21_38,0.0,27,0,73,49.960683229813675,49.67391304347827,0.0007965838509316769,0.2638285714285714,0.0,True,True,True,False,0.0,726.2936382203051,27.643679257887804,0.0,27.003816871491015,0.0,780.9411343496839
2026-06-21T07:30:00Z,2026-06-21T07:45:00Z,2026-06-21,2026-06-21_39,-27.0,27,0,73,49.67391304347827,55.86687990062113,0.017202685714285713,0.018514285714285712,0.0,True,True,True,False,-6.4125,726.2936382203051,27.643679257887804,0.0,1.6722261457120497,0.0,749.197043623905
2026-06-21T07:45:00Z,2026-06-21T08:00:00Z,2026-06-21,2026-06-21_40,-27.0,27,0,73,55.86687990062113,62.07687990062113,0.01725,0.0,0.0,True,True,True,False,-4.2525,726.2936382203051,27.643679257887804,0.0,0.0,0.0,749.6848174781928
2026-06-21T08:00:00Z,2026-06-21T08:15:00Z,2026-06-21,2026-06-21_41,0.0,27,27,73,62.07687990062113,62.129426663354046,0.00018602534161490684,0.006634285714285713,0.06495428571428571,True,True,True,False,0.0,726.2936382203051,27.968353343131454,9.500582161058198,0.56856984705661,-4.090392960623007,760.2407506109283
2026-06-21T08:15:00Z,2026-06-21T08:30:00Z,2026-06-21,2026-06-21_42,-1.8569083468934346e-14,27,27,73,62.129426663354046,62.12947415652175,0.00016783378881988755,0.027771428571428572,0.032862857142857145,True,True,True,False,-6.081374836075999e-15,726.2936382203051,27.968353343131454,9.500582161058198,2.3800598248881353,-2.026380814589202,764.1162527347936
2026-06-21T08:30:00Z,2026-06-21T08:45:00Z,2026-06-21,2026-06-21_43,5.082551227712482e-15,27,27,73,62.12947415652175,63.85475121490684,0.0047989580124223625,0.00108,1.876577142857143,True,True,True,False,5.082551227712482e-17,726.2936382203051,27.968353343131454,9.500582161058198,0.09255788207898304,27.810349587851785,791.6654811944255
2026-06-21T08:45:00Z,2026-06-21T09:00:00Z,2026-06-21,2026-06-21_44,0.0,27,27,73,63.85475121490684,66.64577361490684,0.00775284,0.0,3.03372,True,True,True,False,0.0,726.2936382203051,27.968353343131454,9.500582161058198,0.0,308.10865889179445,1071.8712326162893
2026-06-21T09:00:00Z,2026-06-21T09:15:00Z,2026-06-21,2026-06-21_45,0.0,27,27,73,66.64577361490684,69.57618390062113,0.008140028571428572,0.0,3.1852285714285715,True,True,True,False,0.0,726.2936382203051,28.099769044301503,22.750376973144245,0.0,384.34621263194066,1161.4899968696914
2026-06-21T09:15:00Z,2026-06-21T09:30:00Z,2026-06-21,2026-06-21_46,0.0,27,27,73,69.57618390062113,72.13300058633541,0.007102268571428573,0.0,2.7791485714285717,True,True,True,False,0.0,726.2936382203051,28.099769044301503,22.750376973144245,0.0,44.287292842554756,821.4310770803056
2026-06-21T09:30:00Z,2026-06-21T09:45:00Z,2026-06-21,2026-06-21_47,0.0,27,27,73,72.13300058633541,75.29122915776398,0.008772857142857143,0.0,3.432857142857143,True,True,True,False,0.0,726.2936382203051,28.099769044301503,22.750376973144245,0.0,83.76430902799554,860.9080932657464
2026-06-21T09:45:00Z,2026-06-21T10:00:00Z,2026-06-21,2026-06-21_48,0.0,27,27,73,75.29122915776398,75.3285019031056,0.0007165788819875776,0.10152000000000001,0.16045714285714285,True,True,True,False,0.0,726.2936382203051,28.099769044301503,22.750376973144245,8.806299509457732,-8.472765605870146,777.4773181413384
2026-06-21T10:00:00Z,2026-06-21T10:15:00Z,2026-06-21,2026-06-21_49,0.0,27,27,73,75.3285019031056,74.04345565217393,0.0035987500621118013,1.1870742857142857,0.005708571428571428,True,True,True,False,0.0,726.2936382203051,28.099769044301503,25.115859594205112,163.5187974532158,-0.43584366998693885,942.5922206420405
2026-06-21T10:15:00Z,2026-06-21T10:30:00Z,2026-06-21,2026-06-21_50,1.1886626948432385e-14,27,27,73,74.04345565217393,73.46689664596275,0.0016015527950310649,0.5304342857142857,0.0,True,True,True,False,0.0,726.2936382203051,28.099769044301503,25.115859594205112,57.640876698015205,0.0,837.1501435568268
2026-06-21T10:30:00Z,2026-06-21T10:45:00Z,2026-06-21,2026-06-21_51,0.0,27,27,73,73.46689664596275,73.40763429565219,0.00018196621118012424,0.05739428571428572,0.003394285714285714,True,True,True,False,0.0,726.2936382203051,28.099769044301503,25.115859594205112,4.786037741487769,-0.2591502902625042,784.036154310037
2026-06-21T10:45:00Z,2026-06-21T11:00:00Z,2026-06-21,2026-06-21_52,0.0,27,27,73,73.40763429565219,73.38101772919256,0.000252152049689441,0.054,0.03486857142857143,True,True,True,False,0.0,726.2936382203051,28.099769044301503,25.115859594205112,4.567288274703671,-2.315537763574442,781.7610173699409
2026-06-21T11:00:00Z,2026-06-21T11:15:00Z,2026-06-21,2026-06-21_53,-27.0,0,0,73,73.38101772919256,79.59101772919256,0.01725,0.0,0.0,True,False,True,False,0.0675,726.2936382203051,0.0,0.0,0.0,0.0,726.3611382203051
2026-06-21T11:15:00Z,2026-06-21T11:30:00Z,2026-06-21,2026-06-21_54,-27.0,0,0,73,79.59101772919256,85.80101772919255,0.01725,0.0,0.0,True,False,True,False,0.0675,726.2936382203051,0.0,0.0,0.0,0.0,726.3611382203051
2026-06-21T11:30:00Z,2026-06-21T11:45:00Z,2026-06-21,2026-06-21_55,-27.0,0,0,73,85.80101772919255,92.01101772919255,0.01725,0.0,0.0,True,False,True,False,0.0675,726.2936382203051,0.0,0.0,0.0,0.0,726.3611382203051
2026-06-21T11:45:00Z,2026-06-21T12:00:00Z,2026-06-21,2026-06-21_56,-27.0,0,0,73,92.01101772919255,98.22101772919254,0.01725,0.0,0.0,True,False,True,False,0.0675,726.2936382203051,0.0,0.0,0.0,0.0,726.3611382203051
2026-06-21T12:00:00Z,2026-06-21T12:15:00Z,2026-06-21,2026-06-21_57,0.0,27,27,73,98.22101772919254,99.69495235776397,0.004094262857142858,0.0,1.6021028571428573,True,True,True,False,0.0,726.2936382203051,27.458151209177153,25.115859594205112,0.0,-25.55731869759528,753.3103303260921
2026-06-21T12:15:00Z,2026-06-21T12:30:00Z,2026-06-21,2026-06-21_58,0.0,27,27,73,99.69495235776397,102.67163601490682,0.008268565714285714,0.0,3.235525714285714,True,True,True,False,0.0,726.2936382203051,27.458151209177153,25.115859594205112,0.0,27.654910478081025,806.5225595017683
2026-06-21T12:30:00Z,2026-06-21T12:45:00Z,2026-06-21,2026-06-21_59,0.0,27,27,73,102.67163601490682,100.65161769937887,0.006639459130434781,2.0287028571428567,0.20118857142857144,True,True,True,False,0.0,726.2936382203051,27.458151209177153,25.115859594205112,283.3442438139592,-6.140608062998826,1056.0712847746477
2026-06-21T12:45:00Z,2026-06-21T13:00:00Z,2026-06-21,2026-06-21_60,0.0,27,27,73,100.65161769937887,99.52650589813663,0.0031253105590062107,1.035102857142857,0.0,True,True,True,False,0.0,726.2936382203051,27.458151209177153,25.115859594205112,128.99676208727234,0.0,907.8644111109597
2026-06-21T13:00:00Z,2026-06-21T13:15:00Z,2026-06-21,2026-06-21_61,-94.99999999999986,100,5,0,99.52650589813663,119.2193101217391,0.055407893029675574,2.337142857142857,0.013571428571428571,True,True,True,False,-0.0,0.0,101.49644022828349,1.7593670668626293,306.1393499974097,-0.6802577869154189,408.7148995056404
2026-06-21T13:15:00Z,2026-06-21T13:30:00Z,2026-06-21,2026-06-21_62,-95.0,100,5,0,119.2193101217391,133.99052532670805,0.04333343077984818,7.625142857142857,0.0,True,True,True,False,-0.0,0.0,101.49644022828349,1.7593670668626293,1125.000748983604,0.0,1228.25655627875
2026-06-21T13:30:00Z,2026-06-21T13:45:00Z,2026-06-21,2026-06-21_63,-95.0,100,5,0,133.99052532670805,143.55556592298134,0.03056507135955832,13.233142857142857,0.0,True,True,True,False,-0.0,0.0,101.49644022828349,1.7593670668626293,2597.1548890894564,0.0,2700.4106963846025
2026-06-21T13:45:00Z,2026-06-21T14:00:00Z,2026-06-21,2026-06-21_64,-95.0,100,5,0,143.55556592298134,150.04750997267078,0.023028174465148377,16.543428571428574,0.0,True,True,True,False,-0.7125,0.0,101.49644022828349,1.7593670668626293,3690.2793408900666,0.0,3792.8226481852125
2026-06-21T14:00:00Z,2026-06-21T14:15:00Z,2026-06-21,2026-06-21_65,-27.0,0,0,73,150.04750997267078,156.2575099726708,0.01725,0.0,0.0,True,False,True,False,-0.7425,726.2936382203051,0.0,0.0,0.0,0.0,725.5511382203051
2026-06-21T14:15:00Z,2026-06-21T14:30:00Z,2026-06-21,2026-06-21_66,-0.7064783796921673,0,0,73,156.2575099726708,156.42,0.00045136118702555135,0.0,0.0,True,False,True,False,-0.3620701695922357,726.2936382203051,0.0,0.0,0.0,0.0,725.9315680507128
2026-06-21T14:30:00Z,2026-06-21T14:45:00Z,2026-06-21,2026-06-21_67,0.0,0,0,73,156.42,156.42,0.0,0.0,0.0,True,False,True,False,0.0,726.2936382203051,0.0,0.0,0.0,0.0,726.2936382203051
2026-06-21T14:45:00Z,2026-06-21T15:00:00Z,2026-06-21,2026-06-21_68,0.0,0,0,73,156.42,156.42,0.0,0.0,0.0,True,False,True,False,0.0,726.2936382203051,0.0,0.0,0.0,0.0,726.2936382203051
2026-06-21T15:00:00Z,2026-06-21T15:15:00Z,2026-06-21,2026-06-21_69,-1.0,43,42,57,156.42,158.70823045962732,0.008469239199447896,0.35825142857142855,2.6589600000000004,True,True,True,False,-5.2575,567.1059914870875,44.172854116165,15.199557175850815,53.621604471869496,-4.1205734267336,670.7219338242393
2026-06-21T15:15:00Z,2026-06-21T15:30:00Z,2026-06-21,2026-06-21_70,-0.8181612827454945,43,42,57,158.70823045962732,161.77608115465878,0.00852180748619851,0.0,3.1300799999999995,True,True,True,False,-15.532791952923212,567.1059914870875,44.172854116165,15.199557175850815,0.0,-12.663468091847838,598.2821427343323
2026-06-21T15:30:00Z,2026-06-21T15:45:00Z,2026-06-21,2026-06-21_71,0.0,43,42,57,161.77608115465878,163.76700294347864,0.005552595031055901,0.0036857142857142857,2.1684,True,True,True,False,0.0,567.1059914870875,44.172854116165,15.199557175850815,0.24622549674562424,-5.823816380676071,620.9008118951729
2026-06-21T15:45:00Z,2026-06-21T16:00:00Z,2026-06-21,2026-06-21_72,-0.6252790710628814,43,42,57,163.76700294347864,162.11019850931672,0.005348075188798534,1.6720857142857144,0.01392,True,True,True,False,-19.952655157616544,567.1059914870875,44.172854116165,15.199557175850815,251.64489460294436,-0.7650168005955221,857.4056254238357
2026-06-21T16:00:00Z,2026-06-21T16:15:00Z,2026-06-21,2026-06-21_73,0.0,100,100,0,162.11019850931672,161.9243421118012,0.0005396328502415459,0.17485714285714285,0.004571428571428572,True,True,True,False,0.0,0.0,105.90559447233305,35.81722051497395,28.788899729233755,-0.34902395994950064,170.16269075659125
2026-06-21T16:15:00Z,2026-06-21T16:30:00Z,2026-06-21,2026-06-21_74,0.0,100,100,0,161.9243421118012,161.81069540372664,0.000657399585921325,0.16114285714285714,0.06685714285714286,True,True,True,False,0.0,0.0,105.90559447233305,35.81722051497395,26.423510035802227,-3.9276130851263997,164.21871193798282
2026-06-21T16:30:00Z,2026-06-21T16:45:00Z,2026-06-21,2026-06-21_75,0.0,100,100,0,161.81069540372664,161.7188226086956,0.00034866252587991716,0.1,0.018285714285714287,True,True,True,False,0.0,0.0,105.90559447233305,35.81722051497395,16.29560420682942,-1.3960958397980026,156.62232335433842
2026-06-21T16:45:00Z,2026-06-21T17:00:00Z,2026-06-21,2026-06-21_76,0.0,100,100,0,161.7188226086956,143.5629219875776,0.05043305728088336,16.70342857142857,0.0,True,True,True,False,0.0,0.0,105.90559447233305,35.81722051497395,7907.001560682451,0.0,8048.724375669758
2026-06-21T17:00:00Z,2026-06-21T17:15:00Z,2026-06-21,2026-06-21_77,0.0,0,0,100,143.5629219875776,143.5629219875776,0.0,0.0,0.0,True,True,True,False,0.0,994.9227920826097,0.0,0.0,0.0,0.0,994.9227920826097
2026-06-21T17:15:00Z,2026-06-21T17:30:00Z,2026-06-21,2026-06-21_78,0.0,0,0,100,143.5629219875776,143.5629219875776,0.0,0.0,0.0,True,True,True,False,0.0,994.9227920826097,0.0,0.0,0.0,0.0,994.9227920826097
2026-06-21T17:30:00Z,2026-06-21T17:45:00Z,2026-06-21,2026-06-21_79,0.0,0,0,100,143.5629219875776,143.5629219875776,0.0,0.0,0.0,True,True,True,False,0.0,994.9227920826097,0.0,0.0,0.0,0.0,994.9227920826097
2026-06-21T17:45:00Z,2026-06-21T18:00:00Z,2026-06-21,2026-06-21_80,0.0,0,0,100,143.5629219875776,143.5629219875776,0.0,0.0,0.0,True,True,True,False,0.0,994.9227920826097,0.0,0.0,0.0,0.0,994.9227920826097
2026-06-21T18:00:00Z,2026-06-21T18:15:00Z,2026-06-21,2026-06-21_81,0.0,0,0,100,143.5629219875776,143.5629219875776,0.0,0.0,0.0,True,True,True,False,0.0,994.9227920826097,0.0,0.0,0.0,0.0,994.9227920826097
2026-06-21T18:15:00Z,2026-06-21T18:30:00Z,2026-06-21,2026-06-21_82,0.0,0,0,100,143.5629219875776,143.5629219875776,0.0,0.0,0.0,True,True,True,False,0.0,994.9227920826097,0.0,0.0,0.0,0.0,994.9227920826097
2026-06-21T18:30:00Z,2026-06-21T18:45:00Z,2026-06-21,2026-06-21_83,0.0,0,0,100,143.5629219875776,143.5629219875776,0.0,0.0,0.0,True,True,True,False,0.0,994.9227920826097,0.0,0.0,0.0,0.0,994.9227920826097
2026-06-21T18:45:00Z,2026-06-21T19:00:00Z,2026-06-21,2026-06-21_84,0.0,0,0,100,143.5629219875776,143.5629219875776,0.0,0.0,0.0,True,True,True,False,0.0,994.9227920826097,0.0,0.0,0.0,0.0,994.9227920826097
2026-06-21T19:00:00Z,2026-06-21T19:15:00Z,2026-06-21,2026-06-21_85,81.0,0,81,19,143.5629219875776,121.5520524223602,0.06114130434782608,0.0,0.0,True,True,True,False,3647.2275000000004,189.03533049569586,0.0,29.035139623217727,0.0,0.0,3865.297970118914
2026-06-21T19:15:00Z,2026-06-21T19:30:00Z,2026-06-21,2026-06-21_86,81.0,0,81,19,121.5520524223602,99.54118285714281,0.06114130434782609,0.0,0.0,True,True,True,False,3508.92,189.03533049569586,0.0,29.035139623217727,0.0,0.0,3726.9904701189134
2026-06-21T19:30:00Z,2026-06-21T19:45:00Z,2026-06-21,2026-06-21_87,81.0,0,81,19,99.54118285714281,77.53031329192544,0.06114130434782609,0.0,0.0,True,True,True,False,3269.3624999999997,189.03533049569586,0.0,29.035139623217727,0.0,0.0,3487.432970118913
2026-06-21T19:45:00Z,2026-06-21T20:00:00Z,2026-06-21,2026-06-21_88,81.0,0,81,19,77.53031329192544,55.67389714285712,0.060712267080745334,0.0,0.14209714285714287,True,True,True,False,2970.27,189.03533049569586,0.0,29.035139623217727,0.0,-7.770984116683073,3180.5694860022304
2026-06-21T20:00:00Z,2026-06-21T20:15:00Z,2026-06-21,2026-06-21_89,0.0,100,100,0,55.67389714285712,40.46004173913042,0.04226655072463768,13.997714285714286,0.001142857142857143,True,True,True,False,0.0,0.0,105.90559447233305,35.84585138668855,6443.271508901475,-0.08725598998737516,6584.935698770509
2026-06-21T20:15:00Z,2026-06-21T20:30:00Z,2026-06-21,2026-06-21_90,0.0,100,100,0,40.46004173913042,34.11283677018632,0.017631124913733608,5.839428571428571,0.0,True,True,True,False,0.0,0.0,105.90559447233305,35.84585138668855,1408.8625949386071,0.0,1550.6140407976286
2026-06-21T20:30:00Z,2026-06-21T20:45:00Z,2026-06-21,2026-06-21_91,0.0,100,100,0,34.11283677018632,20.54699826086955,0.03768288474810214,12.48057142857143,0.0,True,True,True,False,0.0,0.0,105.90559447233305,35.84585138668855,3803.4500335662897,0.0,3945.2014794253114
2026-06-21T20:45:00Z,2026-06-21T21:00:00Z,2026-06-21,2026-06-21_92,0.0,100,100,0,20.54699826086955,9.999999999999988,0.029595122153209107,9.752571428571429,0.058285714285714274,True,True,True,False,0.0,0.0,105.90559447233305,35.84585138668855,2637.6916636172514,-2.9706345419196856,2776.472474934353
2026-06-21T21:00:00Z,2026-06-21T21:15:00Z,2026-06-22,2026-06-21_93,-99.56131407526708,100,0,0,9.999999999999988,22.084968492737918,0.03388049393244872,11.745142857142858,0.0,True,True,True,False,-3631.498930895367,0.0,105.90559447233305,0.0,3147.281754717959,0.0,-378.3115817050749
2026-06-21T21:15:00Z,2026-06-21T21:30:00Z,2026-06-22,2026-06-21_94,-21.44668692963338,100,0,0,22.084968492737918,17.436024844720503,0.03032582768920243,9.115428571428572,0.0,True,True,True,False,-733.2086094068412,0.0,105.90559447233305,0.0,2300.8666810275486,0.0,1673.5636660930404
2026-06-21T21:30:00Z,2026-06-21T21:45:00Z,2026-06-22,2026-06-21_95,0.0,100,0,0,17.436024844720503,10.000000000000007,0.020655624568668044,6.841142857142857,0.0,True,True,True,False,0.0,0.0,105.90559447233305,0.0,1587.242815641727,0.0,1693.14841011406
2026-06-21T21:45:00Z,2026-06-21T22:00:00Z,2026-06-22,2026-06-21_96,-100.0,100,0,0,10.000000000000007,32.65933714285715,0.06294260317460317,0.37028571428571433,0.0,True,True,True,False,-3069.25,0.0,105.90559447233305,0.0,56.541881511819106,0.0,-2906.8025240158477
2026-06-21T22:00:00Z,2026-06-21T22:15:00Z,2026-06-22,2026-06-22_1,-70.0,100,30,0,32.65933714285715,30.33322832298137,0.027948524499654938,18.994285714285716,0.0,True,True,True,False,-2443.875,0.0,105.90559447233305,10.745166154492184,6710.1372111349565,0.0,4382.912971761782
2026-06-21T22:15:00Z,2026-06-21T22:30:00Z,2026-06-22,2026-06-22_2,-70.0,100,30,0,30.33322832298137,32.623624745341615,0.03215103216011042,14.23542857142857,0.0,True,True,True,False,-2279.9,0.0,105.90559447233305,10.745166154492184,3448.6847998429394,0.0,1285.4355604697646
2026-06-21T22:30:00Z,2026-06-21T22:45:00Z,2026-06-22,2026-06-22_3,-67.7138860922431,100,30,0,32.623624745341615,48.24974240993788,0.04415565999516631,0.3845714285714286,0.4635428571428572,True,True,True,False,-2115.551086236905,0.0,105.90559447233305,10.745166154492184,65.84993867539954,-23.032747456624232,-1956.0831343913046
2026-06-21T22:45:00Z,2026-06-21T23:00:00Z,2026-06-22,2026-06-22_4,-70.0,100,30,0,48.24974240993788,64.34782608695652,0.04490219930986888,0.10228571428571429,0.10577142857142857,True,True,True,False,-2156.525,0.0,105.90559447233305,10.745166154492184,17.36809124795153,-6.042261751609464,-2028.5484098768327
2026-06-21T23:00:00Z,2026-06-21T23:15:00Z,2026-06-22,2026-06-22_5,0.0,0,0,100,64.34782608695652,64.34782608695652,0.0,0.0,0.0,True,True,True,False,0.0,994.9227920826097,0.0,0.0,0.0,0.0,994.9227920826097
2026-06-21T23:15:00Z,2026-06-21T23:30:00Z,2026-06-22,2026-06-22_6,0.0,0,0,100,64.34782608695652,64.34782608695652,0.0,0.0,0.0,True,True,True,False,0.0,994.9227920826097,0.0,0.0,0.0,0.0,994.9227920826097
2026-06-21T23:30:00Z,2026-06-21T23:45:00Z,2026-06-22,2026-06-22_7,0.0,0,0,100,64.34782608695652,64.34782608695652,0.0,0.0,0.0,True,True,True,False,0.0,994.9227920826097,0.0,0.0,0.0,0.0,994.9227920826097
2026-06-21T23:45:00Z,2026-06-22T00:00:00Z,2026-06-22,2026-06-22_8,0.0,0,0,100,64.34782608695652,64.34782608695652,0.0,0.0,0.0,True,True,True,False,0.0,994.9227920826097,0.0,0.0,0.0,0.0,994.9227920826097
2026-06-22T00:00:00Z,2026-06-22T00:15:00Z,2026-06-22,2026-06-22_9,0.0,0,0,100,64.34782608695652,64.34782608695652,0.0,0.0,0.0,True,True,True,False,0.0,994.9227920826097,0.0,0.0,0.0,0.0,994.9227920826097
2026-06-22T00:15:00Z,2026-06-22T00:30:00Z,2026-06-22,2026-06-22_10,0.0,0,0,100,64.34782608695652,64.34782608695652,0.0,0.0,0.0,True,True,True,False,0.0,994.9227920826097,0.0,0.0,0.0,0.0,994.9227920826097
2026-06-22T00:30:00Z,2026-06-22T00:45:00Z,2026-06-22,2026-06-22_11,0.0,0,0,100,64.34782608695652,64.34782608695652,0.0,0.0,0.0,True,True,True,False,0.0,994.9227920826097,0.0,0.0,0.0,0.0,994.9227920826097
2026-06-22T00:45:00Z,2026-06-22T01:00:00Z,2026-06-22,2026-06-22_12,0.0,0,0,100,64.34782608695652,64.34782608695652,0.0,0.0,0.0,True,True,True,False,0.0,994.9227920826097,0.0,0.0,0.0,0.0,994.9227920826097
2026-06-22T01:00:00Z,2026-06-22T01:15:00Z,2026-06-22,2026-06-22_13,0.0,0,0,100,64.34782608695652,64.34782608695652,0.0,0.0,0.0,True,True,True,False,0.0,994.9227920826097,0.0,0.0,0.0,0.0,994.9227920826097
2026-06-22T01:15:00Z,2026-06-22T01:30:00Z,2026-06-22,2026-06-22_14,0.0,0,0,100,64.34782608695652,64.34782608695652,0.0,0.0,0.0,True,True,True,False,0.0,994.9227920826097,0.0,0.0,0.0,0.0,994.9227920826097
2026-06-22T01:30:00Z,2026-06-22T01:45:00Z,2026-06-22,2026-06-22_15,0.0,0,0,100,64.34782608695652,64.34782608695652,0.0,0.0,0.0,True,True,True,False,0.0,994.9227920826097,0.0,0.0,0.0,0.0,994.9227920826097
2026-06-22T01:45:00Z,2026-06-22T02:00:00Z,2026-06-22,2026-06-22_16,0.0,0,0,100,64.34782608695652,64.34782608695652,0.0,0.0,0.0,True,True,True,False,0.0,994.9227920826097,0.0,0.0,0.0,0.0,994.9227920826097
2026-06-22T02:00:00Z,2026-06-22T02:15:00Z,2026-06-22,2026-06-22_17,0.0,0,0,100,64.34782608695652,64.34782608695652,0.0,0.0,0.0,True,True,True,False,0.0,994.9227920826097,0.0,0.0,0.0,0.0,994.9227920826097
2026-06-22T02:15:00Z,2026-06-22T02:30:00Z,2026-06-22,2026-06-22_18,0.0,0,0,100,64.34782608695652,64.34782608695652,0.0,0.0,0.0,True,True,True,False,0.0,994.9227920826097,0.0,0.0,0.0,0.0,994.9227920826097
2026-06-22T02:30:00Z,2026-06-22T02:45:00Z,2026-06-22,2026-06-22_19,0.0,0,0,100,64.34782608695652,64.34782608695652,0.0,0.0,0.0,True,True,True,False,0.0,994.9227920826097,0.0,0.0,0.0,0.0,994.9227920826097
2026-06-22T02:45:00Z,2026-06-22T03:00:00Z,2026-06-22,2026-06-22_20,0.0,0,0,100,64.34782608695652,64.34782608695652,0.0,0.0,0.0,True,True,True,False,0.0,994.9227920826097,0.0,0.0,0.0,0.0,994.9227920826097
2026-06-22T03:00:00Z,2026-06-22T03:15:00Z,2026-06-22,2026-06-22_21,0.0,0,0,100,64.34782608695652,64.34782608695652,0.0,0.0,0.0,True,True,True,False,0.0,994.9227920826097,0.0,0.0,0.0,0.0,994.9227920826097
2026-06-22T03:15:00Z,2026-06-22T03:30:00Z,2026-06-22,2026-06-22_22,0.0,0,0,100,64.34782608695652,64.34782608695652,0.0,0.0,0.0,True,True,True,False,0.0,994.9227920826097,0.0,0.0,0.0,0.0,994.9227920826097
2026-06-22T03:30:00Z,2026-06-22T03:45:00Z,2026-06-22,2026-06-22_23,0.0,0,0,100,64.34782608695652,64.34782608695652,0.0,0.0,0.0,True,True,True,False,0.0,994.9227920826097,0.0,0.0,0.0,0.0,994.9227920826097
2026-06-22T03:45:00Z,2026-06-22T04:00:00Z,2026-06-22,2026-06-22_24,0.0,0,0,100,64.34782608695652,64.34782608695652,0.0,0.0,0.0,True,True,True,False,0.0,994.9227920826097,0.0,0.0,0.0,0.0,994.9227920826097
2026-06-22T04:00:00Z,2026-06-22T04:15:00Z,2026-06-22,2026-06-22_25,0.0,0,0,100,64.34782608695652,64.34782608695652,0.0,0.0,0.0,True,True,True,False,0.0,994.9227920826097,0.0,0.0,0.0,0.0,994.9227920826097
2026-06-22T04:15:00Z,2026-06-22T04:30:00Z,2026-06-22,2026-06-22_26,0.0,0,0,100,64.34782608695652,64.34782608695652,0.0,0.0,0.0,True,True,True,False,0.0,994.9227920826097,0.0,0.0,0.0,0.0,994.9227920826097
2026-06-22T04:30:00Z,2026-06-22T04:45:00Z,2026-06-22,2026-06-22_27,0.0,0,0,100,64.34782608695652,64.34782608695652,0.0,0.0,0.0,True,True,True,False,0.0,994.9227920826097,0.0,0.0,0.0,0.0,994.9227920826097
2026-06-22T04:45:00Z,2026-06-22T05:00:00Z,2026-06-22,2026-06-22_28,0.0,0,0,100,64.34782608695652,64.34782608695652,0.0,0.0,0.0,True,True,True,False,0.0,994.9227920826097,0.0,0.0,0.0,0.0,994.9227920826097
2026-06-22T05:00:00Z,2026-06-22T05:15:00Z,2026-06-22,2026-06-22_29,0.0,0,0,100,64.34782608695652,64.34782608695652,0.0,0.0,0.0,True,False,True,False,0.0,994.9227920826097,0.0,0.0,0.0,0.0,994.9227920826097
2026-06-22T05:15:00Z,2026-06-22T05:30:00Z,2026-06-22,2026-06-22_30,0.0,0,0,100,64.34782608695652,64.34782608695652,0.0,0.0,0.0,True,False,True,False,0.0,994.9227920826097,0.0,0.0,0.0,0.0,994.9227920826097
2026-06-22T05:30:00Z,2026-06-22T05:45:00Z,2026-06-22,2026-06-22_31,0.0,0,0,100,64.34782608695652,64.34782608695652,0.0,0.0,0.0,True,False,True,False,0.0,994.9227920826097,0.0,0.0,0.0,0.0,994.9227920826097
2026-06-22T05:45:00Z,2026-06-22T06:00:00Z,2026-06-22,2026-06-22_32,0.0,0,0,100,64.34782608695652,64.34782608695652,0.0,0.0,0.0,True,False,True,False,0.0,994.9227920826097,0.0,0.0,0.0,0.0,994.9227920826097
2026-06-22T06:00:00Z,2026-06-22T06:15:00Z,2026-06-22,2026-06-22_33,0.0,0,0,100,64.34782608695652,64.34782608695652,0.0,0.0,0.0,True,False,True,False,0.0,994.9227920826097,0.0,0.0,0.0,0.0,994.9227920826097
2026-06-22T06:15:00Z,2026-06-22T06:30:00Z,2026-06-22,2026-06-22_34,0.0,0,0,100,64.34782608695652,64.34782608695652,0.0,0.0,0.0,True,False,True,False,0.0,994.9227920826097,0.0,0.0,0.0,0.0,994.9227920826097
2026-06-22T06:30:00Z,2026-06-22T06:45:00Z,2026-06-22,2026-06-22_35,0.0,0,0,100,64.34782608695652,64.34782608695652,0.0,0.0,0.0,True,False,True,False,0.0,994.9227920826097,0.0,0.0,0.0,0.0,994.9227920826097
2026-06-22T06:45:00Z,2026-06-22T07:00:00Z,2026-06-22,2026-06-22_36,0.0,0,0,100,64.34782608695652,64.34782608695652,0.0,0.0,0.0,True,False,True,False,0.0,994.9227920826097,0.0,0.0,0.0,0.0,994.9227920826097
2026-06-22T07:00:00Z,2026-06-22T07:15:00Z,2026-06-22,2026-06-22_37,0.0,0,0,100,64.34782608695652,64.34782608695652,0.0,0.0,0.0,True,True,True,False,0.0,994.9227920826097,0.0,0.0,0.0,0.0,994.9227920826097
2026-06-22T07:15:00Z,2026-06-22T07:30:00Z,2026-06-22,2026-06-22_38,0.0,0,0,100,64.34782608695652,64.34782608695652,0.0,0.0,0.0,True,True,True,False,0.0,994.9227920826097,0.0,0.0,0.0,0.0,994.9227920826097
2026-06-22T07:30:00Z,2026-06-22T07:45:00Z,2026-06-22,2026-06-22_39,0.0,0,0,100,64.34782608695652,64.34782608695652,0.0,0.0,0.0,True,True,True,False,0.0,994.9227920826097,0.0,0.0,0.0,0.0,994.9227920826097
2026-06-22T07:45:00Z,2026-06-22T08:00:00Z,2026-06-22,2026-06-22_40,0.0,0,0,100,64.34782608695652,64.34782608695652,0.0,0.0,0.0,True,True,True,False,0.0,994.9227920826097,0.0,0.0,0.0,0.0,994.9227920826097
2026-06-22T08:00:00Z,2026-06-22T08:15:00Z,2026-06-22,2026-06-22_41,33.0,67,100,0,64.34782608695652,66.69154434782608,0.033213227053140094,0.0,11.600000000000001,True,True,True,False,843.6450000000001,0.0,70.72655608787768,35.18734133725258,0.0,9136.653394667022,10086.212292092152
2026-06-22T08:15:00Z,2026-06-22T08:30:00Z,2026-06-22,2026-06-22_42,31.981522815950793,67,100,0,66.69154434782608,63.04686360248447,0.028563468889585653,0.10758285714285715,5.303999999999999,True,True,True,False,691.3605694738162,0.0,70.72655608787768,35.18734133725258,14.37422458055773,516.495868374339,1328.1445598538432
2026-06-22T08:30:00Z,2026-06-22T08:45:00Z,2026-06-22,2026-06-22_43,0.0,67,100,0,63.04686360248447,64.56421167701863,0.00450616011042098,0.048240000000000005,1.7062857142857144,True,True,True,False,0.0,0.0,70.72655608787768,35.18734133725258,6.445381840392434,-82.73292239397716,29.62635687154554
2026-06-22T08:45:00Z,2026-06-22T09:00:00Z,2026-06-22,2026-06-22_44,0.0,67,100,0,64.56421167701863,64.34782608695653,0.00615903933747412,1.1194742857142856,1.0874285714285714,True,True,True,False,0.0,0.0,70.72655608787768,35.18734133725258,156.8486231473781,-52.62792300749584,210.13459756501254
2026-06-22T09:00:00Z,2026-06-22T09:15:00Z,2026-06-22,2026-06-22_45,0.0,0,0,100,64.34782608695653,64.34782608695653,0.0,0.0,0.0,True,True,True,False,0.0,994.9227920826097,0.0,0.0,0.0,0.0,994.9227920826097
2026-06-22T09:15:00Z,2026-06-22T09:30:00Z,2026-06-22,2026-06-22_46,0.0,0,0,100,64.34782608695653,64.34782608695653,0.0,0.0,0.0,True,True,True,False,0.0,994.9227920826097,0.0,0.0,0.0,0.0,994.9227920826097
2026-06-22T09:30:00Z,2026-06-22T09:45:00Z,2026-06-22,2026-06-22_47,0.0,0,0,100,64.34782608695653,64.34782608695653,0.0,0.0,0.0,True,True,True,False,0.0,994.9227920826097,0.0,0.0,0.0,0.0,994.9227920826097
2026-06-22T09:45:00Z,2026-06-22T10:00:00Z,2026-06-22,2026-06-22_48,0.0,0,0,100,64.34782608695653,64.34782608695653,0.0,0.0,0.0,True,True,True,False,0.0,994.9227920826097,0.0,0.0,0.0,0.0,994.9227920826097
2026-06-22T10:00:00Z,2026-06-22T10:15:00Z,2026-06-22,2026-06-22_49,0.0,0,0,100,64.34782608695653,64.34782608695653,0.0,0.0,0.0,True,True,True,False,0.0,994.9227920826097,0.0,0.0,0.0,0.0,994.9227920826097
2026-06-22T10:15:00Z,2026-06-22T10:30:00Z,2026-06-22,2026-06-22_50,0.0,0,0,100,64.34782608695653,64.34782608695653,0.0,0.0,0.0,True,True,True,False,0.0,994.9227920826097,0.0,0.0,0.0,0.0,994.9227920826097
2026-06-22T10:30:00Z,2026-06-22T10:45:00Z,2026-06-22,2026-06-22_51,0.0,0,0,100,64.34782608695653,64.34782608695653,0.0,0.0,0.0,True,True,True,False,0.0,994.9227920826097,0.0,0.0,0.0,0.0,994.9227920826097
2026-06-22T10:45:00Z,2026-06-22T11:00:00Z,2026-06-22,2026-06-22_52,0.0,0,0,100,64.34782608695653,64.34782608695653,0.0,0.0,0.0,True,True,True,False,0.0,994.9227920826097,0.0,0.0,0.0,0.0,994.9227920826097
2026-06-22T11:00:00Z,2026-06-22T11:15:00Z,2026-06-22,2026-06-22_53,-100.0,100,0,0,64.34782608695653,86.20176894409938,0.06070539682539683,1.2457142857142858,0.0,True,True,True,False,-892.0,0.0,106.07737970262068,0.0,106.99837103973694,0.0,-678.9242492576424
2026-06-22T11:15:00Z,2026-06-22T11:30:00Z,2026-06-22,2026-06-22_54,-100.0,100,0,0,86.20176894409938,102.83063751552795,0.04619130158730158,6.925142857142857,0.0,True,True,True,False,-829.75,0.0,106.07737970262068,0.0,1026.7521267829536,0.0,303.07950648557426
2026-06-22T11:30:00Z,2026-06-22T11:45:00Z,2026-06-22,2026-06-22_55,-100.0,100,0,0,102.83063751552795,112.85706037267082,0.0278511746031746,14.101714285714287,0.0,True,True,True,False,-756.0,0.0,106.07737970262068,0.0,2326.1920445441833,0.0,1676.269424246804
2026-06-22T11:45:00Z,2026-06-22T12:00:00Z,2026-06-22,2026-06-22_56,-100.0,100,0,0,112.85706037267082,120.5771746583851,0.021444761904761904,16.608571428571427,0.0,True,True,True,False,-756.5,0.0,106.07737970262068,0.0,3049.882905733536,0.0,2399.460285436157
2026-06-22T12:00:00Z,2026-06-22T12:15:00Z,2026-06-22,2026-06-22_57,-100.0,100,0,0,120.5771746583851,137.73438608695653,0.047658920634920644,6.3508571428571425,0.0,True,True,True,False,-779.5,0.0,103.67238647859367,0.0,1170.3961426308226,0.0,494.5685291094163
2026-06-22T12:15:00Z,2026-06-22T12:30:00Z,2026-06-22,2026-06-22_58,-100.0,100,0,0,137.73438608695653,146.3624089440994,0.023966730158730156,15.621714285714287,0.0,True,True,True,False,-1010.2499999999999,0.0,103.67238647859367,0.0,2791.4030401077616,0.0,1884.8254265863554
2026-06-22T12:30:00Z,2026-06-22T12:45:00Z,2026-06-22,2026-06-22_59,-100.0,100,0,0,146.3624089440994,154.33223751552796,0.022138412698412695,16.337142857142858,0.0,True,True,True,False,-1147.5,0.0,103.67238647859367,0.0,2870.798129449715,0.0,1826.9705159283085
2026-06-22T12:45:00Z,2026-06-22T13:00:00Z,2026-06-22,2026-06-22_60,-6.230290535333677,100,0,0,154.33223751552796,144.00000000000003,0.03318152427576758,10.928571428571429,0.0,True,True,True,False,-84.93443572293636,0.0,103.67238647859367,0.0,2225.566618584981,0.0,2244.3045693406384
2026-06-22T13:00:00Z,2026-06-22T13:15:00Z,2026-06-22,2026-06-22_61,0.0,0,0,100,144.00000000000003,144.00000000000003,0.0,0.0,0.0,True,True,True,False,0.0,994.9227920826097,0.0,0.0,0.0,0.0,994.9227920826097
2026-06-22T13:15:00Z,2026-06-22T13:30:00Z,2026-06-22,2026-06-22_62,0.0,0,0,100,144.00000000000003,144.00000000000003,0.0,0.0,0.0,True,True,True,False,0.0,994.9227920826097,0.0,0.0,0.0,0.0,994.9227920826097
2026-06-22T13:30:00Z,2026-06-22T13:45:00Z,2026-06-22,2026-06-22_63,0.0,0,0,100,144.00000000000003,144.00000000000003,0.0,0.0,0.0,True,True,True,False,0.0,994.9227920826097,0.0,0.0,0.0,0.0,994.9227920826097
2026-06-22T13:45:00Z,2026-06-22T14:00:00Z,2026-06-22,2026-06-22_64,0.0,0,0,100,144.00000000000003,144.00000000000003,0.0,0.0,0.0,True,True,True,False,0.0,994.9227920826097,0.0,0.0,0.0,0.0,994.9227920826097
2026-06-22T14:00:00Z,2026-06-22T14:15:00Z,2026-06-22,2026-06-22_65,0.0,0,0,100,144.00000000000003,144.00000000000003,0.0,0.0,0.0,True,True,True,False,0.0,994.9227920826097,0.0,0.0,0.0,0.0,994.9227920826097
2026-06-22T14:15:00Z,2026-06-22T14:30:00Z,2026-06-22,2026-06-22_66,0.0,0,0,100,144.00000000000003,144.00000000000003,0.0,0.0,0.0,True,True,True,False,0.0,994.9227920826097,0.0,0.0,0.0,0.0,994.9227920826097
2026-06-22T14:30:00Z,2026-06-22T14:45:00Z,2026-06-22,2026-06-22_67,0.0,0,0,100,144.00000000000003,144.00000000000003,0.0,0.0,0.0,True,True,True,False,0.0,994.9227920826097,0.0,0.0,0.0,0.0,994.9227920826097
2026-06-22T14:45:00Z,2026-06-22T15:00:00Z,2026-06-22,2026-06-22_68,0.0,0,0,100,144.00000000000003,144.00000000000003,0.0,0.0,0.0,True,True,True,False,0.0,994.9227920826097,0.0,0.0,0.0,0.0,994.9227920826097
2026-06-22T15:00:00Z,2026-06-22T15:15:00Z,2026-06-22,2026-06-22_69,0.0,0,0,100,144.00000000000003,144.00000000000003,0.0,0.0,0.0,True,False,True,False,0.0,994.9227920826097,0.0,0.0,0.0,0.0,994.9227920826097
2026-06-22T15:15:00Z,2026-06-22T15:30:00Z,2026-06-22,2026-06-22_70,0.0,0,0,100,144.00000000000003,144.00000000000003,0.0,0.0,0.0,True,False,True,False,0.0,994.9227920826097,0.0,0.0,0.0,0.0,994.9227920826097
2026-06-22T15:30:00Z,2026-06-22T15:45:00Z,2026-06-22,2026-06-22_71,0.0,0,0,100,144.00000000000003,144.00000000000003,0.0,0.0,0.0,True,False,True,False,0.0,994.9227920826097,0.0,0.0,0.0,0.0,994.9227920826097
2026-06-22T15:45:00Z,2026-06-22T16:00:00Z,2026-06-22,2026-06-22_72,0.0,0,0,100,144.00000000000003,144.00000000000003,0.0,0.0,0.0,True,False,True,False,0.0,994.9227920826097,0.0,0.0,0.0,0.0,994.9227920826097
2026-06-22T16:00:00Z,2026-06-22T16:15:00Z,2026-06-22,2026-06-22_73,-100.0,100,0,0,144.00000000000003,151.7264228571429,0.02146228571428571,16.601714285714287,0.0,True,True,True,False,-3102.5,0.0,105.90559447233305,0.0,6807.308099919018,0.0,3810.713694391351
2026-06-22T16:15:00Z,2026-06-22T16:30:00Z,2026-06-22,2026-06-22_74,-100.0,100,0,0,151.7264228571429,155.70345142857147,0.011047301587301587,20.677142857142858,0.0,True,True,True,False,-3564.0,0.0,105.90559447233305,0.0,8136.965430267469,0.0,4678.871024739802
2026-06-22T16:30:00Z,2026-06-22T16:45:00Z,2026-06-22,2026-06-22_75,-100.00000000000091,100,0,0,155.70345142857147,165.31035428571454,0.026685841269841852,14.557714285714285,0.0,True,True,True,False,-4235.000000000039,0.0,105.90559447233305,0.0,4296.4443838500065,0.0,167.34997832230044
2026-06-22T16:45:00Z,2026-06-22T17:00:00Z,2026-06-22,2026-06-22_76,-59.30505062328091,100,0,0,165.31035428571454,158.70107428571433,0.03200966525857554,20.49657142857143,0.0,True,True,True,False,-2837.3018844443172,0.0,105.90559447233305,0.0,13406.540126902933,0.0,10675.143836930949
2026-06-22T17:00:00Z,2026-06-22T17:15:00Z,2026-06-22,2026-06-22_77,-100.00000000000013,100,0,0,158.70107428571433,177.58262857142864,0.052448761904761984,4.476571428571428,0.0,True,True,True,False,-3751.500000000005,0.0,86.49386344982918,0.0,938.4719170413674,0.0,-2726.5342195088083
2026-06-22T17:15:00Z,2026-06-22T17:30:00Z,2026-06-22,2026-06-22_78,-100.0,100,0,0,177.58262857142864,190.00000000000009,0.03449269841269842,11.502857142857142,0.0,True,True,True,False,-4147.25,0.0,86.49386344982918,0.0,3001.8371170620912,0.0,-1058.9190194880796
2026-06-22T17:30:00Z,2026-06-22T17:45:00Z,2026-06-22,2026-06-22_79,-78.85883981914102,100,0,0,190.00000000000009,190.00000000000009,0.024238653836066954,18.986285714285714,0.0,True,True,True,False,-4142.849149898573,0.0,86.49386344982918,0.0,9509.631872431743,0.0,5453.276585982999
2026-06-22T17:45:00Z,2026-06-22T18:00:00Z,2026-06-22,2026-06-22_80,0.0,100,0,0,190.00000000000009,169.4372670807454,0.05711870255348516,18.917714285714286,0.0,True,True,True,False,0.0,0.0,86.49386344982918,0.0,8870.068516675437,0.0,8956.562380125266
2026-06-22T18:00:00Z,2026-06-22T18:15:00Z,2026-06-22,2026-06-22_81,12.520993373374768,0,100,0,169.4372670807454,167.42789971929952,0.01220143180325517,0.0,1.4805714285714286,True,True,True,False,703.6172226167951,0.0,0.0,35.84585138668855,0.0,-108.67480761417583,630.7882663893078
2026-06-22T18:15:00Z,2026-06-22T18:30:00Z,2026-06-22,2026-06-22_82,100.0,0,100,0,167.42789971929952,140.32914195532436,0.0752743271221532,0.0,0.06914285714285714,True,True,True,False,6714.5,0.0,0.0,35.84585138668855,0.0,-5.292184862721788,6745.053666523967
2026-06-22T18:30:00Z,2026-06-22T18:45:00Z,2026-06-22,2026-06-22_83,100.0,0,100,0,140.32914195532436,113.15522891184611,0.07548309178743962,0.0,0.0,True,True,True,False,7266.500000000001,0.0,0.0,35.84585138668855,0.0,0.0,7302.34585138669
2026-06-22T18:45:00Z,2026-06-22T19:00:00Z,2026-06-22,2026-06-22_84,100.0,0,100,0,113.15522891184611,85.98131586836786,0.07548309178743962,0.0,0.0,True,True,True,False,7891.500000000001,0.0,0.0,35.84585138668855,0.0,0.0,7927.34585138669
2026-06-22T19:00:00Z,2026-06-22T19:15:00Z,2026-06-22,2026-06-22_85,0.0,100,100,0,85.98131586836786,67.34529102364736,0.05176673567977915,17.145142857142858,0.0,True,True,True,False,0.0,0.0,85.34862858124487,35.84585138668855,9717.468114752535,0.0,9838.662594720468
2026-06-22T19:15:00Z,2026-06-22T19:30:00Z,2026-06-22,2026-06-22_86,0.0,100,100,0,67.34529102364736,52.87510468824364,0.04019496204278813,13.31257142857143,0.0,True,True,True,False,0.0,0.0,85.34862858124487,35.84585138668855,5243.144733691992,0.0,5364.339213659925
2026-06-22T19:30:00Z,2026-06-22T19:45:00Z,2026-06-22,2026-06-22_87,0.0,100,100,0,52.87510468824364,33.12106742116289,0.05487232574189095,18.173714285714286,0.0,True,True,True,False,0.0,0.0,85.34862858124487,35.84585138668855,11100.038886940778,0.0,11221.233366908711
2026-06-22T19:45:00Z,2026-06-22T20:00:00Z,2026-06-22,2026-06-22_88,0.0,100,100,0,33.12106742116289,26.41884829072811,0.030074926155969635,8.063428571428572,2.241714285714286,True,True,True,False,0.0,0.0,85.34862858124487,35.84585138668855,3201.055399482463,-31.064629202943806,3291.1852502474526
2026-06-22T20:00:00Z,2026-06-22T20:15:00Z,2026-06-22,2026-06-22_89,0.0,100,42,0,26.41884829072811,16.507330814951715,0.0285170063216011,9.281714285714285,0.19272,True,True,True,False,0.0,0.0,105.90559447233305,15.055257582409192,3251.1015328150693,-3.54912174991888,3368.5132631198926
2026-06-22T20:15:00Z,2026-06-22T20:30:00Z,2026-06-22,2026-06-22_90,-55.12762287102934,100,42,0,16.507330814951715,15.912780919254756,0.03450031037279509,13.341714285714284,0.0,True,True,True,False,-2745.631257091616,0.0,105.90559447233305,15.055257582409192,4311.3949237737115,0.0,1686.7245187368376
2026-06-22T20:30:00Z,2026-06-22T20:45:00Z,2026-06-22,2026-06-22_91,-58.0,100,42,0,15.912780919254756,21.29503105590072,0.03533475279503106,8.037142857142857,0.0,True,True,True,False,-2473.7,0.0,105.90559447233305,15.055257582409192,1610.125465388003,0.0,-742.6136825572546
2026-06-22T20:45:00Z,2026-06-22T21:00:00Z,2026-06-22,2026-06-22_92,0.0,100,42,0,21.29503105590072,10.000000000000098,0.031375086266390614,10.391428571428571,0.0,True,True,True,False,0.0,0.0,105.90559447233305,15.055257582409192,2483.026015918765,0.0,2603.9868679735073
2026-06-22T21:00:00Z,2026-06-22T21:15:00Z,2026-06-23,2026-06-22_93,-99.99999999999889,100,0,0,10.000000000000098,20.7229942857141,0.02978609523809535,13.344571428571431,0.0,True,True,True,False,-4075.499999999955,0.0,105.3430305806895,0.0,5151.059084815464,0.0,1180.9021153961987
2026-06-22T21:15:00Z,2026-06-22T21:30:00Z,2026-06-23,2026-06-22_94,-2.283801167503379e-14,100,0,0,20.7229942857141,20.393801739130254,0.0009144237405107112,0.3028571428571429,0.0,True,True,True,False,-8.94507822281886e-13,0.0,105.3430305806895,0.0,50.882844380450614,0.0,156.22587496113923
2026-06-22T21:30:00Z,2026-06-22T21:45:00Z,2026-06-23,2026-06-22_95,-93.69614093556977,100,0,0,20.393801739130254,41.392511801242165,0.05855532304519747,0.5925714285714285,0.0,True,True,True,False,-3529.2993886905742,0.0,105.3430305806895,0.0,100.29859068126162,0.0,-3323.657767428623
2026-06-22T21:45:00Z,2026-06-22T22:00:00Z,2026-06-23,2026-06-22_96,-100.0,100,0,0,41.392511801242165,64.34782608695646,0.06376476190476192,0.04857142857142858,0.0,True,True,True,False,-3584.25,0.0,105.3430305806895,0.0,7.514654406029965,0.0,-3471.3923150132805
2026-06-22T22:00:00Z,2026-06-22T22:15:00Z,2026-06-23,2026-06-23_1,0.0,0,0,100,64.34782608695646,64.34782608695646,0.0,0.0,0.0,True,True,True,False,0.0,995.0177528347269,0.0,0.0,0.0,0.0,995.0177528347269
2026-06-22T22:15:00Z,2026-06-22T22:30:00Z,2026-06-23,2026-06-23_2,0.0,0,0,100,64.34782608695646,64.34782608695646,0.0,0.0,0.0,True,True,True,False,0.0,995.0177528347269,0.0,0.0,0.0,0.0,995.0177528347269
2026-06-22T22:30:00Z,2026-06-22T22:45:00Z,2026-06-23,2026-06-23_3,0.0,0,0,100,64.34782608695646,64.34782608695646,0.0,0.0,0.0,True,True,True,False,0.0,995.0177528347269,0.0,0.0,0.0,0.0,995.0177528347269
2026-06-22T22:45:00Z,2026-06-22T23:00:00Z,2026-06-23,2026-06-23_4,0.0,0,0,100,64.34782608695646,64.34782608695646,0.0,0.0,0.0,True,True,True,False,0.0,995.0177528347269,0.0,0.0,0.0,0.0,995.0177528347269
2026-06-22T23:00:00Z,2026-06-22T23:15:00Z,2026-06-23,2026-06-23_5,0.0,0,0,100,64.34782608695646,64.34782608695646,0.0,0.0,0.0,True,True,True,False,0.0,995.0177528347269,0.0,0.0,0.0,0.0,995.0177528347269
2026-06-22T23:15:00Z,2026-06-22T23:30:00Z,2026-06-23,2026-06-23_6,0.0,0,0,100,64.34782608695646,64.34782608695646,0.0,0.0,0.0,True,True,True,False,0.0,995.0177528347269,0.0,0.0,0.0,0.0,995.0177528347269
2026-06-22T23:30:00Z,2026-06-22T23:45:00Z,2026-06-23,2026-06-23_7,0.0,0,0,100,64.34782608695646,64.34782608695646,0.0,0.0,0.0,True,True,True,False,0.0,995.0177528347269,0.0,0.0,0.0,0.0,995.0177528347269
2026-06-22T23:45:00Z,2026-06-23T00:00:00Z,2026-06-23,2026-06-23_8,0.0,0,0,100,64.34782608695646,64.34782608695646,0.0,0.0,0.0,True,True,True,False,0.0,995.0177528347269,0.0,0.0,0.0,0.0,995.0177528347269
2026-06-23T00:00:00Z,2026-06-23T00:15:00Z,2026-06-23,2026-06-23_9,0.0,0,0,100,64.34782608695646,64.34782608695646,0.0,0.0,0.0,True,True,True,False,0.0,995.0177528347269,0.0,0.0,0.0,0.0,995.0177528347269
2026-06-23T00:15:00Z,2026-06-23T00:30:00Z,2026-06-23,2026-06-23_10,0.0,0,0,100,64.34782608695646,64.34782608695646,0.0,0.0,0.0,True,True,True,False,0.0,995.0177528347269,0.0,0.0,0.0,0.0,995.0177528347269
2026-06-23T00:30:00Z,2026-06-23T00:45:00Z,2026-06-23,2026-06-23_11,0.0,0,0,100,64.34782608695646,64.34782608695646,0.0,0.0,0.0,True,True,True,False,0.0,995.0177528347269,0.0,0.0,0.0,0.0,995.0177528347269
2026-06-23T00:45:00Z,2026-06-23T01:00:00Z,2026-06-23,2026-06-23_12,0.0,0,0,100,64.34782608695646,64.34782608695646,0.0,0.0,0.0,True,True,True,False,0.0,995.0177528347269,0.0,0.0,0.0,0.0,995.0177528347269
2026-06-23T01:00:00Z,2026-06-23T01:15:00Z,2026-06-23,2026-06-23_13,-100.0,100,0,0,64.34782608695646,71.96752894409931,0.021165841269841272,16.717714285714287,0.0,True,True,True,False,-3401.5,0.0,105.3430305806895,0.0,4121.842354827626,0.0,825.6853854083155
2026-06-23T01:15:00Z,2026-06-23T01:30:00Z,2026-06-23,2026-06-23_14,-100.0,100,0,0,71.96752894409931,82.16165465838503,0.028317015873015876,13.919428571428572,0.0,True,True,True,False,-3441.7499999999995,0.0,105.3430305806895,0.0,3201.3676020310772,0.0,-135.0393673882328
2026-06-23T01:30:00Z,2026-06-23T01:45:00Z,2026-06-23,2026-06-23_15,-100.0,100,0,0,82.16165465838503,88.92759751552789,0.018794285714285718,17.645714285714284,0.0,True,True,True,False,-3443.75,0.0,105.3430305806895,0.0,4463.952074436463,0.0,1125.545105017152
2026-06-23T01:45:00Z,2026-06-23T02:00:00Z,2026-06-23,2026-06-23_16,-100.0,100,0,0,88.92759751552789,100.41077465838504,0.031897714285714286,12.518285714285716,0.0,True,True,True,False,-3448.5,0.0,105.3430305806895,0.0,2749.640286226964,0.0,-593.5166831923467
2026-06-23T02:00:00Z,2026-06-23T02:15:00Z,2026-06-23,2026-06-23_17,-24.000000000000156,100,76,0,100.41077465838504,94.25648954037266,0.034082817391304344,11.151428571428571,0.0,True,True,True,False,-827.1600000000054,0.0,105.3430305806895,71.42137212232277,2408.2538802624476,0.0,1757.8582829654545
2026-06-23T02:15:00Z,2026-06-23T02:30:00Z,2026-06-23,2026-06-23_18,-24.00000000000016,100,76,0,94.25648954037266,89.02585782857146,0.03259938396135267,10.269142857142857,0.0,True,True,True,False,-825.1800000000055,0.0,105.3430305806895,71.42137212232277,2091.2954762177465,0.0,1442.8798789207533
2026-06-23T02:30:00Z,2026-06-23T02:45:00Z,2026-06-23,2026-06-23_19,-24.000000000000156,100,76,0,89.02585782857146,78.32269932919262,0.04138853487922702,15.496571428571428,0.0,True,True,True,False,-832.8000000000055,0.0,105.3430305806895,71.42137212232277,3722.167833826922,0.0,3066.132236529929
2026-06-23T02:45:00Z,2026-06-23T03:00:00Z,2026-06-23,2026-06-23_20,-24.000000000000156,100,76,0,78.32269932919262,68.82256349813676,0.03945642048309176,14.347428571428573,0.0,True,True,True,False,-862.9200000000055,0.0,105.3430305806895,71.42137212232277,3361.358816695846,0.0,2675.203219398853
2026-06-23T03:00:00Z,2026-06-23T03:15:00Z,2026-06-23,2026-06-23_21,-100.0,100,0,0,68.82256349813676,78.51883778385104,0.02693409523809524,14.460571428571429,0.0,True,True,True,False,-3418.2499999999995,0.0,87.33249341427098,0.0,5745.519642870778,0.0,2414.6021362850493
2026-06-23T03:15:00Z,2026-06-23T03:30:00Z,2026-06-23,2026-06-23_22,-100.0,100,0,0,78.51883778385104,81.28567206956532,0.007685650793650789,21.99257142857143,0.0,True,True,True,False,-3447.0,0.0,87.33249341427098,0.0,9755.254136165062,0.0,6395.586629579333
2026-06-23T03:30:00Z,2026-06-23T03:45:00Z,2026-06-23,2026-06-23_23,-100.0,100,0,0,81.28567206956532,87.15684921242246,0.016308825396825394,18.618285714285715,0.0,True,True,True,False,-3615.75,0.0,87.33249341427098,0.0,5715.994260407633,0.0,2187.5767538219043
2026-06-23T03:45:00Z,2026-06-23T04:00:00Z,2026-06-23,2026-06-23_24,-0.052661459314975206,100,0,0,87.15684921242246,64.34782608695646,0.06336917160377702,20.997142857142855,0.0,True,True,True,False,-2.0497156501871223,0.0,87.33249341427098,0.0,8006.618682199714,0.0,8091.9014599637985
2026-06-23T04:00:00Z,2026-06-23T04:15:00Z,2026-06-23,2026-06-23_25,0.0,0,0,100,64.34782608695646,64.34782608695646,0.0,0.0,0.0,True,False,True,False,0.0,995.0177528347269,0.0,0.0,0.0,0.0,995.0177528347269
2026-06-23T04:15:00Z,2026-06-23T04:30:00Z,2026-06-23,2026-06-23_26,0.0,0,0,100,64.34782608695646,64.34782608695646,0.0,0.0,0.0,True,False,True,False,0.0,995.0177528347269,0.0,0.0,0.0,0.0,995.0177528347269
2026-06-23T04:30:00Z,2026-06-23T04:45:00Z,2026-06-23,2026-06-23_27,0.0,0,0,100,64.34782608695646,64.34782608695646,0.0,0.0,0.0,True,False,True,False,0.0,995.0177528347269,0.0,0.0,0.0,0.0,995.0177528347269
2026-06-23T04:45:00Z,2026-06-23T05:00:00Z,2026-06-23,2026-06-23_28,0.0,0,0,100,64.34782608695646,64.34782608695646,0.0,0.0,0.0,True,False,True,False,0.0,995.0177528347269,0.0,0.0,0.0,0.0,995.0177528347269
2026-06-23T05:00:00Z,2026-06-23T05:15:00Z,2026-06-23,2026-06-23_29,0.0,0,0,100,64.34782608695646,64.34782608695646,0.0,0.0,0.0,True,False,True,False,0.0,995.0177528347269,0.0,0.0,0.0,0.0,995.0177528347269
2026-06-23T05:15:00Z,2026-06-23T05:30:00Z,2026-06-23,2026-06-23_30,0.0,0,0,100,64.34782608695646,64.34782608695646,0.0,0.0,0.0,True,False,True,False,0.0,995.0177528347269,0.0,0.0,0.0,0.0,995.0177528347269
2026-06-23T05:30:00Z,2026-06-23T05:45:00Z,2026-06-23,2026-06-23_31,0.0,0,0,100,64.34782608695646,64.34782608695646,0.0,0.0,0.0,True,False,True,False,0.0,995.0177528347269,0.0,0.0,0.0,0.0,995.0177528347269
2026-06-23T05:45:00Z,2026-06-23T06:00:00Z,2026-06-23,2026-06-23_32,0.0,0,0,100,64.34782608695646,64.34782608695646,0.0,0.0,0.0,True,False,True,False,0.0,995.0177528347269,0.0,0.0,0.0,0.0,995.0177528347269
2026-06-23T06:00:00Z,2026-06-23T06:15:00Z,2026-06-23,2026-06-23_33,4.263256414560601e-14,0,0,100,64.34782608695646,64.34782608695645,3.218037752536686e-17,0.0,0.0,True,False,True,False,1.6183321349672041e-12,995.0177528347269,0.0,0.0,0.0,0.0,995.0177528347285
2026-06-23T06:15:00Z,2026-06-23T06:30:00Z,2026-06-23,2026-06-23_34,0.0,0,0,100,64.34782608695645,64.34782608695645,0.0,0.0,0.0,True,False,True,False,0.0,995.0177528347269,0.0,0.0,0.0,0.0,995.0177528347269
2026-06-23T06:30:00Z,2026-06-23T06:45:00Z,2026-06-23,2026-06-23_35,0.0,0,0,100,64.34782608695645,64.34782608695645,0.0,0.0,0.0,True,False,True,False,0.0,995.0177528347269,0.0,0.0,0.0,0.0,995.0177528347269
2026-06-23T06:45:00Z,2026-06-23T07:00:00Z,2026-06-23,2026-06-23_36,0.0,0,0,100,64.34782608695645,64.34782608695645,0.0,0.0,0.0,True,False,True,False,0.0,995.0177528347269,0.0,0.0,0.0,0.0,995.0177528347269
2026-06-23T07:00:00Z,2026-06-23T07:15:00Z,2026-06-23,2026-06-23_37,0.0,100,100,0,64.34782608695645,72.58562186335396,0.027375519668737056,0.744,9.833142857142855,True,True,True,False,0.0,0.0,102.82327339365479,31.955102508303742,127.47316458595807,8793.605128523977,9055.856669011893
2026-06-23T07:15:00Z,2026-06-23T07:30:00Z,2026-06-23,2026-06-23_38,0.0,100,100,0,72.58562186335396,61.248882484471984,0.03153183160800552,10.436571428571428,0.008,True,True,True,False,0.0,0.0,102.82327339365479,31.955102508303742,2821.0977371271497,-0.4500652846180277,2955.42604774449
2026-06-23T07:30:00Z,2026-06-23T07:45:00Z,2026-06-23,2026-06-23_39,0.0,100,100,0,61.248882484471984,61.65974062111795,0.018263425810904073,2.8354285714285714,3.7965714285714283,True,True,True,False,0.0,0.0,102.82327339365479,31.955102508303742,486.50067575306383,31.051788536741,652.3308401917634
2026-06-23T07:45:00Z,2026-06-23T08:00:00Z,2026-06-23,2026-06-23_40,0.0,100,100,0,61.65974062111795,76.07955776397509,0.04005504761904762,0.0,15.673714285714285,True,True,True,False,0.0,0.0,102.82327339365479,31.955102508303742,0.0,190.32794770685732,325.10632360881584
2026-06-23T08:00:00Z,2026-06-23T08:15:00Z,2026-06-23,2026-06-23_41,0.0,0,0,100,76.07955776397509,76.07955776397509,0.0,0.0,0.0,True,True,True,False,0.0,995.0177528347269,0.0,0.0,0.0,0.0,995.0177528347269
2026-06-23T08:15:00Z,2026-06-23T08:30:00Z,2026-06-23,2026-06-23_42,0.0,0,0,100,76.07955776397509,76.07955776397509,0.0,0.0,0.0,True,True,True,False,0.0,995.0177528347269,0.0,0.0,0.0,0.0,995.0177528347269
2026-06-23T08:30:00Z,2026-06-23T08:45:00Z,2026-06-23,2026-06-23_43,0.0,0,0,100,76.07955776397509,76.07955776397509,0.0,0.0,0.0,True,True,True,False,0.0,995.0177528347269,0.0,0.0,0.0,0.0,995.0177528347269
2026-06-23T08:45:00Z,2026-06-23T09:00:00Z,2026-06-23,2026-06-23_44,0.0,0,0,100,76.07955776397509,76.07955776397509,0.0,0.0,0.0,True,True,True,False,0.0,995.0177528347269,0.0,0.0,0.0,0.0,995.0177528347269
2026-06-23T09:00:00Z,2026-06-23T09:15:00Z,2026-06-23,2026-06-23_45,0.0,100,100,0,76.07955776397509,87.79352347826081,0.03253879365079365,0.0,12.732571428571429,True,True,True,False,0.0,0.0,104.0258847783759,81.09036765548046,0.0,165.93224362016022,351.0484960540166
2026-06-23T09:15:00Z,2026-06-23T09:30:00Z,2026-06-23,2026-06-23_46,0.0,100,100,0,87.79352347826081,101.08095204968939,0.03690952380952381,0.0,14.442857142857143,True,True,True,False,0.0,0.0,104.0258847783759,81.09036765548046,0.0,933.5225878233554,1118.6388402572118
2026-06-23T09:30:00Z,2026-06-23T09:45:00Z,2026-06-23,2026-06-23_47,0.0,100,100,0,101.08095204968939,103.16044024844716,0.005803961352657005,0.004571428571428572,2.2657142857142856,True,True,True,False,0.0,0.0,104.0258847783759,81.09036765548046,0.6806616816924915,-68.62234675567628,117.17456735987258
2026-06-23T09:45:00Z,2026-06-23T10:00:00Z,2026-06-23,2026-06-23_48,0.0,100,100,0,103.16044024844716,108.29036024844716,0.014249777777777778,0.0,5.576,True,True,True,False,0.0,0.0,104.0258847783759,81.09036765548046,0.0,-60.31885312869851,124.79739930515785
2026-06-23T10:00:00Z,2026-06-23T10:15:00Z,2026-06-23,2026-06-23_49,0.0,0,0,100,108.29036024844716,108.29036024844716,0.0,0.0,0.0,True,False,True,False,0.0,995.0177528347269,0.0,0.0,0.0,0.0,995.0177528347269
2026-06-23T10:15:00Z,2026-06-23T10:30:00Z,2026-06-23,2026-06-23_50,0.0,0,0,100,108.29036024844716,108.29036024844716,0.0,0.0,0.0,True,False,True,False,0.0,995.0177528347269,0.0,0.0,0.0,0.0,995.0177528347269
2026-06-23T10:30:00Z,2026-06-23T10:45:00Z,2026-06-23,2026-06-23_51,0.0,0,0,100,108.29036024844716,108.29036024844716,0.0,0.0,0.0,True,False,True,False,0.0,995.0177528347269,0.0,0.0,0.0,0.0,995.0177528347269
2026-06-23T10:45:00Z,2026-06-23T11:00:00Z,2026-06-23,2026-06-23_52,0.0,0,0,100,108.29036024844716,108.29036024844716,0.0,0.0,0.0,True,False,True,False,0.0,995.0177528347269,0.0,0.0,0.0,0.0,995.0177528347269
2026-06-23T11:00:00Z,2026-06-23T11:15:00Z,2026-06-23,2026-06-23_53,-41.99999999999996,42,0,58,108.29036024844716,117.62468024844715,0.025928666666666645,0.35400000000000004,0.0,True,True,True,False,-678.7199999999993,577.1102966441415,43.690871606917874,0.0,53.51653418852366,0.0,-4.402297560416315
2026-06-23T11:15:00Z,2026-06-23T11:30:00Z,2026-06-23,2026-06-23_54,-42.00000000000001,42,0,58,117.62468024844715,127.16478584844715,0.026500293333333338,0.13032,0.0,True,True,True,False,-672.4200000000002,577.1102966441415,43.690871606917874,0.0,19.463144977665788,0.0,-32.15568677127503
2026-06-23T11:30:00Z,2026-06-23T11:45:00Z,2026-06-23,2026-06-23_55,-42.00000000000068,42,0,58,127.16478584844715,136.4167474484473,0.02569989333333377,0.44352,0.0,True,True,True,False,-645.8550000000105,577.1102966441415,43.690871606917874,0.0,69.24308473256214,0.0,44.189252983611034
2026-06-23T11:45:00Z,2026-06-23T12:00:00Z,2026-06-23,2026-06-23_56,-42.00000000000021,42,0,58,136.4167474484473,143.58214904844732,0.019903893333333467,2.71152,0.0,True,True,True,False,-630.3150000000032,577.1102966441415,43.690871606917874,0.0,736.3438826251289,0.0,726.830050876185
2026-06-23T12:00:00Z,2026-06-23T12:15:00Z,2026-06-23,2026-06-23_57,-2.8421709430404007e-13,0,0,100,143.58214904844732,143.58214904844738,1.8158314358313672e-16,0.0,0.0,True,False,True,False,-4.298783551348606e-12,995.0177528347269,0.0,0.0,0.0,0.0,995.0177528347226
2026-06-23T12:15:00Z,2026-06-23T12:30:00Z,2026-06-23,2026-06-23_58,-2.8421709430404007e-13,0,0,100,143.58214904844738,143.58214904844743,1.8158314358313672e-16,0.0,0.0,True,False,True,False,-4.741451675727149e-12,995.0177528347269,0.0,0.0,0.0,0.0,995.0177528347222
2026-06-23T12:30:00Z,2026-06-23T12:45:00Z,2026-06-23,2026-06-23_59,-2.8421709430404007e-13,0,0,100,143.58214904844743,143.5821490484475,1.8158314358313672e-16,0.0,0.0,True,False,True,False,-5.365308197724517e-12,995.0177528347269,0.0,0.0,0.0,0.0,995.0177528347216
2026-06-23T12:45:00Z,2026-06-23T13:00:00Z,2026-06-23,2026-06-23_60,-2.8421709430404007e-13,0,0,100,143.5821490484475,143.58214904844755,1.8158314358313672e-16,0.0,0.0,True,False,True,False,-5.725553364754887e-12,995.0177528347269,0.0,0.0,0.0,0.0,995.0177528347213
2026-06-23T13:00:00Z,2026-06-23T13:15:00Z,2026-06-23,2026-06-23_61,-100.0,100,0,0,143.58214904844755,143.78928047701896,0.0005753650793650793,24.774857142857144,0.0,True,True,True,False,-1909.5,0.0,102.50830374527544,0.0,17514.48466515045,0.0,15707.492968895724
2026-06-23T13:15:00Z,2026-06-23T13:30:00Z,2026-06-23,2026-06-23_62,-100.0,100,0,0,143.78928047701896,163.39842333416183,0.05446984126984127,3.685714285714286,0.0,True,True,True,False,-1944.5,0.0,102.50830374527544,0.0,715.8993078848766,0.0,-1126.0923883698479
2026-06-23T13:30:00Z,2026-06-23T13:45:00Z,2026-06-23,2026-06-23_63,-100.0,100,0,0,163.39842333416183,181.09606904844753,0.04916012698412698,5.763428571428571,0.0,True,True,True,False,-2564.5,0.0,102.50830374527544,0.0,1418.4232727391725,0.0,-1043.568423515552
2026-06-23T13:45:00Z,2026-06-23T14:00:00Z,2026-06-23,2026-06-23_64,0.0,100,0,0,181.09606904844753,171.7867522782612,0.0258592132505176,8.564571428571428,0.0,True,True,True,False,0.0,0.0,102.50830374527544,0.0,1875.5015226532714,0.0,1978.009826398547
2026-06-23T14:00:00Z,2026-06-23T14:15:00Z,2026-06-23,2026-06-23_65,-87.0,100,13,0,171.7867522782612,189.5033479652177,0.0515288113457557,2.950285714285714,0.5270571428571429,True,True,True,False,-1975.1175,0.0,106.17340510823502,4.1504409575077315,695.8193608979498,-13.23146240816794,-1182.2057554444755
2026-06-23T14:15:00Z,2026-06-23T14:30:00Z,2026-06-23,2026-06-23_66,-13.716150033862466,100,13,0,189.5033479652177,179.60968944099375,0.03641172909155571,12.262857142857143,0.0,True,True,True,False,-413.47334277078403,0.0,106.17340510823502,4.1504409575077315,3915.7667599304073,0.0,3612.617263225366
2026-06-23T14:30:00Z,2026-06-23T14:45:00Z,2026-06-23,2026-06-23_67,0.0,100,13,0,179.60968944099375,156.55627329192544,0.06403726708074534,21.209142857142858,0.0,True,True,True,False,0.0,0.0,106.17340510823502,4.1504409575077315,7730.474673822341,0.0,7840.798519888084
2026-06-23T14:45:00Z,2026-06-23T15:00:00Z,2026-06-23,2026-06-23_68,0.0,100,13,0,156.55627329192544,146.75999999999996,0.027211870255348512,9.012571428571428,0.0,True,True,True,False,0.0,0.0,106.17340510823502,4.1504409575077315,1880.6349369242598,0.0,1990.9587829900026
2026-06-23T15:00:00Z,2026-06-23T15:15:00Z,2026-06-23,2026-06-23_69,0.0,0,0,94,146.75999999999996,146.75999999999996,0.0,0.0,0.0,True,False,True,False,0.0,935.3166876646433,0.0,0.0,0.0,0.0,935.3166876646433
2026-06-23T15:15:00Z,2026-06-23T15:30:00Z,2026-06-23,2026-06-23_70,0.0,0,0,94,146.75999999999996,146.75999999999996,0.0,0.0,0.0,True,False,True,False,0.0,935.3166876646433,0.0,0.0,0.0,0.0,935.3166876646433
2026-06-23T15:30:00Z,2026-06-23T15:45:00Z,2026-06-23,2026-06-23_71,0.0,0,0,94,146.75999999999996,146.75999999999996,0.0,0.0,0.0,True,False,True,False,0.0,935.3166876646433,0.0,0.0,0.0,0.0,935.3166876646433
2026-06-23T15:45:00Z,2026-06-23T16:00:00Z,2026-06-23,2026-06-23_72,0.0,0,0,94,146.75999999999996,146.75999999999996,0.0,0.0,0.0,True,False,True,False,0.0,935.3166876646433,0.0,0.0,0.0,0.0,935.3166876646433
2026-06-23T16:00:00Z,2026-06-23T16:15:00Z,2026-06-23,2026-06-23_73,-49.81223807621578,50,0,50,146.75999999999996,157.09733237227968,0.02874238684320715,1.216,0.0,True,True,True,False,-2123.993831569841,497.50887641736347,52.67151529034475,0.0,277.23179780857475,0.0,-1296.581642053558
2026-06-23T16:15:00Z,2026-06-23T16:30:00Z,2026-06-23,2026-06-23_74,-50.0,50,0,50,157.09733237227968,166.99679522942253,0.02749850793650794,1.7397142857142858,0.0,True,True,True,False,-2284.0,497.50887641736347,52.67151529034475,0.0,485.1211185649383,0.0,-1248.6984897273535
2026-06-23T16:30:00Z,2026-06-23T16:45:00Z,2026-06-23,2026-06-23_75,-4.175363691563726,50,0,50,166.99679522942253,166.99999999999997,0.004945565858744692,0.8919999999999999,0.0,True,True,True,False,-207.25461523999448,497.50887641736347,52.67151529034475,0.0,217.41550719657923,0.0,560.341283664293
2026-06-23T16:45:00Z,2026-06-23T17:00:00Z,2026-06-23,2026-06-23_76,0.0,50,0,50,166.99999999999997,166.86055900621116,0.0003873360938578329,0.12828571428571428,0.0,True,True,True,False,0.0,497.50887641736347,52.67151529034475,0.0,21.390674335018623,0.0,571.5710660427269
2026-06-23T17:00:00Z,2026-06-23T17:15:00Z,2026-06-23,2026-06-23_77,-100.0,0,0,0,166.86055900621116,189.86055900621116,0.06388888888888888,0.0,0.0,True,False,True,False,-4524.25,0.0,0.0,0.0,0.0,0.0,-4524.25
2026-06-23T17:15:00Z,2026-06-23T17:30:00Z,2026-06-23,2026-06-23_78,-0.60626519038613,0,0,0,189.86055900621116,189.99999999999997,0.0003873360938578053,0.0,0.0,True,False,True,False,-36.96247299486638,0.0,0.0,0.0,0.0,0.0,-36.96247299486638
2026-06-23T17:30:00Z,2026-06-23T17:45:00Z,2026-06-23,2026-06-23_79,0.0,0,0,0,189.99999999999997,189.99999999999997,0.0,0.0,0.0,True,False,True,False,0.0,0.0,0.0,0.0,0.0,0.0,0.0
2026-06-23T17:45:00Z,2026-06-23T18:00:00Z,2026-06-23,2026-06-23_80,100.0,0,0,0,189.99999999999997,162.82608695652172,0.0754830917874396,0.0,0.0,True,False,True,False,13215.5,0.0,0.0,0.0,0.0,0.0,13215.5
2026-06-23T18:00:00Z,2026-06-23T18:15:00Z,2026-06-23,2026-06-23_81,0.0,0,0,12,162.82608695652172,162.82608695652172,0.0,0.0,0.0,True,False,True,False,0.0,119.40213034016722,0.0,0.0,0.0,0.0,119.40213034016722
2026-06-23T18:15:00Z,2026-06-23T18:30:00Z,2026-06-23,2026-06-23_82,87.40000000000006,0,0,12,162.82608695652172,139.0760869565217,0.06597222222222227,0.0,0.0,True,False,True,False,10491.496000000008,119.40213034016722,0.0,0.0,0.0,0.0,10610.898130340176
2026-06-23T18:30:00Z,2026-06-23T18:45:00Z,2026-06-23,2026-06-23_83,88.0,0,0,12,139.0760869565217,115.16304347826082,0.06642512077294685,0.0,0.0,True,False,True,False,11476.3,119.40213034016722,0.0,0.0,0.0,0.0,11595.702130340167
2026-06-23T18:45:00Z,2026-06-23T19:00:00Z,2026-06-23,2026-06-23_84,88.0,0,0,12,115.16304347826082,91.24999999999994,0.06642512077294685,0.0,0.0,True,False,True,False,12048.519999999999,119.40213034016722,0.0,0.0,0.0,0.0,12167.922130340166
2026-06-23T19:00:00Z,2026-06-23T19:15:00Z,2026-06-23,2026-06-23_85,99.0,0,0,1,91.24999999999994,64.34782608695647,0.07472826086956522,0.0,0.0,True,False,True,False,12629.429999999998,9.950177528347268,0.0,0.0,0.0,0.0,12639.380177528346
2026-06-23T19:15:00Z,2026-06-23T19:30:00Z,2026-06-23,2026-06-23_86,99.0,0,0,1,64.34782608695647,37.445652173913,0.07472826086956522,0.0,0.0,True,False,True,False,12296.789999999999,9.950177528347268,0.0,0.0,0.0,0.0,12306.740177528347
2026-06-23T19:30:00Z,2026-06-23T19:45:00Z,2026-06-23,2026-06-23_87,99.0,0,0,1,37.445652173913,10.54347826086952,0.07472826086956522,0.0,0.0,True,False,True,False,11935.44,9.950177528347268,0.0,0.0,0.0,0.0,11945.390177528348
2026-06-23T19:45:00Z,2026-06-23T20:00:00Z,2026-06-23,2026-06-23_88,0.0,0,0,1,10.54347826086952,10.54347826086952,0.0,0.0,0.0,True,False,True,False,0.0,9.950177528347268,0.0,0.0,0.0,0.0,9.950177528347268
2026-06-23T20:00:00Z,2026-06-23T20:15:00Z,2026-06-23,2026-06-23_89,1.3161094536209124,63,100,0,10.54347826086952,9.999999999999961,0.004544614401009411,0.68148,0.6017142857142858,True,True,True,False,138.66858230713336,0.0,66.36610926583438,32.585041805062424,179.49373531096094,-45.0905522195134,372.0229164694777
2026-06-23T20:15:00Z,2026-06-23T20:30:00Z,2026-06-23,2026-06-23_90,0.8063498235537457,63,100,0,9.999999999999961,9.99999999999996,0.001266025876728205,0.01008,0.2497142857142857,True,True,True,False,76.35528066686307,0.0,66.36610926583438,32.585041805062424,1.608062673233307,-35.232947734127436,141.68154667686574
2026-06-23T20:30:00Z,2026-06-23T20:45:00Z,2026-06-23,2026-06-23_91,8.149684918322185,63,100,0,9.99999999999996,9.999999999999961,0.011956403364238569,0.15012,2.5468571428571427,True,True,True,False,525.6343030194852,0.0,66.36610926583438,32.585041805062424,25.41290942618257,-61.583322697994554,588.41504081857
2026-06-23T20:45:00Z,2026-06-23T21:00:00Z,2026-06-23,2026-06-23_92,36.95868911458636,63,100,0,9.999999999999961,9.999999999999956,0.032963120688223366,0.0,10.230285714285714,True,True,True,False,1762.2826937062641,0.0,66.36610926583438,32.585041805062424,0.0,-149.46457974049773,1711.7692650366632
2026-06-23T21:00:00Z,2026-06-23T21:15:00Z,2026-06-24,2026-06-23_93,-1.954028254142637e-13,100,0,0,9.999999999999956,10.0,1.2484069401466848e-16,0.0,0.0,True,True,True,False,-1.05854595597542e-11,0.0,105.08006099885627,0.0,0.0,0.0,105.08006099884568
2026-06-23T21:15:00Z,2026-06-23T21:30:00Z,2026-06-24,2026-06-23_94,-97.33774512465565,100,0,0,10.0,32.25139180124221,0.06183312290399712,0.1474285714285714,0.0,True,True,True,False,-5164.98410067704,0.0,105.08006099885627,0.0,24.09453864168618,0.0,-5035.809501036498
2026-06-23T21:30:00Z,2026-06-23T21:45:00Z,2026-06-24,2026-06-23_95,-100.0,100,0,0,32.25139180124221,55.22037465838507,0.06380273015873016,0.03371428571428572,0.0,True,True,True,False,-4592.25,0.0,105.08006099885627,0.0,5.642393551549479,0.0,-4481.527545449594
2026-06-23T21:45:00Z,2026-06-23T22:00:00Z,2026-06-24,2026-06-23_96,-100.0,100,0,0,55.22037465838507,64.3478260869565,0.025354031746031746,15.078857142857144,0.0,True,True,True,False,-4150.0,0.0,105.08006099885627,0.0,9688.165714285713,0.0,5643.245775284569
2026-06-23T22:00:00Z,2026-06-23T22:15:00Z,2026-06-24,2026-06-24_1,0.0,0,0,100,64.3478260869565,64.3478260869565,0.0,0.0,0.0,True,True,True,False,0.0,993.6141822340829,0.0,0.0,0.0,0.0,993.6141822340829
2026-06-23T22:15:00Z,2026-06-23T22:30:00Z,2026-06-24,2026-06-24_2,0.0,0,0,100,64.3478260869565,64.3478260869565,0.0,0.0,0.0,True,True,True,False,0.0,993.6141822340829,0.0,0.0,0.0,0.0,993.6141822340829
2026-06-23T22:30:00Z,2026-06-23T22:45:00Z,2026-06-24,2026-06-24_3,0.0,0,0,100,64.3478260869565,64.3478260869565,0.0,0.0,0.0,True,True,True,False,0.0,993.6141822340829,0.0,0.0,0.0,0.0,993.6141822340829
2026-06-23T22:45:00Z,2026-06-23T23:00:00Z,2026-06-24,2026-06-24_4,0.0,0,0,100,64.3478260869565,64.3478260869565,0.0,0.0,0.0,True,True,True,False,0.0,993.6141822340829,0.0,0.0,0.0,0.0,993.6141822340829
2026-06-23T23:00:00Z,2026-06-23T23:15:00Z,2026-06-24,2026-06-24_5,0.0,0,0,100,64.3478260869565,64.3478260869565,0.0,0.0,0.0,True,True,True,False,0.0,993.6141822340829,0.0,0.0,0.0,0.0,993.6141822340829
2026-06-23T23:15:00Z,2026-06-23T23:30:00Z,2026-06-24,2026-06-24_6,0.0,0,0,100,64.3478260869565,64.3478260869565,0.0,0.0,0.0,True,True,True,False,0.0,993.6141822340829,0.0,0.0,0.0,0.0,993.6141822340829
2026-06-23T23:30:00Z,2026-06-23T23:45:00Z,2026-06-24,2026-06-24_7,0.0,0,0,100,64.3478260869565,64.3478260869565,0.0,0.0,0.0,True,True,True,False,0.0,993.6141822340829,0.0,0.0,0.0,0.0,993.6141822340829
2026-06-23T23:45:00Z,2026-06-24T00:00:00Z,2026-06-24,2026-06-24_8,0.0,0,0,100,64.3478260869565,64.3478260869565,0.0,0.0,0.0,True,True,True,False,0.0,993.6141822340829,0.0,0.0,0.0,0.0,993.6141822340829
2026-06-24T00:00:00Z,2026-06-24T00:15:00Z,2026-06-24,2026-06-24_9,0.0,0,0,100,64.3478260869565,64.3478260869565,0.0,0.0,0.0,True,True,True,False,0.0,993.6141822340829,0.0,0.0,0.0,0.0,993.6141822340829
2026-06-24T00:15:00Z,2026-06-24T00:30:00Z,2026-06-24,2026-06-24_10,0.0,0,0,100,64.3478260869565,64.3478260869565,0.0,0.0,0.0,True,True,True,False,0.0,993.6141822340829,0.0,0.0,0.0,0.0,993.6141822340829
2026-06-24T00:30:00Z,2026-06-24T00:45:00Z,2026-06-24,2026-06-24_11,0.0,0,0,100,64.3478260869565,64.3478260869565,0.0,0.0,0.0,True,True,True,False,0.0,993.6141822340829,0.0,0.0,0.0,0.0,993.6141822340829
2026-06-24T00:45:00Z,2026-06-24T01:00:00Z,2026-06-24,2026-06-24_12,0.0,0,0,100,64.3478260869565,64.3478260869565,0.0,0.0,0.0,True,True,True,False,0.0,993.6141822340829,0.0,0.0,0.0,0.0,993.6141822340829
2026-06-24T01:00:00Z,2026-06-24T01:15:00Z,2026-06-24,2026-06-24_13,0.0,0,0,100,64.3478260869565,64.3478260869565,0.0,0.0,0.0,True,True,True,False,0.0,993.6141822340829,0.0,0.0,0.0,0.0,993.6141822340829
2026-06-24T01:15:00Z,2026-06-24T01:30:00Z,2026-06-24,2026-06-24_14,0.0,0,0,100,64.3478260869565,64.3478260869565,0.0,0.0,0.0,True,True,True,False,0.0,993.6141822340829,0.0,0.0,0.0,0.0,993.6141822340829
2026-06-24T01:30:00Z,2026-06-24T01:45:00Z,2026-06-24,2026-06-24_15,0.0,0,0,100,64.3478260869565,64.3478260869565,0.0,0.0,0.0,True,True,True,False,0.0,993.6141822340829,0.0,0.0,0.0,0.0,993.6141822340829
2026-06-24T01:45:00Z,2026-06-24T02:00:00Z,2026-06-24,2026-06-24_16,0.0,0,0,100,64.3478260869565,64.3478260869565,0.0,0.0,0.0,True,True,True,False,0.0,993.6141822340829,0.0,0.0,0.0,0.0,993.6141822340829
2026-06-24T02:00:00Z,2026-06-24T02:15:00Z,2026-06-24,2026-06-24_17,0.0,0,0,100,64.3478260869565,64.3478260869565,0.0,0.0,0.0,True,True,True,False,0.0,993.6141822340829,0.0,0.0,0.0,0.0,993.6141822340829
2026-06-24T02:15:00Z,2026-06-24T02:30:00Z,2026-06-24,2026-06-24_18,0.0,0,0,100,64.3478260869565,64.3478260869565,0.0,0.0,0.0,True,True,True,False,0.0,993.6141822340829,0.0,0.0,0.0,0.0,993.6141822340829
2026-06-24T02:30:00Z,2026-06-24T02:45:00Z,2026-06-24,2026-06-24_19,0.0,0,0,100,64.3478260869565,64.3478260869565,0.0,0.0,0.0,True,True,True,False,0.0,993.6141822340829,0.0,0.0,0.0,0.0,993.6141822340829
2026-06-24T02:45:00Z,2026-06-24T03:00:00Z,2026-06-24,2026-06-24_20,0.0,0,0,100,64.3478260869565,64.3478260869565,0.0,0.0,0.0,True,True,True,False,0.0,993.6141822340829,0.0,0.0,0.0,0.0,993.6141822340829
2026-06-24T03:00:00Z,2026-06-24T03:15:00Z,2026-06-24,2026-06-24_21,0.0,0,0,100,64.3478260869565,64.3478260869565,0.0,0.0,0.0,True,True,True,False,0.0,993.6141822340829,0.0,0.0,0.0,0.0,993.6141822340829
2026-06-24T03:15:00Z,2026-06-24T03:30:00Z,2026-06-24,2026-06-24_22,0.0,0,0,100,64.3478260869565,64.3478260869565,0.0,0.0,0.0,True,True,True,False,0.0,993.6141822340829,0.0,0.0,0.0,0.0,993.6141822340829
2026-06-24T03:30:00Z,2026-06-24T03:45:00Z,2026-06-24,2026-06-24_23,0.0,0,0,100,64.3478260869565,64.3478260869565,0.0,0.0,0.0,True,True,True,False,0.0,993.6141822340829,0.0,0.0,0.0,0.0,993.6141822340829
2026-06-24T03:45:00Z,2026-06-24T04:00:00Z,2026-06-24,2026-06-24_24,0.0,0,0,100,64.3478260869565,64.3478260869565,0.0,0.0,0.0,True,True,True,False,0.0,993.6141822340829,0.0,0.0,0.0,0.0,993.6141822340829
2026-06-24T04:00:00Z,2026-06-24T04:15:00Z,2026-06-24,2026-06-24_25,0.0,0,100,0,64.3478260869565,70.43559751552793,0.01691047619047619,0.0,6.617142857142857,True,True,True,False,0.0,0.0,0.0,29.107891727030115,0.0,11.380072980774466,40.48796470780458
2026-06-24T04:15:00Z,2026-06-24T04:30:00Z,2026-06-24,2026-06-24_26,0.0,0,100,0,70.43559751552793,70.60855751552793,0.00048044444444444453,0.0,0.18800000000000003,True,True,True,False,0.0,0.0,0.0,29.107891727030115,0.0,-12.296511627906977,16.811380099123138
2026-06-24T04:30:00Z,2026-06-24T04:45:00Z,2026-06-24,2026-06-24_27,25.424212103500295,0,100,0,70.60855751552793,74.40496894409935,0.031850866491839325,0.0,11.122857142857143,True,True,True,False,1110.783826801928,0.0,0.0,29.107891727030115,0.0,56.14646969119329,1196.0381882201514
2026-06-24T04:45:00Z,2026-06-24T05:00:00Z,2026-06-24,2026-06-24_28,100.0,0,100,0,74.40496894409935,64.3478260869565,0.027936507936507936,0.0,15.747428571428571,True,True,True,False,4604.75,0.0,0.0,29.107891727030115,0.0,295.16072370785906,4929.018615434889
2026-06-24T05:00:00Z,2026-06-24T05:15:00Z,2026-06-24,2026-06-24_29,0.0,0,0,100,64.3478260869565,64.3478260869565,0.0,0.0,0.0,True,True,True,False,0.0,993.6141822340829,0.0,0.0,0.0,0.0,993.6141822340829
2026-06-24T05:15:00Z,2026-06-24T05:30:00Z,2026-06-24,2026-06-24_30,0.0,0,0,100,64.3478260869565,64.3478260869565,0.0,0.0,0.0,True,True,True,False,0.0,993.6141822340829,0.0,0.0,0.0,0.0,993.6141822340829
2026-06-24T05:30:00Z,2026-06-24T05:45:00Z,2026-06-24,2026-06-24_31,0.0,0,0,100,64.3478260869565,64.3478260869565,0.0,0.0,0.0,True,True,True,False,0.0,993.6141822340829,0.0,0.0,0.0,0.0,993.6141822340829
2026-06-24T05:45:00Z,2026-06-24T06:00:00Z,2026-06-24,2026-06-24_32,0.0,0,0,100,64.3478260869565,64.3478260869565,0.0,0.0,0.0,True,True,True,False,0.0,993.6141822340829,0.0,0.0,0.0,0.0,993.6141822340829
2026-06-24T06:00:00Z,2026-06-24T06:15:00Z,2026-06-24,2026-06-24_33,100.0,0,100,0,64.3478260869565,37.183229813664575,0.07545721187025536,0.0,0.008571428571428572,True,True,True,False,4295.0,0.0,0.0,52.897445672893625,0.0,-0.6535591743369097,4347.243886498557
2026-06-24T06:15:00Z,2026-06-24T06:30:00Z,2026-06-24,2026-06-24_34,100.0,0,100,0,37.183229813664575,10.206832298136629,0.07493443754313318,0.0,0.18171428571428572,True,True,True,False,3679.0,0.0,0.0,52.897445672893625,0.0,-10.48657001252655,3721.410875660367
2026-06-24T06:30:00Z,2026-06-24T06:45:00Z,2026-06-24,2026-06-24_35,25.697121197817385,0,100,0,10.206832298136629,11.929662688198743,0.029549932616033267,0.0,9.041142857142857,True,True,True,False,856.0353499022916,0.0,0.0,52.897445672893625,0.0,1533.50777561135,2442.440571186535
2026-06-24T06:45:00Z,2026-06-24T07:00:00Z,2026-06-24,2026-06-24_36,0.0,0,100,0,11.929662688198743,19.76385697391303,0.02176165079365079,0.0,8.51542857142857,True,True,True,False,0.0,0.0,0.0,52.897445672893625,0.0,-51.16723969282718,1.7302059800664438
2026-06-24T07:00:00Z,2026-06-24T07:15:00Z,2026-06-24,2026-06-24_37,74.0,26,100,0,19.76385697391303,9.999999999999984,0.04029529032436163,0.0,9.913142857142857,True,True,True,False,2545.415,0.0,27.0383149065955,28.50743423560808,0.0,-45.693806219704804,2555.266942922499
2026-06-24T07:15:00Z,2026-06-24T07:30:00Z,2026-06-24,2026-06-24_38,73.83648185812217,26,100,0,9.999999999999984,9.999999999999984,0.02571792435734594,0.0,19.232,True,True,True,False,2286.5312519413983,0.0,27.0383149065955,28.50743423560808,0.0,806.3325779641631,3148.409579047765
2026-06-24T07:30:00Z,2026-06-24T07:45:00Z,2026-06-24,2026-06-24_39,72.52607703358838,26,100,0,9.999999999999984,11.123085714285681,0.02497761065601655,0.0,20.009142857142855,True,True,True,False,2001.5384109344552,0.0,27.0383149065955,28.50743423560808,0.0,387.47785240455306,2444.5620124812117
2026-06-24T07:45:00Z,2026-06-24T08:00:00Z,2026-06-24,2026-06-24_40,0.0,26,100,0,11.123085714285681,17.080479999999966,0.016548317460317465,0.0,6.475428571428572,True,True,True,False,0.0,0.0,27.0383149065955,28.50743423560808,0.0,-6.121168563803714,49.42458057839987
2026-06-24T08:00:00Z,2026-06-24T08:15:00Z,2026-06-24,2026-06-24_41,0.0,100,100,0,17.080479999999966,22.043748571428537,0.013786857142857146,0.0,5.394857142857144,True,True,True,False,0.0,0.0,102.27792603888678,27.478078536027446,0.0,-33.036558466314474,96.71944610859975
2026-06-24T08:15:00Z,2026-06-24T08:30:00Z,2026-06-24,2026-06-24_42,0.0,100,100,0,22.043748571428537,33.26564571428568,0.03117193650793651,0.0,12.197714285714286,True,True,True,False,0.0,0.0,102.27792603888678,27.478078536027446,0.0,191.40134284625017,321.1573474211644
2026-06-24T08:30:00Z,2026-06-24T08:45:00Z,2026-06-24,2026-06-24_43,0.0,100,100,0,33.26564571428568,53.66598857142854,0.05666761904761904,0.0,22.174285714285713,True,True,True,False,0.0,0.0,102.27792603888678,27.478078536027446,0.0,3715.8455726812263,3845.6015772561404
2026-06-24T08:45:00Z,2026-06-24T09:00:00Z,2026-06-24,2026-06-24_44,0.0,100,100,0,53.66598857142854,74.07999999999997,0.056705587301587305,0.0,22.18914285714286,True,True,True,False,0.0,0.0,102.27792603888678,27.478078536027446,0.0,2193.349821469419,2323.1058260443333
2026-06-24T09:00:00Z,2026-06-24T09:15:00Z,2026-06-24,2026-06-24_45,0.0,0,0,100,74.07999999999997,74.07999999999997,0.0,0.0,0.0,True,True,True,False,0.0,993.6141822340829,0.0,0.0,0.0,0.0,993.6141822340829
2026-06-24T09:15:00Z,2026-06-24T09:30:00Z,2026-06-24,2026-06-24_46,0.0,0,0,100,74.07999999999997,74.07999999999997,0.0,0.0,0.0,True,True,True,False,0.0,993.6141822340829,0.0,0.0,0.0,0.0,993.6141822340829
2026-06-24T09:30:00Z,2026-06-24T09:45:00Z,2026-06-24,2026-06-24_47,0.0,0,0,100,74.07999999999997,74.07999999999997,0.0,0.0,0.0,True,True,True,False,0.0,993.6141822340829,0.0,0.0,0.0,0.0,993.6141822340829
2026-06-24T09:45:00Z,2026-06-24T10:00:00Z,2026-06-24,2026-06-24_48,0.0,0,0,100,74.07999999999997,74.07999999999997,0.0,0.0,0.0,True,True,True,False,0.0,993.6141822340829,0.0,0.0,0.0,0.0,993.6141822340829
2026-06-24T10:00:00Z,2026-06-24T10:15:00Z,2026-06-24,2026-06-24_49,-76.0,0,0,24,74.07999999999997,91.55999999999997,0.04855555555555556,0.0,0.0,True,False,True,False,-1136.58,238.46740373617988,0.0,0.0,0.0,0.0,-898.11259626382
2026-06-24T10:15:00Z,2026-06-24T10:30:00Z,2026-06-24,2026-06-24_50,-76.0,0,0,24,91.55999999999997,109.03999999999998,0.04855555555555556,0.0,0.0,True,False,True,False,-1148.36,238.46740373617988,0.0,0.0,0.0,0.0,-909.89259626382
2026-06-24T10:30:00Z,2026-06-24T10:45:00Z,2026-06-24,2026-06-24_51,-76.0,0,0,24,109.03999999999998,126.51999999999998,0.04855555555555556,0.0,0.0,True,False,True,False,-1145.7,238.46740373617988,0.0,0.0,0.0,0.0,-907.2325962638201
2026-06-24T10:45:00Z,2026-06-24T11:00:00Z,2026-06-24,2026-06-24_52,-76.0,0,0,24,126.51999999999998,143.99999999999997,0.04855555555555556,0.0,0.0,True,False,True,False,-1352.23,238.46740373617988,0.0,0.0,0.0,0.0,-1113.7625962638201
2026-06-24T11:00:00Z,2026-06-24T11:15:00Z,2026-06-24,2026-06-24_53,0.0,0,0,100,143.99999999999997,143.99999999999997,0.0,0.0,0.0,True,True,True,False,0.0,993.6141822340829,0.0,0.0,0.0,0.0,993.6141822340829
2026-06-24T11:15:00Z,2026-06-24T11:30:00Z,2026-06-24,2026-06-24_54,0.0,0,0,100,143.99999999999997,143.99999999999997,0.0,0.0,0.0,True,True,True,False,0.0,993.6141822340829,0.0,0.0,0.0,0.0,993.6141822340829
2026-06-24T11:30:00Z,2026-06-24T11:45:00Z,2026-06-24,2026-06-24_55,0.0,0,0,100,143.99999999999997,143.99999999999997,0.0,0.0,0.0,True,True,True,False,0.0,993.6141822340829,0.0,0.0,0.0,0.0,993.6141822340829
2026-06-24T11:45:00Z,2026-06-24T12:00:00Z,2026-06-24,2026-06-24_56,0.0,0,0,100,143.99999999999997,143.99999999999997,0.0,0.0,0.0,True,True,True,False,0.0,993.6141822340829,0.0,0.0,0.0,0.0,993.6141822340829
2026-06-24T12:00:00Z,2026-06-24T12:15:00Z,2026-06-24,2026-06-24_57,0.0,0,0,100,143.99999999999997,143.99999999999997,0.0,0.0,0.0,True,True,True,False,0.0,993.6141822340829,0.0,0.0,0.0,0.0,993.6141822340829
2026-06-24T12:15:00Z,2026-06-24T12:30:00Z,2026-06-24,2026-06-24_58,0.0,0,0,100,143.99999999999997,143.99999999999997,0.0,0.0,0.0,True,True,True,False,0.0,993.6141822340829,0.0,0.0,0.0,0.0,993.6141822340829
2026-06-24T12:30:00Z,2026-06-24T12:45:00Z,2026-06-24,2026-06-24_59,0.0,0,0,100,143.99999999999997,143.99999999999997,0.0,0.0,0.0,True,True,True,False,0.0,993.6141822340829,0.0,0.0,0.0,0.0,993.6141822340829
2026-06-24T12:45:00Z,2026-06-24T13:00:00Z,2026-06-24,2026-06-24_60,0.0,0,0,100,143.99999999999997,143.99999999999997,0.0,0.0,0.0,True,True,True,False,0.0,993.6141822340829,0.0,0.0,0.0,0.0,993.6141822340829
2026-06-24T13:00:00Z,2026-06-24T13:15:00Z,2026-06-24,2026-06-24_61,0.0,0,0,100,143.99999999999997,143.99999999999997,0.0,0.0,0.0,True,False,True,False,0.0,993.6141822340829,0.0,0.0,0.0,0.0,993.6141822340829
2026-06-24T13:15:00Z,2026-06-24T13:30:00Z,2026-06-24,2026-06-24_62,0.0,0,0,100,143.99999999999997,143.99999999999997,0.0,0.0,0.0,True,False,True,False,0.0,993.6141822340829,0.0,0.0,0.0,0.0,993.6141822340829
2026-06-24T13:30:00Z,2026-06-24T13:45:00Z,2026-06-24,2026-06-24_63,0.0,0,0,100,143.99999999999997,143.99999999999997,0.0,0.0,0.0,True,False,True,False,0.0,993.6141822340829,0.0,0.0,0.0,0.0,993.6141822340829
2026-06-24T13:45:00Z,2026-06-24T14:00:00Z,2026-06-24,2026-06-24_64,0.0,0,0,100,143.99999999999997,143.99999999999997,0.0,0.0,0.0,True,False,True,False,0.0,993.6141822340829,0.0,0.0,0.0,0.0,993.6141822340829
2026-06-24T14:00:00Z,2026-06-24T14:15:00Z,2026-06-24,2026-06-24_65,0.0,0,0,100,143.99999999999997,143.99999999999997,0.0,0.0,0.0,True,False,True,False,0.0,993.6141822340829,0.0,0.0,0.0,0.0,993.6141822340829
2026-06-24T14:15:00Z,2026-06-24T14:30:00Z,2026-06-24,2026-06-24_66,0.0,0,0,100,143.99999999999997,143.99999999999997,0.0,0.0,0.0,True,False,True,False,0.0,993.6141822340829,0.0,0.0,0.0,0.0,993.6141822340829
2026-06-24T14:30:00Z,2026-06-24T14:45:00Z,2026-06-24,2026-06-24_67,0.0,0,0,100,143.99999999999997,143.99999999999997,0.0,0.0,0.0,True,False,True,False,0.0,993.6141822340829,0.0,0.0,0.0,0.0,993.6141822340829
2026-06-24T14:45:00Z,2026-06-24T15:00:00Z,2026-06-24,2026-06-24_68,0.0,0,0,100,143.99999999999997,143.99999999999997,0.0,0.0,0.0,True,False,True,False,0.0,993.6141822340829,0.0,0.0,0.0,0.0,993.6141822340829
2026-06-24T15:00:00Z,2026-06-24T15:15:00Z,2026-06-24,2026-06-24_69,0.0,100,100,0,143.99999999999997,154.11421714285711,0.028095047619047624,0.0,10.993714285714287,True,True,True,False,0.0,0.0,105.08006099885627,29.107891727030115,0.0,9172.816964108708,9307.004916834594
2026-06-24T15:15:00Z,2026-06-24T15:30:00Z,2026-06-24,2026-06-24_70,0.0,100,100,0,154.11421714285711,166.45062857142855,0.03426780952380953,0.0,13.409142857142859,True,True,True,False,0.0,0.0,105.08006099885627,29.107891727030115,0.0,438.47846021458525,572.6664129404717
2026-06-24T15:30:00Z,2026-06-24T15:45:00Z,2026-06-24,2026-06-24_71,0.0,100,100,0,166.45062857142855,167.8589763975155,0.004046652864044168,0.022285714285714287,1.5571428571428572,True,True,True,False,0.0,0.0,105.08006099885627,29.107891727030115,3.3985077065519302,-68.9909863297206,68.59547410271772
2026-06-24T15:45:00Z,2026-06-24T16:00:00Z,2026-06-24,2026-06-24_72,0.0,100,100,0,167.8589763975155,168.02593391304347,0.0008329910282953762,0.061142857142857145,0.2537142857142857,True,True,True,False,0.0,0.0,105.08006099885627,29.107891727030115,9.640000108926527,-13.616128969010402,130.2118238658025
2026-06-24T16:00:00Z,2026-06-24T16:15:00Z,2026-06-24,2026-06-24_73,-7.65114439710793,56,48,44,168.02593391304347,169.74746734302707,0.005247507654481917,0.08928000000000001,0.06171428571428571,True,True,True,False,-325.34578762602195,437.1902401829965,58.84483415935951,13.971788028974453,14.35302789172703,-3.671376504547682,195.34272613248785
2026-06-24T16:15:00Z,2026-06-24T16:30:00Z,2026-06-24,2026-06-24_74,-0.6516186837017808,56,48,44,169.74746734302707,169.74651836360775,0.0008950085015667885,0.1504,0.01344,True,True,True,False,-33.483426062016,437.1902401829965,58.84483415935951,13.971788028974453,24.857026000762485,-1.017827647731605,500.36263466234533
2026-06-24T16:30:00Z,2026-06-24T16:45:00Z,2026-06-24,2026-06-24_75,-0.3856925480267691,56,48,44,169.74651836360775,169.76000000000002,0.0005268088381583632,0.0816,0.014537142857142856,True,True,True,False,-20.184255269610897,437.1902401829965,58.84483415935951,13.971788028974453,12.889051315287837,-1.1014836926093348,501.61017472439806
2026-06-24T16:45:00Z,2026-06-24T17:00:00Z,2026-06-24,2026-06-24_76,0.0,56,48,44,169.76000000000002,167.0417391304348,0.00755072463768116,2.5008000000000004,0.0,True,True,True,False,0.0,437.1902401829965,58.84483415935951,13.971788028974453,776.3477608844835,0.0,1286.354623255814
2026-06-24T17:00:00Z,2026-06-24T17:15:00Z,2026-06-24,2026-06-24_77,-99.81852551984873,0,0,0,167.0417391304348,190.0,0.06377294685990335,0.0,0.0,True,False,True,False,-5989.111531190924,0.0,0.0,0.0,0.0,0.0,-5989.111531190924
2026-06-24T17:15:00Z,2026-06-24T17:30:00Z,2026-06-24,2026-06-24_78,-3.089316242435218e-14,0,0,0,190.0,190.0,1.973729821555834e-17,0.0,0.0,True,False,True,False,-2.3847976733478662e-12,0.0,0.0,0.0,0.0,0.0,-2.3847976733478662e-12
2026-06-24T17:30:00Z,2026-06-24T17:45:00Z,2026-06-24,2026-06-24_79,0.0,0,0,0,190.0,190.0,0.0,0.0,0.0,True,False,True,False,0.0,0.0,0.0,0.0,0.0,0.0,0.0
2026-06-24T17:45:00Z,2026-06-24T18:00:00Z,2026-06-24,2026-06-24_80,100.0,0,0,0,190.0,162.82608695652175,0.0754830917874396,0.0,0.0,True,False,True,False,16293.0,0.0,0.0,0.0,0.0,0.0,16293.0
2026-06-24T18:00:00Z,2026-06-24T18:15:00Z,2026-06-24,2026-06-24_81,0.0,0,0,14,162.82608695652175,162.82608695652175,0.0,0.0,0.0,True,False,True,False,0.0,139.1059855127716,0.0,0.0,0.0,0.0,139.1059855127716
2026-06-24T18:15:00Z,2026-06-24T18:30:00Z,2026-06-24,2026-06-24_82,86.0,0,0,14,162.82608695652175,139.45652173913044,0.06491545893719806,0.0,0.0,True,False,True,False,12699.189999999999,139.1059855127716,0.0,0.0,0.0,0.0,12838.29598551277
2026-06-24T18:30:00Z,2026-06-24T18:45:00Z,2026-06-24,2026-06-24_83,86.0,0,0,14,139.45652173913044,116.08695652173913,0.06491545893719806,0.0,0.0,True,False,True,False,13488.24,139.1059855127716,0.0,0.0,0.0,0.0,13627.345985512771
2026-06-24T18:45:00Z,2026-06-24T19:00:00Z,2026-06-24,2026-06-24_84,86.0,0,0,14,116.08695652173913,92.71739130434781,0.06491545893719806,0.0,0.0,True,False,True,False,14242.890000000001,139.1059855127716,0.0,0.0,0.0,0.0,14381.995985512773
2026-06-24T19:00:00Z,2026-06-24T19:15:00Z,2026-06-24,2026-06-24_85,100.0,0,100,0,92.71739130434781,69.34968944099379,0.06491028295376121,0.0,3.501714285714286,True,True,True,False,15451.750000000002,0.0,0.0,29.136484940907355,0.0,-165.27210326234956,15315.614381678559
2026-06-24T19:15:00Z,2026-06-24T19:30:00Z,2026-06-24,2026-06-24_86,100.0,0,100,0,69.34968944099379,49.24782608695652,0.05583850931677019,0.0,6.506285714285714,True,True,True,False,15198.500000000002,0.0,0.0,29.136484940907355,0.0,-384.0804572735689,14843.55602766734
2026-06-24T19:30:00Z,2026-06-24T19:45:00Z,2026-06-24,2026-06-24_87,98.71561144003336,0,100,0,49.24782608695652,23.65465838509314,0.07116666944686373,0.0,1.1354285714285715,True,True,True,False,14365.095776753655,0.0,0.0,29.136484940907355,0.0,-70.53985273133272,14323.69240896323
2026-06-24T19:45:00Z,2026-06-24T20:00:00Z,2026-06-24,2026-06-24_88,100.0,0,100,0,23.65465838509314,9.999999999999972,0.0379296066252588,0.0,12.437714285714286,True,True,True,False,13657.0,0.0,0.0,29.136484940907355,0.0,69.09261717771362,13755.229102118621
2026-06-24T20:00:00Z,2026-06-24T20:15:00Z,2026-06-24,2026-06-24_89,13.409020520270701,86,100,0,9.999999999999972,9.999999999999972,0.017237707518829467,0.024571428571428574,3.894857142857143,True,True,True,False,1897.3764036183043,0.0,90.88524590163934,29.136484940907355,3.7470725995316156,-179.36314579815914,1841.7820612622234
2026-06-24T20:15:00Z,2026-06-24T20:30:00Z,2026-06-24,2026-06-24_90,4.2085897179214,86,100,0,9.999999999999972,14.580413913043445,0.017637457023470592,0.022605714285714285,6.201142857142857,True,True,True,False,487.84919862715384,0.0,90.88524590163934,29.136484940907355,3.466042903981264,-54.66485921246119,556.6721131612206
2026-06-24T20:30:00Z,2026-06-24T20:45:00Z,2026-06-24,2026-06-24_91,0.0,86,100,0,14.580413913043445,19.35495105590059,0.013262603174603177,0.0,5.189714285714286,True,True,True,False,0.0,0.0,90.88524590163934,29.136484940907355,0.0,-250.30528184739393,-130.28355100484723
2026-06-24T20:45:00Z,2026-06-24T21:00:00Z,2026-06-24,2026-06-24_92,0.0,86,100,0,19.35495105590059,9.999999999999968,0.028080070393374745,8.953337142857144,0.40971428571428575,True,True,True,False,0.0,0.0,90.88524590163934,29.136484940907355,4659.904777236535,-24.40392930668264,4755.522578772398
2026-06-24T21:00:00Z,2026-06-24T21:15:00Z,2026-06-25,2026-06-24_93,-1.2140993407180955e-13,0,0,0,9.999999999999968,9.999999999999996,7.756745787921166e-17,0.0,0.0,True,True,True,False,-1.0065187059388192e-11,0.0,0.0,0.0,0.0,0.0,-1.0065187059388192e-11
2026-06-24T21:15:00Z,2026-06-24T21:30:00Z,2026-06-25,2026-06-24_94,1.370655378940256e-14,0,0,0,9.999999999999996,9.999999999999993,1.0346130577749517e-17,0.0,0.0,True,True,True,False,9.008289814240098e-13,0.0,0.0,0.0,0.0,0.0,9.008289814240098e-13
2026-06-24T21:30:00Z,2026-06-24T21:45:00Z,2026-06-25,2026-06-24_95,-1.763083329782889,0,0,0,9.999999999999993,10.405509165850058,0.0011264143495835124,0.0,0.0,True,True,True,False,-97.99657917765744,0.0,0.0,0.0,0.0,0.0,-97.99657917765744
2026-06-24T21:45:00Z,2026-06-24T22:00:00Z,2026-06-25,2026-06-24_96,-100.0,0,0,0,10.405509165850058,33.40550916585006,0.0638888888888889,0.0,0.0,True,True,True,False,-4506.25,0.0,0.0,0.0,0.0,0.0,-4506.25
2026-06-24T22:00:00Z,2026-06-24T22:15:00Z,2026-06-25,2026-06-25_1,-0.17517908578393643,57,0,43,33.40550916585006,33.40935173119081,0.00021263916715300285,0.03354857142857143,0.0,True,True,True,False,-8.76333376634142,427.2459541373592,59.27517584491335,0.0,5.485259534838124,0.0,483.24305575076926
2026-06-24T22:15:00Z,2026-06-24T22:30:00Z,2026-06-25,2026-06-25_2,-21.139399667094963,57,0,43,33.40935173119081,38.19195271552793,0.013579510079998953,0.07751999999999999,0.0,True,True,True,False,-903.7093357683096,427.2459541373592,59.27517584491335,0.0,11.858605043746781,0.0,-405.3296007422903
2026-06-24T22:30:00Z,2026-06-24T22:45:00Z,2026-06-25,2026-06-25_3,-57.000000000000014,57,0,43,38.19195271552793,51.26000071552794,0.036300133333333345,0.0456,0.0,True,True,True,False,-2198.3475000000008,427.2459541373592,59.27517584491335,0.0,6.953737061817351,0.0,-1704.8726329559108
2026-06-24T22:45:00Z,2026-06-24T23:00:00Z,2026-06-25,2026-06-25_4,-57.0,57,0,43,51.26000071552794,64.34782608695652,0.036355070476190486,0.02410285714285714,0.0,True,True,True,False,-2192.79,427.2459541373592,59.27517584491335,0.0,3.675546732674885,0.0,-1702.5933232850525
2026-06-24T23:00:00Z,2026-06-24T23:15:00Z,2026-06-25,2026-06-25_5,0.0,0,0,100,64.34782608695652,64.34782608695652,0.0,0.0,0.0,True,True,True,False,0.0,993.5952421799051,0.0,0.0,0.0,0.0,993.5952421799051
2026-06-24T23:15:00Z,2026-06-24T23:30:00Z,2026-06-25,2026-06-25_6,0.0,0,0,100,64.34782608695652,64.34782608695652,0.0,0.0,0.0,True,True,True,False,0.0,993.5952421799051,0.0,0.0,0.0,0.0,993.5952421799051
2026-06-24T23:30:00Z,2026-06-24T23:45:00Z,2026-06-25,2026-06-25_7,0.0,0,0,100,64.34782608695652,64.34782608695652,0.0,0.0,0.0,True,True,True,False,0.0,993.5952421799051,0.0,0.0,0.0,0.0,993.5952421799051
2026-06-24T23:45:00Z,2026-06-25T00:00:00Z,2026-06-25,2026-06-25_8,0.0,0,0,100,64.34782608695652,64.34782608695652,0.0,0.0,0.0,True,True,True,False,0.0,993.5952421799051,0.0,0.0,0.0,0.0,993.5952421799051
2026-06-25T00:00:00Z,2026-06-25T00:15:00Z,2026-06-25,2026-06-25_9,0.0,0,0,100,64.34782608695652,64.34782608695652,0.0,0.0,0.0,True,True,True,False,0.0,993.5952421799051,0.0,0.0,0.0,0.0,993.5952421799051
2026-06-25T00:15:00Z,2026-06-25T00:30:00Z,2026-06-25,2026-06-25_10,0.0,0,0,100,64.34782608695652,64.34782608695652,0.0,0.0,0.0,True,True,True,False,0.0,993.5952421799051,0.0,0.0,0.0,0.0,993.5952421799051
2026-06-25T00:30:00Z,2026-06-25T00:45:00Z,2026-06-25,2026-06-25_11,0.0,0,0,100,64.34782608695652,64.34782608695652,0.0,0.0,0.0,True,True,True,False,0.0,993.5952421799051,0.0,0.0,0.0,0.0,993.5952421799051
2026-06-25T00:45:00Z,2026-06-25T01:00:00Z,2026-06-25,2026-06-25_12,0.0,0,0,100,64.34782608695652,64.34782608695652,0.0,0.0,0.0,True,True,True,False,0.0,993.5952421799051,0.0,0.0,0.0,0.0,993.5952421799051
2026-06-25T01:00:00Z,2026-06-25T01:15:00Z,2026-06-25,2026-06-25_13,0.0,0,0,100,64.34782608695652,64.34782608695652,0.0,0.0,0.0,True,True,True,False,0.0,993.5952421799051,0.0,0.0,0.0,0.0,993.5952421799051
2026-06-25T01:15:00Z,2026-06-25T01:30:00Z,2026-06-25,2026-06-25_14,0.0,0,0,100,64.34782608695652,64.34782608695652,0.0,0.0,0.0,True,True,True,False,0.0,993.5952421799051,0.0,0.0,0.0,0.0,993.5952421799051
2026-06-25T01:30:00Z,2026-06-25T01:45:00Z,2026-06-25,2026-06-25_15,0.0,0,0,100,64.34782608695652,64.34782608695652,0.0,0.0,0.0,True,True,True,False,0.0,993.5952421799051,0.0,0.0,0.0,0.0,993.5952421799051
2026-06-25T01:45:00Z,2026-06-25T02:00:00Z,2026-06-25,2026-06-25_16,0.0,0,0,100,64.34782608695652,64.34782608695652,0.0,0.0,0.0,True,True,True,False,0.0,993.5952421799051,0.0,0.0,0.0,0.0,993.5952421799051
2026-06-25T02:00:00Z,2026-06-25T02:15:00Z,2026-06-25,2026-06-25_17,0.0,0,0,100,64.34782608695652,64.34782608695652,0.0,0.0,0.0,True,True,True,False,0.0,993.5952421799051,0.0,0.0,0.0,0.0,993.5952421799051
2026-06-25T02:15:00Z,2026-06-25T02:30:00Z,2026-06-25,2026-06-25_18,0.0,0,0,100,64.34782608695652,64.34782608695652,0.0,0.0,0.0,True,True,True,False,0.0,993.5952421799051,0.0,0.0,0.0,0.0,993.5952421799051
2026-06-25T02:30:00Z,2026-06-25T02:45:00Z,2026-06-25,2026-06-25_19,0.0,0,0,100,64.34782608695652,64.34782608695652,0.0,0.0,0.0,True,True,True,False,0.0,993.5952421799051,0.0,0.0,0.0,0.0,993.5952421799051
2026-06-25T02:45:00Z,2026-06-25T03:00:00Z,2026-06-25,2026-06-25_20,0.0,0,0,100,64.34782608695652,64.34782608695652,0.0,0.0,0.0,True,True,True,False,0.0,993.5952421799051,0.0,0.0,0.0,0.0,993.5952421799051
2026-06-25T03:00:00Z,2026-06-25T03:15:00Z,2026-06-25,2026-06-25_21,57.8591621234214,42,100,0,64.34782608695652,60.35620666832349,0.03594220358106818,0.0,11.539428571428571,True,True,True,False,2107.086036629699,0.0,39.65345685366272,26.219477326013607,0.0,86.4780759584671,2259.4370467678423
2026-06-25T03:15:00Z,2026-06-25T03:30:00Z,2026-06-25,2026-06-25_22,0.0,42,100,0,60.35620666832349,69.35748666832349,0.025003555555555553,0.0,9.783999999999999,True,True,True,False,0.0,0.0,39.65345685366272,26.219477326013607,0.0,-287.2312048950649,-221.35827071538856
2026-06-25T03:30:00Z,2026-06-25T03:45:00Z,2026-06-25,2026-06-25_23,58.00000000000108,42,100,0,69.35748666832349,67.79569800745367,0.0343143551690821,0.0,13.964000000000002,True,True,True,False,2146.14500000004,0.0,39.65345685366272,26.219477326013607,0.0,248.52837650826328,2460.5463106879797
2026-06-25T03:45:00Z,2026-06-25T04:00:00Z,2026-06-25,2026-06-25_24,58.00000000000108,42,100,0,67.79569800745367,64.3478260869565,0.035571715334713684,0.0,12.109142857142857,True,True,True,False,2227.6350000000416,0.0,39.65345685366272,26.219477326013607,0.0,115.23778752651627,2408.7457217062342
2026-06-25T04:00:00Z,2026-06-25T04:15:00Z,2026-06-25,2026-06-25_25,0.0,0,0,100,64.3478260869565,64.3478260869565,0.0,0.0,0.0,True,True,True,False,0.0,993.5952421799051,0.0,0.0,0.0,0.0,993.5952421799051
2026-06-25T04:15:00Z,2026-06-25T04:30:00Z,2026-06-25,2026-06-25_26,0.0,0,0,100,64.3478260869565,64.3478260869565,0.0,0.0,0.0,True,True,True,False,0.0,993.5952421799051,0.0,0.0,0.0,0.0,993.5952421799051
2026-06-25T04:30:00Z,2026-06-25T04:45:00Z,2026-06-25,2026-06-25_27,0.0,0,0,100,64.3478260869565,64.3478260869565,0.0,0.0,0.0,True,True,True,False,0.0,993.5952421799051,0.0,0.0,0.0,0.0,993.5952421799051
2026-06-25T04:45:00Z,2026-06-25T05:00:00Z,2026-06-25,2026-06-25_28,0.0,0,0,100,64.3478260869565,64.3478260869565,0.0,0.0,0.0,True,True,True,False,0.0,993.5952421799051,0.0,0.0,0.0,0.0,993.5952421799051
2026-06-25T05:00:00Z,2026-06-25T05:15:00Z,2026-06-25,2026-06-25_29,0.0,0,0,100,64.3478260869565,64.3478260869565,0.0,0.0,0.0,True,True,True,False,0.0,993.5952421799051,0.0,0.0,0.0,0.0,993.5952421799051
2026-06-25T05:15:00Z,2026-06-25T05:30:00Z,2026-06-25,2026-06-25_30,0.0,0,0,100,64.3478260869565,64.3478260869565,0.0,0.0,0.0,True,True,True,False,0.0,993.5952421799051,0.0,0.0,0.0,0.0,993.5952421799051
2026-06-25T05:30:00Z,2026-06-25T05:45:00Z,2026-06-25,2026-06-25_31,0.0,0,0,100,64.3478260869565,64.3478260869565,0.0,0.0,0.0,True,True,True,False,0.0,993.5952421799051,0.0,0.0,0.0,0.0,993.5952421799051
2026-06-25T05:45:00Z,2026-06-25T06:00:00Z,2026-06-25,2026-06-25_32,0.0,0,0,100,64.3478260869565,64.3478260869565,0.0,0.0,0.0,True,True,True,False,0.0,993.5952421799051,0.0,0.0,0.0,0.0,993.5952421799051
2026-06-25T06:00:00Z,2026-06-25T06:15:00Z,2026-06-25,2026-06-25_33,0.0,0,0,100,64.3478260869565,64.3478260869565,0.0,0.0,0.0,True,True,True,False,0.0,993.5952421799051,0.0,0.0,0.0,0.0,993.5952421799051
2026-06-25T06:15:00Z,2026-06-25T06:30:00Z,2026-06-25,2026-06-25_34,0.0,0,0,100,64.3478260869565,64.3478260869565,0.0,0.0,0.0,True,True,True,False,0.0,993.5952421799051,0.0,0.0,0.0,0.0,993.5952421799051
2026-06-25T06:30:00Z,2026-06-25T06:45:00Z,2026-06-25,2026-06-25_35,0.0,0,0,100,64.3478260869565,64.3478260869565,0.0,0.0,0.0,True,True,True,False,0.0,993.5952421799051,0.0,0.0,0.0,0.0,993.5952421799051
2026-06-25T06:45:00Z,2026-06-25T07:00:00Z,2026-06-25,2026-06-25_36,0.0,0,0,100,64.3478260869565,64.3478260869565,0.0,0.0,0.0,True,True,True,False,0.0,993.5952421799051,0.0,0.0,0.0,0.0,993.5952421799051
2026-06-25T07:00:00Z,2026-06-25T07:15:00Z,2026-06-25,2026-06-25_37,0.0,0,0,100,64.3478260869565,64.3478260869565,0.0,0.0,0.0,True,True,True,False,0.0,993.5952421799051,0.0,0.0,0.0,0.0,993.5952421799051
2026-06-25T07:15:00Z,2026-06-25T07:30:00Z,2026-06-25,2026-06-25_38,0.0,0,0,100,64.3478260869565,64.3478260869565,0.0,0.0,0.0,True,True,True,False,0.0,993.5952421799051,0.0,0.0,0.0,0.0,993.5952421799051
2026-06-25T07:30:00Z,2026-06-25T07:45:00Z,2026-06-25,2026-06-25_39,0.0,0,0,100,64.3478260869565,64.3478260869565,0.0,0.0,0.0,True,True,True,False,0.0,993.5952421799051,0.0,0.0,0.0,0.0,993.5952421799051
2026-06-25T07:45:00Z,2026-06-25T08:00:00Z,2026-06-25,2026-06-25_40,0.0,0,0,100,64.3478260869565,64.3478260869565,0.0,0.0,0.0,True,True,True,False,0.0,993.5952421799051,0.0,0.0,0.0,0.0,993.5952421799051
2026-06-25T08:00:00Z,2026-06-25T08:15:00Z,2026-06-25,2026-06-25_41,0.0,0,0,100,64.3478260869565,64.3478260869565,0.0,0.0,0.0,True,True,True,False,0.0,993.5952421799051,0.0,0.0,0.0,0.0,993.5952421799051
2026-06-25T08:15:00Z,2026-06-25T08:30:00Z,2026-06-25,2026-06-25_42,0.0,0,0,100,64.3478260869565,64.3478260869565,0.0,0.0,0.0,True,True,True,False,0.0,993.5952421799051,0.0,0.0,0.0,0.0,993.5952421799051
2026-06-25T08:30:00Z,2026-06-25T08:45:00Z,2026-06-25,2026-06-25_43,0.0,0,0,100,64.3478260869565,64.3478260869565,0.0,0.0,0.0,True,True,True,False,0.0,993.5952421799051,0.0,0.0,0.0,0.0,993.5952421799051
2026-06-25T08:45:00Z,2026-06-25T09:00:00Z,2026-06-25,2026-06-25_44,0.0,0,0,100,64.3478260869565,64.3478260869565,0.0,0.0,0.0,True,True,True,False,0.0,993.5952421799051,0.0,0.0,0.0,0.0,993.5952421799051
2026-06-25T09:00:00Z,2026-06-25T09:15:00Z,2026-06-25,2026-06-25_45,0.0,0,0,100,64.3478260869565,64.3478260869565,0.0,0.0,0.0,True,True,True,False,0.0,993.5952421799051,0.0,0.0,0.0,0.0,993.5952421799051
2026-06-25T09:15:00Z,2026-06-25T09:30:00Z,2026-06-25,2026-06-25_46,0.0,0,0,100,64.3478260869565,64.3478260869565,0.0,0.0,0.0,True,True,True,False,0.0,993.5952421799051,0.0,0.0,0.0,0.0,993.5952421799051
2026-06-25T09:30:00Z,2026-06-25T09:45:00Z,2026-06-25,2026-06-25_47,0.0,0,0,100,64.3478260869565,64.3478260869565,0.0,0.0,0.0,True,True,True,False,0.0,993.5952421799051,0.0,0.0,0.0,0.0,993.5952421799051
2026-06-25T09:45:00Z,2026-06-25T10:00:00Z,2026-06-25,2026-06-25_48,0.0,0,0,100,64.3478260869565,64.3478260869565,0.0,0.0,0.0,True,True,True,False,0.0,993.5952421799051,0.0,0.0,0.0,0.0,993.5952421799051
2026-06-25T10:00:00Z,2026-06-25T10:15:00Z,2026-06-25,2026-06-25_49,0.0,0,0,100,64.3478260869565,64.3478260869565,0.0,0.0,0.0,True,True,True,False,0.0,993.5952421799051,0.0,0.0,0.0,0.0,993.5952421799051
2026-06-25T10:15:00Z,2026-06-25T10:30:00Z,2026-06-25,2026-06-25_50,0.0,0,0,100,64.3478260869565,64.3478260869565,0.0,0.0,0.0,True,True,True,False,0.0,993.5952421799051,0.0,0.0,0.0,0.0,993.5952421799051
2026-06-25T10:30:00Z,2026-06-25T10:45:00Z,2026-06-25,2026-06-25_51,0.0,0,0,100,64.3478260869565,64.3478260869565,0.0,0.0,0.0,True,True,True,False,0.0,993.5952421799051,0.0,0.0,0.0,0.0,993.5952421799051
2026-06-25T10:45:00Z,2026-06-25T11:00:00Z,2026-06-25,2026-06-25_52,0.0,0,0,100,64.3478260869565,64.3478260869565,0.0,0.0,0.0,True,True,True,False,0.0,993.5952421799051,0.0,0.0,0.0,0.0,993.5952421799051
2026-06-25T11:00:00Z,2026-06-25T11:15:00Z,2026-06-25,2026-06-25_53,-89.0,89,0,11,64.3478260869565,84.8178260869565,0.05686111111111111,0.0,0.0,True,True,True,False,-1143.2050000000002,109.29547663978956,90.28764224852746,0.0,0.0,0.0,-943.6218811116831
2026-06-25T11:15:00Z,2026-06-25T11:30:00Z,2026-06-25,2026-06-25_54,-89.0,89,0,11,84.8178260869565,104.98042517267079,0.05600721968253968,0.3341314285714286,0.0,True,True,True,False,-889.3325,109.29547663978956,90.28764224852746,0.0,43.77496856603681,0.0,-645.9744125456461
2026-06-25T11:30:00Z,2026-06-25T11:45:00Z,2026-06-25,2026-06-25_55,-89.0,89,0,11,104.98042517267079,123.41091134409936,0.05119579492063493,2.216862857142857,0.0,True,True,True,False,-714.225,109.29547663978956,90.28764224852746,0.0,299.6460262431683,0.0,-214.9958548685147
2026-06-25T11:45:00Z,2026-06-25T12:00:00Z,2026-06-25,2026-06-25_56,-89.0,89,0,11,123.41091134409936,143.82289351552794,0.05669995047619048,0.06306285714285714,0.0,True,True,True,False,-661.9375,109.29547663978956,90.28764224852746,0.0,7.8245257129786205,0.0,-454.52985539870434
2026-06-25T12:00:00Z,2026-06-25T12:15:00Z,2026-06-25,2026-06-25_57,0.0,0,0,100,143.82289351552794,143.82289351552794,0.0,0.0,0.0,True,True,True,False,0.0,993.5952421799051,0.0,0.0,0.0,0.0,993.5952421799051
2026-06-25T12:15:00Z,2026-06-25T12:30:00Z,2026-06-25,2026-06-25_58,0.0,0,0,100,143.82289351552794,143.82289351552794,0.0,0.0,0.0,True,True,True,False,0.0,993.5952421799051,0.0,0.0,0.0,0.0,993.5952421799051
2026-06-25T12:30:00Z,2026-06-25T12:45:00Z,2026-06-25,2026-06-25_59,0.0,0,0,100,143.82289351552794,143.82289351552794,0.0,0.0,0.0,True,True,True,False,0.0,993.5952421799051,0.0,0.0,0.0,0.0,993.5952421799051
2026-06-25T12:45:00Z,2026-06-25T13:00:00Z,2026-06-25,2026-06-25_60,0.0,0,0,100,143.82289351552794,143.82289351552794,0.0,0.0,0.0,True,True,True,False,0.0,993.5952421799051,0.0,0.0,0.0,0.0,993.5952421799051
2026-06-25T13:00:00Z,2026-06-25T13:15:00Z,2026-06-25,2026-06-25_61,0.0,45,100,0,143.82289351552794,165.16741922981365,0.05929034920634921,0.0,23.20057142857143,True,True,True,False,0.0,0.0,47.169325784868754,25.218733916623776,0.0,1732.2173465458693,1804.6054062473618
2026-06-25T13:15:00Z,2026-06-25T13:30:00Z,2026-06-25,2026-06-25_62,0.0,45,100,0,165.16741922981365,168.66686618633537,0.009742425120772948,0.0036000000000000003,3.8079999999999994,True,True,True,False,0.0,0.0,47.169325784868754,25.218733916623776,0.4803568365071196,-178.66989954442346,-105.80148300642381
2026-06-25T13:30:00Z,2026-06-25T13:45:00Z,2026-06-25,2026-06-25_63,54.76669463830835,45,100,0,168.66686618633537,160.95540849689434,0.03781159993266028,0.0,7.089714285714285,True,True,True,False,1301.2566646062064,0.0,47.169325784868754,25.218733916623776,0.0,-36.91419258387863,1336.7305317238204
2026-06-25T13:45:00Z,2026-06-25T14:00:00Z,2026-06-25,2026-06-25_64,54.99999999999977,45,100,0,160.95540849689434,144.0,0.04728104265010334,1.9229142857142858,0.07942857142857143,True,True,True,False,1520.6124999999938,0.0,47.169325784868754,25.218733916623776,395.16124990809493,-5.299174624959494,1982.8626349846218
2026-06-25T14:00:00Z,2026-06-25T14:15:00Z,2026-06-25,2026-06-25_65,0.0,0,0,100,144.0,144.0,0.0,0.0,0.0,True,False,True,False,0.0,993.5952421799051,0.0,0.0,0.0,0.0,993.5952421799051
2026-06-25T14:15:00Z,2026-06-25T14:30:00Z,2026-06-25,2026-06-25_66,0.0,0,0,100,144.0,144.0,0.0,0.0,0.0,True,False,True,False,0.0,993.5952421799051,0.0,0.0,0.0,0.0,993.5952421799051
2026-06-25T14:30:00Z,2026-06-25T14:45:00Z,2026-06-25,2026-06-25_67,0.0,0,0,100,144.0,144.0,0.0,0.0,0.0,True,False,True,False,0.0,993.5952421799051,0.0,0.0,0.0,0.0,993.5952421799051
2026-06-25T14:45:00Z,2026-06-25T15:00:00Z,2026-06-25,2026-06-25_68,0.0,0,0,100,144.0,144.0,0.0,0.0,0.0,True,False,True,False,0.0,993.5952421799051,0.0,0.0,0.0,0.0,993.5952421799051
2026-06-25T15:00:00Z,2026-06-25T15:15:00Z,2026-06-25,2026-06-25_69,-100.0,100,0,0,144.0,161.45371428571428,0.04848253968253969,6.028571428571429,0.0,True,True,True,False,-2802.5,0.0,103.99153657002344,0.0,1937.2294466365493,0.0,-761.2790167934273
2026-06-25T15:15:00Z,2026-06-25T15:30:00Z,2026-06-25,2026-06-25_70,-100.0,100,0,0,161.45371428571428,179.17817142857143,0.04923460317460318,5.734285714285715,0.0,True,True,True,False,-3342.4999999999995,0.0,103.99153657002344,0.0,1065.1358380511238,0.0,-2173.3726253788523
2026-06-25T15:30:00Z,2026-06-25T15:45:00Z,2026-06-25,2026-06-25_71,-83.7373718516631,100,0,0,179.17817142857143,190.0,0.038809233016997007,8.908571428571427,0.0,True,True,True,False,-3218.027200259413,0.0,103.99153657002344,0.0,2096.1098808094175,0.0,-1017.925782879972
2026-06-25T15:45:00Z,2026-06-25T16:00:00Z,2026-06-25,2026-06-25_72,-78.42463850654785,100,0,0,190.0,189.99999999999997,0.024581617867177462,18.867428571428572,0.0,True,True,True,False,-3408.5308510908358,0.0,103.99153657002344,0.0,7281.1313344607015,0.0,3976.5920199398893
2026-06-25T16:00:00Z,2026-06-25T16:15:00Z,2026-06-25,2026-06-25_73,0.0,0,0,0,189.99999999999997,189.99999999999997,0.0,0.0,0.0,True,False,True,False,0.0,0.0,0.0,0.0,0.0,0.0,0.0
2026-06-25T16:15:00Z,2026-06-25T16:30:00Z,2026-06-25,2026-06-25_74,0.0,0,0,0,189.99999999999997,189.99999999999997,0.0,0.0,0.0,True,False,True,False,0.0,0.0,0.0,0.0,0.0,0.0,0.0
2026-06-25T16:30:00Z,2026-06-25T16:45:00Z,2026-06-25,2026-06-25_75,0.0,0,0,0,189.99999999999997,189.99999999999997,0.0,0.0,0.0,True,False,True,False,0.0,0.0,0.0,0.0,0.0,0.0,0.0
2026-06-25T16:45:00Z,2026-06-25T17:00:00Z,2026-06-25,2026-06-25_76,100.0,0,0,0,189.99999999999997,162.82608695652172,0.0754830917874396,0.0,0.0,True,False,True,False,13343.5,0.0,0.0,0.0,0.0,0.0,13343.5
2026-06-25T17:00:00Z,2026-06-25T17:15:00Z,2026-06-25,2026-06-25_77,-100.0,0,0,0,162.82608695652172,185.82608695652172,0.06388888888888888,0.0,0.0,True,True,True,False,-6430.0,0.0,0.0,0.0,0.0,0.0,-6430.0
2026-06-25T17:15:00Z,2026-06-25T17:30:00Z,2026-06-25,2026-06-25_78,0.0,0,0,0,185.82608695652172,185.82608695652172,0.0,0.0,0.0,True,True,True,False,0.0,0.0,0.0,0.0,0.0,0.0,0.0
2026-06-25T17:30:00Z,2026-06-25T17:45:00Z,2026-06-25,2026-06-25_79,100.0,0,0,0,185.82608695652172,158.65217391304344,0.07548309178743962,0.0,0.0,True,True,True,False,13343.5,0.0,0.0,0.0,0.0,0.0,13343.5
2026-06-25T17:45:00Z,2026-06-25T18:00:00Z,2026-06-25,2026-06-25_80,100.0,0,0,0,158.65217391304344,131.4782608695652,0.07548309178743962,0.0,0.0,True,True,True,False,16557.0,0.0,0.0,0.0,0.0,0.0,16557.0
2026-06-25T18:00:00Z,2026-06-25T18:15:00Z,2026-06-25,2026-06-25_81,80.0,0,80,20,131.4782608695652,109.79925465838508,0.06021946169772257,0.0,0.05531428571428572,True,True,True,False,10634.6,198.71904843598102,0.0,20.975581860810887,0.0,-4.322993679658631,10849.971636617134
2026-06-25T18:15:00Z,2026-06-25T18:30:00Z,2026-06-25,2026-06-25_82,80.0,0,80,20,109.79925465838508,88.07850931677017,0.06033540372670808,0.0,0.016914285714285715,True,True,True,False,8922.6,198.71904843598102,0.0,20.975581860810887,0.0,-1.3219071582427218,9140.97272313855
2026-06-25T18:30:00Z,2026-06-25T18:45:00Z,2026-06-25,2026-06-25_83,80.0,0,80,20,88.07850931677017,66.33937888198756,0.06038647342995169,0.0,0.0,True,True,True,False,9288.0,198.71904843598102,0.0,20.975581860810887,0.0,0.0,9507.694630296792
2026-06-25T18:45:00Z,2026-06-25T19:00:00Z,2026-06-25,2026-06-25_84,77.16689607143954,0,80,20,66.33937888198756,45.3799974756475,0.058222158798953656,0.0,0.009142857142857144,True,True,True,False,8599.285980961044,198.71904843598102,0.0,20.975581860810887,0.0,-0.7145444098609307,8818.266066847975
2026-06-25T19:00:00Z,2026-06-25T19:15:00Z,2026-06-25,2026-06-25_85,0.0,100,0,0,45.3799974756475,33.0911775998711,0.03413561076604555,11.305714285714286,0.0,True,True,True,False,0.0,0.0,95.04203122319439,0.0,5521.479747404194,0.0,5616.521778627389
2026-06-25T19:15:00Z,2026-06-25T19:30:00Z,2026-06-25,2026-06-25_86,0.0,100,0,0,33.0911775998711,11.700494370057438,0.05941856452726018,19.679428571428573,0.0,True,True,True,False,0.0,0.0,95.04203122319439,0.0,18068.32329703426,0.0,18163.365328257456
2026-06-25T19:30:00Z,2026-06-25T19:45:00Z,2026-06-25,2026-06-25_87,-52.600485876168584,100,0,0,11.700494370057438,20.500884472049673,0.03389271900585318,3.3005714285714283,0.0,True,True,True,False,-3517.131488110012,0.0,95.04203122319439,0.0,681.222189000264,0.0,-2740.8672678865537
2026-06-25T19:45:00Z,2026-06-25T20:00:00Z,2026-06-25,2026-06-25_88,-100.0,100,0,0,20.500884472049673,37.17391304347825,0.04631396825396826,6.877142857142856,0.0,True,True,True,False,-5507.25,0.0,95.04203122319439,0.0,2760.4202005843795,0.0,-2651.787768192426
2026-06-25T20:00:00Z,2026-06-25T20:15:00Z,2026-06-25,2026-06-25_89,100.0,0,100,0,37.17391304347825,9.99999999999999,0.07548309178743962,0.0,0.0,True,True,True,False,11458.75,0.0,0.0,26.219477326013607,0.0,0.0,11484.969477326014
2026-06-25T20:15:00Z,2026-06-25T20:30:00Z,2026-06-25,2026-06-25_90,2.481646813115008,0,100,0,9.99999999999999,9.999999999999988,0.0036370940335898427,0.0,0.7297142857142858,True,True,True,False,174.37911744055882,0.0,0.0,26.219477326013607,0.0,-56.49141125244058,144.10718351413183
2026-06-25T20:30:00Z,2026-06-25T20:45:00Z,2026-06-25,2026-06-25_91,0.0,0,100,0,9.999999999999988,11.157622857142844,0.0032156190476190474,0.0,1.2582857142857142,True,True,True,False,0.0,0.0,0.0,26.219477326013607,0.0,-95.69744839023272,-69.47797106421912
2026-06-25T20:45:00Z,2026-06-25T21:00:00Z,2026-06-25,2026-06-25_92,27.909526861655575,0,100,0,11.157622857142844,9.99999999999999,0.027713106113252894,0.0,6.648571428571429,True,True,True,False,1266.1156860790052,0.0,0.0,26.219477326013607,0.0,-118.69615578375227,1173.6390076212665
2026-06-25T21:00:00Z,2026-06-25T21:15:00Z,2026-06-26,2026-06-25_93,-77.53983707697446,100,0,0,9.99999999999999,24.12180325593724,0.04448576147466104,3.8771428571428577,0.0,True,True,True,False,-3720.942931731312,0.0,104.16308274557026,0.0,847.1835420882041,0.0,-2769.5963068975375
2026-06-25T21:15:00Z,2026-06-25T21:30:00Z,2026-06-26,2026-06-25_94,-48.1569777712305,100,0,0,24.12180325593724,28.364260372670806,0.033038811076503194,6.789142857142857,0.0,True,True,True,False,-2293.114889021568,0.0,104.16308274557026,0.0,1493.3454014128158,0.0,-695.6064048631821
2026-06-25T21:30:00Z,2026-06-25T21:45:00Z,2026-06-26,2026-06-25_95,-100.0,100,0,0,28.364260372670806,51.02096894409938,0.06293530158730158,0.37314285714285716,0.0,True,True,True,False,-4467.0,0.0,104.16308274557026,0.0,60.11703237680186,0.0,-4302.719884877628
2026-06-25T21:45:00Z,2026-06-25T22:00:00Z,2026-06-26,2026-06-25_96,-100.0,100,0,0,51.02096894409938,64.34782608695653,0.03701904761904762,10.514285714285714,0.0,True,True,True,False,-3843.2499999999995,0.0,104.16308274557026,0.0,5632.614015111178,0.0,1893.5270978567485
2026-06-25T22:00:00Z,2026-06-25T22:15:00Z,2026-06-26,2026-06-26_1,0.0,0,0,100,64.34782608695653,64.34782608695653,0.0,0.0,0.0,True,False,True,False,0.0,996.3300647972935,0.0,0.0,0.0,0.0,996.3300647972935
2026-06-25T22:15:00Z,2026-06-25T22:30:00Z,2026-06-26,2026-06-26_2,0.0,0,0,100,64.34782608695653,64.34782608695653,0.0,0.0,0.0,True,False,True,False,0.0,996.3300647972935,0.0,0.0,0.0,0.0,996.3300647972935
2026-06-25T22:30:00Z,2026-06-25T22:45:00Z,2026-06-26,2026-06-26_3,0.0,0,0,100,64.34782608695653,64.34782608695653,0.0,0.0,0.0,True,False,True,False,0.0,996.3300647972935,0.0,0.0,0.0,0.0,996.3300647972935
2026-06-25T22:45:00Z,2026-06-25T23:00:00Z,2026-06-26,2026-06-26_4,0.0,0,0,100,64.34782608695653,64.34782608695653,0.0,0.0,0.0,True,False,True,False,0.0,996.3300647972935,0.0,0.0,0.0,0.0,996.3300647972935
2026-06-25T23:00:00Z,2026-06-25T23:15:00Z,2026-06-26,2026-06-26_5,-44.99999999999998,100,55,0,64.34782608695653,58.26172313043479,0.03704464154589373,16.244,0.0,True,True,True,False,-1568.3624999999993,0.0,104.16308274557026,12.44194047823843,14051.250952462871,0.0,12599.49347568668
2026-06-25T23:15:00Z,2026-06-25T23:30:00Z,2026-06-26,2026-06-26_6,0.0,100,55,0,58.26172313043479,57.79199746583851,0.0014798855762594894,0.4611428571428572,0.03425714285714286,True,True,True,False,0.0,0.0,104.16308274557026,12.44194047823843,77.99702079903008,-2.6846777474680454,191.91736627537074
2026-06-25T23:30:00Z,2026-06-25T23:45:00Z,2026-06-26,2026-06-26_7,-0.4204345624163663,100,55,0,57.79199746583851,58.00346350310561,0.000659564764464822,0.012,0.1389142857142857,True,True,True,False,-13.733494981330605,0.0,104.16308274557026,12.44194047823843,1.8349676013532887,-10.88649141633831,93.82000442749307
2026-06-25T23:45:00Z,2026-06-26T00:00:00Z,2026-06-26,2026-06-26_8,-44.999999999999964,100,55,0,58.00346350310561,68.20631652173914,0.028851782884748076,0.15371428571428572,0.009114285714285715,True,True,True,False,-1395.5624999999989,0.0,104.16308274557026,12.44194047823843,25.405562900887173,-0.7142720612529662,-1254.266185936556
2026-06-26T00:00:00Z,2026-06-26T00:15:00Z,2026-06-26,2026-06-26_9,0.0,0,0,100,68.20631652173914,68.20631652173914,0.0,0.0,0.0,True,True,True,False,0.0,996.3300647972935,0.0,0.0,0.0,0.0,996.3300647972935
2026-06-26T00:15:00Z,2026-06-26T00:30:00Z,2026-06-26,2026-06-26_10,0.0,0,0,100,68.20631652173914,68.20631652173914,0.0,0.0,0.0,True,True,True,False,0.0,996.3300647972935,0.0,0.0,0.0,0.0,996.3300647972935
2026-06-26T00:30:00Z,2026-06-26T00:45:00Z,2026-06-26,2026-06-26_11,0.0,0,0,100,68.20631652173914,68.20631652173914,0.0,0.0,0.0,True,True,True,False,0.0,996.3300647972935,0.0,0.0,0.0,0.0,996.3300647972935
2026-06-26T00:45:00Z,2026-06-26T01:00:00Z,2026-06-26,2026-06-26_12,0.0,0,0,100,68.20631652173914,68.20631652173914,0.0,0.0,0.0,True,True,True,False,0.0,996.3300647972935,0.0,0.0,0.0,0.0,996.3300647972935
2026-06-26T01:00:00Z,2026-06-26T01:15:00Z,2026-06-26,2026-06-26_13,0.0,0,0,100,68.20631652173914,68.20631652173914,0.0,0.0,0.0,True,True,True,False,0.0,996.3300647972935,0.0,0.0,0.0,0.0,996.3300647972935
2026-06-26T01:15:00Z,2026-06-26T01:30:00Z,2026-06-26,2026-06-26_14,0.0,0,0,100,68.20631652173914,68.20631652173914,0.0,0.0,0.0,True,True,True,False,0.0,996.3300647972935,0.0,0.0,0.0,0.0,996.3300647972935
2026-06-26T01:30:00Z,2026-06-26T01:45:00Z,2026-06-26,2026-06-26_15,0.0,0,0,100,68.20631652173914,68.20631652173914,0.0,0.0,0.0,True,True,True,False,0.0,996.3300647972935,0.0,0.0,0.0,0.0,996.3300647972935
2026-06-26T01:45:00Z,2026-06-26T02:00:00Z,2026-06-26,2026-06-26_16,0.0,0,0,100,68.20631652173914,68.20631652173914,0.0,0.0,0.0,True,True,True,False,0.0,996.3300647972935,0.0,0.0,0.0,0.0,996.3300647972935
2026-06-26T02:00:00Z,2026-06-26T02:15:00Z,2026-06-26,2026-06-26_17,0.0,0,0,100,68.20631652173914,68.20631652173914,0.0,0.0,0.0,True,True,True,False,0.0,996.3300647972935,0.0,0.0,0.0,0.0,996.3300647972935
2026-06-26T02:15:00Z,2026-06-26T02:30:00Z,2026-06-26,2026-06-26_18,0.0,0,0,100,68.20631652173914,68.20631652173914,0.0,0.0,0.0,True,True,True,False,0.0,996.3300647972935,0.0,0.0,0.0,0.0,996.3300647972935
2026-06-26T02:30:00Z,2026-06-26T02:45:00Z,2026-06-26,2026-06-26_19,0.0,0,0,100,68.20631652173914,68.20631652173914,0.0,0.0,0.0,True,True,True,False,0.0,996.3300647972935,0.0,0.0,0.0,0.0,996.3300647972935
2026-06-26T02:45:00Z,2026-06-26T03:00:00Z,2026-06-26,2026-06-26_20,0.0,0,0,100,68.20631652173914,68.20631652173914,0.0,0.0,0.0,True,True,True,False,0.0,996.3300647972935,0.0,0.0,0.0,0.0,996.3300647972935
2026-06-26T03:00:00Z,2026-06-26T03:15:00Z,2026-06-26,2026-06-26_21,0.0,0,0,100,68.20631652173914,68.20631652173914,0.0,0.0,0.0,True,True,True,False,0.0,996.3300647972935,0.0,0.0,0.0,0.0,996.3300647972935
2026-06-26T03:15:00Z,2026-06-26T03:30:00Z,2026-06-26,2026-06-26_22,0.0,0,0,100,68.20631652173914,68.20631652173914,0.0,0.0,0.0,True,True,True,False,0.0,996.3300647972935,0.0,0.0,0.0,0.0,996.3300647972935
2026-06-26T03:30:00Z,2026-06-26T03:45:00Z,2026-06-26,2026-06-26_23,0.0,0,0,100,68.20631652173914,68.20631652173914,0.0,0.0,0.0,True,True,True,False,0.0,996.3300647972935,0.0,0.0,0.0,0.0,996.3300647972935
2026-06-26T03:45:00Z,2026-06-26T04:00:00Z,2026-06-26,2026-06-26_24,0.0,0,0,100,68.20631652173914,68.20631652173914,0.0,0.0,0.0,True,True,True,False,0.0,996.3300647972935,0.0,0.0,0.0,0.0,996.3300647972935
2026-06-26T04:00:00Z,2026-06-26T04:15:00Z,2026-06-26,2026-06-26_25,0.0,0,0,100,68.20631652173914,68.20631652173914,0.0,0.0,0.0,True,True,True,False,0.0,996.3300647972935,0.0,0.0,0.0,0.0,996.3300647972935
2026-06-26T04:15:00Z,2026-06-26T04:30:00Z,2026-06-26,2026-06-26_26,0.0,0,0,100,68.20631652173914,68.20631652173914,0.0,0.0,0.0,True,True,True,False,0.0,996.3300647972935,0.0,0.0,0.0,0.0,996.3300647972935
2026-06-26T04:30:00Z,2026-06-26T04:45:00Z,2026-06-26,2026-06-26_27,0.0,0,0,100,68.20631652173914,68.20631652173914,0.0,0.0,0.0,True,True,True,False,0.0,996.3300647972935,0.0,0.0,0.0,0.0,996.3300647972935
2026-06-26T04:45:00Z,2026-06-26T05:00:00Z,2026-06-26,2026-06-26_28,0.0,0,0,100,68.20631652173914,68.20631652173914,0.0,0.0,0.0,True,True,True,False,0.0,996.3300647972935,0.0,0.0,0.0,0.0,996.3300647972935
2026-06-26T05:00:00Z,2026-06-26T05:15:00Z,2026-06-26,2026-06-26_29,100.0,0,100,0,68.20631652173914,43.97960844720498,0.06729641131815045,0.0,2.7114285714285717,True,True,True,False,3985.75,0.0,0.0,22.593038591662367,0.0,-160.06845521395667,3848.2745833777058
2026-06-26T05:15:00Z,2026-06-26T05:30:00Z,2026-06-26,2026-06-26_30,100.0,0,100,0,43.97960844720498,27.910043229813677,0.04463768115942029,0.0,10.216,True,True,True,False,3699.0,0.0,0.0,22.593038591662367,0.0,-80.29744366076036,3641.295594930902
2026-06-26T05:30:00Z,2026-06-26T05:45:00Z,2026-06-26,2026-06-26_31,0.0,0,100,0,27.910043229813677,45.535140372670824,0.048958603174603176,0.0,19.157714285714285,True,True,True,False,0.0,0.0,0.0,22.593038591662367,0.0,519.5582953369432,542.1513339286055
2026-06-26T05:45:00Z,2026-06-26T06:00:00Z,2026-06-26,2026-06-26_32,1.544658121217609e-14,0,100,0,45.535140372670824,64.34782608695653,0.05225746031746031,0.0,20.448571428571427,True,True,True,False,4.603081201228475e-13,0.0,0.0,22.593038591662367,0.0,619.9727627457886,642.5658013374514
2026-06-26T06:00:00Z,2026-06-26T06:15:00Z,2026-06-26,2026-06-26_33,0.0,0,0,100,64.34782608695653,64.34782608695653,0.0,0.0,0.0,True,True,True,False,0.0,996.3300647972935,0.0,0.0,0.0,0.0,996.3300647972935
2026-06-26T06:15:00Z,2026-06-26T06:30:00Z,2026-06-26,2026-06-26_34,0.0,0,0,100,64.34782608695653,64.34782608695653,0.0,0.0,0.0,True,True,True,False,0.0,996.3300647972935,0.0,0.0,0.0,0.0,996.3300647972935
2026-06-26T06:30:00Z,2026-06-26T06:45:00Z,2026-06-26,2026-06-26_35,0.0,0,0,100,64.34782608695653,64.34782608695653,0.0,0.0,0.0,True,True,True,False,0.0,996.3300647972935,0.0,0.0,0.0,0.0,996.3300647972935
2026-06-26T06:45:00Z,2026-06-26T07:00:00Z,2026-06-26,2026-06-26_36,0.0,0,0,100,64.34782608695653,64.34782608695653,0.0,0.0,0.0,True,True,True,False,0.0,996.3300647972935,0.0,0.0,0.0,0.0,996.3300647972935
2026-06-26T07:00:00Z,2026-06-26T07:15:00Z,2026-06-26,2026-06-26_37,0.0,0,0,100,64.34782608695653,64.34782608695653,0.0,0.0,0.0,True,True,True,False,0.0,996.3300647972935,0.0,0.0,0.0,0.0,996.3300647972935
2026-06-26T07:15:00Z,2026-06-26T07:30:00Z,2026-06-26,2026-06-26_38,0.0,0,0,100,64.34782608695653,64.34782608695653,0.0,0.0,0.0,True,True,True,False,0.0,996.3300647972935,0.0,0.0,0.0,0.0,996.3300647972935
2026-06-26T07:30:00Z,2026-06-26T07:45:00Z,2026-06-26,2026-06-26_39,0.0,0,0,100,64.34782608695653,64.34782608695653,0.0,0.0,0.0,True,True,True,False,0.0,996.3300647972935,0.0,0.0,0.0,0.0,996.3300647972935
2026-06-26T07:45:00Z,2026-06-26T08:00:00Z,2026-06-26,2026-06-26_40,0.0,0,0,100,64.34782608695653,64.34782608695653,0.0,0.0,0.0,True,True,True,False,0.0,996.3300647972935,0.0,0.0,0.0,0.0,996.3300647972935
2026-06-26T08:00:00Z,2026-06-26T08:15:00Z,2026-06-26,2026-06-26_41,0.0,0,0,100,64.34782608695653,64.34782608695653,0.0,0.0,0.0,True,True,True,False,0.0,996.3300647972935,0.0,0.0,0.0,0.0,996.3300647972935
2026-06-26T08:15:00Z,2026-06-26T08:30:00Z,2026-06-26,2026-06-26_42,0.0,0,0,100,64.34782608695653,64.34782608695653,0.0,0.0,0.0,True,True,True,False,0.0,996.3300647972935,0.0,0.0,0.0,0.0,996.3300647972935
2026-06-26T08:30:00Z,2026-06-26T08:45:00Z,2026-06-26,2026-06-26_43,0.0,0,0,100,64.34782608695653,64.34782608695653,0.0,0.0,0.0,True,True,True,False,0.0,996.3300647972935,0.0,0.0,0.0,0.0,996.3300647972935
2026-06-26T08:45:00Z,2026-06-26T09:00:00Z,2026-06-26,2026-06-26_44,0.0,0,0,100,64.34782608695653,64.34782608695653,0.0,0.0,0.0,True,True,True,False,0.0,996.3300647972935,0.0,0.0,0.0,0.0,996.3300647972935
2026-06-26T09:00:00Z,2026-06-26T09:15:00Z,2026-06-26,2026-06-26_45,0.0,0,0,100,64.34782608695653,64.34782608695653,0.0,0.0,0.0,True,True,True,False,0.0,996.3300647972935,0.0,0.0,0.0,0.0,996.3300647972935
2026-06-26T09:15:00Z,2026-06-26T09:30:00Z,2026-06-26,2026-06-26_46,0.0,0,0,100,64.34782608695653,64.34782608695653,0.0,0.0,0.0,True,True,True,False,0.0,996.3300647972935,0.0,0.0,0.0,0.0,996.3300647972935
2026-06-26T09:30:00Z,2026-06-26T09:45:00Z,2026-06-26,2026-06-26_47,0.0,0,0,100,64.34782608695653,64.34782608695653,0.0,0.0,0.0,True,True,True,False,0.0,996.3300647972935,0.0,0.0,0.0,0.0,996.3300647972935
2026-06-26T09:45:00Z,2026-06-26T10:00:00Z,2026-06-26,2026-06-26_48,0.0,0,0,100,64.34782608695653,64.34782608695653,0.0,0.0,0.0,True,True,True,False,0.0,996.3300647972935,0.0,0.0,0.0,0.0,996.3300647972935
2026-06-26T10:00:00Z,2026-06-26T10:15:00Z,2026-06-26,2026-06-26_49,-95.0,95,0,5,64.34782608695653,79.84259751552796,0.04304103174603175,6.907857142857143,0.0,True,True,True,False,-1536.15,49.81650323986467,97.45684958999944,0.0,1024.845708715277,0.0,-364.03093845485904
2026-06-26T10:15:00Z,2026-06-26T10:30:00Z,2026-06-26,2026-06-26_50,-95.0,95,0,5,79.84259751552796,100.46400322981367,0.05728168253968255,1.3354285714285714,0.0,True,True,True,False,-1012.9375,49.81650323986467,97.45684958999944,0.0,179.49449558870512,0.0,-686.1696515814308
2026-06-26T10:30:00Z,2026-06-26T10:45:00Z,2026-06-26,2026-06-26_51,-95.0,95,0,5,100.46400322981367,122.18215408695653,0.06032819682539683,0.14331428571428573,0.0,True,True,True,False,-1057.5875,49.81650323986467,97.45684958999944,0.0,19.175411434141864,0.0,-891.1387357359941
2026-06-26T10:45:00Z,2026-06-26T11:00:00Z,2026-06-26,2026-06-26_52,-95.0,95,0,5,122.18215408695653,143.99020208695651,0.06057791111111111,0.0456,0.0,True,True,True,False,-671.1750000000001,49.81650323986467,97.45684958999944,0.0,6.101267274499684,0.0,-517.8003798956363
2026-06-26T11:00:00Z,2026-06-26T11:15:00Z,2026-06-26,2026-06-26_53,0.0,0,0,100,143.99020208695651,143.99020208695651,0.0,0.0,0.0,True,True,True,False,0.0,996.3300647972935,0.0,0.0,0.0,0.0,996.3300647972935
2026-06-26T11:15:00Z,2026-06-26T11:30:00Z,2026-06-26,2026-06-26_54,0.0,0,0,100,143.99020208695651,143.99020208695651,0.0,0.0,0.0,True,True,True,False,0.0,996.3300647972935,0.0,0.0,0.0,0.0,996.3300647972935
2026-06-26T11:30:00Z,2026-06-26T11:45:00Z,2026-06-26,2026-06-26_55,0.0,0,0,100,143.99020208695651,143.99020208695651,0.0,0.0,0.0,True,True,True,False,0.0,996.3300647972935,0.0,0.0,0.0,0.0,996.3300647972935
2026-06-26T11:45:00Z,2026-06-26T12:00:00Z,2026-06-26,2026-06-26_56,0.0,0,0,100,143.99020208695651,143.99020208695651,0.0,0.0,0.0,True,True,True,False,0.0,996.3300647972935,0.0,0.0,0.0,0.0,996.3300647972935
2026-06-26T12:00:00Z,2026-06-26T12:15:00Z,2026-06-26,2026-06-26_57,0.0,0,0,100,143.99020208695651,143.99020208695651,0.0,0.0,0.0,True,True,True,False,0.0,996.3300647972935,0.0,0.0,0.0,0.0,996.3300647972935
2026-06-26T12:15:00Z,2026-06-26T12:30:00Z,2026-06-26,2026-06-26_58,0.0,0,0,100,143.99020208695651,143.99020208695651,0.0,0.0,0.0,True,True,True,False,0.0,996.3300647972935,0.0,0.0,0.0,0.0,996.3300647972935
2026-06-26T12:30:00Z,2026-06-26T12:45:00Z,2026-06-26,2026-06-26_59,0.0,0,0,100,143.99020208695651,143.99020208695651,0.0,0.0,0.0,True,True,True,False,0.0,996.3300647972935,0.0,0.0,0.0,0.0,996.3300647972935
2026-06-26T12:45:00Z,2026-06-26T13:00:00Z,2026-06-26,2026-06-26_60,0.0,0,0,100,143.99020208695651,143.99020208695651,0.0,0.0,0.0,True,True,True,False,0.0,996.3300647972935,0.0,0.0,0.0,0.0,996.3300647972935
2026-06-26T13:00:00Z,2026-06-26T13:15:00Z,2026-06-26,2026-06-26_61,0.0,55,100,0,143.99020208695651,161.00126494409938,0.04725295238095238,0.0,18.49028571428571,True,True,True,False,0.0,0.0,55.870462755891964,20.93009920293595,0.0,2608.1456839759812,2684.946245934809
2026-06-26T13:15:00Z,2026-06-26T13:30:00Z,2026-06-26,2026-06-26_62,0.37656784266774856,55,100,0,161.00126494409938,162.69179536894413,0.005220124192853873,0.0,1.9474285714285715,True,True,True,False,9.244740537493227,0.0,55.870462755891964,20.93009920293595,0.0,-95.95134714474126,-9.906044648420123
2026-06-26T13:30:00Z,2026-06-26T13:45:00Z,2026-06-26,2026-06-26_63,0.0,55,100,0,162.69179536894413,163.96845425093173,0.0038195665976535538,0.04525714285714285,1.441142857142857,True,True,True,False,0.0,0.0,55.870462755891964,20.93009920293595,6.055393084465851,-71.59766959114627,11.258285452147494
2026-06-26T13:45:00Z,2026-06-26T14:00:00Z,2026-06-26,2026-06-26_64,45.0,55,100,0,163.96845425093173,154.92619358012428,0.034138647895100065,0.006914285714285713,3.209142857142857,True,True,True,False,1285.5375,0.0,55.870462755891964,20.93009920293595,0.9251294990156161,-124.13016342680199,1239.1330280310415
2026-06-26T14:00:00Z,2026-06-26T14:15:00Z,2026-06-26,2026-06-26_65,0.0,33,33,67,154.92619358012428,157.0800187229814,0.005982847619047619,0.0,2.3411142857142857,True,True,True,False,0.0,667.5411434141865,34.77120247720626,9.452090142783417,0.0,-39.849553562212776,671.9148824719634
2026-06-26T14:15:00Z,2026-06-26T14:30:00Z,2026-06-26,2026-06-26_66,0.0,33,33,67,157.0800187229814,159.07076729441,0.005529857142857143,0.0,2.1638571428571427,True,True,True,False,0.0,667.5411434141865,34.77120247720626,9.452090142783417,0.0,-12.978924086407313,698.7855119477689
2026-06-26T14:30:00Z,2026-06-26T14:45:00Z,2026-06-26,2026-06-26_67,0.0,33,33,67,159.07076729441,159.1102587428572,0.00040690343685300214,0.04921714285714286,0.10107428571428573,True,True,True,False,0.0,667.5411434141865,34.77120247720626,9.452090142783417,8.288681634759529,-5.4101993135255135,714.6429183554102
2026-06-26T14:45:00Z,2026-06-26T15:00:00Z,2026-06-26,2026-06-26_68,0.0,33,33,67,159.1102587428572,159.14044099378887,0.0003036118426501035,0.03639428571428571,0.0758057142857143,True,True,True,False,0.0,667.5411434141865,34.77120247720626,9.452090142783417,6.046848276031555,-4.855133076110197,712.9561512340975
2026-06-26T15:00:00Z,2026-06-26T15:15:00Z,2026-06-26,2026-06-26_69,0.0,100,100,0,159.14044099378887,175.00386956521746,0.04406507936507937,0.0,17.242857142857144,True,True,True,False,0.0,0.0,104.16308274557026,22.62170996043351,0.0,349.6262263836666,476.4110190896704
2026-06-26T15:15:00Z,2026-06-26T15:30:00Z,2026-06-26,2026-06-26_70,0.0,100,100,0,175.00386956521746,187.6094467080746,0.03501549206349207,0.0,13.701714285714287,True,True,True,False,0.0,0.0,104.16308274557026,22.62170996043351,0.0,58.764658742446464,185.54945144845024
2026-06-26T15:30:00Z,2026-06-26T15:45:00Z,2026-06-26,2026-06-26_71,0.0,100,100,0,187.6094467080746,189.7588668322982,0.0062259599723947555,0.04228571428571429,2.3862857142857146,True,True,True,False,0.0,0.0,104.16308274557026,22.62170996043351,7.218743757150776,-116.70162738689146,17.30190907626309
2026-06-26T15:45:00Z,2026-06-26T16:00:00Z,2026-06-26,2026-06-26_72,0.0,100,100,0,189.7588668322982,187.59145316770193,0.006049799861973776,1.9988571428571429,0.005714285714285714,True,True,True,False,0.0,0.0,104.16308274557026,22.62170996043351,348.0789815929812,-0.4368970479412592,474.4268772510437
2026-06-26T16:00:00Z,2026-06-26T16:15:00Z,2026-06-26,2026-06-26_73,-38.46633566721224,100,11,0,187.59145316770193,190.00000000000003,0.03009783076620599,6.299428571428571,0.004274285714285715,True,True,True,False,-1411.0413581125129,0.0,105.85469350306784,2.488388095647686,3158.9219486700576,-0.32761598933971203,1855.8960561669205
2026-06-26T16:15:00Z,2026-06-26T16:30:00Z,2026-06-26,2026-06-26_74,-72.57238474511905,100,11,0,190.00000000000003,190.0,0.028624852428705036,17.282857142857143,0.0,True,True,True,False,-3435.576693833936,0.0,105.85469350306784,2.488388095647686,9450.406485736676,0.0,6123.172873501455
2026-06-26T16:30:00Z,2026-06-26T16:45:00Z,2026-06-26,2026-06-26_75,-88.52777147060611,100,11,0,190.0,190.0,0.015019593603648546,21.68057142857143,0.0,True,True,True,False,-4799.533130278911,0.0,105.85469350306784,2.488388095647686,14277.839627108371,0.0,9586.649578428176
2026-06-26T16:45:00Z,2026-06-26T17:00:00Z,2026-06-26,2026-06-26_76,0.0,100,11,0,190.0,170.8695652173913,0.05314009661835749,17.6,0.0,True,True,True,False,0.0,0.0,105.85469350306784,2.488388095647686,9834.668195806336,0.0,9943.011277405052
2026-06-26T17:00:00Z,2026-06-26T17:15:00Z,2026-06-26,2026-06-26_77,-82.76586054550347,0,17,0,170.8695652173913,189.99973188571425,0.053139351856452605,0.0,0.10219428571428572,True,True,True,False,-4523.154278811765,0.0,0.0,3.8456906932736965,0.0,-7.0962491536485,-4526.40483727214
2026-06-26T17:15:00Z,2026-06-26T17:30:00Z,2026-06-26,2026-06-26_78,0.0,0,17,0,189.99973188571425,189.99999999999997,7.447619047619047e-07,0.0,0.0002914285714285714,True,True,True,False,0.0,0.0,0.0,3.8456906932736965,0.0,-0.022337453818616723,3.8233532394550798
2026-06-26T17:30:00Z,2026-06-26T17:45:00Z,2026-06-26,2026-06-26_79,100.0,0,17,0,189.99999999999997,162.82608695652172,0.07548309178743962,0.0,0.0,True,True,True,False,11913.75,0.0,0.0,3.8456906932736965,0.0,0.0,11917.595690693273
2026-06-26T17:45:00Z,2026-06-26T18:00:00Z,2026-06-26,2026-06-26_80,100.0,0,17,0,162.82608695652172,135.65217391304344,0.07548309178743962,0.0,0.0,True,True,True,False,16557.0,0.0,0.0,3.8456906932736965,0.0,0.0,16560.845690693273
2026-06-26T18:00:00Z,2026-06-26T18:15:00Z,2026-06-26,2026-06-26_81,100.0,0,100,0,135.65217391304344,109.51987577639747,0.07258971704623877,0.0,0.9582857142857143,True,True,True,False,10561.5,0.0,0.0,22.62170996043351,0.0,-73.45080402709853,10510.670905933335
2026-06-26T18:15:00Z,2026-06-26T18:30:00Z,2026-06-26,2026-06-26_82,100.0,0,100,0,109.51987577639747,82.7875776397515,0.07425638371290545,0.0,0.40628571428571425,True,True,True,False,11906.75,0.0,0.0,22.62170996043351,0.0,-31.839964611339113,11897.531745349095
2026-06-26T18:30:00Z,2026-06-26T18:45:00Z,2026-06-26,2026-06-26_83,100.0,0,100,0,82.7875776397515,55.61366459627325,0.0754830917874396,0.0,0.0,True,True,True,False,12297.5,0.0,0.0,22.62170996043351,0.0,0.0,12320.121709960433
2026-06-26T18:45:00Z,2026-06-26T19:00:00Z,2026-06-26,2026-06-26_84,100.0,0,100,0,55.61366459627325,28.439751552794995,0.07548309178743962,0.0,0.0,True,True,True,False,12980.000000000002,0.0,0.0,22.62170996043351,0.0,0.0,13002.621709960435
2026-06-26T19:00:00Z,2026-06-26T19:15:00Z,2026-06-26,2026-06-26_85,-21.63280852604688,100,0,0,28.439751552794995,16.307035882786504,0.0433428585524056,16.280571428571427,0.0,True,True,True,False,-2040.2983361341114,0.0,99.34629279201788,0.0,15294.479215223677,0.0,13353.527171881584
2026-06-26T19:15:00Z,2026-06-26T19:30:00Z,2026-06-26,2026-06-26_86,-32.128014362099506,100,0,0,16.307035882786504,14.862507045901951,0.031026508135245788,8.549142857142858,0.0,True,True,True,False,-2543.4142569756077,0.0,99.34629279201788,0.0,3710.481932614092,0.0,1266.413968430502
2026-06-26T19:30:00Z,2026-06-26T19:45:00Z,2026-06-26,2026-06-26_87,-26.249304343832595,100,0,0,14.862507045901951,14.572508819875765,0.0262083774049382,6.065714285714286,0.0,True,True,True,False,-1584.7361264980334,0.0,99.34629279201788,0.0,2381.0395227991994,0.0,895.6496890931838
2026-06-26T19:45:00Z,2026-06-26T20:00:00Z,2026-06-26,2026-06-26_88,-100.0,100,0,0,14.572508819875765,36.979503105590055,0.0622416507936508,0.6445714285714286,0.0,True,True,True,False,-4868.5,0.0,99.34629279201788,0.0,109.90141833165401,0.0,-4659.252288876328
2026-06-26T20:00:00Z,2026-06-26T20:15:00Z,2026-06-26,2026-06-26_89,100.0,0,100,0,36.979503105590055,9.999999999999996,0.07494306418219461,0.0,0.17885714285714285,True,True,True,False,9420.75,0.0,0.0,22.62170996043351,0.0,-13.788686769392086,9429.583023191042
2026-06-26T20:15:00Z,2026-06-26T20:30:00Z,2026-06-26,2026-06-26_90,0.8739012179064862,0,100,0,9.999999999999996,9.999999999999996,0.0013056952668782937,0.0,0.25771428571428573,True,True,True,False,45.56083999555466,0.0,0.0,22.62170996043351,0.0,-20.19665828370456,47.98589167228361
2026-06-26T20:30:00Z,2026-06-26T20:45:00Z,2026-06-26,2026-06-26_91,0.44532416942302594,0,100,0,9.999999999999996,9.999999999999996,0.0006687545843095268,0.0,0.13142857142857145,True,True,True,False,21.221923293854303,0.0,0.0,22.62170996043351,0.0,-10.299847905215186,33.54378534907263
2026-06-26T20:45:00Z,2026-06-26T21:00:00Z,2026-06-26,2026-06-26_92,12.708746035051611,0,100,0,9.999999999999996,9.999999999999996,0.016370075249911714,0.0,3.6691428571428575,True,True,True,False,512.5437275936315,0.0,0.0,22.62170996043351,0.0,-223.1397395547473,312.0256979993177
2026-06-26T21:00:00Z,2026-06-26T21:15:00Z,2026-06-27,2026-06-26_93,-99.78940501193215,100,0,0,9.999999999999996,22.827169614805825,0.035770921949867605,11.00057142857143,0.0,True,True,True,False,-4402.708549126446,0.0,107.19602977667493,0.0,3703.8476754015223,0.0,-591.6648439482489
2026-06-26T21:15:00Z,2026-06-26T21:30:00Z,2026-06-27,2026-06-26_94,0.0,100,0,0,22.827169614805825,22.76443669555117,0.00017425810904071775,0.057714285714285725,0.0,True,True,True,False,0.0,0.0,107.19602977667493,0.0,8.834835437515341,0.0,116.03086521419027
2026-06-26T21:30:00Z,2026-06-26T21:45:00Z,2026-06-27,2026-06-26_95,-86.3438077638003,100,0,0,22.76443669555117,42.5674832298137,0.05505747032438573,0.05942857142857143,0.0,True,True,True,False,-3148.7428096263875,0.0,107.19602977667493,0.0,9.11842325416519,0.0,-3032.4283565955475
2026-06-26T21:45:00Z,2026-06-26T22:00:00Z,2026-06-27,2026-06-26_96,-100.0,100,0,0,42.5674832298137,64.34782608695656,0.06050095238095238,1.3257142857142856,0.0,True,True,True,False,-3490.5,0.0,107.19602977667493,0.0,256.0855386796826,0.0,-3127.2184315436425
2026-06-26T22:00:00Z,2026-06-26T22:15:00Z,2026-06-27,2026-06-27_1,0.0,0,0,100,64.34782608695656,64.34782608695656,0.0,0.0,0.0,True,True,True,False,0.0,994.9417827829739,0.0,0.0,0.0,0.0,994.9417827829739
2026-06-26T22:15:00Z,2026-06-26T22:30:00Z,2026-06-27,2026-06-27_2,0.0,0,0,100,64.34782608695656,64.34782608695656,0.0,0.0,0.0,True,True,True,False,0.0,994.9417827829739,0.0,0.0,0.0,0.0,994.9417827829739
2026-06-26T22:30:00Z,2026-06-26T22:45:00Z,2026-06-27,2026-06-27_3,0.0,0,0,100,64.34782608695656,64.34782608695656,0.0,0.0,0.0,True,True,True,False,0.0,994.9417827829739,0.0,0.0,0.0,0.0,994.9417827829739
2026-06-26T22:45:00Z,2026-06-26T23:00:00Z,2026-06-27,2026-06-27_4,0.0,0,0,100,64.34782608695656,64.34782608695656,0.0,0.0,0.0,True,True,True,False,0.0,994.9417827829739,0.0,0.0,0.0,0.0,994.9417827829739
2026-06-26T23:00:00Z,2026-06-26T23:15:00Z,2026-06-27,2026-06-27_5,0.0,0,0,100,64.34782608695656,64.34782608695656,0.0,0.0,0.0,True,True,True,False,0.0,994.9417827829739,0.0,0.0,0.0,0.0,994.9417827829739
2026-06-26T23:15:00Z,2026-06-26T23:30:00Z,2026-06-27,2026-06-27_6,0.0,0,0,100,64.34782608695656,64.34782608695656,0.0,0.0,0.0,True,True,True,False,0.0,994.9417827829739,0.0,0.0,0.0,0.0,994.9417827829739
2026-06-26T23:30:00Z,2026-06-26T23:45:00Z,2026-06-27,2026-06-27_7,0.0,0,0,100,64.34782608695656,64.34782608695656,0.0,0.0,0.0,True,True,True,False,0.0,994.9417827829739,0.0,0.0,0.0,0.0,994.9417827829739
2026-06-26T23:45:00Z,2026-06-27T00:00:00Z,2026-06-27,2026-06-27_8,0.0,0,0,100,64.34782608695656,64.34782608695656,0.0,0.0,0.0,True,True,True,False,0.0,994.9417827829739,0.0,0.0,0.0,0.0,994.9417827829739
2026-06-27T00:00:00Z,2026-06-27T00:15:00Z,2026-06-27,2026-06-27_9,0.0,0,0,100,64.34782608695656,64.34782608695656,0.0,0.0,0.0,True,True,True,False,0.0,994.9417827829739,0.0,0.0,0.0,0.0,994.9417827829739
2026-06-27T00:15:00Z,2026-06-27T00:30:00Z,2026-06-27,2026-06-27_10,0.0,0,0,100,64.34782608695656,64.34782608695656,0.0,0.0,0.0,True,True,True,False,0.0,994.9417827829739,0.0,0.0,0.0,0.0,994.9417827829739
2026-06-27T00:30:00Z,2026-06-27T00:45:00Z,2026-06-27,2026-06-27_11,0.0,0,0,100,64.34782608695656,64.34782608695656,0.0,0.0,0.0,True,True,True,False,0.0,994.9417827829739,0.0,0.0,0.0,0.0,994.9417827829739
2026-06-27T00:45:00Z,2026-06-27T01:00:00Z,2026-06-27,2026-06-27_12,0.0,0,0,100,64.34782608695656,64.34782608695656,0.0,0.0,0.0,True,True,True,False,0.0,994.9417827829739,0.0,0.0,0.0,0.0,994.9417827829739
2026-06-27T01:00:00Z,2026-06-27T01:15:00Z,2026-06-27,2026-06-27_13,0.0,0,0,100,64.34782608695656,64.34782608695656,0.0,0.0,0.0,True,True,True,False,0.0,994.9417827829739,0.0,0.0,0.0,0.0,994.9417827829739
2026-06-27T01:15:00Z,2026-06-27T01:30:00Z,2026-06-27,2026-06-27_14,0.0,0,0,100,64.34782608695656,64.34782608695656,0.0,0.0,0.0,True,True,True,False,0.0,994.9417827829739,0.0,0.0,0.0,0.0,994.9417827829739
2026-06-27T01:30:00Z,2026-06-27T01:45:00Z,2026-06-27,2026-06-27_15,0.0,0,0,100,64.34782608695656,64.34782608695656,0.0,0.0,0.0,True,True,True,False,0.0,994.9417827829739,0.0,0.0,0.0,0.0,994.9417827829739
2026-06-27T01:45:00Z,2026-06-27T02:00:00Z,2026-06-27,2026-06-27_16,0.0,0,0,100,64.34782608695656,64.34782608695656,0.0,0.0,0.0,True,True,True,False,0.0,994.9417827829739,0.0,0.0,0.0,0.0,994.9417827829739
2026-06-27T02:00:00Z,2026-06-27T02:15:00Z,2026-06-27,2026-06-27_17,25.25290151445403,74,100,0,64.34782608695656,60.16417705341619,0.02238824650752505,0.03044571428571428,2.8182857142857145,True,True,True,False,724.5688767034723,0.0,78.81656804733728,86.20920022905135,4.810515838900553,-60.7155249911379,833.6896358276235
2026-06-27T02:15:00Z,2026-06-27T02:30:00Z,2026-06-27,2026-06-27_18,25.999999999999996,74,100,0,60.16417705341619,54.88080353788824,0.021678551828847478,0.0016914285714285716,1.8514285714285716,True,True,True,False,754.7149999999999,0.0,78.81656804733728,86.20920022905135,0.25828266026777197,-91.92189130968289,828.0771596269734
2026-06-27T02:30:00Z,2026-06-27T02:45:00Z,2026-06-27,2026-06-27_19,25.999999999999996,74,100,0,54.88080353788824,64.63890404968947,0.03894041032436162,0.0,17.462285714285713,True,True,True,False,754.6499999999999,0.0,78.81656804733728,86.20920022905135,0.0,616.1363693180268,1535.8121375944154
2026-06-27T02:45:00Z,2026-06-27T03:00:00Z,2026-06-27,2026-06-27_20,25.999999999999996,74,100,0,64.63890404968947,64.34782608695656,0.027402975293305726,0.0,7.031428571428572,True,True,True,False,743.0799999999998,0.0,78.81656804733728,86.20920022905135,0.0,30.591210427289834,938.6969787036783
2026-06-27T03:00:00Z,2026-06-27T03:15:00Z,2026-06-27,2026-06-27_21,0.0,0,0,100,64.34782608695656,64.34782608695656,0.0,0.0,0.0,True,True,True,False,0.0,994.9417827829739,0.0,0.0,0.0,0.0,994.9417827829739
2026-06-27T03:15:00Z,2026-06-27T03:30:00Z,2026-06-27,2026-06-27_22,0.0,0,0,100,64.34782608695656,64.34782608695656,0.0,0.0,0.0,True,True,True,False,0.0,994.9417827829739,0.0,0.0,0.0,0.0,994.9417827829739
2026-06-27T03:30:00Z,2026-06-27T03:45:00Z,2026-06-27,2026-06-27_23,0.0,0,0,100,64.34782608695656,64.34782608695656,0.0,0.0,0.0,True,True,True,False,0.0,994.9417827829739,0.0,0.0,0.0,0.0,994.9417827829739
2026-06-27T03:45:00Z,2026-06-27T04:00:00Z,2026-06-27,2026-06-27_24,0.0,0,0,100,64.34782608695656,64.34782608695656,0.0,0.0,0.0,True,True,True,False,0.0,994.9417827829739,0.0,0.0,0.0,0.0,994.9417827829739
2026-06-27T04:00:00Z,2026-06-27T04:15:00Z,2026-06-27,2026-06-27_25,0.0,0,0,100,64.34782608695656,64.34782608695656,0.0,0.0,0.0,True,False,True,False,0.0,994.9417827829739,0.0,0.0,0.0,0.0,994.9417827829739
2026-06-27T04:15:00Z,2026-06-27T04:30:00Z,2026-06-27,2026-06-27_26,0.0,0,0,100,64.34782608695656,64.34782608695656,0.0,0.0,0.0,True,False,True,False,0.0,994.9417827829739,0.0,0.0,0.0,0.0,994.9417827829739
2026-06-27T04:30:00Z,2026-06-27T04:45:00Z,2026-06-27,2026-06-27_27,0.0,0,0,100,64.34782608695656,64.34782608695656,0.0,0.0,0.0,True,False,True,False,0.0,994.9417827829739,0.0,0.0,0.0,0.0,994.9417827829739
2026-06-27T04:45:00Z,2026-06-27T05:00:00Z,2026-06-27,2026-06-27_28,0.0,0,0,100,64.34782608695656,64.34782608695656,0.0,0.0,0.0,True,False,True,False,0.0,994.9417827829739,0.0,0.0,0.0,0.0,994.9417827829739
2026-06-27T05:00:00Z,2026-06-27T05:15:00Z,2026-06-27,2026-06-27_29,50.00000000000001,50,100,0,64.34782608695656,48.679791304347866,0.04355152518978607,1.9251428571428573,0.011428571428571429,True,True,True,False,1441.6250000000002,0.0,46.841000190876116,25.596487879366293,363.85567463801715,-0.872576554958689,1877.0455861533012
2026-06-27T05:15:00Z,2026-06-27T05:30:00Z,2026-06-27,2026-06-27_30,50.00000000000001,50,100,0,48.679791304347866,38.43430211180128,0.03704927950310559,0.028857142857142862,3.361142857142857,True,True,True,False,1423.0000000000002,0.0,46.841000190876116,25.596487879366293,4.853706432525292,-38.35706203473945,1461.9341324680286
2026-06-27T05:30:00Z,2026-06-27T05:45:00Z,2026-06-27,2026-06-27_31,50.00000000000001,50,100,0,38.43430211180128,37.47396919254662,0.03482378191856453,0.0,12.582857142857144,True,True,True,False,1411.3750000000002,0.0,46.841000190876116,25.596487879366293,0.0,280.96350339486816,1764.7759914651108
2026-06-27T05:45:00Z,2026-06-27T06:00:00Z,2026-06-27,2026-06-27_32,0.0,50,100,0,37.47396919254662,52.90894062111805,0.042874920634920634,0.0,16.777142857142856,True,True,True,False,0.0,0.0,46.841000190876116,25.596487879366293,0.0,361.6004275625119,434.03791563275433
2026-06-27T06:00:00Z,2026-06-27T06:15:00Z,2026-06-27,2026-06-27_33,9.0,18,27,73,52.90894062111805,51.07385676521743,0.00723763801242236,0.002057142857142857,0.6280971428571428,True,True,True,False,267.41249999999997,726.3075014315709,19.207673220080167,12.693452949036077,0.31373490033539664,-15.089557299375562,1010.845305201647
2026-06-27T06:15:00Z,2026-06-27T06:30:00Z,2026-06-27,2026-06-27_34,7.9268128730779015,18,27,73,51.07385676521743,49.673913043478315,0.007096273467010937,0.09822857142857142,0.8883771428571429,True,True,True,False,223.1595994093256,726.3075014315709,19.207673220080167,12.693452949036077,14.980841491015186,-4.695392839418647,991.6536756616093
2026-06-27T06:30:00Z,2026-06-27T06:45:00Z,2026-06-27,2026-06-27_35,8.421120042511676,18,27,73,49.673913043478315,49.67391304347832,0.008279315122541184,0.0,2.3540914285714285,True,True,True,False,201.5384554174107,726.3075014315709,19.207673220080167,12.693452949036077,0.0,-54.811372521473565,904.9357104966243
2026-06-27T06:45:00Z,2026-06-27T07:00:00Z,2026-06-27,2026-06-27_36,0.11875776563713748,18,27,73,49.67391304347832,49.6739130434783,0.0011101355681853826,0.15510857142857143,0.21816000000000002,True,True,True,False,2.3148857466819024,726.3075014315709,19.207673220080167,12.693452949036077,28.524078440269406,-11.297723122733348,777.7498686649051
2026-06-27T07:00:00Z,2026-06-27T07:15:00Z,2026-06-27,2026-06-27_37,0.0,53,0,47,49.6739130434783,44.03385714285719,0.015666821946169772,5.188851428571429,0.0,True,True,True,False,0.0,467.6226379079977,55.38747852643634,0.0,984.6298706448887,0.0,1507.6399870793227
2026-06-27T07:15:00Z,2026-06-27T07:30:00Z,2026-06-27,2026-06-27_38,0.0,53,0,47,44.03385714285719,38.738136645962776,0.014710334713595584,4.872062857142858,0.0,True,True,True,False,0.0,467.6226379079977,55.38747852643634,0.0,751.2769283658279,0.0,1274.287044800262
2026-06-27T07:30:00Z,2026-06-27T07:45:00Z,2026-06-27,2026-06-27_39,-2.12149138835981e-13,53,0,47,38.738136645962776,35.57262111801251,0.008793098688750932,2.9122742857142856,0.0,True,True,True,False,-3.443710896155062e-12,467.6226379079977,55.38747852643634,0.0,429.1832901066179,0.0,952.1934065410485
2026-06-27T07:45:00Z,2026-06-27T08:00:00Z,2026-06-27,2026-06-27_40,-53.0,53,0,47,35.57262111801251,45.74813654658394,0.028265320634920637,2.189657142857143,0.0,True,True,True,False,-413.0025,467.6226379079977,55.38747852643634,0.0,317.54375285359805,0.0,427.5513692880321
2026-06-27T08:00:00Z,2026-06-27T08:15:00Z,2026-06-27,2026-06-27_41,-1.317972610740341,42,5,58,45.74813654658394,43.278612269000455,0.00813275873608773,2.5631999999999997,0.0,True,True,True,False,-21.225948895973193,577.0662340141248,42.17236113762168,1.4372971941210153,363.5815292994846,0.0,963.0314727493788
2026-06-27T08:15:00Z,2026-06-27T08:30:00Z,2026-06-27,2026-06-27_42,-6.5009318136216505,42,5,58,43.278612269000455,42.744636472049756,0.008277140222723656,1.91232,0.0,True,True,True,False,-69.59247506481977,577.0662340141248,42.17236113762168,1.4372971941210153,256.69729484252724,0.0,807.780712123575
2026-06-27T08:30:00Z,2026-06-27T08:45:00Z,2026-06-27,2026-06-27_43,-7.105427357601002e-15,42,5,58,42.744636472049756,41.52173913043485,0.00345958467908903,1.13544,0.012257142857142857,True,True,True,False,-3.984368390774762e-14,577.0662340141248,42.17236113762168,1.4372971941210153,152.8509432334415,-0.6156786954980504,772.9111568838109
2026-06-27T08:45:00Z,2026-06-27T09:00:00Z,2026-06-27,2026-06-27_44,-36.466557532483414,42,5,58,41.52173913043485,49.919213644720564,0.023335292277293754,0.01128,0.022600000000000002,True,True,True,False,-131.5531062984339,577.0662340141248,42.17236113762168,1.4372971941210153,1.37467867913724,-1.410237411719794,489.087227314851
2026-06-27T09:00:00Z,2026-06-27T09:15:00Z,2026-06-27,2026-06-27_45,0.0,27,27,73,49.919213644720564,49.77881686459634,0.001042928198757764,0.23729142857142857,0.12774857142857143,True,True,True,False,0.0,726.3075014315709,27.141725520137427,21.95457148310746,23.99682606822458,-6.396865238186131,793.0037592648542
2026-06-27T09:15:00Z,2026-06-27T09:30:00Z,2026-06-27,2026-06-27_46,0.0,27,27,73,49.77881686459634,49.67391304347833,0.0005405880745341616,0.13777714285714288,0.048754285714285715,True,True,True,False,0.0,726.3075014315709,27.141725520137427,21.95457148310746,13.023740113980315,-2.9764589141875493,785.4510796346086
2026-06-27T09:30:00Z,2026-06-27T09:45:00Z,2026-06-27,2026-06-27_47,-2.850603207588845e-14,27,27,73,49.67391304347833,49.71464286211188,0.00021096447204970755,0.0162,0.06341142857142858,True,True,True,False,-5.095453233565061e-14,726.3075014315709,27.141725520137427,21.95457148310746,1.5313468219125788,-4.143807952444578,772.7913373042837
2026-06-27T09:45:00Z,2026-06-27T10:00:00Z,2026-06-27,2026-06-27_48,0.0,27,27,73,49.71464286211188,50.59497246211188,0.00244536,0.0,0.95688,True,True,True,False,0.0,726.3075014315709,27.141725520137427,21.95457148310746,0.0,-22.208967451803776,753.194830983012
2026-06-27T10:00:00Z,2026-06-27T10:15:00Z,2026-06-27,2026-06-27_49,-27.0,27,0,73,50.59497246211188,56.804972462111884,0.01725,0.0,0.0,True,True,True,False,-27.810000000000002,726.3075014315709,27.141725520137427,0.0,0.0,0.0,725.6392269517083
2026-06-27T10:15:00Z,2026-06-27T10:30:00Z,2026-06-27,2026-06-27_50,-27.0,27,0,73,56.804972462111884,63.014972462111885,0.01725,0.0,0.0,True,True,True,False,-9.180000000000001,726.3075014315709,27.141725520137427,0.0,0.0,0.0,744.2692269517083
2026-06-27T10:30:00Z,2026-06-27T10:45:00Z,2026-06-27,2026-06-27_51,-27.0,27,0,73,63.014972462111885,69.22397886211188,0.017247239999999997,0.00108,0.0,True,True,True,False,-15.794999999999998,726.3075014315709,27.141725520137427,0.0,0.09598167589234587,0.0,737.7502086276007
2026-06-27T10:45:00Z,2026-06-27T11:00:00Z,2026-06-27,2026-06-27_52,-27.0,27,0,73,69.22397886211188,75.42404286211188,0.0172224,0.0108,0.0,True,True,True,False,-27.674999999999997,726.3075014315709,27.141725520137427,0.0,0.9598167589234587,0.0,726.7340437106318
2026-06-27T11:00:00Z,2026-06-27T11:15:00Z,2026-06-27,2026-06-27_53,-27.0,27,0,73,75.42404286211188,81.62126800496902,0.01721451428571429,0.013885714285714286,0.0,True,True,True,False,-4.2525,726.3075014315709,27.126264554304257,0.0,1.196148665230551,0.0,750.3774146511057
2026-06-27T11:15:00Z,2026-06-27T11:30:00Z,2026-06-27,2026-06-27_54,-27.0,27,0,73,81.62126800496902,87.81906091925474,0.01721609142857143,0.013268571428571426,0.0,True,True,True,False,-0.3375,726.3075014315709,27.126264554304257,0.0,1.1429865023314152,0.0,754.2392524882066
2026-06-27T11:30:00Z,2026-06-27T11:45:00Z,2026-06-27,2026-06-27_55,-27.0,27,0,73,87.81906091925474,93.60053543354046,0.01605965142857143,0.4657885714285715,0.0,True,True,True,False,-0.3375,726.3075014315709,27.126264554304257,0.0,59.07024151173889,0.0,812.166507497614
2026-06-27T11:45:00Z,2026-06-27T12:00:00Z,2026-06-27,2026-06-27_56,-27.0,27,0,73,93.60053543354046,98.21680103354046,0.012822960000000001,1.7323199999999999,0.0,True,True,True,False,-1.7550000000000001,726.3075014315709,27.126264554304257,0.0,239.7214770452376,0.0,991.4002430311128
2026-06-27T12:00:00Z,2026-06-27T12:15:00Z,2026-06-27,2026-06-27_57,-100.00000000000003,100,0,0,98.21680103354046,117.2140124621119,0.052770031746031766,4.350857142857143,0.0,True,True,True,False,-2.500000000000001,0.0,99.43691544187821,0.0,639.4730211327135,0.0,736.4099365745917
2026-06-27T12:15:00Z,2026-06-27T12:30:00Z,2026-06-27,2026-06-27_58,-100.0,100,0,0,117.2140124621119,130.1891667478262,0.03604209523809524,10.896571428571427,0.0,True,True,True,False,-35.0,0.0,99.43691544187821,0.0,1767.2953481853133,0.0,1831.7322636271915
2026-06-27T12:30:00Z,2026-06-27T12:45:00Z,2026-06-27,2026-06-27_59,-100.0,100,0,0,130.1891667478262,147.34427531925476,0.04765307936507937,6.353142857142857,0.0,True,True,True,False,-102.0,0.0,99.43691544187821,0.0,896.1678558067243,0.0,893.6047712486026
2026-06-27T12:45:00Z,2026-06-27T13:00:00Z,2026-06-27,2026-06-27_60,-11.70036875709002,100,0,0,147.34427531925476,144.0327888000001,0.020786128580451254,5.623428571428571,0.0,True,True,True,False,-23.371486592287315,0.0,99.43691544187821,0.0,784.7672215526409,0.0,860.8326504022318
2026-06-27T13:00:00Z,2026-06-27T13:15:00Z,2026-06-27,2026-06-27_61,-27.0,27,0,73,144.0327888000001,150.2179488000001,0.017181,0.027,0.0,True,True,True,False,-14.445,726.3075014315709,26.956193930139335,0.0,2.6633575109753767,0.0,741.4820528726856
2026-06-27T13:15:00Z,2026-06-27T13:30:00Z,2026-06-27,2026-06-27_62,-27.0,27,0,73,150.2179488000001,156.4200000000001,0.017227920000000004,0.00864,0.0,True,True,True,False,-27.0,726.3075014315709,26.956193930139335,0.0,0.8522744035121206,0.0,727.1159697652224
2026-06-27T13:30:00Z,2026-06-27T13:45:00Z,2026-06-27,2026-06-27_63,0.0,27,0,73,156.4200000000001,156.40037888198768,5.4503105590062115e-05,0.018051428571428572,0.0,True,True,True,False,0.0,726.3075014315709,26.956193930139335,0.0,1.780644735909252,0.0,755.0443400976195
2026-06-27T13:45:00Z,2026-06-27T14:00:00Z,2026-06-27,2026-06-27_64,0.0,27,0,73,156.40037888198768,155.8580310559007,0.0015065217391304348,0.49896,0.0,True,True,True,False,0.0,726.3075014315709,26.956193930139335,0.0,66.3460607138767,0.0,819.6097560755869
2026-06-27T14:00:00Z,2026-06-27T14:15:00Z,2026-06-27,2026-06-27_65,-2.3562201632409296,27,24,73,155.8580310559007,156.40390280944095,0.001873466656018983,0.0648,0.07981714285714285,True,True,True,False,-5.360400871373114,726.3075014315709,28.28583699179233,7.20824584844436,8.685822179805307,-6.094074659831484,759.0329309204084
2026-06-27T14:15:00Z,2026-06-27T14:30:00Z,2026-06-27,2026-06-27_66,-0.10996531876010675,27,24,73,156.40390280944095,156.4187382857143,0.0001878150903948669,0.024377142857142858,0.017417142857142857,True,True,True,False,-0.9621965391509341,726.3075014315709,28.28583699179233,7.20824584844436,3.2571101355220464,-1.329806669757042,762.7666911984217
2026-06-27T14:30:00Z,2026-06-27T14:45:00Z,2026-06-27,2026-06-27_67,5.758391543016754e-13,27,24,73,156.4187382857143,155.59004347826072,0.002308939544513892,0.76356,0.0013714285714285714,True,True,True,False,9.584842723351388e-12,726.3075014315709,28.28583699179233,7.20824584844436,106.64830094292805,-0.10470918659504268,868.3451760281501
2026-06-27T14:45:00Z,2026-06-27T15:00:00Z,2026-06-27,2026-06-27_68,0.0,27,24,73,155.59004347826072,153.49159006211167,0.005829037267080745,1.930577142857143,0.0,True,True,True,False,0.0,726.3075014315709,28.28583699179233,7.20824584844436,289.67759119461186,0.0,1051.4791754664195
2026-06-27T15:00:00Z,2026-06-27T15:15:00Z,2026-06-27,2026-06-27_69,-0.732217121253814,0,0,79,153.49159006211167,153.66000000000005,0.00046780538302327007,0.0,0.0,True,False,True,False,-11.343873751024713,786.0040083985493,0.0,0.0,0.0,0.0,774.6601346475246
2026-06-27T15:15:00Z,2026-06-27T15:30:00Z,2026-06-27,2026-06-27_70,-3.089316242435218e-14,0,0,79,153.66000000000005,153.66000000000005,1.973729821555834e-17,0.0,0.0,True,False,True,False,-8.313350008393172e-13,786.0040083985493,0.0,0.0,0.0,0.0,786.0040083985485
2026-06-27T15:30:00Z,2026-06-27T15:45:00Z,2026-06-27,2026-06-27_71,0.0,0,0,79,153.66000000000005,153.66000000000005,0.0,0.0,0.0,True,False,True,False,0.0,786.0040083985493,0.0,0.0,0.0,0.0,786.0040083985493
2026-06-27T15:45:00Z,2026-06-27T16:00:00Z,2026-06-27,2026-06-27_72,0.0,0,0,79,153.66000000000005,153.66000000000005,0.0,0.0,0.0,True,False,True,False,0.0,786.0040083985493,0.0,0.0,0.0,0.0,786.0040083985493
2026-06-27T16:00:00Z,2026-06-27T16:15:00Z,2026-06-27,2026-06-27_73,-100.0,0,0,0,153.66000000000005,176.66000000000005,0.06388888888888888,0.0,0.0,True,False,True,False,-2955.75,0.0,0.0,0.0,0.0,0.0,-2955.75
2026-06-27T16:15:00Z,2026-06-27T16:30:00Z,2026-06-27,2026-06-27_74,-57.999999999999645,0,0,0,176.66000000000005,189.99999999999997,0.03705555555555533,0.0,0.0,True,False,True,False,-1877.4599999999884,0.0,0.0,0.0,0.0,0.0,-1877.4599999999884
2026-06-27T16:30:00Z,2026-06-27T16:45:00Z,2026-06-27,2026-06-27_75,0.0,0,0,0,189.99999999999997,189.99999999999997,0.0,0.0,0.0,True,False,True,False,0.0,0.0,0.0,0.0,0.0,0.0,0.0
2026-06-27T16:45:00Z,2026-06-27T17:00:00Z,2026-06-27,2026-06-27_76,100.0,0,0,0,189.99999999999997,162.82608695652172,0.0754830917874396,0.0,0.0,True,False,True,False,7526.5,0.0,0.0,0.0,0.0,0.0,7526.5
2026-06-27T17:00:00Z,2026-06-27T17:15:00Z,2026-06-27,2026-06-27_77,-100.0,0,0,0,162.82608695652172,185.82608695652172,0.06388888888888888,0.0,0.0,True,False,True,False,-4195.0,0.0,0.0,0.0,0.0,0.0,-4195.0
2026-06-27T17:15:00Z,2026-06-27T17:30:00Z,2026-06-27,2026-06-27_78,-18.14744801512283,0,0,0,185.82608695652172,189.99999999999997,0.011594202898550697,0.0,0.0,True,False,True,False,-1059.629489603022,0.0,0.0,0.0,0.0,0.0,-1059.629489603022
2026-06-27T17:30:00Z,2026-06-27T17:45:00Z,2026-06-27,2026-06-27_79,100.0,0,0,0,189.99999999999997,162.82608695652172,0.0754830917874396,0.0,0.0,True,False,True,False,9025.0,0.0,0.0,0.0,0.0,0.0,9025.0
2026-06-27T17:45:00Z,2026-06-27T18:00:00Z,2026-06-27,2026-06-27_80,100.0,0,0,0,162.82608695652172,135.65217391304347,0.0754830917874396,0.0,0.0,True,False,True,False,9980.0,0.0,0.0,0.0,0.0,0.0,9980.0
2026-06-27T18:00:00Z,2026-06-27T18:15:00Z,2026-06-27,2026-06-27_81,0.0,0,100,0,135.65217391304347,135.65217391304347,0.0,0.0,0.0,True,True,True,False,0.0,0.0,0.0,25.596487879366293,0.0,0.0,25.596487879366293
2026-06-27T18:15:00Z,2026-06-27T18:30:00Z,2026-06-27,2026-06-27_82,61.29266102857157,0,100,0,135.65217391304347,118.99655950310554,0.04626559558316091,0.0,0.0,True,True,True,False,5071.048310198869,0.0,0.0,25.596487879366293,0.0,0.0,5096.644798078236
2026-06-27T18:30:00Z,2026-06-27T18:45:00Z,2026-06-27,2026-06-27_83,100.0,0,100,0,118.99655950310554,91.82264645962728,0.07548309178743962,0.0,0.0,True,True,True,False,10480.75,0.0,0.0,25.596487879366293,0.0,0.0,10506.346487879366
2026-06-27T18:45:00Z,2026-06-27T19:00:00Z,2026-06-27,2026-06-27_84,100.0,0,100,0,91.82264645962728,64.69718062111797,0.07534851621808143,0.0,0.044571428571428574,True,True,True,False,11032.5,0.0,0.0,25.596487879366293,0.0,-4.253810705423609,11053.842677173943
2026-06-27T19:00:00Z,2026-06-27T19:15:00Z,2026-06-27,2026-06-27_85,71.99999999999999,0,0,28,64.69718062111797,45.13196322981362,0.05434782608695651,0.0,0.0,True,False,True,False,6779.699999999998,278.5836991792327,0.0,0.0,0.0,0.0,7058.283699179231
2026-06-27T19:15:00Z,2026-06-27T19:30:00Z,2026-06-27,2026-06-27_86,71.99999999999999,0,0,28,45.13196322981362,25.566745838509277,0.05434782608695651,0.0,0.0,True,False,True,False,6449.939999999999,278.5836991792327,0.0,0.0,0.0,0.0,6728.523699179232
2026-06-27T19:30:00Z,2026-06-27T19:45:00Z,2026-06-27,2026-06-27_87,0.0,0,0,28,25.566745838509277,25.566745838509277,0.0,0.0,0.0,True,False,True,False,0.0,278.5836991792327,0.0,0.0,0.0,0.0,278.5836991792327
2026-06-27T19:45:00Z,2026-06-27T20:00:00Z,2026-06-27,2026-06-27_88,0.0,0,0,28,25.566745838509277,25.566745838509277,0.0,0.0,0.0,True,False,True,False,0.0,278.5836991792327,0.0,0.0,0.0,0.0,278.5836991792327
2026-06-27T20:00:00Z,2026-06-27T20:15:00Z,2026-06-27,2026-06-27_89,0.0,100,100,0,25.566745838509277,9.999999999999963,0.04324972256728778,14.322857142857142,0.0017142857142857142,True,True,True,False,0.0,0.0,107.48234395877076,25.596487879366293,12685.384675919613,-0.13415864532489843,12818.329349112426
2026-06-27T20:15:00Z,2026-06-27T20:30:00Z,2026-06-27,2026-06-27_90,0.0,100,100,0,9.999999999999963,12.133973664596237,0.007825565217391304,0.3142857142857143,2.690857142857143,True,True,True,False,0.0,0.0,107.48234395877076,25.596487879366293,82.61802961306682,-143.33706519782947,72.3597962533744
2026-06-27T20:30:00Z,2026-06-27T20:45:00Z,2026-06-27,2026-06-27_91,0.0,100,100,0,12.133973664596237,13.449935900621082,0.003727914423740511,0.012,1.4445714285714286,True,True,True,False,0.0,0.0,107.48234395877076,25.596487879366293,1.832410765413247,-112.26958776211383,22.641654841436466
2026-06-27T20:45:00Z,2026-06-27T21:00:00Z,2026-06-27,2026-06-27_92,0.0,100,100,0,13.449935900621082,12.501839503105554,0.002946109040717736,0.924,0.061142857142857145,True,True,True,False,0.0,0.0,107.48234395877076,25.596487879366293,227.68707463256345,-4.78499168325471,355.9809147874458
2026-06-27T21:00:00Z,2026-06-27T21:15:00Z,2026-06-28,2026-06-27_93,-0.45648087887663835,96,1,4,12.501839503105554,12.305043478260856,0.0011281583061950474,0.2786742857142857,0.0009771428571428572,True,True,True,False,-17.745694166329315,39.79767131131896,102.52338232487114,0.2559648787936629,44.64799297575873,-0.0764704278351921,169.40284689657798
2026-06-27T21:15:00Z,2026-06-27T21:30:00Z,2026-06-28,2026-06-27_94,-95.0,96,1,4,12.305043478260856,23.47997704347825,0.03176998454106281,11.58144,0.0,True,True,True,False,-3394.1124999999997,39.79767131131896,102.52338232487114,0.2559648787936629,2828.190300744417,0.0,-423.3451807405989
2026-06-27T21:30:00Z,2026-06-27T21:45:00Z,2026-06-28,2026-06-27_95,-78.6180704204682,96,1,4,23.47997704347825,36.9236900173913,0.04268418203506389,4.88448,0.003188571428571429,True,True,True,False,-2714.485426442716,39.79767131131896,102.52338232487114,0.2559648787936629,1088.9966340446651,-0.24953508030431112,-1483.1613089633713
2026-06-27T21:45:00Z,2026-06-27T22:00:00Z,2026-06-28,2026-06-27_96,0.0,96,1,4,36.9236900173913,36.948650931677015,6.933587301587303e-05,0.0,0.027131428571428574,True,True,True,False,0.0,39.79767131131896,102.52338232487114,0.2559648787936629,0.0,-1.4702344547759936,141.10678406020776
2026-06-27T22:00:00Z,2026-06-27T22:15:00Z,2026-06-28,2026-06-28_1,0.0,100,0,0,36.948650931677015,18.555483229813664,0.051092132505175976,16.921714285714284,0.0,True,True,True,False,0.0,0.0,106.79518992174079,0.0,4256.297250511275,0.0,4363.092440433015
2026-06-27T22:15:00Z,2026-06-27T22:30:00Z,2026-06-28,2026-06-28_2,-100.0,100,0,0,18.555483229813664,32.589951801242236,0.03898463492063493,9.745142857142856,0.0,True,True,True,False,-3529.9999999999995,0.0,106.79518992174079,0.0,2205.800715949063,0.0,-1217.4040941291958
2026-06-27T22:30:00Z,2026-06-27T22:45:00Z,2026-06-28,2026-06-28_3,-100.0,100,0,0,32.589951801242236,43.74245465838509,0.030979174603174602,12.877714285714287,0.0,True,True,True,False,-3310.4999999999995,0.0,106.79518992174079,0.0,3062.5141513374965,0.0,-141.19065874076225
2026-06-27T22:45:00Z,2026-06-27T23:00:00Z,2026-06-28,2026-06-28_4,-100.0,100,0,0,43.74245465838509,64.34782608695653,0.05723714285714286,2.6028571428571423,0.0,True,True,True,False,-3086.5,0.0,106.79518992174079,0.0,522.9333264254356,0.0,-2456.7714836528235
2026-06-27T23:00:00Z,2026-06-27T23:15:00Z,2026-06-28,2026-06-28_5,0.0,0,0,100,64.34782608695653,64.34782608695653,0.0,0.0,0.0,True,True,True,False,0.0,994.9417827829739,0.0,0.0,0.0,0.0,994.9417827829739
2026-06-27T23:15:00Z,2026-06-27T23:30:00Z,2026-06-28,2026-06-28_6,0.0,0,0,100,64.34782608695653,64.34782608695653,0.0,0.0,0.0,True,True,True,False,0.0,994.9417827829739,0.0,0.0,0.0,0.0,994.9417827829739
2026-06-27T23:30:00Z,2026-06-27T23:45:00Z,2026-06-28,2026-06-28_7,0.0,0,0,100,64.34782608695653,64.34782608695653,0.0,0.0,0.0,True,True,True,False,0.0,994.9417827829739,0.0,0.0,0.0,0.0,994.9417827829739
2026-06-27T23:45:00Z,2026-06-28T00:00:00Z,2026-06-28,2026-06-28_8,0.0,0,0,100,64.34782608695653,64.34782608695653,0.0,0.0,0.0,True,True,True,False,0.0,994.9417827829739,0.0,0.0,0.0,0.0,994.9417827829739
2026-06-28T00:00:00Z,2026-06-28T00:15:00Z,2026-06-28,2026-06-28_9,0.0,0,0,100,64.34782608695653,64.34782608695653,0.0,0.0,0.0,True,True,True,False,0.0,994.9417827829739,0.0,0.0,0.0,0.0,994.9417827829739
2026-06-28T00:15:00Z,2026-06-28T00:30:00Z,2026-06-28,2026-06-28_10,0.0,0,0,100,64.34782608695653,64.34782608695653,0.0,0.0,0.0,True,True,True,False,0.0,994.9417827829739,0.0,0.0,0.0,0.0,994.9417827829739
2026-06-28T00:30:00Z,2026-06-28T00:45:00Z,2026-06-28,2026-06-28_11,0.0,0,0,100,64.34782608695653,64.34782608695653,0.0,0.0,0.0,True,True,True,False,0.0,994.9417827829739,0.0,0.0,0.0,0.0,994.9417827829739
2026-06-28T00:45:00Z,2026-06-28T01:00:00Z,2026-06-28,2026-06-28_12,0.0,0,0,100,64.34782608695653,64.34782608695653,0.0,0.0,0.0,True,True,True,False,0.0,994.9417827829739,0.0,0.0,0.0,0.0,994.9417827829739
2026-06-28T01:00:00Z,2026-06-28T01:15:00Z,2026-06-28,2026-06-28_13,0.0,0,0,100,64.34782608695653,64.34782608695653,0.0,0.0,0.0,True,True,True,False,0.0,994.9417827829739,0.0,0.0,0.0,0.0,994.9417827829739
2026-06-28T01:15:00Z,2026-06-28T01:30:00Z,2026-06-28,2026-06-28_14,0.0,0,0,100,64.34782608695653,64.34782608695653,0.0,0.0,0.0,True,True,True,False,0.0,994.9417827829739,0.0,0.0,0.0,0.0,994.9417827829739
2026-06-28T01:30:00Z,2026-06-28T01:45:00Z,2026-06-28,2026-06-28_15,0.0,0,0,100,64.34782608695653,64.34782608695653,0.0,0.0,0.0,True,True,True,False,0.0,994.9417827829739,0.0,0.0,0.0,0.0,994.9417827829739
2026-06-28T01:45:00Z,2026-06-28T02:00:00Z,2026-06-28,2026-06-28_16,0.0,0,0,100,64.34782608695653,64.34782608695653,0.0,0.0,0.0,True,True,True,False,0.0,994.9417827829739,0.0,0.0,0.0,0.0,994.9417827829739
2026-06-28T02:00:00Z,2026-06-28T02:15:00Z,2026-06-28,2026-06-28_17,0.0,0,0,100,64.34782608695653,64.34782608695653,0.0,0.0,0.0,True,True,True,False,0.0,994.9417827829739,0.0,0.0,0.0,0.0,994.9417827829739
2026-06-28T02:15:00Z,2026-06-28T02:30:00Z,2026-06-28,2026-06-28_18,0.0,0,0,100,64.34782608695653,64.34782608695653,0.0,0.0,0.0,True,True,True,False,0.0,994.9417827829739,0.0,0.0,0.0,0.0,994.9417827829739
2026-06-28T02:30:00Z,2026-06-28T02:45:00Z,2026-06-28,2026-06-28_19,0.0,0,0,100,64.34782608695653,64.34782608695653,0.0,0.0,0.0,True,True,True,False,0.0,994.9417827829739,0.0,0.0,0.0,0.0,994.9417827829739
2026-06-28T02:45:00Z,2026-06-28T03:00:00Z,2026-06-28,2026-06-28_20,0.0,0,0,100,64.34782608695653,64.34782608695653,0.0,0.0,0.0,True,True,True,False,0.0,994.9417827829739,0.0,0.0,0.0,0.0,994.9417827829739
2026-06-28T03:00:00Z,2026-06-28T03:15:00Z,2026-06-28,2026-06-28_21,0.0,0,0,100,64.34782608695653,64.34782608695653,0.0,0.0,0.0,True,True,True,False,0.0,994.9417827829739,0.0,0.0,0.0,0.0,994.9417827829739
2026-06-28T03:15:00Z,2026-06-28T03:30:00Z,2026-06-28,2026-06-28_22,0.0,0,0,100,64.34782608695653,64.34782608695653,0.0,0.0,0.0,True,True,True,False,0.0,994.9417827829739,0.0,0.0,0.0,0.0,994.9417827829739
2026-06-28T03:30:00Z,2026-06-28T03:45:00Z,2026-06-28,2026-06-28_23,0.0,0,0,100,64.34782608695653,64.34782608695653,0.0,0.0,0.0,True,True,True,False,0.0,994.9417827829739,0.0,0.0,0.0,0.0,994.9417827829739
2026-06-28T03:45:00Z,2026-06-28T04:00:00Z,2026-06-28,2026-06-28_24,0.0,0,0,100,64.34782608695653,64.34782608695653,0.0,0.0,0.0,True,True,True,False,0.0,994.9417827829739,0.0,0.0,0.0,0.0,994.9417827829739
2026-06-28T04:00:00Z,2026-06-28T04:15:00Z,2026-06-28,2026-06-28_25,0.0,0,0,100,64.34782608695653,64.34782608695653,0.0,0.0,0.0,True,True,True,False,0.0,994.9417827829739,0.0,0.0,0.0,0.0,994.9417827829739
2026-06-28T04:15:00Z,2026-06-28T04:30:00Z,2026-06-28,2026-06-28_26,0.0,0,0,100,64.34782608695653,64.34782608695653,0.0,0.0,0.0,True,True,True,False,0.0,994.9417827829739,0.0,0.0,0.0,0.0,994.9417827829739
2026-06-28T04:30:00Z,2026-06-28T04:45:00Z,2026-06-28,2026-06-28_27,0.0,0,0,100,64.34782608695653,64.34782608695653,0.0,0.0,0.0,True,True,True,False,0.0,994.9417827829739,0.0,0.0,0.0,0.0,994.9417827829739
2026-06-28T04:45:00Z,2026-06-28T05:00:00Z,2026-06-28,2026-06-28_28,0.0,0,0,100,64.34782608695653,64.34782608695653,0.0,0.0,0.0,True,True,True,False,0.0,994.9417827829739,0.0,0.0,0.0,0.0,994.9417827829739
2026-06-28T05:00:00Z,2026-06-28T05:15:00Z,2026-06-28,2026-06-28_29,0.0,100,100,0,64.34782608695653,64.12285118012424,0.0008761048999309867,0.24857142857142855,0.049142857142857134,True,True,True,False,0.0,0.0,95.42851689253673,25.596487879366293,39.92377880184332,-3.095352766340359,157.853430807406
2026-06-28T05:15:00Z,2026-06-28T05:30:00Z,2026-06-28,2026-06-28_30,0.0,100,100,0,64.12285118012424,52.31353440993791,0.03280365769496204,10.864571428571429,0.0,True,True,True,False,0.0,0.0,95.42851689253673,25.596487879366293,4812.0221676983065,0.0,4933.047172470209
2026-06-28T05:30:00Z,2026-06-28T05:45:00Z,2026-06-28,2026-06-28_31,0.0,100,100,0,52.31353440993791,39.51539776397517,0.0355503795721187,11.774285714285714,0.0,True,True,True,False,0.0,0.0,95.42851689253673,25.596487879366293,2941.589195320808,0.0,3062.614200092711
2026-06-28T05:45:00Z,2026-06-28T06:00:00Z,2026-06-28,2026-06-28_32,0.0,100,100,0,39.51539776397517,39.55019130434784,0.0010248750862663905,0.15371428571428572,0.21942857142857142,True,True,True,False,0.0,0.0,95.42851689253673,25.596487879366293,24.459407956807464,-12.3699663512666,133.1144463774439
2026-06-28T06:00:00Z,2026-06-28T06:15:00Z,2026-06-28,2026-06-28_33,0.0,100,10,0,39.55019130434784,18.577625639751574,0.058257710973084874,19.29485714285714,0.00011428571428571428,True,True,True,False,0.0,0.0,105.33498759305212,4.701278870013362,4997.275926812641,-0.00872576554958689,5107.303467510157
2026-06-28T06:15:00Z,2026-06-28T06:30:00Z,2026-06-28,2026-06-28_34,-60.9856897553749,100,10,0,18.577625639751574,12.834043329192564,0.031325886811291684,20.068571428571428,0.0,True,True,True,False,-1265.3005981996407,0.0,105.33498759305212,4.701278870013362,4698.3019442096365,0.0,3543.0376124730615
2026-06-28T06:30:00Z,2026-06-28T06:45:00Z,2026-06-28,2026-06-28_35,-90.0,100,10,0,12.834043329192564,26.652809440993806,0.0428216242926156,7.346285714285713,0.0,True,True,True,False,-1584.8999999999999,0.0,105.33498759305212,4.701278870013362,1148.9890934474952,0.0,-325.8746400894392
2026-06-28T06:45:00Z,2026-06-28T07:00:00Z,2026-06-28,2026-06-28_36,-90.0,100,10,0,26.652809440993806,47.50000000000002,0.05800237543133196,0.15485714285714286,0.31765714285714286,True,True,True,False,-1008.9000000000001,0.0,105.33498759305212,4.701278870013362,20.690971559457914,21.745841507376003,-856.4269204701006
2026-06-28T07:00:00Z,2026-06-28T07:15:00Z,2026-06-28,2026-06-28_37,2.242561569586519,28,31,69,47.50000000000002,47.68133807701865,0.0046457087262344685,0.20384,1.086062857142857,True,True,True,False,37.87125850639234,686.509830120252,29.43767894636381,8.920118343195266,26.13961052109181,238.75243803888415,1027.6309344761794
2026-06-28T07:15:00Z,2026-06-28T07:30:00Z,2026-06-28,2026-06-28_38,0.0,28,31,69,47.68133807701865,47.77263374906834,0.0002651932919254658,0.0019199999999999998,0.10150285714285713,True,True,True,False,0.0,686.509830120252,29.43767894636381,8.920118343195266,0.22791891582363044,-6.126362941673711,718.969183383961
2026-06-28T07:30:00Z,2026-06-28T07:45:00Z,2026-06-28,2026-06-28_39,0.0,28,31,69,47.77263374906834,48.231941843478275,0.002638174658385093,0.22559999999999997,0.7657885714285715,True,True,True,False,0.0,686.509830120252,29.43767894636381,8.920118343195266,28.92688070242412,12.169884497041421,765.9643926092766
2026-06-28T07:45:00Z,2026-06-28T08:00:00Z,2026-06-28,2026-06-28_40,0.0,28,31,69,48.231941843478275,49.67391304347827,0.004005475555555557,0.0,1.5673600000000003,True,True,True,False,0.0,686.509830120252,29.43767894636381,8.920118343195266,0.0,-14.841603786982251,710.0260236228288
2026-06-28T08:00:00Z,2026-06-28T08:15:00Z,2026-06-28,2026-06-28_41,-4.459370674657765e-16,27,27,73,49.67391304347827,49.981299289441004,0.000902297888198758,0.008022857142857142,0.3435942857142857,True,True,True,False,-1.6087179708827886e-15,726.3075014315709,27.396831456384803,7.761404848253483,0.7305562566465792,-10.969636156300274,751.2266578365555
2026-06-28T08:15:00Z,2026-06-28T08:30:00Z,2026-06-28,2026-06-28_42,0.0,27,27,73,49.981299289441004,51.335576089441005,0.00376188,0.0,1.47204,True,True,True,False,0.0,726.3075014315709,27.396831456384803,7.761404848253483,0.0,7.655507127314372,769.1212448635235
2026-06-28T08:30:00Z,2026-06-28T08:45:00Z,2026-06-28,2026-06-28_43,0.0,27,27,73,51.335576089441005,53.29112283229815,0.005432074285714285,0.0,2.1255942857142855,True,True,True,False,0.0,726.3075014315709,27.396831456384803,7.761404848253483,0.0,4.599706512147901,766.0654442483572
2026-06-28T08:45:00Z,2026-06-28T09:00:00Z,2026-06-28,2026-06-28_44,0.0,27,27,73,53.29112283229815,53.30827296397517,0.0003103721739130434,0.043508571428571424,0.07004571428571428,True,True,True,False,0.0,726.3075014315709,27.396831456384803,7.761404848253483,3.9618627764295256,-4.34783468600878,761.0797658266299
2026-06-28T09:00:00Z,2026-06-28T09:15:00Z,2026-06-28,2026-06-28_45,-25.602670927681004,27,0,73,53.30827296397517,59.141726032298195,0.01622259985137496,0.0594,0.0,True,True,True,False,-3.456360575236936,726.3075014315709,27.38910097346822,0.0,5.111302538652415,0.0,755.3515443684546
2026-06-28T09:15:00Z,2026-06-28T09:30:00Z,2026-06-28,2026-06-28_46,-26.999999999999915,27,0,73,59.141726032298195,65.22979711801246,0.01691130857142852,0.13253142857142858,0.0,True,True,True,False,-0.06749999999999978,726.3075014315709,27.38910097346822,0.0,11.40417891091539,0.0,765.0332813159546
2026-06-28T09:30:00Z,2026-06-28T09:45:00Z,2026-06-28,2026-06-28_47,-26.999999999999915,27,0,73,65.22979711801246,71.43979711801244,0.01724999999999995,0.0,0.0,True,True,True,False,-0.0,726.3075014315709,27.38910097346822,0.0,0.0,0.0,753.6966024050391
2026-06-28T09:45:00Z,2026-06-28T10:00:00Z,2026-06-28,2026-06-28_48,-26.999999999999915,27,0,73,71.43979711801244,77.64979711801242,0.017249999999999946,0.0,0.0,True,True,True,False,-0.47249999999999853,726.3075014315709,27.38910097346822,0.0,0.0,0.0,753.2241024050392
2026-06-28T10:00:00Z,2026-06-28T10:15:00Z,2026-06-28,2026-06-28_49,-27.0,27,0,73,77.64979711801242,83.85979711801241,0.01725,0.0,0.0,True,True,True,False,-0.0,726.3075014315709,27.420022905134566,0.0,0.0,0.0,753.7275243367055
2026-06-28T10:15:00Z,2026-06-28T10:30:00Z,2026-06-28,2026-06-28_50,-27.0,27,0,73,83.85979711801241,90.06979711801242,0.01725,0.0,0.0,True,True,True,False,-0.0,726.3075014315709,27.420022905134566,0.0,0.0,0.0,753.7275243367055
2026-06-28T10:30:00Z,2026-06-28T10:45:00Z,2026-06-28,2026-06-28_51,-27.0,27,0,73,90.06979711801242,96.27979711801243,0.01725,0.0,0.0,True,True,True,False,-0.0,726.3075014315709,27.420022905134566,0.0,0.0,0.0,753.7275243367055
2026-06-28T10:45:00Z,2026-06-28T11:00:00Z,2026-06-28,2026-06-28_52,-27.0,27,0,73,96.27979711801243,102.48979711801242,0.01725,0.0,0.0,True,True,True,False,-0.0,726.3075014315709,27.420022905134566,0.0,0.0,0.0,753.7275243367055
2026-06-28T11:00:00Z,2026-06-28T11:15:00Z,2026-06-28,2026-06-28_53,0.0,27,27,73,102.48979711801242,104.34797106086957,0.005161594285714285,0.0,2.0197542857142854,True,True,True,False,0.0,726.3075014315709,27.41229242221798,25.1163389959916,0.0,-14.366124012761432,764.4700088370191
2026-06-28T11:15:00Z,2026-06-28T11:30:00Z,2026-06-28,2026-06-28_54,0.0,27,27,73,104.34797106086957,105.9637066037267,0.004488154285714285,0.0,1.7562342857142854,True,True,True,False,0.0,726.3075014315709,27.41229242221798,25.1163389959916,0.0,-18.27402168679955,760.562111162981
2026-06-28T11:30:00Z,2026-06-28T11:45:00Z,2026-06-28,2026-06-28_55,0.0,27,27,73,105.9637066037267,107.956158489441,0.005534588571428572,0.0,2.1657085714285715,True,True,True,False,0.0,726.3075014315709,27.41229242221798,25.1163389959916,0.0,-6.025043410683609,772.8110894390969
2026-06-28T11:45:00Z,2026-06-28T12:00:00Z,2026-06-28,2026-06-28_56,-1.6050906075274527e-14,27,27,73,107.956158489441,110.4984208,0.007085131677018646,0.0038571428571428576,2.7678857142857147,True,True,True,False,-0.0,726.3075014315709,27.41229242221798,25.1163389959916,0.33130641071087724,-7.137647642679902,772.0297916178115
2026-06-28T12:00:00Z,2026-06-28T12:15:00Z,2026-06-28,2026-06-28_57,-27.0,27,0,73,110.4984208,116.70643360000001,0.017244480000000003,0.00216,0.0,True,True,True,False,-0.0,726.3075014315709,27.133995037220846,0.0,0.1855398358465356,0.0,753.6270363046383
2026-06-28T12:15:00Z,2026-06-28T12:30:00Z,2026-06-28,2026-06-28_58,-27.0,27,0,73,116.70643360000001,122.90663954285716,0.01722279428571429,0.010645714285714286,0.0,True,True,True,False,-0.0675,726.3075014315709,27.133995037220846,0.0,0.9144463338150683,0.0,754.2884428026068
2026-06-28T12:30:00Z,2026-06-28T12:45:00Z,2026-06-28,2026-06-28_59,-26.99999999999998,27,0,73,122.90663954285716,129.08441851428574,0.01716049714285713,0.03502285714285714,0.0,True,True,True,False,-0.06749999999999995,726.3075014315709,27.133995037220846,0.0,3.0083959097973985,0.0,756.3823923785892
2026-06-28T12:45:00Z,2026-06-28T13:00:00Z,2026-06-28,2026-06-28_60,-27.0,27,0,73,129.08441851428574,135.27156571428574,0.01718652,0.02484,0.0,True,True,True,False,-0.0,726.3075014315709,27.133995037220846,0.0,2.1337081122351598,0.0,755.5752045810269
2026-06-28T13:00:00Z,2026-06-28T13:15:00Z,2026-06-28,2026-06-28_61,-100.0,100,0,0,135.27156571428574,158.27156571428574,0.0638888888888889,0.0,0.0,True,True,True,False,-0.25,0.0,100.75396067951898,0.0,0.0,0.0,100.50396067951898
2026-06-28T13:15:00Z,2026-06-28T13:30:00Z,2026-06-28,2026-06-28_62,-100.0,100,0,0,158.27156571428574,179.85792000000004,0.059962095238095245,1.5365714285714287,0.0,True,True,True,False,-0.25,0.0,100.75396067951898,0.0,194.99499108335834,0.0,295.4989517628773
2026-06-28T13:30:00Z,2026-06-28T13:45:00Z,2026-06-28,2026-06-28_63,-100.0,100,0,0,179.85792000000004,190.00000000000003,0.028172444444444448,13.975999999999999,0.0,True,True,True,False,-24.75,0.0,100.75396067951898,0.0,2950.65932429853,0.0,3026.663284978049
2026-06-28T13:45:00Z,2026-06-28T14:00:00Z,2026-06-28,2026-06-28_64,-70.73266820128113,100,0,0,190.00000000000003,184.6955172968943,0.02461766712452966,22.266285714285715,0.0,True,True,True,False,-96.90375543575516,0.0,100.75396067951898,0.0,5809.014261609358,0.0,5812.8644668531215
2026-06-28T14:00:00Z,2026-06-28T14:15:00Z,2026-06-28,2026-06-28_65,-62.000000000000426,100,38,0,184.6955172968943,190.0,0.03563074042788135,9.106285714285715,0.0,True,True,True,False,-6.9750000000000485,0.0,105.36361901126168,11.41305592670357,1557.3226018051428,0.0,1667.1242767431079
2026-06-28T14:15:00Z,2026-06-28T14:30:00Z,2026-06-28,2026-06-28_66,-61.55504906133505,100,38,0,190.0,190.0,0.03339590044616803,14.385142857142858,0.0,True,True,True,False,-129.7272658967636,0.0,105.36361901126168,11.41305592670357,3122.1251560548635,0.0,3109.174565096065
2026-06-28T14:30:00Z,2026-06-28T14:45:00Z,2026-06-28,2026-06-28_67,-0.4307729517876346,100,38,0,190.0,166.1919254658385,0.06619939092439421,22.009142857142855,0.0,True,True,True,False,-3.4537221409573604,0.0,105.36361901126168,11.41305592670357,6494.41956098492,0.0,6607.742513781928
2026-06-28T14:45:00Z,2026-06-28T15:00:00Z,2026-06-28,2026-06-28_68,0.0,100,38,0,166.1919254658385,144.0,0.061644237405106966,20.41657142857143,0.0,True,True,True,False,0.0,0.0,105.36361901126168,11.41305592670357,6651.952014179369,0.0,6768.728689117334
2026-06-28T15:00:00Z,2026-06-28T15:15:00Z,2026-06-28,2026-06-28_69,0.0,0,0,100,144.0,144.0,0.0,0.0,0.0,True,False,True,False,0.0,994.9417827829739,0.0,0.0,0.0,0.0,994.9417827829739
2026-06-28T15:15:00Z,2026-06-28T15:30:00Z,2026-06-28,2026-06-28_70,0.0,0,0,100,144.0,144.0,0.0,0.0,0.0,True,False,True,False,0.0,994.9417827829739,0.0,0.0,0.0,0.0,994.9417827829739
2026-06-28T15:30:00Z,2026-06-28T15:45:00Z,2026-06-28,2026-06-28_71,0.0,0,0,100,144.0,144.0,0.0,0.0,0.0,True,False,True,False,0.0,994.9417827829739,0.0,0.0,0.0,0.0,994.9417827829739
2026-06-28T15:45:00Z,2026-06-28T16:00:00Z,2026-06-28,2026-06-28_72,0.0,0,0,100,144.0,144.0,0.0,0.0,0.0,True,False,True,False,0.0,994.9417827829739,0.0,0.0,0.0,0.0,994.9417827829739
2026-06-28T16:00:00Z,2026-06-28T16:15:00Z,2026-06-28,2026-06-28_73,0.0,0,0,100,144.0,144.0,0.0,0.0,0.0,True,False,True,False,0.0,994.9417827829739,0.0,0.0,0.0,0.0,994.9417827829739
2026-06-28T16:15:00Z,2026-06-28T16:30:00Z,2026-06-28,2026-06-28_74,0.0,0,0,100,144.0,144.0,0.0,0.0,0.0,True,False,True,False,0.0,994.9417827829739,0.0,0.0,0.0,0.0,994.9417827829739
2026-06-28T16:30:00Z,2026-06-28T16:45:00Z,2026-06-28,2026-06-28_75,0.0,0,0,100,144.0,144.0,0.0,0.0,0.0,True,False,True,False,0.0,994.9417827829739,0.0,0.0,0.0,0.0,994.9417827829739
2026-06-28T16:45:00Z,2026-06-28T17:00:00Z,2026-06-28,2026-06-28_76,0.0,0,0,100,144.0,144.0,0.0,0.0,0.0,True,False,True,False,0.0,994.9417827829739,0.0,0.0,0.0,0.0,994.9417827829739
2026-06-28T17:00:00Z,2026-06-28T17:15:00Z,2026-06-28,2026-06-28_77,-1.67077732026633,100,98,0,144.0,135.23576745341612,0.025759382722968432,8.438285714285714,0.0,True,True,True,False,-57.79218750801236,0.0,102.84405420881849,25.084558121778965,5046.323571892128,0.0,5116.459996714713
2026-06-28T17:15:00Z,2026-06-28T17:30:00Z,2026-06-28,2026-06-28_78,5.189085875965406e-14,100,98,0,135.23576745341612,134.23328298136641,0.0027846790890269546,0.9222857142857144,0.0,True,True,True,False,2.429530007127003e-12,0.0,102.84405420881849,25.084558121778965,174.43681400485372,0.0,302.3654263354536
2026-06-28T17:30:00Z,2026-06-28T17:45:00Z,2026-06-28,2026-06-28_79,0.0,100,98,0,134.23328298136641,122.74135751552791,0.03192201518288475,10.572571428571429,0.0,True,True,True,False,0.0,0.0,102.84405420881849,25.084558121778965,5929.404397349549,0.0,6057.3330096801465
2026-06-28T17:45:00Z,2026-06-28T18:00:00Z,2026-06-28,2026-06-28_80,0.0,100,98,0,122.74135751552791,108.76371776397511,0.038826777087646654,12.859428571428571,0.0,True,True,True,False,0.0,0.0,102.84405420881849,25.084558121778965,8057.233413137731,0.0,8185.1620254683285
2026-06-28T18:00:00Z,2026-06-28T18:15:00Z,2026-06-28,2026-06-28_81,0.0,100,100,0,108.76371776397511,102.23949416149064,0.018122843340234642,6.002285714285714,0.0,True,True,True,False,0.0,0.0,107.65413246802825,25.596487879366293,2259.5414959234313,0.0,2392.7921162708258
2026-06-28T18:15:00Z,2026-06-28T18:30:00Z,2026-06-28,2026-06-28_82,0.0,100,100,0,102.23949416149064,102.03850335403723,0.0007977998619737751,0.2245714285714286,0.04685714285714286,True,True,True,False,0.0,0.0,107.65413246802825,25.596487879366293,36.36462552831784,-3.667002972213891,165.94824290349848
2026-06-28T18:30:00Z,2026-06-28T18:45:00Z,2026-06-28,2026-06-28_83,0.0,100,100,0,102.03850335403723,100.35279503105586,0.004796427881297446,1.5697142857142858,0.022285714285714287,True,True,True,False,0.0,0.0,107.65413246802825,25.596487879366293,469.9528020069261,-1.7440623892236797,601.459359965097
2026-06-28T18:45:00Z,2026-06-28T19:00:00Z,2026-06-28,2026-06-28_84,0.0,100,100,0,100.35279503105586,74.13043478260866,0.07283988957902002,24.124571428571432,0.0,True,True,True,False,0.0,0.0,107.65413246802825,25.596487879366293,26174.71793875604,0.0,26307.968559103432
2026-06-28T19:00:00Z,2026-06-28T19:15:00Z,2026-06-28,2026-06-28_85,8.999999999999996,0,0,91,74.13043478260866,71.68478260869561,0.006793478260869562,0.0,0.0,True,False,True,False,489.26249999999976,905.3970223325063,0.0,0.0,0.0,0.0,1394.659522332506
2026-06-28T19:15:00Z,2026-06-28T19:30:00Z,2026-06-28,2026-06-28_86,9.0,0,0,91,71.68478260869561,69.23913043478257,0.006793478260869565,0.0,0.0,True,False,True,False,475.605,905.3970223325063,0.0,0.0,0.0,0.0,1381.0020223325064
2026-06-28T19:30:00Z,2026-06-28T19:45:00Z,2026-06-28,2026-06-28_87,9.0,0,0,91,69.23913043478257,66.79347826086952,0.006793478260869565,0.0,0.0,True,False,True,False,426.735,905.3970223325063,0.0,0.0,0.0,0.0,1332.1320223325063
2026-06-28T19:45:00Z,2026-06-28T20:00:00Z,2026-06-28,2026-06-28_88,9.0,0,0,91,66.79347826086952,64.34782608695647,0.006793478260869565,0.0,0.0,True,False,True,False,366.2325,905.3970223325063,0.0,0.0,0.0,0.0,1271.6295223325062
2026-06-28T20:00:00Z,2026-06-28T20:15:00Z,2026-06-28,2026-06-28_89,100.0,0,0,0,64.34782608695647,37.173913043478215,0.0754830917874396,0.0,0.0,True,False,True,False,4846.75,0.0,0.0,0.0,0.0,0.0,4846.75
2026-06-28T20:15:00Z,2026-06-28T20:30:00Z,2026-06-28,2026-06-28_90,100.0,0,0,0,37.173913043478215,9.999999999999957,0.0754830917874396,0.0,0.0,True,False,True,False,4458.25,0.0,0.0,0.0,0.0,0.0,4458.25
2026-06-28T20:30:00Z,2026-06-28T20:45:00Z,2026-06-28,2026-06-28_91,0.0,0,0,0,9.999999999999957,9.999999999999957,0.0,0.0,0.0,True,False,True,False,0.0,0.0,0.0,0.0,0.0,0.0,0.0
2026-06-28T20:45:00Z,2026-06-28T21:00:00Z,2026-06-28,2026-06-28_92,0.0,0,0,0,9.999999999999957,9.999999999999957,0.0,0.0,0.0,True,False,True,False,0.0,0.0,0.0,0.0,0.0,0.0,0.0
2026-06-28T21:00:00Z,2026-06-28T21:15:00Z,2026-06-29,2026-06-28_93,0.0,18,100,0,9.999999999999957,10.001530931676974,0.0003812712215320911,0.06243428571428571,0.07542857142857143,True,True,True,False,0.0,0.0,19.171597633136095,25.596487879366293,10.376020560085076,-7.198756578409184,47.94534949417828
2026-06-28T21:15:00Z,2026-06-28T21:30:00Z,2026-06-29,2026-06-28_94,0.0,18,100,0,10.001530931676974,10.065542360248402,0.00027780952380952387,0.016560000000000002,0.08914285714285715,True,True,True,False,0.0,0.0,19.171597633136095,25.596487879366293,2.564065814086658,-6.976249556894719,40.35590176969433
2026-06-28T21:30:00Z,2026-06-28T21:45:00Z,2026-06-29,2026-06-28_95,0.0,18,100,0,10.065542360248402,14.429012173912998,0.012342488612836438,0.036719999999999996,4.786285714285714,True,True,True,False,0.0,0.0,19.171597633136095,25.596487879366293,7.561957976713113,-54.321008262209254,-1.9909647729937534
2026-06-28T21:45:00Z,2026-06-28T22:00:00Z,2026-06-29,2026-06-28_96,0.0,18,100,0,14.429012173912998,29.072783602484428,0.04067714285714286,0.0,15.917142857142858,True,True,True,False,0.0,0.0,19.171597633136095,25.596487879366293,0.0,181.92148883374693,226.68957434624932
2026-06-28T22:00:00Z,2026-06-28T22:15:00Z,2026-06-29,2026-06-29_1,-3.885676574248864,67,0,33,29.072783602484428,28.76710791327352,0.0054841117853901295,1.1133485714285716,0.0,True,True,True,False,-128.95589130788417,328.3307883183814,71.36094674556213,0.0,212.00821696179753,0.0,482.7440607178569
2026-06-28T22:15:00Z,2026-06-28T22:30:00Z,2026-06-29,2026-06-29_2,-46.79732036227544,67,0,33,28.76710791327352,37.066314315528004,0.027677380587250285,2.5394914285714285,0.0,True,True,True,False,-1472.8286651017138,328.3307883183814,71.36094674556213,0.0,516.2394898568429,0.0,-556.8974401809274
2026-06-28T22:30:00Z,2026-06-28T22:45:00Z,2026-06-29,2026-06-29_3,-67.0,67,0,33,37.066314315528004,49.063923915528,0.03332669333333333,3.7091200000000004,0.0,True,True,True,False,-2007.1525,328.3307883183814,71.36094674556213,0.0,847.9604794197367,0.0,-759.5002855163198
2026-06-28T22:45:00Z,2026-06-28T23:00:00Z,2026-06-29,2026-06-29_4,-67.0,67,0,33,49.063923915528,64.34782608695657,0.04245528380952381,0.13706285714285715,0.0,True,True,True,False,-1909.5,328.3307883183814,71.36094674556213,0.0,23.668811589998093,0.0,-1486.1394533460584
2026-06-28T23:00:00Z,2026-06-28T23:15:00Z,2026-06-29,2026-06-29_5,0.0,0,0,100,64.34782608695657,64.34782608695657,0.0,0.0,0.0,True,True,True,False,0.0,994.9417827829739,0.0,0.0,0.0,0.0,994.9417827829739
2026-06-28T23:15:00Z,2026-06-28T23:30:00Z,2026-06-29,2026-06-29_6,0.0,0,0,100,64.34782608695657,64.34782608695657,0.0,0.0,0.0,True,True,True,False,0.0,994.9417827829739,0.0,0.0,0.0,0.0,994.9417827829739
2026-06-28T23:30:00Z,2026-06-28T23:45:00Z,2026-06-29,2026-06-29_7,0.0,0,0,100,64.34782608695657,64.34782608695657,0.0,0.0,0.0,True,True,True,False,0.0,994.9417827829739,0.0,0.0,0.0,0.0,994.9417827829739
2026-06-28T23:45:00Z,2026-06-29T00:00:00Z,2026-06-29,2026-06-29_8,0.0,0,0,100,64.34782608695657,64.34782608695657,0.0,0.0,0.0,True,True,True,False,0.0,994.9417827829739,0.0,0.0,0.0,0.0,994.9417827829739
2026-06-29T00:00:00Z,2026-06-29T00:15:00Z,2026-06-29,2026-06-29_9,-100.00000000000001,100,0,0,64.34782608695657,77.05749465838515,0.03530463492063494,11.185142857142857,0.0,True,True,True,False,-2887.5000000000005,0.0,106.50887573964498,0.0,2548.575044310528,0.0,-232.41607994982746
2026-06-29T00:15:00Z,2026-06-29T00:30:00Z,2026-06-29,2026-06-29_10,-100.0,100,0,0,77.05749465838515,88.89027180124229,0.032868825396825396,12.138285714285715,0.0,True,True,True,False,-2850.0,0.0,106.50887573964498,0.0,2914.6922453030843,0.0,171.20112104272926
2026-06-29T00:30:00Z,2026-06-29T00:45:00Z,2026-06-29,2026-06-29_11,-100.0,100,0,0,88.89027180124229,105.6195518012423,0.04647022222222223,6.816,0.0,True,True,True,False,-2799.25,0.0,106.50887573964498,0.0,1583.453465165108,0.0,-1109.2876590952471
2026-06-29T00:45:00Z,2026-06-29T01:00:00Z,2026-06-29,2026-06-29_12,-99.99013745490856,100,0,0,105.6195518012423,124.4340999751553,0.052265341762294325,4.546857142857143,0.0,True,True,True,False,-2770.476733531879,0.0,106.50887573964498,0.0,990.5717532789793,0.0,-1673.3961045132546
2026-06-29T01:00:00Z,2026-06-29T01:15:00Z,2026-06-29,2026-06-29_13,0.0,0,0,100,124.4340999751553,124.4340999751553,0.0,0.0,0.0,True,True,True,False,0.0,994.9417827829739,0.0,0.0,0.0,0.0,994.9417827829739
2026-06-29T01:15:00Z,2026-06-29T01:30:00Z,2026-06-29,2026-06-29_14,0.0,0,0,100,124.4340999751553,124.4340999751553,0.0,0.0,0.0,True,True,True,False,0.0,994.9417827829739,0.0,0.0,0.0,0.0,994.9417827829739
2026-06-29T01:30:00Z,2026-06-29T01:45:00Z,2026-06-29,2026-06-29_15,0.0,0,0,100,124.4340999751553,124.4340999751553,0.0,0.0,0.0,True,True,True,False,0.0,994.9417827829739,0.0,0.0,0.0,0.0,994.9417827829739
2026-06-29T01:45:00Z,2026-06-29T02:00:00Z,2026-06-29,2026-06-29_16,0.0,0,0,100,124.4340999751553,124.4340999751553,0.0,0.0,0.0,True,True,True,False,0.0,994.9417827829739,0.0,0.0,0.0,0.0,994.9417827829739
2026-06-29T02:00:00Z,2026-06-29T02:15:00Z,2026-06-29,2026-06-29_17,0.0,0,0,100,124.4340999751553,124.4340999751553,0.0,0.0,0.0,True,True,True,False,0.0,994.9417827829739,0.0,0.0,0.0,0.0,994.9417827829739
2026-06-29T02:15:00Z,2026-06-29T02:30:00Z,2026-06-29,2026-06-29_18,0.0,0,0,100,124.4340999751553,124.4340999751553,0.0,0.0,0.0,True,True,True,False,0.0,994.9417827829739,0.0,0.0,0.0,0.0,994.9417827829739
2026-06-29T02:30:00Z,2026-06-29T02:45:00Z,2026-06-29,2026-06-29_19,0.0,0,0,100,124.4340999751553,124.4340999751553,0.0,0.0,0.0,True,True,True,False,0.0,994.9417827829739,0.0,0.0,0.0,0.0,994.9417827829739
2026-06-29T02:45:00Z,2026-06-29T03:00:00Z,2026-06-29,2026-06-29_20,0.0,0,0,100,124.4340999751553,124.4340999751553,0.0,0.0,0.0,True,True,True,False,0.0,994.9417827829739,0.0,0.0,0.0,0.0,994.9417827829739
2026-06-29T03:00:00Z,2026-06-29T03:15:00Z,2026-06-29,2026-06-29_21,0.0,0,0,100,124.4340999751553,124.4340999751553,0.0,0.0,0.0,True,False,True,False,0.0,994.9417827829739,0.0,0.0,0.0,0.0,994.9417827829739
2026-06-29T03:15:00Z,2026-06-29T03:30:00Z,2026-06-29,2026-06-29_22,-6.178632484870436e-14,0,0,100,124.4340999751553,124.43409997515532,3.947459643111668e-17,0.0,0.0,True,False,True,False,-1.9570818395827106e-12,994.9417827829739,0.0,0.0,0.0,0.0,994.9417827829719
2026-06-29T03:30:00Z,2026-06-29T03:45:00Z,2026-06-29,2026-06-29_23,0.0,0,0,100,124.43409997515532,124.43409997515532,0.0,0.0,0.0,True,False,True,False,0.0,994.9417827829739,0.0,0.0,0.0,0.0,994.9417827829739
2026-06-29T03:45:00Z,2026-06-29T04:00:00Z,2026-06-29,2026-06-29_24,-6.178632484870436e-14,0,0,100,124.43409997515532,124.43409997515533,3.947459643111668e-17,0.0,0.0,True,False,True,False,-2.113864638886298e-12,994.9417827829739,0.0,0.0,0.0,0.0,994.9417827829717
2026-06-29T04:00:00Z,2026-06-29T04:15:00Z,2026-06-29,2026-06-29_25,0.0,100,100,0,124.43409997515533,111.47819935403732,0.03598861283643892,11.919428571428572,0.0,True,True,True,False,0.0,0.0,85.49341477381179,25.596487879366293,6738.101431789056,0.0,6849.191334442234
2026-06-29T04:15:00Z,2026-06-29T04:30:00Z,2026-06-29,2026-06-29_26,0.0,100,100,0,111.47819935403732,95.52726767701868,0.04430814354727398,14.674857142857142,0.0,True,True,True,False,0.0,0.0,85.49341477381179,25.596487879366293,5678.455438933275,0.0,5789.545341586453
2026-06-29T04:30:00Z,2026-06-29T04:45:00Z,2026-06-29,2026-06-29_27,0.0,100,100,0,95.52726767701868,95.46208009937894,0.000750600414078675,0.1542857142857143,0.11142857142857143,True,True,True,False,0.0,0.0,85.49341477381179,25.596487879366293,26.207632863414503,-6.763559021623538,130.53397649496904
2026-06-29T04:45:00Z,2026-06-29T05:00:00Z,2026-06-29,2026-06-29_28,0.0,100,100,0,95.46208009937894,95.49345600000005,0.0005495431331953072,0.07657142857142858,0.12457142857142858,True,True,True,False,0.0,0.0,85.49341477381179,25.596487879366293,12.300274098110327,-7.398363482671176,115.99181326861724
2026-06-29T05:00:00Z,2026-06-29T05:15:00Z,2026-06-29,2026-06-29_29,0.0,0,0,100,95.49345600000005,95.49345600000005,0.0,0.0,0.0,True,True,True,False,0.0,994.9417827829739,0.0,0.0,0.0,0.0,994.9417827829739
2026-06-29T05:15:00Z,2026-06-29T05:30:00Z,2026-06-29,2026-06-29_30,0.0,0,0,100,95.49345600000005,95.49345600000005,0.0,0.0,0.0,True,True,True,False,0.0,994.9417827829739,0.0,0.0,0.0,0.0,994.9417827829739
2026-06-29T05:30:00Z,2026-06-29T05:45:00Z,2026-06-29,2026-06-29_31,0.0,0,0,100,95.49345600000005,95.49345600000005,0.0,0.0,0.0,True,True,True,False,0.0,994.9417827829739,0.0,0.0,0.0,0.0,994.9417827829739
2026-06-29T05:45:00Z,2026-06-29T06:00:00Z,2026-06-29,2026-06-29_32,0.0,0,0,100,95.49345600000005,95.49345600000005,0.0,0.0,0.0,True,True,True,False,0.0,994.9417827829739,0.0,0.0,0.0,0.0,994.9417827829739
2026-06-29T06:00:00Z,2026-06-29T06:15:00Z,2026-06-29,2026-06-29_33,0.0,0,0,100,95.49345600000005,95.49345600000005,0.0,0.0,0.0,True,True,True,False,0.0,994.9417827829739,0.0,0.0,0.0,0.0,994.9417827829739
2026-06-29T06:15:00Z,2026-06-29T06:30:00Z,2026-06-29,2026-06-29_34,0.0,0,0,100,95.49345600000005,95.49345600000005,0.0,0.0,0.0,True,True,True,False,0.0,994.9417827829739,0.0,0.0,0.0,0.0,994.9417827829739
2026-06-29T06:30:00Z,2026-06-29T06:45:00Z,2026-06-29,2026-06-29_35,0.0,0,0,100,95.49345600000005,95.49345600000005,0.0,0.0,0.0,True,True,True,False,0.0,994.9417827829739,0.0,0.0,0.0,0.0,994.9417827829739
2026-06-29T06:45:00Z,2026-06-29T07:00:00Z,2026-06-29,2026-06-29_36,0.0,0,0,100,95.49345600000005,95.49345600000005,0.0,0.0,0.0,True,True,True,False,0.0,994.9417827829739,0.0,0.0,0.0,0.0,994.9417827829739
2026-06-29T07:00:00Z,2026-06-29T07:15:00Z,2026-06-29,2026-06-29_37,0.0,0,0,100,95.49345600000005,95.49345600000005,0.0,0.0,0.0,True,True,True,False,0.0,994.9417827829739,0.0,0.0,0.0,0.0,994.9417827829739
2026-06-29T07:15:00Z,2026-06-29T07:30:00Z,2026-06-29,2026-06-29_38,0.0,0,0,100,95.49345600000005,95.49345600000005,0.0,0.0,0.0,True,True,True,False,0.0,994.9417827829739,0.0,0.0,0.0,0.0,994.9417827829739
2026-06-29T07:30:00Z,2026-06-29T07:45:00Z,2026-06-29,2026-06-29_39,0.0,0,0,100,95.49345600000005,95.49345600000005,0.0,0.0,0.0,True,True,True,False,0.0,994.9417827829739,0.0,0.0,0.0,0.0,994.9417827829739
2026-06-29T07:45:00Z,2026-06-29T08:00:00Z,2026-06-29,2026-06-29_40,0.0,0,0,100,95.49345600000005,95.49345600000005,0.0,0.0,0.0,True,True,True,False,0.0,994.9417827829739,0.0,0.0,0.0,0.0,994.9417827829739
2026-06-29T08:00:00Z,2026-06-29T08:15:00Z,2026-06-29,2026-06-29_41,0.0,0,0,100,95.49345600000005,95.49345600000005,0.0,0.0,0.0,True,True,True,False,0.0,994.9417827829739,0.0,0.0,0.0,0.0,994.9417827829739
2026-06-29T08:15:00Z,2026-06-29T08:30:00Z,2026-06-29,2026-06-29_42,0.0,0,0,100,95.49345600000005,95.49345600000005,0.0,0.0,0.0,True,True,True,False,0.0,994.9417827829739,0.0,0.0,0.0,0.0,994.9417827829739
2026-06-29T08:30:00Z,2026-06-29T08:45:00Z,2026-06-29,2026-06-29_43,0.0,0,0,100,95.49345600000005,95.49345600000005,0.0,0.0,0.0,True,True,True,False,0.0,994.9417827829739,0.0,0.0,0.0,0.0,994.9417827829739
2026-06-29T08:45:00Z,2026-06-29T09:00:00Z,2026-06-29,2026-06-29_44,0.0,0,0,100,95.49345600000005,95.49345600000005,0.0,0.0,0.0,True,True,True,False,0.0,994.9417827829739,0.0,0.0,0.0,0.0,994.9417827829739
2026-06-29T09:00:00Z,2026-06-29T09:15:00Z,2026-06-29,2026-06-29_45,0.0,0,0,100,95.49345600000005,95.49345600000005,0.0,0.0,0.0,True,True,True,False,0.0,994.9417827829739,0.0,0.0,0.0,0.0,994.9417827829739
2026-06-29T09:15:00Z,2026-06-29T09:30:00Z,2026-06-29,2026-06-29_46,0.0,0,0,100,95.49345600000005,95.49345600000005,0.0,0.0,0.0,True,True,True,False,0.0,994.9417827829739,0.0,0.0,0.0,0.0,994.9417827829739
2026-06-29T09:30:00Z,2026-06-29T09:45:00Z,2026-06-29,2026-06-29_47,0.0,0,0,100,95.49345600000005,95.49345600000005,0.0,0.0,0.0,True,True,True,False,0.0,994.9417827829739,0.0,0.0,0.0,0.0,994.9417827829739
2026-06-29T09:45:00Z,2026-06-29T10:00:00Z,2026-06-29,2026-06-29_48,0.0,0,0,100,95.49345600000005,95.49345600000005,0.0,0.0,0.0,True,True,True,False,0.0,994.9417827829739,0.0,0.0,0.0,0.0,994.9417827829739
2026-06-29T10:00:00Z,2026-06-29T10:15:00Z,2026-06-29,2026-06-29_49,0.0,5,5,95,95.49345600000005,95.76832571428577,0.0007635269841269843,0.0,0.2987714285714286,True,True,True,False,0.0,945.1946936438252,5.103550295857988,4.651173888146593,0.0,-12.824759294303712,942.124658533526
2026-06-29T10:15:00Z,2026-06-29T10:30:00Z,2026-06-29,2026-06-29_50,0.0,5,5,95,95.76832571428577,95.9570571428572,0.0005242539682539682,0.0,0.20514285714285713,True,True,True,False,0.0,945.1946936438252,5.103550295857988,4.651173888146593,0.0,-12.232215526409073,942.7172023014207
2026-06-29T10:30:00Z,2026-06-29T10:45:00Z,2026-06-29,2026-06-29_51,0.0,5,5,95,95.9570571428572,96.35778285714291,0.0011131269841269842,0.0,0.43557142857142855,True,True,True,False,0.0,945.1946936438252,5.103550295857988,4.651173888146593,0.0,-6.542134867613776,948.407282960216
2026-06-29T10:45:00Z,2026-06-29T11:00:00Z,2026-06-29,2026-06-29_52,0.0,5,5,95,96.35778285714291,97.06539428571433,0.0019655873015873015,0.0,0.7691428571428571,True,True,True,False,0.0,945.1946936438252,5.103550295857988,4.651173888146593,0.0,0.31153295339895837,955.2609507812288
2026-06-29T11:00:00Z,2026-06-29T11:15:00Z,2026-06-29,2026-06-29_53,0.0,0,0,100,97.06539428571433,97.06539428571433,0.0,0.0,0.0,True,True,True,False,0.0,994.9417827829739,0.0,0.0,0.0,0.0,994.9417827829739
2026-06-29T11:15:00Z,2026-06-29T11:30:00Z,2026-06-29,2026-06-29_54,0.0,0,0,100,97.06539428571433,97.06539428571433,0.0,0.0,0.0,True,True,True,False,0.0,994.9417827829739,0.0,0.0,0.0,0.0,994.9417827829739
2026-06-29T11:30:00Z,2026-06-29T11:45:00Z,2026-06-29,2026-06-29_55,0.0,0,0,100,97.06539428571433,97.06539428571433,0.0,0.0,0.0,True,True,True,False,0.0,994.9417827829739,0.0,0.0,0.0,0.0,994.9417827829739
2026-06-29T11:45:00Z,2026-06-29T12:00:00Z,2026-06-29,2026-06-29_56,0.0,0,0,100,97.06539428571433,97.06539428571433,0.0,0.0,0.0,True,True,True,False,0.0,994.9417827829739,0.0,0.0,0.0,0.0,994.9417827829739
2026-06-29T12:00:00Z,2026-06-29T12:15:00Z,2026-06-29,2026-06-29_57,0.0,100,100,0,97.06539428571433,117.37216000000005,0.05640768253968255,0.0,22.07257142857143,True,True,True,False,0.0,0.0,100.95438060698606,93.02347776293186,0.0,2534.507555749461,2728.485414119379
2026-06-29T12:15:00Z,2026-06-29T12:30:00Z,2026-06-29,2026-06-29_58,0.0,100,100,0,117.37216000000005,122.1356571428572,0.013231936507936509,0.0,5.177714285714286,True,True,True,False,0.0,0.0,100.95438060698606,93.02347776293186,0.0,-113.36417157036513,80.6136867995528
2026-06-29T12:30:00Z,2026-06-29T12:45:00Z,2026-06-29,2026-06-29_59,0.0,100,100,0,122.1356571428572,136.42246857142862,0.0396855873015873,0.0,15.529142857142855,True,True,True,False,0.0,0.0,100.95438060698606,93.02347776293186,0.0,61.95057944536852,255.92843781528643
2026-06-29T12:45:00Z,2026-06-29T13:00:00Z,2026-06-29,2026-06-29_60,0.0,100,100,0,136.42246857142862,148.2636571428572,0.03289219047619048,0.0,12.870857142857142,True,True,True,False,0.0,0.0,100.95438060698606,93.02347776293186,0.0,219.89782041283777,413.8756787827557
2026-06-29T13:00:00Z,2026-06-29T13:15:00Z,2026-06-29,2026-06-29_61,0.0,100,100,0,148.2636571428572,165.63798857142862,0.04826203174603174,0.0,18.885142857142856,True,True,True,False,0.0,0.0,101.15480053445313,25.338805115480053,0.0,1380.5295363891692,1507.0231420391024
2026-06-29T13:15:00Z,2026-06-29T13:30:00Z,2026-06-29,2026-06-29_62,0.0,100,100,0,165.63798857142862,166.56237813664603,0.003340695652173914,0.128,1.1560000000000001,True,True,True,False,0.0,0.0,101.15480053445313,25.338805115480053,21.53082649360565,-43.68461996564231,104.33981217789652
2026-06-29T13:30:00Z,2026-06-29T13:45:00Z,2026-06-29,2026-06-29_63,0.0,100,100,0,166.56237813664603,159.956645962733,0.01837262111801242,6.081142857142856,0.004571428571428572,True,True,True,False,0.0,0.0,101.15480053445313,25.338805115480053,1481.143072669266,-0.3490306219834756,1607.2876476972158
2026-06-29T13:45:00Z,2026-06-29T14:00:00Z,2026-06-29,2026-06-29_64,0.0,100,100,0,159.956645962733,144.9200000000001,0.041768461007591434,13.833714285714285,0.0,True,True,True,False,0.0,0.0,101.15480053445313,25.338805115480053,5003.487311864314,0.0,5129.980917514246
2026-06-29T14:00:00Z,2026-06-29T14:15:00Z,2026-06-29,2026-06-29_65,-3.999999999999986,0,0,96,144.9200000000001,145.8400000000001,0.0025555555555555466,0.0,0.0,True,False,True,False,-93.49999999999967,955.1441114716548,0.0,0.0,0.0,0.0,861.6441114716552
2026-06-29T14:15:00Z,2026-06-29T14:30:00Z,2026-06-29,2026-06-29_66,0.0,0,0,96,145.8400000000001,145.8400000000001,0.0,0.0,0.0,True,False,True,False,0.0,955.1441114716548,0.0,0.0,0.0,0.0,955.1441114716548
2026-06-29T14:30:00Z,2026-06-29T14:45:00Z,2026-06-29,2026-06-29_67,0.0,0,0,96,145.8400000000001,145.8400000000001,0.0,0.0,0.0,True,False,True,False,0.0,955.1441114716548,0.0,0.0,0.0,0.0,955.1441114716548
2026-06-29T14:45:00Z,2026-06-29T15:00:00Z,2026-06-29,2026-06-29_68,0.0,0,0,96,145.8400000000001,145.8400000000001,0.0,0.0,0.0,True,False,True,False,0.0,955.1441114716548,0.0,0.0,0.0,0.0,955.1441114716548
2026-06-29T15:00:00Z,2026-06-29T15:15:00Z,2026-06-29,2026-06-29_69,-100.0,100,0,0,145.8400000000001,167.23289142857152,0.05942469841269841,1.7468571428571427,0.0,True,True,True,False,-3698.25,0.0,106.50887573964498,0.0,438.89260556812906,0.0,-3152.8485186922258
2026-06-29T15:15:00Z,2026-06-29T15:30:00Z,2026-06-29,2026-06-29_70,-100.0,100,0,0,167.23289142857152,188.50907428571438,0.059100507936507944,1.8737142857142854,0.0,True,True,True,False,-3796.75,0.0,106.50887573964498,0.0,379.88725612848685,0.0,-3310.3538681318682
2026-06-29T15:30:00Z,2026-06-29T15:45:00Z,2026-06-29,2026-06-29_71,-1.3579615018233266,100,0,0,188.50907428571438,188.36459627329205,0.0021072706132904315,0.42114285714285715,0.0,True,True,True,False,-62.989044262075005,0.0,106.50887573964498,0.0,71.71486488697407,0.0,115.23469636454405
2026-06-29T15:45:00Z,2026-06-29T16:00:00Z,2026-06-29,2026-06-29_72,0.0,100,0,0,188.36459627329205,167.0000000000001,0.05934610075914424,19.655428571428573,0.0,True,True,True,False,0.0,0.0,106.50887573964498,0.0,19011.913066506695,0.0,19118.42194224634
2026-06-29T16:00:00Z,2026-06-29T16:15:00Z,2026-06-29,2026-06-29_73,-100.0,0,0,0,167.0000000000001,190.0000000000001,0.06388888888888888,0.0,0.0,True,False,True,False,-3367.4999999999995,0.0,0.0,0.0,0.0,0.0,-3367.4999999999995
2026-06-29T16:15:00Z,2026-06-29T16:30:00Z,2026-06-29,2026-06-29_74,-3.089316242435218e-14,0,0,0,190.0000000000001,190.0000000000001,1.973729821555834e-17,0.0,0.0,True,False,True,False,-2.425962812278316e-12,0.0,0.0,0.0,0.0,0.0,-2.425962812278316e-12
2026-06-29T16:30:00Z,2026-06-29T16:45:00Z,2026-06-29,2026-06-29_75,0.0,0,0,0,190.0000000000001,190.0000000000001,0.0,0.0,0.0,True,False,True,False,0.0,0.0,0.0,0.0,0.0,0.0,0.0
2026-06-29T16:45:00Z,2026-06-29T17:00:00Z,2026-06-29,2026-06-29_76,100.0,0,0,0,190.0000000000001,162.82608695652186,0.0754830917874396,0.0,0.0,True,False,True,False,20281.0,0.0,0.0,0.0,0.0,0.0,20281.0
2026-06-29T17:00:00Z,2026-06-29T17:15:00Z,2026-06-29,2026-06-29_77,-99.99999999999984,0,0,0,162.82608695652186,185.82608695652183,0.06388888888888879,0.0,0.0,True,False,True,False,-14315.749999999978,0.0,0.0,0.0,0.0,0.0,-14315.749999999978
2026-06-29T17:15:00Z,2026-06-29T17:30:00Z,2026-06-29,2026-06-29_78,99.99999999999984,0,0,0,185.82608695652183,158.6521739130436,0.07548309178743949,0.0,0.0,True,False,True,False,19087.49999999997,0.0,0.0,0.0,0.0,0.0,19087.49999999997
2026-06-29T17:30:00Z,2026-06-29T17:45:00Z,2026-06-29,2026-06-29_79,99.77219291428598,0,0,0,158.6521739130436,131.54016496894417,0.0753111359558318,0.0,0.0,True,False,True,False,19044.017322514337,0.0,0.0,0.0,0.0,0.0,19044.017322514337
2026-06-29T17:45:00Z,2026-06-29T18:00:00Z,2026-06-29,2026-06-29_80,99.99999999999984,0,0,0,131.54016496894417,104.36625192546595,0.07548309178743949,0.0,0.0,True,False,True,False,19202.24999999997,0.0,0.0,0.0,0.0,0.0,19202.24999999997
2026-06-29T18:00:00Z,2026-06-29T18:15:00Z,2026-06-29,2026-06-29_81,0.0,100,100,0,104.36625192546595,104.5192546583852,0.0008045797101449276,0.06285714285714285,0.24057142857142857,True,True,True,False,0.0,0.0,106.85245275815996,25.596487879366293,9.718321380852398,-18.55141384669921,123.61584817167943
2026-06-29T18:15:00Z,2026-06-29T18:30:00Z,2026-06-29,2026-06-29_82,0.0,100,100,0,104.5192546583852,96.81925465838519,0.021388888888888888,7.084,0.0,True,True,True,False,0.0,0.0,106.85245275815996,25.596487879366293,7153.432394731819,0.0,7285.881335369345
2026-06-29T18:30:00Z,2026-06-29T18:45:00Z,2026-06-29,2026-06-29_83,0.0,100,100,0,96.81925465838519,91.01428571428582,0.016124913733609386,5.340571428571429,0.0,True,True,True,False,0.0,0.0,106.85245275815996,25.596487879366293,2830.291843917869,0.0,2962.7407845553953
2026-06-29T18:45:00Z,2026-06-29T19:00:00Z,2026-06-29,2026-06-29_84,0.0,100,100,0,91.01428571428582,64.34782608695663,0.07407349896480331,24.533142857142856,0.0,True,True,True,False,0.0,0.0,106.85245275815996,25.596487879366293,40789.958090584354,0.0,40922.40703122188
2026-06-29T19:00:00Z,2026-06-29T19:15:00Z,2026-06-29,2026-06-29_85,100.0,0,0,0,64.34782608695663,37.17391304347837,0.0754830917874396,0.0,0.0,True,False,True,False,19202.25,0.0,0.0,0.0,0.0,0.0,19202.25
2026-06-29T19:15:00Z,2026-06-29T19:30:00Z,2026-06-29,2026-06-29_86,100.0,0,0,0,37.17391304347837,10.000000000000114,0.0754830917874396,0.0,0.0,True,False,True,False,19088.0,0.0,0.0,0.0,0.0,0.0,19088.0
2026-06-29T19:30:00Z,2026-06-29T19:45:00Z,2026-06-29,2026-06-29_87,0.0,0,0,0,10.000000000000114,10.000000000000114,0.0,0.0,0.0,True,False,True,False,0.0,0.0,0.0,0.0,0.0,0.0,0.0
2026-06-29T19:45:00Z,2026-06-29T20:00:00Z,2026-06-29,2026-06-29_88,0.0,0,0,0,10.000000000000114,10.000000000000114,0.0,0.0,0.0,True,False,True,False,0.0,0.0,0.0,0.0,0.0,0.0,0.0
2026-06-29T20:00:00Z,2026-06-29T20:15:00Z,2026-06-29,2026-06-29_89,0.04295551827245642,83,100,0,10.000000000000114,10.000000000000114,0.0006831350011436924,0.10244571428571428,0.13371428571428573,True,True,True,False,6.1494046070891795,0.0,89.21034548577973,25.596487879366293,16.757060542633543,-10.31123714994683,127.4020613649219
2026-06-29T20:15:00Z,2026-06-29T20:30:00Z,2026-06-29,2026-06-29_90,16.703822566857827,83,100,0,10.000000000000114,10.000000000000112,0.020391538873175553,0.0009485714285714286,4.789714285714285,True,True,True,False,1638.143879131747,0.0,89.21034548577973,25.596487879366293,0.14484770812314238,10.201113189539987,1763.2966733945561
2026-06-29T20:30:00Z,2026-06-29T20:45:00Z,2026-06-29,2026-06-29_91,0.0,83,100,0,10.000000000000112,18.448228571428686,0.02346730158730159,0.0,9.182857142857143,True,True,True,False,0.0,0.0,89.21034548577973,25.596487879366293,0.0,-142.02667139312302,-27.219838027977005
2026-06-29T20:45:00Z,2026-06-29T21:00:00Z,2026-06-29,2026-06-29_92,0.0,83,100,0,18.448228571428686,24.65165714285726,0.017231746031746036,0.0,6.742857142857144,True,True,True,False,0.0,0.0,89.21034548577973,25.596487879366293,0.0,-220.7046928257847,-105.89785946063867
2026-06-29T21:00:00Z,2026-06-29T21:15:00Z,2026-06-30,2026-06-29_93,36.342281142857686,62,0,1,24.65165714285726,10.543478260869534,0.039189385783299224,3.8939542857142855,0.0,True,True,True,False,2601.380484205753,9.941827198168985,65.68357810413885,0.0,936.0797246963298,0.0,3613.0856142043904
2026-06-29T21:15:00Z,2026-06-29T21:30:00Z,2026-06-30,2026-06-29_94,-71.67228992708615,62,0,1,10.543478260869534,22.308778315527924,0.03268138904071775,5.129702857142857,0.0,True,True,True,False,-4104.134501949771,9.941827198168985,65.68357810413885,0.0,1255.747932899921,0.0,-2772.7611637475425
2026-06-29T21:30:00Z,2026-06-29T21:45:00Z,2026-06-30,2026-06-29_95,-99.00000000000004,62,0,1,22.308778315527924,43.11595042981365,0.05779770031746035,2.1335085714285715,0.0,True,True,True,False,-4119.390000000002,9.941827198168985,65.68357810413885,0.0,421.07149788398135,0.0,-3622.693096813713
2026-06-29T21:45:00Z,2026-06-29T22:00:00Z,2026-06-30,2026-06-29_96,-99.00000000000004,62,0,1,43.11595042981365,64.34782608695652,0.05897743238095242,1.6718742857142859,0.0,True,True,True,False,-3946.635000000002,9.941827198168985,65.68357810413885,0.0,317.39846133456854,0.0,-3553.6111333631256
2026-06-29T22:00:00Z,2026-06-29T22:15:00Z,2026-06-30,2026-06-30_1,0.0,0,0,100,64.34782608695652,64.34782608695652,0.0,0.0,0.0,True,True,True,False,0.0,994.1827198168986,0.0,0.0,0.0,0.0,994.1827198168986
2026-06-29T22:15:00Z,2026-06-29T22:30:00Z,2026-06-30,2026-06-30_2,0.0,0,0,100,64.34782608695652,64.34782608695652,0.0,0.0,0.0,True,True,True,False,0.0,994.1827198168986,0.0,0.0,0.0,0.0,994.1827198168986
2026-06-29T22:30:00Z,2026-06-29T22:45:00Z,2026-06-30,2026-06-30_3,6.178632484870435e-14,0,0,100,64.34782608695652,64.3478260869565,4.6638228297633103e-17,0.0,0.0,True,True,True,False,2.8038634216342034e-12,994.1827198168986,0.0,0.0,0.0,0.0,994.1827198169015
2026-06-29T22:45:00Z,2026-06-29T23:00:00Z,2026-06-30,2026-06-30_4,0.0,0,0,100,64.3478260869565,64.3478260869565,0.0,0.0,0.0,True,True,True,False,0.0,994.1827198168986,0.0,0.0,0.0,0.0,994.1827198168986
2026-06-29T23:00:00Z,2026-06-29T23:15:00Z,2026-06-30,2026-06-30_5,0.0,0,0,100,64.3478260869565,64.3478260869565,0.0,0.0,0.0,True,True,True,False,0.0,994.1827198168986,0.0,0.0,0.0,0.0,994.1827198168986
2026-06-29T23:15:00Z,2026-06-29T23:30:00Z,2026-06-30,2026-06-30_6,0.0,0,0,100,64.3478260869565,64.3478260869565,0.0,0.0,0.0,True,True,True,False,0.0,994.1827198168986,0.0,0.0,0.0,0.0,994.1827198168986
2026-06-29T23:30:00Z,2026-06-29T23:45:00Z,2026-06-30,2026-06-30_7,0.0,0,0,100,64.3478260869565,64.3478260869565,0.0,0.0,0.0,True,True,True,False,0.0,994.1827198168986,0.0,0.0,0.0,0.0,994.1827198168986
2026-06-29T23:45:00Z,2026-06-30T00:00:00Z,2026-06-30,2026-06-30_8,0.0,0,0,100,64.3478260869565,64.3478260869565,0.0,0.0,0.0,True,True,True,False,0.0,994.1827198168986,0.0,0.0,0.0,0.0,994.1827198168986
2026-06-30T00:00:00Z,2026-06-30T00:15:00Z,2026-06-30,2026-06-30_9,0.0,0,0,100,64.3478260869565,64.3478260869565,0.0,0.0,0.0,True,True,True,False,0.0,994.1827198168986,0.0,0.0,0.0,0.0,994.1827198168986
2026-06-30T00:15:00Z,2026-06-30T00:30:00Z,2026-06-30,2026-06-30_10,0.0,0,0,100,64.3478260869565,64.3478260869565,0.0,0.0,0.0,True,True,True,False,0.0,994.1827198168986,0.0,0.0,0.0,0.0,994.1827198168986
2026-06-30T00:30:00Z,2026-06-30T00:45:00Z,2026-06-30,2026-06-30_11,0.0,0,0,100,64.3478260869565,64.3478260869565,0.0,0.0,0.0,True,True,True,False,0.0,994.1827198168986,0.0,0.0,0.0,0.0,994.1827198168986
2026-06-30T00:45:00Z,2026-06-30T01:00:00Z,2026-06-30,2026-06-30_12,0.0,0,0,100,64.3478260869565,64.3478260869565,0.0,0.0,0.0,True,True,True,False,0.0,994.1827198168986,0.0,0.0,0.0,0.0,994.1827198168986
2026-06-30T01:00:00Z,2026-06-30T01:15:00Z,2026-06-30,2026-06-30_13,0.0,0,0,100,64.3478260869565,64.3478260869565,0.0,0.0,0.0,True,True,True,False,0.0,994.1827198168986,0.0,0.0,0.0,0.0,994.1827198168986
2026-06-30T01:15:00Z,2026-06-30T01:30:00Z,2026-06-30,2026-06-30_14,0.0,0,0,100,64.3478260869565,64.3478260869565,0.0,0.0,0.0,True,True,True,False,0.0,994.1827198168986,0.0,0.0,0.0,0.0,994.1827198168986
2026-06-30T01:30:00Z,2026-06-30T01:45:00Z,2026-06-30,2026-06-30_15,0.0,0,0,100,64.3478260869565,64.3478260869565,0.0,0.0,0.0,True,True,True,False,0.0,994.1827198168986,0.0,0.0,0.0,0.0,994.1827198168986
2026-06-30T01:45:00Z,2026-06-30T02:00:00Z,2026-06-30,2026-06-30_16,0.0,0,0,100,64.3478260869565,64.3478260869565,0.0,0.0,0.0,True,True,True,False,0.0,994.1827198168986,0.0,0.0,0.0,0.0,994.1827198168986
2026-06-30T02:00:00Z,2026-06-30T02:15:00Z,2026-06-30,2026-06-30_17,0.0,0,0,100,64.3478260869565,64.3478260869565,0.0,0.0,0.0,True,True,True,False,0.0,994.1827198168986,0.0,0.0,0.0,0.0,994.1827198168986
2026-06-30T02:15:00Z,2026-06-30T02:30:00Z,2026-06-30,2026-06-30_18,0.0,0,0,100,64.3478260869565,64.3478260869565,0.0,0.0,0.0,True,True,True,False,0.0,994.1827198168986,0.0,0.0,0.0,0.0,994.1827198168986
2026-06-30T02:30:00Z,2026-06-30T02:45:00Z,2026-06-30,2026-06-30_19,0.0,0,0,100,64.3478260869565,64.3478260869565,0.0,0.0,0.0,True,True,True,False,0.0,994.1827198168986,0.0,0.0,0.0,0.0,994.1827198168986
2026-06-30T02:45:00Z,2026-06-30T03:00:00Z,2026-06-30,2026-06-30_20,0.0,0,0,100,64.3478260869565,64.3478260869565,0.0,0.0,0.0,True,True,True,False,0.0,994.1827198168986,0.0,0.0,0.0,0.0,994.1827198168986
2026-06-30T03:00:00Z,2026-06-30T03:15:00Z,2026-06-30,2026-06-30_21,0.0,0,0,100,64.3478260869565,64.3478260869565,0.0,0.0,0.0,True,True,True,False,0.0,994.1827198168986,0.0,0.0,0.0,0.0,994.1827198168986
2026-06-30T03:15:00Z,2026-06-30T03:30:00Z,2026-06-30,2026-06-30_22,0.0,0,0,100,64.3478260869565,64.3478260869565,0.0,0.0,0.0,True,True,True,False,0.0,994.1827198168986,0.0,0.0,0.0,0.0,994.1827198168986
2026-06-30T03:30:00Z,2026-06-30T03:45:00Z,2026-06-30,2026-06-30_23,0.0,0,0,100,64.3478260869565,64.3478260869565,0.0,0.0,0.0,True,True,True,False,0.0,994.1827198168986,0.0,0.0,0.0,0.0,994.1827198168986
2026-06-30T03:45:00Z,2026-06-30T04:00:00Z,2026-06-30,2026-06-30_24,0.0,0,0,100,64.3478260869565,64.3478260869565,0.0,0.0,0.0,True,True,True,False,0.0,994.1827198168986,0.0,0.0,0.0,0.0,994.1827198168986
2026-06-30T04:00:00Z,2026-06-30T04:15:00Z,2026-06-30,2026-06-30_25,0.0,0,0,100,64.3478260869565,64.3478260869565,0.0,0.0,0.0,True,True,True,False,0.0,994.1827198168986,0.0,0.0,0.0,0.0,994.1827198168986
2026-06-30T04:15:00Z,2026-06-30T04:30:00Z,2026-06-30,2026-06-30_26,0.0,0,0,100,64.3478260869565,64.3478260869565,0.0,0.0,0.0,True,True,True,False,0.0,994.1827198168986,0.0,0.0,0.0,0.0,994.1827198168986
2026-06-30T04:30:00Z,2026-06-30T04:45:00Z,2026-06-30,2026-06-30_27,0.0,0,0,100,64.3478260869565,64.3478260869565,0.0,0.0,0.0,True,True,True,False,0.0,994.1827198168986,0.0,0.0,0.0,0.0,994.1827198168986
2026-06-30T04:45:00Z,2026-06-30T05:00:00Z,2026-06-30,2026-06-30_28,0.0,0,0,100,64.3478260869565,64.3478260869565,0.0,0.0,0.0,True,True,True,False,0.0,994.1827198168986,0.0,0.0,0.0,0.0,994.1827198168986
2026-06-30T05:00:00Z,2026-06-30T05:15:00Z,2026-06-30,2026-06-30_29,0.0,0,0,100,64.3478260869565,64.3478260869565,0.0,0.0,0.0,True,True,True,False,0.0,994.1827198168986,0.0,0.0,0.0,0.0,994.1827198168986
2026-06-30T05:15:00Z,2026-06-30T05:30:00Z,2026-06-30,2026-06-30_30,0.0,0,0,100,64.3478260869565,64.3478260869565,0.0,0.0,0.0,True,True,True,False,0.0,994.1827198168986,0.0,0.0,0.0,0.0,994.1827198168986
2026-06-30T05:30:00Z,2026-06-30T05:45:00Z,2026-06-30,2026-06-30_31,0.0,0,0,100,64.3478260869565,64.3478260869565,0.0,0.0,0.0,True,True,True,False,0.0,994.1827198168986,0.0,0.0,0.0,0.0,994.1827198168986
2026-06-30T05:45:00Z,2026-06-30T06:00:00Z,2026-06-30,2026-06-30_32,0.0,0,0,100,64.3478260869565,64.3478260869565,0.0,0.0,0.0,True,True,True,False,0.0,994.1827198168986,0.0,0.0,0.0,0.0,994.1827198168986
2026-06-30T06:00:00Z,2026-06-30T06:15:00Z,2026-06-30,2026-06-30_33,0.0,0,0,100,64.3478260869565,64.3478260869565,0.0,0.0,0.0,True,True,True,False,0.0,994.1827198168986,0.0,0.0,0.0,0.0,994.1827198168986
2026-06-30T06:15:00Z,2026-06-30T06:30:00Z,2026-06-30,2026-06-30_34,0.0,0,0,100,64.3478260869565,64.3478260869565,0.0,0.0,0.0,True,True,True,False,0.0,994.1827198168986,0.0,0.0,0.0,0.0,994.1827198168986
2026-06-30T06:30:00Z,2026-06-30T06:45:00Z,2026-06-30,2026-06-30_35,0.0,0,0,100,64.3478260869565,64.3478260869565,0.0,0.0,0.0,True,True,True,False,0.0,994.1827198168986,0.0,0.0,0.0,0.0,994.1827198168986
2026-06-30T06:45:00Z,2026-06-30T07:00:00Z,2026-06-30,2026-06-30_36,0.0,0,0,100,64.3478260869565,64.3478260869565,0.0,0.0,0.0,True,True,True,False,0.0,994.1827198168986,0.0,0.0,0.0,0.0,994.1827198168986
2026-06-30T07:00:00Z,2026-06-30T07:15:00Z,2026-06-30,2026-06-30_37,0.0,0,0,100,64.3478260869565,64.3478260869565,0.0,0.0,0.0,True,True,True,False,0.0,994.1827198168986,0.0,0.0,0.0,0.0,994.1827198168986
2026-06-30T07:15:00Z,2026-06-30T07:30:00Z,2026-06-30,2026-06-30_38,0.0,0,0,100,64.3478260869565,64.3478260869565,0.0,0.0,0.0,True,True,True,False,0.0,994.1827198168986,0.0,0.0,0.0,0.0,994.1827198168986
2026-06-30T07:30:00Z,2026-06-30T07:45:00Z,2026-06-30,2026-06-30_39,0.0,0,0,100,64.3478260869565,64.3478260869565,0.0,0.0,0.0,True,True,True,False,0.0,994.1827198168986,0.0,0.0,0.0,0.0,994.1827198168986
2026-06-30T07:45:00Z,2026-06-30T08:00:00Z,2026-06-30,2026-06-30_40,0.0,0,0,100,64.3478260869565,64.3478260869565,0.0,0.0,0.0,True,True,True,False,0.0,994.1827198168986,0.0,0.0,0.0,0.0,994.1827198168986
2026-06-30T08:00:00Z,2026-06-30T08:15:00Z,2026-06-30,2026-06-30_41,0.0,0,0,100,64.3478260869565,64.3478260869565,0.0,0.0,0.0,True,False,True,False,0.0,994.1827198168986,0.0,0.0,0.0,0.0,994.1827198168986
2026-06-30T08:15:00Z,2026-06-30T08:30:00Z,2026-06-30,2026-06-30_42,0.0,0,0,100,64.3478260869565,64.3478260869565,0.0,0.0,0.0,True,False,True,False,0.0,994.1827198168986,0.0,0.0,0.0,0.0,994.1827198168986
2026-06-30T08:30:00Z,2026-06-30T08:45:00Z,2026-06-30,2026-06-30_43,0.0,0,0,100,64.3478260869565,64.3478260869565,0.0,0.0,0.0,True,False,True,False,0.0,994.1827198168986,0.0,0.0,0.0,0.0,994.1827198168986
2026-06-30T08:45:00Z,2026-06-30T09:00:00Z,2026-06-30,2026-06-30_44,0.0,0,0,100,64.3478260869565,64.3478260869565,0.0,0.0,0.0,True,False,True,False,0.0,994.1827198168986,0.0,0.0,0.0,0.0,994.1827198168986
2026-06-30T09:00:00Z,2026-06-30T09:15:00Z,2026-06-30,2026-06-30_45,-30.999999999999943,100,69,0,64.3478260869565,81.36077237267077,0.04739389841269838,0.03257142857142857,10.778982857142857,True,True,True,False,-932.7899999999983,0.0,101.0490177379363,55.194735838260534,5.584915942344894,110.10475031416036,-660.8565801672962
2026-06-30T09:15:00Z,2026-06-30T09:30:00Z,2026-06-30,2026-06-30_46,-30.999999999999943,100,69,0,81.36077237267077,95.49487934409933,0.03926617015873013,0.001142857142857143,7.614445714285715,True,True,True,False,-849.4774999999985,0.0,101.0490177379363,55.194735838260534,0.19596196288929457,-53.911088949074966,-746.9488734099873
2026-06-30T09:30:00Z,2026-06-30T09:45:00Z,2026-06-30,2026-06-30_47,-30.999999999999943,100,69,0,95.49487934409933,79.46479340124218,0.04869103111111114,22.372571428571426,0.0,True,True,True,False,-780.1149999999985,0.0,101.0490177379363,55.194735838260534,11845.130846570937,0.0,11221.259600147136
2026-06-30T09:45:00Z,2026-06-30T10:00:00Z,2026-06-30,2026-06-30_48,-30.999999999999943,100,69,0,79.46479340124218,64.74793260124217,0.047053164444444476,21.104,0.0,True,True,True,False,-707.9624999999986,0.0,101.0490177379363,55.194735838260534,6097.2768720198355,0.0,5545.558125596034
2026-06-30T10:00:00Z,2026-06-30T10:15:00Z,2026-06-30,2026-06-30_49,0.0,0,0,100,64.74793260124217,64.74793260124217,0.0,0.0,0.0,True,True,True,False,0.0,994.1827198168986,0.0,0.0,0.0,0.0,994.1827198168986
2026-06-30T10:15:00Z,2026-06-30T10:30:00Z,2026-06-30,2026-06-30_50,0.0,0,0,100,64.74793260124217,64.74793260124217,0.0,0.0,0.0,True,True,True,False,0.0,994.1827198168986,0.0,0.0,0.0,0.0,994.1827198168986
2026-06-30T10:30:00Z,2026-06-30T10:45:00Z,2026-06-30,2026-06-30_51,0.0,0,0,100,64.74793260124217,64.74793260124217,0.0,0.0,0.0,True,True,True,False,0.0,994.1827198168986,0.0,0.0,0.0,0.0,994.1827198168986
2026-06-30T10:45:00Z,2026-06-30T11:00:00Z,2026-06-30,2026-06-30_52,0.0,0,0,100,64.74793260124217,64.74793260124217,0.0,0.0,0.0,True,True,True,False,0.0,994.1827198168986,0.0,0.0,0.0,0.0,994.1827198168986
2026-06-30T11:00:00Z,2026-06-30T11:15:00Z,2026-06-30,2026-06-30_53,-99.0,99,0,1,64.74793260124217,78.62019728695645,0.038534068571428576,9.671451428571428,0.0,True,True,True,False,-2473.2675000000004,9.941827198168985,100.01020408163265,0.0,1796.7077557123782,0.0,-566.6077130078205
2026-06-30T11:15:00Z,2026-06-30T11:30:00Z,2026-06-30,2026-06-30_54,-99.0,99,0,1,78.62019728695645,98.45846220124217,0.05510629142857143,3.186668571428571,0.0,True,True,True,False,-2528.7075,9.941827198168985,100.01020408163265,0.0,562.6886013231247,0.0,-1856.0668673970738
2026-06-30T11:30:00Z,2026-06-30T11:45:00Z,2026-06-30,2026-06-30_55,-99.0,99,0,1,98.45846220124217,121.10199111552788,0.06289869142857143,0.1374685714285714,0.0,True,True,True,False,-2511.3825,9.941827198168985,100.01020408163265,0.0,23.597504155200127,0.0,-2377.8329645649983
2026-06-30T11:45:00Z,2026-06-30T12:00:00Z,2026-06-30,2026-06-30_56,-99.0,99,0,1,121.10199111552788,143.80797488695646,0.06307217714285715,0.06958285714285714,0.0,True,True,True,False,-2451.2400000000002,9.941827198168985,100.01020408163265,0.0,11.944415683496363,0.0,-2329.3435530367024
2026-06-30T12:00:00Z,2026-06-30T12:15:00Z,2026-06-30,2026-06-30_57,0.0,0,0,100,143.80797488695646,143.80797488695646,0.0,0.0,0.0,True,True,True,False,0.0,994.1827198168986,0.0,0.0,0.0,0.0,994.1827198168986
2026-06-30T12:15:00Z,2026-06-30T12:30:00Z,2026-06-30,2026-06-30_58,-2.471452993948174e-13,0,0,100,143.80797488695646,143.80797488695652,1.578983857244667e-16,0.0,0.0,True,True,True,False,-6.749538126472462e-12,994.1827198168986,0.0,0.0,0.0,0.0,994.1827198168919
2026-06-30T12:30:00Z,2026-06-30T12:45:00Z,2026-06-30,2026-06-30_59,0.0,0,0,100,143.80797488695652,143.80797488695652,0.0,0.0,0.0,True,True,True,False,0.0,994.1827198168986,0.0,0.0,0.0,0.0,994.1827198168986
2026-06-30T12:45:00Z,2026-06-30T13:00:00Z,2026-06-30,2026-06-30_60,0.0,0,0,100,143.80797488695652,143.80797488695652,0.0,0.0,0.0,True,True,True,False,0.0,994.1827198168986,0.0,0.0,0.0,0.0,994.1827198168986
2026-06-30T13:00:00Z,2026-06-30T13:15:00Z,2026-06-30,2026-06-30_61,-99.99999999999999,100,0,0,143.80797488695652,165.48527774409936,0.06021473015873015,1.4377142857142857,0.0,True,True,True,False,-2853.7499999999995,0.0,100.82014114056837,0.0,275.83191607858095,0.0,-2477.09794278085
2026-06-30T13:15:00Z,2026-06-30T13:30:00Z,2026-06-30,2026-06-30_62,-100.0,100,0,0,165.48527774409936,187.56527774409935,0.06133333333333333,1.0,0.0,True,True,True,False,-3396.25,0.0,100.82014114056837,0.0,179.5437726492466,0.0,-3115.886086210185
2026-06-30T13:30:00Z,2026-06-30T13:45:00Z,2026-06-30,2026-06-30_63,-38.727627086774795,100,0,0,187.56527774409935,186.81921590062112,0.03286639006180295,9.442857142857141,0.0,True,True,True,False,-1471.0689148911406,0.0,100.82014114056837,0.0,3870.847410152311,0.0,2500.598636401739
2026-06-30T13:45:00Z,2026-06-30T14:00:00Z,2026-06-30,2026-06-30_64,0.0,100,0,0,186.81921590062112,164.73101714285716,0.06135610766045548,20.321142857142856,0.0,True,True,True,False,0.0,0.0,100.82014114056837,0.0,13128.760575243181,0.0,13229.580716383749
2026-06-30T14:00:00Z,2026-06-30T14:15:00Z,2026-06-30,2026-06-30_65,-100.0,100,0,0,164.73101714285716,180.27060571428572,0.0431655238095238,8.109142857142858,0.0,True,True,True,False,-3421.5000000000005,0.0,105.96986458134654,0.0,2299.245918857797,0.0,-1016.2842165608571
2026-06-30T14:15:00Z,2026-06-30T14:30:00Z,2026-06-30,2026-06-30_66,-100.0,100,0,0,180.27060571428572,190.0,0.02702609523809524,14.424571428571427,0.0,True,True,True,False,-3546.75,0.0,105.96986458134654,0.0,4738.140194000163,0.0,1297.3600585815097
2026-06-30T14:30:00Z,2026-06-30T14:45:00Z,2026-06-30,2026-06-30_67,-42.15329433172811,100,0,0,190.0,190.0,0.03331475216022975,9.537142857142857,0.0,True,True,True,False,-2004.5999119453304,0.0,105.96986458134654,0.0,4914.280708427563,0.0,3015.650661063579
2026-06-30T14:45:00Z,2026-06-30T15:00:00Z,2026-06-30,2026-06-30_68,0.0,100,0,0,190.0,165.91925465838509,0.06689095928226363,22.154285714285717,0.0,True,True,True,False,0.0,0.0,105.96986458134654,0.0,13111.310243317621,0.0,13217.280107898967
2026-06-30T15:00:00Z,2026-06-30T15:15:00Z,2026-06-30,2026-06-30_69,-99.99999999999993,0,0,0,165.91925465838509,188.91925465838506,0.06388888888888886,0.0,0.0,True,False,True,False,-3320.9999999999977,0.0,0.0,0.0,0.0,0.0,-3320.9999999999977
2026-06-30T15:15:00Z,2026-06-30T15:30:00Z,2026-06-30,2026-06-30_70,-4.698892789630008,0,0,0,188.91925465838506,189.99999999999997,0.0030020703933747277,0.0,0.0,True,False,True,False,-225.7348096138256,0.0,0.0,0.0,0.0,0.0,-225.7348096138256
2026-06-30T15:30:00Z,2026-06-30T15:45:00Z,2026-06-30,2026-06-30_71,0.0,0,0,0,189.99999999999997,189.99999999999997,0.0,0.0,0.0,True,False,True,False,0.0,0.0,0.0,0.0,0.0,0.0,0.0
2026-06-30T15:45:00Z,2026-06-30T16:00:00Z,2026-06-30,2026-06-30_72,0.0,0,0,0,189.99999999999997,189.99999999999997,0.0,0.0,0.0,True,False,True,False,0.0,0.0,0.0,0.0,0.0,0.0,0.0
2026-06-30T16:00:00Z,2026-06-30T16:15:00Z,2026-06-30,2026-06-30_73,0.0,0,0,0,189.99999999999997,189.99999999999997,0.0,0.0,0.0,True,False,True,False,0.0,0.0,0.0,0.0,0.0,0.0,0.0
2026-06-30T16:15:00Z,2026-06-30T16:30:00Z,2026-06-30,2026-06-30_74,0.5005714285715481,0,0,0,189.99999999999997,189.86397515527943,0.0003778467908903593,0.0,0.0,True,False,True,False,111.01422857145509,0.0,0.0,0.0,0.0,0.0,111.01422857145509
2026-06-30T16:30:00Z,2026-06-30T16:45:00Z,2026-06-30,2026-06-30_75,100.0,0,0,0,189.86397515527943,162.69006211180118,0.0754830917874396,0.0,0.0,True,False,True,False,24231.75,0.0,0.0,0.0,0.0,0.0,24231.75
2026-06-30T16:45:00Z,2026-06-30T17:00:00Z,2026-06-30,2026-06-30_76,100.0,0,0,0,162.69006211180118,135.51614906832293,0.0754830917874396,0.0,0.0,True,False,True,False,25391.25,0.0,0.0,0.0,0.0,0.0,25391.25
2026-06-30T17:00:00Z,2026-06-30T17:15:00Z,2026-06-30,2026-06-30_77,100.0,0,100,0,135.51614906832293,125.36024844720492,0.028210835058661142,0.0,15.656571428571429,True,True,True,False,23843.5,0.0,0.0,30.98416936868205,0.0,-176.81802544889786,23697.666143919785
2026-06-30T17:15:00Z,2026-06-30T17:30:00Z,2026-06-30,2026-06-30_78,100.0,0,100,0,125.36024844720492,117.01552795031051,0.023179779158040023,0.0,17.322857142857142,True,True,True,False,23864.75,0.0,0.0,30.98416936868205,0.0,83.49861638647447,23979.232785755157
2026-06-30T17:30:00Z,2026-06-30T17:45:00Z,2026-06-30,2026-06-30_79,100.0,0,100,0,117.01552795031051,96.81428571428567,0.056114561766735675,0.0,6.414857142857143,True,True,True,False,23864.75,0.0,0.0,30.98416936868205,0.0,-203.63592665049998,23692.09824271818
2026-06-30T17:45:00Z,2026-06-30T18:00:00Z,2026-06-30,2026-06-30_80,100.0,0,100,0,96.81428571428567,71.45341614906829,0.07044685990338163,0.0,1.6680000000000001,True,True,True,False,23864.75,0.0,0.0,30.98416936868205,0.0,-130.43677283997712,23765.297396528706
2026-06-30T18:00:00Z,2026-06-30T18:15:00Z,2026-06-30,2026-06-30_81,7.000000000000028,0,0,93,71.45341614906829,69.5512422360248,0.005283816425120794,0.0,0.0,True,False,True,False,1670.5325000000068,924.5899294297157,0.0,0.0,0.0,0.0,2595.1224294297226
2026-06-30T18:15:00Z,2026-06-30T18:30:00Z,2026-06-30,2026-06-30_82,7.000000000000028,0,0,93,69.5512422360248,67.64906832298132,0.005283816425120794,0.0,0.0,True,False,True,False,1670.5325000000068,924.5899294297157,0.0,0.0,0.0,0.0,2595.1224294297226
2026-06-30T18:30:00Z,2026-06-30T18:45:00Z,2026-06-30,2026-06-30_83,7.000000000000028,0,0,93,67.64906832298132,65.74689440993784,0.005283816425120794,0.0,0.0,True,False,True,False,1670.5325000000068,924.5899294297157,0.0,0.0,0.0,0.0,2595.1224294297226
2026-06-30T18:45:00Z,2026-06-30T19:00:00Z,2026-06-30,2026-06-30_84,7.000000000000028,0,0,93,65.74689440993784,63.844720496894354,0.005283816425120794,0.0,0.0,True,False,True,False,1670.5325000000068,924.5899294297157,0.0,0.0,0.0,0.0,2595.1224294297226
2026-06-30T19:00:00Z,2026-06-30T19:15:00Z,2026-06-30,2026-06-30_85,100.00000000000006,0,100,0,63.844720496894354,36.97763975155272,0.0746307798481712,0.0,0.2822857142857143,True,True,True,False,23847.250000000015,0.0,0.0,30.98416936868205,0.0,-22.128443366665756,23856.10572600203
2026-06-30T19:15:00Z,2026-06-30T19:30:00Z,2026-06-30,2026-06-30_86,99.99999999999993,0,100,0,36.97763975155272,9.999999999999947,0.07493788819875771,0.0,0.18057142857142858,True,True,True,False,23787.24999999998,0.0,0.0,30.98416936868205,0.0,-14.155036647502792,23804.079132721163
2026-06-30T19:30:00Z,2026-06-30T19:45:00Z,2026-06-30,2026-06-30_87,0.31746187409355453,0,100,0,9.999999999999947,9.999999999999947,0.00047746353499798983,0.0,0.09371428571428572,True,True,True,False,69.98288283455362,0.0,0.0,30.98416936868205,0.0,-7.41778153183837,93.5492706713973
2026-06-30T19:45:00Z,2026-06-30T20:00:00Z,2026-06-30,2026-06-30_88,0.0,0,100,0,9.999999999999947,11.29693714285709,0.003602603174603175,0.0,1.409714285714286,True,True,True,False,0.0,0.0,0.0,30.98416936868205,0.0,-110.79633699354241,-79.81216762486036
2026-06-30T20:00:00Z,2026-06-30T20:15:00Z,2026-06-30,2026-06-30_89,9.710494151011222,90,99,0,11.29693714285709,9.999999999999947,0.010208212471436492,0.0,1.4329542857142856,True,True,True,False,1860.9190990997904,0.0,95.96509631890139,30.67432767499523,0.0,-113.03065786218357,1874.5278652315035
2026-06-30T20:15:00Z,2026-06-30T20:30:00Z,2026-06-30,2026-06-30_90,0.5920079758351483,90,99,0,9.999999999999947,9.999999999999948,0.001235879417293952,0.058114285714285716,0.24325714285714284,True,True,True,False,71.72176627242823,0.0,95.96509631890139,30.67432767499523,8.867333315168523,-19.254570720143864,187.97395286134952
2026-06-30T20:30:00Z,2026-06-30T20:45:00Z,2026-06-30,2026-06-30_91,-0.8076701371522822,90,99,0,9.999999999999948,10.188625590062058,0.0014780532179945695,0.15942857142857142,0.1912114285714286,True,True,True,False,-63.33143462945333,0.0,95.96509631890139,30.67432767499523,25.66033721152012,-15.134988147461923,73.83333842850149
2026-06-30T20:45:00Z,2026-06-30T21:00:00Z,2026-06-30,2026-06-30_92,-1.0,90,99,0,10.188625590062058,10.226903542857087,0.001525168226363009,0.2376,0.07184571428571429,True,True,True,False,-57.4675,0.0,95.96509631890139,30.67432767499523,37.99025962235361,-5.632002397754829,101.5301812184954
2026-06-30T21:00:00Z,2026-06-30T21:15:00Z,2026-07-01,2026-06-30_93,0.8408177794016333,0,100,0,10.226903542857087,10.000000000000016,0.0006389758521562765,0.0,0.0017142857142857142,True,True,True,False,62.95202714380029,0.0,0.0,26.002135855677178,0.0,-0.09970958901124047,88.85445341046622
2026-06-30T21:15:00Z,2026-06-30T21:30:00Z,2026-07-01,2026-06-30_94,0.0,0,100,0,10.000000000000016,10.000000000000016,0.0,0.0,0.0,True,True,True,False,0.0,0.0,0.0,26.002135855677178,0.0,0.0,26.002135855677178
2026-06-30T21:30:00Z,2026-06-30T21:45:00Z,2026-07-01,2026-06-30_95,0.0,0,100,0,10.000000000000016,10.01892571428573,5.257142857142857e-05,0.0,0.02057142857142857,True,True,True,False,0.0,0.0,0.0,26.002135855677178,0.0,-1.0752276702282424,24.926908185448937
2026-06-30T21:45:00Z,2026-06-30T22:00:00Z,2026-07-01,2026-06-30_96,0.0,0,100,0,10.01892571428573,22.608731428571446,0.03497168253968254,0.0,13.684571428571429,True,True,True,False,0.0,0.0,0.0,26.002135855677178,0.0,1191.198126549449,1217.200262405126
2026-06-30T22:00:00Z,2026-06-30T22:15:00Z,2026-07-01,2026-07-01_1,0.0,77,77,23,22.608731428571446,25.140724054658403,0.007136936038647343,0.01716,2.77244,True,True,True,False,0.0,228.62714062321217,80.74735878561346,20.021644608871426,2.6179488157443074,-81.79697258476678,250.21712024867458
2026-06-30T22:15:00Z,2026-06-30T22:30:00Z,2026-07-01,2026-07-01_2,0.0,77,77,23,25.140724054658403,24.96572113291927,0.0005580836714975845,0.17292000000000002,0.01408,True,True,True,False,0.0,228.62714062321217,80.74735878561346,20.021644608871426,26.691338685685952,-0.6766390785308365,355.4108436248522
2026-06-30T22:30:00Z,2026-06-30T22:45:00Z,2026-07-01,2026-07-01_3,0.0,77,77,23,24.96572113291927,27.561417341614924,0.007367030531400967,0.02596,2.8520800000000004,True,True,True,False,0.0,228.62714062321217,80.74735878561346,20.021644608871426,3.9604866699721573,-34.43131400892483,298.92531667874437
2026-06-30T22:45:00Z,2026-06-30T23:00:00Z,2026-07-01,2026-07-01_4,0.0,77,77,23,27.561417341614924,34.96723334161492,0.02057171111111111,0.0,8.0498,True,True,True,False,0.0,228.62714062321217,80.74735878561346,20.021644608871426,0.0,-239.71634478813073,89.67979922956633
2026-06-30T23:00:00Z,2026-06-30T23:15:00Z,2026-07-01,2026-07-01_5,0.0,100,100,0,34.96723334161492,33.868599801242254,0.004512077294685991,1.2525714285714287,0.2857142857142857,True,True,True,False,0.0,0.0,104.86669972157594,26.002135855677178,213.45476791639655,-13.730500781875739,330.59310271177395
2026-06-30T23:15:00Z,2026-06-30T23:30:00Z,2026-07-01,2026-07-01_6,0.0,100,100,0,33.868599801242254,32.53449992546585,0.006708245686680468,1.7245714285714284,0.5874285714285715,True,True,True,False,0.0,0.0,104.86669972157594,26.002135855677178,294.56270665220967,-28.229909607536523,397.20163262192625
2026-06-30T23:30:00Z,2026-06-30T23:45:00Z,2026-07-01,2026-07-01_7,0.0,100,100,0,32.53449992546585,43.48723135403728,0.03042425396825397,0.0,11.905142857142858,True,True,True,False,0.0,0.0,104.86669972157594,26.002135855677178,0.0,13.887592748987922,144.75642832624104
2026-06-30T23:45:00Z,2026-07-01T00:00:00Z,2026-07-01,2026-07-01_8,0.0,100,100,0,43.48723135403728,53.522591354037274,0.027876,0.0,10.908,True,True,True,False,0.0,0.0,104.86669972157594,26.002135855677178,0.0,-314.7028101758267,-183.83397459857358
2026-07-01T00:00:00Z,2026-07-01T00:15:00Z,2026-07-01,2026-07-01_9,0.0,20,20,80,53.522591354037274,54.63311021118013,0.003084774603174603,0.0,1.207085714285714,True,True,True,False,0.0,795.2248369503033,20.973339944315185,19.703268621991683,0.0,-57.7952308522173,778.1062146643928
2026-07-01T00:15:00Z,2026-07-01T00:30:00Z,2026-07-01,2026-07-01_10,0.0,20,20,80,54.63311021118013,55.79514906832299,0.0032278857142857146,0.0,1.2630857142857144,True,True,True,False,0.0,795.2248369503033,20.973339944315185,19.703268621991683,0.0,-30.42336495344162,805.4780805631685
2026-07-01T00:30:00Z,2026-07-01T00:45:00Z,2026-07-01,2026-07-01_11,0.0,20,20,80,55.79514906832299,56.372499826086965,0.0016375685300207042,0.005600000000000001,0.6341714285714286,True,True,True,False,0.0,795.2248369503033,20.973339944315185,19.703268621991683,0.8543422708722682,-26.82403162374069,809.9317561637417
2026-07-01T00:45:00Z,2026-07-01T01:00:00Z,2026-07-01,2026-07-01_12,0.0,20,20,80,56.372499826086965,56.432263503105595,0.000248135817805383,0.0136,0.08102857142857142,True,True,True,False,0.0,795.2248369503033,20.973339944315185,19.703268621991683,2.1053442160265456,-3.8939700217399595,834.1128197108967
2026-07-01T01:00:00Z,2026-07-01T01:15:00Z,2026-07-01,2026-07-01_13,0.0,100,100,0,56.432263503105595,55.28301033540374,0.003312115942028985,1.077142857142857,0.02342857142857143,True,True,True,False,0.0,0.0,104.86669972157594,98.51634310995841,182.76816539804827,-1.1259010641138107,385.0253071654688
2026-07-01T01:15:00Z,2026-07-01T01:30:00Z,2026-07-01,2026-07-01_14,0.0,100,100,0,55.28301033540374,54.972260521739145,0.0008690351966873706,0.28685714285714287,0.001142857142857143,True,True,True,False,0.0,0.0,104.86669972157594,98.51634310995841,45.00552140486997,-0.054922003127502964,248.3336422332768
2026-07-01T01:30:00Z,2026-07-01T01:45:00Z,2026-07-01,2026-07-01_15,0.0,100,100,0,54.972260521739145,52.07442797515529,0.013858677708764665,3.628,1.1365714285714286,True,True,True,False,0.0,0.0,104.86669972157594,98.51634310995841,777.3936816812236,-1.7207446072368457,979.0559799055211
2026-07-01T01:45:00Z,2026-07-01T02:00:00Z,2026-07-01,2026-07-01_16,0.0,100,100,0,52.07442797515529,67.44105654658387,0.04268507936507937,0.0,16.702857142857145,True,True,True,False,0.0,0.0,104.86669972157594,98.51634310995841,0.0,364.92548043131205,568.3085232628464
2026-07-01T02:00:00Z,2026-07-01T02:15:00Z,2026-07-01,2026-07-01_17,0.0,0,0,100,67.44105654658387,67.44105654658387,0.0,0.0,0.0,True,True,True,False,0.0,994.031046187879,0.0,0.0,0.0,0.0,994.031046187879
2026-07-01T02:15:00Z,2026-07-01T02:30:00Z,2026-07-01,2026-07-01_18,0.0,0,0,100,67.44105654658387,67.44105654658387,0.0,0.0,0.0,True,True,True,False,0.0,994.031046187879,0.0,0.0,0.0,0.0,994.031046187879
2026-07-01T02:30:00Z,2026-07-01T02:45:00Z,2026-07-01,2026-07-01_19,0.0,0,0,100,67.44105654658387,67.44105654658387,0.0,0.0,0.0,True,True,True,False,0.0,994.031046187879,0.0,0.0,0.0,0.0,994.031046187879
2026-07-01T02:45:00Z,2026-07-01T03:00:00Z,2026-07-01,2026-07-01_20,0.0,0,0,100,67.44105654658387,67.44105654658387,0.0,0.0,0.0,True,True,True,False,0.0,994.031046187879,0.0,0.0,0.0,0.0,994.031046187879
2026-07-01T03:00:00Z,2026-07-01T03:15:00Z,2026-07-01,2026-07-01_21,0.0,0,0,100,67.44105654658387,67.44105654658387,0.0,0.0,0.0,True,True,True,False,0.0,994.031046187879,0.0,0.0,0.0,0.0,994.031046187879
2026-07-01T03:15:00Z,2026-07-01T03:30:00Z,2026-07-01,2026-07-01_22,0.0,0,0,100,67.44105654658387,67.44105654658387,0.0,0.0,0.0,True,True,True,False,0.0,994.031046187879,0.0,0.0,0.0,0.0,994.031046187879
2026-07-01T03:30:00Z,2026-07-01T03:45:00Z,2026-07-01,2026-07-01_23,0.0,0,0,100,67.44105654658387,67.44105654658387,0.0,0.0,0.0,True,True,True,False,0.0,994.031046187879,0.0,0.0,0.0,0.0,994.031046187879
2026-07-01T03:45:00Z,2026-07-01T04:00:00Z,2026-07-01,2026-07-01_24,0.0,0,0,100,67.44105654658387,67.44105654658387,0.0,0.0,0.0,True,True,True,False,0.0,994.031046187879,0.0,0.0,0.0,0.0,994.031046187879
2026-07-01T04:00:00Z,2026-07-01T04:15:00Z,2026-07-01,2026-07-01_25,-96.0,100,4,0,67.44105654658387,79.65584154037268,0.03650290517598344,10.652,0.006262857142857143,True,True,True,False,-4209.6,0.0,76.0326480796369,1.040085434227087,4531.089573973073,-0.31000414312412483,398.2523033438126
2026-07-01T04:15:00Z,2026-07-01T04:30:00Z,2026-07-01,2026-07-01_26,-96.0,100,4,0,79.65584154037268,84.17714185341616,0.017135979130434787,18.947999999999997,0.0,True,True,True,False,-4456.5599999999995,0.0,76.0326480796369,1.040085434227087,6817.196846561652,0.0,2437.7095800755164
2026-07-01T04:30:00Z,2026-07-01T04:45:00Z,2026-07-01,2026-07-01_27,-96.0,100,4,0,84.17714185341616,89.52821635776398,0.01922462034506556,18.05257142857143,0.0,True,True,True,False,-4465.92,0.0,76.0326480796369,1.040085434227087,4713.870045386933,0.0,325.02277890079716
2026-07-01T04:45:00Z,2026-07-01T05:00:00Z,2026-07-01,2026-07-01_28,0.0,100,4,0,89.52821635776398,81.05509751055902,0.02370303425810904,7.822857142857142,0.032594285714285715,True,True,True,False,0.0,0.0,76.0326480796369,1.040085434227087,1866.5028632453018,-1.5638457084012138,1942.0117510507646
2026-07-01T05:00:00Z,2026-07-01T05:15:00Z,2026-07-01,2026-07-01_29,100.0,0,100,0,81.05509751055902,61.594849063354054,0.054056245686680465,0.0,7.096571428571428,True,True,True,False,4809.5,0.0,0.0,26.002135855677178,0.0,-152.08814098826912,4683.413994867408
2026-07-01T05:15:00Z,2026-07-01T05:30:00Z,2026-07-01,2026-07-01_30,100.0,0,100,0,61.594849063354054,41.60913477763977,0.05551587301587301,0.0,6.613142857142858,True,True,True,False,4799.5,0.0,0.0,26.002135855677178,0.0,-241.84166825584498,4583.660467599832
2026-07-01T05:30:00Z,2026-07-01T05:45:00Z,2026-07-01,2026-07-01_31,100.0,0,100,0,41.60913477763977,30.583668939130447,0.030626293995859217,0.0,14.856571428571428,True,True,True,False,4597.0,0.0,0.0,26.002135855677178,0.0,2389.568369067143,7012.57050492282
2026-07-01T05:45:00Z,2026-07-01T06:00:00Z,2026-07-01,2026-07-01_32,100.00000000000001,0,100,0,30.583668939130447,29.59298570931678,0.002751897860593523,0.0,24.088571428571427,True,True,True,False,4670.750000000001,0.0,0.0,26.002135855677178,0.0,2586.6113042341162,7283.3634400897945
2026-07-01T06:00:00Z,2026-07-01T06:15:00Z,2026-07-01,2026-07-01_33,100.0,0,100,0,29.59298570931678,26.810377013664606,0.007729468599033811,0.0,22.44,True,True,True,False,4763.5,0.0,0.0,30.35012776993783,0.0,1217.8272474159962,6011.677375185934
2026-07-01T06:15:00Z,2026-07-01T06:30:00Z,2026-07-01,2026-07-01_34,98.79991249803764,0,100,0,26.810377013664606,10.029697646007705,0.047182142979628396,0.0,9.278857142857143,True,True,True,False,4584.068940127701,0.0,0.0,30.35012776993783,0.0,-61.56767142693684,4552.851396470703
2026-07-01T06:30:00Z,2026-07-01T06:45:00Z,2026-07-01,2026-07-01_35,0.0,0,100,0,10.029697646007705,19.43472621743628,0.026125079365079365,0.0,10.222857142857142,True,True,True,False,0.0,0.0,0.0,30.35012776993783,0.0,80.45250935799011,110.80263712792794
2026-07-01T06:45:00Z,2026-07-01T07:00:00Z,2026-07-01,2026-07-01_36,-1.544658121217609e-14,0,100,0,19.43472621743628,40.11737764600771,0.05745180952380954,0.0,22.481142857142856,True,True,True,False,-5.322891885715881e-13,0.0,0.0,30.35012776993783,0.0,825.4589661804688,855.8090939504061
2026-07-01T07:00:00Z,2026-07-01T07:15:00Z,2026-07-01,2026-07-01_37,0.0,100,100,0,40.11737764600771,57.135274788864855,0.04727193650793651,0.0,18.497714285714288,True,True,True,False,0.0,0.0,104.86669972157594,18.707807315305693,0.0,278.47106318754663,402.0455702244283
2026-07-01T07:15:00Z,2026-07-01T07:30:00Z,2026-07-01,2026-07-01_38,0.0,100,100,0,57.135274788864855,65.73493888824373,0.026282710835058662,0.3965714285714285,9.816,True,True,True,False,0.0,0.0,104.86669972157594,18.707807315305693,67.17059972865914,46.92541439414166,237.67052115968244
2026-07-01T07:30:00Z,2026-07-01T07:45:00Z,2026-07-01,2026-07-01_39,0.0,100,100,0,65.73493888824373,85.96179603110087,0.05618571428571429,0.0,21.985714285714288,True,True,True,False,0.0,0.0,104.86669972157594,18.707807315305693,0.0,516.8768559332653,640.451362970147
2026-07-01T07:45:00Z,2026-07-01T08:00:00Z,2026-07-01,2026-07-01_40,0.0,100,100,0,85.96179603110087,104.29503031681516,0.050925650793650794,0.0,19.92742857142857,True,True,True,False,0.0,0.0,104.86669972157594,18.707807315305693,0.0,602.7327007132232,726.3072077501048
2026-07-01T08:00:00Z,2026-07-01T08:15:00Z,2026-07-01,2026-07-01_41,0.0,100,100,0,104.29503031681516,115.23829888824373,0.03039796825396825,0.0,11.894857142857141,True,True,True,False,0.0,0.0,100.80475990693772,26.259582745337347,0.0,222.5970148147744,349.66135746704947
2026-07-01T08:15:00Z,2026-07-01T08:30:00Z,2026-07-01,2026-07-01_42,0.0,100,100,0,115.23829888824373,127.46378460252944,0.03395968253968253,0.0,13.288571428571426,True,True,True,False,0.0,0.0,100.80475990693772,26.259582745337347,0.0,2146.872893158178,2273.9372358104533
2026-07-01T08:30:00Z,2026-07-01T08:45:00Z,2026-07-01,2026-07-01_43,0.0,100,100,0,127.46378460252944,128.67119230439278,0.004899804002760523,0.256,1.6148571428571428,True,True,True,False,0.0,0.0,100.80475990693772,26.259582745337347,43.84562645409817,-31.866005132591958,139.04396397378127
2026-07-01T08:45:00Z,2026-07-01T09:00:00Z,2026-07-01,2026-07-01_44,0.0,100,100,0,128.67119230439278,130.16243006836794,0.004625418909592822,0.08,1.7154285714285713,True,True,True,False,0.0,0.0,100.80475990693772,26.259582745337347,13.681894809107899,-69.15855066936192,71.58768679202105
2026-07-01T09:00:00Z,2026-07-01T09:15:00Z,2026-07-01,2026-07-01_45,0.0,0,0,100,130.16243006836794,130.16243006836794,0.0,0.0,0.0,True,True,True,False,0.0,994.031046187879,0.0,0.0,0.0,0.0,994.031046187879
2026-07-01T09:15:00Z,2026-07-01T09:30:00Z,2026-07-01,2026-07-01_46,0.0,0,0,100,130.16243006836794,130.16243006836794,0.0,0.0,0.0,True,True,True,False,0.0,994.031046187879,0.0,0.0,0.0,0.0,994.031046187879
2026-07-01T09:30:00Z,2026-07-01T09:45:00Z,2026-07-01,2026-07-01_47,0.0,0,0,100,130.16243006836794,130.16243006836794,0.0,0.0,0.0,True,True,True,False,0.0,994.031046187879,0.0,0.0,0.0,0.0,994.031046187879
2026-07-01T09:45:00Z,2026-07-01T10:00:00Z,2026-07-01,2026-07-01_48,0.0,0,0,100,130.16243006836794,130.16243006836794,0.0,0.0,0.0,True,True,True,False,0.0,994.031046187879,0.0,0.0,0.0,0.0,994.031046187879
2026-07-01T10:00:00Z,2026-07-01T10:15:00Z,2026-07-01,2026-07-01_49,0.0,0,0,100,130.16243006836794,130.16243006836794,0.0,0.0,0.0,True,True,True,False,0.0,994.031046187879,0.0,0.0,0.0,0.0,994.031046187879
2026-07-01T10:15:00Z,2026-07-01T10:30:00Z,2026-07-01,2026-07-01_50,0.0,0,0,100,130.16243006836794,130.16243006836794,0.0,0.0,0.0,True,True,True,False,0.0,994.031046187879,0.0,0.0,0.0,0.0,994.031046187879
2026-07-01T10:30:00Z,2026-07-01T10:45:00Z,2026-07-01,2026-07-01_51,0.0,0,0,100,130.16243006836794,130.16243006836794,0.0,0.0,0.0,True,True,True,False,0.0,994.031046187879,0.0,0.0,0.0,0.0,994.031046187879
2026-07-01T10:45:00Z,2026-07-01T11:00:00Z,2026-07-01,2026-07-01_52,0.0,0,0,100,130.16243006836794,130.16243006836794,0.0,0.0,0.0,True,True,True,False,0.0,994.031046187879,0.0,0.0,0.0,0.0,994.031046187879
2026-07-01T11:00:00Z,2026-07-01T11:15:00Z,2026-07-01,2026-07-01_53,0.0,0,0,100,130.16243006836794,130.16243006836794,0.0,0.0,0.0,True,True,True,False,0.0,994.031046187879,0.0,0.0,0.0,0.0,994.031046187879
2026-07-01T11:15:00Z,2026-07-01T11:30:00Z,2026-07-01,2026-07-01_54,0.0,0,0,100,130.16243006836794,130.16243006836794,0.0,0.0,0.0,True,True,True,False,0.0,994.031046187879,0.0,0.0,0.0,0.0,994.031046187879
2026-07-01T11:30:00Z,2026-07-01T11:45:00Z,2026-07-01,2026-07-01_55,0.0,0,0,100,130.16243006836794,130.16243006836794,0.0,0.0,0.0,True,True,True,False,0.0,994.031046187879,0.0,0.0,0.0,0.0,994.031046187879
2026-07-01T11:45:00Z,2026-07-01T12:00:00Z,2026-07-01,2026-07-01_56,0.0,0,0,100,130.16243006836794,130.16243006836794,0.0,0.0,0.0,True,True,True,False,0.0,994.031046187879,0.0,0.0,0.0,0.0,994.031046187879
2026-07-01T12:00:00Z,2026-07-01T12:15:00Z,2026-07-01,2026-07-01_57,0.0,100,100,0,130.16243006836794,139.3645329255108,0.025561396825396827,0.0,10.002285714285716,True,True,True,False,0.0,0.0,100.74754948701323,83.756054769442,0.0,48.92608958606899,233.42969384252422
2026-07-01T12:15:00Z,2026-07-01T12:30:00Z,2026-07-01,2026-07-01_58,0.0,100,100,0,139.3645329255108,146.83006932302632,0.02095154175293306,0.03542857142857143,8.156571428571429,True,True,True,False,0.0,0.0,100.74754948701323,83.756054769442,6.073894068096745,367.45946919627534,558.0369675208273
2026-07-01T12:30:00Z,2026-07-01T12:45:00Z,2026-07-01,2026-07-01_59,0.0,100,100,0,146.83006932302632,135.88286435408222,0.030408902691511388,10.071428571428571,0.0,True,True,True,False,0.0,0.0,100.74754948701323,83.756054769442,2346.042850604523,0.0,2530.5464548609784
2026-07-01T12:45:00Z,2026-07-01T13:00:00Z,2026-07-01,2026-07-01_60,0.0,100,100,0,135.88286435408222,126.81329913669092,0.025193236714975843,8.344,0.0,True,True,True,False,0.0,0.0,100.74754948701323,83.756054769442,1582.40193600061,0.0,1766.9055402570652
2026-07-01T13:00:00Z,2026-07-01T13:15:00Z,2026-07-01,2026-07-01_61,-100.0,100,0,0,126.81329913669092,132.5425334224052,0.015914539682539686,18.77257142857143,0.0,True,True,True,False,-3388.25,0.0,100.74754948701323,0.0,7559.874681501418,0.0,4272.3722309884315
2026-07-01T13:15:00Z,2026-07-01T13:30:00Z,2026-07-01,2026-07-01_62,-100.0,100,0,0,132.5425334224052,153.52273913669092,0.058278349206349216,2.1954285714285713,0.0,True,True,True,False,-3492.4999999999995,0.0,100.74754948701323,0.0,463.9212958977404,0.0,-2927.831154615246
2026-07-01T13:30:00Z,2026-07-01T13:45:00Z,2026-07-01,2026-07-01_63,0.0,100,0,0,153.52273913669092,153.52273913669092,0.0,0.0,0.0,True,True,True,False,0.0,0.0,100.74754948701323,0.0,0.0,0.0,100.74754948701323
2026-07-01T13:45:00Z,2026-07-01T14:00:00Z,2026-07-01,2026-07-01_64,0.0,100,0,0,153.52273913669092,153.5221180186785,1.725327812284334e-06,0.0005714285714285715,0.0,True,True,True,False,0.0,0.0,100.74754948701323,0.0,0.09796603335639913,0.0,100.84551552036963
2026-07-01T14:00:00Z,2026-07-01T14:15:00Z,2026-07-01,2026-07-01_65,0.0,0,27,73,153.5221180186785,155.46219299010707,0.0053890971428571435,0.0,2.108777142857143,True,True,True,False,0.0,725.6426637171517,0.0,5.375491056104352,0.0,-33.17348779347583,697.8446669797802
2026-07-01T14:15:00Z,2026-07-01T14:30:00Z,2026-07-01,2026-07-01_66,0.0,0,27,73,155.46219299010707,156.41704259010706,0.0026523600000000003,0.0,1.0378800000000001,True,True,True,False,0.0,725.6426637171517,0.0,5.375491056104352,0.0,-32.75998015942638,698.2581746138296
2026-07-01T14:30:00Z,2026-07-01T14:45:00Z,2026-07-01,2026-07-01_67,9.420287660907457,0,27,73,156.41704259010706,153.86201157789097,0.00711373842222764,0.0,0.004937142857142857,True,True,True,False,479.23358402951465,725.6426637171517,0.0,5.375491056104352,0.0,-0.38225714176742054,1209.8694816610032
2026-07-01T14:45:00Z,2026-07-01T15:00:00Z,2026-07-01,2026-07-01_68,27.0,0,27,73,153.86201157789097,146.52505505615184,0.0203804347826087,0.0,0.0,True,True,True,False,1771.8075000000001,725.6426637171517,0.0,5.375491056104352,0.0,0.0,2502.8256547732562
2026-07-01T15:00:00Z,2026-07-01T15:15:00Z,2026-07-01,2026-07-01_69,-100.0,80,0,0,146.52505505615184,168.60063905615183,0.061321066666666674,1.0048,0.0,True,True,True,False,-3379.9999999999995,0.0,83.89335977726074,0.0,180.86783233532933,0.0,-3115.2388078874096
2026-07-01T15:15:00Z,2026-07-01T15:30:00Z,2026-07-01,2026-07-01_70,-100.0,80,0,0,168.60063905615183,189.99657962758042,0.05943316825396825,1.743542857142857,0.0,True,True,True,False,-3685.25,0.0,83.89335977726074,0.0,305.35673719712526,0.0,-3295.999903025614
2026-07-01T15:30:00Z,2026-07-01T15:45:00Z,2026-07-01,2026-07-01_71,-9.429193028074232,80,0,0,189.99657962758042,189.99999999999997,0.010816721232614937,2.0288,0.0,True,True,True,False,-462.00688539306725,0.0,83.89335977726074,0.0,407.5416514741218,0.0,29.428125858315298
2026-07-01T15:45:00Z,2026-07-01T16:00:00Z,2026-07-01,2026-07-01_72,20.00000000000006,80,0,0,189.99999999999997,184.43304347826083,0.015463768115942075,0.12160000000000001,0.0,True,True,True,False,1490.3500000000045,0.0,83.89335977726074,0.0,19.261928830237615,0.0,1593.5052886075027
2026-07-01T16:00:00Z,2026-07-01T16:15:00Z,2026-07-01,2026-07-01_73,0.2322753859850661,0,100,0,184.43304347826083,184.84589714285715,0.001490219424173028,0.0,0.5171428571428571,True,True,True,False,15.320303771109998,0.0,0.0,26.002135855677178,0.0,-40.03966589114764,1.282773735639534
2026-07-01T16:15:00Z,2026-07-01T16:30:00Z,2026-07-01,2026-07-01_74,5.02013889395723e-14,0,100,0,184.84589714285715,190.0,0.014316952380952406,0.0,5.602285714285714,True,True,True,False,4.333132886319183e-12,0.0,0.0,26.002135855677178,0.0,-313.2570652689162,-287.2549294132347
2026-07-01T16:30:00Z,2026-07-01T16:45:00Z,2026-07-01,2026-07-01_75,100.0,0,100,0,190.0,169.26335403726708,0.05760179434092478,0.0,5.922285714285715,True,True,True,False,14031.0,0.0,0.0,26.002135855677178,0.0,-173.0945493181063,13883.90758653757
2026-07-01T16:45:00Z,2026-07-01T17:00:00Z,2026-07-01,2026-07-01_76,100.0,0,100,0,169.26335403726708,142.14347826086956,0.07533298826777088,0.0,0.04971428571428571,True,True,True,False,18251.5,0.0,0.0,26.002135855677178,0.0,-3.849117052519165,18273.653018803157
2026-07-01T17:00:00Z,2026-07-01T17:15:00Z,2026-07-01,2026-07-01_77,0.0,0,100,0,142.14347826086956,142.20866683229812,0.00018107936507936507,0.0,0.07085714285714285,True,True,True,False,0.0,0.0,0.0,26.002135855677178,0.0,-5.4860978679583505,20.51603798771883
2026-07-01T17:15:00Z,2026-07-01T17:30:00Z,2026-07-01,2026-07-01_78,100.0,0,100,0,142.20866683229812,123.05835627329192,0.05319530710835058,0.0,7.381714285714286,True,True,True,False,12983.000000000002,0.0,0.0,26.002135855677178,0.0,-126.58771447096706,12882.414421384712
2026-07-01T17:30:00Z,2026-07-01T17:45:00Z,2026-07-01,2026-07-01_79,100.0,0,100,0,123.05835627329192,103.2745053416149,0.05495514147688061,0.0,6.798857142857143,True,True,True,False,16419.0,0.0,0.0,26.002135855677178,0.0,-72.94139844060741,16372.06073741507
2026-07-01T17:45:00Z,2026-07-01T18:00:00Z,2026-07-01,2026-07-01_80,100.0,0,100,0,103.2745053416149,78.6689152795031,0.0683488612836439,0.0,2.3628571428571425,True,True,True,False,14304.750000000002,0.0,0.0,26.002135855677178,0.0,-120.00653942342792,14210.74559643225
2026-07-01T18:00:00Z,2026-07-01T18:15:00Z,2026-07-01,2026-07-01_81,0.0,0,100,0,78.6689152795031,78.86237813664596,0.0005373968253968254,0.0,0.2102857142857143,True,True,True,False,0.0,0.0,0.0,26.002135855677178,0.0,-16.281322704908654,9.720813150768524
2026-07-01T18:15:00Z,2026-07-01T18:30:00Z,2026-07-01,2026-07-01_82,0.0,0,100,0,78.86237813664596,84.35346385093167,0.015253015873015875,0.0,5.968571428571429,True,True,True,False,0.0,0.0,0.0,26.002135855677178,0.0,-76.62121416856914,-50.61907831289196
2026-07-01T18:30:00Z,2026-07-01T18:45:00Z,2026-07-01,2026-07-01_83,0.0,0,100,0,84.35346385093167,87.2727552795031,0.008109142857142856,0.0,3.173142857142857,True,True,True,False,0.0,0.0,0.0,26.002135855677178,0.0,-141.78389913530538,-115.7817632796282
2026-07-01T18:45:00Z,2026-07-01T19:00:00Z,2026-07-01,2026-07-01_84,100.0,0,100,0,87.2727552795031,60.09884223602485,0.0754830917874396,0.0,0.0,True,True,True,False,15246.0,0.0,0.0,26.002135855677178,0.0,0.0,15272.002135855677
2026-07-01T19:00:00Z,2026-07-01T19:15:00Z,2026-07-01,2026-07-01_85,100.0,0,0,0,60.09884223602485,32.924929192546585,0.07548309178743962,0.0,0.0,True,True,True,False,20897.75,0.0,0.0,0.0,0.0,0.0,20897.75
2026-07-01T19:15:00Z,2026-07-01T19:30:00Z,2026-07-01,2026-07-01_86,84.36373942857163,0,0,0,32.924929192546585,9.999999999999947,0.06368035886818511,0.0,0.0,True,True,True,False,10936.493360822884,0.0,0.0,0.0,0.0,0.0,10936.493360822884
2026-07-01T19:30:00Z,2026-07-01T19:45:00Z,2026-07-01,2026-07-01_87,-1.6314703024488307e-15,0,0,0,9.999999999999947,9.999999999999947,1.042328248786753e-18,0.0,0.0,True,True,True,False,-1.385281433809302e-13,0.0,0.0,0.0,0.0,0.0,-1.385281433809302e-13
2026-07-01T19:45:00Z,2026-07-01T20:00:00Z,2026-07-01,2026-07-01_88,-100.0,0,0,0,9.999999999999947,32.99999999999995,0.0638888888888889,0.0,0.0,True,True,True,False,-5519.0,0.0,0.0,0.0,0.0,0.0,-5519.0
2026-07-01T20:00:00Z,2026-07-01T20:15:00Z,2026-07-01,2026-07-01_89,0.0,100,33,0,32.99999999999995,30.881747736645913,0.0059206588267770865,1.9548571428571428,0.007165714285714285,True,True,True,False,0.0,0.0,105.5246195507075,8.580704832373469,385.6848369503032,-0.5548037682596589,499.2353575651245
2026-07-01T20:15:00Z,2026-07-01T20:30:00Z,2026-07-01,2026-07-01_90,0.0,100,33,0,30.881747736645913,24.205971339130386,0.01854382332643202,6.1417142857142855,0.0,True,True,True,False,0.0,0.0,105.5246195507075,8.580704832373469,2187.9063632153343,0.0,2302.0116875984154
2026-07-01T20:30:00Z,2026-07-01T20:45:00Z,2026-07-01,2026-07-01_91,-2.4617988806905647e-14,100,33,0,24.205971339130386,18.191685624844677,0.016706349206349214,5.533142857142857,0.0,True,True,True,False,-1.8832145987562647e-12,0.0,105.5246195507075,8.580704832373469,1224.877103845085,0.0,1338.982428228164
2026-07-01T20:45:00Z,2026-07-01T21:00:00Z,2026-07-01,2026-07-01_92,-66.30314045836631,100,33,0,18.191685624844677,11.60723358972135,0.027219220040461456,22.365142857142857,0.0,True,True,True,False,-4473.30712887483,0.0,105.5246195507075,8.580704832373469,24700.87532781571,0.0,20341.67352332396
2026-07-01T21:00:00Z,2026-07-01T21:15:00Z,2026-07-02,2026-07-01_93,-97.95258612399098,100,0,0,11.60723358972135,17.876779130434727,0.01959238879236607,17.607999999999997,0.0,True,True,True,False,-5864.66621270865,0.0,105.09645289931119,0.0,4663.699315766376,0.0,-1095.8704440429635
2026-07-01T21:15:00Z,2026-07-01T21:30:00Z,2026-07-02,2026-07-01_94,-100.00000000000001,100,0,0,17.876779130434727,24.630104844720446,0.018759238095238107,17.65942857142857,0.0,True,True,True,False,-5306.250000000001,0.0,105.09645289931119,0.0,10256.226408223232,0.0,5055.072861122542
2026-07-01T21:30:00Z,2026-07-01T21:45:00Z,2026-07-02,2026-07-01_95,-100.0,100,0,0,24.630104844720446,36.667384844720445,0.0334368888888889,11.916,0.0,True,True,True,False,-4939.75,0.0,105.09645289931119,0.0,3105.990468812609,0.0,-1728.66307828808
2026-07-01T21:45:00Z,2026-07-01T22:00:00Z,2026-07-02,2026-07-01_96,-100.0,100,0,0,36.667384844720445,54.02173913043473,0.048206539682539684,6.136571428571429,0.0,True,True,True,False,-4263.0,0.0,105.09645289931119,0.0,1440.3092481934675,0.0,-2717.5942989072214
2026-07-01T22:00:00Z,2026-07-01T22:15:00Z,2026-07-02,2026-07-02_1,0.0,0,0,81,54.02173913043473,54.02173913043473,0.0,0.0,0.0,True,False,True,False,0.0,805.6106775553818,0.0,0.0,0.0,0.0,805.6106775553818
2026-07-01T22:15:00Z,2026-07-01T22:30:00Z,2026-07-02,2026-07-02_2,-6.8960302457466645,0,0,81,54.02173913043473,55.607826086956464,0.004405797101449258,0.0,0.0,True,False,True,False,-270.44506616256984,805.6106775553818,0.0,0.0,0.0,0.0,535.165611392812
2026-07-01T22:30:00Z,2026-07-01T22:45:00Z,2026-07-02,2026-07-02_3,-19.0,0,0,81,55.607826086956464,59.97782608695646,0.01213888888888889,0.0,0.0,True,False,True,False,-737.1999999999999,805.6106775553818,0.0,0.0,0.0,0.0,68.41067755538188
2026-07-01T22:45:00Z,2026-07-01T23:00:00Z,2026-07-02,2026-07-02_4,-19.0,0,0,81,59.97782608695646,64.34782608695646,0.01213888888888889,0.0,0.0,True,False,True,False,-708.1775,805.6106775553818,0.0,0.0,0.0,0.0,97.4331775553818
2026-07-01T23:00:00Z,2026-07-01T23:15:00Z,2026-07-02,2026-07-02_5,0.0,0,0,100,64.34782608695646,64.34782608695646,0.0,0.0,0.0,True,True,True,False,0.0,994.5810834017059,0.0,0.0,0.0,0.0,994.5810834017059
2026-07-01T23:15:00Z,2026-07-01T23:30:00Z,2026-07-02,2026-07-02_6,0.0,0,0,100,64.34782608695646,64.34782608695646,0.0,0.0,0.0,True,True,True,False,0.0,994.5810834017059,0.0,0.0,0.0,0.0,994.5810834017059
2026-07-01T23:30:00Z,2026-07-01T23:45:00Z,2026-07-02,2026-07-02_7,0.0,0,0,100,64.34782608695646,64.34782608695646,0.0,0.0,0.0,True,True,True,False,0.0,994.5810834017059,0.0,0.0,0.0,0.0,994.5810834017059
2026-07-01T23:45:00Z,2026-07-02T00:00:00Z,2026-07-02,2026-07-02_8,0.0,0,0,100,64.34782608695646,64.34782608695646,0.0,0.0,0.0,True,True,True,False,0.0,994.5810834017059,0.0,0.0,0.0,0.0,994.5810834017059
2026-07-02T00:00:00Z,2026-07-02T00:15:00Z,2026-07-02,2026-07-02_9,0.0,100,3,0,64.34782608695646,47.430434782608636,0.0469927536231884,15.564,0.0,True,True,True,False,0.0,0.0,105.09645289931119,2.8841420366730905,5030.350490182984,0.0,5138.331085118968
2026-07-02T00:15:00Z,2026-07-02T00:30:00Z,2026-07-02,2026-07-02_10,-0.8238765739067465,100,3,0,47.430434782608636,36.17914325465832,0.031862535415715605,10.538857142857145,0.0,True,True,True,False,-30.625551943548533,0.0,105.09645289931119,2.8841420366730905,2405.0026318271402,0.0,2482.357674819576
2026-07-02T00:30:00Z,2026-07-02T00:45:00Z,2026-07-02,2026-07-02_11,-97.0,100,3,0,36.17914325465832,46.44447288447199,0.03087370721877157,13.021142857142856,0.0,True,True,True,False,-3465.8099999999995,0.0,105.09645289931119,2.8841420366730905,3206.45239121961,0.0,-151.37701384440518
2026-07-02T00:45:00Z,2026-07-02T01:00:00Z,2026-07-02,2026-07-02_12,-97.0,100,3,0,46.44447288447199,64.34782608695646,0.05059458015182885,4.764,0.00010285714285714284,True,True,True,False,-3258.4725000000003,0.0,105.09645289931119,2.8841420366730905,1067.306347383083,-0.007850341953263206,-2083.193408022886
2026-07-02T01:00:00Z,2026-07-02T01:15:00Z,2026-07-02,2026-07-02_13,0.0,0,0,100,64.34782608695646,64.34782608695646,0.0,0.0,0.0,True,True,True,False,0.0,994.5810834017059,0.0,0.0,0.0,0.0,994.5810834017059
2026-07-02T01:15:00Z,2026-07-02T01:30:00Z,2026-07-02,2026-07-02_14,0.0,0,0,100,64.34782608695646,64.34782608695646,0.0,0.0,0.0,True,True,True,False,0.0,994.5810834017059,0.0,0.0,0.0,0.0,994.5810834017059
2026-07-02T01:30:00Z,2026-07-02T01:45:00Z,2026-07-02,2026-07-02_15,0.0,0,0,100,64.34782608695646,64.34782608695646,0.0,0.0,0.0,True,True,True,False,0.0,994.5810834017059,0.0,0.0,0.0,0.0,994.5810834017059
2026-07-02T01:45:00Z,2026-07-02T02:00:00Z,2026-07-02,2026-07-02_16,0.0,0,0,100,64.34782608695646,64.34782608695646,0.0,0.0,0.0,True,True,True,False,0.0,994.5810834017059,0.0,0.0,0.0,0.0,994.5810834017059
2026-07-02T02:00:00Z,2026-07-02T02:15:00Z,2026-07-02,2026-07-02_17,0.0,0,0,100,64.34782608695646,64.34782608695646,0.0,0.0,0.0,True,True,True,False,0.0,994.5810834017059,0.0,0.0,0.0,0.0,994.5810834017059
2026-07-02T02:15:00Z,2026-07-02T02:30:00Z,2026-07-02,2026-07-02_18,0.0,0,0,100,64.34782608695646,64.34782608695646,0.0,0.0,0.0,True,True,True,False,0.0,994.5810834017059,0.0,0.0,0.0,0.0,994.5810834017059
2026-07-02T02:30:00Z,2026-07-02T02:45:00Z,2026-07-02,2026-07-02_19,0.0,0,0,100,64.34782608695646,64.34782608695646,0.0,0.0,0.0,True,True,True,False,0.0,994.5810834017059,0.0,0.0,0.0,0.0,994.5810834017059
2026-07-02T02:45:00Z,2026-07-02T03:00:00Z,2026-07-02,2026-07-02_20,0.0,0,0,100,64.34782608695646,64.34782608695646,0.0,0.0,0.0,True,True,True,False,0.0,994.5810834017059,0.0,0.0,0.0,0.0,994.5810834017059
2026-07-02T03:00:00Z,2026-07-02T03:15:00Z,2026-07-02,2026-07-02_21,0.0,0,0,100,64.34782608695646,64.34782608695646,0.0,0.0,0.0,True,True,True,False,0.0,994.5810834017059,0.0,0.0,0.0,0.0,994.5810834017059
2026-07-02T03:15:00Z,2026-07-02T03:30:00Z,2026-07-02,2026-07-02_22,0.0,0,0,100,64.34782608695646,64.34782608695646,0.0,0.0,0.0,True,True,True,False,0.0,994.5810834017059,0.0,0.0,0.0,0.0,994.5810834017059
2026-07-02T03:30:00Z,2026-07-02T03:45:00Z,2026-07-02,2026-07-02_23,0.0,0,0,100,64.34782608695646,64.34782608695646,0.0,0.0,0.0,True,True,True,False,0.0,994.5810834017059,0.0,0.0,0.0,0.0,994.5810834017059
2026-07-02T03:45:00Z,2026-07-02T04:00:00Z,2026-07-02,2026-07-02_24,0.0,0,0,100,64.34782608695646,64.34782608695646,0.0,0.0,0.0,True,True,True,False,0.0,994.5810834017059,0.0,0.0,0.0,0.0,994.5810834017059
2026-07-02T04:00:00Z,2026-07-02T04:15:00Z,2026-07-02,2026-07-02_25,0.0,0,0,100,64.34782608695646,64.34782608695646,0.0,0.0,0.0,True,True,True,False,0.0,994.5810834017059,0.0,0.0,0.0,0.0,994.5810834017059
2026-07-02T04:15:00Z,2026-07-02T04:30:00Z,2026-07-02,2026-07-02_26,0.0,0,0,100,64.34782608695646,64.34782608695646,0.0,0.0,0.0,True,True,True,False,0.0,994.5810834017059,0.0,0.0,0.0,0.0,994.5810834017059
2026-07-02T04:30:00Z,2026-07-02T04:45:00Z,2026-07-02,2026-07-02_27,0.0,0,0,100,64.34782608695646,64.34782608695646,0.0,0.0,0.0,True,True,True,False,0.0,994.5810834017059,0.0,0.0,0.0,0.0,994.5810834017059
2026-07-02T04:45:00Z,2026-07-02T05:00:00Z,2026-07-02,2026-07-02_28,0.0,0,0,100,64.34782608695646,64.34782608695646,0.0,0.0,0.0,True,True,True,False,0.0,994.5810834017059,0.0,0.0,0.0,0.0,994.5810834017059
2026-07-02T05:00:00Z,2026-07-02T05:15:00Z,2026-07-02,2026-07-02_29,0.0,0,0,100,64.34782608695646,64.34782608695646,0.0,0.0,0.0,True,True,True,False,0.0,994.5810834017059,0.0,0.0,0.0,0.0,994.5810834017059
2026-07-02T05:15:00Z,2026-07-02T05:30:00Z,2026-07-02,2026-07-02_30,0.0,0,0,100,64.34782608695646,64.34782608695646,0.0,0.0,0.0,True,True,True,False,0.0,994.5810834017059,0.0,0.0,0.0,0.0,994.5810834017059
2026-07-02T05:30:00Z,2026-07-02T05:45:00Z,2026-07-02,2026-07-02_31,0.0,0,0,100,64.34782608695646,64.34782608695646,0.0,0.0,0.0,True,True,True,False,0.0,994.5810834017059,0.0,0.0,0.0,0.0,994.5810834017059
2026-07-02T05:45:00Z,2026-07-02T06:00:00Z,2026-07-02,2026-07-02_32,0.0,0,0,100,64.34782608695646,64.34782608695646,0.0,0.0,0.0,True,True,True,False,0.0,994.5810834017059,0.0,0.0,0.0,0.0,994.5810834017059
2026-07-02T06:00:00Z,2026-07-02T06:15:00Z,2026-07-02,2026-07-02_33,0.0,0,0,100,64.34782608695646,64.34782608695646,0.0,0.0,0.0,True,True,True,False,0.0,994.5810834017059,0.0,0.0,0.0,0.0,994.5810834017059
2026-07-02T06:15:00Z,2026-07-02T06:30:00Z,2026-07-02,2026-07-02_34,0.0,0,0,100,64.34782608695646,64.34782608695646,0.0,0.0,0.0,True,True,True,False,0.0,994.5810834017059,0.0,0.0,0.0,0.0,994.5810834017059
2026-07-02T06:30:00Z,2026-07-02T06:45:00Z,2026-07-02,2026-07-02_35,0.0,0,0,100,64.34782608695646,64.34782608695646,0.0,0.0,0.0,True,True,True,False,0.0,994.5810834017059,0.0,0.0,0.0,0.0,994.5810834017059
2026-07-02T06:45:00Z,2026-07-02T07:00:00Z,2026-07-02,2026-07-02_36,0.0,0,0,100,64.34782608695646,64.34782608695646,0.0,0.0,0.0,True,True,True,False,0.0,994.5810834017059,0.0,0.0,0.0,0.0,994.5810834017059
2026-07-02T07:00:00Z,2026-07-02T07:15:00Z,2026-07-02,2026-07-02_37,0.0,0,0,100,64.34782608695646,64.34782608695646,0.0,0.0,0.0,True,False,True,False,0.0,994.5810834017059,0.0,0.0,0.0,0.0,994.5810834017059
2026-07-02T07:15:00Z,2026-07-02T07:30:00Z,2026-07-02,2026-07-02_38,0.0,0,0,100,64.34782608695646,64.34782608695646,0.0,0.0,0.0,True,False,True,False,0.0,994.5810834017059,0.0,0.0,0.0,0.0,994.5810834017059
2026-07-02T07:30:00Z,2026-07-02T07:45:00Z,2026-07-02,2026-07-02_39,0.0,0,0,100,64.34782608695646,64.34782608695646,0.0,0.0,0.0,True,False,True,False,0.0,994.5810834017059,0.0,0.0,0.0,0.0,994.5810834017059
2026-07-02T07:45:00Z,2026-07-02T08:00:00Z,2026-07-02,2026-07-02_40,0.0,0,0,100,64.34782608695646,64.34782608695646,0.0,0.0,0.0,True,False,True,False,0.0,994.5810834017059,0.0,0.0,0.0,0.0,994.5810834017059
2026-07-02T08:00:00Z,2026-07-02T08:15:00Z,2026-07-02,2026-07-02_41,0.0,100,100,0,64.34782608695646,71.70147080745335,0.020447494824016563,0.0034285714285714284,7.997142857142856,True,True,True,False,0.0,0.0,97.94119330649316,22.81096758190387,0.45793661394035373,2333.287623990427,2454.4977214927644
2026-07-02T08:15:00Z,2026-07-02T08:30:00Z,2026-07-02,2026-07-02_42,0.0,100,100,0,71.70147080745335,77.9081977639751,0.017254710835058664,0.002285714285714286,6.749142857142858,True,True,True,False,0.0,0.0,97.94119330649316,22.81096758190387,0.30529107596023586,88.26723458075632,209.3246865451136
2026-07-02T08:30:00Z,2026-07-02T08:45:00Z,2026-07-02,2026-07-02_43,0.0,100,100,0,77.9081977639751,80.44515677018629,0.007147177363699103,0.01657142857142857,2.777142857142857,True,True,True,False,0.0,0.0,97.94119330649316,22.81096758190387,2.2133603007117095,-19.856340922905826,103.10918026620291
2026-07-02T08:45:00Z,2026-07-02T09:00:00Z,2026-07-02,2026-07-02_44,0.0,100,100,0,80.44515677018629,92.23377391304344,0.032746158730158736,0.0,12.813714285714287,True,True,True,False,0.0,0.0,97.94119330649316,22.81096758190387,0.0,901.5956164562795,1022.3477773446765
2026-07-02T09:00:00Z,2026-07-02T09:15:00Z,2026-07-02,2026-07-02_45,-76.0,100,24,0,92.23377391304344,110.18319145341611,0.049870259213250515,0.0074285714285714285,0.5179885714285715,True,True,True,False,-1709.2399999999998,0.0,97.91257226812189,10.049418992921062,0.9921959968707664,-13.521825344065771,-1613.8076380861519
2026-07-02T09:15:00Z,2026-07-02T09:30:00Z,2026-07-02,2026-07-02_46,-76.0,100,24,0,110.18319145341611,127.77071101614902,0.0488633307384403,0.006285714285714285,0.12342857142857142,True,True,True,False,-1749.52,0.0,97.91257226812189,10.049418992921062,0.8395504588906485,-3.342031875659306,-1644.0604901557256
2026-07-02T09:30:00Z,2026-07-02T09:45:00Z,2026-07-02,2026-07-02_47,-75.99999999999993,100,24,0,127.77071101614902,145.7284130981366,0.050098654851621766,0.14914285714285716,0.67488,True,True,True,False,-1755.4099999999983,0.0,97.91257226812189,10.049418992921062,20.6058405453807,-7.714330775248526,-1634.5564989688232
2026-07-02T09:45:00Z,2026-07-02T10:00:00Z,2026-07-02,2026-07-02_48,-76.0,100,24,0,145.7284130981366,143.64109813664592,0.023739791083505865,20.38114285714286,0.0,True,True,True,False,-2000.32,0.0,97.91257226812189,10.049418992921062,10767.670941577646,0.0,8875.31293283869
2026-07-02T10:00:00Z,2026-07-02T10:15:00Z,2026-07-02,2026-07-02_49,0.0,0,0,100,143.64109813664592,143.64109813664592,0.0,0.0,0.0,True,True,True,False,0.0,994.5810834017059,0.0,0.0,0.0,0.0,994.5810834017059
2026-07-02T10:15:00Z,2026-07-02T10:30:00Z,2026-07-02,2026-07-02_50,0.0,0,0,100,143.64109813664592,143.64109813664592,0.0,0.0,0.0,True,True,True,False,0.0,994.5810834017059,0.0,0.0,0.0,0.0,994.5810834017059
2026-07-02T10:30:00Z,2026-07-02T10:45:00Z,2026-07-02,2026-07-02_51,0.0,0,0,100,143.64109813664592,143.64109813664592,0.0,0.0,0.0,True,True,True,False,0.0,994.5810834017059,0.0,0.0,0.0,0.0,994.5810834017059
2026-07-02T10:45:00Z,2026-07-02T11:00:00Z,2026-07-02,2026-07-02_52,0.0,0,0,100,143.64109813664592,143.64109813664592,0.0,0.0,0.0,True,True,True,False,0.0,994.5810834017059,0.0,0.0,0.0,0.0,994.5810834017059
2026-07-02T11:00:00Z,2026-07-02T11:15:00Z,2026-07-02,2026-07-02_53,60.00000000000001,40,100,0,143.64109813664592,140.81995170186332,0.03485706390614217,0.0,13.21657142857143,True,True,True,False,1659.45,0.0,39.16502890724876,91.04352305901658,0.0,173.41753657359834,1963.0760885398638
2026-07-02T11:15:00Z,2026-07-02T11:30:00Z,2026-07-02,2026-07-02_54,60.00000000000001,40,100,0,140.81995170186332,135.74684422360244,0.03659954616977226,0.0,11.009142857142857,True,True,True,False,1659.3000000000002,0.0,39.16502890724876,91.04352305901658,0.0,13.011244415490252,1802.5197963817557
2026-07-02T11:30:00Z,2026-07-02T11:45:00Z,2026-07-02,2026-07-02_55,60.00000000000001,40,100,0,135.74684422360244,136.14420074534155,0.032366708074534165,0.0,16.37142857142857,True,True,True,False,1689.45,0.0,39.16502890724876,91.04352305901658,0.0,726.7790973742241,2546.4376493404893
2026-07-02T11:45:00Z,2026-07-02T12:00:00Z,2026-07-02,2026-07-02_56,0.2960150841260637,40,100,0,136.14420074534155,143.99999999999994,0.02211443148175367,0.0,8.621714285714285,True,True,True,False,7.720813431718057,0.0,39.16502890724876,91.04352305901658,0.0,-54.5114626440933,83.4179027538901
2026-07-02T12:00:00Z,2026-07-02T12:15:00Z,2026-07-02,2026-07-02_57,0.0,0,0,100,143.99999999999994,143.99999999999994,0.0,0.0,0.0,True,True,True,False,0.0,994.5810834017059,0.0,0.0,0.0,0.0,994.5810834017059
2026-07-02T12:15:00Z,2026-07-02T12:30:00Z,2026-07-02,2026-07-02_58,0.0,0,0,100,143.99999999999994,143.99999999999994,0.0,0.0,0.0,True,True,True,False,0.0,994.5810834017059,0.0,0.0,0.0,0.0,994.5810834017059
2026-07-02T12:30:00Z,2026-07-02T12:45:00Z,2026-07-02,2026-07-02_59,0.0,0,0,100,143.99999999999994,143.99999999999994,0.0,0.0,0.0,True,True,True,False,0.0,994.5810834017059,0.0,0.0,0.0,0.0,994.5810834017059
2026-07-02T12:45:00Z,2026-07-02T13:00:00Z,2026-07-02,2026-07-02_60,0.0,0,0,100,143.99999999999994,143.99999999999994,0.0,0.0,0.0,True,True,True,False,0.0,994.5810834017059,0.0,0.0,0.0,0.0,994.5810834017059
2026-07-02T13:00:00Z,2026-07-02T13:15:00Z,2026-07-02,2026-07-02_61,0.0,0,0,100,143.99999999999994,143.99999999999994,0.0,0.0,0.0,True,True,True,False,0.0,994.5810834017059,0.0,0.0,0.0,0.0,994.5810834017059
2026-07-02T13:15:00Z,2026-07-02T13:30:00Z,2026-07-02,2026-07-02_62,0.0,0,0,100,143.99999999999994,143.99999999999994,0.0,0.0,0.0,True,True,True,False,0.0,994.5810834017059,0.0,0.0,0.0,0.0,994.5810834017059
2026-07-02T13:30:00Z,2026-07-02T13:45:00Z,2026-07-02,2026-07-02_63,0.0,0,0,100,143.99999999999994,143.99999999999994,0.0,0.0,0.0,True,True,True,False,0.0,994.5810834017059,0.0,0.0,0.0,0.0,994.5810834017059
2026-07-02T13:45:00Z,2026-07-02T14:00:00Z,2026-07-02,2026-07-02_64,0.0,0,0,100,143.99999999999994,143.99999999999994,0.0,0.0,0.0,True,True,True,False,0.0,994.5810834017059,0.0,0.0,0.0,0.0,994.5810834017059
2026-07-02T14:00:00Z,2026-07-02T14:15:00Z,2026-07-02,2026-07-02_65,0.0,0,0,100,143.99999999999994,143.99999999999994,0.0,0.0,0.0,True,True,True,False,0.0,994.5810834017059,0.0,0.0,0.0,0.0,994.5810834017059
2026-07-02T14:15:00Z,2026-07-02T14:30:00Z,2026-07-02,2026-07-02_66,0.0,0,0,100,143.99999999999994,143.99999999999994,0.0,0.0,0.0,True,True,True,False,0.0,994.5810834017059,0.0,0.0,0.0,0.0,994.5810834017059
2026-07-02T14:30:00Z,2026-07-02T14:45:00Z,2026-07-02,2026-07-02_67,0.0,0,0,100,143.99999999999994,143.99999999999994,0.0,0.0,0.0,True,True,True,False,0.0,994.5810834017059,0.0,0.0,0.0,0.0,994.5810834017059
2026-07-02T14:45:00Z,2026-07-02T15:00:00Z,2026-07-02,2026-07-02_68,0.0,0,0,100,143.99999999999994,143.99999999999994,0.0,0.0,0.0,True,True,True,False,0.0,994.5810834017059,0.0,0.0,0.0,0.0,994.5810834017059
2026-07-02T15:00:00Z,2026-07-02T15:15:00Z,2026-07-02,2026-07-02_69,0.0,0,0,100,143.99999999999994,143.99999999999994,0.0,0.0,0.0,True,True,True,False,0.0,994.5810834017059,0.0,0.0,0.0,0.0,994.5810834017059
2026-07-02T15:15:00Z,2026-07-02T15:30:00Z,2026-07-02,2026-07-02_70,0.0,0,0,100,143.99999999999994,143.99999999999994,0.0,0.0,0.0,True,True,True,False,0.0,994.5810834017059,0.0,0.0,0.0,0.0,994.5810834017059
2026-07-02T15:30:00Z,2026-07-02T15:45:00Z,2026-07-02,2026-07-02_71,0.0,0,0,100,143.99999999999994,143.99999999999994,0.0,0.0,0.0,True,True,True,False,0.0,994.5810834017059,0.0,0.0,0.0,0.0,994.5810834017059
2026-07-02T15:45:00Z,2026-07-02T16:00:00Z,2026-07-02,2026-07-02_72,0.0,0,0,100,143.99999999999994,143.99999999999994,0.0,0.0,0.0,True,True,True,False,0.0,994.5810834017059,0.0,0.0,0.0,0.0,994.5810834017059
2026-07-02T16:00:00Z,2026-07-02T16:15:00Z,2026-07-02,2026-07-02_73,0.0,100,100,0,143.99999999999994,144.45804024844713,0.007656046928916494,1.0571428571428572,1.7468571428571427,True,True,True,False,0.0,0.0,92.0452594020111,23.240283157472952,241.48863199614024,-69.48697666431337,287.28719789131094
2026-07-02T16:15:00Z,2026-07-02T16:30:00Z,2026-07-02,2026-07-02_74,0.0,100,100,0,144.45804024844713,130.85804024844714,0.03777777777777778,12.512,0.0,True,True,True,False,0.0,0.0,92.0452594020111,23.240283157472952,13652.280113720928,0.0,13767.565656280412
2026-07-02T16:30:00Z,2026-07-02T16:45:00Z,2026-07-02,2026-07-02_75,0.0,100,100,0,130.85804024844714,116.58412720496888,0.03964975845410628,13.132000000000001,0.0,True,True,True,False,0.0,0.0,92.0452594020111,23.240283157472952,12653.353145452118,0.0,12768.638688011602
2026-07-02T16:45:00Z,2026-07-02T17:00:00Z,2026-07-02,2026-07-02_76,0.0,100,100,0,116.58412720496888,100.11021416149062,0.045760869565217396,15.156,0.0,True,True,True,False,0.0,0.0,92.0452594020111,23.240283157472952,16786.230823713486,0.0,16901.51636627297
2026-07-02T17:00:00Z,2026-07-02T17:15:00Z,2026-07-02,2026-07-02_77,0.0,100,100,0,100.11021416149062,91.48971726708068,0.02394582470669427,7.930857142857143,0.0,True,True,True,False,0.0,0.0,100.37398156805129,23.240283157472952,5363.530230194923,0.0,5487.144494920448
2026-07-02T17:15:00Z,2026-07-02T17:30:00Z,2026-07-02,2026-07-02_78,0.0,100,100,0,91.48971726708068,84.11083527950304,0.020496894409937887,6.788571428571428,0.0,True,True,True,False,0.0,0.0,100.37398156805129,23.240283157472952,3935.933638442689,0.0,4059.547903168213
2026-07-02T17:30:00Z,2026-07-02T17:45:00Z,2026-07-02,2026-07-02_79,0.0,100,100,0,84.11083527950304,76.62512099378876,0.020793650793650795,6.886857142857143,0.0,True,True,True,False,0.0,0.0,100.37398156805129,23.240283157472952,2427.628640882291,0.0,2551.2429056078154
2026-07-02T17:45:00Z,2026-07-02T18:00:00Z,2026-07-02,2026-07-02_80,0.0,100,100,0,76.62512099378876,76.16421465838503,0.0014905810904071773,0.4588571428571429,0.04114285714285714,True,True,True,False,0.0,0.0,100.37398156805129,23.240283157472952,100.04108334718956,-3.218640200837915,220.43670787187588
2026-07-02T18:00:00Z,2026-07-02T18:15:00Z,2026-07-02,2026-07-02_81,10.999999999999986,0,11,89,76.16421465838503,73.17569913043474,0.008301432022084184,0.0,0.0005657142857142856,True,True,True,False,667.4524999999992,885.1771642275182,0.0,2.5564311473220243,0.0,-0.04425630276152132,1555.141839072078
2026-07-02T18:15:00Z,2026-07-02T18:30:00Z,2026-07-02,2026-07-02_82,10.999999999999986,0,11,89,73.17569913043474,70.20897863354034,0.008240890269151127,0.0,0.020617142857142858,True,True,True,False,589.5724999999992,885.1771642275182,0.0,2.5564311473220243,0.0,-1.6128963673087775,1475.6931990075307
2026-07-02T18:30:00Z,2026-07-02T18:45:00Z,2026-07-02,2026-07-02_83,10.999999999999986,0,11,89,70.20897863354034,67.24423950310556,0.008235386473429942,0.0,0.022439999999999998,True,True,True,False,571.4224999999992,885.1771642275182,0.0,2.5564311473220243,0.0,-1.755500009540346,1457.400595365299
2026-07-02T18:45:00Z,2026-07-02T19:00:00Z,2026-07-02,2026-07-02_84,10.774846807438594,0,11,89,67.24423950310556,64.34782608695647,0.008048637465617419,0.0,0.029102857142857146,True,True,True,False,530.3379598621276,885.1771642275182,0.0,2.5564311473220243,0.0,-2.2767409087315977,1415.7948143282363
2026-07-02T19:00:00Z,2026-07-02T19:15:00Z,2026-07-02,2026-07-02_85,0.0,0,0,100,64.34782608695647,64.34782608695647,0.0,0.0,0.0,True,False,True,False,0.0,994.5810834017059,0.0,0.0,0.0,0.0,994.5810834017059
2026-07-02T19:15:00Z,2026-07-02T19:30:00Z,2026-07-02,2026-07-02_86,0.0,0,0,100,64.34782608695647,64.34782608695647,0.0,0.0,0.0,True,False,True,False,0.0,994.5810834017059,0.0,0.0,0.0,0.0,994.5810834017059
2026-07-02T19:30:00Z,2026-07-02T19:45:00Z,2026-07-02,2026-07-02_87,0.0,0,0,100,64.34782608695647,64.34782608695647,0.0,0.0,0.0,True,False,True,False,0.0,994.5810834017059,0.0,0.0,0.0,0.0,994.5810834017059
2026-07-02T19:45:00Z,2026-07-02T20:00:00Z,2026-07-02,2026-07-02_88,0.0,0,0,100,64.34782608695647,64.34782608695647,0.0,0.0,0.0,True,False,True,False,0.0,994.5810834017059,0.0,0.0,0.0,0.0,994.5810834017059
2026-07-02T20:00:00Z,2026-07-02T20:15:00Z,2026-07-02,2026-07-02_89,0.0,0,0,100,64.34782608695647,64.34782608695647,0.0,0.0,0.0,True,True,True,False,0.0,994.5810834017059,0.0,0.0,0.0,0.0,994.5810834017059
2026-07-02T20:15:00Z,2026-07-02T20:30:00Z,2026-07-02,2026-07-02_90,0.0,0,0,100,64.34782608695647,64.34782608695647,0.0,0.0,0.0,True,True,True,False,0.0,994.5810834017059,0.0,0.0,0.0,0.0,994.5810834017059
2026-07-02T20:30:00Z,2026-07-02T20:45:00Z,2026-07-02,2026-07-02_91,0.0,0,0,100,64.34782608695647,64.34782608695647,0.0,0.0,0.0,True,True,True,False,0.0,994.5810834017059,0.0,0.0,0.0,0.0,994.5810834017059
2026-07-02T20:45:00Z,2026-07-02T21:00:00Z,2026-07-02,2026-07-02_92,0.0,0,0,100,64.34782608695647,64.34782608695647,0.0,0.0,0.0,True,True,True,False,0.0,994.5810834017059,0.0,0.0,0.0,0.0,994.5810834017059
2026-07-02T21:00:00Z,2026-07-02T21:15:00Z,2026-07-03,2026-07-02_93,0.0,100,0,0,64.34782608695647,45.642857142857096,0.051958247066942714,17.208571428571428,0.0,True,True,True,False,0.0,0.0,105.225462671174,0.0,6004.460006602767,0.0,6109.685469273941
2026-07-02T21:15:00Z,2026-07-02T21:30:00Z,2026-07-03,2026-07-02_94,-67.57152265863394,100,0,0,45.642857142857096,43.44157316770185,0.029552171386428742,18.213714285714286,0.0,True,True,True,False,-3195.9640929467387,0.0,105.225462671174,0.0,5433.276306161037,0.0,2342.537675885472
2026-07-02T21:30:00Z,2026-07-02T21:45:00Z,2026-07-03,2026-07-02_95,0.0,100,0,0,43.44157316770185,41.532877515527936,0.005301932367149758,1.756,0.0,True,True,True,False,0.0,0.0,105.225462671174,0.0,373.8282159705113,0.0,479.0536786416853
2026-07-02T21:45:00Z,2026-07-02T22:00:00Z,2026-07-03,2026-07-02_96,-100.0,100,0,0,41.532877515527936,64.3478260869565,0.06337485714285714,0.20114285714285712,0.0,True,True,True,False,-3787.75,0.0,105.225462671174,0.0,40.65068753359362,0.0,-3641.873849795232
2026-07-02T22:00:00Z,2026-07-02T22:15:00Z,2026-07-03,2026-07-03_1,0.0,0,0,100,64.3478260869565,64.3478260869565,0.0,0.0,0.0,True,True,True,False,0.0,995.5308542943906,0.0,0.0,0.0,0.0,995.5308542943906
2026-07-02T22:15:00Z,2026-07-02T22:30:00Z,2026-07-03,2026-07-03_2,0.0,0,0,100,64.3478260869565,64.3478260869565,0.0,0.0,0.0,True,True,True,False,0.0,995.5308542943906,0.0,0.0,0.0,0.0,995.5308542943906
2026-07-02T22:30:00Z,2026-07-02T22:45:00Z,2026-07-03,2026-07-03_3,0.0,0,0,100,64.3478260869565,64.3478260869565,0.0,0.0,0.0,True,True,True,False,0.0,995.5308542943906,0.0,0.0,0.0,0.0,995.5308542943906
2026-07-02T22:45:00Z,2026-07-02T23:00:00Z,2026-07-03,2026-07-03_4,0.0,0,0,100,64.3478260869565,64.3478260869565,0.0,0.0,0.0,True,True,True,False,0.0,995.5308542943906,0.0,0.0,0.0,0.0,995.5308542943906
2026-07-02T23:00:00Z,2026-07-02T23:15:00Z,2026-07-03,2026-07-03_5,0.0,0,0,100,64.3478260869565,64.3478260869565,0.0,0.0,0.0,True,True,True,False,0.0,995.5308542943906,0.0,0.0,0.0,0.0,995.5308542943906
2026-07-02T23:15:00Z,2026-07-02T23:30:00Z,2026-07-03,2026-07-03_6,0.0,0,0,100,64.3478260869565,64.3478260869565,0.0,0.0,0.0,True,True,True,False,0.0,995.5308542943906,0.0,0.0,0.0,0.0,995.5308542943906
2026-07-02T23:30:00Z,2026-07-02T23:45:00Z,2026-07-03,2026-07-03_7,0.0,0,0,100,64.3478260869565,64.3478260869565,0.0,0.0,0.0,True,True,True,False,0.0,995.5308542943906,0.0,0.0,0.0,0.0,995.5308542943906
2026-07-02T23:45:00Z,2026-07-03T00:00:00Z,2026-07-03,2026-07-03_8,0.0,0,0,100,64.3478260869565,64.3478260869565,0.0,0.0,0.0,True,True,True,False,0.0,995.5308542943906,0.0,0.0,0.0,0.0,995.5308542943906
2026-07-03T00:00:00Z,2026-07-03T00:15:00Z,2026-07-03,2026-07-03_9,0.0,0,0,100,64.3478260869565,64.3478260869565,0.0,0.0,0.0,True,True,True,False,0.0,995.5308542943906,0.0,0.0,0.0,0.0,995.5308542943906
2026-07-03T00:15:00Z,2026-07-03T00:30:00Z,2026-07-03,2026-07-03_10,0.0,0,0,100,64.3478260869565,64.3478260869565,0.0,0.0,0.0,True,True,True,False,0.0,995.5308542943906,0.0,0.0,0.0,0.0,995.5308542943906
2026-07-03T00:30:00Z,2026-07-03T00:45:00Z,2026-07-03,2026-07-03_11,0.0,0,0,100,64.3478260869565,64.3478260869565,0.0,0.0,0.0,True,True,True,False,0.0,995.5308542943906,0.0,0.0,0.0,0.0,995.5308542943906
2026-07-03T00:45:00Z,2026-07-03T01:00:00Z,2026-07-03,2026-07-03_12,0.0,0,0,100,64.3478260869565,64.3478260869565,0.0,0.0,0.0,True,True,True,False,0.0,995.5308542943906,0.0,0.0,0.0,0.0,995.5308542943906
2026-07-03T01:00:00Z,2026-07-03T01:15:00Z,2026-07-03,2026-07-03_13,0.0,100,49,0,64.3478260869565,54.185093167701844,0.028229813664596266,9.349714285714285,0.0,True,True,True,False,0.0,0.0,105.225462671174,44.443362172692375,2159.639537369752,0.0,2309.3083622136182
2026-07-03T01:15:00Z,2026-07-03T01:30:00Z,2026-07-03,2026-07-03_14,-51.0,100,49,0,54.185093167701844,54.78413986583849,0.03454034710835059,11.110857142857142,0.0,True,True,True,False,-1692.18,0.0,105.225462671174,44.443362172692375,2519.0890800599154,0.0,976.5779049037817
2026-07-03T01:30:00Z,2026-07-03T01:45:00Z,2026-07-03,2026-07-03_15,-51.0,100,49,0,54.78413986583849,51.39140825838507,0.03524217065562457,15.095428571428574,0.0,True,True,True,False,-1680.96,0.0,105.225462671174,44.443362172692375,3828.2461227841854,0.0,2296.9549476280517
2026-07-03T01:45:00Z,2026-07-03T02:00:00Z,2026-07-03,2026-07-03_16,-48.38815591839942,100,49,0,51.39140825838507,57.54560795031054,0.03250553354168702,4.944571428571429,0.0,True,True,True,False,-1586.405691784725,0.0,105.225462671174,44.443362172692375,974.4183687891016,0.0,-462.31849815175696
2026-07-03T02:00:00Z,2026-07-03T02:15:00Z,2026-07-03,2026-07-03_17,-100.0,100,0,0,57.54560795031054,63.01724223602483,0.015198984126984132,19.052571428571426,0.0,True,True,True,False,-3180.5,0.0,105.225462671174,0.0,7831.072991790195,0.0,4755.798454461369
2026-07-03T02:15:00Z,2026-07-03T02:30:00Z,2026-07-03,2026-07-03_18,-100.0,100,0,0,63.01724223602483,73.97733366459626,0.03044469841269841,13.086857142857145,0.0,True,True,True,False,-3350.0,0.0,105.225462671174,0.0,3351.9490497744973,0.0,107.17451244567133
2026-07-03T02:30:00Z,2026-07-03T02:45:00Z,2026-07-03,2026-07-03_19,0.0,100,0,0,73.97733366459626,69.9257808695652,0.01125431331953071,3.7274285714285713,0.0,True,True,True,False,0.0,0.0,105.225462671174,0.0,885.538188604497,0.0,990.763651275671
2026-07-03T02:45:00Z,2026-07-03T03:00:00Z,2026-07-03,2026-07-03_20,0.0,100,0,0,69.9257808695652,69.3121162732919,0.0017046238785369222,0.5645714285714286,0.0,True,True,True,False,0.0,0.0,105.225462671174,0.0,104.1493517555994,0.0,209.3748144267734
2026-07-03T03:00:00Z,2026-07-03T03:15:00Z,2026-07-03,2026-07-03_21,0.0,0,0,100,69.3121162732919,69.3121162732919,0.0,0.0,0.0,True,True,True,False,0.0,995.5308542943906,0.0,0.0,0.0,0.0,995.5308542943906
2026-07-03T03:15:00Z,2026-07-03T03:30:00Z,2026-07-03,2026-07-03_22,0.0,0,0,100,69.3121162732919,69.3121162732919,0.0,0.0,0.0,True,True,True,False,0.0,995.5308542943906,0.0,0.0,0.0,0.0,995.5308542943906
2026-07-03T03:30:00Z,2026-07-03T03:45:00Z,2026-07-03,2026-07-03_23,0.0,0,0,100,69.3121162732919,69.3121162732919,0.0,0.0,0.0,True,True,True,False,0.0,995.5308542943906,0.0,0.0,0.0,0.0,995.5308542943906
2026-07-03T03:45:00Z,2026-07-03T04:00:00Z,2026-07-03,2026-07-03_24,0.0,0,0,100,69.3121162732919,69.3121162732919,0.0,0.0,0.0,True,True,True,False,0.0,995.5308542943906,0.0,0.0,0.0,0.0,995.5308542943906
2026-07-03T04:00:00Z,2026-07-03T04:15:00Z,2026-07-03,2026-07-03_25,0.0,100,0,0,69.3121162732919,49.74876223602483,0.054342650103519664,17.998285714285714,0.0,True,True,True,False,0.0,0.0,78.23869821807139,0.0,6728.617125504416,0.0,6806.855823722488
2026-07-03T04:15:00Z,2026-07-03T04:30:00Z,2026-07-03,2026-07-03_26,0.0,100,0,0,49.74876223602483,34.709631801242224,0.041775362318840575,13.836,0.0,True,True,True,False,0.0,0.0,78.23869821807139,0.0,3471.929877957944,0.0,3550.1685761760154
2026-07-03T04:30:00Z,2026-07-03T04:45:00Z,2026-07-03,2026-07-03_27,-100.0,100,0,0,34.709631801242224,41.85987180124222,0.019861777777777777,17.228,0.0,True,True,True,False,-3471.0,0.0,78.23869821807139,0.0,5142.077113772227,0.0,1749.3158119902982
2026-07-03T04:45:00Z,2026-07-03T05:00:00Z,2026-07-03,2026-07-03_28,-100.0,100,0,0,41.85987180124222,64.3478260869565,0.062466539682539686,0.5565714285714286,0.0,True,True,True,False,-3081.5,0.0,78.23869821807139,0.0,93.16998698545483,0.0,-2910.091314796474
2026-07-03T05:00:00Z,2026-07-03T05:15:00Z,2026-07-03,2026-07-03_29,0.0,0,0,100,64.3478260869565,64.3478260869565,0.0,0.0,0.0,True,True,True,False,0.0,995.5308542943906,0.0,0.0,0.0,0.0,995.5308542943906
2026-07-03T05:15:00Z,2026-07-03T05:30:00Z,2026-07-03,2026-07-03_30,0.0,0,0,100,64.3478260869565,64.3478260869565,0.0,0.0,0.0,True,True,True,False,0.0,995.5308542943906,0.0,0.0,0.0,0.0,995.5308542943906
2026-07-03T05:30:00Z,2026-07-03T05:45:00Z,2026-07-03,2026-07-03_31,0.0,0,0,100,64.3478260869565,64.3478260869565,0.0,0.0,0.0,True,True,True,False,0.0,995.5308542943906,0.0,0.0,0.0,0.0,995.5308542943906
2026-07-03T05:45:00Z,2026-07-03T06:00:00Z,2026-07-03,2026-07-03_32,0.0,0,0,100,64.3478260869565,64.3478260869565,0.0,0.0,0.0,True,True,True,False,0.0,995.5308542943906,0.0,0.0,0.0,0.0,995.5308542943906
2026-07-03T06:00:00Z,2026-07-03T06:15:00Z,2026-07-03,2026-07-03_33,0.0,0,0,100,64.3478260869565,64.3478260869565,0.0,0.0,0.0,True,False,True,False,0.0,995.5308542943906,0.0,0.0,0.0,0.0,995.5308542943906
2026-07-03T06:15:00Z,2026-07-03T06:30:00Z,2026-07-03,2026-07-03_34,0.0,0,0,100,64.3478260869565,64.3478260869565,0.0,0.0,0.0,True,False,True,False,0.0,995.5308542943906,0.0,0.0,0.0,0.0,995.5308542943906
2026-07-03T06:30:00Z,2026-07-03T06:45:00Z,2026-07-03,2026-07-03_35,0.0,0,0,100,64.3478260869565,64.3478260869565,0.0,0.0,0.0,True,False,True,False,0.0,995.5308542943906,0.0,0.0,0.0,0.0,995.5308542943906
2026-07-03T06:45:00Z,2026-07-03T07:00:00Z,2026-07-03,2026-07-03_36,0.0,0,0,100,64.3478260869565,64.3478260869565,0.0,0.0,0.0,True,False,True,False,0.0,995.5308542943906,0.0,0.0,0.0,0.0,995.5308542943906
2026-07-03T07:00:00Z,2026-07-03T07:15:00Z,2026-07-03,2026-07-03_37,0.0,0,0,100,64.3478260869565,64.3478260869565,0.0,0.0,0.0,True,False,True,False,0.0,995.5308542943906,0.0,0.0,0.0,0.0,995.5308542943906
2026-07-03T07:15:00Z,2026-07-03T07:30:00Z,2026-07-03,2026-07-03_38,0.0,0,0,100,64.3478260869565,64.3478260869565,0.0,0.0,0.0,True,False,True,False,0.0,995.5308542943906,0.0,0.0,0.0,0.0,995.5308542943906
2026-07-03T07:30:00Z,2026-07-03T07:45:00Z,2026-07-03,2026-07-03_39,0.0,0,0,100,64.3478260869565,64.3478260869565,0.0,0.0,0.0,True,False,True,False,0.0,995.5308542943906,0.0,0.0,0.0,0.0,995.5308542943906
2026-07-03T07:45:00Z,2026-07-03T08:00:00Z,2026-07-03,2026-07-03_40,0.0,0,0,100,64.3478260869565,64.3478260869565,0.0,0.0,0.0,True,False,True,False,0.0,995.5308542943906,0.0,0.0,0.0,0.0,995.5308542943906
2026-07-03T08:00:00Z,2026-07-03T08:15:00Z,2026-07-03,2026-07-03_41,-66.26250367222633,100,32,0,64.3478260869565,64.65542070062116,0.03201446491060024,15.29485714285714,0.0,True,True,True,False,-200.27841734930408,0.0,97.4904027960809,11.165988655245515,4168.684751045665,0.0,4077.062725147687
2026-07-03T08:15:00Z,2026-07-03T08:30:00Z,2026-07-03,2026-07-03_42,-68.0,100,32,0,64.65542070062116,74.64227200000005,0.038993151469979295,5.822857142857143,0.016274285714285713,True,True,True,False,-155.38,0.0,97.4904027960809,11.165988655245515,969.053811460985,-1.1753236365422235,921.1548792757692
2026-07-03T08:30:00Z,2026-07-03T08:45:00Z,2026-07-03,2026-07-03_43,-68.0,100,32,0,74.64227200000005,90.58091814161496,0.0443524159558316,0.040571428571428564,0.3675428571428571,True,True,True,False,-163.37,0.0,97.4904027960809,11.165988655245515,5.424091369201092,-18.69085187155708,-67.98036905102958
2026-07-03T08:45:00Z,2026-07-03T09:00:00Z,2026-07-03,2026-07-03_44,-68.0,100,32,0,90.58091814161496,108.17304248447209,0.04886701206349206,0.0,2.1218742857142856,True,True,True,False,-164.73,0.0,97.4904027960809,11.165988655245515,0.0,58.1463825490501,2.072774000376528
2026-07-03T09:00:00Z,2026-07-03T09:15:00Z,2026-07-03,2026-07-03_45,0.0,0,0,100,108.17304248447209,108.17304248447209,0.0,0.0,0.0,True,False,True,False,0.0,995.5308542943906,0.0,0.0,0.0,0.0,995.5308542943906
2026-07-03T09:15:00Z,2026-07-03T09:30:00Z,2026-07-03,2026-07-03_46,0.0,0,0,100,108.17304248447209,108.17304248447209,0.0,0.0,0.0,True,False,True,False,0.0,995.5308542943906,0.0,0.0,0.0,0.0,995.5308542943906
2026-07-03T09:30:00Z,2026-07-03T09:45:00Z,2026-07-03,2026-07-03_47,0.0,0,0,100,108.17304248447209,108.17304248447209,0.0,0.0,0.0,True,False,True,False,0.0,995.5308542943906,0.0,0.0,0.0,0.0,995.5308542943906
2026-07-03T09:45:00Z,2026-07-03T10:00:00Z,2026-07-03,2026-07-03_48,0.0,0,0,100,108.17304248447209,108.17304248447209,0.0,0.0,0.0,True,False,True,False,0.0,995.5308542943906,0.0,0.0,0.0,0.0,995.5308542943906
2026-07-03T10:00:00Z,2026-07-03T10:15:00Z,2026-07-03,2026-07-03_49,0.0,100,100,0,108.17304248447209,119.17151105590067,0.030551301587301585,0.0,11.954857142857142,True,True,True,False,0.0,0.0,97.4904027960809,90.52884890849711,0.0,2675.107917481781,2863.127169186359
2026-07-03T10:15:00Z,2026-07-03T10:30:00Z,2026-07-03,2026-07-03_50,0.0,100,100,0,119.17151105590067,131.89537391304353,0.035344063492063496,0.0,13.830285714285715,True,True,True,False,0.0,0.0,97.4904027960809,90.52884890849711,0.0,716.3754650994645,904.3947168040424
2026-07-03T10:30:00Z,2026-07-03T10:45:00Z,2026-07-03,2026-07-03_51,0.0,100,100,0,131.89537391304353,144.73541962732924,0.03566679365079365,0.0,13.95657142857143,True,True,True,False,0.0,0.0,97.4904027960809,90.52884890849711,0.0,6493.045694531982,6681.06494623656
2026-07-03T10:45:00Z,2026-07-03T11:00:00Z,2026-07-03,2026-07-03_52,0.0,100,100,0,144.73541962732924,155.97203677018638,0.0312128253968254,0.0,12.213714285714286,True,True,True,False,0.0,0.0,97.4904027960809,90.52884890849711,0.0,195.37417444947383,383.39342615405184
2026-07-03T11:00:00Z,2026-07-03T11:15:00Z,2026-07-03,2026-07-03_53,0.0,100,100,0,155.97203677018638,157.92803677018637,0.005592063492063492,0.026285714285714287,2.157142857142857,True,True,True,False,0.0,0.0,97.4904027960809,90.52884890849711,3.5142000420176096,-77.6689257952651,113.86452595133052
2026-07-03T11:15:00Z,2026-07-03T11:30:00Z,2026-07-03,2026-07-03_54,0.0,100,100,0,157.92803677018637,162.75861167701868,0.013901355417529331,0.08,5.345142857142856,True,True,True,False,0.0,0.0,97.4904027960809,90.52884890849711,10.695391432227508,2297.029178446603,2495.7438215834086
2026-07-03T11:30:00Z,2026-07-03T11:45:00Z,2026-07-03,2026-07-03_55,0.0,100,100,0,162.75861167701868,169.78445217391308,0.01958523671497584,0.011428571428571429,7.6502857142857135,True,True,True,False,0.0,0.0,97.4904027960809,90.52884890849711,1.5279130617467866,3651.622997929132,3841.170162695457
2026-07-03T11:45:00Z,2026-07-03T12:00:00Z,2026-07-03,2026-07-03_56,0.0,100,100,0,169.78445217391308,164.70000000000005,0.014503160800552105,4.740571428571428,0.07428571428571429,True,True,True,False,0.0,0.0,97.4904027960809,90.52884890849711,796.8485989855748,-4.894565813490927,979.9732848766619
2026-07-03T12:00:00Z,2026-07-03T12:15:00Z,2026-07-03,2026-07-03_57,-7.000000000000085,45,38,55,164.70000000000005,164.35630128695658,0.008435136425120808,1.8414,0.0,True,True,True,False,-20.002500000000243,547.5419698619148,43.87068125823641,33.98728012376096,285.0985470692717,0.0,890.4959783131836
2026-07-03T12:15:00Z,2026-07-03T12:30:00Z,2026-07-03,2026-07-03_58,-7.000000000000085,45,38,55,164.35630128695658,164.4690385391305,0.007509294299516949,1.4112000000000002,0.0,True,True,True,False,-23.117500000000284,547.5419698619148,43.87068125823641,33.98728012376096,207.99776496877328,0.0,810.2801962126852
2026-07-03T12:30:00Z,2026-07-03T12:45:00Z,2026-07-03,2026-07-03_59,-0.3653718673389713,45,38,55,164.4690385391305,164.5030969639752,0.0005797657371215991,0.081,0.04125714285714286,True,True,True,False,-1.9282500298814211,547.5419698619148,43.87068125823641,33.98728012376096,10.82908382513035,-3.1024293490271835,631.198335690134
2026-07-03T12:45:00Z,2026-07-03T13:00:00Z,2026-07-03,2026-07-03_60,2.2209180657053332e-13,45,38,55,164.5030969639752,164.56721689440994,0.000470036383713069,0.04834285714285714,0.12681142857142857,True,True,True,False,3.2708570812675293e-12,547.5419698619148,43.87068125823641,33.98728012376096,6.463072251188907,-6.93186885922191,624.9311346358825
2026-07-03T13:00:00Z,2026-07-03T13:15:00Z,2026-07-03,2026-07-03_61,0.0,100,100,0,164.56721689440994,161.97760695652175,0.007616853002070393,2.4525714285714284,0.08285714285714285,True,True,True,False,0.0,0.0,97.4904027960809,14.238239844152867,371.3243450573376,-5.1428429550929975,477.9101447424784
2026-07-03T13:15:00Z,2026-07-03T13:30:00Z,2026-07-03,2026-07-03_62,0.0,100,100,0,161.97760695652175,155.4428243478261,0.018152173913043478,6.0120000000000005,0.0,True,True,True,False,0.0,0.0,97.4904027960809,14.238239844152867,951.4137260069903,0.0,1063.142368647224
2026-07-03T13:30:00Z,2026-07-03T13:45:00Z,2026-07-03,2026-07-03_63,0.0,100,100,0,155.4428243478261,153.49353937888202,0.0067523312629399574,2.0148571428571427,0.26171428571428573,True,True,True,False,0.0,0.0,97.4904027960809,14.238239844152867,298.8822130729332,-10.370401704714432,400.24045400845256
2026-07-03T13:45:00Z,2026-07-03T14:00:00Z,2026-07-03,2026-07-03_64,0.0,100,100,0,153.49353937888202,164.90206509316772,0.03169034920634921,0.0,12.400571428571428,True,True,True,False,0.0,0.0,97.4904027960809,14.238239844152867,0.0,2239.5537629497453,2351.282405589979
2026-07-03T14:00:00Z,2026-07-03T14:15:00Z,2026-07-03,2026-07-03_65,0.0,100,100,0,164.90206509316772,182.73008795031058,0.049522285714285706,0.0,19.378285714285713,True,True,True,False,0.0,0.0,105.225462671174,12.74852460894975,0.0,1328.8221132674694,1446.7961005475931
2026-07-03T14:15:00Z,2026-07-03T14:30:00Z,2026-07-03,2026-07-03_66,0.0,100,100,0,182.73008795031058,189.97056000000003,0.020119323671497585,0.001142857142857143,7.871428571428572,True,True,True,False,0.0,0.0,105.225462671174,12.74852460894975,0.1696900246375981,74.68077803515838,192.82445533991972
2026-07-03T14:30:00Z,2026-07-03T14:45:00Z,2026-07-03,2026-07-03_67,0.0,100,100,0,189.97056000000003,189.2850931677019,0.0020676300897170463,0.6577142857142857,0.032,True,True,True,False,0.0,0.0,105.225462671174,12.74852460894975,97.5758379102515,-2.1356924311006704,213.41413275927457
2026-07-03T14:45:00Z,2026-07-03T15:00:00Z,2026-07-03,2026-07-03_68,0.0,100,100,0,189.2850931677019,181.2795031055901,0.022237750172532777,7.365142857142856,0.0,True,True,True,False,0.0,0.0,105.225462671174,12.74852460894975,1773.9290992679655,0.0,1891.9030865480893
2026-07-03T15:00:00Z,2026-07-03T15:15:00Z,2026-07-03,2026-07-03_69,0.0,86,86,14,181.2795031055901,182.4285084024845,0.008254345286404417,0.8383771428571428,2.23944,True,True,True,False,0.0,139.3743196012147,90.49389789720964,18.601386581103533,195.92011897640737,-30.344221669627,414.0455013863082
2026-07-03T15:15:00Z,2026-07-03T15:30:00Z,2026-07-03,2026-07-03_70,0.0,86,86,14,182.4285084024845,181.5682220919255,0.0024148016563147,0.7956228571428572,0.004914285714285714,True,True,True,False,0.0,139.3743196012147,90.49389789720964,18.601386581103533,174.3407692976784,-0.38106151759964857,422.4293118596066
2026-07-03T15:30:00Z,2026-07-03T15:45:00Z,2026-07-03,2026-07-03_71,0.0,86,86,14,181.5682220919255,175.2133028372671,0.017652553485162183,5.846525714285715,0.0,True,True,True,False,0.0,139.3743196012147,90.49389789720964,18.601386581103533,2153.1314097191644,0.0,2401.6010137986923
2026-07-03T15:45:00Z,2026-07-03T16:00:00Z,2026-07-03,2026-07-03_72,0.0,86,86,14,175.2133028372671,173.41339056894412,0.0059090083643892335,1.8064914285714286,0.17789714285714284,True,True,True,False,0.0,139.3743196012147,90.49389789720964,18.601386581103533,431.8745891490889,-13.794426937107279,666.5497662915095
2026-07-03T16:00:00Z,2026-07-03T16:15:00Z,2026-07-03,2026-07-03_73,2.4861203350470684,0,100,0,173.41339056894412,189.82404135889533,0.04656268908933516,0.0,18.488571428571426,True,True,True,False,82.48325741602412,0.0,0.0,21.629519280352948,0.0,5834.668138920038,5938.780915616415
2026-07-03T16:15:00Z,2026-07-03T16:30:00Z,2026-07-03,2026-07-03_74,100.0,0,100,0,189.82404135889533,178.77745750796365,0.030684955141476882,0.0,14.837142857142856,True,True,True,False,4827.5,0.0,0.0,21.629519280352948,0.0,3194.6769593438703,8043.806478624223
2026-07-03T16:30:00Z,2026-07-03T16:45:00Z,2026-07-03,2026-07-03_75,100.0,0,100,0,178.77745750796365,151.9346003651065,0.07456349206349205,0.0,0.30457142857142855,True,True,True,False,6541.249999999999,0.0,0.0,21.629519280352948,0.0,-23.61695219542008,6539.262567084932
2026-07-03T16:45:00Z,2026-07-03T17:00:00Z,2026-07-03,2026-07-03_76,100.0,0,100,0,151.9346003651065,125.21224011665929,0.0742287784679089,0.0,0.4154285714285715,True,True,True,False,6444.25,0.0,0.0,21.629519280352948,0.0,-32.21299108080751,6433.666528199546
2026-07-03T17:00:00Z,2026-07-03T17:15:00Z,2026-07-03,2026-07-03_77,0.0,0,0,100,125.21224011665929,125.21224011665929,0.0,0.0,0.0,True,True,True,False,0.0,995.5308542943906,0.0,0.0,0.0,0.0,995.5308542943906
2026-07-03T17:15:00Z,2026-07-03T17:30:00Z,2026-07-03,2026-07-03_78,0.0,0,0,100,125.21224011665929,125.21224011665929,0.0,0.0,0.0,True,True,True,False,0.0,995.5308542943906,0.0,0.0,0.0,0.0,995.5308542943906
2026-07-03T17:30:00Z,2026-07-03T17:45:00Z,2026-07-03,2026-07-03_79,0.0,0,0,100,125.21224011665929,125.21224011665929,0.0,0.0,0.0,True,True,True,False,0.0,995.5308542943906,0.0,0.0,0.0,0.0,995.5308542943906
2026-07-03T17:45:00Z,2026-07-03T18:00:00Z,2026-07-03,2026-07-03_80,0.0,0,0,100,125.21224011665929,125.21224011665929,0.0,0.0,0.0,True,True,True,False,0.0,995.5308542943906,0.0,0.0,0.0,0.0,995.5308542943906
2026-07-03T18:00:00Z,2026-07-03T18:15:00Z,2026-07-03,2026-07-03_81,0.0,0,0,100,125.21224011665929,125.21224011665929,0.0,0.0,0.0,True,True,True,False,0.0,995.5308542943906,0.0,0.0,0.0,0.0,995.5308542943906
2026-07-03T18:15:00Z,2026-07-03T18:30:00Z,2026-07-03,2026-07-03_82,0.0,0,0,100,125.21224011665929,125.21224011665929,0.0,0.0,0.0,True,True,True,False,0.0,995.5308542943906,0.0,0.0,0.0,0.0,995.5308542943906
2026-07-03T18:30:00Z,2026-07-03T18:45:00Z,2026-07-03,2026-07-03_83,0.0,0,0,100,125.21224011665929,125.21224011665929,0.0,0.0,0.0,True,True,True,False,0.0,995.5308542943906,0.0,0.0,0.0,0.0,995.5308542943906
2026-07-03T18:45:00Z,2026-07-03T19:00:00Z,2026-07-03,2026-07-03_84,0.0,0,0,100,125.21224011665929,125.21224011665929,0.0,0.0,0.0,True,True,True,False,0.0,995.5308542943906,0.0,0.0,0.0,0.0,995.5308542943906
2026-07-03T19:00:00Z,2026-07-03T19:15:00Z,2026-07-03,2026-07-03_85,100.00000000000004,0,0,0,125.21224011665929,98.03832707318102,0.07548309178743964,0.0,0.0,True,False,True,False,6537.750000000003,0.0,0.0,0.0,0.0,0.0,6537.750000000003
2026-07-03T19:15:00Z,2026-07-03T19:30:00Z,2026-07-03,2026-07-03_86,100.0,0,0,0,98.03832707318102,70.86441402970277,0.0754830917874396,0.0,0.0,True,False,True,False,5757.25,0.0,0.0,0.0,0.0,0.0,5757.25
2026-07-03T19:30:00Z,2026-07-03T19:45:00Z,2026-07-03,2026-07-03_87,23.981043629306185,0,0,0,70.86441402970277,64.34782608695653,0.018101633174295126,0.0,0.0,True,False,True,False,972.1315561229995,0.0,0.0,0.0,0.0,0.0,972.1315561229995
2026-07-03T19:45:00Z,2026-07-03T20:00:00Z,2026-07-03,2026-07-03_88,0.0,0,0,0,64.34782608695653,64.34782608695653,0.0,0.0,0.0,True,False,True,False,0.0,0.0,0.0,0.0,0.0,0.0,0.0
2026-07-03T20:00:00Z,2026-07-03T20:15:00Z,2026-07-03,2026-07-03_89,0.0,0,0,100,64.34782608695653,64.34782608695653,0.0,0.0,0.0,True,False,True,False,0.0,995.5308542943906,0.0,0.0,0.0,0.0,995.5308542943906
2026-07-03T20:15:00Z,2026-07-03T20:30:00Z,2026-07-03,2026-07-03_90,0.0,0,0,100,64.34782608695653,64.34782608695653,0.0,0.0,0.0,True,False,True,False,0.0,995.5308542943906,0.0,0.0,0.0,0.0,995.5308542943906
2026-07-03T20:30:00Z,2026-07-03T20:45:00Z,2026-07-03,2026-07-03_91,0.0,0,0,100,64.34782608695653,64.34782608695653,0.0,0.0,0.0,True,False,True,False,0.0,995.5308542943906,0.0,0.0,0.0,0.0,995.5308542943906
2026-07-03T20:45:00Z,2026-07-03T21:00:00Z,2026-07-03,2026-07-03_92,0.0,0,0,100,64.34782608695653,64.34782608695653,0.0,0.0,0.0,True,False,True,False,0.0,995.5308542943906,0.0,0.0,0.0,0.0,995.5308542943906
2026-07-03T21:00:00Z,2026-07-03T21:15:00Z,2026-07-04,2026-07-03_93,0.0,0,0,100,64.34782608695653,64.34782608695653,0.0,0.0,0.0,True,True,True,False,0.0,995.2457326154198,0.0,0.0,0.0,0.0,995.2457326154198
2026-07-03T21:15:00Z,2026-07-03T21:30:00Z,2026-07-04,2026-07-03_94,0.0,0,0,100,64.34782608695653,64.34782608695653,0.0,0.0,0.0,True,True,True,False,0.0,995.2457326154198,0.0,0.0,0.0,0.0,995.2457326154198
2026-07-03T21:30:00Z,2026-07-03T21:45:00Z,2026-07-04,2026-07-03_95,0.0,0,0,100,64.34782608695653,64.34782608695653,0.0,0.0,0.0,True,True,True,False,0.0,995.2457326154198,0.0,0.0,0.0,0.0,995.2457326154198
2026-07-03T21:45:00Z,2026-07-03T22:00:00Z,2026-07-04,2026-07-03_96,0.0,0,0,100,64.34782608695653,64.34782608695653,0.0,0.0,0.0,True,True,True,False,0.0,995.2457326154198,0.0,0.0,0.0,0.0,995.2457326154198
2026-07-03T22:00:00Z,2026-07-03T22:15:00Z,2026-07-04,2026-07-04_1,0.0,0,0,100,64.34782608695653,64.34782608695653,0.0,0.0,0.0,True,True,True,False,0.0,995.2457326154198,0.0,0.0,0.0,0.0,995.2457326154198
2026-07-03T22:15:00Z,2026-07-03T22:30:00Z,2026-07-04,2026-07-04_2,0.0,0,0,100,64.34782608695653,64.34782608695653,0.0,0.0,0.0,True,True,True,False,0.0,995.2457326154198,0.0,0.0,0.0,0.0,995.2457326154198
2026-07-03T22:30:00Z,2026-07-03T22:45:00Z,2026-07-04,2026-07-04_3,0.0,0,0,100,64.34782608695653,64.34782608695653,0.0,0.0,0.0,True,True,True,False,0.0,995.2457326154198,0.0,0.0,0.0,0.0,995.2457326154198
2026-07-03T22:45:00Z,2026-07-03T23:00:00Z,2026-07-04,2026-07-04_4,0.0,0,0,100,64.34782608695653,64.34782608695653,0.0,0.0,0.0,True,True,True,False,0.0,995.2457326154198,0.0,0.0,0.0,0.0,995.2457326154198
2026-07-03T23:00:00Z,2026-07-03T23:15:00Z,2026-07-04,2026-07-04_5,0.0,0,0,100,64.34782608695653,64.34782608695653,0.0,0.0,0.0,True,True,True,False,0.0,995.2457326154198,0.0,0.0,0.0,0.0,995.2457326154198
2026-07-03T23:15:00Z,2026-07-03T23:30:00Z,2026-07-04,2026-07-04_6,0.0,0,0,100,64.34782608695653,64.34782608695653,0.0,0.0,0.0,True,True,True,False,0.0,995.2457326154198,0.0,0.0,0.0,0.0,995.2457326154198
2026-07-03T23:30:00Z,2026-07-03T23:45:00Z,2026-07-04,2026-07-04_7,0.0,0,0,100,64.34782608695653,64.34782608695653,0.0,0.0,0.0,True,True,True,False,0.0,995.2457326154198,0.0,0.0,0.0,0.0,995.2457326154198
2026-07-03T23:45:00Z,2026-07-04T00:00:00Z,2026-07-04,2026-07-04_8,0.0,0,0,100,64.34782608695653,64.34782608695653,0.0,0.0,0.0,True,True,True,False,0.0,995.2457326154198,0.0,0.0,0.0,0.0,995.2457326154198
2026-07-04T00:00:00Z,2026-07-04T00:15:00Z,2026-07-04,2026-07-04_9,0.0,0,0,100,64.34782608695653,64.34782608695653,0.0,0.0,0.0,True,True,True,False,0.0,995.2457326154198,0.0,0.0,0.0,0.0,995.2457326154198
2026-07-04T00:15:00Z,2026-07-04T00:30:00Z,2026-07-04,2026-07-04_10,0.0,0,0,100,64.34782608695653,64.34782608695653,0.0,0.0,0.0,True,True,True,False,0.0,995.2457326154198,0.0,0.0,0.0,0.0,995.2457326154198
2026-07-04T00:30:00Z,2026-07-04T00:45:00Z,2026-07-04,2026-07-04_11,0.0,0,0,100,64.34782608695653,64.34782608695653,0.0,0.0,0.0,True,True,True,False,0.0,995.2457326154198,0.0,0.0,0.0,0.0,995.2457326154198
2026-07-04T00:45:00Z,2026-07-04T01:00:00Z,2026-07-04,2026-07-04_12,0.0,0,0,100,64.34782608695653,64.34782608695653,0.0,0.0,0.0,True,True,True,False,0.0,995.2457326154198,0.0,0.0,0.0,0.0,995.2457326154198
2026-07-04T01:00:00Z,2026-07-04T01:15:00Z,2026-07-04,2026-07-04_13,0.0,0,0,100,64.34782608695653,64.34782608695653,0.0,0.0,0.0,True,True,True,False,0.0,995.2457326154198,0.0,0.0,0.0,0.0,995.2457326154198
2026-07-04T01:15:00Z,2026-07-04T01:30:00Z,2026-07-04,2026-07-04_14,0.0,0,0,100,64.34782608695653,64.34782608695653,0.0,0.0,0.0,True,True,True,False,0.0,995.2457326154198,0.0,0.0,0.0,0.0,995.2457326154198
2026-07-04T01:30:00Z,2026-07-04T01:45:00Z,2026-07-04,2026-07-04_15,0.0,0,0,100,64.34782608695653,64.34782608695653,0.0,0.0,0.0,True,True,True,False,0.0,995.2457326154198,0.0,0.0,0.0,0.0,995.2457326154198
2026-07-04T01:45:00Z,2026-07-04T02:00:00Z,2026-07-04,2026-07-04_16,0.0,0,0,100,64.34782608695653,64.34782608695653,0.0,0.0,0.0,True,True,True,False,0.0,995.2457326154198,0.0,0.0,0.0,0.0,995.2457326154198
2026-07-04T02:00:00Z,2026-07-04T02:15:00Z,2026-07-04,2026-07-04_17,0.0,0,0,100,64.34782608695653,64.34782608695653,0.0,0.0,0.0,True,True,True,False,0.0,995.2457326154198,0.0,0.0,0.0,0.0,995.2457326154198
2026-07-04T02:15:00Z,2026-07-04T02:30:00Z,2026-07-04,2026-07-04_18,0.0,0,0,100,64.34782608695653,64.34782608695653,0.0,0.0,0.0,True,True,True,False,0.0,995.2457326154198,0.0,0.0,0.0,0.0,995.2457326154198
2026-07-04T02:30:00Z,2026-07-04T02:45:00Z,2026-07-04,2026-07-04_19,0.0,0,0,100,64.34782608695653,64.34782608695653,0.0,0.0,0.0,True,True,True,False,0.0,995.2457326154198,0.0,0.0,0.0,0.0,995.2457326154198
2026-07-04T02:45:00Z,2026-07-04T03:00:00Z,2026-07-04,2026-07-04_20,0.0,0,0,100,64.34782608695653,64.34782608695653,0.0,0.0,0.0,True,True,True,False,0.0,995.2457326154198,0.0,0.0,0.0,0.0,995.2457326154198
2026-07-04T03:00:00Z,2026-07-04T03:15:00Z,2026-07-04,2026-07-04_21,0.0,0,100,0,64.34782608695653,64.97290037267082,0.0017363174603174606,0.0,0.6794285714285715,True,True,True,False,0.0,0.0,0.0,19.790353992438998,0.0,-33.23302641987028,-13.44267242743128
2026-07-04T03:15:00Z,2026-07-04T03:30:00Z,2026-07-04,2026-07-04_22,100.0,0,100,0,64.97290037267082,57.7418444720497,0.02008626639061422,0.0,18.34742857142857,True,True,True,False,2693.5,0.0,0.0,19.790353992438998,0.0,9903.905089657354,12617.195443649793
2026-07-04T03:30:00Z,2026-07-04T03:45:00Z,2026-07-04,2026-07-04_23,100.0,0,100,0,57.7418444720497,52.62072645962734,0.014225327812284326,0.0,20.28857142857143,True,True,True,False,2549.5,0.0,0.0,19.790353992438998,0.0,8073.735003191333,10643.025357183771
2026-07-04T03:45:00Z,2026-07-04T04:00:00Z,2026-07-04,2026-07-04_24,36.36446039490769,0,100,0,52.62072645962734,64.34782608695652,0.03908900738129622,0.0,22.033714285714286,True,True,True,False,858.9285545277196,0.0,0.0,19.790353992438998,0.0,9023.456822087293,9902.175730607452
2026-07-04T04:00:00Z,2026-07-04T04:15:00Z,2026-07-04,2026-07-04_25,0.0,0,0,100,64.34782608695652,64.34782608695652,0.0,0.0,0.0,True,True,True,False,0.0,995.2457326154198,0.0,0.0,0.0,0.0,995.2457326154198
2026-07-04T04:15:00Z,2026-07-04T04:30:00Z,2026-07-04,2026-07-04_26,0.0,0,0,100,64.34782608695652,64.34782608695652,0.0,0.0,0.0,True,True,True,False,0.0,995.2457326154198,0.0,0.0,0.0,0.0,995.2457326154198
2026-07-04T04:30:00Z,2026-07-04T04:45:00Z,2026-07-04,2026-07-04_27,0.0,0,0,100,64.34782608695652,64.34782608695652,0.0,0.0,0.0,True,True,True,False,0.0,995.2457326154198,0.0,0.0,0.0,0.0,995.2457326154198
2026-07-04T04:45:00Z,2026-07-04T05:00:00Z,2026-07-04,2026-07-04_28,0.0,0,0,100,64.34782608695652,64.34782608695652,0.0,0.0,0.0,True,True,True,False,0.0,995.2457326154198,0.0,0.0,0.0,0.0,995.2457326154198
2026-07-04T05:00:00Z,2026-07-04T05:15:00Z,2026-07-04,2026-07-04_29,47.0,0,0,53,64.34782608695652,51.576086956521735,0.035477053140096616,0.0,0.0,True,False,True,False,1279.34,478.1475541299117,0.0,0.0,0.0,0.0,1757.4875541299116
2026-07-04T05:15:00Z,2026-07-04T05:30:00Z,2026-07-04,2026-07-04_30,47.0,0,0,53,51.576086956521735,38.80434782608695,0.035477053140096616,0.0,0.0,True,False,True,False,1038.1125,478.1475541299117,0.0,0.0,0.0,0.0,1516.2600541299116
2026-07-04T05:30:00Z,2026-07-04T05:45:00Z,2026-07-04,2026-07-04_31,0.0,0,0,53,38.80434782608695,38.80434782608695,0.0,0.0,0.0,True,False,True,False,0.0,478.1475541299117,0.0,0.0,0.0,0.0,478.1475541299117
2026-07-04T05:45:00Z,2026-07-04T06:00:00Z,2026-07-04,2026-07-04_32,-6.46663137996218,0,0,53,38.80434782608695,40.291673043478255,0.00413145893719806,0.0,0.0,True,False,True,False,-72.36160514177679,478.1475541299117,0.0,0.0,0.0,0.0,405.7859489881349
2026-07-04T06:00:00Z,2026-07-04T06:15:00Z,2026-07-04,2026-07-04_33,0.0,47,47,53,40.291673043478255,39.2183336347826,0.0030418970876466525,0.9974742857142858,0.011817142857142856,True,True,True,False,0.0,478.1475541299117,49.912933898499254,9.462996906862182,147.12945689082372,-0.7420653083045567,683.9108765177923
2026-07-04T06:15:00Z,2026-07-04T06:30:00Z,2026-07-04,2026-07-04_34,0.0,47,47,53,39.2183336347826,38.80434782608695,0.0013297840717736368,0.4106457142857143,0.03518285714285715,True,True,True,False,0.0,478.1475541299117,49.912933898499254,9.462996906862182,48.28846730056898,-2.0375948775019235,583.7743573583402
2026-07-04T06:30:00Z,2026-07-04T06:45:00Z,2026-07-04,2026-07-04_35,0.0,47,47,53,38.80434782608695,38.87929747080745,0.0005001189233954452,0.048342857142857146,0.13858285714285715,True,True,True,False,0.0,478.1475541299117,49.912933898499254,9.462996906862182,5.5859103481007475,-7.8105334271639695,535.2988618562099
2026-07-04T06:45:00Z,2026-07-04T07:00:00Z,2026-07-04,2026-07-04_36,0.0,47,47,53,38.87929747080745,40.35595783354037,0.0042688805797101445,0.027662857142857142,1.6377485714285713,True,True,True,False,0.0,478.1475541299117,49.912933898499254,9.462996906862182,3.1963820325243164,80.7451259916316,621.4649929594291
2026-07-04T07:00:00Z,2026-07-04T07:15:00Z,2026-07-04,2026-07-04_37,5.709924827428583,0,0,53,40.35595783354037,38.80434782608695,0.00431002779848172,0.0,0.0,True,False,True,False,5.9525966325942985,478.1475541299117,0.0,0.0,0.0,0.0,484.100150762506
2026-07-04T07:15:00Z,2026-07-04T07:30:00Z,2026-07-04,2026-07-04_38,-44.16135760194406,0,0,53,38.80434782608695,48.96146007453409,0.02821420069013093,0.0,0.0,True,False,True,False,-0.6624203640291609,478.1475541299117,0.0,0.0,0.0,0.0,477.48513376588255
2026-07-04T07:30:00Z,2026-07-04T07:45:00Z,2026-07-04,2026-07-04_39,-47.0,0,0,53,48.96146007453409,59.77146007453409,0.030027777777777778,0.0,0.0,True,False,True,False,-0.0,478.1475541299117,0.0,0.0,0.0,0.0,478.1475541299117
2026-07-04T07:45:00Z,2026-07-04T08:00:00Z,2026-07-04,2026-07-04_40,-47.0,0,0,53,59.77146007453409,70.58146007453409,0.030027777777777778,0.0,0.0,True,False,True,False,-0.0,478.1475541299117,0.0,0.0,0.0,0.0,478.1475541299117
2026-07-04T08:00:00Z,2026-07-04T08:15:00Z,2026-07-04,2026-07-04_41,0.0,100,100,0,70.58146007453409,72.66310181366453,0.005865153899240855,0.013714285714285714,2.278857142857143,True,True,True,False,0.0,0.0,97.86344369343568,46.397067247107344,1.1641484051519564,-40.77828933658468,104.64637000911031
2026-07-04T08:15:00Z,2026-07-04T08:30:00Z,2026-07-04,2026-07-04_42,0.0,100,100,0,72.66310181366453,88.90294181366453,0.04511066666666666,0.0,17.651999999999997,True,True,True,False,0.0,0.0,97.86344369343568,46.397067247107344,0.0,15619.23270019475,15763.493211135294
2026-07-04T08:30:00Z,2026-07-04T08:45:00Z,2026-07-04,2026-07-04_43,0.0,100,100,0,88.90294181366453,105.48134181366453,0.04605111111111112,0.0,18.02,True,True,True,False,0.0,0.0,97.86344369343568,46.397067247107344,0.0,13435.19783098484,13579.458341925383
2026-07-04T08:45:00Z,2026-07-04T09:00:00Z,2026-07-04,2026-07-04_44,0.0,100,100,0,105.48134181366453,105.75955199999993,0.0009970986887508626,0.037142857142857144,0.3462857142857143,True,True,True,False,0.0,0.0,97.86344369343568,46.397067247107344,3.0646580364302896,-20.659783644010933,126.66538533296239
2026-07-04T09:00:00Z,2026-07-04T09:15:00Z,2026-07-04,2026-07-04_45,-36.0,47,11,53,105.75955199999993,114.08177718260862,0.023214083064182198,0.06848571428571429,0.11729142857142859,True,True,True,False,-0.0,478.1475541299117,45.995818535914765,8.392713942032305,5.897271983372339,-5.876866268431992,532.5564923227992
2026-07-04T09:15:00Z,2026-07-04T09:30:00Z,2026-07-04,2026-07-04_46,-36.0,47,11,53,114.08177718260862,122.63796643975148,0.023767192380952384,0.0,0.3002057142857143,True,True,True,False,-0.0,478.1475541299117,45.995818535914765,8.392713942032305,0.0,-12.647800756100354,519.8882858517585
2026-07-04T09:30:00Z,2026-07-04T09:45:00Z,2026-07-04,2026-07-04_47,-36.0,47,11,53,122.63796643975148,131.80060392546577,0.025451770793650796,0.0,0.9593885714285714,True,True,True,False,-0.0,478.1475541299117,45.995818535914765,8.392713942032305,0.0,-1.407557525271536,531.1285290825873
2026-07-04T09:45:00Z,2026-07-04T10:00:00Z,2026-07-04,2026-07-04_48,-36.00000000000012,47,11,53,131.80060392546577,140.35056910310553,0.023757115141476957,0.0051028571428571425,0.29876,True,True,True,False,-0.0,478.1475541299117,45.995818535914765,8.392713942032305,0.43940457915323305,-8.541647313552527,524.4338438734595
2026-07-04T10:00:00Z,2026-07-04T10:15:00Z,2026-07-04,2026-07-04_49,0.0,47,47,53,140.35056910310553,144.1144257888198,0.010455157460317461,0.0,4.091148571428572,True,True,True,False,0.0,478.1475541299117,45.995818535914765,43.7613128651621,0.0,-10.19701635380696,557.7076691771816
2026-07-04T10:15:00Z,2026-07-04T10:30:00Z,2026-07-04,2026-07-04_50,0.0,47,47,53,144.1144257888198,145.69570663354028,0.005243896066252588,0.14100000000000001,1.8853714285714285,True,True,True,False,0.0,478.1475541299117,45.995818535914765,43.7613128651621,12.141173101157065,-17.450143200824836,562.5957154313209
2026-07-04T10:30:00Z,2026-07-04T10:45:00Z,2026-07-04,2026-07-04_51,0.0,47,47,53,145.69570663354028,147.43877117018624,0.005025110255348517,0.03034857142857143,1.9304914285714287,True,True,True,False,0.0,478.1475541299117,45.995818535914765,43.7613128651621,2.6132429722490444,-3.723201191430863,566.7947273118068
2026-07-04T10:45:00Z,2026-07-04T11:00:00Z,2026-07-04,2026-07-04_52,0.0,47,47,53,147.43877117018624,150.94763539875768,0.009746845079365081,0.0,3.8139828571428573,True,True,True,False,0.0,478.1475541299117,45.995818535914765,43.7613128651621,0.0,-24.66556179674757,543.239123734241
2026-07-04T11:00:00Z,2026-07-04T11:15:00Z,2026-07-04,2026-07-04_53,0.0,47,47,53,150.94763539875768,151.4204799204968,0.0015486191856452728,0.03894285714285714,0.5599714285714286,True,True,True,False,0.0,478.1475541299117,45.995818535914765,43.7613128651621,3.34688182249644,-23.095747541037262,548.1558198124478
2026-07-04T11:15:00Z,2026-07-04T11:30:00Z,2026-07-04,2026-07-04_54,0.0,47,47,53,151.4204799204968,151.39518889937878,0.00038871886818495516,0.07600571428571427,0.06230857142857143,True,True,True,False,0.0,478.1475541299117,45.995818535914765,43.7613128651621,6.532190039768913,-4.269744407530454,570.167131163227
2026-07-04T11:30:00Z,2026-07-04T11:45:00Z,2026-07-04,2026-07-04_55,0.0,47,47,53,151.39518889937878,151.4651375105589,0.0006402989371980676,0.07385714285714286,0.16329142857142856,True,True,True,False,0.0,478.1475541299117,45.995818535914765,43.7613128651621,5.2390145601143425,-7.211430125089329,565.9322699660136
2026-07-04T11:45:00Z,2026-07-04T12:00:00Z,2026-07-04,2026-07-04_56,0.0,47,47,53,151.4651375105589,153.59131008198747,0.005906034920634921,0.0,2.311057142857143,True,True,True,False,0.0,478.1475541299117,45.995818535914765,43.7613128651621,0.0,-21.708687183935325,546.1959983470533
2026-07-04T12:00:00Z,2026-07-04T12:15:00Z,2026-07-04,2026-07-04_57,0.0,47,47,53,153.59131008198747,153.91361261118,0.001141799641131815,0.04082285714285714,0.39855999999999997,True,True,True,False,0.0,478.1475541299117,45.995818535914765,38.632718524458696,3.5143792394263236,-13.138310398289224,553.1521600314223
2026-07-04T12:15:00Z,2026-07-04T12:30:00Z,2026-07-04,2026-07-04_58,0.0,47,47,53,153.91361261118,153.95749905093157,0.0004559992546583851,0.055325714285714284,0.11306857142857143,True,True,True,False,0.0,478.1475541299117,45.995818535914765,38.632718524458696,4.762908706064623,-6.136971906453038,561.4020279898967
2026-07-04T12:30:00Z,2026-07-04T12:45:00Z,2026-07-04,2026-07-04_59,0.0,47,47,53,153.95749905093157,154.83517226335394,0.002481769965493444,0.007251428571428571,0.9625600000000001,True,True,True,False,0.0,478.1475541299117,45.995818535914765,38.632718524458696,0.6242647333191496,-19.830125421010425,543.5702305025939
2026-07-04T12:45:00Z,2026-07-04T13:00:00Z,2026-07-04,2026-07-04_60,0.0,47,47,53,154.83517226335394,156.4601882136645,0.004525285852311939,0.0018800000000000002,1.7685428571428572,True,True,True,False,0.0,478.1475541299117,45.995818535914765,38.632718524458696,0.16184641234200178,-11.738621327921706,551.1993162747054
2026-07-04T13:00:00Z,2026-07-04T13:15:00Z,2026-07-04,2026-07-04_61,0.0,100,100,0,156.4601882136645,166.74200883478252,0.03031354589371981,0.29028571428571426,11.518857142857144,True,True,True,False,0.0,0.0,97.86344369343568,11.742467636613585,37.67223955179505,8833.921378219293,8981.199529101137
2026-07-04T13:15:00Z,2026-07-04T13:30:00Z,2026-07-04,2026-07-04_62,0.0,100,100,0,166.74200883478252,168.52364461118003,0.008409995859213249,0.5731428571428571,2.6137142857142854,True,True,True,False,0.0,0.0,97.86344369343568,11.742467636613585,79.44781663748095,10.908192396445346,199.96192036397557
2026-07-04T13:30:00Z,2026-07-04T13:45:00Z,2026-07-04,2026-07-04_63,0.0,100,100,0,168.52364461118003,170.96399541863346,0.01288296204278813,1.010857142857143,3.846857142857143,True,True,True,False,0.0,0.0,97.86344369343568,11.742467636613585,146.99755102040817,-34.55737230577876,222.04609004467866
2026-07-04T13:45:00Z,2026-07-04T14:00:00Z,2026-07-04,2026-07-04_64,0.0,100,100,0,170.96399541863346,163.27517554285706,0.02135783298826777,7.073714285714286,0.0,True,True,True,False,0.0,0.0,97.86344369343568,11.742467636613585,1311.5571738430738,0.0,1421.1630851731231
2026-07-04T14:00:00Z,2026-07-04T14:15:00Z,2026-07-04,2026-07-04_65,-1.0,47,46,53,163.27517554285706,165.07872342857135,0.007838426666666669,0.4785942857142857,2.273977142857143,True,True,True,False,-0.0,478.1475541299117,49.44180318478634,5.2961393057624,75.43082374351505,146.11564437316227,754.4319647371378
2026-07-04T14:15:00Z,2026-07-04T14:30:00Z,2026-07-04,2026-07-04_66,-1.0,47,46,53,165.07872342857135,165.37884434285706,0.0012479549206349206,0.07009714285714286,0.1587657142857143,True,True,True,False,-0.0025,478.1475541299117,49.44180318478634,5.2961393057624,6.0543673469387755,-9.059534089433688,529.8778298779655
2026-07-04T14:30:00Z,2026-07-04T14:45:00Z,2026-07-04,2026-07-04_67,-1.0,47,46,53,165.37884434285706,164.2596566857142,0.005538764444444444,1.463177142857143,0.2565485714285714,True,True,True,False,-0.005,478.1475541299117,49.44180318478634,5.2961393057624,240.83307975058509,-12.414640773775428,761.2989355972701
2026-07-04T14:45:00Z,2026-07-04T15:00:00Z,2026-07-04,2026-07-04_68,-1.0,47,46,53,164.2596566857142,164.68712914285706,0.0019874234920634923,0.13536,0.3740457142857143,True,True,True,False,-0.445,478.1475541299117,49.44180318478634,5.2961393057624,15.73589075495475,-18.344766172964775,529.8316212024505
2026-07-04T15:00:00Z,2026-07-04T15:15:00Z,2026-07-04,2026-07-04_69,-66.05596024844718,0,0,22,164.68712914285706,179.8799999999999,0.04220241904761903,0.0,0.0,True,False,True,False,-80.25799170186333,198.47634322373696,0.0,0.0,0.0,0.0,118.21835152187363
2026-07-04T15:15:00Z,2026-07-04T15:30:00Z,2026-07-04,2026-07-04_70,0.0,0,0,22,179.8799999999999,179.8799999999999,0.0,0.0,0.0,True,False,True,False,0.0,198.47634322373696,0.0,0.0,0.0,0.0,198.47634322373696
2026-07-04T15:30:00Z,2026-07-04T15:45:00Z,2026-07-04,2026-07-04_71,0.0,0,0,22,179.8799999999999,179.8799999999999,0.0,0.0,0.0,True,False,True,False,0.0,198.47634322373696,0.0,0.0,0.0,0.0,198.47634322373696
2026-07-04T15:45:00Z,2026-07-04T16:00:00Z,2026-07-04,2026-07-04_72,1.0290505142856547,0,0,22,179.8799999999999,179.60036670807446,0.0007767591442373601,0.0,0.0,True,False,True,False,21.615206052570176,198.47634322373696,0.0,0.0,0.0,0.0,220.09154927630715
2026-07-04T16:00:00Z,2026-07-04T16:15:00Z,2026-07-04,2026-07-04_73,0.0,100,100,0,179.60036670807446,185.16925813664588,0.015469142857142858,0.0,6.053142857142857,True,True,True,False,0.0,0.0,100.46969870546454,22.167487684729064,0.0,1505.5537240397364,1628.19091042993
2026-07-04T16:15:00Z,2026-07-04T16:30:00Z,2026-07-04,2026-07-04_74,0.0,100,100,0,185.16925813664588,189.97529142857135,0.01337079641131815,0.0034285714285714284,5.228,True,True,True,False,0.0,0.0,100.46969870546454,22.167487684729064,0.5237058736886896,516.42945430939,639.5903465732723
2026-07-04T16:30:00Z,2026-07-04T16:45:00Z,2026-07-04,2026-07-04_75,0.0,100,100,0,189.97529142857135,177.05652173913035,0.03602274120082816,11.908,0.026857142857142857,True,True,True,False,0.0,0.0,100.46969870546454,22.167487684729064,5156.37726811013,-2.0819490586932448,5276.93250544163
2026-07-04T16:45:00Z,2026-07-04T17:00:00Z,2026-07-04,2026-07-04_76,0.0,100,100,0,177.05652173913035,153.74347826086947,0.0647584541062802,21.448,0.0,True,True,True,False,0.0,0.0,100.46969870546454,22.167487684729064,13440.206105319434,0.0,13562.843291709627
2026-07-04T17:00:00Z,2026-07-04T17:15:00Z,2026-07-04,2026-07-04_77,0.0,100,100,0,153.74347826086947,145.83726708074525,0.021961697722567286,7.273714285714285,0.0,True,True,True,False,0.0,0.0,95.25718868140679,22.167487684729064,1932.239548631,0.0,2049.664224997136
2026-07-04T17:15:00Z,2026-07-04T17:30:00Z,2026-07-04,2026-07-04_78,0.0,100,100,0,145.83726708074525,131.2577639751552,0.04049861973775017,13.413142857142857,0.0,True,True,True,False,0.0,0.0,95.25718868140679,22.167487684729064,4104.136415451505,0.0,4221.561091817641
2026-07-04T17:30:00Z,2026-07-04T17:45:00Z,2026-07-04,2026-07-04_79,0.0,100,100,0,131.2577639751552,124.1521739130434,0.019737750172532778,6.5371428571428565,0.0,True,True,True,False,0.0,0.0,95.25718868140679,22.167487684729064,1705.0030364030135,0.0,1822.4277127691494
2026-07-04T17:45:00Z,2026-07-04T18:00:00Z,2026-07-04,2026-07-04_80,0.0,100,100,0,124.1521739130434,123.14131577639745,0.0034826059351276747,1.0417142857142858,0.132,True,True,True,False,0.0,0.0,95.25718868140679,22.167487684729064,253.32866820505268,-10.232558139534884,360.5207864316536
2026-07-04T18:00:00Z,2026-07-04T18:15:00Z,2026-07-04,2026-07-04_81,6.138849142656364,0,7,93,123.14131577639745,121.48159627329179,0.004615311865457726,0.0,0.00792,True,True,True,False,188.04829636242107,839.0136327185244,0.0,1.5517241379310345,0.0,-0.613953488372093,1027.9996997305043
2026-07-04T18:15:00Z,2026-07-04T18:30:00Z,2026-07-04,2026-07-04_82,7.0,0,7,93,121.48159627329179,119.59398757763961,0.005243357487922705,0.0,0.013400000000000002,True,True,True,False,217.2975,839.0136327185244,0.0,1.5517241379310345,0.0,-1.0387596899224807,1056.824097166533
2026-07-04T18:30:00Z,2026-07-04T18:45:00Z,2026-07-04,2026-07-04_83,6.999999999999996,0,7,93,119.59398757763961,117.69216149068309,0.00528285024154589,0.0,0.00032,True,True,True,False,228.12999999999988,839.0136327185244,0.0,1.5517241379310345,0.0,-0.02443960743880552,1068.6709172490164
2026-07-04T18:45:00Z,2026-07-04T19:00:00Z,2026-07-04,2026-07-04_84,7.0,0,7,93,117.69216149068309,115.79807453416134,0.005261352657004831,0.0,0.00744,True,True,True,False,245.875,839.0136327185244,0.0,1.5517241379310345,0.0,-0.4576621377019132,1085.9826947187535
2026-07-04T19:00:00Z,2026-07-04T19:15:00Z,2026-07-04,2026-07-04_85,9.999999999999915,0,10,90,115.79807453416134,113.08677018633529,0.00753140096618351,0.0,0.005600000000000001,True,True,True,False,345.47499999999707,811.9486768243785,0.0,2.2167487684729066,0.0,-0.4115455760491848,1159.2288800167992
2026-07-04T19:15:00Z,2026-07-04T19:30:00Z,2026-07-04,2026-07-04_86,9.999999999999915,0,10,90,113.08677018633529,110.39149068322972,0.007486887508626575,0.0,0.02034285714285714,True,True,True,False,344.7499999999971,811.9486768243785,0.0,2.2167487684729066,0.0,-1.1354385873034056,1157.779987005545
2026-07-04T19:30:00Z,2026-07-04T19:45:00Z,2026-07-04,2026-07-04_87,9.999999999999915,0,10,90,110.39149068322972,107.67515527950304,0.007545376121463014,0.0,0.0009714285714285715,True,True,True,False,340.97499999999707,811.9486768243785,0.0,2.2167487684729066,0.0,-0.07419166543923103,1155.0662339274093
2026-07-04T19:45:00Z,2026-07-04T20:00:00Z,2026-07-04,2026-07-04_88,9.999999999999915,0,10,90,107.67515527950304,105.56335403726703,0.005866114561766698,0.0,0.5571428571428572,True,True,True,False,331.19999999999715,811.9486768243785,0.0,2.2167487684729066,0.0,-1.1099455018575193,1144.255480090991
2026-07-04T20:00:00Z,2026-07-04T20:15:00Z,2026-07-04,2026-07-04_89,100.0,0,100,0,105.56335403726703,79.83602484472046,0.07146480331262942,0.0,1.330857142857143,True,True,True,False,4958.0,0.0,0.0,22.167487684729064,0.0,-66.4290174514072,4913.738470233322
2026-07-04T20:15:00Z,2026-07-04T20:30:00Z,2026-07-04,2026-07-04_90,100.0,0,100,0,79.83602484472046,55.778881987577606,0.06682539682539682,0.0,2.8674285714285714,True,True,True,False,3924.4999999999995,0.0,0.0,22.167487684729064,0.0,-121.42142546192494,3825.2460622228036
2026-07-04T20:30:00Z,2026-07-04T20:45:00Z,2026-07-04,2026-07-04_91,100.0,0,100,0,55.778881987577606,32.33354037267077,0.06512594893029676,0.0,3.430285714285714,True,True,True,False,4232.0,0.0,0.0,22.167487684729064,0.0,-152.98940673943994,4101.178080945289
2026-07-04T20:45:00Z,2026-07-04T21:00:00Z,2026-07-04,2026-07-04_92,100.0,0,100,0,32.33354037267077,9.999999999999961,0.062037612146307805,0.0,4.453142857142857,True,True,True,False,4072.2499999999995,0.0,0.0,22.167487684729064,0.0,-14.353210480663796,4080.0642772040646
2026-07-04T21:00:00Z,2026-07-04T21:15:00Z,2026-07-05,2026-07-04_93,17.885428796476706,67,100,0,9.999999999999961,9.999999999999966,0.02194174333288099,0.09724571428571428,5.228,True,True,True,False,771.5773982800051,0.0,70.4808683698018,22.56844999427197,21.409635321779074,-62.80607400618627,823.2302779596716
2026-07-04T21:15:00Z,2026-07-04T21:30:00Z,2026-07-05,2026-07-04_94,32.99999999999998,67,100,0,9.999999999999966,12.79504824844718,0.033544561214630786,0.0,12.062857142857144,True,True,True,False,1311.9149999999993,0.0,70.4808683698018,22.56844999427197,0.0,4308.269213186478,5713.233531550551
2026-07-04T21:30:00Z,2026-07-04T21:45:00Z,2026-07-05,2026-07-04_95,0.0,67,100,0,12.79504824844718,17.02488004968942,0.011770340234644584,0.0034457142857142855,4.601714285714286,True,True,True,False,0.0,0.0,70.4808683698018,22.56844999427197,0.5848049653863149,341.80209449617865,435.4362178256387
2026-07-04T21:45:00Z,2026-07-04T22:00:00Z,2026-07-05,2026-07-04_96,31.896822360114967,67,100,0,17.02488004968942,10.0290372770186,0.02541196642651909,0.0,1.7177142857142855,True,True,True,False,1245.0127187711873,0.0,70.4808683698018,22.56844999427197,0.0,-67.43342094496178,1270.6286161902992
2026-07-04T22:00:00Z,2026-07-04T22:15:00Z,2026-07-05,2026-07-05_1,0.0,76,100,0,10.0290372770186,10.530668084472017,0.0017579461697722568,0.06036571428571429,0.6165714285714285,True,True,True,False,0.0,0.0,79.94844770305876,22.56844999427197,9.672218573010602,-30.94217577969439,81.24694049064694
2026-07-04T22:15:00Z,2026-07-04T22:30:00Z,2026-07-05,2026-07-05_2,0.0,76,100,0,10.530668084472017,16.39618063105587,0.016324560386473428,0.005211428571428571,6.381714285714285,True,True,True,False,0.0,0.0,79.94844770305876,22.56844999427197,0.8124511071469486,4983.582234587499,5086.911583391977
2026-07-04T22:30:00Z,2026-07-04T22:45:00Z,2026-07-05,2026-07-05_3,24.00000000000002,76,100,0,16.39618063105587,29.90204124223599,0.04351545131815044,0.0,20.86057142857143,True,True,True,False,846.0000000000008,0.0,79.94844770305876,22.56844999427197,0.0,18779.13855031668,19727.65544801401
2026-07-04T22:45:00Z,2026-07-04T23:00:00Z,2026-07-05,2026-07-05_4,0.0,76,100,0,29.90204124223599,43.25465838509313,0.03709060317460318,0.0,14.513714285714286,True,True,True,False,0.0,0.0,79.94844770305876,22.56844999427197,0.0,3718.544177427186,3821.0610751245167
2026-07-04T23:00:00Z,2026-07-04T23:15:00Z,2026-07-05,2026-07-05_5,100.0,0,100,0,43.25465838509313,25.96459627329189,0.048027950310559,0.0,9.093142857142858,True,True,True,False,4217.5,0.0,0.0,22.56844999427197,0.0,324.00159381154236,4564.070043805815
2026-07-04T23:15:00Z,2026-07-04T23:30:00Z,2026-07-05,2026-07-05_6,100.0,0,100,0,25.96459627329189,13.319875776397478,0.035124223602484475,0.0,13.36685714285714,True,True,True,False,3672.2499999999995,0.0,0.0,22.56844999427197,0.0,4238.85361482524,7933.672064819511
2026-07-04T23:30:00Z,2026-07-04T23:45:00Z,2026-07-05,2026-07-05_7,99.99999999999997,0,100,0,13.319875776397478,9.999999999999968,0.00922187715665978,0.0,21.945714285714285,True,True,True,False,3522.749999999999,0.0,0.0,22.56844999427197,0.0,21536.47494340158,25081.793393395852
2026-07-04T23:45:00Z,2026-07-05T00:00:00Z,2026-07-05,2026-07-05_8,52.77063953858822,0,100,0,9.999999999999968,9.999999999999964,0.03433733436090952,0.0,14.224571428571428,True,True,True,False,1675.8635851467154,0.0,0.0,22.56844999427197,0.0,13566.559386827705,15264.991421968693
2026-07-05T00:00:00Z,2026-07-05T00:15:00Z,2026-07-05,2026-07-05_9,0.0,100,100,0,9.999999999999964,18.537599999999962,0.023715555555555552,0.0,9.28,True,True,True,False,0.0,0.0,105.19532592507731,88.55539007904686,0.0,6439.537541528239,6633.288257532363
2026-07-05T00:15:00Z,2026-07-05T00:30:00Z,2026-07-05,2026-07-05_10,0.0,100,100,0,18.537599999999962,22.710719999999963,0.011592,0.0,4.536,True,True,True,False,0.0,0.0,105.19532592507731,88.55539007904686,0.0,492.2834001603848,686.034116164509
2026-07-05T00:30:00Z,2026-07-05T00:45:00Z,2026-07-05,2026-07-05_11,0.0,100,100,0,22.710719999999963,25.718857142857107,0.008355936507936508,0.0,3.269714285714286,True,True,True,False,0.0,0.0,105.19532592507731,88.55539007904686,0.0,77.75731928055906,271.5080352846832
2026-07-05T00:45:00Z,2026-07-05T01:00:00Z,2026-07-05,2026-07-05_12,0.0,100,100,0,25.718857142857107,27.422173416149032,0.004769391304347827,0.006285714285714285,1.858857142857143,True,True,True,False,0.0,0.0,105.19532592507731,88.55539007904686,0.9601274350959309,-76.40820679835687,118.30263664086323
2026-07-05T01:00:00Z,2026-07-05T01:15:00Z,2026-07-05,2026-07-05_13,-23.865488074860387,100,75,0,27.422173416149032,29.994122732919216,0.020161781455799395,2.8314285714285714,0.05185714285714286,True,True,True,False,-659.3437717882053,0.0,105.19532592507731,65.25661587810745,486.2570675744235,-2.713128406133905,-5.347890816730981
2026-07-05T01:15:00Z,2026-07-05T01:30:00Z,2026-07-05,2026-07-05_14,-25.0,100,75,0,29.994122732919216,22.956634534161456,0.035860324361628705,12.234285714285715,0.0,True,True,True,False,-704.9375,0.0,105.19532592507731,65.25661587810745,2920.068494181955,0.0,2385.5829359851396
2026-07-05T01:30:00Z,2026-07-05T01:45:00Z,2026-07-05,2026-07-05_15,-25.0,100,75,0,22.956634534161456,19.85155279503102,0.02974433816425121,8.472,0.0,True,True,True,False,-702.0625,0.0,105.19532592507731,65.25661587810745,1650.213733531905,0.0,1118.6031753350899
2026-07-05T01:45:00Z,2026-07-05T02:00:00Z,2026-07-05,2026-07-05_16,-25.0,100,75,0,19.85155279503102,12.970548571428537,0.035616948240165626,12.084571428571428,0.0,True,True,True,False,-693.75,0.0,105.19532592507731,65.25661587810745,2948.2371780981834,0.0,2424.939119901368
2026-07-05T02:00:00Z,2026-07-05T02:15:00Z,2026-07-05,2026-07-05_17,-100.0,100,0,0,12.970548571428537,17.54005714285711,0.012693079365079364,20.033142857142856,0.0,True,True,True,False,-2749.5,0.0,105.19532592507731,0.0,7518.670998805295,0.0,4874.366324730373
2026-07-05T02:15:00Z,2026-07-05T02:30:00Z,2026-07-05,2026-07-05_18,-100.0,100,0,0,17.54005714285711,25.32325714285711,0.021620000000000004,16.54,0.0,True,True,True,False,-2754.5,0.0,105.19532592507731,0.0,4115.615855195326,0.0,1466.311181120403
2026-07-05T02:30:00Z,2026-07-05T02:45:00Z,2026-07-05,2026-07-05_19,-100.0,100,0,0,25.32325714285711,36.56302857142854,0.031221587301587302,12.782857142857143,0.0,True,True,True,False,-2774.5,0.0,105.19532592507731,0.0,2981.795341199832,0.0,312.49066712490924
2026-07-05T02:45:00Z,2026-07-05T03:00:00Z,2026-07-05,2026-07-05_20,-20.788563398494738,100,0,0,36.56302857142854,40.02998925629281,0.015605470515612983,1.249142857142857,0.0,True,True,True,False,-563.3700680992074,0.0,105.19532592507731,0.0,213.8711735921313,0.0,-244.30356858199877
2026-07-05T03:00:00Z,2026-07-05T03:15:00Z,2026-07-05,2026-07-05_21,-0.9999999999999858,59,58,41,40.02998925629281,34.45393295815616,0.01630288019323671,5.3555142857142854,0.0,True,True,True,False,-28.142499999999597,369.88773055332797,62.04834459846488,13.08970099667774,1224.469308937368,0.0,1641.3525850858389
2026-07-05T03:15:00Z,2026-07-05T03:30:00Z,2026-07-05,2026-07-05_22,0.0,59,58,41,34.45393295815616,34.12143098548535,0.0009270045272601794,0.30646285714285715,0.0006628571428571429,True,True,True,False,0.0,369.88773055332797,62.04834459846488,13.08970099667774,52.22835342945518,-0.050624901123239995,497.20350467680254
2026-07-05T03:30:00Z,2026-07-05T03:45:00Z,2026-07-05,2026-07-05_23,-0.9622841279850443,59,58,41,34.12143098548535,32.47812877406067,0.005650951022893776,1.7197657142857143,0.0,True,True,True,False,-25.021793037931115,369.88773055332797,62.04834459846488,13.08970099667774,295.24286574363504,0.0,715.2468488541745
2026-07-05T03:45:00Z,2026-07-05T04:00:00Z,2026-07-05,2026-07-05_24,-0.5120890785777004,59,58,41,32.47812877406067,32.38913609937884,0.004209019910373118,0.7444114285714286,0.6535771428571429,True,True,True,False,-11.328690640835175,369.88773055332797,62.04834459846488,13.08970099667774,127.78323761517439,-31.43893991457048,530.0413832082393
2026-07-05T04:00:00Z,2026-07-05T04:15:00Z,2026-07-05,2026-07-05_25,0.0,86,85,14,32.38913609937884,25.381206062111758,0.01985374851621808,6.511428571428572,0.07577142857142857,True,True,True,False,0.0,126.30312750601443,77.98029556650246,19.183182495131174,1217.0965751817969,-3.9065673371192906,1436.6566134123257
2026-07-05T04:15:00Z,2026-07-05T04:30:00Z,2026-07-05,2026-07-05_26,0.0,86,85,14,25.381206062111758,17.652423453416105,0.021468840579710144,7.11048,0.0,True,True,True,False,0.0,126.30312750601443,77.98029556650246,19.183182495131174,1540.8986068965517,0.0,1764.3652124641997
2026-07-05T04:30:00Z,2026-07-05T04:45:00Z,2026-07-05,2026-07-05_27,0.0,86,85,14,17.652423453416105,17.60869565217387,0.00048391690821256037,0.10025142857142856,0.07091428571428571,True,True,True,False,0.0,126.30312750601443,77.98029556650246,19.183182495131174,16.390708515130186,-4.798351897615501,235.05896218516276
2026-07-05T04:45:00Z,2026-07-05T05:00:00Z,2026-07-05,2026-07-05_28,-0.47370225036496816,86,85,14,17.60869565217387,19.685221366459587,0.006783345977428388,0.16905142857142855,2.3382285714285715,True,True,True,False,-6.376032289912472,126.30312750601443,77.98029556650246,19.183182495131174,27.1877006802721,-21.235762062964724,223.04251189504296
2026-07-05T05:00:00Z,2026-07-05T05:15:00Z,2026-07-05,2026-07-05_29,0.0,100,100,0,19.685221366459587,12.066906832298095,0.02269239751552795,7.2622857142857145,0.29942857142857143,True,True,True,False,0.0,0.0,90.67476228663077,22.56844999427197,1527.580076591984,-13.93571466758315,1626.8875742053035
2026-07-05T05:15:00Z,2026-07-05T05:30:00Z,2026-07-05,2026-07-05_30,0.0,100,100,0,12.066906832298095,9.99999999999996,0.011801725327812283,2.905142857142857,1.1857142857142857,True,True,True,False,0.0,0.0,90.67476228663077,22.56844999427197,486.562338346726,-32.53073498846211,567.2748156391666
2026-07-05T05:30:00Z,2026-07-05T05:45:00Z,2026-07-05,2026-07-05_31,0.0,100,100,0,9.99999999999996,19.231883726708034,0.02576489440993789,0.02,10.058285714285715,True,True,True,False,0.0,0.0,90.67476228663077,22.56844999427197,2.467712987360141,7174.970010855986,7290.6809361242495
2026-07-05T05:45:00Z,2026-07-05T06:00:00Z,2026-07-05,2026-07-05_32,0.0,100,100,0,19.231883726708034,36.99892372670803,0.049352888888888884,0.0,19.311999999999998,True,True,True,False,0.0,0.0,90.67476228663077,22.56844999427197,0.0,17773.64031313247,17886.883525413374
2026-07-05T06:00:00Z,2026-07-05T06:15:00Z,2026-07-05,2026-07-05_33,39.99999999999999,60,100,0,36.99892372670803,29.822233242235978,0.031497460869565216,0.02537142857142857,3.770285714285714,True,True,True,False,239.69999999999996,0.0,63.54679802955664,20.592278611524804,2.4685963046004287,704.6325225711776,1030.9401955168594
2026-07-05T06:15:00Z,2026-07-05T06:30:00Z,2026-07-05,2026-07-05_34,39.99999999999999,60,100,0,29.822233242235978,18.957138086956476,0.033063486542443066,0.8492571428571428,0.9400000000000001,True,True,True,False,127.29999999999998,0.0,63.54679802955664,20.592278611524804,125.71418542461089,-8.74957039752549,328.4036916681668
2026-07-05T06:30:00Z,2026-07-05T06:45:00Z,2026-07-05,2026-07-05_35,38.013909671659434,60,100,0,18.957138086956476,17.993246211180065,0.03284939384220921,0.0,9.523428571428571,True,True,True,False,52.934369217785765,0.0,63.54679802955664,20.592278611524804,0.0,306.3520446895679,443.4254905484351
2026-07-05T06:45:00Z,2026-07-05T07:00:00Z,2026-07-05,2026-07-05_36,0.0,60,100,0,17.993246211180065,28.178434782608633,0.028292190476190474,0.0,11.070857142857141,True,True,True,False,0.0,0.0,63.54679802955664,20.592278611524804,0.0,1983.709301998265,2067.8483786393463
2026-07-05T07:00:00Z,2026-07-05T07:15:00Z,2026-07-05,2026-07-05_37,0.0,100,100,0,28.178434782608633,21.25415354037261,0.02178382884748102,6.792571428571429,0.49885714285714283,True,True,True,False,0.0,0.0,100.49833887043191,41.24183755298431,1148.5585408245097,-24.08628283390341,1266.2124344140225
2026-07-05T07:15:00Z,2026-07-05T07:30:00Z,2026-07-05,2026-07-05_38,0.0,100,100,0,21.25415354037261,22.112054658385034,0.009363734989648034,1.1560000000000001,2.2982857142857145,True,True,True,False,0.0,0.0,100.49833887043191,41.24183755298431,122.04834077977624,36.08563965762729,299.87415686081977
2026-07-05T07:30:00Z,2026-07-05T07:45:00Z,2026-07-05,2026-07-05_39,0.0,100,100,0,22.112054658385034,25.870199254658324,0.010522106280193236,0.013714285714285714,4.1011428571428565,True,True,True,False,0.0,0.0,100.49833887043191,41.24183755298431,1.193132906731257,90.50563114740682,233.4389404775543
2026-07-05T07:45:00Z,2026-07-05T08:00:00Z,2026-07-05,2026-07-05_40,0.0,100,100,0,25.870199254658324,38.8043478260869,0.03592819047619048,0.0,14.058857142857143,True,True,True,False,0.0,0.0,100.49833887043191,41.24183755298431,0.0,1636.372159795755,1778.112336219171
2026-07-05T08:00:00Z,2026-07-05T08:15:00Z,2026-07-05,2026-07-05_41,0.0,47,47,53,38.8043478260869,43.05817548322975,0.011816187936507938,0.0,4.623725714285714,True,True,True,False,0.0,478.1475541299117,45.995818535914765,20.675907893229464,0.0,92.18141524093197,637.000695799988
2026-07-05T08:15:00Z,2026-07-05T08:30:00Z,2026-07-05,2026-07-05_42,0.0,47,47,53,43.05817548322975,48.36137616894404,0.014731113015873015,0.0,5.764348571428571,True,True,True,False,0.0,478.1475541299117,45.995818535914765,20.675907893229464,0.0,812.5823023419471,1357.401582901003
2026-07-05T08:30:00Z,2026-07-05T08:45:00Z,2026-07-05,2026-07-05_43,0.0,47,47,53,48.36137616894404,49.428539368944044,0.002964342222222223,0.0,1.15996,True,True,True,False,0.0,478.1475541299117,45.995818535914765,20.675907893229464,0.0,-23.555776851109332,521.2635037079466
2026-07-05T08:45:00Z,2026-07-05T09:00:00Z,2026-07-05,2026-07-05_44,0.0,47,47,53,49.428539368944044,50.09221159751547,0.0018435339682539684,0.0,0.7213828571428571,True,True,True,False,0.0,478.1475541299117,45.995818535914765,20.675907893229464,0.0,-32.12587524016824,512.6934053188877
2026-07-05T09:00:00Z,2026-07-05T09:15:00Z,2026-07-05,2026-07-05_45,0.0,47,47,53,50.09221159751547,51.28415681987572,0.0033823185093167702,0.011817142857142856,1.3095542857142857,True,True,True,False,0.0,478.1475541299117,45.995818535914765,35.71170809943865,1.0626493625517568,-18.327359001467467,542.5903711263494
2026-07-05T09:15:00Z,2026-07-05T09:30:00Z,2026-07-05,2026-07-05_46,0.0,47,47,53,51.28415681987572,51.85539703850926,0.0015965092339544516,0.0016114285714285714,0.6228171428571428,True,True,True,False,0.0,478.1475541299117,45.995818535914765,35.71170809943865,0.14490673125705775,-24.57531750977857,535.4246699867437
2026-07-05T09:30:00Z,2026-07-05T09:45:00Z,2026-07-05,2026-07-05_47,0.0,47,47,53,51.85539703850926,51.91840763229808,0.0002463889855072464,0.011817142857142856,0.08245142857142858,True,True,True,False,0.0,478.1475541299117,45.995818535914765,35.71170809943865,1.0226180973110977,-4.723159888494291,556.1545389740819
2026-07-05T09:45:00Z,2026-07-05T10:00:00Z,2026-07-05,2026-07-05_48,0.0,47,47,53,51.91840763229808,51.85665862360242,0.00025663232574189095,0.07090285714285714,0.01665142857142857,True,True,True,False,0.0,478.1475541299117,45.995818535914765,35.71170809943865,6.230324245945371,-1.2564525647949636,564.8289524464155
2026-07-05T10:00:00Z,2026-07-05T10:15:00Z,2026-07-05,2026-07-05_49,0.0,47,47,53,51.85665862360242,51.765344804968876,0.000519952988267771,0.12810857142857143,0.052102857142857145,True,True,True,False,0.0,478.1475541299117,45.995818535914765,43.7613128651621,11.465978868467996,-3.2305084594864413,576.1401559399701
2026-07-05T10:15:00Z,2026-07-05T10:30:00Z,2026-07-05,2026-07-05_50,0.0,47,47,53,51.765344804968876,51.797825132919186,0.0005151368668046929,0.0703657142857143,0.11844,True,True,True,False,0.0,478.1475541299117,45.995818535914765,43.7613128651621,6.324221686878441,-7.6245382518043305,566.6043689660627
2026-07-05T10:30:00Z,2026-07-05T10:45:00Z,2026-07-05,2026-07-05_51,0.0,47,47,53,51.797825132919186,51.81059418633534,0.00023495199447895096,0.03303428571428572,0.05290857142857142,True,True,True,False,0.0,478.1475541299117,45.995818535914765,43.7613128651621,2.8687868353436,-3.483061751468831,567.2904106148634
2026-07-05T10:45:00Z,2026-07-05T11:00:00Z,2026-07-05,2026-07-05_52,0.0,47,47,53,51.81059418633534,51.7667212919254,0.00023168502415458935,0.05854857142857143,0.021485714285714285,True,True,True,False,0.0,478.1475541299117,45.995818535914765,43.7613128651621,5.199637211484434,-1.54925726505518,571.5550654774179
2026-07-05T11:00:00Z,2026-07-05T11:15:00Z,2026-07-05,2026-07-05_53,0.0,47,47,53,51.7667212919254,51.44754073043472,0.0010060374327122154,0.31342285714285717,0.023365714285714285,True,True,True,False,0.0,478.1475541299117,45.995818535914765,43.7613128651621,28.18376079734219,-1.7081232083531088,594.3803231199777
2026-07-05T11:15:00Z,2026-07-05T11:30:00Z,2026-07-05,2026-07-05_54,0.0,47,47,53,51.44754073043472,48.91508731428565,0.007034592822636301,2.329857142857143,0.0,True,True,True,False,0.0,478.1475541299117,45.995818535914765,43.7613128651621,320.6611914854154,0.0,888.565877016404
2026-07-05T11:30:00Z,2026-07-05T11:45:00Z,2026-07-05,2026-07-05_55,0.0,47,47,53,48.91508731428565,48.258951433540304,0.0018280904623878536,0.6045542857142857,0.0010742857142857143,True,True,True,False,0.0,478.1475541299117,45.995818535914765,43.7613128651621,54.36302104097452,-0.08204725354456137,622.1856593184185
2026-07-05T11:45:00Z,2026-07-05T12:00:00Z,2026-07-05,2026-07-05_56,0.0,47,47,53,48.258951433540304,44.87582720993782,0.009397567287784679,3.1124742857142857,0.0,True,True,True,False,0.0,478.1475541299117,45.995818535914765,43.7613128651621,462.9584131253784,0.0,1030.863098656367
2026-07-05T12:00:00Z,2026-07-05T12:15:00Z,2026-07-05,2026-07-05_57,-46.999999999999986,0,0,53,44.87582720993782,55.68582720993781,0.030027777777777768,0.0,0.0,True,False,True,False,-0.0,478.1475541299117,0.0,0.0,0.0,0.0,478.1475541299117
2026-07-05T12:15:00Z,2026-07-05T12:30:00Z,2026-07-05,2026-07-05_58,-47.0,0,0,53,55.68582720993781,66.49582720993781,0.030027777777777778,0.0,0.0,True,False,True,False,-0.0,478.1475541299117,0.0,0.0,0.0,0.0,478.1475541299117
2026-07-05T12:30:00Z,2026-07-05T12:45:00Z,2026-07-05,2026-07-05_59,-47.000000000000014,0,0,53,66.49582720993781,77.30582720993782,0.03002777777777779,0.0,0.0,True,False,True,False,-0.0,478.1475541299117,0.0,0.0,0.0,0.0,478.1475541299117
2026-07-05T12:45:00Z,2026-07-05T13:00:00Z,2026-07-05,2026-07-05_60,-47.0,0,0,53,77.30582720993782,88.11582720993782,0.030027777777777778,0.0,0.0,True,False,True,False,-0.0,478.1475541299117,0.0,0.0,0.0,0.0,478.1475541299117
2026-07-05T13:00:00Z,2026-07-05T13:15:00Z,2026-07-05,2026-07-05_61,-78.00000000000003,100,22,0,88.11582720993782,101.27988224596267,0.04321388648723259,5.003428571428572,0.011942857142857144,True,True,True,False,-0.0,0.0,97.86344369343568,2.7975713140107685,2662.476679268339,-0.7726395103350081,2762.3650547654506
2026-07-05T13:15:00Z,2026-07-05T13:30:00Z,2026-07-05,2026-07-05_62,-78.00000000000003,100,22,0,101.27988224596267,117.07133904099373,0.046848594616977234,2.245714285714286,0.0,True,True,True,False,-0.0,0.0,97.86344369343568,2.7975713140107685,275.05090421092257,0.0,375.711919218369
2026-07-05T13:30:00Z,2026-07-05T13:45:00Z,2026-07-05,2026-07-05_63,-78.00000000000003,100,22,0,117.07133904099373,127.41544609192542,0.039281180731539,7.939428571428571,0.0,True,True,True,False,-0.0,0.0,97.86344369343568,2.7975713140107685,2270.321242055764,0.0,2370.9822570632105
2026-07-05T13:45:00Z,2026-07-05T14:00:00Z,2026-07-05,2026-07-05_64,-78.00000000000003,100,22,0,127.41544609192542,144.12519359006208,0.048281182663906165,1.404,0.12282285714285715,True,True,True,False,-0.0,0.0,97.86344369343568,2.7975713140107685,193.1077695039523,-6.25459933991239,287.51418517148636
2026-07-05T14:00:00Z,2026-07-05T14:15:00Z,2026-07-05,2026-07-05_65,-47.0,0,0,53,144.12519359006208,154.93519359006208,0.030027777777777778,0.0,0.0,True,False,True,False,-0.11750000000000001,478.1475541299117,0.0,0.0,0.0,0.0,478.0300541299117
2026-07-05T14:15:00Z,2026-07-05T14:30:00Z,2026-07-05,2026-07-05_66,-46.4556800432081,0,0,53,154.93519359006208,165.61999999999995,0.029680017805382954,0.0,0.0,True,False,True,False,-0.464556800432081,478.1475541299117,0.0,0.0,0.0,0.0,477.68299732947963
2026-07-05T14:30:00Z,2026-07-05T14:45:00Z,2026-07-05,2026-07-05_67,0.0,0,0,53,165.61999999999995,165.61999999999995,0.0,0.0,0.0,True,False,True,False,0.0,478.1475541299117,0.0,0.0,0.0,0.0,478.1475541299117
2026-07-05T14:45:00Z,2026-07-05T15:00:00Z,2026-07-05,2026-07-05_68,0.0,0,0,53,165.61999999999995,165.61999999999995,0.0,0.0,0.0,True,False,True,False,0.0,478.1475541299117,0.0,0.0,0.0,0.0,478.1475541299117
2026-07-05T15:00:00Z,2026-07-05T15:15:00Z,2026-07-05,2026-07-05_69,-100.0,0,0,0,165.61999999999995,188.61999999999995,0.06388888888888888,0.0,0.0,True,False,True,False,-2.5,0.0,0.0,0.0,0.0,0.0,-2.5
2026-07-05T15:15:00Z,2026-07-05T15:30:00Z,2026-07-05,2026-07-05_70,-6.00000000000001,0,0,0,188.61999999999995,189.99999999999994,0.0038333333333333396,0.0,0.0,True,False,True,False,-14.430000000000023,0.0,0.0,0.0,0.0,0.0,-14.430000000000023
2026-07-05T15:30:00Z,2026-07-05T15:45:00Z,2026-07-05,2026-07-05_71,1.0459189070388675e-13,0,0,0,189.99999999999994,189.99999999999991,7.894919286223336e-17,0.0,0.0,True,False,True,False,2.6851353140955326e-12,0.0,0.0,0.0,0.0,0.0,2.6851353140955326e-12
2026-07-05T15:45:00Z,2026-07-05T16:00:00Z,2026-07-05,2026-07-05_72,100.0,0,0,0,189.99999999999991,162.82608695652166,0.0754830917874396,0.0,0.0,True,False,True,False,3697.75,0.0,0.0,0.0,0.0,0.0,3697.75
2026-07-05T16:00:00Z,2026-07-05T16:15:00Z,2026-07-05,2026-07-05_73,0.0,0,41,59,162.82608695652166,162.8278112993788,4.7898412698412705e-06,0.0,0.0018742857142857144,True,True,True,False,0.0,532.2774659182037,0.0,9.253064497651506,0.0,-0.1452934662236988,541.3852369496315
2026-07-05T16:15:00Z,2026-07-05T16:30:00Z,2026-07-05,2026-07-05_74,41.0,0,41,59,162.8278112993788,151.6865069515527,0.03094806763285024,0.0,0.0,True,True,True,False,1411.0149999999999,532.2774659182037,0.0,9.253064497651506,0.0,0.0,1952.545530415855
2026-07-05T16:30:00Z,2026-07-05T16:45:00Z,2026-07-05,2026-07-05_75,41.0,0,41,59,151.6865069515527,141.00842620621108,0.02966133540372671,0.0,0.42616571428571426,True,True,True,False,1692.48,532.2774659182037,0.0,9.253064497651506,0.0,-23.689163401687857,2210.321367014167
2026-07-05T16:45:00Z,2026-07-05T17:00:00Z,2026-07-05,2026-07-05_76,41.0,0,41,59,141.00842620621108,130.65987341118003,0.02874597998619737,0.0,0.7293314285714285,True,True,True,False,1691.25,532.2774659182037,0.0,9.253064497651506,0.0,-42.78287626248575,2189.9976541533692
2026-07-05T17:00:00Z,2026-07-05T17:15:00Z,2026-07-05,2026-07-05_77,38.11621252543549,0,39,61,130.65987341118003,120.33962285714279,0.02867136354197245,0.0,0.03454285714285714,True,True,True,False,1138.817139728699,550.3207698476343,0.0,8.801695497766067,0.0,-2.677740863787375,1695.261864210312
2026-07-05T17:15:00Z,2026-07-05T17:30:00Z,2026-07-05,2026-07-05_78,39.0,0,39,61,120.33962285714279,109.74712596273285,0.02942360248447205,0.0,0.004902857142857142,True,True,True,False,1213.9725,550.3207698476343,0.0,8.801695497766067,0.0,-0.38006644518272414,1772.7148989002178
2026-07-05T17:30:00Z,2026-07-05T17:45:00Z,2026-07-05,2026-07-05_79,39.0,0,39,61,109.74712596273285,99.23480919254652,0.02920087991718427,0.0,0.07866857142857142,True,True,True,False,1289.145,550.3207698476343,0.0,8.801695497766067,0.0,-6.098338870431893,1842.1691264749684
2026-07-05T17:45:00Z,2026-07-05T18:00:00Z,2026-07-05,2026-07-05_80,39.0,0,39,61,99.23480919254652,90.86361664596267,0.023253312629399586,0.0,2.048502857142857,True,True,True,False,1494.9675000000002,550.3207698476343,0.0,8.801695497766067,0.0,382.89840655941606,2436.9883719048166
2026-07-05T18:00:00Z,2026-07-05T18:15:00Z,2026-07-05,2026-07-05_81,7.0,0,7,93,90.86361664596267,89.15257316770179,0.004752898550724638,0.0,0.17584,True,True,True,False,214.9,839.0136327185244,0.0,1.5797914995990379,0.0,-9.380315637530071,1046.1131085805935
2026-07-05T18:15:00Z,2026-07-05T18:30:00Z,2026-07-05,2026-07-05_82,7.0,0,7,93,89.15257316770179,87.263834037267,0.005246497584541062,0.0,0.01236,True,True,True,False,245.805,839.0136327185244,0.0,1.5797914995990379,0.0,-0.9581395348837208,1085.4402846832397
2026-07-05T18:30:00Z,2026-07-05T18:45:00Z,2026-07-05,2026-07-05_83,7.0,0,7,93,87.263834037267,85.36166012422353,0.005283816425120773,0.0,0.0,True,True,True,False,260.7325,839.0136327185244,0.0,1.5797914995990379,0.0,0.0,1101.3259242181234
2026-07-05T18:45:00Z,2026-07-05T19:00:00Z,2026-07-05,2026-07-05_84,7.0,0,7,93,85.36166012422353,83.45948621118005,0.005283816425120773,0.0,0.0,True,True,True,False,276.8675,839.0136327185244,0.0,1.5797914995990379,0.0,0.0,1117.4609242181234
2026-07-05T19:00:00Z,2026-07-05T19:15:00Z,2026-07-05,2026-07-05_85,0.0,100,100,0,83.45948621118005,72.58495204968936,0.030207039337474113,10.004571428571428,0.0,True,True,True,False,0.0,0.0,91.99220987512886,22.56844999427197,3910.4246796392968,0.0,4024.9853395086975
2026-07-05T19:15:00Z,2026-07-05T19:30:00Z,2026-07-05,2026-07-05_86,0.0,100,100,0,72.58495204968936,56.429672546583774,0.044875776397515534,14.862857142857145,0.0,True,True,True,False,0.0,0.0,91.99220987512886,22.56844999427197,4837.747338101239,0.0,4952.30799797064
2026-07-05T19:30:00Z,2026-07-05T19:45:00Z,2026-07-05,2026-07-05_87,0.0,100,100,0,56.429672546583774,43.42656695652166,0.03611973775017253,11.962857142857143,0.0,True,True,True,False,0.0,0.0,91.99220987512886,22.56844999427197,3045.368741305664,0.0,3159.929401175065
2026-07-05T19:45:00Z,2026-07-05T20:00:00Z,2026-07-05,2026-07-05_88,0.0,100,100,0,43.42656695652166,35.32656695652166,0.0225,7.452,0.0,True,True,True,False,0.0,0.0,91.99220987512886,22.56844999427197,1815.5723610952,0.0,1930.1330209646007
2026-07-05T20:00:00Z,2026-07-05T20:15:00Z,2026-07-05,2026-07-05_89,0.0,100,100,0,35.32656695652166,23.855138385093092,0.03186507936507936,10.553714285714285,0.0,True,True,True,False,0.0,0.0,105.22396609004468,22.56844999427197,3189.4669024434147,0.0,3317.2593185277315
2026-07-05T20:15:00Z,2026-07-05T20:30:00Z,2026-07-05,2026-07-05_90,0.0,100,100,0,23.855138385093092,17.347684968944023,0.018076259489302967,5.986857142857143,0.0,True,True,True,False,0.0,0.0,105.22396609004468,22.56844999427197,1371.7383285054198,0.0,1499.5307445897365
2026-07-05T20:30:00Z,2026-07-05T20:45:00Z,2026-07-05,2026-07-05_91,0.0,100,100,0,17.347684968944023,14.337125962732843,0.008362663906142168,2.769714285714286,0.0,True,True,True,False,0.0,0.0,105.22396609004468,22.56844999427197,479.7416540377178,0.0,607.5340701220344
2026-07-05T20:45:00Z,2026-07-05T21:00:00Z,2026-07-05,2026-07-05_92,0.0,100,100,0,14.337125962732843,9.999999999999924,0.012917921325051759,4.134285714285714,0.17028571428571426,True,True,True,False,0.0,0.0,105.22396609004468,22.56844999427197,929.6285676098828,-8.262111734830258,1049.1588719593692
2026-07-05T21:00:00Z,2026-07-05T21:15:00Z,2026-07-06,2026-07-05_93,-99.66484789653482,100,0,0,9.999999999999924,29.87770399736479,0.05528279390320331,3.308,0.0,True,True,True,False,-3742.913362754365,0.0,105.19532592507731,0.0,672.2495948371328,0.0,-2965.468441992155
2026-07-05T21:15:00Z,2026-07-05T21:30:00Z,2026-07-06,2026-07-05_94,-100.0,100,0,0,29.87770399736479,50.76380685450765,0.058016952380952384,2.2977142857142856,0.0,True,True,True,False,-3252.7500000000005,0.0,105.19532592507731,0.0,462.17952091823093,0.0,-2685.3751531566922
2026-07-05T21:30:00Z,2026-07-05T21:45:00Z,2026-07-06,2026-07-05_95,0.0,100,0,0,50.76380685450765,50.36380685450765,0.0011111111111111111,0.368,0.0,True,True,True,False,0.0,0.0,105.19532592507731,0.0,62.10279298888762,0.0,167.29811891396494
2026-07-05T21:45:00Z,2026-07-05T22:00:00Z,2026-07-06,2026-07-05_96,-60.80008361934288,100,0,0,50.36380685450765,64.34782608695652,0.038844497867913504,0.0,0.0,True,True,True,False,-1993.0267410420597,0.0,105.19532592507731,0.0,0.0,0.0,-1887.8314151169825
2026-07-05T22:00:00Z,2026-07-05T22:15:00Z,2026-07-06,2026-07-06_1,0.0,0,0,100,64.34782608695652,64.34782608695652,0.0,0.0,0.0,True,True,True,False,0.0,995.2457326154198,0.0,0.0,0.0,0.0,995.2457326154198
2026-07-05T22:15:00Z,2026-07-05T22:30:00Z,2026-07-06,2026-07-06_2,0.0,0,0,100,64.34782608695652,64.34782608695652,0.0,0.0,0.0,True,True,True,False,0.0,995.2457326154198,0.0,0.0,0.0,0.0,995.2457326154198
2026-07-05T22:30:00Z,2026-07-05T22:45:00Z,2026-07-06,2026-07-06_3,0.0,0,0,100,64.34782608695652,64.34782608695652,0.0,0.0,0.0,True,True,True,False,0.0,995.2457326154198,0.0,0.0,0.0,0.0,995.2457326154198
2026-07-05T22:45:00Z,2026-07-05T23:00:00Z,2026-07-06,2026-07-06_4,0.0,0,0,100,64.34782608695652,64.34782608695652,0.0,0.0,0.0,True,True,True,False,0.0,995.2457326154198,0.0,0.0,0.0,0.0,995.2457326154198
2026-07-05T23:00:00Z,2026-07-05T23:15:00Z,2026-07-06,2026-07-06_5,0.0,0,0,100,64.34782608695652,64.34782608695652,0.0,0.0,0.0,True,True,True,False,0.0,995.2457326154198,0.0,0.0,0.0,0.0,995.2457326154198
2026-07-05T23:15:00Z,2026-07-05T23:30:00Z,2026-07-06,2026-07-06_6,0.0,0,0,100,64.34782608695652,64.34782608695652,0.0,0.0,0.0,True,True,True,False,0.0,995.2457326154198,0.0,0.0,0.0,0.0,995.2457326154198
2026-07-05T23:30:00Z,2026-07-05T23:45:00Z,2026-07-06,2026-07-06_7,0.0,0,0,100,64.34782608695652,64.34782608695652,0.0,0.0,0.0,True,True,True,False,0.0,995.2457326154198,0.0,0.0,0.0,0.0,995.2457326154198
2026-07-05T23:45:00Z,2026-07-06T00:00:00Z,2026-07-06,2026-07-06_8,0.0,0,0,100,64.34782608695652,64.34782608695652,0.0,0.0,0.0,True,True,True,False,0.0,995.2457326154198,0.0,0.0,0.0,0.0,995.2457326154198
2026-07-06T00:00:00Z,2026-07-06T00:15:00Z,2026-07-06,2026-07-06_9,0.0,0,0,100,64.34782608695652,64.34782608695652,0.0,0.0,0.0,True,True,True,False,0.0,995.2457326154198,0.0,0.0,0.0,0.0,995.2457326154198
2026-07-06T00:15:00Z,2026-07-06T00:30:00Z,2026-07-06,2026-07-06_10,0.0,0,0,100,64.34782608695652,64.34782608695652,0.0,0.0,0.0,True,True,True,False,0.0,995.2457326154198,0.0,0.0,0.0,0.0,995.2457326154198
2026-07-06T00:30:00Z,2026-07-06T00:45:00Z,2026-07-06,2026-07-06_11,0.0,0,0,100,64.34782608695652,64.34782608695652,0.0,0.0,0.0,True,True,True,False,0.0,995.2457326154198,0.0,0.0,0.0,0.0,995.2457326154198
2026-07-06T00:45:00Z,2026-07-06T01:00:00Z,2026-07-06,2026-07-06_12,0.0,0,0,100,64.34782608695652,64.34782608695652,0.0,0.0,0.0,True,True,True,False,0.0,995.2457326154198,0.0,0.0,0.0,0.0,995.2457326154198
2026-07-06T01:00:00Z,2026-07-06T01:15:00Z,2026-07-06,2026-07-06_13,-77.0,100,23,0,64.34782608695652,67.7842379726708,0.03023050920634921,14.893142857142857,0.0,True,True,True,False,-2390.6575,0.0,105.19532592507731,21.38217436132432,3743.5891167373125,0.0,1479.5091170237142
2026-07-06T01:15:00Z,2026-07-06T01:30:00Z,2026-07-06,2026-07-06_14,-77.0,100,23,0,67.7842379726708,69.71568802981365,0.028231012063492062,16.46342857142857,0.0,True,True,True,False,-2386.6150000000002,0.0,105.19532592507731,21.38217436132432,4193.751472104479,0.0,1933.7139723908804
2026-07-06T01:30:00Z,2026-07-06T01:45:00Z,2026-07-06,2026-07-06_15,-0.13434189273699665,100,23,0,69.71568802981365,63.49818684223606,0.017403016089554323,5.749714285714285,0.0,True,True,True,False,-4.2334488948746065,0.0,105.19532592507731,21.38217436132432,1266.6376636171708,0.0,1388.9817150086978
2026-07-06T01:45:00Z,2026-07-06T02:00:00Z,2026-07-06,2026-07-06_16,0.0,100,23,0,63.49818684223606,58.603155786335435,0.013597308488612837,4.503428571428572,0.0,True,True,True,False,0.0,0.0,105.19532592507731,21.38217436132432,933.7395764528748,0.0,1060.3170767392764
2026-07-06T02:00:00Z,2026-07-06T02:15:00Z,2026-07-06,2026-07-06_17,0.0,43,43,57,58.603155786335435,51.483317277018664,0.019777329192546586,6.550251428571429,0.0,True,True,True,False,0.0,567.2900675907892,45.233990147783246,40.59113300492611,1694.8109590429278,0.0,2347.9261497864263
2026-07-06T02:15:00Z,2026-07-06T02:30:00Z,2026-07-06,2026-07-06_18,0.0,43,43,57,51.483317277018664,46.69829864347829,0.013291718426501037,4.402217142857143,0.0,True,True,True,False,0.0,567.2900675907892,45.233990147783246,40.59113300492611,941.2729345531317,0.0,1594.3881252966303
2026-07-06T02:30:00Z,2026-07-06T02:45:00Z,2026-07-06,2026-07-06_19,0.0,43,43,57,46.69829864347829,42.731882494409966,0.011017822636300896,3.649102857142857,0.0,True,True,True,False,0.0,567.2900675907892,45.233990147783246,40.59113300492611,741.6867399014778,0.0,1394.8019306449764
2026-07-06T02:45:00Z,2026-07-06T03:00:00Z,2026-07-06,2026-07-06_20,9.237055564881302e-14,43,43,57,42.731882494409966,42.20138236024845,0.0015577549758454803,0.5019942857142857,0.016462857142857144,True,True,True,False,2.9761793030047557e-12,567.2900675907892,45.233990147783246,40.59113300492611,85.80801280788178,-0.8476670889045275,738.0755364624788
2026-07-06T03:00:00Z,2026-07-06T03:15:00Z,2026-07-06,2026-07-06_21,0.0,100,100,0,42.20138236024845,42.39244223602485,0.005751563837129053,0.8645714285714284,1.2291428571428569,True,True,True,False,0.0,0.0,105.16668576010997,20.248596631916598,147.93920844039297,-59.20603767409128,214.14845315832827
2026-07-06T03:15:00Z,2026-07-06T03:30:00Z,2026-07-06,2026-07-06_22,0.0,100,100,0,42.39244223602485,45.57456894409938,0.010247108350586611,0.2331428571428571,3.7342857142857144,True,True,True,False,0.0,0.0,105.16668576010997,20.248596631916598,39.824542821138074,-179.55929332438672,-14.319468111222072
2026-07-06T03:30:00Z,2026-07-06T03:45:00Z,2026-07-06,2026-07-06_23,0.0,100,100,0,45.57456894409938,51.48570037267081,0.016419809523809524,0.0,6.425142857142857,True,True,True,False,0.0,0.0,105.16668576010997,20.248596631916598,0.0,-143.96765854377037,-18.5523761517438
2026-07-06T03:45:00Z,2026-07-06T04:00:00Z,2026-07-06,2026-07-06_24,0.0,100,100,0,51.48570037267081,64.34782608695653,0.03572812698412698,0.0,13.980571428571428,True,True,True,False,0.0,0.0,105.16668576010997,20.248596631916598,0.0,2579.7643155546098,2705.1795979466365
2026-07-06T04:00:00Z,2026-07-06T04:15:00Z,2026-07-06,2026-07-06_25,0.0,0,0,100,64.34782608695653,64.34782608695653,0.0,0.0,0.0,True,True,True,False,0.0,995.2457326154198,0.0,0.0,0.0,0.0,995.2457326154198
2026-07-06T04:15:00Z,2026-07-06T04:30:00Z,2026-07-06,2026-07-06_26,0.0,0,0,100,64.34782608695653,64.34782608695653,0.0,0.0,0.0,True,True,True,False,0.0,995.2457326154198,0.0,0.0,0.0,0.0,995.2457326154198
2026-07-06T04:30:00Z,2026-07-06T04:45:00Z,2026-07-06,2026-07-06_27,0.0,0,0,100,64.34782608695653,64.34782608695653,0.0,0.0,0.0,True,True,True,False,0.0,995.2457326154198,0.0,0.0,0.0,0.0,995.2457326154198
2026-07-06T04:45:00Z,2026-07-06T05:00:00Z,2026-07-06,2026-07-06_28,0.0,0,0,100,64.34782608695653,64.34782608695653,0.0,0.0,0.0,True,True,True,False,0.0,995.2457326154198,0.0,0.0,0.0,0.0,995.2457326154198
2026-07-06T05:00:00Z,2026-07-06T05:15:00Z,2026-07-06,2026-07-06_29,0.0,0,0,100,64.34782608695653,64.34782608695653,0.0,0.0,0.0,True,True,True,False,0.0,995.2457326154198,0.0,0.0,0.0,0.0,995.2457326154198
2026-07-06T05:15:00Z,2026-07-06T05:30:00Z,2026-07-06,2026-07-06_30,0.0,0,0,100,64.34782608695653,64.34782608695653,0.0,0.0,0.0,True,True,True,False,0.0,995.2457326154198,0.0,0.0,0.0,0.0,995.2457326154198
2026-07-06T05:30:00Z,2026-07-06T05:45:00Z,2026-07-06,2026-07-06_31,0.0,0,0,100,64.34782608695653,64.34782608695653,0.0,0.0,0.0,True,True,True,False,0.0,995.2457326154198,0.0,0.0,0.0,0.0,995.2457326154198
2026-07-06T05:45:00Z,2026-07-06T06:00:00Z,2026-07-06,2026-07-06_32,0.0,0,0,100,64.34782608695653,64.34782608695653,0.0,0.0,0.0,True,True,True,False,0.0,995.2457326154198,0.0,0.0,0.0,0.0,995.2457326154198
2026-07-06T06:00:00Z,2026-07-06T06:15:00Z,2026-07-06,2026-07-06_33,100.0,0,100,0,64.34782608695653,37.23788819875777,0.07530538302277431,0.0,0.05885714285714285,True,True,True,False,3797.0,0.0,0.0,18.61610722877764,0.0,-4.123315167285839,3811.492792061492
2026-07-06T06:15:00Z,2026-07-06T06:30:00Z,2026-07-06,2026-07-06_34,100.0,0,100,0,37.23788819875777,12.19006211180125,0.06957729468599033,0.0,1.9560000000000002,True,True,True,False,3283.75,0.0,0.0,18.61610722877764,0.0,-2.1963638446557456,3300.169743384122
2026-07-06T06:30:00Z,2026-07-06T06:45:00Z,2026-07-06,2026-07-06_35,47.49153463410321,0,100,0,12.19006211180125,10.000000000000004,0.03486114537036122,0.0,10.722857142857144,True,True,True,False,1452.5285867840466,0.0,0.0,18.61610722877764,0.0,106.21103219154544,1577.3557262043698
2026-07-06T06:45:00Z,2026-07-06T07:00:00Z,2026-07-06,2026-07-06_36,0.8445007933299904,0,100,0,10.000000000000004,20.220884472049697,0.029087869494899027,0.0,11.341714285714286,True,True,True,False,23.22166056459141,0.0,0.0,18.61610722877764,0.0,1498.295591378492,1540.133359171861
2026-07-06T07:00:00Z,2026-07-06T07:15:00Z,2026-07-06,2026-07-06_37,0.0,100,100,0,20.220884472049697,25.69343403726709,0.01533955279503106,0.022857142857142857,5.975428571428572,True,True,True,False,0.0,0.0,99.55321342650933,41.24183755298431,2.1045338744960693,2532.996881222417,2675.896466076407
2026-07-06T07:15:00Z,2026-07-06T07:30:00Z,2026-07-06,2026-07-06_38,0.0,100,100,0,25.69343403726709,33.911543850931686,0.022841885438233265,0.002285714285714286,8.935428571428572,True,True,True,False,0.0,0.0,99.55321342650933,41.24183755298431,0.17456862456289654,782.3967989569526,923.3664185610091
2026-07-06T07:30:00Z,2026-07-06T07:45:00Z,2026-07-06,2026-07-06_39,0.0,100,100,0,33.911543850931686,47.795132422360254,0.03856552380952381,0.0,15.090857142857143,True,True,True,False,0.0,0.0,99.55321342650933,41.24183755298431,0.0,455.6358921820533,596.4309431615469
2026-07-06T07:45:00Z,2026-07-06T08:00:00Z,2026-07-06,2026-07-06_40,0.0,100,100,0,47.795132422360254,45.32608695652175,0.012223665976535542,3.16,1.0497142857142858,True,True,True,False,0.0,0.0,99.55321342650933,41.24183755298431,512.2797189445145,-10.81882755347528,642.2559423705328
2026-07-06T08:00:00Z,2026-07-06T08:15:00Z,2026-07-06,2026-07-06_41,0.9999999999999727,34,35,65,45.32608695652175,45.416429555279514,0.001967445797101431,0.04701714285714286,0.44680000000000003,True,True,True,False,22.36999999999939,646.9097262000229,32.70878680261198,15.396952686447474,6.284034062702869,-13.636553709856038,710.0329460419285
2026-07-06T08:15:00Z,2026-07-06T08:30:00Z,2026-07-06,2026-07-06_42,0.9999999999999729,34,35,65,45.416429555279514,46.94128149068325,0.005412442401656303,0.0003885714285714286,1.9431999999999998,True,True,True,False,18.85499999999949,646.9097262000229,32.70878680261198,15.396952686447474,0.05193416580746173,-8.983599037690457,704.9388008171989
2026-07-06T08:30:00Z,2026-07-06T08:45:00Z,2026-07-06,2026-07-06_43,0.0,34,35,65,46.94128149068325,49.239993490683254,0.00638531111111111,0.0,2.4985999999999997,True,True,True,False,0.0,646.9097262000229,32.70878680261198,15.396952686447474,0.0,-15.383559705197236,679.6319059838851
2026-07-06T08:45:00Z,2026-07-06T09:00:00Z,2026-07-06,2026-07-06_44,0.0,34,35,65,49.239993490683254,49.665150757763996,0.0013030075914423741,0.020205714285714285,0.486,True,True,True,False,0.0,646.9097262000229,32.70878680261198,15.396952686447474,2.7005766219880094,-1.7935250315041813,695.9225172795661
2026-07-06T09:00:00Z,2026-07-06T09:15:00Z,2026-07-06,2026-07-06_45,38.00000000000004,62,100,0,49.665150757763996,44.33214683229814,0.03090280138026227,0.0,5.077142857142857,True,True,True,False,718.4850000000008,0.0,59.6454347577042,75.98235765838011,0.0,-83.4567353485099,770.6560570675753
2026-07-06T09:15:00Z,2026-07-06T09:30:00Z,2026-07-06,2026-07-06_46,38.00000000000004,62,100,0,44.33214683229814,41.31210793540373,0.031941989951690834,0.003188571428571428,7.432571428571428,True,True,True,False,682.0050000000008,0.0,59.6454347577042,75.98235765838011,0.4257595797260363,1550.182305069582,2368.2408570653934
2026-07-06T09:30:00Z,2026-07-06T09:45:00Z,2026-07-06,2026-07-06_47,37.67834916007203,62,100,0,41.31210793540373,42.53523875776399,0.03374698880757633,0.0,11.661142857142858,True,True,True,False,619.5262560644843,0.0,59.6454347577042,75.98235765838011,0.0,277.2543920920413,1032.4084405726098
2026-07-06T09:45:00Z,2026-07-06T10:00:00Z,2026-07-06,2026-07-06_48,0.0,62,100,0,42.53523875776399,49.67391304347828,0.019829650793650795,0.0,7.759428571428571,True,True,True,False,0.0,0.0,59.6454347577042,75.98235765838011,0.0,-11.224162916168872,124.40362949991544
2026-07-06T10:00:00Z,2026-07-06T10:15:00Z,2026-07-06,2026-07-06_49,0.0,27,27,73,49.67391304347828,50.44894680248449,0.003137654161490683,0.16307999999999997,1.035102857142857,True,True,True,False,0.0,726.5293848092564,25.97462481383893,25.13947760339099,21.53908353763317,-18.975502256845,780.2070685072745
2026-07-06T10:15:00Z,2026-07-06T10:30:00Z,2026-07-06,2026-07-06_50,0.0,27,27,73,50.44894680248449,51.40791274534163,0.002663794285714286,0.0,1.0423542857142858,True,True,True,False,0.0,726.5293848092564,25.97462481383893,25.13947760339099,0.0,-1.5264935600543346,776.116993666432
2026-07-06T10:30:00Z,2026-07-06T10:45:00Z,2026-07-06,2026-07-06_51,0.0,27,27,73,51.40791274534163,54.06798655403728,0.0073918889440993795,0.00046285714285714284,2.8919314285714286,True,True,True,False,0.0,726.5293848092564,25.97462481383893,25.13947760339099,0.05293684434479485,102.94644204048902,880.6428661113201
2026-07-06T10:45:00Z,2026-07-06T11:00:00Z,2026-07-06,2026-07-06_52,0.0,27,27,73,54.06798655403728,57.86595158260871,0.010549902857142858,0.0,4.128222857142857,True,True,True,False,0.0,726.5293848092564,25.97462481383893,25.13947760339099,0.0,133.99186393139453,911.6353511578808
2026-07-06T11:00:00Z,2026-07-06T11:15:00Z,2026-07-06,2026-07-06_53,0.0,27,25,73,57.86595158260871,58.92198015403728,0.0029334126984126986,0.0,1.147857142857143,True,True,True,False,0.0,726.5293848092564,25.97462481383893,23.27729407721388,0.0,-9.460276773098974,766.3210269272103
2026-07-06T11:15:00Z,2026-07-06T11:30:00Z,2026-07-06,2026-07-06_54,-1.9999999999999005,27,25,73,58.92198015403728,60.197625868322966,0.0035434603174602543,0.0,0.8865714285714286,True,True,True,False,-16.0849999999992,726.5293848092564,25.97462481383893,23.27729407721388,0.0,-9.923018509729472,749.7732851905805
2026-07-06T11:30:00Z,2026-07-06T11:45:00Z,2026-07-06,2026-07-06_55,-1.9999999999999005,27,25,73,60.197625868322966,63.37714586832295,0.008831999999999937,0.0,2.956,True,True,True,False,-17.49999999999913,726.5293848092564,25.97462481383893,23.27729407721388,0.0,20.48892809409249,778.7702317944025
2026-07-06T11:45:00Z,2026-07-06T12:00:00Z,2026-07-06,2026-07-06_56,-1.9999999999999005,27,25,73,63.37714586832295,64.07901244223596,0.002529339516908151,0.10368000000000001,0.384,True,True,True,False,-14.484999999999278,726.5293848092564,25.97462481383893,23.27729407721388,12.953170351701226,-10.730942834230726,763.5185312177804
2026-07-06T12:00:00Z,2026-07-06T12:15:00Z,2026-07-06,2026-07-06_57,-55.000000000000085,100,45,0,64.07901244223596,79.99677358509314,0.04421600317460323,0.0,3.5519142857142856,True,True,True,False,-353.2375000000006,0.0,96.20231412532937,36.78256386756787,0.0,28.718326334222535,-191.5342956728808
2026-07-06T12:15:00Z,2026-07-06T12:30:00Z,2026-07-06,2026-07-06_58,-55.000000000000014,100,45,0,79.99677358509314,92.2253561937888,0.03848536576949622,1.6622857142857141,1.3399714285714286,True,True,True,False,-443.71250000000015,0.0,96.20231412532937,36.78256386756787,216.0197002874927,5.847631834770797,-88.86028988483942
2026-07-06T12:30:00Z,2026-07-06T12:45:00Z,2026-07-06,2026-07-06_59,-55.000000000000085,100,45,0,92.2253561937888,106.29416295155279,0.03934399392684615,0.09714285714285716,1.6472571428571428,True,True,True,False,-591.9375000000009,0.0,96.20231412532937,36.78256386756787,10.32638550207573,39.84378305484182,-408.7824534501861
2026-07-06T12:45:00Z,2026-07-06T13:00:00Z,2026-07-06,2026-07-06_60,-54.98986721209328,100,45,0,106.29416295155279,111.08966260869573,0.038893359515282604,9.40857142857143,1.6421142857142856,True,True,True,False,-671.0138546555683,0.0,96.20231412532937,36.78256386756787,4043.9395938006323,9.537456458766345,3515.4480735967277
2026-07-06T13:00:00Z,2026-07-06T13:15:00Z,2026-07-06,2026-07-06_61,-100.00000000000003,100,0,0,111.08966260869573,131.71711403726715,0.057298476190476205,2.5788571428571427,0.0,True,True,True,False,-682.2500000000002,0.0,94.48390422728836,0.0,576.1884962549575,0.0,-11.577599517754365
2026-07-06T13:15:00Z,2026-07-06T13:30:00Z,2026-07-06,2026-07-06_62,-100.0,100,0,0,131.71711403726715,145.17434832298144,0.037381206349206345,10.37257142857143,0.0,True,True,True,False,-971.5,0.0,94.48390422728836,0.0,1910.8493125814882,0.0,1033.8332168087766
2026-07-06T13:30:00Z,2026-07-06T13:45:00Z,2026-07-06,2026-07-06_63,-99.9999999999999,100,0,0,145.17434832298144,163.23946832298145,0.05018088888888886,5.364,0.0,True,True,True,False,-805.4999999999992,0.0,94.48390422728836,0.0,860.3907618283881,0.0,149.37466605567727
2026-07-06T13:45:00Z,2026-07-06T14:00:00Z,2026-07-06,2026-07-06_64,-5.406303424261632e-14,100,0,0,163.23946832298145,163.23946832298145,3.454027187722709e-17,0.0,0.0,True,True,True,False,-8.13243192594556e-13,0.0,94.48390422728836,0.0,0.0,0.0,94.48390422728755
2026-07-06T14:00:00Z,2026-07-06T14:15:00Z,2026-07-06,2026-07-06_65,0.0,100,100,0,163.23946832298145,167.61193142857152,0.01218023740510697,0.005714285714285714,4.759428571428572,True,True,True,False,0.0,0.0,101.15706266468095,15.179287432695611,0.7698476343223737,-45.50782143811815,71.59837629358078
2026-07-06T14:15:00Z,2026-07-06T14:30:00Z,2026-07-06,2026-07-06_66,0.0,100,100,0,167.61193142857152,183.49901714285724,0.04413079365079365,0.0,17.268571428571427,True,True,True,False,0.0,0.0,101.15706266468095,15.179287432695611,0.0,13483.188731595283,13599.52508169266
2026-07-06T14:30:00Z,2026-07-06T14:45:00Z,2026-07-06,2026-07-06_67,0.0,100,100,0,183.49901714285724,189.8118012422361,0.018581060041407867,0.17314285714285715,7.066285714285714,True,True,True,False,0.0,0.0,101.15706266468095,15.179287432695611,23.39785673371193,4436.411532003338,4576.145738834426
2026-07-06T14:45:00Z,2026-07-06T15:00:00Z,2026-07-06,2026-07-06_68,0.0,100,100,0,189.8118012422361,171.74347826086964,0.05018978605935128,16.622857142857143,0.0,True,True,True,False,0.0,0.0,101.15706266468095,15.179287432695611,5218.699248809387,0.0,5335.035598906764
2026-07-06T15:00:00Z,2026-07-06T15:15:00Z,2026-07-06,2026-07-06_69,-91.8435350789362,100,8,0,171.74347826086964,189.998350608914,0.05222162499527439,3.0731428571428574,0.0,True,True,True,False,-1937.439372490159,0.0,105.19532592507731,1.619887730553328,753.3794399620314,0.0,-1077.244718872497
2026-07-06T15:15:00Z,2026-07-06T15:30:00Z,2026-07-06,2026-07-06_70,-5.640994332000961,100,8,0,189.998350608914,183.92638318509324,0.022107795729067545,6.84,0.0010514285714285714,True,True,True,False,-160.52859620291736,0.0,105.19532592507731,1.619887730553328,3756.7407721388477,-0.07255065926932121,3702.9548389322918
2026-07-06T15:30:00Z,2026-07-06T15:45:00Z,2026-07-06,2026-07-06_71,0.0,100,8,0,183.92638318509324,182.1447161242237,0.004975010407177363,1.6434285714285715,0.005074285714285714,True,True,True,False,0.0,0.0,105.19532592507731,1.619887730553328,279.83345542226516,-0.26611273423563486,386.38255634366016
2026-07-06T15:45:00Z,2026-07-06T16:00:00Z,2026-07-06,2026-07-06_72,0.0,100,8,0,182.1447161242237,179.94259776397524,0.00617423988957902,2.0354285714285716,0.0112,True,True,True,False,0.0,0.0,105.19532592507731,1.619887730553328,353.1002599981452,-0.3681924619085805,459.5472811918672
2026-07-06T16:00:00Z,2026-07-06T16:15:00Z,2026-07-06,2026-07-06_73,0.0,100,100,0,179.94259776397524,188.5628213664597,0.02468350586611456,0.12228571428571429,9.514285714285714,True,True,True,False,0.0,0.0,100.75610035513805,20.248596631916598,20.70166811231309,-0.03633209498715284,141.67003300438057
2026-07-06T16:15:00Z,2026-07-06T16:30:00Z,2026-07-06,2026-07-06_74,0.0,100,100,0,188.5628213664597,189.74208894409946,0.004090097998619737,0.13485714285714287,1.441142857142857,True,True,True,False,0.0,0.0,100.75610035513805,20.248596631916598,21.144613303220247,-80.08669754349214,62.062612746782754
2026-07-06T16:30:00Z,2026-07-06T16:45:00Z,2026-07-06,2026-07-06_75,0.0,100,100,0,189.74208894409946,185.15513242236034,0.012741545893719805,4.22,0.0,True,True,True,False,0.0,0.0,100.75610035513805,20.248596631916598,988.7622598999503,0.0,1109.7669568870049
2026-07-06T16:45:00Z,2026-07-06T17:00:00Z,2026-07-06,2026-07-06_76,0.0,100,100,0,185.15513242236034,172.5483001242237,0.03501897860593513,11.598285714285716,0.0,True,True,True,False,0.0,0.0,100.75610035513805,20.248596631916598,4052.3334918634655,0.0,4173.33818885052
2026-07-06T17:00:00Z,2026-07-06T17:15:00Z,2026-07-06,2026-07-06_77,0.0,100,100,0,172.5483001242237,173.35882931677028,0.013607577639751553,1.8805714285714288,3.1028571428571428,True,True,True,False,0.0,0.0,95.25718868140679,20.248596631916598,450.7910037150386,-161.39075331816767,404.9060357101943
2026-07-06T17:15:00Z,2026-07-06T17:30:00Z,2026-07-06,2026-07-06_78,0.0,100,100,0,173.35882931677028,173.27975155279512,0.0028686763285024155,0.5114285714285715,0.5182857142857142,True,True,True,False,0.0,0.0,95.25718868140679,20.248596631916598,85.68366910517214,-38.25432281011843,162.9351316083771
2026-07-06T17:30:00Z,2026-07-06T17:45:00Z,2026-07-06,2026-07-06_79,0.0,100,100,0,173.27975155279512,165.93378881987587,0.02040545203588682,6.758285714285714,0.0,True,True,True,False,0.0,0.0,95.25718868140679,20.248596631916598,1635.8796138760233,0.0,1751.3853991893468
2026-07-06T17:45:00Z,2026-07-06T18:00:00Z,2026-07-06,2026-07-06_80,0.0,100,100,0,165.93378881987587,152.03937888198766,0.03859558316080055,12.782857142857143,0.0,True,True,True,False,0.0,0.0,95.25718868140679,20.248596631916598,4624.236524120474,0.0,4739.742309433797
2026-07-06T18:00:00Z,2026-07-06T18:15:00Z,2026-07-06,2026-07-06_81,70.0,30,100,0,152.03937888198766,130.4244099378883,0.060041580400276046,2.3857714285714287,0.0,True,True,True,False,3440.3250000000003,0.0,31.01729865964028,20.248596631916598,737.5839177781779,0.0,4229.174813069735
2026-07-06T18:15:00Z,2026-07-06T18:30:00Z,2026-07-06,2026-07-06_82,70.0,30,100,0,130.4244099378883,109.41503105590073,0.05835938578329882,1.8286285714285713,0.0,True,True,True,False,3675.7,0.0,31.01729865964028,20.248596631916598,415.29567510596854,0.0,4142.261570397525
2026-07-06T18:30:00Z,2026-07-06T18:45:00Z,2026-07-06,2026-07-06_83,70.0,30,100,0,109.41503105590073,87.41006211180135,0.06112491373360939,2.7445714285714287,0.0,True,True,True,False,3785.9500000000003,0.0,31.01729865964028,20.248596631916598,893.3324795836537,0.0,4730.548374875211
2026-07-06T18:45:00Z,2026-07-06T19:00:00Z,2026-07-06,2026-07-06_84,70.0,30,100,0,87.41006211180135,64.34782608695664,0.06406176673567977,3.717257142857143,0.0,True,True,True,False,3982.125,0.0,31.01729865964028,20.248596631916598,1201.3219191201742,0.0,5234.712814411731
2026-07-06T19:00:00Z,2026-07-06T19:15:00Z,2026-07-06,2026-07-06_85,0.0,0,0,100,64.34782608695664,64.34782608695664,0.0,0.0,0.0,True,False,True,False,0.0,995.2457326154198,0.0,0.0,0.0,0.0,995.2457326154198
2026-07-06T19:15:00Z,2026-07-06T19:30:00Z,2026-07-06,2026-07-06_86,0.0,0,0,100,64.34782608695664,64.34782608695664,0.0,0.0,0.0,True,False,True,False,0.0,995.2457326154198,0.0,0.0,0.0,0.0,995.2457326154198
2026-07-06T19:30:00Z,2026-07-06T19:45:00Z,2026-07-06,2026-07-06_87,0.0,0,0,100,64.34782608695664,64.34782608695664,0.0,0.0,0.0,True,False,True,False,0.0,995.2457326154198,0.0,0.0,0.0,0.0,995.2457326154198
2026-07-06T19:45:00Z,2026-07-06T20:00:00Z,2026-07-06,2026-07-06_88,0.0,0,0,100,64.34782608695664,64.34782608695664,0.0,0.0,0.0,True,False,True,False,0.0,995.2457326154198,0.0,0.0,0.0,0.0,995.2457326154198
2026-07-06T20:00:00Z,2026-07-06T20:15:00Z,2026-07-06,2026-07-06_89,0.0,0,0,100,64.34782608695664,64.34782608695664,0.0,0.0,0.0,True,True,True,False,0.0,995.2457326154198,0.0,0.0,0.0,0.0,995.2457326154198
2026-07-06T20:15:00Z,2026-07-06T20:30:00Z,2026-07-06,2026-07-06_90,0.0,0,0,100,64.34782608695664,64.34782608695664,0.0,0.0,0.0,True,True,True,False,0.0,995.2457326154198,0.0,0.0,0.0,0.0,995.2457326154198
2026-07-06T20:30:00Z,2026-07-06T20:45:00Z,2026-07-06,2026-07-06_91,0.0,0,0,100,64.34782608695664,64.34782608695664,0.0,0.0,0.0,True,True,True,False,0.0,995.2457326154198,0.0,0.0,0.0,0.0,995.2457326154198
2026-07-06T20:45:00Z,2026-07-06T21:00:00Z,2026-07-06,2026-07-06_92,0.0,0,0,100,64.34782608695664,64.34782608695664,0.0,0.0,0.0,True,True,True,False,0.0,995.2457326154198,0.0,0.0,0.0,0.0,995.2457326154198
2026-07-06T21:00:00Z,2026-07-06T21:15:00Z,2026-07-07,2026-07-06_93,0.0,0,0,100,64.34782608695664,64.34782608695664,0.0,0.0,0.0,True,False,True,False,0.0,996.3300647972935,0.0,0.0,0.0,0.0,996.3300647972935
2026-07-06T21:15:00Z,2026-07-06T21:30:00Z,2026-07-07,2026-07-06_94,0.0,0,0,100,64.34782608695664,64.34782608695664,0.0,0.0,0.0,True,False,True,False,0.0,996.3300647972935,0.0,0.0,0.0,0.0,996.3300647972935
2026-07-06T21:30:00Z,2026-07-06T21:45:00Z,2026-07-07,2026-07-06_95,0.0,0,0,100,64.34782608695664,64.34782608695664,0.0,0.0,0.0,True,False,True,False,0.0,996.3300647972935,0.0,0.0,0.0,0.0,996.3300647972935
2026-07-06T21:45:00Z,2026-07-06T22:00:00Z,2026-07-07,2026-07-06_96,0.0,0,0,100,64.34782608695664,64.34782608695664,0.0,0.0,0.0,True,False,True,False,0.0,996.3300647972935,0.0,0.0,0.0,0.0,996.3300647972935
2026-07-06T22:00:00Z,2026-07-06T22:15:00Z,2026-07-07,2026-07-07_1,0.0,100,9,0,64.34782608695664,53.591925465838635,0.02987750172532781,9.895428571428571,0.0,True,True,True,False,0.0,0.0,107.46029015425195,1.7959745398245308,2241.6019752115535,0.0,2350.85823990563
2026-07-06T22:15:00Z,2026-07-06T22:30:00Z,2026-07-07,2026-07-07_2,0.0,100,9,0,53.591925465838635,34.16211180124236,0.05397170462387854,17.87542857142857,0.0,True,True,True,False,0.0,0.0,107.46029015425195,1.7959745398245308,5667.99406977792,0.0,5777.250334471997
2026-07-06T22:30:00Z,2026-07-06T22:45:00Z,2026-07-07,2026-07-07_3,-90.04491703403404,100,9,0,34.16211180124236,44.528939359006344,0.035435526287103475,11.043428571428572,0.0,True,True,True,False,-3156.7496789206484,0.0,107.46029015425195,1.7959745398245308,2916.267694903869,0.0,-131.2257193227028
2026-07-06T22:45:00Z,2026-07-06T23:00:00Z,2026-07-07,2026-07-07_4,-90.99999999999997,100,9,0,44.528939359006344,64.34782608695664,0.05570277369220151,1.1965714285714284,0.008382857142857143,True,True,True,False,-2913.8199999999993,0.0,107.46029015425195,1.7959745398245308,236.3187974408755,-0.6505418888697747,-2568.8954797539172
2026-07-06T23:00:00Z,2026-07-06T23:15:00Z,2026-07-07,2026-07-07_5,0.0,0,0,100,64.34782608695664,64.34782608695664,0.0,0.0,0.0,True,True,True,False,0.0,996.3300647972935,0.0,0.0,0.0,0.0,996.3300647972935
2026-07-06T23:15:00Z,2026-07-06T23:30:00Z,2026-07-07,2026-07-07_6,0.0,0,0,100,64.34782608695664,64.34782608695664,0.0,0.0,0.0,True,True,True,False,0.0,996.3300647972935,0.0,0.0,0.0,0.0,996.3300647972935
2026-07-06T23:30:00Z,2026-07-06T23:45:00Z,2026-07-07,2026-07-07_7,0.0,0,0,100,64.34782608695664,64.34782608695664,0.0,0.0,0.0,True,True,True,False,0.0,996.3300647972935,0.0,0.0,0.0,0.0,996.3300647972935
2026-07-06T23:45:00Z,2026-07-07T00:00:00Z,2026-07-07,2026-07-07_8,0.0,0,0,100,64.34782608695664,64.34782608695664,0.0,0.0,0.0,True,True,True,False,0.0,996.3300647972935,0.0,0.0,0.0,0.0,996.3300647972935
2026-07-07T00:00:00Z,2026-07-07T00:15:00Z,2026-07-07,2026-07-07_9,0.0,0,0,100,64.34782608695664,64.34782608695664,0.0,0.0,0.0,True,True,True,False,0.0,996.3300647972935,0.0,0.0,0.0,0.0,996.3300647972935
2026-07-07T00:15:00Z,2026-07-07T00:30:00Z,2026-07-07,2026-07-07_10,0.0,0,0,100,64.34782608695664,64.34782608695664,0.0,0.0,0.0,True,True,True,False,0.0,996.3300647972935,0.0,0.0,0.0,0.0,996.3300647972935
2026-07-07T00:30:00Z,2026-07-07T00:45:00Z,2026-07-07,2026-07-07_11,0.0,0,0,100,64.34782608695664,64.34782608695664,0.0,0.0,0.0,True,True,True,False,0.0,996.3300647972935,0.0,0.0,0.0,0.0,996.3300647972935
2026-07-07T00:45:00Z,2026-07-07T01:00:00Z,2026-07-07,2026-07-07_12,0.0,0,0,100,64.34782608695664,64.34782608695664,0.0,0.0,0.0,True,True,True,False,0.0,996.3300647972935,0.0,0.0,0.0,0.0,996.3300647972935
2026-07-07T01:00:00Z,2026-07-07T01:15:00Z,2026-07-07,2026-07-07_13,-100.0,100,0,0,64.34782608695664,81.90773465838521,0.04877752380952381,5.913142857142858,0.0,True,True,True,False,-2668.0,0.0,107.46029015425195,0.0,1077.1759979684289,0.0,-1483.3637118773192
2026-07-07T01:15:00Z,2026-07-07T01:30:00Z,2026-07-07,2026-07-07_14,-100.0,100,0,0,81.90773465838521,93.28734608695663,0.03161003174603175,12.630857142857144,0.0,True,True,True,False,-2578.0,0.0,107.46029015425195,0.0,2978.402323855398,0.0,507.86261400965014
2026-07-07T01:30:00Z,2026-07-07T01:45:00Z,2026-07-07,2026-07-07_15,-100.0,100,0,0,93.28734608695663,105.11434037267092,0.03285276190476191,12.144571428571428,0.0,True,True,True,False,-2578.75,0.0,107.46029015425195,0.0,2774.7387162326368,0.0,303.4490063868887
2026-07-07T01:45:00Z,2026-07-07T02:00:00Z,2026-07-07,2026-07-07_16,-100.0,100,0,0,105.11434037267092,125.49418037267093,0.05661066666666667,2.848,0.0,True,True,True,False,-2710.25,0.0,107.46029015425195,0.0,489.09093717147385,0.0,-2113.698772674274
2026-07-07T02:00:00Z,2026-07-07T02:15:00Z,2026-07-07,2026-07-07_17,0.0,0,0,100,125.49418037267093,125.49418037267093,0.0,0.0,0.0,True,True,True,False,0.0,996.3300647972935,0.0,0.0,0.0,0.0,996.3300647972935
2026-07-07T02:15:00Z,2026-07-07T02:30:00Z,2026-07-07,2026-07-07_18,0.0,0,0,100,125.49418037267093,125.49418037267093,0.0,0.0,0.0,True,True,True,False,0.0,996.3300647972935,0.0,0.0,0.0,0.0,996.3300647972935
2026-07-07T02:30:00Z,2026-07-07T02:45:00Z,2026-07-07,2026-07-07_19,0.0,0,0,100,125.49418037267093,125.49418037267093,0.0,0.0,0.0,True,True,True,False,0.0,996.3300647972935,0.0,0.0,0.0,0.0,996.3300647972935
2026-07-07T02:45:00Z,2026-07-07T03:00:00Z,2026-07-07,2026-07-07_20,0.0,0,0,100,125.49418037267093,125.49418037267093,0.0,0.0,0.0,True,True,True,False,0.0,996.3300647972935,0.0,0.0,0.0,0.0,996.3300647972935
2026-07-07T03:00:00Z,2026-07-07T03:15:00Z,2026-07-07,2026-07-07_21,0.0,0,0,100,125.49418037267093,125.49418037267093,0.0,0.0,0.0,True,True,True,False,0.0,996.3300647972935,0.0,0.0,0.0,0.0,996.3300647972935
2026-07-07T03:15:00Z,2026-07-07T03:30:00Z,2026-07-07,2026-07-07_22,0.0,0,0,100,125.49418037267093,125.49418037267093,0.0,0.0,0.0,True,True,True,False,0.0,996.3300647972935,0.0,0.0,0.0,0.0,996.3300647972935
2026-07-07T03:30:00Z,2026-07-07T03:45:00Z,2026-07-07,2026-07-07_23,0.0,0,0,100,125.49418037267093,125.49418037267093,0.0,0.0,0.0,True,True,True,False,0.0,996.3300647972935,0.0,0.0,0.0,0.0,996.3300647972935
2026-07-07T03:45:00Z,2026-07-07T04:00:00Z,2026-07-07,2026-07-07_24,0.0,0,0,100,125.49418037267093,125.49418037267093,0.0,0.0,0.0,True,True,True,False,0.0,996.3300647972935,0.0,0.0,0.0,0.0,996.3300647972935
2026-07-07T04:00:00Z,2026-07-07T04:15:00Z,2026-07-07,2026-07-07_25,94.66387289854683,0,100,0,125.49418037267093,104.78537888198768,0.05879321359711363,0.0,4.652,True,True,True,False,3039.8936184545846,0.0,0.0,19.983944033488157,0.0,-41.49160387636906,3018.3859586117037
2026-07-07T04:15:00Z,2026-07-07T04:30:00Z,2026-07-07,2026-07-07_26,100.0,0,100,0,104.78537888198768,87.3580496894411,0.048409247757073844,0.0,8.966857142857144,True,True,True,False,3563.5,0.0,0.0,19.983944033488157,0.0,94.21395918835452,3677.697903221843
2026-07-07T04:30:00Z,2026-07-07T04:45:00Z,2026-07-07,2026-07-07_27,100.0,0,100,0,87.3580496894411,73.07233540372681,0.03968253968253968,0.0,11.857142857142858,True,True,True,False,3689.25,0.0,0.0,19.983944033488157,0.0,226.8805823837649,3936.1145264172533
2026-07-07T04:45:00Z,2026-07-07T05:00:00Z,2026-07-07,2026-07-07_28,100.0,0,100,0,73.07233540372681,58.01829813664607,0.0418167701863354,0.0,11.150285714285715,True,True,True,False,3296.0,0.0,0.0,19.983944033488157,0.0,97.47468645810295,3413.458630491591
2026-07-07T05:00:00Z,2026-07-07T05:15:00Z,2026-07-07,2026-07-07_29,74.0,0,74,26,58.01829813664607,39.62952795031066,0.05107991718426501,0.0,1.5823314285714287,True,True,True,False,2772.4100000000003,259.0458168472963,0.0,15.488273410172601,0.0,-65.63180610509012,2981.312284152379
2026-07-07T05:15:00Z,2026-07-07T05:30:00Z,2026-07-07,2026-07-07_30,74.0,0,74,26,39.62952795031066,24.130434782608795,0.04305303657694962,0.0,4.240834285714286,True,True,True,False,2443.85,259.0458168472963,0.0,15.488273410172601,0.0,14.448196629885397,2732.8322868873543
2026-07-07T05:30:00Z,2026-07-07T05:45:00Z,2026-07-07,2026-07-07_31,24.246800604469104,0,74,26,24.130434782608795,24.1304347826088,0.023229405520444453,0.0,6.759794285714286,True,True,True,False,723.2820620313133,259.0458168472963,0.0,15.488273410172601,0.0,34.857834019534764,1032.673986308317
2026-07-07T05:45:00Z,2026-07-07T06:00:00Z,2026-07-07,2026-07-07_32,18.68877495856292,0,74,26,24.1304347826088,24.165359185093273,0.020205824539610392,0.0,5.314468571428572,True,True,True,False,517.8659541017786,259.0458168472963,0.0,15.488273410172601,0.0,-194.6759208102256,597.7241235490219
2026-07-07T06:00:00Z,2026-07-07T06:15:00Z,2026-07-07,2026-07-07_33,2.617371716411619e-14,99,56,1,24.165359185093273,18.449772432298232,0.016149767646652883,5.303571428571428,0.05344,True,True,True,False,8.486173447535572e-13,9.963300647972934,107.80492000688112,10.982281094099433,990.9164188641222,-2.6732461876636657,1116.9936744254128
2026-07-07T06:15:00Z,2026-07-07T06:30:00Z,2026-07-07,2026-07-07_34,2.617371716411619e-14,99,56,1,18.449772432298232,12.603408745341705,0.021303579130434798,6.217199999999999,0.99072,True,True,True,False,7.484374423079024e-13,9.963300647972934,107.80492000688112,10.982281094099433,1386.0385652847065,-11.404727335282987,1503.3843396983777
2026-07-07T06:30:00Z,2026-07-07T06:45:00Z,2026-07-07,2026-07-07_35,2.617371716411619e-14,99,56,1,12.603408745341705,10.543478260869648,0.007570206901311267,2.2011942857142857,0.3616,True,True,True,False,6.843118352558178e-13,9.963300647972934,107.80492000688112,10.982281094099433,383.19091249662085,-18.113936502475294,493.82747774309973
2026-07-07T06:45:00Z,2026-07-07T07:00:00Z,2026-07-07,2026-07-07_36,-42.79583172020642,99,56,1,10.543478260869648,20.23913043478269,0.02911808480508376,0.63756,0.54304,True,True,True,False,-524.4629177311298,9.963300647972934,107.80492000688112,10.982281094099433,109.0157284018579,-13.395650973870826,-300.0923385541892
2026-07-07T07:00:00Z,2026-07-07T07:15:00Z,2026-07-07,2026-07-07_37,0.0,100,0,0,20.23913043478269,10.000000000000083,0.028442028985507243,9.42,0.0,True,True,True,False,0.0,0.0,98.94489362922185,0.0,1523.5292964046102,0.0,1622.4741900338322
2026-07-07T07:15:00Z,2026-07-07T07:30:00Z,2026-07-07,2026-07-07_38,-100.0,100,0,0,10.000000000000083,27.967337142857232,0.04990926984126985,5.470285714285715,0.0,True,True,True,False,-534.0,0.0,98.94489362922185,0.0,785.9532358506796,0.0,350.8981294799014
2026-07-07T07:30:00Z,2026-07-07T07:45:00Z,2026-07-07,2026-07-07_39,-100.0,100,0,0,27.967337142857232,43.33344000000009,0.04268361904761905,8.297714285714285,0.0,True,True,True,False,-278.25,0.0,98.94489362922185,0.0,1321.4344338223848,0.0,1142.1293274516067
2026-07-07T07:45:00Z,2026-07-07T08:00:00Z,2026-07-07,2026-07-07_40,-100.0,100,0,0,43.33344000000009,60.50221714285723,0.047691047619047626,6.338285714285714,0.0,True,True,True,False,-321.0,0.0,98.94489362922185,0.0,940.0306369685898,0.0,717.9755305978116
2026-07-07T08:00:00Z,2026-07-07T08:15:00Z,2026-07-07,2026-07-07_41,0.0,27,27,73,60.50221714285723,60.34362645465848,0.0005107125465838509,0.15752571428571427,0.013731428571428572,True,True,True,False,0.0,727.3209473020241,26.266127644933768,21.931016686736623,19.903094128922852,-0.9751631859624978,794.4460225766549
2026-07-07T08:15:00Z,2026-07-07T08:30:00Z,2026-07-07,2026-07-07_42,0.0,27,27,73,60.34362645465848,59.696969142857235,0.001816773167701863,0.59832,0.004011428571428571,True,True,True,False,0.0,727.3209473020241,26.266127644933768,21.931016686736623,80.35731402029933,-0.30670172765476394,855.5687039263391
2026-07-07T08:30:00Z,2026-07-07T08:45:00Z,2026-07-07,2026-07-07_43,0.0,27,27,73,59.696969142857235,59.53118471552804,0.0006174380124223603,0.17850857142857143,0.030702857142857143,True,True,True,False,0.0,727.3209473020241,26.266127644933768,21.931016686736623,22.261622865007006,-2.182598314123516,795.597116184578
2026-07-07T08:45:00Z,2026-07-07T09:00:00Z,2026-07-07,2026-07-07_44,0.0,27,27,73,59.53118471552804,58.74344640000009,0.0026053162732919254,0.7938,0.08161714285714286,True,True,True,False,0.0,727.3209473020241,26.266127644933768,21.931016686736623,109.08320488560122,-4.530213983436141,880.0710825358597
2026-07-07T09:00:00Z,2026-07-07T09:15:00Z,2026-07-07,2026-07-07_45,0.0,27,27,73,58.74344640000009,59.38914445714295,0.0017936057142857145,0.0,0.7018457142857143,True,True,True,False,0.0,727.3209473020241,26.266127644933768,25.824875279545843,0.0,-33.48393120837532,745.9280190181285
2026-07-07T09:15:00Z,2026-07-07T09:30:00Z,2026-07-07,2026-07-07_46,0.0,27,27,73,59.38914445714295,59.39424822857152,0.0006356057142857144,0.10290857142857143,0.12713142857142856,True,True,True,False,0.0,727.3209473020241,26.266127644933768,25.824875279545843,11.437432945860264,-7.159134589958468,783.6902485824055
2026-07-07T09:30:00Z,2026-07-07T09:45:00Z,2026-07-07,2026-07-07_47,6.039613253960852e-14,27,27,73,59.39424822857152,59.40889490683237,0.0003015547826087404,0.0432,0.06696,True,True,True,False,2.313171876267006e-13,727.3209473020241,26.266127644933768,25.824875279545843,4.801321176672975,-4.069102769654223,780.1441686335228
2026-07-07T09:45:00Z,2026-07-07T10:00:00Z,2026-07-07,2026-07-07_48,0.0,27,27,73,59.40889490683237,62.28125056397523,0.007978765714285714,0.0,3.122125714285714,True,True,True,False,0.0,727.3209473020241,26.266127644933768,25.824875279545843,0.0,36.824338040352906,816.2362882668566
2026-07-07T10:00:00Z,2026-07-07T10:15:00Z,2026-07-07,2026-07-07_49,-27.0,27,0,73,62.28125056397523,68.49125056397523,0.017249999999999998,0.0,0.0,True,True,True,False,-105.165,727.3209473020241,26.266127644933768,0.0,0.0,0.0,648.4220749469579
2026-07-07T10:15:00Z,2026-07-07T10:30:00Z,2026-07-07,2026-07-07_50,-27.0,27,0,73,68.49125056397523,74.65937742111808,0.017133685714285713,0.04551428571428571,0.0,True,True,True,False,-92.61,727.3209473020241,26.266127644933768,0.0,4.6503443021798425,0.0,665.6274192491378
2026-07-07T10:30:00Z,2026-07-07T10:45:00Z,2026-07-07,2026-07-07_51,-27.0,27,0,73,74.65937742111808,80.86937742111807,0.01725,0.0,0.0,True,True,True,False,-128.8575,727.3209473020241,26.266127644933768,0.0,0.0,0.0,624.7295749469579
2026-07-07T10:45:00Z,2026-07-07T11:00:00Z,2026-07-07,2026-07-07_52,-27.0,27,0,73,80.86937742111807,86.58030633540379,0.01586369142857143,0.5424685714285714,0.0,True,True,True,False,-109.215,727.3209473020241,26.266127644933768,0.0,68.68406761200265,0.0,713.0561425589606
2026-07-07T11:00:00Z,2026-07-07T11:15:00Z,2026-07-07,2026-07-07_53,0.0,94,0,6,86.58030633540379,85.43654236024851,0.0031771221532091096,1.0522628571428572,0.0,True,True,True,False,0.0,59.7798038878376,90.5556511267848,0.0,141.00084949825106,0.0,291.3363045128734
2026-07-07T11:15:00Z,2026-07-07T11:30:00Z,2026-07-07,2026-07-07_54,-94.0,94,0,6,85.43654236024851,101.81041847453423,0.0454829892063492,5.7023085714285715,0.0,True,True,True,False,-432.635,59.7798038878376,90.5556511267848,0.0,734.5892719449291,0.0,452.28972695955156
2026-07-07T11:30:00Z,2026-07-07T11:45:00Z,2026-07-07,2026-07-07_55,-94.0,94,0,6,101.81041847453423,113.98927333167708,0.03383015238095238,10.262114285714286,0.0,True,True,True,False,-325.24,59.7798038878376,90.5556511267848,0.0,1507.293273401981,0.0,1332.3887284166033
2026-07-07T11:45:00Z,2026-07-07T12:00:00Z,2026-07-07,2026-07-07_56,-94.0,94,0,6,113.98927333167708,131.31097024596278,0.04811582476190475,4.6720685714285715,0.0,True,True,True,False,-290.695,59.7798038878376,90.5556511267848,0.0,670.7267614361898,0.0,530.3672164508122
2026-07-07T12:00:00Z,2026-07-07T12:15:00Z,2026-07-07,2026-07-07_57,-27.0,0,0,73,131.31097024596278,137.5209702459628,0.01725,0.0,0.0,True,False,True,False,-86.67,727.3209473020241,0.0,0.0,0.0,0.0,640.6509473020242
2026-07-07T12:15:00Z,2026-07-07T12:30:00Z,2026-07-07,2026-07-07_58,-27.0,0,0,73,137.5209702459628,143.7309702459628,0.01725,0.0,0.0,True,False,True,False,-103.74749999999999,727.3209473020241,0.0,0.0,0.0,0.0,623.5734473020242
2026-07-07T12:30:00Z,2026-07-07T12:45:00Z,2026-07-07,2026-07-07_59,-27.0,0,0,73,143.7309702459628,149.9409702459628,0.01725,0.0,0.0,True,False,True,False,-162.54,727.3209473020241,0.0,0.0,0.0,0.0,564.7809473020242
2026-07-07T12:45:00Z,2026-07-07T13:00:00Z,2026-07-07,2026-07-07_60,-27.0,0,0,73,149.9409702459628,156.1509702459628,0.01725,0.0,0.0,True,False,True,False,-103.74749999999999,727.3209473020241,0.0,0.0,0.0,0.0,623.5734473020242
2026-07-07T13:00:00Z,2026-07-07T13:15:00Z,2026-07-07,2026-07-07_61,0.0,100,100,0,156.1509702459628,145.93482117763983,0.02837819185645273,9.398857142857144,0.0,True,True,True,False,0.0,0.0,95.13160158265956,11.4972188772292,4237.573650302143,0.0,4344.202470762031
2026-07-07T13:15:00Z,2026-07-07T13:30:00Z,2026-07-07,2026-07-07_62,0.0,100,100,0,145.93482117763983,143.87170664347835,0.0057425562456866796,1.9,0.002285714285714286,True,True,True,False,0.0,0.0,95.13160158265956,11.4972188772292,248.80532140604387,-0.1747588191765037,355.2593830467561
2026-07-07T13:30:00Z,2026-07-07T13:45:00Z,2026-07-07,2026-07-07_63,0.0,100,100,0,143.87170664347835,151.504878320497,0.021952046928916495,0.124,8.443428571428571,True,True,True,False,0.0,0.0,95.13160158265956,11.4972188772292,15.67933864709368,706.9969354948813,829.3050946018637
2026-07-07T13:45:00Z,2026-07-07T14:00:00Z,2026-07-07,2026-07-07_64,0.0,100,100,0,151.504878320497,173.194798320497,0.06024977777777779,0.0,23.576000000000004,True,True,True,False,0.0,0.0,95.13160158265956,11.4972188772292,0.0,25602.904206280946,25709.533026740835
2026-07-07T14:00:00Z,2026-07-07T14:15:00Z,2026-07-07,2026-07-07_65,-73.06609425870931,0,0,0,173.194798320497,190.00000000000014,0.046681115776397615,0.0,0.0,True,False,True,False,-536.4877970945731,0.0,0.0,0.0,0.0,0.0,-536.4877970945731
2026-07-07T14:15:00Z,2026-07-07T14:30:00Z,2026-07-07,2026-07-07_66,6.178632484870436e-14,0,0,0,190.00000000000014,190.0000000000001,4.663822829763312e-17,0.0,0.0,True,False,True,False,1.4796280143143479e-12,0.0,0.0,0.0,0.0,0.0,1.4796280143143479e-12
2026-07-07T14:30:00Z,2026-07-07T14:45:00Z,2026-07-07,2026-07-07_67,0.0,0,0,0,190.0000000000001,190.0000000000001,0.0,0.0,0.0,True,False,True,False,0.0,0.0,0.0,0.0,0.0,0.0,0.0
2026-07-07T14:45:00Z,2026-07-07T15:00:00Z,2026-07-07,2026-07-07_68,94.76435840000003,0,0,0,190.0000000000001,164.24881565217402,0.07153106763285026,0.0,0.0,True,False,True,False,3136.226441248001,0.0,0.0,0.0,0.0,0.0,3136.226441248001
2026-07-07T15:00:00Z,2026-07-07T15:15:00Z,2026-07-07,2026-07-07_69,0.0,100,100,0,164.24881565217402,167.74578360248458,0.009944993788819875,0.03828571428571429,3.846285714285714,True,True,True,False,0.0,0.0,107.46029015425195,19.983944033488157,5.734053558116866,-29.493557352294662,103.68473039356232
2026-07-07T15:15:00Z,2026-07-07T15:30:00Z,2026-07-07,2026-07-07_70,0.0,100,100,0,167.74578360248458,166.7866690683231,0.003333032436162871,0.9931428571428572,0.13085714285714287,True,True,True,False,0.0,0.0,107.46029015425195,19.983944033488157,167.01228041144782,-7.0467060420131125,287.4098085571748
2026-07-07T15:30:00Z,2026-07-07T15:45:00Z,2026-07-07,2026-07-07_71,0.0,100,100,0,166.7866690683231,160.3010829813666,0.021377167701863355,6.523428571428572,0.6577142857142857,True,True,True,False,0.0,0.0,107.46029015425195,19.983944033488157,2157.414800652069,-31.699824640447382,2253.159210199362
2026-07-07T15:45:00Z,2026-07-07T16:00:00Z,2026-07-07,2026-07-07_72,0.0,100,100,0,160.3010829813666,143.97499602484484,0.04535024154589372,15.02,0.0,True,True,True,False,0.0,0.0,107.46029015425195,19.983944033488157,4689.982583099184,0.0,4817.426817286924
2026-07-07T16:00:00Z,2026-07-07T16:15:00Z,2026-07-07,2026-07-07_73,0.0,0,0,100,143.97499602484484,143.97499602484484,0.0,0.0,0.0,True,True,True,False,0.0,996.3300647972935,0.0,0.0,0.0,0.0,996.3300647972935
2026-07-07T16:15:00Z,2026-07-07T16:30:00Z,2026-07-07,2026-07-07_74,0.0,0,0,100,143.97499602484484,143.97499602484484,0.0,0.0,0.0,True,True,True,False,0.0,996.3300647972935,0.0,0.0,0.0,0.0,996.3300647972935
2026-07-07T16:30:00Z,2026-07-07T16:45:00Z,2026-07-07,2026-07-07_75,0.0,0,0,100,143.97499602484484,143.97499602484484,0.0,0.0,0.0,True,True,True,False,0.0,996.3300647972935,0.0,0.0,0.0,0.0,996.3300647972935
2026-07-07T16:45:00Z,2026-07-07T17:00:00Z,2026-07-07,2026-07-07_76,0.0,0,0,100,143.97499602484484,143.97499602484484,0.0,0.0,0.0,True,True,True,False,0.0,996.3300647972935,0.0,0.0,0.0,0.0,996.3300647972935
2026-07-07T17:00:00Z,2026-07-07T17:15:00Z,2026-07-07,2026-07-07_77,0.0,0,0,100,143.97499602484484,143.97499602484484,0.0,0.0,0.0,True,True,True,False,0.0,996.3300647972935,0.0,0.0,0.0,0.0,996.3300647972935
2026-07-07T17:15:00Z,2026-07-07T17:30:00Z,2026-07-07,2026-07-07_78,0.0,0,0,100,143.97499602484484,143.97499602484484,0.0,0.0,0.0,True,True,True,False,0.0,996.3300647972935,0.0,0.0,0.0,0.0,996.3300647972935
2026-07-07T17:30:00Z,2026-07-07T17:45:00Z,2026-07-07,2026-07-07_79,0.0,0,0,100,143.97499602484484,143.97499602484484,0.0,0.0,0.0,True,True,True,False,0.0,996.3300647972935,0.0,0.0,0.0,0.0,996.3300647972935
2026-07-07T17:45:00Z,2026-07-07T18:00:00Z,2026-07-07,2026-07-07_80,0.0,0,0,100,143.97499602484484,143.97499602484484,0.0,0.0,0.0,True,True,True,False,0.0,996.3300647972935,0.0,0.0,0.0,0.0,996.3300647972935
2026-07-07T18:00:00Z,2026-07-07T18:15:00Z,2026-07-07,2026-07-07_81,57.0,0,57,43,143.97499602484484,128.50746186335417,0.04296537267080745,0.0,0.019868571428571426,True,True,True,False,2425.35,428.4219278628362,0.0,11.390848099088249,0.0,-1.1155369066050642,2864.047239055319
2026-07-07T18:15:00Z,2026-07-07T18:30:00Z,2026-07-07,2026-07-07_82,57.0,0,57,43,128.50746186335417,113.01833142857156,0.043025362318840576,0.0,0.0,True,True,True,False,2524.1025,428.4219278628362,0.0,11.390848099088249,0.0,0.0,2963.915275961924
2026-07-07T18:30:00Z,2026-07-07T18:45:00Z,2026-07-07,2026-07-07_83,57.0,0,57,43,113.01833142857156,97.52920099378895,0.043025362318840576,0.0,0.0,True,True,True,False,2533.935,428.4219278628362,0.0,11.390848099088249,0.0,0.0,2973.747775961924
2026-07-07T18:45:00Z,2026-07-07T19:00:00Z,2026-07-07,2026-07-07_84,57.0,0,57,43,97.52920099378895,82.04007055900634,0.04302536231884059,0.0,0.0,True,True,True,False,2461.1175000000003,428.4219278628362,0.0,11.390848099088249,0.0,0.0,2900.9302759619245
2026-07-07T19:00:00Z,2026-07-07T19:15:00Z,2026-07-07,2026-07-07_85,0.0,100,100,0,82.04007055900634,65.48665440993801,0.04598171152518978,15.229142857142858,0.0,True,True,True,False,0.0,0.0,88.02110212741556,19.983944033488157,4632.45742006832,0.0,4740.4624662292235
2026-07-07T19:15:00Z,2026-07-07T19:30:00Z,2026-07-07,2026-07-07_86,0.0,100,100,0,65.48665440993801,60.09410782608708,0.014979296066252588,4.961142857142857,0.0,True,True,True,False,0.0,0.0,88.02110212741556,19.983944033488157,853.4138654739377,0.0,961.4189116348414
2026-07-07T19:30:00Z,2026-07-07T19:45:00Z,2026-07-07,2026-07-07_87,0.0,100,100,0,60.09410782608708,49.202803478260996,0.030253623188405795,10.02,0.0,True,True,True,False,0.0,0.0,88.02110212741556,19.983944033488157,2367.808911061414,0.0,2475.813957222318
2026-07-07T19:45:00Z,2026-07-07T20:00:00Z,2026-07-07,2026-07-07_88,0.0,100,100,0,49.202803478260996,40.46243080745354,0.024278812974465148,8.041142857142857,0.0,True,True,True,False,0.0,0.0,88.02110212741556,19.983944033488157,1843.9542354711255,0.0,1951.9592816320292
2026-07-07T20:00:00Z,2026-07-07T20:15:00Z,2026-07-07,2026-07-07_89,0.0,100,100,0,40.46243080745354,20.14007055900634,0.05645100069013112,18.696571428571428,0.0,True,True,True,False,0.0,0.0,107.46029015425195,19.983944033488157,10983.178789959013,0.0,11110.623024146753
2026-07-07T20:15:00Z,2026-07-07T20:30:00Z,2026-07-07,2026-07-07_90,0.0,100,100,0,20.14007055900634,18.040691677018764,0.005831608005521049,1.9314285714285715,0.0,True,True,True,False,0.0,0.0,107.46029015425195,19.983944033488157,331.1127997182015,0.0,458.5570339059416
2026-07-07T20:30:00Z,2026-07-07T20:45:00Z,2026-07-07,2026-07-07_91,0.0,100,100,0,18.040691677018764,16.869216397515657,0.0032745424430641818,1.0811428571428572,0.004,True,True,True,False,0.0,0.0,107.46029015425195,19.983944033488157,184.6494129468979,-0.2741525699103542,311.8194945647277
2026-07-07T20:45:00Z,2026-07-07T21:00:00Z,2026-07-07,2026-07-07_92,0.0,100,100,0,16.869216397515657,10.000000000000128,0.019355696342305034,6.365142857142857,0.053714285714285714,True,True,True,False,0.0,0.0,107.46029015425195,19.983944033488157,1402.9387074946956,-2.6181055597879954,1527.7648361226477
2026-07-07T21:00:00Z,2026-07-07T21:15:00Z,2026-07-08,2026-07-07_93,-97.98611495651326,100,0,0,10.000000000000128,31.819749649952826,0.0607048556451101,0.7765714285714286,0.0,True,True,True,False,-4228.345825660939,0.0,104.19134222290145,0.0,131.15431868173854,0.0,-3993.0001647562995
2026-07-07T21:15:00Z,2026-07-07T21:30:00Z,2026-07-08,2026-07-07_94,-23.95410868287785,100,0,0,31.819749649952826,37.31244322981364,0.015330956457407677,0.016,0.0,True,True,True,False,-977.1479784462946,0.0,104.19134222290145,0.0,2.445268024299851,0.0,-870.5113681990932
2026-07-07T21:30:00Z,2026-07-07T21:45:00Z,2026-07-08,2026-07-07_95,-100.0,100,0,0,37.31244322981364,45.51989465838506,0.02279847619047619,16.078857142857146,0.0,True,True,True,False,-3977.5,0.0,104.19134222290145,0.0,4663.55662094525,0.0,790.2479631681514
2026-07-07T21:45:00Z,2026-07-07T22:00:00Z,2026-07-08,2026-07-07_96,-100.0,100,0,0,45.51989465838506,64.3478260869565,0.052299809523809526,4.534857142857143,0.0,True,True,True,False,-3664.75,0.0,104.19134222290145,0.0,953.084097352233,0.0,-2607.4745604248656
2026-07-07T22:00:00Z,2026-07-07T22:15:00Z,2026-07-08,2026-07-08_1,-6.178632484870436e-14,0,0,100,64.3478260869565,64.34782608695652,3.947459643111668e-17,0.0,0.0,True,True,True,False,-2.451681369996589e-12,995.7780919267947,0.0,0.0,0.0,0.0,995.7780919267922
2026-07-07T22:15:00Z,2026-07-07T22:30:00Z,2026-07-08,2026-07-08_2,0.0,0,0,100,64.34782608695652,64.34782608695652,0.0,0.0,0.0,True,True,True,False,0.0,995.7780919267947,0.0,0.0,0.0,0.0,995.7780919267947
2026-07-07T22:30:00Z,2026-07-07T22:45:00Z,2026-07-08,2026-07-08_3,0.0,0,0,100,64.34782608695652,64.34782608695652,0.0,0.0,0.0,True,True,True,False,0.0,995.7780919267947,0.0,0.0,0.0,0.0,995.7780919267947
2026-07-07T22:45:00Z,2026-07-07T23:00:00Z,2026-07-08,2026-07-08_4,0.0,0,0,100,64.34782608695652,64.34782608695652,0.0,0.0,0.0,True,True,True,False,0.0,995.7780919267947,0.0,0.0,0.0,0.0,995.7780919267947
2026-07-07T23:00:00Z,2026-07-07T23:15:00Z,2026-07-08,2026-07-08_5,37.0,63,100,0,64.34782608695652,68.3760432695652,0.034998187826086956,0.0,14.344000000000001,True,True,True,False,1420.5225,0.0,65.64054560042791,17.995644366331717,0.0,5419.5827837848165,6923.741473751576
2026-07-07T23:15:00Z,2026-07-07T23:30:00Z,2026-07-08,2026-07-08_6,0.0,63,100,0,68.3760432695652,70.24285469813663,0.005185587301587302,0.0,2.0291428571428574,True,True,True,False,0.0,0.0,65.64054560042791,17.995644366331717,0.0,-88.8596025347823,-5.223412568022667
2026-07-07T23:30:00Z,2026-07-07T23:45:00Z,2026-07-08,2026-07-08_7,37.0,63,100,0,70.24285469813663,67.72292038757762,0.031711017529330573,0.0,7.674285714285714,True,True,True,False,1318.4025,0.0,65.64054560042791,17.995644366331717,0.0,-305.7560572236383,1096.2826327431212
2026-07-07T23:45:00Z,2026-07-08T00:00:00Z,2026-07-08,2026-07-08_8,0.0,63,100,0,67.72292038757762,67.33894423850928,0.004150790890269151,0.864,0.6034285714285714,True,True,True,False,0.0,0.0,65.64054560042791,17.995644366331717,149.2594414090857,-29.2232758950063,203.67235548083903
2026-07-08T00:00:00Z,2026-07-08T00:15:00Z,2026-07-08,2026-07-08_9,0.0,0,0,100,67.33894423850928,67.33894423850928,0.0,0.0,0.0,True,True,True,False,0.0,995.7780919267947,0.0,0.0,0.0,0.0,995.7780919267947
2026-07-08T00:15:00Z,2026-07-08T00:30:00Z,2026-07-08,2026-07-08_10,0.0,0,0,100,67.33894423850928,67.33894423850928,0.0,0.0,0.0,True,True,True,False,0.0,995.7780919267947,0.0,0.0,0.0,0.0,995.7780919267947
2026-07-08T00:30:00Z,2026-07-08T00:45:00Z,2026-07-08,2026-07-08_11,0.0,0,0,100,67.33894423850928,67.33894423850928,0.0,0.0,0.0,True,True,True,False,0.0,995.7780919267947,0.0,0.0,0.0,0.0,995.7780919267947
2026-07-08T00:45:00Z,2026-07-08T01:00:00Z,2026-07-08,2026-07-08_12,0.0,0,0,100,67.33894423850928,67.33894423850928,0.0,0.0,0.0,True,True,True,False,0.0,995.7780919267947,0.0,0.0,0.0,0.0,995.7780919267947
2026-07-08T01:00:00Z,2026-07-08T01:15:00Z,2026-07-08,2026-07-08_13,0.0,0,0,100,67.33894423850928,67.33894423850928,0.0,0.0,0.0,True,True,True,False,0.0,995.7780919267947,0.0,0.0,0.0,0.0,995.7780919267947
2026-07-08T01:15:00Z,2026-07-08T01:30:00Z,2026-07-08,2026-07-08_14,0.0,0,0,100,67.33894423850928,67.33894423850928,0.0,0.0,0.0,True,True,True,False,0.0,995.7780919267947,0.0,0.0,0.0,0.0,995.7780919267947
2026-07-08T01:30:00Z,2026-07-08T01:45:00Z,2026-07-08,2026-07-08_15,0.0,0,0,100,67.33894423850928,67.33894423850928,0.0,0.0,0.0,True,True,True,False,0.0,995.7780919267947,0.0,0.0,0.0,0.0,995.7780919267947
2026-07-08T01:45:00Z,2026-07-08T02:00:00Z,2026-07-08,2026-07-08_16,0.0,0,0,100,67.33894423850928,67.33894423850928,0.0,0.0,0.0,True,True,True,False,0.0,995.7780919267947,0.0,0.0,0.0,0.0,995.7780919267947
2026-07-08T02:00:00Z,2026-07-08T02:15:00Z,2026-07-08,2026-07-08_17,-100.0,100,0,0,67.33894423850928,84.01670423850928,0.04632711111111111,6.872,0.0,True,True,True,False,-2970.5,0.0,104.19134222290145,0.0,1305.5631605089213,0.0,-1560.7454972681771
2026-07-08T02:15:00Z,2026-07-08T02:30:00Z,2026-07-08,2026-07-08_18,-100.0,100,0,0,84.01670423850928,98.95329852422357,0.04149053968253969,8.76457142857143,0.0,True,True,True,False,-3223.7499999999995,0.0,104.19134222290145,0.0,1679.3900698102188,0.0,-1440.1685879668792
2026-07-08T02:30:00Z,2026-07-08T02:45:00Z,2026-07-08,2026-07-08_19,-0.6202211932894145,100,0,0,98.95329852422357,87.8582181366459,0.03128412087610512,10.348571428571427,0.0,True,True,True,False,-21.103026101672327,0.0,104.19134222290145,0.0,2383.597492508637,0.0,2466.685808629866
2026-07-08T02:45:00Z,2026-07-08T03:00:00Z,2026-07-08,2026-07-08_20,-100.0,100,0,0,87.8582181366459,94.58998956521734,0.018699365079365083,17.68285714285714,0.0,True,True,True,False,-3514.25,0.0,104.19134222290145,0.0,4909.544990748372,0.0,1499.4863329712732
2026-07-08T03:00:00Z,2026-07-08T03:15:00Z,2026-07-08,2026-07-08_21,0.0,100,100,0,94.58998956521734,71.84278459627325,0.06318668046928914,20.927428571428567,0.0,True,True,True,False,0.0,0.0,104.19134222290145,17.995644366331717,6689.420999394139,0.0,6811.607985983372
2026-07-08T03:15:00Z,2026-07-08T03:30:00Z,2026-07-08,2026-07-08_22,0.0,100,100,0,71.84278459627325,66.63719453416145,0.014459972394755003,4.789142857142857,0.0,True,True,True,False,0.0,0.0,104.19134222290145,17.995644366331717,1019.2047317027908,0.0,1141.391718292024
2026-07-08T03:30:00Z,2026-07-08T03:45:00Z,2026-07-08,2026-07-08_23,0.0,100,100,0,66.63719453416145,64.50303304347823,0.005928226363008972,1.9634285714285715,0.0,True,True,True,False,0.0,0.0,104.19134222290145,17.995644366331717,337.1218784898287,0.0,459.3088650790619
2026-07-08T03:45:00Z,2026-07-08T04:00:00Z,2026-07-08,2026-07-08_24,0.0,100,100,0,64.50303304347823,64.34782608695647,0.0009042732919254659,0.22114285714285717,0.09257142857142858,True,True,True,False,0.0,0.0,104.19134222290145,17.995644366331717,36.434073609117355,-5.047730103541818,153.5733300948087
2026-07-08T04:00:00Z,2026-07-08T04:15:00Z,2026-07-08,2026-07-08_25,0.0,0,0,100,64.34782608695647,64.34782608695647,0.0,0.0,0.0,True,True,True,False,0.0,995.7780919267947,0.0,0.0,0.0,0.0,995.7780919267947
2026-07-08T04:15:00Z,2026-07-08T04:30:00Z,2026-07-08,2026-07-08_26,0.0,0,0,100,64.34782608695647,64.34782608695647,0.0,0.0,0.0,True,True,True,False,0.0,995.7780919267947,0.0,0.0,0.0,0.0,995.7780919267947
2026-07-08T04:30:00Z,2026-07-08T04:45:00Z,2026-07-08,2026-07-08_27,0.0,0,0,100,64.34782608695647,64.34782608695647,0.0,0.0,0.0,True,True,True,False,0.0,995.7780919267947,0.0,0.0,0.0,0.0,995.7780919267947
2026-07-08T04:45:00Z,2026-07-08T05:00:00Z,2026-07-08,2026-07-08_28,0.0,0,0,100,64.34782608695647,64.34782608695647,0.0,0.0,0.0,True,True,True,False,0.0,995.7780919267947,0.0,0.0,0.0,0.0,995.7780919267947
2026-07-08T05:00:00Z,2026-07-08T05:15:00Z,2026-07-08,2026-07-08_29,0.0,0,0,100,64.34782608695647,64.34782608695647,0.0,0.0,0.0,True,True,True,False,0.0,995.7780919267947,0.0,0.0,0.0,0.0,995.7780919267947
2026-07-08T05:15:00Z,2026-07-08T05:30:00Z,2026-07-08,2026-07-08_30,0.0,0,0,100,64.34782608695647,64.34782608695647,0.0,0.0,0.0,True,True,True,False,0.0,995.7780919267947,0.0,0.0,0.0,0.0,995.7780919267947
2026-07-08T05:30:00Z,2026-07-08T05:45:00Z,2026-07-08,2026-07-08_31,0.0,0,0,100,64.34782608695647,64.34782608695647,0.0,0.0,0.0,True,True,True,False,0.0,995.7780919267947,0.0,0.0,0.0,0.0,995.7780919267947
2026-07-08T05:45:00Z,2026-07-08T06:00:00Z,2026-07-08,2026-07-08_32,0.0,0,0,100,64.34782608695647,64.34782608695647,0.0,0.0,0.0,True,True,True,False,0.0,995.7780919267947,0.0,0.0,0.0,0.0,995.7780919267947
2026-07-08T06:00:00Z,2026-07-08T06:15:00Z,2026-07-08,2026-07-08_33,0.0,0,0,100,64.34782608695647,64.34782608695647,0.0,0.0,0.0,True,True,True,False,0.0,995.7780919267947,0.0,0.0,0.0,0.0,995.7780919267947
2026-07-08T06:15:00Z,2026-07-08T06:30:00Z,2026-07-08,2026-07-08_34,0.0,0,0,100,64.34782608695647,64.34782608695647,0.0,0.0,0.0,True,True,True,False,0.0,995.7780919267947,0.0,0.0,0.0,0.0,995.7780919267947
2026-07-08T06:30:00Z,2026-07-08T06:45:00Z,2026-07-08,2026-07-08_35,0.0,0,0,100,64.34782608695647,64.34782608695647,0.0,0.0,0.0,True,True,True,False,0.0,995.7780919267947,0.0,0.0,0.0,0.0,995.7780919267947
2026-07-08T06:45:00Z,2026-07-08T07:00:00Z,2026-07-08,2026-07-08_36,0.0,0,0,100,64.34782608695647,64.34782608695647,0.0,0.0,0.0,True,True,True,False,0.0,995.7780919267947,0.0,0.0,0.0,0.0,995.7780919267947
2026-07-08T07:00:00Z,2026-07-08T07:15:00Z,2026-07-08,2026-07-08_37,27.0,0,27,73,64.34782608695647,57.18930434782604,0.019884782608695653,0.0,0.16416,True,True,True,False,1045.7775000000001,726.91800710656,0.0,17.8027929545715,0.0,-8.697036610247201,1781.8012634508846
2026-07-08T07:15:00Z,2026-07-08T07:30:00Z,2026-07-08,2026-07-08_38,27.0,0,27,73,57.18930434782604,49.9662173913043,0.02006413043478261,0.0,0.10476,True,True,True,False,950.1299999999999,726.91800710656,0.0,17.8027929545715,0.0,-7.3862344247889045,1687.4645656363425
2026-07-08T07:30:00Z,2026-07-08T07:45:00Z,2026-07-08,2026-07-08_39,2.6692480251542747,0,27,73,49.9662173913043,49.67391304347822,0.002941662000314456,0.0,0.4623942857142857,True,True,True,False,81.37869916689095,726.91800710656,0.0,17.8027929545715,0.0,-29.72048855690979,796.3790106711127
2026-07-08T07:45:00Z,2026-07-08T08:00:00Z,2026-07-08,2026-07-08_40,0.0,0,27,73,49.67391304347822,50.11592310062108,0.0012278057142857143,0.0,0.48044571428571425,True,True,True,False,0.0,726.91800710656,0.0,17.8027929545715,0.0,-28.117262596678145,716.6035374644534
2026-07-08T08:00:00Z,2026-07-08T08:15:00Z,2026-07-08,2026-07-08_41,1.0,26,0,73,50.11592310062108,49.804618752794994,0.0008647342995169083,0.0364,0.0,True,True,True,False,33.595,726.91800710656,24.20643411148894,0.0,4.867611660871891,0.0,789.5870528789209
2026-07-08T08:15:00Z,2026-07-08T08:30:00Z,2026-07-08,2026-07-08_42,0.0,26,0,73,49.804618752794994,49.769898255900586,9.644582470669425e-05,0.03194285714285714,0.0,True,True,True,False,0.0,726.91800710656,24.20643411148894,0.0,4.271577579948802,0.0,755.3960187979977
2026-07-08T08:30:00Z,2026-07-08T08:45:00Z,2026-07-08,2026-07-08_43,-0.7152661494729143,26,0,73,49.769898255900586,49.89404658881985,0.0005638512421146815,0.03729142857142857,0.0,True,True,True,False,-15.884273014419746,726.91800710656,24.20643411148894,0.0,4.9868184770565085,0.0,740.2269866806857
2026-07-08T08:45:00Z,2026-07-08T09:00:00Z,2026-07-08,2026-07-08_44,-27.0,26,0,73,49.89404658881985,56.082586931676985,0.017190389841269846,0.023325714285714283,0.0,True,True,True,False,-411.34499999999997,726.91800710656,24.20643411148894,0.0,3.119245023497497,0.0,342.8986862415465
2026-07-08T09:00:00Z,2026-07-08T09:15:00Z,2026-07-08,2026-07-08_45,0.0,27,0,73,56.082586931676985,55.99890370186332,0.0002324534161490683,0.07698857142857143,0.0,True,True,True,False,0.0,726.91800710656,25.13745080808467,0.0,10.295342528559967,0.0,762.3508004432047
2026-07-08T09:15:00Z,2026-07-08T09:30:00Z,2026-07-08,2026-07-08_46,-27.0,27,0,73,55.99890370186332,59.545629873291894,0.009852017142857142,2.8948628571428574,0.0,True,True,True,False,-501.99750000000006,726.91800710656,25.13745080808467,0.0,492.94350312917896,0.0,743.0014610438236
2026-07-08T09:30:00Z,2026-07-08T09:45:00Z,2026-07-08,2026-07-08_47,-27.0,27,0,73,59.545629873291894,64.17665753043475,0.012863965714285715,1.7162742857142859,0.0,True,True,True,False,-534.2625,726.91800710656,25.13745080808467,0.0,276.7327530464874,0.0,494.52571096113206
2026-07-08T09:45:00Z,2026-07-08T10:00:00Z,2026-07-08,2026-07-08_48,-27.0,27,0,73,64.17665753043475,70.02143855900619,0.01623550285714286,0.39697714285714286,0.0,True,True,True,False,-432.81000000000006,726.91800710656,25.13745080808467,0.0,54.431507368007374,0.0,373.676965282652
2026-07-08T10:00:00Z,2026-07-08T10:15:00Z,2026-07-08,2026-07-08_49,-27.0,27,0,73,70.02143855900619,76.2083018732919,0.017185731428571428,0.02514857142857143,0.0,True,True,True,False,-494.4375,726.91800710656,25.13745080808467,0.0,3.363007679669889,0.0,260.98096559431457
2026-07-08T10:15:00Z,2026-07-08T10:30:00Z,2026-07-08,2026-07-08_50,-27.0,27,0,73,76.2083018732919,82.3547114732919,0.017073360000000003,0.06912,0.0,True,True,True,False,-541.1475,726.91800710656,25.13745080808467,0.0,9.243113131853436,0.0,220.1510710464981
2026-07-08T10:30:00Z,2026-07-08T10:45:00Z,2026-07-08,2026-07-08_51,0.0,27,0,73,82.3547114732919,82.3547114732919,0.0,0.0,0.0,True,True,True,False,0.0,726.91800710656,25.13745080808467,0.0,0.0,0.0,752.0554579146446
2026-07-08T10:45:00Z,2026-07-08T11:00:00Z,2026-07-08,2026-07-08_52,-27.0,27,0,73,82.3547114732919,88.5451233590062,0.017195588571428576,0.021291428571428572,0.0,True,True,True,False,-519.4125,726.91800710656,25.13745080808467,0.0,2.847208955794139,0.0,235.4901668704388
2026-07-08T11:00:00Z,2026-07-08T11:15:00Z,2026-07-08,2026-07-08_53,0.0,27,0,73,88.5451233590062,88.37088112298136,0.00048400621118012416,0.16030285714285714,0.0,True,True,True,False,0.0,726.91800710656,25.044607037787028,0.0,21.43659496427616,0.0,773.3992091086233
2026-07-08T11:15:00Z,2026-07-08T11:30:00Z,2026-07-08,2026-07-08_54,0.0,27,0,73,88.37088112298136,88.34790596770186,6.381987577639751e-05,0.021137142857142858,0.0,True,True,True,False,0.0,726.91800710656,25.044607037787028,0.0,2.826577006839109,0.0,754.7891911511862
2026-07-08T11:30:00Z,2026-07-08T11:45:00Z,2026-07-08,2026-07-08_55,-26.99999999999996,27,0,73,88.34790596770186,94.48721842484471,0.01705364571428569,0.07683428571428572,0.0,True,True,True,False,-493.4249999999993,726.91800710656,25.044607037787028,0.0,10.644614838628685,0.0,269.1822289829765
2026-07-08T11:45:00Z,2026-07-08T12:00:00Z,2026-07-08,2026-07-08_56,-27.0,27,0,73,94.48721842484471,100.37742116770185,0.016361674285714285,0.3476057142857143,0.0,True,True,True,False,-296.19,726.91800710656,25.044607037787028,0.0,46.6709114168909,0.0,502.44352556123795
2026-07-08T12:00:00Z,2026-07-08T12:15:00Z,2026-07-08,2026-07-08_57,-27.0,0,0,73,100.37742116770185,106.58742116770185,0.01725,0.0,0.0,True,False,True,False,-249.8175,726.91800710656,0.0,0.0,0.0,0.0,477.10050710656003
2026-07-08T12:15:00Z,2026-07-08T12:30:00Z,2026-07-08,2026-07-08_58,-27.0,0,0,73,106.58742116770185,112.79742116770184,0.01725,0.0,0.0,True,False,True,False,-342.225,726.91800710656,0.0,0.0,0.0,0.0,384.69300710656
2026-07-08T12:30:00Z,2026-07-08T12:45:00Z,2026-07-08,2026-07-08_59,-27.0,0,0,73,112.79742116770184,119.00742116770184,0.01725,0.0,0.0,True,False,True,False,-371.25,726.91800710656,0.0,0.0,0.0,0.0,355.66800710656
2026-07-08T12:45:00Z,2026-07-08T13:00:00Z,2026-07-08,2026-07-08_60,-27.0,0,0,73,119.00742116770184,125.21742116770183,0.01725,0.0,0.0,True,False,True,False,-392.78249999999997,726.91800710656,0.0,0.0,0.0,0.0,334.13550710656006
2026-07-08T13:00:00Z,2026-07-08T13:15:00Z,2026-07-08,2026-07-08_61,0.0,37,100,0,125.21742116770183,130.731770484472,0.015322743961352657,0.0008457142857142858,5.994857142857143,True,True,True,False,0.0,0.0,34.087131777022115,14.18446490658312,0.11309364612386812,-134.42103738312653,-86.03634705339744
2026-07-08T13:15:00Z,2026-07-08T13:30:00Z,2026-07-08,2026-07-08_62,0.0,37,100,0,130.731770484472,131.81457818633535,0.0030116293995859217,0.0006342857142857143,1.1777142857142857,True,True,True,False,0.0,0.0,34.087131777022115,14.18446490658312,0.08482023459290108,-61.856885885672796,-13.50046896747466
2026-07-08T13:30:00Z,2026-07-08T13:45:00Z,2026-07-08,2026-07-08_63,0.0,37,100,0,131.81457818633535,148.96968675776392,0.04765307936507937,0.0,18.646857142857144,True,True,True,False,0.0,0.0,34.087131777022115,14.18446490658312,0.0,5297.034716037792,5345.306312721397
2026-07-08T13:45:00Z,2026-07-08T14:00:00Z,2026-07-08,2026-07-08_64,63.0,37,100,0,148.96968675776392,143.99999999999994,0.03621705369220152,0.0,11.85142857142857,True,True,True,False,1754.235,0.0,34.087131777022115,14.18446490658312,0.0,879.1284933764892,2681.635090060094
2026-07-08T14:00:00Z,2026-07-08T14:15:00Z,2026-07-08,2026-07-08_65,0.0,0,0,100,143.99999999999994,143.99999999999994,0.0,0.0,0.0,True,True,True,False,0.0,995.7780919267947,0.0,0.0,0.0,0.0,995.7780919267947
2026-07-08T14:15:00Z,2026-07-08T14:30:00Z,2026-07-08,2026-07-08_66,0.0,0,0,100,143.99999999999994,143.99999999999994,0.0,0.0,0.0,True,True,True,False,0.0,995.7780919267947,0.0,0.0,0.0,0.0,995.7780919267947
2026-07-08T14:30:00Z,2026-07-08T14:45:00Z,2026-07-08,2026-07-08_67,0.0,0,0,100,143.99999999999994,143.99999999999994,0.0,0.0,0.0,True,True,True,False,0.0,995.7780919267947,0.0,0.0,0.0,0.0,995.7780919267947
2026-07-08T14:45:00Z,2026-07-08T15:00:00Z,2026-07-08,2026-07-08_68,0.0,0,0,100,143.99999999999994,143.99999999999994,0.0,0.0,0.0,True,True,True,False,0.0,995.7780919267947,0.0,0.0,0.0,0.0,995.7780919267947
2026-07-08T15:00:00Z,2026-07-08T15:15:00Z,2026-07-08,2026-07-08_69,0.0,0,0,100,143.99999999999994,143.99999999999994,0.0,0.0,0.0,True,True,True,False,0.0,995.7780919267947,0.0,0.0,0.0,0.0,995.7780919267947
2026-07-08T15:15:00Z,2026-07-08T15:30:00Z,2026-07-08,2026-07-08_70,0.0,0,0,100,143.99999999999994,143.99999999999994,0.0,0.0,0.0,True,True,True,False,0.0,995.7780919267947,0.0,0.0,0.0,0.0,995.7780919267947
2026-07-08T15:30:00Z,2026-07-08T15:45:00Z,2026-07-08,2026-07-08_71,0.0,0,0,100,143.99999999999994,143.99999999999994,0.0,0.0,0.0,True,True,True,False,0.0,995.7780919267947,0.0,0.0,0.0,0.0,995.7780919267947
2026-07-08T15:45:00Z,2026-07-08T16:00:00Z,2026-07-08,2026-07-08_72,0.0,0,0,100,143.99999999999994,143.99999999999994,0.0,0.0,0.0,True,True,True,False,0.0,995.7780919267947,0.0,0.0,0.0,0.0,995.7780919267947
2026-07-08T16:00:00Z,2026-07-08T16:15:00Z,2026-07-08,2026-07-08_73,0.0,0,0,100,143.99999999999994,143.99999999999994,0.0,0.0,0.0,True,False,True,False,0.0,995.7780919267947,0.0,0.0,0.0,0.0,995.7780919267947
2026-07-08T16:15:00Z,2026-07-08T16:30:00Z,2026-07-08,2026-07-08_74,0.0,0,0,100,143.99999999999994,143.99999999999994,0.0,0.0,0.0,True,False,True,False,0.0,995.7780919267947,0.0,0.0,0.0,0.0,995.7780919267947
2026-07-08T16:30:00Z,2026-07-08T16:45:00Z,2026-07-08,2026-07-08_75,0.0,0,0,100,143.99999999999994,143.99999999999994,0.0,0.0,0.0,True,False,True,False,0.0,995.7780919267947,0.0,0.0,0.0,0.0,995.7780919267947
2026-07-08T16:45:00Z,2026-07-08T17:00:00Z,2026-07-08,2026-07-08_76,0.0,0,0,100,143.99999999999994,143.99999999999994,0.0,0.0,0.0,True,False,True,False,0.0,995.7780919267947,0.0,0.0,0.0,0.0,995.7780919267947
2026-07-08T17:00:00Z,2026-07-08T17:15:00Z,2026-07-08,2026-07-08_77,0.0,0,0,100,143.99999999999994,143.99999999999994,0.0,0.0,0.0,True,True,True,False,0.0,995.7780919267947,0.0,0.0,0.0,0.0,995.7780919267947
2026-07-08T17:15:00Z,2026-07-08T17:30:00Z,2026-07-08,2026-07-08_78,0.0,0,0,100,143.99999999999994,143.99999999999994,0.0,0.0,0.0,True,True,True,False,0.0,995.7780919267947,0.0,0.0,0.0,0.0,995.7780919267947
2026-07-08T17:30:00Z,2026-07-08T17:45:00Z,2026-07-08,2026-07-08_79,0.0,0,0,100,143.99999999999994,143.99999999999994,0.0,0.0,0.0,True,True,True,False,0.0,995.7780919267947,0.0,0.0,0.0,0.0,995.7780919267947
2026-07-08T17:45:00Z,2026-07-08T18:00:00Z,2026-07-08,2026-07-08_80,0.0,0,0,100,143.99999999999994,143.99999999999994,0.0,0.0,0.0,True,True,True,False,0.0,995.7780919267947,0.0,0.0,0.0,0.0,995.7780919267947
2026-07-08T18:00:00Z,2026-07-08T18:15:00Z,2026-07-08,2026-07-08_81,0.0,0,0,100,143.99999999999994,143.99999999999994,0.0,0.0,0.0,True,True,True,False,0.0,995.7780919267947,0.0,0.0,0.0,0.0,995.7780919267947
2026-07-08T18:15:00Z,2026-07-08T18:30:00Z,2026-07-08,2026-07-08_82,0.0,0,0,100,143.99999999999994,143.99999999999994,0.0,0.0,0.0,True,True,True,False,0.0,995.7780919267947,0.0,0.0,0.0,0.0,995.7780919267947
2026-07-08T18:30:00Z,2026-07-08T18:45:00Z,2026-07-08,2026-07-08_83,0.0,0,0,100,143.99999999999994,143.99999999999994,0.0,0.0,0.0,True,True,True,False,0.0,995.7780919267947,0.0,0.0,0.0,0.0,995.7780919267947
2026-07-08T18:45:00Z,2026-07-08T19:00:00Z,2026-07-08,2026-07-08_84,0.0,0,0,100,143.99999999999994,143.99999999999994,0.0,0.0,0.0,True,True,True,False,0.0,995.7780919267947,0.0,0.0,0.0,0.0,995.7780919267947
2026-07-08T19:00:00Z,2026-07-08T19:15:00Z,2026-07-08,2026-07-08_85,96.99999999999993,0,97,3,143.99999999999994,119.8861614906832,0.06698288474810209,0.0,2.0652685714285717,True,True,True,False,3882.6674999999973,29.873342757803837,0.0,17.42797921522179,0.0,-102.78287664386964,3827.185945329153
2026-07-08T19:15:00Z,2026-07-08T19:30:00Z,2026-07-08,2026-07-08_86,96.99999999999993,0,97,3,119.8861614906832,100.38614906832296,0.05416670117322288,0.0,6.309988571428573,True,True,True,False,3905.704999999997,29.873342757803837,0.0,17.42797921522179,0.0,-137.4151715868589,3815.591150386164
2026-07-08T19:30:00Z,2026-07-08T19:45:00Z,2026-07-08,2026-07-08_87,96.99999999999993,0,97,3,100.38614906832296,78.06650931677018,0.061998999309868845,0.0,3.7159314285714284,True,True,True,False,3956.387499999997,29.873342757803837,0.0,17.42797921522179,0.0,-193.71881854255471,3809.970003430468
2026-07-08T19:45:00Z,2026-07-08T20:00:00Z,2026-07-08,2026-07-08_88,96.09717216110221,0,97,3,78.06650931677018,55.54844720496892,0.06270774952427441,0.0,3.312411428571429,True,True,True,False,3745.627527909361,29.873342757803837,0.0,17.42797921522179,0.0,140.8056449448996,3933.734494827286
2026-07-08T20:00:00Z,2026-07-08T20:15:00Z,2026-07-08,2026-07-08_89,100.0,0,100,0,55.54844720496892,41.801863354037245,0.03818495514147688,0.0,12.353142857142856,True,True,True,False,4177.75,0.0,0.0,17.96698888167195,0.0,264.5001728062179,4460.2171616878895
2026-07-08T20:15:00Z,2026-07-08T20:30:00Z,2026-07-08,2026-07-08_90,100.0,0,100,0,41.801863354037245,26.780124223602463,0.04172705314009661,0.0,11.180000000000001,True,True,True,False,4078.75,0.0,0.0,17.96698888167195,0.0,-492.26087189087997,3604.456116990792
2026-07-08T20:30:00Z,2026-07-08T20:45:00Z,2026-07-08,2026-07-08_91,100.0,0,100,0,26.780124223602463,17.481987577639728,0.02582815734989648,0.0,16.445714285714285,True,True,True,False,3987.75,0.0,0.0,17.96698888167195,0.0,-2.331165705115959,4003.385823176556
2026-07-08T20:45:00Z,2026-07-08T21:00:00Z,2026-07-08,2026-07-08_92,100.0,0,100,0,17.481987577639728,9.999999999999979,0.020783298826777083,0.0,18.11657142857143,True,True,True,False,3677.5,0.0,0.0,17.96698888167195,0.0,-40.395946531594724,3655.0710423500773
2026-07-08T21:00:00Z,2026-07-08T21:15:00Z,2026-07-09,2026-07-08_93,-14.5066939555291,100,15,0,9.999999999999979,12.618910857142918,0.013723626328958589,1.249142857142857,0.6629142857142857,True,True,True,False,-557.8911827947604,0.0,103.99274047186933,2.9787945362498807,212.79838827558916,-1.8862251163298445,-240.0074846273819
2026-07-08T21:15:00Z,2026-07-08T21:30:00Z,2026-07-09,2026-07-08_94,-84.99999999999994,100,15,0,12.618910857142918,30.259848000000048,0.050859746031746,2.0502857142857143,0.031028571428571426,True,True,True,False,-3084.649999999998,0.0,103.99274047186933,2.9787945362498807,351.5410602731875,-1.5187372787686093,-2627.6561419974596
2026-07-08T21:30:00Z,2026-07-08T21:45:00Z,2026-07-09,2026-07-08_95,-84.99999999999977,100,15,0,30.259848000000048,46.74736710559006,0.04873396438923386,3.2405714285714287,0.0,True,True,True,False,-3063.824999999992,0.0,103.99274047186933,2.9787945362498807,556.9467873313047,0.0,-2399.906677660568
2026-07-08T21:45:00Z,2026-07-08T22:00:00Z,2026-07-09,2026-07-08_96,-84.99999999999996,100,15,0,46.74736710559006,64.3478260869565,0.05082805203588679,2.1394285714285717,0.0786,True,True,True,False,-2925.2749999999983,0.0,103.99274047186933,2.9787945362498807,366.53526520475424,-3.7803228961696442,-2455.5485226832943
2026-07-08T22:00:00Z,2026-07-08T22:15:00Z,2026-07-09,2026-07-09_1,0.0,0,0,100,64.3478260869565,64.3478260869565,0.0,0.0,0.0,True,True,True,False,0.0,995.7971152927691,0.0,0.0,0.0,0.0,995.7971152927691
2026-07-08T22:15:00Z,2026-07-08T22:30:00Z,2026-07-09,2026-07-09_2,0.0,0,0,100,64.3478260869565,64.3478260869565,0.0,0.0,0.0,True,True,True,False,0.0,995.7971152927691,0.0,0.0,0.0,0.0,995.7971152927691
2026-07-08T22:30:00Z,2026-07-08T22:45:00Z,2026-07-09,2026-07-09_3,0.0,0,0,100,64.3478260869565,64.3478260869565,0.0,0.0,0.0,True,True,True,False,0.0,995.7971152927691,0.0,0.0,0.0,0.0,995.7971152927691
2026-07-08T22:45:00Z,2026-07-08T23:00:00Z,2026-07-09,2026-07-09_4,0.0,0,0,100,64.3478260869565,64.3478260869565,0.0,0.0,0.0,True,True,True,False,0.0,995.7971152927691,0.0,0.0,0.0,0.0,995.7971152927691
2026-07-08T23:00:00Z,2026-07-08T23:15:00Z,2026-07-09,2026-07-09_5,0.0,0,0,100,64.3478260869565,64.3478260869565,0.0,0.0,0.0,True,False,True,False,0.0,995.7971152927691,0.0,0.0,0.0,0.0,995.7971152927691
2026-07-08T23:15:00Z,2026-07-08T23:30:00Z,2026-07-09,2026-07-09_6,0.0,0,0,100,64.3478260869565,64.3478260869565,0.0,0.0,0.0,True,False,True,False,0.0,995.7971152927691,0.0,0.0,0.0,0.0,995.7971152927691
2026-07-08T23:30:00Z,2026-07-08T23:45:00Z,2026-07-09,2026-07-09_7,0.0,0,0,100,64.3478260869565,64.3478260869565,0.0,0.0,0.0,True,False,True,False,0.0,995.7971152927691,0.0,0.0,0.0,0.0,995.7971152927691
2026-07-08T23:45:00Z,2026-07-09T00:00:00Z,2026-07-09,2026-07-09_8,0.0,0,0,100,64.3478260869565,64.3478260869565,0.0,0.0,0.0,True,False,True,False,0.0,995.7971152927691,0.0,0.0,0.0,0.0,995.7971152927691
2026-07-09T00:00:00Z,2026-07-09T00:15:00Z,2026-07-09,2026-07-09_9,0.0,100,100,0,64.3478260869565,71.20266534161489,0.019096430641821947,0.009142857142857144,7.461714285714286,True,True,True,False,0.0,0.0,103.99274047186933,91.89989492788233,1.397322707858576,7.168776605761227,204.45873471337146
2026-07-09T00:15:00Z,2026-07-09T00:30:00Z,2026-07-09,2026-07-09_10,0.0,100,100,0,71.20266534161489,71.20196869565216,0.0003845383022774327,0.064,0.07485714285714286,True,True,True,False,0.0,0.0,103.99274047186933,91.89989492788233,9.932562804470342,-4.993240997229918,200.8319572069921
2026-07-09T00:30:00Z,2026-07-09T00:45:00Z,2026-07-09,2026-07-09_11,0.0,100,100,0,71.20196869565216,79.74305788819873,0.023732149068322977,0.001142857142857143,9.285142857142857,True,True,True,False,0.0,0.0,103.99274047186933,91.89989492788233,0.174665338482322,220.22169943916055,416.28900017739454
2026-07-09T00:45:00Z,2026-07-09T01:00:00Z,2026-07-09,2026-07-09_12,0.0,100,100,0,79.74305788819873,100.5739607453416,0.05786361904761905,0.0,22.642285714285716,True,True,True,False,0.0,0.0,103.99274047186933,91.89989492788233,0.0,2021.403087974019,2217.2957233737707
2026-07-09T01:00:00Z,2026-07-09T01:15:00Z,2026-07-09,2026-07-09_13,59.0,41,100,0,100.5739607453416,104.67223598509314,0.030034857032436166,0.0,19.765142857142855,True,True,True,False,1875.9050000000002,0.0,42.637023593466424,91.69930270321903,0.0,531.2063859831065,2541.447712279792
2026-07-09T01:15:00Z,2026-07-09T01:30:00Z,2026-07-09,2026-07-09_14,59.0,41,100,0,104.67223598509314,103.6232812521739,0.0337423790200138,0.0,14.711428571428572,True,True,True,False,1872.5125,0.0,42.637023593466424,91.69930270321903,0.0,161.3830645579466,2168.231890854632
2026-07-09T01:30:00Z,2026-07-09T01:45:00Z,2026-07-09,2026-07-09_15,58.885773679463014,41,100,0,103.6232812521739,103.76867527950309,0.03291702842805684,0.0,15.856571428571428,True,True,True,False,1834.4390645494716,0.0,42.637023593466424,91.69930270321903,0.0,257.5219887832103,2226.2973796293672
2026-07-09T01:45:00Z,2026-07-09T02:00:00Z,2026-07-09,2026-07-09_16,59.0,41,100,0,103.76867527950309,105.93819428571427,0.03142412974465148,0.0,17.87142857142857,True,True,True,False,1846.4050000000002,0.0,42.637023593466424,91.69930270321903,0.0,394.3902842405469,2375.1316105372325
2026-07-09T02:00:00Z,2026-07-09T02:15:00Z,2026-07-09,2026-07-09_17,0.0,100,100,0,105.93819428571427,113.45275428571428,0.020873777777777783,0.0,8.168000000000001,True,True,True,False,0.0,0.0,103.99274047186933,91.87123889578758,0.0,-146.59176463845643,49.272214729200485
2026-07-09T02:15:00Z,2026-07-09T02:30:00Z,2026-07-09,2026-07-09_18,0.0,100,100,0,113.45275428571428,122.0760457142857,0.0239535873015873,0.0,9.373142857142856,True,True,True,False,0.0,0.0,103.99274047186933,91.87123889578758,0.0,-34.81555383922601,161.0484255284309
2026-07-09T02:30:00Z,2026-07-09T02:45:00Z,2026-07-09,2026-07-09_19,0.0,100,100,0,122.0760457142857,138.95094857142857,0.046874730158730164,0.0,18.342285714285715,True,True,True,False,0.0,0.0,103.99274047186933,91.87123889578758,0.0,333.63021590273326,529.4941952703902
2026-07-09T02:45:00Z,2026-07-09T03:00:00Z,2026-07-09,2026-07-09_20,0.0,100,100,0,138.95094857142857,144.0,0.01759657142857143,0.5914285714285714,6.186857142857143,True,True,True,False,0.0,0.0,103.99274047186933,91.87123889578758,101.5317162234079,-66.56323119959609,230.8324643914687
2026-07-09T03:00:00Z,2026-07-09T03:15:00Z,2026-07-09,2026-07-09_21,0.0,0,0,100,144.0,144.0,0.0,0.0,0.0,True,True,True,False,0.0,995.7971152927691,0.0,0.0,0.0,0.0,995.7971152927691
2026-07-09T03:15:00Z,2026-07-09T03:30:00Z,2026-07-09,2026-07-09_22,0.0,0,0,100,144.0,144.0,0.0,0.0,0.0,True,True,True,False,0.0,995.7971152927691,0.0,0.0,0.0,0.0,995.7971152927691
2026-07-09T03:30:00Z,2026-07-09T03:45:00Z,2026-07-09,2026-07-09_23,0.0,0,0,100,144.0,144.0,0.0,0.0,0.0,True,True,True,False,0.0,995.7971152927691,0.0,0.0,0.0,0.0,995.7971152927691
2026-07-09T03:45:00Z,2026-07-09T04:00:00Z,2026-07-09,2026-07-09_24,0.0,0,0,100,144.0,144.0,0.0,0.0,0.0,True,True,True,False,0.0,995.7971152927691,0.0,0.0,0.0,0.0,995.7971152927691
2026-07-09T04:00:00Z,2026-07-09T04:15:00Z,2026-07-09,2026-07-09_25,90.52902857142857,0,100,0,144.0,119.3997204968944,0.06833410973084886,0.0,0.0,True,True,True,False,3164.894838857143,0.0,0.0,19.85863024166587,0.0,0.0,3184.7534690988086
2026-07-09T04:15:00Z,2026-07-09T04:30:00Z,2026-07-09,2026-07-09_26,100.0,0,100,0,119.3997204968944,92.90344720496893,0.0736007591442374,0.0,0.6234285714285714,True,True,True,False,3780.25,0.0,0.0,19.85863024166587,0.0,-30.578787331304675,3769.5298429103614
2026-07-09T04:30:00Z,2026-07-09T04:45:00Z,2026-07-09,2026-07-09_27,100.0,0,100,0,92.90344720496893,73.48357142857141,0.053944099378881984,0.0,7.133714285714286,True,True,True,False,3753.0,0.0,0.0,19.85863024166587,0.0,-51.016039845530344,3721.8425903961356
2026-07-09T04:45:00Z,2026-07-09T05:00:00Z,2026-07-09,2026-07-09_28,100.0,0,100,0,73.48357142857141,65.52704968944097,0.022101449275362315,0.0,17.68,True,True,True,False,3654.5,0.0,0.0,19.85863024166587,0.0,404.02067819275953,4078.379308434425
2026-07-09T05:00:00Z,2026-07-09T05:15:00Z,2026-07-09,2026-07-09_29,9.000000000000014,0,9,91,65.52704968944097,63.36503726708072,0.00600559006211181,0.0,0.2609485714285714,True,True,True,False,364.14000000000055,906.17537491642,0.0,1.8182252364122646,0.0,-10.148204945758225,1261.9853952070746
2026-07-09T05:15:00Z,2026-07-09T05:30:00Z,2026-07-09,2026-07-09_30,9.000000000000014,0,9,91,63.36503726708072,61.508354037267054,0.005157453416149079,0.0,0.5418514285714285,True,True,True,False,340.4250000000006,906.17537491642,0.0,1.8182252364122646,0.0,-7.366984901818976,1241.0516152510138
2026-07-09T05:30:00Z,2026-07-09T05:45:00Z,2026-07-09,2026-07-09_31,9.000000000000014,0,9,91,61.508354037267054,59.45652173913041,0.005699534161490694,0.0,0.36231428571428576,True,True,True,False,321.8850000000005,906.17537491642,0.0,1.8182252364122646,0.0,-13.687928469085604,1216.190671683747
2026-07-09T05:45:00Z,2026-07-09T06:00:00Z,2026-07-09,2026-07-09_32,0.10731340006911529,0,9,91,59.45652173913041,59.456521739130416,0.00015972958978541945,0.0,0.03162857142857143,True,True,True,False,3.527928027272165,906.17537491642,0.0,1.8182252364122646,0.0,-1.5542864293219438,909.9672417507825
2026-07-09T06:00:00Z,2026-07-09T06:15:00Z,2026-07-09,2026-07-09_33,100.0,0,100,0,59.456521739130416,32.70434782608694,0.07431159420289855,0.0,0.388,True,True,True,False,3852.0000000000005,0.0,0.0,19.772662145381606,0.0,-14.772611710765117,3857.000050434617
2026-07-09T06:15:00Z,2026-07-09T06:30:00Z,2026-07-09,2026-07-09_34,99.99999999999999,0,100,0,32.70434782608694,27.443478260869547,0.014613526570048312,0.0,20.16,True,True,True,False,2879.2499999999995,0.0,0.0,19.772662145381606,0.0,765.4445238322667,3664.4671859776477
2026-07-09T06:30:00Z,2026-07-09T06:45:00Z,2026-07-09,2026-07-09_35,100.0,0,100,0,27.443478260869547,10.152795031055884,0.04802967563837129,0.0,9.092571428571429,True,True,True,False,2743.0,0.0,0.0,19.772662145381606,0.0,-72.8065792066373,2689.9660829387444
2026-07-09T06:45:00Z,2026-07-09T07:00:00Z,2026-07-09,2026-07-09_36,0.0,0,100,0,10.152795031055884,26.294326459627314,0.0448375873015873,0.0,17.545142857142856,True,True,True,False,0.0,0.0,0.0,19.772662145381606,0.0,5370.476220897071,5390.248883042452
2026-07-09T07:00:00Z,2026-07-09T07:15:00Z,2026-07-09,2026-07-09_37,100.0,0,100,0,26.294326459627314,15.464512795031041,0.030082815734989648,0.0,15.03657142857143,True,True,True,False,3012.25,0.0,0.0,74.84955583150254,0.0,3791.456620061952,6878.556175893455
2026-07-09T07:15:00Z,2026-07-09T07:30:00Z,2026-07-09,2026-07-09_38,3.530693729816315,0,100,0,15.464512795031041,33.05525366459626,0.04992176804066162,0.0,20.034857142857142,True,True,True,False,83.7745354742166,0.0,0.0,74.84955583150254,0.0,2153.2888041155525,2311.9128954212715
2026-07-09T07:30:00Z,2026-07-09T07:45:00Z,2026-07-09,2026-07-09_39,0.0,0,100,0,33.05525366459626,41.5281908074534,0.02353593650793651,0.0,9.209714285714286,True,True,True,False,0.0,0.0,0.0,74.84955583150254,0.0,348.90820910715996,423.7577649386625
2026-07-09T07:45:00Z,2026-07-09T08:00:00Z,2026-07-09,2026-07-09_40,0.0,0,100,0,41.5281908074534,48.58695652173911,0.01960768253968254,0.0,7.672571428571429,True,True,True,False,0.0,0.0,0.0,74.84955583150254,0.0,288.4561456272259,363.30570145872844
2026-07-09T08:00:00Z,2026-07-09T08:15:00Z,2026-07-09,2026-07-09_41,-23.999999999999954,29,5,71,48.58695652173911,53.84581570186332,0.015029784817115225,0.4051714285714285,0.134,True,True,True,False,-277.6199999999995,707.0159518578662,26.426592797783936,4.736842105263158,53.96439129402452,19.62333938294011,534.1471174378784
2026-07-09T08:15:00Z,2026-07-09T08:30:00Z,2026-07-09,2026-07-09_42,0.0,29,5,71,53.84581570186332,53.1840246459627,0.0018412291235334712,0.6093314285714286,0.0005714285714285715,True,True,True,False,0.0,707.0159518578662,26.426592797783936,4.736842105263158,84.54475026513654,-0.0436663346205805,822.6804706914293
2026-07-09T08:30:00Z,2026-07-09T08:45:00Z,2026-07-09,2026-07-09_43,-23.999999999999982,29,5,71,53.1840246459627,57.367828432298104,0.013088033291925458,1.4084057142857143,8.571428571428571e-05,True,True,True,False,-357.2999999999997,707.0159518578662,26.426592797783936,4.736842105263158,200.11065345468938,-0.006549950193087075,580.9834902654098
2026-07-09T08:45:00Z,2026-07-09T09:00:00Z,2026-07-09,2026-07-09_44,-24.0,29,5,71,57.367828432298104,62.19943850931674,0.014177867881297447,0.7268228571428572,0.0013142857142857142,True,True,True,False,-360.96,707.0159518578662,26.426592797783936,4.736842105263158,99.58285429362881,-0.07440747785980378,476.7278335766823
2026-07-09T09:00:00Z,2026-07-09T09:15:00Z,2026-07-09,2026-07-09_45,0.0,29,29,71,62.19943850931674,62.041257450931646,0.0006223404002760524,0.17582285714285714,0.035794285714285716,True,True,True,False,0.0,707.0159518578662,26.426592797783936,28.06371191135734,22.77007607439652,-2.0748718955282945,782.2014607458757
2026-07-09T09:15:00Z,2026-07-09T09:30:00Z,2026-07-09,2026-07-09_46,0.0,29,29,71,62.041257450931646,60.07430092919252,0.0054637681159420285,1.8095999999999999,0.0,True,True,True,False,0.0,707.0159518578662,26.426592797783936,28.06371191135734,291.9538703601108,0.0,1053.4601269271182
2026-07-09T09:30:00Z,2026-07-09T09:45:00Z,2026-07-09,2026-07-09_47,0.0,29,29,71,60.07430092919252,58.610971736645936,0.0040648033126293994,1.3462628571428572,0.0,True,True,True,False,0.0,707.0159518578662,26.426592797783936,28.06371191135734,216.01134106846067,0.0,977.5175976354682
2026-07-09T09:45:00Z,2026-07-09T10:00:00Z,2026-07-09,2026-07-09_48,0.0,29,29,71,58.610971736645936,54.73235682981364,0.010773930296756383,3.5683257142857143,0.0,True,True,True,False,0.0,707.0159518578662,26.426592797783936,28.06371191135734,744.1675278195488,0.0,1505.6737843865562
2026-07-09T10:00:00Z,2026-07-09T10:15:00Z,2026-07-09,2026-07-09_49,-0.49287536403844356,29,0,71,54.73235682981364,54.61162899875776,0.0009463834713823037,0.21592571428571428,0.0,True,True,True,False,-9.188428974086683,707.0159518578662,26.426592797783936,0.0,28.87051995251286,0.0,753.1246356340763
2026-07-09T10:15:00Z,2026-07-09T10:30:00Z,2026-07-09,2026-07-09_50,-29.0,29,0,71,54.61162899875776,60.05617848447204,0.015123748571428572,1.3320114285714286,0.0,True,True,True,False,-452.0375,707.0159518578662,26.426592797783936,0.0,195.15818681440444,0.0,476.5632314700545
2026-07-09T10:30:00Z,2026-07-09T10:45:00Z,2026-07-09,2026-07-09_51,-29.0,29,0,71,60.05617848447204,65.17020088447204,0.01420561777777778,1.69128,0.0,True,True,True,False,-409.1175,707.0159518578662,26.426592797783936,0.0,258.61317407202216,0.0,582.9382187276723
2026-07-09T10:45:00Z,2026-07-09T11:00:00Z,2026-07-09,2026-07-09_52,-29.0,29,0,71,65.17020088447204,71.15078968447204,0.016612746666666667,0.74936,0.0,True,True,True,False,-356.7725,707.0159518578662,26.426592797783936,0.0,110.07095578947369,0.0,486.7410004451238
2026-07-09T11:00:00Z,2026-07-09T11:15:00Z,2026-07-09,2026-07-09_53,-29.0,29,0,71,71.15078968447204,77.82017985590062,0.018526083809523815,0.0006628571428571429,0.0,True,True,True,False,-387.3675,707.0159518578662,26.39335180055402,0.0,0.08319746735259201,0.0,346.12500112577277
2026-07-09T11:15:00Z,2026-07-09T11:30:00Z,2026-07-09,2026-07-09_54,-29.0,29,0,71,77.82017985590062,84.46731128447205,0.01846425396825397,0.024857142857142855,0.0,True,True,True,False,-337.77750000000003,707.0159518578662,26.39335180055402,0.0,2.374356944994064,0.0,398.00616060341423
2026-07-09T11:30:00Z,2026-07-09T11:45:00Z,2026-07-09,2026-07-09_55,-29.0,29,0,71,84.46731128447205,91.13228019875775,0.01851380253968254,0.0054685714285714285,0.0,True,True,True,False,-254.04,707.0159518578662,26.39335180055402,0.0,0.5223585278986941,0.0,479.8916621863189
2026-07-09T11:45:00Z,2026-07-09T12:00:00Z,2026-07-09,2026-07-09_56,-29.0,29,0,71,91.13228019875775,97.73565642732919,0.018342711746031748,0.07241714285714286,0.0,True,True,True,False,-167.62,707.0159518578662,26.39335180055402,0.0,7.543557293233084,0.0,573.3328609516533
2026-07-09T12:00:00Z,2026-07-09T12:15:00Z,2026-07-09,2026-07-09_57,-29.0,29,0,71,97.73565642732919,104.39605162732919,0.01850109777777778,0.010440000000000001,0.0,True,True,True,False,-230.695,707.0159518578662,26.39335180055402,0.0,0.9972299168975071,0.0,503.71153357531773
2026-07-09T12:15:00Z,2026-07-09T12:30:00Z,2026-07-09,2026-07-09_58,-29.0,29,0,71,104.39605162732919,110.8849325416149,0.01802466920634921,0.19686857142857142,0.0,True,True,True,False,-248.0225,707.0159518578662,26.39335180055402,0.0,23.15320326078354,0.0,508.54000691920373
2026-07-09T12:30:00Z,2026-07-09T12:45:00Z,2026-07-09,2026-07-09_59,-29.0,29,0,71,110.8849325416149,117.53099677018633,0.018461289523809526,0.026017142857142857,0.0,True,True,True,False,-281.3725,707.0159518578662,26.39335180055402,0.0,3.126197419865453,0.0,455.1630010782857
2026-07-09T12:45:00Z,2026-07-09T13:00:00Z,2026-07-09,2026-07-09_60,-29.0,29,0,71,117.53099677018633,124.20099677018634,0.018527777777777782,0.0,0.0,True,True,True,False,-301.3825,707.0159518578662,26.39335180055402,0.0,0.0,0.0,432.0268036584202
2026-07-09T13:00:00Z,2026-07-09T13:15:00Z,2026-07-09,2026-07-09_61,0.0,100,100,0,124.20099677018634,135.38995180124223,0.03356490269151139,0.4114285714285714,12.648000000000001,True,True,True,False,0.0,0.0,89.66472442449137,14.557264304136021,53.68779334907141,12166.566547330214,12324.476329407913
2026-07-09T13:15:00Z,2026-07-09T13:30:00Z,2026-07-09,2026-07-09_62,0.0,100,100,0,135.38995180124223,138.30053267080746,0.00876127536231884,0.11200000000000002,3.296,True,True,True,False,0.0,0.0,89.66472442449137,14.557264304136021,14.562717356003441,-158.51087057025504,-39.72616448562421
2026-07-09T13:30:00Z,2026-07-09T13:45:00Z,2026-07-09,2026-07-09_63,0.0,100,100,0,138.30053267080746,145.69838409937887,0.0205495873015873,0.0,8.041142857142857,True,True,True,False,0.0,0.0,89.66472442449137,14.557264304136021,0.0,-43.733555449422106,60.48843327920528
2026-07-09T13:45:00Z,2026-07-09T14:00:00Z,2026-07-09,2026-07-09_64,0.0,100,100,0,145.69838409937887,143.99999999999997,0.017331955831608004,3.6514285714285712,2.468,True,True,True,False,0.0,0.0,89.66472442449137,14.557264304136021,728.6596793253551,-76.1649930270322,756.7166750269503
2026-07-09T14:00:00Z,2026-07-09T14:15:00Z,2026-07-09,2026-07-09_65,0.0,0,0,100,143.99999999999997,143.99999999999997,0.0,0.0,0.0,True,True,True,False,0.0,995.7971152927691,0.0,0.0,0.0,0.0,995.7971152927691
2026-07-09T14:15:00Z,2026-07-09T14:30:00Z,2026-07-09,2026-07-09_66,0.0,0,0,100,143.99999999999997,143.99999999999997,0.0,0.0,0.0,True,True,True,False,0.0,995.7971152927691,0.0,0.0,0.0,0.0,995.7971152927691
2026-07-09T14:30:00Z,2026-07-09T14:45:00Z,2026-07-09,2026-07-09_67,0.0,0,0,100,143.99999999999997,143.99999999999997,0.0,0.0,0.0,True,True,True,False,0.0,995.7971152927691,0.0,0.0,0.0,0.0,995.7971152927691
2026-07-09T14:45:00Z,2026-07-09T15:00:00Z,2026-07-09,2026-07-09_68,0.0,0,0,100,143.99999999999997,143.99999999999997,0.0,0.0,0.0,True,True,True,False,0.0,995.7971152927691,0.0,0.0,0.0,0.0,995.7971152927691
2026-07-09T15:00:00Z,2026-07-09T15:15:00Z,2026-07-09,2026-07-09_69,0.0,0,0,100,143.99999999999997,143.99999999999997,0.0,0.0,0.0,True,True,True,False,0.0,995.7971152927691,0.0,0.0,0.0,0.0,995.7971152927691
2026-07-09T15:15:00Z,2026-07-09T15:30:00Z,2026-07-09,2026-07-09_70,0.0,0,0,100,143.99999999999997,143.99999999999997,0.0,0.0,0.0,True,True,True,False,0.0,995.7971152927691,0.0,0.0,0.0,0.0,995.7971152927691
2026-07-09T15:30:00Z,2026-07-09T15:45:00Z,2026-07-09,2026-07-09_71,0.0,0,0,100,143.99999999999997,143.99999999999997,0.0,0.0,0.0,True,True,True,False,0.0,995.7971152927691,0.0,0.0,0.0,0.0,995.7971152927691
2026-07-09T15:45:00Z,2026-07-09T16:00:00Z,2026-07-09,2026-07-09_72,0.0,0,0,100,143.99999999999997,143.99999999999997,0.0,0.0,0.0,True,True,True,False,0.0,995.7971152927691,0.0,0.0,0.0,0.0,995.7971152927691
2026-07-09T16:00:00Z,2026-07-09T16:15:00Z,2026-07-09,2026-07-09_73,0.0,100,100,0,143.99999999999997,158.21846857142853,0.039495746031746035,0.0,15.454857142857142,True,True,True,False,0.0,0.0,102.76053109179483,19.85863024166587,0.0,294.24311930461363,416.8622806380743
2026-07-09T16:15:00Z,2026-07-09T16:30:00Z,2026-07-09,2026-07-09_74,0.0,100,100,0,158.21846857142853,169.18429614906827,0.030481336093857832,0.0034285714285714284,11.923428571428571,True,True,True,False,0.0,0.0,102.76053109179483,19.85863024166587,0.45849651351609516,77.21015089447758,200.28780874145437
2026-07-09T16:30:00Z,2026-07-09T16:45:00Z,2026-07-09,2026-07-09_75,0.0,100,100,0,169.18429614906827,169.2320983850931,0.008538581090407178,1.392,1.6965714285714286,True,True,True,False,0.0,0.0,102.76053109179483,19.85863024166587,234.61921329639887,-81.41695410941146,275.8214205204481
2026-07-09T16:45:00Z,2026-07-09T17:00:00Z,2026-07-09,2026-07-09_76,0.0,100,100,0,169.2320983850931,162.33830956521734,0.019149413388543823,6.3422857142857145,0.0,True,True,True,False,0.0,0.0,102.76053109179483,19.85863024166587,1623.4518795354993,0.0,1746.07104086896
2026-07-09T17:00:00Z,2026-07-09T17:15:00Z,2026-07-09,2026-07-09_77,-100.00000000000004,100,0,0,162.33830956521734,178.1796581366459,0.04400374603174606,7.781142857142857,0.0,True,True,True,False,-3573.0000000000014,0.0,76.19638933995606,0.0,1614.2054811074875,0.0,-1882.5981295525578
2026-07-09T17:15:00Z,2026-07-09T17:30:00Z,2026-07-09,2026-07-09_78,-95.23759529338892,100,0,0,178.1796581366459,189.63186335403725,0.03505103663135684,11.264000000000001,0.0,True,True,True,False,-3594.266846372498,0.0,76.19638933995606,0.0,3054.150376158182,0.0,-463.92008087435994
2026-07-09T17:30:00Z,2026-07-09T17:45:00Z,2026-07-09,2026-07-09_79,0.0,100,0,0,189.63186335403725,169.72875776397515,0.05528640441683918,18.310857142857138,0.0,True,True,True,False,0.0,0.0,76.19638933995606,0.0,10827.777047118703,0.0,10903.973436458658
2026-07-09T17:45:00Z,2026-07-09T18:00:00Z,2026-07-09,2026-07-09_80,3.089316242435219e-14,100,0,0,169.72875776397515,163.85049689440993,0.01632850241545896,5.408,0.0,True,True,True,False,1.5517635485752105e-12,0.0,76.19638933995606,0.0,2459.3697476358775,0.0,2535.566136975835
2026-07-09T18:00:00Z,2026-07-09T18:15:00Z,2026-07-09,2026-07-09_81,70.0,0,70,30,163.85049689440993,145.8639751552795,0.049962560386473426,0.0,0.9523999999999999,True,True,True,False,3192.875,298.7391345878308,0.0,14.783646957684594,0.0,-46.290879358104874,3460.1069021874105
2026-07-09T18:15:00Z,2026-07-09T18:30:00Z,2026-07-09,2026-07-09_82,70.0,0,70,30,145.8639751552795,126.9044099378882,0.05266545893719807,0.0,0.057199999999999994,True,True,True,False,3397.275,298.7391345878308,0.0,14.783646957684594,0.0,-3.3870661190180535,3707.4107154264975
2026-07-09T18:30:00Z,2026-07-09T18:45:00Z,2026-07-09,2026-07-09_83,70.0,0,70,30,126.9044099378882,107.9852795031056,0.05255314009661836,0.0,0.0944,True,True,True,False,3773.175,298.7391345878308,0.0,14.783646957684594,0.0,-5.302360263635495,4081.39542128188
2026-07-09T18:45:00Z,2026-07-09T19:00:00Z,2026-07-09,2026-07-09_84,70.0,0,70,30,107.9852795031056,89.30745341614907,0.051882850241545896,0.0,0.3164,True,True,True,False,3909.15,298.7391345878308,0.0,14.783646957684594,0.0,-16.091700831024934,4206.581080714491
2026-07-09T19:00:00Z,2026-07-09T19:15:00Z,2026-07-09,2026-07-09_85,0.0,0,0,100,89.30745341614907,89.30745341614907,0.0,0.0,0.0,True,False,True,False,0.0,995.7971152927691,0.0,0.0,0.0,0.0,995.7971152927691
2026-07-09T19:15:00Z,2026-07-09T19:30:00Z,2026-07-09,2026-07-09_86,0.0,0,0,100,89.30745341614907,89.30745341614907,0.0,0.0,0.0,True,False,True,False,0.0,995.7971152927691,0.0,0.0,0.0,0.0,995.7971152927691
2026-07-09T19:30:00Z,2026-07-09T19:45:00Z,2026-07-09,2026-07-09_87,0.0,0,0,100,89.30745341614907,89.30745341614907,0.0,0.0,0.0,True,False,True,False,0.0,995.7971152927691,0.0,0.0,0.0,0.0,995.7971152927691
2026-07-09T19:45:00Z,2026-07-09T20:00:00Z,2026-07-09,2026-07-09_88,0.0,0,0,100,89.30745341614907,89.30745341614907,0.0,0.0,0.0,True,False,True,False,0.0,995.7971152927691,0.0,0.0,0.0,0.0,995.7971152927691
2026-07-09T20:00:00Z,2026-07-09T20:15:00Z,2026-07-09,2026-07-09_89,100.0,0,100,0,89.30745341614907,64.17018633540373,0.06982574189095928,0.0,1.8737142857142854,True,True,True,False,5084.0,0.0,0.0,21.119495653835134,0.0,-53.80883610114214,5051.310659552693
2026-07-09T20:15:00Z,2026-07-09T20:30:00Z,2026-07-09,2026-07-09_90,100.0,0,100,0,64.17018633540373,37.114906832298146,0.07515355417529329,0.0,0.10914285714285715,True,True,True,False,4626.0,0.0,0.0,21.119495653835134,0.0,-5.593652224936206,4641.525843428899
2026-07-09T20:30:00Z,2026-07-09T20:45:00Z,2026-07-09,2026-07-09_91,100.0,0,100,0,37.114906832298146,10.000000000000014,0.0753191856452726,0.0,0.05428571428571429,True,True,True,False,4370.0,0.0,0.0,21.119495653835134,0.0,-3.728234379051077,4387.3912612747845
2026-07-09T20:45:00Z,2026-07-09T21:00:00Z,2026-07-09,2026-07-09_92,0.0,0,100,0,10.000000000000014,10.000000000000014,0.0,0.0,0.0,True,True,True,False,0.0,0.0,0.0,21.119495653835134,0.0,0.0,21.119495653835134
2026-07-09T21:00:00Z,2026-07-09T21:15:00Z,2026-07-10,2026-07-09_93,-100.00000000000016,100,0,0,10.000000000000014,16.386902857142907,0.017741396825396927,18.057714285714287,0.0,True,True,True,False,-4287.250000000007,0.0,103.89970016996736,0.0,9853.236303715,0.0,5669.886003884961
2026-07-09T21:15:00Z,2026-07-09T21:30:00Z,2026-07-10,2026-07-09_94,-99.99999999999989,100,0,0,16.386902857142907,19.093805714285732,0.00751917460317467,22.057714285714287,0.0,True,True,True,False,-4079.4999999999955,0.0,103.89970016996736,0.0,14677.855933060697,0.0,10702.255633230669
2026-07-09T21:30:00Z,2026-07-09T21:45:00Z,2026-07-10,2026-07-09_95,-100.00000000000001,100,0,0,19.093805714285732,29.131268571428592,0.027881841269841275,14.089714285714287,0.0,True,True,True,False,-3895.2500000000005,0.0,103.89970016996736,0.0,4808.636001647838,0.0,1017.2857018178053
2026-07-09T21:45:00Z,2026-07-09T22:00:00Z,2026-07-10,2026-07-09_96,-100.0,100,0,0,29.131268571428592,38.10626285714288,0.02493053968253968,15.24457142857143,0.0,True,True,True,False,-3895.0000000000005,0.0,103.89970016996736,0.0,11528.49498004316,0.0,7737.394680213128
2026-07-09T22:00:00Z,2026-07-09T22:15:00Z,2026-07-10,2026-07-10_1,0.0,0,0,51,38.10626285714288,38.10626285714288,0.0,0.0,0.0,True,False,True,False,0.0,507.68195099593225,0.0,0.0,0.0,0.0,507.68195099593225
2026-07-09T22:15:00Z,2026-07-09T22:30:00Z,2026-07-10,2026-07-10_2,-16.093753173102854,0,0,51,38.10626285714288,41.80782608695654,0.010282120082815713,0.0,0.0,True,False,True,False,-622.2247320550891,507.68195099593225,0.0,0.0,0.0,0.0,-114.54278105915688
2026-07-09T22:30:00Z,2026-07-09T22:45:00Z,2026-07-10,2026-07-10_3,-49.0,0,0,51,41.80782608695654,53.07782608695654,0.03130555555555556,0.0,0.0,True,False,True,False,-1831.1299999999999,507.68195099593225,0.0,0.0,0.0,0.0,-1323.4480490040676
2026-07-09T22:45:00Z,2026-07-09T23:00:00Z,2026-07-10,2026-07-10_4,-48.99999999999998,0,0,51,53.07782608695654,64.34782608695653,0.031305555555555545,0.0,0.0,True,False,True,False,-1711.3249999999991,507.68195099593225,0.0,0.0,0.0,0.0,-1203.6430490040668
2026-07-09T23:00:00Z,2026-07-09T23:15:00Z,2026-07-10,2026-07-10_5,0.0,0,0,100,64.34782608695653,64.34782608695653,0.0,0.0,0.0,True,False,True,False,0.0,995.454805874377,0.0,0.0,0.0,0.0,995.454805874377
2026-07-09T23:15:00Z,2026-07-09T23:30:00Z,2026-07-10,2026-07-10_6,0.0,0,0,100,64.34782608695653,64.34782608695653,0.0,0.0,0.0,True,False,True,False,0.0,995.454805874377,0.0,0.0,0.0,0.0,995.454805874377
2026-07-09T23:30:00Z,2026-07-09T23:45:00Z,2026-07-10,2026-07-10_7,0.0,0,0,100,64.34782608695653,64.34782608695653,0.0,0.0,0.0,True,False,True,False,0.0,995.454805874377,0.0,0.0,0.0,0.0,995.454805874377
2026-07-09T23:45:00Z,2026-07-10T00:00:00Z,2026-07-10,2026-07-10_8,0.0,0,0,100,64.34782608695653,64.34782608695653,0.0,0.0,0.0,True,False,True,False,0.0,995.454805874377,0.0,0.0,0.0,0.0,995.454805874377
2026-07-10T00:00:00Z,2026-07-10T00:15:00Z,2026-07-10,2026-07-10_9,26.00000000000001,74,100,0,64.34782608695653,79.38760832795032,0.04500429504485851,0.0,22.94457142857143,True,True,True,False,922.8700000000003,0.0,76.88577812577584,91.38131887019459,0.0,3283.453485640078,4374.590582636049
2026-07-10T00:15:00Z,2026-07-10T00:30:00Z,2026-07-10,2026-07-10_10,26.0,74,100,0,79.38760832795032,84.83734515279504,0.03399398945479642,0.0,12.990285714285715,True,True,True,False,917.54,0.0,76.88577812577584,91.38131887019459,0.0,65.26028989935642,1151.0673868953268
2026-07-10T00:30:00Z,2026-07-10T00:45:00Z,2026-07-10,2026-07-10_11,0.0,74,100,0,84.83734515279504,87.21304800993789,0.006599174603174603,0.0,2.5822857142857143,True,True,True,False,0.0,0.0,76.88577812577584,91.38131887019459,0.0,-110.8736226506721,57.39347434529833
2026-07-10T00:45:00Z,2026-07-10T01:00:00Z,2026-07-10,2026-07-10_12,0.0,74,100,0,87.21304800993789,94.58513943850932,0.02047803174603175,0.0,8.013142857142858,True,True,True,False,0.0,0.0,76.88577812577584,91.38131887019459,0.0,-26.904314987954965,141.36278200801547
2026-07-10T01:00:00Z,2026-07-10T01:15:00Z,2026-07-10,2026-07-10_13,0.0,0,0,100,94.58513943850932,94.58513943850932,0.0,0.0,0.0,True,True,True,False,0.0,995.454805874377,0.0,0.0,0.0,0.0,995.454805874377
2026-07-10T01:15:00Z,2026-07-10T01:30:00Z,2026-07-10,2026-07-10_14,0.0,0,0,100,94.58513943850932,94.58513943850932,0.0,0.0,0.0,True,True,True,False,0.0,995.454805874377,0.0,0.0,0.0,0.0,995.454805874377
2026-07-10T01:30:00Z,2026-07-10T01:45:00Z,2026-07-10,2026-07-10_15,0.0,0,0,100,94.58513943850932,94.58513943850932,0.0,0.0,0.0,True,True,True,False,0.0,995.454805874377,0.0,0.0,0.0,0.0,995.454805874377
2026-07-10T01:45:00Z,2026-07-10T02:00:00Z,2026-07-10,2026-07-10_16,0.0,0,0,100,94.58513943850932,94.58513943850932,0.0,0.0,0.0,True,True,True,False,0.0,995.454805874377,0.0,0.0,0.0,0.0,995.454805874377
2026-07-10T02:00:00Z,2026-07-10T02:15:00Z,2026-07-10,2026-07-10_17,0.0,0,0,100,94.58513943850932,94.58513943850932,0.0,0.0,0.0,True,True,True,False,0.0,995.454805874377,0.0,0.0,0.0,0.0,995.454805874377
2026-07-10T02:15:00Z,2026-07-10T02:30:00Z,2026-07-10,2026-07-10_18,0.0,0,0,100,94.58513943850932,94.58513943850932,0.0,0.0,0.0,True,True,True,False,0.0,995.454805874377,0.0,0.0,0.0,0.0,995.454805874377
2026-07-10T02:30:00Z,2026-07-10T02:45:00Z,2026-07-10,2026-07-10_19,0.0,0,0,100,94.58513943850932,94.58513943850932,0.0,0.0,0.0,True,True,True,False,0.0,995.454805874377,0.0,0.0,0.0,0.0,995.454805874377
2026-07-10T02:45:00Z,2026-07-10T03:00:00Z,2026-07-10,2026-07-10_20,0.0,0,0,100,94.58513943850932,94.58513943850932,0.0,0.0,0.0,True,True,True,False,0.0,995.454805874377,0.0,0.0,0.0,0.0,995.454805874377
2026-07-10T03:00:00Z,2026-07-10T03:15:00Z,2026-07-10,2026-07-10_21,0.0,0,0,100,94.58513943850932,94.58513943850932,0.0,0.0,0.0,True,True,True,False,0.0,995.454805874377,0.0,0.0,0.0,0.0,995.454805874377
2026-07-10T03:15:00Z,2026-07-10T03:30:00Z,2026-07-10,2026-07-10_22,0.0,0,0,100,94.58513943850932,94.58513943850932,0.0,0.0,0.0,True,True,True,False,0.0,995.454805874377,0.0,0.0,0.0,0.0,995.454805874377
2026-07-10T03:30:00Z,2026-07-10T03:45:00Z,2026-07-10,2026-07-10_23,0.0,0,0,100,94.58513943850932,94.58513943850932,0.0,0.0,0.0,True,True,True,False,0.0,995.454805874377,0.0,0.0,0.0,0.0,995.454805874377
2026-07-10T03:45:00Z,2026-07-10T04:00:00Z,2026-07-10,2026-07-10_24,0.0,0,0,100,94.58513943850932,94.58513943850932,0.0,0.0,0.0,True,True,True,False,0.0,995.454805874377,0.0,0.0,0.0,0.0,995.454805874377
2026-07-10T04:00:00Z,2026-07-10T04:15:00Z,2026-07-10,2026-07-10_25,0.0,0,20,80,94.58513943850932,94.65800343850931,0.0002024,0.0,0.07919999999999999,True,True,True,False,0.0,796.3638446995017,0.0,3.8042128984206403,0.0,-3.9622082768366975,796.2058493210856
2026-07-10T04:15:00Z,2026-07-10T04:30:00Z,2026-07-10,2026-07-10_26,20.0,0,20,80,94.65800343850931,91.49340716521739,0.008790545203588683,0.0,2.0885714285714285,True,True,True,False,767.5,796.3638446995017,0.0,3.8042128984206403,0.0,15.264125432079904,1582.9321830300023
2026-07-10T04:30:00Z,2026-07-10T04:45:00Z,2026-07-10,2026-07-10_27,20.0,0,20,80,91.49340716521739,87.81949412173913,0.010205314009661836,0.0,1.62,True,True,True,False,761.25,796.3638446995017,0.0,3.8042128984206403,0.0,-3.2478582204992072,1558.1701993774232
2026-07-10T04:45:00Z,2026-07-10T05:00:00Z,2026-07-10,2026-07-10_28,19.180003180777184,0,20,80,87.81949412173913,82.85590062111798,0.013835945340209663,0.0,0.22994285714285714,True,True,True,False,719.6337193427601,796.3638446995017,0.0,3.8042128984206403,0.0,-11.207315525411891,1508.5944614152704
2026-07-10T05:00:00Z,2026-07-10T05:15:00Z,2026-07-10,2026-07-10_29,100.0,0,100,0,82.85590062111798,56.03788819875773,0.07449447895100068,0.0,0.3274285714285714,True,True,True,False,3930.25,0.0,0.0,20.080973206271604,0.0,-17.018119228135458,3933.312853978136
2026-07-10T05:15:00Z,2026-07-10T05:30:00Z,2026-07-10,2026-07-10_30,100.0,0,100,0,56.03788819875773,30.316149068322947,0.07144927536231885,0.0,1.336,True,True,True,False,3833.75,0.0,0.0,20.080973206271604,0.0,-64.5328082806562,3789.2981649256153
2026-07-10T05:30:00Z,2026-07-10T05:45:00Z,2026-07-10,2026-07-10_31,100.0,0,100,0,30.316149068322947,12.957142857142824,0.048219461697722565,0.0,9.029714285714284,True,True,True,False,3624.0,0.0,0.0,20.080973206271604,0.0,518.8097933928264,4162.890766599098
2026-07-10T05:45:00Z,2026-07-10T06:00:00Z,2026-07-10,2026-07-10_32,100.0,0,100,0,12.957142857142824,9.999999999999964,0.008214285714285719,0.0,22.279428571428568,True,True,True,False,3297.9999999999995,0.0,0.0,20.080973206271604,0.0,3508.0686246831865,6826.149597889457
2026-07-10T06:00:00Z,2026-07-10T06:15:00Z,2026-07-10,2026-07-10_33,55.995714351210644,44,100,0,9.999999999999964,9.999999999999964,0.033767463906202805,0.0,15.013714285714286,True,True,True,False,1559.6206339670944,0.0,46.22004086855222,18.99241831063919,0.0,246.2153950581245,1871.0484882044102
2026-07-10T06:15:00Z,2026-07-10T06:30:00Z,2026-07-10,2026-07-10_34,0.13638974811668694,44,100,0,9.999999999999964,21.193922404968916,0.031199613279497225,0.0,12.204571428571429,True,True,True,False,2.5399180843030025,0.0,46.22004086855222,18.99241831063919,0.0,56.763388761420956,124.51576602491537
2026-07-10T06:30:00Z,2026-07-10T06:45:00Z,2026-07-10,2026-07-10_35,0.0,44,100,0,21.193922404968916,22.11939818136643,0.002730186335403727,0.026399999999999996,1.0371428571428571,True,True,True,False,0.0,0.0,46.22004086855222,18.99241831063919,3.626096442144262,-50.33598151366423,18.502574107671443
2026-07-10T06:45:00Z,2026-07-10T07:00:00Z,2026-07-10,2026-07-10_36,0.0,44,100,0,22.11939818136643,28.048092839751526,0.016552102139406485,0.013828571428571428,6.460571428571428,True,True,True,False,0.0,0.0,46.22004086855222,18.99241831063919,1.9060019588531703,4038.222965943782,4105.341427081827
2026-07-10T07:00:00Z,2026-07-10T07:15:00Z,2026-07-10,2026-07-10_37,99.0,1,100,0,28.048092839751526,9.999999999999975,0.050550570269151135,0.0,8.158285714285714,True,True,True,False,2292.0975,0.0,0.8960525561942593,72.47483910394745,0.0,3485.404501215416,5850.872892875557
2026-07-10T07:15:00Z,2026-07-10T07:30:00Z,2026-07-10,2026-07-10_38,0.0,1,100,0,9.999999999999975,16.841119999999975,0.019003111111111113,0.0,7.436,True,True,True,False,0.0,0.0,0.8960525561942593,72.47483910394745,0.0,2374.1492320913626,2447.5201237515043
2026-07-10T07:30:00Z,2026-07-10T07:45:00Z,2026-07-10,2026-07-10_39,0.0,1,100,0,16.841119999999975,27.49787428571426,0.029602095238095243,0.0,11.583428571428572,True,True,True,False,0.0,0.0,0.8960525561942593,72.47483910394745,0.0,683.675133313872,757.0460249740138
2026-07-10T07:45:00Z,2026-07-10T08:00:00Z,2026-07-10,2026-07-10_40,0.0,1,100,0,27.49787428571426,48.985394285714264,0.059687555555555556,0.0,23.355999999999998,True,True,True,False,0.0,0.0,0.8960525561942593,72.47483910394745,0.0,19618.580578652865,19691.951470313008
2026-07-10T08:00:00Z,2026-07-10T08:15:00Z,2026-07-10,2026-07-10_41,-29.0,0,0,71,48.985394285714264,55.655394285714266,0.01852777777777778,0.0,0.0,True,False,True,False,-414.12,706.7729121708077,0.0,0.0,0.0,0.0,292.65291217080767
2026-07-10T08:15:00Z,2026-07-10T08:30:00Z,2026-07-10,2026-07-10_42,3.475064934685838,0,0,71,55.655394285714266,54.71108316215833,0.00262308645432204,0.0,0.0,True,False,True,False,68.76284739509603,706.7729121708077,0.0,0.0,0.0,0.0,775.5357595659037
2026-07-10T08:30:00Z,2026-07-10T08:45:00Z,2026-07-10,2026-07-10_43,-29.0,0,0,71,54.71108316215833,61.38108316215833,0.01852777777777778,0.0,0.0,True,False,True,False,-214.02,706.7729121708077,0.0,0.0,0.0,0.0,492.7529121708077
2026-07-10T08:45:00Z,2026-07-10T09:00:00Z,2026-07-10,2026-07-10_44,-29.0,0,0,71,61.38108316215833,68.05108316215833,0.01852777777777778,0.0,0.0,True,False,True,False,-214.45499999999998,706.7729121708077,0.0,0.0,0.0,0.0,492.3179121708077
2026-07-10T09:00:00Z,2026-07-10T09:15:00Z,2026-07-10,2026-07-10_45,0.0,29,29,71,68.05108316215833,67.75214496588505,0.00424711784679089,0.8408342857142856,0.6684914285714285,True,True,True,False,0.0,706.7729121708077,26.292897656742355,27.804843114412847,125.18271090655617,-8.702274168510481,877.3510896800086
2026-07-10T09:15:00Z,2026-07-10T09:30:00Z,2026-07-10,2026-07-10_46,0.0,29,29,71,67.75214496588505,67.24990704290369,0.0043798774051069704,0.9563371428571429,0.5839771428571429,True,True,True,False,0.0,706.7729121708077,26.292897656742355,27.804843114412847,142.40297105207875,-10.186783837005954,893.0868401570357
2026-07-10T09:30:00Z,2026-07-10T09:45:00Z,2026-07-10,2026-07-10_47,0.0,29,29,71,67.24990704290369,66.3599132540838,0.002472204968944099,0.8187942857142856,0.0,True,True,True,False,0.0,706.7729121708077,26.292897656742355,27.804843114412847,113.1092618408309,0.0,873.9799147827938
2026-07-10T09:45:00Z,2026-07-10T10:00:00Z,2026-07-10,2026-07-10_48,0.0,29,29,71,66.3599132540838,65.51074397209622,0.0024655235610766043,0.7989085714285713,0.020880000000000003,True,True,True,False,0.0,706.7729121708077,26.292897656742355,27.804843114412847,118.1232162874003,-1.284086305215515,877.7097829241477
2026-07-10T10:00:00Z,2026-07-10T10:15:00Z,2026-07-10,2026-07-10_49,-29.0,29,0,71,65.51074397209622,71.16583677209623,0.015708591111111114,1.10316,0.0,True,True,True,False,-456.75,706.7729121708077,26.292897656742355,0.0,153.00938540572542,0.0,429.32519523327545
2026-07-10T10:15:00Z,2026-07-10T10:30:00Z,2026-07-10,2026-07-10_50,-29.0,29,0,71,71.16583677209623,75.13704042923908,0.01103112126984127,2.933474285714286,0.0,True,True,True,False,-452.6175,706.7729121708077,26.292897656742355,0.0,484.7310937373992,0.0,765.1794035649492
2026-07-10T10:30:00Z,2026-07-10T10:45:00Z,2026-07-10,2026-07-10_51,-29.0,29,0,71,75.13704042923908,81.32009231495337,0.017175144126984128,0.5292914285714285,0.0,True,True,True,False,-382.365,706.7729121708077,26.292897656742355,0.0,71.93796580464394,0.0,422.638775632194
2026-07-10T10:45:00Z,2026-07-10T11:00:00Z,2026-07-10,2026-07-10_52,-29.0,29,0,71,81.32009231495337,86.40880682923908,0.014135318095238096,1.7187885714285713,0.0,True,True,True,False,-290.0,706.7729121708077,26.292897656742355,0.0,270.9933779893654,0.0,714.0591878169155
2026-07-10T11:00:00Z,2026-07-10T11:15:00Z,2026-07-10,2026-07-10_53,-29.0,29,0,71,86.40880682923908,92.91354328638194,0.01806871238095238,0.17963428571428572,0.0,True,True,True,False,-314.94,706.7729121708077,26.035368485380896,0.0,22.86645005279082,0.0,440.7347307089794
2026-07-10T11:15:00Z,2026-07-10T11:30:00Z,2026-07-10,2026-07-10_54,-29.0,29,0,71,92.91354328638194,99.49511814352479,0.018282152380952384,0.09611428571428571,0.0,True,True,True,False,-282.75,706.7729121708077,26.035368485380896,0.0,12.264515456661055,0.0,462.32279611284963
2026-07-10T11:30:00Z,2026-07-10T11:45:00Z,2026-07-10,2026-07-10_55,-29.0,29,0,71,99.49511814352479,106.03888362923908,0.01817712634920635,0.13721142857142857,0.0,True,True,True,False,-268.25,706.7729121708077,26.035368485380896,0.0,17.056662203682535,0.0,481.6149428598711
2026-07-10T11:45:00Z,2026-07-10T12:00:00Z,2026-07-10,2026-07-10_56,-29.0,29,0,71,106.03888362923908,112.48172248638194,0.017896774603174605,0.2469142857142857,0.0,True,True,True,False,-217.5,706.7729121708077,26.035368485380896,0.0,33.513676047154334,0.0,548.821956703343
2026-07-10T12:00:00Z,2026-07-10T12:15:00Z,2026-07-10,2026-07-10_57,-29.0,29,0,71,112.48172248638194,119.04896637209622,0.018242344126984132,0.11169142857142858,0.0,True,True,True,False,-282.025,706.7729121708077,26.035368485380896,0.0,14.238710760324222,0.0,465.02199141651283
2026-07-10T12:15:00Z,2026-07-10T12:30:00Z,2026-07-10,2026-07-10_58,-29.0,29,0,71,119.04896637209622,125.63206580066765,0.0182863873015873,0.09445714285714285,0.0,True,True,True,False,-290.0,706.7729121708077,26.035368485380896,0.0,12.166775580357996,0.0,454.97505623654655
2026-07-10T12:30:00Z,2026-07-10T12:45:00Z,2026-07-10,2026-07-10_59,-29.0,29,0,71,125.63206580066765,132.20738991495335,0.01826478920634921,0.10290857142857143,0.0,True,True,True,False,-311.09749999999997,706.7729121708077,26.035368485380896,0.0,13.124906097817163,0.0,434.8356867540058
2026-07-10T12:45:00Z,2026-07-10T13:00:00Z,2026-07-10,2026-07-10_60,-29.0,29,0,71,132.20738991495335,137.39626877209622,0.014413552380952382,1.6099142857142856,0.0,True,True,True,False,-304.4275,706.7729121708077,26.035368485380896,0.0,263.71904362677026,0.0,692.0998242829588
2026-07-10T13:00:00Z,2026-07-10T13:15:00Z,2026-07-10,2026-07-10_61,-29.0,29,0,71,137.39626877209622,144.0026941435248,0.01835118158730159,0.06910285714285713,0.0,True,True,True,False,-335.16749999999996,706.7729121708077,25.52031014265798,0.0,9.233861532543425,0.0,406.3595838460091
2026-07-10T13:15:00Z,2026-07-10T13:30:00Z,2026-07-10,2026-07-10_62,-29.0,29,0,71,144.0026941435248,150.6658335720962,0.018508720634920636,0.0074571428571428575,0.0,True,True,True,False,-404.7675,706.7729121708077,25.52031014265798,0.0,0.9954629904976524,0.0,328.5211853039633
2026-07-10T13:30:00Z,2026-07-10T13:45:00Z,2026-07-10,2026-07-10_63,-29.0,29,0,71,150.6658335720962,157.3358335720962,0.018527777777777782,0.0,0.0,True,True,True,False,-477.1225,706.7729121708077,25.52031014265798,0.0,0.0,0.0,255.17072231346566
2026-07-10T13:45:00Z,2026-07-10T14:00:00Z,2026-07-10,2026-07-10_64,-0.3643802514491443,29,0,71,157.3358335720962,157.3399999999999,0.00044930907504678536,0.07341142857142857,0.0,True,True,True,False,-7.335885412299898,706.7729121708077,25.52031014265798,0.0,9.813196972780672,0.0,734.7705338739464
2026-07-10T14:00:00Z,2026-07-10T14:15:00Z,2026-07-10,2026-07-10_65,0.0,0,100,0,157.3399999999999,157.68171428571418,0.0009492063492063493,0.0,0.37142857142857144,True,True,True,False,0.0,0.0,0.0,10.885548956324122,0.0,-18.295142971727586,-7.409594015403464
2026-07-10T14:15:00Z,2026-07-10T14:30:00Z,2026-07-10,2026-07-10_66,3.034068430468836e-14,0,100,0,157.68171428571418,166.20459428571417,0.023674666666666677,0.0,9.264,True,True,True,False,6.304035681406624e-13,0.0,0.0,10.885548956324122,0.0,-256.394287569467,-245.50873861314224
2026-07-10T14:30:00Z,2026-07-10T14:45:00Z,2026-07-10,2026-07-10_67,88.14974177527652,0,100,0,166.20459428571417,153.60434782608687,0.041444426166192296,0.0,10.638857142857141,True,True,True,False,2139.8349815948377,0.0,0.0,10.885548956324122,0.0,6.308586488278254,2157.0291170394403
2026-07-10T14:45:00Z,2026-07-10T15:00:00Z,2026-07-10,2026-07-10_68,100.0,0,100,0,153.60434782608687,143.99999999999991,0.02667874396135265,0.0,16.164,True,True,True,False,2851.0,0.0,0.0,10.885548956324122,0.0,685.5477050589158,3547.43325401524
2026-07-10T15:00:00Z,2026-07-10T15:15:00Z,2026-07-10,2026-07-10_69,0.0,0,0,100,143.99999999999991,143.99999999999991,0.0,0.0,0.0,True,False,True,False,0.0,995.454805874377,0.0,0.0,0.0,0.0,995.454805874377
2026-07-10T15:15:00Z,2026-07-10T15:30:00Z,2026-07-10,2026-07-10_70,0.0,0,0,100,143.99999999999991,143.99999999999991,0.0,0.0,0.0,True,False,True,False,0.0,995.454805874377,0.0,0.0,0.0,0.0,995.454805874377
2026-07-10T15:30:00Z,2026-07-10T15:45:00Z,2026-07-10,2026-07-10_71,0.0,0,0,100,143.99999999999991,143.99999999999991,0.0,0.0,0.0,True,False,True,False,0.0,995.454805874377,0.0,0.0,0.0,0.0,995.454805874377
2026-07-10T15:45:00Z,2026-07-10T16:00:00Z,2026-07-10,2026-07-10_72,0.0,0,0,100,143.99999999999991,143.99999999999991,0.0,0.0,0.0,True,False,True,False,0.0,995.454805874377,0.0,0.0,0.0,0.0,995.454805874377
2026-07-10T16:00:00Z,2026-07-10T16:15:00Z,2026-07-10,2026-07-10_73,0.0,100,100,0,143.99999999999991,142.9714951552794,0.0032161959972394753,1.0057142857142856,0.07028571428571428,True,True,True,False,0.0,0.0,102.69656054847889,19.0210644921032,168.43404694154268,-3.511748808455261,286.6399231736695
2026-07-10T16:15:00Z,2026-07-10T16:30:00Z,2026-07-10,2026-07-10_74,0.0,100,100,0,142.9714951552794,141.376744347826,0.011608783988957901,2.6559999999999997,1.4045714285714286,True,True,True,False,0.0,0.0,102.69656054847889,19.0210644921032,464.9143800011458,-67.5215197208498,519.1104853208781
2026-07-10T16:30:00Z,2026-07-10T16:45:00Z,2026-07-10,2026-07-10_75,0.0,100,100,0,141.376744347826,123.72643378881978,0.04902864044168392,16.238285714285716,0.0,True,True,True,False,0.0,0.0,102.69656054847889,19.0210644921032,6854.1641812512125,0.0,6975.881806291794
2026-07-10T16:45:00Z,2026-07-10T17:00:00Z,2026-07-10,2026-07-10_76,0.0,100,100,0,123.72643378881978,111.88606111801232,0.032889924085576255,10.893142857142857,0.0,True,True,True,False,0.0,0.0,102.69656054847889,19.0210644921032,3221.2273488641104,0.0,3342.9449739046922
2026-07-10T17:00:00Z,2026-07-10T17:15:00Z,2026-07-10,2026-07-10_77,0.0,0,0,100,111.88606111801232,111.88606111801232,0.0,0.0,0.0,True,True,True,False,0.0,995.454805874377,0.0,0.0,0.0,0.0,995.454805874377
2026-07-10T17:15:00Z,2026-07-10T17:30:00Z,2026-07-10,2026-07-10_78,0.0,0,0,100,111.88606111801232,111.88606111801232,0.0,0.0,0.0,True,True,True,False,0.0,995.454805874377,0.0,0.0,0.0,0.0,995.454805874377
2026-07-10T17:30:00Z,2026-07-10T17:45:00Z,2026-07-10,2026-07-10_79,0.0,0,0,100,111.88606111801232,111.88606111801232,0.0,0.0,0.0,True,True,True,False,0.0,995.454805874377,0.0,0.0,0.0,0.0,995.454805874377
2026-07-10T17:45:00Z,2026-07-10T18:00:00Z,2026-07-10,2026-07-10_80,0.0,0,0,100,111.88606111801232,111.88606111801232,0.0,0.0,0.0,True,True,True,False,0.0,995.454805874377,0.0,0.0,0.0,0.0,995.454805874377
2026-07-10T18:00:00Z,2026-07-10T18:15:00Z,2026-07-10,2026-07-10_81,0.0,100,100,0,111.88606111801232,110.06046906832289,0.005398200138026225,1.7337142857142855,0.064,True,True,True,False,0.0,0.0,100.54809693867809,20.396081202375726,297.44011916811485,-3.661467830338216,414.7228294788304
2026-07-10T18:15:00Z,2026-07-10T18:30:00Z,2026-07-10,2026-07-10_82,0.0,100,100,0,110.06046906832289,96.64928894409928,0.03725327812284334,12.338285714285714,0.0,True,True,True,False,0.0,0.0,100.54809693867809,20.396081202375726,3352.13147691527,0.0,3473.0756550563237
2026-07-10T18:30:00Z,2026-07-10T18:45:00Z,2026-07-10,2026-07-10_83,0.0,100,100,0,96.64928894409928,80.90891627329184,0.04372325741890959,14.481142857142856,0.0,True,True,True,False,0.0,0.0,100.54809693867809,20.396081202375726,3907.7155064235653,0.0,4028.659684564619
2026-07-10T18:45:00Z,2026-07-10T19:00:00Z,2026-07-10,2026-07-10_84,0.0,100,100,0,80.90891627329184,71.40767403726699,0.026392339544513456,8.741142857142856,0.0,True,True,True,False,0.0,0.0,100.54809693867809,20.396081202375726,1851.0379530802827,0.0,1971.9821312213364
2026-07-10T19:00:00Z,2026-07-10T19:15:00Z,2026-07-10,2026-07-10_85,15.999999999999993,9,24,75,71.40767403726699,65.94412745341606,0.015176518288474803,1.0264628571428571,0.0,True,True,True,False,743.3999999999996,746.5911044057827,6.610392834635143,4.8950594885701735,249.6888591551832,0.0,1751.1854158841709
2026-07-10T19:15:00Z,2026-07-10T19:30:00Z,2026-07-10,2026-07-10_86,15.999999999999993,9,24,75,65.94412745341606,61.270476859627244,0.012985166570048303,0.30132000000000003,0.0016457142857142855,True,True,True,False,708.7999999999996,746.5911044057827,6.610392834635143,4.8950594885701735,62.87646045490137,-0.12571581351063046,1529.6473013703785
2026-07-10T19:30:00Z,2026-07-10T19:45:00Z,2026-07-10,2026-07-10_87,16.00000000000012,9,24,75,61.270476859627244,56.5552456248446,0.013098098191856544,0.3381428571428572,0.00013714285714285716,True,True,True,False,680.0000000000051,746.5911044057827,6.610392834635143,4.8950594885701735,70.03398809410135,-0.010476317792552542,1508.120068505302
2026-07-10T19:45:00Z,2026-07-10T20:00:00Z,2026-07-10,2026-07-10_88,16.0,9,24,75,56.5552456248446,51.51306850186323,0.014008617722567288,0.6402342857142858,0.0015085714285714283,True,True,True,False,674.24,746.5911044057827,6.610392834635143,4.8950594885701735,251.3825886315583,-0.11523949571807791,1683.6039058648282
2026-07-10T20:00:00Z,2026-07-10T20:15:00Z,2026-07-10,2026-07-10_89,0.0,100,100,0,51.51306850186323,35.707478439751426,0.04390441683919945,14.541142857142859,0.0,True,True,True,False,0.0,0.0,103.06896090751103,20.396081202375726,5552.198954005146,0.0,5675.663996115033
2026-07-10T20:15:00Z,2026-07-10T20:30:00Z,2026-07-10,2026-07-10_90,0.0,100,100,0,35.707478439751426,28.04216564472037,0.021295456176673565,7.0525714285714285,0.0005714285714285715,True,True,True,False,0.0,0.0,103.06896090751103,20.396081202375726,1616.3201265888401,-0.043651324135635584,1739.7415173745912
2026-07-10T20:30:00Z,2026-07-10T20:45:00Z,2026-07-10,2026-07-10_91,0.0,100,100,0,28.04216564472037,20.800599433540246,0.020132985507246372,6.665142857142857,0.0034285714285714284,True,True,True,False,0.0,0.0,103.06896090751103,20.396081202375726,2198.002790410895,-0.26190794481381346,2321.2059245759683
2026-07-10T20:45:00Z,2026-07-10T21:00:00Z,2026-07-10,2026-07-10_92,0.0,100,100,0,20.800599433540246,10.16705906086944,0.029537612146307794,9.782857142857143,0.0,True,True,True,False,0.0,0.0,103.06896090751103,20.396081202375726,3497.725934070131,0.0,3621.190976180018
2026-07-10T21:00:00Z,2026-07-10T21:15:00Z,2026-07-11,2026-07-10_93,-99.99999999999997,100,0,0,10.16705906086944,22.259539060869432,0.03359022222222222,11.856000000000002,0.0,True,True,True,False,-4056.4999999999986,0.0,103.95131551292586,0.0,6043.316063205763,0.0,2090.7673787186905
2026-07-10T21:15:00Z,2026-07-10T21:30:00Z,2026-07-11,2026-07-10_94,-100.0,100,0,0,22.259539060869432,38.497801918012286,0.04510628571428572,7.349714285714286,0.0,True,True,True,False,-3908.0,0.0,103.95131551292586,0.0,1429.795163978502,0.0,-2374.2535205085724
2026-07-10T21:30:00Z,2026-07-10T21:45:00Z,2026-07-11,2026-07-10_95,-100.00000000000006,100,0,0,38.497801918012286,43.923173346583724,0.015070476190476224,19.102857142857143,0.0,True,True,True,False,-3834.2500000000023,0.0,103.95131551292586,0.0,6770.566195453093,0.0,3040.2675109660167
2026-07-10T21:45:00Z,2026-07-10T22:00:00Z,2026-07-11,2026-07-10_96,-100.0,100,0,0,43.923173346583724,59.97375620372658,0.044584952380952385,7.553714285714285,0.0,True,True,True,False,-3647.5,0.0,103.95131551292586,0.0,1712.3667137425314,0.0,-1831.1819707445427
2026-07-10T22:00:00Z,2026-07-10T22:15:00Z,2026-07-11,2026-07-11_1,-9.0,9,0,91,59.97375620372658,61.410454489440866,0.003990828571428572,0.6883714285714285,0.0,True,True,True,False,-360.6975,906.3138888358142,9.355618396163326,0.0,135.71203848138026,0.0,690.6840457133578
2026-07-10T22:15:00Z,2026-07-10T22:30:00Z,2026-07-11,2026-07-11_2,2.1665659152002727e-14,9,0,91,61.410454489440866,61.009814737888064,0.0011128881987577802,0.36858857142857143,0.0,True,True,True,False,8.730718996778298e-13,906.3138888358142,9.355618396163326,0.0,67.48515388021039,0.0,983.1546611121887
2026-07-10T22:30:00Z,2026-07-10T22:45:00Z,2026-07-11,2026-07-11_3,-5.563822136882206,9,0,91,61.009814737888064,62.28175317267082,0.0035513036305406588,0.007868571428571428,0.0,True,True,True,False,-216.1823091285581,906.3138888358142,9.355618396163326,0.0,1.289334970343297,0.0,700.7765330737627
2026-07-10T22:45:00Z,2026-07-10T23:00:00Z,2026-07-11,2026-07-11_4,-9.0,9,0,91,62.28175317267082,64.34782608695653,0.00573909142857143,0.004268571428571429,0.0,True,True,True,False,-335.16,906.3138888358142,9.355618396163326,0.0,0.6631753444026216,0.0,581.1726825763801
2026-07-10T23:00:00Z,2026-07-10T23:15:00Z,2026-07-11,2026-07-11_5,0.0,0,0,100,64.34782608695653,64.34782608695653,0.0,0.0,0.0,True,True,True,False,0.0,995.9493283910045,0.0,0.0,0.0,0.0,995.9493283910045
2026-07-10T23:15:00Z,2026-07-10T23:30:00Z,2026-07-11,2026-07-11_6,0.0,0,0,100,64.34782608695653,64.34782608695653,0.0,0.0,0.0,True,True,True,False,0.0,995.9493283910045,0.0,0.0,0.0,0.0,995.9493283910045
2026-07-10T23:30:00Z,2026-07-10T23:45:00Z,2026-07-11,2026-07-11_7,0.0,0,0,100,64.34782608695653,64.34782608695653,0.0,0.0,0.0,True,True,True,False,0.0,995.9493283910045,0.0,0.0,0.0,0.0,995.9493283910045
2026-07-10T23:45:00Z,2026-07-11T00:00:00Z,2026-07-11,2026-07-11_8,0.0,0,0,100,64.34782608695653,64.34782608695653,0.0,0.0,0.0,True,True,True,False,0.0,995.9493283910045,0.0,0.0,0.0,0.0,995.9493283910045
2026-07-11T00:00:00Z,2026-07-11T00:15:00Z,2026-07-11,2026-07-11_9,-2.1336460233405188e-13,100,9,0,64.34782608695653,53.590156740372734,0.029882940565907536,9.897142857142857,0.00010285714285714286,True,True,True,False,-7.781940458628706e-12,0.0,103.95131551292586,7.880180369528249,2319.668504390502,-0.007861141667053356,2431.4921391312814
2026-07-11T00:15:00Z,2026-07-11T00:30:00Z,2026-07-11,2026-07-11_10,-91.0,100,9,0,53.590156740372734,57.005248079503176,0.019666799613526575,18.732,0.0,True,True,True,False,-3201.1525,0.0,103.95131551292586,7.880180369528249,4869.421642814834,0.0,1780.1006386972879
2026-07-11T00:30:00Z,2026-07-11T00:45:00Z,2026-07-11,2026-07-11_11,-91.0,100,9,0,57.005248079503176,60.03671157267088,0.018824148074534162,19.142285714285716,0.0,True,True,True,False,-3196.1475,0.0,103.95131551292586,7.880180369528249,4961.625448262497,0.0,1877.3094441449514
2026-07-11T00:45:00Z,2026-07-11T01:00:00Z,2026-07-11,2026-07-11_12,-90.30986550703891,100,9,0,60.03671157267088,64.34782608695654,0.02226364619095639,17.582285714285714,0.0,True,True,True,False,-3182.5196604680514,0.0,103.95131551292586,7.880180369528249,4517.485399294135,0.0,1446.797234708538
2026-07-11T01:00:00Z,2026-07-11T01:15:00Z,2026-07-11,2026-07-11_13,0.0,0,0,100,64.34782608695654,64.34782608695654,0.0,0.0,0.0,True,False,True,False,0.0,995.9493283910045,0.0,0.0,0.0,0.0,995.9493283910045
2026-07-11T01:15:00Z,2026-07-11T01:30:00Z,2026-07-11,2026-07-11_14,0.0,0,0,100,64.34782608695654,64.34782608695654,0.0,0.0,0.0,True,False,True,False,0.0,995.9493283910045,0.0,0.0,0.0,0.0,995.9493283910045
2026-07-11T01:30:00Z,2026-07-11T01:45:00Z,2026-07-11,2026-07-11_15,0.0,0,0,100,64.34782608695654,64.34782608695654,0.0,0.0,0.0,True,False,True,False,0.0,995.9493283910045,0.0,0.0,0.0,0.0,995.9493283910045
2026-07-11T01:45:00Z,2026-07-11T02:00:00Z,2026-07-11,2026-07-11_16,0.0,0,0,100,64.34782608695654,64.34782608695654,0.0,0.0,0.0,True,False,True,False,0.0,995.9493283910045,0.0,0.0,0.0,0.0,995.9493283910045
2026-07-11T02:00:00Z,2026-07-11T02:15:00Z,2026-07-11,2026-07-11_17,0.0,0,0,100,64.34782608695654,64.34782608695654,0.0,0.0,0.0,True,True,True,False,0.0,995.9493283910045,0.0,0.0,0.0,0.0,995.9493283910045
2026-07-11T02:15:00Z,2026-07-11T02:30:00Z,2026-07-11,2026-07-11_18,0.0,0,0,100,64.34782608695654,64.34782608695654,0.0,0.0,0.0,True,True,True,False,0.0,995.9493283910045,0.0,0.0,0.0,0.0,995.9493283910045
2026-07-11T02:30:00Z,2026-07-11T02:45:00Z,2026-07-11,2026-07-11_19,0.0,0,0,100,64.34782608695654,64.34782608695654,0.0,0.0,0.0,True,True,True,False,0.0,995.9493283910045,0.0,0.0,0.0,0.0,995.9493283910045
2026-07-11T02:45:00Z,2026-07-11T03:00:00Z,2026-07-11,2026-07-11_20,0.0,0,0,100,64.34782608695654,64.34782608695654,0.0,0.0,0.0,True,True,True,False,0.0,995.9493283910045,0.0,0.0,0.0,0.0,995.9493283910045
2026-07-11T03:00:00Z,2026-07-11T03:15:00Z,2026-07-11,2026-07-11_21,0.0,0,0,100,64.34782608695654,64.34782608695654,0.0,0.0,0.0,True,True,True,False,0.0,995.9493283910045,0.0,0.0,0.0,0.0,995.9493283910045
2026-07-11T03:15:00Z,2026-07-11T03:30:00Z,2026-07-11,2026-07-11_22,0.0,0,0,100,64.34782608695654,64.34782608695654,0.0,0.0,0.0,True,True,True,False,0.0,995.9493283910045,0.0,0.0,0.0,0.0,995.9493283910045
2026-07-11T03:30:00Z,2026-07-11T03:45:00Z,2026-07-11,2026-07-11_23,0.0,0,0,100,64.34782608695654,64.34782608695654,0.0,0.0,0.0,True,True,True,False,0.0,995.9493283910045,0.0,0.0,0.0,0.0,995.9493283910045
2026-07-11T03:45:00Z,2026-07-11T04:00:00Z,2026-07-11,2026-07-11_24,0.0,0,0,100,64.34782608695654,64.34782608695654,0.0,0.0,0.0,True,True,True,False,0.0,995.9493283910045,0.0,0.0,0.0,0.0,995.9493283910045
2026-07-11T04:00:00Z,2026-07-11T04:15:00Z,2026-07-11,2026-07-11_25,0.0,0,0,100,64.34782608695654,64.34782608695654,0.0,0.0,0.0,True,True,True,False,0.0,995.9493283910045,0.0,0.0,0.0,0.0,995.9493283910045
2026-07-11T04:15:00Z,2026-07-11T04:30:00Z,2026-07-11,2026-07-11_26,0.0,0,0,100,64.34782608695654,64.34782608695654,0.0,0.0,0.0,True,True,True,False,0.0,995.9493283910045,0.0,0.0,0.0,0.0,995.9493283910045
2026-07-11T04:30:00Z,2026-07-11T04:45:00Z,2026-07-11,2026-07-11_27,0.0,0,0,100,64.34782608695654,64.34782608695654,0.0,0.0,0.0,True,True,True,False,0.0,995.9493283910045,0.0,0.0,0.0,0.0,995.9493283910045
2026-07-11T04:45:00Z,2026-07-11T05:00:00Z,2026-07-11,2026-07-11_28,0.0,0,0,100,64.34782608695654,64.34782608695654,0.0,0.0,0.0,True,True,True,False,0.0,995.9493283910045,0.0,0.0,0.0,0.0,995.9493283910045
2026-07-11T05:00:00Z,2026-07-11T05:15:00Z,2026-07-11,2026-07-11_29,0.0,0,0,100,64.34782608695654,64.34782608695654,0.0,0.0,0.0,True,True,True,False,0.0,995.9493283910045,0.0,0.0,0.0,0.0,995.9493283910045
2026-07-11T05:15:00Z,2026-07-11T05:30:00Z,2026-07-11,2026-07-11_30,0.0,0,0,100,64.34782608695654,64.34782608695654,0.0,0.0,0.0,True,True,True,False,0.0,995.9493283910045,0.0,0.0,0.0,0.0,995.9493283910045
2026-07-11T05:30:00Z,2026-07-11T05:45:00Z,2026-07-11,2026-07-11_31,-5.542233338928781e-13,0,0,100,64.34782608695654,64.34782608695667,3.540871299871166e-16,0.0,0.0,True,True,True,False,-1.4904451006714224e-11,995.9493283910045,0.0,0.0,0.0,0.0,995.9493283909896
2026-07-11T05:45:00Z,2026-07-11T06:00:00Z,2026-07-11,2026-07-11_32,-5.62271557016022e-13,0,0,100,64.34782608695667,64.3478260869568,3.5922905031579186e-16,0.0,0.0,True,True,True,False,-2.0382343941830797e-12,995.9493283910045,0.0,0.0,0.0,0.0,995.9493283910025
2026-07-11T06:00:00Z,2026-07-11T06:15:00Z,2026-07-11,2026-07-11_33,87.0,0,87,13,64.3478260869568,40.734621118012704,0.06559223602484472,0.0,0.02585142857142857,True,True,True,False,3091.98,129.47341269083057,0.0,22.29149550031526,0.0,-1.9757669389860766,3241.76914125216
2026-07-11T06:15:00Z,2026-07-11T06:30:00Z,2026-07-11,2026-07-11_34,87.0,0,87,13,40.734621118012704,18.553403726708357,0.061614492753623185,0.0,1.34328,True,True,True,False,2695.9125,129.47341269083057,0.0,22.29149550031526,0.0,-23.305986281215972,2824.3714219099297
2026-07-11T06:30:00Z,2026-07-11T06:45:00Z,2026-07-11,2026-07-11_35,0.0,0,87,13,18.553403726708357,21.56427984099407,0.008363544761904762,0.0,3.2726914285714286,True,True,True,False,0.0,129.47341269083057,0.0,22.29149550031526,0.0,-118.12692074058505,33.637987450560786
2026-07-11T06:45:00Z,2026-07-11T07:00:00Z,2026-07-11,2026-07-11_36,0.0,0,87,13,21.56427984099407,26.854695155279785,0.014695598095238096,0.0,5.750451428571428,True,True,True,False,0.0,129.47341269083057,0.0,22.29149550031526,0.0,742.1078594275014,893.8727676186472
2026-07-11T07:00:00Z,2026-07-11T07:15:00Z,2026-07-11,2026-07-11_37,-0.19753046246665043,100,1,0,26.854695155279785,10.028288695652144,0.046856652763666545,15.530285714285716,0.004114285714285714,True,True,True,False,-5.287396654076065,0.0,85.86659533408489,0.8214074173147105,3549.9538184130874,-0.16432851929391662,3631.1900959911172
2026-07-11T07:15:00Z,2026-07-11T07:30:00Z,2026-07-11,2026-07-11_38,-99.0,100,1,0,10.028288695652144,22.91150079999997,0.0364345263768116,10.728,0.00096,True,True,True,False,-532.3725000000001,0.0,85.86659533408489,0.8214074173147105,2163.375802204941,-0.05856665838699199,1717.6327382979537
2026-07-11T07:30:00Z,2026-07-11T07:45:00Z,2026-07-11,2026-07-11_39,-75.68278378909733,100,1,0,22.91150079999997,40.342443597515654,0.04844026313337766,0.014285714285714287,0.040897142857142854,True,True,True,False,-246.3474612335118,0.0,85.86659533408489,0.8214074173147105,1.773915749306009,-0.48648822493783417,-158.37203095774404
2026-07-11T07:45:00Z,2026-07-11T08:00:00Z,2026-07-11,2026-07-11_40,-99.0,100,1,0,40.342443597515654,63.066782608695775,0.06312630401656315,0.052,0.002462857142857143,True,True,True,False,-274.4775,0.0,85.86659533408489,0.8214074173147105,6.457053327473871,-0.1809099085869325,-181.51335382971348
2026-07-11T08:00:00Z,2026-07-11T08:15:00Z,2026-07-11,2026-07-11_41,29.0,0,29,71,63.066782608695775,55.40609937888211,0.021279675638371288,0.0,0.20217142857142856,True,True,True,False,290.0,707.1240231576132,0.0,29.032137875690236,0.0,-11.483871765126556,1014.6722892681769
2026-07-11T08:15:00Z,2026-07-11T08:30:00Z,2026-07-11,2026-07-11_42,29.0,0,29,71,55.40609937888211,48.58695652173925,0.01894206349206349,0.0,0.9763885714285715,True,True,True,False,131.1525,707.1240231576132,0.0,29.032137875690236,0.0,-34.81657212515593,832.4920889081476
2026-07-11T08:30:00Z,2026-07-11T08:45:00Z,2026-07-11,2026-07-11_43,0.0,0,29,71,48.58695652173925,49.55566920745354,0.0026908685714285715,0.0,1.0529485714285713,True,True,True,False,0.0,707.1240231576132,0.0,29.032137875690236,0.0,-4.430523996407895,731.7256370368956
2026-07-11T08:45:00Z,2026-07-11T09:00:00Z,2026-07-11,2026-07-11_44,0.0,0,29,71,49.55566920745354,52.188299150310684,0.007312860952380953,0.0,2.861554285714286,True,True,True,False,0.0,707.1240231576132,0.0,29.032137875690236,0.0,414.51011062264064,1150.666271655944
2026-07-11T09:00:00Z,2026-07-11T09:15:00Z,2026-07-11,2026-07-11_45,0.0,29,29,71,52.188299150310684,54.53730404968957,0.006538022581090407,0.0021542857142857145,2.5558114285714284,True,True,True,False,0.0,707.1240231576132,25.042608479660657,29.78017463744578,0.18593613368308137,126.24107687159315,888.3738192799959
2026-07-11T09:15:00Z,2026-07-11T09:30:00Z,2026-07-11,2026-07-11_46,0.0,29,29,71,54.53730404968957,56.95908576397528,0.006727171428571429,0.0,2.6323714285714286,True,True,True,False,0.0,707.1240231576132,25.042608479660657,29.78017463744578,0.0,120.779158268256,882.7259645429757
2026-07-11T09:30:00Z,2026-07-11T09:45:00Z,2026-07-11,2026-07-11_47,0.0,29,29,71,56.95908576397528,57.55655637267093,0.0017537054520358872,0.015577142857142857,0.6678285714285714,True,True,True,False,0.0,707.1240231576132,25.042608479660657,29.78017463744578,1.3444612743238191,-17.114821789556146,746.1764457594874
2026-07-11T09:45:00Z,2026-07-11T10:00:00Z,2026-07-11,2026-07-11_48,0.0,29,29,71,57.55655637267093,57.72447854906845,0.0033314263354037267,0.47444,0.7430628571428571,True,True,True,False,0.0,707.1240231576132,25.042608479660657,29.78017463744578,61.87373131054512,-1.3639690598565886,822.4565685254082
2026-07-11T10:00:00Z,2026-07-11T10:15:00Z,2026-07-11,2026-07-11_49,-29.0,29,0,71,57.72447854906845,64.38197706335417,0.01849305142857143,0.013588571428571429,0.0,True,True,True,False,-0.0,707.1240231576132,25.042608479660657,0.0,1.168362180265805,0.0,733.3349938175397
2026-07-11T10:15:00Z,2026-07-11T10:30:00Z,2026-07-11,2026-07-11_50,-29.0,29,0,71,64.38197706335417,70.9704124919256,0.018301209523809522,0.08865714285714286,0.0,True,True,True,False,-0.0,707.1240231576132,25.042608479660657,0.0,7.676803654339051,0.0,739.843435291613
2026-07-11T10:30:00Z,2026-07-11T10:45:00Z,2026-07-11,2026-07-11_51,-29.0,29,0,71,70.9704124919256,77.33519329192559,0.017679946666666668,0.33175999999999994,0.0,True,True,True,False,-0.0,707.1240231576132,25.042608479660657,0.0,31.270140634732595,0.0,763.4367722720065
2026-07-11T10:45:00Z,2026-07-11T11:00:00Z,2026-07-11,2026-07-11_52,-29.0,29,0,71,77.33519329192559,83.53272860621131,0.017215375873015873,0.5135485714285715,0.0,True,True,True,False,-0.0,707.1240231576132,25.042608479660657,0.0,61.167592174888576,0.0,793.3342238121625
2026-07-11T11:00:00Z,2026-07-11T11:15:00Z,2026-07-11,2026-07-11_53,-29.0,29,0,71,83.53272860621131,90.10957729192559,0.01826902412698413,0.10125142857142858,0.0,True,True,True,False,-0.0,707.1240231576132,24.959493283910046,0.0,8.434433397842009,0.0,740.5179498393653
2026-07-11T11:15:00Z,2026-07-11T11:30:00Z,2026-07-11,2026-07-11_54,-29.0,29,0,71,90.10957729192559,96.77957729192559,0.018527777777777775,0.0,0.0,True,True,True,False,-0.0,707.1240231576132,24.959493283910046,0.0,0.0,0.0,732.0835164415233
2026-07-11T11:30:00Z,2026-07-11T11:45:00Z,2026-07-11,2026-07-11_55,-29.0,29,0,71,96.77957729192559,103.44957729192559,0.01852777777777778,0.0,0.0,True,True,True,False,-0.0,707.1240231576132,24.959493283910046,0.0,0.0,0.0,732.0835164415233
2026-07-11T11:45:00Z,2026-07-11T12:00:00Z,2026-07-11,2026-07-11_56,-29.0,29,0,71,103.44957729192559,110.1195772919256,0.01852777777777778,0.0,0.0,True,True,True,False,-0.0,707.1240231576132,24.959493283910046,0.0,0.0,0.0,732.0835164415233
2026-07-11T12:00:00Z,2026-07-11T12:15:00Z,2026-07-11,2026-07-11_57,0.0,79,79,21,110.1195772919256,118.88104746335416,0.024337417142857143,0.0,9.523337142857143,True,True,True,False,0.0,209.14935896211094,67.99310239409978,81.12530332269714,0.0,2511.741277083953,2870.0090417628608
2026-07-11T12:15:00Z,2026-07-11T12:30:00Z,2026-07-11,2026-07-11_58,0.0,79,79,21,118.88104746335416,122.33064792049703,0.009582223492063491,0.0,3.749565714285714,True,True,True,False,0.0,209.14935896211094,67.99310239409978,81.12530332269714,0.0,-21.94416910189186,336.323595577016
2026-07-11T12:30:00Z,2026-07-11T12:45:00Z,2026-07-11,2026-07-11_59,0.0,79,79,21,122.33064792049703,127.64874734906846,0.014772498412698412,0.0,5.780542857142857,True,True,True,False,0.0,209.14935896211094,67.99310239409978,81.12530332269714,0.0,-25.815126621701662,332.4526380572062
2026-07-11T12:45:00Z,2026-07-11T13:00:00Z,2026-07-11,2026-07-11_60,0.0,79,79,21,127.64874734906846,129.26413228322994,0.004508988516218082,0.0036114285714285714,1.7601200000000001,True,True,True,False,0.0,209.14935896211094,67.99310239409978,81.12530332269714,0.31052199618407084,-37.41696908114719,321.1613175939447
2026-07-11T13:00:00Z,2026-07-11T13:15:00Z,2026-07-11,2026-07-11_61,-29.0,29,0,71,129.26413228322994,135.91736199751566,0.01848119365079365,0.018228571428571427,0.0,True,True,True,False,-3.335,707.1240231576132,24.610409461757456,0.0,1.5884216301496619,0.0,729.9878542495204
2026-07-11T13:15:00Z,2026-07-11T13:30:00Z,2026-07-11,2026-07-11_62,-29.0,29,0,71,135.91736199751566,142.56357868322993,0.018461713015873016,0.02585142857142857,0.0,True,True,True,False,-7.1775,707.1240231576132,24.610409461757456,0.0,2.2526706754849752,0.0,726.8096032948557
2026-07-11T13:30:00Z,2026-07-11T13:45:00Z,2026-07-11,2026-07-11_63,-29.0,29,0,71,142.56357868322993,149.21299696894422,0.01847060634920635,0.022371428571428573,0.0,True,True,True,False,-4.5675,707.1240231576132,24.610409461757456,0.0,1.9494265460927673,0.0,729.1163591654635
2026-07-11T13:45:00Z,2026-07-11T14:00:00Z,2026-07-11,2026-07-11_64,-28.726392283435477,29,0,71,149.21299696894422,155.8154856488899,0.018340529570984327,0.004971428571428571,0.0,True,True,True,False,-18.241259099981527,707.1240231576132,24.610409461757456,0.0,0.43320589913172597,0.0,713.9263794185209
2026-07-11T14:00:00Z,2026-07-11T14:15:00Z,2026-07-11,2026-07-11_65,-50.0,50,0,50,155.8154856488899,166.9995313631756,0.031066793650793654,0.3434285714285714,0.0,True,True,True,False,-8.25,497.97466419550227,46.071612816936394,0.0,41.89648776200394,0.0,577.6927647744426
2026-07-11T14:15:00Z,2026-07-11T14:30:00Z,2026-07-11,2026-07-11_66,-4.244898772508179,50,0,50,166.9995313631756,166.99318953888584,0.005044180044168864,0.9159999999999999,0.0,True,True,True,False,-8.25632811252841,497.97466419550227,46.071612816936394,0.0,120.12696715516748,0.0,655.9169160550778
2026-07-11T14:30:00Z,2026-07-11T14:45:00Z,2026-07-11,2026-07-11_67,-2.9509524982363544,50,0,50,166.99318953888584,166.90316488196913,0.0038054360171707853,0.7137142857142857,0.0,True,True,True,False,-8.092987226413202,497.97466419550227,46.071612816936394,0.0,92.94186336353143,0.0,628.8951531495569
2026-07-11T14:45:00Z,2026-07-11T15:00:00Z,2026-07-11,2026-07-11_68,-7.300722765950843,50,0,50,166.90316488196913,167.00000000000009,0.007948373359052976,1.489142857142857,0.0,True,True,True,False,-67.38567112972628,497.97466419550227,46.071612816936394,0.0,241.3147222260133,0.0,717.9753281087256
2026-07-11T15:00:00Z,2026-07-11T15:15:00Z,2026-07-11,2026-07-11_69,-100.0,100,0,0,167.00000000000009,189.9379657142858,0.06371657142857143,0.06742857142857143,0.0,True,True,True,False,-364.5,0.0,105.0117507690544,0.0,11.45990681271649,0.0,-248.0283424182291
2026-07-11T15:15:00Z,2026-07-11T15:30:00Z,2026-07-11,2026-07-11_70,-0.8684284980543623,100,0,0,189.9379657142858,190.00000000000006,0.0009317104511190089,0.12685714285714286,0.0,True,True,True,False,-16.897447500892753,0.0,105.0117507690544,0.0,19.274980224315495,0.0,107.38928349247715
2026-07-11T15:30:00Z,2026-07-11T15:45:00Z,2026-07-11,2026-07-11_71,0.0,100,0,0,190.00000000000006,179.61863354037274,0.028837129054520357,9.550857142857142,0.0,True,True,True,False,0.0,0.0,105.0117507690544,0.0,4125.697649136503,0.0,4230.709399905558
2026-07-11T15:45:00Z,2026-07-11T16:00:00Z,2026-07-11,2026-07-11_72,0.0,100,0,0,179.61863354037274,173.7068322981367,0.016421670117322294,5.4388571428571435,0.0,True,True,True,False,0.0,0.0,105.0117507690544,0.0,1156.623575236312,0.0,1261.6353260053666
2026-07-11T16:00:00Z,2026-07-11T16:15:00Z,2026-07-11,2026-07-11_73,63.527201654087044,0,65,35,173.7068322981367,161.77919254658391,0.03370275539100974,0.0,4.925514285714285,True,True,True,False,1958.067172983098,348.5822649368516,0.0,16.095687563291744,0.0,-175.32598532040976,2147.419140162832
2026-07-11T16:15:00Z,2026-07-11T16:30:00Z,2026-07-11,2026-07-11_74,65.0,0,65,35,161.77919254658391,148.25717391304354,0.03756116287094548,0.0,3.809742857142857,True,True,True,False,2139.6375,348.5822649368516,0.0,16.095687563291744,0.0,-90.09531945441492,2414.2201330457283
2026-07-11T16:30:00Z,2026-07-11T16:45:00Z,2026-07-11,2026-07-11_75,65.0,0,65,35,148.25717391304354,132.2328571428572,0.04451199102829537,0.0,1.5076285714285715,True,True,True,False,2353.325,348.5822649368516,0.0,16.095687563291744,0.0,-74.47230581478824,2643.530646685355
2026-07-11T16:45:00Z,2026-07-11T17:00:00Z,2026-07-11,2026-07-11_76,65.0,0,65,35,132.2328571428572,115.56055900621125,0.046311939268461014,0.0,0.9114857142857143,True,True,True,False,2483.4875,348.5822649368516,0.0,16.095687563291744,0.0,-46.03301536471058,2802.132437135433
2026-07-11T17:00:00Z,2026-07-11T17:15:00Z,2026-07-11,2026-07-11_77,26.0,0,26,74,115.56055900621125,109.33250931677026,0.01730013802622498,0.0,0.7701942857142858,True,True,True,False,930.0200000000001,737.0025030093433,0.0,6.721439899115349,0.0,-9.221228602545592,1664.522714305913
2026-07-11T17:15:00Z,2026-07-11T17:30:00Z,2026-07-11,2026-07-11_78,26.0,0,26,74,109.33250931677026,102.28763975155286,0.019569082125603862,0.0,0.01872,True,True,True,False,1004.1199999999999,737.0025030093433,0.0,6.721439899115349,0.0,-1.2597772742037185,1746.5841656342548
2026-07-11T17:30:00Z,2026-07-11T17:45:00Z,2026-07-11,2026-07-11_79,26.0,0,26,74,102.28763975155286,95.46595031055907,0.018949137336093855,0.0,0.2240457142857143,True,True,True,False,1138.2150000000001,737.0025030093433,0.0,6.721439899115349,0.0,-10.899631148682031,1871.0393117597766
2026-07-11T17:45:00Z,2026-07-11T18:00:00Z,2026-07-11,2026-07-11_80,26.0,0,26,74,95.46595031055907,89.87950310559013,0.01551790890269151,0.0,1.3604685714285716,True,True,True,False,1019.07,737.0025030093433,0.0,6.721439899115349,0.0,-0.036912038737959216,1762.7570308697207
2026-07-11T18:00:00Z,2026-07-11T18:15:00Z,2026-07-11,2026-07-11_81,0.0,0,0,100,89.87950310559013,89.87950310559013,0.0,0.0,0.0,True,True,True,False,0.0,995.9493283910045,0.0,0.0,0.0,0.0,995.9493283910045
2026-07-11T18:15:00Z,2026-07-11T18:30:00Z,2026-07-11,2026-07-11_82,0.0,0,0,100,89.87950310559013,89.87950310559013,0.0,0.0,0.0,True,True,True,False,0.0,995.9493283910045,0.0,0.0,0.0,0.0,995.9493283910045
2026-07-11T18:30:00Z,2026-07-11T18:45:00Z,2026-07-11,2026-07-11_83,0.0,0,0,100,89.87950310559013,89.87950310559013,0.0,0.0,0.0,True,True,True,False,0.0,995.9493283910045,0.0,0.0,0.0,0.0,995.9493283910045
2026-07-11T18:45:00Z,2026-07-11T19:00:00Z,2026-07-11,2026-07-11_84,0.0,0,0,100,89.87950310559013,89.87950310559013,0.0,0.0,0.0,True,True,True,False,0.0,995.9493283910045,0.0,0.0,0.0,0.0,995.9493283910045
2026-07-11T19:00:00Z,2026-07-11T19:15:00Z,2026-07-11,2026-07-11_85,0.0,0,0,100,89.87950310559013,89.87950310559013,0.0,0.0,0.0,True,True,True,False,0.0,995.9493283910045,0.0,0.0,0.0,0.0,995.9493283910045
2026-07-11T19:15:00Z,2026-07-11T19:30:00Z,2026-07-11,2026-07-11_86,0.0,0,0,100,89.87950310559013,89.87950310559013,0.0,0.0,0.0,True,True,True,False,0.0,995.9493283910045,0.0,0.0,0.0,0.0,995.9493283910045
2026-07-11T19:30:00Z,2026-07-11T19:45:00Z,2026-07-11,2026-07-11_87,0.0,0,0,100,89.87950310559013,89.87950310559013,0.0,0.0,0.0,True,True,True,False,0.0,995.9493283910045,0.0,0.0,0.0,0.0,995.9493283910045
2026-07-11T19:45:00Z,2026-07-11T20:00:00Z,2026-07-11,2026-07-11_88,0.0,0,0,100,89.87950310559013,89.87950310559013,0.0,0.0,0.0,True,True,True,False,0.0,995.9493283910045,0.0,0.0,0.0,0.0,995.9493283910045
2026-07-11T20:00:00Z,2026-07-11T20:15:00Z,2026-07-11,2026-07-11_89,100.0,0,100,0,89.87950310559013,63.35776397515535,0.07367149758454107,0.0,0.6,True,True,True,False,4000.25,0.0,0.0,25.851691919674415,0.0,-30.411563521027187,3995.690128398647
2026-07-11T20:15:00Z,2026-07-11T20:30:00Z,2026-07-11,2026-07-11_90,99.99999999999996,0,100,0,63.35776397515535,43.37391304347834,0.05551069703243614,0.0,6.614857142857143,True,True,True,False,3882.749999999998,0.0,0.0,25.851691919674415,0.0,-126.59823178903753,3782.003460130635
2026-07-11T20:30:00Z,2026-07-11T20:45:00Z,2026-07-11,2026-07-11_91,100.0,0,100,0,43.37391304347834,25.57142857142865,0.04945134575569358,0.0,8.621714285714285,True,True,True,False,3882.0,0.0,0.0,25.851691919674415,0.0,-12.664795351008163,3895.1868965686663
2026-07-11T20:45:00Z,2026-07-11T21:00:00Z,2026-07-11,2026-07-11_92,100.0,0,100,0,25.57142857142865,10.00000000000008,0.04325396825396825,0.0,10.674285714285714,True,True,True,False,3723.7499999999995,0.0,0.0,25.851691919674415,0.0,38.26973214797507,3787.871424067649
2026-07-11T21:00:00Z,2026-07-11T21:15:00Z,2026-07-12,2026-07-11_93,4.979096909432337e-14,100,100,0,10.00000000000008,18.72948571428578,0.024248571428571435,0.0,9.488571428571428,True,True,True,False,1.9423457043695546e-12,0.0,105.0117507690544,24.76259625121807,0.0,460.12781834211796,589.9021653623923
2026-07-11T21:15:00Z,2026-07-11T21:30:00Z,2026-07-12,2026-07-11_94,-2.3246918748975026e-14,100,100,0,18.72948571428578,26.4469714285715,0.021437460317460338,0.0,8.388571428571428,True,True,True,False,-8.751302563051649e-13,0.0,105.0117507690544,24.76259625121807,0.0,48.396529087588945,178.17087610786055
2026-07-11T21:30:00Z,2026-07-11T21:45:00Z,2026-07-12,2026-07-11_95,0.0,100,100,0,26.4469714285715,33.44475428571436,0.019438285714285714,0.0,7.606285714285714,True,True,True,False,0.0,0.0,105.0117507690544,24.76259625121807,0.0,-223.90561214546386,-94.13126512519139
2026-07-11T21:45:00Z,2026-07-11T22:00:00Z,2026-07-12,2026-07-11_96,0.0,100,100,0,33.44475428571436,34.316295155279576,0.0024623547273982054,0.006857142857142857,0.9554285714285713,True,True,True,False,0.0,0.0,105.0117507690544,24.76259625121807,1.0481522222737807,-47.294417115452326,83.52808212709392
2026-07-11T22:00:00Z,2026-07-11T22:15:00Z,2026-07-12,2026-07-12_1,-56.0,56,0,44,34.316295155279576,45.305363955279574,0.030525191111111113,2.05536,0.0,True,True,True,False,-1967.1399999999999,438.21770449204195,58.806580430670465,0.0,353.0351872518486,0.0,-1117.0805278254388
2026-07-11T22:15:00Z,2026-07-11T22:30:00Z,2026-07-12,2026-07-12_2,0.0,56,0,44,45.305363955279574,44.2107552596274,0.0030405797101449275,1.00704,0.0,True,True,True,False,0.0,438.21770449204195,58.806580430670465,0.0,171.540259961404,0.0,668.5645448841165
2026-07-11T22:30:00Z,2026-07-11T22:45:00Z,2026-07-12,2026-07-12_3,-38.26235841789405,56,0,44,44.2107552596274,52.295678886956495,0.0238646463890846,0.73536,0.0,True,True,True,False,-1327.3212135167444,438.21770449204195,58.806580430670465,0.0,124.47109952805856,0.0,-705.8258290659734
2026-07-11T22:45:00Z,2026-07-11T23:00:00Z,2026-07-12,2026-07-12_4,-56.0,56,0,44,52.295678886956495,64.3478260869565,0.033478186666666666,0.89984,0.0,True,True,True,False,-1827.0,438.21770449204195,58.806580430670465,0.0,153.35242564151557,0.0,-1176.623289435772
2026-07-11T23:00:00Z,2026-07-11T23:15:00Z,2026-07-12,2026-07-12_5,0.0,0,0,100,64.3478260869565,64.3478260869565,0.0,0.0,0.0,True,True,True,False,0.0,995.9493283910045,0.0,0.0,0.0,0.0,995.9493283910045
2026-07-11T23:15:00Z,2026-07-11T23:30:00Z,2026-07-12,2026-07-12_6,0.0,0,0,100,64.3478260869565,64.3478260869565,0.0,0.0,0.0,True,True,True,False,0.0,995.9493283910045,0.0,0.0,0.0,0.0,995.9493283910045
2026-07-11T23:30:00Z,2026-07-11T23:45:00Z,2026-07-12,2026-07-12_7,0.0,0,0,100,64.3478260869565,64.3478260869565,0.0,0.0,0.0,True,True,True,False,0.0,995.9493283910045,0.0,0.0,0.0,0.0,995.9493283910045
2026-07-11T23:45:00Z,2026-07-12T00:00:00Z,2026-07-12,2026-07-12_8,0.0,0,0,100,64.3478260869565,64.3478260869565,0.0,0.0,0.0,True,True,True,False,0.0,995.9493283910045,0.0,0.0,0.0,0.0,995.9493283910045
2026-07-12T00:00:00Z,2026-07-12T00:15:00Z,2026-07-12,2026-07-12_9,0.0,0,0,100,64.3478260869565,64.3478260869565,0.0,0.0,0.0,True,True,True,False,0.0,995.9493283910045,0.0,0.0,0.0,0.0,995.9493283910045
2026-07-12T00:15:00Z,2026-07-12T00:30:00Z,2026-07-12,2026-07-12_10,0.0,0,0,100,64.3478260869565,64.3478260869565,0.0,0.0,0.0,True,True,True,False,0.0,995.9493283910045,0.0,0.0,0.0,0.0,995.9493283910045
2026-07-12T00:30:00Z,2026-07-12T00:45:00Z,2026-07-12,2026-07-12_11,0.0,0,0,100,64.3478260869565,64.3478260869565,0.0,0.0,0.0,True,True,True,False,0.0,995.9493283910045,0.0,0.0,0.0,0.0,995.9493283910045
2026-07-12T00:45:00Z,2026-07-12T01:00:00Z,2026-07-12,2026-07-12_12,0.0,0,0,100,64.3478260869565,64.3478260869565,0.0,0.0,0.0,True,True,True,False,0.0,995.9493283910045,0.0,0.0,0.0,0.0,995.9493283910045
2026-07-12T01:00:00Z,2026-07-12T01:15:00Z,2026-07-12,2026-07-12_13,0.0,100,100,0,64.3478260869565,75.04032894409936,0.029701396825396825,0.0,11.622285714285715,True,True,True,False,0.0,0.0,105.0117507690544,91.71331944895582,0.0,220.51409016838676,417.239160386397
2026-07-12T01:15:00Z,2026-07-12T01:30:00Z,2026-07-12,2026-07-12_14,0.0,100,100,0,75.04032894409936,80.4183860869565,0.01493904761904762,0.0,5.845714285714286,True,True,True,False,0.0,0.0,105.0117507690544,91.71331944895582,0.0,-7.203128079288349,189.52194213872187
2026-07-12T01:30:00Z,2026-07-12T01:45:00Z,2026-07-12,2026-07-12_15,0.0,100,100,0,80.4183860869565,84.097671552795,0.010265095928226366,0.0074285714285714285,4.008000000000001,True,True,True,False,0.0,0.0,105.0117507690544,91.71331944895582,1.135498240796596,-160.1591806943463,37.701387764460506
2026-07-12T01:45:00Z,2026-07-12T02:00:00Z,2026-07-12,2026-07-12_16,0.0,100,100,0,84.097671552795,94.00580869565215,0.02752260317460318,0.0,10.769714285714286,True,True,True,False,0.0,0.0,105.0117507690544,91.71331944895582,0.0,1908.4085165643537,2105.133586782364
2026-07-12T02:00:00Z,2026-07-12T02:15:00Z,2026-07-12,2026-07-12_17,97.00000000000003,3,100,0,94.00580869565215,76.10423550807451,0.050925133140096626,0.0,7.816571428571429,True,True,True,False,3079.750000000001,0.0,3.1503525230716316,90.56690295584386,0.0,-18.52546993522747,3154.941785543689
2026-07-12T02:15:00Z,2026-07-12T02:30:00Z,2026-07-12,2026-07-12_18,97.00000000000003,3,100,0,76.10423550807451,66.02421771925462,0.030307058937198064,0.0,15.045714285714284,True,True,True,False,2988.327500000001,0.0,3.1503525230716316,90.56690295584386,0.0,491.3365622244847,3573.381317703401
2026-07-12T02:30:00Z,2026-07-12T02:45:00Z,2026-07-12,2026-07-12_19,97.00000000000003,3,100,0,66.02421771925462,60.31217786832294,0.018792815458937177,0.0,19.082857142857147,True,True,True,False,2936.917500000001,0.0,3.1503525230716316,90.56690295584386,0.0,755.4896470401984,3786.124402519115
2026-07-12T02:45:00Z,2026-07-12T03:00:00Z,2026-07-12,2026-07-12_20,0.7715017678470718,3,100,0,60.31217786832294,64.34782608695649,0.012160161962987939,0.0,4.6080000000000005,True,True,True,False,23.18169936938489,0.0,3.1503525230716316,90.56690295584386,0.0,-190.02178038481387,-73.12282553651349
2026-07-12T03:00:00Z,2026-07-12T03:15:00Z,2026-07-12,2026-07-12_21,0.0,0,0,100,64.34782608695649,64.34782608695649,0.0,0.0,0.0,True,True,True,False,0.0,995.9493283910045,0.0,0.0,0.0,0.0,995.9493283910045
2026-07-12T03:15:00Z,2026-07-12T03:30:00Z,2026-07-12,2026-07-12_22,0.0,0,0,100,64.34782608695649,64.34782608695649,0.0,0.0,0.0,True,True,True,False,0.0,995.9493283910045,0.0,0.0,0.0,0.0,995.9493283910045
2026-07-12T03:30:00Z,2026-07-12T03:45:00Z,2026-07-12,2026-07-12_23,0.0,0,0,100,64.34782608695649,64.34782608695649,0.0,0.0,0.0,True,True,True,False,0.0,995.9493283910045,0.0,0.0,0.0,0.0,995.9493283910045
2026-07-12T03:45:00Z,2026-07-12T04:00:00Z,2026-07-12,2026-07-12_24,0.0,0,0,100,64.34782608695649,64.34782608695649,0.0,0.0,0.0,True,True,True,False,0.0,995.9493283910045,0.0,0.0,0.0,0.0,995.9493283910045
2026-07-12T04:00:00Z,2026-07-12T04:15:00Z,2026-07-12,2026-07-12_25,7.000000000000021,3,10,90,64.34782608695649,62.38144249440989,0.005481715693581796,0.07122857142857143,0.012742857142857143,True,True,True,False,207.62000000000063,896.3543955519041,2.457343752985459,2.562240862105203,9.925836231674397,-0.6487396679213558,1118.2710767307485
2026-07-12T04:15:00Z,2026-07-12T04:30:00Z,2026-07-12,2026-07-12_26,7.000000000000021,3,10,90,62.38144249440989,60.471619388819825,0.005307254658385109,0.0084,0.0014285714285714288,True,True,True,False,196.57750000000058,896.3543955519041,2.457343752985459,2.562240862105203,1.1234881632497085,-0.10929170567667236,1098.9656766245685
2026-07-12T04:30:00Z,2026-07-12T04:45:00Z,2026-07-12,2026-07-12_27,5.627058890397031,3,10,90,60.471619388819825,58.9145036521739,0.004328897584746094,0.027274285714285716,0.0016,True,True,True,False,154.74411948591833,896.3543955519041,2.457343752985459,2.562240862105203,3.7050546201949452,-0.12261184248237388,1059.7005424306255
2026-07-12T04:45:00Z,2026-07-12T05:00:00Z,2026-07-12,2026-07-12_28,0.0,3,10,90,58.9145036521739,58.91304347826085,2.0995721187025536e-05,0.0041485714285714285,0.0033142857142857145,True,True,True,False,0.0,896.3543955519041,2.457343752985459,2.562240862105203,0.5548655826661826,-0.22838789275000754,901.7004578569109
2026-07-12T05:00:00Z,2026-07-12T05:15:00Z,2026-07-12,2026-07-12_29,0.0,100,100,0,58.91304347826085,54.07851229813663,0.013668745341614908,4.4874285714285715,0.04685714285714286,True,True,True,False,0.0,0.0,97.10147696658197,26.596862640197184,1059.8295055942397,-2.9816692370052325,1180.5461759640136
2026-07-12T05:15:00Z,2026-07-12T05:30:00Z,2026-07-12,2026-07-12_30,0.0,100,100,0,54.07851229813663,33.11329490683228,0.058236714975845406,19.288,0.0,True,True,True,False,0.0,0.0,97.10147696658197,26.596862640197184,6071.203607390566,0.0,6194.901946997345
2026-07-12T05:30:00Z,2026-07-12T05:45:00Z,2026-07-12,2026-07-12_31,0.0,100,100,0,33.11329490683228,25.048899378881966,0.02258509868875086,7.449714285714286,0.036000000000000004,True,True,True,False,0.0,0.0,97.10147696658197,26.596862640197184,1637.7016207599652,-2.481721153294992,1758.9182392134494
2026-07-12T05:45:00Z,2026-07-12T06:00:00Z,2026-07-12,2026-07-12_32,0.0,100,100,0,25.048899378881966,26.790916770186314,0.005587729468599033,0.124,2.0399999999999996,True,True,True,False,0.0,0.0,97.10147696658197,26.596862640197184,14.740521619504367,38.4168752507786,176.85573647706212
2026-07-12T06:00:00Z,2026-07-12T06:15:00Z,2026-07-12,2026-07-12_33,100.0,0,100,0,26.790916770186314,10.055513043478243,0.04648723257418909,0.0,9.603428571428573,True,True,True,False,2589.0,0.0,0.0,25.622408621052028,0.0,808.1379549567503,3422.7603635778023
2026-07-12T06:15:00Z,2026-07-12T06:30:00Z,2026-07-12,2026-07-12_34,52.56025815179856,0,100,0,10.055513043478243,9.999999999999968,0.03438539531548829,0.0,14.117714285714285,True,True,True,False,367.6590057718309,0.0,0.0,25.622408621052028,0.0,456.8343119180913,850.1157263109742
2026-07-12T06:30:00Z,2026-07-12T06:45:00Z,2026-07-12,2026-07-12_35,39.609594711167624,0,100,0,9.999999999999968,9.999999999999961,0.03369002415581679,0.0,10.914857142857143,True,True,True,False,99.02398677791906,0.0,0.0,25.622408621052028,0.0,188.97299239270768,313.6193877916788
2026-07-12T06:45:00Z,2026-07-12T07:00:00Z,2026-07-12,2026-07-12_36,11.478183093533383,0,100,0,9.999999999999961,10.149217749068285,0.01533058675301819,0.0,3.4799999999999995,True,True,True,False,24.190270869621603,0.0,0.0,25.622408621052028,0.0,5.072021705485603,54.884701196159234
2026-07-12T07:00:00Z,2026-07-12T07:15:00Z,2026-07-12,2026-07-12_37,12.0,88,100,0,10.149217749068285,9.999999999999964,0.015339405493443755,0.00704,3.3182857142857145,True,True,True,False,60.0,0.0,78.0594990159925,82.14074173147104,0.6432136347134915,-16.03634151201417,204.80711287016285
2026-07-12T07:15:00Z,2026-07-12T07:30:00Z,2026-07-12,2026-07-12_38,0.11875942853544166,88,100,0,9.999999999999964,21.57800152905797,0.03224991856126752,0.0,12.617142857142857,True,True,True,False,0.04572237998614504,0.0,78.0594990159925,82.14074173147104,0.0,335.32569747160574,495.5716605990554
2026-07-12T07:30:00Z,2026-07-12T07:45:00Z,2026-07-12,2026-07-12_39,0.0,88,100,0,21.57800152905797,30.47098438620083,0.02470273015873016,0.0,9.666285714285715,True,True,True,False,0.0,0.0,78.0594990159925,82.14074173147104,0.0,657.5538092417547,817.7540499892183
2026-07-12T07:45:00Z,2026-07-12T08:00:00Z,2026-07-12,2026-07-12_40,0.0,88,100,0,30.47098438620083,38.29466438620083,0.021732444444444447,0.0,8.504000000000001,True,True,True,False,0.0,0.0,78.0594990159925,82.14074173147104,0.0,2388.6804471024325,2548.880687849896
2026-07-12T08:00:00Z,2026-07-12T08:15:00Z,2026-07-12,2026-07-12_41,0.0,100,100,0,38.29466438620083,48.60760152905797,0.02864704761904762,0.0,11.209714285714286,True,True,True,False,0.0,0.0,88.93325945315934,100.11082026100082,0.0,1943.4869183505798,2132.53099806474
2026-07-12T08:15:00Z,2026-07-12T08:30:00Z,2026-07-12,2026-07-12_42,0.0,100,100,0,48.60760152905797,55.364225628436856,0.01878220289855072,0.002285714285714286,7.346857142857142,True,True,True,False,0.0,0.0,88.93325945315934,100.11082026100082,0.1965285416763339,57.59626049858199,246.83686875441848
2026-07-12T08:30:00Z,2026-07-12T08:45:00Z,2026-07-12,2026-07-12_43,0.0,100,100,0,55.364225628436856,69.56849991415115,0.03945631746031746,0.0,15.439428571428572,True,True,True,False,0.0,0.0,88.93325945315934,100.11082026100082,0.0,308.64107129891715,497.6851510130773
2026-07-12T08:45:00Z,2026-07-12T09:00:00Z,2026-07-12,2026-07-12_44,0.0,100,100,0,69.56849991415115,87.941162771294,0.05103517460317461,0.0,19.970285714285716,True,True,True,False,0.0,0.0,88.93325945315934,100.11082026100082,0.0,3449.4407376371264,3638.4848173512864
2026-07-12T09:00:00Z,2026-07-12T09:15:00Z,2026-07-12,2026-07-12_45,0.0,49,49,51,87.941162771294,90.794082771294,0.007924777777777777,0.0,3.1009999999999995,True,True,True,False,0.0,460.42952404608593,43.57729713204807,50.318226111546316,0.0,11.02357892122208,565.3486262109024
2026-07-12T09:15:00Z,2026-07-12T09:30:00Z,2026-07-12,2026-07-12_46,0.0,49,49,51,90.794082771294,91.75045807564183,0.002659979710144927,0.0005600000000000001,1.0401999999999998,True,True,True,False,0.0,460.42952404608593,43.57729713204807,50.318226111546316,0.048149492710701805,-34.15823853105833,520.2149582513327
2026-07-12T09:30:00Z,2026-07-12T09:45:00Z,2026-07-12,2026-07-12_47,0.0,49,49,51,91.75045807564183,92.80385800607661,0.002988671304347827,0.01036,1.15724,True,True,True,False,0.0,460.42952404608593,43.57729713204807,50.318226111546316,0.8907656151479832,-17.237319426027476,537.9784934788008
2026-07-12T09:45:00Z,2026-07-12T10:00:00Z,2026-07-12,2026-07-12_48,0.0,49,49,51,92.80385800607661,94.46357480607661,0.004610324444444445,0.0,1.8040399999999999,True,True,True,False,0.0,460.42952404608593,43.57729713204807,50.318226111546316,0.0,-38.381306899516595,515.9437403901637
2026-07-12T10:00:00Z,2026-07-12T10:15:00Z,2026-07-12,2026-07-12_49,0.0,49,49,51,94.46357480607661,95.50723073651139,0.00292271574879227,0.003920000000000001,1.1390399999999998,True,True,True,False,0.0,460.42952404608593,43.57729713204807,50.318226111546316,0.33704644897491265,-43.274466354586615,511.3876273840686
2026-07-12T10:15:00Z,2026-07-12T10:30:00Z,2026-07-12,2026-07-12_50,0.0,49,49,51,95.50723073651139,95.11262064955487,0.0013251169082125604,0.40096,0.0448,True,True,True,False,0.0,460.42952404608593,43.57729713204807,50.318226111546316,34.47503678086249,-2.419569788104018,586.3805142824388
2026-07-12T10:30:00Z,2026-07-12T10:45:00Z,2026-07-12,2026-07-12_51,0.0,49,49,51,95.11262064955487,94.6922943886853,0.0011961951690821256,0.39144,0.0056,True,True,True,False,0.0,460.42952404608593,43.57729713204807,50.318226111546316,33.65649540478056,-0.4279954907617938,587.553547203699
2026-07-12T10:45:00Z,2026-07-12T11:00:00Z,2026-07-12,2026-07-12_52,0.0,49,49,51,94.6922943886853,97.95690691042444,0.009085276328502416,0.0028,3.5518000000000005,True,True,True,False,0.0,460.42952404608593,43.57729713204807,50.318226111546316,0.240747463553509,11.90470902038711,566.470503773621
2026-07-12T11:00:00Z,2026-07-12T11:15:00Z,2026-07-12,2026-07-12_53,-49.0,49,0,51,97.95690691042444,109.22613411042444,0.03130340888888889,0.0008399999999999999,0.0,True,True,True,False,2.0825,460.42952404608593,43.493035519804344,0.0,0.0722242390660527,0.0,506.0772838049563
2026-07-12T11:15:00Z,2026-07-12T11:30:00Z,2026-07-12,2026-07-12_54,-49.0,49,0,51,109.22613411042444,120.49613411042445,0.03130555555555555,0.0,0.0,True,True,True,False,2.205,460.42952404608593,43.493035519804344,0.0,0.0,0.0,506.1275595658903
2026-07-12T11:30:00Z,2026-07-12T11:45:00Z,2026-07-12,2026-07-12_55,-49.0,49,0,51,120.49613411042445,131.76613411042445,0.03130555555555556,0.0,0.0,True,True,True,False,2.45,460.42952404608593,43.493035519804344,0.0,0.0,0.0,506.3725595658903
2026-07-12T11:45:00Z,2026-07-12T12:00:00Z,2026-07-12,2026-07-12_56,-49.0,49,0,51,131.76613411042445,143.03613411042443,0.03130555555555555,0.0,0.0,True,True,True,False,2.5725,460.42952404608593,43.493035519804344,0.0,0.0,0.0,506.4950595658903
2026-07-12T12:00:00Z,2026-07-12T12:15:00Z,2026-07-12,2026-07-12_57,0.0,49,49,51,143.03613411042443,144.52377411042443,0.004132333333333333,0.0,1.617,True,True,True,False,0.0,460.42952404608593,43.493035519804344,50.318226111546316,0.0,-38.311873244549744,515.9289124328868
2026-07-12T12:15:00Z,2026-07-12T12:30:00Z,2026-07-12,2026-07-12_58,0.0,49,49,51,144.52377411042443,143.77964708433748,0.00257935729468599,0.76944,0.10024,True,True,True,False,0.0,460.42952404608593,43.493035519804344,50.318226111546316,66.15740298450427,-5.150398119876951,615.247790542064
2026-07-12T12:30:00Z,2026-07-12T12:45:00Z,2026-07-12,2026-07-12_59,0.0,49,49,51,143.77964708433748,144.9826011017288,0.003510621062801933,0.028,1.34064,True,True,True,False,0.0,460.42952404608593,43.493035519804344,50.318226111546316,2.40747463553509,-48.71074823547395,507.93751207749773
2026-07-12T12:45:00Z,2026-07-12T13:00:00Z,2026-07-12,2026-07-12_60,0.0,49,49,51,144.9826011017288,145.90740652781574,0.0029780827053140094,0.06776,1.08528,True,True,True,False,0.0,460.42952404608593,43.493035519804344,50.318226111546316,5.826088617994918,-20.458514014941628,539.6083602804899
2026-07-12T13:00:00Z,2026-07-12T13:15:00Z,2026-07-12,2026-07-12_61,-30.999999999999936,49,18,51,145.90740652781574,152.97044548433746,0.019841291787439572,0.09995999999999998,0.03384,True,True,True,False,0.1549999999999997,460.42952404608593,43.029596652463844,7.408143378489404,8.650072415308479,-2.3170154957295988,517.355320996618
2026-07-12T13:15:00Z,2026-07-12T13:30:00Z,2026-07-12,2026-07-12_62,-31.000000000000103,49,18,51,152.97044548433746,159.87290149427537,0.019711377115251963,0.24248000000000003,0.011314285714285714,True,True,True,False,-0.0,460.42952404608593,43.029596652463844,7.408143378489404,20.983088828171276,-0.6511383642820294,531.1992145409284
2026-07-12T13:30:00Z,2026-07-12T13:45:00Z,2026-07-12,2026-07-12_63,-31.0,49,18,51,159.87290149427537,166.53252713402694,0.019564798619737755,0.48048,0.0012342857142857142,True,True,True,False,-0.0,460.42952404608593,43.029596652463844,7.408143378489404,42.11776210329213,-0.09433370000464027,552.8906924803267
2026-07-12T13:45:00Z,2026-07-12T14:00:00Z,2026-07-12,2026-07-12_64,-0.4606372851466897,49,18,51,166.53252713402694,166.53999999999996,0.0006036322959143428,0.09744,0.00792,True,True,True,False,-0.2568052864692795,460.42952404608593,43.029596652463844,7.408143378489404,8.432003362821712,-0.6053079083631083,518.4371542450285
2026-07-12T14:00:00Z,2026-07-12T14:15:00Z,2026-07-12,2026-07-12_65,-100.0,100,0,0,166.53999999999996,189.34495999999996,0.0633471111111111,0.212,0.0,True,True,True,False,-40.25,0.0,95.18122934061945,0.0,20.95331409901217,0.0,75.88454343963163
2026-07-12T14:15:00Z,2026-07-12T14:30:00Z,2026-07-12,2026-07-12_66,-3.3658453050576043,100,0,0,189.34495999999996,189.98872607047377,0.002491821094333119,0.12057142857142857,0.0,True,True,True,False,-4.316696603736378,0.0,95.18122934061945,0.0,11.545617932137603,0.0,102.41015066902068
2026-07-12T14:30:00Z,2026-07-12T14:45:00Z,2026-07-12,2026-07-12_67,-49.87203405172626,100,0,0,189.98872607047377,189.99999999999997,0.0345915911308961,11.417142857142858,0.0,True,True,True,False,-138.27021440841105,0.0,95.18122934061945,0.0,10574.64510384623,0.0,10531.556118778437
2026-07-12T14:45:00Z,2026-07-12T15:00:00Z,2026-07-12,2026-07-12_68,-42.47379958043177,100,0,0,189.99999999999997,189.99579428571434,0.0334023454679986,9.618857142857141,0.0,True,True,True,False,-356.67373197667587,0.0,95.18122934061945,0.0,3738.90455831575,0.0,3477.4120556796934
2026-07-12T15:00:00Z,2026-07-12T15:15:00Z,2026-07-12,2026-07-12_69,0.0,0,100,0,189.99579428571434,189.99579428571434,0.0,0.0,0.0,True,True,True,False,0.0,0.0,0.0,25.622408621052028,0.0,0.0,25.622408621052028
2026-07-12T15:15:00Z,2026-07-12T15:30:00Z,2026-07-12,2026-07-12_70,0.0,0,100,0,189.99579428571434,190.00000000000006,1.1682539682539685e-05,0.0,0.004571428571428572,True,True,True,False,0.0,0.0,0.0,25.622408621052028,0.0,-0.3351903460813028,25.287218274970726
2026-07-12T15:30:00Z,2026-07-12T15:45:00Z,2026-07-12,2026-07-12_71,100.0,0,100,0,190.00000000000006,170.15776397515535,0.055117322291235324,0.0,6.7451428571428576,True,True,True,False,2544.5,0.0,0.0,25.622408621052028,0.0,174.56796246304856,2744.6903710841007
2026-07-12T15:45:00Z,2026-07-12T16:00:00Z,2026-07-12,2026-07-12_72,100.0,0,100,0,170.15776397515535,147.54906832298144,0.06280193236714976,0.0,4.199999999999999,True,True,True,False,3129.5,0.0,0.0,25.622408621052028,0.0,-157.92792861646635,2997.194480004586
2026-07-12T16:00:00Z,2026-07-12T16:15:00Z,2026-07-12,2026-07-12_73,-2.569268160950445,0,0,91,147.54906832298144,148.14000000000004,0.0016414768806072288,0.0,0.0,True,False,True,False,-48.449974345123024,821.5507193763494,0.0,0.0,0.0,0.0,773.1007450312264
2026-07-12T16:15:00Z,2026-07-12T16:30:00Z,2026-07-12,2026-07-12_74,0.0,0,0,91,148.14000000000004,148.14000000000004,0.0,0.0,0.0,True,False,True,False,0.0,821.5507193763494,0.0,0.0,0.0,0.0,821.5507193763494
2026-07-12T16:30:00Z,2026-07-12T16:45:00Z,2026-07-12,2026-07-12_75,0.0,0,0,91,148.14000000000004,148.14000000000004,0.0,0.0,0.0,True,False,True,False,0.0,821.5507193763494,0.0,0.0,0.0,0.0,821.5507193763494
2026-07-12T16:45:00Z,2026-07-12T17:00:00Z,2026-07-12,2026-07-12_76,0.0,0,0,91,148.14000000000004,148.14000000000004,0.0,0.0,0.0,True,False,True,False,0.0,821.5507193763494,0.0,0.0,0.0,0.0,821.5507193763494
2026-07-12T17:00:00Z,2026-07-12T17:15:00Z,2026-07-12,2026-07-12_77,100.0,0,100,0,148.14000000000004,141.50459627329195,0.018431677018633536,0.0,18.89542857142857,True,True,True,False,3338.0000000000005,0.0,0.0,26.654183464852785,0.0,19498.68003024356,22863.33421370841
2026-07-12T17:15:00Z,2026-07-12T17:30:00Z,2026-07-12,2026-07-12_78,77.57269073301714,0,100,0,141.50459627329195,124.01319462360254,0.052506210424908946,0.0,3.418857142857143,True,True,True,False,2618.0783122393286,0.0,0.0,26.654183464852785,0.0,-63.59935254763771,2581.1331431565436
2026-07-12T17:30:00Z,2026-07-12T17:45:00Z,2026-07-12,2026-07-12_79,100.0,0,100,0,124.01319462360254,97.20574120745349,0.07446514837819185,0.0,0.33714285714285713,True,True,True,False,3477.25,0.0,0.0,26.654183464852785,0.0,-17.196688494072756,3486.70749497078
2026-07-12T17:45:00Z,2026-07-12T18:00:00Z,2026-07-12,2026-07-12_80,100.0,0,100,0,97.20574120745349,70.0392815801243,0.0754623878536922,0.0,0.006857142857142857,True,True,True,False,3625.0,0.0,0.0,26.654183464852785,0.0,-0.4168593101302274,3651.2373241547225
2026-07-12T18:00:00Z,2026-07-12T18:15:00Z,2026-07-12,2026-07-12_81,0.0,9,9,91,70.0392815801243,70.27106746832305,0.0008426074534161492,0.032914285714285715,0.2908285714285715,True,True,True,False,0.0,821.5507193763494,8.886160842233984,2.3988765118367503,5.539155374919137,-9.398680108854977,828.9762319964843
2026-07-12T18:15:00Z,2026-07-12T18:30:00Z,2026-07-12,2026-07-12_82,0.0,9,9,91,70.27106746832305,69.80457678509325,0.0012958074534161492,0.4291714285714286,0.0,True,True,True,False,0.0,821.5507193763494,8.886160842233984,2.3988765118367503,88.45390671991134,0.0,921.2896634503315
2026-07-12T18:30:00Z,2026-07-12T18:45:00Z,2026-07-12,2026-07-12_83,0.0,9,9,91,69.80457678509325,69.3655892074535,0.0012194099378881986,0.4038685714285714,0.0,True,True,True,False,0.0,821.5507193763494,8.886160842233984,2.3988765118367503,80.89417186639335,0.0,913.7299285968135
2026-07-12T18:45:00Z,2026-07-12T19:00:00Z,2026-07-12,2026-07-12_84,0.0,9,9,91,69.3655892074535,69.4428219527951,0.0002704360248447205,0.009257142857142858,0.09488571428571428,True,True,True,False,0.0,821.5507193763494,8.886160842233984,2.3988765118367503,1.4950912738597935,-4.590636015493,829.740211988787
2026-07-12T19:00:00Z,2026-07-12T19:15:00Z,2026-07-12,2026-07-12_85,8.999999999999996,0,9,91,69.4428219527951,67.03015114534168,0.006701863354037263,0.0,0.03034285714285714,True,True,True,False,315.22499999999985,821.5507193763494,0.0,2.3988765118367503,0.0,-1.6485974576849483,1137.525998430501
2026-07-12T19:15:00Z,2026-07-12T19:30:00Z,2026-07-12,2026-07-12_86,8.999999999999996,0,9,91,67.03015114534168,64.73291512049695,0.006381211180124222,0.0,0.13654285714285713,True,True,True,False,326.11499999999984,821.5507193763494,0.0,2.3988765118367503,0.0,-6.694296834525698,1143.3702990536603
2026-07-12T19:30:00Z,2026-07-12T19:45:00Z,2026-07-12,2026-07-12_87,8.999999999999996,0,9,91,64.73291512049695,62.541331269565276,0.006087732919254656,0.0,0.23374285714285714,True,True,True,False,328.34249999999986,821.5507193763494,0.0,2.3988765118367503,0.0,-11.255537879511627,1141.0365580086743
2026-07-12T19:45:00Z,2026-07-12T20:00:00Z,2026-07-12,2026-07-12_88,8.999999999999996,0,9,91,62.541331269565276,60.095790896894464,0.006793167701863351,0.0,0.00010285714285714286,True,True,True,False,330.70499999999987,821.5507193763494,0.0,2.3988765118367503,0.0,-0.007861141667053356,1154.646734746519
2026-07-12T20:00:00Z,2026-07-12T20:15:00Z,2026-07-12,2026-07-12_89,41.0,59,100,0,60.095790896894464,48.308418226087014,0.03274270186335403,0.5943828571428571,0.0,True,True,True,False,1534.425,0.0,60.84089649769761,26.654183464852785,97.71753203060386,0.0,1719.6376119931542
2026-07-12T20:15:00Z,2026-07-12T20:30:00Z,2026-07-12,2026-07-12_90,41.0,59,100,0,48.308418226087014,37.09156138136652,0.03198505948930297,0.31893714285714286,0.2742857142857143,True,True,True,False,1486.25,0.0,60.84089649769761,26.654183464852785,51.895522308992,-14.305548382870356,1611.335053888672
2026-07-12T20:30:00Z,2026-07-12T20:45:00Z,2026-07-12,2026-07-12_91,41.0,59,100,0,37.09156138136652,23.987087075776454,0.036604652118702556,1.8674342857142854,0.06742857142857143,True,True,True,False,1485.635,0.0,60.84089649769761,26.654183464852785,361.89946611383914,-3.81221304785743,1931.217333028532
2026-07-12T20:45:00Z,2026-07-12T21:00:00Z,2026-07-12,2026-07-12_92,41.0,59,100,0,23.987087075776454,10.000000000000057,0.03959915425810904,2.8431257142857143,0.24742857142857144,True,True,True,False,1435.8200000000002,0.0,60.84089649769761,26.654183464852785,639.3542576325408,-11.941169399414237,2150.728168195677
2026-07-12T21:00:00Z,2026-07-12T21:15:00Z,2026-07-13,2026-07-12_93,-80.73021779359762,100,19,0,10.000000000000057,26.809618270051082,0.0489362058703003,1.9274285714285715,0.08360000000000001,True,True,True,False,-2925.864918384462,0.0,105.0117507690544,4.704893287731434,331.1080477891904,-3.0696727745189833,-2488.1098993130045
2026-07-12T21:15:00Z,2026-07-12T21:30:00Z,2026-07-13,2026-07-12_94,-81.0,100,19,0,26.809618270051082,44.41698948992686,0.05041926788129744,1.316,0.24982285714285715,True,True,True,False,-2792.475,0.0,105.0117507690544,4.704893287731434,226.04287062689875,-8.476182091336641,-2465.191667407652
2026-07-12T21:30:00Z,2026-07-12T21:45:00Z,2026-07-13,2026-07-12_95,-7.448979503265873,100,19,0,44.41698948992686,45.64834100869564,0.005930603843040698,0.4491428571428572,0.00076,True,True,True,False,-257.86504795430636,0.0,105.0117507690544,4.704893287731434,75.55017608411423,-0.05808510231767202,-72.65631291572397
2026-07-12T21:45:00Z,2026-07-12T22:00:00Z,2026-07-13,2026-07-12_96,-81.0,100,19,0,45.64834100869564,64.3478260869565,0.05201578843340235,0.06342857142857143,0.14114285714285715,True,True,True,False,-2752.5825,0.0,105.0117507690544,4.704893287731434,10.549319001307461,-4.118835350025522,-2636.4353722919323
2026-07-12T22:00:00Z,2026-07-12T22:15:00Z,2026-07-13,2026-07-13_1,0.0,0,0,100,64.3478260869565,64.3478260869565,0.0,0.0,0.0,True,True,True,False,0.0,995.9493283910045,0.0,0.0,0.0,0.0,995.9493283910045
2026-07-12T22:15:00Z,2026-07-12T22:30:00Z,2026-07-13,2026-07-13_2,0.0,0,0,100,64.3478260869565,64.3478260869565,0.0,0.0,0.0,True,True,True,False,0.0,995.9493283910045,0.0,0.0,0.0,0.0,995.9493283910045
2026-07-12T22:30:00Z,2026-07-12T22:45:00Z,2026-07-13,2026-07-13_3,0.0,0,0,100,64.3478260869565,64.3478260869565,0.0,0.0,0.0,True,True,True,False,0.0,995.9493283910045,0.0,0.0,0.0,0.0,995.9493283910045
2026-07-12T22:45:00Z,2026-07-12T23:00:00Z,2026-07-13,2026-07-13_4,0.0,0,0,100,64.3478260869565,64.3478260869565,0.0,0.0,0.0,True,True,True,False,0.0,995.9493283910045,0.0,0.0,0.0,0.0,995.9493283910045
2026-07-12T23:00:00Z,2026-07-12T23:15:00Z,2026-07-13,2026-07-13_5,0.0,0,0,100,64.3478260869565,64.3478260869565,0.0,0.0,0.0,True,False,True,False,0.0,995.9493283910045,0.0,0.0,0.0,0.0,995.9493283910045
2026-07-12T23:15:00Z,2026-07-12T23:30:00Z,2026-07-13,2026-07-13_6,0.0,0,0,100,64.3478260869565,64.3478260869565,0.0,0.0,0.0,True,False,True,False,0.0,995.9493283910045,0.0,0.0,0.0,0.0,995.9493283910045
2026-07-12T23:30:00Z,2026-07-12T23:45:00Z,2026-07-13,2026-07-13_7,0.0,0,0,100,64.3478260869565,64.3478260869565,0.0,0.0,0.0,True,False,True,False,0.0,995.9493283910045,0.0,0.0,0.0,0.0,995.9493283910045
2026-07-12T23:45:00Z,2026-07-13T00:00:00Z,2026-07-13,2026-07-13_8,0.0,0,0,100,64.3478260869565,64.3478260869565,0.0,0.0,0.0,True,False,True,False,0.0,995.9493283910045,0.0,0.0,0.0,0.0,995.9493283910045
2026-07-13T00:00:00Z,2026-07-13T00:15:00Z,2026-07-13,2026-07-13_9,0.0,100,100,0,64.3478260869565,78.0779060869565,0.03813911111111112,0.0,14.924000000000001,True,True,True,False,0.0,0.0,105.0117507690544,92.97437759137894,0.0,5483.595493054627,5681.58162141506
2026-07-13T00:15:00Z,2026-07-13T00:30:00Z,2026-07-13,2026-07-13_10,0.0,100,100,0,78.0779060869565,90.29708322981365,0.03394215873015873,0.0,13.281714285714285,True,True,True,False,0.0,0.0,105.0117507690544,92.97437759137894,0.0,393.398809364585,591.3849377250184
2026-07-13T00:30:00Z,2026-07-13T00:45:00Z,2026-07-13,2026-07-13_11,0.0,100,100,0,90.29708322981365,91.91346385093166,0.004496847481021395,0.001142857142857143,1.7582857142857142,True,True,True,False,0.0,0.0,105.0117507690544,92.97437759137894,0.17469203704563013,-54.645035279602794,143.51578511787616
2026-07-13T00:45:00Z,2026-07-13T01:00:00Z,2026-07-13,2026-07-13_12,0.0,100,100,0,91.91346385093166,91.93145540372669,0.00046405521048999306,0.06857142857142857,0.10057142857142856,True,True,True,False,0.0,0.0,105.0117507690544,92.97437759137894,10.967930363386733,-6.490687877191498,202.46337084662858
2026-07-13T01:00:00Z,2026-07-13T01:15:00Z,2026-07-13,2026-07-13_13,0.0,0,0,100,91.93145540372669,91.93145540372669,0.0,0.0,0.0,True,True,True,False,0.0,995.9493283910045,0.0,0.0,0.0,0.0,995.9493283910045
2026-07-13T01:15:00Z,2026-07-13T01:30:00Z,2026-07-13,2026-07-13_14,0.0,0,0,100,91.93145540372669,91.93145540372669,0.0,0.0,0.0,True,True,True,False,0.0,995.9493283910045,0.0,0.0,0.0,0.0,995.9493283910045
2026-07-13T01:30:00Z,2026-07-13T01:45:00Z,2026-07-13,2026-07-13_15,0.0,0,0,100,91.93145540372669,91.93145540372669,0.0,0.0,0.0,True,True,True,False,0.0,995.9493283910045,0.0,0.0,0.0,0.0,995.9493283910045
2026-07-13T01:45:00Z,2026-07-13T02:00:00Z,2026-07-13,2026-07-13_16,0.0,0,0,100,91.93145540372669,91.93145540372669,0.0,0.0,0.0,True,True,True,False,0.0,995.9493283910045,0.0,0.0,0.0,0.0,995.9493283910045
2026-07-13T02:00:00Z,2026-07-13T02:15:00Z,2026-07-13,2026-07-13_17,0.0,0,0,100,91.93145540372669,91.93145540372669,0.0,0.0,0.0,True,True,True,False,0.0,995.9493283910045,0.0,0.0,0.0,0.0,995.9493283910045
2026-07-13T02:15:00Z,2026-07-13T02:30:00Z,2026-07-13,2026-07-13_18,0.0,0,0,100,91.93145540372669,91.93145540372669,0.0,0.0,0.0,True,True,True,False,0.0,995.9493283910045,0.0,0.0,0.0,0.0,995.9493283910045
2026-07-13T02:30:00Z,2026-07-13T02:45:00Z,2026-07-13,2026-07-13_19,0.0,0,0,100,91.93145540372669,91.93145540372669,0.0,0.0,0.0,True,True,True,False,0.0,995.9493283910045,0.0,0.0,0.0,0.0,995.9493283910045
2026-07-13T02:45:00Z,2026-07-13T03:00:00Z,2026-07-13,2026-07-13_20,0.0,0,0,100,91.93145540372669,91.93145540372669,0.0,0.0,0.0,True,True,True,False,0.0,995.9493283910045,0.0,0.0,0.0,0.0,995.9493283910045
2026-07-13T03:00:00Z,2026-07-13T03:15:00Z,2026-07-13,2026-07-13_21,0.0,0,0,100,91.93145540372669,91.93145540372669,0.0,0.0,0.0,True,True,True,False,0.0,995.9493283910045,0.0,0.0,0.0,0.0,995.9493283910045
2026-07-13T03:15:00Z,2026-07-13T03:30:00Z,2026-07-13,2026-07-13_22,0.0,0,0,100,91.93145540372669,91.93145540372669,0.0,0.0,0.0,True,True,True,False,0.0,995.9493283910045,0.0,0.0,0.0,0.0,995.9493283910045
2026-07-13T03:30:00Z,2026-07-13T03:45:00Z,2026-07-13,2026-07-13_23,0.0,0,0,100,91.93145540372669,91.93145540372669,0.0,0.0,0.0,True,True,True,False,0.0,995.9493283910045,0.0,0.0,0.0,0.0,995.9493283910045
2026-07-13T03:45:00Z,2026-07-13T04:00:00Z,2026-07-13,2026-07-13_24,0.0,0,0,100,91.93145540372669,91.93145540372669,0.0,0.0,0.0,True,True,True,False,0.0,995.9493283910045,0.0,0.0,0.0,0.0,995.9493283910045
2026-07-13T04:00:00Z,2026-07-13T04:15:00Z,2026-07-13,2026-07-13_25,32.0,0,32,68,91.93145540372669,84.27967900621115,0.021254934437543133,0.0,0.9603657142857143,True,True,True,False,1159.2,677.2455433058831,0.0,7.924030800389782,0.0,-38.6052814512541,1805.7642926550188
2026-07-13T04:15:00Z,2026-07-13T04:30:00Z,2026-07-13,2026-07-13_26,32.0,0,32,68,84.27967900621115,78.32052372670805,0.01655320910973085,0.0,2.517577142857143,True,True,True,False,1215.6,677.2455433058831,0.0,7.924030800389782,0.0,-0.5363506724278646,1900.2332234338448
2026-07-13T04:30:00Z,2026-07-13T04:45:00Z,2026-07-13,2026-07-13_27,32.0,0,32,68,78.32052372670805,70.33125664596271,0.022192408557625946,0.0,0.6498742857142857,True,True,True,False,1207.76,677.2455433058831,0.0,7.924030800389782,0.0,-31.264792909686953,1861.6647811965859
2026-07-13T04:45:00Z,2026-07-13T05:00:00Z,2026-07-13,2026-07-13_28,32.0,0,32,68,70.33125664596271,61.66382807453414,0.024076190476190477,0.0,0.025965714285714283,True,True,True,False,1204.16,677.2455433058831,0.0,7.924030800389782,0.0,-1.400189868407764,1887.9293842378652
2026-07-13T05:00:00Z,2026-07-13T05:15:00Z,2026-07-13,2026-07-13_29,35.0,0,35,65,61.66382807453414,53.48143677018631,0.02272886473429952,0.0,1.2222,True,True,True,False,1282.6625000000001,647.3670634541529,0.0,9.007967594627129,0.0,5.503251084318934,1944.5407821330991
2026-07-13T05:15:00Z,2026-07-13T05:30:00Z,2026-07-13,2026-07-13_30,34.68114408480426,0,35,65,53.48143677018631,45.326086956521706,0.0227081817299691,0.0,1.169,True,True,True,False,1072.9478951236317,647.3670634541529,0.0,9.007967594627129,0.0,1.391310354051627,1730.7142365264633
2026-07-13T05:30:00Z,2026-07-13T05:45:00Z,2026-07-13,2026-07-13_31,0.6420084298883351,0,35,65,45.326086956521706,45.32608695652171,0.0009482805673350734,0.0,0.18899999999999997,True,True,True,False,18.114267849299374,647.3670634541529,0.0,9.007967594627129,0.0,-0.3662491163039532,674.1230497817754
2026-07-13T05:45:00Z,2026-07-13T06:00:00Z,2026-07-13,2026-07-13_32,1.5445944707504191,0,35,65,45.32608695652171,45.32608695652171,0.002211200510973861,0.0,0.4526,True,True,True,False,33.11610545288899,647.3670634541529,0.0,9.007967594627129,0.0,-16.1299662953551,673.3611702063139
2026-07-13T06:00:00Z,2026-07-13T06:15:00Z,2026-07-13,2026-07-13_33,0.0,100,0,0,45.32608695652171,45.19565217391302,0.00036231884057971015,0.12,0.0,True,True,True,False,0.0,0.0,105.2410340676768,0.0,17.26255612664081,0.0,122.50359019431761
2026-07-13T06:15:00Z,2026-07-13T06:30:00Z,2026-07-13,2026-07-13_34,-1.0468679063720905e-14,100,0,0,45.19565217391302,44.90869565217389,0.0007971014492753688,0.264,0.0,True,True,True,False,-2.2829571868209364e-13,0.0,105.2410340676768,0.0,36.76388023769036,0.0,142.00491430536692
2026-07-13T06:30:00Z,2026-07-13T06:45:00Z,2026-07-13,2026-07-13_35,-99.81852651848635,100,0,0,44.90869565217389,67.03079575652171,0.06146023468721902,0.9085714285714286,0.0,True,True,True,False,-226.3385088806678,0.0,105.2410340676768,0.0,133.3888475511725,0.0,12.29137273818148
2026-07-13T06:45:00Z,2026-07-13T07:00:00Z,2026-07-13,2026-07-13_36,-100.00000000000001,100,0,0,67.03079575652171,84.99865861366459,0.049910730158730175,5.469714285714286,0.0,True,True,True,False,-158.00000000000003,0.0,105.2410340676768,0.0,1181.5176471166262,0.0,1128.758681184303
2026-07-13T07:00:00Z,2026-07-13T07:15:00Z,2026-07-13,2026-07-13_37,6.371714750022638e-14,100,0,0,84.99865861366459,79.14524246459625,0.01625948930296761,5.385142857142857,0.0,True,True,True,False,1.9968954026570946e-12,0.0,85.86659533408489,0.0,821.0313280689161,0.0,906.897923403003
2026-07-13T07:15:00Z,2026-07-13T07:30:00Z,2026-07-13,2026-07-13_38,-100.0,100,0,0,79.14524246459625,95.77884246459625,0.04620444444444445,6.92,0.0,True,True,True,False,-263.25,0.0,85.86659533408489,0.0,1111.0872690448439,0.0,933.7038643789288
2026-07-13T07:30:00Z,2026-07-13T07:45:00Z,2026-07-13,2026-07-13_39,-100.0,100,0,0,95.77884246459625,111.16544817888196,0.042740571428571426,8.275428571428572,0.0,True,True,True,False,-174.75,0.0,85.86659533408489,0.0,1363.6819065452196,0.0,1274.7985018793045
2026-07-13T07:45:00Z,2026-07-13T08:00:00Z,2026-07-13,2026-07-13_40,-100.0,100,0,0,111.16544817888196,133.18499103602483,0.06116539682539683,1.0657142857142856,0.0,True,True,True,False,-177.25,0.0,85.86659533408489,0.0,142.52556645257795,0.0,51.14216178666284
2026-07-13T08:00:00Z,2026-07-13T08:15:00Z,2026-07-13,2026-07-13_41,0.0,100,100,0,133.18499103602483,148.46119675031053,0.04243390476190477,0.0,16.60457142857143,True,True,True,False,0.0,0.0,86.32516193132966,100.11082026100082,0.0,12388.450023283172,12574.886005475502
2026-07-13T08:15:00Z,2026-07-13T08:30:00Z,2026-07-13,2026-07-13_42,0.0,100,100,0,148.46119675031053,155.15511675031053,0.018594222222222227,0.0,7.276000000000001,True,True,True,False,0.0,0.0,86.32516193132966,100.11082026100082,0.0,14.779440166612531,201.21542235894302
2026-07-13T08:30:00Z,2026-07-13T08:45:00Z,2026-07-13,2026-07-13_43,0.0,100,100,0,155.15511675031053,157.61493389316766,0.006832825396825398,0.0,2.673714285714286,True,True,True,False,0.0,0.0,86.32516193132966,100.11082026100082,0.0,-68.72207414039235,117.71390805193813
2026-07-13T08:45:00Z,2026-07-13T09:00:00Z,2026-07-13,2026-07-13_44,0.0,100,100,0,157.61493389316766,160.16502681242233,0.007925551414768807,0.13942857142857143,2.936571428571429,True,True,True,False,0.0,0.0,86.32516193132966,100.11082026100082,16.08342418229114,470.34518687953624,672.8645932541579
2026-07-13T09:00:00Z,2026-07-13T09:15:00Z,2026-07-13,2026-07-13_45,0.0,100,100,0,160.16502681242233,170.8138953838509,0.029580190476190482,0.0,11.574857142857145,True,True,True,False,0.0,0.0,86.32516193132966,102.69025737050269,0.0,2440.820382630153,2629.8358019319853
2026-07-13T09:15:00Z,2026-07-13T09:30:00Z,2026-07-13,2026-07-13_46,0.0,100,100,0,170.8138953838509,170.86538954534157,0.001474992408557626,0.22057142857142856,0.3165714285714286,True,True,True,False,0.0,0.0,86.32516193132966,102.69025737050269,29.62122944980197,-15.898071126954711,202.7385776246796
2026-07-13T09:30:00Z,2026-07-13T09:45:00Z,2026-07-13,2026-07-13_47,0.0,100,100,0,170.86538954534157,169.05995948322976,0.0053334327122153205,1.7137142857142857,0.06228571428571429,True,True,True,False,0.0,0.0,86.32516193132966,102.69025737050269,235.61582240370785,-4.09336044699325,420.537881258547
2026-07-13T09:45:00Z,2026-07-13T10:00:00Z,2026-07-13,2026-07-13_48,0.0,100,100,0,169.05995948322976,152.17610855155274,0.046899585921325045,15.533142857142856,0.0,True,True,True,False,0.0,0.0,86.32516193132966,102.69025737050269,3197.3367597356696,0.0,3386.352179037502
2026-07-13T10:00:00Z,2026-07-13T10:15:00Z,2026-07-13,2026-07-13_49,0.0,29,29,71,152.17610855155274,151.49108546583847,0.001963824761904762,0.64032,0.01193142857142857,True,True,True,False,0.0,707.1240231576132,25.0342969600856,29.78017463744578,100.13421963047175,-0.7231808537527397,861.3495335318636
2026-07-13T10:15:00Z,2026-07-13T10:30:00Z,2026-07-13,2026-07-13_50,0.0,29,29,71,151.49108546583847,151.93560928198752,0.0033592535265700484,0.3518114285714286,0.8988342857142858,True,True,True,False,0.0,707.1240231576132,25.0342969600856,29.78017463744578,50.26412433378189,6.536586305782034,818.7392053947085
2026-07-13T10:30:00Z,2026-07-13T10:45:00Z,2026-07-13,2026-07-13_51,0.0,29,29,71,151.93560928198752,153.59632493913037,0.0046130990476190474,0.0,1.8051257142857142,True,True,True,False,0.0,707.1240231576132,25.0342969600856,29.78017463744578,0.0,10.927948321728142,772.8664430768728
2026-07-13T10:45:00Z,2026-07-13T11:00:00Z,2026-07-13,2026-07-13_52,0.0,29,29,71,153.59632493913037,154.33993018633532,0.0021126025672877848,0.0077885714285714286,0.8174685714285714,True,True,True,False,0.0,707.1240231576132,25.0342969600856,29.78017463744578,1.041710453407723,-15.331303876252532,747.6489013322998
2026-07-13T11:00:00Z,2026-07-13T11:15:00Z,2026-07-13,2026-07-13_53,-1.792044773443867e-14,29,29,71,154.33993018633532,153.99425220372663,0.0021739448723257513,0.5190171428571428,0.23746857142857145,True,True,True,False,-3.1983519094039414e-13,707.1240231576132,24.959493283910046,29.78017463744578,73.20266891000358,-10.92245625957053,824.1439037294018
2026-07-13T11:15:00Z,2026-07-13T11:30:00Z,2026-07-13,2026-07-13_54,4.4331612656185557e-14,29,29,71,153.99425220372663,154.53707542857134,0.0016319278674948522,0.020548571428571426,0.6143028571428572,True,True,True,False,8.85856449902228e-13,707.1240231576132,24.959493283910046,29.78017463744578,2.7483424728203754,-14.342223421288955,750.2698101305014
2026-07-13T11:30:00Z,2026-07-13T11:45:00Z,2026-07-13,2026-07-13_55,-1.9308226515220114e-14,29,29,71,154.53707542857134,156.0120982857142,0.004097285714285727,0.0,1.6032857142857144,True,True,True,False,-3.570091082664199e-13,707.1240231576132,24.959493283910046,29.78017463744578,0.0,34.37765369487307,796.2413447738418
2026-07-13T11:45:00Z,2026-07-13T12:00:00Z,2026-07-13,2026-07-13_56,0.0,29,29,71,156.0120982857142,157.33225465838498,0.0037101307108350595,0.007125714285714285,1.4433714285714287,True,True,True,False,0.0,707.1240231576132,24.959493283910046,29.78017463744578,0.9516927385433412,-5.314084501813795,757.5012993156986
2026-07-13T12:00:00Z,2026-07-13T12:15:00Z,2026-07-13,2026-07-13_57,0.0,41,100,0,157.33225465838498,160.76233490683217,0.009537904071773635,0.0016400000000000002,3.7302857142857135,True,True,True,False,0.0,0.0,35.28755947035558,102.69025737050269,0.21903433517396872,-77.05612647703481,61.14072469899743
2026-07-13T12:15:00Z,2026-07-13T12:30:00Z,2026-07-13,2026-07-13_58,58.99999999999999,41,100,0,160.76233490683217,164.56902690186323,0.030244882870945483,0.0,19.47885714285714,True,True,True,False,1227.1999999999998,0.0,35.28755947035558,102.69025737050269,0.0,9312.476973897188,10677.654790738046
2026-07-13T12:30:00Z,2026-07-13T12:45:00Z,2026-07-13,2026-07-13_59,57.50570549739925,41,100,0,164.56902690186323,156.08123921490673,0.03884648074453814,0.003748571428571429,7.030285714285715,True,True,True,False,1150.8329312667024,0.0,35.28755947035558,102.69025737050269,0.5006499089690714,-27.09918107648509,1262.2122169400448
2026-07-13T12:45:00Z,2026-07-13T13:00:00Z,2026-07-13,2026-07-13_60,59.000000000000014,41,100,0,156.08123921490673,150.6699999999999,0.037377027025534845,0.2202285714285714,10.663428571428572,True,True,True,False,1215.6950000000004,0.0,35.28755947035558,102.69025737050269,29.44924380730376,6327.807729685909,7710.929790334071
2026-07-13T13:00:00Z,2026-07-13T13:15:00Z,2026-07-13,2026-07-13_61,-29.0,0,0,71,150.6699999999999,157.3399999999999,0.01852777777777778,0.0,0.0,True,False,True,False,-505.18000000000006,707.1240231576132,0.0,0.0,0.0,0.0,201.94402315761317
2026-07-13T13:15:00Z,2026-07-13T13:30:00Z,2026-07-13,2026-07-13_62,-2.3169871818264135e-14,0,0,71,157.3399999999999,157.3399999999999,1.4802973661668754e-17,0.0,0.0,True,False,True,False,-4.4491946359021706e-13,707.1240231576132,0.0,0.0,0.0,0.0,707.1240231576128
2026-07-13T13:30:00Z,2026-07-13T13:45:00Z,2026-07-13,2026-07-13_63,20.09120000000004,0,0,71,157.3399999999999,151.88043478260857,0.015165458937198098,0.0,0.0,True,False,True,False,463.0017040000009,707.1240231576132,0.0,0.0,0.0,0.0,1170.1257271576142
2026-07-13T13:45:00Z,2026-07-13T14:00:00Z,2026-07-13,2026-07-13_64,28.999999999999993,0,0,71,151.88043478260857,143.9999999999999,0.02189009661835748,0.0,0.0,True,False,True,False,788.8724999999998,707.1240231576132,0.0,0.0,0.0,0.0,1495.996523157613
2026-07-13T14:00:00Z,2026-07-13T14:15:00Z,2026-07-13,2026-07-13_65,0.0,0,0,100,143.9999999999999,143.9999999999999,0.0,0.0,0.0,True,False,True,False,0.0,995.9493283910045,0.0,0.0,0.0,0.0,995.9493283910045
2026-07-13T14:15:00Z,2026-07-13T14:30:00Z,2026-07-13,2026-07-13_66,0.0,0,0,100,143.9999999999999,143.9999999999999,0.0,0.0,0.0,True,False,True,False,0.0,995.9493283910045,0.0,0.0,0.0,0.0,995.9493283910045
2026-07-13T14:30:00Z,2026-07-13T14:45:00Z,2026-07-13,2026-07-13_67,0.0,0,0,100,143.9999999999999,143.9999999999999,0.0,0.0,0.0,True,False,True,False,0.0,995.9493283910045,0.0,0.0,0.0,0.0,995.9493283910045
2026-07-13T14:45:00Z,2026-07-13T15:00:00Z,2026-07-13,2026-07-13_68,0.0,0,0,100,143.9999999999999,143.9999999999999,0.0,0.0,0.0,True,False,True,False,0.0,995.9493283910045,0.0,0.0,0.0,0.0,995.9493283910045
2026-07-13T15:00:00Z,2026-07-13T15:15:00Z,2026-07-13,2026-07-13_69,0.0,100,100,0,143.9999999999999,162.0877257142856,0.05024368253968254,0.0,19.660571428571426,True,True,True,False,0.0,0.0,105.0117507690544,24.76259625121807,0.0,2839.18455875248,2968.9589057727526
2026-07-13T15:15:00Z,2026-07-13T15:30:00Z,2026-07-13,2026-07-13_70,0.0,100,100,0,162.0877257142856,168.01711900621106,0.016570605935127675,0.01657142857142857,6.464571428571429,True,True,True,False,0.0,0.0,105.0117507690544,24.76259625121807,2.7722543188511812,93.29205254954842,225.83865388867207
2026-07-13T15:30:00Z,2026-07-13T15:45:00Z,2026-07-13,2026-07-13_71,0.0,100,100,0,168.01711900621106,175.80610186335392,0.02163606349206349,0.0,8.466285714285714,True,True,True,False,0.0,0.0,105.0117507690544,24.76259625121807,0.0,129.837302536583,259.61164955685547
2026-07-13T15:45:00Z,2026-07-13T16:00:00Z,2026-07-13,2026-07-13_72,0.0,100,100,0,175.80610186335392,178.21483130434768,0.00673232298136646,0.006857142857142857,2.6262857142857143,True,True,True,False,0.0,0.0,105.0117507690544,24.76259625121807,1.0481522222737807,-83.86782014362961,46.954679098916635
2026-07-13T16:00:00Z,2026-07-13T16:15:00Z,2026-07-13,2026-07-13_73,0.0,0,100,0,178.21483130434768,185.5170027329191,0.020283809523809527,0.0,7.937142857142858,True,True,True,False,0.0,0.0,0.0,24.76259625121807,0.0,-248.15078215630024,-223.38818590508217
2026-07-13T16:15:00Z,2026-07-13T16:30:00Z,2026-07-13,2026-07-13_74,72.07375683244626,0,100,0,185.5170027329191,180.2039065838508,0.03434009204231039,0.0,13.718857142857141,True,True,True,False,2673.756194091675,0.0,0.0,24.76259625121807,0.0,1142.8562659031168,3841.3750562460095
2026-07-13T16:30:00Z,2026-07-13T16:45:00Z,2026-07-13,2026-07-13_75,100.0,0,100,0,180.2039065838508,159.00825440993776,0.058876811594202896,0.0,5.5,True,True,True,False,4135.75,0.0,0.0,24.76259625121807,0.0,-35.08158664042647,4125.431009610792
2026-07-13T16:45:00Z,2026-07-13T17:00:00Z,2026-07-13,2026-07-13_76,100.0,0,100,0,159.00825440993776,134.45980720496883,0.06819013112491373,0.0,2.4154285714285715,True,True,True,False,4325.5,0.0,0.0,24.76259625121807,0.0,-116.39719389997242,4233.865402351245
2026-07-13T17:00:00Z,2026-07-13T17:15:00Z,2026-07-13,2026-07-13_77,0.0,100,100,0,134.45980720496883,138.75923279503093,0.013592262249827469,0.27314285714285713,4.996,True,True,True,False,0.0,0.0,78.873454726102,25.851691919674415,46.81725040192816,-37.53705944169517,114.0053376060094
2026-07-13T17:15:00Z,2026-07-13T17:30:00Z,2026-07-13,2026-07-13_78,0.0,100,100,0,138.75923279503093,128.53740819875762,0.028586719116632162,9.436000000000002,0.037714285714285714,True,True,True,False,0.0,0.0,78.873454726102,25.851691919674415,3121.401828152168,-1.9936752747987627,3224.1332995231455
2026-07-13T17:30:00Z,2026-07-13T17:45:00Z,2026-07-13,2026-07-13_79,0.0,100,100,0,128.53740819875762,123.24332819875761,0.01553231746031746,5.007428571428572,0.1617142857142857,True,True,True,False,0.0,0.0,78.873454726102,25.851691919674415,1242.7248070881296,-7.980380774049498,1339.4695729598566
2026-07-13T17:45:00Z,2026-07-13T18:00:00Z,2026-07-13,2026-07-13_80,0.0,100,100,0,123.24332819875761,114.19922881987563,0.025122498274672184,8.320571428571428,0.0,True,True,True,False,0.0,0.0,78.873454726102,25.851691919674415,2537.728976222776,0.0,2642.4541228685525
2026-07-13T18:00:00Z,2026-07-13T18:15:00Z,2026-07-13,2026-07-13_81,0.0,100,100,0,114.19922881987563,107.9236024844719,0.017560803312629394,5.7948571428571425,0.02514285714285714,True,True,True,False,0.0,0.0,99.27966830349466,25.851691919674415,2964.8106569785373,-1.7687577485471901,3088.173259453159
2026-07-13T18:15:00Z,2026-07-13T18:30:00Z,2026-07-13,2026-07-13_82,0.0,100,100,0,107.9236024844719,86.16086956521724,0.06045203588681849,20.021714285714285,0.0,True,True,True,False,0.0,0.0,99.27966830349466,25.851691919674415,16225.595420884982,0.0,16350.726781108151
2026-07-13T18:30:00Z,2026-07-13T18:45:00Z,2026-07-13,2026-07-13_83,0.0,100,100,0,86.16086956521724,72.41614906832282,0.03817977915804003,12.645142857142858,0.0,True,True,True,False,0.0,0.0,99.27966830349466,25.851691919674415,3207.0828908256663,0.0,3332.214251048835
2026-07-13T18:45:00Z,2026-07-13T19:00:00Z,2026-07-13,2026-07-13_84,0.0,100,100,0,72.41614906832282,66.47577639751538,0.01650103519668737,5.465142857142857,0.0,True,True,True,False,0.0,0.0,99.27966830349466,25.851691919674415,944.8587401974567,0.0,1069.9901004206258
2026-07-13T19:00:00Z,2026-07-13T19:15:00Z,2026-07-13,2026-07-13_85,0.0,0,0,100,66.47577639751538,66.47577639751538,0.0,0.0,0.0,True,True,True,False,0.0,995.9493283910045,0.0,0.0,0.0,0.0,995.9493283910045
2026-07-13T19:15:00Z,2026-07-13T19:30:00Z,2026-07-13,2026-07-13_86,0.0,0,0,100,66.47577639751538,66.47577639751538,0.0,0.0,0.0,True,True,True,False,0.0,995.9493283910045,0.0,0.0,0.0,0.0,995.9493283910045
2026-07-13T19:30:00Z,2026-07-13T19:45:00Z,2026-07-13,2026-07-13_87,0.0,0,0,100,66.47577639751538,66.47577639751538,0.0,0.0,0.0,True,True,True,False,0.0,995.9493283910045,0.0,0.0,0.0,0.0,995.9493283910045
2026-07-13T19:45:00Z,2026-07-13T20:00:00Z,2026-07-13,2026-07-13_88,0.0,0,0,100,66.47577639751538,66.47577639751538,0.0,0.0,0.0,True,True,True,False,0.0,995.9493283910045,0.0,0.0,0.0,0.0,995.9493283910045
2026-07-13T20:00:00Z,2026-07-13T20:15:00Z,2026-07-13,2026-07-13_89,100.0,0,100,0,66.47577639751538,42.60559006211166,0.06630607315389923,0.0,3.0394285714285716,True,True,True,False,4321.0,0.0,0.0,25.851691919674415,0.0,-124.42161639266405,4222.430075527011
2026-07-13T20:15:00Z,2026-07-13T20:30:00Z,2026-07-13,2026-07-13_90,100.0,0,100,0,42.60559006211166,25.66024844720483,0.0470703933747412,0.0,9.410285714285713,True,True,True,False,3899.4999999999995,0.0,0.0,25.851691919674415,0.0,-128.6176066645012,3796.734085255173
2026-07-13T20:30:00Z,2026-07-13T20:45:00Z,2026-07-13,2026-07-13_91,100.0,0,100,0,25.66024844720483,9.999999999999861,0.04350069013112491,0.0,10.592571428571427,True,True,True,False,3925.0,0.0,0.0,25.851691919674415,0.0,-276.22816243083963,3674.6235294888347
2026-07-13T20:45:00Z,2026-07-13T21:00:00Z,2026-07-13,2026-07-13_92,13.369635599110245,0,100,0,9.999999999999861,9.999999999999863,0.017070967083294565,0.0,3.8554285714285714,True,True,True,False,502.93226714952965,0.0,0.0,25.851691919674415,0.0,-180.83025939037938,347.9536996788247
2026-07-13T21:00:00Z,2026-07-13T21:15:00Z,2026-07-14,2026-07-13_93,0.0,100,100,0,9.999999999999863,12.768318012422222,0.007731180124223602,0.006857142857142857,3.017142857142857,True,True,True,False,0.0,0.0,104.17661781845278,47.34519192189381,1.0481121698378428,-68.21790033654226,84.35202157364218
2026-07-13T21:15:00Z,2026-07-13T21:30:00Z,2026-07-14,2026-07-13_94,0.0,100,100,0,12.768318012422222,16.586055155279364,0.010604825396825397,0.0,4.1497142857142855,True,True,True,False,0.0,0.0,104.17661781845278,47.34519192189381,0.0,-156.45451187723984,-4.932702136893248
2026-07-13T21:30:00Z,2026-07-13T21:45:00Z,2026-07-14,2026-07-13_95,0.0,100,100,0,16.586055155279364,22.682763726707936,0.01693530158730159,0.0,6.626857142857142,True,True,True,False,0.0,0.0,104.17661781845278,47.34519192189381,0.0,-142.3978515884085,9.123958151938076
2026-07-13T21:45:00Z,2026-07-13T22:00:00Z,2026-07-14,2026-07-13_96,0.0,100,100,0,22.682763726707936,26.604066583850795,0.010892507936507938,0.0,4.2622857142857145,True,True,True,False,0.0,0.0,104.17661781845278,47.34519192189381,0.0,-143.2119530642269,8.3098566761197
2026-07-13T22:00:00Z,2026-07-13T22:15:00Z,2026-07-14,2026-07-14_1,0.0,100,100,0,26.604066583850795,29.455924472049553,0.007945982056590752,0.004,3.1045714285714285,True,True,True,False,0.0,0.0,104.17661781845278,47.34519192189381,0.6113987657387416,-133.77672372145327,18.356484784632066
2026-07-13T22:15:00Z,2026-07-13T22:30:00Z,2026-07-14,2026-07-14_2,0.0,100,100,0,29.455924472049553,31.395284472049553,0.005387111111111112,0.0,2.108,True,True,True,False,0.0,0.0,104.17661781845278,47.34519192189381,0.0,-101.47632243642408,50.045487303922506
2026-07-13T22:30:00Z,2026-07-13T22:45:00Z,2026-07-14,2026-07-14_3,0.0,100,100,0,31.395284472049553,34.841341614906696,0.009572380952380952,0.0,3.7457142857142856,True,True,True,False,0.0,0.0,104.17661781845278,47.34519192189381,0.0,-86.70485161297366,64.81695812737294
2026-07-13T22:45:00Z,2026-07-13T23:00:00Z,2026-07-14,2026-07-14_4,0.0,100,100,0,34.841341614906696,47.17459875776384,0.034259047619047626,0.0,13.405714285714287,True,True,True,False,0.0,0.0,104.17661781845278,47.34519192189381,0.0,-145.7828846558016,5.738925084544981
2026-07-13T23:00:00Z,2026-07-13T23:15:00Z,2026-07-14,2026-07-14_5,-15.321738777291547,32,16,68,47.17459875776384,50.83202671304341,0.010173909831972847,0.004571428571428572,0.1500342857142857,True,True,True,False,-531.6260312250735,677.219664112803,33.33651770190489,7.5752307075030085,0.698741446558562,-7.415143364822189,179.78897937887382
2026-07-13T23:15:00Z,2026-07-13T23:30:00Z,2026-07-14,2026-07-14_6,-16.0,32,16,68,50.83202671304341,54.59121848447199,0.010480294603174605,0.012617142857142858,0.09984000000000001,True,True,True,False,-538.0,677.219664112803,33.33651770190489,7.5752307075030085,1.9907840457675647,-5.111470742658439,177.01072582532004
2026-07-13T23:30:00Z,2026-07-13T23:45:00Z,2026-07-14,2026-07-14_7,-16.0,32,16,68,54.59121848447199,58.80469465838503,0.011712382056590753,0.002742857142857143,0.5828571428571429,True,True,True,False,-531.96,677.219664112803,33.33651770190489,7.5752307075030085,0.4192448679351371,-9.266202476710893,177.32445491343512
2026-07-13T23:45:00Z,2026-07-14T00:00:00Z,2026-07-14,2026-07-14_8,-16.0,32,16,68,58.80469465838503,64.34782608695646,0.015397587301587301,0.0,2.025142857142857,True,True,True,False,-517.08,677.219664112803,33.33651770190489,7.5752307075030085,0.0,-21.137493865541398,179.91391865666947
2026-07-14T00:00:00Z,2026-07-14T00:15:00Z,2026-07-14,2026-07-14_9,0.0,0,0,100,64.34782608695646,64.34782608695646,0.0,0.0,0.0,True,True,True,False,0.0,995.9112707541221,0.0,0.0,0.0,0.0,995.9112707541221
2026-07-14T00:15:00Z,2026-07-14T00:30:00Z,2026-07-14,2026-07-14_10,0.0,0,0,100,64.34782608695646,64.34782608695646,0.0,0.0,0.0,True,True,True,False,0.0,995.9112707541221,0.0,0.0,0.0,0.0,995.9112707541221
2026-07-14T00:30:00Z,2026-07-14T00:45:00Z,2026-07-14,2026-07-14_11,0.0,0,0,100,64.34782608695646,64.34782608695646,0.0,0.0,0.0,True,True,True,False,0.0,995.9112707541221,0.0,0.0,0.0,0.0,995.9112707541221
2026-07-14T00:45:00Z,2026-07-14T01:00:00Z,2026-07-14,2026-07-14_12,0.0,0,0,100,64.34782608695646,64.34782608695646,0.0,0.0,0.0,True,True,True,False,0.0,995.9112707541221,0.0,0.0,0.0,0.0,995.9112707541221
2026-07-14T01:00:00Z,2026-07-14T01:15:00Z,2026-07-14,2026-07-14_13,0.0,0,0,100,64.34782608695646,64.34782608695646,0.0,0.0,0.0,True,True,True,False,0.0,995.9112707541221,0.0,0.0,0.0,0.0,995.9112707541221
2026-07-14T01:15:00Z,2026-07-14T01:30:00Z,2026-07-14,2026-07-14_14,0.0,0,0,100,64.34782608695646,64.34782608695646,0.0,0.0,0.0,True,True,True,False,0.0,995.9112707541221,0.0,0.0,0.0,0.0,995.9112707541221
2026-07-14T01:30:00Z,2026-07-14T01:45:00Z,2026-07-14,2026-07-14_15,0.0,0,0,100,64.34782608695646,64.34782608695646,0.0,0.0,0.0,True,True,True,False,0.0,995.9112707541221,0.0,0.0,0.0,0.0,995.9112707541221
2026-07-14T01:45:00Z,2026-07-14T02:00:00Z,2026-07-14,2026-07-14_16,0.0,0,0,100,64.34782608695646,64.34782608695646,0.0,0.0,0.0,True,True,True,False,0.0,995.9112707541221,0.0,0.0,0.0,0.0,995.9112707541221
2026-07-14T02:00:00Z,2026-07-14T02:15:00Z,2026-07-14,2026-07-14_17,0.0,0,0,100,64.34782608695646,64.34782608695646,0.0,0.0,0.0,True,True,True,False,0.0,995.9112707541221,0.0,0.0,0.0,0.0,995.9112707541221
2026-07-14T02:15:00Z,2026-07-14T02:30:00Z,2026-07-14,2026-07-14_18,0.0,0,0,100,64.34782608695646,64.34782608695646,0.0,0.0,0.0,True,True,True,False,0.0,995.9112707541221,0.0,0.0,0.0,0.0,995.9112707541221
2026-07-14T02:30:00Z,2026-07-14T02:45:00Z,2026-07-14,2026-07-14_19,0.0,0,0,100,64.34782608695646,64.34782608695646,0.0,0.0,0.0,True,True,True,False,0.0,995.9112707541221,0.0,0.0,0.0,0.0,995.9112707541221
2026-07-14T02:45:00Z,2026-07-14T03:00:00Z,2026-07-14,2026-07-14_20,0.0,0,0,100,64.34782608695646,64.34782608695646,0.0,0.0,0.0,True,True,True,False,0.0,995.9112707541221,0.0,0.0,0.0,0.0,995.9112707541221
2026-07-14T03:00:00Z,2026-07-14T03:15:00Z,2026-07-14,2026-07-14_21,0.0,0,0,100,64.34782608695646,64.34782608695646,0.0,0.0,0.0,True,True,True,False,0.0,995.9112707541221,0.0,0.0,0.0,0.0,995.9112707541221
2026-07-14T03:15:00Z,2026-07-14T03:30:00Z,2026-07-14,2026-07-14_22,0.0,0,0,100,64.34782608695646,64.34782608695646,0.0,0.0,0.0,True,True,True,False,0.0,995.9112707541221,0.0,0.0,0.0,0.0,995.9112707541221
2026-07-14T03:30:00Z,2026-07-14T03:45:00Z,2026-07-14,2026-07-14_23,0.0,0,0,100,64.34782608695646,64.34782608695646,0.0,0.0,0.0,True,True,True,False,0.0,995.9112707541221,0.0,0.0,0.0,0.0,995.9112707541221
2026-07-14T03:45:00Z,2026-07-14T04:00:00Z,2026-07-14,2026-07-14_24,0.0,0,0,100,64.34782608695646,64.34782608695646,0.0,0.0,0.0,True,True,True,False,0.0,995.9112707541221,0.0,0.0,0.0,0.0,995.9112707541221
2026-07-14T04:00:00Z,2026-07-14T04:15:00Z,2026-07-14,2026-07-14_25,0.0,56,56,44,64.34782608695646,57.80767332173906,0.018571073236714974,6.08384,0.07904,True,True,True,False,0.0,438.2009591318137,51.16490571084659,12.614685034104587,1564.6310423966834,-3.8508347198074095,2062.760757553641
2026-07-14T04:15:00Z,2026-07-14T04:30:00Z,2026-07-14,2026-07-14_26,0.0,56,56,44,57.80767332173906,45.790282017391235,0.03338164251207729,11.056,0.0,True,True,True,False,0.0,438.2009591318137,51.16490571084659,12.614685034104587,2897.9398521179232,0.0,3399.9204019946883
2026-07-14T04:30:00Z,2026-07-14T04:45:00Z,2026-07-14,2026-07-14_27,0.0,56,56,44,45.790282017391235,41.539151582608625,0.011808695652173911,3.91104,0.0,True,True,True,False,0.0,438.2009591318137,51.16490571084659,12.614685034104587,729.0559957202086,0.0,1231.0365455969734
2026-07-14T04:45:00Z,2026-07-14T05:00:00Z,2026-07-14,2026-07-14_28,0.0,56,56,44,41.539151582608625,41.369821495652104,0.0006175613526570047,0.18016,0.0288,True,True,True,False,0.0,438.2009591318137,51.16490571084659,12.614685034104587,30.0493276524198,-1.8300400084067328,530.1998375207779
2026-07-14T05:00:00Z,2026-07-14T05:15:00Z,2026-07-14,2026-07-14_29,0.0,100,100,0,41.369821495652104,18.319510936645894,0.06402864044168391,21.206285714285713,0.0,True,True,True,False,0.0,0.0,96.29530560385182,22.8414757637708,7883.127466925783,0.0,8002.264248293405
2026-07-14T05:15:00Z,2026-07-14T05:30:00Z,2026-07-14,2026-07-14_30,0.0,100,100,0,18.319510936645894,10.045910936645896,0.024398730158730158,7.846285714285714,0.27714285714285714,True,True,True,False,0.0,0.0,96.29530560385182,22.8414757637708,1755.0665551227844,-13.343778062248035,1860.859558428159
2026-07-14T05:30:00Z,2026-07-14T05:45:00Z,2026-07-14,2026-07-14_31,0.0,100,100,0,10.045910936645896,14.578814290683164,0.01266041131815045,0.011428571428571429,4.940571428571429,True,True,True,False,0.0,0.0,96.29530560385182,22.8414757637708,1.7468536163964048,-132.89768056052168,-12.01404557650266
2026-07-14T05:45:00Z,2026-07-14T06:00:00Z,2026-07-14,2026-07-14_32,0.0,100,100,0,14.578814290683164,18.729854290683164,0.01153066666666667,0.0,4.5120000000000005,True,True,True,False,0.0,0.0,96.29530560385182,22.8414757637708,0.0,-132.6125757083628,-13.475794340740197
2026-07-14T06:00:00Z,2026-07-14T06:15:00Z,2026-07-14,2026-07-14_33,0.0,0,0,16,18.729854290683164,18.729854290683164,0.0,0.0,0.0,True,False,True,False,0.0,159.34580332065954,0.0,0.0,0.0,0.0,159.34580332065954
2026-07-14T06:15:00Z,2026-07-14T06:30:00Z,2026-07-14,2026-07-14_34,0.0,0,0,16,18.729854290683164,18.729854290683164,0.0,0.0,0.0,True,False,True,False,0.0,159.34580332065954,0.0,0.0,0.0,0.0,159.34580332065954
2026-07-14T06:30:00Z,2026-07-14T06:45:00Z,2026-07-14,2026-07-14_35,0.1258637897142944,0,0,16,18.729854290683164,18.695652173912976,9.500587991719082e-05,0.0,0.0,True,False,True,False,4.164518142171716,159.34580332065954,0.0,0.0,0.0,0.0,163.51032146283126
2026-07-14T06:45:00Z,2026-07-14T07:00:00Z,2026-07-14,2026-07-14_36,-84.0,0,0,16,18.695652173912976,38.015652173912976,0.05366666666666667,0.0,0.0,True,False,True,False,-574.35,159.34580332065954,0.0,0.0,0.0,0.0,-415.00419667934045
2026-07-14T07:00:00Z,2026-07-14T07:15:00Z,2026-07-14,2026-07-14_37,-47.31703609752331,0,0,51,38.015652173912976,48.89857047634334,0.030230328617862116,0.0,0.0,True,False,True,False,-887.4310120090496,507.91474808460225,0.0,0.0,0.0,0.0,-379.51626392444734
2026-07-14T07:15:00Z,2026-07-14T07:30:00Z,2026-07-14,2026-07-14_38,-49.00000000000003,0,0,51,48.89857047634334,60.16857047634335,0.03130555555555557,0.0,0.0,True,False,True,False,-643.3700000000005,507.91474808460225,0.0,0.0,0.0,0.0,-135.4552519153982
2026-07-14T07:30:00Z,2026-07-14T07:45:00Z,2026-07-14,2026-07-14_39,-49.00000000000003,0,0,51,60.16857047634335,71.43857047634336,0.03130555555555557,0.0,0.0,True,False,True,False,-234.09750000000014,507.91474808460225,0.0,0.0,0.0,0.0,273.8172480846021
2026-07-14T07:45:00Z,2026-07-14T08:00:00Z,2026-07-14,2026-07-14_40,-49.00000000000003,0,0,51,71.43857047634336,82.70857047634337,0.03130555555555557,0.0,0.0,True,False,True,False,-156.5550000000001,507.91474808460225,0.0,0.0,0.0,0.0,351.3597480846022
2026-07-14T08:00:00Z,2026-07-14T08:15:00Z,2026-07-14,2026-07-14_41,-29.0,0,0,71,82.70857047634337,89.37857047634337,0.01852777777777778,0.0,0.0,True,False,True,False,-370.62,707.0970022354268,0.0,0.0,0.0,0.0,336.47700223542677
2026-07-14T08:15:00Z,2026-07-14T08:30:00Z,2026-07-14,2026-07-14_42,-29.0,0,0,71,89.37857047634337,96.04857047634337,0.01852777777777778,0.0,0.0,True,False,True,False,-150.22,707.0970022354268,0.0,0.0,0.0,0.0,556.8770022354267
2026-07-14T08:30:00Z,2026-07-14T08:45:00Z,2026-07-14,2026-07-14_43,-29.0,0,0,71,96.04857047634337,102.71857047634337,0.01852777777777778,0.0,0.0,True,False,True,False,-381.27750000000003,707.0970022354268,0.0,0.0,0.0,0.0,325.81950223542674
2026-07-14T08:45:00Z,2026-07-14T09:00:00Z,2026-07-14,2026-07-14_44,-29.0,0,0,71,102.71857047634337,109.38857047634338,0.01852777777777778,0.0,0.0,True,False,True,False,-185.60000000000002,707.0970022354268,0.0,0.0,0.0,0.0,521.4970022354267
2026-07-14T09:00:00Z,2026-07-14T09:15:00Z,2026-07-14,2026-07-14_45,-29.0,0,0,71,109.38857047634338,116.05857047634338,0.01852777777777778,0.0,0.0,True,False,True,False,-380.98749999999995,707.0970022354268,0.0,0.0,0.0,0.0,326.1095022354268
2026-07-14T09:15:00Z,2026-07-14T09:30:00Z,2026-07-14,2026-07-14_46,-29.0,0,0,71,116.05857047634338,122.72857047634338,0.01852777777777778,0.0,0.0,True,False,True,False,-114.7675,707.0970022354268,0.0,0.0,0.0,0.0,592.3295022354267
2026-07-14T09:30:00Z,2026-07-14T09:45:00Z,2026-07-14,2026-07-14_47,-29.0,0,0,71,122.72857047634338,129.39857047634337,0.01852777777777778,0.0,0.0,True,False,True,False,-204.23250000000002,707.0970022354268,0.0,0.0,0.0,0.0,502.86450223542676
2026-07-14T09:45:00Z,2026-07-14T10:00:00Z,2026-07-14,2026-07-14_48,-29.0,0,0,71,129.39857047634337,136.06857047634335,0.01852777777777778,0.0,0.0,True,False,True,False,-387.22249999999997,707.0970022354268,0.0,0.0,0.0,0.0,319.8745022354268
2026-07-14T10:00:00Z,2026-07-14T10:15:00Z,2026-07-14,2026-07-14_49,0.0,29,29,71,136.06857047634335,137.76543432727502,0.004751536922015184,0.006297142857142857,1.851857142857143,True,True,True,False,0.0,707.0970022354268,24.675958654158464,29.53801180763866,0.8409986543768235,36.263339083393156,798.4153104349939
2026-07-14T10:15:00Z,2026-07-14T10:30:00Z,2026-07-14,2026-07-14_50,0.0,29,29,71,137.76543432727502,139.12352255584645,0.003772467301587301,0.0,1.476182857142857,True,True,True,False,0.0,707.0970022354268,24.675958654158464,29.53801180763866,0.0,-10.99881596515027,750.3121567320736
2026-07-14T10:30:00Z,2026-07-14T10:45:00Z,2026-07-14,2026-07-14_51,0.0,29,29,71,139.12352255584645,139.21285350739922,0.0003422064044168392,0.015577142857142857,0.11550285714285714,True,True,True,False,0.0,707.0970022354268,24.675958654158464,29.53801180763866,2.0803650924058266,-5.9204620864528765,757.4708757031768
2026-07-14T10:45:00Z,2026-07-14T11:00:00Z,2026-07-14,2026-07-14_52,0.0,29,29,71,139.21285350739922,139.33723980305138,0.0007818183850931676,0.07225142857142858,0.22056571428571425,True,True,True,False,0.0,707.0970022354268,24.675958654158464,29.53801180763866,9.64935298179724,-10.25641738992775,760.7039082890934
2026-07-14T11:00:00Z,2026-07-14T11:15:00Z,2026-07-14,2026-07-14_53,0.0,47,100,0,139.33723980305138,143.42571980305138,0.01135688888888889,0.0,4.444,True,True,True,False,0.0,0.0,39.73614322016087,101.8552131297885,0.0,-36.90101836106918,104.69033798888019
2026-07-14T11:15:00Z,2026-07-14T11:30:00Z,2026-07-14,2026-07-14_54,53.000000000000206,47,100,0,143.42571980305138,150.0461768465296,0.03168587964113173,0.0,20.845714285714283,True,True,True,False,1093.2575000000043,0.0,39.73614322016087,101.8552131297885,0.0,7662.431963054045,8897.280819403999
2026-07-14T11:30:00Z,2026-07-14T11:45:00Z,2026-07-14,2026-07-14_55,53.0,47,100,0,150.0461768465296,154.7850853682687,0.03243054299516908,0.0,18.980000000000004,True,True,True,False,1160.0375,0.0,39.73614322016087,101.8552131297885,0.0,13167.167844246165,14468.796700596115
2026-07-14T11:45:00Z,2026-07-14T12:00:00Z,2026-07-14,2026-07-14_56,0.0,47,100,0,154.7850853682687,156.36639319435568,0.004600113181504486,0.034377142857142856,1.7594285714285716,True,True,True,False,0.0,0.0,39.73614322016087,101.8552131297885,4.591150548757686,-48.52001037194335,97.6624965267637
2026-07-14T12:00:00Z,2026-07-14T12:15:00Z,2026-07-14,2026-07-14_57,0.0,29,29,71,156.36639319435568,157.05376999932463,0.0019664193512767426,0.009445714285714286,0.7583085714285714,True,True,True,False,0.0,707.0970022354268,24.518045816695004,29.53801180763866,1.2614979815652354,-16.045762428999954,746.3687954123258
2026-07-14T12:15:00Z,2026-07-14T12:30:00Z,2026-07-14,2026-07-14_58,0.0,29,29,71,157.05376999932463,157.16160071733705,0.0003365553071083506,0.0061314285714285715,0.12445142857142856,True,True,True,False,0.0,707.0970022354268,24.518045816695004,29.53801180763866,0.8188671108405913,-6.906116245465686,755.0658107251353
2026-07-14T12:30:00Z,2026-07-14T12:45:00Z,2026-07-14,2026-07-14_59,0.0,29,29,71,157.16160071733705,156.83776848876562,0.0014941168253968253,0.3963885714285714,0.11633142857142856,True,True,True,False,0.0,707.0970022354268,24.518045816695004,29.53801180763866,59.412617606646776,-6.066664329522098,814.4990131368851
2026-07-14T12:45:00Z,2026-07-14T13:00:00Z,2026-07-14,2026-07-14_60,0.0,29,29,71,156.83776848876562,155.4657622775855,0.0038111283643892336,1.2622457142857142,0.0,True,True,True,False,0.0,707.0970022354268,24.518045816695004,29.53801180763866,186.66641124318653,0.0,947.819471102947
2026-07-14T13:00:00Z,2026-07-14T13:15:00Z,2026-07-14,2026-07-14_61,-8.000000000000329,29,21,71,155.4657622775855,157.0220894726166,0.006180377474120266,0.4247257142857143,0.17220000000000002,True,True,True,False,-124.98000000000513,707.0970022354268,24.252087353598654,13.439213588337566,59.87903041981806,-6.496347733048015,673.1909858641279
2026-07-14T13:15:00Z,2026-07-14T13:30:00Z,2026-07-14,2026-07-14_62,-0.47447130221160805,29,21,71,157.0220894726166,157.18445525465793,0.0018625277297085784,0.23763428571428571,0.33791999999999994,True,True,True,False,-11.540328248041838,707.0970022354268,24.252087353598654,13.439213588337566,31.658268009924313,-7.309193007126615,757.5970499321188
2026-07-14T13:30:00Z,2026-07-14T13:45:00Z,2026-07-14,2026-07-14_63,0.0,29,21,71,157.18445525465793,155.63520680745296,0.004303467908902691,1.4253085714285714,0.0,True,True,True,False,0.0,707.0970022354268,24.252087353598654,13.439213588337566,216.0538389837679,0.0,960.8421421611308
2026-07-14T13:45:00Z,2026-07-14T14:00:00Z,2026-07-14,2026-07-14_64,0.0,29,21,71,155.63520680745296,155.91837919999955,0.0018403166873706008,0.17449714285714285,0.5139600000000001,True,True,True,False,0.0,707.0970022354268,24.252087353598654,13.439213588337566,23.6439144369263,-7.800380710368942,760.6318369039203
2026-07-14T14:00:00Z,2026-07-14T14:15:00Z,2026-07-14,2026-07-14_65,-49.0,49,0,51,155.91837919999955,166.53999999999957,0.029504502222222225,0.7047599999999999,0.0,True,True,True,False,-1115.73,507.91474808460225,48.78560920155142,0.0,106.093990584459,0.0,-452.93565212938734
2026-07-14T14:15:00Z,2026-07-14T14:30:00Z,2026-07-14,2026-07-14_66,-4.461810505755459,49,0,51,166.53999999999957,166.53900460640207,0.005257905226162927,0.9584400000000001,0.0,True,True,True,False,-128.08742509397482,507.91474808460225,48.78560920155142,0.0,131.1329920556373,0.0,559.7459242478161
2026-07-14T14:30:00Z,2026-07-14T14:45:00Z,2026-07-14,2026-07-14_67,-15.778431119932577,49,0,51,166.53900460640207,166.5399999999996,0.01437929001068057,3.5114799999999997,0.0,True,True,True,False,-485.0289726267274,507.91474808460225,48.78560920155142,0.0,862.7510252775177,0.0,934.422409936944
2026-07-14T14:45:00Z,2026-07-14T15:00:00Z,2026-07-14,2026-07-14_68,-25.19887772173469,49,0,51,166.5399999999996,166.2298110608692,0.017028627915371106,6.09924,0.0,True,True,True,False,-881.1417567347578,507.91474808460225,48.78560920155142,0.0,1383.1462099772637,0.0,1058.7048105286594
2026-07-14T15:00:00Z,2026-07-14T15:15:00Z,2026-07-14,2026-07-14_69,-100.0,100,0,0,166.2298110608692,178.4579253465835,0.03396698412698413,11.708571428571428,0.0,True,True,True,False,-3081.5,0.0,104.17661781845278,0.0,4465.827078960512,0.0,1488.503696778965
2026-07-14T15:15:00Z,2026-07-14T15:30:00Z,2026-07-14,2026-07-14_70,-100.0,100,0,0,178.4579253465835,187.75307963229778,0.02581987301587302,14.896571428571429,0.0,True,True,True,False,-3304.0,0.0,104.17661781845278,0.0,5103.055508457227,0.0,1903.2321262756798
2026-07-14T15:30:00Z,2026-07-14T15:45:00Z,2026-07-14,2026-07-14_71,0.0,100,0,0,187.75307963229778,178.88475665093134,0.02463423050379572,8.158857142857142,0.0,True,True,True,False,0.0,0.0,104.17661781845278,0.0,2176.1275587447763,0.0,2280.3041765632292
2026-07-14T15:45:00Z,2026-07-14T16:00:00Z,2026-07-14,2026-07-14_72,0.0,100,0,0,178.88475665093134,164.62388708571393,0.03961352657004831,13.120000000000001,0.0,True,True,True,False,0.0,0.0,104.17661781845278,0.0,4566.932650604712,0.0,4671.109268423164
2026-07-14T16:00:00Z,2026-07-14T16:15:00Z,2026-07-14,2026-07-14_73,0.0,0,51,49,164.62388708571393,167.18840022857108,0.00712364761904762,0.0,2.787514285714286,True,True,True,False,0.0,487.99652266951983,0.0,24.14604788016584,0.0,-134.08870950643197,378.05386104325373
2026-07-14T16:15:00Z,2026-07-14T16:30:00Z,2026-07-14,2026-07-14_74,0.0,0,51,49,167.18840022857108,167.45999999999967,0.0007544438095238095,0.0,0.2952171428571428,True,True,True,False,0.0,487.99652266951983,0.0,24.14604788016584,0.0,-15.752397324038611,496.39017322564706
2026-07-14T16:30:00Z,2026-07-14T16:45:00Z,2026-07-14,2026-07-14_75,51.0,0,51,49,167.45999999999967,157.0338260869562,0.02896159420289855,0.0,3.1579200000000003,True,True,True,False,2312.085,487.99652266951983,0.0,24.14604788016584,0.0,-152.52972619270525,2671.6978443569806
2026-07-14T16:45:00Z,2026-07-14T17:00:00Z,2026-07-14,2026-07-14_76,51.0,0,51,49,157.0338260869562,146.84047826086925,0.028314855072463764,0.0,3.37212,True,True,True,False,2552.1675,487.99652266951983,0.0,24.14604788016584,0.0,-162.89441899921664,2901.415651550469
2026-07-14T17:00:00Z,2026-07-14T17:15:00Z,2026-07-14,2026-07-14_77,100.0,0,100,0,146.84047826086925,133.7392360248444,0.03639233954451346,0.0,12.946857142857143,True,True,True,False,4205.25,0.0,0.0,48.34826802193393,0.0,101.1773917837832,4354.775659805717
2026-07-14T17:15:00Z,2026-07-14T17:30:00Z,2026-07-14,2026-07-14_78,100.0,0,100,0,133.7392360248444,115.36904968944066,0.05102829537612146,0.0,8.099428571428572,True,True,True,False,4363.5,0.0,0.0,48.34826802193393,0.0,-269.3366790675077,4142.511588954426
2026-07-14T17:30:00Z,2026-07-14T17:45:00Z,2026-07-14,2026-07-14_79,100.0,0,100,0,115.36904968944066,97.7510372670804,0.04893892339544514,0.0,8.79142857142857,True,True,True,False,4555.25,0.0,0.0,48.34826802193393,0.0,-302.20315252488575,4301.395115497048
2026-07-14T17:45:00Z,2026-07-14T18:00:00Z,2026-07-14,2026-07-14_80,100.0,0,100,0,97.7510372670804,81.39886335403693,0.045422705314009666,0.0,9.956,True,True,True,False,4827.25,0.0,0.0,48.34826802193393,0.0,-24.36165994764898,4851.236608074285
2026-07-14T18:00:00Z,2026-07-14T18:15:00Z,2026-07-14,2026-07-14_81,0.0,0,0,100,81.39886335403693,81.39886335403693,0.0,0.0,0.0,True,True,True,False,0.0,995.9112707541221,0.0,0.0,0.0,0.0,995.9112707541221
2026-07-14T18:15:00Z,2026-07-14T18:30:00Z,2026-07-14,2026-07-14_82,0.0,0,0,100,81.39886335403693,81.39886335403693,0.0,0.0,0.0,True,True,True,False,0.0,995.9112707541221,0.0,0.0,0.0,0.0,995.9112707541221
2026-07-14T18:30:00Z,2026-07-14T18:45:00Z,2026-07-14,2026-07-14_83,0.0,0,0,100,81.39886335403693,81.39886335403693,0.0,0.0,0.0,True,True,True,False,0.0,995.9112707541221,0.0,0.0,0.0,0.0,995.9112707541221
2026-07-14T18:45:00Z,2026-07-14T19:00:00Z,2026-07-14,2026-07-14_84,0.0,0,0,100,81.39886335403693,81.39886335403693,0.0,0.0,0.0,True,True,True,False,0.0,995.9112707541221,0.0,0.0,0.0,0.0,995.9112707541221
2026-07-14T19:00:00Z,2026-07-14T19:15:00Z,2026-07-14,2026-07-14_85,54.00000000000002,0,54,46,81.39886335403693,66.76788198757731,0.0406416149068323,0.0,0.039497142857142856,True,True,True,False,2426.895000000001,458.1191845468962,0.0,26.108064731844323,0.0,-3.0185630491329873,2908.1036862296082
2026-07-14T19:15:00Z,2026-07-14T19:30:00Z,2026-07-14,2026-07-14_86,54.00000000000002,0,54,46,66.76788198757731,55.974590062111474,0.02998136645962734,0.0,3.570171428571429,True,True,True,False,2353.3200000000006,458.1191845468962,0.0,26.108064731844323,0.0,-59.03378286063657,2778.5134664181046
2026-07-14T19:30:00Z,2026-07-14T19:45:00Z,2026-07-14,2026-07-14_87,54.00000000000002,0,54,46,55.974590062111474,42.74559627329159,0.03674720496894412,0.0,1.3293257142857142,True,True,True,False,2349.270000000001,458.1191845468962,0.0,26.108064731844323,0.0,-91.81564500004093,2741.6816042787004
2026-07-14T19:45:00Z,2026-07-14T20:00:00Z,2026-07-14,2026-07-14_88,54.00000000000002,0,54,46,42.74559627329159,35.04372049689407,0.021394099378882005,0.0,6.414274285714285,True,True,True,False,2321.460000000001,458.1191845468962,0.0,26.108064731844323,0.0,-19.716243089965687,2785.971006188776
2026-07-14T20:00:00Z,2026-07-14T20:15:00Z,2026-07-14,2026-07-14_89,41.0,59,100,0,35.04372049689407,25.63269811676985,0.031902301532091094,0.14530857142857143,1.9102857142857144,True,True,True,False,1829.01,0.0,59.99312176388543,48.34826802193393,33.586855131791914,-91.72612479631414,1879.2121201212972
2026-07-14T20:15:00Z,2026-07-14T20:30:00Z,2026-07-14,2026-07-14_90,41.0,59,100,0,25.63269811676985,15.243182250931339,0.031153311690821257,0.0,0.7605714285714285,True,True,True,False,1748.4450000000002,0.0,59.99312176388543,48.34826802193393,0.0,-44.348235705142024,1812.4381540806776
2026-07-14T20:30:00Z,2026-07-14T20:45:00Z,2026-07-14,2026-07-14_91,26.910366009262823,59,100,0,15.243182250931339,10.088714554036972,0.02267310872135946,0.0,2.2365714285714287,True,True,True,False,1124.2478159519776,0.0,59.99312176388543,48.34826802193393,0.0,-128.19721977329115,1104.391985964506
2026-07-14T20:45:00Z,2026-07-14T21:00:00Z,2026-07-14,2026-07-14_92,41.0,59,100,0,10.088714554036972,9.999999999999705,0.03396550995169082,0.0,11.181714285714287,True,True,True,False,1629.0325,0.0,59.99312176388543,48.34826802193393,0.0,-127.36587641556557,1610.0080133702538
2026-07-14T21:00:00Z,2026-07-14T21:15:00Z,2026-07-15,2026-07-14_93,0.0,100,100,0,9.999999999999705,30.21476571428542,0.056152126984126985,0.0,21.972571428571428,True,True,True,False,0.0,0.0,104.8307152661278,64.79716333689187,0.0,113.82123749972764,283.4491161027473
2026-07-14T21:15:00Z,2026-07-14T21:30:00Z,2026-07-15,2026-07-14_94,0.0,100,100,0,30.21476571428542,35.31471999999971,0.014166539682539687,0.0,5.5434285714285725,True,True,True,False,0.0,0.0,104.8307152661278,64.79716333689187,0.0,-150.4480342708992,19.179844332120467
2026-07-14T21:30:00Z,2026-07-14T21:45:00Z,2026-07-15,2026-07-14_95,4.077028916368761e-14,100,100,0,35.31471999999971,40.88676571428542,0.01547790476190478,0.0,6.056571428571429,True,True,True,False,1.5320455410484711e-12,0.0,104.8307152661278,64.79716333689187,0.0,-162.23981829669492,7.388060306326278
2026-07-14T21:45:00Z,2026-07-14T22:00:00Z,2026-07-15,2026-07-14_96,0.0,100,100,0,40.88676571428542,51.582948571428275,0.02971161904761905,0.0,11.626285714285714,True,True,True,False,0.0,0.0,104.8307152661278,64.79716333689187,0.0,-58.15580884115123,111.47206976186844
2026-07-14T22:00:00Z,2026-07-14T22:15:00Z,2026-07-15,2026-07-15_1,0.0,100,100,0,51.582948571428275,59.912891428571136,0.023138730158730164,0.0,9.054285714285715,True,True,True,False,0.0,0.0,104.8307152661278,64.79716333689187,0.0,-204.0010523105079,-34.373173707488235
2026-07-14T22:15:00Z,2026-07-14T22:30:00Z,2026-07-15,2026-07-15_2,0.0,100,100,0,59.912891428571136,66.36708571428542,0.01792831746031746,0.0,7.015428571428571,True,True,True,False,0.0,0.0,104.8307152661278,64.79716333689187,0.0,-194.65086004052375,-25.022981437504086
2026-07-14T22:30:00Z,2026-07-14T22:45:00Z,2026-07-15,2026-07-15_3,0.0,100,100,0,66.36708571428542,73.26761142857114,0.019168126984126985,0.0,7.500571428571429,True,True,True,False,0.0,0.0,104.8307152661278,64.79716333689187,0.0,-166.51937754635176,3.1085010566679045
2026-07-14T22:45:00Z,2026-07-14T23:00:00Z,2026-07-15,2026-07-15_4,0.0,100,100,0,73.26761142857114,77.66836571428543,0.012224317460317461,0.0,4.783428571428572,True,True,True,False,0.0,0.0,104.8307152661278,64.79716333689187,0.0,-127.33863286781849,42.28924573520118
2026-07-14T23:00:00Z,2026-07-14T23:15:00Z,2026-07-15,2026-07-15_5,0.0,0,0,100,77.66836571428543,77.66836571428543,0.0,0.0,0.0,True,True,True,False,0.0,993.6899496721062,0.0,0.0,0.0,0.0,993.6899496721062
2026-07-14T23:15:00Z,2026-07-14T23:30:00Z,2026-07-15,2026-07-15_6,0.0,0,0,100,77.66836571428543,77.66836571428543,0.0,0.0,0.0,True,True,True,False,0.0,993.6899496721062,0.0,0.0,0.0,0.0,993.6899496721062
2026-07-14T23:30:00Z,2026-07-14T23:45:00Z,2026-07-15,2026-07-15_7,0.0,0,0,100,77.66836571428543,77.66836571428543,0.0,0.0,0.0,True,True,True,False,0.0,993.6899496721062,0.0,0.0,0.0,0.0,993.6899496721062
2026-07-14T23:45:00Z,2026-07-15T00:00:00Z,2026-07-15,2026-07-15_8,0.0,0,0,100,77.66836571428543,77.66836571428543,0.0,0.0,0.0,True,True,True,False,0.0,993.6899496721062,0.0,0.0,0.0,0.0,993.6899496721062
2026-07-15T00:00:00Z,2026-07-15T00:15:00Z,2026-07-15,2026-07-15_9,0.0,0,0,100,77.66836571428543,77.66836571428543,0.0,0.0,0.0,True,True,True,False,0.0,993.6899496721062,0.0,0.0,0.0,0.0,993.6899496721062
2026-07-15T00:15:00Z,2026-07-15T00:30:00Z,2026-07-15,2026-07-15_10,0.0,0,0,100,77.66836571428543,77.66836571428543,0.0,0.0,0.0,True,True,True,False,0.0,993.6899496721062,0.0,0.0,0.0,0.0,993.6899496721062
2026-07-15T00:30:00Z,2026-07-15T00:45:00Z,2026-07-15,2026-07-15_11,0.0,0,0,100,77.66836571428543,77.66836571428543,0.0,0.0,0.0,True,True,True,False,0.0,993.6899496721062,0.0,0.0,0.0,0.0,993.6899496721062
2026-07-15T00:45:00Z,2026-07-15T01:00:00Z,2026-07-15,2026-07-15_12,0.0,0,0,100,77.66836571428543,77.66836571428543,0.0,0.0,0.0,True,True,True,False,0.0,993.6899496721062,0.0,0.0,0.0,0.0,993.6899496721062
2026-07-15T01:00:00Z,2026-07-15T01:15:00Z,2026-07-15,2026-07-15_13,0.0,0,0,100,77.66836571428543,77.66836571428543,0.0,0.0,0.0,True,True,True,False,0.0,993.6899496721062,0.0,0.0,0.0,0.0,993.6899496721062
2026-07-15T01:15:00Z,2026-07-15T01:30:00Z,2026-07-15,2026-07-15_14,0.0,0,0,100,77.66836571428543,77.66836571428543,0.0,0.0,0.0,True,True,True,False,0.0,993.6899496721062,0.0,0.0,0.0,0.0,993.6899496721062
2026-07-15T01:30:00Z,2026-07-15T01:45:00Z,2026-07-15,2026-07-15_15,0.0,0,0,100,77.66836571428543,77.66836571428543,0.0,0.0,0.0,True,True,True,False,0.0,993.6899496721062,0.0,0.0,0.0,0.0,993.6899496721062
2026-07-15T01:45:00Z,2026-07-15T02:00:00Z,2026-07-15,2026-07-15_16,0.0,0,0,100,77.66836571428543,77.66836571428543,0.0,0.0,0.0,True,True,True,False,0.0,993.6899496721062,0.0,0.0,0.0,0.0,993.6899496721062
2026-07-15T02:00:00Z,2026-07-15T02:15:00Z,2026-07-15,2026-07-15_17,0.0,0,0,100,77.66836571428543,77.66836571428543,0.0,0.0,0.0,True,True,True,False,0.0,993.6899496721062,0.0,0.0,0.0,0.0,993.6899496721062
2026-07-15T02:15:00Z,2026-07-15T02:30:00Z,2026-07-15,2026-07-15_18,0.0,0,0,100,77.66836571428543,77.66836571428543,0.0,0.0,0.0,True,True,True,False,0.0,993.6899496721062,0.0,0.0,0.0,0.0,993.6899496721062
2026-07-15T02:30:00Z,2026-07-15T02:45:00Z,2026-07-15,2026-07-15_19,0.0,0,0,100,77.66836571428543,77.66836571428543,0.0,0.0,0.0,True,True,True,False,0.0,993.6899496721062,0.0,0.0,0.0,0.0,993.6899496721062
2026-07-15T02:45:00Z,2026-07-15T03:00:00Z,2026-07-15,2026-07-15_20,0.0,0,0,100,77.66836571428543,77.66836571428543,0.0,0.0,0.0,True,True,True,False,0.0,993.6899496721062,0.0,0.0,0.0,0.0,993.6899496721062
2026-07-15T03:00:00Z,2026-07-15T03:15:00Z,2026-07-15,2026-07-15_21,0.0,0,0,100,77.66836571428543,77.66836571428543,0.0,0.0,0.0,True,True,True,False,0.0,993.6899496721062,0.0,0.0,0.0,0.0,993.6899496721062
2026-07-15T03:15:00Z,2026-07-15T03:30:00Z,2026-07-15,2026-07-15_22,0.0,0,0,100,77.66836571428543,77.66836571428543,0.0,0.0,0.0,True,True,True,False,0.0,993.6899496721062,0.0,0.0,0.0,0.0,993.6899496721062
2026-07-15T03:30:00Z,2026-07-15T03:45:00Z,2026-07-15,2026-07-15_23,0.0,0,0,100,77.66836571428543,77.66836571428543,0.0,0.0,0.0,True,True,True,False,0.0,993.6899496721062,0.0,0.0,0.0,0.0,993.6899496721062
2026-07-15T03:45:00Z,2026-07-15T04:00:00Z,2026-07-15,2026-07-15_24,0.0,0,0,100,77.66836571428543,77.66836571428543,0.0,0.0,0.0,True,True,True,False,0.0,993.6899496721062,0.0,0.0,0.0,0.0,993.6899496721062
2026-07-15T04:00:00Z,2026-07-15T04:15:00Z,2026-07-15,2026-07-15_25,-9.135222865977031,100,0,0,77.66836571428543,67.15580919254657,0.03537891699894729,11.769714285714286,0.0,True,True,True,False,-373.082501846502,0.0,93.96446545676378,0.0,3402.2363243207915,0.0,3123.118287931053
2026-07-15T04:15:00Z,2026-07-15T04:30:00Z,2026-07-15,2026-07-15_26,-100.0,100,0,0,67.15580919254657,67.79980919254658,0.0017888888888888904,24.3,0.0,True,True,True,False,-4232.75,0.0,93.96446545676378,0.0,7262.052405825835,0.0,3123.266871282599
2026-07-15T04:30:00Z,2026-07-15T04:45:00Z,2026-07-15,2026-07-15_27,0.0,100,0,0,67.79980919254658,62.33707627329192,0.015174258109040717,5.025714285714286,0.0,True,True,True,False,0.0,0.0,93.96446545676378,0.0,1154.5672225974424,0.0,1248.5316880542061
2026-07-15T04:45:00Z,2026-07-15T05:00:00Z,2026-07-15,2026-07-15_28,0.0,100,0,0,62.33707627329192,60.25508869565217,0.005783298826777087,1.9154285714285715,0.0,True,True,True,False,0.0,0.0,93.96446545676378,0.0,327.49972591995476,0.0,421.46419137671853
2026-07-15T05:00:00Z,2026-07-15T05:15:00Z,2026-07-15,2026-07-15_29,0.0,100,100,0,60.25508869565217,55.046393043478254,0.014468599033816424,4.792,0.0,True,True,True,False,0.0,0.0,98.13939301509838,21.961262772609423,1080.0900884550863,0.0,1200.1907442427942
2026-07-15T05:15:00Z,2026-07-15T05:30:00Z,2026-07-15,2026-07-15_30,0.0,100,100,0,55.046393043478254,49.009747080745335,0.01676846100759144,5.553714285714285,0.0,True,True,True,False,0.0,0.0,98.13939301509838,21.961262772609423,1179.6910299788665,0.0,1299.7916857665743
2026-07-15T05:30:00Z,2026-07-15T05:45:00Z,2026-07-15,2026-07-15_31,0.0,100,100,0,49.009747080745335,27.533646708074528,0.06076859627329193,19.942285714285717,0.21771428571428572,True,True,True,False,0.0,0.0,98.13939301509838,21.961262772609423,18257.528296585988,-10.418543323383954,18367.210409050313
2026-07-15T05:45:00Z,2026-07-15T06:00:00Z,2026-07-15,2026-07-15_32,0.0,100,100,0,27.533646708074528,28.229813664596264,0.0024237902001380263,0.08114285714285713,0.8525714285714285,True,True,True,False,0.0,0.0,98.13939301509838,21.961262772609423,13.852479138979062,-39.01161158195168,94.94152334473517
2026-07-15T06:00:00Z,2026-07-15T06:15:00Z,2026-07-15,2026-07-15_33,0.0,100,0,0,28.229813664596264,9.99999999999999,0.05063837129054521,16.771428571428572,0.0,True,True,True,False,0.0,0.0,105.03088302577397,0.0,6178.3159981698955,0.0,6283.346881195669
2026-07-15T06:15:00Z,2026-07-15T06:30:00Z,2026-07-15,2026-07-15_34,-100.0,100,0,0,9.99999999999999,21.907954285714275,0.0330776507936508,12.056571428571429,0.0,True,True,True,False,-3259.0000000000005,0.0,105.03088302577397,0.0,3062.404998148108,0.0,-91.56411882611847
2026-07-15T06:30:00Z,2026-07-15T06:45:00Z,2026-07-15,2026-07-15_35,-22.018356122758778,100,0,0,21.907954285714275,26.652916780124215,0.014611998459030103,0.304,0.0,True,True,True,False,-671.0094028410738,0.0,105.03088302577397,0.0,50.497520207411924,0.0,-515.4809996078878
2026-07-15T06:45:00Z,2026-07-15T07:00:00Z,2026-07-15,2026-07-15_36,-100.0,100,0,0,26.652916780124215,49.59456249440993,0.06372679365079366,0.06342857142857143,0.0,True,True,True,False,-2761.0,0.0,105.03088302577397,0.0,9.83550349680821,0.0,-2646.133613477418
2026-07-15T07:00:00Z,2026-07-15T07:15:00Z,2026-07-15,2026-07-15_37,2.4868995751603507e-14,29,29,71,49.59456249440993,48.58695652173911,0.004292985479641149,1.1744171428571428,0.29232,True,True,True,False,7.402256585464784e-13,705.5198642671954,25.018968278175997,23.4931180417874,254.9082528225016,-12.921350922678057,996.0188524869831
2026-07-15T07:15:00Z,2026-07-15T07:30:00Z,2026-07-15,2026-07-15_38,0.0,29,29,71,48.58695652173911,49.2162183354037,0.0017839743271221532,0.005965714285714285,0.6910285714285714,True,True,True,False,0.0,705.5198642671954,25.018968278175997,23.4931180417874,1.0233310791084773,-33.92740036819975,721.1278812980676
2026-07-15T07:30:00Z,2026-07-15T07:45:00Z,2026-07-15,2026-07-15_39,0.0,29,29,71,49.2162183354037,51.62199204968942,0.006682704761904763,0.0,2.6149714285714287,True,True,True,False,0.0,705.5198642671954,25.018968278175997,23.4931180417874,0.0,-29.550533083509446,724.4814175036494
2026-07-15T07:45:00Z,2026-07-15T08:00:00Z,2026-07-15,2026-07-15_40,0.0,29,29,71,51.62199204968942,53.50895410683228,0.0052415612698412705,0.0,2.0510457142857144,True,True,True,False,0.0,705.5198642671954,25.018968278175997,23.4931180417874,0.0,-52.84211016035209,701.1898404268068
2026-07-15T08:00:00Z,2026-07-15T08:15:00Z,2026-07-15,2026-07-15_41,20.999999999999886,8,29,71,53.50895410683228,48.75034008447206,0.014503918951000625,0.0010514285714285714,0.9117599999999999,True,True,True,False,692.3174999999962,705.5198642671954,6.6455696202531644,30.235054140613084,0.1643608793219896,-36.08053464999237,1398.8018142573876
2026-07-15T08:15:00Z,2026-07-15T08:30:00Z,2026-07-15,2026-07-15_42,0.0,8,29,71,48.75034008447206,49.763597366459635,0.002821228819875777,0.001097142857142857,1.1026628571428572,True,True,True,False,0.0,705.5198642671954,6.6455696202531644,30.235054140613084,0.1715070045099022,-24.692408464236696,717.8795865683348
2026-07-15T08:30:00Z,2026-07-15T08:45:00Z,2026-07-15,2026-07-15_43,0.0,8,29,71,49.763597366459635,52.16555965217392,0.00667211746031746,0.0,2.6108285714285713,True,True,True,False,0.0,705.5198642671954,6.6455696202531644,30.235054140613084,0.0,-24.64897708011068,717.751510947951
2026-07-15T08:45:00Z,2026-07-15T09:00:00Z,2026-07-15,2026-07-15_44,0.0,8,29,71,52.16555965217392,53.51602502360249,0.003751292698412699,0.0,1.467897142857143,True,True,True,False,0.0,705.5198642671954,6.6455696202531644,30.235054140613084,0.0,-42.26920301313755,700.1312850149242
2026-07-15T09:00:00Z,2026-07-15T09:15:00Z,2026-07-15,2026-07-15_45,0.0,29,29,71,53.51602502360249,55.61947622360249,0.005842920000000001,0.0,2.28636,True,True,True,False,0.0,705.5198642671954,24.131653195058718,30.26822479792588,0.0,-24.696401547964015,735.223340712216
2026-07-15T09:15:00Z,2026-07-15T09:30:00Z,2026-07-15,2026-07-15_46,0.0,29,29,71,55.61947622360249,56.45250205217392,0.0023139606349206355,0.0,0.9054628571428572,True,True,True,False,0.0,705.5198642671954,24.131653195058718,30.26822479792588,0.0,-26.72251227259854,733.1972299875815
2026-07-15T09:30:00Z,2026-07-15T09:45:00Z,2026-07-15,2026-07-15_47,0.0,29,29,71,56.45250205217392,57.040224337888205,0.001632561904761905,0.0,0.6388285714285714,True,True,True,False,0.0,705.5198642671954,24.131653195058718,30.26822479792588,0.0,-21.40178012592867,738.5179621342513
2026-07-15T09:45:00Z,2026-07-15T10:00:00Z,2026-07-15,2026-07-15_48,0.0,29,29,71,57.040224337888205,57.022070986335414,0.00026979486542443064,0.053028571428571425,0.04292,True,True,True,False,0.0,705.5198642671954,24.131653195058718,30.26822479792588,7.066297740691518,-3.0516025087692547,763.9344374921022
2026-07-15T10:00:00Z,2026-07-15T10:15:00Z,2026-07-15,2026-07-15_49,0.0,29,29,71,57.022070986335414,57.18072584347827,0.00048673968253968257,0.007622857142857143,0.18145714285714284,True,True,True,False,0.0,705.5198642671954,24.131653195058718,30.26822479792588,1.015780300224406,-9.835893145820172,751.0996294145842
2026-07-15T10:15:00Z,2026-07-15T10:30:00Z,2026-07-15,2026-07-15_50,0.0,29,29,71,57.18072584347827,57.812452909316775,0.0017567987853692201,0.00033142857142857144,0.6870514285714285,True,True,True,False,0.0,705.5198642671954,24.131653195058718,30.26822479792588,0.044164360879322,-16.658534780714177,743.3053718403452
2026-07-15T10:30:00Z,2026-07-15T10:45:00Z,2026-07-15,2026-07-15_51,0.0,29,29,71,57.812452909316775,57.54457158757764,0.0008389770048309181,0.26216000000000006,0.01856,True,True,True,False,0.0,705.5198642671954,24.131653195058718,30.26822479792588,34.98353678511515,-1.3211403995729756,793.5821386457222
2026-07-15T10:45:00Z,2026-07-15T11:00:00Z,2026-07-15,2026-07-15_52,0.0,29,29,71,57.54457158757764,57.685669664596276,0.0005050170876466529,0.018725714285714287,0.17549142857142858,True,True,True,False,0.0,705.5198642671954,24.131653195058718,30.26822479792588,2.495286389681693,-8.492780155341075,753.9222484945207
2026-07-15T11:00:00Z,2026-07-15T11:15:00Z,2026-07-15,2026-07-15_53,-29.0,29,0,71,57.685669664596276,64.35018120745342,0.018512532063492064,0.005965714285714285,0.0,True,True,True,False,-697.0875000000001,705.5198642671954,24.081897209089522,0.0,0.7949584958277959,0.0,33.30921997211266
2026-07-15T11:15:00Z,2026-07-15T11:30:00Z,2026-07-15,2026-07-15_54,-29.0,29,0,71,64.35018120745342,70.9814570931677,0.018420210793650794,0.04209142857142857,0.0,True,True,True,False,-685.995,705.5198642671954,24.081897209089522,0.0,5.608873831673893,0.0,49.21563530795884
2026-07-15T11:30:00Z,2026-07-15T11:45:00Z,2026-07-15,2026-07-15_55,-29.0,29,0,71,70.9814570931677,77.38862097888199,0.01779767746031746,0.2856914285714286,0.0,True,True,True,False,-662.215,705.5198642671954,24.081897209089522,0.0,38.62792544499881,0.0,106.01468692128373
2026-07-15T11:45:00Z,2026-07-15T12:00:00Z,2026-07-15,2026-07-15_56,-29.0,29,0,71,77.38862097888199,82.71669320745342,0.014800200634920635,1.4586171428571428,0.0,True,True,True,False,-669.6825,705.5198642671954,24.081897209089522,0.0,233.78360532473474,0.0,293.7028668010197
2026-07-15T12:00:00Z,2026-07-15T12:15:00Z,2026-07-15,2026-07-15_57,-29.0,0,0,71,82.71669320745342,89.38669320745342,0.01852777777777778,0.0,0.0,True,False,True,False,-599.0675,705.5198642671954,0.0,0.0,0.0,0.0,106.45236426719543
2026-07-15T12:15:00Z,2026-07-15T12:30:00Z,2026-07-15,2026-07-15_58,-29.0,0,0,71,89.38669320745342,96.05669320745342,0.01852777777777778,0.0,0.0,True,False,True,False,-607.55,705.5198642671954,0.0,0.0,0.0,0.0,97.96986426719548
2026-07-15T12:30:00Z,2026-07-15T12:45:00Z,2026-07-15,2026-07-15_59,-29.0,0,0,71,96.05669320745342,102.72669320745342,0.01852777777777778,0.0,0.0,True,False,True,False,-669.8275,705.5198642671954,0.0,0.0,0.0,0.0,35.692364267195444
2026-07-15T12:45:00Z,2026-07-15T13:00:00Z,2026-07-15,2026-07-15_60,-5.925625536051781,0,0,71,102.72669320745342,104.08958708074533,0.003785816314699749,0.0,0.0,True,False,True,False,-148.68875876337933,705.5198642671954,0.0,0.0,0.0,0.0,556.8311055038162
2026-07-15T13:00:00Z,2026-07-15T13:15:00Z,2026-07-15,2026-07-15_61,-100.0,100,0,0,104.08958708074533,124.58823850931677,0.05694069841269841,2.718857142857143,0.0,True,True,True,False,-2167.5,0.0,86.2151136190331,0.0,461.86984814483986,0.0,-1619.415038236127
2026-07-15T13:15:00Z,2026-07-15T13:30:00Z,2026-07-15,2026-07-15_62,-100.0,100,0,0,124.58823850931677,129.08730136645963,0.012497396825396825,20.109714285714286,0.0,True,True,True,False,-2231.0,0.0,86.2151136190331,0.0,20829.16101265823,0.0,18684.376126277264
2026-07-15T13:30:00Z,2026-07-15T13:45:00Z,2026-07-15,2026-07-15_63,-100.0,100,0,0,129.08730136645963,144.4944099378882,0.042797523809523806,8.253142857142857,0.0,True,True,True,False,-2644.75,0.0,86.2151136190331,0.0,3978.6423074576783,0.0,1420.1074210767115
2026-07-15T13:45:00Z,2026-07-15T14:00:00Z,2026-07-15,2026-07-15_64,2.413528314402503e-16,100,0,0,144.4944099378882,144.0,0.00137336093857833,0.45485714285714285,0.0,True,True,True,False,6.852610266667307e-15,0.0,86.2151136190331,0.0,77.34418396914965,0.0,163.55929758818277
2026-07-15T14:00:00Z,2026-07-15T14:15:00Z,2026-07-15,2026-07-15_65,0.0,0,0,100,144.0,144.0,0.0,0.0,0.0,True,True,True,False,0.0,993.6899496721062,0.0,0.0,0.0,0.0,993.6899496721062
2026-07-15T14:15:00Z,2026-07-15T14:30:00Z,2026-07-15,2026-07-15_66,0.0,0,0,100,144.0,144.0,0.0,0.0,0.0,True,True,True,False,0.0,993.6899496721062,0.0,0.0,0.0,0.0,993.6899496721062
2026-07-15T14:30:00Z,2026-07-15T14:45:00Z,2026-07-15,2026-07-15_67,0.0,0,0,100,144.0,144.0,0.0,0.0,0.0,True,True,True,False,0.0,993.6899496721062,0.0,0.0,0.0,0.0,993.6899496721062
2026-07-15T14:45:00Z,2026-07-15T15:00:00Z,2026-07-15,2026-07-15_68,0.0,0,0,100,144.0,144.0,0.0,0.0,0.0,True,True,True,False,0.0,993.6899496721062,0.0,0.0,0.0,0.0,993.6899496721062
2026-07-15T15:00:00Z,2026-07-15T15:15:00Z,2026-07-15,2026-07-15_69,-100.0,100,0,0,144.0,166.8386057142857,0.06344057142857143,0.17542857142857143,0.0,True,True,True,False,-3453.25,0.0,104.8307152661278,0.0,29.236902437961614,0.0,-3319.1823822959104
2026-07-15T15:15:00Z,2026-07-15T15:30:00Z,2026-07-15,2026-07-15_70,-92.75984531541859,100,0,0,166.8386057142857,183.36645962732916,0.04816544637778969,5.1571428571428575,0.0,True,True,True,False,-3550.614979060935,0.0,104.8307152661278,0.0,1319.4444214470907,0.0,-2126.3398423477165
2026-07-15T15:30:00Z,2026-07-15T15:45:00Z,2026-07-15,2026-07-15_71,0.0,100,0,0,183.36645962732916,167.1670807453416,0.044998274672187706,14.90342857142857,0.0,True,True,True,False,0.0,0.0,104.8307152661278,0.0,4348.698061286738,0.0,4453.5287765528665
2026-07-15T15:45:00Z,2026-07-15T16:00:00Z,2026-07-15,2026-07-15_72,0.0,100,0,0,167.1670807453416,143.99999999999997,0.06435300207039338,21.313714285714287,0.0,True,True,True,False,0.0,0.0,104.8307152661278,0.0,7393.749264254124,0.0,7498.579979520252
2026-07-15T16:00:00Z,2026-07-15T16:15:00Z,2026-07-15,2026-07-15_73,0.0,0,0,100,143.99999999999997,143.99999999999997,0.0,0.0,0.0,True,False,True,False,0.0,993.6899496721062,0.0,0.0,0.0,0.0,993.6899496721062
2026-07-15T16:15:00Z,2026-07-15T16:30:00Z,2026-07-15,2026-07-15_74,0.0,0,0,100,143.99999999999997,143.99999999999997,0.0,0.0,0.0,True,False,True,False,0.0,993.6899496721062,0.0,0.0,0.0,0.0,993.6899496721062
2026-07-15T16:30:00Z,2026-07-15T16:45:00Z,2026-07-15,2026-07-15_75,0.0,0,0,100,143.99999999999997,143.99999999999997,0.0,0.0,0.0,True,False,True,False,0.0,993.6899496721062,0.0,0.0,0.0,0.0,993.6899496721062
2026-07-15T16:45:00Z,2026-07-15T17:00:00Z,2026-07-15,2026-07-15_76,0.0,0,0,100,143.99999999999997,143.99999999999997,0.0,0.0,0.0,True,False,True,False,0.0,993.6899496721062,0.0,0.0,0.0,0.0,993.6899496721062
2026-07-15T17:00:00Z,2026-07-15T17:15:00Z,2026-07-15,2026-07-15_77,-4.99999999999995,0,95,0,143.99999999999997,145.14999999999995,0.003194444444444413,0.0,0.0,True,True,True,False,-252.97499999999746,0.0,0.0,61.74746454171115,0.0,0.0,-191.2275354582863
2026-07-15T17:15:00Z,2026-07-15T17:30:00Z,2026-07-15,2026-07-15_78,99.92514285714289,0,95,0,145.14999999999995,117.99642857142852,0.07542658730158731,0.0,0.0,True,True,True,False,6916.318762857145,0.0,0.0,61.74746454171115,0.0,0.0,6978.066227398856
2026-07-15T17:30:00Z,2026-07-15T17:45:00Z,2026-07-15,2026-07-15_79,100.0,0,95,0,117.99642857142852,91.19720496894405,0.07444228778467908,0.0,0.3447142857142857,True,True,True,False,8294.25,0.0,0.0,61.74746454171115,0.0,-32.8574696616484,8323.139994880063
2026-07-15T17:45:00Z,2026-07-15T18:00:00Z,2026-07-15,2026-07-15_80,100.0,0,95,0,91.19720496894405,64.34782608695647,0.07458160800552105,0.0,0.2985714285714286,True,True,True,False,8505.0,0.0,0.0,61.74746454171115,0.0,-28.459225691191534,8538.28823885052
2026-07-15T18:00:00Z,2026-07-15T18:15:00Z,2026-07-15,2026-07-15_81,0.0,0,0,100,64.34782608695647,64.34782608695647,0.0,0.0,0.0,True,True,True,False,0.0,993.6899496721062,0.0,0.0,0.0,0.0,993.6899496721062
2026-07-15T18:15:00Z,2026-07-15T18:30:00Z,2026-07-15,2026-07-15_82,0.0,0,0,100,64.34782608695647,64.34782608695647,0.0,0.0,0.0,True,True,True,False,0.0,993.6899496721062,0.0,0.0,0.0,0.0,993.6899496721062
2026-07-15T18:30:00Z,2026-07-15T18:45:00Z,2026-07-15,2026-07-15_83,0.0,0,0,100,64.34782608695647,64.34782608695647,0.0,0.0,0.0,True,True,True,False,0.0,993.6899496721062,0.0,0.0,0.0,0.0,993.6899496721062
2026-07-15T18:45:00Z,2026-07-15T19:00:00Z,2026-07-15,2026-07-15_84,0.0,0,0,100,64.34782608695647,64.34782608695647,0.0,0.0,0.0,True,True,True,False,0.0,993.6899496721062,0.0,0.0,0.0,0.0,993.6899496721062
2026-07-15T19:00:00Z,2026-07-15T19:15:00Z,2026-07-15,2026-07-15_85,0.0,0,0,100,64.34782608695647,64.34782608695647,0.0,0.0,0.0,True,True,True,False,0.0,993.6899496721062,0.0,0.0,0.0,0.0,993.6899496721062
2026-07-15T19:15:00Z,2026-07-15T19:30:00Z,2026-07-15,2026-07-15_86,0.0,0,0,100,64.34782608695647,64.34782608695647,0.0,0.0,0.0,True,True,True,False,0.0,993.6899496721062,0.0,0.0,0.0,0.0,993.6899496721062
2026-07-15T19:30:00Z,2026-07-15T19:45:00Z,2026-07-15,2026-07-15_87,0.0,0,0,100,64.34782608695647,64.34782608695647,0.0,0.0,0.0,True,True,True,False,0.0,993.6899496721062,0.0,0.0,0.0,0.0,993.6899496721062
2026-07-15T19:45:00Z,2026-07-15T20:00:00Z,2026-07-15,2026-07-15_88,0.0,0,0,100,64.34782608695647,64.34782608695647,0.0,0.0,0.0,True,True,True,False,0.0,993.6899496721062,0.0,0.0,0.0,0.0,993.6899496721062
2026-07-15T20:00:00Z,2026-07-15T20:15:00Z,2026-07-15,2026-07-15_89,74.0,26,100,0,64.34782608695647,45.262254668322946,0.05432082473429952,0.0017828571428571427,0.9822857142857143,True,True,True,False,3699.815,0.0,26.973463474149767,64.99733109653806,0.27190134861325954,-74.08227477722826,3717.9754211420727
2026-07-15T20:15:00Z,2026-07-15T20:30:00Z,2026-07-15,2026-07-15_90,74.0,26,100,0,45.262254668322946,26.386063860869534,0.05400954589371981,0.0044571428571428574,1.1857142857142857,True,True,True,False,3515.0,0.0,26.973463474149767,64.99733109653806,0.7109090176256565,-72.1616184448463,3535.520085143467
2026-07-15T20:30:00Z,2026-07-15T20:45:00Z,2026-07-15,2026-07-15_91,74.0,26,100,0,26.386063860869534,10.303673878260838,0.04980053852311939,0.0,3.858285714285714,True,True,True,False,3476.15,0.0,26.973463474149767,64.99733109653806,0.0,-226.90156386849387,3341.219230702194
2026-07-15T20:45:00Z,2026-07-15T21:00:00Z,2026-07-15,2026-07-15_92,38.68581597487367,26,100,0,10.303673878260838,9.999999999999966,0.033336941712789524,0.0,10.368571428571428,True,True,True,False,1698.5974649167656,0.0,26.973463474149767,64.99733109653806,0.0,-361.38590710037255,1429.182352387081
2026-07-15T21:00:00Z,2026-07-15T21:15:00Z,2026-07-16,2026-07-15_93,-2.0451772781911568e-14,100,100,0,9.999999999999966,15.62882285714283,0.015635619047619065,0.0,6.118285714285715,True,True,True,False,-9.159326440379096e-13,0.0,105.09244242620824,72.55156360306043,0.0,-183.28124444977473,-5.637238420506981
2026-07-15T21:15:00Z,2026-07-15T21:30:00Z,2026-07-16,2026-07-15_94,1.9672447835139264e-14,100,100,0,15.62882285714283,20.569485714285683,0.013724063492063503,0.0,5.370285714285714,True,True,True,False,8.456201701934613e-13,0.0,105.09244242620824,72.55156360306043,0.0,-173.83265759368945,3.811348435580065
2026-07-15T21:30:00Z,2026-07-15T21:45:00Z,2026-07-16,2026-07-15_95,5.042064672332343e-14,100,100,0,20.569485714285683,29.477188571428528,0.024743619047619056,0.0,9.682285714285713,True,True,True,False,2.13808752430253e-12,0.0,105.09244242620824,72.55156360306043,0.0,-71.6800610558852,105.9639449733856
2026-07-15T21:45:00Z,2026-07-15T22:00:00Z,2026-07-16,2026-07-15_96,0.0,100,100,0,29.477188571428528,44.291291428571384,0.04115028571428571,0.0,16.102285714285713,True,True,True,False,0.0,0.0,105.09244242620824,72.55156360306043,0.0,139.80855425660368,317.4525602858723
2026-07-15T22:00:00Z,2026-07-15T22:15:00Z,2026-07-16,2026-07-16_1,-18.50059976254896,37,16,63,44.291291428571384,49.06681328695651,0.01329023416871164,0.008245714285714285,0.5746285714285715,True,True,True,False,-802.8335266958121,626.5621720631165,38.884203697697046,11.608250176489669,1.2626164452936541,-15.83821987205521,-140.35450418527049
2026-07-15T22:15:00Z,2026-07-15T22:30:00Z,2026-07-16,2026-07-16_2,-21.0,37,16,63,49.06681328695651,54.010571299378874,0.013862957902001382,0.049897142857142855,0.17746285714285714,True,True,True,False,-887.4599999999999,626.5621720631165,38.884203697697046,11.608250176489669,8.279245144285413,-8.729543235471288,-210.8556721538826
2026-07-15T22:30:00Z,2026-07-15T22:45:00Z,2026-07-16,2026-07-16_3,-21.0,37,16,63,54.010571299378874,59.46377404223602,0.015147785396825396,0.0,0.6773942857142857,True,True,True,False,-858.4275,626.5621720631165,38.884203697697046,11.608250176489669,0.0,-23.838111210024067,-205.2109852727209
2026-07-15T22:45:00Z,2026-07-15T23:00:00Z,2026-07-16,2026-07-16_4,-21.0,37,16,63,59.46377404223602,64.34782608695652,0.013576197018633543,0.003594285714285715,0.06262857142857144,True,True,True,False,-829.5,626.5621720631165,38.884203697697046,11.608250176489669,0.5486307400027802,-3.606373754691627,-155.50311707738567
2026-07-15T23:00:00Z,2026-07-15T23:15:00Z,2026-07-16,2026-07-16_5,0.0,0,0,100,64.34782608695652,64.34782608695652,0.0,0.0,0.0,True,True,True,False,0.0,994.543130258915,0.0,0.0,0.0,0.0,994.543130258915
2026-07-15T23:15:00Z,2026-07-15T23:30:00Z,2026-07-16,2026-07-16_6,0.0,0,0,100,64.34782608695652,64.34782608695652,0.0,0.0,0.0,True,True,True,False,0.0,994.543130258915,0.0,0.0,0.0,0.0,994.543130258915
2026-07-15T23:30:00Z,2026-07-15T23:45:00Z,2026-07-16,2026-07-16_7,0.0,0,0,100,64.34782608695652,64.34782608695652,0.0,0.0,0.0,True,True,True,False,0.0,994.543130258915,0.0,0.0,0.0,0.0,994.543130258915
2026-07-15T23:45:00Z,2026-07-16T00:00:00Z,2026-07-16,2026-07-16_8,0.0,0,0,100,64.34782608695652,64.34782608695652,0.0,0.0,0.0,True,True,True,False,0.0,994.543130258915,0.0,0.0,0.0,0.0,994.543130258915
2026-07-16T00:00:00Z,2026-07-16T00:15:00Z,2026-07-16,2026-07-16_9,0.0,0,0,100,64.34782608695652,64.34782608695652,0.0,0.0,0.0,True,True,True,False,0.0,994.543130258915,0.0,0.0,0.0,0.0,994.543130258915
2026-07-16T00:15:00Z,2026-07-16T00:30:00Z,2026-07-16,2026-07-16_10,0.0,0,0,100,64.34782608695652,64.34782608695652,0.0,0.0,0.0,True,True,True,False,0.0,994.543130258915,0.0,0.0,0.0,0.0,994.543130258915
2026-07-16T00:30:00Z,2026-07-16T00:45:00Z,2026-07-16,2026-07-16_11,0.0,0,0,100,64.34782608695652,64.34782608695652,0.0,0.0,0.0,True,True,True,False,0.0,994.543130258915,0.0,0.0,0.0,0.0,994.543130258915
2026-07-16T00:45:00Z,2026-07-16T01:00:00Z,2026-07-16,2026-07-16_12,0.0,0,0,100,64.34782608695652,64.34782608695652,0.0,0.0,0.0,True,True,True,False,0.0,994.543130258915,0.0,0.0,0.0,0.0,994.543130258915
2026-07-16T01:00:00Z,2026-07-16T01:15:00Z,2026-07-16,2026-07-16_13,0.0,0,0,100,64.34782608695652,64.34782608695652,0.0,0.0,0.0,True,True,True,False,0.0,994.543130258915,0.0,0.0,0.0,0.0,994.543130258915
2026-07-16T01:15:00Z,2026-07-16T01:30:00Z,2026-07-16,2026-07-16_14,0.0,0,0,100,64.34782608695652,64.34782608695652,0.0,0.0,0.0,True,True,True,False,0.0,994.543130258915,0.0,0.0,0.0,0.0,994.543130258915
2026-07-16T01:30:00Z,2026-07-16T01:45:00Z,2026-07-16,2026-07-16_15,0.0,0,0,100,64.34782608695652,64.34782608695652,0.0,0.0,0.0,True,True,True,False,0.0,994.543130258915,0.0,0.0,0.0,0.0,994.543130258915
2026-07-16T01:45:00Z,2026-07-16T02:00:00Z,2026-07-16,2026-07-16_16,0.0,0,0,100,64.34782608695652,64.34782608695652,0.0,0.0,0.0,True,True,True,False,0.0,994.543130258915,0.0,0.0,0.0,0.0,994.543130258915
2026-07-16T02:00:00Z,2026-07-16T02:15:00Z,2026-07-16,2026-07-16_17,0.0,0,0,100,64.34782608695652,64.34782608695652,0.0,0.0,0.0,True,True,True,False,0.0,994.543130258915,0.0,0.0,0.0,0.0,994.543130258915
2026-07-16T02:15:00Z,2026-07-16T02:30:00Z,2026-07-16,2026-07-16_18,0.0,0,0,100,64.34782608695652,64.34782608695652,0.0,0.0,0.0,True,True,True,False,0.0,994.543130258915,0.0,0.0,0.0,0.0,994.543130258915
2026-07-16T02:30:00Z,2026-07-16T02:45:00Z,2026-07-16,2026-07-16_19,0.0,0,0,100,64.34782608695652,64.34782608695652,0.0,0.0,0.0,True,True,True,False,0.0,994.543130258915,0.0,0.0,0.0,0.0,994.543130258915
2026-07-16T02:45:00Z,2026-07-16T03:00:00Z,2026-07-16,2026-07-16_20,0.0,0,0,100,64.34782608695652,64.34782608695652,0.0,0.0,0.0,True,True,True,False,0.0,994.543130258915,0.0,0.0,0.0,0.0,994.543130258915
2026-07-16T03:00:00Z,2026-07-16T03:15:00Z,2026-07-16,2026-07-16_21,-40.0,100,60,0,64.34782608695652,71.3743552795031,0.02744567287784679,2.188,0.06377142857142858,True,True,True,False,-1538.0,0.0,102.94594646162065,43.53093816183626,374.9311312510732,-3.59204790706422,-1020.1840320325341
2026-07-16T03:15:00Z,2026-07-16T03:30:00Z,2026-07-16,2026-07-16_22,0.0,100,60,0,71.3743552795031,70.48401888198758,0.002709728088336784,0.8582857142857142,0.046285714285714284,True,True,True,False,0.0,0.0,102.94594646162065,43.53093816183626,146.10164518353562,-2.8436778538856347,289.7348519531069
2026-07-16T03:30:00Z,2026-07-16T03:45:00Z,2026-07-16,2026-07-16_23,-39.998530613569585,100,60,0,70.48401888198758,72.04285141863353,0.03146740091262741,7.489714285714285,0.0,True,True,True,False,-1602.7411216857333,0.0,102.94594646162065,43.53093816183626,1764.635047495482,0.0,308.3708104332056
2026-07-16T03:45:00Z,2026-07-16T04:00:00Z,2026-07-16,2026-07-16_24,-40.0,100,60,0,72.04285141863353,64.05088063602484,0.03885805217391304,16.852,0.0,True,True,True,False,-1632.8,0.0,102.94594646162065,43.53093816183626,6486.01201045582,0.0,4999.688895079277
2026-07-16T04:00:00Z,2026-07-16T04:15:00Z,2026-07-16,2026-07-16_25,0.0,28,28,72,64.05088063602484,60.430880636024845,0.010055555555555557,3.3304000000000005,0.0,True,True,True,False,0.0,716.0710537864187,26.685237831752875,14.977390242506344,843.3840373967298,0.0,1601.1177192574078
2026-07-16T04:15:00Z,2026-07-16T04:30:00Z,2026-07-16,2026-07-16_26,0.0,28,28,72,60.430880636024845,54.94861976645963,0.015228502415458938,5.04368,0.0,True,True,True,False,0.0,716.0710537864187,26.685237831752875,14.977390242506344,1336.7296543397379,0.0,2094.4633362004156
2026-07-16T04:30:00Z,2026-07-16T04:45:00Z,2026-07-16,2026-07-16_27,0.0,28,28,72,54.94861976645963,52.076098027329195,0.007979227053140097,2.64272,0.0,True,True,True,False,0.0,716.0710537864187,26.685237831752875,14.977390242506344,579.7208266966858,0.0,1337.4545085573636
2026-07-16T04:45:00Z,2026-07-16T05:00:00Z,2026-07-16,2026-07-16_28,0.0,28,28,72,52.076098027329195,49.43175020124224,0.007345410628019324,2.4328000000000003,0.0,True,True,True,False,0.0,716.0710537864187,26.685237831752875,14.977390242506344,533.446555875675,0.0,1291.1802377363529
2026-07-16T05:00:00Z,2026-07-16T05:15:00Z,2026-07-16,2026-07-16_29,7.105427357601002e-15,43,43,57,49.43175020124224,41.940669455900625,0.020808557625948933,6.891794285714285,0.0,True,True,True,False,3.183586727573129e-13,566.8895842475815,42.654595409360624,23.000992158134743,1940.9294591309892,0.0,2573.4746309460666
2026-07-16T05:15:00Z,2026-07-16T05:30:00Z,2026-07-16,2026-07-16_30,7.105427357601002e-15,43,43,57,41.940669455900625,41.31747179130435,0.004563098274672192,1.0423200000000001,0.5540857142857143,True,True,True,False,3.1445068771063236e-13,566.8895842475815,42.654595409360624,23.000992158134743,185.35102980671996,-21.566959967509547,796.3292416542877
2026-07-16T05:30:00Z,2026-07-16T05:45:00Z,2026-07-16,2026-07-16_31,7.105427357601002e-15,43,43,57,41.31747179130435,42.73431677018633,0.003954969661835753,0.003194285714285714,1.5438228571428574,True,True,True,False,3.0405900020014085e-13,566.8895842475815,42.654595409360624,23.000992158134743,0.48757485478784435,-68.88511608304692,564.1476305868181
2026-07-16T05:45:00Z,2026-07-16T06:00:00Z,2026-07-16,2026-07-16_32,7.105427357601002e-15,43,43,57,42.73431677018633,40.97826086956521,0.004877933057280889,1.6155714285714287,0.0,True,True,True,False,2.8625990466935037e-13,566.8895842475815,42.654595409360624,23.000992158134743,325.7516765564481,0.0,958.2968483715252
2026-07-16T06:00:00Z,2026-07-16T06:15:00Z,2026-07-16,2026-07-16_33,0.0,100,0,0,40.97826086956521,28.031677018633534,0.03596273291925466,11.910857142857143,0.0,True,True,True,False,0.0,0.0,105.12106237240273,0.0,2704.058416962633,0.0,2809.179479335036
2026-07-16T06:15:00Z,2026-07-16T06:30:00Z,2026-07-16,2026-07-16_34,0.0,100,0,0,28.031677018633534,15.124223602484468,0.03585403726708074,11.874857142857142,0.0,True,True,True,False,0.0,0.0,105.12106237240273,0.0,2615.9396521449967,0.0,2721.0607145173994
2026-07-16T06:30:00Z,2026-07-16T06:45:00Z,2026-07-16,2026-07-16_35,-50.23811236537655,100,0,0,15.124223602484468,17.286141614906832,0.034143631907128186,9.364,0.0,True,True,True,False,-1622.1886482780087,0.0,105.12106237240273,0.0,2198.777471904753,0.0,681.709885999147
2026-07-16T06:45:00Z,2026-07-16T07:00:00Z,2026-07-16,2026-07-16_36,-100.0,100,0,0,17.286141614906832,37.173913043478265,0.055243809523809535,3.382857142857143,0.0,True,True,True,False,-734.75,0.0,105.12106237240273,0.0,695.5882609157837,0.0,65.95932328818647
2026-07-16T07:00:00Z,2026-07-16T07:15:00Z,2026-07-16,2026-07-16_37,100.0,0,0,0,37.173913043478265,10.000000000000007,0.0754830917874396,0.0,0.0,True,False,True,False,3824.4999999999995,0.0,0.0,0.0,0.0,0.0,3824.4999999999995
2026-07-16T07:15:00Z,2026-07-16T07:30:00Z,2026-07-16,2026-07-16_38,0.0,0,0,0,10.000000000000007,10.000000000000007,0.0,0.0,0.0,True,False,True,False,0.0,0.0,0.0,0.0,0.0,0.0,0.0
2026-07-16T07:30:00Z,2026-07-16T07:45:00Z,2026-07-16,2026-07-16_39,-100.0,0,0,0,10.000000000000007,33.00000000000001,0.06388888888888888,0.0,0.0,True,False,True,False,-1292.75,0.0,0.0,0.0,0.0,0.0,-1292.75
2026-07-16T07:45:00Z,2026-07-16T08:00:00Z,2026-07-16,2026-07-16_40,-100.0,0,0,0,33.00000000000001,56.00000000000001,0.06388888888888888,0.0,0.0,True,False,True,False,-382.0,0.0,0.0,0.0,0.0,0.0,-382.0
2026-07-16T08:00:00Z,2026-07-16T08:15:00Z,2026-07-16,2026-07-16_41,0.0,100,100,0,56.00000000000001,63.944594285714295,0.022068317460317458,0.0,8.635428571428571,True,True,True,False,0.0,0.0,88.43563374100856,102.97456640781515,0.0,-252.86280033907818,-61.45260019025447
2026-07-16T08:15:00Z,2026-07-16T08:30:00Z,2026-07-16,2026-07-16_42,0.0,100,100,0,63.944594285714295,67.80438857142858,0.010721650793650794,0.0,4.195428571428572,True,True,True,False,0.0,0.0,88.43563374100856,102.97456640781515,0.0,-200.39933536307808,-8.989135214254375
2026-07-16T08:30:00Z,2026-07-16T08:45:00Z,2026-07-16,2026-07-16_43,0.0,100,100,0,67.80438857142858,79.6256,0.032836698412698415,0.0,12.849142857142857,True,True,True,False,0.0,0.0,88.43563374100856,102.97456640781515,0.0,-296.61561427944514,-105.20541413062143
2026-07-16T08:45:00Z,2026-07-16T09:00:00Z,2026-07-16,2026-07-16_44,0.0,100,100,0,79.6256,90.68436670807455,0.03133301311249138,0.1017142857142857,12.140571428571429,True,True,True,False,0.0,0.0,88.43563374100856,102.97456640781515,39.77888109638925,13444.28547878444,13675.474560029654
2026-07-16T09:00:00Z,2026-07-16T09:15:00Z,2026-07-16,2026-07-16_45,-29.0,29,0,71,90.68436670807455,97.35436670807455,0.01852777777777778,0.0,0.0,True,True,True,False,-508.00749999999994,706.1256224838297,24.63376008853103,0.0,0.0,0.0,222.7518825723608
2026-07-16T09:15:00Z,2026-07-16T09:30:00Z,2026-07-16,2026-07-16_46,-29.0,29,0,71,97.35436670807455,103.79125973664598,0.01788025841269841,0.25337714285714286,0.0,True,True,True,False,-559.99,706.1256224838297,24.63376008853103,0.0,33.79264331097343,0.0,204.56202588333417
2026-07-16T09:30:00Z,2026-07-16T09:45:00Z,2026-07-16,2026-07-16_47,-29.0,29,0,71,103.79125973664598,109.60155390807455,0.016139706031746033,0.9344628571428572,0.0,True,True,True,False,-768.355,706.1256224838297,24.63376008853103,0.0,126.15257486187467,0.0,88.5569574342354
2026-07-16T09:45:00Z,2026-07-16T10:00:00Z,2026-07-16,2026-07-16_48,-29.0,29,0,71,109.60155390807455,114.94822590807455,0.014851866666666666,1.4384,0.0,True,True,True,False,-727.61,706.1256224838297,24.63376008853103,0.0,211.27582347217182,0.0,214.42520604453256
2026-07-16T10:00:00Z,2026-07-16T10:15:00Z,2026-07-16,2026-07-16_49,-13.0,29,16,71,114.94822590807455,118.0118669614907,0.00855483453416149,0.013422857142857144,0.09481142857142856,True,True,True,False,-326.46250000000003,706.1256224838297,24.63376008853103,16.68199423785083,1.7901923532955188,-5.770651443399285,416.9984177201078
2026-07-16T10:15:00Z,2026-07-16T10:30:00Z,2026-07-16,2026-07-16_50,-13.0,29,16,71,118.0118669614907,120.96293933913046,0.008491143077984818,0.08816,0.05467428571428571,True,True,True,False,-322.0425,706.1256224838297,24.63376008853103,16.68199423785083,11.757806567323653,-3.3510910915647476,433.8055922859705
2026-07-16T10:30:00Z,2026-07-16T10:45:00Z,2026-07-16,2026-07-16_51,-13.0,29,16,71,120.96293933913046,123.3592393540373,0.008648935514147688,0.5980628571428572,0.012617142857142858,True,True,True,False,-324.935,706.1256224838297,24.63376008853103,16.68199423785083,85.68190981718669,-0.9629385325327017,507.2253480948656
2026-07-16T10:45:00Z,2026-07-16T11:00:00Z,2026-07-16,2026-07-16_52,-13.0,29,16,71,123.3592393540373,126.25491640248451,0.008376466611456176,0.09992571428571428,0.007405714285714286,True,True,True,False,-324.87,706.1256224838297,24.63376008853103,16.68199423785083,13.32698751897775,-0.5652030517039771,435.3331612774853
2026-07-16T11:00:00Z,2026-07-16T11:15:00Z,2026-07-16,2026-07-16_53,-29.0,29,0,71,126.25491640248451,132.8047801739131,0.01819406603174603,0.13058285714285714,0.0,True,True,True,False,-737.2524999999999,706.1256224838297,24.61716051973822,0.0,17.41569844934406,0.0,10.905981452912055
2026-07-16T11:15:00Z,2026-07-16T11:30:00Z,2026-07-16,2026-07-16_54,-29.0,29,0,71,132.8047801739131,135.64505674534166,0.007889657142857144,4.162742857142857,0.0,True,True,True,False,-710.2825,706.1256224838297,24.61716051973822,0.0,833.3595005192475,0.0,853.8197835228154
2026-07-16T11:30:00Z,2026-07-16T11:45:00Z,2026-07-16,2026-07-16_55,-29.0,29,0,71,135.64505674534166,138.8272946881988,0.008839549841269842,3.791045714285714,0.0,True,True,True,False,-676.0625,706.1256224838297,24.61716051973822,0.0,647.9837527258454,0.0,702.6640357294134
2026-07-16T11:45:00Z,2026-07-16T12:00:00Z,2026-07-16,2026-07-16_56,-29.0,29,0,71,138.8272946881988,143.9606791453417,0.01425940126984127,1.6702342857142858,0.0,True,True,True,False,-660.8375000000001,706.1256224838297,24.61716051973822,0.0,267.12053011663306,0.0,337.0258131202009
2026-07-16T12:00:00Z,2026-07-16T12:15:00Z,2026-07-16,2026-07-16_57,-29.000000000000014,0,0,71,143.9606791453417,150.6306791453417,0.01852777777777779,0.0,0.0,True,False,True,False,-682.0075000000003,706.1256224838297,0.0,0.0,0.0,0.0,24.11812248382944
2026-07-16T12:15:00Z,2026-07-16T12:30:00Z,2026-07-16,2026-07-16_58,-29.0,0,0,71,150.6306791453417,157.3006791453417,0.01852777777777778,0.0,0.0,True,False,True,False,-716.3725000000001,706.1256224838297,0.0,0.0,0.0,0.0,-10.246877516170343
2026-07-16T12:30:00Z,2026-07-16T12:45:00Z,2026-07-16,2026-07-16_59,-0.16764595193098122,0,0,71,157.3006791453417,157.33923771428582,0.00010710713595590467,0.0,0.0,True,False,True,False,-4.368434392441544,706.1256224838297,0.0,0.0,0.0,0.0,701.7571880913881
2026-07-16T12:45:00Z,2026-07-16T13:00:00Z,2026-07-16,2026-07-16_60,0.0,0,0,71,157.33923771428582,157.33923771428582,0.0,0.0,0.0,True,False,True,False,0.0,706.1256224838297,0.0,0.0,0.0,0.0,706.1256224838297
2026-07-16T13:00:00Z,2026-07-16T13:15:00Z,2026-07-16,2026-07-16_61,0.0,29,29,71,157.33923771428582,155.15635403726716,0.006067800690131123,2.0089542857142852,0.0008285714285714285,True,True,True,False,0.0,706.1256224838297,26.028123867127125,22.260021751159105,420.4740438392157,-0.07114100911204572,1174.8166709322197
2026-07-16T13:15:00Z,2026-07-16T13:30:00Z,2026-07-16,2026-07-16_62,0.0,29,29,71,155.15635403726716,155.3661561043479,0.0007198780676328504,0.022702857142857143,0.25486857142857144,True,True,True,False,0.0,706.1256224838297,26.028123867127125,22.260021751159105,3.027856202487482,-15.063169744628308,742.3784545599751
2026-07-16T13:30:00Z,2026-07-16T13:45:00Z,2026-07-16,2026-07-16_63,0.0,29,29,71,155.3661561043479,155.4464185937889,0.00023696102139406487,0.00232,0.08998285714285714,True,True,True,False,0.0,706.1256224838297,26.028123867127125,22.260021751159105,0.3094159622979909,-6.6619522761034355,748.0612317883105
2026-07-16T13:45:00Z,2026-07-16T14:00:00Z,2026-07-16,2026-07-16_64,0.0,29,29,71,155.4464185937889,154.76500865590071,0.001892805383022774,0.6268971428571428,0.0,True,True,True,False,0.0,706.1256224838297,26.028123867127125,22.260021751159105,97.66777833442815,0.0,852.081546436544
2026-07-16T14:00:00Z,2026-07-16T14:15:00Z,2026-07-16,2026-07-16_65,-100.0,100,0,0,154.76500865590071,167.2465172273293,0.03467085714285714,11.433142857142856,0.0,True,True,True,False,-2644.5,0.0,101.74390872145159,0.0,2355.756209519812,0.0,-186.9998817587366
2026-07-16T14:15:00Z,2026-07-16T14:30:00Z,2026-07-16,2026-07-16_66,-47.31393439284217,100,0,0,167.2465172273293,172.92993788819888,0.032196680171504746,5.1577142857142855,0.0,True,True,True,False,-1332.715247010382,0.0,101.74390872145159,0.0,1040.5226787179354,0.0,-190.448659570995
2026-07-16T14:30:00Z,2026-07-16T14:45:00Z,2026-07-16,2026-07-16_67,0.0,100,0,0,172.92993788819888,159.7113043478262,0.03671842650103519,12.161142857142856,0.0,True,True,True,False,0.0,0.0,101.74390872145159,0.0,2449.9072548020176,0.0,2551.651163523469
2026-07-16T14:45:00Z,2026-07-16T15:00:00Z,2026-07-16,2026-07-16_68,0.0,100,0,0,159.7113043478262,147.2200000000001,0.034698067632850244,11.492,0.0,True,True,True,False,0.0,0.0,101.74390872145159,0.0,3992.4849432371075,0.0,4094.228851958559
2026-07-16T15:00:00Z,2026-07-16T15:15:00Z,2026-07-16,2026-07-16_69,-2.9479194812814495,7,4,93,147.2200000000001,147.22000000000014,0.002331274620034382,0.66692,0.0,True,True,True,False,-94.21550662175513,924.9251111407909,7.356470969834577,2.139627177500906,186.77819214287072,0.0,1026.983894809242
2026-07-16T15:15:00Z,2026-07-16T15:30:00Z,2026-07-16,2026-07-16_70,-0.46028254541842806,7,4,93,147.22000000000014,146.92073761552442,0.0012928826242125724,0.37652,0.0,True,True,True,False,-17.345747724093464,924.9251111407909,7.356470969834577,2.139627177500906,89.48217522275858,0.0,1006.5576367867916
2026-07-16T15:30:00Z,2026-07-16T15:45:00Z,2026-07-16,2026-07-16_71,0.0,7,4,93,146.92073761552442,146.8839055558971,0.00010686746721877157,0.034640000000000004,0.0008914285714285714,True,True,True,False,0.0,924.9251111407909,7.356470969834577,2.139627177500906,5.818629066417356,-0.06242092036295543,940.1774174341808
2026-07-16T15:45:00Z,2026-07-16T16:00:00Z,2026-07-16,2026-07-16_72,0.0,7,4,93,146.8839055558971,146.8837710664561,6.895008971704623e-05,0.01148,0.013417142857142857,True,True,True,False,0.0,924.9251111407909,7.356470969834577,2.139627177500906,1.8446503214973955,-0.8043808949593461,935.4614787146645
2026-07-16T16:00:00Z,2026-07-16T16:15:00Z,2026-07-16,2026-07-16_73,0.0025612013356859573,6,7,93,146.8837710664561,147.2193748870919,0.0009357056845897153,6.857142857142858e-05,0.36560000000000004,True,True,True,False,0.10766650114889843,924.9251111407909,6.284940184312453,5.078609452214231,0.010466723179703279,-6.256307416382058,930.1504865852642
2026-07-16T16:15:00Z,2026-07-16T16:30:00Z,2026-07-16,2026-07-16_74,0.005450195502945842,6,7,93,147.2193748870919,147.19817171801301,6.23705413760745e-05,0.01872,0.00068,True,True,True,False,0.2627675506857764,924.9251111407909,6.284940184312453,5.078609452214231,2.9993718265249663,-0.051897502432695426,939.4989026520957
2026-07-16T16:30:00Z,2026-07-16T16:45:00Z,2026-07-16,2026-07-16_75,0.1256310326963611,6,7,93,147.19817171801301,147.18260573579695,0.00016450707275100725,0.003428571428571429,0.02416,True,True,True,False,6.250772031807448,924.9251111407909,6.284940184312453,5.078609452214231,0.5279153503762841,-1.477032439755013,941.5903157197463
2026-07-16T16:45:00Z,2026-07-16T17:00:00Z,2026-07-16,2026-07-16_76,1.0,6,7,93,147.18260573579695,146.82557004884043,0.0009945696066252588,0.07902857142857143,0.00064,True,True,True,False,60.8475,924.9251111407909,6.284940184312453,5.078609452214231,13.492261460925596,-0.048844708171948636,1010.5795775300712
2026-07-16T17:00:00Z,2026-07-16T17:15:00Z,2026-07-16,2026-07-16_77,0.0,0,7,93,146.82557004884043,146.83546924884044,2.749777777777778e-05,0.0,0.01076,True,True,True,False,0.0,924.9251111407909,0.0,5.08261624468146,0.0,-0.6640441891969242,929.3436831962755
2026-07-16T17:15:00Z,2026-07-16T17:30:00Z,2026-07-16,2026-07-16_78,0.0,0,7,93,146.83546924884044,147.15857324884044,0.000897511111111111,0.0,0.35119999999999996,True,True,True,False,0.0,924.9251111407909,0.0,5.08261624468146,0.0,-5.843907424014042,924.1638199614583
2026-07-16T17:30:00Z,2026-07-16T17:45:00Z,2026-07-16,2026-07-16_79,0.06149859744223132,0,7,93,147.15857324884044,147.20393167701877,0.00021526409483649465,0.0,0.06736,True,True,True,False,3.9031622331648164,924.9251111407909,0.0,5.08261624468146,0.0,-3.4182137948140654,930.4926758238231
2026-07-16T17:45:00Z,2026-07-16T18:00:00Z,2026-07-16,2026-07-16_80,7.0,0,7,93,147.20393167701877,145.38606211180138,0.005049637681159421,0.0,0.07755999999999999,True,True,True,False,521.43,924.9251111407909,0.0,5.08261624468146,0.0,-3.976971834156951,1447.4607555513153
2026-07-16T18:00:00Z,2026-07-16T18:15:00Z,2026-07-16,2026-07-16_81,100.0,0,100,0,145.38606211180138,118.34196273291938,0.0751224982746722,0.0,0.11942857142857141,True,True,True,False,6910.5,0.0,0.0,72.60880349544942,0.0,-7.0023547946587,6976.106448700791
2026-07-16T18:15:00Z,2026-07-16T18:30:00Z,2026-07-16,2026-07-16_82,99.99999999999994,0,100,0,118.34196273291938,93.99972670807468,0.0676173222912353,0.0,2.6051428571428574,True,True,True,False,7382.499999999996,0.0,0.0,72.60880349544942,0.0,-142.30538801832768,7312.8034154771185
2026-07-16T18:30:00Z,2026-07-16T18:45:00Z,2026-07-16,2026-07-16_83,100.0,0,100,0,93.99972670807468,70.09040993788834,0.06641476880607315,0.0,3.0034285714285716,True,True,True,False,8022.0,0.0,0.0,72.60880349544942,0.0,-153.63324231281874,7940.97556118263
2026-07-16T18:45:00Z,2026-07-16T19:00:00Z,2026-07-16,2026-07-16_84,99.99999999999996,0,100,0,70.09040993788834,44.78171428571444,0.07030193236714972,0.0,1.7160000000000002,True,True,True,False,7957.749999999996,0.0,0.0,72.60880349544942,0.0,-98.76650474137111,7931.592298754074
2026-07-16T19:00:00Z,2026-07-16T19:15:00Z,2026-07-16,2026-07-16_85,72.0,0,72,28,44.78171428571444,25.21739130434798,0.054345341614906825,0.0,0.0008228571428571429,True,True,True,False,5952.960000000001,278.4720764724962,0.0,52.27833851672358,0.0,-0.047257255156360305,6283.663157734064
2026-07-16T19:15:00Z,2026-07-16T19:30:00Z,2026-07-16,2026-07-16_86,0.0,0,72,28,25.21739130434798,25.21739130434798,0.0,0.0,0.0,True,True,True,False,0.0,278.4720764724962,0.0,52.27833851672358,0.0,0.0,330.7504149892198
2026-07-16T19:30:00Z,2026-07-16T19:45:00Z,2026-07-16,2026-07-16_87,0.031017282787119314,0,72,28,25.21739130434798,25.55078781614922,0.0009719605491918452,0.0,0.37152,True,True,True,False,1.7640304153104434,278.4720764724962,0.0,52.27833851672358,0.0,-22.09123092480586,310.4232144797244
2026-07-16T19:45:00Z,2026-07-16T20:00:00Z,2026-07-16,2026-07-16_88,0.0,0,72,28,25.55078781614922,26.195019130434936,0.0017895314285714284,0.0,0.7002514285714285,True,True,True,False,0.0,278.4720764724962,0.0,52.27833851672358,0.0,-40.938741910776635,289.81167307844316
2026-07-16T20:00:00Z,2026-07-16T20:15:00Z,2026-07-16,2026-07-16_89,0.0,100,100,0,26.195019130434936,17.825413167702017,0.02338325465838509,7.7222857142857135,0.026285714285714287,True,True,True,False,0.0,0.0,104.86348285665223,72.60880349544942,2609.8897535686347,-1.5419905854005564,2785.8200493353356
2026-07-16T20:15:00Z,2026-07-16T20:30:00Z,2026-07-16,2026-07-16_90,0.0,100,100,0,17.825413167702017,12.906207204969096,0.013681984817115252,4.5285714285714285,0.0034285714285714284,True,True,True,False,0.0,0.0,104.86348285665223,72.60880349544942,1116.3860449142353,-0.2616680794925819,1293.5966631868444
2026-07-16T20:30:00Z,2026-07-16T20:45:00Z,2026-07-16,2026-07-16_91,0.0,100,100,0,12.906207204969096,12.468702608695803,0.0012415762594893028,0.4068571428571428,0.005142857142857143,True,True,True,False,0.0,0.0,104.86348285665223,72.60880349544942,67.63030617891008,-0.3277392695644589,244.77485326144728
2026-07-16T20:45:00Z,2026-07-16T21:00:00Z,2026-07-16,2026-07-16_92,0.0,100,100,0,12.468702608695803,10.000000000000151,0.006907158040027605,2.2794285714285714,0.009714285714285715,True,True,True,False,0.0,0.0,104.86348285665223,72.60880349544942,493.90808418080167,-0.7413928918956489,670.6389776410076
2026-07-16T21:00:00Z,2026-07-16T21:15:00Z,2026-07-17,2026-07-16_93,-99.99999999999842,100,0,0,10.000000000000151,23.430422857142617,0.03730673015873006,10.401714285714284,0.0,True,True,True,False,-4900.749999999923,0.0,107.26141870492617,0.0,3002.202574993595,0.0,-1791.2860063014014
2026-07-16T21:15:00Z,2026-07-16T21:30:00Z,2026-07-17,2026-07-16_94,-19.62804155496362,100,0,0,23.430422857142617,22.008900372670766,0.023380010990938734,5.630857142857142,0.0,True,True,True,False,-886.2060762066073,0.0,107.26141870492617,0.0,1214.855226248167,0.0,435.91056874648575
2026-07-16T21:30:00Z,2026-07-16T21:45:00Z,2026-07-17,2026-07-16_95,-100.00000000000007,100,0,0,22.008900372670766,41.5207860869565,0.05419968253968259,3.7914285714285714,0.0,True,True,True,False,-4377.500000000003,0.0,107.26141870492617,0.0,825.5648725258792,0.0,-3444.673708769197
2026-07-16T21:45:00Z,2026-07-16T22:00:00Z,2026-07-17,2026-07-16_96,-100.0,100,0,0,41.5207860869565,64.3478260869565,0.06340844444444445,0.18800000000000003,0.0,True,True,True,False,-4238.0,0.0,107.26141870492617,0.0,32.12685923608197,0.0,-4098.611722058992
2026-07-16T22:00:00Z,2026-07-16T22:15:00Z,2026-07-17,2026-07-17_1,0.0,0,0,100,64.3478260869565,64.3478260869565,0.0,0.0,0.0,True,True,True,False,0.0,994.4862059755028,0.0,0.0,0.0,0.0,994.4862059755028
2026-07-16T22:15:00Z,2026-07-16T22:30:00Z,2026-07-17,2026-07-17_2,0.0,0,0,100,64.3478260869565,64.3478260869565,0.0,0.0,0.0,True,True,True,False,0.0,994.4862059755028,0.0,0.0,0.0,0.0,994.4862059755028
2026-07-16T22:30:00Z,2026-07-16T22:45:00Z,2026-07-17,2026-07-17_3,0.0,0,0,100,64.3478260869565,64.3478260869565,0.0,0.0,0.0,True,True,True,False,0.0,994.4862059755028,0.0,0.0,0.0,0.0,994.4862059755028
2026-07-16T22:45:00Z,2026-07-16T23:00:00Z,2026-07-17,2026-07-17_4,0.0,0,0,100,64.3478260869565,64.3478260869565,0.0,0.0,0.0,True,True,True,False,0.0,994.4862059755028,0.0,0.0,0.0,0.0,994.4862059755028
2026-07-16T23:00:00Z,2026-07-16T23:15:00Z,2026-07-17,2026-07-17_5,0.0,0,0,100,64.3478260869565,64.3478260869565,0.0,0.0,0.0,True,True,True,False,0.0,994.4862059755028,0.0,0.0,0.0,0.0,994.4862059755028
2026-07-16T23:15:00Z,2026-07-16T23:30:00Z,2026-07-17,2026-07-17_6,0.0,0,0,100,64.3478260869565,64.3478260869565,0.0,0.0,0.0,True,True,True,False,0.0,994.4862059755028,0.0,0.0,0.0,0.0,994.4862059755028
2026-07-16T23:30:00Z,2026-07-16T23:45:00Z,2026-07-17,2026-07-17_7,0.0,0,0,100,64.3478260869565,64.3478260869565,0.0,0.0,0.0,True,True,True,False,0.0,994.4862059755028,0.0,0.0,0.0,0.0,994.4862059755028
2026-07-16T23:45:00Z,2026-07-17T00:00:00Z,2026-07-17,2026-07-17_8,0.0,0,0,100,64.3478260869565,64.3478260869565,0.0,0.0,0.0,True,True,True,False,0.0,994.4862059755028,0.0,0.0,0.0,0.0,994.4862059755028
2026-07-17T00:00:00Z,2026-07-17T00:15:00Z,2026-07-17,2026-07-17_9,0.0,0,0,100,64.3478260869565,64.3478260869565,0.0,0.0,0.0,True,True,True,False,0.0,994.4862059755028,0.0,0.0,0.0,0.0,994.4862059755028
2026-07-17T00:15:00Z,2026-07-17T00:30:00Z,2026-07-17,2026-07-17_10,0.0,0,0,100,64.3478260869565,64.3478260869565,0.0,0.0,0.0,True,True,True,False,0.0,994.4862059755028,0.0,0.0,0.0,0.0,994.4862059755028
2026-07-17T00:30:00Z,2026-07-17T00:45:00Z,2026-07-17,2026-07-17_11,0.0,0,0,100,64.3478260869565,64.3478260869565,0.0,0.0,0.0,True,True,True,False,0.0,994.4862059755028,0.0,0.0,0.0,0.0,994.4862059755028
2026-07-17T00:45:00Z,2026-07-17T01:00:00Z,2026-07-17,2026-07-17_12,0.0,0,0,100,64.3478260869565,64.3478260869565,0.0,0.0,0.0,True,True,True,False,0.0,994.4862059755028,0.0,0.0,0.0,0.0,994.4862059755028
2026-07-17T01:00:00Z,2026-07-17T01:15:00Z,2026-07-17,2026-07-17_13,0.0,0,0,100,64.3478260869565,64.3478260869565,0.0,0.0,0.0,True,True,True,False,0.0,994.4862059755028,0.0,0.0,0.0,0.0,994.4862059755028
2026-07-17T01:15:00Z,2026-07-17T01:30:00Z,2026-07-17,2026-07-17_14,0.0,0,0,100,64.3478260869565,64.3478260869565,0.0,0.0,0.0,True,True,True,False,0.0,994.4862059755028,0.0,0.0,0.0,0.0,994.4862059755028
2026-07-17T01:30:00Z,2026-07-17T01:45:00Z,2026-07-17,2026-07-17_15,0.0,0,0,100,64.3478260869565,64.3478260869565,0.0,0.0,0.0,True,True,True,False,0.0,994.4862059755028,0.0,0.0,0.0,0.0,994.4862059755028
2026-07-17T01:45:00Z,2026-07-17T02:00:00Z,2026-07-17,2026-07-17_16,0.0,0,0,100,64.3478260869565,64.3478260869565,0.0,0.0,0.0,True,True,True,False,0.0,994.4862059755028,0.0,0.0,0.0,0.0,994.4862059755028
2026-07-17T02:00:00Z,2026-07-17T02:15:00Z,2026-07-17,2026-07-17_17,0.0,0,0,100,64.3478260869565,64.3478260869565,0.0,0.0,0.0,True,True,True,False,0.0,994.4862059755028,0.0,0.0,0.0,0.0,994.4862059755028
2026-07-17T02:15:00Z,2026-07-17T02:30:00Z,2026-07-17,2026-07-17_18,0.0,0,0,100,64.3478260869565,64.3478260869565,0.0,0.0,0.0,True,True,True,False,0.0,994.4862059755028,0.0,0.0,0.0,0.0,994.4862059755028
2026-07-17T02:30:00Z,2026-07-17T02:45:00Z,2026-07-17,2026-07-17_19,0.0,0,0,100,64.3478260869565,64.3478260869565,0.0,0.0,0.0,True,True,True,False,0.0,994.4862059755028,0.0,0.0,0.0,0.0,994.4862059755028
2026-07-17T02:45:00Z,2026-07-17T03:00:00Z,2026-07-17,2026-07-17_20,0.0,0,0,100,64.3478260869565,64.3478260869565,0.0,0.0,0.0,True,True,True,False,0.0,994.4862059755028,0.0,0.0,0.0,0.0,994.4862059755028
2026-07-17T03:00:00Z,2026-07-17T03:15:00Z,2026-07-17,2026-07-17_21,0.0,0,0,100,64.3478260869565,64.3478260869565,0.0,0.0,0.0,True,True,True,False,0.0,994.4862059755028,0.0,0.0,0.0,0.0,994.4862059755028
2026-07-17T03:15:00Z,2026-07-17T03:30:00Z,2026-07-17,2026-07-17_22,0.0,0,0,100,64.3478260869565,64.3478260869565,0.0,0.0,0.0,True,True,True,False,0.0,994.4862059755028,0.0,0.0,0.0,0.0,994.4862059755028
2026-07-17T03:30:00Z,2026-07-17T03:45:00Z,2026-07-17,2026-07-17_23,0.0,0,0,100,64.3478260869565,64.3478260869565,0.0,0.0,0.0,True,True,True,False,0.0,994.4862059755028,0.0,0.0,0.0,0.0,994.4862059755028
2026-07-17T03:45:00Z,2026-07-17T04:00:00Z,2026-07-17,2026-07-17_24,0.0,0,0,100,64.3478260869565,64.3478260869565,0.0,0.0,0.0,True,True,True,False,0.0,994.4862059755028,0.0,0.0,0.0,0.0,994.4862059755028
2026-07-17T04:00:00Z,2026-07-17T04:15:00Z,2026-07-17,2026-07-17_25,38.31446465222947,61,100,0,64.3478260869565,61.79116672795027,0.032270313283070826,0.0,7.982857142857143,True,True,True,False,1549.149592051268,0.0,59.47657114511391,70.57274773915367,0.0,-217.97583306532064,1461.2230778702149
2026-07-17T04:15:00Z,2026-07-17T04:30:00Z,2026-07-17,2026-07-17_26,39.0,61,100,0,61.79116672795027,60.44721111055896,0.03302072369910283,0.0,9.393714285714285,True,True,True,False,1631.0774999999999,0.0,59.47657114511391,70.57274773915367,0.0,-168.5506264956473,1592.5761923886203
2026-07-17T04:30:00Z,2026-07-17T04:45:00Z,2026-07-17,2026-07-17_27,39.0,61,100,0,60.44721111055896,60.81397465838506,0.03368296982746722,0.0,11.130285714285716,True,True,True,False,1625.9099999999999,0.0,59.47657114511391,70.57274773915367,0.0,-247.30027920566485,1508.6590396786025
2026-07-17T04:45:00Z,2026-07-17T05:00:00Z,2026-07-17,2026-07-17_28,0.0,61,100,0,60.81397465838506,64.34782608695649,0.00981625396825397,0.0,3.8411428571428576,True,True,True,False,0.0,0.0,59.47657114511391,70.57274773915367,0.0,-164.9872502984481,-34.93793141418051
2026-07-17T05:00:00Z,2026-07-17T05:15:00Z,2026-07-17,2026-07-17_29,0.0,0,0,100,64.34782608695649,64.34782608695649,0.0,0.0,0.0,True,True,True,False,0.0,994.4862059755028,0.0,0.0,0.0,0.0,994.4862059755028
2026-07-17T05:15:00Z,2026-07-17T05:30:00Z,2026-07-17,2026-07-17_30,0.0,0,0,100,64.34782608695649,64.34782608695649,0.0,0.0,0.0,True,True,True,False,0.0,994.4862059755028,0.0,0.0,0.0,0.0,994.4862059755028
2026-07-17T05:30:00Z,2026-07-17T05:45:00Z,2026-07-17,2026-07-17_31,0.0,0,0,100,64.34782608695649,64.34782608695649,0.0,0.0,0.0,True,True,True,False,0.0,994.4862059755028,0.0,0.0,0.0,0.0,994.4862059755028
2026-07-17T05:45:00Z,2026-07-17T06:00:00Z,2026-07-17,2026-07-17_32,0.0,0,0,100,64.34782608695649,64.34782608695649,0.0,0.0,0.0,True,True,True,False,0.0,994.4862059755028,0.0,0.0,0.0,0.0,994.4862059755028
2026-07-17T06:00:00Z,2026-07-17T06:15:00Z,2026-07-17,2026-07-17_33,0.0,0,0,100,64.34782608695649,64.34782608695649,0.0,0.0,0.0,True,True,True,False,0.0,994.4862059755028,0.0,0.0,0.0,0.0,994.4862059755028
2026-07-17T06:15:00Z,2026-07-17T06:30:00Z,2026-07-17,2026-07-17_34,0.0,0,0,100,64.34782608695649,64.34782608695649,0.0,0.0,0.0,True,True,True,False,0.0,994.4862059755028,0.0,0.0,0.0,0.0,994.4862059755028
2026-07-17T06:30:00Z,2026-07-17T06:45:00Z,2026-07-17,2026-07-17_35,0.0,0,0,100,64.34782608695649,64.34782608695649,0.0,0.0,0.0,True,True,True,False,0.0,994.4862059755028,0.0,0.0,0.0,0.0,994.4862059755028
2026-07-17T06:45:00Z,2026-07-17T07:00:00Z,2026-07-17,2026-07-17_36,0.0,0,0,100,64.34782608695649,64.34782608695649,0.0,0.0,0.0,True,True,True,False,0.0,994.4862059755028,0.0,0.0,0.0,0.0,994.4862059755028
2026-07-17T07:00:00Z,2026-07-17T07:15:00Z,2026-07-17,2026-07-17_37,100.0,0,100,0,64.34782608695649,44.83975155279499,0.05418909592822636,0.0,7.0525714285714285,True,True,True,False,3750.0,0.0,0.0,81.33323157934905,0.0,-93.2157421408675,3738.1174894384817
2026-07-17T07:15:00Z,2026-07-17T07:30:00Z,2026-07-17,2026-07-17_38,100.0,0,100,0,44.83975155279499,25.087577639751515,0.05486714975845411,0.0,6.827999999999999,True,True,True,False,3393.2499999999995,0.0,0.0,81.33323157934905,0.0,-143.0136024726218,3331.569629106727
2026-07-17T07:30:00Z,2026-07-17T07:45:00Z,2026-07-17,2026-07-17_39,100.0,0,100,0,25.087577639751515,17.650310559006172,0.020659075224292615,0.0,18.157714285714285,True,True,True,False,3242.4999999999995,0.0,0.0,81.33323157934905,0.0,428.68820435107307,3752.521435930422
2026-07-17T07:45:00Z,2026-07-17T08:00:00Z,2026-07-17,2026-07-17_40,37.28688006963781,0,100,0,17.650310559006172,29.642831304347784,0.03888629000902935,0.0,22.524571428571427,True,True,True,False,1107.5135552684171,0.0,0.0,81.33323157934905,0.0,601.9888751642145,1790.8356620119807
2026-07-17T08:00:00Z,2026-07-17T08:15:00Z,2026-07-17,2026-07-17_41,100.0,0,100,0,29.642831304347784,26.91612322981362,0.007574189095928228,0.0,22.49142857142857,True,True,True,False,3715.5,0.0,0.0,107.77654825046743,0.0,732.2008318388217,4555.477380089289
2026-07-17T08:15:00Z,2026-07-17T08:30:00Z,2026-07-17,2026-07-17_42,99.99999999999999,0,100,0,26.91612322981362,24.512396521739092,0.006677018633540375,0.0,22.78857142857143,True,True,True,False,2969.7499999999995,0.0,0.0,107.77654825046743,0.0,868.1083113017788,3945.634859552246
2026-07-17T08:30:00Z,2026-07-17T08:45:00Z,2026-07-17,2026-07-17_43,0.0,0,100,0,24.512396521739092,37.89655652173909,0.037178222222222224,0.0,14.548,True,True,True,False,0.0,0.0,0.0,107.77654825046743,0.0,150.86742854962415,258.6439768000916
2026-07-17T08:45:00Z,2026-07-17T09:00:00Z,2026-07-17,2026-07-17_44,0.0,0,100,0,37.89655652173909,48.5869565217391,0.029695555555555562,0.0,11.620000000000001,True,True,True,False,0.0,0.0,0.0,107.77654825046743,0.0,56.77203800511315,164.54858625558057
2026-07-17T09:00:00Z,2026-07-17T09:15:00Z,2026-07-17,2026-07-17_45,-10.0,29,19,71,48.5869565217391,51.023608626086926,0.006820272408557626,0.013091428571428572,0.16318285714285713,True,True,True,False,-256.775,706.085206242607,25.097111458770556,20.608043652459266,1.745890138403589,-7.055680040774275,489.70557145146614
2026-07-17T09:15:00Z,2026-07-17T09:30:00Z,2026-07-17,2026-07-17_46,-10.0,29,19,71,51.023608626086926,53.2806169838509,0.006531061863354037,0.06612,0.027251428571428572,True,True,True,False,-268.125,706.085206242607,25.097111458770556,20.608043652459266,8.817850192696607,-1.5585369328805283,490.9246746136529
2026-07-17T09:30:00Z,2026-07-17T09:45:00Z,2026-07-17,2026-07-17_47,-10.0,29,19,71,53.2806169838509,55.55915263602481,0.006513496204278813,0.04656571428571429,0.028771428571428573,True,True,True,False,-264.625,706.085206242607,25.097111458770556,20.608043652459266,6.210064922676057,-1.7450480187954145,491.63037825771744
2026-07-17T09:45:00Z,2026-07-17T10:00:00Z,2026-07-17,2026-07-17_48,-8.563662371857626,29,19,71,55.55915263602481,56.61588018881982,0.006689068088150462,0.8820971428571429,0.0026057142857142854,True,True,True,False,-234.72998561261753,706.085206242607,25.097111458770556,20.608043652459266,131.72587836837488,-0.1467395864790759,648.639514523115
2026-07-17T10:00:00Z,2026-07-17T10:15:00Z,2026-07-17,2026-07-17_49,-29.0,29,0,71,56.61588018881982,63.033868531676966,0.017827745396825398,0.27392571428571433,0.0,True,True,True,False,-707.2375,706.085206242607,25.097111458770556,0.0,36.53109365545738,0.0,60.475911356834985
2026-07-17T10:15:00Z,2026-07-17T10:30:00Z,2026-07-17,2026-07-17_50,-29.0,29,0,71,63.033868531676966,69.68557367453411,0.01847695873015873,0.019885714285714284,0.0,True,True,True,False,-761.25,706.085206242607,25.097111458770556,0.0,2.6519850203598816,0.0,-27.415697278262563
2026-07-17T10:30:00Z,2026-07-17T10:45:00Z,2026-07-17,2026-07-17_51,-29.0,29,0,71,69.68557367453411,75.91664956024839,0.01730854412698413,0.47709142857142856,0.0,True,True,True,False,-725.0,706.085206242607,25.097111458770556,0.0,70.41171880359119,0.0,76.59403650496874
2026-07-17T10:45:00Z,2026-07-17T11:00:00Z,2026-07-17,2026-07-17_52,-29.0,29,0,71,75.91664956024839,82.1995608745341,0.01745253142857143,0.42074857142857147,0.0,True,True,True,False,-712.675,706.085206242607,25.097111458770556,0.0,62.122506287851124,0.0,80.62982398922873
2026-07-17T11:00:00Z,2026-07-17T11:15:00Z,2026-07-17,2026-07-17_53,0.0,29,29,71,82.1995608745341,84.27572224596267,0.005767114920634922,0.0,2.256697142857143,True,True,True,False,0.0,706.085206242607,25.088812149425724,31.446083107566682,0.0,-26.775620753451918,735.8444807461475
2026-07-17T11:15:00Z,2026-07-17T11:30:00Z,2026-07-17,2026-07-17_54,0.0,29,29,71,84.27572224596267,84.34685892173907,0.0003597136783988958,0.02684571428571429,0.10904000000000001,True,True,True,False,0.0,706.085206242607,25.088812149425724,31.446083107566682,3.918222503257037,-6.687567535391309,759.8507564674651
2026-07-17T11:30:00Z,2026-07-17T11:45:00Z,2026-07-17,2026-07-17_55,0.0,29,29,71,84.34685892173907,84.22229941863348,0.0004095224292615596,0.1251142857142857,0.012428571428571428,True,True,True,False,0.0,706.085206242607,25.088812149425724,31.446083107566682,18.260851789870756,-0.8264215122459103,780.0545317772243
2026-07-17T11:45:00Z,2026-07-17T12:00:00Z,2026-07-17,2026-07-17_56,0.0,29,29,71,84.22229941863348,84.9802474534161,0.0021134167287784676,0.0013257142857142858,0.8254228571428571,True,True,True,False,0.0,706.085206242607,25.088812149425724,31.446083107566682,0.1934924692966438,-41.775398206586026,721.03819576231
2026-07-17T12:00:00Z,2026-07-17T12:15:00Z,2026-07-17,2026-07-17_57,0.0,100,100,0,84.9802474534161,92.37862459627324,0.020551047619047618,0.0,8.041714285714285,True,True,True,False,0.0,0.0,86.51314534284734,108.43476933643684,0.0,-177.87847314512481,17.069441534159367
2026-07-17T12:15:00Z,2026-07-17T12:30:00Z,2026-07-17,2026-07-17_58,0.0,100,100,0,92.37862459627324,96.08753888198753,0.010302539682539682,0.0,4.031428571428571,True,True,True,False,0.0,0.0,86.51314534284734,108.43476933643684,0.0,-196.12583878898224,-1.1779241096980542
2026-07-17T12:30:00Z,2026-07-17T12:45:00Z,2026-07-17,2026-07-17_59,0.0,100,100,0,96.08753888198753,112.73495155279498,0.04625661559696342,0.002285714285714286,18.097714285714286,True,True,True,False,0.0,0.0,86.51314534284734,108.43476933643684,0.33622423670884016,6144.055567596444,6339.339706512437
2026-07-17T12:45:00Z,2026-07-17T13:00:00Z,2026-07-17,2026-07-17_60,0.0,100,100,0,112.73495155279498,114.65801440993783,0.00534184126984127,0.0,2.0902857142857143,True,True,True,False,0.0,0.0,86.51314534284734,108.43476933643684,0.0,-117.9391889844044,77.00872569487979
2026-07-17T13:00:00Z,2026-07-17T13:15:00Z,2026-07-17,2026-07-17_61,0.0,100,100,0,114.65801440993783,115.82591999999994,0.0033856590752242926,0.02342857142857143,1.2971428571428572,True,True,True,False,0.0,0.0,92.17957034380129,78.95791200824209,3.4552382406009308,-69.83223784267017,104.76048274997414
2026-07-17T13:15:00Z,2026-07-17T13:30:00Z,2026-07-17,2026-07-17_62,0.0,100,100,0,115.82591999999994,124.9470628571428,0.025336507936507942,0.0,9.914285714285716,True,True,True,False,0.0,0.0,92.17957034380129,78.95791200824209,0.0,-229.46197580799029,-58.32449345594691
2026-07-17T13:30:00Z,2026-07-17T13:45:00Z,2026-07-17,2026-07-17_63,0.0,100,100,0,124.9470628571428,142.93700571428565,0.049972063492063484,0.0,19.55428571428571,True,True,True,False,0.0,0.0,92.17957034380129,78.95791200824209,0.0,1071.9265910416518,1243.0640733936953
2026-07-17T13:45:00Z,2026-07-17T14:00:00Z,2026-07-17,2026-07-17_64,0.0,100,100,0,142.93700571428565,143.99999999999994,0.002952761904761904,0.0,1.1554285714285712,True,True,True,False,0.0,0.0,92.17957034380129,78.95791200824209,0.0,-87.46242018217596,83.67506216986742
2026-07-17T14:00:00Z,2026-07-17T14:15:00Z,2026-07-17,2026-07-17_65,0.0,0,0,100,143.99999999999994,143.99999999999994,0.0,0.0,0.0,True,True,True,False,0.0,994.4862059755028,0.0,0.0,0.0,0.0,994.4862059755028
2026-07-17T14:15:00Z,2026-07-17T14:30:00Z,2026-07-17,2026-07-17_66,0.0,0,0,100,143.99999999999994,143.99999999999994,0.0,0.0,0.0,True,True,True,False,0.0,994.4862059755028,0.0,0.0,0.0,0.0,994.4862059755028
2026-07-17T14:30:00Z,2026-07-17T14:45:00Z,2026-07-17,2026-07-17_67,0.0,0,0,100,143.99999999999994,143.99999999999994,0.0,0.0,0.0,True,True,True,False,0.0,994.4862059755028,0.0,0.0,0.0,0.0,994.4862059755028
2026-07-17T14:45:00Z,2026-07-17T15:00:00Z,2026-07-17,2026-07-17_68,0.0,0,0,100,143.99999999999994,143.99999999999994,0.0,0.0,0.0,True,True,True,False,0.0,994.4862059755028,0.0,0.0,0.0,0.0,994.4862059755028
2026-07-17T15:00:00Z,2026-07-17T15:15:00Z,2026-07-17,2026-07-17_69,-100.0,100,0,0,143.99999999999994,166.0232228571428,0.06117561904761905,1.0617142857142858,0.0,True,True,True,False,-3157.5,0.0,107.26141870492617,0.0,182.40159870045628,0.0,-2867.8369825946174
2026-07-17T15:15:00Z,2026-07-17T15:30:00Z,2026-07-17,2026-07-17_70,-100.0,100,0,0,166.0232228571428,182.72937142857137,0.04640596825396826,6.841142857142857,0.0,True,True,True,False,-3864.5000000000005,0.0,107.26141870492617,0.0,1732.6139912455235,0.0,-2024.6245900495508
2026-07-17T15:30:00Z,2026-07-17T15:45:00Z,2026-07-17,2026-07-17_71,-96.1753227245138,100,0,0,182.72937142857137,189.99999999999994,0.02389839361393854,16.029714285714284,0.0,True,True,True,False,-4085.287271030535,0.0,107.26141870492617,0.0,5352.604614034418,0.0,1374.578761708809
2026-07-17T15:45:00Z,2026-07-17T16:00:00Z,2026-07-17,2026-07-17_72,0.0,100,0,0,189.99999999999994,166.58074534161486,0.06505348516218082,21.545714285714286,0.0,True,True,True,False,0.0,0.0,107.26141870492617,0.0,7509.693066737896,0.0,7616.954485442821
2026-07-17T16:00:00Z,2026-07-17T16:15:00Z,2026-07-17,2026-07-17_73,-80.0,100,20,0,166.58074534161486,181.90625331677015,0.046583277846790894,3.3222857142857145,0.10102857142857143,True,True,True,False,-3399.4,0.0,106.88938069981303,16.066318159270423,692.9013698630138,-5.723609548157799,-2589.2665408260605
2026-07-17T16:15:00Z,2026-07-17T16:30:00Z,2026-07-17,2026-07-17_74,-0.23166417819338048,100,20,0,181.90625331677015,174.723602484472,0.020168971486105365,6.659428571428572,0.0,True,True,True,False,-11.162159265802554,0.0,106.88938069981303,16.066318159270423,1854.3384304084516,0.0,1966.1319700017325
2026-07-17T16:30:00Z,2026-07-17T16:45:00Z,2026-07-17,2026-07-17_75,0.0,100,20,0,174.723602484472,162.09378881987573,0.03508281573498964,11.619428571428571,0.0,True,True,True,False,0.0,0.0,106.88938069981303,16.066318159270423,3568.641440836418,0.0,3691.5971396955015
2026-07-17T16:45:00Z,2026-07-17T17:00:00Z,2026-07-17,2026-07-17_76,0.0,100,20,0,162.09378881987573,143.99999999999994,0.050260524499654936,16.646285714285714,0.0,True,True,True,False,0.0,0.0,106.88938069981303,16.066318159270423,6297.316499953666,0.0,6420.27219881275
2026-07-17T17:00:00Z,2026-07-17T17:15:00Z,2026-07-17,2026-07-17_77,0.0,0,0,100,143.99999999999994,143.99999999999994,0.0,0.0,0.0,True,True,True,False,0.0,994.4862059755028,0.0,0.0,0.0,0.0,994.4862059755028
2026-07-17T17:15:00Z,2026-07-17T17:30:00Z,2026-07-17,2026-07-17_78,0.0,0,0,100,143.99999999999994,143.99999999999994,0.0,0.0,0.0,True,True,True,False,0.0,994.4862059755028,0.0,0.0,0.0,0.0,994.4862059755028
2026-07-17T17:30:00Z,2026-07-17T17:45:00Z,2026-07-17,2026-07-17_79,0.0,0,0,100,143.99999999999994,143.99999999999994,0.0,0.0,0.0,True,True,True,False,0.0,994.4862059755028,0.0,0.0,0.0,0.0,994.4862059755028
2026-07-17T17:45:00Z,2026-07-17T18:00:00Z,2026-07-17,2026-07-17_80,0.0,0,0,100,143.99999999999994,143.99999999999994,0.0,0.0,0.0,True,True,True,False,0.0,994.4862059755028,0.0,0.0,0.0,0.0,994.4862059755028
2026-07-17T18:00:00Z,2026-07-17T18:15:00Z,2026-07-17,2026-07-17_81,0.0,0,0,100,143.99999999999994,143.99999999999994,0.0,0.0,0.0,True,False,True,False,0.0,994.4862059755028,0.0,0.0,0.0,0.0,994.4862059755028
2026-07-17T18:15:00Z,2026-07-17T18:30:00Z,2026-07-17,2026-07-17_82,0.0,0,0,100,143.99999999999994,143.99999999999994,0.0,0.0,0.0,True,False,True,False,0.0,994.4862059755028,0.0,0.0,0.0,0.0,994.4862059755028
2026-07-17T18:30:00Z,2026-07-17T18:45:00Z,2026-07-17,2026-07-17_83,0.0,0,0,100,143.99999999999994,143.99999999999994,0.0,0.0,0.0,True,False,True,False,0.0,994.4862059755028,0.0,0.0,0.0,0.0,994.4862059755028
2026-07-17T18:45:00Z,2026-07-17T19:00:00Z,2026-07-17,2026-07-17_84,0.0,0,0,100,143.99999999999994,143.99999999999994,0.0,0.0,0.0,True,False,True,False,0.0,994.4862059755028,0.0,0.0,0.0,0.0,994.4862059755028
2026-07-17T19:00:00Z,2026-07-17T19:15:00Z,2026-07-17,2026-07-17_85,100.0,0,100,0,143.99999999999994,116.82608695652168,0.0754830917874396,0.0,0.0,True,True,True,False,7187.5,0.0,0.0,80.36020910443774,0.0,0.0,7267.860209104438
2026-07-17T19:15:00Z,2026-07-17T19:30:00Z,2026-07-17,2026-07-17_86,100.0,0,100,0,116.82608695652168,89.84658385093161,0.07494306418219461,0.0,0.17885714285714285,True,True,True,False,7185.5,0.0,0.0,80.36020910443774,0.0,-13.683694105718757,7252.176514998719
2026-07-17T19:30:00Z,2026-07-17T19:45:00Z,2026-07-17,2026-07-17_87,100.0,0,100,0,89.84658385093161,62.8298136645962,0.07504658385093169,0.0,0.14457142857142857,True,True,True,False,6688.0,0.0,0.0,80.36020910443774,0.0,-11.06062175318481,6757.299587351253
2026-07-17T19:45:00Z,2026-07-17T20:00:00Z,2026-07-17,2026-07-17_88,95.0284476208041,0,100,0,62.8298136645962,37.172670807453315,0.07130890031056526,0.0,0.15371428571428572,True,True,True,False,5352.002170003687,0.0,0.0,80.36020910443774,0.0,-11.76010771386053,5420.602271394264
2026-07-17T20:00:00Z,2026-07-17T20:15:00Z,2026-07-17,2026-07-17_89,100.0,0,100,0,37.172670807453315,9.999999999999897,0.07547964113181505,0.0,0.001142857142857143,True,True,True,False,7050.25,0.0,0.0,80.36020910443774,0.0,-0.0874357450844649,7130.522773359353
2026-07-17T20:15:00Z,2026-07-17T20:30:00Z,2026-07-17,2026-07-17_90,0.0,0,100,0,9.999999999999897,9.999999999999897,0.0,0.0,0.0,True,True,True,False,0.0,0.0,0.0,80.36020910443774,0.0,0.0,80.36020910443774
2026-07-17T20:30:00Z,2026-07-17T20:45:00Z,2026-07-17,2026-07-17_91,0.26323517434280735,0,100,0,9.999999999999897,9.999999999999899,0.00039616076238051294,0.0,0.07771428571428572,True,True,True,False,12.606332499277045,0.0,0.0,80.36020910443774,0.0,-5.9456306657436135,87.02091093797118
2026-07-17T20:45:00Z,2026-07-17T21:00:00Z,2026-07-17,2026-07-17_92,1.3439675051953552,0,100,0,9.999999999999899,9.9999999999999,0.001996798097694842,0.0,0.396,True,True,True,False,62.50120882911,0.0,0.0,80.36020910443774,0.0,-25.628409203647884,117.23300872989986
2026-07-17T21:00:00Z,2026-07-17T21:15:00Z,2026-07-18,2026-07-17_93,-61.643282496858596,71,29,0,9.9999999999999,22.967562703901987,0.03709583541173484,1.3506228571428571,0.06728,True,True,True,False,-2724.4789781549075,0.0,75.32129165156688,25.47159015048923,231.4457355007997,-3.59120105285243,-2395.831561904904
2026-07-17T21:15:00Z,2026-07-17T21:30:00Z,2026-07-18,2026-07-17_94,-70.15185965201341,71,29,0,22.967562703901987,35.63414768695648,0.035456316371374,3.7617828571428573,0.0,True,True,True,False,-2908.145341874216,0.0,75.32129165156688,25.47159015048923,647.8002603619044,0.0,-2159.552199710255
2026-07-17T21:30:00Z,2026-07-17T21:45:00Z,2026-07-18,2026-07-17_95,-71.0,71,29,0,35.63414768695648,48.985660829813625,0.0370875365079365,3.2939942857142857,0.05650857142857143,True,True,True,False,-2822.96,0.0,75.32129165156688,25.47159015048923,662.6985734318249,-3.2693036209513275,-2062.7378483870702
2026-07-17T21:45:00Z,2026-07-17T22:00:00Z,2026-07-18,2026-07-17_96,-71.0,71,29,0,48.985660829813625,64.34782608695649,0.04267268126984127,1.0727085714285716,0.020714285714285713,True,True,True,False,-2671.02,0.0,75.32129165156688,25.47159015048923,183.3474578769111,-1.2080021144241329,-2388.087662435457
2026-07-17T22:00:00Z,2026-07-17T22:15:00Z,2026-07-18,2026-07-18_1,0.0,0,0,100,64.34782608695649,64.34782608695649,0.0,0.0,0.0,True,True,True,False,0.0,994.2016822750768,0.0,0.0,0.0,0.0,994.2016822750768
2026-07-17T22:15:00Z,2026-07-17T22:30:00Z,2026-07-18,2026-07-18_2,0.0,0,0,100,64.34782608695649,64.34782608695649,0.0,0.0,0.0,True,True,True,False,0.0,994.2016822750768,0.0,0.0,0.0,0.0,994.2016822750768
2026-07-17T22:30:00Z,2026-07-17T22:45:00Z,2026-07-18,2026-07-18_3,0.0,0,0,100,64.34782608695649,64.34782608695649,0.0,0.0,0.0,True,True,True,False,0.0,994.2016822750768,0.0,0.0,0.0,0.0,994.2016822750768
2026-07-17T22:45:00Z,2026-07-17T23:00:00Z,2026-07-18,2026-07-18_4,0.0,0,0,100,64.34782608695649,64.34782608695649,0.0,0.0,0.0,True,True,True,False,0.0,994.2016822750768,0.0,0.0,0.0,0.0,994.2016822750768
2026-07-17T23:00:00Z,2026-07-17T23:15:00Z,2026-07-18,2026-07-18_5,0.0,0,0,100,64.34782608695649,64.34782608695649,0.0,0.0,0.0,True,True,True,False,0.0,994.2016822750768,0.0,0.0,0.0,0.0,994.2016822750768
2026-07-17T23:15:00Z,2026-07-17T23:30:00Z,2026-07-18,2026-07-18_6,0.0,0,0,100,64.34782608695649,64.34782608695649,0.0,0.0,0.0,True,True,True,False,0.0,994.2016822750768,0.0,0.0,0.0,0.0,994.2016822750768
2026-07-17T23:30:00Z,2026-07-17T23:45:00Z,2026-07-18,2026-07-18_7,0.0,0,0,100,64.34782608695649,64.34782608695649,0.0,0.0,0.0,True,True,True,False,0.0,994.2016822750768,0.0,0.0,0.0,0.0,994.2016822750768
2026-07-17T23:45:00Z,2026-07-18T00:00:00Z,2026-07-18,2026-07-18_8,0.0,0,0,100,64.34782608695649,64.34782608695649,0.0,0.0,0.0,True,True,True,False,0.0,994.2016822750768,0.0,0.0,0.0,0.0,994.2016822750768
2026-07-18T00:00:00Z,2026-07-18T00:15:00Z,2026-07-18,2026-07-18_9,0.0,13,13,87,64.34782608695649,64.58791635279499,0.0007014584679089028,0.00572,0.2677257142857143,True,True,True,False,0.0,784.0603482805318,13.791222415075627,12.545251673692041,0.8882294073890404,-13.35871092061918,797.9263408560694
2026-07-18T00:15:00Z,2026-07-18T00:30:00Z,2026-07-18,2026-07-18_10,0.0,13,13,87,64.58791635279499,64.51044539627325,0.00023607964113181505,0.07473142857142857,0.004085714285714285,True,True,True,False,0.0,784.0603482805318,13.791222415075627,12.545251673692041,12.64868163366512,-0.28085437993694873,822.7646496230276
2026-07-18T00:30:00Z,2026-07-18T00:45:00Z,2026-07-18,2026-07-18_11,0.0,13,13,87,64.51044539627325,63.88781806708071,0.001729520358868185,0.5728171428571429,0.0,True,True,True,False,0.0,784.0603482805318,13.791222415075627,12.545251673692041,111.99253074988489,0.0,922.3893531191843
2026-07-18T00:45:00Z,2026-07-18T01:00:00Z,2026-07-18,2026-07-18_12,0.0,13,13,87,63.88781806708071,63.67472490931674,0.0007107660731538993,0.2157257142857143,0.023251428571428572,True,True,True,False,0.0,784.0603482805318,13.791222415075627,12.545251673692041,38.63469009245157,-1.3376944351953526,847.6938180265557
2026-07-18T01:00:00Z,2026-07-18T01:15:00Z,2026-07-18,2026-07-18_13,-44.0,100,56,0,63.67472490931674,65.0343062459627,0.03334956168391995,8.745142857142858,0.11167999999999999,True,True,True,False,-1509.3100000000002,0.0,106.08632626981252,54.04108413282726,2348.9037715767995,-6.544598386389212,993.1765835930499
2026-07-18T01:15:00Z,2026-07-18T01:30:00Z,2026-07-18,2026-07-18_14,-43.99999999999999,100,56,0,65.0343062459627,54.300040566459586,0.03976520403036577,20.576571428571427,0.0,True,True,True,False,-1491.05,0.0,106.08632626981252,54.04108413282726,6140.439966866755,0.0,4809.517377269394
2026-07-18T01:30:00Z,2026-07-18T01:45:00Z,2026-07-18,2026-07-18_15,-41.219493227512416,100,56,0,54.300040566459586,57.774092253416114,0.03059044557347007,5.8994285714285715,0.0,True,True,True,False,-1391.157896428544,0.0,106.08632626981252,54.04108413282726,1256.318696904385,0.0,25.28821087848069
2026-07-18T01:45:00Z,2026-07-18T02:00:00Z,2026-07-18,2026-07-18_16,-43.99999999999997,100,56,0,57.774092253416114,62.002526221117975,0.031409418026224975,5.814857142857143,0.0019199999999999998,True,True,True,False,-1467.839999999999,0.0,106.08632626981252,54.04108413282726,1314.4589436053654,-0.13439890137137844,6.611955106634836
2026-07-18T02:00:00Z,2026-07-18T02:15:00Z,2026-07-18,2026-07-18_17,0.0,13,13,87,62.002526221117975,61.007016904347786,0.0027653036576949625,0.9158685714285716,0.0,True,True,True,False,0.0,784.0603482805318,13.791222415075627,12.545251673692041,213.40756141829908,0.0,1023.8043837875986
2026-07-18T02:15:00Z,2026-07-18T02:30:00Z,2026-07-18,2026-07-18_18,0.0,13,13,87,61.007016904347786,60.39816666832294,0.001704539544513458,0.5623428571428573,0.0026000000000000003,True,True,True,False,0.0,784.0603482805318,13.791222415075627,12.545251673692041,123.00151946441858,-0.19415521943962316,933.2041866142785
2026-07-18T02:30:00Z,2026-07-18T02:45:00Z,2026-07-18,2026-07-18_19,4.1512687007723245e-14,13,13,87,60.39816666832294,59.98334722981362,0.0011606292339544826,0.38301714285714283,0.001634285714285714,True,True,True,False,1.4301120674160659e-12,784.0603482805318,13.791222415075627,12.545251673692041,73.0900942651695,-0.11767206262619107,883.3692445718442
2026-07-18T02:45:00Z,2026-07-18T03:00:00Z,2026-07-18,2026-07-18_20,0.0,13,13,87,59.98334722981362,59.877552616149025,0.0003018472601794341,0.09865142857142857,0.00156,True,True,True,False,0.0,784.0603482805318,13.791222415075627,12.545251673692041,16.727804300237327,-0.09236667493181254,827.0322599946049
2026-07-18T03:00:00Z,2026-07-18T03:15:00Z,2026-07-18,2026-07-18_21,0.0,13,13,87,59.877552616149025,58.477751373913,0.003888336783988957,1.2878171428571428,0.0,True,True,True,False,0.0,784.0603482805318,13.661046367468385,11.67121249690057,305.70262239382237,0.0,1115.095229538723
2026-07-18T03:15:00Z,2026-07-18T03:30:00Z,2026-07-18,2026-07-18_22,0.0,13,13,87,58.477751373913,58.255473788819835,0.0010100294824016563,0.26950857142857143,0.07681142857142857,True,True,True,False,0.0,784.0603482805318,13.661046367468385,11.67121249690057,52.94302065105736,-4.436468364563778,857.8991594313943
2026-07-18T03:30:00Z,2026-07-18T03:45:00Z,2026-07-18,2026-07-18_23,0.0,13,13,87,58.255473788819835,58.269808864596236,7.25663768115942e-05,0.0054228571428571425,0.021988571428571427,True,True,True,False,0.0,784.0603482805318,13.661046367468385,11.67121249690057,0.8583192660550459,-1.4882222804718217,808.7627041304839
2026-07-18T03:45:00Z,2026-07-18T04:00:00Z,2026-07-18,2026-07-18_24,0.0,13,13,87,58.269808864596236,58.27707956273288,4.890583850931677e-05,0.004754285714285714,0.013519999999999999,True,True,True,False,0.0,784.0603482805318,13.661046367468385,11.67121249690057,0.7324568878183558,-0.9290915943466401,809.1959724383725
2026-07-18T04:00:00Z,2026-07-18T04:15:00Z,2026-07-18,2026-07-18_25,0.0,13,13,87,58.27707956273288,57.813764084472005,0.0013116668046928917,0.43033714285714286,0.004828571428571429,True,True,True,False,0.0,784.0603482805318,12.872551450533102,11.139350359533847,89.02526283872339,-0.2982535510608906,896.7992593782612
2026-07-18T04:15:00Z,2026-07-18T04:30:00Z,2026-07-18,2026-07-18_26,0.0,13,13,87,57.813764084472005,57.616583960248406,0.0005477225672877847,0.1814057142857143,0.0,True,True,True,False,0.0,784.0603482805318,12.872551450533102,11.139350359533847,27.68020969855833,0.0,835.7524597891571
2026-07-18T04:30:00Z,2026-07-18T04:45:00Z,2026-07-18,2026-07-18_27,0.0,13,13,87,57.616583960248406,57.7326349118012,0.0010069048171152519,0.11336,0.2600742857142857,True,True,True,False,0.0,784.0603482805318,12.872551450533102,11.139350359533847,20.109924324324325,-13.703294222663029,814.47888019226
2026-07-18T04:45:00Z,2026-07-18T05:00:00Z,2026-07-18,2026-07-18_28,0.0,13,13,87,57.7326349118012,57.983658226086916,0.0006972869841269841,0.0,0.2728514285714286,True,True,True,False,0.0,784.0603482805318,12.872551450533102,11.139350359533847,0.0,-15.229698785023556,792.8425513055752
2026-07-18T05:00:00Z,2026-07-18T05:15:00Z,2026-07-18,2026-07-18_29,0.0,13,13,87,57.983658226086916,57.62006195279499,0.0010099896480331263,0.33450857142857143,0.0,True,True,True,False,0.0,784.0603482805318,13.065955864121003,11.291842301016613,56.044812369381184,0.0,864.4629588150506
2026-07-18T05:15:00Z,2026-07-18T05:30:00Z,2026-07-18,2026-07-18_30,0.0,13,13,87,57.62006195279499,57.28260869565214,0.0009404076190476191,0.31096,0.0005942857142857143,True,True,True,False,0.0,784.0603482805318,13.065955864121003,11.291842301016613,51.81494292090257,-0.04393751549714853,860.1891518510748
2026-07-18T05:30:00Z,2026-07-18T05:45:00Z,2026-07-18,2026-07-18_31,0.0,13,13,87,57.28260869565214,57.285881788819836,0.0002244128364389234,0.03565714285714286,0.04568571428571428,True,True,True,False,0.0,784.0603482805318,13.065955864121003,11.291842301016613,5.464671885515923,-2.6187920371223123,811.264026294063
2026-07-18T05:45:00Z,2026-07-18T06:00:00Z,2026-07-18,2026-07-18_32,0.0,13,13,87,57.285881788819836,57.35306281739126,0.00018661396825396827,0.0,0.07302285714285714,True,True,True,False,0.0,784.0603482805318,13.065955864121003,11.291842301016613,0.0,-4.378878325245298,804.0392681204241
2026-07-18T06:00:00Z,2026-07-18T06:15:00Z,2026-07-18,2026-07-18_33,37.99999999999999,38,76,24,57.35306281739126,46.95909587080742,0.02930274881987577,0.21801142857142858,0.16850285714285715,True,True,True,False,1157.4799999999998,216.29250987049153,41.28039825287532,63.3611169390986,34.71250576589293,-10.395567940316566,1502.7309628880416
2026-07-18T06:15:00Z,2026-07-18T06:30:00Z,2026-07-18,2026-07-18_34,37.99999999999999,38,76,24,46.95909587080742,33.23613934906829,0.038119323671497576,3.12512,0.0,True,True,True,False,1015.2649999999999,216.29250987049153,41.28039825287532,63.3611169390986,563.1373372751722,0.0,1899.3363623376374
2026-07-18T06:30:00Z,2026-07-18T06:45:00Z,2026-07-18,2026-07-18_35,36.945163566846745,38,76,24,33.23613934906829,23.04347826086955,0.028769207143644143,0.30096,0.17371428571428574,True,True,True,False,840.7795598725148,216.29250987049153,41.28039825287532,63.3611169390986,40.92387825058651,-10.678347588439333,1191.9591155971275
2026-07-18T06:45:00Z,2026-07-18T07:00:00Z,2026-07-18,2026-07-18_36,11.72737222592452,38,76,24,23.04347826086955,23.196347776397495,0.01483862206056609,0.0,3.531177142857143,True,True,True,False,188.34159794834778,216.29250987049153,41.28039825287532,63.3611169390986,0.0,-19.80675912512977,489.46886388568345
2026-07-18T07:00:00Z,2026-07-18T07:15:00Z,2026-07-18,2026-07-18_37,0.0,95,95,5,23.196347776397495,15.927604869565197,0.026361669979296065,7.709114285714286,1.2073142857142858,True,True,True,False,0.0,45.0609395563524,87.68143584657346,85.39834824238496,1321.6714679880001,27.310048321130893,1567.1222399544417
2026-07-18T07:15:00Z,2026-07-18T07:30:00Z,2026-07-18,2026-07-18_38,0.0,95,95,5,15.927604869565197,14.988712198757742,0.0058265748792270524,1.3967714285714286,0.6297142857142857,True,True,True,False,0.0,45.0609395563524,87.68143584657346,85.39834824238496,204.86043115178896,-31.165506331010917,391.83564846608886
2026-07-18T07:30:00Z,2026-07-18T07:45:00Z,2026-07-18,2026-07-18_39,-4.2259099681967014e-14,95,95,5,14.988712198757742,12.717391304347816,0.009963377087646674,2.6947428571428573,0.7149428571428571,True,True,True,False,-2.9549675452615434e-13,45.0609395563524,87.68143584657346,85.39834824238496,400.8880374492852,-34.73150372612758,584.2972573684682
2026-07-18T07:45:00Z,2026-07-18T08:00:00Z,2026-07-18,2026-07-18_40,0.0,95,95,5,12.717391304347816,17.08589301863353,0.012134726984126985,0.0,4.748371428571429,True,True,True,False,0.0,45.0609395563524,87.68143584657346,85.39834824238496,0.0,70.25695039005132,288.3976740353621
2026-07-18T08:00:00Z,2026-07-18T08:15:00Z,2026-07-18,2026-07-18_41,0.0,87,87,13,17.08589301863353,29.775205932919242,0.035248091428571424,0.0,13.792731428571427,True,True,True,False,0.0,117.15844284651625,78.43092563276049,86.99336245207805,0.0,1352.0081047054111,1634.5908356367659
2026-07-18T08:15:00Z,2026-07-18T08:30:00Z,2026-07-18,2026-07-18_42,0.0,87,87,13,29.775205932919242,35.48686033291924,0.015865706666666667,0.0,6.20832,True,True,True,False,0.0,117.15844284651625,78.43092563276049,86.99336245207805,0.0,-24.74375912567472,257.83897180568005
2026-07-18T08:30:00Z,2026-07-18T08:45:00Z,2026-07-18,2026-07-18_43,0.0,87,87,13,35.48686033291924,39.2410566658385,0.013766625424430644,0.5528228571428572,4.7337942857142865,True,True,True,False,0.0,117.15844284651625,78.43092563276049,86.99336245207805,53.37167323427875,39.7761875036444,375.73059166927794
2026-07-18T08:45:00Z,2026-07-18T09:00:00Z,2026-07-18,2026-07-18_44,0.0,87,87,13,39.2410566658385,46.21139723726707,0.01936205714285714,0.0,7.576457142857143,True,True,True,False,0.0,117.15844284651625,78.43092563276049,86.99336245207805,0.0,87.18077456587548,369.76350549723026
2026-07-18T09:00:00Z,2026-07-18T09:15:00Z,2026-07-18,2026-07-18_45,0.0,49,49,51,46.21139723726707,46.65871306335403,0.0013406115942028987,0.01624,0.5054,True,True,True,False,0.0,459.6215834747945,43.68307616014038,49.03831848785977,1.5225871178164758,-23.886991779358752,529.9785734612524
2026-07-18T09:15:00Z,2026-07-18T09:30:00Z,2026-07-18,2026-07-18_46,0.0,49,49,51,46.65871306335403,48.355781863354025,0.004714080000000001,0.0,1.8446400000000003,True,True,True,False,0.0,459.6215834747945,43.68307616014038,49.03831848785977,0.0,-50.112327116672084,502.23065100612257
2026-07-18T09:30:00Z,2026-07-18T09:45:00Z,2026-07-18,2026-07-18_47,0.0,49,49,51,48.355781863354025,46.645402106832286,0.005354983768115941,1.67356,0.11815999999999999,True,True,True,False,0.0,459.6215834747945,43.68307616014038,49.03831848785977,193.01018826222128,-6.304676297468957,739.048490087547
2026-07-18T09:45:00Z,2026-07-18T10:00:00Z,2026-07-18,2026-07-18_48,0.0,49,49,51,46.645402106832286,50.97964676770185,0.012631355942028986,0.098,4.82692,True,True,True,False,0.0,459.6215834747945,43.68307616014038,49.03831848785977,9.188025710961492,289.2929695550173,850.8239733887734
2026-07-18T10:00:00Z,2026-07-18T10:15:00Z,2026-07-18,2026-07-18_49,-7.0,49,42,51,50.97964676770185,54.36560662857142,0.009441675942028986,0.007,1.9384800000000002,True,True,True,False,-14.2975,459.6215834747945,43.68307616014038,42.03284441816552,0.6544717618112114,1.942953785118923,533.6374296000305
2026-07-18T10:15:00Z,2026-07-18T10:30:00Z,2026-07-18,2026-07-18_50,-6.999999999999996,49,42,51,54.36560662857142,55.75941692422359,0.006623869178743958,0.53172,0.37943999999999994,True,True,True,False,-13.124999999999991,459.6215834747945,43.68307616014038,42.03284441816552,49.71367502717961,-18.945511789276924,562.9806672910031
2026-07-18T10:30:00Z,2026-07-18T10:45:00Z,2026-07-18,2026-07-18_51,-7.0,49,42,51,55.75941692422359,57.42895626335403,0.004834710724637681,0.03808,0.10872000000000001,True,True,True,False,-12.7225,459.6215834747945,43.68307616014038,42.03284441816552,3.56032638425299,-7.815360704953367,528.3599697324
2026-07-18T10:45:00Z,2026-07-18T11:00:00Z,2026-07-18,2026-07-18_52,-7.0,49,42,51,57.42895626335403,62.422716263354026,0.013871555555555555,0.0,3.6779999999999995,True,True,True,False,-13.5275,459.6215834747945,43.68307616014038,42.03284441816552,0.0,76.04408285490854,607.8540869080089
2026-07-18T11:00:00Z,2026-07-18T11:15:00Z,2026-07-18,2026-07-18_53,-49.0,49,0,51,62.422716263354026,72.91708266335402,0.02915101777777778,0.84308,0.0,True,True,True,False,-100.5725,459.6215834747945,43.68307616014038,0.0,103.22821453775585,0.0,505.9603741726907
2026-07-18T11:15:00Z,2026-07-18T11:30:00Z,2026-07-18,2026-07-18_54,-49.0,49,0,51,72.91708266335402,82.85709386335402,0.027611142222222225,1.44564,0.0,True,True,True,False,-102.0425,459.6215834747945,43.68307616014038,0.0,173.6077731255603,0.0,574.8699327604952
2026-07-18T11:30:00Z,2026-07-18T11:45:00Z,2026-07-18,2026-07-18_55,-49.0,49,0,51,82.85709386335402,93.52044586335403,0.029620422222222224,0.6594,0.0,True,True,True,False,-117.7225,459.6215834747945,43.68307616014038,0.0,67.28636880352477,0.0,452.86852843845963
2026-07-18T11:45:00Z,2026-07-18T12:00:00Z,2026-07-18,2026-07-18_56,-49.0,49,0,51,93.52044586335403,102.35045866335402,0.024527813333333336,2.65216,0.0,True,True,True,False,-123.96999999999998,459.6215834747945,43.68307616014038,0.0,411.3035833450953,0.0,790.6382429800302
2026-07-18T12:00:00Z,2026-07-18T12:15:00Z,2026-07-18,2026-07-18_57,-100.0,100,0,0,102.35045866335402,110.54371580621117,0.022759047619047623,16.094285714285714,0.0,True,True,True,False,-259.0,0.0,89.14913502069466,0.0,3242.113414876718,0.0,3072.2625498974126
2026-07-18T12:15:00Z,2026-07-18T12:30:00Z,2026-07-18,2026-07-18_58,-100.0,100,0,0,110.54371580621117,125.79994437763975,0.0423784126984127,8.417142857142858,0.0,True,True,True,False,-279.75,0.0,89.14913502069466,0.0,1589.8203872992867,0.0,1399.2195223199815
2026-07-18T12:30:00Z,2026-07-18T12:45:00Z,2026-07-18,2026-07-18_59,-100.0,100,0,0,125.79994437763975,142.53816152049689,0.04649504761904762,6.806285714285715,0.0,True,True,True,False,-286.25,0.0,89.14913502069466,0.0,988.0155400364578,0.0,790.9146750571524
2026-07-18T12:45:00Z,2026-07-18T13:00:00Z,2026-07-18,2026-07-18_60,-100.0,100,0,0,142.53816152049689,144.46437866335404,0.00535060317460318,22.906285714285712,0.0,True,True,True,False,-353.5,0.0,89.14913502069466,0.0,7658.692096576868,0.0,7394.341231597562
2026-07-18T13:00:00Z,2026-07-18T13:15:00Z,2026-07-18,2026-07-18_61,-49.0,0,0,51,144.46437866335404,155.73437866335405,0.03130555555555556,0.0,0.0,True,False,True,False,-155.2075,459.6215834747945,0.0,0.0,0.0,0.0,304.41408347479444
2026-07-18T13:15:00Z,2026-07-18T13:30:00Z,2026-07-18,2026-07-18_62,-46.980962333243056,0,0,51,155.73437866335405,166.53999999999996,0.030015614824016396,0.0,0.0,True,False,True,False,-167.48713071801149,459.6215834747945,0.0,0.0,0.0,0.0,292.134452756783
2026-07-18T13:30:00Z,2026-07-18T13:45:00Z,2026-07-18,2026-07-18_63,-1.2357264969740872e-13,0,0,51,166.53999999999996,166.54,7.894919286223336e-17,0.0,0.0,True,False,True,False,-6.011809407778934e-13,459.6215834747945,0.0,0.0,0.0,0.0,459.62158347479385
2026-07-18T13:45:00Z,2026-07-18T14:00:00Z,2026-07-18,2026-07-18_64,0.0,0,0,51,166.54,166.54,0.0,0.0,0.0,True,False,True,False,0.0,459.6215834747945,0.0,0.0,0.0,0.0,459.6215834747945
2026-07-18T14:00:00Z,2026-07-18T14:15:00Z,2026-07-18,2026-07-18_65,-100.0,100,0,0,166.54,189.54,0.0638888888888889,0.0,0.0,True,True,True,False,-429.75000000000006,0.0,102.82477254954318,0.0,0.0,0.0,-326.9252274504569
2026-07-18T14:15:00Z,2026-07-18T14:30:00Z,2026-07-18,2026-07-18_66,-1.9090170989442068,100,0,0,189.54,189.97907393275716,0.0012196498132143543,0.0,0.0,True,True,True,False,-29.885662683971557,0.0,102.82477254954318,0.0,0.0,0.0,72.93910986557162
2026-07-18T14:30:00Z,2026-07-18T14:45:00Z,2026-07-18,2026-07-18_67,-14.964292936813765,100,0,0,189.97907393275716,189.91756521739129,0.01676879521355492,3.298857142857143,0.0,True,True,True,False,-385.3679538552965,0.0,102.82477254954318,0.0,618.8360022125161,0.0,336.29282090676276
2026-07-18T14:45:00Z,2026-07-18T15:00:00Z,2026-07-18,2026-07-18_68,1.448116988641502e-15,100,0,0,189.91756521739129,185.99458385093166,0.010897170462387857,3.6091428571428574,0.0,True,True,True,False,4.2281395775860255e-14,0.0,102.82477254954318,0.0,613.5467134601081,0.0,716.3714860096513
2026-07-18T15:00:00Z,2026-07-18T15:15:00Z,2026-07-18,2026-07-18_69,0.0,100,100,0,185.99458385093166,189.27241142857142,0.009998796411318152,0.148,3.737714285714286,True,True,True,False,0.0,0.0,106.08632626981252,85.68731045795266,24.553253352152435,-23.481106911932603,192.84578316798502
2026-07-18T15:15:00Z,2026-07-18T15:30:00Z,2026-07-18,2026-07-18_70,0.0,100,100,0,189.27241142857142,187.2360248447205,0.00969878812974465,2.5428571428571427,0.7908571428571428,True,True,True,False,0.0,0.0,106.08632626981252,85.68731045795266,509.98086664141715,-37.991583066078476,663.7629203031039
2026-07-18T15:30:00Z,2026-07-18T15:45:00Z,2026-07-18,2026-07-18_71,0.0,100,100,0,187.2360248447205,181.6080745341615,0.01563319530710835,5.177714285714286,0.0,True,True,True,False,0.0,0.0,106.08632626981252,85.68731045795266,1277.0414693067905,0.0,1468.8151060345558
2026-07-18T15:45:00Z,2026-07-18T16:00:00Z,2026-07-18,2026-07-18_72,0.0,100,100,0,181.6080745341615,169.2745341614907,0.034259834368530015,11.346857142857141,0.0,True,True,True,False,0.0,0.0,106.08632626981252,85.68731045795266,4002.7943637517947,0.0,4194.5680004795595
2026-07-18T16:00:00Z,2026-07-18T16:15:00Z,2026-07-18,2026-07-18_73,0.8307697371427949,54,55,45,169.2745341614907,164.66371319254662,0.012807836024844671,4.034262857142857,0.0,True,True,True,False,36.250637480225855,405.54845600717164,57.11667207080051,49.378206717656255,939.3178835878726,0.0,1487.611855863727
2026-07-18T16:15:00Z,2026-07-18T16:30:00Z,2026-07-18,2026-07-18_74,1.0,54,55,45,164.66371319254662,157.5155268571429,0.019856073153899235,6.326331428571429,0.0,True,True,True,False,48.92,405.54845600717164,57.11667207080051,49.378206717656255,1705.402975692297,0.0,2266.3663104879256
2026-07-18T16:30:00Z,2026-07-18T16:45:00Z,2026-07-18,2026-07-18_75,0.9999999999999665,54,55,45,157.5155268571429,153.21223493167707,0.011953588681849524,3.709028571428571,0.0,True,True,True,False,49.01999999999836,405.54845600717164,57.11667207080051,49.378206717656255,825.4185613523595,0.0,1386.4818961479862
2026-07-18T16:45:00Z,2026-07-18T17:00:00Z,2026-07-18,2026-07-18_76,1.0,54,55,45,153.21223493167707,148.13952685714293,0.014090855762594893,4.416891428571429,0.0,True,True,True,False,52.165,405.54845600717164,57.11667207080051,49.378206717656255,996.6240492028676,0.0,1560.832383998496
2026-07-18T17:00:00Z,2026-07-18T17:15:00Z,2026-07-18,2026-07-18_77,0.0,9,9,91,148.13952685714293,148.02763975155287,0.0003134260869565217,0.10337142857142856,0.0005142857142857143,True,True,True,False,0.0,820.1090999256138,7.281847832306547,8.080070190161932,18.867587611000456,-0.03729451802846299,854.3013110410543
2026-07-18T17:15:00Z,2026-07-18T17:30:00Z,2026-07-18,2026-07-18_78,0.0,9,9,91,148.02763975155287,147.94357067329202,0.00025560521739130423,0.08099999999999999,0.00432,True,True,True,False,0.0,820.1090999256138,7.281847832306547,8.080070190161932,18.43433252589216,-0.2664666043601823,853.6388838696142
2026-07-18T17:30:00Z,2026-07-18T17:45:00Z,2026-07-18,2026-07-18_79,0.0,9,9,91,147.94357067329202,147.76055203975164,0.0005083850931677018,0.16837714285714286,0.0,True,True,True,False,0.0,820.1090999256138,7.281847832306547,8.080070190161932,31.799029760519673,0.0,867.270047708602
2026-07-18T17:45:00Z,2026-07-18T18:00:00Z,2026-07-18,2026-07-18_80,0.0,9,9,91,147.76055203975164,147.56439676024854,0.0005448757763975155,0.18046285714285715,0.0,True,True,True,False,0.0,820.1090999256138,7.281847832306547,8.080070190161932,39.36622940738905,0.0,874.8372473554713
2026-07-18T18:00:00Z,2026-07-18T18:15:00Z,2026-07-18,2026-07-18_81,9.0,0,9,91,147.56439676024854,145.1231048347827,0.006781366459627328,0.0,0.004011428571428571,True,True,True,False,440.0775,820.1090999256138,0.0,8.080070190161932,0.0,-0.30604654457865466,1267.9606235711972
2026-07-18T18:15:00Z,2026-07-18T18:30:00Z,2026-07-18,2026-07-18_82,9.0,0,9,91,145.1231048347827,142.6830986236026,0.0067777950310559006,0.0,0.0051942857142857155,True,True,True,False,469.1925,820.1090999256138,0.0,8.080070190161932,0.0,-0.39629103849287345,1296.985379077283
2026-07-18T18:30:00Z,2026-07-18T18:45:00Z,2026-07-18,2026-07-18_83,0.0,0,9,91,142.6830986236026,142.68991188074546,1.8925714285714285e-05,0.0,0.007405714285714285,True,True,True,False,0.0,820.1090999256138,0.0,8.080070190161932,0.0,-0.5650090053759778,827.6241611103998
2026-07-18T18:45:00Z,2026-07-18T19:00:00Z,2026-07-18,2026-07-18_84,0.0,0,9,91,142.68991188074546,142.75449588074545,0.0001794,0.0,0.0702,True,True,True,False,0.0,820.1090999256138,0.0,8.080070190161932,0.0,-5.355814530126457,822.8333555856493
2026-07-18T19:00:00Z,2026-07-18T19:15:00Z,2026-07-18,2026-07-18_85,99.80140269070074,0,100,0,142.75449588074545,115.64572621118025,0.07530224237645707,0.0,0.010285714285714285,True,True,True,False,4872.553982866737,0.0,0.0,89.77855766846592,0.0,-0.7847347296888582,4961.547805805514
2026-07-18T19:15:00Z,2026-07-18T19:30:00Z,2026-07-18,2026-07-18_86,100.0,0,100,0,115.64572621118025,88.47181316770198,0.0754830917874396,0.0,0.0,True,True,True,False,5725.75,0.0,0.0,89.77855766846592,0.0,0.0,5815.5285576684655
2026-07-18T19:30:00Z,2026-07-18T19:45:00Z,2026-07-18,2026-07-18_87,100.0,0,100,0,88.47181316770198,61.32088149068335,0.07541925465838509,0.0,0.021142857142857144,True,True,True,False,7223.25,0.0,0.0,89.77855766846592,0.0,-1.6130658332493197,7311.415491835217
2026-07-18T19:45:00Z,2026-07-18T20:00:00Z,2026-07-18,2026-07-18_88,0.0,0,100,0,61.32088149068335,61.46335006211192,0.0003957460317460318,0.0,0.15485714285714286,True,True,True,False,0.0,0.0,0.0,89.77855766846592,0.0,-11.814617319204476,77.96394034926145
2026-07-18T20:00:00Z,2026-07-18T20:15:00Z,2026-07-18,2026-07-18_89,0.0,100,100,0,61.46335006211192,51.38509316770199,0.028071094547964113,9.284571428571429,0.014857142857142857,True,True,True,False,0.0,0.0,106.08632626981252,89.77855766846592,2499.380631983935,-0.9500733236513054,2694.295442598562
2026-07-18T20:15:00Z,2026-07-18T20:30:00Z,2026-07-18,2026-07-18_90,0.0,100,100,0,51.38509316770199,39.424223602484595,0.03322463768115942,11.004000000000001,0.0,True,True,True,False,0.0,0.0,106.08632626981252,89.77855766846592,2869.0995395677965,0.0,3064.964423506075
2026-07-18T20:30:00Z,2026-07-18T20:45:00Z,2026-07-18,2026-07-18_91,0.0,100,100,0,39.424223602484595,26.827329192546706,0.03499137336093858,11.589142857142857,0.0,True,True,True,False,0.0,0.0,106.08632626981252,89.77855766846592,3125.32186690572,0.0,3321.1867508439987
2026-07-18T20:45:00Z,2026-07-18T21:00:00Z,2026-07-18,2026-07-18_92,0.0,100,100,0,26.827329192546706,10.000000000000124,0.04674258109040717,15.481142857142856,0.0,True,True,True,False,0.0,0.0,106.08632626981252,89.77855766846592,4321.163775990932,0.0,4517.02865992921
2026-07-18T21:00:00Z,2026-07-18T21:15:00Z,2026-07-19,2026-07-18_93,-99.99999999999865,100,0,0,10.000000000000124,22.735428571428365,0.035376190476190464,11.157142857142857,0.0,True,True,True,False,-4548.749999999938,0.0,106.08632626981252,0.0,2502.858965730525,0.0,-1939.8047079996004
2026-07-18T21:15:00Z,2026-07-18T21:30:00Z,2026-07-19,2026-07-18_94,-23.79802261872743,100,0,0,22.735428571428365,17.28852011925457,0.03285485696448767,10.427999999999999,0.0,True,True,True,False,-935.2027938594412,0.0,106.08632626981252,0.0,2461.2041129909016,0.0,1632.087645401273
2026-07-18T21:30:00Z,2026-07-18T21:45:00Z,2026-07-19,2026-07-18_95,-100.00000000000011,100,0,0,17.28852011925457,36.64584583354031,0.05377034920634928,3.9594285714285715,0.0,True,True,True,False,-3683.500000000004,0.0,106.08632626981252,0.0,735.6166526159187,0.0,-2841.797021114273
2026-07-18T21:45:00Z,2026-07-18T22:00:00Z,2026-07-19,2026-07-18_96,-100.0,100,0,0,36.64584583354031,57.544565833540304,0.05805199999999999,2.284,0.0,True,True,True,False,-3426.5,0.0,106.08632626981252,0.0,391.53943428255354,0.0,-2928.874239447634
2026-07-18T22:00:00Z,2026-07-18T22:15:00Z,2026-07-19,2026-07-19_1,0.0,13,13,87,57.544565833540304,57.467236859627256,0.00021897921325051756,0.07183428571428571,0.000817142857142857,True,True,True,False,0.0,784.0603482805318,13.791222415075627,11.67121249690057,12.20100458361376,-0.06234281463639261,821.6614449614854
2026-07-18T22:15:00Z,2026-07-18T22:30:00Z,2026-07-19,2026-07-19_2,0.0,13,13,87,57.467236859627256,57.2826086956521,0.0007342109316770186,0.2065142857142857,0.043308571428571425,True,True,True,False,0.0,784.0603482805318,13.791222415075627,11.67121249690057,35.36188360313132,-2.6182401756933866,842.266426619946
2026-07-18T22:30:00Z,2026-07-18T22:45:00Z,2026-07-19,2026-07-19_3,0.0,13,13,87,57.2826086956521,57.342604422360175,0.0002263166321601104,0.00988,0.07688571428571428,True,True,True,False,0.0,784.0603482805318,13.791222415075627,11.67121249690057,1.5089646417059264,-4.050633133789097,806.9811147004248
2026-07-18T22:45:00Z,2026-07-18T23:00:00Z,2026-07-19,2026-07-19_4,0.0,13,13,87,57.342604422360175,57.778016765217316,0.0012094787301587303,0.0,0.47327428571428576,True,True,True,False,0.0,784.0603482805318,13.791222415075627,11.67121249690057,0.0,-22.528755084835822,786.9940281076722
2026-07-18T23:00:00Z,2026-07-18T23:15:00Z,2026-07-19,2026-07-19_5,5.999999999999928,7,13,87,57.778016765217316,57.38487256645957,0.004507311663215995,0.0,1.2409428571428571,True,True,True,False,202.49999999999758,784.0603482805318,7.426042838886876,11.67121249690057,0.0,-50.087662286139356,955.5699413301775
2026-07-18T23:15:00Z,2026-07-18T23:30:00Z,2026-07-19,2026-07-19_6,0.0,7,13,87,57.38487256645957,57.576915995031,0.0005334539682539682,0.0,0.20874285714285715,True,True,True,False,0.0,784.0603482805318,7.426042838886876,11.67121249690057,0.0,-11.387711381105877,791.7698922352133
2026-07-18T23:30:00Z,2026-07-18T23:45:00Z,2026-07-19,2026-07-19_7,5.225481902743601,7,13,87,57.576915995031,57.28260869565212,0.0043031995498970235,0.0,1.14036,True,True,True,False,169.90654406770818,784.0603482805318,7.426042838886876,11.67121249690057,0.0,-44.90902940738905,928.1551182766384
2026-07-18T23:45:00Z,2026-07-19T00:00:00Z,2026-07-19,2026-07-19_8,5.866725444049086,7,13,87,57.28260869565212,57.28260869565213,0.004491952066183767,0.0,1.6016742857142856,True,True,True,False,184.33251345202228,784.0603482805318,7.426042838886876,11.67121249690057,0.0,-58.662172278700716,928.8279447896408
2026-07-19T00:00:00Z,2026-07-19T00:15:00Z,2026-07-19,2026-07-19_9,49.99999999999999,50,100,0,57.28260869565213,58.067181118012385,0.03442056866804693,0.0,14.321714285714284,True,True,True,False,1594.3749999999998,0.0,53.04316313490626,96.50193595147724,0.0,-328.49061201134595,1415.4294870750373
2026-07-19T00:15:00Z,2026-07-19T00:30:00Z,2026-07-19,2026-07-19_10,50.0,50,100,0,58.067181118012385,56.55120795031052,0.034952179434092484,0.0,12.029142857142856,True,True,True,False,1528.875,0.0,53.04316313490626,96.50193595147724,0.0,-472.2429164884211,1206.1771825979624
2026-07-19T00:30:00Z,2026-07-19T00:45:00Z,2026-07-19,2026-07-19_11,48.23301816036014,50,100,0,56.55120795031052,51.59385440993784,0.035321399022014546,0.0,8.145142857142856,True,True,True,False,1457.2400611698806,0.0,53.04316313490626,96.50193595147724,0.0,-332.576114745656,1274.2090455106081
2026-07-19T00:45:00Z,2026-07-19T01:00:00Z,2026-07-19,2026-07-19_12,0.0,50,100,0,51.59385440993784,57.28260869565213,0.015802095238095237,0.0,6.183428571428571,True,True,True,False,0.0,0.0,53.04316313490626,96.50193595147724,0.0,-267.11081075631535,-117.56571166993186
2026-07-19T01:00:00Z,2026-07-19T01:15:00Z,2026-07-19,2026-07-19_13,0.9999999999999996,12,13,87,57.28260869565213,57.658379746583805,0.0022310410489993094,0.0,0.6941257142857142,True,True,True,False,30.267499999999984,784.0603482805318,12.7303591523775,12.545251673692041,0.0,-33.75464146505614,805.8488176415452
2026-07-19T01:15:00Z,2026-07-19T01:30:00Z,2026-07-19,2026-07-19_14,1.0,12,13,87,57.658379746583805,57.66777811677014,0.001395775320910973,0.0,0.3013771428571429,True,True,True,False,30.0225,784.0603482805318,12.7303591523775,12.545251673692041,0.0,-16.1479837908682,823.2104753157331
2026-07-19T01:30:00Z,2026-07-19T01:45:00Z,2026-07-19,2026-07-19_15,1.0,12,13,87,57.66777811677014,57.59527764472045,0.0012282854382332643,0.0034971428571428567,0.21765714285714285,True,True,True,False,29.75,784.0603482805318,12.7303591523775,12.545251673692041,0.5452732015814584,-11.755827140377601,827.8754051678052
2026-07-19T01:45:00Z,2026-07-19T02:00:00Z,2026-07-19,2026-07-19_16,1.0,12,13,87,57.59527764472045,57.32316065590057,0.0008210690959282264,0.012205714285714285,0.013817142857142858,True,True,True,False,29.085,784.0603482805318,12.7303591523775,12.545251673692041,2.0022758527859446,-0.9798156636321776,839.4434192957551
2026-07-19T02:00:00Z,2026-07-19T02:15:00Z,2026-07-19,2026-07-19_17,0.0,13,13,87,57.32316065590057,57.33444213664592,0.00012509175983436852,0.015525714285714283,0.030605714285714285,True,True,True,False,0.0,784.0603482805318,13.791222415075627,12.545251673692041,2.559795813113244,-1.946468322057313,811.0101498603553
2026-07-19T02:15:00Z,2026-07-19T02:30:00Z,2026-07-19,2026-07-19_18,0.0,13,13,87,57.33444213664592,57.376624924223556,0.00017100463768115944,0.008914285714285715,0.056382857142857144,True,True,True,False,0.0,784.0603482805318,13.791222415075627,12.545251673692041,1.46961850448089,-3.431429563246077,808.4350113105343
2026-07-19T02:30:00Z,2026-07-19T02:45:00Z,2026-07-19,2026-07-19_19,0.0,13,13,87,57.376624924223556,57.8450468670807,0.0013011720634920633,0.0,0.5091542857142857,True,True,True,False,0.0,784.0603482805318,13.791222415075627,12.545251673692041,0.0,-25.05518047536396,785.3416418939355
2026-07-19T02:45:00Z,2026-07-19T03:00:00Z,2026-07-19,2026-07-19_20,0.0,13,13,87,57.8450468670807,58.129216467080695,0.0007893600000000002,0.0,0.30888000000000004,True,True,True,False,0.0,784.0603482805318,13.791222415075627,12.545251673692041,0.0,-16.43864438383338,793.9581779854661
2026-07-19T03:00:00Z,2026-07-19T03:15:00Z,2026-07-19,2026-07-19_21,0.0,13,13,87,58.129216467080695,58.51964680745337,0.001084977308488613,7.428571428571429e-05,0.4244685714285715,True,True,True,False,0.0,784.0603482805318,13.661046367468385,11.67121249690057,0.01133505720661684,-21.044262661613125,788.3596795404942
2026-07-19T03:15:00Z,2026-07-19T03:30:00Z,2026-07-19,2026-07-19_22,0.0,13,13,87,58.51964680745337,59.09994600745337,0.0016119422222222223,0.0,0.63076,True,True,True,False,0.0,784.0603482805318,13.661046367468385,11.67121249690057,0.0,-27.889435556657578,781.5031715882432
2026-07-19T03:30:00Z,2026-07-19T03:45:00Z,2026-07-19,2026-07-19_23,0.0,13,13,87,59.09994600745337,60.47131377888194,0.0038093549206349208,0.0,1.4906171428571429,True,True,True,False,0.0,784.0603482805318,13.661046367468385,11.67121249690057,0.0,-56.862314476993376,752.5302926679074
2026-07-19T03:45:00Z,2026-07-19T04:00:00Z,2026-07-19,2026-07-19_24,0.0,13,13,87,60.47131377888194,60.799496178881945,0.0009116177777777777,0.0,0.35672,True,True,True,False,0.0,784.0603482805318,13.661046367468385,11.67121249690057,0.0,-17.105060451276966,792.2875466936238
2026-07-19T04:00:00Z,2026-07-19T04:15:00Z,2026-07-19,2026-07-19_25,100.0,0,100,0,60.799496178881945,44.378378166459584,0.045614216701173216,0.0,9.89257142857143,True,True,True,False,2857.25,0.0,0.0,85.68731045795266,0.0,-379.33819788939064,2563.599112568562
2026-07-19T04:15:00Z,2026-07-19T04:30:00Z,2026-07-19,2026-07-19_26,100.0,0,100,0,44.378378166459584,31.03179431552791,0.03707384403036576,0.0,12.721142857142858,True,True,True,False,2775.25,0.0,0.0,85.68731045795266,0.0,-411.5391257292176,2449.398184728735
2026-07-19T04:30:00Z,2026-07-19T04:45:00Z,2026-07-19,2026-07-19_27,100.0,0,100,0,31.03179431552791,23.664092452173875,0.02046583850931677,0.0,18.221714285714285,True,True,True,False,2731.25,0.0,0.0,85.68731045795266,0.0,3144.7601646853022,5961.697475143255
2026-07-19T04:45:00Z,2026-07-19T05:00:00Z,2026-07-19,2026-07-19_28,53.964042122512375,0,100,0,23.664092452173875,25.084149843478237,0.03352241080310517,0.0,15.923428571428571,True,True,True,False,1404.6840164489972,0.0,0.0,85.68731045795266,0.0,604.0388273665338,2094.410154273484
2026-07-19T05:00:00Z,2026-07-19T05:15:00Z,2026-07-19,2026-07-19_29,0.0,73,76,24,25.084149843478237,23.783444611180098,0.006241174216701174,1.6318628571428573,0.5141942857142857,True,True,True,False,0.0,216.29250987049153,73.37036754467948,66.01384729825098,279.75792289436333,-10.822608408105657,624.6120391996797
2026-07-19T05:15:00Z,2026-07-19T05:30:00Z,2026-07-19,2026-07-19_30,0.0,73,76,24,23.783444611180098,23.043478260869538,0.0022419154175293303,0.7116457142857142,0.03648,True,True,True,False,0.0,216.29250987049153,73.37036754467948,66.01384729825098,121.1516121034433,-2.487972320662229,474.34036449620305
2026-07-19T05:30:00Z,2026-07-19T05:45:00Z,2026-07-19,2026-07-19_31,3.000000000000014,73,76,24,23.043478260869538,23.818689918012392,0.0063620958730158834,0.015434285714285715,1.734537142857143,True,True,True,False,73.93500000000034,216.29250987049153,73.37036754467948,66.01384729825098,2.3629538461538466,-88.73635162219384,343.23832693738234
2026-07-19T05:45:00Z,2026-07-19T06:00:00Z,2026-07-19,2026-07-19_32,2.2082889688934415,73,76,24,23.818689918012392,23.11451329192544,0.0022125133748029753,0.13974285714285717,0.05168,True,True,True,False,44.75649667704782,216.29250987049153,73.37036754467948,66.01384729825098,23.040126560273354,-3.6394335653931984,419.83391438534994
2026-07-19T06:00:00Z,2026-07-19T06:15:00Z,2026-07-19,2026-07-19_33,0.0,100,100,0,23.11451329192544,19.618861118012397,0.009710144927536232,3.216,0.0,True,True,True,False,0.0,0.0,108.63262698125084,83.36989070934027,468.65675103473274,0.0,660.6592687253238
2026-07-19T06:15:00Z,2026-07-19T06:30:00Z,2026-07-19,2026-07-19_34,0.0,100,100,0,19.618861118012397,10.405196521739107,0.025593512767425806,8.476571428571427,0.0,True,True,True,False,0.0,0.0,108.63262698125084,83.36989070934027,4691.70928847993,0.0,4883.711806170521
2026-07-19T06:30:00Z,2026-07-19T06:45:00Z,2026-07-19,2026-07-19_35,0.0,100,100,0,10.405196521739107,9.999999999999977,0.006817863354037267,1.3154285714285714,1.1137142857142857,True,True,True,False,0.0,0.0,108.63262698125084,83.36989070934027,175.6417914839933,-37.3338253910731,330.3104837835113
2026-07-19T06:45:00Z,2026-07-19T07:00:00Z,2026-07-19,2026-07-19_36,0.0,100,100,0,9.999999999999977,18.947131428571403,0.024853142857142855,0.0,9.725142857142856,True,True,True,False,0.0,0.0,108.63262698125084,83.36989070934027,0.0,1063.8949028754532,1255.8974205660443
2026-07-19T07:00:00Z,2026-07-19T07:15:00Z,2026-07-19,2026-07-19_37,0.0,84,84,16,18.947131428571403,24.599611428571404,0.015701333333333335,0.0,6.144,True,True,True,False,0.0,144.19500658032769,77.52884853802284,75.51011844589827,0.0,447.6158706059624,744.8498441702112
2026-07-19T07:15:00Z,2026-07-19T07:30:00Z,2026-07-19,2026-07-19_38,0.0,84,84,16,24.599611428571404,24.2986222111801,0.0011059478260869566,0.32160000000000005,0.0528,True,True,True,False,0.0,144.19500658032769,77.52884853802284,75.51011844589827,29.10833012264206,-4.028304945736139,322.3139987411547
2026-07-19T07:30:00Z,2026-07-19T07:45:00Z,2026-07-19,2026-07-19_39,0.0,84,84,16,24.2986222111801,31.137722315527924,0.01901199304347826,0.0024,7.43664,True,True,True,False,0.0,144.19500658032769,77.52884853802284,75.51011844589827,0.21722634419882128,211.39013379618152,508.84133370462916
2026-07-19T07:45:00Z,2026-07-19T08:00:00Z,2026-07-19,2026-07-19_40,0.0,84,84,16,31.137722315527924,42.60916551552792,0.03186512,0.0,12.46896,True,True,True,False,0.0,144.19500658032769,77.52884853802284,75.51011844589827,0.0,444.691121081844,741.9250946460928
2026-07-19T08:00:00Z,2026-07-19T08:15:00Z,2026-07-19,2026-07-19_41,0.0,49,49,51,42.60916551552792,50.30702631552792,0.021382946666666663,0.0,8.367239999999999,True,True,True,False,0.0,459.6215834747945,44.17373972419844,48.996261610940515,0.0,319.18365789925423,871.9752427091877
2026-07-19T08:15:00Z,2026-07-19T08:30:00Z,2026-07-19,2026-07-19_42,0.0,49,49,51,50.30702631552792,55.10534151552792,0.013328653333333334,0.0,5.21556,True,True,True,False,0.0,459.6215834747945,44.17373972419844,48.996261610940515,0.0,146.1051160159454,698.8967008258788
2026-07-19T08:30:00Z,2026-07-19T08:45:00Z,2026-07-19,2026-07-19_43,0.0,49,49,51,55.10534151552792,61.76327111552792,0.01849424888888889,0.0,7.236880000000001,True,True,True,False,0.0,459.6215834747945,44.17373972419844,48.996261610940515,0.0,273.2840457914513,826.0756306013848
2026-07-19T08:45:00Z,2026-07-19T09:00:00Z,2026-07-19,2026-07-19_44,0.0,49,49,51,61.76327111552792,66.84494631552792,0.014115764444444446,0.0,5.52356,True,True,True,False,0.0,459.6215834747945,44.17373972419844,48.996261610940515,0.0,154.19907605332926,706.9906608632627
2026-07-19T09:00:00Z,2026-07-19T09:15:00Z,2026-07-19,2026-07-19_45,-49.0,49,0,51,66.84494631552792,78.11494631552793,0.03130555555555556,0.0,0.0,True,True,True,False,-0.49,459.6215834747945,43.68307616014038,0.0,0.0,0.0,502.81465963493486
2026-07-19T09:15:00Z,2026-07-19T09:30:00Z,2026-07-19,2026-07-19_46,-49.0,49,0,51,78.11494631552793,89.38494631552793,0.03130555555555556,0.0,0.0,True,True,True,False,-0.49,459.6215834747945,43.68307616014038,0.0,0.0,0.0,502.81465963493486
2026-07-19T09:30:00Z,2026-07-19T09:45:00Z,2026-07-19,2026-07-19_47,-49.0,49,0,51,89.38494631552793,100.59234951552793,0.03113167555555555,0.06803999999999999,0.0,True,True,True,False,-1.715,459.6215834747945,43.68307616014038,0.0,5.851577562036277,0.0,507.44123719697114
2026-07-19T09:45:00Z,2026-07-19T10:00:00Z,2026-07-19,2026-07-19_48,-49.0,49,0,51,100.59234951552793,111.54395591552793,0.030421128888888888,0.34608,0.0,True,True,True,False,-5.757499999999999,459.6215834747945,43.68307616014038,0.0,29.763579698258596,0.0,527.3107393331935
2026-07-19T10:00:00Z,2026-07-19T10:15:00Z,2026-07-19,2026-07-19_49,-19.00000000000007,49,30,51,111.54395591552793,111.95461248198758,0.015481292394755018,3.87884,0.006171428571428571,True,True,True,False,-13.727500000000052,459.6215834747945,43.68307616014038,30.023460298689656,506.5692980831219,-0.39432920166865115,1025.7755888150778
2026-07-19T10:15:00Z,2026-07-19T10:30:00Z,2026-07-19,2026-07-19_50,-19.000000000000128,49,30,51,111.95461248198758,113.75005352546587,0.014298930434782652,2.5185999999999997,0.0,True,True,True,False,-20.80500000000014,459.6215834747945,43.68307616014038,30.023460298689656,303.8451260943371,0.0,816.3682460279615
2026-07-19T10:30:00Z,2026-07-19T10:45:00Z,2026-07-19,2026-07-19_51,-15.756149949264383,49,30,51,113.75005352546587,113.98260736397513,0.014092649906650042,3.2821599999999997,0.0,True,True,True,False,-19.183112563229386,459.6215834747945,43.68307616014038,30.023460298689656,405.98019828720743,0.0,920.1252056576026
2026-07-19T10:45:00Z,2026-07-19T11:00:00Z,2026-07-19,2026-07-19_52,-18.999999999999993,49,30,51,113.98260736397513,117.03971109565215,0.01324040201518288,1.28436,0.0,True,True,True,False,-21.56499999999999,459.6215834747945,43.68307616014038,30.023460298689656,127.81965222300636,0.0,639.5827721566309
2026-07-19T11:00:00Z,2026-07-19T11:15:00Z,2026-07-19,2026-07-19_53,-49.0,49,0,51,117.03971109565215,128.17498629565216,0.03093132,0.14644,0.0,True,True,True,False,-45.57,459.6215834747945,43.68307616014038,0.0,12.981428797039806,0.0,470.71608843197464
2026-07-19T11:15:00Z,2026-07-19T11:30:00Z,2026-07-19,2026-07-19_54,-49.0,49,0,51,128.17498629565216,139.04544869565217,0.03019572888888889,0.43428,0.0,True,True,True,False,-30.7475,459.6215834747945,43.68307616014038,0.0,38.489554940967786,0.0,511.0467145759026
2026-07-19T11:30:00Z,2026-07-19T11:45:00Z,2026-07-19,2026-07-19_55,-49.0,49,0,51,139.04544869565217,150.31544869565218,0.03130555555555555,0.0,0.0,True,True,True,False,-35.525,459.6215834747945,43.68307616014038,0.0,0.0,0.0,467.7796596349349
2026-07-19T11:45:00Z,2026-07-19T12:00:00Z,2026-07-19,2026-07-19_56,-49.0,49,0,51,150.31544869565218,161.42264549565218,0.03085332444444444,0.17696,0.0,True,True,True,False,-25.112499999999997,459.6215834747945,43.68307616014038,0.0,15.68368711972382,0.0,493.87584675465865
2026-07-19T12:00:00Z,2026-07-19T12:15:00Z,2026-07-19,2026-07-19_57,0.0,49,49,51,161.42264549565218,160.3038419478261,0.003155014299516908,1.03712,0.00924,True,True,True,False,0.0,459.6215834747945,43.68307616014038,49.03831848785977,123.94641316828475,-0.7049533655038243,675.5844379255756
2026-07-19T12:15:00Z,2026-07-19T12:30:00Z,2026-07-19,2026-07-19_58,0.0,49,49,51,160.3038419478261,159.86361523478263,0.0016836697584541064,0.48132,0.09016,True,True,True,False,0.0,459.6215834747945,43.68307616014038,49.03831848785977,49.034343031528365,-5.26327421846688,596.1140469358561
2026-07-19T12:30:00Z,2026-07-19T12:45:00Z,2026-07-19,2026-07-19_59,0.0,49,49,51,159.86361523478263,159.89971770434784,0.0003877242512077295,0.0476,0.09548000000000001,True,True,True,False,0.0,459.6215834747945,43.68307616014038,49.03831848785977,4.432976406187416,-6.624049064449066,550.151905464533
2026-07-19T12:45:00Z,2026-07-19T13:00:00Z,2026-07-19,2026-07-19_60,0.0,49,49,51,159.89971770434784,159.7738983652174,0.0006700670531400966,0.16884,0.06272000000000001,True,True,True,False,0.0,459.6215834747945,43.68307616014038,49.03831848785977,15.724028076064773,-4.641906853077496,563.4250993457819
2026-07-19T13:00:00Z,2026-07-19T13:15:00Z,2026-07-19,2026-07-19_61,0.0,49,49,51,159.7738983652174,161.02197328695652,0.003522671884057971,0.00924,1.36752,True,True,True,False,0.0,459.6215834747945,45.225161647179995,43.5569055293826,0.8811917068797803,-37.87265377558222,511.4121885826546
2026-07-19T13:15:00Z,2026-07-19T13:30:00Z,2026-07-19,2026-07-19_62,0.0,49,49,51,161.02197328695652,164.99030128695654,0.011023133333333334,0.0,4.3134,True,True,True,False,0.0,459.6215834747945,45.225161647179995,43.5569055293826,0.0,64.53686883213489,612.9405194834919
2026-07-19T13:30:00Z,2026-07-19T13:45:00Z,2026-07-19,2026-07-19_63,0.0,49,49,51,164.99030128695654,165.37770880000002,0.0010862769082125604,0.0016799999999999999,0.42308,True,True,True,False,0.0,459.6215834747945,45.225161647179995,43.5569055293826,0.16021667397814185,-22.793093051555438,525.7707742737798
2026-07-19T13:45:00Z,2026-07-19T14:00:00Z,2026-07-19,2026-07-19_64,0.0,49,49,51,165.37770880000002,166.54000000000002,0.003228586666666667,0.0,1.26336,True,True,True,False,0.0,459.6215834747945,45.225161647179995,43.5569055293826,0.0,-58.58531093860269,489.8183397127544
2026-07-19T14:00:00Z,2026-07-19T14:15:00Z,2026-07-19,2026-07-19_65,0.0,51,100,0,166.54000000000002,178.04841142857146,0.03196780952380952,0.0,12.509142857142855,True,True,True,False,0.0,0.0,52.440634000267025,81.42440252531996,0.0,1065.3445430146346,1199.2095795402215
2026-07-19T14:15:00Z,2026-07-19T14:30:00Z,2026-07-19,2026-07-19_66,0.0,51,100,0,178.04841142857146,179.18942086956525,0.0033084975845410628,0.023022857142857144,1.2674285714285713,True,True,True,False,0.0,0.0,52.440634000267025,81.42440252531996,3.092881029310387,-66.29312109165319,70.66479646324419
2026-07-19T14:30:00Z,2026-07-19T14:45:00Z,2026-07-19,2026-07-19_67,0.08046809288600082,51,100,0,179.18942086956525,187.58704670807458,0.023403755123960666,0.0,9.150285714285715,True,True,True,False,1.3925003473922442,0.0,52.440634000267025,81.42440252531996,0.0,2400.0210383021395,2535.2785751751185
2026-07-19T14:45:00Z,2026-07-19T15:00:00Z,2026-07-19,2026-07-19_68,48.9999999999999,51,100,0,187.58704670807458,176.34352000000007,0.036631542443064116,0.0032057142857142853,2.071428571428571,True,True,True,False,1125.8974999999978,0.0,52.440634000267025,81.42440252531996,0.43025871941101296,-96.84103399699731,1163.3517612479984
2026-07-19T15:00:00Z,2026-07-19T15:15:00Z,2026-07-19,2026-07-19_69,0.0,0,100,0,176.34352000000007,181.2468571428572,0.013620380952380952,0.0,5.329714285714285,True,True,True,False,0.0,0.0,0.0,85.68731045795266,0.0,409.95972392596246,495.6470343839151
2026-07-19T15:15:00Z,2026-07-19T15:30:00Z,2026-07-19,2026-07-19_70,0.0,0,100,0,181.2468571428572,190.00000000000006,0.024314285714285712,0.0,9.514285714285714,True,True,True,False,0.0,0.0,0.0,85.68731045795266,0.0,3080.9851799576572,3166.67249041561
2026-07-19T15:30:00Z,2026-07-19T15:45:00Z,2026-07-19,2026-07-19_71,100.0,0,100,0,190.00000000000006,165.83291925465844,0.06713077984817115,0.0,2.7662857142857145,True,True,True,False,3759.0000000000005,0.0,0.0,85.68731045795266,0.0,-128.12795524832222,3716.5593552096307
2026-07-19T15:45:00Z,2026-07-19T16:00:00Z,2026-07-19,2026-07-19_72,100.0,0,100,0,165.83291925465844,147.04347826086962,0.052192891649413375,0.0,7.713714285714286,True,True,True,False,4270.75,0.0,0.0,85.68731045795266,0.0,72.61887690291361,4429.056187360867
2026-07-19T16:00:00Z,2026-07-19T16:15:00Z,2026-07-19,2026-07-19_73,0.0,0,100,0,147.04347826086962,154.66896397515532,0.021181904761904763,0.0,8.288571428571428,True,True,True,False,0.0,0.0,0.0,89.77855766846592,0.0,653.0532371669987,742.8317948354646
2026-07-19T16:15:00Z,2026-07-19T16:30:00Z,2026-07-19,2026-07-19_74,100.0,0,100,0,154.66896397515532,129.05902608695658,0.07113871635610766,0.0,1.4388571428571428,True,True,True,False,3881.7500000000005,0.0,0.0,89.77855766846592,0.0,-43.855928807121465,3927.672628861345
2026-07-19T16:30:00Z,2026-07-19T16:45:00Z,2026-07-19,2026-07-19_75,100.0,0,100,0,129.05902608695658,101.959647204969,0.07527605244996549,0.0,0.06857142857142857,True,True,True,False,4584.5,0.0,0.0,89.77855766846592,0.0,-4.1435040040544635,4670.135053664411
2026-07-19T16:45:00Z,2026-07-19T17:00:00Z,2026-07-19,2026-07-19_76,100.0,0,100,0,101.959647204969,74.81368447204974,0.07540545203588682,0.0,0.025714285714285714,True,True,True,False,4033.5,0.0,0.0,89.77855766846592,0.0,-1.3447312419789486,4121.933826426487
2026-07-19T17:00:00Z,2026-07-19T17:15:00Z,2026-07-19,2026-07-19_77,0.0,9,9,91,74.81368447204974,74.73089672546588,0.0002504688198757763,0.07955999999999999,0.004011428571428571,True,True,True,False,0.0,820.1090999256138,7.281847832306547,8.080070190161932,16.354603620133894,-0.2636613935035953,851.5619601747126
2026-07-19T17:15:00Z,2026-07-19T17:30:00Z,2026-07-19,2026-07-19_78,0.0,9,9,91,74.73089672546588,74.77331536894414,0.0005960904347826086,0.0792,0.13968,True,True,True,False,0.0,820.1090999256138,7.281847832306547,8.080070190161932,17.42591848023041,-7.286650212668562,845.6102862156441
2026-07-19T17:30:00Z,2026-07-19T17:45:00Z,2026-07-19,2026-07-19_79,0.0,9,9,91,74.77331536894414,74.94545350559011,0.0008098385093167702,0.05492571428571429,0.252,True,True,True,False,0.0,820.1090999256138,7.281847832306547,8.080070190161932,9.428587777211632,-12.359530794026208,832.5400749312677
2026-07-19T17:45:00Z,2026-07-19T18:00:00Z,2026-07-19,2026-07-19_80,0.0,9,9,91,74.94545350559011,74.61698145590067,0.0009124223602484471,0.30219428571428575,0.0,True,True,True,False,0.0,820.1090999256138,7.281847832306547,8.080070190161932,67.4039256136871,0.0,902.8749435617693
2026-07-19T18:00:00Z,2026-07-19T18:15:00Z,2026-07-19,2026-07-19_81,0.0,9,9,91,74.61698145590067,74.2291429465839,0.0010773291925465838,0.35681142857142856,0.0,True,True,True,False,0.0,820.1090999256138,9.449922752675047,8.080070190161932,76.11410008528541,0.0,913.7531929537362
2026-07-19T18:15:00Z,2026-07-19T18:30:00Z,2026-07-19,2026-07-19_82,0.0,9,9,91,74.2291429465839,73.92895661118018,0.0008338509316770185,0.27617142857142857,0.0,True,True,True,False,0.0,820.1090999256138,9.449922752675047,8.080070190161932,63.86392515592516,0.0,901.5030180243759
2026-07-19T18:30:00Z,2026-07-19T18:45:00Z,2026-07-19,2026-07-19_83,0.0,9,9,91,73.92895661118018,73.84274148571434,0.0003375321739130435,0.09555428571428572,0.019182857142857144,True,True,True,False,0.0,820.1090999256138,9.449922752675047,8.080070190161932,16.71289638068354,-1.202301093996507,853.1496881551378
2026-07-19T18:45:00Z,2026-07-19T19:00:00Z,2026-07-19,2026-07-19_84,0.0,9,9,91,73.84274148571434,73.47525080248452,0.0010208074534161491,0.3380914285714286,0.0,True,True,True,False,0.0,820.1090999256138,9.449922752675047,8.080070190161932,67.99571979302623,0.0,905.634812661477
2026-07-19T19:00:00Z,2026-07-19T19:15:00Z,2026-07-19,2026-07-19_85,0.0,9,9,91,73.47525080248452,72.67128806956526,0.002233229813664596,0.7396457142857142,0.0,True,True,True,False,0.0,820.1090999256138,7.281847832306547,8.080070190161932,211.1626511521704,0.0,1046.6336691002527
2026-07-19T19:15:00Z,2026-07-19T19:30:00Z,2026-07-19,2026-07-19_86,0.0,9,9,91,72.67128806956526,71.83448591304352,0.0023252390062111802,0.7699885714285714,0.00015428571428571428,True,True,True,False,0.0,820.1090999256138,7.281847832306547,8.080070190161932,209.23307481192253,-0.011771020945332873,1044.6923217390595
2026-07-19T19:30:00Z,2026-07-19T19:45:00Z,2026-07-19,2026-07-19_87,0.0,9,9,91,71.83448591304352,71.5486059329193,0.000795951055900621,0.2633142857142857,0.00036,True,True,True,False,0.0,820.1090999256138,7.281847832306547,8.080070190161932,53.870118162521834,-0.023581308054702554,889.3175548025495
2026-07-19T19:45:00Z,2026-07-19T20:00:00Z,2026-07-19,2026-07-19_88,0.0,9,9,91,71.5486059329193,71.51102390062117,0.00011175453416149068,0.035794285714285716,0.00144,True,True,True,False,0.0,820.1090999256138,7.281847832306547,8.080070190161932,6.051288587831708,-0.10792076141066968,841.4143857745033
2026-07-19T20:00:00Z,2026-07-19T20:15:00Z,2026-07-19,2026-07-19_89,75.0,25,100,0,71.51102390062117,50.027174956521804,0.05971532643202209,1.0437142857142856,0.029714285714285714,True,True,True,False,2996.625,0.0,26.52158156745313,89.77855766846592,232.90063547164462,-1.9001466473026107,3343.9256280602613
2026-07-19T20:15:00Z,2026-07-19T20:30:00Z,2026-07-19,2026-07-19_90,75.0,25,100,0,50.027174956521804,29.68214688198765,0.05657091925465838,0.010285714285714285,0.044571428571428574,True,True,True,False,2836.6875,0.0,26.52158156745313,89.77855766846592,1.5776444334242499,-3.389729021288655,2951.1755546480545
2026-07-19T20:30:00Z,2026-07-19T20:45:00Z,2026-07-19,2026-07-19_91,75.0,25,100,0,29.68214688198765,10.140658186335475,0.05532384955141477,0.012285714285714283,0.8154285714285715,True,True,True,False,2784.5625,0.0,26.52158156745313,89.77855766846592,1.9291399797821813,-46.63382326574988,2856.1579559499514
2026-07-19T20:45:00Z,2026-07-19T21:00:00Z,2026-07-19,2026-07-19_92,8.56702328919486,25,100,0,10.140658186335475,10.00000000000005,0.01133144204577095,0.0,2.341142857142857,True,True,True,False,300.6596823342936,0.0,26.52158156745313,89.77855766846592,0.0,-128.972505728836,287.98731584137664
2026-07-19T21:00:00Z,2026-07-19T21:15:00Z,2026-07-20,2026-07-19_93,-0.23512594112856403,100,24,0,10.00000000000005,10.729096109316762,0.0020252669703242016,0.0,0.7337142857142857,True,True,True,False,-8.94242735597211,0.0,106.08632626981252,21.285929542810276,0.0,-37.44645182736926,80.98337662928142
2026-07-19T21:15:00Z,2026-07-19T21:30:00Z,2026-07-20,2026-07-19_94,-75.99999999999999,100,24,0,10.729096109316762,28.838817709316757,0.05030478222222221,0.0,0.68448,True,True,True,False,-2603.3799999999997,0.0,106.08632626981252,21.285929542810276,0.0,-35.383969635125595,-2511.3917138225024
2026-07-19T21:30:00Z,2026-07-19T21:45:00Z,2026-07-20,2026-07-19_95,-75.99999999999999,100,24,0,28.838817709316757,46.490414628571415,0.04906782443064181,0.024571428571428567,0.21215999999999996,True,True,True,False,-2577.3499999999995,0.0,106.08632626981252,21.285929542810276,3.7492881529578774,-11.24226650136375,-2457.4707225357824
2026-07-19T21:45:00Z,2026-07-19T22:00:00Z,2026-07-20,2026-07-19_96,-75.99999999999999,100,24,0,46.490414628571415,64.3478260869565,0.04960806150448585,0.002857142857142857,0.41321142857142856,True,True,True,False,-2440.1699999999996,0.0,106.08632626981252,21.285929542810276,0.43596373871603233,-22.902422138238652,-2335.2642025868995
2026-07-19T22:00:00Z,2026-07-19T22:15:00Z,2026-07-20,2026-07-20_1,0.0,0,0,100,64.3478260869565,64.3478260869565,0.0,0.0,0.0,True,True,True,False,0.0,994.2016822750768,0.0,0.0,0.0,0.0,994.2016822750768
2026-07-19T22:15:00Z,2026-07-19T22:30:00Z,2026-07-20,2026-07-20_2,0.0,0,0,100,64.3478260869565,64.3478260869565,0.0,0.0,0.0,True,True,True,False,0.0,994.2016822750768,0.0,0.0,0.0,0.0,994.2016822750768
2026-07-19T22:30:00Z,2026-07-19T22:45:00Z,2026-07-20,2026-07-20_3,0.0,0,0,100,64.3478260869565,64.3478260869565,0.0,0.0,0.0,True,True,True,False,0.0,994.2016822750768,0.0,0.0,0.0,0.0,994.2016822750768
2026-07-19T22:45:00Z,2026-07-19T23:00:00Z,2026-07-20,2026-07-20_4,0.0,0,0,100,64.3478260869565,64.3478260869565,0.0,0.0,0.0,True,True,True,False,0.0,994.2016822750768,0.0,0.0,0.0,0.0,994.2016822750768
2026-07-19T23:00:00Z,2026-07-19T23:15:00Z,2026-07-20,2026-07-20_5,0.0,0,0,100,64.3478260869565,64.3478260869565,0.0,0.0,0.0,True,True,True,False,0.0,994.2016822750768,0.0,0.0,0.0,0.0,994.2016822750768
2026-07-19T23:15:00Z,2026-07-19T23:30:00Z,2026-07-20,2026-07-20_6,0.0,0,0,100,64.3478260869565,64.3478260869565,0.0,0.0,0.0,True,True,True,False,0.0,994.2016822750768,0.0,0.0,0.0,0.0,994.2016822750768
2026-07-19T23:30:00Z,2026-07-19T23:45:00Z,2026-07-20,2026-07-20_7,0.0,0,0,100,64.3478260869565,64.3478260869565,0.0,0.0,0.0,True,True,True,False,0.0,994.2016822750768,0.0,0.0,0.0,0.0,994.2016822750768
2026-07-19T23:45:00Z,2026-07-20T00:00:00Z,2026-07-20,2026-07-20_8,0.0,0,0,100,64.3478260869565,64.3478260869565,0.0,0.0,0.0,True,True,True,False,0.0,994.2016822750768,0.0,0.0,0.0,0.0,994.2016822750768
2026-07-20T00:00:00Z,2026-07-20T00:15:00Z,2026-07-20,2026-07-20_9,0.0,0,0,100,64.3478260869565,64.3478260869565,0.0,0.0,0.0,True,True,True,False,0.0,994.2016822750768,0.0,0.0,0.0,0.0,994.2016822750768
2026-07-20T00:15:00Z,2026-07-20T00:30:00Z,2026-07-20,2026-07-20_10,0.0,0,0,100,64.3478260869565,64.3478260869565,0.0,0.0,0.0,True,True,True,False,0.0,994.2016822750768,0.0,0.0,0.0,0.0,994.2016822750768
2026-07-20T00:30:00Z,2026-07-20T00:45:00Z,2026-07-20,2026-07-20_11,0.0,0,0,100,64.3478260869565,64.3478260869565,0.0,0.0,0.0,True,True,True,False,0.0,994.2016822750768,0.0,0.0,0.0,0.0,994.2016822750768
2026-07-20T00:45:00Z,2026-07-20T01:00:00Z,2026-07-20,2026-07-20_12,0.0,0,0,100,64.3478260869565,64.3478260869565,0.0,0.0,0.0,True,True,True,False,0.0,994.2016822750768,0.0,0.0,0.0,0.0,994.2016822750768
2026-07-20T01:00:00Z,2026-07-20T01:15:00Z,2026-07-20,2026-07-20_13,0.0,0,0,100,64.3478260869565,64.3478260869565,0.0,0.0,0.0,True,True,True,False,0.0,994.2016822750768,0.0,0.0,0.0,0.0,994.2016822750768
2026-07-20T01:15:00Z,2026-07-20T01:30:00Z,2026-07-20,2026-07-20_14,0.0,0,0,100,64.3478260869565,64.3478260869565,0.0,0.0,0.0,True,True,True,False,0.0,994.2016822750768,0.0,0.0,0.0,0.0,994.2016822750768
2026-07-20T01:30:00Z,2026-07-20T01:45:00Z,2026-07-20,2026-07-20_15,0.0,0,0,100,64.3478260869565,64.3478260869565,0.0,0.0,0.0,True,True,True,False,0.0,994.2016822750768,0.0,0.0,0.0,0.0,994.2016822750768
2026-07-20T01:45:00Z,2026-07-20T02:00:00Z,2026-07-20,2026-07-20_16,0.0,0,0,100,64.3478260869565,64.3478260869565,0.0,0.0,0.0,True,True,True,False,0.0,994.2016822750768,0.0,0.0,0.0,0.0,994.2016822750768
2026-07-20T02:00:00Z,2026-07-20T02:15:00Z,2026-07-20,2026-07-20_17,0.0,0,0,100,64.3478260869565,64.3478260869565,0.0,0.0,0.0,True,True,True,False,0.0,994.2016822750768,0.0,0.0,0.0,0.0,994.2016822750768
2026-07-20T02:15:00Z,2026-07-20T02:30:00Z,2026-07-20,2026-07-20_18,0.0,0,0,100,64.3478260869565,64.3478260869565,0.0,0.0,0.0,True,True,True,False,0.0,994.2016822750768,0.0,0.0,0.0,0.0,994.2016822750768
2026-07-20T02:30:00Z,2026-07-20T02:45:00Z,2026-07-20,2026-07-20_19,0.0,0,0,100,64.3478260869565,64.3478260869565,0.0,0.0,0.0,True,True,True,False,0.0,994.2016822750768,0.0,0.0,0.0,0.0,994.2016822750768
2026-07-20T02:45:00Z,2026-07-20T03:00:00Z,2026-07-20,2026-07-20_20,0.0,0,0,100,64.3478260869565,64.3478260869565,0.0,0.0,0.0,True,True,True,False,0.0,994.2016822750768,0.0,0.0,0.0,0.0,994.2016822750768
2026-07-20T03:00:00Z,2026-07-20T03:15:00Z,2026-07-20,2026-07-20_21,0.12635250501564352,10,100,0,64.3478260869565,70.57986484472043,0.017450010327541763,0.0,6.809714285714286,True,True,True,False,4.603969401507511,0.0,10.40550077247325,88.69137309504282,0.0,-310.46551052716194,-206.76466725813836
2026-07-20T03:15:00Z,2026-07-20T03:30:00Z,2026-07-20,2026-07-20_22,90.0,10,100,0,70.57986484472043,56.05536397515521,0.04508894685990338,0.0,9.28,True,True,True,False,3643.2,0.0,10.40550077247325,88.69137309504282,0.0,-412.36518720555415,3329.9316866619615
2026-07-20T03:30:00Z,2026-07-20T03:45:00Z,2026-07-20,2026-07-20_23,90.0,10,100,0,56.05536397515521,46.71948780124217,0.033153967149758455,0.0,14.127999999999998,True,True,True,False,3576.3749999999995,0.0,10.40550077247325,88.69137309504282,0.0,-446.63709321177214,3228.8347806557435
2026-07-20T03:45:00Z,2026-07-20T04:00:00Z,2026-07-20,2026-07-20_24,90.0,10,100,0,46.71948780124217,37.90773366459621,0.03194837101449275,0.0,14.617714285714287,True,True,True,False,3686.175,0.0,10.40550077247325,88.69137309504282,0.0,-558.1352179682456,3227.136655899271
2026-07-20T04:00:00Z,2026-07-20T04:15:00Z,2026-07-20,2026-07-20_25,0.0,100,100,0,37.90773366459621,49.59646509316764,0.03246869841269842,0.0,12.70514285714286,True,True,True,False,0.0,0.0,97.30301932136794,83.9707032367583,0.0,-100.8118880772092,80.46183448091703
2026-07-20T04:15:00Z,2026-07-20T04:30:00Z,2026-07-20,2026-07-20_26,0.0,100,100,0,49.59646509316764,58.57934509316764,0.024952444444444447,0.0,9.764000000000001,True,True,True,False,0.0,0.0,97.30301932136794,83.9707032367583,0.0,-417.16149459268735,-235.88777203456112
2026-07-20T04:30:00Z,2026-07-20T04:45:00Z,2026-07-20,2026-07-20_27,0.0,100,100,0,58.57934509316764,64.30542509316764,0.015905777777777776,0.0,6.223999999999999,True,True,True,False,0.0,0.0,97.30301932136794,83.9707032367583,0.0,-301.52845791451296,-120.25473535638672
2026-07-20T04:45:00Z,2026-07-20T05:00:00Z,2026-07-20,2026-07-20_28,0.0,100,100,0,64.30542509316764,64.34782608695646,0.0012081877156659767,0.18057142857142858,0.25942857142857145,True,True,True,False,0.0,0.0,97.30301932136794,83.9707032367583,30.789927275798835,-15.530681111598545,196.53296872232653
2026-07-20T05:00:00Z,2026-07-20T05:15:00Z,2026-07-20,2026-07-20_29,0.0,0,0,100,64.34782608695646,64.34782608695646,0.0,0.0,0.0,True,True,True,False,0.0,994.2016822750768,0.0,0.0,0.0,0.0,994.2016822750768
2026-07-20T05:15:00Z,2026-07-20T05:30:00Z,2026-07-20,2026-07-20_30,0.0,0,0,100,64.34782608695646,64.34782608695646,0.0,0.0,0.0,True,True,True,False,0.0,994.2016822750768,0.0,0.0,0.0,0.0,994.2016822750768
2026-07-20T05:30:00Z,2026-07-20T05:45:00Z,2026-07-20,2026-07-20_31,0.0,0,0,100,64.34782608695646,64.34782608695646,0.0,0.0,0.0,True,True,True,False,0.0,994.2016822750768,0.0,0.0,0.0,0.0,994.2016822750768
2026-07-20T05:45:00Z,2026-07-20T06:00:00Z,2026-07-20,2026-07-20_32,0.0,0,0,100,64.34782608695646,64.34782608695646,0.0,0.0,0.0,True,True,True,False,0.0,994.2016822750768,0.0,0.0,0.0,0.0,994.2016822750768
2026-07-20T06:00:00Z,2026-07-20T06:15:00Z,2026-07-20,2026-07-20_33,37.0,0,37,63,64.34782608695646,54.98245962732913,0.026014906832298137,0.0,0.6338628571428572,True,True,True,False,1470.75,626.3470598332983,0.0,28.475652787579392,0.0,-36.649771710857955,2088.92294091002
2026-07-20T06:15:00Z,2026-07-20T06:30:00Z,2026-07-20,2026-07-20_34,37.0,0,37,63,54.98245962732913,45.958826086956456,0.025065648723257415,0.0,0.9482571428571429,True,True,True,False,1295.0,626.3470598332983,0.0,28.475652787579392,0.0,-54.259501965923995,1895.5632106549538
2026-07-20T06:30:00Z,2026-07-20T06:45:00Z,2026-07-20,2026-07-20_35,11.048559118580394,0,37,63,45.958826086956456,44.33693065341609,0.009607763252298463,0.0,1.4233371428571429,True,True,True,False,333.3902714031634,626.3470598332983,0.0,28.475652787579392,0.0,-39.037048412138326,949.1759356119028
2026-07-20T06:45:00Z,2026-07-20T07:00:00Z,2026-07-20,2026-07-20_36,0.0,0,37,63,44.33693065341609,48.590958081987516,0.011816742857142858,0.0,4.623942857142858,True,True,True,False,0.0,626.3470598332983,0.0,28.475652787579392,0.0,72.14740800483922,726.970120625717
2026-07-20T07:00:00Z,2026-07-20T07:15:00Z,2026-07-20,2026-07-20_37,0.0,28,29,71,48.590958081987516,48.58695652173907,0.0038420246514837817,0.63808,0.7495257142857142,True,True,True,False,0.0,705.8831944153045,25.842949512674284,24.865913902611148,109.49481522058403,-2.154123378827966,863.932749672346
2026-07-20T07:15:00Z,2026-07-20T07:30:00Z,2026-07-20,2026-07-20_38,1.0,28,29,71,48.58695652173907,48.61792663850925,0.001560976342305038,0.0057599999999999995,0.3337485714285714,True,True,True,False,25.5,705.8831944153045,25.842949512674284,24.865913902611148,0.9876671307863968,-17.48530848412683,765.5944164772495
2026-07-20T07:30:00Z,2026-07-20T07:45:00Z,2026-07-20,2026-07-20_39,0.9999999999999929,28,29,71,48.61792663850925,48.80810645465832,0.001975758288474806,0.0072,0.5074171428571429,True,True,True,False,22.33249999999984,705.8831944153045,25.842949512674284,24.865913902611148,1.2345839134829961,-23.375700950673433,756.7834407933993
2026-07-20T07:45:00Z,2026-07-20T08:00:00Z,2026-07-20,2026-07-20_40,0.0,28,29,71,48.80810645465832,49.022445614906765,0.000808913126293996,0.03536,0.27475428571428573,True,True,True,False,0.0,705.8831944153045,25.842949512674284,24.865913902611148,6.063178775105381,-9.657406929098673,752.9978296765967
2026-07-20T08:00:00Z,2026-07-20T08:15:00Z,2026-07-20,2026-07-20_41,0.0,29,0,71,49.022445614906765,49.022445614906765,0.0,0.0,0.0,True,True,True,False,0.0,705.8831944153045,25.289057582635564,0.0,0.0,0.0,731.1722519979401
2026-07-20T08:15:00Z,2026-07-20T08:30:00Z,2026-07-20,2026-07-20_42,9.35147943381193e-15,29,0,71,49.022445614906765,49.01127791304341,3.102139406487938e-05,0.010274285714285713,0.0,True,True,True,False,1.715061328161108e-13,705.8831944153045,25.289057582635564,0.0,1.369800246864467,0.0,732.5420522448047
2026-07-20T08:30:00Z,2026-07-20T08:45:00Z,2026-07-20,2026-07-20_43,-29.0,29,0,71,49.01127791304341,55.61130008447198,0.018333394920634922,0.07606285714285714,0.0,True,True,True,False,-419.92,705.8831944153045,25.289057582635564,0.0,10.140940537270813,0.0,321.39319253521086
2026-07-20T08:45:00Z,2026-07-20T09:00:00Z,2026-07-20,2026-07-20_44,-29.0,29,0,71,55.61130008447198,61.99788225590055,0.017740506031746033,0.30806285714285714,0.0,True,True,True,False,-173.4925,705.8831944153045,25.289057582635564,0.0,42.520947426587796,0.0,600.2006994245279
2026-07-20T09:00:00Z,2026-07-20T09:15:00Z,2026-07-20,2026-07-20_45,-66.99999999999996,67,0,33,61.99788225590055,71.47917094161483,0.02633691301587301,6.444251428571429,0.0,True,True,True,False,-1094.7799999999993,328.0865551507754,57.62135459383165,0.0,940.9511731816909,0.0,231.87908292629868
2026-07-20T09:15:00Z,2026-07-20T09:30:00Z,2026-07-20,2026-07-20_46,-66.99999999999999,67,0,33,71.47917094161483,83.76419905590053,0.03412507809523809,3.3967085714285714,0.0,True,True,True,False,-752.4099999999999,328.0865551507754,57.62135459383165,0.0,466.0259022710986,0.0,99.32381201570576
2026-07-20T09:30:00Z,2026-07-20T09:45:00Z,2026-07-20,2026-07-20_47,-67.0,67,0,33,83.76419905590053,95.49129711304339,0.03257527238095238,4.003154285714285,0.0,True,True,True,False,-426.79,328.0865551507754,57.62135459383165,0.0,558.8946716620845,0.0,517.8125814066915
2026-07-20T09:45:00Z,2026-07-20T10:00:00Z,2026-07-20,2026-07-20_48,-67.0,67,0,33,95.49129711304339,109.83756682732911,0.039850749206349206,1.1562285714285714,0.0,True,True,True,False,-667.655,328.0865551507754,57.62135459383165,0.0,153.7892722402814,0.0,-128.15781801511153
2026-07-20T10:00:00Z,2026-07-20T10:15:00Z,2026-07-20,2026-07-20_49,0.0,0,0,71,109.83756682732911,109.83756682732911,0.0,0.0,0.0,True,False,True,False,0.0,705.8831944153045,0.0,0.0,0.0,0.0,705.8831944153045
2026-07-20T10:15:00Z,2026-07-20T10:30:00Z,2026-07-20,2026-07-20_50,0.0,0,0,71,109.83756682732911,109.83756682732911,0.0,0.0,0.0,True,False,True,False,0.0,705.8831944153045,0.0,0.0,0.0,0.0,705.8831944153045
2026-07-20T10:30:00Z,2026-07-20T10:45:00Z,2026-07-20,2026-07-20_51,0.0,0,0,71,109.83756682732911,109.83756682732911,0.0,0.0,0.0,True,False,True,False,0.0,705.8831944153045,0.0,0.0,0.0,0.0,705.8831944153045
2026-07-20T10:45:00Z,2026-07-20T11:00:00Z,2026-07-20,2026-07-20_52,0.0,0,0,71,109.83756682732911,109.83756682732911,0.0,0.0,0.0,True,False,True,False,0.0,705.8831944153045,0.0,0.0,0.0,0.0,705.8831944153045
2026-07-20T11:00:00Z,2026-07-20T11:15:00Z,2026-07-20,2026-07-20_53,-29.0,0,0,71,109.83756682732911,116.50756682732911,0.01852777777777778,0.0,0.0,True,False,True,False,-343.795,705.8831944153045,0.0,0.0,0.0,0.0,362.0881944153045
2026-07-20T11:15:00Z,2026-07-20T11:30:00Z,2026-07-20,2026-07-20_54,-29.0,0,0,71,116.50756682732911,123.17756682732912,0.01852777777777778,0.0,0.0,True,False,True,False,-349.66749999999996,705.8831944153045,0.0,0.0,0.0,0.0,356.21569441530454
2026-07-20T11:30:00Z,2026-07-20T11:45:00Z,2026-07-20,2026-07-20_55,-29.0,0,0,71,123.17756682732912,129.8475668273291,0.01852777777777778,0.0,0.0,True,False,True,False,-275.71750000000003,705.8831944153045,0.0,0.0,0.0,0.0,430.1656944153045
2026-07-20T11:45:00Z,2026-07-20T12:00:00Z,2026-07-20,2026-07-20_56,-29.0,0,0,71,129.8475668273291,136.5175668273291,0.01852777777777778,0.0,0.0,True,False,True,False,-261.435,705.8831944153045,0.0,0.0,0.0,0.0,444.4481944153045
2026-07-20T12:00:00Z,2026-07-20T12:15:00Z,2026-07-20,2026-07-20_57,-29.0,0,0,71,136.5175668273291,143.18756682732908,0.01852777777777778,0.0,0.0,True,False,True,False,-344.01250000000005,705.8831944153045,0.0,0.0,0.0,0.0,361.87069441530446
2026-07-20T12:15:00Z,2026-07-20T12:30:00Z,2026-07-20,2026-07-20_58,-29.0,0,0,71,143.18756682732908,149.85756682732907,0.01852777777777778,0.0,0.0,True,False,True,False,-373.955,705.8831944153045,0.0,0.0,0.0,0.0,331.9281944153045
2026-07-20T12:30:00Z,2026-07-20T12:45:00Z,2026-07-20,2026-07-20_59,-28.72318513637597,0,0,71,149.85756682732907,156.46389940869554,0.018350923837129093,0.0,0.0,True,False,True,False,-423.45155687302275,705.8831944153045,0.0,0.0,0.0,0.0,282.43163754228175
2026-07-20T12:45:00Z,2026-07-20T13:00:00Z,2026-07-20,2026-07-20_60,0.0,0,0,71,156.46389940869554,156.46389940869554,0.0,0.0,0.0,True,False,True,False,0.0,705.8831944153045,0.0,0.0,0.0,0.0,705.8831944153045
2026-07-20T13:00:00Z,2026-07-20T13:15:00Z,2026-07-20,2026-07-20_61,0.0,29,29,71,156.46389940869554,156.29080291180114,0.0005358775707384404,0.16836571428571429,0.010771428571428572,True,True,True,False,0.0,705.8831944153045,26.04407865875756,25.778576741879494,21.65655340801029,-0.8123718607204847,778.5500313632314
2026-07-20T13:15:00Z,2026-07-20T13:30:00Z,2026-07-20,2026-07-20_62,0.0,29,29,71,156.29080291180114,157.29609234285704,0.0028094823740510695,0.0028171428571428575,1.0960342857142855,True,True,True,False,0.0,705.8831944153045,26.04407865875756,25.778576741879494,0.3693321624073918,-40.618220764407916,717.456961213941
2026-07-20T13:30:00Z,2026-07-20T13:45:00Z,2026-07-20,2026-07-20_63,0.0,29,29,71,157.29609234285704,155.98312422360237,0.0038910650931677014,1.2483257142857143,0.04772571428571428,True,True,True,False,0.0,705.8831944153045,26.04407865875756,25.778576741879494,192.44749599649052,-2.6568883022754584,947.4964575101566
2026-07-20T13:45:00Z,2026-07-20T14:00:00Z,2026-07-20,2026-07-20_64,0.0,29,29,71,155.98312422360237,156.44025731180113,0.0022765084057971017,0.16670857142857143,0.6938457142857143,True,True,True,False,0.0,705.8831944153045,26.04407865875756,25.778576741879494,22.225350554627617,-23.2521490015068,756.6790513690623
2026-07-20T14:00:00Z,2026-07-20T14:15:00Z,2026-07-20,2026-07-20_65,0.0,0,100,0,156.44025731180113,170.38482874037257,0.03873492063492063,0.0,15.157142857142855,True,True,True,False,0.0,0.0,0.0,74.50075339983597,0.0,2259.6831388299274,2334.1838922297634
2026-07-20T14:15:00Z,2026-07-20T14:30:00Z,2026-07-20,2026-07-20_66,0.0,0,100,0,170.38482874037257,178.54023445465828,0.022653904761904764,0.0,8.864571428571429,True,True,True,False,0.0,0.0,0.0,74.50075339983597,0.0,-350.5114676446787,-276.01071424484275
2026-07-20T14:30:00Z,2026-07-20T14:45:00Z,2026-07-20,2026-07-20_67,65.96658502787899,0,100,0,178.54023445465828,162.91614906832285,0.047286745131494064,0.0,2.2342857142857144,True,True,True,False,1927.8734474397636,0.0,0.0,74.50075339983597,0.0,-101.48615024945302,1900.8880505901466
2026-07-20T14:45:00Z,2026-07-20T15:00:00Z,2026-07-20,2026-07-20_68,100.0,0,100,0,162.91614906832285,143.9999999999999,0.05254485852311939,0.0,7.597142857142856,True,True,True,False,3625.0,0.0,0.0,74.50075339983597,0.0,-326.6413517055718,3372.8594016942643
2026-07-20T15:00:00Z,2026-07-20T15:15:00Z,2026-07-20,2026-07-20_69,0.0,0,0,100,143.9999999999999,143.9999999999999,0.0,0.0,0.0,True,False,True,False,0.0,994.2016822750768,0.0,0.0,0.0,0.0,994.2016822750768
2026-07-20T15:15:00Z,2026-07-20T15:30:00Z,2026-07-20,2026-07-20_70,0.0,0,0,100,143.9999999999999,143.9999999999999,0.0,0.0,0.0,True,False,True,False,0.0,994.2016822750768,0.0,0.0,0.0,0.0,994.2016822750768
2026-07-20T15:30:00Z,2026-07-20T15:45:00Z,2026-07-20,2026-07-20_71,0.0,0,0,100,143.9999999999999,143.9999999999999,0.0,0.0,0.0,True,False,True,False,0.0,994.2016822750768,0.0,0.0,0.0,0.0,994.2016822750768
2026-07-20T15:45:00Z,2026-07-20T16:00:00Z,2026-07-20,2026-07-20_72,0.0,0,0,100,143.9999999999999,143.9999999999999,0.0,0.0,0.0,True,False,True,False,0.0,994.2016822750768,0.0,0.0,0.0,0.0,994.2016822750768
2026-07-20T16:00:00Z,2026-07-20T16:15:00Z,2026-07-20,2026-07-20_73,0.0,100,100,0,143.9999999999999,149.62230459627315,0.01800191580400276,0.3948571428571428,6.577714285714285,True,True,True,False,0.0,0.0,104.79887085391674,85.48703961547999,71.35429846622507,-206.64553924627322,54.994669689348584
2026-07-20T16:15:00Z,2026-07-20T16:30:00Z,2026-07-20,2026-07-20_74,0.0,100,100,0,149.62230459627315,142.62608198757752,0.019489443754313315,6.445714285714285,0.010857142857142857,True,True,True,False,0.0,0.0,104.79887085391674,85.48703961547999,1628.9625272817934,-0.6988505271074079,1818.5495872240826
2026-07-20T16:30:00Z,2026-07-20T16:45:00Z,2026-07-20,2026-07-20_75,0.0,100,100,0,142.62608198757752,119.06956024844709,0.06543478260869566,21.672000000000004,0.0,True,True,True,False,0.0,0.0,104.79887085391674,85.48703961547999,15875.416875393395,0.0,16065.702785862792
2026-07-20T16:45:00Z,2026-07-20T17:00:00Z,2026-07-20,2026-07-20_76,0.0,100,100,0,119.06956024844709,99.46769689440983,0.0544496204278813,18.033714285714286,0.0,True,True,True,False,0.0,0.0,104.79887085391674,85.48703961547999,5622.83568537587,0.0,5813.121595845267
2026-07-20T17:00:00Z,2026-07-20T17:15:00Z,2026-07-20,2026-07-20_77,0.0,0,0,100,99.46769689440983,99.46769689440983,0.0,0.0,0.0,True,True,True,False,0.0,994.2016822750768,0.0,0.0,0.0,0.0,994.2016822750768
2026-07-20T17:15:00Z,2026-07-20T17:30:00Z,2026-07-20,2026-07-20_78,0.0,0,0,100,99.46769689440983,99.46769689440983,0.0,0.0,0.0,True,True,True,False,0.0,994.2016822750768,0.0,0.0,0.0,0.0,994.2016822750768
2026-07-20T17:30:00Z,2026-07-20T17:45:00Z,2026-07-20,2026-07-20_79,0.0,0,0,100,99.46769689440983,99.46769689440983,0.0,0.0,0.0,True,True,True,False,0.0,994.2016822750768,0.0,0.0,0.0,0.0,994.2016822750768
2026-07-20T17:45:00Z,2026-07-20T18:00:00Z,2026-07-20,2026-07-20_80,0.0,0,0,100,99.46769689440983,99.46769689440983,0.0,0.0,0.0,True,True,True,False,0.0,994.2016822750768,0.0,0.0,0.0,0.0,994.2016822750768
2026-07-20T18:00:00Z,2026-07-20T18:15:00Z,2026-07-20,2026-07-20_81,0.0,0,0,100,99.46769689440983,99.46769689440983,0.0,0.0,0.0,True,True,True,False,0.0,994.2016822750768,0.0,0.0,0.0,0.0,994.2016822750768
2026-07-20T18:15:00Z,2026-07-20T18:30:00Z,2026-07-20,2026-07-20_82,0.0,0,0,100,99.46769689440983,99.46769689440983,0.0,0.0,0.0,True,True,True,False,0.0,994.2016822750768,0.0,0.0,0.0,0.0,994.2016822750768
2026-07-20T18:30:00Z,2026-07-20T18:45:00Z,2026-07-20,2026-07-20_83,0.0,0,0,100,99.46769689440983,99.46769689440983,0.0,0.0,0.0,True,True,True,False,0.0,994.2016822750768,0.0,0.0,0.0,0.0,994.2016822750768
2026-07-20T18:45:00Z,2026-07-20T19:00:00Z,2026-07-20,2026-07-20_84,0.0,0,0,100,99.46769689440983,99.46769689440983,0.0,0.0,0.0,True,True,True,False,0.0,994.2016822750768,0.0,0.0,0.0,0.0,994.2016822750768
2026-07-20T19:00:00Z,2026-07-20T19:15:00Z,2026-07-20,2026-07-20_85,0.0,0,0,100,99.46769689440983,99.46769689440983,0.0,0.0,0.0,True,True,True,False,0.0,994.2016822750768,0.0,0.0,0.0,0.0,994.2016822750768
2026-07-20T19:15:00Z,2026-07-20T19:30:00Z,2026-07-20,2026-07-20_86,0.0,0,0,100,99.46769689440983,99.46769689440983,0.0,0.0,0.0,True,True,True,False,0.0,994.2016822750768,0.0,0.0,0.0,0.0,994.2016822750768
2026-07-20T19:30:00Z,2026-07-20T19:45:00Z,2026-07-20,2026-07-20_87,0.0,0,0,100,99.46769689440983,99.46769689440983,0.0,0.0,0.0,True,True,True,False,0.0,994.2016822750768,0.0,0.0,0.0,0.0,994.2016822750768
2026-07-20T19:45:00Z,2026-07-20T20:00:00Z,2026-07-20,2026-07-20_88,0.0,0,0,100,99.46769689440983,99.46769689440983,0.0,0.0,0.0,True,True,True,False,0.0,994.2016822750768,0.0,0.0,0.0,0.0,994.2016822750768
2026-07-20T20:00:00Z,2026-07-20T20:15:00Z,2026-07-20,2026-07-20_89,74.0,0,74,26,99.46769689440983,79.52446708074523,0.055397860593512774,0.0,0.15222857142857144,True,True,True,False,3447.29,258.49243739151996,0.0,63.26040931545519,0.0,-7.601179151124105,3761.441667555851
2026-07-20T20:15:00Z,2026-07-20T20:30:00Z,2026-07-20,2026-07-20_90,74.0,0,74,26,79.52446708074523,59.45621863354026,0.05574513457556936,0.0,0.03721142857142857,True,True,True,False,3255.6299999999997,258.49243739151996,0.0,63.26040931545519,0.0,-2.5196088315354372,3574.863237875439
2026-07-20T20:30:00Z,2026-07-20T20:45:00Z,2026-07-20,2026-07-20_91,74.0,0,74,26,59.45621863354026,40.622069565217274,0.05231708074534162,0.0,1.1725828571428571,True,True,True,False,3180.89,258.49243739151996,0.0,63.26040931545519,0.0,-57.228413025506605,3445.4144336814684
2026-07-20T20:45:00Z,2026-07-20T21:00:00Z,2026-07-20,2026-07-20_92,73.67224019327084,0,74,26,40.622069565217274,24.130434782608617,0.04588362427643509,0.0,3.2479657142857143,True,True,True,False,3038.979907972422,258.49243739151996,0.0,63.26040931545519,0.0,-158.11012102026416,3202.622633659133
2026-07-20T21:00:00Z,2026-07-20T21:15:00Z,2026-07-21,2026-07-20_93,0.0,100,100,0,24.130434782608617,29.16888049689433,0.01399568253968254,0.0,5.476571428571429,True,True,True,False,0.0,0.0,106.61757692527803,81.35098529215391,0.0,-277.90823633930785,-89.93967412187591
2026-07-20T21:15:00Z,2026-07-20T21:30:00Z,2026-07-21,2026-07-20_94,0.0,100,100,0,29.16888049689433,40.373429068322906,0.03112374603174603,0.0,12.178857142857142,True,True,True,False,0.0,0.0,106.61757692527803,81.35098529215391,0.0,-587.9613308733959,-399.99276865596397
2026-07-20T21:30:00Z,2026-07-20T21:45:00Z,2026-07-21,2026-07-20_95,0.0,100,100,0,40.373429068322906,46.91331478260862,0.018166349206349207,0.0,7.108571428571428,True,True,True,False,0.0,0.0,106.61757692527803,81.35098529215391,0.0,-355.78928183089107,-167.82071961345912
2026-07-20T21:45:00Z,2026-07-20T22:00:00Z,2026-07-21,2026-07-20_96,0.0,100,100,0,46.91331478260862,64.33758906832291,0.048400761904761905,0.0,18.93942857142857,True,True,True,False,0.0,0.0,106.61757692527803,81.35098529215391,0.0,-261.1329579476055,-73.16439573017358
2026-07-20T22:00:00Z,2026-07-20T22:15:00Z,2026-07-21,2026-07-21_1,0.0,1,0,99,64.33758906832291,64.33583751552788,4.865424430641821e-06,0.0016114285714285714,0.0,True,True,True,False,0.0,984.4098739054958,1.0661757692527802,0.0,0.20412863111021484,0.0,985.6801783058588
2026-07-20T22:15:00Z,2026-07-20T22:30:00Z,2026-07-21,2026-07-21_2,0.0,1,0,99,64.33583751552788,64.27381888198751,0.00017227398205659075,0.057057142857142855,0.0,True,True,True,False,0.0,984.4098739054958,1.0661757692527802,0.0,9.87168789498211,0.0,995.3477375697307
2026-07-20T22:30:00Z,2026-07-20T22:45:00Z,2026-07-21,2026-07-21_3,-1.0,1,0,99,64.27381888198751,64.3851756819875,0.00030932444444444444,0.12896000000000002,0.0,True,True,True,False,-42.035,984.4098739054958,1.0661757692527802,0.0,29.19065357776464,0.0,972.6317032525133
2026-07-20T22:45:00Z,2026-07-20T23:00:00Z,2026-07-21,2026-07-21_4,-0.05855940464733234,1,0,99,64.3851756819875,64.3478260869565,0.00016445449120894388,0.047177142857142855,0.0,True,True,True,False,-2.358772819194547,984.4098739054958,1.0661757692527802,0.0,10.468833081616692,0.0,993.5861099371707
2026-07-20T23:00:00Z,2026-07-20T23:15:00Z,2026-07-21,2026-07-21_5,0.0,0,0,100,64.3478260869565,64.3478260869565,0.0,0.0,0.0,True,False,True,False,0.0,994.3534079853493,0.0,0.0,0.0,0.0,994.3534079853493
2026-07-20T23:15:00Z,2026-07-20T23:30:00Z,2026-07-21,2026-07-21_6,0.0,0,0,100,64.3478260869565,64.3478260869565,0.0,0.0,0.0,True,False,True,False,0.0,994.3534079853493,0.0,0.0,0.0,0.0,994.3534079853493
2026-07-20T23:30:00Z,2026-07-20T23:45:00Z,2026-07-21,2026-07-21_7,0.0,0,0,100,64.3478260869565,64.3478260869565,0.0,0.0,0.0,True,False,True,False,0.0,994.3534079853493,0.0,0.0,0.0,0.0,994.3534079853493
2026-07-20T23:45:00Z,2026-07-21T00:00:00Z,2026-07-21,2026-07-21_8,0.0,0,0,100,64.3478260869565,64.3478260869565,0.0,0.0,0.0,True,False,True,False,0.0,994.3534079853493,0.0,0.0,0.0,0.0,994.3534079853493
2026-07-21T00:00:00Z,2026-07-21T00:15:00Z,2026-07-21,2026-07-21_9,-60.000000000000014,100,40,0,64.3478260869565,61.338689192546575,0.032786904071773634,17.034285714285712,0.0,True,True,True,False,-2459.850000000001,0.0,106.61757692527803,37.85124282253296,5035.364882666979,0.0,2719.9837024147887
2026-07-21T00:15:00Z,2026-07-21T00:30:00Z,2026-07-21,2026-07-21_10,-60.000000000000014,100,40,0,61.338689192546575,59.71499508074534,0.03324405189786059,15.630285714285716,0.0,True,True,True,False,-2451.1500000000005,0.0,106.61757692527803,37.85124282253296,4974.546177404366,0.0,2667.8649971521763
2026-07-21T00:30:00Z,2026-07-21T00:45:00Z,2026-07-21,2026-07-21_11,0.0,100,40,0,59.71499508074534,52.97400129192546,0.018724982746721873,6.201714285714285,0.0,True,True,True,False,0.0,0.0,106.61757692527803,37.85124282253296,1422.9657803443004,0.0,1567.4346000921114
2026-07-21T00:45:00Z,2026-07-21T01:00:00Z,2026-07-21,2026-07-21_12,-59.55243179165519,100,40,0,52.97400129192546,64.3478260869565,0.037340080549128886,2.3525714285714283,0.0,True,True,True,False,-2285.324570004768,0.0,106.61757692527803,37.85124282253296,396.072213698436,0.0,-1744.7835365585208
2026-07-21T01:00:00Z,2026-07-21T01:15:00Z,2026-07-21,2026-07-21_13,0.0,0,0,100,64.3478260869565,64.3478260869565,0.0,0.0,0.0,True,True,True,False,0.0,994.3534079853493,0.0,0.0,0.0,0.0,994.3534079853493
2026-07-21T01:15:00Z,2026-07-21T01:30:00Z,2026-07-21,2026-07-21_14,0.0,0,0,100,64.3478260869565,64.3478260869565,0.0,0.0,0.0,True,True,True,False,0.0,994.3534079853493,0.0,0.0,0.0,0.0,994.3534079853493
2026-07-21T01:30:00Z,2026-07-21T01:45:00Z,2026-07-21,2026-07-21_15,0.0,0,0,100,64.3478260869565,64.3478260869565,0.0,0.0,0.0,True,True,True,False,0.0,994.3534079853493,0.0,0.0,0.0,0.0,994.3534079853493
2026-07-21T01:45:00Z,2026-07-21T02:00:00Z,2026-07-21,2026-07-21_16,0.0,0,0,100,64.3478260869565,64.3478260869565,0.0,0.0,0.0,True,True,True,False,0.0,994.3534079853493,0.0,0.0,0.0,0.0,994.3534079853493
2026-07-21T02:00:00Z,2026-07-21T02:15:00Z,2026-07-21,2026-07-21_17,0.0,86,100,0,64.3478260869565,65.26266931677016,0.003983467218771567,0.2388342857142857,1.2765714285714287,True,True,True,False,0.0,0.0,91.69111615573911,94.6281070563324,28.247151166789756,-71.54410767767554,143.0222667011857
2026-07-21T02:15:00Z,2026-07-21T02:30:00Z,2026-07-21,2026-07-21_18,0.0,86,100,0,65.26266931677016,74.20244074534159,0.02483269841269841,0.0,9.717142857142855,True,True,True,False,0.0,0.0,91.69111615573911,94.6281070563324,0.0,-467.31669859680005,-280.99747538472855
2026-07-21T02:30:00Z,2026-07-21T02:45:00Z,2026-07-21,2026-07-21_19,14.0,86,100,0,74.20244074534159,84.28671320248444,0.03670075682539682,0.0,14.722285714285713,True,True,True,False,547.96,0.0,91.69111615573911,94.6281070563324,0.0,-653.0649904209598,81.21423279111173
2026-07-21T02:45:00Z,2026-07-21T03:00:00Z,2026-07-21,2026-07-21_20,14.0,86,100,0,84.28671320248444,93.28637519503103,0.03465993065562457,0.0,13.572571428571429,True,True,True,False,554.085,0.0,91.69111615573911,94.6281070563324,0.0,2393.428894745018,3133.8331179570896
2026-07-21T03:00:00Z,2026-07-21T03:15:00Z,2026-07-21,2026-07-21_21,99.99999999999991,0,100,0,93.28637519503103,87.67457395279503,0.015588336783988981,0.0,19.837142857142858,True,True,True,False,3779.749999999997,0.0,0.0,81.35098529215391,0.0,3714.080318411106,7575.181303703257
2026-07-21T03:15:00Z,2026-07-21T03:30:00Z,2026-07-21,2026-07-21_22,100.0,0,100,0,87.67457395279503,83.7267478658385,0.010966183574879234,0.0,21.368,True,True,True,False,3897.2499999999995,0.0,0.0,81.35098529215391,0.0,313.95523320806547,4292.556218500219
2026-07-21T03:30:00Z,2026-07-21T03:45:00Z,2026-07-21,2026-07-21_23,100.00000000000001,0,100,0,83.7267478658385,78.58761743105589,0.014275362318840596,0.0,20.272,True,True,True,False,3896.500000000001,0.0,0.0,81.35098529215391,0.0,-288.87242288395873,3688.978562408196
2026-07-21T03:45:00Z,2026-07-21T04:00:00Z,2026-07-21,2026-07-21_24,98.79651112829102,0,100,0,78.58761743105589,64.34782608695649,0.04026974136883822,0.0,11.620000000000001,True,True,True,False,3821.202059164476,0.0,0.0,81.35098529215391,0.0,-555.3088075389634,3347.2442369176665
2026-07-21T04:00:00Z,2026-07-21T04:15:00Z,2026-07-21,2026-07-21_25,0.0,0,0,100,64.34782608695649,64.34782608695649,0.0,0.0,0.0,True,True,True,False,0.0,994.3534079853493,0.0,0.0,0.0,0.0,994.3534079853493
2026-07-21T04:15:00Z,2026-07-21T04:30:00Z,2026-07-21,2026-07-21_26,0.0,0,0,100,64.34782608695649,64.34782608695649,0.0,0.0,0.0,True,True,True,False,0.0,994.3534079853493,0.0,0.0,0.0,0.0,994.3534079853493
2026-07-21T04:30:00Z,2026-07-21T04:45:00Z,2026-07-21,2026-07-21_27,0.0,0,0,100,64.34782608695649,64.34782608695649,0.0,0.0,0.0,True,True,True,False,0.0,994.3534079853493,0.0,0.0,0.0,0.0,994.3534079853493
2026-07-21T04:45:00Z,2026-07-21T05:00:00Z,2026-07-21,2026-07-21_28,0.0,0,0,100,64.34782608695649,64.34782608695649,0.0,0.0,0.0,True,True,True,False,0.0,994.3534079853493,0.0,0.0,0.0,0.0,994.3534079853493
2026-07-21T05:00:00Z,2026-07-21T05:15:00Z,2026-07-21,2026-07-21_29,0.0,0,0,100,64.34782608695649,64.34782608695649,0.0,0.0,0.0,True,True,True,False,0.0,994.3534079853493,0.0,0.0,0.0,0.0,994.3534079853493
2026-07-21T05:15:00Z,2026-07-21T05:30:00Z,2026-07-21,2026-07-21_30,0.0,0,0,100,64.34782608695649,64.34782608695649,0.0,0.0,0.0,True,True,True,False,0.0,994.3534079853493,0.0,0.0,0.0,0.0,994.3534079853493
2026-07-21T05:30:00Z,2026-07-21T05:45:00Z,2026-07-21,2026-07-21_31,0.0,0,0,100,64.34782608695649,64.34782608695649,0.0,0.0,0.0,True,True,True,False,0.0,994.3534079853493,0.0,0.0,0.0,0.0,994.3534079853493
2026-07-21T05:45:00Z,2026-07-21T06:00:00Z,2026-07-21,2026-07-21_32,0.0,0,0,100,64.34782608695649,64.34782608695649,0.0,0.0,0.0,True,True,True,False,0.0,994.3534079853493,0.0,0.0,0.0,0.0,994.3534079853493
2026-07-21T06:00:00Z,2026-07-21T06:15:00Z,2026-07-21,2026-07-21_33,100.0,0,100,0,64.34782608695649,49.08509316770183,0.042396480331262934,0.0,10.958285714285713,True,True,True,False,4119.5,0.0,0.0,71.59344537494516,0.0,19.802720392863275,4210.896165767808
2026-07-21T06:15:00Z,2026-07-21T06:30:00Z,2026-07-21,2026-07-21_34,100.0,0,100,0,49.08509316770183,37.13726708074531,0.033188405797101445,0.0,14.008000000000001,True,True,True,False,3725.0,0.0,0.0,71.59344537494516,0.0,248.34732187482118,4044.9407672497664
2026-07-21T06:30:00Z,2026-07-21T06:45:00Z,2026-07-21,2026-07-21_35,100.0,0,100,0,37.13726708074531,22.02422360248444,0.041980676328502414,0.0,11.095999999999998,True,True,True,False,3554.0,0.0,0.0,71.59344537494516,0.0,-67.37907937658571,3558.2143659983594
2026-07-21T06:45:00Z,2026-07-21T07:00:00Z,2026-07-21,2026-07-21_36,45.40855473040586,0,100,0,22.02422360248444,30.343215900621082,0.03477539608428577,0.0,20.74514285714286,True,True,True,False,1425.4880543742659,0.0,0.0,71.59344537494516,0.0,5170.163222917752,6667.244722666963
2026-07-21T07:00:00Z,2026-07-21T07:15:00Z,2026-07-21,2026-07-21_37,100.0,0,100,0,30.343215900621082,27.31340223602481,0.00841614906832298,0.0,22.21257142857143,True,True,True,False,3825.25,0.0,0.0,81.6371301577612,0.0,2880.5452122513607,6787.432342409122
2026-07-21T07:15:00Z,2026-07-21T07:30:00Z,2026-07-21,2026-07-21_38,0.0,0,100,0,27.31340223602481,44.99422509316767,0.049113396825396824,0.0,19.218285714285713,True,True,True,False,0.0,0.0,0.0,81.6371301577612,0.0,574.8548135834329,656.4919437411942
2026-07-21T07:30:00Z,2026-07-21T07:45:00Z,2026-07-21,2026-07-21_39,0.0,0,100,0,44.99422509316767,47.17541366459624,0.006058857142857144,0.0,2.370857142857143,True,True,True,False,0.0,0.0,0.0,81.6371301577612,0.0,-37.34006153477206,44.297068622989144
2026-07-21T07:45:00Z,2026-07-21T08:00:00Z,2026-07-21,2026-07-21_40,0.0,0,100,0,47.17541366459624,48.5869565217391,0.003920952380952381,0.0,1.5342857142857143,True,True,True,False,0.0,0.0,0.0,81.6371301577612,0.0,-58.36116005853707,23.27597009922414
2026-07-21T08:00:00Z,2026-07-21T08:15:00Z,2026-07-21,2026-07-21_41,0.0,29,29,71,48.5869565217391,49.12217994534158,0.0015217558868184954,0.0058000000000000005,0.5886171428571428,True,True,True,False,0.0,705.990919669598,26.429770511817786,27.027240991205815,0.7718433452242422,-23.751854335367234,736.4679201824787
2026-07-21T08:15:00Z,2026-07-21T08:30:00Z,2026-07-21,2026-07-21_42,1.6966349822651425e-14,29,29,71,49.12217994534158,49.3442215254658,0.0007798946583851052,0.02701142857142857,0.27326285714285714,True,True,True,False,3.738111024675675e-13,705.990919669598,26.429770511817786,27.027240991205815,3.5894061703733784,-14.417233868651333,748.6201034743441
2026-07-21T08:30:00Z,2026-07-21T08:45:00Z,2026-07-21,2026-07-21_43,0.0,29,29,71,49.3442215254658,49.690373883229775,0.0010636047204968945,0.01690285714285714,0.39622285714285715,True,True,True,False,0.0,705.990919669598,26.429770511817786,27.027240991205815,2.253886256053326,-14.245685994980205,747.4561314336947
2026-07-21T08:45:00Z,2026-07-21T09:00:00Z,2026-07-21,2026-07-21_44,0.0,29,29,71,49.690373883229775,50.73119879751549,0.0028911803174603177,0.0,1.1313314285714287,True,True,True,False,0.0,705.990919669598,26.429770511817786,27.027240991205815,0.0,-45.80337328170009,713.6445578909215
2026-07-21T09:00:00Z,2026-07-21T09:15:00Z,2026-07-21,2026-07-21_45,5.999999999999944,23,29,71,50.73119879751549,51.04085847453414,0.0073787993098688555,0.0,2.0324857142857145,True,True,True,False,134.23499999999873,705.990919669598,20.645638198431925,28.43793517864978,0.0,-55.896168138723034,833.4133249079555
2026-07-21T09:15:00Z,2026-07-21T09:30:00Z,2026-07-21,2026-07-21_46,6.0,23,29,71,51.04085847453414,51.270952924223586,0.007261925576259489,0.0,1.9491314285714287,True,True,True,False,148.995,705.990919669598,20.645638198431925,28.43793517864978,0.0,-64.33312392034817,839.7363691263316
2026-07-21T09:30:00Z,2026-07-21T09:45:00Z,2026-07-21,2026-07-21_47,1.603244068601338,23,29,71,51.270952924223586,51.55290017391306,0.0029479556421471093,0.00039428571428571426,0.7727257142857143,True,True,True,False,35.5880102127782,705.990919669598,20.645638198431925,28.43793517864978,0.04512913309006478,-27.902059638040374,762.8055727545077
2026-07-21T09:45:00Z,2026-07-21T10:00:00Z,2026-07-21,2026-07-21_48,0.0,23,29,71,51.55290017391306,51.50289537391306,0.00040316126984126985,0.0897657142857143,0.05170285714285714,True,True,True,False,0.0,705.990919669598,20.645638198431925,28.43793517864978,11.71730168988982,-2.6828655080978994,764.1089292284717
2026-07-21T10:00:00Z,2026-07-21T10:15:00Z,2026-07-21,2026-07-21_49,0.0,29,29,71,51.50289537391306,54.07591457391306,0.007147275555555555,0.0,2.79676,True,True,True,False,0.0,705.990919669598,26.03145685889243,28.43793517864978,0.0,11.271656114915778,771.731967822056
2026-07-21T10:15:00Z,2026-07-21T10:30:00Z,2026-07-21,2026-07-21_50,0.0,29,29,71,54.07591457391306,56.20650314534163,0.005918301587301587,0.0,2.3158571428571424,True,True,True,False,0.0,705.990919669598,26.03145685889243,28.43793517864978,0.0,-62.82868607728091,697.6316256298593
2026-07-21T10:30:00Z,2026-07-21T10:45:00Z,2026-07-21,2026-07-21_51,0.0,29,29,71,56.20650314534163,56.60777034534163,0.0011146311111111112,0.0,0.43616000000000005,True,True,True,False,0.0,705.990919669598,26.03145685889243,28.43793517864978,0.0,-20.483320318193094,739.9769913889471
2026-07-21T10:45:00Z,2026-07-21T11:00:00Z,2026-07-21,2026-07-21_52,-3.552713678800501e-15,29,29,71,56.60777034534163,56.67808536645964,0.0002823795445134598,0.014417142857142858,0.09346285714285714,True,True,True,False,-6.824762976975763e-14,705.990919669598,26.03145685889243,28.43793517864978,1.6890397512447304,-4.446568394890815,757.702783063494
2026-07-21T11:00:00Z,2026-07-21T11:15:00Z,2026-07-21,2026-07-21_53,-100.0,100,0,0,56.67808536645964,79.67808536645964,0.06388888888888888,0.0,0.0,True,True,True,False,-1191.0,0.0,89.76364434100839,0.0,0.0,0.0,-1101.2363556589917
2026-07-21T11:15:00Z,2026-07-21T11:30:00Z,2026-07-21,2026-07-21_54,-100.0,100,0,0,79.67808536645964,102.67230250931678,0.0638728253968254,0.006285714285714285,0.0,True,True,True,False,-1570.75,0.0,89.76364434100839,0.0,0.7794041101303457,0.0,-1480.2069515488613
2026-07-21T11:30:00Z,2026-07-21T11:45:00Z,2026-07-21,2026-07-21_55,1.9308226515220114e-14,100,0,0,102.67230250931678,101.16609132919255,0.004183919944789524,1.3857142857142857,0.0,True,True,True,False,4.0807936739917716e-13,0.0,89.76364434100839,0.0,185.53863364464078,0.0,275.3022779856496
2026-07-21T11:45:00Z,2026-07-21T12:00:00Z,2026-07-21,2026-07-21_56,-100.0,100,0,0,101.16609132919255,105.59050275776399,0.012290031746031743,20.190857142857144,0.0,True,True,True,False,-2072.75,0.0,89.76364434100839,0.0,4405.170425374782,0.0,2422.1840697157904
2026-07-21T12:00:00Z,2026-07-21T12:15:00Z,2026-07-21,2026-07-21_57,-100.0,100,0,0,105.59050275776399,108.05347418633542,0.006841587301587305,22.322857142857142,0.0,True,True,True,False,-1094.25,0.0,89.76364434100839,0.0,4999.475137281405,0.0,3994.9887816224136
2026-07-21T12:15:00Z,2026-07-21T12:30:00Z,2026-07-21,2026-07-21_58,-100.0,100,0,0,108.05347418633542,108.4430284720497,0.0010820952380952392,24.576571428571427,0.0,True,True,True,False,-1456.25,0.0,89.76364434100839,0.0,5194.441988952084,0.0,3827.9556332930924
2026-07-21T12:30:00Z,2026-07-21T12:45:00Z,2026-07-21,2026-07-21_59,-100.0,100,0,0,108.4430284720497,129.64561132919255,0.05889606349206349,1.9537142857142857,0.0,True,True,True,False,-1582.0,0.0,89.76364434100839,0.0,276.8116587954119,0.0,-1215.4246968635798
2026-07-21T12:45:00Z,2026-07-21T13:00:00Z,2026-07-21,2026-07-21_60,3.620292471603771e-15,100,0,0,129.64561132919255,128.3996485962733,0.003461007591442376,1.1462857142857141,0.0,True,True,True,False,7.799015056952423e-14,0.0,89.76364434100839,0.0,152.89371009982366,0.0,242.65735444083214
2026-07-21T13:00:00Z,2026-07-21T13:15:00Z,2026-07-21,2026-07-21_61,-29.0,29,0,71,128.3996485962733,135.06903876770187,0.018526083809523815,0.0006628571428571429,0.0,True,True,True,False,-279.34250000000003,705.990919669598,26.98574998569276,0.0,0.08683869877666257,0.0,453.7210083540674
2026-07-21T13:15:00Z,2026-07-21T13:30:00Z,2026-07-21,2026-07-21_62,-29.0,29,0,71,135.06903876770187,141.73903876770186,0.01852777777777778,0.0,0.0,True,True,True,False,-338.79249999999996,705.990919669598,26.98574998569276,0.0,0.0,0.0,394.1841696552908
2026-07-21T13:30:00Z,2026-07-21T13:45:00Z,2026-07-21,2026-07-21_63,-29.0,29,0,71,141.73903876770186,148.40903876770184,0.01852777777777778,0.0,0.0,True,True,True,False,-476.03499999999997,705.990919669598,26.98574998569276,0.0,0.0,0.0,256.9416696552908
2026-07-21T13:45:00Z,2026-07-21T14:00:00Z,2026-07-21,2026-07-21_64,2.10486066981838e-14,29,0,71,148.40903876770184,148.38994559999998,5.303657694963631e-05,0.017565714285714285,0.0,True,True,True,False,5.404229769758691e-13,705.990919669598,26.98574998569276,0.0,2.319038862833052,0.0,735.2957085181243
2026-07-21T14:00:00Z,2026-07-21T14:15:00Z,2026-07-21,2026-07-21_65,5.682581743168143e-14,14,14,86,148.38994559999998,149.02423039999996,0.0017619022222222498,0.0,0.68944,True,True,True,False,5.469484927799338e-13,855.1439308674005,14.473779592148187,9.634497624997618,0.0,-26.904087049083383,852.3481210354635
2026-07-21T14:15:00Z,2026-07-21T14:30:00Z,2026-07-21,2026-07-21_66,0.0,14,14,86,149.02423039999996,149.90772479999995,0.0024541511111111107,0.0,0.9603199999999998,True,True,True,False,0.0,855.1439308674005,14.473779592148187,9.634497624997618,0.0,-26.58324625627134,852.668961828275
2026-07-21T14:30:00Z,2026-07-21T14:45:00Z,2026-07-21,2026-07-21_67,0.0,14,14,86,149.90772479999995,150.4321739130434,0.0015002813526570047,0.0072,0.57856,True,True,True,False,0.0,855.1439308674005,14.473779592148187,9.634497624997618,0.950351652963507,-21.80109791114248,858.4014618263674
2026-07-21T14:45:00Z,2026-07-21T15:00:00Z,2026-07-21,2026-07-21_68,0.0,14,14,86,150.4321739130434,149.7045490086956,0.002030993623188406,0.67104,0.0019199999999999998,True,True,True,False,0.0,855.1439308674005,14.473779592148187,9.634497624997618,120.63563643577956,-0.14650617119093493,999.7413383491349
2026-07-21T15:00:00Z,2026-07-21T15:15:00Z,2026-07-21,2026-07-21_69,-100.0,100,0,0,149.7045490086956,171.8066290086956,0.061394666666666674,0.976,0.0,True,True,True,False,-2713.5,0.0,106.61757692527803,0.0,175.86525400125905,0.0,-2431.017169073463
2026-07-21T15:15:00Z,2026-07-21T15:30:00Z,2026-07-21,2026-07-21_70,-100.0,100,0,0,171.8066290086956,187.40667472298134,0.04333346031746031,8.043428571428572,0.0,True,True,True,False,-3050.5,0.0,106.61757692527803,0.0,2240.754875227213,0.0,-703.1275478475092
2026-07-21T15:30:00Z,2026-07-21T15:45:00Z,2026-07-21,2026-07-21_71,0.0,100,0,0,187.40667472298134,167.4110225490683,0.055543478260869555,18.395999999999997,0.0,True,True,True,False,0.0,0.0,106.61757692527803,0.0,5263.920947711794,0.0,5370.5385246370715
2026-07-21T15:45:00Z,2026-07-21T16:00:00Z,2026-07-21,2026-07-21_72,0.0,100,0,0,167.4110225490683,143.9998424248447,0.06503105590062112,21.538285714285717,0.0,True,True,True,False,0.0,0.0,106.61757692527803,0.0,6474.152877227502,0.0,6580.77045415278
2026-07-21T16:00:00Z,2026-07-21T16:15:00Z,2026-07-21,2026-07-21_73,0.0,0,0,100,143.9998424248447,143.9998424248447,0.0,0.0,0.0,True,True,True,False,0.0,994.3534079853493,0.0,0.0,0.0,0.0,994.3534079853493
2026-07-21T16:15:00Z,2026-07-21T16:30:00Z,2026-07-21,2026-07-21_74,0.0,0,0,100,143.9998424248447,143.9998424248447,0.0,0.0,0.0,True,True,True,False,0.0,994.3534079853493,0.0,0.0,0.0,0.0,994.3534079853493
2026-07-21T16:30:00Z,2026-07-21T16:45:00Z,2026-07-21,2026-07-21_75,0.0,0,0,100,143.9998424248447,143.9998424248447,0.0,0.0,0.0,True,True,True,False,0.0,994.3534079853493,0.0,0.0,0.0,0.0,994.3534079853493
2026-07-21T16:45:00Z,2026-07-21T17:00:00Z,2026-07-21,2026-07-21_76,0.0,0,0,100,143.9998424248447,143.9998424248447,0.0,0.0,0.0,True,True,True,False,0.0,994.3534079853493,0.0,0.0,0.0,0.0,994.3534079853493
2026-07-21T17:00:00Z,2026-07-21T17:15:00Z,2026-07-21,2026-07-21_77,10.0,0,10,90,143.9998424248447,141.4511467726708,0.007079710144927536,0.0,0.1552,True,True,True,False,528.5,894.9180671868145,0.0,8.137959977871464,0.0,-9.508172373667042,1422.0478547910188
2026-07-21T17:15:00Z,2026-07-21T17:30:00Z,2026-07-21,2026-07-21_78,9.999999999999972,0,10,90,141.4511467726708,138.8318921142857,0.007275707384403015,0.0,0.09028571428571429,True,True,True,False,543.0499999999985,894.9180671868145,0.0,8.137959977871464,0.0,-6.429367292824305,1439.67665987186
2026-07-21T17:30:00Z,2026-07-21T17:45:00Z,2026-07-21,2026-07-21_79,9.999999999999972,0,10,90,138.8318921142857,136.11915919503105,0.0075353692201518075,0.0,0.004285714285714285,True,True,True,False,497.6499999999986,894.9180671868145,0.0,8.137959977871464,0.0,-0.36790054149509327,1400.3381266231895
2026-07-21T17:45:00Z,2026-07-21T18:00:00Z,2026-07-21,2026-07-21_80,9.999999999999972,0,10,90,136.11915919503105,133.4024511204969,0.007546411318150426,0.0,0.0006285714285714284,True,True,True,False,517.5499999999986,894.9180671868145,0.0,8.137959977871464,0.0,-0.05395874608594701,1420.5520684185985
2026-07-21T18:00:00Z,2026-07-21T18:15:00Z,2026-07-21,2026-07-21_81,0.0,0,0,100,133.4024511204969,133.4024511204969,0.0,0.0,0.0,True,True,True,False,0.0,994.3534079853493,0.0,0.0,0.0,0.0,994.3534079853493
2026-07-21T18:15:00Z,2026-07-21T18:30:00Z,2026-07-21,2026-07-21_82,0.0,0,0,100,133.4024511204969,133.4024511204969,0.0,0.0,0.0,True,True,True,False,0.0,994.3534079853493,0.0,0.0,0.0,0.0,994.3534079853493
2026-07-21T18:30:00Z,2026-07-21T18:45:00Z,2026-07-21,2026-07-21_83,0.0,0,0,100,133.4024511204969,133.4024511204969,0.0,0.0,0.0,True,True,True,False,0.0,994.3534079853493,0.0,0.0,0.0,0.0,994.3534079853493
2026-07-21T18:45:00Z,2026-07-21T19:00:00Z,2026-07-21,2026-07-21_84,0.0,0,0,100,133.4024511204969,133.4024511204969,0.0,0.0,0.0,True,True,True,False,0.0,994.3534079853493,0.0,0.0,0.0,0.0,994.3534079853493
2026-07-21T19:00:00Z,2026-07-21T19:15:00Z,2026-07-21,2026-07-21_85,0.0,100,100,0,133.4024511204969,120.94344490931677,0.03460835058661146,11.462285714285715,0.0,True,True,True,False,0.0,0.0,79.6055016119494,81.37959977871465,5305.699441063696,0.0,5466.68454245436
2026-07-21T19:15:00Z,2026-07-21T19:30:00Z,2026-07-21,2026-07-21_86,0.0,100,100,0,120.94344490931677,110.04220267329192,0.030281228433402346,10.029142857142856,0.0,True,True,True,False,0.0,0.0,79.6055016119494,81.37959977871465,4623.903397820393,0.0,4784.888499211057
2026-07-21T19:30:00Z,2026-07-21T19:45:00Z,2026-07-21,2026-07-21_87,0.0,100,100,0,110.04220267329192,101.06207844968944,0.0249447895100069,8.261714285714286,0.0,True,True,True,False,0.0,0.0,79.6055016119494,81.37959977871465,2328.5706567978486,0.0,2489.5557581885128
2026-07-21T19:45:00Z,2026-07-21T20:00:00Z,2026-07-21,2026-07-21_88,0.0,100,100,0,101.06207844968944,100.26864938136646,0.003600033126293995,0.9611428571428571,0.27314285714285713,True,True,True,False,0.0,0.0,79.6055016119494,81.37959977871465,217.41821134932295,-23.447527844620613,354.9557848953664
2026-07-21T20:00:00Z,2026-07-21T20:15:00Z,2026-07-21,2026-07-21_89,100.0,0,100,0,100.26864938136646,73.43200341863354,0.07454623878536921,0.0,0.3102857142857143,True,True,True,False,4848.0,0.0,0.0,81.37959977871465,0.0,-19.6948353849466,4909.684764393768
2026-07-21T20:15:00Z,2026-07-21T20:30:00Z,2026-07-21,2026-07-21_90,100.0,0,100,0,73.43200341863354,46.7611959652174,0.07408557625948929,0.0,0.4628571428571429,True,True,True,False,4822.5,0.0,0.0,81.37959977871465,0.0,-27.523757926894078,4876.3558418518205
2026-07-21T20:30:00Z,2026-07-21T20:45:00Z,2026-07-21,2026-07-21_91,100.0,0,100,0,46.7611959652174,25.687904039751558,0.05853692201518289,0.0,5.612571428571428,True,True,True,False,4729.75,0.0,0.0,81.37959977871465,0.0,-282.5836191057564,4528.545980672959
2026-07-21T20:45:00Z,2026-07-21T21:00:00Z,2026-07-21,2026-07-21_92,100.0,0,100,0,25.687904039751558,10.010264288198766,0.04354899930986887,0.0,10.576571428571429,True,True,True,False,4582.0,0.0,0.0,81.37959977871465,0.0,-505.6239114640535,4157.755688314661
2026-07-21T21:00:00Z,2026-07-21T21:15:00Z,2026-07-22,2026-07-21_93,-46.0,100,54,0,10.010264288198766,21.94561989565218,0.0331928960110421,0.012,1.4863885714285714,True,True,True,False,-1902.1000000000001,0.0,107.4946548564447,39.55368051313378,1.8650190897984116,-81.26162137621084,-1834.4482669168342
2026-07-21T21:15:00Z,2026-07-21T21:30:00Z,2026-07-22,2026-07-21_94,-45.99999999999998,100,54,0,21.94561989565218,34.39639837018633,0.03459108582470668,0.0017142857142857142,2.0353371428571427,True,True,True,False,-1795.3799999999992,0.0,107.4946548564447,39.55368051313378,0.26180294964656603,-101.46224040492189,-1749.5321020856961
2026-07-21T21:30:00Z,2026-07-21T21:45:00Z,2026-07-22,2026-07-21_95,-45.47566733999466,100,54,0,34.39639837018633,48.62921077267082,0.03953559000690135,0.0,4.101531428571429,True,True,True,False,-1918.7320942427248,0.0,107.4946548564447,39.55368051313378,0.0,-170.96943746400208,-1942.6531963371483
2026-07-21T21:45:00Z,2026-07-21T22:00:00Z,2026-07-22,2026-07-21_96,-46.0,100,54,0,48.62921077267082,64.34782608695653,0.04366282031746033,0.0,5.585451428571429,True,True,True,False,-1705.45,0.0,107.4946548564447,39.55368051313378,0.0,-268.78492248014663,-1827.186587110568
2026-07-21T22:00:00Z,2026-07-21T22:15:00Z,2026-07-22,2026-07-22_1,0.0,0,0,100,64.34782608695653,64.34782608695653,0.0,0.0,0.0,True,True,True,False,0.0,995.055742211362,0.0,0.0,0.0,0.0,995.055742211362
2026-07-21T22:15:00Z,2026-07-21T22:30:00Z,2026-07-22,2026-07-22_2,0.0,0,0,100,64.34782608695653,64.34782608695653,0.0,0.0,0.0,True,True,True,False,0.0,995.055742211362,0.0,0.0,0.0,0.0,995.055742211362
2026-07-21T22:30:00Z,2026-07-21T22:45:00Z,2026-07-22,2026-07-22_3,0.0,0,0,100,64.34782608695653,64.34782608695653,0.0,0.0,0.0,True,True,True,False,0.0,995.055742211362,0.0,0.0,0.0,0.0,995.055742211362
2026-07-21T22:45:00Z,2026-07-21T23:00:00Z,2026-07-22,2026-07-22_4,0.0,0,0,100,64.34782608695653,64.34782608695653,0.0,0.0,0.0,True,True,True,False,0.0,995.055742211362,0.0,0.0,0.0,0.0,995.055742211362
2026-07-21T23:00:00Z,2026-07-21T23:15:00Z,2026-07-22,2026-07-22_5,0.0,0,0,100,64.34782608695653,64.34782608695653,0.0,0.0,0.0,True,True,True,False,0.0,995.055742211362,0.0,0.0,0.0,0.0,995.055742211362
2026-07-21T23:15:00Z,2026-07-21T23:30:00Z,2026-07-22,2026-07-22_6,0.0,0,0,100,64.34782608695653,64.34782608695653,0.0,0.0,0.0,True,True,True,False,0.0,995.055742211362,0.0,0.0,0.0,0.0,995.055742211362
2026-07-21T23:30:00Z,2026-07-21T23:45:00Z,2026-07-22,2026-07-22_7,0.0,0,0,100,64.34782608695653,64.34782608695653,0.0,0.0,0.0,True,True,True,False,0.0,995.055742211362,0.0,0.0,0.0,0.0,995.055742211362
2026-07-21T23:45:00Z,2026-07-22T00:00:00Z,2026-07-22,2026-07-22_8,0.0,0,0,100,64.34782608695653,64.34782608695653,0.0,0.0,0.0,True,True,True,False,0.0,995.055742211362,0.0,0.0,0.0,0.0,995.055742211362
2026-07-22T00:00:00Z,2026-07-22T00:15:00Z,2026-07-22,2026-07-22_9,0.0,0,0,100,64.34782608695653,64.34782608695653,0.0,0.0,0.0,True,True,True,False,0.0,995.055742211362,0.0,0.0,0.0,0.0,995.055742211362
2026-07-22T00:15:00Z,2026-07-22T00:30:00Z,2026-07-22,2026-07-22_10,0.0,0,0,100,64.34782608695653,64.34782608695653,0.0,0.0,0.0,True,True,True,False,0.0,995.055742211362,0.0,0.0,0.0,0.0,995.055742211362
2026-07-22T00:30:00Z,2026-07-22T00:45:00Z,2026-07-22,2026-07-22_11,0.0,0,0,100,64.34782608695653,64.34782608695653,0.0,0.0,0.0,True,True,True,False,0.0,995.055742211362,0.0,0.0,0.0,0.0,995.055742211362
2026-07-22T00:45:00Z,2026-07-22T01:00:00Z,2026-07-22,2026-07-22_12,0.0,0,0,100,64.34782608695653,64.34782608695653,0.0,0.0,0.0,True,True,True,False,0.0,995.055742211362,0.0,0.0,0.0,0.0,995.055742211362
2026-07-22T01:00:00Z,2026-07-22T01:15:00Z,2026-07-22,2026-07-22_13,0.0,100,23,0,64.34782608695653,50.866459627329206,0.03744824016563147,12.402857142857142,0.0,True,True,True,False,0.0,0.0,107.4946548564447,21.272716860109952,3112.1856973776066,0.0,3240.9530690941615
2026-07-22T01:15:00Z,2026-07-22T01:30:00Z,2026-07-22,2026-07-22_14,-76.95909426261805,100,23,0,50.866459627329206,55.98482722981367,0.03248265422722134,13.12742857142857,0.0,True,True,True,False,-2607.7589090888127,0.0,107.4946548564447,21.272716860109952,3260.8769137795616,0.0,781.8853764073035
2026-07-22T01:30:00Z,2026-07-22T01:45:00Z,2026-07-22,2026-07-22_15,-77.0,100,23,0,55.98482722981367,61.32489534409938,0.03275971301587302,12.906857142857142,0.0,True,True,True,False,-2554.86,0.0,107.4946548564447,21.272716860109952,3157.02799971638,0.0,730.9353714329343
2026-07-22T01:45:00Z,2026-07-22T02:00:00Z,2026-07-22,2026-07-22_16,-77.0,100,23,0,61.32489534409938,64.34782608695653,0.029681156825396824,15.32457142857143,0.0,True,True,True,False,-2530.4125,0.0,107.4946548564447,21.272716860109952,4211.685690068942,0.0,1810.0405617854965
2026-07-22T02:00:00Z,2026-07-22T02:15:00Z,2026-07-22,2026-07-22_17,0.0,0,0,100,64.34782608695653,64.34782608695653,0.0,0.0,0.0,True,True,True,False,0.0,995.055742211362,0.0,0.0,0.0,0.0,995.055742211362
2026-07-22T02:15:00Z,2026-07-22T02:30:00Z,2026-07-22,2026-07-22_18,0.0,0,0,100,64.34782608695653,64.34782608695653,0.0,0.0,0.0,True,True,True,False,0.0,995.055742211362,0.0,0.0,0.0,0.0,995.055742211362
2026-07-22T02:30:00Z,2026-07-22T02:45:00Z,2026-07-22,2026-07-22_19,0.0,0,0,100,64.34782608695653,64.34782608695653,0.0,0.0,0.0,True,True,True,False,0.0,995.055742211362,0.0,0.0,0.0,0.0,995.055742211362
2026-07-22T02:45:00Z,2026-07-22T03:00:00Z,2026-07-22,2026-07-22_20,0.0,0,0,100,64.34782608695653,64.34782608695653,0.0,0.0,0.0,True,True,True,False,0.0,995.055742211362,0.0,0.0,0.0,0.0,995.055742211362
2026-07-22T03:00:00Z,2026-07-22T03:15:00Z,2026-07-22,2026-07-22_21,0.0,0,0,100,64.34782608695653,64.34782608695653,0.0,0.0,0.0,True,True,True,False,0.0,995.055742211362,0.0,0.0,0.0,0.0,995.055742211362
2026-07-22T03:15:00Z,2026-07-22T03:30:00Z,2026-07-22,2026-07-22_22,0.0,0,0,100,64.34782608695653,64.34782608695653,0.0,0.0,0.0,True,True,True,False,0.0,995.055742211362,0.0,0.0,0.0,0.0,995.055742211362
2026-07-22T03:30:00Z,2026-07-22T03:45:00Z,2026-07-22,2026-07-22_23,0.0,0,0,100,64.34782608695653,64.34782608695653,0.0,0.0,0.0,True,True,True,False,0.0,995.055742211362,0.0,0.0,0.0,0.0,995.055742211362
2026-07-22T03:45:00Z,2026-07-22T04:00:00Z,2026-07-22,2026-07-22_24,0.0,0,0,100,64.34782608695653,64.34782608695653,0.0,0.0,0.0,True,True,True,False,0.0,995.055742211362,0.0,0.0,0.0,0.0,995.055742211362
2026-07-22T04:00:00Z,2026-07-22T04:15:00Z,2026-07-22,2026-07-22_25,0.0,0,0,100,64.34782608695653,64.34782608695653,0.0,0.0,0.0,True,True,True,False,0.0,995.055742211362,0.0,0.0,0.0,0.0,995.055742211362
2026-07-22T04:15:00Z,2026-07-22T04:30:00Z,2026-07-22,2026-07-22_26,0.0,0,0,100,64.34782608695653,64.34782608695653,0.0,0.0,0.0,True,True,True,False,0.0,995.055742211362,0.0,0.0,0.0,0.0,995.055742211362
2026-07-22T04:30:00Z,2026-07-22T04:45:00Z,2026-07-22,2026-07-22_27,0.0,0,0,100,64.34782608695653,64.34782608695653,0.0,0.0,0.0,True,True,True,False,0.0,995.055742211362,0.0,0.0,0.0,0.0,995.055742211362
2026-07-22T04:45:00Z,2026-07-22T05:00:00Z,2026-07-22,2026-07-22_28,0.0,0,0,100,64.34782608695653,64.34782608695653,0.0,0.0,0.0,True,True,True,False,0.0,995.055742211362,0.0,0.0,0.0,0.0,995.055742211362
2026-07-22T05:00:00Z,2026-07-22T05:15:00Z,2026-07-22,2026-07-22_29,5.0,0,0,95,64.34782608695653,62.989130434782616,0.003774154589371981,0.0,0.0,True,False,True,False,216.1375,945.302955100794,0.0,0.0,0.0,0.0,1161.440455100794
2026-07-22T05:15:00Z,2026-07-22T05:30:00Z,2026-07-22,2026-07-22_30,5.0,0,0,95,62.989130434782616,61.6304347826087,0.003774154589371981,0.0,0.0,True,False,True,False,203.05,945.302955100794,0.0,0.0,0.0,0.0,1148.352955100794
2026-07-22T05:30:00Z,2026-07-22T05:45:00Z,2026-07-22,2026-07-22_31,0.0,0,0,95,61.6304347826087,61.6304347826087,0.0,0.0,0.0,True,False,True,False,0.0,945.302955100794,0.0,0.0,0.0,0.0,945.302955100794
2026-07-22T05:45:00Z,2026-07-22T06:00:00Z,2026-07-22,2026-07-22_32,-0.03174904671881939,0,0,95,61.6304347826087,61.63773706335403,2.0284113181467946e-05,0.0,0.0,True,False,True,False,-0.9554875610028695,945.302955100794,0.0,0.0,0.0,0.0,944.3474675397911
2026-07-22T06:00:00Z,2026-07-22T06:15:00Z,2026-07-22,2026-07-22_33,0.0,100,100,0,61.63773706335403,55.803909485714286,0.017107552795031053,5.516571428571428,0.17657142857142857,True,True,True,False,0.0,0.0,108.61140806353085,66.89065363469761,2340.774856881054,-10.641408281699974,2505.635510297582
2026-07-22T06:15:00Z,2026-07-22T06:30:00Z,2026-07-22,2026-07-22_34,0.0,100,100,0,55.803909485714286,35.238070976397516,0.05712732919254658,18.920571428571428,0.0,True,True,True,False,0.0,0.0,108.61140806353085,66.89065363469761,15533.549312767256,0.0,15709.051374465485
2026-07-22T06:30:00Z,2026-07-22T06:45:00Z,2026-07-22,2026-07-22_35,0.0,100,100,0,35.238070976397516,38.37616787080746,0.011698302277432713,0.4937142857142857,3.994285714285714,True,True,True,False,0.0,0.0,108.61140806353085,66.89065363469761,84.75836984030019,-205.31028122000174,54.95015031852691
2026-07-22T06:45:00Z,2026-07-22T07:00:00Z,2026-07-22,2026-07-22_36,0.0,100,100,0,38.37616787080746,54.049287870807454,0.04353644444444444,0.0,17.035999999999998,True,True,True,False,0.0,0.0,108.61140806353085,66.89065363469761,0.0,110.39382635919362,285.8958880574221
2026-07-22T07:00:00Z,2026-07-22T07:15:00Z,2026-07-22,2026-07-22_37,0.0,29,29,71,54.049287870807454,50.601473043478265,0.010604655155279504,3.3421257142857144,0.2010114285714286,True,True,True,False,0.0,706.4895769700671,26.14949221136224,20.967757330482584,623.7284222619775,-10.079811408063533,1367.2554373658259
2026-07-22T07:15:00Z,2026-07-22T07:30:00Z,2026-07-22,2026-07-22_38,0.0,29,29,71,50.601473043478265,48.59344819875777,0.005577846790890269,1.8473828571428572,0.0,True,True,True,False,0.0,706.4895769700671,26.14949221136224,20.967757330482584,307.6528658783489,0.0,1061.2596923902609
2026-07-22T07:30:00Z,2026-07-22T07:45:00Z,2026-07-22,2026-07-22_39,0.0,29,29,71,48.59344819875777,48.58695652173914,0.00014508005521049,0.02701142857142857,0.024857142857142855,True,True,True,False,0.0,706.4895769700671,26.14949221136224,20.967757330482584,3.6043426564272623,-1.8711804585915,755.3399887097477
2026-07-22T07:45:00Z,2026-07-22T08:00:00Z,2026-07-22,2026-07-22_40,0.0,29,29,71,48.58695652173914,48.99191324223604,0.0011789170462387856,0.008948571428571429,0.4507428571428572,True,True,True,False,0.0,706.4895769700671,26.14949221136224,20.967757330482584,1.3324461122261977,-26.350267039008642,728.5890055851295
2026-07-22T08:00:00Z,2026-07-22T08:15:00Z,2026-07-22,2026-07-22_41,100.0,0,100,0,48.99191324223604,25.229801440993803,0.06600586611456176,0.0,3.1388571428571432,True,True,True,False,2499.25,0.0,0.0,78.02955100794135,0.0,-145.71142420804608,2431.5681267998953
2026-07-22T08:15:00Z,2026-07-22T08:30:00Z,2026-07-22,2026-07-22_42,100.0,0,100,0,25.229801440993803,10.068310757763992,0.042115251897860584,0.0,11.051428571428572,True,True,True,False,2184.0,0.0,0.0,78.02955100794135,0.0,1949.0400187625448,4211.069569770486
2026-07-22T08:30:00Z,2026-07-22T08:45:00Z,2026-07-22,2026-07-22_43,72.76635539722655,0,100,0,10.068310757763992,11.266845664596307,0.024699672559896368,0.0,20.136571428571425,True,True,True,False,1274.138883005437,0.0,0.0,78.02955100794135,0.0,3649.3960765555453,5001.564510568924
2026-07-22T08:45:00Z,2026-07-22T09:00:00Z,2026-07-22,2026-07-22_44,0.0,0,100,0,11.266845664596307,25.532628521739163,0.0396271746031746,0.0,15.506285714285713,True,True,True,False,0.0,0.0,0.0,78.02955100794135,0.0,158.20946330395319,236.23901431189455
2026-07-22T09:00:00Z,2026-07-22T09:15:00Z,2026-07-22,2026-07-22_45,0.0,100,100,0,25.532628521739163,37.45898280745345,0.033128761904761904,0.0,12.96342857142857,True,True,True,False,0.0,0.0,87.22128894318875,97.128894318876,0.0,45.46009904878262,229.81028231084736
2026-07-22T09:15:00Z,2026-07-22T09:30:00Z,2026-07-22,2026-07-22_46,0.0,100,100,0,37.45898280745345,44.95093709316774,0.020810984126984126,0.0,8.14342857142857,True,True,True,False,0.0,0.0,87.22128894318875,97.128894318876,0.0,3615.9036556418528,3800.2538389039173
2026-07-22T09:30:00Z,2026-07-22T09:45:00Z,2026-07-22,2026-07-22_47,0.0,100,100,0,44.95093709316774,49.30805709316774,0.012103111111111111,0.0,4.736,True,True,True,False,0.0,0.0,87.22128894318875,97.128894318876,0.0,-69.62599877825289,114.72418448381185
2026-07-22T09:45:00Z,2026-07-22T10:00:00Z,2026-07-22,2026-07-22_48,0.0,100,100,0,49.30805709316774,48.83842330434787,0.0027327287784679084,0.6685714285714285,0.27942857142857147,True,True,True,False,0.0,0.0,87.22128894318875,97.128894318876,89.34025656689063,-15.189287786892399,258.501152042063
2026-07-22T10:00:00Z,2026-07-22T10:15:00Z,2026-07-22,2026-07-22_49,-29.0,0,0,71,48.83842330434787,55.50842330434787,0.01852777777777778,0.0,0.0,True,False,True,False,-333.065,706.4895769700671,0.0,0.0,0.0,0.0,373.4245769700671
2026-07-22T10:15:00Z,2026-07-22T10:30:00Z,2026-07-22,2026-07-22_50,-29.0,0,0,71,55.50842330434787,62.178423304347874,0.01852777777777778,0.0,0.0,True,False,True,False,-403.39,706.4895769700671,0.0,0.0,0.0,0.0,303.0995769700671
2026-07-22T10:30:00Z,2026-07-22T10:45:00Z,2026-07-22,2026-07-22_51,-29.0,0,0,71,62.178423304347874,68.84842330434788,0.01852777777777778,0.0,0.0,True,False,True,False,-346.7675,706.4895769700671,0.0,0.0,0.0,0.0,359.7220769700671
2026-07-22T10:45:00Z,2026-07-22T11:00:00Z,2026-07-22,2026-07-22_52,-29.0,0,0,71,68.84842330434788,75.51842330434788,0.01852777777777778,0.0,0.0,True,False,True,False,-366.1975,706.4895769700671,0.0,0.0,0.0,0.0,340.2920769700671
2026-07-22T11:00:00Z,2026-07-22T11:15:00Z,2026-07-22,2026-07-22_53,-28.999999999999954,0,0,71,75.51842330434788,82.18842330434786,0.018527777777777747,0.0,0.0,True,False,True,False,-408.31999999999937,706.4895769700671,0.0,0.0,0.0,0.0,298.16957697006774
2026-07-22T11:15:00Z,2026-07-22T11:30:00Z,2026-07-22,2026-07-22_54,-29.0,0,0,71,82.18842330434786,88.85842330434787,0.01852777777777778,0.0,0.0,True,False,True,False,-396.57500000000005,706.4895769700671,0.0,0.0,0.0,0.0,309.91457697006706
2026-07-22T11:30:00Z,2026-07-22T11:45:00Z,2026-07-22,2026-07-22_55,-29.000000000000014,0,0,71,88.85842330434787,95.52842330434787,0.01852777777777779,0.0,0.0,True,False,True,False,-380.19000000000017,706.4895769700671,0.0,0.0,0.0,0.0,326.29957697006694
2026-07-22T11:45:00Z,2026-07-22T12:00:00Z,2026-07-22,2026-07-22_56,-29.0,0,0,71,95.52842330434787,102.19842330434787,0.01852777777777778,0.0,0.0,True,False,True,False,-327.6275,706.4895769700671,0.0,0.0,0.0,0.0,378.8620769700671
2026-07-22T12:00:00Z,2026-07-22T12:15:00Z,2026-07-22,2026-07-22_57,0.0,100,100,0,102.19842330434787,116.34224044720501,0.03928838095238096,0.0,15.373714285714286,True,True,True,False,0.0,0.0,87.22128894318875,97.128894318876,0.0,4304.634130377868,4488.984313639933
2026-07-22T12:15:00Z,2026-07-22T12:30:00Z,2026-07-22,2026-07-22_58,0.0,100,100,0,116.34224044720501,122.01785187577644,0.0157655873015873,0.0,6.169142857142857,True,True,True,False,0.0,0.0,87.22128894318875,97.128894318876,0.0,62.04355397504144,246.3937372371062
2026-07-22T12:30:00Z,2026-07-22T12:45:00Z,2026-07-22,2026-07-22_59,0.0,100,100,0,122.01785187577644,127.86337436024849,0.01642389786059351,0.030857142857142857,6.390285714285714,True,True,True,False,0.0,0.0,87.22128894318875,97.128894318876,4.117505890566367,660.5999333493323,849.0676225019635
2026-07-22T12:45:00Z,2026-07-22T13:00:00Z,2026-07-22,2026-07-22_60,0.0,100,100,0,127.86337436024849,146.18924864596278,0.05090520634920636,0.0,19.919428571428572,True,True,True,False,0.0,0.0,87.22128894318875,97.128894318876,0.0,5668.496550964308,5852.846734226373
2026-07-22T13:00:00Z,2026-07-22T13:15:00Z,2026-07-22,2026-07-22_61,-7.0,29,22,71,146.18924864596278,149.2840550459628,0.008596684444444445,0.0,1.6139199999999998,True,True,True,False,-71.995,706.4895769700671,26.14949221136224,15.54749541844838,0.0,-24.854257086133167,651.3373075137446
2026-07-22T13:15:00Z,2026-07-22T13:30:00Z,2026-07-22,2026-07-22_62,-7.0,29,22,71,149.2840550459628,152.54552338881993,0.009059634285714286,0.0,1.7950742857142858,True,True,True,False,-84.315,706.4895769700671,26.14949221136224,15.54749541844838,0.0,15.76892436730954,679.6404889671873
2026-07-22T13:30:00Z,2026-07-22T13:45:00Z,2026-07-22,2026-07-22_63,-7.0,29,22,71,152.54552338881993,155.01664876521744,0.006866514589371981,0.0004971428571428571,0.9365714285714286,True,True,True,False,-83.94749999999999,706.4895769700671,26.14949221136224,15.54749541844838,0.06633759490356925,0.0028606335631381446,664.3082628283445
2026-07-22T13:45:00Z,2026-07-22T14:00:00Z,2026-07-22,2026-07-22_64,-7.0,29,22,71,155.01664876521744,157.1831341018634,0.0060369934299516915,0.0041428571428571434,0.6095885714285715,True,True,True,False,-106.80250000000001,706.4895769700671,26.14949221136224,15.54749541844838,0.5528132908630771,-10.040802591849204,631.8960752988916
2026-07-22T14:00:00Z,2026-07-22T14:15:00Z,2026-07-22,2026-07-22_65,-17.0,71,54,29,157.1831341018634,163.06372994782615,0.016340578523119393,0.0012171428571428572,2.143337142857143,True,True,True,False,-155.6775,288.566165241295,72.35673106291998,35.85808643860721,0.1624127323501178,-8.00928233266428,233.256613142508
2026-07-22T14:15:00Z,2026-07-22T14:30:00Z,2026-07-22,2026-07-22_66,-17.0,71,54,29,163.06372994782615,169.16164978881994,0.016961026473429952,0.004868571428571429,2.383714285714286,True,True,True,False,-279.65,288.566165241295,72.35673106291998,35.85808643860721,0.6496509294004712,5.87783243520377,123.65846610742643
2026-07-22T14:30:00Z,2026-07-22T14:45:00Z,2026-07-22,2026-07-22_67,-17.0,71,54,29,169.16164978881994,172.8840361142858,0.011405800524499658,0.23206857142857143,0.06017142857142858,True,True,True,False,-272.8075,288.566165241295,72.35673106291998,35.85808643860721,30.96669430142246,-2.9155414194083256,152.0246356248363
2026-07-22T14:45:00Z,2026-07-22T15:00:00Z,2026-07-22,2026-07-22_68,0.0,71,54,29,172.8840361142858,176.66000000000008,0.010488788571428572,0.0,4.104308571428572,True,True,True,False,0.0,288.566165241295,72.35673106291998,35.85808643860721,0.0,65.72581955013527,462.50680229295745
2026-07-22T15:00:00Z,2026-07-22T15:15:00Z,2026-07-22,2026-07-22_69,0.0,0,100,0,176.66000000000008,186.62018285714294,0.02766717460317461,0.0,10.826285714285715,True,True,True,False,0.0,0.0,0.0,68.89508246792913,0.0,1350.5969166157606,1419.4919990836897
2026-07-22T15:15:00Z,2026-07-22T15:30:00Z,2026-07-22,2026-07-22_70,0.0,0,100,0,186.62018285714294,189.7056000000001,0.008570603174603175,0.0,3.3537142857142856,True,True,True,False,0.0,0.0,0.0,68.89508246792913,0.0,-39.30358004625185,29.591502421677276
2026-07-22T15:30:00Z,2026-07-22T15:45:00Z,2026-07-22,2026-07-22_71,69.18394208861956,0,100,0,189.7056000000001,170.91863354037275,0.052205818483476746,0.0,0.01257142857142857,True,True,True,False,2453.2625864624497,0.0,0.0,68.89508246792913,0.0,-0.6849417488437035,2521.472727181535
2026-07-22T15:45:00Z,2026-07-22T16:00:00Z,2026-07-22,2026-07-22_72,100.0,0,100,0,170.91863354037275,144.00000000000009,0.07477398205659075,0.0,0.23485714285714285,True,True,True,False,4200.75,0.0,0.0,68.89508246792913,0.0,-11.296806113098873,4258.34827635483
2026-07-22T16:00:00Z,2026-07-22T16:15:00Z,2026-07-22,2026-07-22_73,0.0,0,0,100,144.00000000000009,144.00000000000009,0.0,0.0,0.0,True,False,True,False,0.0,995.055742211362,0.0,0.0,0.0,0.0,995.055742211362
2026-07-22T16:15:00Z,2026-07-22T16:30:00Z,2026-07-22,2026-07-22_74,0.0,0,0,100,144.00000000000009,144.00000000000009,0.0,0.0,0.0,True,False,True,False,0.0,995.055742211362,0.0,0.0,0.0,0.0,995.055742211362
2026-07-22T16:30:00Z,2026-07-22T16:45:00Z,2026-07-22,2026-07-22_75,0.0,0,0,100,144.00000000000009,144.00000000000009,0.0,0.0,0.0,True,False,True,False,0.0,995.055742211362,0.0,0.0,0.0,0.0,995.055742211362
2026-07-22T16:45:00Z,2026-07-22T17:00:00Z,2026-07-22,2026-07-22_76,0.0,0,0,100,144.00000000000009,144.00000000000009,0.0,0.0,0.0,True,False,True,False,0.0,995.055742211362,0.0,0.0,0.0,0.0,995.055742211362
2026-07-22T17:00:00Z,2026-07-22T17:15:00Z,2026-07-22,2026-07-22_77,0.0,0,0,100,144.00000000000009,144.00000000000009,0.0,0.0,0.0,True,False,True,False,0.0,995.055742211362,0.0,0.0,0.0,0.0,995.055742211362
2026-07-22T17:15:00Z,2026-07-22T17:30:00Z,2026-07-22,2026-07-22_78,0.0,0,0,100,144.00000000000009,144.00000000000009,0.0,0.0,0.0,True,False,True,False,0.0,995.055742211362,0.0,0.0,0.0,0.0,995.055742211362
2026-07-22T17:30:00Z,2026-07-22T17:45:00Z,2026-07-22,2026-07-22_79,0.0,0,0,100,144.00000000000009,144.00000000000009,0.0,0.0,0.0,True,False,True,False,0.0,995.055742211362,0.0,0.0,0.0,0.0,995.055742211362
2026-07-22T17:45:00Z,2026-07-22T18:00:00Z,2026-07-22,2026-07-22_80,0.0,0,0,100,144.00000000000009,144.00000000000009,0.0,0.0,0.0,True,False,True,False,0.0,995.055742211362,0.0,0.0,0.0,0.0,995.055742211362
2026-07-22T18:00:00Z,2026-07-22T18:15:00Z,2026-07-22,2026-07-22_81,100.0,0,100,0,144.00000000000009,121.0701863354038,0.06369392684610076,0.0,3.904571428571429,True,True,True,False,4720.0,0.0,0.0,73.24755650580329,0.0,-111.86361604415742,4681.383940461646
2026-07-22T18:15:00Z,2026-07-22T18:30:00Z,2026-07-22,2026-07-22_82,100.0,0,100,0,121.0701863354038,101.7503105590063,0.053666321601104204,0.0,7.225714285714285,True,True,True,False,5484.5,0.0,0.0,73.24755650580329,0.0,-312.81863982459197,5244.928916681211
2026-07-22T18:30:00Z,2026-07-22T18:45:00Z,2026-07-22,2026-07-22_83,100.0,0,100,0,101.7503105590063,79.14596273291933,0.06278985507246378,0.0,4.204,True,True,True,False,5484.5,0.0,0.0,73.24755650580329,0.0,-198.10419059254733,5359.643365913256
2026-07-22T18:45:00Z,2026-07-22T19:00:00Z,2026-07-22,2026-07-22_84,100.0,0,100,0,79.14596273291933,64.59937888198765,0.0404071773636991,0.0,11.617142857142856,True,True,True,False,5275.75,0.0,0.0,73.24755650580329,0.0,-65.96072846670738,5283.036828039096
2026-07-22T19:00:00Z,2026-07-22T19:15:00Z,2026-07-22,2026-07-22_85,1.0,0,1,99,64.59937888198765,64.33899378881995,0.0007232919254658386,0.0,0.010445714285714286,True,True,True,False,42.5575,985.1051847892485,0.0,0.7324755650580329,0.0,-0.7719786456060738,1027.6231817087005
2026-07-22T19:15:00Z,2026-07-22T19:30:00Z,2026-07-22,2026-07-22_86,0.8337095224394498,0,1,99,64.33899378881995,64.13737267080751,0.0005800635639681073,0.0,0.023537142857142857,True,True,True,False,34.32382103883215,985.1051847892485,0.0,0.7324755650580329,0.0,-1.6115511115716905,1018.549930281567
2026-07-22T19:30:00Z,2026-07-22T19:45:00Z,2026-07-22,2026-07-22_87,1.0,0,1,99,64.13737267080751,63.911614906832355,0.0006271048999309868,0.0,0.04230285714285714,True,True,True,False,41.3425,985.1051847892485,0.0,0.7324755650580329,0.0,-2.8264355528405614,1024.353724801466
2026-07-22T19:45:00Z,2026-07-22T20:00:00Z,2026-07-22,2026-07-22_88,1.0,0,1,99,63.911614906832355,63.80434782608701,0.0002979641131815045,0.0,0.1513142857142857,True,True,True,False,39.9925,985.1051847892485,0.0,0.7324755650580329,0.0,2.1799378654332835,1028.0100982197398
2026-07-22T20:00:00Z,2026-07-22T20:15:00Z,2026-07-22,2026-07-22_89,100.0,0,100,0,63.80434782608701,47.66024844720502,0.044844720496894405,0.0,10.147428571428572,True,True,True,False,4313.0,0.0,0.0,73.24755650580329,0.0,699.594146304215,5085.841702810018
2026-07-22T20:15:00Z,2026-07-22T20:30:00Z,2026-07-22,2026-07-22_90,100.0,0,100,0,47.66024844720502,34.31925465838515,0.037058316080055206,0.0,12.726285714285716,True,True,True,False,4105.5,0.0,0.0,73.24755650580329,0.0,-142.83302458766036,4035.914531918143
2026-07-22T20:30:00Z,2026-07-22T20:45:00Z,2026-07-22,2026-07-22_91,100.0,0,100,0,34.31925465838515,11.588198757764033,0.06314182194616977,0.0,4.087428571428571,True,True,True,False,4034.0000000000005,0.0,0.0,73.24755650580329,0.0,-150.0435227768566,3957.2040337289473
2026-07-22T20:45:00Z,2026-07-22T21:00:00Z,2026-07-22,2026-07-22_92,31.452745998548384,0,100,0,11.588198757764033,10.000000000000057,0.02948089551562004,0.0,7.155428571428571,True,True,True,False,1208.650396859218,0.0,0.0,73.24755650580329,0.0,-209.72902085696828,1072.168932508053
2026-07-22T21:00:00Z,2026-07-22T21:15:00Z,2026-07-23,2026-07-22_93,9.070491893491677e-15,100,83,0,10.000000000000057,12.83535588571434,0.007875988571428575,0.0,3.0819085714285714,True,True,True,False,3.6275164705046593e-13,0.0,106.22458913130619,57.17746091736814,0.0,-112.34385915036691,51.05819089830778
2026-07-22T21:15:00Z,2026-07-22T21:30:00Z,2026-07-23,2026-07-22_94,-16.82503671681792,100,83,0,12.83535588571434,15.274009937888232,0.013845919969970973,1.4080000000000001,0.06497714285714286,True,True,True,False,-625.8913658656267,0.0,106.22458913130619,57.17746091736814,240.60892172020846,-4.029019436468397,-225.90941353321227
2026-07-22T21:30:00Z,2026-07-22T21:45:00Z,2026-07-23,2026-07-22_95,-17.0,100,83,0,15.274009937888232,12.989384914285749,0.023056096811594203,5.8662857142857145,0.0166,True,True,True,False,-625.43,0.0,106.22458913130619,57.17746091736814,1081.3498724650485,-1.0075242130981694,618.3143983006247
2026-07-22T21:45:00Z,2026-07-22T22:00:00Z,2026-07-23,2026-07-22_96,-17.0,100,83,0,12.989384914285749,14.087130196273327,0.016536076438923394,2.690857142857143,0.03936571428571429,True,True,True,False,-583.9074999999999,0.0,106.22458913130619,57.17746091736814,467.7157497075449,-2.3782635220588837,44.83203623416041
2026-07-22T22:00:00Z,2026-07-22T22:15:00Z,2026-07-23,2026-07-23_1,0.0,100,100,0,14.087130196273327,21.840364481987613,0.021536761904761906,0.0,8.427428571428571,True,True,True,False,0.0,0.0,106.22458913130619,68.88850712935921,0.0,-241.29383758313494,-66.18074132246954
2026-07-22T22:15:00Z,2026-07-22T22:30:00Z,2026-07-23,2026-07-23_2,0.0,100,100,0,21.840364481987613,24.404273053416183,0.007121968253968254,0.0,2.7868571428571425,True,True,True,False,0.0,0.0,106.22458913130619,68.88850712935921,0.0,-146.70138562348146,28.411710637183944
2026-07-22T22:30:00Z,2026-07-22T22:45:00Z,2026-07-23,2026-07-23_3,0.0,100,100,0,24.404273053416183,31.281141624844757,0.0191024126984127,0.0,7.474857142857143,True,True,True,False,0.0,0.0,106.22458913130619,68.88850712935921,0.0,-255.09596169315802,-79.98286543249262
2026-07-22T22:45:00Z,2026-07-22T23:00:00Z,2026-07-23,2026-07-23_4,0.0,100,100,0,31.281141624844757,41.5609587677019,0.02855504761904762,0.0,11.173714285714285,True,True,True,False,0.0,0.0,106.22458913130619,68.88850712935921,0.0,-341.25375283251935,-166.14065657185395
2026-07-22T23:00:00Z,2026-07-22T23:15:00Z,2026-07-23,2026-07-23_5,0.0,42,0,58,41.5609587677019,41.55965441987581,3.6231884057971013e-06,0.0012,0.0,True,True,True,False,0.0,577.0772490408291,44.614327435148596,0.0,0.18324457424268453,0.0,621.8748210502204
2026-07-22T23:15:00Z,2026-07-22T23:30:00Z,2026-07-23,2026-07-23_6,-0.20482870234985792,42,0,58,41.55965441987581,41.5833043478261,0.0001954929129326009,0.0216,0.0,True,True,True,False,-7.478807994549188,577.0772490408291,44.614327435148596,0.0,3.298402336368322,0.0,617.5111708177968
2026-07-22T23:30:00Z,2026-07-22T23:45:00Z,2026-07-23,2026-07-23_7,-6.213570504162412e-14,42,0,58,41.5833043478261,41.52173913043481,0.00017101449275366238,0.05664,0.0,True,True,True,False,-2.2527299862840827e-12,577.0772490408291,44.614327435148596,0.0,8.662744683044151,0.0,630.3543211590196
2026-07-22T23:45:00Z,2026-07-23T00:00:00Z,2026-07-23,2026-07-23_8,-42.0,42,0,58,41.52173913043481,44.16140313043481,0.007332400000000001,7.6308,0.0,True,True,True,False,-1428.735,577.0772490408291,44.614327435148596,0.0,2364.3448770543437,0.0,1557.3014535303214
2026-07-23T00:00:00Z,2026-07-23T00:15:00Z,2026-07-23,2026-07-23_9,-100.0,100,0,0,44.16140313043481,48.71987170186338,0.012662412698412697,20.04514285714286,0.0,True,True,True,False,-3603.25,0.0,106.22458913130619,0.0,7634.766340262269,0.0,4137.740929393575
2026-07-23T00:15:00Z,2026-07-23T00:30:00Z,2026-07-23,2026-07-23_10,-100.0,100,0,0,48.71987170186338,55.487917416149095,0.018800126984126985,17.643428571428572,0.0,True,True,True,False,-3540.5,0.0,106.22458913130619,0.0,7079.716605721485,0.0,3645.441194852792
2026-07-23T00:30:00Z,2026-07-23T00:45:00Z,2026-07-23,2026-07-23_11,-28.030763488027883,100,0,0,55.487917416149095,61.68713838509318,0.018255640428760905,0.23828571428571427,0.0,True,True,True,False,-979.4649531804143,0.0,106.22458913130619,0.0,39.3566911265451,0.0,-833.883672922563
2026-07-23T00:45:00Z,2026-07-23T01:00:00Z,2026-07-23,2026-07-23_12,-100.0,100,0,0,61.68713838509318,75.52919552795032,0.03845015873015873,9.954285714285716,0.0,True,True,True,False,-3400.75,0.0,106.22458913130619,0.0,2615.456317711188,0.0,-679.0690931575057
2026-07-23T01:00:00Z,2026-07-23T01:15:00Z,2026-07-23,2026-07-23_13,-100.0,100,0,0,75.52919552795032,87.4187498136646,0.033026539682539685,12.076571428571429,0.0,True,True,True,False,-3433.0,0.0,106.22458913130619,0.0,2710.4502098859352,0.0,-616.3252009827586
2026-07-23T01:15:00Z,2026-07-23T01:30:00Z,2026-07-23,2026-07-23_14,-100.0,100,0,0,87.4187498136646,91.19653267080746,0.010493841269841271,20.893714285714285,0.0,True,True,True,False,-3564.25,0.0,106.22458913130619,0.0,6496.481876947996,0.0,3038.4564660793026
2026-07-23T01:30:00Z,2026-07-23T01:45:00Z,2026-07-23,2026-07-23_15,-100.0,100,0,0,91.19653267080746,104.61276124223603,0.037267301587301585,10.417142857142856,0.0,True,True,True,False,-3478.75,0.0,106.22458913130619,0.0,2451.6286090591534,0.0,-920.8968018095404
2026-07-23T01:45:00Z,2026-07-23T02:00:00Z,2026-07-23,2026-07-23_16,-100.0,100,0,0,104.61276124223603,126.61180124223603,0.06110844444444445,1.0879999999999999,0.0,True,True,True,False,-3479.0,0.0,106.22458913130619,0.0,184.98388287617624,0.0,-3187.791527992518
2026-07-23T02:00:00Z,2026-07-23T02:15:00Z,2026-07-23,2026-07-23_17,0.0,0,0,100,126.61180124223603,126.61180124223603,0.0,0.0,0.0,True,True,True,False,0.0,994.9607742083261,0.0,0.0,0.0,0.0,994.9607742083261
2026-07-23T02:15:00Z,2026-07-23T02:30:00Z,2026-07-23,2026-07-23_18,0.0,0,0,100,126.61180124223603,126.61180124223603,0.0,0.0,0.0,True,True,True,False,0.0,994.9607742083261,0.0,0.0,0.0,0.0,994.9607742083261
2026-07-23T02:30:00Z,2026-07-23T02:45:00Z,2026-07-23,2026-07-23_19,0.0,0,0,100,126.61180124223603,126.61180124223603,0.0,0.0,0.0,True,True,True,False,0.0,994.9607742083261,0.0,0.0,0.0,0.0,994.9607742083261
2026-07-23T02:45:00Z,2026-07-23T03:00:00Z,2026-07-23,2026-07-23_20,0.0,0,0,100,126.61180124223603,126.61180124223603,0.0,0.0,0.0,True,True,True,False,0.0,994.9607742083261,0.0,0.0,0.0,0.0,994.9607742083261
2026-07-23T03:00:00Z,2026-07-23T03:15:00Z,2026-07-23,2026-07-23_21,0.0,0,0,100,126.61180124223603,126.61180124223603,0.0,0.0,0.0,True,True,True,False,0.0,994.9607742083261,0.0,0.0,0.0,0.0,994.9607742083261
2026-07-23T03:15:00Z,2026-07-23T03:30:00Z,2026-07-23,2026-07-23_22,0.0,0,0,100,126.61180124223603,126.61180124223603,0.0,0.0,0.0,True,True,True,False,0.0,994.9607742083261,0.0,0.0,0.0,0.0,994.9607742083261
2026-07-23T03:30:00Z,2026-07-23T03:45:00Z,2026-07-23,2026-07-23_23,0.0,0,0,100,126.61180124223603,126.61180124223603,0.0,0.0,0.0,True,True,True,False,0.0,994.9607742083261,0.0,0.0,0.0,0.0,994.9607742083261
2026-07-23T03:45:00Z,2026-07-23T04:00:00Z,2026-07-23,2026-07-23_24,0.0,0,0,100,126.61180124223603,126.61180124223603,0.0,0.0,0.0,True,True,True,False,0.0,994.9607742083261,0.0,0.0,0.0,0.0,994.9607742083261
2026-07-23T04:00:00Z,2026-07-23T04:15:00Z,2026-07-23,2026-07-23_25,0.0,0,0,100,126.61180124223603,126.61180124223603,0.0,0.0,0.0,True,True,True,False,0.0,994.9607742083261,0.0,0.0,0.0,0.0,994.9607742083261
2026-07-23T04:15:00Z,2026-07-23T04:30:00Z,2026-07-23,2026-07-23_26,0.0,0,0,100,126.61180124223603,126.61180124223603,0.0,0.0,0.0,True,True,True,False,0.0,994.9607742083261,0.0,0.0,0.0,0.0,994.9607742083261
2026-07-23T04:30:00Z,2026-07-23T04:45:00Z,2026-07-23,2026-07-23_27,0.0,0,0,100,126.61180124223603,126.61180124223603,0.0,0.0,0.0,True,True,True,False,0.0,994.9607742083261,0.0,0.0,0.0,0.0,994.9607742083261
2026-07-23T04:45:00Z,2026-07-23T05:00:00Z,2026-07-23,2026-07-23_28,0.0,0,0,100,126.61180124223603,126.61180124223603,0.0,0.0,0.0,True,True,True,False,0.0,994.9607742083261,0.0,0.0,0.0,0.0,994.9607742083261
2026-07-23T05:00:00Z,2026-07-23T05:15:00Z,2026-07-23,2026-07-23_29,100.0,0,100,0,126.61180124223603,106.24534161490683,0.056573498964803313,0.0,6.262857142857143,True,True,True,False,4363.75,0.0,0.0,66.59794995132567,0.0,-306.0980543898256,4124.2498955615
2026-07-23T05:15:00Z,2026-07-23T05:30:00Z,2026-07-23,2026-07-23_30,100.0,0,100,0,106.24534161490683,88.10000000000001,0.050403726708074525,0.0,8.306285714285714,True,True,True,False,4343.0,0.0,0.0,66.59794995132567,0.0,-307.85214038934015,4101.745809561986
2026-07-23T05:30:00Z,2026-07-23T05:45:00Z,2026-07-23,2026-07-23_31,100.0,0,100,0,88.10000000000001,68.95776397515529,0.0531728778467909,0.0,7.389142857142857,True,True,True,False,4114.5,0.0,0.0,66.59794995132567,0.0,-326.59816788148004,3854.4997820698454
2026-07-23T05:45:00Z,2026-07-23T06:00:00Z,2026-07-23,2026-07-23_32,100.0,0,100,0,68.95776397515529,51.96708074534162,0.04719634230503796,0.0,9.368571428571428,True,True,True,False,4068.75,0.0,0.0,66.59794995132567,0.0,2793.970911559951,6929.318861511277
2026-07-23T06:00:00Z,2026-07-23T06:15:00Z,2026-07-23,2026-07-23_33,100.0,0,100,0,51.96708074534162,34.573913043478264,0.04831435472739821,0.0,8.998285714285714,True,True,True,False,4350.25,0.0,0.0,60.67113325316384,0.0,-35.83581155258874,4375.085321700575
2026-07-23T06:15:00Z,2026-07-23T06:30:00Z,2026-07-23,2026-07-23_34,100.0,0,100,0,34.573913043478264,10.000000000000004,0.06826086956521739,0.0,2.392,True,True,True,False,4070.0000000000005,0.0,0.0,60.67113325316384,0.0,-74.94924201645382,4055.7218912367107
2026-07-23T06:30:00Z,2026-07-23T06:45:00Z,2026-07-23,2026-07-23_35,53.251865413499154,0,100,0,10.000000000000004,10.000000000000004,0.03427009282131675,0.0,14.342857142857143,True,True,True,False,1463.228131899423,0.0,0.0,60.67113325316384,0.0,3675.4717866073306,5199.3710517599175
2026-07-23T06:45:00Z,2026-07-23T07:00:00Z,2026-07-23,2026-07-23_36,0.0,0,100,0,10.000000000000004,24.80937142857143,0.04113714285714286,0.0,16.097142857142856,True,True,True,False,0.0,0.0,0.0,60.67113325316384,0.0,3503.89776916092,3564.568902414084
2026-07-23T07:00:00Z,2026-07-23T07:15:00Z,2026-07-23,2026-07-23_37,-73.0,0,0,27,24.80937142857143,41.59937142857143,0.04663888888888889,0.0,0.0,True,False,True,False,-204.39999999999998,243.51485998969247,0.0,0.0,0.0,0.0,39.11485998969249
2026-07-23T07:15:00Z,2026-07-23T07:30:00Z,2026-07-23,2026-07-23_38,-73.0,0,0,27,41.59937142857143,58.38937142857143,0.04663888888888889,0.0,0.0,True,False,True,False,-173.375,243.51485998969247,0.0,0.0,0.0,0.0,70.13985998969247
2026-07-23T07:30:00Z,2026-07-23T07:45:00Z,2026-07-23,2026-07-23_39,-73.0,0,0,27,58.38937142857143,75.17937142857143,0.04663888888888889,0.0,0.0,True,False,True,False,-169.72500000000002,243.51485998969247,0.0,0.0,0.0,0.0,73.78985998969245
2026-07-23T07:45:00Z,2026-07-23T08:00:00Z,2026-07-23,2026-07-23_40,-73.0,0,0,27,75.17937142857143,91.96937142857143,0.04663888888888889,0.0,0.0,True,False,True,False,-196.9175,243.51485998969247,0.0,0.0,0.0,0.0,46.59735998969248
2026-07-23T08:00:00Z,2026-07-23T08:15:00Z,2026-07-23,2026-07-23_41,-49.00000000000002,0,0,51,91.96937142857143,103.23937142857145,0.03130555555555557,0.0,0.0,True,False,True,False,-130.34000000000006,459.97251331386354,0.0,0.0,0.0,0.0,329.63251331386346
2026-07-23T08:15:00Z,2026-07-23T08:30:00Z,2026-07-23,2026-07-23_42,-49.0,0,0,51,103.23937142857145,114.50937142857144,0.03130555555555556,0.0,0.0,True,False,True,False,-129.85,459.97251331386354,0.0,0.0,0.0,0.0,330.1225133138636
2026-07-23T08:30:00Z,2026-07-23T08:45:00Z,2026-07-23,2026-07-23_43,-48.99999999999989,0,0,51,114.50937142857144,125.77937142857142,0.03130555555555549,0.0,0.0,True,False,True,False,-163.29249999999965,459.97251331386354,0.0,0.0,0.0,0.0,296.6800133138639
2026-07-23T08:45:00Z,2026-07-23T09:00:00Z,2026-07-23,2026-07-23_44,-49.0,0,0,51,125.77937142857142,137.04937142857142,0.03130555555555556,0.0,0.0,True,False,True,False,-344.96,459.97251331386354,0.0,0.0,0.0,0.0,115.01251331386356
2026-07-23T09:00:00Z,2026-07-23T09:15:00Z,2026-07-23,2026-07-23_45,100.0,0,100,0,137.04937142857142,127.53819130434782,0.026419944789510003,0.0,16.249714285714287,True,True,True,False,2003.7500000000002,0.0,0.0,97.00509648972113,0.0,414.3337502147397,2515.088846704461
2026-07-23T09:15:00Z,2026-07-23T09:30:00Z,2026-07-23,2026-07-23_46,100.0,0,100,0,127.53819130434782,111.84005465838509,0.04360593512767425,0.0,10.557714285714285,True,True,True,False,2109.25,0.0,0.0,97.00509648972113,0.0,191.80784712166948,2398.0629436113904
2026-07-23T09:30:00Z,2026-07-23T09:45:00Z,2026-07-23,2026-07-23_47,100.0,0,100,0,111.84005465838509,84.75682484472048,0.0752311939268461,0.0,0.08342857142857142,True,True,True,False,1955.2499999999998,0.0,0.0,97.00509648972113,0.0,-4.712219740785279,2047.5428767489357
2026-07-23T09:45:00Z,2026-07-23T10:00:00Z,2026-07-23,2026-07-23_48,93.3917701529247,0,100,0,84.75682484472048,64.6586448993789,0.057485781108251935,0.0,4.907428571428571,True,True,True,False,1158.2914293216486,0.0,0.0,97.00509648972113,0.0,19.975741908743103,1275.2722677201127
2026-07-23T10:00:00Z,2026-07-23T10:15:00Z,2026-07-23,2026-07-23_49,0.0,29,29,71,64.6586448993789,67.09795918509319,0.0067758730158730155,0.0,2.6514285714285712,True,True,True,False,0.0,706.4221496879115,25.84807879516692,28.131477982019124,0.0,337.20448403836133,1097.606190503459
2026-07-23T10:15:00Z,2026-07-23T10:30:00Z,2026-07-23,2026-07-23_50,0.0,29,29,71,67.09795918509319,66.98242232049692,0.0004335846238785369,0.12494857142857144,0.02204,True,True,True,False,0.0,706.4221496879115,25.84807879516692,28.131477982019124,15.730130523583195,-1.2491899597243696,774.8826470289564
2026-07-23T10:30:00Z,2026-07-23T10:45:00Z,2026-07-23,2026-07-23_51,0.0,29,29,71,66.98242232049692,66.41420936149072,0.0020281179020013806,0.5972342857142857,0.08799428571428572,True,True,True,False,0.0,706.4221496879115,25.84807879516692,28.131477982019124,80.90438942526102,-1.925312754313201,839.3807831360454
2026-07-23T10:45:00Z,2026-07-23T11:00:00Z,2026-07-23,2026-07-23_52,0.0,29,29,71,66.41420936149072,66.46403229813667,0.0006137248585231193,0.07871428571428571,0.1471542857142857,True,True,True,False,0.0,706.4221496879115,25.84807879516692,28.131477982019124,9.909564985015937,-5.783169888989782,764.5281015611238
2026-07-23T11:00:00Z,2026-07-23T11:15:00Z,2026-07-23,2026-07-23_53,0.0,100,100,0,66.46403229813667,70.38543453416152,0.010965247757073845,0.012,4.276571428571429,True,True,True,False,0.0,0.0,89.13130619023076,97.00509648972113,1.526770887018267,-23.479551814312163,164.18362175265798
2026-07-23T11:15:00Z,2026-07-23T11:30:00Z,2026-07-23,2026-07-23_54,0.0,100,100,0,70.38543453416152,73.28790310559009,0.008062412698412699,0.0,3.154857142857143,True,True,True,False,0.0,0.0,89.13130619023076,97.00509648972113,0.0,-110.3980197587825,75.73838292116939
2026-07-23T11:30:00Z,2026-07-23T11:45:00Z,2026-07-23,2026-07-23_55,0.0,100,100,0,73.28790310559009,76.11992795031058,0.007904692891649415,0.006285714285714285,3.0857142857142863,True,True,True,False,0.0,0.0,89.13130619023076,97.00509648972113,0.7997371312952827,-49.079637764743424,137.85650204650375
2026-07-23T11:45:00Z,2026-07-23T12:00:00Z,2026-07-23,2026-07-23_56,0.0,100,100,0,76.11992795031058,95.15446509316773,0.05287371428571429,0.0,20.689714285714285,True,True,True,False,0.0,0.0,89.13130619023076,97.00509648972113,0.0,19754.086142292683,19940.222544972636
2026-07-23T12:00:00Z,2026-07-23T12:15:00Z,2026-07-23,2026-07-23_57,0.0,100,100,0,95.15446509316773,110.24561937888201,0.041919873015873015,0.0,16.40342857142857,True,True,True,False,0.0,0.0,89.01677833132909,97.00509648972113,0.0,8074.811508413706,8260.833383234756
2026-07-23T12:15:00Z,2026-07-23T12:30:00Z,2026-07-23,2026-07-23_58,0.0,100,100,0,110.24561937888201,120.81247652173916,0.029352380952380956,0.0,11.485714285714286,True,True,True,False,0.0,0.0,89.01677833132909,97.00509648972113,0.0,59.935569898806456,245.95744471985668
2026-07-23T12:30:00Z,2026-07-23T12:45:00Z,2026-07-23,2026-07-23_59,0.0,100,100,0,120.81247652173916,131.43663652173916,0.029511555555555555,0.0,11.548,True,True,True,False,0.0,0.0,89.01677833132909,97.00509648972113,0.0,137.2538731413083,323.27574796235854
2026-07-23T12:45:00Z,2026-07-23T13:00:00Z,2026-07-23,2026-07-23_60,0.0,100,100,0,131.43663652173916,146.7722479503106,0.04259892063492064,0.0,16.66914285714286,True,True,True,False,0.0,0.0,89.01677833132909,97.00509648972113,0.0,3496.154567561893,3682.176442382943
2026-07-23T13:00:00Z,2026-07-23T13:15:00Z,2026-07-23,2026-07-23_61,0.0,25,100,0,146.7722479503106,168.9705336645963,0.06166190476190477,0.0,24.12857142857143,True,True,True,False,0.0,0.0,22.683674053713567,67.14195728110863,0.0,25926.36162989504,26016.18726122986
2026-07-23T13:15:00Z,2026-07-23T13:30:00Z,2026-07-23,2026-07-23_62,0.0,25,100,0,168.9705336645963,181.9349572670808,0.0362150138026225,0.03357142857142857,14.131428571428572,True,True,True,False,0.0,0.0,22.683674053713567,67.14195728110863,4.479266367258122,12027.941866749565,12122.246764451646
2026-07-23T13:30:00Z,2026-07-23T13:45:00Z,2026-07-23,2026-07-23_63,0.0,25,100,0,181.9349572670808,189.9616228571429,0.02229888129744652,0.00042857142857142855,8.725142857142858,True,True,True,False,0.0,0.0,22.683674053713567,67.14195728110863,0.05718212383733772,2045.1482374435202,2135.0310509021797
2026-07-23T13:45:00Z,2026-07-23T14:00:00Z,2026-07-23,2026-07-23_64,74.99999999999997,25,100,0,189.9616228571429,169.68291925465846,0.05654293857832985,0.06685714285714286,0.16685714285714284,True,True,True,False,1730.9999999999993,0.0,22.683674053713567,67.14195728110863,8.920411318624685,-8.985646823351685,1820.7603958300945
2026-07-23T14:00:00Z,2026-07-23T14:15:00Z,2026-07-23,2026-07-23_65,0.26781998827992004,0,100,0,169.68291925465846,180.3614906832298,0.02987810959650829,0.0,11.680571428571428,True,True,True,False,4.528836001813448,0.0,0.0,65.71035904483766,0.0,3959.2162939330224,4029.4554889796736
2026-07-23T14:15:00Z,2026-07-23T14:30:00Z,2026-07-23,2026-07-23_66,100.0,0,100,0,180.3614906832298,172.8453416149068,0.020878191856452722,0.0,18.08514285714286,True,True,True,False,2867.25,0.0,0.0,65.71035904483766,0.0,11215.608927173917,14148.569286218753
2026-07-23T14:30:00Z,2026-07-23T14:45:00Z,2026-07-23,2026-07-23_67,100.0,0,100,0,172.8453416149068,160.5422360248447,0.034175293305728084,0.0,13.68114285714286,True,True,True,False,2386.25,0.0,0.0,65.71035904483766,0.0,9702.784343060022,12154.74470210486
2026-07-23T14:45:00Z,2026-07-23T15:00:00Z,2026-07-23,2026-07-23_68,100.0,0,100,0,160.5422360248447,143.99999999999997,0.04595065562456867,0.0,9.781142857142857,True,True,True,False,3240.5,0.0,0.0,65.71035904483766,0.0,2185.579185488775,5491.789544533613
2026-07-23T15:00:00Z,2026-07-23T15:15:00Z,2026-07-23,2026-07-23_69,0.0,0,0,100,143.99999999999997,143.99999999999997,0.0,0.0,0.0,True,False,True,False,0.0,994.9607742083261,0.0,0.0,0.0,0.0,994.9607742083261
2026-07-23T15:15:00Z,2026-07-23T15:30:00Z,2026-07-23,2026-07-23_70,0.0,0,0,100,143.99999999999997,143.99999999999997,0.0,0.0,0.0,True,False,True,False,0.0,994.9607742083261,0.0,0.0,0.0,0.0,994.9607742083261
2026-07-23T15:30:00Z,2026-07-23T15:45:00Z,2026-07-23,2026-07-23_71,0.0,0,0,100,143.99999999999997,143.99999999999997,0.0,0.0,0.0,True,False,True,False,0.0,994.9607742083261,0.0,0.0,0.0,0.0,994.9607742083261
2026-07-23T15:45:00Z,2026-07-23T16:00:00Z,2026-07-23,2026-07-23_72,0.0,0,0,100,143.99999999999997,143.99999999999997,0.0,0.0,0.0,True,False,True,False,0.0,994.9607742083261,0.0,0.0,0.0,0.0,994.9607742083261
2026-07-23T16:00:00Z,2026-07-23T16:15:00Z,2026-07-23,2026-07-23_73,0.0,64,100,0,143.99999999999997,160.4924263354037,0.0458255458937198,0.002194285714285714,17.929142857142857,True,True,True,False,0.0,0.0,67.76384355494473,68.88850712935921,0.33507579290090883,10640.97999547342,10777.967421950625
2026-07-23T16:15:00Z,2026-07-23T16:30:00Z,2026-07-23,2026-07-23_74,36.0,64,100,0,160.4924263354037,167.4673617490683,0.03655370258109041,0.0,17.097714285714286,True,True,True,False,1383.48,0.0,67.76384355494473,68.88850712935921,0.0,13991.255840729924,15511.388191414228
2026-07-23T16:30:00Z,2026-07-23T16:45:00Z,2026-07-23,2026-07-23_75,36.0,64,100,0,167.4673617490683,167.41410889937885,0.03261977728088336,0.0,9.926857142857143,True,True,True,False,1460.16,0.0,67.76384355494473,68.88850712935921,0.0,436.1003312036605,2032.9126818879645
2026-07-23T16:45:00Z,2026-07-23T17:00:00Z,2026-07-23,2026-07-23_76,36.0,64,100,0,167.41410889937885,162.21278795527948,0.02973822167011732,0.0,4.674285714285714,True,True,True,False,1514.8799999999999,0.0,67.76384355494473,68.88850712935921,0.0,42.27904767358469,1693.8113983578885
2026-07-23T17:00:00Z,2026-07-23T17:15:00Z,2026-07-23,2026-07-23_77,1.5222222371183498,0,100,0,162.21278795527948,172.6888198757764,0.0303130865328425,0.0,11.804,True,True,True,False,58.13747279114258,0.0,0.0,68.88850712935921,0.0,282.0554185038844,409.08139842438624
2026-07-23T17:15:00Z,2026-07-23T17:30:00Z,2026-07-23,2026-07-23_78,100.0,0,100,0,172.6888198757764,158.64658385093168,0.03900621118012422,0.0,12.081142857142858,True,True,True,False,4116.75,0.0,0.0,68.88850712935921,0.0,395.17091057828395,4580.809417707643
2026-07-23T17:30:00Z,2026-07-23T17:45:00Z,2026-07-23,2026-07-23_79,100.0,0,100,0,158.64658385093168,133.81552795031055,0.0689751552795031,0.0,2.1554285714285712,True,True,True,False,4206.75,0.0,0.0,68.88850712935921,0.0,-97.73012415365274,4177.908382975706
2026-07-23T17:45:00Z,2026-07-23T18:00:00Z,2026-07-23,2026-07-23_80,100.0,0,100,0,133.81552795031055,106.73229813664595,0.0752311939268461,0.0,0.08342857142857142,True,True,True,False,4467.25,0.0,0.0,68.88850712935921,0.0,-5.998213147252831,4530.140293982106
2026-07-23T18:00:00Z,2026-07-23T18:15:00Z,2026-07-23,2026-07-23_81,0.0,0,0,100,106.73229813664595,106.73229813664595,0.0,0.0,0.0,True,False,True,False,0.0,994.9607742083261,0.0,0.0,0.0,0.0,994.9607742083261
2026-07-23T18:15:00Z,2026-07-23T18:30:00Z,2026-07-23,2026-07-23_82,0.0,0,0,100,106.73229813664595,106.73229813664595,0.0,0.0,0.0,True,False,True,False,0.0,994.9607742083261,0.0,0.0,0.0,0.0,994.9607742083261
2026-07-23T18:30:00Z,2026-07-23T18:45:00Z,2026-07-23,2026-07-23_83,0.0,0,0,100,106.73229813664595,106.73229813664595,0.0,0.0,0.0,True,False,True,False,0.0,994.9607742083261,0.0,0.0,0.0,0.0,994.9607742083261
2026-07-23T18:45:00Z,2026-07-23T19:00:00Z,2026-07-23,2026-07-23_84,0.0,0,0,100,106.73229813664595,106.73229813664595,0.0,0.0,0.0,True,False,True,False,0.0,994.9607742083261,0.0,0.0,0.0,0.0,994.9607742083261
2026-07-23T19:00:00Z,2026-07-23T19:15:00Z,2026-07-23,2026-07-23_85,0.0,0,0,100,106.73229813664595,106.73229813664595,0.0,0.0,0.0,True,True,True,False,0.0,994.9607742083261,0.0,0.0,0.0,0.0,994.9607742083261
2026-07-23T19:15:00Z,2026-07-23T19:30:00Z,2026-07-23,2026-07-23_86,0.0,0,0,100,106.73229813664595,106.73229813664595,0.0,0.0,0.0,True,True,True,False,0.0,994.9607742083261,0.0,0.0,0.0,0.0,994.9607742083261
2026-07-23T19:30:00Z,2026-07-23T19:45:00Z,2026-07-23,2026-07-23_87,0.0,0,0,100,106.73229813664595,106.73229813664595,0.0,0.0,0.0,True,True,True,False,0.0,994.9607742083261,0.0,0.0,0.0,0.0,994.9607742083261
2026-07-23T19:45:00Z,2026-07-23T20:00:00Z,2026-07-23,2026-07-23_88,0.0,0,0,100,106.73229813664595,106.73229813664595,0.0,0.0,0.0,True,True,True,False,0.0,994.9607742083261,0.0,0.0,0.0,0.0,994.9607742083261
2026-07-23T20:00:00Z,2026-07-23T20:15:00Z,2026-07-23,2026-07-23_89,100.0,0,100,0,106.73229813664595,82.69006211180124,0.066783988957902,0.0,2.8811428571428572,True,True,True,False,4898.0,0.0,0.0,68.88850712935921,0.0,-192.71303474284403,4774.175472386515
2026-07-23T20:15:00Z,2026-07-23T20:30:00Z,2026-07-23,2026-07-23_90,100.0,0,100,0,82.69006211180124,56.72111801242235,0.072135955831608,0.0,1.1085714285714285,True,True,True,False,4724.0,0.0,0.0,68.88850712935921,0.0,-74.51439260695403,4718.374114522405
2026-07-23T20:30:00Z,2026-07-23T20:45:00Z,2026-07-23,2026-07-23_91,100.0,0,100,0,56.72111801242235,31.92919254658384,0.0688664596273292,0.0,2.1914285714285713,True,True,True,False,4607.25,0.0,0.0,68.88850712935921,0.0,-117.29699964278214,4558.841507486577
2026-07-23T20:45:00Z,2026-07-23T21:00:00Z,2026-07-23,2026-07-23_92,100.0,0,100,0,31.92919254658384,9.999999999999993,0.06091442374051069,0.0,4.825142857142858,True,True,True,False,4425.0,0.0,0.0,68.88850712935921,0.0,-239.260366870908,4254.628140258451
2026-07-23T21:00:00Z,2026-07-23T21:15:00Z,2026-07-24,2026-07-23_93,-52.52401603024554,100,46,0,9.999999999999993,23.26548368695647,0.03684856579710132,0.0,1.288,True,True,True,False,-2385.6408080937526,0.0,106.03369241347697,28.82248452899381,0.0,-64.71612040644817,-2315.50075155773
2026-07-23T21:15:00Z,2026-07-23T21:30:00Z,2026-07-24,2026-07-23_94,-54.00000000000002,100,46,0,23.26548368695647,36.55340642981361,0.03691089650793652,0.0,0.9433942857142857,True,True,True,False,-2303.9100000000008,0.0,106.03369241347697,28.82248452899381,0.0,-47.75442558091309,-2216.8082486384433
2026-07-23T21:30:00Z,2026-07-23T21:45:00Z,2026-07-24,2026-07-23_95,-53.999999999999986,100,46,0,36.55340642981361,50.74455888695647,0.039419867936507924,0.0,1.9251657142857141,True,True,True,False,-2253.6899999999996,0.0,106.03369241347697,28.82248452899381,0.0,-95.07022504829573,-2213.9040481058246
2026-07-23T21:45:00Z,2026-07-23T22:00:00Z,2026-07-24,2026-07-23_96,-54.0,100,46,0,50.74455888695647,64.34782608695647,0.03778685333333334,0.0,1.28616,True,True,True,False,-2192.4,0.0,106.03369241347697,28.82248452899381,0.0,-64.7015419665368,-2122.245365024066
2026-07-23T22:00:00Z,2026-07-23T22:15:00Z,2026-07-24,2026-07-24_1,0.0,0,0,100,64.34782608695647,64.34782608695647,0.0,0.0,0.0,True,True,True,False,0.0,995.5878982351592,0.0,0.0,0.0,0.0,995.5878982351592
2026-07-23T22:15:00Z,2026-07-23T22:30:00Z,2026-07-24,2026-07-24_2,0.0,0,0,100,64.34782608695647,64.34782608695647,0.0,0.0,0.0,True,True,True,False,0.0,995.5878982351592,0.0,0.0,0.0,0.0,995.5878982351592
2026-07-23T22:30:00Z,2026-07-23T22:45:00Z,2026-07-24,2026-07-24_3,0.0,0,0,100,64.34782608695647,64.34782608695647,0.0,0.0,0.0,True,True,True,False,0.0,995.5878982351592,0.0,0.0,0.0,0.0,995.5878982351592
2026-07-23T22:45:00Z,2026-07-23T23:00:00Z,2026-07-24,2026-07-24_4,0.0,0,0,100,64.34782608695647,64.34782608695647,0.0,0.0,0.0,True,True,True,False,0.0,995.5878982351592,0.0,0.0,0.0,0.0,995.5878982351592
2026-07-23T23:00:00Z,2026-07-23T23:15:00Z,2026-07-24,2026-07-24_5,0.0,0,0,100,64.34782608695647,64.34782608695647,0.0,0.0,0.0,True,True,True,False,0.0,995.5878982351592,0.0,0.0,0.0,0.0,995.5878982351592
2026-07-23T23:15:00Z,2026-07-23T23:30:00Z,2026-07-24,2026-07-24_6,0.0,0,0,100,64.34782608695647,64.34782608695647,0.0,0.0,0.0,True,True,True,False,0.0,995.5878982351592,0.0,0.0,0.0,0.0,995.5878982351592
2026-07-23T23:30:00Z,2026-07-23T23:45:00Z,2026-07-24,2026-07-24_7,0.0,0,0,100,64.34782608695647,64.34782608695647,0.0,0.0,0.0,True,True,True,False,0.0,995.5878982351592,0.0,0.0,0.0,0.0,995.5878982351592
2026-07-23T23:45:00Z,2026-07-24T00:00:00Z,2026-07-24,2026-07-24_8,0.0,0,0,100,64.34782608695647,64.34782608695647,0.0,0.0,0.0,True,True,True,False,0.0,995.5878982351592,0.0,0.0,0.0,0.0,995.5878982351592
2026-07-24T00:00:00Z,2026-07-24T00:15:00Z,2026-07-24,2026-07-24_9,0.0,0,0,100,64.34782608695647,64.34782608695647,0.0,0.0,0.0,True,True,True,False,0.0,995.5878982351592,0.0,0.0,0.0,0.0,995.5878982351592
2026-07-24T00:15:00Z,2026-07-24T00:30:00Z,2026-07-24,2026-07-24_10,0.0,0,0,100,64.34782608695647,64.34782608695647,0.0,0.0,0.0,True,True,True,False,0.0,995.5878982351592,0.0,0.0,0.0,0.0,995.5878982351592
2026-07-24T00:30:00Z,2026-07-24T00:45:00Z,2026-07-24,2026-07-24_11,0.0,0,0,100,64.34782608695647,64.34782608695647,0.0,0.0,0.0,True,True,True,False,0.0,995.5878982351592,0.0,0.0,0.0,0.0,995.5878982351592
2026-07-24T00:45:00Z,2026-07-24T01:00:00Z,2026-07-24,2026-07-24_12,0.0,0,0,100,64.34782608695647,64.34782608695647,0.0,0.0,0.0,True,True,True,False,0.0,995.5878982351592,0.0,0.0,0.0,0.0,995.5878982351592
2026-07-24T01:00:00Z,2026-07-24T01:15:00Z,2026-07-24,2026-07-24_13,0.0,0,0,100,64.34782608695647,64.34782608695647,0.0,0.0,0.0,True,True,True,False,0.0,995.5878982351592,0.0,0.0,0.0,0.0,995.5878982351592
2026-07-24T01:15:00Z,2026-07-24T01:30:00Z,2026-07-24,2026-07-24_14,0.0,0,0,100,64.34782608695647,64.34782608695647,0.0,0.0,0.0,True,True,True,False,0.0,995.5878982351592,0.0,0.0,0.0,0.0,995.5878982351592
2026-07-24T01:30:00Z,2026-07-24T01:45:00Z,2026-07-24,2026-07-24_15,0.0,0,0,100,64.34782608695647,64.34782608695647,0.0,0.0,0.0,True,True,True,False,0.0,995.5878982351592,0.0,0.0,0.0,0.0,995.5878982351592
2026-07-24T01:45:00Z,2026-07-24T02:00:00Z,2026-07-24,2026-07-24_16,0.0,0,0,100,64.34782608695647,64.34782608695647,0.0,0.0,0.0,True,True,True,False,0.0,995.5878982351592,0.0,0.0,0.0,0.0,995.5878982351592
2026-07-24T02:00:00Z,2026-07-24T02:15:00Z,2026-07-24,2026-07-24_17,0.0,0,0,100,64.34782608695647,64.34782608695647,0.0,0.0,0.0,True,True,True,False,0.0,995.5878982351592,0.0,0.0,0.0,0.0,995.5878982351592
2026-07-24T02:15:00Z,2026-07-24T02:30:00Z,2026-07-24,2026-07-24_18,0.0,0,0,100,64.34782608695647,64.34782608695647,0.0,0.0,0.0,True,True,True,False,0.0,995.5878982351592,0.0,0.0,0.0,0.0,995.5878982351592
2026-07-24T02:30:00Z,2026-07-24T02:45:00Z,2026-07-24,2026-07-24_19,0.0,0,0,100,64.34782608695647,64.34782608695647,0.0,0.0,0.0,True,True,True,False,0.0,995.5878982351592,0.0,0.0,0.0,0.0,995.5878982351592
2026-07-24T02:45:00Z,2026-07-24T03:00:00Z,2026-07-24,2026-07-24_20,0.0,0,0,100,64.34782608695647,64.34782608695647,0.0,0.0,0.0,True,True,True,False,0.0,995.5878982351592,0.0,0.0,0.0,0.0,995.5878982351592
2026-07-24T03:00:00Z,2026-07-24T03:15:00Z,2026-07-24,2026-07-24_21,0.0,0,0,100,64.34782608695647,64.34782608695647,0.0,0.0,0.0,True,True,True,False,0.0,995.5878982351592,0.0,0.0,0.0,0.0,995.5878982351592
2026-07-24T03:15:00Z,2026-07-24T03:30:00Z,2026-07-24,2026-07-24_22,0.0,0,0,100,64.34782608695647,64.34782608695647,0.0,0.0,0.0,True,True,True,False,0.0,995.5878982351592,0.0,0.0,0.0,0.0,995.5878982351592
2026-07-24T03:30:00Z,2026-07-24T03:45:00Z,2026-07-24,2026-07-24_23,0.0,0,0,100,64.34782608695647,64.34782608695647,0.0,0.0,0.0,True,True,True,False,0.0,995.5878982351592,0.0,0.0,0.0,0.0,995.5878982351592
2026-07-24T03:45:00Z,2026-07-24T04:00:00Z,2026-07-24,2026-07-24_24,0.0,0,0,100,64.34782608695647,64.34782608695647,0.0,0.0,0.0,True,True,True,False,0.0,995.5878982351592,0.0,0.0,0.0,0.0,995.5878982351592
2026-07-24T04:00:00Z,2026-07-24T04:15:00Z,2026-07-24,2026-07-24_25,0.0,0,0,100,64.34782608695647,64.34782608695647,0.0,0.0,0.0,True,False,True,False,0.0,995.5878982351592,0.0,0.0,0.0,0.0,995.5878982351592
2026-07-24T04:15:00Z,2026-07-24T04:30:00Z,2026-07-24,2026-07-24_26,0.0,0,0,100,64.34782608695647,64.34782608695647,0.0,0.0,0.0,True,False,True,False,0.0,995.5878982351592,0.0,0.0,0.0,0.0,995.5878982351592
2026-07-24T04:30:00Z,2026-07-24T04:45:00Z,2026-07-24,2026-07-24_27,0.0,0,0,100,64.34782608695647,64.34782608695647,0.0,0.0,0.0,True,False,True,False,0.0,995.5878982351592,0.0,0.0,0.0,0.0,995.5878982351592
2026-07-24T04:45:00Z,2026-07-24T05:00:00Z,2026-07-24,2026-07-24_28,0.0,0,0,100,64.34782608695647,64.34782608695647,0.0,0.0,0.0,True,False,True,False,0.0,995.5878982351592,0.0,0.0,0.0,0.0,995.5878982351592
2026-07-24T05:00:00Z,2026-07-24T05:15:00Z,2026-07-24,2026-07-24_29,100.0,0,100,0,64.34782608695647,38.805590062111754,0.07095065562456868,0.0,1.501142857142857,True,True,True,False,4450.75,0.0,0.0,60.59477423790969,0.0,-57.62122349191796,4453.723550745992
2026-07-24T05:15:00Z,2026-07-24T05:30:00Z,2026-07-24,2026-07-24_30,100.0,0,100,0,38.805590062111754,24.299999999999955,0.04029330572808833,0.0,11.654857142857143,True,True,True,False,4304.25,0.0,0.0,60.59477423790969,0.0,151.54920533053928,4516.393979568449
2026-07-24T05:30:00Z,2026-07-24T05:45:00Z,2026-07-24,2026-07-24_31,100.0,0,100,0,24.299999999999955,11.037267080745293,0.03684092477570739,0.0,12.798285714285711,True,True,True,False,4178.0,0.0,0.0,60.59477423790969,0.0,85.09701319537668,4323.691787433287
2026-07-24T05:45:00Z,2026-07-24T06:00:00Z,2026-07-24,2026-07-24_32,48.88550957586454,0,100,0,11.037267080745293,10.360378186335362,0.03476364280595258,0.0,12.586857142857145,True,True,True,False,1864.737762771353,0.0,0.0,60.59477423790969,0.0,72.08185073616887,1997.4143877454314
2026-07-24T06:00:00Z,2026-07-24T06:15:00Z,2026-07-24,2026-07-24_33,15.0,85,100,0,10.360378186335362,11.490988024844679,0.020967359972394753,0.03448571428571428,5.549142857142857,True,True,True,False,644.2125,0.0,92.05248682099473,55.66697226678891,5.119596487781452,-37.6948708293769,759.3566847461882
2026-07-24T06:15:00Z,2026-07-24T06:30:00Z,2026-07-24,2026-07-24_34,15.0,85,100,0,11.490988024844679,9.99999999999996,0.016025550862663905,0.0,2.7354285714285713,True,True,True,False,625.3499999999999,0.0,92.05248682099473,55.66697226678891,0.0,-28.693368804776092,744.3760902830074
2026-07-24T06:30:00Z,2026-07-24T06:45:00Z,2026-07-24,2026-07-24_35,0.0,85,100,0,9.99999999999996,19.26939428571425,0.025748317460317468,0.0,10.075428571428573,True,True,True,False,0.0,0.0,92.05248682099473,55.66697226678891,0.0,-6.027244687469304,141.69221440031433
2026-07-24T06:45:00Z,2026-07-24T07:00:00Z,2026-07-24,2026-07-24_36,6.113275878723322,85,100,0,19.26939428571425,28.11366459627325,0.029627218606868778,0.0,11.293714285714284,True,True,True,False,179.63861169628484,0.0,92.05248682099473,55.66697226678891,0.0,12.222130251137814,339.5802010352063
2026-07-24T07:00:00Z,2026-07-24T07:15:00Z,2026-07-24,2026-07-24_37,100.0,0,100,0,28.11366459627325,9.999999999999961,0.050315734989648024,0.0,8.335428571428572,True,True,True,False,3771.25,0.0,0.0,60.88127435250974,0.0,39.696610894644365,3871.827885247154
2026-07-24T07:15:00Z,2026-07-24T07:30:00Z,2026-07-24,2026-07-24_38,7.723290606088044e-15,0,100,0,9.999999999999961,19.622148571428532,0.02672819047619048,0.0,10.458857142857143,True,True,True,False,1.900122571362811e-13,0.0,0.0,60.88127435250974,0.0,50.52637208997741,111.40764644248733
2026-07-24T07:30:00Z,2026-07-24T07:45:00Z,2026-07-24,2026-07-24_39,48.31608839717664,0,100,0,19.622148571428532,19.58950459627324,0.03466422838949425,0.0,13.088,True,True,True,False,1289.5563993206447,0.0,0.0,60.88127435250974,0.0,108.34422186568874,1458.7818955388432
2026-07-24T07:45:00Z,2026-07-24T08:00:00Z,2026-07-24,2026-07-24_40,0.0,0,100,0,19.58950459627324,27.476796024844667,0.021909142857142856,0.0,8.573142857142857,True,True,True,False,0.0,0.0,0.0,60.88127435250974,0.0,48.33159228577976,109.21286663828951
2026-07-24T08:00:00Z,2026-07-24T08:15:00Z,2026-07-24,2026-07-24_41,0.0,100,100,0,27.476796024844667,39.07457888198753,0.0322160634920635,0.0,12.606285714285715,True,True,True,False,0.0,0.0,90.07563603025443,66.1528764611506,0.0,1534.9638470689677,1691.1923595603728
2026-07-24T08:15:00Z,2026-07-24T08:30:00Z,2026-07-24,2026-07-24_42,0.0,100,100,0,39.07457888198753,48.22148173913038,0.025408063492063496,0.0,9.942285714285715,True,True,True,False,0.0,0.0,90.07563603025443,66.1528764611506,0.0,-15.38741331325104,140.841099178154
2026-07-24T08:30:00Z,2026-07-24T08:45:00Z,2026-07-24,2026-07-24_43,0.0,100,100,0,48.22148173913038,56.73542459627324,0.023649841269841272,0.0,9.254285714285714,True,True,True,False,0.0,0.0,90.07563603025443,66.1528764611506,0.0,-15.600566451655155,140.62794603974987
2026-07-24T08:45:00Z,2026-07-24T09:00:00Z,2026-07-24,2026-07-24_44,0.0,100,100,0,56.73542459627324,59.45652173913038,0.0075586031746031745,0.0,2.9577142857142857,True,True,True,False,0.0,0.0,90.07563603025443,66.1528764611506,0.0,-45.31309125437936,110.91542123702567
2026-07-24T09:00:00Z,2026-07-24T09:15:00Z,2026-07-24,2026-07-24_45,0.0,9,9,91,59.45652173913038,59.68717888198752,0.0006407142857142857,0.0,0.2507142857142857,True,True,True,False,0.0,905.984987393995,8.039766215906486,8.821052028420812,0.0,-4.8799163419665375,917.9658892963557
2026-07-24T09:15:00Z,2026-07-24T09:30:00Z,2026-07-24,2026-07-24_46,0.0,9,9,91,59.68717888198752,59.7908749813664,0.00029549813664596277,0.0012342857142857142,0.11417142857142858,True,True,True,False,0.0,905.984987393995,8.039766215906486,8.821052028420812,0.16478831734389837,-2.185407223077175,920.825186732589
2026-07-24T09:30:00Z,2026-07-24T09:45:00Z,2026-07-24,2026-07-24_47,0.0,9,9,91,59.7908749813664,59.85365942857137,0.0003079416149068323,0.02211428571428571,0.09437142857142858,True,True,True,False,0.0,905.984987393995,8.039766215906486,8.821052028420812,2.9524573524115123,-3.0052638747912646,922.7929991159425
2026-07-24T09:45:00Z,2026-07-24T10:00:00Z,2026-07-24,2026-07-24_48,0.0,9,9,91,59.85365942857137,59.628531706832234,0.0006498004968944099,0.2111657142857143,0.004782857142857143,True,True,True,False,0.0,905.984987393995,8.039766215906486,8.821052028420812,29.04730484921908,-0.3024757931960316,951.5906346943453
2026-07-24T10:00:00Z,2026-07-24T10:15:00Z,2026-07-24,2026-07-24_49,0.0,9,0,91,59.628531706832234,59.558600029813604,0.00019425465838509312,0.06433714285714284,0.0,True,True,True,False,0.0,905.984987393995,8.044923217969286,0.0,8.398002609606756,0.0,922.427913221571
2026-07-24T10:15:00Z,2026-07-24T10:30:00Z,2026-07-24,2026-07-24_50,-9.0,9,0,91,59.558600029813604,61.62746448695646,0.005746845714285715,0.0012342857142857142,0.0,True,True,True,False,-93.75750000000001,905.984987393995,8.044923217969286,0.0,0.15466055466422188,0.0,820.4270711666285
2026-07-24T10:30:00Z,2026-07-24T10:45:00Z,2026-07-24,2026-07-24_51,-9.0,9,0,91,61.62746448695646,63.67527408695646,0.005688360000000001,0.024119999999999996,0.0,True,True,True,False,-69.5475,905.984987393995,8.044923217969286,0.0,3.0598806325922525,0.0,847.5422912445565
2026-07-24T10:45:00Z,2026-07-24T11:00:00Z,2026-07-24,2026-07-24_52,-9.0,9,0,91,63.67527408695646,65.72904528695646,0.0057049200000000005,0.017640000000000003,0.0,True,True,True,False,-46.214999999999996,905.984987393995,8.044923217969286,0.0,2.2242821682328677,0.0,870.0391927801971
2026-07-24T11:00:00Z,2026-07-24T11:15:00Z,2026-07-24,2026-07-24_53,0.0,100,100,0,65.72904528695646,66.53233671552789,0.0022313650793650795,0.0,0.8731428571428572,True,True,True,False,0.0,0.0,89.3880357552143,98.01168920467569,0.0,-43.12831406961135,144.27141089027864
2026-07-24T11:15:00Z,2026-07-24T11:30:00Z,2026-07-24,2026-07-24_54,0.0,100,100,0,66.53233671552789,72.55439385838503,0.016727936507936508,0.0,6.545714285714285,True,True,True,False,0.0,0.0,89.3880357552143,98.01168920467569,0.0,-157.4279542254674,29.97177073442259
2026-07-24T11:30:00Z,2026-07-24T11:45:00Z,2026-07-24,2026-07-24_55,0.0,100,100,0,72.55439385838503,86.25766242981359,0.03806463492063492,0.0,14.894857142857143,True,True,True,False,0.0,0.0,89.3880357552143,98.01168920467569,0.0,4973.273768595222,5160.673493555111
2026-07-24T11:45:00Z,2026-07-24T12:00:00Z,2026-07-24,2026-07-24_56,0.0,100,100,0,86.25766242981359,93.7759024298136,0.020884,0.0,8.172,True,True,True,False,0.0,0.0,89.3880357552143,98.01168920467569,0.0,-42.436461150584464,144.96326380930554
2026-07-24T12:00:00Z,2026-07-24T12:15:00Z,2026-07-24,2026-07-24_57,-52.99999999999997,0,0,47,93.7759024298136,105.9659024298136,0.03386111111111109,0.0,0.0,True,False,True,False,-104.27749999999995,467.92631217052485,0.0,0.0,0.0,0.0,363.64881217052493
2026-07-24T12:15:00Z,2026-07-24T12:30:00Z,2026-07-24,2026-07-24_58,-52.99999999999997,0,0,47,105.9659024298136,118.1559024298136,0.03386111111111109,0.0,0.0,True,False,True,False,-161.11999999999992,467.92631217052485,0.0,0.0,0.0,0.0,306.80631217052496
2026-07-24T12:30:00Z,2026-07-24T12:45:00Z,2026-07-24,2026-07-24_59,-52.99999999999997,0,0,47,118.1559024298136,130.34590242981358,0.03386111111111109,0.0,0.0,True,False,True,False,-172.24999999999991,467.92631217052485,0.0,0.0,0.0,0.0,295.67631217052497
2026-07-24T12:45:00Z,2026-07-24T13:00:00Z,2026-07-24,2026-07-24_60,-52.99999999999997,0,0,47,130.34590242981358,142.53590242981358,0.03386111111111109,0.0,0.0,True,False,True,False,-264.86749999999984,467.92631217052485,0.0,0.0,0.0,0.0,203.05881217052502
2026-07-24T13:00:00Z,2026-07-24T13:15:00Z,2026-07-24,2026-07-24_61,-9.0,9,0,91,142.53590242981358,144.59686540124216,0.005724897142857143,0.009822857142857144,0.0,True,True,True,False,-53.1225,905.984987393995,8.117121246848498,0.0,1.3069938443403948,0.0,862.2866024851838
2026-07-24T13:15:00Z,2026-07-24T13:30:00Z,2026-07-24,2026-07-24_62,-9.0,9,0,91,144.59686540124216,146.40185808695645,0.005013868571428572,0.28805142857142857,0.0,True,True,True,False,-73.935,905.984987393995,8.117121246848498,0.0,38.65091630267509,0.0,878.8180249435186
2026-07-24T13:30:00Z,2026-07-24T13:45:00Z,2026-07-24,2026-07-24_63,-8.294783003995136,9,0,91,146.40185808695645,148.11459066105027,0.004856510672992166,0.20905714285714289,0.0,True,True,True,False,-110.32061395313531,905.984987393995,8.117121246848498,0.0,27.91014279165712,0.0,831.6916374793652
2026-07-24T13:45:00Z,2026-07-24T14:00:00Z,2026-07-24,2026-07-24_64,0.0,9,0,91,148.11459066105027,148.10497575421797,2.670807453416149e-05,0.008845714285714285,0.0,True,True,True,False,0.0,905.984987393995,8.117121246848498,0.0,1.176978749877214,0.0,915.2790873907206
2026-07-24T14:00:00Z,2026-07-24T14:15:00Z,2026-07-24,2026-07-24_65,-1.0000000000000864,10,9,90,148.10497575421797,148.34495574924904,0.0006762384265010903,0.0017714285714285714,0.012908571428571429,True,True,True,False,-12.305000000001062,896.0291084116433,9.766788906715565,5.742321796928718,0.23647603767612935,-0.8233911135850168,898.6463040393776
2026-07-24T14:15:00Z,2026-07-24T14:30:00Z,2026-07-24,2026-07-24_66,0.0,10,9,90,148.34495574924904,148.37417401508753,0.00011808386473429952,0.0061142857142857145,0.03898285714285714,True,True,True,False,0.0,896.0291084116433,9.766788906715565,5.742321796928718,0.8163124979535707,-2.0759957368782946,910.2785358763629
2026-07-24T14:30:00Z,2026-07-24T14:45:00Z,2026-07-24,2026-07-24_67,0.0,10,9,90,148.37417401508753,148.49865780142292,0.00043516027605244997,0.0148,0.15279428571428572,True,True,True,False,0.0,896.0291084116433,9.766788906715565,5.742321796928718,1.9759339903735964,-7.409367181821159,906.10478592384
2026-07-24T14:45:00Z,2026-07-24T15:00:00Z,2026-07-24,2026-07-24_68,-0.42182240583643704,10,9,90,148.49865780142292,148.58769947826076,0.0008085438419715607,0.09702857142857144,0.10522285714285713,True,True,True,False,-12.593507926246827,896.0291084116433,9.766788906715565,5.742321796928718,13.088979339248882,-5.109446370452833,906.9242441578368
2026-07-24T15:00:00Z,2026-07-24T15:15:00Z,2026-07-24,2026-07-24_69,0.0,14,14,86,148.58769947826076,148.7136383999999,0.00040007188405797103,0.008320000000000001,0.14672,True,True,True,False,0.0,856.205592482237,14.844716937886776,8.094201237680496,1.2583086255634506,-7.224690534036213,873.1781287493314
2026-07-24T15:15:00Z,2026-07-24T15:30:00Z,2026-07-24,2026-07-24_70,0.0,14,14,86,148.7136383999999,149.4664191999999,0.002091057777777778,0.0,0.81824,True,True,True,False,0.0,856.205592482237,14.844716937886776,8.094201237680496,0.0,-39.10113842157537,840.0433722362288
2026-07-24T15:30:00Z,2026-07-24T15:45:00Z,2026-07-24,2026-07-24_71,0.0,14,14,86,149.4664191999999,149.7773791999999,0.0008637777777777777,0.0,0.33799999999999997,True,True,True,False,0.0,856.205592482237,14.844716937886776,8.094201237680496,0.0,-16.272818779127512,862.8716918786768
2026-07-24T15:45:00Z,2026-07-24T16:00:00Z,2026-07-24,2026-07-24_72,0.0,14,14,86,149.7773791999999,150.4399999999999,0.0018406133333333334,0.0,0.72024,True,True,True,False,0.0,856.205592482237,14.844716937886776,8.094201237680496,0.0,-26.705254503781802,852.4392561540225
2026-07-24T16:00:00Z,2026-07-24T16:15:00Z,2026-07-24,2026-07-24_73,0.0,100,100,0,150.4399999999999,153.52909714285707,0.008580825396825397,0.0,3.357714285714286,True,True,True,False,0.0,0.0,105.11689204675682,62.65757506303003,0.0,-102.75608744529212,65.01837966449472
2026-07-24T16:15:00Z,2026-07-24T16:30:00Z,2026-07-24,2026-07-24_74,0.0,100,100,0,153.52909714285707,165.69202285714277,0.03378590476190476,0.0,13.220571428571429,True,True,True,False,0.0,0.0,105.11689204675682,62.65757506303003,0.0,3137.332807701123,3305.1072748109095
2026-07-24T16:30:00Z,2026-07-24T16:45:00Z,2026-07-24,2026-07-24_75,0.0,100,100,0,165.69202285714277,165.792413416149,0.0007930103519668737,0.08514285714285713,0.20971428571428574,True,True,True,False,0.0,0.0,105.11689204675682,62.65757506303003,12.331289632515851,-14.555307400980107,165.5504493413226
2026-07-24T16:45:00Z,2026-07-24T17:00:00Z,2026-07-24,2026-07-24_76,0.0,100,100,0,165.792413416149,165.78798608695647,0.0003189648033126294,0.054857142857142854,0.06,True,True,True,False,0.0,0.0,105.11689204675682,62.65757506303003,7.64360040601159,-4.4879555351822145,170.93011198061623
2026-07-24T17:00:00Z,2026-07-24T17:15:00Z,2026-07-24,2026-07-24_77,0.0,0,100,0,165.78798608695647,170.70814608695648,0.01366711111111111,0.0,5.348,True,True,True,False,0.0,0.0,0.0,62.65757506303003,0.0,-38.66768660707464,23.989888455955388
2026-07-24T17:15:00Z,2026-07-24T17:30:00Z,2026-07-24,2026-07-24_78,-7.723290606088045e-15,0,100,0,170.70814608695648,178.46506037267076,0.021546984126984133,0.0,8.431428571428572,True,True,True,False,-3.4347404147925054e-13,0.0,0.0,62.65757506303003,0.0,39.84299302576864,102.50056808879833
2026-07-24T17:30:00Z,2026-07-24T17:45:00Z,2026-07-24,2026-07-24_79,0.0,0,100,0,178.46506037267076,182.96832894409934,0.012509079365079365,0.0,4.894857142857143,True,True,True,False,0.0,0.0,0.0,62.65757506303003,0.0,-173.78818375298778,-111.13060868995774
2026-07-24T17:45:00Z,2026-07-24T18:00:00Z,2026-07-24,2026-07-24_80,100.0,0,100,0,182.96832894409934,161.39006807453413,0.05993961352657005,0.0,5.148000000000001,True,True,True,False,5123.75,0.0,0.0,62.65757506303003,0.0,-135.6064771945909,5050.801097868439
2026-07-24T18:00:00Z,2026-07-24T18:15:00Z,2026-07-24,2026-07-24_81,99.99999999999984,0,100,0,161.39006807453413,160.6130494409938,0.0021583850931677934,0.0,24.28514285714286,True,True,True,False,4685.749999999993,0.0,0.0,62.65757506303003,0.0,1568.742487912424,6317.150062975446
2026-07-24T18:15:00Z,2026-07-24T18:30:00Z,2026-07-24,2026-07-24_82,100.0,0,100,0,160.6130494409938,148.7217450931677,0.03303140096618357,0.0,14.06,True,True,True,False,4815.5,0.0,0.0,62.65757506303003,0.0,320.46412636565054,5198.62170142868
2026-07-24T18:30:00Z,2026-07-24T18:45:00Z,2026-07-24,2026-07-24_83,100.0,0,100,0,148.7217450931677,132.02609291925467,0.04637681159420289,0.0,9.64,True,True,True,False,5056.0,0.0,0.0,62.65757506303003,0.0,48.700817480327,5167.358392543357
2026-07-24T18:45:00Z,2026-07-24T19:00:00Z,2026-07-24,2026-07-24_84,100.0,0,100,0,132.02609291925467,123.48634136645964,0.0237215320910973,0.0,17.143428571428572,True,True,True,False,5201.25,0.0,0.0,62.65757506303003,0.0,183.93920467568185,5447.846779738712
2026-07-24T19:00:00Z,2026-07-24T19:15:00Z,2026-07-24,2026-07-24_85,100.0,0,100,0,123.48634136645964,115.39690037267081,0.022470669427191167,0.0,17.557714285714283,True,True,True,False,5137.5,0.0,0.0,62.65757506303003,0.0,-22.455201859795025,5177.702373203235
2026-07-24T19:15:00Z,2026-07-24T19:30:00Z,2026-07-24,2026-07-24_86,100.0,0,100,0,115.39690037267081,98.68634136645963,0.046418219461697725,0.0,9.626285714285714,True,True,True,False,5099.25,0.0,0.0,62.65757506303003,0.0,-290.1270877399779,4871.7804873230525
2026-07-24T19:30:00Z,2026-07-24T19:45:00Z,2026-07-24,2026-07-24_87,100.0,0,100,0,98.68634136645963,74.69068919254659,0.06665458937198068,0.0,2.924,True,True,True,False,4984.25,0.0,0.0,62.65757506303003,0.0,-176.89820230728094,4870.009372755749
2026-07-24T19:45:00Z,2026-07-24T20:00:00Z,2026-07-24,2026-07-24_88,100.0,0,100,0,74.69068919254659,56.35528546583851,0.050931677018633534,0.0,8.131428571428572,True,True,True,False,4854.5,0.0,0.0,62.65757506303003,0.0,-352.75794614889276,4564.399628914137
2026-07-24T20:00:00Z,2026-07-24T20:15:00Z,2026-07-24,2026-07-24_89,76.00000000000028,24,100,0,56.35528546583851,39.41028782111794,0.05141323980676345,0.0,3.5411428571428574,True,True,True,False,3896.7100000000146,0.0,25.44808617923447,62.65757506303003,0.0,-193.57517151806863,3791.2404897242104
2026-07-24T20:15:00Z,2026-07-24T20:30:00Z,2026-07-24,2026-07-24_90,76.0,24,100,0,39.41028782111794,22.255314563975087,0.051750471111111106,0.0,3.3405714285714287,True,True,True,False,3729.32,0.0,25.44808617923447,62.65757506303003,0.0,-167.82102878098294,3649.6046324612817
2026-07-24T20:30:00Z,2026-07-24T20:45:00Z,2026-07-24,2026-07-24_91,75.5710327963491,24,100,0,22.255314563975087,9.999999999999966,0.04392496505100222,0.0,7.914857142857143,True,True,True,False,3563.9299066758235,0.0,25.44808617923447,62.65757506303003,0.0,-371.3343302445892,3280.701237673499
2026-07-24T20:45:00Z,2026-07-24T21:00:00Z,2026-07-24,2026-07-24_92,19.72623981930037,24,100,0,9.999999999999966,9.999999999999964,0.02307929217781913,0.0,5.6251428571428574,True,True,True,False,909.8728116652296,0.0,25.44808617923447,62.65757506303003,0.0,-335.18034074413634,662.7981321633578
2026-07-24T21:00:00Z,2026-07-24T21:15:00Z,2026-07-25,2026-07-24_93,0.0,100,100,0,9.999999999999964,18.316799999999965,0.023102222222222225,0.0,9.040000000000001,True,True,True,False,0.0,0.0,105.99258806449149,57.10819897608314,0.0,-295.7272254909453,-132.62643845037064
2026-07-24T21:15:00Z,2026-07-24T21:30:00Z,2026-07-25,2026-07-24_94,3.282276594456768e-14,100,100,0,18.316799999999965,30.49286857142853,0.033822412698412706,0.0,13.234857142857143,True,True,True,False,1.5016415419639712e-12,0.0,105.99258806449149,57.10819897608314,0.0,-259.0920236003013,-95.99123655972515
2026-07-24T21:30:00Z,2026-07-24T21:45:00Z,2026-07-25,2026-07-24_95,0.0,100,100,0,30.49286857142853,34.78111999999996,0.011911809523809524,0.0,4.661142857142857,True,True,True,False,0.0,0.0,105.99258806449149,57.10819897608314,0.0,-173.7697706557216,-10.668983615146978
2026-07-24T21:45:00Z,2026-07-24T22:00:00Z,2026-07-25,2026-07-24_96,0.0,100,100,0,34.78111999999996,44.353325714285674,0.026589460317460314,0.0,10.404571428571428,True,True,True,False,0.0,0.0,105.99258806449149,57.10819897608314,0.0,158.48745341614907,321.58824045672367
2026-07-24T22:00:00Z,2026-07-24T22:15:00Z,2026-07-25,2026-07-25_1,0.0,37,37,63,44.353325714285674,45.17633367453412,0.0022925169358178053,0.0010571428571428572,0.8958228571428571,True,True,True,False,0.0,627.3162298464124,39.21725758386185,21.13003362115076,0.161556178978048,-40.789476758833736,647.0356004715693
2026-07-24T22:15:00Z,2026-07-24T22:30:00Z,2026-07-25,2026-07-25_2,0.0,37,37,63,45.17633367453412,45.55664513788816,0.0010691881573498968,0.0021142857142857144,0.41588,True,True,True,False,0.0,627.3162298464124,39.21725758386185,21.13003362115076,0.323112357956096,-18.49604611446474,669.4905872949164
2026-07-24T22:30:00Z,2026-07-24T22:45:00Z,2026-07-25,2026-07-25_3,0.0,37,37,63,45.55664513788816,47.85580399503102,0.00638655238095238,0.0,2.499085714285714,True,True,True,False,0.0,627.3162298464124,39.21725758386185,21.13003362115076,0.0,-92.61292373020117,595.0505973212238
2026-07-24T22:45:00Z,2026-07-24T23:00:00Z,2026-07-25,2026-07-25_4,0.0,37,37,63,47.85580399503102,50.027555995031015,0.006032644444444445,0.0,2.3606,True,True,True,False,0.0,627.3162298464124,39.21725758386185,21.13003362115076,0.0,-94.80324363872545,592.8602774126996
2026-07-24T23:00:00Z,2026-07-24T23:15:00Z,2026-07-25,2026-07-25_5,0.0,27,28,72,50.027555995031015,51.268451995031015,0.003446933333333333,0.0,1.3487999999999998,True,True,True,False,0.0,716.9328341101856,28.6179987774127,15.99029571330328,0.0,-61.00467700771758,700.536451593184
2026-07-24T23:15:00Z,2026-07-24T23:30:00Z,2026-07-25,2026-07-25_6,0.0,27,28,72,51.268451995031015,54.18669199503101,0.008106222222222221,0.0,3.1719999999999997,True,True,True,False,0.0,716.9328341101856,28.6179987774127,15.99029571330328,0.0,43.494719951096506,805.035848551998
2026-07-24T23:30:00Z,2026-07-24T23:45:00Z,2026-07-25,2026-07-25_7,0.0,27,28,72,54.18669199503101,55.05119759503101,0.0024014044444444446,0.0,0.93968,True,True,True,False,0.0,716.9328341101856,28.6179987774127,15.99029571330328,0.0,-39.02684117062734,722.5142874302742
2026-07-24T23:45:00Z,2026-07-25T00:00:00Z,2026-07-25,2026-07-25_8,0.0,27,28,72,55.05119759503101,55.21327216894406,0.0004632506280193238,0.00216,0.17872000000000002,True,True,True,False,0.0,716.9328341101856,28.6179987774127,15.99029571330328,0.3300985711010927,-11.181915121876672,750.689312050126
2026-07-25T00:00:00Z,2026-07-25T00:15:00Z,2026-07-25,2026-07-25_9,0.0,17,17,83,55.21327216894406,55.6476173118012,0.0012065142857142857,0.0,0.4721142857142857,True,True,True,False,0.0,826.464239321464,18.01873997096355,13.123137464659587,0.0,-30.298359069523737,827.3077576875634
2026-07-25T00:15:00Z,2026-07-25T00:30:00Z,2026-07-25,2026-07-25_10,1.4210854715202004e-14,17,17,83,55.6476173118012,56.112080626086914,0.0012901758730158816,0.0,0.5048514285714285,True,True,True,False,5.664091418111639e-13,826.464239321464,18.01873997096355,13.123137464659587,0.0,-27.680899286096345,829.9252174709914
2026-07-25T00:30:00Z,2026-07-25T00:45:00Z,2026-07-25,2026-07-25_11,0.0,17,17,83,56.112080626086914,56.39091948322977,0.000774552380952381,0.0,0.3030857142857143,True,True,True,False,0.0,826.464239321464,18.01873997096355,13.123137464659587,0.0,-20.545654160617406,837.0604625964697
2026-07-25T00:45:00Z,2026-07-25T01:00:00Z,2026-07-25,2026-07-25_12,0.0,17,17,83,56.39091948322977,57.39581182608691,0.0027913676190476195,0.0,1.0922742857142858,True,True,True,False,0.0,826.464239321464,18.01873997096355,13.123137464659587,0.0,0.22993930290691963,857.836056059994
2026-07-25T01:00:00Z,2026-07-25T01:15:00Z,2026-07-25,2026-07-25_13,53.0,47,100,0,57.39581182608691,54.96639506086952,0.03526756212560386,0.0,11.872,True,True,True,False,2205.065,0.0,49.816516390310994,77.19492626270346,0.0,-277.3867807748147,2054.6896618782
2026-07-25T01:15:00Z,2026-07-25T01:30:00Z,2026-07-25,2026-07-25_14,51.22538615884707,47,100,0,54.96639506086952,55.779967204968905,0.03426783471926857,0.0,14.652571428571429,True,True,True,False,1903.151159266566,0.0,49.816516390310994,77.19492626270346,0.0,-187.23258871944898,1842.9300132001315
2026-07-25T01:30:00Z,2026-07-25T01:45:00Z,2026-07-25,2026-07-25_15,0.0,47,100,0,55.779967204968905,64.02842434782605,0.022912380952380948,0.0,8.965714285714284,True,True,True,False,0.0,0.0,49.816516390310994,77.19492626270346,0.0,-358.01199445469325,-231.0005518016788
2026-07-25T01:45:00Z,2026-07-25T02:00:00Z,2026-07-25,2026-07-25_16,0.0,47,100,0,64.02842434782605,64.34782608695649,0.0009002015182884747,0.0021485714285714285,0.3497142857142857,True,True,True,False,0.0,0.0,49.816516390310994,77.19492626270346,0.32835201781484347,-21.71979041360565,105.62000425722364
2026-07-25T02:00:00Z,2026-07-25T02:15:00Z,2026-07-25,2026-07-25_17,0.0,0,0,100,64.34782608695649,64.34782608695649,0.0,0.0,0.0,True,True,True,False,0.0,995.7400473752579,0.0,0.0,0.0,0.0,995.7400473752579
2026-07-25T02:15:00Z,2026-07-25T02:30:00Z,2026-07-25,2026-07-25_18,0.0,0,0,100,64.34782608695649,64.34782608695649,0.0,0.0,0.0,True,True,True,False,0.0,995.7400473752579,0.0,0.0,0.0,0.0,995.7400473752579
2026-07-25T02:30:00Z,2026-07-25T02:45:00Z,2026-07-25,2026-07-25_19,0.0,0,0,100,64.34782608695649,64.34782608695649,0.0,0.0,0.0,True,True,True,False,0.0,995.7400473752579,0.0,0.0,0.0,0.0,995.7400473752579
2026-07-25T02:45:00Z,2026-07-25T03:00:00Z,2026-07-25,2026-07-25_20,0.0,0,0,100,64.34782608695649,64.34782608695649,0.0,0.0,0.0,True,True,True,False,0.0,995.7400473752579,0.0,0.0,0.0,0.0,995.7400473752579
2026-07-25T03:00:00Z,2026-07-25T03:15:00Z,2026-07-25,2026-07-25_21,0.0,0,0,100,64.34782608695649,64.34782608695649,0.0,0.0,0.0,True,True,True,False,0.0,995.7400473752579,0.0,0.0,0.0,0.0,995.7400473752579
2026-07-25T03:15:00Z,2026-07-25T03:30:00Z,2026-07-25,2026-07-25_22,0.0,0,0,100,64.34782608695649,64.34782608695649,0.0,0.0,0.0,True,True,True,False,0.0,995.7400473752579,0.0,0.0,0.0,0.0,995.7400473752579
2026-07-25T03:30:00Z,2026-07-25T03:45:00Z,2026-07-25,2026-07-25_23,0.0,0,0,100,64.34782608695649,64.34782608695649,0.0,0.0,0.0,True,True,True,False,0.0,995.7400473752579,0.0,0.0,0.0,0.0,995.7400473752579
2026-07-25T03:45:00Z,2026-07-25T04:00:00Z,2026-07-25,2026-07-25_24,0.0,0,0,100,64.34782608695649,64.34782608695649,0.0,0.0,0.0,True,True,True,False,0.0,995.7400473752579,0.0,0.0,0.0,0.0,995.7400473752579
2026-07-25T04:00:00Z,2026-07-25T04:15:00Z,2026-07-25,2026-07-25_25,100.0,0,100,0,64.34782608695649,38.58322981366456,0.07156832298136646,0.0,1.2965714285714287,True,True,True,False,4053.4999999999995,0.0,0.0,52.38022465041645,0.0,-69.91053302623105,4035.969691624185
2026-07-25T04:15:00Z,2026-07-25T04:30:00Z,2026-07-25,2026-07-25_26,87.79694419865866,0,100,0,38.58322981366456,21.645962732919227,0.051094962295222514,0.0,6.488571428571428,True,True,True,False,3002.4359992336294,0.0,0.0,52.38022465041645,0.0,-69.65037932954185,2985.165844554504
2026-07-25T04:30:00Z,2026-07-25T04:45:00Z,2026-07-25,2026-07-25_27,100.0,0,100,0,21.645962732919227,9.999999999999972,0.032349896480331264,0.0,14.285714285714285,True,True,True,False,3270.7500000000005,0.0,0.0,52.38022465041645,0.0,142.09848377342837,3465.228708423845
2026-07-25T04:45:00Z,2026-07-25T05:00:00Z,2026-07-25,2026-07-25_28,59.18777711178542,0,100,0,9.999999999999972,13.095756561490665,0.030669134667700264,0.0,18.82514285714286,True,True,True,False,1743.9678525987574,0.0,0.0,52.38022465041645,0.0,555.3107873680535,2351.658864617227
2026-07-25T05:00:00Z,2026-07-25T05:15:00Z,2026-07-25,2026-07-25_29,58.00000000000003,42,100,0,13.095756561490665,9.999999999999979,0.0353369771152519,0.0,12.455428571428572,True,True,True,False,1988.9650000000008,0.0,42.25433636433102,53.812944143042714,0.0,346.28841958759506,2431.3207000949697
2026-07-25T05:15:00Z,2026-07-25T05:30:00Z,2026-07-25,2026-07-25_30,57.22138366658688,42,100,0,9.999999999999979,9.999999999999979,0.03347786611687303,0.0,15.311428571428573,True,True,True,False,1718.3581515076041,0.0,42.25433636433102,53.812944143042714,0.0,536.0052975144364,2350.4307295294143
2026-07-25T05:30:00Z,2026-07-25T05:45:00Z,2026-07-25,2026-07-25_31,45.02903657621979,42,100,0,9.999999999999979,9.999999999999982,0.03454556832985144,0.0,12.295428571428571,True,True,True,False,1210.3805031687878,0.0,42.25433636433102,53.812944143042714,0.0,403.34304577061204,1709.7908294467736
2026-07-25T05:45:00Z,2026-07-25T06:00:00Z,2026-07-25,2026-07-25_32,33.84066327998147,42,100,0,9.999999999999982,9.999999999999979,0.031843853956007404,0.0,9.417142857142856,True,True,True,False,790.3486909039673,0.0,42.25433636433102,53.812944143042714,0.0,600.030739337838,1486.446710749179
2026-07-25T06:00:00Z,2026-07-25T06:15:00Z,2026-07-25,2026-07-25_33,18.9999999999994,81,100,0,9.999999999999979,22.14143310310571,0.04154845979296082,0.0,18.182285714285715,True,True,True,False,35.00749999999889,0.0,82.62779857874227,50.51768931000229,0.0,4286.3658359986475,4454.518823887391
2026-07-25T06:15:00Z,2026-07-25T06:30:00Z,2026-07-25,2026-07-25_34,18.9999999999994,81,100,0,22.14143310310571,28.317474345341886,0.032169472739820515,0.0,11.914285714285715,True,True,True,False,8.597499999999728,0.0,82.62779857874227,50.51768931000229,0.0,384.7516783285485,526.4946662172928
2026-07-25T06:30:00Z,2026-07-25T06:45:00Z,2026-07-25,2026-07-25_35,18.9999999999994,81,100,0,28.317474345341886,36.60198712049731,0.03548448165631472,0.0,14.129714285714288,True,True,True,False,6.64999999999979,0.0,82.62779857874227,50.51768931000229,0.0,1511.6834674540714,1651.4789553428159
2026-07-25T06:45:00Z,2026-07-25T07:00:00Z,2026-07-25,2026-07-25_36,18.9999999999994,81,100,0,36.60198712049731,42.820991801242805,0.032237021283643835,0.0,11.959428571428571,True,True,True,False,4.037499999999873,0.0,82.62779857874227,50.51768931000229,0.0,819.139068432141,956.3220563208854
2026-07-25T07:00:00Z,2026-07-25T07:15:00Z,2026-07-25,2026-07-25_37,0.0,100,100,0,42.820991801242805,54.156443229814236,0.03148736507936508,0.0,12.321142857142858,True,True,True,False,0.0,0.0,97.25299915947123,52.8960036677619,0.0,1092.1233378816494,1242.2723407088824
2026-07-25T07:15:00Z,2026-07-25T07:30:00Z,2026-07-25,2026-07-25_38,0.0,100,100,0,54.156443229814236,68.4853118012428,0.0398024126984127,0.0,15.574857142857143,True,True,True,False,0.0,0.0,97.25299915947123,52.8960036677619,0.0,1778.3447338143633,1928.4937366415963
2026-07-25T07:30:00Z,2026-07-25T07:45:00Z,2026-07-25,2026-07-25_39,0.0,100,100,0,68.4853118012428,76.70222608695708,0.022824761904761907,0.0,8.931428571428572,True,True,True,False,0.0,0.0,97.25299915947123,52.8960036677619,0.0,963.716634828456,1113.8656376556892
2026-07-25T07:45:00Z,2026-07-25T08:00:00Z,2026-07-25,2026-07-25_40,0.0,100,100,0,76.70222608695708,92.12090037267137,0.042829650793650795,0.0,16.759428571428572,True,True,True,False,0.0,0.0,97.25299915947123,52.8960036677619,0.0,2308.7243001233505,2458.873302950584
2026-07-25T08:00:00Z,2026-07-25T08:15:00Z,2026-07-25,2026-07-25_41,0.0,9,9,91,92.12090037267137,92.96921188571484,0.0023713277018633542,0.0024685714285714285,0.9249942857142858,True,True,True,False,0.0,906.1234431114847,7.734106365095132,5.823145105830212,0.21220622427927385,226.1938632186794,1146.0867640253687
2026-07-25T08:15:00Z,2026-07-25T08:30:00Z,2026-07-25,2026-07-25_42,0.0,9,9,91,92.96921188571484,92.97157062360303,3.760795031055901e-05,0.0051428571428571435,0.00864,True,True,True,False,0.0,906.1234431114847,7.734106365095132,5.823145105830212,0.44209630058182064,-0.6440949339038742,919.478695949088
2026-07-25T08:30:00Z,2026-07-25T08:45:00Z,2026-07-25,2026-07-25_43,0.0,9,9,91,92.97157062360303,92.9875463950316,5.8662857142857154e-05,0.0023657142857142857,0.02016,True,True,True,False,0.0,906.1234431114847,7.734106365095132,5.823145105830212,0.20336429826763747,-1.2374476656223736,918.6466112150553
2026-07-25T08:45:00Z,2026-07-25T09:00:00Z,2026-07-25,2026-07-25_44,0.0,9,9,91,92.9875463950316,93.08584696646017,0.0003302,0.009462857142857143,0.11802857142857143,True,True,True,False,0.0,906.1234431114847,7.734106365095132,5.823145105830212,0.9898635199598292,-4.7422918599700905,915.9282662423998
2026-07-25T09:00:00Z,2026-07-25T09:15:00Z,2026-07-25,2026-07-25_45,0.0,9,9,91,93.08584696646017,93.07909792795085,5.7650186335403737e-05,0.012651428571428572,0.007611428571428571,True,True,True,False,0.0,906.1234431114847,7.765053106135859,8.88687246886223,1.0875568994312788,-0.5450063771026864,923.3179192088113
2026-07-25T09:15:00Z,2026-07-25T09:30:00Z,2026-07-25,2026-07-25_46,0.0,9,9,91,93.07909792795085,93.07032680745397,4.302708074534161e-05,0.01116,0.003651428571428571,True,True,True,False,0.0,906.1234431114847,7.765053106135859,8.88687246886223,0.9593489722625507,-0.27901188747830447,923.455705771267
2026-07-25T09:30:00Z,2026-07-25T09:45:00Z,2026-07-25,2026-07-25_47,0.0,9,9,91,93.07032680745397,93.26602012422414,0.0005709217391304349,0.004525714285714285,0.21805714285714287,True,True,True,False,0.0,906.1234431114847,7.765053106135859,8.88687246886223,0.37381666866792557,-1.809755984673995,921.3394293704768
2026-07-25T09:45:00Z,2026-07-25T10:00:00Z,2026-07-25,2026-07-25_48,2.172175482962263e-14,9,9,91,93.26602012422414,94.09747406708128,0.0023095942857142902,0.0,0.9037542857142857,True,True,True,False,-2.7206497924102343e-14,906.1234431114847,7.765053106135859,8.88687246886223,0.0,105.90454033228177,1028.6799090187644
2026-07-25T10:00:00Z,2026-07-25T10:15:00Z,2026-07-25,2026-07-25_49,0.0,9,9,91,94.09747406708128,94.30964205714339,0.0006300387577639752,0.006737142857142857,0.23857714285714288,True,True,True,False,0.0,906.1234431114847,7.765053106135859,8.88687246886223,0.5275686842995775,6.804197508978376,930.1071348797607
2026-07-25T10:15:00Z,2026-07-25T10:30:00Z,2026-07-25,2026-07-25_50,0.0,9,9,91,94.30964205714339,94.26959726708128,0.00014093838509316768,0.04176,0.0058114285714285716,True,True,True,False,0.0,906.1234431114847,7.765053106135859,8.88687246886223,3.659640009169405,-0.42942269645995484,926.0055859991922
2026-07-25T10:30:00Z,2026-07-25T10:45:00Z,2026-07-25,2026-07-25_51,0.0,9,9,91,94.26959726708128,94.29257278012476,0.00010729913043478262,0.007200000000000001,0.03348,True,True,True,False,0.0,906.1234431114847,7.765053106135859,8.88687246886223,0.5673569190800031,-1.8512365247955989,921.4914890807672
2026-07-25T10:45:00Z,2026-07-25T11:00:00Z,2026-07-25,2026-07-25_52,0.0,9,9,91,94.29257278012476,94.63581690434836,0.0009627726708074534,0.001542857142857143,0.3749142857142857,True,True,True,False,0.0,906.1234431114847,7.765053106135859,8.88687246886223,0.11789234682181882,10.475226036743114,933.3684870700476
2026-07-25T11:00:00Z,2026-07-25T11:15:00Z,2026-07-25,2026-07-25_53,6.757879280327041e-15,9,9,91,94.63581690434836,95.40770216149122,0.002144125714285716,0.0,0.8390057142857144,True,True,True,False,-1.2907549425424648e-14,906.1234431114847,7.708317414227859,8.88687246886223,0.0,25.477417924003106,948.1960509185778
2026-07-25T11:15:00Z,2026-07-25T11:30:00Z,2026-07-25,2026-07-25_54,-5.02013889395723e-14,9,9,91,95.40770216149122,96.10714924720551,0.0019429085714286034,0.0,0.7602685714285714,True,True,True,False,1.0128130218558712e-13,906.1234431114847,7.708317414227859,8.88687246886223,0.0,15.710348471220078,938.4289814657949
2026-07-25T11:30:00Z,2026-07-25T11:45:00Z,2026-07-25,2026-07-25_55,3.861645303044023e-14,9,9,91,96.10714924720551,96.62841073291978,0.0014479485714285873,0.0,0.5665885714285714,True,True,True,False,-9.827887296247038e-14,906.1234431114847,7.708317414227859,8.88687246886223,0.0,3.2419629173989453,925.9605959119737
2026-07-25T11:45:00Z,2026-07-25T12:00:00Z,2026-07-25,2026-07-25_56,-1.4722522717855336e-14,9,9,91,96.62841073291978,96.94901233291978,0.0008905600000000093,0.0,0.34847999999999996,True,True,True,False,4.037651855371826e-14,906.1234431114847,7.708317414227859,8.88687246886223,0.0,-1.013326690609001,921.7053063039658
2026-07-25T12:00:00Z,2026-07-25T12:15:00Z,2026-07-25,2026-07-25_57,1.8342815189459107e-14,9,9,91,96.94901233291978,98.05446330434835,0.003070697142857143,0.0,1.201577142857143,True,True,True,False,-3.948290969531072e-14,906.1234431114847,7.705738519141132,8.88687246886223,0.0,51.97323827571527,974.6892923752033
2026-07-25T12:15:00Z,2026-07-25T12:30:00Z,2026-07-25,2026-07-25_58,2.0273637840981122e-14,9,9,91,98.05446330434835,98.93592844720548,0.002448514285714289,0.0,0.9581142857142856,True,True,True,False,-3.628981173535621e-14,906.1234431114847,7.705738519141132,8.88687246886223,0.0,36.41028295254832,959.1263370520363
2026-07-25T12:30:00Z,2026-07-25T12:45:00Z,2026-07-25,2026-07-25_59,4.054727568196224e-14,9,9,91,98.93592844720548,100.00494741863405,0.0029694971428571447,0.0,1.1619771428571428,True,True,True,False,-4.9569044521198834e-14,906.1234431114847,7.705738519141132,8.88687246886223,0.0,66.12890320383369,988.8449573033216
2026-07-25T12:45:00Z,2026-07-25T13:00:00Z,2026-07-25,2026-07-25_60,0.0,9,9,91,100.00494741863405,100.5062468372676,0.0013974673291925468,0.0008228571428571429,0.5458628571428572,True,True,True,False,0.0,906.1234431114847,7.705738519141132,8.88687246886223,0.06287591830497004,10.621426752829963,933.4003567706229
2026-07-25T13:00:00Z,2026-07-25T13:15:00Z,2026-07-25,2026-07-25_61,4.163336342344337e-15,100,100,0,100.5062468372676,113.16649826583902,0.03516736507936508,0.0,13.761142857142858,True,True,True,False,-8.430756093247283e-16,0.0,85.99182394742874,63.69870864216398,0.0,645.8862378150619,795.5767704046547
2026-07-25T13:15:00Z,2026-07-25T13:30:00Z,2026-07-25,2026-07-25_62,0.0,100,100,0,113.16649826583902,130.95929826583904,0.049424444444444444,0.0,19.34,True,True,True,False,0.0,0.0,85.99182394742874,63.69870864216398,0.0,3993.2068082830283,4142.897340872621
2026-07-25T13:30:00Z,2026-07-25T13:45:00Z,2026-07-25,2026-07-25_63,0.0,100,100,0,130.95929826583904,143.9297211229819,0.036028952380952384,0.0,14.098285714285716,True,True,True,False,0.0,0.0,85.99182394742874,63.69870864216398,0.0,825.2915831413945,974.9821157309873
2026-07-25T13:45:00Z,2026-07-25T14:00:00Z,2026-07-25,2026-07-25_64,0.0,100,100,0,143.9297211229819,150.90962969441048,0.01938863492063492,0.0,7.586857142857142,True,True,True,False,0.0,0.0,85.99182394742874,63.69870864216398,0.0,99.54018022246721,249.23071281205995
2026-07-25T14:00:00Z,2026-07-25T14:15:00Z,2026-07-25,2026-07-25_65,-0.7735159521065997,40,38,60,150.90962969441048,156.05165859196643,0.014283413604322075,0.0,5.395782857142857,True,True,True,False,0.013536529161865497,597.4440284251547,36.58592496370444,24.151065943302513,0.0,284.3650130685849,942.5595689299084
2026-07-25T14:15:00Z,2026-07-25T14:30:00Z,2026-07-25,2026-07-25_66,0.0,40,38,60,156.05165859196643,160.09363390625214,0.011227709206349207,0.0,4.393451428571429,True,True,True,False,0.0,597.4440284251547,36.58592496370444,24.151065943302513,0.0,130.6084112696351,788.7894306017968
2026-07-25T14:30:00Z,2026-07-25T14:45:00Z,2026-07-25,2026-07-25_67,-1.687980979330142,40,38,60,160.09363390625214,162.39936914285698,0.007962154760284302,0.26925714285714286,2.4002971428571427,True,True,True,False,-0.0,597.4440284251547,36.58592496370444,24.151065943302513,35.43291912366689,28.77027665404054,722.384215109869
2026-07-25T14:45:00Z,2026-07-25T15:00:00Z,2026-07-25,2026-07-25_68,-1.9999999999998792,40,38,60,162.39936914285698,162.30698118757746,0.0026844986059350595,0.5126857142857143,0.0006514285714285714,True,True,True,False,-0.004999999999999698,597.4440284251547,36.58592496370444,24.151065943302513,61.3869354321082,-0.04977676865810127,719.5131779956117
2026-07-25T15:00:00Z,2026-07-25T15:15:00Z,2026-07-25,2026-07-25_69,0.0,0,100,0,162.30698118757746,172.59205547329174,0.028569650793650793,0.0,11.179428571428572,True,True,True,False,0.0,0.0,0.0,58.79880797738213,0.0,2580.9962204586886,2639.795028436071
2026-07-25T15:15:00Z,2026-07-25T15:30:00Z,2026-07-25,2026-07-25_70,0.0,0,100,0,172.59205547329174,184.415369759006,0.03284253968253968,0.0,12.851428571428569,True,True,True,False,0.0,0.0,0.0,58.79880797738213,0.0,4120.511994454692,4179.3108024320745
2026-07-25T15:30:00Z,2026-07-25T15:45:00Z,2026-07-25,2026-07-25_71,0.0,0,100,0,184.415369759006,189.96848975900602,0.015425333333333336,0.0,6.0360000000000005,True,True,True,False,0.0,0.0,0.0,58.79880797738213,0.0,106.71502254145337,165.5138305188355
2026-07-25T15:45:00Z,2026-07-25T16:00:00Z,2026-07-25,2026-07-25_72,100.0,0,100,0,189.96848975900602,169.5790487652172,0.05663733609385783,0.0,6.241714285714286,True,True,True,False,3861.9999999999995,0.0,0.0,58.79880797738213,0.0,75.6534212795686,3996.4522292569504
2026-07-25T16:00:00Z,2026-07-25T16:15:00Z,2026-07-25,2026-07-25_73,-83.51342985117996,98,14,2,169.5790487652172,189.05503481311462,0.054153448580457765,0.05992,0.35272,True,True,True,False,-1180.044763797173,19.914800947505157,102.88989073126002,7.99514785665164,9.157178879804386,-13.317423748758308,-1053.40516913071
2026-07-25T16:15:00Z,2026-07-25T16:30:00Z,2026-07-25,2026-07-25_74,-0.21800216351066573,98,14,2,189.05503481311462,189.06708348071356,0.00038100288194867535,0.057679999999999995,0.02672,True,True,True,False,-6.883963318258047,19.914800947505157,102.88989073126002,7.99514785665164,8.814854435699548,-1.861268403759456,130.86946224909886
2026-07-25T16:30:00Z,2026-07-25T16:45:00Z,2026-07-25,2026-07-25_75,-0.28457327470207927,98,14,2,189.06708348071356,189.06123199999934,0.00044905744273963813,0.07728,0.013759999999999998,True,True,True,False,-9.541741900760718,19.914800947505157,102.88989073126002,7.99514785665164,11.810193321616872,-0.9722001986704362,132.09609075760252
2026-07-25T16:45:00Z,2026-07-25T17:00:00Z,2026-07-25,2026-07-25_76,-4.945196695638976e-13,98,14,2,189.06123199999934,188.9759130434777,0.00034126376811625524,0.09576000000000001,0.0204,True,True,True,False,-2.128659917637797e-11,19.914800947505157,102.88989073126002,7.99514785665164,14.901813096966457,-1.4436308550469932,144.258021777315
2026-07-25T17:00:00Z,2026-07-25T17:15:00Z,2026-07-25,2026-07-25_77,0.0,0,100,0,188.9759130434777,189.5210787577634,0.0015143492063492063,0.0,0.5925714285714285,True,True,True,False,0.0,0.0,0.0,57.10819897608314,0.0,-35.90169186433647,21.206507111746667
2026-07-25T17:15:00Z,2026-07-25T17:30:00Z,2026-07-25,2026-07-25_78,0.0,0,100,0,189.5210787577634,189.95847304347768,0.001214984126984127,0.0,0.4754285714285714,True,True,True,False,0.0,0.0,0.0,57.10819897608314,0.0,-30.91747928696962,26.190719689113518
2026-07-25T17:30:00Z,2026-07-25T17:45:00Z,2026-07-25,2026-07-25_79,100.0,0,100,0,189.95847304347768,176.03797614906773,0.03866804692891649,0.0,12.193142857142858,True,True,True,False,4230.75,0.0,0.0,57.10819897608314,0.0,248.5888995622701,4536.447098538353
2026-07-25T17:45:00Z,2026-07-25T18:00:00Z,2026-07-25,2026-07-25_80,100.0,0,100,0,176.03797614906773,167.4031935403721,0.023985507246376814,0.0,17.055999999999997,True,True,True,False,4600.75,0.0,0.0,57.10819897608314,0.0,364.39980438603186,5022.258003362115
2026-07-25T18:00:00Z,2026-07-25T18:15:00Z,2026-07-25,2026-07-25_81,100.0,0,100,0,167.4031935403721,157.1758643478255,0.028409247757073843,0.0,15.590857142857143,True,True,True,False,4079.75,0.0,0.0,57.10819897608314,0.0,-225.8571598860374,3911.0010390900457
2026-07-25T18:15:00Z,2026-07-25T18:30:00Z,2026-07-25,2026-07-25_82,100.00000000000003,0,100,0,157.1758643478255,151.14667180124164,0.01674775707384405,0.0,19.453142857142858,True,True,True,False,4347.750000000001,0.0,0.0,57.10819897608314,0.0,-131.51718859500704,4273.341010381077
2026-07-25T18:30:00Z,2026-07-25T18:45:00Z,2026-07-25,2026-07-25_83,100.0,0,100,0,151.14667180124164,131.7820755279497,0.053790545203588676,0.0,7.184571428571429,True,True,True,False,4427.75,0.0,0.0,57.10819897608314,0.0,-338.8845463873637,4145.973652588719
2026-07-25T18:45:00Z,2026-07-25T19:00:00Z,2026-07-25,2026-07-25_84,99.99999999999994,0,100,0,131.7820755279497,125.4460506832292,0.01760006901311251,0.0,19.17085714285714,True,True,True,False,4362.749999999997,0.0,0.0,57.10819897608314,0.0,464.02937396980644,4883.887572945887
2026-07-25T19:00:00Z,2026-07-25T19:15:00Z,2026-07-25,2026-07-25_85,100.0,0,100,0,125.4460506832292,123.16344198757703,0.0063405797101449245,0.0,22.900000000000002,True,True,True,False,4285.5,0.0,0.0,57.10819897608314,0.0,732.3117979674487,5074.919996943532
2026-07-25T19:15:00Z,2026-07-25T19:30:00Z,2026-07-25,2026-07-25_86,100.0,0,100,0,123.16344198757703,117.4541252173907,0.015859213250517597,0.0,19.74742857142857,True,True,True,False,4252.25,0.0,0.0,57.10819897608314,0.0,111.47632416028993,4420.834523136373
2026-07-25T19:30:00Z,2026-07-25T19:45:00Z,2026-07-25,2026-07-25_87,100.0,0,100,0,117.4541252173907,102.41623701863293,0.041771911663216005,0.0,11.165142857142857,True,True,True,False,4137.5,0.0,0.0,57.10819897608314,0.0,-164.64469277036102,4029.9635062057223
2026-07-25T19:45:00Z,2026-07-25T20:00:00Z,2026-07-25,2026-07-25_88,100.0,0,100,0,102.41623701863293,79.73859726708014,0.06299344375431332,0.0,4.136571428571428,True,True,True,False,4119.5,0.0,0.0,57.10819897608314,0.0,-108.468444585139,4068.1397543909443
2026-07-25T20:00:00Z,2026-07-25T20:15:00Z,2026-07-25,2026-07-25_89,92.0,8,100,0,79.73859726708014,57.8526049590056,0.061981836411318145,0.0034285714285714284,2.904,True,True,True,False,3984.06,0.0,8.479407045159318,57.10819897608314,0.5569234463862721,-131.09606174065866,3919.10846772697
2026-07-25T20:15:00Z,2026-07-25T20:30:00Z,2026-07-25,2026-07-25_90,90.81212754650373,8,100,0,57.8526049590056,33.81079902608633,0.06706348230317093,0.004708571428571428,0.5977142857142858,True,True,True,False,3749.632746395139,0.0,8.479407045159318,57.10819897608314,0.7395608903055377,-41.28416727614099,3774.6757460305457
2026-07-25T20:30:00Z,2026-07-25T20:45:00Z,2026-07-25,2026-07-25_91,92.0,8,100,0,33.81079902608633,9.999999999999375,0.06659415729468598,0.00032,1.1079999999999999,True,True,True,False,3794.7700000000004,0.0,8.479407045159318,57.10819897608314,0.04890349201497669,-68.30324291281424,3792.1032666004435
2026-07-25T20:45:00Z,2026-07-25T21:00:00Z,2026-07-25,2026-07-25_92,1.4320423078274176,8,100,0,9.999999999999375,9.999999999999375,0.002182138126228998,0.009554285714285713,0.4331428571428571,True,True,True,False,56.76615708227884,0.0,8.479407045159318,57.10819897608314,1.5965410734753132,-33.09718477442172,90.85311940257489
2026-07-25T21:00:00Z,2026-07-25T21:15:00Z,2026-07-26,2026-07-25_93,8.14741690124408,72,100,0,9.999999999999375,10.0,0.011133116262571286,0.0,2.3714285714285714,True,True,True,False,339.8287589508906,0.0,76.31466340643387,57.10819897608314,0.0,-163.08441310351603,310.16720822989157
2026-07-25T21:15:00Z,2026-07-25T21:30:00Z,2026-07-26,2026-07-25_94,20.715948033300155,72,100,0,10.0,10.0,0.02389696834897254,0.0,5.897142857142857,True,True,True,False,830.3469870447535,0.0,76.31466340643387,57.10819897608314,0.0,-341.2801886277549,622.4896607995156
2026-07-25T21:30:00Z,2026-07-25T21:45:00Z,2026-07-26,2026-07-25_95,27.999999999999968,72,100,0,10.0,13.338204303105595,0.032397427412008274,0.0,11.32342857142857,True,True,True,False,1124.4799999999987,0.0,76.31466340643387,57.10819897608314,0.0,-556.2968485629141,701.6060138196016
2026-07-25T21:45:00Z,2026-07-25T22:00:00Z,2026-07-26,2026-07-25_96,26.95746326243844,72,100,0,13.338204303105595,11.477266086956515,0.026314600257915488,0.0012342857142857142,5.664000000000001,True,True,True,False,1025.6640834776265,0.0,76.31466340643387,57.10819897608314,0.1886277549149101,-330.4559028043097,828.8196708107487
2026-07-25T22:00:00Z,2026-07-25T22:15:00Z,2026-07-26,2026-07-26_1,0.0,100,100,0,11.477266086956515,24.00924322981366,0.03481104761904762,0.0,13.621714285714287,True,True,True,False,0.0,0.0,105.99258806449149,57.10819897608314,0.0,-31.511988996714297,131.58879804386032
2026-07-25T22:15:00Z,2026-07-25T22:30:00Z,2026-07-26,2026-07-26_2,0.0,100,100,0,24.00924322981366,39.43790608695652,0.04285739682539682,0.0,16.770285714285713,True,True,True,False,0.0,0.0,105.99258806449149,57.10819897608314,0.0,233.01816721064523,396.11895425121986
2026-07-25T22:30:00Z,2026-07-25T22:45:00Z,2026-07-26,2026-07-26_3,0.0,100,100,0,39.43790608695652,56.69079751552795,0.04792469841269842,0.0,18.75314285714286,True,True,True,False,0.0,0.0,105.99258806449149,57.10819897608314,0.0,317.2644299140914,480.36521695466604
2026-07-25T22:45:00Z,2026-07-25T23:00:00Z,2026-07-26,2026-07-26_4,0.0,100,100,0,56.69079751552795,64.34782608695652,0.021269523809523808,0.0,8.322857142857142,True,True,True,False,0.0,0.0,105.99258806449149,57.10819897608314,0.0,-16.239333471602134,146.86145356897248
2026-07-25T23:00:00Z,2026-07-25T23:15:00Z,2026-07-26,2026-07-26_5,0.0,0,0,100,64.34782608695652,64.34782608695652,0.0,0.0,0.0,True,True,True,False,0.0,995.7400473752579,0.0,0.0,0.0,0.0,995.7400473752579
2026-07-25T23:15:00Z,2026-07-25T23:30:00Z,2026-07-26,2026-07-26_6,0.0,0,0,100,64.34782608695652,64.34782608695652,0.0,0.0,0.0,True,True,True,False,0.0,995.7400473752579,0.0,0.0,0.0,0.0,995.7400473752579
2026-07-25T23:30:00Z,2026-07-25T23:45:00Z,2026-07-26,2026-07-26_7,0.0,0,0,100,64.34782608695652,64.34782608695652,0.0,0.0,0.0,True,True,True,False,0.0,995.7400473752579,0.0,0.0,0.0,0.0,995.7400473752579
2026-07-25T23:45:00Z,2026-07-26T00:00:00Z,2026-07-26,2026-07-26_8,0.0,0,0,100,64.34782608695652,64.34782608695652,0.0,0.0,0.0,True,True,True,False,0.0,995.7400473752579,0.0,0.0,0.0,0.0,995.7400473752579
2026-07-26T00:00:00Z,2026-07-26T00:15:00Z,2026-07-26,2026-07-26_9,0.0,0,0,100,64.34782608695652,64.34782608695652,0.0,0.0,0.0,True,True,True,False,0.0,995.7400473752579,0.0,0.0,0.0,0.0,995.7400473752579
2026-07-26T00:15:00Z,2026-07-26T00:30:00Z,2026-07-26,2026-07-26_10,0.0,0,0,100,64.34782608695652,64.34782608695652,0.0,0.0,0.0,True,True,True,False,0.0,995.7400473752579,0.0,0.0,0.0,0.0,995.7400473752579
2026-07-26T00:30:00Z,2026-07-26T00:45:00Z,2026-07-26,2026-07-26_11,0.0,0,0,100,64.34782608695652,64.34782608695652,0.0,0.0,0.0,True,True,True,False,0.0,995.7400473752579,0.0,0.0,0.0,0.0,995.7400473752579
2026-07-26T00:45:00Z,2026-07-26T01:00:00Z,2026-07-26,2026-07-26_12,0.0,0,0,100,64.34782608695652,64.34782608695652,0.0,0.0,0.0,True,True,True,False,0.0,995.7400473752579,0.0,0.0,0.0,0.0,995.7400473752579
2026-07-26T01:00:00Z,2026-07-26T01:15:00Z,2026-07-26,2026-07-26_13,0.0,0,0,100,64.34782608695652,64.34782608695652,0.0,0.0,0.0,True,True,True,False,0.0,995.7400473752579,0.0,0.0,0.0,0.0,995.7400473752579
2026-07-26T01:15:00Z,2026-07-26T01:30:00Z,2026-07-26,2026-07-26_14,0.0,0,0,100,64.34782608695652,64.34782608695652,0.0,0.0,0.0,True,True,True,False,0.0,995.7400473752579,0.0,0.0,0.0,0.0,995.7400473752579
2026-07-26T01:30:00Z,2026-07-26T01:45:00Z,2026-07-26,2026-07-26_15,0.0,0,0,100,64.34782608695652,64.34782608695652,0.0,0.0,0.0,True,True,True,False,0.0,995.7400473752579,0.0,0.0,0.0,0.0,995.7400473752579
2026-07-26T01:45:00Z,2026-07-26T02:00:00Z,2026-07-26,2026-07-26_16,0.0,0,0,100,64.34782608695652,64.34782608695652,0.0,0.0,0.0,True,True,True,False,0.0,995.7400473752579,0.0,0.0,0.0,0.0,995.7400473752579
2026-07-26T02:00:00Z,2026-07-26T02:15:00Z,2026-07-26,2026-07-26_17,0.0,0,0,100,64.34782608695652,64.34782608695652,0.0,0.0,0.0,True,True,True,False,0.0,995.7400473752579,0.0,0.0,0.0,0.0,995.7400473752579
2026-07-26T02:15:00Z,2026-07-26T02:30:00Z,2026-07-26,2026-07-26_18,0.0,0,0,100,64.34782608695652,64.34782608695652,0.0,0.0,0.0,True,True,True,False,0.0,995.7400473752579,0.0,0.0,0.0,0.0,995.7400473752579
2026-07-26T02:30:00Z,2026-07-26T02:45:00Z,2026-07-26,2026-07-26_19,0.0,0,0,100,64.34782608695652,64.34782608695652,0.0,0.0,0.0,True,True,True,False,0.0,995.7400473752579,0.0,0.0,0.0,0.0,995.7400473752579
2026-07-26T02:45:00Z,2026-07-26T03:00:00Z,2026-07-26,2026-07-26_20,0.0,0,0,100,64.34782608695652,64.34782608695652,0.0,0.0,0.0,True,True,True,False,0.0,995.7400473752579,0.0,0.0,0.0,0.0,995.7400473752579
2026-07-26T03:00:00Z,2026-07-26T03:15:00Z,2026-07-26,2026-07-26_21,0.0,0,0,100,64.34782608695652,64.34782608695652,0.0,0.0,0.0,True,True,True,False,0.0,995.7400473752579,0.0,0.0,0.0,0.0,995.7400473752579
2026-07-26T03:15:00Z,2026-07-26T03:30:00Z,2026-07-26,2026-07-26_22,0.0,0,0,100,64.34782608695652,64.34782608695652,0.0,0.0,0.0,True,True,True,False,0.0,995.7400473752579,0.0,0.0,0.0,0.0,995.7400473752579
2026-07-26T03:30:00Z,2026-07-26T03:45:00Z,2026-07-26,2026-07-26_23,0.0,0,0,100,64.34782608695652,64.34782608695652,0.0,0.0,0.0,True,True,True,False,0.0,995.7400473752579,0.0,0.0,0.0,0.0,995.7400473752579
2026-07-26T03:45:00Z,2026-07-26T04:00:00Z,2026-07-26,2026-07-26_24,0.0,0,0,100,64.34782608695652,64.34782608695652,0.0,0.0,0.0,True,True,True,False,0.0,995.7400473752579,0.0,0.0,0.0,0.0,995.7400473752579
2026-07-26T04:00:00Z,2026-07-26T04:15:00Z,2026-07-26,2026-07-26_25,0.0,0,0,100,64.34782608695652,64.34782608695652,0.0,0.0,0.0,True,True,True,False,0.0,995.7400473752579,0.0,0.0,0.0,0.0,995.7400473752579
2026-07-26T04:15:00Z,2026-07-26T04:30:00Z,2026-07-26,2026-07-26_26,0.0,0,0,100,64.34782608695652,64.34782608695652,0.0,0.0,0.0,True,True,True,False,0.0,995.7400473752579,0.0,0.0,0.0,0.0,995.7400473752579
2026-07-26T04:30:00Z,2026-07-26T04:45:00Z,2026-07-26,2026-07-26_27,0.0,0,0,100,64.34782608695652,64.34782608695652,0.0,0.0,0.0,True,True,True,False,0.0,995.7400473752579,0.0,0.0,0.0,0.0,995.7400473752579
2026-07-26T04:45:00Z,2026-07-26T05:00:00Z,2026-07-26,2026-07-26_28,0.0,0,0,100,64.34782608695652,64.34782608695652,0.0,0.0,0.0,True,True,True,False,0.0,995.7400473752579,0.0,0.0,0.0,0.0,995.7400473752579
2026-07-26T05:00:00Z,2026-07-26T05:15:00Z,2026-07-26,2026-07-26_29,100.0,0,100,0,64.34782608695652,49.527329192546574,0.0411680469289165,0.0,11.365142857142857,True,True,True,False,3202.5,0.0,0.0,55.217009245816456,0.0,131.27404348917682,3388.9910527349934
2026-07-26T05:15:00Z,2026-07-26T05:30:00Z,2026-07-26,2026-07-26_30,100.0,0,100,0,49.527329192546574,23.314906832298128,0.07281228433402345,0.0,0.8845714285714287,True,True,True,False,3055.25,0.0,0.0,55.217009245816456,0.0,-52.267579822943176,3058.1994294228734
2026-07-26T05:30:00Z,2026-07-26T05:45:00Z,2026-07-26,2026-07-26_31,61.52193663093714,0,100,0,23.314906832298128,9.999999999999986,0.04352976158045385,0.0,3.3274285714285714,True,True,True,False,1729.6892483787976,0.0,0.0,55.217009245816456,0.0,-30.153947428746083,1754.752310195868
2026-07-26T05:45:00Z,2026-07-26T06:00:00Z,2026-07-26,2026-07-26_32,27.0974083250275,0,100,0,9.999999999999986,10.196892044720482,0.02863827632535546,0.0,7.832571428571429,True,True,True,False,647.1538543224693,0.0,0.0,55.217009245816456,0.0,22.21782172057331,724.5886852888591
2026-07-26T06:00:00Z,2026-07-26T06:15:00Z,2026-07-26,2026-07-26_33,9.0,91,100,0,10.196892044720482,9.999999999999986,0.013880993457556935,0.39728,2.8668571428571434,True,True,True,False,258.03000000000003,0.0,92.82876136624132,50.51768931000229,53.04858256284863,75.78978375487125,530.2148169939635
2026-07-26T06:15:00Z,2026-07-26T06:30:00Z,2026-07-26,2026-07-26_34,7.227816567937217,91,100,0,9.999999999999986,9.999999999999995,0.010195986925538518,0.036919999999999994,2.1502857142857144,True,True,True,False,156.03049016034467,0.0,92.82876136624132,50.51768931000229,4.929907541835409,26.000350511412638,330.30719888983634
2026-07-26T06:30:00Z,2026-07-26T06:45:00Z,2026-07-26,2026-07-26_35,0.0,91,100,0,9.999999999999995,10.602493416149063,0.002841708764665287,0.19344000000000003,0.8834285714285715,True,True,True,False,0.0,0.0,92.82876136624132,50.51768931000229,25.406460151295178,-42.40956674562543,126.34334408191336
2026-07-26T06:45:00Z,2026-07-26T07:00:00Z,2026-07-26,2026-07-26_36,0.0,91,100,0,10.602493416149063,15.01428770186335,0.012254984126984126,0.0,4.795428571428571,True,True,True,False,0.0,0.0,92.82876136624132,50.51768931000229,0.0,-21.452461657697388,121.89398901854622
2026-07-26T07:00:00Z,2026-07-26T07:15:00Z,2026-07-26,2026-07-26_37,19.42316571213103,80,100,0,15.01428770186335,9.999999999999993,0.015133494791619092,0.013714285714285714,0.2925714285714286,True,True,True,False,146.79057486943026,0.0,77.80239932757698,52.8960036677619,1.3199567728061654,-18.527549039941494,260.2813855976338
2026-07-26T07:15:00Z,2026-07-26T07:30:00Z,2026-07-26,2026-07-26_38,17.155454747518274,80,100,0,9.999999999999993,9.999999999999993,0.020830222059438915,0.004571428571428572,4.919428571428571,True,True,True,False,61.15919617490265,0.0,77.80239932757698,52.8960036677619,0.436638321562292,82.59881081553122,274.89304830733505
2026-07-26T07:30:00Z,2026-07-26T07:45:00Z,2026-07-26,2026-07-26_39,20.0,80,100,0,9.999999999999993,13.643136993788815,0.028813406763285025,0.0,9.521714285714285,True,True,True,False,11.6,0.0,77.80239932757698,52.8960036677619,0.0,360.5584427294262,502.8568457247651
2026-07-26T07:45:00Z,2026-07-26T08:00:00Z,2026-07-26,2026-07-26_40,20.0,80,100,0,13.643136993788815,22.53809808695652,0.036748942995169086,0.0,15.030285714285716,True,True,True,False,0.95,0.0,77.80239932757698,52.8960036677619,0.0,1817.3041852874721,1948.9525882828111
2026-07-26T08:00:00Z,2026-07-26T08:15:00Z,2026-07-26,2026-07-26_41,0.0,100,100,0,22.53809808695652,33.46822380124223,0.030361460317460322,0.0,11.880571428571429,True,True,True,False,0.0,0.0,86.53625735462673,64.70161228700236,0.0,1136.304894388106,1287.542764029735
2026-07-26T08:15:00Z,2026-07-26T08:30:00Z,2026-07-26,2026-07-26_42,0.0,100,100,0,33.46822380124223,47.63306951552795,0.03934679365079365,0.0,15.396571428571429,True,True,True,False,0.0,0.0,86.53625735462673,64.70161228700236,0.0,1108.186669868681,1259.42453951031
2026-07-26T08:30:00Z,2026-07-26T08:45:00Z,2026-07-26,2026-07-26_43,0.0,100,100,0,47.63306951552795,56.42564094409938,0.024423809523809528,0.0,9.557142857142859,True,True,True,False,0.0,0.0,86.53625735462673,64.70161228700236,0.0,592.4979450708993,743.7358147125284
2026-07-26T08:45:00Z,2026-07-26T09:00:00Z,2026-07-26,2026-07-26_44,0.0,100,100,0,56.42564094409938,71.6030123726708,0.04215936507936508,0.0,16.497142857142858,True,True,True,False,0.0,0.0,86.53625735462673,64.70161228700236,0.0,1312.2268881878417,1463.4647578294707
2026-07-26T09:00:00Z,2026-07-26T09:15:00Z,2026-07-26,2026-07-26_45,38.0,62,100,0,71.6030123726708,76.79510153540372,0.035580785976535544,0.0,15.779428571428571,True,True,True,False,0.0,0.0,53.49258806449147,98.74302743180255,0.0,2042.2887449923041,2194.524360488598
2026-07-26T09:15:00Z,2026-07-26T09:30:00Z,2026-07-26,2026-07-26_46,38.0,62,100,0,76.79510153540372,80.48898480496894,0.034914893140096624,0.0,14.255999999999998,True,True,True,False,0.0,0.0,53.49258806449147,98.74302743180255,0.0,728.766785359517,881.0024008558111
2026-07-26T09:30:00Z,2026-07-26T09:45:00Z,2026-07-26,2026-07-26_47,38.0,62,100,0,80.48898480496894,77.99223187080744,0.032163401959972394,0.0,7.961142857142857,True,True,True,False,0.0,0.0,53.49258806449147,98.74302743180255,0.0,225.4405008241548,377.67611632044884
2026-07-26T09:45:00Z,2026-07-26T10:00:00Z,2026-07-26,2026-07-26_48,37.99999999999995,62,100,0,77.99223187080744,79.84904272298137,0.03409838763285024,0.0,12.387999999999998,True,True,True,False,-0.09499999999999988,0.0,53.49258806449147,98.74302743180255,0.0,550.9569389470466,703.0975544433406
2026-07-26T10:00:00Z,2026-07-26T10:15:00Z,2026-07-26,2026-07-26_49,0.0,100,100,0,79.84904272298137,94.51436843726708,0.040737015873015876,0.0,15.94057142857143,True,True,True,False,0.0,0.0,86.278367845954,98.74302743180255,0.0,3046.6260319400935,3231.6474272178502
2026-07-26T10:15:00Z,2026-07-26T10:30:00Z,2026-07-26,2026-07-26_50,0.0,100,100,0,94.51436843726708,112.29560272298136,0.049392317460317456,0.0,19.32742857142857,True,True,True,False,0.0,0.0,86.278367845954,98.74302743180255,0.0,4331.543755853682,4516.565151131439
2026-07-26T10:30:00Z,2026-07-26T10:45:00Z,2026-07-26,2026-07-26_51,0.0,100,100,0,112.29560272298136,127.44879129440993,0.04209219047619047,0.0,16.47085714285714,True,True,True,False,0.0,0.0,86.278367845954,98.74302743180255,0.0,2298.67065812311,2483.692053400867
2026-07-26T10:45:00Z,2026-07-26T11:00:00Z,2026-07-26,2026-07-26_52,0.0,100,100,0,127.44879129440993,144.0850198658385,0.046211746031746034,0.0,18.082857142857144,True,True,True,False,0.0,0.0,86.278367845954,98.74302743180255,0.0,1241.115179731249,1426.1365750090056
2026-07-26T11:00:00Z,2026-07-26T11:15:00Z,2026-07-26,2026-07-26_53,0.0,9,9,91,144.0850198658385,144.70658763726706,0.0017265771428571432,0.0,0.6756171428571429,True,True,True,False,0.0,906.1234431114847,7.765053106135859,8.88687246886223,0.0,11.96423641017804,934.7396050966609
2026-07-26T11:15:00Z,2026-07-26T11:30:00Z,2026-07-26,2026-07-26_54,0.0,9,9,91,144.70658763726706,144.93496412422357,0.0006980437267080747,0.010542857142857142,0.2606914285714286,True,True,True,False,0.0,906.1234431114847,7.765053106135859,8.88687246886223,0.9074655328624917,2.1580198604940564,925.8408540798393
2026-07-26T11:30:00Z,2026-07-26T11:45:00Z,2026-07-26,2026-07-26_55,0.0,9,9,91,144.93496412422357,146.13263063850928,0.003326851428571428,0.0,1.3018114285714284,True,True,True,False,0.0,906.1234431114847,7.765053106135859,8.88687246886223,0.0,82.43852425307557,1005.2138929395584
2026-07-26T11:45:00Z,2026-07-26T12:00:00Z,2026-07-26,2026-07-26_56,0.0,9,9,91,146.13263063850928,147.01508938136644,0.002451274285714286,0.0,0.9591942857142857,True,True,True,False,0.0,906.1234431114847,7.765053106135859,8.88687246886223,0.0,25.070650216681766,947.8460189031646
2026-07-26T12:00:00Z,2026-07-26T12:15:00Z,2026-07-26,2026-07-26_57,5.000000000000017,4,9,91,147.01508938136644,147.08918547080742,0.003007927370600412,0.0,1.4147485714285712,True,True,True,False,-0.012500000000000042,906.1234431114847,3.4247726751738368,8.88687246886223,0.0,71.36875214880634,989.7913404043271
2026-07-26T12:15:00Z,2026-07-26T12:30:00Z,2026-07-26,2026-07-26_58,3.987751544906661,4,9,91,147.08918547080742,147.42415374542844,0.0031319869935801307,0.0,1.4271942857142856,True,True,True,False,-0.009969378862266653,906.1234431114847,3.4247726751738368,8.88687246886223,0.0,70.88341940966498,989.3085382863235
2026-07-26T12:30:00Z,2026-07-26T12:45:00Z,2026-07-26,2026-07-26_59,5.000000000000017,4,9,91,147.42415374542844,146.45004983486945,0.0035684829261559783,0.0,0.3797485714285715,True,True,True,False,-0.012500000000000042,906.1234431114847,3.4247726751738368,8.88687246886223,0.0,-7.8108596666266426,910.6117285888942
2026-07-26T12:45:00Z,2026-07-26T13:00:00Z,2026-07-26,2026-07-26_60,5.000000000000017,4,9,91,146.45004983486945,145.70949269698124,0.003443586970324368,0.0,0.6103542857142856,True,True,True,False,0.0,906.1234431114847,3.4247726751738368,8.88687246886223,0.0,7.633509415013807,926.0685976705346
2026-07-26T13:00:00Z,2026-07-26T13:15:00Z,2026-07-26,2026-07-26_61,0.0,9,9,91,145.70949269698124,146.49349041126695,0.0021777714285714286,0.0,0.8521714285714286,True,True,True,False,0.0,906.1234431114847,7.739264155268587,5.732883777794758,0.0,21.62009769782445,941.2156887423724
2026-07-26T13:15:00Z,2026-07-26T13:30:00Z,2026-07-26,2026-07-26_62,0.0,9,9,91,146.49349041126695,147.20221109698124,0.0019686685714285714,0.0,0.7703485714285714,True,True,True,False,0.0,906.1234431114847,7.739264155268587,5.732883777794758,0.0,17.029695065986967,936.625286110535
2026-07-26T13:30:00Z,2026-07-26T13:45:00Z,2026-07-26,2026-07-26_63,0.0,9,9,91,147.20221109698124,147.52546229698123,0.0008979200000000001,0.0,0.35136,True,True,True,False,0.0,906.1234431114847,7.739264155268587,5.732883777794758,0.0,-8.127029021166043,911.468562023382
2026-07-26T13:45:00Z,2026-07-26T14:00:00Z,2026-07-26,2026-07-26_64,0.0,9,9,91,147.52546229698123,147.9926435541241,0.0012977257142857144,0.0,0.5078057142857143,True,True,True,False,0.0,906.1234431114847,7.739264155268587,5.732883777794758,0.0,-0.12261527142529664,919.4729757731227
2026-07-26T14:00:00Z,2026-07-26T14:15:00Z,2026-07-26,2026-07-26_65,0.0,70,70,30,147.9926435541241,156.5166275541241,0.023677733333333336,0.0,9.2652,True,True,True,False,0.0,298.72201421257734,64.02536868648278,44.48880568503095,0.0,404.69497310307946,811.9311616871705
2026-07-26T14:15:00Z,2026-07-26T14:30:00Z,2026-07-26,2026-07-26_66,0.0,70,70,30,156.5166275541241,166.0860995541241,0.026581866666666676,0.0,10.401600000000002,True,True,True,False,0.0,298.72201421257734,64.02536868648278,44.48880568503095,0.0,932.9329918239476,1340.1691804080388
2026-07-26T14:30:00Z,2026-07-26T14:45:00Z,2026-07-26,2026-07-26_67,0.0,70,70,30,166.0860995541241,170.1664835541241,0.011334400000000001,0.0,4.4352,True,True,True,False,0.0,298.72201421257734,64.02536868648278,44.48880568503095,0.0,64.47341147703828,471.7096000611293
2026-07-26T14:45:00Z,2026-07-26T15:00:00Z,2026-07-26,2026-07-26_68,0.0,70,70,30,170.1664835541241,172.9818894671676,0.009197383574879228,0.22799999999999998,3.3296,True,True,True,False,0.0,298.72201421257734,64.02536868648278,44.48880568503095,21.537785588752197,49.292047680904716,478.066021853748
2026-07-26T15:00:00Z,2026-07-26T15:15:00Z,2026-07-26,2026-07-26_69,0.0,0,100,0,172.9818894671676,181.00902089573904,0.022297587301587304,0.0,8.725142857142858,True,True,True,False,0.0,0.0,0.0,58.79880797738213,0.0,490.0417449158926,548.8405528932748
2026-07-26T15:15:00Z,2026-07-26T15:30:00Z,2026-07-26,2026-07-26_70,0.17856823180896406,0,100,0,181.00902089573904,189.97047856753997,0.025056945935335917,0.0,9.790285714285714,True,True,True,False,2.3472794071288323,0.0,0.0,58.79880797738213,0.0,3137.9167395124937,3199.0628268970045
2026-07-26T15:30:00Z,2026-07-26T15:45:00Z,2026-07-26,2026-07-26_71,97.74115451725486,0,100,0,189.97047856753997,164.9491242236024,0.06966777002460421,0.0,1.4205714285714286,True,True,True,False,3455.1498121849595,0.0,0.0,58.79880797738213,0.0,-6.780740101955049,3507.167880060387
2026-07-26T15:45:00Z,2026-07-26T16:00:00Z,2026-07-26,2026-07-26_72,100.0,0,100,0,164.9491242236024,139.55533540372664,0.0705383022774327,0.0,1.6377142857142857,True,True,True,False,4243.25,0.0,0.0,58.79880797738213,0.0,15.679171478784832,4317.727979456167
2026-07-26T16:00:00Z,2026-07-26T16:15:00Z,2026-07-26,2026-07-26_73,0.0,0,0,100,139.55533540372664,139.55533540372664,0.0,0.0,0.0,True,True,True,False,0.0,995.7400473752579,0.0,0.0,0.0,0.0,995.7400473752579
2026-07-26T16:15:00Z,2026-07-26T16:30:00Z,2026-07-26,2026-07-26_74,0.0,0,0,100,139.55533540372664,139.55533540372664,0.0,0.0,0.0,True,True,True,False,0.0,995.7400473752579,0.0,0.0,0.0,0.0,995.7400473752579
2026-07-26T16:30:00Z,2026-07-26T16:45:00Z,2026-07-26,2026-07-26_75,0.0,0,0,100,139.55533540372664,139.55533540372664,0.0,0.0,0.0,True,True,True,False,0.0,995.7400473752579,0.0,0.0,0.0,0.0,995.7400473752579
2026-07-26T16:45:00Z,2026-07-26T17:00:00Z,2026-07-26,2026-07-26_76,0.0,0,0,100,139.55533540372664,139.55533540372664,0.0,0.0,0.0,True,True,True,False,0.0,995.7400473752579,0.0,0.0,0.0,0.0,995.7400473752579
2026-07-26T17:00:00Z,2026-07-26T17:15:00Z,2026-07-26,2026-07-26_77,0.0,0,0,100,139.55533540372664,139.55533540372664,0.0,0.0,0.0,True,True,True,False,0.0,995.7400473752579,0.0,0.0,0.0,0.0,995.7400473752579
2026-07-26T17:15:00Z,2026-07-26T17:30:00Z,2026-07-26,2026-07-26_78,0.0,0,0,100,139.55533540372664,139.55533540372664,0.0,0.0,0.0,True,True,True,False,0.0,995.7400473752579,0.0,0.0,0.0,0.0,995.7400473752579
2026-07-26T17:30:00Z,2026-07-26T17:45:00Z,2026-07-26,2026-07-26_79,0.0,0,0,100,139.55533540372664,139.55533540372664,0.0,0.0,0.0,True,True,True,False,0.0,995.7400473752579,0.0,0.0,0.0,0.0,995.7400473752579
2026-07-26T17:45:00Z,2026-07-26T18:00:00Z,2026-07-26,2026-07-26_80,0.0,0,0,100,139.55533540372664,139.55533540372664,0.0,0.0,0.0,True,True,True,False,0.0,995.7400473752579,0.0,0.0,0.0,0.0,995.7400473752579
2026-07-26T18:00:00Z,2026-07-26T18:15:00Z,2026-07-26,2026-07-26_81,79.0,0,79,21,139.55533540372664,118.31463975155275,0.059001932367149755,0.0,0.20856,True,True,True,False,3017.405,209.10540994880415,0.0,45.115477191105676,0.0,-14.148239000534883,3257.477648139375
2026-07-26T18:15:00Z,2026-07-26T18:30:00Z,2026-07-26,2026-07-26_82,79.0,0,79,21,118.31463975155275,99.10291925465833,0.053365890269151145,0.0,2.075217142857143,True,True,True,False,3225.3725,209.10540994880415,0.0,45.115477191105676,0.0,-98.23941900468294,3381.3539681352268
2026-07-26T18:30:00Z,2026-07-26T18:45:00Z,2026-07-26,2026-07-26_83,79.0,0,79,21,99.10291925465833,79.20865838509312,0.05526183574879227,0.0,1.44728,True,True,True,False,3195.55,209.10540994880415,0.0,45.115477191105676,0.0,-59.03330928402231,3390.7375778558876
2026-07-26T18:45:00Z,2026-07-26T19:00:00Z,2026-07-26,2026-07-26_84,79.0,0,79,21,79.20865838509312,64.34782608695647,0.041280089717046234,0.0,6.078034285714286,True,True,True,False,3111.2175,209.10540994880415,0.0,45.115477191105676,0.0,-10.290673545175691,3355.1477135947343
2026-07-26T19:00:00Z,2026-07-26T19:15:00Z,2026-07-26,2026-07-26_85,0.0,0,0,100,64.34782608695647,64.34782608695647,0.0,0.0,0.0,True,True,True,False,0.0,995.7400473752579,0.0,0.0,0.0,0.0,995.7400473752579
2026-07-26T19:15:00Z,2026-07-26T19:30:00Z,2026-07-26,2026-07-26_86,0.0,0,0,100,64.34782608695647,64.34782608695647,0.0,0.0,0.0,True,True,True,False,0.0,995.7400473752579,0.0,0.0,0.0,0.0,995.7400473752579
2026-07-26T19:30:00Z,2026-07-26T19:45:00Z,2026-07-26,2026-07-26_87,0.0,0,0,100,64.34782608695647,64.34782608695647,0.0,0.0,0.0,True,True,True,False,0.0,995.7400473752579,0.0,0.0,0.0,0.0,995.7400473752579
2026-07-26T19:45:00Z,2026-07-26T20:00:00Z,2026-07-26,2026-07-26_88,0.0,0,0,100,64.34782608695647,64.34782608695647,0.0,0.0,0.0,True,True,True,False,0.0,995.7400473752579,0.0,0.0,0.0,0.0,995.7400473752579
2026-07-26T20:00:00Z,2026-07-26T20:15:00Z,2026-07-26,2026-07-26_89,0.0,0,0,100,64.34782608695647,64.34782608695647,0.0,0.0,0.0,True,True,True,False,0.0,995.7400473752579,0.0,0.0,0.0,0.0,995.7400473752579
2026-07-26T20:15:00Z,2026-07-26T20:30:00Z,2026-07-26,2026-07-26_90,0.0,0,0,100,64.34782608695647,64.34782608695647,0.0,0.0,0.0,True,True,True,False,0.0,995.7400473752579,0.0,0.0,0.0,0.0,995.7400473752579
2026-07-26T20:30:00Z,2026-07-26T20:45:00Z,2026-07-26,2026-07-26_91,0.0,0,0,100,64.34782608695647,64.34782608695647,0.0,0.0,0.0,True,True,True,False,0.0,995.7400473752579,0.0,0.0,0.0,0.0,995.7400473752579
2026-07-26T20:45:00Z,2026-07-26T21:00:00Z,2026-07-26,2026-07-26_92,0.0,0,0,100,64.34782608695647,64.34782608695647,0.0,0.0,0.0,True,True,True,False,0.0,995.7400473752579,0.0,0.0,0.0,0.0,995.7400473752579
2026-07-26T21:00:00Z,2026-07-26T21:15:00Z,2026-07-27,2026-07-26_93,0.0,0,0,100,64.34782608695647,64.34782608695647,0.0,0.0,0.0,True,True,True,False,0.0,995.7400473752579,0.0,0.0,0.0,0.0,995.7400473752579
2026-07-26T21:15:00Z,2026-07-26T21:30:00Z,2026-07-27,2026-07-26_94,0.0,0,0,100,64.34782608695647,64.34782608695647,0.0,0.0,0.0,True,True,True,False,0.0,995.7400473752579,0.0,0.0,0.0,0.0,995.7400473752579
2026-07-26T21:30:00Z,2026-07-26T21:45:00Z,2026-07-27,2026-07-26_95,0.0,0,0,100,64.34782608695647,64.34782608695647,0.0,0.0,0.0,True,True,True,False,0.0,995.7400473752579,0.0,0.0,0.0,0.0,995.7400473752579
2026-07-26T21:45:00Z,2026-07-26T22:00:00Z,2026-07-27,2026-07-26_96,0.0,0,0,100,64.34782608695647,64.34782608695647,0.0,0.0,0.0,True,True,True,False,0.0,995.7400473752579,0.0,0.0,0.0,0.0,995.7400473752579
2026-07-26T22:00:00Z,2026-07-26T22:15:00Z,2026-07-27,2026-07-27_1,55.00000000000008,45,100,0,64.34782608695647,52.69957058385087,0.03985163671497589,0.0,3.2588571428571433,True,True,True,False,1796.5750000000025,0.0,47.69666462902117,57.10819897608314,0.0,-168.050773941425,1733.3290896636818
2026-07-26T22:15:00Z,2026-07-26T22:30:00Z,2026-07-27,2026-07-27_2,52.27415914934694,45,100,0,52.69957058385087,49.30989286956518,0.035607106844986254,0.0,10.737142857142857,True,True,True,False,1457.9262986752863,0.0,47.69666462902117,57.10819897608314,0.0,-414.94130380202813,1147.7898584783625
2026-07-26T22:30:00Z,2026-07-26T22:45:00Z,2026-07-27,2026-07-27_3,55.00000000000008,45,100,0,49.30989286956518,48.45232894409932,0.0344060077294686,0.0,13.92342857142857,True,True,True,False,1544.4000000000021,0.0,47.69666462902117,57.10819897608314,0.0,-398.96735036950514,1250.2375132356012
2026-07-26T22:45:00Z,2026-07-26T23:00:00Z,2026-07-27,2026-07-27_4,0.0,45,100,0,48.45232894409932,64.34782608695646,0.04415415873015873,0.0,17.277714285714286,True,True,True,False,0.0,0.0,47.69666462902117,57.10819897608314,0.0,-123.39102708249189,-18.58616347738758
2026-07-26T23:00:00Z,2026-07-26T23:15:00Z,2026-07-27,2026-07-27_5,0.0,0,0,100,64.34782608695646,64.34782608695646,0.0,0.0,0.0,True,True,True,False,0.0,995.7400473752579,0.0,0.0,0.0,0.0,995.7400473752579
2026-07-26T23:15:00Z,2026-07-26T23:30:00Z,2026-07-27,2026-07-27_6,0.0,0,0,100,64.34782608695646,64.34782608695646,0.0,0.0,0.0,True,True,True,False,0.0,995.7400473752579,0.0,0.0,0.0,0.0,995.7400473752579
2026-07-26T23:30:00Z,2026-07-26T23:45:00Z,2026-07-27,2026-07-27_7,0.0,0,0,100,64.34782608695646,64.34782608695646,0.0,0.0,0.0,True,True,True,False,0.0,995.7400473752579,0.0,0.0,0.0,0.0,995.7400473752579
2026-07-26T23:45:00Z,2026-07-27T00:00:00Z,2026-07-27,2026-07-27_8,0.0,0,0,100,64.34782608695646,64.34782608695646,0.0,0.0,0.0,True,True,True,False,0.0,995.7400473752579,0.0,0.0,0.0,0.0,995.7400473752579
2026-07-27T00:00:00Z,2026-07-27T00:15:00Z,2026-07-27,2026-07-27_9,0.0,0,0,100,64.34782608695646,64.34782608695646,0.0,0.0,0.0,True,True,True,False,0.0,995.7400473752579,0.0,0.0,0.0,0.0,995.7400473752579
2026-07-27T00:15:00Z,2026-07-27T00:30:00Z,2026-07-27,2026-07-27_10,0.0,0,0,100,64.34782608695646,64.34782608695646,0.0,0.0,0.0,True,True,True,False,0.0,995.7400473752579,0.0,0.0,0.0,0.0,995.7400473752579
2026-07-27T00:30:00Z,2026-07-27T00:45:00Z,2026-07-27,2026-07-27_11,0.0,0,0,100,64.34782608695646,64.34782608695646,0.0,0.0,0.0,True,True,True,False,0.0,995.7400473752579,0.0,0.0,0.0,0.0,995.7400473752579
2026-07-27T00:45:00Z,2026-07-27T01:00:00Z,2026-07-27,2026-07-27_12,0.0,0,0,100,64.34782608695646,64.34782608695646,0.0,0.0,0.0,True,True,True,False,0.0,995.7400473752579,0.0,0.0,0.0,0.0,995.7400473752579
2026-07-27T01:00:00Z,2026-07-27T01:15:00Z,2026-07-27,2026-07-27_13,0.0,0,0,100,64.34782608695646,64.34782608695646,0.0,0.0,0.0,True,True,True,False,0.0,995.7400473752579,0.0,0.0,0.0,0.0,995.7400473752579
2026-07-27T01:15:00Z,2026-07-27T01:30:00Z,2026-07-27,2026-07-27_14,0.0,0,0,100,64.34782608695646,64.34782608695646,0.0,0.0,0.0,True,True,True,False,0.0,995.7400473752579,0.0,0.0,0.0,0.0,995.7400473752579
2026-07-27T01:30:00Z,2026-07-27T01:45:00Z,2026-07-27,2026-07-27_15,0.0,0,0,100,64.34782608695646,64.34782608695646,0.0,0.0,0.0,True,True,True,False,0.0,995.7400473752579,0.0,0.0,0.0,0.0,995.7400473752579
2026-07-27T01:45:00Z,2026-07-27T02:00:00Z,2026-07-27,2026-07-27_16,0.0,0,0,100,64.34782608695646,64.34782608695646,0.0,0.0,0.0,True,True,True,False,0.0,995.7400473752579,0.0,0.0,0.0,0.0,995.7400473752579
2026-07-27T02:00:00Z,2026-07-27T02:15:00Z,2026-07-27,2026-07-27_17,-100.0,100,0,0,64.34782608695646,84.71662608695647,0.05658,2.86,0.0,True,True,True,False,-1756.25,0.0,105.99258806449149,0.0,486.3207419576679,0.0,-1163.9366699778407
2026-07-27T02:15:00Z,2026-07-27T02:30:00Z,2026-07-27,2026-07-27_18,-100.0,100,0,0,84.71662608695647,101.61360894409933,0.04693606349206349,6.6337142857142855,0.0,True,True,True,False,-1798.75,0.0,105.99258806449149,0.0,1131.946247421105,0.0,-560.8111645144036
2026-07-27T02:30:00Z,2026-07-27T02:45:00Z,2026-07-27,2026-07-27_19,-100.0,100,0,0,101.61360894409933,114.05674037267076,0.034564253968253966,11.474857142857143,0.0,True,True,True,False,-1813.0,0.0,105.99258806449149,0.0,2213.828923249899,0.0,506.82151131439065
2026-07-27T02:45:00Z,2026-07-27T03:00:00Z,2026-07-27,2026-07-27_20,-100.00000000000007,100,0,0,114.05674037267076,121.30213465838507,0.020126095238095287,17.12457142857143,0.0,True,True,True,False,-2306.250000000002,0.0,105.99258806449149,0.0,3202.005020467421,0.0,1001.7476085319108
2026-07-27T03:00:00Z,2026-07-27T03:15:00Z,2026-07-27,2026-07-27_21,0.0,0,0,100,121.30213465838507,121.30213465838507,0.0,0.0,0.0,True,True,True,False,0.0,995.7400473752579,0.0,0.0,0.0,0.0,995.7400473752579
2026-07-27T03:15:00Z,2026-07-27T03:30:00Z,2026-07-27,2026-07-27_22,0.0,0,0,100,121.30213465838507,121.30213465838507,0.0,0.0,0.0,True,True,True,False,0.0,995.7400473752579,0.0,0.0,0.0,0.0,995.7400473752579
2026-07-27T03:30:00Z,2026-07-27T03:45:00Z,2026-07-27,2026-07-27_23,0.0,0,0,100,121.30213465838507,121.30213465838507,0.0,0.0,0.0,True,True,True,False,0.0,995.7400473752579,0.0,0.0,0.0,0.0,995.7400473752579
2026-07-27T03:45:00Z,2026-07-27T04:00:00Z,2026-07-27,2026-07-27_24,0.0,0,0,100,121.30213465838507,121.30213465838507,0.0,0.0,0.0,True,True,True,False,0.0,995.7400473752579,0.0,0.0,0.0,0.0,995.7400473752579
2026-07-27T04:00:00Z,2026-07-27T04:15:00Z,2026-07-27,2026-07-27_25,0.0,0,0,100,121.30213465838507,121.30213465838507,0.0,0.0,0.0,True,True,True,False,0.0,995.7400473752579,0.0,0.0,0.0,0.0,995.7400473752579
2026-07-27T04:15:00Z,2026-07-27T04:30:00Z,2026-07-27,2026-07-27_26,0.0,0,0,100,121.30213465838507,121.30213465838507,0.0,0.0,0.0,True,True,True,False,0.0,995.7400473752579,0.0,0.0,0.0,0.0,995.7400473752579
2026-07-27T04:30:00Z,2026-07-27T04:45:00Z,2026-07-27,2026-07-27_27,0.0,0,0,100,121.30213465838507,121.30213465838507,0.0,0.0,0.0,True,True,True,False,0.0,995.7400473752579,0.0,0.0,0.0,0.0,995.7400473752579
2026-07-27T04:45:00Z,2026-07-27T05:00:00Z,2026-07-27,2026-07-27_28,0.0,0,0,100,121.30213465838507,121.30213465838507,0.0,0.0,0.0,True,True,True,False,0.0,995.7400473752579,0.0,0.0,0.0,0.0,995.7400473752579
2026-07-27T05:00:00Z,2026-07-27T05:15:00Z,2026-07-27,2026-07-27_29,0.0,0,0,100,121.30213465838507,121.30213465838507,0.0,0.0,0.0,True,True,True,False,0.0,995.7400473752579,0.0,0.0,0.0,0.0,995.7400473752579
2026-07-27T05:15:00Z,2026-07-27T05:30:00Z,2026-07-27,2026-07-27_30,0.0,0,0,100,121.30213465838507,121.30213465838507,0.0,0.0,0.0,True,True,True,False,0.0,995.7400473752579,0.0,0.0,0.0,0.0,995.7400473752579
2026-07-27T05:30:00Z,2026-07-27T05:45:00Z,2026-07-27,2026-07-27_31,0.0,0,0,100,121.30213465838507,121.30213465838507,0.0,0.0,0.0,True,True,True,False,0.0,995.7400473752579,0.0,0.0,0.0,0.0,995.7400473752579
2026-07-27T05:45:00Z,2026-07-27T06:00:00Z,2026-07-27,2026-07-27_32,0.0,0,0,100,121.30213465838507,121.30213465838507,0.0,0.0,0.0,True,True,True,False,0.0,995.7400473752579,0.0,0.0,0.0,0.0,995.7400473752579
2026-07-27T06:00:00Z,2026-07-27T06:15:00Z,2026-07-27,2026-07-27_33,100.0,0,100,0,121.30213465838507,94.58474335403724,0.0742149758454106,0.0,0.42,True,True,True,False,3779.75,0.0,0.0,51.11943149690533,0.0,-26.228417513563077,3804.6410139833424
2026-07-27T06:15:00Z,2026-07-27T06:30:00Z,2026-07-27,2026-07-27_34,100.0,0,100,0,94.58474335403724,67.41207254658383,0.07547964113181505,0.0,0.001142857142857143,True,True,True,False,3312.5,0.0,0.0,51.11943149690533,0.0,-0.08732766431245838,3363.532103832593
2026-07-27T06:30:00Z,2026-07-27T06:45:00Z,2026-07-27,2026-07-27_35,100.0,0,100,0,67.41207254658383,41.17045763975153,0.0728933747412008,0.0,0.8577142857142857,True,True,True,False,2801.5,0.0,0.0,51.11943149690533,0.0,-49.243692650285446,2803.3757388466197
2026-07-27T06:45:00Z,2026-07-27T07:00:00Z,2026-07-27,2026-07-27_36,1.3229353808103645,0,100,0,41.17045763975153,52.930894906832265,0.03361516328803297,0.0,13.142285714285714,True,True,True,False,30.387825697214073,0.0,0.0,51.11943149690533,0.0,768.9271494067177,850.4344066008371
2026-07-27T07:00:00Z,2026-07-27T07:15:00Z,2026-07-27,2026-07-27_37,0.0,100,100,0,52.930894906832265,54.1740114285714,0.026144612836438923,3.7577142857142856,5.790857142857143,True,True,True,False,0.0,0.0,97.25299915947123,52.8960036677619,572.525974522154,2479.445510157299,3202.120487506686
2026-07-27T07:15:00Z,2026-07-27T07:30:00Z,2026-07-27,2026-07-27_38,0.0,100,100,0,54.1740114285714,31.36158906832295,0.06336783988957902,20.987428571428573,0.0,True,True,True,False,0.0,0.0,97.25299915947123,52.8960036677619,4997.917085002566,0.0,5148.066087829799
2026-07-27T07:30:00Z,2026-07-27T07:45:00Z,2026-07-27,2026-07-27_39,0.0,100,100,0,31.36158906832295,25.75614509316767,0.015623249137336094,5.1657142857142855,0.010285714285714285,True,True,True,False,0.0,0.0,97.25299915947123,52.8960036677619,830.1151284262463,-0.7535285834361253,979.5106026700433
2026-07-27T07:45:00Z,2026-07-27T08:00:00Z,2026-07-27,2026-07-27_40,0.0,100,100,0,25.75614509316767,28.478260869565187,0.00784783712905452,0.04742857142857143,3.0148571428571427,True,True,True,False,0.0,0.0,97.25299915947123,52.8960036677619,6.2647790064294995,-120.57240052833237,35.841381305330266
2026-07-27T08:00:00Z,2026-07-27T08:15:00Z,2026-07-27,2026-07-27_41,0.0,0,0,34,28.478260869565187,28.478260869565187,0.0,0.0,0.0,True,False,True,False,0.0,338.5516161075876,0.0,0.0,0.0,0.0,338.5516161075876
2026-07-27T08:15:00Z,2026-07-27T08:30:00Z,2026-07-27,2026-07-27_42,-65.99999999999997,0,0,34,28.478260869565187,43.65826086956518,0.04216666666666665,0.0,0.0,True,False,True,False,-434.2799999999998,338.5516161075876,0.0,0.0,0.0,0.0,-95.72838389241218
2026-07-27T08:30:00Z,2026-07-27T08:45:00Z,2026-07-27,2026-07-27_43,-65.99999999999997,0,0,34,43.65826086956518,58.838260869565175,0.04216666666666665,0.0,0.0,True,False,True,False,-336.59999999999985,338.5516161075876,0.0,0.0,0.0,0.0,1.9516161075877676
2026-07-27T08:45:00Z,2026-07-27T09:00:00Z,2026-07-27,2026-07-27_44,-66.00000000000001,0,0,34,58.838260869565175,74.01826086956518,0.04216666666666668,0.0,0.0,True,False,True,False,-294.8550000000001,338.5516161075876,0.0,0.0,0.0,0.0,43.696616107587545
2026-07-27T09:00:00Z,2026-07-27T09:15:00Z,2026-07-27,2026-07-27_45,9.0,0,0,91,74.01826086956518,71.57260869565214,0.006793478260869565,0.0,0.0,True,False,True,False,112.11749999999999,906.1234431114847,0.0,0.0,0.0,0.0,1018.2409431114846
2026-07-27T09:15:00Z,2026-07-27T09:30:00Z,2026-07-27,2026-07-27_46,8.999999999999996,0,0,91,71.57260869565214,69.12695652173909,0.006793478260869562,0.0,0.0,True,False,True,False,100.32749999999997,906.1234431114847,0.0,0.0,0.0,0.0,1006.4509431114847
2026-07-27T09:30:00Z,2026-07-27T09:45:00Z,2026-07-27,2026-07-27_47,8.999999999999996,0,0,91,69.12695652173909,66.68130434782604,0.006793478260869562,0.0,0.0,True,False,True,False,74.85749999999997,906.1234431114847,0.0,0.0,0.0,0.0,980.9809431114846
2026-07-27T09:45:00Z,2026-07-27T10:00:00Z,2026-07-27,2026-07-27_48,-9.0,0,0,91,66.68130434782604,68.75130434782605,0.005750000000000001,0.0,0.0,True,False,True,False,-35.415,906.1234431114847,0.0,0.0,0.0,0.0,870.7084431114847
2026-07-27T10:00:00Z,2026-07-27T10:15:00Z,2026-07-27,2026-07-27_49,0.0,9,9,91,68.75130434782605,69.46158640496891,0.0019730057142857142,0.0,0.7720457142857143,True,True,True,False,0.0,906.1234431114847,7.708317414227859,8.88687246886223,0.0,-0.3722479145062167,922.3463850800686
2026-07-27T10:15:00Z,2026-07-27T10:30:00Z,2026-07-27,2026-07-27_50,0.0,9,9,91,69.46158640496891,69.83915440496891,0.0010488000000000001,0.0,0.4104,True,True,True,False,0.0,906.1234431114847,7.708317414227859,8.88687246886223,0.0,-9.38695529915183,913.331677695423
2026-07-27T10:30:00Z,2026-07-27T10:45:00Z,2026-07-27,2026-07-27_51,0.0,9,9,91,69.83915440496891,69.85448217639748,8.543428571428571e-05,0.007097142857142857,0.025045714285714286,True,True,True,False,0.0,906.1234431114847,7.708317414227859,8.88687246886223,0.6726152146623149,-1.6853419412939776,921.7059062679431
2026-07-27T10:45:00Z,2026-07-27T11:00:00Z,2026-07-27,2026-07-27_52,0.0,9,9,91,69.85448217639748,69.4268855354037,0.001189871304347826,0.39373714285714284,0.00041142857142857143,True,True,True,False,0.0,906.1234431114847,7.708317414227859,8.88687246886223,52.45425968190899,-0.03143795915248502,975.1414547173313
2026-07-27T11:00:00Z,2026-07-27T11:15:00Z,2026-07-27,2026-07-27_53,-54.65551700277289,100,0,0,69.4268855354037,81.11119199999993,0.03489418132883631,0.8902857142857143,0.0,True,True,True,False,-382.4519802269033,0.0,85.64797126919845,0.0,106.37169361088976,0.0,-190.43231534681507
2026-07-27T11:15:00Z,2026-07-27T11:30:00Z,2026-07-27,2026-07-27_54,-100.0,100,0,0,81.11119199999993,103.70534057142851,0.06276152380952381,0.4411428571428571,0.0,True,True,True,False,-619.75,0.0,85.64797126919845,0.0,54.15620997936884,0.0,-479.94581875143274
2026-07-27T11:30:00Z,2026-07-27T11:45:00Z,2026-07-27,2026-07-27_55,-100.0,100,0,0,103.70534057142851,124.60300914285708,0.058049079365079366,2.285142857142857,0.0,True,True,True,False,-459.99999999999994,0.0,85.64797126919845,0.0,301.4251324651508,0.0,-72.9268962656507
2026-07-27T11:45:00Z,2026-07-27T12:00:00Z,2026-07-27,2026-07-27_56,-100.00000000000004,100,0,0,124.60300914285708,132.54024342857136,0.022047873015873045,16.37257142857143,0.0,True,True,True,False,-289.5000000000001,0.0,85.64797126919845,0.0,3574.895987512144,0.0,3371.0439587813426
2026-07-27T12:00:00Z,2026-07-27T12:15:00Z,2026-07-27,2026-07-27_57,-9.0,9,0,91,132.54024342857136,134.55848159999994,0.005606217142857142,0.05626285714285715,0.0,True,True,True,False,-19.89,906.1234431114847,7.705738519141132,0.0,6.15963713608925,0.0,900.0988187667151
2026-07-27T12:15:00Z,2026-07-27T12:30:00Z,2026-07-27,2026-07-27_58,-9.0,9,0,91,134.55848159999994,136.62133714285707,0.005730154285714286,0.0077657142857142855,0.0,True,True,True,False,-25.7625,906.1234431114847,7.705738519141132,0.0,0.7511891080570686,0.0,888.8178707386829
2026-07-27T12:30:00Z,2026-07-27T12:45:00Z,2026-07-27,2026-07-27_59,-9.0,9,0,91,136.62133714285707,138.56197988571424,0.005390674285714286,0.14060571428571428,0.0,True,True,True,False,-24.660000000000004,906.1234431114847,7.705738519141132,0.0,18.08054434607953,0.0,907.2497259767053
2026-07-27T12:45:00Z,2026-07-27T13:00:00Z,2026-07-27,2026-07-27_60,-9.0,9,0,91,138.56197988571424,140.38632411428566,0.0050676228571428575,0.26701714285714284,0.0,True,True,True,False,-26.595,906.1234431114847,7.705738519141132,0.0,35.098665851608466,0.0,922.3328474822342
2026-07-27T13:00:00Z,2026-07-27T13:15:00Z,2026-07-27,2026-07-27_61,-9.0,9,0,91,140.38632411428566,142.15947428571423,0.004925417142857143,0.32266285714285714,0.0,True,True,True,False,-17.595,906.1234431114847,7.739264155268587,0.0,50.11888357694113,0.0,946.3865908436944
2026-07-27T13:15:00Z,2026-07-27T13:30:00Z,2026-07-27,2026-07-27_62,-9.0,9,0,91,142.15947428571423,144.0064820571428,0.0051305771428571435,0.24238285714285715,0.0,True,True,True,False,-22.5675,906.1234431114847,7.739264155268587,0.0,32.667512117805025,0.0,923.9627193845583
2026-07-27T13:30:00Z,2026-07-27T13:45:00Z,2026-07-27,2026-07-27_63,-9.0,9,0,91,144.0064820571428,146.07014194285708,0.005732388571428572,0.006891428571428573,0.0,True,True,True,False,-24.8175,906.1234431114847,7.739264155268587,0.0,0.6612798851641215,0.0,889.7064871519174
2026-07-27T13:45:00Z,2026-07-27T14:00:00Z,2026-07-27,2026-07-27_64,-9.0,9,0,91,146.07014194285708,148.13999999999993,0.005749605714285715,0.00015428571428571428,0.0,True,True,True,False,-27.27,906.1234431114847,7.739264155268587,0.0,0.014808251372681724,0.0,886.607515518126
2026-07-27T14:00:00Z,2026-07-27T14:15:00Z,2026-07-27,2026-07-27_65,-100.00000000000001,0,0,0,148.13999999999993,171.13999999999993,0.0638888888888889,0.0,0.0,True,False,True,False,-210.50000000000003,0.0,0.0,0.0,0.0,0.0,-210.50000000000003
2026-07-27T14:15:00Z,2026-07-27T14:30:00Z,2026-07-27,2026-07-27_66,0.0,0,0,0,171.13999999999993,171.13999999999993,0.0,0.0,0.0,True,False,True,False,0.0,0.0,0.0,0.0,0.0,0.0,0.0
2026-07-27T14:30:00Z,2026-07-27T14:45:00Z,2026-07-27,2026-07-27_67,-82.00000000000004,0,0,0,171.13999999999993,189.99999999999994,0.052388888888888915,0.0,0.0,True,False,True,False,-635.7050000000004,0.0,0.0,0.0,0.0,0.0,-635.7050000000004
2026-07-27T14:45:00Z,2026-07-27T15:00:00Z,2026-07-27,2026-07-27_68,85.76886857142868,0,0,0,189.99999999999994,166.69324223602476,0.06474099378881995,0.0,0.0,True,False,True,False,2532.754688914289,0.0,0.0,0.0,0.0,0.0,2532.754688914289
2026-07-27T15:00:00Z,2026-07-27T15:15:00Z,2026-07-27,2026-07-27_69,-100.0,100,0,0,166.69324223602476,189.69324223602476,0.0638888888888889,0.0,0.0,True,True,True,False,-250.25,0.0,105.99258806449149,0.0,0.0,0.0,-144.25741193550851
2026-07-27T15:15:00Z,2026-07-27T15:30:00Z,2026-07-27,2026-07-27_70,0.0,100,0,0,189.69324223602476,189.69324223602476,0.0,0.0,0.0,True,True,True,False,0.0,0.0,105.99258806449149,0.0,0.0,0.0,105.99258806449149
2026-07-27T15:30:00Z,2026-07-27T15:45:00Z,2026-07-27,2026-07-27_71,0.0,100,0,0,189.69324223602476,182.77026086956513,0.01923050379572119,6.369142857142858,0.0,True,True,True,False,0.0,0.0,105.99258806449149,0.0,1493.9489615649118,0.0,1599.9415496294032
2026-07-27T15:45:00Z,2026-07-27T16:00:00Z,2026-07-27,2026-07-27_72,0.0,100,0,0,182.77026086956513,160.5721242236024,0.061661490683229805,20.422285714285714,0.0,True,True,True,False,0.0,0.0,105.99258806449149,0.0,9027.447702081672,0.0,9133.440290146164
2026-07-27T16:00:00Z,2026-07-27T16:15:00Z,2026-07-27,2026-07-27_73,0.0,100,100,0,160.5721242236024,149.7888944099378,0.02995341614906832,9.920571428571428,0.0,True,True,True,False,0.0,0.0,104.98968441965309,57.10819897608314,2876.5241514480017,0.0,3038.6220348437378
2026-07-27T16:15:00Z,2026-07-27T16:30:00Z,2026-07-27,2026-07-27_74,0.0,100,100,0,149.7888944099378,144.99696894409928,0.013310904071773636,4.408571428571428,0.0,True,True,True,False,0.0,0.0,104.98968441965309,57.10819897608314,1061.605188900654,0.0,1223.7030722963902
2026-07-27T16:30:00Z,2026-07-27T16:45:00Z,2026-07-27,2026-07-27_75,0.0,100,100,0,144.99696894409928,132.65224844720487,0.03429089026915114,11.357142857142858,0.0,True,True,True,False,0.0,0.0,104.98968441965309,57.10819897608314,2915.5951789671326,0.0,3077.6930623628687
2026-07-27T16:45:00Z,2026-07-27T17:00:00Z,2026-07-27,2026-07-27_76,0.0,100,100,0,132.65224844720487,117.81498136645953,0.041214630779848174,13.650285714285715,0.0,True,True,True,False,0.0,0.0,104.98968441965309,57.10819897608314,3230.586741477366,0.0,3392.684624873102
2026-07-27T17:00:00Z,2026-07-27T17:15:00Z,2026-07-27,2026-07-27_77,0.0,0,0,100,117.81498136645953,117.81498136645953,0.0,0.0,0.0,True,True,True,False,0.0,995.7400473752579,0.0,0.0,0.0,0.0,995.7400473752579
2026-07-27T17:15:00Z,2026-07-27T17:30:00Z,2026-07-27,2026-07-27_78,0.0,0,0,100,117.81498136645953,117.81498136645953,0.0,0.0,0.0,True,True,True,False,0.0,995.7400473752579,0.0,0.0,0.0,0.0,995.7400473752579
2026-07-27T17:30:00Z,2026-07-27T17:45:00Z,2026-07-27,2026-07-27_79,0.0,0,0,100,117.81498136645953,117.81498136645953,0.0,0.0,0.0,True,True,True,False,0.0,995.7400473752579,0.0,0.0,0.0,0.0,995.7400473752579
2026-07-27T17:45:00Z,2026-07-27T18:00:00Z,2026-07-27,2026-07-27_80,0.0,0,0,100,117.81498136645953,117.81498136645953,0.0,0.0,0.0,True,True,True,False,0.0,995.7400473752579,0.0,0.0,0.0,0.0,995.7400473752579
2026-07-27T18:00:00Z,2026-07-27T18:15:00Z,2026-07-27,2026-07-27_81,0.0,0,0,100,117.81498136645953,117.81498136645953,0.0,0.0,0.0,True,True,True,False,0.0,995.7400473752579,0.0,0.0,0.0,0.0,995.7400473752579
2026-07-27T18:15:00Z,2026-07-27T18:30:00Z,2026-07-27,2026-07-27_82,0.0,0,0,100,117.81498136645953,117.81498136645953,0.0,0.0,0.0,True,True,True,False,0.0,995.7400473752579,0.0,0.0,0.0,0.0,995.7400473752579
2026-07-27T18:30:00Z,2026-07-27T18:45:00Z,2026-07-27,2026-07-27_83,0.0,0,0,100,117.81498136645953,117.81498136645953,0.0,0.0,0.0,True,True,True,False,0.0,995.7400473752579,0.0,0.0,0.0,0.0,995.7400473752579
2026-07-27T18:45:00Z,2026-07-27T19:00:00Z,2026-07-27,2026-07-27_84,0.0,0,0,100,117.81498136645953,117.81498136645953,0.0,0.0,0.0,True,True,True,False,0.0,995.7400473752579,0.0,0.0,0.0,0.0,995.7400473752579
2026-07-27T19:00:00Z,2026-07-27T19:15:00Z,2026-07-27,2026-07-27_85,6.999999999999979,0,7,93,117.81498136645953,115.91380745341607,0.005281038647342979,0.0,0.00092,True,True,True,False,320.424999999999,926.0382440589898,0.0,3.99757392832582,0.0,-0.06571405975395431,1250.3951039275607
2026-07-27T19:15:00Z,2026-07-27T19:30:00Z,2026-07-27,2026-07-27_86,6.999999999999972,0,7,93,115.91380745341607,114.0116335403726,0.005283816425120751,0.0,0.0,True,True,True,False,316.88999999999874,926.0382440589898,0.0,3.99757392832582,0.0,0.0,1246.9258179873143
2026-07-27T19:30:00Z,2026-07-27T19:45:00Z,2026-07-27,2026-07-27_87,6.999999999999972,0,7,93,114.0116335403726,112.17885093167695,0.005091062801932347,0.0,0.06384,True,True,True,False,314.70249999999874,926.0382440589898,0.0,3.99757392832582,0.0,-4.354017758080538,1240.3843002292338
2026-07-27T19:45:00Z,2026-07-27T20:00:00Z,2026-07-27,2026-07-27_88,6.999999999999972,0,7,93,112.17885093167695,110.47950310559,0.004720410628019306,0.0,0.18660000000000002,True,True,True,False,303.0299999999988,926.0382440589898,0.0,3.99757392832582,0.0,-11.384817184992743,1221.6810008023217
2026-07-27T20:00:00Z,2026-07-27T20:15:00Z,2026-07-27,2026-07-27_89,100.0,0,100,0,110.47950310559,85.3658385093167,0.06976017943409248,0.0,1.8954285714285715,True,True,True,False,4537.0,0.0,0.0,57.10819897608314,0.0,-120.99886201137443,4473.109336964709
2026-07-27T20:15:00Z,2026-07-27T20:30:00Z,2026-07-27,2026-07-27_90,100.0,0,100,0,85.3658385093167,58.34472049689435,0.07505866114561767,0.0,0.14057142857142857,True,True,True,False,4350.25,0.0,0.0,57.10819897608314,0.0,-10.226069272669715,4397.132129703414
2026-07-27T20:30:00Z,2026-07-27T20:45:00Z,2026-07-27,2026-07-27_91,100.0,0,100,0,58.34472049689435,32.613043478260806,0.07147688060731539,0.0,1.3268571428571427,True,True,True,False,4383.0,0.0,0.0,57.10819897608314,0.0,-80.80856051261338,4359.29963846347
2026-07-27T20:45:00Z,2026-07-27T21:00:00Z,2026-07-27,2026-07-27_92,100.0,0,100,0,32.613043478260806,9.999999999999936,0.06281400966183576,0.0,4.196,True,True,True,False,3918.75,0.0,0.0,57.10819897608314,0.0,-236.10395354168259,3739.7542454344007
2026-07-27T21:00:00Z,2026-07-27T21:15:00Z,2026-07-28,2026-07-27_93,0.0,100,100,0,9.999999999999936,12.583993043478197,0.007402051069703245,0.037142857142857144,2.8525714285714288,True,True,True,False,0.0,0.0,106.89510195501366,52.51590956867391,5.967963547908892,-142.78884356341575,22.590131508180708
2026-07-27T21:15:00Z,2026-07-27T21:30:00Z,2026-07-28,2026-07-27_94,0.0,100,100,0,12.583993043478197,15.048541614906767,0.0068459682539682536,0.0,2.6788571428571424,True,True,True,False,0.0,0.0,106.89510195501366,52.51590956867391,0.0,-133.65872739831113,25.75228412537644
2026-07-27T21:30:00Z,2026-07-27T21:45:00Z,2026-07-28,2026-07-27_95,-3.76148240027109e-14,100,100,0,15.048541614906767,19.158575900621063,0.011416761904761931,0.0,4.467428571428571,True,True,True,False,-1.5470036741714925e-12,0.0,106.89510195501366,52.51590956867391,0.0,-221.97554390112722,-62.5645323774412
2026-07-27T21:45:00Z,2026-07-27T22:00:00Z,2026-07-28,2026-07-27_96,0.0,100,100,0,19.158575900621063,24.787924472049635,0.015637079365079368,0.0,6.118857142857143,True,True,True,False,0.0,0.0,106.89510195501366,52.51590956867391,0.0,-296.8347908891613,-137.42377936547373
2026-07-27T22:00:00Z,2026-07-27T22:15:00Z,2026-07-28,2026-07-28_1,5.0,68,73,27,24.787924472049635,25.275967115527894,0.008083934879227053,0.0,1.98268,True,True,True,False,228.29999999999998,268.9577082576872,72.68866932940928,38.336613985131955,0.0,-98.07534807651881,510.20764349570965
2026-07-27T22:15:00Z,2026-07-27T22:30:00Z,2026-07-28,2026-07-28_2,4.109636569233299,68,73,27,25.275967115527894,24.673913043478212,0.0046723181152253474,0.05828571428571428,0.62196,True,True,True,False,175.99518607741604,268.9577082576872,72.68866932940928,38.336613985131955,9.909774413100038,-31.998960651289,533.8889914114555
2026-07-27T22:30:00Z,2026-07-27T22:45:00Z,2026-07-28,2026-07-28_3,0.0,68,73,27,24.673913043478212,25.464514424844673,0.00226416187715666,0.011268571428571428,0.8726628571428572,True,True,True,False,0.0,268.9577082576872,72.68866932940928,38.336613985131955,1.756208375353887,-44.59958107396072,337.1396188736216
2026-07-27T22:45:00Z,2026-07-27T23:00:00Z,2026-07-28,2026-07-28_4,0.0,68,73,27,25.464514424844673,31.210224486956474,0.015967345065562456,0.0011657142857142856,6.246714285714286,True,True,True,False,0.0,268.9577082576872,72.68866932940928,38.336613985131955,0.17821993016443297,150.6949537387145,530.8561652411074
2026-07-27T23:00:00Z,2026-07-27T23:15:00Z,2026-07-28,2026-07-28_5,0.0,61,61,39,31.210224486956474,36.79400414409933,0.015510499047619048,0.0,6.069325714285714,True,True,True,False,0.0,388.49446748332593,65.20601219255833,32.03470483689109,0.0,-239.18434705710516,246.5508374556702
2026-07-27T23:15:00Z,2026-07-27T23:30:00Z,2026-07-28,2026-07-28_6,0.0,61,61,39,36.79400414409933,43.753525515527905,0.019332003809523813,0.0,7.564697142857144,True,True,True,False,0.0,388.49446748332593,65.20601219255833,32.03470483689109,0.0,-363.0641170245353,122.67106748824008
2026-07-27T23:30:00Z,2026-07-27T23:45:00Z,2026-07-28,2026-07-28_7,0.0,61,61,39,43.753525515527905,47.119442772670766,0.00934977015873016,0.0,3.6586057142857147,True,True,True,False,0.0,388.49446748332593,65.20601219255833,32.03470483689109,0.0,-179.23651118324602,306.4986733295293
2026-07-27T23:45:00Z,2026-07-28T00:00:00Z,2026-07-28,2026-07-28_8,0.0,61,61,39,47.119442772670766,50.29615545838505,0.008824201904761906,0.0,3.4529485714285717,True,True,True,False,0.0,388.49446748332593,65.20601219255833,32.03470483689109,0.0,-168.35425613545587,317.3809283773195
2026-07-28T00:00:00Z,2026-07-28T00:15:00Z,2026-07-28,2026-07-28_9,0.0,100,100,0,50.29615545838505,55.98806402981362,0.015810857142857144,0.0,6.186857142857143,True,True,True,False,0.0,0.0,106.89510195501366,71.86538498289602,0.0,-260.00950833904375,-81.24902140113407
2026-07-28T00:15:00Z,2026-07-28T00:30:00Z,2026-07-28,2026-07-28_10,0.0,100,100,0,55.98806402981362,66.44294402981362,0.029041333333333336,0.0,11.364,True,True,True,False,0.0,0.0,106.89510195501366,71.86538498289602,0.0,-378.4409410055994,-199.68045406768977
2026-07-28T00:30:00Z,2026-07-28T00:45:00Z,2026-07-28,2026-07-28_11,0.0,100,100,0,66.44294402981362,78.21526402981362,0.03270088888888889,0.0,12.796,True,True,True,False,0.0,0.0,106.89510195501366,71.86538498289602,0.0,-427.6329443690637,-248.87245743115403
2026-07-28T00:45:00Z,2026-07-28T01:00:00Z,2026-07-28,2026-07-28_12,0.0,100,100,0,78.21526402981362,94.40358402981363,0.04496755555555556,0.0,17.596,True,True,True,False,0.0,0.0,106.89510195501366,71.86538498289602,0.0,304.89936667494794,483.6598536128576
2026-07-28T01:00:00Z,2026-07-28T01:15:00Z,2026-07-28,2026-07-28_13,0.0,0,0,100,94.40358402981363,94.40358402981363,0.0,0.0,0.0,True,False,True,False,0.0,996.1396602136564,0.0,0.0,0.0,0.0,996.1396602136564
2026-07-28T01:15:00Z,2026-07-28T01:30:00Z,2026-07-28,2026-07-28_14,0.0,0,0,100,94.40358402981363,94.40358402981363,0.0,0.0,0.0,True,False,True,False,0.0,996.1396602136564,0.0,0.0,0.0,0.0,996.1396602136564
2026-07-28T01:30:00Z,2026-07-28T01:45:00Z,2026-07-28,2026-07-28_15,0.0,0,0,100,94.40358402981363,94.40358402981363,0.0,0.0,0.0,True,False,True,False,0.0,996.1396602136564,0.0,0.0,0.0,0.0,996.1396602136564
2026-07-28T01:45:00Z,2026-07-28T02:00:00Z,2026-07-28,2026-07-28_16,0.0,0,0,100,94.40358402981363,94.40358402981363,0.0,0.0,0.0,True,False,True,False,0.0,996.1396602136564,0.0,0.0,0.0,0.0,996.1396602136564
2026-07-28T02:00:00Z,2026-07-28T02:15:00Z,2026-07-28,2026-07-28_17,0.0,0,0,100,94.40358402981363,94.40358402981363,0.0,0.0,0.0,True,True,True,False,0.0,996.1396602136564,0.0,0.0,0.0,0.0,996.1396602136564
2026-07-28T02:15:00Z,2026-07-28T02:30:00Z,2026-07-28,2026-07-28_18,0.0,0,0,100,94.40358402981363,94.40358402981363,0.0,0.0,0.0,True,True,True,False,0.0,996.1396602136564,0.0,0.0,0.0,0.0,996.1396602136564
2026-07-28T02:30:00Z,2026-07-28T02:45:00Z,2026-07-28,2026-07-28_19,0.0,0,0,100,94.40358402981363,94.40358402981363,0.0,0.0,0.0,True,True,True,False,0.0,996.1396602136564,0.0,0.0,0.0,0.0,996.1396602136564
2026-07-28T02:45:00Z,2026-07-28T03:00:00Z,2026-07-28,2026-07-28_20,0.0,0,0,100,94.40358402981363,94.40358402981363,0.0,0.0,0.0,True,True,True,False,0.0,996.1396602136564,0.0,0.0,0.0,0.0,996.1396602136564
2026-07-28T03:00:00Z,2026-07-28T03:15:00Z,2026-07-28,2026-07-28_21,0.0,0,0,100,94.40358402981363,94.40358402981363,0.0,0.0,0.0,True,True,True,False,0.0,996.1396602136564,0.0,0.0,0.0,0.0,996.1396602136564
2026-07-28T03:15:00Z,2026-07-28T03:30:00Z,2026-07-28,2026-07-28_22,0.0,0,0,100,94.40358402981363,94.40358402981363,0.0,0.0,0.0,True,True,True,False,0.0,996.1396602136564,0.0,0.0,0.0,0.0,996.1396602136564
2026-07-28T03:30:00Z,2026-07-28T03:45:00Z,2026-07-28,2026-07-28_23,0.0,0,0,100,94.40358402981363,94.40358402981363,0.0,0.0,0.0,True,True,True,False,0.0,996.1396602136564,0.0,0.0,0.0,0.0,996.1396602136564
2026-07-28T03:45:00Z,2026-07-28T04:00:00Z,2026-07-28,2026-07-28_24,0.0,0,0,100,94.40358402981363,94.40358402981363,0.0,0.0,0.0,True,True,True,False,0.0,996.1396602136564,0.0,0.0,0.0,0.0,996.1396602136564
2026-07-28T04:00:00Z,2026-07-28T04:15:00Z,2026-07-28,2026-07-28_25,37.0,0,37,63,94.40358402981363,86.97945359503102,0.020622584541062805,0.0,2.4198,True,True,True,False,1569.725,627.5679859346035,0.0,18.985418617539697,0.0,-30.226343455577425,2186.0520610965655
2026-07-28T04:15:00Z,2026-07-28T04:30:00Z,2026-07-28,2026-07-28_26,37.0,0,37,63,86.97945359503102,78.02637284968941,0.02486966873706004,0.0,1.0131657142857142,True,True,True,False,1666.85,627.5679859346035,0.0,18.985418617539697,0.0,-49.74845604863918,2263.654948503504
2026-07-28T04:30:00Z,2026-07-28T04:45:00Z,2026-07-28,2026-07-28_27,37.0,0,37,63,78.02637284968941,70.18352191801239,0.02178569703243616,0.0,2.0345771428571426,True,True,True,False,1601.2675000000002,627.5679859346035,0.0,18.985418617539697,0.0,-76.8502249862813,2170.970679565862
2026-07-28T04:45:00Z,2026-07-28T05:00:00Z,2026-07-28,2026-07-28_28,37.0,0,37,63,70.18352191801239,63.74414303602481,0.017887163561076606,0.0,3.3257714285714286,True,True,True,False,1484.255,627.5679859346035,0.0,18.985418617539697,0.0,-54.8761501546593,2075.932254397484
2026-07-28T05:00:00Z,2026-07-28T05:15:00Z,2026-07-28,2026-07-28_29,100.0,0,0,0,63.74414303602481,36.57022999254655,0.0754830917874396,0.0,0.0,True,False,True,False,4455.0,0.0,0.0,0.0,0.0,0.0,4455.0
2026-07-28T05:15:00Z,2026-07-28T05:30:00Z,2026-07-28,2026-07-28_30,97.77844637257154,0,0,0,36.57022999254655,9.99999999999994,0.07380619442374059,0.0,0.0,True,False,True,False,4107.183639879868,0.0,0.0,0.0,0.0,0.0,4107.183639879868
2026-07-28T05:30:00Z,2026-07-28T05:45:00Z,2026-07-28,2026-07-28_31,0.0,0,0,0,9.99999999999994,9.99999999999994,0.0,0.0,0.0,True,False,True,False,0.0,0.0,0.0,0.0,0.0,0.0,0.0
2026-07-28T05:45:00Z,2026-07-28T06:00:00Z,2026-07-28,2026-07-28_32,-100.0,0,0,0,9.99999999999994,32.99999999999994,0.06388888888888888,0.0,0.0,True,False,True,False,-0.0,0.0,0.0,0.0,0.0,0.0,0.0
2026-07-28T06:00:00Z,2026-07-28T06:15:00Z,2026-07-28,2026-07-28_33,100.0,0,100,0,32.99999999999994,19.245341614906778,0.03820738440303657,0.0,12.345714285714287,True,True,True,False,2214.25,0.0,0.0,47.929367248265706,0.0,2120.6472217292903,4382.826588977556
2026-07-28T06:15:00Z,2026-07-28T06:30:00Z,2026-07-28,2026-07-28_34,1.11642798040978,0,100,0,19.245341614906778,27.954106414906775,0.025217372003246277,0.0,9.776,True,True,True,False,3.566987397409247,0.0,0.0,47.929367248265706,0.0,-149.0024041125996,-97.50604946692465
2026-07-28T06:30:00Z,2026-07-28T06:45:00Z,2026-07-28,2026-07-28_35,0.0,0,100,0,27.954106414906775,39.739569272049636,0.03273739682539682,0.0,12.810285714285714,True,True,True,False,0.0,0.0,0.0,47.929367248265706,0.0,348.5831334274302,396.5125006756959
2026-07-28T06:45:00Z,2026-07-28T07:00:00Z,2026-07-28,2026-07-28_36,0.0,0,100,0,39.739569272049636,61.02468927204964,0.05912533333333334,0.0,23.136000000000003,True,True,True,False,0.0,0.0,0.0,47.929367248265706,0.0,884.1217665832171,932.0511338314828
2026-07-28T07:00:00Z,2026-07-28T07:15:00Z,2026-07-28,2026-07-28_37,0.0,100,100,0,61.02468927204964,66.72763784347822,0.015841523809523812,0.0,6.198857142857143,True,True,True,False,0.0,0.0,96.08806161255184,53.003229690217275,0.0,107.78669040020311,256.87798170297225
2026-07-28T07:15:00Z,2026-07-28T07:30:00Z,2026-07-28,2026-07-28_38,0.0,100,100,0,66.72763784347822,70.69807560745338,0.011115260179434094,0.014285714285714287,4.332571428571429,True,True,True,False,0.0,0.0,96.08806161255184,53.003229690217275,1.771824979729121,4.134932580557974,154.9980488630562
2026-07-28T07:30:00Z,2026-07-28T07:45:00Z,2026-07-28,2026-07-28_39,0.0,100,100,0,70.69807560745338,74.54209846459624,0.01067784126984127,0.0,4.178285714285714,True,True,True,False,0.0,0.0,96.08806161255184,53.003229690217275,0.0,-77.32148199918642,71.76980930358269
2026-07-28T07:45:00Z,2026-07-28T08:00:00Z,2026-07-28,2026-07-28_40,0.0,100,100,0,74.54209846459624,86.67032703602482,0.03368952380952381,0.0,13.182857142857143,True,True,True,False,0.0,0.0,96.08806161255184,53.003229690217275,0.0,6462.242768961121,6611.33406026389
2026-07-28T08:00:00Z,2026-07-28T08:15:00Z,2026-07-28,2026-07-28_41,0.0,100,100,0,86.67032703602482,109.16090989316767,0.06247384126984127,0.0,24.446285714285715,True,True,True,False,0.0,0.0,87.94694899382726,57.991094463661206,0.0,8554.17242570757,8700.110469165058
2026-07-28T08:15:00Z,2026-07-28T08:30:00Z,2026-07-28,2026-07-28_42,0.0,100,100,0,109.16090989316767,113.22752852670804,0.011820662525879919,0.08685714285714285,4.522857142857143,True,True,True,False,0.0,0.0,87.94694899382726,57.991094463661206,10.772695876753055,156.5881650827625,313.298904417004
2026-07-28T08:30:00Z,2026-07-28T08:45:00Z,2026-07-28,2026-07-28_43,0.0,100,100,0,113.22752852670804,112.59547188074532,0.0018053636991028292,0.5897142857142856,0.009714285714285715,True,True,True,False,0.0,0.0,87.94694899382726,57.991094463661206,73.61990122553502,-0.7425830423518042,218.81536164067168
2026-07-28T08:45:00Z,2026-07-28T09:00:00Z,2026-07-28,2026-07-28_44,0.0,100,100,0,112.59547188074532,112.57671610434781,0.005931337474120083,0.9908571428571428,1.1502857142857144,True,True,True,False,0.0,0.0,87.94694899382726,57.991094463661206,128.28501145270536,-25.654842487762394,248.56821242243143
2026-07-28T09:00:00Z,2026-07-28T09:15:00Z,2026-07-28,2026-07-28_45,0.0,9,9,91,112.57671610434781,113.31945576149067,0.002063165714285714,0.0,0.8073257142857142,True,True,True,False,0.0,906.4870907944273,8.059701492537313,8.720163586676092,0.0,5.186435532598575,928.4533914062393
2026-07-28T09:15:00Z,2026-07-28T09:30:00Z,2026-07-28,2026-07-28_46,0.0,9,9,91,113.31945576149067,113.69626673291924,0.001046697142857143,0.0,0.4095771428571429,True,True,True,False,0.0,906.4870907944273,8.059701492537313,8.720163586676092,0.0,-4.881785086639239,918.3851707870015
2026-07-28T09:30:00Z,2026-07-28T09:45:00Z,2026-07-28,2026-07-28_47,0.0,9,9,91,113.69626673291924,113.4376448795031,0.000722599751552795,0.2386285714285714,0.0008228571428571429,True,True,True,False,0.0,906.4870907944273,8.059701492537313,8.720163586676092,31.435701361493244,-0.06290115182274106,954.6397560833112
2026-07-28T09:45:00Z,2026-07-28T10:00:00Z,2026-07-28,2026-07-28_48,0.0,9,9,91,113.4376448795031,112.9041852521739,0.0014818322981366458,0.4907828571428571,0.0,True,True,True,False,0.0,906.4870907944273,8.059701492537313,8.720163586676092,73.18795722721676,0.0,996.4549131008575
2026-07-28T10:00:00Z,2026-07-28T10:15:00Z,2026-07-28,2026-07-28_49,0.0,9,9,91,112.9041852521739,112.52471904596273,0.0010561756521739129,0.34945714285714286,0.00041142857142857143,True,True,True,False,0.0,906.4870907944273,8.062281422592541,8.720163586676092,40.194817420124544,-0.03145057591137053,963.4329026479091
2026-07-28T10:15:00Z,2026-07-28T10:30:00Z,2026-07-28,2026-07-28_50,0.0,9,9,91,112.52471904596273,112.44759845962732,0.00022894385093167702,0.07338857142857143,0.00288,True,True,True,False,0.0,906.4870907944273,8.062281422592541,8.720163586676092,7.713745157512237,-0.19538670284938942,930.7878942583588
2026-07-28T10:30:00Z,2026-07-28T10:45:00Z,2026-07-28,2026-07-28_51,0.0,9,9,91,112.44759845962732,111.71183448447204,0.0020437888198757766,0.6769028571428573,0.0,True,True,True,False,0.0,906.4870907944273,8.062281422592541,8.720163586676092,90.51627227025654,0.0,1013.7858080739525
2026-07-28T10:45:00Z,2026-07-28T11:00:00Z,2026-07-28,2026-07-28_52,1.7317065655838043e-14,9,9,91,111.71183448447204,111.19821957763973,0.0014267080745341747,0.4725257142857143,0.0,True,True,True,False,3.731827648833098e-14,906.4870907944273,8.062281422592541,8.720163586676092,104.71826146894936,0.0,1027.9877972726454
2026-07-28T11:00:00Z,2026-07-28T11:15:00Z,2026-07-28,2026-07-28_53,-79.0,100,21,0,111.19821957763973,118.60932244472048,0.03487190409937888,11.265142857142857,0.0,True,True,True,False,-166.4925,0.0,89.5809046954727,20.347048368910883,1688.329028717761,0.0,1631.7644817821447
2026-07-28T11:15:00Z,2026-07-28T11:30:00Z,2026-07-28,2026-07-28_54,-78.99999999999994,100,21,0,118.60932244472048,132.9710854459627,0.044950307853692174,3.9874285714285715,0.0,True,True,True,False,-166.29499999999987,0.0,89.5809046954727,20.347048368910883,598.0891390131835,0.0,541.7220920775673
2026-07-28T11:30:00Z,2026-07-28T11:45:00Z,2026-07-28,2026-07-28_55,-79.0,100,21,0,132.9710854459627,131.2954663254658,0.02169622708074534,20.77942857142857,0.0,True,True,True,False,-166.295,0.0,89.5809046954727,20.347048368910883,3801.860672419865,0.0,3745.4936254842482
2026-07-28T11:45:00Z,2026-07-28T12:00:00Z,2026-07-28,2026-07-28_56,-79.0,100,21,0,131.2954663254658,147.1518658285714,0.04735352518978606,2.608571428571429,0.19319999999999998,True,True,True,False,-170.24499999999998,0.0,89.5809046954727,20.347048368910883,375.5042734016037,0.2374801536491677,315.4247066196365
2026-07-28T12:00:00Z,2026-07-28T12:15:00Z,2026-07-28,2026-07-28_57,0.0,9,9,91,147.1518658285714,147.89063108571426,0.0020521257142857145,0.0,0.8030057142857143,True,True,True,False,0.0,906.4870907944273,7.902325759168305,8.720163586676092,0.0,12.440933601609656,935.5505137418813
2026-07-28T12:15:00Z,2026-07-28T12:30:00Z,2026-07-28,2026-07-28_58,0.0,9,9,91,147.89063108571426,148.12727245714285,0.0006787657142857144,0.0035485714285714287,0.2614114285714286,True,True,True,False,0.0,906.4870907944273,7.902325759168305,8.720163586676092,0.43707438334211507,-9.790776464485694,913.7558780591281
2026-07-28T12:30:00Z,2026-07-28T12:45:00Z,2026-07-28,2026-07-28_59,0.0,9,9,91,148.12727245714285,148.0137204968944,0.00038613068322981354,0.11617714285714284,0.013834285714285714,True,True,True,False,0.0,906.4870907944273,7.902325759168305,8.720163586676092,18.39671617875502,-0.8878509177179768,940.6184454013088
2026-07-28T12:45:00Z,2026-07-28T13:00:00Z,2026-07-28,2026-07-28_60,0.0,9,9,91,148.0137204968944,147.48613043478258,0.001465527950310559,0.48538285714285717,0.0,True,True,True,False,0.0,906.4870907944273,7.902325759168305,8.720163586676092,72.43230898225171,0.0,995.5418891225235
2026-07-28T13:00:00Z,2026-07-28T13:15:00Z,2026-07-28,2026-07-28_61,-30.0,55,25,45,147.48613043478258,153.4640182360248,0.01971255928226363,1.1320571428571429,0.22314285714285717,True,True,True,False,-77.77499999999999,448.2628470961454,48.859575362623495,14.46194125403711,151.8681256494189,-10.7936460554371,574.8838433067878
2026-07-28T13:15:00Z,2026-07-28T13:30:00Z,2026-07-28,2026-07-28_62,-30.0,55,25,45,153.4640182360248,159.3942513291925,0.020791365217391305,1.5733142857142857,0.649,True,True,True,False,-82.575,448.2628470961454,48.859575362623495,14.46194125403711,234.4562106970179,-1.7979062434307336,661.6676681663931
2026-07-28T13:30:00Z,2026-07-28T13:45:00Z,2026-07-28,2026-07-28_63,-30.0,55,25,45,159.3942513291925,167.90290663354034,0.02433218605935128,0.2539428571428572,2.0234285714285716,True,True,True,False,-95.85,448.2628470961454,48.859575362623495,14.46194125403711,33.703881077509834,38.963577066196365,488.4018218565122
2026-07-28T13:45:00Z,2026-07-28T14:00:00Z,2026-07-28,2026-07-28_64,-0.7225247592876463,55,25,45,167.90290663354034,169.19050534161485,0.004303359433864539,0.12194285714285714,1.3627142857142858,True,True,True,False,-5.4207420065555665,448.2628470961454,48.859575362623495,14.46194125403711,15.88743421724376,-23.83337206413515,498.217683859359
2026-07-28T14:00:00Z,2026-07-28T14:15:00Z,2026-07-28,2026-07-28_65,0.0,100,100,0,169.19050534161485,171.10057142857139,0.005357498964803312,0.008571428571428572,2.0862857142857143,True,True,True,False,0.0,0.0,91.61618285015383,57.819099126645895,0.8190254143586075,-101.15058874276869,49.103718648389645
2026-07-28T14:15:00Z,2026-07-28T14:30:00Z,2026-07-28,2026-07-28_66,0.0,100,100,0,171.10057142857139,181.83723428571423,0.029824063492063492,0.0,11.670285714285713,True,True,True,False,0.0,0.0,91.61618285015383,57.819099126645895,0.0,1788.568803867984,1938.0040858447837
2026-07-28T14:30:00Z,2026-07-28T14:45:00Z,2026-07-28,2026-07-28_67,0.0,100,100,0,181.83723428571423,184.63105590062105,0.03758808281573499,4.9394285714285715,8.872571428571428,True,True,True,False,0.0,0.0,91.61618285015383,57.819099126645895,839.3922962469526,4551.793446595448,5540.6210248192
2026-07-28T14:45:00Z,2026-07-28T15:00:00Z,2026-07-28,2026-07-28_68,0.0,100,100,0,184.63105590062105,170.14285714285708,0.04024499654934437,13.329142857142855,0.0,True,True,True,False,0.0,0.0,91.61618285015383,57.819099126645895,2235.499027052409,0.0,2384.9343090292086
2026-07-28T15:00:00Z,2026-07-28T15:15:00Z,2026-07-28,2026-07-28_69,-84.49402372979667,100,15,0,170.14285714285708,189.22392803752518,0.05351770035171553,0.5497142857142857,0.1819714285714286,True,True,True,False,-1411.0501962876042,0.0,106.89510195501366,7.851587134748791,94.16453281425322,-8.849333133127121,-1210.9883075167156
2026-07-28T15:15:00Z,2026-07-28T15:30:00Z,2026-07-28,2026-07-28_70,-20.07303021297402,100,15,0,189.22392803752518,189.85231328198745,0.021539712710168992,4.1011428571428565,0.3607714285714286,True,True,True,False,-559.3851694600536,0.0,106.89510195501366,7.851587134748791,899.1987117276246,-16.052870372847668,438.50736098448584
2026-07-28T15:30:00Z,2026-07-28T15:45:00Z,2026-07-28,2026-07-28_71,1.457972674546252e-13,100,15,0,189.85231328198745,181.10821390310542,0.024289164941338964,8.044571428571428,0.0,True,True,True,False,5.0485948787850335e-12,0.0,106.89510195501366,7.851587134748791,1655.962276126228,0.0,1770.7089652159955
2026-07-28T15:45:00Z,2026-07-28T16:00:00Z,2026-07-28,2026-07-28_72,0.0,100,15,0,181.10821390310542,169.75293439999984,0.03154244306418219,10.446857142857143,0.0,True,True,True,False,0.0,0.0,106.89510195501366,7.851587134748791,2024.6303420523136,0.0,2139.3770311420762
2026-07-28T16:00:00Z,2026-07-28T16:15:00Z,2026-07-28,2026-07-28_73,0.0,56,56,44,169.75293439999984,168.65982608695637,0.003075665314009662,1.01216,0.007679999999999999,True,True,True,False,0.0,438.30145049400875,59.6044107248648,29.408909358457393,237.6507268522942,-0.5885451105547804,764.3769523190704
2026-07-28T16:15:00Z,2026-07-28T16:30:00Z,2026-07-28,2026-07-28_74,0.0,56,56,44,168.65982608695637,166.09147826086942,0.007134299516908212,2.36288,0.0,True,True,True,False,0.0,438.30145049400875,59.6044107248648,29.408909358457393,585.4019734056988,0.0,1112.7167439830298
2026-07-28T16:30:00Z,2026-07-28T16:45:00Z,2026-07-28,2026-07-28_75,0.0,56,56,44,166.09147826086942,159.9140869565216,0.017159420289855072,5.6832,0.0,True,True,True,False,0.0,438.30145049400875,59.6044107248648,29.408909358457393,1303.3118657671948,0.0,1830.6266363445259
2026-07-28T16:45:00Z,2026-07-28T17:00:00Z,2026-07-28,2026-07-28_76,0.0,56,56,44,159.9140869565216,152.44361238260856,0.020757860483091792,6.873920000000001,0.00128,True,True,True,False,0.0,438.30145049400875,59.6044107248648,29.408909358457393,1557.421638603398,-0.09809085175913008,2084.63831832897
2026-07-28T17:00:00Z,2026-07-28T17:15:00Z,2026-07-28,2026-07-28_77,0.0,19,19,81,152.44361238260856,151.9281256248446,0.001443006073153899,0.4760857142857142,0.0021714285714285715,True,True,True,False,0.0,806.8731247730617,10.615265541689757,9.978022818048043,93.60938574185954,-0.16640412351995282,920.9093947511391
2026-07-28T17:15:00Z,2026-07-28T17:30:00Z,2026-07-28,2026-07-28_78,0.0,19,19,81,151.9281256248446,149.78596413416136,0.005950448585231194,1.9707885714285716,0.0,True,True,True,False,0.0,806.8731247730617,10.615265541689757,9.978022818048043,479.65296081291,0.0,1307.1193739457094
2026-07-28T17:30:00Z,2026-07-28T17:45:00Z,2026-07-28,2026-07-28_79,0.0,19,19,81,149.78596413416136,147.9861566807452,0.0049994651483781915,1.655822857142857,0.0,True,True,True,False,0.0,806.8731247730617,10.615265541689757,9.978022818048043,391.74242995339745,0.0,1219.208843086197
2026-07-28T17:45:00Z,2026-07-28T18:00:00Z,2026-07-28,2026-07-28_80,0.0,19,19,81,147.9861566807452,145.158697053416,0.007854054520358868,2.6012628571428573,0.0,True,True,True,False,0.0,806.8731247730617,10.615265541689757,9.978022818048043,857.4284747431674,0.0,1684.8948878759668
2026-07-28T18:00:00Z,2026-07-28T18:15:00Z,2026-07-28,2026-07-28_81,25.0,0,25,75,145.158697053416,138.36521879254644,0.018870772946859904,0.0,0.0,True,True,True,False,1267.6875,747.1047451602423,0.0,13.128977392168478,0.0,0.0,2027.9212225524107
2026-07-28T18:15:00Z,2026-07-28T18:30:00Z,2026-07-28,2026-07-28_82,25.0,0,25,75,138.36521879254644,131.57174053167688,0.018870772946859904,0.0,0.0,True,True,True,False,1307.6875,747.1047451602423,0.0,13.128977392168478,0.0,0.0,2067.9212225524107
2026-07-28T18:30:00Z,2026-07-28T18:45:00Z,2026-07-28,2026-07-28_83,25.0,0,25,75,131.57174053167688,124.77826227080732,0.0188707729468599,0.0,0.0,True,True,True,False,1378.4375,747.1047451602423,0.0,13.128977392168478,0.0,0.0,2138.6712225524107
2026-07-28T18:45:00Z,2026-07-28T19:00:00Z,2026-07-28,2026-07-28_84,25.0,0,25,75,124.77826227080732,117.98478400993775,0.018870772946859904,0.0,0.0,True,True,True,False,1494.5,747.1047451602423,0.0,13.128977392168478,0.0,0.0,2254.7337225524107
2026-07-28T19:00:00Z,2026-07-28T19:15:00Z,2026-07-28,2026-07-28_85,0.0,0,0,100,117.98478400993775,117.98478400993775,0.0,0.0,0.0,True,True,True,False,0.0,996.1396602136564,0.0,0.0,0.0,0.0,996.1396602136564
2026-07-28T19:15:00Z,2026-07-28T19:30:00Z,2026-07-28,2026-07-28_86,0.0,0,0,100,117.98478400993775,117.98478400993775,0.0,0.0,0.0,True,True,True,False,0.0,996.1396602136564,0.0,0.0,0.0,0.0,996.1396602136564
2026-07-28T19:30:00Z,2026-07-28T19:45:00Z,2026-07-28,2026-07-28_87,0.0,0,0,100,117.98478400993775,117.98478400993775,0.0,0.0,0.0,True,True,True,False,0.0,996.1396602136564,0.0,0.0,0.0,0.0,996.1396602136564
2026-07-28T19:45:00Z,2026-07-28T20:00:00Z,2026-07-28,2026-07-28_88,0.0,0,0,100,117.98478400993775,117.98478400993775,0.0,0.0,0.0,True,True,True,False,0.0,996.1396602136564,0.0,0.0,0.0,0.0,996.1396602136564
2026-07-28T20:00:00Z,2026-07-28T20:15:00Z,2026-07-28,2026-07-28_89,100.0,0,100,0,117.98478400993775,90.81087096645949,0.07548309178743962,0.0,0.0,True,True,True,False,5269.75,0.0,0.0,52.51590956867391,0.0,0.0,5322.265909568674
2026-07-28T20:15:00Z,2026-07-28T20:30:00Z,2026-07-28,2026-07-28_90,100.0,0,100,0,90.81087096645949,63.636957922981225,0.07548309178743962,0.0,0.0,True,True,True,False,4926.5,0.0,0.0,52.51590956867391,0.0,0.0,4979.015909568674
2026-07-28T20:30:00Z,2026-07-28T20:45:00Z,2026-07-28,2026-07-28_91,100.0,0,100,0,63.636957922981225,36.463044879502974,0.0754830917874396,0.0,0.0,True,True,True,False,4688.75,0.0,0.0,52.51590956867391,0.0,0.0,4741.265909568674
2026-07-28T20:45:00Z,2026-07-28T21:00:00Z,2026-07-28,2026-07-28_92,97.38400515608768,0,100,0,36.463044879502974,10.000000000131323,0.07350845799825459,0.0,0.0,True,True,True,False,4392.749012578225,0.0,0.0,52.51590956867391,0.0,0.0,4445.264922146899
2026-07-28T21:00:00Z,2026-07-28T21:15:00Z,2026-07-29,2026-07-28_93,-96.99999999999999,97,3,0,10.000000000131323,28.972933942988465,0.052702594285714284,3.6272457142857144,0.0,True,True,True,False,-4591.009999999999,0.0,103.66631619193271,1.4908239342381953,738.5144389283666,0.0,-3747.3384209454616
2026-07-28T21:15:00Z,2026-07-28T21:30:00Z,2026-07-29,2026-07-28_94,0.0,97,3,0,28.972933942988465,22.205225868454303,0.018799189095928228,6.226291428571429,0.0,True,True,True,False,0.0,0.0,103.66631619193271,1.4908239342381953,1453.239748679575,0.0,1558.396888805746
2026-07-28T21:30:00Z,2026-07-28T21:45:00Z,2026-07-29,2026-07-28_95,-95.88199945987353,97,3,0,22.205225868454303,42.02906243031536,0.05523449142808306,2.417794285714286,0.0,True,True,True,False,-3977.904452591503,0.0,103.66631619193271,1.4908239342381953,490.07363643116594,0.0,-3382.673676034166
2026-07-28T21:45:00Z,2026-07-28T22:00:00Z,2026-07-29,2026-07-28_96,-97.0,97,3,0,42.02906243031536,64.34782608745823,0.061996565714285724,0.01884571428571429,0.02837142857142857,True,True,True,False,-3898.915,0.0,103.66631619193271,1.4908239342381953,2.882158560231587,-1.4566512985771636,-3792.3323526121744
2026-07-28T22:00:00Z,2026-07-28T22:15:00Z,2026-07-29,2026-07-29_1,0.0,0,0,100,64.34782608745823,64.34782608745823,0.0,0.0,0.0,True,True,True,False,0.0,996.4633913209713,0.0,0.0,0.0,0.0,996.4633913209713
2026-07-28T22:15:00Z,2026-07-28T22:30:00Z,2026-07-29,2026-07-29_2,0.0,0,0,100,64.34782608745823,64.34782608745823,0.0,0.0,0.0,True,True,True,False,0.0,996.4633913209713,0.0,0.0,0.0,0.0,996.4633913209713
2026-07-28T22:30:00Z,2026-07-28T22:45:00Z,2026-07-29,2026-07-29_3,0.0,0,0,100,64.34782608745823,64.34782608745823,0.0,0.0,0.0,True,True,True,False,0.0,996.4633913209713,0.0,0.0,0.0,0.0,996.4633913209713
2026-07-28T22:45:00Z,2026-07-28T23:00:00Z,2026-07-29,2026-07-29_4,0.0,0,0,100,64.34782608745823,64.34782608745823,0.0,0.0,0.0,True,True,True,False,0.0,996.4633913209713,0.0,0.0,0.0,0.0,996.4633913209713
2026-07-28T23:00:00Z,2026-07-28T23:15:00Z,2026-07-29,2026-07-29_5,0.0,0,0,100,64.34782608745823,64.34782608745823,0.0,0.0,0.0,True,True,True,False,0.0,996.4633913209713,0.0,0.0,0.0,0.0,996.4633913209713
2026-07-28T23:15:00Z,2026-07-28T23:30:00Z,2026-07-29,2026-07-29_6,0.0,0,0,100,64.34782608745823,64.34782608745823,0.0,0.0,0.0,True,True,True,False,0.0,996.4633913209713,0.0,0.0,0.0,0.0,996.4633913209713
2026-07-28T23:30:00Z,2026-07-28T23:45:00Z,2026-07-29,2026-07-29_7,0.0,0,0,100,64.34782608745823,64.34782608745823,0.0,0.0,0.0,True,True,True,False,0.0,996.4633913209713,0.0,0.0,0.0,0.0,996.4633913209713
2026-07-28T23:45:00Z,2026-07-29T00:00:00Z,2026-07-29,2026-07-29_8,0.0,0,0,100,64.34782608745823,64.34782608745823,0.0,0.0,0.0,True,True,True,False,0.0,996.4633913209713,0.0,0.0,0.0,0.0,996.4633913209713
2026-07-29T00:00:00Z,2026-07-29T00:15:00Z,2026-07-29,2026-07-29_9,0.0,0,0,100,64.34782608745823,64.34782608745823,0.0,0.0,0.0,True,True,True,False,0.0,996.4633913209713,0.0,0.0,0.0,0.0,996.4633913209713
2026-07-29T00:15:00Z,2026-07-29T00:30:00Z,2026-07-29,2026-07-29_10,0.0,0,0,100,64.34782608745823,64.34782608745823,0.0,0.0,0.0,True,True,True,False,0.0,996.4633913209713,0.0,0.0,0.0,0.0,996.4633913209713
2026-07-29T00:30:00Z,2026-07-29T00:45:00Z,2026-07-29,2026-07-29_11,0.0,0,0,100,64.34782608745823,64.34782608745823,0.0,0.0,0.0,True,True,True,False,0.0,996.4633913209713,0.0,0.0,0.0,0.0,996.4633913209713
2026-07-29T00:45:00Z,2026-07-29T01:00:00Z,2026-07-29,2026-07-29_12,0.0,0,0,100,64.34782608745823,64.34782608745823,0.0,0.0,0.0,True,True,True,False,0.0,996.4633913209713,0.0,0.0,0.0,0.0,996.4633913209713
2026-07-29T01:00:00Z,2026-07-29T01:15:00Z,2026-07-29,2026-07-29_13,0.0,0,0,100,64.34782608745823,64.34782608745823,0.0,0.0,0.0,True,True,True,False,0.0,996.4633913209713,0.0,0.0,0.0,0.0,996.4633913209713
2026-07-29T01:15:00Z,2026-07-29T01:30:00Z,2026-07-29,2026-07-29_14,0.0,0,0,100,64.34782608745823,64.34782608745823,0.0,0.0,0.0,True,True,True,False,0.0,996.4633913209713,0.0,0.0,0.0,0.0,996.4633913209713
2026-07-29T01:30:00Z,2026-07-29T01:45:00Z,2026-07-29,2026-07-29_15,0.0,0,0,100,64.34782608745823,64.34782608745823,0.0,0.0,0.0,True,True,True,False,0.0,996.4633913209713,0.0,0.0,0.0,0.0,996.4633913209713
2026-07-29T01:45:00Z,2026-07-29T02:00:00Z,2026-07-29,2026-07-29_16,0.0,0,0,100,64.34782608745823,64.34782608745823,0.0,0.0,0.0,True,True,True,False,0.0,996.4633913209713,0.0,0.0,0.0,0.0,996.4633913209713
2026-07-29T02:00:00Z,2026-07-29T02:15:00Z,2026-07-29,2026-07-29_17,0.0,0,0,100,64.34782608745823,64.34782608745823,0.0,0.0,0.0,True,True,True,False,0.0,996.4633913209713,0.0,0.0,0.0,0.0,996.4633913209713
2026-07-29T02:15:00Z,2026-07-29T02:30:00Z,2026-07-29,2026-07-29_18,0.0,0,0,100,64.34782608745823,64.34782608745823,0.0,0.0,0.0,True,True,True,False,0.0,996.4633913209713,0.0,0.0,0.0,0.0,996.4633913209713
2026-07-29T02:30:00Z,2026-07-29T02:45:00Z,2026-07-29,2026-07-29_19,0.0,0,0,100,64.34782608745823,64.34782608745823,0.0,0.0,0.0,True,True,True,False,0.0,996.4633913209713,0.0,0.0,0.0,0.0,996.4633913209713
2026-07-29T02:45:00Z,2026-07-29T03:00:00Z,2026-07-29,2026-07-29_20,0.0,0,0,100,64.34782608745823,64.34782608745823,0.0,0.0,0.0,True,True,True,False,0.0,996.4633913209713,0.0,0.0,0.0,0.0,996.4633913209713
2026-07-29T03:00:00Z,2026-07-29T03:15:00Z,2026-07-29,2026-07-29_21,0.0,0,0,100,64.34782608745823,64.34782608745823,0.0,0.0,0.0,True,True,True,False,0.0,996.4633913209713,0.0,0.0,0.0,0.0,996.4633913209713
2026-07-29T03:15:00Z,2026-07-29T03:30:00Z,2026-07-29,2026-07-29_22,0.0,0,0,100,64.34782608745823,64.34782608745823,0.0,0.0,0.0,True,True,True,False,0.0,996.4633913209713,0.0,0.0,0.0,0.0,996.4633913209713
2026-07-29T03:30:00Z,2026-07-29T03:45:00Z,2026-07-29,2026-07-29_23,0.0,0,0,100,64.34782608745823,64.34782608745823,0.0,0.0,0.0,True,True,True,False,0.0,996.4633913209713,0.0,0.0,0.0,0.0,996.4633913209713
2026-07-29T03:45:00Z,2026-07-29T04:00:00Z,2026-07-29,2026-07-29_24,0.0,0,0,100,64.34782608745823,64.34782608745823,0.0,0.0,0.0,True,True,True,False,0.0,996.4633913209713,0.0,0.0,0.0,0.0,996.4633913209713
2026-07-29T04:00:00Z,2026-07-29T04:15:00Z,2026-07-29,2026-07-29_25,0.0,0,0,100,64.34782608745823,64.34782608745823,0.0,0.0,0.0,True,True,True,False,0.0,996.4633913209713,0.0,0.0,0.0,0.0,996.4633913209713
2026-07-29T04:15:00Z,2026-07-29T04:30:00Z,2026-07-29,2026-07-29_26,0.0,0,0,100,64.34782608745823,64.34782608745823,0.0,0.0,0.0,True,True,True,False,0.0,996.4633913209713,0.0,0.0,0.0,0.0,996.4633913209713
2026-07-29T04:30:00Z,2026-07-29T04:45:00Z,2026-07-29,2026-07-29_27,0.0,0,0,100,64.34782608745823,64.34782608745823,0.0,0.0,0.0,True,True,True,False,0.0,996.4633913209713,0.0,0.0,0.0,0.0,996.4633913209713
2026-07-29T04:45:00Z,2026-07-29T05:00:00Z,2026-07-29,2026-07-29_28,0.0,0,0,100,64.34782608745823,64.34782608745823,0.0,0.0,0.0,True,True,True,False,0.0,996.4633913209713,0.0,0.0,0.0,0.0,996.4633913209713
2026-07-29T05:00:00Z,2026-07-29T05:15:00Z,2026-07-29,2026-07-29_29,0.0,0,0,100,64.34782608745823,64.34782608745823,0.0,0.0,0.0,True,False,True,False,0.0,996.4633913209713,0.0,0.0,0.0,0.0,996.4633913209713
2026-07-29T05:15:00Z,2026-07-29T05:30:00Z,2026-07-29,2026-07-29_30,0.0,0,0,100,64.34782608745823,64.34782608745823,0.0,0.0,0.0,True,False,True,False,0.0,996.4633913209713,0.0,0.0,0.0,0.0,996.4633913209713
2026-07-29T05:30:00Z,2026-07-29T05:45:00Z,2026-07-29,2026-07-29_31,0.0,0,0,100,64.34782608745823,64.34782608745823,0.0,0.0,0.0,True,False,True,False,0.0,996.4633913209713,0.0,0.0,0.0,0.0,996.4633913209713
2026-07-29T05:45:00Z,2026-07-29T06:00:00Z,2026-07-29,2026-07-29_32,0.0,0,0,100,64.34782608745823,64.34782608745823,0.0,0.0,0.0,True,False,True,False,0.0,996.4633913209713,0.0,0.0,0.0,0.0,996.4633913209713
2026-07-29T06:00:00Z,2026-07-29T06:15:00Z,2026-07-29,2026-07-29_33,100.0,0,100,0,64.34782608745823,61.40434782658867,0.008176328502415457,0.0,22.292,True,True,True,False,4197.25,0.0,0.0,45.02007264385394,0.0,280.1394004970369,4522.40947314089
2026-07-29T06:15:00Z,2026-07-29T06:30:00Z,2026-07-29,2026-07-29_34,100.0,0,100,0,61.40434782658867,40.78136646012904,0.05728605935127674,0.0,6.026857142857144,True,True,True,False,3843.2499999999995,0.0,0.0,45.02007264385394,0.0,-153.28218335745694,3734.9878892863967
2026-07-29T06:30:00Z,2026-07-29T06:45:00Z,2026-07-29,2026-07-29_35,100.0,0,100,0,40.78136646012904,20.073913043979978,0.057520703933747405,0.0,5.949142857142857,True,True,True,False,3645.5,0.0,0.0,45.02007264385394,0.0,-50.55122363929322,3639.9688490045605
2026-07-29T06:45:00Z,2026-07-29T07:00:00Z,2026-07-29,2026-07-29_36,-3.089316242435218e-14,0,100,0,20.073913043979978,34.37544447255141,0.03972647619047621,0.0,15.545142857142856,True,True,True,False,-5.166881415472903e-13,0.0,0.0,45.02007264385394,0.0,619.7255001775131,664.7455728213665
2026-07-29T07:00:00Z,2026-07-29T07:15:00Z,2026-07-29,2026-07-29_37,100.0,0,100,0,34.37544447255141,16.509605963234637,0.04962732919254658,0.0,8.563428571428572,True,True,True,False,3603.25,0.0,0.0,69.02121965207418,0.0,282.44089685118934,3954.7121165032636
2026-07-29T07:15:00Z,2026-07-29T07:30:00Z,2026-07-29,2026-07-29_38,3.269798644867939,0,100,0,16.509605963234637,20.669849968203557,0.015415340422719675,0.0,5.4554285714285715,True,True,True,False,81.07465739950055,0.0,0.0,69.02121965207418,0.0,100.62767960237049,250.72355665394522
2026-07-29T07:30:00Z,2026-07-29T07:45:00Z,2026-07-29,2026-07-29_39,-7.723290606088045e-15,0,100,0,20.669849968203557,35.77572425391784,0.04196076190476192,0.0,16.419428571428575,True,True,True,False,-1.7136051032257851e-13,0.0,0.0,69.02121965207418,0.0,891.8188616216513,960.8400812737253
2026-07-29T07:45:00Z,2026-07-29T08:00:00Z,2026-07-29,2026-07-29_40,0.0,0,100,0,35.77572425391784,47.62795282534641,0.03292285714285714,0.0,12.882857142857143,True,True,True,False,0.0,0.0,0.0,69.02121965207418,0.0,651.1962891553104,720.2175088073845
2026-07-29T08:00:00Z,2026-07-29T08:15:00Z,2026-07-29,2026-07-29_41,0.0,31,31,69,47.62795282534641,47.93602489491163,0.005321766790890269,0.7395714285714285,1.2086457142857143,True,True,True,False,0.0,687.5597400114701,26.107914356719554,22.12550181609635,102.42109954392768,40.720801384056585,878.9350571122703
2026-07-29T08:15:00Z,2026-07-29T08:30:00Z,2026-07-29,2026-07-29_42,0.0,31,31,69,47.93602489491163,49.72578082037747,0.005042144651483783,0.011691428571428571,1.9592000000000003,True,True,True,False,0.0,687.5597400114701,26.107914356719554,22.12550181609635,1.5622841849414209,1.7674373542343724,739.1228777234618
2026-07-29T08:30:00Z,2026-07-29T08:45:00Z,2026-07-29,2026-07-29_43,0.0,31,31,69,49.72578082037747,52.71826219180605,0.008312448253968253,0.0,3.2526971428571425,True,True,True,False,0.0,687.5597400114701,26.107914356719554,22.12550181609635,0.0,42.5132677608761,778.3064239451621
2026-07-29T08:45:00Z,2026-07-29T09:00:00Z,2026-07-29,2026-07-29_44,0.0,31,31,69,52.71826219180605,54.565217391806044,0.00513043111111111,0.0,2.00756,True,True,True,False,0.0,687.5597400114701,26.107914356719554,22.12550181609635,0.0,-29.506641758745936,706.2865144255401
2026-07-29T09:00:00Z,2026-07-29T09:15:00Z,2026-07-29,2026-07-29_45,0.0,18,0,82,54.565217391806044,54.565217391806044,0.0,0.0,0.0,True,True,True,False,0.0,817.0999808831964,15.35557254826993,0.0,0.0,0.0,832.4555534314663
2026-07-29T09:15:00Z,2026-07-29T09:30:00Z,2026-07-29,2026-07-29_46,0.0,18,0,82,54.565217391806044,54.565217391806044,0.0,0.0,0.0,True,True,True,False,0.0,817.0999808831964,15.35557254826993,0.0,0.0,0.0,832.4555534314663
2026-07-29T09:30:00Z,2026-07-29T09:45:00Z,2026-07-29,2026-07-29_47,-18.0,18,0,82,54.565217391806044,58.705217391806045,0.0115,0.0,0.0,True,True,True,False,-57.06,817.0999808831964,15.35557254826993,0.0,0.0,0.0,775.3955534314663
2026-07-29T09:45:00Z,2026-07-29T10:00:00Z,2026-07-29,2026-07-29_48,-18.0,18,0,82,58.705217391806045,62.79080596323462,0.011348857142857141,0.059142857142857136,0.0,True,True,True,False,-37.935,817.0999808831964,15.35557254826993,0.0,0.9044979108064559,0.0,795.4250513422728
2026-07-29T10:00:00Z,2026-07-29T10:15:00Z,2026-07-29,2026-07-29_49,-22.0,22,0,78,62.79080596323462,67.80211430609177,0.013920300952380952,0.052925714285714284,0.0,True,True,True,False,-71.5,777.2414452303575,18.774230548652266,0.0,0.8094163912936614,0.0,725.3250921703034
2026-07-29T10:15:00Z,2026-07-29T10:30:00Z,2026-07-29,2026-07-29_50,-22.0,22,0,78,67.80211430609177,72.71176002037748,0.013637904761904763,0.16342857142857142,0.0,True,True,True,False,-70.17999999999999,777.2414452303575,18.774230548652266,0.0,19.275979790807547,0.0,745.1116555698173
2026-07-29T10:30:00Z,2026-07-29T10:45:00Z,2026-07-29,2026-07-29_51,-22.0,22,0,78,72.71176002037748,77.01732847752035,0.01195991238095238,0.8200342857142856,0.0,True,True,True,False,-59.29,777.2414452303575,18.774230548652266,0.0,134.8182767960237,0.0,871.5439525750335
2026-07-29T10:45:00Z,2026-07-29T11:00:00Z,2026-07-29,2026-07-29_52,-22.0,22,0,78,77.01732847752035,80.1616992203775,0.008734363174603176,2.082205714285714,0.0,True,True,True,False,-56.155,777.2414452303575,18.774230548652266,0.0,303.85395924734416,0.0,1043.714635026354
2026-07-29T11:00:00Z,2026-07-29T11:15:00Z,2026-07-29,2026-07-29_53,0.0,100,100,0,80.1616992203775,88.57807189118496,0.023789440993788817,0.06799999999999999,9.228571428571428,True,True,True,False,0.0,0.0,85.33741158478303,95.97591282737527,6.906881284649206,171.44395772455414,359.66416342136165
2026-07-29T11:15:00Z,2026-07-29T11:30:00Z,2026-07-29,2026-07-29_54,0.0,100,100,0,88.57807189118496,110.62810617689925,0.06125009523809524,0.0,23.96742857142857,True,True,True,False,0.0,0.0,85.33741158478303,95.97591282737527,0.0,14491.694235355162,14673.00755976732
2026-07-29T11:30:00Z,2026-07-29T11:45:00Z,2026-07-29,2026-07-29_55,0.0,100,100,0,110.62810617689925,128.63066617689924,0.050007111111111106,0.0,19.567999999999998,True,True,True,False,0.0,0.0,85.33741158478303,95.97591282737527,0.0,711.6302901930796,892.9436146052379
2026-07-29T11:45:00Z,2026-07-29T12:00:00Z,2026-07-29,2026-07-29_56,0.0,100,100,0,128.63066617689924,139.80945474832782,0.03105219047619048,0.0,12.150857142857143,True,True,True,False,0.0,0.0,85.33741158478303,95.97591282737527,0.0,-93.68773105388208,87.62559335827622
2026-07-29T12:00:00Z,2026-07-29T12:15:00Z,2026-07-29,2026-07-29_57,-9.0,0,0,91,139.80945474832782,141.87945474832782,0.005750000000000001,0.0,0.0,True,False,True,False,-34.425000000000004,906.7816861020839,0.0,0.0,0.0,0.0,872.3566861020839
2026-07-29T12:15:00Z,2026-07-29T12:30:00Z,2026-07-29,2026-07-29_58,-9.0,0,0,91,141.87945474832782,143.9494547483278,0.005750000000000001,0.0,0.0,True,False,True,False,-45.449999999999996,906.7816861020839,0.0,0.0,0.0,0.0,861.3316861020838
2026-07-29T12:30:00Z,2026-07-29T12:45:00Z,2026-07-29,2026-07-29_59,-9.0,0,0,91,143.9494547483278,146.0194547483278,0.005750000000000001,0.0,0.0,True,False,True,False,-44.4825,906.7816861020839,0.0,0.0,0.0,0.0,862.2991861020839
2026-07-29T12:45:00Z,2026-07-29T13:00:00Z,2026-07-29,2026-07-29_60,-8.481961983242094,0,0,91,146.0194547483278,147.97030600447349,0.005419031267071338,0.0,0.0,True,False,True,False,-61.62145380825381,906.7816861020839,0.0,0.0,0.0,0.0,845.1602322938301
2026-07-29T13:00:00Z,2026-07-29T13:15:00Z,2026-07-29,2026-07-29_61,0.0,69,84,16,147.97030600447349,156.08782326161634,0.022553420952380953,0.0007885714285714286,8.82432,True,True,True,False,0.0,159.43414261135538,57.992448862550184,59.92888549034601,0.09927919818663464,88.6497496310457,366.1045057934839
2026-07-29T13:15:00Z,2026-07-29T13:30:00Z,2026-07-29,2026-07-29_62,0.0,69,84,16,156.08782326161634,166.96708086161632,0.030220160000000003,0.0,11.82528,True,True,True,False,0.0,159.43414261135538,57.992448862550184,59.92888549034601,0.0,217.13212464155993,494.4876016058115
2026-07-29T13:30:00Z,2026-07-29T13:45:00Z,2026-07-29,2026-07-29_63,15.00000000000796,69,84,16,166.96708086161632,175.60679530633487,0.032207798923394385,0.0,13.38768,True,True,True,False,148.12500000007861,159.43414261135538,57.992448862550184,59.92888549034601,0.0,252.63839486140319,678.1188718257333
2026-07-29T13:45:00Z,2026-07-29T14:00:00Z,2026-07-29,2026-07-29_64,14.465808241534114,69,84,16,175.60679530633487,180.43778285763918,0.025653949547273874,0.0,9.235199999999999,True,True,True,False,212.32190046511698,159.43414261135538,57.992448862550184,59.92888549034601,0.0,114.41690720703498,604.0942846364036
2026-07-29T14:00:00Z,2026-07-29T14:15:00Z,2026-07-29,2026-07-29_65,-8.718663108236408e-14,0,100,0,180.43778285763918,190.00000000049633,0.026561714285714338,0.0,10.393714285714285,True,True,True,False,-1.094628153239081e-12,0.0,0.0,71.34391129803096,0.0,130.64567037168527,201.98958166971514
2026-07-29T14:15:00Z,2026-07-29T14:30:00Z,2026-07-29,2026-07-29_66,99.99999999999996,0,100,0,190.00000000049633,178.88633540422305,0.030871290545203597,0.0,14.77542857142857,True,True,True,False,2615.999999999999,0.0,0.0,71.34391129803096,0.0,264.81940464811424,2952.1633159461444
2026-07-29T14:30:00Z,2026-07-29T14:45:00Z,2026-07-29,2026-07-29_67,5.792467954566034e-14,0,100,0,178.88633540422305,185.94878111850875,0.01961790476190478,0.0,7.676571428571428,True,True,True,False,1.6062513638011613e-12,0.0,0.0,71.34391129803096,0.0,-41.20195362809624,30.141957669936325
2026-07-29T14:45:00Z,2026-07-29T15:00:00Z,2026-07-29,2026-07-29_68,100.0,0,100,0,185.94878111850875,162.80095503155223,0.06429951690821255,0.0,3.704,True,True,True,False,3813.25,0.0,0.0,71.34391129803096,0.0,-170.44347925826804,3714.150432039763
2026-07-29T15:00:00Z,2026-07-29T15:15:00Z,2026-07-29,2026-07-29_69,-4.0,49,45,51,162.80095503155223,165.63600074583795,0.007875126984126984,0.0,2.0815714285714284,True,True,True,False,-103.12,508.1963295736953,52.36752055056395,22.336551328617855,0.0,-59.77384963268426,420.00655182019284
2026-07-29T15:15:00Z,2026-07-29T15:30:00Z,2026-07-29,2026-07-29_70,-0.3489279881749304,49,45,51,165.63600074583795,166.4637504004963,0.0026602425011229116,0.0602,0.8835428571428572,True,True,True,False,-10.63532507957188,508.1963295736953,52.36752055056395,22.336551328617855,8.044312750908048,-42.69331108501516,537.6160780391981
2026-07-29T15:30:00Z,2026-07-29T15:45:00Z,2026-07-29,2026-07-29_71,-4.0,49,45,51,166.4637504004963,166.3589386439746,0.005365688530020703,1.02004,0.07611428571428572,True,True,True,False,-162.13,508.1963295736953,52.36752055056395,22.336551328617855,197.0498491072453,-4.6832329901411915,613.1370175699813
2026-07-29T15:45:00Z,2026-07-29T16:00:00Z,2026-07-29,2026-07-29_72,-3.409973585252516,49,45,51,166.3589386439746,161.94212472099332,0.01490574863658914,4.836720000000001,0.0,True,True,True,False,-153.04813944009607,508.1963295736953,52.36752055056395,22.336551328617855,1088.6013378398013,0.0,1518.4535998525823
2026-07-29T16:00:00Z,2026-07-29T16:15:00Z,2026-07-29,2026-07-29_73,-100.0,100,0,0,161.94212472099332,182.8403190067076,0.058050539682539676,2.2845714285714287,0.0,True,True,True,False,-3717.4999999999995,0.0,106.49971324794495,0.0,568.599737389737,0.0,-3042.4005493623176
2026-07-29T16:15:00Z,2026-07-29T16:30:00Z,2026-07-29,2026-07-29_74,0.0,100,0,0,182.8403190067076,175.68690285763927,0.01987060041407867,6.581142857142856,0.0,True,True,True,False,0.0,0.0,106.49971324794495,0.0,1855.6457621323427,0.0,1962.1454753802877
2026-07-29T16:30:00Z,2026-07-29T16:45:00Z,2026-07-29,2026-07-29_75,-100.0,100,0,0,175.68690285763927,190.0000000004964,0.039758603174603176,9.442285714285713,0.0,True,True,True,False,-4377.75,0.0,106.49971324794495,0.0,2385.6491719146843,0.0,-1885.6011148373707
2026-07-29T16:45:00Z,2026-07-29T17:00:00Z,2026-07-29,2026-07-29_76,-78.6313837847095,100,0,0,190.0000000004964,190.0000000004964,0.02441906360254574,18.924,0.0,True,True,True,False,-4070.9433169938725,0.0,106.49971324794495,0.0,5766.3320038233605,0.0,1801.888400077433
2026-07-29T17:00:00Z,2026-07-29T17:15:00Z,2026-07-29,2026-07-29_77,0.0,0,100,0,190.0000000004964,190.0000000004964,0.0,0.0,0.0,True,True,True,False,0.0,0.0,0.0,49.694131141273175,0.0,0.0,49.694131141273175
2026-07-29T17:15:00Z,2026-07-29T17:30:00Z,2026-07-29,2026-07-29_78,0.6838418285715908,0,100,0,190.0000000004964,189.81417341664545,0.0005161849551415993,0.0,0.0,True,True,True,False,37.37708474515173,0.0,0.0,49.694131141273175,0.0,0.0,87.07121588642491
2026-07-29T17:30:00Z,2026-07-29T17:45:00Z,2026-07-29,2026-07-29_79,100.0,0,100,0,189.81417341664545,162.6402603731672,0.07548309178743962,0.0,0.0,True,True,True,False,6818.000000000001,0.0,0.0,49.694131141273175,0.0,0.0,6867.694131141274
2026-07-29T17:45:00Z,2026-07-29T18:00:00Z,2026-07-29,2026-07-29_80,100.0,0,100,0,162.6402603731672,135.46634732968894,0.0754830917874396,0.0,0.0,True,True,True,False,9672.0,0.0,0.0,49.694131141273175,0.0,0.0,9721.694131141274
2026-07-29T18:00:00Z,2026-07-29T18:15:00Z,2026-07-29,2026-07-29_81,87.99999999999997,0,88,12,135.46634732968894,111.55330385142807,0.06642512077294682,0.0,0.0,True,True,True,False,5608.6799999999985,119.57560695851654,0.0,43.730835404320395,0.0,0.0,5771.986442362835
2026-07-29T18:15:00Z,2026-07-29T18:30:00Z,2026-07-29,2026-07-29_82,87.99999999999997,0,88,12,111.55330385142807,87.64026037316721,0.06642512077294684,0.0,0.0,True,True,True,False,5962.2199999999975,119.57560695851654,0.0,43.730835404320395,0.0,0.0,6125.526442362834
2026-07-29T18:30:00Z,2026-07-29T18:45:00Z,2026-07-29,2026-07-29_83,87.99999999999997,0,88,12,87.64026037316721,63.72721689490634,0.06642512077294684,0.0,0.0,True,True,True,False,6154.059999999999,119.57560695851654,0.0,43.730835404320395,0.0,0.0,6317.366442362835
2026-07-29T18:45:00Z,2026-07-29T19:00:00Z,2026-07-29,2026-07-29_84,87.99999999999997,0,88,12,63.72721689490634,39.81417341664548,0.06642512077294682,0.0,0.0,True,True,True,False,5843.419999999998,119.57560695851654,0.0,43.730835404320395,0.0,0.0,6006.726442362835
2026-07-29T19:00:00Z,2026-07-29T19:15:00Z,2026-07-29,2026-07-29_85,0.0,100,100,0,39.81417341664548,18.582496398011944,0.05897688060731538,19.533142857142856,0.0,True,True,True,False,0.0,0.0,51.9594723762187,49.694131141273175,14281.281561569762,0.0,14382.935165087254
2026-07-29T19:15:00Z,2026-07-29T19:30:00Z,2026-07-29,2026-07-29_86,0.0,100,100,0,18.582496398011944,12.221106087452938,0.018675227053140096,6.018857142857143,0.19657142857142854,True,True,True,False,0.0,0.0,51.9594723762187,49.694131141273175,1734.0084649206651,-15.407051369582431,1820.2550170685745
2026-07-29T19:30:00Z,2026-07-29T19:45:00Z,2026-07-29,2026-07-29_87,0.0,100,100,0,12.221106087452938,10.000000000496415,0.006397548654244306,2.081142857142857,0.044571428571428574,True,True,True,False,0.0,0.0,51.9594723762187,49.694131141273175,474.498980036595,-3.4934593221727614,572.6591242319141
2026-07-29T19:45:00Z,2026-07-29T20:00:00Z,2026-07-29,2026-07-29_88,0.0,100,100,0,10.000000000496415,12.867302360744862,0.008133810904071774,0.028000000000000004,3.1497142857142855,True,True,True,False,0.0,0.0,51.9594723762187,49.694131141273175,4.369557637163067,-159.3492902203894,-53.32612906573446
2026-07-29T20:00:00Z,2026-07-29T20:15:00Z,2026-07-29,2026-07-29_89,29.44605854130081,15,100,0,12.867302360744862,10.000000000496417,0.02706876509473813,0.0,5.297714285714286,True,True,True,False,1523.7599143659638,0.0,16.03087363792774,49.694131141273175,0.0,-310.0099654258951,1279.4749537192697
2026-07-29T20:15:00Z,2026-07-29T20:30:00Z,2026-07-29,2026-07-29_90,3.7454885102417355,15,100,0,10.000000000496417,16.838420373167214,0.022731665851123437,0.0,8.481714285714286,True,True,True,False,185.68259289523405,0.0,16.03087363792774,49.694131141273175,0.0,-428.0744386487151,-176.66684097428015
2026-07-29T20:30:00Z,2026-07-29T20:45:00Z,2026-07-29,2026-07-29_91,85.00000000000001,15,100,0,16.838420373167214,10.000000000496405,0.030734374051069692,0.0,15.311428571428573,True,True,True,False,4045.7875000000004,0.0,16.03087363792774,49.694131141273175,0.0,-733.3972318868286,3378.1152728923726
2026-07-29T20:45:00Z,2026-07-29T21:00:00Z,2026-07-29,2026-07-29_92,85.0,15,100,0,10.000000000496405,10.044596571924975,0.01658419682539683,0.0,21.793142857142854,True,True,True,False,3740.425,0.0,16.03087363792774,49.694131141273175,0.0,-1043.30869814567,2762.841306633531
2026-07-29T21:00:00Z,2026-07-29T21:15:00Z,2026-07-30,2026-07-29_93,1.0000000000000102,99,100,0,10.044596571924975,14.590292591800749,0.013820963754313324,0.0,5.226857142857143,True,True,True,False,44.89250000000046,0.0,104.1602499187955,45.9139805491335,0.0,-291.38053264693923,-96.41380217900976
2026-07-29T21:15:00Z,2026-07-29T21:30:00Z,2026-07-30,2026-07-29_94,0.02902887845767331,99,100,0,14.590292591800749,18.62273142857137,0.011237344819241239,0.0,4.3914285714285715,True,True,True,False,1.2624659241242122,0.0,104.1602499187955,45.9139805491335,0.0,-232.95791450462525,-81.62121811257204
2026-07-29T21:30:00Z,2026-07-29T21:45:00Z,2026-07-30,2026-07-29_95,1.0000000000000488,99,100,0,18.62273142857137,26.290517267080673,0.0222888806073154,0.0,8.614285714285714,True,True,True,False,42.59500000000208,0.0,104.1602499187955,45.9139805491335,0.0,-421.1679118023578,-228.49868133442675
2026-07-29T21:45:00Z,2026-07-29T22:00:00Z,2026-07-30,2026-07-29_96,0.0,99,100,0,26.290517267080673,32.2826086956521,0.016644698412698413,0.0,6.513142857142857,True,True,True,False,0.0,0.0,104.1602499187955,45.9139805491335,0.0,-326.4374207812556,-176.36319031332658
2026-07-29T22:00:00Z,2026-07-29T22:15:00Z,2026-07-30,2026-07-30_1,0.0,59,59,41,32.2826086956521,33.44575155279496,0.0032309523809523812,0.0,1.2642857142857142,True,True,True,False,0.0,408.33922464031184,62.07530045665591,27.089248523988765,0.0,-73.9738917291509,423.5298818918056
2026-07-29T22:15:00Z,2026-07-29T22:30:00Z,2026-07-30,2026-07-30_2,2.220446049250313e-14,59,59,41,33.44575155279496,34.060518360248366,0.001842054106280209,0.02225142857142857,0.6945142857142858,True,True,True,False,8.43769498715119e-13,408.33922464031184,62.07530045665591,27.089248523988765,3.6911343332632747,-42.21930805575951,458.9755998984611
2026-07-29T22:30:00Z,2026-07-29T22:45:00Z,2026-07-30,2026-07-30_3,0.0,59,59,41,34.060518360248366,35.43861001739123,0.0038280323809523806,0.0,1.497925714285714,True,True,True,False,0.0,408.33922464031184,62.07530045665591,27.089248523988765,0.0,-84.70577153338665,412.79800208756984
2026-07-29T22:45:00Z,2026-07-29T23:00:00Z,2026-07-30,2026-07-30_4,0.0,59,59,41,35.43861001739123,38.87872133167694,0.009555864761904762,0.0,3.7392514285714284,True,True,True,False,0.0,408.33922464031184,62.07530045665591,27.089248523988765,0.0,-184.24049183997118,313.2632817809853
2026-07-29T23:00:00Z,2026-07-29T23:15:00Z,2026-07-30,2026-07-30_5,0.0,70,70,30,38.87872133167694,40.780177331676946,0.005281822222222222,0.0,2.0667999999999997,True,True,True,False,0.0,298.78479851730134,73.6486615587443,32.13978638439345,0.0,-117.82343558094655,286.74981087949254
2026-07-29T23:15:00Z,2026-07-29T23:30:00Z,2026-07-30,2026-07-30_6,2.2821385893657764e-14,70,70,30,40.780177331676946,43.22516933167694,0.0067916444444444555,0.0,2.6576,True,True,True,False,8.094745576480408e-13,298.78479851730134,73.6486615587443,32.13978638439345,0.0,-143.76287123832088,260.81037522211903
2026-07-29T23:30:00Z,2026-07-29T23:45:00Z,2026-07-30,2026-07-30_7,2.2821385893657764e-14,70,70,30,43.22516933167694,54.004625331676934,0.02994293333333333,0.0,11.7168,True,True,True,False,8.307554999938768e-13,298.78479851730134,73.6486615587443,32.13978638439345,0.0,-560.6812407283567,-156.10799426791675
2026-07-29T23:45:00Z,2026-07-30T00:00:00Z,2026-07-30,2026-07-30_8,0.0,70,70,30,54.004625331676934,64.62326533167693,0.029496222222222226,0.0,11.542,True,True,True,False,0.0,298.78479851730134,73.6486615587443,32.13978638439345,0.0,-551.0066159695818,-146.43336950914275
2026-07-30T00:00:00Z,2026-07-30T00:15:00Z,2026-07-30,2026-07-30_9,0.0,0,0,100,64.62326533167693,64.62326533167693,0.0,0.0,0.0,True,True,True,False,0.0,995.9493283910045,0.0,0.0,0.0,0.0,995.9493283910045
2026-07-30T00:15:00Z,2026-07-30T00:30:00Z,2026-07-30,2026-07-30_10,0.0,0,0,100,64.62326533167693,64.62326533167693,0.0,0.0,0.0,True,True,True,False,0.0,995.9493283910045,0.0,0.0,0.0,0.0,995.9493283910045
2026-07-30T00:30:00Z,2026-07-30T00:45:00Z,2026-07-30,2026-07-30_11,0.0,0,0,100,64.62326533167693,64.62326533167693,0.0,0.0,0.0,True,True,True,False,0.0,995.9493283910045,0.0,0.0,0.0,0.0,995.9493283910045
2026-07-30T00:45:00Z,2026-07-30T01:00:00Z,2026-07-30,2026-07-30_12,0.0,0,0,100,64.62326533167693,64.62326533167693,0.0,0.0,0.0,True,True,True,False,0.0,995.9493283910045,0.0,0.0,0.0,0.0,995.9493283910045
2026-07-30T01:00:00Z,2026-07-30T01:15:00Z,2026-07-30,2026-07-30_13,0.0,0,0,100,64.62326533167693,64.62326533167693,0.0,0.0,0.0,True,True,True,False,0.0,995.9493283910045,0.0,0.0,0.0,0.0,995.9493283910045
2026-07-30T01:15:00Z,2026-07-30T01:30:00Z,2026-07-30,2026-07-30_14,0.0,0,0,100,64.62326533167693,64.62326533167693,0.0,0.0,0.0,True,True,True,False,0.0,995.9493283910045,0.0,0.0,0.0,0.0,995.9493283910045
2026-07-30T01:30:00Z,2026-07-30T01:45:00Z,2026-07-30,2026-07-30_15,0.0,0,0,100,64.62326533167693,64.62326533167693,0.0,0.0,0.0,True,True,True,False,0.0,995.9493283910045,0.0,0.0,0.0,0.0,995.9493283910045
2026-07-30T01:45:00Z,2026-07-30T02:00:00Z,2026-07-30,2026-07-30_16,0.0,0,0,100,64.62326533167693,64.62326533167693,0.0,0.0,0.0,True,True,True,False,0.0,995.9493283910045,0.0,0.0,0.0,0.0,995.9493283910045
2026-07-30T02:00:00Z,2026-07-30T02:15:00Z,2026-07-30,2026-07-30_17,0.0,0,0,100,64.62326533167693,64.62326533167693,0.0,0.0,0.0,True,True,True,False,0.0,995.9493283910045,0.0,0.0,0.0,0.0,995.9493283910045
2026-07-30T02:15:00Z,2026-07-30T02:30:00Z,2026-07-30,2026-07-30_18,0.0,0,0,100,64.62326533167693,64.62326533167693,0.0,0.0,0.0,True,True,True,False,0.0,995.9493283910045,0.0,0.0,0.0,0.0,995.9493283910045
2026-07-30T02:30:00Z,2026-07-30T02:45:00Z,2026-07-30,2026-07-30_19,0.0,0,0,100,64.62326533167693,64.62326533167693,0.0,0.0,0.0,True,True,True,False,0.0,995.9493283910045,0.0,0.0,0.0,0.0,995.9493283910045
2026-07-30T02:45:00Z,2026-07-30T03:00:00Z,2026-07-30,2026-07-30_20,0.0,0,0,100,64.62326533167693,64.62326533167693,0.0,0.0,0.0,True,True,True,False,0.0,995.9493283910045,0.0,0.0,0.0,0.0,995.9493283910045
2026-07-30T03:00:00Z,2026-07-30T03:15:00Z,2026-07-30,2026-07-30_21,0.0,0,0,100,64.62326533167693,64.62326533167693,0.0,0.0,0.0,True,True,True,False,0.0,995.9493283910045,0.0,0.0,0.0,0.0,995.9493283910045
2026-07-30T03:15:00Z,2026-07-30T03:30:00Z,2026-07-30,2026-07-30_22,0.0,0,0,100,64.62326533167693,64.62326533167693,0.0,0.0,0.0,True,True,True,False,0.0,995.9493283910045,0.0,0.0,0.0,0.0,995.9493283910045
2026-07-30T03:30:00Z,2026-07-30T03:45:00Z,2026-07-30,2026-07-30_23,0.0,0,0,100,64.62326533167693,64.62326533167693,0.0,0.0,0.0,True,True,True,False,0.0,995.9493283910045,0.0,0.0,0.0,0.0,995.9493283910045
2026-07-30T03:45:00Z,2026-07-30T04:00:00Z,2026-07-30,2026-07-30_24,0.0,0,0,100,64.62326533167693,64.62326533167693,0.0,0.0,0.0,True,True,True,False,0.0,995.9493283910045,0.0,0.0,0.0,0.0,995.9493283910045
2026-07-30T04:00:00Z,2026-07-30T04:15:00Z,2026-07-30,2026-07-30_25,0.0,0,0,100,64.62326533167693,64.62326533167693,0.0,0.0,0.0,True,True,True,False,0.0,995.9493283910045,0.0,0.0,0.0,0.0,995.9493283910045
2026-07-30T04:15:00Z,2026-07-30T04:30:00Z,2026-07-30,2026-07-30_26,0.0,0,0,100,64.62326533167693,64.62326533167693,0.0,0.0,0.0,True,True,True,False,0.0,995.9493283910045,0.0,0.0,0.0,0.0,995.9493283910045
2026-07-30T04:30:00Z,2026-07-30T04:45:00Z,2026-07-30,2026-07-30_27,0.0,0,0,100,64.62326533167693,64.62326533167693,0.0,0.0,0.0,True,True,True,False,0.0,995.9493283910045,0.0,0.0,0.0,0.0,995.9493283910045
2026-07-30T04:45:00Z,2026-07-30T05:00:00Z,2026-07-30,2026-07-30_28,0.0,0,0,100,64.62326533167693,64.62326533167693,0.0,0.0,0.0,True,True,True,False,0.0,995.9493283910045,0.0,0.0,0.0,0.0,995.9493283910045
2026-07-30T05:00:00Z,2026-07-30T05:15:00Z,2026-07-30,2026-07-30_29,100.0,0,100,0,64.62326533167693,41.28040818881979,0.06484126984126982,0.0,3.524571428571429,True,True,True,False,4269.0,0.0,0.0,45.827999312150105,0.0,-196.8526041396554,4117.975395172495
2026-07-30T05:15:00Z,2026-07-30T05:30:00Z,2026-07-30,2026-07-30_30,100.0,0,100,0,41.28040818881979,26.241277754037185,0.041775362318840575,0.0,11.164,True,True,True,False,3852.5,0.0,0.0,45.827999312150105,0.0,-273.37156275674954,3624.9564365554006
2026-07-30T05:30:00Z,2026-07-30T05:45:00Z,2026-07-30,2026-07-30_31,0.0,0,100,0,26.241277754037185,33.1859634683229,0.019290793650793656,0.0,7.54857142857143,True,True,True,False,0.0,0.0,0.0,45.827999312150105,0.0,-313.34568988342045,-267.51769057127035
2026-07-30T05:45:00Z,2026-07-30T06:00:00Z,2026-07-30,2026-07-30_32,0.0,0,100,0,33.1859634683229,42.10891203975147,0.024785968253968255,0.0,9.698857142857143,True,True,True,False,0.0,0.0,0.0,45.827999312150105,0.0,-1.4454608730780467,44.38253843907206
2026-07-30T06:00:00Z,2026-07-30T06:15:00Z,2026-07-30,2026-07-30_33,93.0,7,99,0,42.10891203975147,26.687655691925386,0.04567042318840579,0.0,9.1476,True,True,True,False,3872.52,0.0,7.445115310392266,41.425759978600226,0.0,-44.805534516689924,3876.5853407723025
2026-07-30T06:15:00Z,2026-07-30T06:30:00Z,2026-07-30,2026-07-30_34,92.90532176099153,7,99,0,26.687655691925386,9.999999999999943,0.04885572352586919,0.0,7.9488514285714285,True,True,True,False,3473.729980643473,0.0,7.445115310392266,41.425759978600226,0.0,-4.194876979137949,3518.4059789533276
2026-07-30T06:30:00Z,2026-07-30T06:45:00Z,2026-07-30,2026-07-30_35,-1.0,7,99,0,9.999999999999943,14.326458047204913,0.012056241297446518,0.0074,4.4612228571428565,True,True,True,False,-14.9775,0.0,7.445115310392266,41.425759978600226,0.98832565871181,-26.143207487737435,8.738493459966868
2026-07-30T06:45:00Z,2026-07-30T07:00:00Z,2026-07-30,2026-07-30_36,-1.0,7,99,0,14.326458047204913,14.923402524223546,0.0026387174051069706,0.18944,0.6177600000000001,True,True,True,False,-9.2225,0.0,7.445115310392266,41.425759978600226,31.774210122857635,-2.4036655979517363,69.01891981389839
2026-07-30T07:00:00Z,2026-07-30T07:15:00Z,2026-07-30,2026-07-30_37,-91.0,25,0,9,14.923402524223546,35.85340252422355,0.058138888888888886,0.0,0.0,True,True,True,False,-1169.35,89.6354395551904,21.22303532873493,0.0,0.0,0.0,-1058.4915251160746
2026-07-30T07:15:00Z,2026-07-30T07:30:00Z,2026-07-30,2026-07-30_38,-90.7875766027545,25,0,9,35.85340252422355,56.7129908571428,0.057943300924775704,0.02342857142857143,0.0,True,True,True,False,-1591.5062178462865,89.6354395551904,21.22303532873493,0.0,2.9280857301171808,0.0,-1477.7196572322441
2026-07-30T07:30:00Z,2026-07-30T07:45:00Z,2026-07-30,2026-07-30_39,66.0,25,0,9,56.7129908571428,38.77820824844715,0.049818840579710144,0.0,0.0,True,True,True,False,1646.0400000000002,89.6354395551904,21.22303532873493,0.0,0.0,0.0,1756.8984748839255
2026-07-30T07:45:00Z,2026-07-30T08:00:00Z,2026-07-30,2026-07-30_40,-91.0,25,0,9,38.77820824844715,59.70820824844715,0.05813888888888889,0.0,0.0,True,True,True,False,-385.84000000000003,89.6354395551904,21.22303532873493,0.0,0.0,0.0,-274.9815251160747
2026-07-30T08:00:00Z,2026-07-30T08:15:00Z,2026-07-30,2026-07-30_41,0.0,9,9,91,59.70820824844715,60.453124362732865,0.002069211428571429,0.0,0.8096914285714286,True,True,True,False,0.0,906.3138888358142,7.289489271452319,4.926724879148595,0.0,3.9054302735841078,922.4355332599991
2026-07-30T08:15:00Z,2026-07-30T08:30:00Z,2026-07-30,2026-07-30_42,0.0,9,9,91,60.453124362732865,60.74519983105585,0.000812873540372671,0.00025714285714285715,0.31777714285714287,True,True,True,False,0.0,906.3138888358142,7.289489271452319,4.926724879148595,0.02947928125145008,-12.293410080276452,906.2661721873901
2026-07-30T08:30:00Z,2026-07-30T08:45:00Z,2026-07-30,2026-07-30_43,0.0,9,9,91,60.74519983105585,59.984615980124175,0.002112732919254658,0.6997371428571428,0.0,True,True,True,False,0.0,906.3138888358142,7.289489271452319,4.926724879148595,105.11365605867469,0.0,1023.6437590450897
2026-07-30T08:45:00Z,2026-07-30T09:00:00Z,2026-07-30,2026-07-30_44,0.0,9,9,91,59.984615980124175,59.45652173913039,0.0019392827329192547,0.5640685714285714,0.09241714285714286,True,True,True,False,0.0,906.3138888358142,7.289489271452319,4.926724879148595,92.2031226856717,-0.4296389748852901,1010.3035866972015
2026-07-30T09:00:00Z,2026-07-30T09:15:00Z,2026-07-30,2026-07-30_45,0.0,9,0,91,59.45652173913039,59.45652173913039,0.0,0.0,0.0,True,True,True,False,0.0,906.3138888358142,7.369451821846876,0.0,0.0,0.0,913.683340657661
2026-07-30T09:15:00Z,2026-07-30T09:30:00Z,2026-07-30,2026-07-30_46,-9.0,9,0,91,59.45652173913039,61.52652173913039,0.00575,0.0,0.0,True,True,True,False,-80.73,906.3138888358142,7.369451821846876,0.0,0.0,0.0,832.953340657661
2026-07-30T09:30:00Z,2026-07-30T09:45:00Z,2026-07-30,2026-07-30_47,-9.0,9,0,91,61.52652173913039,63.58871488198753,0.005728314285714286,0.008485714285714286,0.0,True,True,True,False,-46.50750000000001,906.3138888358142,7.369451821846876,0.0,1.0603697466146595,0.0,868.2362104042757
2026-07-30T09:45:00Z,2026-07-30T10:00:00Z,2026-07-30,2026-07-30_48,-9.0,9,0,91,63.58871488198753,65.64135053913039,0.005701765714285716,0.018874285714285715,0.0,True,True,True,False,-28.3275,906.3138888358142,7.369451821846876,0.0,2.490646949030869,0.0,887.8464876066919
2026-07-30T10:00:00Z,2026-07-30T10:15:00Z,2026-07-30,2026-07-30_49,-75.00000000000006,75,0,25,65.64135053913039,82.66581911055897,0.047290190476190506,0.24514285714285713,0.0,True,True,True,False,-265.3125000000002,248.98733209775114,61.41209851539064,0.0,32.61097437213225,0.0,77.6979049852738
2026-07-30T10:15:00Z,2026-07-30T10:30:00Z,2026-07-30,2026-07-30_50,-75.0,75,0,25,82.66581911055897,99.91424196770183,0.047912285714285706,0.0017142857142857144,0.0,True,True,True,False,-206.0625,248.98733209775114,61.41209851539064,0.0,0.19652854167633388,0.0,104.5334591548181
2026-07-30T10:30:00Z,2026-07-30T10:45:00Z,2026-07-30,2026-07-30_51,-75.0,75,0,25,99.91424196770183,117.16424196770184,0.04791666666666668,0.0,0.0,True,True,True,False,-224.25000000000003,248.98733209775114,61.41209851539064,0.0,0.0,0.0,86.14943061314175
2026-07-30T10:45:00Z,2026-07-30T11:00:00Z,2026-07-30,2026-07-30_52,-75.00000000000006,75,0,25,117.16424196770184,134.3823048248447,0.04782795238095241,0.03471428571428572,0.0,True,True,True,False,-212.43750000000017,248.98733209775114,61.41209851539064,0.0,4.304712044742998,0.0,102.2666426578846
2026-07-30T11:00:00Z,2026-07-30T11:15:00Z,2026-07-30,2026-07-30_53,-9.0,9,0,91,134.3823048248447,136.4022936248447,0.00561108,0.05435999999999999,0.0,True,True,True,False,-34.379999999999995,906.3138888358142,7.369451821846876,0.0,6.740860194508664,0.0,886.0442008521698
2026-07-30T11:15:00Z,2026-07-30T11:30:00Z,2026-07-30,2026-07-30_54,-9.0,9,0,91,136.4022936248447,138.4660008248447,0.0057325200000000005,0.006840000000000001,0.0,True,True,True,False,-52.49249999999999,906.3138888358142,7.369451821846876,0.0,0.8481877065938056,0.0,862.0390283642548
2026-07-30T11:30:00Z,2026-07-30T11:45:00Z,2026-07-30,2026-07-30_55,-9.0,9,0,91,138.4660008248447,140.53600082484473,0.005750000000000001,0.0,0.0,True,True,True,False,-48.24,906.3138888358142,7.369451821846876,0.0,0.0,0.0,865.443340657661
2026-07-30T11:45:00Z,2026-07-30T12:00:00Z,2026-07-30,2026-07-30_56,-9.0,9,0,91,140.53600082484473,142.60600082484473,0.00575,0.0,0.0,True,True,True,False,-52.402499999999996,906.3138888358142,7.369451821846876,0.0,0.0,0.0,861.2808406576611
2026-07-30T12:00:00Z,2026-07-30T12:15:00Z,2026-07-30,2026-07-30_57,0.0,9,9,91,142.60600082484473,144.02173888198757,0.003932605714285714,0.0,1.5388457142857144,True,True,True,False,0.0,906.3138888358142,7.222423906605269,8.380591168771614,0.0,64.61140859757779,986.5283125087689
2026-07-30T12:15:00Z,2026-07-30T12:30:00Z,2026-07-30,2026-07-30_58,0.0,9,9,91,144.02173888198757,144.932964710559,0.0025311828571428574,0.0,0.9904628571428572,True,True,True,False,0.0,906.3138888358142,7.222423906605269,8.380591168771614,0.0,9.321747321070315,931.2386512322614
2026-07-30T12:30:00Z,2026-07-30T12:45:00Z,2026-07-30,2026-07-30_59,0.0,9,9,91,144.932964710559,145.33191876770184,0.0011082057142857145,0.0,0.4336457142857143,True,True,True,False,0.0,906.3138888358142,7.222423906605269,8.380591168771614,0.0,-8.546309655829392,913.3705942553617
2026-07-30T12:45:00Z,2026-07-30T13:00:00Z,2026-07-30,2026-07-30_60,0.0,9,9,91,145.33191876770184,145.8620280248447,0.0014725257142857143,0.0,0.5762057142857143,True,True,True,False,0.0,906.3138888358142,7.222423906605269,8.380591168771614,0.0,-0.5653393092567673,921.3515646019342
2026-07-30T13:00:00Z,2026-07-30T13:15:00Z,2026-07-30,2026-07-30_61,-9.0,9,0,91,145.8620280248447,147.929662310559,0.005743428571428571,0.0025714285714285717,0.0,True,True,True,False,-79.2675,906.3138888358142,7.23790052926228,0.0,0.34051517773549994,0.0,834.624804542812
2026-07-30T13:15:00Z,2026-07-30T13:30:00Z,2026-07-30,2026-07-30_62,-0.9109304032272432,9,0,91,147.929662310559,148.13664485156124,0.0005877912957947713,0.0023657142857142857,0.0,True,True,True,False,-11.637135901228032,906.3138888358142,7.23790052926228,0.0,0.2994210400181243,0.0,902.2140745038665
2026-07-30T13:30:00Z,2026-07-30T13:45:00Z,2026-07-30,2026-07-30_63,-0.13974328518767493,9,0,91,148.13664485156124,148.13989834533163,0.00016740922107630216,0.02664,0.0,True,True,True,False,-2.6687473888716218,906.3138888358142,7.23790052926228,0.0,3.533651925024361,0.0,914.4166939012292
2026-07-30T13:45:00Z,2026-07-30T14:00:00Z,2026-07-30,2026-07-30_64,-0.2301962597982026,9,0,91,148.13989834533163,147.92952801098642,0.0008467077285239683,0.2432057142857143,0.0,True,True,True,False,-5.032665729838205,906.3138888358142,7.23790052926228,0.0,33.22792204695395,0.0,941.7470456821922
2026-07-30T14:00:00Z,2026-07-30T14:15:00Z,2026-07-30,2026-07-30_65,-1.0000000000002272,9,8,91,147.92952801098642,148.09992718614177,0.0007905153071084873,0.05909142857142857,0.00384,True,True,True,False,-17.057500000003877,906.3138888358142,7.954984045703804,4.37931100368764,8.430213053316555,-0.29421632879225024,909.726680609726
2026-07-30T14:15:00Z,2026-07-30T14:30:00Z,2026-07-30,2026-07-30_66,-0.5358859063025055,9,8,91,148.09992718614177,148.10697709316761,0.0008303622580981342,0.14276571428571427,0.04082285714285715,True,True,True,False,-14.21035452037669,906.3138888358142,7.954984045703804,4.37931100368764,22.190266164063114,-2.738923008306061,923.8891725205859
2026-07-30T14:30:00Z,2026-07-30T14:45:00Z,2026-07-30,2026-07-30_67,0.0,9,8,91,148.10697709316761,147.5077143850931,0.0016751329192546583,0.5530628571428571,0.002057142857142857,True,True,True,False,0.0,906.3138888358142,7.954984045703804,4.37931100368764,105.97657383495424,-0.15761589042441979,1024.4671418297355
2026-07-30T14:45:00Z,2026-07-30T15:00:00Z,2026-07-30,2026-07-30_68,0.0,9,8,91,147.5077143850931,147.2960182857142,0.0006616447204968943,0.20694857142857143,0.0144,True,True,True,False,0.0,906.3138888358142,7.954984045703804,4.37931100368764,30.816978004634795,-0.7679623975390261,948.6971994923014
2026-07-30T15:00:00Z,2026-07-30T15:15:00Z,2026-07-30,2026-07-30_69,0.0,10,10,90,147.2960182857142,148.22532342857136,0.0025814031746031747,0.0,1.0101142857142857,True,True,True,False,0.0,896.3543955519041,10.5212373655349,4.58853201368057,0.0,-3.2547848203538066,908.2093801107658
2026-07-30T15:15:00Z,2026-07-30T15:30:00Z,2026-07-30,2026-07-30_70,0.0,10,10,90,148.22532342857136,148.5542236024844,0.0011679249137336093,0.042114285714285715,0.4072571428571428,True,True,True,False,0.0,896.3543955519041,10.5212373655349,4.58853201368057,7.209358667318123,-14.996855019257067,903.6766685791806
2026-07-30T15:30:00Z,2026-07-30T15:45:00Z,2026-07-30,2026-07-30_71,0.0,10,10,90,148.5542236024844,148.3270186335403,0.0006311249137336093,0.20902857142857142,0.0,True,True,True,False,0.0,896.3543955519041,10.5212373655349,4.58853201368057,36.283473139734525,0.0,947.7476380708541
2026-07-30T15:45:00Z,2026-07-30T16:00:00Z,2026-07-30,2026-07-30_72,0.0,10,10,90,148.3270186335403,148.2447643229813,0.0004267953071083506,0.1085142857142857,0.0388,True,True,True,False,0.0,896.3543955519041,10.5212373655349,4.58853201368057,18.86950574709506,-2.972425320518945,927.3612453576957
2026-07-30T16:00:00Z,2026-07-30T16:15:00Z,2026-07-30,2026-07-30_73,-1.5445029435594688,0,0,90,148.2447643229813,148.59999999999997,0.0009867657694963275,0.0,0.0,True,False,True,False,-57.482538301924535,896.3543955519041,0.0,0.0,0.0,0.0,838.8718572499795
2026-07-30T16:15:00Z,2026-07-30T16:30:00Z,2026-07-30,2026-07-30_74,0.0,0,0,90,148.59999999999997,148.59999999999997,0.0,0.0,0.0,True,False,True,False,0.0,896.3543955519041,0.0,0.0,0.0,0.0,896.3543955519041
2026-07-30T16:30:00Z,2026-07-30T16:45:00Z,2026-07-30,2026-07-30_75,0.0,0,0,90,148.59999999999997,148.59999999999997,0.0,0.0,0.0,True,False,True,False,0.0,896.3543955519041,0.0,0.0,0.0,0.0,896.3543955519041
2026-07-30T16:45:00Z,2026-07-30T17:00:00Z,2026-07-30,2026-07-30_76,0.0,0,0,90,148.59999999999997,148.59999999999997,0.0,0.0,0.0,True,False,True,False,0.0,896.3543955519041,0.0,0.0,0.0,0.0,896.3543955519041
2026-07-30T17:00:00Z,2026-07-30T17:15:00Z,2026-07-30,2026-07-30_77,36.8946128743687,0,100,0,148.59999999999997,141.8068322981366,0.029491568642465264,0.0,3.293142857142857,True,True,True,False,2397.7808907052213,0.0,0.0,45.9139805491335,0.0,-191.0516164745509,2252.643254779804
2026-07-30T17:15:00Z,2026-07-30T17:30:00Z,2026-07-30,2026-07-30_78,100.0,0,100,0,141.8068322981366,118.51304347826084,0.06470496894409937,0.0,3.569714285714286,True,True,True,False,7897.499999999999,0.0,0.0,45.9139805491335,0.0,-276.32154493270264,7667.09243561643
2026-07-30T17:30:00Z,2026-07-30T17:45:00Z,2026-07-30,2026-07-30_79,100.0,0,100,0,118.51304347826084,91.52173913043475,0.07497584541062802,0.0,0.16799999999999998,True,True,True,False,8530.25,0.0,0.0,45.9139805491335,0.0,-13.160861340925157,8563.003119208208
2026-07-30T17:45:00Z,2026-07-30T18:00:00Z,2026-07-30,2026-07-30_80,100.0,0,100,0,91.52173913043475,64.34782608695649,0.07548309178743962,0.0,0.0,True,True,True,False,7752.500000000001,0.0,0.0,45.9139805491335,0.0,0.0,7798.413980549134
2026-07-30T18:00:00Z,2026-07-30T18:15:00Z,2026-07-30,2026-07-30_81,0.0,0,0,100,64.34782608695649,64.34782608695649,0.0,0.0,0.0,True,True,True,False,0.0,995.9493283910045,0.0,0.0,0.0,0.0,995.9493283910045
2026-07-30T18:15:00Z,2026-07-30T18:30:00Z,2026-07-30,2026-07-30_82,0.0,0,0,100,64.34782608695649,64.34782608695649,0.0,0.0,0.0,True,True,True,False,0.0,995.9493283910045,0.0,0.0,0.0,0.0,995.9493283910045
2026-07-30T18:30:00Z,2026-07-30T18:45:00Z,2026-07-30,2026-07-30_83,0.0,0,0,100,64.34782608695649,64.34782608695649,0.0,0.0,0.0,True,True,True,False,0.0,995.9493283910045,0.0,0.0,0.0,0.0,995.9493283910045
2026-07-30T18:45:00Z,2026-07-30T19:00:00Z,2026-07-30,2026-07-30_84,0.0,0,0,100,64.34782608695649,64.34782608695649,0.0,0.0,0.0,True,True,True,False,0.0,995.9493283910045,0.0,0.0,0.0,0.0,995.9493283910045
2026-07-30T19:00:00Z,2026-07-30T19:15:00Z,2026-07-30,2026-07-30_85,0.0,0,0,100,64.34782608695649,64.34782608695649,0.0,0.0,0.0,True,True,True,False,0.0,995.9493283910045,0.0,0.0,0.0,0.0,995.9493283910045
2026-07-30T19:15:00Z,2026-07-30T19:30:00Z,2026-07-30,2026-07-30_86,0.0,0,0,100,64.34782608695649,64.34782608695649,0.0,0.0,0.0,True,True,True,False,0.0,995.9493283910045,0.0,0.0,0.0,0.0,995.9493283910045
2026-07-30T19:30:00Z,2026-07-30T19:45:00Z,2026-07-30,2026-07-30_87,0.0,0,0,100,64.34782608695649,64.34782608695649,0.0,0.0,0.0,True,True,True,False,0.0,995.9493283910045,0.0,0.0,0.0,0.0,995.9493283910045
2026-07-30T19:45:00Z,2026-07-30T20:00:00Z,2026-07-30,2026-07-30_88,0.0,0,0,100,64.34782608695649,64.34782608695649,0.0,0.0,0.0,True,True,True,False,0.0,995.9493283910045,0.0,0.0,0.0,0.0,995.9493283910045
2026-07-30T20:00:00Z,2026-07-30T20:15:00Z,2026-07-30,2026-07-30_89,0.0,0,0,100,64.34782608695649,64.34782608695649,0.0,0.0,0.0,True,True,True,False,0.0,995.9493283910045,0.0,0.0,0.0,0.0,995.9493283910045
2026-07-30T20:15:00Z,2026-07-30T20:30:00Z,2026-07-30,2026-07-30_90,0.0,0,0,100,64.34782608695649,64.34782608695649,0.0,0.0,0.0,True,True,True,False,0.0,995.9493283910045,0.0,0.0,0.0,0.0,995.9493283910045
2026-07-30T20:30:00Z,2026-07-30T20:45:00Z,2026-07-30,2026-07-30_91,0.0,0,0,100,64.34782608695649,64.34782608695649,0.0,0.0,0.0,True,True,True,False,0.0,995.9493283910045,0.0,0.0,0.0,0.0,995.9493283910045
2026-07-30T20:45:00Z,2026-07-30T21:00:00Z,2026-07-30,2026-07-30_92,0.0,0,0,100,64.34782608695649,64.34782608695649,0.0,0.0,0.0,True,True,True,False,0.0,995.9493283910045,0.0,0.0,0.0,0.0,995.9493283910045
2026-07-30T21:00:00Z,2026-07-30T21:15:00Z,2026-07-31,2026-07-30_93,0.0,0,0,100,64.34782608695649,64.34782608695649,0.0,0.0,0.0,True,True,True,False,0.0,994.0120902381815,0.0,0.0,0.0,0.0,994.0120902381815
2026-07-30T21:15:00Z,2026-07-30T21:30:00Z,2026-07-31,2026-07-30_94,0.0,0,0,100,64.34782608695649,64.34782608695649,0.0,0.0,0.0,True,True,True,False,0.0,994.0120902381815,0.0,0.0,0.0,0.0,994.0120902381815
2026-07-30T21:30:00Z,2026-07-30T21:45:00Z,2026-07-31,2026-07-30_95,0.0,0,0,100,64.34782608695649,64.34782608695649,0.0,0.0,0.0,True,True,True,False,0.0,994.0120902381815,0.0,0.0,0.0,0.0,994.0120902381815
2026-07-30T21:45:00Z,2026-07-30T22:00:00Z,2026-07-31,2026-07-30_96,0.0,0,0,100,64.34782608695649,64.34782608695649,0.0,0.0,0.0,True,True,True,False,0.0,994.0120902381815,0.0,0.0,0.0,0.0,994.0120902381815
2026-07-30T22:00:00Z,2026-07-30T22:15:00Z,2026-07-31,2026-07-31_1,0.0,0,0,100,64.34782608695649,64.34782608695649,0.0,0.0,0.0,True,True,True,False,0.0,994.0120902381815,0.0,0.0,0.0,0.0,994.0120902381815
2026-07-30T22:15:00Z,2026-07-30T22:30:00Z,2026-07-31,2026-07-31_2,0.0,0,0,100,64.34782608695649,64.34782608695649,0.0,0.0,0.0,True,True,True,False,0.0,994.0120902381815,0.0,0.0,0.0,0.0,994.0120902381815
2026-07-30T22:30:00Z,2026-07-30T22:45:00Z,2026-07-31,2026-07-31_3,0.0,0,0,100,64.34782608695649,64.34782608695649,0.0,0.0,0.0,True,True,True,False,0.0,994.0120902381815,0.0,0.0,0.0,0.0,994.0120902381815
2026-07-30T22:45:00Z,2026-07-30T23:00:00Z,2026-07-31,2026-07-31_4,0.0,0,0,100,64.34782608695649,64.34782608695649,0.0,0.0,0.0,True,True,True,False,0.0,994.0120902381815,0.0,0.0,0.0,0.0,994.0120902381815
2026-07-30T23:00:00Z,2026-07-30T23:15:00Z,2026-07-31,2026-07-31_5,0.0,0,0,100,64.34782608695649,64.34782608695649,0.0,0.0,0.0,True,True,True,False,0.0,994.0120902381815,0.0,0.0,0.0,0.0,994.0120902381815
2026-07-30T23:15:00Z,2026-07-30T23:30:00Z,2026-07-31,2026-07-31_6,0.0,0,0,100,64.34782608695649,64.34782608695649,0.0,0.0,0.0,True,True,True,False,0.0,994.0120902381815,0.0,0.0,0.0,0.0,994.0120902381815
2026-07-30T23:30:00Z,2026-07-30T23:45:00Z,2026-07-31,2026-07-31_7,0.0,0,0,100,64.34782608695649,64.34782608695649,0.0,0.0,0.0,True,True,True,False,0.0,994.0120902381815,0.0,0.0,0.0,0.0,994.0120902381815
2026-07-30T23:45:00Z,2026-07-31T00:00:00Z,2026-07-31,2026-07-31_8,0.0,0,0,100,64.34782608695649,64.34782608695649,0.0,0.0,0.0,True,True,True,False,0.0,994.0120902381815,0.0,0.0,0.0,0.0,994.0120902381815
2026-07-31T00:00:00Z,2026-07-31T00:15:00Z,2026-07-31,2026-07-31_9,0.0,0,0,100,64.34782608695649,64.34782608695649,0.0,0.0,0.0,True,True,True,False,0.0,994.0120902381815,0.0,0.0,0.0,0.0,994.0120902381815
2026-07-31T00:15:00Z,2026-07-31T00:30:00Z,2026-07-31,2026-07-31_10,0.0,0,0,100,64.34782608695649,64.34782608695649,0.0,0.0,0.0,True,True,True,False,0.0,994.0120902381815,0.0,0.0,0.0,0.0,994.0120902381815
2026-07-31T00:30:00Z,2026-07-31T00:45:00Z,2026-07-31,2026-07-31_11,0.0,0,0,100,64.34782608695649,64.34782608695649,0.0,0.0,0.0,True,True,True,False,0.0,994.0120902381815,0.0,0.0,0.0,0.0,994.0120902381815
2026-07-31T00:45:00Z,2026-07-31T01:00:00Z,2026-07-31,2026-07-31_12,0.0,0,0,100,64.34782608695649,64.34782608695649,0.0,0.0,0.0,True,True,True,False,0.0,994.0120902381815,0.0,0.0,0.0,0.0,994.0120902381815
2026-07-31T01:00:00Z,2026-07-31T01:15:00Z,2026-07-31,2026-07-31_13,0.0,0,0,100,64.34782608695649,64.34782608695649,0.0,0.0,0.0,True,True,True,False,0.0,994.0120902381815,0.0,0.0,0.0,0.0,994.0120902381815
2026-07-31T01:15:00Z,2026-07-31T01:30:00Z,2026-07-31,2026-07-31_14,0.0,0,0,100,64.34782608695649,64.34782608695649,0.0,0.0,0.0,True,True,True,False,0.0,994.0120902381815,0.0,0.0,0.0,0.0,994.0120902381815
2026-07-31T01:30:00Z,2026-07-31T01:45:00Z,2026-07-31,2026-07-31_15,0.0,0,0,100,64.34782608695649,64.34782608695649,0.0,0.0,0.0,True,True,True,False,0.0,994.0120902381815,0.0,0.0,0.0,0.0,994.0120902381815
2026-07-31T01:45:00Z,2026-07-31T02:00:00Z,2026-07-31,2026-07-31_16,0.0,0,0,100,64.34782608695649,64.34782608695649,0.0,0.0,0.0,True,True,True,False,0.0,994.0120902381815,0.0,0.0,0.0,0.0,994.0120902381815
2026-07-31T02:00:00Z,2026-07-31T02:15:00Z,2026-07-31,2026-07-31_17,0.0,0,0,100,64.34782608695649,64.34782608695649,0.0,0.0,0.0,True,True,True,False,0.0,994.0120902381815,0.0,0.0,0.0,0.0,994.0120902381815
2026-07-31T02:15:00Z,2026-07-31T02:30:00Z,2026-07-31,2026-07-31_18,0.0,0,0,100,64.34782608695649,64.34782608695649,0.0,0.0,0.0,True,True,True,False,0.0,994.0120902381815,0.0,0.0,0.0,0.0,994.0120902381815
2026-07-31T02:30:00Z,2026-07-31T02:45:00Z,2026-07-31,2026-07-31_19,0.0,0,0,100,64.34782608695649,64.34782608695649,0.0,0.0,0.0,True,True,True,False,0.0,994.0120902381815,0.0,0.0,0.0,0.0,994.0120902381815
2026-07-31T02:45:00Z,2026-07-31T03:00:00Z,2026-07-31,2026-07-31_20,0.0,0,0,100,64.34782608695649,64.34782608695649,0.0,0.0,0.0,True,True,True,False,0.0,994.0120902381815,0.0,0.0,0.0,0.0,994.0120902381815
2026-07-31T03:00:00Z,2026-07-31T03:15:00Z,2026-07-31,2026-07-31_21,0.0,0,0,100,64.34782608695649,64.34782608695649,0.0,0.0,0.0,True,True,True,False,0.0,994.0120902381815,0.0,0.0,0.0,0.0,994.0120902381815
2026-07-31T03:15:00Z,2026-07-31T03:30:00Z,2026-07-31,2026-07-31_22,0.0,0,0,100,64.34782608695649,64.34782608695649,0.0,0.0,0.0,True,True,True,False,0.0,994.0120902381815,0.0,0.0,0.0,0.0,994.0120902381815
2026-07-31T03:30:00Z,2026-07-31T03:45:00Z,2026-07-31,2026-07-31_23,0.0,0,0,100,64.34782608695649,64.34782608695649,0.0,0.0,0.0,True,True,True,False,0.0,994.0120902381815,0.0,0.0,0.0,0.0,994.0120902381815
2026-07-31T03:45:00Z,2026-07-31T04:00:00Z,2026-07-31,2026-07-31_24,0.0,0,0,100,64.34782608695649,64.34782608695649,0.0,0.0,0.0,True,True,True,False,0.0,994.0120902381815,0.0,0.0,0.0,0.0,994.0120902381815
2026-07-31T04:00:00Z,2026-07-31T04:15:00Z,2026-07-31,2026-07-31_25,0.0,0,0,100,64.34782608695649,64.34782608695649,0.0,0.0,0.0,True,True,True,False,0.0,994.0120902381815,0.0,0.0,0.0,0.0,994.0120902381815
2026-07-31T04:15:00Z,2026-07-31T04:30:00Z,2026-07-31,2026-07-31_26,0.0,0,0,100,64.34782608695649,64.34782608695649,0.0,0.0,0.0,True,True,True,False,0.0,994.0120902381815,0.0,0.0,0.0,0.0,994.0120902381815
2026-07-31T04:30:00Z,2026-07-31T04:45:00Z,2026-07-31,2026-07-31_27,0.0,0,0,100,64.34782608695649,64.34782608695649,0.0,0.0,0.0,True,True,True,False,0.0,994.0120902381815,0.0,0.0,0.0,0.0,994.0120902381815
2026-07-31T04:45:00Z,2026-07-31T05:00:00Z,2026-07-31,2026-07-31_28,0.0,0,0,100,64.34782608695649,64.34782608695649,0.0,0.0,0.0,True,True,True,False,0.0,994.0120902381815,0.0,0.0,0.0,0.0,994.0120902381815
2026-07-31T05:00:00Z,2026-07-31T05:15:00Z,2026-07-31,2026-07-31_29,0.0,0,0,100,64.34782608695649,64.34782608695649,0.0,0.0,0.0,True,True,True,False,0.0,994.0120902381815,0.0,0.0,0.0,0.0,994.0120902381815
2026-07-31T05:15:00Z,2026-07-31T05:30:00Z,2026-07-31,2026-07-31_30,0.0,0,0,100,64.34782608695649,64.34782608695649,0.0,0.0,0.0,True,True,True,False,0.0,994.0120902381815,0.0,0.0,0.0,0.0,994.0120902381815
2026-07-31T05:30:00Z,2026-07-31T05:45:00Z,2026-07-31,2026-07-31_31,0.0,0,0,100,64.34782608695649,64.34782608695649,0.0,0.0,0.0,True,True,True,False,0.0,994.0120902381815,0.0,0.0,0.0,0.0,994.0120902381815
2026-07-31T05:45:00Z,2026-07-31T06:00:00Z,2026-07-31,2026-07-31_32,0.0,0,0,100,64.34782608695649,64.34782608695649,0.0,0.0,0.0,True,True,True,False,0.0,994.0120902381815,0.0,0.0,0.0,0.0,994.0120902381815
2026-07-31T06:00:00Z,2026-07-31T06:15:00Z,2026-07-31,2026-07-31_33,15.0,0,0,85,64.34782608695649,60.271739130434746,0.011322463768115942,0.0,0.0,True,True,True,False,684.75,844.9102767024542,0.0,0.0,0.0,0.0,1529.6602767024542
2026-07-31T06:15:00Z,2026-07-31T06:30:00Z,2026-07-31,2026-07-31_34,14.999999999999977,0,0,85,60.271739130434746,56.19565217391301,0.011322463768115925,0.0,0.0,True,True,True,False,640.199999999999,844.9102767024542,0.0,0.0,0.0,0.0,1485.1102767024531
2026-07-31T06:30:00Z,2026-07-31T06:45:00Z,2026-07-31,2026-07-31_35,0.0,0,0,85,56.19565217391301,56.19565217391301,0.0,0.0,0.0,True,True,True,False,0.0,844.9102767024542,0.0,0.0,0.0,0.0,844.9102767024542
2026-07-31T06:45:00Z,2026-07-31T07:00:00Z,2026-07-31,2026-07-31_36,-15.0,0,0,85,56.19565217391301,59.645652173913014,0.009583333333333334,0.0,0.0,True,True,True,False,-60.824999999999996,844.9102767024542,0.0,0.0,0.0,0.0,784.0852767024542
2026-07-31T07:00:00Z,2026-07-31T07:15:00Z,2026-07-31,2026-07-31_37,-7.105427357601002e-15,9,0,91,59.645652173913014,59.645260869565185,1.0869565217436683e-06,0.00036,0.0,True,True,True,False,-2.8416380359885806e-13,904.5510021167452,7.360266214077307,0.0,0.04798718511031866,0.0,911.9592555159325
2026-07-31T07:15:00Z,2026-07-31T07:30:00Z,2026-07-31,2026-07-31_38,0.0,9,0,91,59.645260869565185,59.61546583850929,8.27639751552795e-05,0.027411428571428573,0.0,True,True,True,False,0.0,904.5510021167452,7.360266214077307,0.0,3.6538813805428347,0.0,915.5651497113653
2026-07-31T07:30:00Z,2026-07-31T07:45:00Z,2026-07-31,2026-07-31_39,-2.3302392154772416,9,0,91,59.61546583850929,60.1359080645962,0.001512186337706127,0.014862857142857141,0.0,True,True,True,False,-70.48973626818656,904.5510021167452,7.360266214077307,0.0,1.9811852138402986,0.0,843.4027172764762
2026-07-31T07:45:00Z,2026-07-31T08:00:00Z,2026-07-31,2026-07-31_40,-9.0,9,0,91,60.1359080645962,62.20302189316763,0.005741982857142857,0.003137142857142857,0.0,True,True,True,False,-74.6775,904.5510021167452,7.360266214077307,0.0,0.418174041675634,0.0,837.6519423724981
2026-07-31T08:00:00Z,2026-07-31T08:15:00Z,2026-07-31,2026-07-31_41,-7.105427357601002e-15,9,0,91,62.20302189316763,62.14203431552788,0.00016940993788820303,0.056108571428571424,0.0,True,True,True,False,-2.437872126392904e-13,904.5510021167452,7.169759148725185,0.0,7.467611203221157,0.0,919.1883724686912
2026-07-31T08:15:00Z,2026-07-31T08:30:00Z,2026-07-31,2026-07-31_42,-9.0,9,0,91,62.14203431552788,64.21203431552787,0.00575,0.0,0.0,True,True,True,False,-252.585,904.5510021167452,7.169759148725185,0.0,0.0,0.0,659.1357612654704
2026-07-31T08:30:00Z,2026-07-31T08:45:00Z,2026-07-31,2026-07-31_43,-9.0,9,0,91,64.21203431552787,66.2632505440993,0.0056978228571428575,0.02041714285714286,0.0,True,True,True,False,-135.51749999999998,904.5510021167452,7.169759148725185,0.0,2.7071412836138866,0.0,778.9104025490842
2026-07-31T08:45:00Z,2026-07-31T09:00:00Z,2026-07-31,2026-07-31_44,-9.0,9,0,91,66.2632505440993,68.32307797267072,0.005721742857142858,0.011057142857142856,0.0,True,True,True,False,-225.0225,904.5510021167452,7.169759148725185,0.0,1.4383310404197527,0.0,688.1365923058901
2026-07-31T09:00:00Z,2026-07-31T09:15:00Z,2026-07-31,2026-07-31_45,-9.0,9,0,91,68.32307797267072,70.39307797267071,0.00575,0.0,0.0,True,True,True,False,-251.19,904.5510021167452,7.216098705162188,0.0,0.0,0.0,660.5771008219074
2026-07-31T09:15:00Z,2026-07-31T09:30:00Z,2026-07-31,2026-07-31_46,-9.0,9,0,91,70.39307797267071,72.4630779726707,0.00575,0.0,0.0,True,True,True,False,-222.93,904.5510021167452,7.216098705162188,0.0,0.0,0.0,688.8371008219074
2026-07-31T09:30:00Z,2026-07-31T09:45:00Z,2026-07-31,2026-07-31_47,-9.0,9,0,91,72.4630779726707,74.5330779726707,0.00575,0.0,0.0,True,True,True,False,-216.6075,904.5510021167452,7.216098705162188,0.0,0.0,0.0,695.1596008219074
2026-07-31T09:45:00Z,2026-07-31T10:00:00Z,2026-07-31,2026-07-31_48,-9.0,9,0,91,74.5330779726707,76.60307797267069,0.00575,0.0,0.0,True,True,True,False,-204.34499999999997,904.5510021167452,7.216098705162188,0.0,0.0,0.0,707.4221008219074
2026-07-31T10:00:00Z,2026-07-31T10:15:00Z,2026-07-31,2026-07-31_49,-9.0,9,0,91,76.60307797267069,78.6708068869564,0.005743691428571429,0.0024685714285714285,0.0,True,True,True,False,-220.23,904.5510021167452,7.1311428516943485,0.0,0.31079360890068186,0.0,691.7629385773402
2026-07-31T10:15:00Z,2026-07-31T10:30:00Z,2026-07-31,2026-07-31_50,-9.0,9,0,91,78.6708068869564,80.73687980124211,0.005739091428571428,0.004268571428571429,0.0,True,True,True,False,-215.415,904.5510021167452,7.1311428516943485,0.0,0.5396768882483867,0.0,696.8068218566879
2026-07-31T10:30:00Z,2026-07-31T10:45:00Z,2026-07-31,2026-07-31_51,-9.0,9,0,91,80.73687980124211,82.8068798012421,0.005750000000000001,0.0,0.0,True,True,True,False,-216.0675,904.5510021167452,7.1311428516943485,0.0,0.0,0.0,695.6146449684395
2026-07-31T10:45:00Z,2026-07-31T11:00:00Z,2026-07-31,2026-07-31_52,-9.0,9,0,91,82.8068798012421,84.87687980124211,0.00575,0.0,0.0,True,True,True,False,-195.7275,904.5510021167452,7.1311428516943485,0.0,0.0,0.0,715.9546449684395
2026-07-31T11:00:00Z,2026-07-31T11:15:00Z,2026-07-31,2026-07-31_53,-51.000000000000014,51,0,49,84.87687980124211,96.60687980124212,0.03258333333333334,0.0,0.0,True,True,True,False,-1083.8775000000003,487.0659242167089,40.40980949293464,0.0,0.0,0.0,-556.4017662903568
2026-07-31T11:15:00Z,2026-07-31T11:30:00Z,2026-07-31,2026-07-31_54,-51.00000000000004,51,0,49,96.60687980124212,108.31703934409927,0.03252822095238098,0.021565714285714285,0.0,True,True,True,False,-1076.865000000001,487.0659242167089,40.40980949293464,0.0,2.8746608985133744,0.0,-546.514605391844
2026-07-31T11:30:00Z,2026-07-31T11:45:00Z,2026-07-31,2026-07-31_55,-51.000000000000014,51,0,49,108.31703934409927,118.25013740124213,0.02759193904761905,1.9531542857142856,0.0,True,True,True,False,-1048.6875000000002,487.0659242167089,40.40980949293464,0.0,260.6907306437684,0.0,-260.5210356465883
2026-07-31T11:45:00Z,2026-07-31T12:00:00Z,2026-07-31,2026-07-31_56,-51.000000000000014,51,0,49,118.25013740124213,129.88629740124213,0.03232266666666667,0.10200000000000001,0.0,True,True,True,False,-1037.2125000000003,487.0659242167089,40.40980949293464,0.0,13.596369114590287,0.0,-496.1403971757665
2026-07-31T12:00:00Z,2026-07-31T12:15:00Z,2026-07-31,2026-07-31_57,-9.0,9,0,91,129.88629740124213,131.95123477267072,0.005735937142857144,0.0055028571428571435,0.0,True,True,True,False,-180.9,904.5510021167452,7.004996281393619,0.0,0.703243714465515,0.0,731.3592421126043
2026-07-31T12:15:00Z,2026-07-31T12:30:00Z,2026-07-31,2026-07-31_58,-9.0,9,0,91,131.95123477267072,133.98229511552788,0.005641834285714286,0.04232571428571428,0.0,True,True,True,False,-184.4775,904.5510021167452,7.004996281393619,0.0,5.630872133880725,0.0,732.7093705320195
2026-07-31T12:30:00Z,2026-07-31T12:45:00Z,2026-07-31,2026-07-31_59,-9.0,9,0,91,133.98229511552788,135.78894380124217,0.005018468571428573,0.28625142857142855,0.0,True,True,True,False,-197.5725,904.5510021167452,7.004996281393619,0.0,38.19285899208059,0.0,752.1763573902194
2026-07-31T12:45:00Z,2026-07-31T13:00:00Z,2026-07-31,2026-07-31_60,-9.0,9,0,91,135.78894380124217,137.8189632298136,0.005638942857142858,0.04345714285714286,0.0,True,True,True,False,-213.615,904.5510021167452,7.004996281393619,0.0,5.751410607699286,0.0,703.692409005838
2026-07-31T13:00:00Z,2026-07-31T13:15:00Z,2026-07-31,2026-07-31_61,-9.0,9,0,91,137.8189632298136,139.88896322981358,0.00575,0.0,0.0,True,True,True,False,-204.975,904.5510021167452,6.922614847727836,0.0,0.0,0.0,706.4986169644731
2026-07-31T13:15:00Z,2026-07-31T13:30:00Z,2026-07-31,2026-07-31_62,-9.0,9,0,91,139.88896322981358,141.95725991552786,0.0057452685714285716,0.0018514285714285711,0.0,True,True,True,False,-226.44,904.5510021167452,6.922614847727836,0.0,0.22949113664039572,0.0,685.2631081011134
2026-07-31T13:30:00Z,2026-07-31T13:45:00Z,2026-07-31,2026-07-31_63,-9.0,9,0,91,141.95725991552786,144.02068322981359,0.005731731428571428,0.0071485714285714295,0.0,True,True,True,False,-245.475,904.5510021167452,6.922614847727836,0.0,0.9182885900079821,0.0,666.916905554481
2026-07-31T13:45:00Z,2026-07-31T14:00:00Z,2026-07-31,2026-07-31_64,0.0,9,0,91,144.02068322981359,143.99999999999991,5.745341614906832e-05,0.01902857142857143,0.0,True,True,True,False,0.0,904.5510021167452,6.922614847727836,0.0,2.5085934078507544,0.0,913.9822103723237
2026-07-31T14:00:00Z,2026-07-31T14:15:00Z,2026-07-31,2026-07-31_65,0.0,0,0,100,143.99999999999991,143.99999999999991,0.0,0.0,0.0,True,True,True,False,0.0,994.0120902381815,0.0,0.0,0.0,0.0,994.0120902381815
2026-07-31T14:15:00Z,2026-07-31T14:30:00Z,2026-07-31,2026-07-31_66,0.0,0,0,100,143.99999999999991,143.99999999999991,0.0,0.0,0.0,True,True,True,False,0.0,994.0120902381815,0.0,0.0,0.0,0.0,994.0120902381815
2026-07-31T14:30:00Z,2026-07-31T14:45:00Z,2026-07-31,2026-07-31_67,0.0,0,0,100,143.99999999999991,143.99999999999991,0.0,0.0,0.0,True,True,True,False,0.0,994.0120902381815,0.0,0.0,0.0,0.0,994.0120902381815
2026-07-31T14:45:00Z,2026-07-31T15:00:00Z,2026-07-31,2026-07-31_68,0.0,0,0,100,143.99999999999991,143.99999999999991,0.0,0.0,0.0,True,True,True,False,0.0,994.0120902381815,0.0,0.0,0.0,0.0,994.0120902381815
2026-07-31T15:00:00Z,2026-07-31T15:15:00Z,2026-07-31,2026-07-31_69,0.0,0,0,100,143.99999999999991,143.99999999999991,0.0,0.0,0.0,True,True,True,False,0.0,994.0120902381815,0.0,0.0,0.0,0.0,994.0120902381815
2026-07-31T15:15:00Z,2026-07-31T15:30:00Z,2026-07-31,2026-07-31_70,0.0,0,0,100,143.99999999999991,143.99999999999991,0.0,0.0,0.0,True,True,True,False,0.0,994.0120902381815,0.0,0.0,0.0,0.0,994.0120902381815
2026-07-31T15:30:00Z,2026-07-31T15:45:00Z,2026-07-31,2026-07-31_71,0.0,0,0,100,143.99999999999991,143.99999999999991,0.0,0.0,0.0,True,True,True,False,0.0,994.0120902381815,0.0,0.0,0.0,0.0,994.0120902381815
2026-07-31T15:45:00Z,2026-07-31T16:00:00Z,2026-07-31,2026-07-31_72,0.0,0,0,100,143.99999999999991,143.99999999999991,0.0,0.0,0.0,True,True,True,False,0.0,994.0120902381815,0.0,0.0,0.0,0.0,994.0120902381815
2026-07-31T16:00:00Z,2026-07-31T16:15:00Z,2026-07-31,2026-07-31_73,0.0,0,0,100,143.99999999999991,143.99999999999991,0.0,0.0,0.0,True,True,True,False,0.0,994.0120902381815,0.0,0.0,0.0,0.0,994.0120902381815
2026-07-31T16:15:00Z,2026-07-31T16:30:00Z,2026-07-31,2026-07-31_74,0.0,0,0,100,143.99999999999991,143.99999999999991,0.0,0.0,0.0,True,True,True,False,0.0,994.0120902381815,0.0,0.0,0.0,0.0,994.0120902381815
2026-07-31T16:30:00Z,2026-07-31T16:45:00Z,2026-07-31,2026-07-31_75,0.0,0,0,100,143.99999999999991,143.99999999999991,0.0,0.0,0.0,True,True,True,False,0.0,994.0120902381815,0.0,0.0,0.0,0.0,994.0120902381815
2026-07-31T16:45:00Z,2026-07-31T17:00:00Z,2026-07-31,2026-07-31_76,0.0,0,0,100,143.99999999999991,143.99999999999991,0.0,0.0,0.0,True,True,True,False,0.0,994.0120902381815,0.0,0.0,0.0,0.0,994.0120902381815
2026-07-31T17:00:00Z,2026-07-31T17:15:00Z,2026-07-31,2026-07-31_77,0.0,0,100,0,143.99999999999991,145.7364342857142,0.004823428571428571,0.0,1.8874285714285715,True,True,True,False,0.0,0.0,0.0,42.87839203646141,0.0,-98.90508678110348,-56.026694744642064
2026-07-31T17:15:00Z,2026-07-31T17:30:00Z,2026-07-31,2026-07-31_78,100.0,0,100,0,145.7364342857142,118.79233490683222,0.07484472049689442,0.0,0.21142857142857144,True,True,True,False,6286.75,0.0,0.0,42.87839203646141,0.0,-16.167901207661693,6313.4604908288
2026-07-31T17:30:00Z,2026-07-31T17:45:00Z,2026-07-31,2026-07-31_79,100.0,0,100,0,118.79233490683222,91.65879453416142,0.07537094547964111,0.0,0.037142857142857144,True,True,True,False,6808.750000000001,0.0,0.0,42.87839203646141,0.0,-2.8403069689135405,6848.788085067549
2026-07-31T17:45:00Z,2026-07-31T18:00:00Z,2026-07-31,2026-07-31_80,100.0,0,100,0,91.65879453416142,64.51345291925459,0.07540372670807453,0.0,0.026285714285714287,True,True,True,False,8625.25,0.0,0.0,42.87839203646141,0.0,-2.0100633933849674,8666.118328643077
2026-07-31T18:00:00Z,2026-07-31T18:15:00Z,2026-07-31,2026-07-31_81,0.0,0,0,100,64.51345291925459,64.51345291925459,0.0,0.0,0.0,True,True,True,False,0.0,994.0120902381815,0.0,0.0,0.0,0.0,994.0120902381815
2026-07-31T18:15:00Z,2026-07-31T18:30:00Z,2026-07-31,2026-07-31_82,0.0,0,0,100,64.51345291925459,64.51345291925459,0.0,0.0,0.0,True,True,True,False,0.0,994.0120902381815,0.0,0.0,0.0,0.0,994.0120902381815
2026-07-31T18:30:00Z,2026-07-31T18:45:00Z,2026-07-31,2026-07-31_83,0.0,0,0,100,64.51345291925459,64.51345291925459,0.0,0.0,0.0,True,True,True,False,0.0,994.0120902381815,0.0,0.0,0.0,0.0,994.0120902381815
2026-07-31T18:45:00Z,2026-07-31T19:00:00Z,2026-07-31,2026-07-31_84,0.0,0,0,100,64.51345291925459,64.51345291925459,0.0,0.0,0.0,True,True,True,False,0.0,994.0120902381815,0.0,0.0,0.0,0.0,994.0120902381815
2026-07-31T19:00:00Z,2026-07-31T19:15:00Z,2026-07-31,2026-07-31_85,0.0,0,0,100,64.51345291925459,64.51345291925459,0.0,0.0,0.0,True,True,True,False,0.0,994.0120902381815,0.0,0.0,0.0,0.0,994.0120902381815
2026-07-31T19:15:00Z,2026-07-31T19:30:00Z,2026-07-31,2026-07-31_86,0.0,0,0,100,64.51345291925459,64.51345291925459,0.0,0.0,0.0,True,True,True,False,0.0,994.0120902381815,0.0,0.0,0.0,0.0,994.0120902381815
2026-07-31T19:30:00Z,2026-07-31T19:45:00Z,2026-07-31,2026-07-31_87,0.0,0,0,100,64.51345291925459,64.51345291925459,0.0,0.0,0.0,True,True,True,False,0.0,994.0120902381815,0.0,0.0,0.0,0.0,994.0120902381815
2026-07-31T19:45:00Z,2026-07-31T20:00:00Z,2026-07-31,2026-07-31_88,0.0,0,0,100,64.51345291925459,64.51345291925459,0.0,0.0,0.0,True,True,True,False,0.0,994.0120902381815,0.0,0.0,0.0,0.0,994.0120902381815
2026-07-31T20:00:00Z,2026-07-31T20:15:00Z,2026-07-31,2026-07-31_89,0.0,0,0,100,64.51345291925459,64.51345291925459,0.0,0.0,0.0,True,True,True,False,0.0,994.0120902381815,0.0,0.0,0.0,0.0,994.0120902381815
2026-07-31T20:15:00Z,2026-07-31T20:30:00Z,2026-07-31,2026-07-31_90,0.0,0,0,100,64.51345291925459,64.51345291925459,0.0,0.0,0.0,True,True,True,False,0.0,994.0120902381815,0.0,0.0,0.0,0.0,994.0120902381815
2026-07-31T20:30:00Z,2026-07-31T20:45:00Z,2026-07-31,2026-07-31_91,0.0,0,0,100,64.51345291925459,64.51345291925459,0.0,0.0,0.0,True,True,True,False,0.0,994.0120902381815,0.0,0.0,0.0,0.0,994.0120902381815
2026-07-31T20:45:00Z,2026-07-31T21:00:00Z,2026-07-31,2026-07-31_92,0.0,0,0,100,64.51345291925459,64.51345291925459,0.0,0.0,0.0,True,True,True,False,0.0,994.0120902381815,0.0,0.0,0.0,0.0,994.0120902381815
2026-07-31T21:00:00Z,2026-07-31T21:15:00Z,2026-08-01,2026-07-31_93,0.0,100,11,0,64.51345291925459,53.07059577639745,0.03178571428571428,10.52742857142857,0.0,True,True,True,False,0.0,0.0,106.91212623635012,4.465153507518152,4125.023409590238,0.0,4236.400689334107
2026-07-31T21:15:00Z,2026-07-31T21:30:00Z,2026-08-01,2026-07-31_94,-0.26696257199845597,100,11,0,53.07059577639745,43.54648836770181,0.02667659483957615,8.822285714285714,0.0,True,True,True,False,-11.353918187094333,0.0,106.91212623635012,4.465153507518152,2334.6868653538822,0.0,2434.7102269106563
2026-07-31T21:30:00Z,2026-07-31T21:45:00Z,2026-08-01,2026-07-31_95,-89.0,100,11,0,43.54648836770181,51.225229932919206,0.030384530572808835,13.631428571428572,0.0,True,True,True,False,-3723.76,0.0,106.91212623635012,4.465153507518152,5762.034186289003,0.0,2149.6514660328708
2026-07-31T21:45:00Z,2026-07-31T22:00:00Z,2026-08-01,2026-07-31_96,-89.00000000000007,100,11,0,51.225229932919206,64.34782608695649,0.0416730500483092,7.860571428571429,0.031177142857142855,True,True,True,False,-3674.1425000000027,0.0,106.91212623635012,4.465153507518152,2047.7932311311124,-2.377603981367288,-1517.3495931063892
2026-07-31T22:00:00Z,2026-07-31T22:15:00Z,2026-08-01,2026-08-01_1,0.0,0,0,100,64.34782608695649,64.34782608695649,0.0,0.0,0.0,True,True,True,False,0.0,993.368017837745,0.0,0.0,0.0,0.0,993.368017837745
2026-07-31T22:15:00Z,2026-07-31T22:30:00Z,2026-08-01,2026-08-01_2,0.0,0,0,100,64.34782608695649,64.34782608695649,0.0,0.0,0.0,True,True,True,False,0.0,993.368017837745,0.0,0.0,0.0,0.0,993.368017837745
2026-07-31T22:30:00Z,2026-07-31T22:45:00Z,2026-08-01,2026-08-01_3,0.0,0,0,100,64.34782608695649,64.34782608695649,0.0,0.0,0.0,True,True,True,False,0.0,993.368017837745,0.0,0.0,0.0,0.0,993.368017837745
2026-07-31T22:45:00Z,2026-07-31T23:00:00Z,2026-08-01,2026-08-01_4,0.0,0,0,100,64.34782608695649,64.34782608695649,0.0,0.0,0.0,True,True,True,False,0.0,993.368017837745,0.0,0.0,0.0,0.0,993.368017837745
2026-07-31T23:00:00Z,2026-07-31T23:15:00Z,2026-08-01,2026-08-01_5,0.0,0,0,100,64.34782608695649,64.34782608695649,0.0,0.0,0.0,True,True,True,False,0.0,993.368017837745,0.0,0.0,0.0,0.0,993.368017837745
2026-07-31T23:15:00Z,2026-07-31T23:30:00Z,2026-08-01,2026-08-01_6,0.0,0,0,100,64.34782608695649,64.34782608695649,0.0,0.0,0.0,True,True,True,False,0.0,993.368017837745,0.0,0.0,0.0,0.0,993.368017837745
2026-07-31T23:30:00Z,2026-07-31T23:45:00Z,2026-08-01,2026-08-01_7,0.0,0,0,100,64.34782608695649,64.34782608695649,0.0,0.0,0.0,True,True,True,False,0.0,993.368017837745,0.0,0.0,0.0,0.0,993.368017837745
2026-07-31T23:45:00Z,2026-08-01T00:00:00Z,2026-08-01,2026-08-01_8,0.0,0,0,100,64.34782608695649,64.34782608695649,0.0,0.0,0.0,True,True,True,False,0.0,993.368017837745,0.0,0.0,0.0,0.0,993.368017837745
2026-08-01T00:00:00Z,2026-08-01T00:15:00Z,2026-08-01,2026-08-01_9,0.0,100,14,0,64.34782608695649,52.138509316770154,0.03391476880607315,11.232571428571429,0.0,True,True,True,False,0.0,0.0,106.91212623635012,8.840546566805786,2880.175336431525,0.0,2995.9280092346808
2026-08-01T00:15:00Z,2026-08-01T00:30:00Z,2026-08-01,2026-08-01_10,-83.65355593361242,100,14,0,52.138509316770154,53.99629964720492,0.0232736070897114,18.349714285714285,0.0,True,True,True,False,-3358.0628690650365,0.0,106.91212623635012,8.840546566805786,6432.331429224825,0.0,3190.0212329629444
2026-08-01T00:30:00Z,2026-08-01T00:45:00Z,2026-08-01,2026-08-01_11,-86.0,100,14,0,53.99629964720492,58.57881544347821,0.026348534216701178,16.109714285714286,0.0,True,True,True,False,-3369.9100000000003,0.0,106.91212623635012,8.840546566805786,4368.344302021992,0.0,1114.1869748251477
2026-08-01T00:45:00Z,2026-08-01T01:00:00Z,2026-08-01,2026-08-01_12,-86.0,100,14,0,58.57881544347821,64.34782608695647,0.028581068212560387,14.851999999999999,0.0,True,True,True,False,-3294.0150000000003,0.0,106.91212623635012,8.840546566805786,3909.608632248966,0.0,731.3463050521215
2026-08-01T01:00:00Z,2026-08-01T01:15:00Z,2026-08-01,2026-08-01_13,0.0,0,0,100,64.34782608695647,64.34782608695647,0.0,0.0,0.0,True,True,True,False,0.0,993.368017837745,0.0,0.0,0.0,0.0,993.368017837745
2026-08-01T01:15:00Z,2026-08-01T01:30:00Z,2026-08-01,2026-08-01_14,0.0,0,0,100,64.34782608695647,64.34782608695647,0.0,0.0,0.0,True,True,True,False,0.0,993.368017837745,0.0,0.0,0.0,0.0,993.368017837745
2026-08-01T01:30:00Z,2026-08-01T01:45:00Z,2026-08-01,2026-08-01_15,0.0,0,0,100,64.34782608695647,64.34782608695647,0.0,0.0,0.0,True,True,True,False,0.0,993.368017837745,0.0,0.0,0.0,0.0,993.368017837745
2026-08-01T01:45:00Z,2026-08-01T02:00:00Z,2026-08-01,2026-08-01_16,0.0,0,0,100,64.34782608695647,64.34782608695647,0.0,0.0,0.0,True,True,True,False,0.0,993.368017837745,0.0,0.0,0.0,0.0,993.368017837745
2026-08-01T02:00:00Z,2026-08-01T02:15:00Z,2026-08-01,2026-08-01_17,0.0,0,0,100,64.34782608695647,64.34782608695647,0.0,0.0,0.0,True,True,True,False,0.0,993.368017837745,0.0,0.0,0.0,0.0,993.368017837745
2026-08-01T02:15:00Z,2026-08-01T02:30:00Z,2026-08-01,2026-08-01_18,0.0,0,0,100,64.34782608695647,64.34782608695647,0.0,0.0,0.0,True,True,True,False,0.0,993.368017837745,0.0,0.0,0.0,0.0,993.368017837745
2026-08-01T02:30:00Z,2026-08-01T02:45:00Z,2026-08-01,2026-08-01_19,0.0,0,0,100,64.34782608695647,64.34782608695647,0.0,0.0,0.0,True,True,True,False,0.0,993.368017837745,0.0,0.0,0.0,0.0,993.368017837745
2026-08-01T02:45:00Z,2026-08-01T03:00:00Z,2026-08-01,2026-08-01_20,0.0,0,0,100,64.34782608695647,64.34782608695647,0.0,0.0,0.0,True,True,True,False,0.0,993.368017837745,0.0,0.0,0.0,0.0,993.368017837745
2026-08-01T03:00:00Z,2026-08-01T03:15:00Z,2026-08-01,2026-08-01_21,0.0,0,0,100,64.34782608695647,64.34782608695647,0.0,0.0,0.0,True,True,True,False,0.0,993.368017837745,0.0,0.0,0.0,0.0,993.368017837745
2026-08-01T03:15:00Z,2026-08-01T03:30:00Z,2026-08-01,2026-08-01_22,0.0,0,0,100,64.34782608695647,64.34782608695647,0.0,0.0,0.0,True,True,True,False,0.0,993.368017837745,0.0,0.0,0.0,0.0,993.368017837745
2026-08-01T03:30:00Z,2026-08-01T03:45:00Z,2026-08-01,2026-08-01_23,0.0,0,0,100,64.34782608695647,64.34782608695647,0.0,0.0,0.0,True,True,True,False,0.0,993.368017837745,0.0,0.0,0.0,0.0,993.368017837745
2026-08-01T03:45:00Z,2026-08-01T04:00:00Z,2026-08-01,2026-08-01_24,0.0,0,0,100,64.34782608695647,64.34782608695647,0.0,0.0,0.0,True,True,True,False,0.0,993.368017837745,0.0,0.0,0.0,0.0,993.368017837745
2026-08-01T04:00:00Z,2026-08-01T04:15:00Z,2026-08-01,2026-08-01_25,0.0,0,0,100,64.34782608695647,64.34782608695647,0.0,0.0,0.0,True,True,True,False,0.0,993.368017837745,0.0,0.0,0.0,0.0,993.368017837745
2026-08-01T04:15:00Z,2026-08-01T04:30:00Z,2026-08-01,2026-08-01_26,0.0,0,0,100,64.34782608695647,64.34782608695647,0.0,0.0,0.0,True,True,True,False,0.0,993.368017837745,0.0,0.0,0.0,0.0,993.368017837745
2026-08-01T04:30:00Z,2026-08-01T04:45:00Z,2026-08-01,2026-08-01_27,0.0,0,0,100,64.34782608695647,64.34782608695647,0.0,0.0,0.0,True,True,True,False,0.0,993.368017837745,0.0,0.0,0.0,0.0,993.368017837745
2026-08-01T04:45:00Z,2026-08-01T05:00:00Z,2026-08-01,2026-08-01_28,0.0,0,0,100,64.34782608695647,64.34782608695647,0.0,0.0,0.0,True,True,True,False,0.0,993.368017837745,0.0,0.0,0.0,0.0,993.368017837745
2026-08-01T05:00:00Z,2026-08-01T05:15:00Z,2026-08-01,2026-08-01_29,0.0,9,9,91,64.34782608695647,63.62737888198753,0.002001242236024845,0.6628114285714286,0.0,True,True,True,False,0.0,903.964896232348,9.161568806814932,3.5478245955062597,133.80370715388324,0.0,1050.4779967885524
2026-08-01T05:15:00Z,2026-08-01T05:30:00Z,2026-08-01,2026-08-01_30,0.0,9,9,91,63.62737888198753,63.080279503105544,0.00151972049689441,0.5033314285714285,0.0,True,True,True,False,0.0,903.964896232348,9.161568806814932,3.5478245955062597,105.98314538579022,0.0,1022.6574350204594
2026-08-01T05:30:00Z,2026-08-01T05:45:00Z,2026-08-01,2026-08-01_31,0.0,9,9,91,63.080279503105544,63.00028571428567,0.00022220496894409934,0.07359428571428571,0.0,True,True,True,False,0.0,903.964896232348,9.161568806814932,3.5478245955062597,12.444282777265041,0.0,929.1185724119342
2026-08-01T05:45:00Z,2026-08-01T06:00:00Z,2026-08-01,2026-08-01_32,0.0,9,9,91,63.00028571428567,63.08199891677014,0.00025431031055900613,0.004525714285714285,0.09416571428571427,True,True,True,False,0.0,903.964896232348,9.161568806814932,3.5478245955062597,0.7065118420085431,-6.977537120314937,910.4032643563628
2026-08-01T06:00:00Z,2026-08-01T06:15:00Z,2026-08-01,2026-08-01_33,98.0,2,0,0,63.08199891677014,36.4127566807453,0.07408122843340234,0.03570285714285715,0.0,True,True,True,False,3941.07,0.0,2.161683151334972,0.0,5.87408039073156,0.0,3949.1057635420666
2026-08-01T06:15:00Z,2026-08-01T06:30:00Z,2026-08-01,2026-08-01_34,97.16552744228571,2,0,0,36.4127566807453,10.007950310558961,0.07334668436162871,0.00104,0.0,True,True,True,False,3490.6715733641136,0.0,2.161683151334972,0.0,0.13853982047910351,0.0,3492.9717963359276
2026-08-01T06:30:00Z,2026-08-01T06:45:00Z,2026-08-01,2026-08-01_35,0.0,2,0,0,10.007950310558961,9.999999999999954,2.2084195997239476e-05,0.007314285714285714,0.0,True,True,True,False,0.0,0.0,2.161683151334972,0.0,0.9743459901827061,0.0,3.136029141517678
2026-08-01T06:45:00Z,2026-08-01T07:00:00Z,2026-08-01,2026-08-01_36,-100.0,2,0,0,9.999999999999954,32.99152548571424,0.06386534857142857,0.009211428571428572,0.0,True,True,True,False,-326.75,0.0,2.161683151334972,0.0,1.2270669813863455,0.0,-323.3612498672787
2026-08-01T07:00:00Z,2026-08-01T07:15:00Z,2026-08-01,2026-08-01_37,84.0,16,0,0,32.99152548571424,10.065960268322936,0.06368212560386474,0.09151999999999999,0.0,True,True,True,False,3053.61,0.0,12.6373563546967,0.0,12.199893491891066,0.0,3078.447249846588
2026-08-01T07:15:00Z,2026-08-01T07:30:00Z,2026-08-01,2026-08-01_38,-33.784748798271714,16,0,0,10.065960268322936,16.51871809192543,0.01792432728778471,1.43232,0.0,True,True,True,False,-558.039588275453,0.0,12.6373563546967,0.0,252.97605104339377,0.0,-292.42618087736247
2026-08-01T07:30:00Z,2026-08-01T07:45:00Z,2026-08-01,2026-08-01_39,-100.00000000000001,16,0,0,16.51871809192543,38.984676491925434,0.06240544000000001,0.58048,0.0,True,True,True,False,-331.50000000000006,0.0,12.6373563546967,0.0,84.46170402302137,0.0,-234.40093962228198
2026-08-01T07:45:00Z,2026-08-01T08:00:00Z,2026-08-01,2026-08-01_40,-100.0,16,0,0,38.984676491925434,61.976769749068296,0.06386692571428573,0.008594285714285714,0.0,True,True,True,False,-365.5,0.0,12.6373563546967,0.0,1.1448565384646796,0.0,-351.7177871068386
2026-08-01T08:00:00Z,2026-08-01T08:15:00Z,2026-08-01,2026-08-01_41,9.0,0,4,91,61.976769749068296,59.53178838260867,0.006791614906832298,0.0,0.0006171428571428571,True,True,True,False,273.24,903.964896232348,0.0,1.804356526213481,0.0,-0.04704460253028087,1178.9622081560312
2026-08-01T08:15:00Z,2026-08-01T08:30:00Z,2026-08-01,2026-08-01_42,-5.0,0,4,91,59.53178838260867,60.68178838260867,0.0031944444444444446,0.0,0.0,True,True,True,False,-79.52499999999999,903.964896232348,0.0,1.804356526213481,0.0,0.0,826.2442527585615
2026-08-01T08:30:00Z,2026-08-01T08:45:00Z,2026-08-01,2026-08-01_43,-5.0,0,4,91,60.68178838260867,61.83193558260867,0.0031948533333333333,0.0,0.00016,True,True,True,False,-73.975,903.964896232348,0.0,1.804356526213481,0.0,-0.012196748804146895,831.7820560097573
2026-08-01T08:45:00Z,2026-08-01T09:00:00Z,2026-08-01,2026-08-01_44,-5.0,0,4,91,61.83193558260867,63.042434782608666,0.003362497777777778,0.0,0.06576,True,True,True,False,-77.7375,903.964896232348,0.0,1.804356526213481,0.0,-3.6604557772568747,824.3712969813046
2026-08-01T09:00:00Z,2026-08-01T09:15:00Z,2026-08-01,2026-08-01_45,9.0,0,9,91,63.042434782608666,61.10245962732916,0.005388819875776398,0.0,0.4652228571428571,True,True,True,False,204.165,903.964896232348,0.0,9.279915385055169,0.0,-28.753331283843934,1088.6564803335593
2026-08-01T09:15:00Z,2026-08-01T09:30:00Z,2026-08-01,2026-08-01_46,9.0,0,9,91,61.10245962732916,59.4565217391304,0.004572049689440994,0.0,0.7357371428571428,True,True,True,False,167.42249999999999,903.964896232348,0.0,9.279915385055169,0.0,-38.535307235557866,1042.1320043818453
2026-08-01T09:30:00Z,2026-08-01T09:45:00Z,2026-08-01,2026-08-01_47,3.247508505539887,0,9,91,59.4565217391304,59.64037243322158,0.0030430358206532207,0.0,1.0878171428571428,True,True,True,False,45.497594162613815,903.964896232348,0.0,9.279915385055169,0.0,-51.88883417921053,906.8535716008065
2026-08-01T09:45:00Z,2026-08-01T10:00:00Z,2026-08-01,2026-08-01_48,0.0,0,9,91,59.64037243322158,60.72282866179301,0.003006822857142857,0.0,1.1765828571428572,True,True,True,False,0.0,903.964896232348,0.0,9.279915385055169,0.0,-41.49555011638639,871.7492615010168
2026-08-01T10:00:00Z,2026-08-01T10:15:00Z,2026-08-01,2026-08-01_49,0.0,100,100,0,60.72282866179301,76.05213151893587,0.04258139682539682,0.0,16.662285714285712,True,True,True,False,0.0,0.0,77.43982619632955,102.91006803498942,0.0,4460.651988968476,4641.001883199795
2026-08-01T10:15:00Z,2026-08-01T10:30:00Z,2026-08-01,2026-08-01_50,0.0,100,100,0,76.05213151893587,93.30817723322158,0.04793346031746031,0.0,18.756571428571426,True,True,True,False,0.0,0.0,77.43982619632955,102.91006803498942,0.0,8670.881335108395,8851.231229339714
2026-08-01T10:30:00Z,2026-08-01T10:45:00Z,2026-08-01,2026-08-01_51,0.0,100,100,0,93.30817723322158,99.20458866179301,0.01637892063492063,0.0,6.409142857142856,True,True,True,False,0.0,0.0,77.43982619632955,102.91006803498942,0.0,42.617691493039956,222.9675857243589
2026-08-01T10:45:00Z,2026-08-01T11:00:00Z,2026-08-01,2026-08-01_52,0.0,100,100,0,99.20458866179301,109.05700009036444,0.027367809523809523,0.0,10.709142857142858,True,True,True,False,0.0,0.0,77.43982619632955,102.91006803498942,0.0,216.82580494458378,397.17569917590276
2026-08-01T11:00:00Z,2026-08-01T11:15:00Z,2026-08-01,2026-08-01_53,-18.0,18,0,82,109.05700009036444,113.19700009036444,0.011500000000000002,0.0,0.0,True,True,True,False,-67.23,814.5617746269509,13.939168715339315,0.0,0.0,0.0,761.2709433422901
2026-08-01T11:15:00Z,2026-08-01T11:30:00Z,2026-08-01,2026-08-01_54,-18.0,18,0,82,113.19700009036444,117.33700009036444,0.0115,0.0,0.0,True,True,True,False,-67.185,814.5617746269509,13.939168715339315,0.0,0.0,0.0,761.3159433422902
2026-08-01T11:30:00Z,2026-08-01T11:45:00Z,2026-08-01,2026-08-01_55,-18.0,18,0,82,117.33700009036444,121.47700009036444,0.0115,0.0,0.0,True,True,True,False,-68.715,814.5617746269509,13.939168715339315,0.0,0.0,0.0,759.7859433422901
2026-08-01T11:45:00Z,2026-08-01T12:00:00Z,2026-08-01,2026-08-01_56,-18.0,18,0,82,121.47700009036444,125.61700009036444,0.0115,0.0,0.0,True,True,True,False,-68.67,814.5617746269509,13.939168715339315,0.0,0.0,0.0,759.8309433422902
2026-08-01T12:00:00Z,2026-08-01T12:15:00Z,2026-08-01,2026-08-01_57,-9.0,9,0,91,125.61700009036444,127.6845397475073,0.0057431657142857145,0.002674285714285714,0.0,True,True,True,False,-29.115,903.964896232348,6.8383740209250465,0.0,0.3562452526605519,0.0,882.0445155059336
2026-08-01T12:15:00Z,2026-08-01T12:30:00Z,2026-08-01,2026-08-01_58,-9.0,9,0,91,127.6845397475073,129.7545397475073,0.005750000000000001,0.0,0.0,True,True,True,False,-29.0925,903.964896232348,6.8383740209250465,0.0,0.0,0.0,881.710770253273
2026-08-01T12:30:00Z,2026-08-01T12:45:00Z,2026-08-01,2026-08-01_59,-9.0,9,0,91,129.7545397475073,131.8245397475073,0.005750000000000001,0.0,0.0,True,True,True,False,-33.57,903.964896232348,6.8383740209250465,0.0,0.0,0.0,877.2332702532731
2026-08-01T12:45:00Z,2026-08-01T13:00:00Z,2026-08-01,2026-08-01_60,-9.0,9,0,91,131.8245397475073,133.88815231893585,0.005732257142857143,0.006942857142857143,0.0,True,True,True,False,-58.86,903.964896232348,6.8383740209250465,0.0,0.9248674828687405,0.0,852.8681377361418
2026-08-01T13:00:00Z,2026-08-01T13:15:00Z,2026-08-01,2026-08-01_61,-49.0,49,0,51,133.88815231893585,145.11075391893584,0.031173893333333338,0.05152,0.0,True,True,True,False,-137.935,506.6176890972499,36.64284489165857,0.0,6.863049568349437,0.0,412.1885835572579
2026-08-01T13:15:00Z,2026-08-01T13:30:00Z,2026-08-01,2026-08-01_62,-48.99999999999986,49,0,51,145.11075391893584,155.76122591893582,0.029584644444444367,0.6734,0.0,True,True,True,False,-167.08999999999952,506.6176890972499,36.64284489165857,0.0,92.38078318373259,0.0,468.5513171726416
2026-08-01T13:30:00Z,2026-08-01T13:45:00Z,2026-08-01,2026-08-01_63,-49.00000000000012,49,0,51,155.76122591893582,166.53972511893585,0.02994027555555564,0.53424,0.0,True,True,True,False,-293.1425000000007,506.6176890972499,36.64284489165857,0.0,71.2016599165285,0.0,321.3196939054363
2026-08-01T13:45:00Z,2026-08-01T14:00:00Z,2026-08-01,2026-08-01_64,-0.1440417599596509,49,0,51,166.53972511893585,166.53999999999954,0.00018283545257250183,0.03024,0.0,True,True,True,False,-2.257854587367528,506.6176890972499,36.64284489165857,0.0,4.028311703161625,0.0,545.0309911047026
2026-08-01T14:00:00Z,2026-08-01T14:15:00Z,2026-08-01,2026-08-01_65,-100.00000000000021,100,0,0,166.53999999999954,189.5084571428567,0.06380126984126998,0.03428571428571429,0.0,True,True,True,False,-607.2500000000013,0.0,84.75787547881767,0.0,4.567246828981435,0.0,-517.9248776922021
2026-08-01T14:15:00Z,2026-08-01T14:30:00Z,2026-08-01,2026-08-01_66,-6.810755906182661,100,0,0,189.5084571428567,189.99996010100216,0.006989440167384259,0.9994285714285714,0.0,True,True,True,False,-118.98390568101108,0.0,84.75787547881767,0.0,133.17333812491324,0.0,98.94730792271983
2026-08-01T14:30:00Z,2026-08-01T14:45:00Z,2026-08-01,2026-08-01_67,-0.14319779630579363,100,0,0,189.99996010100216,181.18453167701816,0.02461068276293053,8.142285714285714,0.0,True,True,True,False,-4.702973625173027,0.0,84.75787547881767,0.0,1295.070786445274,0.0,1375.1256882989187
2026-08-01T14:45:00Z,2026-08-01T15:00:00Z,2026-08-01,2026-08-01_68,0.0,100,0,0,181.18453167701816,172.94912795031007,0.022876121463077985,7.5765714285714285,0.0,True,True,True,False,0.0,0.0,84.75787547881767,0.0,1414.156162924606,0.0,1498.9140384034235
2026-08-01T15:00:00Z,2026-08-01T15:15:00Z,2026-08-01,2026-08-01_69,0.0,38,96,4,172.94912795031007,182.09095451428522,0.02674848303657695,0.22430857142857138,10.201782857142858,True,True,True,False,0.0,39.7347207135098,40.62660796981305,37.34949402549882,46.69463844208313,-92.3318410741851,72.07362007671969
2026-08-01T15:15:00Z,2026-08-01T15:30:00Z,2026-08-01,2026-08-01_70,0.0,38,96,4,182.09095451428522,186.03103588571378,0.010944670476190476,0.0,4.282697142857143,True,True,True,False,0.0,39.7347207135098,40.62660796981305,37.34949402549882,0.0,-214.95184489655904,-97.24102218773737
2026-08-01T15:30:00Z,2026-08-01T15:45:00Z,2026-08-01,2026-08-01_71,57.99999999999994,38,96,4,186.03103588571378,176.23829813664545,0.03902962771566595,0.0,5.846125714285714,True,True,True,False,2414.8299999999977,39.7347207135098,40.62660796981305,37.34949402549882,0.0,-240.28576052010422,2292.2550621887153
2026-08-01T15:45:00Z,2026-08-01T16:00:00Z,2026-08-01,2026-08-01_72,57.030803971560644,38,96,4,176.23829813664545,160.3378881987572,0.04493605524758355,0.7178742857142858,0.37028571428571433,True,True,True,False,2558.1167121443527,39.7347207135098,40.62660796981305,37.34949402549882,147.58265681125806,-24.987387799439716,2798.4228038649926
2026-08-01T16:00:00Z,2026-08-01T16:15:00Z,2026-08-01,2026-08-01_73,100.0,0,100,0,160.3378881987572,142.09999999999945,0.050660800552104895,0.0,8.221142857142857,True,True,True,False,4683.0,0.0,0.0,38.90572294322794,0.0,-92.76497387772214,4629.140749065506
2026-08-01T16:15:00Z,2026-08-01T16:30:00Z,2026-08-01,2026-08-01_74,100.0,0,100,0,142.09999999999945,118.69503105590007,0.06501380262249827,0.0,3.467428571428571,True,True,True,False,4866.0,0.0,0.0,38.90572294322794,0.0,-169.40132759432743,4735.5043953489
2026-08-01T16:30:00Z,2026-08-01T16:45:00Z,2026-08-01,2026-08-01_75,100.0,0,100,0,118.69503105590007,91.52173913043423,0.07548136645962733,0.0,0.0005714285714285715,True,True,True,False,4824.0,0.0,0.0,38.90572294322794,0.0,-0.043668716700561654,4862.862054226527
2026-08-01T16:45:00Z,2026-08-01T17:00:00Z,2026-08-01,2026-08-01_76,100.0,0,100,0,91.52173913043423,64.34782608695598,0.07548309178743962,0.0,0.0,True,True,True,False,5896.25,0.0,0.0,38.90572294322794,0.0,0.0,5935.155722943228
2026-08-01T17:00:00Z,2026-08-01T17:15:00Z,2026-08-01,2026-08-01_77,0.0,0,0,100,64.34782608695598,64.34782608695598,0.0,0.0,0.0,True,True,True,False,0.0,993.368017837745,0.0,0.0,0.0,0.0,993.368017837745
2026-08-01T17:15:00Z,2026-08-01T17:30:00Z,2026-08-01,2026-08-01_78,0.0,0,0,100,64.34782608695598,64.34782608695598,0.0,0.0,0.0,True,True,True,False,0.0,993.368017837745,0.0,0.0,0.0,0.0,993.368017837745
2026-08-01T17:30:00Z,2026-08-01T17:45:00Z,2026-08-01,2026-08-01_79,0.0,0,0,100,64.34782608695598,64.34782608695598,0.0,0.0,0.0,True,True,True,False,0.0,993.368017837745,0.0,0.0,0.0,0.0,993.368017837745
2026-08-01T17:45:00Z,2026-08-01T18:00:00Z,2026-08-01,2026-08-01_80,0.0,0,0,100,64.34782608695598,64.34782608695598,0.0,0.0,0.0,True,True,True,False,0.0,993.368017837745,0.0,0.0,0.0,0.0,993.368017837745
2026-08-01T18:00:00Z,2026-08-01T18:15:00Z,2026-08-01,2026-08-01_81,0.0,0,0,100,64.34782608695598,64.34782608695598,0.0,0.0,0.0,True,True,True,False,0.0,993.368017837745,0.0,0.0,0.0,0.0,993.368017837745
2026-08-01T18:15:00Z,2026-08-01T18:30:00Z,2026-08-01,2026-08-01_82,0.0,0,0,100,64.34782608695598,64.34782608695598,0.0,0.0,0.0,True,True,True,False,0.0,993.368017837745,0.0,0.0,0.0,0.0,993.368017837745
2026-08-01T18:30:00Z,2026-08-01T18:45:00Z,2026-08-01,2026-08-01_83,0.0,0,0,100,64.34782608695598,64.34782608695598,0.0,0.0,0.0,True,True,True,False,0.0,993.368017837745,0.0,0.0,0.0,0.0,993.368017837745
2026-08-01T18:45:00Z,2026-08-01T19:00:00Z,2026-08-01,2026-08-01_84,0.0,0,0,100,64.34782608695598,64.34782608695598,0.0,0.0,0.0,True,True,True,False,0.0,993.368017837745,0.0,0.0,0.0,0.0,993.368017837745
2026-08-01T19:00:00Z,2026-08-01T19:15:00Z,2026-08-01,2026-08-01_85,0.0,0,0,100,64.34782608695598,64.34782608695598,0.0,0.0,0.0,True,True,True,False,0.0,993.368017837745,0.0,0.0,0.0,0.0,993.368017837745
2026-08-01T19:15:00Z,2026-08-01T19:30:00Z,2026-08-01,2026-08-01_86,0.0,0,0,100,64.34782608695598,64.34782608695598,0.0,0.0,0.0,True,True,True,False,0.0,993.368017837745,0.0,0.0,0.0,0.0,993.368017837745
2026-08-01T19:30:00Z,2026-08-01T19:45:00Z,2026-08-01,2026-08-01_87,0.0,0,0,100,64.34782608695598,64.34782608695598,0.0,0.0,0.0,True,True,True,False,0.0,993.368017837745,0.0,0.0,0.0,0.0,993.368017837745
2026-08-01T19:45:00Z,2026-08-01T20:00:00Z,2026-08-01,2026-08-01_88,0.0,0,0,100,64.34782608695598,64.34782608695598,0.0,0.0,0.0,True,True,True,False,0.0,993.368017837745,0.0,0.0,0.0,0.0,993.368017837745
2026-08-01T20:00:00Z,2026-08-01T20:15:00Z,2026-08-01,2026-08-01_89,0.0,0,0,100,64.34782608695598,64.34782608695598,0.0,0.0,0.0,True,True,True,False,0.0,993.368017837745,0.0,0.0,0.0,0.0,993.368017837745
2026-08-01T20:15:00Z,2026-08-01T20:30:00Z,2026-08-01,2026-08-01_90,0.0,0,0,100,64.34782608695598,64.34782608695598,0.0,0.0,0.0,True,True,True,False,0.0,993.368017837745,0.0,0.0,0.0,0.0,993.368017837745
2026-08-01T20:30:00Z,2026-08-01T20:45:00Z,2026-08-01,2026-08-01_91,0.0,0,0,100,64.34782608695598,64.34782608695598,0.0,0.0,0.0,True,True,True,False,0.0,993.368017837745,0.0,0.0,0.0,0.0,993.368017837745
2026-08-01T20:45:00Z,2026-08-01T21:00:00Z,2026-08-01,2026-08-01_92,0.0,0,0,100,64.34782608695598,64.34782608695598,0.0,0.0,0.0,True,True,True,False,0.0,993.368017837745,0.0,0.0,0.0,0.0,993.368017837745
2026-08-01T21:00:00Z,2026-08-01T21:15:00Z,2026-08-02,2026-08-01_93,0.0,0,0,100,64.34782608695598,64.34782608695598,0.0,0.0,0.0,True,True,True,False,0.0,993.368017837745,0.0,0.0,0.0,0.0,993.368017837745
2026-08-01T21:15:00Z,2026-08-01T21:30:00Z,2026-08-02,2026-08-01_94,0.0,0,0,100,64.34782608695598,64.34782608695598,0.0,0.0,0.0,True,True,True,False,0.0,993.368017837745,0.0,0.0,0.0,0.0,993.368017837745
2026-08-01T21:30:00Z,2026-08-01T21:45:00Z,2026-08-02,2026-08-01_95,0.0,0,0,100,64.34782608695598,64.34782608695598,0.0,0.0,0.0,True,True,True,False,0.0,993.368017837745,0.0,0.0,0.0,0.0,993.368017837745
2026-08-01T21:45:00Z,2026-08-01T22:00:00Z,2026-08-02,2026-08-01_96,0.0,0,0,100,64.34782608695598,64.34782608695598,0.0,0.0,0.0,True,True,True,False,0.0,993.368017837745,0.0,0.0,0.0,0.0,993.368017837745
2026-08-01T22:00:00Z,2026-08-01T22:15:00Z,2026-08-02,2026-08-02_1,0.0,0,0,100,64.34782608695598,64.34782608695598,0.0,0.0,0.0,True,True,True,False,0.0,993.368017837745,0.0,0.0,0.0,0.0,993.368017837745
2026-08-01T22:15:00Z,2026-08-01T22:30:00Z,2026-08-02,2026-08-02_2,0.0,0,0,100,64.34782608695598,64.34782608695598,0.0,0.0,0.0,True,True,True,False,0.0,993.368017837745,0.0,0.0,0.0,0.0,993.368017837745
2026-08-01T22:30:00Z,2026-08-01T22:45:00Z,2026-08-02,2026-08-02_3,0.0,0,0,100,64.34782608695598,64.34782608695598,0.0,0.0,0.0,True,True,True,False,0.0,993.368017837745,0.0,0.0,0.0,0.0,993.368017837745
2026-08-01T22:45:00Z,2026-08-01T23:00:00Z,2026-08-02,2026-08-02_4,0.0,0,0,100,64.34782608695598,64.34782608695598,0.0,0.0,0.0,True,True,True,False,0.0,993.368017837745,0.0,0.0,0.0,0.0,993.368017837745
2026-08-01T23:00:00Z,2026-08-01T23:15:00Z,2026-08-02,2026-08-02_5,0.0,0,0,100,64.34782608695598,64.34782608695598,0.0,0.0,0.0,True,True,True,False,0.0,993.368017837745,0.0,0.0,0.0,0.0,993.368017837745
2026-08-01T23:15:00Z,2026-08-01T23:30:00Z,2026-08-02,2026-08-02_6,0.0,0,0,100,64.34782608695598,64.34782608695598,0.0,0.0,0.0,True,True,True,False,0.0,993.368017837745,0.0,0.0,0.0,0.0,993.368017837745
2026-08-01T23:30:00Z,2026-08-01T23:45:00Z,2026-08-02,2026-08-02_7,0.0,0,0,100,64.34782608695598,64.34782608695598,0.0,0.0,0.0,True,True,True,False,0.0,993.368017837745,0.0,0.0,0.0,0.0,993.368017837745
2026-08-01T23:45:00Z,2026-08-02T00:00:00Z,2026-08-02,2026-08-02_8,0.0,0,0,100,64.34782608695598,64.34782608695598,0.0,0.0,0.0,True,True,True,False,0.0,993.368017837745,0.0,0.0,0.0,0.0,993.368017837745
2026-08-02T00:00:00Z,2026-08-02T00:15:00Z,2026-08-02,2026-08-02_9,0.0,0,0,100,64.34782608695598,64.34782608695598,0.0,0.0,0.0,True,True,True,False,0.0,993.368017837745,0.0,0.0,0.0,0.0,993.368017837745
2026-08-02T00:15:00Z,2026-08-02T00:30:00Z,2026-08-02,2026-08-02_10,0.0,0,0,100,64.34782608695598,64.34782608695598,0.0,0.0,0.0,True,True,True,False,0.0,993.368017837745,0.0,0.0,0.0,0.0,993.368017837745
2026-08-02T00:30:00Z,2026-08-02T00:45:00Z,2026-08-02,2026-08-02_11,0.0,0,0,100,64.34782608695598,64.34782608695598,0.0,0.0,0.0,True,True,True,False,0.0,993.368017837745,0.0,0.0,0.0,0.0,993.368017837745
2026-08-02T00:45:00Z,2026-08-02T01:00:00Z,2026-08-02,2026-08-02_12,0.0,0,0,100,64.34782608695598,64.34782608695598,0.0,0.0,0.0,True,True,True,False,0.0,993.368017837745,0.0,0.0,0.0,0.0,993.368017837745
2026-08-02T01:00:00Z,2026-08-02T01:15:00Z,2026-08-02,2026-08-02_13,0.0,0,0,100,64.34782608695598,64.34782608695598,0.0,0.0,0.0,True,True,True,False,0.0,993.368017837745,0.0,0.0,0.0,0.0,993.368017837745
2026-08-02T01:15:00Z,2026-08-02T01:30:00Z,2026-08-02,2026-08-02_14,0.0,0,0,100,64.34782608695598,64.34782608695598,0.0,0.0,0.0,True,True,True,False,0.0,993.368017837745,0.0,0.0,0.0,0.0,993.368017837745
2026-08-02T01:30:00Z,2026-08-02T01:45:00Z,2026-08-02,2026-08-02_15,0.0,0,0,100,64.34782608695598,64.34782608695598,0.0,0.0,0.0,True,True,True,False,0.0,993.368017837745,0.0,0.0,0.0,0.0,993.368017837745
2026-08-02T01:45:00Z,2026-08-02T02:00:00Z,2026-08-02,2026-08-02_16,0.0,0,0,100,64.34782608695598,64.34782608695598,0.0,0.0,0.0,True,True,True,False,0.0,993.368017837745,0.0,0.0,0.0,0.0,993.368017837745
2026-08-02T02:00:00Z,2026-08-02T02:15:00Z,2026-08-02,2026-08-02_17,0.0,0,0,100,64.34782608695598,64.34782608695598,0.0,0.0,0.0,True,True,True,False,0.0,993.368017837745,0.0,0.0,0.0,0.0,993.368017837745
2026-08-02T02:15:00Z,2026-08-02T02:30:00Z,2026-08-02,2026-08-02_18,0.0,0,0,100,64.34782608695598,64.34782608695598,0.0,0.0,0.0,True,True,True,False,0.0,993.368017837745,0.0,0.0,0.0,0.0,993.368017837745
2026-08-02T02:30:00Z,2026-08-02T02:45:00Z,2026-08-02,2026-08-02_19,0.0,0,0,100,64.34782608695598,64.34782608695598,0.0,0.0,0.0,True,True,True,False,0.0,993.368017837745,0.0,0.0,0.0,0.0,993.368017837745
2026-08-02T02:45:00Z,2026-08-02T03:00:00Z,2026-08-02,2026-08-02_20,0.0,0,0,100,64.34782608695598,64.34782608695598,0.0,0.0,0.0,True,True,True,False,0.0,993.368017837745,0.0,0.0,0.0,0.0,993.368017837745
2026-08-02T03:00:00Z,2026-08-02T03:15:00Z,2026-08-02,2026-08-02_21,0.0,0,0,100,64.34782608695598,64.34782608695598,0.0,0.0,0.0,True,True,True,False,0.0,993.368017837745,0.0,0.0,0.0,0.0,993.368017837745
2026-08-02T03:15:00Z,2026-08-02T03:30:00Z,2026-08-02,2026-08-02_22,0.0,0,0,100,64.34782608695598,64.34782608695598,0.0,0.0,0.0,True,True,True,False,0.0,993.368017837745,0.0,0.0,0.0,0.0,993.368017837745
2026-08-02T03:30:00Z,2026-08-02T03:45:00Z,2026-08-02,2026-08-02_23,0.0,0,0,100,64.34782608695598,64.34782608695598,0.0,0.0,0.0,True,True,True,False,0.0,993.368017837745,0.0,0.0,0.0,0.0,993.368017837745
2026-08-02T03:45:00Z,2026-08-02T04:00:00Z,2026-08-02,2026-08-02_24,0.0,0,0,100,64.34782608695598,64.34782608695598,0.0,0.0,0.0,True,True,True,False,0.0,993.368017837745,0.0,0.0,0.0,0.0,993.368017837745
2026-08-02T04:00:00Z,2026-08-02T04:15:00Z,2026-08-02,2026-08-02_25,0.0,0,0,100,64.34782608695598,64.34782608695598,0.0,0.0,0.0,True,True,True,False,0.0,993.368017837745,0.0,0.0,0.0,0.0,993.368017837745
2026-08-02T04:15:00Z,2026-08-02T04:30:00Z,2026-08-02,2026-08-02_26,0.0,0,0,100,64.34782608695598,64.34782608695598,0.0,0.0,0.0,True,True,True,False,0.0,993.368017837745,0.0,0.0,0.0,0.0,993.368017837745
2026-08-02T04:30:00Z,2026-08-02T04:45:00Z,2026-08-02,2026-08-02_27,0.0,0,0,100,64.34782608695598,64.34782608695598,0.0,0.0,0.0,True,True,True,False,0.0,993.368017837745,0.0,0.0,0.0,0.0,993.368017837745
2026-08-02T04:45:00Z,2026-08-02T05:00:00Z,2026-08-02,2026-08-02_28,0.0,0,0,100,64.34782608695598,64.34782608695598,0.0,0.0,0.0,True,True,True,False,0.0,993.368017837745,0.0,0.0,0.0,0.0,993.368017837745
2026-08-02T05:00:00Z,2026-08-02T05:15:00Z,2026-08-02,2026-08-02_29,49.0,0,49,51,64.34782608695598,51.77582608695597,0.034922222222222216,0.0,0.68376,True,True,True,False,1887.2350000000001,459.23617860614024,0.0,21.29094963123892,0.0,-46.741908135612604,2321.020220101767
2026-08-02T05:15:00Z,2026-08-02T05:30:00Z,2026-08-02,2026-08-02_30,49.0,0,49,51,51.77582608695597,41.56982608695597,0.028350000000000004,0.0,2.86048,True,True,True,False,1746.85,459.23617860614024,0.0,21.29094963123892,0.0,-74.1507196158024,2153.226408621577
2026-08-02T05:30:00Z,2026-08-02T05:45:00Z,2026-08-02,2026-08-02_31,24.987551981265273,0,49,51,41.56982608695597,37.71739130434728,0.018021543533468225,0.0,2.92264,True,True,True,False,850.2639250425042,459.23617860614024,0.0,21.29094963123892,0.0,-173.50365733234233,1157.287395947541
2026-08-02T05:45:00Z,2026-08-02T06:00:00Z,2026-08-02,2026-08-02_32,2.1239049166742123e-14,0,49,51,37.71739130434728,40.552021704347275,0.007873973333333341,0.0,3.0811199999999994,True,True,True,False,6.494901235189741e-13,459.23617860614024,0.0,21.29094963123892,0.0,-44.714494905951625,435.8126333314282
2026-08-02T06:00:00Z,2026-08-02T06:15:00Z,2026-08-02,2026-08-02_33,83.0,0,83,17,40.552021704347275,19.59117077267026,0.05822458592132505,0.0,1.466017142857143,True,True,True,False,3169.355,153.07872620204677,0.0,30.061460179520896,0.0,-8.518170615091844,3343.9770157664757
2026-08-02T06:15:00Z,2026-08-02T06:30:00Z,2026-08-02,2026-08-02_34,1.2955084434285742,0,83,17,19.59117077267026,19.239130434782062,0.0009778898274672208,0.0,0.0,True,True,True,False,42.21090385801152,153.07872620204677,0.0,30.061460179520896,0.0,0.0,225.35109023957918
2026-08-02T06:30:00Z,2026-08-02T06:45:00Z,2026-08-02,2026-08-02_35,0.0,0,83,17,19.239130434782062,19.239130434782062,0.0,0.0,0.0,True,True,True,False,0.0,153.07872620204677,0.0,30.061460179520896,0.0,0.0,183.14018638156767
2026-08-02T06:45:00Z,2026-08-02T07:00:00Z,2026-08-02,2026-08-02_36,6.659856952365415,0,83,17,19.239130434782062,19.239130434782062,0.00911467379036291,0.0,1.93888,True,True,True,False,155.20796627487601,153.07872620204677,0.0,30.061460179520896,0.0,26.401180584300494,364.7493332407442
2026-08-02T07:00:00Z,2026-08-02T07:15:00Z,2026-08-02,2026-08-02_37,7.0,93,100,0,19.239130434782062,12.193933515527405,0.024269000966183573,5.578937142857143,0.9885714285714285,True,True,True,False,183.57500000000002,0.0,77.14996283803099,45.02315476530787,824.3022363370549,14.345052557641889,1144.3954064980355
2026-08-02T07:15:00Z,2026-08-02T07:30:00Z,2026-08-02,2026-08-02_38,6.329556777819026,93,100,0,12.193933515527405,9.99999999999945,0.00645538162646342,0.5006057142857142,0.07542857142857143,True,True,True,False,133.80683028309423,0.0,77.14996283803099,45.02315476530787,66.68637094995792,-5.441600823280544,317.2247180131105
2026-08-02T07:30:00Z,2026-08-02T07:45:00Z,2026-08-02,2026-08-02_39,6.167821153683309,93,100,0,9.99999999999945,9.999999999999446,0.008646262930772038,0.001062857142857143,1.802857142857143,True,True,True,False,84.0828218775877,0.0,77.14996283803099,45.02315476530787,0.1415846516984245,3.8501357160553313,210.2476598486803
2026-08-02T07:45:00Z,2026-08-02T08:00:00Z,2026-08-02,2026-08-02_40,7.000000000000009,93,100,0,9.999999999999446,11.57275223850876,0.013359819020013805,0.0,3.7297142857142855,True,True,True,False,19.617500000000028,0.0,77.14996283803099,45.02315476530787,0.0,-112.32145489789305,29.46916270544584
2026-08-02T08:00:00Z,2026-08-02T08:15:00Z,2026-08-02,2026-08-02_41,0.0,100,100,0,11.57275223850876,17.89236366708019,0.017554476190476193,0.0,6.869142857142857,True,True,True,False,0.0,0.0,82.24229603796238,45.10891315533703,0.0,34.07800713836504,161.42921633166443
2026-08-02T08:15:00Z,2026-08-02T08:30:00Z,2026-08-02,2026-08-02_42,0.0,100,100,0,17.89236366708019,29.071677952794474,0.031053650793650793,0.0,12.151428571428571,True,True,True,False,0.0,0.0,82.24229603796238,45.10891315533703,0.0,339.3683521593418,466.71956135264116
2026-08-02T08:30:00Z,2026-08-02T08:45:00Z,2026-08-02,2026-08-02_43,0.0,100,100,0,29.071677952794474,44.869917952794474,0.04388399999999999,0.0,17.171999999999997,True,True,True,False,0.0,0.0,82.24229603796238,45.10891315533703,0.0,2176.8937167686236,2304.244925961923
2026-08-02T08:45:00Z,2026-08-02T09:00:00Z,2026-08-02,2026-08-02_44,0.0,100,100,0,44.869917952794474,61.544523667080185,0.04631834920634921,0.0,18.12457142857143,True,True,True,False,0.0,0.0,82.24229603796238,45.10891315533703,0.0,1036.4057764673532,1163.7569856606526
2026-08-02T09:00:00Z,2026-08-02T09:15:00Z,2026-08-02,2026-08-02_45,0.0,100,100,0,61.544523667080185,76.33286652422305,0.04107873015873016,0.0,16.074285714285715,True,True,True,False,0.0,0.0,82.81401863815675,103.11017094505745,0.0,3549.931851755053,3735.856041338267
2026-08-02T09:15:00Z,2026-08-02T09:30:00Z,2026-08-02,2026-08-02_46,0.0,100,100,0,76.33286652422305,87.28191795279449,0.030414031746031748,0.0,11.901142857142858,True,True,True,False,0.0,0.0,82.81401863815675,103.11017094505745,0.0,407.8930564017958,593.81724598501
2026-08-02T09:30:00Z,2026-08-02T09:45:00Z,2026-08-02,2026-08-02_47,0.0,100,100,0,87.28191795279449,92.3608436670802,0.014108126984126983,0.0,5.5205714285714285,True,True,True,False,0.0,0.0,82.81401863815675,103.11017094505745,0.0,-47.17835545355299,138.7458341296612
2026-08-02T09:45:00Z,2026-08-02T10:00:00Z,2026-08-02,2026-08-02_48,0.0,100,100,0,92.3608436670802,100.3722036670802,0.02225377777777778,0.0,8.708,True,True,True,False,0.0,0.0,82.81401863815675,103.11017094505745,0.0,204.37156404245994,390.29575362567414
2026-08-02T10:00:00Z,2026-08-02T10:15:00Z,2026-08-02,2026-08-02_49,-29.0,29,0,71,100.3722036670802,107.0422036670802,0.018527777777777782,0.0,0.0,True,True,True,False,-21.967499999999998,705.291292664799,23.808815962494993,0.0,0.0,0.0,707.132608627294
2026-08-02T10:15:00Z,2026-08-02T10:30:00Z,2026-08-02,2026-08-02_50,-29.0,29,0,71,107.0422036670802,113.7058004670802,0.018509991111111117,0.00696,0.0,True,True,True,False,-21.75,705.291292664799,23.808815962494993,0.0,0.6208994339946258,0.0,707.9710080612887
2026-08-02T10:30:00Z,2026-08-02T10:45:00Z,2026-08-02,2026-08-02_51,-29.0,29,0,71,113.7058004670802,120.37320869565163,0.018520578412698413,0.0028171428571428575,0.0,True,True,True,False,-25.81,705.291292664799,23.808815962494993,0.0,0.2513164375692533,0.0,703.5414250648632
2026-08-02T10:45:00Z,2026-08-02T11:00:00Z,2026-08-02,2026-08-02_52,-29.0,29,0,71,120.37320869565163,127.04320869565163,0.018527777777777782,0.0,0.0,True,True,True,False,-30.5225,705.291292664799,23.808815962494993,0.0,0.0,0.0,698.577608627294
2026-08-02T11:00:00Z,2026-08-02T11:15:00Z,2026-08-02,2026-08-02_53,0.0,29,29,71,127.04320869565163,130.78557418136592,0.010395459682539682,0.0,4.067788571428571,True,True,True,False,0.0,705.291292664799,23.808815962494993,29.84391973014693,0.0,324.1571587161833,1083.1011870736243
2026-08-02T11:15:00Z,2026-08-02T11:30:00Z,2026-08-02,2026-08-02_54,0.0,29,29,71,130.78557418136592,133.03431703850876,0.006246507936507936,0.0,2.4442857142857144,True,True,True,False,0.0,705.291292664799,23.808815962494993,29.84391973014693,0.0,183.8228814274552,942.7669097848961
2026-08-02T11:30:00Z,2026-08-02T11:45:00Z,2026-08-02,2026-08-02_55,0.0,29,29,71,133.03431703850876,133.5546532670802,0.0014453784126984123,0.0,0.565582857142857,True,True,True,False,0.0,705.291292664799,23.808815962494993,29.84391973014693,0.0,-10.372953218389863,748.5710751390511
2026-08-02T11:45:00Z,2026-08-02T12:00:00Z,2026-08-02,2026-08-02_56,0.0,29,29,71,133.5546532670802,134.85065137888142,0.0036290147688060733,0.0048057142857142856,1.4143714285714286,True,True,True,False,0.0,705.291292664799,23.808815962494993,29.84391973014693,0.4278828567617087,-7.306763609039751,752.0651476051629
2026-08-02T12:00:00Z,2026-08-02T12:15:00Z,2026-08-02,2026-08-02_57,0.0,29,29,71,134.85065137888142,138.46327583602428,0.010035067936507937,0.0,3.9267657142857146,True,True,True,False,0.0,705.291292664799,23.327997255731518,29.84391973014693,0.0,172.63311209519998,931.0963217458774
2026-08-02T12:15:00Z,2026-08-02T12:30:00Z,2026-08-02,2026-08-02_58,0.0,29,29,71,138.46327583602428,139.6470352298131,0.0040627546997929614,0.12826285714285715,1.4382342857142858,True,True,True,False,0.0,705.291292664799,23.327997255731518,29.84391973014693,14.171196556596454,31.0231901859732,803.6575963932471
2026-08-02T12:30:00Z,2026-08-02T12:45:00Z,2026-08-02,2026-08-02_59,0.0,29,29,71,139.6470352298131,139.34676814906777,0.0008340752242926157,0.2762457142857143,0.0,True,True,True,False,0.0,705.291292664799,23.327997255731518,29.84391973014693,29.575185307273678,0.0,788.0383949579511
2026-08-02T12:45:00Z,2026-08-02T13:00:00Z,2026-08-02,2026-08-02_60,0.0,29,29,71,139.34676814906777,138.42993585093112,0.0025467563837129055,0.8434857142857143,0.0,True,True,True,False,0.0,705.291292664799,23.327997255731518,29.84391973014693,98.85225628418424,0.0,857.3154659348617
2026-08-02T13:00:00Z,2026-08-02T13:15:00Z,2026-08-02,2026-08-02_61,-22.0,29,7,71,138.42993585093112,143.10218751801187,0.013569539654934437,0.4055028571428571,0.0018,True,True,True,False,-41.910000000000004,705.291292664799,23.054427991538503,3.157623920873592,52.240186653816515,-0.13721342404665254,741.6963178069809
2026-08-02T13:15:00Z,2026-08-02T13:30:00Z,2026-08-02,2026-08-02_62,-22.0,29,7,71,143.10218751801187,148.1491911155274,0.014050855403726708,0.021542857142857145,0.00836,True,True,True,False,-39.269999999999996,705.291292664799,23.054427991538503,3.157623920873592,2.0153551622467063,-0.5600449602652792,693.6886547791926
2026-08-02T13:30:00Z,2026-08-02T13:45:00Z,2026-08-02,2026-08-02_63,-22.0,29,7,71,148.1491911155274,152.4972978881982,0.013162373885438233,0.7438914285714285,0.00268,True,True,True,False,-43.67,705.291292664799,23.054427991538503,3.157623920873592,98.32514283645195,-0.20429554246946047,785.9541918711936
2026-08-02T13:45:00Z,2026-08-02T14:00:00Z,2026-08-02,2026-08-02_64,-21.697984204153084,29,7,71,152.4972978881982,157.33999999999946,0.013688043781943014,0.1552742857142857,0.00168,True,True,True,False,-45.94548155229416,705.291292664799,23.054427991538503,3.157623920873592,16.977519303260724,-0.1280658624435424,702.4073164657341
2026-08-02T14:00:00Z,2026-08-02T14:15:00Z,2026-08-02,2026-08-02_65,-77.00000000000006,100,23,0,157.33999999999946,175.03314422857093,0.049212702222222265,0.04685714285714286,0.030491428571428572,True,True,True,False,-243.1275000000002,0.0,90.50368761077125,10.375050025727516,6.2419039996079615,-2.3243518435331367,-138.3312102074266
2026-08-02T14:15:00Z,2026-08-02T14:30:00Z,2026-08-02,2026-08-02_66,-76.68280116730254,100,23,0,175.03314422857093,189.9999999999995,0.045579879413014716,2.8445714285714288,0.06255999999999999,True,True,True,False,-297.3375615262156,0.0,90.50368761077125,10.375050025727516,490.25963328078933,-3.8545939892897296,289.94621540178275
2026-08-02T14:30:00Z,2026-08-02T14:45:00Z,2026-08-02,2026-08-02_67,0.0,100,23,0,189.9999999999995,180.7118012422355,0.025800552104899933,8.545142857142858,0.0,True,True,True,False,0.0,0.0,90.50368761077125,10.375050025727516,1543.7928377859635,0.0,1644.6715754224622
2026-08-02T14:45:00Z,2026-08-02T15:00:00Z,2026-08-02,2026-08-02_68,0.0,100,23,0,180.7118012422355,168.0017144347821,0.03533602525879918,11.698285714285715,0.005914285714285715,True,True,True,False,0.0,0.0,90.50368761077125,10.375050025727516,2144.837312903779,-0.36067528606548677,2245.3553752542125
2026-08-02T15:00:00Z,2026-08-02T15:15:00Z,2026-08-02,2026-08-02_69,-96.48565846454932,100,3,0,168.0017144347821,189.99626439762892,0.06114363037379582,0.2245714285714286,0.01170857142857143,True,True,True,False,-1469.4765784150861,0.0,106.91212623635012,1.16802927219713,37.31550037978715,-0.8439061133480893,-1324.9248286400998
2026-08-02T15:15:00Z,2026-08-02T15:30:00Z,2026-08-02,2026-08-02_70,-0.662765659181653,100,3,0,189.99626439762892,185.35726708074486,0.013600397713676198,4.4154285714285715,0.003325714285714286,True,True,True,False,-21.980623086759522,0.0,106.91212623635012,1.16802927219713,998.3043929531106,-0.2541519311972688,1084.149773443701
2026-08-02T15:30:00Z,2026-08-02T15:45:00Z,2026-08-02,2026-08-02_71,0.0,100,3,0,185.35726708074486,170.9467080745337,0.04002933057280884,13.257714285714286,0.0,True,True,True,False,0.0,0.0,106.91212623635012,1.16802927219713,3031.406324014255,0.0,3139.4864795228023
2026-08-02T15:45:00Z,2026-08-02T16:00:00Z,2026-08-02,2026-08-02_72,0.0,100,3,0,170.9467080745337,163.31999999999954,0.021185300207039338,7.016571428571429,0.0,True,True,True,False,0.0,0.0,106.91212623635012,1.16802927219713,1569.826312307554,0.0,1677.9064678161012
2026-08-02T16:00:00Z,2026-08-02T16:15:00Z,2026-08-02,2026-08-02_73,42.000000000000036,0,42,58,163.31999999999954,151.9377391304343,0.03161739130434785,0.0,0.02832,True,True,True,False,1953.8400000000017,522.2685952775713,0.0,17.961237207706823,0.0,-2.2667657652507005,2491.803066720029
2026-08-02T16:15:00Z,2026-08-02T16:30:00Z,2026-08-02,2026-08-02_74,42.000000000000036,0,42,58,151.9377391304343,140.53095652173863,0.03168550724637684,0.0,0.0057599999999999995,True,True,True,False,2232.615000000002,522.2685952775713,0.0,17.961237207706823,0.0,-0.4610371047967526,2772.383795380483
2026-08-02T16:30:00Z,2026-08-02T16:45:00Z,2026-08-02,2026-08-02_75,42.000000000000036,0,42,58,140.53095652173863,129.11791304347776,0.03170289855072467,0.0,0.0,True,True,True,False,2075.1150000000016,522.2685952775713,0.0,17.961237207706823,0.0,0.0,2615.3448324852798
2026-08-02T16:45:00Z,2026-08-02T17:00:00Z,2026-08-02,2026-08-02_76,42.000000000000036,0,42,58,129.11791304347776,117.70486956521688,0.03170289855072466,0.0,0.0,True,True,True,False,2265.690000000002,522.2685952775713,0.0,17.961237207706823,0.0,0.0,2805.91983248528
2026-08-02T17:00:00Z,2026-08-02T17:15:00Z,2026-08-02,2026-08-02_77,9.0,0,9,91,117.70486956521688,115.26072670807403,0.006789285714285714,0.0,0.0013885714285714285,True,True,True,False,478.8675,819.4214167286033,0.0,3.8488365445086044,0.0,-0.11114287347778856,1302.0266103996341
2026-08-02T17:15:00Z,2026-08-02T17:30:00Z,2026-08-02,2026-08-02_78,9.0,0,9,91,115.26072670807403,112.99127329192497,0.006304037267080746,0.0,0.16210285714285713,True,True,True,False,484.11,819.4214167286033,0.0,3.8488365445086044,0.0,-11.661161720721674,1295.7190915523902
2026-08-02T17:30:00Z,2026-08-02T17:45:00Z,2026-08-02,2026-08-02_79,9.0,0,9,91,112.99127329192497,110.54634782608646,0.006791459627329192,0.0,0.0006685714285714285,True,True,True,False,484.11,819.4214167286033,0.0,3.8488365445086044,0.0,-0.053513235378194496,1307.3267400377338
2026-08-02T17:45:00Z,2026-08-02T18:00:00Z,2026-08-02,2026-08-02_80,9.0,0,9,91,110.54634782608646,108.10242857142808,0.006788664596273292,0.0,0.001594285714285714,True,True,True,False,494.82,819.4214167286033,0.0,3.8488365445086044,0.0,-0.12760848436338687,1317.9626447887485
2026-08-02T18:00:00Z,2026-08-02T18:15:00Z,2026-08-02,2026-08-02_81,9.0,0,9,91,108.10242857142808,105.65677639751503,0.006793478260869565,0.0,0.0,True,True,True,False,484.11,819.4214167286033,0.0,3.8488365445086044,0.0,0.0,1307.380253273112
2026-08-02T18:15:00Z,2026-08-02T18:30:00Z,2026-08-02,2026-08-02_82,9.0,0,9,91,105.65677639751503,103.21112422360198,0.006793478260869564,0.0,0.0,True,True,True,False,489.465,819.4214167286033,0.0,3.8488365445086044,0.0,0.0,1312.7352532731118
2026-08-02T18:30:00Z,2026-08-02T18:45:00Z,2026-08-02,2026-08-02_83,9.0,0,9,91,103.21112422360198,100.76569565217342,0.006792857142857142,0.0,0.00020571428571428572,True,True,True,False,469.6875,819.4214167286033,0.0,3.8488365445086044,0.0,-0.01646561088559831,1292.9412876622264
2026-08-02T18:45:00Z,2026-08-02T19:00:00Z,2026-08-02,2026-08-02_84,9.0,0,9,91,100.76569565217342,98.4582298136641,0.006409627329192546,0.0,0.12713142857142856,True,True,True,False,443.2725,819.4214167286033,0.0,3.8488365445086044,0.0,-9.185938028537125,1257.3568152445748
2026-08-02T19:00:00Z,2026-08-02T19:15:00Z,2026-08-02,2026-08-02_85,0.0,0,0,100,98.4582298136641,98.4582298136641,0.0,0.0,0.0,True,True,True,False,0.0,993.368017837745,0.0,0.0,0.0,0.0,993.368017837745
2026-08-02T19:15:00Z,2026-08-02T19:30:00Z,2026-08-02,2026-08-02_86,0.0,0,0,100,98.4582298136641,98.4582298136641,0.0,0.0,0.0,True,True,True,False,0.0,993.368017837745,0.0,0.0,0.0,0.0,993.368017837745
2026-08-02T19:30:00Z,2026-08-02T19:45:00Z,2026-08-02,2026-08-02_87,0.0,0,0,100,98.4582298136641,98.4582298136641,0.0,0.0,0.0,True,True,True,False,0.0,993.368017837745,0.0,0.0,0.0,0.0,993.368017837745
2026-08-02T19:45:00Z,2026-08-02T20:00:00Z,2026-08-02,2026-08-02_88,0.0,0,0,100,98.4582298136641,98.4582298136641,0.0,0.0,0.0,True,True,True,False,0.0,993.368017837745,0.0,0.0,0.0,0.0,993.368017837745
2026-08-02T20:00:00Z,2026-08-02T20:15:00Z,2026-08-02,2026-08-02_89,100.0,0,100,0,98.4582298136641,71.36319875776348,0.0752639751552795,0.0,0.07257142857142856,True,True,True,False,5112.25,0.0,0.0,38.90572294322794,0.0,-5.545927020971329,5145.609795922257
2026-08-02T20:15:00Z,2026-08-02T20:30:00Z,2026-08-02,2026-08-02_90,100.0,0,100,0,71.36319875776348,44.18928571428523,0.07548309178743962,0.0,0.0,True,True,True,False,5288.25,0.0,0.0,38.90572294322794,0.0,0.0,5327.155722943228
2026-08-02T20:30:00Z,2026-08-02T20:45:00Z,2026-08-02,2026-08-02_91,100.0,0,100,0,44.18928571428523,17.01537267080697,0.07548309178743962,0.0,0.0,True,True,True,False,5210.75,0.0,0.0,38.90572294322794,0.0,0.0,5249.655722943228
2026-08-02T20:45:00Z,2026-08-02T21:00:00Z,2026-08-02,2026-08-02_92,25.901645181563254,0,100,0,17.01537267080697,9.999999999999535,0.019578040289709043,0.0,0.024,True,True,True,False,1189.856825528062,0.0,0.0,38.90572294322794,0.0,-1.8340861014235894,1226.9284623698663
2026-08-02T21:00:00Z,2026-08-02T21:15:00Z,2026-08-03,2026-08-02_93,-2.1401923581888026e-12,0,0,0,9.999999999999535,10.000000000000027,1.3673451177317351e-15,0.0,0.0,True,True,True,False,-1.2219963317168515e-10,0.0,0.0,0.0,0.0,0.0,-1.2219963317168515e-10
2026-08-02T21:15:00Z,2026-08-02T21:30:00Z,2026-08-03,2026-08-02_94,-36.2948960302456,0,0,0,10.000000000000027,18.347826086956516,0.02318840579710136,0.0,0.0,True,True,True,False,-1749.7769376181404,0.0,0.0,0.0,0.0,0.0,-1749.7769376181404
2026-08-02T21:30:00Z,2026-08-02T21:45:00Z,2026-08-03,2026-08-02_95,-100.0,0,0,0,18.347826086956516,41.347826086956516,0.06388888888888888,0.0,0.0,True,True,True,False,-4522.0,0.0,0.0,0.0,0.0,0.0,-4522.0
2026-08-02T21:45:00Z,2026-08-02T22:00:00Z,2026-08-03,2026-08-02_96,-100.0,0,0,0,41.347826086956516,64.34782608695652,0.0638888888888889,0.0,0.0,True,True,True,False,-4588.75,0.0,0.0,0.0,0.0,0.0,-4588.75
2026-08-02T22:00:00Z,2026-08-02T22:15:00Z,2026-08-03,2026-08-03_1,0.0,0,0,100,64.34782608695652,64.34782608695652,0.0,0.0,0.0,True,True,True,False,0.0,993.368017837745,0.0,0.0,0.0,0.0,993.368017837745
2026-08-02T22:15:00Z,2026-08-02T22:30:00Z,2026-08-03,2026-08-03_2,0.0,0,0,100,64.34782608695652,64.34782608695652,0.0,0.0,0.0,True,True,True,False,0.0,993.368017837745,0.0,0.0,0.0,0.0,993.368017837745
2026-08-02T22:30:00Z,2026-08-02T22:45:00Z,2026-08-03,2026-08-03_3,0.0,0,0,100,64.34782608695652,64.34782608695652,0.0,0.0,0.0,True,True,True,False,0.0,993.368017837745,0.0,0.0,0.0,0.0,993.368017837745
2026-08-02T22:45:00Z,2026-08-02T23:00:00Z,2026-08-03,2026-08-03_4,0.0,0,0,100,64.34782608695652,64.34782608695652,0.0,0.0,0.0,True,True,True,False,0.0,993.368017837745,0.0,0.0,0.0,0.0,993.368017837745
2026-08-02T23:00:00Z,2026-08-02T23:15:00Z,2026-08-03,2026-08-03_5,0.0,0,0,100,64.34782608695652,64.34782608695652,0.0,0.0,0.0,True,True,True,False,0.0,993.368017837745,0.0,0.0,0.0,0.0,993.368017837745
2026-08-02T23:15:00Z,2026-08-02T23:30:00Z,2026-08-03,2026-08-03_6,0.0,0,0,100,64.34782608695652,64.34782608695652,0.0,0.0,0.0,True,True,True,False,0.0,993.368017837745,0.0,0.0,0.0,0.0,993.368017837745
2026-08-02T23:30:00Z,2026-08-02T23:45:00Z,2026-08-03,2026-08-03_7,0.0,0,0,100,64.34782608695652,64.34782608695652,0.0,0.0,0.0,True,True,True,False,0.0,993.368017837745,0.0,0.0,0.0,0.0,993.368017837745
2026-08-02T23:45:00Z,2026-08-03T00:00:00Z,2026-08-03,2026-08-03_8,0.0,0,0,100,64.34782608695652,64.34782608695652,0.0,0.0,0.0,True,True,True,False,0.0,993.368017837745,0.0,0.0,0.0,0.0,993.368017837745
2026-08-03T00:00:00Z,2026-08-03T00:15:00Z,2026-08-03,2026-08-03_9,0.0,0,0,100,64.34782608695652,64.34782608695652,0.0,0.0,0.0,True,True,True,False,0.0,993.368017837745,0.0,0.0,0.0,0.0,993.368017837745
2026-08-03T00:15:00Z,2026-08-03T00:30:00Z,2026-08-03,2026-08-03_10,0.0,0,0,100,64.34782608695652,64.34782608695652,0.0,0.0,0.0,True,True,True,False,0.0,993.368017837745,0.0,0.0,0.0,0.0,993.368017837745
2026-08-03T00:30:00Z,2026-08-03T00:45:00Z,2026-08-03,2026-08-03_11,0.0,0,0,100,64.34782608695652,64.34782608695652,0.0,0.0,0.0,True,True,True,False,0.0,993.368017837745,0.0,0.0,0.0,0.0,993.368017837745
2026-08-03T00:45:00Z,2026-08-03T01:00:00Z,2026-08-03,2026-08-03_12,0.0,0,0,100,64.34782608695652,64.34782608695652,0.0,0.0,0.0,True,True,True,False,0.0,993.368017837745,0.0,0.0,0.0,0.0,993.368017837745
2026-08-03T01:00:00Z,2026-08-03T01:15:00Z,2026-08-03,2026-08-03_13,0.0,0,0,100,64.34782608695652,64.34782608695652,0.0,0.0,0.0,True,True,True,False,0.0,993.368017837745,0.0,0.0,0.0,0.0,993.368017837745
2026-08-03T01:15:00Z,2026-08-03T01:30:00Z,2026-08-03,2026-08-03_14,0.0,0,0,100,64.34782608695652,64.34782608695652,0.0,0.0,0.0,True,True,True,False,0.0,993.368017837745,0.0,0.0,0.0,0.0,993.368017837745
2026-08-03T01:30:00Z,2026-08-03T01:45:00Z,2026-08-03,2026-08-03_15,0.0,0,0,100,64.34782608695652,64.34782608695652,0.0,0.0,0.0,True,True,True,False,0.0,993.368017837745,0.0,0.0,0.0,0.0,993.368017837745
2026-08-03T01:45:00Z,2026-08-03T02:00:00Z,2026-08-03,2026-08-03_16,0.0,0,0,100,64.34782608695652,64.34782608695652,0.0,0.0,0.0,True,True,True,False,0.0,993.368017837745,0.0,0.0,0.0,0.0,993.368017837745
2026-08-03T02:00:00Z,2026-08-03T02:15:00Z,2026-08-03,2026-08-03_17,0.0,0,0,100,64.34782608695652,64.34782608695652,0.0,0.0,0.0,True,True,True,False,0.0,993.368017837745,0.0,0.0,0.0,0.0,993.368017837745
2026-08-03T02:15:00Z,2026-08-03T02:30:00Z,2026-08-03,2026-08-03_18,0.0,0,0,100,64.34782608695652,64.34782608695652,0.0,0.0,0.0,True,True,True,False,0.0,993.368017837745,0.0,0.0,0.0,0.0,993.368017837745
2026-08-03T02:30:00Z,2026-08-03T02:45:00Z,2026-08-03,2026-08-03_19,0.0,0,0,100,64.34782608695652,64.34782608695652,0.0,0.0,0.0,True,True,True,False,0.0,993.368017837745,0.0,0.0,0.0,0.0,993.368017837745
2026-08-03T02:45:00Z,2026-08-03T03:00:00Z,2026-08-03,2026-08-03_20,0.0,0,0,100,64.34782608695652,64.34782608695652,0.0,0.0,0.0,True,True,True,False,0.0,993.368017837745,0.0,0.0,0.0,0.0,993.368017837745
2026-08-03T03:00:00Z,2026-08-03T03:15:00Z,2026-08-03,2026-08-03_21,0.0,39,100,0,64.34782608695652,70.37408894409937,0.01673961904761905,0.0,6.550285714285714,True,True,True,False,0.0,0.0,40.90417929220741,42.564747584472016,0.0,-208.78200903321707,-125.31308215653763
2026-08-03T03:15:00Z,2026-08-03T03:30:00Z,2026-08-03,2026-08-03_22,60.99999999999998,39,100,0,70.37408894409937,63.36304085465838,0.03813387262939958,0.0,9.36057142857143,True,True,True,False,2650.602499999999,0.0,40.90417929220741,42.564747584472016,0.0,-406.4078867226955,2327.663540153983
2026-08-03T03:30:00Z,2026-08-03T03:45:00Z,2026-08-03,2026-08-03_23,0.46118347682082084,39,100,0,63.36304085465838,66.77926366211177,0.010078622744252209,0.0,3.846285714285714,True,True,True,False,20.32666174087768,0.0,40.90417929220741,42.564747584472016,0.0,-215.6355035378739,-111.83991492031679
2026-08-03T03:45:00Z,2026-08-03T04:00:00Z,2026-08-03,2026-08-03_24,60.99999999999998,39,100,0,66.77926366211177,64.3478260869565,0.03434628278812974,0.0,13.842285714285715,True,True,True,False,2768.789999999999,0.0,40.90417929220741,42.564747584472016,0.0,-37.08739634805383,2815.1715305286248
2026-08-03T04:00:00Z,2026-08-03T04:15:00Z,2026-08-03,2026-08-03_25,0.0,0,0,100,64.3478260869565,64.3478260869565,0.0,0.0,0.0,True,False,True,False,0.0,993.368017837745,0.0,0.0,0.0,0.0,993.368017837745
2026-08-03T04:15:00Z,2026-08-03T04:30:00Z,2026-08-03,2026-08-03_26,0.0,0,0,100,64.3478260869565,64.3478260869565,0.0,0.0,0.0,True,False,True,False,0.0,993.368017837745,0.0,0.0,0.0,0.0,993.368017837745
2026-08-03T04:30:00Z,2026-08-03T04:45:00Z,2026-08-03,2026-08-03_27,0.0,0,0,100,64.3478260869565,64.3478260869565,0.0,0.0,0.0,True,False,True,False,0.0,993.368017837745,0.0,0.0,0.0,0.0,993.368017837745
2026-08-03T04:45:00Z,2026-08-03T05:00:00Z,2026-08-03,2026-08-03_28,0.0,0,0,100,64.3478260869565,64.3478260869565,0.0,0.0,0.0,True,False,True,False,0.0,993.368017837745,0.0,0.0,0.0,0.0,993.368017837745
2026-08-03T05:00:00Z,2026-08-03T05:15:00Z,2026-08-03,2026-08-03_29,4.999999999999957,0,5,95,64.3478260869565,63.02527950310558,0.003673740510697002,0.0,0.03325714285714285,True,True,True,False,218.09999999999812,943.6996169458578,0.0,1.9710136641701443,0.0,-2.0702481112735525,1161.7003824987526
2026-08-03T05:15:00Z,2026-08-03T05:30:00Z,2026-08-03,2026-08-03_30,3.610147172434779,0,5,95,63.02527950310558,62.340341614906855,0.0023068662216613584,0.0,0.28454285714285715,True,True,True,False,150.93122791156702,943.6996169458578,0.0,1.9710136641701443,0.0,-10.768791846691222,1085.8330666749036
2026-08-03T05:30:00Z,2026-08-03T05:45:00Z,2026-08-03,2026-08-03_31,4.999999999999957,0,5,95,62.340341614906855,61.63043478260873,0.001971963423050376,0.0,0.5968857142857142,True,True,True,False,202.2874999999983,943.6996169458578,0.0,1.9710136641701443,0.0,-19.821114804620606,1128.1370158054056
2026-08-03T05:45:00Z,2026-08-03T06:00:00Z,2026-08-03,2026-08-03_32,0.6433366045597833,0,5,95,61.63043478260873,61.630434782608724,0.0008269472690288558,0.0,0.1856857142857143,True,True,True,False,25.030618941909765,943.6996169458578,0.0,1.9710136641701443,0.0,-10.66940000707847,960.0318495448593
2026-08-03T06:00:00Z,2026-08-03T06:15:00Z,2026-08-03,2026-08-03_33,0.0,10,10,90,61.630434782608724,60.94923557763978,0.0018928041407867493,0.6268,0.00011428571428571428,True,True,True,False,0.0,894.0312160539705,10.731233205648618,3.487507861185753,113.19979570445753,-0.008711963431533496,1021.4410408618309
2026-08-03T06:15:00Z,2026-08-03T06:30:00Z,2026-08-03,2026-08-03_34,-1.8668901060644834e-13,10,10,90,60.94923557763978,60.13308650931685,0.002267080745341656,0.7508571428571429,0.0,True,True,True,False,-7.325210053670517e-12,894.0312160539705,10.731233205648618,3.487507861185753,129.31433341228552,0.0,1037.564290533083
2026-08-03T06:30:00Z,2026-08-03T06:45:00Z,2026-08-03,2026-08-03_35,0.0,10,10,90,60.13308650931685,59.075819428571506,0.002936853002070393,0.9726857142857143,0.0,True,True,True,False,0.0,894.0312160539705,10.731233205648618,3.487507861185753,202.19658175224808,0.0,1110.446538873053
2026-08-03T06:45:00Z,2026-08-03T07:00:00Z,2026-08-03,2026-08-03_36,0.0,10,10,90,59.075819428571506,58.94940283229821,0.0005342810213940647,0.1466285714285714,0.03582857142857143,True,True,True,False,0.0,894.0312160539705,10.731233205648618,3.487507861185753,22.375269066268093,-1.4558459615965764,929.1693802254764
2026-08-03T07:00:00Z,2026-08-03T07:15:00Z,2026-08-03,2026-08-03_37,100.0,0,100,0,58.94940283229821,35.10095562732927,0.06624568668046928,0.0,3.0594285714285716,True,True,True,False,4077.7500000000005,0.0,0.0,43.708192784860785,0.0,18.054669095126474,4139.512861879988
2026-08-03T07:15:00Z,2026-08-03T07:30:00Z,2026-08-03,2026-08-03_38,100.0,0,100,0,35.10095562732927,19.083564322981445,0.0444927536231884,0.0,10.264,True,True,True,False,3367.0,0.0,0.0,43.708192784860785,0.0,54.19246469612943,3464.90065748099
2026-08-03T07:30:00Z,2026-08-03T07:45:00Z,2026-08-03,2026-08-03_39,0.0,0,100,0,19.083564322981445,29.935884322981448,0.03014533333333334,0.0,11.796000000000001,True,True,True,False,0.0,0.0,0.0,43.708192784860785,0.0,-24.90573895146076,18.802453833400026
2026-08-03T07:45:00Z,2026-08-03T08:00:00Z,2026-08-03,2026-08-03_40,0.0,0,100,0,29.935884322981448,46.928547180124305,0.04720184126984127,0.0,18.470285714285716,True,True,True,False,0.0,0.0,0.0,43.708192784860785,0.0,490.57681474282015,534.2850075276809
2026-08-03T08:00:00Z,2026-08-03T08:15:00Z,2026-08-03,2026-08-03_41,0.0,100,100,0,46.928547180124305,62.96914146583859,0.044557206349206346,0.0,17.43542857142857,True,True,True,False,0.0,0.0,77.6685152364073,45.10891315533703,0.0,3461.321166205204,3584.0985945969483
2026-08-03T08:15:00Z,2026-08-03T08:30:00Z,2026-08-03,2026-08-03_42,0.0,100,100,0,62.96914146583859,68.74253575155288,0.01603720634920635,0.0,6.275428571428571,True,True,True,False,0.0,0.0,77.6685152364073,45.10891315533703,0.0,-253.66733432976412,-130.88990593801978
2026-08-03T08:30:00Z,2026-08-03T08:45:00Z,2026-08-03,2026-08-03_43,0.0,100,100,0,68.74253575155288,73.28786146583859,0.012625904761904764,0.0,4.940571428571429,True,True,True,False,0.0,0.0,77.6685152364073,45.10891315533703,0.0,-155.70242916765358,-32.92500077590925
2026-08-03T08:45:00Z,2026-08-03T09:00:00Z,2026-08-03,2026-08-03_44,0.0,100,100,0,73.28786146583859,80.42443289441002,0.019823809523809525,0.0,7.757142857142857,True,True,True,False,0.0,0.0,77.6685152364073,45.10891315533703,0.0,79.38975146401823,202.16717985576256
2026-08-03T09:00:00Z,2026-08-03T09:15:00Z,2026-08-03,2026-08-03_45,0.0,9,9,91,80.42443289441002,81.30589803726716,0.0024485142857142853,0.0,0.9581142857142856,True,True,True,False,0.0,903.964896232348,7.057057915499398,9.279915385055169,0.0,-13.043449774169572,907.258419758733
2026-08-03T09:15:00Z,2026-08-03T09:30:00Z,2026-08-03,2026-08-03_46,0.0,9,9,91,81.30589803726716,81.97596295155287,0.0018612914285714287,0.0,0.7283314285714286,True,True,True,False,0.0,903.964896232348,7.057057915499398,9.279915385055169,0.0,-16.805769197219796,903.4961003356827
2026-08-03T09:30:00Z,2026-08-03T09:45:00Z,2026-08-03,2026-08-03_47,0.0,9,9,91,81.97596295155287,82.78631472298144,0.0022509771428571427,0.0,0.8808171428571427,True,True,True,False,0.0,903.964896232348,7.057057915499398,9.279915385055169,0.0,-25.182510580951835,895.1193589519507
2026-08-03T09:45:00Z,2026-08-03T10:00:00Z,2026-08-03,2026-08-03_48,0.0,9,9,91,82.78631472298144,83.48230786583859,0.0019333142857142858,0.0,0.7565142857142857,True,True,True,False,0.0,903.964896232348,7.057057915499398,9.279915385055169,0.0,-7.312841673677074,912.9890278592255
2026-08-03T10:00:00Z,2026-08-03T10:15:00Z,2026-08-03,2026-08-03_49,-61.0,61,0,39,83.48230786583859,97.5123078658386,0.03897222222222223,0.0,0.0,True,True,True,False,-794.8299999999999,387.41352695672055,47.238293979761025,0.0,0.0,0.0,-360.17817906351837
2026-08-03T10:15:00Z,2026-08-03T10:30:00Z,2026-08-03,2026-08-03_50,-61.0,61,0,39,97.5123078658386,111.48971540869574,0.038826132063492065,0.05716571428571429,0.0,True,True,True,False,-800.3199999999999,387.41352695672055,47.238293979761025,0.0,7.317523005845183,0.0,-358.3506560576732
2026-08-03T10:30:00Z,2026-08-03T10:45:00Z,2026-08-03,2026-08-03_51,-61.0,61,0,39,111.48971540869574,125.4331302658386,0.03873170793650794,0.09411428571428572,0.0,True,True,True,False,-922.625,387.41352695672055,47.238293979761025,0.0,12.21397992436927,0.0,-475.75919913914913
2026-08-03T10:45:00Z,2026-08-03T11:00:00Z,2026-08-03,2026-08-03_52,-61.0,61,0,39,125.4331302658386,139.3730175801243,0.03872190920634921,0.09794857142857144,0.0,True,True,True,False,-608.6274999999999,387.41352695672055,47.238293979761025,0.0,12.45053592187547,0.0,-161.5251431416429
2026-08-03T11:00:00Z,2026-08-03T11:15:00Z,2026-08-03,2026-08-03_53,-9.0,9,0,91,139.3730175801243,141.4370086658386,0.005733308571428572,0.006531428571428572,0.0,True,True,True,False,-161.7525,903.964896232348,6.969584357669658,0.0,0.8302294241119923,0.0,750.0122100141297
2026-08-03T11:15:00Z,2026-08-03T11:30:00Z,2026-08-03,2026-08-03_54,-9.0,9,0,91,141.4370086658386,143.50700866583858,0.00575,0.0,0.0,True,True,True,False,-179.5275,903.964896232348,6.969584357669658,0.0,0.0,0.0,731.4069805900176
2026-08-03T11:30:00Z,2026-08-03T11:45:00Z,2026-08-03,2026-08-03_55,-9.0,9,0,91,143.50700866583858,145.57686672298144,0.005749605714285714,0.00015428571428571428,0.0,True,True,True,False,-162.4275,903.964896232348,6.969584357669658,0.0,0.01961171867981084,0.0,748.5265923086974
2026-08-03T11:45:00Z,2026-08-03T12:00:00Z,2026-08-03,2026-08-03_56,-9.0,9,0,91,145.57686672298144,147.63565323726715,0.005718851428571429,0.012188571428571427,0.0,True,True,True,False,-169.0425,903.964896232348,6.969584357669658,0.0,1.5700244893292055,0.0,743.4620050793469
2026-08-03T12:00:00Z,2026-08-03T12:15:00Z,2026-08-03,2026-08-03_57,-1.0,9,8,91,147.63565323726715,147.85494264844726,0.0006844995721187025,0.014040000000000002,0.004662857142857142,True,True,True,False,-19.2925,903.964896232348,6.8383740209250465,8.232805442799153,1.8699745240409356,-0.34021982243929527,901.2733303976738
2026-08-03T12:15:00Z,2026-08-03T12:30:00Z,2026-08-03,2026-08-03_58,-0.3955479604461516,9,8,91,147.85494264844726,148.08267670062108,0.0006337822294048365,0.00020571428571428572,0.14889142857142856,True,True,True,False,-9.85211082481252,903.964896232348,6.8383740209250465,8.232805442799153,0.02740348097388861,-7.251537222680507,901.9598311295531
2026-08-03T12:30:00Z,2026-08-03T12:45:00Z,2026-08-03,2026-08-03_59,-1.0,9,8,91,148.08267670062108,148.07407049937882,0.001267191193926846,0.24053142857142856,0.019977142857142857,True,True,True,False,-23.28,903.964896232348,6.8383740209250465,8.232805442799153,33.44960512916847,-1.0582331114505146,928.1474477137901
2026-08-03T12:45:00Z,2026-08-03T13:00:00Z,2026-08-03,2026-08-03_60,-1.0,9,8,91,148.07407049937882,148.13999999999996,0.0010074301173222913,0.1535657142857143,0.0,True,True,True,False,-23.3275,903.964896232348,6.8383740209250465,8.232805442799153,20.694364997508924,0.0,916.4029406935812
2026-08-03T13:00:00Z,2026-08-03T13:15:00Z,2026-08-03,2026-08-03_61,0.0,0,100,0,148.13999999999996,149.08891428571425,0.002635873015873016,0.0,1.0314285714285714,True,True,True,False,0.0,0.0,0.0,43.96546795494826,0.0,-78.77937932705528,-34.81391137210702
2026-08-03T13:15:00Z,2026-08-03T13:30:00Z,2026-08-03,2026-08-03_62,0.0,0,100,0,149.08891428571425,152.87615999999997,0.010520126984126984,0.0,4.1165714285714285,True,True,True,False,0.0,0.0,0.0,43.96546795494826,0.0,-209.7934966281979,-165.82802867324963
2026-08-03T13:30:00Z,2026-08-03T13:45:00Z,2026-08-03,2026-08-03_63,0.0,0,100,0,152.87615999999997,158.96235428571424,0.016906095238095237,0.0,6.615428571428571,True,True,True,False,0.0,0.0,0.0,43.96546795494826,0.0,-21.877447830312732,22.088020124635527
2026-08-03T13:45:00Z,2026-08-03T14:00:00Z,2026-08-03,2026-08-03_64,100.0,0,100,0,158.96235428571424,149.5691865838509,0.026092132505175985,0.0,16.358285714285714,True,True,True,False,3822.5,0.0,0.0,43.96546795494826,0.0,487.4347037796308,4353.900171734579
2026-08-03T14:00:00Z,2026-08-03T14:15:00Z,2026-08-03,2026-08-03_65,-79.0,0,0,21,149.5691865838509,167.73918658385088,0.050472222222222224,0.0,0.0,True,False,True,False,-1742.345,208.60728374592645,0.0,0.0,0.0,0.0,-1533.7377162540736
2026-08-03T14:15:00Z,2026-08-03T14:30:00Z,2026-08-03,2026-08-03_66,-54.7861452876047,0,0,21,167.73918658385088,180.33999999999997,0.035002259489303,0.0,0.0,True,False,True,False,-1471.9667585147192,208.60728374592645,0.0,0.0,0.0,0.0,-1263.3594747687928
2026-08-03T14:30:00Z,2026-08-03T14:45:00Z,2026-08-03,2026-08-03_67,0.0,0,0,21,180.33999999999997,180.33999999999997,0.0,0.0,0.0,True,False,True,False,0.0,208.60728374592645,0.0,0.0,0.0,0.0,208.60728374592645
2026-08-03T14:45:00Z,2026-08-03T15:00:00Z,2026-08-03,2026-08-03_68,2.091837814077735e-13,0,0,21,180.33999999999997,180.33999999999992,1.5789838572446671e-16,0.0,0.0,True,False,True,False,1.0476969691808336e-11,208.60728374592645,0.0,0.0,0.0,0.0,208.60728374593694
2026-08-03T15:00:00Z,2026-08-03T15:15:00Z,2026-08-03,2026-08-03_69,-5.0,100,95,0,180.33999999999992,187.3542902857142,0.019484139682539686,0.0,6.3742285714285725,True,True,True,False,-208.70000000000002,0.0,105.99737007603909,36.960436796066546,0.0,-158.14641721048378,-223.88861033837816
2026-08-03T15:15:00Z,2026-08-03T15:30:00Z,2026-08-03,2026-08-03_70,-4.882014841537824,100,95,0,187.3542902857142,189.99579428571423,0.012523377796769309,0.9028571428571429,2.7093999999999996,True,True,True,False,-231.32206822916595,0.0,105.99737007603909,36.960436796066546,198.0015801323674,-129.74790086330108,-20.110582087994004
2026-08-03T15:30:00Z,2026-08-03T15:45:00Z,2026-08-03,2026-08-03_71,-4.999999999999984,100,95,0,189.99579428571423,185.30989406211174,0.018043824430641814,5.414285714285714,0.004342857142857143,True,True,True,False,-283.7499999999991,0.0,105.99737007603909,36.960436796066546,1790.1894661472159,-0.33115806496402234,1649.0661149543585
2026-08-03T15:45:00Z,2026-08-03T16:00:00Z,2026-08-03,2026-08-03_72,-5.0,100,95,0,185.30989406211174,169.60216467080738,0.04602735624568668,15.629142857142856,0.0,True,True,True,False,-327.8375,0.0,105.99737007603909,36.960436796066546,5560.511444089612,0.0,5375.631750961718
2026-08-03T16:00:00Z,2026-08-03T16:15:00Z,2026-08-03,2026-08-03_73,-80.6952559318735,100,18,0,169.60216467080738,185.56871373913037,0.04769088619784396,2.8645714285714283,0.14605714285714286,True,True,True,False,-4931.28708999679,0.0,105.56857812589331,7.0030301297810285,1005.8460011271102,-6.998289601999396,-3819.8677702160053
2026-08-03T16:15:00Z,2026-08-03T16:30:00Z,2026-08-03,2026-08-03_74,0.0,100,18,0,185.56871373913037,178.70784417391297,0.01905797101449275,6.311999999999999,0.0,True,True,True,False,0.0,0.0,105.56857812589331,7.0030301297810285,2702.3113921445315,0.0,2814.8830004002057
2026-08-03T16:30:00Z,2026-08-03T16:45:00Z,2026-08-03,2026-08-03_75,-82.0,100,18,0,178.70784417391297,189.99999999999991,0.04002548461007591,7.965714285714285,0.0,True,True,True,False,-4984.78,0.0,105.56857812589331,7.0030301297810285,3446.9820941926596,0.0,-1425.2262975516658
2026-08-03T16:45:00Z,2026-08-03T17:00:00Z,2026-08-03,2026-08-03_76,-8.302537401544649e-14,100,18,0,189.99999999999991,184.08322981366453,0.016435472739820593,5.443428571428571,0.0,True,True,True,False,-7.842576829499075e-12,0.0,105.56857812589331,7.0030301297810285,2114.1443350185536,0.0,2226.71594327422
2026-08-03T17:00:00Z,2026-08-03T17:15:00Z,2026-08-03,2026-08-03_77,0.0,0,100,0,184.08322981366453,184.08322981366453,0.0,0.0,0.0,True,True,True,False,0.0,0.0,0.0,38.90572294322794,0.0,0.0,38.90572294322794
2026-08-03T17:15:00Z,2026-08-03T17:30:00Z,2026-08-03,2026-08-03_78,38.6902857142858,0,100,0,184.08322981366453,173.56956521739124,0.029204623878536982,0.0,0.0,True,True,True,False,3207.03778285715,0.0,0.0,38.90572294322794,0.0,0.0,3245.943505800378
2026-08-03T17:30:00Z,2026-08-03T17:45:00Z,2026-08-03,2026-08-03_79,100.0,0,100,0,173.56956521739124,146.395652173913,0.0754830917874396,0.0,0.0,True,True,True,False,12919.999999999998,0.0,0.0,38.90572294322794,0.0,0.0,12958.905722943226
2026-08-03T17:45:00Z,2026-08-03T18:00:00Z,2026-08-03,2026-08-03_80,100.0,0,100,0,146.395652173913,119.22857142857139,0.07546411318150449,0.0,0.006285714285714285,True,True,True,False,13976.499999999998,0.0,0.0,38.90572294322794,0.0,-0.5989474859179278,14014.806775457308
2026-08-03T18:00:00Z,2026-08-03T18:15:00Z,2026-08-03,2026-08-03_81,100.0,0,100,0,119.22857142857139,92.06521739130432,0.07545376121463078,0.0,0.009714285714285715,True,True,True,False,13392.75,0.0,0.0,38.90572294322794,0.0,-0.9256461146004341,13430.730076828628
2026-08-03T18:15:00Z,2026-08-03T18:30:00Z,2026-08-03,2026-08-03_82,100.0,0,100,0,92.06521739130432,64.89130434782606,0.07548309178743962,0.0,0.0,True,True,True,False,11726.0,0.0,0.0,38.90572294322794,0.0,0.0,11764.905722943227
2026-08-03T18:30:00Z,2026-08-03T18:45:00Z,2026-08-03,2026-08-03_83,100.0,0,100,0,64.89130434782606,37.71739130434781,0.0754830917874396,0.0,0.0,True,True,True,False,8400.25,0.0,0.0,38.90572294322794,0.0,0.0,8439.155722943227
2026-08-03T18:45:00Z,2026-08-03T19:00:00Z,2026-08-03,2026-08-03_84,0.0,0,100,0,37.71739130434781,37.71739130434781,0.0,0.0,0.0,True,True,True,False,0.0,0.0,0.0,38.90572294322794,0.0,0.0,38.90572294322794
2026-08-03T19:00:00Z,2026-08-03T19:15:00Z,2026-08-03,2026-08-03_85,0.0,0,49,51,37.71739130434781,37.71739130434781,0.0,0.0,0.0,True,True,True,False,0.0,506.6176890972499,0.0,19.06380424218169,0.0,0.0,525.6814933394317
2026-08-03T19:15:00Z,2026-08-03T19:30:00Z,2026-08-03,2026-08-03_86,0.0,0,49,51,37.71739130434781,37.71739130434781,0.0,0.0,0.0,True,True,True,False,0.0,506.6176890972499,0.0,19.06380424218169,0.0,0.0,525.6814933394317
2026-08-03T19:30:00Z,2026-08-03T19:45:00Z,2026-08-03,2026-08-03_87,0.0,0,49,51,37.71739130434781,37.71739130434781,0.0,0.0,0.0,True,True,True,False,0.0,506.6176890972499,0.0,19.06380424218169,0.0,0.0,525.6814933394317
2026-08-03T19:45:00Z,2026-08-03T20:00:00Z,2026-08-03,2026-08-03_88,0.0,0,49,51,37.71739130434781,37.71739130434781,0.0,0.0,0.0,True,True,True,False,0.0,506.6176890972499,0.0,19.06380424218169,0.0,0.0,525.6814933394317
2026-08-03T20:00:00Z,2026-08-03T20:15:00Z,2026-08-03,2026-08-03_89,-0.29111202425676846,100,99,0,37.71739130434781,22.709103373913035,0.04185521185048302,13.875428571428571,0.0,True,True,True,False,-18.347335328782833,0.0,105.99737007603909,38.51666571379566,6611.656390143503,0.0,6737.823090604555
2026-08-03T20:15:00Z,2026-08-03T20:30:00Z,2026-08-03,2026-08-03_90,0.0,100,99,0,22.709103373913035,15.656929460869558,0.019589371980676326,6.4879999999999995,0.0,True,True,True,False,0.0,0.0,105.99737007603909,38.51666571379566,1771.8782032664415,0.0,1916.3922390562761
2026-08-03T20:30:00Z,2026-08-03T20:45:00Z,2026-08-03,2026-08-03_91,-0.9999999999999551,100,99,0,15.656929460869558,11.478803925465819,0.01267608331262938,4.061714285714286,0.0,True,True,True,False,-58.68999999999737,0.0,105.99737007603909,38.51666571379566,1035.1709194660657,0.0,1120.994955255903
2026-08-03T20:45:00Z,2026-08-03T21:00:00Z,2026-08-03,2026-08-03_92,0.0,100,99,0,11.478803925465819,9.99999999999998,0.007013674396135266,1.8417142857142859,0.5685428571428571,True,True,True,False,0.0,0.0,105.99737007603909,38.51666571379566,408.384778566392,-43.74073360177071,509.1580807544561
2026-08-03T21:00:00Z,2026-08-03T21:15:00Z,2026-08-04,2026-08-03_93,-100.0,100,0,0,9.99999999999998,21.626697142857125,0.03229638095238095,12.362285714285715,0.0,True,True,True,False,-5428.75,0.0,104.85131528783836,0.0,3465.702938402048,0.0,-1858.1957463101137
2026-08-03T21:15:00Z,2026-08-03T21:30:00Z,2026-08-04,2026-08-03_94,-96.83368228566167,100,0,0,21.626697142857125,41.347826086956516,0.055307977800344,2.7565714285714282,0.0,True,True,True,False,-4945.78032274017,0.0,104.85131528783836,0.0,653.7992606067206,0.0,-4187.129746845611
2026-08-03T21:30:00Z,2026-08-03T21:45:00Z,2026-08-04,2026-08-03_95,0.0,100,0,0,41.347826086956516,41.347826086956516,0.0,0.0,0.0,True,True,True,False,0.0,0.0,104.85131528783836,0.0,0.0,0.0,104.85131528783836
2026-08-03T21:45:00Z,2026-08-03T22:00:00Z,2026-08-04,2026-08-03_96,-100.0,100,0,0,41.347826086956516,64.34782608695652,0.0638888888888889,0.0,0.0,True,True,True,False,-4959.0,0.0,104.85131528783836,0.0,0.0,0.0,-4854.148684712161
2026-08-03T22:00:00Z,2026-08-03T22:15:00Z,2026-08-04,2026-08-04_1,0.0,0,0,100,64.34782608695652,64.34782608695652,0.0,0.0,0.0,True,True,True,False,0.0,993.6141822340829,0.0,0.0,0.0,0.0,993.6141822340829
2026-08-03T22:15:00Z,2026-08-03T22:30:00Z,2026-08-04,2026-08-04_2,0.0,0,0,100,64.34782608695652,64.34782608695652,0.0,0.0,0.0,True,True,True,False,0.0,993.6141822340829,0.0,0.0,0.0,0.0,993.6141822340829
2026-08-03T22:30:00Z,2026-08-03T22:45:00Z,2026-08-04,2026-08-04_3,0.0,0,0,100,64.34782608695652,64.34782608695652,0.0,0.0,0.0,True,True,True,False,0.0,993.6141822340829,0.0,0.0,0.0,0.0,993.6141822340829
2026-08-03T22:45:00Z,2026-08-03T23:00:00Z,2026-08-04,2026-08-04_4,0.0,0,0,100,64.34782608695652,64.34782608695652,0.0,0.0,0.0,True,True,True,False,0.0,993.6141822340829,0.0,0.0,0.0,0.0,993.6141822340829
2026-08-03T23:00:00Z,2026-08-03T23:15:00Z,2026-08-04,2026-08-04_5,-6.227742684323962e-14,0,0,100,64.34782608695652,64.34782608695653,3.9788356038736426e-17,0.0,0.0,True,True,True,False,-3.0534622381240386e-12,993.6141822340829,0.0,0.0,0.0,0.0,993.6141822340799
2026-08-03T23:15:00Z,2026-08-03T23:30:00Z,2026-08-04,2026-08-04_6,0.0,0,0,100,64.34782608695653,64.34782608695653,0.0,0.0,0.0,True,True,True,False,0.0,993.6141822340829,0.0,0.0,0.0,0.0,993.6141822340829
2026-08-03T23:30:00Z,2026-08-03T23:45:00Z,2026-08-04,2026-08-04_7,6.227742684323962e-14,0,0,100,64.34782608695653,64.34782608695652,4.700892726693812e-17,0.0,0.0,True,True,True,False,2.9422970312088556e-12,993.6141822340829,0.0,0.0,0.0,0.0,993.6141822340859
2026-08-03T23:45:00Z,2026-08-04T00:00:00Z,2026-08-04,2026-08-04_8,0.0,0,0,100,64.34782608695652,64.34782608695652,0.0,0.0,0.0,True,True,True,False,0.0,993.6141822340829,0.0,0.0,0.0,0.0,993.6141822340829
2026-08-04T00:00:00Z,2026-08-04T00:15:00Z,2026-08-04,2026-08-04_9,0.0,0,0,100,64.34782608695652,64.34782608695652,0.0,0.0,0.0,True,True,True,False,0.0,993.6141822340829,0.0,0.0,0.0,0.0,993.6141822340829
2026-08-04T00:15:00Z,2026-08-04T00:30:00Z,2026-08-04,2026-08-04_10,0.0,0,0,100,64.34782608695652,64.34782608695652,0.0,0.0,0.0,True,True,True,False,0.0,993.6141822340829,0.0,0.0,0.0,0.0,993.6141822340829
2026-08-04T00:30:00Z,2026-08-04T00:45:00Z,2026-08-04,2026-08-04_11,0.0,0,0,100,64.34782608695652,64.34782608695652,0.0,0.0,0.0,True,True,True,False,0.0,993.6141822340829,0.0,0.0,0.0,0.0,993.6141822340829
2026-08-04T00:45:00Z,2026-08-04T01:00:00Z,2026-08-04,2026-08-04_12,0.0,0,0,100,64.34782608695652,64.34782608695652,0.0,0.0,0.0,True,True,True,False,0.0,993.6141822340829,0.0,0.0,0.0,0.0,993.6141822340829
2026-08-04T01:00:00Z,2026-08-04T01:15:00Z,2026-08-04,2026-08-04_13,0.0,0,0,100,64.34782608695652,64.34782608695652,0.0,0.0,0.0,True,True,True,False,0.0,993.6141822340829,0.0,0.0,0.0,0.0,993.6141822340829
2026-08-04T01:15:00Z,2026-08-04T01:30:00Z,2026-08-04,2026-08-04_14,0.0,0,0,100,64.34782608695652,64.34782608695652,0.0,0.0,0.0,True,True,True,False,0.0,993.6141822340829,0.0,0.0,0.0,0.0,993.6141822340829
2026-08-04T01:30:00Z,2026-08-04T01:45:00Z,2026-08-04,2026-08-04_15,0.0,0,0,100,64.34782608695652,64.34782608695652,0.0,0.0,0.0,True,True,True,False,0.0,993.6141822340829,0.0,0.0,0.0,0.0,993.6141822340829
2026-08-04T01:45:00Z,2026-08-04T02:00:00Z,2026-08-04,2026-08-04_16,0.0,0,0,100,64.34782608695652,64.34782608695652,0.0,0.0,0.0,True,True,True,False,0.0,993.6141822340829,0.0,0.0,0.0,0.0,993.6141822340829
2026-08-04T02:00:00Z,2026-08-04T02:15:00Z,2026-08-04,2026-08-04_17,0.0,0,0,100,64.34782608695652,64.34782608695652,0.0,0.0,0.0,True,True,True,False,0.0,993.6141822340829,0.0,0.0,0.0,0.0,993.6141822340829
2026-08-04T02:15:00Z,2026-08-04T02:30:00Z,2026-08-04,2026-08-04_18,0.0,0,0,100,64.34782608695652,64.34782608695652,0.0,0.0,0.0,True,True,True,False,0.0,993.6141822340829,0.0,0.0,0.0,0.0,993.6141822340829
2026-08-04T02:30:00Z,2026-08-04T02:45:00Z,2026-08-04,2026-08-04_19,0.0,0,0,100,64.34782608695652,64.34782608695652,0.0,0.0,0.0,True,True,True,False,0.0,993.6141822340829,0.0,0.0,0.0,0.0,993.6141822340829
2026-08-04T02:45:00Z,2026-08-04T03:00:00Z,2026-08-04,2026-08-04_20,0.0,0,0,100,64.34782608695652,64.34782608695652,0.0,0.0,0.0,True,True,True,False,0.0,993.6141822340829,0.0,0.0,0.0,0.0,993.6141822340829
2026-08-04T03:00:00Z,2026-08-04T03:15:00Z,2026-08-04,2026-08-04_21,0.0,0,0,100,64.34782608695652,64.34782608695652,0.0,0.0,0.0,True,True,True,False,0.0,993.6141822340829,0.0,0.0,0.0,0.0,993.6141822340829
2026-08-04T03:15:00Z,2026-08-04T03:30:00Z,2026-08-04,2026-08-04_22,0.0,0,0,100,64.34782608695652,64.34782608695652,0.0,0.0,0.0,True,True,True,False,0.0,993.6141822340829,0.0,0.0,0.0,0.0,993.6141822340829
2026-08-04T03:30:00Z,2026-08-04T03:45:00Z,2026-08-04,2026-08-04_23,0.0,0,0,100,64.34782608695652,64.34782608695652,0.0,0.0,0.0,True,True,True,False,0.0,993.6141822340829,0.0,0.0,0.0,0.0,993.6141822340829
2026-08-04T03:45:00Z,2026-08-04T04:00:00Z,2026-08-04,2026-08-04_24,0.0,0,0,100,64.34782608695652,64.34782608695652,0.0,0.0,0.0,True,True,True,False,0.0,993.6141822340829,0.0,0.0,0.0,0.0,993.6141822340829
2026-08-04T04:00:00Z,2026-08-04T04:15:00Z,2026-08-04,2026-08-04_25,0.0,0,0,100,64.34782608695652,64.34782608695652,0.0,0.0,0.0,True,True,True,False,0.0,993.6141822340829,0.0,0.0,0.0,0.0,993.6141822340829
2026-08-04T04:15:00Z,2026-08-04T04:30:00Z,2026-08-04,2026-08-04_26,0.0,0,0,100,64.34782608695652,64.34782608695652,0.0,0.0,0.0,True,True,True,False,0.0,993.6141822340829,0.0,0.0,0.0,0.0,993.6141822340829
2026-08-04T04:30:00Z,2026-08-04T04:45:00Z,2026-08-04,2026-08-04_27,0.0,0,0,100,64.34782608695652,64.34782608695652,0.0,0.0,0.0,True,True,True,False,0.0,993.6141822340829,0.0,0.0,0.0,0.0,993.6141822340829
2026-08-04T04:45:00Z,2026-08-04T05:00:00Z,2026-08-04,2026-08-04_28,0.0,0,0,100,64.34782608695652,64.34782608695652,0.0,0.0,0.0,True,True,True,False,0.0,993.6141822340829,0.0,0.0,0.0,0.0,993.6141822340829
2026-08-04T05:00:00Z,2026-08-04T05:15:00Z,2026-08-04,2026-08-04_29,0.0,0,0,100,64.34782608695652,64.34782608695652,0.0,0.0,0.0,True,True,True,False,0.0,993.6141822340829,0.0,0.0,0.0,0.0,993.6141822340829
2026-08-04T05:15:00Z,2026-08-04T05:30:00Z,2026-08-04,2026-08-04_30,0.0,0,0,100,64.34782608695652,64.34782608695652,0.0,0.0,0.0,True,True,True,False,0.0,993.6141822340829,0.0,0.0,0.0,0.0,993.6141822340829
2026-08-04T05:30:00Z,2026-08-04T05:45:00Z,2026-08-04,2026-08-04_31,0.0,0,0,100,64.34782608695652,64.34782608695652,0.0,0.0,0.0,True,True,True,False,0.0,993.6141822340829,0.0,0.0,0.0,0.0,993.6141822340829
2026-08-04T05:45:00Z,2026-08-04T06:00:00Z,2026-08-04,2026-08-04_32,0.0,0,0,100,64.34782608695652,64.34782608695652,0.0,0.0,0.0,True,True,True,False,0.0,993.6141822340829,0.0,0.0,0.0,0.0,993.6141822340829
2026-08-04T06:00:00Z,2026-08-04T06:15:00Z,2026-08-04,2026-08-04_33,0.0,0,0,100,64.34782608695652,64.34782608695652,0.0,0.0,0.0,True,True,True,False,0.0,993.6141822340829,0.0,0.0,0.0,0.0,993.6141822340829
2026-08-04T06:15:00Z,2026-08-04T06:30:00Z,2026-08-04,2026-08-04_34,0.0,0,0,100,64.34782608695652,64.34782608695652,0.0,0.0,0.0,True,True,True,False,0.0,993.6141822340829,0.0,0.0,0.0,0.0,993.6141822340829
2026-08-04T06:30:00Z,2026-08-04T06:45:00Z,2026-08-04,2026-08-04_35,0.0,0,0,100,64.34782608695652,64.34782608695652,0.0,0.0,0.0,True,True,True,False,0.0,993.6141822340829,0.0,0.0,0.0,0.0,993.6141822340829
2026-08-04T06:45:00Z,2026-08-04T07:00:00Z,2026-08-04,2026-08-04_36,0.0,0,0,100,64.34782608695652,64.34782608695652,0.0,0.0,0.0,True,True,True,False,0.0,993.6141822340829,0.0,0.0,0.0,0.0,993.6141822340829
2026-08-04T07:00:00Z,2026-08-04T07:15:00Z,2026-08-04,2026-08-04_37,14.0,0,14,86,64.34782608695652,60.729478260869556,0.010050966183574879,0.0,0.17111999999999997,True,True,True,False,609.84,854.5081967213114,0.0,5.1199008768585585,0.0,-13.373846740373615,1456.0942508577964
2026-08-04T07:15:00Z,2026-08-04T07:30:00Z,2026-08-04,2026-08-04_38,14.0,0,14,86,60.729478260869556,57.68017391304347,0.008470289855072463,0.0,0.6946399999999999,True,True,True,False,548.1,854.5081967213114,0.0,5.1199008768585585,0.0,-32.50216057948913,1375.2259370186807
2026-08-04T07:30:00Z,2026-08-04T07:45:00Z,2026-08-04,2026-08-04_39,6.7321366483556915,0,14,86,57.68017391304347,57.19252972023939,0.004913660650857616,0.0,1.34136,True,True,True,False,225.6612204528828,854.5081967213114,0.0,5.1199008768585585,0.0,-57.43966371330538,1027.8496543377473
2026-08-04T07:45:00Z,2026-08-04T08:00:00Z,2026-08-04,2026-08-04_40,0.0,0,14,86,57.19252972023939,58.923012920239394,0.004806897777777778,0.0,1.88096,True,True,True,False,0.0,854.5081967213114,0.0,5.1199008768585585,0.0,-70.82857784216544,788.7995197560045
2026-08-04T08:00:00Z,2026-08-04T08:15:00Z,2026-08-04,2026-08-04_41,0.0,11,11,89,58.923012920239394,59.32231920595368,0.001109184126984127,0.0,0.43402857142857143,True,True,True,False,0.0,884.3166221883338,9.259626382005337,4.598360655737704,0.0,-21.190456315015524,876.9841529110613
2026-08-04T08:15:00Z,2026-08-04T08:30:00Z,2026-08-04,2026-08-04_42,0.0,11,11,89,59.32231920595368,59.149229327692815,0.0005527696618357487,0.17115999999999998,0.01408,True,True,True,False,0.0,884.3166221883338,9.259626382005337,4.598360655737704,29.306533313000376,-1.1031033168128097,926.3780392222644
2026-08-04T08:30:00Z,2026-08-04T08:45:00Z,2026-08-04,2026-08-04_43,0.0,11,11,89,59.149229327692815,59.167442376140016,9.462216701173223e-05,0.007291428571428572,0.02841142857142857,True,True,True,False,0.0,884.3166221883338,9.259626382005337,4.598360655737704,1.1156969838244104,-2.225904907140134,897.0644013027611
2026-08-04T08:45:00Z,2026-08-04T09:00:00Z,2026-08-04,2026-08-04_44,0.0,11,11,89,59.167442376140016,59.48536418483567,0.0009089270393374742,0.004274285714285715,0.35061714285714285,True,True,True,False,0.0,884.3166221883338,9.259626382005337,4.598360655737704,0.6249052970971081,6.003199082838625,904.8027136060125
2026-08-04T09:00:00Z,2026-08-04T09:15:00Z,2026-08-04,2026-08-04_45,-11.0,11,0,89,59.48536418483567,61.69181332769281,0.006129025396825396,0.35168571428571427,0.0,True,True,True,False,-306.15749999999997,884.3166221883338,9.278497903164315,0.0,61.55317873754152,0.0,648.9907988290397
2026-08-04T09:15:00Z,2026-08-04T09:30:00Z,2026-08-04,2026-08-04_46,-11.0,11,0,89,61.69181332769281,64.22065675626423,0.0070245650793650805,0.001257142857142857,0.0,True,True,True,False,-293.78249999999997,884.3166221883338,9.278497903164315,0.0,0.18527640106747997,0.0,599.9978964925656
2026-08-04T09:30:00Z,2026-08-04T09:45:00Z,2026-08-04,2026-08-04_47,-11.0,11,0,89,64.22065675626423,66.75065675626423,0.007027777777777778,0.0,0.0,True,True,True,False,-269.6375,884.3166221883338,9.278497903164315,0.0,0.0,0.0,623.9576200914981
2026-08-04T09:45:00Z,2026-08-04T10:00:00Z,2026-08-04,2026-08-04_48,-11.0,11,0,89,66.75065675626423,69.28007847054995,0.0070261714285714295,0.0006285714285714285,0.0,True,True,True,False,-264.46750000000003,884.3166221883338,9.278497903164315,0.0,0.09217689668318718,0.0,629.2197969881812
2026-08-04T10:00:00Z,2026-08-04T10:15:00Z,2026-08-04,2026-08-04_49,-11.0,11,0,89,69.28007847054995,71.81007847054995,0.007027777777777779,0.0,0.0,True,True,True,False,-261.22249999999997,884.3166221883338,9.253335874952343,0.0,0.0,0.0,632.3474580632861
2026-08-04T10:15:00Z,2026-08-04T10:30:00Z,2026-08-04,2026-08-04_50,-11.0,11,0,89,71.81007847054995,74.34007847054995,0.007027777777777778,0.0,0.0,True,True,True,False,-235.675,884.3166221883338,9.253335874952343,0.0,0.0,0.0,657.8949580632861
2026-08-04T10:30:00Z,2026-08-04T10:45:00Z,2026-08-04,2026-08-04_51,-11.0,11,0,89,74.34007847054995,76.86533652769282,0.007014605714285715,0.0051542857142857145,0.0,True,True,True,False,-233.7775,884.3166221883338,9.253335874952343,0.0,0.7738758150427535,0.0,660.5663338783289
2026-08-04T10:45:00Z,2026-08-04T11:00:00Z,2026-08-04,2026-08-04_52,-11.0,11,0,89,76.86533652769282,79.39400647054997,0.007024083174603175,0.0014457142857142856,0.0,True,True,True,False,-229.7625,884.3166221883338,9.253335874952343,0.0,0.16763892162736233,0.0,663.9750969849135
2026-08-04T11:00:00Z,2026-08-04T11:15:00Z,2026-08-04,2026-08-04_53,-62.0,62,0,38,79.39400647054997,93.65400647054997,0.039611111111111104,0.0,0.0,True,True,True,False,-1270.2250000000001,377.5733892489515,52.15516584064048,0.0,0.0,0.0,-840.4964449104082
2026-08-04T11:15:00Z,2026-08-04T11:30:00Z,2026-08-04,2026-08-04_54,-62.00000000000004,62,0,38,93.65400647054997,107.83317264197855,0.039386572698412725,0.08786285714285713,0.0,True,True,True,False,-1249.145000000001,377.5733892489515,52.15516584064048,0.0,10.832522219922659,0.0,-808.5839226904862
2026-08-04T11:30:00Z,2026-08-04T11:45:00Z,2026-08-04,2026-08-04_55,-62.0,62,0,38,107.83317264197855,122.05797081340712,0.039513328253968256,0.03826285714285714,0.0,True,True,True,False,-1121.27,377.5733892489515,52.15516584064048,0.0,4.704449648711943,0.0,-686.8369952616961
2026-08-04T11:45:00Z,2026-08-04T12:00:00Z,2026-08-04,2026-08-04_56,-62.0,62,0,38,122.05797081340712,135.36100258483572,0.03695286603174603,1.0401828571428573,0.0,True,True,True,False,-1100.19,377.5733892489515,52.15516584064048,0.0,171.07161345896196,0.0,-499.38983145144607
2026-08-04T12:00:00Z,2026-08-04T12:15:00Z,2026-08-04,2026-08-04_57,-11.0,11,0,89,135.36100258483572,137.82704418483573,0.006850115555555557,0.06952000000000001,0.0,True,True,True,False,-224.53750000000002,884.3166221883338,9.020587113991612,0.0,11.4835351734655,0.0,680.2832444757909
2026-08-04T12:15:00Z,2026-08-04T12:30:00Z,2026-08-04,2026-08-04_58,-11.0,11,0,89,137.82704418483573,140.24595549912144,0.006719198095238096,0.12074857142857143,0.0,True,True,True,False,-231.88,884.3166221883338,9.020587113991612,0.0,20.07736168400414,0.0,681.5345709863295
2026-08-04T12:30:00Z,2026-08-04T12:45:00Z,2026-08-04,2026-08-04_59,-11.0,11,0,89,140.24595549912144,142.72824692769288,0.006895253968253968,0.05185714285714286,0.0,True,True,True,False,-233.7775,884.3166221883338,9.020587113991612,0.0,8.697982952998203,0.0,668.2576922553236
2026-08-04T12:45:00Z,2026-08-04T13:00:00Z,2026-08-04,2026-08-04_60,-11.0,11,0,89,142.72824692769288,144.88259252769288,0.005984293333333334,0.40832,0.0,True,True,True,False,-234.49249999999998,884.3166221883338,9.020587113991612,0.0,69.809410293557,0.0,728.6541195958824
2026-08-04T13:00:00Z,2026-08-04T13:15:00Z,2026-08-04,2026-08-04_61,-31.00000000000007,31,0,69,144.88259252769288,151.98423549912147,0.019726786031746078,0.03082285714285714,0.0,True,True,True,False,-750.9750000000017,685.5937857415172,26.97283644681662,0.0,5.0157825085779635,0.0,-33.39259530308995
2026-08-04T13:15:00Z,2026-08-04T13:30:00Z,2026-08-04,2026-08-04_62,-31.00000000000023,31,0,69,151.98423549912147,158.2599392705501,0.017432510476190627,0.9285828571428572,0.0,True,True,True,False,-793.987500000006,685.5937857415172,26.97283644681662,0.0,159.09867125537824,0.0,77.67779344370607
2026-08-04T13:30:00Z,2026-08-04T13:45:00Z,2026-08-04,2026-08-04_63,-0.005286863869142447,31,0,69,158.2599392705501,158.26000000000008,6.585817789538594e-06,0.0010628571428571427,0.0,True,True,True,False,-0.16532023318808434,685.5937857415172,26.97283644681662,0.0,0.1587058853003649,0.0,712.5600078404461
2026-08-04T13:45:00Z,2026-08-04T14:00:00Z,2026-08-04,2026-08-04_64,0.0,31,0,69,158.26000000000008,158.26000000000008,0.0,0.0,0.0,True,True,True,False,0.0,685.5937857415172,26.97283644681662,0.0,0.0,0.0,712.5666221883338
2026-08-04T14:00:00Z,2026-08-04T14:15:00Z,2026-08-04,2026-08-04_65,0.0,100,100,0,158.26000000000008,174.62338285714293,0.045453841269841276,0.0,17.786285714285714,True,True,True,False,0.0,0.0,86.35150590926419,44.14792222645825,0.0,9388.219339469528,9518.71876760525
2026-08-04T14:15:00Z,2026-08-04T14:30:00Z,2026-08-04,2026-08-04_66,0.0,100,100,0,174.62338285714293,181.63010285714293,0.01946311111111111,0.0,7.615999999999999,True,True,True,False,0.0,0.0,86.35150590926419,44.14792222645825,0.0,-99.48563324437664,31.013794891345796
2026-08-04T14:30:00Z,2026-08-04T14:45:00Z,2026-08-04,2026-08-04_67,0.0,100,100,0,181.63010285714293,182.83914732919263,0.01334465424430642,1.6537142857142857,3.2680000000000002,True,True,True,False,0.0,0.0,86.35150590926419,44.14792222645825,283.4414587440771,-134.20104918032786,279.7398376994717
2026-08-04T14:45:00Z,2026-08-04T15:00:00Z,2026-08-04,2026-08-04_68,0.0,100,100,0,182.83914732919263,180.1739299378883,0.007403381642512078,2.4520000000000004,0.0,True,True,True,False,0.0,0.0,86.35150590926419,44.14792222645825,420.17118642775455,0.0,550.670614563477
2026-08-04T15:00:00Z,2026-08-04T15:15:00Z,2026-08-04,2026-08-04_69,-11.999999999999995,100,88,0,180.1739299378883,188.36457969689448,0.02275484146307798,0.0005714285714285715,5.903542857142858,True,True,True,False,-424.3499999999998,0.0,104.85131528783836,35.27716355318337,0.07624857033930614,-70.14367705462666,-354.2889496432654
2026-08-04T15:15:00Z,2026-08-04T15:30:00Z,2026-08-04,2026-08-04_70,-10.481086109599019,100,88,0,188.36457969689448,190.00000000000006,0.01519366975479991,1.9702857142857144,1.4477257142857143,True,True,True,False,-451.7086086084437,0.0,104.85131528783836,35.27716355318337,370.4264839605686,-77.27063520287565,-18.424281009729015
2026-08-04T15:30:00Z,2026-08-04T15:45:00Z,2026-08-04,2026-08-04_71,-12.0,100,88,0,190.00000000000006,186.46333273043484,0.021537690986887507,5.901714285714285,0.0,True,True,True,False,-573.03,0.0,104.85131528783836,35.27716355318337,1417.7917952181253,0.0,984.8902740591471
2026-08-04T15:45:00Z,2026-08-04T16:00:00Z,2026-08-04,2026-08-04_72,-11.632227346516286,100,88,0,186.46333273043484,167.97225600000007,0.05443938228883984,19.82742857142857,0.0,True,True,True,False,-690.6344181310383,0.0,104.85131528783836,35.27716355318337,9780.875049724958,0.0,9230.369110434942
2026-08-04T16:00:00Z,2026-08-04T16:15:00Z,2026-08-04,2026-08-04_73,-100.0,28,0,0,167.97225600000007,190.00000000000009,0.06118817777777778,1.0568000000000002,0.0,True,True,True,False,-4491.0,0.0,29.366374380480366,0.0,195.23503698055663,0.0,-4266.398588638963
2026-08-04T16:15:00Z,2026-08-04T16:30:00Z,2026-08-04,2026-08-04_74,-11.150280496756023,28,0,0,190.00000000000009,190.0000000000001,0.00913245494263128,2.5131200000000002,0.0,True,True,True,False,-676.0415065183178,0.0,29.366374380480366,0.0,779.4039753259626,0.0,132.7288431881252
2026-08-04T16:30:00Z,2026-08-04T16:45:00Z,2026-08-04,2026-08-04_75,-15.5236052245217,28,0,0,190.0000000000001,190.00000000000009,0.009661241378761488,3.59056,0.0,True,True,True,False,-1204.4377203575775,0.0,29.366374380480366,0.0,1251.8180127487608,0.0,76.74666677166364
2026-08-04T16:45:00Z,2026-08-04T17:00:00Z,2026-08-04,2026-08-04_76,72.0,28,0,0,190.00000000000009,166.90434782608705,0.06415458937198068,3.248,0.0,True,True,True,False,6667.2,0.0,29.366374380480366,0.0,1001.9708516965306,0.0,7698.537226077011
2026-08-04T17:00:00Z,2026-08-04T17:15:00Z,2026-08-04,2026-08-04_77,-100.0,0,0,0,166.90434782608705,189.90434782608708,0.0638888888888889,0.0,0.0,True,True,True,False,-7247.499999999999,0.0,0.0,0.0,0.0,0.0,-7247.499999999999
2026-08-04T17:15:00Z,2026-08-04T17:30:00Z,2026-08-04,2026-08-04_78,100.0,0,0,0,189.90434782608708,162.73043478260882,0.07548309178743962,0.0,0.0,True,True,True,False,9827.25,0.0,0.0,0.0,0.0,0.0,9827.25
2026-08-04T17:30:00Z,2026-08-04T17:45:00Z,2026-08-04,2026-08-04_79,100.0,0,0,0,162.73043478260882,135.55652173913057,0.07548309178743962,0.0,0.0,True,True,True,False,12075.25,0.0,0.0,0.0,0.0,0.0,12075.25
2026-08-04T17:45:00Z,2026-08-04T18:00:00Z,2026-08-04,2026-08-04_80,100.0,0,0,0,135.55652173913057,108.38260869565232,0.07548309178743962,0.0,0.0,True,True,True,False,14243.25,0.0,0.0,0.0,0.0,0.0,14243.25
2026-08-04T18:00:00Z,2026-08-04T18:15:00Z,2026-08-04,2026-08-04_81,75.00000000000001,0,75,25,108.38260869565232,88.00217391304363,0.05661231884057971,0.0,0.0,True,True,True,False,7788.000000000002,248.40354555852073,0.0,29.63686618375905,0.0,0.0,8066.040411742281
2026-08-04T18:15:00Z,2026-08-04T18:30:00Z,2026-08-04,2026-08-04_82,74.99999999999994,0,75,25,88.00217391304363,67.62173913043495,0.05661231884057966,0.0,0.0,True,True,True,False,7877.9999999999945,248.40354555852073,0.0,29.63686618375905,0.0,0.0,8156.040411742274
2026-08-04T18:30:00Z,2026-08-04T18:45:00Z,2026-08-04,2026-08-04_83,74.99999999999994,0,75,25,67.62173913043495,47.24130434782627,0.056612318840579656,0.0,0.0,True,True,True,False,7752.7499999999945,248.40354555852073,0.0,29.63686618375905,0.0,0.0,8030.790411742274
2026-08-04T18:45:00Z,2026-08-04T19:00:00Z,2026-08-04,2026-08-04_84,74.99999999999994,0,75,25,47.24130434782627,26.860869565217598,0.056612318840579656,0.0,0.0,True,True,True,False,7395.1874999999945,248.40354555852073,0.0,29.63686618375905,0.0,0.0,7673.227911742274
2026-08-04T19:00:00Z,2026-08-04T19:15:00Z,2026-08-04,2026-08-04_85,0.0,100,0,0,26.860869565217598,10.096273291925673,0.046568322981366456,15.423428571428571,0.0,True,True,True,False,0.0,0.0,79.54632100648112,0.0,5897.274041827786,0.0,5976.820362834267
2026-08-04T19:15:00Z,2026-08-04T19:30:00Z,2026-08-04,2026-08-04_86,-99.17693288020332,100,0,0,10.096273291925673,22.991928848161244,0.03635611705579623,10.761142857142858,0.0,True,True,True,False,-7323.720608538614,0.0,79.54632100648112,0.0,3412.800250966723,0.0,-3831.37403656541
2026-08-04T19:30:00Z,2026-08-04T19:45:00Z,2026-08-04,2026-08-04_87,-37.5654639425305,100,0,0,22.991928848161244,15.337813744273594,0.03871708826697705,15.908571428571427,0.0,True,True,True,False,-2614.2745494205537,0.0,79.54632100648112,0.0,6019.865898371548,0.0,3485.1376699574753
2026-08-04T19:45:00Z,2026-08-04T20:00:00Z,2026-08-04,2026-08-04_88,-100.0,100,0,0,15.337813744273594,29.50791660141645,0.03936139682539682,9.597714285714286,0.0,True,True,True,False,-4872.75,0.0,79.54632100648112,0.0,2728.9067963618536,0.0,-2064.296882631665
2026-08-04T20:00:00Z,2026-08-04T20:15:00Z,2026-08-04,2026-08-04_89,0.0,100,57,0,29.50791660141645,16.97623958278291,0.03481021394064872,11.529142857142856,0.0,True,True,True,False,0.0,0.0,105.79489134578725,22.524018299656877,3960.262769130221,0.0,4088.581678775665
2026-08-04T20:15:00Z,2026-08-04T20:30:00Z,2026-08-04,2026-08-04_90,-42.19081924813277,100,57,0,16.97623958278291,15.394474752795155,0.034363095376605035,11.102285714285713,0.0,True,True,True,False,-2713.1861087992984,0.0,105.79489134578725,22.524018299656877,4501.714431784761,0.0,1916.8472326309063
2026-08-04T20:30:00Z,2026-08-04T20:45:00Z,2026-08-04,2026-08-04_91,-43.0,100,57,0,15.394474752795155,16.466459627329318,0.03287618296756384,8.686285714285715,0.0,True,True,True,False,-2559.145,0.0,105.79489134578725,22.524018299656877,2989.261209738032,0.0,558.4351193834761
2026-08-04T20:45:00Z,2026-08-04T21:00:00Z,2026-08-04,2026-08-04_92,0.0,100,57,0,16.466459627329318,10.000000000000124,0.0179623878536922,5.949142857142857,0.0,True,True,True,False,0.0,0.0,105.79489134578725,22.524018299656877,1502.3615635313981,0.0,1630.6804731768423
2026-08-04T21:00:00Z,2026-08-04T21:15:00Z,2026-08-05,2026-08-04_93,-99.99999999999886,100,0,0,10.000000000000124,26.212502857142702,0.04503473015872989,7.377714285714286,0.0,True,True,True,False,-6608.2499999999245,0.0,103.7202125835762,0.0,1605.9868943803592,0.0,-4898.542893035989
2026-08-04T21:15:00Z,2026-08-04T21:30:00Z,2026-08-05,2026-08-04_94,-62.058829866169866,100,0,0,26.212502857142702,28.703871801242265,0.034372175823539165,11.981714285714286,0.0,True,True,True,False,-3279.8091584270774,0.0,103.7202125835762,0.0,4257.337233202442,0.0,1081.2482873589406
2026-08-04T21:30:00Z,2026-08-04T21:45:00Z,2026-08-05,2026-08-04_95,-100.00000000000007,100,0,0,28.703871801242265,42.91077465838514,0.0394636190476191,9.557714285714285,0.0,True,True,True,False,-5022.750000000004,0.0,103.7202125835762,0.0,2445.8077432451923,0.0,-2473.222044171235
2026-08-04T21:45:00Z,2026-08-04T22:00:00Z,2026-08-05,2026-08-04_96,-100.0,100,0,0,42.91077465838514,64.34782608695656,0.05954736507936508,1.6988571428571428,0.0,True,True,True,False,-4855.75,0.0,103.7202125835762,0.0,286.48931155249693,0.0,-4465.540475863927
2026-08-04T22:00:00Z,2026-08-04T22:15:00Z,2026-08-05,2026-08-05_1,0.0,0,0,100,64.34782608695656,64.34782608695656,0.0,0.0,0.0,True,False,True,False,0.0,992.9138807931882,0.0,0.0,0.0,0.0,992.9138807931882
2026-08-04T22:15:00Z,2026-08-04T22:30:00Z,2026-08-05,2026-08-05_2,0.0,0,0,100,64.34782608695656,64.34782608695656,0.0,0.0,0.0,True,False,True,False,0.0,992.9138807931882,0.0,0.0,0.0,0.0,992.9138807931882
2026-08-04T22:30:00Z,2026-08-04T22:45:00Z,2026-08-05,2026-08-05_3,0.0,0,0,100,64.34782608695656,64.34782608695656,0.0,0.0,0.0,True,False,True,False,0.0,992.9138807931882,0.0,0.0,0.0,0.0,992.9138807931882
2026-08-04T22:45:00Z,2026-08-04T23:00:00Z,2026-08-05,2026-08-05_4,0.0,0,0,100,64.34782608695656,64.34782608695656,0.0,0.0,0.0,True,False,True,False,0.0,992.9138807931882,0.0,0.0,0.0,0.0,992.9138807931882
2026-08-04T23:00:00Z,2026-08-04T23:15:00Z,2026-08-05,2026-08-05_5,0.0,0,0,100,64.34782608695656,64.34782608695656,0.0,0.0,0.0,True,True,True,False,0.0,992.9138807931882,0.0,0.0,0.0,0.0,992.9138807931882
2026-08-04T23:15:00Z,2026-08-04T23:30:00Z,2026-08-05,2026-08-05_6,0.0,0,0,100,64.34782608695656,64.34782608695656,0.0,0.0,0.0,True,True,True,False,0.0,992.9138807931882,0.0,0.0,0.0,0.0,992.9138807931882
2026-08-04T23:30:00Z,2026-08-04T23:45:00Z,2026-08-05,2026-08-05_7,0.0,0,0,100,64.34782608695656,64.34782608695656,0.0,0.0,0.0,True,True,True,False,0.0,992.9138807931882,0.0,0.0,0.0,0.0,992.9138807931882
2026-08-04T23:45:00Z,2026-08-05T00:00:00Z,2026-08-05,2026-08-05_8,0.0,0,0,100,64.34782608695656,64.34782608695656,0.0,0.0,0.0,True,True,True,False,0.0,992.9138807931882,0.0,0.0,0.0,0.0,992.9138807931882
2026-08-05T00:00:00Z,2026-08-05T00:15:00Z,2026-08-05,2026-08-05_9,0.0,0,0,100,64.34782608695656,64.34782608695656,0.0,0.0,0.0,True,True,True,False,0.0,992.9138807931882,0.0,0.0,0.0,0.0,992.9138807931882
2026-08-05T00:15:00Z,2026-08-05T00:30:00Z,2026-08-05,2026-08-05_10,0.0,0,0,100,64.34782608695656,64.34782608695656,0.0,0.0,0.0,True,True,True,False,0.0,992.9138807931882,0.0,0.0,0.0,0.0,992.9138807931882
2026-08-05T00:30:00Z,2026-08-05T00:45:00Z,2026-08-05,2026-08-05_11,0.0,0,0,100,64.34782608695656,64.34782608695656,0.0,0.0,0.0,True,True,True,False,0.0,992.9138807931882,0.0,0.0,0.0,0.0,992.9138807931882
2026-08-05T00:45:00Z,2026-08-05T01:00:00Z,2026-08-05,2026-08-05_12,0.0,0,0,100,64.34782608695656,64.34782608695656,0.0,0.0,0.0,True,True,True,False,0.0,992.9138807931882,0.0,0.0,0.0,0.0,992.9138807931882
2026-08-05T01:00:00Z,2026-08-05T01:15:00Z,2026-08-05,2026-08-05_13,0.0,0,0,100,64.34782608695656,64.34782608695656,0.0,0.0,0.0,True,True,True,False,0.0,992.9138807931882,0.0,0.0,0.0,0.0,992.9138807931882
2026-08-05T01:15:00Z,2026-08-05T01:30:00Z,2026-08-05,2026-08-05_14,0.0,0,0,100,64.34782608695656,64.34782608695656,0.0,0.0,0.0,True,True,True,False,0.0,992.9138807931882,0.0,0.0,0.0,0.0,992.9138807931882
2026-08-05T01:30:00Z,2026-08-05T01:45:00Z,2026-08-05,2026-08-05_15,0.0,0,0,100,64.34782608695656,64.34782608695656,0.0,0.0,0.0,True,True,True,False,0.0,992.9138807931882,0.0,0.0,0.0,0.0,992.9138807931882
2026-08-05T01:45:00Z,2026-08-05T02:00:00Z,2026-08-05,2026-08-05_16,0.0,0,0,100,64.34782608695656,64.34782608695656,0.0,0.0,0.0,True,True,True,False,0.0,992.9138807931882,0.0,0.0,0.0,0.0,992.9138807931882
2026-08-05T02:00:00Z,2026-08-05T02:15:00Z,2026-08-05,2026-08-05_17,0.0,0,0,100,64.34782608695656,64.34782608695656,0.0,0.0,0.0,True,True,True,False,0.0,992.9138807931882,0.0,0.0,0.0,0.0,992.9138807931882
2026-08-05T02:15:00Z,2026-08-05T02:30:00Z,2026-08-05,2026-08-05_18,0.0,0,0,100,64.34782608695656,64.34782608695656,0.0,0.0,0.0,True,True,True,False,0.0,992.9138807931882,0.0,0.0,0.0,0.0,992.9138807931882
2026-08-05T02:30:00Z,2026-08-05T02:45:00Z,2026-08-05,2026-08-05_19,0.0,0,0,100,64.34782608695656,64.34782608695656,0.0,0.0,0.0,True,True,True,False,0.0,992.9138807931882,0.0,0.0,0.0,0.0,992.9138807931882
2026-08-05T02:45:00Z,2026-08-05T03:00:00Z,2026-08-05,2026-08-05_20,0.0,0,0,100,64.34782608695656,64.34782608695656,0.0,0.0,0.0,True,True,True,False,0.0,992.9138807931882,0.0,0.0,0.0,0.0,992.9138807931882
2026-08-05T03:00:00Z,2026-08-05T03:15:00Z,2026-08-05,2026-08-05_21,0.0,0,0,100,64.34782608695656,64.34782608695656,0.0,0.0,0.0,True,True,True,False,0.0,992.9138807931882,0.0,0.0,0.0,0.0,992.9138807931882
2026-08-05T03:15:00Z,2026-08-05T03:30:00Z,2026-08-05,2026-08-05_22,0.0,0,0,100,64.34782608695656,64.34782608695656,0.0,0.0,0.0,True,True,True,False,0.0,992.9138807931882,0.0,0.0,0.0,0.0,992.9138807931882
2026-08-05T03:30:00Z,2026-08-05T03:45:00Z,2026-08-05,2026-08-05_23,0.0,0,0,100,64.34782608695656,64.34782608695656,0.0,0.0,0.0,True,True,True,False,0.0,992.9138807931882,0.0,0.0,0.0,0.0,992.9138807931882
2026-08-05T03:45:00Z,2026-08-05T04:00:00Z,2026-08-05,2026-08-05_24,0.0,0,0,100,64.34782608695656,64.34782608695656,0.0,0.0,0.0,True,True,True,False,0.0,992.9138807931882,0.0,0.0,0.0,0.0,992.9138807931882
2026-08-05T04:00:00Z,2026-08-05T04:15:00Z,2026-08-05,2026-08-05_25,-2.0234185885415476e-14,66,43,34,64.34782608695656,53.628770186335444,0.0297751552795031,9.861531428571428,0.0,True,True,True,False,-1.0117598797354873e-12,337.590719469684,64.06137493571062,13.564203668781074,2783.4776862677863,0.0,3198.693984341961
2026-08-05T04:15:00Z,2026-08-05T04:30:00Z,2026-08-05,2026-08-05_26,-21.9677582061629,66,43,34,53.628770186335444,44.844175145341595,0.02964799988033688,13.416102857142857,0.0,True,True,True,False,-1101.0789606884,337.590719469684,64.06137493571062,13.564203668781074,3843.715896385916,0.0,3157.8532337716915
2026-08-05T04:30:00Z,2026-08-05T04:45:00Z,2026-08-05,2026-08-05_27,-2.0234185885415457e-14,66,43,34,44.844175145341595,35.16554160496893,0.02688509316770186,8.904342857142856,0.0,True,True,True,False,-9.945608217328834e-13,337.590719469684,64.06137493571062,13.564203668781074,2034.8943077563613,0.0,2450.110605830536
2026-08-05T04:45:00Z,2026-08-05T05:00:00Z,2026-08-05,2026-08-05_28,-23.000000000000142,66,43,34,35.16554160496893,31.047826086956544,0.02453916151828845,9.144582857142858,0.0,True,True,True,False,-1078.7575000000068,337.590719469684,64.06137493571062,13.564203668781074,2089.848203538161,0.0,1426.3070016123302
2026-08-05T05:00:00Z,2026-08-05T05:15:00Z,2026-08-05,2026-08-05_29,0.0,100,0,0,31.047826086956544,10.000000000000021,0.05846618357487923,19.364,0.0,True,True,True,False,0.0,0.0,97.26270072575575,0.0,5746.0033579061665,0.0,5843.2660586319225
2026-08-05T05:15:00Z,2026-08-05T05:30:00Z,2026-08-05,2026-08-05_30,-100.00000000000004,100,0,0,10.000000000000021,17.67595428571432,0.021322095238095265,16.65657142857143,0.0,True,True,True,False,-4454.250000000002,0.0,97.26270072575575,0.0,4525.071726003392,0.0,168.08442672914555
2026-08-05T05:30:00Z,2026-08-05T05:45:00Z,2026-08-05,2026-08-05_31,-100.0,100,0,0,17.67595428571432,32.848068571428605,0.04214476190476191,8.508571428571429,0.0,True,True,True,False,-3860.25,0.0,97.26270072575575,0.0,1798.6073304869121,0.0,-1964.379968787332
2026-08-05T05:45:00Z,2026-08-05T06:00:00Z,2026-08-05,2026-08-05_32,-100.0,100,0,0,32.848068571428605,52.72900571428575,0.055224825396825404,3.3902857142857146,0.0,True,True,True,False,-3400.0,0.0,97.26270072575575,0.0,581.5305156485133,0.0,-2721.206783625731
2026-08-05T06:00:00Z,2026-08-05T06:15:00Z,2026-08-05,2026-08-05_33,-21.51392154657932,22,0,78,52.72900571428575,54.47180690354623,0.0053041133665870585,3.470217142857143,0.0,True,True,True,False,-875.6703917496448,774.4728270186868,23.063603634493397,0.0,978.2255039727441,0.0,900.0915428762795
2026-08-05T06:15:00Z,2026-08-05T06:30:00Z,2026-08-05,2026-08-05_34,-0.2153413455425443,22,0,78,54.47180690354623,52.42342599189098,0.005868400554958248,1.9329828571428571,0.0,True,True,True,False,-7.962784604799432,774.4728270186868,23.063603634493397,0.0,455.86574871489256,0.0,1245.4393947632732
2026-08-05T06:30:00Z,2026-08-05T06:45:00Z,2026-08-05,2026-08-05_35,-10.492740648767555,22,0,78,52.42342599189098,54.63363300372674,0.006776373652593375,0.2016457142857143,0.0,True,True,True,False,-345.5784132671594,774.4728270186868,23.063603634493397,0.0,34.21670072684426,0.0,486.174718112865
2026-08-05T06:45:00Z,2026-08-05T07:00:00Z,2026-08-05,2026-08-05_36,-22.0,22,0,78,54.63363300372674,59.693633003726745,0.014055555555555557,0.0,0.0,True,True,True,False,-642.95,774.4728270186868,23.063603634493397,0.0,0.0,0.0,154.58643065318012
2026-08-05T07:00:00Z,2026-08-05T07:15:00Z,2026-08-05,2026-08-05_37,0.0,11,11,89,59.693633003726745,58.51202945590066,0.0032893000138026224,1.0882457142857143,0.0013828571428571427,True,True,True,False,0.0,883.6933539059376,10.944053945939768,3.523344191096634,233.81124075988015,-0.0967457362189404,1131.8752470666352
2026-08-05T07:15:00Z,2026-08-05T07:30:00Z,2026-08-05,2026-08-05_38,0.0,11,11,89,58.51202945590066,58.36956521739134,0.0004901873291925466,0.14670857142857144,0.01848,True,True,True,False,0.0,883.6933539059376,10.944053945939768,3.523344191096634,25.11405823353171,-1.3046287902165838,921.9701814862891
2026-08-05T07:30:00Z,2026-08-05T07:45:00Z,2026-08-05,2026-08-05_39,0.0,11,11,89,58.36956521739134,58.8971352745342,0.0014654723809523808,0.0,0.5734457142857142,True,True,True,False,0.0,883.6933539059376,10.944053945939768,3.523344191096634,0.0,-31.112791676259047,867.047960366715
2026-08-05T07:45:00Z,2026-08-05T08:00:00Z,2026-08-05,2026-08-05_40,0.0,11,11,89,58.8971352745342,59.980669217391345,0.0030098165079365073,0.0,1.1777542857142855,True,True,True,False,0.0,883.6933539059376,10.944053945939768,3.523344191096634,0.0,-30.176686518685415,867.9840655242886
2026-08-05T08:00:00Z,2026-08-05T08:15:00Z,2026-08-05,2026-08-05_41,-11.000000000000426,11,0,89,59.980669217391345,62.50072270310573,0.007000148571428845,0.01081142857142857,0.0,True,True,True,False,-275.0000000000107,883.6933539059376,9.278244471112634,0.0,1.4416061870202106,0.0,619.4132045640597
2026-08-05T08:15:00Z,2026-08-05T08:30:00Z,2026-08-05,2026-08-05_42,-11.000000000000462,11,0,89,62.50072270310573,64.94958921739155,0.006802406984127279,0.08818857142857144,0.0,True,True,True,False,-235.70250000000988,883.6933539059376,9.278244471112634,0.0,11.758862562486565,0.0,669.0279609395269
2026-08-05T08:30:00Z,2026-08-05T08:45:00Z,2026-08-05,2026-08-05_43,-11.000000000000426,11,0,89,64.94958921739155,67.47958921739165,0.00702777777777805,0.0,0.0,True,True,True,False,-180.81250000000702,883.6933539059376,9.278244471112634,0.0,0.0,0.0,712.1590983770432
2026-08-05T08:45:00Z,2026-08-05T09:00:00Z,2026-08-05,2026-08-05_44,-11.000000000000426,11,0,89,67.47958921739165,70.00958921739173,0.00702777777777805,0.0,0.0,True,True,True,False,-124.38250000000481,883.6933539059376,9.278244471112634,0.0,0.0,0.0,768.5890983770454
2026-08-05T09:00:00Z,2026-08-05T09:15:00Z,2026-08-05,2026-08-05_45,-69.0,69,0,31,70.00958921739173,84.78410578882031,0.04104032380952381,1.190742857142857,0.0,True,True,True,False,-1200.4275,307.80330304588836,58.27875878621635,0.0,160.86312922371073,0.0,-673.4823089441845
2026-08-05T09:15:00Z,2026-08-05T09:30:00Z,2026-08-05,2026-08-05_46,-69.0,69,0,31,84.78410578882031,99.50348544596316,0.04088716571428572,1.2506742857142858,0.0,True,True,True,False,-1171.275,307.80330304588836,58.27875878621635,0.0,181.14658003967574,0.0,-624.0463581282196
2026-08-05T09:30:00Z,2026-08-05T09:45:00Z,2026-08-05,2026-08-05_47,-69.0,69,0,31,99.50348544596316,113.12266601739174,0.037831057142857144,2.4465428571428576,0.0,True,True,True,False,-1493.6775,307.80330304588836,58.27875878621635,0.0,344.1075088209123,0.0,-783.487929346983
2026-08-05T09:45:00Z,2026-08-05T10:00:00Z,2026-08-05,2026-08-05_48,-69.0,69,0,31,113.12266601739174,127.34762716024888,0.03951378095238095,1.7880857142857145,0.0,True,True,True,False,-1179.7275,307.80330304588836,58.27875878621635,0.0,251.6099582833305,0.0,-562.0354798845648
2026-08-05T10:00:00Z,2026-08-05T10:15:00Z,2026-08-05,2026-08-05_49,-11.0,11,0,89,127.34762716024888,129.6586881888203,0.0064196139682539686,0.23797714285714286,0.0,True,True,True,False,-245.245,883.6933539059376,9.275101434367679,0.0,32.051051903374066,0.0,679.7745072436793
2026-08-05T10:15:00Z,2026-08-05T10:30:00Z,2026-08-05,2026-08-05_50,-11.0,11,0,89,129.6586881888203,131.47658716024887,0.005049719365079365,0.7740228571428571,0.0,True,True,True,False,-219.78,883.6933539059376,9.275101434367679,0.0,125.05002227174887,0.0,798.2384776120541
2026-08-05T10:30:00Z,2026-08-05T10:45:00Z,2026-08-05,2026-08-05_51,-11.0,11,0,89,131.47658716024887,132.48760407453457,0.0028083803174603177,1.6510685714285713,0.0,True,True,True,False,-218.9275,883.6933539059376,9.275101434367679,0.0,297.9185400363014,0.0,971.9594953766066
2026-08-05T10:45:00Z,2026-08-05T11:00:00Z,2026-08-05,2026-08-05_52,-10.99999999999991,11,0,89,132.48760407453457,134.78802464596313,0.006390057142857097,0.24954285714285718,0.0,True,True,True,False,-270.3799999999978,883.6933539059376,9.275101434367679,0.0,36.466807126393626,0.0,659.055262466701
2026-08-05T11:00:00Z,2026-08-05T11:15:00Z,2026-08-05,2026-08-05_53,-11.0,11,0,89,134.78802464596313,137.2216244173917,0.006759999365079367,0.10478285714285715,0.0,True,True,True,False,-247.5825,883.6933539059376,9.275101434367679,0.0,14.878918213013534,0.0,660.2648735533188
2026-08-05T11:15:00Z,2026-08-05T11:30:00Z,2026-08-05,2026-08-05_54,-11.0,11,0,89,137.2216244173917,139.44409207453455,0.0061735212698412695,0.3342742857142857,0.0,True,True,True,False,-241.58749999999998,883.6933539059376,9.275101434367679,0.0,47.45278726675538,0.0,698.8337426070607
2026-08-05T11:30:00Z,2026-08-05T11:45:00Z,2026-08-05,2026-08-05_55,-11.0,11,0,89,139.44409207453455,141.94436818882025,0.006945211428571429,0.03230857142857143,0.0,True,True,True,False,-248.5725,883.6933539059376,9.275101434367679,0.0,4.308055698420862,0.0,648.7040110387261
2026-08-05T11:45:00Z,2026-08-05T12:00:00Z,2026-08-05,2026-08-05_56,-11.0,11,0,89,141.94436818882025,144.47269116024881,0.007023119365079366,0.001822857142857143,0.0,True,True,True,False,-198.7975,883.6933539059376,9.275101434367679,0.0,0.24306150827666342,0.0,694.4140168485819
2026-08-05T12:00:00Z,2026-08-05T12:15:00Z,2026-08-05,2026-08-05_57,0.0,11,11,89,144.47269116024881,145.5081117316774,0.0028761682539682545,0.0,1.125457142857143,True,True,True,False,0.0,883.6933539059376,9.07394708269044,7.8638779358820505,0.0,-24.383725644186473,876.2474532803236
2026-08-05T12:15:00Z,2026-08-05T12:30:00Z,2026-08-05,2026-08-05_58,0.0,11,11,89,145.5081117316774,146.70782327453452,0.003332532063492064,0.0,1.3040342857142857,True,True,True,False,0.0,883.6933539059376,9.07394708269044,7.8638779358820505,0.0,-38.99608252770906,861.635096396801
2026-08-05T12:30:00Z,2026-08-05T12:45:00Z,2026-08-05,2026-08-05_59,-1.1237425543238018e-13,11,11,89,146.70782327453452,146.80978477515566,0.0003686301173223622,0.014142857142857143,0.12753714285714285,True,True,True,False,-2.721142595295086e-12,883.6933539059376,9.07394708269044,7.8638779358820505,1.9948414195096862,-6.465263654249632,896.1607566897674
2026-08-05T12:45:00Z,2026-08-05T13:00:00Z,2026-08-05,2026-08-05_60,0.0,11,11,89,146.80978477515566,146.88875794285752,0.000728376121463078,0.08429142857142856,0.18542857142857144,True,True,True,False,0.0,883.6933539059376,9.07394708269044,7.8638779358820505,13.72708963287698,-9.2502002019163,905.1080683554708
2026-08-05T13:00:00Z,2026-08-05T13:15:00Z,2026-08-05,2026-08-05_61,-100.0,100,0,0,146.88875794285752,169.6995008000004,0.0633631746031746,0.2057142857142857,0.0,True,True,True,False,-1193.75,0.0,98.49134236242071,0.0,35.20701427836693,0.0,-1060.0516433592124
2026-08-05T13:15:00Z,2026-08-05T13:30:00Z,2026-08-05,2026-08-05_62,-100.0,100,0,0,169.6995008000004,186.71476937142899,0.047264634920634915,6.505142857142858,0.0,True,True,True,False,-2103.25,0.0,98.49134236242071,0.0,1587.6008266050578,0.0,-417.15783103252147
2026-08-05T13:30:00Z,2026-08-05T13:45:00Z,2026-08-05,2026-08-05_63,-99.24351531914078,100,0,0,186.71476937142899,190.0,0.010094583176976538,21.210857142857144,0.0,True,True,True,False,-2977.3054595742233,0.0,98.49134236242071,0.0,6311.13605838701,0.0,3432.3219411752075
2026-08-05T13:45:00Z,2026-08-05T14:00:00Z,2026-08-05,2026-08-05_64,-34.30452925556888,100,0,0,190.0,177.41229714285717,0.04392993058379704,19.88742857142857,0.0,True,True,True,False,-1235.8206664318689,0.0,98.49134236242071,0.0,6917.405824985917,0.0,5780.076500916469
2026-08-05T14:00:00Z,2026-08-05T14:15:00Z,2026-08-05,2026-08-05_65,-100.0,100,0,0,177.41229714285717,188.27513142857146,0.030174539682539688,13.192571428571428,0.0,True,True,True,False,-1164.0,0.0,85.51917252414424,0.0,7815.261019541253,0.0,6736.7801920653965
2026-08-05T14:15:00Z,2026-08-05T14:30:00Z,2026-08-05,2026-08-05_66,-100.0,100,0,0,188.27513142857146,190.00000000000003,0.004791301587301585,23.12514285714286,0.0,True,True,True,False,-2805.5,0.0,85.51917252414424,0.0,22538.016989814387,0.0,19818.036162338532
2026-08-05T14:30:00Z,2026-08-05T14:45:00Z,2026-08-05,2026-08-05_67,-52.5206328752398,100,0,0,190.00000000000003,190.00000000000003,0.03465928266129402,12.088571428571429,0.0,True,True,True,False,-1952.979733465792,0.0,85.51917252414424,0.0,6038.114433749956,0.0,4170.653872808309
2026-08-05T14:45:00Z,2026-08-05T15:00:00Z,2026-08-05,2026-08-05_68,0.0,100,0,0,190.00000000000003,180.23105590062116,0.027135955831608004,8.987428571428572,0.0,True,True,True,False,0.0,0.0,85.51917252414424,0.0,2883.949875557515,0.0,2969.4690480816594
2026-08-05T15:00:00Z,2026-08-05T15:15:00Z,2026-08-05,2026-08-05_69,-61.23400500828553,91,38,0,180.23105590062116,190.00000000000003,0.03588087237265208,4.42728,0.0,True,True,True,False,-2334.6995259534065,0.0,94.38539345105434,13.116178067318133,1475.598078793074,0.0,-751.5998756419601
2026-08-05T15:15:00Z,2026-08-05T15:30:00Z,2026-08-05,2026-08-05_70,-21.868819127461105,91,38,0,190.00000000000003,190.00000000000006,0.022041825785447212,4.8048,0.0,True,True,True,False,-1084.6934287220708,0.0,94.38539345105434,13.116178067318133,1191.2539532544718,0.0,214.0620960507734
2026-08-05T15:30:00Z,2026-08-05T15:45:00Z,2026-08-05,2026-08-05_71,9.0,91,38,0,190.00000000000006,176.5936521739131,0.037239855072463766,10.08384,0.0,True,True,True,False,788.1299999999999,0.0,94.38539345105434,13.116178067318133,3523.0205907994746,0.0,4418.652162317847
2026-08-05T15:45:00Z,2026-08-05T16:00:00Z,2026-08-05,2026-08-05_72,9.0,91,38,0,176.5936521739131,167.1183913043479,0.026320169082125602,6.467239999999999,0.0,True,True,True,False,542.385,0.0,94.38539345105434,13.116178067318133,1981.8554357468045,0.0,2631.742007265177
2026-08-05T16:00:00Z,2026-08-05T16:15:00Z,2026-08-05,2026-08-05_73,-99.48525519848772,0,0,0,167.1183913043479,190.00000000000009,0.06356002415458938,0.0,0.0,True,False,True,False,-4863.336700378072,0.0,0.0,0.0,0.0,0.0,-4863.336700378072
2026-08-05T16:15:00Z,2026-08-05T16:30:00Z,2026-08-05,2026-08-05_74,0.0,0,0,0,190.00000000000009,190.00000000000009,0.0,0.0,0.0,True,False,True,False,0.0,0.0,0.0,0.0,0.0,0.0,0.0
2026-08-05T16:30:00Z,2026-08-05T16:45:00Z,2026-08-05,2026-08-05_75,0.0,0,0,0,190.00000000000009,190.00000000000009,0.0,0.0,0.0,True,False,True,False,0.0,0.0,0.0,0.0,0.0,0.0,0.0
2026-08-05T16:45:00Z,2026-08-05T17:00:00Z,2026-08-05,2026-08-05_76,100.0,0,0,0,190.00000000000009,162.82608695652183,0.0754830917874396,0.0,0.0,True,False,True,False,9500.5,0.0,0.0,0.0,0.0,0.0,9500.5
2026-08-05T17:00:00Z,2026-08-05T17:15:00Z,2026-08-05,2026-08-05_77,0.0,100,99,0,162.82608695652183,151.58198757763984,0.031233609385783297,10.34457142857143,0.0,True,True,True,False,0.0,0.0,86.26207211840678,33.91650951482942,7635.957610530126,0.0,7756.136192163362
2026-08-05T17:15:00Z,2026-08-05T17:30:00Z,2026-08-05,2026-08-05_78,-0.9977130441360228,100,99,0,151.58198757763984,137.8310559006212,0.038814994991236855,12.881714285714285,0.0,True,True,True,False,-76.90871000722531,0.0,86.26207211840678,33.91650951482942,14054.954626087478,0.0,14098.224497713489
2026-08-05T17:30:00Z,2026-08-05T17:45:00Z,2026-08-05,2026-08-05_79,0.0,100,99,0,137.8310559006212,122.12670807453425,0.0436231884057971,14.448,0.0,True,True,True,False,0.0,0.0,86.26207211840678,33.91650951482942,15136.864963712214,0.0,15257.04354534545
2026-08-05T17:45:00Z,2026-08-05T18:00:00Z,2026-08-05,2026-08-05_80,0.0,100,99,0,122.12670807453425,105.69503105590071,0.04564354727398205,15.117142857142857,0.0,True,True,True,False,0.0,0.0,86.26207211840678,33.91650951482942,17171.15876226941,0.0,17291.337343902647
2026-08-05T18:00:00Z,2026-08-05T18:15:00Z,2026-08-05,2026-08-05_81,0.0,100,100,0,105.69503105590071,82.2335403726709,0.06517080745341615,21.58457142857143,0.0,True,True,True,False,0.0,0.0,100.54860277730157,34.25910052002972,37467.17231613235,0.0,37601.980019429684
2026-08-05T18:15:00Z,2026-08-05T18:30:00Z,2026-08-05,2026-08-05_82,0.0,100,100,0,82.2335403726709,64.42919254658395,0.04945652173913043,16.38,0.0,True,True,True,False,0.0,0.0,100.54860277730157,34.25910052002972,26667.926761529234,0.0,26802.734464826564
2026-08-05T18:30:00Z,2026-08-05T18:45:00Z,2026-08-05,2026-08-05_83,0.0,100,100,0,64.42919254658395,45.78198757763985,0.05179779158040027,17.155428571428573,0.0,True,True,True,False,0.0,0.0,100.54860277730157,34.25910052002972,31256.356238696637,0.0,31391.163941993967
2026-08-05T18:45:00Z,2026-08-05T19:00:00Z,2026-08-05,2026-08-05_84,0.0,100,100,0,45.78198757763985,30.108695652174013,0.04353692201518288,14.419428571428572,0.0,True,True,True,False,0.0,0.0,100.54860277730157,34.25910052002972,22576.212859401494,0.0,22711.020562698825
2026-08-05T19:00:00Z,2026-08-05T19:15:00Z,2026-08-05,2026-08-05_85,0.0,0,0,37,30.108695652174013,30.108695652174013,0.0,0.0,0.0,True,False,True,False,0.0,367.3781358934797,0.0,0.0,0.0,0.0,367.3781358934797
2026-08-05T19:15:00Z,2026-08-05T19:30:00Z,2026-08-05,2026-08-05_86,0.0,0,0,37,30.108695652174013,30.108695652174013,0.0,0.0,0.0,True,False,True,False,0.0,367.3781358934797,0.0,0.0,0.0,0.0,367.3781358934797
2026-08-05T19:30:00Z,2026-08-05T19:45:00Z,2026-08-05,2026-08-05_87,0.0,0,0,37,30.108695652174013,30.108695652174013,0.0,0.0,0.0,True,False,True,False,0.0,367.3781358934797,0.0,0.0,0.0,0.0,367.3781358934797
2026-08-05T19:45:00Z,2026-08-05T20:00:00Z,2026-08-05,2026-08-05_88,7.723290606088045e-15,0,0,37,30.108695652174013,30.10869565217401,5.82977853720414e-18,0.0,0.0,True,False,True,False,4.22019906943166e-13,367.3781358934797,0.0,0.0,0.0,0.0,367.3781358934801
2026-08-05T20:00:00Z,2026-08-05T20:15:00Z,2026-08-05,2026-08-05_89,17.0,83,100,0,30.10869565217401,22.06266611677028,0.02738984204278813,4.188891428571429,1.1880000000000002,True,True,True,False,1117.2825,0.0,86.79924567118121,34.25910052002972,1577.6354393214308,-63.86238299331392,2752.113902519328
2026-08-05T20:15:00Z,2026-08-05T20:30:00Z,2026-08-05,2026-08-05_90,17.0,83,100,0,22.06266611677028,13.728178822360345,0.023243470420979986,3.436674285714286,0.021714285714285714,True,True,True,False,1087.83,0.0,86.79924567118121,34.25910052002972,658.2851168855908,-2.2749599296830567,1864.8985031471186
2026-08-05T20:30:00Z,2026-08-05T20:45:00Z,2026-08-05,2026-08-05_91,14.997511281839651,83,100,0,13.728178822360345,10.038269565217433,0.012067020190551196,0.009011428571428571,0.41828571428571426,True,True,True,False,936.7820484419092,0.0,86.79924567118121,34.25910052002972,1.373248539372318,-43.822912329684144,1015.3907308428082
2026-08-05T20:45:00Z,2026-08-05T21:00:00Z,2026-08-05,2026-08-05_92,0.0,83,100,0,10.038269565217433,10.000000000000043,0.0005151932367149759,0.10292,0.08,True,True,True,False,0.0,0.0,86.79924567118121,34.25910052002972,16.090491273787073,-8.381431319884946,128.76740614511306
2026-08-05T21:00:00Z,2026-08-05T21:15:00Z,2026-08-06,2026-08-05_93,-14.596404296154512,100,27,0,10.000000000000043,13.304072103366373,0.009773268828611677,0.11542857142857145,0.0756,True,True,True,False,-893.5918710105792,0.0,103.50740155080112,7.793061403341651,19.753791569934386,-7.921659776334089,-770.4592762628362
2026-08-05T21:15:00Z,2026-08-05T21:30:00Z,2026-08-06,2026-08-05_94,-73.0,100,27,0,13.304072103366373,30.100461877279415,0.046883967453416144,0.13942857142857143,0.15320571428571428,True,True,True,False,-4029.9649999999997,0.0,103.50740155080112,7.793061403341651,21.250711033332156,-15.323052421867985,-3912.7368784343926
2026-08-05T21:30:00Z,2026-08-05T21:45:00Z,2026-08-06,2026-08-05_95,-71.64813712342406,100,27,0,30.100461877279415,46.22682791552786,0.04577769966898144,0.5737142857142857,0.21985714285714286,True,True,True,False,-3986.502349547315,0.0,103.50740155080112,7.793061403341651,99.54192611785327,-21.77942412423828,-3797.4393845995573
2026-08-05T21:45:00Z,2026-08-05T22:00:00Z,2026-08-06,2026-08-05_96,-73.0,100,27,0,46.22682791552786,64.34782608695645,0.05033610603174603,0.0,1.446737142857143,True,True,True,False,-3621.7124999999996,0.0,103.50740155080112,7.793061403341651,0.0,-100.58198192165435,-3610.9940189675112
2026-08-05T22:00:00Z,2026-08-05T22:15:00Z,2026-08-06,2026-08-06_1,0.0,0,0,100,64.34782608695645,64.34782608695645,0.0,0.0,0.0,True,True,True,False,0.0,993.0652136638153,0.0,0.0,0.0,0.0,993.0652136638153
2026-08-05T22:15:00Z,2026-08-05T22:30:00Z,2026-08-06,2026-08-06_2,0.0,0,0,100,64.34782608695645,64.34782608695645,0.0,0.0,0.0,True,True,True,False,0.0,993.0652136638153,0.0,0.0,0.0,0.0,993.0652136638153
2026-08-05T22:30:00Z,2026-08-05T22:45:00Z,2026-08-06,2026-08-06_3,0.0,0,0,100,64.34782608695645,64.34782608695645,0.0,0.0,0.0,True,True,True,False,0.0,993.0652136638153,0.0,0.0,0.0,0.0,993.0652136638153
2026-08-05T22:45:00Z,2026-08-05T23:00:00Z,2026-08-06,2026-08-06_4,0.0,0,0,100,64.34782608695645,64.34782608695645,0.0,0.0,0.0,True,True,True,False,0.0,993.0652136638153,0.0,0.0,0.0,0.0,993.0652136638153
2026-08-05T23:00:00Z,2026-08-05T23:15:00Z,2026-08-06,2026-08-06_5,0.0,0,0,100,64.34782608695645,64.34782608695645,0.0,0.0,0.0,True,True,True,False,0.0,993.0652136638153,0.0,0.0,0.0,0.0,993.0652136638153
2026-08-05T23:15:00Z,2026-08-05T23:30:00Z,2026-08-06,2026-08-06_6,0.0,0,0,100,64.34782608695645,64.34782608695645,0.0,0.0,0.0,True,True,True,False,0.0,993.0652136638153,0.0,0.0,0.0,0.0,993.0652136638153
2026-08-05T23:30:00Z,2026-08-05T23:45:00Z,2026-08-06,2026-08-06_7,0.0,0,0,100,64.34782608695645,64.34782608695645,0.0,0.0,0.0,True,True,True,False,0.0,993.0652136638153,0.0,0.0,0.0,0.0,993.0652136638153
2026-08-05T23:45:00Z,2026-08-06T00:00:00Z,2026-08-06,2026-08-06_8,0.0,0,0,100,64.34782608695645,64.34782608695645,0.0,0.0,0.0,True,True,True,False,0.0,993.0652136638153,0.0,0.0,0.0,0.0,993.0652136638153
2026-08-06T00:00:00Z,2026-08-06T00:15:00Z,2026-08-06,2026-08-06_9,0.0,0,0,100,64.34782608695645,64.34782608695645,0.0,0.0,0.0,True,True,True,False,0.0,993.0652136638153,0.0,0.0,0.0,0.0,993.0652136638153
2026-08-06T00:15:00Z,2026-08-06T00:30:00Z,2026-08-06,2026-08-06_10,0.0,0,0,100,64.34782608695645,64.34782608695645,0.0,0.0,0.0,True,True,True,False,0.0,993.0652136638153,0.0,0.0,0.0,0.0,993.0652136638153
2026-08-06T00:30:00Z,2026-08-06T00:45:00Z,2026-08-06,2026-08-06_11,0.0,0,0,100,64.34782608695645,64.34782608695645,0.0,0.0,0.0,True,True,True,False,0.0,993.0652136638153,0.0,0.0,0.0,0.0,993.0652136638153
2026-08-06T00:45:00Z,2026-08-06T01:00:00Z,2026-08-06,2026-08-06_12,0.0,0,0,100,64.34782608695645,64.34782608695645,0.0,0.0,0.0,True,True,True,False,0.0,993.0652136638153,0.0,0.0,0.0,0.0,993.0652136638153
2026-08-06T01:00:00Z,2026-08-06T01:15:00Z,2026-08-06,2026-08-06_13,0.0,0,0,100,64.34782608695645,64.34782608695645,0.0,0.0,0.0,True,True,True,False,0.0,993.0652136638153,0.0,0.0,0.0,0.0,993.0652136638153
2026-08-06T01:15:00Z,2026-08-06T01:30:00Z,2026-08-06,2026-08-06_14,0.0,0,0,100,64.34782608695645,64.34782608695645,0.0,0.0,0.0,True,True,True,False,0.0,993.0652136638153,0.0,0.0,0.0,0.0,993.0652136638153
2026-08-06T01:30:00Z,2026-08-06T01:45:00Z,2026-08-06,2026-08-06_15,0.0,0,0,100,64.34782608695645,64.34782608695645,0.0,0.0,0.0,True,True,True,False,0.0,993.0652136638153,0.0,0.0,0.0,0.0,993.0652136638153
2026-08-06T01:45:00Z,2026-08-06T02:00:00Z,2026-08-06,2026-08-06_16,0.0,0,0,100,64.34782608695645,64.34782608695645,0.0,0.0,0.0,True,True,True,False,0.0,993.0652136638153,0.0,0.0,0.0,0.0,993.0652136638153
2026-08-06T02:00:00Z,2026-08-06T02:15:00Z,2026-08-06,2026-08-06_17,0.0,0,0,100,64.34782608695645,64.34782608695645,0.0,0.0,0.0,True,True,True,False,0.0,993.0652136638153,0.0,0.0,0.0,0.0,993.0652136638153
2026-08-06T02:15:00Z,2026-08-06T02:30:00Z,2026-08-06,2026-08-06_18,0.0,0,0,100,64.34782608695645,64.34782608695645,0.0,0.0,0.0,True,True,True,False,0.0,993.0652136638153,0.0,0.0,0.0,0.0,993.0652136638153
2026-08-06T02:30:00Z,2026-08-06T02:45:00Z,2026-08-06,2026-08-06_19,0.0,0,0,100,64.34782608695645,64.34782608695645,0.0,0.0,0.0,True,True,True,False,0.0,993.0652136638153,0.0,0.0,0.0,0.0,993.0652136638153
2026-08-06T02:45:00Z,2026-08-06T03:00:00Z,2026-08-06,2026-08-06_20,0.0,0,0,100,64.34782608695645,64.34782608695645,0.0,0.0,0.0,True,True,True,False,0.0,993.0652136638153,0.0,0.0,0.0,0.0,993.0652136638153
2026-08-06T03:00:00Z,2026-08-06T03:15:00Z,2026-08-06,2026-08-06_21,0.0,0,0,100,64.34782608695645,64.34782608695645,0.0,0.0,0.0,True,True,True,False,0.0,993.0652136638153,0.0,0.0,0.0,0.0,993.0652136638153
2026-08-06T03:15:00Z,2026-08-06T03:30:00Z,2026-08-06,2026-08-06_22,0.0,0,0,100,64.34782608695645,64.34782608695645,0.0,0.0,0.0,True,True,True,False,0.0,993.0652136638153,0.0,0.0,0.0,0.0,993.0652136638153
2026-08-06T03:30:00Z,2026-08-06T03:45:00Z,2026-08-06,2026-08-06_23,0.0,0,0,100,64.34782608695645,64.34782608695645,0.0,0.0,0.0,True,True,True,False,0.0,993.0652136638153,0.0,0.0,0.0,0.0,993.0652136638153
2026-08-06T03:45:00Z,2026-08-06T04:00:00Z,2026-08-06,2026-08-06_24,0.0,0,0,100,64.34782608695645,64.34782608695645,0.0,0.0,0.0,True,True,True,False,0.0,993.0652136638153,0.0,0.0,0.0,0.0,993.0652136638153
2026-08-06T04:00:00Z,2026-08-06T04:15:00Z,2026-08-06,2026-08-06_25,0.0,0,0,100,64.34782608695645,64.34782608695645,0.0,0.0,0.0,True,True,True,False,0.0,993.0652136638153,0.0,0.0,0.0,0.0,993.0652136638153
2026-08-06T04:15:00Z,2026-08-06T04:30:00Z,2026-08-06,2026-08-06_26,0.0,0,0,100,64.34782608695645,64.34782608695645,0.0,0.0,0.0,True,True,True,False,0.0,993.0652136638153,0.0,0.0,0.0,0.0,993.0652136638153
2026-08-06T04:30:00Z,2026-08-06T04:45:00Z,2026-08-06,2026-08-06_27,0.0,0,0,100,64.34782608695645,64.34782608695645,0.0,0.0,0.0,True,True,True,False,0.0,993.0652136638153,0.0,0.0,0.0,0.0,993.0652136638153
2026-08-06T04:45:00Z,2026-08-06T05:00:00Z,2026-08-06,2026-08-06_28,0.0,0,0,100,64.34782608695645,64.34782608695645,0.0,0.0,0.0,True,True,True,False,0.0,993.0652136638153,0.0,0.0,0.0,0.0,993.0652136638153
2026-08-06T05:00:00Z,2026-08-06T05:15:00Z,2026-08-06,2026-08-06_29,0.0,0,0,100,64.34782608695645,64.34782608695645,0.0,0.0,0.0,True,True,True,False,0.0,993.0652136638153,0.0,0.0,0.0,0.0,993.0652136638153
2026-08-06T05:15:00Z,2026-08-06T05:30:00Z,2026-08-06,2026-08-06_30,0.0,0,0,100,64.34782608695645,64.34782608695645,0.0,0.0,0.0,True,True,True,False,0.0,993.0652136638153,0.0,0.0,0.0,0.0,993.0652136638153
2026-08-06T05:30:00Z,2026-08-06T05:45:00Z,2026-08-06,2026-08-06_31,0.0,0,0,100,64.34782608695645,64.34782608695645,0.0,0.0,0.0,True,True,True,False,0.0,993.0652136638153,0.0,0.0,0.0,0.0,993.0652136638153
2026-08-06T05:45:00Z,2026-08-06T06:00:00Z,2026-08-06,2026-08-06_32,0.0,0,0,100,64.34782608695645,64.34782608695645,0.0,0.0,0.0,True,True,True,False,0.0,993.0652136638153,0.0,0.0,0.0,0.0,993.0652136638153
2026-08-06T06:00:00Z,2026-08-06T06:15:00Z,2026-08-06,2026-08-06_33,0.0,0,0,100,64.34782608695645,64.34782608695645,0.0,0.0,0.0,True,True,True,False,0.0,993.0652136638153,0.0,0.0,0.0,0.0,993.0652136638153
2026-08-06T06:15:00Z,2026-08-06T06:30:00Z,2026-08-06,2026-08-06_34,0.0,0,0,100,64.34782608695645,64.34782608695645,0.0,0.0,0.0,True,True,True,False,0.0,993.0652136638153,0.0,0.0,0.0,0.0,993.0652136638153
2026-08-06T06:30:00Z,2026-08-06T06:45:00Z,2026-08-06,2026-08-06_35,0.0,0,0,100,64.34782608695645,64.34782608695645,0.0,0.0,0.0,True,True,True,False,0.0,993.0652136638153,0.0,0.0,0.0,0.0,993.0652136638153
2026-08-06T06:45:00Z,2026-08-06T07:00:00Z,2026-08-06,2026-08-06_36,0.0,0,0,100,64.34782608695645,64.34782608695645,0.0,0.0,0.0,True,True,True,False,0.0,993.0652136638153,0.0,0.0,0.0,0.0,993.0652136638153
2026-08-06T07:00:00Z,2026-08-06T07:15:00Z,2026-08-06,2026-08-06_37,0.0,100,0,0,64.34782608695645,49.17763975155272,0.04213940648723258,13.95657142857143,0.0,True,True,True,False,0.0,0.0,102.53576939930272,0.0,4047.905597199958,0.0,4150.441366599261
2026-08-06T07:15:00Z,2026-08-06T07:30:00Z,2026-08-06,2026-08-06_38,-48.111738406712796,100,0,0,49.17763975155272,48.14191127453408,0.03479120445133113,12.021714285714285,0.0,True,True,True,False,-1503.4918252097748,0.0,102.53576939930272,0.0,3554.7505324380886,0.0,2153.7944766276164
2026-08-06T07:30:00Z,2026-08-06T07:45:00Z,2026-08-06,2026-08-06_39,-100.0,100,0,0,48.14191127453408,70.05473413167694,0.06086895238095238,1.1817142857142857,0.0,True,True,True,False,-2459.0,0.0,102.53576939930272,0.0,202.39691037305778,0.0,-2154.0673202276394
2026-08-06T07:45:00Z,2026-08-06T08:00:00Z,2026-08-06,2026-08-06_40,-100.0,100,0,0,70.05473413167694,93.04159127453408,0.06385238095238097,0.014285714285714287,0.0,True,True,True,False,-2434.25,0.0,102.53576939930272,0.0,2.4467711602158824,0.0,-2329.2674594404816
2026-08-06T08:00:00Z,2026-08-06T08:15:00Z,2026-08-06,2026-08-06_41,0.0,11,11,89,93.04159127453408,94.1521889888198,0.0030849936507936506,0.0,1.2071714285714283,True,True,True,False,0.0,883.8280401607956,9.131913353274019,3.3918535312160643,0.0,-54.55396480895316,841.7978422363325
2026-08-06T08:15:00Z,2026-08-06T08:30:00Z,2026-08-06,2026-08-06_42,0.0,11,11,89,94.1521889888198,94.8460161888198,0.0019272977777777776,0.0,0.7541599999999999,True,True,True,False,0.0,883.8280401607956,9.131913353274019,3.3918535312160643,0.0,-49.585276457924515,846.7665305873611
2026-08-06T08:30:00Z,2026-08-06T08:45:00Z,2026-08-06,2026-08-06_43,0.0,11,11,89,94.8460161888198,95.246069326708,0.001117711442374051,0.0010685714285714287,0.4361028571428571,True,True,True,False,0.0,883.8280401607956,9.131913353274019,3.3918535312160643,0.183018482784148,-31.658397088913866,864.8764284391559
2026-08-06T08:45:00Z,2026-08-06T09:00:00Z,2026-08-06,2026-08-06_44,0.0,11,11,89,95.246069326708,95.72217195527942,0.0013225073015873017,0.0,0.5175028571428572,True,True,True,False,0.0,883.8280401607956,9.131913353274019,3.3918535312160643,0.0,-28.88044341372206,867.4713636315636
2026-08-06T09:00:00Z,2026-08-06T09:15:00Z,2026-08-06,2026-08-06_45,-11.0,11,0,89,95.72217195527942,98.25147801242228,0.007025850158730159,0.0007542857142857143,0.0,True,True,True,False,-267.135,883.8280401607956,9.226218826801807,0.0,0.11481915938849772,0.0,626.0340781469858
2026-08-06T09:15:00Z,2026-08-06T09:30:00Z,2026-08-06,2026-08-06_46,-11.0,11,0,89,98.25147801242228,100.78118886956514,0.007026974603174604,0.00031428571428571427,0.0,True,True,True,False,-272.90999999999997,883.8280401607956,9.226218826801807,0.0,0.04784131641187405,0.0,620.1921003040093
2026-08-06T09:30:00Z,2026-08-06T09:45:00Z,2026-08-06,2026-08-06_47,-11.0,11,0,89,100.78118886956514,103.31118886956513,0.007027777777777778,0.0,0.0,True,True,True,False,-294.6625,883.8280401607956,9.226218826801807,0.0,0.0,0.0,598.3917589875973
2026-08-06T09:45:00Z,2026-08-06T10:00:00Z,2026-08-06,2026-08-06_48,-11.0,11,0,89,103.31118886956513,105.50040509813657,0.006081156190476191,0.37041714285714283,0.0,True,True,True,False,-270.6275,883.8280401607956,9.226218826801807,0.0,63.32426044096314,0.0,685.7510194285605
2026-08-06T10:00:00Z,2026-08-06T10:15:00Z,2026-08-06,2026-08-06_49,2.0454652464561303e-14,11,0,89,105.50040509813657,105.24767839006203,0.0007020186335403882,0.23250857142857143,0.0,True,True,True,False,6.12105475001997e-13,883.8280401607956,9.223075311017546,0.0,36.43145173492133,0.0,929.4825672067351
2026-08-06T10:15:00Z,2026-08-06T10:30:00Z,2026-08-06,2026-08-06_50,-11.0,11,0,89,105.24767839006203,107.48518147577632,0.006215286349206349,0.3179314285714286,0.0,True,True,True,False,-305.3875,883.8280401607956,9.223075311017546,0.0,54.4533815248365,0.0,642.1169969966496
2026-08-06T10:30:00Z,2026-08-06T10:45:00Z,2026-08-06,2026-08-06_51,-11.0,11,0,89,107.48518147577632,109.85227839006203,0.006575269206349206,0.17706857142857144,0.0,True,True,True,False,-312.7025,883.8280401607956,9.223075311017546,0.0,30.32723917664382,0.0,610.675854648457
2026-08-06T10:45:00Z,2026-08-06T11:00:00Z,2026-08-06,2026-08-06_52,-11.0,11,0,89,109.85227839006203,112.30264844720487,0.006806583492063492,0.08655428571428571,0.0,True,True,True,False,-306.7075,883.8280401607956,9.223075311017546,0.0,15.66365598560787,0.0,602.007271457421
2026-08-06T11:00:00Z,2026-08-06T11:15:00Z,2026-08-06,2026-08-06_53,0.0,100,0,0,112.30264844720487,108.60326956521729,0.010276052449965494,3.403428571428572,0.0,True,True,True,False,0.0,0.0,83.0173941206729,0.0,784.2079364655997,0.0,867.2253305862725
2026-08-06T11:15:00Z,2026-08-06T11:30:00Z,2026-08-06,2026-08-06_54,0.0,100,0,0,108.60326956521729,105.95668571428561,0.007351621808143547,2.4348571428571426,0.0,True,True,True,False,0.0,0.0,83.0173941206729,0.0,497.8303839443911,0.0,580.847778065064
2026-08-06T11:30:00Z,2026-08-06T11:45:00Z,2026-08-06,2026-08-06_55,-100.0,100,0,0,105.95668571428561,124.44500571428561,0.05135644444444445,4.904000000000001,0.0,True,True,True,False,-2702.5,0.0,83.0173941206729,0.0,1025.6553106365145,0.0,-1593.8272952428126
2026-08-06T11:45:00Z,2026-08-06T12:00:00Z,2026-08-06,2026-08-06_56,-100.0,100,0,0,124.44500571428561,132.06470857142847,0.021165841269841272,16.717714285714287,0.0,True,True,True,False,-2751.0,0.0,83.0173941206729,0.0,4801.69356235184,0.0,2133.7109564725133
2026-08-06T12:00:00Z,2026-08-06T12:15:00Z,2026-08-06,2026-08-06_57,-100.0,100,0,0,132.06470857142847,146.17593142857132,0.03919784126984128,9.661714285714286,0.0,True,True,True,False,-2738.25,0.0,81.84572005563071,0.0,2466.46231727464,0.0,-189.9419626697292
2026-08-06T12:15:00Z,2026-08-06T12:30:00Z,2026-08-06,2026-08-06_58,-100.0,100,0,0,146.17593142857132,159.17842285714275,0.03611803174603175,10.866857142857143,0.0,True,True,True,False,-3000.0,0.0,81.84572005563071,0.0,2751.5576254072284,0.0,-166.59665453714086
2026-08-06T12:30:00Z,2026-08-06T12:45:00Z,2026-08-06,2026-08-06_59,-100.0,100,0,0,159.17842285714275,167.33014857142845,0.022643682539682543,16.13942857142857,0.0,True,True,True,False,-3000.0,0.0,81.84572005563071,0.0,4486.145563669122,0.0,1567.9912837247523
2026-08-06T12:45:00Z,2026-08-06T13:00:00Z,2026-08-06,2026-08-06_60,-100.0,100,0,0,167.33014857142845,168.38893714285703,0.0029410793650793705,23.849142857142855,0.0,True,True,True,False,-3000.25,0.0,81.84572005563071,0.0,9942.783036227998,0.0,7024.378756283629
2026-08-06T13:00:00Z,2026-08-06T13:15:00Z,2026-08-06,2026-08-06_61,-100.0,100,0,0,168.38893714285703,182.73462857142846,0.039849142857142854,9.406857142857143,0.0,True,True,True,False,-2108.25,0.0,102.27857265331784,0.0,2770.849817676085,0.0,764.8783903294028
2026-08-06T13:15:00Z,2026-08-06T13:30:00Z,2026-08-06,2026-08-06_62,-100.0,100,0,0,182.73462857142846,189.9999999999999,0.020181587301587305,17.102857142857143,0.0,True,True,True,False,-2620.5,0.0,102.27857265331784,0.0,8623.529777939868,0.0,6105.308350593185
2026-08-06T13:30:00Z,2026-08-06T13:45:00Z,2026-08-06,2026-08-06_63,-76.92913230416207,100,0,0,189.9999999999999,189.9999999999999,0.025717091443973415,18.459428571428575,0.0,True,True,True,False,-2675.787544369517,0.0,102.27857265331784,0.0,8808.923436583993,0.0,6235.414464867794
2026-08-06T13:45:00Z,2026-08-06T14:00:00Z,2026-08-06,2026-08-06_64,-29.10296681395301,100,0,0,189.9999999999999,179.72438857142845,0.04142158495816971,16.342285714285715,0.0,True,True,True,False,-1270.853803348293,0.0,102.27857265331784,0.0,7693.328160403677,0.0,6524.752929708702
2026-08-06T14:00:00Z,2026-08-06T14:15:00Z,2026-08-06,2026-08-06_65,0.0,0,100,0,179.72438857142845,181.13119999999986,0.0039078095238095235,0.0,1.5291428571428571,True,True,True,False,0.0,0.0,0.0,31.97812875078588,0.0,-131.42081056439037,-99.44268181360448
2026-08-06T14:15:00Z,2026-08-06T14:30:00Z,2026-08-06,2026-08-06_66,0.0,0,100,0,181.13119999999986,186.74162285714272,0.015584507936507938,0.0,6.098285714285715,True,True,True,False,0.0,0.0,0.0,31.97812875078588,0.0,-369.9507386309513,-337.97260988016546
2026-08-06T14:30:00Z,2026-08-06T14:45:00Z,2026-08-06,2026-08-06_67,0.0,0,100,0,186.74162285714272,189.99999999999986,0.00905104761904762,0.0,3.5417142857142863,True,True,True,False,0.0,0.0,0.0,31.97812875078588,0.0,-233.528179999619,-201.5500512488331
2026-08-06T14:45:00Z,2026-08-06T15:00:00Z,2026-08-06,2026-08-06_68,100.0,0,100,0,189.99999999999986,166.69440993788808,0.06473775017253278,0.0,3.5588571428571427,True,True,True,False,7460.250000000001,0.0,0.0,31.97812875078588,0.0,-210.01318480334655,7282.214943947441
2026-08-06T15:00:00Z,2026-08-06T15:15:00Z,2026-08-06,2026-08-06_69,0.0,0,100,0,166.69440993788808,172.98720993788808,0.01748,0.0,6.84,True,True,True,False,0.0,0.0,0.0,31.03507401550801,0.0,-369.28363657147213,-338.2485625559641
2026-08-06T15:15:00Z,2026-08-06T15:30:00Z,2026-08-06,2026-08-06_70,0.0,0,100,0,172.98720993788808,180.33774708074523,0.020418158730158727,0.0,7.989714285714284,True,True,True,False,0.0,0.0,0.0,31.03507401550801,0.0,-162.6346535736739,-131.59957955816589
2026-08-06T15:30:00Z,2026-08-06T15:45:00Z,2026-08-06,2026-08-06_71,98.93653977280947,0,100,0,180.33774708074523,155.86502014409928,0.06810061963230449,0.0,2.2228571428571433,True,True,True,False,7027.215078713225,0.0,0.0,31.03507401550801,0.0,-148.92579615320764,6909.324356575526
2026-08-06T15:45:00Z,2026-08-06T16:00:00Z,2026-08-06,2026-08-06_72,100.0,0,100,0,155.86502014409928,131.40787728695642,0.06793650793650795,0.0,2.499428571428571,True,True,True,False,8548.75,0.0,0.0,31.03507401550801,0.0,-149.37572552616464,8430.409348489344
2026-08-06T16:00:00Z,2026-08-06T16:15:00Z,2026-08-06,2026-08-06_73,0.0,0,0,100,131.40787728695642,131.40787728695642,0.0,0.0,0.0,True,True,True,False,0.0,993.0652136638153,0.0,0.0,0.0,0.0,993.0652136638153
2026-08-06T16:15:00Z,2026-08-06T16:30:00Z,2026-08-06,2026-08-06_74,0.0,0,0,100,131.40787728695642,131.40787728695642,0.0,0.0,0.0,True,True,True,False,0.0,993.0652136638153,0.0,0.0,0.0,0.0,993.0652136638153
2026-08-06T16:30:00Z,2026-08-06T16:45:00Z,2026-08-06,2026-08-06_75,0.0,0,0,100,131.40787728695642,131.40787728695642,0.0,0.0,0.0,True,True,True,False,0.0,993.0652136638153,0.0,0.0,0.0,0.0,993.0652136638153
2026-08-06T16:45:00Z,2026-08-06T17:00:00Z,2026-08-06,2026-08-06_76,0.0,0,0,100,131.40787728695642,131.40787728695642,0.0,0.0,0.0,True,True,True,False,0.0,993.0652136638153,0.0,0.0,0.0,0.0,993.0652136638153
2026-08-06T17:00:00Z,2026-08-06T17:15:00Z,2026-08-06,2026-08-06_77,0.0,0,84,16,131.40787728695642,132.79582608695642,0.0038554133333333334,0.0,1.50864,True,True,True,False,0.0,158.89043418621043,0.0,25.205281106517557,0.0,-122.73935649755187,61.35635879517612
2026-08-06T17:15:00Z,2026-08-06T17:30:00Z,2026-08-06,2026-08-06_78,84.0,0,84,16,132.79582608695642,109.9999999999999,0.06332173913043479,0.0,0.02784,True,True,True,False,6069.42,158.89043418621043,0.0,25.205281106517557,0.0,-2.651984225266246,6250.863731067462
2026-08-06T17:30:00Z,2026-08-06T17:45:00Z,2026-08-06,2026-08-06_79,84.0,0,84,16,109.9999999999999,87.17391304347817,0.06340579710144928,0.0,0.0,True,True,True,False,6934.41,158.89043418621043,0.0,25.205281106517557,0.0,0.0,7118.5057152927275
2026-08-06T17:45:00Z,2026-08-06T18:00:00Z,2026-08-06,2026-08-06_80,84.0,0,84,16,87.17391304347817,64.34782608695642,0.06340579710144928,0.0,0.0,True,True,True,False,7160.58,158.89043418621043,0.0,25.205281106517557,0.0,0.0,7344.675715292728
2026-08-06T18:00:00Z,2026-08-06T18:15:00Z,2026-08-06,2026-08-06_81,0.0,0,0,100,64.34782608695642,64.34782608695642,0.0,0.0,0.0,True,True,True,False,0.0,993.0652136638153,0.0,0.0,0.0,0.0,993.0652136638153
2026-08-06T18:15:00Z,2026-08-06T18:30:00Z,2026-08-06,2026-08-06_82,0.0,0,0,100,64.34782608695642,64.34782608695642,0.0,0.0,0.0,True,True,True,False,0.0,993.0652136638153,0.0,0.0,0.0,0.0,993.0652136638153
2026-08-06T18:30:00Z,2026-08-06T18:45:00Z,2026-08-06,2026-08-06_83,0.0,0,0,100,64.34782608695642,64.34782608695642,0.0,0.0,0.0,True,True,True,False,0.0,993.0652136638153,0.0,0.0,0.0,0.0,993.0652136638153
2026-08-06T18:45:00Z,2026-08-06T19:00:00Z,2026-08-06,2026-08-06_84,0.0,0,0,100,64.34782608695642,64.34782608695642,0.0,0.0,0.0,True,True,True,False,0.0,993.0652136638153,0.0,0.0,0.0,0.0,993.0652136638153
2026-08-06T19:00:00Z,2026-08-06T19:15:00Z,2026-08-06,2026-08-06_85,0.0,0,0,100,64.34782608695642,64.34782608695642,0.0,0.0,0.0,True,True,True,False,0.0,993.0652136638153,0.0,0.0,0.0,0.0,993.0652136638153
2026-08-06T19:15:00Z,2026-08-06T19:30:00Z,2026-08-06,2026-08-06_86,0.0,0,0,100,64.34782608695642,64.34782608695642,0.0,0.0,0.0,True,True,True,False,0.0,993.0652136638153,0.0,0.0,0.0,0.0,993.0652136638153
2026-08-06T19:30:00Z,2026-08-06T19:45:00Z,2026-08-06,2026-08-06_87,0.0,0,0,100,64.34782608695642,64.34782608695642,0.0,0.0,0.0,True,True,True,False,0.0,993.0652136638153,0.0,0.0,0.0,0.0,993.0652136638153
2026-08-06T19:45:00Z,2026-08-06T20:00:00Z,2026-08-06,2026-08-06_88,0.0,0,0,100,64.34782608695642,64.34782608695642,0.0,0.0,0.0,True,True,True,False,0.0,993.0652136638153,0.0,0.0,0.0,0.0,993.0652136638153
2026-08-06T20:00:00Z,2026-08-06T20:15:00Z,2026-08-06,2026-08-06_89,0.0,100,74,0,64.34782608695642,47.9906723378881,0.045812599144237395,15.110857142857142,0.07357714285714285,True,True,True,False,0.0,0.0,105.4220884375774,22.204652403360704,5882.850231585938,-7.177027023349109,6003.299945403527
2026-08-06T20:15:00Z,2026-08-06T20:30:00Z,2026-08-06,2026-08-06_90,-25.385667782328014,100,74,0,47.9906723378881,30.473906404968837,0.05208453876511625,22.358857142857143,0.0,True,True,True,False,-1573.4036891486903,0.0,105.4220884375774,22.204652403360704,11725.763533366175,0.0,10279.986585058423
2026-08-06T20:30:00Z,2026-08-06T20:45:00Z,2026-08-06,2026-08-06_91,-3.909915869332073e-14,100,74,0,30.473906404968837,15.00620454161481,0.04296583850931676,14.230285714285715,0.0,True,True,True,False,-2.514760139257656e-12,0.0,105.4220884375774,22.204652403360704,4942.997061697281,0.0,5070.623802538217
2026-08-06T20:45:00Z,2026-08-06T21:00:00Z,2026-08-06,2026-08-06_92,0.0,100,74,0,15.00620454161481,9.999999999999904,0.013923413885438232,4.6085714285714285,0.003382857142857143,True,True,True,False,0.0,0.0,105.4220884375774,22.204652403360704,830.1381459516688,-0.3319117202788067,957.4329750723281
2026-08-06T21:00:00Z,2026-08-06T21:15:00Z,2026-08-07,2026-08-06_93,-99.98071969216055,100,0,0,9.999999999999904,14.53551394174719,0.012622010412692314,20.06457142857143,0.0,True,True,True,False,-6402.265385487501,0.0,103.40296688439054,0.0,7695.1660543375665,0.0,1396.3036357344563
2026-08-06T21:15:00Z,2026-08-06T21:30:00Z,2026-08-07,2026-08-06_94,-98.11015272913589,100,0,0,14.53551394174719,17.697708828132427,0.01118250692446291,21.01828571428571,0.0,True,True,True,False,-5578.298008796844,0.0,103.40296688439054,0.0,8092.698409917543,0.0,2617.8033680050894
2026-08-06T21:30:00Z,2026-08-06T21:45:00Z,2026-08-07,2026-08-06_95,-68.36504182843264,100,0,0,17.697708828132427,11.643917515527933,0.0259489620657233,22.386285714285712,0.0,True,True,True,False,-3906.891227890354,0.0,103.40296688439054,0.0,11413.122122358816,0.0,7609.633861352853
2026-08-06T21:45:00Z,2026-08-06T22:00:00Z,2026-08-07,2026-08-06_96,-100.0,100,0,0,11.643917515527933,29.136534658385074,0.04859060317460317,5.986285714285715,0.0,True,True,True,False,-4741.75,0.0,103.40296688439054,0.0,1498.2414738119269,0.0,-3140.1055593036826
2026-08-06T22:00:00Z,2026-08-06T22:15:00Z,2026-08-07,2026-08-07_1,0.0,100,100,0,29.136534658385074,31.441266086956503,0.006402031746031747,0.0,2.5051428571428573,True,True,True,False,0.0,0.0,103.40296688439054,24.451088301944285,0.0,-204.69678615635314,-76.84273097001832
2026-08-06T22:15:00Z,2026-08-06T22:30:00Z,2026-08-07,2026-08-07_2,0.0,100,100,0,31.441266086956503,46.79159751552793,0.042639809523809524,0.0,16.685142857142857,True,True,True,False,0.0,0.0,103.40296688439054,24.451088301944285,0.0,-257.28793403538174,-129.43387884904692
2026-08-06T22:30:00Z,2026-08-06T22:45:00Z,2026-08-07,2026-08-07_3,0.0,100,100,0,46.79159751552793,54.058546086956504,0.020185968253968255,0.0,7.8988571428571435,True,True,True,False,0.0,0.0,103.40296688439054,24.451088301944285,0.0,-575.9007360898391,-448.0466809035043
2026-08-06T22:45:00Z,2026-08-06T23:00:00Z,2026-08-07,2026-08-07_4,0.0,100,100,0,54.058546086956504,64.3478260869565,0.028581333333333334,0.0,11.184,True,True,True,False,0.0,0.0,103.40296688439054,24.451088301944285,0.0,-735.7931727381791,-607.9391175518443
2026-08-06T23:00:00Z,2026-08-06T23:15:00Z,2026-08-07,2026-08-07_5,0.0,0,0,100,64.3478260869565,64.3478260869565,0.0,0.0,0.0,True,True,True,False,0.0,992.6113533791633,0.0,0.0,0.0,0.0,992.6113533791633
2026-08-06T23:15:00Z,2026-08-06T23:30:00Z,2026-08-07,2026-08-07_6,0.0,0,0,100,64.3478260869565,64.3478260869565,0.0,0.0,0.0,True,True,True,False,0.0,992.6113533791633,0.0,0.0,0.0,0.0,992.6113533791633
2026-08-06T23:30:00Z,2026-08-06T23:45:00Z,2026-08-07,2026-08-07_7,0.0,0,0,100,64.3478260869565,64.3478260869565,0.0,0.0,0.0,True,True,True,False,0.0,992.6113533791633,0.0,0.0,0.0,0.0,992.6113533791633
2026-08-06T23:45:00Z,2026-08-07T00:00:00Z,2026-08-07,2026-08-07_8,0.0,0,0,100,64.3478260869565,64.3478260869565,0.0,0.0,0.0,True,True,True,False,0.0,992.6113533791633,0.0,0.0,0.0,0.0,992.6113533791633
2026-08-07T00:00:00Z,2026-08-07T00:15:00Z,2026-08-07,2026-08-07_9,0.0,0,0,100,64.3478260869565,64.3478260869565,0.0,0.0,0.0,True,True,True,False,0.0,992.6113533791633,0.0,0.0,0.0,0.0,992.6113533791633
2026-08-07T00:15:00Z,2026-08-07T00:30:00Z,2026-08-07,2026-08-07_10,0.0,0,0,100,64.3478260869565,64.3478260869565,0.0,0.0,0.0,True,True,True,False,0.0,992.6113533791633,0.0,0.0,0.0,0.0,992.6113533791633
2026-08-07T00:30:00Z,2026-08-07T00:45:00Z,2026-08-07,2026-08-07_11,0.0,0,0,100,64.3478260869565,64.3478260869565,0.0,0.0,0.0,True,True,True,False,0.0,992.6113533791633,0.0,0.0,0.0,0.0,992.6113533791633
2026-08-07T00:45:00Z,2026-08-07T01:00:00Z,2026-08-07,2026-08-07_12,0.0,0,0,100,64.3478260869565,64.3478260869565,0.0,0.0,0.0,True,True,True,False,0.0,992.6113533791633,0.0,0.0,0.0,0.0,992.6113533791633
2026-08-07T01:00:00Z,2026-08-07T01:15:00Z,2026-08-07,2026-08-07_13,0.0,0,0,100,64.3478260869565,64.3478260869565,0.0,0.0,0.0,True,True,True,False,0.0,992.6113533791633,0.0,0.0,0.0,0.0,992.6113533791633
2026-08-07T01:15:00Z,2026-08-07T01:30:00Z,2026-08-07,2026-08-07_14,0.0,0,0,100,64.3478260869565,64.3478260869565,0.0,0.0,0.0,True,True,True,False,0.0,992.6113533791633,0.0,0.0,0.0,0.0,992.6113533791633
2026-08-07T01:30:00Z,2026-08-07T01:45:00Z,2026-08-07,2026-08-07_15,0.0,0,0,100,64.3478260869565,64.3478260869565,0.0,0.0,0.0,True,True,True,False,0.0,992.6113533791633,0.0,0.0,0.0,0.0,992.6113533791633
2026-08-07T01:45:00Z,2026-08-07T02:00:00Z,2026-08-07,2026-08-07_16,0.0,0,0,100,64.3478260869565,64.3478260869565,0.0,0.0,0.0,True,True,True,False,0.0,992.6113533791633,0.0,0.0,0.0,0.0,992.6113533791633
2026-08-07T02:00:00Z,2026-08-07T02:15:00Z,2026-08-07,2026-08-07_17,0.0,0,0,100,64.3478260869565,64.3478260869565,0.0,0.0,0.0,True,True,True,False,0.0,992.6113533791633,0.0,0.0,0.0,0.0,992.6113533791633
2026-08-07T02:15:00Z,2026-08-07T02:30:00Z,2026-08-07,2026-08-07_18,0.0,0,0,100,64.3478260869565,64.3478260869565,0.0,0.0,0.0,True,True,True,False,0.0,992.6113533791633,0.0,0.0,0.0,0.0,992.6113533791633
2026-08-07T02:30:00Z,2026-08-07T02:45:00Z,2026-08-07,2026-08-07_19,0.0,0,0,100,64.3478260869565,64.3478260869565,0.0,0.0,0.0,True,True,True,False,0.0,992.6113533791633,0.0,0.0,0.0,0.0,992.6113533791633
2026-08-07T02:45:00Z,2026-08-07T03:00:00Z,2026-08-07,2026-08-07_20,0.0,0,0,100,64.3478260869565,64.3478260869565,0.0,0.0,0.0,True,True,True,False,0.0,992.6113533791633,0.0,0.0,0.0,0.0,992.6113533791633
2026-08-07T03:00:00Z,2026-08-07T03:15:00Z,2026-08-07,2026-08-07_21,0.0,0,0,100,64.3478260869565,64.3478260869565,0.0,0.0,0.0,True,True,True,False,0.0,992.6113533791633,0.0,0.0,0.0,0.0,992.6113533791633
2026-08-07T03:15:00Z,2026-08-07T03:30:00Z,2026-08-07,2026-08-07_22,0.0,0,0,100,64.3478260869565,64.3478260869565,0.0,0.0,0.0,True,True,True,False,0.0,992.6113533791633,0.0,0.0,0.0,0.0,992.6113533791633
2026-08-07T03:30:00Z,2026-08-07T03:45:00Z,2026-08-07,2026-08-07_23,0.0,0,0,100,64.3478260869565,64.3478260869565,0.0,0.0,0.0,True,True,True,False,0.0,992.6113533791633,0.0,0.0,0.0,0.0,992.6113533791633
2026-08-07T03:45:00Z,2026-08-07T04:00:00Z,2026-08-07,2026-08-07_24,0.0,0,0,100,64.3478260869565,64.3478260869565,0.0,0.0,0.0,True,True,True,False,0.0,992.6113533791633,0.0,0.0,0.0,0.0,992.6113533791633
2026-08-07T04:00:00Z,2026-08-07T04:15:00Z,2026-08-07,2026-08-07_25,0.0,0,0,100,64.3478260869565,64.3478260869565,0.0,0.0,0.0,True,True,True,False,0.0,992.6113533791633,0.0,0.0,0.0,0.0,992.6113533791633
2026-08-07T04:15:00Z,2026-08-07T04:30:00Z,2026-08-07,2026-08-07_26,0.0,0,0,100,64.3478260869565,64.3478260869565,0.0,0.0,0.0,True,True,True,False,0.0,992.6113533791633,0.0,0.0,0.0,0.0,992.6113533791633
2026-08-07T04:30:00Z,2026-08-07T04:45:00Z,2026-08-07,2026-08-07_27,0.0,0,0,100,64.3478260869565,64.3478260869565,0.0,0.0,0.0,True,True,True,False,0.0,992.6113533791633,0.0,0.0,0.0,0.0,992.6113533791633
2026-08-07T04:45:00Z,2026-08-07T05:00:00Z,2026-08-07,2026-08-07_28,0.0,0,0,100,64.3478260869565,64.3478260869565,0.0,0.0,0.0,True,True,True,False,0.0,992.6113533791633,0.0,0.0,0.0,0.0,992.6113533791633
2026-08-07T05:00:00Z,2026-08-07T05:15:00Z,2026-08-07,2026-08-07_29,0.0,0,0,100,64.3478260869565,64.3478260869565,0.0,0.0,0.0,True,True,True,False,0.0,992.6113533791633,0.0,0.0,0.0,0.0,992.6113533791633
2026-08-07T05:15:00Z,2026-08-07T05:30:00Z,2026-08-07,2026-08-07_30,0.0,0,0,100,64.3478260869565,64.3478260869565,0.0,0.0,0.0,True,True,True,False,0.0,992.6113533791633,0.0,0.0,0.0,0.0,992.6113533791633
2026-08-07T05:30:00Z,2026-08-07T05:45:00Z,2026-08-07,2026-08-07_31,0.0,0,0,100,64.3478260869565,64.3478260869565,0.0,0.0,0.0,True,True,True,False,0.0,992.6113533791633,0.0,0.0,0.0,0.0,992.6113533791633
2026-08-07T05:45:00Z,2026-08-07T06:00:00Z,2026-08-07,2026-08-07_32,0.0,0,0,100,64.3478260869565,64.3478260869565,0.0,0.0,0.0,True,True,True,False,0.0,992.6113533791633,0.0,0.0,0.0,0.0,992.6113533791633
2026-08-07T06:00:00Z,2026-08-07T06:15:00Z,2026-08-07,2026-08-07_33,0.0,0,0,100,64.3478260869565,64.3478260869565,0.0,0.0,0.0,True,True,True,False,0.0,992.6113533791633,0.0,0.0,0.0,0.0,992.6113533791633
2026-08-07T06:15:00Z,2026-08-07T06:30:00Z,2026-08-07,2026-08-07_34,0.0,0,0,100,64.3478260869565,64.3478260869565,0.0,0.0,0.0,True,True,True,False,0.0,992.6113533791633,0.0,0.0,0.0,0.0,992.6113533791633
2026-08-07T06:30:00Z,2026-08-07T06:45:00Z,2026-08-07,2026-08-07_35,0.0,0,0,100,64.3478260869565,64.3478260869565,0.0,0.0,0.0,True,True,True,False,0.0,992.6113533791633,0.0,0.0,0.0,0.0,992.6113533791633
2026-08-07T06:45:00Z,2026-08-07T07:00:00Z,2026-08-07,2026-08-07_36,0.0,0,0,100,64.3478260869565,64.3478260869565,0.0,0.0,0.0,True,True,True,False,0.0,992.6113533791633,0.0,0.0,0.0,0.0,992.6113533791633
2026-08-07T07:00:00Z,2026-08-07T07:15:00Z,2026-08-07,2026-08-07_37,0.0,11,0,89,64.3478260869565,64.32596273291924,6.073153899240856e-05,0.020114285714285713,0.0,True,True,True,False,0.0,883.4241045074554,11.210938243863424,0.0,3.172459478061215,0.0,897.80750222938
2026-08-07T07:15:00Z,2026-08-07T07:30:00Z,2026-08-07,2026-08-07_38,-0.03277337332673369,11,0,89,64.32596273291924,64.33152014906833,2.6412062531921058e-05,0.001822857142857143,0.0,True,True,True,False,-1.066117834318647,883.4241045074554,11.210938243863424,0.0,0.2696803164386506,0.0,893.8386052334388
2026-08-07T07:30:00Z,2026-08-07T07:45:00Z,2026-08-07,2026-08-07_39,-10.999999999999947,11,0,89,64.33152014906833,66.69399077763974,0.0065624184126983846,0.18209714285714285,0.0,True,True,True,False,-314.68249999999847,883.4241045074554,11.210938243863424,0.0,30.906926771330095,0.0,610.8594695226504
2026-08-07T07:45:00Z,2026-08-07T08:00:00Z,2026-08-07,2026-08-07_40,-11.0,11,0,89,66.69399077763974,69.22399077763974,0.007027777777777778,0.0,0.0,True,True,True,False,-303.93,883.4241045074554,11.210938243863424,0.0,0.0,0.0,590.7050427513187
2026-08-07T08:00:00Z,2026-08-07T08:15:00Z,2026-08-07,2026-08-07_41,-46.00000000000001,46,0,54,69.22399077763974,78.89157157763974,0.02685439111111112,0.99176,0.0,True,True,True,False,-1271.67,536.0101308247481,38.17054824519643,0.0,168.83111995886733,0.0,-528.6582009711882
2026-08-07T08:15:00Z,2026-08-07T08:30:00Z,2026-08-07,2026-08-07_42,-46.00000000000001,46,0,54,78.89157157763974,87.87163374906831,0.02494461714285715,1.739062857142857,0.0,True,True,True,False,-1204.2800000000002,536.0101308247481,38.17054824519643,0.0,297.881037670672,0.0,-332.21828325938367
2026-08-07T08:30:00Z,2026-08-07T08:45:00Z,2026-08-07,2026-08-07_43,-46.00000000000009,46,0,54,87.87163374906831,94.0433407204969,0.017143630476190535,4.7916228571428565,0.0,True,True,True,False,-1178.9800000000023,536.0101308247481,38.17054824519643,0.0,896.6310470408687,0.0,291.8317261108109
2026-08-07T08:45:00Z,2026-08-07T09:00:00Z,2026-08-07,2026-08-07_44,-45.999999999999964,46,0,54,94.0433407204969,101.85150163478261,0.021689335873015865,3.0128685714285712,0.0,True,True,True,False,-1130.7949999999992,536.0101308247481,38.17054824519643,0.0,534.8720967248926,0.0,-21.74222420516206
2026-08-07T09:00:00Z,2026-08-07T09:15:00Z,2026-08-07,2026-08-07_45,-11.0,11,0,89,101.85150163478261,104.37519832049689,0.007010268571428572,0.006851428571428572,0.0,True,True,True,False,-301.3175,883.4241045074554,9.149734351493915,0.0,1.0158792527564604,0.0,592.2722181117057
2026-08-07T09:15:00Z,2026-08-07T09:30:00Z,2026-08-07,2026-08-07_46,-11.0,11,0,89,104.37519832049689,106.89837454906832,0.007008822857142858,0.007417142857142857,0.0,True,True,True,False,-282.6725,883.4241045074554,9.149734351493915,0.0,1.1067535908115271,0.0,611.0080924497607
2026-08-07T09:30:00Z,2026-08-07T09:45:00Z,2026-08-07,2026-08-07_47,-11.0,11,0,89,106.89837454906832,109.42091466335404,0.007007055873015872,0.008108571428571429,0.0,True,True,True,False,-275.46750000000003,883.4241045074554,9.149734351493915,0.0,1.210844279647761,0.0,618.317183138597
2026-08-07T09:45:00Z,2026-08-07T10:00:00Z,2026-08-07,2026-08-07_48,-11.0,11,0,89,109.42091466335404,111.94148860621118,0.007001594285714286,0.010245714285714285,0.0,True,True,True,False,-221.5125,883.4241045074554,9.149734351493915,0.0,1.5447297567133036,0.0,672.6060686156626
2026-08-07T10:00:00Z,2026-08-07T10:15:00Z,2026-08-07,2026-08-07_49,-11.0,11,0,89,111.94148860621118,114.45946026335403,0.006994365714285714,0.013074285714285715,0.0,True,True,True,False,-273.13,883.4241045074554,9.146592272389695,0.0,1.9957774026023491,0.0,621.4364741824475
2026-08-07T10:15:00Z,2026-08-07T10:30:00Z,2026-08-07,2026-08-07_50,-11.0,11,0,89,114.45946026335403,116.98558574906832,0.007017015238095239,0.004211428571428572,0.0,True,True,True,False,-250.6075,883.4241045074554,9.146592272389695,0.0,0.6344009129712099,0.0,642.5975976928163
2026-08-07T10:30:00Z,2026-08-07T10:45:00Z,2026-08-07,2026-08-07_51,-11.0,11,0,89,116.98558574906832,119.51344609192546,0.007021834285714286,0.0023257142857142856,0.0,True,True,True,False,-259.765,883.4241045074554,9.146592272389695,0.0,0.33874611184713443,0.0,633.1444428916922
2026-08-07T10:45:00Z,2026-08-07T11:00:00Z,2026-08-07,2026-08-07_52,-11.0,11,0,89,119.51344609192546,122.03292129192546,0.006998542222222222,0.011439999999999999,0.0,True,True,True,False,-266.255,883.4241045074554,9.146592272389695,0.0,1.8867318644906976,0.0,628.2024286443358
2026-08-07T11:00:00Z,2026-08-07T11:15:00Z,2026-08-07,2026-08-07_53,-11.0,11,0,89,122.03292129192546,124.4952040347826,0.006839674285714286,0.07360571428571429,0.0,True,True,True,False,-289.3825,883.4241045074554,9.127739797764363,0.0,11.592230704233783,0.0,614.7615750094535
2026-08-07T11:15:00Z,2026-08-07T11:30:00Z,2026-08-07,2026-08-07_54,-11.0,11,0,89,124.4952040347826,127.01809112049689,0.007008019682539683,0.007731428571428571,0.0,True,True,True,False,-289.2725,883.4241045074554,9.127739797764363,0.0,1.1149537709029873,0.0,604.3942980761227
2026-08-07T11:30:00Z,2026-08-07T11:45:00Z,2026-08-07,2026-08-07_55,-11.0,11,0,89,127.01809112049689,129.5480911204969,0.007027777777777777,0.0,0.0,True,True,True,False,-289.245,883.4241045074554,9.127739797764363,0.0,0.0,0.0,603.3068443052197
2026-08-07T11:45:00Z,2026-08-07T12:00:00Z,2026-08-07,2026-08-07_56,-11.0,11,0,89,129.5480911204969,132.0531670062112,0.006958544126984127,0.027091428571428572,0.0,True,True,True,False,-288.6675,883.4241045074554,9.127739797764363,0.0,3.988754093544184,0.0,607.8730983987639
2026-08-07T12:00:00Z,2026-08-07T12:15:00Z,2026-08-07,2026-08-07_57,-11.0,11,0,89,132.0531670062112,134.4813887204969,0.006745060317460318,0.11062857142857142,0.0,True,True,True,False,-293.1225,883.4241045074554,9.030335345533485,0.0,18.52786828839661,0.0,617.8598081413854
2026-08-07T12:15:00Z,2026-08-07T12:30:00Z,2026-08-07,2026-08-07_58,-11.0,11,0,89,134.4813887204969,136.8982182062112,0.006713415238095239,0.12301142857142858,0.0,True,True,True,False,-293.6725,883.4241045074554,9.030335345533485,0.0,19.62961436270203,0.0,618.4115542156909
2026-08-07T12:30:00Z,2026-08-07T12:45:00Z,2026-08-07,2026-08-07_59,-11.0,11,0,89,136.8982182062112,139.42116312049689,0.007008180317460317,0.007668571428571428,0.0,True,True,True,False,-292.2975,883.4241045074554,9.030335345533485,0.0,1.1090039658207085,0.0,601.2659438188095
2026-08-07T12:45:00Z,2026-08-07T13:00:00Z,2026-08-07,2026-08-07_60,-11.0,11,0,89,139.42116312049689,141.92913043478262,0.006966575873015874,0.023948571428571427,0.0,True,True,True,False,-328.46,883.4241045074554,9.030335345533485,0.0,3.433543712441273,0.0,567.4279835654302
2026-08-07T13:00:00Z,2026-08-07T13:15:00Z,2026-08-07,2026-08-07_61,-11.0,0,0,89,141.92913043478262,144.45913043478262,0.007027777777777778,0.0,0.0,True,True,True,False,-260.2875,883.4241045074554,0.0,0.0,0.0,0.0,623.1366045074553
2026-08-07T13:15:00Z,2026-08-07T13:30:00Z,2026-08-07,2026-08-07_62,-11.0,0,0,89,144.45913043478262,146.98913043478262,0.007027777777777778,0.0,0.0,True,True,True,False,-270.1875,883.4241045074554,0.0,0.0,0.0,0.0,613.2366045074554
2026-08-07T13:30:00Z,2026-08-07T13:45:00Z,2026-08-07,2026-08-07_63,0.0,0,0,89,146.98913043478262,146.98913043478262,0.0,0.0,0.0,True,True,True,False,0.0,883.4241045074554,0.0,0.0,0.0,0.0,883.4241045074554
2026-08-07T13:45:00Z,2026-08-07T14:00:00Z,2026-08-07,2026-08-07_64,11.0,0,0,89,146.98913043478262,144.0,0.008303140096618356,0.0,0.0,True,True,True,False,477.92249999999996,883.4241045074554,0.0,0.0,0.0,0.0,1361.3466045074554
2026-08-07T14:00:00Z,2026-08-07T14:15:00Z,2026-08-07,2026-08-07_65,0.0,0,0,100,144.0,144.0,0.0,0.0,0.0,True,True,True,False,0.0,992.6113533791633,0.0,0.0,0.0,0.0,992.6113533791633
2026-08-07T14:15:00Z,2026-08-07T14:30:00Z,2026-08-07,2026-08-07_66,0.0,0,0,100,144.0,144.0,0.0,0.0,0.0,True,True,True,False,0.0,992.6113533791633,0.0,0.0,0.0,0.0,992.6113533791633
2026-08-07T14:30:00Z,2026-08-07T14:45:00Z,2026-08-07,2026-08-07_67,0.0,0,0,100,144.0,144.0,0.0,0.0,0.0,True,True,True,False,0.0,992.6113533791633,0.0,0.0,0.0,0.0,992.6113533791633
2026-08-07T14:45:00Z,2026-08-07T15:00:00Z,2026-08-07,2026-08-07_68,0.0,0,0,100,144.0,144.0,0.0,0.0,0.0,True,True,True,False,0.0,992.6113533791633,0.0,0.0,0.0,0.0,992.6113533791633
2026-08-07T15:00:00Z,2026-08-07T15:15:00Z,2026-08-07,2026-08-07_69,0.0,0,0,100,144.0,144.0,0.0,0.0,0.0,True,True,True,False,0.0,992.6113533791633,0.0,0.0,0.0,0.0,992.6113533791633
2026-08-07T15:15:00Z,2026-08-07T15:30:00Z,2026-08-07,2026-08-07_70,0.0,0,0,100,144.0,144.0,0.0,0.0,0.0,True,True,True,False,0.0,992.6113533791633,0.0,0.0,0.0,0.0,992.6113533791633
2026-08-07T15:30:00Z,2026-08-07T15:45:00Z,2026-08-07,2026-08-07_71,0.0,0,0,100,144.0,144.0,0.0,0.0,0.0,True,True,True,False,0.0,992.6113533791633,0.0,0.0,0.0,0.0,992.6113533791633
2026-08-07T15:45:00Z,2026-08-07T16:00:00Z,2026-08-07,2026-08-07_72,0.0,0,0,100,144.0,144.0,0.0,0.0,0.0,True,True,True,False,0.0,992.6113533791633,0.0,0.0,0.0,0.0,992.6113533791633
2026-08-07T16:00:00Z,2026-08-07T16:15:00Z,2026-08-07,2026-08-07_73,6.681885153065133e-14,1,1,99,144.0,143.95575776397513,0.00012289510006906356,0.040702857142857145,0.0,True,True,True,False,3.472909808305603e-12,982.6852398453716,1.0371717479481273,0.25079504122788643,9.358331961337464,0.0,993.3315385958886
2026-08-07T16:15:00Z,2026-08-07T16:30:00Z,2026-08-07,2026-08-07_74,0.0,1,1,99,143.95575776397513,143.85919875776395,0.0002682194616977226,0.08883428571428571,0.0,True,True,True,False,0.0,982.6852398453716,1.0371717479481273,0.25079504122788643,26.719119471368998,0.0,1010.6923261059167
2026-08-07T16:30:00Z,2026-08-07T16:45:00Z,2026-08-07,2026-08-07_75,0.0,1,1,99,143.85919875776395,143.7668571428571,0.0002565044858523119,0.08495428571428572,0.0,True,True,True,False,0.0,982.6852398453716,1.0371717479481273,0.25079504122788643,34.45539918006698,0.0,1018.4286058146146
2026-08-07T16:45:00Z,2026-08-07T17:00:00Z,2026-08-07,2026-08-07_76,6.681885153065133e-14,1,1,99,143.7668571428571,143.6726273291925,0.0002617494824017068,0.08669142857142857,0.0,True,True,True,False,3.5612777394548894e-12,982.6852398453716,1.0371717479481273,0.25079504122788643,22.989431728197918,0.0,1006.9626383627491
2026-08-07T17:00:00Z,2026-08-07T17:15:00Z,2026-08-07,2026-08-07_77,0.0,0,0,100,143.6726273291925,143.6726273291925,0.0,0.0,0.0,True,True,True,False,0.0,992.6113533791633,0.0,0.0,0.0,0.0,992.6113533791633
2026-08-07T17:15:00Z,2026-08-07T17:30:00Z,2026-08-07,2026-08-07_78,0.0,0,0,100,143.6726273291925,143.6726273291925,0.0,0.0,0.0,True,True,True,False,0.0,992.6113533791633,0.0,0.0,0.0,0.0,992.6113533791633
2026-08-07T17:30:00Z,2026-08-07T17:45:00Z,2026-08-07,2026-08-07_79,0.0,0,0,100,143.6726273291925,143.6726273291925,0.0,0.0,0.0,True,True,True,False,0.0,992.6113533791633,0.0,0.0,0.0,0.0,992.6113533791633
2026-08-07T17:45:00Z,2026-08-07T18:00:00Z,2026-08-07,2026-08-07_80,0.0,0,0,100,143.6726273291925,143.6726273291925,0.0,0.0,0.0,True,True,True,False,0.0,992.6113533791633,0.0,0.0,0.0,0.0,992.6113533791633
2026-08-07T18:00:00Z,2026-08-07T18:15:00Z,2026-08-07,2026-08-07_81,73.0,0,73,27,143.6726273291925,123.83567080745337,0.05510265700483091,0.0,0.0,True,True,True,False,4732.225,268.00506541237405,0.0,18.30803800963571,0.0,0.0,5018.53810342201
2026-08-07T18:15:00Z,2026-08-07T18:30:00Z,2026-08-07,2026-08-07_82,72.91860571428589,0,73,27,123.83567080745337,104.02083229813655,0.055041218081435604,0.0,0.0,True,True,True,False,4396.262738514296,268.00506541237405,0.0,18.30803800963571,0.0,0.0,4682.575841936306
2026-08-07T18:30:00Z,2026-08-07T18:45:00Z,2026-08-07,2026-08-07_83,73.0,0,73,27,104.02083229813655,84.18387577639743,0.05510265700483092,0.0,0.0,True,True,True,False,4404.2725,268.00506541237405,0.0,18.30803800963571,0.0,0.0,4690.58560342201
2026-08-07T18:45:00Z,2026-08-07T19:00:00Z,2026-08-07,2026-08-07_84,72.99999999999989,0,73,27,84.18387577639743,64.34782608695647,0.0551001380262249,0.0,0.0008342857142857143,True,True,True,False,4677.474999999993,268.00506541237405,0.0,18.30803800963571,0.0,-0.0637077621595741,4963.724395659843
2026-08-07T19:00:00Z,2026-08-07T19:15:00Z,2026-08-07,2026-08-07_85,0.0,0,0,100,64.34782608695647,64.34782608695647,0.0,0.0,0.0,True,True,True,False,0.0,992.6113533791633,0.0,0.0,0.0,0.0,992.6113533791633
2026-08-07T19:15:00Z,2026-08-07T19:30:00Z,2026-08-07,2026-08-07_86,0.0,0,0,100,64.34782608695647,64.34782608695647,0.0,0.0,0.0,True,True,True,False,0.0,992.6113533791633,0.0,0.0,0.0,0.0,992.6113533791633
2026-08-07T19:30:00Z,2026-08-07T19:45:00Z,2026-08-07,2026-08-07_87,0.0,0,0,100,64.34782608695647,64.34782608695647,0.0,0.0,0.0,True,True,True,False,0.0,992.6113533791633,0.0,0.0,0.0,0.0,992.6113533791633
2026-08-07T19:45:00Z,2026-08-07T20:00:00Z,2026-08-07,2026-08-07_88,0.0,0,0,100,64.34782608695647,64.34782608695647,0.0,0.0,0.0,True,True,True,False,0.0,992.6113533791633,0.0,0.0,0.0,0.0,992.6113533791633
2026-08-07T20:00:00Z,2026-08-07T20:15:00Z,2026-08-07,2026-08-07_89,0.0,0,0,100,64.34782608695647,64.34782608695647,0.0,0.0,0.0,True,True,True,False,0.0,992.6113533791633,0.0,0.0,0.0,0.0,992.6113533791633
2026-08-07T20:15:00Z,2026-08-07T20:30:00Z,2026-08-07,2026-08-07_90,0.0,0,0,100,64.34782608695647,64.34782608695647,0.0,0.0,0.0,True,True,True,False,0.0,992.6113533791633,0.0,0.0,0.0,0.0,992.6113533791633
2026-08-07T20:30:00Z,2026-08-07T20:45:00Z,2026-08-07,2026-08-07_91,0.0,0,0,100,64.34782608695647,64.34782608695647,0.0,0.0,0.0,True,True,True,False,0.0,992.6113533791633,0.0,0.0,0.0,0.0,992.6113533791633
2026-08-07T20:45:00Z,2026-08-07T21:00:00Z,2026-08-07,2026-08-07_92,0.0,0,0,100,64.34782608695647,64.34782608695647,0.0,0.0,0.0,True,True,True,False,0.0,992.6113533791633,0.0,0.0,0.0,0.0,992.6113533791633
2026-08-07T21:00:00Z,2026-08-07T21:15:00Z,2026-08-08,2026-08-07_93,0.0,100,0,0,64.34782608695647,44.33913043478256,0.055579710144927526,18.407999999999998,0.0,True,True,True,False,0.0,0.0,104.54960611942003,0.0,8723.775161548121,0.0,8828.324767667542
2026-08-07T21:15:00Z,2026-08-07T21:30:00Z,2026-08-08,2026-08-07_94,-0.8526643391711053,100,0,0,44.33913043478256,32.46535751552795,0.03358765139021435,11.118857142857141,0.0,True,True,True,False,-36.84362609558346,0.0,104.54960611942003,0.0,2872.3037261265963,0.0,2940.009706150433
2026-08-07T21:30:00Z,2026-08-07T21:45:00Z,2026-08-08,2026-08-07_95,-100.0,100,0,0,32.46535751552795,44.12517465838509,0.032388380952380946,12.326285714285715,0.0,True,True,True,False,-4267.75,0.0,104.54960611942003,0.0,3144.0636378364566,0.0,-1019.1367560441234
2026-08-07T21:45:00Z,2026-08-07T22:00:00Z,2026-08-08,2026-08-07_96,-100.0,100,0,0,44.12517465838509,64.34782608695653,0.05617403174603175,3.018857142857143,0.0,True,True,True,False,-4061.9999999999995,0.0,104.54960611942003,0.0,547.1487573597769,0.0,-3410.3016365208027
2026-08-07T22:00:00Z,2026-08-07T22:15:00Z,2026-08-08,2026-08-08_1,0.0,0,0,100,64.34782608695653,64.34782608695653,0.0,0.0,0.0,True,True,True,False,0.0,991.8369676903756,0.0,0.0,0.0,0.0,991.8369676903756
2026-08-07T22:15:00Z,2026-08-07T22:30:00Z,2026-08-08,2026-08-08_2,0.0,0,0,100,64.34782608695653,64.34782608695653,0.0,0.0,0.0,True,True,True,False,0.0,991.8369676903756,0.0,0.0,0.0,0.0,991.8369676903756
2026-08-07T22:30:00Z,2026-08-07T22:45:00Z,2026-08-08,2026-08-08_3,0.0,0,0,100,64.34782608695653,64.34782608695653,0.0,0.0,0.0,True,True,True,False,0.0,991.8369676903756,0.0,0.0,0.0,0.0,991.8369676903756
2026-08-07T22:45:00Z,2026-08-07T23:00:00Z,2026-08-08,2026-08-08_4,0.0,0,0,100,64.34782608695653,64.34782608695653,0.0,0.0,0.0,True,True,True,False,0.0,991.8369676903756,0.0,0.0,0.0,0.0,991.8369676903756
2026-08-07T23:00:00Z,2026-08-07T23:15:00Z,2026-08-08,2026-08-08_5,0.0,0,0,100,64.34782608695653,64.34782608695653,0.0,0.0,0.0,True,True,True,False,0.0,991.8369676903756,0.0,0.0,0.0,0.0,991.8369676903756
2026-08-07T23:15:00Z,2026-08-07T23:30:00Z,2026-08-08,2026-08-08_6,0.0,0,0,100,64.34782608695653,64.34782608695653,0.0,0.0,0.0,True,True,True,False,0.0,991.8369676903756,0.0,0.0,0.0,0.0,991.8369676903756
2026-08-07T23:30:00Z,2026-08-07T23:45:00Z,2026-08-08,2026-08-08_7,0.0,0,0,100,64.34782608695653,64.34782608695653,0.0,0.0,0.0,True,True,True,False,0.0,991.8369676903756,0.0,0.0,0.0,0.0,991.8369676903756
2026-08-07T23:45:00Z,2026-08-08T00:00:00Z,2026-08-08,2026-08-08_8,0.0,0,0,100,64.34782608695653,64.34782608695653,0.0,0.0,0.0,True,True,True,False,0.0,991.8369676903756,0.0,0.0,0.0,0.0,991.8369676903756
2026-08-08T00:00:00Z,2026-08-08T00:15:00Z,2026-08-08,2026-08-08_9,0.0,0,0,100,64.34782608695653,64.34782608695653,0.0,0.0,0.0,True,True,True,False,0.0,991.8369676903756,0.0,0.0,0.0,0.0,991.8369676903756
2026-08-08T00:15:00Z,2026-08-08T00:30:00Z,2026-08-08,2026-08-08_10,0.0,0,0,100,64.34782608695653,64.34782608695653,0.0,0.0,0.0,True,True,True,False,0.0,991.8369676903756,0.0,0.0,0.0,0.0,991.8369676903756
2026-08-08T00:30:00Z,2026-08-08T00:45:00Z,2026-08-08,2026-08-08_11,0.0,0,0,100,64.34782608695653,64.34782608695653,0.0,0.0,0.0,True,True,True,False,0.0,991.8369676903756,0.0,0.0,0.0,0.0,991.8369676903756
2026-08-08T00:45:00Z,2026-08-08T01:00:00Z,2026-08-08,2026-08-08_12,0.0,0,0,100,64.34782608695653,64.34782608695653,0.0,0.0,0.0,True,True,True,False,0.0,991.8369676903756,0.0,0.0,0.0,0.0,991.8369676903756
2026-08-08T01:00:00Z,2026-08-08T01:15:00Z,2026-08-08,2026-08-08_13,0.0,0,0,100,64.34782608695653,64.34782608695653,0.0,0.0,0.0,True,True,True,False,0.0,991.8369676903756,0.0,0.0,0.0,0.0,991.8369676903756
2026-08-08T01:15:00Z,2026-08-08T01:30:00Z,2026-08-08,2026-08-08_14,0.0,0,0,100,64.34782608695653,64.34782608695653,0.0,0.0,0.0,True,True,True,False,0.0,991.8369676903756,0.0,0.0,0.0,0.0,991.8369676903756
2026-08-08T01:30:00Z,2026-08-08T01:45:00Z,2026-08-08,2026-08-08_15,0.0,0,0,100,64.34782608695653,64.34782608695653,0.0,0.0,0.0,True,True,True,False,0.0,991.8369676903756,0.0,0.0,0.0,0.0,991.8369676903756
2026-08-08T01:45:00Z,2026-08-08T02:00:00Z,2026-08-08,2026-08-08_16,0.0,0,0,100,64.34782608695653,64.34782608695653,0.0,0.0,0.0,True,True,True,False,0.0,991.8369676903756,0.0,0.0,0.0,0.0,991.8369676903756
2026-08-08T02:00:00Z,2026-08-08T02:15:00Z,2026-08-08,2026-08-08_17,0.0,0,0,100,64.34782608695653,64.34782608695653,0.0,0.0,0.0,True,True,True,False,0.0,991.8369676903756,0.0,0.0,0.0,0.0,991.8369676903756
2026-08-08T02:15:00Z,2026-08-08T02:30:00Z,2026-08-08,2026-08-08_18,0.0,0,0,100,64.34782608695653,64.34782608695653,0.0,0.0,0.0,True,True,True,False,0.0,991.8369676903756,0.0,0.0,0.0,0.0,991.8369676903756
2026-08-08T02:30:00Z,2026-08-08T02:45:00Z,2026-08-08,2026-08-08_19,0.0,0,0,100,64.34782608695653,64.34782608695653,0.0,0.0,0.0,True,True,True,False,0.0,991.8369676903756,0.0,0.0,0.0,0.0,991.8369676903756
2026-08-08T02:45:00Z,2026-08-08T03:00:00Z,2026-08-08,2026-08-08_20,0.0,0,0,100,64.34782608695653,64.34782608695653,0.0,0.0,0.0,True,True,True,False,0.0,991.8369676903756,0.0,0.0,0.0,0.0,991.8369676903756
2026-08-08T03:00:00Z,2026-08-08T03:15:00Z,2026-08-08,2026-08-08_21,0.0,0,0,100,64.34782608695653,64.34782608695653,0.0,0.0,0.0,True,True,True,False,0.0,991.8369676903756,0.0,0.0,0.0,0.0,991.8369676903756
2026-08-08T03:15:00Z,2026-08-08T03:30:00Z,2026-08-08,2026-08-08_22,0.0,0,0,100,64.34782608695653,64.34782608695653,0.0,0.0,0.0,True,True,True,False,0.0,991.8369676903756,0.0,0.0,0.0,0.0,991.8369676903756
2026-08-08T03:30:00Z,2026-08-08T03:45:00Z,2026-08-08,2026-08-08_23,0.0,0,0,100,64.34782608695653,64.34782608695653,0.0,0.0,0.0,True,True,True,False,0.0,991.8369676903756,0.0,0.0,0.0,0.0,991.8369676903756
2026-08-08T03:45:00Z,2026-08-08T04:00:00Z,2026-08-08,2026-08-08_24,0.0,0,0,100,64.34782608695653,64.34782608695653,0.0,0.0,0.0,True,True,True,False,0.0,991.8369676903756,0.0,0.0,0.0,0.0,991.8369676903756
2026-08-08T04:00:00Z,2026-08-08T04:15:00Z,2026-08-08,2026-08-08_25,0.0,0,0,100,64.34782608695653,64.34782608695653,0.0,0.0,0.0,True,True,True,False,0.0,991.8369676903756,0.0,0.0,0.0,0.0,991.8369676903756
2026-08-08T04:15:00Z,2026-08-08T04:30:00Z,2026-08-08,2026-08-08_26,0.0,0,0,100,64.34782608695653,64.34782608695653,0.0,0.0,0.0,True,True,True,False,0.0,991.8369676903756,0.0,0.0,0.0,0.0,991.8369676903756
2026-08-08T04:30:00Z,2026-08-08T04:45:00Z,2026-08-08,2026-08-08_27,0.0,0,0,100,64.34782608695653,64.34782608695653,0.0,0.0,0.0,True,True,True,False,0.0,991.8369676903756,0.0,0.0,0.0,0.0,991.8369676903756
2026-08-08T04:45:00Z,2026-08-08T05:00:00Z,2026-08-08,2026-08-08_28,0.0,0,0,100,64.34782608695653,64.34782608695653,0.0,0.0,0.0,True,True,True,False,0.0,991.8369676903756,0.0,0.0,0.0,0.0,991.8369676903756
2026-08-08T05:00:00Z,2026-08-08T05:15:00Z,2026-08-08,2026-08-08_29,11.0,0,11,89,64.34782608695653,61.44580745341616,0.008061162870945479,0.0,0.08014285714285714,True,True,True,False,426.25,882.7349012444342,0.0,2.1004110058225827,0.0,-4.7746105230538385,1306.310701727203
2026-08-08T05:15:00Z,2026-08-08T05:30:00Z,2026-08-08,2026-08-08_30,11.0,0,11,89,61.44580745341616,59.60470807453417,0.005114164941338854,0.0,1.0561885714285715,True,True,True,False,392.89250000000004,882.7349012444342,0.0,2.1004110058225827,0.0,-44.26912082266404,1233.4586914275928
2026-08-08T05:30:00Z,2026-08-08T05:45:00Z,2026-08-08,2026-08-08_31,10.951674037451276,0,11,89,59.60470807453417,58.36956521739131,0.0034669394825948175,0.0,1.6026685714285716,True,True,True,False,369.3452069130443,882.7349012444342,0.0,2.1004110058225827,0.0,-65.84133562539755,1188.3391835379036
2026-08-08T05:45:00Z,2026-08-08T06:00:00Z,2026-08-08,2026-08-08_32,0.4379536677600974,0,11,89,58.36956521739131,58.62315826086958,0.001268913849269951,0.0,0.4020971428571428,True,True,True,False,12.921822967261674,882.7349012444342,0.0,2.1004110058225827,0.0,-18.283048133348554,879.4740870841699
2026-08-08T06:00:00Z,2026-08-08T06:15:00Z,2026-08-08,2026-08-08_33,0.0,11,11,89,58.62315826086958,58.565234255900634,0.0003257114423740511,0.08058285714285715,0.03224571428571429,True,True,True,False,0.0,882.7349012444342,11.500456673136203,1.381436237013358,13.705525718852448,-1.8324295630616674,907.4898903103746
2026-08-08T06:15:00Z,2026-08-08T06:30:00Z,2026-08-08,2026-08-08_34,0.0,11,11,89,58.565234255900634,58.38588642981368,0.0004981884057971013,0.16499999999999998,0.0,True,True,True,False,0.0,882.7349012444342,11.500456673136203,1.381436237013358,27.715880808311447,0.0,923.3326749628952
2026-08-08T06:30:00Z,2026-08-08T06:45:00Z,2026-08-08,2026-08-08_35,0.0,11,11,89,58.38588642981368,58.36956521739132,9.738241545893719e-05,0.023634285714285712,0.010182857142857143,True,True,True,False,0.0,882.7349012444342,11.500456673136203,1.381436237013358,3.32867737238976,-0.7769771500334349,898.1684943769401
2026-08-08T06:45:00Z,2026-08-08T07:00:00Z,2026-08-08,2026-08-08_36,0.0,11,11,89,58.36956521739132,58.470098931677036,0.00030545079365079366,0.004337142857142857,0.1144,True,True,True,False,0.0,882.7349012444342,11.500456673136203,1.381436237013358,0.4962287606217279,-6.067854016820794,890.0451688983848
2026-08-08T07:00:00Z,2026-08-08T07:15:00Z,2026-08-08,2026-08-08_37,11.974756539760877,2,14,86,58.470098931677036,56.73913043478263,0.005867799196611524,0.0,1.43304,True,True,True,False,321.9413295714712,852.979792213723,1.9311565247174334,2.821098298892568,0.0,-42.34576755337367,1137.3276090554307
2026-08-08T07:15:00Z,2026-08-08T07:30:00Z,2026-08-08,2026-08-08_38,0.22187136763720683,2,14,86,56.73913043478263,56.73913043478263,0.0003360113782660687,0.0012342857142857142,0.0668,True,True,True,False,4.862865700188481,852.979792213723,1.9311565247174334,2.821098298892568,0.15265930553063786,-3.495604825512806,859.2519672175393
2026-08-08T07:30:00Z,2026-08-08T07:45:00Z,2026-08-08,2026-08-08_39,1.0123197933017478,2,14,86,56.73913043478263,56.93830721987585,0.0018641548693665968,0.0008685714285714285,0.50984,True,True,True,False,11.373412877745135,852.979792213723,1.9311565247174334,2.821098298892568,0.09933073029645698,-23.60209760627164,845.602693039103
2026-08-08T07:45:00Z,2026-08-08T08:00:00Z,2026-08-08,2026-08-08_40,0.0,2,14,86,56.93830721987585,58.526006419875856,0.0044102755555555555,0.0,1.72576,True,True,True,False,0.0,852.979792213723,1.9311565247174334,2.821098298892568,0.0,-30.301447988735394,827.4305990485976
2026-08-08T08:00:00Z,2026-08-08T08:15:00Z,2026-08-08,2026-08-08_41,-11.0,11,0,89,58.526006419875856,61.05600641987586,0.007027777777777779,0.0,0.0,True,True,True,False,-33.88,882.7349012444342,8.790957871903185,0.0,0.0,0.0,857.6458591163374
2026-08-08T08:15:00Z,2026-08-08T08:30:00Z,2026-08-08,2026-08-08_42,-11.0,11,0,89,61.05600641987586,63.58600641987586,0.007027777777777779,0.0,0.0,True,True,True,False,-8.8275,882.7349012444342,8.790957871903185,0.0,0.0,0.0,882.6983591163374
2026-08-08T08:30:00Z,2026-08-08T08:45:00Z,2026-08-08,2026-08-08_43,-11.0,11,0,89,63.58600641987586,66.11600641987586,0.007027777777777779,0.0,0.0,True,True,True,False,-6.2425,882.7349012444342,8.790957871903185,0.0,0.0,0.0,885.2833591163375
2026-08-08T08:45:00Z,2026-08-08T09:00:00Z,2026-08-08,2026-08-08_44,-11.0,11,0,89,66.11600641987586,68.64600641987586,0.007027777777777777,0.0,0.0,True,True,True,False,-6.0775,882.7349012444342,8.790957871903185,0.0,0.0,0.0,885.4483591163374
2026-08-08T09:00:00Z,2026-08-08T09:15:00Z,2026-08-08,2026-08-08_45,0.0,77,77,23,68.64600641987586,73.20931681987587,0.012675862222222221,0.0,4.96012,True,True,True,False,0.0,228.12250256878636,61.91032081287818,43.82292499143738,0.0,-93.7990649541424,240.05668341895952
2026-08-08T09:15:00Z,2026-08-08T09:30:00Z,2026-08-08,2026-08-08_46,0.0,77,77,23,73.20931681987587,86.56569281987586,0.03710104444444444,0.0,14.517799999999998,True,True,True,False,0.0,228.12250256878636,61.91032081287818,43.82292499143738,0.0,507.3854248201848,841.2411731932867
2026-08-08T09:30:00Z,2026-08-08T09:45:00Z,2026-08-08,2026-08-08_47,0.0,77,77,23,86.56569281987586,98.68176161987586,0.03365574666666667,0.0,13.169640000000001,True,True,True,False,0.0,228.12250256878636,61.91032081287818,43.82292499143738,0.0,294.1129386687978,627.9686870418998
2026-08-08T09:45:00Z,2026-08-08T10:00:00Z,2026-08-08,2026-08-08_48,0.0,77,77,23,98.68176161987586,111.64386241987586,0.03600583555555555,0.0,14.08924,True,True,True,False,0.0,228.12250256878636,61.91032081287818,43.82292499143738,0.0,268.0907257297256,601.9464741028276
2026-08-08T10:00:00Z,2026-08-08T10:15:00Z,2026-08-08,2026-08-08_49,-11.0,11,0,89,111.64386241987586,114.17386241987586,0.007027777777777779,0.0,0.0,True,True,True,False,-28.435,882.7349012444342,8.844331544696884,0.0,0.0,0.0,863.1442327891311
2026-08-08T10:15:00Z,2026-08-08T10:30:00Z,2026-08-08,2026-08-08_50,-11.0,11,0,89,114.17386241987586,116.70386241987586,0.007027777777777779,0.0,0.0,True,True,True,False,-30.2775,882.7349012444342,8.844331544696884,0.0,0.0,0.0,861.3017327891312
2026-08-08T10:30:00Z,2026-08-08T10:45:00Z,2026-08-08,2026-08-08_51,-11.0,11,0,89,116.70386241987586,119.23386241987586,0.007027777777777779,0.0,0.0,True,True,True,False,-35.447500000000005,882.7349012444342,8.844331544696884,0.0,0.0,0.0,856.1317327891311
2026-08-08T10:45:00Z,2026-08-08T11:00:00Z,2026-08-08,2026-08-08_52,-11.0,11,0,89,119.23386241987586,121.74541510559015,0.006976535238095239,0.020051428571428574,0.0,True,True,True,False,-36.6025,882.7349012444342,8.844331544696884,0.0,1.6066629697888979,0.0,856.58339575892
2026-08-08T11:00:00Z,2026-08-08T11:15:00Z,2026-08-08,2026-08-08_53,-11.0,11,0,89,121.74541510559015,124.26604687701872,0.007001754920634921,0.010182857142857143,0.0,True,True,True,False,-41.8275,882.7349012444342,8.790957871903185,0.0,0.9081487188687554,0.0,850.6065078352062
2026-08-08T11:15:00Z,2026-08-08T11:30:00Z,2026-08-08,2026-08-08_54,-11.0,11,0,89,124.26604687701872,126.79546859130443,0.007026171428571428,0.0006285714285714285,0.0,True,True,True,False,-52.745,882.7349012444342,8.790957871903185,0.0,0.05382219105246848,0.0,838.8346813073899
2026-08-08T11:30:00Z,2026-08-08T11:45:00Z,2026-08-08,2026-08-08_55,-11.0,11,0,89,126.79546859130443,129.32408070559015,0.007023922539682539,0.0015085714285714286,0.0,True,True,True,False,-54.642500000000005,882.7349012444342,8.790957871903185,0.0,0.12917325852592434,0.0,837.0125323748633
2026-08-08T11:45:00Z,2026-08-08T12:00:00Z,2026-08-08,2026-08-08_56,-11.0,11,0,89,129.32408070559015,131.85408070559015,0.007027777777777779,0.0,0.0,True,True,True,False,-69.96000000000001,882.7349012444342,8.790957871903185,0.0,0.0,0.0,821.5658591163374
2026-08-08T12:00:00Z,2026-08-08T12:15:00Z,2026-08-08,2026-08-08_57,-11.0,11,0,89,131.85408070559015,134.38408070559015,0.007027777777777779,0.0,0.0,True,True,True,False,-85.41499999999999,882.7349012444342,8.615138714465122,0.0,0.0,0.0,805.9350399588993
2026-08-08T12:15:00Z,2026-08-08T12:30:00Z,2026-08-08,2026-08-08_58,-11.0,11,0,89,134.38408070559015,136.8937250484473,0.006971234285714285,0.022125714285714283,0.0,True,True,True,False,-69.1625,882.7349012444342,8.615138714465122,0.0,2.2643134517421535,0.0,824.4518534106415
2026-08-08T12:30:00Z,2026-08-08T12:45:00Z,2026-08-08,2026-08-08_59,-11.0,11,0,89,136.8937250484473,139.42042881987587,0.007018621587301588,0.003582857142857143,0.0,True,True,True,False,-52.4425,882.7349012444342,8.615138714465122,0.0,0.29996901146575766,0.0,839.2075089703651
2026-08-08T12:45:00Z,2026-08-08T13:00:00Z,2026-08-08,2026-08-08_60,-11.0,11,0,89,139.42042881987587,141.95042881987587,0.007027777777777778,0.0,0.0,True,True,True,False,-75.8725,882.7349012444342,8.615138714465122,0.0,0.0,0.0,815.4775399588993
2026-08-08T13:00:00Z,2026-08-08T13:15:00Z,2026-08-08,2026-08-08_61,0.0,0,100,0,141.95042881987587,155.34930881987586,0.03721911111111111,0.0,14.564,True,True,True,False,0.0,0.0,0.0,24.232218289759107,0.0,2937.4640788522283,2961.6962971419875
2026-08-08T13:15:00Z,2026-08-08T13:30:00Z,2026-08-08,2026-08-08_62,0.0,0,100,0,155.34930881987586,164.970405962733,0.026725269841269845,0.0,10.457714285714285,True,True,True,False,0.0,0.0,0.0,24.232218289759107,0.0,-24.802098956719348,-0.5698806669602412
2026-08-08T13:30:00Z,2026-08-08T13:45:00Z,2026-08-08,2026-08-08_63,0.0,0,100,0,164.970405962733,166.3509316770187,0.0038347936507936503,0.0,1.5005714285714284,True,True,True,False,0.0,0.0,0.0,24.232218289759107,0.0,-73.79508423988386,-49.56286595012476
2026-08-08T13:45:00Z,2026-08-08T14:00:00Z,2026-08-08,2026-08-08_64,99.99999999999996,0,100,0,166.3509316770187,144.00000000000009,0.06208592132505173,0.0,4.437142857142857,True,True,True,False,1418.4999999999995,0.0,0.0,24.232218289759107,0.0,-103.68868483573358,1339.043533454025
2026-08-08T14:00:00Z,2026-08-08T14:15:00Z,2026-08-08,2026-08-08_65,-100.0,0,0,0,144.00000000000009,167.00000000000009,0.0638888888888889,0.0,0.0,True,True,True,False,-248.0,0.0,0.0,0.0,0.0,0.0,-248.0
2026-08-08T14:15:00Z,2026-08-08T14:30:00Z,2026-08-08,2026-08-08_66,-100.0,0,0,0,167.00000000000009,190.00000000000009,0.0638888888888889,0.0,0.0,True,True,True,False,-494.75,0.0,0.0,0.0,0.0,0.0,-494.75
2026-08-08T14:30:00Z,2026-08-08T14:45:00Z,2026-08-08,2026-08-08_67,52.7616917232332,0,0,0,190.00000000000009,175.66258377086064,0.03982615619205404,0.0,0.0,True,True,True,False,1490.913503869262,0.0,0.0,0.0,0.0,0.0,1490.913503869262
2026-08-08T14:45:00Z,2026-08-08T15:00:00Z,2026-08-08,2026-08-08_68,100.0,0,0,0,175.66258377086064,148.48867072738238,0.07548309178743962,0.0,0.0,True,True,True,False,4325.0,0.0,0.0,0.0,0.0,0.0,4325.0
2026-08-08T15:00:00Z,2026-08-08T15:15:00Z,2026-08-08,2026-08-08_69,0.0,0,11,89,148.48867072738238,149.04336238452524,0.0015408101587301589,0.0,0.6029257142857143,True,True,True,False,0.0,882.7349012444342,0.0,2.4175134147733757,0.0,-17.55257934858839,867.5998353106193
2026-08-08T15:15:00Z,2026-08-08T15:30:00Z,2026-08-08,2026-08-08_70,0.011236759877270274,0,11,89,149.04336238452524,149.05696663318156,5.464161748172197e-05,0.0,0.01810285714285714,True,True,True,False,0.41632195345286366,882.7349012444342,0.0,2.4175134147733757,0.0,-1.3812927111705506,884.1874439014899
2026-08-08T15:30:00Z,2026-08-08T15:45:00Z,2026-08-08,2026-08-08_71,9.612982877186539,0,11,89,149.05696663318156,146.47261490683238,0.0071956068332951215,0.0,0.02614857142857143,True,True,True,False,396.9200629990322,882.7349012444342,0.0,2.4175134147733757,0.0,-1.9952005828019073,1280.077277075438
2026-08-08T15:45:00Z,2026-08-08T16:00:00Z,2026-08-08,2026-08-08_72,11.0,0,11,89,146.47261490683238,143.5838509316771,0.008024344375431331,0.0,0.09233714285714287,True,True,True,False,501.29749999999996,882.7349012444342,0.0,2.4175134147733757,0.0,-5.207471188818033,1381.2424434703896
2026-08-08T16:00:00Z,2026-08-08T16:15:00Z,2026-08-08,2026-08-08_73,100.0,0,100,0,143.5838509316771,136.23664596273298,0.02040890269151139,0.0,18.240571428571428,True,True,True,False,4002.7500000000005,0.0,0.0,21.891768466719945,0.0,1986.3806661991205,6011.022434665841
2026-08-08T16:15:00Z,2026-08-08T16:30:00Z,2026-08-08,2026-08-08_74,100.0,0,100,0,136.23664596273298,118.3677018633541,0.04963595583160801,0.0,8.560571428571428,True,True,True,False,3945.5,0.0,0.0,21.891768466719945,0.0,-101.42405525744948,3865.9677132092706
2026-08-08T16:30:00Z,2026-08-08T16:45:00Z,2026-08-08,2026-08-08_75,100.0,0,100,0,118.3677018633541,91.45279503105596,0.07476363008971705,0.0,0.23828571428571427,True,True,True,False,4459.0,0.0,0.0,21.891768466719945,0.0,-18.181788527718425,4462.709979939002
2026-08-08T16:45:00Z,2026-08-08T17:00:00Z,2026-08-08,2026-08-08_76,100.0,0,100,0,91.45279503105596,64.34782608695657,0.07529158040027606,0.0,0.06342857142857143,True,True,True,False,4497.0,0.0,0.0,21.891768466719945,0.0,-4.839756658457423,4514.052011808262
2026-08-08T17:00:00Z,2026-08-08T17:15:00Z,2026-08-08,2026-08-08_77,0.0,0,0,100,64.34782608695657,64.34782608695657,0.0,0.0,0.0,True,True,True,False,0.0,991.8369676903756,0.0,0.0,0.0,0.0,991.8369676903756
2026-08-08T17:15:00Z,2026-08-08T17:30:00Z,2026-08-08,2026-08-08_78,0.0,0,0,100,64.34782608695657,64.34782608695657,0.0,0.0,0.0,True,True,True,False,0.0,991.8369676903756,0.0,0.0,0.0,0.0,991.8369676903756
2026-08-08T17:30:00Z,2026-08-08T17:45:00Z,2026-08-08,2026-08-08_79,0.0,0,0,100,64.34782608695657,64.34782608695657,0.0,0.0,0.0,True,True,True,False,0.0,991.8369676903756,0.0,0.0,0.0,0.0,991.8369676903756
2026-08-08T17:45:00Z,2026-08-08T18:00:00Z,2026-08-08,2026-08-08_80,0.0,0,0,100,64.34782608695657,64.34782608695657,0.0,0.0,0.0,True,True,True,False,0.0,991.8369676903756,0.0,0.0,0.0,0.0,991.8369676903756
2026-08-08T18:00:00Z,2026-08-08T18:15:00Z,2026-08-08,2026-08-08_81,0.0,0,0,100,64.34782608695657,64.34782608695657,0.0,0.0,0.0,True,True,True,False,0.0,991.8369676903756,0.0,0.0,0.0,0.0,991.8369676903756
2026-08-08T18:15:00Z,2026-08-08T18:30:00Z,2026-08-08,2026-08-08_82,0.0,0,0,100,64.34782608695657,64.34782608695657,0.0,0.0,0.0,True,True,True,False,0.0,991.8369676903756,0.0,0.0,0.0,0.0,991.8369676903756
2026-08-08T18:30:00Z,2026-08-08T18:45:00Z,2026-08-08,2026-08-08_83,0.0,0,0,100,64.34782608695657,64.34782608695657,0.0,0.0,0.0,True,True,True,False,0.0,991.8369676903756,0.0,0.0,0.0,0.0,991.8369676903756
2026-08-08T18:45:00Z,2026-08-08T19:00:00Z,2026-08-08,2026-08-08_84,0.0,0,0,100,64.34782608695657,64.34782608695657,0.0,0.0,0.0,True,True,True,False,0.0,991.8369676903756,0.0,0.0,0.0,0.0,991.8369676903756
2026-08-08T19:00:00Z,2026-08-08T19:15:00Z,2026-08-08,2026-08-08_85,0.0,0,0,100,64.34782608695657,64.34782608695657,0.0,0.0,0.0,True,True,True,False,0.0,991.8369676903756,0.0,0.0,0.0,0.0,991.8369676903756
2026-08-08T19:15:00Z,2026-08-08T19:30:00Z,2026-08-08,2026-08-08_86,0.0,0,0,100,64.34782608695657,64.34782608695657,0.0,0.0,0.0,True,True,True,False,0.0,991.8369676903756,0.0,0.0,0.0,0.0,991.8369676903756
2026-08-08T19:30:00Z,2026-08-08T19:45:00Z,2026-08-08,2026-08-08_87,0.0,0,0,100,64.34782608695657,64.34782608695657,0.0,0.0,0.0,True,True,True,False,0.0,991.8369676903756,0.0,0.0,0.0,0.0,991.8369676903756
2026-08-08T19:45:00Z,2026-08-08T20:00:00Z,2026-08-08,2026-08-08_88,0.0,0,0,100,64.34782608695657,64.34782608695657,0.0,0.0,0.0,True,True,True,False,0.0,991.8369676903756,0.0,0.0,0.0,0.0,991.8369676903756
2026-08-08T20:00:00Z,2026-08-08T20:15:00Z,2026-08-08,2026-08-08_89,99.99999999999999,0,100,0,64.34782608695657,48.06956521739136,0.04521739130434783,0.0,10.024000000000001,True,True,True,False,4629.499999999999,0.0,0.0,21.891768466719945,0.0,-480.60801765802796,4170.783750808691
2026-08-08T20:15:00Z,2026-08-08T20:30:00Z,2026-08-08,2026-08-08_90,100.00000000000001,0,100,0,48.06956521739136,31.553416149068372,0.04587819185645274,0.0,9.805142857142856,True,True,True,False,4262.0,0.0,0.0,21.891768466719945,0.0,-389.9593787070713,3893.9323897596487
2026-08-08T20:30:00Z,2026-08-08T20:45:00Z,2026-08-08,2026-08-08_91,100.0,0,100,0,31.553416149068372,10.333540372670857,0.05894409937888199,0.0,5.477714285714286,True,True,True,False,4197.5,0.0,0.0,21.891768466719945,0.0,-220.74498567459867,3998.6467827921215
2026-08-08T20:45:00Z,2026-08-08T21:00:00Z,2026-08-08,2026-08-08_92,16.99841283944203,0,100,0,10.333540372670857,10.000000000000057,0.02009686380232166,0.0,4.518857142857144,True,True,True,False,679.2565770641035,0.0,0.0,21.891768466719945,0.0,-222.67456624206943,478.473779288754
2026-08-08T21:00:00Z,2026-08-08T21:15:00Z,2026-08-09,2026-08-08_93,-49.20689213280498,100,48,0,10.000000000000057,21.86401351552788,0.03297837813672406,0.0074285714285714285,0.6020571428571428,True,True,True,False,-1992.3870624572737,0.0,104.54960611942003,10.028542071012671,1.1308096705973176,-33.085419405346336,-1909.76352400159
2026-08-08T21:15:00Z,2026-08-08T21:30:00Z,2026-08-09,2026-08-08_94,-51.99999999999999,100,48,0,21.86401351552788,37.68258814409931,0.04394048507936508,0.0,4.194102857142857,True,True,True,False,-2026.6999999999998,0.0,104.54960611942003,10.028542071012671,0.0,-194.73042237698368,-2106.852274186551
2026-08-08T21:30:00Z,2026-08-08T21:45:00Z,2026-08-09,2026-08-08_95,-52.00000000000043,100,48,0,37.68258814409931,50.96587408695655,0.03689801650793678,0.0,1.4383542857142855,True,True,True,False,-2018.2500000000168,0.0,104.54960611942003,10.028542071012671,0.0,-71.159590951348,-1974.831442760932
2026-08-08T21:45:00Z,2026-08-08T22:00:00Z,2026-08-09,2026-08-08_96,-52.0,100,48,0,50.96587408695655,64.34782608695656,0.037172088888888885,0.0,1.5455999999999999,True,True,True,False,-1879.4099999999999,0.0,104.54960611942003,10.028542071012671,0.0,-66.50485580545724,-1831.3367076150244
2026-08-08T22:00:00Z,2026-08-08T22:15:00Z,2026-08-09,2026-08-09_1,0.0,0,0,100,64.34782608695656,64.34782608695656,0.0,0.0,0.0,True,True,True,False,0.0,991.8369676903756,0.0,0.0,0.0,0.0,991.8369676903756
2026-08-08T22:15:00Z,2026-08-08T22:30:00Z,2026-08-09,2026-08-09_2,0.0,0,0,100,64.34782608695656,64.34782608695656,0.0,0.0,0.0,True,True,True,False,0.0,991.8369676903756,0.0,0.0,0.0,0.0,991.8369676903756
2026-08-08T22:30:00Z,2026-08-08T22:45:00Z,2026-08-09,2026-08-09_3,0.0,0,0,100,64.34782608695656,64.34782608695656,0.0,0.0,0.0,True,True,True,False,0.0,991.8369676903756,0.0,0.0,0.0,0.0,991.8369676903756
2026-08-08T22:45:00Z,2026-08-08T23:00:00Z,2026-08-09,2026-08-09_4,0.0,0,0,100,64.34782608695656,64.34782608695656,0.0,0.0,0.0,True,True,True,False,0.0,991.8369676903756,0.0,0.0,0.0,0.0,991.8369676903756
2026-08-08T23:00:00Z,2026-08-08T23:15:00Z,2026-08-09,2026-08-09_5,0.0,0,0,100,64.34782608695656,64.34782608695656,0.0,0.0,0.0,True,True,True,False,0.0,991.8369676903756,0.0,0.0,0.0,0.0,991.8369676903756
2026-08-08T23:15:00Z,2026-08-08T23:30:00Z,2026-08-09,2026-08-09_6,0.0,0,0,100,64.34782608695656,64.34782608695656,0.0,0.0,0.0,True,True,True,False,0.0,991.8369676903756,0.0,0.0,0.0,0.0,991.8369676903756
2026-08-08T23:30:00Z,2026-08-08T23:45:00Z,2026-08-09,2026-08-09_7,0.0,0,0,100,64.34782608695656,64.34782608695656,0.0,0.0,0.0,True,True,True,False,0.0,991.8369676903756,0.0,0.0,0.0,0.0,991.8369676903756
2026-08-08T23:45:00Z,2026-08-09T00:00:00Z,2026-08-09,2026-08-09_8,0.0,0,0,100,64.34782608695656,64.34782608695656,0.0,0.0,0.0,True,True,True,False,0.0,991.8369676903756,0.0,0.0,0.0,0.0,991.8369676903756
2026-08-09T00:00:00Z,2026-08-09T00:15:00Z,2026-08-09,2026-08-09_9,0.0,0,0,100,64.34782608695656,64.34782608695656,0.0,0.0,0.0,True,True,True,False,0.0,991.8369676903756,0.0,0.0,0.0,0.0,991.8369676903756
2026-08-09T00:15:00Z,2026-08-09T00:30:00Z,2026-08-09,2026-08-09_10,0.0,0,0,100,64.34782608695656,64.34782608695656,0.0,0.0,0.0,True,True,True,False,0.0,991.8369676903756,0.0,0.0,0.0,0.0,991.8369676903756
2026-08-09T00:30:00Z,2026-08-09T00:45:00Z,2026-08-09,2026-08-09_11,0.0,0,0,100,64.34782608695656,64.34782608695656,0.0,0.0,0.0,True,True,True,False,0.0,991.8369676903756,0.0,0.0,0.0,0.0,991.8369676903756
2026-08-09T00:45:00Z,2026-08-09T01:00:00Z,2026-08-09,2026-08-09_12,0.0,0,0,100,64.34782608695656,64.34782608695656,0.0,0.0,0.0,True,True,True,False,0.0,991.8369676903756,0.0,0.0,0.0,0.0,991.8369676903756
2026-08-09T01:00:00Z,2026-08-09T01:15:00Z,2026-08-09,2026-08-09_13,0.0,0,0,100,64.34782608695656,64.34782608695656,0.0,0.0,0.0,True,True,True,False,0.0,991.8369676903756,0.0,0.0,0.0,0.0,991.8369676903756
2026-08-09T01:15:00Z,2026-08-09T01:30:00Z,2026-08-09,2026-08-09_14,0.0,0,0,100,64.34782608695656,64.34782608695656,0.0,0.0,0.0,True,True,True,False,0.0,991.8369676903756,0.0,0.0,0.0,0.0,991.8369676903756
2026-08-09T01:30:00Z,2026-08-09T01:45:00Z,2026-08-09,2026-08-09_15,0.0,0,0,100,64.34782608695656,64.34782608695656,0.0,0.0,0.0,True,True,True,False,0.0,991.8369676903756,0.0,0.0,0.0,0.0,991.8369676903756
2026-08-09T01:45:00Z,2026-08-09T02:00:00Z,2026-08-09,2026-08-09_16,0.0,0,0,100,64.34782608695656,64.34782608695656,0.0,0.0,0.0,True,True,True,False,0.0,991.8369676903756,0.0,0.0,0.0,0.0,991.8369676903756
2026-08-09T02:00:00Z,2026-08-09T02:15:00Z,2026-08-09,2026-08-09_17,0.0,0,0,100,64.34782608695656,64.34782608695656,0.0,0.0,0.0,True,True,True,False,0.0,991.8369676903756,0.0,0.0,0.0,0.0,991.8369676903756
2026-08-09T02:15:00Z,2026-08-09T02:30:00Z,2026-08-09,2026-08-09_18,0.0,0,0,100,64.34782608695656,64.34782608695656,0.0,0.0,0.0,True,True,True,False,0.0,991.8369676903756,0.0,0.0,0.0,0.0,991.8369676903756
2026-08-09T02:30:00Z,2026-08-09T02:45:00Z,2026-08-09,2026-08-09_19,0.0,0,0,100,64.34782608695656,64.34782608695656,0.0,0.0,0.0,True,True,True,False,0.0,991.8369676903756,0.0,0.0,0.0,0.0,991.8369676903756
2026-08-09T02:45:00Z,2026-08-09T03:00:00Z,2026-08-09,2026-08-09_20,0.0,0,0,100,64.34782608695656,64.34782608695656,0.0,0.0,0.0,True,True,True,False,0.0,991.8369676903756,0.0,0.0,0.0,0.0,991.8369676903756
2026-08-09T03:00:00Z,2026-08-09T03:15:00Z,2026-08-09,2026-08-09_21,0.0,0,0,100,64.34782608695656,64.34782608695656,0.0,0.0,0.0,True,True,True,False,0.0,991.8369676903756,0.0,0.0,0.0,0.0,991.8369676903756
2026-08-09T03:15:00Z,2026-08-09T03:30:00Z,2026-08-09,2026-08-09_22,0.0,0,0,100,64.34782608695656,64.34782608695656,0.0,0.0,0.0,True,True,True,False,0.0,991.8369676903756,0.0,0.0,0.0,0.0,991.8369676903756
2026-08-09T03:30:00Z,2026-08-09T03:45:00Z,2026-08-09,2026-08-09_23,0.0,0,0,100,64.34782608695656,64.34782608695656,0.0,0.0,0.0,True,True,True,False,0.0,991.8369676903756,0.0,0.0,0.0,0.0,991.8369676903756
2026-08-09T03:45:00Z,2026-08-09T04:00:00Z,2026-08-09,2026-08-09_24,0.0,0,0,100,64.34782608695656,64.34782608695656,0.0,0.0,0.0,True,True,True,False,0.0,991.8369676903756,0.0,0.0,0.0,0.0,991.8369676903756
2026-08-09T04:00:00Z,2026-08-09T04:15:00Z,2026-08-09,2026-08-09_25,0.0,0,0,100,64.34782608695656,64.34782608695656,0.0,0.0,0.0,True,True,True,False,0.0,991.8369676903756,0.0,0.0,0.0,0.0,991.8369676903756
2026-08-09T04:15:00Z,2026-08-09T04:30:00Z,2026-08-09,2026-08-09_26,0.0,0,0,100,64.34782608695656,64.34782608695656,0.0,0.0,0.0,True,True,True,False,0.0,991.8369676903756,0.0,0.0,0.0,0.0,991.8369676903756
2026-08-09T04:30:00Z,2026-08-09T04:45:00Z,2026-08-09,2026-08-09_27,0.0,0,0,100,64.34782608695656,64.34782608695656,0.0,0.0,0.0,True,True,True,False,0.0,991.8369676903756,0.0,0.0,0.0,0.0,991.8369676903756
2026-08-09T04:45:00Z,2026-08-09T05:00:00Z,2026-08-09,2026-08-09_28,0.0,0,0,100,64.34782608695656,64.34782608695656,0.0,0.0,0.0,True,True,True,False,0.0,991.8369676903756,0.0,0.0,0.0,0.0,991.8369676903756
2026-08-09T05:00:00Z,2026-08-09T05:15:00Z,2026-08-09,2026-08-09_29,100.0,0,0,0,64.34782608695656,37.1739130434783,0.0754830917874396,0.0,0.0,True,False,True,False,3331.7500000000005,0.0,0.0,0.0,0.0,0.0,3331.7500000000005
2026-08-09T05:15:00Z,2026-08-09T05:30:00Z,2026-08-09,2026-08-09_30,100.0,0,0,0,37.1739130434783,10.000000000000043,0.0754830917874396,0.0,0.0,True,False,True,False,3091.25,0.0,0.0,0.0,0.0,0.0,3091.25
2026-08-09T05:30:00Z,2026-08-09T05:45:00Z,2026-08-09,2026-08-09_31,-100.0,0,0,0,10.000000000000043,33.00000000000004,0.06388888888888888,0.0,0.0,True,False,True,False,-1396.0,0.0,0.0,0.0,0.0,0.0,-1396.0
2026-08-09T05:45:00Z,2026-08-09T06:00:00Z,2026-08-09,2026-08-09_32,-100.0,0,0,0,33.00000000000004,56.00000000000004,0.06388888888888888,0.0,0.0,True,False,True,False,-0.0,0.0,0.0,0.0,0.0,0.0,0.0
2026-08-09T06:00:00Z,2026-08-09T06:15:00Z,2026-08-09,2026-08-09_33,3.0,15,0,82,56.00000000000004,55.1847826086957,0.002264492753623188,0.0,0.0,True,True,True,False,86.97,813.3063135061079,14.830460098184725,0.0,0.0,0.0,915.1067736042927
2026-08-09T06:15:00Z,2026-08-09T06:30:00Z,2026-08-09,2026-08-09_34,1.9090285714286173,15,0,82,55.1847826086957,54.56894409937891,0.0017106625258799515,0.08931428571428572,0.0,True,True,True,False,50.78493257142979,813.3063135061079,14.830460098184725,0.0,11.896335198081973,0.0,890.8180413738044
2026-08-09T06:30:00Z,2026-08-09T06:45:00Z,2026-08-09,2026-08-09_35,-7.953487251392638e-14,15,0,82,54.56894409937891,54.5652173913044,1.0351966873756717e-05,0.0034285714285714284,0.0,True,True,True,False,-1.5258765291796776e-12,813.3063135061079,14.830460098184725,0.0,0.45667313620276284,0.0,828.5934467404938
2026-08-09T06:45:00Z,2026-08-09T07:00:00Z,2026-08-09,2026-08-09_36,-18.0,15,0,82,54.5652173913044,58.69938196273297,0.011483790476190475,0.006342857142857142,0.0,True,True,True,False,-3.5100000000000002,813.3063135061079,14.830460098184725,0.0,0.8448453019751112,0.0,825.4716189062677
2026-08-09T07:00:00Z,2026-08-09T07:15:00Z,2026-08-09,2026-08-09_37,-0.6388730489386822,11,9,89,58.69938196273297,58.63520829813668,0.0009486643253880103,0.19812571428571427,0.00252,True,True,True,False,-4.9991816079451885,882.7349012444342,10.621360885945883,1.813563192145222,27.22386953065962,-0.15099573010617653,917.2435175151336
2026-08-09T07:15:00Z,2026-08-09T07:30:00Z,2026-08-09,2026-08-09_38,0.0,11,9,89,58.63520829813668,58.36956521739134,0.0007746974465148377,0.25048571428571426,0.007200000000000001,True,True,True,False,0.0,882.7349012444342,10.621360885945883,1.813563192145222,38.13031821419057,-0.40655325950450966,932.8935902772114
2026-08-09T07:30:00Z,2026-08-09T07:45:00Z,2026-08-09,2026-08-09_39,0.0,11,9,89,58.36956521739134,58.44078964472053,0.00021037151138716354,0.0020742857142857143,0.07986857142857143,True,True,True,False,0.0,882.7349012444342,10.621360885945883,1.813563192145222,0.23576498621825712,-2.2849791300376756,893.1206111787059
2026-08-09T07:45:00Z,2026-08-09T08:00:00Z,2026-08-09,2026-08-09_40,-1.9999999999999911,11,9,89,58.44078964472053,59.29081340621122,0.0023732889164941283,0.0024514285714285714,0.42675428571428575,True,True,True,False,-0.2799999999999988,882.7349012444342,10.621360885945883,1.813563192145222,0.2782250615693246,2.809218045112782,897.9772684292075
2026-08-09T08:00:00Z,2026-08-09T08:15:00Z,2026-08-09,2026-08-09_41,3.3901933348571096,0,0,89,59.29081340621122,58.369565217391354,0.002559022746721852,0.0,0.0,True,False,True,False,0.9153522004114196,882.7349012444342,0.0,0.0,0.0,0.0,883.6502534448457
2026-08-09T08:15:00Z,2026-08-09T08:30:00Z,2026-08-09,2026-08-09_42,0.0,0,0,89,58.369565217391354,58.369565217391354,0.0,0.0,0.0,True,False,True,False,0.0,882.7349012444342,0.0,0.0,0.0,0.0,882.7349012444342
2026-08-09T08:30:00Z,2026-08-09T08:45:00Z,2026-08-09,2026-08-09_43,-3.170813901982378,0,0,89,58.369565217391354,59.0988524148473,0.0020257977707109636,0.0,0.0,True,False,True,False,-0.0,882.7349012444342,0.0,0.0,0.0,0.0,882.7349012444342
2026-08-09T08:45:00Z,2026-08-09T09:00:00Z,2026-08-09,2026-08-09_44,-11.0,0,0,89,59.0988524148473,61.6288524148473,0.007027777777777779,0.0,0.0,True,False,True,False,-0.0,882.7349012444342,0.0,0.0,0.0,0.0,882.7349012444342
2026-08-09T09:00:00Z,2026-08-09T09:15:00Z,2026-08-09,2026-08-09_45,0.0,100,100,0,61.6288524148473,77.54695527199016,0.044216952380952385,0.0,17.302285714285716,True,True,True,False,0.0,0.0,80.40301404269894,56.91288959926933,0.0,2265.4655648883604,2402.7814685303288
2026-08-09T09:15:00Z,2026-08-09T09:30:00Z,2026-08-09,2026-08-09_46,0.0,100,100,0,77.54695527199016,93.95081812913301,0.04556628571428572,0.0,17.830285714285715,True,True,True,False,0.0,0.0,80.40301404269894,56.91288959926933,0.0,3104.9036768711367,3242.219580513105
2026-08-09T09:30:00Z,2026-08-09T09:45:00Z,2026-08-09,2026-08-09_47,0.0,100,100,0,93.95081812913301,111.86137812913302,0.04975155555555556,0.0,19.468000000000004,True,True,True,False,0.0,0.0,80.40301404269894,56.91288959926933,0.0,511.03777828519253,648.3536819271608
2026-08-09T09:45:00Z,2026-08-09T10:00:00Z,2026-08-09,2026-08-09_48,0.0,100,100,0,111.86137812913302,120.56457812913301,0.024175555555555558,0.0,9.46,True,True,True,False,0.0,0.0,80.40301404269894,56.91288959926933,0.0,89.9720630208928,227.28796666286107
2026-08-09T10:00:00Z,2026-08-09T10:15:00Z,2026-08-09,2026-08-09_49,2.8841663357110046e-14,11,11,89,120.56457812913301,121.03460875770443,0.0013056406349206493,0.0,0.5109028571428571,True,True,True,False,0.0,882.7349012444342,8.844331544696884,6.250998972485443,0.0,-17.25339771989627,880.5768340417203
2026-08-09T10:15:00Z,2026-08-09T10:30:00Z,2026-08-09,2026-08-09_50,-4.4046891737845874e-14,11,11,89,121.03460875770443,121.77417835770446,0.002054360000000028,0.0,0.8038799999999999,True,True,True,False,1.1011722934461469e-16,882.7349012444342,8.844331544696884,6.250998972485443,0.0,9.942573353122503,907.7728051147391
2026-08-09T10:30:00Z,2026-08-09T10:45:00Z,2026-08-09,2026-08-09_51,-1.906687368377985e-14,11,11,89,121.77417835770446,123.41772418627589,0.004565405079365092,0.0,1.7864628571428571,True,True,True,False,9.533436841889925e-17,882.7349012444342,8.844331544696884,6.250998972485443,0.0,38.11147956224618,935.9417113238627
2026-08-09T10:45:00Z,2026-08-09T11:00:00Z,2026-08-09,2026-08-09_52,5.1649505928213797e-14,11,11,89,123.41772418627589,124.43608532913301,0.0028287809523809626,0.0,1.1069142857142857,True,True,True,False,-3.8737129446160345e-16,882.7349012444342,8.844331544696884,6.250998972485443,0.0,8.989861008269047,906.8200927698856
2026-08-09T11:00:00Z,2026-08-09T11:15:00Z,2026-08-09,2026-08-09_53,-1.7763568394002505e-15,11,11,89,124.43608532913301,124.462450129133,0.00017799746031746145,0.01734857142857143,0.04915428571428571,True,True,True,False,1.3322676295501878e-17,882.7349012444342,8.8349126612627,6.250998972485443,1.425211188491837,-2.5274884173557544,896.7185356493185
2026-08-09T11:15:00Z,2026-08-09T11:30:00Z,2026-08-09,2026-08-09_54,0.0,11,11,89,124.462450129133,124.47157982851189,8.836924775707384e-05,0.010434285714285715,0.022251428571428568,True,True,True,False,0.0,882.7349012444342,8.8349126612627,6.250998972485443,0.7921908893709328,-1.3677553536770342,897.2452484138763
2026-08-09T11:30:00Z,2026-08-09T11:45:00Z,2026-08-09,2026-08-09_55,0.0,11,11,89,124.47157982851189,124.49076503099637,8.935158040027606e-05,0.005971428571428572,0.02790857142857143,True,True,True,False,0.0,882.7349012444342,8.8349126612627,6.250998972485443,0.47437713046172925,-1.6221053936359338,896.6730846150082
2026-08-09T11:45:00Z,2026-08-09T12:00:00Z,2026-08-09,2026-08-09_56,0.0,11,11,89,124.49076503099637,125.11195954528209,0.0017255403174603176,0.0,0.6752114285714287,True,True,True,False,0.0,882.7349012444342,8.8349126612627,6.250998972485443,0.0,1.0275794431849692,898.8483923213673
2026-08-09T12:00:00Z,2026-08-09T12:15:00Z,2026-08-09,2026-08-09_57,-7.60261419036792e-15,11,11,89,125.11195954528209,126.55443543099638,0.0040068774603174645,0.0,1.5679085714285714,True,True,True,False,5.70196064277594e-17,882.7349012444342,8.674791642881607,6.250998972485443,0.0,29.67701208770299,927.3377039475043
2026-08-09T12:15:00Z,2026-08-09T12:30:00Z,2026-08-09,2026-08-09_58,3.294466149159432e-14,11,11,89,126.55443543099638,128.18040137385353,0.004516572063492059,0.0,1.7673542857142859,True,True,True,False,-8.23616537289858e-17,882.7349012444342,8.674791642881607,6.250998972485443,0.0,44.754546381137224,942.4152382409385
2026-08-09T12:30:00Z,2026-08-09T12:45:00Z,2026-08-09,2026-08-09_59,-1.8523829813039294e-14,11,11,89,128.18040137385353,129.35900548813925,0.00327390031746033,0.0,1.2810914285714285,True,True,True,False,4.6309574532598235e-17,882.7349012444342,8.674791642881607,6.250998972485443,0.0,17.33400509842937,914.9946969582306
2026-08-09T12:45:00Z,2026-08-09T13:00:00Z,2026-08-09,2026-08-09_60,1.943459792050384e-14,11,11,89,129.35900548813925,130.05176138379142,0.0019463371152519053,0.003645714285714286,0.7573028571428572,True,True,True,False,0.0,882.7349012444342,8.674791642881607,6.250998972485443,0.39471998869190333,6.176988292857959,904.2324001413511
2026-08-09T13:00:00Z,2026-08-09T13:15:00Z,2026-08-09,2026-08-09_61,0.0,100,100,0,130.05176138379142,147.62849281236285,0.04882425396825397,0.0,19.105142857142855,True,True,True,False,0.0,0.0,96.55782623587167,24.232218289759107,0.0,2936.4241764932935,3057.2142210189245
2026-08-09T13:15:00Z,2026-08-09T13:30:00Z,2026-08-09,2026-08-09_62,0.0,100,100,0,147.62849281236285,162.7848356695057,0.04210095238095238,0.0,16.474285714285713,True,True,True,False,0.0,0.0,96.55782623587167,24.232218289759107,0.0,1402.0791414545038,1522.8691859801345
2026-08-09T13:30:00Z,2026-08-09T13:45:00Z,2026-08-09,2026-08-09_63,0.0,100,100,0,162.7848356695057,166.96373852664854,0.011608063492063492,0.0,4.542285714285714,True,True,True,False,0.0,0.0,96.55782623587167,24.232218289759107,0.0,-9.976710431175551,110.81333409445523
2026-08-09T13:45:00Z,2026-08-09T14:00:00Z,2026-08-09,2026-08-09_64,0.0,100,100,0,166.96373852664854,166.9978125639156,0.0018855403726708076,0.2965714285714286,0.38742857142857146,True,True,True,False,0.0,0.0,96.55782623587167,24.232218289759107,32.82601144944792,-15.612883401562476,138.00317257351622
2026-08-09T14:00:00Z,2026-08-09T14:15:00Z,2026-08-09,2026-08-09_65,-0.09701291341038136,50,0,50,166.9978125639156,166.99559868427016,0.0001298867725459639,0.022571428571428572,0.0,True,True,True,False,-0.0004850645670519068,495.9184838451878,40.44411462495719,0.0,2.6192932983217263,0.0,538.9814067038997
2026-08-09T14:15:00Z,2026-08-09T14:30:00Z,2026-08-09,2026-08-09_66,-0.472998190076568,50,0,50,166.99559868427016,166.9995718490588,0.0005886806893457233,0.09657142857142857,0.0,True,True,True,False,-0.02246741402863698,495.9184838451878,40.44411462495719,0.0,11.468045493342903,0.0,547.8081765494592
2026-08-09T14:30:00Z,2026-08-09T14:45:00Z,2026-08-09,2026-08-09_67,-0.5027268834677854,50,0,50,166.9995718490588,166.99953942126754,0.0006369866264757465,0.10657142857142857,0.0,True,True,True,False,-0.8483516158518878,495.9184838451878,40.44411462495719,0.0,11.86752368991894,0.0,547.381770544212
2026-08-09T14:45:00Z,2026-08-09T15:00:00Z,2026-08-09,2026-08-09_68,-0.010103804058196886,50,0,50,166.99953942126754,167.0000000000001,1.1629260357007458e-05,0.0017142857142857142,0.0,True,True,True,False,-0.19012833286511988,495.9184838451878,40.44411462495719,0.0,0.19539086327532496,0.0,536.3678610005552
2026-08-09T15:00:00Z,2026-08-09T15:15:00Z,2026-08-09,2026-08-09_69,-100.0,20,0,0,167.0000000000001,189.9533165714287,0.0637592126984127,0.050742857142857145,0.0,True,True,True,False,-444.75,0.0,20.693001484187693,0.0,7.972182343059384,0.0,-416.08481617275294
2026-08-09T15:15:00Z,2026-08-09T15:30:00Z,2026-08-09,2026-08-09_70,0.19483355428586493,20,0,0,189.9533165714287,189.27801242236032,0.0018758448585232332,0.5725714285714285,0.0,True,True,True,False,6.1450503021761795,0.0,20.693001484187693,0.0,103.56543962944235,0.0,130.40349141580623
2026-08-09T15:30:00Z,2026-08-09T15:45:00Z,2026-08-09,2026-08-09_71,80.0,20,0,0,189.27801242236032,166.9057142857144,0.06214527260179434,0.5825142857142858,0.0,True,True,True,False,3030.4,0.0,20.693001484187693,0.0,116.983131603412,0.0,3168.0761330876
2026-08-09T15:45:00Z,2026-08-09T16:00:00Z,2026-08-09,2026-08-09_72,80.0,20,0,0,166.9057142857144,144.0000000000001,0.06362698412698413,1.073257142857143,0.0,True,True,True,False,3371.2,0.0,20.693001484187693,0.0,227.5140133196332,0.0,3619.407014803821
2026-08-09T16:00:00Z,2026-08-09T16:15:00Z,2026-08-09,2026-08-09_73,0.0,0,0,100,144.0000000000001,144.0000000000001,0.0,0.0,0.0,True,True,True,False,0.0,991.8369676903756,0.0,0.0,0.0,0.0,991.8369676903756
2026-08-09T16:15:00Z,2026-08-09T16:30:00Z,2026-08-09,2026-08-09_74,0.0,0,0,100,144.0000000000001,144.0000000000001,0.0,0.0,0.0,True,True,True,False,0.0,991.8369676903756,0.0,0.0,0.0,0.0,991.8369676903756
2026-08-09T16:30:00Z,2026-08-09T16:45:00Z,2026-08-09,2026-08-09_75,0.0,0,0,100,144.0000000000001,144.0000000000001,0.0,0.0,0.0,True,True,True,False,0.0,991.8369676903756,0.0,0.0,0.0,0.0,991.8369676903756
2026-08-09T16:45:00Z,2026-08-09T17:00:00Z,2026-08-09,2026-08-09_76,0.0,0,0,100,144.0000000000001,144.0000000000001,0.0,0.0,0.0,True,True,True,False,0.0,991.8369676903756,0.0,0.0,0.0,0.0,991.8369676903756
2026-08-09T17:00:00Z,2026-08-09T17:15:00Z,2026-08-09,2026-08-09_77,0.0,0,0,100,144.0000000000001,144.0000000000001,0.0,0.0,0.0,True,True,True,False,0.0,991.8369676903756,0.0,0.0,0.0,0.0,991.8369676903756
2026-08-09T17:15:00Z,2026-08-09T17:30:00Z,2026-08-09,2026-08-09_78,0.0,0,0,100,144.0000000000001,144.0000000000001,0.0,0.0,0.0,True,True,True,False,0.0,991.8369676903756,0.0,0.0,0.0,0.0,991.8369676903756
2026-08-09T17:30:00Z,2026-08-09T17:45:00Z,2026-08-09,2026-08-09_79,0.0,0,0,100,144.0000000000001,144.0000000000001,0.0,0.0,0.0,True,True,True,False,0.0,991.8369676903756,0.0,0.0,0.0,0.0,991.8369676903756
2026-08-09T17:45:00Z,2026-08-09T18:00:00Z,2026-08-09,2026-08-09_80,0.0,0,0,100,144.0000000000001,144.0000000000001,0.0,0.0,0.0,True,True,True,False,0.0,991.8369676903756,0.0,0.0,0.0,0.0,991.8369676903756
2026-08-09T18:00:00Z,2026-08-09T18:15:00Z,2026-08-09,2026-08-09_81,79.00000000000004,0,79,21,144.0000000000001,122.83683229813674,0.05878657694962046,0.0,0.2798857142857143,True,True,True,False,3661.650000000002,208.28576321497886,0.0,17.294497088708756,0.0,-21.3559712730851,3865.8742890306044
2026-08-09T18:15:00Z,2026-08-09T18:30:00Z,2026-08-09,2026-08-09_82,79.00000000000004,0,79,21,122.83683229813674,103.9833105590063,0.0523708937198068,0.0,2.40476,True,True,True,False,3653.157500000002,208.28576321497886,0.0,17.294497088708756,0.0,-145.7585463865738,3732.979213917116
2026-08-09T18:30:00Z,2026-08-09T18:45:00Z,2026-08-09,2026-08-09_83,79.00000000000004,0,79,21,103.9833105590063,91.48609937888207,0.0347144755003451,0.0,8.252565714285714,True,True,True,False,3592.920000000002,208.28576321497886,0.0,17.294497088708756,0.0,-402.27685419840276,3416.223406105287
2026-08-09T18:45:00Z,2026-08-09T19:00:00Z,2026-08-09,2026-08-09_84,79.00000000000004,0,79,21,91.48609937888207,71.3067515527951,0.05605374396135268,0.0,1.185,True,True,True,False,3495.355000000002,208.28576321497886,0.0,17.294497088708756,0.0,-79.93056570384749,3641.004694599842
2026-08-09T19:00:00Z,2026-08-09T19:15:00Z,2026-08-09,2026-08-09_85,0.0,0,0,100,71.3067515527951,71.3067515527951,0.0,0.0,0.0,True,False,True,False,0.0,991.8369676903756,0.0,0.0,0.0,0.0,991.8369676903756
2026-08-09T19:15:00Z,2026-08-09T19:30:00Z,2026-08-09,2026-08-09_86,0.0,0,0,100,71.3067515527951,71.3067515527951,0.0,0.0,0.0,True,False,True,False,0.0,991.8369676903756,0.0,0.0,0.0,0.0,991.8369676903756
2026-08-09T19:30:00Z,2026-08-09T19:45:00Z,2026-08-09,2026-08-09_87,0.0,0,0,100,71.3067515527951,71.3067515527951,0.0,0.0,0.0,True,False,True,False,0.0,991.8369676903756,0.0,0.0,0.0,0.0,991.8369676903756
2026-08-09T19:45:00Z,2026-08-09T20:00:00Z,2026-08-09,2026-08-09_88,0.0,0,0,100,71.3067515527951,71.3067515527951,0.0,0.0,0.0,True,False,True,False,0.0,991.8369676903756,0.0,0.0,0.0,0.0,991.8369676903756
2026-08-09T20:00:00Z,2026-08-09T20:15:00Z,2026-08-09,2026-08-09_89,100.0,0,100,0,71.3067515527951,55.71109937888207,0.04332125603864734,0.0,10.652,True,True,True,False,4351.25,0.0,0.0,21.891768466719945,0.0,-450.90710126726793,3922.234667199452
2026-08-09T20:15:00Z,2026-08-09T20:30:00Z,2026-08-09,2026-08-09_90,99.60990539025823,0,100,0,55.71109937888207,32.30683229813676,0.06507909590098332,0.0,3.3725714285714288,True,True,True,False,4260.813703068296,0.0,0.0,21.891768466719945,0.0,-170.5980545724398,4112.107416962575
2026-08-09T20:30:00Z,2026-08-09T20:45:00Z,2026-08-09,2026-08-09_91,100.0,0,100,0,32.30683229813676,14.79627329192558,0.04864044168391995,0.0,8.890285714285714,True,True,True,False,4272.25,0.0,0.0,21.891768466719945,0.0,-284.22050919054686,4009.9212592761733
2026-08-09T20:45:00Z,2026-08-09T21:00:00Z,2026-08-09,2026-08-09_92,100.0,0,100,0,14.79627329192558,10.000000000000114,0.013322981366459631,0.0,20.58742857142857,True,True,True,False,4099.0,0.0,0.0,21.891768466719945,0.0,-211.88355530909703,3909.008213157623
2026-08-09T21:00:00Z,2026-08-09T21:15:00Z,2026-08-10,2026-08-09_93,5.406303424261631e-13,0,0,0,10.000000000000114,9.999999999999966,4.080844976042898e-16,0.0,0.0,True,False,True,False,2.306058725618799e-11,0.0,0.0,0.0,0.0,0.0,2.306058725618799e-11
2026-08-09T21:15:00Z,2026-08-09T21:30:00Z,2026-08-10,2026-08-09_94,0.0,0,0,0,9.999999999999966,9.999999999999966,0.0,0.0,0.0,True,False,True,False,0.0,0.0,0.0,0.0,0.0,0.0,0.0
2026-08-09T21:30:00Z,2026-08-09T21:45:00Z,2026-08-10,2026-08-09_95,0.0,0,0,0,9.999999999999966,9.999999999999966,0.0,0.0,0.0,True,False,True,False,0.0,0.0,0.0,0.0,0.0,0.0,0.0
2026-08-09T21:45:00Z,2026-08-09T22:00:00Z,2026-08-10,2026-08-09_96,-96.91085930326759,0,0,0,9.999999999999966,32.28949763975151,0.06191527122153207,0.0,0.0,True,False,True,False,-3763.0486667458804,0.0,0.0,0.0,0.0,0.0,-3763.0486667458804
2026-08-09T22:00:00Z,2026-08-09T22:15:00Z,2026-08-10,2026-08-10_1,0.0,100,100,0,32.28949763975151,52.67564621118008,0.05662819047619047,0.0,22.15885714285714,True,True,True,False,0.0,0.0,103.46500742093846,20.8927959812764,0.0,-580.1426098869734,-455.7848064847586
2026-08-09T22:15:00Z,2026-08-09T22:30:00Z,2026-08-10,2026-08-10_2,0.0,100,100,0,52.67564621118008,64.04158906832293,0.03157206349206349,0.0,12.354285714285714,True,True,True,False,0.0,0.0,103.46500742093846,20.8927959812764,0.0,-532.8934657685428,-408.5356623663279
2026-08-09T22:30:00Z,2026-08-09T22:45:00Z,2026-08-10,2026-08-10_3,0.0,100,100,0,64.04158906832293,64.3241977639751,0.0010403726708074533,0.04228571428571429,0.35714285714285715,True,True,True,False,0.0,0.0,103.46500742093846,20.8927959812764,6.186834330946674,-25.904579779165925,104.64005795399561
2026-08-09T22:45:00Z,2026-08-09T23:00:00Z,2026-08-10,2026-08-10_4,0.0,100,100,0,64.3241977639751,64.34782608695647,0.0004279530710835059,0.06,0.09657142857142857,True,True,True,False,0.0,0.0,103.46500742093846,20.8927959812764,8.75290558282909,-7.368638516029771,125.74207046901418
2026-08-09T23:00:00Z,2026-08-09T23:15:00Z,2026-08-10,2026-08-10_5,0.0,0,0,100,64.34782608695647,64.34782608695647,0.0,0.0,0.0,True,True,True,False,0.0,991.8369676903756,0.0,0.0,0.0,0.0,991.8369676903756
2026-08-09T23:15:00Z,2026-08-09T23:30:00Z,2026-08-10,2026-08-10_6,0.0,0,0,100,64.34782608695647,64.34782608695647,0.0,0.0,0.0,True,True,True,False,0.0,991.8369676903756,0.0,0.0,0.0,0.0,991.8369676903756
2026-08-09T23:30:00Z,2026-08-09T23:45:00Z,2026-08-10,2026-08-10_7,0.0,0,0,100,64.34782608695647,64.34782608695647,0.0,0.0,0.0,True,True,True,False,0.0,991.8369676903756,0.0,0.0,0.0,0.0,991.8369676903756
2026-08-09T23:45:00Z,2026-08-10T00:00:00Z,2026-08-10,2026-08-10_8,0.0,0,0,100,64.34782608695647,64.34782608695647,0.0,0.0,0.0,True,True,True,False,0.0,991.8369676903756,0.0,0.0,0.0,0.0,991.8369676903756
2026-08-10T00:00:00Z,2026-08-10T00:15:00Z,2026-08-10,2026-08-10_9,0.0,0,0,100,64.34782608695647,64.34782608695647,0.0,0.0,0.0,True,True,True,False,0.0,991.8369676903756,0.0,0.0,0.0,0.0,991.8369676903756
2026-08-10T00:15:00Z,2026-08-10T00:30:00Z,2026-08-10,2026-08-10_10,0.0,0,0,100,64.34782608695647,64.34782608695647,0.0,0.0,0.0,True,True,True,False,0.0,991.8369676903756,0.0,0.0,0.0,0.0,991.8369676903756
2026-08-10T00:30:00Z,2026-08-10T00:45:00Z,2026-08-10,2026-08-10_11,0.0,0,0,100,64.34782608695647,64.34782608695647,0.0,0.0,0.0,True,True,True,False,0.0,991.8369676903756,0.0,0.0,0.0,0.0,991.8369676903756
2026-08-10T00:45:00Z,2026-08-10T01:00:00Z,2026-08-10,2026-08-10_12,0.0,0,0,100,64.34782608695647,64.34782608695647,0.0,0.0,0.0,True,True,True,False,0.0,991.8369676903756,0.0,0.0,0.0,0.0,991.8369676903756
2026-08-10T01:00:00Z,2026-08-10T01:15:00Z,2026-08-10,2026-08-10_13,0.0,0,0,100,64.34782608695647,64.34782608695647,0.0,0.0,0.0,True,True,True,False,0.0,991.8369676903756,0.0,0.0,0.0,0.0,991.8369676903756
2026-08-10T01:15:00Z,2026-08-10T01:30:00Z,2026-08-10,2026-08-10_14,0.0,0,0,100,64.34782608695647,64.34782608695647,0.0,0.0,0.0,True,True,True,False,0.0,991.8369676903756,0.0,0.0,0.0,0.0,991.8369676903756
2026-08-10T01:30:00Z,2026-08-10T01:45:00Z,2026-08-10,2026-08-10_15,0.0,0,0,100,64.34782608695647,64.34782608695647,0.0,0.0,0.0,True,True,True,False,0.0,991.8369676903756,0.0,0.0,0.0,0.0,991.8369676903756
2026-08-10T01:45:00Z,2026-08-10T02:00:00Z,2026-08-10,2026-08-10_16,0.0,0,0,100,64.34782608695647,64.34782608695647,0.0,0.0,0.0,True,True,True,False,0.0,991.8369676903756,0.0,0.0,0.0,0.0,991.8369676903756
2026-08-10T02:00:00Z,2026-08-10T02:15:00Z,2026-08-10,2026-08-10_17,0.0,0,0,100,64.34782608695647,64.34782608695647,0.0,0.0,0.0,True,False,True,False,0.0,991.8369676903756,0.0,0.0,0.0,0.0,991.8369676903756
2026-08-10T02:15:00Z,2026-08-10T02:30:00Z,2026-08-10,2026-08-10_18,0.0,0,0,100,64.34782608695647,64.34782608695647,0.0,0.0,0.0,True,False,True,False,0.0,991.8369676903756,0.0,0.0,0.0,0.0,991.8369676903756
2026-08-10T02:30:00Z,2026-08-10T02:45:00Z,2026-08-10,2026-08-10_19,0.0,0,0,100,64.34782608695647,64.34782608695647,0.0,0.0,0.0,True,False,True,False,0.0,991.8369676903756,0.0,0.0,0.0,0.0,991.8369676903756
2026-08-10T02:45:00Z,2026-08-10T03:00:00Z,2026-08-10,2026-08-10_20,0.0,0,0,100,64.34782608695647,64.34782608695647,0.0,0.0,0.0,True,False,True,False,0.0,991.8369676903756,0.0,0.0,0.0,0.0,991.8369676903756
2026-08-10T03:00:00Z,2026-08-10T03:15:00Z,2026-08-10,2026-08-10_21,0.0,0,0,100,64.34782608695647,64.34782608695647,0.0,0.0,0.0,True,False,True,False,0.0,991.8369676903756,0.0,0.0,0.0,0.0,991.8369676903756
2026-08-10T03:15:00Z,2026-08-10T03:30:00Z,2026-08-10,2026-08-10_22,0.0,0,0,100,64.34782608695647,64.34782608695647,0.0,0.0,0.0,True,False,True,False,0.0,991.8369676903756,0.0,0.0,0.0,0.0,991.8369676903756
2026-08-10T03:30:00Z,2026-08-10T03:45:00Z,2026-08-10,2026-08-10_23,0.0,0,0,100,64.34782608695647,64.34782608695647,0.0,0.0,0.0,True,False,True,False,0.0,991.8369676903756,0.0,0.0,0.0,0.0,991.8369676903756
2026-08-10T03:45:00Z,2026-08-10T04:00:00Z,2026-08-10,2026-08-10_24,0.0,0,0,100,64.34782608695647,64.34782608695647,0.0,0.0,0.0,True,False,True,False,0.0,991.8369676903756,0.0,0.0,0.0,0.0,991.8369676903756
2026-08-10T04:00:00Z,2026-08-10T04:15:00Z,2026-08-10,2026-08-10_25,0.0,0,0,100,64.34782608695647,64.34782608695647,0.0,0.0,0.0,True,True,True,False,0.0,991.8369676903756,0.0,0.0,0.0,0.0,991.8369676903756
2026-08-10T04:15:00Z,2026-08-10T04:30:00Z,2026-08-10,2026-08-10_26,0.0,0,0,100,64.34782608695647,64.34782608695647,0.0,0.0,0.0,True,True,True,False,0.0,991.8369676903756,0.0,0.0,0.0,0.0,991.8369676903756
2026-08-10T04:30:00Z,2026-08-10T04:45:00Z,2026-08-10,2026-08-10_27,0.0,0,0,100,64.34782608695647,64.34782608695647,0.0,0.0,0.0,True,True,True,False,0.0,991.8369676903756,0.0,0.0,0.0,0.0,991.8369676903756
2026-08-10T04:45:00Z,2026-08-10T05:00:00Z,2026-08-10,2026-08-10_28,0.0,0,0,100,64.34782608695647,64.34782608695647,0.0,0.0,0.0,True,True,True,False,0.0,991.8369676903756,0.0,0.0,0.0,0.0,991.8369676903756
2026-08-10T05:00:00Z,2026-08-10T05:15:00Z,2026-08-10,2026-08-10_29,0.0,0,0,100,64.34782608695647,64.34782608695647,0.0,0.0,0.0,True,True,True,False,0.0,991.8369676903756,0.0,0.0,0.0,0.0,991.8369676903756
2026-08-10T05:15:00Z,2026-08-10T05:30:00Z,2026-08-10,2026-08-10_30,0.0,0,0,100,64.34782608695647,64.34782608695647,0.0,0.0,0.0,True,True,True,False,0.0,991.8369676903756,0.0,0.0,0.0,0.0,991.8369676903756
2026-08-10T05:30:00Z,2026-08-10T05:45:00Z,2026-08-10,2026-08-10_31,0.0,0,0,100,64.34782608695647,64.34782608695647,0.0,0.0,0.0,True,True,True,False,0.0,991.8369676903756,0.0,0.0,0.0,0.0,991.8369676903756
2026-08-10T05:45:00Z,2026-08-10T06:00:00Z,2026-08-10,2026-08-10_32,0.0,0,0,100,64.34782608695647,64.34782608695647,0.0,0.0,0.0,True,True,True,False,0.0,991.8369676903756,0.0,0.0,0.0,0.0,991.8369676903756
2026-08-10T06:00:00Z,2026-08-10T06:15:00Z,2026-08-10,2026-08-10_33,11.0,0,0,89,64.34782608695647,61.358695652173864,0.008303140096618356,0.0,0.0,True,False,True,False,494.7525,882.7349012444342,0.0,0.0,0.0,0.0,1377.4874012444343
2026-08-10T06:15:00Z,2026-08-10T06:30:00Z,2026-08-10,2026-08-10_34,10.530799542857132,0,0,89,61.358695652173864,58.497065341614864,0.007948973084886119,0.0,0.0,True,False,True,False,434.3954811428567,882.7349012444342,0.0,0.0,0.0,0.0,1317.1303823872909
2026-08-10T06:30:00Z,2026-08-10T06:45:00Z,2026-08-10,2026-08-10_35,0.0,0,0,89,58.497065341614864,58.497065341614864,0.0,0.0,0.0,True,False,True,False,0.0,882.7349012444342,0.0,0.0,0.0,0.0,882.7349012444342
2026-08-10T06:45:00Z,2026-08-10T07:00:00Z,2026-08-10,2026-08-10_36,0.0,0,0,89,58.497065341614864,58.497065341614864,0.0,0.0,0.0,True,False,True,False,0.0,882.7349012444342,0.0,0.0,0.0,0.0,882.7349012444342
2026-08-10T07:00:00Z,2026-08-10T07:15:00Z,2026-08-10,2026-08-10_37,0.0,100,100,0,58.497065341614864,74.63228819875772,0.044820063492063494,0.0,17.538285714285713,True,True,True,False,0.0,0.0,103.09396049777372,20.15070213494691,0.0,3904.295916363577,4027.5405789962974
2026-08-10T07:15:00Z,2026-08-10T07:30:00Z,2026-08-10,2026-08-10_38,0.0,100,100,0,74.63228819875772,77.15582608695648,0.007272077294685991,0.04342857142857143,2.794285714285714,True,True,True,False,0.0,0.0,103.09396049777372,20.15070213494691,6.886850531969838,-123.78408167925234,6.347431485438133
2026-08-10T07:30:00Z,2026-08-10T07:45:00Z,2026-08-10,2026-08-10_39,0.0,100,100,0,77.15582608695648,63.01296894409934,0.03928571428571428,13.01142857142857,0.0,True,True,True,False,0.0,0.0,103.09396049777372,20.15070213494691,3135.0080733286577,0.0,3258.252735961378
2026-08-10T07:45:00Z,2026-08-10T08:00:00Z,2026-08-10,2026-08-10_40,0.0,100,100,0,63.01296894409934,52.12973913043474,0.030231193926846096,10.012571428571428,0.0,True,True,True,False,0.0,0.0,103.09396049777372,20.15070213494691,1897.8618237567887,0.0,2021.1064863895094
2026-08-10T08:00:00Z,2026-08-10T08:15:00Z,2026-08-10,2026-08-10_41,0.0,27,27,73,52.12973913043474,49.67391304347822,0.006821739130434782,2.25936,0.0,True,True,True,False,0.0,724.0409864139741,21.46991665715264,5.995547436922023,383.1049816645736,0.0,1134.6114321726225
2026-08-10T08:15:00Z,2026-08-10T08:30:00Z,2026-08-10,2026-08-10_42,0.0,27,27,73,49.67391304347822,50.67664944099375,0.0027937639751552798,0.0013885714285714285,1.0915714285714286,True,True,True,False,0.0,724.0409864139741,21.46991665715264,5.995547436922023,0.18495262016211894,-24.074847340694472,727.6165557875164
2026-08-10T08:30:00Z,2026-08-10T08:45:00Z,2026-08-10,2026-08-10_43,0.0,27,27,73,50.67664944099375,53.22140098385089,0.0070687542857142864,0.0,2.766034285714286,True,True,True,False,0.0,724.0409864139741,21.46991665715264,5.995547436922023,0.0,-20.938154270709312,730.5682962373395
2026-08-10T08:45:00Z,2026-08-10T09:00:00Z,2026-08-10,2026-08-10_44,0.0,27,27,73,53.22140098385089,56.56798772670803,0.009296074285714285,0.0,3.6375942857142856,True,True,True,False,0.0,724.0409864139741,21.46991665715264,5.995547436922023,0.0,-42.02399426549019,709.4824562425586
2026-08-10T09:00:00Z,2026-08-10T09:15:00Z,2026-08-10,2026-08-10_45,-70.0,70,0,30,56.56798772670803,72.66798772670803,0.04472222222222222,0.0,0.0,True,True,True,False,-1797.6,297.5510903071127,56.282109829889265,0.0,0.0,0.0,-1443.766799862998
2026-08-10T09:15:00Z,2026-08-10T09:30:00Z,2026-08-10,2026-08-10_46,-70.0,70,0,30,72.66798772670803,88.76725172670803,0.04472017777777778,0.0008,0.0,True,True,True,False,-1585.325,297.5510903071127,56.282109829889265,0.0,0.106557065113978,0.0,-1231.385242797884
2026-08-10T09:30:00Z,2026-08-10T09:45:00Z,2026-08-10,2026-08-10_47,-69.99999999999993,70,0,30,88.76725172670803,104.766787726708,0.04444315555555551,0.10920000000000002,0.0,True,True,True,False,-1297.4499999999987,297.5510903071127,56.282109829889265,0.0,14.545039388058,0.0,-929.0717604749387
2026-08-10T09:45:00Z,2026-08-10T10:00:00Z,2026-08-10,2026-08-10_48,-70.0,70,0,30,104.766787726708,120.866787726708,0.044722222222222226,0.0,0.0,True,True,True,False,-1120.1750000000002,297.5510903071127,56.282109829889265,0.0,0.0,0.0,-766.3417998629982
2026-08-10T10:00:00Z,2026-08-10T10:15:00Z,2026-08-10,2026-08-10_49,0.0,11,11,89,120.866787726708,121.78996304099371,0.0025643758730158734,0.0,1.0034514285714287,True,True,True,False,0.0,882.7349012444342,8.844331544696884,6.250998972485443,0.0,-30.87741138094695,866.9528203806697
2026-08-10T10:15:00Z,2026-08-10T10:30:00Z,2026-08-10,2026-08-10_50,-8.399078534120749e-14,11,11,89,121.78996304099371,123.00679184099374,0.0033800800000000544,0.0,1.3226400000000003,True,True,True,False,-1.985962119392851e-12,882.7349012444342,8.844331544696884,6.250998972485443,0.0,-37.76321675990411,860.0670150017105
2026-08-10T10:30:00Z,2026-08-10T10:45:00Z,2026-08-10,2026-08-10_51,0.0,11,11,89,123.00679184099374,123.56535309316766,0.0015580117598343686,0.0010685714285714287,0.6083942857142857,True,True,True,False,0.0,882.7349012444342,8.844331544696884,6.250998972485443,0.14232979411652777,-26.62098343907491,871.3515781166582
2026-08-10T10:45:00Z,2026-08-10T11:00:00Z,2026-08-10,2026-08-10_52,3.746048138805867e-14,11,11,89,123.56535309316766,124.34420436273288,0.002169169330572821,0.0009428571428571429,0.8476914285714285,True,True,True,False,8.682403073717298e-13,882.7349012444342,8.844331544696884,6.250998972485443,0.1255851124557598,-24.928618676843957,873.0271981972293
2026-08-10T11:00:00Z,2026-08-10T11:15:00Z,2026-08-10,2026-08-10_53,-11.0,11,0,89,124.34420436273288,126.87420436273288,0.007027777777777779,0.0,0.0,True,True,True,False,-251.13,882.7349012444342,8.790957871903185,0.0,0.0,0.0,640.3958591163374
2026-08-10T11:15:00Z,2026-08-10T11:30:00Z,2026-08-10,2026-08-10_54,-11.0,11,0,89,126.87420436273288,129.40420436273288,0.007027777777777778,0.0,0.0,True,True,True,False,-243.2375,882.7349012444342,8.790957871903185,0.0,0.0,0.0,648.2883591163375
2026-08-10T11:30:00Z,2026-08-10T11:45:00Z,2026-08-10,2026-08-10_55,-11.0,11,0,89,129.40420436273288,131.92853716273288,0.007012035555555555,0.0061600000000000005,0.0,True,True,True,False,-223.2175,882.7349012444342,8.790957871903185,0.0,0.8204894013776307,0.0,669.128848517715
2026-08-10T11:45:00Z,2026-08-10T12:00:00Z,2026-08-10,2026-08-10_56,-11.0,11,0,89,131.92853716273288,134.4266157913043,0.006939107301587302,0.03469714285714286,0.0,True,True,True,False,-235.07000000000002,882.7349012444342,8.790957871903185,0.0,4.62153213837196,0.0,661.0773912547094
2026-08-10T12:00:00Z,2026-08-10T12:15:00Z,2026-08-10,2026-08-10_57,-11.0,11,0,89,134.4266157913043,136.94181167701856,0.006986655238095237,0.016091428571428572,0.0,True,True,True,False,-267.355,882.7349012444342,8.615138714465122,0.0,2.1433192525783005,0.0,626.1383592114777
2026-08-10T12:15:00Z,2026-08-10T12:30:00Z,2026-08-10,2026-08-10_58,-11.0,11,0,89,136.94181167701856,139.46093990559,0.006997578412698414,0.011817142857142856,0.0,True,True,True,False,-272.22249999999997,882.7349012444342,8.615138714465122,0.0,1.574000076112189,0.0,620.7015400350116
2026-08-10T12:30:00Z,2026-08-10T12:45:00Z,2026-08-10,2026-08-10_59,-11.0,11,0,89,139.46093990559,141.58463636273285,0.0058991568253968256,0.4416342857142857,0.0,True,True,True,False,-306.3775,882.7349012444342,8.615138714465122,0.0,62.66216895601259,0.0,647.6347089149119
2026-08-10T12:45:00Z,2026-08-10T13:00:00Z,2026-08-10,2026-08-10_60,-11.0,11,0,89,141.58463636273285,143.85943887701856,0.006318895873015874,0.27738857142857143,0.0,True,True,True,False,-333.0525,882.7349012444342,8.615138714465122,0.0,38.16291211977884,0.0,596.4604520786781
2026-08-10T13:00:00Z,2026-08-10T13:15:00Z,2026-08-10,2026-08-10_61,-11.0,0,0,89,143.85943887701856,146.38943887701856,0.007027777777777778,0.0,0.0,True,True,True,False,-175.7525,882.7349012444342,0.0,0.0,0.0,0.0,706.9824012444342
2026-08-10T13:15:00Z,2026-08-10T13:30:00Z,2026-08-10,2026-08-10_62,-11.0,0,0,89,146.38943887701856,148.91943887701856,0.007027777777777777,0.0,0.0,True,True,True,False,-189.6675,882.7349012444342,0.0,0.0,0.0,0.0,693.0674012444342
2026-08-10T13:30:00Z,2026-08-10T13:45:00Z,2026-08-10,2026-08-10_63,0.0,0,0,89,148.91943887701856,148.91943887701856,0.0,0.0,0.0,True,True,True,False,0.0,882.7349012444342,0.0,0.0,0.0,0.0,882.7349012444342
2026-08-10T13:45:00Z,2026-08-10T14:00:00Z,2026-08-10,2026-08-10_64,10.999999999999993,0,0,89,148.91943887701856,145.93030844223594,0.008303140096618351,0.0,0.0,True,True,True,False,450.28499999999974,882.7349012444342,0.0,0.0,0.0,0.0,1333.019901244434
2026-08-10T14:00:00Z,2026-08-10T14:15:00Z,2026-08-10,2026-08-10_65,-11.00000000000006,2,0,89,145.93030844223594,148.4602768993788,0.007027690158730197,3.4285714285714284e-05,0.0,True,True,True,False,-261.6350000000014,882.7349012444342,1.6211896335198082,0.0,0.0052191215566030034,0.0,622.7263099995092
2026-08-10T14:15:00Z,2026-08-10T14:30:00Z,2026-08-10,2026-08-10_66,-2.3030900783147032,2,0,89,148.4602768993788,148.98985093167693,0.0014710389786058223,0.00014857142857142857,0.0,True,True,True,False,-71.0503289160086,882.7349012444342,1.6211896335198082,0.0,0.022616193411946352,0.0,813.3283781553574
2026-08-10T14:30:00Z,2026-08-10T14:45:00Z,2026-08-10,2026-08-10_67,9.0,2,0,89,148.98985093167693,146.5410186335403,0.00680231193926846,0.002925714285714286,0.0,True,True,True,False,382.65749999999997,882.7349012444342,1.6211896335198082,0.0,0.4550528425184437,0.0,1267.4686437204725
2026-08-10T14:45:00Z,2026-08-10T15:00:00Z,2026-08-10,2026-08-10_68,9.0,2,0,89,146.5410186335403,143.99999999999991,0.007058385093167703,0.08773714285714285,0.0,True,True,True,False,410.445,882.7349012444342,1.6211896335198082,0.0,19.04113364539331,0.0,1313.8422245233473
2026-08-10T15:00:00Z,2026-08-10T15:15:00Z,2026-08-10,2026-08-10_69,0.0,0,0,100,143.99999999999991,143.99999999999991,0.0,0.0,0.0,True,False,True,False,0.0,991.8369676903756,0.0,0.0,0.0,0.0,991.8369676903756
2026-08-10T15:15:00Z,2026-08-10T15:30:00Z,2026-08-10,2026-08-10_70,0.0,0,0,100,143.99999999999991,143.99999999999991,0.0,0.0,0.0,True,False,True,False,0.0,991.8369676903756,0.0,0.0,0.0,0.0,991.8369676903756
2026-08-10T15:30:00Z,2026-08-10T15:45:00Z,2026-08-10,2026-08-10_71,0.0,0,0,100,143.99999999999991,143.99999999999991,0.0,0.0,0.0,True,False,True,False,0.0,991.8369676903756,0.0,0.0,0.0,0.0,991.8369676903756
2026-08-10T15:45:00Z,2026-08-10T16:00:00Z,2026-08-10,2026-08-10_72,0.0,0,0,100,143.99999999999991,143.99999999999991,0.0,0.0,0.0,True,False,True,False,0.0,991.8369676903756,0.0,0.0,0.0,0.0,991.8369676903756
2026-08-10T16:00:00Z,2026-08-10T16:15:00Z,2026-08-10,2026-08-10_73,-100.0,100,0,0,143.99999999999991,156.72701714285705,0.035352825396825396,11.166285714285715,0.0,True,True,True,False,-5151.0,0.0,103.92168055714122,0.0,3877.4615870478806,0.0,-1169.6167323949783
2026-08-10T16:15:00Z,2026-08-10T16:30:00Z,2026-08-10,2026-08-10_74,3.668563037891822e-14,100,0,0,156.72701714285705,151.0586941614906,0.015745341614906858,5.214857142857142,0.0,True,True,True,False,2.1249234256228906e-12,0.0,103.92168055714122,0.0,1413.001632280267,0.0,1516.9233128374103
2026-08-10T16:30:00Z,2026-08-10T16:45:00Z,2026-08-10,2026-08-10_75,-100.0,100,0,0,151.0586941614906,161.97199701863346,0.03031473015873016,13.137714285714285,0.0,True,True,True,False,-5450.25,0.0,103.92168055714122,0.0,4351.757238758501,0.0,-994.5710806843573
2026-08-10T16:45:00Z,2026-08-10T17:00:00Z,2026-08-10,2026-08-10_76,-39.337423460292364,100,0,0,161.97199701863346,151.8142857142856,0.04067111702364518,18.805142857142858,0.0,True,True,True,False,-2360.7371254107957,0.0,103.92168055714122,0.0,9559.871363876067,0.0,7303.055919022413
2026-08-10T17:00:00Z,2026-08-10T17:15:00Z,2026-08-10,2026-08-10_77,0.0,100,100,0,151.8142857142856,129.4062111801241,0.062244651483781915,20.61542857142857,0.0,True,True,True,False,0.0,0.0,94.53133919397192,21.891768466719945,11894.808866743866,0.0,12011.231974404558
2026-08-10T17:15:00Z,2026-08-10T17:30:00Z,2026-08-10,2026-08-10_78,0.0,100,100,0,129.4062111801241,110.49751552795018,0.052524154589371985,17.396,0.0,True,True,True,False,0.0,0.0,94.53133919397192,21.891768466719945,9472.872404003503,0.0,9589.295511664195
2026-08-10T17:30:00Z,2026-08-10T17:45:00Z,2026-08-10,2026-08-10_79,0.0,100,100,0,110.49751552795018,89.44596273291913,0.05847653554175294,19.367428571428572,0.0,True,True,True,False,0.0,0.0,94.53133919397192,21.891768466719945,11834.702457662597,0.0,11951.12556532329
2026-08-10T17:45:00Z,2026-08-10T18:00:00Z,2026-08-10,2026-08-10_80,0.0,100,100,0,89.44596273291913,64.34782608695639,0.06971704623878537,23.090285714285717,0.0,True,True,True,False,0.0,0.0,94.53133919397192,21.891768466719945,14555.88694251899,0.0,14672.310050179682
2026-08-10T18:00:00Z,2026-08-10T18:15:00Z,2026-08-10,2026-08-10_81,0.0,0,0,100,64.34782608695639,64.34782608695639,0.0,0.0,0.0,True,False,True,False,0.0,991.8369676903756,0.0,0.0,0.0,0.0,991.8369676903756
2026-08-10T18:15:00Z,2026-08-10T18:30:00Z,2026-08-10,2026-08-10_82,0.0,0,0,100,64.34782608695639,64.34782608695639,0.0,0.0,0.0,True,False,True,False,0.0,991.8369676903756,0.0,0.0,0.0,0.0,991.8369676903756
2026-08-10T18:30:00Z,2026-08-10T18:45:00Z,2026-08-10,2026-08-10_83,0.0,0,0,100,64.34782608695639,64.34782608695639,0.0,0.0,0.0,True,False,True,False,0.0,991.8369676903756,0.0,0.0,0.0,0.0,991.8369676903756
2026-08-10T18:45:00Z,2026-08-10T19:00:00Z,2026-08-10,2026-08-10_84,0.0,0,0,100,64.34782608695639,64.34782608695639,0.0,0.0,0.0,True,False,True,False,0.0,991.8369676903756,0.0,0.0,0.0,0.0,991.8369676903756
2026-08-10T19:00:00Z,2026-08-10T19:15:00Z,2026-08-10,2026-08-10_85,0.0,0,0,100,64.34782608695639,64.34782608695639,0.0,0.0,0.0,True,True,True,False,0.0,991.8369676903756,0.0,0.0,0.0,0.0,991.8369676903756
2026-08-10T19:15:00Z,2026-08-10T19:30:00Z,2026-08-10,2026-08-10_86,0.0,0,0,100,64.34782608695639,64.34782608695639,0.0,0.0,0.0,True,True,True,False,0.0,991.8369676903756,0.0,0.0,0.0,0.0,991.8369676903756
2026-08-10T19:30:00Z,2026-08-10T19:45:00Z,2026-08-10,2026-08-10_87,0.0,0,0,100,64.34782608695639,64.34782608695639,0.0,0.0,0.0,True,True,True,False,0.0,991.8369676903756,0.0,0.0,0.0,0.0,991.8369676903756
2026-08-10T19:45:00Z,2026-08-10T20:00:00Z,2026-08-10,2026-08-10_88,0.0,0,0,100,64.34782608695639,64.34782608695639,0.0,0.0,0.0,True,True,True,False,0.0,991.8369676903756,0.0,0.0,0.0,0.0,991.8369676903756
2026-08-10T20:00:00Z,2026-08-10T20:15:00Z,2026-08-10,2026-08-10_89,0.0,0,0,100,64.34782608695639,64.34782608695639,0.0,0.0,0.0,True,True,True,False,0.0,991.8369676903756,0.0,0.0,0.0,0.0,991.8369676903756
2026-08-10T20:15:00Z,2026-08-10T20:30:00Z,2026-08-10,2026-08-10_90,0.0,0,0,100,64.34782608695639,64.34782608695639,0.0,0.0,0.0,True,True,True,False,0.0,991.8369676903756,0.0,0.0,0.0,0.0,991.8369676903756
2026-08-10T20:30:00Z,2026-08-10T20:45:00Z,2026-08-10,2026-08-10_91,0.0,0,0,100,64.34782608695639,64.34782608695639,0.0,0.0,0.0,True,True,True,False,0.0,991.8369676903756,0.0,0.0,0.0,0.0,991.8369676903756
2026-08-10T20:45:00Z,2026-08-10T21:00:00Z,2026-08-10,2026-08-10_92,0.0,0,0,100,64.34782608695639,64.34782608695639,0.0,0.0,0.0,True,True,True,False,0.0,991.8369676903756,0.0,0.0,0.0,0.0,991.8369676903756
2026-08-10T21:00:00Z,2026-08-10T21:15:00Z,2026-08-11,2026-08-10_93,-3.258729182990608e-13,0,0,100,64.34782608695639,64.34782608695647,2.0819658669106659e-16,0.0,0.0,True,True,True,False,-1.7204460721598913e-11,994.8278494541566,0.0,0.0,0.0,0.0,994.8278494541395
2026-08-10T21:15:00Z,2026-08-10T21:30:00Z,2026-08-11,2026-08-10_94,-2.2451327679875462e-13,0,0,100,64.34782608695647,64.34782608695653,1.434390379547599e-16,0.0,0.0,True,True,True,False,-9.92797710004093e-12,994.8278494541566,0.0,0.0,0.0,0.0,994.8278494541468
2026-08-10T21:30:00Z,2026-08-10T21:45:00Z,2026-08-11,2026-08-10_95,2.2448709557920665e-13,0,0,100,64.34782608695653,64.34782608695647,1.6944980040700983e-16,0.0,0.0,True,True,True,False,1.1737307792358819e-11,994.8278494541566,0.0,0.0,0.0,0.0,994.8278494541684
2026-08-10T21:45:00Z,2026-08-10T22:00:00Z,2026-08-11,2026-08-10_96,-2.2448709557920665e-13,0,0,100,64.34782608695647,64.34782608695653,1.4342231106449312e-16,0.0,0.0,True,True,True,False,-1.0268039751792912e-11,994.8278494541566,0.0,0.0,0.0,0.0,994.8278494541464
2026-08-10T22:00:00Z,2026-08-10T22:15:00Z,2026-08-11,2026-08-11_1,0.0,0,0,100,64.34782608695653,64.34782608695653,0.0,0.0,0.0,True,True,True,False,0.0,994.8278494541566,0.0,0.0,0.0,0.0,994.8278494541566
2026-08-10T22:15:00Z,2026-08-10T22:30:00Z,2026-08-11,2026-08-11_2,0.0,0,0,100,64.34782608695653,64.34782608695653,0.0,0.0,0.0,True,True,True,False,0.0,994.8278494541566,0.0,0.0,0.0,0.0,994.8278494541566
2026-08-10T22:30:00Z,2026-08-10T22:45:00Z,2026-08-11,2026-08-11_3,0.0,0,0,100,64.34782608695653,64.34782608695653,0.0,0.0,0.0,True,True,True,False,0.0,994.8278494541566,0.0,0.0,0.0,0.0,994.8278494541566
2026-08-10T22:45:00Z,2026-08-10T23:00:00Z,2026-08-11,2026-08-11_4,0.0,0,0,100,64.34782608695653,64.34782608695653,0.0,0.0,0.0,True,True,True,False,0.0,994.8278494541566,0.0,0.0,0.0,0.0,994.8278494541566
2026-08-10T23:00:00Z,2026-08-10T23:15:00Z,2026-08-11,2026-08-11_5,0.0,0,0,100,64.34782608695653,64.34782608695653,0.0,0.0,0.0,True,True,True,False,0.0,994.8278494541566,0.0,0.0,0.0,0.0,994.8278494541566
2026-08-10T23:15:00Z,2026-08-10T23:30:00Z,2026-08-11,2026-08-11_6,0.0,0,0,100,64.34782608695653,64.34782608695653,0.0,0.0,0.0,True,True,True,False,0.0,994.8278494541566,0.0,0.0,0.0,0.0,994.8278494541566
2026-08-10T23:30:00Z,2026-08-10T23:45:00Z,2026-08-11,2026-08-11_7,0.0,0,0,100,64.34782608695653,64.34782608695653,0.0,0.0,0.0,True,True,True,False,0.0,994.8278494541566,0.0,0.0,0.0,0.0,994.8278494541566
2026-08-10T23:45:00Z,2026-08-11T00:00:00Z,2026-08-11,2026-08-11_8,0.0,0,0,100,64.34782608695653,64.34782608695653,0.0,0.0,0.0,True,True,True,False,0.0,994.8278494541566,0.0,0.0,0.0,0.0,994.8278494541566
2026-08-11T00:00:00Z,2026-08-11T00:15:00Z,2026-08-11,2026-08-11_9,0.0,0,0,100,64.34782608695653,64.34782608695653,0.0,0.0,0.0,True,True,True,False,0.0,994.8278494541566,0.0,0.0,0.0,0.0,994.8278494541566
2026-08-11T00:15:00Z,2026-08-11T00:30:00Z,2026-08-11,2026-08-11_10,0.0,0,0,100,64.34782608695653,64.34782608695653,0.0,0.0,0.0,True,True,True,False,0.0,994.8278494541566,0.0,0.0,0.0,0.0,994.8278494541566
2026-08-11T00:30:00Z,2026-08-11T00:45:00Z,2026-08-11,2026-08-11_11,0.0,0,0,100,64.34782608695653,64.34782608695653,0.0,0.0,0.0,True,True,True,False,0.0,994.8278494541566,0.0,0.0,0.0,0.0,994.8278494541566
2026-08-11T00:45:00Z,2026-08-11T01:00:00Z,2026-08-11,2026-08-11_12,0.0,0,0,100,64.34782608695653,64.34782608695653,0.0,0.0,0.0,True,True,True,False,0.0,994.8278494541566,0.0,0.0,0.0,0.0,994.8278494541566
2026-08-11T01:00:00Z,2026-08-11T01:15:00Z,2026-08-11,2026-08-11_13,0.0,0,0,100,64.34782608695653,64.34782608695653,0.0,0.0,0.0,True,True,True,False,0.0,994.8278494541566,0.0,0.0,0.0,0.0,994.8278494541566
2026-08-11T01:15:00Z,2026-08-11T01:30:00Z,2026-08-11,2026-08-11_14,0.0,0,0,100,64.34782608695653,64.34782608695653,0.0,0.0,0.0,True,True,True,False,0.0,994.8278494541566,0.0,0.0,0.0,0.0,994.8278494541566
2026-08-11T01:30:00Z,2026-08-11T01:45:00Z,2026-08-11,2026-08-11_15,0.0,0,0,100,64.34782608695653,64.34782608695653,0.0,0.0,0.0,True,True,True,False,0.0,994.8278494541566,0.0,0.0,0.0,0.0,994.8278494541566
2026-08-11T01:45:00Z,2026-08-11T02:00:00Z,2026-08-11,2026-08-11_16,0.0,0,0,100,64.34782608695653,64.34782608695653,0.0,0.0,0.0,True,True,True,False,0.0,994.8278494541566,0.0,0.0,0.0,0.0,994.8278494541566
2026-08-11T02:00:00Z,2026-08-11T02:15:00Z,2026-08-11,2026-08-11_17,0.0,0,0,100,64.34782608695653,64.34782608695653,0.0,0.0,0.0,True,True,True,False,0.0,994.8278494541566,0.0,0.0,0.0,0.0,994.8278494541566
2026-08-11T02:15:00Z,2026-08-11T02:30:00Z,2026-08-11,2026-08-11_18,0.0,0,0,100,64.34782608695653,64.34782608695653,0.0,0.0,0.0,True,True,True,False,0.0,994.8278494541566,0.0,0.0,0.0,0.0,994.8278494541566
2026-08-11T02:30:00Z,2026-08-11T02:45:00Z,2026-08-11,2026-08-11_19,0.0,0,0,100,64.34782608695653,64.34782608695653,0.0,0.0,0.0,True,True,True,False,0.0,994.8278494541566,0.0,0.0,0.0,0.0,994.8278494541566
2026-08-11T02:45:00Z,2026-08-11T03:00:00Z,2026-08-11,2026-08-11_20,0.0,0,0,100,64.34782608695653,64.34782608695653,0.0,0.0,0.0,True,True,True,False,0.0,994.8278494541566,0.0,0.0,0.0,0.0,994.8278494541566
2026-08-11T03:00:00Z,2026-08-11T03:15:00Z,2026-08-11,2026-08-11_21,0.0,0,0,100,64.34782608695653,64.34782608695653,0.0,0.0,0.0,True,True,True,False,0.0,994.8278494541566,0.0,0.0,0.0,0.0,994.8278494541566
2026-08-11T03:15:00Z,2026-08-11T03:30:00Z,2026-08-11,2026-08-11_22,0.0,0,0,100,64.34782608695653,64.34782608695653,0.0,0.0,0.0,True,True,True,False,0.0,994.8278494541566,0.0,0.0,0.0,0.0,994.8278494541566
2026-08-11T03:30:00Z,2026-08-11T03:45:00Z,2026-08-11,2026-08-11_23,0.0,0,0,100,64.34782608695653,64.34782608695653,0.0,0.0,0.0,True,True,True,False,0.0,994.8278494541566,0.0,0.0,0.0,0.0,994.8278494541566
2026-08-11T03:45:00Z,2026-08-11T04:00:00Z,2026-08-11,2026-08-11_24,0.0,0,0,100,64.34782608695653,64.34782608695653,0.0,0.0,0.0,True,True,True,False,0.0,994.8278494541566,0.0,0.0,0.0,0.0,994.8278494541566
2026-08-11T04:00:00Z,2026-08-11T04:15:00Z,2026-08-11,2026-08-11_25,0.0,0,0,100,64.34782608695653,64.34782608695653,0.0,0.0,0.0,True,True,True,False,0.0,994.8278494541566,0.0,0.0,0.0,0.0,994.8278494541566
2026-08-11T04:15:00Z,2026-08-11T04:30:00Z,2026-08-11,2026-08-11_26,0.0,0,0,100,64.34782608695653,64.34782608695653,0.0,0.0,0.0,True,True,True,False,0.0,994.8278494541566,0.0,0.0,0.0,0.0,994.8278494541566
2026-08-11T04:30:00Z,2026-08-11T04:45:00Z,2026-08-11,2026-08-11_27,0.0,0,0,100,64.34782608695653,64.34782608695653,0.0,0.0,0.0,True,True,True,False,0.0,994.8278494541566,0.0,0.0,0.0,0.0,994.8278494541566
2026-08-11T04:45:00Z,2026-08-11T05:00:00Z,2026-08-11,2026-08-11_28,0.0,0,0,100,64.34782608695653,64.34782608695653,0.0,0.0,0.0,True,True,True,False,0.0,994.8278494541566,0.0,0.0,0.0,0.0,994.8278494541566
2026-08-11T05:00:00Z,2026-08-11T05:15:00Z,2026-08-11,2026-08-11_29,0.0,0,0,100,64.34782608695653,64.34782608695653,0.0,0.0,0.0,True,True,True,False,0.0,994.8278494541566,0.0,0.0,0.0,0.0,994.8278494541566
2026-08-11T05:15:00Z,2026-08-11T05:30:00Z,2026-08-11,2026-08-11_30,0.0,0,0,100,64.34782608695653,64.34782608695653,0.0,0.0,0.0,True,True,True,False,0.0,994.8278494541566,0.0,0.0,0.0,0.0,994.8278494541566
2026-08-11T05:30:00Z,2026-08-11T05:45:00Z,2026-08-11,2026-08-11_31,0.0,0,0,100,64.34782608695653,64.34782608695653,0.0,0.0,0.0,True,True,True,False,0.0,994.8278494541566,0.0,0.0,0.0,0.0,994.8278494541566
2026-08-11T05:45:00Z,2026-08-11T06:00:00Z,2026-08-11,2026-08-11_32,0.0,0,0,100,64.34782608695653,64.34782608695653,0.0,0.0,0.0,True,True,True,False,0.0,994.8278494541566,0.0,0.0,0.0,0.0,994.8278494541566
2026-08-11T06:00:00Z,2026-08-11T06:15:00Z,2026-08-11,2026-08-11_33,11.0,0,11,89,64.34782608695653,61.51167080745343,0.007878209109730848,0.0,0.14073714285714284,True,True,True,False,453.41999999999996,885.3967860141994,0.0,0.9888159401481028,0.0,-8.564589503015497,1331.241012451332
2026-08-11T06:15:00Z,2026-08-11T06:30:00Z,2026-08-11,2026-08-11_34,11.0,0,11,89,61.51167080745343,58.7497142857143,0.007672101449275362,0.0,0.209,True,True,True,False,421.2725,885.3967860141994,0.0,0.9888159401481028,0.0,-10.35905412626918,1297.2990478280783
2026-08-11T06:30:00Z,2026-08-11T06:45:00Z,2026-08-11,2026-08-11_35,2.3849800091262665,0,11,89,58.7497142857143,58.36956521739131,0.0021776616466041674,0.0,0.2802171428571429,True,True,True,False,87.73745208573253,885.3967860141994,0.0,0.9888159401481028,0.0,-15.168712922469547,958.9543411176105
2026-08-11T06:45:00Z,2026-08-11T07:00:00Z,2026-08-11,2026-08-11_36,0.525859926684739,0,11,89,58.36956521739131,58.639996730434795,0.0014164894807443095,0.0,0.4454057142857143,True,True,True,False,16.396312514030164,885.3967860141994,0.0,0.9888159401481028,0.0,-22.482719655807966,880.2991948125697
2026-08-11T07:00:00Z,2026-08-11T07:15:00Z,2026-08-11,2026-08-11_37,1.0,11,12,88,58.639996730434795,58.22133540372673,0.001216278923395445,0.14494857142857143,0.011382857142857142,True,True,True,False,39.7925,875.4485075196578,11.450110695472937,2.0268722803267423,24.56595559093933,-0.6640557599816779,952.6198903264152
2026-08-11T07:15:00Z,2026-08-11T07:30:00Z,2026-08-11,2026-08-11_38,0.0,11,12,88,58.22133540372673,57.826086956521756,0.001097912353347136,0.36362857142857147,0.0,True,True,True,False,0.0,875.4485075196578,11.450110695472937,2.0268722803267423,62.53396799646647,0.0,951.459458491924
2026-08-11T07:30:00Z,2026-08-11T07:45:00Z,2026-08-11,2026-08-11_39,0.6387547411532395,11,12,88,57.826086956521756,57.94113396160782,0.0017801850874004273,0.10528571428571429,0.4339200000000001,True,True,True,False,17.98573662402234,875.4485075196578,11.450110695472937,2.0268722803267423,17.898430768979093,-17.526985815711125,907.2826720727478
2026-08-11T07:45:00Z,2026-08-11T08:00:00Z,2026-08-11,2026-08-11_40,0.0,11,12,88,57.94113396160782,59.05655247589353,0.003098384761904762,0.0,1.2124114285714285,True,True,True,False,0.0,875.4485075196578,11.450110695472937,2.0268722803267423,0.0,69.57250686966287,958.4979973651203
2026-08-11T08:00:00Z,2026-08-11T08:15:00Z,2026-08-11,2026-08-11_41,0.0,100,0,0,59.05655247589353,51.488850612539494,0.021021394064872325,6.962285714285714,0.0,True,True,True,False,0.0,0.0,76.46576074509504,0.0,1184.7193648370103,0.0,1261.1851255821052
2026-08-11T08:15:00Z,2026-08-11T08:30:00Z,2026-08-11,2026-08-11_42,-100.0,100,0,0,51.488850612539494,59.115913469682354,0.021186285714285717,16.709714285714288,0.0,True,True,True,False,-2066.75,0.0,76.46576074509504,0.0,3050.517862650366,0.0,1060.233623395461
2026-08-11T08:30:00Z,2026-08-11T08:45:00Z,2026-08-11,2026-08-11_43,-100.0,100,0,0,59.115913469682354,72.69511346968235,0.037720000000000004,10.24,0.0,True,True,True,False,-1298.0,0.0,76.46576074509504,0.0,1748.9339949614473,0.0,527.3997557065424
2026-08-11T08:45:00Z,2026-08-11T09:00:00Z,2026-08-11,2026-08-11_44,-100.0,100,0,0,72.69511346968235,95.05531918396807,0.062111682539682536,0.6954285714285715,0.0,True,True,True,False,-775.75,0.0,76.46576074509504,0.0,92.90785556149325,0.0,-606.3763836934118
2026-08-11T09:00:00Z,2026-08-11T09:15:00Z,2026-08-11,2026-08-11_45,-11.0,11,0,89,95.05531918396807,97.58531918396807,0.007027777777777779,0.0,0.0,True,True,True,False,-165.35750000000002,885.3967860141994,8.600179403007862,0.0,0.0,0.0,728.6394654172072
2026-08-11T09:15:00Z,2026-08-11T09:30:00Z,2026-08-11,2026-08-11_46,-11.0,11,0,89,97.58531918396807,100.10537266968235,0.0070001485714285714,0.01081142857142857,0.0,True,True,True,False,-197.2025,885.3967860141994,8.600179403007862,0.0,1.4443850675624093,0.0,698.2388504847697
2026-08-11T09:30:00Z,2026-08-11T09:45:00Z,2026-08-11,2026-08-11_47,-11.0,11,0,89,100.10537266968235,102.62993678396806,0.007012678095238095,0.005908571428571428,0.0,True,True,True,False,-218.21249999999998,885.3967860141994,8.600179403007862,0.0,0.7893732345980607,0.0,676.5738386518053
2026-08-11T09:45:00Z,2026-08-11T10:00:00Z,2026-08-11,2026-08-11_48,-11.0,11,0,89,102.62993678396806,105.1569875268252,0.007019585396825398,0.0032057142857142853,0.0,True,True,True,False,-207.4325,885.3967860141994,8.600179403007862,0.0,0.4282769677074585,0.0,686.9927423849147
2026-08-11T10:00:00Z,2026-08-11T10:15:00Z,2026-08-11,2026-08-11_49,-11.0,11,0,89,105.1569875268252,107.68496352682521,0.007022155555555556,0.0022,0.0,True,True,True,False,-215.27,885.3967860141994,8.600179403007862,0.0,0.2939155660737461,0.0,679.020880983281
2026-08-11T10:15:00Z,2026-08-11T10:30:00Z,2026-08-11,2026-08-11_50,-11.000000000000002,11,0,89,107.68496352682521,110.21051072682522,0.00701540888888889,0.0048400000000000006,0.0,True,True,True,False,-169.29000000000002,885.3967860141994,8.600179403007862,0.0,0.6466142453622414,0.0,725.3535796625695
2026-08-11T10:30:00Z,2026-08-11T10:45:00Z,2026-08-11,2026-08-11_51,-11.0,11,0,89,110.21051072682522,112.7366362125395,0.0070170152380952385,0.004211428571428572,0.0,True,True,True,False,-165.35750000000002,885.3967860141994,8.600179403007862,0.0,0.5626383693411711,0.0,729.2021037865484
2026-08-11T10:45:00Z,2026-08-11T11:00:00Z,2026-08-11,2026-08-11_52,-11.0,11,0,89,112.7366362125395,115.22419004111092,0.006909871746031748,0.04613714285714286,0.0,True,True,True,False,-174.68,885.3967860141994,8.600179403007862,0.0,6.163829299946561,0.0,725.4807947171538
2026-08-11T11:00:00Z,2026-08-11T11:15:00Z,2026-08-11,2026-08-11_53,-11.0,11,0,89,115.22419004111092,117.75419004111092,0.007027777777777779,0.0,0.0,True,True,True,False,-168.8775,885.3967860141994,8.57498664020154,0.0,0.0,0.0,725.0942726544009
2026-08-11T11:15:00Z,2026-08-11T11:30:00Z,2026-08-11,2026-08-11_54,-11.0,11,0,89,117.75419004111092,120.28419004111092,0.007027777777777779,0.0,0.0,True,True,True,False,-177.1275,885.3967860141994,8.57498664020154,0.0,0.0,0.0,716.8442726544009
2026-08-11T11:30:00Z,2026-08-11T11:45:00Z,2026-08-11,2026-08-11_55,-11.0,11,0,89,120.28419004111092,122.8141900411109,0.007027777777777778,0.0,0.0,True,True,True,False,-165.1925,885.3967860141994,8.57498664020154,0.0,0.0,0.0,728.779272654401
2026-08-11T11:45:00Z,2026-08-11T12:00:00Z,2026-08-11,2026-08-11_56,-11.0,11,0,89,122.8141900411109,125.3441900411109,0.007027777777777778,0.0,0.0,True,True,True,False,-151.14000000000001,885.3967860141994,8.57498664020154,0.0,0.0,0.0,742.8317726544009
2026-08-11T12:00:00Z,2026-08-11T12:15:00Z,2026-08-11,2026-08-11_57,0.0,100,100,0,125.3441900411109,144.2551843268252,0.05253053968253968,0.0,20.55542857142857,True,True,True,False,0.0,0.0,75.95045423314757,73.48843423162073,0.0,12044.784401862737,12194.223290327505
2026-08-11T12:15:00Z,2026-08-11T12:30:00Z,2026-08-11,2026-08-11_58,0.0,100,100,0,144.2551843268252,144.4725895442165,0.003312668046928916,0.44857142857142857,0.7662857142857142,True,True,True,False,0.0,0.0,75.95045423314757,73.48843423162073,59.928238796854714,-47.82221892619938,161.54490833542363
2026-08-11T12:30:00Z,2026-08-11T12:45:00Z,2026-08-11,2026-08-11_59,0.0,100,100,0,144.4725895442165,146.93925091067612,0.0070416231884057965,0.031428571428571424,2.718285714285714,True,True,True,False,0.0,0.0,75.95045423314757,73.48843423162073,4.198793801053514,-138.65249321104116,14.985189054780651
2026-08-11T12:45:00Z,2026-08-11T13:00:00Z,2026-08-11,2026-08-11_60,0.0,100,100,0,146.93925091067612,146.2934998547755,0.006750070393374742,1.4148571428571428,0.9697142857142858,True,True,True,False,0.0,0.0,75.95045423314757,73.48843423162073,195.70750308093312,-47.433567993194686,297.71282355250673
2026-08-11T13:00:00Z,2026-08-11T13:15:00Z,2026-08-11,2026-08-11_61,-11.0,10,0,89,146.2934998547755,148.82323699763262,0.0070270476190476185,0.00028571428571428574,0.0,True,True,True,False,-197.6975,885.3967860141994,9.275517215054583,0.0,0.03817085273685014,0.0,697.0129740819908
2026-08-11T13:15:00Z,2026-08-11T13:30:00Z,2026-08-11,2026-08-11_62,1.466599818003285e-14,10,0,89,148.82323699763262,148.8165910348997,1.846100759145344e-05,0.0061142857142857145,0.0,True,True,True,False,3.5909696543810436e-13,885.3967860141994,9.275517215054583,0.0,0.816856248568593,0.0,895.4891594778229
2026-08-11T13:30:00Z,2026-08-11T13:45:00Z,2026-08-11,2026-08-11_63,1.0,10,0,89,148.8165910348997,148.4404419665767,0.0010448585231193925,0.09605714285714285,0.0,True,True,True,False,29.945,885.3967860141994,9.275517215054583,0.0,12.833040690129016,0.0,937.450343919383
2026-08-11T13:45:00Z,2026-08-11T14:00:00Z,2026-08-11,2026-08-11_64,1.0,10,0,89,148.4404419665767,147.57994507216677,0.002390269151138716,0.5416571428571428,0.0,True,True,True,False,32.25,885.3967860141994,9.275517215054583,0.0,91.40758911803518,0.0,1018.3298923472892
2026-08-11T14:00:00Z,2026-08-11T14:15:00Z,2026-08-11,2026-08-11_65,-100.0,100,0,0,147.57994507216677,167.71427650073818,0.05592869841269842,3.1148571428571423,0.0,True,True,True,False,-2312.5,0.0,79.3285747003588,0.0,557.1014382777311,0.0,-1676.06998702191
2026-08-11T14:15:00Z,2026-08-11T14:30:00Z,2026-08-11,2026-08-11_66,-100.0,100,0,0,167.71427650073818,189.99930507216675,0.06190285714285714,0.7771428571428572,0.0,True,True,True,False,-2041.0,0.0,79.3285747003588,0.0,134.16512056536487,0.0,-1827.5063047342762
2026-08-11T14:30:00Z,2026-08-11T14:45:00Z,2026-08-11,2026-08-11_67,-26.43747191455865,100,0,0,189.99930507216675,189.99999999999994,0.025901118555773955,5.830285714285714,0.0,True,True,True,False,-859.0195561837969,0.0,79.3285747003588,0.0,1875.7850467320295,0.0,1096.0940652485915
2026-08-11T14:45:00Z,2026-08-11T15:00:00Z,2026-08-11,2026-08-11_68,-84.83659580594485,100,0,0,189.99999999999994,189.96543683521875,0.018837840213981837,20.677714285714284,0.0,True,True,True,False,-3602.373949409933,0.0,79.3285747003588,0.0,7802.285355915937,0.0,4279.239981206362
2026-08-11T15:00:00Z,2026-08-11T15:15:00Z,2026-08-11,2026-08-11_69,-14.835497142197617,100,26,0,189.96543683521875,189.99999999999997,0.01655585628955959,3.200571428571428,0.02392,True,True,True,False,-610.0727312300215,0.0,103.66249332010077,4.443659821360408,910.2613038072698,-1.9173982746774563,406.37732744403195
2026-08-11T15:15:00Z,2026-08-11T15:30:00Z,2026-08-11,2026-08-11_70,-26.71036012671639,100,26,0,189.99999999999997,189.99999999999997,0.02608382835241708,5.893714285714285,0.0,True,True,True,False,-1145.4737940342325,0.0,103.66249332010077,4.443659821360408,1734.3893178323315,0.0,697.0216769395602
2026-08-11T15:30:00Z,2026-08-11T15:45:00Z,2026-08-11,2026-08-11_71,-28.179592243703002,100,26,0,189.99999999999997,189.99999999999997,0.02703054476873469,6.232571428571428,0.0,True,True,True,False,-1340.1509581299053,0.0,103.66249332010077,4.443659821360408,2218.191631858484,0.0,986.1468268700398
2026-08-11T15:45:00Z,2026-08-11T16:00:00Z,2026-08-11,2026-08-11_72,-73.43476980864102,100,26,0,189.99999999999997,189.9570713043479,0.028048331032439103,17.558857142857143,0.0,True,True,True,False,-3780.6055366733617,0.0,103.66249332010077,4.443659821360408,7004.9102810465365,0.0,3332.410897514636
2026-08-11T16:00:00Z,2026-08-11T16:15:00Z,2026-08-11,2026-08-11_73,3.2823985075874196e-14,100,100,0,189.9570713043479,186.00551850931683,0.010976535541752958,3.6354285714285712,0.0,True,True,True,False,1.6305314586440505e-12,0.0,104.09191541339032,17.749446522635314,1242.9091503168179,0.0,1364.750512252845
2026-08-11T16:15:00Z,2026-08-11T16:30:00Z,2026-08-11,2026-08-11_74,0.0,100,100,0,186.00551850931683,176.80862409937893,0.02554692891649413,8.461142857142857,0.0,True,True,True,False,0.0,0.0,104.09191541339032,17.749446522635314,3655.265066362754,0.0,3777.10642829878
2026-08-11T16:30:00Z,2026-08-11T16:45:00Z,2026-08-11,2026-08-11_75,0.0,100,100,0,176.80862409937893,155.51483527950316,0.059149413388543834,19.590285714285717,0.0,True,True,True,False,0.0,0.0,104.09191541339032,17.749446522635314,11529.022977326513,0.0,11650.864339262538
2026-08-11T16:45:00Z,2026-08-11T17:00:00Z,2026-08-11,2026-08-11_76,0.0,100,100,0,155.51483527950316,128.9185619875777,0.07387853692201518,24.46857142857143,0.0,True,True,True,False,0.0,0.0,104.09191541339032,17.749446522635314,18523.707002715582,0.0,18645.548364651608
2026-08-11T17:00:00Z,2026-08-11T17:15:00Z,2026-08-11,2026-08-11_77,-100.0,100,0,0,128.9185619875777,137.89565913043484,0.024936380952380953,15.242285714285714,0.0,True,True,True,False,-4944.25,0.0,95.3889609893885,0.0,7069.012904147536,0.0,2220.1518651369242
2026-08-11T17:15:00Z,2026-08-11T17:30:00Z,2026-08-11,2026-08-11_78,0.0,100,0,0,137.89565913043484,129.5807522981367,0.02309696342305038,7.649714285714286,0.0,True,True,True,False,0.0,0.0,95.3889609893885,0.0,3336.274639285442,0.0,3431.6636002748305
2026-08-11T17:30:00Z,2026-08-11T17:45:00Z,2026-08-11,2026-08-11_79,0.0,100,0,0,129.5807522981367,120.74783304347832,0.024535886818495514,8.126285714285714,0.0,True,True,True,False,0.0,0.0,95.3889609893885,0.0,3367.7774757069787,0.0,3463.1664366963673
2026-08-11T17:45:00Z,2026-08-11T18:00:00Z,2026-08-11,2026-08-11_80,0.0,100,0,0,120.74783304347832,100.63541068322988,0.05586783988957901,18.50342857142857,0.0,True,True,True,False,0.0,0.0,95.3889609893885,0.0,9036.63788478946,0.0,9132.026845778848
2026-08-11T18:00:00Z,2026-08-11T18:15:00Z,2026-08-11,2026-08-11_81,0.0,100,100,0,100.63541068322988,85.36460322981372,0.042418909592822636,14.049142857142858,0.0,True,True,True,False,0.0,0.0,103.86289029696923,17.749446522635314,8519.937997884244,0.0,8641.550334703848
2026-08-11T18:15:00Z,2026-08-11T18:30:00Z,2026-08-11,2026-08-11_82,0.0,100,100,0,85.36460322981372,72.86895105590068,0.03471014492753623,11.495999999999999,0.0,True,True,True,False,0.0,0.0,103.86289029696923,17.749446522635314,4249.063862890296,0.0,4370.676199709901
2026-08-11T18:30:00Z,2026-08-11T18:45:00Z,2026-08-11,2026-08-11_83,0.0,100,100,0,72.86895105590068,63.97888894409944,0.024694616977225674,8.178857142857144,0.0,True,True,True,False,0.0,0.0,103.86289029696923,17.749446522635314,2954.2788758138577,0.0,3075.891212633462
2026-08-11T18:45:00Z,2026-08-11T19:00:00Z,2026-08-11,2026-08-11_84,-2.7514222784188663e-14,100,100,0,63.97888894409944,58.263360993788886,0.01587646652864045,5.258285714285714,0.0,True,True,True,False,-1.7507299957579247e-12,0.0,103.86289029696923,17.749446522635314,1668.9838598366287,0.0,1790.5961966562315
2026-08-11T19:00:00Z,2026-08-11T19:15:00Z,2026-08-11,2026-08-11_85,0.0,100,0,0,58.263360993788886,31.8024914285715,0.07350241545893718,24.343999999999998,0.0,True,True,True,False,0.0,0.0,95.3889609893885,0.0,26696.753097182987,0.0,26792.142058172376
2026-08-11T19:15:00Z,2026-08-11T19:30:00Z,2026-08-11,2026-08-11_86,0.0,100,0,0,31.8024914285715,18.554665341614978,0.03679951690821256,12.188,0.0,True,True,True,False,0.0,0.0,95.3889609893885,0.0,4522.921300862661,0.0,4618.31026185205
2026-08-11T19:30:00Z,2026-08-11T19:45:00Z,2026-08-11,2026-08-11_87,-1.0119848799529917e-14,100,0,0,18.554665341614978,15.151559751552869,0.00945307108350587,3.130857142857143,0.0,True,True,True,False,-5.230949844477014e-13,0.0,95.3889609893885,0.0,878.0125434875072,0.0,973.4015044768952
2026-08-11T19:45:00Z,2026-08-11T20:00:00Z,2026-08-11,2026-08-11_88,-100.0,100,0,0,15.151559751552869,37.30621118012429,0.061540698412698415,0.9188571428571429,0.0,True,True,True,False,-4485.75,0.0,95.3889609893885,0.0,242.3942547413652,0.0,-4147.966784269246
2026-08-11T20:00:00Z,2026-08-11T20:15:00Z,2026-08-11,2026-08-11_89,0.0,100,100,0,37.30621118012429,29.985714285714355,0.02033471359558316,6.734857142857143,0.0,True,True,True,False,0.0,0.0,104.06328727383769,17.749446522635314,2340.0222324495876,0.0,2461.8349662460605
2026-08-11T20:15:00Z,2026-08-11T20:30:00Z,2026-08-11,2026-08-11_90,0.0,100,100,0,29.985714285714355,21.312422360248515,0.024092477570738444,7.979428571428572,0.0,True,True,True,False,0.0,0.0,104.06328727383769,17.749446522635314,2748.226006783506,0.0,2870.038740579979
2026-08-11T20:30:00Z,2026-08-11T20:45:00Z,2026-08-11,2026-08-11_91,0.0,100,100,0,21.312422360248515,15.270807453416218,0.016782263630089715,5.558285714285714,0.0,True,True,True,False,0.0,0.0,104.06328727383769,17.749446522635314,1797.992344890013,0.0,1919.805078686486
2026-08-11T20:45:00Z,2026-08-11T21:00:00Z,2026-08-11,2026-08-11_92,-2.4886133338465672e-15,100,100,0,15.270807453416218,10.000000000000068,0.014641131815044861,4.849142857142858,0.0,True,True,True,False,-1.1992005502473146e-13,0.0,104.06328727383769,17.749446522635314,1556.7630996913613,0.0,1678.5758334878342
2026-08-11T21:00:00Z,2026-08-11T21:15:00Z,2026-08-12,2026-08-11_93,-99.9999999999991,100,0,0,10.000000000000068,24.67636571428556,0.040767682539682416,9.047428571428572,0.0,True,True,True,False,-4833.749999999956,0.0,103.57851365786664,0.0,2490.491792962874,0.0,-2239.6796933792157
2026-08-11T21:15:00Z,2026-08-11T21:30:00Z,2026-08-12,2026-08-11_94,-100.0,100,0,0,24.67636571428556,35.7253028571427,0.030691492063492067,12.990285714285715,0.0,True,True,True,False,-4537.5,0.0,103.57851365786664,0.0,3756.4757335789495,0.0,-677.4457527631838
2026-08-11T21:30:00Z,2026-08-11T21:45:00Z,2026-08-12,2026-08-11_95,-99.99999999999987,100,0,0,35.7253028571427,50.263405714285526,0.04038361904761903,9.197714285714286,0.0,True,True,True,False,-4357.4999999999945,0.0,103.57851365786664,0.0,2521.0727126070938,0.0,-1732.8487737350342
2026-08-11T21:45:00Z,2026-08-11T22:00:00Z,2026-08-12,2026-08-11_96,-81.03361937780946,100,0,0,50.263405714285526,64.3478260869565,0.04460322101275412,4.784571428571429,0.0,True,True,True,False,-3533.4709729693814,0.0,103.57851365786664,0.0,1276.786213511805,0.0,-2153.1062457997095
2026-08-11T22:00:00Z,2026-08-11T22:15:00Z,2026-08-12,2026-08-12_1,0.0,0,0,100,64.3478260869565,64.3478260869565,0.0,0.0,0.0,True,True,True,False,0.0,994.2965054173662,0.0,0.0,0.0,0.0,994.2965054173662
2026-08-11T22:15:00Z,2026-08-11T22:30:00Z,2026-08-12,2026-08-12_2,0.0,0,0,100,64.3478260869565,64.3478260869565,0.0,0.0,0.0,True,True,True,False,0.0,994.2965054173662,0.0,0.0,0.0,0.0,994.2965054173662
2026-08-11T22:30:00Z,2026-08-11T22:45:00Z,2026-08-12,2026-08-12_3,0.0,0,0,100,64.3478260869565,64.3478260869565,0.0,0.0,0.0,True,True,True,False,0.0,994.2965054173662,0.0,0.0,0.0,0.0,994.2965054173662
2026-08-11T22:45:00Z,2026-08-11T23:00:00Z,2026-08-12,2026-08-12_4,0.0,0,0,100,64.3478260869565,64.3478260869565,0.0,0.0,0.0,True,True,True,False,0.0,994.2965054173662,0.0,0.0,0.0,0.0,994.2965054173662
2026-08-11T23:00:00Z,2026-08-11T23:15:00Z,2026-08-12,2026-08-12_5,0.0,0,0,100,64.3478260869565,64.3478260869565,0.0,0.0,0.0,True,True,True,False,0.0,994.2965054173662,0.0,0.0,0.0,0.0,994.2965054173662
2026-08-11T23:15:00Z,2026-08-11T23:30:00Z,2026-08-12,2026-08-12_6,0.0,0,0,100,64.3478260869565,64.3478260869565,0.0,0.0,0.0,True,True,True,False,0.0,994.2965054173662,0.0,0.0,0.0,0.0,994.2965054173662
2026-08-11T23:30:00Z,2026-08-11T23:45:00Z,2026-08-12,2026-08-12_7,0.0,0,0,100,64.3478260869565,64.3478260869565,0.0,0.0,0.0,True,True,True,False,0.0,994.2965054173662,0.0,0.0,0.0,0.0,994.2965054173662
2026-08-11T23:45:00Z,2026-08-12T00:00:00Z,2026-08-12,2026-08-12_8,0.0,0,0,100,64.3478260869565,64.3478260869565,0.0,0.0,0.0,True,True,True,False,0.0,994.2965054173662,0.0,0.0,0.0,0.0,994.2965054173662
2026-08-12T00:00:00Z,2026-08-12T00:15:00Z,2026-08-12,2026-08-12_9,0.0,0,0,100,64.3478260869565,64.3478260869565,0.0,0.0,0.0,True,True,True,False,0.0,994.2965054173662,0.0,0.0,0.0,0.0,994.2965054173662
2026-08-12T00:15:00Z,2026-08-12T00:30:00Z,2026-08-12,2026-08-12_10,0.0,0,0,100,64.3478260869565,64.3478260869565,0.0,0.0,0.0,True,True,True,False,0.0,994.2965054173662,0.0,0.0,0.0,0.0,994.2965054173662
2026-08-12T00:30:00Z,2026-08-12T00:45:00Z,2026-08-12,2026-08-12_11,0.0,0,0,100,64.3478260869565,64.3478260869565,0.0,0.0,0.0,True,True,True,False,0.0,994.2965054173662,0.0,0.0,0.0,0.0,994.2965054173662
2026-08-12T00:45:00Z,2026-08-12T01:00:00Z,2026-08-12,2026-08-12_12,0.0,0,0,100,64.3478260869565,64.3478260869565,0.0,0.0,0.0,True,True,True,False,0.0,994.2965054173662,0.0,0.0,0.0,0.0,994.2965054173662
2026-08-12T01:00:00Z,2026-08-12T01:15:00Z,2026-08-12,2026-08-12_13,0.0,0,0,100,64.3478260869565,64.3478260869565,0.0,0.0,0.0,True,True,True,False,0.0,994.2965054173662,0.0,0.0,0.0,0.0,994.2965054173662
2026-08-12T01:15:00Z,2026-08-12T01:30:00Z,2026-08-12,2026-08-12_14,0.0,0,0,100,64.3478260869565,64.3478260869565,0.0,0.0,0.0,True,True,True,False,0.0,994.2965054173662,0.0,0.0,0.0,0.0,994.2965054173662
2026-08-12T01:30:00Z,2026-08-12T01:45:00Z,2026-08-12,2026-08-12_15,0.0,0,0,100,64.3478260869565,64.3478260869565,0.0,0.0,0.0,True,True,True,False,0.0,994.2965054173662,0.0,0.0,0.0,0.0,994.2965054173662
2026-08-12T01:45:00Z,2026-08-12T02:00:00Z,2026-08-12,2026-08-12_16,0.0,0,0,100,64.3478260869565,64.3478260869565,0.0,0.0,0.0,True,True,True,False,0.0,994.2965054173662,0.0,0.0,0.0,0.0,994.2965054173662
2026-08-12T02:00:00Z,2026-08-12T02:15:00Z,2026-08-12,2026-08-12_17,0.0,0,0,100,64.3478260869565,64.3478260869565,0.0,0.0,0.0,True,True,True,False,0.0,994.2965054173662,0.0,0.0,0.0,0.0,994.2965054173662
2026-08-12T02:15:00Z,2026-08-12T02:30:00Z,2026-08-12,2026-08-12_18,0.0,0,0,100,64.3478260869565,64.3478260869565,0.0,0.0,0.0,True,True,True,False,0.0,994.2965054173662,0.0,0.0,0.0,0.0,994.2965054173662
2026-08-12T02:30:00Z,2026-08-12T02:45:00Z,2026-08-12,2026-08-12_19,0.0,0,0,100,64.3478260869565,64.3478260869565,0.0,0.0,0.0,True,True,True,False,0.0,994.2965054173662,0.0,0.0,0.0,0.0,994.2965054173662
2026-08-12T02:45:00Z,2026-08-12T03:00:00Z,2026-08-12,2026-08-12_20,0.0,0,0,100,64.3478260869565,64.3478260869565,0.0,0.0,0.0,True,True,True,False,0.0,994.2965054173662,0.0,0.0,0.0,0.0,994.2965054173662
2026-08-12T03:00:00Z,2026-08-12T03:15:00Z,2026-08-12,2026-08-12_21,0.0,0,0,100,64.3478260869565,64.3478260869565,0.0,0.0,0.0,True,True,True,False,0.0,994.2965054173662,0.0,0.0,0.0,0.0,994.2965054173662
2026-08-12T03:15:00Z,2026-08-12T03:30:00Z,2026-08-12,2026-08-12_22,0.0,0,0,100,64.3478260869565,64.3478260869565,0.0,0.0,0.0,True,True,True,False,0.0,994.2965054173662,0.0,0.0,0.0,0.0,994.2965054173662
2026-08-12T03:30:00Z,2026-08-12T03:45:00Z,2026-08-12,2026-08-12_23,0.0,0,0,100,64.3478260869565,64.3478260869565,0.0,0.0,0.0,True,True,True,False,0.0,994.2965054173662,0.0,0.0,0.0,0.0,994.2965054173662
2026-08-12T03:45:00Z,2026-08-12T04:00:00Z,2026-08-12,2026-08-12_24,0.0,0,0,100,64.3478260869565,64.3478260869565,0.0,0.0,0.0,True,True,True,False,0.0,994.2965054173662,0.0,0.0,0.0,0.0,994.2965054173662
2026-08-12T04:00:00Z,2026-08-12T04:15:00Z,2026-08-12,2026-08-12_25,0.0,0,0,100,64.3478260869565,64.3478260869565,0.0,0.0,0.0,True,True,True,False,0.0,994.2965054173662,0.0,0.0,0.0,0.0,994.2965054173662
2026-08-12T04:15:00Z,2026-08-12T04:30:00Z,2026-08-12,2026-08-12_26,0.0,0,0,100,64.3478260869565,64.3478260869565,0.0,0.0,0.0,True,True,True,False,0.0,994.2965054173662,0.0,0.0,0.0,0.0,994.2965054173662
2026-08-12T04:30:00Z,2026-08-12T04:45:00Z,2026-08-12,2026-08-12_27,0.0,0,0,100,64.3478260869565,64.3478260869565,0.0,0.0,0.0,True,True,True,False,0.0,994.2965054173662,0.0,0.0,0.0,0.0,994.2965054173662
2026-08-12T04:45:00Z,2026-08-12T05:00:00Z,2026-08-12,2026-08-12_28,0.0,0,0,100,64.3478260869565,64.3478260869565,0.0,0.0,0.0,True,True,True,False,0.0,994.2965054173662,0.0,0.0,0.0,0.0,994.2965054173662
2026-08-12T05:00:00Z,2026-08-12T05:15:00Z,2026-08-12,2026-08-12_29,86.0,0,0,14,64.3478260869565,40.9782608695652,0.06491545893719806,0.0,0.0,True,False,True,False,3902.25,139.20151075843128,0.0,0.0,0.0,0.0,4041.451510758431
2026-08-12T05:15:00Z,2026-08-12T05:30:00Z,2026-08-12,2026-08-12_30,86.0,0,0,14,40.9782608695652,17.608695652173893,0.06491545893719806,0.0,0.0,True,False,True,False,3687.25,139.20151075843128,0.0,0.0,0.0,0.0,3826.451510758431
2026-08-12T05:30:00Z,2026-08-12T05:45:00Z,2026-08-12,2026-08-12_31,-6.536993168992922e-15,0,0,14,17.608695652173893,17.608695652173893,4.1764123024121444e-18,0.0,0.0,True,False,True,False,-2.71040079269369e-13,139.20151075843128,0.0,0.0,0.0,0.0,139.201510758431
2026-08-12T05:45:00Z,2026-08-12T06:00:00Z,2026-08-12,2026-08-12_32,0.0,0,0,14,17.608695652173893,17.608695652173893,0.0,0.0,0.0,True,False,True,False,0.0,139.20151075843128,0.0,0.0,0.0,0.0,139.20151075843128
2026-08-12T06:00:00Z,2026-08-12T06:15:00Z,2026-08-12,2026-08-12_33,0.0,100,0,0,17.608695652173893,17.608695652173893,0.0,0.0,0.0,True,True,True,False,0.0,0.0,104.89470471539751,0.0,0.0,0.0,104.89470471539751
2026-08-12T06:15:00Z,2026-08-12T06:30:00Z,2026-08-12,2026-08-12_34,0.0,100,0,0,17.608695652173893,10.012422360248427,0.021100759144237403,6.988571428571428,0.0,True,True,True,False,0.0,0.0,104.89470471539751,0.0,1504.0225828955115,0.0,1608.917287610909
2026-08-12T06:30:00Z,2026-08-12T06:45:00Z,2026-08-12,2026-08-12_35,-100.0,100,0,0,10.012422360248427,21.304765217391285,0.031367619047619054,12.725714285714284,0.0,True,True,True,False,-715.75,0.0,104.89470471539751,0.0,7044.626167949248,0.0,6433.770872664646
2026-08-12T06:45:00Z,2026-08-12T07:00:00Z,2026-08-12,2026-08-12_36,-100.00000000000001,100,0,0,21.304765217391285,40.53959950310558,0.05343009523809525,4.0925714285714285,0.0,True,True,True,False,-0.25000000000000006,0.0,104.89470471539751,0.0,765.843428527828,0.0,870.4881332432255
2026-08-12T07:00:00Z,2026-08-12T07:15:00Z,2026-08-12,2026-08-12_37,100.0,0,0,0,40.53959950310558,13.36568645962732,0.07548309178743962,0.0,0.0,True,True,True,False,4054.9999999999995,0.0,0.0,0.0,0.0,0.0,4054.9999999999995
2026-08-12T07:15:00Z,2026-08-12T07:30:00Z,2026-08-12,2026-08-12_38,11.665726171428636,0,0,0,13.36568645962732,10.195652173913016,0.008805650793650841,0.0,0.0,True,True,True,False,278.2858978194301,0.0,0.0,0.0,0.0,0.0,278.2858978194301
2026-08-12T07:30:00Z,2026-08-12T07:45:00Z,2026-08-12,2026-08-12_39,-100.0,0,0,0,10.195652173913016,33.19565217391302,0.0638888888888889,0.0,0.0,True,True,True,False,-17.25,0.0,0.0,0.0,0.0,0.0,-17.25
2026-08-12T07:45:00Z,2026-08-12T08:00:00Z,2026-08-12,2026-08-12_40,-100.0,0,0,0,33.19565217391302,56.19565217391302,0.0638888888888889,0.0,0.0,True,True,True,False,-17.25,0.0,0.0,0.0,0.0,0.0,-17.25
2026-08-12T08:00:00Z,2026-08-12T08:15:00Z,2026-08-12,2026-08-12_41,0.0,14,15,85,56.19565217391302,57.36455160248445,0.0032469428571428576,0.0,1.2705428571428572,True,True,True,False,0.0,845.1520296047613,10.387036471844958,3.0515603540363196,0.0,-15.970731469773934,842.6198949608687
2026-08-12T08:15:00Z,2026-08-12T08:30:00Z,2026-08-12,2026-08-12_42,0.0,14,15,85,57.36455160248445,58.647084173913015,0.0035625904761904764,0.0,1.3940571428571429,True,True,True,False,0.0,845.1520296047613,10.387036471844958,3.0515603540363196,0.0,6.34936334503281,864.9399897756754
2026-08-12T08:30:00Z,2026-08-12T08:45:00Z,2026-08-12,2026-08-12_43,1.000000000000012,14,15,85,58.647084173913015,60.767445734161456,0.006365324554865422,0.0,2.5690285714285714,True,True,True,False,20.395000000000245,845.1520296047613,10.387036471844958,3.0515603540363196,0.0,33.569280329620014,912.5549067602628
2026-08-12T08:45:00Z,2026-08-12T09:00:00Z,2026-08-12,2026-08-12_44,0.0,14,15,85,60.767445734161456,62.069377162732884,0.003616476190476191,0.0,1.4151428571428573,True,True,True,False,0.0,845.1520296047613,10.387036471844958,3.0515603540363196,0.0,4.022132720019185,862.6127591506618
2026-08-12T09:00:00Z,2026-08-12T09:15:00Z,2026-08-12,2026-08-12_45,-10.821278723366918,11,0,89,62.069377162732884,64.55183337142853,0.006896396234013309,0.006977142857142857,0.0,True,True,True,False,-173.4921511323801,884.9238898214559,8.409888600640928,0.0,0.8656879618931352,0.0,720.7073152516099
2026-08-12T09:15:00Z,2026-08-12T09:30:00Z,2026-08-12,2026-08-12_46,-11.0,11,0,89,64.55183337142853,67.05540571428567,0.00695436761904762,0.028725714285714285,0.0,True,True,True,False,-115.5,884.9238898214559,8.409888600640928,0.0,3.6869726068758037,0.0,781.5207510289727
2026-08-12T09:30:00Z,2026-08-12T09:45:00Z,2026-08-12,2026-08-12_47,-11.0,11,0,89,67.05540571428567,69.58540571428567,0.007027777777777778,0.0,0.0,True,True,True,False,-100.595,884.9238898214559,8.409888600640928,0.0,0.0,0.0,792.7387784220969
2026-08-12T09:45:00Z,2026-08-12T10:00:00Z,2026-08-12,2026-08-12_48,-11.0,11,0,89,69.58540571428567,72.11540571428567,0.007027777777777779,0.0,0.0,True,True,True,False,-58.6575,884.9238898214559,8.409888600640928,0.0,0.0,0.0,834.6762784220969
2026-08-12T10:00:00Z,2026-08-12T10:15:00Z,2026-08-12,2026-08-12_49,-12.0,12,0,88,72.11540571428567,74.87540571428568,0.007666666666666667,0.0,0.0,True,True,True,False,-128.94,874.9809247672822,9.17442392797192,0.0,0.0,0.0,755.2153486952541
2026-08-12T10:15:00Z,2026-08-12T10:30:00Z,2026-08-12,2026-08-12_50,-12.0,12,0,88,74.87540571428568,77.63540571428567,0.007666666666666666,0.0,0.0,True,True,True,False,-84.87,874.9809247672822,9.17442392797192,0.0,0.0,0.0,799.2853486952541
2026-08-12T10:30:00Z,2026-08-12T10:45:00Z,2026-08-12,2026-08-12_51,-12.0,12,0,88,77.63540571428567,80.39540571428566,0.007666666666666667,0.0,0.0,True,True,True,False,-85.89,874.9809247672822,9.17442392797192,0.0,0.0,0.0,798.2653486952541
2026-08-12T10:45:00Z,2026-08-12T11:00:00Z,2026-08-12,2026-08-12_52,-12.0,12,0,88,80.39540571428566,83.15540571428565,0.007666666666666667,0.0,0.0,True,True,True,False,-94.19999999999999,874.9809247672822,9.17442392797192,0.0,0.0,0.0,789.9553486952541
2026-08-12T11:00:00Z,2026-08-12T11:15:00Z,2026-08-12,2026-08-12_53,0.0,100,100,0,83.15540571428565,97.90747428571422,0.04097796825396825,0.0,16.034857142857142,True,True,True,False,0.0,0.0,76.3390813367923,79.80123607508013,0.0,157.39082176102548,313.5311391728979
2026-08-12T11:15:00Z,2026-08-12T11:30:00Z,2026-08-12,2026-08-12_54,0.0,100,100,0,97.90747428571422,113.15161142857136,0.042344825396825395,0.0,16.569714285714284,True,True,True,False,0.0,0.0,76.3390813367923,79.80123607508013,0.0,79.17266388349937,235.3129812953718
2026-08-12T11:30:00Z,2026-08-12T11:45:00Z,2026-08-12,2026-08-12_55,0.0,100,100,0,113.15161142857136,123.02242285714279,0.02741892063492063,0.0,10.729142857142856,True,True,True,False,0.0,0.0,76.3390813367923,79.80123607508013,0.0,-143.78860630899695,12.351711102875484
2026-08-12T11:45:00Z,2026-08-12T12:00:00Z,2026-08-12,2026-08-12_56,0.0,100,100,0,123.02242285714279,138.93999999999994,0.04421549206349206,0.0,17.301714285714283,True,True,True,False,0.0,0.0,76.3390813367923,79.80123607508013,0.0,1089.0997458088987,1245.2400632207712
2026-08-12T12:00:00Z,2026-08-12T12:15:00Z,2026-08-12,2026-08-12_57,-11.0,0,0,89,138.93999999999994,141.46999999999994,0.007027777777777779,0.0,0.0,True,False,True,False,-108.9825,884.9238898214559,0.0,0.0,0.0,0.0,775.9413898214559
2026-08-12T12:15:00Z,2026-08-12T12:30:00Z,2026-08-12,2026-08-12_58,-11.0,0,0,89,141.46999999999994,143.99999999999994,0.007027777777777779,0.0,0.0,True,False,True,False,-125.51,884.9238898214559,0.0,0.0,0.0,0.0,759.4138898214559
2026-08-12T12:30:00Z,2026-08-12T12:45:00Z,2026-08-12,2026-08-12_59,-11.0,0,0,89,143.99999999999994,146.52999999999994,0.007027777777777779,0.0,0.0,True,False,True,False,-124.3825,884.9238898214559,0.0,0.0,0.0,0.0,760.5413898214558
2026-08-12T12:45:00Z,2026-08-12T13:00:00Z,2026-08-12,2026-08-12_60,-11.0,0,0,89,146.52999999999994,149.05999999999995,0.007027777777777779,0.0,0.0,True,False,True,False,-168.135,884.9238898214559,0.0,0.0,0.0,0.0,716.7888898214559
2026-08-12T13:00:00Z,2026-08-12T13:15:00Z,2026-08-12,2026-08-12_61,0.0,0,100,0,149.05999999999995,160.54475428571422,0.03190209523809524,0.0,12.483428571428572,True,True,True,False,0.0,0.0,0.0,21.202121165878225,0.0,137.3524804342613,158.55460160013953
2026-08-12T13:15:00Z,2026-08-12T13:30:00Z,2026-08-12,2026-08-12_62,4.613131132711719,0,100,0,160.54475428571422,173.60589177706993,0.038946779680250454,0.0,15.430285714285713,True,True,True,False,92.34335244905682,0.0,0.0,21.202121165878225,0.0,611.0009328333806,724.5464064483157
2026-08-12T13:30:00Z,2026-08-12T13:45:00Z,2026-08-12,2026-08-12_63,100.0,0,100,0,173.60589177706993,170.30278618700783,0.009175293305728081,0.0,21.96114285714286,True,True,True,False,2671.5,0.0,0.0,21.202121165878225,0.0,11614.56411937826,14307.266240544137
2026-08-12T13:45:00Z,2026-08-12T14:00:00Z,2026-08-12,2026-08-12_64,100.0,0,100,0,170.30278618700783,148.8462644478774,0.05960144927536232,0.0,5.26,True,True,True,False,2997.75,0.0,0.0,21.202121165878225,0.0,-122.1286433694491,2896.823477796429
2026-08-12T14:00:00Z,2026-08-12T14:15:00Z,2026-08-12,2026-08-12_65,0.0,0,11,89,148.8462644478774,149.0282509621631,0.0005055180952380952,0.0,0.19781142857142855,True,True,True,False,0.0,884.9238898214559,0.0,2.089882496566458,0.0,-9.473244555383575,877.5405277626387
2026-08-12T14:15:00Z,2026-08-12T14:30:00Z,2026-08-12,2026-08-12_66,0.05938559103814128,0,11,89,149.0282509621631,149.0440662188716,0.0001324522749033306,0.0,0.03469714285714286,True,True,True,False,1.5045339489513094,884.9238898214559,0.0,2.089882496566458,0.0,-1.6634163981600576,886.8548898688135
2026-08-12T14:30:00Z,2026-08-12T14:45:00Z,2026-08-12,2026-08-12_67,0.584596976460661,0,11,89,149.0440662188716,148.9021987577639,0.0004825972871233413,0.0,0.01829142857142857,True,True,True,False,16.40671414436845,884.9238898214559,0.0,2.089882496566458,0.0,-1.3991421595343463,902.0213443028564
2026-08-12T14:45:00Z,2026-08-12T15:00:00Z,2026-08-12,2026-08-12_68,10.999999999999996,0,11,89,148.9021987577639,146.75999999999993,0.005950552104899931,0.0,0.779177142857143,True,True,True,False,379.7199999999999,884.9238898214559,0.0,2.089882496566458,0.0,-3.863633036123042,1262.8701392818991
2026-08-12T15:00:00Z,2026-08-12T15:15:00Z,2026-08-12,2026-08-12_69,-1.2357264969740872e-13,0,0,94,146.75999999999993,146.75999999999996,7.894919286223336e-17,0.0,0.0,True,False,True,False,-3.4044264991636104e-12,934.6387150923242,0.0,0.0,0.0,0.0,934.6387150923208
2026-08-12T15:15:00Z,2026-08-12T15:30:00Z,2026-08-12,2026-08-12_70,1.2357264969740872e-13,0,0,94,146.75999999999996,146.75999999999993,9.327645659526624e-17,0.0,0.0,True,False,True,False,4.062141927178068e-12,934.6387150923242,0.0,0.0,0.0,0.0,934.6387150923283
2026-08-12T15:30:00Z,2026-08-12T15:45:00Z,2026-08-12,2026-08-12_71,0.0,0,0,94,146.75999999999993,146.75999999999993,0.0,0.0,0.0,True,False,True,False,0.0,934.6387150923242,0.0,0.0,0.0,0.0,934.6387150923242
2026-08-12T15:45:00Z,2026-08-12T16:00:00Z,2026-08-12,2026-08-12_72,0.0,0,0,94,146.75999999999993,146.75999999999993,0.0,0.0,0.0,True,False,True,False,0.0,934.6387150923242,0.0,0.0,0.0,0.0,934.6387150923242
2026-08-12T16:00:00Z,2026-08-12T16:15:00Z,2026-08-12,2026-08-12_73,0.0,9,9,91,146.75999999999993,147.48736251428565,0.0020204514285714287,0.0,0.7906114285714285,True,True,True,False,0.0,904.8098199298033,9.180432626278039,1.3468068060430336,0.0,-23.73900396001831,891.5980554021061
2026-08-12T16:15:00Z,2026-08-12T16:30:00Z,2026-08-12,2026-08-12_74,0.0,9,9,91,147.48736251428565,147.8286029813664,0.0009714926708074533,0.003908571428571428,0.3755314285714285,True,True,True,False,0.0,904.8098199298033,9.180432626278039,1.3468068060430336,0.6008697913714547,-18.462816725164046,897.4751124283318
2026-08-12T16:30:00Z,2026-08-12T16:45:00Z,2026-08-12,2026-08-12_75,0.0,9,9,91,147.8286029813664,148.01617228322974,0.0007343798757763975,0.03533142857142857,0.24562285714285714,True,True,True,False,0.0,904.8098199298033,9.180432626278039,1.3468068060430336,6.33194410411807,-12.381923943232108,909.2870795230103
2026-08-12T16:45:00Z,2026-08-12T17:00:00Z,2026-08-12,2026-08-12_76,0.0,9,9,91,148.01617228322974,148.1022173813664,0.0002756601242236025,0.006068571428571428,0.10069714285714285,True,True,True,False,0.0,904.8098199298033,9.180432626278039,1.3468068060430336,0.9569772732227334,-6.1566744849687165,910.1373621503784
2026-08-12T17:00:00Z,2026-08-12T17:15:00Z,2026-08-12,2026-08-12_77,0.0,0,100,0,148.1022173813664,161.66827452422353,0.03768349206349206,0.0,14.745714285714284,True,True,True,False,0.0,0.0,0.0,14.96452006714482,0.0,-123.9901250245253,-109.02560495738048
2026-08-12T17:15:00Z,2026-08-12T17:30:00Z,2026-08-12,2026-08-12_78,100.0,0,100,0,161.66827452422353,148.7589577540372,0.035859213250517594,0.0,13.123428571428573,True,True,True,False,6038.25,0.0,0.0,14.96452006714482,0.0,-543.907336225502,5509.307183841643
2026-08-12T17:30:00Z,2026-08-12T17:45:00Z,2026-08-12,2026-08-12_79,100.0,0,100,0,148.7589577540372,129.80305713291918,0.05265527950310559,0.0,7.560571428571429,True,True,True,False,7182.5,0.0,0.0,14.96452006714482,0.0,-371.39302489590375,6826.071495171241
2026-08-12T17:45:00Z,2026-08-12T18:00:00Z,2026-08-12,2026-08-12_80,100.0,0,100,0,129.80305713291918,102.94715651180118,0.07459972394755002,0.0,0.2925714285714286,True,True,True,False,11529.25,0.0,0.0,14.96452006714482,0.0,-19.983414357655164,11524.23110570949
2026-08-12T18:00:00Z,2026-08-12T18:15:00Z,2026-08-12,2026-08-12_81,100.0,0,100,0,102.94715651180118,76.408647195031,0.07371808143547273,0.0,0.5845714285714285,True,True,True,False,10062.5,0.0,0.0,14.96452006714482,0.0,-37.4131735737176,10040.051346493427
2026-08-12T18:15:00Z,2026-08-12T18:30:00Z,2026-08-12,2026-08-12_82,100.0,0,100,0,76.408647195031,56.09622483478255,0.056423395445134576,0.0,6.312571428571428,True,True,True,False,7712.5,0.0,0.0,14.96452006714482,0.0,-293.9239895576726,7433.540530509472
2026-08-12T18:30:00Z,2026-08-12T18:45:00Z,2026-08-12,2026-08-12_83,100.0,0,100,0,56.09622483478255,45.71485837515522,0.028837129054520357,0.0,15.449142857142858,True,True,True,False,6278.5,0.0,0.0,14.96452006714482,0.0,-635.4942320856316,5657.970287981513
2026-08-12T18:45:00Z,2026-08-12T19:00:00Z,2026-08-12,2026-08-12_84,10.709837192877274,0,100,0,45.71485837515522,51.516149068322946,0.026275737557562562,0.0,9.288571428571428,True,True,True,False,621.6257252675791,0.0,0.0,14.96452006714482,0.0,-362.263853524013,274.32639181071096
2026-08-12T19:00:00Z,2026-08-12T19:15:00Z,2026-08-12,2026-08-12_85,100.0,0,100,0,51.516149068322946,29.754658385093133,0.060448585231193924,0.0,4.9794285714285715,True,True,True,False,6325.0,0.0,0.0,14.96452006714482,0.0,-272.1455660439057,6067.818954023239
2026-08-12T19:15:00Z,2026-08-12T19:30:00Z,2026-08-12,2026-08-12_86,100.0,0,100,0,29.754658385093133,9.999999999999964,0.05487405106970325,0.0,6.8257142857142865,True,True,True,False,6078.0,0.0,0.0,14.96452006714482,0.0,-368.6099245710798,5724.3545954960655
2026-08-12T19:30:00Z,2026-08-12T19:45:00Z,2026-08-12,2026-08-12_87,0.17092780600100446,0,100,0,9.999999999999964,15.644596986369635,0.0158736496962995,0.0,6.183999999999999,True,True,True,False,9.545890645641096,0.0,0.0,14.96452006714482,0.0,-375.92595452464514,-351.4155438118592
2026-08-12T19:45:00Z,2026-08-12T20:00:00Z,2026-08-12,2026-08-12_88,0.0,0,100,0,15.644596986369635,19.423956986369635,0.010498222222222223,0.0,4.108,True,True,True,False,0.0,0.0,0.0,14.96452006714482,0.0,-275.05200824050047,-260.08748817335567
2026-08-12T20:00:00Z,2026-08-12T20:15:00Z,2026-08-12,2026-08-12_89,0.0,100,93,0,19.423956986369635,19.447997274568394,0.004773472850241546,0.7794285714285715,0.9470057142857142,True,True,True,False,0.0,0.0,102.31954829848924,13.917003662444682,135.99544766846154,-48.09471775849665,204.13728187089882
2026-08-12T20:15:00Z,2026-08-12T20:30:00Z,2026-08-12,2026-08-12_90,-6.999999999999987,100,93,0,19.447997274568394,15.763369935437957,0.01741782260869565,4.924,0.0,True,True,True,False,-338.44999999999936,0.0,102.31954829848924,13.917003662444682,1237.438657866626,0.0,1015.2252098275605
2026-08-12T20:30:00Z,2026-08-12T20:45:00Z,2026-08-12,2026-08-12_91,-1.5488000418549954,100,93,0,15.763369935437957,10.279483180124187,0.01678570309878393,5.385714285714286,0.0,True,True,True,False,-72.98332997231202,0.0,102.31954829848924,13.917003662444682,1600.815836803209,0.0,1644.069058791831
2026-08-12T20:45:00Z,2026-08-12T21:00:00Z,2026-08-12,2026-08-12_92,-1.0425736942645142e-13,100,93,0,10.279483180124187,9.999999999999988,0.003940704071773699,0.7811428571428571,0.6191142857142857,True,True,True,False,-4.564387633490043e-12,0.0,102.31954829848924,13.917003662444682,139.2327838939635,-41.88150364609448,213.58783220879837
2026-08-12T21:00:00Z,2026-08-12T21:15:00Z,2026-08-13,2026-08-12_93,-57.886459028390846,66,42,0,9.999999999999988,21.204357466438346,0.03289402769819585,2.3854285714285712,0.14568,True,True,True,False,-2609.0874245571463,0.0,69.19893139967562,5.626180707947714,455.4987350716262,-9.192392710619217,-2087.955970088516
2026-08-12T21:15:00Z,2026-08-12T21:30:00Z,2026-08-13,2026-08-12_94,-58.0,66,42,0,21.204357466438346,33.94752498941971,0.03609968894409937,0.9590742857142858,0.33144,True,True,True,False,-2524.45,0.0,69.19893139967562,5.626180707947714,173.13958256763942,-20.773613113252555,-2297.2589184379895
2026-08-12T21:30:00Z,2026-08-12T21:45:00Z,2026-08-13,2026-08-12_95,-55.49278889584915,66,42,0,33.94752498941971,48.10496848695652,0.03939802033645048,0.07467428571428572,1.59216,True,True,True,False,-2412.6877292192817,0.0,69.19893139967562,5.626180707947714,13.072367458939308,-77.5663407690106,-2402.35659042173
2026-08-12T21:45:00Z,2026-08-12T22:00:00Z,2026-08-13,2026-08-12_96,-58.0,66,42,0,48.10496848695652,64.34782608695653,0.04511904888888889,0.0,3.15528,True,True,True,False,-2321.45,0.0,69.19893139967562,5.626180707947714,0.0,-143.66112366377254,-2390.286011556149
2026-08-12T22:00:00Z,2026-08-12T22:15:00Z,2026-08-13,2026-08-13_1,0.0,0,0,100,64.34782608695653,64.34782608695653,0.0,0.0,0.0,True,True,True,False,0.0,994.6569983780173,0.0,0.0,0.0,0.0,994.6569983780173
2026-08-12T22:15:00Z,2026-08-12T22:30:00Z,2026-08-13,2026-08-13_2,0.0,0,0,100,64.34782608695653,64.34782608695653,0.0,0.0,0.0,True,True,True,False,0.0,994.6569983780173,0.0,0.0,0.0,0.0,994.6569983780173
2026-08-12T22:30:00Z,2026-08-12T22:45:00Z,2026-08-13,2026-08-13_3,4.263256414560601e-14,0,0,100,64.34782608695653,64.34782608695652,3.218037752536685e-17,0.0,0.0,True,True,True,False,1.6228085542024927e-12,994.6569983780173,0.0,0.0,0.0,0.0,994.6569983780189
2026-08-12T22:45:00Z,2026-08-12T23:00:00Z,2026-08-13,2026-08-13_4,4.263256414560601e-14,0,0,100,64.34782608695652,64.3478260869565,3.218037752536685e-17,0.0,0.0,True,True,True,False,1.5253931451297831e-12,994.6569983780173,0.0,0.0,0.0,0.0,994.6569983780188
2026-08-12T23:00:00Z,2026-08-12T23:15:00Z,2026-08-13,2026-08-13_5,0.0,0,0,100,64.3478260869565,64.3478260869565,0.0,0.0,0.0,True,True,True,False,0.0,994.6569983780173,0.0,0.0,0.0,0.0,994.6569983780173
2026-08-12T23:15:00Z,2026-08-12T23:30:00Z,2026-08-13,2026-08-13_6,0.0,0,0,100,64.3478260869565,64.3478260869565,0.0,0.0,0.0,True,True,True,False,0.0,994.6569983780173,0.0,0.0,0.0,0.0,994.6569983780173
2026-08-12T23:30:00Z,2026-08-12T23:45:00Z,2026-08-13,2026-08-13_7,0.0,0,0,100,64.3478260869565,64.3478260869565,0.0,0.0,0.0,True,True,True,False,0.0,994.6569983780173,0.0,0.0,0.0,0.0,994.6569983780173
2026-08-12T23:45:00Z,2026-08-13T00:00:00Z,2026-08-13,2026-08-13_8,0.0,0,0,100,64.3478260869565,64.3478260869565,0.0,0.0,0.0,True,True,True,False,0.0,994.6569983780173,0.0,0.0,0.0,0.0,994.6569983780173
2026-08-13T00:00:00Z,2026-08-13T00:15:00Z,2026-08-13,2026-08-13_9,0.0,0,0,100,64.3478260869565,64.3478260869565,0.0,0.0,0.0,True,True,True,False,0.0,994.6569983780173,0.0,0.0,0.0,0.0,994.6569983780173
2026-08-13T00:15:00Z,2026-08-13T00:30:00Z,2026-08-13,2026-08-13_10,0.0,0,0,100,64.3478260869565,64.3478260869565,0.0,0.0,0.0,True,True,True,False,0.0,994.6569983780173,0.0,0.0,0.0,0.0,994.6569983780173
2026-08-13T00:30:00Z,2026-08-13T00:45:00Z,2026-08-13,2026-08-13_11,0.0,0,0,100,64.3478260869565,64.3478260869565,0.0,0.0,0.0,True,True,True,False,0.0,994.6569983780173,0.0,0.0,0.0,0.0,994.6569983780173
2026-08-13T00:45:00Z,2026-08-13T01:00:00Z,2026-08-13,2026-08-13_12,0.0,0,0,100,64.3478260869565,64.3478260869565,0.0,0.0,0.0,True,True,True,False,0.0,994.6569983780173,0.0,0.0,0.0,0.0,994.6569983780173
2026-08-13T01:00:00Z,2026-08-13T01:15:00Z,2026-08-13,2026-08-13_13,0.0,0,0,100,64.3478260869565,64.3478260869565,0.0,0.0,0.0,True,True,True,False,0.0,994.6569983780173,0.0,0.0,0.0,0.0,994.6569983780173
2026-08-13T01:15:00Z,2026-08-13T01:30:00Z,2026-08-13,2026-08-13_14,0.0,0,0,100,64.3478260869565,64.3478260869565,0.0,0.0,0.0,True,True,True,False,0.0,994.6569983780173,0.0,0.0,0.0,0.0,994.6569983780173
2026-08-13T01:30:00Z,2026-08-13T01:45:00Z,2026-08-13,2026-08-13_15,0.0,0,0,100,64.3478260869565,64.3478260869565,0.0,0.0,0.0,True,True,True,False,0.0,994.6569983780173,0.0,0.0,0.0,0.0,994.6569983780173
2026-08-13T01:45:00Z,2026-08-13T02:00:00Z,2026-08-13,2026-08-13_16,0.0,0,0,100,64.3478260869565,64.3478260869565,0.0,0.0,0.0,True,True,True,False,0.0,994.6569983780173,0.0,0.0,0.0,0.0,994.6569983780173
2026-08-13T02:00:00Z,2026-08-13T02:15:00Z,2026-08-13,2026-08-13_17,0.0,0,0,100,64.3478260869565,64.3478260869565,0.0,0.0,0.0,True,True,True,False,0.0,994.6569983780173,0.0,0.0,0.0,0.0,994.6569983780173
2026-08-13T02:15:00Z,2026-08-13T02:30:00Z,2026-08-13,2026-08-13_18,0.0,0,0,100,64.3478260869565,64.3478260869565,0.0,0.0,0.0,True,True,True,False,0.0,994.6569983780173,0.0,0.0,0.0,0.0,994.6569983780173
2026-08-13T02:30:00Z,2026-08-13T02:45:00Z,2026-08-13,2026-08-13_19,0.0,0,0,100,64.3478260869565,64.3478260869565,0.0,0.0,0.0,True,True,True,False,0.0,994.6569983780173,0.0,0.0,0.0,0.0,994.6569983780173
2026-08-13T02:45:00Z,2026-08-13T03:00:00Z,2026-08-13,2026-08-13_20,0.0,0,0,100,64.3478260869565,64.3478260869565,0.0,0.0,0.0,True,True,True,False,0.0,994.6569983780173,0.0,0.0,0.0,0.0,994.6569983780173
2026-08-13T03:00:00Z,2026-08-13T03:15:00Z,2026-08-13,2026-08-13_21,0.0,0,0,100,64.3478260869565,64.3478260869565,0.0,0.0,0.0,True,True,True,False,0.0,994.6569983780173,0.0,0.0,0.0,0.0,994.6569983780173
2026-08-13T03:15:00Z,2026-08-13T03:30:00Z,2026-08-13,2026-08-13_22,0.0,0,0,100,64.3478260869565,64.3478260869565,0.0,0.0,0.0,True,True,True,False,0.0,994.6569983780173,0.0,0.0,0.0,0.0,994.6569983780173
2026-08-13T03:30:00Z,2026-08-13T03:45:00Z,2026-08-13,2026-08-13_23,0.0,0,0,100,64.3478260869565,64.3478260869565,0.0,0.0,0.0,True,True,True,False,0.0,994.6569983780173,0.0,0.0,0.0,0.0,994.6569983780173
2026-08-13T03:45:00Z,2026-08-13T04:00:00Z,2026-08-13,2026-08-13_24,0.0,0,0,100,64.3478260869565,64.3478260869565,0.0,0.0,0.0,True,True,True,False,0.0,994.6569983780173,0.0,0.0,0.0,0.0,994.6569983780173
2026-08-13T04:00:00Z,2026-08-13T04:15:00Z,2026-08-13,2026-08-13_25,0.0,0,0,100,64.3478260869565,64.3478260869565,0.0,0.0,0.0,True,True,True,False,0.0,994.6569983780173,0.0,0.0,0.0,0.0,994.6569983780173
2026-08-13T04:15:00Z,2026-08-13T04:30:00Z,2026-08-13,2026-08-13_26,0.0,0,0,100,64.3478260869565,64.3478260869565,0.0,0.0,0.0,True,True,True,False,0.0,994.6569983780173,0.0,0.0,0.0,0.0,994.6569983780173
2026-08-13T04:30:00Z,2026-08-13T04:45:00Z,2026-08-13,2026-08-13_27,0.0,0,0,100,64.3478260869565,64.3478260869565,0.0,0.0,0.0,True,True,True,False,0.0,994.6569983780173,0.0,0.0,0.0,0.0,994.6569983780173
2026-08-13T04:45:00Z,2026-08-13T05:00:00Z,2026-08-13,2026-08-13_28,0.0,0,0,100,64.3478260869565,64.3478260869565,0.0,0.0,0.0,True,True,True,False,0.0,994.6569983780173,0.0,0.0,0.0,0.0,994.6569983780173
2026-08-13T05:00:00Z,2026-08-13T05:15:00Z,2026-08-13,2026-08-13_29,0.0,0,0,100,64.3478260869565,64.3478260869565,0.0,0.0,0.0,True,True,True,False,0.0,994.6569983780173,0.0,0.0,0.0,0.0,994.6569983780173
2026-08-13T05:15:00Z,2026-08-13T05:30:00Z,2026-08-13,2026-08-13_30,0.0,0,0,100,64.3478260869565,64.3478260869565,0.0,0.0,0.0,True,True,True,False,0.0,994.6569983780173,0.0,0.0,0.0,0.0,994.6569983780173
2026-08-13T05:30:00Z,2026-08-13T05:45:00Z,2026-08-13,2026-08-13_31,0.0,0,0,100,64.3478260869565,64.3478260869565,0.0,0.0,0.0,True,True,True,False,0.0,994.6569983780173,0.0,0.0,0.0,0.0,994.6569983780173
2026-08-13T05:45:00Z,2026-08-13T06:00:00Z,2026-08-13,2026-08-13_32,0.0,0,0,100,64.3478260869565,64.3478260869565,0.0,0.0,0.0,True,True,True,False,0.0,994.6569983780173,0.0,0.0,0.0,0.0,994.6569983780173
2026-08-13T06:00:00Z,2026-08-13T06:15:00Z,2026-08-13,2026-08-13_33,100.0,0,100,0,64.3478260869565,41.438509316770165,0.06363699102829537,0.0,3.9234285714285715,True,True,True,False,4324.75,0.0,0.0,5.667398149031581,0.0,-205.99852969318633,4124.418868455845
2026-08-13T06:15:00Z,2026-08-13T06:30:00Z,2026-08-13,2026-08-13_34,100.0,0,100,0,41.438509316770165,18.222360248447185,0.06448930296756385,0.0,3.6411428571428575,True,True,True,False,4067.4999999999995,0.0,0.0,5.667398149031581,0.0,201.33112489266293,4274.498523041694
2026-08-13T06:30:00Z,2026-08-13T06:45:00Z,2026-08-13,2026-08-13_35,59.19198057992243,0,100,0,18.222360248447185,10.000000000000016,0.0389358679309785,0.0,7.717142857142857,True,True,True,False,2268.680635676977,0.0,0.0,5.667398149031581,0.0,-311.3967647579975,1962.9512690680112
2026-08-13T06:45:00Z,2026-08-13T07:00:00Z,2026-08-13,2026-08-13_36,31.831525405077564,0,100,0,10.000000000000016,16.140261793788834,0.0358970748679536,0.0,15.198285714285714,True,True,True,False,1099.7792027454298,0.0,0.0,5.667398149031581,0.0,-464.8027582973271,640.6438425971343
2026-08-13T07:00:00Z,2026-08-13T07:15:00Z,2026-08-13,2026-08-13_37,37.0,63,100,0,16.140261793788834,10.14372580372672,0.0299657644168392,0.0,4.133142857142857,True,True,True,False,1472.6,0.0,65.76500333937601,10.991317622364278,0.0,-166.25637139313315,1383.0999495686071
2026-08-13T07:15:00Z,2026-08-13T07:30:00Z,2026-08-13,2026-08-13_38,37.0,63,100,0,10.14372580372672,10.00000000000001,0.032935958343685304,0.009000000000000001,10.104571428571427,True,True,True,False,1337.9199999999998,0.0,65.76500333937601,10.991317622364278,1.373914702795535,171.08646557716685,1587.1367012417024
2026-08-13T07:30:00Z,2026-08-13T07:45:00Z,2026-08-13,2026-08-13_39,0.2645764498700891,63,100,0,10.00000000000001,20.990761858385063,0.03073729167742221,0.0,12.018857142857144,True,True,True,False,7.937954937227349,0.0,65.76500333937601,10.991317622364278,0.0,-244.067313860455,-159.37303796148734
2026-08-13T07:45:00Z,2026-08-13T08:00:00Z,2026-08-13,2026-08-13_40,0.0,63,100,0,20.990761858385063,30.950944715527925,0.02766717460317461,0.0,10.826285714285715,True,True,True,False,0.0,0.0,65.76500333937601,10.991317622364278,0.0,-281.1962701487045,-204.4399491869642
2026-08-13T08:00:00Z,2026-08-13T08:15:00Z,2026-08-13,2026-08-13_41,63.99999999999986,36,100,0,30.950944715527925,20.25002236024846,0.04171317289164935,0.0,6.51542857142857,True,True,True,False,2213.759999999995,0.0,26.564640778551667,19.32067550806221,0.0,-240.31929210680548,2019.3260241798037
2026-08-13T08:15:00Z,2026-08-13T08:30:00Z,2026-08-13,2026-08-13_42,0.0,36,100,0,20.25002236024846,27.57795378881989,0.02035536507936508,0.0,7.965142857142856,True,True,True,False,0.0,0.0,26.564640778551667,19.32067550806221,0.0,7.736394836915779,53.62171112352966
2026-08-13T08:30:00Z,2026-08-13T08:45:00Z,2026-08-13,2026-08-13_43,1.544658121217609e-14,36,100,0,27.57795378881989,48.22538236024846,0.05735396825396825,0.0,22.442857142857143,True,True,True,False,3.907598882150246e-13,0.0,26.564640778551667,19.32067550806221,0.0,430.41635612741425,476.30167241402853
2026-08-13T08:45:00Z,2026-08-13T09:00:00Z,2026-08-13,2026-08-13_44,0.0,36,100,0,48.22538236024846,58.36956521739132,0.028178285714285715,0.0,11.026285714285713,True,True,True,False,0.0,0.0,26.564640778551667,19.32067550806221,0.0,-34.542225469216405,11.34309081739747
2026-08-13T09:00:00Z,2026-08-13T09:15:00Z,2026-08-13,2026-08-13_45,-0.49714829625117535,0,0,89,58.36956521739132,58.48390932552909,0.0003176225226049176,0.0,0.0,True,False,True,False,-12.369049610729242,885.2447285564353,0.0,0.0,0.0,0.0,872.8756789457061
2026-08-13T09:15:00Z,2026-08-13T09:30:00Z,2026-08-13,2026-08-13_46,-11.0,0,0,89,58.48390932552909,61.01390932552909,0.007027777777777779,0.0,0.0,True,False,True,False,-187.11,885.2447285564353,0.0,0.0,0.0,0.0,698.1347285564353
2026-08-13T09:30:00Z,2026-08-13T09:45:00Z,2026-08-13,2026-08-13_47,-11.0,0,0,89,61.01390932552909,63.54390932552909,0.007027777777777779,0.0,0.0,True,False,True,False,-193.9575,885.2447285564353,0.0,0.0,0.0,0.0,691.2872285564354
2026-08-13T09:45:00Z,2026-08-13T10:00:00Z,2026-08-13,2026-08-13_48,-11.0,0,0,89,63.54390932552909,66.07390932552909,0.007027777777777779,0.0,0.0,True,False,True,False,-261.22249999999997,885.2447285564353,0.0,0.0,0.0,0.0,624.0222285564354
2026-08-13T10:00:00Z,2026-08-13T10:15:00Z,2026-08-13,2026-08-13_49,0.0,82,100,0,66.07390932552909,76.21756646838622,0.0281768253968254,0.0,11.025714285714287,True,True,True,False,0.0,0.0,61.82272683904207,79.25770441751742,0.0,-257.31435604563364,-116.23392478907417
2026-08-13T10:15:00Z,2026-08-13T10:30:00Z,2026-08-13,2026-08-13_50,-6.178632484870436e-14,82,100,0,76.21756646838622,93.9388693255291,0.049225841269841315,0.0,19.262285714285714,True,True,True,False,-1.5326097878721117e-12,0.0,61.82272683904207,79.25770441751742,0.0,150.83430141616805,291.914732672726
2026-08-13T10:30:00Z,2026-08-13T10:45:00Z,2026-08-13,2026-08-13_51,18.0,82,100,0,93.9388693255291,98.59586076900736,0.02918577678398896,0.0,10.050285714285714,True,True,True,False,507.645,0.0,61.82272683904207,79.25770441751742,0.0,-216.58217083975083,432.14326041680863
2026-08-13T10:45:00Z,2026-08-13T11:00:00Z,2026-08-13,2026-08-13_52,18.0,82,100,0,98.59586076900736,110.30549666465953,0.04070751171842651,0.0,17.473714285714287,True,True,True,False,494.77500000000003,0.0,61.82272683904207,79.25770441751742,0.0,69.90152586312647,705.756957119686
2026-08-13T11:00:00Z,2026-08-13T11:15:00Z,2026-08-13,2026-08-13_53,-5.329070518200751e-15,11,11,89,110.30549666465953,111.33169144726823,0.0028600303657694993,0.0015714285714285715,1.1172857142857142,True,True,True,False,-1.589928189105194e-13,885.2447285564353,8.286995515695068,8.718347485926914,0.2099036351493178,-4.597490533891259,897.8624846593152
2026-08-13T11:15:00Z,2026-08-13T11:30:00Z,2026-08-13,2026-08-13_54,2.244581332394338e-14,11,11,89,111.33169144726823,111.56202264726822,0.000639808888888903,0.0,0.25035999999999997,True,True,True,False,5.875752782875279e-13,885.2447285564353,8.286995515695068,8.718347485926914,0.0,-11.786626802785992,890.4634447552719
2026-08-13T11:30:00Z,2026-08-13T11:45:00Z,2026-08-13,2026-08-13_55,-2.6645352591003757e-15,11,11,89,111.56202264726822,111.79482145472164,0.0006850001380262266,0.006348571428571429,0.2605428571428571,True,True,True,False,-6.529443652425471e-14,885.2447285564353,8.286995515695068,8.718347485926914,0.8480106860032439,-8.100469088282196,894.9976131557784
2026-08-13T11:45:00Z,2026-08-13T12:00:00Z,2026-08-13,2026-08-13_56,0.0,11,11,89,111.79482145472164,111.95373436900735,0.00044142476190476193,0.0,0.1727314285714286,True,True,True,False,0.0,885.2447285564353,8.286995515695068,8.718347485926914,0.0,-7.175284308203962,895.0747872498533
2026-08-13T12:00:00Z,2026-08-13T12:15:00Z,2026-08-13,2026-08-13_57,0.0,100,100,0,111.95373436900735,128.17832865472164,0.04506831746031747,0.0,17.635428571428573,True,True,True,False,0.0,0.0,72.53124701841426,79.25770441751742,0.0,9252.214497526136,9404.003448962068
2026-08-13T12:15:00Z,2026-08-13T12:30:00Z,2026-08-13,2026-08-13_58,0.0,100,100,0,128.17832865472164,146.08258008329307,0.04973403174603174,0.0,19.461142857142857,True,True,True,False,0.0,0.0,72.53124701841426,79.25770441751742,0.0,5480.084031894448,5631.87298333038
2026-08-13T12:30:00Z,2026-08-13T12:45:00Z,2026-08-13,2026-08-13_59,0.0,100,100,0,146.08258008329307,148.03245436900735,0.00541631746031746,0.0,2.119428571428571,True,True,True,False,0.0,0.0,72.53124701841426,79.25770441751742,0.0,-102.30079910586502,49.488152330066654
2026-08-13T12:45:00Z,2026-08-13T13:00:00Z,2026-08-13,2026-08-13_60,0.0,100,100,0,148.03245436900735,152.46685436900736,0.012317777777777778,0.0,4.82,True,True,True,False,0.0,0.0,72.53124701841426,79.25770441751742,0.0,-64.2176128232039,87.57133861272779
2026-08-13T13:00:00Z,2026-08-13T13:15:00Z,2026-08-13,2026-08-13_61,0.0,100,100,0,152.46685436900736,161.7135554870198,0.025840560386473428,0.025714285714285714,10.081142857142856,True,True,True,False,0.0,0.0,87.87329453296441,47.45730369239576,3.4347867569888364,1180.1910550519988,1318.9564400343477
2026-08-13T13:15:00Z,2026-08-13T13:30:00Z,2026-08-13,2026-08-13_62,0.0,100,100,0,161.7135554870198,169.16450405844836,0.020697079365079363,0.0,8.098857142857142,True,True,True,False,0.0,0.0,87.87329453296441,47.45730369239576,0.0,386.8998923221611,522.2304905475213
2026-08-13T13:30:00Z,2026-08-13T13:45:00Z,2026-08-13,2026-08-13_63,0.0,100,100,0,169.16450405844836,178.70349436900736,0.026500645962732924,0.0005714285714285715,10.369142857142858,True,True,True,False,0.0,0.0,87.87329453296441,47.45730369239576,0.07632859459975193,219.07670969236852,354.4836365123285
2026-08-13T13:45:00Z,2026-08-13T14:00:00Z,2026-08-13,2026-08-13_64,0.0,100,100,0,178.70349436900736,177.84031921372787,0.014941835748792272,2.8714285714285714,2.4542857142857146,True,True,True,False,0.0,0.0,87.87329453296441,47.45730369239576,487.968067387245,-142.47408398871428,480.8245816238909
2026-08-13T14:00:00Z,2026-08-13T14:15:00Z,2026-08-13,2026-08-13_65,1.6176518803270853e-13,5,100,0,177.84031921372787,188.59328989695763,0.029936478260869585,0.011114285714285714,11.701142857142857,True,True,True,False,3.1705976854410874e-12,0.0,4.250548611773686,14.912699169926535,1.8417498657434541,577.5548358253711,598.559833472818
2026-08-13T14:15:00Z,2026-08-13T14:30:00Z,2026-08-13,2026-08-13_66,0.0,5,100,0,188.59328989695763,189.91171026962843,0.003674356107660455,0.002,1.4354285714285713,True,True,True,False,0.0,0.0,4.250548611773686,14.912699169926535,0.3042240244251503,-68.75156405468398,-49.28409224855861
2026-08-13T14:30:00Z,2026-08-13T14:45:00Z,2026-08-13,2026-08-13_67,1.7880573670805862,5,100,0,189.91171026962843,189.51079657142847,0.0016041476637304152,0.0048000000000000004,0.09771428571428573,True,True,True,False,55.56388268202922,0.0,4.250548611773686,14.912699169926535,0.7327545081576187,-4.680142298308504,70.77974267357855
2026-08-13T14:45:00Z,2026-08-13T15:00:00Z,2026-08-13,2026-08-13_68,95.0,5,100,0,189.51079657142847,175.16642857142847,0.04256326349206349,0.0,10.634857142857143,True,True,True,False,3659.4,0.0,4.250548611773686,14.912699169926535,0.0,11.210180489866017,3689.7734282715664
2026-08-13T15:00:00Z,2026-08-13T15:15:00Z,2026-08-13,2026-08-13_69,-13.0,100,87,0,175.16642857142847,189.6387382857142,0.04020086031746033,0.0,12.48077142857143,True,True,True,False,-406.47749999999996,0.0,99.95229462837516,10.409121267054669,0.0,-87.37135399839165,-383.4874381029618
2026-08-13T15:15:00Z,2026-08-13T15:30:00Z,2026-08-13,2026-08-13_70,-12.632295017186282,100,87,0,189.6387382857142,189.99999999999991,0.015025147131644772,2.6577142857142855,0.3136971428571429,True,True,True,False,-429.18222320890396,0.0,99.95229462837516,10.409121267054669,512.4334831736338,-12.46743366581706,181.14524219434261
2026-08-13T15:30:00Z,2026-08-13T15:45:00Z,2026-08-13,2026-08-13_71,-13.0,100,87,0,189.99999999999991,184.45215600496886,0.026696361573498962,8.014857142857142,0.0,True,True,True,False,-525.005,0.0,99.95229462837516,10.409121267054669,1796.2991734158409,0.0,1381.6555893112707
2026-08-13T15:45:00Z,2026-08-13T16:00:00Z,2026-08-13,2026-08-13_72,-13.0,100,87,0,184.45215600496886,173.05090349316762,0.03930480237405107,13.509714285714287,0.0,True,True,True,False,-586.3975,0.0,99.95229462837516,10.409121267054669,3096.2213099622445,0.0,2620.185225857674
2026-08-13T16:00:00Z,2026-08-13T16:15:00Z,2026-08-13,2026-08-13_73,0.0,51,100,0,173.05090349316762,177.84327641242228,0.015707281573498964,0.3966342857142857,5.677714285714286,True,True,True,False,0.0,0.0,50.33336513691441,13.424291575231372,96.37096769283194,-144.91741387817413,15.21121052680359
2026-08-13T16:15:00Z,2026-08-13T16:30:00Z,2026-08-13,2026-08-13_74,0.0,51,100,0,177.84327641242228,178.93413355527943,0.0030301587301587306,0.0,1.1857142857142857,True,True,True,False,0.0,0.0,50.33336513691441,13.424291575231372,0.0,-90.56341134297435,-26.805754630828567
2026-08-13T16:30:00Z,2026-08-13T16:45:00Z,2026-08-13,2026-08-13_75,14.552234812168134,51,100,0,178.93413355527943,188.2560153995688,0.03558291956986551,0.014862857142857141,14.07657142857143,True,True,True,False,760.5725524579675,0.0,50.33336513691441,13.424291575231372,2.2689219949023403,11683.86318862704,12510.462319792055
2026-08-13T16:45:00Z,2026-08-13T17:00:00Z,2026-08-13,2026-08-13_76,48.79746264647163,51,100,0,188.2560153995688,176.9975085714284,0.03687105895210796,0.12910285714285716,2.138857142857143,True,True,True,False,3097.7849224546353,0.0,50.33336513691441,13.424291575231372,26.03615755639457,-113.84817610097184,3073.730560622204
2026-08-13T17:00:00Z,2026-08-13T17:15:00Z,2026-08-13,2026-08-13_77,0.0,0,100,0,176.9975085714284,189.99999999999983,0.03611803174603175,0.0,14.133142857142857,True,True,True,False,0.0,0.0,0.0,13.424291575231372,0.0,-79.57764455409108,-66.15335297885971
2026-08-13T17:15:00Z,2026-08-13T17:30:00Z,2026-08-13,2026-08-13_78,100.0,0,100,0,189.99999999999983,166.86211180124207,0.064271911663216,0.0,3.713142857142857,True,True,True,False,6567.25,0.0,0.0,13.424291575231372,0.0,-187.9131579047801,6392.761133670451
2026-08-13T17:30:00Z,2026-08-13T17:45:00Z,2026-08-13,2026-08-13_79,100.0,0,100,0,166.86211180124207,139.7658385093166,0.07526742581090407,0.0,0.07142857142857142,True,True,True,False,8179.25,0.0,0.0,13.424291575231372,0.0,-5.4656725775893795,8187.208618997642
2026-08-13T17:45:00Z,2026-08-13T18:00:00Z,2026-08-13,2026-08-13_80,100.0,0,100,0,139.7658385093166,112.59378881987561,0.07547791580400276,0.0,0.0017142857142857142,True,True,True,False,12184.5,0.0,0.0,13.424291575231372,0.0,-0.1311761418621451,12197.79311543337
2026-08-13T18:00:00Z,2026-08-13T18:15:00Z,2026-08-13,2026-08-13_81,100.0,0,100,0,112.59378881987561,85.41987577639735,0.07548309178743962,0.0,0.0,True,True,True,False,10374.0,0.0,0.0,13.424291575231372,0.0,0.0,10387.424291575231
2026-08-13T18:15:00Z,2026-08-13T18:30:00Z,2026-08-13,2026-08-13_82,100.0,0,100,0,85.41987577639735,58.2459627329191,0.07548309178743962,0.0,0.0,True,True,True,False,9298.5,0.0,0.0,13.424291575231372,0.0,0.0,9311.924291575231
2026-08-13T18:30:00Z,2026-08-13T18:45:00Z,2026-08-13,2026-08-13_83,100.0,0,100,0,58.2459627329191,31.072049689440835,0.07548309178743962,0.0,0.0,True,True,True,False,7503.5,0.0,0.0,13.424291575231372,0.0,0.0,7516.924291575231
2026-08-13T18:45:00Z,2026-08-13T19:00:00Z,2026-08-13,2026-08-13_84,8.554098249142974,0,100,0,31.072049689440835,28.74756646956503,0.006456897832988356,0.0,0.0,True,True,True,False,574.0013777631165,0.0,0.0,13.424291575231372,0.0,0.0,587.4256693383478
2026-08-13T19:00:00Z,2026-08-13T19:15:00Z,2026-08-13,2026-08-13_85,0.0,100,93,0,28.74756646956503,11.111541624844534,0.048988957902001376,16.225142857142856,0.0,True,True,True,False,0.0,0.0,91.02184906020419,12.484591164965176,11946.637239521855,0.0,12050.143679747025
2026-08-13T19:15:00Z,2026-08-13T19:30:00Z,2026-08-13,2026-08-13_86,0.0,100,93,0,11.111541624844534,9.999999999999813,0.003337505148378192,1.064,0.04889142857142857,True,True,True,False,0.0,0.0,91.02184906020419,12.484591164965176,208.87860013357505,-3.7504731009854573,308.63456725775893
2026-08-13T19:30:00Z,2026-08-13T19:45:00Z,2026-08-13,2026-08-13_87,-1.1192737558041661e-14,100,93,0,9.999999999999813,10.033942300620932,0.000318576783988965,0.037142857142857144,0.08077714285714285,True,True,True,False,-6.715642534824997e-13,0.0,91.02184906020419,12.484591164965176,5.670124170267287,-6.19643381901945,102.98013057641653
2026-08-13T19:45:00Z,2026-08-13T20:00:00Z,2026-08-13,2026-08-13_88,-6.9505243940376555,100,93,0,10.033942300620932,11.758947930379103,0.005260461581573608,0.08342857142857142,0.23489142857142856,True,True,True,False,-377.32659304131926,0.0,91.02184906020419,12.484591164965176,12.73597121321575,-18.018577289517086,-279.1027588924512
2026-08-13T20:00:00Z,2026-08-13T20:15:00Z,2026-08-13,2026-08-13_89,0.0,98,88,0,11.758947930379103,10.920613957708294,0.003670328336783989,0.99344,0.2624914285714286,True,True,True,False,0.0,0.0,97.05562446331457,11.813376586203608,249.20832439652702,-20.135779846525008,337.94154559952017
2026-08-13T20:15:00Z,2026-08-13T20:30:00Z,2026-08-13,2026-08-13_90,-11.620669308517078,98,88,0,10.920613957708294,12.563339031055712,0.009788210321139981,0.9816799999999999,0.019108571428571426,True,True,True,False,-626.0926106696288,0.0,97.05562446331457,11.813376586203608,208.05115800400722,-1.4658230539615904,-310.638274670065
2026-08-13T20:30:00Z,2026-08-13T20:45:00Z,2026-08-13,2026-08-13_91,0.0,98,88,0,12.563339031055712,9.999999999999812,0.007133236991028294,2.3604,0.002514285714285714,True,True,True,False,0.0,0.0,97.05562446331457,11.813376586203608,475.23876065260947,-0.19287145446863033,583.9148902476591
2026-08-13T20:45:00Z,2026-08-13T21:00:00Z,2026-08-13,2026-08-13_92,1.445101952555768,98,88,0,9.999999999999812,9.99999999999981,0.0036250839966994394,0.25088000000000005,0.7210971428571429,True,True,True,False,69.73700747545998,0.0,97.05562446331457,11.813376586203608,38.29863562637154,-46.17498529202503,170.72965885932467
2026-08-13T21:00:00Z,2026-08-13T21:15:00Z,2026-08-14,2026-08-13_93,-2.6140674086264255,15,85,0,9.99999999999981,10.541414289153387,0.003098115211962956,0.3197142857142857,0.3026,True,True,True,False,-125.10273100833916,0.0,15.597883093353676,10.55306570039096,62.14804266506831,-22.518033679794033,-59.32177322932025
2026-08-13T21:15:00Z,2026-08-13T21:30:00Z,2026-08-14,2026-08-13_94,0.0,15,85,0,10.541414289153387,10.433281071762082,0.0003202303657694962,0.10277142857142857,0.0038857142857142857,True,True,True,False,0.0,0.0,15.597883093353676,10.55306570039096,17.918507757904344,-0.2979035268155131,43.771553024833466
2026-08-13T21:30:00Z,2026-08-13T21:45:00Z,2026-08-14,2026-08-13_95,0.0,15,85,0,10.433281071762082,10.401774587290033,0.00033328944099378886,0.06968571428571428,0.04808571428571429,True,True,True,False,0.0,0.0,15.597883093353676,10.55306570039096,11.884912858096417,-3.6865561443419748,34.349305507499075
2026-08-13T21:45:00Z,2026-08-13T22:00:00Z,2026-08-14,2026-08-13_96,-14.999999999999982,15,85,0,10.401774587290033,13.689144873004317,0.009131584126984118,0.19474285714285713,0.017971428571428572,True,True,True,False,-624.3374999999993,0.0,15.597883093353676,10.55306570039096,34.689483676388456,-1.3778038115217481,-564.8748713413879
2026-08-13T22:00:00Z,2026-08-13T22:15:00Z,2026-08-14,2026-08-14_1,-69.57504777460298,100,0,0,13.689144873004317,18.996557515527932,0.03498307010616218,11.016571428571428,0.0,True,True,True,False,-3207.583640028634,0.0,103.9858872890245,0.0,3031.112930240161,0.0,-72.48482249944846
2026-08-13T22:15:00Z,2026-08-13T22:30:00Z,2026-08-14,2026-08-14_2,-100.0,100,0,0,18.996557515527932,29.720603229813648,0.02978901587301588,13.34342857142857,0.0,True,True,True,False,-3979.9999999999995,0.0,103.9858872890245,0.0,3268.2098916481623,0.0,-607.8042210628128
2026-08-13T22:30:00Z,2026-08-13T22:45:00Z,2026-08-14,2026-08-14_3,-100.0,100,0,0,29.720603229813648,47.095460372670786,0.048263492063492064,6.114285714285714,0.0,True,True,True,False,-3913.25,0.0,103.9858872890245,0.0,1468.5829802885205,0.0,-2340.681132422455
2026-08-13T22:45:00Z,2026-08-13T23:00:00Z,2026-08-14,2026-08-14_4,-100.0,100,0,0,47.095460372670786,64.3478260869565,0.0479232380952381,6.247428571428571,0.0,True,True,True,False,-3783.2500000000005,0.0,103.9858872890245,0.0,1423.9704905937963,0.0,-2255.2936221171794
2026-08-13T23:00:00Z,2026-08-13T23:15:00Z,2026-08-14,2026-08-14_5,0.0,0,0,100,64.3478260869565,64.3478260869565,0.0,0.0,0.0,True,True,True,False,0.0,994.0879183751312,0.0,0.0,0.0,0.0,994.0879183751312
2026-08-13T23:15:00Z,2026-08-13T23:30:00Z,2026-08-14,2026-08-14_6,0.0,0,0,100,64.3478260869565,64.3478260869565,0.0,0.0,0.0,True,True,True,False,0.0,994.0879183751312,0.0,0.0,0.0,0.0,994.0879183751312
2026-08-13T23:30:00Z,2026-08-13T23:45:00Z,2026-08-14,2026-08-14_7,0.0,0,0,100,64.3478260869565,64.3478260869565,0.0,0.0,0.0,True,True,True,False,0.0,994.0879183751312,0.0,0.0,0.0,0.0,994.0879183751312
2026-08-13T23:45:00Z,2026-08-14T00:00:00Z,2026-08-14,2026-08-14_8,0.0,0,0,100,64.3478260869565,64.3478260869565,0.0,0.0,0.0,True,True,True,False,0.0,994.0879183751312,0.0,0.0,0.0,0.0,994.0879183751312
2026-08-14T00:00:00Z,2026-08-14T00:15:00Z,2026-08-14,2026-08-14_9,0.0,0,0,100,64.3478260869565,64.3478260869565,0.0,0.0,0.0,True,True,True,False,0.0,994.0879183751312,0.0,0.0,0.0,0.0,994.0879183751312
2026-08-14T00:15:00Z,2026-08-14T00:30:00Z,2026-08-14,2026-08-14_10,0.0,0,0,100,64.3478260869565,64.3478260869565,0.0,0.0,0.0,True,True,True,False,0.0,994.0879183751312,0.0,0.0,0.0,0.0,994.0879183751312
2026-08-14T00:30:00Z,2026-08-14T00:45:00Z,2026-08-14,2026-08-14_11,0.0,0,0,100,64.3478260869565,64.3478260869565,0.0,0.0,0.0,True,True,True,False,0.0,994.0879183751312,0.0,0.0,0.0,0.0,994.0879183751312
2026-08-14T00:45:00Z,2026-08-14T01:00:00Z,2026-08-14,2026-08-14_12,0.0,0,0,100,64.3478260869565,64.3478260869565,0.0,0.0,0.0,True,True,True,False,0.0,994.0879183751312,0.0,0.0,0.0,0.0,994.0879183751312
2026-08-14T01:00:00Z,2026-08-14T01:15:00Z,2026-08-14,2026-08-14_13,-0.4522288802273843,100,6,0,64.3478260869565,53.14851561739122,0.031446513701248235,10.406285714285714,0.0,True,True,True,False,-16.177357617934103,0.0,103.9858872890245,1.5773815199771142,2605.6617031699107,0.0,2695.047614360978
2026-08-14T01:15:00Z,2026-08-14T01:30:00Z,2026-08-14,2026-08-14_14,0.0,100,6,0,53.14851561739122,44.349757853416065,0.02444099378881987,8.094857142857142,0.0,True,True,True,False,0.0,0.0,103.9858872890245,1.5773815199771142,1708.9557964827202,0.0,1814.5190652917217
2026-08-14T01:30:00Z,2026-08-14T01:45:00Z,2026-08-14,2026-08-14_15,-94.0,100,6,0,44.349757853416065,53.470855552794944,0.030205740676328505,13.439428571428572,0.0,True,True,True,False,-3329.48,0.0,103.9858872890245,1.5773815199771142,3212.2015615523983,0.0,-11.715169638600111
2026-08-14T01:45:00Z,2026-08-14T02:00:00Z,2026-08-14,2026-08-14_16,-94.00000000000028,100,6,0,53.470855552794944,64.3478260869565,0.03439910724637682,11.551428571428572,0.0,True,True,True,False,-3332.5350000000103,0.0,103.9858872890245,1.5773815199771142,2781.6549365881565,0.0,-445.3167946028522
2026-08-14T02:00:00Z,2026-08-14T02:15:00Z,2026-08-14,2026-08-14_17,0.0,0,0,100,64.3478260869565,64.3478260869565,0.0,0.0,0.0,True,True,True,False,0.0,994.0879183751312,0.0,0.0,0.0,0.0,994.0879183751312
2026-08-14T02:15:00Z,2026-08-14T02:30:00Z,2026-08-14,2026-08-14_18,0.0,0,0,100,64.3478260869565,64.3478260869565,0.0,0.0,0.0,True,True,True,False,0.0,994.0879183751312,0.0,0.0,0.0,0.0,994.0879183751312
2026-08-14T02:30:00Z,2026-08-14T02:45:00Z,2026-08-14,2026-08-14_19,0.0,0,0,100,64.3478260869565,64.3478260869565,0.0,0.0,0.0,True,True,True,False,0.0,994.0879183751312,0.0,0.0,0.0,0.0,994.0879183751312
2026-08-14T02:45:00Z,2026-08-14T03:00:00Z,2026-08-14,2026-08-14_20,0.0,0,0,100,64.3478260869565,64.3478260869565,0.0,0.0,0.0,True,True,True,False,0.0,994.0879183751312,0.0,0.0,0.0,0.0,994.0879183751312
2026-08-14T03:00:00Z,2026-08-14T03:15:00Z,2026-08-14,2026-08-14_21,0.0,0,0,100,64.3478260869565,64.3478260869565,0.0,0.0,0.0,True,True,True,False,0.0,994.0879183751312,0.0,0.0,0.0,0.0,994.0879183751312
2026-08-14T03:15:00Z,2026-08-14T03:30:00Z,2026-08-14,2026-08-14_22,0.0,0,0,100,64.3478260869565,64.3478260869565,0.0,0.0,0.0,True,True,True,False,0.0,994.0879183751312,0.0,0.0,0.0,0.0,994.0879183751312
2026-08-14T03:30:00Z,2026-08-14T03:45:00Z,2026-08-14,2026-08-14_23,0.0,0,0,100,64.3478260869565,64.3478260869565,0.0,0.0,0.0,True,True,True,False,0.0,994.0879183751312,0.0,0.0,0.0,0.0,994.0879183751312
2026-08-14T03:45:00Z,2026-08-14T04:00:00Z,2026-08-14,2026-08-14_24,0.0,0,0,100,64.3478260869565,64.3478260869565,0.0,0.0,0.0,True,True,True,False,0.0,994.0879183751312,0.0,0.0,0.0,0.0,994.0879183751312
2026-08-14T04:00:00Z,2026-08-14T04:15:00Z,2026-08-14,2026-08-14_25,0.0,0,0,100,64.3478260869565,64.3478260869565,0.0,0.0,0.0,True,True,True,False,0.0,994.0879183751312,0.0,0.0,0.0,0.0,994.0879183751312
2026-08-14T04:15:00Z,2026-08-14T04:30:00Z,2026-08-14,2026-08-14_26,0.0,0,0,100,64.3478260869565,64.3478260869565,0.0,0.0,0.0,True,True,True,False,0.0,994.0879183751312,0.0,0.0,0.0,0.0,994.0879183751312
2026-08-14T04:30:00Z,2026-08-14T04:45:00Z,2026-08-14,2026-08-14_27,0.0,0,0,100,64.3478260869565,64.3478260869565,0.0,0.0,0.0,True,True,True,False,0.0,994.0879183751312,0.0,0.0,0.0,0.0,994.0879183751312
2026-08-14T04:45:00Z,2026-08-14T05:00:00Z,2026-08-14,2026-08-14_28,0.0,0,0,100,64.3478260869565,64.3478260869565,0.0,0.0,0.0,True,True,True,False,0.0,994.0879183751312,0.0,0.0,0.0,0.0,994.0879183751312
2026-08-14T05:00:00Z,2026-08-14T05:15:00Z,2026-08-14,2026-08-14_29,0.0,0,0,100,64.3478260869565,64.3478260869565,0.0,0.0,0.0,True,True,True,False,0.0,994.0879183751312,0.0,0.0,0.0,0.0,994.0879183751312
2026-08-14T05:15:00Z,2026-08-14T05:30:00Z,2026-08-14,2026-08-14_30,0.0,0,0,100,64.3478260869565,64.3478260869565,0.0,0.0,0.0,True,True,True,False,0.0,994.0879183751312,0.0,0.0,0.0,0.0,994.0879183751312
2026-08-14T05:30:00Z,2026-08-14T05:45:00Z,2026-08-14,2026-08-14_31,0.0,0,0,100,64.3478260869565,64.3478260869565,0.0,0.0,0.0,True,True,True,False,0.0,994.0879183751312,0.0,0.0,0.0,0.0,994.0879183751312
2026-08-14T05:45:00Z,2026-08-14T06:00:00Z,2026-08-14,2026-08-14_32,0.0,0,0,100,64.3478260869565,64.3478260869565,0.0,0.0,0.0,True,True,True,False,0.0,994.0879183751312,0.0,0.0,0.0,0.0,994.0879183751312
2026-08-14T06:00:00Z,2026-08-14T06:15:00Z,2026-08-14,2026-08-14_33,3.0,8,11,89,64.3478260869565,62.87141916024843,0.004131271304347825,0.6154971428571429,0.008108571428571429,True,True,True,False,131.2725,884.7382473538667,8.405835796700677,0.8307428244493182,151.662909596371,-0.5309208342301354,1176.3793147371575
2026-08-14T06:15:00Z,2026-08-14T06:30:00Z,2026-08-14,2026-08-14_34,3.0,8,11,89,62.87141916024843,61.84840946086954,0.004116725990338164,0.4958628571428571,0.3430114285714285,True,True,True,False,121.68,884.7382473538667,8.405835796700677,0.8307428244493182,123.75520780721708,-14.135394015447694,1125.274639766786
2026-08-14T06:30:00Z,2026-08-14T06:45:00Z,2026-08-14,2026-08-14_35,3.0,8,11,89,61.84840946086954,61.42070208198756,0.0026799363699102825,0.0,0.4013428571428571,True,True,True,False,109.19999999999999,884.7382473538667,8.405835796700677,0.8307428244493182,0.0,-20.06905638273236,983.1057695922843
2026-08-14T06:45:00Z,2026-08-14T07:00:00Z,2026-08-14,2026-08-14_36,0.0,8,11,89,61.42070208198756,62.38059853913041,0.0026663790476190476,0.0,1.0433657142857142,True,True,True,False,0.0,884.7382473538667,8.405835796700677,0.8307428244493182,0.0,-8.708278272146467,885.2665477028702
2026-08-14T07:00:00Z,2026-08-14T07:15:00Z,2026-08-14,2026-08-14_37,7.0,0,7,93,62.38059853913041,60.806250713043454,0.004373188405797102,0.0,0.3016,True,True,True,False,276.115,919.6331648707924,0.0,0.8710784781157623,0.0,-6.7872222751978635,1189.8320210737102
2026-08-14T07:15:00Z,2026-08-14T07:30:00Z,2026-08-14,2026-08-14_38,0.0,0,7,93,60.806250713043454,60.892509913043455,0.00023960888888888886,0.0,0.09375999999999998,True,True,True,False,0.0,919.6331648707924,0.0,0.8710784781157623,0.0,-4.417815276056069,916.0864280728521
2026-08-14T07:30:00Z,2026-08-14T07:45:00Z,2026-08-14,2026-08-14_39,2.055330073369727,0,7,93,60.892509913043455,60.566135105590035,0.001771502653571921,0.0,0.23956000000000002,True,True,True,False,61.495475795222234,919.6331648707924,0.0,0.8710784781157623,0.0,-10.779903034232861,971.2198161098975
2026-08-14T07:45:00Z,2026-08-14T08:00:00Z,2026-08-14,2026-08-14_40,0.0,0,7,93,60.566135105590035,60.87234790559003,0.0008505911111111111,0.0,0.33283999999999997,True,True,True,False,0.0,919.6331648707924,0.0,0.8710784781157623,0.0,-4.2026009116048435,916.3016424373033
2026-08-14T08:00:00Z,2026-08-14T08:15:00Z,2026-08-14,2026-08-14_41,0.0,8,8,92,60.87234790559003,60.32988334906829,0.002142843450655624,0.6043885714285714,0.12443428571428572,True,True,True,False,0.0,909.7446362162676,6.188233050443405,1.6454658148183465,104.48447393207917,3.525831899630836,1025.5886409132395
2026-08-14T08:15:00Z,2026-08-14T08:30:00Z,2026-08-14,2026-08-14_42,0.0,8,8,92,60.32988334906829,60.02059201987574,0.0016371997239475497,0.41339428571428566,0.15222857142857144,True,True,True,False,0.0,909.7446362162676,6.188233050443405,1.6454658148183465,70.9145237929954,-6.773452889972619,981.7194059845522
2026-08-14T08:30:00Z,2026-08-14T08:45:00Z,2026-08-14,2026-08-14_43,0.0,8,8,92,60.02059201987574,59.999999999999964,0.00017496005521048998,0.038445714285714284,0.02304,True,True,True,False,0.0,909.7446362162676,6.188233050443405,1.6454658148183465,5.132449699628111,-1.1483617583675025,921.56242302279
2026-08-14T08:45:00Z,2026-08-14T09:00:00Z,2026-08-14,2026-08-14_44,0.0,8,8,92,59.999999999999964,60.047151383850895,0.00015968552104899932,0.004754285714285714,0.05686857142857143,True,True,True,False,0.0,909.7446362162676,6.188233050443405,1.6454658148183465,0.6346905692762468,-2.8339495723957553,915.3790760784099
2026-08-14T09:00:00Z,2026-08-14T09:15:00Z,2026-08-14,2026-08-14_45,2.4467143287255487e-14,11,0,89,60.047151383850895,59.64520728447201,0.0011165113871635798,0.36978857142857147,0.0,True,True,True,False,6.108834000245514e-13,884.7382473538667,8.22875941642033,0.0,52.12160569957363,0.0,945.0886124698612
2026-08-14T09:15:00Z,2026-08-14T09:30:00Z,2026-08-14,2026-08-14_46,0.0,11,0,89,59.64520728447201,59.104294240993745,0.001502536231884058,0.49763999999999997,0.0,True,True,True,False,0.0,884.7382473538667,8.22875941642033,0.0,78.28688172403929,0.0,971.2538884943262
2026-08-14T09:30:00Z,2026-08-14T09:45:00Z,2026-08-14,2026-08-14_47,-1.0734234080472334,11,0,89,59.104294240993745,59.35118162484461,0.0006857982884746214,0.0,0.0,True,True,True,False,-17.47264952448884,884.7382473538667,8.22875941642033,0.0,0.0,0.0,875.4943572457981
2026-08-14T09:45:00Z,2026-08-14T10:00:00Z,2026-08-14,2026-08-14_48,-11.0,11,0,89,59.35118162484461,61.86354391055889,0.006978784126984127,0.019171428571428572,0.0,True,True,True,False,-106.4525,884.7382473538667,8.22875941642033,0.0,2.5593592066367887,0.0,789.0738659769238
2026-08-14T10:00:00Z,2026-08-14T10:15:00Z,2026-08-14,2026-08-14_49,-11.0,11,0,89,61.86354391055889,64.38510093913033,0.007004325079365079,0.009177142857142858,0.0,True,True,True,False,-150.6175,884.7382473538667,8.22875941642033,0.0,1.2251358825212169,0.0,743.5746426528082
2026-08-14T10:15:00Z,2026-08-14T10:30:00Z,2026-08-14,2026-08-14_50,-11.0,11,0,89,64.38510093913033,66.91382871055889,0.007024243809523809,0.0013828571428571427,0.0,True,True,True,False,-101.9975,884.7382473538667,8.22875941642033,0.0,0.18460951654429292,0.0,791.1541162868313
2026-08-14T10:30:00Z,2026-08-14T10:45:00Z,2026-08-14,2026-08-14_51,-11.0,11,0,89,66.91382871055889,69.44244082484461,0.007023922539682539,0.0015085714285714286,0.0,True,True,True,False,-62.974999999999994,884.7382473538667,8.22875941642033,0.0,0.2013921998665014,0.0,830.1933989701535
2026-08-14T10:45:00Z,2026-08-14T11:00:00Z,2026-08-14,2026-08-14_52,-11.0,11,0,89,69.44244082484461,71.9643448248446,0.00700528888888889,0.0088,0.0,True,True,True,False,-56.32,884.7382473538667,8.22875941642033,0.0,1.1747878325545915,0.0,837.8217946028416
2026-08-14T11:00:00Z,2026-08-14T11:15:00Z,2026-08-14,2026-08-14_53,-76.00000000000009,76,0,24,71.9643448248446,89.08076082484462,0.047545600000000056,0.3952,0.0,True,True,True,False,-617.8800000000008,238.58110041003144,56.15752836845618,0.0,52.75865357108802,0.0,-270.38271765042515
2026-08-14T11:15:00Z,2026-08-14T11:30:00Z,2026-08-14,2026-08-14_54,-76.0,76,0,24,89.08076082484462,104.80916493913034,0.043690011428571436,1.9039085714285715,0.0,True,True,True,False,-618.83,238.58110041003144,56.15752836845618,0.0,275.1174210377474,0.0,-48.973950183765005
2026-08-14T11:30:00Z,2026-08-14T11:45:00Z,2026-08-14,2026-08-14_55,-76.0,76,0,24,104.80916493913034,121.8980124819875,0.04746902095238096,0.42516571428571426,0.0,True,True,True,False,-512.43,238.58110041003144,56.15752836845618,0.0,57.380222091569145,0.0,-160.3111491299432
2026-08-14T11:45:00Z,2026-08-14T12:00:00Z,2026-08-14,2026-08-14_56,-76.0,76,0,24,121.8980124819875,138.20295693913036,0.04529151238095239,1.2772342857142855,0.0,True,True,True,False,-477.46999999999997,238.58110041003144,56.15752836845618,0.0,180.94440622376,0.0,-1.7869649977523423
2026-08-14T12:00:00Z,2026-08-14T12:15:00Z,2026-08-14,2026-08-14_57,-11.0,11,0,89,138.20295693913036,140.62545362484465,0.00672915746031746,0.11685142857142856,0.0,True,True,True,False,-102.6025,884.7382473538667,7.907790597883092,0.0,16.88465815472217,0.0,806.9281961064719
2026-08-14T12:15:00Z,2026-08-14T12:30:00Z,2026-08-14,2026-08-14_58,-11.0,11,0,89,140.62545362484465,143.15094299627322,0.0070152482539682535,0.004902857142857143,0.0,True,True,True,False,-120.4225,884.7382473538667,7.907790597883092,0.0,0.6545246495661295,0.0,772.8780626013158
2026-08-14T12:30:00Z,2026-08-14T12:45:00Z,2026-08-14,2026-08-14_59,-11.0,11,0,89,143.15094299627322,145.6641148819875,0.006981033015873017,0.01829142857142857,0.0,True,True,True,False,-125.67500000000001,884.7382473538667,7.907790597883092,0.0,2.5089274830061705,0.0,769.4799654347559
2026-08-14T12:45:00Z,2026-08-14T13:00:00Z,2026-08-14,2026-08-14_60,-11.0,11,0,89,145.6641148819875,148.1297516819875,0.00684899111111111,0.06996000000000001,0.0,True,True,True,False,-154.7425,884.7382473538667,7.907790597883092,0.0,9.339563268809004,0.0,747.2431012205587
2026-08-14T13:00:00Z,2026-08-14T13:15:00Z,2026-08-14,2026-08-14_61,-1.0,11,10,89,148.1297516819875,148.7502701714285,0.0017281483229813666,0.0008171428571428572,0.4254285714285715,True,True,True,False,-13.745,884.7382473538667,9.19166587203204,5.893010393820922,0.10908744159435493,-2.593138661472027,883.593872399842
2026-08-14T13:15:00Z,2026-08-14T13:30:00Z,2026-08-14,2026-08-14_62,-1.0,11,10,89,148.7502701714285,149.01769768944092,0.0019933718150448587,0.22779428571428573,0.30605714285714286,True,True,True,False,-15.815,884.7382473538667,9.19166587203204,5.893010393820922,33.55581211895,0.6888693429960904,918.2526050816657
2026-08-14T13:30:00Z,2026-08-14T13:45:00Z,2026-08-14,2026-08-14_63,-1.0,11,10,89,149.01769768944092,148.01410495403718,0.003530737915804002,1.1509771428571427,0.0,True,True,True,False,-20.0,884.7382473538667,9.19166587203204,5.893010393820922,198.57587932923752,0.0,1078.3988029489572
2026-08-14T13:45:00Z,2026-08-14T14:00:00Z,2026-08-14,2026-08-14_64,-1.734723475976807e-16,11,10,89,148.01410495403718,146.80478818385083,0.0033592132505175986,1.1125714285714285,0.0,True,True,True,False,-4.402294501160142e-15,884.7382473538667,9.19166587203204,5.893010393820922,189.99117165470173,0.0,1089.8140952744213
2026-08-14T14:00:00Z,2026-08-14T14:15:00Z,2026-08-14,2026-08-14_65,-9.805268765865712,0,0,89,146.80478818385083,149.05999999999995,0.006264477267080871,0.0,0.0,True,False,True,False,-213.26459565757924,884.7382473538667,0.0,0.0,0.0,0.0,671.4736516962874
2026-08-14T14:15:00Z,2026-08-14T14:30:00Z,2026-08-14,2026-08-14_66,0.0,0,0,89,149.05999999999995,149.05999999999995,0.0,0.0,0.0,True,False,True,False,0.0,884.7382473538667,0.0,0.0,0.0,0.0,884.7382473538667
2026-08-14T14:30:00Z,2026-08-14T14:45:00Z,2026-08-14,2026-08-14_67,7.620800000000003,0,0,89,149.05999999999995,146.98913043478257,0.0057524154589372,0.0,0.0,True,False,True,False,238.07379200000008,884.7382473538667,0.0,0.0,0.0,0.0,1122.8120393538668
2026-08-14T14:45:00Z,2026-08-14T15:00:00Z,2026-08-14,2026-08-14_68,10.999999999999996,0,0,89,146.98913043478257,143.99999999999997,0.008303140096618354,0.0,0.0,True,False,True,False,398.0349999999999,884.7382473538667,0.0,0.0,0.0,0.0,1282.7732473538665
2026-08-14T15:00:00Z,2026-08-14T15:15:00Z,2026-08-14,2026-08-14_69,0.0,0,0,100,143.99999999999997,143.99999999999997,0.0,0.0,0.0,True,False,True,False,0.0,994.0879183751312,0.0,0.0,0.0,0.0,994.0879183751312
2026-08-14T15:15:00Z,2026-08-14T15:30:00Z,2026-08-14,2026-08-14_70,0.0,0,0,100,143.99999999999997,143.99999999999997,0.0,0.0,0.0,True,False,True,False,0.0,994.0879183751312,0.0,0.0,0.0,0.0,994.0879183751312
2026-08-14T15:30:00Z,2026-08-14T15:45:00Z,2026-08-14,2026-08-14_71,0.0,0,0,100,143.99999999999997,143.99999999999997,0.0,0.0,0.0,True,False,True,False,0.0,994.0879183751312,0.0,0.0,0.0,0.0,994.0879183751312
2026-08-14T15:45:00Z,2026-08-14T16:00:00Z,2026-08-14,2026-08-14_72,0.0,0,0,100,143.99999999999997,143.99999999999997,0.0,0.0,0.0,True,False,True,False,0.0,994.0879183751312,0.0,0.0,0.0,0.0,994.0879183751312
2026-08-14T16:00:00Z,2026-08-14T16:15:00Z,2026-08-14,2026-08-14_73,0.0,0,0,100,143.99999999999997,143.99999999999997,0.0,0.0,0.0,True,True,True,False,0.0,994.0879183751312,0.0,0.0,0.0,0.0,994.0879183751312
2026-08-14T16:15:00Z,2026-08-14T16:30:00Z,2026-08-14,2026-08-14_74,0.0,0,0,100,143.99999999999997,143.99999999999997,0.0,0.0,0.0,True,True,True,False,0.0,994.0879183751312,0.0,0.0,0.0,0.0,994.0879183751312
2026-08-14T16:30:00Z,2026-08-14T16:45:00Z,2026-08-14,2026-08-14_75,0.0,0,0,100,143.99999999999997,143.99999999999997,0.0,0.0,0.0,True,True,True,False,0.0,994.0879183751312,0.0,0.0,0.0,0.0,994.0879183751312
2026-08-14T16:45:00Z,2026-08-14T17:00:00Z,2026-08-14,2026-08-14_76,0.0,0,0,100,143.99999999999997,143.99999999999997,0.0,0.0,0.0,True,True,True,False,0.0,994.0879183751312,0.0,0.0,0.0,0.0,994.0879183751312
2026-08-14T17:00:00Z,2026-08-14T17:15:00Z,2026-08-14,2026-08-14_77,0.0,0,100,0,143.99999999999997,150.81010285714282,0.01891695238095238,0.0,7.402285714285714,True,True,True,False,0.0,0.0,0.0,12.415371412224658,0.0,-323.3133748722908,-310.89800346006615
2026-08-14T17:15:00Z,2026-08-14T17:30:00Z,2026-08-14,2026-08-14_78,99.52591070832672,0,100,0,150.81010285714282,128.77937672546577,0.061308326683116664,0.0,4.6165714285714285,True,True,True,False,5603.059958102023,0.0,0.0,12.415371412224658,0.0,-260.47024403002354,5355.005085484225
2026-08-14T17:30:00Z,2026-08-14T17:45:00Z,2026-08-14,2026-08-14_79,100.0,0,100,0,128.77937672546577,102.91229598012414,0.07185300207039337,0.0,1.2022857142857144,True,True,True,False,6449.5,0.0,0.0,12.415371412224658,0.0,-83.79451064583363,6378.120860766391
2026-08-14T17:45:00Z,2026-08-14T18:00:00Z,2026-08-14,2026-08-14_80,100.0,0,100,0,102.91229598012414,75.73838293664588,0.07548309178743962,0.0,0.0,True,True,True,False,7495.75,0.0,0.0,12.415371412224658,0.0,0.0,7508.165371412225
2026-08-14T18:00:00Z,2026-08-14T18:15:00Z,2026-08-14,2026-08-14_81,22.0,0,22,78,75.73838293664588,69.79428355776389,0.016511387163561077,0.0,0.03142857142857143,True,True,True,False,1476.64,775.3885763326023,0.0,2.731381710689425,0.0,-2.4574643436090944,2252.3024936996826
2026-08-14T18:15:00Z,2026-08-14T18:30:00Z,2026-08-14,2026-08-14_82,22.0,0,22,78,69.79428355776389,64.51947610434775,0.014652242926155967,0.0,0.6471771428571429,True,True,True,False,1477.63,775.3885763326023,0.0,2.731381710689425,0.0,-50.57127480717623,2205.1786832361154
2026-08-14T18:30:00Z,2026-08-14T18:45:00Z,2026-08-14,2026-08-14_83,22.0,0,22,78,64.51947610434775,58.56786119751544,0.01653226363008972,0.0,0.024514285714285718,True,True,True,False,1425.215,775.3885763326023,0.0,2.731381710689425,0.0,-1.9168221880150937,2201.4181358552764
2026-08-14T18:45:00Z,2026-08-14T19:00:00Z,2026-08-14,2026-08-14_84,22.0,0,22,78,58.56786119751544,52.596432626086866,0.016587301587301588,0.0,0.006285714285714286,True,True,True,False,1374.9450000000002,775.3885763326023,0.0,2.731381710689425,0.0,-0.4914928687218189,2152.57346517457
2026-08-14T19:00:00Z,2026-08-14T19:15:00Z,2026-08-14,2026-08-14_85,0.0,26,26,74,52.596432626086866,50.3622090236024,0.006206176673567978,2.0554857142857146,0.0,True,True,True,False,0.0,735.625059597597,23.77114522742443,3.2279965671784114,1247.5126378291493,0.0,2010.1368392213492
2026-08-14T19:15:00Z,2026-08-14T19:30:00Z,2026-08-14,2026-08-14_86,0.0,26,26,74,50.3622090236024,50.328957704347744,0.0001561514423740511,0.04115428571428572,0.01248,True,True,True,False,0.0,735.625059597597,23.77114522742443,3.2279965671784114,6.350788723998421,-0.9758367502622295,767.999153365936
2026-08-14T19:30:00Z,2026-08-14T19:45:00Z,2026-08-14,2026-08-14_87,0.0,26,26,74,50.328957704347744,50.25782893913035,0.0002294732367149758,0.07071999999999999,0.00624,True,True,True,False,0.0,735.625059597597,23.77114522742443,3.2279965671784114,11.758267172689996,-0.48791837513111475,773.8945501897587
2026-08-14T19:45:00Z,2026-08-14T20:00:00Z,2026-08-14,2026-08-14_88,0.0,26,26,74,50.25782893913035,50.28330622608687,0.00014792690131124913,0.012777142857142855,0.042788571428571426,True,True,True,False,0.0,735.625059597597,23.77114522742443,3.2279965671784114,1.9494067484913291,-3.3457260008990723,761.2278821397921
2026-08-14T20:00:00Z,2026-08-14T20:15:00Z,2026-08-14,2026-08-14_89,0.0,29,29,71,50.28330622608687,49.14318934658377,0.0031703792684610074,1.0494685714285714,0.0006628571428571429,True,True,True,False,0.0,705.8024220463432,28.795365690855345,3.6004577095451507,239.3837110915555,-0.05183015706520999,977.5301263812339
2026-08-14T20:15:00Z,2026-08-14T20:30:00Z,2026-08-14,2026-08-14_90,0.0,29,29,71,49.14318934658377,49.130144318012334,0.00017090666666666666,0.03430285714285714,0.02634857142857143,True,True,True,False,0.0,705.8024220463432,28.795365690855345,3.6004577095451507,5.517634360909425,-2.0602487433420973,741.655631064311
2026-08-14T20:30:00Z,2026-08-14T20:45:00Z,2026-08-14,2026-08-14_91,0.0,29,29,71,49.130144318012334,48.873002146583765,0.0008277796825396824,0.25536571428571425,0.022205714285714287,True,True,True,False,0.0,705.8024220463432,28.795365690855345,3.6004577095451507,45.26876564235993,-1.7363102616845347,781.730700827419
2026-08-14T20:45:00Z,2026-08-14T21:00:00Z,2026-08-14,2026-08-14_92,0.0,29,29,71,48.873002146583765,48.58695652173904,0.0008995972118702554,0.28055428571428576,0.020548571428571426,True,True,True,False,0.0,705.8024220463432,28.795365690855345,3.6004577095451507,50.420904828563266,-1.6067348690215095,787.0124154062854
2026-08-14T21:00:00Z,2026-08-14T21:15:00Z,2026-08-15,2026-08-14_93,-7.357117407681079,30,0,70,48.58695652173904,49.58191120856837,0.005801565900921217,0.6665142857142856,0.0,True,True,True,False,-342.2163162182854,694.1862460904722,31.143679914562515,0.0,119.17813358325249,0.0,502.2917433700018
2026-08-14T21:15:00Z,2026-08-14T21:30:00Z,2026-08-15,2026-08-14_94,-12.984338564614374,30,0,70,49.58191120856837,51.224735801242254,0.009098562754905672,1.3241142857142858,0.0,True,True,True,False,-590.8523263827772,694.1862460904722,31.143679914562515,0.0,242.66194753876837,0.0,377.1395471610259
2026-08-14T21:30:00Z,2026-08-14T21:45:00Z,2026-08-15,2026-08-14_95,-29.999999999999986,30,0,70,51.224735801242254,58.113380372670825,0.019135123809523803,0.012342857142857142,0.0,True,True,True,False,-1312.4999999999993,694.1862460904722,31.143679914562515,0.0,1.883111929644846,0.0,-585.2869620653198
2026-08-14T21:45:00Z,2026-08-14T22:00:00Z,2026-08-15,2026-08-14_96,-29.999999999999986,30,0,70,58.113380372670825,64.34782608695654,0.017317904761904757,0.7234285714285714,0.0,True,True,True,False,-1252.4249999999995,694.1862460904722,31.143679914562515,0.0,129.8875466146486,0.0,-397.20752738031615
2026-08-14T22:00:00Z,2026-08-14T22:15:00Z,2026-08-15,2026-08-15_1,0.0,0,0,100,64.34782608695654,64.34782608695654,0.0,0.0,0.0,True,True,True,False,0.0,991.6946372721033,0.0,0.0,0.0,0.0,991.6946372721033
2026-08-14T22:15:00Z,2026-08-14T22:30:00Z,2026-08-15,2026-08-15_2,0.0,0,0,100,64.34782608695654,64.34782608695654,0.0,0.0,0.0,True,True,True,False,0.0,991.6946372721033,0.0,0.0,0.0,0.0,991.6946372721033
2026-08-14T22:30:00Z,2026-08-14T22:45:00Z,2026-08-15,2026-08-15_3,0.0,0,0,100,64.34782608695654,64.34782608695654,0.0,0.0,0.0,True,True,True,False,0.0,991.6946372721033,0.0,0.0,0.0,0.0,991.6946372721033
2026-08-14T22:45:00Z,2026-08-14T23:00:00Z,2026-08-15,2026-08-15_4,0.0,0,0,100,64.34782608695654,64.34782608695654,0.0,0.0,0.0,True,True,True,False,0.0,991.6946372721033,0.0,0.0,0.0,0.0,991.6946372721033
2026-08-14T23:00:00Z,2026-08-14T23:15:00Z,2026-08-15,2026-08-15_5,-2.4135283144025143e-15,100,0,0,64.34782608695654,61.52546583850934,0.007839889579020013,2.596571428571428,0.0,True,True,True,False,-1.0258098718289285e-13,0.0,103.81226638187505,0.0,465.8145945533602,0.0,569.6268609352352
2026-08-14T23:15:00Z,2026-08-14T23:30:00Z,2026-08-15,2026-08-15_6,0.0,100,0,0,61.52546583850934,50.192546583850955,0.031480331262939955,10.426285714285713,0.0,True,True,True,False,0.0,0.0,103.81226638187505,0.0,2419.458612076763,0.0,2523.270878458638
2026-08-14T23:30:00Z,2026-08-14T23:45:00Z,2026-08-15,2026-08-15_7,-98.545969483312,100,0,0,50.192546583850955,56.066774658385114,0.017915629956508354,18.203428571428574,0.0,True,True,True,False,-3978.547152965014,0.0,103.81226638187505,0.0,5368.5811492649555,0.0,1493.8462626818166
2026-08-14T23:45:00Z,2026-08-15T00:00:00Z,2026-08-15,2026-08-15_8,-100.0,100,0,0,56.066774658385114,64.34782608695654,0.023002920634920637,15.998857142857142,0.0,True,True,True,False,-3919.2500000000005,0.0,103.81226638187505,0.0,4287.517359502196,0.0,472.07962588407065
2026-08-15T00:00:00Z,2026-08-15T00:15:00Z,2026-08-15,2026-08-15_9,0.0,0,0,100,64.34782608695654,64.34782608695654,0.0,0.0,0.0,True,True,True,False,0.0,991.6946372721033,0.0,0.0,0.0,0.0,991.6946372721033
2026-08-15T00:15:00Z,2026-08-15T00:30:00Z,2026-08-15,2026-08-15_10,0.0,0,0,100,64.34782608695654,64.34782608695654,0.0,0.0,0.0,True,True,True,False,0.0,991.6946372721033,0.0,0.0,0.0,0.0,991.6946372721033
2026-08-15T00:30:00Z,2026-08-15T00:45:00Z,2026-08-15,2026-08-15_11,0.0,0,0,100,64.34782608695654,64.34782608695654,0.0,0.0,0.0,True,True,True,False,0.0,991.6946372721033,0.0,0.0,0.0,0.0,991.6946372721033
2026-08-15T00:45:00Z,2026-08-15T01:00:00Z,2026-08-15,2026-08-15_12,0.0,0,0,100,64.34782608695654,64.34782608695654,0.0,0.0,0.0,True,True,True,False,0.0,991.6946372721033,0.0,0.0,0.0,0.0,991.6946372721033
2026-08-15T01:00:00Z,2026-08-15T01:15:00Z,2026-08-15,2026-08-15_13,0.0,0,0,100,64.34782608695654,64.34782608695654,0.0,0.0,0.0,True,True,True,False,0.0,991.6946372721033,0.0,0.0,0.0,0.0,991.6946372721033
2026-08-15T01:15:00Z,2026-08-15T01:30:00Z,2026-08-15,2026-08-15_14,0.0,0,0,100,64.34782608695654,64.34782608695654,0.0,0.0,0.0,True,True,True,False,0.0,991.6946372721033,0.0,0.0,0.0,0.0,991.6946372721033
2026-08-15T01:30:00Z,2026-08-15T01:45:00Z,2026-08-15,2026-08-15_15,0.0,0,0,100,64.34782608695654,64.34782608695654,0.0,0.0,0.0,True,True,True,False,0.0,991.6946372721033,0.0,0.0,0.0,0.0,991.6946372721033
2026-08-15T01:45:00Z,2026-08-15T02:00:00Z,2026-08-15,2026-08-15_16,0.0,0,0,100,64.34782608695654,64.34782608695654,0.0,0.0,0.0,True,True,True,False,0.0,991.6946372721033,0.0,0.0,0.0,0.0,991.6946372721033
2026-08-15T02:00:00Z,2026-08-15T02:15:00Z,2026-08-15,2026-08-15_17,0.0,0,0,100,64.34782608695654,64.34782608695654,0.0,0.0,0.0,True,True,True,False,0.0,991.6946372721033,0.0,0.0,0.0,0.0,991.6946372721033
2026-08-15T02:15:00Z,2026-08-15T02:30:00Z,2026-08-15,2026-08-15_18,0.0,0,0,100,64.34782608695654,64.34782608695654,0.0,0.0,0.0,True,True,True,False,0.0,991.6946372721033,0.0,0.0,0.0,0.0,991.6946372721033
2026-08-15T02:30:00Z,2026-08-15T02:45:00Z,2026-08-15,2026-08-15_19,0.0,0,0,100,64.34782608695654,64.34782608695654,0.0,0.0,0.0,True,True,True,False,0.0,991.6946372721033,0.0,0.0,0.0,0.0,991.6946372721033
2026-08-15T02:45:00Z,2026-08-15T03:00:00Z,2026-08-15,2026-08-15_20,0.0,0,0,100,64.34782608695654,64.34782608695654,0.0,0.0,0.0,True,True,True,False,0.0,991.6946372721033,0.0,0.0,0.0,0.0,991.6946372721033
2026-08-15T03:00:00Z,2026-08-15T03:15:00Z,2026-08-15,2026-08-15_21,0.0,0,0,100,64.34782608695654,64.34782608695654,0.0,0.0,0.0,True,True,True,False,0.0,991.6946372721033,0.0,0.0,0.0,0.0,991.6946372721033
2026-08-15T03:15:00Z,2026-08-15T03:30:00Z,2026-08-15,2026-08-15_22,0.0,0,0,100,64.34782608695654,64.34782608695654,0.0,0.0,0.0,True,True,True,False,0.0,991.6946372721033,0.0,0.0,0.0,0.0,991.6946372721033
2026-08-15T03:30:00Z,2026-08-15T03:45:00Z,2026-08-15,2026-08-15_23,0.0,0,0,100,64.34782608695654,64.34782608695654,0.0,0.0,0.0,True,True,True,False,0.0,991.6946372721033,0.0,0.0,0.0,0.0,991.6946372721033
2026-08-15T03:45:00Z,2026-08-15T04:00:00Z,2026-08-15,2026-08-15_24,0.0,0,0,100,64.34782608695654,64.34782608695654,0.0,0.0,0.0,True,True,True,False,0.0,991.6946372721033,0.0,0.0,0.0,0.0,991.6946372721033
2026-08-15T04:00:00Z,2026-08-15T04:15:00Z,2026-08-15,2026-08-15_25,0.0,0,0,100,64.34782608695654,64.34782608695654,0.0,0.0,0.0,True,True,True,False,0.0,991.6946372721033,0.0,0.0,0.0,0.0,991.6946372721033
2026-08-15T04:15:00Z,2026-08-15T04:30:00Z,2026-08-15,2026-08-15_26,0.0,0,0,100,64.34782608695654,64.34782608695654,0.0,0.0,0.0,True,True,True,False,0.0,991.6946372721033,0.0,0.0,0.0,0.0,991.6946372721033
2026-08-15T04:30:00Z,2026-08-15T04:45:00Z,2026-08-15,2026-08-15_27,0.0,0,0,100,64.34782608695654,64.34782608695654,0.0,0.0,0.0,True,True,True,False,0.0,991.6946372721033,0.0,0.0,0.0,0.0,991.6946372721033
2026-08-15T04:45:00Z,2026-08-15T05:00:00Z,2026-08-15,2026-08-15_28,0.0,0,0,100,64.34782608695654,64.34782608695654,0.0,0.0,0.0,True,True,True,False,0.0,991.6946372721033,0.0,0.0,0.0,0.0,991.6946372721033
2026-08-15T05:00:00Z,2026-08-15T05:15:00Z,2026-08-15,2026-08-15_29,0.0,100,0,0,64.34782608695654,53.758385093167725,0.02941511387163561,9.742285714285714,0.0,True,True,True,False,0.0,0.0,97.29002975055306,0.0,2306.966791517278,0.0,2404.256821267831
2026-08-15T05:15:00Z,2026-08-15T05:30:00Z,2026-08-15,2026-08-15_30,0.0,100,0,0,53.758385093167725,36.42732919254661,0.04814182194616977,15.944571428571427,0.0,True,True,True,False,0.0,0.0,97.29002975055306,0.0,9532.123712716453,0.0,9629.413742467006
2026-08-15T05:30:00Z,2026-08-15T05:45:00Z,2026-08-15,2026-08-15_31,1.520522838073584e-14,100,0,0,36.42732919254661,35.19937888198759,0.0034109730848861397,1.129714285714286,0.0,True,True,True,False,5.619472278810449e-13,0.0,97.29002975055306,0.0,199.37854222290036,0.0,296.668571973454
2026-08-15T05:45:00Z,2026-08-15T06:00:00Z,2026-08-15,2026-08-15_32,-100.0,100,0,0,35.19937888198759,57.18790459627331,0.061079238095238096,1.0994285714285714,0.0,True,True,True,False,-2582.0,0.0,97.29002975055306,0.0,194.64892647363317,0.0,-2290.0610437758137
2026-08-15T06:00:00Z,2026-08-15T06:15:00Z,2026-08-15,2026-08-15_33,25.651488914285682,0,0,74,57.18790459627331,50.217391304347856,0.01936253692201516,0.0,0.0,True,False,True,False,1051.0697582628559,733.8540315813564,0.0,0.0,0.0,0.0,1784.9237898442123
2026-08-15T06:15:00Z,2026-08-15T06:30:00Z,2026-08-15,2026-08-15_34,0.0,0,0,74,50.217391304347856,50.217391304347856,0.0,0.0,0.0,True,False,True,False,0.0,733.8540315813564,0.0,0.0,0.0,0.0,733.8540315813564
2026-08-15T06:30:00Z,2026-08-15T06:45:00Z,2026-08-15,2026-08-15_35,0.0,0,0,74,50.217391304347856,50.217391304347856,0.0,0.0,0.0,True,False,True,False,0.0,733.8540315813564,0.0,0.0,0.0,0.0,733.8540315813564
2026-08-15T06:45:00Z,2026-08-15T07:00:00Z,2026-08-15,2026-08-15_36,-25.992438563326928,0,0,74,50.217391304347856,56.19565217391305,0.01660628019323665,0.0,0.0,True,False,True,False,-441.9364366729661,733.8540315813564,0.0,0.0,0.0,0.0,291.91759490839024
2026-08-15T07:00:00Z,2026-08-15T07:15:00Z,2026-08-15,2026-08-15_37,30.0,0,0,70,56.19565217391305,48.04347826086957,0.022644927536231884,0.0,0.0,True,True,True,False,951.3000000000001,694.1862460904722,0.0,0.0,0.0,0.0,1645.4862460904724
2026-08-15T07:15:00Z,2026-08-15T07:30:00Z,2026-08-15,2026-08-15_38,0.0,0,0,70,48.04347826086957,48.04347826086957,0.0,0.0,0.0,True,True,True,False,0.0,694.1862460904722,0.0,0.0,0.0,0.0,694.1862460904722
2026-08-15T07:30:00Z,2026-08-15T07:45:00Z,2026-08-15,2026-08-15_39,-30.0,0,0,70,48.04347826086957,54.94347826086957,0.01916666666666667,0.0,0.0,True,True,True,False,-147.45,694.1862460904722,0.0,0.0,0.0,0.0,546.7362460904722
2026-08-15T07:45:00Z,2026-08-15T08:00:00Z,2026-08-15,2026-08-15_40,-30.0,0,0,70,54.94347826086957,61.84347826086957,0.01916666666666667,0.0,0.0,True,True,True,False,-157.65,694.1862460904722,0.0,0.0,0.0,0.0,536.5362460904722
2026-08-15T08:00:00Z,2026-08-15T08:15:00Z,2026-08-15,2026-08-15_41,0.0,6,0,94,61.84347826086957,61.83349068322982,2.7743271221532092e-05,0.00918857142857143,0.0,True,True,True,False,0.0,932.192959035777,4.536387214890532,0.0,1.0514041607183724,0.0,937.780750411386
2026-08-15T08:15:00Z,2026-08-15T08:30:00Z,2026-08-15,2026-08-15_42,-5.595256174206104,6,0,94,61.83349068322982,63.12039960329722,0.003574747000187233,0.0,0.0,True,True,True,False,-39.866200241218486,932.192959035777,4.536387214890532,0.0,0.0,0.0,896.863146009449
2026-08-15T08:30:00Z,2026-08-15T08:45:00Z,2026-08-15,2026-08-15_43,-6.0,6,0,94,63.12039960329722,64.49995800329722,0.0038321066666666672,0.00048000000000000007,0.0,True,True,True,False,-30.375,932.192959035777,4.536387214890532,0.0,0.05492409794797468,0.0,906.4092703486155
2026-08-15T08:45:00Z,2026-08-15T09:00:00Z,2026-08-15,2026-08-15_44,-6.0,6,0,94,64.49995800329722,65.87939023186865,0.0038317561904761903,0.0006171428571428571,0.0,True,True,True,False,-19.02,932.192959035777,4.536387214890532,0.0,0.07061669736168172,0.0,917.7799629480293
2026-08-15T09:00:00Z,2026-08-15T09:15:00Z,2026-08-15,2026-08-15_45,-6.0,6,0,94,65.87939023186865,67.25939023186865,0.0038333333333333336,0.0,0.0,True,True,True,False,-24.119999999999997,932.192959035777,4.471164848577313,0.0,0.0,0.0,912.5441238843543
2026-08-15T09:15:00Z,2026-08-15T09:30:00Z,2026-08-15,2026-08-15_46,-6.0,6,0,94,67.25939023186865,68.63939023186866,0.0038333333333333336,0.0,0.0,True,True,True,False,-18.69,932.192959035777,4.471164848577313,0.0,0.0,0.0,917.9741238843543
2026-08-15T09:30:00Z,2026-08-15T09:45:00Z,2026-08-15,2026-08-15_47,-6.0,6,0,94,68.63939023186866,70.01939023186867,0.0038333333333333336,0.0,0.0,True,True,True,False,-14.97,932.192959035777,4.471164848577313,0.0,0.0,0.0,921.6941238843543
2026-08-15T09:45:00Z,2026-08-15T10:00:00Z,2026-08-15,2026-08-15_48,-6.0,6,0,94,70.01939023186867,71.39939023186867,0.003833333333333333,0.0,0.0,True,True,True,False,-14.745000000000001,932.192959035777,4.471164848577313,0.0,0.0,0.0,921.9191238843543
2026-08-15T10:00:00Z,2026-08-15T10:15:00Z,2026-08-15,2026-08-15_49,-6.000000000000002,6,0,94,71.39939023186867,72.77875937472581,0.003831580952380954,0.0006857142857142857,0.0,True,True,True,False,-14.940000000000005,932.192959035777,4.471164848577313,0.0,0.07846299706853525,0.0,921.8025868814228
2026-08-15T10:15:00Z,2026-08-15T10:30:00Z,2026-08-15,2026-08-15_50,-6.0,6,0,94,72.77875937472581,74.15711914615439,0.003828777142857143,0.0017828571428571429,0.0,True,True,True,False,-10.32,932.192959035777,4.471164848577313,0.0,0.20400379237819166,0.0,926.5481276767325
2026-08-15T10:30:00Z,2026-08-15T10:45:00Z,2026-08-15,2026-08-15_51,-6.0,6,0,94,74.15711914615439,75.53711914615438,0.003833333333333333,0.0,0.0,True,True,True,False,-7.545,932.192959035777,4.471164848577313,0.0,0.0,0.0,929.1191238843543
2026-08-15T10:45:00Z,2026-08-15T11:00:00Z,2026-08-15,2026-08-15_52,-6.0,6,0,94,75.53711914615438,76.91711914615438,0.0038333333333333336,0.0,0.0,True,True,True,False,-7.11,932.192959035777,4.471164848577313,0.0,0.0,0.0,929.5541238843543
2026-08-15T11:00:00Z,2026-08-15T11:15:00Z,2026-08-15,2026-08-15_53,-47.0,47,0,53,76.91711914615438,87.72711914615438,0.030027777777777778,0.0,0.0,True,True,True,False,-21.385,525.5981577542146,34.59388587992982,0.0,0.0,0.0,538.8070436341444
2026-08-15T11:15:00Z,2026-08-15T11:30:00Z,2026-08-15,2026-08-15_54,-47.0,47,0,53,87.72711914615438,98.53711914615438,0.03002777777777778,0.0,0.0,True,True,True,False,-12.807500000000001,525.5981577542146,34.59388587992982,0.0,0.0,0.0,547.3845436341445
2026-08-15T11:30:00Z,2026-08-15T11:45:00Z,2026-08-15,2026-08-15_55,-47.0,47,0,53,98.53711914615438,109.34662497472581,0.030026405079365083,0.0005371428571428571,0.0,True,True,True,False,-14.805,525.5981577542146,34.59388587992982,0.0,0.061462681037019275,0.0,545.4485063151815
2026-08-15T11:45:00Z,2026-08-15T12:00:00Z,2026-08-15,2026-08-15_56,-47.0,47,0,53,109.34662497472581,120.12648051758296,0.029944043174603176,0.03276571428571429,0.0,True,True,True,False,-11.985,525.5981577542146,34.59388587992982,0.0,3.749223543258176,0.0,551.9562671774027
2026-08-15T12:00:00Z,2026-08-15T12:15:00Z,2026-08-15,2026-08-15_57,-6.0,6,0,94,120.12648051758296,121.50648051758296,0.003833333333333333,0.0,0.0,True,True,True,False,-3.4799999999999995,932.192959035777,4.297810664429018,0.0,0.0,0.0,933.010769700206
2026-08-15T12:15:00Z,2026-08-15T12:30:00Z,2026-08-15,2026-08-15_58,-6.0,6,0,94,121.50648051758296,122.88648051758295,0.003833333333333333,0.0,0.0,True,True,True,False,-6.9750000000000005,932.192959035777,4.297810664429018,0.0,0.0,0.0,929.515769700206
2026-08-15T12:30:00Z,2026-08-15T12:45:00Z,2026-08-15,2026-08-15_59,-6.0,6,0,94,122.88648051758295,124.26648051758296,0.0038333333333333336,0.0,0.0,True,True,True,False,-7.515,932.192959035777,4.297810664429018,0.0,0.0,0.0,928.975769700206
2026-08-15T12:45:00Z,2026-08-15T13:00:00Z,2026-08-15,2026-08-15_60,-6.0,6,0,94,124.26648051758296,125.64648051758296,0.0038333333333333336,0.0,0.0,True,True,True,False,-11.94,932.192959035777,4.297810664429018,0.0,0.0,0.0,924.550769700206
2026-08-15T13:00:00Z,2026-08-15T13:15:00Z,2026-08-15,2026-08-15_61,0.0,100,100,0,125.64648051758296,137.87512051758296,0.03396844444444444,0.0,13.291999999999998,True,True,True,False,0.0,0.0,79.75436722862156,45.39819971012282,0.0,2384.308901518041,2509.461468456785
2026-08-15T13:15:00Z,2026-08-15T13:30:00Z,2026-08-15,2026-08-15_62,0.0,100,100,0,137.87512051758296,152.48787480329725,0.04059098412698413,0.0,15.88342857142857,True,True,True,False,0.0,0.0,79.75436722862156,45.39819971012282,0.0,9910.428241448079,10035.580808386823
2026-08-15T13:30:00Z,2026-08-15T13:45:00Z,2026-08-15,2026-08-15_63,0.0,100,100,0,152.48787480329725,162.9269833747258,0.02899752380952381,0.0,11.346857142857141,True,True,True,False,0.0,0.0,79.75436722862156,45.39819971012282,0.0,330.78265499166326,455.93522193040764
2026-08-15T13:45:00Z,2026-08-15T14:00:00Z,2026-08-15,2026-08-15_64,0.0,100,100,0,162.9269833747258,167.76351604553327,0.01543274258109041,0.33085714285714285,5.648000000000001,True,True,True,False,0.0,0.0,79.75436722862156,45.39819971012282,43.7757895883962,29.230952780532466,198.15930930767306
2026-08-15T14:00:00Z,2026-08-15T14:15:00Z,2026-08-15,2026-08-15_65,-100.0,100,0,0,167.76351604553327,189.8892531883904,0.061460380952380954,0.9502857142857143,0.0,True,True,True,False,-558.75,0.0,80.29788694789839,0.0,126.97920109412289,0.0,-351.47291195797874
2026-08-15T14:15:00Z,2026-08-15T14:30:00Z,2026-08-15,2026-08-15_66,-7.5559431849520395,100,0,0,189.8892531883904,189.97509003038158,0.008822526662166433,1.5377142857142856,0.0,True,True,True,False,-77.03284077058605,0.0,80.29788694789839,0.0,213.19055490775148,0.0,216.45560108506382
2026-08-15T14:30:00Z,2026-08-15T14:45:00Z,2026-08-15,2026-08-15_67,-15.434232697994318,100,0,0,189.97509003038158,190.00000000000003,0.01703195506835211,3.3217142857142856,0.0,True,True,True,False,-356.1063339244739,0.0,80.29788694789839,0.0,549.0457463247715,0.0,273.23729934819596
2026-08-15T14:45:00Z,2026-08-15T15:00:00Z,2026-08-15,2026-08-15_68,0.0,100,0,0,190.00000000000003,176.88322981366463,0.036435472739820556,12.06742857142857,0.0,True,True,True,False,0.0,0.0,80.29788694789839,0.0,2441.313799243703,0.0,2521.6116861916016
2026-08-15T15:00:00Z,2026-08-15T15:15:00Z,2026-08-15,2026-08-15_69,-64.56488987777047,100,35,0,176.88322981366463,189.99612994026697,0.04044388085449472,1.8782857142857143,0.111,True,True,True,False,-1526.6368211598826,0.0,97.3472423525822,3.624418338546038,454.3813713588265,-5.36265733465558,-976.6464464445835
2026-08-15T15:15:00Z,2026-08-15T15:30:00Z,2026-08-15,2026-08-15_70,-0.054888886782452635,100,35,0,189.99612994026697,187.38364750310538,0.0073417121860159485,2.4188571428571426,0.0042,True,True,True,False,-1.5566488291503566,0.0,97.3472423525822,3.624418338546038,479.9703409871081,-0.23811907849568997,579.1472337705903
2026-08-15T15:30:00Z,2026-08-15T15:45:00Z,2026-08-15,2026-08-15_71,-1.2689125112971217e-13,100,35,0,187.38364750310538,181.63834787577622,0.016076721187025578,5.305142857142857,0.023000000000000003,True,True,True,False,-4.641364738197047e-12,0.0,97.3472423525822,3.624418338546038,1515.9367810555452,-1.2743165001144252,1615.6341252465545
2026-08-15T15:45:00Z,2026-08-15T16:00:00Z,2026-08-15,2026-08-15_72,0.0,100,35,0,181.63834787577622,163.6520124720495,0.04996204278812975,16.547428571428572,0.0,True,True,True,False,0.0,0.0,97.3472423525822,3.624418338546038,5022.0637845318915,0.0,5123.035445223019
2026-08-15T16:00:00Z,2026-08-15T16:15:00Z,2026-08-15,2026-08-15_73,0.0,45,45,55,163.6520124720495,162.05355701863337,0.006107982608695652,1.7467714285714284,0.32631428571428567,True,True,True,False,0.0,545.4320504996567,43.857750400488214,5.702666107254558,397.9408216111068,-18.46305594847596,974.4702326700303
2026-08-15T16:15:00Z,2026-08-15T16:30:00Z,2026-08-15,2026-08-15_74,0.0,45,45,55,162.05355701863337,158.77833962732902,0.009097826086956522,3.0132000000000003,0.0,True,True,True,False,0.0,545.4320504996567,43.857750400488214,5.702666107254558,784.5600249446945,0.0,1379.552491952094
2026-08-15T16:30:00Z,2026-08-15T16:45:00Z,2026-08-15,2026-08-15_75,0.0,45,45,55,158.77833962732902,154.97038931677002,0.010577639751552794,3.5033142857142856,0.0,True,True,True,False,0.0,545.4320504996567,43.857750400488214,5.702666107254558,937.3216385689221,0.0,1532.3141055763217
2026-08-15T16:45:00Z,2026-08-15T17:00:00Z,2026-08-15,2026-08-15_76,0.0,45,45,55,154.97038931677002,150.7275321739129,0.011785714285714283,3.903428571428571,0.0,True,True,True,False,0.0,545.4320504996567,43.857750400488214,5.702666107254558,995.8015814652964,0.0,1590.794048472696
2026-08-15T17:00:00Z,2026-08-15T17:15:00Z,2026-08-15,2026-08-15_77,15.0,0,15,85,150.7275321739129,146.93625888198744,0.01053131469979296,0.0,0.2620285714285714,True,True,True,False,611.5124999999999,842.9404416812878,0.0,1.9008887024181857,0.0,-15.974867986007432,1440.3789623976984
2026-08-15T17:15:00Z,2026-08-15T17:30:00Z,2026-08-15,2026-08-15_78,15.0,0,15,85,146.93625888198744,143.00150732919244,0.01092986542443064,0.0,0.13002857142857144,True,True,True,False,645.0374999999999,842.9404416812878,0.0,1.9008887024181857,0.0,-8.762769155324042,1481.1160612283818
2026-08-15T17:30:00Z,2026-08-15T17:45:00Z,2026-08-15,2026-08-15_79,15.0,0,15,85,143.00150732919244,138.96492347826074,0.011212732919254658,0.0,0.03634285714285714,True,True,True,False,696.375,842.9404416812878,0.0,1.9008887024181857,0.0,-2.7792901278292996,1538.4370402558766
2026-08-15T17:45:00Z,2026-08-15T18:00:00Z,2026-08-15,2026-08-15_80,15.0,0,15,85,138.96492347826074,134.94054459627318,0.011178830227743271,0.0,0.04757142857142857,True,True,True,False,746.625,842.9404416812878,0.0,1.9008887024181857,0.0,-3.637985898455805,1587.8283444852502
2026-08-15T18:00:00Z,2026-08-15T18:15:00Z,2026-08-15,2026-08-15_81,70.0,0,70,30,134.94054459627318,116.53445763975145,0.05112801932367149,0.0,0.5663999999999999,True,True,True,False,3034.15,297.50839118163094,0.0,8.8708139446182,0.0,-36.68497490273857,3303.8442302235107
2026-08-15T18:15:00Z,2026-08-15T18:30:00Z,2026-08-15,2026-08-15_82,70.0,0,70,30,116.53445763975145,101.5001098136645,0.041762077294685986,0.0,3.6684,True,True,True,False,3201.1,297.50839118163094,0.0,8.8708139446182,0.0,-187.75049736822032,3319.7287077580286
2026-08-15T18:30:00Z,2026-08-15T18:45:00Z,2026-08-15,2026-08-15_83,70.0,0,70,30,101.5001098136645,83.86619677018624,0.0489830917874396,0.0,1.2768,True,True,True,False,3316.0750000000003,297.50839118163094,0.0,8.8708139446182,0.0,-77.58539629262339,3544.868808833626
2026-08-15T18:45:00Z,2026-08-15T19:00:00Z,2026-08-15,2026-08-15_84,70.0,0,70,30,83.86619677018624,64.90228372670798,0.05267753623188405,0.0,0.053200000000000004,True,True,True,False,3397.975,297.50839118163094,0.0,8.8708139446182,0.0,-4.068426272026852,3700.2857788542224
2026-08-15T19:00:00Z,2026-08-15T19:15:00Z,2026-08-15,2026-08-15_85,0.0,0,0,100,64.90228372670798,64.90228372670798,0.0,0.0,0.0,True,True,True,False,0.0,991.6946372721033,0.0,0.0,0.0,0.0,991.6946372721033
2026-08-15T19:15:00Z,2026-08-15T19:30:00Z,2026-08-15,2026-08-15_86,0.0,0,0,100,64.90228372670798,64.90228372670798,0.0,0.0,0.0,True,True,True,False,0.0,991.6946372721033,0.0,0.0,0.0,0.0,991.6946372721033
2026-08-15T19:30:00Z,2026-08-15T19:45:00Z,2026-08-15,2026-08-15_87,0.0,0,0,100,64.90228372670798,64.90228372670798,0.0,0.0,0.0,True,True,True,False,0.0,991.6946372721033,0.0,0.0,0.0,0.0,991.6946372721033
2026-08-15T19:45:00Z,2026-08-15T20:00:00Z,2026-08-15,2026-08-15_88,0.0,0,0,100,64.90228372670798,64.90228372670798,0.0,0.0,0.0,True,True,True,False,0.0,991.6946372721033,0.0,0.0,0.0,0.0,991.6946372721033
2026-08-15T20:00:00Z,2026-08-15T20:15:00Z,2026-08-15,2026-08-15_89,30.0,70,100,0,64.90228372670798,49.309999999999896,0.04349589924085576,6.8908,0.05142857142857143,True,True,True,False,1420.875,0.0,69.54477839652147,12.672591349454573,1679.393984438172,-3.3575591469328603,3179.1287950372152
2026-08-15T20:15:00Z,2026-08-15T20:30:00Z,2026-08-15,2026-08-15_90,30.0,70,100,0,49.309999999999896,37.0799999999999,0.03397222222222222,3.7516,0.0,True,True,True,False,1349.025,0.0,69.54477839652147,12.672591349454573,757.4774884430543,0.0,2188.71985818903
2026-08-15T20:30:00Z,2026-08-15T20:45:00Z,2026-08-15,2026-08-15_91,30.0,70,100,0,37.0799999999999,23.29304347826077,0.03829710144927536,5.184,0.0,True,True,True,False,1335.0749999999998,0.0,69.54477839652147,12.672591349454573,1349.0777694713556,0.0,2766.3701392173316
2026-08-15T20:45:00Z,2026-08-15T21:00:00Z,2026-08-15,2026-08-15_92,30.0,70,100,0,23.29304347826077,9.9999999999999,0.03692512077294686,4.7296,0.0,True,True,True,False,1282.8,0.0,69.54477839652147,12.672591349454573,991.1495735754061,0.0,2356.166943321382
2026-08-15T21:00:00Z,2026-08-15T21:15:00Z,2026-08-16,2026-08-15_93,-82.00000000000232,82,0,0,9.9999999999999,25.303973942857574,0.042511038730160204,3.865245714285715,0.0,True,True,True,False,-3833.2950000001083,0.0,85.12605843313753,0.0,697.719752736942,0.0,-3050.4491888300286
2026-08-15T21:15:00Z,2026-08-15T21:30:00Z,2026-08-16,2026-08-15_94,-81.99999999999997,82,0,0,25.303973942857574,43.14402514285757,0.04955569777777776,1.10864,0.0,True,True,True,False,-3493.404999999999,0.0,85.12605843313753,0.0,196.15967814478606,0.0,-3212.119263422075
2026-08-15T21:30:00Z,2026-08-15T21:45:00Z,2026-08-16,2026-08-15_95,0.0,82,0,0,43.14402514285757,42.687168000000426,0.001269047619047619,0.4203085714285714,0.0,True,True,True,False,0.0,0.0,85.12605843313753,0.0,70.20217621045519,0.0,155.32823464359274
2026-08-15T21:45:00Z,2026-08-15T22:00:00Z,2026-08-16,2026-08-15_96,-99.64406571968486,82,0,0,42.687168000000426,64.34782608695652,0.060168494685989136,1.3668228571428571,0.0,True,True,True,False,-4111.314151594197,0.0,85.12605843313753,0.0,242.214585717555,0.0,-3783.9735074435043
2026-08-15T22:00:00Z,2026-08-15T22:15:00Z,2026-08-16,2026-08-16_1,0.0,0,0,100,64.34782608695652,64.34782608695652,0.0,0.0,0.0,True,True,True,False,0.0,991.6946372721033,0.0,0.0,0.0,0.0,991.6946372721033
2026-08-15T22:15:00Z,2026-08-15T22:30:00Z,2026-08-16,2026-08-16_2,0.0,0,0,100,64.34782608695652,64.34782608695652,0.0,0.0,0.0,True,True,True,False,0.0,991.6946372721033,0.0,0.0,0.0,0.0,991.6946372721033
2026-08-15T22:30:00Z,2026-08-15T22:45:00Z,2026-08-16,2026-08-16_3,0.0,0,0,100,64.34782608695652,64.34782608695652,0.0,0.0,0.0,True,True,True,False,0.0,991.6946372721033,0.0,0.0,0.0,0.0,991.6946372721033
2026-08-15T22:45:00Z,2026-08-15T23:00:00Z,2026-08-16,2026-08-16_4,0.0,0,0,100,64.34782608695652,64.34782608695652,0.0,0.0,0.0,True,True,True,False,0.0,991.6946372721033,0.0,0.0,0.0,0.0,991.6946372721033
2026-08-15T23:00:00Z,2026-08-15T23:15:00Z,2026-08-16,2026-08-16_5,0.0,0,0,100,64.34782608695652,64.34782608695652,0.0,0.0,0.0,True,True,True,False,0.0,991.6946372721033,0.0,0.0,0.0,0.0,991.6946372721033
2026-08-15T23:15:00Z,2026-08-15T23:30:00Z,2026-08-16,2026-08-16_6,0.0,0,0,100,64.34782608695652,64.34782608695652,0.0,0.0,0.0,True,True,True,False,0.0,991.6946372721033,0.0,0.0,0.0,0.0,991.6946372721033
2026-08-15T23:30:00Z,2026-08-15T23:45:00Z,2026-08-16,2026-08-16_7,0.0,0,0,100,64.34782608695652,64.34782608695652,0.0,0.0,0.0,True,True,True,False,0.0,991.6946372721033,0.0,0.0,0.0,0.0,991.6946372721033
2026-08-15T23:45:00Z,2026-08-16T00:00:00Z,2026-08-16,2026-08-16_8,0.0,0,0,100,64.34782608695652,64.34782608695652,0.0,0.0,0.0,True,True,True,False,0.0,991.6946372721033,0.0,0.0,0.0,0.0,991.6946372721033
2026-08-16T00:00:00Z,2026-08-16T00:15:00Z,2026-08-16,2026-08-16_9,0.0,0,0,100,64.34782608695652,64.34782608695652,0.0,0.0,0.0,True,True,True,False,0.0,991.6946372721033,0.0,0.0,0.0,0.0,991.6946372721033
2026-08-16T00:15:00Z,2026-08-16T00:30:00Z,2026-08-16,2026-08-16_10,0.0,0,0,100,64.34782608695652,64.34782608695652,0.0,0.0,0.0,True,True,True,False,0.0,991.6946372721033,0.0,0.0,0.0,0.0,991.6946372721033
2026-08-16T00:30:00Z,2026-08-16T00:45:00Z,2026-08-16,2026-08-16_11,0.0,0,0,100,64.34782608695652,64.34782608695652,0.0,0.0,0.0,True,True,True,False,0.0,991.6946372721033,0.0,0.0,0.0,0.0,991.6946372721033
2026-08-16T00:45:00Z,2026-08-16T01:00:00Z,2026-08-16,2026-08-16_12,0.0,0,0,100,64.34782608695652,64.34782608695652,0.0,0.0,0.0,True,True,True,False,0.0,991.6946372721033,0.0,0.0,0.0,0.0,991.6946372721033
2026-08-16T01:00:00Z,2026-08-16T01:15:00Z,2026-08-16,2026-08-16_13,0.0,0,0,100,64.34782608695652,64.34782608695652,0.0,0.0,0.0,True,True,True,False,0.0,991.6946372721033,0.0,0.0,0.0,0.0,991.6946372721033
2026-08-16T01:15:00Z,2026-08-16T01:30:00Z,2026-08-16,2026-08-16_14,0.0,0,0,100,64.34782608695652,64.34782608695652,0.0,0.0,0.0,True,True,True,False,0.0,991.6946372721033,0.0,0.0,0.0,0.0,991.6946372721033
2026-08-16T01:30:00Z,2026-08-16T01:45:00Z,2026-08-16,2026-08-16_15,0.0,0,0,100,64.34782608695652,64.34782608695652,0.0,0.0,0.0,True,True,True,False,0.0,991.6946372721033,0.0,0.0,0.0,0.0,991.6946372721033
2026-08-16T01:45:00Z,2026-08-16T02:00:00Z,2026-08-16,2026-08-16_16,0.0,0,0,100,64.34782608695652,64.34782608695652,0.0,0.0,0.0,True,True,True,False,0.0,991.6946372721033,0.0,0.0,0.0,0.0,991.6946372721033
2026-08-16T02:00:00Z,2026-08-16T02:15:00Z,2026-08-16,2026-08-16_17,0.0,0,0,100,64.34782608695652,64.34782608695652,0.0,0.0,0.0,True,True,True,False,0.0,991.6946372721033,0.0,0.0,0.0,0.0,991.6946372721033
2026-08-16T02:15:00Z,2026-08-16T02:30:00Z,2026-08-16,2026-08-16_18,0.0,0,0,100,64.34782608695652,64.34782608695652,0.0,0.0,0.0,True,True,True,False,0.0,991.6946372721033,0.0,0.0,0.0,0.0,991.6946372721033
2026-08-16T02:30:00Z,2026-08-16T02:45:00Z,2026-08-16,2026-08-16_19,0.0,0,0,100,64.34782608695652,64.34782608695652,0.0,0.0,0.0,True,True,True,False,0.0,991.6946372721033,0.0,0.0,0.0,0.0,991.6946372721033
2026-08-16T02:45:00Z,2026-08-16T03:00:00Z,2026-08-16,2026-08-16_20,0.0,0,0,100,64.34782608695652,64.34782608695652,0.0,0.0,0.0,True,True,True,False,0.0,991.6946372721033,0.0,0.0,0.0,0.0,991.6946372721033
2026-08-16T03:00:00Z,2026-08-16T03:15:00Z,2026-08-16,2026-08-16_21,0.0,0,0,100,64.34782608695652,64.34782608695652,0.0,0.0,0.0,True,True,True,False,0.0,991.6946372721033,0.0,0.0,0.0,0.0,991.6946372721033
2026-08-16T03:15:00Z,2026-08-16T03:30:00Z,2026-08-16,2026-08-16_22,0.0,0,0,100,64.34782608695652,64.34782608695652,0.0,0.0,0.0,True,True,True,False,0.0,991.6946372721033,0.0,0.0,0.0,0.0,991.6946372721033
2026-08-16T03:30:00Z,2026-08-16T03:45:00Z,2026-08-16,2026-08-16_23,0.0,0,0,100,64.34782608695652,64.34782608695652,0.0,0.0,0.0,True,True,True,False,0.0,991.6946372721033,0.0,0.0,0.0,0.0,991.6946372721033
2026-08-16T03:45:00Z,2026-08-16T04:00:00Z,2026-08-16,2026-08-16_24,0.0,0,0,100,64.34782608695652,64.34782608695652,0.0,0.0,0.0,True,True,True,False,0.0,991.6946372721033,0.0,0.0,0.0,0.0,991.6946372721033
2026-08-16T04:00:00Z,2026-08-16T04:15:00Z,2026-08-16,2026-08-16_25,0.0,0,0,100,64.34782608695652,64.34782608695652,0.0,0.0,0.0,True,True,True,False,0.0,991.6946372721033,0.0,0.0,0.0,0.0,991.6946372721033
2026-08-16T04:15:00Z,2026-08-16T04:30:00Z,2026-08-16,2026-08-16_26,0.0,0,0,100,64.34782608695652,64.34782608695652,0.0,0.0,0.0,True,True,True,False,0.0,991.6946372721033,0.0,0.0,0.0,0.0,991.6946372721033
2026-08-16T04:30:00Z,2026-08-16T04:45:00Z,2026-08-16,2026-08-16_27,0.0,0,0,100,64.34782608695652,64.34782608695652,0.0,0.0,0.0,True,True,True,False,0.0,991.6946372721033,0.0,0.0,0.0,0.0,991.6946372721033
2026-08-16T04:45:00Z,2026-08-16T05:00:00Z,2026-08-16,2026-08-16_28,0.0,0,0,100,64.34782608695652,64.34782608695652,0.0,0.0,0.0,True,True,True,False,0.0,991.6946372721033,0.0,0.0,0.0,0.0,991.6946372721033
2026-08-16T05:00:00Z,2026-08-16T05:15:00Z,2026-08-16,2026-08-16_29,4.0,2,6,94,64.34782608695652,63.17504009937888,0.003266208695652174,0.08368,0.004971428571428571,True,True,True,False,160.0,932.192959035777,1.945800595011061,0.8375924937066137,15.100397192768328,-0.3801859137124985,1109.6965634035505
2026-08-16T05:15:00Z,2026-08-16T05:30:00Z,2026-08-16,2026-08-16_30,4.0,2,6,94,63.17504009937888,62.0849542757764,0.0030314041131815042,0.0047657142857142855,0.0019885714285714285,True,True,True,False,154.6,932.192959035777,1.945800595011061,0.8375924937066137,0.7602194065146083,-0.15207436548499942,1090.1844971655244
2026-08-16T05:30:00Z,2026-08-16T05:45:00Z,2026-08-16,2026-08-16_31,3.885033604282902,2,6,94,62.0849542757764,61.086956521739125,0.0028736430575964185,0.00014857142857142857,0.05629714285714285,True,True,True,False,143.09550022975,932.192959035777,1.945800595011061,0.8375924937066137,0.022667088042021298,-3.0679774113749545,1075.0265420309117
2026-08-16T05:45:00Z,2026-08-16T06:00:00Z,2026-08-16,2026-08-16_32,0.6144113349584115,2,6,94,61.086956521739125,61.086956521739125,0.0008198131134101897,0.00045714285714285713,0.17869714285714286,True,True,True,False,21.435275448361583,932.192959035777,1.945800595011061,0.8375924937066137,0.06974488628314245,-8.027739790547388,948.453632668592
2026-08-16T06:00:00Z,2026-08-16T06:15:00Z,2026-08-16,2026-08-16_33,0.0,100,0,0,61.086956521739125,50.79875776397515,0.028578329882677705,9.465142857142856,0.0,True,True,True,False,0.0,0.0,104.0411167899916,0.0,2400.5696906160433,0.0,2504.610807406035
2026-08-16T06:15:00Z,2026-08-16T06:30:00Z,2026-08-16,2026-08-16_34,0.0,100,0,0,50.79875776397515,37.90124223602484,0.0358264320220842,11.865714285714287,0.0,True,True,True,False,0.0,0.0,104.0411167899916,0.0,3220.3841842572715,0.0,3324.425301047263
2026-08-16T06:30:00Z,2026-08-16T06:45:00Z,2026-08-16,2026-08-16_35,-7.723290606088045e-15,100,0,0,37.90124223602484,34.167080745341615,0.010372670807453415,3.435428571428571,0.0,True,True,True,False,-2.445193805887475e-13,0.0,104.0411167899916,0.0,620.4867774593245,0.0,724.5278942493159
2026-08-16T06:45:00Z,2026-08-16T07:00:00Z,2026-08-16,2026-08-16_36,-100.0,100,0,0,34.167080745341615,56.323309316770185,0.061545079365079365,0.9171428571428571,0.0,True,True,True,False,-1773.75,0.0,104.0411167899916,0.0,163.81344005753954,0.0,-1505.895443152469
2026-08-16T07:00:00Z,2026-08-16T07:15:00Z,2026-08-16,2026-08-16_37,0.0,100,0,0,56.323309316770185,48.618961490683226,0.021400966183574878,7.088,0.0,True,True,True,False,0.0,0.0,100.69417957128691,0.0,1142.8325364253567,0.0,1243.5267159966436
2026-08-16T07:15:00Z,2026-08-16T07:30:00Z,2026-08-16,2026-08-16_38,0.0,100,0,0,48.618961490683226,41.07983105590062,0.020942028985507247,6.936000000000001,0.0,True,True,True,False,0.0,0.0,100.69417957128691,0.0,1162.4929651384546,0.0,1263.1871447097415
2026-08-16T07:30:00Z,2026-08-16T07:45:00Z,2026-08-16,2026-08-16_39,-82.53565450616064,100,0,0,41.07983105590062,53.881573207453414,0.0424286193510451,6.5125714285714285,0.0,True,True,True,False,-2359.281684058602,0.0,100.69417957128691,0.0,1112.6280419123175,0.0,-1145.9594625749976
2026-08-16T07:45:00Z,2026-08-16T08:00:00Z,2026-08-16,2026-08-16_40,-100.0,100,0,0,53.881573207453414,61.17638463602484,0.02026336507936508,17.070857142857143,0.0,True,True,True,False,-878.5,0.0,100.69417957128691,0.0,3230.583859725598,0.0,2452.778039296885
2026-08-16T08:00:00Z,2026-08-16T08:15:00Z,2026-08-16,2026-08-16_41,0.0,6,6,94,61.17638463602484,61.08695652173913,0.0002753980952380952,0.08674285714285714,0.00528,True,True,True,False,0.0,932.192959035777,4.575863910290639,1.376535204821115,12.099169512766583,-0.3127792814097185,949.9317483822456
2026-08-16T08:15:00Z,2026-08-16T08:30:00Z,2026-08-16,2026-08-16_42,2.6191467154254307e-14,6,6,94,61.08695652173913,61.09814958509317,5.179577639753491e-05,0.003428571428571429,0.016217142857142857,True,True,True,False,7.043540304457839e-13,932.192959035777,4.575863910290639,1.376535204821115,0.4577008162331223,-0.9448505279905844,937.658208439132
2026-08-16T08:30:00Z,2026-08-16T08:45:00Z,2026-08-16,2026-08-16_43,0.0,6,6,94,61.09814958509317,61.1207690931677,7.069946169772257e-05,0.0013028571428571427,0.026125714285714287,True,True,True,False,0.0,932.192959035777,4.575863910290639,1.376535204821115,0.17392631016858645,-1.376985974739274,936.942298486318
2026-08-16T08:45:00Z,2026-08-16T09:00:00Z,2026-08-16,2026-08-16_44,0.0,6,6,94,61.1207690931677,61.19881488695652,0.00021989946169772252,0.0005142857142857143,0.08543999999999999,True,True,True,False,0.0,932.192959035777,4.575863910290639,1.376535204821115,0.06865512243496834,-3.9286822793500646,934.2853309939736
2026-08-16T09:00:00Z,2026-08-16T09:15:00Z,2026-08-16,2026-08-16_45,3.1193350900859117e-15,6,6,94,61.19881488695652,61.34027315279503,0.0003933537060041426,6.857142857142858e-05,0.15384,True,True,True,False,5.840954956185871e-14,932.192959035777,4.471164848577313,5.10622473110077,0.009154016324662447,-2.284569181478374,939.4949334503015
2026-08-16T09:15:00Z,2026-08-16T09:30:00Z,2026-08-16,2026-08-16_46,0.0,6,6,94,61.34027315279503,61.45973483726708,0.0003372210351966874,0.0008914285714285714,0.13090285714285715,True,True,True,False,0.0,932.192959035777,4.471164848577313,5.10622473110077,0.11900221222061179,-3.0252000784629973,938.8641507492127
2026-08-16T09:30:00Z,2026-08-16T09:45:00Z,2026-08-16,2026-08-16_47,0.0,6,6,94,61.45973483726708,61.76100066583851,0.0008368495238095238,0.0,0.32746285714285717,True,True,True,False,0.0,932.192959035777,4.471164848577313,5.10622473110077,0.0,-3.852540936978957,937.9178076784762
2026-08-16T09:45:00Z,2026-08-16T10:00:00Z,2026-08-16,2026-08-16_48,0.0,6,6,94,61.76100066583851,62.27697872298137,0.001433272380952381,0.0,0.5608457142857143,True,True,True,False,0.0,932.192959035777,4.471164848577313,5.10622473110077,0.0,-3.1322691934657763,938.6380794219893
2026-08-16T10:00:00Z,2026-08-16T10:15:00Z,2026-08-16,2026-08-16_49,-4.230419395114764,6,0,94,62.27697872298137,63.249975183857764,0.0027027679468788774,0.0,0.0,True,True,True,False,-59.247023628582276,932.192959035777,4.471164848577313,0.0,0.0,0.0,877.4171002557721
2026-08-16T10:15:00Z,2026-08-16T10:30:00Z,2026-08-16,2026-08-16_50,-6.0,6,0,94,63.249975183857764,64.62997518385777,0.0038333333333333336,0.0,0.0,True,True,True,False,-82.83,932.192959035777,4.471164848577313,0.0,0.0,0.0,853.8341238843543
2026-08-16T10:30:00Z,2026-08-16T10:45:00Z,2026-08-16,2026-08-16_51,-6.0,6,0,94,64.62997518385777,66.0069786124292,0.0038250095238095243,0.0032571428571428573,0.0,True,True,True,False,-59.985,932.192959035777,4.471164848577313,0.0,0.43419461002800697,0.0,877.1133184943823
2026-08-16T10:45:00Z,2026-08-16T11:00:00Z,2026-08-16,2026-08-16_52,-6.0,6,0,94,66.0069786124292,67.38587461242919,0.0038302666666666665,0.0012000000000000001,0.0,True,True,True,False,-34.335,932.192959035777,4.471164848577313,0.0,0.15996643527347626,0.0,902.4890903196277
2026-08-16T11:00:00Z,2026-08-16T11:15:00Z,2026-08-16,2026-08-16_53,-80.0,80,0,20,67.38587461242919,85.78587461242918,0.05111111111111111,0.0,0.0,True,True,True,False,-620.8,198.33892745442063,58.88321000839119,0.0,0.0,0.0,-363.57786253718814
2026-08-16T11:15:00Z,2026-08-16T11:30:00Z,2026-08-16,2026-08-16_54,-80.0,80,0,20,85.78587461242918,104.18587461242919,0.051111111111111114,0.0,0.0,True,True,True,False,-461.0,198.33892745442063,58.88321000839119,0.0,0.0,0.0,-203.77786253718818
2026-08-16T11:30:00Z,2026-08-16T11:45:00Z,2026-08-16,2026-08-16_55,-80.0,80,0,20,104.18587461242919,122.5858746124292,0.051111111111111114,0.0,0.0,True,True,True,False,-500.4,198.33892745442063,58.88321000839119,0.0,0.0,0.0,-243.17786253718816
2026-08-16T11:45:00Z,2026-08-16T12:00:00Z,2026-08-16,2026-08-16_56,-80.0,80,0,20,122.5858746124292,140.49632946957206,0.0497512634920635,0.5321142857142857,0.0,True,True,True,False,-604.8,198.33892745442063,58.88321000839119,0.0,70.9336878698386,0.0,-276.64417466734955
2026-08-16T12:00:00Z,2026-08-16T12:15:00Z,2026-08-16,2026-08-16_57,-6.0,6,0,94,140.49632946957206,141.87579324100062,0.0038318438095238092,0.0005828571428571429,0.0,True,True,True,False,-37.935,932.192959035777,4.297810664429018,0.0,0.07769798284711703,0.0,898.6334676830531
2026-08-16T12:15:00Z,2026-08-16T12:30:00Z,2026-08-16,2026-08-16_58,-6.0,6,0,94,141.87579324100062,143.25579324100062,0.0038333333333333336,0.0,0.0,True,True,True,False,-44.985,932.192959035777,4.297810664429018,0.0,0.0,0.0,891.505769700206
2026-08-16T12:30:00Z,2026-08-16T12:45:00Z,2026-08-16,2026-08-16_59,-6.0,6,0,94,143.25579324100062,144.6357932410006,0.0038333333333333336,0.0,0.0,True,True,True,False,-59.849999999999994,932.192959035777,4.297810664429018,0.0,0.0,0.0,876.640769700206
2026-08-16T12:45:00Z,2026-08-16T13:00:00Z,2026-08-16,2026-08-16_60,-6.0,6,0,94,144.6357932410006,145.9910636410006,0.0037646399999999992,0.02688,0.0,True,True,True,False,-76.57499999999999,932.192959035777,4.297810664429018,0.0,3.583248150125868,0.0,863.4990178503319
2026-08-16T13:00:00Z,2026-08-16T13:15:00Z,2026-08-16,2026-08-16_61,-1.0,6,5,94,145.9910636410006,146.5983086198826,0.0016878268046928917,0.0002057142857142857,0.41028571428571425,True,True,True,False,-12.075,932.192959035777,4.785262033717293,2.269909985506141,0.027422817475453064,2.560021359371424,929.7605752318473
2026-08-16T13:15:00Z,2026-08-16T13:30:00Z,2026-08-16,2026-08-16_62,0.0,6,5,94,146.5983086198826,146.66286891801923,0.0003016944099378882,0.02026285714285714,0.09411428571428572,True,True,True,False,0.0,932.192959035777,4.785262033717293,2.269909985506141,2.701147521332127,-1.86299117291283,940.0862874034198
2026-08-16T13:30:00Z,2026-08-16T13:45:00Z,2026-08-16,2026-08-16_63,-0.4614309869770552,6,5,94,146.66286891801923,146.75999999999996,0.0007779885129425795,0.09116571428571428,0.09665714285714286,True,True,True,False,-8.995597091117691,932.192959035777,4.785262033717293,2.269909985506141,12.165813863975677,-1.8597043688632673,940.5586434589951
2026-08-16T13:45:00Z,2026-08-16T14:00:00Z,2026-08-16,2026-08-16_64,-0.9999999999999966,6,5,94,146.75999999999996,146.69350399999996,0.0012240190476190463,0.27994285714285716,0.0,True,True,True,False,-20.22499999999993,932.192959035777,4.785262033717293,2.269909985506141,38.76538024040191,0.0,957.7885112954024
2026-08-16T14:00:00Z,2026-08-16T14:15:00Z,2026-08-16,2026-08-16_65,-11.0,11,0,89,146.69350399999996,149.02243405714282,0.006469250158730159,0.2185542857142857,0.0,True,True,True,False,-247.22500000000002,882.6082271721718,9.289038065451217,0.0,36.93728314135327,0.0,681.6095483789763
2026-08-16T14:15:00Z,2026-08-16T14:30:00Z,2026-08-16,2026-08-16_66,-0.7313819980795079,11,0,89,149.02243405714282,149.05999999999997,0.0007889243747312188,0.12143999999999999,0.0,True,True,True,False,-20.186143146994418,882.6082271721718,9.289038065451217,0.0,20.52504139141048,0.0,892.2361634820392
2026-08-16T14:30:00Z,2026-08-16T14:45:00Z,2026-08-16,2026-08-16_67,-3.448447321658852,11,0,89,149.05999999999997,149.05999999999997,0.0031780102299878038,0.7666057142857143,0.0,True,True,True,False,-101.70333263402368,882.6082271721718,9.289038065451217,0.0,142.20436585116008,0.0,932.3982984547595
2026-08-16T14:45:00Z,2026-08-16T15:00:00Z,2026-08-16,2026-08-16_68,-0.08060160297344339,11,0,89,149.05999999999997,148.05675799254647,0.002854529026924543,0.9410971428571427,0.0,True,True,True,False,-2.9473991167313915,882.6082271721718,9.289038065451217,0.0,257.7600391355993,0.0,1146.7099052564909
2026-08-16T15:00:00Z,2026-08-16T15:15:00Z,2026-08-16,2026-08-16_69,-41.00000000000014,100,59,0,148.05675799254647,160.233869058385,0.03510588132505185,0.35942857142857143,3.3839028571428575,True,True,True,False,-1210.7300000000043,0.0,97.3472423525822,6.109733770691892,64.39368906857884,-77.08388217582252,-1119.963216983974
2026-08-16T15:15:00Z,2026-08-16T15:30:00Z,2026-08-16,2026-08-16_70,-41.00000000000023,100,59,0,160.233869058385,165.0556362732919,0.029583169799862065,4.5440000000000005,0.021577142857142857,True,True,True,False,-1363.7625000000078,0.0,97.3472423525822,6.109733770691892,1208.4790357769475,-1.1793194904264246,-53.0058075902126
2026-08-16T15:30:00Z,2026-08-16T15:45:00Z,2026-08-16,2026-08-16_71,0.0,100,59,0,165.0556362732919,154.90718906832296,0.028190131124913732,9.336571428571428,0.0,True,True,True,False,0.0,0.0,97.3472423525822,6.109733770691892,3057.3621270010794,0.0,3160.8191031243537
2026-08-16T15:45:00Z,2026-08-16T16:00:00Z,2026-08-16,2026-08-16_72,0.0,100,59,0,154.90718906832296,143.19911453416148,0.032522429261559696,10.771428571428572,0.0,True,True,True,False,0.0,0.0,97.3472423525822,6.109733770691892,2991.1502838834826,0.0,3094.607260006757
2026-08-16T16:00:00Z,2026-08-16T16:15:00Z,2026-08-16,2026-08-16_73,0.0,0,0,100,143.19911453416148,143.19911453416148,0.0,0.0,0.0,True,True,True,False,0.0,991.6946372721033,0.0,0.0,0.0,0.0,991.6946372721033
2026-08-16T16:15:00Z,2026-08-16T16:30:00Z,2026-08-16,2026-08-16_74,0.0,0,0,100,143.19911453416148,143.19911453416148,0.0,0.0,0.0,True,True,True,False,0.0,991.6946372721033,0.0,0.0,0.0,0.0,991.6946372721033
2026-08-16T16:30:00Z,2026-08-16T16:45:00Z,2026-08-16,2026-08-16_75,0.0,0,0,100,143.19911453416148,143.19911453416148,0.0,0.0,0.0,True,True,True,False,0.0,991.6946372721033,0.0,0.0,0.0,0.0,991.6946372721033
2026-08-16T16:45:00Z,2026-08-16T17:00:00Z,2026-08-16,2026-08-16_76,0.0,0,0,100,143.19911453416148,143.19911453416148,0.0,0.0,0.0,True,True,True,False,0.0,991.6946372721033,0.0,0.0,0.0,0.0,991.6946372721033
2026-08-16T17:00:00Z,2026-08-16T17:15:00Z,2026-08-16,2026-08-16_77,0.0,100,100,0,143.19911453416148,137.71464248447205,0.015234644582470671,5.045714285714286,0.0,True,True,True,False,0.0,0.0,81.12746967732093,12.672591349454573,1102.7843706068898,0.0,1196.5844316336652
2026-08-16T17:15:00Z,2026-08-16T17:30:00Z,2026-08-16,2026-08-16_78,0.0,100,100,0,137.71464248447205,128.34197167701865,0.026035196687370598,8.622857142857143,0.0,True,True,True,False,0.0,0.0,81.12746967732093,12.672591349454573,4034.0388413630767,0.0,4127.838902389853
2026-08-16T17:30:00Z,2026-08-16T17:45:00Z,2026-08-16,2026-08-16_79,0.0,100,100,0,128.34197167701865,114.44818285714287,0.03859385783298827,12.782285714285715,0.0,True,True,True,False,0.0,0.0,81.12746967732093,12.672591349454573,7259.453890783867,0.0,7353.253951810642
2026-08-16T17:45:00Z,2026-08-16T18:00:00Z,2026-08-16,2026-08-16_80,0.0,100,100,0,114.44818285714287,90.59476670807454,0.06625948930296756,21.94514285714286,0.0,True,True,True,False,0.0,0.0,81.12746967732093,12.672591349454573,18404.783131327444,0.0,18498.58319235422
2026-08-16T18:00:00Z,2026-08-16T18:15:00Z,2026-08-16,2026-08-16_81,0.0,0,0,100,90.59476670807454,90.59476670807454,0.0,0.0,0.0,True,False,True,False,0.0,991.6946372721033,0.0,0.0,0.0,0.0,991.6946372721033
2026-08-16T18:15:00Z,2026-08-16T18:30:00Z,2026-08-16,2026-08-16_82,0.0,0,0,100,90.59476670807454,90.59476670807454,0.0,0.0,0.0,True,False,True,False,0.0,991.6946372721033,0.0,0.0,0.0,0.0,991.6946372721033
2026-08-16T18:30:00Z,2026-08-16T18:45:00Z,2026-08-16,2026-08-16_83,0.0,0,0,100,90.59476670807454,90.59476670807454,0.0,0.0,0.0,True,False,True,False,0.0,991.6946372721033,0.0,0.0,0.0,0.0,991.6946372721033
2026-08-16T18:45:00Z,2026-08-16T19:00:00Z,2026-08-16,2026-08-16_84,0.0,0,0,100,90.59476670807454,90.59476670807454,0.0,0.0,0.0,True,False,True,False,0.0,991.6946372721033,0.0,0.0,0.0,0.0,991.6946372721033
2026-08-16T19:00:00Z,2026-08-16T19:15:00Z,2026-08-16,2026-08-16_85,28.999999999999986,0,29,71,90.59476670807454,82.71433192546586,0.021890096618357478,0.0,0.0,True,True,True,False,1539.8999999999992,704.1031924631933,0.0,3.6750514913418257,0.0,0.0,2247.678243954534
2026-08-16T19:15:00Z,2026-08-16T19:30:00Z,2026-08-16,2026-08-16_86,28.999999999999986,0,29,71,82.71433192546586,74.83389714285717,0.021890096618357478,0.0,0.0,True,True,True,False,1509.5224999999994,704.1031924631933,0.0,3.6750514913418257,0.0,0.0,2217.3007439545345
2026-08-16T19:30:00Z,2026-08-16T19:45:00Z,2026-08-16,2026-08-16_87,28.999999999999986,0,29,71,74.83389714285717,66.95346236024847,0.021890096618357474,0.0,0.0,True,True,True,False,1471.6774999999993,704.1031924631933,0.0,3.6750514913418257,0.0,0.0,2179.4557439545342
2026-08-16T19:45:00Z,2026-08-16T20:00:00Z,2026-08-16,2026-08-16_88,28.999999999999986,0,29,71,66.95346236024847,59.10472944099381,0.021802035886818484,0.0,0.02916571428571428,True,True,True,False,1443.4749999999992,704.1031924631933,0.0,3.6750514913418257,0.0,-2.252672645837647,2149.0005713086966
2026-08-16T20:00:00Z,2026-08-16T20:15:00Z,2026-08-16,2026-08-16_89,0.0,100,100,0,59.10472944099381,52.2105590062112,0.019162155969634227,6.344571428571428,0.002285714285714286,True,True,True,False,0.0,0.0,99.3496834236021,12.672591349454573,1270.7969909440626,-0.17654174340420434,1382.642723973715
2026-08-16T20:15:00Z,2026-08-16T20:30:00Z,2026-08-16,2026-08-16_90,0.0,100,100,0,52.2105590062112,41.797515527950324,0.028925120772946865,9.580000000000002,0.0,True,True,True,False,0.0,0.0,99.3496834236021,12.672591349454573,2399.5418948813794,0.0,2511.5641696544362
2026-08-16T20:30:00Z,2026-08-16T20:45:00Z,2026-08-16,2026-08-16_91,0.0,100,100,0,41.797515527950324,24.921118012422372,0.04687888198757764,15.526285714285715,0.0,True,True,True,False,0.0,0.0,99.3496834236021,12.672591349454573,4936.6073560149525,0.0,5048.629630788009
2026-08-16T20:45:00Z,2026-08-16T21:00:00Z,2026-08-16,2026-08-16_92,0.0,100,100,0,24.921118012422372,10.000000000000012,0.04144755003450656,13.727428571428572,0.0,True,True,True,False,0.0,0.0,99.3496834236021,12.672591349454573,4249.992094090211,0.0,4362.014368863268
2026-08-16T21:00:00Z,2026-08-16T21:15:00Z,2026-08-17,2026-08-16_93,-79.828016449417,81,20,0,10.000000000000012,27.716254498623805,0.04927304590182186,0.7007657142857143,0.0024000000000000002,True,True,True,False,-4062.2481870697084,0.0,84.08793576931879,2.5345182698909143,125.26020090232447,-0.18536883057441456,-3850.5509009587486
2026-08-16T21:15:00Z,2026-08-16T21:30:00Z,2026-08-17,2026-08-16_94,0.0,81,20,0,27.716254498623805,27.681474573157967,0.00016612201518288473,0.043508571428571424,0.0136,True,True,True,False,0.0,0.0,84.08793576931879,2.5345182698909143,6.637969551998082,-1.0504233732550157,92.21000021795277
2026-08-16T21:30:00Z,2026-08-16T21:45:00Z,2026-08-17,2026-08-16_95,-79.46168479581017,81,20,0,27.681474573157967,45.84810186335402,0.05047697338526903,0.12312000000000001,0.0044571428571428574,True,True,True,False,-3740.0628491267953,0.0,84.08793576931879,2.5345182698909143,19.897042917079872,-0.34425639963819843,-3633.887608570144
2026-08-16T21:45:00Z,2026-08-16T22:00:00Z,2026-08-17,2026-08-16_96,-80.0,81,20,0,45.84810186335402,64.3478260869565,0.05138902001380262,0.012034285714285714,0.12045714285714286,True,True,True,False,-3695.4,0.0,84.08793576931879,2.5345182698909143,1.836034131403725,-7.488576790209562,-3614.430088619596
2026-08-16T22:00:00Z,2026-08-16T22:15:00Z,2026-08-17,2026-08-17_1,0.0,0,0,100,64.3478260869565,64.3478260869565,0.0,0.0,0.0,True,True,True,False,0.0,991.6946372721033,0.0,0.0,0.0,0.0,991.6946372721033
2026-08-16T22:15:00Z,2026-08-16T22:30:00Z,2026-08-17,2026-08-17_2,0.0,0,0,100,64.3478260869565,64.3478260869565,0.0,0.0,0.0,True,True,True,False,0.0,991.6946372721033,0.0,0.0,0.0,0.0,991.6946372721033
2026-08-16T22:30:00Z,2026-08-16T22:45:00Z,2026-08-17,2026-08-17_3,0.0,0,0,100,64.3478260869565,64.3478260869565,0.0,0.0,0.0,True,True,True,False,0.0,991.6946372721033,0.0,0.0,0.0,0.0,991.6946372721033
2026-08-16T22:45:00Z,2026-08-16T23:00:00Z,2026-08-17,2026-08-17_4,0.0,0,0,100,64.3478260869565,64.3478260869565,0.0,0.0,0.0,True,True,True,False,0.0,991.6946372721033,0.0,0.0,0.0,0.0,991.6946372721033
2026-08-16T23:00:00Z,2026-08-16T23:15:00Z,2026-08-17,2026-08-17_5,0.0,0,0,100,64.3478260869565,64.3478260869565,0.0,0.0,0.0,True,True,True,False,0.0,991.6946372721033,0.0,0.0,0.0,0.0,991.6946372721033
2026-08-16T23:15:00Z,2026-08-16T23:30:00Z,2026-08-17,2026-08-17_6,0.0,0,0,100,64.3478260869565,64.3478260869565,0.0,0.0,0.0,True,True,True,False,0.0,991.6946372721033,0.0,0.0,0.0,0.0,991.6946372721033
2026-08-16T23:30:00Z,2026-08-16T23:45:00Z,2026-08-17,2026-08-17_7,0.0,0,0,100,64.3478260869565,64.3478260869565,0.0,0.0,0.0,True,True,True,False,0.0,991.6946372721033,0.0,0.0,0.0,0.0,991.6946372721033
2026-08-16T23:45:00Z,2026-08-17T00:00:00Z,2026-08-17,2026-08-17_8,0.0,0,0,100,64.3478260869565,64.3478260869565,0.0,0.0,0.0,True,True,True,False,0.0,991.6946372721033,0.0,0.0,0.0,0.0,991.6946372721033
2026-08-17T00:00:00Z,2026-08-17T00:15:00Z,2026-08-17,2026-08-17_9,0.0,0,0,100,64.3478260869565,64.3478260869565,0.0,0.0,0.0,True,True,True,False,0.0,991.6946372721033,0.0,0.0,0.0,0.0,991.6946372721033
2026-08-17T00:15:00Z,2026-08-17T00:30:00Z,2026-08-17,2026-08-17_10,0.0,0,0,100,64.3478260869565,64.3478260869565,0.0,0.0,0.0,True,True,True,False,0.0,991.6946372721033,0.0,0.0,0.0,0.0,991.6946372721033
2026-08-17T00:30:00Z,2026-08-17T00:45:00Z,2026-08-17,2026-08-17_11,0.0,0,0,100,64.3478260869565,64.3478260869565,0.0,0.0,0.0,True,True,True,False,0.0,991.6946372721033,0.0,0.0,0.0,0.0,991.6946372721033
2026-08-17T00:45:00Z,2026-08-17T01:00:00Z,2026-08-17,2026-08-17_12,0.0,0,0,100,64.3478260869565,64.3478260869565,0.0,0.0,0.0,True,True,True,False,0.0,991.6946372721033,0.0,0.0,0.0,0.0,991.6946372721033
2026-08-17T01:00:00Z,2026-08-17T01:15:00Z,2026-08-17,2026-08-17_13,0.0,0,0,100,64.3478260869565,64.3478260869565,0.0,0.0,0.0,True,True,True,False,0.0,991.6946372721033,0.0,0.0,0.0,0.0,991.6946372721033
2026-08-17T01:15:00Z,2026-08-17T01:30:00Z,2026-08-17,2026-08-17_14,0.0,0,0,100,64.3478260869565,64.3478260869565,0.0,0.0,0.0,True,True,True,False,0.0,991.6946372721033,0.0,0.0,0.0,0.0,991.6946372721033
2026-08-17T01:30:00Z,2026-08-17T01:45:00Z,2026-08-17,2026-08-17_15,0.0,0,0,100,64.3478260869565,64.3478260869565,0.0,0.0,0.0,True,True,True,False,0.0,991.6946372721033,0.0,0.0,0.0,0.0,991.6946372721033
2026-08-17T01:45:00Z,2026-08-17T02:00:00Z,2026-08-17,2026-08-17_16,0.0,0,0,100,64.3478260869565,64.3478260869565,0.0,0.0,0.0,True,True,True,False,0.0,991.6946372721033,0.0,0.0,0.0,0.0,991.6946372721033
2026-08-17T02:00:00Z,2026-08-17T02:15:00Z,2026-08-17,2026-08-17_17,0.0,0,0,100,64.3478260869565,64.3478260869565,0.0,0.0,0.0,True,True,True,False,0.0,991.6946372721033,0.0,0.0,0.0,0.0,991.6946372721033
2026-08-17T02:15:00Z,2026-08-17T02:30:00Z,2026-08-17,2026-08-17_18,0.0,0,0,100,64.3478260869565,64.3478260869565,0.0,0.0,0.0,True,True,True,False,0.0,991.6946372721033,0.0,0.0,0.0,0.0,991.6946372721033
2026-08-17T02:30:00Z,2026-08-17T02:45:00Z,2026-08-17,2026-08-17_19,0.0,0,0,100,64.3478260869565,64.3478260869565,0.0,0.0,0.0,True,True,True,False,0.0,991.6946372721033,0.0,0.0,0.0,0.0,991.6946372721033
2026-08-17T02:45:00Z,2026-08-17T03:00:00Z,2026-08-17,2026-08-17_20,0.0,0,0,100,64.3478260869565,64.3478260869565,0.0,0.0,0.0,True,True,True,False,0.0,991.6946372721033,0.0,0.0,0.0,0.0,991.6946372721033
2026-08-17T03:00:00Z,2026-08-17T03:15:00Z,2026-08-17,2026-08-17_21,0.0,0,0,100,64.3478260869565,64.3478260869565,0.0,0.0,0.0,True,True,True,False,0.0,991.6946372721033,0.0,0.0,0.0,0.0,991.6946372721033
2026-08-17T03:15:00Z,2026-08-17T03:30:00Z,2026-08-17,2026-08-17_22,0.0,0,0,100,64.3478260869565,64.3478260869565,0.0,0.0,0.0,True,True,True,False,0.0,991.6946372721033,0.0,0.0,0.0,0.0,991.6946372721033
2026-08-17T03:30:00Z,2026-08-17T03:45:00Z,2026-08-17,2026-08-17_23,0.0,0,0,100,64.3478260869565,64.3478260869565,0.0,0.0,0.0,True,True,True,False,0.0,991.6946372721033,0.0,0.0,0.0,0.0,991.6946372721033
2026-08-17T03:45:00Z,2026-08-17T04:00:00Z,2026-08-17,2026-08-17_24,0.0,0,0,100,64.3478260869565,64.3478260869565,0.0,0.0,0.0,True,True,True,False,0.0,991.6946372721033,0.0,0.0,0.0,0.0,991.6946372721033
2026-08-17T04:00:00Z,2026-08-17T04:15:00Z,2026-08-17,2026-08-17_25,0.0,0,0,100,64.3478260869565,64.3478260869565,0.0,0.0,0.0,True,True,True,False,0.0,991.6946372721033,0.0,0.0,0.0,0.0,991.6946372721033
2026-08-17T04:15:00Z,2026-08-17T04:30:00Z,2026-08-17,2026-08-17_26,0.0,0,0,100,64.3478260869565,64.3478260869565,0.0,0.0,0.0,True,True,True,False,0.0,991.6946372721033,0.0,0.0,0.0,0.0,991.6946372721033
2026-08-17T04:30:00Z,2026-08-17T04:45:00Z,2026-08-17,2026-08-17_27,0.0,0,0,100,64.3478260869565,64.3478260869565,0.0,0.0,0.0,True,True,True,False,0.0,991.6946372721033,0.0,0.0,0.0,0.0,991.6946372721033
2026-08-17T04:45:00Z,2026-08-17T05:00:00Z,2026-08-17,2026-08-17_28,0.0,0,0,100,64.3478260869565,64.3478260869565,0.0,0.0,0.0,True,True,True,False,0.0,991.6946372721033,0.0,0.0,0.0,0.0,991.6946372721033
2026-08-17T05:00:00Z,2026-08-17T05:15:00Z,2026-08-17,2026-08-17_29,0.0,0,0,100,64.3478260869565,64.3478260869565,0.0,0.0,0.0,True,True,True,False,0.0,991.6946372721033,0.0,0.0,0.0,0.0,991.6946372721033
2026-08-17T05:15:00Z,2026-08-17T05:30:00Z,2026-08-17,2026-08-17_30,0.0,0,0,100,64.3478260869565,64.3478260869565,0.0,0.0,0.0,True,True,True,False,0.0,991.6946372721033,0.0,0.0,0.0,0.0,991.6946372721033
2026-08-17T05:30:00Z,2026-08-17T05:45:00Z,2026-08-17,2026-08-17_31,0.0,0,0,100,64.3478260869565,64.3478260869565,0.0,0.0,0.0,True,True,True,False,0.0,991.6946372721033,0.0,0.0,0.0,0.0,991.6946372721033
2026-08-17T05:45:00Z,2026-08-17T06:00:00Z,2026-08-17,2026-08-17_32,0.0,0,0,100,64.3478260869565,64.3478260869565,0.0,0.0,0.0,True,True,True,False,0.0,991.6946372721033,0.0,0.0,0.0,0.0,991.6946372721033
2026-08-17T06:00:00Z,2026-08-17T06:15:00Z,2026-08-17,2026-08-17_33,5.999999999999998,0,0,94,64.3478260869565,62.717391304347814,0.004528985507246375,0.0,0.0,True,True,True,False,318.11999999999995,932.192959035777,0.0,0.0,0.0,0.0,1250.3129590357769
2026-08-17T06:15:00Z,2026-08-17T06:30:00Z,2026-08-17,2026-08-17_34,5.999999999999998,0,0,94,62.717391304347814,61.08695652173912,0.004528985507246375,0.0,0.0,True,True,True,False,312.68999999999994,932.192959035777,0.0,0.0,0.0,0.0,1244.8829590357768
2026-08-17T06:30:00Z,2026-08-17T06:45:00Z,2026-08-17,2026-08-17_35,0.0,0,0,94,61.08695652173912,61.08695652173912,0.0,0.0,0.0,True,True,True,False,0.0,932.192959035777,0.0,0.0,0.0,0.0,932.192959035777
2026-08-17T06:45:00Z,2026-08-17T07:00:00Z,2026-08-17,2026-08-17_36,-6.0,0,0,94,61.08695652173912,62.46695652173912,0.0038333333333333336,0.0,0.0,True,True,True,False,-182.28,932.192959035777,0.0,0.0,0.0,0.0,749.912959035777
2026-08-17T07:00:00Z,2026-08-17T07:15:00Z,2026-08-17,2026-08-17_37,0.0,6,0,94,62.46695652173912,62.14683229813664,0.0008892339544513458,0.29451428571428573,0.0,True,True,True,False,0.0,932.192959035777,6.333435044625829,0.0,50.769059599184864,0.0,989.2954536795877
2026-08-17T07:15:00Z,2026-08-17T07:30:00Z,2026-08-17,2026-08-17_38,-6.0,6,0,94,62.14683229813664,63.19623161242235,0.0029149980952380954,0.3593485714285714,0.0,True,True,True,False,-162.945,932.192959035777,6.333435044625829,0.0,62.99921302921657,0.0,838.5806071096195
2026-08-17T07:30:00Z,2026-08-17T07:45:00Z,2026-08-17,2026-08-17_39,-6.0,6,0,94,63.19623161242235,64.53503664099378,0.003718902857142857,0.04477714285714286,0.0,True,True,True,False,-156.495,932.192959035777,6.333435044625829,0.0,6.396002746204898,0.0,788.4273968266077
2026-08-17T07:45:00Z,2026-08-17T08:00:00Z,2026-08-17,2026-08-17_40,-6.0,6,0,94,64.53503664099378,65.8513200695652,0.0036563428571428575,0.06925714285714285,0.0,True,True,True,False,-160.71,932.192959035777,6.333435044625829,0.0,12.439830214792455,0.0,790.2562242951952
2026-08-17T08:00:00Z,2026-08-17T08:15:00Z,2026-08-17,2026-08-17_41,-81.0,81,0,19,65.8513200695652,75.78632646956521,0.02759724,9.451080000000001,0.0,True,True,True,False,-2755.0125000000003,188.4219810816996,67.40474101762149,0.0,1919.5681317034102,0.0,-579.6176461972689
2026-08-17T08:15:00Z,2026-08-17T08:30:00Z,2026-08-17,2026-08-17_42,-81.0,81,0,19,75.78632646956521,86.98434041242236,0.031105594285714282,8.078245714285714,0.0,True,True,True,False,-2796.1200000000003,188.4219810816996,67.40474101762149,0.0,1601.4926473447904,0.0,-938.8006305558888
2026-08-17T08:30:00Z,2026-08-17T08:45:00Z,2026-08-17,2026-08-17_43,-81.00000000000004,81,0,19,86.98434041242236,101.65285721242236,0.040745880000000026,4.305960000000001,0.0,True,True,True,False,-2539.9575000000013,188.4219810816996,67.40474101762149,0.0,952.611121016096,0.0,-1331.5196568845843
2026-08-17T08:45:00Z,2026-08-17T09:00:00Z,2026-08-17,2026-08-17_44,-81.0,81,0,19,101.65285721242236,119.28982498385093,0.048991577142857144,1.079382857142857,0.0,True,True,True,False,-2258.4825,188.4219810816996,67.40474101762149,0.0,194.6460599980384,0.0,-1808.0097179026407
2026-08-17T09:00:00Z,2026-08-17T09:15:00Z,2026-08-17,2026-08-17_45,-6.0,6,0,94,119.28982498385093,120.64957446956522,0.003777081904761904,0.02201142857142857,0.0,True,True,True,False,-207.87,932.192959035777,4.927721412769853,0.0,3.854820901670608,0.0,733.1055013502174
2026-08-17T09:15:00Z,2026-08-17T09:30:00Z,2026-08-17,2026-08-17_46,-6.0,6,0,94,120.64957446956522,122.02799732670807,0.0038289523809523817,0.0017142857142857144,0.0,True,True,True,False,-183.93,932.192959035777,4.927721412769853,0.0,0.2733127731220645,0.0,753.4639932216689
2026-08-17T09:30:00Z,2026-08-17T09:45:00Z,2026-08-17,2026-08-17_47,-6.0,6,0,94,122.02799732670807,123.40601012670807,0.003827813333333334,0.00216,0.0,True,True,True,False,-183.69,932.192959035777,4.927721412769853,0.0,0.3295445876878481,0.0,753.7602250362347
2026-08-17T09:45:00Z,2026-08-17T10:00:00Z,2026-08-17,2026-08-17_48,-5.999999999999969,6,0,94,123.40601012670807,124.78477995527949,0.003829916190476171,0.001337142857142857,0.0,True,True,True,False,-214.0349999999989,932.192959035777,4.927721412769853,0.0,0.21871552586554494,0.0,723.3043959744135
2026-08-17T10:00:00Z,2026-08-17T10:15:00Z,2026-08-17,2026-08-17_49,-6.0,6,0,94,124.78477995527949,126.16477995527949,0.003833333333333333,0.0,0.0,True,True,True,False,-168.27,932.192959035777,4.927721412769853,0.0,0.0,0.0,768.8506804485469
2026-08-17T10:15:00Z,2026-08-17T10:30:00Z,2026-08-17,2026-08-17_50,-6.0,6,0,94,126.16477995527949,127.54471686956519,0.003833158095238095,6.857142857142858e-05,0.0,True,True,True,False,-214.20000000000002,932.192959035777,4.927721412769853,0.0,0.01046173294247137,0.0,722.9311421814893
2026-08-17T10:30:00Z,2026-08-17T10:45:00Z,2026-08-17,2026-08-17_51,-6.0,6,0,94,127.54471686956519,128.92276121242233,0.0038279009523809527,0.0021257142857142855,0.0,True,True,True,False,-214.245,932.192959035777,4.927721412769853,0.0,0.3481795625687913,0.0,723.2238600111157
2026-08-17T10:45:00Z,2026-08-17T11:00:00Z,2026-08-17,2026-08-17_52,-6.0,6,0,94,128.92276121242233,130.3002377838509,0.00382632380952381,0.002742857142857143,0.0,True,True,True,False,-181.38,932.192959035777,4.927721412769853,0.0,0.45573924130640886,0.0,756.1964196898533
2026-08-17T11:00:00Z,2026-08-17T11:15:00Z,2026-08-17,2026-08-17_53,-6.0,6,0,94,130.3002377838509,131.54936646956517,0.003469801904761905,0.14225142857142858,0.0,True,True,True,False,-181.23,932.192959035777,4.8830955831871234,0.0,66.74748681712674,0.0,822.5935414360908
2026-08-17T11:15:00Z,2026-08-17T11:30:00Z,2026-08-17,2026-08-17_54,-6.0,6,0,94,131.54936646956517,132.91293264099374,0.0037876838095238104,0.017862857142857146,0.0,True,True,True,False,-192.0,932.192959035777,4.8830955831871234,0.0,2.614648631801489,0.0,747.6907032507656
2026-08-17T11:30:00Z,2026-08-17T11:45:00Z,2026-08-17,2026-08-17_55,-6.0,6,0,94,132.91293264099374,134.28564624099374,0.0038130933333333336,0.00792,0.0,True,True,True,False,-216.81,932.192959035777,4.8830955831871234,0.0,1.1312991074834082,0.0,721.3973537264475
2026-08-17T11:45:00Z,2026-08-17T12:00:00Z,2026-08-17,2026-08-17_56,-6.0,6,0,94,134.28564624099374,135.6637852124223,0.0038281638095238094,0.002022857142857143,0.0,True,True,True,False,-205.215,932.192959035777,4.8830955831871234,0.0,0.32169817028649894,0.0,732.1827527892506
2026-08-17T12:00:00Z,2026-08-17T12:15:00Z,2026-08-17,2026-08-17_57,-6.0,6,0,94,135.6637852124223,137.04107252670804,0.003825798095238096,0.002948571428571428,0.0,True,True,True,False,-185.95499999999998,932.192959035777,4.8590662903348845,0.0,0.46227781131828727,0.0,751.5593031374302
2026-08-17T12:15:00Z,2026-08-17T12:30:00Z,2026-08-17,2026-08-17_58,-6.0,6,0,94,137.04107252670804,138.42088326956517,0.0038328076190476193,0.0002057142857142857,0.0,True,True,True,False,-185.94,932.192959035777,4.8590662903348845,0.0,0.0313851988274141,0.0,751.1434105249393
2026-08-17T12:30:00Z,2026-08-17T12:45:00Z,2026-08-17,2026-08-17_59,-6.0,6,0,94,138.42088326956517,139.80066246956517,0.0038327200000000004,0.00024000000000000003,0.0,True,True,True,False,-203.32500000000002,932.192959035777,4.8590662903348845,0.0,0.036616065298649796,0.0,733.7636413914105
2026-08-17T12:45:00Z,2026-08-17T13:00:00Z,2026-08-17,2026-08-17_60,-5.35508837118326,6,0,94,139.80066246956517,141.0323327949373,0.003421306459367083,0.0,0.0,True,True,True,False,-191.2703688977381,932.192959035777,4.8590662903348845,0.0,0.0,0.0,745.7816564283738
2026-08-17T13:00:00Z,2026-08-17T13:15:00Z,2026-08-17,2026-08-17_61,-6.0,6,0,94,141.0323327949373,142.41116570922304,0.003830091428571429,0.0012685714285714286,0.0,True,True,True,False,-180.465,932.192959035777,5.217789305057593,0.0,0.20596528230332486,0.0,757.1517136231379
2026-08-17T13:15:00Z,2026-08-17T13:30:00Z,2026-08-17,2026-08-17_62,-6.0,6,0,94,142.41116570922304,143.75747793779448,0.0037397561904761907,0.03661714285714286,0.0,True,True,True,False,-199.185,932.192959035777,5.217789305057593,0.0,6.43135184333555,0.0,744.6571001841702
2026-08-17T13:30:00Z,2026-08-17T13:45:00Z,2026-08-17,2026-08-17_63,-6.0,6,0,94,143.75747793779448,145.1300653663659,0.0038127428571428576,0.008057142857142856,0.0,True,True,True,False,-192.39,932.192959035777,5.217789305057593,0.0,1.3279857349912272,0.0,746.3487340758259
2026-08-17T13:45:00Z,2026-08-17T14:00:00Z,2026-08-17,2026-08-17_64,-6.0,6,0,94,145.1300653663659,146.50318902350875,0.003814232380952381,0.0074742857142857146,0.0,True,True,True,False,-217.5,932.192959035777,5.217789305057593,0.0,1.2024454562296352,0.0,721.1131937970642
2026-08-17T14:00:00Z,2026-08-17T14:15:00Z,2026-08-17,2026-08-17_65,0.0,6,5,94,146.50318902350875,146.75460089928515,0.0006985733609385784,3.428571428571429e-05,0.27331428571428573,True,True,True,False,0.0,932.192959035777,5.066748035700663,0.5149134182622627,0.005230866471235685,-11.75106525505923,926.0287861011519
2026-08-17T14:15:00Z,2026-08-17T14:30:00Z,2026-08-17,2026-08-17_66,-0.37697828987537874,6,5,94,146.75460089928515,146.75999999999993,0.0004688362797626483,0.08019428571428572,0.0054571428571428575,True,True,True,False,-14.282764957653413,932.192959035777,5.066748035700663,0.5149134182622627,14.760575277617342,-0.430331244619291,937.8220995650846
2026-08-17T14:30:00Z,2026-08-17T14:45:00Z,2026-08-17,2026-08-17_67,-0.42826085447928236,6,5,94,146.75999999999993,146.7598297815092,0.0005142112872344494,0.09178285714285715,0.0,True,True,True,False,-17.541564599471407,932.192959035777,5.066748035700663,0.5149134182622627,16.095939842856055,0.0,936.3289957331245
2026-08-17T14:45:00Z,2026-08-17T15:00:00Z,2026-08-17,2026-08-17_68,-0.39641954340519264,6,5,94,146.7598297815092,146.10689391304342,0.002087525944815688,0.6917485714285714,0.00017142857142857143,True,True,True,False,-18.794250552840182,932.192959035777,5.066748035700663,0.5149134182622627,150.19384398504843,-0.01038546037073766,1069.1638284615774
2026-08-17T15:00:00Z,2026-08-17T15:15:00Z,2026-08-17,2026-08-17_69,-100.0,100,0,0,146.10689391304342,158.14101962732914,0.033428126984126984,11.919428571428572,0.0,True,True,True,False,-3850.75,0.0,97.3472423525822,0.0,3228.1588708956774,0.0,-525.2438867517404
2026-08-17T15:15:00Z,2026-08-17T15:30:00Z,2026-08-17,2026-08-17_70,-100.0,100,0,0,158.14101962732914,166.26645962732914,0.02257066666666667,16.168,0.0,True,True,True,False,-4688.0,0.0,97.3472423525822,0.0,5231.264996567244,0.0,640.6122389198266
2026-08-17T15:30:00Z,2026-08-17T15:45:00Z,2026-08-17,2026-08-17_71,0.0,100,0,0,166.26645962732914,155.89192546583845,0.02881815044858523,9.544571428571428,0.0,True,True,True,False,0.0,0.0,97.3472423525822,0.0,2440.0654263701053,0.0,2537.4126687226876
2026-08-17T15:45:00Z,2026-08-17T16:00:00Z,2026-08-17,2026-08-17_72,0.0,100,0,0,155.89192546583845,140.3732919254658,0.043107315389924086,14.277142857142858,0.0,True,True,True,False,0.0,0.0,97.3472423525822,0.0,4477.6252280330855,0.0,4574.972470385667
2026-08-17T16:00:00Z,2026-08-17T16:15:00Z,2026-08-17,2026-08-17_73,0.0,0,0,100,140.3732919254658,140.3732919254658,0.0,0.0,0.0,True,True,True,False,0.0,991.6946372721033,0.0,0.0,0.0,0.0,991.6946372721033
2026-08-17T16:15:00Z,2026-08-17T16:30:00Z,2026-08-17,2026-08-17_74,0.0,0,0,100,140.3732919254658,140.3732919254658,0.0,0.0,0.0,True,True,True,False,0.0,991.6946372721033,0.0,0.0,0.0,0.0,991.6946372721033
2026-08-17T16:30:00Z,2026-08-17T16:45:00Z,2026-08-17,2026-08-17_75,0.0,0,0,100,140.3732919254658,140.3732919254658,0.0,0.0,0.0,True,True,True,False,0.0,991.6946372721033,0.0,0.0,0.0,0.0,991.6946372721033
2026-08-17T16:45:00Z,2026-08-17T17:00:00Z,2026-08-17,2026-08-17_76,0.0,0,0,100,140.3732919254658,140.3732919254658,0.0,0.0,0.0,True,True,True,False,0.0,991.6946372721033,0.0,0.0,0.0,0.0,991.6946372721033
2026-08-17T17:00:00Z,2026-08-17T17:15:00Z,2026-08-17,2026-08-17_77,100.0,0,100,0,140.3732919254658,127.54720496894406,0.03562801932367149,0.0,13.200000000000001,True,True,True,False,5640.5,0.0,0.0,12.672591349454573,0.0,-666.0668243191701,4987.105767030284
2026-08-17T17:15:00Z,2026-08-17T17:30:00Z,2026-08-17,2026-08-17_78,99.99999999999999,0,100,0,127.54720496894406,114.62173913043475,0.035904071773636984,0.0,13.10857142857143,True,True,True,False,5595.749999999999,0.0,0.0,12.672591349454573,0.0,-603.3727733400174,5005.049818009436
2026-08-17T17:30:00Z,2026-08-17T17:45:00Z,2026-08-17,2026-08-17_79,100.0,0,100,0,114.62173913043475,91.51118012422357,0.0641959972394755,0.0,3.738285714285714,True,True,True,False,5703.0,0.0,0.0,12.672591349454573,0.0,-286.33574665170056,5429.336844697754
2026-08-17T17:45:00Z,2026-08-17T18:00:00Z,2026-08-17,2026-08-17_80,100.00000000000004,0,100,0,91.51118012422357,64.34782608695647,0.07545376121463081,0.0,0.009714285714285715,True,True,True,False,5520.250000000003,0.0,0.0,12.672591349454573,0.0,-0.7639245665464295,5532.158666782911
2026-08-17T18:00:00Z,2026-08-17T18:15:00Z,2026-08-17,2026-08-17_81,0.0,0,0,100,64.34782608695647,64.34782608695647,0.0,0.0,0.0,True,True,True,False,0.0,991.6946372721033,0.0,0.0,0.0,0.0,991.6946372721033
2026-08-17T18:15:00Z,2026-08-17T18:30:00Z,2026-08-17,2026-08-17_82,0.0,0,0,100,64.34782608695647,64.34782608695647,0.0,0.0,0.0,True,True,True,False,0.0,991.6946372721033,0.0,0.0,0.0,0.0,991.6946372721033
2026-08-17T18:30:00Z,2026-08-17T18:45:00Z,2026-08-17,2026-08-17_83,0.0,0,0,100,64.34782608695647,64.34782608695647,0.0,0.0,0.0,True,True,True,False,0.0,991.6946372721033,0.0,0.0,0.0,0.0,991.6946372721033
2026-08-17T18:45:00Z,2026-08-17T19:00:00Z,2026-08-17,2026-08-17_84,0.0,0,0,100,64.34782608695647,64.34782608695647,0.0,0.0,0.0,True,True,True,False,0.0,991.6946372721033,0.0,0.0,0.0,0.0,991.6946372721033
2026-08-17T19:00:00Z,2026-08-17T19:15:00Z,2026-08-17,2026-08-17_85,0.0,0,0,100,64.34782608695647,64.34782608695647,0.0,0.0,0.0,True,True,True,False,0.0,991.6946372721033,0.0,0.0,0.0,0.0,991.6946372721033
2026-08-17T19:15:00Z,2026-08-17T19:30:00Z,2026-08-17,2026-08-17_86,0.0,0,0,100,64.34782608695647,64.34782608695647,0.0,0.0,0.0,True,True,True,False,0.0,991.6946372721033,0.0,0.0,0.0,0.0,991.6946372721033
2026-08-17T19:30:00Z,2026-08-17T19:45:00Z,2026-08-17,2026-08-17_87,0.0,0,0,100,64.34782608695647,64.34782608695647,0.0,0.0,0.0,True,True,True,False,0.0,991.6946372721033,0.0,0.0,0.0,0.0,991.6946372721033
2026-08-17T19:45:00Z,2026-08-17T20:00:00Z,2026-08-17,2026-08-17_88,0.0,0,0,100,64.34782608695647,64.34782608695647,0.0,0.0,0.0,True,True,True,False,0.0,991.6946372721033,0.0,0.0,0.0,0.0,991.6946372721033
2026-08-17T20:00:00Z,2026-08-17T20:15:00Z,2026-08-17,2026-08-17_89,0.0,0,0,100,64.34782608695647,64.34782608695647,0.0,0.0,0.0,True,True,True,False,0.0,991.6946372721033,0.0,0.0,0.0,0.0,991.6946372721033
2026-08-17T20:15:00Z,2026-08-17T20:30:00Z,2026-08-17,2026-08-17_90,0.0,0,0,100,64.34782608695647,64.34782608695647,0.0,0.0,0.0,True,True,True,False,0.0,991.6946372721033,0.0,0.0,0.0,0.0,991.6946372721033
2026-08-17T20:30:00Z,2026-08-17T20:45:00Z,2026-08-17,2026-08-17_91,0.0,0,0,100,64.34782608695647,64.34782608695647,0.0,0.0,0.0,True,True,True,False,0.0,991.6946372721033,0.0,0.0,0.0,0.0,991.6946372721033
2026-08-17T20:45:00Z,2026-08-17T21:00:00Z,2026-08-17,2026-08-17_92,0.0,0,0,100,64.34782608695647,64.34782608695647,0.0,0.0,0.0,True,True,True,False,0.0,991.6946372721033,0.0,0.0,0.0,0.0,991.6946372721033
2026-08-17T21:00:00Z,2026-08-17T21:15:00Z,2026-08-18,2026-08-17_93,-5.684341886080802e-14,0,0,100,64.34782608695647,64.34782608695649,3.6316628716627345e-17,0.0,0.0,True,True,True,False,-2.7391422463551862e-12,992.0162536484863,0.0,0.0,0.0,0.0,992.0162536484836
2026-08-17T21:15:00Z,2026-08-17T21:30:00Z,2026-08-18,2026-08-17_94,-5.684341886080802e-14,0,0,100,64.34782608695649,64.3478260869565,3.631662871662734e-17,0.0,0.0,True,True,True,False,-2.6204816094832496e-12,992.0162536484863,0.0,0.0,0.0,0.0,992.0162536484837
2026-08-17T21:30:00Z,2026-08-17T21:45:00Z,2026-08-18,2026-08-17_95,-5.684341886080802e-14,0,0,100,64.3478260869565,64.34782608695652,3.6316628716627345e-17,0.0,0.0,True,True,True,False,-2.5086421828746097e-12,992.0162536484863,0.0,0.0,0.0,0.0,992.0162536484838
2026-08-17T21:45:00Z,2026-08-17T22:00:00Z,2026-08-18,2026-08-17_96,-5.684341886080802e-14,0,0,100,64.34782608695652,64.34782608695653,3.6316628716627345e-17,0.0,0.0,True,True,True,False,-2.3590018827235326e-12,992.0162536484863,0.0,0.0,0.0,0.0,992.0162536484839
2026-08-17T22:00:00Z,2026-08-17T22:15:00Z,2026-08-18,2026-08-18_1,6.178632484870436e-14,0,0,100,64.34782608695653,64.34782608695652,4.663822829763312e-17,0.0,0.0,True,True,True,False,2.9028760072042528e-12,992.0162536484863,0.0,0.0,0.0,0.0,992.0162536484893
2026-08-17T22:15:00Z,2026-08-17T22:30:00Z,2026-08-18,2026-08-18_2,0.0,0,0,100,64.34782608695652,64.34782608695652,0.0,0.0,0.0,True,True,True,False,0.0,992.0162536484863,0.0,0.0,0.0,0.0,992.0162536484863
2026-08-17T22:30:00Z,2026-08-17T22:45:00Z,2026-08-18,2026-08-18_3,0.0,0,0,100,64.34782608695652,64.34782608695652,0.0,0.0,0.0,True,True,True,False,0.0,992.0162536484863,0.0,0.0,0.0,0.0,992.0162536484863
2026-08-17T22:45:00Z,2026-08-17T23:00:00Z,2026-08-18,2026-08-18_4,0.0,0,0,100,64.34782608695652,64.34782608695652,0.0,0.0,0.0,True,True,True,False,0.0,992.0162536484863,0.0,0.0,0.0,0.0,992.0162536484863
2026-08-17T23:00:00Z,2026-08-17T23:15:00Z,2026-08-18,2026-08-18_5,-100.0,100,0,0,64.34782608695652,67.1661803726708,0.007828761904761901,21.93657142857143,0.0,True,True,True,False,-4178.75,0.0,102.4723859669204,0.0,13164.926656038022,0.0,9088.649042004943
2026-08-17T23:15:00Z,2026-08-17T23:30:00Z,2026-08-18,2026-08-18_6,-100.0,100,0,0,67.1661803726708,70.17379180124222,0.008354476190476183,21.730857142857147,0.0,True,True,True,False,-4048.25,0.0,102.4723859669204,0.0,6238.524930491399,0.0,2292.747316458319
2026-08-17T23:30:00Z,2026-08-17T23:45:00Z,2026-08-18,2026-08-18_7,0.0,100,0,0,70.17379180124222,57.1427359006211,0.036197377501725324,11.98857142857143,0.0,True,True,True,False,0.0,0.0,102.4723859669204,0.0,2458.252923558252,0.0,2560.725309525172
2026-08-17T23:45:00Z,2026-08-18T00:00:00Z,2026-08-18,2026-08-18_8,-44.472790633253545,100,0,0,57.1427359006211,64.34782608695652,0.030025515146350993,2.9857142857142858,0.0,True,True,True,False,-1668.5079225830898,0.0,102.4723859669204,0.0,539.0547402386812,0.0,-1026.980796377488
2026-08-18T00:00:00Z,2026-08-18T00:15:00Z,2026-08-18,2026-08-18_9,0.0,0,0,100,64.34782608695652,64.34782608695652,0.0,0.0,0.0,True,True,True,False,0.0,992.0162536484863,0.0,0.0,0.0,0.0,992.0162536484863
2026-08-18T00:15:00Z,2026-08-18T00:30:00Z,2026-08-18,2026-08-18_10,0.0,0,0,100,64.34782608695652,64.34782608695652,0.0,0.0,0.0,True,True,True,False,0.0,992.0162536484863,0.0,0.0,0.0,0.0,992.0162536484863
2026-08-18T00:30:00Z,2026-08-18T00:45:00Z,2026-08-18,2026-08-18_11,0.0,0,0,100,64.34782608695652,64.34782608695652,0.0,0.0,0.0,True,True,True,False,0.0,992.0162536484863,0.0,0.0,0.0,0.0,992.0162536484863
2026-08-18T00:45:00Z,2026-08-18T01:00:00Z,2026-08-18,2026-08-18_12,0.0,0,0,100,64.34782608695652,64.34782608695652,0.0,0.0,0.0,True,True,True,False,0.0,992.0162536484863,0.0,0.0,0.0,0.0,992.0162536484863
2026-08-18T01:00:00Z,2026-08-18T01:15:00Z,2026-08-18,2026-08-18_13,0.0,0,0,100,64.34782608695652,64.34782608695652,0.0,0.0,0.0,True,True,True,False,0.0,992.0162536484863,0.0,0.0,0.0,0.0,992.0162536484863
2026-08-18T01:15:00Z,2026-08-18T01:30:00Z,2026-08-18,2026-08-18_14,0.0,0,0,100,64.34782608695652,64.34782608695652,0.0,0.0,0.0,True,True,True,False,0.0,992.0162536484863,0.0,0.0,0.0,0.0,992.0162536484863
2026-08-18T01:30:00Z,2026-08-18T01:45:00Z,2026-08-18,2026-08-18_15,0.0,0,0,100,64.34782608695652,64.34782608695652,0.0,0.0,0.0,True,True,True,False,0.0,992.0162536484863,0.0,0.0,0.0,0.0,992.0162536484863
2026-08-18T01:45:00Z,2026-08-18T02:00:00Z,2026-08-18,2026-08-18_16,0.0,0,0,100,64.34782608695652,64.34782608695652,0.0,0.0,0.0,True,True,True,False,0.0,992.0162536484863,0.0,0.0,0.0,0.0,992.0162536484863
2026-08-18T02:00:00Z,2026-08-18T02:15:00Z,2026-08-18,2026-08-18_17,0.0,0,0,100,64.34782608695652,64.34782608695652,0.0,0.0,0.0,True,True,True,False,0.0,992.0162536484863,0.0,0.0,0.0,0.0,992.0162536484863
2026-08-18T02:15:00Z,2026-08-18T02:30:00Z,2026-08-18,2026-08-18_18,0.0,0,0,100,64.34782608695652,64.34782608695652,0.0,0.0,0.0,True,True,True,False,0.0,992.0162536484863,0.0,0.0,0.0,0.0,992.0162536484863
2026-08-18T02:30:00Z,2026-08-18T02:45:00Z,2026-08-18,2026-08-18_19,0.0,0,0,100,64.34782608695652,64.34782608695652,0.0,0.0,0.0,True,True,True,False,0.0,992.0162536484863,0.0,0.0,0.0,0.0,992.0162536484863
2026-08-18T02:45:00Z,2026-08-18T03:00:00Z,2026-08-18,2026-08-18_20,0.0,0,0,100,64.34782608695652,64.34782608695652,0.0,0.0,0.0,True,True,True,False,0.0,992.0162536484863,0.0,0.0,0.0,0.0,992.0162536484863
2026-08-18T03:00:00Z,2026-08-18T03:15:00Z,2026-08-18,2026-08-18_21,0.0,0,0,100,64.34782608695652,64.34782608695652,0.0,0.0,0.0,True,True,True,False,0.0,992.0162536484863,0.0,0.0,0.0,0.0,992.0162536484863
2026-08-18T03:15:00Z,2026-08-18T03:30:00Z,2026-08-18,2026-08-18_22,0.0,0,0,100,64.34782608695652,64.34782608695652,0.0,0.0,0.0,True,True,True,False,0.0,992.0162536484863,0.0,0.0,0.0,0.0,992.0162536484863
2026-08-18T03:30:00Z,2026-08-18T03:45:00Z,2026-08-18,2026-08-18_23,0.0,0,0,100,64.34782608695652,64.34782608695652,0.0,0.0,0.0,True,True,True,False,0.0,992.0162536484863,0.0,0.0,0.0,0.0,992.0162536484863
2026-08-18T03:45:00Z,2026-08-18T04:00:00Z,2026-08-18,2026-08-18_24,0.0,0,0,100,64.34782608695652,64.34782608695652,0.0,0.0,0.0,True,True,True,False,0.0,992.0162536484863,0.0,0.0,0.0,0.0,992.0162536484863
2026-08-18T04:00:00Z,2026-08-18T04:15:00Z,2026-08-18,2026-08-18_25,0.0,0,0,100,64.34782608695652,64.34782608695652,0.0,0.0,0.0,True,True,True,False,0.0,992.0162536484863,0.0,0.0,0.0,0.0,992.0162536484863
2026-08-18T04:15:00Z,2026-08-18T04:30:00Z,2026-08-18,2026-08-18_26,0.0,0,0,100,64.34782608695652,64.34782608695652,0.0,0.0,0.0,True,True,True,False,0.0,992.0162536484863,0.0,0.0,0.0,0.0,992.0162536484863
2026-08-18T04:30:00Z,2026-08-18T04:45:00Z,2026-08-18,2026-08-18_27,0.0,0,0,100,64.34782608695652,64.34782608695652,0.0,0.0,0.0,True,True,True,False,0.0,992.0162536484863,0.0,0.0,0.0,0.0,992.0162536484863
2026-08-18T04:45:00Z,2026-08-18T05:00:00Z,2026-08-18,2026-08-18_28,0.0,0,0,100,64.34782608695652,64.34782608695652,0.0,0.0,0.0,True,True,True,False,0.0,992.0162536484863,0.0,0.0,0.0,0.0,992.0162536484863
2026-08-18T05:00:00Z,2026-08-18T05:15:00Z,2026-08-18,2026-08-18_29,0.0,0,0,100,64.34782608695652,64.34782608695652,0.0,0.0,0.0,True,False,True,False,0.0,992.0162536484863,0.0,0.0,0.0,0.0,992.0162536484863
2026-08-18T05:15:00Z,2026-08-18T05:30:00Z,2026-08-18,2026-08-18_30,0.0,0,0,100,64.34782608695652,64.34782608695652,0.0,0.0,0.0,True,False,True,False,0.0,992.0162536484863,0.0,0.0,0.0,0.0,992.0162536484863
2026-08-18T05:30:00Z,2026-08-18T05:45:00Z,2026-08-18,2026-08-18_31,0.0,0,0,100,64.34782608695652,64.34782608695652,0.0,0.0,0.0,True,False,True,False,0.0,992.0162536484863,0.0,0.0,0.0,0.0,992.0162536484863
2026-08-18T05:45:00Z,2026-08-18T06:00:00Z,2026-08-18,2026-08-18_32,0.0,0,0,100,64.34782608695652,64.34782608695652,0.0,0.0,0.0,True,False,True,False,0.0,992.0162536484863,0.0,0.0,0.0,0.0,992.0162536484863
2026-08-18T06:00:00Z,2026-08-18T06:15:00Z,2026-08-18,2026-08-18_33,9.865296985120273e-15,6,6,94,64.34782608695652,64.17163919503105,0.0005517927950310633,0.17242285714285716,0.012205714285714285,True,True,True,False,4.966683767158802e-13,932.4952784295771,6.151777027413723,0.4498368912035712,34.90382813647178,-0.7882522422349582,973.2124682424317
2026-08-18T06:15:00Z,2026-08-18T06:30:00Z,2026-08-18,2026-08-18_34,0.0,6,6,94,64.17163919503105,63.602527880745335,0.0015810400000000001,0.5236114285714286,3.428571428571429e-05,True,True,True,False,0.0,932.4952784295771,6.151777027413723,0.4498368912035712,148.14510509112017,-0.002622822150092796,1087.2393746171645
2026-08-18T06:30:00Z,2026-08-18T06:45:00Z,2026-08-18,2026-08-18_35,0.0,6,6,94,63.602527880745335,63.24426226086956,0.0009957079917184265,0.3296914285714286,0.00010285714285714284,True,True,True,False,0.0,932.4952784295771,6.151777027413723,0.4498368912035712,88.14313142072258,-0.009418613207315775,1027.2306051557096
2026-08-18T06:45:00Z,2026-08-18T07:00:00Z,2026-08-18,2026-08-18_36,0.0,6,6,94,63.24426226086956,63.03009454906832,0.0006038474534161492,0.19851428571428573,0.0017485714285714283,True,True,True,False,0.0,932.4952784295771,6.151777027413723,0.4498368912035712,40.25145172551937,-0.1412790607549607,979.2070650129588
2026-08-18T07:00:00Z,2026-08-18T07:15:00Z,2026-08-18,2026-08-18_37,6.027786965220279e-14,6,0,94,63.03009454906832,62.79426846211179,0.0006550724637681615,0.21696000000000004,0.0,True,True,True,False,2.6305262316221296e-12,932.4952784295771,6.026440794368454,0.0,41.85512239455161,0.0,980.3768416184997
2026-08-18T07:15:00Z,2026-08-18T07:30:00Z,2026-08-18,2026-08-18_38,-1.2354248059347869e-14,6,0,94,62.79426846211179,62.64124982857142,0.0004250517598343748,0.14077714285714285,0.0,True,True,True,False,-5.187857616321654e-13,932.4952784295771,6.026440794368454,0.0,25.50155961115517,0.0,964.0232788351002
2026-08-18T07:30:00Z,2026-08-18T07:45:00Z,2026-08-18,2026-08-18_39,-6.0,6,0,94,62.64124982857142,63.82697737142856,0.003293687619047619,0.2111657142857143,0.0,True,True,True,False,-198.34499999999997,932.4952784295771,6.026440794368454,0.0,38.266076326740844,0.0,778.4427955506864
2026-08-18T07:45:00Z,2026-08-18T08:00:00Z,2026-08-18,2026-08-18_40,-6.0,6,0,94,63.82697737142856,65.20697737142856,0.0038333333333333336,0.0,0.0,True,True,True,False,-172.2,932.4952784295771,6.026440794368454,0.0,0.0,0.0,766.3217192239455
2026-08-18T08:00:00Z,2026-08-18T08:15:00Z,2026-08-18,2026-08-18_41,0.0,6,5,94,65.20697737142856,65.18401175652173,8.175527950310559e-05,0.02410285714285714,0.0035142857142857146,True,True,True,False,0.0,932.4952784295771,5.410061237337605,0.8198363188920048,4.280890713018453,-0.2864666792030153,942.7196000196221
2026-08-18T08:15:00Z,2026-08-18T08:30:00Z,2026-08-18,2026-08-18_42,0.0,6,5,94,65.18401175652173,65.04436912298135,0.000424112077294686,0.13446857142857144,0.0070857142857142855,True,True,True,False,0.0,932.4952784295771,5.410061237337605,0.8198363188920048,24.343508426879023,-0.5689212581043405,962.4997631545814
2026-08-18T08:30:00Z,2026-08-18T08:45:00Z,2026-08-18,2026-08-18_43,-1.0,6,5,94,65.04436912298135,65.24333241242235,0.0007357330848861284,0.03637714285714286,0.008142857142857143,True,True,True,False,-34.1075,932.4952784295771,5.410061237337605,0.8198363188920048,6.569155853520942,-0.6647320355487241,910.5220998037789
2026-08-18T08:45:00Z,2026-08-18T09:00:00Z,2026-08-18,2026-08-18_44,-0.9999999999999462,6,5,94,65.24333241242235,65.5252211975155,0.0007888905175983094,0.0011657142857142858,0.057742857142857144,True,True,True,False,-33.69249999999819,932.4952784295771,5.410061237337605,0.8198363188920048,0.1936047747136398,-3.460021971313564,901.7662587892086
2026-08-18T09:00:00Z,2026-08-18T09:15:00Z,2026-08-18,2026-08-18_45,-6.0,6,0,94,65.5252211975155,66.90096291180122,0.0038215047619047627,0.004628571428571429,0.0,True,True,True,False,-203.54999999999998,932.4952784295771,5.31047902478109,0.0,0.7917524670716453,0.0,735.0475099214299
2026-08-18T09:15:00Z,2026-08-18T09:30:00Z,2026-08-18,2026-08-18_46,-6.0,6,0,94,66.90096291180122,68.2777770832298,0.0038244838095238096,0.0034628571428571434,0.0,True,True,True,False,-202.125,932.4952784295771,5.31047902478109,0.0,0.5893172584640793,0.0,736.2700747128223
2026-08-18T09:30:00Z,2026-08-18T09:45:00Z,2026-08-18,2026-08-18_47,-6.0,6,0,94,68.2777770832298,69.65074302608694,0.0038137942857142857,0.007645714285714286,0.0,True,True,True,False,-202.305,932.4952784295771,5.31047902478109,0.0,1.3414983967100262,0.0,736.8422558510682
2026-08-18T09:45:00Z,2026-08-18T10:00:00Z,2026-08-18,2026-08-18_48,-6.0,6,0,94,69.65074302608694,71.0276202832298,0.0038246590476190487,0.0033942857142857143,0.0,True,True,True,False,-198.0,932.4952784295771,5.31047902478109,0.0,0.595531083876348,0.0,740.4012885382346
2026-08-18T10:00:00Z,2026-08-18T10:15:00Z,2026-08-18,2026-08-18_49,-6.0,6,0,94,71.0276202832298,72.40762028322979,0.003833333333333334,0.0,0.0,True,True,True,False,-191.73,932.4952784295771,5.31047902478109,0.0,0.0,0.0,746.0757574543582
2026-08-18T10:15:00Z,2026-08-18T10:30:00Z,2026-08-18,2026-08-18_50,-6.0,6,0,94,72.40762028322979,73.78389822608693,0.0038229942857142857,0.004045714285714286,0.0,True,True,True,False,-202.15500000000003,932.4952784295771,5.31047902478109,0.0,0.6769630989853734,0.0,736.3277205533435
2026-08-18T10:30:00Z,2026-08-18T10:45:00Z,2026-08-18,2026-08-18_51,-6.0,6,0,94,73.78389822608693,75.15692725465836,0.003813969523809525,0.007577142857142857,0.0,True,True,True,False,-204.615,932.4952784295771,5.31047902478109,0.0,1.315335856954812,0.0,734.506093311313
2026-08-18T10:45:00Z,2026-08-18T11:00:00Z,2026-08-18,2026-08-18_52,-6.0,6,0,94,75.15692725465836,76.09709365465835,0.0026115733333333334,0.47808,0.0,True,True,True,False,-202.485,932.4952784295771,5.31047902478109,0.0,139.73025536542093,0.0,875.0510128197791
2026-08-18T11:00:00Z,2026-08-18T11:15:00Z,2026-08-18,2026-08-18_53,-100.0,100,0,0,76.09709365465835,76.39937936894407,0.0008396825396825455,24.67142857142857,0.0,True,True,True,False,-3402.5,0.0,88.30767469810564,0.0,7772.504855109789,0.0,4458.312529807895
2026-08-18T11:15:00Z,2026-08-18T11:30:00Z,2026-08-18,2026-08-18_54,-100.0,100,0,0,76.39937936894407,97.85377936894406,0.05959555555555556,1.68,0.0,True,True,True,False,-3380.7499999999995,0.0,88.30767469810564,0.0,303.30892233732044,0.0,-2989.1334029645736
2026-08-18T11:30:00Z,2026-08-18T11:45:00Z,2026-08-18,2026-08-18_55,-100.0,100,0,0,97.85377936894406,120.67345936894407,0.06338800000000001,0.19600000000000004,0.0,True,True,True,False,-3375.75,0.0,88.30767469810564,0.0,34.70387912779718,0.0,-3252.738446174097
2026-08-18T11:45:00Z,2026-08-18T12:00:00Z,2026-08-18,2026-08-18_56,-100.0,100,0,0,120.67345936894407,143.57777936894405,0.06362311111111112,0.104,0.0,True,True,True,False,-3324.75,0.0,88.30767469810564,0.0,17.99783895152521,0.0,-3218.444486350369
2026-08-18T12:00:00Z,2026-08-18T12:15:00Z,2026-08-18,2026-08-18_57,0.0,6,6,94,143.57777936894405,143.70508634037262,0.0003536304761904762,0.0,0.13837714285714287,True,True,True,False,0.0,932.4952784295771,5.293309677788587,3.6759571910948314,0.0,-9.555411735657463,931.909133562803
2026-08-18T12:15:00Z,2026-08-18T12:30:00Z,2026-08-18,2026-08-18_58,0.0,6,6,94,143.70508634037262,144.31014142608691,0.0016807085714285713,0.0,0.6576685714285714,True,True,True,False,0.0,932.4952784295771,5.293309677788587,3.6759571910948314,0.0,-12.017296929957238,929.4472483685032
2026-08-18T12:30:00Z,2026-08-18T12:45:00Z,2026-08-18,2026-08-18_59,0.0,6,6,94,144.31014142608691,144.4638813118012,0.00042705523809523805,0.0,0.1671085714285714,True,True,True,False,0.0,932.4952784295771,5.293309677788587,3.6759571910948314,0.0,-10.82091679080377,930.6436285076567
2026-08-18T12:45:00Z,2026-08-18T13:00:00Z,2026-08-18,2026-08-18_60,0.0,6,6,94,144.4638813118012,144.6435494260869,0.0004990780952380952,0.0,0.19529142857142856,True,True,True,False,0.0,932.4952784295771,5.293309677788587,3.6759571910948314,0.0,-12.00793230371757,929.456612994743
2026-08-18T13:00:00Z,2026-08-18T13:15:00Z,2026-08-18,2026-08-18_61,0.0,6,6,94,144.6435494260869,145.08104885465835,0.0012152761904761905,0.0,0.47554285714285716,True,True,True,False,0.0,932.4952784295771,5.267555657299833,2.4243117953413833,0.0,-22.344499578942205,917.8426463032761
2026-08-18T13:15:00Z,2026-08-18T13:30:00Z,2026-08-18,2026-08-18_62,0.0,6,6,94,145.08104885465835,145.52220725465835,0.0012254400000000002,0.0,0.47952000000000006,True,True,True,False,0.0,932.4952784295771,5.267555657299833,2.4243117953413833,0.0,-25.373330738854232,914.8138151433641
2026-08-18T13:30:00Z,2026-08-18T13:45:00Z,2026-08-18,2026-08-18_63,0.0,6,6,94,145.52220725465835,145.99383605465835,0.0013100800000000001,0.0,0.51264,True,True,True,False,0.0,932.4952784295771,5.267555657299833,2.4243117953413833,0.0,-21.85636664568191,918.3307792365364
2026-08-18T13:45:00Z,2026-08-18T14:00:00Z,2026-08-18,2026-08-18_64,0.0,6,6,94,145.99383605465835,146.27500908322978,0.0007810361904761904,0.0,0.30562285714285714,True,True,True,False,0.0,932.4952784295771,5.267555657299833,2.4243117953413833,0.0,-15.782031078153231,924.4051148040651
2026-08-18T14:00:00Z,2026-08-18T14:15:00Z,2026-08-18,2026-08-18_65,0.0,6,6,94,146.27500908322978,146.5879773118012,0.0008693561904761906,0.0,0.3401828571428572,True,True,True,False,0.0,932.4952784295771,5.492474102901618,0.5270989526698333,0.0,-17.06897776324288,921.4458737219056
2026-08-18T14:15:00Z,2026-08-18T14:30:00Z,2026-08-18,2026-08-18_66,0.0,6,6,94,146.5879773118012,146.51590468571428,0.0002366512629399586,0.07234285714285714,0.0071314285714285715,True,True,True,False,0.0,932.4952784295771,5.492474102901618,0.5270989526698333,12.958768450916105,-0.5469074735714694,950.9267124624931
2026-08-18T14:30:00Z,2026-08-18T14:45:00Z,2026-08-18,2026-08-18_67,0.0,6,6,94,146.51590468571428,146.21106723975154,0.0008762106832298134,0.28532571428571424,0.00576,True,True,True,False,0.0,932.4952784295771,5.492474102901618,0.5270989526698333,72.7164985128075,-0.4417329594231099,1010.7896170385329
2026-08-18T14:45:00Z,2026-08-18T15:00:00Z,2026-08-18,2026-08-18_68,0.0,6,6,94,146.21106723975154,145.85471941366458,0.000989855072463768,0.32783999999999996,0.0,True,True,True,False,0.0,932.4952784295771,5.492474102901618,0.5270989526698333,61.75505174841182,0.0,1000.2699032335604
2026-08-18T15:00:00Z,2026-08-18T15:15:00Z,2026-08-18,2026-08-18_69,0.0,100,100,0,145.85471941366458,148.2862105937888,0.007037095928226363,0.04685714285714286,2.6982857142857144,True,True,True,False,0.0,0.0,103.61700909975391,8.784982544497224,7.576315240111956,-147.06761288845647,-27.089306004093373
2026-08-18T15:15:00Z,2026-08-18T15:30:00Z,2026-08-18,2026-08-18_70,0.0,100,100,0,148.2862105937888,152.5234448795031,0.012246285714285716,0.07885714285714286,4.698857142857143,True,True,True,False,0.0,0.0,103.61700909975391,8.784982544497224,13.195870853807097,-232.98511205042885,-107.38724955237062
2026-08-18T15:30:00Z,2026-08-18T15:45:00Z,2026-08-18,2026-08-18_71,0.0,100,100,0,152.5234448795031,145.4054404074534,0.019924107660455485,6.573714285714286,0.029714285714285714,True,True,True,False,0.0,0.0,103.61700909975391,8.784982544497224,2445.3492289873084,-2.278781139881122,2555.4724394916784
2026-08-18T15:45:00Z,2026-08-18T16:00:00Z,2026-08-18,2026-08-18_72,0.0,100,100,0,145.4054404074534,127.28991245714283,0.05032091097308488,16.666285714285713,0.0,True,True,True,False,0.0,0.0,103.61700909975391,8.784982544497224,5295.407934200521,0.0,5407.809925844772
2026-08-18T16:00:00Z,2026-08-18T16:15:00Z,2026-08-18,2026-08-18_73,0.0,0,0,100,127.28991245714283,127.28991245714283,0.0,0.0,0.0,True,True,True,False,0.0,992.0162536484863,0.0,0.0,0.0,0.0,992.0162536484863
2026-08-18T16:15:00Z,2026-08-18T16:30:00Z,2026-08-18,2026-08-18_74,0.0,0,0,100,127.28991245714283,127.28991245714283,0.0,0.0,0.0,True,True,True,False,0.0,992.0162536484863,0.0,0.0,0.0,0.0,992.0162536484863
2026-08-18T16:30:00Z,2026-08-18T16:45:00Z,2026-08-18,2026-08-18_75,0.0,0,0,100,127.28991245714283,127.28991245714283,0.0,0.0,0.0,True,True,True,False,0.0,992.0162536484863,0.0,0.0,0.0,0.0,992.0162536484863
2026-08-18T16:45:00Z,2026-08-18T17:00:00Z,2026-08-18,2026-08-18_76,0.0,0,0,100,127.28991245714283,127.28991245714283,0.0,0.0,0.0,True,True,True,False,0.0,992.0162536484863,0.0,0.0,0.0,0.0,992.0162536484863
2026-08-18T17:00:00Z,2026-08-18T17:15:00Z,2026-08-18,2026-08-18_77,0.0,0,0,100,127.28991245714283,127.28991245714283,0.0,0.0,0.0,True,True,True,False,0.0,992.0162536484863,0.0,0.0,0.0,0.0,992.0162536484863
2026-08-18T17:15:00Z,2026-08-18T17:30:00Z,2026-08-18,2026-08-18_78,0.0,0,0,100,127.28991245714283,127.28991245714283,0.0,0.0,0.0,True,True,True,False,0.0,992.0162536484863,0.0,0.0,0.0,0.0,992.0162536484863
2026-08-18T17:30:00Z,2026-08-18T17:45:00Z,2026-08-18,2026-08-18_79,0.0,0,0,100,127.28991245714283,127.28991245714283,0.0,0.0,0.0,True,True,True,False,0.0,992.0162536484863,0.0,0.0,0.0,0.0,992.0162536484863
2026-08-18T17:45:00Z,2026-08-18T18:00:00Z,2026-08-18,2026-08-18_80,0.0,0,0,100,127.28991245714283,127.28991245714283,0.0,0.0,0.0,True,True,True,False,0.0,992.0162536484863,0.0,0.0,0.0,0.0,992.0162536484863
2026-08-18T18:00:00Z,2026-08-18T18:15:00Z,2026-08-18,2026-08-18_81,24.000000000000007,0,24,76,127.28991245714283,120.76817332670805,0.01811594202898551,0.0,0.0,True,True,True,False,1260.2400000000002,753.9323527728496,0.0,2.8913180335374573,0.0,0.0,2017.0636708063873
2026-08-18T18:15:00Z,2026-08-18T18:30:00Z,2026-08-18,2026-08-18_82,24.0,0,24,76,120.76817332670805,114.24643419627327,0.018115942028985504,0.0,0.0,True,True,True,False,1236.18,753.9323527728496,0.0,2.8913180335374573,0.0,0.0,1993.0036708063872
2026-08-18T18:30:00Z,2026-08-18T18:45:00Z,2026-08-18,2026-08-18_83,24.0,0,24,76,114.24643419627327,107.72469506583849,0.018115942028985508,0.0,0.0,True,True,True,False,1243.6200000000001,753.9323527728496,0.0,2.8913180335374573,0.0,0.0,2000.4436708063872
2026-08-18T18:45:00Z,2026-08-18T19:00:00Z,2026-08-18,2026-08-18_84,24.0,0,24,76,107.72469506583849,101.2029559354037,0.018115942028985504,0.0,0.0,True,True,True,False,1267.3799999999999,753.9323527728496,0.0,2.8913180335374573,0.0,0.0,2024.203670806387
2026-08-18T19:00:00Z,2026-08-18T19:15:00Z,2026-08-18,2026-08-18_85,0.0,100,100,0,101.2029559354037,86.39200239503101,0.04181912491373361,13.738285714285714,0.13257142857142856,True,True,True,False,0.0,0.0,90.13907171063927,12.04715847307274,4087.2258331630023,-10.56269476988987,4178.849368576824
2026-08-18T19:15:00Z,2026-08-18T19:30:00Z,2026-08-18,2026-08-18_86,0.0,100,100,0,86.39200239503101,66.2416918360248,0.05597308488612837,18.538285714285717,0.0,True,True,True,False,0.0,0.0,90.13907171063927,12.04715847307274,5490.4433282370355,0.0,5592.629558420747
2026-08-18T19:30:00Z,2026-08-18T19:45:00Z,2026-08-18,2026-08-18_87,0.0,100,100,0,66.2416918360248,61.17690475527946,0.014074694271911664,4.660571428571429,0.001142857142857143,True,True,True,False,0.0,0.0,90.13907171063927,12.04715847307274,872.7313204317954,-0.09156985062668116,974.8259807648808
2026-08-18T19:45:00Z,2026-08-18T20:00:00Z,2026-08-18,2026-08-18_88,0.0,100,100,0,61.17690475527946,64.52484612173907,0.009330893029675639,0.005142857142857143,3.645142857142857,True,True,True,False,0.0,0.0,90.13907171063927,12.04715847307274,0.7848844339429812,-191.4473616709317,-88.47624705327672
2026-08-18T20:00:00Z,2026-08-18T20:15:00Z,2026-08-18,2026-08-18_89,0.0,0,0,100,64.52484612173907,64.52484612173907,0.0,0.0,0.0,True,True,True,False,0.0,992.0162536484863,0.0,0.0,0.0,0.0,992.0162536484863
2026-08-18T20:15:00Z,2026-08-18T20:30:00Z,2026-08-18,2026-08-18_90,0.0,0,0,100,64.52484612173907,64.52484612173907,0.0,0.0,0.0,True,True,True,False,0.0,992.0162536484863,0.0,0.0,0.0,0.0,992.0162536484863
2026-08-18T20:30:00Z,2026-08-18T20:45:00Z,2026-08-18,2026-08-18_91,0.0,0,0,100,64.52484612173907,64.52484612173907,0.0,0.0,0.0,True,True,True,False,0.0,992.0162536484863,0.0,0.0,0.0,0.0,992.0162536484863
2026-08-18T20:45:00Z,2026-08-18T21:00:00Z,2026-08-18,2026-08-18_92,0.0,0,0,100,64.52484612173907,64.52484612173907,0.0,0.0,0.0,True,True,True,False,0.0,992.0162536484863,0.0,0.0,0.0,0.0,992.0162536484863
2026-08-18T21:00:00Z,2026-08-18T21:15:00Z,2026-08-19,2026-08-18_93,0.0,0,0,100,64.52484612173907,64.52484612173907,0.0,0.0,0.0,True,True,True,False,0.0,991.5811753937685,0.0,0.0,0.0,0.0,991.5811753937685
2026-08-18T21:15:00Z,2026-08-18T21:30:00Z,2026-08-19,2026-08-18_94,0.0,0,0,100,64.52484612173907,64.52484612173907,0.0,0.0,0.0,True,True,True,False,0.0,991.5811753937685,0.0,0.0,0.0,0.0,991.5811753937685
2026-08-18T21:30:00Z,2026-08-18T21:45:00Z,2026-08-19,2026-08-18_95,0.0,0,0,100,64.52484612173907,64.52484612173907,0.0,0.0,0.0,True,True,True,False,0.0,991.5811753937685,0.0,0.0,0.0,0.0,991.5811753937685
2026-08-18T21:45:00Z,2026-08-18T22:00:00Z,2026-08-19,2026-08-18_96,0.0,0,0,100,64.52484612173907,64.52484612173907,0.0,0.0,0.0,True,True,True,False,0.0,991.5811753937685,0.0,0.0,0.0,0.0,991.5811753937685
2026-08-18T22:00:00Z,2026-08-18T22:15:00Z,2026-08-19,2026-08-19_1,0.0,0,0,100,64.52484612173907,64.52484612173907,0.0,0.0,0.0,True,True,True,False,0.0,991.5811753937685,0.0,0.0,0.0,0.0,991.5811753937685
2026-08-18T22:15:00Z,2026-08-18T22:30:00Z,2026-08-19,2026-08-19_2,0.0,0,0,100,64.52484612173907,64.52484612173907,0.0,0.0,0.0,True,True,True,False,0.0,991.5811753937685,0.0,0.0,0.0,0.0,991.5811753937685
2026-08-18T22:30:00Z,2026-08-18T22:45:00Z,2026-08-19,2026-08-19_3,0.0,0,0,100,64.52484612173907,64.52484612173907,0.0,0.0,0.0,True,True,True,False,0.0,991.5811753937685,0.0,0.0,0.0,0.0,991.5811753937685
2026-08-18T22:45:00Z,2026-08-18T23:00:00Z,2026-08-19,2026-08-19_4,0.0,0,0,100,64.52484612173907,64.52484612173907,0.0,0.0,0.0,True,True,True,False,0.0,991.5811753937685,0.0,0.0,0.0,0.0,991.5811753937685
2026-08-18T23:00:00Z,2026-08-18T23:15:00Z,2026-08-19,2026-08-19_5,0.0,0,0,100,64.52484612173907,64.52484612173907,0.0,0.0,0.0,True,True,True,False,0.0,991.5811753937685,0.0,0.0,0.0,0.0,991.5811753937685
2026-08-18T23:15:00Z,2026-08-18T23:30:00Z,2026-08-19,2026-08-19_6,0.0,0,0,100,64.52484612173907,64.52484612173907,0.0,0.0,0.0,True,True,True,False,0.0,991.5811753937685,0.0,0.0,0.0,0.0,991.5811753937685
2026-08-18T23:30:00Z,2026-08-18T23:45:00Z,2026-08-19,2026-08-19_7,0.0,0,0,100,64.52484612173907,64.52484612173907,0.0,0.0,0.0,True,True,True,False,0.0,991.5811753937685,0.0,0.0,0.0,0.0,991.5811753937685
2026-08-18T23:45:00Z,2026-08-19T00:00:00Z,2026-08-19,2026-08-19_8,0.0,0,0,100,64.52484612173907,64.52484612173907,0.0,0.0,0.0,True,True,True,False,0.0,991.5811753937685,0.0,0.0,0.0,0.0,991.5811753937685
2026-08-19T00:00:00Z,2026-08-19T00:15:00Z,2026-08-19,2026-08-19_9,0.0,0,0,100,64.52484612173907,64.52484612173907,0.0,0.0,0.0,True,False,True,False,0.0,991.5811753937685,0.0,0.0,0.0,0.0,991.5811753937685
2026-08-19T00:15:00Z,2026-08-19T00:30:00Z,2026-08-19,2026-08-19_10,0.0,0,0,100,64.52484612173907,64.52484612173907,0.0,0.0,0.0,True,False,True,False,0.0,991.5811753937685,0.0,0.0,0.0,0.0,991.5811753937685
2026-08-19T00:30:00Z,2026-08-19T00:45:00Z,2026-08-19,2026-08-19_11,0.0,0,0,100,64.52484612173907,64.52484612173907,0.0,0.0,0.0,True,False,True,False,0.0,991.5811753937685,0.0,0.0,0.0,0.0,991.5811753937685
2026-08-19T00:45:00Z,2026-08-19T01:00:00Z,2026-08-19,2026-08-19_12,0.0,0,0,100,64.52484612173907,64.52484612173907,0.0,0.0,0.0,True,False,True,False,0.0,991.5811753937685,0.0,0.0,0.0,0.0,991.5811753937685
2026-08-19T01:00:00Z,2026-08-19T01:15:00Z,2026-08-19,2026-08-19_13,-100.0,100,0,0,64.52484612173907,77.10045755031051,0.03493225396825397,11.330857142857145,0.0,True,True,True,False,-3688.0000000000005,0.0,98.25140154837726,0.0,2053.2225291614686,0.0,-1536.5260692901545
2026-08-19T01:15:00Z,2026-08-19T01:30:00Z,2026-08-19,2026-08-19_14,-100.0,100,0,0,77.10045755031051,89.17243469316766,0.03353326984126985,11.878285714285713,0.0,True,True,True,False,-3698.5,0.0,98.25140154837726,0.0,2163.9445144840283,0.0,-1436.3040839675944
2026-08-19T01:30:00Z,2026-08-19T01:45:00Z,2026-08-19,2026-08-19_15,-100.0,100,0,0,89.17243469316766,93.45437755031053,0.011894285714285722,20.345714285714283,0.0,True,True,True,False,-3661.9999999999995,0.0,98.25140154837726,0.0,5639.093933433943,0.0,2075.3453349823203
2026-08-19T01:45:00Z,2026-08-19T02:00:00Z,2026-08-19,2026-08-19_16,-100.0,100,0,0,93.45437755031053,96.7285261217391,0.009094857142857146,21.441142857142857,0.0,True,True,True,False,-3681.5,0.0,98.25140154837726,0.0,5964.466226960943,0.0,2381.2176285093196
2026-08-19T02:00:00Z,2026-08-19T02:15:00Z,2026-08-19,2026-08-19_17,0.0,0,0,100,96.7285261217391,96.7285261217391,0.0,0.0,0.0,True,True,True,False,0.0,991.5811753937685,0.0,0.0,0.0,0.0,991.5811753937685
2026-08-19T02:15:00Z,2026-08-19T02:30:00Z,2026-08-19,2026-08-19_18,0.0,0,0,100,96.7285261217391,96.7285261217391,0.0,0.0,0.0,True,True,True,False,0.0,991.5811753937685,0.0,0.0,0.0,0.0,991.5811753937685
2026-08-19T02:30:00Z,2026-08-19T02:45:00Z,2026-08-19,2026-08-19_19,0.0,0,0,100,96.7285261217391,96.7285261217391,0.0,0.0,0.0,True,True,True,False,0.0,991.5811753937685,0.0,0.0,0.0,0.0,991.5811753937685
2026-08-19T02:45:00Z,2026-08-19T03:00:00Z,2026-08-19,2026-08-19_20,0.0,0,0,100,96.7285261217391,96.7285261217391,0.0,0.0,0.0,True,True,True,False,0.0,991.5811753937685,0.0,0.0,0.0,0.0,991.5811753937685
2026-08-19T03:00:00Z,2026-08-19T03:15:00Z,2026-08-19,2026-08-19_21,0.0,0,0,100,96.7285261217391,96.7285261217391,0.0,0.0,0.0,True,True,True,False,0.0,991.5811753937685,0.0,0.0,0.0,0.0,991.5811753937685
2026-08-19T03:15:00Z,2026-08-19T03:30:00Z,2026-08-19,2026-08-19_22,0.0,0,0,100,96.7285261217391,96.7285261217391,0.0,0.0,0.0,True,True,True,False,0.0,991.5811753937685,0.0,0.0,0.0,0.0,991.5811753937685
2026-08-19T03:30:00Z,2026-08-19T03:45:00Z,2026-08-19,2026-08-19_23,0.0,0,0,100,96.7285261217391,96.7285261217391,0.0,0.0,0.0,True,True,True,False,0.0,991.5811753937685,0.0,0.0,0.0,0.0,991.5811753937685
2026-08-19T03:45:00Z,2026-08-19T04:00:00Z,2026-08-19,2026-08-19_24,0.0,0,0,100,96.7285261217391,96.7285261217391,0.0,0.0,0.0,True,True,True,False,0.0,991.5811753937685,0.0,0.0,0.0,0.0,991.5811753937685
2026-08-19T04:00:00Z,2026-08-19T04:15:00Z,2026-08-19,2026-08-19_25,0.0,0,0,100,96.7285261217391,96.7285261217391,0.0,0.0,0.0,True,True,True,False,0.0,991.5811753937685,0.0,0.0,0.0,0.0,991.5811753937685
2026-08-19T04:15:00Z,2026-08-19T04:30:00Z,2026-08-19,2026-08-19_26,0.0,0,0,100,96.7285261217391,96.7285261217391,0.0,0.0,0.0,True,True,True,False,0.0,991.5811753937685,0.0,0.0,0.0,0.0,991.5811753937685
2026-08-19T04:30:00Z,2026-08-19T04:45:00Z,2026-08-19,2026-08-19_27,0.0,0,0,100,96.7285261217391,96.7285261217391,0.0,0.0,0.0,True,True,True,False,0.0,991.5811753937685,0.0,0.0,0.0,0.0,991.5811753937685
2026-08-19T04:45:00Z,2026-08-19T05:00:00Z,2026-08-19,2026-08-19_28,0.0,0,0,100,96.7285261217391,96.7285261217391,0.0,0.0,0.0,True,True,True,False,0.0,991.5811753937685,0.0,0.0,0.0,0.0,991.5811753937685
2026-08-19T05:00:00Z,2026-08-19T05:15:00Z,2026-08-19,2026-08-19_29,0.0,0,0,100,96.7285261217391,96.7285261217391,0.0,0.0,0.0,True,True,True,False,0.0,991.5811753937685,0.0,0.0,0.0,0.0,991.5811753937685
2026-08-19T05:15:00Z,2026-08-19T05:30:00Z,2026-08-19,2026-08-19_30,0.0,0,0,100,96.7285261217391,96.7285261217391,0.0,0.0,0.0,True,True,True,False,0.0,991.5811753937685,0.0,0.0,0.0,0.0,991.5811753937685
2026-08-19T05:30:00Z,2026-08-19T05:45:00Z,2026-08-19,2026-08-19_31,0.0,0,0,100,96.7285261217391,96.7285261217391,0.0,0.0,0.0,True,True,True,False,0.0,991.5811753937685,0.0,0.0,0.0,0.0,991.5811753937685
2026-08-19T05:45:00Z,2026-08-19T06:00:00Z,2026-08-19,2026-08-19_32,0.0,0,0,100,96.7285261217391,96.7285261217391,0.0,0.0,0.0,True,True,True,False,0.0,991.5811753937685,0.0,0.0,0.0,0.0,991.5811753937685
2026-08-19T06:00:00Z,2026-08-19T06:15:00Z,2026-08-19,2026-08-19_33,19.00000000000003,0,19,81,96.7285261217391,91.64596711552791,0.014118219461697742,0.0,0.07404571428571428,True,True,True,False,959.5000000000015,803.1807520689525,0.0,1.6086343007513062,0.0,-5.9162585016371825,1758.3731278680682
2026-08-19T06:15:00Z,2026-08-19T06:30:00Z,2026-08-19,2026-08-19_34,19.00000000000003,0,19,81,91.64596711552791,86.50912239503101,0.014269013112491395,0.0,0.024102857142857145,True,True,True,False,922.1175000000013,803.1807520689525,0.0,1.6086343007513062,0.0,-1.934957258903714,1724.9719291108015
2026-08-19T06:30:00Z,2026-08-19T06:45:00Z,2026-08-19,2026-08-19_35,19.00000000000003,0,19,81,86.50912239503101,81.97130873043473,0.012605037957211889,0.0,0.5752114285714286,True,True,True,False,888.2025000000014,803.1807520689525,0.0,1.6086343007513062,0.0,-36.16322947256016,1656.828656897145
2026-08-19T06:45:00Z,2026-08-19T07:00:00Z,2026-08-19,2026-08-19_36,19.00000000000003,0,19,81,81.97130873043473,78.9385074881987,0.008424447895100091,0.0,1.959822857142857,True,True,True,False,856.6150000000013,803.1807520689525,0.0,1.6086343007513062,0.0,-57.83573955444653,1603.5686468152585
2026-08-19T07:00:00Z,2026-08-19T07:15:00Z,2026-08-19,2026-08-19_37,7.240584943207541e-15,100,0,0,78.9385074881987,73.9968925813664,0.013726708074534166,4.546285714285714,0.0,True,True,True,False,3.6202924716037705e-13,0.0,97.16448648030205,0.0,881.6579757773213,0.0,978.8224622576238
2026-08-19T07:15:00Z,2026-08-19T07:30:00Z,2026-08-19,2026-08-19_38,9.533436841889929e-15,100,0,0,73.9968925813664,73.68198574906826,0.0008747412008281644,0.2897142857142857,0.0,True,True,True,False,4.2881398914820897e-13,0.0,97.16448648030205,0.0,48.57042708407111,0.0,145.73491356437358
2026-08-19T07:30:00Z,2026-08-19T07:45:00Z,2026-08-19,2026-08-19_39,0.0,100,0,0,73.68198574906826,64.6776379229813,0.025012077294685985,8.283999999999999,0.0,True,True,True,False,0.0,0.0,97.16448648030205,0.0,1893.7316883414053,0.0,1990.8961748217073
2026-08-19T07:45:00Z,2026-08-19T08:00:00Z,2026-08-19,2026-08-19_40,-100.0,100,0,0,64.6776379229813,79.24833506583845,0.040474158730158735,9.162285714285714,0.0,True,True,True,False,-3594.5,0.0,97.16448648030205,0.0,4877.728222635074,0.0,1380.3927091153764
2026-08-19T08:00:00Z,2026-08-19T08:15:00Z,2026-08-19,2026-08-19_41,0.0,100,0,0,79.24833506583845,72.25330400993782,0.019430641821946166,6.435428571428571,0.0,True,True,True,False,0.0,0.0,93.70352007932573,0.0,4309.203074743798,0.0,4402.906594823125
2026-08-19T08:15:00Z,2026-08-19T08:30:00Z,2026-08-19,2026-08-19_42,0.0,100,0,0,72.25330400993782,62.79305556273285,0.02627846790890269,8.70342857142857,0.0,True,True,True,False,0.0,0.0,93.70352007932573,0.0,2069.1894411785534,0.0,2162.892961257879
2026-08-19T08:30:00Z,2026-08-19T08:45:00Z,2026-08-19,2026-08-19_43,-100.0,100,0,0,62.79305556273285,80.39081556273285,0.04888266666666667,5.872,0.0,True,True,True,False,-3660.75,0.0,93.70352007932573,0.0,1078.8638297547768,0.0,-2488.1826501658975
2026-08-19T08:45:00Z,2026-08-19T09:00:00Z,2026-08-19,2026-08-19_44,-100.0,100,0,0,80.39081556273285,100.30066699130428,0.05530514285714287,3.3588571428571425,0.0,True,True,True,False,-3636.75,0.0,93.70352007932573,0.0,616.8385311664041,0.0,-2926.20794875427
2026-08-19T09:00:00Z,2026-08-19T09:15:00Z,2026-08-19,2026-08-19_45,0.0,0,0,94,100.30066699130428,100.30066699130428,0.0,0.0,0.0,True,False,True,False,0.0,932.0863048701424,0.0,0.0,0.0,0.0,932.0863048701424
2026-08-19T09:15:00Z,2026-08-19T09:30:00Z,2026-08-19,2026-08-19_46,0.0,0,0,94,100.30066699130428,100.30066699130428,0.0,0.0,0.0,True,False,True,False,0.0,932.0863048701424,0.0,0.0,0.0,0.0,932.0863048701424
2026-08-19T09:30:00Z,2026-08-19T09:45:00Z,2026-08-19,2026-08-19_47,-6.0,0,0,94,100.30066699130428,101.68066699130428,0.0038333333333333336,0.0,0.0,True,False,True,False,-213.195,932.0863048701424,0.0,0.0,0.0,0.0,718.8913048701424
2026-08-19T09:45:00Z,2026-08-19T10:00:00Z,2026-08-19,2026-08-19_48,-6.0,0,0,94,101.68066699130428,103.06066699130427,0.0038333333333333336,0.0,0.0,True,False,True,False,-207.0,932.0863048701424,0.0,0.0,0.0,0.0,725.0863048701424
2026-08-19T10:00:00Z,2026-08-19T10:15:00Z,2026-08-19,2026-08-19_49,0.0,6,6,94,103.06066699130427,103.41590264844713,0.0009867657142857143,0.0,0.3861257142857143,True,True,True,False,0.0,932.0863048701424,5.569009572480073,3.6794935357156473,0.0,-23.72079189744316,917.614016080895
2026-08-19T10:15:00Z,2026-08-19T10:30:00Z,2026-08-19,2026-08-19_50,0.0,6,6,94,103.41590264844713,103.52389948819868,0.000351544016563147,0.008537142857142858,0.1274742857142857,True,True,True,False,0.0,932.0863048701424,5.569009572480073,3.6794935357156473,1.4366890442230056,-9.922050796798638,932.8494462257624
2026-08-19T10:30:00Z,2026-08-19T10:45:00Z,2026-08-19,2026-08-19_51,0.0,6,6,94,103.52389948819868,103.3669344198757,0.000893385507246377,0.22014857142857147,0.08948571428571428,True,True,True,False,0.0,932.0863048701424,5.569009572480073,3.6794935357156473,40.93935594044033,-6.671567652971718,975.6025962658067
2026-08-19T10:45:00Z,2026-08-19T11:00:00Z,2026-08-19,2026-08-19_52,0.0,6,6,94,103.3669344198757,103.5685248198757,0.0005599733333333333,0.0,0.21911999999999998,True,True,True,False,0.0,932.0863048701424,5.569009572480073,3.6794935357156473,0.0,-16.290766835742343,925.0440411425958
2026-08-19T11:00:00Z,2026-08-19T11:15:00Z,2026-08-19,2026-08-19_53,0.0,6,6,94,103.5685248198757,103.7162400198757,0.00041032,0.0,0.16055999999999998,True,True,True,False,0.0,932.0863048701424,5.565577209107204,3.6794935357156473,0.0,-11.691867632813393,929.6395079821518
2026-08-19T11:15:00Z,2026-08-19T11:30:00Z,2026-08-19,2026-08-19_54,0.0,6,6,94,103.7162400198757,104.08289419130428,0.0010184838095238095,0.0,0.39853714285714287,True,True,True,False,0.0,932.0863048701424,5.565577209107204,3.6794935357156473,0.0,-16.739745534386287,924.591630080579
2026-08-19T11:30:00Z,2026-08-19T11:45:00Z,2026-08-19,2026-08-19_55,0.0,6,6,94,104.08289419130428,104.45882196273284,0.0010442438095238096,0.0,0.4086171428571429,True,True,True,False,0.0,932.0863048701424,5.565577209107204,3.6794935357156473,0.0,-16.115684954807218,925.215690660158
2026-08-19T11:45:00Z,2026-08-19T12:00:00Z,2026-08-19,2026-08-19_56,2.6835417945762948e-14,6,6,94,104.45882196273284,104.44209339627321,7.485681159422301e-05,0.02009142857142857,0.005554285714285715,True,True,True,False,8.275372009024649e-13,932.0863048701424,5.565577209107204,3.6794935357156473,3.282164459239323,-0.42758743210185945,944.1859526421035
2026-08-19T12:00:00Z,2026-08-19T12:15:00Z,2026-08-19,2026-08-19_57,-6.0,6,0,94,104.44209339627321,105.7942725962732,0.0037560533333333337,0.030240000000000003,0.0,True,True,True,False,-191.64000000000001,932.0863048701424,5.565577209107204,0.0,5.001467190419892,0.0,751.0133492696694
2026-08-19T12:15:00Z,2026-08-19T12:30:00Z,2026-08-19,2026-08-19_58,-6.0,6,0,94,105.7942725962732,107.05627076770178,0.0035055504761904764,0.12826285714285715,0.0,True,True,True,False,-193.605,932.0863048701424,5.565577209107204,0.0,21.929764134526852,0.0,765.9766462137765
2026-08-19T12:30:00Z,2026-08-19T12:45:00Z,2026-08-19,2026-08-19_59,-6.0000000000000675,6,0,94,107.05627076770178,108.36788585341607,0.0036433752380952817,0.07433142857142858,0.0,True,True,True,False,-189.91500000000212,932.0863048701424,5.565577209107204,0.0,13.069600318174636,0.0,760.8064823974221
2026-08-19T12:45:00Z,2026-08-19T13:00:00Z,2026-08-19,2026-08-19_60,-6.0,6,0,94,108.36788585341607,109.38561613913035,0.0028270285714285712,0.39377142857142855,0.0,True,True,True,False,-190.395,932.0863048701424,5.565577209107204,0.0,70.23603703683524,0.0,817.4929191160849
2026-08-19T13:00:00Z,2026-08-19T13:15:00Z,2026-08-19,2026-08-19_61,0.0,100,100,0,109.38561613913035,112.67194259875767,0.00986712491373361,0.12228571428571429,3.716571428571428,True,True,True,False,0.0,0.0,90.24255367834941,36.21143358376874,20.92575285894076,-262.2846865380529,-114.90494641699397
2026-08-19T13:15:00Z,2026-08-19T13:30:00Z,2026-08-19,2026-08-19_62,0.0,100,100,0,112.67194259875767,113.94584967950301,0.003649051759834369,0.018285714285714287,1.4062857142857144,True,True,True,False,0.0,0.0,90.24255367834941,36.21143358376874,2.9798370989446847,-107.5496701117425,21.884154249320332
2026-08-19T13:30:00Z,2026-08-19T13:45:00Z,2026-08-19,2026-08-19_63,0.0,100,100,0,113.94584967950301,128.42086682236015,0.040208380952380954,0.0,15.733714285714285,True,True,True,False,0.0,0.0,90.24255367834941,36.21143358376874,0.0,-136.31765422480345,-9.8636669626853
2026-08-19T13:45:00Z,2026-08-19T14:00:00Z,2026-08-19,2026-08-19_64,0.0,100,100,0,128.42086682236015,143.9846382509316,0.043232698412698424,0.0,16.91714285714286,True,True,True,False,0.0,0.0,90.24255367834941,36.21143358376874,0.0,-89.85034514320584,36.603642118912305
2026-08-19T14:00:00Z,2026-08-19T14:15:00Z,2026-08-19,2026-08-19_65,-6.0,0,0,94,143.9846382509316,145.3646382509316,0.0038333333333333336,0.0,0.0,True,False,True,False,-195.0,932.0863048701424,0.0,0.0,0.0,0.0,737.0863048701424
2026-08-19T14:15:00Z,2026-08-19T14:30:00Z,2026-08-19,2026-08-19_66,-6.0,0,0,94,145.3646382509316,146.7446382509316,0.0038333333333333336,0.0,0.0,True,False,True,False,-202.5,932.0863048701424,0.0,0.0,0.0,0.0,729.5863048701424
2026-08-19T14:30:00Z,2026-08-19T14:45:00Z,2026-08-19,2026-08-19_67,-0.06679021334077373,0,0,94,146.7446382509316,146.75999999999996,4.267152518993877e-05,0.0,0.0,True,False,True,False,-2.415802016535786,932.0863048701424,0.0,0.0,0.0,0.0,929.6705028536066
2026-08-19T14:45:00Z,2026-08-19T15:00:00Z,2026-08-19,2026-08-19_68,0.0,0,0,94,146.75999999999996,146.75999999999996,0.0,0.0,0.0,True,False,True,False,0.0,932.0863048701424,0.0,0.0,0.0,0.0,932.0863048701424
2026-08-19T15:00:00Z,2026-08-19T15:15:00Z,2026-08-19,2026-08-19_69,-99.99999999999994,100,0,0,146.75999999999996,168.9556571428571,0.06165460317460315,0.8742857142857142,0.0,True,True,True,False,-3451.999999999998,0.0,102.37023759582013,0.0,148.98500765471513,0.0,-3200.644754749463
2026-08-19T15:15:00Z,2026-08-19T15:30:00Z,2026-08-19,2026-08-19_70,-98.42466743364092,100,0,0,168.9556571428571,183.9555349068322,0.04245383032742727,8.278285714285714,0.0,True,True,True,False,-3788.6115111894233,0.0,102.37023759582013,0.0,2033.924380785303,0.0,-1652.3168928083003
2026-08-19T15:30:00Z,2026-08-19T15:45:00Z,2026-08-19,2026-08-19_71,0.0,100,0,0,183.9555349068322,165.17975850931668,0.05215493443754313,17.273714285714284,0.0,True,True,True,False,0.0,0.0,102.37023759582013,0.0,4409.797237873678,0.0,4512.167475469498
2026-08-19T15:45:00Z,2026-08-19T16:00:00Z,2026-08-19,2026-08-19_72,0.0,100,0,0,165.17975850931668,143.18596968944092,0.061093857832988256,20.23428571428571,0.0,True,True,True,False,0.0,0.0,102.37023759582013,0.0,5892.158252654633,0.0,5994.528490250453
2026-08-19T16:00:00Z,2026-08-19T16:15:00Z,2026-08-19,2026-08-19_73,0.0,0,0,100,143.18596968944092,143.18596968944092,0.0,0.0,0.0,True,False,True,False,0.0,991.5811753937685,0.0,0.0,0.0,0.0,991.5811753937685
2026-08-19T16:15:00Z,2026-08-19T16:30:00Z,2026-08-19,2026-08-19_74,0.0,0,0,100,143.18596968944092,143.18596968944092,0.0,0.0,0.0,True,False,True,False,0.0,991.5811753937685,0.0,0.0,0.0,0.0,991.5811753937685
2026-08-19T16:30:00Z,2026-08-19T16:45:00Z,2026-08-19,2026-08-19_75,0.0,0,0,100,143.18596968944092,143.18596968944092,0.0,0.0,0.0,True,False,True,False,0.0,991.5811753937685,0.0,0.0,0.0,0.0,991.5811753937685
2026-08-19T16:45:00Z,2026-08-19T17:00:00Z,2026-08-19,2026-08-19_76,0.0,0,0,100,143.18596968944092,143.18596968944092,0.0,0.0,0.0,True,False,True,False,0.0,991.5811753937685,0.0,0.0,0.0,0.0,991.5811753937685
2026-08-19T17:00:00Z,2026-08-19T17:15:00Z,2026-08-19,2026-08-19_77,46.00000000000001,0,0,54,143.18596968944092,130.68596968944092,0.034722222222222224,0.0,0.0,True,False,True,False,2426.2700000000004,535.453834712635,0.0,0.0,0.0,0.0,2961.7238347126354
2026-08-19T17:15:00Z,2026-08-19T17:30:00Z,2026-08-19,2026-08-19_78,46.00000000000001,0,0,54,130.68596968944092,118.18596968944092,0.034722222222222224,0.0,0.0,True,False,True,False,2373.9450000000006,535.453834712635,0.0,0.0,0.0,0.0,2909.3988347126356
2026-08-19T17:30:00Z,2026-08-19T17:45:00Z,2026-08-19,2026-08-19_79,46.00000000000001,0,0,54,118.18596968944092,105.68596968944092,0.034722222222222224,0.0,0.0,True,False,True,False,2483.8850000000007,535.453834712635,0.0,0.0,0.0,0.0,3019.3388347126356
2026-08-19T17:45:00Z,2026-08-19T18:00:00Z,2026-08-19,2026-08-19_80,46.00000000000001,0,0,54,105.68596968944092,93.18596968944092,0.034722222222222224,0.0,0.0,True,False,True,False,2550.4700000000003,535.453834712635,0.0,0.0,0.0,0.0,3085.923834712635
2026-08-19T18:00:00Z,2026-08-19T18:15:00Z,2026-08-19,2026-08-19_81,0.0,100,100,0,93.18596968944092,70.76982062111794,0.062267080745341624,20.622857142857146,0.0,True,True,True,False,0.0,0.0,99.7673620380611,11.898859692612792,11499.00265436101,0.0,11610.668876091682
2026-08-19T18:15:00Z,2026-08-19T18:30:00Z,2026-08-19,2026-08-19_82,0.0,100,100,0,70.76982062111794,60.86174608695645,0.0275224292615597,9.115428571428572,0.0,True,True,True,False,0.0,0.0,99.7673620380611,11.898859692612792,2164.3676242052443,0.0,2276.033845935918
2026-08-19T18:30:00Z,2026-08-19T18:45:00Z,2026-08-19,2026-08-19_83,0.0,100,100,0,60.86174608695645,61.40698037267074,0.0019113650793650798,0.06571428571428573,0.6702857142857144,True,True,True,False,0.0,0.0,99.7673620380611,11.898859692612792,10.651222847554033,-48.8255889772102,73.49185560101772
2026-08-19T18:45:00Z,2026-08-19T19:00:00Z,2026-08-19,2026-08-19_84,0.0,100,100,0,61.40698037267074,64.34782608695645,0.008169015873015873,0.0,3.1965714285714286,True,True,True,False,0.0,0.0,99.7673620380611,11.898859692612792,0.0,-210.73282243784968,-99.0666007071758
2026-08-19T19:00:00Z,2026-08-19T19:15:00Z,2026-08-19,2026-08-19_85,0.0,0,0,100,64.34782608695645,64.34782608695645,0.0,0.0,0.0,True,True,True,False,0.0,991.5811753937685,0.0,0.0,0.0,0.0,991.5811753937685
2026-08-19T19:15:00Z,2026-08-19T19:30:00Z,2026-08-19,2026-08-19_86,0.0,0,0,100,64.34782608695645,64.34782608695645,0.0,0.0,0.0,True,True,True,False,0.0,991.5811753937685,0.0,0.0,0.0,0.0,991.5811753937685
2026-08-19T19:30:00Z,2026-08-19T19:45:00Z,2026-08-19,2026-08-19_87,0.0,0,0,100,64.34782608695645,64.34782608695645,0.0,0.0,0.0,True,True,True,False,0.0,991.5811753937685,0.0,0.0,0.0,0.0,991.5811753937685
2026-08-19T19:45:00Z,2026-08-19T20:00:00Z,2026-08-19,2026-08-19_88,0.0,0,0,100,64.34782608695645,64.34782608695645,0.0,0.0,0.0,True,True,True,False,0.0,991.5811753937685,0.0,0.0,0.0,0.0,991.5811753937685
2026-08-19T20:00:00Z,2026-08-19T20:15:00Z,2026-08-19,2026-08-19_89,0.0,0,0,100,64.34782608695645,64.34782608695645,0.0,0.0,0.0,True,True,True,False,0.0,991.5811753937685,0.0,0.0,0.0,0.0,991.5811753937685
2026-08-19T20:15:00Z,2026-08-19T20:30:00Z,2026-08-19,2026-08-19_90,0.0,0,0,100,64.34782608695645,64.34782608695645,0.0,0.0,0.0,True,True,True,False,0.0,991.5811753937685,0.0,0.0,0.0,0.0,991.5811753937685
2026-08-19T20:30:00Z,2026-08-19T20:45:00Z,2026-08-19,2026-08-19_91,0.0,0,0,100,64.34782608695645,64.34782608695645,0.0,0.0,0.0,True,True,True,False,0.0,991.5811753937685,0.0,0.0,0.0,0.0,991.5811753937685
2026-08-19T20:45:00Z,2026-08-19T21:00:00Z,2026-08-19,2026-08-19_92,0.0,0,0,100,64.34782608695645,64.34782608695645,0.0,0.0,0.0,True,True,True,False,0.0,991.5811753937685,0.0,0.0,0.0,0.0,991.5811753937685
2026-08-19T21:00:00Z,2026-08-19T21:15:00Z,2026-08-20,2026-08-19_93,0.0,0,0,100,64.34782608695645,64.34782608695645,0.0,0.0,0.0,True,True,True,False,0.0,991.3921299473806,0.0,0.0,0.0,0.0,991.3921299473806
2026-08-19T21:15:00Z,2026-08-19T21:30:00Z,2026-08-20,2026-08-19_94,0.0,0,0,100,64.34782608695645,64.34782608695645,0.0,0.0,0.0,True,True,True,False,0.0,991.3921299473806,0.0,0.0,0.0,0.0,991.3921299473806
2026-08-19T21:30:00Z,2026-08-19T21:45:00Z,2026-08-20,2026-08-19_95,0.0,0,0,100,64.34782608695645,64.34782608695645,0.0,0.0,0.0,True,True,True,False,0.0,991.3921299473806,0.0,0.0,0.0,0.0,991.3921299473806
2026-08-19T21:45:00Z,2026-08-19T22:00:00Z,2026-08-20,2026-08-19_96,0.0,0,0,100,64.34782608695645,64.34782608695645,0.0,0.0,0.0,True,True,True,False,0.0,991.3921299473806,0.0,0.0,0.0,0.0,991.3921299473806
2026-08-19T22:00:00Z,2026-08-19T22:15:00Z,2026-08-20,2026-08-20_1,0.0,0,0,100,64.34782608695645,64.34782608695645,0.0,0.0,0.0,True,True,True,False,0.0,991.3921299473806,0.0,0.0,0.0,0.0,991.3921299473806
2026-08-19T22:15:00Z,2026-08-19T22:30:00Z,2026-08-20,2026-08-20_2,0.0,0,0,100,64.34782608695645,64.34782608695645,0.0,0.0,0.0,True,True,True,False,0.0,991.3921299473806,0.0,0.0,0.0,0.0,991.3921299473806
2026-08-19T22:30:00Z,2026-08-19T22:45:00Z,2026-08-20,2026-08-20_3,0.0,0,0,100,64.34782608695645,64.34782608695645,0.0,0.0,0.0,True,True,True,False,0.0,991.3921299473806,0.0,0.0,0.0,0.0,991.3921299473806
2026-08-19T22:45:00Z,2026-08-19T23:00:00Z,2026-08-20,2026-08-20_4,0.0,0,0,100,64.34782608695645,64.34782608695645,0.0,0.0,0.0,True,True,True,False,0.0,991.3921299473806,0.0,0.0,0.0,0.0,991.3921299473806
2026-08-19T23:00:00Z,2026-08-19T23:15:00Z,2026-08-20,2026-08-20_5,0.0,0,0,100,64.34782608695645,64.34782608695645,0.0,0.0,0.0,True,True,True,False,0.0,991.3921299473806,0.0,0.0,0.0,0.0,991.3921299473806
2026-08-19T23:15:00Z,2026-08-19T23:30:00Z,2026-08-20,2026-08-20_6,0.0,0,0,100,64.34782608695645,64.34782608695645,0.0,0.0,0.0,True,True,True,False,0.0,991.3921299473806,0.0,0.0,0.0,0.0,991.3921299473806
2026-08-19T23:30:00Z,2026-08-19T23:45:00Z,2026-08-20,2026-08-20_7,0.0,0,0,100,64.34782608695645,64.34782608695645,0.0,0.0,0.0,True,True,True,False,0.0,991.3921299473806,0.0,0.0,0.0,0.0,991.3921299473806
2026-08-19T23:45:00Z,2026-08-20T00:00:00Z,2026-08-20,2026-08-20_8,0.0,0,0,100,64.34782608695645,64.34782608695645,0.0,0.0,0.0,True,True,True,False,0.0,991.3921299473806,0.0,0.0,0.0,0.0,991.3921299473806
2026-08-20T00:00:00Z,2026-08-20T00:15:00Z,2026-08-20,2026-08-20_9,0.0,0,0,100,64.34782608695645,64.34782608695645,0.0,0.0,0.0,True,True,True,False,0.0,991.3921299473806,0.0,0.0,0.0,0.0,991.3921299473806
2026-08-20T00:15:00Z,2026-08-20T00:30:00Z,2026-08-20,2026-08-20_10,0.0,0,0,100,64.34782608695645,64.34782608695645,0.0,0.0,0.0,True,True,True,False,0.0,991.3921299473806,0.0,0.0,0.0,0.0,991.3921299473806
2026-08-20T00:30:00Z,2026-08-20T00:45:00Z,2026-08-20,2026-08-20_11,0.0,0,0,100,64.34782608695645,64.34782608695645,0.0,0.0,0.0,True,True,True,False,0.0,991.3921299473806,0.0,0.0,0.0,0.0,991.3921299473806
2026-08-20T00:45:00Z,2026-08-20T01:00:00Z,2026-08-20,2026-08-20_12,0.0,0,0,100,64.34782608695645,64.34782608695645,0.0,0.0,0.0,True,True,True,False,0.0,991.3921299473806,0.0,0.0,0.0,0.0,991.3921299473806
2026-08-20T01:00:00Z,2026-08-20T01:15:00Z,2026-08-20,2026-08-20_13,0.0,0,0,100,64.34782608695645,64.34782608695645,0.0,0.0,0.0,True,True,True,False,0.0,991.3921299473806,0.0,0.0,0.0,0.0,991.3921299473806
2026-08-20T01:15:00Z,2026-08-20T01:30:00Z,2026-08-20,2026-08-20_14,0.0,0,0,100,64.34782608695645,64.34782608695645,0.0,0.0,0.0,True,True,True,False,0.0,991.3921299473806,0.0,0.0,0.0,0.0,991.3921299473806
2026-08-20T01:30:00Z,2026-08-20T01:45:00Z,2026-08-20,2026-08-20_15,0.0,0,0,100,64.34782608695645,64.34782608695645,0.0,0.0,0.0,True,True,True,False,0.0,991.3921299473806,0.0,0.0,0.0,0.0,991.3921299473806
2026-08-20T01:45:00Z,2026-08-20T02:00:00Z,2026-08-20,2026-08-20_16,0.0,0,0,100,64.34782608695645,64.34782608695645,0.0,0.0,0.0,True,True,True,False,0.0,991.3921299473806,0.0,0.0,0.0,0.0,991.3921299473806
2026-08-20T02:00:00Z,2026-08-20T02:15:00Z,2026-08-20,2026-08-20_17,0.0,0,0,100,64.34782608695645,64.34782608695645,0.0,0.0,0.0,True,True,True,False,0.0,991.3921299473806,0.0,0.0,0.0,0.0,991.3921299473806
2026-08-20T02:15:00Z,2026-08-20T02:30:00Z,2026-08-20,2026-08-20_18,0.0,0,0,100,64.34782608695645,64.34782608695645,0.0,0.0,0.0,True,True,True,False,0.0,991.3921299473806,0.0,0.0,0.0,0.0,991.3921299473806
2026-08-20T02:30:00Z,2026-08-20T02:45:00Z,2026-08-20,2026-08-20_19,0.0,0,0,100,64.34782608695645,64.34782608695645,0.0,0.0,0.0,True,True,True,False,0.0,991.3921299473806,0.0,0.0,0.0,0.0,991.3921299473806
2026-08-20T02:45:00Z,2026-08-20T03:00:00Z,2026-08-20,2026-08-20_20,0.0,0,0,100,64.34782608695645,64.34782608695645,0.0,0.0,0.0,True,True,True,False,0.0,991.3921299473806,0.0,0.0,0.0,0.0,991.3921299473806
2026-08-20T03:00:00Z,2026-08-20T03:15:00Z,2026-08-20,2026-08-20_21,0.0,0,0,100,64.34782608695645,64.34782608695645,0.0,0.0,0.0,True,True,True,False,0.0,991.3921299473806,0.0,0.0,0.0,0.0,991.3921299473806
2026-08-20T03:15:00Z,2026-08-20T03:30:00Z,2026-08-20,2026-08-20_22,0.0,0,0,100,64.34782608695645,64.34782608695645,0.0,0.0,0.0,True,True,True,False,0.0,991.3921299473806,0.0,0.0,0.0,0.0,991.3921299473806
2026-08-20T03:30:00Z,2026-08-20T03:45:00Z,2026-08-20,2026-08-20_23,0.0,0,0,100,64.34782608695645,64.34782608695645,0.0,0.0,0.0,True,True,True,False,0.0,991.3921299473806,0.0,0.0,0.0,0.0,991.3921299473806
2026-08-20T03:45:00Z,2026-08-20T04:00:00Z,2026-08-20,2026-08-20_24,0.0,0,0,100,64.34782608695645,64.34782608695645,0.0,0.0,0.0,True,True,True,False,0.0,991.3921299473806,0.0,0.0,0.0,0.0,991.3921299473806
2026-08-20T04:00:00Z,2026-08-20T04:15:00Z,2026-08-20,2026-08-20_25,0.0,0,0,100,64.34782608695645,64.34782608695645,0.0,0.0,0.0,True,True,True,False,0.0,991.3921299473806,0.0,0.0,0.0,0.0,991.3921299473806
2026-08-20T04:15:00Z,2026-08-20T04:30:00Z,2026-08-20,2026-08-20_26,0.0,0,0,100,64.34782608695645,64.34782608695645,0.0,0.0,0.0,True,True,True,False,0.0,991.3921299473806,0.0,0.0,0.0,0.0,991.3921299473806
2026-08-20T04:30:00Z,2026-08-20T04:45:00Z,2026-08-20,2026-08-20_27,0.0,0,0,100,64.34782608695645,64.34782608695645,0.0,0.0,0.0,True,True,True,False,0.0,991.3921299473806,0.0,0.0,0.0,0.0,991.3921299473806
2026-08-20T04:45:00Z,2026-08-20T05:00:00Z,2026-08-20,2026-08-20_28,0.0,0,0,100,64.34782608695645,64.34782608695645,0.0,0.0,0.0,True,True,True,False,0.0,991.3921299473806,0.0,0.0,0.0,0.0,991.3921299473806
2026-08-20T05:00:00Z,2026-08-20T05:15:00Z,2026-08-20,2026-08-20_29,0.0,0,0,100,64.34782608695645,64.34782608695645,0.0,0.0,0.0,True,True,True,False,0.0,991.3921299473806,0.0,0.0,0.0,0.0,991.3921299473806
2026-08-20T05:15:00Z,2026-08-20T05:30:00Z,2026-08-20,2026-08-20_30,0.0,0,0,100,64.34782608695645,64.34782608695645,0.0,0.0,0.0,True,True,True,False,0.0,991.3921299473806,0.0,0.0,0.0,0.0,991.3921299473806
2026-08-20T05:30:00Z,2026-08-20T05:45:00Z,2026-08-20,2026-08-20_31,0.0,0,0,100,64.34782608695645,64.34782608695645,0.0,0.0,0.0,True,True,True,False,0.0,991.3921299473806,0.0,0.0,0.0,0.0,991.3921299473806
2026-08-20T05:45:00Z,2026-08-20T06:00:00Z,2026-08-20,2026-08-20_32,0.0,0,0,100,64.34782608695645,64.34782608695645,0.0,0.0,0.0,True,True,True,False,0.0,991.3921299473806,0.0,0.0,0.0,0.0,991.3921299473806
2026-08-20T06:00:00Z,2026-08-20T06:15:00Z,2026-08-20,2026-08-20_33,0.0,0,0,100,64.34782608695645,64.34782608695645,0.0,0.0,0.0,True,True,True,False,0.0,991.3921299473806,0.0,0.0,0.0,0.0,991.3921299473806
2026-08-20T06:15:00Z,2026-08-20T06:30:00Z,2026-08-20,2026-08-20_34,0.0,0,0,100,64.34782608695645,64.34782608695645,0.0,0.0,0.0,True,True,True,False,0.0,991.3921299473806,0.0,0.0,0.0,0.0,991.3921299473806
2026-08-20T06:30:00Z,2026-08-20T06:45:00Z,2026-08-20,2026-08-20_35,0.0,0,0,100,64.34782608695645,64.34782608695645,0.0,0.0,0.0,True,True,True,False,0.0,991.3921299473806,0.0,0.0,0.0,0.0,991.3921299473806
2026-08-20T06:45:00Z,2026-08-20T07:00:00Z,2026-08-20,2026-08-20_36,0.0,0,0,100,64.34782608695645,64.34782608695645,0.0,0.0,0.0,True,True,True,False,0.0,991.3921299473806,0.0,0.0,0.0,0.0,991.3921299473806
2026-08-20T07:00:00Z,2026-08-20T07:15:00Z,2026-08-20,2026-08-20_37,100.0,0,100,0,64.34782608695645,42.74844720496887,0.05999827467218772,0.0,5.128571428571428,True,True,True,False,4250.0,0.0,0.0,6.606039807824297,0.0,-199.33493479752917,4057.2711050102953
2026-08-20T07:15:00Z,2026-08-20T07:30:00Z,2026-08-20,2026-08-20_38,100.0,0,100,0,42.74844720496887,34.64223602484465,0.022517253278122838,0.0,17.542285714285715,True,True,True,False,4127.75,0.0,0.0,6.606039807824297,0.0,-181.2087479164624,3953.147291891362
2026-08-20T07:30:00Z,2026-08-20T07:45:00Z,2026-08-20,2026-08-20_39,65.07004061824875,0,100,0,34.64223602484465,39.60079093664586,0.025521398306234455,0.0,22.010285714285715,True,True,True,False,2393.276093939189,0.0,0.0,6.606039807824297,0.0,14.0533148129991,2413.9354485600124
2026-08-20T07:45:00Z,2026-08-20T08:00:00Z,2026-08-20,2026-08-20_40,0.0,0,100,0,39.60079093664586,61.09777379378872,0.05971384126984127,0.0,23.366285714285713,True,True,True,False,0.0,0.0,0.0,6.606039807824297,0.0,-98.7360551688074,-92.1300153609831
2026-08-20T08:00:00Z,2026-08-20T08:15:00Z,2026-08-20,2026-08-20_41,0.0,6,6,94,61.09777379378872,61.68355619378872,0.0016271733333333334,0.0,0.6367200000000001,True,True,True,False,0.0,931.9086021505377,5.945435827041866,0.5250514756348661,0.0,-18.422174651109586,919.9569148021048
2026-08-20T08:15:00Z,2026-08-20T08:30:00Z,2026-08-20,2026-08-20_42,0.0,6,6,94,61.68355619378872,62.034691279503,0.0009753752380952381,0.0,0.3816685714285714,True,True,True,False,0.0,931.9086021505377,5.945435827041866,0.5250514756348661,0.0,-12.586505657417392,925.7925837957971
2026-08-20T08:30:00Z,2026-08-20T08:45:00Z,2026-08-20,2026-08-20_43,8.660182700790192e-15,6,6,94,62.034691279503,62.175556551552695,0.0004028866252588045,0.0019200000000000003,0.15538285714285716,True,True,True,False,2.879510748012739e-13,931.9086021505377,5.945435827041866,0.5250514756348661,0.3197895218485473,-5.863827669379352,932.8350513056839
2026-08-20T08:45:00Z,2026-08-20T09:00:00Z,2026-08-20,2026-08-20_44,0.0,6,6,94,62.175556551552695,62.10376506832288,0.0006231465010351967,0.13621714285714287,0.08290285714285714,True,True,True,False,0.0,931.9086021505377,5.945435827041866,0.5250514756348661,23.471695035460996,-2.714953191489362,959.1358312971861
2026-08-20T09:00:00Z,2026-08-20T09:15:00Z,2026-08-20,2026-08-20_45,-6.0,6,0,94,62.10376506832288,63.42925901118002,0.0036819276190476194,0.059245714285714283,0.0,True,True,True,False,-199.92000000000002,931.9086021505377,5.935140700068635,0.0,10.172479654868125,0.0,748.0962225054744
2026-08-20T09:15:00Z,2026-08-20T09:30:00Z,2026-08-20,2026-08-20_46,-6.0,6,0,94,63.42925901118002,64.80925901118002,0.003833333333333333,0.0,0.0,True,True,True,False,-175.05,931.9086021505377,5.935140700068635,0.0,0.0,0.0,762.7937428506063
2026-08-20T09:30:00Z,2026-08-20T09:45:00Z,2026-08-20,2026-08-20_47,-6.0,6,0,94,64.80925901118002,66.18288735403715,0.003815634285714286,0.006925714285714287,0.0,True,True,True,False,-166.77,931.9086021505377,5.935140700068635,0.0,1.0773544595875415,0.0,772.1510973101939
2026-08-20T09:45:00Z,2026-08-20T10:00:00Z,2026-08-20,2026-08-20_48,-6.0,6,0,94,66.18288735403715,67.55821901118,0.0038203657142857144,0.005074285714285714,0.0,True,True,True,False,-176.31,931.9086021505377,5.935140700068635,0.0,0.7628203549367586,0.0,762.2965632055431
2026-08-20T10:00:00Z,2026-08-20T10:15:00Z,2026-08-20,2026-08-20_49,-5.999999999999977,6,0,94,67.55821901118,68.93471775403714,0.0038236076190476045,0.0038057142857142855,0.0,True,True,True,False,-176.80499999999932,931.9086021505377,5.935140700068635,0.0,0.4454685361309933,0.0,761.484211386738
2026-08-20T10:15:00Z,2026-08-20T10:30:00Z,2026-08-20,2026-08-20_50,-6.0,6,0,94,68.93471775403714,70.16687638260856,0.0034226628571428575,0.16069714285714287,0.0,True,True,True,False,-165.01500000000001,931.9086021505377,5.935140700068635,0.0,27.9810085694676,0.0,800.8097514200739
2026-08-20T10:30:00Z,2026-08-20T10:45:00Z,2026-08-20,2026-08-20_51,-6.0,6,0,94,70.16687638260856,71.44698015403713,0.003555843809523809,0.10858285714285715,0.0,True,True,True,False,-176.715,931.9086021505377,5.935140700068635,0.0,18.4386120534693,0.0,779.5673549040756
2026-08-20T10:45:00Z,2026-08-20T11:00:00Z,2026-08-20,2026-08-20_52,-6.0,6,0,94,71.44698015403713,72.74436941117999,0.0036038590476190476,0.08979428571428572,0.0,True,True,True,False,-152.43,931.9086021505377,5.935140700068635,0.0,15.222572644376902,0.0,800.6363154949833
2026-08-20T11:00:00Z,2026-08-20T11:15:00Z,2026-08-20,2026-08-20_53,-64.0,64,0,36,72.74436941117999,87.45764026832285,0.04087019682539683,0.007314285714285714,0.0,True,True,True,False,-1600.64,356.901166781057,63.289865019446346,0.0,0.854114237779303,0.0,-1179.5948539617175
2026-08-20T11:15:00Z,2026-08-20T11:30:00Z,2026-08-20,2026-08-20_54,-64.0,64,0,36,87.45764026832285,102.17764026832285,0.04088888888888889,0.0,0.0,True,True,True,False,-1662.08,356.901166781057,63.289865019446346,0.0,0.0,0.0,-1241.8889681994965
2026-08-20T11:30:00Z,2026-08-20T11:45:00Z,2026-08-20,2026-08-20_55,-64.0,64,0,36,102.17764026832285,116.89764026832285,0.04088888888888889,0.0,0.0,True,True,True,False,-1760.16,356.901166781057,63.289865019446346,0.0,0.0,0.0,-1339.9689681994967
2026-08-20T11:45:00Z,2026-08-20T12:00:00Z,2026-08-20,2026-08-20_56,-64.0,64,0,36,116.89764026832285,131.61764026832284,0.04088888888888889,0.0,0.0,True,True,True,False,-1765.44,356.901166781057,63.289865019446346,0.0,0.0,0.0,-1345.2489681994966
2026-08-20T12:00:00Z,2026-08-20T12:15:00Z,2026-08-20,2026-08-20_57,-6.0000000000000835,0,0,94,131.61764026832284,132.99764026832287,0.003833333333333387,0.0,0.0,True,False,True,False,-142.500000000002,931.9086021505377,0.0,0.0,0.0,0.0,789.4086021505357
2026-08-20T12:15:00Z,2026-08-20T12:30:00Z,2026-08-20,2026-08-20_58,-6.0,0,0,94,132.99764026832287,134.37764026832286,0.0038333333333333336,0.0,0.0,True,False,True,False,-170.49,931.9086021505377,0.0,0.0,0.0,0.0,761.4186021505377
2026-08-20T12:30:00Z,2026-08-20T12:45:00Z,2026-08-20,2026-08-20_59,-5.99999999999996,0,0,94,134.37764026832286,135.75764026832286,0.0038333333333333075,0.0,0.0,True,False,True,False,-186.31499999999875,931.9086021505377,0.0,0.0,0.0,0.0,745.593602150539
2026-08-20T12:45:00Z,2026-08-20T13:00:00Z,2026-08-20,2026-08-20_60,-6.0,0,0,94,135.75764026832286,137.13764026832285,0.0038333333333333336,0.0,0.0,True,False,True,False,-184.82999999999998,931.9086021505377,0.0,0.0,0.0,0.0,747.0786021505378
2026-08-20T13:00:00Z,2026-08-20T13:15:00Z,2026-08-20,2026-08-20_61,-6.0,6,0,94,137.13764026832285,138.51748255403714,0.003832895238095238,0.00017142857142857143,0.0,True,True,True,False,-143.34,931.9086021505377,5.622855181880577,0.0,0.022878059940517045,0.0,794.2143353923589
2026-08-20T13:15:00Z,2026-08-20T13:30:00Z,2026-08-20,2026-08-20_62,-6.0,6,0,94,138.51748255403714,139.8684315826086,0.0037526361904761905,0.03157714285714286,0.0,True,True,True,False,-162.495,931.9086021505377,5.622855181880577,0.0,5.3221922149230325,0.0,780.3586495473413
2026-08-20T13:30:00Z,2026-08-20T13:45:00Z,2026-08-20,2026-08-20_63,-6.0,6,0,94,139.8684315826086,141.13812621118004,0.0035269295238095242,0.11989714285714285,0.0,True,True,True,False,-194.865,931.9086021505377,5.622855181880577,0.0,20.96499331306991,0.0,763.6314506454881
2026-08-20T13:45:00Z,2026-08-20T14:00:00Z,2026-08-20,2026-08-20_64,-6.0,6,0,94,141.13812621118004,141.81039912546575,0.0018674247619047618,0.7692685714285715,0.0,True,True,True,False,-215.61,931.9086021505377,5.622855181880577,0.0,178.47039656829102,0.0,900.3918539007093
2026-08-20T14:00:00Z,2026-08-20T14:15:00Z,2026-08-20,2026-08-20_65,-6.0,6,0,94,141.81039912546575,142.92256872546574,0.00308936,0.29112,0.0,True,True,True,False,-179.895,931.9086021505377,5.715511324639671,0.0,62.15111178220087,0.0,819.8802252573782
2026-08-20T14:15:00Z,2026-08-20T14:30:00Z,2026-08-20,2026-08-20_66,-6.0,6,0,94,142.92256872546574,144.14100621118,0.003384548571428572,0.17561142857142858,0.0,True,True,True,False,-210.22500000000002,931.9086021505377,5.715511324639671,0.0,34.85601604078832,0.0,762.2551295159657
2026-08-20T14:30:00Z,2026-08-20T14:45:00Z,2026-08-20,2026-08-20_67,0.0,6,0,94,144.14100621118,144.10854658385082,9.01656314699793e-05,0.029862857142857142,0.0,True,True,True,False,0.0,931.9086021505377,5.715511324639671,0.0,5.180925600549074,0.0,942.8050390757264
2026-08-20T14:45:00Z,2026-08-20T15:00:00Z,2026-08-20,2026-08-20_68,4.573636155792765e-14,6,0,94,144.10854658385082,143.99376397515516,0.0003188405797101794,0.1056,0.0,True,True,True,False,1.9479116387521387e-12,931.9086021505377,5.715511324639671,0.0,18.83735529627088,0.0,956.4614687714502
2026-08-20T15:00:00Z,2026-08-20T15:15:00Z,2026-08-20,2026-08-20_69,0.0,0,0,100,143.99376397515516,143.99376397515516,0.0,0.0,0.0,True,False,True,False,0.0,991.3921299473806,0.0,0.0,0.0,0.0,991.3921299473806
2026-08-20T15:15:00Z,2026-08-20T15:30:00Z,2026-08-20,2026-08-20_70,0.0,0,0,100,143.99376397515516,143.99376397515516,0.0,0.0,0.0,True,False,True,False,0.0,991.3921299473806,0.0,0.0,0.0,0.0,991.3921299473806
2026-08-20T15:30:00Z,2026-08-20T15:45:00Z,2026-08-20,2026-08-20_71,0.0,0,0,100,143.99376397515516,143.99376397515516,0.0,0.0,0.0,True,False,True,False,0.0,991.3921299473806,0.0,0.0,0.0,0.0,991.3921299473806
2026-08-20T15:45:00Z,2026-08-20T16:00:00Z,2026-08-20,2026-08-20_72,0.0,0,0,100,143.99376397515516,143.99376397515516,0.0,0.0,0.0,True,False,True,False,0.0,991.3921299473806,0.0,0.0,0.0,0.0,991.3921299473806
2026-08-20T16:00:00Z,2026-08-20T16:15:00Z,2026-08-20,2026-08-20_73,0.0,0,0,100,143.99376397515516,143.99376397515516,0.0,0.0,0.0,True,False,True,False,0.0,991.3921299473806,0.0,0.0,0.0,0.0,991.3921299473806
2026-08-20T16:15:00Z,2026-08-20T16:30:00Z,2026-08-20,2026-08-20_74,0.0,0,0,100,143.99376397515516,143.99376397515516,0.0,0.0,0.0,True,False,True,False,0.0,991.3921299473806,0.0,0.0,0.0,0.0,991.3921299473806
2026-08-20T16:30:00Z,2026-08-20T16:45:00Z,2026-08-20,2026-08-20_75,0.0,0,0,100,143.99376397515516,143.99376397515516,0.0,0.0,0.0,True,False,True,False,0.0,991.3921299473806,0.0,0.0,0.0,0.0,991.3921299473806
2026-08-20T16:45:00Z,2026-08-20T17:00:00Z,2026-08-20,2026-08-20_76,0.0,0,0,100,143.99376397515516,143.99376397515516,0.0,0.0,0.0,True,False,True,False,0.0,991.3921299473806,0.0,0.0,0.0,0.0,991.3921299473806
2026-08-20T17:00:00Z,2026-08-20T17:15:00Z,2026-08-20,2026-08-20_77,82.0,0,82,18,143.99376397515516,123.40768944099366,0.0571835403726708,0.0,1.5608114285714287,True,True,True,False,4297.825,178.87783115991766,0.0,6.636353237245482,0.0,-100.42255732261334,4382.91662707455
2026-08-20T17:15:00Z,2026-08-20T17:30:00Z,2026-08-20,2026-08-20_78,82.0,0,82,18,123.40768944099366,107.53228571428559,0.044098343685300204,0.0,5.894628571428572,True,True,True,False,4322.425,178.87783115991766,0.0,6.636353237245482,0.0,-306.2583875543354,4201.6807968428275
2026-08-20T17:30:00Z,2026-08-20T17:45:00Z,2026-08-20,2026-08-20_79,82.0,0,82,18,107.53228571428559,86.5963105590061,0.058155486542443055,0.0,1.2389028571428573,True,True,True,False,4432.51,178.87783115991766,0.0,6.636353237245482,0.0,-88.99022311119829,4529.033961285965
2026-08-20T17:45:00Z,2026-08-20T18:00:00Z,2026-08-20,2026-08-20_80,82.0,0,82,18,86.5963105590061,64.34782608695642,0.061801345755693585,0.0,0.031394285714285715,True,True,True,False,4287.78,178.87783115991766,0.0,6.636353237245482,0.0,-2.4539878637339174,4470.840196533429
2026-08-20T18:00:00Z,2026-08-20T18:15:00Z,2026-08-20,2026-08-20_81,0.0,0,0,100,64.34782608695642,64.34782608695642,0.0,0.0,0.0,True,True,True,False,0.0,993.7657286662093,0.0,0.0,0.0,0.0,993.7657286662093
2026-08-20T18:15:00Z,2026-08-20T18:30:00Z,2026-08-20,2026-08-20_82,0.0,0,0,100,64.34782608695642,64.34782608695642,0.0,0.0,0.0,True,True,True,False,0.0,993.7657286662093,0.0,0.0,0.0,0.0,993.7657286662093
2026-08-20T18:30:00Z,2026-08-20T18:45:00Z,2026-08-20,2026-08-20_83,0.0,0,0,100,64.34782608695642,64.34782608695642,0.0,0.0,0.0,True,True,True,False,0.0,993.7657286662093,0.0,0.0,0.0,0.0,993.7657286662093
2026-08-20T18:45:00Z,2026-08-20T19:00:00Z,2026-08-20,2026-08-20_84,0.0,0,0,100,64.34782608695642,64.34782608695642,0.0,0.0,0.0,True,True,True,False,0.0,993.7657286662093,0.0,0.0,0.0,0.0,993.7657286662093
2026-08-20T19:00:00Z,2026-08-20T19:15:00Z,2026-08-20,2026-08-20_85,0.0,0,0,100,64.34782608695642,64.34782608695642,0.0,0.0,0.0,True,True,True,False,0.0,993.7657286662093,0.0,0.0,0.0,0.0,993.7657286662093
2026-08-20T19:15:00Z,2026-08-20T19:30:00Z,2026-08-20,2026-08-20_86,0.0,0,0,100,64.34782608695642,64.34782608695642,0.0,0.0,0.0,True,True,True,False,0.0,993.7657286662093,0.0,0.0,0.0,0.0,993.7657286662093
2026-08-20T19:30:00Z,2026-08-20T19:45:00Z,2026-08-20,2026-08-20_87,0.0,0,0,100,64.34782608695642,64.34782608695642,0.0,0.0,0.0,True,True,True,False,0.0,993.7657286662093,0.0,0.0,0.0,0.0,993.7657286662093
2026-08-20T19:45:00Z,2026-08-20T20:00:00Z,2026-08-20,2026-08-20_88,0.0,0,0,100,64.34782608695642,64.34782608695642,0.0,0.0,0.0,True,True,True,False,0.0,993.7657286662093,0.0,0.0,0.0,0.0,993.7657286662093
2026-08-20T20:00:00Z,2026-08-20T20:15:00Z,2026-08-20,2026-08-20_89,0.0,0,0,100,64.34782608695642,64.34782608695642,0.0,0.0,0.0,True,True,True,False,0.0,993.7657286662093,0.0,0.0,0.0,0.0,993.7657286662093
2026-08-20T20:15:00Z,2026-08-20T20:30:00Z,2026-08-20,2026-08-20_90,0.0,0,0,100,64.34782608695642,64.34782608695642,0.0,0.0,0.0,True,True,True,False,0.0,993.7657286662093,0.0,0.0,0.0,0.0,993.7657286662093
2026-08-20T20:30:00Z,2026-08-20T20:45:00Z,2026-08-20,2026-08-20_91,0.0,0,0,100,64.34782608695642,64.34782608695642,0.0,0.0,0.0,True,True,True,False,0.0,993.7657286662093,0.0,0.0,0.0,0.0,993.7657286662093
2026-08-20T20:45:00Z,2026-08-20T21:00:00Z,2026-08-20,2026-08-20_92,0.0,0,0,100,64.34782608695642,64.34782608695642,0.0,0.0,0.0,True,True,True,False,0.0,993.7657286662093,0.0,0.0,0.0,0.0,993.7657286662093
2026-08-20T21:00:00Z,2026-08-20T21:15:00Z,2026-08-21,2026-08-20_93,0.0,0,0,100,64.34782608695642,64.34782608695642,0.0,0.0,0.0,True,True,True,False,0.0,992.1956790710955,0.0,0.0,0.0,0.0,992.1956790710955
2026-08-20T21:15:00Z,2026-08-20T21:30:00Z,2026-08-21,2026-08-20_94,0.0,0,0,100,64.34782608695642,64.34782608695642,0.0,0.0,0.0,True,True,True,False,0.0,992.1956790710955,0.0,0.0,0.0,0.0,992.1956790710955
2026-08-20T21:30:00Z,2026-08-20T21:45:00Z,2026-08-21,2026-08-20_95,0.0,0,0,100,64.34782608695642,64.34782608695642,0.0,0.0,0.0,True,True,True,False,0.0,992.1956790710955,0.0,0.0,0.0,0.0,992.1956790710955
2026-08-20T21:45:00Z,2026-08-20T22:00:00Z,2026-08-21,2026-08-20_96,0.0,0,0,100,64.34782608695642,64.34782608695642,0.0,0.0,0.0,True,True,True,False,0.0,992.1956790710955,0.0,0.0,0.0,0.0,992.1956790710955
2026-08-20T22:00:00Z,2026-08-20T22:15:00Z,2026-08-21,2026-08-21_1,0.0,0,0,100,64.34782608695642,64.34782608695642,0.0,0.0,0.0,True,True,True,False,0.0,992.1956790710955,0.0,0.0,0.0,0.0,992.1956790710955
2026-08-20T22:15:00Z,2026-08-20T22:30:00Z,2026-08-21,2026-08-21_2,0.0,0,0,100,64.34782608695642,64.34782608695642,0.0,0.0,0.0,True,True,True,False,0.0,992.1956790710955,0.0,0.0,0.0,0.0,992.1956790710955
2026-08-20T22:30:00Z,2026-08-20T22:45:00Z,2026-08-21,2026-08-21_3,0.0,0,0,100,64.34782608695642,64.34782608695642,0.0,0.0,0.0,True,True,True,False,0.0,992.1956790710955,0.0,0.0,0.0,0.0,992.1956790710955
2026-08-20T22:45:00Z,2026-08-20T23:00:00Z,2026-08-21,2026-08-21_4,0.0,0,0,100,64.34782608695642,64.34782608695642,0.0,0.0,0.0,True,True,True,False,0.0,992.1956790710955,0.0,0.0,0.0,0.0,992.1956790710955
2026-08-20T23:00:00Z,2026-08-20T23:15:00Z,2026-08-21,2026-08-21_5,0.0,0,0,100,64.34782608695642,64.34782608695642,0.0,0.0,0.0,True,True,True,False,0.0,989.8258303987818,0.0,0.0,0.0,0.0,989.8258303987818
2026-08-20T23:15:00Z,2026-08-20T23:30:00Z,2026-08-21,2026-08-21_6,0.0,0,0,100,64.34782608695642,64.34782608695642,0.0,0.0,0.0,True,True,True,False,0.0,989.8258303987818,0.0,0.0,0.0,0.0,989.8258303987818
2026-08-20T23:30:00Z,2026-08-20T23:45:00Z,2026-08-21,2026-08-21_7,0.0,0,0,100,64.34782608695642,64.34782608695642,0.0,0.0,0.0,True,True,True,False,0.0,989.8258303987818,0.0,0.0,0.0,0.0,989.8258303987818
2026-08-20T23:45:00Z,2026-08-21T00:00:00Z,2026-08-21,2026-08-21_8,0.0,0,0,100,64.34782608695642,64.34782608695642,0.0,0.0,0.0,True,True,True,False,0.0,989.8258303987818,0.0,0.0,0.0,0.0,989.8258303987818
2026-08-21T00:00:00Z,2026-08-21T00:15:00Z,2026-08-21,2026-08-21_9,0.0,0,0,100,64.34782608695642,64.34782608695642,0.0,0.0,0.0,True,True,True,False,0.0,989.8258303987818,0.0,0.0,0.0,0.0,989.8258303987818
2026-08-21T00:15:00Z,2026-08-21T00:30:00Z,2026-08-21,2026-08-21_10,0.0,0,0,100,64.34782608695642,64.34782608695642,0.0,0.0,0.0,True,True,True,False,0.0,989.8258303987818,0.0,0.0,0.0,0.0,989.8258303987818
2026-08-21T00:30:00Z,2026-08-21T00:45:00Z,2026-08-21,2026-08-21_11,0.0,0,0,100,64.34782608695642,64.34782608695642,0.0,0.0,0.0,True,True,True,False,0.0,989.8258303987818,0.0,0.0,0.0,0.0,989.8258303987818
2026-08-21T00:45:00Z,2026-08-21T01:00:00Z,2026-08-21,2026-08-21_12,0.0,0,0,100,64.34782608695642,64.34782608695642,0.0,0.0,0.0,True,True,True,False,0.0,989.8258303987818,0.0,0.0,0.0,0.0,989.8258303987818
2026-08-21T01:00:00Z,2026-08-21T01:15:00Z,2026-08-21,2026-08-21_13,0.0,0,0,100,64.34782608695642,64.34782608695642,0.0,0.0,0.0,True,True,True,False,0.0,989.8258303987818,0.0,0.0,0.0,0.0,989.8258303987818
2026-08-21T01:15:00Z,2026-08-21T01:30:00Z,2026-08-21,2026-08-21_14,0.0,0,0,100,64.34782608695642,64.34782608695642,0.0,0.0,0.0,True,True,True,False,0.0,989.8258303987818,0.0,0.0,0.0,0.0,989.8258303987818
2026-08-21T01:30:00Z,2026-08-21T01:45:00Z,2026-08-21,2026-08-21_15,0.0,0,0,100,64.34782608695642,64.34782608695642,0.0,0.0,0.0,True,True,True,False,0.0,989.8258303987818,0.0,0.0,0.0,0.0,989.8258303987818
2026-08-21T01:45:00Z,2026-08-21T02:00:00Z,2026-08-21,2026-08-21_16,0.0,0,0,100,64.34782608695642,64.34782608695642,0.0,0.0,0.0,True,True,True,False,0.0,989.8258303987818,0.0,0.0,0.0,0.0,989.8258303987818
2026-08-21T02:00:00Z,2026-08-21T02:15:00Z,2026-08-21,2026-08-21_17,0.0,0,0,100,64.34782608695642,64.34782608695642,0.0,0.0,0.0,True,True,True,False,0.0,989.8258303987818,0.0,0.0,0.0,0.0,989.8258303987818
2026-08-21T02:15:00Z,2026-08-21T02:30:00Z,2026-08-21,2026-08-21_18,0.0,0,0,100,64.34782608695642,64.34782608695642,0.0,0.0,0.0,True,True,True,False,0.0,989.8258303987818,0.0,0.0,0.0,0.0,989.8258303987818
2026-08-21T02:30:00Z,2026-08-21T02:45:00Z,2026-08-21,2026-08-21_19,0.0,0,0,100,64.34782608695642,64.34782608695642,0.0,0.0,0.0,True,True,True,False,0.0,989.8258303987818,0.0,0.0,0.0,0.0,989.8258303987818
2026-08-21T02:45:00Z,2026-08-21T03:00:00Z,2026-08-21,2026-08-21_20,0.0,0,0,100,64.34782608695642,64.34782608695642,0.0,0.0,0.0,True,True,True,False,0.0,989.8258303987818,0.0,0.0,0.0,0.0,989.8258303987818
2026-08-21T03:00:00Z,2026-08-21T03:15:00Z,2026-08-21,2026-08-21_21,0.0,0,0,100,64.34782608695642,64.34782608695642,0.0,0.0,0.0,True,True,True,False,0.0,989.8258303987818,0.0,0.0,0.0,0.0,989.8258303987818
2026-08-21T03:15:00Z,2026-08-21T03:30:00Z,2026-08-21,2026-08-21_22,0.0,0,0,100,64.34782608695642,64.34782608695642,0.0,0.0,0.0,True,True,True,False,0.0,989.8258303987818,0.0,0.0,0.0,0.0,989.8258303987818
2026-08-21T03:30:00Z,2026-08-21T03:45:00Z,2026-08-21,2026-08-21_23,0.0,0,0,100,64.34782608695642,64.34782608695642,0.0,0.0,0.0,True,True,True,False,0.0,989.8258303987818,0.0,0.0,0.0,0.0,989.8258303987818
2026-08-21T03:45:00Z,2026-08-21T04:00:00Z,2026-08-21,2026-08-21_24,0.0,0,0,100,64.34782608695642,64.34782608695642,0.0,0.0,0.0,True,True,True,False,0.0,989.8258303987818,0.0,0.0,0.0,0.0,989.8258303987818
2026-08-21T04:00:00Z,2026-08-21T04:15:00Z,2026-08-21,2026-08-21_25,-4.3250427394093055e-13,0,0,100,64.34782608695642,64.34782608695652,2.7632217501781674e-16,0.0,0.0,True,True,True,False,-1.979463935759154e-11,989.8258303987818,0.0,0.0,0.0,0.0,989.825830398762
2026-08-21T04:15:00Z,2026-08-21T04:30:00Z,2026-08-21,2026-08-21_26,0.0,0,0,100,64.34782608695652,64.34782608695652,0.0,0.0,0.0,True,True,True,False,0.0,989.8258303987818,0.0,0.0,0.0,0.0,989.8258303987818
2026-08-21T04:30:00Z,2026-08-21T04:45:00Z,2026-08-21,2026-08-21_27,0.0,0,0,100,64.34782608695652,64.34782608695652,0.0,0.0,0.0,True,True,True,False,0.0,989.8258303987818,0.0,0.0,0.0,0.0,989.8258303987818
2026-08-21T04:45:00Z,2026-08-21T05:00:00Z,2026-08-21,2026-08-21_28,0.0,0,0,100,64.34782608695652,64.34782608695652,0.0,0.0,0.0,True,True,True,False,0.0,989.8258303987818,0.0,0.0,0.0,0.0,989.8258303987818
2026-08-21T05:00:00Z,2026-08-21T05:15:00Z,2026-08-21,2026-08-21_29,0.0,0,0,100,64.34782608695652,64.34782608695652,0.0,0.0,0.0,True,True,True,False,0.0,989.8258303987818,0.0,0.0,0.0,0.0,989.8258303987818
2026-08-21T05:15:00Z,2026-08-21T05:30:00Z,2026-08-21,2026-08-21_30,0.0,0,0,100,64.34782608695652,64.34782608695652,0.0,0.0,0.0,True,True,True,False,0.0,989.8258303987818,0.0,0.0,0.0,0.0,989.8258303987818
2026-08-21T05:30:00Z,2026-08-21T05:45:00Z,2026-08-21,2026-08-21_31,0.0,0,0,100,64.34782608695652,64.34782608695652,0.0,0.0,0.0,True,True,True,False,0.0,989.8258303987818,0.0,0.0,0.0,0.0,989.8258303987818
2026-08-21T05:45:00Z,2026-08-21T06:00:00Z,2026-08-21,2026-08-21_32,0.0,0,0,100,64.34782608695652,64.34782608695652,0.0,0.0,0.0,True,True,True,False,0.0,989.8258303987818,0.0,0.0,0.0,0.0,989.8258303987818
2026-08-21T06:00:00Z,2026-08-21T06:15:00Z,2026-08-21,2026-08-21_33,0.0,0,0,100,64.34782608695652,64.34782608695652,0.0,0.0,0.0,True,True,True,False,0.0,989.8258303987818,0.0,0.0,0.0,0.0,989.8258303987818
2026-08-21T06:15:00Z,2026-08-21T06:30:00Z,2026-08-21,2026-08-21_34,0.0,0,0,100,64.34782608695652,64.34782608695652,0.0,0.0,0.0,True,True,True,False,0.0,989.8258303987818,0.0,0.0,0.0,0.0,989.8258303987818
2026-08-21T06:30:00Z,2026-08-21T06:45:00Z,2026-08-21,2026-08-21_35,0.0,0,0,100,64.34782608695652,64.34782608695652,0.0,0.0,0.0,True,True,True,False,0.0,989.8258303987818,0.0,0.0,0.0,0.0,989.8258303987818
2026-08-21T06:45:00Z,2026-08-21T07:00:00Z,2026-08-21,2026-08-21_36,0.0,0,0,100,64.34782608695652,64.34782608695652,0.0,0.0,0.0,True,True,True,False,0.0,989.8258303987818,0.0,0.0,0.0,0.0,989.8258303987818
2026-08-21T07:00:00Z,2026-08-21T07:15:00Z,2026-08-21,2026-08-21_37,100.0,0,100,0,64.34782608695652,49.07453416149068,0.04242581090407176,0.0,10.948571428571428,True,True,True,False,4826.0,0.0,0.0,4.6825925573427245,0.0,-107.3016269425825,4723.3809656147605
2026-08-21T07:15:00Z,2026-08-21T07:30:00Z,2026-08-21,2026-08-21_38,23.789240262229914,0,100,0,49.07453416149068,47.82160795031056,0.024632489691531673,0.0,5.430285714285715,True,True,True,False,1044.2881744112376,0.0,0.0,4.6825925573427245,0.0,-272.9582962106895,776.0124707578908
2026-08-21T07:30:00Z,2026-08-21T07:45:00Z,2026-08-21,2026-08-21_39,0.0,0,100,0,47.82160795031056,52.7065450931677,0.013569269841269842,0.0,5.309714285714286,True,True,True,False,0.0,0.0,0.0,4.6825925573427245,0.0,-288.24567545445893,-283.5630828971162
2026-08-21T07:45:00Z,2026-08-21T08:00:00Z,2026-08-21,2026-08-21_40,0.0,0,100,0,52.7065450931677,61.086956521739125,0.02327892063492063,0.0,9.109142857142857,True,True,True,False,0.0,0.0,0.0,4.6825925573427245,0.0,-439.642068716094,-434.9594761587513
2026-08-21T08:00:00Z,2026-08-21T08:15:00Z,2026-08-21,2026-08-21_41,2.0,4,6,94,61.086956521739125,61.243539359006206,0.0020099695790200137,0.0,0.7175314285714286,True,True,True,False,83.0,930.4362805748549,4.046445226991529,0.33234986199676403,0.0,-37.85263399801492,979.9624416658282
2026-08-21T08:15:00Z,2026-08-21T08:30:00Z,2026-08-21,2026-08-21_42,0.7594636636427499,4,6,94,61.243539359006206,61.08695652173913,0.000673261972397481,0.0004114285714285714,0.05338285714285714,True,True,True,False,29.370358532224245,930.4362805748549,4.046445226991529,0.33234986199676403,0.06656786632041223,-3.1613503792029802,961.0906516831849
2026-08-21T08:30:00Z,2026-08-21T08:45:00Z,2026-08-21,2026-08-21_43,0.0,4,6,94,61.08695652173913,61.092806062111805,3.0189371980676332e-05,0.002308571428571429,0.009085714285714286,True,True,True,False,0.0,930.4362805748549,4.046445226991529,0.33234986199676403,0.3769305883152728,-0.608181647609077,934.5838246045494
2026-08-21T08:45:00Z,2026-08-21T09:00:00Z,2026-08-21,2026-08-21_44,0.0,4,6,94,61.092806062111805,61.099212879503106,5.0370904071773635e-05,0.005394285714285714,0.013337142857142856,True,True,True,False,0.0,930.4362805748549,4.046445226991529,0.33234986199676403,0.8977216799684564,-0.8170881823002352,934.8957091615114
2026-08-21T09:00:00Z,2026-08-21T09:15:00Z,2026-08-21,2026-08-21_45,-6.0,6,0,94,61.099212879503106,62.4608864795031,0.003782426666666667,0.019919999999999997,0.0,True,True,True,False,-92.94,930.4362805748549,6.067954696868754,0.0,3.363698745598172,0.0,846.9279340173218
2026-08-21T09:15:00Z,2026-08-21T09:30:00Z,2026-08-21,2026-08-21_46,-6.0,6,0,94,62.4608864795031,63.83609196521739,0.003820015238095238,0.005211428571428571,0.0,True,True,True,False,-164.115,930.4362805748549,6.067954696868754,0.0,0.8470299974166882,0.0,773.2362652691403
2026-08-21T09:30:00Z,2026-08-21T09:45:00Z,2026-08-21,2026-08-21_47,0.0,6,0,94,63.83609196521739,63.82889941863354,1.9979296066252585e-05,0.006617142857142857,0.0,True,True,True,False,0.0,930.4362805748549,6.067954696868754,0.0,0.6494284550435765,0.0,937.1536637267673
2026-08-21T09:45:00Z,2026-08-21T10:00:00Z,2026-08-21,2026-08-21_48,-1.8946197268059732e-14,6,0,94,63.82889941863354,63.43901121987578,0.001083022774327128,0.3586971428571429,0.0,True,True,True,False,-6.344134155209801e-13,930.4362805748549,6.067954696868754,0.0,69.18939128363405,0.0,1005.693626555357
2026-08-21T10:00:00Z,2026-08-21T10:15:00Z,2026-08-21,2026-08-21_49,-25.999999999999947,26,0,74,63.43901121987578,69.20031407701862,0.016003619047619013,0.23771428571428574,0.0,True,True,True,False,-805.4799999999983,732.4711144950985,26.29447035309794,0.0,40.37097619274226,0.0,-6.343438959059608
2026-08-21T10:15:00Z,2026-08-21T10:30:00Z,2026-08-21,2026-08-21_50,-25.440331343579835,26,0,74,69.20031407701862,71.65732479999994,0.007302737304527458,3.675062857142857,0.0,True,True,True,False,-857.2755654502814,732.4711144950985,26.29447035309794,0.0,989.2911044076739,0.0,890.7811238055889
2026-08-21T10:30:00Z,2026-08-21T10:45:00Z,2026-08-21,2026-08-21_51,-26.0,26,0,74,71.65732479999994,77.61736868571423,0.016555677460317463,0.02169142857142857,0.0,True,True,True,False,-710.905,732.4711144950985,26.29447035309794,0.0,2.6866445607690106,0.0,50.54722940896548
2026-08-21T10:45:00Z,2026-08-21T11:00:00Z,2026-08-21,2026-08-21_52,-26.0,26,0,74,77.61736868571423,83.59736868571423,0.01661111111111111,0.0,0.0,True,True,True,False,-501.605,732.4711144950985,26.29447035309794,0.0,0.0,0.0,257.16058484819644
2026-08-21T11:00:00Z,2026-08-21T11:15:00Z,2026-08-21,2026-08-21_53,-7.927214892965102e-14,100,0,0,83.59736868571423,83.59426309565214,8.626639061472303e-06,0.002857142857142857,0.0,True,True,True,False,-2.787406936738854e-12,0.0,101.10402588750355,0.0,0.35350582604794084,0.0,101.4575317135487
2026-08-21T11:15:00Z,2026-08-21T11:30:00Z,2026-08-21,2026-08-21_54,-100.0,100,0,0,83.59426309565214,103.62134880993786,0.05563079365079366,3.2314285714285718,0.0,True,True,True,False,-3093.0,0.0,101.10402588750355,0.0,550.6628620375533,0.0,-2441.233112074943
2026-08-21T11:30:00Z,2026-08-21T11:45:00Z,2026-08-21,2026-08-21_55,-100.0,100,0,0,103.62134880993786,126.41947452422357,0.063328126984127,0.21942857142857142,0.0,True,True,True,False,-1905.2499999999998,0.0,101.10402588750355,0.0,32.3267342316007,0.0,-1771.8192398808956
2026-08-21T11:45:00Z,2026-08-21T12:00:00Z,2026-08-21,2026-08-21_56,-100.0,100,0,0,126.41947452422357,145.593325952795,0.05326069841269842,4.158857142857142,0.0,True,True,True,False,-1399.5,0.0,101.10402588750355,0.0,904.8362194455398,0.0,-393.5597546669567
2026-08-21T12:00:00Z,2026-08-21T12:15:00Z,2026-08-21,2026-08-21_57,8.160742613073502e-14,6,0,94,145.593325952795,145.39186011428566,0.0005596273291926081,0.18534857142857142,0.0,True,True,True,False,2.7518024091283846e-12,930.4362805748549,6.0662415532502125,0.0,37.182048891487305,0.0,973.6845710195952
2026-08-21T12:15:00Z,2026-08-21T12:30:00Z,2026-08-21,2026-08-21_58,-6.0,6,0,94,145.39186011428566,146.75999999999993,0.003800388571428572,0.012891428571428571,0.0,True,True,True,False,-169.29,930.4362805748549,6.0662415532502125,0.0,2.1009850804225754,0.0,769.3135072085277
2026-08-21T12:30:00Z,2026-08-21T12:45:00Z,2026-08-21,2026-08-21_59,0.0,6,0,94,146.75999999999993,146.75120496894402,2.443064182194617e-05,0.008091428571428572,0.0,True,True,True,False,0.0,930.4362805748549,6.0662415532502125,0.0,1.3523397789228953,0.0,937.854861907028
2026-08-21T12:45:00Z,2026-08-21T13:00:00Z,2026-08-21,2026-08-21_60,-1.4185135554101655e-14,6,0,94,146.75120496894402,146.73950310559,3.2505175983445774e-05,0.010765714285714285,0.0,True,True,True,False,-5.252755695683843e-13,930.4362805748549,6.0662415532502125,0.0,1.7907869681436863,0.0,938.2933090962482
2026-08-21T13:00:00Z,2026-08-21T13:15:00Z,2026-08-21,2026-08-21_61,-0.13581608846796367,6,5,94,146.73950310559,146.7563230272129,0.00015235016192078385,0.017897142857142858,0.0054,True,True,True,False,-4.306388625097958,930.4362805748549,5.936042638241172,1.396212049110117,3.0383274410257113,-0.4337679642143334,936.0667061139196
2026-08-21T13:15:00Z,2026-08-21T13:30:00Z,2026-08-21,2026-08-21_62,-0.03182857162441191,6,5,94,146.7563230272129,146.75802537091184,5.6008052223340096e-05,0.008537142857142858,0.003971428571428572,True,True,True,False,-1.1219571497605199,930.4362805748549,5.936042638241172,1.396212049110117,1.4161403146201852,-0.3401813756815185,937.7225370513843
2026-08-21T13:30:00Z,2026-08-21T13:45:00Z,2026-08-21,2026-08-21_63,-0.21678880457796537,6,5,94,146.75802537091184,146.7574502857142,0.00028017942890018856,0.04841142857142857,0.0020571428571428568,True,True,True,False,-8.199494561150095,930.4362805748549,5.936042638241172,1.396212049110117,8.247580522372841,-0.17620905790697355,937.640412165522
2026-08-21T13:45:00Z,2026-08-21T14:00:00Z,2026-08-21,2026-08-21_64,0.0,6,5,94,146.7574502857142,146.70100621118007,0.0001709541752933057,0.05427428571428571,0.0027714285714285714,True,True,True,False,0.0,930.4362805748549,5.936042638241172,1.396212049110117,9.262374079865124,-0.2373927585691172,946.7935165835022
2026-08-21T14:00:00Z,2026-08-21T14:15:00Z,2026-08-21,2026-08-21_65,-0.2564947339994316,0,0,94,146.70100621118007,146.75999999999993,0.00016387163561074798,0.0,0.0,True,False,True,False,-10.269407912502244,930.4362805748549,0.0,0.0,0.0,0.0,920.1668726623526
2026-08-21T14:15:00Z,2026-08-21T14:30:00Z,2026-08-21,2026-08-21_66,0.0,0,0,94,146.75999999999993,146.75999999999993,0.0,0.0,0.0,True,False,True,False,0.0,930.4362805748549,0.0,0.0,0.0,0.0,930.4362805748549
2026-08-21T14:30:00Z,2026-08-21T14:45:00Z,2026-08-21,2026-08-21_67,0.0,0,0,94,146.75999999999993,146.75999999999993,0.0,0.0,0.0,True,False,True,False,0.0,930.4362805748549,0.0,0.0,0.0,0.0,930.4362805748549
2026-08-21T14:45:00Z,2026-08-21T15:00:00Z,2026-08-21,2026-08-21_68,6.0,0,0,94,146.75999999999993,145.12956521739125,0.004528985507246377,0.0,0.0,True,False,True,False,306.195,930.4362805748549,0.0,0.0,0.0,0.0,1236.6312805748548
2026-08-21T15:00:00Z,2026-08-21T15:15:00Z,2026-08-21,2026-08-21_69,-81.67492567894385,100,18,0,145.12956521739125,159.8049689440993,0.04554925853392372,4.323428571428571,0.0,True,True,True,False,-3436.880872569957,0.0,103.81650328352526,1.3619491767393164,1074.7236103278087,0.0,-2256.9788097818837
2026-08-21T15:15:00Z,2026-08-21T15:30:00Z,2026-08-21,2026-08-21_70,-1.1053959679963514e-13,100,18,0,159.8049689440993,155.27515527950305,0.012582815734989691,4.167428571428571,0.0,True,True,True,False,-5.166344405422947e-12,0.0,103.81650328352526,1.3619491767393164,1140.1524524874574,0.0,1245.3309049477168
2026-08-21T15:30:00Z,2026-08-21T15:45:00Z,2026-08-21,2026-08-21_71,0.0,100,18,0,155.27515527950305,140.52857142857138,0.04096273291925466,13.566857142857144,0.0,True,True,True,False,0.0,0.0,103.81650328352526,1.3619491767393164,4893.809541285402,0.0,4998.987993745666
2026-08-21T15:45:00Z,2026-08-21T16:00:00Z,2026-08-21,2026-08-21_72,0.0,100,18,0,140.52857142857138,113.42732919254654,0.07528122843340235,24.933142857142858,0.0,True,True,True,False,0.0,0.0,103.81650328352526,1.3619491767393164,10993.126385946784,0.0,11098.304838407048
2026-08-21T16:00:00Z,2026-08-21T16:15:00Z,2026-08-21,2026-08-21_73,0.0,100,100,0,113.42732919254654,96.66459627329188,0.0465631469979296,15.421714285714286,0.0,True,True,True,False,0.0,0.0,101.21823546207291,5.596269153897402,4994.439665311561,0.0,5101.254169927532
2026-08-21T16:15:00Z,2026-08-21T16:30:00Z,2026-08-21,2026-08-21_74,0.0,100,100,0,96.66459627329188,77.25279503105585,0.05392167011732229,17.858857142857143,0.0,True,True,True,False,0.0,0.0,101.21823546207291,5.596269153897402,6510.013200233859,0.0,6616.827704849829
2026-08-21T16:30:00Z,2026-08-21T16:45:00Z,2026-08-21,2026-08-21_75,0.0,100,100,0,77.25279503105585,68.57453416149063,0.024106280193236712,7.983999999999999,0.0,True,True,True,False,0.0,0.0,101.21823546207291,5.596269153897402,2382.3490046635575,0.0,2489.1635092795277
2026-08-21T16:45:00Z,2026-08-21T17:00:00Z,2026-08-21,2026-08-21_76,0.0,100,100,0,68.57453416149063,64.34782608695647,0.011740855762594893,3.888571428571429,0.0,True,True,True,False,0.0,0.0,101.21823546207291,5.596269153897402,1094.6763431181935,0.0,1201.4908477341637
2026-08-21T17:00:00Z,2026-08-21T17:15:00Z,2026-08-21,2026-08-21_77,0.0,0,0,100,64.34782608695647,64.34782608695647,0.0,0.0,0.0,True,True,True,False,0.0,989.8258303987818,0.0,0.0,0.0,0.0,989.8258303987818
2026-08-21T17:15:00Z,2026-08-21T17:30:00Z,2026-08-21,2026-08-21_78,0.0,0,0,100,64.34782608695647,64.34782608695647,0.0,0.0,0.0,True,True,True,False,0.0,989.8258303987818,0.0,0.0,0.0,0.0,989.8258303987818
2026-08-21T17:30:00Z,2026-08-21T17:45:00Z,2026-08-21,2026-08-21_79,0.0,0,0,100,64.34782608695647,64.34782608695647,0.0,0.0,0.0,True,True,True,False,0.0,989.8258303987818,0.0,0.0,0.0,0.0,989.8258303987818
2026-08-21T17:45:00Z,2026-08-21T18:00:00Z,2026-08-21,2026-08-21_80,0.0,0,0,100,64.34782608695647,64.34782608695647,0.0,0.0,0.0,True,True,True,False,0.0,989.8258303987818,0.0,0.0,0.0,0.0,989.8258303987818
2026-08-21T18:00:00Z,2026-08-21T18:15:00Z,2026-08-21,2026-08-21_81,0.0,0,0,100,64.34782608695647,64.34782608695647,0.0,0.0,0.0,True,True,True,False,0.0,989.8258303987818,0.0,0.0,0.0,0.0,989.8258303987818
2026-08-21T18:15:00Z,2026-08-21T18:30:00Z,2026-08-21,2026-08-21_82,0.0,0,0,100,64.34782608695647,64.34782608695647,0.0,0.0,0.0,True,True,True,False,0.0,989.8258303987818,0.0,0.0,0.0,0.0,989.8258303987818
2026-08-21T18:30:00Z,2026-08-21T18:45:00Z,2026-08-21,2026-08-21_83,0.0,0,0,100,64.34782608695647,64.34782608695647,0.0,0.0,0.0,True,True,True,False,0.0,989.8258303987818,0.0,0.0,0.0,0.0,989.8258303987818
2026-08-21T18:45:00Z,2026-08-21T19:00:00Z,2026-08-21,2026-08-21_84,0.0,0,0,100,64.34782608695647,64.34782608695647,0.0,0.0,0.0,True,True,True,False,0.0,989.8258303987818,0.0,0.0,0.0,0.0,989.8258303987818
2026-08-21T19:00:00Z,2026-08-21T19:15:00Z,2026-08-21,2026-08-21_85,0.0,0,0,100,64.34782608695647,64.34782608695647,0.0,0.0,0.0,True,True,True,False,0.0,989.8258303987818,0.0,0.0,0.0,0.0,989.8258303987818
2026-08-21T19:15:00Z,2026-08-21T19:30:00Z,2026-08-21,2026-08-21_86,0.0,0,0,100,64.34782608695647,64.34782608695647,0.0,0.0,0.0,True,True,True,False,0.0,989.8258303987818,0.0,0.0,0.0,0.0,989.8258303987818
2026-08-21T19:30:00Z,2026-08-21T19:45:00Z,2026-08-21,2026-08-21_87,0.0,0,0,100,64.34782608695647,64.34782608695647,0.0,0.0,0.0,True,True,True,False,0.0,989.8258303987818,0.0,0.0,0.0,0.0,989.8258303987818
2026-08-21T19:45:00Z,2026-08-21T20:00:00Z,2026-08-21,2026-08-21_88,0.0,0,0,100,64.34782608695647,64.34782608695647,0.0,0.0,0.0,True,True,True,False,0.0,989.8258303987818,0.0,0.0,0.0,0.0,989.8258303987818
2026-08-21T20:00:00Z,2026-08-21T20:15:00Z,2026-08-21,2026-08-21_89,0.0,100,100,0,64.34782608695647,52.92298136645958,0.03173567977915803,10.510857142857141,0.0,True,True,True,False,0.0,0.0,103.64518892167126,5.596269153897402,3004.6806201036043,0.0,3113.922078179173
2026-08-21T20:15:00Z,2026-08-21T20:30:00Z,2026-08-21,2026-08-21_90,0.0,100,100,0,52.92298136645958,45.63590459627325,0.020682895790200134,6.777142857142857,0.08628571428571429,True,True,True,False,0.0,0.0,103.64518892167126,5.596269153897402,1822.0755251600974,-9.279799861316945,1922.037183374349
2026-08-21T20:30:00Z,2026-08-21T20:45:00Z,2026-08-21,2026-08-21_91,0.0,100,100,0,45.63590459627325,32.97876173913039,0.03515873015873016,11.64457142857143,0.0,True,True,True,False,0.0,0.0,103.64518892167126,5.596269153897402,3405.86259065385,0.0,3515.1040487294185
2026-08-21T20:45:00Z,2026-08-21T21:00:00Z,2026-08-21,2026-08-21_92,0.0,100,100,0,32.97876173913039,27.345221366459583,0.015648723257418912,5.182857142857143,0.0,True,True,True,False,0.0,0.0,103.64518892167126,5.596269153897402,1360.6896648492843,0.0,1469.931122924853
2026-08-21T21:00:00Z,2026-08-21T21:15:00Z,2026-08-22,2026-08-21_93,-69.0,69,0,31,27.345221366459583,33.259380909316725,0.01642822095238095,10.821565714285715,0.0,True,True,True,False,-3145.8825,306.5775660409654,71.5707194614024,0.0,3750.1465976444506,0.0,982.4123831468182
2026-08-21T21:15:00Z,2026-08-21T21:30:00Z,2026-08-22,2026-08-21_94,0.0,69,0,31,33.259380909316725,29.867238052173867,0.009422619047619048,3.1207714285714285,0.0,True,True,True,False,0.0,306.5775660409654,71.5707194614024,0.0,713.7082764224992,0.0,1091.856561924867
2026-08-21T21:30:00Z,2026-08-21T21:45:00Z,2026-08-22,2026-08-21_95,0.0,69,0,31,29.867238052173867,29.25909519503101,0.0016892857142857141,0.5594914285714285,0.0,True,True,True,False,0.0,306.5775660409654,71.5707194614024,0.0,98.77410924532762,0.0,476.9223947476954
2026-08-21T21:45:00Z,2026-08-21T22:00:00Z,2026-08-22,2026-08-21_96,-69.0,69,0,31,29.25909519503101,43.02373565217387,0.038235112380952375,2.2884342857142856,0.0,True,True,True,False,-2827.4474999999998,306.5775660409654,71.5707194614024,0.0,465.58350263837826,0.0,-1983.7157118592536
2026-08-21T22:00:00Z,2026-08-21T22:15:00Z,2026-08-22,2026-08-22_1,0.0,100,0,0,43.02373565217387,40.748580372670766,0.006319875776397515,2.093142857142857,0.0,True,True,True,False,0.0,0.0,103.72568037884407,0.0,379.0753726902982,0.0,482.80105306914226
2026-08-21T22:15:00Z,2026-08-21T22:30:00Z,2026-08-22,2026-08-22_2,-85.80790219128234,100,0,0,40.748580372670766,45.63765465838513,0.027063744543465173,15.732571428571429,0.0,True,True,True,False,-4050.5620229394826,0.0,103.72568037884407,0.0,5095.323326676937,0.0,1148.4869841162981
2026-08-21T22:30:00Z,2026-08-21T22:45:00Z,2026-08-22,2026-08-22_3,-100.0,100,0,0,45.63765465838513,47.00661465838513,0.0038026666666666677,23.512,0.0,True,True,True,False,-4538.5,0.0,103.72568037884407,0.0,10984.223664061165,0.0,6549.449344440009
2026-08-21T22:45:00Z,2026-08-21T23:00:00Z,2026-08-22,2026-08-22_4,-100.0,100,0,0,47.00661465838513,64.34782608695656,0.04817003174603175,6.150857142857142,0.0,True,True,True,False,-4384.5,0.0,103.72568037884407,0.0,1330.2256521774568,0.0,-2950.5486674436993
2026-08-21T23:00:00Z,2026-08-21T23:15:00Z,2026-08-22,2026-08-22_5,0.0,0,0,100,64.34782608695656,64.34782608695656,0.0,0.0,0.0,True,True,True,False,0.0,988.9598904547271,0.0,0.0,0.0,0.0,988.9598904547271
2026-08-21T23:15:00Z,2026-08-21T23:30:00Z,2026-08-22,2026-08-22_6,0.0,0,0,100,64.34782608695656,64.34782608695656,0.0,0.0,0.0,True,True,True,False,0.0,988.9598904547271,0.0,0.0,0.0,0.0,988.9598904547271
2026-08-21T23:30:00Z,2026-08-21T23:45:00Z,2026-08-22,2026-08-22_7,0.0,0,0,100,64.34782608695656,64.34782608695656,0.0,0.0,0.0,True,True,True,False,0.0,988.9598904547271,0.0,0.0,0.0,0.0,988.9598904547271
2026-08-21T23:45:00Z,2026-08-22T00:00:00Z,2026-08-22,2026-08-22_8,0.0,0,0,100,64.34782608695656,64.34782608695656,0.0,0.0,0.0,True,True,True,False,0.0,988.9598904547271,0.0,0.0,0.0,0.0,988.9598904547271
2026-08-22T00:00:00Z,2026-08-22T00:15:00Z,2026-08-22,2026-08-22_9,0.0,0,0,100,64.34782608695656,64.34782608695656,0.0,0.0,0.0,True,False,True,False,0.0,988.9598904547271,0.0,0.0,0.0,0.0,988.9598904547271
2026-08-22T00:15:00Z,2026-08-22T00:30:00Z,2026-08-22,2026-08-22_10,0.0,0,0,100,64.34782608695656,64.34782608695656,0.0,0.0,0.0,True,False,True,False,0.0,988.9598904547271,0.0,0.0,0.0,0.0,988.9598904547271
2026-08-22T00:30:00Z,2026-08-22T00:45:00Z,2026-08-22,2026-08-22_11,0.0,0,0,100,64.34782608695656,64.34782608695656,0.0,0.0,0.0,True,False,True,False,0.0,988.9598904547271,0.0,0.0,0.0,0.0,988.9598904547271
2026-08-22T00:45:00Z,2026-08-22T01:00:00Z,2026-08-22,2026-08-22_12,0.0,0,0,100,64.34782608695656,64.34782608695656,0.0,0.0,0.0,True,False,True,False,0.0,988.9598904547271,0.0,0.0,0.0,0.0,988.9598904547271
2026-08-22T01:00:00Z,2026-08-22T01:15:00Z,2026-08-22,2026-08-22_13,0.0,0,0,100,64.34782608695656,64.34782608695656,0.0,0.0,0.0,True,True,True,False,0.0,988.9598904547271,0.0,0.0,0.0,0.0,988.9598904547271
2026-08-22T01:15:00Z,2026-08-22T01:30:00Z,2026-08-22,2026-08-22_14,0.0,0,0,100,64.34782608695656,64.34782608695656,0.0,0.0,0.0,True,True,True,False,0.0,988.9598904547271,0.0,0.0,0.0,0.0,988.9598904547271
2026-08-22T01:30:00Z,2026-08-22T01:45:00Z,2026-08-22,2026-08-22_15,0.0,0,0,100,64.34782608695656,64.34782608695656,0.0,0.0,0.0,True,True,True,False,0.0,988.9598904547271,0.0,0.0,0.0,0.0,988.9598904547271
2026-08-22T01:45:00Z,2026-08-22T02:00:00Z,2026-08-22,2026-08-22_16,0.0,0,0,100,64.34782608695656,64.34782608695656,0.0,0.0,0.0,True,True,True,False,0.0,988.9598904547271,0.0,0.0,0.0,0.0,988.9598904547271
2026-08-22T02:00:00Z,2026-08-22T02:15:00Z,2026-08-22,2026-08-22_17,0.0,0,0,100,64.34782608695656,64.34782608695656,0.0,0.0,0.0,True,True,True,False,0.0,988.9598904547271,0.0,0.0,0.0,0.0,988.9598904547271
2026-08-22T02:15:00Z,2026-08-22T02:30:00Z,2026-08-22,2026-08-22_18,0.0,0,0,100,64.34782608695656,64.34782608695656,0.0,0.0,0.0,True,True,True,False,0.0,988.9598904547271,0.0,0.0,0.0,0.0,988.9598904547271
2026-08-22T02:30:00Z,2026-08-22T02:45:00Z,2026-08-22,2026-08-22_19,0.0,0,0,100,64.34782608695656,64.34782608695656,0.0,0.0,0.0,True,True,True,False,0.0,988.9598904547271,0.0,0.0,0.0,0.0,988.9598904547271
2026-08-22T02:45:00Z,2026-08-22T03:00:00Z,2026-08-22,2026-08-22_20,0.0,0,0,100,64.34782608695656,64.34782608695656,0.0,0.0,0.0,True,True,True,False,0.0,988.9598904547271,0.0,0.0,0.0,0.0,988.9598904547271
2026-08-22T03:00:00Z,2026-08-22T03:15:00Z,2026-08-22,2026-08-22_21,0.0,0,0,100,64.34782608695656,64.34782608695656,0.0,0.0,0.0,True,True,True,False,0.0,988.9598904547271,0.0,0.0,0.0,0.0,988.9598904547271
2026-08-22T03:15:00Z,2026-08-22T03:30:00Z,2026-08-22,2026-08-22_22,0.0,0,0,100,64.34782608695656,64.34782608695656,0.0,0.0,0.0,True,True,True,False,0.0,988.9598904547271,0.0,0.0,0.0,0.0,988.9598904547271
2026-08-22T03:30:00Z,2026-08-22T03:45:00Z,2026-08-22,2026-08-22_23,0.0,0,0,100,64.34782608695656,64.34782608695656,0.0,0.0,0.0,True,True,True,False,0.0,988.9598904547271,0.0,0.0,0.0,0.0,988.9598904547271
2026-08-22T03:45:00Z,2026-08-22T04:00:00Z,2026-08-22,2026-08-22_24,0.0,0,0,100,64.34782608695656,64.34782608695656,0.0,0.0,0.0,True,True,True,False,0.0,988.9598904547271,0.0,0.0,0.0,0.0,988.9598904547271
2026-08-22T04:00:00Z,2026-08-22T04:15:00Z,2026-08-22,2026-08-22_25,0.0,0,0,100,64.34782608695656,64.34782608695656,0.0,0.0,0.0,True,True,True,False,0.0,988.9598904547271,0.0,0.0,0.0,0.0,988.9598904547271
2026-08-22T04:15:00Z,2026-08-22T04:30:00Z,2026-08-22,2026-08-22_26,0.0,0,0,100,64.34782608695656,64.34782608695656,0.0,0.0,0.0,True,True,True,False,0.0,988.9598904547271,0.0,0.0,0.0,0.0,988.9598904547271
2026-08-22T04:30:00Z,2026-08-22T04:45:00Z,2026-08-22,2026-08-22_27,0.0,0,0,100,64.34782608695656,64.34782608695656,0.0,0.0,0.0,True,True,True,False,0.0,988.9598904547271,0.0,0.0,0.0,0.0,988.9598904547271
2026-08-22T04:45:00Z,2026-08-22T05:00:00Z,2026-08-22,2026-08-22_28,0.0,0,0,100,64.34782608695656,64.34782608695656,0.0,0.0,0.0,True,True,True,False,0.0,988.9598904547271,0.0,0.0,0.0,0.0,988.9598904547271
2026-08-22T05:00:00Z,2026-08-22T05:15:00Z,2026-08-22,2026-08-22_29,0.0,6,6,94,64.34782608695656,63.51844720496898,0.002303830227743271,0.7630285714285714,0.0,True,True,True,False,0.0,929.6222970274434,6.136246933302904,0.26530495806470017,179.24445353699193,0.0,1115.268302455803
2026-08-22T05:15:00Z,2026-08-22T05:30:00Z,2026-08-22,2026-08-22_30,0.0,6,6,94,63.51844720496898,63.17331677018637,0.0009586956521739128,0.31751999999999997,0.0,True,True,True,False,0.0,929.6222970274434,6.136246933302904,0.26530495806470017,66.22804998003082,0.0,1002.2518988988419
2026-08-22T05:30:00Z,2026-08-22T05:45:00Z,2026-08-22,2026-08-22_31,0.0,6,6,94,63.17331677018637,63.163952715527984,5.3698881987577644e-05,0.0132,0.005417142857142857,True,True,True,False,0.0,929.6222970274434,6.136246933302904,0.26530495806470017,2.19517749757517,-0.4131291313809714,937.8058972850052
2026-08-22T05:45:00Z,2026-08-22T06:00:00Z,2026-08-22,2026-08-22_32,0.0,6,6,94,63.163952715527984,63.34538454658389,0.000507496977225673,0.0005828571428571429,0.19789714285714288,True,True,True,False,0.0,929.6222970274434,6.136246933302904,0.26530495806470017,0.09422197589025912,-6.662623707096808,929.4554471876045
2026-08-22T06:00:00Z,2026-08-22T06:15:00Z,2026-08-22,2026-08-22_33,3.999999999999984,2,6,94,63.34538454658389,62.36018387080749,0.002928203781918554,0.01305142857142857,0.11242285714285713,True,True,True,False,147.3199999999994,929.6222970274434,2.0745136075768813,0.6435784789182404,2.309100810450271,-3.096637044885849,1078.8728528795025
2026-08-22T06:15:00Z,2026-08-22T06:30:00Z,2026-08-22,2026-08-22_34,3.999999999999984,2,6,94,62.36018387080749,61.22433293913048,0.003155141476880595,0.044982857142857144,0.0,True,True,True,False,137.99999999999946,929.6222970274434,2.0745136075768813,0.6435784789182404,8.57896940720032,0.0,1078.9193585211383
2026-08-22T06:30:00Z,2026-08-22T06:45:00Z,2026-08-22,2026-08-22_35,0.5029550095253845,2,6,94,61.22433293913048,61.08695652173917,0.0004008669932916675,0.004182857142857143,0.004114285714285714,True,True,True,False,15.655732059001407,929.6222970274434,2.0745136075768813,0.6435784789182404,0.7106100008965759,-0.2347398707300573,948.4719913031065
2026-08-22T06:45:00Z,2026-08-22T07:00:00Z,2026-08-22,2026-08-22_36,0.1219168024468594,2,6,94,61.08695652173917,61.20591845962737,0.0004980650661988143,0.00064,0.16546285714285713,True,True,True,False,3.129909110816998,929.6222970274434,2.0745136075768813,0.6435784789182404,0.07303018200490673,0.8038547547049858,936.3471831614654
2026-08-22T07:00:00Z,2026-08-22T07:15:00Z,2026-08-22,2026-08-22_37,1.0,5,6,94,61.20591845962737,61.08695652173917,0.0010210339544513456,0.0008285714285714286,0.16213714285714287,True,True,True,False,27.6875,929.6222970274434,5.143492896673704,0.24134192959434012,0.0945480034884953,-4.954678707952629,957.8345011492473
2026-08-22T07:15:00Z,2026-08-22T07:30:00Z,2026-08-22,2026-08-22_38,0.03866273346659207,5,6,94,61.08695652173917,61.08695652173917,8.56615777880543e-05,0.004628571428571429,0.016868571428571427,True,True,True,False,0.9533263504524939,929.6222970274434,5.143492896673704,0.24134192959434012,0.5020821752561355,-0.9716599988589033,935.4908803805612
2026-08-22T07:30:00Z,2026-08-22T07:45:00Z,2026-08-22,2026-08-22_39,0.606279993353036,5,6,94,61.08695652173917,61.08695652173917,0.0008079758324115822,0.0,0.17585142857142855,True,True,True,False,12.884965558735397,929.6222970274434,5.143492896673704,0.24134192959434012,0.0,-9.144267596932078,938.7478298155148
2026-08-22T07:45:00Z,2026-08-22T08:00:00Z,2026-08-22,2026-08-22_40,0.0,5,6,94,61.08695652173917,61.333116978882025,0.0006837790476190477,0.0,0.2675657142857143,True,True,True,False,0.0,929.6222970274434,5.143492896673704,0.24134192959434012,0.0,1.6133529167244007,936.6204847704358
2026-08-22T08:00:00Z,2026-08-22T08:15:00Z,2026-08-22,2026-08-22_41,2.0,4,6,94,61.333116978882025,61.37476241490687,0.0019278280745341615,0.0,0.5997257142857143,True,True,True,False,40.445,929.6222970274434,3.798710560848976,0.29782621098876016,0.0,9.538172074106075,983.7020058733873
2026-08-22T08:15:00Z,2026-08-22T08:30:00Z,2026-08-22,2026-08-22_42,1.9106446175292675,4,6,94,61.37476241490687,61.08695652173917,0.00162774351947344,0.0,0.23777142857142858,True,True,True,False,33.23088651037778,929.6222970274434,3.798710560848976,0.29782621098876016,0.0,-6.976455460554736,959.9732648491042
2026-08-22T08:30:00Z,2026-08-22T08:45:00Z,2026-08-22,2026-08-22_43,0.2568146308753584,4,6,94,61.08695652173917,61.08695652173917,0.00038948642263298945,0.003702857142857143,0.07961142857142857,True,True,True,False,2.641338478553061,929.6222970274434,3.798710560848976,0.29782621098876016,0.39949251848168954,-4.558719885238285,932.2009449110776
2026-08-22T08:45:00Z,2026-08-22T09:00:00Z,2026-08-22,2026-08-22_44,0.4351872059592353,4,6,94,61.08695652173917,61.141975632298184,0.000728395225328016,0.0,0.18589714285714284,True,True,True,False,2.304316255554151,929.6222970274434,3.798710560848976,0.29782621098876016,0.0,-5.374545512637645,930.6486045421976
2026-08-22T09:00:00Z,2026-08-22T09:15:00Z,2026-08-22,2026-08-22_45,0.0,6,4,94,61.141975632298184,61.14870467577645,3.504789510006902e-05,0.0027085714285714287,0.010514285714285716,True,True,True,False,0.0,929.6222970274434,5.698065841273463,1.6317681291721344,0.2852739071962442,-0.6698780385092932,936.567526866576
2026-08-22T09:15:00Z,2026-08-22T09:30:00Z,2026-08-22,2026-08-22_46,0.0,6,4,94,61.14870467577645,61.08695652173919,0.00018168645962732917,0.05849142857142857,0.0019885714285714285,True,True,True,False,0.0,929.6222970274434,5.698065841273463,1.6317681291721344,6.607603628687168,-0.12954173234764324,943.4301928942285
2026-08-22T09:30:00Z,2026-08-22T09:45:00Z,2026-08-22,2026-08-22_47,-2.0000000000003424,6,4,94,61.08695652173919,61.54357032546598,0.0012934924499657101,0.006239999999999999,0.003314285714285714,True,True,True,False,-5.505000000000942,929.6222970274434,5.698065841273463,1.6317681291721344,0.6621620128943915,-0.22517615542822364,931.8841168553543
2026-08-22T09:45:00Z,2026-08-22T10:00:00Z,2026-08-22,2026-08-22_48,-1.12145315548389,6,4,94,61.54357032546598,61.256049356689125,0.0017380739963242398,0.5166514285714287,0.0,True,True,True,False,-1.9541321234306783,929.6222970274434,5.698065841273463,1.6317681291721344,85.93711087383548,0.0,1020.9351097482938
2026-08-22T10:00:00Z,2026-08-22T10:15:00Z,2026-08-22,2026-08-22_49,0.6222616326157655,0,0,94,61.256049356689125,61.08695652173919,0.00046970231930537853,0.0,0.0,True,False,True,False,0.46980753262490293,929.6222970274434,0.0,0.0,0.0,0.0,930.0921045600684
2026-08-22T10:15:00Z,2026-08-22T10:30:00Z,2026-08-22,2026-08-22_50,-5.044919513907418,0,0,94,61.08695652173919,62.2472880099379,0.0032231430227741835,0.0,0.0,True,False,True,False,-1.2107806833377803,929.6222970274434,0.0,0.0,0.0,0.0,928.4115163441056
2026-08-22T10:30:00Z,2026-08-22T10:45:00Z,2026-08-22,2026-08-22_51,-6.000000000000021,0,0,94,62.2472880099379,63.6272880099379,0.0038333333333333474,0.0,0.0,True,False,True,False,-0.015000000000000053,929.6222970274434,0.0,0.0,0.0,0.0,929.6072970274435
2026-08-22T10:45:00Z,2026-08-22T11:00:00Z,2026-08-22,2026-08-22_52,-6.0,0,0,94,63.6272880099379,65.0072880099379,0.0038333333333333336,0.0,0.0,True,False,True,False,-0.0,929.6222970274434,0.0,0.0,0.0,0.0,929.6222970274434
2026-08-22T11:00:00Z,2026-08-22T11:15:00Z,2026-08-22,2026-08-22_53,-100.0,100,0,0,65.0072880099379,75.63775658136646,0.029529079365079362,13.445142857142859,0.0,True,True,True,False,-0.0,0.0,94.93923660637874,0.0,2180.5699415595536,0.0,2275.5091781659326
2026-08-22T11:15:00Z,2026-08-22T11:30:00Z,2026-08-22,2026-08-22_54,-100.0,100,0,0,75.63775658136646,96.67368800993789,0.05843314285714286,2.134857142857143,0.0,True,True,True,False,-0.0,0.0,94.93923660637874,0.0,279.3621413492652,0.0,374.30137795564394
2026-08-22T11:30:00Z,2026-08-22T11:45:00Z,2026-08-22,2026-08-22_55,-100.0,100,0,0,96.67368800993789,101.65483086708075,0.013836507936507942,19.585714285714285,0.0,True,True,True,False,-0.0,0.0,94.93923660637874,0.0,3652.6587958170658,0.0,3747.5980324234447
2026-08-22T11:45:00Z,2026-08-22T12:00:00Z,2026-08-22,2026-08-22_56,-100.0,100,0,0,101.65483086708075,108.10587086708075,0.01791955555555556,17.988,0.0,True,True,True,False,-0.0,0.0,94.93923660637874,0.0,3185.9741039538994,0.0,3280.9133405602784
2026-08-22T12:00:00Z,2026-08-22T12:15:00Z,2026-08-22,2026-08-22_57,-82.00000000000006,100,18,0,108.10587086708075,119.75850363229816,0.04061438708074536,7.586285714285715,0.0,True,True,True,False,-0.0,0.0,94.93923660637874,7.337821646602385,1138.5416111740528,0.0,1240.818669427034
2026-08-22T12:15:00Z,2026-08-22T12:30:00Z,2026-08-22,2026-08-22_58,-82.00000000000006,100,18,0,119.75850363229816,121.98336151055904,0.025212458909592804,17.50971428571429,0.0,True,True,True,False,-0.0,0.0,94.93923660637874,7.337821646602385,3267.7540499963325,0.0,3370.0311082493135
2026-08-22T12:30:00Z,2026-08-22T12:45:00Z,2026-08-22,2026-08-22_59,-82.00000000000006,100,18,0,121.98336151055904,134.8938633540373,0.04266933741890961,6.2622857142857145,0.0,True,True,True,False,-0.0,0.0,94.93923660637874,7.337821646602385,870.6400531424986,0.0,972.9171113954797
2026-08-22T12:45:00Z,2026-08-22T13:00:00Z,2026-08-22,2026-08-22_60,-82.00000000000006,100,18,0,134.8938633540373,146.75659337142864,0.040957617888198766,7.365142857142856,0.0,True,True,True,False,-0.20500000000000015,0.0,94.93923660637874,7.337821646602385,1025.591345380053,0.0,1127.6634036330342
2026-08-22T13:00:00Z,2026-08-22T13:15:00Z,2026-08-22,2026-08-22_61,-0.999999999999995,6,5,94,146.75659337142864,146.7201710111802,0.0011781573498964785,0.25422857142857147,0.0030857142857142854,True,True,True,False,-0.19499999999999904,929.6222970274434,5.591943858047584,1.0797626519084842,35.76001587754404,-0.18203196700600704,971.6769874479376
2026-08-22T13:15:00Z,2026-08-22T13:30:00Z,2026-08-22,2026-08-22_62,-0.6463740596397266,6,5,94,146.7201710111802,146.75037328423835,0.0006820677631493724,0.11101714285714287,0.00022857142857142857,True,True,True,False,-0.6011278754649457,929.6222970274434,5.591943858047584,1.0797626519084842,14.779483083243,-0.01738813857259684,950.454970606605
2026-08-22T13:30:00Z,2026-08-22T13:45:00Z,2026-08-22,2026-08-22_63,-0.5658624894190357,6,5,94,146.75037328423835,146.76000000000002,0.0006862254052287343,0.12058285714285713,0.0094,True,True,True,False,-0.9959179813775029,929.6222970274434,5.591943858047584,1.0797626519084842,18.120612305911695,-0.5792420836423804,952.8394557782913
2026-08-22T13:45:00Z,2026-08-22T14:00:00Z,2026-08-22,2026-08-22_64,-0.5840068875890836,6,5,94,146.76000000000002,146.76000000000002,0.0006838205244414457,0.12545142857142857,0.0,True,True,True,False,-1.4512571156588727,929.6222970274434,5.591943858047584,1.0797626519084842,17.26446522182103,0.0,952.1072116435616
2026-08-22T14:00:00Z,2026-08-22T14:15:00Z,2026-08-22,2026-08-22_65,-99.99999999999997,27,0,0,146.76000000000002,169.46859131428573,0.0630794203174603,0.31674857142857143,0.0,True,True,True,False,-359.2499999999999,0.0,25.317795401380724,0.0,43.15692508700862,0.0,-290.77527951161056
2026-08-22T14:15:00Z,2026-08-22T14:30:00Z,2026-08-22,2026-08-22_66,-89.35894857142861,27,0,0,169.46859131428573,190.00000000000003,0.05703169079365082,0.022988571428571428,0.0,True,True,True,False,-730.7328019428575,0.0,25.317795401380724,0.0,3.0604210646431222,0.0,-702.3545854768336
2026-08-22T14:30:00Z,2026-08-22T14:45:00Z,2026-08-22,2026-08-22_67,0.33963194514315004,27,0,0,190.00000000000003,189.88104411428566,0.00033043301587323696,0.024531428571428572,0.0,True,True,True,False,7.370862289469214,0.0,25.317795401380724,0.0,3.265818451531923,0.0,35.954476142381864
2026-08-22T14:45:00Z,2026-08-22T15:00:00Z,2026-08-22,2026-08-22_68,73.0,27,0,0,189.88104411428566,168.84149753043474,0.058443184955141475,1.1063828571428571,0.0,True,True,True,False,2550.0724999999998,0.0,25.317795401380724,0.0,196.4753819103587,0.0,2771.865677311739
2026-08-22T15:00:00Z,2026-08-22T15:15:00Z,2026-08-22,2026-08-22_69,-100.0,69,0,0,168.84149753043474,189.9138819875776,0.058534401269841274,2.095234285714286,0.0,True,True,True,False,-1657.2500000000002,0.0,72.1612369487077,0.0,320.3822463366725,0.0,-1264.70651671462
2026-08-22T15:15:00Z,2026-08-22T15:30:00Z,2026-08-22,2026-08-22_70,31.0,69,0,0,189.9138819875776,178.4372546583851,0.03187952035886818,2.808497142857143,0.0,True,True,True,False,1079.4975,0.0,72.1612369487077,0.0,589.5168019952889,0.0,1741.1755389439966
2026-08-22T15:30:00Z,2026-08-22T15:45:00Z,2026-08-22,2026-08-22_71,31.0,69,0,0,178.4372546583851,163.16005590062113,0.04243666321601104,6.305022857142856,0.0,True,True,True,False,1444.135,0.0,72.1612369487077,0.0,1567.291192713283,0.0,3083.5874296619904
2026-08-22T15:45:00Z,2026-08-22T16:00:00Z,2026-08-22,2026-08-22_72,31.0,69,0,0,163.16005590062113,144.0,0.05322237750172533,9.877251428571428,0.0,True,True,True,False,1478.9325000000001,0.0,72.1612369487077,0.0,2667.01192131976,0.0,4218.105658268468
2026-08-22T16:00:00Z,2026-08-22T16:15:00Z,2026-08-22,2026-08-22_73,0.0,0,0,100,144.0,144.0,0.0,0.0,0.0,True,True,True,False,0.0,988.9598904547271,0.0,0.0,0.0,0.0,988.9598904547271
2026-08-22T16:15:00Z,2026-08-22T16:30:00Z,2026-08-22,2026-08-22_74,0.0,0,0,100,144.0,144.0,0.0,0.0,0.0,True,True,True,False,0.0,988.9598904547271,0.0,0.0,0.0,0.0,988.9598904547271
2026-08-22T16:30:00Z,2026-08-22T16:45:00Z,2026-08-22,2026-08-22_75,0.0,0,0,100,144.0,144.0,0.0,0.0,0.0,True,True,True,False,0.0,988.9598904547271,0.0,0.0,0.0,0.0,988.9598904547271
2026-08-22T16:45:00Z,2026-08-22T17:00:00Z,2026-08-22,2026-08-22_76,0.0,0,0,100,144.0,144.0,0.0,0.0,0.0,True,True,True,False,0.0,988.9598904547271,0.0,0.0,0.0,0.0,988.9598904547271
2026-08-22T17:00:00Z,2026-08-22T17:15:00Z,2026-08-22,2026-08-22_77,47.0,0,47,53,144.0,134.0208198757764,0.027719944789510002,0.0,2.5691542857142857,True,True,True,False,2436.0099999999998,524.1487419410054,0.0,2.3195641011011583,0.0,-113.71980501810812,2848.758501023998
2026-08-22T17:15:00Z,2026-08-22T17:30:00Z,2026-08-22,2026-08-22_78,47.0,0,47,53,134.0208198757764,121.27885714285713,0.035394340924775704,0.0,0.02739428571428571,True,True,True,False,2414.5075,524.1487419410054,0.0,2.3195641011011583,0.0,-2.089178328945545,2938.886627713161
2026-08-22T17:30:00Z,2026-08-22T17:45:00Z,2026-08-22,2026-08-22_79,47.0,0,47,53,121.27885714285713,110.16496273291925,0.030871928916494127,0.0,1.525217142857143,True,True,True,False,2398.0575,524.1487419410054,0.0,2.3195641011011583,0.0,-61.224207735004775,2863.301598307102
2026-08-22T17:45:00Z,2026-08-22T18:00:00Z,2026-08-22,2026-08-22_80,45.66776027850156,0,47,53,110.16496273291925,98.18744844720496,0.03332873197551108,0.0,0.3993657142857143,True,True,True,False,2237.149406643095,524.1487419410054,0.0,2.3195641011011583,0.0,-17.116346191318428,2746.5013664938833
2026-08-22T18:00:00Z,2026-08-22T18:15:00Z,2026-08-22,2026-08-22_81,0.0,100,100,0,98.18744844720496,73.57875279503105,0.06835748792270532,22.64,0.0,True,True,True,False,0.0,0.0,86.63775888628973,4.935242768300337,26383.584990776137,0.0,26475.157992430726
2026-08-22T18:15:00Z,2026-08-22T18:30:00Z,2026-08-22,2026-08-22_82,0.0,100,100,0,73.57875279503105,66.2138951552795,0.021854001380262247,7.006857142857142,0.27314285714285713,True,True,True,False,0.0,0.0,86.63775888628973,4.935242768300337,1761.166300265984,-17.768389342157814,1834.9709125784163
2026-08-22T18:30:00Z,2026-08-22T18:45:00Z,2026-08-22,2026-08-22_83,0.0,100,100,0,66.2138951552795,64.24533465838509,0.005494509316770186,1.8154285714285714,0.005142857142857143,True,True,True,False,0.0,0.0,86.63775888628973,4.935242768300337,349.32214102323763,-0.3922112006781374,440.50293147714956
2026-08-22T18:45:00Z,2026-08-22T19:00:00Z,2026-08-22,2026-08-22_84,0.0,100,100,0,64.24533465838509,64.34782608695652,0.0007608888888888889,0.07885714285714286,0.20457142857142857,True,True,True,False,0.0,0.0,86.63775888628973,4.935242768300337,12.791156175370247,-15.601289982530355,88.76286784742996
2026-08-22T19:00:00Z,2026-08-22T19:15:00Z,2026-08-22,2026-08-22_85,0.0,0,0,100,64.34782608695652,64.34782608695652,0.0,0.0,0.0,True,True,True,False,0.0,988.9598904547271,0.0,0.0,0.0,0.0,988.9598904547271
2026-08-22T19:15:00Z,2026-08-22T19:30:00Z,2026-08-22,2026-08-22_86,-2.23457053758675e-14,0,0,100,64.34782608695652,64.34782608695652,1.427642287902646e-17,0.0,0.0,True,True,True,False,-1.0481253106550651e-12,988.9598904547271,0.0,0.0,0.0,0.0,988.9598904547261
2026-08-22T19:30:00Z,2026-08-22T19:45:00Z,2026-08-22,2026-08-22_87,0.0,0,0,100,64.34782608695652,64.34782608695652,0.0,0.0,0.0,True,True,True,False,0.0,988.9598904547271,0.0,0.0,0.0,0.0,988.9598904547271
2026-08-22T19:45:00Z,2026-08-22T20:00:00Z,2026-08-22,2026-08-22_88,6.195239467385429e-14,0,0,100,64.34782608695652,64.3478260869565,4.6763582936182275e-17,0.0,0.0,True,True,True,False,2.8330830084353564e-12,988.9598904547271,0.0,0.0,0.0,0.0,988.9598904547299
2026-08-22T20:00:00Z,2026-08-22T20:15:00Z,2026-08-22,2026-08-22_89,17.0,83,100,0,64.3478260869565,55.49138181366458,0.025049697584541064,3.9901657142857143,0.10571428571428572,True,True,True,False,875.5,0.0,86.77896958977577,4.935242768300337,892.278336093157,-7.66556741028128,1851.8269810409518
2026-08-22T20:15:00Z,2026-08-22T20:30:00Z,2026-08-22,2026-08-22_90,17.0,83,100,0,55.49138181366458,44.6133072795031,0.03021687370600414,5.757828571428571,0.0,True,True,True,False,861.56,0.0,86.77896958977577,4.935242768300337,1426.4141242545513,0.0,2379.688336612627
2026-08-22T20:30:00Z,2026-08-22T20:45:00Z,2026-08-22,2026-08-22_91,17.0,83,100,0,44.6133072795031,28.282493614906823,0.0453633712905452,10.774348571428572,0.0,True,True,True,False,859.9875,0.0,86.77896958977577,4.935242768300337,3237.917043754534,0.0,4189.61875611261
2026-08-22T20:45:00Z,2026-08-22T21:00:00Z,2026-08-22,2026-08-22_92,17.0,83,100,0,28.282493614906823,10.4112824347826,0.04964225327812284,12.191514285714286,0.0,True,True,True,False,840.4375,0.0,86.77896958977577,4.935242768300337,3839.39839433038,0.0,4771.550106688456
2026-08-22T21:00:00Z,2026-08-22T21:15:00Z,2026-08-23,2026-08-22_93,0.0,0,0,0,10.4112824347826,10.4112824347826,0.0,0.0,0.0,True,False,True,False,0.0,0.0,0.0,0.0,0.0,0.0,0.0
2026-08-22T21:15:00Z,2026-08-22T21:30:00Z,2026-08-23,2026-08-22_94,0.0,0,0,0,10.4112824347826,10.4112824347826,0.0,0.0,0.0,True,False,True,False,0.0,0.0,0.0,0.0,0.0,0.0,0.0
2026-08-22T21:30:00Z,2026-08-22T21:45:00Z,2026-08-23,2026-08-22_95,0.0,0,0,0,10.4112824347826,10.4112824347826,0.0,0.0,0.0,True,False,True,False,0.0,0.0,0.0,0.0,0.0,0.0,0.0
2026-08-22T21:45:00Z,2026-08-22T22:00:00Z,2026-08-23,2026-08-22_96,7.723290606088045e-15,0,0,0,10.4112824347826,10.411282434782597,5.82977853720414e-18,0.0,0.0,True,False,True,False,3.7985074023392524e-13,0.0,0.0,0.0,0.0,0.0,3.7985074023392524e-13
2026-08-22T22:00:00Z,2026-08-22T22:15:00Z,2026-08-23,2026-08-23_1,-100.0,100,0,0,10.411282434782597,12.827465291925453,0.006711619047619042,22.37371428571429,0.0,True,True,True,False,-4988.0,0.0,103.72568037884407,0.0,17899.345876919153,0.0,13015.071557297997
2026-08-22T22:15:00Z,2026-08-22T22:30:00Z,2026-08-23,2026-08-23_2,-100.0,100,0,0,12.827465291925453,25.110253863354025,0.034118857142857145,11.649142857142856,0.0,True,True,True,False,-4861.75,0.0,103.72568037884407,0.0,3321.9940952054917,0.0,-1436.0302244156642
2026-08-22T22:30:00Z,2026-08-22T22:45:00Z,2026-08-23,2026-08-23_3,-70.60271153119095,100,0,0,25.110253863354025,41.348877515527946,0.04510728792270533,0.0,0.0,True,True,True,False,-3356.4529061928174,0.0,103.72568037884407,0.0,0.0,0.0,-3252.7272258139733
2026-08-22T22:45:00Z,2026-08-22T23:00:00Z,2026-08-23,2026-08-23_4,-100.00000000000001,100,0,0,41.348877515527946,64.34782608695652,0.06388596825396826,0.001142857142857143,0.0,True,True,True,False,-4579.000000000001,0.0,103.72568037884407,0.0,0.1847489723338414,0.0,-4475.089570648823
2026-08-22T23:00:00Z,2026-08-22T23:15:00Z,2026-08-23,2026-08-23_5,0.0,0,0,100,64.34782608695652,64.34782608695652,0.0,0.0,0.0,True,True,True,False,0.0,988.9598904547271,0.0,0.0,0.0,0.0,988.9598904547271
2026-08-22T23:15:00Z,2026-08-22T23:30:00Z,2026-08-23,2026-08-23_6,0.0,0,0,100,64.34782608695652,64.34782608695652,0.0,0.0,0.0,True,True,True,False,0.0,988.9598904547271,0.0,0.0,0.0,0.0,988.9598904547271
2026-08-22T23:30:00Z,2026-08-22T23:45:00Z,2026-08-23,2026-08-23_7,0.0,0,0,100,64.34782608695652,64.34782608695652,0.0,0.0,0.0,True,True,True,False,0.0,988.9598904547271,0.0,0.0,0.0,0.0,988.9598904547271
2026-08-22T23:45:00Z,2026-08-23T00:00:00Z,2026-08-23,2026-08-23_8,0.0,0,0,100,64.34782608695652,64.34782608695652,0.0,0.0,0.0,True,True,True,False,0.0,988.9598904547271,0.0,0.0,0.0,0.0,988.9598904547271
2026-08-23T00:00:00Z,2026-08-23T00:15:00Z,2026-08-23,2026-08-23_9,0.0,0,0,100,64.34782608695652,64.34782608695652,0.0,0.0,0.0,True,True,True,False,0.0,988.9598904547271,0.0,0.0,0.0,0.0,988.9598904547271
2026-08-23T00:15:00Z,2026-08-23T00:30:00Z,2026-08-23,2026-08-23_10,0.0,0,0,100,64.34782608695652,64.34782608695652,0.0,0.0,0.0,True,True,True,False,0.0,988.9598904547271,0.0,0.0,0.0,0.0,988.9598904547271
2026-08-23T00:30:00Z,2026-08-23T00:45:00Z,2026-08-23,2026-08-23_11,0.0,0,0,100,64.34782608695652,64.34782608695652,0.0,0.0,0.0,True,True,True,False,0.0,988.9598904547271,0.0,0.0,0.0,0.0,988.9598904547271
2026-08-23T00:45:00Z,2026-08-23T01:00:00Z,2026-08-23,2026-08-23_12,0.0,0,0,100,64.34782608695652,64.34782608695652,0.0,0.0,0.0,True,True,True,False,0.0,988.9598904547271,0.0,0.0,0.0,0.0,988.9598904547271
2026-08-23T01:00:00Z,2026-08-23T01:15:00Z,2026-08-23,2026-08-23_13,0.0,0,0,100,64.34782608695652,64.34782608695652,0.0,0.0,0.0,True,True,True,False,0.0,988.9598904547271,0.0,0.0,0.0,0.0,988.9598904547271
2026-08-23T01:15:00Z,2026-08-23T01:30:00Z,2026-08-23,2026-08-23_14,0.0,0,0,100,64.34782608695652,64.34782608695652,0.0,0.0,0.0,True,True,True,False,0.0,988.9598904547271,0.0,0.0,0.0,0.0,988.9598904547271
2026-08-23T01:30:00Z,2026-08-23T01:45:00Z,2026-08-23,2026-08-23_15,0.0,0,0,100,64.34782608695652,64.34782608695652,0.0,0.0,0.0,True,True,True,False,0.0,988.9598904547271,0.0,0.0,0.0,0.0,988.9598904547271
2026-08-23T01:45:00Z,2026-08-23T02:00:00Z,2026-08-23,2026-08-23_16,0.0,0,0,100,64.34782608695652,64.34782608695652,0.0,0.0,0.0,True,True,True,False,0.0,988.9598904547271,0.0,0.0,0.0,0.0,988.9598904547271
2026-08-23T02:00:00Z,2026-08-23T02:15:00Z,2026-08-23,2026-08-23_17,0.0,0,0,100,64.34782608695652,64.34782608695652,0.0,0.0,0.0,True,True,True,False,0.0,988.9598904547271,0.0,0.0,0.0,0.0,988.9598904547271
2026-08-23T02:15:00Z,2026-08-23T02:30:00Z,2026-08-23,2026-08-23_18,0.0,0,0,100,64.34782608695652,64.34782608695652,0.0,0.0,0.0,True,True,True,False,0.0,988.9598904547271,0.0,0.0,0.0,0.0,988.9598904547271
2026-08-23T02:30:00Z,2026-08-23T02:45:00Z,2026-08-23,2026-08-23_19,0.0,0,0,100,64.34782608695652,64.34782608695652,0.0,0.0,0.0,True,True,True,False,0.0,988.9598904547271,0.0,0.0,0.0,0.0,988.9598904547271
2026-08-23T02:45:00Z,2026-08-23T03:00:00Z,2026-08-23,2026-08-23_20,0.0,0,0,100,64.34782608695652,64.34782608695652,0.0,0.0,0.0,True,True,True,False,0.0,988.9598904547271,0.0,0.0,0.0,0.0,988.9598904547271
2026-08-23T03:00:00Z,2026-08-23T03:15:00Z,2026-08-23,2026-08-23_21,0.0,0,0,100,64.34782608695652,64.34782608695652,0.0,0.0,0.0,True,True,True,False,0.0,988.9598904547271,0.0,0.0,0.0,0.0,988.9598904547271
2026-08-23T03:15:00Z,2026-08-23T03:30:00Z,2026-08-23,2026-08-23_22,0.0,0,0,100,64.34782608695652,64.34782608695652,0.0,0.0,0.0,True,True,True,False,0.0,988.9598904547271,0.0,0.0,0.0,0.0,988.9598904547271
2026-08-23T03:30:00Z,2026-08-23T03:45:00Z,2026-08-23,2026-08-23_23,0.0,0,0,100,64.34782608695652,64.34782608695652,0.0,0.0,0.0,True,True,True,False,0.0,988.9598904547271,0.0,0.0,0.0,0.0,988.9598904547271
2026-08-23T03:45:00Z,2026-08-23T04:00:00Z,2026-08-23,2026-08-23_24,0.0,0,0,100,64.34782608695652,64.34782608695652,0.0,0.0,0.0,True,True,True,False,0.0,988.9598904547271,0.0,0.0,0.0,0.0,988.9598904547271
2026-08-23T04:00:00Z,2026-08-23T04:15:00Z,2026-08-23,2026-08-23_25,8.0,15,23,77,64.34782608695652,60.52652173913043,0.010614734299516908,1.5155999999999998,0.0,True,True,True,False,286.22,761.4991156501397,15.186569293090662,1.0170023392480172,384.9155896616648,0.0,1448.8382769441432
2026-08-23T04:15:00Z,2026-08-23T04:30:00Z,2026-08-23,2026-08-23_26,8.0,15,23,77,60.52652173913043,56.941770186335404,0.009957643202208419,1.2979714285714288,0.0,True,True,True,False,270.54,761.4991156501397,15.186569293090662,1.0170023392480172,289.0582692335907,0.0,1337.3009565160692
2026-08-23T04:30:00Z,2026-08-23T04:45:00Z,2026-08-23,2026-08-23_27,8.0,15,23,77,56.941770186335404,54.42295031055901,0.00699672187715666,0.3173142857142857,0.0,True,True,True,False,260.76,761.4991156501397,15.186569293090662,1.0170023392480172,55.266069297166005,0.0,1093.7287565796444
2026-08-23T04:45:00Z,2026-08-23T05:00:00Z,2026-08-23,2026-08-23_28,8.0,15,23,77,54.42295031055901,52.010278956521745,0.00675531249137336,0.23408571428571429,0.016034285714285713,True,True,True,False,239.96,761.4991156501397,15.186569293090662,1.0170023392480172,36.28174980642112,-1.2228273656698372,1052.7216097232297
2026-08-23T05:00:00Z,2026-08-23T05:15:00Z,2026-08-23,2026-08-23_29,0.0,32,32,68,52.010278956521745,47.43212378633541,0.012728312933057278,4.21376,0.002194285714285714,True,True,True,False,0.0,672.4927255092144,32.72665031094882,1.4149597763450676,1025.0060754721287,-0.16734344562267195,1731.4730676230145
2026-08-23T05:15:00Z,2026-08-23T05:30:00Z,2026-08-23,2026-08-23_30,3.9523939676655573e-13,32,32,68,47.43212378633541,47.08480365714276,0.0009918816287097529,0.32402285714285717,0.005302857142857143,True,True,True,False,1.1065715010971643e-11,672.4927255092144,32.72665031094882,1.4149597763450676,57.464342333325185,-0.40441332692145726,763.6942646029231
2026-08-23T05:30:00Z,2026-08-23T05:45:00Z,2026-08-23,2026-08-23_31,3.9523939676655573e-13,32,32,68,47.08480365714276,47.04714144596253,0.00029621090407206936,0.06637714285714286,0.03748571428571428,True,True,True,False,9.880984919163893e-12,672.4927255092144,32.72665031094882,1.4149597763450676,11.390974656244651,-2.858783862720646,715.1665263900422
2026-08-23T05:45:00Z,2026-08-23T06:00:00Z,2026-08-23,2026-08-23_32,9.265467550331956e-13,32,32,68,47.04714144596253,47.95351914534116,0.002671200993789356,0.02541714285714286,1.015222857142857,True,True,True,False,1.862127340927965e-11,672.4927255092144,32.72665031094882,1.4149597763450676,4.108817144704633,13.220236254812303,723.9633889960439
2026-08-23T06:00:00Z,2026-08-23T06:15:00Z,2026-08-23,2026-08-23_33,100.0,0,100,0,47.95351914534116,25.586438399999547,0.06213077984817115,0.0,4.422285714285714,True,True,True,False,2868.5,0.0,0.0,27.18662634792035,0.0,-35.453306707746144,2860.233319640174
2026-08-23T06:15:00Z,2026-08-23T06:30:00Z,2026-08-23,2026-08-23_34,99.37485173405581,0,100,0,25.586438399999547,9.999999999999027,0.04363161491574442,0.0,10.514285714285714,True,True,True,False,2260.2810026910993,0.0,0.0,27.18662634792035,0.0,519.4874194100531,2806.955048449073
2026-08-23T06:30:00Z,2026-08-23T06:45:00Z,2026-08-23,2026-08-23_35,0.0,0,100,0,9.999999999999027,26.385462857141885,0.045515174603174606,0.0,17.810285714285715,True,True,True,False,0.0,0.0,0.0,27.18662634792035,0.0,1056.8601390507708,1084.0467653986912
2026-08-23T06:45:00Z,2026-08-23T07:00:00Z,2026-08-23,2026-08-23_36,0.0,0,100,0,26.385462857141885,46.5376685714276,0.05597834920634921,0.0,21.90457142857143,True,True,True,False,0.0,0.0,0.0,27.18662634792035,0.0,8256.662438197394,8283.849064545315
2026-08-23T07:00:00Z,2026-08-23T07:15:00Z,2026-08-23,2026-08-23_37,-33.00000000000027,0,0,67,46.5376685714276,54.12766857142766,0.021083333333333506,0.0,0.0,True,False,True,False,-51.15000000000042,662.6031266046671,0.0,0.0,0.0,0.0,611.4531266046666
2026-08-23T07:15:00Z,2026-08-23T07:30:00Z,2026-08-23,2026-08-23_38,-33.00000000000027,0,0,67,54.12766857142766,61.71766857142772,0.021083333333333506,0.0,0.0,True,False,True,False,-5.692500000000046,662.6031266046671,0.0,0.0,0.0,0.0,656.9106266046671
2026-08-23T07:30:00Z,2026-08-23T07:45:00Z,2026-08-23,2026-08-23_39,-33.00000000000027,0,0,67,61.71766857142772,69.30766857142778,0.021083333333333506,0.0,0.0,True,False,True,False,-0.742500000000006,662.6031266046671,0.0,0.0,0.0,0.0,661.8606266046671
2026-08-23T07:45:00Z,2026-08-23T08:00:00Z,2026-08-23,2026-08-23_40,-33.00000000000027,0,0,67,69.30766857142778,76.89766857142784,0.021083333333333506,0.0,0.0,True,False,True,False,-7.507500000000062,662.6031266046671,0.0,0.0,0.0,0.0,655.095626604667
2026-08-23T08:00:00Z,2026-08-23T08:15:00Z,2026-08-23,2026-08-23_41,-19.0,19,0,81,76.89766857142784,81.10685257142784,0.01169217777777778,0.1748,0.0,True,True,True,False,-0.38,801.057511268329,18.043875164032638,0.0,23.1076351533824,0.0,841.829021585744
2026-08-23T08:15:00Z,2026-08-23T08:30:00Z,2026-08-23,2026-08-23_42,-19.0,19,0,81,81.10685257142784,85.47685257142784,0.01213888888888889,0.0,0.0,True,True,True,False,-2.2325,801.057511268329,18.043875164032638,0.0,0.0,0.0,816.8688864323616
2026-08-23T08:30:00Z,2026-08-23T08:45:00Z,2026-08-23,2026-08-23_43,-19.0,19,0,81,85.47685257142784,89.8338674285707,0.012102819047619048,0.014114285714285715,0.0,True,True,True,False,-4.655,801.057511268329,18.043875164032638,0.0,1.6745860074388632,0.0,816.1209724398005
2026-08-23T08:45:00Z,2026-08-23T09:00:00Z,2026-08-23,2026-08-23_44,-18.99999999999996,19,0,81,89.8338674285707,94.1869867428564,0.012091998095238072,0.01834857142857143,0.0,True,True,True,False,-8.169999999999984,801.057511268329,18.043875164032638,0.0,2.1288509418122246,0.0,813.0602373741739
2026-08-23T09:00:00Z,2026-08-23T09:15:00Z,2026-08-23,2026-08-23_45,-6.0,6,0,94,94.1869867428564,95.56392708571354,0.0038248342857142856,0.003325714285714286,0.0,True,True,True,False,-0.045,929.6222970274434,5.698065841273463,0.0,0.44274547840474704,0.0,935.7181083471216
2026-08-23T09:15:00Z,2026-08-23T09:30:00Z,2026-08-23,2026-08-23_46,-6.0,6,0,94,95.56392708571354,96.94392708571355,0.0038333333333333336,0.0,0.0,True,True,True,False,-0.09,929.6222970274434,5.698065841273463,0.0,0.0,0.0,935.230362868717
2026-08-23T09:30:00Z,2026-08-23T09:45:00Z,2026-08-23,2026-08-23_47,-6.0,6,0,94,96.94392708571355,98.32392708571356,0.0038333333333333336,0.0,0.0,True,True,True,False,-1.035,929.6222970274434,5.698065841273463,0.0,0.0,0.0,934.2853628687169
2026-08-23T09:45:00Z,2026-08-23T10:00:00Z,2026-08-23,2026-08-23_48,-6.0,6,0,94,98.32392708571356,99.70392708571356,0.0038333333333333336,0.0,0.0,True,True,True,False,-0.0,929.6222970274434,5.698065841273463,0.0,0.0,0.0,935.3203628687169
2026-08-23T10:00:00Z,2026-08-23T10:15:00Z,2026-08-23,2026-08-23_49,-6.0,6,0,94,99.70392708571356,101.06679931428499,0.0037857561904761907,0.018617142857142856,0.0,True,True,True,False,-4.9350000000000005,929.6222970274434,5.698065841273463,0.0,2.1243958301070185,0.0,932.5097586988239
2026-08-23T10:15:00Z,2026-08-23T10:30:00Z,2026-08-23,2026-08-23_50,-6.0,6,0,94,101.06679931428499,102.44679931428499,0.0038333333333333336,0.0,0.0,True,True,True,False,-5.67,929.6222970274434,5.698065841273463,0.0,0.0,0.0,929.6503628687169
2026-08-23T10:30:00Z,2026-08-23T10:45:00Z,2026-08-23,2026-08-23_51,-6.0,6,0,94,102.44679931428499,103.82679931428498,0.0038333333333333336,0.0,0.0,True,True,True,False,-6.57,929.6222970274434,5.698065841273463,0.0,0.0,0.0,928.7503628687169
2026-08-23T10:45:00Z,2026-08-23T11:00:00Z,2026-08-23,2026-08-23_52,-6.0,6,0,94,103.82679931428498,105.20679931428499,0.0038333333333333336,0.0,0.0,True,True,True,False,-6.57,929.6222970274434,5.698065841273463,0.0,0.0,0.0,928.7503628687169
2026-08-23T11:00:00Z,2026-08-23T11:15:00Z,2026-08-23,2026-08-23_53,-6.0,6,0,94,105.20679931428499,106.58449668571356,0.003826937142857143,0.0025028571428571426,0.0,True,True,True,False,-7.050000000000001,929.6222970274434,5.696354196382724,0.0,0.285600176054903,0.0,928.5542513998811
2026-08-23T11:15:00Z,2026-08-23T11:30:00Z,2026-08-23,2026-08-23_54,-6.0,6,0,94,106.58449668571356,107.96399199999927,0.0038319314285714286,0.0005485714285714286,0.0,True,True,True,False,-6.0,929.6222970274434,5.696354196382724,0.0,0.06259729886134863,0.0,929.3812485226875
2026-08-23T11:30:00Z,2026-08-23T11:45:00Z,2026-08-23,2026-08-23_55,-6.0,6,0,94,107.96399199999927,109.32692731428497,0.0037859314285714285,0.01854857142857143,0.0,True,True,True,False,-4.86,929.6222970274434,5.696354196382724,0.0,2.1165711677493504,0.0,932.5752223915755
2026-08-23T11:45:00Z,2026-08-23T12:00:00Z,2026-08-23,2026-08-23_56,-6.0,6,0,94,109.32692731428497,110.70692731428497,0.0038333333333333336,0.0,0.0,True,True,True,False,-4.785,929.6222970274434,5.696354196382724,0.0,0.0,0.0,930.5336512238262
2026-08-23T12:00:00Z,2026-08-23T12:15:00Z,2026-08-23,2026-08-23_57,-6.0,6,0,94,110.70692731428497,112.08692731428496,0.0038333333333333336,0.0,0.0,True,True,True,False,-9.015,929.6222970274434,5.696354196382724,0.0,0.0,0.0,926.3036512238261
2026-08-23T12:15:00Z,2026-08-23T12:30:00Z,2026-08-23,2026-08-23_58,-6.0,6,0,94,112.08692731428496,113.46692731428497,0.0038333333333333336,0.0,0.0,True,True,True,False,-9.18,929.6222970274434,5.696354196382724,0.0,0.0,0.0,926.1386512238262
2026-08-23T12:30:00Z,2026-08-23T12:45:00Z,2026-08-23,2026-08-23_59,-6.0,6,0,94,113.46692731428497,114.80863428571355,0.0037269638095238093,0.04162285714285714,0.0,True,True,True,False,-5.205,929.6222970274434,5.696354196382724,0.0,5.378801007425278,0.0,935.4924522312515
2026-08-23T12:45:00Z,2026-08-23T13:00:00Z,2026-08-23,2026-08-23_60,-6.0,6,0,94,114.80863428571355,116.17349371428497,0.003791276190476191,0.016457142857142858,0.0,True,True,True,False,-4.035,929.6222970274434,5.696354196382724,0.0,2.190905460147202,0.0,933.4745566839733
2026-08-23T13:00:00Z,2026-08-23T13:15:00Z,2026-08-23,2026-08-23_61,-6.0,6,0,94,116.17349371428497,117.55349371428497,0.0038333333333333336,0.0,0.0,True,True,True,False,-3.54,929.6222970274434,5.591943858047584,0.0,0.0,0.0,931.674240885491
2026-08-23T13:15:00Z,2026-08-23T13:30:00Z,2026-08-23,2026-08-23_62,-6.0,6,0,94,117.55349371428497,118.93305211428498,0.0038321066666666664,0.00048000000000000007,0.0,True,True,True,False,-8.22,929.6222970274434,5.591943858047584,0.0,0.0639014092542934,0.0,927.0581422947453
2026-08-23T13:30:00Z,2026-08-23T13:45:00Z,2026-08-23,2026-08-23_63,-6.0,6,0,94,118.93305211428498,120.31305211428497,0.003833333333333333,0.0,0.0,True,True,True,False,-12.059999999999999,929.6222970274434,5.591943858047584,0.0,0.0,0.0,923.154240885491
2026-08-23T13:45:00Z,2026-08-23T14:00:00Z,2026-08-23,2026-08-23_64,-6.0,6,0,94,120.31305211428497,121.69289439999926,0.0038328952380952373,0.00017142857142857143,0.0,True,True,True,False,-15.66,929.6222970274434,5.591943858047584,0.0,0.022821931876533353,0.0,919.5770628173675
2026-08-23T14:00:00Z,2026-08-23T14:15:00Z,2026-08-23,2026-08-23_65,-100.0,16,0,0,121.69289439999926,144.6243412571421,0.0636984634920635,0.07451428571428571,0.0,True,True,True,False,-237.25,0.0,15.003138015633022,0.0,9.919933055666498,0.0,-212.32692892870048
2026-08-23T14:15:00Z,2026-08-23T14:30:00Z,2026-08-23,2026-08-23_66,-100.0,16,0,0,144.6243412571421,167.08113119999925,0.062379972063492065,0.5904457142857144,0.0,True,True,True,False,-422.75,0.0,15.003138015633022,0.0,82.34326443392101,0.0,-325.40359755044597
2026-08-23T14:30:00Z,2026-08-23T14:45:00Z,2026-08-23,2026-08-23_67,-99.75952993788704,16,0,0,167.08113119999925,189.999999999999,0.0636635244444437,0.02806857142857143,0.0,True,True,True,False,-794.0858583055808,0.0,15.003138015633022,0.0,3.7367109792510607,0.0,-775.3460093106968
2026-08-23T14:45:00Z,2026-08-23T15:00:00Z,2026-08-23,2026-08-23_68,83.81052796034173,16,0,0,189.999999999999,166.9679093275459,0.06397802964570307,0.23689142857142859,0.0,True,True,True,False,2778.3190018853284,0.0,15.003138015633022,0.0,35.683379245626476,0.0,2829.005519146588
2026-08-23T15:00:00Z,2026-08-23T15:15:00Z,2026-08-23,2026-08-23_69,-99.99999999999845,100,0,0,166.9679093275459,189.8669721846884,0.06360850793650695,0.10971428571428571,0.0,True,True,True,False,-1881.999999999971,0.0,104.58150282421407,0.0,17.32837206269511,0.0,-1760.0901251130617
2026-08-23T15:15:00Z,2026-08-23T15:30:00Z,2026-08-23,2026-08-23_70,-9.777513137285942,100,0,0,189.8669721846884,189.8821552795021,0.011408714239760911,2.0862857142857143,0.0,True,True,True,False,-301.02518571419097,0.0,104.58150282421407,0.0,356.6988721075239,0.0,160.255189217547
2026-08-23T15:30:00Z,2026-08-23T15:45:00Z,2026-08-23,2026-08-23_71,0.0,100,0,0,189.8821552795021,184.41755900621015,0.015179434092477571,5.027428571428572,0.0,True,True,True,False,0.0,0.0,104.58150282421407,0.0,1063.235026448989,0.0,1167.816529273203
2026-08-23T15:45:00Z,2026-08-23T16:00:00Z,2026-08-23,2026-08-23_72,0.0,100,0,0,184.41755900621015,174.9299813664586,0.026354382332643197,8.728571428571428,0.0,True,True,True,False,0.0,0.0,104.58150282421407,0.0,2026.3230580301956,0.0,2130.9045608544097
2026-08-23T16:00:00Z,2026-08-23T16:15:00Z,2026-08-23,2026-08-23_73,47.0,21,68,32,174.9299813664586,160.5532422360238,0.03993538647342995,1.4766000000000001,0.0,True,True,True,False,2207.2374999999997,316.46716494551265,21.680550008558225,3.355965082444229,401.03895475552014,0.0,2949.780134792035
2026-08-23T16:15:00Z,2026-08-23T16:30:00Z,2026-08-23,2026-08-23_74,47.0,21,68,32,160.5532422360238,144.92380745341512,0.04341509661835749,2.6290799999999996,0.0,True,True,True,False,2268.5724999999998,316.46716494551265,21.680550008558225,3.355965082444229,737.1564115707193,0.0,3347.232591607234
2026-08-23T16:30:00Z,2026-08-23T16:45:00Z,2026-08-23,2026-08-23_75,47.0,21,68,32,144.92380745341512,129.71280745341514,0.04225277777777778,2.24412,0.0,True,True,True,False,2395.4725,316.46716494551265,21.680550008558225,3.355965082444229,548.011961499401,0.0,3284.988141535916
2026-08-23T16:45:00Z,2026-08-23T17:00:00Z,2026-08-23,2026-08-23_76,47.0,21,68,32,129.71280745341514,116.10993788819775,0.03778574879227053,0.7646400000000001,0.0,True,True,True,False,2459.98,316.46716494551265,21.680550008558225,3.355965082444229,178.63602250242485,0.0,2980.11970253894
2026-08-23T17:00:00Z,2026-08-23T17:15:00Z,2026-08-23,2026-08-23_77,0.0,0,0,100,116.10993788819775,116.10993788819775,0.0,0.0,0.0,True,True,True,False,0.0,988.9598904547271,0.0,0.0,0.0,0.0,988.9598904547271
2026-08-23T17:15:00Z,2026-08-23T17:30:00Z,2026-08-23,2026-08-23_78,0.0,0,0,100,116.10993788819775,116.10993788819775,0.0,0.0,0.0,True,True,True,False,0.0,988.9598904547271,0.0,0.0,0.0,0.0,988.9598904547271
2026-08-23T17:30:00Z,2026-08-23T17:45:00Z,2026-08-23,2026-08-23_79,0.0,0,0,100,116.10993788819775,116.10993788819775,0.0,0.0,0.0,True,True,True,False,0.0,988.9598904547271,0.0,0.0,0.0,0.0,988.9598904547271
2026-08-23T17:45:00Z,2026-08-23T18:00:00Z,2026-08-23,2026-08-23_80,0.0,0,0,100,116.10993788819775,116.10993788819775,0.0,0.0,0.0,True,True,True,False,0.0,988.9598904547271,0.0,0.0,0.0,0.0,988.9598904547271
2026-08-23T18:00:00Z,2026-08-23T18:15:00Z,2026-08-23,2026-08-23_81,0.0,0,0,100,116.10993788819775,116.10993788819775,0.0,0.0,0.0,True,True,True,False,0.0,988.9598904547271,0.0,0.0,0.0,0.0,988.9598904547271
2026-08-23T18:15:00Z,2026-08-23T18:30:00Z,2026-08-23,2026-08-23_82,0.0,0,0,100,116.10993788819775,116.10993788819775,0.0,0.0,0.0,True,True,True,False,0.0,988.9598904547271,0.0,0.0,0.0,0.0,988.9598904547271
2026-08-23T18:30:00Z,2026-08-23T18:45:00Z,2026-08-23,2026-08-23_83,0.0,0,0,100,116.10993788819775,116.10993788819775,0.0,0.0,0.0,True,True,True,False,0.0,988.9598904547271,0.0,0.0,0.0,0.0,988.9598904547271
2026-08-23T18:45:00Z,2026-08-23T19:00:00Z,2026-08-23,2026-08-23_84,0.0,0,0,100,116.10993788819775,116.10993788819775,0.0,0.0,0.0,True,True,True,False,0.0,988.9598904547271,0.0,0.0,0.0,0.0,988.9598904547271
2026-08-23T19:00:00Z,2026-08-23T19:15:00Z,2026-08-23,2026-08-23_85,0.0,0,0,100,116.10993788819775,116.10993788819775,0.0,0.0,0.0,True,True,True,False,0.0,988.9598904547271,0.0,0.0,0.0,0.0,988.9598904547271
2026-08-23T19:15:00Z,2026-08-23T19:30:00Z,2026-08-23,2026-08-23_86,0.0,0,0,100,116.10993788819775,116.10993788819775,0.0,0.0,0.0,True,True,True,False,0.0,988.9598904547271,0.0,0.0,0.0,0.0,988.9598904547271
2026-08-23T19:30:00Z,2026-08-23T19:45:00Z,2026-08-23,2026-08-23_87,0.0,0,0,100,116.10993788819775,116.10993788819775,0.0,0.0,0.0,True,True,True,False,0.0,988.9598904547271,0.0,0.0,0.0,0.0,988.9598904547271
2026-08-23T19:45:00Z,2026-08-23T20:00:00Z,2026-08-23,2026-08-23_88,0.0,0,0,100,116.10993788819775,116.10993788819775,0.0,0.0,0.0,True,True,True,False,0.0,988.9598904547271,0.0,0.0,0.0,0.0,988.9598904547271
2026-08-23T20:00:00Z,2026-08-23T20:15:00Z,2026-08-23,2026-08-23_89,100.0,0,100,0,116.10993788819775,88.98881987577539,0.07533643892339544,0.0,0.04857142857142858,True,True,True,False,4497.75,0.0,0.0,4.935242768300337,0.0,-3.7042168952935204,4498.981025873007
2026-08-23T20:15:00Z,2026-08-23T20:30:00Z,2026-08-23,2026-08-23_90,100.0,0,100,0,88.98881987577539,61.81490683229713,0.07548309178743962,0.0,0.0,True,True,True,False,4450.25,0.0,0.0,4.935242768300337,0.0,0.0,4455.185242768301
2026-08-23T20:30:00Z,2026-08-23T20:45:00Z,2026-08-23,2026-08-23_91,100.0,0,100,0,61.81490683229713,34.98819875776297,0.07451863354037268,0.0,0.31942857142857145,True,True,True,False,4305.5,0.0,0.0,4.935242768300337,0.0,-23.55865448410208,4286.876588284198
2026-08-23T20:45:00Z,2026-08-23T21:00:00Z,2026-08-23,2026-08-23_92,100.0,0,100,0,34.98819875776297,9.999999999998998,0.06941166321601104,0.0,2.010857142857143,True,True,True,False,4535.5,0.0,0.0,4.935242768300337,0.0,-121.30270749618958,4419.1325352721105
2026-08-23T21:00:00Z,2026-08-23T21:15:00Z,2026-08-24,2026-08-23_93,-8.164648157940123e-15,100,100,0,9.999999999998998,11.243314285713286,0.003453650793650799,0.0,1.3514285714285714,True,True,True,False,-3.7289989299352025e-13,0.0,103.72568037884407,5.990757117590005,0.0,-95.25873821885689,14.457699277576816
2026-08-23T21:15:00Z,2026-08-23T21:30:00Z,2026-08-24,2026-08-23_94,-8.446293313744582e-15,100,100,0,11.243314285713286,13.212114285713287,0.005468888888888895,0.0,2.1399999999999997,True,True,True,False,-3.7868956072173836e-13,0.0,103.72568037884407,5.990757117590005,0.0,-148.86107148970157,-39.144633993267874
2026-08-23T21:30:00Z,2026-08-23T21:45:00Z,2026-08-24,2026-08-23_95,3.226659632753791e-14,100,100,0,13.212114285713287,16.873188571427566,0.010169650793650814,0.0,3.979428571428572,True,True,True,False,1.4798267740717074e-12,0.0,103.72568037884407,5.990757117590005,0.0,-272.54177744812773,-162.82533995169217
2026-08-23T21:45:00Z,2026-08-23T22:00:00Z,2026-08-24,2026-08-23_96,0.0,100,100,0,16.873188571427566,20.031154285713278,0.008772126984126983,0.0,3.4325714285714284,True,True,True,False,0.0,0.0,103.72568037884407,5.990757117590005,0.0,-227.7296137931409,-118.01317629670683
2026-08-23T22:00:00Z,2026-08-23T22:15:00Z,2026-08-24,2026-08-24_1,17.478015272815725,78,100,0,20.031154285713278,13.551694787577619,0.021266683570594518,2.26824,0.7748571428571429,True,True,True,False,847.9022159224729,0.0,80.90603069549837,5.990757117590005,422.30607474182693,-49.964956597576,1307.1401218798123
2026-08-23T22:15:00Z,2026-08-23T22:30:00Z,2026-08-24,2026-08-24_2,21.999999999999932,78,100,0,13.551694787577619,9.999999999999998,0.02376447790200134,0.8361599999999999,3.4862857142857138,True,True,True,False,1082.5649999999966,0.0,80.90603069549837,5.990757117590005,150.75894352712956,-198.61041049591512,1121.6103208442994
2026-08-23T22:30:00Z,2026-08-23T22:45:00Z,2026-08-24,2026-08-24_3,21.999999999999993,78,100,0,9.999999999999998,13.158788134161492,0.02929939423050379,0.0,9.550285714285716,True,True,True,False,1029.8749999999998,0.0,80.90603069549837,5.990757117590005,0.0,-493.3869292275592,623.384858585529
2026-08-23T22:45:00Z,2026-08-23T23:00:00Z,2026-08-24,2026-08-24_4,0.0,78,100,0,13.158788134161492,28.044913848447205,0.0413503492063492,0.0,16.180571428571426,True,True,True,False,0.0,0.0,80.90603069549837,5.990757117590005,0.0,-798.5043223108836,-711.6075344977952
2026-08-23T23:00:00Z,2026-08-23T23:15:00Z,2026-08-24,2026-08-24_5,0.0,100,100,0,28.044913848447205,37.433645277018634,0.02607980952380953,0.0,10.205142857142858,True,True,True,False,0.0,0.0,103.72568037884407,5.990757117590005,0.0,-582.407955073397,-472.69151757696295
2026-08-23T23:15:00Z,2026-08-23T23:30:00Z,2026-08-24,2026-08-24_6,0.0,100,100,0,37.433645277018634,43.549805277018635,0.016989333333333332,0.0,6.648,True,True,True,False,0.0,0.0,103.72568037884407,5.990757117590005,0.0,-463.54315056769553,-353.82671307126145
2026-08-23T23:30:00Z,2026-08-23T23:45:00Z,2026-08-24,2026-08-24_7,0.0,100,100,0,43.549805277018635,53.47055956273292,0.027557650793650797,0.0,10.783428571428571,True,True,True,False,0.0,0.0,103.72568037884407,5.990757117590005,0.0,-625.734585714014,-516.0181482175799
2026-08-23T23:45:00Z,2026-08-24T00:00:00Z,2026-08-24,2026-08-24_8,0.0,100,100,0,53.47055956273292,64.36441099130435,0.030260698412698413,0.0,11.841142857142858,True,True,True,False,0.0,0.0,103.72568037884407,5.990757117590005,0.0,-723.5705986138394,-613.8541611174053
2026-08-24T00:00:00Z,2026-08-24T00:15:00Z,2026-08-24,2026-08-24_9,0.0,0,0,100,64.36441099130435,64.36441099130435,0.0,0.0,0.0,True,True,True,False,0.0,988.9598904547271,0.0,0.0,0.0,0.0,988.9598904547271
2026-08-24T00:15:00Z,2026-08-24T00:30:00Z,2026-08-24,2026-08-24_10,0.0,0,0,100,64.36441099130435,64.36441099130435,0.0,0.0,0.0,True,True,True,False,0.0,988.9598904547271,0.0,0.0,0.0,0.0,988.9598904547271
2026-08-24T00:30:00Z,2026-08-24T00:45:00Z,2026-08-24,2026-08-24_11,0.0,0,0,100,64.36441099130435,64.36441099130435,0.0,0.0,0.0,True,True,True,False,0.0,988.9598904547271,0.0,0.0,0.0,0.0,988.9598904547271
2026-08-24T00:45:00Z,2026-08-24T01:00:00Z,2026-08-24,2026-08-24_12,0.0,0,0,100,64.36441099130435,64.36441099130435,0.0,0.0,0.0,True,True,True,False,0.0,988.9598904547271,0.0,0.0,0.0,0.0,988.9598904547271
2026-08-24T01:00:00Z,2026-08-24T01:15:00Z,2026-08-24,2026-08-24_13,0.0,0,0,100,64.36441099130435,64.36441099130435,0.0,0.0,0.0,True,True,True,False,0.0,988.9598904547271,0.0,0.0,0.0,0.0,988.9598904547271
2026-08-24T01:15:00Z,2026-08-24T01:30:00Z,2026-08-24,2026-08-24_14,0.0,0,0,100,64.36441099130435,64.36441099130435,0.0,0.0,0.0,True,True,True,False,0.0,988.9598904547271,0.0,0.0,0.0,0.0,988.9598904547271
2026-08-24T01:30:00Z,2026-08-24T01:45:00Z,2026-08-24,2026-08-24_15,0.0,0,0,100,64.36441099130435,64.36441099130435,0.0,0.0,0.0,True,True,True,False,0.0,988.9598904547271,0.0,0.0,0.0,0.0,988.9598904547271
2026-08-24T01:45:00Z,2026-08-24T02:00:00Z,2026-08-24,2026-08-24_16,0.0,0,0,100,64.36441099130435,64.36441099130435,0.0,0.0,0.0,True,True,True,False,0.0,988.9598904547271,0.0,0.0,0.0,0.0,988.9598904547271
2026-08-24T02:00:00Z,2026-08-24T02:15:00Z,2026-08-24,2026-08-24_17,0.0,0,0,100,64.36441099130435,64.36441099130435,0.0,0.0,0.0,True,True,True,False,0.0,988.9598904547271,0.0,0.0,0.0,0.0,988.9598904547271
2026-08-24T02:15:00Z,2026-08-24T02:30:00Z,2026-08-24,2026-08-24_18,0.0,0,0,100,64.36441099130435,64.36441099130435,0.0,0.0,0.0,True,True,True,False,0.0,988.9598904547271,0.0,0.0,0.0,0.0,988.9598904547271
2026-08-24T02:30:00Z,2026-08-24T02:45:00Z,2026-08-24,2026-08-24_19,0.0,0,0,100,64.36441099130435,64.36441099130435,0.0,0.0,0.0,True,True,True,False,0.0,988.9598904547271,0.0,0.0,0.0,0.0,988.9598904547271
2026-08-24T02:45:00Z,2026-08-24T03:00:00Z,2026-08-24,2026-08-24_20,0.0,0,0,100,64.36441099130435,64.36441099130435,0.0,0.0,0.0,True,True,True,False,0.0,988.9598904547271,0.0,0.0,0.0,0.0,988.9598904547271
2026-08-24T03:00:00Z,2026-08-24T03:15:00Z,2026-08-24,2026-08-24_21,0.0,0,0,100,64.36441099130435,64.36441099130435,0.0,0.0,0.0,True,True,True,False,0.0,988.9598904547271,0.0,0.0,0.0,0.0,988.9598904547271
2026-08-24T03:15:00Z,2026-08-24T03:30:00Z,2026-08-24,2026-08-24_22,0.0,0,0,100,64.36441099130435,64.36441099130435,0.0,0.0,0.0,True,True,True,False,0.0,988.9598904547271,0.0,0.0,0.0,0.0,988.9598904547271
2026-08-24T03:30:00Z,2026-08-24T03:45:00Z,2026-08-24,2026-08-24_23,0.0,0,0,100,64.36441099130435,64.36441099130435,0.0,0.0,0.0,True,True,True,False,0.0,988.9598904547271,0.0,0.0,0.0,0.0,988.9598904547271
2026-08-24T03:45:00Z,2026-08-24T04:00:00Z,2026-08-24,2026-08-24_24,0.0,0,0,100,64.36441099130435,64.36441099130435,0.0,0.0,0.0,True,True,True,False,0.0,988.9598904547271,0.0,0.0,0.0,0.0,988.9598904547271
2026-08-24T04:00:00Z,2026-08-24T04:15:00Z,2026-08-24,2026-08-24_25,0.0,0,0,100,64.36441099130435,64.36441099130435,0.0,0.0,0.0,True,True,True,False,0.0,988.9598904547271,0.0,0.0,0.0,0.0,988.9598904547271
2026-08-24T04:15:00Z,2026-08-24T04:30:00Z,2026-08-24,2026-08-24_26,0.0,0,0,100,64.36441099130435,64.36441099130435,0.0,0.0,0.0,True,True,True,False,0.0,988.9598904547271,0.0,0.0,0.0,0.0,988.9598904547271
2026-08-24T04:30:00Z,2026-08-24T04:45:00Z,2026-08-24,2026-08-24_27,0.0,0,0,100,64.36441099130435,64.36441099130435,0.0,0.0,0.0,True,True,True,False,0.0,988.9598904547271,0.0,0.0,0.0,0.0,988.9598904547271
2026-08-24T04:45:00Z,2026-08-24T05:00:00Z,2026-08-24,2026-08-24_28,0.0,0,0,100,64.36441099130435,64.36441099130435,0.0,0.0,0.0,True,True,True,False,0.0,988.9598904547271,0.0,0.0,0.0,0.0,988.9598904547271
2026-08-24T05:00:00Z,2026-08-24T05:15:00Z,2026-08-24,2026-08-24_29,0.0,0,0,100,64.36441099130435,64.36441099130435,0.0,0.0,0.0,True,True,True,False,0.0,988.9598904547271,0.0,0.0,0.0,0.0,988.9598904547271
2026-08-24T05:15:00Z,2026-08-24T05:30:00Z,2026-08-24,2026-08-24_30,0.0,0,0,100,64.36441099130435,64.36441099130435,0.0,0.0,0.0,True,True,True,False,0.0,988.9598904547271,0.0,0.0,0.0,0.0,988.9598904547271
2026-08-24T05:30:00Z,2026-08-24T05:45:00Z,2026-08-24,2026-08-24_31,0.0,0,0,100,64.36441099130435,64.36441099130435,0.0,0.0,0.0,True,True,True,False,0.0,988.9598904547271,0.0,0.0,0.0,0.0,988.9598904547271
2026-08-24T05:45:00Z,2026-08-24T06:00:00Z,2026-08-24,2026-08-24_32,0.0,0,0,100,64.36441099130435,64.36441099130435,0.0,0.0,0.0,True,True,True,False,0.0,988.9598904547271,0.0,0.0,0.0,0.0,988.9598904547271
2026-08-24T06:00:00Z,2026-08-24T06:15:00Z,2026-08-24,2026-08-24_33,100.0,0,100,0,64.36441099130435,44.635839562732926,0.05480158730158729,0.0,6.849714285714286,True,True,True,False,5090.25,0.0,0.0,10.726307981970674,0.0,-126.52711044456579,4974.449197537405
2026-08-24T06:15:00Z,2026-08-24T06:30:00Z,2026-08-24,2026-08-24_34,49.93836393460489,0,100,0,44.635839562732926,38.910880536645955,0.035908819421040857,0.0,7.8188571428571425,True,True,True,False,2226.8764937538685,0.0,0.0,10.726307981970674,0.0,-310.6739561003839,1926.9288456354552
2026-08-24T06:30:00Z,2026-08-24T06:45:00Z,2026-08-24,2026-08-24_35,0.0,0,100,0,38.910880536645955,47.101509108074524,0.02275174603174603,0.0,8.902857142857142,True,True,True,False,0.0,0.0,0.0,10.726307981970674,0.0,-324.9650373437445,-314.23872936177384
2026-08-24T06:45:00Z,2026-08-24T07:00:00Z,2026-08-24,2026-08-24_36,0.0,0,100,0,47.101509108074524,60.06772625093167,0.03601726984126985,0.0,14.093714285714288,True,True,True,False,0.0,0.0,0.0,10.726307981970674,0.0,-159.817750572586,-149.09144259061532
2026-08-24T07:00:00Z,2026-08-24T07:15:00Z,2026-08-24,2026-08-24_37,0.0,8,8,92,60.06772625093167,60.13800969937888,0.0006741828019323671,0.07931428571428571,0.17010285714285714,True,True,True,False,0.0,909.8430992183488,8.229588634677926,0.3537399440862669,13.425233688431726,-6.207956842640062,925.6437046429047
2026-08-24T07:15:00Z,2026-08-24T07:30:00Z,2026-08-24,2026-08-24_38,0.0,8,8,92,60.13800969937888,60.386805684472044,0.0009334740096618357,0.04013714285714286,0.31785142857142856,True,True,True,False,0.0,909.8430992183488,8.229588634677926,0.3537399440862669,6.807887198798045,-10.2648100133943,914.9695049825167
2026-08-24T07:30:00Z,2026-08-24T07:45:00Z,2026-08-24,2026-08-24_39,0.0,8,8,92,60.386805684472044,60.893720427329185,0.001408096507936508,0.0,0.5509942857142858,True,True,True,False,0.0,909.8430992183488,8.229588634677926,0.3537399440862669,0.0,-22.267898425015016,896.158529372098
2026-08-24T07:45:00Z,2026-08-24T08:00:00Z,2026-08-24,2026-08-24_40,0.0,8,8,92,60.893720427329185,61.18127664099378,0.0007998714699792961,0.00018285714285714286,0.31277714285714286,True,True,True,False,0.0,909.8430992183488,8.229588634677926,0.3537399440862669,0.029559835573414624,-15.878937884678605,902.5770497480078
2026-08-24T08:00:00Z,2026-08-24T08:15:00Z,2026-08-24,2026-08-24_41,0.0,6,6,94,61.18127664099378,61.28130899875776,0.00030374757763975156,0.004285714285714286,0.11379428571428572,True,True,True,False,0.0,929.6222970274434,6.124265419067724,0.28242140697210016,0.6810716527154024,-6.007479542583281,930.7025759636153
2026-08-24T08:15:00Z,2026-08-24T08:30:00Z,2026-08-24,2026-08-24_42,0.0,6,6,94,61.28130899875776,61.086956521739125,0.0005605460869565217,0.18222857142857143,0.004045714285714286,True,True,True,False,0.0,929.6222970274434,6.124265419067724,0.28242140697210016,33.425726511749225,-0.2516935797015218,969.203016785531
2026-08-24T08:30:00Z,2026-08-24T08:45:00Z,2026-08-24,2026-08-24_43,0.0,6,6,94,61.086956521739125,61.52559703850932,0.001269584596273292,0.00846857142857143,0.48678857142857146,True,True,True,False,0.0,929.6222970274434,6.124265419067724,0.28242140697210016,1.4169818386326405,-14.73104556724727,922.7149201248686
2026-08-24T08:45:00Z,2026-08-24T09:00:00Z,2026-08-24,2026-08-24_44,0.0,6,6,94,61.52559703850932,61.5988774757764,0.00027063751552795036,0.01110857142857143,0.09277714285714286,True,True,True,False,0.0,929.6222970274434,6.124265419067724,0.28242140697210016,1.8217774046573045,-5.04755932805712,932.8032019300834
2026-08-24T09:00:00Z,2026-08-24T09:15:00Z,2026-08-24,2026-08-24_45,0.0,6,0,94,61.5988774757764,61.224082444720494,0.0010410973084886129,0.3448114285714286,0.0,True,True,True,False,0.0,929.6222970274434,6.1773264106806645,0.0,62.90301883298422,0.0,998.7026422711083
2026-08-24T09:15:00Z,2026-08-24T09:30:00Z,2026-08-24,2026-08-24_46,-6.0,6,0,94,61.224082444720494,62.36795261614907,0.003177417142857143,0.25666285714285714,0.0,True,True,True,False,-162.84,929.6222970274434,6.1773264106806645,0.0,44.886687882369245,0.0,817.8463113204933
2026-08-24T09:30:00Z,2026-08-24T09:45:00Z,2026-08-24,2026-08-24_47,-6.0,6,0,94,62.36795261614907,63.71786073043478,0.003749744761904762,0.03270857142857143,0.0,True,True,True,False,-149.07,929.6222970274434,6.1773264106806645,0.0,5.28751558819454,0.0,792.0171390263187
2026-08-24T09:45:00Z,2026-08-24T10:00:00Z,2026-08-24,2026-08-24_48,-6.0,6,0,94,63.71786073043478,64.98824930186335,0.0035288571428571426,0.11914285714285715,0.0,True,True,True,False,-130.095,929.6222970274434,6.1773264106806645,0.0,20.199428473620294,0.0,825.9040519117444
2026-08-24T10:00:00Z,2026-08-24T10:15:00Z,2026-08-24,2026-08-24_49,-35.0,35,0,65,64.98824930186335,72.96244130186335,0.022150533333333337,0.0824,0.0,True,True,True,False,-744.1875,642.8239287955727,36.03440406230388,0.0,13.831559536714783,0.0,-51.49760760540867
2026-08-24T10:15:00Z,2026-08-24T10:30:00Z,2026-08-24,2026-08-24_50,-35.0,35,0,65,72.96244130186335,80.99919330186336,0.022324311111111113,0.014399999999999998,0.0,True,True,True,False,-734.5625,642.8239287955727,36.03440406230388,0.0,2.4337070805043646,0.0,-53.27046006161909
2026-08-24T10:30:00Z,2026-08-24T10:45:00Z,2026-08-24,2026-08-24_51,-35.0,35,0,65,80.99919330186336,86.81506530186336,0.0161552,2.4284,0.0,True,True,True,False,-729.4875000000001,642.8239287955727,36.03440406230388,0.0,449.73408250128375,0.0,399.10491535916026
2026-08-24T10:45:00Z,2026-08-24T11:00:00Z,2026-08-24,2026-08-24_52,-35.0,35,0,65,86.81506530186336,94.57931330186335,0.021567355555555556,0.31060000000000004,0.0,True,True,True,False,-743.8375000000001,642.8239287955727,36.03440406230388,0.0,52.68155470607254,0.0,-12.297612436051004
2026-08-24T11:00:00Z,2026-08-24T11:15:00Z,2026-08-24,2026-08-24_53,-6.0,6,0,94,94.57931330186335,95.95931330186335,0.0038333333333333336,0.0,0.0,True,True,True,False,-127.57499999999999,929.6222970274434,6.1773264106806645,0.0,0.0,0.0,808.2246234381241
2026-08-24T11:15:00Z,2026-08-24T11:30:00Z,2026-08-24,2026-08-24_54,-6.0,6,0,94,95.95931330186335,97.32436198757763,0.003791801904761905,0.01625142857142857,0.0,True,True,True,False,-127.5,929.6222970274434,6.1773264106806645,0.0,2.7935266437903965,0.0,811.0931500819145
2026-08-24T11:30:00Z,2026-08-24T11:45:00Z,2026-08-24,2026-08-24_55,-6.000000000000004,6,0,94,97.32436198757763,98.57938918757763,0.00348618666666667,0.13584000000000002,0.0,True,True,True,False,-136.0950000000001,929.6222970274434,6.1773264106806645,0.0,23.46013971586695,0.0,823.164763153991
2026-08-24T11:45:00Z,2026-08-24T12:00:00Z,2026-08-24,2026-08-24_56,-6.0,6,0,94,98.57938918757763,99.93983261614906,0.0037790095238095242,0.021257142857142856,0.0,True,True,True,False,-141.405,929.6222970274434,6.1773264106806645,0.0,3.6571333371369885,0.0,798.0517567752611
2026-08-24T12:00:00Z,2026-08-24T12:15:00Z,2026-08-24,2026-08-24_57,-100.0,100,0,0,99.93983261614906,115.05622118757762,0.04198996825396825,8.569142857142857,0.0,True,True,True,False,-2121.25,0.0,102.07109031779541,0.0,1683.7067655617047,0.0,-335.4721441204998
2026-08-24T12:15:00Z,2026-08-24T12:30:00Z,2026-08-24,2026-08-24_58,-100.0,100,0,0,115.05622118757762,128.25690690186335,0.036668571428571425,10.651428571428571,0.0,True,True,True,False,-2372.5,0.0,102.07109031779541,0.0,2108.422138360679,0.0,-162.00677132152546
2026-08-24T12:30:00Z,2026-08-24T12:45:00Z,2026-08-24,2026-08-24_59,-100.0,100,0,0,128.25690690186335,135.87082690186335,0.021149777777777778,16.724,0.0,True,True,True,False,-2419.0,0.0,102.07109031779541,0.0,4220.655927426256,0.0,1903.7270177440516
2026-08-24T12:45:00Z,2026-08-24T13:00:00Z,2026-08-24,2026-08-24_60,-100.0,100,0,0,135.87082690186335,145.78106690186334,0.02752844444444444,14.228000000000002,0.0,True,True,True,False,-3064.5,0.0,102.07109031779541,0.0,3219.9722036477056,0.0,257.543293965501
2026-08-24T13:00:00Z,2026-08-24T13:15:00Z,2026-08-24,2026-08-24_61,0.0,6,6,94,145.78106690186334,145.58033847453416,0.0005703713457556936,0.18678857142857144,0.0025028571428571426,True,True,True,False,0.0,929.6222970274434,6.064357847891824,1.3539111085753408,33.67057516810798,-0.16744785922128308,970.5436932927973
2026-08-24T13:15:00Z,2026-08-24T13:30:00Z,2026-08-24,2026-08-24_62,0.0,6,6,94,145.58033847453416,145.86979582608697,0.0008044622774327123,6.857142857142858e-05,0.31470857142857145,True,True,True,False,0.0,929.6222970274434,6.064357847891824,1.3539111085753408,0.011404445386301953,-13.97966585431457,923.0723045749824
2026-08-24T13:30:00Z,2026-08-24T13:45:00Z,2026-08-24,2026-08-24_63,0.0,6,6,94,145.86979582608697,146.51735923478262,0.00179920132505176,6.857142857142858e-05,0.7039542857142858,True,True,True,False,0.0,929.6222970274434,6.064357847891824,1.3539111085753408,0.011084938340030485,2.1572080039775368,939.2088589262281
2026-08-24T13:45:00Z,2026-08-24T14:00:00Z,2026-08-24,2026-08-24_64,0.0,6,6,94,146.51735923478262,146.51760829813665,0.00010234815734989648,0.01683428571428571,0.020159999999999997,True,True,True,False,0.0,929.6222970274434,6.064357847891824,1.3539111085753408,3.220742932129204,-0.8622012666172191,939.3991076494226
2026-08-24T14:00:00Z,2026-08-24T14:15:00Z,2026-08-24,2026-08-24_65,-1.0538769646233426,0,0,94,146.51760829813665,146.76000000000002,0.0006733102829538022,0.0,0.0,True,False,True,False,-31.75858232892443,929.6222970274434,0.0,0.0,0.0,0.0,897.8637146985191
2026-08-24T14:15:00Z,2026-08-24T14:30:00Z,2026-08-24,2026-08-24_66,-4.941699223739148e-13,0,0,94,146.76000000000002,146.76000000000013,3.157196726277789e-16,0.0,0.0,True,False,True,False,-1.667205775608995e-11,929.6222970274434,0.0,0.0,0.0,0.0,929.6222970274267
2026-08-24T14:30:00Z,2026-08-24T14:45:00Z,2026-08-24,2026-08-24_67,5.077441800338534e-13,0,0,94,146.76000000000013,146.76,3.832610054603362e-16,0.0,0.0,True,False,True,False,2.0041932146386276e-11,929.6222970274434,0.0,0.0,0.0,0.0,929.6222970274634
2026-08-24T14:45:00Z,2026-08-24T15:00:00Z,2026-08-24,2026-08-24_68,5.699847606857366,0,0,94,146.76,145.2111283677018,0.004302421200828326,0.0,0.0,True,False,True,False,275.25989055415937,929.6222970274434,0.0,0.0,0.0,0.0,1204.882187581603
2026-08-24T15:00:00Z,2026-08-24T15:15:00Z,2026-08-24,2026-08-24_69,0.0,3,3,97,145.2111283677018,145.15468788074529,0.0003033657971014493,0.0762,0.028680000000000004,True,True,True,False,0.0,959.2910937410852,3.1374450847264215,0.3243567067952302,22.704371198721976,-1.5251546299994299,983.9321121013294
2026-08-24T15:15:00Z,2026-08-24T15:30:00Z,2026-08-24,2026-08-24_70,0.0,3,3,97,145.15468788074529,145.17155165217386,0.0002897009523809524,0.04021714285714286,0.06584571428571429,True,True,True,False,0.0,959.2910937410852,3.1374450847264215,0.3243567067952302,10.382579243452959,-3.0789361328236438,970.0565386432362
2026-08-24T15:30:00Z,2026-08-24T15:45:00Z,2026-08-24,2026-08-24_71,-1.2052259928168584e-13,3,3,97,145.17155165217386,145.05786842236023,0.0003157867494824552,0.10458857142857142,0.0,True,True,True,False,-6.350637062650231e-12,959.2910937410852,3.1374450847264215,0.3243567067952302,26.09858906340422,0.0,988.8514845960048
2026-08-24T15:45:00Z,2026-08-24T16:00:00Z,2026-08-24,2026-08-24_72,0.0,3,3,97,145.05786842236023,144.69736531677017,0.0010013975155279502,0.33166285714285715,0.0,True,True,True,False,0.0,959.2910937410852,3.1374450847264215,0.3243567067952302,94.70112787943499,0.0,1057.4540234120418
2026-08-24T16:00:00Z,2026-08-24T16:15:00Z,2026-08-24,2026-08-24_73,0.0,100,100,0,144.69736531677017,130.4396013416149,0.039604899930986884,13.117142857142856,0.0,True,True,True,False,0.0,0.0,103.24071432646772,4.935242768300337,3823.2201827384683,0.0,3931.3961398332362
2026-08-24T16:15:00Z,2026-08-24T16:30:00Z,2026-08-24,2026-08-24_74,0.0,100,100,0,130.4396013416149,135.6478825838509,0.015036806073153901,0.09428571428571428,5.772571428571429,True,True,True,False,0.0,0.0,103.24071432646772,4.935242768300337,21.04475217827189,-207.93596904911337,-78.71525977607342
2026-08-24T16:30:00Z,2026-08-24T16:45:00Z,2026-08-24,2026-08-24_75,0.0,100,100,0,135.6478825838509,143.9310368695652,0.023008761904761903,0.0,9.003428571428572,True,True,True,False,0.0,0.0,103.24071432646772,4.935242768300337,0.0,-288.1247824988385,-179.94882540407045
2026-08-24T16:45:00Z,2026-08-24T17:00:00Z,2026-08-24,2026-08-24_76,0.0,100,100,0,143.9310368695652,147.58308457142854,0.010261899240855764,0.01942857142857143,3.992571428571429,True,True,True,False,0.0,0.0,103.24071432646772,4.935242768300337,3.140732529675304,-187.866731328807,-76.55004170436362
2026-08-24T17:00:00Z,2026-08-24T17:15:00Z,2026-08-24,2026-08-24_77,5.000000000000032,3,8,92,147.58308457142854,146.51171428571425,0.003514447619047637,0.0003942857142857143,0.28091428571428567,True,True,True,False,308.40000000000197,909.8430992183488,2.4596337079933814,0.39481942146402693,0.08274908426998347,-17.373454159161238,1203.806847272917
2026-08-24T17:15:00Z,2026-08-24T17:30:00Z,2026-08-24,2026-08-24_78,5.0,3,8,92,146.51171428571425,146.00513554285712,0.0030015669841269837,0.0,0.8318628571428571,True,True,True,False,304.7625,909.8430992183488,2.4596337079933814,0.39481942146402693,0.0,-38.36669012543912,1179.093362222367
2026-08-24T17:30:00Z,2026-08-24T17:45:00Z,2026-08-24,2026-08-24_79,0.0,3,8,92,146.00513554285712,146.20917600993786,0.0005713339406487233,0.0007542857142857142,0.22267428571428574,True,True,True,False,0.0,909.8430992183488,2.4596337079933814,0.39481942146402693,0.15102569912543096,-13.596848208614194,899.2517298383175
2026-08-24T17:45:00Z,2026-08-24T18:00:00Z,2026-08-24,2026-08-24_80,0.0,3,8,92,146.20917600993786,146.150182221118,0.00016387163561076604,0.05427428571428571,0.0,True,True,True,False,0.0,909.8430992183488,2.4596337079933814,0.39481942146402693,12.20222317567182,0.0,924.8997755234781
2026-08-24T18:00:00Z,2026-08-24T18:15:00Z,2026-08-24,2026-08-24_81,100.0,0,100,0,146.150182221118,128.39552383602484,0.049318495514147694,0.0,8.665714285714285,True,True,True,False,6643.75,0.0,0.0,4.935242768300337,0.0,-410.9032822828452,6237.781960485455
2026-08-24T18:15:00Z,2026-08-24T18:30:00Z,2026-08-24,2026-08-24_82,100.0,0,100,0,128.39552383602484,115.69862942608695,0.03526915113871635,0.0,13.318857142857144,True,True,True,False,6311.75,0.0,0.0,4.935242768300337,0.0,-632.165074293539,5684.520168474762
2026-08-24T18:30:00Z,2026-08-24T18:45:00Z,2026-08-24,2026-08-24_83,98.44067057371423,0,100,0,115.69862942608695,88.94844720496896,0.07430606172532776,0.0,0.0,True,True,True,False,6302.171730129185,0.0,0.0,4.935242768300337,0.0,0.0,6307.106972897485
2026-08-24T18:45:00Z,2026-08-24T19:00:00Z,2026-08-24,2026-08-24_84,100.0,0,100,0,88.94844720496896,64.34782608695653,0.06833505866114563,0.0,2.3674285714285714,True,True,True,False,6601.25,0.0,0.0,4.935242768300337,0.0,-141.26138904058232,6464.923853727718
2026-08-24T19:00:00Z,2026-08-24T19:15:00Z,2026-08-24,2026-08-24_85,0.0,0,0,100,64.34782608695653,64.34782608695653,0.0,0.0,0.0,True,True,True,False,0.0,988.9598904547271,0.0,0.0,0.0,0.0,988.9598904547271
2026-08-24T19:15:00Z,2026-08-24T19:30:00Z,2026-08-24,2026-08-24_86,0.0,0,0,100,64.34782608695653,64.34782608695653,0.0,0.0,0.0,True,True,True,False,0.0,988.9598904547271,0.0,0.0,0.0,0.0,988.9598904547271
2026-08-24T19:30:00Z,2026-08-24T19:45:00Z,2026-08-24,2026-08-24_87,0.0,0,0,100,64.34782608695653,64.34782608695653,0.0,0.0,0.0,True,True,True,False,0.0,988.9598904547271,0.0,0.0,0.0,0.0,988.9598904547271
2026-08-24T19:45:00Z,2026-08-24T20:00:00Z,2026-08-24,2026-08-24_88,0.0,0,0,100,64.34782608695653,64.34782608695653,0.0,0.0,0.0,True,True,True,False,0.0,988.9598904547271,0.0,0.0,0.0,0.0,988.9598904547271
2026-08-24T20:00:00Z,2026-08-24T20:15:00Z,2026-08-24,2026-08-24_89,100.0,0,100,0,64.34782608695653,37.6664596273292,0.07411490683229813,0.0,0.4531428571428572,True,True,True,False,6233.0,0.0,0.0,4.935242768300337,0.0,-30.30156400872668,6207.633678759574
2026-08-24T20:15:00Z,2026-08-24T20:30:00Z,2026-08-24,2026-08-24_90,100.0,0,100,0,37.6664596273292,14.326086956521753,0.0648343685300207,0.0,3.5268571428571427,True,True,True,False,6096.5,0.0,0.0,4.935242768300337,0.0,-231.08255616504601,5870.352686603254
2026-08-24T20:30:00Z,2026-08-24T20:45:00Z,2026-08-24,2026-08-24_91,0.0,0,100,0,14.326086956521753,15.578338385093181,0.003478476190476191,0.0,1.3611428571428572,True,True,True,False,0.0,0.0,0.0,4.935242768300337,0.0,-98.85416166078461,-93.91891889248427
2026-08-24T20:45:00Z,2026-08-24T21:00:00Z,2026-08-24,2026-08-24_92,22.27340654348536,0,100,0,15.578338385093181,10.000000000000009,0.017463569800009744,0.0,0.4954285714285714,True,True,True,False,1309.7876717896568,0.0,0.0,4.935242768300337,0.0,-38.631010115006234,1276.0919044429509
2026-08-24T21:00:00Z,2026-08-24T21:15:00Z,2026-08-25,2026-08-24_93,-100.0,100,0,0,10.000000000000009,15.717142857142868,0.01588095238095238,18.785714285714285,0.0,True,True,True,False,-5264.75,0.0,104.67108268615806,0.0,5635.560527203115,0.0,475.48160988927333
2026-08-24T21:15:00Z,2026-08-24T21:30:00Z,2026-08-25,2026-08-24_94,-100.0,100,0,0,15.717142857142868,18.583337142857154,0.007961650793650795,21.884571428571427,0.0,True,True,True,False,-4775.75,0.0,104.67108268615806,0.0,6395.742672453174,0.0,1724.6637551393324
2026-08-24T21:30:00Z,2026-08-24T21:45:00Z,2026-08-25,2026-08-24_95,-100.00000000000003,100,0,0,18.583337142857154,24.836708571428588,0.01737047619047621,18.20285714285714,0.0,True,True,True,False,-4519.000000000001,0.0,104.67108268615806,0.0,4698.146479692837,0.0,283.81756237899384
2026-08-24T21:45:00Z,2026-08-24T22:00:00Z,2026-08-25,2026-08-24_96,-100.0,100,0,0,24.836708571428588,36.7972342857143,0.03322368253968254,11.99942857142857,0.0,True,True,True,False,-4145.0,0.0,104.67108268615806,0.0,2760.5994639865994,0.0,-1279.7294533272425
2026-08-24T22:00:00Z,2026-08-24T22:15:00Z,2026-08-25,2026-08-25_1,0.0,51,0,49,36.7972342857143,36.71519080745343,0.0002278985507246377,0.07548,0.0,True,True,True,False,0.0,485.00542485153045,53.38225216994061,0.0,12.678990634993148,0.0,551.0666676564642
2026-08-24T22:15:00Z,2026-08-24T22:30:00Z,2026-08-25,2026-08-25_2,-21.6327429170548,51,0,49,36.71519080745343,41.61816940124221,0.013867658895283592,0.0714,0.0,True,True,True,False,-1005.9225456430481,485.00542485153045,53.38225216994061,0.0,12.359365006852446,0.0,-455.1755036147246
2026-08-24T22:30:00Z,2026-08-24T22:45:00Z,2026-08-25,2026-08-25_3,-51.0,51,0,49,41.61816940124221,53.27765534409936,0.03238746095238096,0.07664571428571429,0.0,True,True,True,False,-2315.5275,485.00542485153045,53.38225216994061,0.0,12.884069291261504,0.0,-1764.2557536872675
2026-08-24T22:45:00Z,2026-08-24T23:00:00Z,2026-08-25,2026-08-25_4,-51.0,51,0,49,53.27765534409936,64.3478260869565,0.030750474285714282,0.7172057142857142,0.0,True,True,True,False,-2250.375,485.00542485153045,53.38225216994061,0.0,128.92979524570907,0.0,-1583.0575277328198
2026-08-24T23:00:00Z,2026-08-24T23:15:00Z,2026-08-25,2026-08-25_5,0.0,0,0,100,64.3478260869565,64.3478260869565,0.0,0.0,0.0,True,True,True,False,0.0,989.8069894929193,0.0,0.0,0.0,0.0,989.8069894929193
2026-08-24T23:15:00Z,2026-08-24T23:30:00Z,2026-08-25,2026-08-25_6,0.0,0,0,100,64.3478260869565,64.3478260869565,0.0,0.0,0.0,True,True,True,False,0.0,989.8069894929193,0.0,0.0,0.0,0.0,989.8069894929193
2026-08-24T23:30:00Z,2026-08-24T23:45:00Z,2026-08-25,2026-08-25_7,0.0,0,0,100,64.3478260869565,64.3478260869565,0.0,0.0,0.0,True,True,True,False,0.0,989.8069894929193,0.0,0.0,0.0,0.0,989.8069894929193
2026-08-24T23:45:00Z,2026-08-25T00:00:00Z,2026-08-25,2026-08-25_8,0.0,0,0,100,64.3478260869565,64.3478260869565,0.0,0.0,0.0,True,True,True,False,0.0,989.8069894929193,0.0,0.0,0.0,0.0,989.8069894929193
2026-08-25T00:00:00Z,2026-08-25T00:15:00Z,2026-08-25,2026-08-25_9,0.0,0,0,100,64.3478260869565,64.3478260869565,0.0,0.0,0.0,True,True,True,False,0.0,989.8069894929193,0.0,0.0,0.0,0.0,989.8069894929193
2026-08-25T00:15:00Z,2026-08-25T00:30:00Z,2026-08-25,2026-08-25_10,0.0,0,0,100,64.3478260869565,64.3478260869565,0.0,0.0,0.0,True,True,True,False,0.0,989.8069894929193,0.0,0.0,0.0,0.0,989.8069894929193
2026-08-25T00:30:00Z,2026-08-25T00:45:00Z,2026-08-25,2026-08-25_11,0.0,0,0,100,64.3478260869565,64.3478260869565,0.0,0.0,0.0,True,True,True,False,0.0,989.8069894929193,0.0,0.0,0.0,0.0,989.8069894929193
2026-08-25T00:45:00Z,2026-08-25T01:00:00Z,2026-08-25,2026-08-25_12,0.0,0,0,100,64.3478260869565,64.3478260869565,0.0,0.0,0.0,True,True,True,False,0.0,989.8069894929193,0.0,0.0,0.0,0.0,989.8069894929193
2026-08-25T01:00:00Z,2026-08-25T01:15:00Z,2026-08-25,2026-08-25_13,0.0,0,0,100,64.3478260869565,64.3478260869565,0.0,0.0,0.0,True,True,True,False,0.0,989.8069894929193,0.0,0.0,0.0,0.0,989.8069894929193
2026-08-25T01:15:00Z,2026-08-25T01:30:00Z,2026-08-25,2026-08-25_14,0.0,0,0,100,64.3478260869565,64.3478260869565,0.0,0.0,0.0,True,True,True,False,0.0,989.8069894929193,0.0,0.0,0.0,0.0,989.8069894929193
2026-08-25T01:30:00Z,2026-08-25T01:45:00Z,2026-08-25,2026-08-25_15,0.0,0,0,100,64.3478260869565,64.3478260869565,0.0,0.0,0.0,True,True,True,False,0.0,989.8069894929193,0.0,0.0,0.0,0.0,989.8069894929193
2026-08-25T01:45:00Z,2026-08-25T02:00:00Z,2026-08-25,2026-08-25_16,0.0,0,0,100,64.3478260869565,64.3478260869565,0.0,0.0,0.0,True,True,True,False,0.0,989.8069894929193,0.0,0.0,0.0,0.0,989.8069894929193
2026-08-25T02:00:00Z,2026-08-25T02:15:00Z,2026-08-25,2026-08-25_17,0.0,0,0,100,64.3478260869565,64.3478260869565,0.0,0.0,0.0,True,True,True,False,0.0,989.8069894929193,0.0,0.0,0.0,0.0,989.8069894929193
2026-08-25T02:15:00Z,2026-08-25T02:30:00Z,2026-08-25,2026-08-25_18,0.0,0,0,100,64.3478260869565,64.3478260869565,0.0,0.0,0.0,True,True,True,False,0.0,989.8069894929193,0.0,0.0,0.0,0.0,989.8069894929193
2026-08-25T02:30:00Z,2026-08-25T02:45:00Z,2026-08-25,2026-08-25_19,0.0,0,0,100,64.3478260869565,64.3478260869565,0.0,0.0,0.0,True,True,True,False,0.0,989.8069894929193,0.0,0.0,0.0,0.0,989.8069894929193
2026-08-25T02:45:00Z,2026-08-25T03:00:00Z,2026-08-25,2026-08-25_20,0.0,0,0,100,64.3478260869565,64.3478260869565,0.0,0.0,0.0,True,True,True,False,0.0,989.8069894929193,0.0,0.0,0.0,0.0,989.8069894929193
2026-08-25T03:00:00Z,2026-08-25T03:15:00Z,2026-08-25,2026-08-25_21,0.0,0,0,100,64.3478260869565,64.3478260869565,0.0,0.0,0.0,True,True,True,False,0.0,989.8069894929193,0.0,0.0,0.0,0.0,989.8069894929193
2026-08-25T03:15:00Z,2026-08-25T03:30:00Z,2026-08-25,2026-08-25_22,0.0,0,0,100,64.3478260869565,64.3478260869565,0.0,0.0,0.0,True,True,True,False,0.0,989.8069894929193,0.0,0.0,0.0,0.0,989.8069894929193
2026-08-25T03:30:00Z,2026-08-25T03:45:00Z,2026-08-25,2026-08-25_23,0.0,0,0,100,64.3478260869565,64.3478260869565,0.0,0.0,0.0,True,True,True,False,0.0,989.8069894929193,0.0,0.0,0.0,0.0,989.8069894929193
2026-08-25T03:45:00Z,2026-08-25T04:00:00Z,2026-08-25,2026-08-25_24,0.0,0,0,100,64.3478260869565,64.3478260869565,0.0,0.0,0.0,True,True,True,False,0.0,989.8069894929193,0.0,0.0,0.0,0.0,989.8069894929193
2026-08-25T04:00:00Z,2026-08-25T04:15:00Z,2026-08-25,2026-08-25_25,0.0,0,0,100,64.3478260869565,64.3478260869565,0.0,0.0,0.0,True,True,True,False,0.0,989.8069894929193,0.0,0.0,0.0,0.0,989.8069894929193
2026-08-25T04:15:00Z,2026-08-25T04:30:00Z,2026-08-25,2026-08-25_26,0.0,0,0,100,64.3478260869565,64.3478260869565,0.0,0.0,0.0,True,True,True,False,0.0,989.8069894929193,0.0,0.0,0.0,0.0,989.8069894929193
2026-08-25T04:30:00Z,2026-08-25T04:45:00Z,2026-08-25,2026-08-25_27,0.0,0,0,100,64.3478260869565,64.3478260869565,0.0,0.0,0.0,True,True,True,False,0.0,989.8069894929193,0.0,0.0,0.0,0.0,989.8069894929193
2026-08-25T04:45:00Z,2026-08-25T05:00:00Z,2026-08-25,2026-08-25_28,0.0,0,0,100,64.3478260869565,64.3478260869565,0.0,0.0,0.0,True,True,True,False,0.0,989.8069894929193,0.0,0.0,0.0,0.0,989.8069894929193
2026-08-25T05:00:00Z,2026-08-25T05:15:00Z,2026-08-25,2026-08-25_29,0.0,0,0,100,64.3478260869565,64.3478260869565,0.0,0.0,0.0,True,True,True,False,0.0,989.8069894929193,0.0,0.0,0.0,0.0,989.8069894929193
2026-08-25T05:15:00Z,2026-08-25T05:30:00Z,2026-08-25,2026-08-25_30,0.0,0,0,100,64.3478260869565,64.3478260869565,0.0,0.0,0.0,True,True,True,False,0.0,989.8069894929193,0.0,0.0,0.0,0.0,989.8069894929193
2026-08-25T05:30:00Z,2026-08-25T05:45:00Z,2026-08-25,2026-08-25_31,0.0,0,0,100,64.3478260869565,64.3478260869565,0.0,0.0,0.0,True,True,True,False,0.0,989.8069894929193,0.0,0.0,0.0,0.0,989.8069894929193
2026-08-25T05:45:00Z,2026-08-25T06:00:00Z,2026-08-25,2026-08-25_32,0.0,0,0,100,64.3478260869565,64.3478260869565,0.0,0.0,0.0,True,True,True,False,0.0,989.8069894929193,0.0,0.0,0.0,0.0,989.8069894929193
2026-08-25T06:00:00Z,2026-08-25T06:15:00Z,2026-08-25,2026-08-25_33,0.0,6,6,94,64.3478260869565,64.32971768447203,0.00049856016563147,0.09089142857142857,0.08770285714285714,True,True,True,False,0.0,930.4185701233441,6.2802649611694825,0.5276381909547738,16.341114860014358,-4.198422045291392,949.3691660901914
2026-08-25T06:15:00Z,2026-08-25T06:30:00Z,2026-08-25,2026-08-25_34,2.9270865999739625e-14,6,6,94,64.32971768447203,64.40421982608692,0.0002218572256728977,0.0024685714285714285,0.08389714285714285,True,True,True,False,1.2786246040336262e-12,930.4185701233441,6.2802649611694825,0.5276381909547738,0.3993995953794949,-4.027018142661358,933.5988547281878
2026-08-25T06:30:00Z,2026-08-25T06:45:00Z,2026-08-25,2026-08-25_35,0.0,6,6,94,64.40421982608692,64.45828732422356,0.0001535001242236025,0.0005485714285714286,0.05941714285714286,True,True,True,False,0.0,930.4185701233441,6.2802649611694825,0.5276381909547738,0.08875546563988776,-2.8435540820988066,934.4716746590094
2026-08-25T06:45:00Z,2026-08-25T07:00:00Z,2026-08-25,2026-08-25_36,0.0,6,6,94,64.45828732422356,65.00173920993785,0.0015095885714285714,0.0,0.5907085714285714,True,True,True,False,0.0,930.4185701233441,6.2802649611694825,0.5276381909547738,0.0,-21.343923402727924,915.8825498727405
2026-08-25T07:00:00Z,2026-08-25T07:15:00Z,2026-08-25,2026-08-25_37,0.0,100,100,0,65.00173920993785,60.02451486211176,0.019935591442374053,5.590857142857144,1.1954285714285715,True,True,True,False,0.0,0.0,104.92804933759709,6.281407035175881,1003.5320394178689,-49.80269747003416,1064.9387983206077
2026-08-25T07:15:00Z,2026-08-25T07:30:00Z,2026-08-25,2026-08-25_38,0.0,100,100,0,60.02451486211176,66.56666740869561,0.018566020703933747,0.06514285714285714,7.188,True,True,True,False,0.0,0.0,104.92804933759709,6.281407035175881,10.827520067871827,-109.75874600274098,12.278230437903819
2026-08-25T07:30:00Z,2026-08-25T07:45:00Z,2026-08-25,2026-08-25_39,0.0,100,100,0,66.56666740869561,84.17178740869561,0.04890311111111111,0.0,19.136,True,True,True,False,0.0,0.0,104.92804933759709,6.281407035175881,0.0,-161.52101111618703,-50.31155474341406
2026-08-25T07:45:00Z,2026-08-25T08:00:00Z,2026-08-25,2026-08-25_40,0.0,100,100,0,84.17178740869561,101.89939883726703,0.04924336507936507,0.0,19.269142857142853,True,True,True,False,0.0,0.0,104.92804933759709,6.281407035175881,0.0,774.6865902020926,885.8960465748655
2026-08-25T08:00:00Z,2026-08-25T08:15:00Z,2026-08-25,2026-08-25_41,2.027363784098112e-14,0,0,94,101.89939883726703,101.89939883726703,1.5303168660160868e-17,0.0,0.0,True,False,True,False,7.960443898261237e-13,930.4185701233441,0.0,0.0,0.0,0.0,930.4185701233449
2026-08-25T08:15:00Z,2026-08-25T08:30:00Z,2026-08-25,2026-08-25_42,-6.0,0,0,94,101.89939883726703,103.27939883726702,0.0038333333333333336,0.0,0.0,True,False,True,False,-202.07999999999998,930.4185701233441,0.0,0.0,0.0,0.0,728.3385701233442
2026-08-25T08:30:00Z,2026-08-25T08:45:00Z,2026-08-25,2026-08-25_43,-6.000000000000021,0,0,94,103.27939883726702,104.65939883726703,0.0038333333333333474,0.0,0.0,True,False,True,False,-188.71500000000069,930.4185701233441,0.0,0.0,0.0,0.0,741.7035701233434
2026-08-25T08:45:00Z,2026-08-25T09:00:00Z,2026-08-25,2026-08-25_44,-6.0,0,0,94,104.65939883726703,106.03939883726703,0.0038333333333333336,0.0,0.0,True,False,True,False,-158.37,930.4185701233441,0.0,0.0,0.0,0.0,772.0485701233441
2026-08-25T09:00:00Z,2026-08-25T09:15:00Z,2026-08-25,2026-08-25_45,-6.0,6,0,94,106.03939883726703,107.41939883726702,0.0038333333333333336,0.0,0.0,True,True,True,False,-192.69,930.4185701233441,6.249428962996801,0.0,0.0,0.0,743.9779990863409
2026-08-25T09:15:00Z,2026-08-25T09:30:00Z,2026-08-25,2026-08-25_46,-6.0,6,0,94,107.41939883726702,108.79939883726703,0.003833333333333333,0.0,0.0,True,True,True,False,-187.72500000000002,930.4185701233441,6.249428962996801,0.0,0.0,0.0,748.9429990863409
2026-08-25T09:30:00Z,2026-08-25T09:45:00Z,2026-08-25,2026-08-25_47,-6.0,6,0,94,108.79939883726703,110.17876798012418,0.0038315809523809525,0.0006857142857142857,0.0,True,True,True,False,-195.81,930.4185701233441,6.249428962996801,0.0,0.10474450172942636,0.0,740.9627435880703
2026-08-25T09:45:00Z,2026-08-25T10:00:00Z,2026-08-25,2026-08-25_48,-6.0,6,0,94,110.17876798012418,111.55305872298132,0.0038174742857142855,0.006205714285714285,0.0,True,True,True,False,-188.31,930.4185701233441,6.249428962996801,0.0,0.9851205247014291,0.0,749.3431196110423
2026-08-25T10:00:00Z,2026-08-25T10:15:00Z,2026-08-25,2026-08-25_49,-21.000000000000043,21,0,79,111.55305872298132,116.37809072298133,0.013402866666666695,0.0054,0.0,True,True,True,False,-592.2000000000012,781.9475216994063,21.878997259022388,0.0,0.8325719506624031,0.0,212.45909090908987
2026-08-25T10:15:00Z,2026-08-25T10:30:00Z,2026-08-25,2026-08-25_50,-21.000000000000043,21,0,79,116.37809072298133,121.18545872298134,0.013353800000000028,0.024599999999999997,0.0,True,True,True,False,-609.4200000000012,781.9475216994063,21.878997259022388,0.0,4.006420169026953,0.0,198.4129391274544
2026-08-25T10:30:00Z,2026-08-25T10:45:00Z,2026-08-25,2026-08-25_51,-21.000000000000124,21,0,79,121.18545872298134,125.98962512298137,0.013344906666666745,0.028080000000000004,0.0,True,True,True,False,-659.9250000000039,781.9475216994063,21.878997259022388,0.0,4.519481772498859,0.0,148.42100073092357
2026-08-25T10:45:00Z,2026-08-25T11:00:00Z,2026-08-25,2026-08-25_52,-20.99999999999998,21,0,79,125.98962512298137,130.79390192298135,0.01334521333333332,0.027960000000000002,0.0,True,True,True,False,-650.4224999999993,781.9475216994063,21.878997259022388,0.0,4.505984764732755,0.0,157.91000372316205
2026-08-25T11:00:00Z,2026-08-25T11:15:00Z,2026-08-25,2026-08-25_53,-6.0,6,0,94,130.79390192298135,132.07551975155278,0.003560049523809524,0.10693714285714287,0.0,True,True,True,False,-189.39000000000001,930.4185701233441,6.249428962996801,0.0,18.42943679436142,0.0,765.7074358807023
2026-08-25T11:15:00Z,2026-08-25T11:30:00Z,2026-08-25,2026-08-25_54,-6.0,6,0,94,132.07551975155278,133.37622100869564,0.0036130590476190477,0.0861942857142857,0.0,True,True,True,False,-193.04999999999998,930.4185701233441,6.249428962996801,0.0,15.044509051752266,0.0,758.6625081380932
2026-08-25T11:30:00Z,2026-08-25T11:45:00Z,2026-08-25,2026-08-25_55,-6.0,6,0,94,133.37622100869564,134.7558109515528,0.003832194285714286,0.0004457142857142857,0.0,True,True,True,False,-180.09,930.4185701233441,6.249428962996801,0.0,0.07211381583240879,0.0,756.6501129021733
2026-08-25T11:45:00Z,2026-08-25T12:00:00Z,2026-08-25,2026-08-25_56,-6.0,6,0,94,134.7558109515528,136.13568478012425,0.0038329828571428575,0.00013714285714285716,0.0,True,True,True,False,-178.89000000000001,930.4185701233441,6.249428962996801,0.0,0.02218886640997194,0.0,757.8001879527509
2026-08-25T12:00:00Z,2026-08-25T12:15:00Z,2026-08-25,2026-08-25_57,-6.0,6,0,94,136.13568478012425,137.51562169440996,0.003833158095238095,6.857142857142858e-05,0.0,True,True,True,False,-179.535,930.4185701233441,6.124371859296482,0.0,0.01109443320498597,0.0,757.0190364158456
2026-08-25T12:15:00Z,2026-08-25T12:30:00Z,2026-08-25,2026-08-25_58,-6.0,6,0,94,137.51562169440996,138.8808596372671,0.0037923276190476186,0.016045714285714288,0.0,True,True,True,False,-187.62,930.4185701233441,6.124371859296482,0.0,2.7198518044769306,0.0,751.6427937871175
2026-08-25T12:30:00Z,2026-08-25T12:45:00Z,2026-08-25,2026-08-25_59,-6.0,6,0,94,138.8808596372671,140.12172409440993,0.003446845714285714,0.1512342857142857,0.0,True,True,True,False,-197.28000000000003,930.4185701233441,6.124371859296482,0.0,27.172946015793254,0.0,766.4358879984338
2026-08-25T12:45:00Z,2026-08-25T13:00:00Z,2026-08-25,2026-08-25_60,-6.0,6,0,94,140.12172409440993,141.27124043726707,0.0031931009523809527,0.2505257142857143,0.0,True,True,True,False,-196.62,930.4185701233441,6.124371859296482,0.0,47.37623610259089,0.0,787.2991780852315
2026-08-25T13:00:00Z,2026-08-25T13:15:00Z,2026-08-25,2026-08-25_61,-6.0,6,0,94,141.27124043726707,142.65124043726706,0.003833333333333334,0.0,0.0,True,True,True,False,-186.3,930.4185701233441,5.9976016445865685,0.0,0.0,0.0,750.1161717679307
2026-08-25T13:15:00Z,2026-08-25T13:30:00Z,2026-08-25,2026-08-25_62,-6.0,6,0,94,142.65124043726706,144.03124043726706,0.0038333333333333344,0.0,0.0,True,True,True,False,-200.08499999999998,930.4185701233441,5.9976016445865685,0.0,0.0,0.0,736.3311717679308
2026-08-25T13:30:00Z,2026-08-25T13:45:00Z,2026-08-25,2026-08-25_63,-6.0,6,0,94,144.03124043726706,145.40906398012422,0.0038272876190476196,0.002365714285714286,0.0,True,True,True,False,-204.855,930.4185701233441,5.9976016445865685,0.0,0.39395023820400715,0.0,731.9551220061347
2026-08-25T13:45:00Z,2026-08-25T14:00:00Z,2026-08-25,2026-08-25_64,-4.634257199002172e-15,6,0,94,145.40906398012422,145.40459193043478,1.2422360248450148e-05,0.004114285714285714,0.0,True,True,True,False,-1.7984393625027675e-13,930.4185701233441,5.9976016445865685,0.0,0.6656659922991581,0.0,937.0818377602296
2026-08-25T14:00:00Z,2026-08-25T14:15:00Z,2026-08-25,2026-08-25_65,-5.893078563326896,0,0,94,145.40459193043478,146.75999999999996,0.0037650224154588507,0.0,0.0,True,False,True,False,-221.85967521284934,930.4185701233441,0.0,0.0,0.0,0.0,708.5588949104948
2026-08-25T14:15:00Z,2026-08-25T14:30:00Z,2026-08-25,2026-08-25_66,0.0,0,0,94,146.75999999999996,146.75999999999996,0.0,0.0,0.0,True,False,True,False,0.0,930.4185701233441,0.0,0.0,0.0,0.0,930.4185701233441
2026-08-25T14:30:00Z,2026-08-25T14:45:00Z,2026-08-25,2026-08-25_67,0.0,0,0,94,146.75999999999996,146.75999999999996,0.0,0.0,0.0,True,False,True,False,0.0,930.4185701233441,0.0,0.0,0.0,0.0,930.4185701233441
2026-08-25T14:45:00Z,2026-08-25T15:00:00Z,2026-08-25,2026-08-25_68,0.0,0,0,94,146.75999999999996,146.75999999999996,0.0,0.0,0.0,True,False,True,False,0.0,930.4185701233441,0.0,0.0,0.0,0.0,930.4185701233441
2026-08-25T15:00:00Z,2026-08-25T15:15:00Z,2026-08-25,2026-08-25_69,-100.0,100,0,0,146.75999999999996,149.1057371428571,0.006515936507936515,22.450285714285712,0.0,True,True,True,False,-4221.25,0.0,106.98378254910918,0.0,13450.522727925341,0.0,9336.25651047445
2026-08-25T15:15:00Z,2026-08-25T15:30:00Z,2026-08-25,2026-08-25_70,-2.694121964019627,100,0,0,149.1057371428571,131.50606211180119,0.05001279494650794,16.83142857142857,0.0,True,True,True,False,-133.29168416987105,0.0,106.98378254910918,0.0,4806.158426330789,0.0,4779.850524710027
2026-08-25T15:30:00Z,2026-08-25T15:45:00Z,2026-08-25,2026-08-25_71,0.0,100,0,0,131.50606211180119,110.07127950310553,0.05954106280193236,19.72,0.0,True,True,True,False,0.0,0.0,106.98378254910918,0.0,5667.9047129587325,0.0,5774.888495507842
2026-08-25T15:45:00Z,2026-08-25T16:00:00Z,2026-08-25,2026-08-25_72,0.0,100,0,0,110.07127950310553,88.2812173913043,0.060527950310559006,20.046857142857142,0.0,True,True,True,False,0.0,0.0,106.98378254910918,0.0,5588.7024884161065,0.0,5695.686270965216
2026-08-25T16:00:00Z,2026-08-25T16:15:00Z,2026-08-25,2026-08-25_73,0.0,0,0,100,88.2812173913043,88.2812173913043,0.0,0.0,0.0,True,True,True,False,0.0,989.8069894929193,0.0,0.0,0.0,0.0,989.8069894929193
2026-08-25T16:15:00Z,2026-08-25T16:30:00Z,2026-08-25,2026-08-25_74,0.0,0,0,100,88.2812173913043,88.2812173913043,0.0,0.0,0.0,True,True,True,False,0.0,989.8069894929193,0.0,0.0,0.0,0.0,989.8069894929193
2026-08-25T16:30:00Z,2026-08-25T16:45:00Z,2026-08-25,2026-08-25_75,0.0,0,0,100,88.2812173913043,88.2812173913043,0.0,0.0,0.0,True,True,True,False,0.0,989.8069894929193,0.0,0.0,0.0,0.0,989.8069894929193
2026-08-25T16:45:00Z,2026-08-25T17:00:00Z,2026-08-25,2026-08-25_76,0.0,0,0,100,88.2812173913043,88.2812173913043,0.0,0.0,0.0,True,True,True,False,0.0,989.8069894929193,0.0,0.0,0.0,0.0,989.8069894929193
2026-08-25T17:00:00Z,2026-08-25T17:15:00Z,2026-08-25,2026-08-25_77,0.0,0,0,100,88.2812173913043,88.2812173913043,0.0,0.0,0.0,True,True,True,False,0.0,989.8069894929193,0.0,0.0,0.0,0.0,989.8069894929193
2026-08-25T17:15:00Z,2026-08-25T17:30:00Z,2026-08-25,2026-08-25_78,0.0,0,0,100,88.2812173913043,88.2812173913043,0.0,0.0,0.0,True,True,True,False,0.0,989.8069894929193,0.0,0.0,0.0,0.0,989.8069894929193
2026-08-25T17:30:00Z,2026-08-25T17:45:00Z,2026-08-25,2026-08-25_79,0.0,0,0,100,88.2812173913043,88.2812173913043,0.0,0.0,0.0,True,True,True,False,0.0,989.8069894929193,0.0,0.0,0.0,0.0,989.8069894929193
2026-08-25T17:45:00Z,2026-08-25T18:00:00Z,2026-08-25,2026-08-25_80,0.0,0,0,100,88.2812173913043,88.2812173913043,0.0,0.0,0.0,True,True,True,False,0.0,989.8069894929193,0.0,0.0,0.0,0.0,989.8069894929193
2026-08-25T18:00:00Z,2026-08-25T18:15:00Z,2026-08-25,2026-08-25_81,28.0,0,28,72,88.2812173913043,80.7307826086956,0.02097342995169082,0.0,0.05360000000000001,True,True,True,False,1490.0900000000001,712.6610324349018,0.0,1.8147555961626316,0.0,-4.2716045378407195,2200.294183493224
2026-08-25T18:15:00Z,2026-08-25T18:30:00Z,2026-08-25,2026-08-25_82,28.0,0,28,72,80.7307826086956,73.78904347826082,0.01928260869565217,0.0,0.6135999999999999,True,True,True,False,1497.6499999999999,712.6610324349018,0.0,1.8147555961626316,0.0,-41.98516186995584,2170.1406261611087
2026-08-25T18:30:00Z,2026-08-25T18:45:00Z,2026-08-25,2026-08-25_83,28.0,0,28,72,73.78904347826082,67.59321739130431,0.017210628019323666,0.0,1.29984,True,True,True,False,1505.9099999999999,712.6610324349018,0.0,1.8147555961626316,0.0,-92.8167309273641,2127.5690571037003
2026-08-25T18:45:00Z,2026-08-25T19:00:00Z,2026-08-25,2026-08-25_84,28.0,0,28,72,67.59321739130431,64.34782608695649,0.009014975845410627,0.0,4.01424,True,True,True,False,1471.68,712.6610324349018,0.0,1.8147555961626316,0.0,-209.3554222019187,1976.800365829146
2026-08-25T19:00:00Z,2026-08-25T19:15:00Z,2026-08-25,2026-08-25_85,0.0,0,0,100,64.34782608695649,64.34782608695649,0.0,0.0,0.0,True,False,True,False,0.0,989.8069894929193,0.0,0.0,0.0,0.0,989.8069894929193
2026-08-25T19:15:00Z,2026-08-25T19:30:00Z,2026-08-25,2026-08-25_86,0.0,0,0,100,64.34782608695649,64.34782608695649,0.0,0.0,0.0,True,False,True,False,0.0,989.8069894929193,0.0,0.0,0.0,0.0,989.8069894929193
2026-08-25T19:30:00Z,2026-08-25T19:45:00Z,2026-08-25,2026-08-25_87,0.0,0,0,100,64.34782608695649,64.34782608695649,0.0,0.0,0.0,True,False,True,False,0.0,989.8069894929193,0.0,0.0,0.0,0.0,989.8069894929193
2026-08-25T19:45:00Z,2026-08-25T20:00:00Z,2026-08-25,2026-08-25_88,0.0,0,0,100,64.34782608695649,64.34782608695649,0.0,0.0,0.0,True,False,True,False,0.0,989.8069894929193,0.0,0.0,0.0,0.0,989.8069894929193
2026-08-25T20:00:00Z,2026-08-25T20:15:00Z,2026-08-25,2026-08-25_89,0.0,0,0,100,64.34782608695649,64.34782608695649,0.0,0.0,0.0,True,False,True,False,0.0,989.8069894929193,0.0,0.0,0.0,0.0,989.8069894929193
2026-08-25T20:15:00Z,2026-08-25T20:30:00Z,2026-08-25,2026-08-25_90,0.0,0,0,100,64.34782608695649,64.34782608695649,0.0,0.0,0.0,True,False,True,False,0.0,989.8069894929193,0.0,0.0,0.0,0.0,989.8069894929193
2026-08-25T20:30:00Z,2026-08-25T20:45:00Z,2026-08-25,2026-08-25_91,0.0,0,0,100,64.34782608695649,64.34782608695649,0.0,0.0,0.0,True,False,True,False,0.0,989.8069894929193,0.0,0.0,0.0,0.0,989.8069894929193
2026-08-25T20:45:00Z,2026-08-25T21:00:00Z,2026-08-25,2026-08-25_92,0.0,0,0,100,64.34782608695649,64.34782608695649,0.0,0.0,0.0,True,False,True,False,0.0,989.8069894929193,0.0,0.0,0.0,0.0,989.8069894929193
2026-08-25T21:00:00Z,2026-08-25T21:15:00Z,2026-08-26,2026-08-25_93,0.0,0,0,100,64.34782608695649,64.34782608695649,0.0,0.0,0.0,True,True,True,False,0.0,989.8446720219285,0.0,0.0,0.0,0.0,989.8446720219285
2026-08-25T21:15:00Z,2026-08-25T21:30:00Z,2026-08-26,2026-08-25_94,0.0,0,0,100,64.34782608695649,64.34782608695649,0.0,0.0,0.0,True,True,True,False,0.0,989.8446720219285,0.0,0.0,0.0,0.0,989.8446720219285
2026-08-25T21:30:00Z,2026-08-25T21:45:00Z,2026-08-26,2026-08-25_95,0.0,0,0,100,64.34782608695649,64.34782608695649,0.0,0.0,0.0,True,True,True,False,0.0,989.8446720219285,0.0,0.0,0.0,0.0,989.8446720219285
2026-08-25T21:45:00Z,2026-08-25T22:00:00Z,2026-08-26,2026-08-25_96,0.0,0,0,100,64.34782608695649,64.34782608695649,0.0,0.0,0.0,True,True,True,False,0.0,989.8446720219285,0.0,0.0,0.0,0.0,989.8446720219285
2026-08-25T22:00:00Z,2026-08-25T22:15:00Z,2026-08-26,2026-08-26_1,0.0,0,0,100,64.34782608695649,64.34782608695649,0.0,0.0,0.0,True,True,True,False,0.0,989.8446720219285,0.0,0.0,0.0,0.0,989.8446720219285
2026-08-25T22:15:00Z,2026-08-25T22:30:00Z,2026-08-26,2026-08-26_2,0.0,0,0,100,64.34782608695649,64.34782608695649,0.0,0.0,0.0,True,True,True,False,0.0,989.8446720219285,0.0,0.0,0.0,0.0,989.8446720219285
2026-08-25T22:30:00Z,2026-08-25T22:45:00Z,2026-08-26,2026-08-26_3,0.0,0,0,100,64.34782608695649,64.34782608695649,0.0,0.0,0.0,True,True,True,False,0.0,989.8446720219285,0.0,0.0,0.0,0.0,989.8446720219285
2026-08-25T22:45:00Z,2026-08-25T23:00:00Z,2026-08-26,2026-08-26_4,0.0,0,0,100,64.34782608695649,64.34782608695649,0.0,0.0,0.0,True,True,True,False,0.0,989.8446720219285,0.0,0.0,0.0,0.0,989.8446720219285
2026-08-25T23:00:00Z,2026-08-25T23:15:00Z,2026-08-26,2026-08-26_5,0.0,0,0,100,64.34782608695649,64.34782608695649,0.0,0.0,0.0,True,True,True,False,0.0,989.8446720219285,0.0,0.0,0.0,0.0,989.8446720219285
2026-08-25T23:15:00Z,2026-08-25T23:30:00Z,2026-08-26,2026-08-26_6,0.0,0,0,100,64.34782608695649,64.34782608695649,0.0,0.0,0.0,True,True,True,False,0.0,989.8446720219285,0.0,0.0,0.0,0.0,989.8446720219285
2026-08-25T23:30:00Z,2026-08-25T23:45:00Z,2026-08-26,2026-08-26_7,0.0,0,0,100,64.34782608695649,64.34782608695649,0.0,0.0,0.0,True,True,True,False,0.0,989.8446720219285,0.0,0.0,0.0,0.0,989.8446720219285
2026-08-25T23:45:00Z,2026-08-26T00:00:00Z,2026-08-26,2026-08-26_8,0.0,0,0,100,64.34782608695649,64.34782608695649,0.0,0.0,0.0,True,True,True,False,0.0,989.8446720219285,0.0,0.0,0.0,0.0,989.8446720219285
2026-08-26T00:00:00Z,2026-08-26T00:15:00Z,2026-08-26,2026-08-26_9,0.0,0,0,100,64.34782608695649,64.34782608695649,0.0,0.0,0.0,True,True,True,False,0.0,989.8446720219285,0.0,0.0,0.0,0.0,989.8446720219285
2026-08-26T00:15:00Z,2026-08-26T00:30:00Z,2026-08-26,2026-08-26_10,0.0,0,0,100,64.34782608695649,64.34782608695649,0.0,0.0,0.0,True,True,True,False,0.0,989.8446720219285,0.0,0.0,0.0,0.0,989.8446720219285
2026-08-26T00:30:00Z,2026-08-26T00:45:00Z,2026-08-26,2026-08-26_11,0.0,0,0,100,64.34782608695649,64.34782608695649,0.0,0.0,0.0,True,True,True,False,0.0,989.8446720219285,0.0,0.0,0.0,0.0,989.8446720219285
2026-08-26T00:45:00Z,2026-08-26T01:00:00Z,2026-08-26,2026-08-26_12,0.0,0,0,100,64.34782608695649,64.34782608695649,0.0,0.0,0.0,True,True,True,False,0.0,989.8446720219285,0.0,0.0,0.0,0.0,989.8446720219285
2026-08-26T01:00:00Z,2026-08-26T01:15:00Z,2026-08-26,2026-08-26_13,0.0,0,0,100,64.34782608695649,64.34782608695649,0.0,0.0,0.0,True,False,True,False,0.0,989.8446720219285,0.0,0.0,0.0,0.0,989.8446720219285
2026-08-26T01:15:00Z,2026-08-26T01:30:00Z,2026-08-26,2026-08-26_14,0.0,0,0,100,64.34782608695649,64.34782608695649,0.0,0.0,0.0,True,False,True,False,0.0,989.8446720219285,0.0,0.0,0.0,0.0,989.8446720219285
2026-08-26T01:30:00Z,2026-08-26T01:45:00Z,2026-08-26,2026-08-26_15,0.0,0,0,100,64.34782608695649,64.34782608695649,0.0,0.0,0.0,True,False,True,False,0.0,989.8446720219285,0.0,0.0,0.0,0.0,989.8446720219285
2026-08-26T01:45:00Z,2026-08-26T02:00:00Z,2026-08-26,2026-08-26_16,0.0,0,0,100,64.34782608695649,64.34782608695649,0.0,0.0,0.0,True,False,True,False,0.0,989.8446720219285,0.0,0.0,0.0,0.0,989.8446720219285
2026-08-26T02:00:00Z,2026-08-26T02:15:00Z,2026-08-26,2026-08-26_17,0.0,0,0,100,64.34782608695649,64.34782608695649,0.0,0.0,0.0,True,False,True,False,0.0,989.8446720219285,0.0,0.0,0.0,0.0,989.8446720219285
2026-08-26T02:15:00Z,2026-08-26T02:30:00Z,2026-08-26,2026-08-26_18,0.0,0,0,100,64.34782608695649,64.34782608695649,0.0,0.0,0.0,True,False,True,False,0.0,989.8446720219285,0.0,0.0,0.0,0.0,989.8446720219285
2026-08-26T02:30:00Z,2026-08-26T02:45:00Z,2026-08-26,2026-08-26_19,0.0,0,0,100,64.34782608695649,64.34782608695649,0.0,0.0,0.0,True,False,True,False,0.0,989.8446720219285,0.0,0.0,0.0,0.0,989.8446720219285
2026-08-26T02:45:00Z,2026-08-26T03:00:00Z,2026-08-26,2026-08-26_20,0.0,0,0,100,64.34782608695649,64.34782608695649,0.0,0.0,0.0,True,False,True,False,0.0,989.8446720219285,0.0,0.0,0.0,0.0,989.8446720219285
2026-08-26T03:00:00Z,2026-08-26T03:15:00Z,2026-08-26,2026-08-26_21,0.0,0,0,100,64.34782608695649,64.34782608695649,0.0,0.0,0.0,True,True,True,False,0.0,989.8446720219285,0.0,0.0,0.0,0.0,989.8446720219285
2026-08-26T03:15:00Z,2026-08-26T03:30:00Z,2026-08-26,2026-08-26_22,0.0,0,0,100,64.34782608695649,64.34782608695649,0.0,0.0,0.0,True,True,True,False,0.0,989.8446720219285,0.0,0.0,0.0,0.0,989.8446720219285
2026-08-26T03:30:00Z,2026-08-26T03:45:00Z,2026-08-26,2026-08-26_23,0.0,0,0,100,64.34782608695649,64.34782608695649,0.0,0.0,0.0,True,True,True,False,0.0,989.8446720219285,0.0,0.0,0.0,0.0,989.8446720219285
2026-08-26T03:45:00Z,2026-08-26T04:00:00Z,2026-08-26,2026-08-26_24,0.0,0,0,100,64.34782608695649,64.34782608695649,0.0,0.0,0.0,True,True,True,False,0.0,989.8446720219285,0.0,0.0,0.0,0.0,989.8446720219285
2026-08-26T04:00:00Z,2026-08-26T04:15:00Z,2026-08-26,2026-08-26_25,0.0,0,0,100,64.34782608695649,64.34782608695649,0.0,0.0,0.0,True,True,True,False,0.0,989.8446720219285,0.0,0.0,0.0,0.0,989.8446720219285
2026-08-26T04:15:00Z,2026-08-26T04:30:00Z,2026-08-26,2026-08-26_26,0.0,0,0,100,64.34782608695649,64.34782608695649,0.0,0.0,0.0,True,True,True,False,0.0,989.8446720219285,0.0,0.0,0.0,0.0,989.8446720219285
2026-08-26T04:30:00Z,2026-08-26T04:45:00Z,2026-08-26,2026-08-26_27,0.0,0,0,100,64.34782608695649,64.34782608695649,0.0,0.0,0.0,True,True,True,False,0.0,989.8446720219285,0.0,0.0,0.0,0.0,989.8446720219285
2026-08-26T04:45:00Z,2026-08-26T05:00:00Z,2026-08-26,2026-08-26_28,0.0,0,0,100,64.34782608695649,64.34782608695649,0.0,0.0,0.0,True,True,True,False,0.0,989.8446720219285,0.0,0.0,0.0,0.0,989.8446720219285
2026-08-26T05:00:00Z,2026-08-26T05:15:00Z,2026-08-26,2026-08-26_29,0.0,0,0,100,64.34782608695649,64.34782608695649,0.0,0.0,0.0,True,True,True,False,0.0,989.8446720219285,0.0,0.0,0.0,0.0,989.8446720219285
2026-08-26T05:15:00Z,2026-08-26T05:30:00Z,2026-08-26,2026-08-26_30,0.0,0,0,100,64.34782608695649,64.34782608695649,0.0,0.0,0.0,True,True,True,False,0.0,989.8446720219285,0.0,0.0,0.0,0.0,989.8446720219285
2026-08-26T05:30:00Z,2026-08-26T05:45:00Z,2026-08-26,2026-08-26_31,0.0,0,0,100,64.34782608695649,64.34782608695649,0.0,0.0,0.0,True,True,True,False,0.0,989.8446720219285,0.0,0.0,0.0,0.0,989.8446720219285
2026-08-26T05:45:00Z,2026-08-26T06:00:00Z,2026-08-26,2026-08-26_32,0.0,0,0,100,64.34782608695649,64.34782608695649,0.0,0.0,0.0,True,True,True,False,0.0,989.8446720219285,0.0,0.0,0.0,0.0,989.8446720219285
2026-08-26T06:00:00Z,2026-08-26T06:15:00Z,2026-08-26,2026-08-26_33,0.0,6,6,94,64.34782608695649,63.80204879503101,0.0015537242236024842,0.5083542857142856,0.0073714285714285704,True,True,True,False,0.0,930.4539917006128,6.294209464346899,0.3357825408307001,113.47746139044645,-0.5276126590126665,1050.0338324372242
2026-08-26T06:15:00Z,2026-08-26T06:30:00Z,2026-08-26,2026-08-26_34,0.0,6,6,94,63.80204879503101,62.77191214906828,0.0028614906832298134,0.9477257142857143,0.0,True,True,True,False,0.0,930.4539917006128,6.294209464346899,0.3357825408307001,234.61325835241394,0.0,1171.6972420582044
2026-08-26T06:30:00Z,2026-08-26T06:45:00Z,2026-08-26,2026-08-26_35,0.0,6,6,94,62.77191214906828,62.29147758509312,0.0013569709316770186,0.44571428571428573,0.004388571428571429,True,True,True,False,0.0,930.4539917006128,6.294209464346899,0.3357825408307001,93.3419075537475,-0.34751698219928323,1030.0783742773388
2026-08-26T06:45:00Z,2026-08-26T07:00:00Z,2026-08-26,2026-08-26_36,0.0,6,6,94,62.29147758509312,62.37974338385089,0.0002505657971014493,0.0008914285714285714,0.09699428571428573,True,True,True,False,0.0,930.4539917006128,6.294209464346899,0.3357825408307001,0.14423312249481968,-7.450100547672529,929.7781162806127
2026-08-26T07:00:00Z,2026-08-26T07:15:00Z,2026-08-26,2026-08-26_37,2.0,4,6,94,62.37974338385089,61.84335346086952,0.0015254869289164942,0.002834285714285714,0.010422857142857142,True,True,True,False,95.71,930.4539917006128,4.216697757642669,0.279247725282674,0.47798830689240707,-0.8253528327232975,1030.3125726577073
2026-08-26T07:15:00Z,2026-08-26T07:30:00Z,2026-08-26,2026-08-26_38,1.9999999999999951,4,6,94,61.84335346086952,61.44007389813661,0.0016119391028295343,0.0005485714285714285,0.14430857142857142,True,True,True,False,90.32499999999978,930.4539917006128,4.216697757642669,0.279247725282674,0.09174354350107956,-8.57052929422578,1016.7961514328133
2026-08-26T07:30:00Z,2026-08-26T07:45:00Z,2026-08-26,2026-08-26_39,2.0,4,6,94,61.44007389813661,61.66576636024841,0.00205935966873706,0.0,0.7883657142857143,True,True,True,False,84.685,930.4539917006128,4.216697757642669,0.279247725282674,0.0,-34.299025880382224,985.335911303156
2026-08-26T07:45:00Z,2026-08-26T08:00:00Z,2026-08-26,2026-08-26_40,0.0,4,6,94,61.66576636024841,62.37652156024841,0.0019743200000000003,0.0,0.7725600000000001,True,True,True,False,0.0,930.4539917006128,4.216697757642669,0.279247725282674,0.0,-33.15505048920699,901.7948866943312
2026-08-26T08:00:00Z,2026-08-26T08:15:00Z,2026-08-26,2026-08-26_41,4.745599341714311,0,0,94,62.37652156024841,61.08695652173909,0.003582125106970344,0.0,0.0,True,False,True,False,213.50451438372687,930.4539917006128,0.0,0.0,0.0,0.0,1143.9585060843397
2026-08-26T08:15:00Z,2026-08-26T08:30:00Z,2026-08-26,2026-08-26_42,0.0,0,0,94,61.08695652173909,61.08695652173909,0.0,0.0,0.0,True,False,True,False,0.0,930.4539917006128,0.0,0.0,0.0,0.0,930.4539917006128
2026-08-26T08:30:00Z,2026-08-26T08:45:00Z,2026-08-26,2026-08-26_43,0.0,0,0,94,61.08695652173909,61.08695652173909,0.0,0.0,0.0,True,False,True,False,0.0,930.4539917006128,0.0,0.0,0.0,0.0,930.4539917006128
2026-08-26T08:45:00Z,2026-08-26T09:00:00Z,2026-08-26,2026-08-26_44,0.0,0,0,94,61.08695652173909,61.08695652173909,0.0,0.0,0.0,True,False,True,False,0.0,930.4539917006128,0.0,0.0,0.0,0.0,930.4539917006128
2026-08-26T09:00:00Z,2026-08-26T09:15:00Z,2026-08-26,2026-08-26_45,100.00000000000004,0,100,0,61.08695652173909,59.67453416149063,0.003923395445134606,0.0,23.70057142857143,True,True,True,False,3565.0000000000014,0.0,0.0,19.95850306468192,0.0,-751.2549691356346,2833.7035339290487
2026-08-26T09:15:00Z,2026-08-26T09:30:00Z,2026-08-26,2026-08-26_46,100.00000000000001,0,100,0,59.67453416149063,56.71925465838503,0.008209109730848879,0.0,22.281142857142854,True,True,True,False,3324.5,0.0,0.0,19.95850306468192,0.0,-667.7429569965573,2676.7155460681247
2026-08-26T09:30:00Z,2026-08-26T09:45:00Z,2026-08-26,2026-08-26_47,53.2107764741133,0,100,0,56.71925465838503,54.30649349565212,0.03525875090279199,0.0,11.941142857142856,True,True,True,False,1806.1067804725908,0.0,0.0,19.95850306468192,0.0,-353.64503543283524,1472.4202481044374
2026-08-26T09:45:00Z,2026-08-26T10:00:00Z,2026-08-26,2026-08-26_48,0.0,0,100,0,54.30649349565212,65.7066077813664,0.03166698412698413,0.0,12.391428571428571,True,True,True,False,0.0,0.0,0.0,19.95850306468192,0.0,-417.62515595342336,-397.66665288874145
2026-08-26T10:00:00Z,2026-08-26T10:15:00Z,2026-08-26,2026-08-26_49,0.0,100,100,0,65.7066077813664,86.68208206708069,0.05826520634920636,0.0,22.799428571428574,True,True,True,False,0.0,0.0,106.3311379297217,20.44390299615487,0.0,-253.28744247263,-126.51240154675344
2026-08-26T10:15:00Z,2026-08-26T10:30:00Z,2026-08-26,2026-08-26_50,0.0,100,100,0,86.68208206708069,105.31970492422354,0.0517711746031746,0.0,20.258285714285712,True,True,True,False,0.0,0.0,106.3311379297217,20.44390299615487,0.0,-454.03178132257193,-327.25674039669536
2026-08-26T10:30:00Z,2026-08-26T10:45:00Z,2026-08-26,2026-08-26_51,0.0,100,100,0,105.31970492422354,106.98574815403721,0.004759022774327122,0.021714285714285714,1.8365714285714283,True,True,True,False,0.0,0.0,106.3311379297217,20.44390299615487,3.550678798492404,-90.35676922156533,39.96895050280365
2026-08-26T10:45:00Z,2026-08-26T11:00:00Z,2026-08-26,2026-08-26_52,0.0,100,100,0,106.98574815403721,108.52705697391299,0.004474650103519669,0.032,1.713142857142857,True,True,True,False,0.0,0.0,106.3311379297217,20.44390299615487,5.31617619065748,-83.9490219667263,48.14219514980775
2026-08-26T11:00:00Z,2026-08-26T11:15:00Z,2026-08-26,2026-08-26_53,-6.0,6,0,94,108.52705697391299,109.46813811677013,0.002614114285714286,0.4770857142857142,0.0,True,True,True,False,-196.215,930.4539917006128,6.379868275783301,0.0,86.41150748630817,0.0,827.0303674627044
2026-08-26T11:15:00Z,2026-08-26T11:30:00Z,2026-08-26,2026-08-26_54,0.0,6,0,94,109.46813811677013,109.2692064397515,0.0005525879917184266,0.18301714285714288,0.0,True,True,True,False,0.0,930.4539917006128,6.379868275783301,0.0,32.69841951824397,0.0,969.5322794946401
2026-08-26T11:30:00Z,2026-08-26T11:45:00Z,2026-08-26,2026-08-26_55,-6.0,6,0,94,109.2692064397515,110.34961238260864,0.0030011276190476193,0.32564571428571426,0.0,True,True,True,False,-175.10999999999999,930.4539917006128,6.379868275783301,0.0,58.962925278323155,0.0,820.6867852547193
2026-08-26T11:45:00Z,2026-08-26T12:00:00Z,2026-08-26,2026-08-26_56,-6.0,6,0,94,110.34961238260864,110.88940529689435,0.0014994247619047616,0.9132685714285715,0.0,True,True,True,False,-194.77499999999998,930.4539917006128,6.379868275783301,0.0,185.81140460654055,0.0,927.8702645829367
2026-08-26T12:00:00Z,2026-08-26T12:15:00Z,2026-08-26,2026-08-26_57,0.0,0,0,94,110.88940529689435,110.88940529689435,0.0,0.0,0.0,True,False,True,False,0.0,930.4539917006128,0.0,0.0,0.0,0.0,930.4539917006128
2026-08-26T12:15:00Z,2026-08-26T12:30:00Z,2026-08-26,2026-08-26_58,6.0,0,0,94,110.88940529689435,109.25897051428565,0.004528985507246377,0.0,0.0,True,False,True,False,226.26,930.4539917006128,0.0,0.0,0.0,0.0,1156.713991700613
2026-08-26T12:30:00Z,2026-08-26T12:45:00Z,2026-08-26,2026-08-26_59,0.0,0,0,94,109.25897051428565,109.25897051428565,0.0,0.0,0.0,True,False,True,False,0.0,930.4539917006128,0.0,0.0,0.0,0.0,930.4539917006128
2026-08-26T12:45:00Z,2026-08-26T13:00:00Z,2026-08-26,2026-08-26_60,0.0,0,0,94,109.25897051428565,109.25897051428565,0.0,0.0,0.0,True,False,True,False,0.0,930.4539917006128,0.0,0.0,0.0,0.0,930.4539917006128
2026-08-26T13:00:00Z,2026-08-26T13:15:00Z,2026-08-26,2026-08-26_61,-100.0,100,0,0,109.25897051428565,117.13049051428565,0.02186533333333333,16.444,0.0,True,True,True,False,-3382.75,0.0,102.41938554079262,0.0,5043.932657707389,0.0,1763.6020432481814
2026-08-26T13:15:00Z,2026-08-26T13:30:00Z,2026-08-26,2026-08-26_62,-100.0,100,0,0,117.13049051428565,123.76290194285708,0.018423365079365078,17.790857142857146,0.0,True,True,True,False,-3386.2499999999995,0.0,102.41938554079262,0.0,5585.504181346503,0.0,2301.673566887296
2026-08-26T13:30:00Z,2026-08-26T13:45:00Z,2026-08-26,2026-08-26_63,-100.0,100,0,0,123.76290194285708,139.4176219428571,0.04348533333333334,7.983999999999999,0.0,True,True,True,False,-3189.25,0.0,102.41938554079262,0.0,1666.598828948871,0.0,-1420.2317855103365
2026-08-26T13:45:00Z,2026-08-26T14:00:00Z,2026-08-26,2026-08-26_64,-100.0,100,0,0,139.4176219428571,146.7597476571428,0.02039479365079365,17.01942857142857,0.0,True,True,True,False,-3429.9999999999995,0.0,102.41938554079262,0.0,4652.805425601922,0.0,1325.2248111427152
2026-08-26T14:00:00Z,2026-08-26T14:15:00Z,2026-08-26,2026-08-26_65,0.0,1,6,94,146.7597476571428,146.72666459627325,9.329929606625257e-05,0.030668571428571427,0.0002742857142857143,True,True,True,False,0.0,930.4539917006128,1.018197738607378,0.3374957170594281,5.518328798220471,-0.022189711153049185,937.305824243347
2026-08-26T14:15:00Z,2026-08-26T14:30:00Z,2026-08-26,2026-08-26_66,0.3921478599944737,1,6,94,146.72666459627325,146.54107125465833,0.0005178300484719894,0.07311999999999999,0.00048000000000000007,True,True,True,False,14.464373815896161,930.4539917006128,1.018197738607378,0.3374957170594281,21.778093425210336,-0.038831994517836074,968.0133204028683
2026-08-26T14:30:00Z,2026-08-26T14:45:00Z,2026-08-26,2026-08-26_67,5.0,1,6,94,146.54107125465833,145.12215009192542,0.003941506086956522,0.05547428571428571,6.857142857142858e-05,True,True,True,False,215.1875,930.4539917006128,1.018197738607378,0.3374957170594281,11.300464904905123,-0.005234161277866307,1158.292415899907
2026-08-26T14:45:00Z,2026-08-26T15:00:00Z,2026-08-26,2026-08-26_68,5.0,1,6,94,145.12215009192542,143.99999999999994,0.003307450572808834,0.00013142857142857143,0.2234742857142857,True,True,True,False,250.48749999999998,930.4539917006128,1.018197738607378,0.3374957170594281,0.021265139855005468,-12.329413336669042,1169.9890369594657
2026-08-26T15:00:00Z,2026-08-26T15:15:00Z,2026-08-26,2026-08-26_69,1.2802347733220373e-13,0,0,100,143.99999999999994,143.99999999999991,9.663607890413929e-17,0.0,0.0,True,True,True,False,4.987474618169327e-12,989.8446720219285,0.0,0.0,0.0,0.0,989.8446720219335
2026-08-26T15:15:00Z,2026-08-26T15:30:00Z,2026-08-26,2026-08-26_70,0.0,0,0,100,143.99999999999991,143.99999999999991,0.0,0.0,0.0,True,True,True,False,0.0,989.8446720219285,0.0,0.0,0.0,0.0,989.8446720219285
2026-08-26T15:30:00Z,2026-08-26T15:45:00Z,2026-08-26,2026-08-26_71,-1.2357264969740872e-13,0,0,100,143.99999999999991,143.99999999999994,7.894919286223336e-17,0.0,0.0,True,True,True,False,-6.29386398071327e-12,989.8446720219285,0.0,0.0,0.0,0.0,989.8446720219223
2026-08-26T15:45:00Z,2026-08-26T16:00:00Z,2026-08-26,2026-08-26_72,0.0,0,0,100,143.99999999999994,143.99999999999994,0.0,0.0,0.0,True,True,True,False,0.0,989.8446720219285,0.0,0.0,0.0,0.0,989.8446720219285
2026-08-26T16:00:00Z,2026-08-26T16:15:00Z,2026-08-26,2026-08-26_73,0.0,0,0,100,143.99999999999994,143.99999999999994,0.0,0.0,0.0,True,True,True,False,0.0,989.8446720219285,0.0,0.0,0.0,0.0,989.8446720219285
2026-08-26T16:15:00Z,2026-08-26T16:30:00Z,2026-08-26,2026-08-26_74,0.0,0,0,100,143.99999999999994,143.99999999999994,0.0,0.0,0.0,True,True,True,False,0.0,989.8446720219285,0.0,0.0,0.0,0.0,989.8446720219285
2026-08-26T16:30:00Z,2026-08-26T16:45:00Z,2026-08-26,2026-08-26_75,0.0,0,0,100,143.99999999999994,143.99999999999994,0.0,0.0,0.0,True,True,True,False,0.0,989.8446720219285,0.0,0.0,0.0,0.0,989.8446720219285
2026-08-26T16:45:00Z,2026-08-26T17:00:00Z,2026-08-26,2026-08-26_76,0.0,0,0,100,143.99999999999994,143.99999999999994,0.0,0.0,0.0,True,True,True,False,0.0,989.8446720219285,0.0,0.0,0.0,0.0,989.8446720219285
2026-08-26T17:00:00Z,2026-08-26T17:15:00Z,2026-08-26,2026-08-26_77,1.230899440345283e-14,100,57,0,143.99999999999994,141.2830268322981,0.008004957211870264,2.575428571428571,0.08957142857142858,True,True,True,False,7.188452731616452e-13,0.0,79.29150645296379,2.685403738531236,465.14100952308434,-6.905323899080325,540.2125958154998
2026-08-26T17:15:00Z,2026-08-26T17:30:00Z,2026-08-26,2026-08-26_78,0.0,100,57,0,141.2830268322981,127.60103925465836,0.038005521048999305,12.587428571428571,0.0,True,True,True,False,0.0,0.0,79.29150645296379,2.685403738531236,3699.2649301404804,0.0,3781.2418403319753
2026-08-26T17:30:00Z,2026-08-26T17:45:00Z,2026-08-26,2026-08-26_79,-42.98999259881825,100,57,0,127.60103925465836,115.24117068322978,0.04111184864881712,21.91485714285714,0.0,True,True,True,False,-2623.1418733983924,0.0,79.29150645296379,2.685403738531236,7294.634730161147,0.0,4753.469766954249
2026-08-26T17:45:00Z,2026-08-26T18:00:00Z,2026-08-26,2026-08-26_80,0.0,100,57,0,115.24117068322978,89.84924521739127,0.07053312629399586,23.36057142857143,0.0,True,True,True,False,0.0,0.0,79.29150645296379,2.685403738531236,8806.562790682498,0.0,8888.539700873993
2026-08-26T18:00:00Z,2026-08-26T18:15:00Z,2026-08-26,2026-08-26_81,0.0,0,0,100,89.84924521739127,89.84924521739127,0.0,0.0,0.0,True,True,True,False,0.0,989.8446720219285,0.0,0.0,0.0,0.0,989.8446720219285
2026-08-26T18:15:00Z,2026-08-26T18:30:00Z,2026-08-26,2026-08-26_82,0.0,0,0,100,89.84924521739127,89.84924521739127,0.0,0.0,0.0,True,True,True,False,0.0,989.8446720219285,0.0,0.0,0.0,0.0,989.8446720219285
2026-08-26T18:30:00Z,2026-08-26T18:45:00Z,2026-08-26,2026-08-26_83,0.0,0,0,100,89.84924521739127,89.84924521739127,0.0,0.0,0.0,True,True,True,False,0.0,989.8446720219285,0.0,0.0,0.0,0.0,989.8446720219285
2026-08-26T18:45:00Z,2026-08-26T19:00:00Z,2026-08-26,2026-08-26_84,0.0,0,0,100,89.84924521739127,89.84924521739127,0.0,0.0,0.0,True,True,True,False,0.0,989.8446720219285,0.0,0.0,0.0,0.0,989.8446720219285
2026-08-26T19:00:00Z,2026-08-26T19:15:00Z,2026-08-26,2026-08-26_85,0.0,0,0,100,89.84924521739127,89.84924521739127,0.0,0.0,0.0,True,True,True,False,0.0,989.8446720219285,0.0,0.0,0.0,0.0,989.8446720219285
2026-08-26T19:15:00Z,2026-08-26T19:30:00Z,2026-08-26,2026-08-26_86,0.0,0,0,100,89.84924521739127,89.84924521739127,0.0,0.0,0.0,True,True,True,False,0.0,989.8446720219285,0.0,0.0,0.0,0.0,989.8446720219285
2026-08-26T19:30:00Z,2026-08-26T19:45:00Z,2026-08-26,2026-08-26_87,0.0,0,0,100,89.84924521739127,89.84924521739127,0.0,0.0,0.0,True,True,True,False,0.0,989.8446720219285,0.0,0.0,0.0,0.0,989.8446720219285
2026-08-26T19:45:00Z,2026-08-26T20:00:00Z,2026-08-26,2026-08-26_88,0.0,0,0,100,89.84924521739127,89.84924521739127,0.0,0.0,0.0,True,True,True,False,0.0,989.8446720219285,0.0,0.0,0.0,0.0,989.8446720219285
2026-08-26T20:00:00Z,2026-08-26T20:15:00Z,2026-08-26,2026-08-26_89,0.0,100,100,0,89.84924521739127,79.49937888198755,0.030846644582470672,9.869142857142858,0.41028571428571425,True,True,True,False,0.0,0.0,108.12997296988615,4.71123462900217,2863.283803360001,-26.807353496239166,2949.31765746265
2026-08-26T20:15:00Z,2026-08-26T20:30:00Z,2026-08-26,2026-08-26_90,0.0,100,100,0,79.49937888198755,59.33850931677016,0.0560024154589372,18.548000000000002,0.0,True,True,True,False,0.0,0.0,108.12997296988615,4.71123462900217,8719.756074161496,0.0,8832.597281760385
2026-08-26T20:30:00Z,2026-08-26T20:45:00Z,2026-08-26,2026-08-26_91,0.0,100,100,0,59.33850931677016,35.48198757763973,0.06626811594202897,21.947999999999997,0.0,True,True,True,False,0.0,0.0,108.12997296988615,4.71123462900217,11964.037205619215,0.0,12076.878413218104
2026-08-26T20:45:00Z,2026-08-26T21:00:00Z,2026-08-26,2026-08-26_92,0.0,100,100,0,35.48198757763973,9.999999999999975,0.07078329882677709,23.443428571428573,0.0,True,True,True,False,0.0,0.0,108.12997296988615,4.71123462900217,11289.835583594842,0.0,11402.676791193731
2026-08-26T21:00:00Z,2026-08-26T21:15:00Z,2026-08-27,2026-08-26_93,-6.178632484870436e-14,0,0,0,9.999999999999975,9.99999999999999,3.947459643111668e-17,0.0,0.0,True,False,True,False,-3.7221626746980725e-12,0.0,0.0,0.0,0.0,0.0,-3.7221626746980725e-12
2026-08-26T21:15:00Z,2026-08-26T21:30:00Z,2026-08-27,2026-08-26_94,-36.294896030245724,0,0,0,9.99999999999999,18.347826086956506,0.023188405797101432,0.0,0.0,True,False,True,False,-2099.7504725897907,0.0,0.0,0.0,0.0,0.0,-2099.7504725897907
2026-08-26T21:30:00Z,2026-08-26T21:45:00Z,2026-08-27,2026-08-26_95,-100.0,0,0,0,18.347826086956506,41.3478260869565,0.06388888888888888,0.0,0.0,True,False,True,False,-5652.0,0.0,0.0,0.0,0.0,0.0,-5652.0
2026-08-26T21:45:00Z,2026-08-26T22:00:00Z,2026-08-27,2026-08-26_96,-100.0,0,0,0,41.3478260869565,64.3478260869565,0.06388888888888888,0.0,0.0,True,False,True,False,-5372.25,0.0,0.0,0.0,0.0,0.0,-5372.25
2026-08-26T22:00:00Z,2026-08-26T22:15:00Z,2026-08-27,2026-08-27_1,0.0,0,0,100,64.3478260869565,64.3478260869565,0.0,0.0,0.0,True,True,True,False,0.0,988.8094468424957,0.0,0.0,0.0,0.0,988.8094468424957
2026-08-26T22:15:00Z,2026-08-26T22:30:00Z,2026-08-27,2026-08-27_2,0.0,0,0,100,64.3478260869565,64.3478260869565,0.0,0.0,0.0,True,True,True,False,0.0,988.8094468424957,0.0,0.0,0.0,0.0,988.8094468424957
2026-08-26T22:30:00Z,2026-08-26T22:45:00Z,2026-08-27,2026-08-27_3,0.0,0,0,100,64.3478260869565,64.3478260869565,0.0,0.0,0.0,True,True,True,False,0.0,988.8094468424957,0.0,0.0,0.0,0.0,988.8094468424957
2026-08-26T22:45:00Z,2026-08-26T23:00:00Z,2026-08-27,2026-08-27_4,0.0,0,0,100,64.3478260869565,64.3478260869565,0.0,0.0,0.0,True,True,True,False,0.0,988.8094468424957,0.0,0.0,0.0,0.0,988.8094468424957
2026-08-26T23:00:00Z,2026-08-26T23:15:00Z,2026-08-27,2026-08-27_5,0.0,0,0,100,64.3478260869565,64.3478260869565,0.0,0.0,0.0,True,True,True,False,0.0,988.8094468424957,0.0,0.0,0.0,0.0,988.8094468424957
2026-08-26T23:15:00Z,2026-08-26T23:30:00Z,2026-08-27,2026-08-27_6,0.0,0,0,100,64.3478260869565,64.3478260869565,0.0,0.0,0.0,True,True,True,False,0.0,988.8094468424957,0.0,0.0,0.0,0.0,988.8094468424957
2026-08-26T23:30:00Z,2026-08-26T23:45:00Z,2026-08-27,2026-08-27_7,0.0,0,0,100,64.3478260869565,64.3478260869565,0.0,0.0,0.0,True,True,True,False,0.0,988.8094468424957,0.0,0.0,0.0,0.0,988.8094468424957
2026-08-26T23:45:00Z,2026-08-27T00:00:00Z,2026-08-27,2026-08-27_8,0.0,0,0,100,64.3478260869565,64.3478260869565,0.0,0.0,0.0,True,True,True,False,0.0,988.8094468424957,0.0,0.0,0.0,0.0,988.8094468424957
2026-08-27T00:00:00Z,2026-08-27T00:15:00Z,2026-08-27,2026-08-27_9,0.0,0,0,100,64.3478260869565,64.3478260869565,0.0,0.0,0.0,True,True,True,False,0.0,988.8094468424957,0.0,0.0,0.0,0.0,988.8094468424957
2026-08-27T00:15:00Z,2026-08-27T00:30:00Z,2026-08-27,2026-08-27_10,0.0,0,0,100,64.3478260869565,64.3478260869565,0.0,0.0,0.0,True,True,True,False,0.0,988.8094468424957,0.0,0.0,0.0,0.0,988.8094468424957
2026-08-27T00:30:00Z,2026-08-27T00:45:00Z,2026-08-27,2026-08-27_11,0.0,0,0,100,64.3478260869565,64.3478260869565,0.0,0.0,0.0,True,True,True,False,0.0,988.8094468424957,0.0,0.0,0.0,0.0,988.8094468424957
2026-08-27T00:45:00Z,2026-08-27T01:00:00Z,2026-08-27,2026-08-27_12,0.0,0,0,100,64.3478260869565,64.3478260869565,0.0,0.0,0.0,True,True,True,False,0.0,988.8094468424957,0.0,0.0,0.0,0.0,988.8094468424957
2026-08-27T01:00:00Z,2026-08-27T01:15:00Z,2026-08-27,2026-08-27_13,0.0,0,0,100,64.3478260869565,64.3478260869565,0.0,0.0,0.0,True,True,True,False,0.0,988.8094468424957,0.0,0.0,0.0,0.0,988.8094468424957
2026-08-27T01:15:00Z,2026-08-27T01:30:00Z,2026-08-27,2026-08-27_14,0.0,0,0,100,64.3478260869565,64.3478260869565,0.0,0.0,0.0,True,True,True,False,0.0,988.8094468424957,0.0,0.0,0.0,0.0,988.8094468424957
2026-08-27T01:30:00Z,2026-08-27T01:45:00Z,2026-08-27,2026-08-27_15,0.0,0,0,100,64.3478260869565,64.3478260869565,0.0,0.0,0.0,True,True,True,False,0.0,988.8094468424957,0.0,0.0,0.0,0.0,988.8094468424957
2026-08-27T01:45:00Z,2026-08-27T02:00:00Z,2026-08-27,2026-08-27_16,0.0,0,0,100,64.3478260869565,64.3478260869565,0.0,0.0,0.0,True,True,True,False,0.0,988.8094468424957,0.0,0.0,0.0,0.0,988.8094468424957
2026-08-27T02:00:00Z,2026-08-27T02:15:00Z,2026-08-27,2026-08-27_17,0.0,0,0,100,64.3478260869565,64.3478260869565,0.0,0.0,0.0,True,True,True,False,0.0,988.8094468424957,0.0,0.0,0.0,0.0,988.8094468424957
2026-08-27T02:15:00Z,2026-08-27T02:30:00Z,2026-08-27,2026-08-27_18,0.0,0,0,100,64.3478260869565,64.3478260869565,0.0,0.0,0.0,True,True,True,False,0.0,988.8094468424957,0.0,0.0,0.0,0.0,988.8094468424957
2026-08-27T02:30:00Z,2026-08-27T02:45:00Z,2026-08-27,2026-08-27_19,0.0,0,0,100,64.3478260869565,64.3478260869565,0.0,0.0,0.0,True,True,True,False,0.0,988.8094468424957,0.0,0.0,0.0,0.0,988.8094468424957
2026-08-27T02:45:00Z,2026-08-27T03:00:00Z,2026-08-27,2026-08-27_20,0.0,0,0,100,64.3478260869565,64.3478260869565,0.0,0.0,0.0,True,True,True,False,0.0,988.8094468424957,0.0,0.0,0.0,0.0,988.8094468424957
2026-08-27T03:00:00Z,2026-08-27T03:15:00Z,2026-08-27,2026-08-27_21,0.0,0,0,100,64.3478260869565,64.3478260869565,0.0,0.0,0.0,True,True,True,False,0.0,988.8094468424957,0.0,0.0,0.0,0.0,988.8094468424957
2026-08-27T03:15:00Z,2026-08-27T03:30:00Z,2026-08-27,2026-08-27_22,0.0,0,0,100,64.3478260869565,64.3478260869565,0.0,0.0,0.0,True,True,True,False,0.0,988.8094468424957,0.0,0.0,0.0,0.0,988.8094468424957
2026-08-27T03:30:00Z,2026-08-27T03:45:00Z,2026-08-27,2026-08-27_23,0.0,0,0,100,64.3478260869565,64.3478260869565,0.0,0.0,0.0,True,True,True,False,0.0,988.8094468424957,0.0,0.0,0.0,0.0,988.8094468424957
2026-08-27T03:45:00Z,2026-08-27T04:00:00Z,2026-08-27,2026-08-27_24,0.0,0,0,100,64.3478260869565,64.3478260869565,0.0,0.0,0.0,True,True,True,False,0.0,988.8094468424957,0.0,0.0,0.0,0.0,988.8094468424957
2026-08-27T04:00:00Z,2026-08-27T04:15:00Z,2026-08-27,2026-08-27_25,0.0,0,0,100,64.3478260869565,64.3478260869565,0.0,0.0,0.0,True,True,True,False,0.0,988.8094468424957,0.0,0.0,0.0,0.0,988.8094468424957
2026-08-27T04:15:00Z,2026-08-27T04:30:00Z,2026-08-27,2026-08-27_26,0.0,0,0,100,64.3478260869565,64.3478260869565,0.0,0.0,0.0,True,True,True,False,0.0,988.8094468424957,0.0,0.0,0.0,0.0,988.8094468424957
2026-08-27T04:30:00Z,2026-08-27T04:45:00Z,2026-08-27,2026-08-27_27,0.0,0,0,100,64.3478260869565,64.3478260869565,0.0,0.0,0.0,True,True,True,False,0.0,988.8094468424957,0.0,0.0,0.0,0.0,988.8094468424957
2026-08-27T04:45:00Z,2026-08-27T05:00:00Z,2026-08-27,2026-08-27_28,0.0,0,0,100,64.3478260869565,64.3478260869565,0.0,0.0,0.0,True,True,True,False,0.0,988.8094468424957,0.0,0.0,0.0,0.0,988.8094468424957
2026-08-27T05:00:00Z,2026-08-27T05:15:00Z,2026-08-27,2026-08-27_29,0.0,0,0,100,64.3478260869565,64.3478260869565,0.0,0.0,0.0,True,True,True,False,0.0,988.8094468424957,0.0,0.0,0.0,0.0,988.8094468424957
2026-08-27T05:15:00Z,2026-08-27T05:30:00Z,2026-08-27,2026-08-27_30,0.0,0,0,100,64.3478260869565,64.3478260869565,0.0,0.0,0.0,True,True,True,False,0.0,988.8094468424957,0.0,0.0,0.0,0.0,988.8094468424957
2026-08-27T05:30:00Z,2026-08-27T05:45:00Z,2026-08-27,2026-08-27_31,0.0,0,0,100,64.3478260869565,64.3478260869565,0.0,0.0,0.0,True,True,True,False,0.0,988.8094468424957,0.0,0.0,0.0,0.0,988.8094468424957
2026-08-27T05:45:00Z,2026-08-27T06:00:00Z,2026-08-27,2026-08-27_32,0.0,0,0,100,64.3478260869565,64.3478260869565,0.0,0.0,0.0,True,True,True,False,0.0,988.8094468424957,0.0,0.0,0.0,0.0,988.8094468424957
2026-08-27T06:00:00Z,2026-08-27T06:15:00Z,2026-08-27,2026-08-27_33,1.376676550535194e-13,24,23,76,64.3478260869565,62.370136645962674,0.005493581780538406,1.8194742857142856,0.0,True,True,True,False,6.131029017808486e-12,751.4951796002968,25.444864895700622,0.9774857860008748,824.5298774333579,0.0,1602.4474077153623
2026-08-27T06:15:00Z,2026-08-27T06:30:00Z,2026-08-27,2026-08-27_34,1.376676550535194e-13,24,23,76,62.370136645962674,59.937788819875685,0.006756521739130539,2.23776,0.0,True,True,True,False,5.914890799374462e-12,751.4951796002968,25.444864895700622,0.9774857860008748,595.3520715282665,0.0,1373.2696018102706
2026-08-27T06:30:00Z,2026-08-27T06:45:00Z,2026-08-27,2026-08-27_35,1.376676550535194e-13,24,23,76,59.937788819875685,58.46322038260857,0.0041988005797102485,1.3736228571428573,0.020108571428571427,True,True,True,False,5.666400682002858e-12,751.4951796002968,25.444864895700622,0.9774857860008748,323.9860424564616,-1.5486073948109733,1100.3549653436546
2026-08-27T06:45:00Z,2026-08-27T07:00:00Z,2026-08-27,2026-08-27_36,-0.7187643617434859,24,23,76,58.46322038260857,58.496657719254515,0.0008520522180176307,0.1296,0.00906857142857143,True,True,True,False,-26.66975164249204,751.4951796002968,25.444864895700622,0.9774857860008748,22.50942699043526,-0.6983915702088704,773.0588140597326
2026-08-27T07:00:00Z,2026-08-27T07:15:00Z,2026-08-27,2026-08-27_37,0.0,11,11,89,58.496657719254515,58.435894101863205,0.0007049871911663215,0.14469714285714286,0.10490857142857142,True,True,True,False,0.0,880.0404076898211,11.703017741352754,0.45180551065812236,24.98911320183743,-8.070792407972336,909.1135517356971
2026-08-27T07:15:00Z,2026-08-27T07:30:00Z,2026-08-27,2026-08-27_38,-3.6159478825075995e-14,11,11,89,58.435894101863205,60.03080610186321,0.004430311111111134,0.0,1.7335999999999998,True,True,True,False,-1.3433246383515732e-12,880.0404076898211,11.703017741352754,0.45180551065812236,0.0,-0.6892995873661792,891.5059313544645
2026-08-27T07:30:00Z,2026-08-27T07:45:00Z,2026-08-27,2026-08-27_39,6.128431095930864e-14,11,11,89,60.03080610186321,60.61876503850916,0.0016347375569358447,0.00025142857142857145,0.6393828571428571,True,True,True,False,1.9908208415131413e-12,880.0404076898211,11.703017741352754,0.45180551065812236,0.04063859090575705,-35.36283615639338,856.8730333763464
2026-08-27T07:45:00Z,2026-08-27T08:00:00Z,2026-08-27,2026-08-27_40,6.128431095930864e-14,11,11,89,60.61876503850916,61.086956521738955,0.0013168534989648339,0.0027028571428571427,0.5120971428571428,True,True,True,False,1.718871711631209e-12,880.0404076898211,11.703017741352754,0.45180551065812236,0.43686485223688826,-27.301460713946152,865.3306350801245
2026-08-27T08:00:00Z,2026-08-27T08:15:00Z,2026-08-27,2026-08-27_41,1.1077179617939303e-14,0,0,94,61.086956521738955,61.086956521738955,8.361397658468676e-18,0.0,0.0,True,False,True,False,3.922983161693204e-13,929.480880031946,0.0,0.0,0.0,0.0,929.4808800319463
2026-08-27T08:15:00Z,2026-08-27T08:30:00Z,2026-08-27,2026-08-27_42,0.0,0,0,94,61.086956521738955,61.086956521738955,0.0,0.0,0.0,True,False,True,False,0.0,929.480880031946,0.0,0.0,0.0,0.0,929.480880031946
2026-08-27T08:30:00Z,2026-08-27T08:45:00Z,2026-08-27,2026-08-27_43,0.0,0,0,94,61.086956521738955,61.086956521738955,0.0,0.0,0.0,True,False,True,False,0.0,929.480880031946,0.0,0.0,0.0,0.0,929.480880031946
2026-08-27T08:45:00Z,2026-08-27T09:00:00Z,2026-08-27,2026-08-27_44,-2.665959103429788,0,0,94,61.086956521738955,61.700127115527806,0.0017032516494134755,0.0,0.0,True,False,True,False,-74.60020061172405,929.480880031946,0.0,0.0,0.0,0.0,854.8806794202219
2026-08-27T09:00:00Z,2026-08-27T09:15:00Z,2026-08-27,2026-08-27_45,-3.9581864356201236e-14,6,0,94,61.700127115527806,61.45218922732906,0.0006887163561076772,0.2281028571428571,0.0,True,True,True,False,-1.3532049876776297e-12,929.480880031946,6.326988533723783,0.0,41.57801226437902,0.0,977.3858808300474
2026-08-27T09:15:00Z,2026-08-27T09:30:00Z,2026-08-27,2026-08-27_46,-6.0,6,0,94,61.45218922732906,62.70497688447191,0.003479965714285714,0.13827428571428574,0.0,True,True,True,False,-158.13,929.480880031946,6.326988533723783,0.0,24.255385314147723,0.0,801.9332538798175
2026-08-27T09:30:00Z,2026-08-27T09:45:00Z,2026-08-27,2026-08-27_47,-6.0,6,0,94,62.70497688447191,63.586000427329054,0.002447287619047619,0.5423657142857143,0.0,True,True,True,False,-127.215,929.480880031946,6.326988533723783,0.0,109.43506360428445,0.0,918.0279321699542
2026-08-27T09:45:00Z,2026-08-27T10:00:00Z,2026-08-27,2026-08-27_48,-6.0,6,0,94,63.586000427329054,64.82989299875763,0.0034552571428571426,0.14794285714285715,0.0,True,True,True,False,-93.225,929.480880031946,6.326988533723783,0.0,26.39132455184816,0.0,868.9741931175179
2026-08-27T10:00:00Z,2026-08-27T10:15:00Z,2026-08-27,2026-08-27_49,-83.00000000000001,83,0,17,64.82989299875763,83.91291151304335,0.05300838476190477,0.007588571428571429,0.0,True,True,True,False,-1631.1575000000003,168.09760596322425,88.23356595485748,0.0,1.226546561882849,0.0,-1373.5997815200358
2026-08-27T10:15:00Z,2026-08-27T10:30:00Z,2026-08-27,2026-08-27_50,-83.0,83,0,17,83.91291151304335,102.93702374161478,0.052844756190476204,0.07161714285714285,0.0,True,True,True,False,-1407.68,168.09760596322425,88.23356595485748,0.0,11.58531109873602,0.0,-1139.7635169831824
2026-08-27T10:30:00Z,2026-08-27T10:45:00Z,2026-08-27,2026-08-27_51,-83.0,83,0,17,102.93702374161478,121.94848202732906,0.052809606349206346,0.08537142857142857,0.0,True,True,True,False,-1495.6599999999999,168.09760596322425,88.23356595485748,0.0,13.807496190132102,0.0,-1225.521331891786
2026-08-27T10:45:00Z,2026-08-27T11:00:00Z,2026-08-27,2026-08-27_52,-83.0,83,0,17,121.94848202732906,140.93681414161478,0.05274536698412699,0.11050857142857144,0.0,True,True,True,False,-1812.5124999999998,168.09760596322425,88.23356595485748,0.0,14.709540017874465,0.0,-1541.4717880640437
2026-08-27T11:00:00Z,2026-08-27T11:15:00Z,2026-08-27,2026-08-27_53,-6.0,6,0,94,140.93681414161478,142.31444842732907,0.003826761904761905,0.0025714285714285713,0.0,True,True,True,False,-117.10499999999999,929.480880031946,6.378330069025842,0.0,0.41849707842215783,0.0,819.172707179394
2026-08-27T11:15:00Z,2026-08-27T11:30:00Z,2026-08-27,2026-08-27_54,-6.0,6,0,94,142.31444842732907,143.68463859875763,0.0038060838095238096,0.010662857142857142,0.0,True,True,True,False,-150.105,929.480880031946,6.378330069025842,0.0,1.7720042855241318,0.0,787.5262143864959
2026-08-27T11:30:00Z,2026-08-27T11:45:00Z,2026-08-27,2026-08-27_55,-6.0,6,0,94,143.68463859875763,145.0456813416148,0.0037806742857142864,0.020605714285714286,0.0,True,True,True,False,-150.32999999999998,929.480880031946,6.378330069025842,0.0,3.457982017966821,0.0,788.9871921189387
2026-08-27T11:45:00Z,2026-08-27T12:00:00Z,2026-08-27,2026-08-27_56,-6.0,6,0,94,145.0456813416148,146.41858419875766,0.0038136190476190483,0.0077142857142857135,0.0,True,True,True,False,-146.37,929.480880031946,6.378330069025842,0.0,1.2717841047693297,0.0,790.7609942057411
2026-08-27T12:00:00Z,2026-08-27T12:15:00Z,2026-08-27,2026-08-27_57,4.802544231861878e-14,6,6,94,146.41858419875766,146.42380123229802,8.819776397519063e-05,0.012205714285714285,0.02009142857142857,True,True,True,False,1.2709933309622459e-12,929.480880031946,6.313297457643233,0.9977371693700203,2.0466138980721116,-1.5893122679104537,937.2492162891222
2026-08-27T12:15:00Z,2026-08-27T12:30:00Z,2026-08-27,2026-08-27_58,2.8555056869774735e-14,6,6,94,146.42380123229802,146.42257881242224,3.5113706004162176e-05,0.006377142857142857,0.006205714285714285,True,True,True,False,8.096072499002881e-13,929.480880031946,6.313297457643233,0.9977371693700203,1.047354372315775,-0.4908967926481094,937.3483722386277
2026-08-27T12:30:00Z,2026-08-27T12:45:00Z,2026-08-27,2026-08-27_59,0.0,6,6,94,146.42257881242224,146.44752491925453,9.683097308488613e-05,0.00456,0.03250285714285714,True,True,True,False,0.0,929.480880031946,6.313297457643233,0.9977371693700203,0.7571625549069197,-2.5875584584500286,934.9615187554161
2026-08-27T12:45:00Z,2026-08-27T13:00:00Z,2026-08-27,2026-08-27_60,0.0,6,6,94,146.44752491925453,146.61602006459617,0.0005572760248447206,0.014777142857142857,0.20060571428571428,True,True,True,False,0.0,929.480880031946,6.313297457643233,0.9977371693700203,2.5085569138575967,-14.918040185481482,924.3824313873354
2026-08-27T13:00:00Z,2026-08-27T13:15:00Z,2026-08-27,2026-08-27_61,0.0,3,6,94,146.61602006459617,146.57626285714278,0.00015757573498964802,0.04438285714285714,0.009222857142857144,True,True,True,False,0.0,929.480880031946,3.124988115385347,0.7393181083496548,7.766523164268465,-0.7365798931335451,940.3751295268158
2026-08-27T13:15:00Z,2026-08-27T13:30:00Z,2026-08-27,2026-08-27_62,3.0,3,6,94,146.57626285714278,146.1618633540372,0.002171871635610766,0.0,0.39942857142857147,True,True,True,False,103.1175,929.480880031946,3.124988115385347,0.7393181083496548,0.0,-22.62484224022949,1013.8378440154514
2026-08-27T13:30:00Z,2026-08-27T13:45:00Z,2026-08-27,2026-08-27_63,3.0,3,6,94,146.1618633540372,146.21901835527942,0.0020629046790890267,0.0,0.8693485714285716,True,True,True,False,99.66,929.480880031946,3.124988115385347,0.7393181083496548,0.0,-1.756418371033595,1031.2487678846474
2026-08-27T13:45:00Z,2026-08-27T14:00:00Z,2026-08-27,2026-08-27_64,1.4565403936785541,3,6,94,146.21901835527942,145.9815883986364,0.0013040412015726246,0.0014571428571428574,0.16652571428571428,True,True,True,False,49.241989359287714,929.480880031946,3.124988115385347,0.7393181083496548,0.24758017836429677,-11.451702536380502,971.3830532569525
2026-08-27T14:00:00Z,2026-08-27T14:15:00Z,2026-08-27,2026-08-27_65,0.0,0,6,94,145.9815883986364,146.63238062720782,0.0018077561904761906,0.0,0.7073828571428572,True,True,True,False,0.0,929.480880031946,0.0,0.2532849074901595,0.0,-10.403796817911406,919.3303681215247
2026-08-27T14:15:00Z,2026-08-27T14:30:00Z,2026-08-27,2026-08-27_66,0.0,0,6,94,146.63238062720782,146.75896211292212,0.0003516152380952381,0.0,0.13758857142857142,True,True,True,False,0.0,929.480880031946,0.0,0.2532849074901595,0.0,-5.5233744069237725,924.2107905325123
2026-08-27T14:30:00Z,2026-08-27T14:45:00Z,2026-08-27,2026-08-27_67,0.9378417332020116,0,6,94,146.75896211292212,146.50537888198753,0.0007101639030282406,0.0,0.001337142857142857,True,True,True,False,35.3402211113848,929.480880031946,0.0,0.2532849074901595,0.0,-0.0887964663984592,964.9855895844224
2026-08-27T14:45:00Z,2026-08-27T15:00:00Z,2026-08-27,2026-08-27_68,6.0,0,6,94,146.50537888198753,144.91999999999996,0.0044038302277432705,0.0,0.04145142857142857,True,True,True,False,291.07500000000005,929.480880031946,0.0,0.2532849074901595,0.0,-2.0437464130195613,1218.7654185264166
2026-08-27T15:00:00Z,2026-08-27T15:15:00Z,2026-08-27,2026-08-27_69,-0.1412539607738306,2,1,98,144.91999999999996,144.91999999999993,0.00016958331703633648,0.03021714285714286,0.0,True,True,True,False,-5.548455579196066,969.0332579056458,2.1420829451025876,0.04221415124835993,5.343646222594079,0.0,971.0127456453947
2026-08-27T15:15:00Z,2026-08-27T15:30:00Z,2026-08-27,2026-08-27_70,-0.5978111927581036,2,1,98,144.91999999999993,144.91938491428564,0.0005621184185917684,0.13317714285714286,0.0,True,True,True,False,-28.896698529944832,969.0332579056458,2.1420829451025876,0.04221415124835993,32.103544445742315,0.0,974.4244009177942
2026-08-27T15:30:00Z,2026-08-27T15:45:00Z,2026-08-27,2026-08-27_71,1.4210854715200754e-13,2,1,98,144.91938491428564,144.91147826086947,2.5380069013219233e-05,0.007840000000000001,0.0006685714285714286,True,True,True,False,7.780087685204534e-12,969.0332579056458,2.1420829451025876,0.04221415124835993,1.342160771263953,-0.03835783800523195,972.5213579352633
2026-08-27T15:45:00Z,2026-08-27T16:00:00Z,2026-08-27,2026-08-27_72,0.0,2,1,98,144.91147826086947,144.91115649192537,5.8004692891649415e-06,0.0011085714285714286,0.00096,True,True,True,False,0.0,969.0332579056458,2.1420829451025876,0.04221415124835993,0.1791792417208379,-0.05565093840917303,971.3410833053084
2026-08-27T16:00:00Z,2026-08-27T16:15:00Z,2026-08-27,2026-08-27_73,85.84327035807867,0,88,12,144.91115649192537,126.57639751552786,0.05150738019058238,0.0,4.610194285714285,True,True,True,False,5170.554781842973,118.65713362109948,0.0,5.120462454125388,0.0,-240.88482112772084,5053.447556790477
2026-08-27T16:15:00Z,2026-08-27T16:30:00Z,2026-08-27,2026-08-27_74,88.0,0,88,12,126.57639751552786,108.99716770186326,0.048831193926846095,0.0,5.827108571428571,True,True,True,False,5432.24,118.65713362109948,0.0,5.120462454125388,0.0,-323.23837406084374,5232.779222014381
2026-08-27T16:30:00Z,2026-08-27T16:45:00Z,2026-08-27,2026-08-27_75,88.0,0,88,12,108.99716770186326,86.90698136645955,0.061361628709454795,0.0,1.6770285714285713,True,True,True,False,5582.5,118.65713362109948,0.0,5.120462454125388,0.0,-132.32386518636434,5573.95373088886
2026-08-27T16:45:00Z,2026-08-27T17:00:00Z,2026-08-27,2026-08-27_76,88.0,0,88,12,86.90698136645955,64.34782608695645,0.06266432022084197,0.0,1.2455771428571427,True,True,True,False,5805.799999999999,118.65713362109948,0.0,5.120462454125388,0.0,-89.45351388313145,5840.124082192093
2026-08-27T17:00:00Z,2026-08-27T17:15:00Z,2026-08-27,2026-08-27_77,0.0,0,0,100,64.34782608695645,64.34782608695645,0.0,0.0,0.0,True,True,True,False,0.0,988.8094468424957,0.0,0.0,0.0,0.0,988.8094468424957
2026-08-27T17:15:00Z,2026-08-27T17:30:00Z,2026-08-27,2026-08-27_78,0.0,0,0,100,64.34782608695645,64.34782608695645,0.0,0.0,0.0,True,True,True,False,0.0,988.8094468424957,0.0,0.0,0.0,0.0,988.8094468424957
2026-08-27T17:30:00Z,2026-08-27T17:45:00Z,2026-08-27,2026-08-27_79,0.0,0,0,100,64.34782608695645,64.34782608695645,0.0,0.0,0.0,True,True,True,False,0.0,988.8094468424957,0.0,0.0,0.0,0.0,988.8094468424957
2026-08-27T17:45:00Z,2026-08-27T18:00:00Z,2026-08-27,2026-08-27_80,0.0,0,0,100,64.34782608695645,64.34782608695645,0.0,0.0,0.0,True,True,True,False,0.0,988.8094468424957,0.0,0.0,0.0,0.0,988.8094468424957
2026-08-27T18:00:00Z,2026-08-27T18:15:00Z,2026-08-27,2026-08-27_81,0.0,0,0,100,64.34782608695645,64.34782608695645,0.0,0.0,0.0,True,True,True,False,0.0,988.8094468424957,0.0,0.0,0.0,0.0,988.8094468424957
2026-08-27T18:15:00Z,2026-08-27T18:30:00Z,2026-08-27,2026-08-27_82,0.0,0,0,100,64.34782608695645,64.34782608695645,0.0,0.0,0.0,True,True,True,False,0.0,988.8094468424957,0.0,0.0,0.0,0.0,988.8094468424957
2026-08-27T18:30:00Z,2026-08-27T18:45:00Z,2026-08-27,2026-08-27_83,0.0,0,0,100,64.34782608695645,64.34782608695645,0.0,0.0,0.0,True,True,True,False,0.0,988.8094468424957,0.0,0.0,0.0,0.0,988.8094468424957
2026-08-27T18:45:00Z,2026-08-27T19:00:00Z,2026-08-27,2026-08-27_84,0.0,0,0,100,64.34782608695645,64.34782608695645,0.0,0.0,0.0,True,True,True,False,0.0,988.8094468424957,0.0,0.0,0.0,0.0,988.8094468424957
2026-08-27T19:00:00Z,2026-08-27T19:15:00Z,2026-08-27,2026-08-27_85,0.0,0,0,100,64.34782608695645,64.34782608695645,0.0,0.0,0.0,True,False,True,False,0.0,988.8094468424957,0.0,0.0,0.0,0.0,988.8094468424957
2026-08-27T19:15:00Z,2026-08-27T19:30:00Z,2026-08-27,2026-08-27_86,0.0,0,0,100,64.34782608695645,64.34782608695645,0.0,0.0,0.0,True,False,True,False,0.0,988.8094468424957,0.0,0.0,0.0,0.0,988.8094468424957
2026-08-27T19:30:00Z,2026-08-27T19:45:00Z,2026-08-27,2026-08-27_87,0.0,0,0,100,64.34782608695645,64.34782608695645,0.0,0.0,0.0,True,False,True,False,0.0,988.8094468424957,0.0,0.0,0.0,0.0,988.8094468424957
2026-08-27T19:45:00Z,2026-08-27T20:00:00Z,2026-08-27,2026-08-27_88,0.0,0,0,100,64.34782608695645,64.34782608695645,0.0,0.0,0.0,True,False,True,False,0.0,988.8094468424957,0.0,0.0,0.0,0.0,988.8094468424957
2026-08-27T20:00:00Z,2026-08-27T20:15:00Z,2026-08-27,2026-08-27_89,0.0,0,0,100,64.34782608695645,64.34782608695645,0.0,0.0,0.0,True,True,True,False,0.0,988.8094468424957,0.0,0.0,0.0,0.0,988.8094468424957
2026-08-27T20:15:00Z,2026-08-27T20:30:00Z,2026-08-27,2026-08-27_90,0.0,0,0,100,64.34782608695645,64.34782608695645,0.0,0.0,0.0,True,True,True,False,0.0,988.8094468424957,0.0,0.0,0.0,0.0,988.8094468424957
2026-08-27T20:30:00Z,2026-08-27T20:45:00Z,2026-08-27,2026-08-27_91,1.4210854715202004e-14,0,0,100,64.34782608695645,64.34782608695645,1.0726792508455617e-17,0.0,0.0,True,True,True,False,8.456169098280953e-13,988.8094468424957,0.0,0.0,0.0,0.0,988.8094468424965
2026-08-27T20:45:00Z,2026-08-27T21:00:00Z,2026-08-27,2026-08-27_92,0.0,0,0,100,64.34782608695645,64.34782608695645,0.0,0.0,0.0,True,True,True,False,0.0,988.8094468424957,0.0,0.0,0.0,0.0,988.8094468424957
2026-08-27T21:00:00Z,2026-08-27T21:15:00Z,2026-08-28,2026-08-27_93,0.0,0,0,100,64.34782608695645,64.34782608695645,0.0,0.0,0.0,True,True,True,False,0.0,988.8282497908268,0.0,0.0,0.0,0.0,988.8282497908268
2026-08-27T21:15:00Z,2026-08-27T21:30:00Z,2026-08-28,2026-08-27_94,0.0,0,0,100,64.34782608695645,64.34782608695645,0.0,0.0,0.0,True,True,True,False,0.0,988.8282497908268,0.0,0.0,0.0,0.0,988.8282497908268
2026-08-27T21:30:00Z,2026-08-27T21:45:00Z,2026-08-28,2026-08-27_95,0.0,0,0,100,64.34782608695645,64.34782608695645,0.0,0.0,0.0,True,True,True,False,0.0,988.8282497908268,0.0,0.0,0.0,0.0,988.8282497908268
2026-08-27T21:45:00Z,2026-08-27T22:00:00Z,2026-08-28,2026-08-27_96,0.0,0,0,100,64.34782608695645,64.34782608695645,0.0,0.0,0.0,True,True,True,False,0.0,988.8282497908268,0.0,0.0,0.0,0.0,988.8282497908268
2026-08-27T22:00:00Z,2026-08-27T22:15:00Z,2026-08-28,2026-08-28_1,0.0,0,0,100,64.34782608695645,64.34782608695645,0.0,0.0,0.0,True,True,True,False,0.0,988.8282497908268,0.0,0.0,0.0,0.0,988.8282497908268
2026-08-27T22:15:00Z,2026-08-27T22:30:00Z,2026-08-28,2026-08-28_2,0.0,0,0,100,64.34782608695645,64.34782608695645,0.0,0.0,0.0,True,True,True,False,0.0,988.8282497908268,0.0,0.0,0.0,0.0,988.8282497908268
2026-08-27T22:30:00Z,2026-08-27T22:45:00Z,2026-08-28,2026-08-28_3,0.0,0,0,100,64.34782608695645,64.34782608695645,0.0,0.0,0.0,True,True,True,False,0.0,988.8282497908268,0.0,0.0,0.0,0.0,988.8282497908268
2026-08-27T22:45:00Z,2026-08-27T23:00:00Z,2026-08-28,2026-08-28_4,0.0,0,0,100,64.34782608695645,64.34782608695645,0.0,0.0,0.0,True,True,True,False,0.0,988.8282497908268,0.0,0.0,0.0,0.0,988.8282497908268
2026-08-27T23:00:00Z,2026-08-27T23:15:00Z,2026-08-28,2026-08-28_5,0.0,0,0,100,64.34782608695645,64.34782608695645,0.0,0.0,0.0,True,True,True,False,0.0,988.8282497908268,0.0,0.0,0.0,0.0,988.8282497908268
2026-08-27T23:15:00Z,2026-08-27T23:30:00Z,2026-08-28,2026-08-28_6,0.0,0,0,100,64.34782608695645,64.34782608695645,0.0,0.0,0.0,True,True,True,False,0.0,988.8282497908268,0.0,0.0,0.0,0.0,988.8282497908268
2026-08-27T23:30:00Z,2026-08-27T23:45:00Z,2026-08-28,2026-08-28_7,0.0,0,0,100,64.34782608695645,64.34782608695645,0.0,0.0,0.0,True,True,True,False,0.0,988.8282497908268,0.0,0.0,0.0,0.0,988.8282497908268
2026-08-27T23:45:00Z,2026-08-28T00:00:00Z,2026-08-28,2026-08-28_8,0.0,0,0,100,64.34782608695645,64.34782608695645,0.0,0.0,0.0,True,True,True,False,0.0,988.8282497908268,0.0,0.0,0.0,0.0,988.8282497908268
2026-08-28T00:00:00Z,2026-08-28T00:15:00Z,2026-08-28,2026-08-28_9,0.0,0,0,100,64.34782608695645,64.34782608695645,0.0,0.0,0.0,True,True,True,False,0.0,988.8282497908268,0.0,0.0,0.0,0.0,988.8282497908268
2026-08-28T00:15:00Z,2026-08-28T00:30:00Z,2026-08-28,2026-08-28_10,0.0,0,0,100,64.34782608695645,64.34782608695645,0.0,0.0,0.0,True,True,True,False,0.0,988.8282497908268,0.0,0.0,0.0,0.0,988.8282497908268
2026-08-28T00:30:00Z,2026-08-28T00:45:00Z,2026-08-28,2026-08-28_11,0.0,0,0,100,64.34782608695645,64.34782608695645,0.0,0.0,0.0,True,True,True,False,0.0,988.8282497908268,0.0,0.0,0.0,0.0,988.8282497908268
2026-08-28T00:45:00Z,2026-08-28T01:00:00Z,2026-08-28,2026-08-28_12,0.0,0,0,100,64.34782608695645,64.34782608695645,0.0,0.0,0.0,True,True,True,False,0.0,988.8282497908268,0.0,0.0,0.0,0.0,988.8282497908268
2026-08-28T01:00:00Z,2026-08-28T01:15:00Z,2026-08-28,2026-08-28_13,0.0,0,0,100,64.34782608695645,64.34782608695645,0.0,0.0,0.0,True,True,True,False,0.0,988.8282497908268,0.0,0.0,0.0,0.0,988.8282497908268
2026-08-28T01:15:00Z,2026-08-28T01:30:00Z,2026-08-28,2026-08-28_14,0.0,0,0,100,64.34782608695645,64.34782608695645,0.0,0.0,0.0,True,True,True,False,0.0,988.8282497908268,0.0,0.0,0.0,0.0,988.8282497908268
2026-08-28T01:30:00Z,2026-08-28T01:45:00Z,2026-08-28,2026-08-28_15,0.0,0,0,100,64.34782608695645,64.34782608695645,0.0,0.0,0.0,True,True,True,False,0.0,988.8282497908268,0.0,0.0,0.0,0.0,988.8282497908268
2026-08-28T01:45:00Z,2026-08-28T02:00:00Z,2026-08-28,2026-08-28_16,0.0,0,0,100,64.34782608695645,64.34782608695645,0.0,0.0,0.0,True,True,True,False,0.0,988.8282497908268,0.0,0.0,0.0,0.0,988.8282497908268
2026-08-28T02:00:00Z,2026-08-28T02:15:00Z,2026-08-28,2026-08-28_17,-100.0,100,0,0,64.34782608695645,77.4396889440993,0.03636628571428571,10.769714285714286,0.0,True,True,True,False,-3914.0,0.0,102.77059405187497,0.0,3011.274617457541,0.0,-799.9547884905842
2026-08-28T02:15:00Z,2026-08-28T02:30:00Z,2026-08-28,2026-08-28_18,-98.34084733499346,100,0,0,77.4396889440993,91.61183761490675,0.040284136486821075,9.153142857142857,0.0,True,True,True,False,-3890.118068454003,0.0,102.77059405187497,0.0,2433.726835888687,0.0,-1353.620638513441
2026-08-28T02:30:00Z,2026-08-28T02:45:00Z,2026-08-28,2026-08-28_19,-100.0,100,0,0,91.61183761490675,99.57798618633532,0.022128190476190475,16.341142857142856,0.0,True,True,True,False,-3964.0,0.0,102.77059405187497,0.0,8948.276583685576,0.0,5087.047177737451
2026-08-28T02:45:00Z,2026-08-28T03:00:00Z,2026-08-28,2026-08-28_20,-100.00000000000007,100,0,0,99.57798618633532,100.98322047204962,0.0039034285714286162,23.472571428571428,0.0,True,True,True,False,-3968.7500000000027,0.0,102.77059405187497,0.0,19255.368767345073,0.0,15389.389361396945
2026-08-28T03:00:00Z,2026-08-28T03:15:00Z,2026-08-28,2026-08-28_21,0.0,0,0,100,100.98322047204962,100.98322047204962,0.0,0.0,0.0,True,False,True,False,0.0,988.8282497908268,0.0,0.0,0.0,0.0,988.8282497908268
2026-08-28T03:15:00Z,2026-08-28T03:30:00Z,2026-08-28,2026-08-28_22,0.0,0,0,100,100.98322047204962,100.98322047204962,0.0,0.0,0.0,True,False,True,False,0.0,988.8282497908268,0.0,0.0,0.0,0.0,988.8282497908268
2026-08-28T03:30:00Z,2026-08-28T03:45:00Z,2026-08-28,2026-08-28_23,0.0,0,0,100,100.98322047204962,100.98322047204962,0.0,0.0,0.0,True,False,True,False,0.0,988.8282497908268,0.0,0.0,0.0,0.0,988.8282497908268
2026-08-28T03:45:00Z,2026-08-28T04:00:00Z,2026-08-28,2026-08-28_24,0.0,0,0,100,100.98322047204962,100.98322047204962,0.0,0.0,0.0,True,False,True,False,0.0,988.8282497908268,0.0,0.0,0.0,0.0,988.8282497908268
2026-08-28T04:00:00Z,2026-08-28T04:15:00Z,2026-08-28,2026-08-28_25,0.0,0,0,100,100.98322047204962,100.98322047204962,0.0,0.0,0.0,True,True,True,False,0.0,988.8282497908268,0.0,0.0,0.0,0.0,988.8282497908268
2026-08-28T04:15:00Z,2026-08-28T04:30:00Z,2026-08-28,2026-08-28_26,0.0,0,0,100,100.98322047204962,100.98322047204962,0.0,0.0,0.0,True,True,True,False,0.0,988.8282497908268,0.0,0.0,0.0,0.0,988.8282497908268
2026-08-28T04:30:00Z,2026-08-28T04:45:00Z,2026-08-28,2026-08-28_27,0.0,0,0,100,100.98322047204962,100.98322047204962,0.0,0.0,0.0,True,True,True,False,0.0,988.8282497908268,0.0,0.0,0.0,0.0,988.8282497908268
2026-08-28T04:45:00Z,2026-08-28T05:00:00Z,2026-08-28,2026-08-28_28,0.0,0,0,100,100.98322047204962,100.98322047204962,0.0,0.0,0.0,True,True,True,False,0.0,988.8282497908268,0.0,0.0,0.0,0.0,988.8282497908268
2026-08-28T05:00:00Z,2026-08-28T05:15:00Z,2026-08-28,2026-08-28_29,0.0,100,100,0,100.98322047204962,84.94165624844713,0.04461539268461007,14.767428571428571,0.010857142857142857,True,True,True,False,0.0,0.0,101.08770061611014,2.966456225754925,5202.129150593834,-0.8361494746221299,5305.347157961077
2026-08-28T05:15:00Z,2026-08-28T05:30:00Z,2026-08-28,2026-08-28_30,0.0,100,100,0,84.94165624844713,74.39569351552788,0.029294340924775706,9.702285714285713,0.0,True,True,True,False,0.0,0.0,101.08770061611014,2.966456225754925,2689.2312458029533,0.0,2793.2854026448185
2026-08-28T05:30:00Z,2026-08-28T05:45:00Z,2026-08-28,2026-08-28_31,0.0,100,100,0,74.39569351552788,56.40749475776391,0.049967218771566596,16.549142857142858,0.0,True,True,True,False,0.0,0.0,101.08770061611014,2.966456225754925,7268.2389093655265,0.0,7372.293066207391
2026-08-28T05:45:00Z,2026-08-28T06:00:00Z,2026-08-28,2026-08-28_32,0.0,100,100,0,56.40749475776391,50.066320099378814,0.01781005659075224,5.8662857142857145,0.03828571428571429,True,True,True,False,0.0,0.0,101.08770061611014,2.966456225754925,1813.5555131534627,-2.9485270947201427,1914.6611429006077
2026-08-28T06:00:00Z,2026-08-28T06:15:00Z,2026-08-28,2026-08-28_33,74.0,26,100,0,50.066320099378814,30.098234077018567,0.05572205228433402,0.054971428571428574,0.192,True,True,True,False,3579.935,0.0,27.04666463832053,3.0805506959762687,11.172743200512883,-14.786643340686087,3606.4483151941236
2026-08-28T06:15:00Z,2026-08-28T06:30:00Z,2026-08-28,2026-08-28_34,74.0,26,100,0,30.098234077018567,10.058252899378815,0.05578887216011042,0.02510857142857143,0.092,True,True,True,False,3332.0350000000003,0.0,27.04666463832053,3.0805506959762687,4.226015884123483,-7.277705940518749,3359.1105252779016
2026-08-28T06:30:00Z,2026-08-28T06:45:00Z,2026-08-28,2026-08-28_35,0.0,26,100,0,10.058252899378815,10.678434762732852,0.004708510697032436,0.49444571428571427,1.2582857142857142,True,True,True,False,0.0,0.0,27.04666463832053,3.0805506959762687,119.10906539460387,-97.8997394299623,51.33654129893838
2026-08-28T06:45:00Z,2026-08-28T07:00:00Z,2026-08-28,2026-08-28_36,0.0,26,100,0,10.678434762732852,20.98999749565211,0.028645024154589374,0.00029714285714285715,11.208571428571428,True,True,True,False,0.0,0.0,27.04666463832053,3.0805506959762687,0.048028338893174975,3670.001476165122,3700.176719838312
2026-08-28T07:00:00Z,2026-08-28T07:15:00Z,2026-08-28,2026-08-28_37,81.0,19,100,0,20.98999749565211,9.999999999999936,0.04067005526570048,0.0,10.444,True,True,True,False,3515.6025000000004,0.0,19.8624210846581,3.0520270784209327,0.0,52.73238913820644,3591.249337301286
2026-08-28T07:15:00Z,2026-08-28T07:30:00Z,2026-08-28,2026-08-28_38,37.071055667633075,19,100,0,9.999999999999936,9.999999999999936,0.03299810048316986,0.0,10.259428571428572,True,True,True,False,1240.1194897214955,0.0,19.8624210846581,3.0520270784209327,0.0,-471.7234065348966,791.310531349678
2026-08-28T07:30:00Z,2026-08-28T07:45:00Z,2026-08-28,2026-08-28_39,32.42634270313175,19,100,0,9.999999999999936,10.040902360248383,0.03127222240352346,0.0,9.087428571428571,True,True,True,False,1003.1089115213807,0.0,19.8624210846581,3.0520270784209327,0.0,-461.50478696932487,564.5185727151348
2026-08-28T07:45:00Z,2026-08-28T08:00:00Z,2026-08-28,2026-08-28_40,0.0,19,100,0,10.040902360248383,20.86956521739124,0.03007961904761905,0.0,11.770285714285714,True,True,True,False,0.0,0.0,19.8624210846581,3.0520270784209327,0.0,-178.91559464951266,-156.0011464864336
2026-08-28T08:00:00Z,2026-08-28T08:15:00Z,2026-08-28,2026-08-28_41,-80.0,80,0,20,20.86956521739124,39.26956521739124,0.05111111111111111,0.0,0.0,True,True,True,False,-1838.8,198.23914200958396,82.1251996653229,0.0,0.0,0.0,-1558.435658325093
2026-08-28T08:15:00Z,2026-08-28T08:30:00Z,2026-08-28,2026-08-28_42,-80.0,80,0,20,39.26956521739124,57.65778921739124,0.051078399999999996,0.0128,0.0,True,True,True,False,-1235.0,198.23914200958396,82.1251996653229,0.0,1.7038107553053927,0.0,-952.9318475697878
2026-08-28T08:30:00Z,2026-08-28T08:45:00Z,2026-08-28,2026-08-28_43,-80.0,80,0,20,57.65778921739124,76.05778921739125,0.051111111111111114,0.0,0.0,True,True,True,False,-992.8,198.23914200958396,82.1251996653229,0.0,0.0,0.0,-712.4356583250931
2026-08-28T08:45:00Z,2026-08-28T09:00:00Z,2026-08-28,2026-08-28_44,-80.0,80,0,20,76.05778921739125,94.45778921739124,0.051111111111111114,0.0,0.0,True,True,True,False,-1246.4,198.23914200958396,82.1251996653229,0.0,0.0,0.0,-966.0356583250932
2026-08-28T09:00:00Z,2026-08-28T09:15:00Z,2026-08-28,2026-08-28_45,-11.0,0,0,89,94.45778921739124,96.98778921739124,0.007027777777777779,0.0,0.0,True,False,True,False,-192.1425,882.1641819426486,0.0,0.0,0.0,0.0,690.0216819426486
2026-08-28T09:15:00Z,2026-08-28T09:30:00Z,2026-08-28,2026-08-28_46,-11.0,0,0,89,96.98778921739124,99.51778921739124,0.007027777777777779,0.0,0.0,True,False,True,False,-228.08499999999998,882.1641819426486,0.0,0.0,0.0,0.0,654.0791819426486
2026-08-28T09:30:00Z,2026-08-28T09:45:00Z,2026-08-28,2026-08-28_47,-11.0,0,0,89,99.51778921739124,102.04778921739124,0.007027777777777779,0.0,0.0,True,False,True,False,-213.565,882.1641819426486,0.0,0.0,0.0,0.0,668.5991819426486
2026-08-28T09:45:00Z,2026-08-28T10:00:00Z,2026-08-28,2026-08-28_48,-11.0,0,0,89,102.04778921739124,104.57778921739124,0.007027777777777779,0.0,0.0,True,False,True,False,-189.22750000000002,882.1641819426486,0.0,0.0,0.0,0.0,692.9366819426486
2026-08-28T10:00:00Z,2026-08-28T10:15:00Z,2026-08-28,2026-08-28_49,-11.0,11,0,89,104.57778921739124,107.03145550310553,0.006815739682539684,0.08297142857142857,0.0,True,True,True,False,-243.6225,882.1641819426486,11.521259602951243,0.0,11.044344717426029,0.0,661.1072862630259
2026-08-28T10:15:00Z,2026-08-28T10:30:00Z,2026-08-28,2026-08-28_50,-11.0,11,0,89,107.03145550310553,109.56145550310553,0.007027777777777778,0.0,0.0,True,True,True,False,-201.355,882.1641819426486,11.521259602951243,0.0,0.0,0.0,692.3304415455999
2026-08-28T10:30:00Z,2026-08-28T10:45:00Z,2026-08-28,2026-08-28_51,-11.0,11,0,89,109.56145550310553,112.09145550310554,0.007027777777777779,0.0,0.0,True,True,True,False,-206.77249999999998,882.1641819426486,11.521259602951243,0.0,0.0,0.0,686.9129415455999
2026-08-28T10:45:00Z,2026-08-28T11:00:00Z,2026-08-28,2026-08-28_52,-11.0,11,0,89,112.09145550310554,114.62145550310554,0.007027777777777779,0.0,0.0,True,True,True,False,-186.47750000000002,882.1641819426486,11.521259602951243,0.0,0.0,0.0,707.2079415455999
2026-08-28T11:00:00Z,2026-08-28T11:15:00Z,2026-08-28,2026-08-28_53,-11.0,11,0,89,114.62145550310554,117.15110853167697,0.007026813968253969,0.00037714285714285714,0.0,True,True,True,False,-221.045,882.1641819426486,11.521259602951243,0.0,0.05020156689739103,0.0,672.6906431124972
2026-08-28T11:15:00Z,2026-08-28T11:30:00Z,2026-08-28,2026-08-28_54,-11.0,11,0,89,117.15110853167697,119.65115333167697,0.006944568888888889,0.03256,0.0,True,True,True,False,-206.8,882.1641819426486,11.521259602951243,0.0,4.334068608808092,0.0,691.2195101544079
2026-08-28T11:30:00Z,2026-08-28T11:45:00Z,2026-08-28,2026-08-28_55,-11.0,11,0,89,119.65115333167697,122.18115333167697,0.007027777777777778,0.0,0.0,True,True,True,False,-219.615,882.1641819426486,11.521259602951243,0.0,0.0,0.0,674.0704415455998
2026-08-28T11:45:00Z,2026-08-28T12:00:00Z,2026-08-28,2026-08-28_56,-11.0,11,0,89,122.18115333167697,124.71115333167697,0.007027777777777779,0.0,0.0,True,True,True,False,-209.0275,882.1641819426486,11.521259602951243,0.0,0.0,0.0,684.6579415455999
2026-08-28T12:00:00Z,2026-08-28T12:15:00Z,2026-08-28,2026-08-28_57,0.0,100,100,0,124.71115333167697,137.30653618881982,0.03744749206349206,0.4074285714285714,14.171999999999999,True,True,True,False,0.0,0.0,103.48368449075835,13.43462386856317,54.23290484521183,571.7658743439567,742.91708754849
2026-08-28T12:15:00Z,2026-08-28T12:30:00Z,2026-08-28,2026-08-28_58,0.0,100,100,0,137.30653618881982,138.38516674782605,0.007716692891649414,0.7817142857142858,2.096,True,True,True,False,0.0,0.0,103.48368449075835,13.43462386856317,104.05415684186507,-81.3943743819883,139.57809081919828
2026-08-28T12:30:00Z,2026-08-28T12:45:00Z,2026-08-28,2026-08-28_59,0.0,100,100,0,138.38516674782605,150.60329246211177,0.03393923809523809,0.0,13.280571428571427,True,True,True,False,0.0,0.0,103.48368449075835,13.43462386856317,0.0,-55.099168522965584,61.81913983635594
2026-08-28T12:45:00Z,2026-08-28T13:00:00Z,2026-08-28,2026-08-28_60,0.0,100,100,0,150.60329246211177,160.94919258633539,0.031216182194616974,0.41028571428571425,11.730285714285714,True,True,True,False,0.0,0.0,103.48368449075835,13.43462386856317,54.613219745949635,37.42056612589509,208.95209423116626
2026-08-28T13:00:00Z,2026-08-28T13:15:00Z,2026-08-28,2026-08-28_61,0.0,0,100,0,160.94919258633539,178.5921640149068,0.049008253968253965,0.0,19.177142857142858,True,True,True,False,0.0,0.0,0.0,10.667832965695595,0.0,127.90718143193995,138.57501439763553
2026-08-28T13:15:00Z,2026-08-28T13:30:00Z,2026-08-28,2026-08-28_62,0.0,0,100,0,178.5921640149068,185.0242783006211,0.017866984126984127,0.0,6.991428571428571,True,True,True,False,0.0,0.0,0.0,10.667832965695595,0.0,-98.20811374675374,-87.54028078105814
2026-08-28T13:30:00Z,2026-08-28T13:45:00Z,2026-08-28,2026-08-28_63,66.70177307474098,0,100,0,185.0242783006211,172.54771875776402,0.04397871062451793,0.0,5.477142857142858,True,True,True,False,1889.9947400727858,0.0,0.0,10.667832965695595,0.0,-130.38678731704138,1770.2757857214401
2026-08-28T13:45:00Z,2026-08-28T14:00:00Z,2026-08-28,2026-08-28_64,100.0,0,100,0,172.54771875776402,153.49616596273296,0.052920979986197374,0.0,7.472571428571428,True,True,True,False,3328.75,0.0,0.0,10.667832965695595,0.0,-160.21381847026478,3179.204014495431
2026-08-28T14:00:00Z,2026-08-28T14:15:00Z,2026-08-28,2026-08-28_65,0.0,100,100,0,153.49616596273296,171.6690573913044,0.050480253968253966,0.0,19.753142857142855,True,True,True,False,0.0,0.0,101.85783829010421,3.0805506959762687,0.0,1264.9478768649012,1369.8862658509818
2026-08-28T14:15:00Z,2026-08-28T14:30:00Z,2026-08-28,2026-08-28_66,0.0,100,100,0,171.6690573913044,189.74397714285718,0.050252968944099384,0.0074285714285714285,19.655428571428573,True,True,True,False,0.0,0.0,101.85783829010421,3.0805506959762687,1.1681099436047333,744.0716700170599,850.1781689467451
2026-08-28T14:30:00Z,2026-08-28T14:45:00Z,2026-08-28,2026-08-28_67,0.0,100,100,0,189.74397714285718,188.28074534161493,0.005486881987577639,1.5817142857142856,0.2782857142857143,True,True,True,False,0.0,0.0,101.85783829010421,3.0805506959762687,291.57826685066664,-13.28244357756794,383.2342122591792
2026-08-28T14:45:00Z,2026-08-28T15:00:00Z,2026-08-28,2026-08-28_68,0.0,100,100,0,188.28074534161493,174.0465838509317,0.039539337474120084,13.095428571428572,0.0,True,True,True,False,0.0,0.0,101.85783829010421,3.0805506959762687,9141.093734475004,0.0,9246.032123461084
2026-08-28T15:00:00Z,2026-08-28T15:15:00Z,2026-08-28,2026-08-28_69,-91.73666721313802,100,0,0,174.0465838509317,190.00000000000003,0.04706492689428905,5.510857142857143,0.0,True,True,True,False,-2881.907400500731,0.0,103.14140108009431,0.0,1264.909802344913,0.0,-1513.8561970757237
2026-08-28T15:15:00Z,2026-08-28T15:30:00Z,2026-08-28,2026-08-28_70,-21.54516956425078,100,0,0,190.00000000000003,182.67207155279507,0.03501512791243544,11.68742857142857,0.0,True,True,True,False,-860.406346548355,0.0,103.14140108009431,0.0,10504.310897217181,0.0,9747.04595174892
2026-08-28T15:30:00Z,2026-08-28T15:45:00Z,2026-08-28,2026-08-28_71,-100.0,100,0,0,182.67207155279507,186.21118012422366,0.009830857142857145,21.153142857142857,0.0,True,True,True,False,-4130.75,0.0,103.14140108009431,0.0,20126.281420856467,0.0,16098.672821936561
2026-08-28T15:45:00Z,2026-08-28T16:00:00Z,2026-08-28,2026-08-28_72,0.0,100,0,0,186.21118012422366,173.29689440993795,0.035873015873015876,11.881142857142859,0.0,True,True,True,False,0.0,0.0,103.14140108009431,0.0,4798.623430440405,0.0,4901.7648315205
2026-08-28T16:00:00Z,2026-08-28T16:15:00Z,2026-08-28,2026-08-28_73,0.0,100,100,0,173.29689440993795,164.04596273291932,0.025697032436162875,8.510857142857144,0.0,True,True,True,False,0.0,0.0,104.59610557541646,3.5369285768616416,2892.828819828533,0.0,3000.961853980811
2026-08-28T16:15:00Z,2026-08-28T16:30:00Z,2026-08-28,2026-08-28_74,0.0,100,100,0,164.04596273291932,151.17204968944105,0.035760869565217394,11.844000000000001,0.0,True,True,True,False,0.0,0.0,104.59610557541646,3.5369285768616416,5232.359744428388,0.0,5340.492778580666
2026-08-28T16:30:00Z,2026-08-28T16:45:00Z,2026-08-28,2026-08-28_75,0.0,100,100,0,151.17204968944105,145.4565217391305,0.01587646652864044,5.258285714285714,0.0,True,True,True,False,0.0,0.0,104.59610557541646,3.5369285768616416,1534.8968796792315,0.0,1643.0299138315095
2026-08-28T16:45:00Z,2026-08-28T17:00:00Z,2026-08-28,2026-08-28_76,0.0,100,100,0,145.4565217391305,144.00000000000006,0.004045893719806764,1.34,0.0,True,True,True,False,0.0,0.0,104.59610557541646,3.5369285768616416,328.14660378793644,0.0,436.27963794021457
2026-08-28T17:00:00Z,2026-08-28T17:15:00Z,2026-08-28,2026-08-28_77,0.0,0,0,100,144.00000000000006,144.00000000000006,0.0,0.0,0.0,True,True,True,False,0.0,991.1957100479198,0.0,0.0,0.0,0.0,991.1957100479198
2026-08-28T17:15:00Z,2026-08-28T17:30:00Z,2026-08-28,2026-08-28_78,0.0,0,0,100,144.00000000000006,144.00000000000006,0.0,0.0,0.0,True,True,True,False,0.0,991.1957100479198,0.0,0.0,0.0,0.0,991.1957100479198
2026-08-28T17:30:00Z,2026-08-28T17:45:00Z,2026-08-28,2026-08-28_79,0.0,0,0,100,144.00000000000006,144.00000000000006,0.0,0.0,0.0,True,True,True,False,0.0,991.1957100479198,0.0,0.0,0.0,0.0,991.1957100479198
2026-08-28T17:45:00Z,2026-08-28T18:00:00Z,2026-08-28,2026-08-28_80,0.0,0,0,100,144.00000000000006,144.00000000000006,0.0,0.0,0.0,True,True,True,False,0.0,991.1957100479198,0.0,0.0,0.0,0.0,991.1957100479198
2026-08-28T18:00:00Z,2026-08-28T18:15:00Z,2026-08-28,2026-08-28_81,0.0,0,0,100,144.00000000000006,144.00000000000006,0.0,0.0,0.0,True,True,True,False,0.0,991.1957100479198,0.0,0.0,0.0,0.0,991.1957100479198
2026-08-28T18:15:00Z,2026-08-28T18:30:00Z,2026-08-28,2026-08-28_82,0.0,0,0,100,144.00000000000006,144.00000000000006,0.0,0.0,0.0,True,True,True,False,0.0,991.1957100479198,0.0,0.0,0.0,0.0,991.1957100479198
2026-08-28T18:30:00Z,2026-08-28T18:45:00Z,2026-08-28,2026-08-28_83,0.0,0,0,100,144.00000000000006,144.00000000000006,0.0,0.0,0.0,True,True,True,False,0.0,991.1957100479198,0.0,0.0,0.0,0.0,991.1957100479198
2026-08-28T18:45:00Z,2026-08-28T19:00:00Z,2026-08-28,2026-08-28_84,0.0,0,0,100,144.00000000000006,144.00000000000006,0.0,0.0,0.0,True,True,True,False,0.0,991.1957100479198,0.0,0.0,0.0,0.0,991.1957100479198
2026-08-28T19:00:00Z,2026-08-28T19:15:00Z,2026-08-28,2026-08-28_85,100.0,0,100,0,144.00000000000006,117.01677018633546,0.07495341614906832,0.0,0.17542857142857143,True,True,True,False,6112.5,0.0,0.0,3.5369285768616416,0.0,-13.844005693857373,6102.192922883004
2026-08-28T19:15:00Z,2026-08-28T19:30:00Z,2026-08-28,2026-08-28_86,100.0,0,100,0,117.01677018633546,89.96273291925472,0.07515010351966872,0.0,0.11028571428571428,True,True,True,False,6024.0,0.0,0.0,3.5369285768616416,0.0,-8.703234849884275,6018.833693726978
2026-08-28T19:30:00Z,2026-08-28T19:45:00Z,2026-08-28,2026-08-28_87,100.0,0,100,0,89.96273291925472,72.53602484472056,0.04840752242926156,0.0,8.96742857142857,True,True,True,False,5161.0,0.0,0.0,3.5369285768616416,0.0,-427.201080637625,4737.335847939236
2026-08-28T19:45:00Z,2026-08-28T20:00:00Z,2026-08-28,2026-08-28_88,100.0,0,100,0,72.53602484472056,57.100621118012484,0.04287612146307798,0.0,10.799428571428573,True,True,True,False,5509.25,0.0,0.0,3.5369285768616416,0.0,-546.8406931510721,4965.946235425789
2026-08-28T20:00:00Z,2026-08-28T20:15:00Z,2026-08-28,2026-08-28_89,0.0,0,100,0,57.100621118012484,61.77264397515534,0.01297784126984127,0.0,5.078285714285714,True,True,True,False,0.0,0.0,0.0,3.5369285768616416,0.0,-318.6482331656326,-315.1113045887709
2026-08-28T20:15:00Z,2026-08-28T20:30:00Z,2026-08-28,2026-08-28_90,100.0,0,100,0,61.77264397515534,38.5409669565218,0.06453243616287094,0.0,3.626857142857143,True,True,True,False,5717.75,0.0,0.0,3.5369285768616416,0.0,-256.89939236545007,5464.387536211411
2026-08-28T20:30:00Z,2026-08-28T20:45:00Z,2026-08-28,2026-08-28_91,100.0,0,100,0,38.5409669565218,15.22792347826093,0.0647584541062802,0.0,3.5520000000000005,True,True,True,False,5535.25,0.0,0.0,3.5369285768616416,0.0,-253.3424081539515,5285.4445204229105
2026-08-28T20:45:00Z,2026-08-28T21:00:00Z,2026-08-28,2026-08-28_92,39.400343520691024,0,100,0,15.22792347826093,10.00000000000006,0.03173600579530681,0.0,5.557714285714286,True,True,True,False,2040.4452900777865,0.0,0.0,3.5369285768616416,0.0,-333.99867541753144,1709.9835432371167
2026-08-28T21:00:00Z,2026-08-28T21:15:00Z,2026-08-29,2026-08-28_93,-97.36187667956929,100,0,0,10.00000000000006,27.311119706773315,0.04896226780059044,5.497714285714285,0.0,True,True,True,False,-4777.060479283067,0.0,106.80054769511638,0.0,1359.880287865945,0.0,-3310.3796437220058
2026-08-28T21:15:00Z,2026-08-28T21:30:00Z,2026-08-29,2026-08-28_94,-99.99999999999996,100,0,0,27.311119706773315,36.89857113534473,0.026631809523809533,14.578857142857144,0.0,True,True,True,False,-4726.749999999998,0.0,106.80054769511638,0.0,4125.774429592924,0.0,-494.1750227119576
2026-08-28T21:30:00Z,2026-08-28T21:45:00Z,2026-08-29,2026-08-28_95,-30.730585669068777,100,0,0,36.89857113534473,42.50071751552788,0.021482164351361643,1.4154285714285713,0.0,True,True,True,False,-1398.7026067276654,0.0,106.80054769511638,0.0,254.8576261111473,0.0,-1037.0444329214017
2026-08-28T21:45:00Z,2026-08-28T22:00:00Z,2026-08-29,2026-08-28_96,-100.00000000000034,100,0,0,42.50071751552788,64.34782608695653,0.06068641269841291,1.2531428571428571,0.0,True,True,True,False,-4059.000000000014,0.0,106.80054769511638,0.0,237.1350749820695,0.0,-3715.064377322828
2026-08-28T22:00:00Z,2026-08-28T22:15:00Z,2026-08-29,2026-08-29_1,0.0,0,0,100,64.34782608695653,64.34782608695653,0.0,0.0,0.0,True,True,True,False,0.0,988.9034687357372,0.0,0.0,0.0,0.0,988.9034687357372
2026-08-28T22:15:00Z,2026-08-28T22:30:00Z,2026-08-29,2026-08-29_2,0.0,0,0,100,64.34782608695653,64.34782608695653,0.0,0.0,0.0,True,True,True,False,0.0,988.9034687357372,0.0,0.0,0.0,0.0,988.9034687357372
2026-08-28T22:30:00Z,2026-08-28T22:45:00Z,2026-08-29,2026-08-29_3,0.0,0,0,100,64.34782608695653,64.34782608695653,0.0,0.0,0.0,True,True,True,False,0.0,988.9034687357372,0.0,0.0,0.0,0.0,988.9034687357372
2026-08-28T22:45:00Z,2026-08-28T23:00:00Z,2026-08-29,2026-08-29_4,0.0,0,0,100,64.34782608695653,64.34782608695653,0.0,0.0,0.0,True,True,True,False,0.0,988.9034687357372,0.0,0.0,0.0,0.0,988.9034687357372
2026-08-28T23:00:00Z,2026-08-28T23:15:00Z,2026-08-29,2026-08-29_5,0.0,6,6,94,64.34782608695653,64.48418132670808,0.0004017459213250517,0.0038057142857142855,0.15270857142857142,True,True,True,False,0.0,929.5692606115929,6.408032861706983,0.4159059790050205,0.6151789789398187,-9.519165351763709,927.489213079481
2026-08-28T23:15:00Z,2026-08-28T23:30:00Z,2026-08-29,2026-08-29_6,0.0,6,6,94,64.48418132670808,64.49761512546584,8.079436853002071e-05,0.0072,0.02310857142857143,True,True,True,False,0.0,929.5692606115929,6.408032861706983,0.4159059790050205,1.3435810132359651,-1.8237595357631873,935.9130209297776
2026-08-28T23:30:00Z,2026-08-28T23:45:00Z,2026-08-29,2026-08-29_7,0.0,6,6,94,64.49761512546584,64.1498058136646,0.0009945255486542442,0.3246857142857143,0.005554285714285715,True,True,True,False,0.0,929.5692606115929,6.408032861706983,0.4159059790050205,75.58081280563344,-0.43835169850687883,1011.5356605594314
2026-08-28T23:45:00Z,2026-08-29T00:00:00Z,2026-08-29,2026-08-29_8,0.0,6,6,94,64.1498058136646,63.94963323229815,0.0005632197101449275,0.18534857142857142,0.0014057142857142857,True,True,True,False,0.0,929.5692606115929,6.408032861706983,0.4159059790050205,37.91069853295951,-0.10719827867249135,974.1966997065919
2026-08-29T00:00:00Z,2026-08-29T00:15:00Z,2026-08-29,2026-08-29_9,-5.0,6,1,94,63.94963323229815,64.51195939378883,0.002186033678398896,0.6200228571428571,0.0,True,True,True,False,-166.4,929.5692606115929,6.408032861706983,0.09613190324052945,168.77323080133013,0.0,938.4466561778705
2026-08-29T00:15:00Z,2026-08-29T00:30:00Z,2026-08-29,2026-08-29_10,0.0,6,1,94,64.51195939378883,64.45792212670808,0.00015010351966873703,0.04971428571428571,0.0,True,True,True,False,0.0,929.5692606115929,6.408032861706983,0.09613190324052945,8.84732574819065,0.0,944.920751124731
2026-08-29T00:30:00Z,2026-08-29T00:45:00Z,2026-08-29,2026-08-29_11,0.0,6,1,94,64.45792212670808,64.41384440248449,0.0001253879641131815,0.04104000000000001,0.0005771428571428572,True,True,True,False,0.0,929.5692606115929,6.408032861706983,0.09613190324052945,7.384928845276131,-0.045548890482710665,943.4128053313339
2026-08-29T00:45:00Z,2026-08-29T01:00:00Z,2026-08-29,2026-08-29_12,0.0,6,1,94,64.41384440248449,64.27711148322983,0.0003798136645962733,0.12579428571428572,0.0,True,True,True,False,0.0,929.5692606115929,6.408032861706983,0.09613190324052945,24.244418041337944,0.0,960.3178434178783
2026-08-29T01:00:00Z,2026-08-29T01:15:00Z,2026-08-29,2026-08-29_13,0.0,6,0,94,64.27711148322983,64.12580713540375,0.0004202898550724637,0.1392,0.0,True,True,True,False,0.0,929.5692606115929,6.408032861706983,0.0,30.381437699680507,0.0,966.3587311729804
2026-08-29T01:15:00Z,2026-08-29T01:30:00Z,2026-08-29,2026-08-29_14,-6.0,6,0,94,64.12580713540375,64.73578290683231,0.0016943771428571432,0.836982857142857,0.0,True,True,True,False,-199.5,929.5692606115929,6.408032861706983,0.0,238.72698060898477,0.0,975.2042740822847
2026-08-29T01:30:00Z,2026-08-29T01:45:00Z,2026-08-29,2026-08-29_15,0.0,6,0,94,64.73578290683231,64.22675185093169,0.0014139751552795033,0.46830857142857146,0.0,True,True,True,False,0.0,929.5692606115929,6.408032861706983,0.0,119.32686574297452,0.0,1055.3041592162745
2026-08-29T01:45:00Z,2026-08-29T02:00:00Z,2026-08-29,2026-08-29_16,0.0,6,0,94,64.22675185093169,64.10023011180125,0.0003514492753623188,0.1164,0.0,True,True,True,False,0.0,929.5692606115929,6.408032861706983,0.0,22.622073482428117,0.0,958.599366955728
2026-08-29T02:00:00Z,2026-08-29T02:15:00Z,2026-08-29,2026-08-29_17,-6.0,6,0,94,64.10023011180125,64.97440885465839,0.002428274285714286,0.5498057142857143,0.0,True,True,True,False,-175.71,929.5692606115929,6.408032861706983,0.0,137.98195386320663,0.0,898.2492473365065
2026-08-29T02:15:00Z,2026-08-29T02:30:00Z,2026-08-29,2026-08-29_18,-5.713286316301725,6,0,94,64.97440885465839,66.2350131677019,0.0035182997304559717,0.0576,0.0,True,True,True,False,-179.9542357477136,929.5692606115929,6.408032861706983,0.0,10.732129621177545,0.0,766.7551873467638
2026-08-29T02:30:00Z,2026-08-29T02:45:00Z,2026-08-29,2026-08-29_19,0.0,6,0,94,66.2350131677019,66.23121192546587,1.0559006211180123e-05,0.0034971428571428567,0.0,True,True,True,False,0.0,929.5692606115929,6.408032861706983,0.0,0.5652996022690225,0.0,936.5425930755689
2026-08-29T02:45:00Z,2026-08-29T03:00:00Z,2026-08-29,2026-08-29_20,0.0,6,0,94,66.23121192546587,66.1865286956522,0.000124120082815735,0.04110857142857143,0.0,True,True,True,False,0.0,929.5692606115929,6.408032861706983,0.0,7.517457162417684,0.0,943.4947506357175
2026-08-29T03:00:00Z,2026-08-29T03:15:00Z,2026-08-29,2026-08-29_21,-6.0,6,0,94,66.1865286956522,67.44609806708077,0.0034988038095238095,0.13090285714285715,0.0,True,True,True,False,-176.10000000000002,929.5692606115929,6.423436786855317,0.0,28.97647164373737,0.0,788.8691690421855
2026-08-29T03:15:00Z,2026-08-29T03:30:00Z,2026-08-29,2026-08-29_22,0.0,6,0,94,67.44609806708077,67.16480614161493,0.0007813664596273291,0.2587885714285714,0.0,True,True,True,False,0.0,929.5692606115929,6.423436786855317,0.0,57.44265705157462,0.0,993.4353544500228
2026-08-29T03:30:00Z,2026-08-29T03:45:00Z,2026-08-29,2026-08-29_23,0.0,6,0,94,67.16480614161493,67.12932788074536,9.855072463768114e-05,0.032639999999999995,0.0,True,True,True,False,0.0,929.5692606115929,6.423436786855317,0.0,6.244938749429483,0.0,942.2376361478777
2026-08-29T03:45:00Z,2026-08-29T04:00:00Z,2026-08-29,2026-08-29_24,0.0,6,0,94,67.12932788074536,67.1105452720497,5.217391304347826e-05,0.01728,0.0,True,True,True,False,0.0,929.5692606115929,6.423436786855317,0.0,3.537375445002282,0.0,939.5300728434505
2026-08-29T04:00:00Z,2026-08-29T04:15:00Z,2026-08-29,2026-08-29_25,6.0,0,6,94,67.1105452720497,65.65545210434783,0.004041925465838508,0.0,0.16131428571428572,True,True,True,False,238.305,929.5692606115929,0.0,0.16602008215426745,0.0,-9.784019430136272,1158.256261263611
2026-08-29T04:15:00Z,2026-08-29T04:30:00Z,2026-08-29,2026-08-29_26,6.0,0,6,94,65.65545210434783,64.14829682484472,0.004186542443064181,0.0,0.11341714285714286,True,True,True,False,245.13,929.5692606115929,0.0,0.16602008215426745,0.0,-8.695443698246072,1166.169836995501
2026-08-29T04:30:00Z,2026-08-29T04:45:00Z,2026-08-29,2026-08-29_27,6.0,0,6,94,64.14829682484472,62.55516639006211,0.00442536231884058,0.0,0.034319999999999996,True,True,True,False,234.855,929.5692606115929,0.0,0.16602008215426745,0.0,-2.694978913738019,1161.895301780009
2026-08-29T04:45:00Z,2026-08-29T05:00:00Z,2026-08-29,2026-08-29_28,0.0,0,6,94,62.55516639006211,62.71739130434783,0.0004506247619047619,0.0,0.17633142857142856,True,True,True,False,0.0,929.5692606115929,0.0,0.16602008215426745,0.0,-10.075913966225468,919.6593667275217
2026-08-29T05:00:00Z,2026-08-29T05:15:00Z,2026-08-29,2026-08-29_29,6.00000000000006,0,0,94,62.71739130434783,61.08695652173912,0.004528985507246422,0.0,0.0,True,False,True,False,235.78500000000238,929.5692606115929,0.0,0.0,0.0,0.0,1165.3542606115952
2026-08-29T05:15:00Z,2026-08-29T05:30:00Z,2026-08-29,2026-08-29_30,0.0,0,0,94,61.08695652173912,61.08695652173912,0.0,0.0,0.0,True,False,True,False,0.0,929.5692606115929,0.0,0.0,0.0,0.0,929.5692606115929
2026-08-29T05:30:00Z,2026-08-29T05:45:00Z,2026-08-29,2026-08-29_31,0.0,0,0,94,61.08695652173912,61.08695652173912,0.0,0.0,0.0,True,False,True,False,0.0,929.5692606115929,0.0,0.0,0.0,0.0,929.5692606115929
2026-08-29T05:45:00Z,2026-08-29T06:00:00Z,2026-08-29,2026-08-29_32,0.0,0,0,94,61.08695652173912,61.08695652173912,0.0,0.0,0.0,True,False,True,False,0.0,929.5692606115929,0.0,0.0,0.0,0.0,929.5692606115929
2026-08-29T06:00:00Z,2026-08-29T06:15:00Z,2026-08-29,2026-08-29_33,100.0,0,0,0,61.08695652173912,33.91304347826086,0.0754830917874396,0.0,0.0,True,False,True,False,3677.0000000000005,0.0,0.0,0.0,0.0,0.0,3677.0000000000005
2026-08-29T06:15:00Z,2026-08-29T06:30:00Z,2026-08-29,2026-08-29_34,87.99999999999999,0,0,0,33.91304347826086,9.999999999999996,0.06642512077294685,0.0,0.0,True,False,True,False,2311.0999999999995,0.0,0.0,0.0,0.0,0.0,2311.0999999999995
2026-08-29T06:30:00Z,2026-08-29T06:45:00Z,2026-08-29,2026-08-29_35,0.0,0,0,0,9.999999999999996,9.999999999999996,0.0,0.0,0.0,True,False,True,False,0.0,0.0,0.0,0.0,0.0,0.0,0.0
2026-08-29T06:45:00Z,2026-08-29T07:00:00Z,2026-08-29,2026-08-29_36,0.0,0,0,0,9.999999999999996,9.999999999999996,0.0,0.0,0.0,True,False,True,False,0.0,0.0,0.0,0.0,0.0,0.0,0.0
2026-08-29T07:00:00Z,2026-08-29T07:15:00Z,2026-08-29,2026-08-29_37,0.0,100,100,0,9.999999999999996,25.79140571428571,0.043865015873015875,0.0,17.164571428571428,True,True,True,False,0.0,0.0,101.1524418073939,25.445002282062983,0.0,2453.269808524048,2579.867252613505
2026-08-29T07:15:00Z,2026-08-29T07:30:00Z,2026-08-29,2026-08-29_38,0.0,100,100,0,25.79140571428571,33.384297142857136,0.02109136507936508,0.0,8.253142857142857,True,True,True,False,0.0,0.0,101.1524418073939,25.445002282062983,0.0,899.0218954163136,1025.6193395057705
2026-08-29T07:30:00Z,2026-08-29T07:45:00Z,2026-08-29,2026-08-29_39,0.0,100,100,0,33.384297142857136,50.75021714285714,0.04823866666666667,0.0,18.876,True,True,True,False,0.0,0.0,101.1524418073939,25.445002282062983,0.0,686.2580442720221,812.8554883614789
2026-08-29T07:45:00Z,2026-08-29T08:00:00Z,2026-08-29,2026-08-29_40,0.0,100,100,0,50.75021714285714,67.46162285714286,0.046420571428571436,0.0,18.16457142857143,True,True,True,False,0.0,0.0,101.1524418073939,25.445002282062983,0.0,641.2697541892157,767.8671982786726
2026-08-29T08:00:00Z,2026-08-29T08:15:00Z,2026-08-29,2026-08-29_41,10.000000000000036,90,100,0,67.46162285714286,82.46223125465838,0.045342614768806064,0.0,18.91542857142857,True,True,True,False,44.35000000000015,0.0,88.08477863989046,14.348471017800092,0.0,13049.062936689052,13195.846186346742
2026-08-29T08:15:00Z,2026-08-29T08:30:00Z,2026-08-29,2026-08-29_42,10.000000000000028,90,100,0,82.46223125465838,94.09769361490683,0.03816441407867495,0.0,15.322857142857144,True,True,True,False,32.25000000000009,0.0,88.08477863989046,14.348471017800092,0.0,480.4594569776793,615.1427066353699
2026-08-29T08:30:00Z,2026-08-29T08:45:00Z,2026-08-29,2026-08-29_43,10.000000000000028,90,100,0,94.09769361490683,105.64965624844719,0.037986300621118005,0.0,15.233714285714283,True,True,True,False,38.45000000000011,0.0,88.08477863989046,14.348471017800092,0.0,471.7920482058638,612.6752978635544
2026-08-29T08:45:00Z,2026-08-29T09:00:00Z,2026-08-29,2026-08-29_44,10.000000000000028,90,100,0,105.64965624844719,119.1820611180124,0.042210786473429955,0.0,17.348000000000003,True,True,True,False,33.825000000000095,0.0,88.08477863989046,14.348471017800092,0.0,948.3071869770275,1084.5654366347183
2026-08-29T09:00:00Z,2026-08-29T09:15:00Z,2026-08-29,2026-08-29_45,0.0,6,6,94,119.1820611180124,119.77919662111799,0.0016690616977225673,0.0017142857142857144,0.6510857142857143,True,True,True,False,0.0,929.5692606115929,5.9784345047923315,1.8364901871291648,0.22820629849383844,8.654274303970789,946.266665905979
2026-08-29T09:15:00Z,2026-08-29T09:30:00Z,2026-08-29,2026-08-29_46,0.0,6,6,94,119.77919662111799,119.69069350559005,0.0002547791304347826,0.08290285714285714,0.0017485714285714283,True,True,True,False,0.0,929.5692606115929,5.9784345047923315,1.8364901871291648,11.77772689574232,-0.10825454130534001,949.0536576579514
2026-08-29T09:30:00Z,2026-08-29T09:45:00Z,2026-08-29,2026-08-29_47,0.0,6,6,94,119.69069350559005,119.68665232298135,2.7697888198757763e-05,0.0064457142857142855,0.0032228571428571428,True,True,True,False,0.0,929.5692606115929,5.9784345047923315,1.8364901871291648,0.8580556823368324,-0.24515876638195214,937.9970822194692
2026-08-29T09:45:00Z,2026-08-29T10:00:00Z,2026-08-29,2026-08-29_48,0.0,6,6,94,119.68665232298135,119.67695530931675,4.6562815734989653e-05,0.012171428571428573,0.0038400000000000005,True,True,True,False,0.0,929.5692606115929,5.9784345047923315,1.8364901871291648,1.620264719306253,-0.25003596531264266,938.754414057508
2026-08-29T10:00:00Z,2026-08-29T10:15:00Z,2026-08-29,2026-08-29_49,-6.0,6,0,94,119.67695530931675,121.05187690931675,0.003819226666666667,0.005520000000000001,0.0,True,True,True,False,-14.879999999999999,929.5692606115929,5.992126882701962,0.0,0.7348242811501597,0.0,921.416211775445
2026-08-29T10:15:00Z,2026-08-29T10:30:00Z,2026-08-29,2026-08-29_50,-6.0,6,0,94,121.05187690931675,122.27028285217389,0.0033844609523809516,0.1756457142857143,0.0,True,True,True,False,-12.885,929.5692606115929,5.992126882701962,0.0,26.738572739127598,0.0,949.4149602334224
2026-08-29T10:30:00Z,2026-08-29T10:45:00Z,2026-08-29,2026-08-29_51,-6.0,6,0,94,122.27028285217389,123.64533062360246,0.0038195771428571434,0.005382857142857142,0.0,True,True,True,False,-12.0,929.5692606115929,5.992126882701962,0.0,0.7165677772706526,0.0,924.2779552715655
2026-08-29T10:45:00Z,2026-08-29T11:00:00Z,2026-08-29,2026-08-29_52,-6.0,6,0,94,123.64533062360246,125.02025222360245,0.0038192266666666665,0.005520000000000001,0.0,True,True,True,False,-12.51,929.5692606115929,5.992126882701962,0.0,0.7348242811501597,0.0,923.786211775445
2026-08-29T11:00:00Z,2026-08-29T11:15:00Z,2026-08-29,2026-08-29_53,0.0,6,6,94,125.02025222360245,125.07415175155276,0.00017622194616977226,0.004388571428571429,0.06377142857142858,True,True,True,False,0.0,929.5692606115929,5.992126882701962,1.8844135098128707,0.5842081241442264,-3.1139870900436852,934.9160220382082
2026-08-29T11:15:00Z,2026-08-29T11:30:00Z,2026-08-29,2026-08-29_54,0.0,6,6,94,125.07415175155276,125.12245835527948,0.00013708356107660459,0.00048000000000000007,0.05307428571428572,True,True,True,False,0.0,929.5692606115929,5.992126882701962,1.8844135098128707,0.06389776357827477,-2.5965461824346354,934.9131525852514
2026-08-29T11:30:00Z,2026-08-29T11:45:00Z,2026-08-29,2026-08-29_55,0.0,6,6,94,125.12245835527948,125.13102370186333,7.907213250517598e-05,0.009154285714285715,0.020125714285714285,True,True,True,False,0.0,929.5692606115929,5.992126882701962,1.8844135098128707,1.2186216339570972,-0.8213139271043881,937.8431087109605
2026-08-29T11:45:00Z,2026-08-29T12:00:00Z,2026-08-29,2026-08-29_56,0.0,6,6,94,125.13102370186333,126.07008610186332,0.0026085066666666663,0.0,1.0207199999999998,True,True,True,False,0.0,929.5692606115929,5.992126882701962,1.8844135098128707,0.0,23.421393290734823,960.8671942948425
2026-08-29T12:00:00Z,2026-08-29T12:15:00Z,2026-08-29,2026-08-29_57,0.0,100,100,0,126.07008610186332,143.2288746732919,0.047663301587301594,0.0,18.650857142857145,True,True,True,False,0.0,0.0,99.24121405750799,30.608169785486083,0.0,5990.002406598423,6119.851790441417
2026-08-29T12:15:00Z,2026-08-29T12:30:00Z,2026-08-29,2026-08-29_58,0.0,100,100,0,143.2288746732919,143.41014374161486,0.001286824016563147,0.12971428571428573,0.35028571428571426,True,True,True,False,0.0,0.0,99.24121405750799,30.608169785486083,15.659304731477258,-17.983185216578644,127.52550335789269
2026-08-29T12:30:00Z,2026-08-29T12:45:00Z,2026-08-29,2026-08-29_59,0.0,100,100,0,143.41014374161486,143.75067442484468,0.0011598592132505176,0.03542857142857143,0.412,True,True,True,False,0.0,0.0,99.24121405750799,30.608169785486083,4.183783877768359,-21.625298950251025,112.40786877051141
2026-08-29T12:45:00Z,2026-08-29T13:00:00Z,2026-08-29,2026-08-29_60,0.0,100,100,0,143.75067442484468,145.96130299627325,0.0061406349206349214,0.0,2.402857142857143,True,True,True,False,0.0,0.0,99.24121405750799,30.608169785486083,0.0,-76.45421312294887,53.3951707200452
2026-08-29T13:00:00Z,2026-08-29T13:15:00Z,2026-08-29,2026-08-29_61,-53.220938525519884,55,0,45,145.96130299627325,158.20211885714284,0.03400226628019326,0.0,0.0,True,True,True,False,-134.5159221232515,445.0065609310817,54.36301916932907,0.0,0.0,0.0,364.8536579771593
2026-08-29T13:15:00Z,2026-08-29T13:30:00Z,2026-08-29,2026-08-29_62,-55.0,55,0,45,158.20211885714284,169.29999999999998,0.030827447619047627,1.6870857142857143,0.0,True,True,True,False,-139.28750000000002,445.0065609310817,54.36301916932907,0.0,278.6193951881072,0.0,638.7014752885179
2026-08-29T13:30:00Z,2026-08-29T13:45:00Z,2026-08-29,2026-08-29_63,-6.793309900474641,55,0,45,169.29999999999998,169.25214319503104,0.0078599266089793,1.5101428571428572,0.0,True,True,True,False,-26.137259842076183,445.0065609310817,54.36301916932907,0.0,213.45988755406316,0.0,686.6922078123978
2026-08-29T13:45:00Z,2026-08-29T14:00:00Z,2026-08-29,2026-08-29_64,0.0,55,0,45,169.25214319503104,168.63416182857142,0.001716614906832298,0.5685428571428571,0.0,True,True,True,False,0.0,445.0065609310817,54.36301916932907,0.0,75.391719420356,0.0,574.7612995207668
2026-08-29T14:00:00Z,2026-08-29T14:15:00Z,2026-08-29,2026-08-29_65,-93.0,93,7,0,168.63416182857142,190.0,0.059349550476190484,0.053142857142857144,0.02688,True,True,True,False,-293.88,0.0,97.65318347786399,0.20167731629392974,8.590337093303775,-1.2830670926517571,-188.71786920519006
2026-08-29T14:15:00Z,2026-08-29T14:30:00Z,2026-08-29,2026-08-29_66,7.000000000000039,93,7,0,190.0,189.0146956521739,0.00273695652173916,0.0,0.84352,True,True,True,False,210.01750000000118,0.0,97.65318347786399,0.20167731629392974,0.0,12.191610284497187,320.06397107865627
2026-08-29T14:30:00Z,2026-08-29T14:45:00Z,2026-08-29,2026-08-29_67,-0.3019034445691311,93,7,0,189.0146956521739,186.66973267080755,0.007349345426889018,2.3032114285714282,0.09548,True,True,True,False,-10.483597112663078,0.0,97.65318347786399,0.20167731629392974,518.9676198539479,-4.813510969116081,601.5253725663266
2026-08-29T14:45:00Z,2026-08-29T15:00:00Z,2026-08-29,2026-08-29_68,7.000000000000043,93,7,0,186.66973267080755,176.8119314285715,0.027382781228433434,7.319897142857142,0.0007199999999999999,True,True,True,False,321.825000000002,0.0,97.65318347786399,0.20167731629392974,1482.1190869596398,-0.05476951163852122,1901.7441782421613
2026-08-29T15:00:00Z,2026-08-29T15:15:00Z,2026-08-29,2026-08-29_69,0.0,0,100,0,176.8119314285715,190.00000000000009,0.0366335238095238,0.0,14.33485714285714,True,True,True,False,0.0,0.0,0.0,2.8811045184847104,0.0,-82.51866075503683,-79.63755623655213
2026-08-29T15:15:00Z,2026-08-29T15:30:00Z,2026-08-29,2026-08-29_70,100.0,0,100,0,190.00000000000009,172.17577639751562,0.049511732229123535,0.0,8.601714285714285,True,True,True,False,4791.5,0.0,0.0,2.8811045184847104,0.0,-179.45429484253762,4614.926809675947
2026-08-29T15:30:00Z,2026-08-29T15:45:00Z,2026-08-29,2026-08-29_71,100.0,0,100,0,172.17577639751562,145.05155279503114,0.07534506556245686,0.0,0.045714285714285714,True,True,True,False,5171.0,0.0,0.0,2.8811045184847104,0.0,-3.4861228836582554,5170.394981634827
2026-08-29T15:45:00Z,2026-08-29T16:00:00Z,2026-08-29,2026-08-29_72,100.0,0,100,0,145.05155279503114,117.87763975155289,0.0754830917874396,0.0,0.0,True,True,True,False,5243.0,0.0,0.0,2.8811045184847104,0.0,0.0,5245.881104518485
2026-08-29T16:00:00Z,2026-08-29T16:15:00Z,2026-08-29,2026-08-29_73,0.0,0,0,100,117.87763975155289,117.87763975155289,0.0,0.0,0.0,True,True,True,False,0.0,988.9034687357372,0.0,0.0,0.0,0.0,988.9034687357372
2026-08-29T16:15:00Z,2026-08-29T16:30:00Z,2026-08-29,2026-08-29_74,0.0,0,0,100,117.87763975155289,117.87763975155289,0.0,0.0,0.0,True,True,True,False,0.0,988.9034687357372,0.0,0.0,0.0,0.0,988.9034687357372
2026-08-29T16:30:00Z,2026-08-29T16:45:00Z,2026-08-29,2026-08-29_75,0.0,0,0,100,117.87763975155289,117.87763975155289,0.0,0.0,0.0,True,True,True,False,0.0,988.9034687357372,0.0,0.0,0.0,0.0,988.9034687357372
2026-08-29T16:45:00Z,2026-08-29T17:00:00Z,2026-08-29,2026-08-29_76,0.0,0,0,100,117.87763975155289,117.87763975155289,0.0,0.0,0.0,True,True,True,False,0.0,988.9034687357372,0.0,0.0,0.0,0.0,988.9034687357372
2026-08-29T17:00:00Z,2026-08-29T17:15:00Z,2026-08-29,2026-08-29_77,0.0,100,100,0,117.87763975155289,110.04596273291935,0.021754658385093165,7.2051428571428575,0.0,True,True,True,False,0.0,0.0,77.4475125513464,2.93815609310817,2026.313517637087,0.0,2106.6991862815416
2026-08-29T17:15:00Z,2026-08-29T17:30:00Z,2026-08-29,2026-08-29_78,0.0,100,100,0,110.04596273291935,92.83043478260879,0.04782091097308488,15.838285714285712,0.0,True,True,True,False,0.0,0.0,77.4475125513464,2.93815609310817,4977.786094738214,0.0,5058.171763382668
2026-08-29T17:30:00Z,2026-08-29T17:45:00Z,2026-08-29,2026-08-29_79,0.0,100,100,0,92.83043478260879,77.71739130434793,0.041980676328502414,13.904,0.0,True,True,True,False,0.0,0.0,77.4475125513464,2.93815609310817,4094.2843115776664,0.0,4174.669980222121
2026-08-29T17:45:00Z,2026-08-29T18:00:00Z,2026-08-29,2026-08-29_80,0.0,100,100,0,77.71739130434793,65.37080745341625,0.03429606625258799,11.358857142857143,0.0,True,True,True,False,0.0,0.0,77.4475125513464,2.93815609310817,3385.5157527547763,0.0,3465.901421399231
2026-08-29T18:00:00Z,2026-08-29T18:15:00Z,2026-08-29,2026-08-29_81,0.0,0,0,100,65.37080745341625,65.37080745341625,0.0,0.0,0.0,True,True,True,False,0.0,988.9034687357372,0.0,0.0,0.0,0.0,988.9034687357372
2026-08-29T18:15:00Z,2026-08-29T18:30:00Z,2026-08-29,2026-08-29_82,0.0,0,0,100,65.37080745341625,65.37080745341625,0.0,0.0,0.0,True,True,True,False,0.0,988.9034687357372,0.0,0.0,0.0,0.0,988.9034687357372
2026-08-29T18:30:00Z,2026-08-29T18:45:00Z,2026-08-29,2026-08-29_83,0.0,0,0,100,65.37080745341625,65.37080745341625,0.0,0.0,0.0,True,True,True,False,0.0,988.9034687357372,0.0,0.0,0.0,0.0,988.9034687357372
2026-08-29T18:45:00Z,2026-08-29T19:00:00Z,2026-08-29,2026-08-29_84,0.0,0,0,100,65.37080745341625,65.37080745341625,0.0,0.0,0.0,True,True,True,False,0.0,988.9034687357372,0.0,0.0,0.0,0.0,988.9034687357372
2026-08-29T19:00:00Z,2026-08-29T19:15:00Z,2026-08-29,2026-08-29_85,38.99999999999995,0,39,61,65.37080745341625,57.08900000000011,0.02300502070393372,0.0,2.130737142857143,True,True,True,False,2049.059999999997,603.2311159287997,0.0,1.1458808763121862,0.0,-123.3359025689509,2530.101094236158
2026-08-29T19:15:00Z,2026-08-29T19:30:00Z,2026-08-29,2026-08-29_86,38.99999999999995,0,39,61,57.08900000000011,49.46534782608708,0.02117681159420288,0.0,2.73624,True,True,True,False,2037.6524999999974,603.2311159287997,0.0,1.1458808763121862,0.0,-140.03144258329533,2501.998054221814
2026-08-29T19:30:00Z,2026-08-29T19:45:00Z,2026-08-29,2026-08-29_87,30.19047980212206,0,39,61,49.46534782608708,43.15217391304362,0.019617072866214006,0.0,1.8020228571428571,True,True,True,False,1443.6332679379716,603.2311159287997,0.0,1.1458808763121862,0.0,-109.60215280041729,1938.4081119426662
2026-08-29T19:45:00Z,2026-08-29T20:00:00Z,2026-08-29,2026-08-29_88,1.4504649446594073,0,39,61,43.15217391304362,43.610921739130546,0.0032572022145450036,0.0,0.9208457142857142,True,True,True,False,65.78583756502742,603.2311159287997,0.0,1.1458808763121862,0.0,-66.75606071591575,603.4067736542236
2026-08-29T20:00:00Z,2026-08-29T20:15:00Z,2026-08-29,2026-08-29_89,0.0,100,100,0,43.610921739130546,44.04050881987589,0.0017799089026915116,0.09714285714285716,0.5817142857142857,True,True,True,False,0.0,0.0,107.28548607941579,2.93815609310817,16.050518354306583,-45.909673773662824,80.36448675316772
2026-08-29T20:15:00Z,2026-08-29T20:30:00Z,2026-08-29,2026-08-29_90,0.0,100,100,0,44.04050881987589,35.8711890683231,0.02281814216701173,7.5365714285714285,0.024571428571428567,True,True,True,False,0.0,0.0,107.28548607941579,2.93815609310817,2004.3461837386715,-1.9392101888678792,2112.6306157223275
2026-08-29T20:30:00Z,2026-08-29T20:45:00Z,2026-08-29,2026-08-29_91,0.0,100,100,0,35.8711890683231,27.718012422360367,0.022659395445134574,7.502857142857143,0.002285714285714286,True,True,True,False,0.0,0.0,107.28548607941579,2.93815609310817,1952.9801308382778,-0.18039164547608183,2063.023381365326
2026-08-29T20:45:00Z,2026-08-29T21:00:00Z,2026-08-29,2026-08-29_92,0.0,100,100,0,27.718012422360367,10.00000000000012,0.0492167011732229,16.300571428571427,0.0,True,True,True,False,0.0,0.0,107.28548607941579,2.93815609310817,4954.578277151116,0.0,5064.80191932364
2026-08-29T21:00:00Z,2026-08-29T21:15:00Z,2026-08-30,2026-08-29_93,-99.99999999999773,100,0,0,10.00000000000012,27.69028571428529,0.04913968253968182,5.771428571428571,0.0,True,True,True,False,-4633.249999999895,0.0,104.66111364673664,0.0,1314.3741496598639,0.0,-3214.214736693295
2026-08-29T21:15:00Z,2026-08-29T21:30:00Z,2026-08-30,2026-08-29_94,-8.205996268968549e-15,100,0,0,27.69028571428529,26.51326708074492,0.003269496204278817,1.082857142857143,0.0,True,True,True,False,-3.9686249455799144e-13,0.0,104.66111364673664,0.0,193.54609332550916,0.0,298.2072069722454
2026-08-29T21:30:00Z,2026-08-29T21:45:00Z,2026-08-30,2026-08-29_95,-66.83095737564605,100,0,0,26.51326708074492,41.67482037267078,0.04254577639843992,0.21485714285714286,0.0,True,True,True,False,-3205.2127157359846,0.0,104.66111364673664,0.0,36.208724000782425,0.0,-3064.3428780884656
2026-08-29T21:45:00Z,2026-08-29T22:00:00Z,2026-08-30,2026-08-29_96,-100.0,100,0,0,41.67482037267078,64.3478260869565,0.06298057142857144,0.3554285714285714,0.0,True,True,True,False,-4666.25,0.0,104.66111364673664,0.0,60.77893460259504,0.0,-4500.809951750668
2026-08-29T22:00:00Z,2026-08-29T22:15:00Z,2026-08-30,2026-08-30_1,0.0,0,0,100,64.3478260869565,64.3478260869565,0.0,0.0,0.0,True,True,True,False,0.0,988.9034687357372,0.0,0.0,0.0,0.0,988.9034687357372
2026-08-29T22:15:00Z,2026-08-29T22:30:00Z,2026-08-30,2026-08-30_2,0.0,0,0,100,64.3478260869565,64.3478260869565,0.0,0.0,0.0,True,True,True,False,0.0,988.9034687357372,0.0,0.0,0.0,0.0,988.9034687357372
2026-08-29T22:30:00Z,2026-08-29T22:45:00Z,2026-08-30,2026-08-30_3,0.0,0,0,100,64.3478260869565,64.3478260869565,0.0,0.0,0.0,True,True,True,False,0.0,988.9034687357372,0.0,0.0,0.0,0.0,988.9034687357372
2026-08-29T22:45:00Z,2026-08-29T23:00:00Z,2026-08-30,2026-08-30_4,0.0,0,0,100,64.3478260869565,64.3478260869565,0.0,0.0,0.0,True,True,True,False,0.0,988.9034687357372,0.0,0.0,0.0,0.0,988.9034687357372
2026-08-29T23:00:00Z,2026-08-29T23:15:00Z,2026-08-30,2026-08-30_5,0.0,100,81,0,64.3478260869565,57.29020311055899,0.019632896839199446,6.497714285714286,0.005554285714285714,True,True,True,False,0.0,0.0,104.66111364673664,5.614730716567777,1513.1281528330182,-0.4383516985068788,1622.9656454978158
2026-08-29T23:15:00Z,2026-08-29T23:30:00Z,2026-08-30,2026-08-30_6,-0.015863172539579147,100,81,0,57.29020311055899,37.879417868322946,0.05392463550561616,17.861714285714285,0.0,True,True,True,False,-0.8364254300806595,0.0,104.66111364673664,5.614730716567777,6657.513775184195,0.0,6766.953194117418
2026-08-29T23:30:00Z,2026-08-29T23:45:00Z,2026-08-30,2026-08-30_7,0.0,100,81,0,37.879417868322946,25.882789247204933,0.03333579696342305,11.038857142857143,0.002314285714285714,True,True,True,False,0.0,0.0,104.66111364673664,5.614730716567777,3083.58499989133,-0.18264654104453282,3193.6781977135897
2026-08-29T23:45:00Z,2026-08-30T00:00:00Z,2026-08-30,2026-08-30_8,-18.999999999999982,100,81,0,25.882789247204933,30.11969350559002,0.012632843091787426,0.17657142857142857,0.05785714285714286,True,True,True,False,-849.3474999999992,0.0,104.66111364673664,5.614730716567777,30.509006976592552,-4.566163526113321,-713.1288121862156
2026-08-30T00:00:00Z,2026-08-30T00:15:00Z,2026-08-30,2026-08-30_9,0.0,100,0,0,30.11969350559002,29.075594126708033,0.002900276052449965,0.9605714285714285,0.0,True,True,True,False,0.0,0.0,104.66111364673664,0.0,170.12786083762578,0.0,274.7889744843624
2026-08-30T00:15:00Z,2026-08-30T00:30:00Z,2026-08-30,2026-08-30_10,-100.0,100,0,0,29.075594126708033,37.68469126956518,0.02391415873015873,15.642285714285714,0.0,True,True,True,False,-4814.0,0.0,104.66111364673664,0.0,4710.36449566408,0.0,1.0256093108167335
2026-08-30T00:30:00Z,2026-08-30T00:45:00Z,2026-08-30,2026-08-30_11,-100.0,100,0,0,37.68469126956518,46.21230269813661,0.023687809523809524,15.730857142857143,0.0,True,True,True,False,-4614.0,0.0,104.66111364673664,0.0,4622.3572885831645,0.0,113.01840222990116
2026-08-30T00:45:00Z,2026-08-30T01:00:00Z,2026-08-30,2026-08-30_12,-100.0,100,0,0,46.21230269813661,61.1341769838509,0.04144965079365081,8.780571428571427,0.0,True,True,True,False,-4405.75,0.0,104.66111364673664,0.0,1878.0009871552452,0.0,-2423.087899198018
2026-08-30T01:00:00Z,2026-08-30T01:15:00Z,2026-08-30,2026-08-30_13,-3.0,6,3,94,61.1341769838509,61.73129823602481,0.0019444879503105594,0.09466285714285715,0.0022971428571428574,True,True,True,False,-120.0,929.5692606115929,6.2796668188041975,0.31064582382473754,16.980825083132295,-0.18129360370346223,832.9591047336506
2026-08-30T01:15:00Z,2026-08-30T01:30:00Z,2026-08-30,2026-08-30_14,-3.0000000000000098,6,3,94,61.73129823602481,62.44055774409935,0.0019923185093167766,0.007337142857142858,0.028937142857142856,True,True,True,False,-117.26250000000037,929.5692606115929,6.2796668188041975,0.31064582382473754,1.2707835430657888,-2.283758231727196,817.8840985655601
2026-08-30T01:30:00Z,2026-08-30T01:45:00Z,2026-08-30,2026-08-30_15,3.9038820485460667e-14,6,3,94,62.44055774409935,62.22705463850928,0.0005930641821946464,0.19642285714285718,0.0,True,True,True,False,1.6715446961362121e-12,929.5692606115929,6.2796668188041975,0.31064582382473754,35.669702047336514,0.0,971.82927530156
2026-08-30T01:45:00Z,2026-08-30T02:00:00Z,2026-08-30,2026-08-30_16,-0.763491611211812,6,3,94,62.22705463850928,62.373938305590016,0.0005500355691368769,0.02694857142857143,0.0,True,True,True,False,-30.34115662955741,929.5692606115929,6.2796668188041975,0.31064582382473754,4.732999165416966,0.0,910.5514157900814
2026-08-30T02:00:00Z,2026-08-30T02:15:00Z,2026-08-30,2026-08-30_17,0.0,6,6,94,62.373938305590016,62.25145894161486,0.0003465290269151139,0.11372571428571429,0.0012342857142857142,True,True,True,False,0.0,929.5692606115929,6.2796668188041975,0.6572341396622546,20.55990663102302,-0.09741148855708417,956.9686567125252
2026-08-30T02:15:00Z,2026-08-30T02:30:00Z,2026-08-30,2026-08-30_18,0.0,6,6,94,62.25145894161486,62.2462397018633,3.3949316770186345e-05,0.008022857142857144,0.0038057142857142855,True,True,True,False,0.0,929.5692606115929,6.2796668188041975,0.6572341396622546,1.3125115994001437,-0.3003520897176762,937.5183210797418
2026-08-30T02:30:00Z,2026-08-30T02:45:00Z,2026-08-30,2026-08-30_19,0.0,6,6,94,62.2462397018633,62.13539327204963,0.0003117619875776397,0.10261714285714285,0.0007542857142857142,True,True,True,False,0.0,929.5692606115929,6.2796668188041975,0.6572341396622546,18.847118295624956,-0.05952924300710699,955.2937506226772
2026-08-30T02:45:00Z,2026-08-30T03:00:00Z,2026-08-30,2026-08-30_20,0.0,6,6,94,62.13539327204963,61.62379078757758,0.0014211180124223603,0.4706742857142857,0.0,True,True,True,False,0.0,929.5692606115929,6.2796668188041975,0.6572341396622546,108.06443147942882,0.0,1044.5705930494883
2026-08-30T03:00:00Z,2026-08-30T03:15:00Z,2026-08-30,2026-08-30_21,0.0,6,6,94,61.62379078757758,61.289138245962675,0.0009316932505175984,0.30822857142857146,0.0004114285714285714,True,True,True,False,0.0,929.5692606115929,6.295070743952533,0.16602008215426745,84.90236421725241,-0.032470496185694725,1020.9002451587664
2026-08-30T03:15:00Z,2026-08-30T03:30:00Z,2026-08-30,2026-08-30_22,0.0,6,6,94,61.289138245962675,61.28946291677013,1.3117184265010351e-05,0.002022857142857143,0.002742857142857143,True,True,True,False,0.0,929.5692606115929,6.295070743952533,0.16602008215426745,0.32698702484188563,-0.21646997457129818,936.1408684879702
2026-08-30T03:30:00Z,2026-08-30T03:45:00Z,2026-08-30,2026-08-30_23,0.0,6,6,94,61.28946291677013,61.08695652173907,0.0005635691925465838,0.18648,0.0002057142857142857,True,True,True,False,0.0,929.5692606115929,6.295070743952533,0.16602008215426745,37.539738977635785,-0.016235248092847362,973.5538551672427
2026-08-30T03:45:00Z,2026-08-30T04:00:00Z,2026-08-30,2026-08-30_24,0.0,6,6,94,61.08695652173907,61.15282057142851,0.00039620621118012424,0.035314285714285715,0.11331428571428573,True,True,True,False,0.0,929.5692606115929,6.295070743952533,0.16602008215426745,6.3617425832953,-8.906411488557085,933.4856825324379
2026-08-30T04:00:00Z,2026-08-30T04:15:00Z,2026-08-30,2026-08-30_25,11.00000000000008,18,29,71,61.15282057142851,58.45655631304339,0.00856576008281579,0.037439999999999994,0.3392171428571429,True,True,True,False,545.9025000000039,702.1214628023735,18.618210862619808,1.2077818347786398,6.267198539479689,-25.24046741105388,1248.8766866282017
2026-08-30T04:15:00Z,2026-08-30T04:30:00Z,2026-08-30,2026-08-30_26,11.00000000000008,18,29,71,58.45655631304339,55.4685116521738,0.008377929772256789,0.021188571428571428,0.024525714285714286,True,True,True,False,534.6275000000039,702.1214628023735,18.618210862619808,1.2077818347786398,3.479819104127274,-1.935602355958358,1258.1191722479448
2026-08-30T04:30:00Z,2026-08-30T04:45:00Z,2026-08-30,2026-08-30_27,10.707188223999879,18,29,71,55.4685116521738,50.57000553540365,0.013606961435472647,1.8298285714285714,0.0,True,True,True,False,440.761403240955,702.1214628023735,18.618210862619808,1.2077818347786398,500.4976450414032,0.0,1663.20650378213
2026-08-30T04:45:00Z,2026-08-30T05:00:00Z,2026-08-30,2026-08-30_28,1.0509103927108374e-13,18,29,71,50.57000553540365,48.58695652173903,0.005612648530020783,1.8416571428571429,0.020382857142857144,True,True,True,False,3.5457716650063656e-12,702.1214628023735,18.618210862619808,1.2077818347786398,472.827189346026,-1.555258825063572,1193.2193860207378
2026-08-30T05:00:00Z,2026-08-30T05:15:00Z,2026-08-30,2026-08-30_29,0.0,100,0,0,48.58695652173903,28.439751552794938,0.05596445824706693,18.535428571428568,0.0,True,True,True,False,0.0,0.0,102.37905066179826,0.0,8805.192176327399,0.0,8907.571226989197
2026-08-30T05:15:00Z,2026-08-30T05:30:00Z,2026-08-30,2026-08-30_30,-1.149460434234721e-13,100,0,0,28.439751552794938,10.604968944099317,0.04954106280193233,16.408,0.0,True,True,True,False,-4.242945827868914e-12,0.0,102.37905066179826,0.0,10540.972992545261,0.0,10643.352043207055
2026-08-30T05:30:00Z,2026-08-30T05:45:00Z,2026-08-30,2026-08-30_31,-3.564920769904837e-14,100,0,0,10.604968944099317,10.357763975155226,0.0006866804692891873,0.22742857142857142,0.0,True,True,True,False,-1.0355203606381073e-12,0.0,102.37905066179826,0.0,38.773318988937426,0.0,141.15236965073464
2026-08-30T05:45:00Z,2026-08-30T06:00:00Z,2026-08-30,2026-08-30_32,-100.0,100,0,0,10.357763975155226,32.49769540372665,0.06149980952380953,0.9348571428571428,0.0,True,True,True,False,-1514.75,0.0,102.37905066179826,0.0,189.0491851948447,0.0,-1223.321764143357
2026-08-30T06:00:00Z,2026-08-30T06:15:00Z,2026-08-30,2026-08-30_33,81.0,19,100,0,32.49769540372665,10.588461237267026,0.06097662697032436,0.024102857142857145,0.12114285714285714,True,True,True,False,2735.1675,0.0,19.934390689183022,17.914194431766315,3.8961335332855187,-5.802849753319858,2771.109368900915
2026-08-30T06:15:00Z,2026-08-30T06:30:00Z,2026-08-30,2026-08-30_34,2.8050459197698268,19,100,0,10.588461237267026,9.999999999999917,0.002696292001930082,0.021931428571428574,0.2137142857142857,True,True,True,False,81.45853351011577,0.0,19.934390689183022,17.914194431766315,3.564799730499229,-6.979528808328442,115.8923895532359
2026-08-30T06:30:00Z,2026-08-30T06:45:00Z,2026-08-30,2026-08-30_35,30.681002009365514,19,100,0,9.999999999999917,9.999999999999917,0.0304533542334322,0.009988571428571428,8.595428571428572,True,True,True,False,457.4537399596398,0.0,19.934390689183022,17.914194431766315,1.6173454434809067,308.8136232640021,805.7332937880722
2026-08-30T06:45:00Z,2026-08-30T07:00:00Z,2026-08-30,2026-08-30_36,21.342686658967967,19,100,0,9.999999999999917,15.582219040993708,0.03237631318485091,0.0,11.910285714285715,True,True,True,False,72.19163762395914,0.0,19.934390689183022,17.914194431766315,0.0,170.7743442872357,280.81456703214417
2026-08-30T07:00:00Z,2026-08-30T07:15:00Z,2026-08-30,2026-08-30_37,41.0,59,100,0,15.582219040993708,9.99999999999992,0.032469094796411316,0.0010114285714285713,5.6251428571428574,True,True,True,False,210.73999999999998,0.0,60.35314924691921,17.914194431766315,0.13464171611136466,-23.74832105366108,265.3936643411358
2026-08-30T07:15:00Z,2026-08-30T07:30:00Z,2026-08-30,2026-08-30_38,41.0,59,100,0,9.99999999999992,12.545651696894328,0.0346847122705314,0.0,13.846857142857141,True,True,True,False,85.79249999999999,0.0,60.35314924691921,17.914194431766315,0.0,373.72347221316636,537.7833158918519
2026-08-30T07:30:00Z,2026-08-30T07:45:00Z,2026-08-30,2026-08-30_39,41.0,59,100,0,12.545651696894328,21.61056910310551,0.03646452212560387,0.0,20.442285714285717,True,True,True,False,40.385,0.0,60.35314924691921,17.914194431766315,0.0,1492.8264488926566,1611.4787925713422
2026-08-30T07:45:00Z,2026-08-30T08:00:00Z,2026-08-30,2026-08-30_40,41.0,59,100,0,21.61056910310551,28.91660646956514,0.03598433429951691,0.0,18.662857142857142,True,True,True,False,50.839999999999996,0.0,60.35314924691921,17.914194431766315,0.0,4522.736726000304,4651.844069678989
2026-08-30T08:00:00Z,2026-08-30T08:15:00Z,2026-08-30,2026-08-30_41,0.0,100,100,0,28.91660646956514,48.499989326708,0.05439828571428572,0.0,21.286285714285714,True,True,True,False,0.0,0.0,100.0969876768599,4.193290734824282,0.0,7327.305136923778,7431.595415335462
2026-08-30T08:15:00Z,2026-08-30T08:30:00Z,2026-08-30,2026-08-30_42,0.0,100,100,0,48.499989326708,63.895532183850854,0.04276539682539683,0.0,16.734285714285715,True,True,True,False,0.0,0.0,100.0969876768599,4.193290734824282,0.0,785.776932690009,890.0672111016931
2026-08-30T08:30:00Z,2026-08-30T08:45:00Z,2026-08-30,2026-08-30_43,0.0,100,100,0,63.895532183850854,82.14938361242228,0.05070514285714286,0.0,19.841142857142856,True,True,True,False,0.0,0.0,100.0969876768599,4.193290734824282,0.0,4992.78452826498,5097.074806676664
2026-08-30T08:45:00Z,2026-08-30T09:00:00Z,2026-08-30,2026-08-30_44,0.0,100,100,0,82.14938361242228,98.91546361242229,0.04657244444444445,0.0,18.224,True,True,True,False,0.0,0.0,100.0969876768599,4.193290734824282,0.0,881.4331629392971,985.7234413509813
2026-08-30T09:00:00Z,2026-08-30T09:15:00Z,2026-08-30,2026-08-30_45,0.0,26,26,74,98.91546361242229,99.69388875527943,0.0021622920634920637,0.0,0.8461142857142857,True,True,True,False,0.0,731.7885668644454,26.329301688726606,6.170698311273391,0.0,0.288345656473452,764.5769125209189
2026-08-30T09:15:00Z,2026-08-30T09:30:00Z,2026-08-30,2026-08-30_46,0.0,26,26,74,99.69388875527943,99.77080793043471,0.0002594200690131125,0.007577142857142856,0.09255999999999999,True,True,True,False,0.0,731.7885668644454,26.329301688726606,6.170698311273391,0.8165443502640672,-1.5164568233683247,763.5886543913412
2026-08-30T09:30:00Z,2026-08-30T09:45:00Z,2026-08-30,2026-08-30_47,0.0,26,26,74,99.77080793043471,102.61906484472043,0.007911824761904763,0.0,3.095931428571429,True,True,True,False,0.0,731.7885668644454,26.329301688726606,6.170698311273391,0.0,34.63022795853166,798.9187948229771
2026-08-30T09:45:00Z,2026-08-30T10:00:00Z,2026-08-30,2026-08-30_48,0.0,26,26,74,102.61906484472043,103.05395434534154,0.0013085094824016564,0.016640000000000002,0.4923657142857143,True,True,True,False,0.0,731.7885668644454,26.329301688726606,6.170698311273391,1.867598235204625,0.1204134924257243,766.2765785920758
2026-08-30T10:00:00Z,2026-08-30T10:15:00Z,2026-08-30,2026-08-30_49,0.0,26,26,74,103.05395434534154,103.61691784347818,0.0016544017115251901,0.015005714285714289,0.6296457142857144,True,True,True,False,0.0,731.7885668644454,26.37380191693291,6.4080328617069835,1.4268327139162376,-2.723148264545435,763.2740860924562
2026-08-30T10:15:00Z,2026-08-30T10:30:00Z,2026-08-30,2026-08-30_50,0.0,26,26,74,103.61691784347818,106.02750710062104,0.006696081269841271,0.0,2.6202057142857145,True,True,True,False,0.0,731.7885668644454,26.37380191693291,6.4080328617069835,0.0,90.76792421812175,855.3383258612071
2026-08-30T10:30:00Z,2026-08-30T10:45:00Z,2026-08-30,2026-08-30_51,0.0,26,26,74,106.02750710062104,109.21447121490675,0.008852678095238096,0.0,3.464091428571429,True,True,True,False,0.0,731.7885668644454,26.37380191693291,6.4080328617069835,0.0,91.29077245875986,855.8611741018452
2026-08-30T10:45:00Z,2026-08-30T11:00:00Z,2026-08-30,2026-08-30_52,0.0,26,26,74,109.21447121490675,111.90335258633533,0.007469114920634921,0.0,2.922697142857143,True,True,True,False,0.0,731.7885668644454,26.37380191693291,6.4080328617069835,0.0,13.393471978439939,777.9638736215253
2026-08-30T11:00:00Z,2026-08-30T11:15:00Z,2026-08-30,2026-08-30_53,-25.259212357547966,26,0,74,111.90335258633533,117.71297142857136,0.01613783011732231,0.0,0.0,True,True,True,False,-0.0,731.7885668644454,26.37380191693291,0.0,0.0,0.0,758.1623687813784
2026-08-30T11:15:00Z,2026-08-30T11:30:00Z,2026-08-30,2026-08-30_54,-26.0,26,0,74,117.71297142857136,123.69228799999995,0.016609212698412697,0.0007428571428571429,0.0,True,True,True,False,-0.0,731.7885668644454,26.37380191693291,0.0,0.06215904892308361,0.0,758.2245278303014
2026-08-30T11:30:00Z,2026-08-30T11:45:00Z,2026-08-30,2026-08-30_55,-26.0,26,0,74,123.69228799999995,129.67228799999995,0.01661111111111111,0.0,0.0,True,True,True,False,-0.0,731.7885668644454,26.37380191693291,0.0,0.0,0.0,758.1623687813784
2026-08-30T11:45:00Z,2026-08-30T12:00:00Z,2026-08-30,2026-08-30_56,-26.0,26,0,74,129.67228799999995,135.64395017142851,0.016587950476190477,0.009062857142857143,0.0,True,True,True,False,-0.0,731.7885668644454,26.37380191693291,0.0,0.830670559214101,0.0,758.9930393405924
2026-08-30T12:00:00Z,2026-08-30T12:15:00Z,2026-08-30,2026-08-30_57,0.0,26,26,74,135.64395017142851,136.4946820571428,0.002363144126984127,0.0,0.9247085714285714,True,True,True,False,0.0,731.7885668644454,26.26255134641716,6.170698311273391,0.0,-12.676230918693356,751.5455856034426
2026-08-30T12:15:00Z,2026-08-30T12:30:00Z,2026-08-30,2026-08-30_58,0.0,26,26,74,136.4946820571428,139.97100982857137,0.009656466031746032,0.0,3.778617142857143,True,True,True,False,0.0,731.7885668644454,26.26255134641716,6.170698311273391,0.0,37.176809771576366,801.3986262937124
2026-08-30T12:30:00Z,2026-08-30T12:45:00Z,2026-08-30,2026-08-30_59,0.0,26,26,74,139.97100982857137,144.28344411428566,0.01197898412698413,0.0,4.687428571428572,True,True,True,False,0.0,731.7885668644454,26.26255134641716,6.170698311273391,0.0,108.21983938623373,872.4416559083697
2026-08-30T12:45:00Z,2026-08-30T13:00:00Z,2026-08-30,2026-08-30_60,0.0,26,26,74,144.28344411428566,146.01880594285709,0.004820449523809524,0.0,1.886262857142857,True,True,True,False,0.0,731.7885668644454,26.26255134641716,6.170698311273391,0.0,3.1039541500945425,767.3257706722305
2026-08-30T13:00:00Z,2026-08-30T13:15:00Z,2026-08-30,2026-08-30_61,-10.0,63,53,37,146.01880594285709,154.08558148571424,0.02240770984126984,0.0,6.268234285714285,True,True,True,False,-0.0,365.8942834322227,63.47444089456869,11.32388178913738,0.0,134.90459880354695,575.5972049194758
2026-08-30T13:15:00Z,2026-08-30T13:30:00Z,2026-08-30,2026-08-30_62,-10.0,63,53,37,154.08558148571424,163.72493668571423,0.02677598666666667,0.0,7.97756,True,True,True,False,0.025,365.8942834322227,63.47444089456869,11.32388178913738,0.0,151.47866904761904,592.1962751635479
2026-08-30T13:30:00Z,2026-08-30T13:45:00Z,2026-08-30,2026-08-30_63,-10.0,63,53,37,163.72493668571423,170.49831839999996,0.018814949206349206,0.0,4.862371428571429,True,True,True,False,-0.0,365.8942834322227,63.47444089456869,11.32388178913738,0.0,70.36679236486927,511.05939848079805
2026-08-30T13:45:00Z,2026-08-30T14:00:00Z,2026-08-30,2026-08-30_64,-10.0,63,53,37,170.49831839999996,172.93679542857137,0.01611164253968254,1.83816,2.2693085714285717,True,True,True,False,-0.0,365.8942834322227,63.47444089456869,11.32388178913738,323.5128740757645,22.163131559844388,786.3686117515376
2026-08-30T14:00:00Z,2026-08-30T14:15:00Z,2026-08-30,2026-08-30_65,-5.000000000000205,100,95,0,172.93679542857137,182.2951401242236,0.027949163146998055,0.3405714285714285,9.3214,True,True,True,False,-4.912500000000202,0.0,103.06366955727978,4.363019169329074,55.64441285779486,1510.5635017115471,1668.7221032959505
2026-08-30T14:15:00Z,2026-08-30T14:30:00Z,2026-08-30,2026-08-30_66,-4.782929227060429,100,95,0,182.2951401242236,186.15394671503586,0.010778048234447904,0.010285714285714285,3.010685714285714,True,True,True,False,-15.173842972849211,0.0,103.06366955727978,4.363019169329074,1.1681984742778901,-49.66280215600617,43.75824207203136
2026-08-30T14:30:00Z,2026-08-30T14:45:00Z,2026-08-30,2026-08-30_67,-4.970787466983861,100,95,0,186.15394671503586,189.88263428571418,0.016046757528791922,0.9914285714285714,3.9726285714285714,True,True,True,False,-92.41936597989744,0.0,103.06366955727978,4.363019169329074,151.23716448240637,-22.69393535241573,143.55055187670206
2026-08-30T14:45:00Z,2026-08-30T15:00:00Z,2026-08-30,2026-08-30_68,4.996003610813204e-13,100,95,0,189.88263428571418,181.51987577639727,0.023881916494134257,7.801714285714286,0.12757142857142856,True,True,True,False,1.9638041193204003e-11,0.0,103.06366955727978,4.363019169329074,2122.550257873117,-6.089386233726716,2223.887560366019
2026-08-30T15:00:00Z,2026-08-30T15:15:00Z,2026-08-30,2026-08-30_69,-35.58769452461721,100,64,0,181.51987577639727,189.9553142857141,0.02667461537917833,0.8337142857142857,1.2032,True,True,True,False,-900.2797022365039,0.0,104.74669100867183,2.939297124600639,219.12286290234942,-46.06500532481363,-619.5358565256956
2026-08-30T15:15:00Z,2026-08-30T15:30:00Z,2026-08-30,2026-08-30_70,-36.0,100,64,0,189.9553142857141,189.62779297391285,0.031593738247066946,8.410285714285715,0.03108571428571429,True,True,True,False,-1475.46,0.0,104.74669100867183,2.939297124600639,2755.8768057638395,-1.5488470148442766,1386.5539468822676
2026-08-30T15:30:00Z,2026-08-30T15:45:00Z,2026-08-30,2026-08-30_71,0.0,100,64,0,189.62779297391285,166.7961159552793,0.06342132505175983,21.005142857142857,0.0,True,True,True,False,0.0,0.0,104.74669100867183,2.939297124600639,6807.669172263154,0.0,6915.355160396426
2026-08-30T15:45:00Z,2026-08-30T16:00:00Z,2026-08-30,2026-08-30_72,0.0,100,64,0,166.7961159552793,143.20108489937869,0.06554175293305728,21.707428571428572,0.0,True,True,True,False,0.0,0.0,104.74669100867183,2.939297124600639,6754.34417421921,0.0,6862.030162352482
2026-08-30T16:00:00Z,2026-08-30T16:15:00Z,2026-08-30,2026-08-30_73,7.715366895824682,0,8,92,143.20108489937869,141.11736645962728,0.0057902681814846904,0.0,0.011885714285714286,True,True,True,False,367.9844240963582,866.0429027841168,0.0,0.3719762665449566,0.0,-0.8137184586294582,1233.5855846883906
2026-08-30T16:15:00Z,2026-08-30T16:30:00Z,2026-08-30,2026-08-30_74,8.0,0,8,92,141.11736645962728,138.95324223602478,0.006011456176673567,0.0,0.009005714285714285,True,True,True,False,414.2,866.0429027841168,0.0,0.3719762665449566,0.0,-0.6165482167307818,1279.998330833931
2026-08-30T16:30:00Z,2026-08-30T16:45:00Z,2026-08-30,2026-08-30_75,8.0,0,8,92,138.95324223602478,136.77932919254653,0.006038647342995168,0.0,0.0,True,True,True,False,404.04,866.0429027841168,0.0,0.3719762665449566,0.0,0.0,1270.4548790506617
2026-08-30T16:45:00Z,2026-08-30T17:00:00Z,2026-08-30,2026-08-30_76,8.0,0,8,92,136.77932919254653,134.60949068322978,0.006027329192546583,0.0,0.003748571428571429,True,True,True,False,433.28,866.0429027841168,0.0,0.3719762665449566,0.0,-0.18677272826063332,1299.508106322401
2026-08-30T17:00:00Z,2026-08-30T17:15:00Z,2026-08-30,2026-08-30_77,8.0,0,8,92,134.60949068322978,132.4603229813664,0.005969910282953761,0.0,0.022765714285714285,True,True,True,False,398.22,866.0429027841168,0.0,0.3719762665449566,0.0,-1.7360891960618112,1262.8987898546
2026-08-30T17:15:00Z,2026-08-30T17:30:00Z,2026-08-30,2026-08-30_78,8.0,0,8,92,132.4603229813664,130.31458385093163,0.005960386473429952,0.0,0.02592,True,True,True,False,412.44,866.0429027841168,0.0,0.3719762665449566,0.0,-1.9766316750342308,1276.8782473756276
2026-08-30T17:30:00Z,2026-08-30T17:45:00Z,2026-08-30,2026-08-30_79,8.0,0,8,92,130.31458385093163,128.1468819875776,0.006021394064872326,0.0,0.005714285714285714,True,True,True,False,411.34,866.0429027841168,0.0,0.3719762665449566,0.0,-0.4357653604572819,1277.3191136902044
2026-08-30T17:45:00Z,2026-08-30T18:00:00Z,2026-08-30,2026-08-30_80,8.0,0,8,92,128.1468819875776,125.97296894409932,0.006038647342995169,0.0,0.0,True,True,True,False,425.28,866.0429027841168,0.0,0.3719762665449566,0.0,0.0,1291.6948790506617
2026-08-30T18:00:00Z,2026-08-30T18:15:00Z,2026-08-30,2026-08-30_81,57.0,0,57,43,125.97296894409932,110.48383850931671,0.04302536231884058,0.0,0.0,True,True,True,False,3080.85,425.22849155636703,0.0,1.6747489730716565,0.0,0.0,3507.7532405294387
2026-08-30T18:15:00Z,2026-08-30T18:30:00Z,2026-08-30,2026-08-30_82,57.0,0,57,43,110.48383850931671,95.17314285714279,0.042529710144927534,0.0,0.16416,True,True,True,False,3141.27,425.22849155636703,0.0,1.6747489730716565,0.0,-12.79963486992241,3555.373605659516
2026-08-30T18:30:00Z,2026-08-30T18:45:00Z,2026-08-30,2026-08-30_83,57.0,0,57,43,95.17314285714279,79.75340372670802,0.04283260869565217,0.0,0.06384000000000001,True,True,True,False,3176.3250000000003,425.22849155636703,0.0,1.6747489730716565,0.0,-5.099041533546327,3598.1291989958927
2026-08-30T18:45:00Z,2026-08-30T19:00:00Z,2026-08-30,2026-08-30_84,57.0,0,57,43,79.75340372670802,64.34782608695646,0.04279327122153209,0.0,0.07686857142857142,True,True,True,False,3318.1124999999997,425.22849155636703,0.0,1.6747489730716565,0.0,-6.139662254678229,3738.8760782747604
2026-08-30T19:00:00Z,2026-08-30T19:15:00Z,2026-08-30,2026-08-30_85,-4.263256414560601e-14,0,0,100,64.34782608695646,64.34782608695647,2.723747153747051e-17,0.0,0.0,True,True,True,False,-2.370157403674966e-12,988.9034687357372,0.0,0.0,0.0,0.0,988.9034687357348
2026-08-30T19:15:00Z,2026-08-30T19:30:00Z,2026-08-30,2026-08-30_86,-4.263256414560601e-14,0,0,100,64.34782608695647,64.34782608695649,2.723747153747051e-17,0.0,0.0,True,True,True,False,-2.289262113208679e-12,988.9034687357372,0.0,0.0,0.0,0.0,988.9034687357349
2026-08-30T19:30:00Z,2026-08-30T19:45:00Z,2026-08-30,2026-08-30_87,-4.263256414560601e-14,0,0,100,64.34782608695649,64.3478260869565,2.7237471537470503e-17,0.0,0.0,True,True,True,False,-2.3815616145839155e-12,988.9034687357372,0.0,0.0,0.0,0.0,988.9034687357348
2026-08-30T19:45:00Z,2026-08-30T20:00:00Z,2026-08-30,2026-08-30_88,-4.263256414560601e-14,0,0,100,64.3478260869565,64.34782608695652,2.7237471537470506e-17,0.0,0.0,True,True,True,False,-2.0395418687257917e-12,988.9034687357372,0.0,0.0,0.0,0.0,988.9034687357351
2026-08-30T20:00:00Z,2026-08-30T20:15:00Z,2026-08-30,2026-08-30_89,32.0,68,100,0,64.34782608695652,52.910901306832294,0.03177320756383713,2.5229942857142857,0.001142857142857143,True,True,True,False,1528.64,0.0,71.47991784573254,2.93815609310817,662.3392580948034,-0.09128251939753537,2265.3060495142468
2026-08-30T20:15:00Z,2026-08-30T20:30:00Z,2026-08-30,2026-08-30_90,32.0,68,100,0,52.910901306832294,42.00883919503105,0.030283505866114557,2.029897142857143,0.0,True,True,True,False,1526.72,0.0,71.47991784573254,2.93815609310817,498.68169343852566,0.0,2099.8197673773666
2026-08-30T20:30:00Z,2026-08-30T20:45:00Z,2026-08-30,2026-08-30_91,32.0,68,100,0,42.00883919503105,24.578354722981366,0.04841801242236024,8.036045714285715,0.0,True,True,True,False,1756.24,0.0,71.47991784573254,2.93815609310817,2418.18284033818,0.0,4248.840914277021
2026-08-30T20:45:00Z,2026-08-30T21:00:00Z,2026-08-30,2026-08-30_92,32.0,68,100,0,24.578354722981366,10.013522404968947,0.040475741835748785,5.404251428571428,0.005142857142857143,True,True,True,False,1720.56,0.0,71.47991784573254,2.93815609310817,1500.8955841168413,-0.41077133728890913,3295.462886718393
2026-08-30T21:00:00Z,2026-08-30T21:15:00Z,2026-08-31,2026-08-30_93,-81.10908885449669,100,0,0,10.013522404968947,28.550621930089694,0.05163339680782589,0.124,0.0,True,True,True,False,-4585.9078838332425,0.0,104.66111364673664,0.0,20.044119884375473,0.0,-4461.202650302131
2026-08-30T21:15:00Z,2026-08-30T21:30:00Z,2026-08-31,2026-08-30_94,-23.999618074058322,100,0,0,28.550621930089694,30.733654658385134,0.020692348689119587,3.1874285714285717,0.0,True,True,True,False,-1339.3586856680097,0.0,104.66111364673664,0.0,664.7604624980983,0.0,-569.9371095231747
2026-08-30T21:30:00Z,2026-08-30T21:45:00Z,2026-08-31,2026-08-30_95,-99.99999999999999,100,0,0,30.733654658385134,47.2594832298137,0.04590507936507936,7.037142857142857,0.0,True,True,True,False,-5556.749999999999,0.0,104.66111364673664,0.0,1581.3136092456152,0.0,-3870.775277107647
2026-08-30T21:45:00Z,2026-08-30T22:00:00Z,2026-08-31,2026-08-30_96,-100.0,100,0,0,47.2594832298137,64.34782608695656,0.04746761904761905,6.425714285714284,0.0,True,True,True,False,-5319.5,0.0,104.66111364673664,0.0,1466.9175941622652,0.0,-3747.921292190998
2026-08-30T22:00:00Z,2026-08-30T22:15:00Z,2026-08-31,2026-08-31_1,0.0,0,0,100,64.34782608695656,64.34782608695656,0.0,0.0,0.0,True,True,True,False,0.0,988.9034687357372,0.0,0.0,0.0,0.0,988.9034687357372
2026-08-30T22:15:00Z,2026-08-30T22:30:00Z,2026-08-31,2026-08-31_2,0.0,0,0,100,64.34782608695656,64.34782608695656,0.0,0.0,0.0,True,True,True,False,0.0,988.9034687357372,0.0,0.0,0.0,0.0,988.9034687357372
2026-08-30T22:30:00Z,2026-08-30T22:45:00Z,2026-08-31,2026-08-31_3,0.0,0,0,100,64.34782608695656,64.34782608695656,0.0,0.0,0.0,True,True,True,False,0.0,988.9034687357372,0.0,0.0,0.0,0.0,988.9034687357372
2026-08-30T22:45:00Z,2026-08-30T23:00:00Z,2026-08-31,2026-08-31_4,0.0,0,0,100,64.34782608695656,64.34782608695656,0.0,0.0,0.0,True,True,True,False,0.0,988.9034687357372,0.0,0.0,0.0,0.0,988.9034687357372
2026-08-30T23:00:00Z,2026-08-30T23:15:00Z,2026-08-31,2026-08-31_5,0.0,0,0,100,64.34782608695656,64.34782608695656,0.0,0.0,0.0,True,True,True,False,0.0,988.9034687357372,0.0,0.0,0.0,0.0,988.9034687357372
2026-08-30T23:15:00Z,2026-08-30T23:30:00Z,2026-08-31,2026-08-31_6,0.0,0,0,100,64.34782608695656,64.34782608695656,0.0,0.0,0.0,True,True,True,False,0.0,988.9034687357372,0.0,0.0,0.0,0.0,988.9034687357372
2026-08-30T23:30:00Z,2026-08-30T23:45:00Z,2026-08-31,2026-08-31_7,0.0,0,0,100,64.34782608695656,64.34782608695656,0.0,0.0,0.0,True,True,True,False,0.0,988.9034687357372,0.0,0.0,0.0,0.0,988.9034687357372
2026-08-30T23:45:00Z,2026-08-31T00:00:00Z,2026-08-31,2026-08-31_8,0.0,0,0,100,64.34782608695656,64.34782608695656,0.0,0.0,0.0,True,True,True,False,0.0,988.9034687357372,0.0,0.0,0.0,0.0,988.9034687357372
2026-08-31T00:00:00Z,2026-08-31T00:15:00Z,2026-08-31,2026-08-31_9,0.0,0,0,100,64.34782608695656,64.34782608695656,0.0,0.0,0.0,True,True,True,False,0.0,988.9034687357372,0.0,0.0,0.0,0.0,988.9034687357372
2026-08-31T00:15:00Z,2026-08-31T00:30:00Z,2026-08-31,2026-08-31_10,0.0,0,0,100,64.34782608695656,64.34782608695656,0.0,0.0,0.0,True,True,True,False,0.0,988.9034687357372,0.0,0.0,0.0,0.0,988.9034687357372
2026-08-31T00:30:00Z,2026-08-31T00:45:00Z,2026-08-31,2026-08-31_11,0.0,0,0,100,64.34782608695656,64.34782608695656,0.0,0.0,0.0,True,True,True,False,0.0,988.9034687357372,0.0,0.0,0.0,0.0,988.9034687357372
2026-08-31T00:45:00Z,2026-08-31T01:00:00Z,2026-08-31,2026-08-31_12,0.0,0,0,100,64.34782608695656,64.34782608695656,0.0,0.0,0.0,True,True,True,False,0.0,988.9034687357372,0.0,0.0,0.0,0.0,988.9034687357372
2026-08-31T01:00:00Z,2026-08-31T01:15:00Z,2026-08-31,2026-08-31_13,0.0,0,0,100,64.34782608695656,64.34782608695656,0.0,0.0,0.0,True,True,True,False,0.0,988.9034687357372,0.0,0.0,0.0,0.0,988.9034687357372
2026-08-31T01:15:00Z,2026-08-31T01:30:00Z,2026-08-31,2026-08-31_14,0.0,0,0,100,64.34782608695656,64.34782608695656,0.0,0.0,0.0,True,True,True,False,0.0,988.9034687357372,0.0,0.0,0.0,0.0,988.9034687357372
2026-08-31T01:30:00Z,2026-08-31T01:45:00Z,2026-08-31,2026-08-31_15,0.0,0,0,100,64.34782608695656,64.34782608695656,0.0,0.0,0.0,True,True,True,False,0.0,988.9034687357372,0.0,0.0,0.0,0.0,988.9034687357372
2026-08-31T01:45:00Z,2026-08-31T02:00:00Z,2026-08-31,2026-08-31_16,0.0,0,0,100,64.34782608695656,64.34782608695656,0.0,0.0,0.0,True,True,True,False,0.0,988.9034687357372,0.0,0.0,0.0,0.0,988.9034687357372
2026-08-31T02:00:00Z,2026-08-31T02:15:00Z,2026-08-31,2026-08-31_17,0.0,0,0,100,64.34782608695656,64.34782608695656,0.0,0.0,0.0,True,True,True,False,0.0,988.9034687357372,0.0,0.0,0.0,0.0,988.9034687357372
2026-08-31T02:15:00Z,2026-08-31T02:30:00Z,2026-08-31,2026-08-31_18,0.0,0,0,100,64.34782608695656,64.34782608695656,0.0,0.0,0.0,True,True,True,False,0.0,988.9034687357372,0.0,0.0,0.0,0.0,988.9034687357372
2026-08-31T02:30:00Z,2026-08-31T02:45:00Z,2026-08-31,2026-08-31_19,0.0,0,0,100,64.34782608695656,64.34782608695656,0.0,0.0,0.0,True,True,True,False,0.0,988.9034687357372,0.0,0.0,0.0,0.0,988.9034687357372
2026-08-31T02:45:00Z,2026-08-31T03:00:00Z,2026-08-31,2026-08-31_20,0.0,0,0,100,64.34782608695656,64.34782608695656,0.0,0.0,0.0,True,True,True,False,0.0,988.9034687357372,0.0,0.0,0.0,0.0,988.9034687357372
2026-08-31T03:00:00Z,2026-08-31T03:15:00Z,2026-08-31,2026-08-31_21,0.0,0,0,100,64.34782608695656,64.34782608695656,0.0,0.0,0.0,True,True,True,False,0.0,988.9034687357372,0.0,0.0,0.0,0.0,988.9034687357372
2026-08-31T03:15:00Z,2026-08-31T03:30:00Z,2026-08-31,2026-08-31_22,0.0,0,0,100,64.34782608695656,64.34782608695656,0.0,0.0,0.0,True,True,True,False,0.0,988.9034687357372,0.0,0.0,0.0,0.0,988.9034687357372
2026-08-31T03:30:00Z,2026-08-31T03:45:00Z,2026-08-31,2026-08-31_23,0.0,0,0,100,64.34782608695656,64.34782608695656,0.0,0.0,0.0,True,True,True,False,0.0,988.9034687357372,0.0,0.0,0.0,0.0,988.9034687357372
2026-08-31T03:45:00Z,2026-08-31T04:00:00Z,2026-08-31,2026-08-31_24,0.0,0,0,100,64.34782608695656,64.34782608695656,0.0,0.0,0.0,True,True,True,False,0.0,988.9034687357372,0.0,0.0,0.0,0.0,988.9034687357372
2026-08-31T04:00:00Z,2026-08-31T04:15:00Z,2026-08-31,2026-08-31_25,-100.0,100,0,0,64.34782608695656,69.67331180124228,0.014793015873015876,19.21142857142857,0.0,True,True,True,False,-5311.25,0.0,103.43450479233226,0.0,6723.028175870987,0.0,1515.2126806633194
2026-08-31T04:15:00Z,2026-08-31T04:30:00Z,2026-08-31,2026-08-31_26,-61.32971715362931,100,0,0,69.67331180124228,68.9319433540373,0.033154886277285085,15.079999999999998,0.0,True,True,True,False,-3304.138511651779,0.0,103.43450479233226,0.0,4284.114894264415,0.0,1083.4108874049682
2026-08-31T04:30:00Z,2026-08-31T04:45:00Z,2026-08-31,2026-08-31_27,-100.0,100,0,0,68.9319433540373,69.33043478260873,0.0011069206349206414,24.566857142857142,0.0,True,True,True,False,-5384.0,0.0,103.43450479233226,0.0,8279.213996652974,0.0,2998.648501445306
2026-08-31T04:45:00Z,2026-08-31T05:00:00Z,2026-08-31,2026-08-31_28,0.0,100,0,0,69.33043478260873,64.34782608695656,0.013840579710144926,4.584,0.0,True,True,True,False,0.0,0.0,103.43450479233226,0.0,1095.5990141487905,0.0,1199.0335189411228
2026-08-31T05:00:00Z,2026-08-31T05:15:00Z,2026-08-31,2026-08-31_29,-1.4210854715202004e-14,0,0,100,64.34782608695656,64.34782608695656,9.079157179156836e-18,0.0,0.0,True,True,True,False,-7.911538091320835e-13,988.9034687357372,0.0,0.0,0.0,0.0,988.9034687357364
2026-08-31T05:15:00Z,2026-08-31T05:30:00Z,2026-08-31,2026-08-31_30,0.0,0,0,100,64.34782608695656,64.34782608695656,0.0,0.0,0.0,True,True,True,False,0.0,988.9034687357372,0.0,0.0,0.0,0.0,988.9034687357372
2026-08-31T05:30:00Z,2026-08-31T05:45:00Z,2026-08-31,2026-08-31_31,0.0,0,0,100,64.34782608695656,64.34782608695656,0.0,0.0,0.0,True,True,True,False,0.0,988.9034687357372,0.0,0.0,0.0,0.0,988.9034687357372
2026-08-31T05:45:00Z,2026-08-31T06:00:00Z,2026-08-31,2026-08-31_32,-7.630094932081192e-15,0,0,100,64.34782608695656,64.34782608695656,4.874782873274095e-18,0.0,0.0,True,True,True,False,-3.2164665186188267e-13,988.9034687357372,0.0,0.0,0.0,0.0,988.9034687357369
2026-08-31T06:00:00Z,2026-08-31T06:15:00Z,2026-08-31,2026-08-31_33,6.0,0,6,94,64.34782608695656,62.73412422360252,0.004482505175983437,0.0,0.015394285714285715,True,True,True,False,305.37,929.5692606115929,0.0,0.16773162939297123,0.0,-1.2295755362848015,1233.877416704701
2026-08-31T06:15:00Z,2026-08-31T06:30:00Z,2026-08-31,2026-08-31_34,6.0,0,6,94,62.73412422360252,61.55603726708078,0.0032724637681159413,0.0,0.41616000000000003,True,True,True,False,261.87,929.5692606115929,0.0,0.16773162939297123,0.0,-4.308566590597901,1187.298425650388
2026-08-31T06:30:00Z,2026-08-31T06:45:00Z,2026-08-31,2026-08-31_35,2.4864551415412564,0,6,94,61.55603726708078,61.203953391304424,0.001957087368426088,0.0,0.32711999999999997,True,True,True,False,99.77522869219676,929.5692606115929,0.0,0.16773162939297123,0.0,-18.072285120949335,1011.4399358122333
2026-08-31T06:45:00Z,2026-08-31T07:00:00Z,2026-08-31,2026-08-31_36,1.2951193193773068e-13,0,6,94,61.203953391304424,61.41308253416153,0.0005809142857143561,0.0,0.22731428571428572,True,True,True,False,4.209137787976247e-12,929.5692606115929,0.0,0.16773162939297123,0.0,-14.26826837060703,915.4687238703831
2026-08-31T07:00:00Z,2026-08-31T07:15:00Z,2026-08-31,2026-08-31_37,1.0,5,6,94,61.41308253416153,61.08695652173917,0.000999511939268461,0.06920000000000001,0.02197714285714286,True,True,True,False,44.525,929.5692606115929,5.2230716567777264,0.16773162939297123,12.060176631675036,-1.6195520962378562,989.9256884332008
2026-08-31T07:15:00Z,2026-08-31T07:30:00Z,2026-08-31,2026-08-31_38,0.17789909279760585,5,6,94,61.08695652173917,61.08695652173897,0.00030250527342278,0.0074285714285714285,0.06099428571428571,True,True,True,False,6.172653772344929,929.5692606115929,5.2230716567777264,0.16773162939297123,1.1509849818521658,-4.873882349872857,937.4098203020878
2026-08-31T07:30:00Z,2026-08-31T07:45:00Z,2026-08-31,2026-08-31_39,0.0,5,6,94,61.08695652173897,61.19919285465822,0.0006159428847481021,0.050371428571428574,0.1815085714285714,True,True,True,False,0.0,929.5692606115929,5.2230716567777264,0.16773162939297123,8.57961913455478,-9.311737654039252,934.2279453782791
2026-08-31T07:45:00Z,2026-08-31T08:00:00Z,2026-08-31,2026-08-31_40,0.0,5,6,94,61.19919285465822,62.01337708322965,0.002261622857142857,0.0,0.8849828571428571,True,True,True,False,0.0,929.5692606115929,5.2230716567777264,0.16773162939297123,0.0,-23.004774597378887,911.9552893003847
2026-08-31T08:00:00Z,2026-08-31T08:15:00Z,2026-08-31,2026-08-31_41,-3.8952405849858085,6,0,94,62.01337708322965,62.88965515527951,0.0024765931351897097,0.020057142857142857,0.0,True,True,True,False,-110.60535641067203,929.5692606115929,6.161570059333637,0.0,3.395910314924692,0.0,828.5213845751791
2026-08-31T08:15:00Z,2026-08-31T08:30:00Z,2026-08-31,2026-08-31_42,-6.0,6,0,94,62.88965515527951,64.26965515527951,0.003833333333333334,0.0,0.0,True,True,True,False,-146.325,929.5692606115929,6.161570059333637,0.0,0.0,0.0,789.4058306709265
2026-08-31T08:30:00Z,2026-08-31T08:45:00Z,2026-08-31,2026-08-31_43,-6.0,6,0,94,64.26965515527951,65.64965515527952,0.0038333333333333336,0.0,0.0,True,True,True,False,-120.255,929.5692606115929,6.161570059333637,0.0,0.0,0.0,815.4758306709265
2026-08-31T08:45:00Z,2026-08-31T09:00:00Z,2026-08-31,2026-08-31_44,-6.0,6,0,94,65.64965515527952,67.02965515527953,0.0038333333333333336,0.0,0.0,True,True,True,False,-136.695,929.5692606115929,6.161570059333637,0.0,0.0,0.0,799.0358306709265
2026-08-31T09:00:00Z,2026-08-31T09:15:00Z,2026-08-31,2026-08-31_45,-6.0,6,0,94,67.02965515527953,68.40965515527952,0.0038333333333333336,0.0,0.0,True,True,True,False,-139.155,929.5692606115929,6.25741670470105,0.0,0.0,0.0,796.6716773162939
2026-08-31T09:15:00Z,2026-08-31T09:30:00Z,2026-08-31,2026-08-31_46,-6.0,6,0,94,68.40965515527952,69.78719481242237,0.003826499047619047,0.002674285714285714,0.0,True,True,True,False,-124.28999999999999,929.5692606115929,6.25741670470105,0.0,0.4339748712264458,0.0,811.9706521875204
2026-08-31T09:30:00Z,2026-08-31T09:45:00Z,2026-08-31,2026-08-31_47,-6.0,6,0,94,69.78719481242237,71.16536532670808,0.0038282514285714287,0.0019885714285714285,0.0,True,True,True,False,-130.10999999999999,929.5692606115929,6.25741670470105,0.0,0.3210946860533351,0.0,806.0377720023473
2026-08-31T09:45:00Z,2026-08-31T10:00:00Z,2026-08-31,2026-08-31_48,-6.0,6,0,94,71.16536532670808,72.48931366956522,0.0036776342857142855,0.06092571428571429,0.0,True,True,True,False,-113.77499999999999,929.5692606115929,6.25741670470105,0.0,10.35353634348308,0.0,832.405213659777
2026-08-31T10:00:00Z,2026-08-31T10:15:00Z,2026-08-31,2026-08-31_49,-32.0,32,0,68,72.48931366956522,79.47937904099379,0.019416848253968253,0.4021028571428571,0.0,True,True,True,False,-714.64,672.4543587403012,33.409402099497946,0.0,67.78817646215035,0.0,59.01193730194955
2026-08-31T10:15:00Z,2026-08-31T10:30:00Z,2026-08-31,2026-08-31_50,-32.0,32,0,68,79.47937904099379,86.36177812670807,0.019117775238095238,0.5191314285714286,0.0,True,True,True,False,-656.64,672.4543587403012,33.409402099497946,0.0,87.56433378105235,0.0,136.78809462085155
2026-08-31T10:30:00Z,2026-08-31T10:45:00Z,2026-08-31,2026-08-31_51,-32.0,32,0,68,86.36177812670807,93.71656304099379,0.020429958095238097,0.005668571428571428,0.0,True,True,True,False,-643.92,672.4543587403012,33.409402099497946,0.0,0.91911513333768,0.0,62.86287597313691
2026-08-31T10:45:00Z,2026-08-31T11:00:00Z,2026-08-31,2026-08-31_52,-32.0,32,0,68,93.71656304099379,101.07656304099379,0.020444444444444446,0.0,0.0,True,True,True,False,-644.08,672.4543587403012,33.409402099497946,0.0,0.0,0.0,61.78376083979915
2026-08-31T11:00:00Z,2026-08-31T11:15:00Z,2026-08-31,2026-08-31_53,-6.0,6,0,94,101.07656304099379,102.45656304099379,0.0038333333333333327,0.0,0.0,True,True,True,False,-142.74,929.5692606115929,6.264262893655864,0.0,0.0,0.0,793.0935235052488
2026-08-31T11:15:00Z,2026-08-31T11:30:00Z,2026-08-31,2026-08-31_54,-6.0,6,0,94,102.45656304099379,103.83656304099378,0.003833333333333333,0.0,0.0,True,True,True,False,-126.85499999999999,929.5692606115929,6.264262893655864,0.0,0.0,0.0,808.9785235052487
2026-08-31T11:30:00Z,2026-08-31T11:45:00Z,2026-08-31,2026-08-31_55,-6.0,6,0,94,103.83656304099378,105.21656304099378,0.0038333333333333336,0.0,0.0,True,True,True,False,-113.28,929.5692606115929,6.264262893655864,0.0,0.0,0.0,822.5535235052488
2026-08-31T11:45:00Z,2026-08-31T12:00:00Z,2026-08-31,2026-08-31_56,-6.0,6,0,94,105.21656304099378,106.59656304099377,0.0038333333333333336,0.0,0.0,True,True,True,False,-126.73499999999999,929.5692606115929,6.264262893655864,0.0,0.0,0.0,809.0985235052487
2026-08-31T12:00:00Z,2026-08-31T12:15:00Z,2026-08-31,2026-08-31_57,0.0,100,100,0,106.59656304099377,124.23900875527949,0.04900679365079364,0.0,19.176571428571425,True,True,True,False,0.0,0.0,103.40597900502054,10.583067092651758,0.0,1769.1174861446173,1883.1065322422896
2026-08-31T12:15:00Z,2026-08-31T12:30:00Z,2026-08-31,2026-08-31_58,0.0,100,100,0,124.23900875527949,134.9262544695652,0.029686793650793655,0.0,11.61657142857143,True,True,True,False,0.0,0.0,103.40597900502054,10.583067092651758,0.0,-84.50865727760754,29.48038882006476
2026-08-31T12:30:00Z,2026-08-31T12:45:00Z,2026-08-31,2026-08-31_59,0.0,100,100,0,134.9262544695652,137.54415061863352,0.007848193236714976,0.09542857142857143,2.958285714285714,True,True,True,False,0.0,0.0,103.40597900502054,10.583067092651758,16.256321749146945,-124.78650431418573,5.45886353263351
2026-08-31T12:45:00Z,2026-08-31T13:00:00Z,2026-08-31,2026-08-31_60,0.0,100,100,0,137.54415061863352,143.76124776149067,0.017269714285714288,0.0,6.757714285714286,True,True,True,False,0.0,0.0,103.40597900502054,10.583067092651758,0.0,-94.97991588967855,19.00913020799375
2026-08-31T13:00:00Z,2026-08-31T13:15:00Z,2026-08-31,2026-08-31_61,-6.0,6,0,94,143.76124776149067,145.1241199900621,0.0037857561904761907,0.018617142857142856,0.0,True,True,True,False,-138.105,929.5692606115929,6.195801004107714,0.0,3.182871487253048,0.0,800.8429331029537
2026-08-31T13:15:00Z,2026-08-31T13:30:00Z,2026-08-31,2026-08-31_62,-6.0,6,0,94,145.1241199900621,146.4587929043478,0.0037074247619047623,0.049268571428571425,0.0,True,True,True,False,-97.89000000000001,929.5692606115929,6.195801004107714,0.0,8.518663799960878,0.0,846.3937254156615
2026-08-31T13:30:00Z,2026-08-31T13:45:00Z,2026-08-31,2026-08-31_63,0.0,6,0,94,146.4587929043478,146.45786122732918,2.587991718426501e-06,0.0008571428571428572,0.0,True,True,True,False,0.0,929.5692606115929,6.195801004107714,0.0,0.14270717871813263,0.0,935.9077687944188
2026-08-31T13:45:00Z,2026-08-31T14:00:00Z,2026-08-31,2026-08-31_64,0.0,6,0,94,146.45786122732918,146.41105377391304,0.0001300207039337474,0.04306285714285714,0.0,True,True,True,False,0.0,929.5692606115929,6.195801004107714,0.0,8.318795018582513,0.0,944.083856634283
2026-08-31T14:00:00Z,2026-08-31T14:15:00Z,2026-08-31,2026-08-31_65,0.0,6,6,94,146.41105377391304,146.6343354037267,0.0006434151552795032,0.0038400000000000005,0.24723428571428574,True,True,True,False,0.0,929.5692606115929,6.183820173436787,0.1728662711090826,0.7253703331811959,-8.473218856360436,928.1780985329596
2026-08-31T14:15:00Z,2026-08-31T14:30:00Z,2026-08-31,2026-08-31_66,0.0,6,6,94,146.6343354037267,146.07178881987576,0.0015626293995859215,0.5175428571428572,0.0,True,True,True,False,0.0,929.5692606115929,6.183820173436787,0.1728662711090826,161.38550016300454,0.0,1097.3114472191432
2026-08-31T14:30:00Z,2026-08-31T14:45:00Z,2026-08-31,2026-08-31_67,9.769962616701378e-14,6,6,94,146.07178881987576,145.76713043478256,0.0008462732919255395,0.2802857142857143,0.0,True,True,True,False,4.566480527046224e-12,929.5692606115929,6.183820173436787,0.1728662711090826,74.89722109930234,0.0,1010.8231681554456
2026-08-31T14:45:00Z,2026-08-31T15:00:00Z,2026-08-31,2026-08-31_68,9.769962616701378e-14,6,6,94,145.76713043478256,145.3799999999999,0.0010753623188406532,0.35616,0.0,True,True,True,False,5.142175574235352e-12,929.5692606115929,6.183820173436787,0.1728662711090826,102.07766134185302,0.0,1038.003608397997
2026-08-31T15:00:00Z,2026-08-31T15:15:00Z,2026-08-31,2026-08-31_69,2.4714529939481744e-13,0,0,97,145.3799999999999,145.37999999999985,1.8655291319053249e-16,0.0,0.0,True,False,True,False,1.1785741464890357e-11,959.236364673665,0.0,0.0,0.0,0.0,959.2363646736768
2026-08-31T15:15:00Z,2026-08-31T15:30:00Z,2026-08-31,2026-08-31_70,0.0,0,0,97,145.37999999999985,145.37999999999985,0.0,0.0,0.0,True,False,True,False,0.0,959.236364673665,0.0,0.0,0.0,0.0,959.236364673665
2026-08-31T15:30:00Z,2026-08-31T15:45:00Z,2026-08-31,2026-08-31_71,0.0,0,0,97,145.37999999999985,145.37999999999985,0.0,0.0,0.0,True,False,True,False,0.0,959.236364673665,0.0,0.0,0.0,0.0,959.236364673665
2026-08-31T15:45:00Z,2026-08-31T16:00:00Z,2026-08-31,2026-08-31_72,0.0,0,0,97,145.37999999999985,145.37999999999985,0.0,0.0,0.0,True,False,True,False,0.0,959.236364673665,0.0,0.0,0.0,0.0,959.236364673665
2026-08-31T16:00:00Z,2026-08-31T16:15:00Z,2026-08-31,2026-08-31_73,-0.3418828034841226,100,99,0,145.37999999999985,130.65274757763953,0.04110773896262588,13.628571428571428,0.0,True,True,True,False,-20.852286891505347,0.0,104.77521679598355,2.908774532177088,6041.48164569342,0.0,6128.313350130075
2026-08-31T16:15:00Z,2026-08-31T16:30:00Z,2026-08-31,2026-08-31_74,0.0,100,99,0,130.65274757763953,114.22603950310537,0.04562974465148378,15.112571428571428,0.0,True,True,True,False,0.0,0.0,104.77521679598355,2.908774532177088,6254.392751298603,0.0,6362.076742626764
2026-08-31T16:30:00Z,2026-08-31T16:45:00Z,2026-08-31,2026-08-31_75,0.0,100,99,0,114.22603950310537,99.12914509316748,0.041935817805383024,13.889142857142858,0.0,True,True,True,False,0.0,0.0,104.77521679598355,2.908774532177088,7178.74337028102,0.0,7286.427361609181
2026-08-31T16:45:00Z,2026-08-31T17:00:00Z,2026-08-31,2026-08-31_76,0.0,100,99,0,99.12914509316748,86.36330658385072,0.03546066252587992,11.74457142857143,0.0,True,True,True,False,0.0,0.0,104.77521679598355,2.908774532177088,4874.3612013431575,0.0,4982.045192671319
2026-08-31T17:00:00Z,2026-08-31T17:15:00Z,2026-08-31,2026-08-31_77,0.0,100,25,0,86.36330658385072,84.66667900621096,0.004790251207729469,1.5737142857142856,0.015142857142857142,True,True,True,False,0.0,0.0,79.52989502510269,0.7345390232770425,481.6375555845341,-1.2166668296711656,560.6853228032427
2026-08-31T17:15:00Z,2026-08-31T17:30:00Z,2026-08-31,2026-08-31_78,-3.8077954337720893e-13,100,25,0,84.66667900621096,84.35063999999986,0.0009268067632852611,0.2988571428571429,0.009571428571428573,True,True,True,False,-2.3317987287561832e-11,0.0,79.52989502510269,0.7345390232770425,69.58857653604574,-0.9101084523266176,148.94290213207555
2026-08-31T17:30:00Z,2026-08-31T17:45:00Z,2026-08-31,2026-08-31_79,0.0,100,25,0,84.35063999999986,68.94194434782594,0.042801932367149756,14.176,0.0,True,True,True,False,0.0,0.0,79.52989502510269,0.7345390232770425,5949.132122318576,0.0,6029.396556366955
2026-08-31T17:45:00Z,2026-08-31T18:00:00Z,2026-08-31,2026-08-31_80,-75.0,100,25,0,68.94194434782594,64.34782608695637,0.021527725327812282,22.713142857142856,0.0,True,True,True,False,-4656.0,0.0,79.52989502510269,0.7345390232770425,10636.682633283344,0.0,6060.947067331724
2026-08-31T18:00:00Z,2026-08-31T18:15:00Z,2026-08-31,2026-08-31_81,0.0,0,0,100,64.34782608695637,64.34782608695637,0.0,0.0,0.0,True,True,True,False,0.0,988.9034687357372,0.0,0.0,0.0,0.0,988.9034687357372
2026-08-31T18:15:00Z,2026-08-31T18:30:00Z,2026-08-31,2026-08-31_82,0.0,0,0,100,64.34782608695637,64.34782608695637,0.0,0.0,0.0,True,True,True,False,0.0,988.9034687357372,0.0,0.0,0.0,0.0,988.9034687357372
2026-08-31T18:30:00Z,2026-08-31T18:45:00Z,2026-08-31,2026-08-31_83,0.0,0,0,100,64.34782608695637,64.34782608695637,0.0,0.0,0.0,True,True,True,False,0.0,988.9034687357372,0.0,0.0,0.0,0.0,988.9034687357372
2026-08-31T18:45:00Z,2026-08-31T19:00:00Z,2026-08-31,2026-08-31_84,0.0,0,0,100,64.34782608695637,64.34782608695637,0.0,0.0,0.0,True,True,True,False,0.0,988.9034687357372,0.0,0.0,0.0,0.0,988.9034687357372
2026-08-31T19:00:00Z,2026-08-31T19:15:00Z,2026-08-31,2026-08-31_85,0.0,100,100,0,64.34782608695637,52.44720496894395,0.03305728088336784,10.948571428571428,0.0,True,True,True,False,0.0,0.0,102.57873117298037,2.93815609310817,4181.97992219252,0.0,4287.496809458608
2026-08-31T19:15:00Z,2026-08-31T19:30:00Z,2026-08-31,2026-08-31_86,0.0,100,100,0,52.44720496894395,40.68447204968929,0.03267425810904071,10.821714285714284,0.0,True,True,True,False,0.0,0.0,102.57873117298037,2.93815609310817,3862.1299678337787,0.0,3967.646855099867
2026-08-31T19:30:00Z,2026-08-31T19:45:00Z,2026-08-31,2026-08-31_87,0.0,100,100,0,40.68447204968929,20.2347826086955,0.05680469289164942,18.813714285714287,0.0,True,True,True,False,0.0,0.0,102.57873117298037,2.93815609310817,9879.479084132056,0.0,9984.995971398144
2026-08-31T19:45:00Z,2026-08-31T20:00:00Z,2026-08-31,2026-08-31_88,0.0,100,100,0,20.2347826086955,16.087557763975003,0.012965783298826776,4.054857142857142,0.28285714285714286,True,True,True,False,0.0,0.0,102.57873117298037,2.93815609310817,1333.6781708721826,-23.681270783073614,1415.5137873551976
2026-08-31T20:00:00Z,2026-08-31T20:15:00Z,2026-08-31,2026-08-31_89,22.402212571428574,0,0,0,16.087557763975003,9.999999999999847,0.016909882677708765,0.0,0.0,True,False,True,False,1414.4196962285716,0.0,0.0,0.0,0.0,0.0,1414.4196962285716
2026-08-31T20:15:00Z,2026-08-31T20:30:00Z,2026-08-31,2026-08-31_90,0.0,0,0,0,9.999999999999847,9.999999999999847,0.0,0.0,0.0,True,False,True,False,0.0,0.0,0.0,0.0,0.0,0.0,0.0
2026-08-31T20:30:00Z,2026-08-31T20:45:00Z,2026-08-31,2026-08-31_91,0.0,0,0,0,9.999999999999847,9.999999999999847,0.0,0.0,0.0,True,False,True,False,0.0,0.0,0.0,0.0,0.0,0.0,0.0
2026-08-31T20:45:00Z,2026-08-31T21:00:00Z,2026-08-31,2026-08-31_92,0.0,0,0,0,9.999999999999847,9.999999999999847,0.0,0.0,0.0,True,False,True,False,0.0,0.0,0.0,0.0,0.0,0.0,0.0
